评论id,老师id,老师姓名,发表时间,点赞减去点踩数量,点赞量,点踩量,内容
2727,30,王庆文,2015-05-06 07:36:12,3,9,6,很有趣
5273,30,王庆文,2015-07-06 08:38:41,-5,6,11,挺有趣，给分也不错
5298,30,王庆文,2015-07-06 10:24:49,-1,2,3,不错
5790,30,王庆文,2015-07-09 11:22:02,18,21,3,还行，上课挺好玩的
8178,30,王庆文,2016-09-12 11:41:19,0,3,3,每堂课点名
9227,30,王庆文,2015-10-18 08:50:15,0,2,2,点名！！
9380,30,王庆文,2015-10-25 12:42:15,9,24,15,王老师你说你坚决不用日本货，可是真巧，你的u盘是日本东芝的，这不是搬起石头砸自己脚吗
9387,30,王庆文,2015-10-25 14:17:14,0,2,2,讲课有趣
10228,30,王庆文,2015-11-17 14:29:55,7,15,8,成绩和旷课次数正相关
20340,30,王庆文,2016-01-27 05:14:28,5,5,0,讲课很生动、幽默，能学到很多东西
20670,30,王庆文,2016-01-29 14:47:03,0,0,0,讲的挺有趣的
22489,30,王庆文,2016-03-07 02:18:46,-5,0,5,就知道拖堂，不下课，
22852,30,王庆文,2016-03-13 12:13:12,-3,2,5,拖堂严重
27215,30,王庆文,2016-06-23 14:38:33,-2,1,3,还挺好，就是每次签到不太爽
27219,30,王庆文,2016-06-23 15:04:48,9,13,4,每节课都要写随堂测试作为点名，不过随堂测试很简单，而且上课很有趣，最后给分也不错。
27233,30,王庆文,2016-06-24 00:40:18,1,1,0,还行吧，挺有趣的
27253,30,王庆文,2016-06-27 10:51:15,2,5,3,给分哭了
27264,30,王庆文,2017-10-15 11:16:22,8,10,2,讲课有趣，人和给分都还行，每节课要写题目点名……
27426,30,王庆文,2016-06-26 06:56:02,0,0,0,蛮好玩的
27632,30,王庆文,2016-06-27 05:54:36,0,0,0,给分不错  人还是可以的
27752,30,王庆文,2016-06-27 10:57:20,-4,3,7,满绩了?
27884,30,王庆文,2016-06-28 03:06:58,0,0,0,好老师！
28482,30,王庆文,2016-06-28 09:19:14,0,0,0,讲得挺好，但是拖堂，每次都有小测验\n\n给分不错
28487,30,王庆文,2016-06-28 09:21:06,0,3,3,课讲得挺好 给分不好
30894,30,王庆文,2016-07-02 23:58:17,-2,3,5,老师上课很有趣的。给分也不错，作为一个学生手册挂了的人绩点还有3.6……你们自己感受一下。每次都点名（写个小练习）很简单的。考试好好考。老师很和善。结果比其他班的同学还高出许多
32533,30,王庆文,2016-07-07 12:13:28,0,1,1,挺喜欢自己幽默自己嗨的
38595,30,王庆文,2017-06-21 04:19:34,0,5,5,给分呵呵......很认真地都写出来了，结果还是很让人心寒
42343,30,王庆文,2017-01-14 04:59:22,23,31,8,助教姐姐真心国际范漂亮
52470,30,王庆文,2017-06-20 09:17:13,9,10,1,老师人好，幽默，助教姐姐特别特别漂亮，好像在多上几次助教姐姐的课。。。。
52480,30,王庆文,2017-06-20 11:20:06,5,5,0,老师给分很好的，讲课也蛮有意思的，就是好喜欢拖堂，而且每堂课都有小作业要交。
52487,30,王庆文,2017-06-20 12:31:47,6,6,0,助教姐姐好看！
52494,30,王庆文,2017-06-24 16:34:28,11,15,4,行策真的是要看老师的  相信我  选王老师没错
52495,30,王庆文,2017-06-20 13:14:13,7,7,0,给分很棒啊\n\n重点是助教姐姐漂亮又善良啊\n\n老师也很有意思的
52505,30,王庆文,2017-06-20 14:39:55,3,4,1,绩点给得很好，只要每节课都去，期末认真背，绩点会很好！好老师！
52556,30,王庆文,2017-06-21 04:19:08,0,2,2,给分好，像我这种党性不咋地的人也有不错的分数
52557,30,王庆文,2017-06-21 05:18:31,2,3,1,我没上过别的老师的形策，但王老师上课真的挺有意思的，有时在下面写大物会被吸引过去…助教姐姐好看又温柔！给我的分很好。每次上课最后有简答题作为点名，但是很简单的（可以上网查）
52580,30,王庆文,2017-06-21 07:38:13,5,5,0,很不错 给分超好
52599,30,王庆文,2017-06-21 10:17:56,9,9,0,亦可赛艇，考前看看课件就成，形策你的真实成绩跟老师关系不大，但你需要一个善良的助教，王老师助教人美心更美666
52627,30,王庆文,2017-06-21 15:57:42,9,9,0,助教小姐姐贼漂亮\n\n
52635,30,王庆文,2017-06-21 18:10:24,7,7,0,给分挺好的 助教姐姐很美
52636,30,王庆文,2017-06-21 23:55:28,8,8,0,感觉是少见的能把形策这种课讲得这么有趣的老师，本来感觉自己要挂，结果竟然没有，真是谢谢老师了。
52714,30,王庆文,2017-06-22 09:24:10,10,15,5,王老师真的挺好，认真负责不失幽默，不像一些老师比较水，对大家上课有一定的要求，是真正以浙大学生标准要求学生的老师，每节课后课堂作业的模式也挺合理。给分对于我个人而言也挺公道。另外助教小姐姐也很棒。总之，要给王老师点赞!
52758,30,王庆文,2017-06-22 13:19:07,7,7,0,蛮好的助教小姐姐全程吸引目光，最后的小问题也很简单，啥事都没有，真的不错，老师很和蔼，干货很多
52998,30,王庆文,2017-06-24 14:35:01,3,4,1,每节课都有小测作为点名，但给分非常好，个人觉得还是不错的～
53007,30,王庆文,2017-06-24 15:18:36,-2,1,3,给分不错
53065,30,王庆文,2017-06-25 09:09:58,0,1,1,给分好  讲课有意思  助教好好看
53066,30,王庆文,2017-06-25 09:10:12,1,3,2,李海宾每次都坐第二排
53128,30,王庆文,2017-06-26 03:29:12,1,3,2,李海宾这个名字好耳熟\n\n看起来很认真，每次坐第二排
53237,30,王庆文,2017-06-26 08:41:24,1,2,1,给分感人
53433,30,王庆文,2017-06-26 15:01:34,4,6,2,给分在一片惨叫声中简直不要太好！！！
53458,30,王庆文,2017-06-26 15:49:34,3,4,1,王老师讲课是真的有趣！然后每节课认真做课后题，百度都有，行策考试花一个下午背一下思考题，看看时事，绩点绝对物超所值！！真的！和旁友们均绩3.3的2.4的比一下，一下子就觉得自己很幸福了，助教姐姐也很漂亮！
53516,30,王庆文,2017-06-27 01:42:19,-1,2,3,老师人老好咯
53535,30,王庆文,2017-06-27 02:01:28,-3,1,4,别的不说，给分好的爆炸
53565,30,王庆文,2017-06-27 04:47:29,-2,1,3,给分超赞
53703,30,王庆文,2017-06-27 10:31:54,0,2,2,虽然老师变相点名，但是给分超级好！主要助教太漂亮啦！助教姐姐人美心也美！
53820,30,王庆文,2017-06-27 16:56:21,-7,3,10,助教小姐姐9分，老师负3分
67159,30,王庆文,2018-07-09 14:29:39,17,31,14,我想知道周徐阳助教军训时候为什么给这么低的分？谁跟你都无冤无仇的，你至于给到2.7这么低吗。你知不知道军训拉低了多少绩点，得多少课才能补回来！做人要厚道，希望你能秉承一颗善心
74994,30,王庆文,2018-03-07 02:24:05,-2,0,2,老师比较理解学生 挺好的
79397,30,王庆文,2018-06-03 10:38:58,22,31,9,周徐阳  我不想再看见你
81822,30,王庆文,2018-07-06 09:04:45,2,4,2,上课中规中矩，做思考题点名，偶尔拖堂。老师很和蔼，笑眯眯的，为大家着想。给分确实是不错的。
81839,30,王庆文,2018-07-06 09:43:04,0,0,0,哦哦哦
81880,30,王庆文,2018-07-06 11:10:02,-1,0,1,老师人超好 还很和善 给分真是很好了
81909,30,王庆文,2018-07-06 13:03:35,9,10,1,真的是乱给分，平时课堂每次都来，思考题每次都认真写，最后考试花了一天背，学生手册考试满分，最后总评79。真的不知道怎么给分的。
82283,30,王庆文,2018-07-07 16:16:37,-7,0,7,给分非常好（虽然只有一学分）
82964,30,王庆文,2018-07-09 11:17:01,5,7,2,微积分考的都比这高 每次上课都去 思考题认真写 考试前也认真背了 被正太我真的呵呵了 就因为不是传媒的 ……
83018,30,王庆文,2018-07-09 13:22:44,10,12,2,考勤和学生手册都满分，考试也有认真背，最后绩点是大学以来最低，原因何在？？？
83052,30,王庆文,2018-07-09 14:29:13,-9,2,11,行策事情少 最后考试就认真背了思考题 给了4.5 真的很好
83119,30,王庆文,2018-07-09 17:43:15,7,10,3,课讲的还行，反正课的性质摆在那。给发很迷，明明很认真绩点还刷新低。
112153,30,王庆文,2019-07-03 17:45:19,1,5,4,表白王庆文老师！喜欢老师上课！（但无奈自己有些害羞没有举手发言过）。最后考试前认认真真的背了每一道题！试卷上基本上都能够选到一样的题！有付出真的就有收获❤️谢谢王老师！
112232,30,王庆文,2019-07-03 23:44:28,1,1,0,助教小姐姐真心好~人温柔，给分也好
112248,30,王庆文,2019-07-04 00:13:04,6,7,1,辣鸡形策课，每次都上课了，也认真复习认真背了，成绩真的有点差，唉?
112307,30,王庆文,2019-07-04 01:09:35,3,4,1,自认为认真复习了 然后绩点新低 看到成绩想喷血
112321,30,王庆文,2019-07-04 01:35:31,1,3,2,老师上课很有趣，让本就无聊的行策课不再那么无聊，每节课会有思考题，相当于变相点名了。 但让我每节课都去的原因其实是助教，助教xjj真的漂亮好吗，爱上了怎么办?(/ε＼*)给你花花
112402,30,王庆文,2019-07-04 04:10:58,0,2,2,老师很可爱！课也讲得很生动！
126557,30,王庆文,2020-09-30 12:25:48,3,4,1,上课提问也回答了，寒假调研认真做了，期末还第一次思政课好好背了两天，结果分数低到吐血
137208,30,王庆文,2021-07-02 09:25:40,0,1,1,分数还不错 老师还算风趣幽默！
138255,30,王庆文,2021-07-08 07:47:33,2,3,1,🥳又被绩杀啦😄😊😍🤓🤤
138258,30,王庆文,2021-07-08 07:53:42,2,2,0,垃圾形策课
151910,30,王庆文,2022-03-20 11:08:17,7,8,1,重男轻女，真的无语
174383,30,王庆文,2023-06-11 11:25:59,1,2,1,无语。。。
174391,30,王庆文,2023-06-11 13:02:27,1,3,2,文科老师还歧视文科 性别歧视 sb
174809,30,王庆文,2023-06-29 21:53:51,-3,11,14,客观说老师人其实还是不错的，比较和善的。但是我还是不得不说很多水课老师的共性在于毫无自知之明。\n\n一个形策还排nm座位表，真的就你最特殊噢，知道不这么做会有很多人翘课。这就算了。节节课叫人回答问题，觉得我们都应该认真听课，也不看看下面有几个人在听。最牛吗的是每节课下课都还要布置个小作业，烦不烦，我们急着走啊\n\n哦对还有寒假作业。总之就是让我感觉分越是少的课事情反而最多（另一个代表是大计基，2学分还要期中考试）。我那些大学分的课都没这么多事。很无语。\n\n\n\n补一下：3.6
176150,30,王庆文,2023-06-28 03:09:42,5,11,6,老师很温和儒雅，算是有变相点名吧。\n\n给了我满绩，很开心(*^▽^*)
191229,30,王庆文,2024-04-13 07:30:52,5,5,0,真的爹味怪重的
195365,30,王庆文,2024-06-28 01:17:13,3,4,1,身为文科生，在下面全是文社科同学的课堂上说：现在文科生越来越没用，虽然我是文科生，但是我生逢其时。。??这是一个学院书记应该说出来的话吗。到处走看谁没听课，问没听课的同学在干什么，然后回讲台上阴阳怪气说我不在意你们写别的课作业。学校找优秀学姐介绍启真问学，然后结束之后他就开始：你们有人头都不抬一下，看你们到时候能做成什么样。你的格局怎么和高中老师一样。。1学分的通识课真把自己当回事了？？
198044,30,王庆文,2024-08-26 13:54:49,1,1,0,评价合唱主观色彩太强\n\n酷爱整活\n\n有失公正
198406,30,王庆文,2024-09-08 15:59:05,1,1,0,特别贱特别热爱白嫖的一款 好像谁都应该无偿给您打工一样 还给人甩脸色 您就是皇帝好吧
220374,30,王庆文,2025-06-17 13:50:57,0,0,0,这人都有8.2？？？？？？？？？？
