评论id,老师id,老师姓名,发表时间,点赞减去点踩数量,点赞量,点踩量,内容
8780,24,何再兴,2015-09-26 13:49:02,45,61,16,迷之困倦。。。。。。。\n\n
9515,24,何再兴,2015-10-29 06:21:07,3,6,3,想睡觉
11773,24,何再兴,2015-12-15 04:12:09,26,32,6,人生导师
13433,24,何再兴,2015-12-28 03:47:24,14,17,3,绝对的人生导师！
14026,24,何再兴,2016-01-04 00:54:28,7,8,1,老师人很可爱，和数学系的王晓光老师有蜜汁CP感。。。讲课一般，水准够但也没什么特别的感觉O.O
15587,24,何再兴,2016-01-15 13:14:21,7,8,1,三观很正
17712,24,何再兴,2016-01-20 16:55:29,17,18,1,上课仔细，回答问题耐心，上课讲的考试考到一模一样的喽～很随和很负责的一个老师～
18914,24,何再兴,2016-01-22 18:48:36,10,12,2,还是蛮好的老师 就是可能我和工图八字不合（？）所以每次上课都困得要命… 期末老师给分很好 可以体会到老师是一个很好的人 偶尔会有非常逗比的一面
20861,24,何再兴,2016-02-02 14:20:33,1,2,1,z z z z
22249,24,何再兴,2016-03-03 05:59:48,4,6,2,又红又专
24202,24,何再兴,2016-04-28 08:13:01,3,3,0,interesting
31208,24,何再兴,2016-07-03 11:17:56,8,8,0,老师很幽默   给分也不错
31244,24,何再兴,2016-07-03 12:39:14,3,4,1,老师可好了！一定要选他啊！！！
31274,24,何再兴,2016-07-03 13:56:28,-9,9,18,绝对的男神！！上课超水，也不布置大作业，最后出分简直感动！！
31336,24,何再兴,2016-07-03 16:19:12,3,3,0,完美！
32078,24,何再兴,2016-07-05 14:31:35,2,2,0,上课超级棒，年轻要活力，关键给分好啊
34831,24,何再兴,2016-11-21 06:46:57,4,4,0,老师真是可爱hhh\n\n
35236,24,何再兴,2017-01-20 10:26:14,3,4,1,好评好评好评！好评返现！给分666！
38258,24,何再兴,2016-11-28 10:24:47,8,8,0,何老师的课讲得很好，知识面广，教的理论让人很好理解，教的方法很独到实用。
41077,24,何再兴,2017-01-09 06:10:27,2,3,1,好，很好
42444,24,何再兴,2017-01-14 08:33:31,3,3,0,好可爱的老师
45981,24,何再兴,2017-01-20 10:41:08,4,7,3,第一个满绩嘻嘻\n\n爱死老师了\n\n上课超级萌的\n\n考试如果考到了教的范围外的内容\n\n还会考场现场教学嘻嘻\n\n还可以偷偷的问他\n\n真的很好哦
46374,24,何再兴,2017-01-21 11:07:56,4,4,0,浓浓的师生情 给分特别好 好老师
52343,24,何再兴,2017-06-18 15:38:16,5,5,0,兴哥大好人！
52360,24,何再兴,2017-06-19 05:02:11,9,9,0,先把成绩给分什么的放到一边吧，老师可爱炸(๑•̀ω•́ )و✧
52371,24,何再兴,2017-06-19 07:32:47,6,6,0,超棒！老师太萌了!上课也很有趣，有自己的一套方法，重点是真的太萌了！！
53081,24,何再兴,2017-06-25 10:56:43,4,4,0,老师，我们不想重考啊……
57592,24,何再兴,2017-07-10 09:27:41,8,9,1,男神！能把工图讲的如此浅显易懂 真的非常棒 上课各种段子 最后期末下来问我是不是没好好复习 考的不是很好 感觉有些对不起老师 关心学生 真正的人生导师
63602,24,何再兴,2017-12-08 13:14:18,-19,3,22,从不点名，也从不管学生掌握情况
73724,24,何再兴,2018-02-03 04:21:35,7,8,1,老师超可爱的莫 虽然考试结束后那个qq群里翻脸不认人比较恐怖 副教授小姐姐超漂亮的 助教小哥哥也超可爱的 耶 总之老师还是很有意思的啦
73734,24,何再兴,2018-02-03 04:52:47,3,3,0,感谢老师不挂之恩，老师最帅！
73736,24,何再兴,2018-02-03 04:54:31,4,4,0,老师给分好，谢谢老师不挂之恩！讲课有趣
73914,24,何再兴,2018-02-03 14:08:14,2,3,1,很喜欢何老师！
82963,24,何再兴,2018-07-09 11:27:36,1,2,1,可爱的老师，讲课浅显易懂!给分也很不错!
82974,24,何再兴,2018-07-09 11:34:15,1,2,1,好老师，浓浓师生情
88343,24,何再兴,2018-10-29 05:59:13,4,4,0,每节课一瓶水溶C。。。老师脾气很好但听他的课真心想睡觉
90067,24,何再兴,2018-11-22 04:31:23,6,7,1,看到老师就想笑，老师也很耿直，很谦虚，喜欢讲笑话和人生道理
98085,24,何再兴,2019-01-23 05:09:26,2,2,0,很平易近人的老师，上课也很有趣。
100498,24,何再兴,2019-01-26 08:09:21,6,6,0,老师每节课一瓶饮料在手\n\n上课时不定时穿插人生感悟\n\n不仅是教工图更是教生活\n\n当然工图也教得很好啦～\n\n超赞超赞超赞！！！
100522,24,何再兴,2019-01-26 08:45:34,11,11,0,每节课一瓶水溶c或水动乐或冰红茶。虽然上课巨困但是超级可爱超级nice，给分也很好。老师说如果你们工图挂了下学期一定要选我的课，如果在我这里都会挂那在其他老师那里哼哼(ノ=Д=)ノ┻━┻工图一定要选他的啊啊啊
100568,24,何再兴,2019-01-26 10:17:19,3,3,0,何老师真的是好老师，很体贴学生，讲的点到为止很适合学生理解，把枯燥的工图插几个段子气氛一下就活跃起来了，还开过王思聪，复旦上交的玩笑，每节课一瓶水溶C100就不说了? 最后给分真心不错。虽然卡绩了，但是很满足
100634,24,何再兴,2019-01-26 12:56:26,13,13,0,首先，我想说一下我的专业和制图关系不大，至于安排制图我想学校有它的道理，所以我就没有认真去学，也没太重视这门课。但真心觉得这门课不难，不知道为什么那么多人吐槽(其实之后我才知道是因为别的老师三四次大作业而何老师没有让我们那么累)。\n\n上课老师讲课风趣，考试老师也会在考场和同学一起做卷子，遇到上课没讲的超纲题还会现场启发(绝不是说答案只是把题的意思梳理了一遍)，最后我考的好到我自己都不相信，总之很推荐这个老师。
103825,24,何再兴,2019-03-06 06:18:39,1,1,0,舒服，放松
108287,24,何再兴,2019-05-20 06:27:00,4,5,1,老师今天没喝水溶c，换雪碧了。。
108832,24,何再兴,2019-06-03 05:18:53,0,1,1,喜欢！非常好
110327,24,何再兴,2019-06-25 15:59:34,5,5,0,可爱，给分也好，人也好
114810,24,何再兴,2019-07-12 00:10:17,4,4,0,老师超和善给分超好！吹爆！
114857,24,何再兴,2019-07-12 04:47:31,2,3,1,wonderful
114923,24,何再兴,2019-07-12 18:35:54,3,3,0,给分太太太太好了
121717,24,何再兴,2020-01-21 05:56:32,1,1,0,给分太太太好了。而且是人生导师！
122970,24,何再兴,2020-04-27 05:39:54,0,1,1,感谢老师不挂之恩，这门课我真的没底，作业都是抄的，课没到过几次，感谢老师不挂之恩！！
125560,24,何再兴,2020-09-11 13:43:28,3,3,0,给分好到不敢想
125570,24,何再兴,2020-09-11 14:36:13,18,21,3,学长推荐的时候说：何老师说，如果你们这学期挂了，请下学期也要选我，不然我怕别的老师捞不动你\n\n笔者推荐说：如果你想满绩但是觉得会差一口气，那就可以像笔者寝室两个人一样拿到95
125577,24,何再兴,2020-09-11 16:31:06,0,0,0,讲课好，给分好，人真的很好，绝对是最好的工图老师
125583,24,何再兴,2020-09-12 00:48:52,1,1,0,爱了爱了，绝对好老师
138841,24,何再兴,2021-07-11 07:10:40,1,1,0,给分我是真爱了
138875,24,何再兴,2021-07-11 12:08:17,0,0,0,讲课好，捞人强！
143822,24,何再兴,2021-12-07 16:47:49,0,0,0,老师真滴太好了
145500,24,何再兴,2021-12-30 04:05:52,7,9,2,老师经典名言：就算这个学期你在我手下挂科了，你下个学期也一定要选我，因为你在我手下都过不了，在其他老师手下就更不可能。😂\n\n有一说一，老师给分确实好，讲得也超好
146980,24,何再兴,2022-01-08 09:28:26,0,0,0,超好的老师
152339,24,何再兴,2022-04-05 10:05:38,7,7,0,助教小哥哥好帅
157676,24,何再兴,2022-06-24 09:50:37,0,0,0,善良平和，很有智慧，期末很能捞的老师，大爱
169528,24,何再兴,2023-02-26 16:08:10,9,9,0,老师很随和，不点名，就讲课让人感觉很困哈哈，助教gg人很好，有问题都会耐心解答，给分很好，也是拿下了大学第一个满绩。
169871,24,何再兴,2023-02-28 07:22:51,6,6,0,老师很好，更好的是助教，sct哥哥超级捞捞。工图很圆满
170045,24,何再兴,2023-03-01 06:10:39,3,4,1,好能讲段子哈哈哈哈哈哈哈哈
178295,24,何再兴,2023-07-09 14:48:45,5,6,1,谁和hzxgg和助教sctgg作对就是和我作对，给分巨捞
188005,24,何再兴,2024-01-18 03:23:33,2,2,0,给分真的炒鸡好，xuanshangjiushi赚到，而且老师上课也很有趣😁
189351,24,何再兴,2024-01-23 10:45:37,3,3,0,虽然期末考试难，最终成绩也不很理想，但是是我自己的问题。何老师每节上课必备水动乐或纯悦苏打水，老师给分非常好，讲课有趣，还记得上课教的字母歌以及“看起来很难，实际做起来也不简单”。强推！！！
191517,24,何再兴,2024-04-24 07:03:49,1,1,0,让我第一次品尝苏打水
194149,24,何再兴,2024-06-22 08:43:47,0,0,0,好，希望捞捞
194945,24,何再兴,2024-06-26 04:03:17,0,0,0,很好的老师
195195,24,何再兴,2024-06-27 08:09:55,1,1,0,神中神！！！！虽然课堂有点让人犯困，但讲得其实很好！另外，有分他是真给啊（哭😭）
196192,24,何再兴,2024-07-02 06:33:51,1,1,0,超级超级捞的好老师，虽然讲课有些困2333，工图其实没有那么可怕，套路还是比较多的，不需要全靠想象，期中考试后的零件也要好好学。
198309,24,何再兴,2024-09-06 14:45:39,0,0,0,超好的何老师，工图的神!
198845,24,何再兴,2024-09-12 06:15:40,1,1,0,神中神
200205,24,何再兴,2024-10-15 01:59:17,1,1,0,下午第一节，每次课至少睡半个小时……所以我能满绩主要是老师的功劳hhh
208352,24,何再兴,2024-12-27 04:22:35,0,0,0,神中神
208396,24,何再兴,2024-12-27 10:44:01,2,2,0,绝对的好老师，虽然我上课经常睡觉，但何老师名言：如果你选我的课挂了，欢迎再选我的课。每节课1-2瓶小甜水的神仙老师
209285,24,何再兴,2025-01-05 10:30:47,4,4,0,何男神，助教哥哥，我一定能得到满意的成绩的，对吧🥹🥹🥹
210557,24,何再兴,2025-01-09 10:43:44,0,0,0,🤓\n\n🎙️芒顿小镇🥤🥤\n\n伟大无须多言
211546,24,何再兴,2025-01-12 01:49:03,3,3,0,工图的神
211580,24,何再兴,2025-01-12 02:59:26,5,5,0,无敌，神中神，选到就是赚到
211635,24,何再兴,2025-01-12 05:45:42,1,1,0,工图的神
211641,24,何再兴,2025-01-12 05:54:10,1,1,0,给分好，上课有意思。就是工图这门课太难了。
211672,24,何再兴,2025-01-12 06:48:10,1,1,0,选到就是赚到。只要期末认真总结几张历年卷分不会低。给分超级好。大爱何老师（从没想到工图也能这么高
211780,24,何再兴,2025-01-12 11:53:12,0,0,0,伟大无需多言
212091,24,何再兴,2025-01-13 07:20:35,1,1,0,特别特别好，最后节课还给我们讲了笑话（不是）
212798,24,何再兴,2025-01-15 02:40:15,0,0,0,给分超级好！！！
215171,24,何再兴,2025-02-23 13:16:27,0,0,0,牢何不语，只是一味的捞人
215591,24,何再兴,2025-03-02 03:12:59,1,1,0,真的太捞了哇哇哇哇哇
216233,24,何再兴,2025-03-12 15:06:42,1,1,0,助教pdgg给分太好啦！！感谢捞！！！！
217853,24,何再兴,2025-04-17 07:35:58,2,2,0,爱你呦宝贝
217854,24,何再兴,2025-04-17 07:36:31,1,1,0,喜欢你
217855,24,何再兴,2025-04-17 07:36:50,1,1,0,讲得细致 理解学生
219524,24,何再兴,2025-05-29 07:51:04,1,1,0,真好老师啊，平时分捞捞，嘻嘻。
219573,24,何再兴,2025-05-30 02:38:48,6,6,0,男神无须多言\n这学期脚受伤了，说因为一直坐着上课给同学们造成了影响，给大家加一点平时分\nhzx哥哥我们喜欢你
221108,24,何再兴,2025-06-21 09:22:32,1,1,0,作为隔壁班老师的学生 听何老师班里的一个同学说他期末只画出来两题 都有90分...这极大地震撼了我的世界观...
221151,24,何再兴,2025-06-21 13:46:47,2,2,0,hzx老师简直是我的男神，爽捞到89不卡绩\n\n在临近期末别的班都只剩一二十个人的情况下，hzx老师的班依旧有八九十号人，可见其教学质量的突出和优秀\n\n就像他说的那样“如果你这们这学期挂了，请下学期也要选我，不然我怕别的老师捞不动你”\n\norz orz orz
221211,24,何再兴,2025-06-22 04:08:11,0,0,0,打的10分。\n\n老师人很好，教的很好，也很负责。\n\n这学期脚受伤了，还担心因此影响我们的学习，还给我们加了平时分。\n\n虽然，被卡绩了(悲)
221538,24,何再兴,2025-06-24 09:59:09,1,1,0,很好的工图老师。\n\n这学期老师脚受伤了，大部分时间坐着讲课，说是很抱歉，要给我们一人加点分（哭死）。\n\n解答问题很有耐心，很尊重同学们的想法。\n\n讲课很细致，会划重点。\n\n最后给分也是真的好。我平时作业都很认真，分数较高，期中属于班级中等稍微偏上一些，期末复习的比较全面感觉应该是考的比较好，最后绩点也在预期内。\n\n省流：选课不亏。
25852,41,洪玉芳,2016-06-12 04:49:04,-1,0,1,上的是机械工程试验1，老师讲的挺清楚的
27945,41,洪玉芳,2016-06-28 06:56:31,1,1,0,傻逼傻逼 给分低 事情多 傻逼
776,104,汪久根,2015-03-17 01:23:06,0,5,5,蛮认真的老师。。。上课什么的也都挺好的，可是机设不给ppt好难过。。
42795,104,汪久根,2017-01-15 06:33:13,1,2,1,汪：我马上就退休了
43080,104,汪久根,2017-01-15 15:59:14,2,2,0,口音很重 给分很迷
75436,104,汪久根,2018-03-12 01:55:23,0,3,3,很棒的老师
77370,104,汪久根,2018-05-05 06:29:49,2,2,0,呵呵。
87655,104,汪久根,2018-10-09 07:43:51,2,2,0,听不清\n\n
87795,104,汪久根,2018-10-14 01:23:34,-2,1,3,老师蛮认真，就是不给ppt有点难受
87859,104,汪久根,2018-10-16 05:25:49,1,1,0,这么重的口音能听懂？我佛了
88703,104,汪久根,2018-11-06 05:54:21,-1,2,3,挺不错的老师，很关心学生
89636,104,汪久根,2018-11-20 05:42:57,0,2,2,上的不好\n\n和代课老师一比就知道差距了\n\n真丶双语教学
96305,104,汪久根,2019-01-20 19:35:15,0,1,1,超级棒的老师，答疑超级认真
97111,104,汪久根,2019-01-21 16:12:37,2,4,2,老师很认真，口音习惯就好，给分也挺好的
130503,104,汪久根,2021-01-23 06:45:37,6,7,1,我任何一门课成绩出来只要不挂都会给老师打10分
135019,104,汪久根,2021-04-27 05:55:42,3,3,0,机设好像不错，但课程设计慎选
144275,104,汪久根,2021-12-21 03:48:49,0,0,0,不到九点娇滴滴就地解决
5235,133,李玉良,2015-07-06 03:21:48,7,10,3,给分超级低
13942,133,李玉良,2016-01-02 16:24:41,14,23,9,人模狗样
18508,133,李玉良,2016-01-22 00:52:57,0,4,4,傻逼大
22823,133,李玉良,2016-07-04 04:45:54,10,13,3,垃圾老师，讲课差，给分低
25351,133,李玉良,2016-07-06 08:27:21,5,10,5,讲课垃圾，给分更垃圾
25650,133,李玉良,2016-05-31 02:25:25,4,7,3,不觉得声音很像太监嘛
31532,133,李玉良,2016-07-04 05:27:16,8,10,2,给分低
32071,133,李玉良,2016-07-05 14:25:23,7,9,2,无语了，最烂的老师
32170,133,李玉良,2016-07-06 00:32:40,-27,4,31,浙大最美老师李玉良，10分一分不少
42532,133,李玉良,2017-01-14 11:36:21,-1,5,6,割你鸡鸡
51877,133,李玉良,2017-06-13 05:43:52,2,3,1,我觉得这老师对自己上的课没有激情，表面上显得对学生很负责的样子，说话一套一套，其实根本不在乎学生。还有一般下课前30分钟就不讲课了和我们一起傻坐在教室，又不给提前下课，很无语……
56109,133,李玉良,2017-07-03 05:40:31,0,1,1,我觉得这个老师蛮好的呀。可能课程就是无聊的那种。不知道为什么给分这么低。
56546,133,李玉良,2017-07-04 03:15:05,4,4,0,平时作业满分也阻止不了你挂科。
56599,133,李玉良,2017-07-04 05:24:05,0,0,0,神仙授课，但是给过了
56660,133,李玉良,2017-07-04 07:46:20,0,0,0,神仙讲课，没有激情。
56711,133,李玉良,2017-07-04 11:04:33,1,1,0,这么说吧，老师讲课的确挺无聊，但机设这种课就决定了不可能有趣，虽然我的分极低，但我还是觉得大部分是因为自己平时没学好然后期末考又不注重技巧 导致接近空了三道大题。\n\n所以5分正好，不多不少。
108696,168,姚斌,2019-06-12 05:27:15,4,4,0,每天日常是鄙视学生 + 慕洋：）
110225,168,姚斌,2019-06-24 18:21:43,1,1,0,ruai～ruai～\n\ngarbage
171963,181,孔晓武,2023-04-14 02:27:42,9,9,0,这老师建议重新学一下怎么上课
172261,181,孔晓武,2023-04-24 02:56:49,2,2,0,上课真的垃圾，ppt里什么都没有写，就放几张表格图片，谁看得懂，作业也不布置，就布置阴间小测
173049,181,孔晓武,2023-05-12 04:01:33,0,0,0,上课比较乏味，不过不点名
190842,181,孔晓武,2024-03-21 07:42:57,7,7,0,别nm问问题了
192254,181,孔晓武,2024-05-13 03:45:29,1,1,0,其实老师讲的还算清楚，但ppt上内容实在太少了，布置的小测ppt上找不到，还是好好看教材吧
193814,181,孔晓武,2024-06-19 10:56:24,2,2,0,谁上谁知道 一坨
194037,181,孔晓武,2024-06-21 13:43:29,2,2,0,真是一场酣畅淋漓的赤矢啊！
194385,181,孔晓武,2024-06-23 13:40:52,2,2,0,液压期末考出的什么题，第一次见到没有人提前交卷的专业课，感觉至少一半人写不完，就是这样出题的？？？？？？？？？？？
489,192,陈芨熙,2015-03-15 03:13:54,19,22,3,老好人！
6211,192,陈芨熙,2015-07-12 05:00:57,8,10,2,……没有老师可以替代的
7630,192,陈芨熙,2015-09-15 06:55:30,13,13,0,超级好老师
22914,192,陈芨熙,2016-03-14 15:25:18,11,14,3,太好了，老师c程讲的很仔细，真心好老师，感觉对编程有了兴趣，每次上课后答疑，机房实验课也是一直在回答问题，特别耐心，百分百好老师！上他的课是你幸运
26348,192,陈芨熙,2016-06-24 07:06:45,4,6,2,超级超级好，比白洪欢好
26717,192,陈芨熙,2016-06-21 03:19:43,7,7,0,工业工程的老师，炒鸡炒鸡厚道
31746,192,陈芨熙,2016-07-04 16:55:11,1,1,0,超级超级好
31754,192,陈芨熙,2016-07-05 01:04:57,3,3,0,负责，对学生很好！
32743,192,陈芨熙,2016-07-12 07:45:20,3,3,0,非常有耐心，讲课很清楚细致易懂，给分也好，超级好老师，如沐春风！
33398,192,陈芨熙,2016-09-19 05:54:05,4,4,0,哈哈哈哈哈哈哈喜欢陈老师啊！
41728,192,陈芨熙,2017-01-12 12:30:11,0,0,0,老师确实很负责~
58209,192,陈芨熙,2017-08-22 09:17:31,2,2,0,负责的老师，害怕的分数\n\n
65526,192,陈芨熙,2018-01-05 06:55:53,0,1,1,讲课比较细致，时长挺常
72194,192,陈芨熙,2018-01-29 14:15:03,0,2,2,给分什么东西
72335,192,陈芨熙,2018-01-30 02:22:19,3,3,0,镇专业之宝
74715,192,陈芨熙,2018-03-05 08:57:06,0,0,0,人好，有耐心，对学生特别厚道
87381,192,陈芨熙,2018-09-28 01:18:36,1,1,0,给分太让人激动了
87731,192,陈芨熙,2018-10-11 02:44:05,0,0,0,认真负责，也不太管学生，作业笔记多给分客观，完全按照态度给的。讲课挺清楚，耐心，给分不错。
133230,192,陈芨熙,2021-02-19 11:39:10,0,2,2,老师非常认真负责，从早到晚讲课，激情依旧，虽然不是很听得懂。每个同学的作业都会认真看，感觉做的敷衍了都对不起他，可是不敷衍真是不会做啊啊啊啊
135676,192,陈芨熙,2021-05-19 03:49:07,1,1,0,2020级  数学得力 95分，再次感谢老师，愧疚的是老师讲的很好 但是自己学的太肤浅。相比于其他数学老师，陈老师应该是 数学知识最优秀的一个，不是之一  是最。
157617,192,陈芨熙,2022-06-24 03:59:07,0,0,0,给分挺好（不过还是被卡住了，三分制……）
162681,192,陈芨熙,2022-12-04 02:29:05,1,1,0,陈老师真的很好～
210660,192,陈芨熙,2025-01-09 14:50:22,4,4,0,人因工程：主要是产品的设计流程要完整，而且千万要自己设计，不要拿市场现成的产品来讲解。讲课方面中规中矩吧，由于这门课没有期末考试因此听得不是很认真（挺对不起老师的，老师是个好人）。最后是给分方面，伟大，无需多言。
215614,192,陈芨熙,2025-03-03 02:12:02,1,1,0,非常好非常好，受益匪浅，真的很喜欢陈老师。
216472,192,陈芨熙,2025-03-17 05:23:58,1,1,0,会有很牛逼的点名方式
217509,192,陈芨熙,2025-04-12 02:22:00,0,0,0,老师人巨好！！！！！巨巨好。
217975,192,陈芨熙,2025-04-18 14:29:00,1,1,0,感觉付出被看见了。。
838,206,周勇光,2015-03-17 16:09:13,160,301,141,很多人说这个老师是奇葩，当然我也这样认为，但是，他的授课方式逼着大家认真学习看书画图真是一剂良药。
1038,206,周勇光,2015-03-21 12:21:22,13,41,28,感觉他并不是很懂教育。。他常常说这么严是为了大家好，将来会觉得他好的，但是并不是这样
1157,206,周勇光,2015-03-21 16:21:31,-2,25,27,能真正学到知识
1787,206,周勇光,2015-03-25 00:20:00,37,148,111,我们系上一届考得不好然后他就威胁我们一定要挂我们科、后来大家扛不住有人退课了又说那么不经吓。最后考试时我们拿到卷子以后他竟然讲了一遍再考、讲了一遍……
2057,206,周勇光,2015-03-31 02:45:03,1,16,15,良心
2324,206,周勇光,2015-04-22 02:45:13,32,69,37,不建议选…就说这么多
2437,206,周勇光,2015-05-01 08:12:43,6,17,11,半个班挂科。就酱，一堆57分
2584,206,周勇光,2015-05-04 15:25:57,5,34,29,上课整天把老子怎么样  你去死 放他妈的屁 这样的字眼挂在嘴边。你懂吗？我真的不懂！而且 我真的不知道他在教什么…乱七八糟的上课
2940,206,周勇光,2015-05-11 10:22:52,15,33,18,感觉上课内容好乱
3208,206,周勇光,2015-05-21 01:16:40,21,45,24,有自己的一套。非同一般\n\n
3718,206,周勇光,2015-06-17 02:39:34,20,84,64,我只能说，他很有个性。人其实挺好的，虽然说话难听，但是真的是个好老师。
3915,206,周勇光,2015-06-17 08:22:32,-13,12,25,好老师，讲的特别到位
4041,206,周勇光,2015-06-17 15:13:44,22,43,21,超差的体验
4509,206,周勇光,2015-06-24 04:41:48,4,14,10,真心觉得不怎么样
4663,206,周勇光,2015-06-26 00:52:20,-8,6,14,好
4869,206,周勇光,2015-06-30 05:25:54,2,12,10,呵呵哒
6074,206,周勇光,2015-07-10 16:25:09,0,16,16,没给分，上课不会，就一个傻逼
6401,206,周勇光,2015-07-13 15:38:25,136,214,78,两年前上他的工图 当时真学的我三观毁尽 现在回想他就是用自黑的方式不断逼着同学花功夫。其实分数给的不低当时我们全寝室上90了。有个性，但是会吓坏大一小朋友
6768,206,周勇光,2015-07-22 20:05:04,8,25,17,除了给分好，年轻时候照片帅点就没什么好的了
7105,206,周勇光,2015-09-02 07:08:30,2,9,7,呵呵
7106,206,周勇光,2015-09-02 07:09:15,-2,4,6,一般
7148,206,周勇光,2015-09-08 06:08:52,25,47,22,好多来蹭课的同学。。。期末考试见我题目理解错了，直接和我讲。。。
7687,206,周勇光,2015-09-15 09:04:24,14,34,20,一派胡言，逻辑性极差
8076,206,周勇光,2015-09-17 03:43:13,-8,6,14,挺逗的
8082,206,周勇光,2015-09-17 02:36:54,-1,11,12,还好啦
8083,206,周勇光,2015-09-17 02:38:20,-8,3,11,第一次上，感觉熟悉
8090,206,周勇光,2015-09-17 02:58:49,23,33,10,闲话多。。
8132,206,周勇光,2018-12-25 06:05:56,845,931,86,剧毒术士周勇光
8683,206,周勇光,2015-10-08 02:02:15,3,9,6,呵呵，无法忍受
8688,206,周勇光,2015-09-24 04:35:48,122,168,46,剧毒 完全不知道在说些什么 然后就画图了 画个毛画
8692,206,周勇光,2015-09-24 06:42:59,3,28,25,自恋狂，一门工具罢了，真当是多么高贵的学科？好像我有多愿意学似的。极差的体验。
9212,206,周勇光,2015-12-10 01:33:02,1,13,12,拉垃圾
9333,206,周勇光,2015-10-22 03:37:01,3,8,5,恶心！
9433,206,周勇光,2015-10-27 06:15:01,-7,10,17,好老师 好课 必选\n\n
9728,206,周勇光,2015-11-06 04:08:35,3,8,5,剧毒术士
9813,206,周勇光,2015-11-10 04:03:04,-5,7,12,良师，但非益友
10475,206,周勇光,2015-11-19 04:04:17,10,20,10,听得懂他讲课你就知道他真的是一个好老师。
11489,206,周勇光,2015-12-02 13:50:04,-3,3,6,呵呵哒
12070,206,周勇光,2015-12-21 15:38:16,5,11,6,好時恩深愛重，惡時恨之入骨
12664,206,周勇光,2015-12-24 00:37:44,101,155,54,第一节课推销自己的书 全班都买 一次都没翻过 第一版印了几千册上了十年的课终于卖完了 勘误还说让同学去勘 勘出来加分 上课一半时间在骂人 一半时间在装逼
13555,206,周勇光,2015-12-29 07:29:05,2,7,5,像高中老师，逼着学生学习，挺好的吧，至少对于我这种不自觉的人来说，这样比较有利于学到真知识
14893,206,周勇光,2016-01-11 01:05:19,5,9,4,吓坏大一小朋友
15155,206,周勇光,2016-01-20 10:24:26,-7,6,13,我只能说4.5的绩点我好感动，上课好好听，平时作业认真做就好！
15360,206,周勇光,2016-01-14 03:59:43,-9,5,14,还好啦
15380,206,周勇光,2016-01-14 06:48:58,6,13,7,讲课低 不照本宣科 但是没有覆盖应该学的东西 素质差 喜欢骂人 比较自恋 疯狂推销自己卖的书 作业量大 期末考前夕布置两张大图 不知给分如何 待更\n\n
15390,206,周勇光,2016-01-14 07:57:04,1,12,11,挺好的，等你考试周复习的时候就知道别人看不懂的我都会，而且老师平时很有趣，你只要好好听能学到很多。因为他我都想转专业了。
16047,206,周勇光,2016-01-17 05:12:09,-1,8,9,认真做做作业的话会发现真的是好老师。
17513,206,周勇光,2016-01-20 10:18:13,-7,5,12,挺好的，学到了不少东西，老师特吓人٩(๑❛ᴗ❛๑)۶
17535,206,周勇光,2016-01-20 10:56:13,22,65,43,有个性，课上压根不会想睡，只要你认真完成作业，肯定没问题。如果你预置了这位老师并查了学习帝，请不要因为他现在的评分低而退课！
17538,206,周勇光,2016-01-20 11:09:00,8,16,8,三节课一节吹牛逼一节强推自己的书一节讲点不知道是什么的东西就让你开始画图上课还不停说脏话蜜汁周勇光你值得拥有因为你会了解浙大这林子里面会出现哪些奇怪的鸟
17648,206,周勇光,2016-01-20 14:33:16,-1,5,6,剧毒术士
17791,206,周勇光,2016-01-21 01:39:49,1,8,7,对自己的专业认真，努力把自己的认识和见解分享给学生。比较有个性，习惯了觉得还挺可爱。
17849,206,周勇光,2016-01-21 02:39:46,6,14,8,承压能力小的果断退，否则前一个短学期会想死。。。但这样逼一下对不太怕压力的人是很好的。。。然后考试会有buff
17916,206,周勇光,2016-01-21 03:57:52,4,9,5,刚开学几周快被他吓坏了。但是个好老师，给分也不差的。
18832,206,周勇光,2016-01-22 15:21:21,1,5,4,诶，就这样吧。老师讲课真的听不懂。
19146,206,周勇光,2016-01-23 10:54:32,-4,9,13,感觉光哥还是很有亲和力的啊，人家开的玩笑也很对我胃口，上课累是累了点，但是期末轻松啊，而且给分这么有人性。
19958,206,周勇光,2016-01-25 16:15:58,-1,8,9,真心好，期末不担心工图了...
21207,206,周勇光,2016-02-26 08:42:34,2,6,4,上他的课得配合他的胃口。反正我跟他是完全犯冲的，都没学到什么东西。
21222,206,周勇光,2016-02-26 13:54:03,-12,3,15,老师讲得真的很认真
21482,206,周勇光,2016-02-29 03:55:22,0,3,3,wo c
21641,206,周勇光,2016-02-29 11:32:53,-4,13,17,最牛的工图老师，绝对没有之一。个性非常强，很能训练学生的自主学习能力。浙大段子手之一，上课很有趣，当然你要预习！
22081,206,周勇光,2016-03-02 09:43:58,569,620,51,没上过周勇光的课你的人生是不完整的，上过周勇光的课，你宁愿没有人生。
22874,206,周勇光,2018-03-22 03:53:53,21,33,12,有一句话他是真的说清楚了，现在回忆起来满脑子都是他的音容笑貌...没体验过的人一定要强行去蹭一节课
22888,206,周勇光,2016-03-21 06:11:06,2,8,6,为人师表 只知道强买强卖自己那几本破书
23183,206,周勇光,2016-03-21 06:35:32,2,12,10,就一傻叉。\n\n你以为我想学？必修的。\n\n难怪万年讲师，loser一个。
23455,206,周勇光,2016-03-30 06:55:17,79,112,33,前方高能。（上他的课很耗蓝，但是如果着他的节奏和要求走的话好处还是很多的。关于卖书的事情，人之常情，说实话这书也不错，就是懒人根本不看而已）综上，天赋不够的同学不要选，这是hell模式，高杀伤，高难度，高收益。
23497,206,周勇光,2016-04-01 01:50:20,-2,5,7,一开始真有吓到，不过慢慢就发现讲的真的很好，说话可能是有点粗鲁，但是习惯就好。
24155,206,周勇光,2016-04-28 02:08:04,-8,1,9,马三立
24533,206,周勇光,2016-05-01 07:14:50,-7,5,12,挺洒脱的一个老师，比较斤斤计较的人不会喜欢他，大大咧咧的可能更能融入课堂。
24745,206,周勇光,2016-05-03 09:55:13,7,9,2,不开心
24946,206,周勇光,2016-05-04 11:52:46,4,9,5,不好，慎选
25567,206,周勇光,2016-05-26 00:39:03,0,8,8,上课讲话毫无条理，东拉西扯自以为讲清楚了其实学生根本没听明白。上课除了装逼就是骂人。辣鸡老师，遇上你真是倒我上辈子霉
25878,206,周勇光,2016-06-13 05:21:17,0,4,4,老师很有个性，很有感觉
25952,206,周勇光,2016-06-14 14:16:15,1,6,5,除了懵逼还是懵逼…太毒了…当然对自学有信心且不会被混乱教学弄懵的话…强烈推荐
26045,206,周勇光,2016-06-15 08:06:00,-2,6,8,老师很好啊…受不了老师的可能是自己没有好好看书好好听讲吧…不管你们怎么想我是挺喜欢他的
26531,206,周勇光,2019-01-22 15:09:48,37,56,19,一头特立独行的猪?
26807,206,周勇光,2016-06-21 06:53:21,-4,6,10,老师能力挺强的，就说平时喜欢吓一下同学，逼得你去学习，期末被他吓得做梦梦到挂科，不过最好绩点还是不错的
27328,206,周勇光,2016-06-25 02:28:35,-2,7,9,很有独立思想的老师。虽然讲话有时候有点难听，不过有的时候想想也有挺多优点～反正我是不敢不认真学orz
27344,206,周勇光,2016-06-25 03:27:34,-1,6,7,他的好处只有在最后一个月才会显现出来
27619,206,周勇光,2016-06-27 05:18:44,-7,3,10,醒来新世界，如果不睡着认真听的话可以学得很好，老师造诣挺深的，言语有些毒辣
28088,206,周勇光,2016-06-28 08:05:46,4,9,5,2b一个，赶紧找其他老师签条子补选
28939,206,周勇光,2017-04-06 05:59:45,7,13,6,受不了给平时分的方式\n\n
30934,206,周勇光,2016-07-03 03:25:56,3,12,9,凭良心说，一开始对老师满嘴的××话很不适应……然而习惯是一种强大的力量。挺喜欢他不按书本走的个性，对于真心爱学习的同学来说选他的课绝对赚到，他总是会多发一些A4纸来助我们开动脑筋，CAD水平也是真的强大，选他一门工图还能兼学到cad，真心好！
30949,206,周勇光,2016-07-03 04:09:28,1,8,7,辣鸡，sb
30958,206,周勇光,2016-07-03 04:32:53,5,8,3,坑
31040,206,周勇光,2016-07-03 06:47:32,79,112,33,我认同这个老师通过一些警告或刺激让学生成长的教学方式，和他上课时特立独行的讲课思路，在教学上他是一位好老师。但我有以下的质疑：1.对于一位本来学工图吃力的同学，老师在学生有疑惑时不进行积极的解答，而是打击学生的信心是否妥当 2.老师在考前说过作业缺交的如下同学会不及格，但面对学生请求求查看自己的平时分和考试分时不予回应是为什么 3.作为一门大课，有很多不同的专业学生去学，老师给出高不及格率，高58分概率以让同学们惶恐重视的同时是否考虑了同学们自身的困难和以后的保研，出国，就业的前途
31394,206,周勇光,2017-03-01 11:58:35,3,9,6,不好，慎选
31450,206,周勇光,2016-07-04 02:28:00,7,14,7,在大学遇到过最sb的老师，辛辛苦苦学了一学期结果差点挂，去找分他根本不说哪里错了，就说扣的很合理，那合着我就该被扣呗，那我还考个卵，直接随机数打分算了
31582,206,周勇光,2016-07-04 07:13:27,-1,4,5,差的地方有很多，好的一点是发下来的A4纸作业挺有用的。
31638,206,周勇光,2016-07-04 10:25:34,-3,8,11,不建议非机械专业的同学选他的工图。\n\n上他的课需要热爱，然后才会有知识。\n\n他是个好老师，但是作为码农的我get不到。
32663,206,周勇光,2016-07-09 01:14:29,0,6,6,我只想说，这么认真上一门课，感觉学的挺好的。最后分这么低，怎么也会不爽的吧……上课也就不多说了，一直瞎几把吹，完全集中不了，上个课跟打仗一样真心烦
33787,206,周勇光,2016-09-21 15:48:50,3,7,4,反正不知道说什么，学吹比还行
33828,206,周勇光,2016-09-22 03:35:26,5,10,5,拒绝补选！你TM逗我，哪里来的傲气？建议不是没得选不要上！！！！
33836,206,周勇光,2017-01-09 11:46:17,1,6,5,真的是好老师 只是方法奇葩而已\n\n
33941,206,周勇光,2017-06-25 01:42:53,18,36,18,言辞激进，用恶毒的话语让我们警醒，让我们努力。最后和周老师聊天感觉到这是一个真正关心学生的老师。我不否认剧毒这个词，但实在是一个令我刮目相看的好老师
33942,206,周勇光,2016-11-10 07:27:28,2,8,6,想死哟
34074,206,周勇光,2017-01-07 13:19:47,1,8,7,适合当通识课人生导师，但不能为专业老师。侃大山挺有意思的，骂的有趣，但不会细心教学。
34144,206,周勇光,2016-09-27 12:29:12,0,4,4,很严格
34259,206,周勇光,2016-10-17 14:47:49,9,23,14,不知道各位有没有看过一部电影叫《爆裂鼓手》，周勇光就是这样的老师，按正常世界观看他就是个变态，他喜欢提一些很难的问题给新手，然后乐于看到你被难住，然后他会嘲笑你奚落你，如果你哭了他绝对会笑掉大牙。你想要生存就自己看书学习吧，别指望上课的时候被动接受知识。从我个人看，相比那些礼貌谦虚从不犯错混日子的老师，周勇光让我刮目相看。
34260,206,周勇光,2017-01-17 10:54:01,-1,5,6,老师考前讲的东西很有用
34263,206,周勇光,2017-01-17 12:16:42,8,11,3,过了  真棒  学到了人生的哲理
34499,206,周勇光,2017-01-17 14:24:32,18,60,42,大爱光哥，同学们听好了，网上评论不可轻信，我只是发表自己的感受。\n\n光哥是一个真心有个性的人，hhh。刚刚上他的课，你会觉得，恶心，反感，感觉这个老师素质低，让人难受。可是！可是！可是！如果你过了一个短学期后，你会发现其实周老师挺好的。前期是有一些人很不适应，你们放心，一个短学期后你会感觉很不错的。而且！而且！周老师内容真的很好，认真完成作业，认真画图，你会发现自己变得很强的。我觉得周老师挺好的，希望大家不要因为刚刚开始的不适应就来打低分，等成绩出来再想想老师怎么样再来打分。谢谢大家。
34501,206,周勇光,2016-10-12 05:58:35,6,14,8,不知道他怎么进浙大的
34692,206,周勇光,2016-10-18 10:23:15,4,20,16,这个老师真的是浙大教师里面的败类。无语无语真的无语，自己以为自己很擅长教学，上课完全不顾及学生的感受。整个上课过程完全随自己兴趣，从来没有系统地去讲解知识，很难建构知识体系。而且课上频繁羞辱学生是棒槌等等。最可怕的是，直接往讲台上吐痰，直接往讲台上吐痰，我......
34710,206,周勇光,2017-01-17 08:40:55,-1,9,10,出成绩啦，谢谢周老师。虽然很多人不适应他的课，但是作为一个小县城来的人，对这样的上课方式早就习以为常啦，给分对得起自己的付出，蟹蟹，
34741,206,周勇光,2017-01-07 13:21:24,5,8,3,上课看他吹牛皮，但确实有点本事的\n\n
34943,206,周勇光,2017-01-05 04:24:20,9,22,13,上完前百分之八十的课一直在骂，上完最后几节课觉得这老师太好了！真的棒，高压但是出成绩。想不挂科就选周勇光。还是段子手
35006,206,周勇光,2017-01-17 09:48:23,10,32,22,我满绩了啊哈哈哈哈必须十分啊。周大人的课虽然毒，但可听可水还是挺好的啊。作业虽然多，但到期末你就会发现你可以碾压跟你不同老师的室友了。而且作业做得好有加分。学弟学妹门加油。
35051,206,周勇光,2016-10-31 15:06:27,4,7,3,爆炸体验，强迫买书
35052,206,周勇光,2016-10-31 15:10:47,2,9,7,毁我青春 耗我钱财
35081,206,周勇光,2016-11-01 14:36:43,0,2,2,呵呵呵
35465,206,周勇光,2016-12-30 06:00:42,2,10,8,老师给分贼好，上课不点名，很善良很友好
35589,206,周勇光,2016-11-10 07:29:52,-3,3,6,菜到抠脚
35708,206,周勇光,2017-01-13 08:20:27,3,8,5,一次就好 工图请爱我一次
36008,206,周勇光,2017-01-17 14:35:07,0,5,5,没想到让我们通过好难的考试
36051,206,周勇光,2017-04-11 03:19:36,2,6,4,j j
36065,206,周勇光,2016-11-10 11:27:32,5,10,5,上课不是在画图，而是在抄图，自己思考的时间少
36099,206,周勇光,2017-01-22 12:47:00,3,9,6,教的一般，给分不错
36981,206,周勇光,2017-01-06 01:31:02,14,29,15,做一个人人都喜欢的好老师很难，我喜欢周大佬
38886,206,周勇光,2017-01-05 04:59:24,14,59,45,由路人转黑最后转粉，超级喜欢这个老师，人生中第一个男神老师。嘴巴很毒但是不要计较就好，赏罚分明公私分明的性格我也很喜欢。段子手，重点是！上课学到的东西超！级！多！比其他老师都要多哦。我是一个码农，但依然能学到课业上的、人生上的许多道理。喜欢这样霸气的老师！不管最后分数高不高，我都给他高分！
39228,206,周勇光,2016-12-21 16:00:42,19,41,22,说实在的，我挺喜欢这个老师的，学不好真的只是自己的原因，老师很可爱，真性情，本来我打算期末看他给分怎么样再打的，但是看到这么多人说他，忍不住先评了，我第一次认真听课的时候，真的觉得这个老师很好，在大学里，没有比一个让你上课不打瞌睡的老师更好的了。给他点赞，浙大里一个奇葩的存在，也应该继续存在，我会努力学习补上去的，期末拿个好成绩
39325,206,周勇光,2016-12-22 05:55:08,1,6,5,生不如死
39356,206,周勇光,2016-12-22 07:33:00,3,6,3,跟傻逼一样
39540,206,周勇光,2017-01-17 08:50:26,-3,5,8,刀子嘴，豆腐心，只要你好好学，绩点肯定高！
39827,206,周勇光,2017-01-18 02:58:25,1,7,6,没上过周神的课，人生一大遗憾啊
40294,206,周勇光,2017-01-17 10:14:53,15,29,14,感谢周老师给我过啦～作为一个对画图完全毫无天赋的我已经很满意啦，上课好好听作业好好做，考前就知道他的好处了哦～不要因为一开始的可怕放弃他的课啊，之后会越来越可爱的
40295,206,周勇光,2017-01-01 14:48:20,-3,2,5,好老师 很搞笑
40300,206,周勇光,2017-01-01 16:48:25,0,5,5,其实上课也没有传言那么可怕
40560,206,周勇光,2017-01-04 05:32:11,6,8,2,感觉老师还是可以的 就是说话可能有些凶 但是不是真正的对学生很差劲 一开始比较燥 后来越来越平和了 最后一节课我还有些不舍
40691,206,周勇光,2017-01-05 04:18:14,6,16,10,很棒的老师啊，三观超正，在他的课上他会告诉你成绩不是唯一，对成绩好但是不认真的人十分鄙弃，印象很深的一句话，你踩着那么多人才进了浙大，这点打击就把你踩下去了？
40694,206,周勇光,2017-01-05 04:23:22,9,12,3,很有意思的一个老师，讲话大口气，不过我们挺喜欢这种性格
40702,206,周勇光,2017-01-05 05:10:18,11,34,23,好老师。最后结束时都是掌声。别信那些前面的评论。真不懂你们这些受不了他的严厉的。这都受不了，出校门有本事别被boss怼。\n\n好老师。路转粉。
40705,206,周勇光,2017-01-05 10:20:58,4,9,5,结课了有点不舍
40788,206,周勇光,2017-01-05 13:26:11,-2,6,8,有个性的老师，虽然有毒…如果能跟得上老师的节奏还是很不错的，听老师瞎bb也…算得上一种乐趣吧
40820,206,周勇光,2017-01-06 03:21:33,-1,5,6,好老师，听他的课绝对不亏。按他说的做绝对学得好。可能一开始脾气有点燥，但绝对是为了学生好。别太跳，不会为难你。
40870,206,周勇光,2017-01-06 04:16:06,-1,4,5,感觉上课的气氛很好   虽然毒舌   但是能学到很多东西
40873,206,周勇光,2017-01-06 04:40:22,0,4,4,老师很认真负责，一开始会被高强度吓到，但后面觉得老师人其实很好，比较犀利，上课妙趣横生，绝对不会让你有走神的机会。
40997,206,周勇光,2017-01-07 13:13:33,5,13,8,我觉得这才是大学的老师，有棱有角，这样的大学才有意义
40999,206,周勇光,2017-01-07 13:24:42,1,4,3,喜欢的人喜欢 不喜欢的人会很反感 其实教得挺不错的 就是喜欢吹逼 打击学生的信心 心理承受能力弱的别选了 但是一学期好好听的话还是能学的很好的
42002,206,周勇光,2017-01-13 11:36:52,-1,2,3,开心无极限
42089,206,周勇光,2017-01-13 14:29:45,1,3,2,不走寻常路的老师，嘴上刁钻，心里总想着为想学习的人好处！虽然被吓得不轻，可是学期结束后想想，也超喜欢这样的老师的。真的很用心地给想学习的人得分的机会！（可是能不能把握住又是另一回事了~）
43370,206,周勇光,2017-01-16 07:50:57,6,7,1,虽然老师前几节课讲的有点严厉，但是还是很喜欢这样有个性的老师，老师推荐的那本书很有用啊，考试时候还来助攻，可惜我是渣渣老师想助我都助不进，对不起光哥??
44038,206,周勇光,2017-01-17 08:35:30,0,5,5,老师虽然上课比较激愤，刚开始的时候不下课，但是干货也是讲的，后来的课就会轻松很多.会给你加分的机会，看你抓不抓得住了.需要自己学习.感觉没这么糟
44062,206,周勇光,2017-01-17 08:53:42,10,17,7,极其严格的教学，至于教出来最后真有什么效果我也不知道，一般人听不懂，三观不正。本来想打1分的看在临近期末和考试时态度稍微温和了点改成了3分。
44103,206,周勇光,2017-01-17 09:23:59,7,10,3,周大人讲的都是干货 在他课上能学到很多 他让你买的他写的书就算是推销也认了 因为书真的好 但是如果想水课就别来了 给分很客观也很狠 好的他说要让你尝到全校最高分的滋味 但是挂了就是挂了没有商量余地
44126,206,周勇光,2017-01-17 09:52:07,-2,1,3,有点小怕，但是个好老师
44132,206,周勇光,2017-01-17 10:05:06,2,6,4,好老师，绝对是好老师！表白周勇光
44133,206,周勇光,2017-01-18 13:47:59,-49,4,53,很好的老师，大家不要被吓住了，勇光的课只是开始的时候会很蒙逼，但其实用心学就好。绩点4.8飘过，有点难过，竟然没有满绩。。。
44176,206,周勇光,2017-01-17 11:26:06,3,5,2,好老师，有点坑，好老师嗯嗯
44181,206,周勇光,2017-01-17 11:33:30,7,11,4,周大人的课还是有点难听的\n\n因为你可能抓不到终点，学霸们可以和周大人一起遨游在AUTOCAD的海洋里，努力学还是学得懂的，比如说班上的那些大神们，照样学的很好，虐翻我等渣渣，期末已经打算重修或低分飘过，结果事实证明周大人并不是绩杀，而且到后面周大人会给很多加分的机会，而且周大人上课说的话是无关的话加关键点，努力加以区分，应该能 get到points，其实这真不是老师的问题，学得好不好还要看自己吧！加油！
44190,206,周勇光,2017-01-17 11:47:10,8,13,5,前期剧毒 后期轻松
44244,206,周勇光,2017-01-17 12:59:00,4,7,3,周大人很有性格，上他的课学的不仅是工图，不论正面或者反面的观点，周大人是能给人带来很多思考的。
44262,206,周勇光,2017-01-17 13:24:42,11,17,6,给个中间分吧，不能算是一个很好的老师，因为他并不懂得真正的教育是什么。对于适应了高压政策的许多同学来讲，还是适应得很快。但这并不代表他真的会教书，如果能让你拿到高分的教育就是好教育，那我看中国教育是根本不需要改革的。最后几节课确实温和了不少，这究竟是不是套路我也不知道。很多人说，听他的课学到做人的道理，其实不然，他只是用一种夸张的说法把你已经知道的事再说了一遍而已。最后要说，至少我认为，周勇光老师并不像许多评论里说的那么好，但也决没有那么坏。适不适合他的课，最重要看三观合不合吧。
44304,206,周勇光,2017-01-17 14:43:19,-6,3,9,过程很艰辛，但能保你考试不挂。人生的导师，强推
44568,206,周勇光,2017-01-18 03:11:13,7,12,5,前半个学期我十分讨厌他，感觉上课逻辑跳跃性太强不知所云，后半个学期渐渐开始发现他性格中的闪光点，也慢慢开始接收这个老师的价值观。现在想起这门课，那些尺寸装配图什么的全忘了，脑子里只有周勇光老师的那些醍醐灌顶的话语和他浮夸的动作。
44706,206,周勇光,2017-01-18 06:35:59,-5,3,8,1.5的绩点学到的比4.5的多。
44849,206,周勇光,2017-01-18 11:31:48,0,6,6,我是去蹭课的。。因为被老师吸引了 很多干货 老师其实很善良? 关键是 绝对不会犯困！
45071,206,周勇光,2017-01-19 06:37:15,1,8,7,辣鸡，给分低
45073,206,周勇光,2017-01-19 02:30:27,-1,3,4,黑转粉
45566,206,周勇光,2017-01-19 22:45:48,-2,3,5,虽然我的绩点不是特别好，但对于这个老师我一直抱着只要我及格就要给满分的心态，因为他虽然可能教学方式比较奇特，但真的是个非常好的老师，考不好是我自己的原因。
47470,206,周勇光,2017-01-27 13:42:49,-2,4,6,这么说吧 论教学水平对付你肯定足够了 但是教会你什么人生大道理我真的觉得算了吧 气场很足而已室友不动脑子被迷的颠来倒去
47713,206,周勇光,2017-02-21 03:15:17,5,7,2,老师是很奇葩的。但是很有趣。作业的难度很大，强度很大，但是这样的教学方式其实还不错 ，至少整个学期，只有这门课让我认真学了
47915,206,周勇光,2017-02-27 09:19:59,0,6,6,或许他真的在这方面很权威，又或者他的那一套个性教法真的有效，但是作为一个浙大老师，言行举止怎么可以这么恶劣，尖酸刻薄。难道这是为人师表该有的模样？！简直怀疑他心理变态
49910,206,周勇光,2017-04-27 05:52:59,-2,3,5,666666
50524,206,周勇光,2017-05-03 09:38:14,2,11,9,一生黑，sb老师
50578,206,周勇光,2017-05-03 15:33:23,4,8,4,是我见过的第二有个性的老师。上课要求很严格，而且上课强度相当大(剧透:别想下课)，课程和作业都比较难，切记一点，这是经历过的人的经验:\n\n千万要预习!不然上课就等着坐飞机吧。\n\n但这种高强度的学习确实会让你学有所得，而且周勇光老师最后给分并不传闻那么低，只要不水，老师就敢于给高分。\n\n     总之，要想见识大学学习竞争之残酷，请来周勇光的课吧！
50662,206,周勇光,2017-05-04 06:15:12,-6,3,9,如果满分是11分，我给周老师打10分！不计利害，只问是非！在周老师面前，不能出错是一条铁律！
50694,206,周勇光,2017-05-04 10:27:33,-1,3,4,认真负责，水平高，就是风格可能一般人不太适应
50859,206,周勇光,2017-05-07 09:20:26,0,5,5,老师言辞有些激进，但是给分还是很公道的，上课用自己做的立体模型，非常直观
51311,206,周勇光,2017-05-31 02:15:51,-3,1,4,一脸懵逼
51331,206,周勇光,2017-05-31 15:19:07,0,3,3,真的有毒\n\n
54020,206,周勇光,2017-06-28 08:29:48,6,11,5,平时很严格，上课做很多练习，强度真心很大。。。但是那么多练习到考试的时候，四题命中三题。冲着这个打10分，你咬我啊。虽然上课不备课，课应该怎么讲自己都没有理清思路。但是只要跟着认真听，认真做，完全可以学好吧……唯一的问题就是考试前一周弄错时间，装配图要熬夜画，画得我心绞痛……
57558,206,周勇光,2017-07-09 14:30:05,4,8,4,客观点说，在别的老师那你能学好，这里你能学到更多，绩点更高；但是要是在别人那里学的不太好，在这你只能是浪费时间。学霸型强推，但是心理素质不好，脸皮薄慎选，艺术生千万别选。
59153,206,周勇光,2017-09-20 03:29:22,2,11,9,我是谁，怎么考上浙大了，怎么选了这个人的课。
59197,206,周勇光,2017-09-26 02:23:50,-5,6,11,想卡周勇光的推我上去
59578,206,周勇光,2017-09-23 12:08:43,1,7,6,周勇光牛逼
59762,206,周勇光,2017-09-27 01:02:08,3,9,6,好老师好老师好老师
60086,206,周勇光,2017-10-10 03:20:01,1,10,9,上课p都不讲   作业死多    全TM自己学   吹逼
60191,206,周勇光,2017-10-12 14:18:52,1,5,4,挺好的老师。真的
60278,206,周勇光,2017-10-16 11:26:09,2,7,5,讲得不好，，Ծ^Ծ，，做工图背都痛了
60611,206,周勇光,2017-10-25 08:22:12,-1,4,5,特别好的老师，讲课特别细，从来不压堂。
60620,206,周勇光,2017-12-13 05:36:43,-3,4,7,难受难受
61078,206,周勇光,2017-11-08 05:58:23,2,8,6,一个社科生来听他的课。。。但是很棒啊这个老师！
61080,206,周勇光,2017-11-08 06:49:49,260,272,12,如果两只周勇光相遇，一定很有趣
61127,206,周勇光,2017-12-29 01:42:57,-14,9,23,课堂上居然讽刺朝鲜人，说“人家都会你不会?人家是金三胖欸！”，你牛逼你咋不骂人家领导人你损人家学生毛线，辣鸡老师
63150,206,周勇光,2017-12-27 06:02:04,8,9,1,特别好的老师，希望学弟选他的工图
63529,206,周勇光,2017-12-06 05:11:24,0,5,5,简直是个恶魔，ghost！！
63944,206,周勇光,2017-12-20 03:17:14,9,10,1,戏精，喜欢给自己加戏，上他的课很有意思。
64584,206,周勇光,2017-12-25 10:44:53,10,15,5,当初看老师的评价基本都是在说老师是如何的毒辣，以为自己的工图课凉凉了。可是当我们真正跟着他学习了一段时间后，会发现这个老师只是在逼你学更多的东西，无论自黑，无论装逼，为的是要你学好工图，真正进入大学生活
64874,206,周勇光,2017-12-27 14:34:21,7,14,7,老师是比较有个性的人，一开始真的被吓到了，讲话很耿直，甚至有点愤青的感觉。一开始作业相比其他老师真的是巨多，但是后来作业量是也可以接受的程度。上老师的课能学到很多，一般老师不给的例题都给我们了，就是课程强度很大，会有点逼着同学读的感觉，不打算好好学的人跟不上进度我也没话可说。老师侃大山时间挺多的，黑我们多，自黑也多。骂我们很厉害，高中三年听到的“你们是我带过的最差一届”练出来的心理素质完全不够用，不过后来就听习惯了，感觉他就是个相声演员。顺带一提，课程群里，周勇光表情包已经泛滥。上课随手一拍就能承包我一学期的表情包。
64918,206,周勇光,2017-12-28 03:05:09,11,18,7,上完课我甚至觉得剧毒术士是个褒义词\n\n1.关于书，其实书真的不错，只是回去看的很少 2.虽然有点凶，但他是大学里为数不多告诉你要努力的老师，一直质问你几天晚上有在看书 3.讲的虽然不是很清楚很有调理，但是细节处见真章，CAD功底真的很好，会发许多自己做的讲义 4.给分真的不错，期末考炸会用平时分拉你一把  总之如果想追求点不一样的，建议选，想水不建议
65976,206,周勇光,2018-01-10 13:58:52,0,5,5,很毒很有趣，让工图课成为我每周翘首期盼的课。
65981,206,周勇光,2018-01-10 15:07:39,4,6,2,一个学期上下来，给我的感觉是他刀子嘴豆腐心的感觉很强烈，嘴上说着你们要是不好好画就给你零分 结果打下来大家都是四分五分的，?
65982,206,周勇光,2018-01-10 15:09:24,3,7,4,周老师算是刀子嘴豆腐心吧，对学生严格是他的风格，但是认真听他的课肯定能学到很多
66027,206,周勇光,2018-01-11 04:06:25,3,9,6,期末考试前来评论一下老师，预置课，没换成，之好硬着头皮去上了。平时看他在讲台上吹牛balabala还是挺有趣的，老师有个性，比较注重预习，作业略多，但大作业做好有加分哦(´-ω-`)，刀子嘴豆腐心，上老师的课，最重要的是有感jiao，噗哈哈哈哈老师很可爱\n\n
69627,206,周勇光,2018-01-25 05:46:59,3,8,5,很有意思的老师，虽然其他评论有点不好，但其实你最后会发现老师是一个嘴恶心善的人啊
71766,206,周勇光,2018-01-29 02:54:20,0,12,12,变相的让你学的很好，老师真的很好\n\n难道你的大学生活除了绩点就什么都不要了吗
73133,206,周勇光,2018-02-01 03:33:57,5,12,7,呵呵 自以为是 毁人不倦
73160,206,周勇光,2018-02-01 08:56:57,4,12,8,选他课不退的以后出了绩点别叫，你活该。
73199,206,周勇光,2018-02-01 06:57:43,1,6,5,呵呵→_→
73211,206,周勇光,2018-02-01 07:25:43,4,6,2,特立独行\n\n
73589,206,周勇光,2018-02-02 04:30:54,5,11,6,不知道那些正面评论是怎么来。老师水平是高，但是几乎堂堂课都是在分享自己的家人和diss别的老师中度过的，穿插着讲了一些工图。刀子嘴豆腐心是有，但我感受到更多的是他总是爆粗口，往楼下吐痰，身为教师的素养不知道去哪里了。而且，他的三观不是很能接受，不乐意听他的课，整个学期自学的加问室友。
74477,206,周勇光,2018-02-27 12:12:23,1,7,6,唯一一门不翘的课，工图的作业感觉像两周一次，但是一次量胜过两次，很喜欢周老师，经常发机密文件给咱们做，hin有用。刀子嘴豆腐心，态度不是太差都能得到差不多的分数。
74872,206,周勇光,2018-03-06 07:29:24,-1,2,3,真的是很好
75031,206,周勇光,2018-03-07 05:24:34,0,3,3,真的无语
75746,206,周勇光,2018-03-16 04:06:39,0,4,4,教你画王八
76247,206,周勇光,2018-03-30 04:22:50,5,10,5,就算这个老师真的讲得没有那么差，但没素质就是没素质，少家教就是少家教，不要把没素质当成真性情，当成耿直，差远了好吗，最无法忍受这种出口成脏的老师，还讽刺学生
76470,206,周勇光,2018-04-10 10:41:31,-2,3,5,有意思，但学不会，还不愿意给基础差的人讲解
76741,206,周勇光,2019-05-07 05:36:02,-19,52,71,自以为水平挺高，其实讲不出来什么东西，素质真的低
78976,206,周勇光,2018-05-18 08:31:57,8,9,1,老师水平是有的 你需要适应他的风格 学工图需要一种灵性 但基础差的做好预习也不会落后 可悲的是懒得去学反而怪老师.
80653,206,周勇光,2018-07-05 13:27:56,1,8,7,推荐他的工图课，真的很不错，，
80963,206,周勇光,2018-07-03 05:04:34,5,10,5,会提前布置作业来让同学们预习，然后上课地时候抓一些要点重点考点，真的抓得很准?！！！！会带学生看一些考题，讲解一些重点结构。检查作业两三次，有两张大图。关于老师的语言风格，不作评论。
81191,206,周勇光,2018-07-04 08:46:31,2,5,3,很棒哦
83445,206,周勇光,2018-07-10 09:52:42,-2,8,10,老师真的是刀子嘴豆腐心，嘴里说着要我们挂科，但其实期末出来会发现分数其实还好，给老师笔芯
83660,206,周勇光,2018-07-11 03:10:36,-1,5,6,嗯嗯 老师还是比较好的 刀子嘴豆腐心 虽然平时把我们说的一塌糊涂 但真正是为我们好的 就是有时略显啰嗦 平时可以和老师多交流 然后最后拿了4.5开心
84042,206,周勇光,2018-07-12 02:01:04,3,9,6,老师很可爱，有的时候会很傲娇。这个学期班级人很少，反而有种大家被宠爱的感觉。期末考的时候我们自己班一个考场，老师都恨不得要给我们讲解试卷了。平时作业认真做，考试仔细点还是能拿高绩点的！
84260,206,周勇光,2018-07-12 11:14:26,2,5,3,上课很有特点，可能有的人不喜欢，但我觉得还好
87006,206,周勇光,2018-09-20 02:22:55,1,6,5,牛逼哦
87078,206,周勇光,2018-09-20 07:08:58,2,8,6,满分，，，虽然我退课了
87108,206,周勇光,2018-09-20 10:25:12,-10,3,13,炼金术士周勇光
87429,206,周勇光,2018-09-29 01:53:34,6,15,9,普通班学生的授课时间被压缩到两节课这件事我觉得很不靠谱
87860,206,周勇光,2018-10-16 05:47:28,3,6,3,上课像表演
87920,206,周勇光,2018-10-17 17:01:58,-2,10,12,节奏超级快，马上就进入正轨。三节连上不休息，绝对差评。第三节疯狂讲难题，完全没数，根本讲不完的硬上，神经病！！！根本不给思考时间。任务很重。这门课太难了！！！虽然绩点给的还行。
87967,206,周勇光,2018-10-19 15:04:47,6,12,6,某种意义上，老师挺有意思的
87989,206,周勇光,2018-10-19 15:05:34,9,15,6,自学工图。培养你的自学能力？！没有灵性的（比如我）就很绝望...
88152,206,周勇光,2018-12-25 02:29:35,-13,19,32,就是个sb
88160,206,周勇光,2018-10-23 07:19:03,0,10,10,仿佛看猴戏，前面的弟兄他很喜欢你们的恶毒的评价，貌似是个抖s和抖m的结合体。具体就像吉吉国王
88279,206,周勇光,2018-10-25 14:57:54,6,11,5,其实老师挺好的，老师工作也很努力，但是得不到同学喜欢还是有点心酸，真的挺好的
88396,206,周勇光,2018-10-30 05:37:43,3,7,4,我觉得吧，老师是很有个性，偶尔感觉就是在听相声。也不是说老师有毒，是工图这么课有毒。继续画吧我死了。
88420,206,周勇光,2018-10-30 13:07:17,27,33,6,壹周勇光秀
88469,206,周勇光,2018-10-31 05:55:02,6,10,4,爽爽爽
89822,206,周勇光,2018-11-21 02:36:46,4,9,5,推荐给对自己实力有自信的同学。
91140,206,周勇光,2018-12-02 00:24:20,7,11,4,黑转粉
91285,206,周勇光,2018-12-05 03:10:04,-5,3,8,海星，听相声
91319,206,周勇光,2018-12-05 14:49:10,-5,4,9,自己考不好请不要怪老师，受不了打击建议去看心理医生\n\n
91520,206,周勇光,2018-12-12 09:44:53,8,9,1,只要你自己认真，老师讲的绝对都是很清楚的，挺透彻，不要因为以前的评论就觉得老师很毒（虽然是有点毒，不过这样的老师高中初中也很多的）是个好老师叭
91523,206,周勇光,2018-12-12 12:45:16,4,9,5,老师很有个性。很有想法。刚开始不能接受，后来发现真的学到很多东西。
91833,206,周勇光,2018-12-21 16:40:49,8,15,7,刀子嘴豆腐心，有想法的老师。\n\n有想法的人总是孤独的。
91906,206,周勇光,2018-12-24 14:16:08,3,7,4,六小龄童的表情，百分之百重合
91936,206,周勇光,2018-12-25 04:34:03,4,6,2,老师风格很独特，有人爱有人不爱吧，自认为还挺好的一个老师，水平有保障，但上课方式可能会有人讨厌
92252,206,周勇光,2018-12-27 08:50:21,7,9,2,很好啊，不觉得太难，（一般情况下我是分不出上课内容难不难的），很喜欢老师，希望大家选他的课。
92648,206,周勇光,2019-01-03 08:57:07,4,12,8,周老师水平炒鸡高，吊打一起其他工图老师，这学期学到了好多\n\n笔芯
92812,206,周勇光,2019-01-04 14:30:59,5,10,5,太喜欢你了！！！没有人觉得老师还挺帅的嘛
92910,206,周勇光,2019-01-05 13:54:45,2,9,7,是个厉害的学者，不过不适合做老师
92948,206,周勇光,2019-01-06 07:46:42,9,13,4,刚开始有点不适应，后来觉得老师人很好啊
93062,206,周勇光,2019-01-07 07:30:25,9,13,4,老师其实挺好，就是说话厉害了点，学东西绝对是很好的老师
93146,206,周勇光,2019-01-07 16:10:09,7,13,6,我觉得吧，给一个老师的评论像周老师的这样就很好。这才真实。周老师就是个敢说真话的人！想学习的同学一定会粉他的！一个老师迎合所有学生才是错。真的坚守职业道德的老师之一。这样的老师在浙大恐怕也不多了！
93178,206,周勇光,2019-01-27 11:38:04,8,19,11,感谢周老师让我上4...不仅是成绩，一学期学到了不少干货
93485,206,周勇光,2019-01-10 04:07:23,33,42,9,有件事情我是真的不能理解，从刚开始上课起它就一直在困扰我，让我痛苦万分。现在课程结束了，这个问题周老师还是避而不谈。我想在这里向周老师严正发问！\n\n那个红酒瓶塞到底是怎么拿出来的啊啊啊啊啊啊啊啊
93488,206,周勇光,2019-01-10 04:18:52,5,9,4,极好！
93516,206,周勇光,2019-01-10 07:14:33,22,53,31,广告 | 工图老师周勇光是我们戒不掉的毒\n\n   周勇光的工图课如今完美收官。\n\n   他的个性和人生哲理更有魅力，远比躺尸在教材上冰冷的知识点更让人获益。\n\n   周勇光教的，是那些靠近本质的，对一个人空间智能有塑造作用的知识。他从第一节课就强调，这门课的核心是形体的理解与表达，无疑，他是正确的。\n\n   他拼命地想要证明自己是对的，想要获得大家对他的肯定，就像个向大家骄傲地展示自己作品的小孩子，可爱又真实。然而这样获得认可的需求都不被满足，于是他勇于宣传自己，他想证明，他是对的。他从来不是尸位素餐的主儿，区区2.5的学分，他也能坚持一学期如一日的良心教学。\n\n   他已经为现实妥协了许多了，为学生通融了许多了，他的课也消过毒了。我相信他放低标准时，他的内心是非常无奈和痛苦的，这等同让一个人为了迎合大众而放弃真理，不然他自己就要被群起而攻之，烧死在审判架上了。\n\n周勇光只是把真实的学习是怎样的展示在我们眼前，那一定是辛苦的，苦难的，甚至是痛苦的，而只有经历过这样雕琢的痛，你才能获得本质上的提升，变得更加intelligent.\n\n   我认为周勇光是个好老师，即使你是个只追求事少分高的自学大佬，我也建议你选择周勇光，同样都是水水课，为什么不选择一个个性鲜明，敢说真话，灵魂深刻的周勇光呢？他在讲台上的发言让人听了简直痛快无比！作为枯燥课业间一剂辛辣的良药也不错呢，是药三分毒。\n\n他的毒本只有三分，却被那些自己本身存在问题的人刻意夸大，坏他名声。光从他们花费大量的时间去网上贬损一个老师，就能看出他们自己是什么样的人了，真正优秀的人早就去弥补短板，确保自己不被勇光哥的副作用毒倒了，怎么会把自己的失职归咎到老师身上？我们要的是周勇光的神奇药效，自然要有抗住副作用的觉悟。\n\n 再次为勇光哥打call。——有良心的菜鸡
93561,206,周勇光,2019-01-10 11:30:15,12,15,3,光哥牛逼！！！！！！！！！
93697,206,周勇光,2019-01-12 03:06:05,7,10,3,一学期下来，虽然刚开始的时候不怎么能更得上，但说实话，老师三言两语能把教材讲活而且一直在听学生们的意见，这样的老师真的很厉害了，如果我下学期预置CAD的老师不是9.9的老师的话，我肯定选光哥的课，最后光哥两张大图作业的好我就当做纪念品了嘻嘻ヾ(@^▽^@)ノ
93835,206,周勇光,2019-01-14 03:20:31,8,13,5,很好啊，剧甜术士呀，但你要认真学
94066,206,周勇光,2019-01-15 05:28:49,0,14,14,说周勇光上课讲的好的同学扪心自问一下，如果不自己看书，这个老师上课讲过什么？上课装逼无内容，不说评分好坏
94092,206,周勇光,2019-01-15 07:25:59,10,14,4,挺好的老师
94246,206,周勇光,2019-01-16 04:28:33,11,18,7,一方面，他上课时讲了很多大实话和一些小建议（包括不要追求绩点要追求知识）来活跃气氛；另一方面，他会举重复的例子来印证自己的观点以至于后来一听到故事的开头我们就能猜到结尾略有点无聊。\n\n但是，我认为最重要的是，作为一个老师，他努力唤醒我们对于知识的向往（撺掇我们去玩CAD并在学期初就给出教程）；同时自己的教学能力优秀（能抓住教材知识的核心，教学资料资源充足，手头有多种类型的课件和历年考卷和CAD模型）。\n\nps，他还是一个会看查老师评价的人。
95694,206,周勇光,2019-01-20 02:01:15,9,15,6,上老师的课很刺激，可能开始会吓到一部分人，但是确实很有“味道”，真的能学到东西。
96847,206,周勇光,2019-01-21 10:35:33,6,11,5,满分，想学真本事就选他，水学分的还是别选了
98138,206,周勇光,2019-01-23 06:05:01,15,22,7,第一句话总结中心论点，周老师是个好老师。他的课确实强度很大，进度很快，而且前期分普通班和提高班，不管哪个班拓展内容都很多讲得很深很难。一般人开始都会被吓坏的还会趴下，这太正常了，我头一个月每次上完课都是发抖着走出教室的。但他上课有重点，有趣味，有激情，废话多但精髓更多。他是真正从工程的角度来讲这么课的，就能使同学领悟到更深层的东西。而且上课会讲一些人生哲理，不管我们认不认同，都是对我们以后的路很有帮助的。但必须自己要十分努力，要仔细思考，多去体悟。我室友老师九点几分，但他学到的东西要比我少得多。光哥嘴毒，但心里面是有情怀的。这才符合我浙的地位。真正想学东西的同学，并且愿意坚持下去，愿意花时间，愿意思考的，选光哥肯定没错。想水的，选不选他你都会死得很惨。
98669,206,周勇光,2019-01-23 17:40:28,10,16,6,周老师是有真才实学的，教学注重工程实用性思维，上这样的课比死读书好太多。但是为了让思维的东西更好的传达给我们，基础知识大多就让我们提前预习了，这也是没办法的事。\n\n只不过老师的性格可能偏激了一些，对某些事情有很大偏见于是常常挂在嘴边，而且内心对CAD制图有着一种深深的执念，总而言之让有些人得出了废话很多的结论，各自辩证地看待吧。
98767,206,周勇光,2019-01-24 02:10:26,9,12,3,光哥是真的很厉害，一学期所获颇丰，只是自己太菜了。出分前，来这评论一下。希望光哥能把平时分给满，期中期末调调分，不然菜鸡真的要凉了QAQ
100956,206,周勇光,2019-01-27 07:55:42,10,18,8,光哥没有传言的那么可怕啊，很幽默，用这种方式让我们能去预习，认真学，能学到很多东西，给分也好。我之前没进提高班，认真看他给布置的一些作业，最后也得到了不错的分数，表白光哥！
100962,206,周勇光,2019-01-27 08:16:13,12,21,9,光哥虽被称为剧毒术士，但其实认识很好的，嘴上说着你们怎么怎么差，但其实给分很不错，期中也会调分，至少我这么不认真学的人都没挂。感觉挺对不起光哥的，以后的同学们一定要认真听课，收获满满。
100963,206,周勇光,2019-01-27 08:16:47,7,13,6,其实课还是很有趣的，平常认真点，期末考试一直很难的，只要平常认真，老师给分很好的
100967,206,周勇光,2019-01-27 08:26:16,30,51,21,术士：“我超甜的。”\n\n光哥小甜甜❤️ ❤️
100970,206,周勇光,2019-01-27 08:28:50,8,12,4,光哥炒鸡棒！为了我们的分数跟领导据理力争，虽然自己太菜了，不过疯狂为光哥打call\n\n
100978,206,周勇光,2019-01-27 08:34:12,12,19,7,其实周老师是真的很不错，治学严谨，要求合理偏严格，可能一开始会不适应他的上课方式，但老师他是真心想让我们想到知识，掌握技术。总之，即使我们说他是剧毒术士，他也是一位师德高尚，有原则，有思想的术士，非常难得。希望大家不要轻信查老师上个别带偏见的言论！只要肯付出，绩点不会低。
101066,206,周勇光,2019-01-27 11:46:09,-3,19,22,别说什么学到了人生道理，这些道理谁不懂，逼你好好学习不会好好讲？作为一个老师没有在大一引导学生树立学科体系也就算了，把自己的粗鲁当成特质也是精彩
101642,206,周勇光,2019-01-28 16:22:05,10,20,10,确实老师的个人风格很不讨学生喜欢，但我觉得给分是不会亏待学生的，还有什么分就是什么分。这个老师不招人喜欢的特点前面的同学说了很多了，我这里来说说老师的特色：上课发的课堂练习质量极好，题目典型，排版美观，印刷质量很高（要知道对于工图这样的学科，题目的印刷质量是十分重要的，而我们这次的期末考题的印刷质量奇差，甚至影响心情）；讲解配合3D视图，比单纯的平面绘图更直观，也可以在一节课里加入更多内容（看着周老师熟练的切换电脑视图，让我不得不集中精力努力思考....可以说是大一上少有的有高中上课的感觉的课）。最后我要提一下工图这个科目的学习本身，工图对于工科生很重要，但工图本身需要的的空间感和立体表达、设计能力不是一个学期就可以培养起来的，除此之外还有制图规范和一些技术标准的内容需要记忆，课程本身有难度，而只有和史纲一样的课时（学分还低了0.5），按我的经验，是肯定需要课下额外花功夫的，我的室友平时花在工图上的时间比微积分都多，如果没有基础的话，真的是需要很努力才可以拿高分。希望之后选周老师课的同学能承受他的风格，然后学到工图带来的空间思维
102375,206,周勇光,2019-02-01 09:33:31,13,19,6,周老师真的是刀子嘴豆腐心的老师代表了，上课会觉得很严，有时候还挺怕的，但真的都是为了学生好的，尤其是课上发的A4练习纸，如果好好做了的话，对最后的考试还是有一定作用的，而且最后给分也是提现豆腐心的时候，能多给分都尽量给了，总之我觉得确实是一个好老师。
103146,206,周勇光,2019-02-26 07:14:31,12,17,5,满足光哥的小要求\n\n\n\n剧甜术士周勇光！
103191,206,周勇光,2019-02-26 13:36:57,8,16,8,吹爆周老师！剧甜术士!
103749,206,周勇光,2019-03-05 03:39:45,-3,19,22,上课瞎吹牛逼，一个牛逼吹好几节课，来回吹，什么教训老师，教训学生啥的，感觉就他自己牛逼一样。而且还老是骂脏话。有次说，怎么样，老子牛逼吧，咋咋咋他妈的。然后自己又说了句，我有很好的品味情趣啥的，真是无语。讲课也不怎么样，讲着讲着就到了吹牛逼。。。。
104684,206,周勇光,2019-03-26 03:23:32,-4,2,6,王二，你怎么了？
104752,206,周勇光,2019-03-27 05:06:07,0,4,4,17页作业。。。\n\n
105297,206,周勇光,2019-04-09 10:30:30,6,10,4,光哥从上学期的七点几到八点几  好坏大家自知
105528,206,周勇光,2019-04-16 05:37:30,1,8,7,说实话我不想吐槽的不过最近他一到吹牛环节就无法自拔，老师实力是有的，不过这课堂氛围无法恭维，尤其吹牛环节，建议慕课并用吧，
106789,206,周勇光,2019-07-12 01:44:20,9,10,1,当每个人都夸老师的时候我就知道我凉了.对不起老师！
106820,206,周勇光,2019-04-30 01:55:03,5,7,2,“你们只能说我甜。”
107087,206,周勇光,2019-05-01 12:13:05,2,8,6,剧甜术士！
107392,206,周勇光,2019-05-05 00:13:01,11,12,1,? 酱旁边的塔子哥
108914,206,周勇光,2019-06-04 06:50:21,1,5,4,讲课还行吧，绝对不能算平淡。\n\n但是问题也很严重，上课喜欢吹牛，经常提到自己写的书，说自己书上哪哪部分好，经常有“你想考好就应该买”这样的话，很难不怀疑他没在推销。
109785,206,周勇光,2019-06-19 07:42:54,3,7,4,剧毒呵呵
109794,206,周勇光,2019-06-19 08:39:23,-2,4,6,给光爷打call！！！！
109910,206,周勇光,2019-06-20 06:18:32,5,13,8,把评分拉高，一定要让后面打的学弟学妹上他的课
110054,206,周勇光,2019-06-22 02:41:10,-2,3,5,佩服了
110284,206,周勇光,2019-06-25 10:04:54,1,9,8,上学期的工图课让我倍受煎熬，但现在回看，发现我许多珍贵的回忆都源自工图课和光哥，到现在我还能为其他正在学的同学辅导工图
111598,206,周勇光,2019-07-02 05:53:17,2,6,4,上课水平不好评价，但是作业质量极佳，无论是图的质量还是知识点的覆盖都堪称完美，只要你肯做他的作业，期末肯定不会让你失望的
114445,206,周勇光,2019-07-10 03:12:25,-9,2,11,牛逼完事
114780,206,周勇光,2019-07-11 17:09:43,7,12,5,谁说毒的？我觉得上课风格领先时代50年，真的上课搞笑，作业覆盖面又相当广，考的知识点上课作业基本都能做到。10分。
114800,206,周勇光,2019-07-11 23:08:06,-8,2,10,但入光爷门，人均光学家！
114805,206,周勇光,2019-07-11 23:40:46,-9,0,9,牛逼完事
114958,206,周勇光,2019-07-13 03:36:46,0,6,6,没有经历过光爷的教导，谈什么你上过大学！
115062,206,周勇光,2019-07-15 03:55:37,-11,8,19,光哥真的很好。第一节课就自我正名“剧甜仁士”，是个非常有个性的老师！爱了！老师对不起我没学好呜呜呜但是你教的真的很好
115639,206,周勇光,2019-08-13 16:38:34,6,6,0,简直痛苦，我寻思现在也没出，问什么没人喷，简直离谱
115667,206,周勇光,2019-08-17 06:08:13,7,11,4,没教什么有用的，教学模式显然不合适，不是大佬中的大佬别选，很容易挂
116660,206,周勇光,2019-09-12 12:05:05,2,4,2,视听盛宴
116756,206,周勇光,2019-09-15 06:15:00,-6,6,12,作业很多贼恐怖但是做下去收获应该会很大
116922,206,周勇光,2019-10-17 11:59:07,18,25,7,这老师傻子似的
116936,206,周勇光,2019-09-17 11:33:06,9,13,4,不要选，太可怕了
118037,206,周勇光,2019-10-19 05:46:05,0,4,4,真的是奇葩
118348,206,周勇光,2019-10-25 08:42:41,-4,1,5,剧甜? \n\n
118525,206,周勇光,2019-10-28 05:11:04,7,7,0,夏学期的课，秋学期都快开始了才出成绩，成绩录入不进去，补考的同学全都没有资格，严重的教学事故，得亏有同学去找了教务处的老师才把资格录入进去，可是第二天就开始补考了
118618,206,周勇光,2019-10-29 13:14:22,32,38,6,工图选我我超甜，又骗感情又骗钱。\n\n上课瞌睡打到爽，提高班里无人烟。\n\n课程难懂作业多，熬夜熬到三点钟。\n\n劝君三思而后行，人生莫要留遗憾。
119281,206,周勇光,2019-11-12 02:25:14,0,3,3,金句不断
119284,206,周勇光,2019-11-12 02:32:58,3,6,3,这个老师极其牛批，不上他的课，不会知道大学的滋味。
119325,206,周勇光,2019-11-12 05:40:48,3,9,6,挺好的老师，其实老师没有传闻的凶，很有个性也很幽默，上课讲各种段子。课堂难度挺高的，但是只要跟上老师节奏一定受益匪浅，只是我是个比较菜又不努力的人，没好好跟老师学，很多喷他的其实都是不好好跟着他最后没吃到好果子的人
121268,206,周勇光,2019-12-25 02:27:27,4,5,1,难受的很
121279,206,周勇光,2019-12-24 09:42:30,1,5,4,光哥的课，你就得真的整个人的毛孔都竖起来听课，不然你是学不好的，但是如果你做到了，你也能成为一个怪物。
121706,206,周勇光,2020-01-21 02:57:34,8,9,1,要求多，讲的乱，🐔 点低\n\n总之还是慎选吧
121722,206,周勇光,2020-01-21 06:18:56,-14,8,22,来浙大遇到的给我影响很大的老师之一，他肚子里真的有墨，深藏不露，他会抨击教育制度，用不寻常的观点剖析问题，上课的时候段子不停，仿佛在看单口相声。他虽然教的内容是画图看图，但我觉得我的看待世界方式也有了很大的改观。\n\n老师的课程资料很丰富，虽然压力会有些重，但真的是受益匪浅。
122146,206,周勇光,2020-02-17 09:43:45,-11,5,16,上课真的可以学到知识，而不是简单的混个成绩，老师注重的是对于知识的培养而不是好成绩学生的培养，如果认真听课绝对可以学到很多有趣的工图知识，前提是能够撑下来，无论是不是提高班，都要努力去停，由于压力较大，不用提前去占座位，第一排空空如也，最后期末考试给分也很不错，感谢这位老师，不仅仅是对于工程图学这门课程的教授，老师更是出于作为人生先行者给后来人上课！
122325,206,周勇光,2020-02-24 06:42:02,8,8,0,不建议程度不好的学生选
122501,206,周勇光,2020-03-02 12:30:18,6,8,2,上他的课就让我感觉很不舒服
122713,206,周勇光,2020-03-23 18:15:28,-3,6,9,真正重要的东西，是眼睛看不到的。\n\n如果愿意做出思考和进化，光哥的课堂欢迎你。
123644,206,周勇光,2020-06-11 06:50:14,3,6,3,相当垃圾
123971,206,周勇光,2020-06-18 10:33:28,-3,3,6,前期上的还行，不过主要也是自己有点底子，也有作业和答案配套学习，后期啥都没学到，上课上的太散了，基本没听到什么，直接全靠自习。\n\n疯狂说学生垃圾，把工图吹成很难的样子，不知道意义何在。\n\n但老师还是很会从学生角度着想的，是一位通情达理的老师，也是希望老师能够做的更好吧。
125120,206,周勇光,2020-09-01 08:41:18,-1,1,2,小朋友，你是否有很多问号？
125186,206,周勇光,2020-09-03 07:11:41,0,4,4,呵呵，1分意思意思
125383,206,周勇光,2020-09-08 02:57:14,-1,1,2,临行密密缝，意恐迟迟归
125501,206,周勇光,2020-09-20 08:19:23,31,35,4,坦白说，浙大是需要这样的老师的，学校要让学生明白，社会里肯定会有这种****（不想说脏话，自行想象），你还不得不去面对的人，算是素质教育的一环吧
125557,206,周勇光,2020-09-12 12:23:22,4,5,1,以学生的一段人生达成自己的美满理想
125602,206,周勇光,2020-09-12 08:22:00,4,6,2,基础差的慎选，能力强的也有更好的选择
125610,206,周勇光,2020-09-12 10:25:55,16,17,1,哭了……人生中第一次挂科，都不知道怎么办了。真的，我做机械制图的时间比微积分长很多，没想到还是这样的结局。
125842,206,周勇光,2020-09-14 23:16:32,9,12,3,上课什么都不讲，书也看不懂，您让我怎么学？
125931,206,周勇光,2020-09-16 01:03:29,11,12,1,爬爬爬
125941,206,周勇光,2020-09-16 02:23:49,7,10,3,期末考试讲了一遍再考就离谱
125998,206,周勇光,2020-09-16 11:14:33,6,8,2,希望上课正常一点
126455,206,周勇光,2020-09-27 10:07:56,19,21,2,春风得意马蹄疾，工图勇光吹牛皮
126489,206,周勇光,2020-09-28 08:04:48,97,100,3,勇光大舞台，有🐎你就来。\n\n勇光台上讲，全家天上看。
126539,206,周勇光,2020-09-30 01:50:29,27,34,7,傻逼一个
126553,206,周勇光,2020-09-30 08:29:27,15,24,9,煞笔老师
126816,206,周勇光,2020-10-21 08:10:41,19,27,8,回来拉下分数，这老师不配有8分
126885,206,周勇光,2020-10-26 17:43:05,19,29,10,就是个垃圾老师，上课输出自己毫无营养的成见、吹牛皮、打击学生，没有知识体系。我读的那个学期还成功洗脑了一批没脑子的来查老师上给他刷高分？老斯德哥尔摩症了。
126992,206,周勇光,2020-11-02 02:50:27,5,5,0,不愧是你
127330,206,周勇光,2020-11-20 07:13:49,2,5,3,剧毒术士
127861,206,周勇光,2020-11-29 05:06:11,5,11,6,为什么之前这么多给高分的，我有点想知道真正的原因
128462,206,周勇光,2020-12-23 10:00:12,0,6,6,真正能学到一点工程实际，而不是简简单单地水过去
129853,206,周勇光,2021-01-13 04:02:33,1,3,2,难度大，但学到的很多
129861,206,周勇光,2021-01-13 04:59:41,-5,2,7,有思想，题目挺好，讲课有内容
131332,206,周勇光,2021-01-27 06:08:23,0,1,1,很真实
131600,206,周勇光,2021-01-28 06:21:13,14,16,2,可能他上课确实令人想骂人，但不可否认剧毒术士给的题目相当不错
132239,206,周勇光,2021-01-31 07:55:21,8,12,4,老师给分两级分化比较严重。总之想要在他的课上拿高分，天赋和勤奋缺一不可。想水课的不要妄想逃过剧毒术士的魔爪。
133467,206,周勇光,2021-03-01 04:35:01,16,24,8,今天有幸体验到了人生必须体验的课是什么感受，上完课令人无语凝噎。对女性的傲慢和轻视，对其他老师赤裸裸的看不起，对努力毫不掩饰的鄙夷，对学生智商的侮辱。虽然是第一节课，但我已经感觉到万分迷惑，之后他究竟有什么惊天动地的表现能让人给他打高分
133646,206,周勇光,2021-03-03 07:25:19,4,10,6,上了别的老师的cad才知道周勇光多牛逼
133976,206,周勇光,2021-03-11 05:17:34,0,2,2,就这样。
135218,206,周勇光,2021-05-06 06:03:42,16,24,8,我也不知道为什么这么多受害者会产生依恋和敬佩之情，如此你是玩转地球的那批人，当我没说，如果你也是“我们美国，你们中国”，那也当我没说
135374,206,周勇光,2021-05-08 17:06:28,-2,2,4,一个让你不想也不敢打瞌睡的老师，一个让你会永远记忆深刻的老师
135594,206,周勇光,2021-06-15 17:37:39,-3,13,16,"大家都喜欢扣老师字眼啊，行啊，我也扣。你们都说老师说话狂，不尊重人，你们看不到每次说到老教师都是非常尊重的吗？“这道题是99年一个即将退休的老教师出的，当时震动全校，连我当时也做错了”“教科书里的这幅画是一个老教师画的，这还是这本教材难得彰显浙大水平的地方，他现在应该已经过世了...”“和儿子在路上碰到一个白发苍苍的老师，那是教我现代控制理论的老师，真的非常严格，丝毫不能差错...""如果工图挂科算我活该，我认了。老师说的一句话对我真的受益匪浅：感jio很重要，理性思维不能少。替老师有点不平罢了，反正现在说一句政治不正确的话就是死罪，我这种人肯定也要被当成斯德哥尔摩。"
135808,206,周勇光,2021-05-27 01:32:32,-3,4,7,何必呢，都过去了！
136327,206,周勇光,2021-06-16 08:50:09,58,64,6,曾经被这玩意坑得挂科、重修了黄长林老师的工图+CAD接近满分、即将毕业的老狗回来给周勇光打分。他根本就不配当一个教育工作者：节奏混乱、顾左右而言他的课堂，对天赋较差或尚未适应大学节奏的新同学的不屑，对学生自信的打压，不合时宜的讽刺和歧视，那种仿佛举世唯我独清的令人反胃的优越感。我想告诉他，这世界上有大把的学生没有他认为理所应当具备的天赋或者前期的优质教育资源，很多贫困地区考来浙大的同学，一开始真的想不明白什么叫立体，什么叫视图，更不具备空间想象或者构造力。我当时从河南的贫困县高考杀入浙大的时候，word和excel都没用过，打字都不利索，CAD更是一头雾水。我只是想从零开始，弄清每个概念，按部就班修完课程而已，不需要你来传输那奇怪偏激的观点或抱怨。况且，这么多年读下来，在中国深耕机械行业的大牛多的是，哪个单拎出来也不会有你这般的优越感吧！我真是倒霉，曾经摊上这么个老师。
136398,206,周勇光,2021-06-17 11:53:25,1,10,9,超爱周勇光老师，哈哈哈哈哈，感觉上课很好玩，在他的课上我总是能很集中注意力
136768,206,周勇光,2021-06-24 07:16:08,-5,19,24,这老师纯死妈东西
137413,206,周勇光,2021-07-04 04:03:38,16,24,8,傻逼老师，给分超差，长得超丑，上课日常口吐芬兰，三句不离他妈的。有着迷之自信。如果不在乎绩点的同学，同时想围观早期暴躁人猿，强烈推荐这门课程。
138735,206,周勇光,2021-07-10 15:07:42,0,5,5,怎么说呢，我是他的课代表，一学期有认真的学，期末考个人感觉还不错，结果出分3.9，中肯地评价几句，他的上课方式我有学到挺多的东西，但这个给分真的是迷
138791,206,周勇光,2021-07-11 01:02:54,2,8,6,作为一个高中数学选择题的三视图都要想半天 空间想象能力几乎为零  开学就担心工图要挂科的人 个人觉得zyg老师上课还是蛮有意思的 干货也很多 有重点 布置的作业质量也很高\n\n课后认真做了作业  虽然zyg老师发的纸质作业很多错的 但期末考前把布置的所有作业看了一遍 搞懂了 该背的背了  期末也上4了 已经很满足了\n\n感觉zyg老师其实很温柔  刀子嘴豆腐心罢了\n\n印象很深刻的一名老师\n\n永远为光光打call
139696,206,周勇光,2021-07-20 07:38:12,5,12,7,看老师的评价还挺有意思的，不管是夸老师还是骂老师的，都把老师的每一面勾勒出来了，看前几年的评价和这个学期上课相比，感觉术士还是那个术士就没变过，，不过这个学期的评价好像骂老师骂得更加恶毒了hhh。欸，其实老师还是蛮关心我们的，不过是用另一种方式。虽然平时老是说作业做不做无所谓，上课来不来无所谓，结果3月份有一次人来的比较少，然后那节课感觉他火气大得很。还有就是我觉得老师并不是精英主义，他最欣赏的不是“智商高”的同学，而是认真用心的同学啊。他上课发的练习是非常棒的资源，一定要好好把握啊。还有用CAD画一下立体对形体的把握也会加深的。上工图这门课，一定要用心啊。给分的话期末60%，班里有大佬卷面拿到100分的，真的想夸，太强了吧！
141645,206,周勇光,2021-10-19 02:20:45,6,7,1,水平还算有 但是最开始几节课三分之二时间在变着法子骂人 到底这上的是个什么课我姑且蒙古
141801,206,周勇光,2021-10-26 13:35:03,106,113,7,给我一把枪，前面有希特勒和周永光，我先杀周勇光
142014,206,周勇光,2021-11-04 03:15:17,2,3,1,窒息感
145209,206,周勇光,2022-01-14 12:59:36,33,34,1,真是牛马老师，上课一直骂人，还连你爹妈一起骂了，教也没见教多好，不知道哪里来的迷之自信，期末也不捞人，真是个奇葩
145335,206,周勇光,2021-12-29 05:36:01,3,4,1,体验极差
145507,206,周勇光,2021-12-30 05:17:23,7,8,1,马里奥都自愧不如
145873,206,周勇光,2022-01-14 10:15:31,-14,4,18,老师上课虽然口吐芬芳，但整体教学水平还是可以的，给的练习质量都很高，认真完成还是有收获的，最后给分也还不错，没有之前想的那么恐怖。
145875,206,周勇光,2022-01-03 14:25:16,1,5,4,周勇光老师~~~
146995,206,周勇光,2022-01-08 10:50:41,9,9,0,老师确实很特别，以自爆为教学方式也不是人人都能接受得了的，但学的时候有则改之无则加勉，这样我认为就能好好学好他教的这门课
149078,206,周勇光,2022-01-14 10:14:46,2,3,1,emmmmmmmm一言难尽
149160,206,周勇光,2022-01-14 14:57:02,20,21,1,喜欢发资料是吧，发完资料收资料费不给答案是吧，喜欢骂人是吧，喜欢集体扫射是吧，你妈真就是个睿智好吧，嘴那么臭，活该现在还只是讲师评不上教授，副的都还不是，不知道你哪来的脸天天上课说院长哪哪不行，恶心人的都给爷爬
149189,206,周勇光,2022-01-14 16:24:59,3,11,8,单丛课程来说，你会发现很多时候在讲闲话，但这些闲话真的不是毫无意义，比如举了无数多遍例子督促你看书，还有各种奇怪的刁钻角度的提问，他想用自己的方式来告诉你怎么去学习，但可惜的是麻木的人听多少遍依然麻木，会动摇的人早就开始行动了。\n\n讲课效果上他已经把最重要的东西讲得很透彻了，整个工图最重要的就是形体分析，最恶心的就是尺寸标注，其余的就算上课懵逼好好看书都能搞定。\n\n正如周勇光自己说的，想捞的只有愿意挣扎的人，打分不会低于你的期末考试分。说实话，我觉得这才是最好的评价方式，与其整这么多水分充足的过程考核让人蒙混过关，不如直接一锤定音，你要关注的就是会不会，学得好不好。周勇光在考试的时候反复提醒学生也好，平时作业把答案放出来也好，都说明他其实不想让学生挂科，都希望大家能学好。\n\n所以呢，给选周老师的课的同学一点建议，要不不选或者退课，要不就抱着决心一直学下去。
149315,206,周勇光,2022-01-15 05:15:13,-9,2,11,感觉他的工图课上课感受真的因人而异吧，如果对自己的工图有自信的话那选啥老师都没问题，周老师对期末成绩较好的同学给分还是不错的；否则如果前一两节课感觉不好那还是退课吧。个人感觉毒点在于：复读机式吹逼+吓人（真的可怕。优点在于：硬着头皮坐前排的话，可以确保自己有在学习，适合自制力差但想努力的同学。
149728,206,周勇光,2022-01-16 14:42:40,13,13,0,傻逼老师
150779,206,周勇光,2022-02-18 09:45:39,7,10,3,久仰剧毒大名了。每节课都天南地北喷一下是真的奇怪。全部按他的要求做下来，收获是有的，分数也不低。
150970,206,周勇光,2022-02-21 11:53:37,57,63,6,他根本就不配当一个教育工作者：节奏混乱、顾左右而言他的课堂，对天赋较差或尚未适应大学节奏的新同学的不屑，对学生自信的打压，不合时宜的讽刺和歧视，那种仿佛举世唯我独清的令人反胃的优越感。我想告诉他，这世界上有大把的学生没有他认为理所应当具备的天赋或者前期的优质教育资源，我只是想从零开始，弄清每个概念，按部就班修完课程而已，不需要你来传输那奇怪偏激的观点或抱怨。况且，这么多年读下来，在中国深耕机械行业的大牛多的是，哪个单拎出来也不会有你这般的优越感吧！
151049,206,周勇光,2022-02-22 09:24:42,-2,0,2,哈哈哈哈，不得了的老师。
151670,206,周勇光,2022-03-11 04:12:54,2,4,2,我的评价是，不如课上睡
151734,206,周勇光,2022-03-14 06:57:28,1,4,3,😅差不多得了
151882,206,周勇光,2022-03-19 04:32:31,4,8,4,时间过去了很久，现在的我终于明白了，当我玩GTAV时，对崔佛的微妙既视感是来自于哪里了。如果你想要了解这个老师的上课风格，可以去看一下A站上GTAV的游戏录屏，崔佛大概在第10关以后出现……如果你很喜欢里面的崔佛，恭喜你，你可能也会喜欢周老师的课。
152131,206,周勇光,2022-03-28 06:29:11,11,13,2,还剧毒术士，我呸，来浙大目前最让我恶心的就是上了他的课，头铁的可以冲他
152277,206,周勇光,2022-04-01 07:20:16,0,2,2,一辈子都难以忘怀的课堂体验
152565,206,周勇光,2022-04-14 15:30:54,3,6,3,不懂为什么有人夸他
153369,206,周勇光,2022-04-28 15:03:02,8,9,1,sb老师，一言难尽
154075,206,周勇光,2022-06-16 00:57:24,42,45,3,教好你的工图课就行了，逼逼叨叨天天KAQ2.0，国家一等奖教材，你出的受到院长表扬的18—19秋冬学期考题。\n\n上他的课不如不去，去了还恶心人😰😢😥😓\n\n\n\n你让我过就是好老师😭
154261,206,周勇光,2022-05-27 10:20:53,3,7,4,你可能觉得他不是一个好老师，但他绝对是一个好工匠。
154306,206,周勇光,2022-05-29 15:20:01,20,25,5,师德师风建设问题突出。可以说是不配为人师了。可能有的天才性格怪癖，但是zyg没有才高八斗的命，没还得了恃才傲物的病
155491,206,周勇光,2022-06-13 13:41:34,4,7,3,老师不收线上作业的，希望不要再有人中招了。有些同学线上交的作业，老师已读不回，最后的平时记录是空白。。。
155686,206,周勇光,2022-06-15 07:57:02,-1,2,3,相见恨晚
155695,206,周勇光,2022-06-15 08:24:42,1,3,2,难受。
155896,206,周勇光,2022-06-16 13:17:46,5,6,1,艹垃圾
156299,206,周勇光,2022-06-19 00:38:53,5,8,3,认真上了周老师的课，客观来说，我认为他其实有一定的水平，也确实认真负责。对工图，对学校，对社会的一些看法一针见血。不过教学方式争议太大，如果仔细去思考的话会发现他的做法都带有这样那样的教学目的，但是也会有副作用，而这个副作用可能就是他广为攻击的本质原因。直白地说：对于后续学生，我认为专业前10%可以放心选，如不然还是慎重。
156771,206,周勇光,2022-06-21 02:40:22,20,24,4,怎么说呢，这个老师的评价两极分化严重，我的建议是如果你不是大佬，那就快跑。不可否认，老师实力是很强，他确实有自信的资本，但是他太喜欢扯一些和课堂内容无关的东西了，对比其他老师他几乎不讲解习题，只是把3D图放出来让你看，但我要是能想象出来我会画不出来？我知道我的空间想象能力不是很强，我在课后花了很多时间去弥补，用的时间比vjf还多，但他不讲解习题，你做了也不会知道自己哪里错了，更不会知道正确的解题思路，只可能看到他炫技的CAD模型。我最后vjf4.5但工图1.5可供参考，所以那些实力不是很强的同学慎选，尤其是刚进入大一的同学，快跑！大佬们无论在哪个班级他们的成绩都不会差，但对我这种学渣上他的课就是一种煎熬！所以何必冒这么大的风险去选这么一个争议如此大的老师？选其他的老师他不香吗？
156827,206,周勇光,2022-06-21 05:07:42,8,9,1,不是大佬谨慎选择，已经提醒到这了
157546,206,周勇光,2022-06-23 16:43:49,6,10,4,感觉上课像个疯子一样，感觉自己多清高，别人多差劲一样。讲课水平是真的辣鸡
157650,206,周勇光,2022-06-24 08:07:25,12,15,3,垃圾老师 除了聊天扯皮什么都不会 东西全靠自学 一节课一般时间吹牛逼骂学生
157658,206,周勇光,2022-06-24 08:40:01,-21,7,28,事少，可以不去上课，最后总分按期末考试给，挺好的
157664,206,周勇光,2022-06-24 09:21:56,10,14,4,喜提大学第一门挂科，听我说谢谢你。
157669,206,周勇光,2022-06-24 09:32:59,4,13,9,我来评价一下zyg老师\n\n首先，他强调的两点就是1.上课爱来不来，作业爱教不教，给予绝对的自由2.你最后的总评分数一定比你的期末分数高，也就是说，只要你自己足够厉害，就算平时记录完全没有，你的总评分数同样比你期末分高。大佬可以放心来。\n\n然后关于脾气，确实是挺火爆的，但是你每一节课听下来，你会发现他后面其实也没这么脾气大，可能开头几节课吓吓大一学生？然后他是会听学生的建议的，但前提是，你必须得提出来，我印象比较深刻的就是，在4月左右，课代表汇总了班里在微信群的一些意见，然后zyg专门花了一节课与我们探讨我们想要什么样的教学方式，以及他的教学理念。\n\n也正如前面评论所说的，他欣赏高智商的人，但更欣赏会思考的人。另外，他给的课堂练习，真的很不错的，很有启发性，一学期下来只收2元，还是自愿给的。\n\n另外，上他的课，我相信你是很难睡得着的，你一节一节听下来，是一定会有收获的。最后要提醒的是，一定要好好看书，好好做那个练习册。非常重要！
157741,206,周勇光,2022-06-24 14:58:40,-26,4,30,术士很强，好好听他的课还是觉得很有收获的，课后也没怎么做题就有4.5，给分还是很不错滴
158485,206,周勇光,2022-06-29 15:18:12,11,15,4,对于zyg老师，个人感觉一言难尽……\n\n首先不得不承认，周老师的水平是很不错的，讲课内容也有干货，是能学到东西的，还有他发的课堂练习，题目个人感觉都是比较难的，做了也很有收获。\n\n但是，感觉听zyg的课真的是比较下头的，经常上课吹自己多强，别的老师哪哪都有错，而且会嘲讽KAQ2.0的，引领世界的浙大学生就这？确实听着比较烦。上完一学期，已经习惯性屏蔽这些话了（毒抗++）。\n\n最后成绩比我想的要高一点，但是非常好的卡绩了……不得不说zyg恶心人还是有一手的。\n\n总结一下，zyg实力是毋庸置疑的，讲课也是能学到东西，就是讲课过程中经常穿插的……某些话听着比较不舒服，如果能够自行屏蔽，不被干扰，还是可以选的。\n\nps：zyg真的讲过考试原题，还会在考场上打哑谜暗示
158819,206,周勇光,2022-07-02 12:31:04,0,5,5,是一个很矛盾的人，讲课喜欢扯一些乱七八糟的东西，过于有个性
158866,206,周勇光,2022-07-03 01:24:56,6,10,4,老师长得好像范志毅，说话风格也像，你们去看看范大将军怒斥国足的那个视频，听他上课我全程都感觉在看那个视频。\n\n至于老师讲得如何我不评价，但是他捞我了，能捞我的老师就是好老师\n\nrespect
159458,206,周勇光,2022-07-21 11:25:04,9,11,2,烂老师，润润润
160431,206,周勇光,2022-09-22 06:18:03,-5,1,6,很有个性
160633,206,周勇光,2022-09-29 01:55:26,2,5,3,洗提大学最低绩点
161405,206,周勇光,2022-11-06 08:40:13,7,10,3,没有很大自信又想拿高分的人建议run，在勇光手下拿下4.5以上基本随便换个老师都是满绩
161631,206,周勇光,2022-11-09 17:35:15,-1,1,2,没话讲
161774,206,周勇光,2022-11-13 03:02:23,2,5,3,剧毒术士
162156,206,周勇光,2022-11-17 06:37:48,-1,3,4,有抖m倾向的可以来试试，课还是有点意思的，不过嘴确实毒
163566,206,周勇光,2022-12-15 07:56:36,1,5,4,拥有一个性感的大脑，言辞激进但直击要害，对于学习的理解很深，学术方面是很精湛的，而且现在尝试着体恤学生了。虽然会怕他，黑他，但心里是尊敬的。临别之际，说一些心里话。
163765,206,周勇光,2022-12-16 05:34:35,4,8,4,2022级大一。有一说一，勇光大体讲得还是比较仔细的，对课程和题目的研究也比较不错，把AutoCAD软件用得这么好的人也不多。勇光的作业质量不错，难度中上，高于习题册，建议要好好琢磨一下。期中会有小测，大家要注意复习一下。质疑和建议的地方：1.虽然这门课确实有不好的地方，但能否不要面面俱喷，也不要用不太文明的话语，适当幽默嘲讽几句或许更好；2.点线面投影这一块的基础知识能否讲得更深入一点，对后面学习也有好处，毕竟很多同学没有基础也很难自学；3.上课连贯性有待提升，真的要抨击或是要教导的完全可以最后半节课畅所欲言，前面可以连贯地上，有利于同学跟上思路；4. 作为一个即使想象出空间体也很难画对的人，我觉得有些比较难的题还是要讲一下解题关键点的，而不是只在钉钉群展示同学的答案。\n\n    最后还是希望我期末绩点保3争4，勇光教学事业更加顺利！
164186,206,周勇光,2022-12-19 03:08:50,-8,5,13,老师的水平很高
164311,206,周勇光,2022-12-20 08:29:50,7,12,5,用依托答辩形容他是对本科生的侮辱
164315,206,周勇光,2022-12-20 08:41:43,17,20,3,恶心人有一手的
164328,206,周勇光,2022-12-20 09:26:06,13,17,4,听哥一句劝，不想挂科就别来这
164542,206,周勇光,2022-12-21 14:22:20,-7,7,14,关注永光喵，关注永光光宝谢谢喵！\n\n\n\n光宝的嘴再硬，亲起来也是软的~（指刀子嘴豆腐心）\n\n\n\n虽然话有时会脱离课堂，但是这些话是面向实际的，是超越课堂的命题。\n\n\n\n作业一定要自己认真揣摩，到底那里用到了新学的知识，工图学得不好很可能是因为你学其他课也不咋理解。\n\n\n\n当年大一作为老师的学生，独特的灵魂真的会为工程图学这种略显老式的课加分！
168381,206,周勇光,2023-02-15 08:08:04,5,12,7,作为工图老师至少9分，人生导师可以打100分，综合一下，10分
168780,206,周勇光,2023-02-22 07:16:23,5,19,14,woc  我真的爱他  听我一句劝xdm  选他好嘛  他真的有很多废话  可是他真的很好  很可爱  实力很强  你只要认真学  一定会给你一个很满意的成绩  真的大家别害怕  周老师嘴毒但人真的不错
169610,206,周勇光,2023-02-27 06:14:13,1,9,8,他真的是好老师，只有他才会认真的教你，他会告诉你怎么摆脱臭狗屎的名称。
171723,206,周勇光,2023-04-03 08:25:33,3,6,3,有一种王熙凤的感觉，说凤姐，骂凤姐，凤姐不见想凤姐
171914,206,周勇光,2023-04-12 12:20:47,6,10,4,纯小丑
171995,206,周勇光,2023-04-16 13:05:57,3,6,3,纯纯傻逼，快跑
172182,206,周勇光,2023-04-21 09:18:31,-6,5,11,3年了再来回顾勇光，确实是zju最有个性的教师，想混想摆烂别来阿光的班，想被鞭策想学真东西推荐阿光的班。\n\nbtw，勇光的课是真的下饭（字面意义），我吃饭的时候就打开周勇光《工程图学》，听他讲单口相声，吹一年又一年的牛皮，太乐了🥳，这不比德云社好看？
172201,206,周勇光,2023-04-21 16:29:31,-5,3,8,我爱你
172466,206,周勇光,2023-04-27 09:44:26,0,7,7,真的，当初不听身边上过他的课的同学话，不想拖一年在学就没退课，妥妥的后悔。身边所有人都劝退的，定有其原因。
172467,206,周勇光,2023-04-27 09:47:12,0,5,5,啥都学不到，绩杀。。。快逃
172468,206,周勇光,2023-04-27 09:58:50,0,4,4,工图4.5，来上他的机械制图3.3，什么都没学到，给分还差，别犹豫，直接跑
172471,206,周勇光,2023-04-27 10:58:36,-8,0,8,心理承受能力不强大的别来。
172560,206,周勇光,2023-04-30 04:12:07,6,15,9,你有本事把别的老师的均绩拉下来啊，没本事你狗叫什么，骂的就是你，你“特立独行”？你“清高”？\n\n对学生态度也极差，我以为学生单独和你交流的时候你会正常一点吧，结果呢，你什么态度，交流了3、4次，和你交流等于放屁
172562,206,周勇光,2023-04-30 04:02:41,1,9,8,有本事你把别的老师的均绩拉下来啊，没本事你狗叫什么，骂的就是你
172980,206,周勇光,2023-05-10 16:10:25,-7,4,11,老师你能不能把你主页的照片换成彩色的
173090,206,周勇光,2023-06-06 06:42:18,-16,19,35,好老师
173685,206,周勇光,2023-06-01 10:27:46,-16,3,19,勇光老师算是刀子嘴豆腐心，是真正热爱教学的人，我感觉老师教学态度很认真，老师确实有能力，没有评论区说的那么不堪，很幽默风趣
173686,206,周勇光,2023-06-01 10:29:04,-16,1,17,客观来讲周老师是一个好老师。他说的话虽然有些难听但却很真实—可以说是人生导师了。感觉周老师特别喜欢用激将法来推动我们好好看书学习。如果想混过这门课的话不要选周老师，想学到点东西的大胆选。
173717,206,周勇光,2023-06-02 00:30:34,-12,3,15,有个性，人生导师
174004,206,周勇光,2023-06-05 14:46:53,-18,5,23,老师很好，讲课很明确，在CAD软件使用方面也确实很厉害
174005,206,周勇光,2023-06-05 14:07:25,-23,4,27,老师很有水平，坐前排认真听收获很大，会联系很多实际机械加工的知识，让你大开眼界。课堂很自由，爱来不来，但是认真做作业、积极回答问题还可以有加分，真的很不错！
174006,206,周勇光,2023-06-07 23:22:48,-20,7,27,周老师的课干货很多，工图这门课很枯燥，周老师在上课之余还会分享一些人生经验，让同学们不会一直处于学工图的枯燥状态中，而且老师作业很少。
174007,206,周勇光,2023-06-05 14:20:33,-38,4,42,周老师认真严格，只要你跟上他的思路，就不会“如入宝山空手还”。周老师是一位让我受益匪浅的良师。虽然他的课堂总是那么严峻和严格，但却让我明白了严格和认真的工作态度。他循循善诱地教导着我们每一个细节，耐心地回答我们的问题，并为我们提供了充足的练习和实践机会。他的课堂氛围严谨又严肃，却让我感受到了浓浓的学习氛围。我相信，正是这种严格和认真的工作态度，成就了他杰出的教学成绩和对学生的关怀。\n\n\n\n无论是在课堂上还是在课后，严格的周老师总是尽心尽力地为我们提供更好的学习体验和更多的学科知识。他在教学中，不仅精益求精地掌握了学科知识，而且注重培养我们的创新思维和实践能力。他教导我应该怎样思考和分析问题，让我更加自信和热爱学习，也让我明白了坚持不懈的重要性。
174009,206,周勇光,2023-06-05 14:11:44,-29,5,34,上课风趣幽默，课程内容深刻，好评
174010,206,周勇光,2023-06-05 14:20:15,-41,2,43,周老师的课挺不错的，能从课上学到很多道理，而且他的课还不点名。并且周老师还是一个为学生争取利益的老师，总想着怎样才能为学生争更多的利
174011,206,周勇光,2023-06-05 14:20:28,-30,3,33,勇光老师有能力，上课认真听讲能收获很多，上课风趣，不会犯困
174013,206,周勇光,2023-06-05 14:22:25,-15,6,21,如果你多上几节课之后，你可以发现周老师的许多优点:专业能力很强，所提供的资料很丰富，上课拓展的内容也挺多，对很多事情有自己的见解。虽然上周老师的课很“耗蓝”，但是只要你认真听讲，认真完成作业，你会收货很多东西和不错的绩点。
174014,206,周勇光,2023-06-05 14:25:12,-18,2,20,周勇光老师上课幽默风趣 备课认真 上他的课能过学到很多知识 老师的能力特别强 讲的很不错 好评！
174015,206,周勇光,2023-06-05 14:25:21,-18,2,20,老师很好，不教死书，从课本的知识引出，将其内在核心逻辑教给同学们，而且知识储备丰富，CAD技术很厉害，很多丰富的资料都会分享给同学们，比较适合课外的提升，而且老师人特别幽默，不会只讲死道理。
174016,206,周勇光,2023-06-05 14:27:52,-17,3,20,老师的课很独特，如果你的心理素质不错，那绝对是值得一上，能从中获得许多独特认识的。
174017,206,周勇光,2023-06-05 14:29:01,-20,2,22,周老师是一位非常好的老师，不拘泥于课本，会联系实际，上课也比较自由，支持你以任何形式学知识，并且还会联系现实应用。
174018,206,周勇光,2023-06-05 14:29:58,-25,2,27,老师有独到的见解，注意启发学生思考，除了传授知识以外，更注重质疑思维
174019,206,周勇光,2023-06-05 14:30:15,-17,4,21,客观来说，周老师的课有很大的自由度，来不来上课、交不交作业都是自由的；周老师本身水平毋庸置疑的高，上课在风趣的同时也以独特的方式引人思考，许多个人辛辛苦苦做的资料也免费赠送，如果能对这门课有足够的投入，就一定会有很大的收获
174020,206,周勇光,2023-06-05 14:35:15,-17,5,22,老师虽然平时比较严肃，但其实还是很心软的，如果认真听过他的课，会发现他是真的想把东西教给你，每一张图都会用CAD做出模型，备课真的很用心。看了网上的评论很多都是恶语相向，我不否认老师有时候说话比较难听，但都是老师的人生体悟，老师比较骄傲，可能对现在很多人来说是无法理解的，讲真的，我也不能完全理解，我很多时候只是希望混个文凭，但是上了周老师的课，你会体会到一些和现在大学生不一样的的东西，他敢说出现在大家所不敢说的东西，至少我在上课的时候，我觉得不是一种痛苦，反倒很容易让我反思自己过去的行为是否真的对得起自己。如果你只是希望工图这门课拿到高绩点，你可以有很多选择，但既然来到了浙大，为什么不体验点新鲜的感悟呢。
174021,206,周勇光,2023-06-05 14:35:22,-16,4,20,非常好老师，英雄联盟，爱来自中国
174022,206,周勇光,2023-06-05 14:38:05,-20,2,22,老师的教学水平很高，只要你选过他的课，并且上课认真听，就一定有不少的收获。同时老师讲课幽默风趣，不会让你感到无聊，上了他的课，会让你对工图有不一样的认识。
174023,206,周勇光,2023-06-05 14:38:17,-30,2,32,上了一学期周老师的课，我觉得周老师是个专业水平很高，同时又很有个性的老师，与众不同。就个人感受而言，周老师的专业水平毋庸置疑，顶尖中的顶尖，教学永远是透过现象看本质，不教死书，教学十分灵活，注重知识的实际运用，而非课本的一字一言。他对于知识，追求的是真理，他对于工图独到的见解就是最好的证明。除了工图知识，他还会时常跟我们讲一些小故事，讲一些人生哲理，十分有趣，比如知识在生活中的运用，讽刺生活中的一些虚伪或死板的人或事等等。另外周老师的课堂最大的特点就是自由，也是个人最喜欢的一点，所以个人认为很值得一上。
174024,206,周勇光,2023-06-05 14:39:33,-25,2,27,周老师的课还是比较不错的，上课不点名，平时的作业也不是很多。在课堂上，偶尔会穿插一些小玩笑，让课堂更加的有趣。周老师的水平真的很高，对于知识有自己的见解，授课方式也很独到，不教死书，将知识的核心教给学生，剩下的交由学生自己思考，让学生真的能够融汇贯通。在他的课上，认真听课，积极思考，收货真的很大。
174025,206,周勇光,2023-06-05 14:44:07,-17,1,18,不点名，课堂很自由，和其他班相比事很少，ddl战士福音
174026,206,周勇光,2023-06-05 14:49:21,-13,4,17,水平很高的老师，在CAD方面很有建树，课堂内容充实饱满，认真听就能收获很多。\n\n除了传授课内知识，老师也教会了我们许多学习之外做人的道理，受用无穷。\n\n刚开始上老师课的时候可能会没有那么适应，但是习惯以后就能发现老师在上课时对大家透露出的关切之情，\n\n及对每位同学一视同仁的期许。
174028,206,周勇光,2023-06-05 14:51:12,-15,1,16,有个性，也有底气的老师。可以从老师的言语与课件准备上窥见其在工图和CAD领域的钻研程度之深\n\n不论老师如何要求学生，他的本意是好的，只是他确实不希望看见自己的好心白费
174029,206,周勇光,2023-06-05 14:52:13,-5,4,9,水平很高的老师，对于很多工程制图方面的东西有自己独特的见解，所以认真听能学到很多不错的技巧。\n\n另外，老师上课时经常穿插一些自己的人生感悟和道理，是一位比较可爱的老师。
174031,206,周勇光,2023-06-05 15:19:58,-6,7,13,好好好，老师讲的专业知识很好，基础知识很扎实，CAD使用也很熟练
174032,206,周勇光,2023-06-05 15:28:18,-13,1,14,老师其实本质不坏，本事也很厉害的，能尽其所能做到体恤同学，上课不点名，作业不多，CAD用的非常好
174033,206,周勇光,2023-06-05 15:47:25,-15,2,17,其实老师人挺好的，只是可能说的话在我们这个年纪看来不太好听，但你如果认真想想的话，老师说的东西都是很有人生哲理的，是真正意义上的人生导师，而不是那种只会给你灌鸡汤的老师
174034,206,周勇光,2023-06-05 15:50:01,-4,12,16,老师不点名，上课也比较自由，支持你以任何形式学知识，并且还会联系现实应用，很培养思维能力和自学能力，教学方式比较新颖，和其他老师不太一样。上课氛围比较轻松，老师也很喜欢聊天。支持能力比较强和比较自觉的同学选他的课。🆘🆘🆘🥹🥹🥹
174038,206,周勇光,2023-06-06 00:56:21,-22,6,28,周老师的课还是很有趣的，他不仅讲授课内的知识，还会帮助你广泛涉猎课外的内容，偶尔开开玩笑讲讲自己的故事和人生道理。上课发言和平时作业都可以获得加分，总体来说很不错哦。
174246,206,周勇光,2023-06-08 06:40:29,-26,14,40,那些骂老师的同学，我只能说呵呵，我也承认老师性感可能不是那种每时每刻都很好的那种，但是人家绝对公平，绝对不会亏待平常认真努力，好好上课的同学，平常压根儿不听，最后几天补的哪些人来说是一个噩梦，最后几节课老师还对我们每一个人进行单独答疑，这时发现老师的性感并不是很差，只是平常可能真的急。总的来说，无论给分还是能学到东西，我绝对认可他，哪些给差评的同学，麻烦良心自问一下，有没有认真听他的课，有没有思考他的话，有没有认真完成作业。
177282,206,周勇光,2023-07-02 14:36:01,18,24,6,我本人没上他的课，但看了我舍友这一学期在他班上的经历以及最后惨不忍睹的绩点等等，我来代打个1分。\n\n至于为什么我来打，主要是因为我舍友之前由于某种原因已经给敬爱的周老师打了个十分了
177291,206,周勇光,2023-07-02 15:15:02,10,13,3,我只能说快逃
178142,206,周勇光,2023-07-07 06:50:20,-41,2,43,为光哥举大旗
179015,206,周勇光,2023-08-21 08:45:38,7,7,0,真的恶心了我们那一个班选了他课的人，没有一个人满意自己的付出与结果的
179282,206,周勇光,2023-09-07 07:53:16,8,9,1,实在无法理解剧毒术士为什么评分这么高
179589,206,周勇光,2023-09-18 12:11:53,67,72,5,我就想知道这个b在2023.6.5到底干了什么，突然出来这么多刷好评的
179671,206,周勇光,2023-09-19 07:23:42,42,43,1,别的老师在周永光的眼里就是一坨狗屎，而他不一祥，因为他是两坨
180455,206,周勇光,2023-09-21 17:33:50,43,46,3,分高都是他让同学们刷出来了 不打分不给发历年卷。。。我舍友被他搞崩溃
180520,206,周勇光,2023-09-22 08:45:50,-1,1,2,aaa
180610,206,周勇光,2023-09-23 10:42:00,5,6,1,哥们上他的课上得怀疑自己，快跑！(ﾉಥ益ಥ)
180786,206,周勇光,2023-09-26 08:15:00,10,12,2,愧为人师，误人子弟！
180994,206,周勇光,2023-10-01 06:36:17,21,22,1,666，爷这辈子第一次见到这种不给刷高分就不发历年卷的老师
181270,206,周勇光,2023-10-12 14:17:25,-8,0,8,正态 平衡一下
181544,206,周勇光,2023-10-22 09:36:36,9,12,3,我曾多次想极力说服自己他是个好老师，是我自己有问题，但是失败了
181566,206,周勇光,2023-10-23 05:38:27,28,30,2,臭狗屁，臭狗屎，满口脏话满天飞。你的错，我的对，反正考试我不费。剧毒士，你快退，工图选他就白费。
181841,206,周勇光,2023-11-02 06:00:36,14,15,1,原来你我十年寒窗，努力了这么久，皆为术士眼中臭狗屎🤣
182192,206,周勇光,2023-11-12 07:01:45,87,89,2,阿光，我曾以为你是个放浪形骸，不羁于世俗他人评价的男子，我对你的评价也是好坏参半。但今日再看，没想到你在2023.6.5这一天购置了大量水军来刷好评，我真的心寒！失望！对你的印象跌落谷底！希望你好好改正罢，不要再做胁迫学生刷好评这种肮脏卑劣之事，有损师德！
182452,206,周勇光,2023-11-16 06:29:38,7,7,0,上他的课。真挺恶心的
183620,206,周勇光,2023-11-28 02:45:18,2,3,1,史
183989,206,周勇光,2023-12-05 12:26:59,3,3,0,勾石是这样的
184411,206,周勇光,2023-12-19 05:17:21,3,6,3,臭狗屎是这样的
184505,206,周勇光,2023-12-21 06:10:36,1,4,3,没有期中考，作业不检查不点名但是上课发电，我觉得大佬选应该比较轻松，但小白上他的课纯纯找死了
184814,206,周勇光,2023-12-23 05:19:16,406,410,4,期末威胁学生在查老师上给他刷分，期中威胁给他打零分的同学挂科，教的像屎最后靠透题让自己班的平均绩点比别的平行班只低了不到1.0分，触碰到他敏感的自尊心一律平时分归零。平时不上课可以，向他请假就平时分归零，我父亲去世时和他请假，直接在班级群里骂人，我之前每节课都有去听，没有做任何得罪他的事情，基本的道德都没有我不理解这种人为什么还能当大学教授，我也不理解那些给你透题就给他打高分的人是怎么想的，真的给这种人渣刷分？2023.6一夜之间从一点多分涨到7，谁不知道怎么回事？还在那里冠冕堂皇地评论，敢情不py交易的正常人全变成能力不足懒惰理解不了这勾史的清高思想了捏，只要给你透题哪怕找个唐氏症瘾君子给你上课你都能打高分是吧，真是够无耻的
185199,206,周勇光,2023-12-27 04:57:44,3,4,1,永光兄，浙水之滨的绝代神王，没有人比你更懂得掌握机械之神的力量，
185291,206,周勇光,2023-12-27 15:02:16,4,4,0,纯纯的沙壁
185438,206,周勇光,2023-12-29 10:26:33,0,2,2,真的听不懂
185453,206,周勇光,2023-12-29 12:18:23,12,13,1,给1分是因为没有0分
185645,206,周勇光,2024-01-03 08:32:05,4,5,1,哈哈哈臭狗屎哈哈哈
185660,206,周勇光,2024-01-03 10:55:32,9,10,1,我的差评怎么没了捏？（流汗黄豆）我的一点几分的老师怎么没了捏？？？
185665,206,周勇光,2024-01-03 11:27:59,-2,1,3,不好评价
185857,206,周勇光,2024-01-05 03:27:04,1,3,2,666
185971,206,周勇光,2024-01-07 02:56:02,6,7,1,周勇光发动技能：大声咆哮……\n\n学生对作业的特攻大幅降低！
186028,206,周勇光,2024-01-08 01:41:08,2,5,3,我要挂科了，先来给他刷个好评
186119,206,周勇光,2024-01-08 15:07:24,31,32,1,大二的，自己考试周复习不下去了，特意赶过来再骂一遍周勇光
186294,206,周勇光,2024-01-10 11:29:34,1,3,2,老师保佑我工图及格
186510,206,周勇光,2024-01-11 12:06:09,-10,3,13,针不戳
188335,206,周勇光,2024-01-18 15:52:28,22,22,0,快跑！！！全专业工图挂科率都是他一个人贡献的，大胆退课，不退后悔一辈子
188342,206,周勇光,2024-01-18 16:38:15,11,11,0,无言以对。很长时间没有对一个人这么痛恨了。
188367,206,周勇光,2024-01-18 23:18:19,8,9,1,真不建议选
188401,206,周勇光,2024-01-19 02:15:53,-59,5,64,真的很好
188406,206,周勇光,2024-01-19 02:41:39,21,24,3,给他打一分是因为最低分只有一分
188423,206,周勇光,2024-01-19 03:27:13,11,17,6,来客观评价一下周勇光老师，首先说结论，如果你想选周勇光老师的工图课，你要么天赋异禀要么能做到以下四条至少满足三条：\n\n1.自学能力极强\n\n2.有一定基础\n\n3.非常自律，且抗压能力强，能顶住周老师上课的种种压力好好上课，对他布置的课外作业能认真完成（有一说一周老师的课外作业质量确实高）\n\n4.对工图确实很感兴趣。\n\n如果你觉得自己做不到，那建议不要犹豫换一个老师，或者先退掉这门课以后再修。\n\n周老师能力也很强，但个性也很强，挺恃才傲物的，经常贬低其他老师和教材，对同学也是经常敲打批评，这是一个很大的槽点，希望老师能改一改。\n\n老师的教学非常自由，没有作业批改，没有小测，没有期中考，需要关注的只有课后作业的抢答，上课的回答问题，以及期末考，但这就导致了期末考的占比非常高，你必须期末考考好才能有一个好的分数，除非你能在抢答和上课问答中拿到较好的加分，否则，你懂的\n\n老师对同学个体基本没有任何反馈，你问老师一些基础的问题老师基本不会回答你，只有你问出他认为有价值的问题他才会回你，课后的作业如果全班同学都没回答出来的话老师就不会发答案，学习和查找漏洞和解决问题基本靠自己和同学\n\n工图本身是一门需要时间和精力的课程，建议大家不要抱着侥幸心理，脚踏实地积累，期末突击有一定的难度，很难拿到一个好成绩
188483,206,周勇光,2024-01-19 05:33:11,12,14,2,期末占100%，其他科目都4点多，也认真学了，期末考了73，总评就73了，绩点2.7，难以接受
188535,206,周勇光,2024-01-19 07:39:22,6,9,3,只挂不捞，一分不捞
188546,206,周勇光,2024-01-19 08:18:19,33,33,0,自己教成什么样，然后把责任全推给别人。说什么出卷老师出的难，学生图画的潦草，你有反思过自己的问题吗？为什么班里成绩最低只有15.5，二三十分的还不少？还说是运气的问题，把命运交给老天爷（原话），教成什么样自己心里没点数？教的烂也就罢了，好歹还能看mooc。可是你不上课愣是在那吹牛是想向学生展现你的伟岸吗？学生是来上课不是来看表演的。看戏也就算了，起码一般的马戏团也不会怼人吧。欸，他还真会。不仅骂自己，还骂学生，只要房间里的是个活物他都骂（毕竟不一定全是人）。也是，人生苦短，相遇都是一种缘分。周老师，学生们从您身上也的确学到了许多，不仅学会了自学，还通过您亲自举的一系列反例学会了很多做人的道理。总之，谢谢您！周老师！
188575,206,周勇光,2024-01-19 09:37:37,170,171,1,我没有想到zju对老师的要求已经放宽到灵长类了
188591,206,周勇光,2024-01-19 10:23:45,8,9,1,老师，您真是《孙子兵法》的真正作者。有没有-100分啊我靠，这个分数是人能给出来的吗，谢谢你让我看到给分能有多险恶，你这个老师看起来很变态，实际上一点也不正常。总之感谢您考虑到我的均绩不符合我的真实水平而拉低它
188595,206,周勇光,2024-01-22 13:17:36,17,18,1,我的评价是：史。
188596,206,周勇光,2024-01-19 10:37:03,-46,5,51,如果愿意认真学，是可以学到知识并且拿到高分的！老师很求是，很专业，也很有个性（×\n\n需要你——自律，主动学习，认真完成“课堂作业”（真的是制作精良的一套习题），其实并不需要有多高的天赋多高的智商，也可以有喜人的结果~\n\n（笨人是空间想象fw，但也拿满啦！可见努力认真学还是会有回报滴
188615,206,周勇光,2024-01-19 12:10:07,30,33,3,zyg，先上结论：快跑！！！\n\n神话，其光辉战绩包括但不限于：\n\n1、上课骂学生，猿啼不绝于耳\n\n2、上课骂其他老师，脏字张口就来\n\n3、自视甚高，将其他老师和教材不放在眼中，认为他们是cgs，认为自己是最好的\n\n4、设置恶心的加分机制，鼓励同学恶性内卷\n\n5、上课不知所云，经常提出一些与课堂内容无关的脑筋急转弯\n\n6、有很难的课后练习，且不会给标准答案，要看大佬的解答\n\n7、找他问问题会已读不回，并扬言“这是个游戏，同学们自己讨论解决”\n\n8、不捞，期末考多少是多少，挂科率很高\n\n欢迎各位受到周老师折磨的同学补充\n\n总结：如果你不是抖M+天赋怪+有一定的工图基础+有很强的自学能力，退课就完事了
188694,206,周勇光,2024-01-19 14:58:00,21,21,0,都看到这了，还不退课？
188771,206,周勇光,2024-01-20 02:01:49,11,11,0,上课自由是真自由   作业不检查是真不检查   该绩杀就是绩杀  总结来说 你的期末是什么 你的绩点就是什么  求是到反向捞分
188948,206,周勇光,2024-01-20 18:28:19,5,7,2,见见见
189233,206,周勇光,2024-01-22 13:11:49,48,53,5,五十人的班级（不包含退课和弃修）挂了19个，你是什么b人我不多说
189299,206,周勇光,2024-01-23 03:23:57,18,19,1,去死吧。。。煞笔
189408,206,周勇光,2024-01-24 03:41:58,62,64,2,以己道代天道，天理难容\n\n  有志有才不敢争，即为无志无才，自称怀才不遇，实则小胆无能\n\n  以晦涩教人，求他人之不明，以显自我之秀才，彰显我国腐学之特色\n\n  以自身之标准衡量学生之能才，折辱“求是”之校训，部分求是，部分反之，滑天下之大稽\n\n  关键之至，无明镜照自我，无胆思自身，无自知而欲使他人知，何为\n\n  以天道证自，却以自定天道，道道相悖，因果终有报\n\n  你我皆平凡之人，无异人之性格，过人之能才，勿入此门，否则，空回首，方明阿房宫之道矣
189686,206,周勇光,2024-01-27 00:26:58,26,26,0,呵呵，如果你工图期末考没有九十分以上的把握，选他的课就等着绩杀吧。周勇光我记住你了，以后我生活不如意的时候我一定会想起你和你的父母的。哈哈哈哈哈哈哈想想就兴奋，以后有出气筒了
189855,206,周勇光,2024-01-31 08:38:53,7,9,2,哈哈，懂得都懂，工图是大学永远的痛
189858,206,周勇光,2024-01-31 09:43:50,67,67,0,——zyg的嘴和狗腚眼有什么共同点？\n\n——狗屎都从里面出来
190131,206,周勇光,2024-02-23 12:02:28,8,8,0,挂科率奇高。。。。
190211,206,周勇光,2024-02-26 00:08:41,9,10,1,妈的纯傻逼
190221,206,周勇光,2024-02-26 04:52:28,2,5,3,低分！退课！！！
190286,206,周勇光,2024-02-27 07:07:24,4,5,1,劝退
190312,206,周勇光,2024-02-28 01:54:50,4,7,3,💩💩shi r
190318,206,周勇光,2024-02-28 02:52:04,-4,4,8,good
190320,206,周勇光,2024-02-28 02:55:05,-32,3,35,和蔼可亲，从来不点名。上课诙谐幽默，尊重他人。🐶
190343,206,周勇光,2024-02-28 08:34:12,14,16,2,对外省或是没有选技术的同学不是很友好，老师默认大家都会。\n\n学了一学期，整个寝室的人已经把他的“臭狗屎”挂在嘴边了。\n\n看不起教授看不起学术，没有一点谦逊可言，并且学生们会被侮辱智商。\n\n喜怒无常，说出“老师就是要玩弄你”（不知道是不是开玩笑）\n\n相信大佬们还是很适合这位老师的，去卷课后作业加分吧！推荐选！
190412,206,周勇光,2024-03-01 09:08:33,5,7,2,what can I say?
190432,206,周勇光,2024-03-04 00:09:01,5,7,2,听一些老师的课不如自学，听zyg的课不如不学
190451,206,周勇光,2024-03-04 13:10:36,2,3,1,《头顶三尺有神明》，《构式》
190550,206,周勇光,2024-03-08 05:43:59,2,6,4,强烈推荐大家选周勇光老师的课，嘿嘿嘿
190580,206,周勇光,2024-03-10 07:18:11,65,69,4,今天心情不好，过来看看zyg老师的评论区。
190689,206,周勇光,2024-03-14 12:39:31,0,3,3,无语了
190712,206,周勇光,2024-03-15 11:33:55,3,4,1,艾斯比
190971,206,周勇光,2024-03-27 00:58:31,88,93,5,如果希特勒和zyg在同一间屋子里，而我有一把只有两发子弹的手枪，我会朝zyg开两枪，再把手枪狠狠地扔过去。
191188,206,周勇光,2024-04-11 05:08:22,3,3,0,依托狗屎
191436,206,周勇光,2024-04-22 10:33:29,0,2,2,构式goushi
191440,206,周勇光,2024-04-22 11:21:08,1,1,0,依托答辩
191457,206,周勇光,2024-04-23 02:23:07,3,6,3,zyg为什么不隐藏它仅仅是个讲师的事实？其实大家有所不知...
191514,206,周勇光,2024-04-24 06:10:03,6,9,3,胁迫同学打高分才拿了6+，抽象
191566,206,周勇光,2024-04-25 05:32:37,4,5,1,依托答辩
191706,206,周勇光,2024-04-28 13:32:34,6,7,1,想在期末体验提心吊胆的感觉的话，就选它的课吧。
191737,206,周勇光,2024-04-29 08:19:25,14,17,3,我想对一个新生最恶毒的诅咒就是选上周勇光的课
191794,206,周勇光,2024-04-30 08:13:56,-2,2,4,无需多言
191806,206,周勇光,2024-04-30 11:00:54,-17,3,20,好好好，推荐选，真的好老师，是我太菜了不配
191866,206,周勇光,2024-05-02 11:02:03,4,5,1,goushi，无需多言
191915,206,周勇光,2024-05-05 06:49:41,11,12,1,故弄玄虚\n\n开学给我们看了两张图，说一张满分一张零分\n\n也许是我们水平不够看不出来\n\n但问你你又不说
192697,206,周勇光,2024-05-28 12:06:56,28,30,2,个人不认可周老师的授课风格，大一刚进来并不是所有学生都有工图基础，整天上课啥知识点不讲，三节课就搞个有意思的难点，和少数几个听得懂的同学互动，有意思吗？大学里厉害的老师很多，从没见过一个人如此傲慢，正是因为大一选上了这位老师的课程，大类分流时我义无反顾的排除了机械，因为我觉得机械图纸让我看到就恶心！
192704,206,周勇光,2024-05-29 03:29:29,5,6,1,一股劳资天下第一的吊样，谁也看不起
192770,206,周勇光,2024-05-30 06:34:15,10,10,0,lj老师无脑一分不解释
192771,206,周勇光,2024-05-30 06:34:22,7,8,1,预置他的快跑
192800,206,周勇光,2024-05-30 13:26:27,3,5,2,我室友说这个老师就是闹谈，他不好意思骂
192802,206,周勇光,2024-05-30 14:10:02,7,10,3,https://file.cc98.org/v2-upload/2024-05-30/dbo4cjfe.gif
192833,206,周勇光,2024-05-31 02:44:40,5,5,0,呵呵呵呵
192835,206,周勇光,2024-05-31 02:46:06,1,5,4,煞笔一个
192889,206,周勇光,2024-05-31 09:34:04,7,9,2,也许有点实力，但是讲不出任何东西，上课义愤填膺，观点难以评价，一半时间在瞎扯，问他问题一问三不知，平时会给看考试题，勉强打个三分
192975,206,周勇光,2024-06-01 13:31:08,1,3,2,SSBB
193111,206,周勇光,2024-06-03 15:29:23,2,4,2,剧毒术士
193142,206,周勇光,2024-06-04 03:59:20,1,3,2,🫵🏿🦶🏾
193195,206,周勇光,2024-06-04 10:33:35,6,8,2,依托，慎选，快跑
193202,206,周勇光,2024-06-04 11:33:54,109,116,7,【第一招：先入为主】“论坛上关于我的评价很多，不过我还是想让你们认识一下真实的我”“我阅读量无数，巨读术士就是这么来的”\n\n【第二招：我行我素】“2+2的课上的不尽兴，所以我要调课，改成3+X”\n\n【第三招：大夸其词】“你们都是臭狗屎”“马斯克算个鸟啊，我们个个都是马斯克”“我怎么可能有错呢？错的一定tmd是你们”“你们脑子都破掉了”\n\n【第四招：拉一踩一】“考卷无差错是铁律”“xx老师出的卷子出现了荒唐的错误”“任何人拿到我出的题目那是如获至宝”“被院长表扬”\n\n【第五招：自相矛盾】“我一身反骨”“体制之下没办法”“我出的考卷不可能有人上90”“我教出来的学生不应该有低于90的”“知识就是垃圾，而且是有毒的垃圾”“知识也并不是一无是处”\n\n【第六招：水课大法】“我们时间很多，人很少，自由讨论，随便说”“还有两节课，怎么办呢，总得找点事情做吧”“你来读一下课本，就读xx页到xx页，读完我给你加分”\n\n【第七招：绝杀无解】“有个同学刚好就是59分，唉，你说巧不巧？”\n\n（以上内容多为回忆，仅供参考）
193237,206,周勇光,2024-06-05 03:06:19,8,9,1,💩💩💩💩
193395,206,周勇光,2024-06-09 06:29:00,-98,2,100,老师很棒，10分
193573,206,周勇光,2024-06-13 06:39:03,22,22,0,勇光啊，你什么时候又购置水军了？“老师好棒~~~”，我听着就恶心哈哈哈
193616,206,周勇光,2024-06-14 03:20:40,62,64,2,觉得眼熟？🤔 \n\n这样的场景，此时此刻正在折大的各处上演！😨 \n\n下一个可能就是你👈 \n\n除非你能做出生命中最神金的决定👍\n\n向所有人证明，你拥有追求赤石的力量与勇气✊ \n\n加入zyg的工图课程吧！ 💪\n\n成为全世界精英中的的精英！💂\n\n见识奇异的马戏团🐵 \n\n让勇光式教学惠及整个折大🚩\n\n成为构思，成为拉几💩\n\n成为挂科潜兵！😎
193630,206,周勇光,2024-06-14 05:17:10,8,8,0,依托答辩，想挂科就选
193831,206,周勇光,2024-06-20 03:36:14,4,6,2,大傻逼
194020,206,周勇光,2024-06-21 12:37:14,6,6,0,What can I say？
194119,206,周勇光,2024-06-22 05:34:52,8,10,2,室友说他是史
194166,206,周勇光,2024-06-22 10:01:52,4,6,2,傻逼zgy
194918,206,周勇光,2024-06-26 02:33:40,11,13,2,总评算是给了高分（本人零基础，非浙江人）\n\n平时作业都做了，他的抢答没做\n\n但还是非常不建议选，讲课讲的和勾史一样，并且我不太清楚其他人的得分怎么样
195644,206,周勇光,2024-06-29 06:53:59,2,5,3,自己感受
197204,206,周勇光,2024-07-09 04:41:53,8,8,0,最近怎么没人来冲他了，这样评分不好收敛呀，不会是良心发现了给分变好了吧
197375,206,周勇光,2024-07-11 17:52:16,2,3,1,666
197491,206,周勇光,2024-07-17 06:11:02,3,7,4,zyg怎么忽然分又高啦
197661,206,周勇光,2024-07-25 08:38:52,5,6,1,💩一坨
197770,206,周勇光,2024-08-12 03:45:26,14,15,1,只能说需要再把分刷下来
197785,206,周勇光,2024-08-13 03:50:58,7,8,1,啥都不会还教书
197804,206,周勇光,2024-08-14 02:48:23,5,7,2,一言难尽
197888,206,周勇光,2024-08-19 08:13:02,-156,5,161,强烈推荐新生选他，真是一个好老师，满绩随便拿，作业也不用写，太轻松了（我可不是水军，没怎么学拿了满绩有感而发）
198057,206,周勇光,2024-08-27 09:39:08,13,14,1,纯纯辣鸡，80个人的班，期中汽修了20多个人，最后还挂了二十多个人
198136,206,周勇光,2024-09-02 05:42:42,6,6,0,大sb
198306,206,周勇光,2024-09-06 12:19:20,57,57,0,如果一间房子里的有希特勒 本拉登 周勇光以及一把枪和两发子弹，我会给你光哥两枪
198307,206,周勇光,2024-09-06 13:16:53,3,4,1,剧毒术士早有耳闻
198346,206,周勇光,2024-09-07 13:34:43,0,1,1,略略略
198422,206,周勇光,2024-09-09 01:12:52,3,5,2,史中史
198524,206,周勇光,2024-09-09 12:14:44,4,5,1,快跑！/
198814,206,周勇光,2024-09-12 02:01:32,2,3,1,lol
198818,206,周勇光,2024-09-12 02:21:18,6,9,3,我日妳冯了个福
198935,206,周勇光,2024-10-21 00:52:24,15,19,4,好似。
199078,206,周勇光,2024-09-16 01:14:51,-12,5,17,光哥神中神捏
199413,206,周勇光,2024-09-23 06:45:38,4,4,0,shi
199437,206,周勇光,2024-09-23 14:52:34,5,6,1,跑，快跑
199862,206,周勇光,2024-10-05 08:10:08,9,11,2,最近怎无人评分？众爱卿为何一言不发？（doge）那我来说吧，如果你天赋平平，很努力地学，3.0还是可以拿到的。高分？那要看天赋了。但是如果你换一个好老师，可能zyg的挂科在他那里就是3.9哦（doge）
199981,206,周勇光,2024-10-10 06:09:01,5,6,1,司马了
200185,206,周勇光,2024-10-14 15:40:26,6,7,1,臭狗屎
200192,206,周勇光,2024-10-15 00:10:39,4,5,1,bdbd
200194,206,周勇光,2024-10-20 13:42:03,9,9,0,🪨中🪨
200196,206,周勇光,2024-10-15 00:45:52,13,13,0,出生玩意
200197,206,周勇光,2024-10-15 00:47:40,3,6,3,出生一个
200198,206,周勇光,2024-10-15 00:51:09,0,2,2,666
200199,206,周勇光,2024-10-15 00:51:18,15,16,1,这个就是个畜生，一坨臭狗屎
200202,206,周勇光,2024-10-15 01:15:20,9,10,1,这种人怎么会有6分
200203,206,周勇光,2024-10-15 01:44:29,15,15,0,不上zyg的课浙大生活是不完整的\n\n上了zyg的课宁愿没有人生
200206,206,周勇光,2024-10-15 02:00:17,7,8,1,出生东西
200207,206,周勇光,2024-10-15 02:04:14,4,5,1,就这种老师还配当大学教授？
200209,206,周勇光,2024-10-15 02:15:57,2,3,1,够使依托
200210,206,周勇光,2024-10-15 02:16:23,3,4,1,臭狗屎
200213,206,周勇光,2024-10-15 02:32:16,0,3,3,史中史
200214,206,周勇光,2024-10-15 02:34:44,3,3,0,垃圾老师
200215,206,周勇光,2024-10-15 02:52:01,5,5,0,要不是没有0分我还会给它打一分？
200216,206,周勇光,2024-10-15 02:43:38,4,4,0,狗屎
200219,206,周勇光,2024-10-15 02:51:45,4,4,0,英精中的英精👍🏻👍🏻👍🏻
200220,206,周勇光,2024-10-15 03:12:02,17,18,1,评分6点多是因为zyg要求学生在查老师刷好评吧，道德低劣，教品极差
200221,206,周勇光,2024-10-15 03:02:07,7,7,0,机械学院迟早要被反噬
200222,206,周勇光,2024-10-15 07:09:10,7,8,1,连最基本人文关怀都没的人不配做老师
200224,206,周勇光,2024-10-15 08:49:51,9,9,0,古希腊掌管赤石的神经
200226,206,周勇光,2024-10-15 03:34:16,6,6,0,无需多言
200228,206,周勇光,2024-10-15 03:47:21,5,5,0,🤮🤮🤮
200229,206,周勇光,2024-10-15 03:47:27,7,7,0,混吃等死的废物，上这门课唯一的意义是让你知道一个人的品格可以低到什么程度
200231,206,周勇光,2024-10-15 04:00:52,1,4,3,史中史
200232,206,周勇光,2024-10-15 04:15:08,1,3,2,慕名而来
200235,206,周勇光,2024-10-15 04:58:47,3,5,2,思想有问题，就是个纯正的sb
200236,206,周勇光,2024-10-15 05:11:24,26,29,3,冚家富贵的🐕杂种，是时候用铜头皮带把你抽的如陀螺般旋转
200239,206,周勇光,2024-10-15 05:49:12,5,7,2,你来删评论啊🥰🥰🥰
200240,206,周勇光,2024-10-15 05:44:10,5,7,2,为了正义
200243,206,周勇光,2024-10-15 06:13:59,3,4,1,鉴定为杀币
200244,206,周勇光,2024-10-15 06:15:27,4,4,0,活全家老师
200246,206,周勇光,2024-10-15 06:24:01,2,3,1,超级垃圾
200249,206,周勇光,2024-10-20 05:56:45,8,9,1,。。。
200251,206,周勇光,2024-10-15 06:58:08,3,3,0,，垃圾
200256,206,周勇光,2024-10-15 07:18:16,3,3,0,狗屎
200257,206,周勇光,2024-10-15 07:27:09,6,6,0,也是被这畜牲逼着打高分，我就不打你能拿我怎么样，反正打了也照样挂科
200258,206,周勇光,2024-10-15 07:29:48,4,5,1,这个的话\n\n绝对是个畜生不如的东西\n\n这就是个狗屎
200259,206,周勇光,2024-10-15 07:34:59,1,2,1,畜生不如的东西
200260,206,周勇光,2024-10-15 07:35:06,4,4,0,这是什么，踩一脚
200261,206,周勇光,2024-10-15 07:41:05,1,2,1,666
200262,206,周勇光,2024-10-15 07:42:21,2,2,0,劣币驱逐良币？
200264,206,周勇光,2024-10-15 07:59:30,3,4,1,💩💩💩
200265,206,周勇光,2024-10-15 08:00:16,1,3,2,出生，没有浮木的东西
200266,206,周勇光,2024-10-15 08:03:51,4,4,0,刷分大尸
200269,206,周勇光,2024-10-25 11:02:21,6,8,2,逆天玩意
200270,206,周勇光,2024-10-15 08:22:46,2,3,1,臭傻逼，三年前上的课，我tm现在还想上来再骂他一遍
200271,206,周勇光,2024-10-15 08:26:43,2,3,1,依托答辩
200272,206,周勇光,2024-10-15 08:53:49,0,2,2,垃圾中的垃圾
200273,206,周勇光,2024-10-15 09:02:46,3,3,0,猜猜夸你的水军多还是骂你的多？\n\n💩一坨，早日滚出浙大
200277,206,周勇光,2024-10-15 09:30:43,2,3,1,折大叫兽中的一个出生，但不是唯一的出生
200278,206,周勇光,2024-10-15 09:32:29,2,2,0,看过视频，逆天
200279,206,周勇光,2024-10-15 09:43:43,3,3,0,最低只能给一分了
200282,206,周勇光,2024-10-15 10:37:15,0,1,1,很差劲
200283,206,周勇光,2024-10-15 10:42:44,1,1,0,纯纯初升，大家朵朵搜一下就知道了，就搜老师名字，来得及退课的赶紧退
200284,206,周勇光,2024-10-15 10:43:17,1,1,0,，，，
200285,206,周勇光,2024-10-15 10:50:11,1,2,1,剧毒术士
200287,206,周勇光,2024-10-15 10:54:22,1,2,1,纯纯出生，这种人正常人之中都是人渣吧，还能到你浙当老师，也是唐的没边了
200289,206,周勇光,2024-10-15 11:40:05,5,5,0,诗人握持，赶紧衮吧
200299,206,周勇光,2024-10-15 13:46:20,2,2,0,打卡。
200300,206,周勇光,2024-10-15 13:54:10,2,3,1,出生啊
200306,206,周勇光,2024-10-15 16:09:16,4,5,1,冚家铲
200307,206,周勇光,2024-10-15 16:35:08,0,2,2,zyg就是一坨狗屎
200308,206,周勇光,2024-10-15 16:35:40,-2,0,2,呵呵呵
200313,206,周勇光,2024-10-16 01:30:46,3,4,1,sssssbbbbbb老师
200318,206,周勇光,2024-10-16 02:59:34,5,5,0,纯纯脑残
200319,206,周勇光,2024-10-16 03:12:10,10,10,0,把zyg的评分狠狠地打下来
200320,206,周勇光,2024-10-16 03:28:35,5,6,1,剧毒。。受不了它那种不知道哪来的自以为是的优越感。。快六十岁归来仍是讲师。。
200322,206,周勇光,2024-10-16 03:35:13,4,5,1,太sb了
200323,206,周勇光,2024-10-16 10:43:12,1,2,1,还等什么？
200324,206,周勇光,2024-10-16 04:13:59,2,2,0,唯一真史，还好退了
200327,206,周勇光,2024-10-16 04:15:04,-9,1,10,同学都在称赞的好老师
200328,206,周勇光,2024-10-16 09:00:52,2,4,2,呵呵呵
200329,206,周勇光,2024-10-16 04:19:12,3,4,1,是我精神脆弱没有坚强意志接受你的批评式教育了..
200331,206,周勇光,2024-10-16 04:30:09,9,12,3,对于任意ε＞0，存在N∈N+，当n≥N时，都有｜an-1｜＜ε\n\n注：｛an｝收敛与否与数列的前面有限项无关.
200336,206,周勇光,2024-10-16 05:02:04,6,6,0,我是历史学家，这就是史
200337,206,周勇光,2024-10-16 05:09:03,-1,1,2,。。。
200339,206,周勇光,2024-10-16 05:23:09,1,1,0,私募了
200342,206,周勇光,2024-10-16 06:20:12,2,3,1,替天行道 来个1分
200358,206,周勇光,2024-10-16 07:55:05,1,2,1,加油收敛
200360,206,周勇光,2024-10-16 08:12:20,16,16,0,如果说Mario救了希特勒和墨索里尼，那zyg就是救了Mario的那个人
200367,206,周勇光,2024-10-16 08:55:18,2,2,0,逆大天
200370,206,周勇光,2024-10-16 10:07:22,0,1,1,史，上课净扯些没用的东西。
200371,206,周勇光,2024-10-16 09:58:13,0,1,1,垃圾老师
200384,206,周勇光,2024-10-16 12:11:53,0,1,1,这1分是因为刷分而给的
200387,206,周勇光,2024-10-16 12:27:03,1,1,0,早日崩殂
200396,206,周勇光,2024-10-16 14:30:26,2,2,0,哈哈哈
200398,206,周勇光,2024-10-16 14:37:31,0,0,0,...
200406,206,周勇光,2024-10-16 16:31:25,1,2,1,西内，，
200407,206,周勇光,2024-10-16 16:32:02,1,1,0,不是人。
200408,206,周勇光,2024-10-16 17:07:30,2,2,0,人渣败类，枉为人师
200410,206,周勇光,2024-10-17 00:14:07,6,6,0,算sb
200416,206,周勇光,2024-10-17 01:06:50,3,4,1,nt一个
200417,206,周勇光,2024-10-17 01:24:14,7,9,2,我没有想到zju对老师的要求已经放宽到这种虫豸了
200426,206,周勇光,2024-10-17 02:48:18,3,4,1,加速收敛
200442,206,周勇光,2024-10-17 05:05:25,7,7,0,叉出去
200448,206,周勇光,2024-10-17 05:37:59,3,4,1,😅😅😅
200457,206,周勇光,2024-10-23 10:56:03,3,4,1,666
200467,206,周勇光,2024-10-17 11:21:40,4,4,0,给他打一分，是因为最低是一分
200469,206,周勇光,2024-10-17 11:24:56,4,4,0,给你点个赞👍就打一分吧
200471,206,周勇光,2024-10-17 11:28:46,4,4,0,泰库拉
200475,206,周勇光,2024-10-17 12:04:00,0,3,3,垃圾一个
200477,206,周勇光,2024-10-17 12:29:00,5,7,2,我要直抒胸臆，zyg，我艹你妈了个逼的
200478,206,周勇光,2024-10-17 12:36:12,2,3,1,chungoushi
200480,206,周勇光,2024-10-17 13:03:03,3,4,1,无语周勇光。。。要是有0分也不会给你1分
200482,206,周勇光,2024-10-17 13:34:19,1,3,2,？？？
200508,206,周勇光,2024-10-18 02:39:04,0,2,2,test test 1111
200514,206,周勇光,2024-10-18 04:53:38,6,6,0,💩中💩
200526,206,周勇光,2024-10-18 07:28:12,2,2,0,史中史，zju留着这样的人不知道干什么吃的
200534,206,周勇光,2024-10-18 09:58:27,3,4,1,从B站来
200538,206,周勇光,2024-10-18 10:42:49,1,1,0,。。。
200544,206,周勇光,2024-10-18 12:55:31,2,3,1,铜头皮带
200570,206,周勇光,2024-10-19 11:09:08,-9,4,13,周勇光老师在浙江大学教授的课程包括《工程图学》和《机械制图及CAD基础》等，这些课程受到了学生的欢迎。《工程图学》课程旨在培养学生的空间思维和设计创造能力，使学生掌握绘制和阅读工程图样的基本原理和方法。此外，该课程还计划结合线上授课和线下课堂教学，如翻转课堂、分组讨论、习题辅导等，以提升学生的学习兴趣和思维能力。\n\n\n\n周勇光老师独立编写的教材，如《AutoCAD2004中文版工程制图百例》、《工程制图同步AutoCAD2010实用教程》和《AutoCAD2014工程制图实用教程》，为学生学习和掌握工程制图及CAD技术提供了重要帮助。这些教材的出版，体现了他在教学研究方面的成果。\n\n\n\n网上有学生对周勇光老师的评价，称其为“宝藏老师”，并表示“没上过周勇光的课你的人生是不完整的，这反映了他在学生中的受欢迎程度。此外，周勇光老师在教学方法上注重传授科学的现代工程思想和良好的学习方法，全方位采用计算机三维造型技术实施教学，这种教学方式有助于提高学生的学习效果和兴趣。\n\n\n\n综合以上信息，可以看出周勇光老师在浙江大学的课程是受到学生欢迎的，他的教学方法和教材对学生掌握工程图学和机械制图及CAD基础有很大的帮助。\n\n\n\n（以上材料均由AI生成）
200581,206,周勇光,2024-10-19 16:19:04,1,1,0,哈哈哈
200584,206,周勇光,2024-10-20 04:42:23,3,4,1,史💩💩💩
200587,206,周勇光,2024-10-20 06:12:28,8,8,0,上了五节课，也不知道讲了些什么东西，让我对老师的不满成功带到了对课程的不满，什么规范都没讲就直接开始画，画个鬼
200589,206,周勇光,2024-10-20 06:33:23,3,4,1,shit
200590,206,周勇光,2024-10-20 06:34:40,4,4,0,好似喵
200592,206,周勇光,2024-10-20 06:53:42,18,20,2,这个的话绝对是个畜生不如的东西，这就是个狗屎
200593,206,周勇光,2024-10-20 06:54:36,1,3,2,石石石
200595,206,周勇光,2024-10-20 07:09:37,7,8,1,我记得我刚入学时只有1点几分，又被喷了两年居然涨了这么多分，属实是一代传奇。。。
200596,206,周勇光,2024-10-20 07:21:58,4,6,2,简单点说吧，这就是屎
200599,206,周勇光,2024-10-20 07:42:46,18,18,0,听说这个老是会让学生给他刷高分，慕名前来特意刷个低分
200600,206,周勇光,2024-10-20 07:46:55,13,14,1,最喜欢浙大的一集\n\n工程图学中场换人了[滑稽][滑稽][滑稽]\n\n逆天zyg拜拜了[好好好][好好好]
200602,206,周勇光,2024-10-20 08:09:15,2,4,2,不想你，牢光
200604,206,周勇光,2024-10-20 08:33:20,4,4,0,好似，大家快来合影
200605,206,周勇光,2024-10-20 08:38:59,18,20,2,在教学质量监察时期被换下的老师什么水平不用我多说了吧
200606,206,周勇光,2024-10-20 08:48:21,4,4,0,terrible
200608,206,周勇光,2024-10-20 08:59:06,2,3,1,下炼奶
200614,206,周勇光,2024-10-20 10:40:54,5,5,0,呐，看到了，这个就叫cs比如的东西，就是狗屎
200615,206,周勇光,2024-10-20 10:41:43,2,3,1,慕名而来打1分
200617,206,周勇光,2024-10-20 11:00:53,2,3,1,听闻该老师被撤换，对广大未来的浙大学子是一份幸事。
200624,206,周勇光,2024-10-20 11:40:02,3,4,1,踩一下
200627,206,周勇光,2024-10-20 11:52:03,9,9,0,过了一年怎么这人分又高了，赶紧过来刷低一点
200644,206,周勇光,2024-10-20 13:07:22,5,5,0,指路b站，不多说了
200648,206,周勇光,2024-10-20 13:39:02,20,21,1,💩💩💩\n\n第一节课先发一张正反面写满的A4纸，叫“98帖子补充说明”。文章讲他是“出生在一个耕读世家”，“AutoCAD应用技术在校内没有碰到过对手”，反正极致吹捧自己的水平（但他现在也只是讲师，没有评上教授副教授之类的职称）。然后经典名言是“臭狗屎（cgs）”“这个作业就是gs，批这个作业的老师也是cgs”“同学说我是‘剧毒术士’，着说明老师比你们牛逼”“这个要是不会，你的脑子就已经不是脑子了（有的时候说的是‘你应该认识到自己的智商是负数’），但这也不是你的问题，去问问你爹妈或者亲朋好友吧”\n\n然后标榜自由，说我们作业不用给他批改，但是他的课不能请假，一旦请假了“你就死掉了”。上课上得稀里糊涂的，一边上一边骂天骂地，没有讲任何制图规范就让我们画，但是你要是画错了就是你脑子不行。\n\n上到后面几节课真的觉得自己已经上麻木了，现在已经对任何恶毒咒骂无感了。。\n\n特别感谢把他挂上朵朵的哥们和教学质量监察，终于换走了💩
200652,206,周勇光,2024-10-20 14:15:55,3,3,0,听说人似了，过来开个香槟
200654,206,周勇光,2024-10-20 14:23:53,0,2,2,依托史
200656,206,周勇光,2024-10-20 14:55:13,0,1,1,懂得都懂
200657,206,周勇光,2024-11-02 13:13:58,5,7,2,来鞭尸~~
200659,206,周勇光,2024-10-20 15:06:55,3,4,1,公道自在人心
200662,206,周勇光,2024-10-20 15:30:39,14,15,1,似嘛晚意，初生东西。梅暮冬溪，瑙碳湾旖。孖俾雷韧晟邬，垢囸刹璧亣辩。竺腻枣氜嗣弔，筑霓荃茄厮桄。妳歌雦嫑忈嘦姕，犸仂嘅哔。🙃
200665,206,周勇光,2024-10-20 15:55:54,0,0,0,慕名而来打1分
200670,206,周勇光,2024-10-21 00:26:20,5,5,0,。。。
200672,206,周勇光,2024-10-21 01:13:07,4,6,2,纯答辩
200681,206,周勇光,2024-10-21 02:54:17,41,41,0,我直接在这里拉屎\n\n⠀⠀ ⣀⣤⣤⣀\n\n⠀⠀⠀⠀⣠⠟⠁⠀⠀⠀⠀⠙⣆\n\n⠀⠀⠀⣴⠁⠀⠀⠀⠀⠀⠀⠀⠀⢷\n\n⠀⠀⠀⡇⠀⠀⡴⠀⠀⡴⠀⠀⠀⠀⡆\n\n⠀⠀⠀⡇⠀⠀⠀⠀⠀⠀⠀⠀⠀⠀⠇\n\n⠀⠀⠀⢿⠀⠀⣤⣀⣀⣤⠀⠀⠀⣼\n\n⠀⠀⠀⠀⠳⣀⠀⠀⠀⠀⠀⢀⡴⠁\n\n⠀⠀⠀⠀⠀⠈⠛⠶⡆⠀⠀⢿⠀⠀⠀⠀⣀⣀⣀⣀⣀\n\n⠀⠀⠀⠀⠀⠀⠀⣴⣴⠛⠃⠀⢻⠀⠀⠸⡀⠀⠀⠀⢀⠇\n\n⠀⠀⠀⠀⣠⣴⡿⠋⠀⠀⠀⠀⠀⣇⠀⠀⡇⠀⠀⠀⢸\n\n⠀⣴⠟⠛⠉⠀⠀⣠⣶⠋⠀⠀⠀⢹⠀⠀⡇⠀⠀⠀⢸\n\n⢠⠃⣶⠶⣺⡿⠿⠶⠾⣦⡀⠀⠀⠀⣇⠀⡇⠀⠀⠀⢸\n\n⠘⠳⠾⣯⠁⠀⠀⠀⠀⠀⠀⠀⠀⠀⢹⠀⡇⠀⠀⠀⢸\n\n⠀⠀⠀⣿⠀⠀⢸⣀⠀⠀⠀⠀⠀⠀⡾⠀⡇⠀⠀⠀⢸\n\n⠀⠀⠀⣿⠀⠀⣿⣰⠾⠿⠿⠿⠿⠿⠶⢦⣷⣤⣤⣤⠞\n\n⠀⠀⠀⡟⠀⢠⠃⣇⠀⠀⠀⠀ ⠀⠀⠀⠀⠀⢠⠃\n\n⠀⣠⡶⠃⠀⣿⡄⠈⢲⠀ ⡟\n\n⢠⣿⣿⣿⣿⣿⣿⠀⡏⠀ 💩 ⠀⣸\n\n⠀⣿⣿⠀⠀⢿⣿⣸⠀⠀⠀⠀⠀⠀⠀⠀⠀⢀⠃\n\n⠀⠙⠁⠀⠀⠘⠋⠛⠒⠒⠒⠒⠒⠒⠒⠒⠒⠋
200683,206,周勇光,2024-10-21 03:01:28,2,4,2,cs不如
200684,206,周勇光,2024-10-21 03:09:11,3,4,1,好似！
200690,206,周勇光,2024-10-21 03:41:07,1,2,1,好似喵
200694,206,周勇光,2024-10-21 04:28:56,4,4,0,好似，最爱浙大的一集
200698,206,周勇光,2024-10-23 06:40:44,12,12,0,1分是评分系统的下限，不是我们的下限
200705,206,周勇光,2024-10-21 07:18:58,1,3,2,牢周，out
200707,206,周勇光,2024-10-21 07:35:30,1,1,0,🗑️
200751,206,周勇光,2024-10-22 01:41:48,11,12,1,听说它被换啦？？？再踩一脚！
200760,206,周勇光,2024-10-22 03:30:44,4,4,0,烂中之烂，出生早点去似，每亩的玩意儿
200761,206,周勇光,2024-10-22 03:38:52,2,3,1,🤮🤮
200792,206,周勇光,2024-10-22 11:33:30,3,3,0,shi
200835,206,周勇光,2024-10-23 06:34:56,2,3,1,🏠房子
200854,206,周勇光,2024-10-23 11:32:08,29,29,0,我直接在这里拉屎\n\n⠀⠀ ⣀⣤⣤⣀\n\n⠀⠀⠀⠀⣠⠟⠁⠀⠀⠀⠀⠙⣆\n\n⠀⠀⠀⣴⠁⠀⠀⠀⠀⠀⠀⠀⠀⢷\n\n⠀⠀⠀⡇⠀⠀⡴⠀⠀⡴⠀⠀⠀⠀⡆\n\n⠀⠀⠀⡇⠀⠀⠀⠀⠀⠀⠀⠀⠀⠀⠇\n\n⠀⠀⠀⢿⠀⠀⣤⣀⣀⣤⠀⠀⠀⣼\n\n⠀⠀⠀⠀⠳⣀⠀⠀⠀⠀⠀⢀⡴⠁\n\n⠀⠀⠀⠀⠀⠈⠛⠶⡆⠀⠀⢿⠀⠀⠀⠀⣀⣀⣀⣀⣀\n\n⠀⠀⠀⠀⠀⠀⠀⣴⣴⠛⠃⠀⢻⠀⠀⠸⡀⠀⠀⠀⢀⠇\n\n⠀⠀⠀⠀⣠⣴⡿⠋⠀⠀⠀⠀⠀⣇⠀⠀⡇⠀⠀⠀⢸\n\n⠀⣴⠟⠛⠉⠀⠀⣠⣶⠋⠀⠀⠀⢹⠀⠀⡇⠀⠀⠀⢸\n\n⢠⠃⣶⠶⣺⡿⠿⠶⠾⣦⡀⠀⠀⠀⣇⠀⡇⠀⠀⠀⢸\n\n⠘⠳⠾⣯⠁⠀⠀⠀⠀⠀⠀⠀⠀⠀⢹⠀⡇⠀⠀⠀⢸\n\n⠀⠀⠀⣿⠀⠀⢸⣀⠀⠀⠀⠀⠀⠀⡾⠀⡇⠀⠀⠀⢸\n\n⠀⠀⠀⣿⠀⠀⣿⣰⠾⠿⠿⠿⠿⠿⠶⢦⣷⣤⣤⣤⠞\n\n⠀⠀⠀⡟⠀⢠⠃⣇⠀⠀⠀⠀ ⠀⠀⠀⠀⠀⢠⠃\n\n⠀⣠⡶⠃⠀⣿⡄⠈⢲⠀ ⡟\n\n⢠⣿⣿⣿⣿⣿⣿⠀⡏⠀ 💩 ⠀⣸\n\n⠀⣿⣿⠀⠀⢿⣿⣸⠀⠀⠀⠀⠀⠀⠀⠀⠀⢀⠃\n\n⠀⠙⠁⠀⠀⠘⠋⠛⠒⠒⠒⠒⠒⠒⠒⠒⠒⠋
200932,206,周勇光,2024-10-25 03:50:45,-2,1,3,起飞~~~~~~~~~~~~~~~~~
200991,206,周勇光,2024-10-26 07:29:12,3,3,0,👎👎👎👎👎👎👎👎
200997,206,周勇光,2024-10-26 09:58:04,8,9,1,加速收敛\n\n周勇光的话，绝对是个畜生不如的东西，它就是个狗屎
201060,206,周勇光,2024-10-28 05:49:38,2,3,1,。。。
201070,206,周勇光,2024-10-28 06:40:38,3,3,0,史
201087,206,周勇光,2024-10-28 10:13:45,6,6,0,收敛于0
201126,206,周勇光,2024-10-29 06:06:46,0,2,2,...
201227,206,周勇光,2024-10-30 12:39:47,9,10,1,哎你怎么死了
201249,206,周勇光,2024-10-30 17:46:56,4,4,0,史中史
201373,206,周勇光,2024-11-01 08:02:32,-4,0,4,....
201424,206,周勇光,2024-11-02 11:25:06,8,8,0,简直了，劳光你走了我的绩点谁来补
201439,206,周勇光,2024-11-03 01:58:43,14,16,2,考古 哎你怎么似了
201504,206,周勇光,2024-11-04 03:10:29,5,6,1,好似出
201626,206,周勇光,2024-11-05 03:17:09,1,3,2,sm周勇光
201664,206,周勇光,2024-11-05 08:56:08,16,16,0,垃圾老师，枉为人师，厚颜无耻，寡廉鲜耻，恬不知耻。此獠实乃浙江大学之耻辱，中国高等教育之墓碑，世界工程图学教育之贼寇，人人得而诛之，远追秦桧，近比豫章，必遗臭万年，永载耻册，以供唾弃。
201692,206,周勇光,2024-11-05 12:18:03,1,2,1,💩☠️
201797,206,周勇光,2024-11-06 11:04:47,13,14,1,勇光宝宝你是一坨香香软软的黏鞋狗屎捏～
201989,206,周勇光,2024-11-08 03:20:42,6,6,0,被请喝茶了吧
202198,206,周勇光,2024-11-10 15:59:24,0,3,3,慕名前来踩一脚
202201,206,周勇光,2024-11-10 16:06:10,1,2,1,牢光，没人想你
202381,206,周勇光,2024-11-12 07:35:59,1,1,0,我来助你
203106,206,周勇光,2024-11-17 01:04:25,2,3,1,纯cs
203464,206,周勇光,2024-11-19 16:10:21,8,9,1,心情差，来打个差评
203727,206,周勇光,2024-11-21 00:19:58,3,3,0,踩踩踩
203823,206,周勇光,2024-11-21 09:44:19,20,20,0,哈哈哈哈哈终于被制裁了吧哈哈哈哈哈，果然反映问题一定要捅到外面的网站上去，不然这狗笔学校根本就不处理
204344,206,周勇光,2024-11-25 10:50:09,3,5,2,一坨史
204381,206,周勇光,2024-11-25 14:22:15,2,2,0,嘿嘿嘿牢周
204383,206,周勇光,2024-11-25 14:26:05,0,1,1,非常不行
204460,206,周勇光,2024-11-26 04:38:07,3,4,1,想你了牢光
204618,206,周勇光,2024-11-27 05:24:02,2,2,0,牢光，窝想泥了
205361,206,周勇光,2024-12-05 04:54:16,4,4,0,纯shi
205571,206,周勇光,2024-12-09 10:43:11,6,7,1,查无此人乞骸骨
205807,206,周勇光,2024-12-12 05:42:11,7,7,0,路过踩一脚（纯恶意）
205819,206,周勇光,2024-12-12 06:35:15,30,31,1,思光拳 思如泉涌！👊😭👊\n\n念光剑 念念不忘!!🗡😭🗡\n\n勇光掌 生生世世!!!✋😭✋\n\n光儿、光儿、光儿！\n\n璀璨中的凋零、黄金之路！😊👉👈😊\n\n极冻中的炽烈、天帝之锤！😚☺👦👧\n\n虚无中的真言、心灵风暴！😁👍💪😁\n\n冰霜中的独舞、光之霓裳！😍👼👼😍\n\n牢光，坠机了就别回来力😁
205892,206,周勇光,2024-12-12 13:18:38,19,20,1,谁给我勇光gg刷分了，前几天还是1.1呢，这么高的分对得起勇光gg吗？（虽然我没上过勇光gg的课，但他已是大名远扬）
205927,206,周勇光,2024-12-13 00:26:12,4,4,0,纯cs
206122,206,周勇光,2024-12-13 05:49:41,1,3,2,好似，当年上你的b课给我恶心得，差点以为浙大都是这种史呢
206145,206,周勇光,2024-12-13 06:20:51,0,0,0,ytdb
206450,206,周勇光,2024-12-15 07:12:49,2,3,1,真的是出生
206665,206,周勇光,2024-12-24 10:43:00,2,3,1,。。。
206787,206,周勇光,2024-12-17 14:16:26,8,10,2,怎么不开班了，你这样子浙大后人都体会不到了，我会很难过的
206891,206,周勇光,2025-02-11 05:05:52,19,20,1,两口雌黄，挟师威上纲上线；\n\n百面唇舌，仗权势闲语闲言。\n\n面皮如墙厚；\n\n心气比天高。\n\n腹中墨水浅，咣当当泼不出一页纸；\n\n肠里是非多，呜哇哇评起来千余言。\n\n行路如墙上芦苇，真叫个头重脚轻根底浅；\n\n痴坐似山间竹笋，那便是嘴尖皮厚腹中空。\n\n勇光周真是祖国的奋变，社会的英精，它的评分不是1.00，我是不认可的
207074,206,周勇光,2024-12-19 06:46:11,4,5,1,shit无需多言
207260,206,周勇光,2024-12-20 03:53:35,17,19,2,观赏性老师，有点想念他了，你们不要刷这么低级的恶评，一点文采都没有。看看他以前的评论区，那可是我之前心情低落时的慰藉啊（doge）
207329,206,周勇光,2024-12-20 13:01:42,1,3,2,回来吧牢光，想你了，你不回来新人怎么知道zju常驻勾丝刷新点
207666,206,周勇光,2024-12-23 15:05:08,-6,6,12,周永光还是不错的
207677,206,周勇光,2024-12-23 16:30:57,2,3,1,死ね!クソジジイ
207866,206,周勇光,2024-12-24 14:57:10,1,2,1,真难评
208342,206,周勇光,2024-12-27 02:46:37,9,10,1,非常恐怖，工图遇到他就跑吧
208343,206,周勇光,2024-12-27 02:49:42,1,2,1,快跑😃
208418,206,周勇光,2024-12-27 12:11:26,1,2,1,中道崩殂啊
208677,206,周勇光,2024-12-30 17:10:05,8,9,1,一个以挂掉学生为乐的牢尸，无论跟谁比都是没有杂质的纯杂种
208928,206,周勇光,2025-01-03 12:20:44,2,2,0,cs牢湿
209187,206,周勇光,2025-01-05 03:12:54,7,8,1,前来扫墓
209350,206,周勇光,2025-01-05 13:27:18,2,4,2,好老师啊
210187,206,周勇光,2025-01-08 10:17:23,13,13,0,魂兮归来...𓀃𓀅𓀇𓀋𓀌魂兮归来.....驱长鞭而架六辔兮....𓀌𓀎𓀠𓀤𓀫魂兮归来...翻山而歌兮...归来....魂兮归来...𓀋𓀌𓀎𓀙𓀠魂兮归来...振高歌而凯旋兮...期同袍而尽泽...𓀋𓀠𓀤𓀥魂兮归来...魂兮归来.
210616,206,周勇光,2025-01-09 12:36:58,0,1,1,.。。
212566,206,周勇光,2025-01-14 08:03:53,8,9,1,为什么他还有4分 我以为臭名昭著到这种地步应该只有1分左右的
213970,206,周勇光,2025-01-22 08:24:07,8,8,0,没想到周老师课程评价还能合格....
214054,206,周勇光,2025-01-23 10:23:10,10,11,1,没上过课 心情不好来骂一下
214108,206,周勇光,2025-01-24 09:26:58,16,17,1,艹泥马比的勇光周，两年前把我室友给挂了，成功让他在大一的第一个学期就感受到了泥浙老师的下限
214263,206,周勇光,2025-01-31 06:07:52,1,2,1,hhh
214381,206,周勇光,2025-02-02 15:00:48,0,2,2,555
214787,206,周勇光,2025-02-18 02:21:56,3,3,0,心情不好看看恩师
214858,206,周勇光,2025-02-18 10:15:59,-1,0,1,周勇光
214962,206,周勇光,2025-02-19 12:33:13,0,0,0,垃圾！
215184,206,周勇光,2025-02-24 01:47:50,0,0,0,一个字，差
215627,206,周勇光,2025-03-03 04:23:06,0,0,0,。。。
215758,206,周勇光,2025-03-05 08:00:57,5,5,0,和jy坐一桌
215781,206,周勇光,2025-03-05 12:41:02,15,15,0,牢光牢光，你的工图虽然很强，但还是太吃操作了，有没有什么更加姬姬扬扬的方法？
215815,206,周勇光,2025-03-05 16:48:25,0,0,0,狗屁东西
215887,206,周勇光,2025-03-06 13:06:33,3,3,0,和音飞爷爷做一桌
215907,206,周勇光,2025-03-07 02:55:10,1,1,0,什么逆天东西啊
215930,206,周勇光,2025-03-07 13:25:30,0,0,0,慕名而来
215940,206,周勇光,2025-03-08 00:33:06,7,8,1,哈哈哈哈哈哈 查老师为周大讲师的评论区单独设置了一段文字 '一定要以事实为依据 以公正为准绳 不然网站又要中道崩殂 命不久矣'，好吧，不必多说 。\n\n评价您需要以事实为准绳的，是不可以随便刷分的，你说是吧，周大僵尸。\n\n不会有人觉得自己说的不堪入耳的话 可以和郑强接地气的演讲相提并论吧\n\n愿力作大卖，祝评分节高。\n\n🚽👎👎👎👎👎👎👎👎👎👎👎👎
215950,206,周勇光,2025-03-08 02:55:21,0,0,0,想你了
216462,206,周勇光,2025-03-17 01:28:24,6,6,0,前面评论给zyg单独设置提示文字的，这是默认显示的，你换一个老师试试，每个都有
217420,206,周勇光,2025-04-10 05:04:05,0,0,0,嗯嗯嗯
217524,206,周勇光,2025-04-12 08:51:08,1,1,0,牢光的琴码危险了
217530,206,周勇光,2025-04-12 10:42:01,0,0,0,呵呵呵
217619,206,周勇光,2025-04-14 07:40:06,2,2,0,还好我没上，听他大名就知道我上包挂
217651,206,周勇光,2025-04-14 15:48:19,0,0,0,666回溯历史了
217695,206,周勇光,2025-04-15 08:37:02,5,5,0,亏呀，这货也赞
217761,206,周勇光,2025-04-16 06:36:30,0,0,0,为什么没有0分
217808,206,周勇光,2025-04-17 00:06:36,0,0,0,💩
219143,206,周勇光,2025-05-22 07:36:20,0,0,0,屎屎屎
221302,206,周勇光,2025-06-22 17:55:50,0,0,0,牢光。。。
221620,206,周勇光,2025-06-25 03:19:25,0,0,0,抗议，周勇要炸
790,234,陶国良,2015-03-17 03:41:02,0,1,1,良心啊
76264,234,陶国良,2018-04-01 01:28:07,0,1,1,老师带上眼镜活生生一副小老头的样子，老师按照课本讲但又不是全部是课本的内容，我觉得这种授课方式还是比较能接受的，但是有些东西我们实在不理解，老师也讲不明白，就是这样。老师每次课都用一个大麻袋带好多气缸、阀，给我们传着看，虽然我不懂看不见内部结构有什么用，但是觉得好可爱。
77731,234,陶国良,2018-05-07 12:10:33,0,1,1,老师编的教材很好，国内没有其他的类似教材了……所有比较难找参考，我感觉这门课其实不难，但是考试二丈和尚摸不着头脑，考什么完全没底，但是只要平时有认真听课，及格绝对没问题，高分的话就要看考前能看进去多少了～
155212,234,陶国良,2022-06-09 10:44:52,0,2,2,他不想学生，只想自己。同学们绝对不要听他的课。
194384,234,陶国良,2024-06-23 13:39:52,0,0,0,退休了，给个好评吧
27345,236,裘乐淼,2019-02-03 05:30:18,-62,5,67,垃圾老师
67519,236,裘乐淼,2018-01-21 11:44:13,2,4,2,嗯。。。稍稍有点困。
73829,236,裘乐淼,2018-02-03 07:41:41,-1,2,3,给分还行
74428,236,裘乐淼,2018-02-22 08:02:44,8,10,2,听着容易犯困。。。但是还行，以为自己会挂但是不但没挂绩点还挺高的\n\n
75409,236,裘乐淼,2018-03-11 06:36:21,-1,3,4,给分不错
80930,236,裘乐淼,2018-07-03 00:18:27,36,45,9,其实挺好的，老师讲的挺明白，看得出他对机械的热爱。上课确实容易困，我节节课都会困，但是老师很良心的说。复习资料都是老师自己给整理的，整整四十多页，真的很好了。给分嘛，我也不清楚，考试前来评价一波，十分了，希望绩点也能好！
86818,236,裘乐淼,2018-09-19 02:30:36,0,3,3,很不错的老师
87271,236,裘乐淼,2018-09-26 11:07:52,1,3,2,老师人很好的，工图难学不能赖老师教的不好
93362,236,裘乐淼,2019-01-09 07:42:16,1,3,2,老师讲的挺好的
97146,236,裘乐淼,2019-01-21 18:24:09,0,2,2,佛了  不是我熬夜 是真的催眠
98686,236,裘乐淼,2019-01-23 21:56:19,1,4,3,真的会困(认真脸)\n\n但讲的极其细致，注意学生的反馈，如果在作业上写一些问题老师会写在作业上回答你  还会画颜表情叫你加油\n\n很可爱!\n\n但是真的会困(认真)
100765,236,裘乐淼,2019-01-28 11:52:16,4,7,3,老师给分其实还算良心吧。。。不过上课声音真的太小了，上课容易走神犯困的同学建议还是不要选了。
100769,236,裘乐淼,2019-01-26 23:18:23,5,8,3,老师挺好的挺认真的，但是比较容易犯困，1.8的绩点挺满意的，毕竟没挂科，主要是自己学不好。
100839,236,裘乐淼,2019-01-27 02:14:07,14,19,5,上课真的困\n\n4以上的顶一下，老师好的
100847,236,裘乐淼,2019-01-27 02:52:53,13,15,2,工图是真的难学，老师很负责，我很垃圾
102747,236,裘乐淼,2019-02-22 08:19:44,2,3,1,说话得声音有点小，容易感到累，不过认真听还是很有收获的
103012,236,裘乐淼,2019-02-25 10:44:00,0,2,2,挺好的老师讲课蛮认真的 就是声音有点小容易犯困(￣∇￣)
104224,236,裘乐淼,2019-03-14 06:23:43,0,1,1,很不错哦，希望能有所收获
105188,236,裘乐淼,2019-04-07 02:15:43,1,2,1,上了机械制图再来评论。老师人很认真，但是上机械制图让我发现老师其实有一部分知识点都没有讲到，并且这一部分知识点机械制图老师都是当做工图应该掌握的知识点来对待，除此之外感觉老师如果能够讲课区分一下重点就好了，上课也可以有一些节奏，与同学有一些交流沟通，不要只顾着自己讲，这样就容易让学生犯困，而且不知道讲到书上哪一页。
114096,236,裘乐淼,2019-07-08 23:02:14,3,8,5,工图好狠啊。。单门成绩直接荣获历史最低。。。学期GPA直接down了0.04。。。。。。。。。。。。。。我的春夏学期小愿望只有在工图出成绩之前可以实现。。。。。。。。再见了麻麻今晚我就要远航。。。。。。。。。。。带着快乐和智慧的桨。。说正事:老师人挺好的。上课上得怎么样，没有横向对比，我也无法评价。我感觉，他很负责认真 。
114125,236,裘乐淼,2019-07-09 00:24:17,3,5,2,“考完不用给我发邮件，我会尽量给分的”\n\n课堂练习去了作业都交了的话，平时分基本就满了。另外，感谢老师海底捞我
114147,236,裘乐淼,2019-07-09 01:22:47,0,2,2,tmd我过了，不用学工图了。\n\n全靠老师海底捞，期末总共写了四十几分题，没有一个是完整画出来的竟然过了
114156,236,裘乐淼,2019-07-09 01:45:10,1,3,2,老师很不错，讲的其实很好，给分也不错，但是可怜今年题难人菜，虽然分很低，但是还是特意来夸一波裘老师?
114766,236,裘乐淼,2019-07-11 12:04:23,1,3,2,老师上课很认真，而且，无论是客户还是线上微信群里都很认真的在回答我们的问题，最后给分也很好
131978,236,裘乐淼,2021-01-30 00:58:17,0,1,1,老师真的很耐心，很负责
131979,236,裘乐淼,2021-01-30 00:59:13,0,1,1,“放心，你的分数绝对会比你考出来的高”
132139,236,裘乐淼,2021-01-30 12:56:10,-1,0,1,老师很好，上的也很好，就是声音让人想睡觉。
157620,236,裘乐淼,2022-06-24 04:29:48,5,6,1,每节课都去上，作业都交了还是挂了。这课还真挺看天赋，老师也没有下面说的这么能捞，期末都写满了还是g了
162535,236,裘乐淼,2022-11-24 15:41:59,1,1,0,、、、
163528,236,裘乐淼,2022-12-15 01:51:09,-1,0,1,老师人很好，讲课也很细致，就是真的要自己打好基本功，不然工图越到后期越看不来。不过课堂上真的想睡觉zzz
163768,236,裘乐淼,2022-12-16 05:37:38,3,3,0,老师真的是在教我们知识，很认真负责，为学生考虑，从来不会让我们为难
174623,236,裘乐淼,2023-06-14 15:45:57,3,6,3,我作业做的不够好你就事论事我也没意见，为什么搞得好像我啥都不行一样，真的不舒服
178310,236,裘乐淼,2023-07-10 02:23:52,4,4,0,给分真的 不太好吧 老师讲的蛮用心的
178513,236,裘乐淼,2023-07-13 05:25:35,7,11,4,首先，和下面19年的评论不同，我想指出的是，裘老师对于本科工图的教学，明显并不放在心上了。私聊已读不回，群里有人提问没人回应，都是常态了。\n\n上课讲的还算蛮有激情，虽然工图这门课本身就让人浑浑噩噩。\n\n最后成绩（是工图里最晚出的），算是把我捞上80了吧，因为同年有接近考研难度的微积分期末考试，所以我已经很感激了
215382,236,裘乐淼,2025-02-25 14:58:27,0,0,0,感觉老师长的有点像新海诚
220678,236,裘乐淼,2025-06-19 07:42:16,2,2,0,我……不仅没有中间量的作业评分和批改，最终成绩也是直接就没有具体的平时分和考试分数……总之，被绩杀了
220688,236,裘乐淼,2025-06-19 08:29:19,3,3,0,不点名，讲的也就那样，最后给分好求是
35026,287,王晓莹,2016-10-30 16:08:08,-3,5,8,感觉老师真的想上好这门课，而且居然准点下课了
42662,287,王晓莹,2017-01-16 03:39:40,-2,2,4,呵呵呵
48954,287,王晓莹,2017-03-19 02:41:35,2,4,2,人不错的好老师
51134,287,王晓莹,2017-07-19 07:49:37,3,5,2,老师是机械学院党委副书记
52674,287,王晓莹,2017-06-22 15:06:32,-2,3,5,非常好
52682,287,王晓莹,2017-06-22 06:36:33,0,7,7,老师人真的挺好，比起我上的思修舒服多了，形策复习主要看那两本书后面的时事以及多背背思考题，我就是没看时事搞得填空题血亏…另外表白助教小姐姐呀
52686,287,王晓莹,2017-06-22 06:47:56,0,3,3,没有一节课没来，做了唯一一次展示，期末大题全会被，但是填空题gg了，还是党性不够。给分有点狠，但是老师上课挺认真的
53002,287,王晓莹,2017-06-24 14:49:11,-9,7,16,4.5?
53192,287,王晓莹,2017-06-26 07:19:20,-3,1,4,凑合\n\n
58062,287,王晓莹,2018-08-25 02:59:14,1,7,6,"上课时：“这老师说话都说不流利，估计就是那种在学校比较失意的小人物。”\n\n军训时：“这位是咱们机械学院党委副书记王晓莹老师!""\n\n(悄咪咪给我家珊姐打call!)\n\n"
60246,287,王晓莹,2017-12-21 00:50:19,2,5,3,拖堂狗
79398,287,王晓莹,2018-06-03 10:46:50,1,1,0,无聊，就会念PPT
83086,287,王晓莹,2018-07-09 15:48:47,4,7,3,出分真的慢   考完之后助教一句话没在群里说过
83317,287,王晓莹,2018-07-10 05:19:09,5,5,0,常年失联的助教小姐姐
84116,287,王晓莹,2018-07-12 04:57:24,1,1,0,老师人很好
111264,287,王晓莹,2019-06-30 22:59:20,-1,0,1,对形策给分要求不要太高，3点几很正常，老师已经挺好的了…（本来以为一学期不发言只有二点几
111275,287,王晓莹,2019-06-30 23:51:30,0,1,1,没发言竟然上4了，我爱老师wwwwww
111284,287,王晓莹,2019-07-01 00:17:47,5,5,0,给分低
106062,322,王正肖,2019-04-24 16:47:47,1,2,1,胡博士的课讲得很好，大胆而巧妙地采用了互联网远程教育与反转课堂的形式，圆满完成了代课两节的任务，同学们始终使用智能交互终端参与课堂，学到了很多东西。
1721,400,李立新,2015-03-23 14:38:12,-2,13,15,作业cjb多 多得要死 而且上课带的话筒一直有问题混浊不清还是不换一个 讲课有时候根本听不清楚讲什么
3310,400,李立新,2015-07-15 09:17:27,-4,15,19,什么坑货老师，讲课超烂，而且给分低，真心的
5380,400,李立新,2015-07-07 05:24:44,4,11,7,讲课水，给分低。
5589,400,李立新,2015-07-08 13:13:19,2,10,8,讲课还不错的，就是话筒真的该换了
7593,400,李立新,2016-09-22 09:55:57,-15,9,24,好老师啦咯啦咯啦咯啦咯啦咯啦咯啦咯啦咯了
21954,400,李立新,2016-03-02 02:05:49,10,20,10,瞎jb吹逼 并不知道讲些什么
25006,400,李立新,2016-05-05 00:09:06,-1,5,6,要求讨论的时候得先承认狭义相对论是一个物理理论，它既不是哲学理论也不是数学理论。学术流氓，咋不上天呢
34300,400,李立新,2016-09-30 03:50:29,12,16,4,反相对论的民科一枚
45092,400,李立新,2017-01-19 03:18:44,11,16,5,上了他的机设(乙)，讲课还可以的，就是讲纯理论的时候略无聊，还有上课之前喜欢和你谈人生，老师蛮有意思一人儿，整体上来讲不错!
46879,400,李立新,2017-01-22 15:26:36,6,14,8,机舍乙，上课会穿插聊聊人生理想世界观什么的，思想很独特，不赞同可以不听嘛。课讲的还是很好，思路清晰，平时认真听最后大概看看他画的重点很容易满绩了。靠谱的真老师，考的都是画的重点
49180,400,李立新,2017-03-28 15:07:11,0,3,3,听了第一节相对论我就退了 感觉是各路大佬装逼的场所 我不适合
52228,400,李立新,2017-06-16 06:44:49,-1,6,7,sb老师
55101,400,李立新,2017-07-01 00:16:02,3,5,2,感觉老师中中国传统文化有点深。上课讲知识还是比较清楚的，但是机械设计这种大课，讲解习题只是对着PPT讲很不清楚，讲完让人有种不知所云的感觉。期末划重点很良心，感恩老师
56352,400,李立新,2017-07-03 14:24:06,7,9,2,老师不错，至少很负责。很可爱
74634,400,李立新,2018-03-29 00:33:18,23,38,15,讲课不错，思想脑残
74656,400,李立新,2018-03-05 03:56:51,3,4,1,一屋不睡何以睡天下
75463,400,李立新,2018-03-12 06:42:53,6,10,4,讲的很好，不吹不黑，好老师
75501,400,李立新,2018-03-12 16:06:57,8,11,3,我觉得讲的很好，思路清晰，形象生动，还会传授一些人生的经验，8分总还是有的，这个评分是咋回事儿？
75806,400,李立新,2018-03-19 02:26:37,2,4,2,自以为是的民科\n\n讲课不错
76053,400,李立新,2018-03-26 03:23:39,14,22,8,偏激观点学习法。通过上课之前发表一个偏激（三观不正？)的观点，使一部分同学争辩，另外一部分同学鼓掌表示赞同，还有一些同学写查老师，从而达到振奋同学精神的作用，提高学习效率。
77610,400,李立新,2018-05-07 02:06:36,-1,1,2,有趣有趣
77880,400,李立新,2018-05-08 10:30:09,-6,1,7,老师很好呀，机设甲给分不错
79593,400,李立新,2018-06-11 03:31:12,0,8,8,信任学生，靠谱的好老师，机设体验很好。不明白查老师分数为什么这样。。?
80957,400,李立新,2018-07-03 04:14:06,-3,1,4,老师很负责
80994,400,李立新,2018-07-03 08:19:39,-2,1,3,上课前会讲一些人生玄学，不想听的话直接开小差就好了，不过他的机械设计讲的真的是很好，思路清晰，讲的也很透彻
81004,400,李立新,2018-07-03 09:18:14,12,17,5,老师会在上课间隙分享自己的一些观念，我不否认主观性的东西很强，但是我觉得这个完全不能作为老师评分低的理由。而李立新老师在机械设计课上的专业水平和讲课水平在我看来是非常不错的，课后答疑也是非常认真详细，还会习题讲解，也不会给你没事找事...不知道怎么黑的那种ˊ_>ˋ……
81120,400,李立新,2018-07-04 04:46:15,4,8,4,老师很好，我考成这个样子对不起老师。
81531,400,李立新,2018-07-10 10:12:49,7,8,1,又卡绩点了，我觉得不行
83423,400,李立新,2018-07-10 09:00:13,-3,1,4,机设课很好，就是刚上课会分享一些“人生经验”
83439,400,李立新,2018-07-10 09:37:17,5,6,1,鸡舍有补考吗？
83450,400,李立新,2018-07-10 10:16:04,-33,3,36,老师上课很有意思的，用满?回馈老师了！?
84602,400,李立新,2018-07-13 09:33:56,5,9,4,机械设计讲得倒还可以，老师也挺负责，最想不通的事学院为什么会把工程数值方法这样的课从大四移到大二，以为我们都能虐研究生？还是觉得我们大二时间多得只能打游戏？完全的拍脑袋政策！
108315,400,李立新,2019-05-21 01:56:27,9,12,3,不想听这糟老头子信口开河
112163,400,李立新,2019-07-03 18:07:05,-9,3,12,我见过开卷开得最彻底的一门……考试题型作业里都有，好好复习，到时候对着作业抄就行，给分可以的。
112347,400,李立新,2019-07-04 02:25:00,8,15,7,你给nmd的分呢，一科总均绩掉0.06？\n\n
112350,400,李立新,2019-07-04 02:28:40,0,9,9,机械设计甲I，挂科率17%，均绩不到2.7，给分给***
113344,400,李立新,2019-07-06 09:03:02,-61,2,63,单纯评论机械设计老师讲课讲的很棒啊！而且作业也很正常。就是吧……这个……老师好像反对狭义相对论，貌似还出了本证伪狭义相对论的书？而且思想有点那个啥……考试还好吧，只要平时认真学应该问题不大，考试前一天晚上我调用了潜意识的力量? ，最后100/5.0收货大学第三个纯满分！
117213,400,李立新,2019-09-20 11:07:12,8,10,2,这种讲课水平也叫生动形象？单单就螺纹这一部分他讲的内容就非常缩水，重点该讲解的内容蜻蜓点水。只听他的课真的会写课后作业？那如果要自己学的话要他有什么用？证明我这个学期有选过这门课是么
125323,400,李立新,2020-09-06 16:29:49,0,10,10,辣鸡，给老子挂了
140630,400,李立新,2021-09-14 13:31:38,-5,5,10,讲课水平绝对是机械学院里一流的了，想认真学的同学们选他绝对没错；\n\n老师三观挺正的，比如批评过部分人的科研心态；\n\n看大家如此纠结相对论，反正我上课时没怎么听到老师反相对论的发言。
148389,400,李立新,2022-01-12 10:14:55,-9,0,9,老师从来不点名的，所以我翘了很多课（对不起老师，冬天早八有时候太懒了），最后65\n\n感觉课堂上很多同学其实也不怎么听课，最后大家也都在焦虑机械设计乙怎么考，老师的复习课是讲得很好的，基本上都能覆盖到（没这个复习课我铁定挂了）\n\n平时感觉讲内容的和教材差太多，教材基本上只能用来做作业
158701,400,李立新,2022-07-01 12:45:25,-7,7,14,真的狂捞，太感动了
167030,400,李立新,2023-01-14 16:17:11,7,12,5,捞个寄吧，期末完全按照卷面分打，低的离谱，司马一个
167031,400,李立新,2023-01-14 16:17:31,14,14,0,上课意识流，考试意识流，慎选
167066,400,李立新,2023-01-15 00:51:17,11,11,0,考试内容与平时作业出入较大，上课不分重点，给分差
167270,400,李立新,2023-01-15 16:48:07,12,13,1,作业多，布置频繁且神不知鬼不觉，上课不划重点，考试抽象难度大，给分奇差，学生欠你的
167395,400,李立新,2023-01-16 02:47:47,9,9,0,考试内容抽象难度大，给分奇差，出乎意料的低，差点不及格。。。。
167454,400,李立新,2023-01-16 11:17:18,9,9,0,其他老师差几分及格会捞一下，这个老师正好及格会给你压几分变不及格
168361,400,李立新,2023-02-13 21:40:10,4,5,1,选到就自求多福吧。。
170493,400,李立新,2023-03-06 02:25:04,3,3,0,傻宝老师
173795,400,李立新,2023-06-03 03:59:58,1,2,1,依托答辩
181055,400,李立新,2023-10-07 03:27:47,1,1,0,有的选吗还自求多福
184312,400,李立新,2023-12-16 14:20:36,10,10,0,有限元分析，学弟学妹们听句劝，这课谁选谁是sb。没错我也是sb，因为我选了这门课。。。。
185587,400,李立新,2024-01-02 12:30:21,6,6,0,别选有限元，求求大家
186308,400,李立新,2024-01-10 12:18:53,10,10,0,有限元分析谁选谁怨种，上课依托狗屎，书书编得看不懂，pptppt不说人话，学习门槛极高，看他这点东西本科生根本学不明白，看看他教材的前言，书给大专写的。大作业神烦无比，选题不给，开题的时候骂你选题不行。总共就8周课，一周开题，一周结题，都给他水没了。开题开题不算分，三节课的课都不够他开题的，下课了留下了排队等。答题排队轮不到的要扣分太逆天了，没时间难道不是他自己的原因吗？？？没见过这种老师，真是有毛病。
189856,400,李立新,2024-01-31 08:48:35,8,8,0,有限元分析感觉自己运气不好的别选，20分大题一模一样的答案，有些人得5，10分，有些人15，20分
198552,400,李立新,2024-09-10 02:11:47,0,1,1,傻逼老师，第一节课就攻击男女性别不等。
213997,400,李立新,2025-01-22 15:42:04,6,6,0,有限元为了压分，全班人大作业被扣10分🤣
221235,400,李立新,2025-06-22 06:37:56,1,1,0,哈哈哈哈哈哈
4571,458,徐志农,2017-12-21 06:00:37,318,335,17,上工训有两个问题应该自己问问：1.谁叫周继烈？2.谁叫徐志农？
4987,458,徐志农,2015-07-02 02:25:32,7,11,4,徐志农是哪位？不造啊！！！
5046,458,徐志农,2015-07-02 13:27:03,5,7,2,他也没上过课
6220,458,徐志农,2019-02-27 16:06:22,26,49,23,工训就是一门垃圾课，除了改专业的其他人上一点用没有，每次上课的都不知道是从哪弄回来的垃圾老师
6221,458,徐志农,2015-07-12 06:26:17,25,27,2,并不知道这是谁，就是去做东西，分数什么的都随便给，拉绩点的玩意儿
6741,458,徐志农,2015-07-20 08:06:30,54,61,7,金工实习的确是工科必修，必须所以课程就这么随便？平时不讲知识点，实话说并没有学到什么实用的技术（大多数实习很水），考试看书刷题都没用，这课的意义何在。
7146,458,徐志农,2015-09-07 14:01:42,-1,2,3,呵呵哒
7784,458,徐志农,2015-09-15 13:26:32,1,4,3,哎。。。。
7786,458,徐志农,2015-09-15 13:27:06,31,36,5,徐志农去当农民了吗？
7787,458,徐志农,2015-09-15 13:27:06,1,5,4,谁？
13129,458,徐志农,2015-12-25 02:33:47,1,2,1,T^T
14122,458,徐志农,2016-01-04 14:02:43,2,4,2,没用的课
14685,458,徐志农,2016-01-08 09:43:28,1,3,2,谁是许志农？
14687,458,徐志农,2016-01-08 09:59:55,1,2,1,大坑课
15505,458,徐志农,2016-01-15 02:43:02,5,7,2,为什么不能打零分
16958,458,徐志农,2016-01-19 10:05:34,-32,4,36,良心老师啊！
19290,458,徐志农,2016-01-23 23:23:57,2,4,2,除了徐和周两位之外的老师都挺好的 考试坑 给分更坑
20397,458,徐志农,2016-01-27 12:24:41,3,4,1,每日1分
21094,458,徐志农,2016-02-17 04:58:20,1,1,0,。。。
21945,458,徐志农,2016-03-02 01:27:42,70,74,4,我来回答你们的问题:胖的是徐志农，年轻点的是周继烈。(ps:胖老师有点像于谦，同意的赞我)
25219,458,徐志农,2016-05-08 11:31:43,-1,0,1,谁是徐志农
25545,458,徐志农,2016-05-25 03:39:38,-14,5,19,别的项目还好。车床的老师普遍垃圾\n\n
25900,458,徐志农,2016-06-14 01:05:38,-1,0,1,徐志农真腊鸡
29016,458,徐志农,2016-07-06 10:04:15,-37,6,43,有趣+给分好\n\n
29405,458,徐志农,2016-06-29 16:38:58,2,3,1,老师还好，工训这门课太坑\n\n
30489,458,徐志农,2016-07-01 16:54:59,-6,2,8,只能说工训课本身就是一个拖绩点的存在，不好将怨气发泄在老师身上。打个5分中间吧。
31403,458,徐志农,2016-07-04 00:55:26,-1,0,1,神奇啊
32307,458,徐志农,2016-07-06 06:29:34,4,4,0,考试什么鬼啊，跟平时学的根本不沾边，费力不讨好！！！最后的复习课也真是的，一点用都没有
32310,458,徐志农,2016-07-06 06:42:58,3,4,1,历史最低分，不说什么了
32313,458,徐志农,2016-07-06 06:51:02,5,5,0,辣鸡工训
32321,458,徐志农,2016-07-06 07:06:42,7,7,0,不说什么了，四字总结一下，给分垃圾。
32336,458,徐志农,2016-07-06 07:31:33,12,13,1,课程的本意就是为了告诉大家你们都是辣鸡吧
32358,458,徐志农,2016-07-06 08:39:16,-20,1,21,给分没有那么垃圾吧...的确比一般课程低点
32365,458,徐志农,2016-07-06 09:15:08,0,1,1,呵呵呵
32383,458,徐志农,2016-07-06 11:23:46,2,3,1,这课不合理
32613,458,徐志农,2016-07-08 04:50:31,-23,5,28,只有我觉得工训挺好吗……
33612,458,徐志农,2016-09-20 08:58:06,9,9,0,傻逼课程 傻逼老师 这种课怎么开出来的？？？？会不会上课？？？？
39033,458,徐志农,2016-12-21 00:00:28,-4,3,7,好老师啊\n\n
45783,458,徐志农,2018-12-26 10:41:01,46,69,23,傻逼 给分死几把差 国奖拉到退院
47635,458,徐志农,2017-02-09 07:12:25,5,6,1,工训代表就承受众人对工训这种课的怨念吧
48503,458,徐志农,2017-03-06 07:15:47,-11,1,12,太烂的老师，毁了这门课程，很王八蛋
48983,458,徐志农,2017-03-20 09:20:33,1,3,2,MMP
53021,458,徐志农,2017-06-24 23:29:28,3,6,3,工训的期末考试是什么鬼？？？一个实训科目期末占百分之六十的分，我们平时做的还抵不上死记硬背的期末？？？完全没有什么意思，我们平时还在纠结每个工种得分低了那么几分，期末才知道，那个有什么用！！！
55296,458,徐志农,2017-07-01 08:21:28,13,16,3,还是那句话，这门课真的不应该老师背锅吧。。哦当然期末占比不合理（也许这是教务处要求这门课期末占比的最低值？）有的人吐槽老师给分不好。。拜托期末占比60啊，而期末考试你又会几个呢。。所以不能只怪老师吧。。。而是期末考试设置的就不是很合理。。。（一直认为工训不应该有期末考）
56908,458,徐志农,2017-07-05 03:08:04,1,8,7,之前我也不相信工训还能上4的
56935,458,徐志农,2017-07-05 04:00:43,3,5,2,得分全靠运气，垃圾课
56940,458,徐志农,2017-07-05 04:15:42,2,6,4,推荐大家选线上线下教改班，平时不用瞎扯实验报告，上网做做选择题就好，可复制百度，平时分占70%，期末机考15%，纸质统一考试15%（其他班级期末纸质考试要占60%，该试卷难得根本不可能做出来，全靠瞎蒙）选线上线下即可有效规避期末风险，平时网上选择题百度一下就有答案，比纸质报告不确定的填空题好多了，强烈推荐线上线下班！
56983,458,徐志农,2017-07-05 05:39:25,2,3,1,。。。。。。
57539,458,徐志农,2017-11-30 03:28:00,1,2,1,你忙吧，我吃柠檬
58069,458,徐志农,2017-07-28 06:53:37,255,263,8,我记得某热处理老师挖鼻屎的样子是多么忘我，我记得某数车老师在被问问题时像烦苍蝇一样的慈祥表情，我记得某特种加工老师对于我课前作业的深情嘲讽，我记得导论课上对学生的各种出于好意的恐吓和随机选组长的英明决策，我记得组长尽职尽责的工作态度帮助几位组员永远漏交了第一次作业，我记得办公室老师因为担心学校财产的安全，严厉地拒绝我补最后一节课的无理要求，而忘记了前一天下午对我做出的承诺。当然我也记得普通车床那位有点像孙红雷的和蔼大叔总是笑着跟我们打招呼，钳工老师的“大~学~生~”的碎碎念下却藏着真正的善意。我们彼此都只是过客，只不过金工实习中心的老师每个工作日每个上午下午都不得不面对一批批令人厌烦的大学生，而我们只带着或认真或水的态度见他们每人一次，所以他们总是脾气不好而我们也总是不理解。无论在课上受了表扬还是得了委屈，实习本上的成绩永远是80~90分，走出金工实习中心咱们还是一条好咸鱼。
60115,458,徐志农,2017-10-11 02:04:11,107,116,9,大赞普通车床那位像孙红雷的老师，超仔细耐心地手把手教我们做，临走还帮我们把作品打磨好，我问他这直接在车床上打磨是不是很危险，他说：“危险所以不让你们自己做啊。”我们只是彼此的过客，感谢老师的认真与耐心。
60425,458,徐志农,2017-10-19 13:20:55,0,0,0,非常轻松
66575,458,徐志农,2019-03-19 04:25:24,18,32,14,徐志农老师大赞！！！！！！！很慈祥的老师，问他问题很耐心。工训课本来就分低，不要让徐老师背锅！
66830,458,徐志农,2018-01-19 07:24:28,1,2,1,苦练一个半小时ABCD写法
74655,458,徐志农,2018-03-05 03:47:42,5,5,0,要死。第一节课就拖堂。一个人在那讲话。心里没点数？
75165,458,徐志农,2018-03-07 23:53:26,2,2,0,那个徐志农老师 长得 真的很像乔杉?
75265,458,徐志农,2018-03-08 09:06:31,6,8,2,工程训练这种垃圾课，上课老师们极度自恋，仿佛说话都是给自己听的。几百人的教室，拿着指头大小的零件，问大家听见了么？！这种搞笑的垃圾课，有什么上的意义，丝毫没有收获。上课煎熬，仿佛…也是很失望了
78692,458,徐志农,2018-05-14 13:41:45,2,2,0,工训就是垃圾课
80676,458,徐志农,2018-06-29 04:29:24,4,6,2,听老们师的课，是一种很垃圾的体验。你会感觉到一种从而外的恶心。
80979,458,徐志农,2018-07-03 07:22:23,4,5,1,徐老师，考卷是您出的吗？不是的话，我就不骂您了
81021,458,徐志农,2018-07-03 10:25:32,-1,0,1,单纯问老师的话，还不错，补交作业对我态度很好。\n\n至于这门课，呵呵。
82525,458,徐志农,2018-07-08 11:54:50,14,14,0,我想知道为啥徐志农比周继烈高一分？
83419,458,徐志农,2018-07-10 08:50:17,0,0,0,给分一般
83464,458,徐志农,2018-07-10 10:40:41,4,7,3,什么都没学到 绩点3.9不知道亏了还是赚了 听听楼下怎么说
83511,458,徐志农,2018-07-10 13:00:38,1,1,0,给分还行啊，没有说的这么差
84863,458,徐志农,2018-07-14 06:07:46,1,1,0,给分还行\n\n
86363,458,徐志农,2018-09-14 04:03:27,-20,11,31,工训4+的路过，具体多少就不说了。也曾被工训老师骂到手足无措，但终究骂你的老师还是会帮你把已经出现的问题解决，并在你的本子上写下一个86-89的数字。所有抱怨课程抱怨老师的，你有没有想过你自己做的怎么样？期末之前大家也就一个0.3的绩点差距。那自己工训课上的内容又记得多少，书看过几遍？抱着水课的态度上这个课，还想拿多少分？至今仍记得钳工老师“大学生”这“大学生”那的指责，没道理吗？上了这么多年学，什么都做不来难道还应该课程背锅？老师背锅？
86523,458,徐志农,2018-09-17 04:35:05,3,4,1,最恶心拖课的傻逼老师了
87036,458,徐志农,2018-09-20 04:38:08,8,9,1,上午课的同学不用吃饭直接准备下午课吧
88830,458,徐志农,2018-11-09 08:31:31,9,10,1,工训这种课，实习的时候挺好玩的，看着自己搞出来的或者老师替我做的成品还是有一丝成就感的。然而，然而，我就是觉得好迷，我不知道那些作业答案应该在哪里找，书本不知翻了多少遍啥都找不到，无奈去复制百度。单从学知识的角度讲，感觉这就是一门，不想让我学习它的傲娇课程，数控编程？电火花CAD？你自己看啊！我从哪学，自己想办法喽！好吧，我自己想办法，可我不就是不会才来上课的嘛！什么资料也不给，但是你们就应该都会！不会，那是你们态度有问题。
90917,458,徐志农,2018-11-27 11:49:02,22,28,6,CAD/CAM做崩了。老师讲的太快，软件功能太多，连个详细说明也没有，不进行预习实在是头昏脑胀。几乎什么也没学到。建议这样过于专门、过于花哨、学不到什么东西的训练项目停止，多让我们搞搞实训（磨床、打铁、气锤什么的呢？）。
93832,458,徐志农,2019-01-14 03:14:11,2,3,1,傻逼老师又拖课
93837,458,徐志农,2019-01-14 03:32:00,2,2,0,佛了又要拖课 不用吃饭了
99793,458,徐志农,2019-01-25 07:34:20,6,8,2,说实话平时的实践课还可以，主要是体验一下，还能做出一些小玩意。但是期末考试真的太硬核了，基本全靠自学。最后绩点还可以，但鬼知道我投入了多少精力。
99827,458,徐志农,2019-01-25 08:11:57,30,32,2,工训上课还是挺好玩的 自己做出来挺有成就感的 普通车床像孙红雷的老师 数车的女老师 数铣老师 3D打印的老师都很好 \n\n印象最差的是电火花的老师 能不能不要问个问题就说你是小学生吗？ppt上的字看不懂吗？我真的......你让我们看ppt你自己在那不知道在干嘛？？？你不想回答就不回答 为什么要这么嘲讽学生 这样的老师让我根本不想做下去 那节课最后什么都没做出来 希望能换掉这老师\n\n
99830,458,徐志农,2019-01-25 08:09:06,-27,1,28,实践课还是挺有趣的 但是期末真的是完全不会 85题涂彩票 绩点4.2其实我觉得值了 毕竟没复习书都没看过几眼
100653,458,徐志农,2019-01-26 13:40:15,-9,4,13,还行，平常很有意思，期末复习了3个小时，最后绩点也能看得过去。我觉得如果光从绩点的角度看这个课的话，太狭隘了。能体验新鲜的东西不是很好么，很多人求之不得
100820,458,徐志农,2019-01-27 01:20:19,2,2,0,太坑了，不知道意义何在
102920,458,徐志农,2019-02-25 03:33:26,6,6,0,第一节课，视频没放出来，就搞了半节课，把学生晾着，结果放出来就是一个斑鸠琴的制作。这个视频你不放会影响你继续假大空讲这门课的意义吗？！多讲点安全教育和有用的内容不行吗
102986,458,徐志农,2019-02-25 08:13:58,2,2,0,真能拖
103048,458,徐志农,2019-02-25 15:23:29,2,2,0,拖课能拖四十分钟？？？然后真的觉得导论课您就有一种臭屁的感觉
103118,458,徐志农,2019-02-26 04:29:26,5,6,1,我好饿...
103145,458,徐志农,2019-02-26 07:06:38,3,4,1,辣鸡老师
103284,458,徐志农,2019-02-27 07:01:05,3,4,1,我是谁？我在哪？我在听什么课？
103644,458,徐志农,2019-03-03 12:36:50,14,16,2,这门课的老师瞎讲，教学内容混乱无比，整个课程上下来极为恶心，一堆知识网上自学，一周时间直接上手操作，“优秀”，这是学习吗？不我不认为，这门课的意义不明
104166,458,徐志农,2019-03-13 08:07:07,71,72,1,什么垃圾电火花老师，你在骂你? 呢
104377,458,徐志农,2019-03-19 04:21:19,92,95,3,电火花切割老师就是个吊人！骂骂咧咧的！我tm要是会画，要你老师干嘛？根本不配做老师，像死了亲妈一样。
104392,458,徐志农,2019-03-19 09:25:51,12,12,0,有些老师真是素质堪忧...
104633,458,徐志农,2019-07-10 02:39:08,78,86,8,认真复习是真的有用的，我平时分只有86左右算低了，但是考前认真背了最后4.2。然后我一看学习帝上4.2排1%，真是xswl，估计浙大没有另一门4.2能排前1%的课了吧。最后对电火花老师送上最诚挚的祝福：nmsl❤️
104843,458,徐志农,2019-03-28 15:19:13,24,24,0,10是给铣床老师的，www铣床老师真好，我模型加工失误报废了，老师还给我第二个模型加工，最后也给了86（最高89）\n\nBTH：表白最后指导我的同组学妹(≧∀≦)
105015,458,徐志农,2019-04-02 07:55:22,67,69,2,教电火花那厮可真是混账玩意儿
106208,458,徐志农,2019-04-25 14:08:34,36,36,0,电火花老师，呵呵，领教了
108116,458,徐志农,2019-05-21 07:22:25,19,19,0,麻烦后台人员告诉电火花老师 和 跟 或者 是俩个意思，，，，自己写得句子有语病怪学生我也是服了。
108849,458,徐志农,2019-06-03 07:11:46,34,35,1,电火花老师 nmsl❤️
108916,458,徐志农,2019-06-04 07:07:21,42,45,3,电火花那人真是个傻逼！大傻逼！
109186,458,徐志农,2019-06-11 08:13:04,39,40,1,电火花老师可会说话了呢
109221,458,徐志农,2019-06-12 04:15:51,7,9,2,还有比工训更没有意义的课吗
109717,458,徐志农,2019-06-18 23:58:10,19,20,1,对不起，这门让我一个手无缚鸡之力的女生不想再读工科。感谢金工实习中心，告辞！
110816,458,徐志农,2019-06-28 09:10:03,26,26,0,看到评论都在骂电火花老师和说这门课垃圾的我就放心了
111002,458,徐志农,2019-07-10 01:26:11,7,9,2,众所周知 工训只有3.3 3.6 3.9
112100,458,徐志农,2019-07-03 14:16:01,1,1,0,救救评分+1 感觉老师人还是挺好的 就是工训课实在是没啥收获
113702,458,徐志农,2019-07-07 04:34:54,4,4,0,请出分，谢谢
114018,458,徐志农,2019-07-10 02:29:05,-33,2,35,嘻嘻听说4.2已经很高了  10分拿走不谢
114310,458,徐志农,2019-07-09 17:39:18,0,0,0,无无无
114348,458,徐志农,2019-07-09 23:26:02,1,1,0,卡绩点。
114352,458,徐志农,2019-07-09 23:36:35,18,20,2,我猜你们另一个老师名字打不来，所以才来这里评分。
114400,458,徐志农,2019-07-10 00:57:40,7,11,4,收获还是比较大的，我感觉这门课本来就不是为了教我们怎么使用车床等东西，而是为了让我们对什么是车床、铣床、激光加工等等有一个概念。给分确实很差，对于考试我的建议是基本上不用准备，但要认真考试，猜得合理些会大大提高猜对概率，我是我们考场里唯一一个做满一个半小时的，结果4.2，而多数人一个小时就交卷了，不过要注意考试总共就一个半小时，不要当成两小时。
114412,458,徐志农,2019-07-10 01:13:52,5,5,0,工训其实还挺好玩的\n\n还让人体会到了提前这么久交卷的快感\n\n爽
114498,458,徐志农,2019-07-10 07:07:15,13,16,3,工训课虽然自我感觉良好，但也没想到最后能有4.2，唯一想批判的就是电火花的那个老师！
114879,458,徐志农,2019-07-12 08:12:30,1,1,0,什么鸟课？
116084,458,徐志农,2019-09-03 07:16:17,5,6,1,平时实验给分确实很迷，所有人分数都在80－90。但是期末考试还是需要好好准备。只要肯付出绩点也是能上4的，亲测有效。
116273,458,徐志农,2019-09-07 04:41:45,12,13,1,WYJ:电火花老师，吊人
116274,458,徐志农,2019-09-07 04:46:09,10,11,1,wyj：电火花老师，屌人
117333,458,徐志农,2019-09-23 03:55:44,5,5,0,电火花老师，睿智
118181,458,徐志农,2019-10-22 07:25:24,5,5,0,给铣床老师点个赞
118587,458,徐志农,2019-10-29 03:49:47,-15,2,17,吹爆激光老师！！！ 幽默风趣
120284,458,徐志农,2019-11-27 11:34:35,3,3,0,电火花老师:吊人
122673,458,徐志农,2020-03-17 07:32:03,2,3,1,大家也别一直骂，老师考试的时候带来了一把2b铅笔，可见还是比较关系人的
123626,458,徐志农,2020-06-10 14:14:03,4,6,2,我至今都没讲过徐志农和沈洪垚。这分是给工训这门课的，线下课堂、作业+考试、网络课堂、书根本就是4个不同的基本没关系的东西，真不知道是怎么编出来的教材，怎么定的教学要求
123956,458,徐志农,2020-06-17 15:37:01,0,1,1,感觉现在给分比以前好，身边4.2挺多的
125837,458,徐志农,2020-09-14 15:51:48,-5,0,5,工训课基本上是所以工科学生的必修课，老师也都努力在教了，只不过是我们和他们看的角度不同罢了
126367,458,徐志农,2020-09-24 02:03:36,-43,2,45,莫名其妙得了4.5，感觉还行？
128677,458,徐志农,2020-12-25 03:43:41,-15,0,15,（疫情期间）个人体会是，期末考看书并理解铸造、锻造、热处理、车、铣这些内容和裸考蒙ABCD还是有很大差别的。考试大部分内容还是比较基础的，综合性的题目也很有趣。最后总评4.8，应该是极限了吧。
132613,458,徐志农,2021-02-02 18:38:28,-4,1,5,有时候态度比较凶，但是期末成绩竟然比每次实验和阶段测试的得分都要高，无法理解（｀Δ´）！
135224,458,徐志农,2021-05-06 07:50:29,36,36,0,从我们小时候起，我们的妈妈就会教我们想要获得别人尊重的前提是互相尊重，可是我现在发现有些人并不这么想。哦，是的，也许电火花那个孤儿没有妈妈❤️
139339,458,徐志农,2021-07-14 11:22:11,14,14,0,课程安排给0分，线上预习复习阶段性测试一大堆全靠抄答案和百度，期末考试与平时上课毫无相关，全靠蒙，绩点随机生成堪比买彩票\n\n不过很多工种的师傅都是不错的，很有耐心也很善良，也能做一点东西自己带回，虽然说学不到什么东西\n\n至于WEDM的那位，懂的都懂
140502,458,徐志农,2021-09-13 06:08:54,-38,5,43,工训也要喷啊？？？要求全部写的明明白白，自己忘记去网站上看了能怪谁？课本和网上测试确实和实际操作关系不大，但是工科不就强调的是实践吗？从实践操作里学到东西还不够？有一说一，期末考试没有加权重已经很不错了，大家懂得都懂，就一起涂彩票不好吗？要高绩点你平时作业认真做，要学东西你上课认真听师傅讲。现在这个安排虽然奇怪，但也算合理，我反正学到实际操作就行了，3.9也不低，没被别人拉开。
143229,458,徐志农,2021-11-22 01:52:29,9,10,1,没人跟我说过3d打印的老师那么好看
143302,458,徐志农,2021-11-23 07:02:44,0,3,3,平时实训成绩几乎全90没低过85，最后给分79，大家如果是通识课的话通识如果看中绩点斟酌一下，课上动手还是有意思的，实训老师也大多数挺好，但是给分是真的呵呵
149987,458,徐志农,2022-01-18 07:36:46,-1,0,1,课挺好的，希望给分也能好
151977,458,徐志农,2022-03-22 08:28:56,11,11,0,激光那位老师，我只想说，听课跟不上的sb不配上您的课，我就是那个sb
152550,458,徐志农,2022-04-14 10:54:59,16,16,0,激光那老师有病吧一副高高在上的样子\n\n\n\nps.数铣老师是真的温柔善良
153142,458,徐志农,2022-04-26 05:44:29,19,19,0,激光老师你没事吗😅😅😅一副高高在上趾高气扬的样子做给谁看啊😅😅😅
153546,458,徐志农,2022-05-04 11:51:16,2,3,1,选的通识版本工训\n\ntmd破事一堆的手工课\n\n给分还烂，每个项目评分都上90总评80出头\n\n虽然就1学分但是真的恶心啊\n\n别选，腊鸡课程
153585,458,徐志农,2022-05-05 07:53:24,13,13,0,WEDM 和激光应该都是司马了，出事了，教的最差，态度最烂，有没有都一样。
154403,458,徐志农,2022-06-01 02:01:35,1,1,0,😅😅😅😅😅
154511,458,徐志农,2022-06-02 03:03:11,1,1,0,真的辣鸡
159705,458,徐志农,2022-08-23 15:22:56,0,0,0,仅供参考
160569,458,徐志农,2022-09-27 08:11:21,16,16,0,傻逼课，为啥出现在我傻逼的培养方案里，我操你妈
160575,458,徐志农,2022-09-27 09:17:20,24,24,0,激光的zjj老师，呵呵了，讲课内容背得滚瓜烂熟堪比景区导游，所有问题只讲一边提问一概不答，问了也是不耐烦。我好好听课好好做没浪费时间但是下课了，最低分，没有成品，因为你下班了。求你你说：社会上也是这样的，你要做做吧，加班费你给我付？我想告诉你，老师，这不是社会，这是一门课，而你不过是个完成任务领工资的家伙。你可以给我打最低分，我认了，但是你凭什么不给我每个上工训的同学都有的拿成品的机会啊？你配吗？呵呵，你算什么老师？
160610,458,徐志农,2022-09-28 02:49:19,20,20,0,只因光老师树枝666，发音咬字听不清，上课关键地方讲不清，问就说不好好听，没办法最后做错了还扣分，提交之后错误了还不允许修改
168786,458,徐志农,2023-02-22 07:44:26,12,12,0,教3d打印的女老师是我老婆嘶哈嘶哈
170437,458,徐志农,2023-03-04 16:58:15,8,8,0,wedm大傻逼
170562,458,徐志农,2023-03-06 13:49:05,5,5,0,打一分是因为最低一分，他真以为自己是根葱了是吧。\n\n这破课谁爱上谁上！
171034,458,徐志农,2023-03-15 00:49:33,21,21,0,并不是针对徐老师，毕竟他也没给我上过课。但是那b激光老师成天“检查仔细，出错”然后又不告诉你那里错了，上个b课你比学生还不乐意，能不能和隔壁铣床的老师学学什么叫上课态度啊。nmsl
172171,458,徐志农,2023-04-23 13:14:05,10,10,0,对车削的那个老师真的是无语了，不想教可以别交，反正又不是我请你来上课的，你大可以直接走人，分数留给我自己打就行了。你tm凶什么凶，嘴巴是抹开塞露了还是涂痔疮膏了，自己明明也讲不清楚，还怪学生没有听清楚，老子贵姓也是你配吼的！！！我只能祝福你有天能死在工作岗位上，这样至少人家会觉得你敬业
174148,458,徐志农,2023-06-06 15:51:18,2,2,0,亲测没有评论中说的那么恐怖，还没期末考，只评价一下上课的整体情况，一般而言课前好好预习，上课听指挥（比如有些工种不让看手机或要回答问题之类的），就没有大问题。激光的话我遇到的是放预习视频，没预习的话跟着做就好，不懂问旁边同学因为老师不回答。电火花的话两个人加工一个图形但是加工出来是两片，大家都有份，老师比较古板。预习作业强烈建议做的有数车、电火花，而且后者一定要注意PPT里面的要求。非工科同学的话可能有几个工种的任务会比较吃力。
174163,458,徐志农,2023-06-07 02:32:44,9,11,2,工训就是门垃圾课。
175096,458,徐志农,2023-06-21 13:12:11,-7,2,9,最爱的一门课！每周都很期待！当然主要是课程内容以外的东西吸引我。不是反串，认真的。
185239,458,徐志农,2023-12-27 08:14:48,8,9,1,工训就是彻头彻尾的二货课程
190535,458,徐志农,2024-03-07 10:43:27,3,3,0,垃圾wedm，出生
191034,458,徐志农,2024-03-29 04:24:10,3,3,0,傻逼数车老师，如果你已经会了，你就可以不用遭受老师的白眼，而你已经会了，上这傻逼课干什么
195534,458,徐志农,2024-06-28 16:38:00,0,1,1,1.是当作跨专业课选的工训，考前都比较努力复习了ppt还有网站上题目，最后给分还不错。\n\n2.电火花老师我甚至觉得态度比激光老师好hhhh。看到大家都在骂我就放心了，激光老师面瘫一样，啥问题都不回答，被他退下来无数次，都哭了，得分也不是很高。\n\n本来就做小东西的手工课b事这么多？老师这么nt？不担心出事？电火花有部分原因是因为我自己格式没保存好，实测要带自己电脑。老师爹味很重的批评你，啥啥啥，讲话一堆。电焊老师也感觉很凶。数车那个老师更凶，感觉说话语气很坏，但是能意外的得到一个小纪念品。
197252,458,徐志农,2024-07-10 02:32:21,0,0,0,老师们真的参差不齐，你总是会遇到一些奇奇怪怪的老师
199071,458,徐志农,2024-09-15 08:41:26,1,1,0,司马激光老师，上完激光一周心情都不好了
1724,472,段桂芳,2015-03-23 14:42:35,3,18,15,上课几乎不讲有用的东西，大多数时间感觉在走马观花，什么都没学到
2322,472,段桂芳,2015-04-21 05:39:20,5,14,9,如果你是茶学专业，千万不要逃课
2675,472,段桂芳,2015-05-05 07:28:30,5,17,12,呵呵了，怎么会有这种老师
3544,472,段桂芳,2015-06-17 01:31:07,9,27,18,老师很能扯。。。讲课效率低。。人一般般。。教得确实没有其他老师好
4788,472,段桂芳,2015-06-29 01:37:35,4,15,11,除了点茶学的名字和讲谈恋爱不知道在干什么
5188,472,段桂芳,2015-07-11 14:44:57,1,8,7,差评
6946,472,段桂芳,2015-08-23 02:06:54,4,14,10,烂到爆
7196,472,段桂芳,2015-09-10 10:02:06,-8,9,17,非常好
7556,472,段桂芳,2015-09-15 03:40:59,3,12,9,为什么没有零分！
7557,472,段桂芳,2015-09-15 03:45:33,2,8,6,讲正课不到两分钟就开始扯淡。。。我要知道谈恋爱也不要听你说
7600,472,段桂芳,2015-09-15 06:24:12,2,9,7,三节课正经的只讲了半节课！其余都是无聊的东西。。本来以为自己的问题，一看大家的评价我就放心了。。
8138,472,段桂芳,2015-09-17 06:19:02,137,159,22,为什么没人说他是个男的。。。。
8147,472,段桂芳,2015-09-24 06:07:24,3,6,3,\n\n禁止午睡
8155,472,段桂芳,2015-09-17 07:14:26,3,6,3,只会说废话。。。
8220,472,段桂芳,2015-09-17 14:51:49,3,8,5,水帝真经
9504,472,段桂芳,2015-10-29 04:55:28,3,7,4,简直是误人子弟\n\n
9703,472,段桂芳,2015-11-05 01:15:36,-2,11,13,讲得很好
10509,472,段桂芳,2015-11-19 10:13:57,0,6,6,其实不水，就是简单的讲的太详细，有点瞧不起我们的智商。。。
11620,472,段桂芳,2015-12-08 06:16:14,5,9,4,不会教 就会扯 一个问题会点名叫很多很多同学来答 浪费时间
11782,472,段桂芳,2015-12-15 07:40:03,3,8,5,其实老师还是挺好一个人的。。。我觉得挺关心同学的
13518,472,段桂芳,2015-12-29 01:57:22,9,15,6,在这里可以被点名，可以听怎么谈恋爱，可以听人生道理。。。。来吧baby们
13852,472,段桂芳,2016-01-01 10:11:38,2,4,2,重要的事情说三遍～
14148,472,段桂芳,2016-01-05 04:00:12,5,12,7,问:听段桂芳老师上课是一种什么样的体验？\n\n答:一种成为傻逼的体验。(微笑脸)
15459,472,段桂芳,2016-01-14 13:03:33,4,5,1,每次都能扯到人生和恋爱
16196,472,段桂芳,2016-12-28 05:36:20,9,16,7,根本不点名，给分非常好。讲得很好。楼上的都是诽谤！很不错的老师，为什么评分这么低！
18739,472,段桂芳,2016-01-22 12:28:22,9,12,3,讲的细致入微淋漓尽致 对同学情感生活很关心 是个男的
18805,472,段桂芳,2016-01-22 14:39:11,11,18,7,老师给分很好，虽然期中考的不是很好，还空了一道题，但老师给分真的很好。上课好好听，老师不会亏待你的。
18812,472,段桂芳,2016-01-22 14:48:48,16,23,7,讲的还行吧（虽然没听过别的老师），作业认真做做、复习前看看书，老师给分挺好的啊，没前面说的那么差
18826,472,段桂芳,2016-01-22 15:17:03,17,29,12,老师上课很用心，说的挺有趣的，被点名是一种很刺激的感觉。脾气挺好的，不太会生气。期末给分真的是浓浓师生情。觉得之前看的评价是有点片面的。
18852,472,段桂芳,2016-01-22 15:40:32,7,8,1,详略不当
18856,472,段桂芳,2016-01-22 15:48:43,13,23,10,老师是个男的！每次上课必讲的一句话是“还有一节课就吃饭了昂”常常讲着讲着就离题每次举例子都是谈恋爱啥的…课件上的问题会叫同学回答…可怕 讲课很一般 脾气好
18861,472,段桂芳,2016-01-22 15:54:21,10,15,5,老师上课确实一般，好好学，永远不放弃，就会有意想不到的绩点\n\n相信一个期中不及格最后绩点上四的学长吧！
18863,472,段桂芳,2016-01-22 15:58:31,1,4,3,特别喜欢点名～不吹不黑 还是可以的
18874,472,段桂芳,2016-01-22 16:06:53,24,36,12,期末分数感动得热泪盈眶
18885,472,段桂芳,2016-01-22 16:31:50,21,38,17,这个老师很逗很逗，一节课会让你笑很多次，工图本来就需要一定自己理解的能力，觉得还是不错，期末给分真的qiao良心，挺喜欢老师的，可惜再也听不到老师的段子了
18900,472,段桂芳,2016-01-22 17:09:02,19,29,10,老师不错，给分也很公道。别听信那些骂他的人，骂他的人都是自己学得不行的人
19059,472,段桂芳,2016-01-23 07:06:06,11,15,4,最后一节课开头必是：同学们打起精神来啊 还有一节课就吃饭啦 给分挺好的 浓浓师生情
19431,472,段桂芳,2016-01-24 08:11:59,1,3,2,还行呢
21306,472,段桂芳,2016-02-28 03:28:11,13,19,6,老师脾气很好，讲课略水，会讲冷笑话和鸡汤，但是给分很好，只要认真学花点时间做作业，会有一个不错的成绩
21329,472,段桂芳,2016-02-28 04:40:38,4,8,4,老师其实蛮不错，能给上课带来一些欢乐的工科课程在浙大着实不多，我个人很喜欢这种轻松的学习氛围。而且正如绝大多数人说的那样，段老师的课，只要你认真听，认真学，最后的给分会相当不错，相信一个半期测试80多、期末考得肯定没半期好、最后却有4.8的学长的话，认真学习的孩纸选段老师一点不会错(>﹏<)
21779,472,段桂芳,2016-03-16 02:27:02,9,19,10,客观讲，上课会扯，不点名但是不接受补交作业和不接受迟到窃以为比点名更可怕。西区东区奔波党表示真的要迟一点啊啊！这都不体谅还说人生就是这么多坎坷你有本事你去找学校调时间（手动再见）给你5分是因为真的还不知道给分怎么样：（
22050,472,段桂芳,2016-03-02 07:48:14,9,11,2,不要前面看评论，给分很有师生情，上课也挺轻松的。工图老师讲的都差不多，至少比周勇光好多了！
22100,472,段桂芳,2016-03-02 10:44:59,7,10,3,其实还好啦~上课挺有趣的，感觉没有评论说的那么差，给分好评！！！
22498,472,段桂芳,2016-03-07 03:12:35,2,5,3,讲的乱且不明确\n\n
24636,472,段桂芳,2016-05-02 13:36:30,1,3,2,真心觉得好老师啊 上课有趣也负责  认真写作业就行了～\n\n
25012,472,段桂芳,2018-12-25 04:59:07,5,12,7,贵机械是有多缺人了才会把这种日本野鸡大学毕业的脑瘫招进来啊。。
29276,472,段桂芳,2016-06-29 14:03:51,-2,2,4,老师特别负责认真，良心好老师
29841,472,段桂芳,2016-06-30 11:31:45,-1,4,5,挺好哒…
31690,472,段桂芳,2016-07-04 13:30:13,3,6,3,废话特别多，上课有一半时间在扯别的。期中考92，平时每一次都去，作业都交，大图认真画，最后期末要考到什么程度最后才给了70分？
33126,472,段桂芳,2017-01-21 13:28:24,1,3,2,不错的老师，就是喜欢扯蛋，聊天
33825,472,段桂芳,2016-09-22 03:21:51,-1,3,4,很棒！
34107,472,段桂芳,2016-09-27 05:21:39,-1,1,2,是吧。。。
34113,472,段桂芳,2016-09-27 05:55:48,-1,3,4,好老师。。。。。。
34115,472,段桂芳,2016-09-27 06:17:25,10,10,0,上课很扯，扯了一堆后，好 同学们我们回归课本 然后又开始扯
35066,472,段桂芳,2016-11-01 06:48:02,41,44,3,工程哲学
36004,472,段桂芳,2016-11-10 09:52:27,4,5,1,其实也还可以啦，现在也几乎不怎么讲恋爱了，课程虽然讲得不是很深入，但中初级的内容讲得还是挺透彻详细的。
38763,472,段桂芳,2016-12-18 11:03:30,0,8,8,可以打0分吗？\n\n\n\n刷新了我对浙大老师的认知，居然可以烂到这种程度的！！！\n\n\n\n这老师废话超级多，而且固执己见，计算机图形学课上不给带电脑是种什么样的体验？？？\n\n\n\n真不知道竹园怎么会允许这种老师给工高上课的。
38986,472,段桂芳,2016-12-20 07:58:32,7,8,1,MD谐星一个，上课公然开车公然膜蛤。
39538,472,段桂芳,2017-01-25 09:11:42,-4,3,7,给分不怎么好
39875,472,段桂芳,2016-12-28 05:35:52,2,5,3,这老师比较奇葩，大家做好心理准备
40481,472,段桂芳,2017-01-03 14:50:23,11,13,2,这个老师分数没上9 我是不服气的. 会讲笑话 会放mv 会调侃 时不时点同学回答但又从未生气 这种好老师 我真不知道哪里还有第二个人
40617,472,段桂芳,2017-01-04 10:18:11,4,4,0,虽然老师上课有时(常常)话题跑偏，但是我觉得还挺好的，能活跃气氛，认真听肯定不差，还有虽然不点名，但是会叫人回答问题，没到的就。。。
40881,472,段桂芳,2017-01-06 05:05:20,3,5,2,老师很好，风趣幽默，亲近同学，给你讲很多人生的道理还有恋爱什么的，课间会放视频……
41054,472,段桂芳,2017-01-09 01:49:46,5,8,3,老师三观正啊……课件也很详细，超级喜欢工图，不知道为什么老师的分数这么低呢，喜欢段大大啊
41918,472,段桂芳,2017-01-13 08:25:26,1,5,4,有趣，强烈推荐
46136,472,段桂芳,2017-01-20 16:11:38,1,5,4,评分偏低啊，不要因为评分不高就不选这个老师。有些人不喜欢这门课纯粹是课本身的缘故，老师人很好很有意思，讲的也比较慢，课件很详细，上课爱扯，不过还是有对于人生的认知在里面的，课间还喜欢放音乐。最后考试真的是浓浓师生情啊，比别的老师好超多，实在良心， 真的有在为学生考虑。给分也是相当好的，只要认真学完成作业看课件，分肯定不低。好老师！
47049,472,段桂芳,2017-01-23 11:31:45,1,6,5,你上的不是工图，是人生哲理课，满满的段子啊！课间还会放歌！老师态度很好，就是给分不太好，想水绩点最好别选（这课本来就拉绩点）。能学到好多东西啊，上课生动有趣，不过老是点人回答问题
47093,472,段桂芳,2017-01-23 17:02:34,3,6,3,超水课堂，良心给分。有些同学可能觉得学习是自己的事，与老师无关，我读了十来年的书，我觉得有些老师就是有能把资质差的学生教到很好的水平，我建议大家选别的老师的课…这个效率确实很低，你最终的得分与其靠老师人好，不如靠自己找个好老师好好学习…不过还是要感谢老师一个学期以来精彩的段子，您可以改行做相声演员的…或者在浙大设一个相声表演艺术班。那也很不错的啦
47766,472,段桂芳,2017-02-24 05:09:13,1,5,4,老师超级可爱，上课只要听他讲的就可以了，考试应该不会超出课上范围的。PPT绝对好评啊，多看看很有收获！！！
48488,472,段桂芳,2017-03-06 05:02:34,7,7,0,我能接受讲段子 但是能不一句讲课一句废话嘛 能好好的一段时间就讲课嘛
48597,472,段桂芳,2017-03-08 05:46:36,-1,0,1,有意思\n\n
48603,472,段桂芳,2017-03-08 07:03:28,2,2,0,笔记一万  相声八千
48785,472,段桂芳,2017-03-20 01:55:35,0,5,5,屁事够多！不讲人情。
51573,472,段桂芳,2017-06-07 08:35:27,3,3,0,感谢师生情最后还是过了\n\n老师很有趣，段子很欢乐\n\n但工图果然只能考前突击
52351,472,段桂芳,2017-06-19 03:18:45,2,2,0,社会  社会
52997,472,段桂芳,2017-06-24 14:16:33,1,2,1,老师超级有趣，允许一次不交作业，下课放mv提神，上课看同学要睡觉了就开始讲段子（开车），这门课不仅教你画图，还帮你正三观，讲人生哲学，老师不去当段子手可惜了＠(￣-￣)＠
53001,472,段桂芳,2017-06-24 14:42:20,6,7,1,知道什么叫人生导师吗？一个学期除了正常课堂教学真的明白了很多道理，老师很幽默很随和，这不叫扯没用的，这是尽到义务之外真正的素质教育。
53014,472,段桂芳,2017-06-24 15:49:32,5,5,0,红烧肉的故事没有结局真是太遗憾了
53060,472,段桂芳,2017-06-25 08:25:10,4,5,1,老师讲的超棒啊！关键是有段子段子段子！可惜老师不开别的课了，不然下学期还选。还有老师很喜欢一些老歌啊。
57609,472,段桂芳,2017-07-10 14:03:50,1,2,1,老师可以成为人生导师。他的工程哲学，只要你认真听讲，分数绝对不差。而且定点下课，绝不拖堂。
57618,472,段桂芳,2017-07-10 16:45:34,-1,0,1,喜欢老师的歌单\n\n
58116,472,段桂芳,2017-08-02 01:29:59,-2,1,3,很幽默的老师，也很严谨，序号必须写，还有一些细节都要做好。但给分很棒棒，细节做好了给分还是很宽的
58337,472,段桂芳,2017-08-29 04:05:42,-2,0,2,幽默风趣，上课经常讲段子，群里答疑也很及时，也跟同学打成一片。最重要是没有大图，工图整个相比较其他班轻松很多，知识点讲解也很到位，真的是好老师o(^o^)o
58586,472,段桂芳,2017-09-06 15:44:19,0,1,1,不错哦
59516,472,段桂芳,2017-09-22 03:38:15,1,2,1,真的是能扯啊
59964,472,段桂芳,2017-10-27 03:26:38,5,7,2,继续？ 结束？\n\n想结束？\n\n不存在的！
59965,472,段桂芳,2017-09-29 04:10:39,1,5,4,辣鸡老师！上课欺负同学吹毛求疵！上课不好好讲！全程瞎逼逼！
60207,472,段桂芳,2017-10-13 02:59:06,2,3,1,哎呀，好水。内容太慢太少 太轻松。怀疑学得到东西节奏
60931,472,段桂芳,2017-11-03 04:06:27,0,1,1,很开心
63090,472,段桂芳,2017-11-28 08:37:45,0,1,1,段老师教的挺好的
65060,472,段桂芳,2017-12-28 12:04:28,3,4,1,只想说他歌单emmmmm曲风很广
73667,472,段桂芳,2018-02-02 11:28:09,0,1,1,出分好慢.....
73934,472,段桂芳,2018-02-03 15:26:28,0,1,1,非常感谢老师的不挂之恩，记住老师一辈子了！
74012,472,段桂芳,2018-02-04 05:44:53,3,4,1,很差很差的体验，如果你想真正学到工图，别选，他会花2节课告诉你该如何做人
74159,472,段桂芳,2018-02-06 02:50:16,2,2,0,客观来说，上课会扯，然而老师该讲的也都讲清楚了.而且，个人觉得给分相当好.
74723,472,段桂芳,2018-03-05 09:13:23,2,3,1,自从第一节后每节课都上的胆战心惊....
75720,472,段桂芳,2018-03-15 11:48:36,-1,6,7,上课上到一半实在是忍不住了，特地赶来骂他
75971,472,段桂芳,2018-03-23 02:52:25,1,2,1,老师挺好玩的2333 第一节下课放mv让我睡意全无 工图玄学 老师哲学
75982,472,段桂芳,2018-03-23 03:50:47,1,2,1,老师很有趣，讲很多人生哲理
78335,472,段桂芳,2018-05-11 02:57:48,0,3,3,垃圾老师，老师提前收卷，疯狂逼逼
78357,472,段桂芳,2018-05-11 05:44:05,2,3,1,别的不说，自知学的超差，最后还有2.7，感激
80237,472,段桂芳,2018-06-22 09:32:30,0,0,0,hhh
80847,472,段桂芳,2018-07-02 04:49:08,0,7,7,老师讲的非常一般，逻辑很差，大部分靠自学，不建议选。另外，PPT年龄比我还大。
80967,472,段桂芳,2018-07-03 05:10:25,3,4,1,请记住老师在课上讲的段子，老师其实不叫段桂芳，叫段子手...
80968,472,段桂芳,2018-07-03 05:11:25,6,6,0,刚考完工图来评，老师是好老师，电影mv一定要看（哈哈哈哈哈哈哈）
87161,472,段桂芳,2018-09-21 04:17:01,3,5,2,能换就换吧
103154,472,段桂芳,2019-02-26 08:20:24,4,5,1,老师搞不清楚重点啊
103742,472,段桂芳,2019-03-05 02:05:27,1,2,1,老师讲课恰如博士买驴
103747,472,段桂芳,2019-03-05 03:31:34,0,2,2,音乐很有品味? ?
109341,472,段桂芳,2019-06-13 06:53:52,3,9,6,这老师每节课都把全班同学点一遍，对同学冷嘲热讽。讲课又烂浪费时间，如果不是点名我tm才不来。千万别选！
114085,472,段桂芳,2019-07-08 18:56:12,7,8,1,不知道有没有和我一样对工图一窍不通的同学呢。高中数学我最怕的是立体几何，三视图稍微复杂一点就想不出来。虽然画画也不错，但没有办法把脑子里的立体和画出来的图对应起来。听课听不懂，每次作业都拖到最后、做得很难过（可能是我一直在告诉自己学不好，一直在害怕和逃避）。工图让我理解有人说的“就是学不会数学”是怎样的感受、怎样的绝望。我一个学期都活在工图挂科的恐惧里，期中期末自己感觉及格可能性都不大。前两天梦到工图挂了，特别真实，怕得要死。感谢老师捞我，居然有3.0，虽然是大一一年来分数最低的一门，但真的是我最开心的一门。给老师打10分，因为真的很感激。平心而论，老师很能扯，三个课时里有时候只有一个课时在讲工图，讲得也比较一般；喜欢点同学回答问题，如果没到的话“非常遗憾”；脾气很好。
114144,472,段桂芳,2019-07-09 01:11:22,3,3,0,只能说这次期末太坑了。对我这种做题慢的简直是地狱
114211,472,段桂芳,2019-07-09 04:36:31,0,2,2,感谢老师捞我一把
114770,472,段桂芳,2019-07-11 12:12:24,-1,1,2,本人菜，没什么可说的，只一句：谢老师不挂之恩。
114854,472,段桂芳,2019-07-12 04:26:31,4,4,0,可能因为这学期我们那个班才四十几个人所以每节课都会把所有人点一遍回答问题顺便当点名（据说回答的好还有加分？？）上课还行，比较幽默吧，就是有一节课教育了一个用ipad的同学十多分钟我觉得ssfd…
114895,472,段桂芳,2019-07-12 14:37:27,2,4,2,老师给分太好了叭
120657,472,段桂芳,2020-01-22 11:49:37,4,7,3,我就是那个10分请愿1.5的，结果是真的1.5，那这10分也不能少……
121850,472,段桂芳,2020-01-22 14:20:44,6,7,1,上课喜欢点名回答问题，感觉水平不太行的样子，会给你普及人生道理，给分很好
132544,472,段桂芳,2021-02-02 07:57:07,-10,1,11,期末给分浓浓师生情！^ ^
138898,472,段桂芳,2021-07-11 15:25:47,-13,2,15,浓浓师生情!
141185,472,段桂芳,2021-09-26 02:19:12,6,9,3,离谱，太离谱了，上课就不能讲课是吧。还工程图学，工程哲学还差不多。讲一分钟题目，扯五六分钟人生哲理，上课就一点知识点没有，全在扯。一个最简单的知识点要讲好几遍，隔两句就开始扯其他乱七八糟的东西，真不知道怎么想到的。想划水的来，想认真学习的人千万不要来！千万不要来！！
149569,472,段桂芳,2022-01-16 03:58:01,-10,1,11,期末给分浓浓师生情~
149706,472,段桂芳,2022-01-16 13:55:20,6,6,0,他上课这水平从评分就可见一斑
150829,472,段桂芳,2022-02-19 07:26:54,-14,2,16,理中客来咯，10分\n\n今天在思考机械制图及CAD的课怎么样，突然想给大学第一个机械类的老师来打分\n\n老师上课有三种状态：胡扯（30%时间）讲课（30%时间）画图（40%时间）\n\n胡扯时，请掏出你的手机开始摸鱼，摸累了就看看教材\n\n讲课时，认真听\n\n画图时，用10%的时间画好，用10%的时间跟老师唠嗑，还有20%时间继续摸鱼\n\n一节课听40%扯10%的时间就能学懂了，期末考前突击俩小时\n\n工图是很微妙的课，确实很需要悟性，我期中79，期末95+，满了\n\n平时分跟作业正确率挂钩不大（确信）认真做，认真思考，平时分不会差
151106,472,段桂芳,2022-02-23 05:32:31,10,12,2,是吧，对吧。
157793,472,段桂芳,2022-06-25 00:17:13,10,13,3,上课比较幽默，喜欢扯淡，但是毕竟日本野鸡大学出身，自身水平有限，另外不允许补交作业，不调分，慎选
158521,472,段桂芳,2022-06-30 02:55:11,12,16,4,top3为什么会有如此水平低下的老师
160233,472,段桂芳,2022-09-15 11:36:54,-1,0,1,没有，无
162536,472,段桂芳,2022-11-24 15:46:42,1,1,0,就没人觉得他“是吧”的后缀已经不能用口头禅形容了吗
163544,472,段桂芳,2022-12-15 03:56:25,3,3,0,线上课你到底要连线多少人啊把全班五十人都点一遍是吧你这样上什么课啊一直连线就完事了上个网课那么多事儿的，，
163773,472,段桂芳,2022-12-16 05:42:43,3,3,0,会讲一些奇奇怪怪的尴尬例子  还自认为幽默   说话会磕磕巴巴的 是吧
164565,472,段桂芳,2022-12-22 02:14:44,2,2,0,经常扯淡，上课总点人回答
164713,472,段桂芳,2022-12-24 05:12:06,0,0,0,上课很水，上课段子手，网课喜欢连线，喜欢叫同学起来回答问题
167276,472,段桂芳,2023-01-15 11:05:23,6,6,0,上了裘乐淼的课再上他的，我的评价是依托答辩
167486,472,段桂芳,2023-01-16 15:58:55,3,4,1,➗ 喜欢点名回答一些考试不相关的东西 还动不动质疑同学作业有没有写 我直接4.8打肿这臭b的脸
170055,472,段桂芳,2023-03-01 06:47:20,2,2,0,喜提大学最低绩点
170461,472,段桂芳,2023-03-05 06:34:53,1,1,0,工图寄，网课连线可以连线一整节，线下点人回答问题也可以抡一轮过去，但是工图是真的看天赋吧（叹气.jpg）
170814,472,段桂芳,2023-03-10 03:46:24,2,3,1,中规中矩，喜欢哗众取宠，比较无语
170815,472,段桂芳,2023-03-10 03:49:14,3,3,0,无语………
171111,472,段桂芳,2023-03-16 05:40:28,6,6,0,无语，真的表面上笑嘻嘻的，但是就直接给你退路封死，为了自己方便，完全不考虑学生自己的想法
171803,472,段桂芳,2023-04-20 05:50:53,2,2,0,小丑🤡
171946,472,段桂芳,2023-05-04 07:34:03,6,6,0,依旧十分逆天🤣
173141,472,段桂芳,2023-05-14 09:01:43,4,6,2,讲课会有很多尴尬的段子，关于恋爱的，基本都是对性别刻板印象，作为女生听着心里很不舒服
173444,472,段桂芳,2023-05-24 13:41:25,1,2,1,不得不说考试是有点逆天的。五一前一周考了一次，收假来了卷子一讲完突然说“有些同学可能觉得上次没发挥好啊，那就再给你们一次机会”。突击测试这种操作是真的逆天，还连测两次
173483,472,段桂芳,2023-05-26 02:42:24,0,0,0,逆天略大于有趣
173490,472,段桂芳,2023-07-02 04:03:56,1,3,2,无语 像个小丑 课讲的稀巴烂
174658,472,段桂芳,2023-06-15 06:54:55,1,1,0,点人回答问题能回答十几分钟，不想讲可以不讲捏
178768,472,段桂芳,2023-07-22 04:52:41,0,1,1,逆天，一些话听着很没逻辑，给分一般，每节课都喜欢点人起来回答。
185731,472,段桂芳,2024-01-04 02:24:18,3,3,0,只能说不如不上，上课进度很慢，但是实际上没有在讲知识点
187895,472,段桂芳,2024-01-17 17:11:06,0,0,0,避雷 千万别选他的课：讲课进度慢，都不知道在讲啥，很没意思，大概能落后别的班大半个月的进度，而且上课对着名单点名，每个人必点到一次，没到就直接扣平时分，如果实在没办法选上了建议大家智云看xjh老师的课自学。
189173,472,段桂芳,2024-01-22 08:31:58,0,0,0,事情多，上课点名，并且水平不高。
189278,472,段桂芳,2024-01-22 18:40:25,0,0,0,还不错的，但是建议不要坐最后一排
192189,472,段桂芳,2024-05-11 06:29:06,1,1,0,讲课十分钟，废话一小时😅
200292,472,段桂芳,2024-10-15 12:03:35,0,0,0,能跑就跑，不幸选上就自学
201271,472,段桂芳,2024-10-31 02:50:54,0,0,0,逆天，，，
201683,472,段桂芳,2024-11-05 11:02:02,2,2,0,看得出来他在尝试活跃课堂氛围，出发点很好但是能不能别出发\n\n现在还记得期末考前最后一节课掏出来一叠纸说“我们来小测一下吧”
208261,472,段桂芳,2024-12-26 11:47:14,1,1,0,承接上一个评论，这周他真的在最后一节课掏出一沓纸，在没有任何征兆的情况下小测了（甚至试卷还没数齐，我猜肯定有人翘了最后一节课然后小测喜提没分hhh）
208300,472,段桂芳,2024-12-26 14:45:10,1,1,0,上这老师课建议随时带绘图工具吧\n\n突击小测hh还没卷子，最后也没比别人多考多少时间
208446,472,段桂芳,2024-12-28 02:14:19,1,1,0,真的很爱上课提问啊啊而且讲得属实一般
213317,472,段桂芳,2025-01-17 02:38:35,5,6,1,平时课认真听的，作业认真做的，笔记认真画的，复习认真看的，考试认真考的，课后积极交流的，喜提最低绩点。真的想拿高绩点的，脸皮要够厚，要有足够的勇气承受其他同学的目光，上课多逢迎老师，被骂了也要保持嬉皮笑脸，只要做到阿谀谄媚，包你高的。
215623,472,段桂芳,2025-03-03 03:52:48,4,4,0,避雷，学弟学妹预置的话想办法自学吧\n\n\n\n上课技术一坨，感觉话都讲不明白，照着教材读一遍都比他好。他那上课属于是这样一个模式：先讲出一个工图中的命题，为了说明这个学术的命题他会说一个比喻，注意是比喻，就是仅仅相似但内容毫不相关的，接下来花五到十分钟去说明他那个比喻的正确性，最后有效信息量只有命题那一句话\n\n\n\n另外段桂芳这名字是男的
217264,472,段桂芳,2025-04-07 07:27:54,12,12,0,有病？上课刚讲完的知识拿来出题算进平时分？整天废话连篇问学生一堆脑瘫问题，学生答不出来就开始嘲讽了，我去你的，我现在骂一遍，出分再骂一遍
217265,472,段桂芳,2025-04-07 07:51:14,6,6,0,避雷，喜欢叫同学回答问题，你要是说不会得看他心情，心情好了叫你坐下，心情不好直接开喷，你要是会但是说得不好，他就会直接嘲讽阴阳怪气。。。避雷
217618,472,段桂芳,2025-04-14 07:26:48,7,7,0,纯几把脑摊，上课屁点本事没有，话都说不清楚，就搁那是吧是吧是吧，是你吗了个笔，难的点解释半天跟没解释一样，还一直点人回答问题，你说点人回答吧那也正常，学生答不出可能没认真听教育几句也正常，这贵物直接开始嘲讽，反问句用的是很溜的，点人回答十几秒，他为了嘲讽你讲七讲八讲开去要五分钟，那就很奇怪了呀，合着你勾八本事全点在嘲讽上了是吧，这么会说上课水平怎么一坨呢
217623,472,段桂芳,2025-04-14 08:08:42,3,3,0,出生一个
217809,472,段桂芳,2025-04-17 00:20:47,3,3,0,能力差劲，情商差劲，真纯纯恶心人，估计快成为下一个周勇光
218391,472,段桂芳,2025-04-23 06:18:56,5,5,0,剖视图的目的是为了什么？什么？是为了，是吧，为了减少虚线，是吧？对不对？是吧？\n\n\n\n这个啊，是吧，这个啊，得这样画。
218900,472,段桂芳,2025-05-12 07:54:04,1,1,0,《你是考进浙大的吗》《听得懂中文吗》
220772,472,段桂芳,2025-06-19 15:09:36,1,1,0,体感不好。\n\n感觉对男生和女生有区别
221338,472,段桂芳,2025-06-23 04:04:30,2,2,0,上课不知所云， 喜欢叫人回答一些无意义的问题浪费时间\n\n啊(笑)啊这个就是这样的(笑)是吧(笑)嘿哈(笑)\n\n(点一个人)你觉得可以怎么画? (点下一个人)你刚才听了吗?前一个人是怎么说的? (点下下个人)前两个人是怎么说的? 你复述一遍
2054,482,汪延成,2017-09-21 10:19:05,-2,14,16,上课上的什么jb鬼东西，胡闹，声音小，内容完全讲不清楚，而且考试一团糟
10746,482,汪延成,2015-11-23 04:22:42,6,19,13,感觉还不错，讲的东西还是很新的
19087,482,汪延成,2016-01-23 08:43:12,3,11,8,老师讲得其实还可以的，可能趣味性少一些但是可以学到东西，考试要好好准备看书看课件
19371,482,汪延成,2016-01-24 03:30:45,15,33,18,汪老师的讲的东西很新，注重我们文献查找，做课题等能力培养。最后老师给分是很不错的。
20996,482,汪延成,2016-02-09 05:50:47,1,5,4,特别无聊
21089,482,汪延成,2016-02-16 12:29:03,4,10,6,应该还算不错的
25355,482,汪延成,2016-05-16 00:56:13,1,6,5,上课无聊
33076,482,汪延成,2016-09-12 05:30:06,5,14,9,汪sir人还是很厉害的好吧\n\n
47421,482,汪延成,2017-01-26 06:48:42,39,59,20,建议各位，以后选毕设和研究生导师千万别选他，过来人吃尽了苦头，讲真
47579,482,汪延成,2017-02-02 17:40:11,2,3,1,23333
58161,482,汪延成,2017-08-11 08:50:33,0,3,3,汪老师很认真负责的
58592,482,汪延成,2017-09-07 03:57:12,6,9,3,吃相难看
59453,482,汪延成,2017-09-21 12:37:53,2,4,2,还可以，认真负责
60647,482,汪延成,2017-10-26 03:28:10,5,8,3,讲课水平一般，但是老师很认真，认真备课，改作业，评价题目。
63920,482,汪延成,2017-12-19 07:53:09,29,32,3,“老师，这个问题……”\n\n“你回去自己好好理解一下。”
67882,482,汪延成,2018-01-22 08:45:12,0,13,13,垃圾 长得帅的男人都是骗子
67892,482,汪延成,2018-01-22 09:04:30,3,5,2,讲课一般，比较认真负责。最常说的一句话：‘这个你们研究生阶段再去学吧‘
68992,482,汪延成,2018-01-24 07:31:36,5,10,5,考试错了不少，但是给分很好
69513,482,汪延成,2018-01-25 01:53:28,-9,7,16,老师适合搞科研，也是杰青，挺鼓励我们好好学习的。讲课也还可以，可是我还是得说，考试考的什么啊？说好的塑造，经济性不考，全考车削了，就应该改名叫车削过程与工程。现在成绩还没出，花了那么多时间复习，excuse me?
69734,482,汪延成,2018-01-25 09:41:30,2,6,4,老师给分是真滴好
69748,482,汪延成,2018-01-25 10:13:23,2,6,4,老师给分真的好
69776,482,汪延成,2018-01-25 11:17:17,1,2,1,就那样吧，相当于工训的理论课，枯燥，分低。
69928,482,汪延成,2018-01-25 16:24:42,1,3,2,文献阅读能力与做课程展示的能力应该是老师所重视的。大家应该在平时多下功夫。
70325,482,汪延成,2018-01-26 12:42:37,0,2,2,给分还是不错的
72355,482,汪延成,2018-01-30 03:04:01,-5,1,6,给分不错
72915,482,汪延成,2018-01-31 10:30:47,0,3,3,老师很认真，但ppt讲比较简略。配一本金属工艺学有助于理解。要求小组报告读英文文献还是很锻炼人的。
74362,482,汪延成,2018-02-14 04:26:20,1,2,1,无语……
86465,482,汪延成,2018-09-16 13:56:18,3,6,3,PPT很清晰，讲知识点很清楚的
95463,482,汪延成,2019-01-19 12:29:14,-4,2,6,报告做的不好\n\n期末考磨削五分一点都没看\n\n最后出了一个一般的分数\n\n但感觉老师真的挺有水平
95510,482,汪延成,2019-01-19 13:28:03,3,7,4,考试考不好的你问问自己的良心，作业认真做了吗\n\n
96437,482,汪延成,2019-01-21 03:34:28,4,7,3,1.5路过。。。
107672,482,汪延成,2019-05-08 06:48:32,1,3,2,一般般
126623,482,汪延成,2020-10-09 05:52:37,1,4,3,无语。。。
131672,482,汪延成,2021-01-28 11:04:46,6,14,8,给班主任捧个场
131944,482,汪延成,2021-01-29 11:49:07,3,6,3,老师讲课比较认真，平时分给的也特别好，很感激，好老师一位
132091,482,汪延成,2021-01-30 07:58:57,2,6,4,汪sir待我不薄，给汪sir个好评
151028,482,汪延成,2022-02-22 05:26:16,2,5,3,汪老师8是神中神？
151310,482,汪延成,2022-02-28 08:05:39,0,1,1,问成绩不给问
153260,482,汪延成,2022-04-27 07:38:15,2,7,5,谜语人，复读机
158323,482,汪延成,2022-06-28 09:38:21,-2,2,4,老师讲课很认真，不点名，会及时讲评作业，也会上传所有的课件，考试完不让问成绩。
165061,482,汪延成,2022-12-29 03:05:29,6,12,6,我的第一个査老师评论献给汪sir~汪老师真的很认真，而且是一个很体谅学生的人.虽然和汪老师直接交流不多，但是能看出来他有一颗好好教书的赤子之心。能力也不错，不是那种什么都喂到嘴里的老师，但也喂了一半。上课也尽量提升趣味性，奈何设计制造本来就比较基础，怪不得老师。上课认真听其实会发现很有条理，重点也抓得清晰。考试还没考，但是觉得自己不会差，想学的学到了，希望分也能拿到~~碰到汪sir着实幸运，年纪轻但是配得上“为人师表”，真心想说一句感谢~
165704,482,汪延成,2023-01-09 10:29:17,7,13,6,汪sir讲课很有条理，PPT会把知识点都列出来。我个人感觉他比较重视本科生的培养，会交给我们大作业锻炼我们的文献查找阅读能力，需要注意的是做这个大作业一定要找国际前沿的文章，不要找博士论文或者硕士论文。总体来说，还是非常推荐的。
166109,482,汪延成,2023-01-11 06:53:24,2,7,5,汪sir这不神中神?！
168122,482,汪延成,2023-01-29 06:44:24,-1,8,9,不点名，平时不听，考前两天半突击了一下，但是基本没背到，最后也给了4.8.只能说老师给分真的很好
181888,482,汪延成,2023-11-03 12:38:09,-1,0,1,111
186255,482,汪延成,2024-01-10 06:18:01,-1,5,6,汪sir真的算得上负责了
188108,482,汪延成,2024-01-18 08:04:55,24,30,6,呵呵，喜欢当阴阳人，\n\n给分挺一般的，不知道是谁在吹神中神\n\n客观来讲讲课水平是没有问题的，ppt做的也挺好的，平时会在群里发很多机械相关的论文\n\n但是学生问问题从来不回答，要么就阴阳怪气你一下\n\n总的评价，鉴定为依托
188128,482,汪延成,2024-01-18 08:50:03,-4,3,7,感觉今年考试比较难，考试的时候没多少背到的，能写的尽量都写上去了，汪sir给分是好的，最后居然有4.2，但是还是想说设计与制造这门课就是一坨答辩。
189092,482,汪延成,2024-01-21 18:44:01,2,9,7,汪sir这不神中神？
190339,482,汪延成,2024-02-28 08:03:09,2,4,2,很负责
193250,482,汪延成,2024-06-05 05:56:44,0,0,0,一般。
208530,482,汪延成,2024-12-29 03:48:38,2,3,1,问问题从来不回答，还顺手再阴阳一句
208972,482,汪延成,2025-01-04 00:50:23,4,6,2,老师讲的很好，PPT条理清晰内容完整\n\n课确实是烂，不过老师也确实是好\n\n学汪sir的课真能学到东西
208981,482,汪延成,2025-01-04 05:09:19,-6,2,8,卡绩88好难受\n\n手贱老师最后一分钟改选择题，还好一分，刚好卡绩
216637,482,汪延成,2025-03-19 16:18:42,3,4,1,上过课的都知道你是条犬
217217,482,汪延成,2025-04-05 03:18:20,1,1,0,正常，还好吧，没说的那样的
217657,482,汪延成,2025-04-15 01:53:44,0,2,2,这老师tmd一直走到学生背后看学生在做什么，真他妈无语
196,631,金逸峰,2015-03-14 16:43:49,100,113,13,超赞的！认真负责，上课很有趣！一定要选他的工图！
2237,631,金逸峰,2015-04-13 08:55:56,33,39,6,认真负责实际
3293,631,金逸峰,2015-05-28 00:38:47,1,5,4,他的工图很好，cad很坑，慎选…
4638,631,金逸峰,2015-06-25 09:51:38,24,28,4,上课耸肩的动作很帅的说
5247,631,金逸峰,2015-07-06 03:44:34,32,36,4,他的工图超级赞，人也超级好。上学期胳膊骨折只休了两星期就来上课了，还要在黑板上画图
5526,631,金逸峰,2015-07-08 04:59:41,28,31,3,男神\n\n
6463,631,金逸峰,2015-07-14 06:14:59,4,7,3,好
6999,631,金逸峰,2015-08-25 05:39:55,13,14,1,上课很仔细负责
7189,631,金逸峰,2015-09-10 06:35:25,23,24,1,老师很有风度，讲课很好
7475,631,金逸峰,2015-09-14 14:59:06,30,31,1,他年轻的时候一定很帅！讲得非常清楚，批改作业很认真！还押中了一道期末考题！
7965,631,金逸峰,2015-09-16 08:50:52,6,7,1,蛮好玩的
8105,631,金逸峰,2015-09-17 04:48:55,8,10,2,帅
9074,631,金逸峰,2015-10-12 06:37:13,3,4,1,好老师，超级赞
9320,631,金逸峰,2015-10-21 07:34:37,6,9,3,爽啊爽
11643,631,金逸峰,2015-12-09 06:44:29,15,16,1,讲课充满激情也很详细  他的工图真的很不错
12510,631,金逸峰,2015-12-23 11:50:10,3,4,1,男神啊
12539,631,金逸峰,2015-12-23 12:19:31,4,6,2,上课幽默风趣，讲课也很认真细致，改作业也很认真，有问题会认真地给你解答
12630,631,金逸峰,2015-12-23 16:10:07,1,1,0,好老师没得说
12818,631,金逸峰,2015-12-24 05:52:54,36,38,2,骂人的样子好帅呀(ง •̀_•́)ง能一口气说出整张图的十几个甚至二十几个错误然后劈头盖脸一顿骂…然后…然后当然就长记性了
13467,631,金逸峰,2015-12-28 07:17:58,4,4,0,非常负责的老师，讲课详细，而且很幽默，非常喜欢！
13781,631,金逸峰,2015-12-31 02:17:39,10,12,2,男神，绝对值\n\n
13980,631,金逸峰,2016-01-03 08:52:30,4,5,1,实在好老师！负责！给分超好～
14291,631,金逸峰,2016-01-06 06:20:20,4,4,0,超赞~
14301,631,金逸峰,2017-05-04 23:43:50,-8,4,12,
14727,631,金逸峰,2016-01-08 13:21:15,6,6,0,太赞了，真男神，上课都不想玩手机了⋯⋯
14942,631,金逸峰,2016-01-11 06:55:06,4,4,0,很像巫师(´･ω･`)挺好的
15035,631,金逸峰,2016-01-11 15:19:03,6,7,1,老师上课挺认真负责有趣的，不点名但是每次几乎都要交作业(工程图学)，推荐选！
15411,631,金逸峰,2016-01-14 09:28:42,15,16,1,超级喜欢老师!很幽默和大方讲课很清楚教的也很好!每次上课都做第一排觉得听老师讲课很开心!而且老师超强超帅年轻时一定是男神不过现在也是w!
15838,631,金逸峰,2016-01-16 11:55:45,3,3,0,很负责的老师
15903,631,金逸峰,2016-01-22 18:25:10,15,21,6,老师真的很好，给分也很棒，我这种抄答案都抄不对的渣渣竟然还4.5
16645,631,金逸峰,2016-01-18 15:06:24,3,4,1,男神啊
17120,631,金逸峰,2016-01-19 15:24:56,3,3,0,讲课认真严谨，还不失风趣幽默
18964,631,金逸峰,2016-01-23 00:52:21,3,4,1,强强强
19001,631,金逸峰,2016-01-23 03:09:32,52,54,2,岁月没有带走金老的活力，反而给了他无限的经验与幽默。他对学生的弱点了如指掌，绘图信手拈来，作业不多但有重点，大图作业不满意还可以修改重教，用心点赞！
19003,631,金逸峰,2016-01-23 03:17:59,13,13,0,打洞狂魔hhh（←开玩笑）蛮喜欢的一个老师，上课讲得挺好的，绩点什么的，算是和付出的成正比
19015,631,金逸峰,2016-01-23 04:11:27,3,3,0,有趣认真负责
20282,631,金逸峰,2016-01-27 02:23:24,1,1,0,幽默风趣，工图大赞！
22145,631,金逸峰,2016-03-02 14:09:36,3,3,0,男神妥妥的
22448,631,金逸峰,2016-03-06 05:51:31,13,13,0,老师很负责，讲课讲的很帅，但是有一次作业被骂的那叫一个惨，回去长记性了，给老师点赞
22612,631,金逸峰,2016-03-09 00:14:16,11,11,0,非常负责任的老师，讲课很认真，作业也是他自己批改，上课也很幽默。
23280,631,金逸峰,2016-03-23 12:15:44,5,5,0,峰爷最帅
24674,631,金逸峰,2016-05-03 04:32:35,3,3,0,老师好厉害！
25787,631,金逸峰,2016-06-08 07:40:06,9,9,0,上次看他跑步，果真是精神矍铄的好老师
25985,631,金逸峰,2016-06-15 01:18:28,1,2,1,跟看暴走大事件一样，王尼玛即视感，不过讲得很棒
26008,631,金逸峰,2016-06-15 04:16:59,3,3,0,工图一定要选金大大
27297,631,金逸峰,2016-06-24 14:01:39,1,1,0,好老师不解释\n\n
27319,631,金逸峰,2016-06-24 15:40:10,1,2,1,给分超好的慈祥老爷爷\n\n
28212,631,金逸峰,2016-06-28 08:16:24,0,0,0,老师人超好上课也很棒，认真听不会有问题，我的话，是我太垃圾了
28522,631,金逸峰,2016-06-28 09:49:31,1,2,1,绝对好老师！工图讲得很清楚，还有各种段子，非常有助理解。对作业要求非常严格，不过也是为了我们好。\n\n总之绝对好老师！
29831,631,金逸峰,2016-06-30 11:19:34,2,2,0,还不错
30408,631,金逸峰,2016-07-01 13:35:47,9,9,0,男神 我是男的但我愛他
30442,631,金逸峰,2016-07-01 15:19:01,-1,1,2,给分真心赞 讲的也好 虽然我是男的但我也爱他
31441,631,金逸峰,2016-07-04 02:15:03,3,3,0,好老师，上课有激情，爱运动?
31644,631,金逸峰,2016-07-04 10:35:46,1,5,4,没有师生情
33572,631,金逸峰,2016-09-20 06:43:41,3,3,0,金老讲课真心不错，给分也很实际
33674,631,金逸峰,2016-09-21 03:22:33,0,0,0,轻松，超清楚
34247,631,金逸峰,2016-09-29 04:54:50,0,0,0,有趣，不选是损失
34504,631,金逸峰,2016-10-12 06:26:51,0,0,0,爽爆了
34556,631,金逸峰,2016-10-13 10:56:31,3,3,0,感觉真的人如其名，跟帅气飘逸的一个老师，虽然年纪貌似比较大，但是还是比很多青年教师都有活力，超赞超推荐，我有时候因为是下午第一节课，上课困的要死，起来后看到金老讲的那么认真都有点羞愤欲死的感觉
34667,631,金逸峰,2016-10-17 16:52:00,4,4,0,真的讲的炒鸡好，连续三节课都不带困的！有趣的工图课
35092,631,金逸峰,2016-12-28 06:00:21,3,3,0,哈哈哈哈，看到余量只有两毫米，你紧张不紧张？哈哈哈
35253,631,金逸峰,2016-11-07 09:25:56,0,0,0,峰爷讲课认真细致，条理清楚，点赞。峰爷最帅！
35361,631,金逸峰,2016-11-09 06:58:11,4,4,0,绝对是我见过最好的男老师之一。在浙大的所有老师都很好，但金老师给我的影响绝对是最大的。最爱的老师
35573,631,金逸峰,2016-11-10 07:28:31,3,3,0,爽爆了，完全不困
39068,631,金逸峰,2016-12-21 03:29:30,0,1,1,男神啊，把画图讲得?有趣吖 我这个曾经通用技术B的人都能听懂啊
39083,631,金逸峰,2016-12-21 04:48:59,0,0,0,上课很有激情，很有感染力，很少想睡觉，怎么说呢，比较喜欢这样的风格
40582,631,金逸峰,2017-03-09 02:07:23,3,4,1,超喜欢，老师讲课超有意思，能学到很多东西！！！
40607,631,金逸峰,2017-01-04 09:24:17,4,4,0,好喜欢金老师，对学生真的很好，水平有很高，而且还大气负责，赞赞赞!
40741,631,金逸峰,2017-01-05 07:51:34,3,3,0,男神不解释\n\n
40834,631,金逸峰,2017-01-06 01:39:09,0,1,1,超级棒！讲课认真 耐心负责  见过老师踢球 跑步  真的好赞
41065,631,金逸峰,2017-01-09 02:57:21,0,1,1,很负责
45532,631,金逸峰,2017-01-19 16:41:40,3,4,1,什么叫良心？什么叫好老师？ 不光讲课生动大家愿意听 连分都 这么高！！！虽然我大作业和期中考的不错 但期末是真的炸了 居然还有这么高的分！真的爱死了
45575,631,金逸峰,2017-05-03 00:28:15,-2,2,4,没好感
45603,631,金逸峰,2017-01-20 00:27:40,3,3,0,大一唯一听得下去的课！对学生耐心，给分不错
45846,631,金逸峰,2017-01-20 07:18:41,6,7,1,我一个不需要学机械制图的同学。上了一个学期工图，果断下个学期补选金老师的机图.....你们自己体会吧
46739,631,金逸峰,2017-01-22 08:54:54,0,2,2,老师很好，上课很有趣，难点也讲解的很清楚，每次会布置作业。考试的时候一脸懵逼，不过最后成绩好像还可以？_(:з」∠)_
48354,631,金逸峰,2017-03-02 09:44:56,6,8,2,满分男神！每天看他穿着一身跑步装备实在是太酷了，希望我自己老了也这么有活力。\n\n最好的工图老师没有之一，讲的很清楚，最后出来绩点也很好，可惜工图只能上这一次。
49331,631,金逸峰,2017-04-05 12:38:37,0,1,1,真男神
49699,631,金逸峰,2017-04-24 11:46:55,-1,1,2,非常好
49893,631,金逸峰,2017-04-27 04:03:37,0,1,1,
50393,631,金逸峰,2017-05-02 15:09:34,9,10,1,金老师人超级有激情，上课很好玩很好玩，会对大作业和小作业认真改，还会点出针对每个人的缺点，给分也超赞！！请一定相信老金！最后强调！强调！强调！C！A！D！作业不多 ！ddl超级松！但是一定不要拖！到期末Ddl攒到一起会吐血！！！
50408,631,金逸峰,2017-05-02 16:09:38,0,1,1,事情少效率高！
50439,631,金逸峰,2017-05-03 01:59:42,0,0,0,好老师，不解释
50957,631,金逸峰,2017-05-10 06:01:11,4,4,0,工图和机图都是他的，原因你懂的。
51749,631,金逸峰,2017-06-09 03:36:58,1,1,0,真的男神 上描图课忘带作业本和A4纸 老师提前打印好给没带的同学发 不管给分多少也要打10分
52049,631,金逸峰,2017-06-14 10:37:09,4,4,0,工图机图都是金老，爱就一个字我只说一次
52568,631,金逸峰,2017-06-21 06:35:56,0,0,0,老师很棒很赞
53076,631,金逸峰,2017-06-25 10:00:49,3,4,1,工图可能重考哦(￣Д￣)ﾉ
53079,631,金逸峰,2017-06-25 10:37:31,0,0,0,不错哦
60000,631,金逸峰,2017-10-01 01:40:59,0,0,0,很nice的老师，严谨负责
60772,631,金逸峰,2017-10-30 02:45:36,1,1,0,讲的真好
61090,631,金逸峰,2017-11-08 10:51:16,1,1,0,反正超赞的…！上课跟着一起画的话，节奏刚好，非常痛快，就算是下午第一节课也完全不困！老师挑错的时候也超帅！
63110,631,金逸峰,2017-11-28 10:32:44,2,2,0,贼她妈爽\n\n
64055,631,金逸峰,2017-12-20 17:51:06,2,3,1,啥也不说了，除了打10分以外我还能做什么?
65789,631,金逸峰,2018-01-09 06:22:58,3,3,0,深入浅出而不失幽默，大赞！
66531,631,金逸峰,2019-07-02 18:55:18,0,1,1,谢谢老师一学期的教导
68661,631,金逸峰,2018-01-23 14:38:41,1,1,0,老师很棒的！
71763,631,金逸峰,2018-01-29 02:50:55,3,4,1,给分不太好，讲的挺好
73598,631,金逸峰,2018-02-02 05:13:35,6,6,0,考试不会，是真的什么都不会，最后没挂！很开心了打call打call
73641,631,金逸峰,2018-02-02 08:50:02,4,5,1,老师上课很精神也很有趣，超和蔼的老师，作业挺少的，但给分emmmm，我也没想到我工图分会这么低（毕竟两次大作业和小测成绩都挺好的Ծ‸Ծ）
74859,631,金逸峰,2018-03-06 06:41:55,1,1,0,非常爽
76981,631,金逸峰,2018-04-27 03:26:04,0,0,0,舒服！
77294,631,金逸峰,2018-05-11 00:01:45,3,3,0,老师的课很好！！！要求也很严一负责的老师。就是分给得…有点略低。
77346,631,金逸峰,2018-05-05 01:15:11,4,4,0,很棒的老师？上课非常有趣。对待学生的作业也很负责任，如果画的不好就让你拿回去改，有效的避免了得分过低的问题，还非常详细的指出你的每一个错误，真的非常有帮助！！\n\n作业的截止时间也很松，完全不用赶！\n\n在成绩出来之前来给老师做个评价，应该会比较客观吧
80030,631,金逸峰,2018-06-19 05:32:20,3,3,0,教学而言，老师很有经验很有水平。而且用黑板画图很勤，备课准备绝对是中学教师级别（大赞）\n\n老师对学生，欣赏也好，恨铁不成钢也罢，方式都很得当，有气度。不会给人可以拖可以偷懒的感觉，也不会过于严厉死板。\n\n对课程有着热爱。\n\n感谢金老师，重新端正了我对于学习的态度。鞠躬
80555,631,金逸峰,2018-06-28 01:30:08,0,0,0,老师好
82098,631,金逸峰,2018-07-07 06:16:38,1,1,0,感觉老师没有前面各位说的那么凶，相反非常可爱～
82513,631,金逸峰,2018-07-08 11:26:33,1,3,2,给分不太好\n\n
84143,631,金逸峰,2018-07-12 06:24:57,2,3,1,老师上课讲的很好，很认真，对画图的要求比较高，作业一定要好好画。虽然考试很多没画出来，但是分数比我预想的要好很多，谢谢老师o(^o^)o。
85597,631,金逸峰,2018-07-20 09:56:06,6,6,0,讲的非常好，给分很求是，能学到很多
88606,631,金逸峰,2018-11-03 11:41:01,5,6,1,非常有活力的老头，运动会里还想报青年组的比赛，让负责活动的同学很慌张hhhhhhhhh
91512,631,金逸峰,2018-12-12 06:50:49,4,5,1,老当益壮宁移白首之心
93319,631,金逸峰,2019-01-09 04:11:08,0,1,1,老师真的是个超级好的老师，可惜我不是个超级好的学生。
93326,631,金逸峰,2019-01-09 04:21:58,1,2,1,为什么没有10+的分数！老师太好了，不管我最后考得怎么样都坚定不移地给老师最真挚的谢意。我男神！
93359,631,金逸峰,2019-01-09 07:36:12,0,1,1,金老师太棒了，超有魅力，十分妥妥的。可惜下个学期选不了他的课了?
93369,631,金逸峰,2019-01-09 08:03:18,0,1,1,还好下学期又选上了他的课\n\n嘿嘿
93376,631,金逸峰,2019-01-09 08:08:05,-2,0,2,男神男神!!
96072,631,金逸峰,2019-01-20 12:22:33,-1,1,2,
98673,631,金逸峰,2019-01-23 17:56:02,0,1,1,可以说完美了。老师有自己的见解，讲课很有活力，超级认真，看到统计学生每次作业成绩的Excel表的时候我都惊呆了，连画图的每种线型也分别给你打分，真的很赞。
98969,631,金逸峰,2019-01-24 06:02:30,-1,0,1,老师超好，非常幽默。
101631,631,金逸峰,2019-01-28 15:43:37,-8,0,8,老师超级认真负责，虽然自我感觉没什么天赋学习工图23333\n\n最后期末考一脸懵逼的交了卷，最后居然3.6，疯狂表白疯狂打call！！！
101647,631,金逸峰,2019-01-28 17:06:40,4,5,1,挂科了真的很难受，老师平时都好，最后给了个挂科，受不来。
101667,631,金逸峰,2019-01-29 00:32:41,-5,0,5,老师很棒，可惜我什么都不会，工图还是给过了，打call！！！
101698,631,金逸峰,2019-01-29 01:35:16,3,4,1,给分不行，其实感觉老师用不着那么严格吧，毕竟我们都学到东西了，给个差分怎么有利于我们今后的学习呢？
101748,631,金逸峰,2019-01-29 03:38:13,1,4,3,老师是真的好，给分是真的低，最后感觉自己学的还行绩点只有3.3
102574,631,金逸峰,2019-02-09 12:47:25,2,2,0,。。。给分不行
102587,631,金逸峰,2019-02-11 06:10:42,1,2,1,尽管期末工图给分有点惨，但是丝毫不能阻挡我对金老师的热爱！！！他的活力和特别的幽默让每节工图课都成为期待！
103787,631,金逸峰,2019-03-05 13:22:56,1,2,1,给了10分，老师教学水平挺高的，就是感觉作业有点多(●´ω｀●)
105939,631,金逸峰,2019-04-23 09:42:59,0,1,1,金老师赛高!
106266,631,金逸峰,2019-04-26 04:32:28,5,6,1,给的分出乎意料的低
106269,631,金逸峰,2019-04-26 04:38:53,6,6,0,给分低
108102,631,金逸峰,2019-05-15 02:22:40,1,2,1,感觉老师很有活力，比黄老师好1000倍
109230,631,金逸峰,2019-06-12 05:42:34,3,3,0,据说老师是运动健将，比青年组的老师跑的都快?
109632,631,金逸峰,2019-06-18 05:13:08,0,0,0,认真负责
109752,631,金逸峰,2019-06-19 03:57:01,0,0,0,老师幽默风趣，而且很有活力，简直不要太棒！
109753,631,金逸峰,2019-06-19 03:57:17,0,0,0,这个老师真的太好了，讲得清晰简洁，快退休了也超级有活力，考前的复习也很棒！
111871,631,金逸峰,2019-07-03 01:40:35,1,1,0,上了一学期的工图，感觉老师上课很认真，解答问题也很耐心，人虽老而活力无限。可惜自己不懂得把握听课节奏，也没有太好的空间想象能力，每次作业平时分都是4.0左右。期末前很拼地复习了所有的练习题，考试发挥还是很一般。\n\n老师快要退休了，其实从心底里挺对不起他的，学期初的学习态度太浮躁了，也不知道最后会不会挂。不过尽人事听天命吧，老师值得10分的评分。\n\n画图纸须耐心仔细，学习要一板一眼踏踏实实，这就是这门课给我最大的教训了。
114134,631,金逸峰,2019-07-09 00:52:20,1,1,0,金老的魅力在于不仅让你知其然，更知其所以然，让枯燥的规定生动起来
114294,631,金逸峰,2019-07-09 17:25:23,2,4,2,第一，讲的听起来很实在，实际上却很虚，感觉画图的时候没有明确的标准；第二，太严，不让这样画不让那样画最后画图的时候都不敢下笔；第三，给分真的不好，完全不调分，考多少就是多少。反正我个人觉得真的不能上九分，可能是我太菜了。
114341,631,金逸峰,2019-07-09 23:10:42,0,0,0,其实老师很棒，讲得很好。但是工图那些细碎的注意事项让人比较无语。期末考试也会比平时作业难不少。
117168,631,金逸峰,2019-09-20 03:17:03,0,0,0,棒棒棒
118986,631,金逸峰,2019-11-09 03:21:12,0,0,0,金老超级好，幽默。
120758,631,金逸峰,2020-01-16 13:12:20,0,0,0,好！！！
121428,631,金逸峰,2019-12-16 07:16:40,-1,0,1,堂堂第一排，只要跟节奏就好，老师很有经验，作业要认真订正
121937,631,金逸峰,2020-01-24 15:01:34,2,2,0,讲得很好，没满绩是我太菜了。
13123,659,李伟,2015-12-25 02:27:58,0,1,1,(´･ω･`)2012级龙口一中高三好同位
1079,661,杨将新,2015-03-21 16:05:56,1,3,2,味同嚼蜡，如鲠在喉
126673,661,杨将新,2020-10-13 03:46:10,6,10,4,讲台桌:我做错了什么？每节课都敲我来举例子
153886,661,杨将新,2022-05-15 13:17:08,0,1,1,www
193074,661,杨将新,2024-06-03 08:38:54,1,1,0,机械学院的课总算是全上完了。感觉杨老师还是很和蔼负责的老师的
46124,688,唐建中,2017-01-20 15:43:04,0,4,4,最棒的老师，没有之一，还有个最棒的学生，啊哈哈
108547,688,唐建中,2019-05-28 10:15:13,0,1,1,哈哈哈
110368,688,唐建中,2019-06-26 05:31:15,11,15,4,在？看看8279
123496,688,唐建中,2020-06-09 07:06:30,3,7,4,教学水平极其低下
125512,688,唐建中,2020-09-10 22:50:35,6,13,7,自己说好的不考C51编程，结果最后一道大题考了，然后考场上他现场教学……
142095,688,唐建中,2021-11-05 14:24:18,-3,2,5,老师脾气很好
151970,688,唐建中,2022-03-22 06:32:08,0,3,3,这个老师是个大傻逼，给各位学弟学妹们紧急避雷，师风师德实在不行，结结巴巴，支支吾吾，教学没有一点水平，讲课究极差劲
159323,688,唐建中,2022-07-12 19:48:45,-2,4,6,很严格的老师，可以学到很多东西，对学生很慷慨，应该是少有的发给学生年终奖的导师了，那些说唐老师不好的首先正视下自己，唐老师对水货从不嘴软，骂人毫不留情面哈哈哈
199650,688,唐建中,2024-09-27 02:19:39,4,4,0,在饱受机械各个专业课老师的折磨后，我真的觉得唐老师的研究生课《现代控制理论》授课逻辑清晰，课件优质，通俗易懂又实用。且唐老师鼓励大家既然都读研究生了，能翘他的课就翘，他不点名，真的很能理解大家科研的需求。他只布置了一个大作业，就十几道作业题，像是本科阶段的一周习题量，用于捞大家，机械难得的专业课好老师！看到老师评分这么低，有点接受不了啊，特意来写个好评！
25113,713,邬义杰,2017-12-22 13:06:58,4,7,3,日了狗的傻逼老师
48484,713,邬义杰,2017-03-06 03:15:49,3,5,2,讲的真难受，尴尬
49492,713,邬义杰,2017-04-23 05:20:48,3,6,3,最好不要上他的课………来浙大见过最坑的老师
49567,713,邬义杰,2017-04-19 00:16:43,3,7,4,辣鸡 上课抽烟迟到 上课不知所云 遇到最恶心的老师没有之一
50927,713,邬义杰,2017-05-09 06:50:54,3,5,2,老师课讲得不能听，但是自动化这门课还是比较有用的
75433,713,邬义杰,2018-03-12 01:51:23,19,27,8,大哥抽烟，抽进口烟
75434,713,邬义杰,2018-03-12 01:51:27,10,12,2,大哥迟到
75435,713,邬义杰,2018-03-26 01:05:58,6,9,3,污一截老师的讲课基本上是不用听了，基本要自学。他会课前点名，不要迟到的比他还严重。
77387,713,邬义杰,2018-05-05 08:21:02,1,2,1,每次课都去，作业都交了考试也考了给分也太真实了
77404,713,邬义杰,2018-05-05 11:11:27,-2,2,4,老师人很和蔼，感觉很希望学生学会知识。但是，还是自学比较好！
77972,713,邬义杰,2018-05-09 04:15:26,3,4,1,furchtbar
78674,713,邬义杰,2018-05-14 10:57:37,2,4,2,太傻逼了
104039,713,邬义杰,2019-04-08 05:49:37,1,2,1,老师很好 课也很好 所以亲亲 这边给出的建议是不听课自学呢
104116,713,邬义杰,2019-03-12 08:59:40,9,10,1,一个祸害了三十届学生的老师
104599,713,邬义杰,2019-03-25 02:45:52,3,4,1,SHABl老师只会念ppt？
106905,713,邬义杰,2019-06-05 06:06:13,-5,4,9,认真听了老师的课 对整个自动化系统的概念还是有了了解 这本书本身就是国外教材 老师的ppt都是把重点给截取下来 怕我们看不懂还加了中文对照 我不知道不认真学的人有什么好喷的
134953,713,邬义杰,2021-04-25 02:14:19,4,4,0,我佛了，课上成这个样子也是种天赋
135633,713,邬义杰,2021-05-17 12:04:40,4,4,0,PPT都念不明白，让我上去讲都讲得比他好
137058,713,邬义杰,2021-06-30 07:17:38,2,3,1,人品很差
139771,713,邬义杰,2021-07-26 08:31:52,0,0,0,简直是个默
141720,713,邬义杰,2021-10-22 05:37:16,0,0,0,大哥恰烟
141721,713,邬义杰,2021-10-22 05:37:15,0,0,0,大哥恰烟
144370,713,邬义杰,2021-12-21 08:30:05,0,0,0,快逃，根本神坑
155067,713,邬义杰,2022-06-17 10:06:14,2,2,0,给后面的人：智能制造系统完全不用听课，不可能听懂的，只能自学。这课能不选就别选了
177114,713,邬义杰,2023-07-01 17:28:32,1,1,0,快逃！！考核极其混乱，想拿高绩点的同学慎重！
177136,713,邬义杰,2023-07-02 01:22:09,0,0,0,撒比一条 无需多说 嘎嘎绩杀
177142,713,邬义杰,2023-07-02 01:39:34,0,0,0,智能制造系统千万别选
21859,733,管成,2016-03-01 10:18:51,-4,24,28,自己都不会
22558,733,管成,2016-03-08 02:50:30,-13,6,19,蜜汁口音
22783,733,管成,2016-03-11 04:52:46,0,6,6,。。。
22802,733,管成,2016-03-12 03:26:57,-3,33,36,不是会不会讲课的能力问题而是根本不想上好课甚至不想讲课的态度问题
22929,733,管成,2016-03-15 02:18:30,-9,19,28,自己不会就算了，讲课之前看看课件行吗？上课照着课件念都能念错，遇到公式从不推导，一句话带过，要是这课的老师这么好做，我也能当老师了。
23209,733,管成,2016-03-22 02:11:19,-7,14,21,年轻，有ppt也听不懂
23215,733,管成,2016-03-22 03:36:39,-13,9,22,啊？老师有在上课吗
23217,733,管成,2016-03-22 03:41:07,-22,6,28,看书自学的速度都跟不上老师念ppt的速度，重点的地方一句带过，不是重点的内容根本不讲。一路念ppt还诧异自己上得好快。
23407,733,管成,2016-07-06 08:07:30,-24,3,27,无语了
23665,733,管成,2016-04-12 01:56:25,-8,11,19,老师，您的绿茶好喝吗？我也要！
25390,733,管成,2016-05-17 02:43:41,-17,9,26,辣鸡\n\n
28211,733,管成,2016-06-28 08:16:22,-20,8,28,为什么没有0分的设置。\n\n这种老师怎么混进来的？讲不清楚是一会事情，照着PPT念也可以啊，关键是自己都没有想好好讲课的意思。
29892,733,管成,2016-06-30 13:14:03,-17,2,19,哈哈哈哈
29895,733,管成,2019-01-18 13:05:44,-16,16,32,老师讲课很精彩，工作认真负责，对待学生如同对待亲爹一般，赞\(≧▽≦)/
29918,733,管成,2016-07-01 05:14:37,1,2,1,考试刷选择判断原题
30035,733,管成,2016-07-01 00:14:11,-23,4,27,完全不想听
32359,733,管成,2016-07-06 08:40:04,-21,5,26,烂，什么鬼，自己都不会，还来教书。这门课就他妈没软用。
32361,733,管成,2016-07-06 08:55:13,-23,3,26,上课差，给分还低，我真是呵呵了
32444,733,管成,2016-07-07 00:39:02,-25,3,28,管老师：“有点困了。”“怎么还没下课？”“你们自己看看PPT好了奥。”
32960,733,管成,2016-08-26 10:38:24,-30,1,31,怎么最低不是零分？
39480,733,管成,2016-12-23 04:26:00,3,8,5,很期待老师的机械设计，力学班同学留言
52365,733,管成,2017-06-19 06:13:15,-23,2,25,真的太渣了。。根本就不想同学考好，上的复习课效果为0
52431,733,管成,2017-06-20 03:44:51,-22,3,25,零分在哪，真的垃圾，自言自语，说话听不清 毫无条理，全靠自学
56214,733,管成,2017-07-03 09:08:16,22,26,4,管老师是个很不错的老师，学生感兴趣，喜欢问，他就会多讲，讲细。但如果你敷衍，那不好意思，请别奢求老师能给你带来什么惊喜。
80485,733,管成,2018-06-27 04:03:57,-21,3,24,希望老师以后好好备课。。。
81115,733,管成,2018-07-04 03:51:48,8,12,4,力学班的人表示，虽然老师上课上得不好，但如果问他问题，他还是会很有耐心回答的。而且最后一节课他还会帮忙划出重点，对考试很有效（那一年是他出卷子）
83323,733,管成,2018-07-10 05:53:04,-14,1,15,全凭自学，但今年机设好简单啊，给分还贼好。这是一门玄学课程。
83838,733,管成,2018-07-11 09:46:59,10,13,3,管老师其实是个心眼特别好的老师，考试有60分都是题库，但是讲课讲得确实emmm
83847,733,管成,2018-07-11 10:08:12,20,22,2,老师只是不适合做教学工作，年轻时就在企业工作，后来被聘回zju做老师。老师教的东西都是实际在做机械时会用到的东西，而不是课本上考卷想考的东西。可能管老师试着去学习一下教学应该怎么教，会更好
84431,733,管成,2018-07-12 23:55:06,9,12,3,给分挺好的。。。\n\n
85239,733,管成,2018-07-16 11:56:16,29,33,4,管老师其实是个非常不错的老师，上课认真负责，耐心回答同学提问，学到许多实用的机械设计知识，且给分挺好。
85465,733,管成,2018-07-18 06:36:11,-28,0,28,好吧，上面开始赞美的，八成没怎么认真学也拿了高分。老师讲课绝对存在问题，下课去问也倒是会认真回答。但是，考试这么多满绩不好吧？
87628,733,管成,2018-10-08 14:41:41,60,66,6,我不同意前面同学说的老师的态度问题，虽然课讲的不是很好，老师之前一直是搞科研和企业项目的，这两年才给本科生上课。但是我觉得老师的观点我是很赞同的，很多人不来上课，有同学建议点名，老师说不用点名，他们不来是因为我讲的不好，大家对我讲的不清楚的地方可以提出来，这点我是很欣赏管老师的。考前答疑的时候我问了老师很多问题，也和老师讨论了书上的一些内容，一些内容老师承认他之前自己也没理解书上的意思，和我说你们应该多来问问，教学相长。所以，前面说老师不想把课上好的那位同学，我是很反对的，就问你有和老师交流讨论过问题吗？ 另外管老师第一章讲了很久，他上课会讲很多工程上的知识，书上的这些复杂的公式只要了解这个意思就好了，这点我觉得很好，总的来说，我给老师打8分
90164,733,管成,2018-11-22 09:49:04,-1,4,5,讲课还是很认真的，也有点东西，就是口齿不是很清楚
99378,733,管成,2019-01-24 15:45:49,24,26,2,就凭管老师每次都能讲满四节课我就要给10分(机电系统设计)
103666,733,管成,2019-03-04 03:16:54,-6,2,8,？？？
103977,733,管成,2019-03-08 07:33:24,-11,0,11,
104603,733,管成,2019-04-06 16:17:24,-16,7,23,建议自学，就只会念ppt，而且ppt思路也不清楚，看别校的机设课程就好了
105186,733,管成,2019-04-06 16:51:04,21,25,4,讲课还是很认真的。
107945,733,管成,2019-05-12 08:19:17,19,22,3,老师上课认真负责，也乐于回答同学问题，是一个很不错的老师
110476,733,管成,2019-06-27 04:46:21,4,6,2,幽默风趣喜欢瞎聊天
113856,733,管成,2019-07-07 20:09:27,-4,5,9,嗯……成绩比我想象的要低。感觉大概是不怎么给过程分的，结果错了几乎就是全错。
114924,733,管成,2019-07-26 20:17:33,17,19,2,一个非常不错的老师
115893,733,管成,2019-08-24 00:18:13,15,18,3,老师很好
118082,733,管成,2019-10-20 23:49:17,15,16,1,老师讲的很不错
119618,733,管成,2019-11-14 07:05:54,16,17,1,课程设计主要还是靠自己，老师讲得很随意，不过按照书上的案例还是不难的。另外，老师真的会耐心回答同学的每一个问题，多和老师交流可以学到很多
119697,733,管成,2019-11-15 02:01:58,12,13,1,老师还是很耐心的，可以一直唠嗑的老师
122937,733,管成,2020-04-27 21:12:17,13,14,1,非常认真的老师，乐于回答同学们的每一个问题
122952,733,管成,2020-04-25 04:07:51,11,14,3,讲课联系实际，非常好
123241,733,管成,2020-05-24 17:23:33,9,11,2,老师讲课认真，回答同学问题非常详细耐心
123420,733,管成,2020-06-08 15:15:42,20,21,1,我就是很喜欢这个老师啊，感觉上是个欢脱的可爱小老头。很明显这几年的评价是越来越好了，看来讲课水平应该是有提升吧，那说明老师的态度没有问题啊！还没有考试，但是只剩一次课了，所以就很想来给老师打高分！
125016,733,管成,2020-08-11 22:39:49,3,5,2,非常好的老师
125157,733,管成,2020-09-02 10:24:25,5,6,1,讲课蛮好的
126958,733,管成,2020-10-30 02:38:39,0,2,2,非常好
127853,733,管成,2020-11-29 01:43:03,4,5,1,老师很好的
135048,733,管成,2021-04-28 06:12:02,0,1,1,讲课认真，详细，很好
151725,733,管成,2022-03-14 01:01:57,-1,1,2,老师讲的很好啊，我一个不怎么听课的学生都喜欢上了老师的课
158340,733,管成,2022-06-28 12:58:34,1,1,0,很好的老师，特别懂得体谅学生
159660,733,管成,2022-08-23 00:23:20,-1,1,2,老师当班主任尽心尽责
165406,733,管成,2023-01-04 11:46:38,1,1,0,是胡思思舅舅舅妈
175607,733,管成,2023-06-26 01:10:05,-24,0,24,很横，不尊重学生
178019,733,管成,2023-07-06 08:55:47,-2,3,5,给分太好了！
178118,733,管成,2023-07-07 04:55:12,0,0,0,不点名，复习课很重要
182921,733,管成,2023-11-21 05:59:46,7,13,6,给分根本不行，不如隔壁顾大强。
183099,733,管成,2023-11-22 07:00:51,2,2,0,好好好
189664,733,管成,2024-01-26 12:37:40,8,8,0,课程设计。整体给分还可以。但由于大家的图比较相似难以区分，所以给分有一定随意性。\n\n课程给分全部根据三张图纸本身，平时分也是根据这个给的（图纸好默认你平时用功，反之不用功）。所以建议后来人，设计说明书啥的不用太费劲了，大概看上去像回事就行了，过程评分也是没有的，上课也不用去。\n\n最好能找前辈要到画好改好的图纸和说明书，把数据啥的改一下，容易拿高分。由于大家的图都差不多，自己画的容易出现瑕疵被打低分（老师也是要打出区分度的）。
194344,733,管成,2024-06-23 09:30:19,14,18,4,新来的助教，合肥工业大学本科，来浙大读研，平时分给的很差，每份作业都交了，每次给分都很低，期末还没考已经炸了一半，对外院学生来说本身不是一门正常课，希望早点踢出培养方案
194677,733,管成,2024-06-25 02:29:04,0,1,1,比隔壁zl高不知道多少
195005,733,管成,2024-06-26 08:24:23,2,2,0,隔壁zl来的，满分！
196703,733,管成,2024-07-05 00:30:59,10,11,1,很好的老师。机械设计基础上课从不点名，作业虽然助教平时打分不高但最后都调分了。平时问事情和题目都会秒回，考试题目简单，上课会暗示考试内容。认真背题库，把复习课题型搞懂成绩不会差。收货机械课程第一个满绩。
196973,733,管成,2024-08-02 11:43:27,2,3,1,好老师 下学期机械设计果断还跟你
196979,733,管成,2024-07-06 08:44:02,2,2,0,老师人很好，考试和平常上课内容关系不大，客观题全来自题库，大题也只来自比较基础的几章，整体而言还是比较简单的。
197175,733,管成,2024-07-08 15:28:53,0,1,1,好好好，机械设计基础还是很好的，虽然平时可能不太明白，但期末会划重点
197848,733,管成,2024-08-15 14:07:42,1,1,0,555
202238,733,管成,2024-11-11 03:21:55,-3,3,6,服了，机械设计喜提2.7历史最低，整个设计都是自己做的，最后还在不断修改，花了很多时间，然后还比不过其他买来的人，真的牛
9844,772,赵昕玥,2015-11-11 03:24:57,6,12,6,很棒的工图女老师
11976,772,赵昕玥,2015-12-21 12:15:21,-9,7,16,听不清，坐着不动没激情
12243,772,赵昕玥,2015-12-22 13:47:36,0,5,5,期中考试印象中扣分蛮少的
12304,772,赵昕玥,2015-12-23 02:22:10,36,44,8,嗯，很漂亮的工图女老师，讲的很清晰啊，问问题时，特别好
13586,772,赵昕玥,2015-12-29 14:57:07,0,4,4,老师讲得很好，很细致
15583,772,赵昕玥,2016-01-15 12:55:56,0,4,4,讲的挺细的
15596,772,赵昕玥,2016-01-15 14:28:54,-2,2,4,好老师，非常棒
17548,772,赵昕玥,2016-01-20 11:29:19,0,3,3,讲的可以的。
18292,772,赵昕玥,2016-01-21 11:43:19,1,4,3,人长得漂亮，就是上课容易睡觉，只要好好学，给分就不低
19457,772,赵昕玥,2016-01-24 09:12:39,18,22,4,人是漂亮的…上课亏我坐第一排不然估计也难认真听。给分还可以，考试除了立体感以外还要背一些标准尺寸，努力吧骚年
19458,772,赵昕玥,2016-01-24 09:12:40,0,2,2,………
22061,772,赵昕玥,2016-03-02 08:26:00,1,3,2,可以的
57582,772,赵昕玥,2017-07-10 04:49:09,-4,2,6,课讲的还可以，但是我被卡绩点了，心里还是有点小情绪....
57583,772,赵昕玥,2017-07-10 05:06:27,25,29,4,每次上课我都在想:这个小姐姐怎么这么漂亮呀！       讲的很棒，（就是678节课，大中午的。而且还是夏天，真的瞌睡啊！）给分也很好？对最后的绩点很满意！
60524,772,赵昕玥,2017-10-23 07:27:30,10,15,5,后排的同学 小心点
60917,772,赵昕玥,2017-11-02 11:25:40,0,2,2,漂亮的老师 细致地讲解\n\n和蔼可亲
61391,772,赵昕玥,2017-11-16 06:12:39,3,6,3,老师好漂亮\n\n讲的仔细\n\n给分也好\n\n就是困...
69160,772,赵昕玥,2018-01-24 09:12:03,0,3,3,老师不是好讲师但是是好老师，上课听的不清楚课后去问就好啦~老师会非常耐心地解释~
73136,772,赵昕玥,2018-02-01 03:41:10,3,5,2,老师人真的很好。感觉自己很菜 但是总是努力在学 拿了还算满意的绩点。给老师打电话
73142,772,赵昕玥,2018-02-01 04:10:02,0,2,2,都怪我不好好学，让老师辛苦讲的东西都没近脑子里，还好老师给分好，最后成绩还好。
73445,772,赵昕玥,2018-02-01 14:40:56,3,5,2,很棒的老师，虽然女老师上课对工程这块讲解可能不是很到位，可能有上课听不懂的地方。但是基本对着她的ppt再过一次基本都能弄懂。如果去问老师也能很细心的帮你解答。上课还是坐前排的好，后排一来容易走神也容易看不清更容易被点名回答问题。蛮遗憾上课从来没有坐到前面过因为早上的课上到12.15下课吃完饭赶到教室也没有前排位置了。哪怕我这样的绘图白痴好好听课好好复习期末的绩点也不错。
74192,772,赵昕玥,2018-02-06 12:05:49,0,2,2,唉唉唉
74257,772,赵昕玥,2018-02-08 06:52:55,0,2,2,讲课稍有点念ppt的感觉，不过ppt做的确实不错，适合课后复习和考前突击。作业量不大，不会占用太多时间。老师懂得同情绘图苦手，也能理解非机械专业不想学又不得不学的无奈，算是比较开明了。
88498,772,赵昕玥,2018-10-31 10:33:07,4,8,4,老师好漂亮，班里小姐姐也好漂亮，原谅我无心听讲了鸭
88786,772,赵昕玥,2018-11-08 05:25:09,-11,3,14,感觉这里对她评价过高。一上她的课就想睡觉。人的确不错，但作为讲课来说9分绝对名不副实
92811,772,赵昕玥,2019-01-04 14:21:45,-19,9,28,这老师的课绝对不推荐！！讲的其实很渣。课件好，但又不是她做的。用的是清华的课件！这门课一定要多刷难题，多背经典例子，认真学尺寸标注，记住细碎的知识点也很重要。总之，要学好一定要自己多花精力！（这么精彩的评论一定要顶我(๑• . •๑)）
96091,772,赵昕玥,2019-01-20 12:42:23,3,5,2,Beautiful
100528,772,赵昕玥,2019-01-26 08:57:30,7,9,2,坐在火车上，信号断断续续，突然间就看到工图成绩出来了，居然有3.9，自己追求太低了，对于我工图3.9很不错了，因为考工图的时候简直心态爆炸，没怎么复习。但是赵老师给分太好了，太好了。赵老师人也长的好看，很好很好的老师。
100533,772,赵昕玥,2019-01-26 09:10:38,5,7,2,唯一一门坐过第一排的课，，欣赏老师的美貌?
100594,772,赵昕玥,2019-01-26 11:16:37,3,4,1,虽然一个学期就只有最后一节课是醒着的，但是偶尔醒着的时候也能感受到老师讲的是真的细致，很耐心，耐看的漂亮xjj，最后虽然只有3.6，但是七分过是自己的，剩下三分就是今年考题太坑了吧
100841,772,赵昕玥,2019-01-27 02:19:40,7,9,2,老师是比较好看，人也很好，课虽然和那些老教师相比稍微差一些，但也是讲的不错了\n\n给分确实很好，很理解学生，期末能上90的话，平时分都可以不看（虽然很难做到）。学习主要靠自己吧，工图这门课秋学期巨简单，冬学期记忆内容很多。
101186,772,赵昕玥,2019-01-28 01:32:55,8,9,1,讲得挺好的，有条理。一定会讲清楚这东西是什么才会讲怎么画。就算有时候听不懂回去看看课件也还行。考试的时候觉得自己要挂了出来居然上4了。神仙美女老师！！超棒的
102601,772,赵昕玥,2019-02-12 08:48:30,-31,3,34,垃圾。不好。
104891,772,赵昕玥,2019-03-29 17:37:15,0,2,2,美的享受，，大一除了体育课绩点最高的一门课
105321,772,赵昕玥,2019-04-10 02:49:25,8,9,1,听她的课是视觉和精神的享受，感受一波她的美颜以及赵式催眠大法
106037,772,赵昕玥,2019-06-29 08:37:56,3,4,1,赵昕玥姐姐
108362,772,赵昕玥,2019-06-30 07:21:53,-2,2,4,赵家催眠
120587,772,赵昕玥,2020-01-13 12:55:55,0,2,2,老师好像怀孕了吧，祝老师平安健康！
138724,772,赵昕玥,2021-07-10 13:54:31,1,2,1,讲课节奏偏慢，给分相当好
140771,772,赵昕玥,2021-09-16 02:46:05,2,2,0,路子很野
141705,772,赵昕玥,2021-10-21 06:43:44,0,1,1,人生老师
147062,772,赵昕玥,2022-01-08 14:14:17,0,1,1,老师的课非常有趣
149271,772,赵昕玥,2022-01-15 02:54:54,1,2,1,老师人超级好，认真负责
149301,772,赵昕玥,2022-01-15 04:29:04,2,3,1,我觉得讲的不错，有问题也会及时回复，考试前两天大概问了六七个问题吧
149369,772,赵昕玥,2022-01-15 07:50:20,1,2,1,赵老师上课很清晰，虽然很枯燥但是工图课可能也不能做到有趣吧。老师温柔，上课有时候想要说点段子，感觉很棒啊。期末考试我很拉，（平视作业都有做）本人没有空间想象能力，谢谢老师没让我挂科
149496,772,赵昕玥,2022-01-15 15:37:30,1,2,1,美女老师，还能说啥捏
149519,772,赵昕玥,2022-01-15 18:22:13,1,1,0,不点名，特别体贴学生，给分超级好很能捞，讲课水平也很不错，不知道还有什么缺点了
149707,772,赵昕玥,2022-01-16 13:56:54,24,25,1,下面的评价希望对选课的人有帮助。\n\n强烈推荐\n\n赵老师上课是以PPT为主，很少用黑板，而且非常的仔细。如果你弄不懂，你跟上课跟老师讲，她会停下来专门给你讲清楚。工图很多地方，你需要自己静下心来，好好的去思考，而且她的PPT都会发到群里面，我建议是把PPT下载下来，在平板上，好好的去看，同时也可以用平板在上面画，这样就能很快地弄懂老师要上课讲的东西，而且老师很认真，很细心的回答学生的问题，我在QQ上问了她很多的问题，她都会仔细的去回答，我有时候都晚上超过11:00了，她还在回答我，她给分也特别好，基本上只要你作业认真做期中考好好考平时分她是给足的，而且她人特别漂亮，现在可能年龄大了一下，但是你还是可以看出，她真的很漂亮，很漂亮的，坐在第一排可以欣赏她的美貌。\n\n认真又负责任，实力又强，给分又好，这样的老师还不快选？
149712,772,赵昕玥,2022-01-16 14:06:00,2,2,0,很好的老师
154395,772,赵昕玥,2022-05-31 15:33:27,0,1,1,她是真老师。她是帮助学生拿出真正能力的老师。
160670,772,赵昕玥,2022-09-30 02:19:29,1,1,0,22年了，她还是这么美
167426,772,赵昕玥,2023-01-16 07:45:19,1,1,0,人生老师
169317,772,赵昕玥,2023-02-25 11:25:03,2,2,0,真的是好老师，绩点也很满意，钉钉答疑也会及时回复，而且23年还是辣么美
171592,772,赵昕玥,2023-03-29 15:29:28,1,1,0,没选上老师的课，听的智云，讲的很详实，感觉课上和同学们处得很好，人美心善感觉是了。
195527,772,赵昕玥,2024-06-28 15:14:18,0,0,0,工图这门课内容太多了，期末考与平时作业脱节比较厉害，有很多细微方面难复习到，但画图分数占比还是最大的。赵老师上课很有活力，喜欢和同学互动，不管回答正误都可以找助教加分，大图作业和平时作业也很基础，期中考也不会太难，给分很好，本学期体验极佳。
195680,772,赵昕玥,2024-06-29 13:40:31,0,0,0,谢谢赵老师
197694,772,赵昕玥,2024-07-30 14:30:32,0,0,0,老师上课讲的很好，助教ljh哥哥好帅，给分巨捞🤤
200696,772,赵昕玥,2024-10-21 04:56:58,2,3,1,人美心善
207656,772,赵昕玥,2024-12-23 13:02:04,1,1,0,人美心善
207960,772,赵昕玥,2024-12-25 05:29:36,2,2,0,本人基础并不是很好，课上讲知识点对我而言有些快了，很多时候都没来得及好好思考就过去了（当然这应该是我自己的问题）。课上很注重和学生的互动，回答问题就可以加平时分，无论是主动还是被动的。老师人也很热情，钉钉上问她问题回复还是挺快的，会很耐心地帮你解答问题。
210980,772,赵昕玥,2025-01-10 09:14:19,1,1,0,人美心善，感谢期末捞捞！工图这门课还是得认真做课后作业，其实多画画图也就能有点感觉。然后考前书上有些东西还是要记记的。不管怎么说老师人非常不错！
211053,772,赵昕玥,2025-01-10 12:08:43,1,1,0,老师好好！讲的很清楚了，作业量真心不大（有些东西必须要多花点时间没办法），上课准备充分，像公开课一样内容精彩，最后一节课还会带着大家复习。最终给分也捞，给了我一个大惊喜，强推！
217765,772,赵昕玥,2025-04-16 06:52:04,1,1,0,老师好好看，讲的课也很好，跟学生互动很多，我是真喜欢
218066,772,赵昕玥,2025-04-20 07:08:09,3,3,0,非常好老师，是我的白玥光
218074,772,赵昕玥,2025-04-20 09:54:59,1,1,0,人美心善 平易近人 无需多言
219945,772,赵昕玥,2025-06-12 00:49:37,1,1,0,问问题都是秒已读，特别负责
220284,772,赵昕玥,2025-06-24 06:15:34,2,2,0,我哭死，我女神，人美心善，我要当玥玥的狗。
221192,772,赵昕玥,2025-06-22 01:50:47,0,1,1,工图真神，平时作业量应该是同门最少一档，上课认真备课负责，期中期末给分非常人性，期中班级均分87，期末卷子出得这么恶心的情况下也尽量捞，难得的好老师
221213,772,赵昕玥,2025-06-22 04:09:13,1,1,0,好老师，特别好
221301,772,赵昕玥,2025-06-22 17:19:18,1,1,0,完全不捞。但一码归一码，老师是好老师。
221428,772,赵昕玥,2025-06-23 11:05:37,1,1,0,人美心善
221539,772,赵昕玥,2025-06-24 10:01:25,0,0,0,赵老师改作业很认真，会点出错误的地方，而且作业讲解ppt也很详细，真的很喜欢！（尤其在期末复习的时候）\n\n人美心善不多说，讲课有趣又细致。
25851,801,王庆九,2016-06-12 04:48:17,1,3,2,机械工程实验1，老师讲的还是挺清楚的
27944,801,王庆九,2016-06-28 06:54:54,-6,2,8,傻逼 工程材料实验p事一大堆 给分低\n\n
81013,801,王庆九,2018-07-03 10:05:15,-3,1,4,工程材料实验巨恶心。
103606,801,王庆九,2019-03-02 06:44:21,2,3,1,老师很耐心，不会的地方会仔细讲解，大学最喜欢的实验老师之一。
103634,801,王庆九,2019-03-03 07:03:52,2,3,1,老师人很好\n\n就是实验报告比较麻烦而且意义不大
109405,801,王庆九,2019-06-14 02:51:23,1,2,1,老师人真的挺好，事情也不是很多吧……只是需要每次手写报告
110547,801,王庆九,2019-06-27 10:48:18,2,3,1,我就喜欢抄实验报告这种无脑的作业
112652,801,王庆九,2019-07-04 23:42:06,-2,0,2,老师人很好，讲课也很耐心，而且实验报告可以交打印稿，省了很多时间。
113622,801,王庆九,2019-07-07 01:22:40,1,2,1,谢谢老师！
117614,801,王庆九,2019-09-26 16:45:59,0,1,1,是个神仙。。呵呵\n\n
141556,801,王庆九,2021-10-14 10:39:53,-1,0,1,不得闲
15727,815,雷勇,2016-01-16 07:53:49,3,5,2,扯淡扯淡
89872,815,雷勇,2018-11-21 06:06:09,5,6,1,那不行
90961,815,雷勇,2018-11-28 05:48:23,16,20,4,惹 老师珍素个妙人儿
91671,815,雷勇,2018-12-17 13:36:03,11,12,1,完全不知道老师在讲什么，全靠自学
105322,815,雷勇,2019-04-10 02:50:10,2,4,2,老师说话很逗，人不错给分也还行。就是讲课思路有些乱
119606,815,雷勇,2019-11-14 07:31:56,2,4,2,有点恶心，这评价也能是逐年升高的？屁事多，还说话阴阳怪气。我呸，还25页，呕?(◔.̮◔)
126448,815,雷勇,2020-09-27 05:54:00,10,11,1,老师上课全程在水，巧妙地从课本联系到他的自己的故事，然后从故事A到故事B，再到故事C，就是不讲课堂内容。来不来听课真的成了件值得苦恼的方法。
126752,815,雷勇,2020-10-18 10:04:09,1,3,2,不咋地
128415,815,雷勇,2020-12-22 14:58:46,-1,1,2,老师到底在讲什么？可能是自己太菜
152286,815,雷勇,2022-04-01 09:34:52,1,1,0,不咋地啊
154149,815,雷勇,2022-05-24 15:51:55,2,2,0,6年了，讲的课学生仍然听不懂
173642,815,雷勇,2023-05-31 02:28:35,3,3,0,垃圾，大作业在夏七周还没发出来，不会讲英文于是用英文PPT，讲课讲不清楚，乐色，顶级乐色
175216,815,雷勇,2023-06-22 12:39:06,2,2,0,垃圾啊
2657,923,程锦,2015-05-05 03:41:36,-12,6,18,不是很清晰。工图只好自学
4006,923,程锦,2015-06-17 13:15:13,-11,4,15,一般般吧
4100,923,程锦,2015-06-17 16:54:28,5,5,0,很耐心
5583,923,程锦,2015-07-08 12:53:15,8,12,4,CAD上课挺仔细的，作业少，给分高，qq群互动积极
5585,923,程锦,2015-07-08 13:09:41,5,5,0,还不错
5590,923,程锦,2015-07-08 13:27:58,25,29,4,给分很好啊，老师长得也漂亮
8567,923,程锦,2015-09-22 11:11:10,8,9,1,挺好的老师
13685,923,程锦,2015-12-30 10:42:36,-7,1,8,，，，，，，，
15069,923,程锦,2016-01-12 01:39:37,74,89,15,真心感谢大家认真对待这个作业！希望你们通过最后几天的认真复习都能取得理想的成绩！\n\nPS：期末卷面成绩若高于平时成绩，可以期末卷面成绩作为本课程的最终成绩。\n\n
18210,923,程锦,2016-01-21 09:33:34,13,15,2,老师真的讲的很细，特别复习课时说的很好。讲道理，认真学绝对不会低分。好老师！
18343,923,程锦,2016-01-21 13:00:19,8,9,1,平时作业可能会有点多，但期末给分好。\n\n
18600,923,程锦,2016-01-22 06:05:13,12,15,3,给分不是最好，作业也不少，但真的实打实教你学工图，十分细致，而且一点进步老师也会看在眼里。一切为学生考虑。非常好的老师。
22089,923,程锦,2016-03-02 10:01:17,7,8,1,讲的很仔细，期末知识点基本不用担心。在qq群里答疑很及时。很负责的老师
22301,923,程锦,2016-03-03 10:38:09,5,5,0,QAQ这学期怒求一波课代表
22327,923,程锦,2016-03-03 15:34:59,9,10,1,工图讲得很细，老师很漂亮呀！
25680,923,程锦,2016-06-02 03:15:37,9,10,1,老师身材挺好，比较漂亮\n\n～(￣▽￣～)~\n\n很不错呦！
26555,923,程锦,2016-06-20 05:44:50,4,4,0,考试上课讲的很清楚很仔细，虽然作业感觉有一丢丢多，但也合情合理。最后让我们写一篇学习CAD的心得感觉是非常负责人的好老师，给了一个让我吐槽学习工图的机会?
28980,923,程锦,2016-06-29 05:03:31,9,11,2,女神( •̀∀•́ )。爱死了!
32244,923,程锦,2016-07-06 04:44:36,7,7,0,女神，真正让人体会到功夫在平时，虽然我没当上课代表，但是最后成绩也不错了
32280,923,程锦,2016-07-06 05:36:55,3,3,0,好老师 会发练习 很有助于期末考试 讲知识点也特别仔细
34971,923,程锦,2016-10-27 12:10:50,3,3,0,好老师。
38148,923,程锦,2017-01-20 08:02:09,6,6,0,老师讲课很好，重点是给分好，只要好好学一定能有一个好分数的！！！
41660,923,程锦,2017-01-12 10:08:45,-21,4,25,全靠自学\n\n
45856,923,程锦,2017-01-20 07:33:45,6,7,1,细致的讲课＋超棒的给分政策＋认真完成作业＝满意的成绩！谢谢程老师！\n\n\(≧▽≦)/
45874,923,程锦,2017-01-20 08:10:22,3,3,0,很好呀
46398,923,程锦,2017-01-21 12:57:31,8,9,1,老师很棒很温柔
47216,923,程锦,2017-01-24 14:39:52,5,6,1,老师上课讲得很好，讲得很细致，老师人很温柔，平常也会在群里和同学互动，给分真的很好，是个非常好的老师。
52344,923,程锦,2017-06-18 16:19:28,5,5,0,很好的老师！
93131,923,程锦,2019-01-07 13:47:43,5,6,1,老师讲课很细致，很耐心。人很好，QQ群里有问题基本都是秒回。是一位很好的老师。
95101,923,程锦,2019-01-18 23:23:07,8,9,1,老师人很好，虽然工图课本身就有些乏味...单老师还是非常认真负责滴。\n\n还没期末考，先不说给分怎么样，光是看室友一个个在寝室抓耳挠腮研究CAD而我早已在机房对着视频，边上还有助教帮助的情况下画完就足够说明这是个好老师！
97786,923,程锦,2019-01-22 16:06:45,2,2,0,真的好老师
100927,923,程锦,2019-01-27 06:40:47,9,10,1,浓浓师生情
101787,923,程锦,2019-01-29 05:19:04,5,5,0,很温柔很负责的老师
106299,923,程锦,2019-04-26 08:41:20,3,3,0,给分太太太太好了 感动
106301,923,程锦,2019-04-26 08:52:59,8,9,1,老师特别漂亮，还特别和蔼，给分也不错，就是作业可能稍微多点儿
106384,923,程锦,2019-04-27 02:29:49,4,4,0,老师讲的真的很仔细，上课认真听最后复习会很简单（就算平时没怎么听，复习时结合ppt和资料，也能考得不错）\n\n感谢老师！老师真的是女神了！
107445,923,程锦,2019-05-05 08:15:06,3,5,2,老师人很好，非常乐意答疑，讲课也很有条理，重点突出。非常照顾基础差的学生，作业安排也很合理，都有老师的用意在里面。给分非常好！本来以为考砸了，结果还是有4.5。超棒的女神！
117627,923,程锦,2019-09-27 02:08:41,2,2,0,很不错\n\n
121014,923,程锦,2020-01-19 08:43:32,9,10,1,别的都不说了。问她问题永远秒回，就这个点就值得我打十分。
121221,923,程锦,2019-12-27 03:33:27,7,8,1,女神！课上的超好！
122394,923,程锦,2020-02-26 06:03:00,3,3,0,别的不说，10分就对了！
122727,923,程锦,2020-03-26 10:06:31,1,2,1,作业挺多的，不过人挺好，上课也挺好，但我没怎么考好，所以分数挺差，也不想说什么了！
123574,923,程锦,2020-06-10 07:24:15,3,3,0,老师真的特别有耐心，也很温柔，一直以来对工图和cad及其厌恶，作业也没有写，结果老师亲自发邮件很温柔的告诉我可以补交作业，那一瞬间能感受到她对学生的关爱，好老师！
124030,923,程锦,2020-06-21 08:45:25,4,5,1,没有上课之前总是奇怪一个教工图和CAD的老师怎么评分这么高，上过课后我只是怀疑这么好的老师是谁没有给她满分。平时上课贼轻松，因为老师讲的很细致，期末的时候会十分温柔的问你可不可以补交作业，而不是像大部分老师那样觉得你交不交对他无所谓。期末会有小福利，能上她的课是真是我的运气。
126207,923,程锦,2020-09-19 13:51:44,0,1,1,就凭我这辣鸡都能到3.3，比工图都高，不给程老师10分简直没天理了
132529,923,程锦,2021-02-02 06:13:25,0,1,1,老师太好了呜呜呜，耐心温柔讲课好，会加平时分，给分太感人了
133388,923,程锦,2021-02-26 13:18:29,0,1,1,讲得很仔细，给分超级好了！
136022,923,程锦,2021-06-09 12:48:40,4,4,0,给分超级好！！
138002,923,程锦,2021-07-07 04:55:52,3,4,1,老师人很善良，在考试的时候看到我三视图画错位置了，还特意提醒。看到同学们提前交卷了，还好心嘱咐同学多检查一下。平时上课认真负责，好老师！
139090,923,程锦,2021-07-12 15:16:19,3,3,0,上课详细耐心而且给分好。
139943,923,程锦,2021-08-22 09:17:13,6,6,0,我是非机械专业大三，来修机械制图作为个性。之前大一的时候上过工图，但全都忘光了，多亏了老师循序渐进的讲解，我用一个夏学期又把工图捡了起来。努力赶早八、认真跟作业，最后满绩——整个过程都非常的踏实！（平时拿作业回来的时候，发现老师也会和我们一起写作业，老师真的好可爱ヾ(^▽^*)
141260,923,程锦,2021-09-27 15:21:03,6,6,0,我爱程老师！之前大一上的时候工图就考的不好，还担心机械制图会更糟呢，结果美丽的老师让我上课精神更集中了呢，老师讲的清楚，也不会让人犯困，很和蔼，讲课方式也很独特，结果最后考了3.6，考的比工图好的多，（忽略我是菜鸡），本菜鸡狠狠爱上了。
145478,923,程锦,2021-12-30 02:37:27,5,5,0,老师人很好，回消息很及时，平时分加分项有很多不难拿的，而且很温柔鸭！总之就是给分很好，人也很好！
148778,923,程锦,2022-01-13 13:17:50,4,4,0,程老师，我的超人 硬生生把我捞了起来。\n\n很温柔的老师，回答问题也很及时，期末前还会让你补交作业。\n\n不过工图也是真的折磨。
150848,923,程锦,2022-02-19 12:32:34,1,1,0,程老师，我滴女神！
152887,923,程锦,2022-04-21 08:06:04,1,2,1,很喜欢老师的上课方式 工图菜鸡终于不用再担心挂科了
152888,923,程锦,2022-04-21 08:12:39,6,8,2,你 是 我 的 神！
152889,923,程锦,2022-04-21 08:23:20,1,2,1,程老师真的讲巨好！！！！加分作业很多，平时分很好拿，CAD老师会给视频，边看边学，还有助教在旁边答疑。老师上课会带着我们做题什么的，感觉知识点会记得很熟。程锦老师，你是我的神！（doge）
155549,923,程锦,2022-06-14 08:21:43,1,1,0,你是我的神orz    女神女神女神女神！！
160438,923,程锦,2022-09-22 11:03:43,12,18,6,看了查老师才选ta的课，谁知道这竟然是ta布置的一个作业，我靠！！！！
160455,923,程锦,2022-09-23 02:40:43,-9,2,11,绩杀！
160740,923,程锦,2022-10-08 11:40:21,-1,3,4,一般般吧
161478,923,程锦,2022-11-07 12:26:36,-7,8,15,人是真的好，课是真的烂，不知道分数怎么这么高
165187,923,程锦,2022-12-30 02:46:17,1,4,3,老师讲的非常好啊，很细致，而且回答问题很耐心很及时。不用担心平时分，有很多加分作业，但是给分确实比较求是。\n\n呃呃呃助教老师比较水，问他问题从来不回答……..还说自己好久没学了，让我自己去查百度……
165977,923,程锦,2023-01-10 14:24:23,0,2,2,哈哈真的很影响听课
168931,923,程锦,2023-02-23 14:17:25,-1,1,2,老师捞我
169423,923,程锦,2023-02-26 05:57:58,1,4,3,前期很摆，导致小测很拉夸。后面跟着程老师认真学，然后把ppt看了很多遍，最后4.8，真的很满意。感谢程老师!
171671,923,程锦,2023-03-31 13:12:51,0,3,3,一颗树摇晃另一棵树，一朵云触碰零一朵云。老师真的太温柔了，有问必答且回复极快。脸上带笑总是关心学生。
172289,923,程锦,2023-04-24 09:41:27,0,2,2,人漂亮，温柔，给分好，只能给满分了
172409,923,程锦,2023-04-26 10:27:40,2,4,2,老师很温柔，课程安排合理，作业量适中，通知到位，教学清晰有条理。表白老师！
172481,923,程锦,2023-04-27 13:29:35,5,8,3,程老师是我的神！！！\n\n大一两节有关工图的课程都是程老师的，工图4.5，机械制图5.0。感觉程老师是一个非常温柔的老师，她会很细心地把每个知识点教好，然后人也长得很漂亮。平时还有很多加分作业可以提高课程分数，如果平时成绩不好甚至如果期末考试很好可以直接让期末考试成绩作为平时成绩。\n\n总而言之就是特别好老师，我会觉得如果成绩不好是自己没认真听而不会和老师有任何关系的！！遇到这样的好老师就冲冲冲冲冲冲冲冲冲冲冲冲冲冲冲冲冲冲冲冲冲冲冲冲！！！
172821,923,程锦,2023-05-08 02:19:08,1,3,2,快选快选，给分讲课都贼好
183998,923,程锦,2023-12-06 06:47:31,-6,4,10,难评，评分有黑幕
188060,923,程锦,2024-01-18 06:25:53,3,4,1,超级好的老师，给分很好，非常非常推荐！！!
189525,923,程锦,2024-01-25 07:50:45,0,1,1,老师讲得好，工图这门课本身我只能说依托答辩
189968,923,程锦,2024-02-04 08:55:08,8,9,1,非常好老师，选到就是赚到！！！\n\n首先从上课角度，程老师是中途来带我们的，但是上课思路很清晰，讲解细致，比如讲到尺寸标注的时候，会详细的讲解标注的顺序是怎样的，该怎么标注，有哪些注意事项，而且会讲解为什么这样标注，帮助同学们理解而不是死记硬背\n\n然后从打分角度，平时分基本会拉满，而且会选两个课代表，课代表事不多（基本只用每节课的收作业和发作业），但是有加分。工图这门课主要还是看期末考试，期末好好考老师肯定会捞\n\n最后的最后：\n\n感谢老师！喜提满绩！\n\n程老师真的很好！！大家快冲！！！！
208355,923,程锦,2024-12-27 04:37:27,2,2,0,谢谢老师的加分作业
209485,923,程锦,2025-01-06 05:20:05,2,2,0,程老师的工程图学课充满干货，课程进度安排妥当，学与练结合紧密，讲课思路清晰，很有条理。还有那时不时闪现的笑容，让课堂氛围活跃。
210791,923,程锦,2025-01-10 03:09:28,6,6,0,都让开，我要当程老师的🐶。\n\n程老师不仅超级温柔，也超级耐心。钉钉回复速度都是在10分钟以内。平时分本身就有1/3左右是满的，没满的期末还能写总结加分。泰喜欢漂亮的程老师啦。
210821,923,程锦,2025-01-10 04:35:23,2,3,1,非常非常好的老师，上课循循善诱，很有头绪，时不时还会和同学们互动一下，上课氛围很好很轻松。\n\n老师的平时分也会狠狠的帮助大家，在两次小测之后组织了一次线上小测，八十分以上的平时分有加分；期末考后还布置了一个“课程总结”作业，认真写（指不AI）的话平时分也能加分！\n\n最后一节课结束时很多人围着老师看平时分，老师就很和蔼地笑了笑说给你们布置个课程总结吧，看看一个学期学下来是什么感受。真的是尽可能地帮到大家了\n\n工图这门课只能说，既吃空间想象能力又吃记忆背诵，而程老师的课会把那些碎碎的知识点给你讲了之后，更容易记住，也有很多例题培养你的空间想象能力。而且讲课速度适中（我舍友的工图老师就讲的很快他跟不上）\n\n最后97总评，5.0上岸，感谢在大一遇到程老师✌
210853,923,程锦,2025-01-10 05:33:53,2,2,0,老师太好了☺️
210873,923,程锦,2025-01-10 05:49:35,1,1,0,选到这个老师你就偷着乐吧，事又少，平时分又基本给满，批卷又宽，课也上的非常好，还不厌其烦的解答问题，十分考虑学生的感受。本人空间思维差，图也画的不好，甚至知识点也没背扎实在都有4.8，怀疑均绩是假的，对比了舍友感觉程老师绝对是断档式领先的工图第一好老师，选到赚翻
212081,923,程锦,2025-01-13 07:05:14,2,2,0,老师很好很温柔，颠覆了我对工图的认知，本来以为工图不管怎么学都很难得高分的，中途还考虑过要不要弃修，但谢天谢地选了程老师的课，让我从一开始的小测刚好及格到期末成功上了90，谢谢老师，爱你😘
214709,923,程锦,2025-02-17 02:44:03,0,0,0,老师人真的很棒！讲课很细致，作业量合理，给分也好！超爱程锦老师❤️❤️❤️
217513,923,程锦,2025-04-12 02:44:05,2,2,0,今天考完还没出分，但是必须给个好评。老师特别温柔特别细致。
217964,923,程锦,2025-04-18 11:53:08,2,2,0,分高事少，好老师
217994,923,程锦,2025-04-19 03:50:52,0,0,0,工图学得很烂，但程老师讲课很细致，资料也给得很多，给分也好，对我这种菜鸡也很友善。虽然我没满，但只要认真跟着学的话一定能拿一个好绩点。期末考卷面分要是大于总分可以直接将卷面分作为最后总评的成绩，总之选就对了
48959,932,傅建中,2017-03-19 07:15:31,0,11,11,一卡一卡的
151272,932,傅建中,2022-02-27 08:05:59,1,2,1,讲的网课听不懂
162139,932,傅建中,2022-11-18 06:07:06,1,2,1,老师备课很认真，每次讲课都穿正装，对自己的职业非常重视。而且很为学生着想，不给学生加压力，作业交了就给分，期末考试也不难，真的好老师！！
172174,932,傅建中,2023-06-29 11:22:00,0,4,4,工训这门课真的是垃圾，车削的那个老师像是吃了屎一样，脑袋里装的都是屎
182333,932,傅建中,2023-11-15 01:42:00,-2,0,2,哥们有分是真给
33342,962,詹建潮,2016-09-18 13:43:32,1,1,0,老师阅历丰富，讲课生动形象，善于结合实际，还会分享自己相关的故事！
3028,983,王进,2015-05-13 05:50:35,33,37,4,认真负责！讲课很细致，给分超好
3981,983,王进,2015-06-17 11:57:20,3,4,1,老师上课不错，作业有点多。。。
4427,983,王进,2015-06-23 00:07:46,9,12,3,老师很好
8017,983,王进,2015-09-16 13:23:20,7,12,5,老师人是很好的！讲课很细致，就是作业多一点啦三次大作业真是想哭...给分好~上课一定要去(点到没去会被扣分很惨)，作业交了平时分就很高。
18985,983,王进,2016-01-23 02:08:22,14,18,4,很认真负责的一位老师，讲的很清晰仔细，作业量有点，不过基本上都全部批改的，学的比较扎实，成绩也超高，八九十分的很多。好像还提供手机版的教学资源
34227,983,王进,2017-01-25 02:41:43,9,13,4,认真负责，给分好，作业多
34734,983,王进,2016-10-19 15:28:47,1,2,1,怎么说呢，作业确实挺多的。把作业看的太重。讲的还行吧，感觉并不是特别适合我。
40868,983,王进,2017-01-21 01:30:03,3,6,3,很负责的一个老师
40905,983,王进,2017-01-06 07:49:20,4,6,2,很好，不错
43829,983,王进,2017-01-17 04:36:59,5,6,1,给分好啊！！！！
43833,983,王进,2017-01-17 04:43:15,1,4,3,老师挺负责的，给分很棒，上课不让水手机和睡觉。
43834,983,王进,2017-01-17 04:51:11,0,3,3,好棒的老师～
43836,983,王进,2017-01-17 04:52:29,5,8,3,上课会提醒同学认真听课，不水课，给分超好
43837,983,王进,2017-01-17 04:53:30,0,3,3,给分好
43840,983,王进,2017-01-17 04:55:52,2,5,3,给分超好
43850,983,王进,2017-01-17 05:03:20,16,19,3,上课认真，又不闷，偶尔有金句，工图这种课就是需要这样的老师。十分
43854,983,王进,2017-01-17 05:05:44,5,9,4,认真负责，讲的清楚，给分特别好
44730,983,王进,2017-01-18 07:12:34,4,7,3,超级好的老师，喜欢。
47841,983,王进,2017-02-26 07:53:18,1,3,2,给这么棒的老师来根大鸡腿
48045,983,王进,2018-08-17 11:51:53,0,2,2,棒，有思想，给分好
51658,983,王进,2018-09-30 11:23:22,3,6,3,老师非常好 就是想骂一句助教sb作业乱批
57525,983,王进,2017-07-09 10:32:27,2,2,0,会点名，作业有点多，毕竟工图要多做题嘛！给分好，讲课好~\(≧▽≦)/~
57526,983,王进,2017-07-09 10:32:45,1,1,0,上课有趣，偶尔金句。给分太太太好了(☆_☆)\n\n
57527,983,王进,2017-07-09 10:32:53,4,4,0,期中考只有67以为绩点要炸，结果给分辣么好！上课也细致负责，偶尔还会幽默，选他选他选他
57529,983,王进,2017-07-09 10:37:18,-4,1,5,感谢之情无已言表，平时作业全是抄的，半期刚及格，期末只做起了一半多，最后还能有83，跪谢的心都有了。
57530,983,王进,2017-07-09 10:58:37,1,1,0,棒棒棒
57532,983,王进,2017-07-09 11:06:09,2,2,0,认真负责的好老师
57533,983,王进,2017-07-09 11:16:38,5,5,0,平时作业是稍微有点多，但认真做分数就不会差。唯一一次点名就迟到了，最后分数还是不错，平时还有人生非一些鸡汤，很受用。感觉老师水平也是很高的。
57535,983,王进,2017-07-09 11:47:03,2,2,0,上课很细致，给分超好，完美！
57536,983,王进,2017-07-09 11:48:24,7,9,2,太好的老师。\n\n讲课细致耐心，虽然由于课程本身的特性课堂可能会有点无聊，但是老师绝对是把课讲的最详细最流畅的，时不时还有金句，听课稳赚不亏。\n\n课后作业有点多，但自己好好做一定有很大收获，而且作业也和平时分密切相关\n\n看得出来老师希望每个人都好好听课好好做作业，老师对迟到的同学很严厉，但却不是一味地骂，更多的是劝的成分。作业完成不好的同学也常常特别提醒。\n\n很幽默，老师是机械系的，上学期我们全班几乎都是信电系，老师就经常拔高机械而贬低电子……不过能听出来也就是开开玩笑，这也许是这门课上可以让人笑笑放放松的特色……
57552,983,王进,2017-07-09 13:27:19,2,2,0,很认真负责，上课时也会分享一些人生阅历。也懂得学生的苦，给分很好。
57554,983,王进,2017-07-09 13:44:11,3,3,0,老师挺严格，挺有趣，前面的好评都是真的
57555,983,王进,2017-07-09 13:47:31,29,33,4,考试后，悲痛万分；查分后，笑得屁眼开花！
57556,983,王进,2017-07-09 14:02:18,2,2,0,老师巨棒给分超级好！！！！！！
57559,983,王进,2017-07-09 14:32:34,3,3,0,期中67，期末上90，完全无法想象。
62046,983,王进,2017-11-22 08:58:19,2,2,0,虽然事情会很多，有时候也会偷懒，但是真的能让你很努力地学，学到很多东西
66819,983,王进,2018-01-19 07:16:25,-5,7,12,期中考60+然后期末给了我4.5？？！！老师刀子嘴豆腐心，还不快选？？！
72119,983,王进,2018-01-29 11:25:36,-2,1,3,被卡绩点，我。。
75951,983,王进,2018-03-22 16:20:37,1,2,1,怎么说呢 是个比较不通融的老师\n\n对迟到这件事很看重 但是有时候真的是逼不得已啊 从东二走去东一b都需要花些时间更何况上节课老师拖堂呢\n\n上课内容说的比较快 基本要回去一直画一直复习才能弄明白\n\n比较适合空间想象力强吸收能力快的学霸吧
87133,983,王进,2018-09-21 01:32:38,0,0,0,不知道，听说很好
88087,983,王进,2019-06-05 07:43:38,7,8,1,作业严，有时课前批评做的不好的同学。群里回复问题数量会作为平时分考量。老师会当场清点作业，被发现翘课会比较惨。上课水平，仁者见仁智者见智，个人认为一般，大佬自然无所谓，菜鸡有点想睡觉。
95339,983,王进,2019-01-19 08:43:36,0,0,0,10分！
96840,983,王进,2019-01-21 10:27:41,3,3,0,好(就这么一个字)
101672,983,王进,2019-01-29 00:44:00,0,0,0,666
101675,983,王进,2019-01-29 00:54:46,0,0,0,老师很好
101684,983,王进,2019-01-29 01:04:58,1,1,0,老师萌萌哒，讲课很仔细。认真听的话成绩不会差！
114830,983,王进,2019-07-12 01:31:55,0,0,0,给分好 讲的好 老师有经验
121356,983,王进,2019-12-18 08:31:21,0,0,0,老师超棒 \n\n工图讲的相当清楚\n\n上课还有点小萌\(//∇//)\\n\n大爱
121782,983,王进,2020-01-22 01:35:18,0,0,0,老师超好啊啊啊啊啊啊，跪谢老师海底捞！！！
122570,983,王进,2020-03-04 07:32:44,2,3,1,给分超好（题难考的巨差 查完分4.8）       讲题可以说是讲的最清楚的工图老师
126404,983,王进,2020-09-25 04:43:48,1,2,1,神仙老师啊啊啊啊啊啊啊啊，入股不亏不亏，真的，工图这种贼恶心的学科我都因为他听的进去！！
127307,983,王进,2020-11-20 02:21:24,0,0,0,超棒！
131932,983,王进,2021-01-29 10:24:23,1,1,0,讲课很好，不过工图本身很容易犯困。。建议认真听。作业有点多，给分超棒，强推。
133466,983,王进,2021-03-01 04:34:52,0,0,0,超棒
133727,983,王进,2021-03-04 08:14:47,0,1,1,老师非常好
139114,983,王进,2021-07-13 02:07:54,0,0,0,挺不错的
140514,983,王进,2021-09-13 08:17:34,-6,0,6,第一堂课讲的贼快 我觉得他是为了推销他那个工具包 我连章节都还没翻到 他就已经讲完了 然后反复强调到某个教室去买 他说的那个工具包 还有图纸 讲的还行 但我觉得他的第一堂课是真的没法听
149548,983,王进,2022-01-16 02:33:34,1,1,0,会瞌睡
149572,983,王进,2022-01-16 04:13:29,5,5,0,满绩，10分搁这了，上课讲的比较仔细，但是作业会比别的老师多（自学一小点cad，然后画个三视图发电子稿再在期末打印给他？）。老师人真的超好，看别人期末补交三周前的作业也没有苛责，正常给分。你有问题，他还会请助教主动来帮你解答问题，超棒！
174215,983,王进,2023-06-07 14:33:25,2,3,1,工图最好的老师
187452,983,王进,2024-01-16 07:54:39,1,2,1,工图最好的老师，暴风哭泣
195746,983,王进,2024-06-30 01:08:25,3,3,0,工图最好的老师
195849,983,王进,2024-06-30 09:48:15,0,0,0,超级好的老师
195903,983,王进,2024-06-30 16:11:39,0,0,0,给分太好了
196003,983,王进,2024-07-01 05:38:42,1,1,0,没什么好说的 还不快选？
197482,983,王进,2024-07-16 11:42:15,1,1,0,海底捞啦
200704,983,王进,2024-10-21 07:12:13,0,0,0,为什么我怎么请假（发邮箱，钉钉私发，群@）都不理我。。。（骨折生表示很受伤）
210492,983,王进,2025-01-09 08:45:31,1,1,0,人好，讲课好，给分好，选就对了。
211275,983,王进,2025-01-11 06:04:33,1,1,0,感觉没有传说中的给分很好，但是老师还是很好的
214815,983,王进,2025-02-18 05:18:32,0,0,0,有点催眠，但细品他的课不会吃亏
215602,983,王进,2025-03-02 11:28:56,0,0,0,老师讲的很好，认真负责，课件也很直观，但是老师好像是不看钉钉的。😖😖😖
220285,983,王进,2025-06-17 06:53:33,0,0,0,王进老师是我大爹，被狠狠地捞了，讲的也超好，上课会有一点小幽默
220331,983,王进,2025-06-17 09:23:45,0,0,0,给分好的出奇，期中考试整个班考的都不算特别好但是最终成绩没话说
220380,983,王进,2025-06-17 14:11:44,1,1,0,爸爸
220409,983,王进,2025-06-17 23:53:48,1,1,0,老师讲课讲的比较清楚，不过工图这个课确实比较吃个人空间想象能力，但是老师讲的已经很不错了，而且老师上课也很幽默，不会那么枯燥，非常好的老师，给分也不错
221285,983,王进,2025-06-22 12:54:00,0,0,0,上课偶尔会挨个点名（答到的形式），上课很认真，会督促同学听课（）给分真的好啊！
2816,1138,阮晓东,2015-05-08 03:25:18,10,13,3,上课上不来......就说这么多\n\n
2886,1138,阮晓东,2015-05-10 11:24:28,3,4,1,想睡觉
3024,1138,阮晓东,2018-02-17 12:06:54,11,11,0,不会上课……
3058,1138,阮晓东,2015-05-13 08:08:31,-5,4,9,老师是好老师，但是上课好像有点紧张
9910,1138,阮晓东,2015-11-12 15:27:22,2,4,2,很难过
10369,1138,阮晓东,2018-02-17 12:06:48,10,11,1,上课敷衍，极限绩杀
10532,1138,阮晓东,2015-11-19 11:59:37,2,4,2,无敌绩杀。
11168,1138,阮晓东,2015-11-25 03:04:10,-8,5,13,上课很好啊
24292,1138,阮晓东,2018-02-17 12:06:52,9,10,1,呵呵呵呵呵同志们自己小心好吧。上课别迟到，听不听无所谓。反正给分巨坑。
24294,1138,阮晓东,2018-02-17 12:07:08,5,6,1,辣鸡老师 怎么没有负分评价？\n\n
24296,1138,阮晓东,2016-04-29 08:12:24,2,6,4,hhh10分好评自己感受
24567,1138,阮晓东,2016-05-02 01:29:48,3,4,1,见识真正的绩杀吧\n\n
24596,1138,阮晓东,2016-05-02 05:21:56,-11,2,13,满分好评
75218,1138,阮晓东,2018-03-08 05:12:57,10,10,0,不备课，经常讲错或是忘记要讲的东西是咋回事，又一门自学
75458,1138,阮晓东,2018-03-12 05:55:12,19,25,6,这个地方，他就是，嗯，这个……静压强，对……啊……这个地方……就这样一个推导……大家……嗯……大家自己回去看一下书吧
75545,1138,阮晓东,2018-03-13 06:43:04,6,7,1,你们回去自己推导一下
76317,1138,阮晓东,2018-04-17 02:11:50,4,4,0,真的辣鸡
77142,1138,阮晓东,2018-05-07 09:01:21,2,8,6,绩点?
77621,1138,阮晓东,2018-05-07 02:55:56,7,10,3,课上的奇水无比，考试给分还贼迷。\n\n成功收获大学以来最低分2.7，均绩直掉0.05
77877,1138,阮晓东,2018-05-08 10:09:43,-17,4,21,给个及格分。讲课的确垃圾，但是这种课都是靠自己的。不过这课拿到了大学以来第一个总评满分的，很有纪念意义。
78248,1138,阮晓东,2018-05-10 07:26:37,-24,2,26,无聊，自学，满绩
103302,1138,阮晓东,2019-02-27 07:30:31,12,15,3,我是赵雨开，麻烦下次老师别叫我了好吗！！！
104149,1138,阮晓东,2019-03-13 04:31:14,-2,1,3,一般吧
105072,1138,阮晓东,2019-04-03 06:07:07,-2,1,3,还行吧。。
106162,1138,阮晓东,2019-04-25 11:14:20,-4,2,6,老师很好呀！我觉得之前也得有8分。上课中规中矩，平时问问题也会很耐心的回复，除了考试之前在群里不理我们有点令人难过……\n\n而且还会分享一些实验室的奇闻趣事，还经常问我们周末是不是出去玩啦等等感觉挺好的，很亲切，让我想起高中老师o(^o^)o
106243,1138,阮晓东,2019-04-26 02:33:36,-2,2,4,感觉还行吧，虽然上课有点儿无聊，但是老师还是比较和蔼的
106712,1138,阮晓东,2019-04-29 04:58:30,-3,2,5,挺好一老师，讲的详细负责，除了比较卡顿以外。
153781,1138,阮晓东,2022-05-11 01:58:14,7,7,0,死三八，自己耳朵背，说人没学好
153792,1138,阮晓东,2022-05-11 07:00:07,7,7,0,自己耳朵不行，还一直阴阳怪气同学数学没学好，我都听见他说了好几次答案了，你居然一次都没听到
153860,1138,阮晓东,2022-05-13 13:19:16,8,8,0,垃圾，我杨昕说的
153955,1138,阮晓东,2022-05-18 03:09:43,5,5,0,自己tm不会讲课然后就说既然大家都不听课，那就做题测试吧，硬拿这个水时间
154101,1138,阮晓东,2022-05-23 06:59:34,4,4,0,我永远喜欢杨昕捏
154279,1138,阮晓东,2022-06-19 13:13:20,4,4,0,你们为什么天天Q杨昕？羊昕涉精的时候你们怎么不管管
155002,1138,阮晓东,2022-06-07 10:01:18,2,2,0,垃圾rxd
155003,1138,阮晓东,2022-06-07 10:01:16,2,2,0,垃圾rxd
155259,1138,阮晓东,2022-06-10 02:10:06,4,5,1,在？会不会批作业？标准答案是38.46kN和2°42'，为什么3.846*10^4N和2.7°是错的？？？
155776,1138,阮晓东,2022-06-16 01:58:59,2,2,0,rxd是不是傻，能不能带书都不知道
173182,1138,阮晓东,2023-05-15 04:57:43,2,2,0,浙大是找不到人了吗，为什么让一个连自己都不清楚上课内容的人当老师。\n\n听课简直负收益，事情还多，每节课都是折磨
178205,1138,阮晓东,2023-07-08 03:01:14,1,1,0,绩杀 课讲得很差
178316,1138,阮晓东,2023-07-10 03:49:52,-1,0,1,好好好，这么上是吧
218092,1138,阮晓东,2025-04-21 02:09:30,0,0,0,一条，我看是思母了，整天阴阳怪气
640,1147,费少梅,2015-03-15 09:39:56,0,13,13,老师很亲切，课讲的很好，清楚而不失幽默，很有条理
1084,1147,费少梅,2015-03-21 16:07:02,-2,8,10,不多说，好老师
1823,1147,费少梅,2015-03-25 16:19:57,-1,8,9,很棒的老师\n\n
1921,1147,费少梅,2015-05-12 06:49:27,25,43,18,挺好的老师，幽默 ，讲的也到位。给分挺好的   好好学不会低。
2519,1147,费少梅,2015-05-04 13:23:23,0,9,9,亲切而有条理
2725,1147,费少梅,2015-05-06 06:48:25,-2,11,13,给分超差！
2901,1147,费少梅,2015-05-10 17:41:33,-5,15,20,一个坑，绩杀
3084,1147,费少梅,2015-05-13 16:35:28,-1,8,9,超级到位，清晰明了，给分还不错
3805,1147,费少梅,2015-06-17 04:52:16,-22,12,34,费骚妹。。。
4909,1147,费少梅,2015-06-30 09:29:52,-5,11,16,无聊……
5040,1147,费少梅,2015-07-02 12:08:26,0,9,9,循循善诱，听的很有趣。
5085,1147,费少梅,2015-07-03 13:28:17,9,31,22,讲的很认真但是不太喜欢她的风格。。感觉她会开很多她自己觉得很有趣但是其实没什么意思的玩笑。。
5282,1147,费少梅,2015-07-06 09:21:59,-2,5,7,幽默风趣
5504,1147,费少梅,2015-07-08 03:35:24,9,24,15,老师教的很好的，很耐心而细致（教的蛮好的学的不好老师说怪我咯）
6307,1147,费少梅,2015-07-13 02:10:24,-2,7,9,教的好，分实在是不满意
7885,1147,费少梅,2015-09-16 02:48:23,-3,3,6,还可以吧
8989,1147,费少梅,2015-10-08 06:42:57,6,19,13,很棒的老师 讲课很清楚 现在很后悔当时没好好学工图T-T
9098,1147,费少梅,2015-11-02 04:34:28,-6,5,11,讲得好难
9309,1147,费少梅,2015-10-21 03:11:45,6,15,9,浙大工科的实力是很强的。这个老师挺不错的
10879,1147,费少梅,2015-11-23 08:06:26,-2,2,4,亲和，认真，好老师
13714,1147,费少梅,2015-12-30 11:37:57,-2,3,5,很棒的老师，讲课很仔细，虽然爱说冷笑话~
17027,1147,费少梅,2016-01-19 13:10:19,-5,3,8,挺好的老师
17988,1147,费少梅,2016-01-21 05:31:58,-1,4,5,老师讲的认真仔细啊，是个好老师
23234,1147,费少梅,2016-03-22 10:16:27,-5,1,6,一个字，很好！
24344,1147,费少梅,2016-04-29 16:04:06,-2,4,6,上完了机图，分还没出，不过就凭上课质量和课程安排，就值10分！
24481,1147,费少梅,2016-04-30 15:38:18,-2,3,5,很不错的老师，能带着你的思路走，大家都很积极，很少体验到这样的教学效果了
24621,1147,费少梅,2016-05-02 10:10:24,7,17,10,感觉不咋地，给分也不咋地，工图不是她机图就别选她，感觉就是给他以前的学生上的
24853,1147,费少梅,2016-05-04 05:06:38,11,17,6,上课叫人回答问题，如果你没来就当作点名了吧
25523,1147,费少梅,2016-05-24 10:39:34,8,17,9,工图不是她的课，机图就根本不管你听不听得懂，上课讲的很少，让你自己去那个爱课程上看她录好的视频，很无语，如果工图不是她，机图最好不要选她，后果很惨
26052,1147,费少梅,2016-06-15 08:41:37,-5,0,5,老师讲得好！
28467,1147,费少梅,2016-06-28 09:09:51,-2,6,8,老师讲课非常之清晰，随堂练习印象特别深刻，一直跟下来的话发现期末复习非常省力。经常放一些视频开拓眼界。幽默感……个人感觉老师的幽默感比较奇怪。
30146,1147,费少梅,2016-07-01 03:45:10,0,9,9,一点都不想听，太菜了
30216,1147,费少梅,2016-07-01 05:42:04,-2,3,5,讲的很好，人也很好，但是工图给分好低啊
34040,1147,费少梅,2016-09-26 04:01:07,6,9,3,实在无聊……
34118,1147,费少梅,2016-09-27 06:35:41,-2,1,3,perfect~
34120,1147,费少梅,2016-09-27 06:37:22,67,87,20,你是我最不懂的女人
36492,1147,费少梅,2016-11-14 08:20:22,0,10,10,说了考试周不考试，对对对但泥煤考完微积分线代第二天就测验你成心的吗啊！简直无语????????
36621,1147,费少梅,2016-12-20 07:47:40,-2,8,10,如果不想在考试周还忙着画CAD…不要选她！不要选她！不要选她！
36658,1147,费少梅,2017-01-13 04:34:24,0,3,3,老师教的很好，然鹅我没有好好预习，希望今天下午的工图考试不挂    
38889,1147,费少梅,2016-12-19 16:08:38,-2,1,3,超级棒的，老师很耐心哦
38965,1147,费少梅,2016-12-20 04:55:32,-2,1,3,老师真的很好，平时作业也认真讲评，很负责。下课时还会放一些拓展的视频。
40283,1147,费少梅,2017-01-01 06:31:52,-6,1,7,棒棒的，讲的很清楚
41698,1147,费少梅,2017-01-19 14:42:04,-5,2,7,给分好\n\n人好\n\n
42003,1147,费少梅,2017-01-13 11:40:19,-2,3,5,大爱wuli费少梅麻麻
45430,1147,费少梅,2017-01-19 14:12:22,0,4,4,很好的老师\n\n讲课很清楚很有条理\n\n对同学态度也很好\n\n好好听课的话一定会拿高分的
45436,1147,费少梅,2017-01-19 14:22:59,-1,7,8,老师的冷笑话简直了，自成体系，炒鸡可爱！上课布置特别认真，好好跟着不会太差。哎呀而且很宽容，态度端正的话老师不会为难你的。
45442,1147,费少梅,2017-01-19 14:33:39,6,17,11,平时上课经常水手机，没有用功，导致考试周狂补……还好老师人好，满满师生情。老师认真细致，也很负责。考试周的时候改卷改到凌晨，出差间隙也不忘录入成绩，唉，不说了，还是珍惜吧……
45448,1147,费少梅,2017-01-19 14:38:52,1,9,8,大一最喜欢的老师，讲课干练清晰，课间放一些有趣的机械视频，感觉已经爱上机械了（≧∇≦）作业好好做，网课好好看，一定能拿个好分数的
47733,1147,费少梅,2017-02-22 08:10:34,0,2,2,教的好。认真学肯定有收获
48115,1147,费少梅,2017-02-28 13:55:22,0,2,2,费老师讲的的确能够抓住重点，能够让你有启发，长知识。课程不水，要求有点严格，但是真材实料
48571,1147,费少梅,2017-03-07 11:05:17,0,2,2,老师讲课循循善诱，给分很好。强烈推荐
48873,1147,费少梅,2017-03-22 06:42:14,16,28,12,让学生看视频自学，然后上课就不教了?
60033,1147,费少梅,2017-11-02 05:19:08,3,5,2,一般般
60259,1147,费少梅,2017-10-16 02:25:47,3,3,0,没啥干货啊 五分钟讲完的知识讲很久
62194,1147,费少梅,2017-11-23 05:39:25,1,5,4,老师是好老师，但我不太适应她的风格\n\n
65124,1147,费少梅,2017-12-29 04:18:59,0,2,2,老师人特别好，讲课特别有条理
65465,1147,费少梅,2018-01-04 06:27:59,0,2,2,非常耐心 讲得很细 真心的好老师
66022,1147,费少梅,2018-01-11 03:35:28,4,6,2,讲的可以，但是我个人不太喜欢她的讲课风格。上工图总会不知不觉的睡着
66498,1147,费少梅,2018-01-17 04:19:04,6,8,2,听不懂
67144,1147,费少梅,2018-01-20 10:25:47,0,2,2,老师人真的特别好，上课也特别好
69510,1147,费少梅,2018-01-25 01:51:02,0,3,3,老师上课会点名提问，然后讲课讲的挺好的，不过有的时候她一些带有奇怪幽默感的问题让我有些不适应。
70107,1147,费少梅,2018-01-26 06:14:27,1,3,2,慕课一定要去看，切记
72713,1147,费少梅,2018-01-31 02:55:45,1,3,2,。。。。
72725,1147,费少梅,2018-01-31 03:31:17,-2,1,3,不知道为什么这么低……老师还是不错的，大概就是我学的不好吧
72727,1147,费少梅,2018-01-31 03:36:21,-1,2,3,老师很好，不过不适应她的风格，另外被卡绩了，还是有些难过
72731,1147,费少梅,2018-01-31 03:56:48,0,3,3,超级棒啊~
72754,1147,费少梅,2018-01-31 04:46:41,0,3,3,老师超级温柔哒 有次想问题眯上眼睛老师以为我困了 就和我说困了睡一会儿也没关系 总之就是很棒的老师 给分也很好 期中小测炸了 期末好好准备 绩点也很满意  给老师笔芯
72794,1147,费少梅,2018-01-31 05:40:52,5,7,2,一般般吧，很多话都不知道笑点在哪里
72874,1147,费少梅,2018-01-31 08:29:37,-12,5,17,小幽默的老师，也不点名（不过抽学号问问题）。课讲的很好，可惜我一直没怎么认真听~~觉得如果每节课好好听肯定能够学好工图，不过最后给分还是有4.5，超感动。
75442,1147,费少梅,2018-03-12 02:57:18,3,6,3,由于工图各老师进度有差（工图是她班的她教过CAD），这学期CAD就不讲了，导致以前不是她班工图班的同学很无奈，有种被落下的感觉...
75757,1147,费少梅,2018-03-16 12:02:07,0,3,3,期中小测考得超好，期末也都会，平时上课认真听，为啥分低还卡绩?
77683,1147,费少梅,2018-05-07 09:04:07,1,5,4,老师挺好的 就是我自己基础不好 做什么都会拖到最后 考试也很迷糊 也算努力学了吧 希望给分好点 ? \n\n
79469,1147,费少梅,2018-06-06 03:17:18,2,14,12,去教小学比较好吧??讲一些弱智笑话还花式提问?真的垃圾
79470,1147,费少梅,2018-06-06 03:17:50,-1,8,9,太差了
80469,1147,费少梅,2018-06-27 01:44:13,0,3,3,听了lgd后遇到的fsm，我充满感恩的心，如果能再有点师生情就更好了……
82106,1147,费少梅,2018-07-07 06:27:34,8,15,7,做噩梦时遇到了fsm。。
85301,1147,费少梅,2018-11-02 14:53:02,8,16,8,来给老师正名！费老师是非常认真负责的好老师，考试前一天答疑让我们所有人去把大作业拿回来并且当面指出问题所在。\n\n平时事情不多，尤其是和隔壁金伯伯比起来。除了一个大作业外都是小组合作完成的，小组合作作业课上给了大量的时间所以基本不会占用课后时间。老师也会让我们亲自实践用3D图做出小模型。\n\n然后老师给分也还蛮好的，考试时我发挥的很差，没出成绩时经常梦见自己机图挂科。后来成绩出了发现也还行。\n\n以上评论客观公正…因为实在看不惯有些自己不好好学来怪老师的杠精。
85516,1147,费少梅,2018-07-19 00:34:13,1,2,1,老师讲的够细致了，怪我学得不好（不过感觉\n\n老师改卷也蛮严格），但总比不务实的lgd强太多
85753,1147,费少梅,2018-08-02 04:39:35,9,19,10,当幼儿园老师应该不错。教大学生?算了吧
86145,1147,费少梅,2018-09-08 04:32:16,2,7,5,简直一幼儿园老师，自己智商不够还来教别人，听一次她的课一整天心情都不好，服了
88382,1147,费少梅,2018-10-30 02:18:19,0,1,1,c j
88593,1147,费少梅,2018-11-02 14:52:16,1,2,1,不爽，让我们看完电脑上的就没了？
89398,1147,费少梅,2018-11-19 03:01:16,1,4,3,去给幼儿园上课应该不错，很讨厌这个老师
92084,1147,费少梅,2018-12-26 07:04:07,0,1,1,千万别选
98225,1147,费少梅,2019-01-23 08:19:52,0,1,1,不怎么样。
99430,1147,费少梅,2019-01-24 22:48:25,0,0,0,。。。
100134,1147,费少梅,2019-01-25 15:29:11,0,1,1,希望老师不要以为学生智商都和自己一样好吗。。实在觉得像在对着一群智障讲课
100263,1147,费少梅,2019-02-27 05:29:27,-76,5,81,4.2，拉低均绩，靠
101317,1147,费少梅,2019-01-28 04:07:44,0,1,1,看得出来老师很努力在为我调分了…
101320,1147,费少梅,2019-01-28 04:05:32,1,1,0,2.7路过，老师课还是很细致的，会带着一步一步分析，容易错丶漏的地方都还是强调过的，就是容易瞌睡……，估计我平时作业随意，最后考试也不高。就这样了吧。
101338,1147,费少梅,2019-01-28 04:38:32,-15,0,15,实话实说老师讲的挺好的，细致一些真的没什么可指摘的，虽然我没有好好学只有4.2，但是老师工图绝对教的一流
101432,1147,费少梅,2019-01-28 07:55:13,0,0,0,很细心啊虽然我分低但是是自己太菜了吧
102513,1147,费少梅,2019-02-04 05:27:02,-1,0,1,挺好吧ヽ( ￣д￣;)ノ\n\n
102810,1147,费少梅,2019-02-23 12:17:38,33,41,8,费少梅老师教学认真，讲课有条理，对于一些几何空间的概念她也会用不同的例子说明。老师讲课的风格可以说是好坏参半，好的部分是上课很活泼，同学不太容易走神，而已对于一些比较难懂或易错的概念，老师还会特别解释或是举例说明，通常是以反问，激问的方式进行，在这种互动中，学生可以很清楚的理解这些概念。而坏的部分就是在这些反问、激问中，有时老师的语气可能会让学生不爽（你以为我傻啦），有时可能会提出过多的反问句，做的有点过火（这不是没事找事吗）。不过总体而言，这种方式的效率还是蛮高的。作为一名不够积极的学生，有时看到那些积极回到问题的学生，被老师丢出的反问句吓到，知道答案也想要回答，却一时之间说不出答案，气急败坏的模样，还挺有趣的~~\n\n	费少梅老师布置的作业不算多，前两堂课会布置一次大作业，也就只是在B3的纸上画图，看了课本再做就不难，而且也就这一次可能用到画板和丁子尺，之后两次画图的大作业老师建议（或要求）用电脑画。因此建议不要去租借画板和丁子尺，跟不要买了。\n\n	作业主要就是，习题册+大作业+线上课程，线上课程的教学视频大概播放全部的三分之一就有满分，老师也不要求看完，教学视频有一半都是费少梅老师录制的，与上课内容的相似度很高，就是多了一些细节，少了反问而已吧。其实我个人觉得，认真得听老师上课和认真得把教学视频看完其实效果相似，不是太认真得话可以选一个就行了。\n\n******结论******费少梅老师上课认真，认真听就可以学到很多，只要忍受很多反问就行，作业适中。是一个不错得选择。\n\n******喜欢就帮忙顶上去！！！\n\n
104521,1147,费少梅,2019-03-22 09:51:31,-2,8,10,老师很凶，语气很讨厌，上课教了还要学生看视频，不看视频就给低分，形式主义严重，我很讨厌她，尤其是竺院的不建议选她的课
104526,1147,费少梅,2019-03-22 12:16:36,2,3,1,老师讲的很好
104527,1147,费少梅,2019-03-22 12:16:40,1,5,4,像在给一群傻子讲课，
105707,1147,费少梅,2019-07-07 08:56:15,6,11,5,我是真不知道老师为什么分不高。老师讲课清晰简洁，没有废话，节奏正好，大家不容易走神，三节课听下来是不会觉得困的。课后作业不多，而且老师会详细讲解。
111361,1147,费少梅,2019-07-01 04:47:38,1,2,1,老师挺认真的，问问题也会详细解答，所以为什么查老师上评分不高
111653,1147,费少梅,2019-07-02 11:21:48,6,8,2,给老师十分，老师负责的网课质量真心不错的，老师这学期上课也很负责的，只可惜我太垃圾了。。。。
113450,1147,费少梅,2019-07-06 17:27:00,1,5,4,老师真的很可爱，上老师的课全程都在认真听，就连上微积分我都做不到这一点。老师给分还具好，当然我平时也有好好学，但期末考试在有一道画图题我知道错了很多的情况下，老师还是给了我4.5，我爱费老师呜呜呜\n\n
114106,1147,费少梅,2019-07-08 23:18:25,2,2,0,老师讲课有种说不出的感觉 就是好的多评论的感觉但也感觉非常有意思 期末考试感觉考的很不错但最后只有...（不说了?）也算可以满意吧 老师的工图H比不带H的作业少很多但是网课太麻烦 感觉H课能拓展知识面 不带H的则是夯实基础
114161,1147,费少梅,2019-07-09 02:01:52,1,3,2,老师讲的很清楚，答疑也很温和，反正上工图三节课基本没打过瞌睡。
117564,1147,费少梅,2019-09-26 03:58:12,0,1,1,有一说一，讲课真的很全面，要点很突出。
121133,1147,费少梅,2020-01-19 22:53:41,3,4,1,我好喜欢听她的课qwq\n\n    思路清晰明确，讲问题细节都提到了。教学方式也很多样，有网课也有学生预习后体验授课……\n\n    老师也超级幽默（虽然表面上看可能不像233），有次让我们选ABC，大家都在说B时举手了，然后她笑笑“那不是只有我一个人选C啦？”。然后就让我们再举一次，憨憨的大家还是在B的时候举手hhh然后她只好让我们再考虑一下，还不停强调她选C……hhh\n\n    就是有的时候抽序号上台答题的时候压力有点大，如果答不出来（尤其是如果她布置了预习作业）还可能被严肃地讲一番，不过老师也是想提醒我们即使是口头布置的作业也要认真对待吧。
121139,1147,费少梅,2020-01-20 00:36:09,1,1,0,有一说一，老师上课讲的很详细，认真听讲肯定是会有收获的，给分也很中肯，只是想提醒大家老师布置的线上作业虽然在给分时仅供参考，但一定要按时完成！我可能因为这个差点挂科qwq
123355,1147,费少梅,2020-06-05 06:17:08,2,2,0,CAD有时候听不懂，有时候挺清晰，很迷，口音像外国人
123841,1147,费少梅,2020-06-15 02:06:00,3,4,1,网课时代，工程图学: 老师比较严肃，上课讲得很细，喜欢抛出问题让同学回答，给分还不清楚，省平台上的作业最好做一下
132258,1147,费少梅,2021-01-31 10:23:05,-1,1,2,上课很细致很耐心的老师～工图好好学给分不会低！
134637,1147,费少梅,2021-04-07 05:31:53,2,6,4,不太好的老师
141031,1147,费少梅,2021-09-22 04:25:16,0,0,0,nice
149535,1147,费少梅,2022-01-16 01:56:21,1,3,2,我觉得给分不好
150835,1147,费少梅,2022-02-19 08:55:55,0,4,4,巨好！上课很细致，期末考被狠狠的捞了！！！
153239,1147,费少梅,2022-04-27 03:37:50,0,7,7,我真是一分都不想给，什么老师啊，天天拖堂，最长十多分钟，无语住了，而且还在周六占用时间来画图，一用一天，无语……什么牛马老师……
157006,1147,费少梅,2022-06-21 14:14:38,1,2,1,讲课不错，给分不行
160184,1147,费少梅,2022-09-14 10:02:36,1,1,0,第一节课，感觉老师上课很仔细，还是不错的，等到期末再来打一次分
161088,1147,费少梅,2022-10-26 09:10:48,2,3,1,老师讲的思路非常清晰，想好好学工程图学的肯定能学好。就是这门课很多人觉得没用不重视罢了。给分可能比较求是。但是我打10分，讲课属实好，作业讲解课后答疑也好
163461,1147,费少梅,2022-12-14 11:22:48,2,2,0,很温柔耐心的老师
163462,1147,费少梅,2022-12-14 11:26:19,1,1,0,讲课非常认真，课堂上总是能精准地指出同学的问题，上完课之后甚至更精神了（大雾）
163463,1147,费少梅,2022-12-14 11:26:58,0,3,3,高中毕业后很少有讲课那么细致的老师了
168524,1147,费少梅,2023-02-19 05:16:26,0,0,0,呜呜呜
168776,1147,费少梅,2023-02-22 06:20:04,1,1,0,认真负责的一位老师
168864,1147,费少梅,2023-02-23 05:01:39,6,8,2,老师讲课细致认真，认真听课的同学一定会有收获！\n\n给分情况还算可以，只要平时作业认真完成（9以上），CAD制图和轴系组合图好好画（90分以上），期末认真备考，就可以拿到比较高的分数
175516,1147,费少梅,2023-06-25 10:00:01,1,4,3,工图废物的我能选上费老师的cad是我的一种幸运
176402,1147,费少梅,2023-06-28 17:27:20,11,17,6,这给分什么玩意啊艹？
176547,1147,费少梅,2023-07-03 00:14:03,-85,3,88,给分差 我4.5 均绩下降了 老师凭什么不给我满绩啊
176638,1147,费少梅,2023-06-29 13:37:46,-3,11,14,工程图学（H）\n\n费老师的讲课我给八分到九分，讲课细致到位，就是稍微有点喜欢反问，有时候搞的办理很尴尬。但给分我打1分，因为我觉得有一些不公平。这学期期中考试卷子很难，班里最高89，平均70左右，我76，期末也差不多，最终喜提3.3。老师给分完全求是，一点都不会捞，这学期因为期中难，即使是3.3这个成绩，已经是身边同学里还可以的了的了。往年均绩都在3.6+的样子，今年我们班估计远远没有。本人一学期工图虽然说是没有使劲卷，然而也至少是每节课都听，作业都是认真完成，9/9.5以上，最终得到这个成绩实在有点接受不了，这门课对均绩的影响确实有点显著，内心真实想法，不喜勿喷。
180130,1147,费少梅,2023-09-20 10:44:22,0,1,1,呵呵哈哈
185224,1147,费少梅,2023-12-27 07:02:48,0,0,0,讲课认真仔细
187575,1147,费少梅,2024-01-16 15:39:41,0,1,1,幽默噢
187602,1147,费少梅,2024-01-16 17:40:45,1,2,1,老师讲课讲的非常好，课堂也比较有意思，听她的课真的可以学懂工图，虽然给分有点过于求是，但还是给老师满分
187604,1147,费少梅,2024-01-16 17:52:19,1,2,1,很棒的老师。个人感觉风格比较像高中老师，比较严格但是不会冤枉人上课讲的逻辑很清晰，问问题回答的也特别仔细，改作业都是一条线一条线对着改的，特别认真。感觉上她的课可以真正学到东西。感觉好好听讲好好写作业是可以拿到不错分数的。可能工图这门课本身就比较难，老师还是很棒的。
187821,1147,费少梅,2024-01-17 13:57:56,1,3,2,上课：很细致。\n\n绩点：可能助教改卷捞了一点，但老师感觉有种不顾别人死活的美。卡绩了，我很认真学的，期中95，期末，我觉得试卷题量很大，而且较难，最后88，卡绩了。
188472,1147,费少梅,2024-01-19 05:08:51,10,12,2,讲课本身非常好，但感觉节奏有一些快了。在机房上CAD的时候，我拿着我67分的期中考卷，然后感觉CAD真的非常非常难，不知道在搞什么。后来老师把上课录音视频发到群里，我自己一个人慢慢听，发现老师讲的是真好，非常细致，每一个细节都能注意到，还有一些可能会非常好笑的地方（有点像冷幽默，但有时候就觉得很好笑！！）。在那以后，我觉得工图没考好是我自己的问题，我就提前预习，问同学，花在工图上的时间比数分还多，其实也曾经想过这么认真学一门并不是我专业所需要的课程是为了什么，也怀疑过培养方案，后来觉得工图可能让我更加细心了，之前每一次自信满满交上去的卷子，最终都能在各种各样的地方被发现各种各样的错误，被打的灰头冷面。工图后期的课程中，知识量非常大，很难短时间内掌握，上课一定要认真听讲。我经常有很多不确定的问题积存，我就会去问班上更厉害的同学，拜她为师，她也欣然收我为徒弟。我下半学期工图上努力了，最终虽然未青出于蓝而胜于蓝，比我的小老师略输一筹，但我非常满意了，可能也是被卡绩点了，88。感谢工图这门课程，让我更加细心，也让我找到了女朋友。但是！！如果问我是否再愿意学一遍工图这门课，可能我不会再学了。
188522,1147,费少梅,2024-01-20 04:51:23,10,10,0,老师本身水平很高，上课也讲得很细致，只是节奏稍微有些快，课后需要花时间自己消化，特别是上到后面几节课的时候。下课、钉钉问老师问题，老师都会耐心解答。给分也挺求是的，跟我正常水平挺接近了。老师的作业不能算很少，cad画图会花掉我很多很多时间，但还是会觉得收获满满！老师很认真，很仔细，很负责，偶尔会讲点冷笑话，总之是一个很好的老师，好好学就不会差！
189212,1147,费少梅,2024-01-22 10:44:13,0,2,2,上课讲的很好
190083,1147,费少梅,2024-02-19 16:08:08,1,1,0,讲得非常清楚，课件也很好
190470,1147,费少梅,2024-03-05 08:18:38,1,3,2,测绘课体感不好，而且莫名对女生有点阴阳怪气，问老师问题的时候也是毫无反应，甚至不知道她到底听没听到你说话，但是叫多两声她又会嫌你烦😵‍💫
193225,1147,费少梅,2024-06-04 16:08:28,0,1,1,机械制图上机基本只能靠看视频做，讲得听不懂
193932,1147,费少梅,2024-06-21 02:12:17,-2,4,6,CAD教学视频不爱提前发，上课讲的一坨，喜欢拖堂，一次作业要画好几个图一节课就让画好几个图真的很傻逼，上课喜欢阴阳，喜欢反问，还拖堂拖特别久，五一缺一节课找了一整个下午让我们补课特别傻逼
199892,1147,费少梅,2024-10-07 11:11:25,3,3,0,上上学期的工图\n\n因为又有xpy来问，就想起来费姨\n\n\n\n我是毫不犹豫给10的\n\n\n\n因为我听了一圈，觉得这是讲工图神仙老师，没有比费姨讲得更好的了！\n\n上课时候循循善诱、会引导你、会反问来让你自主的推进思路，很有我高中物理老师的味道\n\n所以费的课一定要坐前三排、认真听\n\n\n\n给分一般，因为我们那次期末比较难吧\n\n我期中是97，最后总评是88；我们那届好多这样的，最后4.2；但是依然觉得工图上得非常开心、非常有收获和成就感
205758,1147,费少梅,2024-12-12 02:38:42,0,0,0,好好好
209862,1147,费少梅,2025-01-07 09:09:41,1,1,0,费老师的讲课水平绝对是工程图学的老师里面最好的，上课条理非常清晰，语言很平和但又循循善诱（甚至会故意放一道坑题吓唬我们嘿嘿）。对于优秀的学生有表扬，期中考试有光荣榜（我92.5也在上面！）。绩点的话，其实费老师能决定的主要是作业那部分，而且给分不错；工图绩点高低和老师关系不大，主要看期末考试难度，所以没必要从绩点的角度评判高低哦～～
210030,1147,费少梅,2025-01-08 03:14:44,0,0,0,工图H\n\n上课讲得非常好，在我遇见的大学老师里面绝对是最高档的水平。我本来对工图无感的，但架不住老师讲得好，后面还是认真学了。想学会工图就来听费老师的课吧，费老师不会让你失望的。
211602,1147,费少梅,2025-01-12 03:53:39,1,1,0,上过zyg的课之后再听费少梅老师的课，简直就是天使，人很温柔，讲课不紧不慢节奏舒适，非常好老师
211737,1147,费少梅,2025-01-12 09:46:18,1,1,0,还是比较认真负责的好老师
211751,1147,费少梅,2025-01-12 10:15:02,1,1,0,上课好，要求严，给分一般般
211768,1147,费少梅,2025-01-12 11:11:17,1,1,0,我要刷好评🥹🥹🥹这个学期给分真的挺好的，感觉被她捞了一把
211921,1147,费少梅,2025-01-13 01:52:11,-1,0,1,费老师讲课妙趣横生引人入胜（除了零件那块内容），擅长抛出那些看似简单但出乎意料的问题，互动高效，收获颇丰，最后给分93也满意了。
213107,1147,费少梅,2025-01-16 04:05:56,1,1,0,工图H\n\n只点了一次名，工图这种课不建议翘，少一节课可能后面就都不会了。偶尔会有点名提问，不频繁，就三四次。\n\n费少梅老师真的很好！！准确来说，人家是教授。\n\n工图这种课对我来说很吃力，因为关于立体的东西我真的想象有限，很吃天赋。\n\n老师上课讲的很细致，一步步引导，很严谨的一个人！\n\n最后给分的话，有个小妙招，请线下问问题，或者多做一些题让她帮你批改一下，至少态度认真最后分数不会差的。
215918,1147,费少梅,2025-03-07 09:28:48,0,0,0,上学期的工图H！今天惊觉自己忘打分了，来补上10分！\n\n绝对的好老师！\n\n本来我上这课怨气很大（混合班的特色，懂都懂）\n\n但老师讲的很好循循善诱还时不时冷幽默（）\n\n狠狠爱上！\n\n最后期末考试比较简单，总评还是出乎意料的好，老师还是捞了的！\n\n强推！！！
216490,1147,费少梅,2025-03-17 09:47:52,1,1,0,费老师课讲得特别好，虽然上课要求很严，最后我的绩点也一般，但是还是很感谢费老师，上课只要认真听，应该不会有遗漏的知识点
217343,1147,费少梅,2025-04-09 02:24:56,-1,3,4,破事多，小组打完分还说什么要调，打的高都要调低，谁作业没拿说明你态度不好，还有一堆事，恶心学生有一套，也就那些大一的学生上的惯这种课
217895,1147,费少梅,2025-04-17 15:13:43,1,1,0,超级好的老师 上课超级认真 机图的一部分理论课我觉得老师讲的超级好
217929,1147,费少梅,2025-04-18 05:21:02,1,1,0,机械制图CAD\n\n老师确实有些严格\n\n如果上机的任务要在课上全部完成，要自己稍微提前准备，但课上完不成没关系，老师会发视频，课下可以再搞\n\n理论考试要好好准备，占比很大，老师会带着练一些题目，但是个人复习很重要\n\n最后绩点上4
218063,1147,费少梅,2025-04-20 06:38:30,1,1,0,cad真神\n讲的又清楚，给分也好\n作业还可以补交，你到考前最后一天交作业都可以\n我工图上的hcl的课才知道fsm有多好
219194,1147,费少梅,2025-05-23 02:40:05,1,1,0,说实话，讲课讲得挺好，要是你是他机械制图的学生还可以获得免费3d打印齿轮油泵的机会哦（别的教学班没有好像），人也很不错（是教授，教学经验蛮足的）。but，搞不懂的一点就是，他说他不点名，但有时候还是会点，做小测没来也会记，不知道用来干什么。机械制图期末考试其实就是工图的plus版，平时他给画图练习时间太少了，这方面得靠自己了
220579,1147,费少梅,2025-06-18 14:56:26,0,0,0,老师人很好  是我期末没好好学😭
220626,1147,费少梅,2025-06-19 03:33:19,0,0,0,老师人很好，但是被卡了
220758,1147,费少梅,2025-06-19 14:12:00,0,0,0,老师讲的真的很好！每节课都认真听的话期末就不会糟糕。
221143,1147,费少梅,2025-06-21 13:01:41,0,0,0,费老师工图讲的非常好！教学认真负责，对大家容易出错的地方十分熟悉，课件上时常出现一些初学很易错的题目（期末补天才发现上面的例题大部分都是期末考试的历年真题~），而且对课堂氛围的调动也很有经验，上了她的课就偷着乐吧，讲课绝对是一级棒。但是工图这门课本身就是一个有付出才会有回报的课程，平时作业好好做，期末做一下历年卷，就基本没什么问题啦。费老师不点名，但有时会随机在名单中点人回答问题（本学期一共不超过三四次）。以及这学期的工图H（两个老师班好像都有）期中之后有一次意义不明的翻转课堂小组pre，搞不懂这么搞的意义是什么.....感觉纯粹在增加学生工作量。
3563,1235,曹衍龙,2015-06-17 01:34:54,15,16,1,天南海北
24607,1235,曹衍龙,2016-05-02 07:25:12,3,6,3,瞎BB，课还讲不完
25721,1235,曹衍龙,2016-06-05 02:27:26,1,3,2,巨坑，70％的内容是在最后一节课讲完的，考的内容还死多
57513,1235,曹衍龙,2017-07-09 04:48:42,0,1,1,上课一直吹。给分不高。
76590,1235,曹衍龙,2018-05-09 14:57:56,9,15,6,真是醉了。课讲的没隔壁高，资料没隔壁的好，出分比隔壁慢，tmd分还特别低。无话可说算我倒霉。
76591,1235,曹衍龙,2018-04-16 03:41:24,-1,1,2,。。。\n\n\n\n
76777,1235,曹衍龙,2018-04-23 05:43:43,10,15,5,老师有实学，不过上课总是扯他的科研院和法国哥们儿，也不知道期末考试考；考试还和隔壁杨老师班同一张试卷，人家可是啥都讲全的，也不要他哪来的自信。考完后学生答题不怎么样，他大概又会吐槽这一届的学生太差吧
78078,1235,曹衍龙,2018-05-09 09:01:12,0,1,1,???
78109,1235,曹衍龙,2018-05-09 10:39:15,1,2,1,糟糕\n\n
78143,1235,曹衍龙,2018-05-09 13:18:12,1,2,1,给分差就不说了，毕竟是专业课，能不能用点心讲，上课啥都没学到，就知道他的研究院和法国哥们……
94626,1235,曹衍龙,2019-01-17 12:26:33,0,1,1,来人哪，将这个乱臣贼子拖出去就地阉割
152243,1235,曹衍龙,2022-03-31 06:37:27,1,1,0,啊这。。。
152289,1235,曹衍龙,2022-04-01 12:26:51,1,1,0,点名。。。
152290,1235,曹衍龙,2022-04-01 12:27:32,1,1,0,🎸 🎸 🎫 🎸 🎫
152317,1235,曹衍龙,2022-04-03 09:32:26,0,0,0,一节课点名n次
152318,1235,曹衍龙,2022-04-03 09:32:26,0,0,0,一节课点名n次
152374,1235,曹衍龙,2022-04-07 05:37:39,0,0,0,会点名
152498,1235,曹衍龙,2022-04-13 08:26:04,-1,0,1,题目不能下载
152853,1235,曹衍龙,2022-04-20 23:41:52,2,2,0,课很水 期末考试不难 好好复习就很容易高分 给分好像还行
152892,1235,曹衍龙,2022-04-21 09:04:26,1,1,0,老师上课必点名，但是比较水，平时作业认真做，期末前好好复习，给分还不错
175592,1235,曹衍龙,2023-06-25 16:41:44,2,2,0,上课点名，讲的一般，没有热评说的那么离谱，比较客观地判断为8分吧
175616,1235,曹衍龙,2023-06-26 02:15:36,0,0,0,给分还可以
190936,1235,曹衍龙,2024-03-25 03:31:12,1,1,0,说话含含糊糊地听不清呃，每节课都在看ppt，ppt也看不懂
191233,1235,曹衍龙,2024-04-14 08:57:26,3,3,0,不是，你课堂测试怎么给的分，上课讲了答案了补交的成绩比当场交的成绩还高，我是不是期末考不去考之后按原卷补考分数也给我更高啊
191407,1235,曹衍龙,2024-04-19 13:23:43,0,0,0,混子老师
191612,1235,曹衍龙,2024-04-26 01:05:25,-1,0,1,纯纯cjb
191624,1235,曹衍龙,2024-04-26 03:34:18,1,1,0,666
218269,1235,曹衍龙,2025-04-22 09:13:48,0,0,0,还可以的，这门课还是比较容易复习的，老师讲得比较无聊
218498,1235,曹衍龙,2025-04-24 04:51:57,0,0,0,还可以，就是上课一定会点名不好不来，老师给的PPT复习的时候还是很有帮助的，各个章节的习题也都有(而且考试会有作业的原题
218777,1235,曹衍龙,2025-05-04 13:02:50,0,0,0,三个字
351,1283,李凌丰,2018-09-14 01:33:09,81,96,15,老师很好，问简单的问题也会耐心回答！棒！
1517,1283,李凌丰,2015-03-22 09:52:03,50,54,4,给分高，你懂的
2864,1283,李凌丰,2015-05-09 09:09:10,31,34,3,就是耐心老师人超好给分超级厚道
3226,1283,李凌丰,2015-05-21 10:26:19,27,32,5,讲课很耐心，不是那种能说会道型老师，很低调。而且给分超好，感觉都没花什么时间就满了。。
4142,1283,李凌丰,2015-06-18 01:59:28,25,28,3,看上去就很舒服的老师
4163,1283,李凌丰,2015-06-18 02:39:52,6,9,3,好好
4242,1283,李凌丰,2015-06-18 09:07:53,8,12,4,好
4780,1283,李凌丰,2018-09-19 01:48:40,75,84,9,特别可爱的一个小老头  人很好   多么简单的问题都给你细心回答   期中考试时有时候会站在你后面指导  给分很好  就是作业有点多  一学期都画了图了
5940,1283,李凌丰,2015-07-11 09:03:33,8,11,3,课轻松，实践性强，收获多，给分高。
6101,1283,李凌丰,2015-07-11 01:20:37,43,45,2,都以为要挂的节奏，结果都上4了，而且还学到了好多东西
6102,1283,李凌丰,2015-07-11 01:28:40,17,18,1,讲话很有趣，很随和，给分超级棒！！强烈推荐
13608,1283,李凌丰,2015-12-30 08:54:54,13,15,2,人很好很温柔，有问必答，邮件回复也很及时 ，水平也很高
14266,1283,李凌丰,2016-01-06 03:04:31,15,17,2,老师很低调，也没有教授架子，很开心，也很有水平，能学到知识和做人
14902,1283,李凌丰,2016-01-11 02:06:53,9,10,1,老师没话可说，全力10分
15580,1283,李凌丰,2016-01-15 12:47:52,8,9,1,超级好
15598,1283,李凌丰,2016-01-15 14:31:52,8,9,1,人超好
15825,1283,李凌丰,2016-01-16 11:08:27,7,7,0,人超好
17405,1283,李凌丰,2016-01-20 07:32:51,2,3,1,李爷爷
19204,1283,李凌丰,2016-01-23 13:43:47,2,2,0,当年挂掉了，重修选的李爷爷的课，讲的超好啊！最后轻松过了hoho～
19245,1283,李凌丰,2016-01-23 16:01:27,5,5,0,人真的真的太好了！
19541,1283,李凌丰,2016-01-24 15:17:18,16,18,2,清晰，耐心，和蔼，给分高。也许讲课有点平淡，但工图就是这样，规范性强于思想性……所以大家一定坚持听课！老师绝对好老师！
19772,1283,李凌丰,2016-01-25 09:03:02,11,12,1,李爷爷给人感觉特别亲切，考前也会说重点，讲得好给分也棒，自己空间想象能力一直比较差可是最后的分还是很可观!
21940,1283,李凌丰,2016-03-02 01:04:04,2,3,1,超级好
23415,1283,李凌丰,2016-03-29 07:29:50,-19,9,28,作业太多了真的太多了！！！实话！
25348,1283,李凌丰,2017-06-24 10:04:37,40,41,1,我有一句爸爸不知当讲不当讲。。
25798,1283,李凌丰,2016-06-08 11:21:24,2,3,1,紫薯紫薯
25841,1283,李凌丰,2016-06-11 13:21:29,4,4,0,爽爆了
26776,1283,李凌丰,2016-06-21 05:46:24,7,7,0,真的超级和蔼超级喜欢的一个老师，让人非常舒服，强推！
26823,1283,李凌丰,2016-06-21 07:47:16,2,2,0,真的是好老师，认真负责，好想再上一次
27146,1283,李凌丰,2016-07-06 12:12:09,3,4,1,快来选，良好老师！
27272,1283,李凌丰,2016-06-24 09:52:18,1,2,1,很好的老师
30611,1283,李凌丰,2016-07-02 04:59:41,2,2,0,李爷爷超级可爱！上课好温柔！最喜欢的老师！
31729,1283,李凌丰,2016-07-04 15:45:29,10,11,1,超级棒的老师，虽然上课比较平淡，但对于同学的问题都会很详细的解答，人很和蔼可亲，更重要的是，本以为考差要挂，结果4.8，不得不给老师满分！
31732,1283,李凌丰,2016-07-04 15:55:49,4,4,0,可爱的小老头
31752,1283,李凌丰,2017-01-13 04:24:50,5,5,0,特别棒！
31846,1283,李凌丰,2016-07-05 04:12:49,5,5,0,话不多说，给分好，给分好，给分好，上课好，上课好，上课好
31949,1283,李凌丰,2016-07-05 08:16:41,4,4,0,老师很有耐心。
32366,1283,李凌丰,2016-07-06 09:15:15,2,2,0,好老师，绝对好老师，虽然作业多，但给分超级好！不说了，我已经被感动哭了！
32449,1283,李凌丰,2016-07-07 02:12:58,7,8,1,考前留了许多作业答疑交……真的是想骂他的心都有，但最后看到成绩原谅了一切=_=
33554,1283,李凌丰,2016-09-20 05:23:04,2,2,0,很耐心且有经验的好老师，拿高绩点也不难
33688,1283,李凌丰,2016-09-21 05:12:10,2,2,0,有意思\n\n
34262,1283,李凌丰,2016-09-29 08:06:54,2,2,0,炒鸡好的老师
34497,1283,李凌丰,2017-04-27 07:24:20,0,2,2,很好?给分高的谁了（自己比较哈）。老师不点名，作业也可以补交（期末还会提醒漏交的同学）。老师的板书很棒，尤其徒手画图。老师上课温和，会给联系方式，回答问题和蔼可亲。总之，平平淡淡才是真，能学到很多东西的。
34626,1283,李凌丰,2016-10-16 04:59:50,3,3,0,老师有一种特殊的人格魅力
36068,1283,李凌丰,2016-11-10 11:29:25,1,1,0,讲的不错，但是说实话还是靠空间想象能力，不过作业是真的多，果然好老师都有个性
36750,1283,李凌丰,2016-11-16 01:52:20,19,20,1,很可爱的一个老师，很体谅学生，偶尔作业忘带也没有关系。给人很和蔼的感觉。比心。
38008,1283,李凌丰,2016-11-23 04:38:27,42,43,1,老师人太好了，由于去医院，测验迟到，老师足足等了我20分钟，交卷了以后才离开，而且课上的十分好，这样的老师给十分都不够！！！
39849,1283,李凌丰,2017-01-19 21:37:52,5,5,0,完全棒！虽然上课听不太懂，但是很耐心的解答同学们的知识，真的很棒
40081,1283,李凌丰,2016-12-29 05:53:03,2,2,0,很暖的老师 想给11分
40553,1283,李凌丰,2017-03-21 01:03:48,20,22,2,专程来打10分\n\n上大学以来最感亲切的老师，那种和蔼能给我一种家人的温暖…
41063,1283,李凌丰,2017-01-09 02:31:09,8,8,0,真的是良心好老师，课讲得很好 人也很慈祥，文科生作死来修工图，结果舍不得工图结课了诶
42383,1283,李凌丰,2017-01-14 05:58:00,1,1,0,老师课上得不错，很认真负责
43449,1283,李凌丰,2017-04-30 00:51:43,7,8,1,给分和作业量的话是次要因素。爷爷的课的氛围很轻松愉快，他很乐意倾听我们的质疑，什么样的问题都会耐心解答，下来学会了不少东西。工图和机图都是他的课，感谢！
45374,1283,李凌丰,2017-01-19 13:19:50,29,30,1,其实老师长得很帅的哈哈哈 （颜控没办法）上课有时候自己会莫名其妙乐呵（？）起来 虽然get不到点 但是觉得他笑得蛮好笑的 所以有时候会帮衬一下他 hhh   严肃地评价一下吧 ：老师真的真的很温柔 我鼓起勇气问了个比较傻逼的问题 老师很认真很认真很耐心很耐心地回答了 真的真的很感动  讲课还蛮不错的 节奏不是很快 画图很清楚 给五颗星⭐＊5 总之 不管最后给分怎样（现在还没出分）都是一个我很感谢能够遇到的老师
45531,1283,李凌丰,2017-01-19 16:51:45,2,3,1,超可爱的小老头，用着按键手机，上课超级认真，课堂作业看见有错会提醒。最重要的是，我们期末突然考cad什么的很偏的知识全没写出来但是最后还是给满了。大爱李凌丰（笔芯
45536,1283,李凌丰,2017-01-19 16:45:01,7,7,0,我爱李凌丰！！！给分仁慈！！担心挂科好几天了，老师给分真的超好！老师超可爱！最爱的老师！没有之一！
45541,1283,李凌丰,2017-01-19 16:59:36,1,3,2,老师超级好！问问题会很耐心的回答，作业没做好可以补，不会影响分数，平时作业是有些多，但是都能应付得过来，考试考了cad没怎么答出来，期中小测没发挥好75分，结果居然有4.8超开心！以后还想学老师的cad（不是我专业必修
45579,1283,李凌丰,2017-01-19 23:42:57,1,1,0,炒鸡好的老师，以为自己快挂了，结果还有3.6
45595,1283,李凌丰,2017-01-20 00:12:11,3,3,0,不解释10分！
45598,1283,李凌丰,2017-01-20 00:14:45,1,2,1,呜呜。老师真的太好了。这学期没有好好听工图。觉得自己要挂了结果4.8。老师我下学期一定好好听你的机图！
45619,1283,李凌丰,2017-01-20 01:05:16,1,2,1,期末做的一般也4.8了，老师又帅又可爱，很庆幸又预置了老爷子的CAD
45630,1283,李凌丰,2017-01-20 01:27:28,3,3,0,我就是来打十分的
45656,1283,李凌丰,2017-01-20 02:12:18,3,3,0,老师讲年轻人的时间很宝贵。感觉对于机械学院的教授来讲，感觉他修养很高。
45745,1283,李凌丰,2017-04-21 04:12:48,1,4,3,超级好
45960,1283,李凌丰,2017-01-20 09:57:16,1,1,0,上课条理清晰 循序渐进 和蔼可亲 给分又超级好 最喜欢的老师
46208,1283,李凌丰,2017-03-05 04:13:25,7,7,0,反绩杀
47685,1283,李凌丰,2017-02-18 02:26:15,0,0,0,感觉好舒服！\n\n
47691,1283,李凌丰,2017-02-18 11:19:05,2,4,2,工图选到李老师你就偷着笑吧(๑>؂<๑），如果连他的课能挂那真是太不努力了。老师不善言辞，讲课质量也许不算很高，但不要欺负他，无论什么问题他都会尽力回答的啦。
47985,1283,李凌丰,2017-02-28 01:56:03,1,2,1,真的好
49091,1283,李凌丰,2017-03-24 14:21:53,2,3,1,老师太帅了
49291,1283,李凌丰,2017-04-01 12:29:21,2,3,1,李爷爷讲工图真的讲得超好。作业多但是平时分给的真的很好。考试的时候看到CAD的题目一脸懵，出来都以为会挂了，结果出来4.8，大一上绩点最高的一门！！！人也很好很温柔，答疑超耐心，还会把前一年期末考题放一遍（原则上不让的）。一个炒鸡可爱的老头，不管什么课都值得强推，大爱！
49658,1283,李凌丰,2017-04-22 09:16:06,0,1,1,虽然平时作业有点多，但是给分真的好。
50128,1283,李凌丰,2017-04-30 04:06:17,0,1,1,老师很有耐心，给分很好（虽然最后一堂课作业有点多）。给10分吧，反正上他的课还能挂就是奇迹了
50167,1283,李凌丰,2017-04-30 13:39:56,2,3,1,温文尔雅，不能说是教学质量最好的老师，但绝对是最有师德和爱心的老师，大学里很少遇到这么和蔼不做作的老师了，各种工程软件的使用真的得心应手，自身实力还是很强悍的，遇到李爷爷真的很幸运，也很幸福。
51780,1283,李凌丰,2017-06-09 15:59:37,0,1,1,温和，给分好！
51869,1283,李凌丰,2017-06-13 04:36:29,0,2,2,老师真的好  脾气好  讲课也很耐心
53298,1283,李凌丰,2017-06-26 10:13:37,1,2,1,作业真的多 尤其是最后一堆作业答疑时交 不过给分好长得帅讲得好 还有什么别的奢求的呢
55356,1283,李凌丰,2017-07-01 10:39:42,1,2,1,老师超可爱 长得超级帅  讲得超级好啊啊啊啊啊啊啊啊啊啊男神男神男神
56262,1283,李凌丰,2017-07-03 10:48:56,4,6,2,卧槽李老师！简直太赞了！！卧槽真想给老师啵一个～～第三题都没看懂，绩点4.8！！您真是太好了～衷心祝您身体健康！工作顺利！
56484,1283,李凌丰,2017-07-04 01:32:38,0,1,1,长得炒鸡萌！！
56503,1283,李凌丰,2017-07-04 02:06:05,1,2,1,好好好，作业虽然多，但真的有帮助，期末的作业能做多少做多少，解释一下，老师不会计较的。
58861,1283,李凌丰,2017-09-18 06:03:22,1,2,1,老师人超级好的。给分好并且上课认真。为人情切
59132,1283,李凌丰,2017-09-27 01:07:21,2,3,1,嗷嗷嗷\n\n
59519,1283,李凌丰,2017-09-22 03:49:40,5,6,1,老师实在太温柔了，绘图功力是特级的，讲课很慢很有耐心
61202,1283,李凌丰,2017-11-11 15:25:57,3,3,0,老师超帅
64269,1283,李凌丰,2017-12-22 06:42:55,2,2,0,很棒！老师人很好
65628,1283,李凌丰,2018-01-07 15:39:04,2,2,0,作业很“厚”道，考试不用愁，因为这么多图都画下来了基本都会了_(:з」∠)_
66510,1283,李凌丰,2018-01-17 05:29:21,2,2,0,超级超级喜欢老师，觉得工图是我最有把握的科目了，老师是我所有老师中最和蔼，最好的老师o(^o^)o
67585,1283,李凌丰,2018-01-21 15:12:03,0,1,1,太棒的老师真的真的真的
68115,1283,李凌丰,2018-01-22 15:00:17,4,4,0,大二机械狗，大半夜的突然想老爷子了，回来怀念怀念
68467,1283,李凌丰,2018-01-23 08:44:25,2,2,0,男神！！！！！人超好！！！拯救了我的工图！
68476,1283,李凌丰,2018-01-23 08:58:29,2,3,1,真给分贼jb牛逼，唯一满的课。
69660,1283,李凌丰,2018-01-25 07:26:13,1,1,0,老师真的很好
71205,1283,李凌丰,2018-01-28 06:37:44,1,1,0,好老师。
72003,1283,李凌丰,2018-01-29 07:52:24,3,3,0,老师真的人超好！我就想用圆润这个词来评论！平时说话也都是柔柔和和的，从来不说学生，作业来不及的只要在考试之前交上就可以了！虽然感觉考试难炸，不知道能不能过，但听说老师人很好，一般都会让你过的呀！
73139,1283,李凌丰,2018-02-01 03:57:05,3,3,0,老师上课很亲切温和，无论PPT、CAD还是板书，技术都杠杠的。这学期工图不是特别重视，到期末才发现那么难，考完出来都以为要挂了，结果还是挺好的。真的感觉对不起老师给的分，下学期机图虽然不是老师的课但一定好好学。（有时候在休闲还能看到老师一家吃饭，周末在食堂路上偶尔也能遇见他呢）
73140,1283,李凌丰,2018-02-01 03:57:57,3,3,0,老师，谢谢，期末考试感觉巨难，最后一个大题没画，前面CAD操作简答也没写，考试感觉时间不够，竟然4.5，真的超爱这个小老头了。
73147,1283,李凌丰,2018-02-01 04:23:55,2,2,0,感谢老师不挂之恩！！！
73153,1283,李凌丰,2018-02-01 04:40:08,0,0,0,给老师疯狂打call！虽然平时作业很多，但画了就基本掌握知识了。期末考好难感觉自己错了一堆，但最后结果还不错，超感谢李爷爷！李爷爷长的也超帅说话好温柔完全男神啊啊啊啊啊
73156,1283,李凌丰,2018-02-01 04:53:08,3,3,0,很和蔼的老爷爷～本以为要挂了却给了比较满意的成绩，真的感谢?
73159,1283,李凌丰,2018-02-01 04:57:08,1,1,0,李爷爷炒鸡可爱www讲课很耐心
73164,1283,李凌丰,2018-02-01 05:19:39,4,4,0,几乎每节课上完都会表白一次李爷爷ww\n\n最后因为太羞耻了只拿了合照没有去拿签名，到后来每节课都会听得越来越认真，我真的会很舍不得这么可爱这么好的老师的吧。\n\n多说一句，自以为工图重在理解每个小细节背后的实践意义，我们所做的一切都是有原因的——这样看的话，每种画法里面奇奇怪怪的要求就不会晦涩难懂，工图的庞大世界也一点点变得充满魅力了。可惜我到很后来才理解到这一点。\n\n最后  在这里再表白一次李爷爷♡ \n\n
73165,1283,李凌丰,2018-02-01 05:20:44,1,1,0,很nice的一个老爷爷啦～只要你认真完成每次作业，最后绩点会给你一个surprise的！强推！
73201,1283,李凌丰,2018-02-01 07:08:21,0,0,0,一切都可以概括成三个字：好老师
73264,1283,李凌丰,2018-02-01 08:58:23,0,0,0,很不错的，作业多，讲的清楚。\n\n
74496,1283,李凌丰,2018-03-01 12:21:14,2,2,0,李爷爷超级超级温油哦！考前还给划范围，题型。不过工图听课率不太高…
74886,1283,李凌丰,2018-03-06 09:03:01,2,2,0,耐心收获多让人心静下来
75284,1283,李凌丰,2018-03-08 13:35:47,5,5,0,特别喜欢李老师，李老师是个超级可爱的老头儿，人超好，给分很好很好，很耐心，机械制图预知的不是老师的课，疯狂修改选课志愿，但还是没选上，真的很想李老师。真心好老师!强烈推荐!
77945,1283,李凌丰,2018-05-09 01:47:45,4,4,0,老师真的很好，讲课有耐心，人真的超级和蔼，听着老师说话超级舒服，另外给分也很好
77955,1283,李凌丰,2018-05-09 03:08:25,3,4,1,上课有点平淡，考前还有好多作业，但是老师真的很耐心，给分又超级好(✪▽✪)
78064,1283,李凌丰,2018-05-09 07:56:13,1,2,1,温柔耐心，给分好
78066,1283,李凌丰,2018-05-09 08:01:09,2,3,1,(;´༎ຶД༎ຶ`)当你的学生真是太好了
78067,1283,李凌丰,2018-05-09 08:06:46,2,3,1,给李爷爷打call！欧李爷爷的猪脚也超级好！
78116,1283,李凌丰,2018-05-09 11:05:07,2,2,0,我遇到第一个想来评价的老师，非常和蔼，给分也很好。原来机械学院也有很好的老师。
78219,1283,李凌丰,2018-05-10 05:01:29,1,1,0,表白李凌丰！！！\n\n哇人帅又可爱又没有架子交作业时间又随意还有答疑\n\n关键！！\n\n给分还这么好\n\n真的要给你一万个mua了！！！\n\n完全不害羞的！！！
79083,1283,李凌丰,2018-05-22 09:12:34,1,1,0,给分高，态度好
80354,1283,李凌丰,2018-06-25 12:04:02,1,1,0,超好的老师 给分不错
80355,1283,李凌丰,2018-06-25 12:05:45,4,5,1,温柔得令人感动\n\n给分炒鸡好什么都不会拿了94(⁎⁍̴̛ᴗ⁍̴̛⁎)
85085,1283,李凌丰,2018-07-15 09:22:03,1,1,0,非常有趣的老师，脾气温和性格超级\n\n不是小老头，不是小老头
85548,1283,李凌丰,2018-07-19 07:58:01,2,2,0,上课认真给分好，难得的好老师
93308,1283,李凌丰,2019-01-09 03:03:29,2,2,0,是非常好的老师，耐心和蔼，讲课温柔认真。
99600,1283,李凌丰,2019-01-26 23:11:48,16,16,0,老师超级棒！年轻的时候肯定颜值超高hhh 上课认真耐心 平时小测有道题我基本都错他也给了我大半分！经常看见老师带着外孙女逛学校哦 也认得我哦 超级喜欢老师！ 给了我4.5！除了体育以外我最高的绩点！
100777,1283,李凌丰,2019-01-27 00:07:57,2,2,0,谢谢老师，换了老师必挂无疑
100782,1283,李凌丰,2019-01-27 00:18:56,1,1,0,个人觉得在他眼中不挂应该就有3.6
100787,1283,李凌丰,2019-01-27 00:25:16,1,1,0,老师太好了啊！！超级可爱的
100790,1283,李凌丰,2019-01-27 00:33:24,1,1,0,太好了啊啊啊啊啊啊啊史上最高了
100803,1283,李凌丰,2019-01-27 00:57:56,3,3,0,李爷爷超级温柔可爱\n\n给分巨好无比啊，本来以为工图要挂了，结果是本学期最好绩点，( ｰ̀дｰ́ )菜鸡溜走了
100813,1283,李凌丰,2019-01-27 01:08:02,1,1,0,超级可爱的一个小老头！上课很耐心，偶尔会给你来个笑话，给分超级好！另外老师年轻的时候肯定超帅！
100849,1283,李凌丰,2019-01-27 02:57:41,2,3,1,大二补工图\n\n平时没看过书\n\n因为考试多最后只给了工图两个小时复习\n\n最后出的成绩超出预期\n\n毕竟没有付出很多，真心感谢老师\n\n
100854,1283,李凌丰,2019-01-27 03:06:23,3,3,0,超级好的一个老师，自己期末工图爆炸了，以为要挂，结果老师还是给了及格分，唉，绩点低是自己的问题了。
101093,1283,李凌丰,2019-01-27 12:53:23,4,4,0,李老师真的超级好了！期末考基本功爆炸，感觉老师就了我！老师是一个非常和蔼的小老头，经常在食堂看见老师还有他的小外孙女还不是孙女！老师真的超棒！
102103,1283,李凌丰,2019-01-30 12:39:24,1,1,0,老师帅哭了！！老师给分好哭了！！
103688,1283,李凌丰,2019-03-04 07:33:13,1,2,1,老师太可爱了！！！！\n\n字写的超级好看
104564,1283,李凌丰,2019-03-23 16:51:43,7,8,1,对于我这个空间思维为零的人来说，听老师讲一节课胜似自学一天。
106461,1283,李凌丰,2019-04-27 14:45:52,1,1,0,老师真的超级好\n\n
106462,1283,李凌丰,2019-04-27 14:53:59,2,2,0,老师挺好的，非常愿意帮我们解答问题，虽然被卡绩了，依旧给10分
106473,1283,李凌丰,2019-04-27 16:01:27,1,1,0,老师给分超级好，性格也超温柔的
106480,1283,李凌丰,2019-04-28 00:23:56,1,1,0,超级棒
106575,1283,李凌丰,2019-04-28 07:01:30,1,1,0,虽然卡绩，但还是要来给我们大帅哥给10分！！！
109134,1283,李凌丰,2019-06-09 16:03:16,-39,2,41,在这位老师手底下干活，水平一言难尽，做人感觉很虚伪
109759,1283,李凌丰,2019-06-19 05:22:50,3,3,0,和蔼可亲。
109888,1283,李凌丰,2019-06-20 04:42:33,9,9,0,李爷爷太可爱啦！总会自己害羞地笑一笑！人又帅又温柔，总得来说——超！级！好！工图和CAD都是李爷爷的我真的太幸运了?
110009,1283,李凌丰,2019-06-21 06:23:12,7,7,0,快大三了！又想李爷爷了，来看看，真的好亲切呀~祝您身体健康，工作顺利ヾ ^_^♪
110404,1283,李凌丰,2019-06-26 11:01:32,18,19,1,"楼下那位""在老师手底下做事""的，若您真是他带的研究生且李老师真的像您说的那么不堪，请拿出相关证据到有关部门去diss，而不要在这个平台上中伤一位温柔，细心而高水平的好老师。"
111099,1283,李凌丰,2019-06-29 15:52:13,3,5,2,很可爱很可爱！
111620,1283,李凌丰,2019-07-13 04:50:16,7,9,2,下午一二三节课，体验是容易犯困……但或许是时间的问题吧。老师有点呆萌，考前一本正经地强调“只会考试不行，但不会考试什么也不行”hhhh。另外歪个题，老师高鼻梁有点欧洲气质，帅的。---出分了，惊了。再加一条，给分好，真的是唯一超出我预期的课，感谢老师捞人之恩。
112022,1283,李凌丰,2019-07-03 08:07:17,8,10,2,数分已然爆炸 求李爷爷捞捞吧? 不想退院
112111,1283,李凌丰,2019-07-03 15:14:09,6,6,0,进大学以来的接触的第一个老师，非常符合我对大学教授的期待
113755,1283,李凌丰,2019-07-07 08:52:04,5,6,1,他萌我困
113845,1283,李凌丰,2019-07-12 00:21:12,1,3,2,谢谢老师给我这学期除体育以外最高的绩点
114024,1283,李凌丰,2019-07-08 10:55:56,5,5,0,虽然没出分但也想来评价一下！老师超级帅，骨相太好啦！简直和欧洲文艺复兴时期的雕塑一样完美好吗！！！人也很可爱！课比较水，作业和期中都不太难，导致期末考的很自闭...（期末考刚发试卷的时候老师还说：这个题目有点多，先挑自己会的写...?）希望老师可以捞我
114783,1283,李凌丰,2019-07-11 17:11:55,3,3,0,因为没挂 给老师十分 顶?
114795,1283,李凌丰,2019-07-11 20:37:28,4,6,2,老师太棒了！！！绝对10分！！！老师是个特别可爱的人，还经常在食堂碰到李爷爷！
114910,1283,李凌丰,2019-07-12 16:55:53,1,3,2,李老师炒鸡好!谁上谁知道
118192,1283,李凌丰,2019-10-22 13:09:23,1,2,1,老师超细心超和蔼，听他的课很舒服
119365,1283,李凌丰,2019-11-12 09:55:42,1,2,1,最好的老师，没有之一
122629,1283,李凌丰,2020-03-09 07:29:45,0,2,2,和蔼可亲，条理清晰。
122630,1283,李凌丰,2020-03-09 08:23:12,0,5,5,建议工图学不会的早点转cs，要不然后面工程训练恶心死你，咱就不是学电气机械的这块料呀。
122807,1283,李凌丰,2020-04-08 07:44:59,-3,2,5,真的是一个德才兼备的好老师
125927,1283,李凌丰,2020-09-16 00:06:30,0,6,6,为什么今年李老师给分这么差呀
127148,1283,李凌丰,2020-11-11 00:31:44,2,2,0,超级棒
128524,1283,李凌丰,2020-12-23 14:00:26,0,2,2,非常非常好的老师
129851,1283,李凌丰,2021-01-13 03:53:57,0,1,1,考前祈福 求求不要把我挂了
132435,1283,李凌丰,2021-02-01 15:01:11,0,2,2,老师讲课很形象，给分也超好！
132507,1283,李凌丰,2021-02-02 04:34:18,1,3,2,好老师好老师吹爆吹爆
132603,1283,李凌丰,2021-02-02 15:40:12,0,7,7,作业量适中，讲的很仔细，回答问题很温柔\n\n超级棒的老师！我一般都听的比较认真，所以可能被老师注意到了。上课走神的时候他会温和的看我一眼，我就马上能专注听课了。表白表白表白\n\n课业压力不算大，4.8绩点
133446,1283,李凌丰,2021-03-01 01:05:19,1,4,3,给分很高，上课认真。很绅士很帅的老师。妥妥10分
134803,1283,李凌丰,2021-04-15 12:50:23,0,2,2,超级好的老师
135350,1283,李凌丰,2021-05-08 09:31:20,2,5,3,老师真的很好\n\n很耐心很可爱给分也很好
136212,1283,李凌丰,2021-06-13 01:18:26,2,3,1,讲课风格温和
137102,1283,李凌丰,2021-07-01 05:24:25,1,5,4,和蔼可亲，讲课超级仔细，去问问题会很耐心地解答，有老教师授课的优雅和美学，给分也超好，吹爆！
138044,1283,李凌丰,2021-07-07 07:08:59,1,6,5,不光老师人好，助教小哥哥也是个很暖心的人
144254,1283,李凌丰,2021-12-21 02:52:56,1,5,4,老师真好
146889,1283,李凌丰,2022-01-08 02:33:12,10,13,3,超级超级喜欢李凌丰老师 很和蔼 讲的也很好 可惜自己平时没花太多时间在工图上 感觉有点对不起这么好的老师 给个十分吧 希望能顺利通过
149776,1283,李凌丰,2022-01-17 02:30:38,6,14,8,老师人很好，但给分真的很一般…\n\n大概不调分吧
149781,1283,李凌丰,2022-01-17 03:09:17,5,8,3,老师很和蔼，课讲得很细，课后可以提问，作业也可以补\n\n虽然我被卡绩了（哭）但还是打十分
149837,1283,李凌丰,2022-01-17 08:11:48,2,8,6,感谢老师捞我一把
158098,1283,李凌丰,2022-06-27 04:06:47,3,9,6,给分一般
158122,1283,李凌丰,2022-06-29 10:14:40,2,11,9,给分很差
158170,1283,李凌丰,2022-06-27 09:26:17,-13,5,18,学弟学妹们避雷
159953,1283,李凌丰,2022-09-09 16:38:22,-5,5,10,给分不好
160908,1283,李凌丰,2022-10-19 05:58:19,7,7,0,老师讲课很细致，有不懂的地方也会仔细解答，作业其实也不是很多，只要抽时间写就好了
171924,1283,李凌丰,2023-04-12 14:41:51,9,9,0,老师人真的很好，对作业不强求，可以拖很长时间再交，讲课也还是挺细的
172065,1283,李凌丰,2023-04-18 11:12:10,0,4,4,作业要花费的时间比微积分+大雾+常微分还多得多，如果本来就很忙的话不推荐
172542,1283,李凌丰,2023-04-29 09:46:23,2,3,1,老师给分别太好了我说，作业蛮多的但是真的学到了很多，期末不咋会画但是被捞到很高（对我来说），都选这个老师呜呜呜
174176,1283,李凌丰,2023-06-07 04:21:12,4,4,0,太亚撒西了
177279,1283,李凌丰,2023-07-02 14:22:23,2,2,0,老师你是我的神，能不能不给我挂课啊🙏🙏🙏
181981,1283,李凌丰,2023-11-07 07:04:42,10,10,0,非常和蔼的老先生
184437,1283,李凌丰,2023-12-19 15:19:50,9,9,0,很好的老师\n\n很和蔼的老头\n\n或许因为年纪大了，可能声音有点小，但是很好啦\n\n我学的不好纯纯是因为我菜 呜呜呜
189422,1283,李凌丰,2024-01-24 04:17:41,7,7,0,给分很好，很幽默，而且对每一个学生态度都很好。经常在食堂看到他，跟他打招呼，他都会停下来对着我鞠个躬。
189689,1283,李凌丰,2024-01-27 01:59:18,5,5,0,对同学很温柔耐心，对教学很严谨认真。\n\n上课不点名，比较幽默。（就是声音可能偏小一点）\n\n作业量可能略大，但平时好好学作业好好写给分相当不错。\n\n很负责，很可爱，很好的一位老教师。
190223,1283,李凌丰,2024-02-26 04:58:17,2,2,0,很好的老师，使我工图不挂科。
191943,1283,李凌丰,2024-05-06 03:00:31,4,4,0,很好的老师，作业ddl很宽松
193027,1283,李凌丰,2024-06-02 16:20:50,3,3,0,给分好
193112,1283,李凌丰,2024-06-03 15:30:27,1,2,1,谦谦君子
195947,1283,李凌丰,2024-07-01 02:24:42,8,8,0,真神，一学期一次名也没点过，期中考了70多想着这门课可能要暴死了，结果最后被捞到4.5，\n\n硬要说缺点的话有两个：\n\n1：老师年纪大了，上课讲课有时候没对着话筒，听智云会有点难受\n\n2：作业量对比其他班级相对较多\n\n但这又有什么呢，老师人品好，讲课好，真的捞，yyds只能说
201723,1283,李凌丰,2024-11-05 15:56:23,0,1,1,感觉emmmm有点小固执有些题目明显答案错了问他他还觉得我错了让我去看书（最后还是我对的，不知道给分怎么样，感觉有点让人不舒服
206714,1283,李凌丰,2024-12-17 08:06:59,2,2,0,李老师真的很好，但是求你救救我～
207143,1283,李凌丰,2024-12-19 11:34:31,3,3,0,虽然我上课不听，但是老师人是真的好，讲课很有耐心也很全面，对同学非常宽容，力推！！！！
212820,1283,李凌丰,2025-01-15 03:53:15,5,5,0,义父啊！！！😭
212864,1283,李凌丰,2025-01-15 05:50:55,3,3,0,捞人滴神！！！（至少对于我这种担心不及格的给分相当好）
212875,1283,李凌丰,2025-01-15 06:40:19,3,3,0,李老师人很和蔼！字很好看！回答问题很有耐心！给分也很不错！
213037,1283,李凌丰,2025-01-15 23:56:44,2,2,0,义父啊🤩🤩🤩，期中才考70，期末最后总评给我拉到了89，4.5！
214694,1283,李凌丰,2025-02-17 00:52:36,0,0,0,李老师超级好，问问题都会耐心回答，助教也很好
2105,1313,黄长林,2015-04-01 12:06:11,59,81,22,老师人很好，讲课很nice
3029,1313,黄长林,2015-05-13 05:15:07,18,27,9,非常好的老师   很喜欢  有幸工图机图都跟着他
3455,1313,黄长林,2015-06-16 02:59:47,19,30,11,老师萌萌哒！
4033,1313,黄长林,2015-06-17 14:47:54,2,11,9,细心，脾气好，可爱的大叔
5047,1313,黄长林,2015-07-02 13:28:49,14,22,8,好老师对学生超好，浓浓师生情求保佑不挂
5814,1313,黄长林,2015-07-09 13:24:19,2,9,7,老师讲的很不错  力荐
6119,1313,黄长林,2015-07-11 04:38:26,6,17,11,课讲得不错，但是给分太低
6144,1313,黄长林,2015-07-14 06:15:44,-4,6,10,呵呵
7774,1313,黄长林,2015-09-15 13:19:08,1,3,2,好
7775,1313,黄长林,2015-09-15 13:19:14,-8,4,12,给分无语
8154,1313,黄长林,2015-09-17 07:06:31,1,4,3,好老师
9252,1313,黄长林,2015-10-19 02:09:46,1,3,2,人不错
12054,1313,黄长林,2015-12-21 15:09:05,0,2,2,讲得挺仔细的
13047,1313,黄长林,2015-12-24 15:44:09,1,4,3,好好人\n\n
13089,1313,黄长林,2015-12-25 00:13:01,1,4,3,真心不错。
13187,1313,黄长林,2015-12-25 05:44:01,0,3,3,人很好，知识点讲的也很明白。有时还很幽默，好老师，选了不后悔
13616,1313,黄长林,2015-12-30 05:25:57,0,4,4,人很好！
14273,1313,黄长林,2016-01-06 03:57:57,40,55,15,一开始是感觉提不起兴趣看，后来疯狂的喜欢上老师上课，画完图后露出那菊花般的微笑！！！炒鸡喜欢的！！！
14582,1313,黄长林,2016-01-08 01:13:16,3,7,4,老师讲课很文雅，讲的挺好的人也很好
17508,1313,黄长林,2016-01-20 10:16:17,0,4,4,这老师，贼好
19329,1313,黄长林,2016-01-24 01:50:18,-3,1,4,很好的老师啊
19552,1313,黄长林,2016-01-24 16:00:02,-3,1,4,挺好！
19984,1313,黄长林,2016-01-26 00:16:48,-3,2,5,真心好老师，nice，给分也高。
20248,1313,黄长林,2016-01-26 16:07:35,4,10,6,虽然我工图炸掉了，但是老师真心是好老师
20600,1313,黄长林,2016-01-29 01:57:34,1,6,5,很好，很可爱，讲课很清晰还略带幽默
20671,1313,黄长林,2016-01-29 14:52:23,-1,3,4,老师看着顺眼，萌萌的，讲课很清晰，人也不错，给分好
21538,1313,黄长林,2016-02-29 06:41:07,-1,1,2,人很风趣，而且也很随性
22063,1313,黄长林,2016-03-02 08:31:17,-3,0,3,很开心
22735,1313,黄长林,2016-03-10 08:33:12,-1,2,3,讲课好，问题从来细致认真。给分当然也很好
24626,1313,黄长林,2016-05-02 10:45:36,4,9,5,给分无语
25377,1313,黄长林,2016-05-16 09:44:20,0,2,2,很认真，很好玩，讲课很清楚
26748,1313,黄长林,2016-06-21 04:44:23,0,3,3,很棒的老师，上课很清晰，知识点非常详细！
27236,1313,黄长林,2016-06-24 01:35:30,-1,3,4,讲得很好。
28690,1313,黄长林,2016-06-28 12:23:29,0,4,4,炒鸡棒的老师 人很好很好 作业忘带了n次到后来都不好意思去找老师说 结果老师很萌的说 没关系下次交好了（结果拖到了最后一次上课才交Orz）\n\n好萌的老师 非常好说话 很体恤学生！
29268,1313,黄长林,2016-06-29 13:58:33,-2,7,9,给分哪里好了！？只是让你不补考而已…\n\nlaji工图毁我青春
29269,1313,黄长林,2016-06-29 14:00:06,-2,2,4,老师真的很好！ 其实给分也蛮好的，分数高低还是要看个人
29313,1313,黄长林,2016-06-29 14:55:16,1,4,3,给分惊为天人…
29430,1313,黄长林,2016-06-29 22:56:08,-1,3,4,老师超级萌，各方面都让人很有亲近的感觉，讲的也很清楚有条理【尽管我工图很炸但还是很喜欢老师】
29460,1313,黄长林,2016-06-30 00:23:27,-2,2,4,讲课非常清晰，期末给分公道！
29518,1313,黄长林,2016-06-30 02:14:03,-1,2,3,上课挺有趣的
32405,1313,黄长林,2016-07-06 14:03:02,1,6,5,给分不好
33371,1313,黄长林,2017-01-06 05:21:56,-1,1,2,硬却失挺
33487,1313,黄长林,2016-09-19 15:45:22,-1,4,5,遇到这样的老师是我的幸事。只能这么说。
35912,1313,黄长林,2016-11-10 08:51:31,-1,1,2,讲的很细致
35936,1313,黄长林,2016-11-10 08:57:47,-1,1,2,印垂四汀
39255,1313,黄长林,2016-12-22 00:38:01,0,3,3,老师很认真，但是我并不觉得有趣……\n\n
41220,1313,黄长林,2017-01-10 05:54:38,3,8,5,没毛病
41417,1313,黄长林,2017-01-11 11:22:45,-2,3,5,最好的老师没有之一
45351,1313,黄长林,2017-01-19 12:26:24,23,28,5,老师特别文雅！！年轻的时候一定是校草。
45450,1313,黄长林,2017-01-19 14:39:16,4,10,6,工图的课老师讲得很清楚很细致，就是进度太慢了。给分看各人的，蛮公道的
45483,1313,黄长林,2017-01-19 15:17:32,16,21,5,Hhhh画完图以后笑得跟朵菊花似的超可爱的大伯。会讲很有意思的但是很冷的段子hh老师很棒啊。用心会有好绩点的！
45671,1313,黄长林,2017-01-20 02:34:01,3,9,6,讲课讲的细致，给分也可以，考试时cad没有讲还专门来告诉我们不用做，挺好的老师。
45972,1313,黄长林,2017-01-20 10:25:48,8,16,8,工图两次小测4道题就作对1道，期末认真做了好久，最后4.8。老师人很好，讲课会有些小段子，讲的也很清楚，作业不多，大图只画一张，我的分数可以看出来老师给分还是很好的。值得一选。
46320,1313,黄长林,2017-01-21 08:25:43,-2,5,7,老师敲极棒的啊给满分！
46361,1313,黄长林,2017-01-21 10:49:31,2,4,2,作业不多，上课比较细，讲的有点慢，给分不好。
47663,1313,黄长林,2017-02-15 04:15:19,16,22,6,老师讲的不能再细，绝对好老师，作业也不多，一学期才一张大图，自己努力就好
47968,1313,黄长林,2018-05-13 08:15:39,-29,4,33,满绩路过
49972,1313,黄长林,2017-04-28 02:01:35,0,7,7,平时测验完全不会做，作业也基本是对着答案画，但是期末之前真的认认真真地复习，刷完了一本习题集，最后4.5，虽然不是太高，但是在上学期在微积分线代史纲思修全线炸了的情况下。。真的很高兴！！这次cad冲着黄哥选的课，结果发现换成了金逸峰。。我想念我黄哥菊花一般的笑容啊……表白黄哥
50505,1313,黄长林,2017-05-03 08:02:06,0,4,4,老师很棒棒哦，很可爱很友善的老人家。这里均绩有些低不过最后得分还是看个人啦。推荐大家选黄老师。
52963,1313,黄长林,2017-06-24 07:47:15,1,3,2,上课很好。给分可能不太好，可能是我水平太差
54014,1313,黄长林,2017-07-07 12:48:08,2,11,9,答疑超级敷衍，当面找不到人，qq也不会回
55552,1313,黄长林,2017-07-02 01:30:32,-2,1,3,老师讲课很清楚，人也很和蔼。是我大学里第一门不舍得结束的课
56179,1313,黄长林,2017-07-03 07:48:35,-9,5,14,认真上课分会高的。一开始我也在查老师看到黄老师班的均绩比金逸峰老师班的均绩低了0.5，心里有点忐忑。但是最后还是拿到了4.5
61193,1313,黄长林,2017-11-10 13:28:46,0,3,3,很喜欢老师的课啊
64057,1313,黄长林,2017-12-20 23:25:48,1,4,3,黄老师超级慈祥超级负责！！作业全都是他自己批改的！！很认真！！每次都坐第一排，但是学不学得好。。还是靠自己
66435,1313,黄长林,2018-01-16 10:35:01,0,3,3,超级棒的老师
73249,1313,黄长林,2018-02-01 12:24:30,1,3,2,嗯老师挺好但是工图没学好
73369,1313,黄长林,2018-02-01 12:29:28,-3,1,4,很适合学生。
73373,1313,黄长林,2018-02-01 12:45:15,6,9,3,老师真心好，唯一的缺点是不带模型，就在讲紧固件的时候带了，这门课真的贼难，难过微积分。。。。3.3暴风哭泣(´;︵;`)
73380,1313,黄长林,2018-02-01 12:50:54,0,3,3,非常慈祥和蔼的老师～～～比心比心～\n\n讲课非常清楚，节奏上很照顾我们这种空间想象能力不太好的学生～\n\n虽然最后成绩一般般，但是毕竟是因为自己没考好。还是非常庆幸工程图学这门课能选上黄老师！
73395,1313,黄长林,2018-02-01 13:22:49,2,4,2,上了一学期的课，其实我不大懂为什么大家对黄老师评价这么高…人是很和善的一个人，然而我并不觉得他讲课好在哪里…感觉普普通通？可能是我身在福中不知福吧…绩点低是低了点，但也只能赖自己辣鸡。
73565,1313,黄长林,2018-02-02 03:40:51,3,6,3,老师真的讲得很细很好\n\n但可能是个人原因：每次我认真听，就会犯困，上课时自己看看书还好一点，感觉对不住老师\n\n期末分数还蛮高
74116,1313,黄长林,2018-02-05 09:27:58,4,7,3,老师讲课让我觉得工图并没有之前听别人说的那么难，虽然内容比较枯燥，但是平时作业认真写期末考应该不会挂，给分挺好，尤其是作业，我本来以为每个星期一次工图作业要画两个小时挺多的，后来对比其他工图老师才发现黄老师的作业是真心算很少的了
81030,1313,黄长林,2018-07-03 11:20:28,0,3,3,虽然工图考崩了，但老师真的很棒很幽默很耐心
83174,1313,黄长林,2018-07-10 01:06:29,1,4,3,只能说，以后再也不敢看评分选老师了，有点垃圾啊！
83745,1313,黄长林,2018-07-11 06:52:03,13,17,4,人好，绩杀
85752,1313,黄长林,2018-08-02 04:36:18,0,6,6,不敢看评分选老师了，选到这个垃圾
86144,1313,黄长林,2018-09-08 04:29:57,-7,2,9,垃圾老师，上课无聊，不理解哪来那么高分?
86809,1313,黄长林,2018-09-19 01:55:40,-2,0,2,，，，
87611,1313,黄长林,2018-10-08 07:23:13,1,2,1,超友善的老师，而且必修工图的同学一定要在大一就把它上了
87638,1313,黄长林,2018-10-09 01:39:34,2,3,1,怎么说呢，老师人很好啊
89396,1313,黄长林,2018-11-19 02:58:36,-3,3,6,阴腔怪调
95347,1313,黄长林,2019-01-19 08:47:22,0,1,1,很耐心
96389,1313,黄长林,2019-01-28 01:08:19,-5,8,13,老师给分太差，不过这学期总算熬过来了，不用和材料那群SB一起上课了，太好了
100131,1313,黄长林,2019-01-25 15:26:39,-3,2,5,给分烂，而且讲的也没什么好的吧?因为微笑像菊花就给好评有点过分了。。
100949,1313,黄长林,2019-01-27 07:46:44,2,3,1,谢谢老师不挂之恩\n\n
100995,1313,黄长林,2019-01-27 08:50:35,2,2,0,老师很负责
101341,1313,黄长林,2019-01-28 04:50:59,2,5,3,其实讲得真的也没多好 不知道分为什么这么高 努力认真听课还是学不明白 考试也考不明白 最后喜提历史新低绩点 想哭
102531,1313,黄长林,2019-04-25 12:51:19,36,56,20,一切都是缘分\n\n让我遇到了黄老师\n\n还有我的女盆友\n\n(●'◡'●)ﾉ❤
102536,1313,黄长林,2019-04-22 02:46:03,35,46,11,黄老师上课一直会蜜汁微笑呢…很慈祥的感觉。QQ上问他问题也会及时答复，我绩点低是因为是我自己学的太差了，不怪老师…不过一切都是缘分，因为在黄老师的课上遇到了我的男盆友~\(≧▽≦)/~
102813,1313,黄长林,2019-02-23 13:15:18,0,0,0,，，，
102874,1313,黄长林,2019-02-24 13:24:11,1,1,0,呜呜呜不想说话
103616,1313,黄长林,2019-03-02 10:12:10,3,3,0,笑容很灿烂，能扫清你心中的阴霾。但是给分不高。
105043,1313,黄长林,2019-04-03 01:42:10,-5,4,9,SB不解释
105415,1313,黄长林,2019-04-12 03:27:48,5,6,1,给分真的不好，慎选....
105553,1313,黄长林,2019-04-16 14:04:26,2,2,0,学霸可选，学渣慎选，反正他可能就当你什么都知道这样讲课了，对一般人我觉着不大友好
105811,1313,黄长林,2019-04-25 06:42:39,0,2,2,...
105851,1313,黄长林,2019-04-22 02:48:07,7,12,5,黄老师人很和蔼、善良、端庄、稳重、英俊，讲课循循善诱、有理有据、鞭辟入里、入木三分，绩点给得很高，没有让我挂科。
106151,1313,黄长林,2019-04-25 09:35:44,4,6,2,虽然屁事没有 但给分是真的差
106184,1313,黄长林,2019-04-25 12:35:18,5,6,1,给分是真的垃圾
106191,1313,黄长林,2019-04-25 12:57:09,12,25,13,黄老师的给分虽然硬核但是课还是不错的！\n\n\n\n哦对了，秀恩爱的那对，祝你们好聚好散
106298,1313,黄长林,2019-04-26 08:34:31,10,16,6,从这次经历中我得到了教训，以后真的不能只看评分选老师，真的，恭喜自己喜提新绩点，比大英还要差，特别难受
108103,1313,黄长林,2019-05-15 02:23:35,-50,3,53,真心搞不懂，为什么把我卡在4.2，有病吧？给个4.5会死吗
114132,1313,黄长林,2019-07-09 00:50:14,0,7,7,给分是真的不给调，老师自己说自己根本没听说过调分这件事……真的无语 千万别选  谁选谁后悔
114184,1313,黄长林,2019-07-09 03:33:33,0,1,1,。。楼上实话。已经没几个分了还要卡绩。怕是真的拿着卷面分加的总评。
114243,1313,黄长林,2019-07-09 08:55:05,-2,0,2,给分是真的差 创新低 估计期中考的分也是实打实地扣光了 平时分也没什么情面
114776,1313,黄长林,2019-07-11 13:38:15,0,0,0,和蔼可亲好老师
116765,1313,黄长林,2019-09-15 10:22:05,0,0,0,还行吧
121688,1313,黄长林,2020-01-21 01:17:32,1,2,1,感谢老师不挂之恩！！！
121712,1313,黄长林,2020-01-21 05:27:15,6,6,0,老师人还可以，比较温柔，但是有点绩杀，期末考被卡绩了，难受啊
121732,1313,黄长林,2020-01-21 09:00:28,3,3,0,老师人很好，有什么不懂的大胆私戳老师去问老师全部都会很快回答而且一直追问也没关系，而且比我的室友老师作业少很多，觉得是好的老师了
128869,1313,黄长林,2020-12-26 07:42:10,0,1,1,还好还好哈还好还好哈还好还好哈还好还好哈还好还好哈还好还好哈哈哈哈
130016,1313,黄长林,2021-01-15 03:21:57,0,1,1,没出分之前来评价了，老师还是很负责的，作业也不多，教的也很实在，还是很有趣的！
132229,1313,黄长林,2021-01-31 06:52:40,-9,4,13,课程很难，老师很好。有的同学绩点低，如果是实在掌握不好也只能怪课程了，确实节奏快内容难。好好学还是可以的，4.8到手。
132232,1313,黄长林,2021-01-31 07:13:48,1,1,0,超级棒的老师哦(*^ω^*)
132233,1313,黄长林,2021-01-31 07:22:02,1,2,1,作业相比别的班是真的少，虽然课很难，但是认真学就没什么问题
133065,1313,黄长林,2021-02-07 12:06:16,1,2,1,上课极好，但给分不太好
135316,1313,黄长林,2021-05-08 05:06:21,1,1,0,发信息会秒回，认真负责，事情也少。但是，这个给分。。都是泪
136317,1313,黄长林,2021-06-16 07:33:03,2,5,3,如果是大一或大二小朋友看到这条，放一万个心吧，黄长林老师就是永远的神。也请你上课认真听讲，有多少机械方向的学长学姐就是因为低年级不好好学机械基础课，后面吃尽苦头的。
138459,1313,黄长林,2021-07-09 09:40:14,6,6,0,求是之神
138581,1313,黄长林,2021-07-10 02:26:25,0,2,2,呵呵呵呵
138659,1313,黄长林,2021-07-10 07:16:34,3,4,1,工图H:老师是非常好的老师，可惜工图我是真的不喜欢...而且老师语速比较慢，再加上是下午678节上课，总是昏昏欲睡\n\n给分非常求是，平时分不会给满甚至会比较低，如果期末考试再裂开，老师又按卷面打分，会喜提绩点新低\n\n虽然不知道混合为什么要学工图，但是如果不想拿1.x、2.x的绩点还是稍微学一下吧......至少作业最好自己写，考试前好好复（预）习。
139283,1313,黄长林,2021-07-14 04:40:14,1,1,0,不点名但是也不捞人，上课的水平嘛。。大学老师都差不多的，好的老师大家上课也不听，建议选隔壁其他老师
139572,1313,黄长林,2021-07-17 11:30:20,1,1,0,求是（中性词）\n\n对我这样空间能力很菜并且因为专业无关不想花时间的混合同学来说绩点低应该是必然···\n\n上课的话，感觉重点都讲的挺清楚的\n\n平时分按照作业、期中来打，作业做得差会扣一些（可以···）\n\n但老师人很好，问问题都会很耐心，有一次作业交错了之后补交也没影响（感谢）\n\n期末考出来出乎意料的差，问了老师，甚至把错的地方全都告诉我了，虽然自己成绩很差，但是对老师充满敬意。
141499,1313,黄长林,2021-10-12 07:58:13,0,0,0,黄老师人很可爱，上课也蛮详细的，很喜欢，只是上午上课好困啊，根本听不进去啊……
148436,1313,黄长林,2022-01-12 12:47:03,2,2,0,工图 平时作业打分挺严的\n\n期末本来以为要挂了 结果出来竟然3.6(\n\n老师会教会考solidworks 有兴趣的可以来学 上点儿心的话这10分还是很好拿的
149082,1313,黄长林,2022-01-14 10:27:20,4,5,1,怎么说呢，老师水平挺高的，然后也挺求是的。\n\n平时作业都要好好做！\n\n上课也要好好听！\n\n考试前一定要做做习题集甚至是历年卷子（老师的作业不多，甚至可以说是很少了，所以自己一定要下功夫，基础比较差的更要多去画图、多去做题）！\n\n老师人真的很负责，很有水平，还教了我们SolidWorks这种实用性更强的软件，是他的独到之处。\n\n最后就是工图本身就是一门很难的学科（至少在我这种空间想象能力渣渣面前是这样的），更多的还是要靠自己练，好好悟，得下大功夫才能学好的一门学科。\n\n大家选到了黄老师的课其实也没必要换了，老师很不错的，想拿高绩点自己加油学才是正道！\n\n（出了工图后平均绩点被拉低了0.2分，但主要还是在我自己，毕竟一来基础不好，高中通技就很烂，二来这个学期也没有好好学这门课，唉……）
149098,1313,黄长林,2022-01-14 11:28:40,0,1,1,高中通技抓瞎选手真的很感谢遇上好老师！老师笑的很灿烂，方法讲得很到位，板书也超级漂亮。老师布置的作业可以看出来是作业本里精选过的，很用心。课程最大特色是教solidworks。最后绩点虽然不高，但感觉真的学到东西了。
149182,1313,黄长林,2022-01-14 16:05:10,3,4,1,老师很好，SolidWorks当时一天晚上速成第二天直接上机考前几个就做完了。对于SolidWorks的考试完全不需要担心，考的模型很基础。老师上课也很好，平时作业算比较严，期末考感觉做的不好还有3.6，挺满足了
150803,1313,黄长林,2022-02-19 00:42:34,0,1,1,工程图学讲得非常好，有很多细节，讲到难点很耐心
154666,1313,黄长林,2022-06-03 04:35:01,-1,2,3,讲课非常细致，还会经常强调重点。另外个人觉得其实给分不差啊
154787,1313,黄长林,2022-06-05 10:12:14,2,7,5,老师作业批的相当差，非常爱挑毛病\n\n请问第一次作业能怎么扣分？\n\n不都按你的要求画的图？\n\n1分
156154,1313,黄长林,2022-06-18 03:32:57,7,7,0,平时分不会给满的，上机考试按时间排，第一名也只给95分（老师：我不打满分的），作业错一点大概就给80，最后也确实一分没调，喜提最低gpa，打开破窗效应。。。
157931,1313,黄长林,2022-06-25 16:00:53,-8,0,8,讲的好，上机课一步步教的基本没什么问题，给分我感觉还可以吧
158296,1313,黄长林,2022-06-28 06:29:25,10,11,1,求是之神。。。实在不知道混合学工图除了拉低GPA有什么用，混合学弟学妹要是觉得自己空间感差建议赶快润到别的老师班，不然可能会喜提一点几的绩点，如果空间感强当我没说。
163882,1313,黄长林,2022-12-16 10:55:32,6,7,1,尽力学了，4.2，能从他的手上拿到4.2，我觉得我能吹一辈子
168398,1313,黄长林,2023-02-15 11:35:26,1,1,0,人很和蔼，但我菜确实听不太懂
169419,1313,黄长林,2023-02-26 05:30:29,7,10,3,黄老师是一个讲课非常细致但是没有年轻老师的激情的老师，我上课并不能很好的集中精力听他讲课，因为他说话比较平淡，但是如果是和我一样发现自己听课没精神的uu一定要记得上课水过然后回放二倍速。因为黄老师的语速二倍速刚刚好！既能节省时间，又可以集中精神提高效率，然后就是作业一定一定要认真写！黄老师作业不多，所以各位同学一定要好好珍惜作业。这样才可以充分发挥好黄老师的优势。然后呢建议（非常建议）把老师PPT课前预习，认真听老师讲要点，发现自己作业不会写了就要及时联系老师。我前半个学期不听讲，连工程图的定位线还一直画的是虚线，但是下班学期调整了策略，节省了上课时间然后又提高了听课效率，最后4.5结束真的是非常好的结局。
169445,1313,黄长林,2023-02-26 07:50:59,3,3,0,老师很和蔼很负责，工图课上还会讲别的老师不讲的solidworks，真的很实用。\n\n但给分太求是，作业批改很严格，建议搞一份习题答案，独立写完作业后对照一下
169451,1313,黄长林,2023-02-26 08:10:40,2,3,1,太求是了，避雷
169690,1313,黄长林,2023-02-27 11:50:51,5,5,0,给分很求是
171193,1313,黄长林,2023-03-18 03:19:21,5,6,1,给分不好，挂了
172464,1313,黄长林,2023-04-27 08:36:29,2,2,0,想学真知识的选，老师讲的很好。想水或者追求高绩点的慎选，不调分的
172473,1313,黄长林,2023-04-27 11:12:49,1,1,0,给分是真不好，狠狠避雷
176963,1313,黄长林,2023-07-01 01:49:17,5,5,0,给分真的差 慎选
176967,1313,黄长林,2023-07-01 02:10:43,2,2,0,给分真的严...
176997,1313,黄长林,2023-07-01 03:54:29,0,6,6,给分真的不行，讲课虽然不错，但是私以为大学老师给分比讲课水平重要的多得多
177008,1313,黄长林,2023-07-01 04:49:25,1,1,0,没有空间想象能力的别选 老师人不错就是给分太求是
177160,1313,黄长林,2023-07-02 02:25:44,0,1,1,给分求是，但是讲课挺清晰的，老师人也挺好的
177582,1313,黄长林,2023-07-04 00:36:05,5,6,1,上的工图。我觉得努力是有回报的。老师上课讲得很细，作业也是自己一份一份改过去的，就凭这种严谨治学的态度就算他给分不高也值得我的10分。我作业分就80多点，大概排班级后30%的样子，不过作业都是认真做的；期中80左右不知道高不高，solidworks上机考试也没有很早交。但是重点是期末，期末考前复习了一整天，看了一遍截交线和相贯线、尺寸标注、标准件和常用件，重点是看了老师考前发的样卷讲解视频。因为很多人说玄学，我平时也没仔细想过，但是我考前看视频发现其实是有方法的，老师讲得挺清楚，也了解到常考的题型，考试时也都用到了。最后，平时学的会体现在试卷里，老师都可以看出来。一门水过去的通识课满绩，和求是林老师的4.8，显然后者更值得我高兴😍
181066,1313,黄长林,2023-10-07 05:29:29,3,6,3,老师人很好，作业不多，都是自己亲自改过来的，讲课也细致，上课总是会带一种慈祥的微笑哈哈哈哈哈，课前会放视频轻松一下，感觉是又时尚又文雅的大伯（？），消息回复都很及时，很喜欢老师www，听说给分求是，但是还是很喜欢上老师的课！
181638,1313,黄长林,2023-10-25 04:00:38,4,4,0,龄柱 凌锥 凌线 微笑
187733,1313,黄长林,2024-01-17 09:01:43,0,2,2,好老师，但给分真的求是
187752,1313,黄长林,2024-01-17 09:57:53,2,2,0,非常求是，基本不捞，卡绩，平时分赋分很迷，基本全看期末
187839,1313,黄长林,2024-01-17 14:33:42,0,0,0,老师讲课水平真的很高，还能学solidworks，但给分真的很求是。从他手里拿到的4.2能让我开心好久哈哈哈
188011,1313,黄长林,2024-01-18 03:43:52,2,3,1,工图，老师讲得很好，课程安排也很清晰，额外有学solidworks的内容+上机建模考试，给分求是，高绩全靠自己努力，非常看期末考。自己学的很努力辛苦，最后在老师手里拿到4.8，傻笑了一整天，感觉可以吹四年了。
188393,1313,黄长林,2024-01-19 01:58:08,0,0,0,讲课很好能真学到东西，但是也是真不捞，给分很求是
188531,1313,黄长林,2024-01-19 07:27:20,0,0,0,老师是好老师，也不点名，期末会发模拟卷和讲解，但给分很求是，如果空间能力不太行又想成绩好看点的话建议慎选
189413,1313,黄长林,2024-01-24 03:27:29,0,2,2,浙大最好的工程图学老师！！！讲课很好很细节，很负责很耐心。除了不捞（求是）以外，别的真的没话讲，可以学到很多东西
189815,1313,黄长林,2024-01-30 04:45:09,2,2,0,讲得真的很好，从来没有接触过绘图的外省考生也能听明白。刚开始从零开始教，不太会运用，但后面学的内容会反复涉及基础知识，自然也会运用了，所以如果担心的话按部就班慢慢来就好。会教其他老师都不教的SolidWorks，批改作业非常认真细致。作业量不大，虽然拿了几次低分，但给老师面批之后心服口服，最后平时分和大家差距其实也不是很大吧。ppt都在学在浙大上，下载下来很方便看。期末看看ppt，复习下作业，做做老师推荐的书，主打一个领悟。求是林的4.2非常开心开心开心！
190559,1313,黄长林,2024-03-08 11:15:38,0,0,0,不点名，事少，solidworks上机考查的题目难度不算大，人挺和气的，讲课也有条有理很清晰。给分确实一般，幸好我只追求及格
191420,1313,黄长林,2024-04-21 09:20:17,0,0,0,老师人很好，很认真
191615,1313,黄长林,2024-04-26 02:07:07,6,7,1,绩杀毁我保研梦心态崩了😋
193391,1313,黄长林,2024-06-08 16:29:20,1,1,0,过于求是，绩杀！
193777,1313,黄长林,2024-06-18 03:20:15,1,2,1,给分确实不高，但差一点及格的那种他真的会捞
194791,1313,黄长林,2024-06-25 12:07:10,0,0,0,讲课很细致，虽然有时候可能讲得过于细致了，对基础较差的人还是很友好的
198970,1313,黄长林,2024-09-13 13:15:03,4,4,0,讲课不错，给分一坨，大一想转专业的千万千万千万别选！绩杀！
199460,1313,黄长林,2024-09-24 04:50:44,3,4,1,过于求是了\n\n作业在学在浙大上没显示出来，他让我单独发他看看，我问这次作业写的怎么样，hcl：“可以。”然后给分在班里垫了。
199551,1313,黄长林,2024-09-25 09:42:09,-6,2,8,绩点你懂，课都没上就布置作业，还整什么软件让你自学，想笑
199879,1313,黄长林,2024-10-06 06:23:58,0,0,0,平时压力不大，但给分确实一般
200051,1313,黄长林,2024-10-12 02:15:22,0,1,1,黄老师做事认真严谨
200520,1313,黄长林,2024-10-18 06:09:03,1,2,1,讲课很认真仔细，但是我真的好想睡.........
209119,1313,黄长林,2025-01-14 07:44:45,0,0,0,老师好，讲课真的很细
212153,1313,黄长林,2025-01-13 09:17:47,3,3,0,工程图学 2024秋冬 黄长林 老师讲的很好，很耐心，回复很及时，但最后给分未免有些低了
212168,1313,黄长林,2025-01-13 09:54:23,1,1,0,绩杀绩杀绩杀...\n\n重要的事情说三遍，快逃
212178,1313,黄长林,2025-01-13 10:28:01,1,1,0,给分像坨sh＊t一样
212625,1313,黄长林,2025-01-14 09:51:51,1,1,0,给分……🤣
212755,1313,黄长林,2025-01-15 00:45:38,0,0,0,绩杀慎选
213251,1313,黄长林,2025-01-16 12:59:17,0,0,0,浙大校训让他诠释的淋漓尽致
214681,1313,黄长林,2025-02-16 15:18:34,3,3,0,毕竟是求是林，给分很求是，不会捞的。本人作业加上期中加上机考的分在95+，最后期末有些知识点没背扣的分比较多，绩点4.5，可以参考下。\n\n会考solidworks，但是不难，本人整个学期就跟着课上的步骤自己练了两三次，最后上机考还是稳过的。\n\n老师人不错，dd回复很快，讲课也不错，建议有能力的，空间感好、有通技基础的同学选。
215164,1313,黄长林,2025-02-23 09:17:13,1,1,0,给分真就依托，绩杀快逃
217894,1313,黄长林,2025-04-17 14:49:23,0,0,0,绩杀 快跑 真的 给分真的离谱
217898,1313,黄长林,2025-04-17 16:03:04,0,0,0,给分差
218064,1313,黄长林,2025-04-20 06:40:55,0,0,0,绩杀绩杀绩杀
220760,1313,黄长林,2025-06-19 14:16:54,0,0,0,老师讲课很好，但是有点点催眠（很多次在上课的时候睡过去了，给分很求是
221106,1313,黄长林,2025-06-21 09:17:06,-1,0,1,bro绩杀学生是和学生过不去还是跟自己过不去呢？上课很细致，课程安排用心，你捞一捞学生会死吗？为人方便为己方便，tmd
221110,1313,黄长林,2025-06-21 09:26:44,1,1,0,老师上课水平很高 学识渊博 SolidWokrs建模学到很多 感觉课程结束之后 也是真正提升了自己的工图水准的\n\n但是 给分真的很求是吧 应该说完全不会调分 其实这不应该作为我们指责老师的点 但是在当下大环境极其恶劣 内卷之势极为严重的前提之下 希望各位学弟学妹们能有自己的选择。
2685,1327,杨辰龙,2015-05-05 09:44:13,-1,6,7,各种专业，哈哈\n\n
5125,1327,杨辰龙,2015-07-04 09:34:02,2,4,2,太能扯了\n\n\n\n
5214,1327,杨辰龙,2015-07-06 01:20:50,5,12,7,很实在的老师~厚道，听他的课是工程领域的预尝
6145,1327,杨辰龙,2015-07-11 09:04:41,0,3,3,课水分高内容少
8984,1327,杨辰龙,2015-10-08 04:27:23,3,4,1,山东推土机_(:_」∠)_
24176,1327,杨辰龙,2016-04-28 06:16:37,0,1,1,全靠自学很简单
24321,1327,杨辰龙,2016-04-29 11:17:55,3,8,5,要是打满分觉得太夸张了…老师课讲得还是不错的，结合了很多实际工作中的例子，相对来说题目方面的训练就少了一些，总体来说还是非常棒的老师～
48900,1327,杨辰龙,2017-03-16 02:50:01,-3,3,6,给你看个小动画，妈呀萌我一脸哈哈哈\n\n小动画是ppt   hhhhhhhh
56051,1327,杨辰龙,2017-07-03 03:41:50,2,5,3,给分狗屎
58591,1327,杨辰龙,2018-05-12 13:37:54,-2,9,11,垃圾垃圾垃圾中的垃圾
75481,1327,杨辰龙,2018-03-12 09:45:09,8,17,9,杨老师:“我不是那种会讲故事的人！”
76262,1327,杨辰龙,2018-04-01 01:24:33,5,9,4,我只能说这课太水了，老师人很好，很搞笑，口音比较迷～但是讲课顺序乱七八糟，课件也乱七八糟，很乱，上课节奏太慢了，我觉得老师把节奏放快可能效果还好一些，每次课50%的时间都是在讲国内外技术设备，当然是和学的内容有关系，但是对考试没什么用处，无聊～
76436,1327,杨辰龙,2018-04-23 08:52:03,5,7,2,。。。
76611,1327,杨辰龙,2018-04-16 07:26:35,4,14,10,轴承讲完了，我都不知道我讲了啥！
77420,1327,杨辰龙,2018-05-05 12:54:31,-4,0,4,舒服，得分高。\n\n
77642,1327,杨辰龙,2018-05-07 04:43:07,-2,0,2,课水分高
77660,1327,杨辰龙,2018-05-07 07:07:55,-2,1,3,很不错的一个老师！
77940,1327,杨辰龙,2018-05-09 00:06:18,2,3,1,山西口音
134490,1327,杨辰龙,2021-03-30 05:43:03,2,5,3,课讲得一塌糊涂，不知所云，只会说这个简单自学，那个简单读PPT，浪费时间
134491,1327,杨辰龙,2021-03-30 05:46:12,3,7,4,不会讲课，怀疑他自己都不懂
134625,1327,杨辰龙,2021-04-06 06:44:57,3,11,8,上课不知所云，只会读ppt，读得还不流畅，感觉就像是第一次看ppt一样\n\n讲知识只讲十几分钟，讲作业一道题能讲三节课，而且也不是讲题目本身，就放着ppt和你扯皮。迷惑的不行
134693,1327,杨辰龙,2021-04-09 16:19:52,-3,5,8,认真负责
135118,1327,杨辰龙,2021-05-01 07:03:01,2,6,4,上课不知道在讲啥\n\n考试感觉贼简单\n\n出分了贼离谱，平时分乱记
140631,1327,杨辰龙,2021-09-14 13:36:22,2,3,1,会督促学生学习（这点倒挺难得），但没法把知识点都讲清楚。部分内容读PPT痕迹严重。
151437,1327,杨辰龙,2022-03-03 07:11:32,5,35,30,垃圾东西，只会读ppt，都不知道哪来的优越感
151637,1327,杨辰龙,2022-03-10 05:59:03,6,34,28,垃圾东西，问他要他的垃圾ppt还搞得像宝贝似的，自己上课不会讲，纯念ppt，还说看不见是我不坐第一排的原因？第三排也很前面了，你个司马玩意不知道反光和讲台桌挡住了吗？拼命阴阳怪气一个没写作业的同学，一节课来来回回反复鞭尸个五六次，没用的东西又经常讲，跟考试无关，浪费时间
151837,1327,杨辰龙,2022-03-17 05:42:25,5,26,21,就硬念ppt
151838,1327,杨辰龙,2022-03-24 05:14:04,-1,10,11,冲业绩了
151839,1327,杨辰龙,2022-03-17 06:03:05,-2,24,26,我叫ycl，我很骚～额我喜欢搞你の鸡卍，/:heart /:heart/:heart/:heart /:heart/:heart/:heart/:heart/:heart/:heart/:heart/:heart/:heart/:heart /:heart/:heart/:heart/:heart/:heart/:heart/:heart/:heart/:heart/:heart/:heart/:heart/:heart/:heart/:heart/:heart/:heart/:heart/:heart/:heart/:heart/:heart/:heart/:heart/:heart/:heart/:heart/:heart/:heart/:heart/:heart/:heart/:heart/:heart/:heart/:heart/:heart/:heart/:heart/:heart/:heart/:heart/:heart/:heart/:heart/:heart/:heart/:heart/:heart/:heart/:heart/:heart/:heart/:heart/:heart/:heart/:heart/:heart/:heart/:heart/:heart/:heart/:heart/:heart/:heart/:heart/:heart/:heart/:heart/:heart 想要和你做爱做の事啊，啊，啊好热～
151841,1327,杨辰龙,2022-03-17 06:45:57,5,22,17,我的建议是：自己看书
151893,1327,杨辰龙,2022-03-19 14:57:04,1,22,21,俺叫ycl，最喜欢可爱男学生，快让我康康，你发育正不正常啊\n\n哎呦，你脸红了，快让我康康！
151917,1327,杨辰龙,2022-03-20 15:56:58,-2,20,22,俺叫ycl，最喜欢猛騒女学生，快让我摸摸，你发育正不正常啊\n\n哎呦，你脸红了，快让我摸摸！
151923,1327,杨辰龙,2022-03-21 02:17:23,1,20,19,播阴器，真的牛逼
151960,1327,杨辰龙,2022-03-22 00:31:40,1,17,16,狗屎东西
152018,1327,杨辰龙,2022-03-23 07:15:37,1,19,18,woc求求你不会上课别上了，别恶心人好吗
152026,1327,杨辰龙,2022-03-23 11:03:25,1,21,20,真的恶心，各位同学别选这门课的这个老师
152046,1327,杨辰龙,2022-03-24 05:13:49,1,19,18,我就是不上课，哎，就是玩，你们能拿我怎么样
152047,1327,杨辰龙,2022-03-24 05:26:30,1,16,15,woc你究竟讲了什么呀喂
152048,1327,杨辰龙,2022-03-24 05:30:10,0,18,18,垃圾，还天天阴阳怪气，恶不恶心
152117,1327,杨辰龙,2022-03-27 13:23:26,0,15,15,希望各位在，期末考试之后，点开教务网给这个老师打分的时候，给他打最低分，因为她真的不配高分，有同学可能会为了方便点4.5，但这个老师真的值得我们去打一分，值得我们花时间去打一分
152118,1327,杨辰龙,2022-03-27 13:25:47,0,12,12,这么垃圾的人都不知道怎么来浙大上课的，真的垃圾，教师证到底有没有啊？是不是卖屁股给领导？领导才让你进来的？
152237,1327,杨辰龙,2022-03-31 05:19:17,1,19,18,什么垃圾，前面慢慢吞吞五星期讲两章，后面直接过四章，习题也不会讲，傻的要死
152238,1327,杨辰龙,2022-03-31 05:57:27,-1,11,12,救命 有那个大病
152241,1327,杨辰龙,2022-03-31 06:21:16,-1,7,8,nima，阴阳怪气四十分钟，五分钟将第四章讲完\n\nrnm，退钱
152260,1327,杨辰龙,2022-03-31 15:02:09,-1,7,8,互换性与技术测量:\n\n你上这门课少说也十多年了吧，怎么连个PPT都念的不利索，毫无备课痕迹，水平一点也看不出来，学不到任何东西，自学五分钟顶你讲课一小时。\n\n讲课仿佛是讲给自己听的，说起话来一点底气都没有，请问你是不是自己都不确定自己讲的东西对不对啊？\n\n查阅了你的教师个人主页，没有看到任何学术成果，与其他教师对比强烈，不仅让我对你的教师资格产生了很大的怀疑，讲课讲不来，研究没成果，你凭什么来给我们上课。\n\n不是我夸张，随便找一个认真学完这门课的同学来讲课都比你讲的好。\n\n听说你还带研究生？跟着你的研究生真是倒了八辈子血霉，你早点退休别来祸害学生了吧。
152372,1327,杨辰龙,2022-04-07 05:06:19,1,8,7,不是个好老师，水平不够，上课太业余了
152373,1327,杨辰龙,2022-04-07 05:35:50,-2,8,10,现在教务网可以给他打分了，大家一定要鼓起耐心，给他打一分
152409,1327,杨辰龙,2022-04-09 06:14:41,-3,4,7,选了赶紧退课，天天PUA学生，还摸男生肩膀和肚子
152451,1327,杨辰龙,2022-04-12 00:42:44,-1,3,4,麻溜爬起来
152530,1327,杨辰龙,2022-04-14 05:55:58,-3,3,6,上课讲了个什么垃圾登西，PPT都念不明白，又不是你上课不给你钱，说话敢再不清楚一点吗？
152659,1327,杨辰龙,2022-04-17 15:33:48,0,6,6,问，他直线度，垂直度什么加塞？就是那个直径符号，他都支支吾吾讲不出来，然后然后跟我说一个更亲密，一个跟我们精密其实其实我研究了很久以后才发现，这只是书上为了说明几个情况，然后特意说出来的，然后你可以根据题目的那种表达，然后来判断它叫塞这个傻逼，他妈的，讲他妈懂都不懂，他妈的，装装壮壮，问题问得太偏了，不会考到这次傻逼脑残
152790,1327,杨辰龙,2022-04-20 01:57:59,-6,6,12,cnm，为什么我刷了这么多题还这么低，你个sb，我室友别的班的，都没复习都有4.5，你个瘪三怎么打分的
152793,1327,杨辰龙,2022-04-20 02:13:12,-4,2,6,给分不公平不公正，还说自己很公正，巴不得扣光你的分
152926,1327,杨辰龙,2022-04-22 01:07:47,-12,4,16,问问你，你妈是si了还是子宫被我内射营养快线了？你要这么对我？
153258,1327,杨辰龙,2022-04-27 07:31:03,-4,2,6,哟，老小子这么拉了
153516,1327,杨辰龙,2022-05-03 09:57:04,1,6,5,大骂余宝玲垃圾
153651,1327,杨辰龙,2022-05-07 03:59:51,-1,5,6,天天Q余宝玲是想干嘛
153844,1327,杨辰龙,2022-05-13 04:04:10,-20,1,21,老子杨昕我满绩，ycl速速受死
154102,1327,杨辰龙,2022-05-23 06:59:59,-21,0,21,杨昕好厉害啊
154118,1327,杨辰龙,2022-05-24 01:08:10,-2,11,13,杨昕为什么天天不写作业还满寄
154278,1327,杨辰龙,2022-05-28 04:26:19,-13,5,18,因为yx天天对ycl射精让ycl十分满意♂啊
155775,1327,杨辰龙,2022-06-16 01:57:08,-8,3,11,那个人不是yclsishengzi吗
156094,1327,杨辰龙,2022-06-17 13:33:30,-10,2,12,yclmjj
160047,1327,杨辰龙,2022-09-13 14:08:37,-7,1,8,真的ex
160129,1327,杨辰龙,2022-09-13 14:25:07,-9,1,10,sbycl
160802,1327,杨辰龙,2022-10-13 00:28:20,-12,1,13,ycl\n\nmjj
171248,1327,杨辰龙,2023-03-20 05:41:10,-18,1,19,烂，非常烂。普通话不标准，听起来本来就费劲，话筒还不好好用，智云课堂听着特别别扭。上课就念ppt，讲课跟梦游一样，想到哪儿讲到哪儿，毫无条理。如果一般老师讲课是12345，那么这个b就是32134254。绝对不要选他的课！
172220,1327,杨辰龙,2023-04-22 14:30:10,5,5,0,辰龙哥很温柔，讲课也挺好的，为什么这么多人骂他，上课总会有一些不懂的，但听课了总会有收获，希望辰龙哥可以提升一下讲课的调理
172630,1327,杨辰龙,2023-05-02 14:28:58,0,0,0,666
180814,1327,杨辰龙,2023-09-26 16:16:32,-17,0,17,选了快退这老师给分跟狗屎一样
192224,1327,杨辰龙,2024-05-12 11:57:59,3,3,0,好老师，真正将知识教到学生手中
193200,1327,杨辰龙,2024-06-04 11:06:10,34,36,2,学弟学妹们看到杨老师评分这么低不要害怕。杨老师给分真的很好，而且人也很温柔！今年将近一半人都是90+。考前会发复习题，会有一整次的课用来复习，会给你划重点。平时分也给的很高。我当时看到评分这么低都想退课了，但是最后还是上了。结果是个很大的惊喜！
215547,1327,杨辰龙,2025-02-28 04:23:14,9,9,0,搞不懂这老师为啥分这么低，不一直在好好讲课吗，而且这口音完全可以忽略不计了吧
217483,1327,杨辰龙,2025-04-11 04:34:37,14,14,0,别的不说，讲课很耐心，人很好。不知道怎么这么低的评分是咋来的
217796,1327,杨辰龙,2025-04-21 12:50:13,30,30,0,考前先打个9分：（老师分低纯纯是被搞了）\n\n老师的课堂小测任务是极有利于知识学习跟应试的，后面还有偏向应试的复习课，讲课也算不错（我觉得）。\n\n主要是钉钉回消息快，有什么疑问马上会解答。（考前的晚上也马上回复了）\n\n\n\n给10分，只能说没考好，但老师真的把分往手里送的。考后还会一个一个私聊告诉你总评，真的是很认真的老师
217880,1327,杨辰龙,2025-04-22 08:04:12,10,10,0,龙哥真的很负责，嘿嘿😋😋
218142,1327,杨辰龙,2025-04-21 12:52:20,10,10,0,给分很好，上课的小测题会在课上讲，所以不用担心小测，而且小测题和作业题和考试的题型一致。老师很和蔼可亲，感觉每次上课都穿的是蓝色衬衫，很接地气哈哈。不过感觉老师的ppt做得有点乱，字有点多，不是很能get到重点。考完2天就出分了，还会直接钉钉私聊告诉你总评，吓我一跳qaq。至于为什么老师评分这么低(我选课的时候只有2.9分)似乎是之前被恶意刷分了，学弟学妹可以放心选
218144,1327,杨辰龙,2025-04-21 13:02:41,3,3,0,很不错的老师，五星推荐
218145,1327,杨辰龙,2025-04-21 13:13:04,8,8,0,杨老师给分很好，从来不点名，平时作业和小测会讲了正确答案再要求提交，期末会考到作业题
218146,1327,杨辰龙,2025-04-21 13:23:21,21,21,0,我感觉是很好的老师了。一开始看这么多评价骂得这么恶心，还想换掉的，后来听上过的学姐的推荐还是换回来了。上课不点名，但是会发几次纸质作业，叫室友给你多拿一张就好了。还说期末自学到95，平时分也给95。讲PPT我只能说水的地方他直接就对着投影呱啦啦念一个小时，我tm直接趴下睡觉；但是重点要考的东西都会讲三四遍，要好好听。书除了查表我都没翻过，看两遍PPT最后也九十多，出分前还发了个钉钉私信提前恭喜我（＾ｖ＾）暗示还是比较明显的，非重点（要不是考前别人跟我说，我都不知道还讲了轴承）特别水，考试大概也就几道判断题；重点公差带图、标注改错等的题也和作业题差不多
218162,1327,杨辰龙,2025-04-21 15:52:03,5,5,0,杨老师被恶意刷分了，真的讲课挺好的，不点名不压力，问问题都会及时回，还贴心讲作业题等等一系列吧，真的挺好的
218202,1327,杨辰龙,2025-04-22 03:56:25,4,4,0,伟大，无需多言
218205,1327,杨辰龙,2025-04-22 04:22:05,9,9,0,包好的老师，可以大胆选
218243,1327,杨辰龙,2025-04-22 07:41:57,9,9,0,很好的老师，评论区打低分的人时间怎么那么集中？心里每点b数吗？希望学弟学妹擦亮眼睛吧……
218255,1327,杨辰龙,2025-04-22 08:36:17,6,6,0,很好的老师，钉钉回复很快，也很有耐心
218259,1327,杨辰龙,2025-04-22 08:45:00,16,16,0,朵朵十大来的，给老师分刷上去，老师实惨
218260,1327,杨辰龙,2025-04-22 08:47:51,6,6,0,很好！
218268,1327,杨辰龙,2025-04-22 09:08:33,13,13,0,冲个业绩，至少不该被goushi刷恶评，最大的恶意给那些帮助刷恶评的人，想不明白有任何理由帮助刷评论，跟你们有关系嘛就刷
218270,1327,杨辰龙,2025-04-22 09:24:14,6,6,0,好老师，虽说互换性本身很无聊，但是老师教的也很好，讲的很清楚。还有就是，上课从来不点名，作业交给其他人带去就行了。
218271,1327,杨辰龙,2025-04-22 09:38:23,6,6,0,杨老师人很好，很负责的一个老师！
218274,1327,杨辰龙,2025-04-22 09:52:27,10,10,0,前面刷差评的死全家
218281,1327,杨辰龙,2025-04-22 10:41:33,5,5,0,学弟学妹们可以留意一下差评集中的时间 老师纯纯被诬陷
218289,1327,杨辰龙,2025-04-22 11:03:38,1,1,0,我本科项目的老师是CL老师的，虽然自己啥也没做出来，但是老师还是对学生很负责的。选这位老师做科研准没错，或许还有意外惊喜哈。
218298,1327,杨辰龙,2025-04-22 11:20:49,1,1,0,朵朵十大力挺
218303,1327,杨辰龙,2025-04-22 11:45:46,3,3,0,朵朵十大来的\n\n把保护打在公屏上
218304,1327,杨辰龙,2025-04-22 11:49:13,0,0,0,老师好
218308,1327,杨辰龙,2025-04-22 12:01:56,0,0,0,龙哥负责的
218314,1327,杨辰龙,2025-04-22 12:51:36,-2,0,2,ph一下，没必要刷
218316,1327,杨辰龙,2025-04-22 13:03:05,-4,0,4,平衡一下～
218318,1327,杨辰龙,2025-04-22 13:11:41,2,2,0,刷恶评还骂的这么脏啊，自己脑子里都是下三路才用这种话攻击别人吧。。。。。
218323,1327,杨辰龙,2025-04-22 14:25:52,1,1,0,龙哥，神！！！
218350,1327,杨辰龙,2025-04-23 01:19:04,1,1,0,十大来的，帮刷分
218360,1327,杨辰龙,2025-04-23 02:22:39,1,1,0,人很好
218361,1327,杨辰龙,2025-04-23 02:31:00,2,2,0,就这么说吧，我上课没来过，一点没听过，考前花一天时间把他的作业搞懂，绩点轻松上3
218362,1327,杨辰龙,2025-04-23 02:40:17,1,1,0,很好的老师，特别特别认真负责。
218378,1327,杨辰龙,2025-04-23 04:15:18,1,1,0,很好的老师
218385,1327,杨辰龙,2025-04-23 05:46:53,1,1,0,这门课唯一的真神！！！
218392,1327,杨辰龙,2025-04-23 06:29:47,1,1,0,杨老师真的是很好的人，很有人格魅力的老师
218453,1327,杨辰龙,2025-04-23 16:05:47,1,1,0,挺挺挺
218544,1327,杨辰龙,2025-04-24 11:29:00,0,0,0,老师很好
218556,1327,杨辰龙,2025-04-24 13:41:44,0,0,0,老师很好很贴心，很和蔼，强烈推荐
218669,1327,杨辰龙,2025-04-28 12:47:35,0,0,0,神中神，人特别好，考得好还会私信祝贺，非常好的老师
219709,1327,杨辰龙,2025-06-04 11:14:37,0,0,0,老师人很好，答疑很耐心，系统出分前还会私信报喜~考试的要点老师上课会反复强调，不过第一次听的时候感觉有点云里雾里的
6991,1435,唐任仲,2015-08-24 08:10:13,-7,0,7,较好
11451,1435,唐任仲,2015-12-01 12:46:45,1,7,6,虽说有口音，但是人挺不错的
16422,1435,唐任仲,2016-01-18 05:16:26,-4,3,7,挺萌的，虽然我绩点还没出
20138,1435,唐任仲,2016-01-26 08:06:00,1,4,3,比较一般\n\n
20155,1435,唐任仲,2016-01-26 09:59:07,-4,2,6,可以的老师，蛮有思想的
20195,1435,唐任仲,2016-01-26 13:30:12,-1,5,6,好好好!几乎就是每节课展示 也很可爱
20237,1435,唐任仲,2016-01-26 15:50:37,-6,1,7,上课不水，小组展示好好合作，上完课最后有一点感想有一点思考，分数会不错的;-)
20690,1435,唐任仲,2016-01-30 01:10:22,-2,4,6,你值得拥有
20713,1435,唐任仲,2016-01-30 06:36:59,5,12,7,真的超级麻烦的课，想水水一定不要选。然后就是，选了就认真一点不然3.3的垫底绩点你值得拥有。
22167,1435,唐任仲,2016-03-03 00:45:30,-6,2,8,好老师！
24099,1435,唐任仲,2016-04-27 03:48:43,-3,4,7,老师很可爱～不过一个梗可以玩好久…
26464,1435,唐任仲,2016-06-18 16:11:23,-4,2,6,不错不错
33122,1435,唐任仲,2016-09-13 08:34:21,2,3,1,，，，
38840,1435,唐任仲,2016-12-19 13:48:28,3,7,4,有口音，逻辑混乱。多发言作业及时交绩点不会低。学不到专业知识，但能锻炼团队合作能力。\n\n
44787,1435,唐任仲,2017-01-18 08:54:48,4,7,3,就是听不太清\n\n
47539,1435,唐任仲,2017-01-30 08:36:08,4,9,5,跟想像中差别很大。奉劝听不惯别人吹B的童鞋别学这门课
47829,1435,唐任仲,2017-02-26 01:51:04,-7,4,11,知识上的收获不大，但能锻炼演讲能力，给分很好√
53562,1435,唐任仲,2017-06-27 04:18:01,6,18,12,工程伦理这假冒伪劣课，认认真真做的一学期作业和展示，你给我3.0，哦呵呵呵，最低绩点是个通识课。期末展示每个人都看得见的，很多同学做的是个什么水平哦，凭什么让我给他们垫正态，就凭你每节课xjb分的组？这么搞不灵清的老师真少见少有。
114583,1435,唐任仲,2019-07-10 22:49:52,2,3,1,...
115476,1435,唐任仲,2019-07-27 04:14:58,3,6,3,可能老师只是老了
115954,1435,唐任仲,2019-09-01 10:56:32,1,2,1,...
115955,1435,唐任仲,2019-08-26 23:24:30,2,2,0,一般般
117514,1435,唐任仲,2019-09-25 08:27:50,0,4,4,喜欢吹B，一个劲的跟我们说要求是，结果自己讲课有口音不说，逻辑混乱还大不求是。回答问题也是，都是在回避讲些大而空的，问个作业的问题也能扯到为天下崛起而读书，然后问题也没解答。甚至怀疑是学校外面的那种培训机构的“专家”
117559,1435,唐任仲,2019-09-26 03:02:32,4,5,1,想要绩点慎选工程伦理
122611,1435,唐任仲,2020-03-07 14:53:53,10,13,3,浙大最烂的专业，最差的教授，没有之一。说好的都是工业工程的学生，专门给自己贴金。自欺欺人不害臊
123434,1435,唐任仲,2020-06-09 02:02:53,21,47,26,唐任仲就是一垃圾：\n\n1.贪婪无耻，专门搞和一下垃圾企业的表面项目，还有什么工程师学院，就为骗钱，毫无学术道德；\n\n2.好色，专门调戏女学生，还自以为幽默；对男生莫名严格，其实就是恶整，争风吃醋；\n\n3.又蠢又固执，脾气暴躁，不可理喻，讲道理讲不过就耍赖，大吼大叫，形同流氓泼妇；\n\n4.不学无术，好多基本常识都不懂，英语奇烂无比，根本不会，工业工程专业更是整个就一笑话，无聊弱智专业；\n\n5.连教师的基本素养都没有，讲话口齿不清，颠三倒四，东拉西扯，逻辑混乱；\n\n总之，就一苟延残喘的废物，应该赶快退休滚蛋，滚出浙大，滚出学术圈！
140178,1435,唐任仲,2021-09-03 04:36:22,2,2,0,喜欢吹B
140989,1435,唐任仲,2021-09-19 11:23:28,2,2,0,老师事情特别多 课很无聊
141035,1435,唐任仲,2021-09-22 05:07:16,4,5,1,老师态度很差，学生问问题很不耐烦。每节课都要签到，动态二维码那种。还要跑到很远的工程师学院去上课，后排桌子都没有，浪费时间浪费精力
160867,1435,唐任仲,2022-10-17 13:59:33,2,2,0,打了不少字，想了一下删了。\n\n简单评价一下，纯zz。
168152,1435,唐任仲,2023-01-30 08:35:11,5,7,2,上课逻辑性很差，口音极重。基本就是照着PPT在读，关键是PPT中有的内容讲着讲着自己都看不懂了。重点部分都是一笔带过，简单的部分大讲特讲。
169820,1435,唐任仲,2023-02-28 04:39:56,2,2,0,太严谨了，拖堂，讲一堆不知所云的东西。作业晚交了就没分了。
181742,1435,唐任仲,2023-10-30 13:48:23,2,2,0,上课丝毫不负责，对线上学生提问完全无视，整体课堂组织毫无纪律可言
181750,1435,唐任仲,2023-10-31 02:16:23,1,1,0,傲慢自大， 自以为是， 对眼前已有的问题视而不见， 面对提问避而不谈， 还需要共同代课的其他同事出来发公告解决问题， 请问你对这门课的贡献在哪里， 图存虚名？
182402,1435,唐任仲,2023-11-15 14:35:46,3,3,0,课程内容泛泛无实际内容，落后时代数十年，讲课思路逻辑混乱，但随机时间点名强制观看\n\n严于待人，宽于律己，对学生的要求一套一套的，自己各种借口逃避责任\n\n发消息经典已读不回
182403,1435,唐任仲,2023-11-15 14:43:56,1,1,0,课程内容泛泛无实际内容，落后时代数十年，讲课思路逻辑混乱，但随机时间点名强制观看\n\n严于待人，宽于律己，对学生的要求一套一套，自己各种借口逃避责任\n\n发消息经典已读不回
190726,1435,唐任仲,2024-03-16 07:16:15,1,2,1,这学术水平不知道怎么坐到那个位置的，授课无逻辑，水课无重点，喜欢自吹自擂，贬低他人拔高自己，学不到东西的他的课。就是靠着时代红利各种攀关系上去的没真材实料的快退休老头
208222,1435,唐任仲,2024-12-26 08:11:34,0,0,0,研究生课《工程管理》实在是一言难尽，经典的就是消息已读不回，这些烂老师能不能尽早滚出浙大。
214469,1435,唐任仲,2025-02-06 08:30:28,0,0,0,只能说谨慎选择。\n\n下面客观评价其工程管理数学课程，不带任何感情色彩：\n\n优点：1、课程设计合理（不过看下来其他老师也是一个课程结构，不知道是不是固定的）。2、课堂讨论氛围较好。\n\n缺点：1、口齿极不清晰，听课相当困难。2、经常会把一些和课程毫无意义的琐事来回重复，对学生可能难以理解的部分却无重点说明。3、课程全程无回放视频，群中指出后整一学期也没有说明和解决。
214672,1435,唐任仲,2025-02-16 10:24:20,0,0,0,非全工程管理，在他的带领下毕业率奇低。浙大的声誉在他这丢完了。这人还不讲道理。
222025,1435,唐任仲,2025-06-29 03:26:17,0,0,0,见人下菜碟，对学生爱理不理，一副自己很牛你又能奈我何的样子，优点是从来不点名。
23169,1552,朱笑丛,2016-03-21 02:43:51,37,38,1,作业特别麻烦
75659,1552,朱笑丛,2018-03-15 01:46:49,27,27,0,机电黑店
80299,1552,朱笑丛,2018-06-25 00:57:14,18,18,0,机电控制教得很垃圾
105167,1552,朱笑丛,2019-04-09 12:54:32,23,24,1,全方位的垃圾。脑子是进了什么不干净的东西才会留这样的作业？
105190,1552,朱笑丛,2019-04-10 02:09:22,18,18,0,wdnmd
105278,1552,朱笑丛,2019-04-09 03:29:41,11,11,0,这老师讲的贼差，作业留的还麻烦，主要是原理不难但是算起来巨麻烦，很耗时间收获还不大
105282,1552,朱笑丛,2019-04-09 04:46:59,15,15,0,如果朱老师能够看到，给您提点建议吧。留作业量大不是原罪，我们之前的数值方法课作业量也很大。但那节课确实学到很多好东西，而机电控制2两个月的课时量里学到的新知识一两节课就能讲完，实在是太水了。希望老师能够多费些心思好好排编一下课程内容，删减老生常谈的内容，考虑多加一些现代控制的新算法，对我们负责，您也省得对着一个死气沉沉的集体讲课满心不爽是不是？
105298,1552,朱笑丛,2019-04-09 11:30:12,11,11,0,为什么我都已经到大三的下半学期了还要面对这种课程。\n\n那么多事情忙的要死却要每次作业抽出一天来，解方程？???\n\n
105314,1552,朱笑丛,2019-04-10 02:13:28,9,9,0,讲的很多东西之前都学过。。。作业一分时间建模，九分时间用来推导方程
105319,1552,朱笑丛,2019-04-10 02:40:13,10,11,1,你改变不了一个固执的女人，她对于她认定的事情也从来不去实践。\n\n\n\n弱智 傻逼
105427,1552,朱笑丛,2019-04-12 16:22:35,57,59,2,转自导师评价网，看得我毛骨悚然，麻烦大家顶我上去让更多的人看到。\n\n\n\n一般这种渣老师的两个套路：\n\n一是想尽一切办法洗钱，用科研经费套现，尽可能地压榨学生，切断所有应给的补助\n\n二是本身学术水平不行，还喜欢到处吹牛逼，利用学校的牌子在外面招摇撞骗\n\n这些人他们根本不想好好做科研，他们最大的目标就是随便买点破铜烂铁回来忽悠到经费就行。\n\n能做出以上两项的人人品道德也极差，常常对学生进行辱骂，不断进行精神上的折磨\n\n比如zxc的老公简直就是出了名的极品\n\nzxc这种极品，利用我浙老师身份为自己外校老公输送劳动力，其老公利用浙大学生身份招摇撞骗，食宿条件比猪还差，学生敢怒不敢言。其老公就是下一个邵振海！ 端了这对恶心夫妇的黑店！！\n\n\n\n当然对学生苛刻的事情简直就多了去了：\n\n1. 学生长期被派到她老公所在的合肥干苦力，住在3块钱一天的集装箱里，只有一个床板，连条被子都没有，更不要想有空调、洗澡淋浴这些条件。当然他们夫妻俩自己住宾馆。\n\n2. 出差补贴？呵呵，想太多，门都没有。帮她老公做免费劳动力还得自己贴钱吃饭！！！\n\n3. 她老公这个人自以为是，明明是个草包还整天瞎逼逼，忍受他老公长期的辱骂和精神折磨那是家常便饭。关键他根本不懂，还辱骂你嫌你做的不好！也是日了狗了。什么半夜十二点被拉出去搬东西还对学生骂骂咧咧，什么把学生拉到一个地方参观然后直接说嫌费油把学生撂在荒郊野岭，呵呵呵呵。。。
105438,1552,朱笑丛,2019-04-13 06:11:43,7,8,1,非常垃圾
108624,1552,朱笑丛,2019-05-30 03:54:43,25,29,4,众所周知朱笑丛老师的首字母是ZXC，孙笑川的首字母是SXC，所以朱老师其实是孙笑川的姐姐，而众所周知孙笑川是无恶不作的。综上所述，大家不要再骂朱老师了，朱老师平时讲课不好都是因为孙?经常打姐姐
113827,1552,朱笑丛,2019-07-08 13:22:14,3,3,0,作业有点多
133973,1552,朱笑丛,2021-03-11 03:13:47,13,13,0,被作业暴击，能出这种作业的人怕不是自己被大老板压榨得心理变态了然后来恶心本科生找回自信？
135736,1552,朱笑丛,2021-05-22 09:35:11,3,3,0,真尼玛就一死马仔
136776,1552,朱笑丛,2021-06-24 09:44:46,4,5,1,给两分的都是拖
136897,1552,朱笑丛,2021-06-28 02:12:29,4,4,0,傻逼玩意
136898,1552,朱笑丛,2021-06-28 02:17:05,3,3,0,用着国外的讲义，真把自己当教国外课的人了，三学分的课，内容和国外人家主干课的一样多，真有你的
138101,1552,朱笑丛,2021-07-07 10:19:03,7,7,0,你他妈的考完试还要写你布置的大报告?
139163,1552,朱笑丛,2021-07-13 05:13:19,3,3,0,上课念ppt，作业还很多，不得不说，作业批得非常认真，但是，虽然每次作业得分都很高，但对于最后成绩也没见到有什么提高，最后给分还不如别的平时压根没什么事的课的成绩好，只能说可能她真的是严格按照各项给分来的，那平时作业一共不过15分，每次还需要花费非常久的时间
160523,1552,朱笑丛,2022-09-27 09:04:04,2,2,0,密麻麻石蜡
160679,1552,朱笑丛,2022-09-30 08:29:27,2,2,0,垃圾...
160708,1552,朱笑丛,2022-10-03 10:37:22,5,5,0,密麻麻石蜡
160991,1552,朱笑丛,2022-10-23 12:02:06,3,3,0,上课烂中之烂。\n\n一周四课时，一半是实验课，另一半一周讲课一周作业讲评。作业讲评自己不说话，随机点同学上去讲，纯折磨。整个课程中只有不到四分之一的时间是她在念ppt的。\n\n\n\n作业粪中之粪。\n\n每周作业量多得离谱质量还差。学不到新东西，时间全部拿来解方程和做毫无意义的重复工作（比方说第一题让你用MATLAB画一堆图，第二第三第四题全是改参数然后重新画图）\n\n\n\n内容差中之差。\n\n讲课没有新东西，全是大三学的经典控制理论，属于是把下水沟里的知识再捞上来塞你嘴里了。MATLAB系统辨识工具箱，全图形化的操作界面能念一节课也是挺有水平。还有超前滞后校正，几十年前的东西大三学过一遍了大四还要再拿来念一遍，有意思嘛？\n\n\n\n人品****\n\n不是它的研究生，人品我不好妄评。不过集装箱和夫妻黑店的传闻我从大二听到大四。。感兴趣的同学可以自己去查查，或者后来的同学也可以帮我把这部分的标题补全\n\n\n\n总之这门课建议取缔。白白占用学生时间徒增压力。\n\n拿这点时间来钻研一下毕设不好吗？？复习考研不好吗？？去外边找实习不好吗？？真当大四个个都是闲到长蘑菇啊\n\n\n\n\n\n另外楼上说它批作业认真，批作业这事儿老师不会亲自干，认真的是她的倒霉蛋研究生。
161175,1552,朱笑丛,2022-10-31 03:46:43,1,2,1,我知道大家来不及~
161205,1552,朱笑丛,2022-10-31 15:19:53,1,2,1,在我已经抄了一天考试手写a4纸材料的时候，突然在晚上十点通知可以打印。。。虽然是好事吧，但我谢谢你哈，要是可以我真想打负分
161296,1552,朱笑丛,2022-11-04 02:16:17,8,8,0,【懒得再编辑了，直接把教务网反馈贴出来吧】：\n\n请问下老师在布置课程任务时是否考虑过学生的负担和压力？作为一门大四秋学期的课程，英文PPT作业考试、作业计算量庞大、每次作业要求作报告和展示、正式授课时间不到总时长的1/4、让学生课后去看慕课补充课时、每周实验、最后课程报告（名曰选做实则加分？）……老师是认为我们都是天之骄子？老师认为我们能够长出三头六臂？老师认为我们每周只需要上机械系统建模这一门课？\n\n如果我一人如此也就作罢，我周遭的课友，不论考研的、保研的、出国的，还是年级前十前二十前三十前四十前五十后五十后四十后三十后四十，他们都这样，实在是滑天下之大稽，才有此等巧合！\n\n请老师原谅我如此激动的情绪，我知道老师并无恶意，无非想让我们掌握更多地知识和方法，为研究生生活做准备，我也承认老师待同学还算和蔼。但是请问老师是否从我们的角度考虑过问题？我们不只有您一门课，大四也有很多同学在准备考研和出国，就算保研的同学在实验室也有很多工作，无法也不能把大量时间投入到这门课程上。\n\n# 最后我想对老师提几点自己的意见：\n\n1. 首先减少课程负担，上课+适量作业+实验/报告+考试对学生的学习已经足够了，请不要展示、不要慕课、不要课程大作业，不要加一切您觉得“学生应该可以做完”的东西，同时应该提取精简这门课过去作为长学期课程的内容；\n\n2. 其次在不增加课外负担的前提下加强上课内容的讲解，一个学期下来，我学到的实际上课内容寥寥，如果新知识少，就请细讲、展开讲，我们并不是 所有人 都将过去的 所有课程 都学得很好；\n\n3. 最后希望老师不要再拿“这是第一次尝试这种模式……”这样类似的话作挡箭牌，不从学生角度考虑，长学期课程变为短学期课程完全不删减课程内容，我觉得是很不负责的表现，也充满着将学生作为试验小白鼠的蔑视。
161327,1552,朱笑丛,2022-11-04 06:56:13,9,9,0,上课烂中之烂。\n\n一周四课时，一半是实验课，另一半一周讲课一周作业讲评。作业讲评自己不说话，随机点同学上去讲，纯折磨。整个课程中只有不到四分之一的时间是她在念ppt的。\n\n\n\n作业粪中之粪。\n\n每周作业量多得离谱质量还差。学不到新东西，时间全部拿来解方程和做毫无意义的重复工作（比方说第一题让你用MATLAB画一堆图，第二第三第四题全是改参数然后重新画图）\n\n\n\n内容差中之差。\n\n讲课没有新东西，全是大三学的经典控制理论，属于是把下水沟里的知识再捞上来塞你嘴里了。MATLAB系统辨识工具箱，全图形化的操作界面能念一节课也是挺有水平。还有超前滞后校正，几十年前的东西大三学过一遍了大四还要再拿来念一遍，有意思嘛？\n\n\n\n人品****\n\n不是它的研究生，人品我不好妄评。不过集装箱和夫妻黑店的传闻我从大二听到大四。。感兴趣的同学可以自己去查查，或者后来的同学也可以帮我把这部分的标题补全\n\n\n\n总之这门课建议取缔。白白占用学生时间徒增压力。\n\n拿这点时间来钻研一下毕设不好吗？？复习考研不好吗？？去外边找实习不好吗？？真当大四个个都是闲到长蘑菇啊\n\n\n\n\n\n另外楼上说它批作业认真，批作业这事儿老师不会亲自干，认真的是她的倒霉蛋研究生。
161362,1552,朱笑丛,2022-11-05 02:36:06,8,8,0,1.5学分的课8周写4次作业，每次2-3个巨大的建模分析题，还要求所有人做ppt，上课抽人展示；每周一次2h的实验课，要写实验报告；期末还有final project；完了还有全英文的期末考。\n\n一边说着课时不够，让我们去看慕课；一边又每两周一次展示课，一点不讲课，全是抽人展示作业。一学期下来自己就讲了4次课，你的工作量倒是和1.5学分很匹配。结果打开慕课一看66个十几分钟的读ppt视频，你怎么不1.5学分让我们把诺贝尔奖研究出来
161378,1552,朱笑丛,2022-11-05 13:10:51,4,4,0,楼上素质有待降低
161584,1552,朱笑丛,2022-11-09 07:56:27,4,4,0,烂烂烂
171199,1552,朱笑丛,2023-03-18 07:07:49,2,2,0,狗屎作业，狗都不修
179625,1552,朱笑丛,2023-09-19 02:14:27,1,2,1,勾引我老公！！！！！
181671,1552,朱笑丛,2023-10-27 14:49:16,1,2,1,浙大机械缅北
181950,1552,朱笑丛,2023-11-06 08:14:49,2,2,0,事情贼多
182852,1552,朱笑丛,2023-11-20 16:05:05,4,5,1,上过她的控制工程基础课程，客观评价，只说这门课的教学情况。老师上课讲的内容挺清楚的，也是在围绕这门课来教学，没有听到过查老师上的逆天发言之类的（可能对本科生不感兴趣？）上课还不戳，比较难的内容老师会讲的很慢，课下问老师问题也会有回复。还没出分，给分情况未知。但有一说一，在上过的机械的本科生课程中，老师还是不错的。只说控制工程基础这门课，并没有查老师其他言论说的那么逆天。
183231,1552,朱笑丛,2023-11-23 03:46:29,10,10,0,机电系统建模，辨识与控制，一门让考研的，保研的，出国的，找工作的同学全部如此厌恶的课还是第一次见。1.5学分的课程事情比得上5学分，三次大作业包含大量画图，建模，一次作业比得上其他长学期课程的期末大作业，需要花费大量时间，搞到最后全班就几个版本。实验课写实验报告的同时还需要准备报告的展示，上课的内容就是把控工的老东西重新讲一遍。关键这门课英文PPT加上全英文考试居然没有国际化学分，上课上的一坨，然后学在浙大甩了一堆视频让你看，美名其曰线上线下结合教学，实际就是上课什么都不讲然后逼你考前去把视频看一遍，PPT也不上传。至于zxc对研究生的待遇就不说了，集装箱黑奴实在出名，只能说因为这门课的缘故，选机电要慎重。
200476,1552,朱笑丛,2024-10-17 12:09:12,6,6,0,什么傻逼课，学分1.5能有这么多事纯nt
200479,1552,朱笑丛,2024-10-17 12:49:32,6,6,0,傻逼课
200501,1552,朱笑丛,2024-10-17 17:40:00,8,9,1,纯粹逆天，活该课被培养方案删除，还什么浙江省一流课程，用线上线下结合，英文PPT糊弄评委，纯纯狗屎，实际内容一点不讲，纯靠自学，1.5学分的东西这么能忽悠浙江省评委，你是什么人啊，浙江大学这么多好课，你的课评上自己干了什么我不知道，没点手段我是不信的
200969,1552,朱笑丛,2024-10-25 12:56:19,12,12,0,楚生啊
201756,1552,朱笑丛,2024-11-06 03:26:59,13,13,0,不给国际化学分你全英文考密麻麻呢\n\n石蜡！
201795,1552,朱笑丛,2024-11-06 10:57:04,3,3,0,出生老师出生课
202033,1552,朱笑丛,2024-11-08 12:35:03,5,5,0,傻卵，上课笑嘻嘻，长得跟黑大帅一样，b事还多，ppt英文简写google都搜不出来，还配套一个b实验，倒立摆是恁爹啊，除了这个就啥都不会了是吧
202288,1552,朱笑丛,2024-11-11 08:34:29,1,2,1,控制工程基础，总体感觉老师没其他评论说的这么逆天，先说优点：老师人不错，我和室友最后一次作业没交考完试还提醒我们补给她（其实没交也是怪她）。对比其他班我们班没有头疼的大作业，这是最屌的其次没有签到，据同班同学说平时作业只要交了就可以满平时分，讲的算比较细致的，PPT也还行，缺点没咋注意课程时间最后补了一次课才上完，不过这么一门宏大的学科被安排在半学期的课也可以理解；讲课感觉一般，平平无奇，但也没啥特别值得要去喷的，上课划水着上。作业布置量中等，不会的都能搜到，但不会给ddl，也不主动收，导致完全靠同学自己感觉要交了放到桌子上。
215955,1552,朱笑丛,2025-03-08 06:08:21,1,1,0,傻鸟一个啥都不管让你自己猜，煞笔
12763,1586,顾大强,2015-12-24 03:24:00,-8,10,18,老师挺好的
19052,1586,顾大强,2016-01-23 06:48:23,22,31,9,给分太差了\n\n
27128,1586,顾大强,2016-06-23 06:18:18,-9,6,15,好好好
38204,1586,顾大强,2017-07-18 10:58:18,6,14,8,上课毫无章法，大作业巨恶心，\n\n第一次大作业别的班老师国庆前就布置，还给一个月时间，允许两人组队，顾大强国庆后才布置，只给一个周时间，还要独立完成。\n\n第二次大作业，别的班7、8个人一组，上台展示就行，顾大强的班，最多3人一组，展示外加设计报告。\n\n顾大强巨坑无比，慎选！！！\n\n
44676,1586,顾大强,2017-01-18 06:04:06,6,12,6,垃圾\n\n
44966,1586,顾大强,2017-01-18 16:21:03,5,10,5,给分极差，大作业那么多还给分这么烂。
60646,1586,顾大强,2018-04-06 13:09:47,0,4,4,老师讲得挺好的，不点名，不提问，但是作业量大倒是真的。
61802,1586,顾大强,2017-11-21 04:01:57,-2,7,9,一开始看到评分这么差还有点慌，但是后来发现老师还是很好的
66016,1586,顾大强,2018-01-11 03:18:42,2,3,1,真的辣鸡
69727,1586,顾大强,2018-01-25 09:23:47,6,9,3,靠不给PPT留住学生的老师和靠怀孕留住男人的小三一样，辣鸡！
72007,1586,顾大强,2018-01-29 08:00:41,2,5,3,辣鸡给分差到家了
72016,1586,顾大强,2018-01-29 08:11:50,9,12,3,传闻大强给分很差，今日出分目瞪口呆。\n\n机设刷新了我的最低绩点，好像都配不上考试周那几天的复习。\n\n罢了罢了，珍爱生命，远离机械。
72040,1586,顾大强,2018-01-29 08:46:24,2,5,3,最后拿了一个3，这学期均绩直接就下降0.2，算是崩盘了。考试周这么努力复习机设，最后发现一切都是白用功。
72053,1586,顾大强,2018-01-29 09:06:54,3,6,3,上课还行。关键是大作业做也做了课也认真听了，考试前复习了三天半最后还是下了4 这给分……
72069,1586,顾大强,2018-01-29 09:41:05,2,4,2,真的辣鸡
79413,1586,顾大强,2018-06-04 03:24:44,5,10,5,此君出版的机械设计教材奇烂无比。\n\n居然还作为推荐教材，拿我们寻开心吗？
81731,1586,顾大强,2018-07-06 04:15:01,0,6,6,sb...
93803,1586,顾大强,2019-01-14 00:58:16,0,2,2,难受死了
95061,1586,顾大强,2019-01-18 15:50:28,0,2,2,作业多给分差
95229,1586,顾大强,2019-01-19 05:22:18,15,16,1,一二十个考试去厕所的还行←_←
95879,1586,顾大强,2019-01-20 07:20:52,4,7,3,老师人很和善事情不算多。一开始看评论慌得一批，考试周复习也不太充分，最后分数也不算差。给顾老师往上拉点评分吧
95883,1586,顾大强,2019-01-20 07:27:21,5,11,6,洗白一波，大强老师很可爱，讲课也很清晰，还会放小视频。往年不清楚，但今年作业真的少，就一次大作业，平时分给分也很高。考前有复习。考试看个人吧，虽然我绩点不高，主要还是个人原因。给十分。
95890,1586,顾大强,2019-01-20 07:38:12,-17,3,20,老师讲课水平很高，平时分很高，最后只有87，个人原因..
95899,1586,顾大强,2019-01-20 07:50:33,1,3,2,老师挺好的，就是这个给分。。。
95923,1586,顾大强,2019-01-20 08:24:50,4,5,1,自己考的差，给分不论好坏但比较客观，好老师！
95926,1586,顾大强,2019-01-20 08:30:47,4,6,2,谢谢老师的给分！以及客观的评价，上课思路很清晰，是我觉得这学期机械设计里上课思路最清晰的了！
96340,1586,顾大强,2019-01-21 00:42:23,-12,3,15,讲道理，大强自己也说了，这学期大家均绩高是因为这学期的助教平时分给的高。由此可见老师应该是比较求是的一个人，不管平时分，老老实实讲课老老实实出题改卷…
96541,1586,顾大强,2019-01-21 05:55:42,17,20,3,题可以不会，甚至可以不做，厕所一定要去，不然对不起考试
97137,1586,顾大强,2019-01-21 17:42:38,13,17,4,客观的说，大强讲课还是非常好的。很多机械应用信手拈来，案例丰富，课堂气氛很生动，只要你认真听一定有收获。不过确实给分一般般，鸡舍2考这么偏僻的知识点还要闭卷也是匪夷所思……
118999,1586,顾大强,2019-11-09 05:28:29,2,4,2,给分超级屑。
120717,1586,顾大强,2020-01-15 22:23:39,-1,3,4,老师讲课水平很高，上课深入浅出，循循善诱，对很多机械设计里面的工程实例信手拈来，还是很好的。但是最后卡绩了。。。。。。均绩狂降0.08
124571,1586,顾大强,2020-07-03 05:59:57,0,2,2,真TM无语
128674,1586,顾大强,2020-12-25 03:34:58,2,3,1,顾老师的机械设计课程设计超级负责，讲的很细致，平时作业和大作业检查得也很仔细（是真的很仔细，直接铅笔和尺子就在手边，超级负责），最后答辩问问题就是问一些具体的设计步骤，如果仔细做了都能回答出来的。最后大作业甚至还可以在检查之后修改重新打印一份，真的很好了！虽然作业是有点难任务量挺大的，不过绝对不是老师个人的问题，课程要求就是这样的。\n\n而且电脑绘图和手绘给分相差无几，挺公平的。
152981,1586,顾大强,2022-04-23 03:55:19,3,5,2,上了大强的机械设计2和机械设计课程设计\n\n大强的机械设计真的讲的很好只可惜平时上课都在摸鱼了\n\n等期末复习回放志云才发现真的很nice\n\n两门课给分也不错，我爱大强
162141,1586,顾大强,2022-11-18 10:56:06,4,6,2,青蒜青蒜，给分极低，画的好不如说的好，学学人家管成给分
162147,1586,顾大强,2022-11-17 05:10:48,0,3,3,给分太低，不如管成一根
172570,1586,顾大强,2023-04-30 09:53:21,0,3,3,老师水平很高，课程设计认真自己做，注意一点自己画在图上的东西还是很容易拿高分的
182535,1586,顾大强,2023-11-17 08:26:25,5,5,0,给老师9分吧~大强老师挺好，机设认真做，给分还可以
182555,1586,顾大强,2023-11-17 11:34:25,-12,0,12,不会上课可以不上，啥都不教，答辩问的又这么专业，纯为难人
182912,1586,顾大强,2023-11-21 05:28:09,8,9,1,感觉这个学期的机设课程设计给分还可以，老师都是很有条理的，跟着他的节奏，然后虚心请教，在最后一次答疑的时候，他还会给你提修改意见，力求在答辩前把图画完美，可能他也是想着尽量给我们高分吧。\n\n答辩问的问题也很固定，都是很基础的问题。
182922,1586,顾大强,2023-11-21 05:57:14,4,4,0,顾大强老师很负责，对学生很上心，给分也不错的。
213386,1586,顾大强,2025-01-17 07:09:15,1,1,0,好老师，很复杂，很认真，给分感觉挺好的
80642,1614,陈章位,2018-06-29 00:35:05,-19,8,27,上课n多小测验，就像考试一样。\n\n期末考试前写信问他考试范围，他说闭卷。\n\n再次写信问他，他就不回信了。\n\n一个不是很亲民的老师。\n\n上课水平85分，对学生的态度59分。
103824,1614,陈章位,2019-03-06 06:14:48,35,38,3,讲课水平太差了
105232,1614,陈章位,2019-04-08 02:31:06,11,17,6,讲课稀烂，不知所云。上课吹自己公司多么牛逼浪费一个小时，然后小测拖堂二十分钟。更绝的是，小测前让我们认真复习，结果小测考书上和PPT完全找不到的奇怪概念……
109930,1614,陈章位,2019-06-20 09:14:46,11,11,0,别问，就问SB
110591,1614,陈章位,2019-06-27 14:37:57,2,6,4,真的，服了，这就是个开公司的混进浙大来教书了
110627,1614,陈章位,2019-06-27 17:37:21,3,5,2,极端不负责任
110940,1614,陈章位,2019-06-28 15:35:18,2,3,1,先挂个楼，傻逼
113341,1614,陈章位,2019-07-06 08:57:45,2,3,1,怎么没有零分：）
122804,1614,陈章位,2020-04-08 06:17:39,16,19,3,太差劲了……上课讲的贼烂，还占用实验课，经常水时间和给他优秀的公司打广告。小测……可能就他就自己知道问题是什么意思吧，真的看不懂……
125779,1614,陈章位,2020-09-14 08:23:52,2,2,0,拉跨的玩意儿
126058,1614,陈章位,2020-09-17 03:55:02,5,6,1,其实小测内容老师上课都讲了，将他讲过的内容中书本和PPt上有的去掉就是小测内容。\n\n给分这个要看运气，考试占50，其它占50的情况下同样将课外内容都完成有人能得20分，也有人能得接近90\n\n考卷给分肯定是很求是的，毕竟是专业课，算分方式很有可能是考卷占150%，其它分只算扣分，这样就比较完美的解释了为啥有人能得20多了。
133888,1614,陈章位,2021-03-09 03:28:42,2,2,0,啊这，懂得都懂
133921,1614,陈章位,2021-03-09 12:29:24,2,2,0,为什么没有零分
134583,1614,陈章位,2021-04-03 08:02:50,2,2,0,为什么没有0分
134698,1614,陈章位,2021-04-10 07:42:16,6,6,0,上课不知所云，一般三节课时间一节讲作业一节吹牛逼还有一节飞速过概念，如果有小测的话吹牛时间会少一点；课本上没有的概念PPT里提一下就说非常重要，要同学回去自己推导，可是连定义都没讲我们推导什么呢......总之课堂体验稀烂，来ZJU三年第一次见到这样让人血压升高的老师
137551,1614,陈章位,2021-07-05 04:56:27,4,6,2,如果有0分我给0分，上课不知所云，拉胯，节节课小测，小测题目也属实拉胯，期末考试也拉，怀疑老师是不是不会出题啊，另外大家期末考试前一天看作业题加小测题就好了，其他不用看，估计都能考89十分
140196,1614,陈章位,2021-09-04 10:30:15,5,5,0,垃圾老师，上课水平烂就算，自以为是、目中无人的样子真令人作呕。基本不听取学生的意见，你只要表达任何看法都会把你打断，说你什么都不懂，反正就他最懂了。擅长践踏学生尊严、打击学生自尊心，然后拿一堆破事儿折腾你，正事儿一样不干。其他的正如楼上所说，动不动就介绍他那个破公司，谁稀罕听你这公司啊？？？
142544,1614,陈章位,2021-11-13 01:43:54,3,3,0,讲课太烂了
159411,1614,陈章位,2022-07-17 19:18:58,2,2,0,嗯嗯嗯
160442,1614,陈章位,2022-09-22 14:45:17,2,2,0,讲课太垃圾，不切合实际
160707,1614,陈章位,2022-10-03 06:46:24,3,5,2,不会讲课就别授课了，讲的太垃圾了
160824,1614,陈章位,2022-10-14 12:49:18,4,4,0,上不来就别来上了，我拿本书看的真比你讲的有效率多了，科研能力不知道，上课水平真是哈哈，还自以为是，gungungun
160877,1614,陈章位,2022-10-18 02:17:08,5,5,0,给你五秒钟，把这张PPT抄一下😅
163776,1614,陈章位,2022-12-16 05:45:06,5,5,0,上的是机械测试技术基础，老师上课喜欢扯自己公司的东西，平时小测每次5分且直接从总评里面扣，并且关于小测的给分方式一直到考试前两周，两次小测结束才告知，非常搞心态。除此之外，对于课表和上课计划毫无概念，考前最后一节课竟然还不讲作业，直到同学提醒，才说自己以为还有一周课。还有他的小测不会有点名分，但是会特意挑调课时间等等可能有时间冲突的时间来测，不会提前通知，结合前文所说直接从总评里扣分，会非常影响平时分。如果不认为自己期末考试能够考满分的，最好别指望自己有4以上绩点。总之大家一定要避雷！
174825,1614,陈章位,2023-06-18 14:46:56,5,5,0,讲得很烂，给分很烂，整个烂透了
174826,1614,陈章位,2023-06-18 14:48:05,4,5,1,我真的是操了你吗了，你吗哥傻笔，曹你吗操你吗操你吗，你吗斯了
180546,1614,陈章位,2023-09-22 14:57:07,5,5,0,无需多言，就是SB。
181791,1614,陈章位,2023-11-01 01:20:32,4,4,0,纯有病
181999,1614,陈章位,2023-11-07 15:24:43,16,16,0,出生东西，每节课必定点名，还会在一些特殊时间比如没有课的晚上进行突发点名，主打一个搞心态，小测纯随机，题目都tmd写不清楚，歧义满满，我测你的吗，小测从总评里扣分，学期开始说好的64开，byd小测都tmd快超过40分了，你给你妈的平时分，别的班没这么多比事，就你父母双全所以屁事巨多是吧，如果有得选，绝对别来上这个老师的课，1.7的评分是不会骗人的
182054,1614,陈章位,2023-11-09 06:30:22,21,22,1,所以压电式传感器到底是一种什么传感器🤗
182097,1614,陈章位,2023-11-10 01:56:39,9,9,0,纠正一下上面的同学，上课说的是73开，期末7，平时3，所以总评会更低。真纯出生
182098,1614,陈章位,2023-11-10 03:14:38,8,8,0,下周三是星期几？
182180,1614,陈章位,2023-11-11 14:27:37,5,6,1,怎么说呢，感觉就是一个老教师的教学方法和教学理念赶不上时代了。
182295,1614,陈章位,2023-11-14 07:46:39,8,8,0,老师真的就是脱离时代的离谱，上课很多东西讲不清楚，这里说划一下那里说划一下，后面讲习题的时候，讲不好就说这个后面让助教给我们发看一下，有小测，但是试卷不发下来的，后面复习没参照，群里有人问也不回，就是纯混的老师，估计是就想混到退休吧。混就算了，每节课还有点名，时不时来个小测。一万个后悔选他的课了就是说。
182334,1614,陈章位,2023-11-15 01:50:34,12,12,0,DSB
182490,1614,陈章位,2023-11-16 12:18:22,5,5,0,节节点名，小测不知所云，讲课像史
182615,1614,陈章位,2023-11-18 10:35:09,9,9,0,tmd
182616,1614,陈章位,2023-11-18 10:35:19,12,12,0,鉴定为纯纯牛马
182636,1614,陈章位,2023-11-18 15:42:05,10,10,0,彼阳若至，初升东曦。绯雾飒蔽，似幕绡绸。彼阳篝碧，雾霂涧滁。赤石冬溪，似玛瑙潭。彼阳晚意，暖梦似乐。寐游浮沐，若雉飞舞
182739,1614,陈章位,2023-11-20 04:08:05,7,7,0,纯纯sb，逃！！！！！！！
182818,1614,陈章位,2023-11-20 12:13:53,6,6,0,我只能说1.5评分给这个sb都给高了，为什么不能打0分！！！
182870,1614,陈章位,2023-11-21 01:20:40,5,5,0,纯sb玩意儿，千万别选
182890,1614,陈章位,2023-11-21 03:36:56,5,5,0,😅已读不回
182906,1614,陈章位,2023-11-21 04:37:18,11,11,0,次次点名，五次小测，讲课水平很差，给分不好，但这些还不完全是给他一分的原因\n\n他在上课时候说“这些ppt我都会送给你们的”然后期末考前一周，我们十几个人在群里问他“能不能把ppt发一下”，他把我们十几个人的消息给撤回了\n\n不是，我发出去十分钟你就已读了，不回我还能勉强能理解，撤回是几个意思啊\n\n很难想象这是个人能做出来的事情
183361,1614,陈章位,2023-11-24 05:44:41,3,3,0,快退休吧，别祸害下一届了。
183369,1614,陈章位,2023-11-24 08:46:04,2,2,0,知天易
185954,1614,陈章位,2024-01-06 12:10:14,4,4,0,每天来问一次，这个b怎么还没鼠啊
192769,1614,陈章位,2024-05-30 06:23:51,0,0,0,赶紧跑
199110,1614,陈章位,2024-09-18 01:43:06,1,1,0,快速陈章位讲课（fast chen teaching，FCT）
199513,1614,陈章位,2024-09-25 01:24:46,0,0,0,呵呵呵
199767,1614,陈章位,2024-09-29 08:38:19,2,2,0,听他上课比吃了还难受，真的一点不会上课啊，别开课了哇，好好去做你的董事长总经理不好吗，求求了😭
202046,1614,陈章位,2024-11-08 15:02:44,1,1,0,选了就自求多福
202695,1614,陈章位,2024-11-14 01:45:00,-11,0,11,退休老头的最后一届，很好的小测，期末很舒服，比预料中好
204835,1614,陈章位,2024-11-28 05:39:39,0,0,0,对小朋友的好消息：退休了\n\n对老登的坏消息：tmd就是一坨
1516,1643,伊国栋,2015-03-22 09:50:27,10,26,16,就是进度有点慢，总体赞一个
8988,1643,伊国栋,2015-10-08 05:57:16,-3,9,12,感觉超好
9725,1643,伊国栋,2015-11-06 02:25:59,2,12,10,人很好
11506,1643,伊国栋,2018-02-01 08:08:29,-8,12,20,很好，真的很好。给分很高。
11510,1643,伊国栋,2015-12-03 07:18:03,1,13,12,上课特别认真，课也很有趣，没有口音，工图就他了^ω^
15114,1643,伊国栋,2016-01-12 06:19:04,-8,6,14,超棒的老师，讲的很好，上他的课真好
20980,1643,伊国栋,2016-02-06 08:12:59,-4,6,10,莫名喜感好老师
21462,1643,伊国栋,2016-02-29 02:27:03,-5,5,10,感觉不错
30907,1643,伊国栋,2016-07-03 01:38:15,-6,5,11,人很好，讲的很细，作业不多，绝对好老师
31795,1643,伊国栋,2016-07-05 02:32:10,-4,7,11,给分好不好我不好说，虽然说学习主要看自己，但老师的课上的确实有点少吧，一学期基本没有讲什么T-T我说的是机械制图。而且连上4节课的效果一点都不好，其实也怪学校zz
33857,1643,伊国栋,2016-12-29 05:47:30,-5,4,9,讲得慢，但很清晰
33891,1643,伊国栋,2016-09-22 10:24:43,-10,4,14,很好玩
34951,1643,伊国栋,2016-10-27 03:51:02,-8,2,10,讲的很清晰，人很好。大写的赞
40218,1643,伊国栋,2016-12-30 06:15:21,4,7,3,CAD建议别选他的。？。。
40251,1643,伊国栋,2016-12-30 14:54:32,6,8,2,老师的cad课极水，这么一门重要的基础课竟然以视频教学为主，上课状态不佳，松松垮垮，作业评定不能给出合适理由
45711,1643,伊国栋,2017-01-20 03:20:10,-6,2,8,讲的慢考自学\n\n
45734,1643,伊国栋,2017-01-20 03:55:15,-6,3,9,讲的挺认真的。挺好。
69500,1643,伊国栋,2018-01-25 01:27:41,-6,3,9,老师保佑我工图考试顺利！
71916,1643,伊国栋,2018-01-29 05:40:51,-2,9,11,老师讲课讲的超级好，我更喜欢他的人。真的，老师人超好。工图这门课本来就难，听不懂怪不了老师，成绩还没出来，挂了我也认了。老师是好老师，人很好
73057,1643,伊国栋,2018-01-31 22:45:13,11,13,2,给分差
73125,1643,伊国栋,2018-02-01 03:48:23,33,51,18,挂科的赞下我看看多少
73564,1643,伊国栋,2018-02-02 03:38:25,-6,4,10,老师很棒，超级耐心细致超级温柔。然而给分……问了好几个小伙伴都不是很高_(:з」∠)_老师是真的好老师，可能自己太菜鸡了吧
73771,1643,伊国栋,2018-02-03 05:21:00,11,12,1,给分贼差
74778,1643,伊国栋,2018-03-06 01:17:54,-8,4,12,#师强我渣系列
86829,1643,伊国栋,2018-09-19 03:16:12,11,12,1,给分差
89829,1643,伊国栋,2018-11-21 02:44:24,-6,4,10,很好啊，不知道分为什么这么低啊，工图真的可以，安利！
101712,1643,伊国栋,2019-01-29 02:08:52,-5,4,9,老师讲的很棒，是我菜，分数低。
101820,1643,伊国栋,2019-01-29 07:31:59,-8,5,13,老师教的很好，，而且没有很多乱七八糟的作业(导致我和室友们进度一直不一致。给分不知道啊。。。感觉还行叭。。。毕竟我这么菜，过了就很开心了。。
103156,1643,伊国栋,2019-02-26 08:33:08,9,10,1,感觉工图讲的并不清晰啊
103690,1643,伊国栋,2019-03-04 07:35:26,-6,3,9,很可爱啊老师
104420,1643,伊国栋,2019-03-20 03:42:03,-8,2,10,进度较慢，但是会讲一些其他的生活学习建议，还是比较推荐的
114123,1643,伊国栋,2019-07-09 00:22:41,14,16,2,讲课还行，给分真差
114127,1643,伊国栋,2019-07-09 00:25:45,19,24,5,讲课挺好，给分巨坑?
114151,1643,伊国栋,2019-07-09 01:28:33,12,13,1,老师课上的还好，但给分不行。。本来觉得至少3 结果1.8 枯了。。
114154,1643,伊国栋,2019-07-09 01:40:24,8,12,4,作业相对较少，进度似乎比其他班慢一些，只画了一次大作业，但给分非常差。
114165,1643,伊国栋,2019-07-09 02:17:39,15,18,3,垃圾玩意儿 我工图直接挂了 nmsl 如果重修坚决不选这货的课了
114220,1643,伊国栋,2019-07-09 05:56:03,12,14,2,给分极差！极差！！！慎选！！
114224,1643,伊国栋,2019-07-09 06:19:27,28,34,6,绩点没过三的顶一下好蛮…我疯了
114497,1643,伊国栋,2019-07-10 06:51:27,11,13,2,呵呵呵
115035,1643,伊国栋,2019-07-14 16:16:44,9,10,1,差差差
115259,1643,伊国栋,2019-07-17 07:11:39,8,9,1,无发可说
116190,1643,伊国栋,2019-09-06 02:00:15,5,5,0,一般般
116754,1643,伊国栋,2019-09-15 05:35:22,-3,3,6,666
122573,1643,伊国栋,2020-03-04 08:45:56,4,7,3,真的绩杀不解释，辛辛苦苦学了一个学期给我1.8，所有作业全部认真完成，期末考难也不调平时，真的被坑死！重申不变 慎选！慎选！！慎选！！！
125477,1643,伊国栋,2020-09-10 03:08:48,1,2,1,工图过了
126055,1643,伊国栋,2020-09-17 03:39:34,1,2,1,虽然有人说给分不好？但是上课讲的很好作业也不多…
128355,1643,伊国栋,2020-12-21 06:58:58,-2,0,2,。。。
149418,1643,伊国栋,2022-01-15 09:05:02,0,2,2,非常好
149446,1643,伊国栋,2022-01-15 11:00:59,-76,1,77,讲课给十分，可以学到有用的东西，但是给分感觉一般，毕竟我微积分满绩，线代4.8。
152534,1643,伊国栋,2022-04-14 06:52:26,2,2,0,讲课真的好，作业也不多，给分还没期末，不做评价
152988,1643,伊国栋,2022-04-23 07:04:37,4,4,0,老师还是比较温柔的，很有耐心，跟着老师学成绩不会差的
153227,1643,伊国栋,2022-04-27 01:35:05,-3,0,3,课上的挺好，分给的巨烂，看均绩就能知道给分什么水平了，慎选吧
153497,1643,伊国栋,2022-05-02 03:43:17,6,6,0,老师的机械制图及CAD基础还是很好的，工程图学不太清楚了
172479,1643,伊国栋,2023-04-27 12:41:49,-6,3,9,打击式教育，浙大求是第一人，考完试立马解散群，是怕我们找麻烦吗
172515,1643,伊国栋,2023-04-28 12:25:16,-4,2,6,老师给分超级好，大家快选，讲课很细致，真的超级超级好
172516,1643,伊国栋,2023-04-28 12:29:29,0,1,1,室友说很好
172518,1643,伊国栋,2023-04-28 13:44:35,4,5,1,上的cad\n\n不点名、作业也不多\n\n上课讲的也真的很好\n\n我认真听课了、认真作业，绩点不差的\n\n谢谢老师，比我的工图还高，满啦
172524,1643,伊国栋,2023-04-28 14:23:25,0,2,2,老师，我爱你！！！
172538,1643,伊国栋,2023-04-29 05:07:26,8,8,0,大爱老师的机械制图及CAD\n\n基本信息：\n\n强制作业少，虽然设定ddl但是允许补交宽限时间长；\n\n不点名，无小测；\n\n会布置课后练习但不强制不交而且下节课会讲解，做了对自己有好处；\n\n上课感受：\n\n上课真的很好，老师不怎么用麦但是声音非常洪亮，把很多知识点都讲清讲透了（对比我学的晕晕乎乎的工图），真的拯救了我很差很差的三维空间。\n\n这门课的细节确实非常多，但认真学是有方法有套路的，老师非常有经验，ppt非常清晰，重点突出，还有拓展，每个地方为什么这么画的原因也能讲清楚，真的我要感动死了。\n\n给分：他是我的神！！！！做梦都没想到比我工图两倍都高（可见我工图有多拉）好老师，选他！
185852,1643,伊国栋,2024-01-05 02:47:44,19,21,2,长得像孙笑川
187794,1643,伊国栋,2024-01-17 12:55:54,4,4,0,老师上课讲的很好，讲的很详细，虽然我不听课，就是每周五早上自学四十分钟然后去交个作业。稍微难一些的题要看个人能力，这次期末考偏简单。3.9，中规中矩。那些说绩杀的自己反思一下有没有认真学
187860,1643,伊国栋,2024-01-17 15:39:41,3,3,0,刚开学的时候看到查老师上伊老师的评分不高，还是有点担心的，但是上了一个学期的课，觉得开学没有换老师也是一种幸运。这个学期上了伊老师的工程图学，真的体验感良好，老师平时不点名，上课很有我高中物理老师的风格，很有激情，声音也很大，内容也很好。我来自全国甲卷地区，高中的时候通用技术属于会考水平，空间想象力也不行，平时小测做得像一坨goushi，期末的时候和学长聊天学长说有的老师会给平时作业评等级然后评分，我看到我们平时作业上完全没有打分的痕迹，怀疑是不是自己做得太差了助教都不想打分了还是助教老师自己打了分但没有告诉我们，很担心我的平时分，虽然我现在依然不知道伊老师的平时分到底怎么算的，但是看到期末总评4.2的时候真的很开心，对于我一个高中只会长对正高平齐宽相等，想象能力又不行的人来说，已经很好了，大爱伊老师。
188831,1643,伊国栋,2024-01-20 06:34:33,0,2,2,感觉期末画得很崩溃，作业认真做，小测还行，4.5意满离
195750,1643,伊国栋,2024-06-30 01:20:43,3,3,0,老师真的很好！！！不要被评分吓到了！
195970,1643,伊国栋,2024-07-01 03:14:32,-2,1,3,伟大，无须多言，给分真的好，期中直接让你下去做，期末我一个图没画出来都给我捞到3了，我感谢他
195995,1643,伊国栋,2024-07-01 04:58:23,0,0,0,老师讲课真的很好很清晰，整体思路很刘畅，讲课很nice，期末我觉得自己画的一片难评最后也上4了，真的很感动
204387,1643,伊国栋,2024-11-25 14:37:04,0,0,0,工程图学教的又慢又烂，千万别选！！！！
205852,1643,伊国栋,2024-12-12 09:41:19,3,5,2,老师上课超级认真，说话很有中气，收作业前都会在钉钉群把答案发出来，小测上课写不完也可以拿回去做了当平时作业交，但凡走点心平时分应该就不会低。期末考试纯看个人情况不多评价，老师不会刻意去压低同学们的分数，也别指望捞得多厉害，毕竟做成什么样自己心里应该有数。笨人平时分98，最后总评也是98，老师给分真的不吝啬，狠狠赞了。
208620,1643,伊国栋,2024-12-30 06:29:53,0,0,0,是我太菜
212511,1643,伊国栋,2025-01-14 06:06:31,3,3,0,给分极差，同一门课均绩能差0.7？不知道怎么想的
212518,1643,伊国栋,2025-01-14 06:22:10,1,1,0,下一个zyg，给分巨差无比
212742,1643,伊国栋,2025-01-14 16:39:04,2,3,1,给分差，喜提大学最低绩点
218246,1643,伊国栋,2025-04-22 08:11:34,0,0,0,老师人很好，上课中气足，讲得很清楚，也不点名
218278,1643,伊国栋,2025-04-22 14:07:18,0,0,0,春学期的cad，伟大无须多言，不点名，老师上课讲得很好，给分也很好
218347,1643,伊国栋,2025-04-23 00:42:39,0,0,0,CAD挺棒的，可惜我是真的菜
218439,1643,伊国栋,2025-04-23 13:21:21,1,1,0,春学期的cad，老师讲课讲得很好，ppt做得很详细很清楚而且从来不点名:) 给分我觉得挺好的，本工图菜鸡真的非常感谢老师qwq
219141,1643,伊国栋,2025-05-22 07:22:55,1,1,0,春学期的cad，满绩了过来打个分~\n\n老师不点名，讲课还是很细致的，人也很好，被我线上用画图骚扰也都很耐心解答了。个人上下来体验感还是不错的！捞人情况不太清楚因为我平时分基本是满的期末也刷到过原题，但感觉应该不错！
221056,1643,伊国栋,2025-06-21 05:00:05,1,1,0,工图给分巨差无比，给分细则一点也不透露，完全不考虑学生对绩点的需求
221256,1643,伊国栋,2025-06-22 09:36:05,0,0,0,伊老师的工图还是非常不错的～老师讲课非常细致，也会强调很多重要的点，浑厚的男中音也非常舒服hhh。老师上课不点名，作业可以补交，爽得飞起ψ(｀∇´)ψ！\n\n不过大家想学好工图这门课的话，还是要功夫下在平时，不能只是听课写作业（不然就会像我一样之前不怎么学，期末补天到崩溃，最后还错了一大堆）。建议去B站之类的地方找点视频资源辅助着学ദ്ദി˶>ω<)✧
3069,1668,冯毅雄,2015-05-13 11:31:57,36,43,7,老师上课喜欢吐槽。。给分一般吧。。
8160,1668,冯毅雄,2015-09-17 07:30:45,13,18,5,很逗，灰常逗
8165,1668,冯毅雄,2015-09-17 07:57:35,3,4,1,风趣幽默，吐槽大师
8985,1668,冯毅雄,2015-10-08 05:30:36,27,31,4,老师很明白，给你一种你要是还不明白就是智商问题的感觉了。
9509,1668,冯毅雄,2015-10-29 05:30:57,-3,4,7,不喜欢，我相信你也不会喜欢
9520,1668,冯毅雄,2015-10-29 07:05:33,-1,5,6,不喜欢
12893,1668,冯毅雄,2015-12-24 07:45:20,8,9,1,老师人真的挺好的，有时候超搞笑
15149,1668,冯毅雄,2016-01-12 08:18:06,5,5,0,特激情
15607,1668,冯毅雄,2016-01-15 15:27:18,1,1,0,老师灰常逗，听他的课让你的脑子不得不转的特别快，课灰常有趣，一点不水，老师平时给的考试建议也很好
15922,1668,冯毅雄,2016-01-16 15:17:19,0,1,1,老师人还是不错的，讲课讲的不水，能学到不少东西的，并不是单纯念PPT
18629,1668,冯毅雄,2016-01-22 07:12:26,-4,4,8,给分很一般瞎逼逼讲的飞快……不要选
18667,1668,冯毅雄,2016-01-22 08:57:01,13,16,3,老师是个很豪爽的人，说话有特色不会让人犯困。平时有问题问他总是很耐心的回答，我觉得他是个好老师。
18681,1668,冯毅雄,2016-01-22 09:37:53,12,14,2,老师上课很有意思，吐槽的时候非常可爱，比较关心学生的成绩。工图这种课考得好成绩肯定差不了，考的不行也别指望得很好的分，跟老师没什么关系。
18984,1668,冯毅雄,2016-01-23 02:06:15,1,2,1,上课还行，会突出重点，但有点功利与应试，不过课程紧也不能怪他。给分还好的。
21523,1668,冯毅雄,2016-02-29 06:02:10,22,24,2,工图讲的特别好，就是速度有点快。上课会总结一些画图技巧，对于考试很有帮助。认真听他的课一定能拿高分的。\n\n
22564,1668,冯毅雄,2016-03-08 03:26:13,2,2,0,讲的还可以呢
22566,1668,冯毅雄,2016-03-08 04:22:16,0,4,4,现在已经十二点二十五了，还没下课，差评！
23571,1668,冯毅雄,2016-04-06 14:14:00,0,2,2,讲不清楚
23667,1668,冯毅雄,2016-04-12 02:31:56,-3,6,9,上课不回应他，他就会认为你不会，然后把学生批判一番。，他越是言辞激烈，我越不想理他。
25046,1668,冯毅雄,2016-05-05 03:52:14,1,5,4,冯老师真心是个好老师，只要平时认真听他的课，作业按时完成，就算一开始空间想象能力几乎为零也是可以拿高分的
31603,1668,冯毅雄,2016-07-04 09:04:29,0,3,3,听课做作业都挺认真的，考试感觉也不错的，就是不知道为什么给分这么低，慎选！！！
33848,1668,冯毅雄,2016-09-22 05:44:47,0,1,1,吐槽男神
34256,1668,冯毅雄,2017-03-31 07:37:29,3,4,1,调养三观
34546,1668,冯毅雄,2016-10-13 06:40:41,0,1,1,吐槽水平突破天际…
35133,1668,冯毅雄,2016-11-03 05:55:21,1,1,0,good
35947,1668,冯毅雄,2017-01-13 05:12:03,5,5,0,攒点人品
40086,1668,冯毅雄,2016-12-29 06:21:03,1,1,0,还可以吧..
40737,1668,冯毅雄,2017-01-05 07:43:49,0,0,0,有趣，会抓重点\n\n
46403,1668,冯毅雄,2017-01-21 13:20:04,0,0,0,太6了  喜欢
46734,1668,冯毅雄,2017-01-22 08:49:00,1,1,0,给分很一般
46952,1668,冯毅雄,2017-01-23 05:01:04,-2,1,3,给分一般，上课很水
47211,1668,冯毅雄,2017-01-24 13:56:09,0,2,2,和一般老师相比，讲课很有个性，幽默风趣，不呆板枯燥，喜欢吐槽，助教姐姐人也很好，但是给分真的比较一般，对学生的分数也不关心
47574,1668,冯毅雄,2017-02-02 02:07:53,4,4,0,老师很逗 讲课笑死我 但从来没下课 一讲连着三节 分真的是超超超超超低 最低的一科 感觉平均分比别的班都低
51018,1668,冯毅雄,2017-05-13 11:01:21,0,1,1,真不知道在干甚多\n\n
59330,1668,冯毅雄,2017-09-21 02:18:00,0,1,1,这广告打得666
63289,1668,冯毅雄,2017-11-30 05:32:15,0,0,0,。。。
63743,1668,冯毅雄,2018-01-11 07:40:31,0,0,0,还是很有意思的
63751,1668,冯毅雄,2017-12-28 15:07:35,6,7,1,讲得好，强烈推荐老师的机械制图，不学这门课后悔一辈子。
65062,1668,冯毅雄,2017-12-28 12:15:26,5,5,0,上他的课你会明白工图的美，而且会学会很多，干货满满，包括了哲学，心理学，计算机，美学，玄学，很好
66187,1668,冯毅雄,2018-01-12 15:52:58,2,2,0,老师讲课挺好的...不过有时候会嫌弃我们太笨
69404,1668,冯毅雄,2018-01-24 15:13:00,7,7,0,老师很好，上课也讲了很多有用的东西，后悔没好好学
69413,1668,冯毅雄,2018-01-24 15:26:31,8,8,0,很幽默，说话方式很真实，讲课内容也很干货。有时候会说损人的话，但其实听久就完全当调侃了
73539,1668,冯毅雄,2018-02-02 02:30:06,6,6,0,老师人很好，很有才，课上完了也不忘照拂我们。。就是成绩出的超慢。。可能是绞尽脑汁给我们好成绩吧。。托老师的福。。上4了
73545,1668,冯毅雄,2018-02-02 02:53:24,2,2,0,感谢不挂之恩
73568,1668,冯毅雄,2018-02-02 03:53:51,4,5,1,给分好，什么都不会的我居然没挂
73938,1668,冯毅雄,2018-02-03 15:54:47,1,1,0,给分挺好，可能看人
75261,1668,冯毅雄,2018-03-08 08:20:03,0,1,1,好玩⊙▽⊙
84795,1668,冯毅雄,2018-07-14 01:47:57,-5,3,8,很好，强力推荐老师的机械制图CAD，不选这门课悔来浙大。
105139,1668,冯毅雄,2019-04-04 07:29:20,6,8,2,下课行吗 憋死人了
105668,1668,冯毅雄,2019-04-18 07:28:17,3,5,2,我想不明白为啥不下课休息。
110696,1668,冯毅雄,2019-06-28 04:48:32,4,4,0,我严重怀疑老师学过说相声，但是我没有证据。老师上课讲的很细，但是中间不下课有点难受
111531,1668,冯毅雄,2019-07-02 01:25:17,0,0,0,老师很有趣
111590,1668,冯毅雄,2019-07-02 05:19:43,1,1,0,老师很逗，自带笑点，期末好像不怎么捞人，等挂
114846,1668,冯毅雄,2019-07-12 03:12:39,1,1,0,老师很了解学生，上课讲的也不错，很多东西强调的很好，可能是口音的原因(喜欢把前鼻音读成后鼻音？)感觉说话好逗
121929,1668,冯毅雄,2020-01-24 08:35:29,0,0,0,吹爆吹爆
122359,1668,冯毅雄,2020-02-25 07:28:51,1,1,0,期末成绩最后一个出\n\n因为老师在捞\n\n10分不接受反驳
123310,1668,冯毅雄,2020-06-02 06:33:43,0,0,0,讲课详细，赞
124814,1668,冯毅雄,2020-07-10 09:19:29,4,4,0,助教是一个很漂亮的小姐姐
126129,1668,冯毅雄,2020-09-18 02:37:58,1,1,0,讲课还行，就是出分太慢了!!!!
126196,1668,冯毅雄,2020-09-19 05:12:39,0,0,0,讲课干货不少，给分也还行，棒棒哒
126386,1668,冯毅雄,2020-09-24 13:34:43,-5,3,8,垃圾玩意
135543,1668,冯毅雄,2021-05-13 06:25:38,0,1,1,为什么我作业认真做，期末感觉考的也还好，但是给分😔😔😔，比工图少了1.2
140565,1668,冯毅雄,2021-09-14 01:45:24,1,2,1,快乐的
169809,1668,冯毅雄,2023-02-28 03:29:14,4,4,0,老师上课不睁眼
170463,1668,冯毅雄,2023-03-05 07:11:00,2,3,1,【工程图学】总的来说，挺不错的老师\n\n讲课很清楚，会教你各种画法，高中没选技术学科的应该也可以学好\n\n说话方式很接地气，但是他本人好像觉得什么题目都很简单，不该做错......\n\nPPT内容很清晰明了，复习神器，几乎不需要课本，上课有些记忆类的内容会快速带过，需要自己复习\n\n对作业也很宽容，期末考前都可以补交，这点个人觉得特别好！\n\n线下上课从不点名，线上之后用数字点名了
180829,1668,冯毅雄,2023-09-27 04:04:24,0,0,0,讲课有点快，有点高高在上的感觉，除此之外都还好，挺幽默的
67013,1693,毕运波,2018-01-20 02:28:09,2,6,4,good
216251,1693,毕运波,2025-03-12 16:32:03,1,1,0,老师人很不错
1765,1819,李基拓,2015-04-21 05:33:18,10,16,6,浓浓的南方口音
3533,1819,李基拓,2015-06-17 01:29:13,48,63,15,长得帅。。
5117,1819,李基拓,2015-07-04 08:47:58,2,7,5,很nice，负责，不过上课水平一般般。。
12650,1819,李基拓,2015-12-23 23:50:47,5,7,2,上课很认真，尽管话不多
13087,1819,李基拓,2015-12-24 23:49:53,7,9,2,认真PPT做的不错
15085,1819,李基拓,2016-01-12 03:15:42,4,4,0,好好听课应该挺好的，虽然很无聊，但是挺认真
15100,1819,李基拓,2016-01-12 05:06:27,7,9,2,帅老师
20987,1819,李基拓,2016-02-07 11:29:09,5,5,0,老师讲得很详细～
22004,1819,李基拓,2016-03-02 05:32:36,21,25,4,图形是一点点地在分析，分析地很好，老师也是很敬业很有科学精神的～而且长的很帅～
22332,1819,李基拓,2016-03-03 16:12:06,0,0,0,。。。
22347,1819,李基拓,2016-03-04 01:43:53,2,2,0,hhhhhhhhhhhh
22402,1819,李基拓,2016-03-04 09:50:14,5,5,0,老师帅！讲课认真细致，是我喜欢的风格
22492,1819,李基拓,2016-03-07 02:52:40,0,0,0,还行吧
29968,1819,李基拓,2016-06-30 15:32:21,-5,5,10,四分都不给我？？？
29970,1819,李基拓,2016-06-30 15:35:07,5,5,0,给分求是
29984,1819,李基拓,2016-06-30 15:59:32,9,13,4,第一节课就被老师的颜值征服！帅！主要是气质！课也讲的很好很仔细，认真负责。不过身为工科男的通病？有点腼腆
29986,1819,李基拓,2016-06-30 16:03:47,0,1,1,老师给分手下留情啊！！！！好棒！！！讲课也好啊！！！！
30092,1819,李基拓,2016-07-01 02:19:21,3,6,3,老师很帅，颜值气质都炒鸡高啊～上课有条理，不乱扯，课堂利用率高。作业讲评的ppt尤其良心！
30376,1819,李基拓,2016-07-01 12:32:41,2,2,0,讲得很详细，回答问题也很耐心。
33294,1819,李基拓,2016-09-18 02:33:22,2,4,2,好困..
34389,1819,李基拓,2016-10-09 02:01:25,-7,7,14,哪里帅？
37204,1819,李基拓,2016-11-18 01:54:50,1,3,2,老师好帅 而且人超级好哒
41929,1819,李基拓,2017-01-13 08:41:08,8,8,0,希望老师看到给我及格
42042,1819,李基拓,2017-01-13 12:56:18,0,1,1,老师人很好，最后一节课上课复习下午大化G理论考试内容被发现了，但他很和蔼得关心我们的考试，并没有说我不好
43295,1819,李基拓,2017-01-16 05:38:37,4,4,0,老师是那种萌帅的，炒鸡温柔(｡･ω･｡) \n\n（虽然感觉自己工图可能药丸，但谁让自己平时没学呢...）
43789,1819,李基拓,2017-01-17 03:13:00,10,13,3,老师长得帅，讲课又清晰有条理，人又好，点名之前还专门先上一节课（看到不少同学在课上匆匆忙忙赶来估计本来要旷课的吧2333），给分也不错，不过工图这门课不仅老师很重要，自己也要下功夫，强推！
43798,1819,李基拓,2017-01-17 03:35:43,1,2,1,大帅比  给分好  讲课认真
43862,1819,李基拓,2017-01-17 05:14:19,0,2,2,老师挺好的，上课知识点都讲的，作业也批改的很认真的，关键是给分很好，特别良心
43947,1819,李基拓,2017-01-17 06:57:30,1,1,0,老师人很好，教的也很好
44177,1819,李基拓,2017-01-17 11:26:42,0,0,0,老师讲课很细致认真…而且要是下节课要小测点名会提前和同学们说…对于翘课迟到的都不在意。虽然最后给的分还挺一般
44491,1819,李基拓,2017-01-18 01:20:38,5,7,2,雷gay拓算是个好老师吧，但是不知道为什么我最后得分那么低…可能是我期末考的比较差 人长得确实帅，但是还是不得不吐槽下他讲课确实有点催眠?，基本上都是睡过去的，但是我相信认真听的同学肯定收获不少 哦对 还要吐槽下他浓浓的南方口音和迷之破音?
44672,1819,李基拓,2017-01-18 05:56:33,2,3,1,老师很负责，图形也分析的很清楚，问他问题都很乐意帮你解答，有时候还有一些小幽默。
45098,1819,李基拓,2017-01-19 03:31:54,14,15,1,还行吧，就是引人睡觉\n\n
46259,1819,李基拓,2017-01-21 05:17:43,0,1,1,听也可以自学也可以，认真一点完成作业不懂去问他还是很耐心给你解答的。作业来不及交和他说一下也没关系哦(⊙o⊙)哦
50991,1819,李基拓,2017-05-11 07:17:53,2,3,1,昏昏欲睡
57576,1819,李基拓,2017-07-10 03:18:04,0,0,0,老师讲课很认真仔细 只要好好听都能学的不错的～给分也很好 人也很可爱
65297,1819,李基拓,2018-01-02 14:56:52,2,3,1,作业略多，老师人很好
73212,1819,李基拓,2018-02-01 07:26:03,0,0,0,挺可爱
73265,1819,李基拓,2018-02-01 08:59:28,2,2,0,给分求是
75612,1819,李基拓,2018-03-14 05:38:07,3,5,2,帅是真的帅，困也是真的困
76356,1819,李基拓,2018-04-04 06:06:34,1,2,1,老师超级萌哒哒~上相贯线还拉了一箱模型，太萌了，很帅！！讲课超级有条理。非常喜欢！！工图遇上这样的老师觉得很幸运~~
83098,1819,李基拓,2018-07-09 16:13:20,2,4,2,给分求是，你考多少就是多少，不会像别的老师根据试卷难易程度来调分\n\n可能这就是老师的风格吧，一个有求是精神的人
83117,1819,李基拓,2018-07-09 17:26:38,-5,3,8,老师讲课特别细致，对于没有基础的同学来说非常有用！我其实画法几何小测不及格，但上了老师的课，工图能达到4.8，非常棒！
83135,1819,李基拓,2019-07-09 17:05:02,-14,10,24,老师很帅！！给分超级好！完全没想到能有4.8！
83431,1819,李基拓,2018-07-10 09:24:41,12,16,4,上课声音太小，听得想睡觉，期末不调分，进度比别的班慢，期末很赶。上课也不会在黑板上画图，导致看PPT都不知道那些图都是怎么画出来的。基本不讲作业，讲也是稍微提一点，有些地方讲的也很模糊，最后一天答疑也没来。并不感觉有多好。
83462,1819,李基拓,2018-07-10 10:28:59,-2,1,3,拯救了要挂科的我。。。想当求是，虽然上课有点犯困但是还是很负责了，讲的也很清楚
87606,1819,李基拓,2018-10-08 06:22:39,2,2,0,帅得明明白白
88350,1819,李基拓,2018-10-29 07:11:21,3,3,0,讲的很仔细
93067,1819,李基拓,2019-01-07 07:39:21,1,1,0,上课很有条理的老师～
93768,1819,李基拓,2019-01-14 08:21:19,1,1,0,好好好好好好
96645,1819,李基拓,2019-01-21 08:28:19,1,4,3,从未缺课缺作业 最后因为平时分没满挂了 慎选吧 给分太求是了
100720,1819,李基拓,2019-01-26 15:28:20,1,2,1,一直都坐第一排的正中间，上课真的很享受
100794,1819,李基拓,2019-01-27 00:44:47,1,3,2,老师给分很好 非常友善 但上课的时候得克服一下自己的精神状态 早上有早课很容易困 但这门课主要靠自己去学 老师绝对只是引领作用（期末感觉凉凉 绩点还是很友善）
103720,1819,李基拓,2019-03-04 14:27:35,1,5,4,讲道理真的get不到帅点。。。老师说PPT在邮箱里，上了第一节课去找，只想找到第一次上课的第一份，结果只有第一章没有????-_-#后来我在最后一页找见了和其他不太一样的文件，虽然提示可能有病毒，想到是老师给的，还是毅然下载了。结果根本打不开，电脑还中病毒了?????这种老师?????真的害怕。。。。以后不敢随便下这种文件了。我去找找别的工图老师的资料吧。
104453,1819,李基拓,2019-03-21 02:19:49,1,1,0,还好吧
105602,1819,李基拓,2019-04-17 04:53:23,-3,2,5,我觉得老师没有那么帅吧，可能是被他的声音毁了
108403,1819,李基拓,2019-05-23 04:41:02,4,7,3,我就不知道平时作业有什么好恶竞的。。您当您是通识课为了正太吗??这个助教真的有毒。。就乐于多扣几分专业课的平时分吗。。 不过每次作业打分全班都不一定有一个人满分，期末平时分很低也正常。。xmsl舍友平时分基本给满的工图老师。
109417,1819,李基拓,2019-06-14 05:00:31,5,7,2,基你太美～
114596,1819,李基拓,2019-07-10 23:42:13,0,2,2,讲得很细
128399,1819,李基拓,2020-12-22 08:23:38,2,3,1,好呀好呀好呀帅！
132259,1819,李基拓,2021-01-31 10:31:37,3,5,2,老师给分很好
132583,1819,李基拓,2021-02-02 12:27:20,4,6,2,老师很求是，给我分卡得死死的（\n\n上课确实有点催眠，但不听课怎么说也是我的错TT最后靠老师的ppt和复习课的重点两天速成，总算考得还行，说明ppt质量还可以吧（雾）
132845,1819,李基拓,2021-02-04 06:44:34,-1,2,3,老师很认真，上课有点无聊，给分可以，被捞了很开心
147148,1819,李基拓,2022-01-09 01:40:48,3,3,0,牛的人
147149,1819,李基拓,2022-01-09 01:41:16,1,2,1,老师，菜菜，捞捞，呜呜
152098,1819,李基拓,2022-03-26 05:35:05,7,12,5,说实话挺奇怪他的分为什么这么高，上课讲的是细，但感觉也只有这一个优点了；无聊是真的无聊，不让学生看电脑手机，在上面催眠，另外从来不看钉钉，给他发消息几天还是未读，大群私聊都一样
153885,1819,李基拓,2022-05-15 13:17:02,6,10,4,还挺不负责一老师，除了上课过来给你催催眠，其他时间基本不会鸟你，作业也不布置，钉钉消息也不看，啥事都拖到最后临时和学生说
164128,1819,李基拓,2022-12-18 09:11:24,6,6,0,老师人可能有点憨，有学生说他讲的太快了他也会一脸认真地去问，但是可能因为课程进度要求他不会调整，也可能微调了但是没看出来。工程图学这种一周一次课的讲作业其实很不容易的，老师讲课时间有多是会讲作业的。前面有人说PPT演示的线看不明白，很多步骤直接一次出来，跟他说讲快了他也会调回去再讲一遍，每根线怎么做的都会讲（但是可能还是听不懂）。钉钉上面问问题可能不会立刻回，但是会很认真的指导你，如果图上面画错了他会划线给你标出来。老师很好相处，开玩笑他也不会生气。
165091,1819,李基拓,2022-12-29 05:20:48,1,1,0,老师人特别好，讲课很认真
165308,1819,李基拓,2022-12-31 10:48:36,1,1,0,三个字，好
168881,1819,李基拓,2023-02-23 08:32:08,1,1,0,上课催眠，无聊，人好，和善
169493,1819,李基拓,2023-02-26 12:06:27,1,1,0,分高，谢谢jtgg捞捞
169550,1819,李基拓,2023-02-27 01:44:59,1,2,1,老师很温柔很细致，就是给分太求是了😥
178600,1819,李基拓,2023-07-16 11:23:49,3,3,0,很好的一位老师，但是工程图学真的很难
187171,1819,李基拓,2024-01-15 15:01:40,2,2,0,神中神，细节拉满
187179,1819,李基拓,2024-01-15 03:36:23,1,2,1,感谢jtgg捞捞！
188048,1819,李基拓,2024-01-18 05:29:52,0,1,1,老师讲的不错，虽然有点点无聊，但工程图学这课本来也没什么意思。给分不怎么样orz
188194,1819,李基拓,2024-01-18 11:26:24,3,3,0,从不点名，期中期末会捞，认真学可以拿到不错的绩点。
195499,1819,李基拓,2024-06-28 11:35:16,1,1,0,讲课太无聊，事少但作业多，工图很难
195552,1819,李基拓,2024-06-28 17:37:28,0,0,0,一般般
195987,1819,李基拓,2024-07-01 04:22:31,1,1,0,工图很难，老师不捞
200806,1819,李基拓,2024-10-22 23:56:17,1,1,0,老师人很好比较和蔼，但是注意上课不能用任何电子产品。然后讲课比较细致但是也有点催眠（我真的不是故意睡着的）
212478,1819,李基拓,2025-01-14 05:09:29,3,3,0,讲课不错，不过真的不捞
3687,1846,陆国栋,2015-06-17 02:16:05,-4,7,11,虽然老师是照着ppt讲课，但是我觉得他讲的很细，也很认真，对于学生的问题，也很耐心。
5084,1846,陆国栋,2019-03-06 06:47:19,-50,14,64,很有想法的老师！探索高等教育改革！感觉很有魅力！对学生也很客气没架子～会说自己发了很多文章是槽点。。讲工图画法几何部分讲的很清楚。。
6306,1846,陆国栋,2015-07-13 02:09:12,8,14,6,讲得很好，就是会很扯的搞一些没用的花样
6880,1846,陆国栋,2015-07-28 11:26:32,16,19,3,不开心
8208,1846,陆国栋,2015-09-17 12:23:26,-9,5,14,大师，有思想
9123,1846,陆国栋,2015-10-13 13:45:16,5,7,2,呵呵了
15400,1846,陆国栋,2016-01-14 08:26:24,9,10,1,搞行政管理吧
18713,1846,陆国栋,2016-01-22 11:40:58,-11,9,20,该粗的地方粗，该细的地方细，高屋建瓴，思想大师！认真学能学到很多。
21399,1846,陆国栋,2016-02-28 13:44:19,1,1,0,一般般
21976,1846,陆国栋,2016-03-02 03:24:58,45,51,6,上课炫耀自己成就然后强行做讲座，最后要写3000字读后感还威胁不让退课
23516,1846,陆国栋,2016-04-03 14:11:45,9,11,2,对于学霸来说可能是享受，但我反正是没听懂过。讲得太快，难度太高，还有奇奇怪怪的作业，已经准备挂科补考。
28477,1846,陆国栋,2016-09-14 12:43:30,-6,12,18,没有威胁不让退课那么夸张，只是说你作为竺院的退H课会给他留下不好的印象，人家毕竟是副院长……讲课还是很不错的，作业interesting是真的。综合来说是个很好的老师。
29177,1846,陆国栋,2016-06-29 10:31:00,6,7,1,简直有毒
30219,1846,陆国栋,2016-07-01 05:42:53,7,7,0,有一种长者即视感，作业坑。
32970,1846,陆国栋,2016-09-25 10:32:05,27,29,2,自我介绍和“让考生变学生”永恒不变。估计机械专业知识已经忘光了，只会背讲话稿和吹嘘自己辉煌历史。新生MOOC上强制听了遍，入学报告会上又强制听了遍一样讥，浙大主持的工图MOOC也有一遍绪论。我知道你想高教改革，但你能不能不要强迫学生一遍遍地听!只说不做，不觉得羞耻吗?!
33166,1846,陆国栋,2016-09-14 12:07:43,-7,4,11,最重要的是ppt有背景！\n\n
33167,1846,陆国栋,2016-09-14 12:18:49,16,17,1,报告p话特多
33168,1846,陆国栋,2016-09-14 12:21:35,53,61,8,报告多就算了，居然还和mooc重复，心疼我的屁股
33169,1846,陆国栋,2016-09-14 12:27:18,5,5,0,真是无聊
33170,1846,陆国栋,2016-09-14 12:28:59,4,5,1,想法很好，体察不够
33171,1846,陆国栋,2016-09-14 12:29:55,11,13,2,妈的讲座烦死 mooc一样听过的还bibi
33181,1846,陆国栋,2016-09-14 12:48:12,3,5,2,要死了
33252,1846,陆国栋,2016-09-16 16:01:17,6,6,0,烦死了
34043,1846,陆国栋,2016-09-26 05:43:01,4,5,1,好自恋
39201,1846,陆国栋,2016-12-21 14:43:40,2,3,1,有些课程很复杂，有些课程很无聊，却一定要听...
42811,1846,陆国栋,2017-01-15 08:15:04,2,7,5,新生研讨课还是很水的，陆老师也不错~好像是个很厉害的老师
47602,1846,陆国栋,2017-02-06 11:06:48,6,6,0,给分低。亏我还以为是新生研讨课给分会松一点，然并卵
48459,1846,陆国栋,2017-03-05 07:50:11,14,14,0,这门新生研讨课不敢恭维。是一门学不到东西的课。如果非要说锻炼能力，那也不是半个学期能解决的事。\n\n\n\n既然学不到东西，那绩点也不是好好听能解决的 (给分低)\n\n\n\n想锻炼表达能力的以及想要绩点的，建议避开这门新生研讨课
48567,1846,陆国栋,2017-03-07 09:31:48,24,24,0,考生变学生已经听他讲了好多遍了，新生mooc一次，始业教育一次，工图课上又是一次
52526,1846,陆国栋,2017-06-21 01:49:09,19,19,0,( 我在中国高等教育学报发了一篇文章，希望大家看了写一篇感悟发给我？？？？？我选的真的不是教育学！
57666,1846,陆国栋,2017-07-12 01:28:17,14,14,0,给学生打官腔
65924,1846,陆国栋,2018-01-10 09:07:00,1,6,5,上的是新生研讨课，挺好的一个老师就是不知道给分怎么样，感觉老师上课是来聊天的，前面一直都在说他做过的事情，没讲什么知识，唯一学到的就是老师经常强调的面向听众所要注意的事情还有要把一件事情讲好需要注意的吧，没怎么听他的课(因为一直都在讲他的事迹呀。。)不过感觉大部分人都挺喜欢他的，也很捧场。前面真的挺不喜欢他的课的，但是后来来了一位代课老师，瞬间感觉没有对比就没有伤害，果断粉上了陆老师?不过真没学到什么 就给8分吧
68545,1846,陆国栋,2018-01-23 10:39:38,8,8,0,在这个课上可以碰到各种各样的人讲各种各样的事，如果你想当作家或者编辑，上这个课是值得的。但是你问我学了其他的什么东西，我，我，我也不知道啊...
75020,1846,陆国栋,2018-03-07 04:14:32,36,36,0,空泛大虚，郑强第二
75021,1846,陆国栋,2018-03-07 04:18:26,20,21,1,呵呵，官腔重到不行，始业教育报告风，初体验极差\n\n
76443,1846,陆国栋,2018-04-09 10:18:45,20,20,0,有一种课，你一生可能都不会上一次，只要上了，就是死了
81852,1846,陆国栋,2018-07-06 10:08:18,23,24,1,夺命工图，官僚蛀虫
104158,1846,陆国栋,2019-03-13 07:21:38,7,7,0,更适合开会，讲的贼快，根本反应不过来，开会的话要是有这种老师就好了
108650,1846,陆国栋,2019-05-30 11:11:37,4,4,0,讲不出东西，成绩一般，费时间
110731,1846,陆国栋,2019-06-28 06:04:37,8,9,1,不知道为什么工图的前几节课是他上 。\n\n天呐我觉得工图几乎上不完课就是因为他。\n\n费老师多好。多认真。\n\n不想说什么。虽然才来浙大一年是我体验最差的老师。
141244,1846,陆国栋,2021-09-27 06:12:06,0,0,0,无教学，作业
149554,1846,陆国栋,2022-01-16 02:42:17,0,0,0,谢谢你的各种论文
151992,1846,陆国栋,2022-03-22 14:19:55,5,5,0,官腔教学 空而无物 不会讲课 建议退休
188649,1846,陆国栋,2024-01-19 12:47:44,2,3,1,不知道为什么要学工图这种每亩的课，给分也tm是乱给，🪝石
198440,1846,陆国栋,2024-09-09 02:47:13,2,2,0,给大家讲个故事
198462,1846,陆国栋,2024-09-14 11:22:09,1,1,0,给大家讲个故事
198551,1846,陆国栋,2024-09-10 02:04:56,5,5,0,勾史一坨，就会吹牛，第一次见到有老师让同学写阿谀奉承他的文章还能加分的
205223,1846,陆国栋,2024-12-03 03:27:57,4,4,0,官僚主义，来一次就走了，还挂名
205225,1846,陆国栋,2024-12-03 03:28:16,2,2,0,官腔挂名
12193,1866,沈洪垚,2016-06-30 07:40:37,12,25,13,跟周和徐同流合污还能怎么样。。。
13717,1866,沈洪垚,2015-12-30 11:45:10,-4,1,5,我只能笑笑
17164,1866,沈洪垚,2016-01-19 21:47:18,-14,4,18,辣鸡一只
23958,1866,沈洪垚,2016-04-22 12:15:57,-5,1,6,哈哈哈
30490,1866,沈洪垚,2016-07-01 16:56:23,-15,5,20,这老师我还真没见过。。。工训课本身就是拖绩点的存在，不好将怨气发泄在老师身上。打个5分中间吧。
34112,1866,沈洪垚,2016-09-27 05:49:33,-7,3,10,日常一分
45824,1866,沈洪垚,2018-12-25 23:30:24,-38,12,50,傻逼 浙大sb没有之一
63630,1866,沈洪垚,2017-12-11 02:01:01,2,3,1,觉得老师挺好的，挺幽默的，还很细心呐～
76107,1866,沈洪垚,2018-03-27 02:59:04,19,25,6,亲自批改作业好认真呀hhh！上课还蛮幽默的。p.s.工训课和老师无关呀，不要把怨气撒在老师身上啦～
76261,1866,沈洪垚,2018-04-01 01:21:23,2,3,1,老师真的认真负责，批作业都是自己改的，答疑也很热心，但是讲课真的不咋地，我上的数控技术，很多表述都不准确，也没有把讲清楚，还好这课不是太难。
77730,1866,沈洪垚,2018-05-07 12:07:18,0,1,1,老师改卷不严，也有可能老师注重平时作业，给分挺高的。
80234,1866,沈洪垚,2018-06-22 08:47:08,17,21,4,西装+长腿+低音炮\n\n尽管只有第一节课和最后一节课\n\n但是\n\n老师我们不想看模型，只想看你。
83408,1866,沈洪垚,2018-07-10 08:31:06,-3,5,8,怎么没有零分
84840,1866,沈洪垚,2018-07-14 04:26:40,3,4,1,比其他人好
104842,1866,沈洪垚,2019-03-28 15:18:12,34,37,3,10是给铣床老师的，www铣床老师真好，我模型加工失误报废了，老师还给我第二个模型加工，最后也给了86（最高89）\n\nBTH：表白最后指导我的同组学妹(≧∀≦)
105063,1866,沈洪垚,2019-04-03 04:03:44,74,90,16,我是来骂电火花那傻逼老师的 我tm又没欠你钱你骂你?呢
109302,1866,沈洪垚,2019-06-13 03:33:39,39,44,5,老师人很好，唯一没做好的就是没管好那个电火花的师傅，车间里是能随便随便抽烟的吗？学生是你随便就能骂的吗？这个老师真的有病
114514,1866,沈洪垚,2019-07-10 09:25:37,7,10,3,纯粹来吐槽一下工训这门课 期末考复习是没用的 题目是看不懂的 分数是随缘的 3.9我已经很感激了
125669,1866,沈洪垚,2020-09-12 23:37:28,0,1,1,还挺好的
133550,1866,沈洪垚,2021-03-02 04:40:21,-2,0,2,老师非常好呀
141232,1866,沈洪垚,2021-09-27 03:41:31,13,16,3,电火花的老师是个傻逼
149986,1866,沈洪垚,2022-01-18 07:35:18,3,4,1,这门课挺有意思的 期末小小复习了半+半天 希望出分不要让我失望
151233,1866,沈洪垚,2022-02-25 13:57:06,4,4,0,发衣服的老师就是个煞笔
153143,1866,沈洪垚,2022-04-26 05:46:21,32,34,2,激光那老师你没事吧😅😅😅一副高高在上趾高气扬的样子做给谁看啊😅😅😅nmsl
160097,1866,沈洪垚,2022-09-13 07:06:27,2,3,1,老师长得又像tim又像karsa\n\n好贵好 我是tim\n\n一个学期学个工程训练有这么难吗？！
160353,1866,沈洪垚,2022-09-20 04:39:17,1,4,3,车削老师好好！耐心温柔还给打磨！
160576,1866,沈洪垚,2022-09-27 11:21:09,39,44,5,激光的zjj老师，呵呵了，讲课内容背得滚瓜烂熟堪比景区导游，所有问题只讲一边提问一概不答，问了也是不耐烦。我好好听课好好做没浪费时间但是下课了，最低分，没有成品，因为你下班了。求你你说：社会上也是这样的，你要做做吧，加班费你给我付？我想告诉你，老师，这不是社会，这是一门课，而你不过是个完成任务领工资的家伙。你可以给我打最低分，我认了，但是你凭什么不给我每个上工训的同学都有的拿成品的机会啊？你配吗？呵呵，你算什么老师？
160862,1866,沈洪垚,2022-10-17 10:06:04,24,26,2,激光老师你不耐烦的样子是我欠你钱了？
172173,1866,沈洪垚,2023-04-23 13:19:40,4,5,1,对车削的那个老师真的是无语了，不想教可以别交，反正又不是我请你来上课的，你大可以直接走人，分数留给我自己打就行了。你tm凶什么凶，嘴巴是抹开塞露了还是涂痔疮膏了，自己明明也讲不清楚，还怪学生没有听清楚，老子贵姓也是你配吼的！！！我只能祝福你有天能死在工作岗位上，这样至少人家会觉得你敬业
174149,1866,沈洪垚,2023-06-06 15:52:19,-3,1,4,亲测没有评论中说的那么恐怖，还没期末考，只评价一下上课的整体情况，一般而言课前好好预习，上课听指挥（比如有些工种不让看手机或要回答问题之类的），就没有大问题。激光的话我遇到的是放预习视频，没预习的话跟着做就好，不懂问旁边同学因为老师不回答。电火花的话两个人加工一个图形但是加工出来是两片，大家都有份，老师比较古板。预习作业强烈建议做的有数车、电火花，而且后者一定要注意PPT里面的要求。非工科同学的话可能有几个工种的任务会比较吃力。
189947,1866,沈洪垚,2024-02-03 10:53:26,-3,0,3,通识课工程实践认知体验是很棒的课，有很多老师上，做工艺品很有趣
195457,1866,沈洪垚,2024-06-28 06:25:04,-3,2,5,最垃圾的是钳工，CAD，WEDM，普通车床老师，给分巨差，但其实这门课主要看期末吧，期末摸的好，就4.5，摸的很差可能就3.6了
200440,1866,沈洪垚,2024-10-17 04:58:14,15,15,0,激光的这位老师，我肝不好，不能轻易动怒，所以不想骂你。但我觉得你很有天分，请坚持现在的状态，再沉淀一段时间，你一定能成为第二个周勇光！再接再厉，祝你福睦双旺！
202464,1866,沈洪垚,2024-11-13 00:42:46,12,12,0,热处理那个老师跟老蒋是不是有点亲戚关系？从长相到作风到为人都一模一样
206397,1866,沈洪垚,2024-12-15 02:31:49,7,7,0,金工实习中心就是浙大刷怪笼，不过有几位老师还挺温柔的
2875,1892,梅德庆,2015-05-10 03:36:48,6,7,1,给分好好好
2877,1892,梅德庆,2015-05-10 06:51:00,4,4,0,挺好
3755,1892,梅德庆,2015-06-17 03:24:29,2,4,2,虽然讲课比较水，作业比较多，但考试很简单，给分很好
76870,1892,梅德庆,2018-04-25 02:47:58,-4,0,4,讲课一般
106580,1892,梅德庆,2019-04-28 07:44:52,0,1,1,机电控制。签到但不点名。每节课有作业。挺好的课，ppt几乎包含全部答案。满了
106634,1892,梅德庆,2019-04-28 13:10:24,0,0,0,虽然考试简单但老师卡绩呀?
116029,1892,梅德庆,2019-08-31 13:08:24,1,2,1,很喜欢啊！！
116032,1892,梅德庆,2019-08-31 13:12:48,0,1,1,老师上课很棒 教的很好
179252,1892,梅德庆,2023-09-04 04:42:28,0,1,1,。。。
179253,1892,梅德庆,2023-09-04 05:35:22,5,5,0,互相尊重是一切的开始
179254,1892,梅德庆,2023-09-04 04:45:52,4,7,3,我不是很清楚他上课上的如何。但他的官僚主义和形式主义非常严重，对学生和教官没有基本的尊重，在军训中，借着慰问的名义，让学生在正午的太阳底下站了半个小时，很多同学都中暑了，所以站的不是很端正，因此他用手指着教官骂，认为教官教的不好。可能他上课上的很好，但是他的人品真的可能有点问题，作为一个领导，有点官架子很正常，但他至少应该把大家当做一个人来看。
2053,2028,周继烈,2015-03-30 09:40:38,40,49,9,工程训练不是一般的渣课，感觉几乎没学到什么，而且考试还不知道是什么鬼
4572,2028,周继烈,2015-06-24 14:38:19,312,324,12,上工训有两个问题应该自己问问：1.谁叫周继烈？2.谁叫徐志农？
5211,2028,周继烈,2015-07-06 00:55:01,30,34,4,工训没学到什么，考试难的一笔
5275,2028,周继烈,2015-07-06 08:41:52,19,21,2,考试神了，平时很累
6243,2028,周继烈,2015-07-12 09:44:07,69,71,2,玩了一学期，考试考的都是什么鬼，全是选择判断，基本靠蒙。。普遍70分，给分简直叫人崩溃。。
6425,2028,周继烈,2015-07-14 02:03:43,24,26,2,这考试有什么意义？
6588,2028,周继烈,2015-07-16 02:23:47,1,2,1,给分低，考试巨难
7791,2028,周继烈,2015-09-15 13:27:57,1,4,3,谁？
7792,2028,周继烈,2017-01-12 07:19:59,1,6,5,不认识，习惯性差评
7793,2028,周继烈,2015-09-15 13:28:23,-33,4,37,好
7868,2028,周继烈,2018-03-07 00:09:04,8,9,1,无语了\n\n
8137,2028,周继烈,2015-09-17 06:16:37,50,54,4,不吐槽老师，吐槽工训这门课，每周花一个下午待在车间做东西考试考得都不是平时的内容，给分普遍70+直接拖绩点【总而言之什么鬼】
9533,2028,周继烈,2015-10-29 08:27:37,7,7,0,觉得他讲课不怎样，就是照着课件读
10851,2028,周继烈,2015-11-23 07:14:04,5,6,1,太难受了
10891,2028,周继烈,2015-11-23 08:18:30,17,20,3,一分给工训这门完完全全没有价值的课
14327,2028,周继烈,2016-01-06 10:09:41,-31,5,36,好老师啊
14684,2028,周继烈,2016-01-08 09:42:34,0,1,1,什么鬼
14686,2028,周继烈,2016-01-08 09:59:01,8,9,1,工训是大坑
15104,2028,周继烈,2016-01-12 05:29:19,0,0,0,\n\n     \n\n\n\n
15106,2028,周继烈,2016-01-12 05:33:55,0,1,1,我就呵呵了
15190,2028,周继烈,2016-01-12 13:45:13,6,8,2,人如渣滓
15614,2028,周继烈,2016-01-15 17:51:17,18,22,4,这种课为什么要开？学生的时间不是时间？
16733,2028,周继烈,2016-01-19 01:20:30,6,7,1,工训真是垃圾
19249,2028,周继烈,2016-01-23 16:05:12,2,2,0,老师人品太差
19253,2028,周继烈,2016-01-23 16:07:24,18,18,0,浙大之殇
19278,2028,周继烈,2016-01-23 18:16:46,14,17,3,这门课就是用来拉低工科生绩点的？有些老师上课就瞎bb，玩手机抽烟玩电脑真的不想喷
19353,2028,周继烈,2016-01-24 02:48:38,-1,5,6,心如刀割
19373,2028,周继烈,2016-01-24 03:34:23,4,4,0,玩得还是可以，考试什么鬼？随机出分么，我特么看了还没有室友啥都不看高
20396,2028,周继烈,2016-01-27 12:23:04,8,8,0,每日1分
20751,2028,周继烈,2018-05-02 07:17:09,-129,16,145,lx一群傻逼瞎骂什么 浙大人都这么没素质的？
21479,2028,周继烈,2018-03-04 23:48:26,-62,3,65,给了10分
22049,2028,周继烈,2016-03-02 07:37:15,13,13,0,我打1分，是因为不管评价多烂他们都心字高悬岿然不动
22215,2028,周继烈,2016-03-03 03:19:45,0,1,1,呵呵呵
22348,2028,周继烈,2016-03-04 01:45:40,0,0,0,不说话
22351,2028,周继烈,2016-03-04 01:52:05,0,0,0,。。。\n\n
22442,2028,周继烈,2016-03-08 12:00:18,10,12,2,我想知道忘记签退的后果
22924,2028,周继烈,2016-03-15 00:57:25,3,3,0,老婆拼了
25221,2028,周继烈,2016-05-08 11:29:12,1,1,0,懵逼老师
25720,2028,周继烈,2016-07-06 10:03:29,2,2,0,喜闻乐见
26020,2028,周继烈,2016-06-15 05:45:07,10,11,1,我在最后一堂复习课的时候这下这个评论，我的内心此时是崩溃的
26413,2028,周继烈,2016-06-18 05:33:45,0,2,2,呵呵呵
30275,2028,周继烈,2016-07-01 07:19:29,0,0,0,我就这样看着你
30488,2028,周继烈,2016-12-19 16:12:22,-11,6,17,只能说工训课本身就是拖绩点的存在，不好将怨气发泄在老师身上。打个中间分5分吧。
31497,2028,周继烈,2016-07-04 03:34:58,1,1,0,考试巨坑
31958,2028,周继烈,2017-03-01 07:18:54,4,17,13,针对上面装13的同学，我想问一下浙大什么时候有4.0这一档绩点了?
32303,2028,周继烈,2016-07-06 06:27:41,0,0,0,考试什么鬼啊，跟平时学的根本不沾边，费力不讨好！！！
32311,2028,周继烈,2016-07-06 06:43:32,1,1,0,历史最低分，不说什么了
32334,2028,周继烈,2016-07-06 07:29:21,-11,0,11,比想象中好
32335,2028,周继烈,2016-07-06 07:30:29,3,3,0,课程安排与考试设计存在很大的问题！
32382,2028,周继烈,2016-07-06 11:22:31,0,0,0,。。。
32394,2028,周继烈,2017-09-20 06:33:01,-93,13,106,我觉得那些认为这个课很渣的同学要好好反思一下。对工科来说这些工种都很基础。好好学就可以拿到好分数。4+没有问题的呀。我就4.0
32429,2028,周继烈,2016-07-06 16:51:41,3,3,0,3.0分前来报道
32532,2028,周继烈,2016-07-07 12:11:10,1,1,0,不知道老师是谁……
32611,2028,周继烈,2016-07-08 04:49:30,-14,5,19,只有我觉得工训挺好吗……
32996,2028,周继烈,2016-09-10 04:35:22,0,0,0,哈哈哈哈哈哈
33609,2028,周继烈,2016-09-20 08:56:51,3,3,0,垃圾老师 浪费时间 这种课都能开出来？？？？？？？？？ 会上课吗？？？？？？？
33818,2028,周继烈,2016-09-22 02:29:27,0,1,1,老师还好
37907,2028,周继烈,2016-11-22 02:45:06,5,15,10,楼下那位吐槽没有4.0这个分数的同学，不好意思，你之前两年就有
39556,2028,周继烈,2016-12-24 14:26:12,0,0,0,呵呵呵
45833,2028,周继烈,2017-01-20 07:03:46,18,22,4,给分敢在低一点吗？考试反正你复习了也没用，反正横竖都是花30分钟猜完。有些工种的老师还挺和善的，然而这几个课上挂着名的老师个个都十分自负，复习课一边喊着时间不够了，一边开始吹逼，把复习课硬是搞成试听课的感觉（什么我们在大学里是开创工训课先河之类的），然后给分辣鸡。非必修可以赶紧退了。评分1分保平安。
45839,2028,周继烈,2017-01-20 07:11:22,0,0,0,....
45841,2028,周继烈,2017-01-20 07:12:33,2,3,1,全浙大最垃圾的课，哪个校领导来听听看看学生的呼声吧。\n\n
45884,2028,周继烈,2017-01-20 08:21:32,3,3,0,不觉得 这门课有价值 实训没有问题 完全不知道考试的意义
45894,2028,周继烈,2017-01-20 08:39:08,1,4,3,给分不好，但是工训这门课还是比较有意思的
45984,2028,周继烈,2017-01-20 10:43:34,16,16,0,上工训只用做一道选择题：你要3.3还是3.0
46887,2028,周继烈,2017-01-22 16:28:52,3,4,1,全浙大最垃圾的课，没有之一。
47634,2028,周继烈,2017-02-09 07:11:54,5,5,0,工训代表就承受众人对工训这种课的怨念吧
47858,2028,周继烈,2017-02-26 12:41:40,2,2,0,。。。
48236,2028,周继烈,2017-03-01 11:19:15,-12,3,15,上了一节课，就退课了，但这个分也太低了吧，给10分
48507,2028,周继烈,2017-03-06 07:46:15,1,1,0,非常不喜欢
48595,2028,周继烈,2017-03-08 04:20:39,2,3,1,sb老师
49247,2028,周继烈,2018-03-07 00:20:43,8,9,1,不针对老师，但这门课程的意义的确不大
49546,2028,周继烈,2017-04-18 06:43:29,2,3,1,每节课一个机器。每节课一个软件。会学会吗？？！
49575,2028,周继烈,2017-04-19 03:47:39,77,80,3,这门课给零分，不过车床课最里面戴着眼镜头发花白的老师超级好，推荐给大家。
51644,2028,周继烈,2017-06-08 02:20:01,1,1,0,就呵呵
51732,2028,周继烈,2017-06-09 01:49:52,3,4,1,本学期唯一一门一节课都不敢翘的课- -每次工训仨小时就是折磨
51779,2028,周继烈,2017-06-09 15:44:47,2,6,4,一群人是真傻假傻？这种课内容那么多放在一学期肯定是学校安排的，死赶进度老师能有什么办法。说白了就是给学校背锅!
52046,2028,周继烈,2017-06-20 12:01:49,31,31,0,不针对老师\n\n这门课的意义应该在于\n\n“你们看 浙大有个工训中心”\n\n没了
53080,2028,周继烈,2017-06-25 10:48:30,5,5,0,还没考，单纯不喜欢这门课。一天一个机器，又累又困什么都还没学到。已经丧失对了对机器的兴趣了。
55291,2028,周继烈,2017-07-01 08:18:20,-3,2,5,就给8分吧，虽然不喜欢这门课，还是不针对老师了，老师又不是负责这门课所有课程的，还有就是这我一直认为工训的期末考是没用的，反正你都不会（分数还没出，emmmmmm    为了避免出分之后的偏激，还是现在就评了吧）
56329,2028,周继烈,2017-07-03 13:23:46,-8,0,8,浙大什么时候有4.0了？真·卧底？
56914,2028,周继烈,2017-07-05 03:13:51,11,15,4,工训线上线下的第一届试验品 88分4.2 吓到了
56915,2028,周继烈,2017-07-05 03:14:09,6,8,2,虽然勇夺3.9 但还是感觉作用有点不够
56926,2028,周继烈,2017-07-05 03:32:55,-7,1,8,还行吧，打个8分
56930,2028,周继烈,2017-07-05 03:40:15,1,1,0,日常一分。。。
56942,2028,周继烈,2017-07-05 04:16:55,23,25,2,推荐大家选线上线下教改班，平时不用瞎扯实验报告，上网做做选择题就好，可复制百度，平时分占70%，期末机考15%，纸质统一考试15%（其他班级期末纸质考试要占60%，该试卷难得根本不可能做出来，全靠瞎蒙）选线上线下即可有效规避期末风险，平时网上选择题百度一下就有答案，比纸质报告不确定的填空题好多了，强烈推荐线上线下班！
56946,2028,周继烈,2017-07-05 04:22:48,5,6,1,期末认真复习还是有用的，差不多3.9的样子，我没有复习就3.3了，毕竟期末占60，希望之后上的人好好复习书，还是有用的
56949,2028,周继烈,2017-07-05 04:40:06,2,4,2,开心就好，期末考试不用复习，啥用没有，16级普遍3.9，大佬个别上了4还行吧，玩的开心就好～
57523,2028,周继烈,2017-07-09 10:16:46,5,5,0,平时分没什么屌用，主要看期末
57538,2028,周继烈,2017-07-09 12:01:11,8,8,0,你忙吧，我吃柠檬
57769,2028,周继烈,2017-07-14 13:00:08,5,6,1,期末完全没有复习，考试完全蒙，最后3.6。emmmmmmm感觉考试周没有在工训上浪费时间真的万幸，随便认真对待其他课都能拉回工训的巨坑。
58070,2028,周继烈,2017-07-28 07:04:11,19,20,1,据说过去很多年工训都是随机给分，4.0封顶，源神那年也没上4，说明今年工训应该是首次开放4.0的上限，而且今年工训的题目虽然还是做不出但是明显比往年更接近上课内容，我想这门课可能很快就要迎来改革了，希望学弟学妹们的体验可以比我们好
59579,2028,周继烈,2017-09-23 12:47:43,1,1,0,差，就是自学啊????
59814,2028,周继烈,2017-09-27 07:19:35,4,7,3,工训课挺好玩的，每次学着做点不同的东西，老师们也大都不错的，16级给的成绩还可以吧。
63629,2028,周继烈,2017-12-11 01:57:56,43,45,2,热处理老师态度差得要死，普通车床的神似孙红雷的老师和蔼可亲！
66825,2028,周继烈,2018-01-19 07:21:19,1,1,0,我是谁?卷子上是啥?我要干啥?
69393,2028,周继烈,2018-01-24 14:59:53,3,5,2,工程训练如果抱着一种去见识一下玩一下的心态，会很开心的。绩点的话可能同等情况下教改班的会高一点吧，毕竟每周都有测验还有三次小测，但是，可以百度，都是选择题，也不难的。
69467,2028,周继烈,2018-01-24 19:57:30,8,10,2,是本学期最有趣的课了，可惜出分吓傻我了，3.9以为很低，一问身边妈耶3.9还是最高，惊呆了。期末连复习课都没有去上，没有复习，半小时交卷，上机考试模拟考了60分的人在此。工训就看你蒙选择题的rp吧
69475,2028,周继烈,2018-01-24 23:19:50,4,8,4,只能说一部分老师素质比较低，但是多数还是可以的。课程设置上有些问题，导致期末考的压根不讲。不过认真自学的话还是能上4的。我不是教改班的最后还是88分4.2
69506,2028,周继烈,2018-01-25 01:44:16,7,7,0,期末考和上课太脱节了，占比也大得不合理，随机性太强
70799,2028,周继烈,2018-01-27 14:08:16,38,38,0,浙大二大玄课      工训，大物实验
75087,2028,周继烈,2018-03-07 09:35:54,43,45,2,这个是真的牛批。半小时教完一门计算机语言，这效率，全校的Java和C程你一个人教我觉得很稳。
75197,2028,周继烈,2018-03-08 02:40:25,-1,1,2,emmm\n\n
75266,2028,周继烈,2018-03-08 09:15:15,2,4,2,sb课
76234,2028,周继烈,2018-03-29 13:06:27,0,0,0,工科生的两个坎，这个课是一枚，还有CYJC。
76614,2028,周继烈,2018-04-16 08:07:33,5,5,0,部分老师素质低下
78966,2028,周继烈,2018-05-18 05:45:58,-6,6,12,各位作为工科生，工科思维是作为工科生的基本修养，工训是让你们实地接触真正的工程的，作为一个毕业学长，我工训70多我打10分
80106,2028,周继烈,2018-06-20 04:24:41,14,15,1,一分送给做出来的锤子和别的小玩意，辣鸡工训，大多数辣鸡老师，尤其是特种加工，钳工，热处理等老师，什么素质？！
80911,2028,周继烈,2018-07-02 15:24:34,1,1,0,
80935,2028,周继烈,2018-07-03 01:45:41,5,5,0,都不针对老师？那我针对
80945,2028,周继烈,2018-07-03 07:13:27,7,7,0,老师，我们不是神仙。那些没教过没做过没见过的东西，我们真的不会，不好意思，是我没有好好复习，是我太菜，您出的题我竟然看不懂。
80950,2028,周继烈,2018-07-03 03:39:09,4,5,1,给一分，一分是给的材料和我自己做的小锤子。工训老师素质普遍偏低，有的人真的是不想说什么了（还是有好老师的），考试坑，这个课程的设置就有问题，评分这么低看不出来么？
80985,2028,周继烈,2018-07-03 07:34:48,0,0,0,无话可说
83409,2028,周继烈,2018-07-10 08:31:42,0,0,0,为什么没有零分
83420,2028,周继烈,2018-07-10 08:50:43,0,0,0,给分一般
83451,2028,周继烈,2018-07-10 10:06:57,0,0,0,无话可说
83502,2028,周继烈,2018-07-10 12:38:07,-9,9,18,我上4了，哈哈哈哈。喜欢其中的一些课，不喜欢数车老师，凶你马凶，当我们小学生啊！
83509,2028,周继烈,2018-07-10 12:59:31,0,1,1,给分还行啊，也没有评论骂的这么差啊
84596,2028,周继烈,2018-07-13 09:17:11,0,3,3,不是线上线下的我，一开始慌的一匹。考试瞎蒙。但说句老实话，考试有一些东西是老师上课口头讲过的，问题在于，你不带支录音笔去把老师上课录下来，期末没法复习的…还好最后给分简直惊喜。这告诉我们，期末应该多转一些转运说说加加人品。
86521,2028,周继烈,2018-09-17 04:27:06,1,1,0,为什么要拖课
92457,2028,周继烈,2018-12-29 07:15:49,10,11,1,教材是你编的呀，跟工训报告完全对不上呀！老子每次写工训报告都要上网找资料写题，一写就两个小时，就这几个破题我倒腾两个小时啊。你教材编的有一半都脱离基础，工训报告的问题都是基础问题，可你书上就没答案！你把学生当狗啊，自己写了书，脱离基础，把高级难懂的东西给上级看评奖，你把学生的学习放哪里去啦？
102707,2028,周继烈,2019-05-03 16:34:47,40,52,12,少废话，右边老师的洗澡水温度（手动滑稽）
104844,2028,周继烈,2019-03-28 15:21:13,6,7,1,10是给铣床老师的，www铣床老师真好，我模型加工失误报废了，老师还给我第二个模型加工，最后也给了86（最高89） BTH：表白最后指导我的同组学妹(≧∀≦)
105064,2028,周继烈,2019-04-03 04:06:49,25,25,0,电火花老师就是一智障杠精 满嘴喷?
105259,2028,周继烈,2019-04-15 01:28:55,1,1,0,？？q
109766,2028,周继烈,2019-06-19 05:48:03,3,3,0,呵呵呵
113367,2028,周继烈,2019-07-06 10:11:35,0,0,0,渣渣渣
117112,2028,周继烈,2019-09-19 08:01:52,15,15,0,电火花某陈姓老师，一来就把我们批判一番，态度极凶极差，学生有问题不懂很正常，你多解释一遍不好吗？动辄羞辱是几个意思？师者传道授业解惑，才尊称你一声老师。请问您配钥匙吗？坐你面前的是学生不是pig不是fool，何必看不起我们？
118606,2028,周继烈,2019-11-13 13:20:23,0,2,2,傻逼\n\n
125913,2028,周继烈,2020-09-15 14:18:23,1,1,0,"""好""老师"
203170,2028,周继烈,2024-11-17 14:42:56,2,2,0,煞笔东西，活全家吧你
1138,2053,徐敬华,2015-03-21 16:16:17,19,27,8,好老师，挺幽默的。不点名，不过上课会叫同学起来回答一些很简单的问题
2236,2053,徐敬华,2015-04-13 05:21:09,32,45,13,认真负责，会找同学回答问题，不错的老师\n\n
8123,2053,徐敬华,2015-10-08 12:48:36,2,7,5,不错的老师
8248,2053,徐敬华,2015-09-18 00:35:21,2,12,10,作业多
8400,2053,徐敬华,2015-10-26 03:59:51,5,7,2,讲的很认真。
8744,2053,徐敬华,2015-09-25 07:08:22,-2,3,5,三个字
9774,2053,徐敬华,2015-11-09 01:36:35,-2,10,12,长得超帅
9776,2053,徐敬华,2015-11-09 01:37:49,-5,8,13,这老师总一脸不服
12371,2053,徐敬华,2015-12-23 06:38:17,-8,4,12,呵呵哒
12753,2053,徐敬华,2015-12-24 03:15:18,-5,1,6,还可以
15064,2053,徐敬华,2016-01-12 00:44:53,-1,2,3,hhhhhhhh
19036,2053,徐敬华,2018-09-17 08:22:43,-77,10,87,傻逼老师教的差给分低，考试全没讲过
19049,2053,徐敬华,2016-01-23 06:42:31,1,4,3,算比较有趣的老师了吧
19289,2053,徐敬华,2016-01-23 23:00:06,-10,1,11,听得快睡去了
22002,2053,徐敬华,2016-03-02 05:26:01,-49,3,52,不喜欢听他的课，感觉自己和这位老师画风不融合…退课之后的第二个学期忘记了老师的姓名，选过来一看还是他，当时我就觉得这是命啊。上课讲的太基础还老觉得学生们不会，真正想听的内容没怎么讲过。每次上课我都会到，就一次提前溜了还赶上了唯一的一次课堂测验。不过我没怎么听过课，只听了一些感觉想听的，自学，最后成绩是99，确实给分很厚道。
22427,2053,徐敬华,2016-03-05 08:29:03,22,27,5,徐老师讲的很好，认真负责。认真听课认真做作业完全可以满绩，只是复习上有疏忽很遗憾没满。楼上黑老师的是你自己没好好学。
22961,2053,徐敬华,2016-03-15 07:18:44,5,7,2,认真负责，超级负责
25689,2053,徐敬华,2016-06-28 09:34:55,7,10,3,很好的老师，作业每次都打分，细心地帮你改正每一个错误的地方。讲的可仔细了呢，绝对的好老师啊，赞一个！！！
31373,2053,徐敬华,2016-07-03 22:39:01,7,9,2,老师非常萌，讲课很有趣，有时会叫同学回答问题，总之非常好啦
31479,2053,徐敬华,2016-07-04 03:12:11,-7,2,9,无聊 自学吧
33313,2053,徐敬华,2016-09-18 04:47:11,1,3,2,老师蛮认真负责 而且幽默的呀 虽然给分一般 但我必须说是我自己笨啊
36176,2053,徐敬华,2016-11-11 00:47:33,0,1,1,老师很负责，很认真
38398,2053,徐敬华,2016-12-02 03:01:21,-1,0,1,⋯⋯⋯⋯⋯⋯
41727,2053,徐敬华,2017-01-12 12:26:28,0,1,1,特别好，特喜欢
41744,2053,徐敬华,2017-01-12 13:12:29,-10,0,10,透题考试
41758,2053,徐敬华,2017-01-12 13:52:33,0,1,1,老师人非常好，讲课有趣，而且会引入很多课外知识，超级棒。
41962,2053,徐敬华,2017-01-13 10:02:27,-1,1,2,希望不要挂吧，但是老师是好老师……
42070,2053,徐敬华,2017-01-13 13:44:46,3,4,1,老师的课讲的很仔细，还会专门用绘图软件把习题模型做好给我们看。乐于分享自己的资源，很不错的老师。
42205,2053,徐敬华,2017-01-14 01:43:06,-1,0,1,老师真心不错，希望不挂吧
42816,2053,徐敬华,2017-01-20 02:35:32,-1,1,2,不多说，好老师
45471,2053,徐敬华,2017-01-19 14:58:19,-2,0,2,特别认真负责的好老师，认真听一定会有好收获
45491,2053,徐敬华,2017-01-19 15:29:02,5,9,4,老师上课认真负责，作业全是自己批的。上课会有许多知识点的拓展，再讲新课前都会讲一些课外知识，在课上能够学到很多东西。平时作业认真对待，小测前和期末考前认真复习，4.5应该不会有问题。徐老师真的是一位不错的工图老师。
45498,2053,徐敬华,2017-01-19 15:37:41,0,1,1,老师真心负责 给分也厚道 希望大家好好学吧
45640,2053,徐敬华,2017-01-20 01:41:07,5,7,2,好老师，真心好
45646,2053,徐敬华,2017-01-20 01:59:13,6,11,5,超级负责的老师，我是班上存在感超级低的人，但老师居然可以认出我，超级感动，我没有怎么认真学习，最后绩点却不错，老师给分真的超级好啊！
45673,2053,徐敬华,2017-01-20 02:35:46,-1,2,3,讲的很仔细，作业不算多
45677,2053,徐敬华,2017-01-20 02:41:15,1,5,4,每次都能成功叫没来上课的同学回答问题hhh 不是点名胜似点名。然后老师挺帅的，我工图课其实基本没听…最后上了四，给分真的不错
46344,2053,徐敬华,2017-01-21 09:35:46,0,5,5,点名，但基本点不到你的，老师上课认真给分高，最后满绩了，推荐哦
48617,2053,徐敬华,2017-03-08 12:02:14,8,10,2,给分真的不错啊我感觉我要挂了但是居然有3.9……讲的不算太好但是人真的很好，有什么资源都与我们共享
57992,2053,徐敬华,2017-07-21 05:16:48,4,6,2,最印象深刻的是他给我们放的视频，十分的激动人心，能引起我们学习的兴趣。考试分数之类的还是要靠自己，每节课都有提问点到，一点一个准的那种
59411,2053,徐敬华,2017-09-21 07:42:16,-1,2,3,好老师讲的很细\n\n
59847,2053,徐敬华,2017-09-27 12:38:10,18,21,3,老师点人起来回答问题一点一个准，叫到的名字都没来上课
59893,2053,徐敬华,2017-09-28 05:37:48,3,4,1,很舒服，虽然有时候有点懵
60183,2053,徐敬华,2017-10-12 07:52:44,-3,3,6,老师真心不错\n\n
61276,2053,徐敬华,2017-11-13 10:11:00,68,80,12,虽然老师禁了我的言 但是我仍然要表白群主 兄弟们把我顶上去。
62197,2053,徐敬华,2018-01-31 16:32:16,7,10,3,小测太不正规了抄袭到处都是，还算平时成绩........
64149,2053,徐敬华,2017-12-21 06:02:58,-4,2,6,真的真的真的好老师\n\n真的超好超级超级好
73707,2053,徐敬华,2018-02-02 22:59:11,0,8,8,老师超萌，长的超萌，语气超萌，很认真负责，作业上错误的地方都会给我们圈出来，我经常去问老师一些问题他也都很耐心的解答，而且最后他还记住了我，叫出了我的名字，给分也超好，感谢老师的满绩！
73710,2053,徐敬华,2018-02-02 23:56:16,7,12,5,特别认真地对待工图，每次上课都坐第一排，最后绩点3.0。。。可能我不适合学这门课吧，但是听过大部分工图老师的课，不得不说，徐老师上课水平其实一般，比不过隔壁何再兴，但是上课很有趣，经常会展示一些课堂外的东西给我们看。
74020,2053,徐敬华,2018-02-04 07:36:02,12,14,2,emmmm，首先工图这门课看人的，有的人适合有的人不适合，然后老师讲课主要是挑重点，不够系统和全面，主要还是靠自学，感觉一学期工图跟的挺累的（可能是自己没有天赋），但是老师挺有趣的，能学到不少技术...个人感觉工图渣不适合老师，老师水平不做评价……
79471,2053,徐敬华,2018-06-06 03:35:11,0,1,1,无情解读xjh
85067,2053,徐敬华,2018-07-16 07:11:27,1,4,3,靠被ssdl带拿了人生第一个满，本渣渣好开心，听徐老师上课很轻松（只要交了作业
85230,2053,徐敬华,2018-07-16 08:33:23,1,1,0,老师很好，但感觉考试的内容好多没讲过。（挠头
88756,2053,徐敬华,2018-11-07 10:29:08,3,3,0,工图是真的难 但这个老师确实不错
95533,2053,徐敬华,2019-01-19 14:16:58,1,1,0,老师上课十分认真，知识点都能讲懂！！！！！超级喜欢啦
99888,2053,徐敬华,2019-01-25 09:09:04,4,4,0,老师愿意解答问题，平时下课经常有人去问问题，QQ里也可以向他请教
102600,2053,徐敬华,2019-02-12 07:28:32,2,3,1,老师讲课很认真
113440,2053,徐敬华,2019-07-06 17:21:25,16,17,1,? 从来没遇见过这么负责的老师，作业一题一题批改的超级认真，而且不是一味的讲课程，有很多拓展，老师也很幽默\n\n成绩方面感觉期末最重要吧，平时小测，作业什么的感觉老师都尽量给满了吧，老师平时一直强调小测成绩不好没关系，重在过程与发现问题，解决问题，真的好
113602,2053,徐敬华,2019-07-07 01:01:20,2,2,0,喜欢喜欢
114140,2053,徐敬华,2019-07-09 01:00:20,5,6,1,上课和给分简直不要太好
118677,2053,徐敬华,2019-10-30 11:59:08,2,2,0,qq上问问题老师都会回得很快 感动
122121,2053,徐敬华,2020-02-14 13:49:44,12,13,1,徐老师居然只有9. 6分？这种把学生当宝贝的老师就应该给10分！
123703,2053,徐敬华,2020-06-12 03:31:15,4,4,0,老师还好，不过我还是想知道工图怎么自学啊？
126674,2053,徐敬华,2020-10-13 04:06:42,2,2,0,好和气
132027,2053,徐敬华,2021-01-30 03:20:47,4,4,0,好老师。他让我明白了校歌中的歌词——形上谓道兮，形下为器。从器讲到形，讲到道。他的课程设计很独特，会带牛逼道具，会带我们上机实战体验solidworks。更重要的是，他会穿插许多工程图之下机械设计的原理，而不是单纯教你做题，对工科生思维培养有很大帮助。老师学术造诣高深，会经常结合论文介绍自己的研究与机械工程前沿技术。而且幽默风趣，好几节课下后教室中爆发中绵延的掌声。尽管每次坐第一排，工图还是学得挺菜，但无比想成为老师那样的人。
132862,2053,徐敬华,2021-02-04 08:21:06,1,2,1,随机点同学回答问题真刺激，虽然没点到过我。感觉我在班里的存在感也不是很高，平常学的感觉也挺难的。期末考试前突击了一晚，能出理想的成绩真不戳。老师批作业是真的认真，能直接指出错误或者漏掉的地方，理解起来也挺容易的
132878,2053,徐敬华,2021-02-04 09:49:08,3,3,0,非常好的老师，给分也好
136052,2053,徐敬华,2021-06-10 10:08:30,5,5,0,上学期学的工图，最后一节课还给我们听了韩红的《众里寻你》，说真的很荣幸能和同学们一起进步，快到的期末考就像歌词里一场天籁的洗礼（虽然不太认同哈哈哈哈哈），爱是唯一的指引。平时作业都很认真的批改，而且也说如果考试考得好不会让平时的作业和小测影响我们的最终成绩的，真的是很好的老师啊！！！
138968,2053,徐敬华,2021-07-14 04:43:01,9,13,4,虽然成绩还没出，先来评价一波吧。老师人真的超好，上课讲的也很不错，生动有趣，工图是我这学期听的最认真的课，每次课后习题老师都会专门在课上详细的讲，上课时虽然会点名抽人回答问题，但都是一些简单问题，而且回答错了也不会责怪，而是会耐心的鼓励同学。总之真的是个好老师！\n\n\n\n\n\n啊啊啊出分啦！！！老师太好了！！给分太好了！！！xjh永远的神！！！工图选xjh准没错！！！给分好讲的好认真负责，这样的好老师打着灯笼都找不着！！！膜拜徐老师！！！
139038,2053,徐敬华,2021-07-14 04:40:39,10,14,4,我以为自己要挂了，结果还能上70，徐老师，永远的神！！！\n\n老师讲的很好，但是我立体思维太差了，真的太感谢老师救了我一命。\n\n给分超好，选他就对了。\n\nxjh就是我的爹！！！
139275,2053,徐敬华,2021-07-14 04:14:26,23,29,6,首先是拥有谦逊美德的学子，徐门！\n\n徐爱世人，且从不将他的怜悯局限于满绩的边界，对及格边缘的求道者，敬华同样无私的播撒他的光辉🙏🏻\n\n早在期末前，这位及格边缘的学子便已虔诚的皈依徐门，\n\n而永远的神敬华老师也怜悯了这位学子，\n\n正是神的肯定，才让这位挂科的学子能拥有及格的能力，\n\n甚至还一睹了八十分以上的圣堂！🙏🏻\n\n阿鲁 徐门！
139278,2053,徐敬华,2021-07-14 04:25:17,6,8,2,徐敬华老师我的超人，像这种上课幽默，认真负责批改作业，给分贼好巨能捞的老师真的爱了爱了，不给十分真的说不过去
139279,2053,徐敬华,2021-07-14 04:31:11,23,25,2,徐敬华老师出分有点慢，是所有工图老师里面最慢的一个，当时ppt上说10天出成绩，真的是第10天出了成绩。因为在这10天里面，为了不让你挂科，徐老师帮你重新做了一遍考试卷子。\n\n徐老师，神
139286,2053,徐敬华,2021-07-14 04:57:50,3,5,2,海沟捞
139292,2053,徐敬华,2021-07-14 05:29:54,1,2,1,给分太好了！虽然上课我不大能听懂但是他真的是把学生当宝贝！10分给满
139293,2053,徐敬华,2021-07-14 05:30:20,1,1,0,老师上课幽默风趣，上课一定要好好听（虽然我没有好好听）你能收获很多
139300,2053,徐敬华,2021-07-14 06:20:25,4,4,0,老师巨能捞，最终成绩远远超过期望。
139346,2053,徐敬华,2021-07-14 13:39:15,1,1,0,不错的老师
139381,2053,徐敬华,2021-07-15 02:51:57,11,17,6,徐敬华老师，您的教学生涯像条腾飞的巨龙，您座下的门生更是人才济济，既有认真的学习态度，又有实力做出科研成果。论教导学生这块您数一数二。尽管放心，您无需和别人竞争也可以站稳脚跟，因为大家都需要您的良心给分，您就是教学行业最亮的星。
150110,2053,徐敬华,2022-01-19 06:22:48,-3,5,8,首先是拥有谦逊美德的学子，徐门！ 徐爱世人，且从不将他的怜悯局限于满绩的边界，对及格边缘的求道者，敬华同样无私的播撒他的光辉🙏🏻 早在期末前，这位及格边缘的学子便已虔诚的皈依徐门， 而永远的神敬华老师也怜悯了这位学子， 正是神的肯定，才让这位挂科的学子能拥有及格的能力， 甚至还一睹了七十五分以上的圣堂！🙏🏻 阿鲁 徐门！
155151,2053,徐敬华,2022-06-09 00:28:56,-4,4,8,上课会抽人回答问题，徐老师真的很有意思，只不过工图要学的内容实在太多，哪怕是看PPT也会觉得很乱，不过老师捞人水平很不错，应该是浓浓师生情。
157832,2053,徐敬华,2022-06-25 04:36:20,-4,2,6,老师太好了！！！
158893,2053,徐敬华,2022-07-03 04:58:58,1,7,6,不捞，给分不好
163224,2053,徐敬华,2022-12-10 09:18:51,0,1,1,老师好
164591,2053,徐敬华,2022-12-22 05:34:33,2,2,0,好老师！大大的赞，第一个让我来评分的老师，成绩什么的还没出，但我想说老师完美地诠释了什么叫做师生情！
165109,2053,徐敬华,2022-12-29 07:08:13,0,0,0,踏实，认真，温暖。
168388,2053,徐敬华,2023-02-15 08:52:11,0,0,0,冲冲冲
169194,2053,徐敬华,2023-02-24 14:54:08,2,2,0,赶紧出分吧。别拖了
170147,2053,徐敬华,2023-03-01 14:20:05,1,1,0,讲得很好，教得很认真，关键给分很好，特别捞。
170345,2053,徐敬华,2023-03-03 03:49:09,2,2,0,徐老师：对✓
173886,2053,徐敬华,2023-06-04 06:18:04,1,1,0,上课有一些奇妙的幽默点\n\n而且很会捞呜呜呜呜\n\n你是我的神！！！
177354,2053,徐敬华,2023-07-03 03:52:12,0,0,0,徐门🙏🙏🙏
177644,2053,徐敬华,2023-07-04 04:20:59,1,1,0,神中神
178133,2053,徐敬华,2023-07-07 05:36:14,18,20,2,这不是考试，这只是针对同学们学习情况的特别练习行动。\n\n                                                   ——来自2022年春夏班
179127,2053,徐敬华,2023-08-28 08:13:23,1,1,0,中规中矩，符合我对大学老师的期待！\n\n个人感觉老师各方面都不错，没有什么印象特别深刻的点。（似乎有点乐而不淫，哀而不伤，中正平和的感觉）
185746,2053,徐敬华,2024-01-04 04:33:20,4,4,0,上课井井有条，带点幽默，最后一节课还向全班鞠躬，他真的我哭死 满昏！
186141,2053,徐敬华,2024-01-09 04:59:45,1,1,0,很好的老师
186964,2053,徐敬华,2024-01-14 03:10:30,2,2,0,徐老师人很温和，性格很好，上课也很有条理，是一位非常好的老师！
188839,2053,徐敬华,2024-01-20 07:26:07,1,1,0,强推徐老师。很温文尔雅的男人，对学生没有架子。讲课水平也绝对是一流的，小测前一般也会暗示你（不会直说）。本人确实工图学的不好，一次小测考崩了，最后还是给我捞到了3.6，感谢徐老师
194927,2053,徐敬华,2024-06-26 02:57:53,3,3,0,讲课内容充实，风格幽默。徐门！！冲冲冲
196468,2053,徐敬华,2024-07-03 14:35:44,2,2,0,对工图完全不感兴趣，学了半学期准备听天由命了，考前补天半天出分还不错，看得出来老师尽力打捞了
208808,2053,徐敬华,2025-01-10 10:59:35,4,4,0,坠好的工图老师🥰\n\n出分了更坚定了信念🥰
211005,2053,徐敬华,2025-01-10 10:08:17,3,3,0,大爱老师
211020,2053,徐敬华,2025-01-10 10:47:56,3,3,0,慢条斯理的语气，可可爱爱的表情，恰到好处的幽默，标注详明的PPT，极其负责的讲解，猛猛捞的绩点，小测后的安慰鼓励......真真好老师！
211028,2053,徐敬华,2025-01-10 10:59:54,1,1,0,这很好了，我个废物有4.2，小测啥也不会
211081,2053,徐敬华,2025-01-10 14:09:22,3,3,0,看到往年评论说认真上课认真做作业认真复习就能满绩，没想到是真的……\n\n工程图学细节很多，有很多地方比如说在不引起误解的情况下，相贯线可以省略，xjh是没有讲的，他主要讲重点的内容和框架，安排顺序也和别的老师不一样，推荐各位自己好好把书本看一遍，因为有一些很细的东西问老师老师可能都忘掉了。还有规定标记的写法大伙也不用太钻牛角尖。xjh从不点名，倒是抽问题的时候点中过缺勤的……上课挺有趣，小测也还好，改作业改卷很认真，会给每一个重要的部位打钩或圈画，回答问题也很勤快，如果网上问只要他看见了就一定会回。改卷也不会为难大家，比如说CAD的操作是没讲的，期末会占少量的分，当然这种只要自己编一点就可以了，据他所说甚至你写“打开CAD”都能给你一半分了。为人没有架子，很和蔼。\n\n唯一让我觉得不满意的就是，徐老师在期末评价里面的照片拍的有点丑，跟刑满释放的一样QAQ（\n\n均绩也高，必须10分好吧
212066,2053,徐敬华,2025-01-13 06:35:14,0,0,0,老师很好，讲的很细很全面，还会穿插一些中华传统文化知识（），唯一缺点是平时作业会给你打AB等，错的个数多了会吃B，但是好像也不太影响平时分？\n\n虽然是技术选考生，但是最后期末考还是有点砸了，但是还有90，大爱。（建议寻找最近的真题，考的有点细了）\n\n10分，推荐
212721,2053,徐敬华,2025-01-14 14:54:43,0,0,0,超级好的工图老师！！！！强力推荐！！！工图是很需要兴趣的课，上他的课能激发兴趣！
216131,2053,徐敬华,2025-03-11 02:51:36,0,0,0,很好的
220170,2053,徐敬华,2025-06-16 03:08:51,0,0,0,他的课会点几个人回答问题的。但是真的捞必须满分。捞的都及格了很有实力。老师你真好😭😭
220171,2053,徐敬华,2025-06-16 03:47:45,0,0,0,老师确实讲的挺不错的，但是需要一直跟着他的思维不能走神。老师人也特别特别好，非常非常好的一位老师。\n\n就是我没考好😢感觉学的还行3.3哎工图可能就是比较注重细节
220207,2053,徐敬华,2025-06-16 09:05:48,0,0,0,老师超级负责超级敬业，也比较捞。只是工图这门课程本身有一些一言难尽
5770,2178,邱清盈,2018-06-04 01:42:09,-76,9,85,原本以为要挂的神课居然给了4.9（机械设计基础）
23803,2178,邱清盈,2016-04-17 10:16:39,-5,0,5,6的废弃
25170,2178,邱清盈,2016-05-06 13:52:03,-4,0,4,666666\n\n
26272,2178,邱清盈,2016-06-16 13:02:30,4,9,5,辣鸡，磨灭了我的学习激情，讲课讲不清楚，有时候上课上的他自己都不想上了，作业布置的是期末不考的，唯一的好处是不点名。
32392,2178,邱清盈,2016-09-27 05:04:56,9,11,2,辣鸡，傻逼老师，ppt不给，什么资料都不给，上课对着念ppt，题目也不讲，总之这门课diy，给分还不行
32921,2178,邱清盈,2016-08-02 03:19:06,13,15,2,垃圾老师，态度差，不给课件，他在上课就是在混时间，把ppt读完，就下课了，学不到有用的东西
47028,2178,邱清盈,2017-01-23 09:56:03,3,5,2,答主上的是机械优化设计。\n\n讲课略无聊，不过数学建模原理这种内容本来就很枯燥。反正不考试，小作业也很少(难度很低)。不想深究原理的话，这方面无所谓。\n\n大作业是直接做优化设计例子，可以用多种方式，过程中有困难可以随时向老师求助，这方面老师挺热心的，课后以及邮件发问都能耐心解决问题。\n\n总结就是上课一般，作业少。其实老师人还是挺不错的，至于给分高低就见仁见智了。
55279,2178,邱清盈,2017-07-01 07:50:53,11,13,2,作业都是不考的，就是用来使劲把你的平时分往下拉
55282,2178,邱清盈,2017-07-01 08:00:35,-2,2,4,其实还可以，趋于无聊，学期开始的时候最好大致了解学的内容和考的内容
55288,2178,邱清盈,2017-07-01 08:14:51,2,5,3,平时分很重要 很重要 作业一定要认真写
55294,2178,邱清盈,2017-07-01 08:19:48,7,8,1,水到是水....但是作业题考试不考....期末很绝望..
55295,2178,邱清盈,2017-07-01 08:20:39,2,4,2,老师的题库拯救了怠惰的我
55297,2178,邱清盈,2017-07-01 08:21:30,2,4,2,虽然课挺无聊，不过感觉老师给分还是可以的，平时作业题一定要交
55298,2178,邱清盈,2017-07-01 08:23:57,-10,0,10,老师课件很用心 给分不错
55299,2178,邱清盈,2017-07-01 08:25:45,3,3,0,…无聊
55301,2178,邱清盈,2017-07-01 08:33:51,1,4,3,课有点无聊，期末刷刷题库，得分不错的
55302,2178,邱清盈,2017-07-01 08:35:47,11,11,0,平时作业没有答案 没有解析 而且有些地方都是要靠什么经验做 稍微做的不一样作业成绩就很差 作业分占比重还不小 考试还不考作业的内容  个人感觉平时分很坑 讲课也无聊
55303,2178,邱清盈,2017-07-01 08:36:33,4,4,0,呵呵呵
55304,2178,邱清盈,2017-07-01 08:38:11,-4,3,7,这么认真负责的老师为什么要给低分
55312,2178,邱清盈,2017-07-01 08:51:30,-3,1,4,老师很和善 上课也很流畅  认真听还是很有收获的  在群里也会耐心地解答问题
55323,2178,邱清盈,2017-07-01 09:12:04,2,3,1,平时分特别严格 作业题考试都不考 期末还是很水的…
55333,2178,邱清盈,2017-07-01 09:49:32,9,10,1,老师发的自测题就是期末考试题库，如果早点知道会考的好一点，学长只能帮你们到这了
57674,2178,邱清盈,2017-07-12 05:29:50,3,4,1,上课声音轻到听不清，期末计算题也不给范围。助教尤其认真，但是作业给分好低啊。最后给分，只能说，好好刷题好好复习
75573,2178,邱清盈,2018-04-23 02:32:35,10,10,0,他一定在想着，不会讲怎么办，讲不完怎么办，只能读ppt维持一下生活了
75804,2178,邱清盈,2018-06-18 05:27:47,7,7,0,辣鸡辣鸡辣鸡作业题难死了，就问你上课讲过吗？辣鸡辣鸡辣鸡
75817,2178,邱清盈,2018-03-19 05:55:55,5,5,0,当一个老师站在讲台上讲课 目的是为了把ppt念完而不是让听ppt的人听懂的时候 那么他就不是一个好老师 更不要说面无表情 课堂提问不耐烦之类的
79259,2178,邱清盈,2018-05-29 06:36:05,3,3,0,听老师的课是一种怎样的体验？\n\n让我先想想念PPT算不算讲课
80133,2178,邱清盈,2018-06-20 11:04:05,1,2,1,听课体验.....呵呵
80583,2178,邱清盈,2018-06-28 05:22:21,36,37,1,平时分刚出来，心态有点崩。机械设计基础这门课老师上课从来只念PPT，毫无波动的语气完全听不下去，平时作业考试不考，确实取学长恁所说用来拉低总评分数的。还有助教真的太苛刻了，漏题被扣分就算了，我有次把作业本交错了第二次歪交上去，被告知是补交，要扣平时分……有这个必要吗！？整个能源也只有这一个老师开这门课，爱听不听？？可真是太了不起了。尸位素餐，在其位不谋其政，占着茅坑不拉屎，这种老师会耽误学生的。希望大家平时作业好好做，我以前不明白现在也晚了，还有自测题从早要开始做，后来也来不及。还有请大家顶我上去，我不想学弟学妹重蹈覆辙。
80584,2178,邱清盈,2018-06-28 05:31:25,5,5,0,对不起平时分出来心态崩了……从来没想过平时分也可以把绩点往下拉……拉这么多……我现在都不是很想复习了只想静静……
80591,2178,邱清盈,2018-06-28 06:13:11,3,3,0,事后放屁，不太适合当老师，讲不清楚的内容就不讲。
80755,2178,邱清盈,2018-06-30 10:41:38,0,1,1,机械设计基础这门课 老师除了上课平淡 其他没什么不好的 下课问问题 在网上答疑也很快  这课平时作业得认真做 最好和别人对对答案 考试较简单
81132,2178,邱清盈,2018-07-04 06:02:29,2,3,1,考完试心态崩了，平时作业要认真做……考试60分是从自测题里来的，早点背下来，还有40分，20分可以保证，还有20分看个人能力了……
83341,2178,邱清盈,2018-07-10 07:08:07,1,1,0,不如自习，讲么讲不好，平时分还那么差
83434,2178,邱清盈,2018-07-10 09:29:57,1,2,1,我觉得老师上课确实挺催眠的，但是答疑做的很好。\n\n
83442,2178,邱清盈,2018-07-10 09:48:33,1,1,0,没有听过一节课，我的分都是自己挣来的。
83452,2178,邱清盈,2018-07-10 10:08:39,-6,1,7,老师是有耐心，会很好地回答下课来答疑的同学。\n\n评分差是课程的缘故，自己平时不努力那也请别对老师那么挑剔。\n\n没有理由给邱老师差评!
83454,2178,邱清盈,2018-07-10 10:10:18,0,0,0,不是课程的原因 另外一个老师的鸡舍满了很多
83734,2178,邱清盈,2018-07-11 06:19:37,3,3,0,给分奇差
84138,2178,邱清盈,2018-07-12 06:18:12,1,1,0,平时分很重要 作业很重要 自测题很重要
86067,2178,邱清盈,2018-09-03 11:52:07,3,3,0,什么玩意
87088,2178,邱清盈,2018-09-20 08:02:46,2,2,0,念经一样
105226,2178,邱清盈,2019-04-08 00:54:34,0,0,0,111
169848,2178,邱清盈,2023-02-28 06:12:06,5,5,0,第一节课就绷不住了\n\n到目前为止见过上课水平最低的老师\n\n念ppt都不好好念
169862,2178,邱清盈,2023-02-28 06:48:22,20,20,0,恐怕是浙江大学第一堂引入AI辅助教学的课程
170073,2178,邱清盈,2023-03-01 08:49:44,13,13,0,才2023年，人工智能就已经能够取代老师这个职业了吗
171275,2178,邱清盈,2023-03-20 11:37:10,1,1,0,sb一个，讲讲课会死吗
171300,2178,邱清盈,2023-03-21 07:16:19,4,4,0,上课破防来打个1分
171983,2178,邱清盈,2023-04-15 13:16:17,2,2,0,写作业破防~！
172733,2178,邱清盈,2023-05-05 15:07:39,2,2,0,快跑（
176314,2178,邱清盈,2023-06-28 10:46:33,1,1,0,用机器读就罢了，为什么不能用视频号ai一样的语言，这样至少好听点。你这机器读的太僵硬了。
177099,2178,邱清盈,2023-07-01 16:45:07,2,2,0,机械设计基础平时作业助教给分苛刻，与期末关系很小，上课全程念ppt
191048,2178,邱清盈,2024-03-30 07:45:11,2,2,0,上课催眠，作业与考试无关，如果遇到边婧助教，快逃，纯纯出生，作业分给的其烂无比，感觉就是那种没母爱的人也不知道怎么爱别人
194626,2178,邱清盈,2024-06-24 16:29:24,1,1,0,没上到他的课真是一大遗憾\n\n失去了一个见识这么抽象的老师的机会\n\n没上过想感受一下的 指路20230228第7-8节第34分钟
221612,2178,邱清盈,2025-06-25 02:26:31,0,0,0,gc/qqy班。嘴下积点德，得到消息的时候gc老师也很不好受，老师一路走好
6701,2207,邹俊,2015-07-19 06:43:07,6,9,3,抓重点抓得特别到位，有东西就讲，没东西就下课，实在，好评
9744,2207,邹俊,2015-11-07 10:19:09,5,7,2,效率高！
59930,2207,邹俊,2017-09-28 09:31:33,1,2,1,讲的清楚
60567,2207,邹俊,2017-10-24 08:30:34,29,32,3,老师自己还是很有水平的，讲得不错，语速飞快，英文ppt基本看不懂，喜欢提前下课，我们都以为他是不是赶着回家做饭。友情提醒：千万不能穿颜色鲜艳的衣服上他的课，这个老师特别喜欢随机点人回答问题。
60569,2207,邹俊,2017-10-24 08:38:34,3,3,0,穿红色衣服的。随时做好被点名的准备。
62432,2207,邹俊,2017-11-25 08:16:53,5,5,0,很有水平的良心老师，能抓住要点，不浪费大家的时间，能实实在在学到很多东西，给分吗，也很好，期末考试两个大题没写出来，就列了列公式也有90分，真心好
62633,2207,邹俊,2017-11-26 08:42:08,8,8,0,挺不错的，就是上的有点快，不过会提前下课，别穿艳色衣服。
64432,2207,邹俊,2017-12-23 14:06:41,2,2,0,五星好评
65452,2207,邹俊,2018-01-04 04:41:30,12,13,1,千万不要带女朋友来上课，不然女朋友会被叫起来\n\n另 别穿鲜艳的衣服
65453,2207,邹俊,2018-01-04 04:43:02,2,2,0,带好笔记本 随时记录惊人经典语录\n\n
87345,2207,邹俊,2018-09-27 06:53:34,2,2,0,课堂体验极佳！！！
88408,2207,邹俊,2018-10-30 08:23:36,1,2,1,像我这么优秀的人
89273,2207,邹俊,2018-11-18 02:29:47,4,6,2,比rxd强了十万八千里
90605,2207,邹俊,2018-11-24 12:59:16,3,3,0,老师给分太棒了！！！！！！！！还经常提前下课！！！！！
90646,2207,邹俊,2018-11-24 16:29:44,0,0,0,给分超级好 着装尽量融入群体\n\n老师很讲效率
90660,2207,邹俊,2018-11-25 01:59:16,2,3,1,别穿得太鲜艳\n\n不然日常被叫起来回答问题\n\n老师上课讲的挺好的\n\n而且常年提前下课\n\n最后一次复习课直接提早一个多小时放了\n\n考试题目一半多和复习课上讲过的题目一模一样\n\n给分野挺好的\n\n
90679,2207,邹俊,2018-11-25 07:33:25,0,3,3,个人经历：\n\n隔壁rxd的工流乙，辛辛苦苦听课做笔记课后自学刷题，最后答卷也很好结果莫名其妙2.7\n\n遂不服，来重修邹老师的工流，一学期没听课只做作业，靠着上学期的笔记轻轻松松99分。
94988,2207,邹俊,2019-01-18 14:17:28,0,1,1,讲课好，期末考的不算好，来许愿
100611,2207,邹俊,2019-01-26 11:45:22,-5,2,7,给分也太好了吧(≧∇≦)ﾉ
100697,2207,邹俊,2019-01-26 14:50:21,-6,2,8,期末最后一节课一定要来 考什么都会讲 很轻松满
102104,2207,邹俊,2019-01-30 12:39:38,-10,2,12,讲的还行，轻松满绩，谢谢老师
102512,2207,邹俊,2019-02-04 05:08:44,5,5,0,我不服
217506,2207,邹俊,2025-04-11 16:06:17,-5,1,6,纯傻逼一个，老子直接给你草飞
2068,2294,刘振宇,2015-03-31 08:19:16,6,12,6,老师挺逗的
13851,2294,刘振宇,2018-07-02 14:48:17,5,5,0,一个蛮可爱幽默的老师！
15166,2294,刘振宇,2016-01-12 09:46:22,27,32,5,绝对是男神！！老师人超级好，讲课很仔细，给同学们答疑时也很有耐心，超级棒！！可惜课程结束了，蛮舍不得的。后悔自己没有好好学，辜负了老师T_T
15266,2294,刘振宇,2016-01-13 05:45:13,22,26,4,炒鸡好，自从他把我从段桂芳解救出来了之后人生就明朗了
18846,2294,刘振宇,2016-01-22 15:33:43,3,5,2,请教了老师很多问题，老师得非常耐心讲解
23162,2294,刘振宇,2016-03-21 00:38:22,2,3,1,男神 不解释
25708,2294,刘振宇,2016-06-04 04:31:50,12,14,2,老师上课一本正经～ppt永远的 结束？继续？
25888,2294,刘振宇,2016-06-13 11:55:06,1,2,1,男神男神男神！重要的事情说三遍。
26723,2294,刘振宇,2016-06-21 03:28:05,5,5,0,讲课很仔细，有条理。一直在前排认真听。感觉只要上课跟着思路认真听，期末几乎不用复习。工图好老师
27014,2294,刘振宇,2016-06-22 07:31:57,21,23,2,老师讲课超详细，萌萌哒，很为学生考虑，最后一次课讲嫁给机械男的十大理由
27019,2294,刘振宇,2016-06-22 07:41:21,5,5,0,一本正经的卖萌～
27126,2294,刘振宇,2016-06-23 05:35:08,4,4,0,男神老师
27331,2294,刘振宇,2016-07-01 01:09:38,2,2,0,简直男神！！\n\n但出分好慢(>﹏<)
30349,2294,刘振宇,2016-07-01 10:49:40,7,10,3,给分真好，70分，太开心了
30380,2294,刘振宇,2016-07-02 00:46:28,-3,1,4,。。。。
30909,2294,刘振宇,2016-07-03 01:48:31,1,4,3,上课思路很清晰，给分超级好，平时课堂会有小测验但是也很有助于巩固课堂知识
50485,2294,刘振宇,2017-05-03 06:15:41,-3,0,3,讲的明白，能听懂
51123,2294,刘振宇,2017-05-18 04:57:45,4,4,0,萌萌哒老师。\n\n PPT浮现出 继续?结束?\n\n同学们:结束！\n\n老师:好的  那我们做个小练习\n\n同学们:继续继续！
52579,2294,刘振宇,2017-06-21 07:34:12,0,1,1,真心好老师，真心好！
52954,2294,刘振宇,2017-06-24 05:49:37,0,8,8,给分真的差，班上一大堆2点几1点几
57500,2294,刘振宇,2017-07-09 02:31:21,4,5,1,高配版陈水桥
57504,2294,刘振宇,2017-07-09 02:47:25,0,1,1,老师讲的很认真，最后给分也很好!
57785,2294,刘振宇,2017-07-15 14:42:21,-6,1,7,绝对好老师，讲课讲的好，认真听期末不用怎么复习，就看一看忘掉的就好了，不用刷题。给分超好的！
80265,2294,刘振宇,2018-06-23 14:35:33,2,2,0,为什么就是不发ppt
80670,2294,刘振宇,2018-07-12 01:57:16,0,1,1,老师太给力了，超级认真，超级可爱人超好
80671,2294,刘振宇,2018-06-29 03:56:40,0,0,0,超级喜欢老师！！！
82474,2294,刘振宇,2018-07-11 11:52:06,2,3,1,老师最后发现统计有问题，改了分，人很好的
82486,2294,刘振宇,2018-07-08 10:26:09,1,1,0,没有听过浙大其他老师的工图(好吧，听过段桂芳的)，讲解也还可以，但绝不是无可挑剔的。分数很低，但绝不是老师的问题，是自己菜。
82665,2294,刘振宇,2018-07-09 02:33:28,1,1,0,老师真的很好，但是工图确实是一门天赋＞努力的学科这样，不能因为绩点去讨厌一个老师，老师会努力给我们调分所以平时成绩一定要做好? ?
109342,2294,刘振宇,2019-06-13 06:54:48,1,1,0,老师讲课真的无聊，上课就是在课上画图。。。但是人还不错
114853,2294,刘振宇,2019-07-12 04:22:23,1,1,0,好的不错！
123914,2294,刘振宇,2020-06-16 07:42:56,0,1,1,机械的男生嫁了嫁了
135895,2294,刘振宇,2021-06-01 11:25:15,7,7,0,“你们可以去网吧用autoCAD做作业”
153822,2294,刘振宇,2022-05-12 07:13:31,2,2,0,老师很好，但我真滴画不出😭
177759,2294,刘振宇,2023-07-04 16:04:44,0,0,0,师强我弱
178052,2294,刘振宇,2023-07-06 11:57:52,2,2,0,给分差 平时每节课小测
178483,2294,刘振宇,2023-07-12 09:01:06,6,6,0,发展趋势这课有什么用？
178488,2294,刘振宇,2023-07-15 07:51:37,0,2,2,也就拿巴拿巴学生了\n\n自己手下的金工造*反了都管不了\n\n有时间上课没时间认真给分\n\n既然主持不了课程不如搞几个青年教师来带\n\n至少不会给同学提一堆根本完不成的要求\n\n认真搞搞行政
178821,2294,刘振宇,2023-07-24 15:59:46,0,0,0,上学期上的工图H，老师人不错，很认真，就是平时经常会课堂练习，偶尔会有段桂芳老师来代课。但是工图这门课真的给分一般，感觉期末考的还可以，可能是平时分扣太多了，平时分还是很重要的。
180664,2294,刘振宇,2023-09-24 13:02:29,-1,2,3,刘老师，我男神
193658,2294,刘振宇,2024-06-14 13:12:55,1,1,0,插个锚点，先一个10分奉上，待我期末出分，如若不挂，当奉为义父
214682,2294,刘振宇,2025-02-16 15:21:32,3,3,0,老师非常好
220859,2294,刘振宇,2025-06-20 07:23:59,2,2,0,工图给分好烂。。
220912,2294,刘振宇,2025-06-20 10:17:49,3,3,0,感谢老师使我获得大学以来的第一门满绩🥹🥹\n\n给分好事不多 老师我将永远追随你www
220986,2294,刘振宇,2025-06-20 15:01:42,4,4,0,神
220987,2294,刘振宇,2025-06-20 15:02:13,3,3,0,绩点意外地好
220988,2294,刘振宇,2025-06-20 15:03:17,3,3,0,无敌了
220989,2294,刘振宇,2025-06-20 15:03:50,3,3,0,极好的老师
220990,2294,刘振宇,2025-06-20 15:04:42,1,1,0,老师太强了
221340,2294,刘振宇,2025-06-23 04:06:55,0,0,0,老师授课水平很高， 但是经常会有随堂练习(不过可以讨论和看书)\n\n最后给分中规中矩  正常水平吧
221505,2322,李江雄,2025-06-24 05:45:03,0,0,0,工业软件开发史中史，平时作业多，还有一个完全不知所云的大作业，最后还有一门20分让你硬背填空题的考试，我只能说大三你想刷绩点的话千万不能选这门课，反正我是后悔了，我个人感觉给分很差，大家上过课觉得给分还行就给个-1，觉得给分差的就给个+1，后面想上这个课的人看到自然就懂了
934,2326,徐月同,2015-03-19 08:13:11,10,22,12,考试极坑
1575,2326,徐月同,2015-03-22 16:02:32,10,17,7,讲话吐词不清，而且完全听不懂，上课学不到任何东西，期末给分非常差
4380,2326,徐月同,2015-06-20 03:40:53,2,8,6,真是坑
19310,2326,徐月同,2016-01-24 00:51:43,-2,3,5,认真学收获挺大的。
21001,2326,徐月同,2016-02-09 08:13:12,-3,8,11,老师很认真。学生不认真是另一回事了。这门课的价值与学校排课顺序不无关系。只要认真翻过老师给的ppt以及课后题，考试的东西都是会做的。
26234,2326,徐月同,2016-06-16 10:31:04,-4,2,6,非常坑
33817,2326,徐月同,2017-01-05 04:40:31,7,8,1,老师说了期末复习的时候作业答案不能给你们，怕你们传给下届同学抄。\n\n大家平时分都很多了，基本都能及格的，不要太担心。
33823,2326,徐月同,2016-09-22 03:03:49,6,7,1,声音小，不用麦克风，讲话不清晰...伏！
39862,2326,徐月同,2016-12-28 04:57:06,9,13,4,徐老师对这门学科有自己的见解，认真学是肯定很有收获的。机械专业的学生不能总想着课水分高，那样是自欺欺人
40697,2326,徐月同,2017-01-05 04:43:18,0,1,1,...
44789,2326,徐月同,2017-01-18 08:57:16,11,15,4,别的不说了，每次的作业老师会亲自批改，并把每一道回答有错误的地方指出来，批注正确的回答方法，不管你的作业是抄的还是做的。这样的老师我在浙大只见过一个。\n\n\n\n
44926,2326,徐月同,2017-01-20 03:29:33,0,2,2,给分不错
45753,2326,徐月同,2017-01-20 04:28:30,10,14,4,对生活和社会很有见解的良心老师，平易近人，很为学生考虑，至于那些什么都不想学还想拿高分的人，你们在做梦吗
65912,2326,徐月同,2018-01-10 07:23:15,4,6,2,ojbk
70965,2326,徐月同,2018-01-28 01:10:28,3,5,2,虽然讲课枯燥，但是还是蛮关心学生的，对学生也很和蔼，会想着把自己的经验分享给我们，考试前一定要花时间复习啊，内容太多了。
71022,2326,徐月同,2018-01-28 01:53:10,1,2,1,上课吐字不清，还有期末考试，ppt作业都认真看了，为什么还只有这么点分？感觉给分极差，呵呵！
71109,2326,徐月同,2018-01-28 03:08:27,5,6,1,其实制造过程这门课本生就是和我们实际脱轨的一门课，我们没有那些工厂里的经验很多东西只能考想象，学起来很枯燥，这也并不全是老师的锅。老师还是和蔼的，常常教育我们要好好学习，有问题他也会认真回答。一分耕耘 一分收获，这个分我也认。
71256,2326,徐月同,2018-01-28 07:59:13,4,6,2,虽然说话有点不清楚 但是人挺好的 只要每次的作业自己认真翻书 考试复习一下作业(最好背下来) 看一遍PPT就好了 比较简单 给分也挺不错的
72336,2326,徐月同,2018-01-30 02:24:14,1,1,0,老师为了双语教学还是蛮拼的
87328,2326,徐月同,2018-09-27 05:32:37,-1,2,3,这个老师很好啊，可以有很多收获的，我给9分！（能坑一个算一个）
118179,2326,徐月同,2019-10-29 05:33:12,-1,1,2,恶竞课
127706,2326,徐月同,2020-11-26 02:22:19,1,2,1,还不错的，老师很认真，也挺有自己对社会国家经济和机械行业的见解。
141264,2326,徐月同,2021-09-28 01:28:28,1,1,0,。。。
141786,2326,徐月同,2021-10-26 00:11:36,1,1,0,上课吐词不清楚，听不懂。其他的还好
165817,2326,徐月同,2023-01-10 02:05:15,0,1,1,首先设计与制造1这课安排太差了，其次老师不咋讲课内容，扯淡多，但不点名，不喜欢听课的可以来，想认真学的移步隔壁，但毕竟只是个背书课，最后给分还行吧，至少没有恶竞
176597,2326,徐月同,2023-06-29 11:21:46,3,3,0,工训这门课就是垃圾
188584,2326,徐月同,2024-01-19 10:10:11,1,1,0,设计与制造太无聊了，给分也不怎么样，纯纯垃圾课
33536,2329,高重阳,2016-09-20 03:19:01,0,0,0,自己体会
37451,2329,高重阳,2016-11-19 01:45:39,1,1,0,。。。。。。。。
61553,2329,高重阳,2017-11-18 12:49:49,3,3,0,辣鸡！！！差差差啊啊啊啊啊啊啊！
61556,2329,高重阳,2017-11-29 16:20:06,6,8,2,神课，真的
61909,2329,高重阳,2017-11-21 14:43:57,7,7,0,别选 绩杀 还点名 上课不知道讲什么。一本书两三次课就给你上完
64574,2329,高重阳,2017-12-25 10:26:54,-40,6,46,人好分高：）
66194,2329,高重阳,2018-01-13 01:22:43,2,2,0,一脸懂逼，不知所言
103876,2329,高重阳,2019-03-14 01:29:11,20,22,2,为啥没有零分呢？PPT都不会念，随口一说一篇章就过去了，作业一大堆，废物
104233,2329,高重阳,2019-03-14 08:03:01,15,18,3,很喜欢扯些有的没的 念ppt都念不好嗷 一节课冲完铸造作业多到没脾气?
104448,2329,高重阳,2019-03-21 01:11:15,18,20,2,上课没有实际内容，全部都是PPT表面内容，这位老师应该没有备过课。上了一节课，收获就知道了有几种加工工序，而这些加工工序的到底是什么样的，应该怎么操作，感觉完全没讲。PPT表面内容讲完了，没有内容讲，就开始说各种和课程只是沾一点点边的东西。说实话，上课还不如自习。
104485,2329,高重阳,2019-04-18 00:27:03,43,50,7,上课之前在教室从百度上找了一个ppt，这是什么操作???
104781,2329,高重阳,2019-03-28 01:32:41,12,13,1,这位神奇老师，不备课，肚子里也没东西，照着PPT读，读着读着，碰到一个解释不清的，就卡住了，然后过个五分钟，说：哦，我知道了！\n\n。。。。。这不是误人子弟吗
105106,2329,高重阳,2019-04-04 00:13:21,14,14,0,陈词滥调，语无伦次
105647,2329,高重阳,2019-04-18 01:31:17,12,13,1,上课不知所云 课前明显没有备课 课上才现场预习 这样的情况下上课还极度喜欢讲闲话【可能是因为没法讲课只能讲闲话吧】一节课可以讲完一大章还表示这章很简单 然而什么实质性的内容全都没有讲 布置的作业基本全部不会做 都是自己网上边找答案边自己理解 自己不好好备课 不好好上课还摁着头让人听 上的机械制造基础 结果课上拿材料力学的课件来讲了一节课还自以为很重要 最后一节课划重点依然不知所云 不停扯淡 大学生话到目前为止上这节课是最大的时间浪费 不如睡觉的水平 实在忍无可忍 来了一个学期也没有学到干货 1分送上 希望以后这样的老师都可以安心做科研 这样才是对教育工作的最大尊重
105649,2329,高重阳,2019-04-18 01:44:46,7,9,2,上课给人的感觉就是根本没有备课。念着ppt不知道自己念得对不对。不知道下一张ppt是什么内容。经常出现前后打脸的情况。上课时不知道他的重点在哪里，有时候突然讲点乱七八糟的历史。讲点没人听懂的笑话。刚开始说周四收作业，结果有一天突然周二要收，还问我们是不是交不上来，所以不交？？？？？？？
105772,2329,高重阳,2019-04-20 09:02:06,1,1,0,233333
106148,2329,高重阳,2019-04-26 00:48:46,2,3,1,教师の屑，路过了吐口痰再走吧
106442,2329,高重阳,2019-04-27 11:38:59,2,2,0,看天意
106456,2329,高重阳,2019-04-27 14:18:28,7,7,0,上课讲历史，没谁了。讲重点没重点，网上现场找PPT，讲着讲着把自己讲懵了，没书，考完试某小姐姐送了一套书给他，求求您做个好人吧！！！
111427,2329,高重阳,2019-07-01 12:41:27,2,2,0,没有零分真可惜?
122646,2329,高重阳,2020-03-11 12:38:00,2,2,0,上课就不要听课了，反正讲的没用，都不如上课的时候自己看书了
125760,2329,高重阳,2020-09-14 04:36:41,16,16,0,傻b老东西给分差得和他智商一样低，PPT做的跟tm剪贴画一样，讲课讲成一副狗屎样，吐口痰再走，啐
134952,2329,高重阳,2021-04-25 01:07:56,1,2,1,傻孩子们，快跑
135189,2329,高重阳,2021-05-05 14:01:55,1,1,0,有点意思，我看到我的绩点以为自己作业是不是交了没登记（之前有过），还想去问问，结果来查老师一看，就懒得问了。
139035,2329,高重阳,2021-07-12 08:35:12,1,1,0,我日他哥，是真的差，真的差啊，别选。
144307,2329,高重阳,2021-12-21 05:19:26,1,1,0,眼都嗯子
160979,2329,高重阳,2023-01-15 06:49:52,9,10,1,优点：出分挺快\n\n缺点：抽象
162203,2329,高重阳,2022-11-17 15:53:09,2,3,1,别选，快跑
162213,2329,高重阳,2022-11-18 01:17:36,6,6,0,纯纯的铁废物
162659,2329,高重阳,2022-12-03 04:20:08,4,4,0,我就呵呵一下
162674,2329,高重阳,2022-12-03 12:56:05,3,3,0,能跑就跑吧
163665,2329,高重阳,2022-12-16 02:23:32,7,7,0,他的水平真的能够超脱出想象的下限，各种迷惑操作懂得都懂，能跑快跑，预置也退了吧md
165224,2329,高重阳,2023-01-08 10:50:46,10,11,1,依托答辩
165457,2329,高重阳,2023-01-06 08:17:41,6,7,1,祝你早日滚出浙大
166100,2329,高重阳,2023-01-11 06:22:45,0,3,3,666
167059,2329,高重阳,2023-01-14 19:18:13,1,4,3,老师感觉思维比较死板，有些行事逻辑搞不太清楚，体验感一般。给分也一般吧，应该没有隔壁汪sir好。1分倒也不至于。
167099,2329,高重阳,2023-01-15 03:06:44,1,1,0,快跑啊
167341,2329,高重阳,2023-01-15 14:33:33,4,4,0,纯纯sb，预支了也最好退掉，血的教训，真的就是一个sb，事多分少，纯纯sb
173793,2329,高重阳,2023-06-03 03:44:57,23,28,5,辨识特征：该导师由于人品有问题所在办公室漂泊不定，先是在航天航空学院，因挪用院士经费被赶出，接着来到机械工程学院智泉大楼，由于得罪航空所大老板又被赶出，来到小白楼203，与某邬姓导师号称“小白楼双混”，后来又靠着跪舔混迹于航空所大老板的公司里。\n\n\n\n学术水平：基本没有科研能力，招摇撞骗，企图在学生心目中树立高大上的形象，等到学生真正问他问题的时候，就开始东拉西扯，从工资待遇谈到家国情怀，对于学术，除了知道几个学术名词之外，对于仿真理论实验方面的知识几乎一无所知，导致自己的学生都不服他。此人讲解有限元分析的课程只会对着PPT念稿，连软件甚至都没有打开过，讲解材料力学课程，因内容过水错误过多，被学生举报，最后导致课程被取消。正是由于零科研能力，所以迟迟评不上教授，现在以抢学生一作作为自己的科研成果。\n\n\n\n科研经费：由于他早期的方向偏向于理论，导致项目能力几乎为零，拉不到项目，所以横向经费基本为零，刚开始还凭借着早期的科研能力拉到几个纵向项目，但是随着后来科研能力逐渐下滑直至丧失，纵向项目也基本拉不到了，科研经费一度为零，此人还擅长经常出国包装自己，实际上出国根本就不是交流学习，从他多次出国还评不上教授科研看出，也正是因为多次出国，科研经费被滥用，真正用于学生的科研少之又少，无实验室，办公室中只有台式电脑，提倡不做实验发论文。\n\n\n\n师生关系：师生关系极其恶劣，几乎所有在他手下的学生都对他嗤之以鼻，原因在于此人不是以培养学生作为目的，而是将学生当成给他干活的工具，除了安排学生给他跑腿报销做PPT以外，甚至会让学生陪他聊天至深夜，还有让女同学陪他逛校园逛西湖，在对于学生没有任何帮助的情况下还要求学生必须学会感恩，鼓励学生给他送礼，暗示学生当他在微信群里说话时拍他马屁，多个毕业后不与他联系的学生都被他骂做忘恩负义。
185939,2329,高重阳,2024-01-06 08:25:47,3,4,1,傻逼课 ，傻逼老师，最后给我打2.4分
188172,2329,高重阳,2024-01-18 10:13:58,2,2,0,就那样，人很唠叨，甚至会拖20多分钟堂，打3分，稍微讲了点东西，不过还是推荐不要上他的课
192779,2329,高重阳,2024-05-30 08:57:20,-34,9,43,【授课老师本人的澄清声明】\n\n    各位来此浏览了解高老师的同学你们好，我是高老师本人，昨天刚来这里看到了严重失实的帖子，因此在此严正地予以申明。      之前不知此网站，因近期教务通知要开始下半年选课了，偶然得知此网址来看才发现一些留言肆意歪曲、严重背离事实，尤其有一个可能是已毕业博士生的帖子已不是简单宣泄情绪而是带有刻意污蔑虚假诽谤老师的违法性质，我先跟教学管理部门进行了反映咨询，才得知他们也知晓此网站的问题因之前也一直有老师投诉也在想办法解决。在网络社会我们公民都有发表言论的权利自由，但若通过匿名便利不敢对自己的言行负责任的肆意歪曲甚至捏造事实、断章取义、诬陷诽谤老师就不仅是宣泄私愤而是故意侵害他人的明确违法行径。 \n\n    我在考虑处理此事的同时，先在这里就个别帖子的造谣内容予以澄清，让最近开始选课的学生如果有来这里的先及时了解事情原貌：
192784,2329,高重阳,2024-05-30 11:01:51,-22,8,30,（01）有帖子指出我上课之前在教室从百度上找了一个ppt，言下之意我连讲义都没有。所有上课的学生都很清楚我整门课的讲义在开学前就准备好的，真实的原因是我可能有时候课堂上想补充一些讲解中涉及的例子，就临时在讲台上从网上打开了相关素材。帖子还指责我是念PPT没有备过课，另外还讲（原文为扯）只是沾点边的东西，我想问大家，这两句话前后是不是自相矛盾？如果我只知道念讲义又怎么还会拓展开来去讲解所谓不沾边的题材？又如果我是喜欢拓展题材讲所谓只沾点边的东西又怎么可能只是在念讲义？这也涉及到教学理念和个人授课风格的差异，我想通过联系与制造技术有关联的历史素材的讲解来活跃一下课堂气氛就被别有用心的学生拿来讽刺，那我只讲机械制造他们又该说枯燥无趣了，难道有些学生课堂旷课不喜欢点名、迟到不予批评、前排趴桌昏睡、说话看手机、答不出刚刚强调的概念提问等就是应该的老师不能调动？
192785,2329,高重阳,2024-05-30 11:08:43,-19,8,27,（02）有个帖子说我连教材书都没有，考完试班上有学生给我送了一本。这真是有意歪曲实际情况是，设计与制造这门课前几年一直使用的是工科院校都采用的一本经典教材即邓文英等人编写的《金属工艺学》，因其已经沿用了很多年所以从最初第一版已更新了多版，我2019年时手里拿的不是最新版而班上部分学生手里已经有了最新版但内容基本上没多少变化只是略做修订以及课后作业编号顺序有个别调整了，所以考完试后学生把最新版送给了我这也成了旁边看到的同学加工的素材。\n\n（03）有几个留言公然用脏字这样的学生的话还有什么可信度和解释的必要。有些虽是分差泄愤但更多的则应反思作为浙大求是学子的自身个人素养将来如何在社会立身的深层问题。大部分污言秽语都是2019班个别人的，我现在能回想起来的原因就是我可能得罪过他们班一批人：当时的课是1、2节，起初有零星的学生在8点钟打铃了我开始上课了还在座位上吃手里的早餐，我就没多说用眼光进行了提醒，但一两次后有一天已经打铃上课了我站在讲台上往下一看，竟有两三个同时在各自各的吃着手里的东西，我就有些生气的停下讲课说：既然你们还没吃完早餐那我就在外面等你们一会儿，等你们吃完了我再讲。于是就去外面楼道两三分钟后又回来接着讲课了。从当时气氛看应该是他们觉得伤了他们班集体性的面子，后来成绩不好的就在这里群起而发难。\n\n（04）我开始时提到，有个可能是已毕业博士生的帖子刻意编造虚假谣言、肆意污蔑诽谤老师已具有明显违法性质，不排除后续以法律形式予以处理。说实在的，我到现在也不敢相信和确定是自己之前的学生所写，我也只是猜测可能是过去的某位，因为我这么多年从未主动为难打压过谁、问心无愧，有些博士生读博阶段本来就有压力和自身的问题却希望把自己的问题和挫折非要怪在导师他人身上以寻求自我心理解脱，以下是对其肆意歪曲、黑白颠倒的一堆危言耸听的描述予以拨正：
192787,2329,高重阳,2024-05-30 11:11:44,-25,6,31,（i）原帖一开始就毫无廉耻地造谣，说我挪用院士经费被赶出可谓信口雌黄无中生有。我被航空所的校级创新团队2012年专门邀请加入（因其需要数学、控制、力学交叉学科的老师融合）反被污蔑是求着别人加入这简直是无耻之极（我已考虑让有关部门来追查造谣发布者）；\n\n（ii）原帖说我早期材料力学课程被学生举报还被取消，又是信口雌黄。我2012年刚调入机械学院时本来就在上原学院材料力学，新学院的课程交接有个过程，由于机械学院学生也要上工程力学我就正好还是上这门课，两年后机械学院有腾出来的专业课课时了我就自然换为教授《机械制造基础》课程，何来举报取消？？真是造谣之极。\n\n（iii）原帖污蔑说我没有科研能力和项目几乎为零，了解科研领域的同行应该知道国家自然科学基金的申请难度公正性和含金量，要是真没有科研能力一个国家基金也申请不到的我会有2项？还有浙江省杰出青年基金项目我是空手拿到的？更何况我省杰青项目可是优秀结题！！还说我出国花掉了科研项目经费，简直是不懂装懂，我近些年的出国合作研究一次是对方院士自己经费出钱资助的，一次是国家留学基金委政府资助，和在校的科研项目经费一分钱关系都没有！！由此也可见该生为攻击老师瞎编乱造无所不用其极。\n\n（iv）还说我占了论文一作的位置。众所周知SCI论文的作者主要是按各自贡献由通讯作者确定排序的，我前些年带学生基本都是亲自一线参与完成，文章规划尤其是主要理论创新点大多是我先搭建好框架再指导学生展开进一步调研和模拟计算验证工作，中间遇到理论与技术难点也是亲自讨论指导解决，所以，论文一作我是理所应当、当之无愧。该生几篇SCI论文都怎么发出来的在他们班级同学里当时也是领先，现在占了导师的成果和培养汗水毕业了倒反说导师占了一作可谓忘恩负义、良心何在。
192801,2329,高重阳,2024-05-30 13:53:54,-20,8,28,（v）最后说我师生关系简直就是大肆捏造素材。首先，说我鼓励学生送礼正可谓黑白颠倒，事实是个别学生春节老家回来带了点家乡美食如腊肉之类我恰恰每次都是当面提醒不用客气以后不要再带了；其次，我带学生出去开会为了给其机会锻炼把会议报告让给他上台去做、难道这个ppt还要我给他做不成？还有在玉泉校区时经常下午四点多带实验室的各位同学去图书馆后面老和山爬山上去从旁边植物园侧门回来，竟变成了和女生逛校园逛西湖纯粹就是毫无事实的恶意抹黑。还编造说我的学生都不尊重我，一个导师带过几十个学生有两三个工作不满意的在所难免不是很正常，何况有他这样不懂感恩违法伤害老师的碰到一个就够了。我这些年来指导的硕士生毕业从没有过延期，研究生获得国奖2名、院级优秀2名及1次学院十大优秀研究生、本科优秀毕业生2名，这些培养学生的成绩跟学院诸多教授的课题组相比都毫不逊色，这样睁眼说瞎话造谣良心何在？\n\n\n\n   最后，希望看到这份澄清说明的同学能够体谅我们做老师的在浙大做科研教学工作的辛苦不易，这里仅就个别严重失实的网帖有必要予以专门驳斥（其中一个涉嫌造谣的违法的帖子会另行调查处理），请看过勿要在别处转发和议论，感谢您的理解和支持。希望大家不轻信这里没有监管和负责任的带有污蔑性的信息，并欢迎大家踊跃选我的课，用您自己的眼睛来判断我的教学工作谢谢。（备注：当时教务排课时让每个老师可以先提不希望排课的时间段，我想以前1、2节上课比较早有些班学生会有迟到就建议不排1、2节意思就是排3、4节，不料几年学校课程增多教务将3、4、5节优先留给三节连上的课程了，所以时间排到9、10节了）
193212,2329,高重阳,2024-06-04 12:42:29,15,16,1,老师您先别看怎么澄清\n\n您班里的学生平均绩点就是差其他老师一大截呀，\n\n学生总不可能有差异，您也不用说大家来读书只看重绩点什么的\n\n事实就是所有班里的同学都要相互竞争，要靠这个绩点保研的\n\n您打分求是\n\n其他老师就算给的虚高那也是有同学受了益肯定会往其他班里跑呀\n\n来您班里平白无故的要比别人少好几分，谁受的了，谁能心平气和
194017,2329,高重阳,2024-06-21 11:44:46,14,15,1,牢高，没人想你
197733,2329,高重阳,2024-08-05 17:35:57,5,6,1,看完了这段澄清，不说别的，就说你的高中老师行为：大学里面哪还有老师会为了有人在吃早饭就破防？如此破防基本可以说是咸吃萝卜淡操心，有这点精力不如好好把自己的课打磨一下。另外这比高中老师还逆天：很多好点的高中老师连上课吃东西都不会管。你自己不觉得自己把这段随便就破防的内容说出来很掉价吗？另外，如果要查找专业课的讲课样例和素材，百度找PPT这种查找方式不是效率很低吗？文献检索之类的方式不香吗
198208,2329,高重阳,2024-09-05 02:31:50,3,3,0,孩子们快跑
198211,2329,高重阳,2024-09-05 06:33:17,-2,3,5,评论区的还没开学开课就评论？
198347,2329,高重阳,2024-09-07 14:02:07,3,4,1,一股子老专制独裁味
198709,2329,高重阳,2024-09-11 05:12:01,0,1,1,。。。
199297,2329,高重阳,2024-09-20 13:20:07,-11,3,14,老师还是很好的，毕设是老师带的，平时对我指导很负责的，相处起来感觉老师还是很有亲和力的。
203476,2329,高重阳,2024-11-19 17:40:13,9,10,1,哈哈哈居然还有老师急眼亲自下场狡辩的，下面的文字我我在设计与制造课程群里询问能否将ppt上传学在浙大时老师私信我的回复，其中的逻辑请大家自行体会。\n\n\n\n你问这个应该前两次课课间或课后上来讲台就及时问我的，而不是在这里问。因为别的一些同学之前都在课堂间隙咨询过我的。简单来说就是这门课有几位老师同时在上有个教研组和学院指定的学科课程负责人，两年前在教学工作会议讨论时考虑到有些学生有了PPT会相互拷贝最后会潜在影响整体出勤到课率所以一般不给学生拷贝。另外，我的讲义中所以要考核内容都是在教材里有的只是有些图是彩色的
204700,2329,高重阳,2024-11-27 11:58:14,5,6,1,大作业通知这么晚，快期末了还就给一周，你是牛逼的gcy
207594,2329,高重阳,2024-12-23 07:48:40,4,4,0,不给ppt，
208755,2329,高重阳,2025-01-01 10:32:29,1,3,2,这种不给PPT的老师（除非是因为版权问题）基本可以说无一例外不是逆天
208771,2329,高重阳,2025-01-01 14:26:49,3,4,1,给你个高分，求求你别给我挂了就行啊啊啊
211514,2329,高重阳,2025-01-12 00:50:15,0,2,2,简而言之就是一坨屎，上课无聊催眠，给分抽象，shi！
211725,2329,高重阳,2025-01-12 09:24:02,3,5,2,早点去时把，毁灭把，啊啊啊啊啊啊啊撒了你初生，沃日你木，彻底疯狂啊啊啊啊啊啊啊
211853,2329,高重阳,2025-01-12 17:13:08,1,3,2,上课无聊，给分一般
218387,2329,高重阳,2025-04-23 06:05:01,0,0,0,屎，不必多说
218460,2362,刘宏伟,2025-04-23 20:23:13,0,0,0,老师还是很认真负责的
218631,2362,刘宏伟,2025-04-27 12:56:22,0,0,0,老师挺负责，上课时经常问同学听懂了没有，发现同学没听懂会再讲一遍。电机这门课感觉上课的内容挺难的，经常更不上，但是作业考试很简单，只需要把例题跟作业题全搞懂，考试就没问题了。
89139,2368,何闻,2018-11-16 04:33:58,6,8,2,讲的有条理，重点清晰，老师很负责，很和气。
117110,2368,何闻,2019-09-19 07:41:17,1,6,5,很好啊
139773,2368,何闻,2021-07-26 08:34:33,12,17,5,对研究生很差
152035,2368,何闻,2022-03-23 15:24:01,3,4,1,别来，就会赚钱，
169346,2368,何闻,2023-02-25 13:05:34,1,3,2,讲课没问题。读博读研要慎重，无指导，重心在搞钱
172711,2368,何闻,2023-05-05 03:06:58,0,0,0,tmd就离谱我们班成绩所有人都比预想的低很多，tmd钉钉又从来不看，学生反馈从来不注重，给分极其不负责任，甚至存在给同学卖合格的嫌疑，要是换个老师我tm就算是闭着眼睛考都比这b成绩高
172714,2368,何闻,2023-05-05 03:44:36,0,0,0,历史最差老师，不负责，不看消息，不回复，给分很差，笑面虎，遇到他真是我的不幸运，卓越班的学弟学妹一定要退课选其他班。
172726,2368,何闻,2023-05-05 09:07:50,-1,0,1,纱布给分
190635,2368,何闻,2024-03-12 12:50:58,0,1,1,中规中矩，没有惊艳。但是久闻搞钱，对研究生差，哎，，
205335,2368,何闻,2024-12-04 12:40:31,-1,1,2,老师很好！上课很认真，对学生很负责，期末会组织答疑。此外，对自己的研究生非常非常好，给钱给得多，又不会卡毕业，非常非常建议来这里读研或读博。宝藏老师，值得入手。
205336,2368,何闻,2024-12-04 12:45:27,-1,1,2,实验室研究生和博士生特别多，没有延毕的学生，老师对学生科研的指导非常到位！！欢迎大家来读博！
38016,2370,李德骏,2016-11-23 06:57:55,7,11,4,讲课天马行空不知道在说什么，该讲的不讲，不该讲的讲一堆，最后一个软件都不会用。
48752,2370,李德骏,2017-12-25 08:20:26,-6,5,11,杨灿军mlgb
49533,2370,李德骏,2017-04-18 03:24:24,14,15,1,Excel点名大法好
50918,2370,李德骏,2017-05-09 02:34:28,34,47,13,一傻逼老师，上课不会讲内容，不停的用excel随机点名、提问。\n\n真tm脑残。完全不会教学，不知道坑了多少届机电学生。
51810,2370,李德骏,2019-03-04 06:00:56,-13,6,19,数值方法好课，机电必选\n\n强推
51811,2370,李德骏,2017-06-11 09:13:55,15,16,1,这个老师的课让我再也不相信excel了
58732,2370,李德骏,2017-09-16 05:38:25,5,5,0,有毒有毒
78336,2370,李德骏,2018-05-11 03:11:44,6,6,0,没有点名就没有几个学生会来上课，建议选隔壁班。
85722,2370,李德骏,2019-02-25 05:24:55,-8,3,11,还行吧4.5
88589,2370,李德骏,2019-02-25 05:24:53,-10,1,11,4.5 把
108913,2370,李德骏,2019-07-12 11:24:59,5,10,5,EXCEL随机点名可还行。而且我感觉每次都叫到那几个人哈哈哈哈哈哈还行吧，大作业好好做，考试很简单的，不就是比谁计算器按的溜嘛，满绩了，开心！
109777,2370,李德骏,2019-06-19 06:50:56,3,3,0,”我们点三个同学上来把这个题做一下吧……”(反正我没懂他在讲什么干什么，工数自学得还蛮累的，还有ANSYS真的让人崩溃鼠标滚轮就闪退)
136927,2370,李德骏,2021-07-04 11:42:35,3,4,1,工程数值方法\n\n\n\n教学方法有些问题，主要是上课重点不突出、没有主次，凡是教材上的内容都过了一遍，甚至用两次课的时间讲不考的黄金分割\n\n所以几堂课下来的感觉就是，好像什么都讲过，但都没什么印象\n\n老师人还挺好，经常鼓励学生
152501,2370,李德骏,2022-04-13 09:04:32,0,0,0,函数的就地解决点解点解
153570,2370,李德骏,2022-05-05 02:38:58,13,13,0,范伟老师？
159962,2370,李德骏,2022-09-10 06:44:29,0,1,1,可以可以
201569,2370,李德骏,2024-11-04 11:49:43,1,1,0,很垃圾，全是点名
207751,2370,李德骏,2024-12-24 06:42:33,0,0,0,疯狂点名
3820,2398,宋小文,2015-06-17 05:15:25,4,6,2,数字化建模课，工作效率有点高~
135812,2398,宋小文,2021-05-27 04:56:17,1,3,2,真的太多事了，1.5分的课，屁事巨多
172742,2398,宋小文,2023-05-06 02:51:50,0,1,1,纯背书的课，考前两天死背ppt，两个大作业都是糊弄的，但给分确实不错
218773,2398,宋小文,2025-05-04 12:53:07,0,0,0,不签到，有一个小组答辩，5-6人，不考试
7371,2400,朱伟东,2018-02-03 07:25:32,28,38,10,讲课跟鸡巴一样的老师
9780,2400,朱伟东,2018-02-03 07:25:42,5,10,5,讲课和鸡巴一样的老师
60053,2400,朱伟东,2017-10-09 02:39:33,5,7,2,呵呵呵
60094,2400,朱伟东,2017-10-10 06:10:38,9,11,2,讲课都让我怀疑他自己会不会
60253,2400,朱伟东,2017-10-16 01:32:57,13,16,3,垃圾，講課實力就像倔強青銅3一直打不上去似的
60254,2400,朱伟东,2017-10-16 01:34:21,5,6,1,又一个不会教学的牛逼老师
60568,2400,朱伟东,2017-10-24 08:34:45,5,7,2,老师讲课牛逼得不要不要的，10分给2分不怕你骄傲。如果有别的选择，微机原理一定不会选他的课。我的单片机怕是要败在他手上。
60972,2400,朱伟东,2017-11-06 05:12:44,1,4,3,呵呵呵呵
61052,2400,朱伟东,2017-11-27 02:10:02,3,5,2,他就是个废物
63435,2400,朱伟东,2017-12-04 04:35:10,-8,4,12,有耐心
63857,2400,朱伟东,2017-12-18 02:44:16,2,5,3,呵呵，讲的东西怕是自己都不会吧？
65645,2400,朱伟东,2018-01-08 03:17:54,2,5,3,老师你是个好人，只是我真的听不进去T_T
68414,2400,朱伟东,2018-01-23 07:10:31,2,3,1,太烂了
68525,2400,朱伟东,2018-01-23 10:07:54,3,4,1,如果有来生，我绝对不会再选他的课
69809,2400,朱伟东,2018-02-03 07:26:10,9,10,1,讲课比屎还难受到老师，最恶心，没有之一。
71688,2400,朱伟东,2018-01-29 00:55:39,1,2,1,修行在个人
74618,2400,朱伟东,2018-03-05 00:07:34,-4,2,6,呵呵呵呵呵呵呵呵呵护呼呼呼
87741,2400,朱伟东,2018-10-11 06:28:24,2,4,2,上课抄手稿，一问三不知
91238,2400,朱伟东,2019-01-24 02:18:15,5,8,3,有0分我绝对不打1分，大学三年以来遇到最差的老师，教学能力就算不是浙大的底线也是底线之一了，不知道怎么能成为浙大的老师
94625,2400,朱伟东,2019-01-17 12:24:49,-8,4,12,浙大名师，建议学弟学妹们多多选他的课\n\n
99964,2400,朱伟东,2019-01-25 11:02:45,10,11,1,全程念ppt，考试是个玄学？？扩展芯片考了一个，程序填空，关键是20分诡异简答题，一个都没见过，没一点印象，全靠理解？
99975,2400,朱伟东,2019-01-25 11:26:34,6,8,2,单片机人生低谷，画重点的时候就——我们上课的时候花的时间长的，考试占比越大。我：？？？\n\n考试简直就是在瞎扯，该考的硬核知识不考，不重要的内容大篇大篇出。好好好，怪我，菜是原罪
99990,2400,朱伟东,2019-01-25 11:54:05,7,9,2,如大家所言，史上最低，下2了，cnm
100124,2400,朱伟东,2019-01-26 00:50:05,2,3,1,辣鸡老师，毁我青春
100188,2400,朱伟东,2019-01-25 17:06:17,1,3,2,查完分数怀疑人生。这卷子出的是你马呢。来查老师看看评价，看到全是骂他的还稍微平衡一点
101959,2400,朱伟东,2019-01-30 01:16:59,0,3,3,真坑啊
201399,2400,朱伟东,2024-11-01 16:05:31,1,1,0,上课抽提问。期末考试巨难，跟平时作业一点关系都没有。课上讲的东西多，深，而且难。
204336,2400,朱伟东,2024-11-25 09:51:43,0,0,0,课讲的不咋地
23586,2408,杨华勇,2016-04-07 11:20:00,10,12,2,好！好好好！
75758,2408,杨华勇,2018-03-16 12:19:19,5,5,0,杨院士
115722,2408,杨华勇,2019-08-19 11:53:42,2,2,0,很舒服
201966,2408,杨华勇,2024-11-08 00:49:19,1,1,0,杨院士上课非常认真，完全没有找其他老师代课，而且非常细致地教会学生很多非常有价值的知识点，点赞！
216864,2408,杨华勇,2025-03-27 11:17:32,1,1,0,机械学院唯一真神
183045,2445,魏建华,2023-11-22 00:27:59,0,0,0,废话很多
24683,2490,刘晓健,2016-05-03 05:28:05,35,40,5,沙发，人挺帅的
26182,2490,刘晓健,2016-07-04 16:05:33,7,16,9,自从他把我从段桂芳中解救出来，人生就明朗了
26899,2490,刘晓健,2016-09-18 07:35:09,7,7,0,比段桂芳好太多！虽然讲得比较沉闷但是不废话，不浪费时间，最后还会帮我们复习，讲解例题，人也蛮帅的！！
30206,2490,刘晓健,2016-07-05 06:00:39,1,5,4,给分跪了T T
30775,2490,刘晓健,2016-07-02 12:48:12,26,28,2,老师讲得很好，很为学生着想，工图课会放一些先进的机械技术视频，莫言来做讲座时还同意我们翘课，最重要的是，老师真的很帅，我是男的(/ω＼)
31719,2490,刘晓健,2016-07-04 15:01:22,3,5,2,老师颜值爆表^ω^，虽然年轻点，不过讲课很用心，最后给分也很给力哦
32020,2490,刘晓健,2016-07-05 11:39:46,3,5,2,老师很帅，给分虽然不是特别好但是不差。而且人很好，尤其是在和段桂芳对比以后。
32021,2490,刘晓健,2016-07-05 11:41:28,-5,1,6,刚来教书，师生情不是很清楚，给分比较差TT
32478,2490,刘晓健,2016-07-07 05:07:13,2,2,0,老师人还是很好的?
33528,2490,刘晓健,2016-09-20 02:39:07,15,16,1,嘿呀老师好帅啊！嘿呀老师好帅啊！嘿呀老师好帅啊！（我是男的真的）
40350,2490,刘晓健,2017-01-03 04:17:34,3,3,0,老师很帅气，对学生也很人性化，很亲切。最重要的是，他很了解、体谅我们现在的想法
40419,2490,刘晓健,2017-01-03 07:56:18,4,4,0,老师人很好，有情怀，很亲切
45022,2490,刘晓健,2017-01-19 00:07:49,5,5,0,出分前，觉得是个不错的老师。出分后，觉得这老师贼好。给分真心好。人长得又帅，一件Columbia冲锋衣内胆突显气质。
45070,2490,刘晓健,2017-01-19 02:27:07,4,4,0,老师挺不错的，给分也好，邮件回复很及时，感觉是平时认真了期末考差也会给高分的老师
45113,2490,刘晓健,2017-01-19 03:55:27,2,2,0,老师真的不错，作业不多，人也很好，平时分都给的很高。最后绩点很不错啊！！！！
45264,2490,刘晓健,2017-04-01 12:12:32,2,2,0,超帅而且很贴心！
47885,2490,刘晓健,2017-02-27 02:55:43,0,0,0,沙发 没什么不好的
48926,2490,刘晓健,2017-03-16 13:16:09,0,0,0,老师贼溜，态度很好，讲的有点闷，但面面俱到，真心不错。
50574,2490,刘晓健,2017-05-03 14:44:55,1,1,0,老师人很好，上一次还给我们推荐了鲍勃的音乐，很为学生着想的。这门课程的特点会让老师不好怎么发挥，但是自己花时间认真学还是可以学好的。
52760,2490,刘晓健,2017-06-22 13:32:19,13,14,1,最后一节课结束了老师还找我们合影！真的是很开心啊～～～～是一个讲课认真 爱学生爱音乐的老师！爱爱爱您～
52968,2490,刘晓健,2017-06-24 08:20:17,2,2,0,男神！
55632,2490,刘晓健,2017-07-10 10:59:30,1,1,0,老师是真·男神，长得又帅，腿又长，人也超好，总是在群里答疑，给分炒鸡棒！爱死刘老师了！
57596,2490,刘晓健,2017-07-10 10:48:08,2,2,0,一出分就来打10分\n\n老师太帅了\n\n讲课也详细！\n\n给分好到炸！
57598,2490,刘晓健,2017-07-10 11:13:35,2,2,0,老师超帅的，而且很温柔，而且很有耐心！
57599,2490,刘晓健,2017-07-10 11:23:10,6,6,0,男神老师！大学第一门满绩！上课文质彬彬气质超凡超喜欢！
57603,2490,刘晓健,2017-07-10 11:48:07,1,1,0,老师超棒！！人帅课好给分棒！！\n\n之前还担心自己挂科来着，没想到最后给分超棒！！可能因为重考试卷简单？\n\n不管！就要给老师满分长评，爱老师迷妹+1
57607,2490,刘晓健,2017-07-10 13:13:59,0,0,0,老师人很帅，给分好，挺能为学生着想的，平时作业也少啊！
58845,2490,刘晓健,2017-09-18 05:29:53,2,2,0,人超帅
65175,2490,刘晓健,2017-12-30 03:42:45,1,1,0,思路清晰   听老师话准没错    贼帅   又和蔼\n\n
65815,2490,刘晓健,2018-01-09 09:52:02,10,12,2,老师太帅了听不进去课了都，作为老师小迷弟，天天盯着老师的大长腿.....咳咳正经点。很和蔼，有亲和力，讲得也很到位了，没考试呢但是还是给您10分。给我个高分吧！
69491,2490,刘晓健,2018-01-25 01:11:07,0,0,0,老师很棒，有很帅，很为学生考虑！
69492,2490,刘晓健,2018-01-25 01:11:53,0,0,0,老师超级帅 而且很关心同学 人也很幽默风趣 棒棒滴
69493,2490,刘晓健,2018-01-25 01:12:18,5,5,0,人超级帅，还有大长腿?课也讲的不错
69494,2490,刘晓健,2018-01-25 01:13:53,5,5,0,真的很帅，会站在学生的角度去考虑问题，虽然讲的有点模糊，但可以被其他优点掩盖下去，最后一节课还和我们拍了照，超可爱！
69496,2490,刘晓健,2018-01-25 01:15:00,0,0,0,老师很帅，考前评10分，只求不挂?
69497,2490,刘晓健,2018-01-25 01:15:45,0,0,0,男神老师
69499,2490,刘晓健,2018-01-25 01:26:37,0,0,0,人帅，条理清晰，超级暖。下午课大家都困还会故意晚上课让大家睡会。
69501,2490,刘晓健,2018-01-25 01:33:31,0,0,0,苏福！考试前给个满分！希望老师能给我满分！
69502,2490,刘晓健,2018-01-25 01:36:06,1,1,0,刘老师太帅啦
69503,2490,刘晓健,2018-01-25 01:36:47,2,2,0,下午123节课 每次老师进来 都要说 来同学们 趁你们还不困我们快点开始讲课 可以说是肥肠可爱了(⁄ ⁄•⁄ω⁄•⁄ ⁄)
69504,2490,刘晓健,2018-01-25 02:05:14,6,6,0,老师超帅啊啊啊啊啊，人也超好了。上课很认真的，课讲的好，还会放小视频特别有趣，炒鸡喜欢老师。要考试了悄咪咪给老师打个满分，保佑我成绩好看点( ´･ᴗ･` )
69507,2490,刘晓健,2018-01-25 01:44:51,1,1,0,非常棒的一个老师
69509,2490,刘晓健,2018-01-25 01:50:59,1,1,0,老师很帅！保佑我工图考试！
69516,2490,刘晓健,2018-01-25 02:08:20,1,1,0,老师很好 满分求过
69517,2490,刘晓健,2018-01-25 02:10:06,10,11,1,老师人很帅。。看看评论就知道了，解答问题也很耐心，如果选上绝对是血赚的那种老师，现在在考场，外面下着小雪，希望各位考生瑞雪大丰！(づ ●─● )づ
72073,2490,刘晓健,2018-01-29 09:51:46,1,1,0,老师很帅很亲切，课也上得很棒。上课要抢前排啊…最后一节课还和大家合影留念，可以说很可爱了。
73422,2490,刘晓健,2018-02-01 14:19:06,3,3,0,老师帅，上课好，温柔男神，给分还超级棒，强推强推?
73423,2490,刘晓健,2018-02-01 14:19:20,3,3,0,老师很帅，给分更加给力?
73426,2490,刘晓健,2018-02-01 14:21:05,5,5,0,老师教学时间不长，工图主要看自己的努力程度吧。\n\n老师人真的好，上课会给我们介绍好多现在的科研项目，给我们讲他考博时候的心路历程，与我们合影。\n\n虽然出分才给评价我自己感觉有点功利的样子。但是真的真的，老师人真的善良可爱。大家选他真的没错。
73432,2490,刘晓健,2018-02-01 14:35:49,3,3,0,给分太感人了 真的强推一波！！
73436,2490,刘晓健,2018-02-01 14:37:18,6,6,0,帅气的老师呀|ω・）然后有一丢丢幽默的。今天出分感谢老师救命之恩，毕竟我的想象力不是很好_(:з」∠)_然后比不过各位大佬但还是很满意了
73452,2490,刘晓健,2018-02-01 14:46:42,10,11,1,首先 老师是一个年轻的帅气的身材非常好的有气质的男人…真的帅……像小说里的那种帅……然后给分很好 感觉考的很差最后还是很幸福的得了一个很过得去的分数 感谢老师 我爱老师 么么哒 真的帅 老师也很为学生着想 一个很好很好的老师 选上老师的课真的幸运极了
73467,2490,刘晓健,2018-02-01 15:10:02,8,9,1,老师很帅，讲得也好，给分也很好，浓浓师生情
73478,2490,刘晓健,2018-02-01 15:38:57,19,19,0,喜欢，不仅仅是课，你懂的。
73508,2490,刘晓健,2018-02-02 00:10:35,2,2,0,老师炒鸡好，给分体现浓浓师生情。
73525,2490,刘晓健,2018-02-02 01:41:19,2,2,0,男神！
73534,2490,刘晓健,2018-02-02 02:09:49,4,5,1,满分!老师上课超棒的，每节课都超精彩！从截交线，相贯线那节课起，我发现我就喜欢上工图了！虽然星期二满课，但认真听完老师的课之后都会觉得心情舒畅。我觉得工图课是我大一上收获最大的课（没有之一）。给分的话，只要自己掌握了老师课上讲的知识，期末考卷不难，老师也会尽量给每个学生高分，成绩出来的时候群里都在谢谢老师。再次感谢老师！！！
73602,2490,刘晓健,2018-02-02 05:31:34,4,4,0,老师特别好，给分特别好，特别喜欢
101771,2490,刘晓健,2019-01-29 04:54:15,6,6,0,出分后来唠唠几句 老师是真的帅 很儒雅的那种 不过声音太儒雅有时候上课容易睡着... 答疑很耐心 有时也会讲段子 课堂中规中矩那样 给分不错 总体好评老师！
101776,2490,刘晓健,2019-01-29 04:58:36,7,7,0,老师太帅了！！！！！！！真的帅 身材好到没话讲，对学生也很好，讲的也很清楚，给分好，男神！
101781,2490,刘晓健,2019-01-29 05:08:50,4,4,0,很舒服的呀！绝对男神！不仅给分好，而且人还帅！平常作业压力不大，而且要是平时再认真一点，分数会更高！
101785,2490,刘晓健,2019-01-29 05:16:35,7,7,0,刘男神真的超帅\n\n平时事情不多，作业不多\n\n期末考试一塌糊涂感觉可能要挂了\n\n刚刚分出来居然上4了\n\n神仙老师！！！！
101795,2490,刘晓健,2019-01-29 05:31:11,0,0,0,太好了，工图没挂科，老师真好呜呜呜
101806,2490,刘晓健,2019-01-29 06:51:07,0,0,0,给分真的好
102898,2490,刘晓健,2019-02-25 00:52:08,0,1,1,男神救我于水火
182986,2490,刘晓健,2023-11-21 10:24:30,3,3,0,真男神，不开玩笑的
186195,2490,刘晓健,2024-01-09 09:57:11,2,2,0,真男神
198800,2490,刘晓健,2024-09-11 23:00:50,2,2,0,确实率，男性魅力拉满，也很温柔
212140,2490,刘晓健,2025-01-13 09:05:25,1,1,0,刘老师很有气质这是事实，不过下午的工图课还是容易犯困……
66958,2501,武建伟,2018-01-19 12:33:51,2,2,0,棒，人很随和
9779,2509,姚鑫骅,2015-11-09 02:25:22,-8,1,9,垃圾老师
90868,2509,姚鑫骅,2018-11-27 01:50:35,7,7,0,比某动物姓老师不知道高到哪里去了
100132,2509,姚鑫骅,2019-01-25 15:27:16,-5,1,6,微机原理与接口技术过来的，讲课就勉勉强强。刚开始上课提问时没人回答会有些尴尬，不过没关系，后来习惯就好了。但是期末考试真的垃圾，也不知道成绩怎么给的，听说班级均绩有2.4，我是不是该感谢他一波给我这么好的分数（手动狗头）
139902,2509,姚鑫骅,2021-08-15 12:54:55,12,12,0,算是机械学院少数能把课讲明白的老师了
205156,2509,姚鑫骅,2024-12-02 08:40:15,1,1,0,为人和蔼，对学生友善
13582,2531,龚国芳,2015-12-29 13:58:22,1,9,8,很多时候会对同学的想法进行补充，对于同学的想法持肯定和鼓励的态度
18709,2531,龚国芳,2016-01-22 11:28:50,-2,6,8,非常不错
20724,2531,龚国芳,2016-01-30 10:03:10,3,8,5,老师特别好
23064,2531,龚国芳,2016-03-17 00:48:03,-2,7,9,通识课居然gpa2.1，直接选不了专业了。给老师发邮件查成绩最后也是不了了之。坑死我了
45954,2531,龚国芳,2017-01-20 09:48:10,1,8,7,PPT那么认真做，那么认真讲，老师的建议认真听，在考试周还抽时间完善PPT，结果就2.1……我能说什么？
45989,2531,龚国芳,2017-01-20 10:47:40,-1,3,4,呵呵了
46016,2531,龚国芳,2017-01-20 11:59:29,4,8,4,老师是真的想提升学生的科研能力，课程介绍的内容也干货多多，可惜总是不自觉地水起来，错过了好多内容，感觉怪对不起老师
47292,2531,龚国芳,2017-01-25 06:02:57,1,6,5,不建议选
143948,2531,龚国芳,2021-12-14 01:31:30,0,0,0,液压传动专业课，老师嗯念PPT就算了，还语无伦次，他真的备了课吗
146100,2531,龚国芳,2022-01-05 12:59:23,-1,0,1,作业题怎么做自己都搞不灵清
148990,2531,龚国芳,2022-01-14 06:06:15,1,1,0,老师有耐心，给分巨好满了，谢谢龚老师！
47857,2580,段园园,2017-02-26 12:38:43,1,1,0,怎么没有人评啊，我来试试
58351,2580,段园园,2017-08-29 06:52:44,-5,0,5,对我们很亲切
82932,2580,段园园,2018-07-09 10:21:31,-7,1,8,老师人很好，很喜欢她的职业生涯规划，也很关心同学，甚至想再选一次
121478,2580,段园园,2019-12-15 14:41:39,3,4,1,我服了，每节课一个小作文是真的恶心\n\n恶心呐！恶心！
122645,2580,段园园,2020-03-11 07:03:10,1,2,1,不知道是这个课很无聊还是老师讲的很无聊，感觉这是上大学以来学过的三四十门课里面最水的。
128022,2580,段园园,2020-12-03 09:58:46,4,6,2,每节课300字小作文上课巨无聊醉了
128267,2580,段园园,2020-12-16 01:01:01,2,3,1,每节课小论文+不准玩手机+点名
129264,2580,段园园,2021-01-29 07:41:02,8,9,1,事巨多，给分差的一匹
129961,2580,段园园,2021-01-14 06:31:27,3,3,0,就真恶心
130182,2580,段园园,2021-01-18 13:01:58,1,2,1,我带你们打
131876,2580,段园园,2021-01-29 07:47:56,3,3,0,呵呵呵
131896,2580,段园园,2021-01-29 09:12:14,3,3,0,给分低到爆炸，性格也不好，不值得选，预置了的快换了吧
131900,2580,段园园,2021-01-29 09:27:10,4,4,0,竟然没有0分？？？事情是真的多，给分是真的差，让人极度愤怒。
131958,2580,段园园,2021-01-29 14:44:33,3,3,0,事多分差
132114,2580,段园园,2021-01-30 10:52:50,-6,1,7,水课分高，没有之一
134102,2580,段园园,2021-03-16 04:22:59,1,1,0,sbsb
55778,2655,甘春标,2017-07-02 11:16:16,0,1,1,老师每节课都点名，不过还是很关心同学们的，可能是因为知道我们成绩比较差的缘故吧，23333
83435,2655,甘春标,2018-07-10 09:31:33,8,9,1,下面我们先点下名
83436,2655,甘春标,2018-07-10 09:32:04,0,0,0,下面我们先点下名
83448,2655,甘春标,2018-07-10 09:58:08,1,1,0,师生情浓度太高，导致我有点惭愧
84106,2655,甘春标,2018-07-12 04:28:36,5,5,0,老师很好很好很好
112811,2655,甘春标,2019-07-05 03:50:15,0,0,0,给分的师生情，过于浓厚
115917,2655,甘春标,2019-08-26 03:53:22,0,0,0,很好的老师
141252,2655,甘春标,2021-09-27 11:38:06,0,0,0,不考试，非常爽
210005,2655,甘春标,2025-01-08 01:30:16,1,1,0,老师人还可以的，但给分不会很高，一个是平时作业会比较严，答案对不会给全，要过程标准才行，如果过程中有些内容例如迭代初始的状态变量你省略了没写就会扣分，平时分能 90 以上比较难；二是大作业也会比较严格，大作业要求总结学过的内容以及找三个例子去分析和写 matlab 程序，其实挺花时间的，如果例子太简单或者前面总结的不好分也不会太高；最后就是考试，有一说一我不知道是不是我考的太烂了还是老师改的严，反正最后绩点不高，三点几，考试内容上都比较简单，计算题只要平时作业会写了那么基本没问题，论述题也都不难。总之上课体验还行，就是给分可能不高，当然我也没有调查其他人的分数，大家看看就行了
210149,2655,甘春标,2025-01-08 08:50:40,-1,0,1,每节课点名 作业认真做 考前认真复习不会差
58729,2665,王庆丰,2017-09-16 05:34:56,1,1,0,哈哈哈哈
119458,2665,王庆丰,2019-11-13 02:18:34,0,1,1,上课确实爱吹牛逼，喜欢讲一些液压课本以外东西
119529,2665,王庆丰,2019-11-13 10:13:29,1,1,0,讲课一般，但给分很好
119609,2665,王庆丰,2019-11-14 06:04:13,0,0,0,我，老教师，无所畏惧
174681,2665,王庆丰,2023-06-15 13:15:35,0,0,0,对点名和作业要求高\n\n但讲课挺清晰的，由于期末考试简单所以给分好
11171,2666,徐兵,2015-11-25 03:08:13,0,2,2,上课很好玩，会讲很多干货
21657,2666,徐兵,2016-02-29 12:25:55,0,1,1,水，给分好，大爱(>﹏<)
87055,2666,徐兵,2018-09-20 05:56:32,0,1,1,还不错
97141,2666,徐兵,2019-01-21 17:55:48,2,3,1,讲课和树袋熊差不多吧……极其懒散，不过人家是长江学者我还是保持应有的尊敬吧?
143248,2666,徐兵,2021-11-22 09:27:21,0,2,2,从来不下课
15803,2756,方水良,2016-01-16 09:59:24,1,3,2,很负责任，上课方式不太喜欢
61221,2756,方水良,2017-11-12 12:56:26,1,1,0,讲课完全按照书本上面来，别的老师考核可以抄公式，他不行，明明研究生课程就是很水，为什么一定要严格考察呢？如果想讲究效果能不能添加时长，上完课给充分的复习时间呢？结课第二天就考试真是无语?
87674,2756,方水良,2018-10-10 02:28:34,1,2,1,上课不知所云，不知道他这水平是怎么写出英文教科书的
96877,2756,方水良,2019-01-21 11:26:59,1,3,2,英语蛮标准的哈嘿嘿嘿
116577,2756,方水良,2019-09-12 01:11:14,2,4,2,不太会讲课，照本宣科，没有激情
161807,2756,方水良,2022-11-13 17:45:07,0,0,0,给分差
162359,2756,方水良,2022-11-21 02:21:18,1,1,0,真的好傻逼，布置了五六个作业后才说作业要查重，和参考答案有雷同的全打50分，有病否？
60199,2770,吴世军,2017-10-12 16:20:32,1,2,1,水平不高，上课超级轻，读ppt，根本不看学生
60210,2770,吴世军,2017-10-13 03:28:06,1,4,3,不能再低了
88496,2770,吴世军,2018-10-31 10:08:52,3,3,0,老师蛮认真
89278,2770,吴世军,2018-11-18 04:03:08,-1,2,3,讲课还行，但是卡绩了
89292,2770,吴世军,2018-11-18 06:02:27,1,3,2,给分很好啊，课也很轻松。作业要认真做
89399,2770,吴世军,2018-11-19 03:03:23,6,10,4,机械学院为数不多的好老师之一，讲课超清晰细致，给分也还不错
172670,2770,吴世军,2023-05-04 04:13:22,0,2,2,吹爆吴世军老师！！机械学院难得的好老师。上课很生动，课程大纲也设置得很合理，跟着他能学会很多独特的建模方式（不过因为时间原因，想要精通还是得靠自己，吴老师只是起到领进门的作用）。平时很在意学生的反馈，课间会和同学们交流，积极处理其他同学的免修问题，能够及时根据学生诉求更改小测时间。小测有两次，每次20min，比较简单不会为难大家。平时分会在期末的时候放在学在浙大上。目前绩点还没出，总体而言很满意这门课，哪怕绩点低也不能阻止我给吴老师打10分！
191297,2770,吴世军,2024-04-17 03:10:19,1,2,1,期末了补智云才发现是个认真负责讲课细致为学生考虑的好老师，在机械学院能把课讲清楚的老师真的不太多见......很抱歉因为对机械失去兴趣没有好好听课，学弟学妹可以选这门课，老师真的不错，而且能学到些东西
191661,2770,吴世军,2024-04-27 05:29:31,4,5,1,小测要好好准备，老师挺好的
218554,2770,吴世军,2025-04-24 13:39:36,2,2,0,真抽象，绩点巨低
218555,2770,吴世军,2025-04-24 13:40:41,2,2,0,给分差
218646,2770,吴世军,2025-04-28 07:12:40,2,2,0,关于《机电系统设计与仿真》：第一节课老师给我们看了前两年的分数分布，基本每年都是只有10%是90分以上，感觉给分不是很好，老师也说自己不调分。没有期末考。一整个学期有两次小测（共20%），三次小作业（共30%），一次大作业（40%），今年点名了八次（10%），还是周二周三的两天早八，平时的作业和小测真的很花时间，尤其是大作业，但是老师人不错，最后的键合图是真的学到了东西。从成绩来看，个人感觉给分并不好，还卡绩了。
218713,2770,吴世军,2025-04-29 11:10:02,1,1,0,小测占分挺高的 老师给分真不行 挺nt
107039,2818,顾新建,2019-05-01 03:34:20,2,5,3,讲的挺不错
199313,2818,顾新建,2024-09-21 01:23:19,0,1,1,谁选谁倒霉
11989,2828,方强,2015-12-21 12:36:19,2,7,5,等于没听
20820,2828,方强,2016-02-01 05:28:52,-6,1,7,谁选谁后悔    给分超低抄底
20951,2828,方强,2016-02-05 07:44:13,1,3,2,给分挺好的
60095,2828,方强,2017-10-10 06:11:28,2,3,1,声音有点平。。。
92469,2828,方强,2018-12-29 13:04:59,2,3,1,听不懂，讲不清楚。
101881,2828,方强,2019-01-29 11:41:32,8,12,4,老师很负责很认真，讲课很耐心，总是用自己的方式想让我们懂这门课，期末巨难但还是给分很高
141300,2828,方强,2021-09-29 04:53:39,1,2,1,上课照念PPT，声音轻，还经常卡壳，怀疑老师根本没认真备课。每次课都签到（不然根本没人来听）。\n\n我的评价是不想讲课就不要讲。
161259,2828,方强,2022-11-02 11:34:38,0,0,0,老师人很可爱，也很为学生着想，但是上课的时候总让人有种他真的不懂这门课的错觉（bushi，而且点十几次名写了三本作业本的作业竟然只占10分，还有30分的大作业，相比之下有的班没大作业不点名作业少，期末占比却都差不多，只能说弟弟妹妹们三思
162569,2828,方强,2022-11-25 13:58:36,0,2,2,好好好！
213237,2828,方强,2025-01-16 11:56:19,2,2,0,老师每节课前都有二维码签到，不来也可签上，但课堂上有时会叫同学回答问题。讲课一般，我基本上听不太懂，基本上听网课自学，但是老师人很好，乐于与同学交流，最后给分还行
65750,2854,周华,2018-01-09 03:37:59,-9,1,10,为什么会有这么蠢的老师？上课毫无重点，重点的东西就自己看书，像对待高中生对待大学生。求学院赶紧把这老师给t了吧。求您了。
85745,2854,周华,2018-08-01 11:50:45,0,0,0,非常好，听的懂
89591,2854,周华,2019-07-08 11:16:29,-7,0,7,....
91695,2854,周华,2018-12-18 04:02:38,2,5,3,讲不明白
94045,2854,周华,2019-01-15 04:10:47,-2,3,5,上课敷衍，偶尔能讲清楚课。问个问题也给我说“无所谓”…并没有很求是。估计是年纪大了没有教学热情了
98274,2854,周华,2019-01-23 09:04:58,6,11,5,考试出原题连数字都不改，这也太过分了吧
102102,2854,周华,2019-01-30 12:38:29,-5,9,14,客观地说，周华老师上课讲的不错，可能有的地方讲的不太清楚，但绝对算得上兢兢业业。自控下半学期讲的很清楚，考试也没有那么难，另外感谢老师给我满绩：）
110055,2854,周华,2019-06-22 03:02:18,-1,0,1,这么无聊的人一定是wXX
110610,2854,周华,2019-06-27 15:46:18,-1,0,1,讲得不太好
130426,2854,周华,2021-01-22 09:01:15,0,1,1,三道矫正就离谱 谁写的完
145355,2854,周华,2021-12-29 07:17:02,3,4,1,很认真，兢兢业业的老师，并且人也不错，挺好说话的，给个10分稍微往上拉一点，不知道之前干了什么坏事分这么低
161760,2854,周华,2022-11-12 11:21:01,2,3,1,2022年秋学期结课后来评价。老师特别好，讲课讲得应该是比其他老师好很多的（听其他班抱怨挺多的），就是讲得会比较深，就因此要赶一些进度。讲课也挺幽默的，课外事情不多，作业只要补交了好像就平时分打满。感觉上课很有热情，我给10分，不知道为什么老师之前评分这么低，反正这学期上下来观感极佳。
198332,2854,周华,2024-09-07 08:08:29,1,2,1,周老师上课包好的 给分也咔咔高 爱了爱了
198333,2854,周华,2024-09-07 08:08:45,1,1,0,和我聪明帅气幽默的同学同名
202337,2854,周华,2024-11-11 20:44:36,1,1,0,评论的是机械的周华老师，老师上课还是挺认真的，没有编程大作业，都是变成每次的matlab小作业题，考前最后一个课还给我们过了一遍考点。可惜的是期末考试同学们好像考出来都不太好QAQ
215067,2854,周华,2025-02-20 13:09:01,1,1,0,机械的zh，还不错，讲的挺明白的，人也很好，平时分只要作业按时交都是给满的\n\n期末考就正常难度吧，作业题好好复习就差不多了
33681,2857,周晓军,2016-09-21 03:51:20,1,1,0,我我我我我我我。。。\n\n
43930,2857,周晓军,2017-01-17 06:37:47,0,0,0,上课结巴，听着难受……课件是13年用到现在，所以去不去都行
46156,2857,周晓军,2017-01-20 21:44:19,0,0,0,助教不错。。。
47572,2857,周晓军,2017-02-01 17:12:40,0,0,0,注意听讲就好。
60096,2857,周晓军,2017-10-10 06:12:57,1,1,0,马马虎虎，听不太懂
60574,2857,周晓军,2017-10-24 08:55:41,2,4,2,我觉得老师这么大年纪讲得挺好的啦，说话有点结巴倒是真的。每次上课都是签到，但是每次签到表满满的，下面坐得稀稀拉拉的。讲得很细，很慢，还挺适合我这种基础差的。
396,2891,张树有,2015-03-15 01:54:49,8,18,10,老师讲的挺认真的。。不过不知道为啥我经常会走神。。
3071,2891,张树有,2015-05-13 11:36:30,5,8,3,老师上课是认真。。
3829,2891,张树有,2015-06-17 05:34:17,-10,7,17,坑货一个 每节课都去还低
7267,2891,张树有,2018-03-04 07:14:49,26,33,7,好老师，不解释
9598,2891,张树有,2015-11-02 12:26:49,0,2,2,哈哈哈
11521,2891,张树有,2015-12-03 14:52:34,4,7,3,我的导师，棒棒哒
11539,2891,张树有,2015-12-04 02:14:16,4,6,2,老师很好，有耐心
18113,2891,张树有,2016-01-21 07:53:18,6,8,2,给分太低1.8
18249,2891,张树有,2016-01-21 10:32:33,-3,7,10,普通话不标准，听起来好吃力，给分也不行，就一道题没做对最后只有73分，作业每次都交了的
20339,2891,张树有,2016-01-27 05:11:38,14,18,4,很好的工图老师啊，讲课细致通俗，专业能力过硬，很有耐心，人又和蔼
20349,2891,张树有,2018-03-04 07:14:39,2,4,2,耐心，和蔼，专业能力过硬
35162,2891,张树有,2016-11-03 11:13:47,0,1,1,有逻辑
35725,2891,张树有,2017-01-04 04:01:18,0,2,2,很好的老师，值得一选
38709,2891,张树有,2016-12-15 06:59:51,0,1,1,好评，加油
38880,2891,张树有,2016-12-19 15:48:29,2,4,2,老师挺好的啊，搞不懂评分为什么这么低
45814,2891,张树有,2017-01-20 07:01:57,6,7,1,神tm低
45978,2891,张树有,2017-01-20 10:29:53,0,4,4,挺好的，给分也不错hhh助教很可爱
49262,2891,张树有,2017-03-31 10:12:24,1,3,2,老师真的很认真，水平也很高，真的是个好老师！
52469,2891,张树有,2017-06-20 09:11:42,1,4,3,期末考试的内容有的没有讲到 导致下学期的课还被坑 给分还低 坑货不解释
63589,2891,张树有,2017-12-08 03:03:52,2,6,4,懂了吗 有问题吗 没有啊 你们没有了我来问个问题 （中间无缝对接...）
65703,2891,张树有,2018-01-08 10:06:40,0,3,3,期中考试的时候，老师说题目太难，要帮我们降低一点比例，后来考出来还不错就没有降，哈哈哈哈(ಡωಡ)hiahiahia讲课也好，就是有时候进度有些慢。长的也很帅。
71073,2891,张树有,2018-01-28 02:25:34,5,6,1,工图教材就是老师编的，教课能力自然强。而且老师非常热心。临期末考试开始还有30分钟时，老师都不忘问一句:怎么样？你们还有什么问题没？有问题现在还能问。
73131,2891,张树有,2018-02-01 03:30:14,-2,2,4,棒棒的
73386,2891,张树有,2018-02-01 13:17:45,5,7,2,给分低，真的低
73624,2891,张树有,2018-02-02 06:50:35,0,3,3,老师上课真心不错，毕竟教材都是老师编的，一切以老师说的为准，平时作业不多但一定要好好做，毕竟答案在自己手里，还是坚持不看的好（像我就没坚持住，结果期末考就爆炸了），总得来说选上这个老师基本可以保证工图不挂了。
73821,2891,张树有,2018-02-03 07:15:09,11,12,1,老师很好。但是给分是真差
73960,2891,张树有,2018-02-04 00:23:20,1,1,0,感觉怎么样？hia～hia～hia～
92725,2891,张树有,2019-01-04 04:01:29,3,3,0,期末还安排了答疑课 没有奇怪的线上作业全都是清一色的练习册作业 专业知识过硬 人也很热心可爱鸭
93467,2891,张树有,2019-01-10 01:57:37,2,3,1,怎么样！这门课还有什么问题吗
93621,2891,张树有,2019-01-11 03:22:54,6,7,1,马上期末了，不知道分怎么样，但是现在我是真的太喜欢这个老师了。
101503,2891,张树有,2019-01-28 10:17:25,7,7,0,我恨工图
103117,2891,张树有,2019-02-26 04:27:49,3,3,0,教材主编，讲课没的说
109073,2891,张树有,2019-06-07 07:39:35,3,5,2,老师讲的很好，但是给分真的骚
132487,2891,张树有,2021-02-02 02:35:33,2,2,0,老师讲课真的很好，很有耐心，反复告诉我们不要怕不要怕！期末考前问我们还有没有问题，有的话还可以问哈哈哈！
132677,2891,张树有,2021-02-03 09:40:06,6,8,2,讲得好，给分高，人好。md，这样的宝藏老师为什么没人选...（最后只有4.8，可惜了。
146922,2891,张树有,2022-01-08 05:04:30,3,3,0,老师人很好啊，很愿意为同学们解答，钉钉上问问题每次都会回，很简单的问题也会耐心的和你讲。上课也很有逻辑。虽然还没考试出分，但就凭他的课和人我觉得就可以给10分！
146923,2891,张树有,2022-01-08 05:04:31,2,2,0,老师人很好啊，很愿意为同学们解答，钉钉上问问题每次都会回，很简单的问题也会耐心的和你讲。上课也很有逻辑。虽然还没考试出分，但就凭他的课和人我觉得就可以给10分！
148085,2891,张树有,2022-01-11 13:00:29,5,5,0,太好辽！专业！和蔼！善良！
185233,2891,张树有,2023-12-27 08:01:48,0,1,1,老师讲课挺好，但是作为北方人的我真的表示口音很重，听不懂一点，想好好听课但是总是在研究他在说什么
185234,2891,张树有,2023-12-27 08:06:35,1,1,0,老师上课水平很高，人很和蔼。
186194,2891,张树有,2024-01-09 09:56:52,-2,0,2,稍微有一点口音 但是完全不影响讲课讲的很好
187746,2891,张树有,2024-01-17 09:48:45,1,1,0,填点名是因为老师每次会看你有没有把上一次的作业拿回去，老师人很和蔼，教的也很好，最后在考场上前十分钟都还在问我们有没有问题哈哈哈，很可爱的老师
187997,2891,张树有,2024-01-18 03:06:35,3,3,0,课讲的好，给分真的很一般
189477,2891,张树有,2024-01-24 15:27:57,7,7,0,给分很不友好
197790,2891,张树有,2024-08-13 06:40:17,2,2,0,讲道理 张老师为人真的是没得说，也许给分方面会稍微严格一些，但是对学生是真的好，是对本科生还是对研究生， 机械学院可以说找不出来比张老师对学生更好的老师了吧
200241,2891,张树有,2024-10-15 06:04:42,0,0,0,伟大
211938,2891,张树有,2025-01-13 02:12:09,0,0,0,给分有点那个..
212142,2891,张树有,2025-01-13 09:07:59,1,1,0,张老师肯定是有真本事的，称得上专家，上课也经常讲工图的实际应用，自己如何指导工业实践这些。不过下午的工图课容易犯困是真……老师在钉群说考得不错不过给分也不好啊，应该是这门课本来就没那么好学吧。
11263,2954,纪杨建,2015-11-26 03:59:55,1,5,4,超棒！
87729,2954,纪杨建,2018-10-11 02:40:22,0,3,3,不知道为什么瞎选选了这课，几乎不懂，非全日制。老师讲课很仔细，准备充分逻辑清楚，还有推荐书目也不错，最后给分也好，脾气好(✪▽✪)
114495,2954,纪杨建,2019-07-10 06:05:58,3,7,4,老师人很好，但是。建议培养方案移除这类没有意义的课程。或者作为专业选修课。
114496,2954,纪杨建,2019-07-10 06:06:37,0,1,1,三国杀嘎嘎嘎
122610,2954,纪杨建,2020-03-07 14:36:55,1,3,2,工业工程自欺欺人
133905,2954,纪杨建,2021-03-09 10:06:35,4,6,2,课讲得很清楚
172942,2954,纪杨建,2023-05-10 07:55:22,0,0,0,给分很迷
6451,3014,余忠华,2015-07-14 04:37:23,1,4,3,哎
27025,3014,余忠华,2016-07-01 08:01:12,-5,8,13,看了楼上那么多人发言，我想说的是，如果想学到东西，这门课就不是好课，不过没办法其他专业选修课也都差不多，说实话这老师确实给分不咋样，最楼上那位说老师不好的有点偏激，用词确实不妥，要发泄不是这样发泄的，但是确实情有可原，楼上两位说不点名的我看你们自己也好不到哪儿去，估计是经常翘课或者上课不听讲的类型吧，估计自己也是学渣吧？丢你大机械的脸？我呵呵，机械都是你的了？自己学渣还好意思说自己是大机械，像自己很流弊一样，这课最后平均给分3.04，你多少分啊？好像自己非常高一样
27373,3014,余忠华,2016-06-25 10:22:13,-5,2,7,楼上的自己上课不听还瞎bb，上课不点名就不错啦。弄得机械学院的都没素质一样
28699,3014,余忠华,2016-06-28 12:31:20,0,1,1,好好休息
28811,3014,余忠华,2016-06-28 15:59:05,-1,8,9,不点名  但是讲的东西有些无趣  考试只要好好看书就不难  关键还是看自己  还有  楼上的简直太没素质  丢我大机械的脸啊！
30706,3014,余忠华,2016-07-02 09:17:23,0,1,1,。。。
108095,3014,余忠华,2019-05-15 00:19:32,1,1,0,感觉和机械学院的很多老师一样，表达不清晰，嗯啊嗯啊停顿多，有点枯燥，听着很累
109490,3014,余忠华,2019-06-16 02:06:25,1,1,0,本来想看看这老师多少分，结果分这么低，这老师一上来就说，我不教你们怎么做，和你们讲一些概念，每一次进入教室开启摇篮曲模式，基本没用也很无趣，用的例子都是几十年代的例子。我不需要只拿学分，但至少真的一点都没学到。没用。
109978,3014,余忠华,2019-06-21 02:01:07,2,3,1,为什么他连讲考试范围都嗯嗯啊啊像念经一样讲不清楚啊 “考试能不能允许带计算器啊…这个我也不太清楚…学校怎么规定的…应该是不用带的…就加减乘除…不用到计算器的…”听到最后也不知道要不要带 PPT大红底色明黄字体 看瞎眼也看不清 课件质量都先不管了 至少白底黑字让人能看吧 最后还在用自言自语的声音嘀咕到课率什么的 说什么我不点名 别的老师都是两次点到什么的 讲的精彩的专业课给课件我都不想翘 这课还要靠不给课件来挽回到课率 哎可能余老师不适合讲课吧
114432,3014,余忠华,2019-07-10 02:41:56,6,7,1,wdnmd 建议旷课睡觉
13756,3015,杨灿军,2015-12-30 15:46:23,-24,6,30,非常好
48543,3015,杨灿军,2017-03-09 03:15:29,15,15,0,工程数值上课毫无章法，不知所云
48727,3015,杨灿军,2017-03-10 08:27:21,11,11,0,念PPT
48750,3015,杨灿军,2017-03-11 14:00:52,13,22,9,上课讲什么基本听不懂 逻辑不清晰 而且很难的问题一带而过 课后作业很多\n\n基本属于自学\n\n每个人都有强弱项，杨教授的研究做的很好，上课真的不怎么样
48751,3015,杨灿军,2017-03-11 14:18:13,11,13,2,mlgb，什么东西，讲的太差，要求太高。
49005,3015,杨灿军,2017-03-21 07:49:03,8,8,0,工数是门大坑
49532,3015,杨灿军,2017-04-18 03:22:53,5,5,0,工数是一门真正的百科全书式的课
49536,3015,杨灿军,2017-04-18 03:59:07,6,6,0,教学方式存在很大问题
54598,3015,杨灿军,2017-06-30 00:18:02,5,12,7,完全看大佬们表演自己讲课不清晰念PPT平时问问题都让去找大佬讨论自己不给解答，数值计算方法的课他就上过三四次，完全就是靠李德俊老师撑下来的，MATLAB和ANSYS一手抓
58731,3015,杨灿军,2017-09-16 05:36:49,3,4,1,不知所云
79120,3015,杨灿军,2018-05-23 11:55:34,3,3,0,很难受
122489,3015,杨灿军,2020-03-02 02:54:59,3,3,0,工程数值方法上课在讲些什么东西？？？？？？？支支吾吾 重点不解释 ppt都念不好 上课讲1➕1 课后让我们自己微积分？？同学让他讲解一下Matlab的使用，他支支吾吾打开Matlab 运行实现写好的程序 给我们看看运行结果 ？？我尼玛一脸问号
137955,3015,杨灿军,2021-07-07 00:54:09,0,1,1,虽然上课支支吾吾不知所云，但是老师人还是很和善的，而且给分香啊！
144241,3015,杨灿军,2021-12-21 01:59:19,-2,0,2,不会后悔沟沟壑壑呼叫呼呼呼
153528,3015,杨灿军,2022-06-06 00:02:15,6,7,1,对自己要求低，对学生要求高，不知道怎么想的，润！
153887,3015,杨灿军,2022-05-15 13:17:41,1,1,0,啊这，人水作业多
153953,3015,杨灿军,2022-05-18 01:40:13,3,3,0,上课讲的全是书上的数学知识，对着PPT念，matlab编程语言怎么写一点不讲全得课后自己去查资料，作业每星期都得占据巨多时间，无比折磨
154671,3015,杨灿军,2022-06-03 06:17:44,3,5,2,草泥马，你真是个臭傻逼，作业又多又难，上个课讲你马天书一样，全靠课后自学，还整个虚拟试验，破事真多
154882,3015,杨灿军,2022-06-06 12:18:09,3,3,0,找不到打正分的理由
154890,3015,杨灿军,2022-06-06 13:15:22,2,2,0,成功学带师
155352,3015,杨灿军,2022-06-11 10:00:53,4,4,0,怎么有你这样的老师啊，你为什么第七章会布置这种作业啊，考试前直接破防了，你教书怎么能烂成这样？？
174940,3015,杨灿军,2023-06-20 07:23:12,1,1,0,垃圾！
175593,3015,杨灿军,2023-06-25 16:43:51,1,1,0,上课确实很烂，并且这门课本身问题很大。
191896,3015,杨灿军,2024-05-04 08:13:14,1,1,0,纯纯的构式，上课话都讲不清楚
192242,3015,杨灿军,2024-05-13 02:06:21,0,0,0,彼阳的晚意，初升的东曦
43500,3022,项淑芳,2017-01-16 11:17:08,-5,2,7,还是挺不错的思修老师，还是很负责的，可能上课会有点无聊，可是多少也是受思修内容的影响
63625,3022,项淑芳,2017-12-10 12:19:29,5,9,4,上课抓学生发言，发言的学生还能加分，上课尬到一定程度。
66287,3022,项淑芳,2018-01-15 01:56:17,10,12,2,不是很喜欢这种思修课，最后的展示很无聊，没有前半学期王老师好。
70884,3022,项淑芳,2018-01-27 16:49:11,21,30,9,我去，绩杀呀 真是哭了思修才3.3 从来没有绩点下过3.9 我去哭了哭了 真的哭了?  这老师每天有事不来上课，最后还绩杀哭了
71564,3022,项淑芳,2018-01-28 15:30:29,4,6,2,上课无聊，各种有事不来，叫别人代
71730,3022,项淑芳,2018-01-29 02:06:29,5,7,2,回答问题加分，最讨厌这样的上课方式
72903,3022,项淑芳,2018-01-31 09:42:30,-3,0,3,一般般
76574,3022,项淑芳,2018-04-15 12:34:21,4,4,0,上课抓学生回答问题，超级无聊，就是念课件！
79399,3022,项淑芳,2018-07-11 13:47:19,4,6,2,绩杀，不解释3.6
83911,3022,项淑芳,2018-07-11 13:46:46,4,4,0,简直无语，出分慢，上课无聊，这都算了，然而给分更。。。(ಥ_ಥ)
83925,3022,项淑芳,2018-07-11 14:02:51,5,6,1,绩杀！在室友都4+的时候 只有3.3\n\n正态的没话说\n\n千万别选
83931,3022,项淑芳,2018-07-11 14:14:50,4,4,0,形策大绩杀
84466,3022,项淑芳,2018-07-13 02:37:38,6,6,0,基本都是助教来上的，每节课念PPT，抽人回答问题，尬的一批，我估计她们也觉得这课是社会主义必上水课吧。然后给分不好，就酱。
84589,3022,项淑芳,2018-07-13 08:53:25,12,15,3,形策。老师明显一点也不重视，这个学期只来上过一次课，老师和助教上课内容都比较无聊，讲课语言也有点磕绊不够流畅，明显除了公用的ppt就没做过什么准备。\n\n上课可以水，不过助教有些时候会维护课堂纪律做出适当批评。\n\n每堂课都要点名，点人回答问题并且会给加分，有点形式主义。\n\n每节课后都要答思考题，不过其实都可以直接照抄。第一个学期猝不及防搞了个时事小测我日了狗。\n\n然后就是给分，就我自己看来的确不怎么样，老师也许不怎么调分，同样是思政类，同样是认真完成作业&回答问题加分&考前复习，我上学期思修4.8，学生手册考了满分，这学期的形策却依旧只有3.6，大家参考一下。\n\n虽然形策只有1分，对绩点不怎么要紧，还是建议大家在有其他选择的情况下做出合适的抉择，能让自己有个更好的上课体验和一个更对得起自己努力的分数。
96951,3022,项淑芳,2019-01-21 13:13:04,6,6,0,绩杀\n\n
96958,3022,项淑芳,2019-01-21 13:24:02,5,6,1,绩杀。
96962,3022,项淑芳,2019-01-21 13:26:52,6,7,1,2.4 绩点 杀我
96963,3022,项淑芳,2019-01-21 13:27:14,6,6,0,绩杀zsbd
96965,3022,项淑芳,2019-01-21 13:30:51,5,6,1,竟无语凝噎
96974,3022,项淑芳,2019-01-21 13:42:50,8,8,0,自己总不来上课居然还好意思绩杀学生
96979,3022,项淑芳,2019-01-21 13:46:38,7,7,0,冬学期8节课，只出现一半最多了……上课无聊，给分呵呵，认真上课签到回答，展示小组第一没有上4，真好～
96997,3022,项淑芳,2019-01-21 14:08:14,4,4,0,是真的绩杀 不想期末难受就别选她了
97019,3022,项淑芳,2019-01-21 14:47:04,9,9,0,自己上课不来基本全让别人代课，还tm是绩杀。。。讲课极其无聊，也不重视这门课。。。慎选。。。
97438,3022,项淑芳,2019-01-22 09:00:28,2,2,0,预置了她的课就赶紧退吧，感觉绩点是全思修课里给的最低的了
101099,3022,项淑芳,2019-01-27 13:28:40,2,2,0,思修    难道我真的是一个没有修养的人吗
112192,3022,项淑芳,2019-07-03 21:40:23,-3,0,3,形策次次点名。我无意中少签了一次居然还有3.9？？？
112287,3022,项淑芳,2019-07-04 00:49:50,-5,2,7,虽然每节课都点名\n\n但是上课形式还是很多样的\n\n形策给分很好
129652,3022,项淑芳,2021-01-10 05:22:02,-12,0,12,第十二届“全国高校辅导员年度人物”荣誉称号获得者\n\nhttps://mp.weixin.qq.com/s/DfwMP-GZR1cc8xeByeYCJQ
139338,3022,项淑芳,2021-07-14 11:14:25,1,3,2,3分对于老师来说有点低了，虽然上课确实比较无聊，但最后给分还是不错的
143213,3022,项淑芳,2021-11-21 12:33:56,5,5,0,拖课，牛死你了
156114,3022,项淑芳,2022-06-17 14:56:26,0,1,1,形策讲课中规中矩，没有任何亮点也没啥让学生不满的地方\n\n就是感觉今年的助教有那么一点鼓励恶竞（有但是真的只有一点点）所以感觉体验不是太好（但也不是太差）\n\n三分对于老师来说还是低了点
181705,3022,项淑芳,2023-10-29 10:59:09,-2,0,2,50上课，40开雷达点名，tm上个厕所50回来没签上到算缺勤
183463,3022,项淑芳,2023-11-26 12:51:51,0,0,0,只会读ppt，喜欢让写作业的学生站起来回答问题，梦回高中课堂😇😇😇
184454,3022,项淑芳,2023-12-20 04:09:35,0,0,0,形策中规中矩，没有那么不堪
193943,3022,项淑芳,2024-06-21 03:27:57,0,0,0,虽然上课没啥意思，但是老师形策挺能捞的，3.0属实有点太低了。
20288,3030,魏燕定,2016-01-27 02:52:54,5,8,3,无聊，不会上课的感觉！\n\n
40229,3030,魏燕定,2016-12-30 09:05:36,-2,8,10,桃李不言，下自成蹊
46071,3030,魏燕定,2017-01-20 14:35:44,0,4,4,听课极其难过，讲话没有起伏，容易睡着。除了给分好没有其他优点。
46154,3030,魏燕定,2017-01-20 21:32:30,-1,3,4,声音比较慢，还轻，不过讲得内容还是很实在的。最后，给分好
47554,3030,魏燕定,2017-01-30 16:14:31,0,2,2,老师讲课会吞字，注意下听课连贯性
60309,3030,魏燕定,2017-10-17 05:12:13,7,14,7,不到12点3都不下课的大傻b
72504,3030,魏燕定,2018-01-30 08:57:58,2,4,2,马特拉布  习题  单片机\n\n就是不讲课
72505,3030,魏燕定,2018-01-30 08:59:28,0,0,0,怎么没0分 对不起 我耳朵一般 听不懂
74176,3030,魏燕定,2018-02-06 03:41:06,0,2,2,稳得不行✋我感觉老师可能更想让我们学实用性强的东西，跟他搞科研我感觉会很棒
87769,3030,魏燕定,2018-10-12 02:27:32,2,4,2,润物无声\n\n
88610,3030,魏燕定,2018-11-03 15:12:23,0,0,0,呃呃呃
118779,3030,魏燕定,2019-11-01 02:18:29,0,0,0,确实。。不会讲课\n\n
132807,3030,魏燕定,2021-02-03 17:34:39,0,0,0,老师上课闷了点，但讲得挺好的
133667,3030,魏燕定,2021-03-03 11:36:36,0,0,0,挺好的，认真学
143078,3030,魏燕定,2021-11-18 22:04:58,0,1,1,如果一个老师教的还不错，但很少有人为他正名，那一定是因为给的太低了
144761,3030,魏燕定,2021-12-23 12:50:33,0,2,2,认真听课会发现老师讲课水平还是不错的
182560,3030,魏燕定,2023-11-17 13:10:33,4,4,0,老登快点退休吧
183354,3030,魏燕定,2023-11-24 04:56:00,0,2,2,老师上课讲的挺好的，但是说话会吞字，有口音可能听不清楚。而且控制工程基础这门课本来就需要好好听课，导致可能上课体验不在这么好，但是老师还是很好的，有什么问题提出来也会及时回应，如果认真学的话可以选！
183360,3030,魏燕定,2023-11-24 05:44:03,0,1,1,上课还行吧，给分不错
183987,3030,魏燕定,2023-12-05 11:37:01,0,0,0,呃呃呃
201053,3030,魏燕定,2024-10-28 03:46:40,2,3,1,省流：好，但是好的有限。适合想认真学的同学。\n\n优点是很明显的。虽然他会有讲话模模糊糊的感觉，但是PPT是发在学在浙大上的，上课也是认真讲的，也不是照着念，是会有解释的，很细心严谨。另外有一点很好：会提前提醒交作业。\n\n老师本身比较严格，会让你找自己的问题，也比较上进，喜欢把别的高校的控制工程教育情况拿来给学生提要求。当然，你也可以说这老师对学生不耐烦、总觉得学生“应该已经会”了某些知识点。这些只能说是特色，所以单独列出。对了，他布置的作业有点多。\n\n缺点：其实拖堂在这一届感觉并不严重，问题是老师（这一届，不知道往届有没有这个问题）会突击改主意。比如说今年大作业提交前三天突然宣布分组，然后要求是两个文档他要再加个PPT，额外任务下来以后ddl延期也是毫无诚意，只延四天延到考试周末里去，问题是我还有别的课程和考试。加量也就加量，问题是还讲不清楚作业要求。\n\n另外有疑惑。清华董景新的课程要求是大作业和考试二选一，你浙硬是我全都要。问题是我问了另外一个大三机械的同学，他们的老师大作业提都没提过，令人疑惑。
201059,3030,魏燕定,2024-10-28 05:47:09,1,2,1,刚上来就看到课友嘴替了QAQ，老师是个有点push的老师，上课比较喜欢巡视抓人训话，会有点名但会提前通知，交作业也会在钉钉群里提醒。上课比较实在，有时候会拓展讲一些东西。比较尴尬的就是喜欢特立独行搞一个其他班没有的大作业，还要求PPT展示，美其名曰提升学生解决问题的能力，，，原先想让每一个人都展示，临到头了因为课程组要多讲一章内容课时不够变成分组展示组长做好的大作业，汇报的组长额外加两分，DDl延后到考试后一天还要求提交个人额外PPT，大作业的分数还算在平时分里面，认为平时作业是应该做的所以分数只有10分，emm这几点很难评。平时作业的话几个班应该都挺多。总之见仁见智。
7334,3093,杨克已,2018-11-03 05:00:12,0,6,6,好
8957,3093,杨克已,2015-10-05 04:57:17,0,2,2,好极了
11594,3093,杨克已,2018-09-21 07:21:32,6,8,2,讲课讲得很糟，自己都讲不清楚，而且脾气也不大好，听课的感觉很遭罪。\n\n
40227,3093,杨克已,2016-12-30 09:03:38,0,0,0,桃李不言
46155,3093,杨克已,2017-01-20 21:43:20,4,5,1,杨老师给了假的考试范围，考卷有将近二十分不在上课范围，课件范围和复习课范围
59772,3093,杨克已,2017-09-27 02:13:12,0,1,1,自嘲机械系四大绩杀之一233
68362,3093,杨克已,2018-01-23 05:06:33,1,1,0,考试贼难
88437,3093,杨克已,2018-10-31 02:56:25,23,25,2,诸君在世，应有两个问题问问自己，一:考得上大学吗 二:找得到老婆吗
93313,3093,杨克已,2019-01-09 03:25:24,6,10,4,杨教授是是一位好教授，上课时会经常给你拓展课外内容，而且会讲很多自己的人生感悟，讲起来大半节课就过去了，作业也是他自己亲自批改的，但作为老师，讲课不清晰，没有结构性，经常是想到哪里就讲到哪里，表达也不是很清楚！所以大家还是自己自学吧！对了，期中考试如果不出意外，应该是和上一届一样！希望杨老师能多听听一些更懂得怎么上课的老师的课，能让未来的学弟学妹感受到更好的课程体验！
95946,3093,杨克已,2019-01-20 09:09:09,5,5,0,不知道老师结束后老师的评分会不会继续降，感觉今年挂科的同学又多了许多。后面来的学弟学妹们，如果想在他的课上学好测试技术，那你别想了。如果想要分数好一点，建议你去听隔壁老师的复习课，上完复习课后，你会觉得世界一下就美好起来了。
96473,3093,杨克已,2019-01-23 05:08:13,8,9,1,明白否？
100889,3093,杨克已,2019-01-27 04:26:17,-1,0,1,。。。
131652,3093,杨克已,2021-01-28 11:15:26,9,9,0,垃圾杨克己，心灵交互你🐎呢
131654,3093,杨克已,2021-01-28 10:25:04,3,4,1,傻逼东西，明白否，你觉得呢？你说呢？说尼玛？？？？
162338,3093,杨克已,2022-11-20 11:25:37,0,0,0,讲课比较跳跃，上课会比较懵，但很多考试内容平时上课都有提到，会叫我们记住，总体来讲还可以
199731,3121,刘伟庭,2024-09-28 09:31:34,0,1,1,刘老师知道他在说什么吗，感觉讲得非常乱，也不知道在讲什么。
205399,3121,刘伟庭,2024-12-05 15:03:54,1,1,0,人不错，会提醒交作业，但是讲课感觉有点乱
20565,3129,居冰峰,2016-01-28 12:01:12,5,6,1,好好好！！！
25343,3129,居冰峰,2016-05-15 10:46:51,5,8,3,居居咯
80643,3129,居冰峰,2018-06-29 00:36:45,13,16,3,上课像讲座一样。看得出来科研水平还行。\n\n但是写信给他，他不会给你回信。\n\n虽然据说是一个好老板，但是也不是完美的。
170489,3129,居冰峰,2023-03-06 01:12:58,2,4,2,“因为有留学生所以用英文上课😅”
173755,3129,居冰峰,2023-06-02 09:34:57,1,2,1,很不错
187697,3129,居冰峰,2024-01-17 07:21:23,2,2,0,很好的老师哦~
20311,3133,王宣银,2016-01-27 03:33:52,0,7,7,照书念\n\n考试还很恶心
201398,3133,王宣银,2024-11-01 16:03:55,0,0,0,作业巨多，还总是拿期末考试吓唬我们，实际上没有考试。一节课会签两次到，如果最后一节课人少了，他还会让签到。
215445,3133,王宣银,2025-02-26 06:45:14,0,0,0,大三别选
2787,3143,高一聪,2015-05-07 08:36:37,9,55,46,绝对绩杀
4230,3143,高一聪,2015-06-18 08:01:51,0,19,19,绩点杀手
5187,3143,高一聪,2015-07-12 01:05:43,3,25,22,绩杀
7891,3143,高一聪,2015-09-16 03:31:33,2,13,11,第一次教工图，可怕
13325,3143,高一聪,2015-12-26 16:23:36,0,10,10,上课无聊 给分还低
21507,3143,高一聪,2016-02-29 05:24:19,0,12,12,绩杀啊…\n\n
22433,3143,高一聪,2016-03-05 10:08:50,0,18,18,垃圾课
24058,3143,高一聪,2016-04-26 08:46:00,3,12,9,…………
25367,3143,高一聪,2016-07-04 16:10:40,1,14,13,目前的最低分拜他所赐。选的上其他老师课选其他老师，选不上下学期再选。。。
25633,3143,高一聪,2016-07-04 03:00:15,3,16,13,大绩杀！创造了我大学第一门六十几分的课╰（‵□′）╯
29291,3143,高一聪,2016-06-29 14:33:10,7,17,10,红红火火恍恍惚惚朦朦胧胧浑浑噩噩
31416,3143,高一聪,2016-07-04 01:37:10,1,21,20,绩杀绩杀！！！！！！
31431,3143,高一聪,2016-07-04 02:07:26,1,14,13,绩杀。。
31454,3143,高一聪,2016-07-04 02:32:10,3,17,14,被击杀了\n\n
31459,3143,高一聪,2016-07-04 02:42:03,3,15,12,绩杀！
31473,3143,高一聪,2016-07-04 03:09:12,-1,9,10,上课还行，但是绩杀呀！！！！
31474,3143,高一聪,2016-07-04 03:09:19,1,13,12,绩杀啊，卧槽，坑死了，大爷的
31499,3143,高一聪,2016-07-04 03:43:07,1,16,15,完全大绩杀我真的什么都不想说了。就这样得到了史上最低分。难道是我自我感觉太良好的。我只想说呵呵呵。心情无法言表。第一次在学习帝上评论一个老师。因为真的受刺激了。
31504,3143,高一聪,2016-07-04 04:05:31,-1,9,10,绩杀，绩点瞬间狂掉，傻逼老师
31511,3143,高一聪,2016-07-04 04:43:45,1,12,11,大绩杀，均绩低其它老师1点
31521,3143,高一聪,2016-07-04 05:04:29,2,7,5,讲的一般吧 自己多看点书就好了 。不过绩点偏低了点。看了均绩，聊以自慰。
31527,3143,高一聪,2016-08-04 07:42:59,-1,8,9,绩杀哦
31597,3143,高一聪,2016-07-04 08:57:32,0,12,12,绩杀，上课全勤，作业全交，考试全会，三的绩点，这样还能说什么。\n\n
31751,3143,高一聪,2016-07-05 00:15:00,1,10,9,感觉是一个不会用正太分布的老师…把一门工图上出了离散的难度…orz
31772,3143,高一聪,2016-07-05 01:43:24,-1,5,6,超无聊
31933,3143,高一聪,2016-09-23 04:28:58,-51,6,57,别这样说呀，我都满了呢
32580,3143,高一聪,2016-09-18 02:09:31,0,12,12,就算他和再好的老师搭配，也足以毁了这门课
33185,3143,高一聪,2016-09-14 14:57:40,0,14,14,老师，每次上课前看你在隔壁教室预习，我都想悠悠地问一句，老师你都会了吗？哪里不会，我来教你。
33375,3143,高一聪,2016-09-19 02:46:44,4,8,4,哈哈哈
33642,3143,高一聪,2016-09-20 15:24:33,-3,3,6,我⋯⋯\n\n
33741,3143,高一聪,2016-09-21 09:08:33,-6,9,15,这个老师讲的不错吧，好好学还是给高分的(
33746,3143,高一聪,2016-09-21 10:13:43,-8,7,15,讲课非常风趣幽默的一位好老师。好好学不会有问题
34024,3143,高一聪,2016-09-26 02:01:33,-3,4,7,不会讲课，超无聊。感觉他自己都不会上课内容。
34218,3143,高一聪,2017-02-27 03:20:15,6,15,9,还好。
38430,3143,高一聪,2016-12-05 02:44:34,0,6,6,听他上课感觉和做梦一样，说到关键时刻总是说要靠自己想象力，会觉得很没意思。去上课不如自习。
38793,3143,高一聪,2016-12-19 04:04:20,-6,3,9,上课不如睡觉，这里稍微注意一下
39492,3143,高一聪,2016-12-23 07:23:25,0,7,7,我的新生之友，高绩点，好老师
39493,3143,高一聪,2017-01-21 01:15:04,6,12,6,今年给分很胖胖哦，就是上课依然想睡觉。口丁乙
39494,3143,高一聪,2016-12-23 07:26:26,-9,7,16,你们怎么这样，5.0很难吗？
41256,3143,高一聪,2017-01-10 09:04:33,7,11,4,老师很萌，课上得不怎么样，给10分拉一拉平均分
41828,3143,高一聪,2017-01-13 03:10:50,0,4,4,假老师
45013,3143,高一聪,2017-01-18 23:36:52,6,8,2,那啥，老师说给他评分高一点\n\n
45797,3143,高一聪,2017-01-20 06:07:25,0,3,3,老师给分并不低啊，虽然上课还是有些无聊，认真学还是有收获的。\n\n
45817,3143,高一聪,2017-01-20 06:42:25,6,8,2,老师要求不是很严格，人也很和气，有问题尽管问，他会认真回答，课堂气氛也不错，轻松愉悦，给分也还好。
45828,3143,高一聪,2017-01-20 06:53:50,2,5,3,老师给的分不错。
45830,3143,高一聪,2017-01-20 06:55:55,0,2,2,绩杀！！！
45831,3143,高一聪,2017-01-20 06:58:53,8,13,5,老师上课真的很无聊  但是给分还可以呀  没有之前评论说的那么差啦  最后老师说给老师评分给高一点  莫名感觉有点萌
45900,3143,高一聪,2017-01-20 08:54:56,11,15,4,老师挺好的，虽然上课内容确实讲的不是很清楚，但是有问题都会很耐心解答，我挺喜欢他的。尽管老拿他开玩笑。成绩跟平时水平相符，挺好的，萌萌的。
46799,3143,高一聪,2017-01-22 10:45:12,11,14,3,总体来说老师中等，还有比较多的改进之处。给老师五分以上是因为其上课时不会点名的（quiz不算），作业也不多（说实话真的不多只有配套作业的一部分），考试也比较少，只有规定的两次，没有额外quiz，认真学的话quiz是很简单的。人也比较和蔼，肉肉的很Q，去问题目也会很耐心解答。但是讲课用课件，除了会放一些重点的图以外拓展没太多，有时会放几个工件加工的视频，比较无聊，有兴趣可以自学，但是要扛得住不要被催眠。听说是绩杀，但从身边同课的同学的情况也不会低，也就可能会被正太一下，学的认真的同学还是可以的。总体来说他的课可以选。
47189,3143,高一聪,2018-01-11 02:12:29,25,31,6,说实话，感觉老师讲的真的不是很清楚，不过人很和气。
47996,3143,高一聪,2017-02-28 02:38:14,2,4,2,很萌的一个~讲课态度很好的，事也不多，对学生问的问题认真回答，课讲的就是一般吧，自己认真看课本，听他讲课不会差的
49923,3143,高一聪,2017-04-27 08:13:59,3,4,1,胖胖的一只，他说给他分打高点，那就打高点喽，课讲的一般，事不多，还行吧。
52091,3143,高一聪,2017-06-14 14:42:56,0,1,1,唉...
57616,3143,高一聪,2017-07-10 16:10:41,7,9,2,老师讲课很细心，因为年轻所以平易近人。期末会把考试要点强调一遍，真的是很好的老师！！！
58801,3143,高一聪,2017-09-18 01:53:41,3,3,0,挺好的，有趣
58964,3143,高一聪,2017-09-19 01:53:43,20,25,5,通过高老师的课，再一次充分证明查老师不能说明任何问题。老师刚调来，很年轻，说他一直以为满绩和他的年代一样是4...平时不来，作业不交，没问题，只要期末一起交来，考试及格就给过，对成绩看中的同学期末成绩不满意私下找他...很好说话的了好吗，期中考试卷子还可以带回寝室做....说实话，各位老铁们，趁了解真相的人不多，快选他的课吧。
60933,3143,高一聪,2017-11-03 04:41:46,45,49,4,大概老师是新老师，开始的时候得不到大家的好评，评分比较低，但老师真的很好啊，上课不点名，作业平时不交到期末交也OK，上课会讲重点，会分析作业。\n\n说实话我最后还有好几次作业没交，结果绩点还是妥妥的上4了?
64538,3143,高一聪,2017-12-25 04:23:18,0,0,0,呵呵哒
65405,3143,高一聪,2018-01-03 16:07:46,0,0,0,顶顶顶
65499,3143,高一聪,2018-01-04 15:57:03,2,3,1,2016年春夏学期工图学生前来询问，之前按照4分制打的绩点能不能改正。如果不能还请您下次给别人打分的时候了解清楚状况，这种行为给别人带来的影响可真是很难消除……
65635,3143,高一聪,2018-01-08 02:11:53,-7,1,8,差差差
67026,3143,高一聪,2018-01-20 04:23:15,2,3,1,很清楚啊，诸位学东西的，不是等着老师灌给你知识的
68399,3143,高一聪,2018-01-23 06:29:03,0,0,0,还行的
69619,3143,高一聪,2018-01-25 05:38:37,3,3,0,我觉得老师非常可爱哇，之前的评论大概是高老师当老师不久吧，没有经验。平时加分项目多，附加题就加分，总之我很喜欢哇~
73135,3143,高一聪,2018-02-01 03:37:34,1,1,0,感谢老师救命之恩
73150,3143,高一聪,2018-02-01 04:36:44,1,1,0,还好吧，虽然最后绩点不是很高，是自己的原因，但说老师绩杀也不够公平。\n\n
73236,3143,高一聪,2018-02-01 08:25:37,0,1,1,慢慢再变好了肯定！
74473,3143,高一聪,2018-02-27 07:55:34,1,1,0,讲得不是很清楚，课听不太懂，不过还是挺关心学生的
75125,3143,高一聪,2018-03-07 11:54:20,1,1,0,讲得一般，但是很温和，这个学期给分还不错。
76937,3143,高一聪,2018-10-30 14:50:24,-18,5,23,傻逼老师一个，问他问题拽的要死，一副我最牛逼，你就是个垃圾的样子。
80306,3143,高一聪,2018-07-09 14:27:56,4,6,2,老师脾气真心好，期末考的跟屎一样，但还是没挂，满满师生情???
82920,3143,高一聪,2018-07-09 10:05:12,5,5,0,很可爱，很好，讲课比较细致，对作业要求不是很高，期末考试之前交就可以。
82922,3143,高一聪,2018-07-09 10:07:17,5,5,0,萌萌的老师，说话超好听的。超喜欢老师的。
82923,3143,高一聪,2018-07-09 10:07:32,5,5,0,上课会教你画图，经常亲自示范，人很好
82929,3143,高一聪,2018-07-10 15:27:28,6,6,0,老师人很和气。\n\n上课认真听就能取得好成绩。\n\n新老师一开始可能不太懂正态，但是这学期给的很好了！\n\n强烈推荐！
82950,3143,高一聪,2018-07-09 10:51:59,12,12,0,高老师讲课很认真！\n\n查老师的评分并不能说明问题！\n\n高老师会慢慢陪我们磨会很多重点难点，支持的顶起，让更多同学看到真相而不是被分数欺骗！
83013,3143,高一聪,2018-07-09 13:12:30,-1,2,3,其实，讲的真的不清楚，最后给分也就一般
83040,3143,高一聪,2018-07-09 14:06:56,0,4,4,给7分，主要是态度分，确实很关心学生（虽然被他骂了，还经常坐在第一排玩手机）我觉得他讲课还需要再加油。我也曾经试图听他的课，可是逻辑上语言上还是太混乱了，听不清楚。希望他能研究研究怎么把课讲明白。
83125,3143,高一聪,2018-07-09 19:07:56,0,0,0,非常好
83485,3143,高一聪,2018-07-10 11:35:47,2,3,1,一出成绩就把群给解散了，谢谢老师都不让说的吗٩( ö̆ ) و
83963,3143,高一聪,2018-07-11 15:24:47,2,2,0,感觉挺好的，最开始选课真以为绩杀，上课发现老师挺不错的，内容还是详细的，最后期末浓浓师生情
84396,3143,高一聪,2018-07-12 17:06:42,8,10,2,高老师真的很好，平心而论，老师上课其实很细，讲的很认真，就是去问问题有点凶凶的，低级错误会嘲讽你，但是还是很耐心的给我讲清楚了原理。平时成绩6-70的我，期中也很糟糕的情况下，出分拿了4.8，可以说老师给分真的很好了，之前给分差绩杀是因为不明白我们学校的给分规则，打分比较严厉，但是最终会给好的，在这里谢谢老师。(´∀｀)♡
93039,3143,高一聪,2019-01-07 05:41:22,-11,1,12,讲课挺清楚，问问题也很耐心，但是！！！绩杀啊！绩杀！什么程度呢？平时作业错一条线直接扣15分。太坑了。如果上他的课一定把作业答案准备好。真的哭了。
101301,3143,高一聪,2019-01-28 03:50:35,6,6,0,绩杀什么的都是谣言好吧，作业少，给分高十分不解释
101302,3143,高一聪,2019-01-28 03:51:34,10,11,1,评论都是假的吧，作业可以最后一天交，给分超好！！
101304,3143,高一聪,2019-01-28 03:55:19,5,6,1,辣鸡查老师，这个绝对是好老师，期末考感觉要崩了还能4.5。上课可能有点困，但是我能抗住，作业还很少，期末的时候带你复习，趁老师查老师分低学弟学妹们要选这个老师啊。（破音）
101312,3143,高一聪,2019-01-28 03:59:07,1,1,0,真的是一个好老师，虽然最后的得分拉低了我的均绩，但是老师真的很好，很和气
101313,3143,高一聪,2019-01-28 03:59:52,5,6,1,这学期因为课业太重，花在工图上的时间不多，这样的成绩出乎意料了，我要吹爆这浓浓师生情!!!
101314,3143,高一聪,2019-01-28 04:00:10,3,3,0,平易近人，关键给分超好啊!!!
101316,3143,高一聪,2019-01-28 04:02:41,9,9,0,老师给分超级好！上课有趣，解答也很用心，感想老师！
101318,3143,高一聪,2019-01-28 04:02:06,5,5,0,老师上课讲的还是很清晰的，期末又有专门复习，主要最后给分真的很好！
101321,3143,高一聪,2019-01-28 04:11:17,4,5,1,作业少，给分高，比某术士上课体验高好多，老师在改变了，不要看以前评论
101326,3143,高一聪,2019-01-28 04:23:49,0,0,0,额，主要是我自己菜
101337,3143,高一聪,2019-01-28 04:35:48,5,5,0,老师比较年轻，感觉性子慢，很和气，佛性上课，一次自己忘了布置作业。有的时候会因为完全找不到笑点的冷笑话自己笑出声...上课略有些催眠，但人很好的！就冲期末考全部乱画还能3.6，十分好评刷起！
101340,3143,高一聪,2019-01-28 04:47:51,3,3,0,高老师吹爆！老师我爱你！上课几乎没怎么听，由于自己太菜其实听也听不懂，作业差不多是攒到期末熬夜画的，考试小题全部蒙，大图画上几个！就是这样还得到了3.9！高老师我爱你！听不太懂的同学不要慌！努力就有奇迹！
101352,3143,高一聪,2019-01-28 05:21:48,2,2,0,反正2018秋冬的我表示体验极好，上课讲得比较细，答疑也很好很耐心，作业也改得认真，只要作业认真做，每次都搞懂，期末绩点绝对让你满意。反正我们没有绩杀
103911,3143,高一聪,2019-03-07 07:14:55,2,2,0,好老师好老师
109053,3143,高一聪,2019-06-06 07:45:56,1,1,0,老师太可爱啦
111376,3143,高一聪,2019-07-01 05:26:29,2,3,1,很可爱的一个小白胖\n\n在作业，小测方面都很仁慈，从来不会让你因为小测和作业而担忧。\n\n和他交流问题也很随和。\n\n只是可能在教学和语言表达能力上有点欠缺（其实工图本来就靠自学，上课听不听都没啥用）\n\n所以  总体来说还是很好的啦。\n\n
112922,3143,高一聪,2019-07-11 02:45:32,4,5,1,给分太好了吧！！！！！！！！！！！！！！！！ 我上课码码代码，作业对着答案画画，期末考前一天背背标准键，画画零件图，背背往年卷子，分数就超棒
112923,3143,高一聪,2019-07-05 12:07:04,7,8,1,老师白白胖胖的像个可爱的小米虫
114564,3143,高一聪,2019-07-10 17:11:04,2,2,0,10分没话说，老师上课就是好，讲话也很风趣，听着有一种大仙的错觉哈哈。。。工图创造了我有史以来最高绩点（还是在我空了一道题的情况下）
114572,3143,高一聪,2019-07-10 19:33:17,2,2,0,老师人真的很好，很和气很可爱，小测作业都很为学生考虑，讲课逻辑条理也都很顺。刚刚查到成绩就来评价，一定要把老师的分刷上去！！！10分！！！学弟学妹快来选呀！
114598,3143,高一聪,2019-07-10 23:46:20,1,1,0,老师很棒
114627,3143,高一聪,2019-07-11 01:37:02,0,0,0,老师给分超赞！
114648,3143,高一聪,2019-07-11 02:43:28,4,4,0,吹爆！！！！！！真的太好了吧！！！！给分太高了呜呜呜我都没想到这么能有这么高！！十分（拍桌）
114649,3143,高一聪,2019-07-11 02:43:15,2,2,0,我吹爆！！老师人超级好，给分也超好！趁查老师分不高赶紧选赶紧选！！超级好的老师！！
114662,3143,高一聪,2019-07-11 03:01:35,1,1,0,很好 平时分特别高 感谢老师捞我
114730,3143,高一聪,2019-07-11 07:42:34,4,4,0,平时作业对分数影响不大，不点名(本人翘课狂)，感受到上课老师尽力在讲，期末小肝一波竟然得了大一以来除军训最高绩点!!这种老师哪里找?!
114793,3143,高一聪,2019-07-11 18:16:50,3,4,1,老师上课讲得比较慢也比较细，人超和善而且不点名，平时上课写代码，考试前一天补作业，这样都能满。这怎么可能是因为我强呢？明明是老师超赞好吗！高老师太好了我吹爆呜呜呜，学弟学妹快来捡漏呀！
116366,3143,高一聪,2019-09-09 22:42:01,2,2,0,老师挺好的，第一节课的时候化身人生导师，虽然是扯了半节课，但也很快拉回来了，课讲得很轻快，很风趣，在作业、出勤方面是绝对的佛系。
116821,3143,高一聪,2019-09-16 05:48:48,0,0,0,挺和蔼的
117361,3143,高一聪,2019-09-23 10:03:51,1,1,0,堪称绩好
125517,3143,高一聪,2020-09-11 02:31:08,8,8,0,绝对是很好的老师啦，别看评分！\n\n很和善，还很帅？？！\n\n期末考试给会你提示（懵\n\n平时作业可以拖？！\n\n你给我满绩，我给你十分。\n\n
125523,3143,高一聪,2020-09-11 03:08:19,2,2,0,老师真的在进步，越来越好了，不要被分所迷惑，学弟学妹快来选，认真学就能满绩
126355,3143,高一聪,2020-09-23 12:05:39,3,3,0,老师太好了，期末基本上好几个题不会，细节都没写，还是给了4.5，室友也有几题不会，给了98分。
128647,3143,高一聪,2020-12-25 02:29:31,1,1,0,老师人贼好，有设么问题都会很细心地回答，作业晚交但只要做好就行，人还萌萌的很可爱，给分也很慷慨
130530,3143,高一聪,2021-01-23 12:59:15,1,1,0,平易近人，很亲切，很好！
131263,3143,高一聪,2021-01-27 01:29:39,2,2,0,老师真的很好，很和善，平时作业只要交了就行不在乎什么时候交，是我自己太菜了，出分前评论一波求老师捞～
132214,3143,高一聪,2021-01-31 04:01:38,-5,0,5,神仙了\n\n作业随时可以补交\n\n从来不听课作业不订正期末考试也做不来\n\n最后5.0\n\n堪称绩好
134394,3143,高一聪,2021-03-26 06:53:13,1,1,0,老师真的很好，很温柔，作业要求其实也很宽容，给分很好！！
135507,3143,高一聪,2021-05-12 08:41:21,0,0,0,老师真心好
137406,3143,高一聪,2021-07-04 02:51:20,1,1,0,考前给个十分求老师捞orz
137492,3143,高一聪,2021-07-04 13:05:26,5,5,0,老师超可爱啦！上课也很清楚，常常候讲一句话就自己笑起来了，所以一直笑眯眯的～像小宝宝一样白白胖胖的哈哈。\n\n作业可以最后一天交，不点名，性格超好，在课下请教也超耐心哒！课讲的也很好理解，PPT很具体，适合预习复习啥的！\n\n10分刷一波～
137497,3143,高一聪,2021-07-04 14:06:38,0,0,0,老师很可爱，很有耐心
137498,3143,高一聪,2021-07-04 14:09:55,0,0,0,老师很好很可爱，明天工图求捞😰
138705,3143,高一聪,2021-07-10 12:26:15,0,0,0,老师巨好 ，很照顾学生，给分也很好，很合理，兄弟姐妹们，冲就玩了。
138708,3143,高一聪,2021-07-10 12:45:08,1,1,0,yysy，高老师人挺好的呀，给分也炒鸡好！感觉自己期末考啥也不会也能得到一个不错的分，选就完事了
138714,3143,高一聪,2021-07-10 13:03:36,2,2,0,老师人很好！最后复习课上还说把复习课件给我们，”虽然我知道你们肯定是考试前一天才开始复习，但一定要记得看”，最重要的，给分是真的很nb，每一道题都会错三四条线，卷子上也有两道题画到最后画不出来只画了一半，以为最多3.6最后4.5我人都傻了？高老师的课可以不听但是课件一定要看尤其是期末复习课件一定要看一定要看一定要看，作业也务必要完成，第七次开始没做过期末补的老师照样算全交
138721,3143,高一聪,2021-07-10 13:24:45,1,1,0,老师人超级好，特别推荐
138729,3143,高一聪,2021-07-10 14:28:58,1,1,0,感谢高老师救我工图
145188,3143,高一聪,2021-12-28 06:10:09,0,0,0,讲的挺好的
146784,3143,高一聪,2022-01-07 12:25:35,0,0,0,感谢高老师救我
148923,3143,高一聪,2022-01-14 03:20:03,0,0,0,就对好老师
148952,3143,高一聪,2022-01-14 04:18:55,0,0,0,好老师，选他！
149042,3143,高一聪,2022-01-14 07:55:05,1,2,1,4.5飘过，说说我的想法吧。我应该很理性的说:高老师，我只能说，太可爱了。讲的好，事情少，人好，不多说了，该怎么办大家都明白了吧
149085,3143,高一聪,2022-01-14 10:35:58,0,0,0,上课从不不点名，作业可以拖到期末，期中考试开卷甚至可以交流。老师人特别和蔼，很认真，不过课有点催眠。后半学期一直翘课，期末补了一天，居然捞到了很高的绩点，太感人了。感谢高老师捞！
149157,3143,高一聪,2022-01-14 14:50:57,0,0,0,高老师讲课讲的很细，给分也超高，超能捞人。
149427,3143,高一聪,2022-01-15 09:44:52,2,2,0,为人和善，考前全天答疑。也不会要求买学校工具。给分好。
150859,3143,高一聪,2022-02-20 01:40:15,1,3,2,高老师也太太太能捞了吧，稍微认真点就能满绩，从不点名，作业可以在期末补交。上课有点困，知识点还是很全很细的。
153265,3143,高一聪,2022-04-27 08:15:27,1,1,0,哈哈哈
160458,3143,高一聪,2022-09-23 03:33:32,2,2,0,虽然有时候记不住定义，但是上课还是很有意思
164516,3143,高一聪,2022-12-21 11:41:01,2,2,0,浓浓师生情，上课不点名
164668,3143,高一聪,2022-12-23 01:49:54,4,4,0,其实老师上课真的态度很好讲得挺细致的呀，人也很和气，不过可能确实讲的不够清楚比较难懂，但是教学态度真的很好，作业的错题都会好好分析。认真学多思考的话其实可以学好的呀。
169255,3143,高一聪,2023-02-25 05:29:18,4,4,0,老师太太太好了！上课风趣，体贴学生，而且给分超棒！！！
169257,3143,高一聪,2023-02-25 05:31:58,4,4,0,高一聪老师海底捞！！！真的yyds，都去选，给分贼好，期末只会做一半题，作业都交了，但正确率不太好，期中画图开卷可以讨论，七道题只对了四道，但是期末给了3.9！！！室友平时不怎么听课，作业正确率也不高，但是期末好好考了，给了4.8，这样的好老师都去选！！！讲的也还好，不点名！！
169269,3143,高一聪,2023-02-25 06:23:04,10,11,1,上课不点名\n\n会提醒你哪几次作业计分\n\n期中随堂小测甚至允许小声交流\n\n一学期没听+期末补了一早上喜提4.8\n\n这是我爹
169289,3143,高一聪,2023-02-25 08:49:08,4,4,0,高老师真的超级好，作业可以晚交，期中考试可以相互讨论，平时笑眯眯人也很可爱，最后绩点意想不到的高
169363,3143,高一聪,2023-02-25 14:47:54,3,3,0,非常能捞
169383,3143,高一聪,2023-02-26 01:33:20,7,7,0,哈哈哈哈哈选高老师简直想挂科都难，作业次次B-上课一点没听过期末也没怎么复习最后给了3.3哈哈哈哈哈
169744,3143,高一聪,2023-02-27 15:21:37,4,4,0,老师给分真的好，捞人是真捞，考的再不好都能给拉高
170176,3143,高一聪,2023-03-02 00:57:11,4,4,0,gyc老师上课真的很好 给分也很好
170714,3143,高一聪,2023-03-08 10:44:02,5,5,0,巨捞巨捞，快选
172685,3143,高一聪,2023-05-04 11:38:18,1,1,0,每次作业都是B-最后4.5了，高老师真的我哭死
173405,3143,高一聪,2023-05-23 10:51:54,0,0,0,啊啊啊啊啊啊啊啊我爱你高老师！
175797,3143,高一聪,2023-06-26 15:59:04,1,1,0,老师非常非常好给分也超级好笑起来憨憨的问了很多问题都耐心解答
177197,3143,高一聪,2023-07-02 05:32:59,4,5,1,老师人很好，很负责，讲课清楚，推荐选，有小捞，但好像没有之前说的那么捞？本人速成2.4，隔壁寝室认真学了3.3，感觉对我是小捞，对我隔壁寝室来说有点小杀。不过我们都感谢老师的认真负责，感觉如果自己再认真一点可能会好一些。
177211,3143,高一聪,2023-07-02 07:52:03,1,1,0,老师人很好，认真负责会答疑。\n\n但这个学期是不是有点求是……\n\n或者说可能是我的问题？……
177268,3143,高一聪,2023-07-02 17:00:42,2,4,2,每次作业都是B-最后满了，高老师看着就很会捞的样子
183787,3143,高一聪,2023-11-30 06:26:54,1,1,0,老师很耐心，有问必答，也会认真解答作业的问题，给分也很好！
187281,3143,高一聪,2024-01-15 11:39:59,3,3,0,非常好
187339,3143,高一聪,2024-01-15 13:51:45,3,4,1,给分也太好了吧，三次作业没交，给了4.8😀
187340,3143,高一聪,2024-01-15 13:52:20,2,2,0,呜呜呜呜很好的老师，作图基础比较差被捞到了4.2，选就完了
187371,3143,高一聪,2024-01-15 15:40:21,2,2,0,给分超级好，老师人也很和善。
187384,3143,高一聪,2024-01-15 23:20:15,5,5,0,能选上他的课就偷着乐吧，很认真的一个老师，给分相当不错
187625,3143,高一聪,2024-01-17 01:42:21,8,8,0,老师真的超好！老师教得很好，虽然我不怎么会，但是只要每次有提交作业，认真听讲，最后还是会过！！老师应该有小捞期末，绩点比我预想还要高。老师经常早放我们下课。有问题老师也会耐心讲解！选他选他！！
187848,3143,高一聪,2024-01-17 14:54:09,3,4,1,（意料之中地）满了，简单扯两句\n\n总体来讲上课是很舒适的，该讲的都讲了，知识点确实本身比较杂，所以就凭下发ppt这一点我给10分！\n\n每次的作业都会在下次课公布参考答案，订正很方便。错的多的老师也会课上单独来讲
188305,3143,高一聪,2024-01-18 15:15:49,3,4,1,给老师十分！海底捞！
192004,3143,高一聪,2024-05-07 09:05:32,4,4,0,老师好好！！！！！！！！！！
194632,3143,高一聪,2024-06-24 17:24:34,10,10,0,捞王，不点名，会下发上课ppt，作业可以补交，期中开卷且可以和同学讨论，神中神！
195989,3143,高一聪,2024-07-01 04:26:35,2,2,0,老师好好啊！真的捞，而且体谅这个课程比较玄学，对我们要求不高，推荐
197378,3143,高一聪,2024-07-12 01:16:42,1,1,0,神中神
198341,3143,高一聪,2024-09-07 11:49:45,1,1,0,神老师！会捞！爱了！
200989,3143,高一聪,2024-10-26 06:13:39,2,3,1,有一次看到高老师登记平时成绩那张纸，期中部分只有一个勾或者C，也就是说高老师班上大部分同学平时分都是满分或者接近满分的，毕竟平时无论是A或者B（我猜测C可能有影响）好像作业部分都不影响总评的样子，更何况我觉得高老师人那么好也不愿意算A对应多少A-对应多少吧hhh……（毕竟纸质表不那么好登记的）
202732,3143,高一聪,2024-11-14 04:54:48,0,0,0,好好好
211159,3143,高一聪,2025-01-11 02:51:56,3,3,0,超级良心的老师！本来觉得自己工图啥也没学会，但是最后上4了，强烈推荐！！！！
211167,3143,高一聪,2025-01-11 03:05:40,1,1,0,神，无需多言
211185,3143,高一聪,2025-01-11 03:47:38,0,0,0,老师每节课后都会发ppt方便我们复习，作业没做完跟他说一声就可以补交，上课时会讲上周作业的错题 总的来说上课体验很好，每节课都去听人，最后成绩也不错，推荐
211198,3143,高一聪,2025-01-11 04:04:14,0,0,0,在经历多门课出分卡绩、爆炸后，工图突然的5.0简直就是一缕光。\n\n“试卷我看了，不难的。你们不要交白卷，不然我也没办法了。”伟大，无需多言！原本只想本本分分混个4.2比高均绩一点就行，最后5.0实在是惊喜。\n\n老师平常不签到，期中考很难，那就让你们讨论，还是做不出来，那就只当一次作业算。每次课都发ppt和作业解析，课讲的也不错，这样的老师凭什么不给高分！
211204,3143,高一聪,2025-01-11 04:16:08,0,0,0,太喜欢这个老师了，平时感觉有时候都没学进去，最后都最好三点几的准备了，最后居然5.0。gyc永远的神。
211388,3143,高一聪,2025-01-11 10:03:37,0,0,0,非常非常好的老师，给分非常好
215339,3143,高一聪,2025-02-25 08:27:01,0,0,0,非浙江考生，之前从未学过技术，上课还有一次请假，好几次作业都是B，但是最后总评96，强烈推荐
219952,3143,高一聪,2025-06-12 04:40:09,0,0,0,24-25秋冬修的\n\n掌管工图的神！！\n\n“完了完了期中没一道对的”\n\n“这个期末考填空选择都是什么啊”\n\n“老师菜菜捞捞”\n\n“wc老师你怎么给我5.0”
220066,3143,高一聪,2025-06-14 12:01:49,0,0,0,神中神，海底捞，你只管做作业分数自然满
117418,3180,高宇,2019-09-24 05:50:33,1,1,0,高宇老师到底是谁
117670,3180,高宇,2019-09-28 12:06:07,1,1,0,
56469,3237,欧阳小平,2017-07-04 01:05:36,-3,5,8,讲道理，课讲的不错，不过考试有点难，而且平时练习量不够，比较尴尬
60123,3237,欧阳小平,2017-10-11 04:43:38,4,11,7,脑残一样的老师，谁上谁知道
63226,3237,欧阳小平,2017-11-29 10:12:18,0,1,1,会画圈的老师
114191,3237,欧阳小平,2019-07-09 03:50:34,6,8,2,疯了吗
174706,3237,欧阳小平,2023-06-16 04:26:07,5,5,0,实在是脑残
174789,3237,欧阳小平,2023-06-18 05:49:14,5,7,2,辣鸡，讲话一股高高在上的味道，动不动就点人回答问题，考试前还在布置大作业，纯纯的nt
193303,3237,欧阳小平,2024-06-06 05:31:08,1,1,0,老坛一个，马了个旦
193813,3237,欧阳小平,2024-06-19 10:55:35,0,0,0,垃圾中的垃圾 这辈子上过最恶心的课
194386,3237,欧阳小平,2024-06-23 13:41:07,2,2,0,液压期末考出的什么题，第一次见到没有人提前交卷的专业课，感觉至少一半人写不完，就是这样出题的？？？？？？？？？？？
196769,3237,欧阳小平,2024-07-05 04:29:07,0,0,0,期末给分还行，上课虽然不太行，中规中矩吧
213250,3237,欧阳小平,2025-01-16 12:59:12,1,1,0,一般吧
108741,3279,林勇刚,2019-06-01 07:44:27,1,1,0,上课念ppt，事多
110094,3279,林勇刚,2019-06-22 15:45:04,0,1,1,三岁小孩做的ppt都比你的强 你的ppt就是一坨狗屎
110363,3279,林勇刚,2019-06-26 05:11:57,4,5,1,老师有水平，考试有难度，比较适合啥都会的同学，能够将知识放在学生看不到的地方，这单片机我一生推? ?
172267,3279,林勇刚,2023-04-24 04:00:50,1,1,0,你除了念字还会干嘛
217647,3279,林勇刚,2025-04-14 13:59:54,2,2,0,册那，只会念牛魔的ppt，念得还烂
68396,3322,贺永,2018-01-23 06:20:23,-1,8,9,贺老师就是牛
118151,3322,贺永,2019-10-22 01:58:40,3,11,8,上课就在那BB自己的成果\n\n实验课丢出五个题目然后就放养\n\n隔壁朱新杰的实验就有老师手把手指导\n\n美其名曰自己探索\n\n大四了谁还有心思管这种课\n\n考研的要准备考研，出国的语言考试也就在这会\n\n保研的也有被导师抓去干活\n\n您搁这恶心人呢？？
151231,3322,贺永,2022-02-25 04:29:57,6,13,7,研究生的课\n\n个人汇报+小组项目\n\n作为汇报人，老师点评是小组项目做得比较好的，但是最后只有3？
182520,3322,贺永,2023-11-17 03:06:27,-5,4,9,增材制造慎选，考试很多书上没有，需要自己平时去记录他的PPt
182670,3322,贺永,2023-11-19 09:13:49,-7,3,10,不是什么好老师，他的课请慎选
184190,3322,贺永,2023-12-12 08:48:13,0,6,6,此人对于教学极其不上心，你科研再6，也难让人怀疑师德是否有问题？浙大机械就这种本科教育水平，也难免让学生比不上其他学校的。
201968,3322,贺永,2024-11-08 00:53:24,2,2,0,贺老师学术水平稳步上升，能学到很多前沿的知识。
204132,3322,贺永,2024-11-24 14:14:14,5,6,1,老师人很好，上课会教一些思维方面的知识，给分也很好，算是机械学院不多的水课了
208867,3322,贺永,2025-01-02 16:15:19,3,3,0,给分不错
91109,3355,刘昊,2018-11-30 05:14:33,0,3,3,绩点杀手
91290,3355,刘昊,2018-12-05 05:49:19,0,3,3,感觉不好不差，可惜是大四上课，对课程最多的想法就是能水一点，结果老师认真了。
155463,3355,刘昊,2022-06-13 06:49:05,0,0,0,三个字
179277,3355,刘昊,2023-09-07 03:32:29,4,5,1,研究生课机器人技术的结课考试有难度，占70%，结课成绩主要看考试，给分不高
182005,3355,刘昊,2023-11-08 02:05:11,0,0,0,三个字
196629,3355,刘昊,2024-07-04 11:07:56,0,0,0,老师人很好，除了讲课差没什么缺点
221840,3355,刘昊,2025-06-27 15:06:16,1,1,0,你真的懂你自己讲的是什么吗？人形ppt阅读器一个
89381,3383,谢海波,2018-11-19 01:45:51,0,0,0,.....
91745,3383,谢海波,2019-01-15 08:25:37,-3,1,4,流场分析讲课毫无章法，下课问问题就摆一副司马脸……
93085,3383,谢海波,2019-01-07 08:44:37,0,0,0,三角函数
94098,3383,谢海波,2019-01-15 07:43:07,0,0,0,事少给分贼好
94100,3383,谢海波,2019-01-15 07:45:53,0,0,0,第一门满绩！
94124,3383,谢海波,2019-01-15 08:33:15,2,6,4,上课内容不多说了，主要是学两款软件怎么用。老师给分真的太好了，大作业用到固固热耦合，网上查不到资料做不出来，老师也非常细致地给我们讲Gambit怎么操作Fluent怎么操作，不过可能确实回答你问题的时候态度有点急躁?所以不要在课间问问题，下课再问他可以不吃饭给你讲半个小时??
94125,3383,谢海波,2019-01-15 08:29:12,2,3,1,上课上的很浅，类似于导论课，但是老师给分真的很好，不选这门专业选修课绝对会后悔
94128,3383,谢海波,2019-01-15 08:38:00,5,5,0,事少给分高，还不选？
94134,3383,谢海波,2019-01-15 09:05:58,2,3,1,没仔细听，但给分真的好，事情少，除了展示爱怼人，没啥毛病。
94208,3383,谢海波,2019-01-15 16:10:54,5,6,1,出分前：展示爱怼人，问问题不耐烦。教的都是些没用的内容。\n\n出分后：（大家当无事发生\n\n这可太真实了……
144290,3383,谢海波,2021-12-21 04:24:05,1,1,0,老师太好了 事少
168732,3383,谢海波,2023-02-21 13:15:22,1,1,0,好好好
189848,3383,谢海波,2024-01-31 06:36:53,2,3,1,好伟大的给分啊
189860,3383,谢海波,2024-01-31 10:10:58,3,3,0,伟大，无需多言
206735,3383,谢海波,2024-12-17 09:46:00,2,3,1,机械学院流场分析谢老师，我很想问问您对待人基本的尊重在哪里？大作业答辩的时候自顾自说完答辩同学的内容问题，答辩同学之前从未发过言想针对该问题进行讨论，原因是之前发现了这个问题但没找到解决方法想要向老师请教，结果您还没等说完扭头就走叫下一组上台？可能您觉得答辩同学想为了保住分数跟您解释，有没有想过答辩时您作为老师有解答义务，作为一个听众有基本的尊重人听人把话讲完的义务？不管分数如何，我不认为您的做法是合理的，而根据您几节课来对各组同学的态度，我十分怀疑您是否完全根据心情决定是否尊重上台答辩的同学。我只能说，慎重选课。
214618,3383,谢海波,2025-02-15 02:07:15,0,0,0,报！已出分！！伟大的给分
21831,3511,赵朋,2016-03-01 07:38:16,1,7,6,过于无聊
24877,3511,赵朋,2019-05-06 02:29:46,-62,11,73,垃圾中的垃圾
24956,3511,赵朋,2019-08-31 04:56:30,-130,11,141,超级垃圾，整天一个人傻笑，点名不到平时分基本爆炸，整一个sb.
25010,3511,赵朋,2016-05-05 00:34:03,3,5,2,点名不到怪老师啰 呵呵哒
25693,3511,赵朋,2016-06-03 07:10:35,3,8,5,老师的笑还是挺可爱的 给分未知 人挺好的
27391,3511,赵朋,2016-06-25 14:10:35,3,4,1,呵呵 哈哈哈
27404,3511,赵朋,2016-06-26 00:55:06,20,29,9,赵朋老师的课上得挺好的，本来很枯燥的工程材料的课被他魔性的笑声和时不时单口相声带得还挺有趣的，给分也挺好的。考试主要是靠平时的积累，临时突击难拿高分。
27499,3511,赵朋,2016-06-26 14:38:53,3,4,1,呵呵 哈哈哈
29413,3511,赵朋,2016-06-29 17:36:14,0,5,5,呵呵，哈哈哈。讲道理一开始还能听，后来越讲越没重点，上课总要先吹水……但是老师挺萌的2333
29604,3511,赵朋,2016-06-30 04:42:16,5,7,2,老师人超好超可爱 上课笑声好魔性 呵呵 哈哈哈～工程材料好成绩还是要靠平时听课的 不过突击拿个七八十分问题不大
50216,3511,赵朋,2017-05-01 10:59:15,0,0,0,哈哈哈
50833,3511,赵朋,2017-05-06 07:27:29,2,5,3,大四狗考试前啥也不会，考试前求老师帮忙辅导，老师给过了，而且很耐心地教！！！
54314,3511,赵朋,2017-07-03 02:18:32,0,2,2,很稳很稳 给分好
54486,3511,赵朋,2017-06-29 11:21:27,1,3,2,行政班主任，会出班费让我们内建，都说好了继续当我们专业班主任的，结果一个暑假回来就成了别人的专业班主任。（大哭）
78766,3511,赵朋,2018-05-15 06:05:26,30,34,4,不到课你还有理由骂老师了？！
78859,3511,赵朋,2018-05-16 01:14:12,-10,7,17,兄弟姐妹们，真的不要选这门课，学不到什东西，还不如通识学得多，考试还很难，不复习几天真的可能会挂的。建议你们去选其他的通识课，不要作死啊
80586,3511,赵朋,2018-06-28 05:43:26,3,4,1,说实话，考试突击有难度，当个性的建议别选！背的东西太多了，60多的渣渣血的教训
83969,3511,赵朋,2019-04-29 01:58:04,-14,4,18,明明很认真地在听，不知道怎么的还是下四了
99574,3511,赵朋,2019-01-25 03:36:10,3,3,0,老师上课幽默，讲课耐心，如果上课认真听的话，期末复习是很简单的，所以说啦，老师的课赶紧去试试看吧。\n\n
108096,3511,赵朋,2019-05-15 00:23:13,6,6,0,emmm很多知识点含糊其辞根本听不懂 可能我差吧hh
113606,3511,赵朋,2019-07-07 01:10:16,0,2,2,很和善的老师，不过分数的话还是要自己下功夫。点名比较多，最好不要翘课。
136006,3511,赵朋,2021-06-09 06:20:25,6,6,0,怪我吧，我觉得上课逻辑欠清晰
142976,3511,赵朋,2021-11-18 02:15:58,4,7,3,给分挺好的，上课会讲些正确的大道理。
150325,3511,赵朋,2022-01-22 12:49:21,8,8,0,上课是单口相声\n\n绩点为王
163147,3511,赵朋,2022-12-08 06:27:36,0,0,0,很不错！
166111,3511,赵朋,2023-01-11 06:55:27,1,1,0,工程材料对于机械学生来说，赵朋老师算是讲的很好的啦
183955,3511,赵朋,2023-12-04 22:26:43,2,3,1,出分有点慢，其它还不错
184269,3511,赵朋,2023-12-14 13:00:46,3,4,1,出分这么慢吗 您老是有多忙
184587,3511,赵朋,2023-12-22 01:55:05,3,4,1,考完近一个月才出分，给分也一般
189698,3511,赵朋,2024-01-27 03:22:30,0,1,1,给分蛮好的，问问题回复得也很及时，好评
193191,3511,赵朋,2024-06-04 09:24:15,0,0,0,听不懂
195097,3511,赵朋,2024-06-26 18:27:54,5,7,2,两学分的课被你改成什么鸟样子，说什么96学时的什么热处理压成现在给我们上，你是真有水平
195098,3511,赵朋,2024-06-26 18:38:11,3,5,2,讲的就是一坨，上课照着ppt念一句话还要重复两三遍，把这门曾经“文科生也选的水课”改成你所谓的“富有知识点，能学到东西的硬课”，把你给能的
196871,3511,赵朋,2024-07-05 17:09:49,1,2,1,给分很迷。\n\n这课程设置就是sb，不知道和zp有没有关系。
203333,3511,赵朋,2024-11-19 07:57:08,3,3,0,老师太搞笑了，在钉钉里发那个表情简直标配对味... 抛开这些不谈其实老师上课挺好的，会在重点的地方反复提
203677,3511,赵朋,2024-11-20 12:17:57,2,2,0,学了两小时，没挂。谢谢老师
63827,3528,胡亮,2017-12-16 07:27:34,2,2,0,长得帅就行了
117096,3528,胡亮,2019-09-19 06:53:45,3,8,5,真水真好
196184,3528,胡亮,2024-07-02 05:27:32,2,2,0,机械的胡亮老师，上的流体力学和热工基础，不点名，上课很水，给分感觉还不错，另外流体力学这部分是阮大师上的，阮大师的流体力学懂得都懂，不过这门课最后也是开卷，自学是完全够的
180126,3541,柯映林,2023-09-20 10:38:10,8,14,6,，，，，，
21506,3547,刘达新,2016-02-29 05:20:40,5,7,2,口齿不清…
23630,3547,刘达新,2016-04-11 07:09:45,2,3,1,挺好的，，
28950,3547,刘达新,2016-08-03 12:14:48,1,1,0,还可以吧
31502,3547,刘达新,2016-07-04 03:56:45,1,2,1,击杀！
31612,3547,刘达新,2016-07-04 09:13:48,1,1,0,好棒的\n\n！
33740,3547,刘达新,2016-09-21 09:07:08,0,0,0,感觉很好啊
28030,3562,彭涛,2016-06-28 08:00:36,0,2,2,目前就我们自己专业的上课，就不评论了，大家都懂哈哈哈
34331,3562,彭涛,2016-10-03 06:08:25,4,10,6,年轻有活力，英语授课无压力。熬夜看作业神马的不能更赞
36261,3562,彭涛,2016-11-11 10:14:38,2,3,1,很棒的老师，\n\n
53288,3562,彭涛,2017-06-26 09:58:22,0,0,0,好老师?
53422,3562,彭涛,2017-06-26 14:46:53,0,0,0,优秀哦
53710,3562,彭涛,2017-06-27 10:41:16,-9,5,14,满了 谢谢老师
56076,3562,彭涛,2017-07-03 04:25:10,3,3,0,平时作业和quiz60，期末报告和展示40   平时得好好花功夫啊。跪了
74173,3562,彭涛,2018-02-06 03:36:59,0,0,0,彭老师的课就从来没满过
83444,3562,彭涛,2018-07-10 09:50:51,0,0,0,下次还给老师做表情包
88137,3562,彭涛,2018-10-23 02:16:50,0,0,0,好老师，真的是非常棒的老师
92486,3562,彭涛,2018-12-30 16:03:40,11,14,3,工业工程最好的老师没有之一
103265,3562,彭涛,2019-02-27 05:39:03,0,0,0,彭老师是最好的老师哈哈哈哈哈哈
105474,3562,彭涛,2019-04-15 04:01:42,0,1,1,很棒，年轻有为
112132,3562,彭涛,2019-07-03 17:13:09,2,2,0,学到了挺多\n\n其实认真一点，老师就会给挺好的分数\n\n小测分数都是零点几零点几扣的
112324,3562,彭涛,2019-07-04 01:43:48,1,1,0,。。。。
113786,3562,彭涛,2019-07-07 12:50:44,1,2,1,全英文讲课，作业展示都是英语的，都需要英语写，对于英语不好的同学很不友好，上课听不懂在讲啥就需要下课好好看看，没有期末考，但是有平时作业，期末还有大作业展示，占比很高，就会占用很多复习时间，期末焦头烂额，展示的评价标准个人觉得不太完善，但是老师还算仁慈，平时分都是尽量帮同学们少扣点的，但是总体来说一般般。
118591,3562,彭涛,2019-10-29 04:31:25,1,1,0,10分不解释
135678,3562,彭涛,2021-05-19 04:02:04,3,3,0,点名：全校统一的点名系统\n\n老师讲授方式奇特 全英文，课后作业题超纲，打个比方 第3次上课布置的作业题，迷迷糊糊的做完后发现 用到最后一次上次的理论知识。\n\n总结 其实英文或汉字 讲授都没毛病，如果你要是 有很好的经济学基础 学起来很方便，可惜我是研发汽车的  废了很大力气 翻了很多参考书才明白。\n\n老师脾气不错，可以推荐
172755,3562,彭涛,2023-05-06 06:36:27,2,2,0,工业大数据：作业量非常大，每周都要花很多时间，最后给分4.5，感觉性价比挺一般的，不过老师和助教人还是很好的
172943,3562,彭涛,2023-05-10 07:56:39,5,5,0,工业大数据慎选，b事贼多平时作业量大，大作业量贼大，出分慢给分还迷
173836,3562,彭涛,2023-06-03 12:28:44,0,0,0,给分垃圾
218140,3562,彭涛,2025-04-21 12:36:44,0,0,0,工业大数据为什么这么低给分？？？？
218632,3562,彭涛,2025-04-27 13:02:47,0,0,0,工业大数据，事情非常多，每周一次小作业加上一次大作业。作业可以用ai解决，大大减轻了工作量。是有学到东西的，主要是对各种算法有了初步的了解，但是算法的原理与代码的实现其实没搞懂。最后拿到的分数挺满意的。
221849,3562,彭涛,2025-06-27 01:25:17,0,0,0,老师人很好。向老师反应给分问题后，老师迅速解决，当天就全班重新给分。出了学校还会有人对我们这么好吗（擦眼泪）
22526,3577,刘涛,2017-06-07 10:06:55,-1,12,13,不太行
39857,3577,刘涛,2017-06-07 10:06:48,-7,6,13,呵呵呵呵
40686,3577,刘涛,2017-03-29 04:32:14,2,9,7,很好的老师
46390,3577,刘涛,2017-01-21 12:41:53,5,18,13,刘老师很用心
47847,3577,刘涛,2017-02-26 08:38:22,-3,13,16,这个老师真的很棒啊，是我遇到的教学最用心的老师，没有之一，而且学了之后觉得确实能用心理学理论知识去解释现实生活中的事情，更好的去看待人和事，老师给分也很棒，事情也不算多，值得推荐
51587,3577,刘涛,2017-06-14 10:19:11,0,4,4,老师棒棒的\n\n很帅！！！\n\n暖暖的
51726,3577,刘涛,2017-06-08 15:59:46,0,4,4,感天动地好老师
58560,3577,刘涛,2017-09-03 09:36:50,-1,1,2,超级好老师
58730,3577,刘涛,2017-09-16 05:35:38,-1,1,2,ha ha ha ha
60650,3577,刘涛,2017-10-26 03:31:22,-2,0,2,我目前只上过这个老师一节课，因为那门课太难了，所以退了。但是老师人真的特别好玩，讲课也好，寻思着如果老师还有别的课再去上上。
60899,3577,刘涛,2017-11-02 02:18:06,-3,0,3,老师好帅啊
60978,3577,刘涛,2017-11-06 09:40:17,112,128,16,那个，是找机械工程学院的的刘涛老师请看这边。\n\nemmm，在我上了刘涛老师的机电控制课第一节课以后，我一直心怀疑问：为什么这老师课上的这么烂，在学习帝上的评分却这么高！难不成是我上课没好好听的缘故？\n\n于是第二节课我非常认真的听完，然后觉得这老师上课还是很烂…之后我想，算了，可能是老师上课水平下降了吧。（而且很多同学告诉我，刘涛科研实力确实一般，但是做产品的能力很强，适合创业。我想估计是老师比较接地气所以会有这么高评分…）\n\n然后过了快两个月了，我已经习惯了之后，我有一天偶然中再查了一下刘涛（因为在他的课上实在太无聊），这一次惊讶的发现，卧槽，原来这个评分高的刘涛不是机械的。我突然明白了一切…我们的刘涛老师确实应该是上课很烂的一个老师。\n\n但是为了不误评，我特地写了这个评论，如果有和我一样上刘涛老师机电控制课的同学觉得他很烂…就点个赞吧…………不好直接打分，因为你给这个另外的看上去上课很好的刘涛老师打了低分了。
67360,3577,刘涛,2018-01-21 02:34:22,-2,2,4,刚考完试，就来评了\n\n是个很可爱的老师\n\n喜欢！\n\n满分满分
67597,3577,刘涛,2018-01-21 15:55:47,-1,9,10,超喜欢萌萌哒的老师！刘老师简直是男神级别的，上课认真耐心，待学生友善尽责，考试前一天晚上午夜还在给学生答疑！长的也帅！而且，语气还超★级★萌！(e.g.木事儿 木关系哒…?)给老师点赞！还陪大家斗图，ppt上面也经常用一些有寓意又很有意思的配图或者表情包，还用自己的照片上课(因为没人给自拍hhh)\n\n感谢老师一个长学期的超用心教导！收获了很多东西！社会心理学真的是一门非常值得学习的学科，已成功安利室友(╭￣3￣)╭♡最后祝老师&大家新年快乐！
72687,3577,刘涛,2018-11-11 15:22:14,0,5,5,虽然被被卡档了有点难受，但老师给分还是很实在的。课程很有趣，还会有一些拓展，每个星期一篇课程小结也很轻松，每次上课前还会解答大家在小结里提出来的问题，非常用心！课程考试也不难，平时上课听了考前翻翻ppt都能做出来！
72806,3577,刘涛,2018-01-31 05:59:23,3,4,1,老师很棒啊！能学到很多在生活中也很实用的知识
72879,3577,刘涛,2018-01-31 08:44:47,-2,2,4,刘老师超级萌的！！！在群里也会及时答疑，一直很积极跟我们互动，这是这个学期最喜欢的一门课了！总的评价来说就是：上课轻松有趣+有干货能学到东西能应用+老师人超级好很萌+考试不难用心就能拿高分
74324,3577,刘涛,2018-02-11 02:54:50,-4,1,5,老师真得超级好，社会心理学每节课都引人入胜，学到超级多的干货。给分棒，事儿少，上课有趣，可以说是非常满分的老师啦！
75759,3577,刘涛,2018-03-16 12:21:19,-14,8,22,我是给机械学院刘涛老师打分的，男神导师 ?
78734,3577,刘涛,2018-05-15 02:23:15,-3,1,4,刘涛老师超级无敌好！！！男神老师，对我们学生非常好！讲课也好，长得也帅！
95971,3577,刘涛,2019-01-20 09:48:03,-2,0,2,老师很好!!很可爱!!但是我还是被正态了...
96051,3577,刘涛,2019-01-20 12:05:05,-2,1,3,老师挺好的，但迷之给分
96543,3577,刘涛,2019-01-21 06:05:42,-3,3,6,老师超可爱！社会心理学课上会给我们放视频增加课堂趣味性，会有一些生活相关的互动。重要的是平时会耐心解答学生生活中的疑惑，真的给人一种很睿智的感觉。上他的课很安心也比较轻松，每周一次课程心得，最后有一次小组小品展示，都是有助于知识巩固的，期末试卷也不难，给分实在。是本学期最喜欢的课！表白涛哥！
117118,3577,刘涛,2019-09-19 09:58:29,13,16,3,机械学院的鲜肉们千万千万注意啦！此刘涛非彼刘涛，评分高的是人文学院的那位，许多人弄混了才把评分抬得这么高！真是舔都能舔歪来，神了！这位刘涛老师讲课平心而论没啥水平，考试给分还差……不要踩雷！不要踩雷！不要踩雷！重要的事说三遍！
117976,3577,刘涛,2019-10-17 09:53:10,21,23,2,机械学院的刘涛：讲课真的辣鸡。。。每次上完课都想死的心都有了。。。而且ppt乱七八糟，真的是乱七八糟，真实感受：我用的现代控制理论参考书讲的明显比刘涛老师讲的清楚，而且清楚太多了。。。ppt真的没法看。。。还有作业也很迷。。。唉～都是泪
118982,3577,刘涛,2019-11-09 02:33:56,7,7,0,真的太差劲了，PPT写得十分混乱，符号用的和主流参考书也不一样(我找的参考书反馈阵都用的是-K就他用的是K)，问题是还一堆错！(化为约当阵通过行列是否非0来判断能控能观那儿写反了！)如果你找过一本参考书自学，再认真对照下他的PPT，你就能理解我在说什么了！！！
126343,3577,刘涛,2020-09-23 07:39:34,4,4,0,老师的PPT是真的烂！完全不清楚
128557,3577,刘涛,2020-12-24 01:13:05,9,11,2,此刘涛为机械学院的，只评价上课。有一说一老师的讲课水平是真的不行，讲的没啥条理，让人没有集中精力听他说话的欲望，PPT做的奇奇怪怪，大概用的是某日语输入法打的汉字，又不给学生发，说期末时候再发，平时发就没意思了。讲课经常提到自己留学的经历。点名挺积极，还会提问同学，叫同学上黑板写题。每节课都留作业，别人都开卷他要闭卷，还顺便暗讽一下开卷考的都不如我闭卷的好，这能让你们学到更多。“咱们上课讲过的东西，我都不考，就考没讲过的”这是原话。给同学讲故事：有个博士自以为啥都会了结果考了他的卷子卷面不到10分，没过，他的博导亲自求情才给了个面子。讲课偶尔会突然闭麦，又突然开始喊出了个人名，大家才反应过来这是开始点名了。\n\n看出来了，该老师对国外的教学方式情有独钟，总想激励学生自主深入学习，以至于留的作业还是下节课才要讲的知识点，包括考核方式也是一样。从他每节课cue到自己的留学往事就能略知一二。这也许是一个海归的执念吧。
141418,3577,刘涛,2021-10-08 01:35:07,1,1,0,主要就是上课讲ppt和课本没关系，上不明白，自学也不知道学啥，事多，大作业考试都有
141420,3577,刘涛,2021-10-08 01:59:33,1,1,0,上课听不懂，公式跟课本完全不一样，不知道讲的啥
142058,3577,刘涛,2021-11-05 02:43:29,2,3,1,机械工程学院刘涛的课真的很烂。上课没有一点逻辑，ppt顺序混乱，点到哪讲哪。另外上课喜欢叫学生上去写题，学生写成什么样子，他就讲成什么样子，学生没写出来，他就不讲了。更离谱的是，有的时候自己看着ppt念都不能自圆其说，半路卡壳，在讲台上愣半分钟直接划过。我真崩溃了。课下作业多，有课程项目，还闭卷考试！！！
152482,3577,刘涛,2022-04-13 00:24:55,2,2,0,最擅长用难题PUA学生，讲课一加一等于二，好了回去你证明一下吧
160666,3577,刘涛,2022-09-30 00:31:04,8,9,1,现代测试技术千万别选这老师，别的老师都提前下课，他能从早八讲到中午，讲得好就算了，全程让你自己看讲义帮他出书纠错，中间还要出题目给你写，研究生了还有上黑板写题目加分，然后有展示、有作业、有闭卷考试，事情多给分差，快逃！
171561,3577,刘涛,2023-03-29 02:00:01,5,5,0,机械学院刘涛
171896,3577,刘涛,2023-04-11 10:54:46,4,4,0,上课讲得烂，作业布置不合理；\n\n对教学极不重视，以为自己很牛逼。
171941,3577,刘涛,2023-04-13 04:41:43,4,4,0,一个字烂，请你自觉不要开课祸害大家
172045,3577,刘涛,2023-04-18 05:05:59,4,4,0,他说他刚进浙大就开的这门课，我想知道他是怎么做到教成这样还在开课的。完全不会授课，我估计他备课自己都没顺明白就来了
173550,3577,刘涛,2023-05-28 17:09:29,4,4,0,机器人驱动控制课（机械的课什么时候……前一个老师至少还能水水。)做作业的时候发现ppt跟shit一样。虽然学过控制理论但你是一点不讲，纯靠记忆/现场搜索，本来就讲得谜语，还喜欢教室巡逻抓摸鱼和卷提问加分(这个见仁见智），真挺无语的，看样子估计给分也不会太好吧。
174827,3577,刘涛,2023-06-18 14:50:42,4,8,4,你吗斯了，我操你全家
192524,3577,刘涛,2024-05-23 03:06:22,0,0,0,鸟人
196526,3577,刘涛,2024-07-04 02:24:37,0,0,0,我上课就是喜欢看NBA
196630,3577,刘涛,2024-07-04 11:08:49,0,0,0,驱动给分还不错
199318,3577,刘涛,2024-09-21 02:24:33,1,1,0,屎中屎
201613,3577,刘涛,2024-11-05 02:11:46,0,0,0,现代测试技术，上得烂得要死，事多作业多，考试和学习无关真恶心人。
28589,3590,尹俊,2016-06-28 10:40:34,4,8,4,上课完全读ppt  无聊  给分低
28775,3590,尹俊,2016-06-28 14:24:29,-5,9,14,上课思路很清晰，第一次上本科生的课但是完全不紧张，给分好，接近满绩，推荐
28806,3590,尹俊,2016-06-28 15:50:37,2,4,2,一般般
32983,3590,尹俊,2016-09-09 07:52:28,1,5,4,上课念PPT，考前划重点，不过考试的时候好像并没有很多是考前划的。给分一般，老师水平一般，毕竟不是机械专业的
50948,3590,尹俊,2018-01-03 10:32:03,18,34,16,真的垃圾，思想有问题，每提一个知识点都要扯上浙大不如北大的地方，研究生比本科生强的地方，那你怎么不在北大教书呢？？什么东西\n\n
52708,3590,尹俊,2017-06-22 08:40:02,4,6,2,讲的太烂了，还自以为自己讲的很好，课后题自己都讲不清楚，一天到晚都是北大什么什么......
52711,3590,尹俊,2017-06-22 09:07:08,3,6,3,废话太多了。。。
56028,3590,尹俊,2017-07-03 02:57:31,6,6,0,学理论出身的，理论讲的很好，但感觉很不实际，让我们自己看书。考试你就发现了。
56041,3590,尹俊,2017-07-03 03:19:17,11,18,7,这老师有点问题，怎么说呢，一个北大力学出身的不去应用力学研究所跑到机械工程学院教工程材料？应用力学研究所工力系的老师至少教过我的都是大神，而尹俊老师颠覆了这一人设。“我一直认为这门课不适合在浙大这样的学校开，这应该是针对职高生中专生开的，北大就没有这种课”，而PPT却是清华拿来的；极其看不起浙大同学去当工程师，认为我们都应该去当科学家，“你们当中不会有人参与到第一线应用这些知识做工程材料的研究的”；上了也有几年课了，金相图从没真正看过，一些工程零件不认识干嘛用的，齿轮模数等于分度圆直径除以齿数还是前两年上课才知道的，张口闭口“所以我觉得我在这里给你们上这门课很不合适”，不是说这门课浙大不该开就是自己不想上。隔壁工程师型的赵朋老师代课讲得不知高到哪里去了，说实话尹老师也挺郁闷的，请求组织上不要让尹老师再教工程材料这门他不喜欢教也不适合教的课。
58206,3590,尹俊,2017-08-22 09:11:32,1,5,4,工程材料靠自己背的东西确实比较多……尹俊老师科研很棒！
111449,3590,尹俊,2019-07-01 14:07:22,3,3,0,不明白，我说不明白，反正哭了
127761,3590,尹俊,2020-11-26 12:53:08,9,15,6,热评说的比较过分，我觉得尹俊老师还是很不错的一位老师。\n\n先说大家最关心的问题：老师对同学有要求，期末70%，不调分。\n\n但有一说一，尹老师的本科背景更接近于偏向理科的力学，他的思路更倾向于理科的建立公理化体系，但对于工程应用的既定标准并不是那么熟悉。\n\n他在前几章有非常成熟规律的部分的讲解很成体系且理解得很提纲挈领，但在合金钢具体应用和非铁合金明显地不够熟练。\n\n从这个角度来说，尹老师教这门课会让他最有价值的方面很难发挥出来。\n\n\n\n还是觉得学院应该让老师把精力投入最擅长的地方吧，如果尹老师能开一门半学期的软物质相关的专业选修课，我会很感兴趣的。
161919,3590,尹俊,2022-11-15 04:25:11,5,8,3,很喜欢老师！！！！！！
180473,3590,尹俊,2023-09-22 01:35:21,0,3,3,挺好的啊，分享出来的内容挺多的
182077,3590,尹俊,2023-11-09 13:44:41,12,13,1,十八个人评分，所以只有五点几，其中好多都是若干年前的了。至少2023年尹老师的课感觉挺不错的，哪些是考点都会提出来，教课内容偶尔穿插装逼的话语不过也还可以接受，反正教学的态度是蛮好的。半学期来最大的发现是老师真的很爱喝麦斯威咖啡，每节课都喝，翻两页PPT就喝，笑死了。
183656,3590,尹俊,2023-11-28 07:44:00,5,6,1,选马梁，听我的哥们
183665,3590,尹俊,2023-11-28 08:31:39,1,2,1,中规中矩吧
202335,3590,尹俊,2024-11-24 16:05:31,4,4,0,认真的老师，热评也太极端了吧，虽然课程很屎，但是老师也很认真在讲了
203784,3590,尹俊,2024-11-21 05:03:35,0,0,0,出分好慢啊啊啊啊啊啊啊啊
204094,3590,尹俊,2024-11-24 05:39:08,3,3,0,热评确实说的比较过分，至少今年是没有怎么讲过北大哪哪好，就只会讲一下自己在大学时候有趣的经历~尹俊老师上课水平不说有多高，但我觉得也不至于分数这么低...讲课水平和那些七八分的老师都差不多的，另外不知道尹俊老师会不会调分，但我感觉平时成绩应该给的挺好的，我卷面成绩估摸着就八十分左右，最后都上四了，很谢谢老师！
204105,3590,尹俊,2024-11-24 08:18:08,6,6,0,我觉得老师上课讲得挺好的，会把考试常考的点融入在课堂里，考前也安排了时间给答疑，总得来说工程材料这门课还是理解+记忆，在考前花了两天过了一遍知识，但也还是有没记到的。个人感觉老师给分比较求是，没少给也没多给。
204112,3590,尹俊,2024-11-24 09:58:13,2,2,0,感觉给分不能说好，挺求是的；老师上课很不错，很有思考，会解释知识点之间的联系，讲得也挺清楚的；平时的作业也不多。又要理解又要大量的记忆......
204129,3590,尹俊,2024-11-24 13:38:49,2,2,0,没捞，但讲的还好吧
204272,3590,尹俊,2024-11-25 05:54:55,3,3,0,课是史课，老师其实讲的不错，给分求是，也是机械的一贯特色了
171863,3656,谢金,2023-04-09 04:48:42,-12,2,14,又要考试又要写英文综述，和系统上的考核形式描述不一致，上课还是全英文的，谁上谁傻逼
186635,3656,谢金,2024-01-12 08:47:04,7,7,0,谢老师是好老师！
198197,3656,谢金,2024-09-04 13:31:41,5,5,0,微机电系统，挺有用的一门课。
201847,3656,谢金,2024-11-07 02:15:50,0,0,0,是机械、电子、材料交叉的新兴方向，可以学到很多半导体微纳加工和传感器的知识，有利于以后找工作。
20374,3699,黎鑫,2016-01-27 07:52:34,0,4,4,超级棒！
21011,3699,黎鑫,2016-02-10 02:59:50,1,6,5,老师很帅，也很幽默
24527,3699,黎鑫,2016-05-01 06:13:48,0,4,4,真的不错的老师
25018,3699,黎鑫,2016-05-05 01:19:15,2,7,5,我新生之友。火钳留名。据说他的机电系统前沿n多满级哦～（我室友反正都满了）
26453,3699,黎鑫,2016-06-18 14:02:19,1,5,4,机电黎男神，赞赞
26454,3699,黎鑫,2016-06-18 14:06:27,0,4,4,棒棒棒！
28385,3699,黎鑫,2016-06-28 08:47:50,1,5,4,帅就是一切
31610,3699,黎鑫,2016-07-04 09:11:39,-3,8,11,一般般
54587,3699,黎鑫,2017-06-29 20:02:20,-1,3,4,讲课很用心
66654,3699,黎鑫,2018-01-18 03:57:35,2,4,2,一定要来上课，老师有时突然点名，缺勤直接扣十分
68424,3699,黎鑫,2018-01-23 07:42:48,-3,2,5,我们这次是由两个老师代课的。两位老师学识都很渊博，但是可能是因为我们大一的学的还不多，有点儿看不懂，可能略有乏味。但是机器人方面的知识还是令大家耳目一新的。老师给了4.8，感谢！
68425,3699,黎鑫,2018-01-23 07:49:08,-4,3,7,4.8感动中国
68441,3699,黎鑫,2018-01-23 08:12:39,-2,3,5,4.8 真的稳
68454,3699,黎鑫,2018-01-23 08:27:27,8,13,5,一定要来上课！一定一定一定！小组都4.5+组长没上四就是因为这次点名-10！点名要报学号后两位的！作业有一个小组ppt和一个个人读书报告，不看点名给分还不错
68465,3699,黎鑫,2018-01-23 08:42:44,2,3,1,稳的一p。点3次名，一定要来上课。一次小组  一份个人报告 事少
68479,3699,黎鑫,2018-01-23 09:01:05,4,4,0,水课，想要高绩点可以选，记得一定要每节课都去。不清楚这门课的意义是啥，帮学生拉绩点？
68903,3699,黎鑫,2018-01-24 05:38:02,1,1,0,水，但是给分奇高。26%能满绩。
75220,3699,黎鑫,2018-03-08 05:19:49,1,4,3,很棒棒
86998,3699,黎鑫,2018-09-20 02:06:16,2,2,0,老师头发很有型
87856,3699,黎鑫,2018-10-16 03:16:25,5,5,0,自控原理教的很棒，特别适合我这种数学底子差的渣渣。另外，老师太帅也致使上课很难走神
88142,3699,黎鑫,2018-10-23 03:23:00,2,3,1,黎男神太可爱了！
88143,3699,黎鑫,2018-10-23 03:24:58,6,6,0,太可爱了，自动控制原理棒棒哒，从此变身我男神。
89602,3699,黎鑫,2018-11-20 02:33:10,8,9,1,黎老师不教自控的第一天，想他
128165,3699,黎鑫,2020-12-09 06:14:52,0,0,0,黎老师不在自控课的第三周，想了
180141,3699,黎鑫,2023-09-20 11:15:49,1,1,0,黎老师上课从来不点名，从来不点名，从来不点名。\n\n上面留言说点名说水课的同学，应该是指大一的机电前沿导论这门课，这门课是挂黎老师的名字，其他两位老师来上的。\n\n黎老师以前给大三上自动控制，这两年据说在给大二上流体力学和热工。
193846,3699,黎鑫,2024-06-20 07:17:48,1,1,0,老师是好老师，但是这流体力学考试也太难了叭(*꒦ິ⌓꒦ີ)
119007,3706,谭建荣,2019-11-09 08:51:46,0,2,2,还不错
158922,3706,谭建荣,2022-07-03 09:58:49,0,0,0,院士嘛。。。。。牛！
84600,3917,王林翔,2018-07-13 09:30:59,0,1,1,讲课中规中矩，主要是想不通学院为什么把工程数值方法这门课开在大二，拍脑袋政策？
84624,3917,王林翔,2018-07-13 10:54:00,11,11,0,工数讲得巨难，老师有实力课不水，三次大作业压得人喘不过气，期末都没时间复习。数学不好的慎选，作为机械大二下半学期压力巨大，不建议选这个老师开的班。最后，给分真是恶心，想不明白花这么多心思做的大作业差在了哪里，私以为评分混乱，助教从不回疑问的邮件，垃圾！
93857,3917,王林翔,2019-01-14 04:33:56,1,3,2,辣鸡中的战斗机
124151,3917,王林翔,2020-06-25 15:05:50,4,6,2,虽然课讲的不怎么样 但我一学期没听最后4.2 给分可以算很不错了
175245,3917,王林翔,2023-06-22 20:08:06,1,1,0,老师水平有的，但是平时作业布置巨多，而且没有指导，需要网上查很多资料，大作业就不说了，平时的作业动不动就某部分书上全部……那要敲几十页的代码。真心不建议选这个老师。
175380,3917,王林翔,2023-06-24 10:47:50,-6,2,8,讲课讲的依托答辩，PPT也是依托答辩，作业布置的依托答辩，展示安排也是依托答辩。
183722,3917,王林翔,2023-11-29 08:00:57,8,8,0,给分还可以
201653,3917,王林翔,2024-11-05 06:43:25,3,3,0,本科生课没上过他的，但研究生课非常推荐，老师人好，不点名，给分高，不考试NICE!
105234,3928,赵亮,2019-04-10 01:52:16,15,25,10,很差劲
108827,3928,赵亮,2019-06-03 03:44:57,12,18,6,基本都是沈萌红老师在上，很差。。。真的很差，有的选千万别上
112453,3928,赵亮,2019-07-04 08:34:59,11,19,8,sb
112661,3928,赵亮,2019-07-04 23:51:24,13,17,4,来了!都是沈萌红? 在上，讲课烂给分差，千万别选!
113241,3928,赵亮,2019-07-06 02:36:04,12,21,9,老师能力是有，但还是不要来上本科生的课了
113785,3928,赵亮,2019-07-07 12:45:19,10,16,6,smh，非常差劲，上课云里雾里，完全不知道在讲什么，讲几句就扯自己以前在工厂，既然这么喜欢还教什么书，回工厂去吧，别来祸害浙大学生了。
115451,3928,赵亮,2019-07-24 15:04:35,16,20,4,傻逼沈萌红去死吧
126735,3928,赵亮,2020-10-16 13:49:29,33,46,13,傻逼老师，是真的傻逼，恶心！傻逼沈萌红赵亮！上课讲的什么样就不说了，成绩分布：90分以上  0人，80~89分 5人，70~79分 19人，60~69分 48人，60分以下 25人，你敢信？？？？最后来一句“从结果上看大家考得不好，与前几届相比有一点腿退步”？？？？？？吐了。。。🤮🤮🤮🤮🤮🤮🤮🤮🤮🤮🤮🤮🤮🤮🤮🤮🤮🤮
126756,3928,赵亮,2020-10-18 16:25:01,8,16,8,呵呵吐了
137604,3928,赵亮,2021-07-05 09:02:26,10,17,7,坑死我了
137645,3928,赵亮,2021-07-05 12:53:20,11,17,6,我好怕
137719,3928,赵亮,2021-07-05 20:00:52,8,17,9,2021.7.6  03:59 \n\n距考试还有6h31min\n\n我还不知道这门课该怎么读
137775,3928,赵亮,2021-07-06 05:46:37,11,19,8,耗子尾汁吧……………………求求让我们过啊😭
139595,3928,赵亮,2021-07-18 03:18:30,46,59,13,出分两天了，上百人的群里没一个同学谢谢老师的，老师到底是怎么样的大家心里都有数。
139651,3928,赵亮,2021-07-19 08:44:53,21,33,12,讲课不知所云，每一章节总是挑最细枝末节不重要的东西讲，涉及机械设计最核心最有意义的部分全部略过\n\n正常时候上课不到一半的人去，去的人绝大多数也就拿个平时分刷手机\n\n除了少数卷怪，身边的人都表示上了这课和没上一样\n\n给分也是离奇地低，每年挂的人都超级多\n\n大作业按照平时分给分，平时分低的就认为你是抄的，大作业一半的分都得不到。平时分高的，特别是平时喜欢舔的，看都不看就直接给满分\n\n考试的时候这人也是离谱，绕来绕去翻看别人正在写的试卷\n\n希望这门课尽早从培养方案中去除
139800,3928,赵亮,2021-07-27 17:16:29,14,26,12,期末头一次见没一个人发“谢谢老师”的课程群；钉钉上问问题会已读不回；课程安排垃圾，且没人上90；嘴上说着“这学期我要控制挂科率在5%”，实际挂科率20%+，还喜欢点名且不明说，课上搞什么小测试；很难认为他有🐎
139806,3928,赵亮,2021-07-28 05:24:44,17,26,9,傻逼东西，别祸害浙大学生了
139810,3928,赵亮,2021-07-28 05:50:07,10,19,9,你和你爸生你妈
139813,3928,赵亮,2022-02-07 00:09:18,10,44,34,1分的原因是没有0分的选项； \n\n赵亮基本上可以说是个报复社会的（S）B，一天天除了吹牛不不讲啥实在内容，自从开了一门课之后就成精了，三句话不离这破事。 海院的学生真的可怜，学着所谓的21世纪学科，就业平均薪资比不上开挖掘机也就算了，还要在这种毫无意义的课（机械设计乙）上面浪费时间，接受这种蠢币老师的压迫。 上来就直接说我们对机械原理已经很熟悉了所以不讲了，你他妈不识字是不是，老子是海洋工程与技术大二本科生，你他妈动动嘴皮子我就牛逼了是吧?那你他妈还当啥老师，直接去开辅导班啊，布置个完全不会的作业给学生，学生就牛逼了，你他妈肯定可以一本万利。 \n\n日常：“这个地方我觉得太简单了，大家自学就行，这边原理我觉得很简单，大家课下自己搞搞清楚。”最可笑的是，教材错七错八，内容一塌糊涂，老子辛辛苦苦上课，结果尼玛教材跟你上课毫不相关。问他，他他妈说什么自己上课没认真听，真她妈大言不惭。 然而最垃圾的当属期末，他他妈上课全讲边角内容你敢信？最后一周上了节复习课，结果期末尼玛几乎一点都没考到，这是人能干出来的事你敢信？说是教学大事故都不为过吧？？😅 \n\n看到这个评论的兄弟，如果你还是大一大二，赶紧转专业吧。动科、农学，哪个专业水转哪个。4年紫金港不香吗？要来这么个鸟不拉屎的小岛？腾出时间考研跑路不好吗？要在这么个毫无前途又令人秃头的学院上面耗？如果你大三了，考研准备起来，别在意这种傻逼课的绩点了，纯是坑人的。（以上建议对想要多赚点钱韭菜有效，后浪们就随意吧）
140440,3928,赵亮,2021-09-11 12:05:32,12,20,8,有钱一起赚
150623,3928,赵亮,2022-02-05 13:50:22,-29,8,37,认真学不会差
150626,3928,赵亮,2022-02-06 00:15:37,11,16,5,楼上那位典型的马后炮行为。\n\n别以为老师给你分高就一副跳梁小丑的奴才嘴脸，差不多得了😅 😅
151088,3928,赵亮,2022-02-23 02:20:27,-21,9,30,为了帮助学弟学妹，我从第一节课总结老师讲的怎么样，帮助大家更好的了解这门课。\n\n第一周第一次：讲机设涉及到的领域，讲的还是中规中矩，没什么问题；
151102,3928,赵亮,2022-02-23 04:40:20,15,23,8,果然是一个报复社会的sb，前辈们所骂不假
151458,3928,赵亮,2022-03-04 00:25:23,19,26,7,PPT写的很好啊，完全沿袭了陈秀宁老师的思路，如出一辙，一模一样
152347,3928,赵亮,2022-04-05 14:56:30,13,16,3,上课中规中矩，课程难度大，期待能顺利通过。
152348,3928,赵亮,2022-04-05 15:07:25,11,14,3,说实在的，老师上课还是可以的，结合创新，只是希望不及格率低一些。忐忑中。。。
152553,3928,赵亮,2022-04-14 12:03:59,18,19,1,课程难，希望今年过得容易一点
154399,3928,赵亮,2022-06-01 01:06:54,-13,5,18,这个学期听下来老师讲课水平是好的，可能实际设计水平很高。\n\n希望考试能像老师讲的降低难度提高分数。
155050,3928,赵亮,2022-06-08 02:37:11,17,20,3,省点力气骂，后面逆天老师多的是
155051,3928,赵亮,2022-06-08 02:37:10,9,14,5,省点力气骂，后面逆天老师多的是
156684,3928,赵亮,2022-06-20 15:10:53,6,21,15,1：今年降低难度了！！！泪目了呜呜，考前真的担心死\n\n2：强行给分，期末考试白送30分左右，一定看复习课的题目，应该不会出现像往年的挂科了1/3的人的情况了\n\n3：老师还是比较亲切的，大作业最低13，稍微有些创新就15（满分）\n\n\n\n客观评价8分左右\n\n\n\n但这门课是真T*的烦，考前最后一天，我旁边的国奖大佬在刷夜复习，我旁边的普通的上进的同学在刷夜复习，我旁边的不努力学习，但不想挂科的同学也在刷夜复习23333
158080,3928,赵亮,2022-06-27 00:45:37,-4,9,13,老师这次给分居然意外不错hh\n\n不过讲课水平确实不咋地😂
158104,3928,赵亮,2022-06-27 04:13:34,-9,12,21,这次是赵亮亲自上，应该给分是比以前沈萌红好多了。为了提高分数，期末删了一些难题，最后复习课和考前无形中也强调了很多考试中出现了的重点。个人觉得考前先看一遍书，然后可以把蓝田的选择判断题库做一下。给分是不错的，盲猜应该捞得挺猛的。老师上课中规中矩，平时没作业，大作业评分很松（CAD是自己画的无论有没有创新都基本上能满分）。点了三四次名，按他的说法好像是到了就加分，不到不扣分。老师其实人还蛮和蔼的，估计之前的评论主要都是骂沈萌红的吧。这门课有毛病，老师没啥大问题，我打9分。
158226,3928,赵亮,2022-06-27 14:35:25,-7,8,15,给分出乎意料的好，今年考试难度应该确实降低了不少，老师应该也捞了一把，平时上课也很和蔼。机械设计乙这门课确实太离谱了，短短一学期就走马观花上完了机械学院好几学期的课，好在考试不太考计算，提早复习，看看网课，得高分概率还是比较大的。
158944,3928,赵亮,2022-07-03 15:49:26,-5,12,17,看了以前评论，很担心。\n\n最后出来成绩还可以，老师还不错。
191183,3928,赵亮,2024-04-11 02:38:17,27,28,1,傻逼老师
192089,3928,赵亮,2024-05-09 03:43:01,26,26,0,纯纯傻缺
193297,3928,赵亮,2024-06-06 04:08:53,24,26,2,看看最热门的评分，然后跑！跑！跑！\n\n有多远跑多远！\n\n学弟学妹们快跑（大哭）\n\n真就是一个傻逼
193550,3928,赵亮,2024-06-13 03:08:07,52,52,0,纯纯傻逼
193554,3928,赵亮,2024-06-13 03:44:57,33,35,2,傻逼晚意
193557,3928,赵亮,2024-06-16 16:55:56,61,64,3,傻逼老师配傻逼课
193560,3928,赵亮,2024-06-13 04:34:07,44,45,1,看都不看就说大作业是抄的，我辛辛苦苦做了两周的大作业得了B
193563,3928,赵亮,2024-06-13 05:13:22,25,27,2,纯纯傻逼
193604,3928,赵亮,2024-06-13 13:27:23,30,31,1,逆了天了，平时分30期末70，平时分稍有不慎就会扣个10分，期末考试压力很大
193645,3928,赵亮,2024-06-14 10:18:36,27,28,1,纯nt，大作业的布置与检查都是nt，1+1=2你懂了吧，现在你可以造导弹了
193720,3928,赵亮,2024-06-16 11:49:08,80,85,5,复习不完来叨几句\n\n我不知道为什么要让一个上机械设计的老师来上机械设计基础然后内容一点也不改\n\n本来就是一门教考分离的课结果和隔壁考的还是不一样的\n\n那为什么要来上机械设计基础呢？是学院缺老师还是缺教室还是你缺课上？\n\n你自己知道这门课很难然后你不告诉我该怎么复习也没有参考\n\n我是大学生了我有一堆课要上，有一堆考试要准备，本来这么课内容又多又杂难道你指望我三节课全神贯注地听你讲课，然后课后不知道自己学了什么？\n\n我不care创新因为我连考试都不一定能过 难道我能在考试里写出创新性的答案？\n\n我对老师的容忍度真的很高 我一开始只觉得你事情拎不清结果是真的拎不清楚\n\n有些课可以打消人对某些事情的热情 你很成功的做到了
193792,3928,赵亮,2024-06-18 07:45:29,27,28,1,看到这么多人骂我就放心了
193971,3928,赵亮,2024-06-21 06:47:35,26,27,1,目前上过最垃圾的课
194039,3928,赵亮,2024-06-21 14:04:31,10,11,1,md，太恶心了
194184,3928,赵亮,2024-07-05 17:15:23,36,39,3,现在是七月六号一点十四分，zl私募了
194189,3928,赵亮,2024-07-06 10:53:47,-2,27,29,宁愿退课也别选他......
194207,3928,赵亮,2024-06-22 12:58:42,20,21,1,彼阳晚意
194467,3928,赵亮,2024-06-24 05:12:51,10,11,1,…………
194505,3928,赵亮,2024-06-24 07:55:21,22,23,1,每当机械复习破防就来查老师给差评点一遍赞
194509,3928,赵亮,2024-06-24 08:09:31,12,13,1,屎？！
194530,3928,赵亮,2024-06-24 14:21:23,14,15,1,zlzl，我日你妈
194556,3928,赵亮,2024-06-24 10:43:03,14,14,0,zlzl ，我日你妈
194566,3928,赵亮,2024-06-24 11:22:06,12,13,1,初升东曦
194602,3928,赵亮,2024-06-24 14:08:44,9,10,1,逆天，完全不会上课，对我们的成绩没有半点责任心。一拍脑袋临时出卷子，PPT纯纯答辩，完全无法复习。对于学生的水平没有任何认知概念，机械设计基础（甲）宁愿退课也不要选这个逆天。
194620,3928,赵亮,2024-06-24 15:54:24,11,12,1,zlzl， 我日你妈！！
194680,3928,赵亮,2024-06-25 02:44:06,159,171,12,大家都在骂，我来讲个故事吧。昔时有一位名叫远游的年轻壮士，向往大地之美，特别是那些闪烁着神奇色彩的石头。他听闻世间有一种红色石头，只在极少数地方出现，因其艳丽异常，故有“天地间赤色之宝”之称。\n\n\n\n远游心驰神往，起程踏上漫漫寻宝之路。他跋涉山川，穿越草原，历尽千辛万苦，寻觅那传说中的红色石头。岁月如梭，他终于来到了一片幽深的山谷。\n\n\n\n山谷里，有一群善良朴实的村民，以独特的方式生活。远游向他们询问红色石头的下落，村人们却只是微笑着不语，神秘而又充满耐心。他继续观察，终于发现这些村人每逢满月之夜，会携带一种普通的石头前来祭祀。\n\n\n\n远游顿时明白，这些普通的石头，经过他们特殊的烤制技艺，方能展现出令人惊叹的红色光泽。他们将石头置于火炉中，静待火焰的舞动，逐渐，石头表面冒出了微红的光芒，待火候到达极致时，那石头便如同熔化的红宝石般，放出了艳丽的光泽。\n\n\n\n村人们将这些石头用于祭祀，祈求丰收和幸福。在月光下，这些红石熠熠生辉，仿佛星辰坠落人间，美不胜收。远游见状，心驰神往，决定学习他们的技艺，并亲自动手，烤制出一块令人称奇的红色石头。\n\n\n\n历经多次尝试，终于，在一次月圆之夜，他成功地将一块普通的石头，烤制成了闪耀的红色宝石。当红光映照四野时，村人们和远游无不为之倾倒，因这石头所释放出的美丽和神奇，成为了山中最美丽的石头，壮士大惊，感叹到，照亮的烤石真是一场酣畅淋漓的赤石啊！
194682,3928,赵亮,2024-06-25 02:36:32,16,16,0,浮木寐游的东西
194684,3928,赵亮,2024-07-06 01:54:03,18,20,2,cnm
194685,3928,赵亮,2024-06-25 02:39:01,39,42,3,试卷大题直接用去年的，一个字都不带改的，两门课都不一样，作为一个老师来上一门新的课，可能tm的两门课有相似，但是直接挪用试卷你配tm的当一个老师吗？还自己单独出卷，出你妈的卷，上课不知道在讲些什么，大作业布置的是个什么东西，交大作业还一个一个上，期末占比还70分，你是人啊？平常还上课diss偷懒的同学，你tm自己不撒泡尿照照自己啊，真的服了，傻逼课遇到傻逼老师真的tm的晦气，我呸！真他妈后悔当初没退课。
194691,3928,赵亮,2024-06-25 02:42:21,38,38,0,不是你赵亮是不是傻逼啊？？？机械设计的题你直接搬过来给我们机械设计基础考，人家机械设计是他妈机械学院专业课还他妈开卷，机械设计基础是给外专业上的你脑子在哪里啊？？？复习一点重点没给，考前一直焦虑看这门课现在悬着的心还是死了，虽然我心死了但我祝愿你也早点😄
194692,3928,赵亮,2024-06-25 03:58:02,27,27,0,机械设计基础（甲），专业他妈的跟这课一点关系都没有还他妈要来学。神经病大作业就不说了，妈的考70分大题还他妈直接用机械设计（乙）的卷子，这课还他妈闭卷，你踏马知道这课就他妈3个学分吗？上课水平也不咋地，还对学生要求这么高，我TM来听课就是给你面子了好吗？\n\n\n\n他考完在钉群里发的：同学们，考完试了大家的任务就结束了。接下来老师的任务就是尽量捞，万一捞不上来就下次选课补一补。[加油]\n\n假期开心过\n\n\n\n😅😅纯纯的nt
194711,3928,赵亮,2024-06-25 04:44:29,8,10,2,傻逼傻逼傻逼傻逼傻逼傻逼傻逼傻逼傻逼傻逼傻逼傻逼傻逼傻逼傻逼傻逼傻逼傻逼傻逼傻逼傻逼傻逼傻逼傻逼傻逼傻逼傻逼傻逼傻逼傻逼傻逼傻逼傻逼傻逼傻逼傻逼傻逼傻逼傻逼傻逼傻逼傻逼傻逼傻逼傻逼傻逼傻逼
194721,3928,赵亮,2024-07-06 13:53:46,7,8,1,666
194764,3928,赵亮,2024-07-07 02:52:41,41,42,1,不会哥们绩点比他评分还低吧，直接照搬去年题的naotan，哥们真的反胃了\n\n\n\n7.7编辑，好了，哥们绩点真的比他评分低了。私募赵亮
194795,3928,赵亮,2024-06-25 12:18:44,10,10,0,课件是照搬的 卷子说独立出卷也是照搬的 重点是不讲的 设计打印机是给你打遗照给全班同学一人一张吗
195066,3928,赵亮,2024-06-26 15:42:36,13,13,0,帮舍友刷差评
195067,3928,赵亮,2024-06-26 15:44:16,14,14,0,这课啊，讲多烂才算烂啊。如果今年要评垃圾，我就投他一票。
196870,3928,赵亮,2024-07-05 17:09:44,17,19,2,现在是7月6日1点04分，刚刚看到我的机械设计基础出分了喜提3，看到同学在gc老师下的感谢老师和大夸特夸让我头一次觉得一个好的老师对于一门课，起码对于绩点来说差别有这么tm的大，我只能说，cnmdzl
196877,3928,赵亮,2024-07-05 17:17:29,23,23,0,上课上得稀碎，平时分无脑爽扣，考前复习不知所云，考试直接照抄原卷，考完虚晃一枪说老师的职责是捞学生，出分后才知道是一个纯纯的减重，上大学以来最逆天的一门课，希望后来人不要沾染一点赵亮，谨记前人忠告😅😅😅
196879,3928,赵亮,2024-07-05 17:29:52,19,19,0,现在是7.6日凌晨一点29分，zl，我抄你大坝。
196884,3928,赵亮,2024-07-05 17:50:32,19,19,0,谢谢你，假好人，我尼玛还是挂了
196887,3928,赵亮,2024-07-05 18:10:19,20,21,1,shame on zju， shame on cse，shame on cme。让赵亮这种吃史长大的苟玩意儿教书，再把自己拉的史喂给学生。这样骂他完全不足以平民愤。希望以后预置这狗东西的课的学弟学妹能团结一点，直接退，犹豫一秒都是对赵亮刀下亡魂的不敬。
196895,3928,赵亮,2024-07-05 23:31:01,10,12,2,不是我的大作业评价还行 期末考能写都写了 最后这个分数你跟我说捞人嗯？\n\n要不要你掉到水里我给你展示一下什么是正确的捞人？\n\n如果能重来 我一定咬咬牙退了选别的老师
196896,3928,赵亮,2024-07-06 00:00:48,13,13,0,hcs
196924,3928,赵亮,2024-07-06 02:34:38,7,9,2,lek sek
196930,3928,赵亮,2024-07-06 03:08:03,17,17,0,怎么把群解散了？跑路是吧？照样钉钉冲你
196934,3928,赵亮,2024-07-06 03:39:28,12,13,1,从朵朵来的
196935,3928,赵亮,2024-07-06 03:41:03,17,18,1,gc老师班前来观光（并帮刷差评^^
196948,3928,赵亮,2024-07-06 05:02:59,8,9,1,平时分给的一坨，人品极差，无视同学
196949,3928,赵亮,2024-07-06 05:04:14,11,12,1,上课自以为是，教考分离，不尊重学生劳动成果，大作业写得好就说抄的，纯纯cs
196950,3928,赵亮,2024-07-06 05:07:10,9,10,1,不怕s的上，听劝的赶紧退课，预置的更赶紧退
196975,3928,赵亮,2024-07-06 07:43:23,5,6,1,牛逼！
196977,3928,赵亮,2024-07-06 08:13:32,15,17,2,唐亮真的好老师，这辈子没见过这么好的人，鸡舍设计基础人生第一个满G，这么好的老师，建议多来几个，给了十分好评
197004,3928,赵亮,2024-07-06 13:44:39,4,5,1,每日差评不解释
197006,3928,赵亮,2024-07-06 14:28:53,2,5,3,傻比zl
197094,3928,赵亮,2024-07-07 14:38:38,6,7,1,隔壁自动化的看了院友的逆天遭遇 来给个1分
197095,3928,赵亮,2024-07-07 15:04:21,3,4,1,傻逼玩意儿
197202,3928,赵亮,2024-07-09 04:18:25,5,6,1,我是历史学家，后面的大家都知道
197243,3928,赵亮,2024-07-09 18:36:02,4,5,1,打卡刷差评
197369,3928,赵亮,2024-07-11 14:42:12,7,7,0,我怀疑zl根本不知道有査老师这个平台，以为考完光速解散群聊就善莫大焉了？\n\n授课能力为0，作业要求极高，除了PUA大话就没有一丁点能提供给学生的知识资料
197370,3928,赵亮,2024-07-11 16:13:42,10,10,0,老八：孩子们，这并不好吃
197377,3928,赵亮,2024-07-12 01:14:56,3,4,1,快跑啊
197403,3928,赵亮,2024-07-13 02:44:15,4,5,1,能跑则跑，跑不了退课。
197486,3928,赵亮,2024-07-17 01:02:52,13,13,0,伯乐也找不到他的🐴
197846,3928,赵亮,2024-08-15 14:07:44,1,3,2,"0""XOR(if(now()=sysdate()，sleep(15)，0))XOR""Z"
197851,3928,赵亮,2024-08-16 02:30:48,3,4,1,打卡到此一游
197929,3928,赵亮,2024-08-21 06:02:08,5,5,0,我们机械学院有自己的mario
198186,3928,赵亮,2024-09-04 03:48:19,3,4,1,没木了
198222,3928,赵亮,2024-09-05 08:09:06,1,3,2,热门打卡
198224,3928,赵亮,2024-09-05 08:52:48,3,4,1,。。。
198335,3928,赵亮,2024-09-08 00:38:31,3,4,1,今天选课偶然看到，再来打一遍1分。
198378,3928,赵亮,2024-09-08 09:56:04,2,2,0,这种老师为什么能留在浙大？
198400,3928,赵亮,2024-09-08 13:33:57,2,3,1,打卡\n\n仿那mai的pad，鸟墓守了
198434,3928,赵亮,2024-09-09 02:37:34,5,5,0,傻孩子们快跑
198617,3928,赵亮,2024-09-10 08:42:08,1,2,1,123
198771,3928,赵亮,2024-09-11 13:44:25,5,5,0,cccnnnmmmmm
198775,3928,赵亮,2024-09-11 14:08:11,7,7,0,ljj都1.5，你什么成分我不用说了吧
198832,3928,赵亮,2024-09-12 03:53:04,3,3,0,1分是系统的极限，不是这个cs的极限。
199885,3928,赵亮,2024-10-07 03:09:55,2,2,0,smz
199927,3928,赵亮,2024-10-08 12:38:44,16,18,2,现在是2024年10月8号，正值评奖评优之时，想到我为此门课程尽心尽力，一切努力都倒在这门课上，zl，你真该死啊，真该死啊。打卡一次
201360,3928,赵亮,2024-11-01 05:58:54,24,25,1,机械设计基础不选赵亮，就像oop不选李际军，玩游戏不玩原神，学英语不找马里奥，读四大名著不读红楼梦，说明这个人文学造诣和自我修养不足，他理解不了这种温文尔雅的初升东曦，他只能看到外表的人模狗样，参不透内在的黑暗腐化，他整个人的层次就卡在这里了，只能度过一个相对失败的人生
205178,3928,赵亮,2024-12-02 11:35:35,2,3,1,打卡刷差评
205474,3928,赵亮,2024-12-07 09:25:11,2,3,1,还没选课，先来打个1分
206228,3928,赵亮,2024-12-13 09:37:16,11,13,2,同学们好！我是赵亮老师，欢迎大家选我的机械设计基础课程，希望大家给我好评，并请忽略那些差评。请一定相信我，我的课事少分高，不会出现一门3学分的机械设计基础（甲）课程，考试是4.5学分机械设计（乙）原卷，平时作业是比1.5学分机械设计课程设计（乙）设计减速器还难的没有参考资料的千斤顶设计的情况，更不会出现别的班背背题库就能期末考保底60分，我们班背背题库连30分都拿不满的情况的，上我的机械设计基础课程，花3学分的时间，就能享受高达6学分的课程待遇，虽然分数可能比别的班低一大截 不过没关系，到时候考试结束了，大家的任务就结束了，老师到时候的任务就是尽量捞大家，让大家假期开心过，大家一定要选啊😘😘😘
206366,3928,赵亮,2024-12-14 14:50:16,5,6,1,支持楼下老师的话！大家一定要信任赵亮老师！
206740,3928,赵亮,2024-12-17 10:04:51,3,3,0,我的妈呀
206741,3928,赵亮,2024-12-17 10:06:18,3,3,0,赤石的东西，我艹你🐴
206742,3928,赵亮,2024-12-17 10:06:21,1,2,1,sbsbsbsbsbsb
206781,3928,赵亮,2024-12-17 13:51:19,0,1,1,喜提绩点0.0，感慨一下
215471,3928,赵亮,2025-02-26 12:27:06,1,1,0,屁股决定脑袋
217794,3928,赵亮,2025-04-16 13:10:43,0,0,0,wdqwdasdssssssssssssssssssss
88434,4012,祝毅,2018-10-31 02:27:33,2,5,3,感觉这老师随便拿一些自己的paper就来讲课了。\n\n上课没有总结性的东西，授课水平很一般。
100489,4012,祝毅,2019-01-26 07:55:28,1,4,3,事少，给分不错
100543,4012,祝毅,2019-01-26 09:19:22,-6,3,9,哇，一觉起来发现满了，美滋滋\n\n
119222,4012,祝毅,2019-11-11 10:29:23,5,6,1,绩杀死?
120145,4012,祝毅,2019-11-18 00:03:52,2,3,1,专业外语给的什么鬼东西
104803,4200,从飞云,2019-03-28 03:14:05,10,20,10,“如果这个班的女生被其他班追去，班长是要受处分的！”给老师点赞?！
109898,4200,从飞云,2019-06-20 05:25:40,2,4,2,助教姐姐好好看
112289,4200,从飞云,2019-07-04 00:51:01,3,4,1,语速快，讲着讲着开始满嘴跑火车。
112499,4200,从飞云,2019-07-04 14:26:17,1,6,5,很负责的老师，上课深入浅出，尊重学生，讲的重点期末基本都考了，问问题发邮件回复很及时，好老师
114016,4200,从飞云,2019-07-08 09:15:16,-3,2,5,老师不错的 给分也挺好的
127712,4200,从飞云,2020-11-26 03:07:45,11,15,4,机械设计课程设计快逃\n\n管成班一堆满绩，抄袭两天完成的人4.5\n\n从飞云班认真做两个月都只有3+的绩点屁事还多很多，要求太严格\n\nfine 是我不配
158434,4200,从飞云,2022-06-29 08:54:26,0,1,1,你是觉得记得记得就地解决
178003,4200,从飞云,2023-07-06 06:11:46,6,6,0,上课深入浅出，遇到复杂的问题就“这个你们自己理解一下”
178196,4200,从飞云,2023-07-08 01:25:11,6,22,16,老师讲课水平一般，然后很多难点都是带带过，但好像机械考研里很重要。这门课内容是很多的，个人觉得最难的应该是齿轮，一堆公式看不太明白，别的其实b站上看看视频，总结一下题目类型，写在A4纸上带进去就行（轮系要自己做做，没有什么题型总结；自由度第一题纯送分）。老师给分真不错，可能赋分过（？）（复）预习一天也够了，最后满了。
178247,4200,从飞云,2023-07-08 13:59:36,3,6,3,给分不好
189182,4200,从飞云,2024-01-22 09:22:42,3,6,3,能不能别惦记你那车了
189868,4200,从飞云,2024-01-31 14:33:06,0,2,2,老师给分感觉一般般，上课还行的
191864,4200,从飞云,2024-05-02 09:22:01,-2,0,2,csb
194896,4200,从飞云,2024-06-26 01:24:42,0,2,2,可以的
194934,4200,从飞云,2024-06-26 03:30:19,6,8,2,元神云玩家
198830,4200,从飞云,2024-09-12 03:51:13,1,2,1,老师挺好，上课不会睡着。斩获专业课第一次满绩
199250,4200,从飞云,2024-09-20 02:25:15,2,3,1,满昏！感觉非常有激情，是上大学两三年来机械工程唯一一个讲课不会让人想睡觉的老师！现在在听的这课老师就是一句话一句话往外蹦，每句的声音都是渐弱，好像有一只mosquito在飞～从飞云会点名，随机喊人点名，扣不扣分我也不清楚，大家加油！
200540,4200,从飞云,2024-10-18 11:33:49,4,4,0,OK的从飞云的课很棒很棒，太棒了，兄弟，从老师是觉得你一个机械工程学院大二的学生，你刚学完设计与制造二 就应该画出很满分的作品 我们寝室隔壁李立新班两个满绩 从飞云两个3.6卡绩 我不觉得一个不看学长作品的机械大二学生能画出符合从老师心理期望的作品 还是希望老师给分能慈悲一点 合理考虑我们的实力
200875,4200,从飞云,2024-10-24 02:11:15,2,2,0,寝室哥们破防了
213229,4200,从飞云,2025-01-16 11:48:13,1,1,0,老师讲课很有激情，连着听三节课不困，给分也还可以！
213266,4200,从飞云,2025-01-16 14:12:13,3,3,0,设计与制造三玛德分巨低
214965,4200,从飞云,2025-02-19 13:39:52,0,0,0,盐都不盐了
77780,4248,童水光,2018-05-07 17:24:33,-1,1,2,有毒，减速器也小越好，材料越差越好，你有这要求早说啊!!答辩时候才说恶心。固有频率，nmbiu~
103526,4248,童水光,2019-03-01 01:32:46,2,3,1,讲课前先练练普通话行不行
106587,4248,童水光,2019-04-28 08:10:07,-4,3,7,好好好
135455,4248,童水光,2021-05-11 03:01:59,1,2,1,狗 太狗了\n\n选他的课就是听他的助教余跃给你讲给你打分\n\n课程上完了拖两个星期才出成绩\n\n然后又他妈的改规则\n\n直接给大家伙平时成绩降低\n\n比原先的规则降了0.6个绩点\n\n傻逼才选他的课
153277,4248,童水光,2022-04-27 11:03:44,-1,5,6,助教是余跃老师。大部分时间给同学自己看书，有问题再去提问，课程不臃肿。认可鼓励同学的创新尝试。给分很高(A+ 5.0)
215441,4248,童水光,2025-02-26 06:30:33,2,2,0,上课不讲课程内容，一张PPT放一个小时大谈中美关系、世界局势、经济发展，反复说自己在清华待过，吐槽评院士，说自己不爱去参加评奖，说北方人“闲”肯定会去参加评奖balabala……
215973,4248,童水光,2025-03-08 13:14:49,1,1,0,一坨答辩，做他的研究生可能三年见不到本尊，已经两年没开组会了，都他儿子管，他儿子更是重量级。。。。反正就是一坨稀
79251,4366,王青,2018-05-29 02:00:17,0,3,3,能不能别老拿个破激光笔在黑板上乱晃
82961,4366,王青,2018-07-09 11:10:22,-9,7,16,sb……
85644,4366,王青,2018-07-24 00:21:42,3,9,6,相对而言，老师讲的还是很好的，但是课后一定要看他上课推荐的书，对面向对象的理解也会更好一点
88078,4366,王青,2018-10-22 01:22:48,-1,3,4,非常好
110314,4366,王青,2019-06-25 14:01:55,0,4,4,啊啊啊
128752,4366,王青,2020-12-25 07:02:25,-1,4,5,老师讲课很认真，讲的内容也很深入，课上认真听不水课的都能学到很多东西，推荐的书也都是很好的书！
180131,4366,王青,2023-09-20 10:50:43,-1,1,2,难得的好老师
205498,4366,王青,2024-12-08 04:38:19,-1,0,1,很好的老师～
219833,4366,王青,2025-06-08 10:16:46,-1,0,1,跟隔壁软件工程课的内容类似，然而隔壁的课都被喷烂了😄\n\n作为一门信息技术相关的课程，上课不讲代码不讲算法只讲画图...
221509,4366,王青,2025-06-24 06:05:22,0,0,0,工业软件开发技术给分很差，我一想到他说“我们上一届期末考试90分以上占20%”我就绷不住了
199639,4525,马超虹,2024-09-26 14:47:14,0,0,0,。。。
75969,4622,曹彦鹏,2018-03-23 02:36:32,-6,1,7,好老师，不解释
76541,4622,曹彦鹏,2018-04-13 06:42:15,-4,0,4,会切身考虑各同学进度而决定讲课内容的好老师。
78543,4622,曹彦鹏,2018-07-14 09:07:55,-3,1,4,卡?在88。真的难受。希望老师能了解一下三分制。就完美了
84872,4622,曹彦鹏,2018-07-14 06:48:27,-2,4,6,给分太棒了
84874,4622,曹彦鹏,2018-07-14 06:51:57,-4,2,6,因为是教matlab的所以每堂课会用自己的随机数code喊人上去回答问题，但是每次北汉上去都是老师帮我回答。\n\n刚从国外回来很有热情的一个老师，课间还和我们一起看NBA。\n\n最后给分相当好的呀，只要平时主动上去两次，平时作业和三个大作业认真做，期末考试准备一下午，最后绩点肯定可观（超出预期）。\n\n\n\n但实话说讲课不怎么样，扣一分
84876,4622,曹彦鹏,2018-07-14 07:01:07,-1,3,4,给分真的超级好
104023,4622,曹彦鹏,2019-03-10 11:41:51,-4,0,4,还不错
104024,4622,曹彦鹏,2019-03-10 11:41:51,-4,0,4,还不错
114290,4622,曹彦鹏,2019-07-09 17:23:08,8,13,5,真的不太喜欢这个老师。虽然确实认真，很努力的想搞好这个课。首先，上课鼓吹恶竞，什么必须发言不然分数不好看啦，什么去年大作业论文都是特别多页数啊这样，让人很难受。其次，语速很快，表达欲很旺盛，上着课总觉得特别着急，让如我这样成绩不太好的同学很焦虑。还有就是同学们展示，他接话抢话比谁都嗨，emmmm，感觉课确实没啥意思的。展示如果变成师生交流，又何必拉着我们一个班做观众。反正我成绩不太好我也认了，这个老师这里你恶竞一下确实给分应该还行。
114302,4622,曹彦鹏,2019-07-09 17:30:49,-10,0,10,上的曹老师的工数，讲课很有激情，也很卖力，收获挺多的，上课多发言，多做展示，大作业认真做，最后成绩会很理想的。\n\n期末考特别简单裸上也行
139513,4622,曹彦鹏,2021-07-17 00:36:18,10,10,0,自以为是
140103,4622,曹彦鹏,2021-08-25 16:12:25,-1,3,4,曹老师上课非常生动，很注重互动，每次讲到重要知识点的时候会叫同学起来回答来让同学集中注意力（主动回答有bonus）。老师自己是做图像处理和视觉的，所以课上会渗透一些这些内容。数值方法因为课时压了，考试的时候感觉很多内容课上还是没有完全覆盖做题方法，考场上时间不够，卷面成绩普遍低。不过曹老师在最后评分阶段了解到三分制后不卡绩点，最后给的92 4.8，幸运里带点遗憾，但曹老师真的是好老师，非常推荐。
140636,4622,曹彦鹏,2021-09-14 13:55:12,1,3,2,老师有上课激情，很好，但个人认为老师的上课方式存在较大问题。\n\n工程数值方法应该是一门侧重应用的课，但老师上课90%的时间都在讲原理，特别是某些公式的来龙去脉。虽然期末考试也的确只能考理论分析不能考实操，但相信“应试”并不应该成为理由，毕竟大多数同学还是想学会用Matlab的。\n\n还有一点要吐槽的是无论是课本还是课件都难以找到某个函数的具体应用代码示例，反而是函数内部代码有一大堆，可以说对新手非常不友好。相比之下C程的课本简直好到无法形容。
140868,4622,曹彦鹏,2021-09-17 03:47:53,-1,5,6,真的是个傻逼老师，你知道课程重点是什么吗？PPT都不会念，你觉得自己很有专研精神，能不能务实一点
144242,4622,曹彦鹏,2021-12-21 02:01:44,-1,1,2,hhhhhhhhhhhhh
153927,4622,曹彦鹏,2022-05-17 04:22:10,3,4,1,如果不搞恶竞应该是个不错的老师，知识点讲的挺好的，可惜课堂氛围压的人喘不过气来，恶竞太让人压抑了
175393,4622,曹彦鹏,2023-06-24 13:26:02,1,1,0,挺好的，工程数值计算的原理和过程讲得非常清楚，但是上课比较喜欢点名。非常适合我们这种自己的老师讲课不太清楚比较放羊，需要自己理解内容的选手。
76427,4756,金波,2018-04-09 03:28:37,-5,2,7,我评价的是教电机的那个金波老师。\n\n1.此老师讲课方式基本是照着课本ppt念，念完可能会拓展一些不考的内容。\n\n2.说话语气带一种轻蔑的装逼语气。\n\n3.要求贼多，上课不能看电脑，课堂纪律要按要求，对待学生像对待高中生一样\n\n4.考试写错最后过程至少扣一半分数，不管过程；结果不写单位0分；\n\n5.从3、4条可以看出来这老师要求学生都像自己想的那样干活，而不允许有自己的个性。\n\n6.老师作业布置的较少。\n\n\n\n
103826,4756,金波,2019-03-06 06:27:57,4,6,2,专业知识教的很好，但更重要的是传授了很多一个优秀工程师应该有的素养
104753,4756,金波,2019-03-27 05:21:52,0,1,1,很喜欢点名
123495,4756,金波,2020-06-09 07:04:43,1,5,4,讲课就是照本宣科而已，上课连电脑也不能开。平时也很难打交道，对学生非常蔑视，装b有一手的
153592,4756,金波,2022-05-05 10:23:06,4,6,2,上的老师的电机课，人很和善的，下课问问题也会解答（可能没get到楼上说的蔑视的感觉？）最重要的是考试范围说的很清晰，不会含含糊糊的，课后题留的都是书上题，很简单。唯二的要求就是上课不能用笔记本电脑和答题时要写单位，老师也说原因了，不让用笔记本是因为不知道打开电脑在干什么，可能在补别的课的作业，这会让老师感到不被尊重。必须写单位是因为工程上失之毫厘差之千里，希望我们不要犯这种错误。至于照本宣科，感觉是课程的原因啊，毕竟学电机给人一种学政治“是什么，为什么，怎么做”那种很规规矩矩的感觉。\n\n有件事令我很感动，就是我一直搞不懂Y△相线电压电流（其实是很蠢的问题，但就是一直搞混，惭愧惭愧）问老师的时候粗略的讲了下结果，上课时又专门讲了一遍过程，而且思路特别清晰，很细致，让人听一遍就绝对不会再弄混的那种，真的超级感谢老师！
218714,4756,金波,2025-04-29 11:11:02,1,1,0,半开卷分数也还是低啊
76293,4893,裘辿,2018-04-02 07:04:09,20,23,3,讲课超级仔细 作业点评也很仔细 很温柔的一位老师嗯！
83427,4893,裘辿,2018-07-10 09:13:46,29,34,5,做第一个评论的吧。老师给分应该还不错吧。期末考的时候没来得及做最后一题画图题。前面还有一题没做出来。以及平时两次大作业一次4分一次3分(让我画半剖结果我没画。。只给了3分)然后平时作业每次都做，错的也不少，最后以为自己甚至有挂科的可能，发现还有4.2，很感谢老师。\n\n老师上课只能说中规中矩，该讲的都讲，还喜欢穿插一些自己感兴趣的高维几何学，视频压缩技术，分形之类的知识，课外扩展的知识挺有趣的。好评
83441,4893,裘辿,2018-07-10 09:47:40,-22,5,27,自己看着办吧
83449,4893,裘辿,2018-07-10 09:59:13,-15,5,20,怎么说呢，老师的课讲的还不错，可是，工图这课还真是一点也不调分呀
83482,4893,裘辿,2018-07-10 11:29:50,20,25,5,强推裘辿(chan)老师的工图。老师很年轻！和我们有很多共同话题，平时课堂比较轻松，经常会放课外视频。作业布置也很合理，重难点部分会加大练习力度，其他时候裘老师都是尽可能给我减负！(一学期有好几周没作业呢)最后给分巨好！！！本渣期中不及格期末发挥一般，最后还有4.2~太感动了
83540,4893,裘辿,2018-07-10 14:32:43,36,41,5,老师太棒了好吗 上课很认真 而且给分很好只要你用心学 虽然老学长期末没考好 期中一般般 但是还是卡了个低位 感恩
94148,4893,裘辿,2019-01-15 10:21:29,14,15,1,超级nice的老师
94165,4893,裘辿,2019-01-15 11:58:01,10,11,1,温文尔雅
94166,4893,裘辿,2019-01-15 11:58:45,10,11,1,儒雅！
94167,4893,裘辿,2019-01-15 11:59:15,6,7,1,裘老师NB~
96457,4893,裘辿,2019-01-21 04:17:36,-13,1,14,系统测试，系统测试（请忽略本条）
105423,4893,裘辿,2019-04-12 12:04:48,15,16,1,老师上课从不点名，知识点讲解很清楚，还会讲一些有趣相关的课外知识
106672,4893,裘辿,2019-04-29 02:06:40,-31,5,36,真的差，看均绩就知道了
107834,4893,裘辿,2019-05-10 08:53:15,23,23,0,老师超级好，期中测试有道题比较难，老师放水说了解题思路，一提示我就会做啦，棒棒哒
109998,4893,裘辿,2019-06-21 03:59:15,10,10,0,儒雅有学识
111139,4893,裘辿,2019-06-30 04:48:46,9,9,0,讲课认真仔细 从不点名 可以学到很多课外知识 很不错的一位老师?
111594,4893,裘辿,2019-07-02 05:42:59,16,16,0,老师人很好的，但是我自己太菜
111636,4893,裘辿,2019-07-02 09:16:38,7,7,0,温柔的老师
114617,4893,裘辿,2019-07-11 01:05:00,20,20,0,感谢老师不挂之恩！
115472,4893,裘辿,2019-07-26 10:11:13,12,12,0,感谢老师期末花力气把我捞上来，感恩
123576,4893,裘辿,2020-06-10 08:11:01,8,8,0,可以说是很优秀的年轻老师了，不仅课讲得好，也蛮风趣的。多余时间还会给我们补充课外知识，虽然比较难理解，但是还是蛮有趣的。
125419,4893,裘辿,2020-09-08 10:34:27,3,3,0,老师人很好！
125482,4893,裘辿,2020-09-10 08:22:42,8,8,0,老师讲课很好。网课结束看见老师，就觉得更加是温文尔雅。年轻的时候应该是个很贴心细心的男孩子
125794,4893,裘辿,2020-09-14 09:53:41,8,8,0,裘老大 太爱你了
125823,4893,裘辿,2020-09-14 13:25:40,5,6,1,老师太好了太好了太好了
132388,4893,裘辿,2021-02-01 08:51:21,4,6,2,老师很温文尔雅，对学生很有耐心，对于大家不懂的地方都再三反复讲，小测看见大家都不会还会给点提示，总之很不错的一位老师了。而且本来以为会挂的自己居然被弄到了4.8+
132391,4893,裘辿,2021-02-01 08:56:10,5,5,0,老师讲课非常负责 给分也实事求是 就认真学 也不用多花什么力气 期末稍微复习一下好好考试上4完全没问题 小测比较拉跨但最后4.5还是非常感谢老师！
132392,4893,裘辿,2021-02-01 09:01:00,8,8,0,一个学期都感觉工图要挂了，小测拉胯，但期末被老师捞到了4.2。裘老师讲课细致，知识点很透彻，遇见裘老师很幸运。
132410,4893,裘辿,2021-02-01 10:52:58,8,8,0,老师真的很不错 课程进度很好 还会进行复习 最主要每次提前下课 会在钉钉回答同学的问题 最终绩点5.0 强烈推荐
132920,4893,裘辿,2021-02-05 03:17:55,6,8,2,天啊，居然满绩，感恩~~
133090,4893,裘辿,2021-02-08 02:47:55,18,18,0,从98找到这里，原来查老师还活着。。。。。感谢老师的不挂之恩，本大四学长终于可以过个好年了
136399,4893,裘辿,2021-06-17 12:13:32,9,12,3,大一春夏快结束了，特意过来给秋冬工图的裘辿老师打个满分。作业补完就行，老师态度很好，期中垃圾只写了2道题，被正太捞了一手，期末前12月转专业翘了一个月的课，考前2天复习完给了4.8，杠杠的
137545,4893,裘辿,2021-07-05 04:43:02,20,21,1,爸爸捞我55
137546,4893,裘辿,2021-07-05 04:43:02,18,18,0,爸爸捞我55
138553,4893,裘辿,2021-07-09 17:56:12,13,13,0,虽然我有多么菜，我还是给老师10分！！！（很帅呀爱了！）
138957,4893,裘辿,2021-07-12 03:22:42,27,27,0,我有一句爸爸不知当讲不当讲
138958,4893,裘辿,2021-07-12 03:24:13,23,23,0,我也有一句爸爸不知当讲不当讲
138963,4893,裘辿,2021-07-12 04:04:25,8,8,0,老师上课好可爱啊
138974,4893,裘辿,2021-07-12 05:10:25,12,12,0,本渣一学期都没好好学，期中直接不会做，本以为期末会挂掉，没想到4.2？老师给分太好了啊，裘老师yyds
139070,4893,裘辿,2021-07-12 11:39:55,7,9,2,我就是12个满绩中的一个，嘻嘻。话说裘老师好帅，上课想开小差都难~
139173,4893,裘辿,2021-07-13 06:34:41,5,7,2,很捞的
149104,4893,裘辿,2022-01-15 11:34:38,11,13,2,我也也有句爸爸不知当讲不当讲 不要怕工图天赋不够 你的努力老师会看见的！！！好好学会上4的！qc yyds！温柔谦虚的帅气年轻老师！请说谢谢裘辿老师！请说裘辿老师我爱你！
149232,4893,裘辿,2022-01-15 00:21:28,31,32,1,裘辿老师永远的神！！！\n\n\n\n论为什么工图课要选择裘老师的课:\n\n1.交作业有补交机会\n\n2.帅的不谈\n\n3.讲课咬字清晰，逻辑分明，内容连贯\n\n4.关心同学学习情况，有问必答\n\n5.马里亚纳海沟捞，班里65个同学只有一位挂科，捞的一比没问题吧\n\n以下是这学期期末考完出分后老师原话:\n\n这次期末大家都考得不错，总成绩除了一位上网课的同学外都及格了，有10%的同学得到了满绩，20%的同学90分以上，其中还有一位同学期末卷面100分，祝贺大家！[烟花][爱心]
149314,4893,裘辿,2022-01-15 05:12:00,13,14,1,感谢裘老师，满绩了，那位考100分的同学也真的是厉害！
149551,4893,裘辿,2022-01-16 02:41:03,11,12,1,老师给分太太太太太好了，真是出乎意料，而且从不点名，强烈推荐
157028,4893,裘辿,2022-06-21 15:30:50,8,9,1,真的是非常好的老师呀，讲课非常清晰，会分析每一次作业中的错误。作业有补交机会。期末还会带着大家复习整理知识点。给分也非常好鸭～真的很推荐捏！
157030,4893,裘辿,2022-06-21 15:34:51,12,13,1,工图（H）\n\n上课讲解很细致，人也超帅！\n\n真的太！捞！了！完全没想到可以拿到这个分数！\n\n虽然上课也没怎么听，作业基本靠exe抄答案(x)\n\n考前大概熟悉了基本的知识点，但卷子上的默写题还是胡写一通(x)\n\n但是给分真的难以置信！
157058,4893,裘辿,2022-06-21 19:16:28,8,10,2,选他选他就选他，只要你每次都到课作业都做复习课好好听，绩点不上4你来找我\n\n老师本身也很耐心很温柔，教学节奏非常好
157062,4893,裘辿,2022-06-21 21:02:04,8,9,1,老师真的很用心，对学生也很好，上课不仅仅是上课，更希望真的传道授业，最后给分也很好，爱死裘老师啦！
157095,4893,裘辿,2022-06-22 01:46:40,9,11,2,我只说一句，不卡绩点的老师都是好老师！
158468,4893,裘辿,2022-06-29 13:09:46,12,13,1,师强我弱了属于是
165745,4893,裘辿,2023-01-12 02:05:12,5,6,1,上qc的课你们有两个问题要问问自己：\n\n你觉得老师应该给你多少分？\n\n你如何表明我可以给你多少分？\n\n\n\n工图评分为作业18，期中时间两次小测22，期末60\n\n作业只要交了就满，除了两次大作业要看质量，还有两次补交机会\n\n期中小测有难度，可以翻书，认真学应该问题不大\n\n而且老师很捞，甚至明示会捞，不过还要看你自己认不认真学
169646,4893,裘辿,2023-02-27 08:56:28,8,9,1,真的捞了真的捞了真的捞了，泪奔。。。。。。
169647,4893,裘辿,2023-02-27 08:58:01,7,8,1,我的神！！！！！
169680,4893,裘辿,2023-02-27 10:46:21,7,8,1,考完感觉很差，还以为自己要挂掉了，没想到还上了80，裘老师yyds
170560,4893,裘辿,2023-03-06 13:24:35,11,13,2,以为会挂，结果上四。\n\n裘老师真乃义父也！
176087,4893,裘辿,2023-06-27 15:29:59,4,5,1,出分前先给老师打个十分，人真的好，从不点名，作业量很少而且到考试周几乎没有作业，讲得也清楚，有自己的一套图学描述语言体系，听明白了题目甚至可以绕过空间想象能力去求解。
177615,4893,裘辿,2023-07-04 02:29:59,3,5,2,裘辿老师yyds，我一学期都是坐前排，作业认真做，期末考试周稍微复习一下，最后92分，绩点4.8。
177637,4893,裘辿,2023-07-04 03:48:05,5,6,1,老师超级好，期末强调不要去买那些错误百出的复习宝典，为我省了好多钱，而且答疑耐心仔细，出分又很捞，满分好评啊
177805,4893,裘辿,2023-07-05 02:28:43,4,5,1,浓浓师生情，感谢qc老师
178492,4893,裘辿,2023-07-12 13:58:31,5,6,1,大四的最后一门课，终于及格了，可以毕业了，感谢老师手下留情
185354,4893,裘辿,2023-12-28 07:02:16,5,6,1,我打10分是因为满分只有10分，裘辿老师我大一最爱的老师没有之一
187577,4893,裘辿,2024-01-16 15:46:15,1,2,1,老师确实好，我也确实学不会工图\n\n一学期每次都坐第一排，一分钟不敢睡觉，结果作业还是很难做，期末看三视图头脑一片空白。可能就是命吧。\n\n有小部分难点，比如截交线相贯线这些，老师有自己的一套方式描述。对没有空间想象能力的人很友好，可以多对一点点。\n\n最后3.3过了！感恩
188016,4893,裘辿,2024-01-18 03:57:02,-1,2,3,qc老师我的神！\n\n先说下我的情况吧，我工图老师上的课除了两次随堂测验基本没去过，老师也不点名，一节课没听过，作业全是照着答案画的，两次测验就只做出来一题，期末考前照着98上的工图复习讲义速通了后面零件图之类的的小知识点，考试时只做出来零件图，其他一概不会但是尽力乱画了，然后被捞及格了。大爱qc老师啊哈哈哈哈哈哈
188033,4893,裘辿,2024-01-18 05:00:47,3,4,1,这学期好不容易才补选进裘老师的课，事实证明太明智了，因为最后刚好是60分，感谢老师海底捞
193657,4893,裘辿,2024-06-14 13:12:31,2,3,1,插个锚点，先一个10分奉上，待我期末出分，如若不挂，当奉为义父
195467,4893,裘辿,2024-06-28 07:25:56,0,0,0,老师太好了吧，期中测试可以开卷，期末公布平时成绩后还可以补交作业，而且给分很捞的
200019,4893,裘辿,2024-10-11 05:19:11,1,2,1,保研成功之后回来感谢一下老师，我们学院要求前三年修完所有必修课才能保研，要不是老师把我汽修了三次的工图在第四次捞到了69分，我就没书读了。真的很感谢他。
205895,4893,裘辿,2024-12-12 13:43:27,0,0,0,高维空间的视频存在误导
206816,4893,裘辿,2024-12-17 16:33:32,0,0,0,绝好啊
207939,4893,裘辿,2024-12-25 04:03:34,1,1,0,有一次作业没写名字被算了没交，和老师说明情况后把作业分补了上去\n\n这必须十分啊🥰
208680,4893,裘辿,2024-12-30 18:17:23,3,3,0,不点名，讲课蛮不错的，而且期末海底捞
210552,4893,裘辿,2025-01-09 10:37:26,3,3,0,可惜查老师最高只能打10分，我想给qc老师打100分！！！
210610,4893,裘辿,2025-01-09 12:22:45,3,3,0,真的好老师，伟大，无需多言。\n\n期末海底捞，班中百分之三十90分以上，这还是因为这是学校要求的上限。\n\n上课超级好，完全可以用老师的PPT来学，不怎么需要书本。工图就冲裘辿老师，绝不会后悔的
210634,4893,裘辿,2025-01-09 13:32:21,0,0,0,老师很帅，课上得也很好。而且会捞人！！
210992,4893,裘辿,2025-01-10 09:42:13,4,4,0,从不点名😍信息基本秒回而会耐心回你好几句!\n\n工图一学期课没去作业也没交，一直到平时分出分之后补交的作业拍给老师😄最后没挂，愿拜为义父!!!\n\n老师很温柔也很讲道理，不管是想混的还是想学的都强烈建议!!\n\n目前遇见的最好的老师!
220499,4893,裘辿,2025-06-18 09:14:05,5,5,0,老师真的超级棒，选上的偷偷高兴吧。进入大学以来难得遇到这么温柔的老师。\n\n考勤上平时从来不会点名；作业上老师也直接表示如果没交下一次课再交就行了，所以有些人是最后一起交的（还是不太建议）；期中会有两次小测，难度还算正常。\n\n平时有问题的话，钉钉上老师都是秒回（有次我23点找老师都是秒回），并且很耐心的解答。\n\n工图这门课本身就比较硬核，所以会导致很多同学学起来体验不是很好，但是老师从来不会为难学生，都是为了学生着想，能捞尽捞，避免挂科。工图想要取得好的成绩还是平时要下功夫，但是老师的过程性考核真的非常轻松。\n\n神中神，伟大！！！给裘老师点赞👍😍
220522,4893,裘辿,2025-06-18 11:12:17,2,2,0,爹！！！！！
220565,4893,裘辿,2025-06-18 14:02:03,2,2,0,义父！！！
220568,4893,裘辿,2025-06-18 14:14:12,1,1,0,这学期最幸运的事就是选到了裘老师的课，平时作业可以补交，上课条理清晰，虽然小测考得不好，但期末海底捞，最后还是上了90，感恩，裘老大yyds
220607,4893,裘辿,2025-06-19 01:35:27,2,2,0,老师太棒了
220679,4893,裘辿,2025-06-19 07:45:39,2,2,0,给分好，讲的好，人很好！\n\n一个字：冲！！！
221571,4893,裘辿,2025-06-24 14:19:58,0,0,0,伟大无需多言。古希腊掌握海底捞的神。。\n\n别说工图，放眼全zju都没他这么捞的老师。（我们班103人10个满绩什么水平！）\n\n老师上课讲得也特别好，非常细致（声音也好听~）个人觉得听他的课是一种享受！工图这么抽象的课，他都能讲得非常条理清晰。\n\n另：老师非常朴素，是我见过的唯一一个和同学一起骑自行车上下班的老师（从人民中来到人民中去？）\n\n大一下惨淡的绩点中唯一能看的成绩了……谢谢捞神
151959,5288,杨世锡,2022-03-22 00:31:01,1,7,6,好，针不戳
152242,5288,杨世锡,2022-03-31 06:36:30,3,7,4,绝世好老师
152375,5288,杨世锡,2022-04-07 05:37:22,0,4,4,绝世好男人
152847,5288,杨世锡,2022-04-20 13:41:07,-5,4,9,给分可以
153884,5288,杨世锡,2022-05-15 13:16:51,0,2,2,。。。
172818,5288,杨世锡,2023-05-08 02:00:03,0,5,5,讲课很烂，给分很差，避雷
174401,5288,杨世锡,2023-06-12 02:17:34,2,4,2,好老师，很有学问
191313,5288,杨世锡,2024-04-17 11:36:48,-1,3,4,好老师，讲课有意思，脾气好
191608,5288,杨世锡,2024-04-25 23:31:45,0,2,2,给分不好，讲课也很混乱
191648,5288,杨世锡,2024-04-26 15:04:19,0,2,2,给分不好，慎选
191716,5288,杨世锡,2024-04-29 03:19:51,2,8,6,我是真的无语住了呀，他除了线下和蔼以外一无是处\n\n讲课对考试毫无帮助\n\n考试前钉钉问了一个问题过了四天考完后才回\n\n给分依托答辩，隔壁班一半满了我们班一个都没有\n\n我是真tmd想冲他办公室里，但是他个人主页还在玉泉\n\n人麻了，真别选他，纯纯勾世
191875,5288,杨世锡,2024-05-03 03:23:28,-1,1,2,出生老师，纯纯祸害学生。
191948,5288,杨世锡,2024-05-06 04:40:53,3,3,0,人挺和蔼的 除了讲课混乱 对于考试帮助不大 钉钉问问题六天后才回 给分一般 人很忙 对于上这门课不太上心外确是没啥缺点 绩点方面 菜是原罪 现在还是只能怪自己又菜又不爱听课还不会自学了QAQ
192342,5288,杨世锡,2024-05-17 11:04:15,8,10,2,lk不要鸡眼，没给你评4.8就给老师打低分？\n\n什么人啊。\n\n老师辛辛苦苦教书育人，哪怕教的没那么好那也是认真在教，你倒好，不仅自己因一点小事就打低分，还撺掇别人来给老师刷差评。自己水平不够，还怪别人？\n\n干脆你和所有老师都battle一遍，觉得不好的全刷1分得了
218654,5288,杨世锡,2025-04-28 10:26:48,0,0,0,经常点名 纸质！！！\n\n讲得又烂 给分又差\n\n上了一节课就润了
128908,5393,马梁,2020-12-26 16:10:01,10,12,2,老师课程准备很认真！！！对同学们也很好，我们是第一次他教的学生，感觉很亲近。但是这门课本身就很。。。知识量比较大，所以上课一时间接受不了也正常
129364,5393,马梁,2021-01-04 15:18:55,6,7,1,老师讲课时很快，基本上每节课会复习上一节课，老师给分很好，不过作业会打分🤔
159588,5393,马梁,2022-08-21 03:39:39,4,5,1,老师讲的太棒啦
161407,5393,马梁,2022-11-06 11:44:07,1,1,0,老师捞捞我呜呜呜
161503,5393,马梁,2022-11-08 02:05:12,6,6,0,平时基本不点名，只是会亲自发作业，但是就算发的时候人不在也不会记名字，作业批改很认真，讲课也很精彩，最后一节复习课干货满满，对待同学提问也很负责，经常半夜还在解答同学问题。唯一遗憾的就是听说老师未来可能不教工程材料了，蛮遗憾的。大爱马梁老师！
161886,5393,马梁,2022-11-15 00:32:21,3,3,0,刚出分，直接怒刷一波好评👍👍👍\n\n马老师你是我的神!\n\n谁不喜欢帅气，热爱教学，关爱学生，爱水98，给分还贼好的老师呢
161909,5393,马梁,2022-11-15 02:45:16,4,4,0,出分了特地来给老师点赞！工程材料这门课本身偏背诵，但老师依然十分认真的备课，机械的好老师。
166999,5393,马梁,2023-01-14 14:02:59,2,2,0,太多优点了，适合年轻人的好老师（98往年十大上还能找到马老师的帅照
169341,5393,马梁,2023-02-25 12:50:14,1,1,0,跟着马老师做过毕设，老师很负责，又很友善，研究的内容也很有意思。可惜后面没有继续跟着读研
183226,5393,马梁,2023-11-23 02:45:46,1,1,0,就光这给分已经值10分了
199980,5393,马梁,2024-10-10 06:07:33,13,13,0,好老师。但是为什么每节课都带瓶脉动来喝
202144,5393,马梁,2024-11-10 04:38:06,0,1,1,贡菜考试脉动起手，马老师一定要捞啊啊啊啊！
202145,5393,马梁,2024-11-10 04:38:06,0,1,1,贡菜考试脉动起手，马老师一定要捞啊啊啊啊！
202502,5393,马梁,2024-11-13 02:31:54,4,4,0,超级好的老师，不论是上课还是给分！！！只要上课把老师重点强调的知识掌握，抽两天复习一下上90不是很困难😀
202672,5393,马梁,2024-11-13 22:58:05,1,1,0,伟大，无需多言
203845,5393,马梁,2024-11-21 13:12:35,6,6,0,到浙大以来最好的老师之一，可以与和李凌丰老师相提并论了
202239,5545,张军辉,2024-11-11 03:27:33,6,12,6,傻逼一个
204430,5545,张军辉,2024-11-26 01:34:40,8,9,1,上课是真讲不明白
206973,5545,张军辉,2024-12-19 02:14:09,7,7,0,老师是新老师，讲得真的不太行
208228,5545,张军辉,2024-12-26 08:38:39,6,7,1,我觉得助教gg最后复习课讲的特别好，感觉比老师讲的清楚（超小声）
212444,5545,张军辉,2025-01-14 04:13:54,1,2,1,给分真心不错
212447,5545,张军辉,2025-01-14 04:19:37,1,2,1,给分感觉还行？
212448,5545,张军辉,2025-01-14 04:19:37,0,1,1,给分感觉还行？
213057,5545,张军辉,2025-01-16 01:55:35,-1,0,1,不赖😋
125644,5608,陈远流,2020-09-12 14:04:57,8,14,6,现代机械系统动力学。考试本身题目都是套路题，可打印A4纸。虽然是网课，还是能感受到老师的上课热情。这种课还是要靠考前刷题……
125785,5608,陈远流,2020-09-14 08:35:24,2,9,7,老师真的帅，全寝室都是他的迷妹，声音好听人也好。就是感觉给分没有特别高orz
128389,5608,陈远流,2020-12-22 02:59:29,7,13,6,参加完培训，放弃日本教职于2018年回国工作的机械工程学院青年教师陈远流如是写道：“我们重走浙大西迁办学之路，感悟到的是一种在国家忧患危难之际，守护和传承民族文化命脉的家国情怀；探求到的是一种不管社会风云如何变化，只问是非、不计利害、求是创新的科学精神；追寻到的是一种回归本分、教书育人、为社会树立前进灯塔的大学价值。”至今，学校已面向新入职教师、海归教师等开展了5期追寻西迁足迹专题培训班，近150位教师参训。\n\nhttps://mp.weixin.qq.com/s/5tkBq97UBGba5HHIFnffhQ
137729,5608,陈远流,2021-07-06 01:51:31,11,17,6,老师超帅
218848,5608,陈远流,2025-05-08 06:52:38,0,0,0,老师真的帅 讲课不错
218872,5608,陈远流,2025-05-10 05:48:51,0,0,0,帅帅帅
219026,5608,陈远流,2025-05-19 08:20:38,0,0,0,帅帅帅
151239,5619,杨赓,2022-02-25 07:29:59,0,5,5,第一次上课 讲的挺好的 给分再观望一波
200454,5619,杨赓,2024-10-17 07:14:33,0,0,0,讲课真不错，可惜是期中考前讲几次课，都没什么人听
178594,5710,童哲铭,2023-07-16 04:54:49,21,30,9,以前喜欢拖ddl的学生变成了老师。。早八的课基本都要迟到，快20天了还不出分，隔壁班一周前就出分了。先评论，出完分再来修改。
192526,5710,童哲铭,2024-05-23 03:40:54,4,7,3,不理解为什么要花这么长时间讲一些没用的东西
221804,5710,童哲铭,2025-06-26 10:37:21,2,2,0,不出分干嘛呢
197704,5734,陈燕虎,2024-08-01 07:46:00,5,12,7,有研究生友人吗，我想问一下这个老师，可以有偿
217237,5734,陈燕虎,2025-04-06 03:18:34,1,2,1,为什么学院要安排一个科研任务很重研究很忙的老师来上本科生的课程
217288,5734,陈燕虎,2025-04-07 14:07:33,1,2,1,钉钉群消息是不看的 答辩要求是不发的 课是经常在海上工作找别的老师代课的
217451,5734,陈燕虎,2025-04-10 13:43:53,1,1,0,不点名
218895,5734,陈燕虎,2025-05-12 02:28:34,0,0,0,给分不差，但是是随机乱给的
162245,5752,林志伟,2022-11-18 07:36:41,5,5,0,老师很好
183834,5752,林志伟,2023-12-01 02:29:03,1,1,0,阿伟太好了😭
199638,5752,林志伟,2024-09-26 14:46:40,0,0,0,。。。
202654,5752,林志伟,2024-11-13 15:43:39,0,0,0,阿志真的好好好好！选他！
202823,5752,林志伟,2024-11-14 14:42:23,0,0,0,伟神！！
218801,5752,林志伟,2025-05-06 06:32:33,0,0,0,讲得太细了无敌
171574,5786,杨克己,2023-03-29 06:34:51,0,1,1,很失望的
181062,5786,杨克己,2023-10-07 05:08:39,1,1,0,老师课讲得很好
125436,5859,胡伟飞,2020-09-09 02:13:21,-9,7,16,老师人很好，给分也很nice
128843,5859,胡伟飞,2020-12-26 02:21:30,36,46,10,建议学弟学妹找导师的时候要慎重，老胡没有时间观念而且很push。。。
129276,5859,胡伟飞,2021-01-03 07:23:55,-15,5,20,非常好
141165,5859,胡伟飞,2021-09-25 09:26:32,-23,4,27,老师非常nice，指导很细心，科研实力很强
141239,5859,胡伟飞,2021-09-28 03:59:15,16,18,2,人工智能这门课太水了，照着ppt念，知识密度极低，这三分是给负责任的助教学长
141386,5859,胡伟飞,2021-10-05 06:03:29,17,17,0,人工智能，找的吴恩达的ppt，效果不如自己看网课，上课一定要点人回答问题，还喜欢不讲清楚让我们下课自己想，布置作业的时候没数
142951,5859,胡伟飞,2021-11-17 23:47:06,-14,4,18,可能对大佬来说这课很水，但是对于我这种菜狗真的很有帮助，之前机器学习，图像处理什么的完全没接触，刚开始上课都听不懂(主要是英语太差），后来慢慢跟上了，发现讲的知识很基础，用心理解也不会太难，上课提问的话大概平均每节课两次，一个关于课堂知识，一个是思政教育，答不上又没什么关系，答上了老师加点平时分何乐而不为呢，讲工程应用的时候很像科普，对于理解机械这门学科实际应用很有帮助。最最重要的是，老师很注重课堂反馈，我下课跟老师说这课有点难我不理解，老师就把难度降低了，对不起楼上各位大佬，是我拖低了整体教学难度orz，最难的project当时我没做出来，期末80多分，已经很惊喜了，还没有考试，我称之为秋学期救星，我冬学期跨专业模块选了个机器视觉，正好衔接上，如果我没上这个课，我可能还是个只会退课的菜狗。
144982,5859,胡伟飞,2021-12-26 07:47:04,10,11,1,辣鸡中的战斗机
154109,5859,胡伟飞,2022-05-23 09:23:56,9,10,1,鉴定为纯纯的牛马
157152,5859,胡伟飞,2022-06-22 05:27:45,7,7,0,备课很不认真
171741,5859,胡伟飞,2023-04-04 00:15:43,6,6,0,为什么没有0分
175441,5859,胡伟飞,2023-06-25 02:41:14,8,10,2,强烈建议学弟学妹避开老胡，不然会变得不幸。PUA学生，并给学生画饼；说自己每天很忙，结果就是忙着实验室巡逻，抓不在的学生；时间观念很差，组会基本每次都迟到；记忆力很差，前一天派学生出差，结果第二天问学生怎么不在实验室…以上仅为冰山一角，还望学弟学妹慎重
181508,5859,胡伟飞,2023-10-19 13:14:00,1,2,1,自我感觉良好，认为自己的课件比吴恩达要好很多。说实话这是第一个我听到说吴恩达的课难懂又深奥的，怕不是唐完了
199497,5859,胡伟飞,2024-09-24 14:02:22,2,2,0,慎选，快跑
200195,5859,胡伟飞,2024-10-15 00:45:00,0,0,0,跑就完了，别回头
202995,5859,胡伟飞,2024-11-15 17:04:41,3,3,0,课堂公式有点难理解，但是老师讲的比较细致，收获很多。\n\n老师对作业量有点把握不准，老是想布置，但都被助教拦了下来。\n\n10分表白助教~o(〃'▽'〃)o
203005,5859,胡伟飞,2024-11-16 00:04:59,1,1,0,不来上课就不会被点到。、、
209512,5859,胡伟飞,2025-01-06 06:57:33,0,0,0,人工智能给分还可以
143126,5923,王峰,2021-11-19 10:13:25,2,5,3,课讲得很清晰，人也很不错！
143127,5923,王峰,2021-11-19 10:14:12,2,2,0,楼上说的对！百年难遇的好老师，快选快选
143974,5923,王峰,2021-12-15 01:37:34,0,1,1,感觉横向对比课讲的还行。本身这门课有课上不讲重点的传统。但是不知道为啥一直不传录播，有时候三两句带过的ppt笔记根本记不下来。
209710,5923,王峰,2025-01-06 19:37:56,3,3,0,期末深夜补天人来给个好评，一开始没多想，智云只有王老师的收音是最清晰的，所以一直在线上跟进。上到后面发现老师讲的还是很清晰的，重点分明，不错不错！
213220,5923,王峰,2025-01-16 11:43:46,2,2,0,老师讲课很清晰，给分也不错！
141004,6227,顾复,2021-09-21 01:48:54,10,10,0,最喜欢小顾老师
141577,6227,顾复,2021-10-15 05:29:59,1,3,2,工程师学院在职研。\n\n目前上了第一节课，老师说平时无作业，最后会有考试不过会划重点。上课风格还是比较风趣的，喜欢联系时事，以及一些历史典故。第一印象不错，可打8分。
162204,6227,顾复,2022-11-17 15:57:40,1,1,0,很好的老师
162205,6227,顾复,2022-11-17 16:08:46,2,2,0,顾老师说话又有趣，上课又好听。好顶赞👍🏻
162682,6227,顾复,2022-12-04 02:30:35,2,2,0,老师知道我们想要什么～
163208,6227,顾复,2022-12-10 01:49:32,0,1,1,老师人不错，好说话，人也帅，知识面也很广，但是上课是真的一言难尽，说的东西都是一带而过，没有顾及学生能不能吸收，只能勉强打个及格分
168424,6227,顾复,2023-02-16 03:05:31,2,2,0,人不错，不点名，讲课内容比较水，需水课的可考虑，总体8分。
173283,6227,顾复,2023-05-17 14:11:07,0,0,0,顾老师给我们上课，非常好，知识渊博，讲课很有吸引力！还讲到牛顿和南海股票。对投资有自身独到的理解！
190727,6227,顾复,2024-03-16 07:18:39,0,0,0,老师人好
201420,6227,顾复,2024-11-02 10:32:49,0,0,0,超级好ദ്ദി(˵ •̀ ᴗ - ˵ ) ✧
217508,6227,顾复,2025-04-12 02:09:05,0,0,0,顾老师导师抢手热门人选，且选且珍惜
143023,6410,孙磊,2021-11-18 08:45:23,1,1,0,好老师，帮我调车
151667,6410,孙磊,2022-03-11 01:08:31,1,1,0,工训“机电”模块的老师\n\n人超好，感觉懂的好多！
155774,6410,孙磊,2022-06-16 01:44:28,1,1,0,孙老师人超级好，vx发给他消息秒回；自身水平很高，整个智能物流小车赛课一体化框架好像都是他自己搭建的；对积极的同学很好，很开心看到我们主动来学习，会时不时从办公室跑出来看看我们，总之，吹爆孙老师，超级有责任心！！！
123628,6549,胡罗克,2020-06-10 14:33:19,1,1,0,胡老师是都说不清楚，口音很重，平仄不分，前后鼻音不分，听着累。胡老师喜欢吹自己在Cambridge读书的事情，但我查了ZJU的网站，发现他本硕是在浙工大，博士才来了ZJU。他就是去了剑桥旅游了，就自称是剑桥大学毕业的了，还能这样吹嘘，我也算是长见识了。胡罗克老师的胡子太难看了，希望他能整理一下仪容仪表，打扮的和个赤佬一样。侬要点脸好伐？胡老师喜欢吹嘘西方优越于我国，这个政治观点我实在不能苟同。上课不讲知识，尽可能的输出自己的政治观点，有点可恶。希望胡老师能去英国群体免疫一下，测测自己的免疫力。建议胡老师买香体露，狐臭的味道太感人了。
123629,6549,胡罗克,2020-06-10 14:41:09,1,1,0,希望胡老师不要总讲黄色段子，我们女生觉得很不礼貌，真的不幽默。还有您的大男子主义希望有所改变，对女性可以给予尊重。不否认您身为男性做出了一些成就，但是在这个领域也有许多女性学者有比你更高的成就，在你挖苦我们的时候也想一想她们，您是否能达到了她们的成就？希望您能有所改变。
124748,6549,胡罗克,2020-07-07 21:06:12,1,1,0,胡老师点名能要点规则吗？只点男生的名字，不点女生的名字。班上本来女生就少，加起来不到5个人，可那天就来了1个女生，你还是不点女生的名，男生到是点全了，你这样厚此薄彼真的好吗？
171994,7139,张超,2023-04-17 00:08:19,6,11,5,垃圾顶级中的垃圾PPT十分的简陋，上课拿作业题拼命叫人上去写，浪费时间水时间水个两三节课，该讲的东西什么都没讲到，一坨狗屎作业也不改，也不讲答案，也不给PPT跟坨屎一样，讲的跟坨屎一样，还天天让yx给他咬
172933,7139,张超,2023-05-10 04:04:45,2,4,2,垃圾，不会真以为自己上课上的很好吧，发消息问问题已读不回，上课问问题答非所问，不会这门课上什么东西
173292,7139,张超,2023-05-18 02:28:16,4,6,2,我说的是机械的这个，srtp是我们导师，屁事不干，没任何指导，上课讲的稀烂，给分稀烂
190752,7139,张超,2024-03-17 17:12:02,4,5,1,在浙遇到的最差劲的老师，上课PPT做的还不如其他课同学小组展示，低级错误频出，稀里糊涂。讲话也嘴巴老是拌蒜，完全没有足够的语言表达能力。课堂动不动让同学上来写，浪费时间。敷衍，真敷衍！写到此处真的气愤又无奈。
192322,7139,张超,2024-05-15 04:04:49,3,3,0,讲课水平低，系统动力学求解过程是一点不讲，每节课让人上讲台上受力分析......老师好像自己也抓不准课程内容及关键 后两节课课堂都是在水时间 课程体验糟糕
198187,7139,张超,2024-09-04 03:57:12,1,3,2,机械张超，大傻逼一个，开学前三天鸽掉已经联系好半年的学生，也不推荐给其他课题组，研究生选导避雷
217536,7139,张超,2025-04-12 13:55:23,2,2,0,作业是不批的，习题答案是建完模型不解的，上课是念PPT的，PPT是错的，a+b是等于b+a的😁
219870,7139,张超,2025-06-09 10:17:29,1,1,0,垃圾狗比玩意，自己啥几把都不会，到处白嫖论文，傻逼狗死全家吧
202174,7330,张斌,2024-11-10 10:46:50,-5,2,7,可爱捏
202360,7330,张斌,2024-11-12 04:16:46,15,15,0,史。。。
202422,7330,张斌,2024-11-12 14:18:24,9,9,0,最后给的什么逆天分数？感觉学得已经很精通了，刷了很多题，多各个题型都很了解了
202854,7330,张斌,2024-11-15 02:12:58,4,4,0,讲课还算清楚，但是给分应该比较严，不怎么捞（感觉）。老师有时候会去参加重要会议然后调课，把一周的课换到周六一上午或者周四一晚上（五节课）
203734,7330,张斌,2024-11-21 01:16:03,5,5,0,不点名 但这给分 纯纯逆天。至于上课 感觉讲不清楚
208864,7330,张斌,2025-01-02 16:11:05,1,1,0,给分史
215562,7330,张斌,2025-02-28 08:46:58,1,1,0,给分真不行
217289,7330,张斌,2025-04-07 14:08:53,1,1,0,依托。。
218478,7330,张斌,2025-04-24 03:19:37,1,1,0,答辩 给分真逆天了
221116,7330,张斌,2025-06-21 10:17:41,0,0,0,便便便便
134700,8047,胡松钰,2021-04-10 11:41:47,0,21,21,优秀德育导师 | 工程师学院胡松钰：潜移浸入，点滴默化，以德育人\n\nhttps://mp.weixin.qq.com/s/IgB73PCD1wcrv_TPeifMdg
200200,8231,陶凯,2024-10-15 00:54:20,5,6,1,应该是机械学院的新老师？上的是设计与制造I，还没上完，先来评分。感觉老师还可以，挺和善，也好说话。课堂体验在机械学院的课里算挺不错的了，如果后面不瞎搞应该是机械学院少有的高分老师。
206277,8231,陶凯,2024-12-13 13:11:47,0,0,0,陶老师人特别好！很乐意和跟同学交流，很谦虚，很和善，很关心和帮助学生。给分怎么样暂时还不知道，但是先给陶老师打个十分！
207706,8231,陶凯,2024-12-24 03:01:21,0,0,0,这个学期还没有结束不知道给分如何，但是就一个学期的上课体验来讲是我在浙大最好的一门课程（抛开课程内容），陶老师会在每次上课前一天在钉群里发消息提醒大家来上课，“早八不易，同学们克服一下...”“最近寒潮来袭，同学们注意多加保暖...”诸如此类，十分暖心。甚至有次原本想点名，看到教室里人来少了就又不点名了。\n\n有幸能与陶老师线下交流，陶老师为人十分和善，丝毫没有架子，愿意分享经验与知识。\n\n总之是个十分亲民的老师。
208859,8231,陶凯,2025-01-02 15:22:00,0,0,0,好老师，先来请一波
209247,8231,陶凯,2025-01-05 07:45:17,1,1,0,老师人很好，这学期有两节课要出差，居然还打电话问了同学的有空时间（虽然我在上课没接到），也在群里发起投票了。是我工科课遇到的跟同学交流最多的老师。就是上课感觉有点像念经，讲课的时候不会顺便讲讲考试重点，不过设计与制造这课也本来就这样了
211163,8231,陶凯,2025-01-11 02:58:37,3,3,0,一学期点两次名，一次大作业，上课准备的挺多，其实照着PPT念，非常无聊，期末了还得自己看教材（卷子出的不忍直视）
212680,8231,陶凯,2025-01-14 12:32:42,0,1,1,给分超级烂，讲课不清晰
172504,8259,管凯敏,2023-04-28 05:52:11,1,2,1,不知所云
205497,8259,管凯敏,2024-12-08 04:32:44,-1,0,1,测试实验。。。。。。。
213242,8259,管凯敏,2025-01-16 12:06:23,-1,0,1,😣😣😣😣
160729,8850,沈奇泰松,2022-10-08 01:24:29,0,1,1,架子很大，和他见面需要提前预约
160730,8850,沈奇泰松,2022-10-08 01:30:06,0,0,0,dddd
171753,8850,沈奇泰松,2023-04-04 03:54:59,0,0,0,sss
172960,8850,沈奇泰松,2023-05-10 11:27:22,0,0,0,沈老师还是不错的
160008,9036,韩冬,2022-09-11 12:53:43,-1,2,3,老师上课很有趣
174662,9036,韩冬,2023-06-15 07:16:38,17,17,0,设计与制造二代课讲的依托答辩😅蜗轮蜗杆旋向相同还是相反都搞不清楚😅
174798,9036,韩冬,2023-06-18 07:02:46,30,35,5,21机械韩冬彻底疯狂！
184064,9036,韩冬,2023-12-07 13:03:58,5,5,0,实话实说，老师本身水平挺高的，但是上课也是真的挺差的，不管是设计与制造2还是液压传动
190466,9036,韩冬,2024-03-05 04:21:29,3,3,0,设计制造2讲的真的是依托答辩
191149,9036,韩冬,2024-04-09 02:55:48,6,6,0,讲课一坨
192569,9036,韩冬,2024-05-24 03:06:03,2,2,0,一坨屎
193377,9036,韩冬,2024-06-08 03:30:06,2,2,0,学术黑洞
196153,9036,韩冬,2024-07-02 01:34:02,2,2,0,💩不会讲可以不讲
196502,9036,韩冬,2024-07-04 00:26:19,1,2,1,出分很慢，讲课一坨，但给分好像还不错
216560,9036,韩冬,2025-03-18 12:23:33,4,4,0,就讲课能力而言，稍弱于周勇光老师与李际军老师
216855,9036,韩冬,2025-03-27 06:15:16,4,4,0,一言难尽\n\n提前上课\n\n讲得一坨\n\n中间五分钟还不休息\n\n纸质签到还偷偷摸摸的\n\n生怕到课的人知道嘛
221578,9036,韩冬,2025-06-24 15:20:21,0,0,0,你是人类啊出这么难的卷子还不捞
192290,9039,王柏村,2024-05-14 03:19:51,11,12,1,选的智能制造系统。都大三的课了，节节课点名，节节课抽人回答问题，讲的内容还是毫无意义的水货，考核就是考背诵。披着专业选修课的无营养辣鸡通识课。
192654,9039,王柏村,2024-05-27 03:30:52,15,17,2,请让我尊称他一声柏村先生。首先，上这个老师的课迟到不算到，人前一套人后一套。之前因为课前点了杯奶茶，工作人员做的有点慢耽误了五分钟，恰巧被这位优秀的老师点到。课后上去跟老师解释，一脸屎相十分不耐烦，说好了好了知道了于是结束，也不知道有没有改名单。后来我观察过这个老师，但凡是迟到的他从不改名单，先是跟同学说我知道了遂无下文。迟到的同学全被记为未到（室友特地看过名单）。其次，上课点人起来回答问题，没回答出来或者回答不完整按他的说法“等一下，我要记录一下”。很好奇他点名纸是怎么记录的，应该在平时成绩占据不少地位，反正我每节课前都挺慌的。第三，可能小脑有点问题，理直气壮拖课架子大。拖课十五分钟有同学好心提醒“老师已经下课了”，结果敬业的柏村来了句“我知道下课了啊，下课了怎么了？下课就不能讲了？你以为我没点数吗？”好好好，你tm是真有逼数。然后跟了句“你看本身我快讲完了，被你这么一打断又要再晚几分钟”。全班遂大笑。第四，鼓励恶性内卷。布置了一次字数1800的报告作业，就是了解一下课程上讲过的一些技术。作业反馈时他提到了两个人。一位大佬对所学什么深度学习迁移学习进行编程实验，还给出了代码，这里确实表达敬意，不论是不是上了这门课后为了学好知识才做的，都很牛逼。第二个就离谱了，柏村先生说他要表扬一个写了二十多页的学生，表扬他的作业态度。我尼玛呀，1800顶多两页报告，您卷到了二十多页。关键是作为老师把这种拿出来大吹特吹？您是想让我们每人之后作业全部超过要求十倍起步吗？可想而知第二次作业各显神通的盛况了。总结一下，王某真的适合在官场上作威作福不适合下到教学一线。那种人前一套背后一套，狠狠套近乎舔他就有好果子吃的老师你敢想象吗。从一开始上他课只觉得会整活没什么大不了的，到现在一上他课就反胃觉得恶心，喜提大学最恶心老师，很难有之一。之后选他课的同学慎重吧，从未那么后悔上一门课，这里先吐为敬
192777,9039,王柏村,2024-05-30 07:43:17,10,11,1,村长布置的作业包抽象的
193042,9039,王柏村,2024-06-03 02:59:37,8,9,1,sbsb
193955,9039,王柏村,2024-06-30 01:19:42,6,8,2,村长的考试包抽象的\n\n出分补充：村长给分太差了，喜提大三最低绩点，都150学分了，还能拉低0.02，学弟学妹自己考虑一下吧
194383,9039,王柏村,2024-06-23 13:39:24,6,7,1,课程内容毫无营养，泛泛而谈。每节上课点人回答问题。鼓励内卷。
195749,9039,王柏村,2024-06-30 02:26:44,7,8,1,真别来这史课，去选任何一门课的体验感都比这好，一门垃圾课既要节节课点名，讲得又烂，真觉得放视频的教学方式很好？真觉得很幽默吗？这么年轻架子却那么大，科研水平却一点也不够看，早就已经脱离学生了，真心劝后面的学生别选他的课。一门集讲课又烂又水、作业抽象、必点名、考试难、给分差的课，实在是找不到比这更差的课了。
195754,9039,王柏村,2024-06-30 01:30:29,9,10,1,纯➗生，喜提专业课最低绩点
195759,9039,王柏村,2024-06-30 01:46:32,6,6,0,村长真是处啊\n\n每节课都点名，点人回答没营养的问题，不想着自己讲的怎么样，就关注大家有没有来听课。\n\n作业的两个论文也是没头没脑的抽象。\n\n开卷考能喜提大学最低绩点。大三要结束了这么恶心大家一手是吧。\n\n口区
195772,9039,王柏村,2024-06-30 02:11:05,8,8,0,感觉好像是老师第一次上这课，对于上课和给分都没啥概念。不知道明年开这课会不会有改观。
195782,9039,王柏村,2024-06-30 02:32:59,11,12,1,我不知道怎么来评价，讲课内容纯是文字，没有丝毫作用，讲课方式就是ppt+照着念，毫无意义的上课，毫无意义的内容，不能体现丝毫浙大教师的水平。作业极其抽象，开卷考试，故意为难，考的很多内容与课本无关，考场上压力同学，说简答题很多人一点没答上来，一分都得不了。全是主观题的卷子丝毫不捞，暂时没有上4以上的，您是觉得课程均绩低才能体现出您这门课程的硬核吗？不，恰恰体现了您的愚蠢。
195783,9039,王柏村,2024-06-30 02:38:04,7,7,0,cccccccc\n\nnnnnnnn\n\nmmmmm
195834,9039,王柏村,2024-06-30 06:53:48,5,5,0,笑死了，一学期努力提的绩点全浪费在这课上了
195911,9039,王柏村,2024-07-01 00:04:49,1,1,0,💩，💩
195912,9039,王柏村,2024-07-01 00:05:55,1,1,0,煞笔，谁选谁知道
196314,9039,王柏村,2024-07-03 01:08:11,1,1,0,666
197619,9039,王柏村,2024-07-22 09:03:20,1,1,0,大傻逼，节节课点名，考试内容还巨多，上课念PPT。
199277,9039,王柏村,2024-09-20 09:02:44,1,1,0,两分都高了
201659,9039,王柏村,2024-11-05 07:28:40,2,2,0,老师真的很好，会喂大家吃shi
205967,9039,王柏村,2024-12-13 02:16:18,0,0,0,避雷1
218395,9039,王柏村,2025-04-23 06:37:22,0,0,0,这学期不知道是不是被同学喷怕了，感觉上课态度还行，没有评论这么恶劣和夸张，也没有一直点名或者提问了，这学期考试也取消了，只有两次大作业，暂时给个及格分吧，因为上完课我大概不会再来写评价了
219363,9039,王柏村,2025-05-25 21:06:29,0,0,0,鉴定为脑子有坑
220230,9039,王柏村,2025-06-16 13:52:48,0,0,0,积点德吧
142600,9083,朱吴乐,2021-11-14 07:01:37,3,8,5,老师是新老师，居老师的学生，人超好，给分也不错
183601,9083,朱吴乐,2023-11-27 16:36:10,9,9,0,（听）老师（讲课）（困得想）史
183652,9083,朱吴乐,2023-11-28 07:18:41,7,7,0,上课困困的，给分可以，老师其实人很好，讲课有点快
183733,9083,朱吴乐,2023-11-29 10:47:32,1,2,1,给分好
200826,9083,朱吴乐,2024-10-23 04:25:22,1,1,0,设计与制作，先打个五分，原因是上课纯念ppt，上不上感觉没区别。讲话像蚊子嗡嗡，有点催眠。据我的好多同学说机测也一样很难听下去，全靠自学。看评论区打分很好？如果真是的话最好，不然我不知道怎么给你高分了朱老师。
210151,9083,朱吴乐,2025-01-08 08:51:38,0,0,0,机械工程测试技术 没点名 讲课困 给分不错
175615,9163,苏芮,2023-06-26 02:14:39,1,2,1,给分巨好，比ycj好多了
196095,9163,苏芮,2024-07-01 14:16:46,5,5,0,神！！！
196120,9163,苏芮,2024-07-01 17:16:26,1,1,0,神！！
196152,9163,苏芮,2024-07-02 01:32:48,1,1,0,好好好！给分好！上课蛮清楚的
196701,9163,苏芮,2024-07-05 00:19:58,3,3,0,老师上课讲得很好，语速很合适，课讲得清楚。\n\n会点人回答问题，但是仅用于点名以及提神醒脑，不计分，如果点了没到会被反复点，所以上课是要去的。\n\n给分巨巨巨巨好，选上绝对不亏。
196704,9163,苏芮,2024-07-05 01:10:02,7,7,0,给分无敌好，谁懂68个人里52个人90+的含金量；上课很清楚，很有条理，上课刚开始会快速复习上节课的内容，上课快结束会总结这节课的内容：作业量适中；考前会告诉我们考试重点，复习很有针对性。\n\n无脑选就是了！
196786,9163,苏芮,2024-07-05 06:49:48,3,3,0,伟大的给分
199651,9163,苏芮,2024-09-27 02:40:22,0,0,0,666
199672,9163,苏芮,2024-09-27 08:51:13,0,0,0,神！！！
218054,9163,苏芮,2025-04-20 04:03:04,0,0,0,。。。
171696,9313,俞磊,2023-04-02 10:03:54,9,9,0,水课还要那么严，事情一堆
171697,9313,俞磊,2023-04-02 10:05:51,2,2,0,逼事真多，水课比硬课还烦
171698,9313,俞磊,2023-04-02 10:05:39,7,7,0,逼事真多，水课比硬课还烦
171866,9313,俞磊,2023-04-09 10:53:24,4,4,0,我说他没救过你命 别选。
173874,9313,俞磊,2023-06-04 03:28:42,2,2,0,上他的课会反胃
175084,9313,俞磊,2023-06-21 12:27:41,6,6,0,很多言论都很恶臭
181547,9313,俞磊,2023-10-22 11:02:33,2,2,0,水课屁事好多
181549,9313,俞磊,2023-10-22 11:59:53,9,10,1,盲目自信
181920,9313,俞磊,2023-11-05 11:13:18,1,2,1,挺无语
181926,9313,俞磊,2023-11-05 13:07:56,6,7,1,在此之前我从来没有给任何一位老师打过分，因为我感觉我作为一名学生没有资格给老师打分。但是对于这个人，我也是毫不犹豫的给出了1分（很遗憾这里不能评0分）具体原因其他评论也有说明，对于以后预置他的课的新生，我建议直接手机改定位签到就可。
190751,9313,俞磊,2024-03-17 12:28:10,20,21,1,纯傻逼\n\n发表了如下观点：①你们现在学的英语有什么用，以后都可以植入学习\n\n②你们学习的微积分线性代数有什么用，以后都要被人工智能取代\n\n③你们根本没有资格放周末，农民伯伯周末都还在干活\n\n🤣👉纯纯的小丑
190756,9313,俞磊,2024-03-18 03:12:27,6,6,0,想给他脑子来一针。。
192649,9313,俞磊,2024-05-26 16:14:25,4,5,1,别选，快跑。这形策不论是老师还是助教都很抽象，事情还多分还低。
193800,9313,俞磊,2024-06-18 11:05:18,11,13,2,🤓👆是这样的，俞磊上课只要满口胡言就可以了，学生们在下面要考虑怎么屏蔽他的道德绑架和人身攻击可就多了
200171,9313,俞磊,2024-10-14 11:02:19,8,8,0,-我课间不休息就前十分钟放哈\n\n-再拖一会讲讲玩（脱了tamade二十分钟）
200622,9313,俞磊,2024-10-20 11:21:33,2,2,0,王昌龄妈，PUA 的 dsb
200628,9313,俞磊,2024-10-20 12:13:06,7,7,0,真的离谱…满口当年当年，目光狭隘，道德绑架学生…真是吐血了要，一些言论根本不想说，真是屎
200640,9313,俞磊,2024-10-20 12:51:34,5,5,0,sb蝻
200641,9313,俞磊,2024-10-20 12:57:19,3,3,0,说好中途不下课最后提前10分钟放 结果拖课20分钟..？课上一直爹味发言说的什么话 最后还来了个“用手写字而不是用嘴巴写字”太好笑了🤣 神他喵抬头率 太好了我们没救了
200642,9313,俞磊,2024-10-20 13:00:40,3,3,0,我埃及吧咋学就咋学，埃及吧啥样就啥样
200661,9313,俞磊,2024-10-20 15:30:12,0,2,2,爹味很重，受不了了，这么会说教。什么毛病
200663,9313,俞磊,2024-10-20 15:35:03,2,2,0,上了一节课，吃饭的胃口都没了，恶臭，全程无差别攻击，沃操称冯
200669,9313,俞磊,2024-10-20 16:59:32,1,1,0,无话可说
200699,9313,俞磊,2024-10-21 06:36:34,1,1,0,老师让我明白了什么是真正的伞兵
200753,9313,俞磊,2024-10-22 01:57:05,5,5,0,纯sb
200754,9313,俞磊,2024-10-22 01:57:37,1,1,0,逆天老师
204124,9313,俞磊,2024-11-24 12:33:22,1,1,0,好好好又拖堂了
204125,9313,俞磊,2024-11-24 12:58:26,1,1,0,水客逼事一堆，拖堂半个多小时
205097,9313,俞磊,2024-12-01 11:21:38,1,1,0,我造密码，王昌龄妈，彼阳晚意
207488,9313,俞磊,2024-12-22 11:09:37,0,0,0,初升晚意
207504,9313,俞磊,2024-12-22 12:35:45,0,0,0,沙币儿子骂你玛呢，没d的玩意儿，shi吃多了吧
213248,9313,俞磊,2025-01-16 12:57:33,2,2,0,绯雾飒蔽，似幕绡绸
213771,9313,俞磊,2025-01-19 15:29:44,2,2,0,纯shabi，无需多言，上课铃声响的那几秒钟我在看手机都说我，真tm傻逼
215598,9313,俞磊,2025-03-02 10:59:27,0,0,0,这个b，你到底看不看查老师的评论，你真不要点b脸吗
215605,9313,俞磊,2025-03-02 12:11:53,0,0,0,煞笔老师，一开口登味爹味扑面而来。已经到了听到他声音就想吐的程度。\n\n第一节课就开始狗屎发言：中国男性太不阳刚，原因是女性喜欢娘炮🤮🤮
216955,9313,俞磊,2025-03-30 11:22:30,1,1,0,如果他上你的形策那你就知道来浙大读书可能身上怀着某种原罪了
216956,9313,俞磊,2025-03-30 11:24:15,0,0,0,。。。
217008,9313,俞磊,2025-03-31 08:47:49,2,2,0,令人作呕的red guard
219172,9313,俞磊,2025-05-22 16:04:42,0,0,0,朝鲜这种国家最缺您这种没有🧠的➗生知识分子了，您的课程让我仿佛感觉自己回到了封建社会，真是进步啊，真是我们国家未来的希望
219828,9313,俞磊,2025-06-08 06:58:01,0,0,0,.........
220034,9313,俞磊,2025-06-14 02:11:04,2,2,0,上课卷发言，还有几个专题pre展示的
220043,9313,俞磊,2025-06-14 04:46:10,0,0,0,爹味事多分低卡绩 衮
220048,9313,俞磊,2025-06-14 05:48:04,0,0,0,恶臭蝻
220360,9313,俞磊,2025-06-17 13:03:11,1,1,0,其实我觉得吧…形策这门课就决定了老师能讲的内容就是会很红很大让人有些抵触的，但平时签到，作业应付，期末认真背一下给分很可以了
178084,9314,章维明,2023-07-06 17:19:21,3,3,0,讲课水平很高 但课程难度大
221677,9495,陈哲,2025-06-25 08:02:19,0,0,0,感谢老师不挂我！\n\n老师设计与制造教的挺好的，有耐心，没有点名（叫过几个同学回答问题）
184726,9805,金浩然,2023-12-22 10:39:16,7,7,0,老师挺好的
193327,9805,金浩然,2024-06-06 10:26:28,10,10,0,机械工程测试技术\n\n是新老师，讲课思路很清晰，表述很清楚。机械专业课里上的最不困的早八啦
200869,9805,金浩然,2024-10-23 17:00:00,3,3,0,年轻有为
201878,9805,金浩然,2024-11-07 06:42:59,4,4,0,很好很负责的老师，每节课还会做板书（板书我草），期末还给我们发复习资料。缺点可能是每节课都点名，但是我觉得金老师的课是值得听的
202488,9805,金浩然,2024-11-13 02:00:02,3,4,1,上课很清晰，给分也不错
202595,9805,金浩然,2024-11-13 09:06:20,-5,0,5,给分不好
202604,9805,金浩然,2024-11-13 10:19:37,3,3,0,老师讲课特别清晰，有重点，很好的老师
213232,9805,金浩然,2025-01-16 11:50:22,1,1,0,老师讲课很清晰，写板书，听完老师的课基本可以应付考试。老师给分也很好，不过基本上每节课都点名。
168435,10086,任凯,2023-02-16 11:59:39,10,10,0,老师不错，班主任工作做得很细致，对学生很耐心😁
191570,10086,任凯,2024-04-25 07:10:00,2,2,0,很好的班主任
202096,10086,任凯,2024-11-09 09:05:09,0,0,0,老师非常亲和，棒
201541,10300,巨阳,2024-11-04 07:07:06,2,4,2,好老师好老师好老师
215880,10300,巨阳,2025-03-06 11:08:45,2,2,0,超级好
216311,10300,巨阳,2025-03-13 06:57:49,1,1,0,上完课巨巨阳阳的
221903,10300,巨阳,2025-06-27 09:50:47,0,0,0,无敌了神仙老师，不选后悔一辈子
198205,10401,申英男,2024-09-05 01:15:34,1,1,0,真的特别好特别好
215383,10401,申英男,2025-02-25 15:22:08,0,0,0,特别耐心的导师
207267,10686,张益鸣,2024-12-20 04:31:46,-4,1,5,工图课纯入机
213091,10686,张益鸣,2025-01-16 03:40:15,1,1,0,益鸣老师讲课很认真负责，也认真回答同学们的提问，作业直到期末前都可以补交且不扣分，助教老师也很善解人意。我由于一学期没认真学本来在担心挂科的问题，结果最后被捞到了80+，我觉得张老师真的是很好的老师！！
213205,10686,张益鸣,2025-01-16 10:04:27,1,1,0,张老师好，成绩好捞，感觉都要挂科了给我了80+，无脑选就完事了。
215153,10686,张益鸣,2025-02-23 05:30:50,0,0,0,作业期末前交了就有分，从不点名，还挺捞的
215154,10686,张益鸣,2025-02-23 05:35:23,1,1,0,新老师，讲课感觉一般，可以听听别的老师的课，相互弥补一下。老师人还是很好的，作业只要交了就行，给分还行，虽然是新老师，但是很好了
221370,10687,郑湃,2025-06-23 05:58:28,0,0,0,港理工的老师，人很好，但是课比较硬核。。
221769,10687,郑湃,2025-06-26 06:47:51,0,0,0,老师人还是很好的
197261,10688,朱聘和,2024-07-10 03:27:37,2,2,0,上过这位老教授讲的机械设计乙，感觉挺不错的，期末会划重点，出卷也简单。
