评论id,老师id,老师姓名,发表时间,点赞减去点踩数量,点赞量,点踩量,内容
879,1410,何钦铭,2015-03-18 10:15:29,5,7,2,好简单易懂
1214,1410,何钦铭,2015-03-21 16:42:54,38,50,12,耐心解答问题，毫无架子
3702,1410,何钦铭,2015-06-17 02:29:38,3,4,1,听上去不错
5051,1410,何钦铭,2015-07-02 14:55:08,11,16,5,很好的老师，讲解风趣
9782,1410,何钦铭,2015-11-09 03:19:15,4,5,1,蛮好的\n\n
11170,1410,何钦铭,2015-11-25 03:08:39,3,4,1,C程好老师
15865,1410,何钦铭,2016-01-16 12:47:29,2,4,2,听不懂
17600,1410,何钦铭,2016-01-20 12:56:03,2,4,2,上课的时候有些比较容易走神，但只要仔细听没问题的。
18994,1410,何钦铭,2016-01-23 02:25:59,0,0,0,觉得他有点萌
20062,1410,何钦铭,2016-01-26 04:03:45,3,7,4,少有的不quiz的老师，讲的很好， ds和 ads都是他的
20079,1410,何钦铭,2017-09-20 12:09:02,1,2,1,考得都讲了
25807,1410,何钦铭,2016-06-29 03:54:09,5,6,1,找女朋友要先来个for循环遍历一下
28282,1410,何钦铭,2016-06-28 08:25:50,2,2,0,幽默风趣毫无架子，学得好不好就看自己了
30470,1410,何钦铭,2016-07-01 16:17:19,21,21,0,杭州市长春药店
31022,1410,何钦铭,2016-07-03 06:24:24,2,5,3,据说ds上的不错，但是ads确实上的一般，有的地方自己也不是很清楚，但是老师还是非常耐心和负责的好老师
39354,1410,何钦铭,2016-12-22 07:32:15,29,31,2,火云邪神\n\n
43108,1410,何钦铭,2017-01-15 17:02:39,1,4,3,人好，课上的不错，期末上机跪了还有90
43110,1410,何钦铭,2017-01-15 17:13:41,1,1,0,好老师，讲课有条理
43113,1410,何钦铭,2017-01-15 17:27:53,2,3,1,不错的老师，讲的都考了
43137,1410,何钦铭,2017-01-16 00:24:45,0,1,1,给分不怎么样 但好歹没quiz不点名我也就。。接受了。。
43150,1410,何钦铭,2017-01-16 01:08:26,15,16,1,有人觉得没有加bounus的分数吗？总评正好比自己算的少了4分…
48660,1410,何钦铭,2017-10-12 09:14:40,29,35,6,不错不错老师很好，尤其是讲到开心时候风骚地捋一下地中海边上一撮非常不羁的毛，令人印象深刻
52814,1410,何钦铭,2017-06-23 04:39:12,1,1,0,很亲民
55548,1410,何钦铭,2017-07-02 01:25:54,2,3,1,长得很像火云邪神，很可爱
57086,1410,何钦铭,2017-07-05 13:19:21,1,1,0,上课不点名 考前答疑非常耐心 非常非常好的老师
57099,1410,何钦铭,2017-07-05 14:06:35,13,14,1,ads给分好坑
58357,1410,何钦铭,2017-08-29 11:12:21,4,5,1,毫无架子，讲课确实生动，可以看出是个有学术素养的老师，就是pj的互评实在坑，到期末结束才知道自己的pj出现了因为漏评错评等因素被扣分之类的幺蛾子，希望助教能建个群之类的，实时公布pj得分，这样至少不会出现辛辛苦苦做出来的pj（满分30拿了27互评系统仲裁扣7）拿了个奇低的分数还没法申诉……（过去太久了早就不知道发生了啥，而且互评分比重太大了……）
59648,1410,何钦铭,2017-09-25 08:55:36,9,9,0,第一节课是代课老师来上的，让我觉得这辈子都不会学计算机有关的学科了，第二节课是何老师来上的，让我突然很想学计算机
59927,1410,何钦铭,2017-09-28 08:36:19,21,30,9,ds还要占用国庆假期，天天互评zz代码，有毒！
60427,1410,何钦铭,2017-10-19 14:16:23,8,10,2,比隔壁陈越不知道高到哪里去了
72889,1410,何钦铭,2018-01-31 09:21:03,2,2,0,老师上课很幽默，会用通俗有趣的例子打比方，很喜欢上老师的课！
73302,1410,何钦铭,2018-02-01 09:50:36,0,0,0,挺有意思的，一kru
73328,1410,何钦铭,2018-02-01 10:45:40,5,6,1,老师很好，扣的一分因为助教太差，问问题不回，交作业也不说收到没收到。
73490,1410,何钦铭,2018-02-01 16:24:18,10,12,2,人超级好，关心同学，讲的不差，ds给分超厚道，除了头发有点秃以外完美！
73493,1410,何钦铭,2018-02-01 16:43:38,1,2,1,态度不行
75452,1410,何钦铭,2018-03-12 04:07:41,12,14,2,南京市长 江大桥\n\n杭州市长 春药店
76449,1410,何钦铭,2018-04-09 14:16:36,2,2,0,。。。
81251,1410,何钦铭,2018-07-04 12:35:56,2,3,1,超喜欢何老师的，就是我觉得很难的问题，他说，这不是很简单，而且他说完之后我真的觉得很简单。
84582,1410,何钦铭,2018-07-13 08:40:24,0,1,1,不太照顾人，都当大神来教的吧，还要我们互评。
84972,1410,何钦铭,2018-07-14 16:59:07,10,10,0,这个助教给分乱给的吧？？？平时分相同标准能比别的班低4.5分
84974,1410,何钦铭,2018-07-14 20:58:48,6,8,2,ads多灌水发言比认真做bonus有用多了，可惜我脸皮薄，没脸去支支吾吾地问那些rz问题。
84995,1410,何钦铭,2018-07-15 02:08:17,8,8,0,临时找助教害死人
84997,1410,何钦铭,2018-07-15 02:31:25,1,2,1,。。。
85007,1410,何钦铭,2018-07-15 02:57:34,7,8,1,老师讲课不错，但是为了预防期末出分郁闷，建议ads慎选。陈越姥姥的ads挺不错的，讲的也好，对学生也很负责
85108,1410,何钦铭,2018-07-15 11:39:23,7,8,1,癌，这给分。。。比陈越大概低两档
85110,1410,何钦铭,2018-07-15 11:58:55,-8,6,14,真的是好老师！\n\n给分超好，上课听着也特别舒服
85175,1410,何钦铭,2018-07-16 15:59:05,6,9,3,bonus一个满分0.67 还要乘0.6.\n\nexcuse me?
101197,1410,何钦铭,2019-01-28 01:54:49,2,3,1,我ds所有部分的成绩都比另一个班同学高，结果最后绩点比他低0.3……
101249,1410,何钦铭,2019-01-28 02:43:07,1,6,5,DS助教大大认真负责，老师讲课也挺清楚，但是给分比cy和zjk低，因为隔壁两个班平时有小测，平时分比例更高，期末考试占比低，(大佬没什么影响的，菜鸡选之前考虑一下这一点吧)！
102179,1410,何钦铭,2019-01-31 05:20:53,4,4,0,课讲的好\n\n助教很傲娇，有点暴躁(萌点)\n\n就是发言分太奇葩了，强烈建议老师取消
102526,1410,何钦铭,2019-02-04 16:06:28,1,1,0,老师人讲的真的很好
105104,1410,何钦铭,2019-04-03 16:53:07,8,13,5,垃圾互评！垃圾ads，垃圾ds！\n\n被一群菜逼给了低分！\n\n1.5倍行间距过大，扣分！\n\n注释用中文，扣分！\n\n注释用英文，扣分！\n\n注释双语，代码冗余扣分！\n\n放测试数据输入，不符合题目要求扣分！\n\n按照题面要求发链接在readme，没看见扣分！\n\n（readme不看的zz）\n\n看不到提出了多少新想法，看不到亮点，反正就是扣分。\n\n展示提问就是搅局。\n\n能不学就不学带互评的课，隔壁有的班级直接取消了互评。\n\n一次互评直接降低0.3绩点，wqtmlgb。\n\n有本事当面怼，别出阴招，我无法接受。
108288,1410,何钦铭,2019-05-20 06:49:16,4,6,2,助教极其傲娇，平时分极其差，大家注意互评别再被坑了
123835,1410,何钦铭,2020-06-15 01:53:17,0,1,1,程序设计基础: 如果平时作业、期末考试较好，有做大程，讨论课发几次言，最后成绩挺不错的。
123950,1410,何钦铭,2020-06-17 14:28:04,0,1,1,ads非常喜欢何老师的讲课，甚至有一种之前ds没学好是因为老师讲课差的错觉。就是这学期和yds每周的轮换实在太迷，一周好一周差的感觉。虽然还没考试，但还是要给何老师打10分，讲的真的太好啦
124110,1410,何钦铭,2020-06-24 08:36:35,6,6,0,今年ads只有何老师的题目比较正常 不像其他老师明显是在为难学生
124112,1410,何钦铭,2020-06-24 08:39:52,5,5,0,何老师出题才是落实到教学的
129723,1410,何钦铭,2021-01-11 12:15:54,7,7,0,计算机问题求解不适合大一上 对无基础的不太友好
130428,1410,何钦铭,2021-01-22 09:15:05,-8,2,10,他能捞卡在线上的人！i他！！超好！！
131805,1410,何钦铭,2021-01-29 04:02:43,-10,1,11,上课讲的非常清楚，而且还会给同学们发要点视频复习。给分特别特别好！
132895,1410,何钦铭,2021-02-04 16:18:45,6,7,1,ds给分极差，能比別的班低上两三档，慎选
133381,1410,何钦铭,2021-02-26 11:31:19,1,1,0,老师讲得是真的清楚，完全能听懂
133837,1410,何钦铭,2021-03-07 15:58:57,12,14,2,兄弟们兄弟们兄弟们，计算机问题与求解对计算机没兴趣的或者没基础的千万别选，老师讲的很泛，很多东西学不到实质，只能了解，考试的时候也有很多东西没讲过的。最后还有可能挂科，我绩点1.5万幸。兄弟们，别选。
136031,1410,何钦铭,2021-06-10 00:43:02,-1,1,2,讲的是真的清楚
138238,1410,何钦铭,2021-07-08 06:12:19,1,3,2,老师人真挺好的 讲课清晰，给分也不错\n\nemmm\n\n此外呢 也建议老师对自己的头发好好保养呀
139516,1410,何钦铭,2021-07-17 01:33:13,29,31,2,给分极差，极差！！没有平时分扣10的觉悟不要选
139520,1410,何钦铭,2021-07-17 02:30:39,16,19,3,ds就很多人吐糟给分极差了，没想到ads更多人吐糟了，反正如果学弟学妹看到助教是hzj就快逃吧，给分差，钉钉不回，还会乱改给分标准
139522,1410,何钦铭,2021-07-17 02:34:49,13,13,0,ads 同样的期末分数，给分得跟别的班差两三档，平时分给分极差极差
139525,1410,何钦铭,2021-07-17 02:44:57,11,11,0,去年上了fds，觉得讲课真心不错，然后也拿满了，虽然给分比例确实不大行，但也没考虑那么多\n\n然后今年ads，首先翻转课堂是真的阴间，就这上课就叫主持课堂纪律，课堂上基本没学到东西，然后平时分真的无力吐槽，期末比另一位同学高了几分，总评就低了几个档，是几个档，我真的呵呵了\n\nfds平时分低还行啊，毕竟没那么难，ads这平时分扣个十几分谁顶得住啊
139526,1410,何钦铭,2021-08-05 03:29:34,35,37,2,hqm老师这两年变了，千万不要选，不然你的大学永远忘不了ADS这门梦魇课
148841,1410,何钦铭,2022-01-13 17:10:02,3,3,0,期末一样的分，别的老师给的比他高一档\n\nbonus有和没有差不多，不知道加到哪里去了\n\n出分特别慢\n\n快逃
149210,1410,何钦铭,2022-01-14 22:53:27,0,2,2,平时成绩拉满，做了大程(但是只能在平时成绩里加所以等于没用)，期末考多少就是多少，最后美美卡绩，不带调分，难过极了
149788,1410,何钦铭,2022-01-17 03:19:50,0,0,0,这学期上他的C小程。\n\n他上课的话，可以感觉他是在很尽力把东西讲得清晰明白的，也举了很多有趣的例子。\n\n但说实在话，讲课内容对于没有基础的同学也不算非常友好；\n\n如果你事先对这些东西有大概的了解，就会觉得他讲得还行。\n\n相较其他老师，平时作业布置得可能算少。\n\n然后给分这回事……\n\n非常求是。\n\n大程做了的话加分限制在平时分里，所以个人建议大多数同学把时间花在做往年卷上。
149856,1410,何钦铭,2022-01-17 09:45:04,2,3,1,绩点虽然有些低，讲的还是很不错的
149906,1410,何钦铭,2022-01-17 16:33:21,2,3,1,老师讲课特别好，就是给分有点。。。
149931,1410,何钦铭,2022-01-18 00:57:27,15,15,0,我去了，通识课给1.5，佛了。\n\n平时上课都有去，作业都做了，project都搞了，期末考试还复习了好久，给1.5??太过分了吧\n\n\n\n问题求解，给分极差，难度对于不擅长计算机的还很高，千万别来！
149956,1410,何钦铭,2022-01-18 04:20:35,3,3,0,计算机与问题求解，上课内容太宽但是难度还不小，学不到什么给分还差，考试都是一些上课没讲的内容，都要自己自学，花的时间不少
149977,1410,何钦铭,2022-01-18 06:37:35,3,3,0,给分不太行
150582,1410,何钦铭,2022-01-31 03:45:31,9,9,0,上课对新手很不友好，不如自学。我期末考试比别的班的一个同学分数还高，每次作业都认真完成，绩点比他低了0.9
153708,1410,何钦铭,2022-05-09 03:25:19,4,4,0,翻转课堂纯属恶心人，那么想把学生课后时间拴在这门课里？
153755,1410,何钦铭,2022-05-10 07:12:44,6,6,0,ads三节课，第一节听网课，第二节quiz+discussion，第三节课project pre。
158199,1410,何钦铭,2022-07-03 01:30:19,22,25,3,别看cy评分低，给分很好，hqm是上课不讲给分稀烂，ads最差的老师\n\n别的老师讨论基本给满，你tm正态给分\n\n讨论发言也很卷，上课体验极差极差\n\n他讲课是好，然而ads他不讲
158665,1410,何钦铭,2022-07-01 15:15:40,13,14,1,选上hqm的同学先给自己的平时分扣6分(其他ads老师几乎都是给满的)
158865,1410,何钦铭,2022-07-03 01:14:09,5,6,1,ads给分极差。。上课敷衍。。完全颠覆ds的好印象。。。。
158870,1410,何钦铭,2022-07-03 02:35:10,3,5,2,ads不要选！不要选！不要选！
158884,1410,何钦铭,2022-07-03 04:18:44,5,6,1,别心存侥幸! 别心存侥幸! 别心存侥幸! 都被骂多久了，给分很低，别看查老师8.几分就选，连着很多个学期都给分很差了，不论是ds还是ads，下学期选了hqm ds的快退吧
158889,1410,何钦铭,2022-07-03 04:40:24,2,3,1,ads翻转课堂过于逆天，平常上课干的唯一一件事就是在做pre的时候当个随机数生成器，平时分给的也不行，建议直接退课润
158898,1410,何钦铭,2022-07-03 05:06:00,4,5,1,😅这ads我也会上，把前几年疫情网课视频放学在浙大上让学生自己看，上课时间只有三个内容：1.放讨论题，然后让学生上去讲，算平时分bonus 2.选随机数让小组上去展示 3.节节课quiz\n\n评分高可能因为大家觉得hqm上ds课讲得挺清楚，但ads这门课tm你上课也不讲课啊\n\n平时分巨差巨差巨差，上课方式极其离谱，学弟学妹别折磨自己选他了
158904,1410,何钦铭,2022-07-03 06:58:06,-2,1,3,稍稍打乱一下吐槽队形，为什么我感觉hqm今年平时分好像给的比去年要好不少哇？
159088,1410,何钦铭,2022-07-06 04:00:48,2,5,3,ads平时分50分，他给了49分，小组合作中，一共做了三个pro，其中一个是展示，discussion基本上都是非常认真的回答；个人课堂发言3次；\n\n上课而言，较难的部分他会上课讲，不难的话就第一节课不上；每节课都有quiz，quiz完了discussion，个人感觉时间太少了，有的问题很难，不能充分讨论，但是根据给分来看，只要上传的东西是认真回答的，给分应该不会为难；discussion以后小组展示，这个时候一般也就稍微听听打个分，其实在干别的事了；\n\n考试而言，老师会在学在浙大上传每次课的要点讲解，十几分钟的视频帮助大家复习。但是ads这课，考试难度，就不说了，仅仅掌握要点讲解肯定不够，建议多多刷题，复习到80分的水平也许就能考个60几，如果冲着60分复习，那得小心40分的斩杀线。对于考试分数，老师应该是很求是的。\n\n个人没有那么反感quiz，每次课quiz保证了我无论多忙都会提前学完这节课内容，其实挺好的，毕竟平时听课我会犯困，总有一部分会留到课后看回放补上，没有quiz，and作业的ddl，很容易拖到很后面再补课；另外何老师回答问题还是非常详细耐心的，也很和善，不会阴阳。\n\n总结，给分求是，平时分要多发言，做bonus才行，考试就多多补天！
163556,1410,何钦铭,2022-12-15 06:24:40,-1,0,1,ADS骂声一片。我说说FDS。\n\n优点：课讲得还不错，人比较认真且耐心，人品没有大问题\n\n缺点：有恶心的互评（卷），作业不讲，期中恶心，而且甚至不知道自己布置的作业是什么
164799,1410,何钦铭,2022-12-26 07:48:27,5,6,1,电脑小白就不要选计算机与问题求解了，做project太痛了
164836,1410,何钦铭,2022-12-26 14:13:45,2,2,0,ads讨论非常非常卷，上课体验不好
165468,1410,何钦铭,2023-01-06 14:38:46,3,3,0,计算机与问题求解对小白特别不友好，课程需要做三四次作业和两三个project，最后还有一次闭卷考试，考试内容讲的不多。最后，给分稀烂，复习了好几天最后3.3
165896,1410,何钦铭,2023-01-10 09:09:10,5,5,0,我上的是何老师的通识课计算机问题与求解。过程确实很痛苦。那三个project做起来确实很难。本来对计算机很感兴趣，上完这个通识课，信心受到了很大的打击。何老师上课还是有点有趣的，但是总体来说，不管是project还是期末考，对小白确实不太友好。建议想上的朋友，初步了解一下各类算法还有python，那样会好很多。
166032,1410,何钦铭,2023-01-11 01:41:59,0,0,0,何老师讲课很有意思，但是展示实在有点难搞
166153,1410,何钦铭,2023-01-11 07:57:20,1,1,0,上了何老师的计算机问题求解，本人计算机小白，老师上课讲得挺不错的，可以学到很多知识。但是中间会有三次project，难度很高，对计算机小白十分不友好，需要花费大量的时间理解程序。最后期末考试有一定难度，但是复习了之后大多也能做出来。给分很务实，我的得分和预想差不多。建议有一定计算机和python基础，或者对计算机非常非常感兴趣，且愿意花费十几个小时做一个project的同学选择。建议计算机纯萌新一定不要选！
167472,1410,何钦铭,2023-01-16 14:02:29,0,0,0,一般般，中规中矩，没有特别出彩，别整活讲课还行
167645,1410,何钦铭,2023-01-18 03:40:08,2,3,1,程序设计基础，不点名。\n\n做了大作业，期末考稀烂，3.9，知足了。老师是好老师，讲课很细致，会在期中期末给大家讲题目，教材一页没看过，感觉老师真的有点高估我了，选一本全英文的老教材，每一页信息量都超大，导致完全看不下去。\n\n知识还是学了不少的，学不到应试的技巧，说到底，这门课就不该设置考试，你考一些编译器都能检查出来的错误，考一些见鬼的混乱逻辑，对于应用场景毫无帮助。
169142,1410,何钦铭,2023-02-24 12:18:19,-2,0,2,中规中矩 说不上特别好 也说不上特别差\n\n可以选 比cy好挺多的
170439,1410,何钦铭,2023-03-05 02:43:31,4,4,0,给分极烂
180208,1410,何钦铭,2023-09-20 14:27:38,2,2,0,讲课起点高，对零基础的不是很友好，建议提前自修
180784,1410,何钦铭,2023-09-26 07:04:25,0,0,0,ads还是选cy吧，起码平时分能拉满
188514,1410,何钦铭,2024-01-19 06:36:32,1,2,1,狗屎
189341,1410,何钦铭,2024-01-23 09:37:55,3,3,0,。。。
189676,1410,何钦铭,2024-01-26 14:32:50,3,3,0,数据结构基础：讲课很好，建议仔细理解；给分很不错
189714,1410,何钦铭,2024-01-27 08:18:15,1,1,0,前求是学院院长 现在老了
195193,1410,何钦铭,2024-06-27 06:00:00,0,0,0,FDS讲的还是清晰的，就是PPT太老了
197325,1410,何钦铭,2024-07-11 02:23:14,-1,0,1,可能就还好……？总的来说是个好人
208044,1410,何钦铭,2024-12-25 09:57:05,0,1,1,计算机与问题求解这门课需要做四次pta上的作业，是选择题和判断题，还要完成三次project（其中一个可以用pre代替）
210319,1410,何钦铭,2025-01-09 02:07:21,5,5,0,古希腊掌管卡绩的神。。。
210412,1410,何钦铭,2025-01-09 06:23:01,3,3,0,程算H\n\n老师本人很好，讲的东西说实话并不差，但是和作业题考试题不说是关联甚微吧，也只能说是毫不相干。如果只是到这里那么他还算是一位好老师，只是你要自己解决把他讲的东西转化成能做出题目的知识这个步骤。但是！他的平时分是按照每次PTA作业题的真实分数赋的！也就是说本来用来查缺补漏的作业正误变成了直接对绩点有影响的因素！这也是为什么他的平时分横向对比很低。然后程算刚刚出分，问了6个同学4个被卡绩（包括我）。\n\n给低分主要不是因为卡绩，还是因为作业题正误和绩点挂钩这件事。这么搞以后大家做作业都一把抄完，那样的教学效果真的会更好吗？
214957,1410,何钦铭,2025-02-19 10:31:01,2,2,0,给分很烂
215204,1410,何钦铭,2025-02-24 07:43:15,1,2,1,对于一个零编程基础的混合小朋友来说，hqm的课还是太超前了。\n\n听完课甚至连链表该怎么创建都不清楚，上课打着稀奇古怪的比方，没有重点，有基础的不用听，零基础的听不会，全靠自学。
218590,1410,何钦铭,2025-04-25 12:22:32,0,0,0,老师人很好，但是上课讲的根本听不懂。
219341,1410,何钦铭,2025-05-25 13:22:34,1,1,0,垃圾。
