评论id,老师id,老师姓名,发表时间,点赞减去点踩数量,点赞量,点踩量,内容
167218,3803,蔡晓卫,2023-01-15 06:14:09,0,1,1,满绩辽！开心飞了\n\n蔡老师人美心善(救命老师好白好白，好美腻)很温婉但又有风骨、个性\n\n笨人就是认真参与课堂，认真参与讨论，认真完成作业，考试前看一看就满绩了。\n\n只能说有付出才有回报，那些没怎么努力付出的人，凭什么要求老师给高分？
176267,3874,吕成祯,2023-06-28 07:48:37,0,1,1,SNP
75980,3893,刘召峰,2018-03-23 03:39:07,1,1,0,挺不错
105227,3903,张立程,2019-04-08 01:15:59,0,9,9,早晨8:30上课，老师9:00才到教室。不紧不慢的去打瓶开水，回来插U盘选PPT，讲了一行，觉得不行:咱们换个PPT讲啊……难道这也可以随便换主题嘛……100多号人默默等老师迟到表演45分钟。老师一句不好意思迟到了，都没有……
115014,3903,张立程,2019-07-14 05:47:00,2,4,2,事情多给分差
118702,3903,张立程,2019-10-31 01:44:59,-9,1,10,讲得很好，直面问题不遮遮掩掩，直面问题，客观理性。
120340,3903,张立程,2019-11-29 07:27:25,-1,0,1,emmm
148232,3903,张立程,2022-01-12 02:16:48,3,7,4,老师上课我是听不明白的，感觉逻辑线并不清晰，讲课的语速也不大友好（也有可能是自己的问题🙈）但最后的给分本菜鸡比较满意，不过听说这个老师很绩杀，不调平时分，我也算是冒了一次险。不管怎么样还是慎入吧。
151103,3903,张立程,2022-02-23 05:07:06,5,6,1,快润吧
165693,3903,张立程,2023-01-09 09:21:11,7,7,0,呃呃不太认同老师的某些观点，人格魅力实在不太行…\n\n我感觉事挺多的
165893,3903,张立程,2023-01-10 08:49:18,-3,0,3,水一水
166306,3903,张立程,2023-01-12 01:27:57,5,9,4,你会在忙完一大堆事情之后，一脸懵的收获一个很低的绩点。。
172061,3903,张立程,2023-04-18 09:20:33,2,3,1,事情很多，很离谱，令人无语
188636,3903,张立程,2024-01-19 12:38:28,8,9,1,12点25分下课，26分点名…🪝🪨中的🪝🪨
189320,3903,张立程,2024-01-23 07:50:47,3,4,1,真的很离谱啊\n\n做完一堆事情拿到一个很低的绩点。。。\n\n呃呃呃避雷吧还是
199453,3903,张立程,2024-09-24 02:42:21,6,6,0,这位老师简直是个畜生!上课拖拖拉拉，不仅浪费我们的时间，还毫无尊重可言，真是恶心透顶!他的三观扭曲得让人想吐，根本不配做教师!故意给学生打低分，均绩低的让人不敢想象，明显是想让我们难堪和绝望!而且布置的作业多得离谱，根本不考虑我们的承受能力，简直是在逼我们崩溃!这种人只会给学校带来羞耻，真希望学校能把他踢出去，别再让他祸害学生了!\n\ngpt写的，我觉得很满意
200080,3903,张立程,2024-10-12 11:11:00,3,3,0,一大坨，别上
201532,3903,张立程,2024-11-04 06:22:09,2,2,0,很有意思的老师。上课努力改进学生睡眠，进度能关照到最最迟钝的学生，作业活动既有广度又有深度，集百家精粹于一身，这么综合的老师，说实话是不多见的。更为难得的是阅读书目，完美诠释了古人所说的“书中自有黄金屋”，《毛泽东选集》《邓小平文选》《习近平思想》任君选择，可以轻松从中辨认出“老师是个神金”这个不争的事实。同时老师致力于发扬关心学生的师德，不仅随机点名来监督学生听课效率，还体察民情，不辞辛苦的关心学生在自己的本子上写什么。^—^
204210,3903,张立程,2024-11-25 03:30:49,2,2,0,真是史
208514,3903,张立程,2024-12-28 15:47:14,3,3,0,真的很让人无语的一个老师，作业比别的老师多一倍不止还有网上平台，最恐怖的是完全不通知，就刚开学说过一次后续不管了。上课去不去都一样，节节课点名，唯一好的是数字，去听课有利于改签睡眠。什么为什么给两分，因为助教xjj人还是不错的，老师是✔🪨，选了这辈子有了
208688,3903,张立程,2024-12-31 01:56:51,0,1,1,点名、事多，期末还查笔记，真不知道什么毛病
208920,3903,张立程,2025-01-03 11:29:39,3,3,0,快跑快跑快跑 刚入学不知道可以退掉以后再学中途汽修也错过了后悔一辈子 那么多好的史纲老师预置在这算我倒霉
210365,3903,张立程,2025-01-09 03:59:15,-5,1,6,给分还行
215080,3903,张立程,2025-02-20 15:56:02,1,1,0,路边一条 沙沟玩意
218397,3903,张立程,2025-04-23 07:02:16,0,0,0,爹味重，，，
72195,3943,卢江,2018-01-29 14:15:10,25,32,7,一次读书报告一次小组展示，事儿不多，上课还不错，80后硕导，会在群里发红包，上课分糖吃，给分也不错，如果不知道哪个马原老师好，选卢江没错的
79620,3943,卢江,2018-06-11 12:40:12,3,4,1,666
79625,3943,卢江,2018-06-11 14:21:02,8,9,1,老师给分超好，讲课也很到位。
80050,3943,卢江,2018-06-19 08:05:30,12,16,4,很赞?
85821,3943,卢江,2018-08-19 05:33:49,11,13,2,超棒的一个老师，马原选他绝对没错有意思
86864,3943,卢江,2018-09-19 06:24:04,34,36,2,没错 第一节课就被老师圈粉！
87155,3943,卢江,2018-09-21 03:07:33,32,34,2,第一节课就被圈粉，一个拥有140平米大房子的单身汉，喜欢做饭但不爱吃饭，还邀请我们去他家玩，很赞很有意思的老师
87644,3943,卢江,2018-10-09 04:18:04,20,21,1,正在减重的胖帅哥
88885,3943,卢江,2018-11-11 13:58:35,80,99,19,耶耶耶，老师脱单了耶！！！
88887,3943,卢江,2018-11-11 15:14:16,1,4,3,棒的很
89452,3943,卢江,2019-01-18 10:28:28,-76,23,99,讲得烂给分低
90358,3943,卢江,2018-11-23 09:06:55,11,13,2,我要见师母！！！
92500,3943,卢江,2018-12-31 14:41:30,15,15,0,马原选他选他选他！！！！！
92578,3943,卢江,2019-01-03 03:54:39,7,7,0,可太棒了叭
92668,3943,卢江,2019-01-03 12:37:38,15,16,1,本老博听完马克思主义与当代，竟然被圈粉了。
94811,3943,卢江,2019-01-18 08:34:58,73,77,4,见过最可爱的思政老师了！第一节课介绍自己人均140平米的大房子，热情邀请我们周末去他家吃他做的菜或者狼人杀，讲述自己相亲被拒绝的经历，立flag说自己这个学期要减肥40斤。最后一节课老师穿了超级显帅的小西装，告诉大家他超额完成目标减了60多斤，说希望我们看到只要想做没有什么做不成的。很幸运这个学期见证了包子哥一点一点变瘦变帅脱单！！赶在出分前来给包子哥打一波10分，害怕出分以后因为成绩差不能对老师做出公正的评价～毕竟思政课总是要正态的1551～
94843,3943,卢江,2019-01-18 10:06:38,1,2,1,还没出成绩，但是真的是很有意思了。
94846,3943,卢江,2019-01-18 10:11:46,4,5,1,老师群里说有人很棒 我觉得是我怎么办！
95276,3943,卢江,2019-01-19 06:34:15,4,5,1,好老师！\n\n
95301,3943,卢江,2019-01-19 07:14:20,17,18,1,棒呆！！虽然马克思不爱我但我爱江哥！！
95334,3943,卢江,2019-01-19 08:37:36,7,7,0,讲道理老师不错
95412,3943,卢江,2019-01-19 10:46:30,13,15,2,给分超级好，老师给这个分自己都过意不去……
95425,3943,卢江,2019-01-19 11:01:25,11,12,1,老师太好了，给分好到我自己都过意不去，ballball选到老师课的同学们一定要好好听课啊，不要辜负老师qaqqqq
95450,3943,卢江,2019-01-19 12:02:37,7,7,0,值得一选！
95501,3943,卢江,2019-01-19 13:14:30,24,27,3,我敢说，在座的各位，没有一个会说他不好的
95672,3943,卢江,2019-01-20 00:33:33,3,3,0,一个字：好！
95886,3943,卢江,2019-01-20 07:30:29,5,5,0,最有shi趣zai的马原老师\n\n跟着老师走，在通往共产主义的道路上不迷路（￣▽￣）／\n\n恭喜老师脱单~
95940,3943,卢江,2019-01-20 08:57:31,4,4,0,老师讲起马原很有意思，上课也不要求你一定要听可以自由安排，无点名，尽量给我们高分，很棒！
96039,3943,卢江,2019-01-20 11:54:39,5,7,2,成绩出了，千言万语汇成一句我爱卢江老师5555上课特别有趣，平常任务不重，复习时候特意回去看了老师以前给的思考题，居然就考到了！祝老师越来越瘦，早日发喜糖
96228,3943,卢江,2019-01-20 14:40:56,3,3,0,一个字：好
96356,3943,卢江,2019-01-21 01:07:33,10,10,0,江哥说他要低调，但真的忍不住来这里夸一下他，分多事少，真的很幸运！\n\n期待老师的新通识课！
96447,3943,卢江,2019-01-21 04:06:31,-15,10,25,水平实在有限
96469,3943,卢江,2019-01-21 04:41:41,4,5,1,哎除了好我还能说啥 老师人好厨艺好脾气好上课好给分好！！！
98979,3943,卢江,2019-01-24 06:12:47,3,3,0,包子哥太好了，跨年那天还跟我聊天了呢，我还问老师如何在一周内速成马原，哈哈哈哈哈，表白老师，最后还在群里发红包鼓励大家，总之，就是和我们没有啥距离感啦，尽管选就完事啦~
103413,3943,卢江,2019-02-28 03:42:49,0,2,2,老师讲的经济方面的知识很生动，比如涓滴啥的。老师上课超级有趣！
103428,3943,卢江,2019-02-28 05:22:12,3,3,0,一个字 靠谱
103435,3943,卢江,2019-02-28 06:09:36,3,3,0,老师太棒了！！！！
103436,3943,卢江,2019-02-28 06:09:51,3,3,0,看好老师！
104325,3943,卢江,2019-03-18 02:43:42,3,3,0,包子！
106212,3943,卢江,2019-04-25 14:41:18,5,7,2,太政治正确
108615,3943,卢江,2019-05-30 01:28:42,4,4,0,看之前说脱单的，为啥昨天老师还说请给我介绍对象。。。不过上课确实不错，点赞
109356,3943,卢江,2019-06-13 08:18:47,1,1,0,学习榜样！
110200,3943,卢江,2019-06-24 11:17:55,6,6,0,有包子一起吃啊
110379,3943,卢江,2019-06-26 08:11:57,5,5,0,有一次课上主观题当点名，会预先通知，政治经济学部分讲的很清楚
110482,3943,卢江,2019-06-27 06:12:43,2,2,0,老师讲得很好！对学生特别好！！给分更是没得说！！
110483,3943,卢江,2019-06-27 06:13:41,5,5,0,要求少，给分好，人有趣!重点是声音好听!让人不舍得翘课!哥哥真的超优秀一男的哦
110484,3943,卢江,2019-06-27 06:15:43,7,7,0,第一节课就觉得这个老师很有东西，也很有思想，虽然课是比较水的，但就算只是期末复习好好看看PPT也能学到很多东西，而且给分超好，出分前还特地问了绩点分布，我猜全班应该没有一个人被卡绩，能调的都忘上调了。
110485,3943,卢江,2019-06-27 06:31:29,0,0,0,爽爱了
110489,3943,卢江,2019-06-27 06:57:55,1,1,0,老师上课讲得很有趣!!给分也很好hhh\n\n
110490,3943,卢江,2019-06-27 06:58:05,4,4,0,很负责，如果正态了你回来加你微信跟你说明！小卢人太好了，给分也特棒！
110495,3943,卢江,2019-06-27 07:05:27,2,2,0,给分超好人也超好的老师！
110504,3943,卢江,2019-06-27 07:40:10,1,2,1,人很和善，上课讲课也很有趣，让我对这门课产生了兴趣。给分也很棒，上大学以来见到的和学生很相处的来的老师之一。
110507,3943,卢江,2019-06-27 08:00:16,1,1,0,都给我选！事情很少就一篇论文 可水可听 考前只看了一个多小时知识结构很慌 但是给分真的巨好！还会往上调分！马原老师不选卢江还选谁！（出分也是真的快
110513,3943,卢江,2019-06-27 08:16:43,1,1,0,怒评10分！感谢老师马原捞我一把！
110525,3943,卢江,2019-06-27 09:30:11,4,4,0,上课有小幽默，人很和善，上课内容丰富，而且不卡绩点！吹就完事了，吹爆！（各位送我上去）
110553,3943,卢江,2019-06-27 11:55:32,2,2,0,马原课简直棒呆 事情少 有趣的灵魂+给分优越 老师本身也很有能力 知识很广博的感觉
110603,3943,卢江,2019-06-27 15:07:30,10,12,2,不点名，没作业，考试告诉小技巧，考完24小时出成绩。满j了，爱老师。
110643,3943,卢江,2019-06-28 01:06:50,4,5,1,事少人好 没满但是4.2也可以了 谢谢老师
111038,3943,卢江,2019-06-29 09:57:47,0,1,1,卢老师真的太好太好了 不点名请假也不扣分 给分也超级超级好 而且是个精致男孩
113565,3943,卢江,2019-07-07 00:06:28,1,2,1,老师也太可爱了！上课各种元素丰富充实，给分也超好。最喜欢听他讲政治经济学部分啦！这才是思政课应有的水准啊
116647,3943,卢江,2019-09-12 07:55:55,13,13,0,知道为什么老师还没有脱单吗？\n\n因为神仙和凡人是没有未来的。
116648,3943,卢江,2019-09-12 07:55:52,6,6,0,知道为什么老师还没有脱单吗？\n\n因为神仙和凡人是没有未来的。
116649,3943,卢江,2019-09-12 07:55:52,7,7,0,知道为什么老师还没有脱单吗？\n\n因为神仙和凡人是没有未来的。
116683,3943,卢江,2019-09-13 04:00:06,12,13,1,一直不能理解老师为何会单身，我听完他的第一堂课就想嫁他了(￣y▽￣)~*
116684,3943,卢江,2019-09-13 04:04:49,0,1,1,单身男孩欢乐多 哈哈哈哈
117083,3943,卢江,2019-09-19 05:21:34,8,10,2,老师已经减下来啦，拒绝他的女孩该躲在角落后悔了，hhh
117553,3943,卢江,2019-09-26 02:06:09,4,5,1,怒评十分！！！！！！！\n\nMD太帅了！我死千千万万遍！\n\n讲课又贼好，贼好！\n\n人也超级好！！\n\n太优秀了，活该单身！
117766,3943,卢江,2019-09-30 12:07:34,6,6,0,第一面就爱上了！
120701,3943,卢江,2020-01-15 12:41:20,4,5,1,老师超级棒!
120827,3943,卢江,2020-01-17 17:08:40,2,2,0,什么也不说了我爱卢江哥哥
121085,3943,卢江,2020-01-19 13:35:31,4,5,1,神仙哥哥果断10分
122449,3943,卢江,2020-02-28 04:25:44,5,5,0,打十分是因为没有十一分
123408,3943,卢江,2020-06-08 08:55:06,-25,15,40,伪君子
124075,3943,卢江,2020-06-23 08:38:50,1,2,1,包子弟
124120,3943,卢江,2020-06-24 13:35:23,5,7,2,考前就复习了三个小时，刚刚查到满了，真是喜出望外。其实一开始觉得老师有点故意幽默，但听到后面还是觉得挺专业的，尤其是经济学部分。希望小哥哥能找到自己的小仙女，一直无忧无虑地过着快快乐乐吃包子的生活哈哈哈
124133,3943,卢江,2020-06-25 04:20:49,6,7,1,卢江xgg真的太好了，经常会幽默地拿“宋江”和包子举例子开玩笑，哈哈哈哈。给分也真的好，我一个渣渣能满绩绝对是托了马克思老人家（bushi和卢江xgg的福了。
124134,3943,卢江,2020-06-25 04:27:47,2,2,0,给分真的好
124135,3943,卢江,2020-06-25 04:41:23,2,2,0,爱卢江！赞！
124142,3943,卢江,2020-06-25 07:31:43,2,2,0,老师真的很好！！上课风趣幽默，还会发小红包。 超级好的老师！！！ 强烈推荐
125199,3943,卢江,2020-09-03 13:15:18,-14,4,18,老师讲课生动有趣，但给分不好，与我的付出不相符。早知道当初选付文军老师了
126937,3943,卢江,2020-10-28 15:21:22,4,4,0,很棒很幽默的老师，把马克思课上的生动有趣
129378,3943,卢江,2021-01-05 00:57:26,4,4,0,男神！
131457,3943,卢江,2021-01-27 14:36:39,2,3,1,卢江xgg又帅给分又超级好，我们这一次是没有读书报告（自愿写）改成课堂选择题小测（闭卷），认真背书学习，选择题妥妥的。选他选他选他！
131459,3943,卢江,2021-01-27 14:40:32,0,1,1,爱了爱了爱了
131460,3943,卢江,2021-01-27 14:49:09,6,6,0,给分也太好了吧！甚至都不太敢相信...人帅课好，还是个发红包狂魔。选他！选就完事了！
133630,3943,卢江,2021-03-03 04:03:15,0,2,2,非常棒 讲课很有意思
135346,3943,卢江,2021-05-08 10:57:38,16,16,0,老师很好，有些事情可能上面有压力吧
136061,3943,卢江,2021-06-10 14:28:07,5,7,2,江哥NB!!!
139065,3943,卢江,2021-07-12 10:42:57,2,3,1,超好der～
139268,3943,卢江,2021-07-14 02:25:55,1,1,0,好老师，学到很多
140669,3943,卢江,2021-09-15 03:41:07,2,2,0,老师太可爱了！！！！！！1
140703,3943,卢江,2021-09-15 07:17:42,1,1,0,老师真的太可爱了！！教的也很好，人超级风趣幽默，而且好贴心！
143039,3943,卢江,2021-11-18 10:17:35,6,6,0,太帅了吧，卢江xgg
143054,3943,卢江,2021-11-18 12:05:21,2,2,0,讲得非常有意思
143060,3943,卢江,2021-11-18 13:37:27,-16,15,31,讲社会主义发展史轮到科学社会主义，但是这个历史不知道体现在哪里，感觉就是一直复读各种车轱辘话，没有任何启发性和引发思考的能力。学生提出的问题不能正面回答，我没否定，我没说到和各种马虎眼。单纯的灌输自己的思想，还充满各种优越感。他一定是一个好人，但作为一个老师，我真的被ex到了
144569,3943,卢江,2021-12-22 10:40:04,3,3,0,老师好帅
145010,3943,卢江,2021-12-26 12:51:58,5,5,0,声音好听!人也长得帅！
145402,3943,卢江,2021-12-29 10:35:31,6,6,0,卢老师很好，上课有趣，最后一节课还送了每位同学一本书
145670,3943,卢江,2021-12-31 05:01:19,11,12,1,卢老师喜欢点名，一学期估计点了七八次。但是同学们，去听卢老师的课绝对不亏，我觉得卢老师真的是我大学遇见的最好老师之一。每次上课都会身着西装和皮鞋，这可能就是生活的仪式感吧。枯燥的马原知识在卢老师讲来真的很有趣。选上这门课我真的感觉很幸运。
145822,3943,卢江,2022-01-03 03:48:23,23,23,0,求是创新包子铺，一百块钱一天，不能再多了
148364,3943,卢江,2022-01-12 08:53:12,2,2,0,我超\n\n給分超好
151186,3943,卢江,2022-02-24 05:58:15,14,16,2,耶耶耶，老师当爸爸了耶！
152684,3943,卢江,2022-04-18 08:43:52,9,9,0,冬学期上的卢江gg负责的那个班的社会主义发展史，四史里其它的没上过，但这节绝对值得！老师都是神仙，给分也好，自觉论文无话可说最后4.8
157513,3943,卢江,2022-06-23 13:44:35,5,6,1,来评白月光ljgg\n\n思政课嘛内容大差不差，ljgg已经很尽力引用很多生活趣事了，还是动听的\n\n平时上课老师也会留一些时间给大家做题和复习，对最后考试是有利的\n\n因为课程号马上要变了，所以今年下午班就二十来个人，大家互评的时候也都非常给面子，整体都很高\n\n虽然最后卡了，但是ljgg绝对是值得10分的，马院最年轻的教授的课，还是很值得来感受下的\n\n而且确实好帅哈哈哈，第一节课一直盯着他在看\n\nbtw后面ljgg可能会去上经院开的政经导论这个通识课，对政治经济学感兴趣的家人们可以去关注一下！
159559,3943,卢江,2022-08-09 11:06:53,5,10,5,想跟他在一起
162483,3943,卢江,2022-11-23 07:12:56,4,5,1,第一节课被圈粉，好喜欢他[大哭]
164161,3943,卢江,2022-12-18 13:51:38,2,3,1,他还是这么喜欢猫
164244,3943,卢江,2022-12-19 17:34:51,0,0,0,选他没错
165524,3943,卢江,2023-01-08 03:22:09,0,1,1,超级精致的老师！上课很有趣，马原最后给分也巨好，带的研究生学长学姐对卢老师也是一致好评！大家冲冲！
165526,3943,卢江,2023-01-08 03:37:31,0,1,1,卢江老师真的超！级！好！把思政课上得很有趣，讲得也很好（没有认真听老师讲课都感觉很对不起他呜呜）。很有生活仪式感，平时来上课都会打扮得帅帅的（当然本身也很帅哈哈哈）。最后一节课会带着大家把书过一遍，以及，给分真的真的出乎意料的好。入股不亏！
165643,3943,卢江,2023-01-09 05:57:06,0,5,5,老师超好！给满了，大学第一个满绩！讲课超级好，会和大家分享自己的家和小猫！太爱啦！！
165752,3943,卢江,2023-01-09 13:38:17,1,2,1,老师家有三只猫，都很可爱哦。
166075,3943,卢江,2023-01-11 04:39:39,0,5,5,卢老师！男神！！经常给我们发红包 好贴心！给分也很不错！满绩了！喜欢！
166523,3943,卢江,2023-01-12 15:12:32,5,5,0,社会主义发展史：10/10\n\n社发史听的最认真的是卢老师的那节（当然wxp和bdw也很棒！）老师讲科学社会主义发展史但不拘泥于一块内容，有很多现代性的时事分析，对写期末论文很有启发性意义的，我的选题就是受到卢老师启发定下来的。总体社发史学下来时水时听，小测难度要看运气，期末论文好好写，相对于以前考试的形式，给分还是不错滴。
167951,3943,卢江,2023-01-20 15:51:04,16,26,10,马原\n\n政治经济学那部分讲的很清楚，因为涉及到老师研究方向。但是马哲部分实在一般啊。秋学期曾经私信和问老师问题，然后已读未回，还是有点点不舒服，年轻的教授可能觉得自己缺乏尊严，所以对学生摆起一点教授架子。其实就是一个中规中矩的马原老师，的确无可指摘地做好了分内的事，他认真上课，学生听课，再没有其他感情；他发红包，但他真的关心每一个学生吗？夸得有点太过了吧，可能是因为卢江老师颜值高迷妹多？当然多数人都不会认真听这个课，也不会对马哲有啥兴趣，所以评分虚高也不算奇怪。我不是说老师不好，老师很好，起码值得九分甚至更高，但真的值得满分（完美）吗？\n\n打个比方，你设想一下你学得不好老师会难过吗，如果会，那就是真诚盼着学生好的天使老师，如果不会，那就是一个本分的老师。卢江老师是本分的好老师，毕竟还在本分的范围内，给了他满分，那如何评价天使老师呢，还是说跟学生心贴心注定得不到回报，而精致、漂亮、表面和利己更能得到学生的爱戴？就在马原教研室，比卢江老师更爱学生更有激情的老师评分就不如卢老师。\n\n成绩主要靠考试吧。平时分应该都给的挺高的，任务也是所有马原老师都一样。我只是吐槽一下这个过分骇人的评分，还是推荐同学选卢老师的。
170305,3943,卢江,2023-03-02 15:20:00,4,4,0,世界上最好的老师！！！让我有了看书和了解时事的想法，希望成为和老师一样的人。
172226,3943,卢江,2023-04-23 02:43:08,0,0,0,老师非常好 新开政治经济学导论讲的很好
172382,3943,卢江,2023-04-26 00:37:49,0,0,0,这学期老师新开的政经导 老师备课很认真 对于半正态的成绩也会向同学们解释 最后出分很快 给分也很好！！好好听肯定有收获，事情很少，只有一个结课论文 几次雷达点名也是应学校要求 上课老师不会管水课的 也会给好好听的讲的很详细 好通识课好老师！选他！
172385,3943,卢江,2023-04-26 02:02:23,1,1,0,卢江，你是我的神！！！！！！
172387,3943,卢江,2023-04-26 02:52:40,0,0,0,上的是老师的政治经济学导论。老师非常耐心，讲的也很好！！！后悔有几节课没有认真听😭现在结课了，给分也很好😭希望老师未来一切都好！有缘再见！
172441,3943,卢江,2023-04-27 02:40:22,0,1,1,卢江老师我男神啊啊啊啊，长得帅声音也好听（doge，给分真的好好，政经导事少分高，期末用点心写一篇课程相关论文就好
172472,3943,卢江,2023-04-27 11:09:40,2,2,0,冬学期社发史，春学期政经导，拿了我历史上的两个最高分。论文都是自己写的，但难免狗屁不通。作为一个理科生，能在两个纯文科课拿高分真的太开心了。谢谢卢老师！
172804,3943,卢江,2023-05-07 11:44:58,0,1,1,老师讲课很有内容，知识储备强，教学水平也很高
175134,3943,卢江,2023-06-21 17:49:39,0,1,1,半夜出成绩马上来给卢江老师打满分\n\n这个学期上的政治经济学导论 非常非常好的通识课 老师是马院的所以对于马克思主义讲解特别透彻深刻 只要认真学真的能学到很多的！就算你只当它是个水课 只要听清楚课业要求高分也是轻轻松松 不卷发言不卷字数 课堂特别特别轻松又愉快！\n\n但是还是希望大家可以好好听因为真的很值得！一学期的课认真听完收获很多也很开心 论文是老师上课重点强调的论题也写得很认真 所以绩点拿满啦 特别特别喜欢老师希望老师越来越好！
175145,3943,卢江,2023-06-22 01:55:51,0,0,0,刚出分就过来评了，ljgg真的超级无敌好，政治经济学导论事少分多，最后一篇论文老师给分特别好，课上认真听也能学到特别多，快冲！！！！
175301,3943,卢江,2023-06-23 12:20:40,0,5,5,政治经济学导论喜提满绩，前来还愿\n\n如同卢老师第一节课说的，你可以水，也可以好好学。\n\n卢老师的讲课水平，我心目中和雯雯姐姐并列的Top2——吐字超级清楚，但是连着3节课完全不停歇，语速还略快，有些累。\n\n课的内容的话呢，还是不错的，不过上了几节课感觉有点重复的地方，后面就没怎么去（）\n\n如果需要的话，建议挂智云，一边听一边写代码什么的，可以当播客（）\n\n第一节课说重点点名，总共只点了两次，第一次是第一节课，第二次我溜了；最后认真写了论文，大概花了十来个小时罢\n\n推荐。感谢。
175576,3943,卢江,2023-06-25 14:36:44,2,2,0,很好！！
175702,3943,卢江,2023-06-26 08:42:40,2,2,0,卢老师讲课真的很用心，给分也很不错
176100,3943,卢江,2023-06-27 17:23:25,3,3,0,上课很好侃侃而谈，给分也很不错，站位非常红专 希望能听到更多课本外的东西！
178359,3943,卢江,2023-07-11 01:40:59,-57,7,64,傻逼南通，草泥马
178682,3943,卢江,2023-07-17 08:48:55,1,3,2,理想的思政课老师，选到马原真幸运
178988,3943,卢江,2023-08-14 05:41:41,-9,4,13,一言难尽…
186568,3943,卢江,2024-01-12 00:30:26,0,2,2,好好好
186970,3943,卢江,2024-01-14 03:43:44,1,1,0,好老师，选就完事，只要课都去，很高的
186973,3943,卢江,2024-01-14 03:52:29,1,1,0,出分了，感觉自己付出的努力对不起老师给的分数。\n\n没啥说的，必须十分献上
186981,3943,卢江,2024-01-14 04:06:25,7,7,0,古希腊掌管包子铺的神
186994,3943,卢江,2024-01-14 05:00:45,1,1,0,老师人真的很好！给分也好！
187212,3943,卢江,2024-01-15 05:47:52,1,1,0,卢江老师的马原课学的很认真
187955,3943,卢江,2024-01-18 01:50:06,1,1,0,特别特别好！事情特别少，也会一开始就说明上课发言不加分，不让大家卷。老师上课挺有意思的，给分也很好！
215442,3943,卢江,2025-02-26 06:33:06,5,5,0,包子铺老板
220864,3943,卢江,2025-06-20 07:39:58,0,2,2,给分不好
220882,3943,卢江,2025-06-20 09:08:35,1,1,0,ljgg人很好，顺利拿满了
220911,3943,卢江,2025-06-20 10:03:01,1,2,1,真神！期末最后一道大题没写几个字总评都有90
220972,3943,卢江,2025-06-20 14:00:53,0,0,0,神中神
81670,3963,潘恩荣,2018-07-05 23:56:23,0,2,2,:::
71085,4053,钟为民,2018-01-28 02:42:20,-2,5,7,真的好
71306,4053,钟为民,2018-01-28 09:16:21,1,4,3,不解释
86725,4053,钟为民,2018-09-18 06:39:06,24,34,10,选班长用石头剪刀布可还行
125737,4053,钟为民,2020-09-14 00:37:32,16,18,2,石头剪刀布选班长\n\n传 统 艺 能
129609,4053,钟为民,2021-01-08 13:25:17,9,14,5,一分都不想给，事情比毛概还多，浙大逼事最多的老师，上课固定座位，还不准干别的事，要做志愿，写读书报告，两次展示，一次小组大论文，还有小组总结，硬软要求一大堆，爱卷的同学就选吧，怕事的千万别选，事最多给分还差。
131537,4053,钟为民,2021-01-28 03:07:23,2,5,3,给分很迷，座位固定，屁事很多
131558,4053,钟为民,2021-01-28 04:19:59,-1,4,5,这学期是组长，话题分享和研究性学习都做得比较卷，期末考考前一小时翻了下书，最后4.8。读书报告别选平凡的世界这种会撞一大堆的（除非有自信可以写得很好），平时的分享多关注时事和社会热点，研究性选题别选容易撞的，更容易让老师眼前一亮。
132050,4053,钟为民,2021-01-30 04:19:09,-4,4,8,钟老师国字脸，对得住自己的名字——为民。小组事很多，感觉给分挺客观。（小组成员很重要很重要！！！）
133361,4053,钟为民,2021-02-26 09:49:15,1,6,5,很和蔼可亲的一位肥肥的老师，思修课整体上是令人愉悦的\n\n上课固定座位，讲的内容尚可，乱七八糟的事有点多\n\n思修我已经在认真卷了，最后给分还是一般，有点遗憾
141646,4053,钟为民,2021-10-20 03:50:52,4,6,2,事真的多，各种作业要求一大堆，\n\n小组展示让七分半到八分半时间，过于精准了吧我感觉，牛\n\n上课固定座位真的服，思修这种课说不让干其他事，服了\n\n说话的语气充满了说教的感觉\n\n讲的东西又很一般，并不能吸引到我
141726,4053,钟为民,2021-10-23 03:11:56,-3,3,6,表示钟老师人超好。有一次我因为网络问题没上传成功作业，新作业发下来才发现，去跟老师说了，本来不抱太大的希望，但是给老师看了编辑时间之后老师同意补交了！都不凶，挺温柔的。
141727,4053,钟为民,2021-10-23 03:11:54,-7,3,10,表示钟老师人超好。有一次我因为网络问题没上传成功作业，新作业发下来才发现，去跟老师说了，本来不抱太大的希望，但是给老师看了编辑时间之后老师同意补交了！都不凶，挺温柔的。
141739,4053,钟为民,2021-10-24 01:54:28,1,2,1,逼事多
141889,4053,钟为民,2021-10-30 06:26:41,2,3,1,弱智玩意
142220,4053,钟为民,2021-12-22 01:09:47,16,17,1,垃圾老师，没有水平，只会无脑红专
142238,4053,钟为民,2021-11-09 06:43:31,9,10,1,规矩不合理，上课单凭吹。倘若有本事，无需繁缛规！
142239,4053,钟为民,2021-11-09 06:45:43,2,3,1,哈哈哈呵呵呵
146536,4053,钟为民,2022-01-07 01:30:00,-1,0,1,任务确实不少，给分还行
146642,4053,钟为民,2022-01-07 06:50:27,2,2,0,绩杀。
148226,4053,钟为民,2022-01-12 02:06:11,2,2,0,？？？？？必须1分
165856,4053,钟为民,2023-01-10 06:26:45,5,5,0,特意在出绩点前来评价一下。上的是思修，说实话事情蛮多的，上课不能碰手机（会当面警告）。\n\n也许是思修老师的缘故，无脑吹中国各方面都好，西方行为错误不人道，常常罔顾事实。客观的说，难道我们中国在各方面都领先了吗，做的事情又都是正确的吗？\n\n而且很难沟通课后作业方面的事，这方面可能不如一些年长的教授和年轻的助教好沟通，死板不变通，循规蹈矩，没有人情味。
167575,4053,钟为民,2023-01-17 12:04:55,1,1,0,为什么不能打0分
172227,4053,钟为民,2023-04-23 03:06:23,0,0,0,（22年秋冬学期）老师似乎有所改观，事情看起来比往年变少了一些。上课就那样，红专课嘛…至少我可以理解。\n\n石头剪刀布当上副班长（这个确实……），读书报告选了八成不会重的《中国人物志》（其实文言文的译注对写报告挺有帮助…），小组展示俄乌战争也没有重（实际上10个小组8个大学生犯罪，我主持人串场都串晕了…），最后拿到大学中第一个满绩。\n\n（虽然副班长应该是个大加分点…要我说都石头剪刀布选了赶紧去碰运气啊，就算社恐万一欧皇呢……
179062,4053,钟为民,2023-08-27 06:26:27,2,2,0,绩杀 爹味 官味
180760,4053,钟为民,2023-09-26 01:45:42,1,1,0,事是真的多，给分非常的一般
188215,4053,钟为民,2024-01-18 12:09:18,3,3,0,向下捞第一次见，不管平时做多好最后总评少两分。为了优秀率强行扣分，真逆天
188493,4053,钟为民,2024-01-19 05:44:52,4,4,0,上了一个学期的课，一直觉得老师还不错。事情不算很多，思政课或许都这样，老师上课讲的也挺有趣的。\n\n但是出分……大一新生毕竟见得太少了，第一次知道原来是可以反向捞的，被无缘无故扣了四分降了两个档次并成功卡绩。这一个学期当了组长，平时的任务自认为都认真完成了，这样的结果真的让人很难受。
188639,4053,钟为民,2024-01-19 12:40:33,3,3,0,🪝🪨乱给分
188751,4053,钟为民,2024-01-20 00:11:22,2,2,0,绩杀，给分跟其他老师比起来低了一大截🤡
189037,4053,钟为民,2024-01-21 10:42:31,5,5,0,降优秀率降90+的不就好了，我折合期末考最后绩点可以卡个分，然后被他突然扣了平时分然后掉档卡绩了，不知道他怎么想的。\n\n（ps:其他老师都是往89分去捞人，只有他是往低了反向捞分，所以快逃😅😅😅）
86445,4114,姚明明,2018-09-16 08:15:40,-5,11,16,非常好
87298,4114,姚明明,2018-09-27 00:02:43,0,9,9,老师态度好呀
87314,4114,姚明明,2018-09-27 03:06:42,0,7,7,挺有趣的，
87639,4114,姚明明,2018-10-09 02:14:50,-3,9,12,老师挺好的呀\n\n
87680,4114,姚明明,2018-10-10 03:27:15,-2,11,13,能把无聊的思政课讲的好，不容易
88378,4114,姚明明,2018-10-30 01:52:56,4,17,13,老师很温柔啊，超级有气质，上她的课感觉很轻松
88523,4114,姚明明,2018-11-01 00:20:41,-2,9,11,老师人挺好的，说话也比较温柔
92023,4114,姚明明,2018-12-25 12:29:13,-3,8,11,还行的
93767,4114,姚明明,2019-01-13 10:50:44,-26,6,32,老师上课很不错，不知给分怎样，先10分吧
93870,4114,姚明明,2019-01-14 05:45:15,-3,11,14,老师很年轻，特别温柔，从不点名。就像一个大姐姐，很可爱。
94375,4114,姚明明,2019-01-16 08:52:55,-8,5,13,老师超级好
94852,4114,姚明明,2019-01-18 10:22:52,-20,5,25,点名只有第一节课的一次。\n\n老师平时事情少，人挺好的，也比较温柔，挺理解我们的，然后我也比较懒，上课什么的也都比较水。但是布置的任务有好好完成，考试前一天背了资料。\n\n（其实考试的内容不需要太背书本）\n\n然后绩点还蛮不错的，令我感动。
94856,4114,姚明明,2019-01-18 10:50:40,22,31,9,水课  。真的水  屁事少，不点名，但是最后成绩也只能说一般般
94860,4114,姚明明,2019-01-18 11:07:50,-3,7,10,不错的
94861,4114,姚明明,2019-01-21 00:26:07,71,88,17,绩杀。
94863,4114,姚明明,2019-01-23 11:58:06,-98,7,105,emmm课改的班，专题教学。老师的课一般吧容易睡去但是人真的好，挺懂我们的，事情很少标准比较宽松也经常后延ddl……专题课的其它老师有一些很有意思的。姚老师以前是浙大的学生会主席呢，不讲课讲故事的时候还是很棒的（不是）……学长进课堂是印象最深的一节课了。emmm之前一直担心思修要凉因为真的一节课都没听过，我们组的调研也很水，但是读书报告是非常认真地写了很多字（要求800我好像写了3000），参加了防艾进思修，考前一个礼拜就开始每天花一点时间把课本认认真真一个字一个字读过并手写思维导图，考试的时候感觉不太难，最后4.8，惊喜地吓到了。
94864,4114,姚明明,2019-01-18 11:23:54,61,76,15,老师平常人不错的，但绩杀
94865,4114,姚明明,2019-01-18 11:24:51,-9,5,14,温柔，知性的老师
94867,4114,姚明明,2019-01-18 14:20:51,68,78,10,平时挺好的，给分的时候就成了面带微笑的杀手。?
94868,4114,姚明明,2019-01-18 11:30:08,18,23,5,上课略水 给分一般
94869,4114,姚明明,2019-01-18 11:34:23,22,35,13,事不多 ddl比较宽松 老师人也不错 但是给分不高（虽然我水水过了）
94879,4114,姚明明,2019-01-18 11:56:08,47,58,11,平时真的很温柔，给分真的令我绝望
94881,4114,姚明明,2019-01-18 12:02:12,18,25,7,讲课很好，给分...唉
94884,4114,姚明明,2019-01-18 13:36:26,95,121,26,没想到思修成了一门拉均绩的课，\n\n呵呵，慎选。
94895,4114,姚明明,2019-01-18 12:23:26,10,12,2,⊙﹏⊙
94896,4114,姚明明,2019-01-18 12:24:23,-8,6,14,老师挺温柔的...给分我这里感觉还可以...
94897,4114,姚明明,2019-01-22 08:25:47,83,104,21,给分就是有病！班级里能有几个人上4哦？没想到思修竟然成了拉我绩点的课，不好意思打搅了我记住你了。
94898,4114,姚明明,2019-01-19 00:32:38,180,232,52,3.3的同学们顶一下好蛮？我想看看有多少3.3的
94902,4114,姚明明,2019-01-19 17:38:36,36,46,10,? 不要说什么绩点低的同学没有好好写读书报告志愿服务PPT什么的，姚老师就是绩杀啊。我一度怀疑我平时分被吃了?
94905,4114,姚明明,2019-01-18 12:41:13,7,11,4,上课水，课改感觉很无聊
94908,4114,姚明明,2019-01-18 12:45:14,24,36,12,绝对的绩杀 绝对的绩杀 务必排雷 我真没见过这么低的思修老师 因为她一开始没有评分所以没换老师 没想到是这么个东西 垃圾老师
94913,4114,姚明明,2019-01-18 12:47:50,56,65,9,老师看挺温柔的 但是绩点是真的?
94917,4114,姚明明,2019-01-18 12:51:27,-6,5,11,温柔的
94925,4114,姚明明,2019-01-18 13:01:14,40,53,13,卡你?的?呢
94929,4114,姚明明,2019-01-18 13:03:51,-12,6,18,很好的一个老师
94934,4114,姚明明,2019-01-18 13:10:53,44,57,13,啊啊啊绩杀绝逼绩杀。学弟学妹们要小心啊。明明就认真写了读书报告，研究性学习再怎么水，也不至于绩点3.3吧。而且还是在考试只有百分之三十的情况下。
94937,4114,姚明明,2019-01-18 13:15:42,15,22,7,很不错(*๓´╰╯`๓)♡但绩杀(▼皿▼#)
94938,4114,姚明明,2019-01-18 13:18:18,11,14,3,给分一般。\n\n
94942,4114,姚明明,2019-01-18 13:23:05,-18,6,24,庆幸自己绩点不错，没想到看到这么多绩杀…好好做小组作业个人作业，好好背书了，付出有回报。…庆幸庆幸…比其他思修老师，我觉得老师讲课还挺好的，虽然思修不怎么会听的orz真心觉得老师口才不错？…
94944,4114,姚明明,2019-01-18 13:30:00,-13,8,21,老师很好啊 人很温柔讲课也很好 至于楼上说老师不好的你们真的有认真写读书报告和志愿活动报告吗 老师真的是会一个个去看每个小组的报告的  全是比较认真的老师了 而且也不点名 我觉得老师挺好的
94956,4114,姚明明,2019-01-18 13:43:17,67,81,14,付出与回报完全不成正比。每一项作业都认真完成，也积极举手发言，作为组长只有3.3……绝望了
94959,4114,姚明明,2019-01-18 13:52:00,-24,6,30,给分迷 平时小组里都没有接到很重的活\n\n结果还上四了
94962,4114,姚明明,2019-01-18 14:49:44,32,42,10,绩杀，不想说什么? 那些说好的评论都是在考试之前说的，看清楚喽?
94966,4114,姚明明,2019-01-18 13:57:56,19,24,5,绩点让我心态炸裂
94968,4114,姚明明,2019-01-18 13:59:34,42,52,10,给分不太公平。。。期末出成绩了也没有告诉具体得分情况，得分规则有点迷。年轻的老师，口语流利，思路敏捷，但是确实对于同学们成绩的把握不是很认真对待。期末ppt展示，但最后一天有事没来上课，让别的老师代为上课。感觉展示没啥用。真心绩杀，慎选。不过感觉上课积极发言可能会提分，但是话筒传得永远很迷。
94979,4114,姚明明,2019-01-18 14:07:56,35,42,7,思修是我目前分数最低的一门课，好开心的呢。
94985,4114,姚明明,2019-01-18 14:15:57,9,13,4,人不错但是绩杀
94989,4114,姚明明,2019-01-19 01:12:20,18,21,3,水，多发言吧，研究性学习认真做。然后求求那些没有责任心还没有能力的人别抢着当组长了。
94995,4114,姚明明,2019-01-21 07:32:56,37,47,10,不知道一门3.3的思修拉了我多少的绩点
94998,4114,姚明明,2019-01-27 01:00:30,-1,11,12,给分挺好
95016,4114,姚明明,2019-01-18 15:03:20,-4,9,13,虽然我绩点不高，但感觉老师平时分给的还行，主要原因应该是自己考试也没考好，绩点低也不能只怪老师吧。。。（而且老师确实挺温柔的）
95024,4114,姚明明,2019-01-18 15:12:29,10,15,5,平时作业全部认真完成 期末呵呵 绩杀
95025,4114,姚明明,2019-01-18 15:12:40,27,33,6,那些考了高分的拿了高绩点的自己知道就行了呗，有必要告诉所有人吗？
95027,4114,姚明明,2019-01-18 15:14:46,15,19,4,卡绩，出成绩一句话都不说，
95029,4114,姚明明,2019-01-18 15:18:25,21,27,6,组长累死累活只有3.3，一个学期努力最后卡绩......
95035,4114,姚明明,2019-01-18 15:26:19,19,24,5,一开始看到绩点真的...不过大家都这么惨我也平衡了?为什么不能像梁清华那样啊?两舍友都满了?
95049,4114,姚明明,2019-01-18 15:38:27,4,8,4,讲课还行，绩点给的太低了吧，作为思修
95071,4114,姚明明,2019-01-19 00:43:50,-42,14,56,超级好的老师！年轻漂亮，温柔甜美，像一个知心学姐一样，每次上课逻辑都很清楚讲的也很好，思修可以做到这样真的非常棒了！并且平时真的事少！志愿者服务也可以个人完成，很为同学着想。给老师发过2次邮件问平时任务的相关要求，老师回复的都很好，非常平易近人。最后给分我觉得也非常好了，我不是组长，平时也就是认真完成了相关作业，考试没复习靠高中政治答的……最后4.5。看到下面那些骂老师的，真的很无语，思修这种课，只要平时任务认真对待了，谁会绩杀你？？？自己这一个学期干了什么心里没点b数？你这种评论发上来，除了说明你本身素质低劣之外说明不了任何问题。推荐学弟学妹选！很棒的女老师啦～
95073,4114,姚明明,2019-01-18 16:11:05,12,16,4,为什么全是3.3，我想说我也是3.3..哭了T﹏T明明都认真做了
95074,4114,姚明明,2019-01-18 16:15:56,-3,5,8,老师很温柔
95087,4114,姚明明,2019-01-18 17:29:00,-11,7,18,老师很温柔很平易近人，讲课还行，作业量少，我绩点4.2，比预期的低，但看到比我惨的大有人在，觉得自己还算幸运吧……觉得给分挺迷，但是组里揽了大锅的同学绩点确实比我高……通过这个课认识了很好很厉害的同学，也算是一种收获～
95096,4114,姚明明,2019-01-18 23:03:16,1,4,3,水课，不好，，Ծ^Ծ，，
95109,4114,姚明明,2019-01-19 00:05:54,7,9,2,讲课很好，但是绩点给的不够合理
95115,4114,姚明明,2019-01-20 03:48:48,19,26,7,嗯，思修也是我目前绩点最低的一门课，我也很开心呢！\n\n谢谢老师鸭！另外，楼下那些评论我们这些低绩点就是因为没有努力的同学，我只想送你们两个字:呵呵。希望你们以后能够多上这位温柔又给分高的姚明明的课鸭！
95116,4114,姚明明,2019-01-19 00:43:28,-6,5,11,我是上上楼，上楼的话，我，额，不知道怎么回复。我很赞成他说的大部分，但成绩不只是平时的累死累活，还有考试的发挥呀，而且还有发言啊。平时很忙可能只是研究性那百分之三十拿的很高，但那百分之七十可能是组员学的比较好。勿喷，我也很佩服许多组长。
95119,4114,姚明明,2019-01-19 00:29:43,18,23,5,我不知道下面那位同学“平时任务认真对待谁会绩杀你”的说法是怎么总结出来的。或许您自己确实拿到了和您付出匹配的成绩，但也有累死累活的组长最后拿到一个3.3，比某些摸鱼组员都还低，您觉得这个样子合理吗？看到绩点低就说绩杀确实不对，但付出很多却拿低分的同学的郁闷您知道吗？
95129,4114,姚明明,2019-01-19 00:55:42,-13,5,18,思修课专题教学 总的来说比较水吧 因为是在东2大教室 没人点名 一般来说去不去都无所谓 但是姚明明老师讲课是真的好 虽然我也被绩杀 但不可否认这是一个讲课很好很好的老师
95147,4114,姚明明,2019-01-19 01:43:05,12,15,3,绩点3.3我以为我是最低的，看了评论那么多3.3我就平衡了。。。。。为啥没有0分的评分??
95153,4114,姚明明,2019-01-19 02:00:50,2,5,3,平时很好，人也很温柔，给分一般般吧
95156,4114,姚明明,2019-01-19 02:07:24,2,4,2,思政课成了娱乐课，效果不是很好，给分真的很一般
95203,4114,姚明明,2019-01-19 11:33:09,1,5,4,呵呵，看到绩点真的要笑了，另外请某些同学注意一下自己的言行，这样只能展现出你的素质是有多低
95212,4114,姚明明,2019-01-19 05:07:20,10,14,4,绩杀\n\n我就是那个绩点3.3的组长 呵呵
95262,4114,姚明明,2019-01-19 06:05:00,18,22,4,"无法可说。""平时任务认真做谁会卡绩""？？？思修课任务是固定的几项  凭什么就说别的同学没有认真做？在小组活动中付出最多的同学们卡绩  最后是小组内参与活动最少几乎没有参与的人成绩最高？有所谓的评判标准吗？思修课也没什么好复习的  考前刷题卵用都没有  完全没必要。专题教学 在大教室上 人多 效果巨差。老师  平时挺温柔的  讲课 也就那样吧。可是我还是不能接受卡绩的事实  思政课不上4也是醉了。如果预置上  能换还是尽量换吧。隔壁老师可能虽然事情多  但绩点都很好。。"
95267,4114,姚明明,2019-01-19 06:59:21,7,8,1,枯了，作业都认真做，分低分高都没有一个明确的标准，还这么多卡绩的，即使这老师上课再怎么好，还是很失望
95307,4114,姚明明,2019-01-19 07:42:59,7,8,1,zqx二号
95398,4114,姚明明,2019-01-19 10:27:04,1,3,2,讲课感觉还好，绩点不是很高
95418,4114,姚明明,2019-01-19 10:55:31,-1,2,3,老师很温柔 但我没认真听_(:з」∠)_\n\n我对我的分挺满意的，我们小组的分好像也都还可以。不过不知道老师给分的标准是怎样的……
95503,4114,姚明明,2019-01-19 13:17:54,3,7,4,客观评价一下吧！\n\n老师很温柔，课下也热心回答问题。\n\n只是考核标准怕是玄学……
95527,4114,姚明明,2019-01-19 14:09:20,16,20,4,绩点很低，与我付出不成正比。身为组长，组内一大半以上都是我付出的，组织各种活动等等这些组员都是看在眼里的，其实我不想说我就一定要比组员高之类之类，只是单纯觉得绩点很不值。抱抱自己哈哈哈。不过我心态好。楼上说评分也有考试的因素在里面，但是我也是文科生，高中政治也学了，并且我高中政治不差，我也记得。虽然最后绩点没上四，让我非常遗憾，但是对比那些3.3的同学，我觉得自己还是很幸运了。大家加油
95550,4114,姚明明,2019-01-29 01:21:42,10,13,3,...
95758,4114,姚明明,2019-01-20 03:47:12,-2,3,5,个人觉得不错  人很温柔  可能给分。。
95876,4114,姚明明,2019-01-22 08:52:32,46,55,9,都已经一百多号人打分评论了，为什么还显示评分0.0？敢不敢亮出真实的评分！？？
96008,4114,姚明明,2019-01-20 11:09:52,8,11,3,莫名其妙的绩杀，我佛聊
96046,4114,姚明明,2019-01-20 12:00:44,-2,6,8,老师人很好，很温柔，忘记了ddl会提醒会等我们，平时上课和读书报告之类的要求不严所以考试可能就比较重要了
96269,4114,姚明明,2019-01-20 15:46:38,4,8,4,老师非常温柔
96330,4114,姚明明,2019-01-21 00:23:57,8,12,4,评分标准很迷，会出现辛辛苦苦的组长比划水组员绩点还低的情况。
96334,4114,姚明明,2019-01-21 00:33:28,8,11,3,老师呢是最温柔的\n\n绩点呢是最低的\n\n呵呵思政课3.3 佛佛佛
96382,4114,姚明明,2019-01-21 01:49:39,8,11,3,3.3啊3.3
96398,4114,姚明明,2019-01-21 02:23:33,-3,3,6,感觉每一个作业都竭尽全力鹅颈的话就绩点海星吧。但是真的很，标准不清晰。就很沮丧。鹅颈让人疲惫。
96466,4114,姚明明,2019-01-21 10:17:25,12,15,3,平时都有好好搞，无论是读书报告还是综合性研究报告都很认真，考前一个星期就开始复习 过了几遍书本，甚至在文印店买了题库看，最后考试题题认真思考，主观题每题都答满一面，信心满满的交卷。然后眼睁睁看着这门?课拉我均绩。我无话可说，没见过哪个思修老师给分这么低
96511,4114,姚明明,2019-01-21 05:24:21,9,11,2,不要选 不要选 不要选 不要选
97013,4114,姚明明,2019-06-02 10:52:37,7,9,2,思修拉绩点了。。。。
97585,4114,姚明明,2019-01-25 08:05:27,14,18,4,平时面带微笑 给分绩点呵呵\n\n你不如改名叫姚33吧
97772,4114,姚明明,2019-01-25 06:28:21,3,8,5,总结一下，思修给分是玄学，至于选了sqtp的组毕竟是少数，不否认他们的付出，但也不否认其他组的付出。总之，可能其他分高一点的老师在给分上会好一点吧，如果预置的可以考虑选课的时候试试换班。
97839,4114,姚明明,2019-01-22 23:40:41,9,11,2,人很好，很温柔\n\n但这有什么用？\n\n任务不算多但评判标准迷，经常让其他老师代课，上课的发言不知道哪几次会加分，期末考试我也不知道怎么才算好的答卷。\n\n综上，建议直接梁清华\n\n
97844,4114,姚明明,2019-01-22 23:46:31,10,13,3,真的绩杀，不管你平时努不努力，分都不高，想知道她是所有人都打了3.3吗？而且分组极为不合理，是按生日分的。组长是真的有问题，明明一开始投票出来是另外一个主题，偏却说做那个的人太多了要换一个，然后就自己定了一个交上去了，exm？真的打击积极性。
97917,4114,姚明明,2019-01-23 01:43:52,22,26,4,兄弟 人性的丑陋在思修课堂上显露无疑 fw
98130,4114,姚明明,2019-01-23 05:56:11,3,6,3,同学绩点低
98231,4114,姚明明,2019-01-23 08:27:04,4,7,3,辣鸡老师毁我均绩
98234,4114,姚明明,2019-01-23 08:29:31,2,4,2,平时挺好但绩杀。
98455,4114,姚明明,2019-01-23 13:00:22,13,15,2,你比微积分更拉我绩点
99245,4114,姚明明,2019-01-24 13:23:54,-4,2,6,事情挺少的\n\n上课也比较有意思（感觉能把思修上成这样挺好了
99306,4114,姚明明,2019-01-24 14:33:13,-31,4,35,老师漂亮又温柔我爱了嘻嘻嘻，以前还是浙大学生会主席哦~看到很多说绩杀的同学我想说两点:第一，研究性学习一定要好好做不要水，我在报告成果之前就觉得我们组研究性学习真的做的很不错应该会很赚分果然被选入SQTP了。第二.考试请认真对待，我是没有完整看过书直接买了题库刷的，真的有做到原题，大题目真的凭真情实感写，调理逻辑清楚字数不要太少，(我一题是写了大半面)，考试也不会差的。如果你觉得思政课就应该高绩点就应该比专业课好应付那你活该凉掉。我4.5，自认为付出和收获基本成正比。
99911,4114,姚明明,2019-01-25 09:28:22,-6,1,7,还可以
100038,4114,姚明明,2019-01-25 13:03:47,8,9,1,两个字，绩杀
100148,4114,姚明明,2019-01-25 15:56:14,38,47,9,通过姚老师的课，我学到了很多有用的知识和做人做事的道理，比如明象征着3，姚明明象征着姚33……再比如说以后可以骄傲地对学弟学妹们说避了姚33，快感谢学姐，学姐帮你们避了个大坑……
100788,4114,姚明明,2019-04-20 10:05:01,-87,12,99,无意引战，看了那么多骂老师的我真的想说点什么了。首先，我分不高，但也不是3.3那么低，一些人说自己什么作业都认真完成了你确定你就比别人认真?我没旷过一节课，有的人上大教室课的时候是不来的。我读书报告写了1.5w字，没错，就是恶竞。小组展示ppt我做了又改改了又修，四五次肝到两三点。志愿活动我参加了八次活动40+小时数。期末考试前我把历年选择题全做完了，论述题也全看了一遍。所以我刚刚好上四了，我觉得我配上四，你们要是和我一样考到这样那对于我的公平在哪?       其次，我想说说给分这件事，平时老师只是偶尔点名，所以出勤率应该都有，上课发言小组几乎都说过几次所以大家这项分数也都差不多。至于读书报告有很多人恶竞这我不说了吧，小组展示就是你们自己的事，据我看来，大多数小组都很ok。所以决定分数大小的还是那30%的考试吧，毕竟有正态老师会调分的。  \n\n  就别有人再继续骂老师了，你们口口声声说自己多努力绩点不如某位L老师班里的学生，绩点真就那么重要吗？思修课本来就是学习思想道德素质的，你们学到东西了吗？学到了就好，绩点可以再靠别的课争回来。没学到……，呵呵，自然说着自己学的认真然后来这里匿名骂着老师了。
101133,4114,姚明明,2019-01-27 15:27:38,1,2,1,上课还好，给分很迷
101584,4114,姚明明,2019-01-28 13:42:38,4,5,1,无语，给分就是差，没什么好洗的
101627,4114,姚明明,2019-01-28 15:37:11,-6,1,7,很年轻的老师。思修嘛，也是一门水课，只要高中学政治其实不听都行，读书笔记好好做，团队研习好好做没什么问题，感觉姚老师上课的方式个高中老师差不多，会画重点讲，期末把书溜一遍就没啥事。不过这种期末考试成绩普遍都低，所以还是劝能选上不考试的老师就选不考试的，比如梁清华。。
101946,4114,姚明明,2019-01-30 00:48:46,1,2,1,大绩杀
102492,4114,姚明明,2019-02-03 11:58:38,21,24,3,那个说无意引战的学生是条狗吧，
102677,4114,姚明明,2019-02-20 04:22:29,21,23,2,请pick李汶翰，嘉羿，管栎，杨杨，文煊，姚驰，王加一，姚明明，陈宥维，，，，送姚明明出道！！
102749,4114,姚明明,2019-03-19 02:42:04,-2,4,6,无话可说
103163,4114,姚明明,2019-02-26 09:16:42,-7,1,8,舒爽 10分
103445,4114,姚明明,2019-02-28 07:10:55,10,11,1,无意引战那个这么厉害才刚上4？是不是老师更厉害？
103592,4114,姚明明,2019-03-02 03:11:14,-3,1,4,老师很棒很有亲和力给分也很好
103603,4114,姚明明,2019-03-02 06:11:40,2,3,1,大绩杀
103684,4114,姚明明,2019-03-04 07:15:54,2,3,1,垃圾老师，课水就算了还绩杀?
103932,4114,姚明明,2019-03-07 11:41:40,23,29,6,无意引战那个你知不知道又当又立天打雷劈？你恶竞成这副舔狗样不应该追求满绩吗？也就上了四而已，就开始以一人之力踩全班同学舔老师一个人，跪着说话习惯了是吧，祝你年年遇到这种老师，论文写他个15万字期末得四分出头，加油！ 再说说我，我分不高，但我确实干的事不多，我认。但是我们小组一个男生付出了多少，他只是比你这个恶竞的多一份良心而已，论文讲清楚就ok了，志愿者有帮到忙就好了，结果3.3，这就是说明这老师打分有问题，我们希望这个老师以后更好，努力的都有回报，像你这样直接开舔？你妈明天出门买菜必涨价。还自豪的“就是恶竞”，亲亲这边的建议是到文广上大声朗诵这句豪言壮语呢～
104403,4114,姚明明,2019-03-20 00:09:24,-17,3,20,超级棒，可讲的很好，年轻漂亮，给分其实挺好的，4.8亲证
104412,4114,姚明明,2019-03-20 02:34:00,-5,1,6,给分还好吧……只参加了一次活动，接了个写新闻稿的锅，加起来也才花了一个下午时间。不过一次不参加我也不知道会拿几分。
104651,4114,姚明明,2019-03-26 01:42:36,9,10,1,终于亮出评分了。在此排雷，学弟学妹们可以不用被0.0和她的微笑坑了。
104669,4114,姚明明,2019-03-26 02:19:46,10,13,3,今天分数终于显示了，居然有五分，那就再打个1分吧
104675,4114,姚明明,2019-03-26 02:54:54,-1,0,1,233
105430,4114,姚明明,2019-04-13 02:48:18,2,3,1,大绩杀
105456,4114,姚明明,2019-04-14 10:39:29,1,3,2,严重拉低绩点?
105471,4114,姚明明,2019-04-15 03:42:45,23,26,3,无意引战的同学 口口声声说思修课要提升思想道德素养。是不是我太菜了？为什么我一点都看不出来你除了会舔狗以外，哪里有思想道德素质可言？\n\n给你一个人分好(其实还不如别班的平均分)你就来这吹她？那其他人呢？以后选她课被绩杀了的，你给他们补偿么？还是让他们掘你祖坟？  最后  恶竞大佬 我们惹不起
106853,4114,姚明明,2019-04-30 05:13:13,7,9,2,人温柔，事儿少，但是到了给分就?杀 了，可能是老师严格按标准评分没有调分
107552,4114,姚明明,2019-05-06 12:12:30,5,7,2,竟然亮出评分了，那我再打个1分吧。
107745,4114,姚明明,2019-05-09 01:56:40,-3,2,5,老师人不错
108628,4114,姚明明,2019-05-30 04:21:18,4,5,1,这种老师怎么来的浙大？居然还有五分。奇妙
108787,4114,姚明明,2019-06-02 08:48:35,9,10,1,抽空给她评一个1分是我的日常 一想到她我就生气
108884,4114,姚明明,2019-06-03 15:04:18,5,5,0,我还是sqtp组的呢，付出那么多，啥也没得到，还有sqtp答应的500块钱，到现在没来。。。。。。。
114361,4114,姚明明,2019-07-09 23:44:14,2,3,1,思修要怎么学到东西啊？我觉得上上历史还能有所收获和感悟，可这种东西。难道思修分数高就代表道德修养好吗？那看来3.3的我是不用做人了。收拾收拾退学算了。
115388,4114,姚明明,2019-07-20 16:34:32,8,9,1,给分很差
116643,4114,姚明明,2019-09-12 06:56:44,-2,0,2,太爽了
116703,4114,姚明明,2019-09-13 15:28:07,-16,4,20,1.思修课大部分班级的均分都不高，毕竟这类的政治课平时分肯定会扣，而且考试很难拿高分；所以十分在乎绩点的建议隔壁梁老师。\n\n\n\n2.几乎所有评论都围绕着“给分低”这个话题喷来喷去? 唉摸摸你们，但是请记住一门课的成绩不是一切，对你三四年后保研或什么的成绩的影响也非常小。能从课中学到什么（不一定是考试内容）、能认识哪些人并学到他们身上的优点是政治课中更重要的。\n\n\n\n3.无论是谁，觉得自己的付出没有得到足够的回报都是很难过的? 但是否愿意站出来、稍稍费些心力和老师做个沟通，提出自己的建议呢？这比单纯的批判要好。\n\n\n\n4.以我和姚老师的接触和对她的了解，如果思修课不用给成绩，这里的评分无疑会比现在高得多。（这也反映了现在查老师给分的一大规律）相信会有人愿意站出来向老师提出自己的质疑与建议，也相信姚老师会做出改变。\n\n
117496,4114,姚明明,2019-09-25 06:01:02,8,8,0,没有人觉得有点像低配版崔雪莉吗
117676,4114,姚明明,2019-09-28 17:24:02,9,11,2,思修史纲这种课真的可以展现出人性最恶毒的一面
120349,4114,姚明明,2019-11-29 12:42:51,3,7,4,垃圾姚明明。长得和个瓷娃娃似的没想到心却是石头做的。
120710,4114,姚明明,2020-01-15 17:15:05,7,14,7,姚老师很好的，上课很好，长的也很漂亮。\n\n上课每次到，作业认真完成，积极参与课堂就够了，\n\n期末属于裸考，（看了一小时书）最后裸考80+。总评95。给分超好，另外一个妹子上课不怎么举手，认真完成作业也4.5了。。老师真的好！！
120726,4114,姚明明,2020-01-16 01:36:32,3,6,3,几乎不点名，老师很温柔，上课也没怎么听，认真完成实践作业就好，考试挺水的，最后4.8
120783,4114,姚明明,2020-01-17 01:17:07,1,5,4,我是2018年秋冬学期的课 4.5\n\n不知道发生了什么\n\n志愿(10h)和读书笔记都很水\n\n小组展示中规中矩，报告没有鹅颈字数\n\n没有复习考试提前一个小时交卷跑了\n\n唯一的优点是无论什么形式的签到我都在\n\n据说这样的待遇是上一级学长学姐争取来的，难道历史重演(？)\n\n以上\n\n
120820,4114,姚明明,2020-01-17 16:59:43,2,7,5,老师已经不是绩杀啦 挺水的 最后4.5
121444,4114,姚明明,2019-12-16 06:04:29,0,1,1,绩杀?
122181,4114,姚明明,2020-02-19 15:16:32,4,5,1,给分还行吧
122728,4114,姚明明,2020-03-26 10:09:07,5,9,4,从没听过思修课，作业也是水水过的，展示作业也没怎么用心，只期末看了以前的考题，就拿了4.2，还挺满意的
122834,4114,姚明明,2020-04-12 16:37:11,-2,5,7,给分没有说的那么差呀
122949,4114,姚明明,2020-04-24 07:01:43,8,14,6,知道您是学生会主席了，能不能别说了哦，跟学生这么夸自己真是够了，浑身上下的优越感
123417,4114,姚明明,2020-06-08 15:07:02,-7,6,13,已经不是绩杀了。上课划水，没有发过言，作业水过去，考前看了眼课本目录，4.5。
125471,4114,姚明明,2020-09-10 01:48:56,4,7,3,18级补个评分 绩点3.3 哭了
126920,4114,姚明明,2020-10-28 07:07:47,1,2,1,上课举手压力大
128443,4114,姚明明,2020-12-23 06:56:15,2,3,1,还不错
131567,4114,姚明明,2021-01-28 04:41:13,9,11,2,真 绩杀
131568,4114,姚明明,2021-01-28 04:51:45,5,5,0,呜呜呜，3.6，还卡绩了，虽然我也没有上课都是水的，思政课看老师太重要了，呜呜呜
131583,4114,姚明明,2021-01-28 05:38:54,1,5,4,报告都不看小组工作分配的吗\n\n组长做了这么多事情绩点这么低\n\n组员水一水满绩？
131588,4114,姚明明,2021-01-28 05:53:54,6,7,1,怎么打零分
131605,4114,姚明明,2021-01-28 06:48:48,2,6,4,哇4.8，可能因为我是组长吧，老师挺不错的
131622,4114,姚明明,2021-01-28 07:57:31,18,20,2,救救明明老师的评分吧！感觉真的没有那么夸张吧\n\n感觉最好的是平时事情很少（是真的很少）而且老师非常温柔上课也总是微笑，我因为面试请假找她沟通的时候还被鼓励好好准备，真的很温柔！同学回答或者做展示也会很认真地听（而且感觉明明老师好漂亮嘎嘎嘎）\n\n分数的事情不太清楚，不过我们小组整体都很不错来着，个人觉得可能是因为调研报告原因吗（？）总之感觉老师布置的任务都好好完成应该不会差的吧，除此一定要把握志愿者和读书报告展示的机会！这个好像很加分！\n\n就我个人感觉给分很不错！冲就对了！
131624,4114,姚明明,2021-01-28 08:00:40,7,10,3,老师人挺好的 偶尔点名 上课没回答过问题但是抢过一次pre（并且做得不好）最后4.5
131636,4114,姚明明,2021-01-28 09:04:55,5,7,2,？我觉得挺好的啊 上课从来没听过但是都到课了，研究报告好好写，展示很水，裸考4.8
131644,4114,姚明明,2021-01-28 09:36:46,0,1,1,老师很温柔也很水，平时分给分还行，主要看自己考试成绩吧
131715,4114,姚明明,2021-01-28 13:59:25,2,5,3,事少，分也很好，不要被评分骗了。力挺姚老师!
131735,4114,姚明明,2021-01-28 15:43:16,0,1,1,老师上课体验很好，拯救评分
131832,4114,姚明明,2021-01-29 04:41:27,6,10,4,老师真的很好！不是组长，也不展示，最后绩点很不错！
132277,4114,姚明明,2021-01-31 13:01:54,2,5,3,已经不是3.3老师啦
133303,4114,姚明明,2021-02-24 05:50:28,9,11,2,以前绩杀是事实，但是现在给分挺好。\n\n老师在思修课上说，希望思修课只是思政类的入门课，而不需要死记硬背，不同于后续的马原习概这类，大家只需要养成正确的观念就好。确实如此。
133710,4114,姚明明,2021-03-04 05:33:22,9,9,0,3.6水过去的，因为本人不是很追求绩点所以对她意见不大，主要想嘲笑一下那个鹅颈的。不是吧不是吧你这么努力最后只是“绩点上4”？？？
134585,4114,姚明明,2021-04-03 08:19:43,-2,4,6,老师很好，不要瞎黑
134746,4114,姚明明,2021-04-13 07:39:15,0,2,2,3.3
135138,4114,姚明明,2021-05-03 05:58:07,7,8,1,个人感觉姚老师思想挺包容的；\n\n期末考试第一道大题，要求举有关法治的例子，\n\n我举了文革的时候，毛泽东喊出了砸烂公检法的口号；\n\n还有北京西城区公安局被红小将占领，局长被批斗，游街的事我也写上去了；\n\n最后给了我3.9
135630,4114,姚明明,2021-05-17 09:16:04,1,1,0,一般般
136591,4114,姚明明,2021-06-21 12:41:52,4,4,0,3.9。老师还好，事不算太多，给分尚可。现在的评分确实有点低了哈😂
138900,4114,姚明明,2021-07-11 15:49:53,1,2,1,老师评分真不至于这么低
140559,4114,姚明明,2021-09-13 23:59:17,-2,2,4,人美课好
140568,4114,姚明明,2021-09-14 02:21:31,3,6,3,第一堂课体验还行，但是鉴于评价的同学们都说给分不行来洗白一下。\n\n老师自己课上说刚上课的时候没有经验给分确实低。现在她自己课上承诺只要不缺课，任务都完成，给分不会很差。\n\n这样的话不应该是5分多的评分的，拉一下平均分。
141496,4114,姚明明,2021-10-12 06:33:31,0,2,2,老师真的很好 又漂亮又有气质
141981,4114,姚明明,2021-11-03 02:20:44,2,2,0,。。。
145052,4114,姚明明,2021-12-27 05:45:48,5,7,2,挺好的老师 本人大二了 大一上的课 之前一直听大家说绩杀 就有点怕 小组作业认真做 但不是最好的 而且论文和pp（志愿活动）都一般吧 最后考试裸考 可能因为学的是政治 最后4.8 有点惊讶了 并不觉得是绩杀
148434,4114,姚明明,2022-01-13 17:15:09,-3,3,6,4.5还愿（不是
148459,4114,姚明明,2022-01-12 14:11:42,0,5,5,本人20级ymm思修班课代表，呕心沥血4.5。感觉需要个人展示读书报告、志愿服务才能拿更高的分数。
148845,4114,姚明明,2022-01-13 17:17:23,-2,3,5,人好事不多给分也很不错\n\n就是说我觉得不止这么点分数
148847,4114,姚明明,2022-01-13 17:23:41,-2,4,6,4.8还愿
148848,4114,姚明明,2022-01-13 17:28:17,6,9,3,不再是3.3老师啦 讲课清晰胜过很多其他老师 值得高分呐
148862,4114,姚明明,2022-01-13 22:28:54,1,3,2,给分高，事情不能说少但也只是一般般，点名是最基本的吧，也可以接受。最后还捞了我一把！！姚老师真的很棒！！
148868,4114,姚明明,2022-01-14 00:17:07,6,14,8,ymm，绩杀！！！！！老口蜜腹剑了，呜呜呜！当了组长，一学期沟通协调干了不少活，展示也很认真，志愿者也做了七八个，点了4次到每次都到了，最后还被卡绩，绩杀。呜呜呜，ymm思修出成绩了，我的一些，就是比如说我的容貌，我的身材，还有我的社交的礼仪，还有美好的品德，美好的性格，甚至是灵魂，都被毁了。艹
148884,4114,姚明明,2022-01-14 01:10:21,6,11,5,事情不多，老师平时很温柔。至于给分，本人是组内小透明，志愿者只做了一个，读书报告一般认真地完成了，考试自我感觉不错（高中政治选手），最后给的挺一般的，但不至于绩杀。
148885,4114,姚明明,2022-01-14 01:21:50,9,11,2,老师很温柔也是美女老师，还在努力进步中吧，我在班里中规中矩，我的分数也中规中矩，可以接受。
148890,4114,姚明明,2022-01-14 01:46:04,1,4,3,有次上大课旷课回舍吃方便面后来才发现大课会签到以为凉了，结果期末出成绩后发现还没有那么可怕，至少给我捞了一下
148925,4114,姚明明,2022-01-14 03:21:21,1,2,1,姚老师上课不算特别无聊，她的给分也挺中规中矩的。不过，思法课的某些任务确实没有什么实质性意义。
148959,4114,姚明明,2022-01-14 04:32:09,2,4,2,我觉得可能并没有评论讲的那么夸张，主要小组作业要搞好点，上课尽量发言，那个志愿服务ppt做好看点，给分挺好的（本人比较水，最后被抬到4.5）
148966,4114,姚明明,2022-01-14 04:53:59,9,12,3,我宣布，老师在20年改邪归正，现在21年，老师终于回头是暗了
149006,4114,姚明明,2022-01-14 06:31:50,5,5,0,每节课都会点名 课讲得还不错 \n\n给分也完全不是以前的评论说的那样 我甚至感觉我是被老师捞了 打个十分拉一下评分
149012,4114,姚明明,2022-01-14 06:44:21,0,1,1,给分不错
149061,4114,姚明明,2022-01-14 09:20:49,2,2,0,均绩水平，不过也确实水
150048,4114,姚明明,2022-01-18 13:38:55,0,2,2,不了吧
151577,4114,姚明明,2022-03-08 07:38:03,2,4,2,ymm老师改了，给分变好了，只是评分还没刷上去。本人平时没听过课，也没背过书，认真完成作业，考前突击，最后4.5。她真的改了！
152723,4114,姚明明,2022-04-19 02:18:41,1,2,1,个人感觉还蛮不错的欸
153780,4114,姚明明,2022-05-11 00:57:28,2,2,0,。。。san。san
155153,4114,姚明明,2022-06-09 01:38:23,3,3,0,ymm还可以吧，平时作业不太卷，最后我给分也还行，我就发了一次言，我们的小组展示也很拉胯，但是我有4.2，也还行。
156364,4114,姚明明,2022-06-19 08:28:21,5,7,2,讲课挺清晰的，我是属于组内小透明但领了一个个人的pre的锅的（虽然本人pre做得比较一般），期末也有好好背，4.5我觉得说得过去了，是2021秋冬学期的思修，觉得老师应该也在改进吧。
160151,4114,姚明明,2022-09-14 01:59:32,-3,1,4,绩杀的人
160176,4114,姚明明,2022-09-14 07:33:43,2,2,0,姚老师改正了！\n\n我2021级，每当组长，平时也没背4.5
164479,4114,姚明明,2022-12-21 07:39:32,5,5,0,真的很好的老师
166660,4114,姚明明,2023-01-13 07:41:35,14,15,1,ymm老师已经不绩杀了！小组展示做的一般 读书报告志愿者现场教学认真做了 考前没怎么看书 高中不学政治 4.5 供参考 老师现在真的很不错
166705,4114,姚明明,2023-01-13 09:13:30,12,12,0,ymm老师人很温柔很漂亮，上课也不会压抑。如今已经不绩杀了！！还把大作业dd l都延期了，感动！
166713,4114,姚明明,2023-01-13 09:31:42,8,9,1,老师改啦，已经不绩杀辣。没做组长，偶尔发言，但是真的用心写了读书报告和小组作业，分数就上四了。然后老师超级温柔，一开始就跟我们说一开始分数低是因为刚工作没有经验，所以可以放心选
166715,4114,姚明明,2023-01-13 09:42:48,8,9,1,姚老师真的人美心善，现在给分超好的，我这学期各项做的都中规中矩，发了两次言，小组作业读书报告都认真做，就有4.5了！大家快选她！！
166750,4114,姚明明,2023-01-13 12:01:08,6,7,1,ymm老师太温柔漂亮了，而且现在不绩杀了。期末因为疫情线上还把ddl延期了，人真的特别特别好，给分也超级好，同学么放心冲！！！
166766,4114,姚明明,2023-01-13 13:27:31,6,7,1,温柔、漂亮、好说话、替同学着想的好老师。\n\n不绩杀！原来看她评分低说她绩杀还想退来着。\n\n好老师，吹爆over
166812,4114,姚明明,2023-01-13 16:24:34,6,7,1,之前看查老师说姚老师急刹很害怕，但是她现在真的给分超级好了，姚老师漂亮温柔，还会因为疫情体谅学生延迟ddl，太爱了
166827,4114,姚明明,2023-01-13 17:56:32,6,7,1,姚老师已经变啦，现在真的很好
166834,4114,姚明明,2023-01-14 01:00:27,9,10,1,人美心善，没什么事情而且给分也很好！
166839,4114,姚明明,2023-01-14 01:19:18,8,10,2,给分超好的老师，超级温柔，事少给分好，没有绩杀，平时作业认真做，期末好好考，多发言，绩点不会差。
166845,4114,姚明明,2023-01-14 02:00:27,6,9,3,老师人很好，温柔漂亮就不多说了，上课也蛮好的，声音清晰能让人听进去(虽然思修我不怎么听hhh)，也会请一些学长进课堂，讲的东西还蛮有用的。作业不多，而且因为疫情把所有ddl都延后了，真的为学生着想。给分她第一节课就讲了，不会差的。给个参考，组长＋上课从不发言＋读书报告比较简单＋高中选了政治开卷期末考应该考的不错，4.8。btw我们组的小组展示比较拉，可能有一点点影响。
166851,4114,姚明明,2023-01-14 02:25:03,4,5,1,很温柔，人美心善，期末还把ddl延后了。\n\n事少给分好好好！
166854,4114,姚明明,2023-01-14 02:40:04,3,4,1,非常好的老师 事情开学就会都布置好 给分也很好
166890,4114,姚明明,2023-01-14 06:55:19,2,4,2,5.0者来还愿~从第一节课就发现老师真的非常温柔漂亮，平时上课也努力把思修课的课堂氛围调更好。布置任务说得很仔细，最后线上上课期间也延迟了所有作业的ddl。我属于每一部分任务都算完成的一般般认真的，最后开卷考试也划了书且用上了高中政治的残余水平哈哈哈 能拿到这个成绩真的非常开心。希望ymm老师的评分可以慢慢好转，对我来说是一位很和善体贴的老师呢！（ps.老师在浙大官方号里的视频直出也好美~）
166916,4114,姚明明,2023-01-14 08:14:06,1,3,2,22-23秋冬的思修，我真的吹爆姚老师！包括但不限于事情不多、给分挺好、期末ddl人性化延后等等。老师上课也很认真负责！开学第一节课她笑着跟我们说她已经不再是绩杀了，她会改的，期末真的无比感动呜呜……美女老师值得冲！
166967,4114,姚明明,2023-01-14 12:02:28,1,2,1,美女老师不绩杀了！小组展示读书报告都认真做的，上课没怎么听过，期末开卷只看了目录，最后4.5很满意了（而且上大课真的好好www工作效率极高）
167029,4114,姚明明,2023-01-14 16:15:17,0,1,1,人美事少 真的不绩杀😭
167082,4114,姚明明,2023-01-15 01:58:53,5,8,3,2023年了，我来为姚老师正名：已经不绩杀了！已经不绩杀了！我不是组长，上课没怎么听，最后4.8.老师很漂亮也很温柔，大家可以放心选。
167115,4114,姚明明,2023-01-15 04:01:41,1,3,2,老师超级好，给分超棒，选就对了
167408,4114,姚明明,2023-01-16 06:24:14,1,6,5,人美事少给分好，我虽然4.8被卡绩了，但我心甘情愿，uu们快来
168553,4114,姚明明,2023-02-19 10:23:44,2,2,0,给分很好😭事情也很少
168790,4114,姚明明,2023-02-22 08:32:15,5,6,1,老师现在已经不是绩杀了，学弟学妹们放心冲
169636,4114,姚明明,2023-02-27 08:15:43,4,4,0,组长，认真完成课程作业，没听过一节课，4.8，意满离
170223,4114,姚明明,2023-03-02 05:25:09,9,13,4,好老师，第一节课就解释了自己以前为什么绩杀，并表示以后不会绩杀
170233,4114,姚明明,2023-03-02 06:07:16,7,8,1,救救姚明明老师的评分吧，很温柔，现在给分也很好\n\n本人组长，作业认真做，没听过课没发过言，最终4.8
171413,4114,姚明明,2023-03-23 16:39:24,9,9,0,不绩杀 放心选 别看评分 评论是真的
172273,4114,姚明明,2023-04-24 05:32:36,5,5,0,人美心善事少给分好，全面开花
172299,4114,姚明明,2023-04-24 12:47:56,3,3,0,真的很nice，给分高，还关心同学，22级
174030,4114,姚明明,2023-06-05 15:00:55,1,1,0,1010101010分
174845,4114,姚明明,2023-06-19 03:15:10,10,12,2,超级好老师，选上就偷着乐吧，已经彻底和以前不一样力😍
184942,4114,姚明明,2023-12-24 14:14:28,-4,2,6,事多。隔壁1500字读书笔记我们3000字
185612,4114,姚明明,2024-01-03 01:30:24,2,2,0,人美心善事情少，就最好一节课点了名
187626,4114,姚明明,2024-01-17 02:23:46,6,8,2,老师我爱你！！！姚明明老师值得10分！\n\n1.一直都是政治苦手，初高中从来都是刚过优秀线那种，期末考当然我也认真考了（快抄满的那种），但是还是没想到能被捞到4.8，给分真的好，哪来的绩杀！\n\n\n\n2.另外看到说事多的那个，读书报告要求3000字以内，不是3000字啊，我就写了1000的。\n\n\n\n3.还有还有，志愿服务要求4h，我3.75h的问姚老师这样行不行，姚老师就说这样子交就好了，最后看来也是给过了😭\n\n\n\n4.笑起来讲话超美！上课很温柔！虽然说我不怎么听思修，翘了好几节大课（我们是大课小课各上几节的形式），但是姚明明老师的课我真的很喜欢！pre的时候也会认真指出来可以改进的地方，很负责！
187639,4114,姚明明,2024-01-17 02:37:02,7,8,1,事少分高
187651,4114,姚明明,2024-01-17 03:28:45,8,9,1,为姚老师正名，不绩杀啦！！\n\n读书报告要求三千字以内。志愿者小时数4h以上，志愿小结ppt三页以内，主打的就是一个不鼓励内卷。姚老师特别温柔，特别特别好！
187654,4114,姚明明,2024-01-17 03:32:43,5,6,1,之前看查老师还好害怕绩杀来着\n\n但是好像今年大家都被捞啦\n\n给老师正名一下\n\n明年的小朋友不要害怕）
187655,4114,姚明明,2024-01-17 03:33:37,5,6,1,不绩杀了!上课没发过言，老师人美心善给我捞到4.5
187660,4114,姚明明,2024-01-17 03:42:29,4,4,0,出分了\n\n没特别做事，被捞到4.8，开心\n\n人美心善，体谅学生
187665,4114,姚明明,2024-01-17 03:55:07,1,1,0,姚老师超好，真的超好！！！！！\n\n贴贴贴贴\n\n赶紧选！不绩杀！吹爆！
187668,4114,姚明明,2024-01-17 04:31:35,5,6,1,超级好老师，不要信评分！！！！！不点名，给分好，我期末论文灌洪水，上课摸鱼，也不是组长，最后喜提4.5真的超级满意了😘😘😘老师长的又好看，给分又超级好，选到就是赚到好不好？😍😍😍
187699,4114,姚明明,2024-01-17 07:32:08,1,1,0,只有倒数第二节课需要小组展示的时候点名了，其他时候都是大课上课。\n\n老师真的人美事少给分好！没发言，不是组长，给我捞上4.5了，高中没选政治期末都是乱抄的
187826,4114,姚明明,2024-01-17 14:07:57,3,3,0,虽然但是给分不错但是emmmm\n\n我当组长，最终pre效果不错 上课发言 写据说可以加分的感想 志愿服务40+h 读书报告自己写没水（文字功底不差）最后期末考试写满了，而且在书上都找到了（高中政治也不差），最后4.5，虽然成绩不差但是和没有特别做事4.8的比起来还是有点落差的，anyway老师还不错的，可选但可以不卷（卷好像作用不大）
188020,4114,姚明明,2024-01-18 04:31:19,4,4,0,4.8，不多说
188262,4114,姚明明,2024-01-18 13:47:17,4,4,0,我们小组课堂展示不咋地，读书报告中规中矩，但最后总分95，直接满绩。老师真的变好了，不像之前评论区里的那样了
188322,4114,姚明明,2024-01-18 15:37:05,2,2,0,非常好老师，小组展示不怎么样但是捞到了4.5₍˄·͈༝·͈˄*₎◞ ̑̑
188750,4114,姚明明,2024-01-20 00:01:40,3,3,0,老师现在蛮好的，不绩杀了，我们小组展示一坨我还是被老师捞到4.5了
189098,4114,姚明明,2024-01-22 01:41:37,3,3,0,非常好老师，事少分好，冲冲冲！！！
189690,4114,姚明明,2024-01-27 02:05:32,3,4,1,老师现在事少，就只有常规的作业和最后的小组展示，给分相当不错。\n\n尤其从最后的小组展示可以看出来老师在这种“水课”里还是尝试教给学生一些有用的东西的。\n\n总之，现在看来，老师挺好。
191980,4114,姚明明,2024-05-06 15:40:00,2,3,1,给分好
197466,4114,姚明明,2024-07-16 06:39:23,1,4,3,23-24秋冬前来补评：\n\n老师给分非常好，本来小组展示感觉要寄，但结果比预期好得多——别被评分吓到了，以后肯定会继续往上涨，姚老师是真的想教一些东西的。
198602,4114,姚明明,2024-09-10 07:37:59,3,4,1,现在的给分相当可以，我们小组展示被当堂批评感觉要寄，但最后还是有4.5。事少课水给分高。
200808,4114,姚明明,2024-10-23 01:15:42,0,1,1,满分！老师太好了，讲课不错，很想教点东西，事也不多，绝赞
208474,4114,姚明明,2024-12-28 07:18:33,1,1,0,学生会主席风格
209318,4114,姚明明,2025-01-10 00:50:01,3,3,0,人美心善给分好！！🥰🥰🥰\n\n事少分高我吹爆！！🤩🤩🤩（5.0发电中）
210063,4114,姚明明,2025-01-08 05:01:26,2,2,0,人美心善，超级好的老师！！！选课的时候看之前的评分很忐忑，小组展示也感觉要无了，（高中全理）但是最后给了4.5＋，很捞很好！！
210068,4114,姚明明,2025-01-08 05:44:48,1,1,0,老师课上的挺好，这学期有和其他老师一起上的课，但上完之后还是感觉姚老师听起来最舒服\n\n绩点给的也不错，很推荐大家选
210082,4114,姚明明,2025-01-08 06:08:55,0,0,0,老师好好好
210093,4114,姚明明,2025-01-08 06:37:11,0,0,0,这个学期老师和另几个老师合作，给我们带来了很多不一样的课堂体验，分数也还可以🫶🏻
210102,4114,姚明明,2025-01-08 07:01:20,0,0,0,不绩杀，捞我到4.5
210106,4114,姚明明,2025-01-08 07:11:57,0,0,0,感谢老师捞我！！！
210141,4114,姚明明,2025-01-08 08:23:38,0,0,0,老师给分很好，确实是学生会主席风格哈哈（非贬义）
210163,4114,姚明明,2025-01-08 09:18:16,0,0,0,感谢！把我捞到4.8了，超级开心
210278,4114,姚明明,2025-01-08 16:09:04,1,1,0,感谢捞到4.8真的，姚明明老师很温柔！无需多言
210308,4114,姚明明,2025-01-09 03:28:04,4,4,0,老师上课很温柔，讲课很有趣。本学期课程类型是多个老师共同上。德法课摆烂一学期，所有东西都是凑任务交的，最后还能被老师捞到4.8，我只能说老师就是神，必给10分。祝老师长生不老，永远不死。
210310,4114,姚明明,2025-01-09 01:40:02,3,3,0,人美心善给分好
210368,4114,姚明明,2025-01-09 04:03:39,2,2,0,ymm我的神！特别好特别温柔的老师！🥹给分也特别好！老师的评分肯定会上去的！
210512,4114,姚明明,2025-01-09 09:38:59,2,2,0,老师真的很好很温柔，我之前被评分吓到了一直先入为主，但是老师真的是很好的老师，最后也给了4.8的绩点老师真的很好很好🥹
210563,4114,姚明明,2025-01-09 10:55:58,1,1,0,老师好美丽好优雅给分好好！
210645,4114,姚明明,2025-01-09 14:21:34,0,0,0,超级好老师！给分超好！！！冲就完了！！！
211131,4114,姚明明,2025-01-11 01:14:01,0,0,0,事少分高
216096,4114,姚明明,2025-03-10 09:31:59,1,1,0,善解人意，作业都很水但绩点不错
71554,4153,章清祥,2018-01-28 15:20:44,16,17,1,撒币老师。三次大作业，每节课都有小组讨论还要期末考试，给分还极低。哼(ノ=Д=)ノ┻━┻
73449,4153,章清祥,2018-02-01 14:42:09,7,8,1,辣鸡\n\n
74520,4153,章清祥,2018-03-03 01:52:21,7,8,1,给一分是因为最低一分
88697,4153,章清祥,2018-11-06 03:37:27,5,6,1,灌输自己的观念
121802,4153,章清祥,2020-01-22 03:01:24,-4,5,9,平时很严格，得分也不高。但最后绩点还可以
141263,4153,章清祥,2021-09-28 00:02:39,-11,1,12,还可以
147105,4153,章清祥,2022-01-08 17:12:47,5,5,0,无语，事多分低，就值个1分，不能多了
147204,4153,章清祥,2022-01-09 05:39:14,5,5,0,老师您真不戳啊 焯
160526,4153,章清祥,2022-09-26 02:01:44,7,7,0,一个傻逼。\n\n上课要求小组发言，准备了一周的东西，听了半天到总结的时候他展示出了他完全没听懂我们在讲什么这个事实，我们不认可的观点他能当成是我们观点的一部分。真棒。
161425,4153,章清祥,2022-11-07 01:42:00,2,2,0,真的劝大家别选他的课，进ZJU遇到的排名第一傻逼的老师，上课小组讨论一骂骂一个班，做他的小组作业只能调查问卷，不然就给你低分骂你不好好做，写论文千万别看任何网上的资料，一点也别看，不然就说你是堆砌别人的观点！！
162361,4153,章清祥,2022-11-21 02:30:49,2,2,0,别选，千万别选，后面大一的孩子们.....
164643,4153,章清祥,2022-12-22 12:15:42,2,2,0,傻逼傻逼傻逼 怎么没有0分
164686,4153,章清祥,2022-12-23 10:55:10,2,2,0,垃圾一枚
183885,4153,章清祥,2023-12-02 13:42:02,1,1,0,sb老师
189949,4153,章清祥,2024-02-03 11:56:32,0,0,0,好好好
219223,4153,章清祥,2025-05-23 07:31:24,0,0,0,也中老师，毁我前程
77885,4176,张应杭,2018-05-08 10:52:22,-3,5,8,哦哦哦\n\n
73354,4189,费兰兰,2018-02-01 12:03:37,9,16,7,与马老师形成鲜明对比\n\n
80081,4189,费兰兰,2018-06-19 17:42:39,0,3,3,好过mjq
86446,4189,费兰兰,2018-09-16 09:19:16,-6,2,8,拉个分保佑我
90314,4189,费兰兰,2018-11-23 06:10:24,16,21,5,话真多
91987,4189,费兰兰,2018-12-25 07:46:01,-4,3,7,会举很多她经历的事情，挺有趣的
103855,4189,费兰兰,2019-03-06 10:52:09,10,12,2,费兰兰老师，您是我奶奶，我想跪在您脚下
108356,4189,费兰兰,2019-05-22 02:23:45,13,14,1,校团委沈书记的夫人?
117353,4189,费兰兰,2019-09-23 08:34:36,2,2,0,就这样吧
117985,4189,费兰兰,2019-10-17 15:58:15,8,10,2,自己院会借教室还那么多鬼话？不可取，有失公正，建议革职
123888,4189,费兰兰,2020-06-15 17:43:11,0,5,5,关心学生的老师，学习/生活上的事情大可以咨询一下费老师
125339,4189,费兰兰,2020-09-07 04:39:40,18,29,11,生工食品学院的流氓 乌烟瘴气\n\n许堪鑫这种人包pi\n\n估计是有利益瓜葛吧hhh\n\n毕竟是校团委夫人对吧
127693,4189,费兰兰,2020-11-26 00:53:38,-1,2,3,我觉得老师很好啊 上课都很有意思 不仅是思修课堂 可以发展学生的多方面能力
132351,4189,费兰兰,2021-02-01 04:14:34,-8,2,10,老师人很好，会分享自己的故事。\n\n讲课还行，给分貌似还不错？
132353,4189,费兰兰,2021-02-01 04:35:14,1,5,4,老师事情还算少吧，没有志愿者报告只看小时数，课上多发言，最后绩点4.5还是感谢老师！
132361,4189,费兰兰,2021-02-01 05:40:10,-5,1,6,课上的很好
140843,4189,费兰兰,2021-09-17 00:26:13,8,9,1,嘴上都是主义，心里全是生意\n\n废话多，自我感觉好\n\n和潘老师对比鲜明
141271,4189,费兰兰,2021-09-28 03:13:39,0,1,1,呵呵呵呵
141416,4189,费兰兰,2021-10-08 01:23:34,-1,1,2,上课很好笑简直了超级好笑
147766,4189,费兰兰,2022-01-10 18:33:26,0,3,3,谢谢\n\n思修   组长\n\n拉低了绩点可还行
148570,4189,费兰兰,2022-01-13 01:44:59,3,3,0,水平不足
149832,4189,费兰兰,2022-01-17 07:32:07,2,3,1,从思修课角度来看，事情算少，给分正常（政治生平时摸鱼考试自信不错最后4.2）但是真的不是很喜欢这个老师的三观吧。作为思政老师，有厌女倾向（说不建议女生读计算机之类的各种发言）害，说话大多假大空，会举一些学生拜托自己然后获得成就的例子。我还是比较尊重学术上有成就的老师。
151677,4189,费兰兰,2022-03-11 10:07:36,4,4,0,讲话很低能
161213,4189,费兰兰,2022-11-01 00:29:29,3,3,0,球门高一米，费兰大四喜
171728,4189,费兰兰,2023-04-03 11:34:13,3,3,0,说话真的肤浅，都是口号，体育生文化水平就这样
181686,4189,费兰兰,2023-10-28 06:12:53,1,1,0,思修课闭卷考?您自己试试?!
183925,4189,费兰兰,2023-12-04 01:45:07,0,0,0,😺😺😺
184080,4189,费兰兰,2023-12-08 06:52:50,0,0,0,自己品味吧
187661,4189,费兰兰,2024-01-17 03:44:00,0,0,0,给分一般还卡绩
187877,4189,费兰兰,2024-01-17 16:07:33,-1,2,3,不知道该怎么说，翻了下以往的评论，感觉这位老师的风评不是很好，但是真的上过她的课直到结课后，我真觉得没有评论说得那么难听。我一开始也是带着“先入为主”的印象上的课的，我觉得老师真的没什么问题，人美而且也比较负责，感觉大家还是不要先入为主吧。
192935,4189,费兰兰,2024-05-31 21:30:02,2,3,1,狗喜欢亲近人类，当狗认主之后，对于主人就有较大的依赖性。\n\n与之相对的，很多狗在遇到陌生人时，因为缺乏安全感，就会容易发生吠叫的情况。\n\n\n\n其实狗仗人势很大一部分是因为天性。因为狗和人一样都是群居动物，而人在有后盾的情况下，都是比较张狂的，狗也是一样。\n\n所以造成了很多狗在有宠主的情况下，会更大胆，甚至连比它厉害的人和动物都敢挑衅。\n\n\n\n狗是很擅长于模仿的动物，尤其喜欢模仿宠主。\n\n所以如果平时宠主的作风就是“狗仗人势”的话，那经过时间的锻炼，狗就会和宠主一样，作风也就变成狗仗人势了。
193173,4189,费兰兰,2024-06-04 07:26:14,0,0,0,不好。
210736,4189,费兰兰,2025-01-10 01:36:00,2,2,0,上的她跟sly的思政课  她只来上过两三遍  不过都会点名\n\n\n\n平心而论  老师确实好漂亮  下面有些人的评价也很中肯   她还会给我们讲转专业的事情  总之至少那两节课我能看出她还是用心上的吧
71648,4216,陈南菲,2018-01-28 23:44:54,1,1,0,老师超级好的！！！！！！力荐
71667,4216,陈南菲,2018-01-29 00:21:28,0,0,0,上课很有趣
72358,4216,陈南菲,2018-01-30 03:09:37,0,0,0,最能掌控课堂节奏的老师没有之一
77237,4216,陈南菲,2018-05-04 05:31:02,0,0,0,老师人挺好，非常可爱呐，口才超棒，课堂氛围好，课业任务少，给分也比较合理吧，强推一波～～
105489,4228,金建伟,2019-04-15 09:51:32,1,8,7,推理论证，思辨性比较强，但有时转换太快，有点跟不上。\n\n
74511,4291,浦永春,2018-03-02 14:59:27,0,0,0,给分主要看助教\n\n老师本身很一般\n\n还有小脾气
74978,4293,刘同舫,2018-03-07 02:05:07,9,11,2,很有趣有收获
75006,4293,刘同舫,2018-03-07 03:07:21,9,11,2,有理想，有思想
75011,4293,刘同舫,2018-03-07 03:46:19,36,42,6,院长真的好搞笑  也很厉害\n\n不过只上一节课  伤心
75222,4293,刘同舫,2018-03-08 05:29:58,14,17,3,很幽默，给人平易近人的感觉，又很有学识的老师
75378,4293,刘同舫,2018-03-09 13:36:48,3,4,1,老师很厉害啊o(≧v≦)o
76665,4293,刘同舫,2018-04-17 15:51:27,6,7,1,很喜欢这个湖北老乡！
76686,4293,刘同舫,2018-04-18 08:27:33,5,7,2,真的很好\n\n
82129,4293,刘同舫,2018-07-07 07:40:20,5,7,2,真的很有水平
84403,4293,刘同舫,2018-07-12 18:52:32,31,32,1,就上了一节课 但真的真的很 牛逼！
86826,4293,刘同舫,2018-09-19 03:04:03,2,3,1,cool
91542,4293,刘同舫,2018-12-13 02:06:48,18,20,2,可能是不多的马原老师里真的理解马克思主义的吧
102715,4293,刘同舫,2019-02-22 02:41:03,5,5,0,666
103686,4293,刘同舫,2019-03-04 07:28:22,10,10,0,镇得住讲台的超赞好老师，崇拜就是了
116404,4293,刘同舫,2019-09-10 01:55:03,1,1,0,非常爽
116455,4293,刘同舫,2019-09-10 23:58:34,1,2,1,很棒哟
119268,4293,刘同舫,2019-11-12 01:11:03,5,5,0,老师真的很有意思，但是有意思的背后也有很深的理论积淀！
125949,4293,刘同舫,2020-09-16 03:07:23,8,8,0,有趣！什么是马克思主义勒？休息十分钟😂😂\n\n
125971,4293,刘同舫,2020-09-16 06:33:33,7,7,0,院长上课真的很有意思
126008,4293,刘同舫,2020-09-16 11:49:33,12,12,0,你们回寝室都去爬
126052,4293,刘同舫,2020-09-17 03:20:28,9,9,0,给爷爬...啊不是，我的意思是我这就去爬
126074,4293,刘同舫,2020-09-17 06:46:28,5,5,0,笑得我都合不拢腿了
127694,4293,刘同舫,2020-11-26 00:59:26,1,1,0,老师绝了 只上了一节课但是超级棒
133777,4293,刘同舫,2021-03-05 03:51:49,3,4,1,老师真的好，很厉害，第一个真实接触到的让我感到崇拜的人。
134014,4293,刘同舫,2021-03-12 02:13:21,2,2,0,老师真的很有趣，讲话很有梗
134544,4293,刘同舫,2021-04-01 05:45:21,2,2,0,深入浅出，
136364,4293,刘同舫,2021-06-17 03:30:40,2,2,0,为啥最高只有10分
136727,4293,刘同舫,2021-06-23 12:58:57,10,11,1,太强了！！！只上了一节课，但是显示出了极高的治学水平。
138633,4293,刘同舫,2021-07-10 04:46:34,0,3,3,社会主义发展史事少分高，推荐选
139336,4293,刘同舫,2021-07-14 11:12:47,6,7,1,上的是社会主义发展史，课不错，但对于一个短学期课程，5000字论文是不是太长了
145420,4293,刘同舫,2021-12-29 12:54:48,0,1,1,很不错的老师!身为马院院长，求同学们对思政课老师好一点
145824,4293,刘同舫,2022-01-03 03:57:58,3,5,2,不给十分怎么对得起咱马院院长？
149491,4293,刘同舫,2022-01-15 15:20:45,0,1,1,还可以
151861,4293,刘同舫,2022-03-18 05:56:11,0,5,5,上课讲过的内容重复讲一遍，口音重！你忙也不能敷衍了事，不负责任！差评滚出！
152882,4293,刘同舫,2022-04-21 07:35:35,0,0,0,马院学生表示棒棒哒！
156382,4293,刘同舫,2022-06-19 09:59:31,0,3,3,感受到了何为大师，何为大学！只是在社会主义开放史这门课上，只能听到院长的一节课，很可惜www……老师们人都很好，但要说作为老师，按学问来讲还是刘院长和吴老师最强！感受还是很明显的！但是这个夏学期的考核方式巨不合理，对整体绩点影响有点大，就有点败好感……
161233,4293,刘同舫,2022-11-01 13:15:00,-23,3,26,社会主义发展史，为啥最后把学生关在教室不让走，我TM喷不死你，艹
173987,4293,刘同舫,2023-06-05 12:09:14,0,0,0,很烦啊
180878,4293,刘同舫,2023-09-27 13:00:54,0,0,0,有内涵有深度，幽默风趣，引人入胜
201027,4293,刘同舫,2024-10-27 11:45:33,7,7,0,发c刊像喝水，不能发发ssci或者多出出专著吗？把c刊版面留给年轻人吧
216234,4293,刘同舫,2025-03-12 15:12:12,0,0,0,好 有趣有深度
130074,4325,董海樱,2021-01-16 11:00:12,2,3,1,彻底爱上史纲
162349,4325,董海樱,2022-11-20 14:16:48,1,1,0,老师回记录你站起来回答问题的次数，本人理科生，老师却以为全是文科生，直接寄。
82800,4380,舒泽虎,2018-07-09 06:58:35,1,2,1,好不错喽
70734,4478,程早霞,2018-01-27 12:45:29,-5,4,9,还能怎样
70893,4478,程早霞,2018-01-27 20:28:10,2,11,9,老師人很好，但教學模式安排有問題，小組設置的積極性不高，感覺討論什麼的都浮於形式\n\n
70928,4478,程早霞,2018-01-29 15:47:03,6,15,9,上课挺水的，而且老师讲的课感觉和她自己的专业关系更大些，史纲课上讲了很多中印、新疆问题，但是给分很不错，而且出分之后还在微信群里发红包，后来主动解散了群（楼上说自己被踢出去balabala的怕是有被迫害妄想症）。
70950,4478,程早霞,2018-01-28 00:45:47,8,9,1,一开始看到史纲老师没有评分还是很担心的?，结果最后发现程早霞老师很nice的，算平时分算得很认真只要平时做了事绩点不会低，为了让每个同学都有机会发言还朗读十九大报告，结果台下几十双手都举起来要回答问题?，老师平时任务也不重论文只有一篇还不要超过三千字，读书报告更是课堂上写的500字就行了，真心好老师
71160,4478,程早霞,2018-01-30 01:21:59,-10,8,18,还能怎样
71399,4478,程早霞,2018-01-28 11:41:37,58,70,12,前面那位可能有误会，老师是把所有人都移除出群的，难道你没注意群里只有老师一个人了吗？老师很好，强烈推荐，给10分，只要自己努力就能得到不错分数，课上老师会给大家讲一些自己的经历和自己研究的一些课题，会有一节课老师发布一些选做研究作业，是要用微信抢题的（大家一定要注意打开微信群聊），除了常规任务还会安排选做社会实践小组合作加分题，在期末前考虑到大家的复习时间还适当删减了一些任务，对于不发言的同学还鼓励发言，论文限制字数3000，书评500（力求写出读书真实心路历程），可以说是开创了防恶竞机制先河，如果你厌倦了恶竞，并且想真正学到一些东西，还等什么？附：老师会给群里发一些红包，最后出分后还说了“老师永远爱你们”，感觉是十分关爱学生了！
71407,4478,程早霞,2018-01-28 11:51:28,18,20,2,老师人很nice
71982,4478,程早霞,2018-01-29 07:22:01,12,17,5,考核形式多样，小组讨论，小组辩论，论文还有读书报告。字数限制预防鹅颈，简直少很多不必要的事。还有加分题可做。上课可水可听。老师特别和蔼，学术能力更是不用说。不是组长最后绩点也有4.5，给分还不错，但是看自己努力吧～
72485,4478,程早霞,2018-01-30 08:22:26,-12,8,20,今天终于可以评论了，所以我来了。绩点真的很低，自认为小组评分中等，而且有个人展示，可真的想不出来为什么成绩那么差，给老师发邮件想问下详细成绩，可是老师不回，我能怎么办
72828,4478,程早霞,2018-01-31 06:50:16,9,10,1,老师人很好呀 只要每次小组讨论 小组辩论 认真做了 论文也认真做的话 给分还是很好的 我没有做个个人展示 还是十九大朗读的 也不是组长 绩点超级好 主要是特别喜欢老师给我们拓展的内容 老师说希望我们能在这堂课上学到的不仅仅是知识 还有能力 当时就觉得老师特别棒 而且感觉老师特别爱看书 总之 就是认真完成每项任务给分一定出乎你的意料哦
72957,4478,程早霞,2018-01-31 12:22:34,2,5,3,给分不错
72981,4478,程早霞,2018-01-31 13:19:54,18,20,2,老师是真的好老师，给分无敌好，人又温和可爱，有一篇论文＋读书笔记＋两次小组活动吧(大概)  还会在微信群发红包！爱她！
72982,4478,程早霞,2018-01-31 13:22:05,2,4,2,很推荐
73475,4478,程早霞,2018-02-01 15:29:28,2,4,2,老师给分超棒！
73815,4478,程早霞,2018-02-03 06:48:55,15,17,2,感觉老师有种少女感…\n\n有一些冷幽默，讲课很有意思，给分还好，事情不多
74009,4478,程早霞,2018-02-04 05:20:09,0,3,3,红包真多。。
74011,4478,程早霞,2018-02-04 05:30:49,2,5,3,老师真的好好，平时事情也少，很体谅学生了。给每一个同学发言的机会，给分也很好啊。还总是在群里给大家送祝福，发红包。总之就是超赞!
74169,4478,程早霞,2018-02-06 03:28:30,25,27,2,我先说一句，点名并不是那种不到就怎么怎么样了的那种。上课按课程安排是有两次讨论课和辩论课，但是感觉老师不好意思给学生扣分（基本上老师打分的部分超高），然后就只好让学生们互相打分（我记得老师一开始说什么满分十分只要到了就给七分）。上课讲的内容其实还可以，也会邀请一些别的学校的教授来讲课。而且其实还有挺重要的一点，就是可以不写论文，进行外国文献的翻译工作。整个的体验特别丰富，一方面有实践课去参观了故居，另一方面可以体会一下翻译嘻嘻。整个来讲就是既完成教学目标又丰富人生体验。事情不多，不会过多占用课余时间，感觉上比别的老师能学东西。最后，感觉老师超爱学生，各种发红包嘻嘻～
74495,4478,程早霞,2018-03-01 11:45:09,11,12,1,老师很和蔼，很爱学生，有辩论课，ppt展示等等，让我收获很多，而且老师给分也好，很幸运能选上老师的课。
74578,4478,程早霞,2018-03-04 02:43:48,2,4,2,挺棒的
74620,4478,程早霞,2018-03-05 00:45:00,2,4,2,老师人很好(✪▽✪)！哈哈
74717,4478,程早霞,2018-03-05 09:00:02,0,3,3,老师讲课很有趣，尤其是讲到自己研究的中印关系的时候。讲书上的内容略显无聊，但书也讲的少。作业形式多样，不一定要写论文，做翻译作业也可以。任务真的很轻，打分也非常棒。唯一不好的就是小组活动，大家积极性都不高，不知道是不是因为学生不重视。
74846,4478,程早霞,2018-03-06 05:59:59,10,11,1,老师人超好的，没有抢到展示，发言也不积极，辩论也水水的，最后还能有4.2
75117,4478,程早霞,2018-05-14 07:33:44,-1,2,3,老师很不错，有时候还提前下课，上课挺有意思的给分也很好，会组织看电影，也组织过参观等等一堆东西，非常好玩而且很受用。
75212,4478,程早霞,2018-03-08 04:14:31,2,5,3,老师很棒，给分很不错！
75365,4478,程早霞,2018-03-09 10:11:07,3,5,2,非常棒啊！
75370,4478,程早霞,2018-03-09 11:47:36,0,3,3,老师老是在微信群里发红包，给分出乎意料的好
75844,4478,程早霞,2018-03-20 00:45:31,3,4,1,老师很认真负责   给分也好
76493,4478,程早霞,2018-04-11 07:35:44,2,3,1,很好，很享受
78386,4478,程早霞,2018-05-11 08:48:02,0,2,2,老师还可以
79595,4478,程早霞,2018-06-11 04:21:45,19,22,3,第一次查老师评论\n\n作为程老师史纲课的班长，不得不说事情还是挺多的，当然是对我而言，但也可以侧面体现出老师对于课程的负责态度，在小组论文交上来后，和老师一起在东区花了一个半小时整理...查到有没交的同学就马上打电话去询问，反馈很及时。\n\n平常事情还好，没有那么多，平时成绩有参考发言次数（这个老师在最后的几次课会提供大量机会，而且每个人都有机会），个人展示（这个在微信里抢的，数量还是可以的），小组展示（这个由组长打分，组长分配成绩，是主要的参考标准），两次辩论课和讨论课（会借教室，这个比较水），一次读书报告（字数限定500，当堂写）\n\n助教基本不出现，都是老师和我在忙。。\n\n老师节假日也会发红包，挺和蔼的。\n\n最后，老师是研究西藏的，所以最后会有论文或者翻译作业二选一，论文有字数限制防止恶竞，我选了翻译，翻译的是一本关于西藏的英文书，翻译是有好几组的，每组翻译一本书，我负责翻译了十几页，超级难。。专有名词很多，而且还要考虑翻译的词性，毕竟是西方的文献，翻译成中文要考虑很多，比如“侵略”西藏我翻译成“进入”西藏，而且翻译会有排版上的要求，也比较繁琐，但对个人而言是个提升自我的良好机会，如果想水的话可以去选论文。\n\n给分情况我不是很清楚，我绩点4.8，应该期末考太好了233（历史基础好的人期末考试完全不用翻书，但是还是来不及写，写到抽筋）
79838,4478,程早霞,2018-06-14 08:20:45,3,5,2,听老师的课真好！！
79950,4478,程早霞,2018-06-16 05:41:33,-1,4,5,有dick事多
80384,4478,程早霞,2018-06-26 01:48:18,2,4,2,强推!特别喜欢!
80627,4478,程早霞,2018-07-13 20:25:40,-6,4,10,老师人很好 给分还行 不算特别高 事会比较多 但基本都留在形式
82029,4478,程早霞,2018-07-07 01:57:42,2,4,2,非常非常温柔的好老师，也真正愿意替学生着想，强推～(￣▽￣～)~
84626,4478,程早霞,2018-07-13 11:31:18,4,7,3,说实话我都不知道为啥这么高，，，好老师o(^o^)o\n\n
84637,4478,程早霞,2018-07-13 12:09:23,8,9,1,我吹爆程老师!超级超级温柔可爱的女老师而且给分也超级超级相当相当好!
84651,4478,程早霞,2018-07-13 12:29:20,2,5,3,很温柔的老师。
84700,4478,程早霞,2018-07-13 14:47:09,9,10,1,老师人很好，选吧，没错的
85853,4478,程早霞,2018-08-22 15:56:34,2,4,2,好老师！
86101,4478,程早霞,2018-09-07 05:57:19,2,4,2,超级赞
86827,4478,程早霞,2018-09-19 03:12:56,2,4,2,给分超好，老师人也特别好，事情少，论文字数上限，还会专门找没发言过的人回答问题，吹爆！
86989,4478,程早霞,2018-09-20 01:42:41,-1,1,2,爽歪歪
86994,4478,程早霞,2018-09-20 02:02:15,2,4,2,老师很幽默
87023,4478,程早霞,2018-09-20 03:22:36,2,4,2,非常好
87067,4478,程早霞,2018-09-20 06:34:30,2,4,2,很知性
87077,4478,程早霞,2018-09-20 07:08:09,2,4,2,很温柔
87111,4478,程早霞,2018-09-20 11:36:27,4,6,2,老师真的很棒！听过马原之后发现史纲老师讲课真的是太有意思了！（以前也觉得讲的有趣，不过没有那么深刻的体会）讲的很多知识点都是有一个个有趣的历史故事。听马原真的是太痛苦啦！！
87340,4478,程早霞,2018-09-27 06:34:18,2,5,3,老师会讲自己在美国的一些经历和研究，很干货，有、幽默。
89048,4478,程早霞,2018-11-14 14:45:59,-4,3,7,一开始其实不是很喜欢程老师，但越听越觉得上她的课真的有很多收获。可能是因为老师前三周不在，由别的老师带课，所以后面的进度比较紧，我每周都至少要花一整天来准备史纲的讨论，展示或者实践，确实学了很多东西，最后91分还是有点难受的，可能是学期布置的那本书没来得及好好看所以课堂500字读后感没写好。希望大家能珍惜选上她课的机会，好好研究一下西藏史。
92305,4478,程早霞,2018-12-27 14:39:53,2,4,2,程老师很棒啊，也温柔！可水可听！
92370,4478,程早霞,2018-12-28 05:37:03,2,4,2,我很喜欢程老师呀哈哈哈
92958,4478,程早霞,2019-01-06 10:13:47,2,3,1,好老师真的
93000,4478,程早霞,2019-01-07 00:24:10,2,4,2,真滴好
93183,4478,程早霞,2019-01-08 04:38:31,2,4,2,超级好的老师
93266,4478,程早霞,2019-01-08 12:58:08,2,4,2,(Ｔ▽Ｔ)好老师
93526,4478,程早霞,2019-01-10 07:41:14,2,4,2,炒鸡好
93627,4478,程早霞,2019-01-11 03:47:05,2,4,2,完美啊
96485,4478,程早霞,2019-01-21 05:02:29,3,5,2,让我发自内心想去听课的好老师，怎么会有这么好的老师呢？
98920,4478,程早霞,2019-01-24 05:13:55,3,4,1,很和蔼的好老师，但是为什么评分是0.0
98924,4478,程早霞,2019-01-24 05:17:19,2,5,3,老师给分是真的很不错啊 助教姐姐为了让大家分高一点批了好久呢 平时课上1次展示 1次几百字的读书报告 2次讨论课 史纲论文可以用翻译英文文献来代替 事情还算挺少的 特别好 表白老师 表白助教姐姐！
98929,4478,程早霞,2019-01-24 05:22:27,2,3,1,真是很好的一个老师，给分贼棒!!!
98930,4478,程早霞,2019-01-24 05:22:52,2,3,1,老师人真的超级好 给分炒鸡棒！！！
98931,4478,程早霞,2019-01-24 05:22:59,2,4,2,老师是好老师 大概给分也普遍很好吧 虽然我不是 不知道是不是我期末考太差 明明平时作业都做得很认真
98937,4478,程早霞,2019-01-24 05:25:43,2,4,2,老师真的很暖！
98940,4478,程早霞,2019-01-24 05:27:39,2,5,3,虽然被卡绩了但还是很感谢老师!!程老师炒鸡棒!
98941,4478,程早霞,2019-01-24 05:27:53,3,6,3,程老师的史纲课是一门可以学到真东西的课程，课内的讨论课会讨论一些现实意义的问题（比如台湾问题）。同时老师采用限制字数的方式防止恶意竞争。没担任组长并半学半水的我，在程老师和助教小姐姐的人文关注下，绩点居然到了4.2！真心推荐！
98943,4478,程早霞,2019-01-24 05:28:42,10,11,1,早霞老师特好！特别慈善，特别可爱！本学期最爱的老师没有之一！我是她的课代表，让我帮忙打印东西，最后比预计少花了几块钱我转给老师老师没收，说：留着买雪糕吃吧！（哈哈哈哈不愧是东北老师）真的超级赞！上课形式也很多样，讨论课呀读书周呀各种展示都会安排好，能学到东西呢，（感觉老师很厉害也很低调）
98945,4478,程早霞,2019-01-24 05:30:22,0,4,4,不说了，不知道为什么这么低
98947,4478,程早霞,2019-01-24 05:32:18,4,6,2,老师给分太好了啊太好了，感动死了，选上老师的课真是三生有幸啊
98949,4478,程早霞,2019-01-24 05:39:02,4,6,2,给分好 做事认真做 展示好好准备 考前看看书什么的 给分不错
98953,4478,程早霞,2019-01-24 05:43:37,11,12,1,太棒了！！！强烈推荐！给分超好！老师善良，会限制论文字数。老师正直，面对不利于中国的报酬绝对不要。老师喜欢和我们互动，给我们发红包。老师一身正气，唱毛泽东诗词。老师学识渊博，走访世界各地。老师太棒了吧，还热心让我们加她微信。太棒了！感动！
98963,4478,程早霞,2019-01-24 06:01:15,3,5,2,分不错
98964,4478,程早霞,2019-01-24 06:01:19,2,5,3,老师很温柔，给分很nice
98965,4478,程早霞,2019-01-24 06:01:36,7,9,2,老师很棒，性格温柔，而且有效防止恶竞，读书报告只要求五百字而且是课上限时四十分钟写，也不给你时间写多，论文上限三千字而且不想写的可以选翻译（不太推荐翻译，因为认认真真翻好十几页英文至少8k+字，而且老师选的材料主要是写西藏的，有很多宗教民族相关的词都查不到），每个人做一次小组展示，也是限时的。个人感觉绩点给得很宽松很棒
98981,4478,程早霞,2019-01-24 06:17:44,3,5,2,老师的课不水，认真上即使不对历史感兴趣也依然能从小组讨论课，书中学到一些东西。老师人也特别好，发了两次红包（当然不是重点hh）。
98983,4478,程早霞,2019-01-24 06:25:36,2,5,3,对于一个理科生，4.5的绩点已经很满足了，本来期末考下来心理预期已经降到3.3了，超开心（=-=）
98985,4478,程早霞,2019-01-24 06:24:34,4,6,2,老师很棒！
99005,4478,程早霞,2019-01-24 06:47:43,3,6,3,认真做展示了，平时辩论也好好准备了，老师很不错但这个给分真的很伤心了，大概老师给分普遍很好吧，我只是运气不好的那个....
99012,4478,程早霞,2019-01-24 06:59:05,3,6,3,程老师真的是很好的老师！助教姐姐在组长工作方面也帮我很多。1次展示，2次讨论，500字以下的读书报告，不超3000的论文或者资料翻译，确实让一个工科生学到了很多！！最后绩点4.8很满意了！强推！
99157,4478,程早霞,2019-01-24 10:41:27,3,4,1,老师我爱您
99247,4478,程早霞,2019-01-24 13:29:36,3,4,1,程老师是我见过最好的思政课老师之一，期末作业还允许论文和翻译二选一，所有的作业都是规定字数上限。助教姐姐也很棒！给分也超级好，没想到能拿这么高的绩点！强烈推荐！
99580,4478,程早霞,2019-01-25 03:45:24,2,2,0,水了半年还得了那么高分，老师讲的超好，人也超好，就是我没好好听，对不起老师
99606,4478,程早霞,2019-01-25 04:03:57,7,8,1,吹爆程老师！为什么这么少人给老师评分呢，我觉得老师是真·知识渊博·阅历丰富，即使是最枯燥的历史内容也能被她讲得栩栩如生，平易近人，爱发红包，而且给的绩点也超级好..其他老师的课是听着听着开始写作业，程老师的史纲是写着写着作业忍不住开始听课！！强推啊！！
100096,4478,程早霞,2019-01-25 14:44:08,3,4,1,老师人很好，特别能理解学生\n\n不多说其他评论里都有\n\n爱老师，辛苦了！(｡･ω･｡)ﾉ♡
100294,4478,程早霞,2019-01-26 02:18:02,3,5,2,太好啦！！这才是真正的思政课好老师！！强推
100867,4478,程早霞,2019-01-27 03:29:37,2,4,2,超好的老师，会给超好的分。10分不多说
102518,4478,程早霞,2019-02-04 06:28:51,3,6,3,老师人很好！每次放假的时候都会提醒我们生活中应该要注意的事，上课也会问候我们，微信群里也经常发红包，给我们分享重要的时政，助教小姐姐很漂亮，人也很好！\n\n上课内容的话，感觉大半时间都在展示，每人一般就一次，任务其实不是很重的，两次课堂讨论，以小组形式的，一篇论文，一篇读书报告，老师还规定了字数上限，很好了！感觉事比较多，但其实也海星。觉得好好听老师上课应该挺有趣的，然而我都在水手机。最后4.2，海星。
102546,4478,程早霞,2019-02-07 04:42:44,3,4,1,世界上怎么会有这么好的老师啊啊啊啊啊啊~两次讨论我都没怎么发言但是论文读书报告认真写了最后给分也超级棒
102967,4478,程早霞,2019-02-25 06:40:22,3,3,0,真的是神仙老师了！！！给分很好，然后过节和出成绩的时候还会发红包，大一上成绩最好的课没错了
103330,4478,程早霞,2019-02-27 10:26:42,3,6,3,程老师特别有气质！上课事情说实话不多，而且拒绝恶竞，我4.8
103381,4478,程早霞,2019-02-28 00:03:22,1,2,1,很棒的老师
103466,4478,程早霞,2019-02-28 08:57:31,0,1,1,老师好人
103493,4478,程早霞,2019-02-28 12:40:16,0,3,3,大一上的程老师的课，现在大二想起还想给老师打个高分！
104852,4478,程早霞,2019-03-28 17:00:06,3,4,1,。。。
104968,4478,程早霞,2019-04-01 07:12:04,0,3,3,老师超级棒！知识渊博还一言不合发红包！！
105069,4478,程早霞,2019-04-03 05:58:14,1,3,2,给分好，讲得也很有意思，老师做了很多关于西藏的研究，课上也会讲一些，不写论文去翻译文献也很有意思。总之是一个博学而风趣的人吧
106643,4478,程早霞,2019-04-28 14:15:51,1,4,3,打十分打十分
108420,4478,程早霞,2019-05-23 13:14:13,2,5,3,好老师啊
111660,4478,程早霞,2019-07-02 12:03:46,6,14,8,不知道她为啥分数这么高了…\n\n大一的时候上过她的史纲 当时还没有评分…\n\n我一个高考历史满分的文科生 做了展示 去了博物馆考察 从没缺课 考试抄到手断 论文写的自认为还算很认真的（毕竟刚上大学的时候不太敢水）最后3.3…\n\n自行感受;) 不diss老师 是我自己菜 告诫大家为了分高选课并不总会尽如人意…
113114,4478,程早霞,2019-07-05 23:41:52,4,6,2,老师的水平超高，讲座超级有质量且硬核，听了会有很多收获的！很关心学生的，好像特别是外语系的同学。会在学术研究上给很多实用的建议。给分超级好！！
114166,4478,程早霞,2019-07-09 02:21:26,2,3,1,老师超级温柔哇，学术水平不用说，在群里天天发红包，给分也很好(✪▽✪)
114167,4478,程早霞,2019-07-09 02:22:22,3,4,1,太好的老师了 文化水平很高 也没有像其他史纲老师一样事多比如让你演戏什么的 而且经常在群里发红包 人也很好 对作业一丝不苟 好老师！
114176,4478,程早霞,2019-07-09 02:58:24,4,5,1,程老师真的人很好，上课不会死扣课本知识，会凭借自己的研究讲一些很实用很有趣的东西。老师真的是我见过最认真最尊重学生的人，学生在做展示的时候，老师一直在认认真真地听，期末的论文分数也很不错。老师不会很主观地评价，会客观并且尊重学生的许多观点。期末考完、出成绩后还在群里发了两个大红包来，并且鼓励有兴趣的同学加她微信，真的一点架子都没有！\n\n虽然自己没有特别用功，但是最后成绩也挺好的，谢谢老师给的好成绩。❤️❤️❤️
116220,4478,程早霞,2019-09-06 09:56:04,3,4,1,太棒了
116221,4478,程早霞,2019-09-06 16:20:26,3,4,1,有质量有深度真硬核
116243,4478,程早霞,2019-09-06 13:53:28,6,7,1,程老师是有国际视野的大学教授，美国哥伦比亚大学留学归国学者。研究国际关系中的西藏问题是国内的一流学者，浙江大学水准！棒棒的！绝不是那种政治说教！
117239,4478,程早霞,2019-09-21 04:41:17,3,4,1,硬核超赞的好老师\n\n
117240,4478,程早霞,2019-09-21 04:50:29,3,4,1,超赞浙大水准
117265,4478,程早霞,2019-09-21 23:28:51,2,3,1,我们一起给程老师刷个10分
118405,4478,程早霞,2019-10-26 14:14:17,2,2,0,不忘初心满满正能量
118406,4478,程早霞,2019-10-26 14:29:27,2,2,0,老师真的很敬业。要带硕士研究生博士研究生还给我们本科学生上课。
120860,4478,程早霞,2020-01-18 00:10:33,2,2,0,这是唯一一个史纲课教的我可以停下手中的作业的老师，简直太牛了。程老师完全是真才实学，讲的内容一听就是准备充分的，绝不是枯燥的说教。另外程老师人也非常好，对学生很关心，还有很强的同理心。真的，上次程老师讲到汶川地震还落泪哽咽了。这么可爱的老师必须10分！
120930,4478,程早霞,2020-01-18 23:40:42,3,3,0,老师人非常好，绩点也很高，感谢老师。
121022,4478,程早霞,2020-01-19 09:04:08,3,3,0,程老师我吹爆好吗！\n\n不仅会在上课交流自己的学术经历之类的，还会在微信群发红包！最重要的是，历史咸鱼都有4.5！选到就是赚到好吗！
122295,4478,程早霞,2020-02-23 05:17:03,2,2,0,程老师超级好！！！！
122403,4478,程早霞,2020-02-26 08:08:38,4,4,0,老师人很好，真的很好，自己被正态只能说自己运气差，3.3打卡！但是还是10分！
123285,4478,程早霞,2020-05-29 07:14:18,5,7,2,讨论课互评有点坑
123416,4478,程早霞,2020-06-08 14:33:33,4,4,0,程老师绪论课就大放异彩，把“纲要”课的历史学部分来龙去脉地讲了……水平不俗，推荐书目应该都是比较经典的近代史专著，十分推荐老师的绪论课！课程内容中规中矩，可水可听，反鹅颈先锋dz，翻译作业他人评价不一，总的来说压力比较小，说话和气很nice。另外程老师功夫的确很深！在一次讲座上，老师细细阐述了她的“西藏问题”研究，故事性丰富且不失严谨与深度。总之是个特别棒的老师！（赶在考试前评价下，希望能做到公正些（分给高些就更好了www
124583,4478,程早霞,2020-07-03 08:14:27,3,5,2,老师人挺好的，给分不错，就是作业有点啰嗦，几万字的翻译作业对大一学生来说实在是负担挺重的
124662,4478,程早霞,2020-07-05 08:48:54,3,4,1,虽然不是外语专业的，但是翻译让我收获颇多，甚至会为了作业仔细再看回放，真的是好老师。
130211,4478,程早霞,2021-01-19 04:40:18,-1,7,8,哎老郁闷了！网课一次都没有划水给个正态，讲课也没啥水平
131305,4478,程早霞,2021-01-27 04:37:46,5,5,0,很好，水平真的高，正义感真的强
132246,4478,程早霞,2021-01-31 08:19:54,7,7,0,虽然我惨遭正态，但老是必须好评，讲课很有深度，常常和同学互动，节假日还会在群里发红包，很友善的老师。
132318,4478,程早霞,2021-01-31 16:34:08,3,3,0,程老师的历史课让我能放下手机放下作业认认真真听她讲，而且考试前老师还发了一个大红包来鼓励我们，真的真的特别好
133296,4478,程早霞,2021-02-23 16:31:53,7,12,5,课讲得好。分真的低。
141938,4478,程早霞,2021-11-01 10:44:05,-6,2,8,老师人很好，给分真的超级高
144591,4478,程早霞,2021-12-22 13:02:21,2,2,0,老师讲外交关系极棒！娓娓道来，有很多鲜活事例，紧扣时事~
148685,4478,程早霞,2022-01-13 08:11:32,6,11,5,点名次次到，发言也不少，小组讨论等参与度也不低，论文翻译花了不少时间，事情巨多，只会讲西部地区近代史，论文翻译是西藏，相关小组论文也是西部地区斯坦因伯希和，中国近代史纲要的内容讲得很少，不知道这么高的分数是怎么来的，期末也好好准备了，考试也认真考了，可能高中没选文，考的不怎么样，那也不至于绩杀3.3吧，比我数学都低，谢谢你，恩情难忘🙏，新年了群里发了红包我抢了四块多算是挺好的吧，亏查老师里分还这么高，钥匙同学们想喜提最低绩点附加五块钱的话，选她就没错了，如果你是西部地区相关历史的泰斗的话，当我没说
148695,4478,程早霞,2022-01-13 08:39:16,2,2,0,老师很棒！学识很渊博史纲内容也很丰富
148701,4478,程早霞,2022-01-13 08:57:43,4,7,3,感谢老师送来的新年大绩杀，虽然史纲论文真的付出了蛮多心思，可能是我人太菜了。
148770,4478,程早霞,2022-01-13 12:53:54,8,8,0,老师人很好，学识也很渊博，发言和作业比较反鹅颈，但事情很多（两次讨论+读书报告+小组展示+论文翻译二选一），互评也挺不公平，讲课内容脱离课本，给分一般。
149831,4478,程早霞,2022-01-17 07:28:13,1,3,2,我觉得还好。。非历史生考试发挥不错拿了4.2.平时也有蛮认真做好的（读书报告啥的）。事情是真的蛮多哒，但是老师还是很好的（虽然感觉气场不合）听老师讲亲身经历的911感触很深，是有情怀的老师！
161515,4478,程早霞,2022-11-08 05:02:17,3,5,2,22年来的\n\n快跑 \n\n书上的没怎么讲 \n\n还要翻译外国作品！！！\n\n但文科底子足够还是可以来上的 \n\n只要你不嫌麻烦
164846,4478,程早霞,2022-12-27 01:33:15,0,1,1,...
166277,4478,程早霞,2023-01-11 16:02:02,0,6,6,事情剧多，又要翻译又有小组展示，忙的要死，上课倒是可以水，but老师经常点人回答问题。总而言之不推荐，卷王随意，做了很多事也只有4.2
166282,4478,程早霞,2023-01-11 16:36:09,1,1,0,事巨多，干活这么多跟没干活的差不多，我真的不懂
166283,4478,程早霞,2023-01-11 16:36:42,3,4,1,真的事情很多，累死累活做了好多事，比高数时间花的都多，最后绩点还是不高
166285,4478,程早霞,2023-01-11 16:36:58,0,1,1,吃力不讨好
166286,4478,程早霞,2023-01-11 16:37:29,0,1,1,付出的大量努力没有得到回报
166378,4478,程早霞,2023-01-12 06:17:16,2,4,2,唉，那么认真上的课只有这点分，3.3寄
166379,4478,程早霞,2023-01-12 06:19:36,1,2,1,不知道给分的标准到底是怎么样的，但可能因为考试考得还行，最后绩点还可以
166858,4478,程早霞,2023-01-14 02:55:33,2,4,2,翻译作业确实有点多，但是其他的任务相比其他老师已经很少了，读书报告只要求500字，也不用写论文。纲要课最后的考试很大程度上靠自己！感谢程老师！
167795,4478,程早霞,2023-01-19 05:53:24,-3,3,6,给分真的挺一般的感觉做了很多事情4.5高中选历史的一直成绩很好 以及老师的研究领域是关于西藏的？所以翻译和pre和读书报告基本上都是关于这个主题…上课事情是有点多的 但是老师人还是挺好的节假日都会发红包（x
167796,4478,程早霞,2023-01-19 05:53:24,-3,3,6,给分真的挺一般的感觉做了很多事情4.5高中选历史的一直成绩很好 以及老师的研究领域是关于西藏的？所以翻译和pre和读书报告基本上都是关于这个主题…上课事情是有点多的 但是老师人还是挺好的节假日都会发红包（x
171970,4478,程早霞,2023-04-14 09:08:00,-3,2,5,程老师是一位非常非常优秀的老师！！！人非常温柔，会给予同学很多鼓励，学识更是丰富到不需赘述，春风化雨！！
174908,4478,程早霞,2023-06-19 14:11:23,7,9,2,分少逼事多，抖m可以来，一般人的话建议换个老师，8.7到9分是可以理解的评分，9.8是不能理解的
175051,4478,程早霞,2023-06-21 09:44:19,1,4,3,给分低快跑
182066,4478,程早霞,2023-11-09 10:38:21,0,1,1,快跑快跑
188646,4478,程早霞,2024-01-19 12:47:09,0,1,1,老师人超赞！事不多，翻译论文二选一，还有一些零碎的小任务，给分还不错（翻译99总评93）讲课有几节课很有意思！历史fw也有点喜欢历史了哈哈哈感谢老师
188721,4478,程早霞,2024-01-19 16:43:50,1,1,0,翻译作业稍微有点头疼，但是其他作业相比别的老师又少一些，课程上的内容与课名没太大关系，主要是讲一些历史专题，可能与她的研究领域有关（中美关系中的涉藏问题），你听不听老师也无所谓，老师说她大学思政课老师讲什么、老师长啥样她都不记得了，但她记得她上课看小说被那个老师点名了🙈。会有两次小组展示，有互评。老师其实还蛮和善，快退休了，给分不错。
206594,4478,程早霞,2024-12-16 09:57:10,3,4,1,事情贼多，要求贼多
211914,4478,程早霞,2025-01-13 01:44:00,1,1,0,老师人很好 是一个真正的历史学者 很关爱同学 认真负责 很可爱的一个人
211926,4478,程早霞,2025-01-13 02:00:07,2,2,0,小组任务分真的很低，但最后成绩出来很惊喜啊啊天仙老师🥰🥰🥰
212289,4478,程早霞,2025-01-14 00:48:08,3,3,0,老师讲历史确实有一套\n\n论文和翻译作业二选一\n\n助教人也很好\n\n给9分
212506,4478,程早霞,2025-01-14 06:00:21,1,1,0,很慈祥的老师，会发红包哦
212952,4478,程早霞,2025-01-15 10:28:31,2,2,0,老师人真的特别特别好，给分也特别特别好
214935,4478,程早霞,2025-02-19 07:27:21,0,0,0,老师挺有意思，课比较水，考试开卷，好考，助教也还好，给分也不错，老师事不多挺照顾学生的
74105,4585,梁清华,2018-02-05 07:20:10,-1,0,1,老师真的特别好，给分也特别好，很尊重学生\n\n
79845,4624,吴旭平,2018-06-14 09:12:45,8,12,4,浙大最好的马原老师
94490,4719,代玉启,2019-01-17 01:29:57,1,1,0,幽默风趣
80211,4797,夏婉婉,2018-07-07 00:23:07,0,0,0,课上什么都不参与，论文老师给打75，期末几乎什么都没背，最后4.2，事情少分数高，了解一下
110743,4837,吕有志,2019-06-28 07:09:11,-1,0,1,我是不懂老师说组长和评分员的分数会加平时分让小组互评不用管但最后没有加分是什么意思。每次上课就只会问组长组员为什么来的这么少，我能控制他们来不来吗，我都在群里说了他们不来我还能去寝室揪他们吗？考察也是本来不想去，非让组长去动员，实在没有办法自己去了，最后也不考虑给组长加分，看着全班考试成绩一堆50多分也没有任何调分行为，请问是将毛概卷子当高考卷改吗
87124,4910,陈小英,2018-09-20 23:48:00,4,5,1,还不错的。
72519,4936,成龙,2018-01-30 09:24:43,-19,5,24,一般般吧
72703,4936,成龙,2018-01-31 02:22:04,4,8,4,老师人很好，努力调分，让我这种卷面分凉凉的，都有不错的成绩
74684,4936,成龙,2018-03-05 05:45:14,22,29,7,是这个成龙，不是那个成龙！
76509,4936,成龙,2018-04-12 02:35:24,9,14,5,认真得可爱超可爱极其可爱 看得出来很认真地备课了 也很尊重学生
81620,4936,成龙,2018-07-05 14:38:29,4,5,1,老师很可爱，也非常理解人，对调研报告会给很多建议
83160,4936,成龙,2018-07-10 00:34:59,-1,5,6,老师超萌的！给分也还好！上课一定要发言！
83179,4936,成龙,2018-07-10 01:21:17,37,55,18,老师上课超级认真，总是对学生很和蔼，点评的时候也总是鼓励夸奖学生，最关键的是！！！给分也太好了叭！以为自己毛概要凉了，竟然最后90分！！吹爆老师！！大家疯狂pick他好吗
83185,4936,成龙,2018-07-10 01:38:52,-1,3,4,老师给分超级好，会给建议，温柔细心，上课要发言会加平时分的
83188,4936,成龙,2018-07-10 01:53:34,-1,3,4,很可爱的老师！
83239,4936,成龙,2018-07-10 03:19:54,-1,3,4,很棒，性格温柔，给分好
83241,4936,成龙,2018-07-10 03:25:54,5,9,4,老师人很好！乐于与学生交流，上课认真准备，（不像有的老师根本不准备），最后给分也超好！还会跟学生打招呼，嘿嘿嘿，超萌的哦！
83265,4936,成龙,2018-07-10 03:45:57,0,6,6,老师简直是天使！！平时上课水水 组内评分最低 我以为自己毛概凉了结果4.8！！！！！老师还特别萌！！！！！选他吧！选他！
83272,4936,成龙,2018-07-10 03:56:05,2,7,5,大家讨论课要积极发言！哭我们组就是因为抢不到发言机会平时分特别低！然后还有一种拯救方法就是期末考考好一些还是有机会调高一档的
83430,4936,成龙,2018-07-10 09:23:51,0,5,5,给不仅电影演的好（误）而且人也很nice的陈龙老师爆灯！！大家都说毛概给分很垃圾，但是最后拿了4.8！真的是很开心！！\n\n给大家的建议是，平时上课一定要积极举手发言！不管是个人还是小组！！这两项平时分占比很大！！！
83621,4936,成龙,2018-07-21 07:41:42,7,14,7,我是别的班的，在听了一学期的毛概后，大课好多老师只对成龙老师印象最深刻，讲的细致又符合我们自己知识建构的逻辑，老师也很善良温柔，虽然毛概没能选这个老师，但评论一波，祝福老师工作顺利吧！
86407,4936,成龙,2018-09-15 07:56:50,-2,5,7,一定要发言，不只是小组发言还有展示课自己发言，最后如果期末考的好，是可以满绩的
96633,4936,成龙,2019-01-21 08:18:04,9,21,12,组长从实力到人品都垃圾
96727,4936,成龙,2019-01-21 09:49:55,-2,6,8,吹爆成老师！对课堂认真，对学生和蔼耐心，鼓励式教学法代言人！简直每节课都在疯狂夸他可爱！（会“尽全力”帮拉高绩点！买不了吃亏！买不了上当！真的快pick成老师吧！
97082,4936,成龙,2019-01-21 15:55:10,9,17,8,挺垃圾的，我说的组长
97152,4936,成龙,2019-01-21 19:33:29,-1,4,5,真的是天使。。卷面凉凉的我硬是被拉到八十几分
97373,4936,成龙,2019-01-22 08:26:03,-5,6,11,无语，没什么话好说
99196,4936,成龙,2019-01-24 11:36:51,-2,4,6,老师是真的可爱！！\n\n而且负责任！期末会超级善良的调分！！
103147,4936,成龙,2019-02-26 07:22:07,-3,4,7,老师好萌好可爱！给分也很可爱！
105007,4936,成龙,2019-04-02 06:25:53,-5,2,7,老师太好了！
109022,4936,成龙,2019-06-06 00:47:00,-1,3,4,老师真的真的很nice 特别会鼓励学生 超级棒 表扬得大家都特别自信！！！而且非常欣赏同学们自己的思考 是我非常敬爱的老师了！！
111757,4936,成龙,2019-07-02 18:38:59,-1,4,5,很好的毛概老师呢
111820,4936,成龙,2019-07-03 00:17:10,-6,2,8,老师非常棒！非常鼓励学生，给分也好！
111886,4936,成龙,2019-07-03 02:09:27,-2,7,9,是一个三观特别正的老师，还有很多奇妙萌点。给分绝对算是毛概老师里特别良心的，会帮大家调分，平时分也给的高，非常建议选
113850,4936,成龙,2019-07-07 18:15:22,-3,3,6,哈哈哈
115432,4936,成龙,2019-07-23 09:55:53,-2,5,7,老师特别好，很认真负责！
129388,4936,成龙,2021-01-05 02:37:00,-16,13,29,非常烦非常无语，爱点名。遇到这位毛概老师就等着烦死了
135679,4936,成龙,2021-05-19 04:03:56,-2,4,6,上了几个毛概老师的课，还是最喜欢成老师！！老师的口音好上头哈哈哈哈，不过这是次要的。最主要的，还是因为老师确实有很深的思考，讲解也很到位，是让我觉得自己确实是在上“毛概”。小组讨论发言的问题，也很能和课程内容呼应，而不是说为了让人讨论而设置问题。
135982,4936,成龙,2021-06-07 12:18:53,-2,6,8,老师超可爱的有木有
137347,4936,成龙,2021-07-03 11:07:02,-8,7,15,给分不错
142712,4936,成龙,2021-11-15 11:15:19,3,7,4,老师太可爱了！山海情浙大版！\n\n我想不到自己有一天竟然能认认真真的听思政课。
149227,4936,成龙,2022-01-15 00:11:45,-7,7,14,男神男神！
149582,4936,成龙,2022-01-16 04:45:02,20,35,15,给分巨烂，人也不行
158086,4936,成龙,2022-06-27 01:34:47,-5,3,8,10分
166427,4936,成龙,2023-01-12 08:41:35,-9,1,10,认真负责给分好
172895,4936,成龙,2023-05-09 11:13:36,-4,4,8,上课在讲些什么，讲内容不好吗，bb没用的东西
184052,4936,成龙,2023-12-07 10:46:27,10,11,1,繺鲾！
192299,4936,成龙,2024-05-14 08:53:34,6,7,1,事多分少，一堆事
199256,4936,成龙,2024-09-20 04:52:28,42,48,6,上课固定座位，每节课组长考勤。讨论结束点人评价，卷发言无极限，一次课发言一次加一分，上限十六分。鼓励同学举报上课玩游戏，举报者加十分，被举报者扣十五分。讲课无课间，随堂讨论开始前才下课休息一会儿。无论好坏，这样的思政课老师我第一次见。
213853,4936,成龙,2025-01-20 12:29:17,1,3,2,给分真的很烂
215084,4936,成龙,2025-02-21 02:23:44,5,6,1,24-25春夏来的，成龙习概各种课程要求还是很逆天。\n\n成龙果然是真黑化了，从9.7分掉成了快要下9分
188445,4962,傅夏仙,2024-01-19 04:22:18,0,0,0,挺好的老师
179034,5018,尤云弟,2023-08-23 10:38:14,1,2,1,666
75717,5105,潘于旭,2018-03-15 11:29:35,-2,1,3,好严啊，强迫你听课（微笑
155492,5105,潘于旭,2022-06-13 13:58:45,1,1,0,老师人巨好！很少看到有老师能把近100人3000多字的论文看得仔仔细细还给你写了不少评语的老师！！！老师人真的很认真负责，只是因为马原这门课程本身就无法讲嗨，所以会显得有些枯燥。老师会希望你上课听课，要求你不要做其他事情，但是老师还是会默认给你去写作业、做其他事情，不戴耳机这些东西就好
70698,5192,王雪楠,2018-01-27 12:02:56,0,2,2,微笑.jpg
71419,5192,王雪楠,2018-01-28 12:02:40,-7,11,18,好老师，绝对好老师！看不下去了。就给10分！自己渣，还怪老师！
71960,5192,王雪楠,2018-01-29 06:53:27,2,2,0,是那个王雪楠吧
74278,5192,王雪楠,2018-02-09 02:17:39,3,12,9,希望重新开一条吧 到秋冬老师真的打分已经很好了 老师要求确实严格 但认真听会有很多知识 希望以前的同学们不要在这里再非难她了
75095,5192,王雪楠,2018-03-07 10:27:56,5,8,3,怎么没有0分
75815,5192,王雪楠,2018-03-19 05:41:13,-1,2,3,0.00不好，让人以为是无人评论，分数0.01才更明显
75880,5192,王雪楠,2018-03-20 15:29:59,1,2,1,辣鸡辣鸡
76556,5192,王雪楠,2018-04-14 08:10:53,0,1,1,垃圾啊
87075,5192,王雪楠,2018-09-20 07:01:48,0,0,0,hhh
89330,5192,王雪楠,2018-11-18 12:56:35,0,0,0,.\n\n\n\n\n\n
93792,5192,王雪楠,2019-01-13 19:31:55,1,1,0,红红火火恍恍惚惚
109497,5192,王雪楠,2019-06-16 03:28:20,0,0,0,感觉讲的还行\n\n\n\n就是喇叭也太响了
119100,5192,王雪楠,2019-11-10 10:03:59,0,3,3,特别好
123317,5192,王雪楠,2020-06-02 14:32:32,1,2,1,
123393,5192,王雪楠,2020-06-08 05:37:19,3,4,1,讲课有意思，给分比自己估计的稍微低一点，也还可以……组长会掌握平时分的生杀大权
150627,5192,王雪楠,2022-02-06 01:43:42,2,3,1,中途缺勤了一次，被正态了。\n\n之前问过助教，会不会因为我缺勤一次即便分数比其他同学高也会被正态，助教打包票让我放心。\n\n最后只有3.3\n\n我算了一下，平时分除了缺勤几乎是满的，除非期末考试40多分才可能这么低\n\n说是有理有据其实根本不管你死活
152757,5192,王雪楠,2022-04-19 08:38:26,1,1,0,老师讲课很有趣啊，小组展示打分也很公正
155576,5192,王雪楠,2022-06-14 11:21:26,2,3,1,老师上课真的很有意思，像故事会一样把历史故事讲得很有趣（虽然我没细听考试全靠抱佛脚哈哈哈）。讲课很重逻辑，小组展示也是，虽然每次主题都不小但是有提前列出提纲，照着问题找资料然后整合就可以了（整合真的累吐人，历史资料字也太多了吧）。上课还请我们吃冰淇淋，因为她自己太热了哈哈哈哈哈，不知道给分怎么样但是我莫名好喜欢她噢
124518,5903,王晓梅,2020-07-02 08:43:33,53,56,3,老师很好，正态分布垃圾
124957,5903,王晓梅,2020-07-26 05:01:25,50,56,6,老师很亲切，感觉很好，给分也很好，小组组队要好好表现。
131697,5903,王晓梅,2021-01-28 13:12:22,48,57,9,晓梅老师捞人的神 salute
133616,5903,王晓梅,2021-03-03 02:18:49,48,54,6,很能捞，给分可以，小组分数强调组内协商
134332,5903,王晓梅,2021-03-24 03:56:29,-72,8,80,傻逼老师不解释，点人回答问题方式就是个傻逼
134635,5903,王晓梅,2021-04-07 03:31:26,-66,5,71,毛概课开始给了问题范围，临到讨论说其中几个问题作废，是为了恶心学生吗？
137092,5903,王晓梅,2021-07-01 00:05:29,53,53,0,很好很好
138062,5903,王晓梅,2021-07-07 08:29:08,-68,6,74,期末考时因为实在没办法，提前交卷，然后考试周没结束钉钉发消息嘲讽我卷面分很低。我知道会很低，但我没办法，嘲讽我搞我心态是吧，我后面还有考试，这老师是tm有病吧
138227,5903,王晓梅,2021-07-08 04:43:21,51,56,5,给分超棒，满意！毛概反正也是轮着讲，讲了也不一定听，其实主要就选给分好的老师
138549,5903,王晓梅,2021-07-09 17:05:21,52,56,4,555555老师真的是菩萨 捞人一绝
139127,5903,王晓梅,2021-07-13 03:48:45,53,53,0,老师还不错，挺喜欢的
139128,5903,王晓梅,2021-07-13 03:48:45,55,55,0,老师还不错，挺喜欢的
140414,5903,王晓梅,2021-09-15 02:43:48,61,62,1,价值观很正。很好沟通，有问必答，很为学生着想。
140415,5903,王晓梅,2021-09-11 04:02:12,59,60,1,老师教学过程很严格，也很投入，讲原则，很公正。对实践展示内容要求很高。\n\n不过，对学生总体很宽容。最后的结果都挺好的。
140416,5903,王晓梅,2021-09-11 04:12:48,68,68,0,晓梅老师讲课生动，旁征博引，注重师生互动，大爱
140417,5903,王晓梅,2021-09-11 04:17:17,54,55,1,美女老师，授课生动活泼有趣！
140418,5903,王晓梅,2021-09-11 04:19:44,54,55,1,很耐心，很公正
140420,5903,王晓梅,2021-09-11 04:24:05,51,52,1,循循善诱，有趣生动
140422,5903,王晓梅,2021-09-11 04:38:51,53,53,0,王老师yyds！感谢老师捞我哈哈哈哈 上课有趣，给分也好(´▽｀)
140423,5903,王晓梅,2021-09-11 06:25:05,53,53,0,很喜欢小梅老师的课哦
140425,5903,王晓梅,2021-09-11 06:43:58,54,54,0,晓梅老师上课很认真，节奏快不拖沓，有时候点名回答问题的方式很出其不意，很多时候课堂氛围很好。
140435,5903,王晓梅,2021-09-13 05:33:31,57,57,0,本科时选了晓梅老师的课，这门课是由一个教学团队上的，一学期课上可以见到好几个老师。如果能够好好按学生手册完成课程要求电，期末分数不会低到哪里去。\n\n晓梅老师课上会分享一些自己的经历，挺有意思的。看得出花了很多心思备课。\n\n九月份开始研究生生涯，继续选了晓梅老师的研究生通识课，前几天微信她想选她的课，她回复：“拜托拜托，不要选我啦。怕怕哈。”\n\n很可爱的老师。
140446,5903,王晓梅,2021-09-12 01:58:13,49,49,0,一点架子都没的老师！五星好评~~！！姐妹们，选她没错哒~~
140500,5903,王晓梅,2021-09-13 06:02:31,49,49,0,好，很好
140538,5903,王晓梅,2021-09-13 12:23:45,48,48,0,晓梅老师是非常不错的老师，非常有亲和力！古道热肠！
140697,5903,王晓梅,2021-09-15 10:10:34,50,50,0,晓梅老师超级可爱 好好玩的一个大姐姐
142041,5903,王晓梅,2021-11-04 12:09:15,47,47,0,这个学期选了晓梅老师的毛概课，第一次知道毛概课还可以这么有趣！晓梅老师很幽默，热情很高，上课变成一种享受～
142042,5903,王晓梅,2021-11-21 10:47:15,46,46,0,晓梅老师为人和蔼，耐思，上课非常认真，比较注重我们的上课体验。上课节奏明快，不拖沓，善于鼓励，清楚滴得她说：“第十组的发言代表非常认真地准备了本次发言，用很浪漫地方式把一个问题解释清楚了。”激动激动~~~
142044,5903,王晓梅,2021-11-04 13:08:24,47,47,0,目前为止，老师给我们上了五个专题，内容信息量大，每次上课状态都很好，精神饱满。有几次来早了会去洗手间扎个马尾，元气满满地回到讲台。永远保持微笑。给人很温暖的感觉。\n\n有次咳嗽，也是以最好的状态讲完了专题。\n\n我们小组觉得她是一位十分负责的老师。
142198,5903,王晓梅,2021-11-08 11:43:57,47,47,0,难得的有问必答型的老师。\n\n不像有的老师，一个消息过去，永远未读状态。既然这么忙，就不要干这行好了。\n\n很低调，谦虚，永远都是“我说的不一定对”。
142274,5903,王晓梅,2021-11-09 14:59:21,46,46,0,选了晓梅老师的习概课，很敬业，很耐心，很谦虚。很为我们着想。是我们一组二十人喜欢的类型。
142337,5903,王晓梅,2021-11-10 10:08:49,45,45,0,这个课平时分占比挺大，老师把细则讲得透透的，我感觉只要按课程规则开展调研和课堂学习，最后结果都不会差吧。\n\n讲课很喜欢用比喻，用得很好，反正把我原来不理解的问题通过她的比如搞明白了😂(✪▽✪)。\n\n另外晓梅老师很尊重学生，提醒同学们追求高质量生活，追求自主性，最大限度地做自己。
142383,5903,王晓梅,2021-11-11 02:25:03,43,43,0,有问必答，永远在线。\n\n习概改革得很好，线上线下教学，不用次次跑玉泉。老师真诚地劝退，让大家选春学期紫金港的课。\n\n助教会点名，老师不点名๑•́₃•̀๑\n\n其实线下总共4次课，挺挺就过去了。♬(ノ゜∇゜)ノ♩
142439,5903,王晓梅,2021-11-11 11:48:34,43,43,0,刷到晓梅老师，就笑晕了。我当初大一修她的课，现在博士了，时间过得真快。估计她自己都没想到怎么会上查老师了吧。她当时千叮万嘱让我们不要把她搞到查老师上来，估计后面忘记交代了。给我们上的社会治理专题还记忆犹新，很受启发。嗯，当时是我们的晓梅姐，现在也是。愿她一直勇于做自己。也愿我自己能像她一样，永远那么温暖，对明天充满期待。——ZZX 玉泉
142638,5903,王晓梅,2021-11-15 01:22:17,43,43,0,我是秋冬学期晓梅老师班的学生，老师非常认真负责，课外花很多精力指导学生调研。各小组带回课堂的调研成果丰硕丰富。同学们对其它小组的调研主题、调研过程、调研结果兴趣浓厚。\n\n可以说，该课程设置的调研环节，非常有意义，如果你愿意花时间和精力的话。\n\n总之，很有获得感和成就感。
142841,5903,王晓梅,2021-11-17 04:22:23,41,41,0,从毛概，习概，到中特，一直选老师的课，感觉老师上课越来越紧扣教材，以本为本了。(✪▽✪)o(^o^)o。这是课程要求吧。\n\n老师一无既往地认真。期待在以后的博士课上还能相见！
142938,5903,王晓梅,2021-11-17 14:15:25,39,39,0,每次到教室的时候，她已经到了。我提前半小时，没想到她也提前半小时。很负责任的老师。这个团队的老师们很为同学们着想。老师们都很尽力。上课紧扣教材，及时采纳同学们的意见，可以说很民主了。\n\nps.经常发现老师发呆着打呆着会笑起来。有意思。
143067,5903,王晓梅,2021-11-18 14:35:52,39,39,0,很用心的老师啊。活泼开朗，上课声音可响了，劲儿足足的，哈哈哈哈。\n\n好好听的话，内容还是很好听的。\n\n另外，十分期待现场教学。
143181,5903,王晓梅,2021-12-13 05:56:02,36,37,1,xdjm们，这个课现在好像都要点名，据说是他们学院教学科安排的，这样也挺好。 \n\n还有，这个课程实施团队教学，成龙老师，桑健全老师，伏佳佳老师等一起承担教学任务，\n\n这几位老师都很棒。
143196,5903,王晓梅,2021-11-21 08:58:19,40,40,0,昨天跟老师去长兴参加了现场教学，很值啊，包差旅餐费。老师可爱善良负责。\n\n在车上时候，有位女老师大声地对她开玩笑：“你穿红色是为了拍照好看吧！”\n\n车上哄堂大笑。\n\n老师温柔而鉴定地回道：“是为了能够让学生一眼认出我来。人多，万一走散，穿辨识度高的颜色，方便学生找到目标。”\n\n这么高情商、有爱心的老师，一般低情商自我的人是理解不了的。
143379,5903,王晓梅,2021-11-24 12:57:15,35,35,0,感觉习概毛概老师们挺不容易的。\n\n全力支持！
143671,5903,王晓梅,2021-12-13 05:57:42,33,33,0,很有耐心，有问必答，有空必回。\n\nps.pljj不懂绩点喔！同学们要细心点拨她才好，哈哈哈哈。
143712,5903,王晓梅,2021-12-02 08:19:51,34,34,0,课堂内容充实，老师授课有条理，有重点。教学过程中尊重没有强迫感、压制感，很尊重我们，会鼓励菜鸟。\n\n不顽固不俗套，欢迎遇事商量。\n\n经常在课间夸其它老师，比如“我们团队成老师可是大咖”，“桑老师可是一路名牌大学过来的”“伏老师政治学博士.…..““显然我是最弱的”，其实老师一点都不弱啊，我们会百度啊；）\n\n总之，会在课堂夸其它老师的老师，是十分谦逊的，大气的。
143982,5903,王晓梅,2021-12-15 06:06:23,31,31,0,老师讲原则，公平公正，但是也会变通，有情义。\n\n尊重每一个弱鸡。\n\n不啰嗦不拖堂。\n\n有问必答，半夜也会回复，全程指导调研。
143985,5903,王晓梅,2022-01-04 14:41:48,31,31,0,晓梅jj通情达理。教学内容丰富。团队教学，专题由成龙老师，桑老师，杨老师，伏老师轮着讲。助教出镜率很高，他们负责点名。最近教学抓得很严。学校层面也很重视吧。\n\n成老师给我们讲一两次，语速慢，不push，想听就听。\n\n桑老师比较佛，深藏不露，喜欢喊女孩子问答问题。\n\n伏老师上课比较着急，也还努力。\n\n杨老师温和，晓梅老师可喜欢杨老师了，说他英国绅士范儿十足。\n\n老中青团队，都很努力，只要认真听，肯定有获得感。\n\n哇，期待努力的小组有好成绩，冲鸭鸭鸭鸭鸭～～～～～～～～～～～
144115,5903,王晓梅,2021-12-18 07:06:33,31,31,0,这个团队的老师们都很好。\n\n萌萌的桑老师，\n\n活力的伏老师，\n\n绅士的杨老师，\n\n和蔼的成老师，\n\n反正我是每堂课都认真听了，学到很多。\n\n无论最后成绩如何，都值得我打call。\n\n晓梅老师能急我们所急，及时发思考题，能及时在钉钉回应我们。\n\n从不拖堂。民主，能让我们自己解决的问题尽量让我们自己解决。\n\n不把自己的想法强加给我们，鼓励大家思辨性地看待问题，比较欢迎自己的想法和见解。\n\n有自己的原则，不鼓励内卷，也不提倡躺平。\n\n不装，谦虚，有问必答。\n\n每个老师都值得我尊敬。
144120,5903,王晓梅,2021-12-18 13:58:30,29,29,0,中特过来的，上课体验很好。\n\n老师不像其它老师那么偷懒，很负责。\n\n线上课，还没见过她，老师每次分享的音乐好好听啊，有品位！
144781,5903,王晓梅,2021-12-23 14:37:13,28,28,0,选了晓梅老师的研究生课，课堂气氛轻松，老师价值观很正。\n\n不拖堂，严格遵守课堂规范。（这点太好了）\n\n老师很欢迎大家提问，有问必答。不光是课程相关问题。\n\n不提倡死记硬背。鼓励思辨。\n\n鼓励起同学来那真是绝绝子！\n\n我估计以后博士课程还会选她；）
144972,5903,王晓梅,2022-01-06 01:50:32,31,31,0,马上考试了，过来看看前辈们的评论。\n\n就我而言，一个学期下来，觉得老师很认真负责，有问必答，原则性也强。某次有女生问她要发言机会，处于公平，被她温柔地拒绝了。\n\n老师不鼓励卷也不鼓励躺平，鼓励大家做有意义的事情。\n\n讲句良心话，愿意在公共课学生身上花时间和精力的老师很少，但是晓梅老师就是其中一个。\n\n她给人很温暖的感觉，还有感染力很强的笑。\n\n以及，说要讲个好玩的事情，事情没讲出来就把自己给笑趴了。。。。。。。\n\n感觉老师精力很简单，\n\n人很纯粹，没有套路，\n\n情商很高，很尊重菜鸟、弱鸡。\n\n她的眼里充满诗和远方。\n\n我希望以后的我也能像她一样，眼里尽是美好。
144975,5903,王晓梅,2021-12-26 06:49:52,27,27,0,我选修王老师的中特课。很好。同学展示完，老师就开讲专题。一点都不偷懒。\n\n\n\n我室友选另外老师的课，老师很偷懒，不想讲课，就拼命让学生提问，提问一次加一分，卷死人，都研究生了，还搞提问加分，笑死人。\n\n\n\n总之，王老师是个有良心的老师。
145133,5903,王晓梅,2021-12-27 15:21:29,26,26,0,今晚老师和课代表一起把平时分算出来了。很感激老师，公平公正，善于倾听学生心声。\n\n不亏待每一个努力的人。\n\n赞👍
145282,5903,王晓梅,2022-01-14 01:21:02,27,27,0,情理兼具。\n\n师道尊严拿捏得绝绝子。\n\n不错的体验。\n\n接下来，好好看书，认真考试，争取上4.0。\n\n还有一点必须说一下，晓梅老师非常有爱心，让人觉得温暖。\n\n🐭🐭🐭🙈🙈🙈🙈
145774,5903,王晓梅,2022-01-02 07:40:50,25,25,0,很公正的老师，团队教学，推荐。
145882,5903,王晓梅,2022-01-03 14:58:21,23,23,0,思政课的老师们太难了，但是我们学生也挺难的哈哈哈。\n\n晓梅老师很努力，能感受到她想尽可能多滴把内容讲掉，语速和节奏都很快。她也会停下问问大家会不会太快；）\n\n每个专题备课都很充分，内容挺多，喜欢结合自己的经历讲，挺受用的。\n\n平时分计算很公正，每一分都有依据。老师对大家很负责。\n\n最后，会鼓励人，总是能发现展示小组的闪光点，性格好，一直微笑。还分成热心，帮我打听事儿。\n\n\n\n求晓梅菩萨看在问这个点还在刷毛概的份上，保佑我上4吧。阿弥陀佛。
145947,5903,王晓梅,2022-01-04 14:14:40,23,23,0,非常负责的老师。学期第一堂课就把规则讲清楚。接下来按规则办。课前有阅读书目和思考题。课上讨论也不限于发的思考题，只要围绕专题展开讨论的都可以。\n\n很为大家着想，很会鼓励大家。\n\n老师很谦虚，有问必答，反馈及时。\n\n眼里有光，心中有太阳的人。
146417,5903,王晓梅,2022-01-06 14:29:18,23,23,0,中特出来了，82，同学93。我觉得很公正，因为我缺勤一次哈哈哈。非常负责任的老师，有情怀，有诗和远方。只要你认真完成作业，结果不会不好。评分机制非常合理。支持。
146518,5903,王晓梅,2022-01-06 23:48:01,21,21,0,啊啊啊啊，中特成绩出来啦！老师真的不会亏待任何一个努力的人。我们小组成绩都不错。老师超负责任，超公平，评价机制超合理。\n\n\n\n老师上课也超认真，良心！赞👍
147822,5903,王晓梅,2022-01-11 03:02:35,19,19,0,一学期的体验就是晓梅老师永远的神！\n\n平时内容跟我们讲得很清楚，也特别为学生着想。比如展示早一点进行，期末考的时候就可以轻松一点，也不会大冬天还要赶早八。\n\n老师人超级好，特别会鼓励学生，永远面带笑容，特别温暖。\n\n所以无论给分如何，老师都值得十分。（更何况老师给分巨无敌好～
147886,5903,王晓梅,2022-01-11 05:44:12,19,19,0,美女老师海底捞的水平真的很高！！
148520,5903,王晓梅,2022-01-12 20:07:06,20,21,1,好老师~
148737,5903,王晓梅,2022-01-13 10:43:01,19,19,0,铁子们，现在思政课教学科会要求助教统一点名。\n\n对每次都到的同学而言，这是公平的。\n\n晓梅老师教学很认真，爱笑，眼里有光，心中有太阳☀️。\n\n有问必答。\n\n很好沟通。\n\n给分公正，平时分有理有据，一分不多半分不少。\n\n不讨好学生，有原则。\n\n认真干，会有好结果喔。
148866,5903,王晓梅,2022-01-14 00:04:07,22,22,0,我仅代表我们小组20人过来评论。\n\n晓梅老师公平公正，干脆利落不拖沓，到点上下课，上课认真，备课充分，有问必答，调研过程悉心指导，不吝啬赞美，会鼓励学生。\n\n交往有情有义，评分有理有据。\n\n我们一组20人自己内部已经正态开了，总评结果如我们所期。\n\n赞。
149113,5903,王晓梅,2022-01-14 12:18:16,18,18,0,一学期的体验就是：\n\n晓梅老师亦师亦友！\n\n平时成绩组成跟我们讲得很清楚，\n\n熟悉教材，本科充分，以本为本又不局限于本。\n\n也特别为学生着想，特别为团队其它老师着想，跟我们组各种夸团队的其它老师，夸她们的教研室，夸她们学院，还鼓励我们考她们学院的研究生，哈哈哈哈。还真有学姐考过去！\n\n可爱死了。\n\n老师谦虚不摆谱儿，为人真实。\n\n特别会鼓励人，把我们小组的摄像夸上天了。把我们的视频夸上了天。\n\n鼓励大家创新，鼓励展示不拘一格，单人汇报，夸！小品表演，夸！拍视频，夸！至少让我们小组觉得很有获得感和成就感。\n\n永远面带笑容，特别温暖。\n\n被善待的人才会看谁都是良人吧，也多半是因为生性善良而内心强大吧。\n\n不然为什么每次看到她，她都能那么开心呢。\n\n所以无论给分如何，老师都值得十分。\n\n她让我坚定地让自己要长成阳光的人！\n\n\n\n边泡脚边输入文字，哈哈哈
149229,5903,王晓梅,2022-01-15 00:17:01,21,21,0,女神女神！
149774,5903,王晓梅,2022-01-17 01:57:07,17,17,0,“爱给自己设人设的人，多半是因为他自己不接受自己本来的样子，自己不承认自己。我们要接受个性，接受真实的自己，成就更好的自己。在哪里立的人设，总有一天会在哪里崩塌。或明崩，或在人们的心里崩。”\n\n😂😂😂😂\n\n不能完全记得她说的话，大概就是上面这个意思。\n\n老师一直一直很谦虚。\n\n然后一直夸别的老师。\n\n尽管她从没有说要我们成为什么样的人，但是我觉得我要成为像她一样真诚，乐观的人。\n\n学习她的人品和生活态度。\n\n至于分数，我都接受。
150071,5903,王晓梅,2022-01-19 00:14:03,15,15,0,老师备课很充分，上课很认真，互动很注重，反馈很及时，回应很迅速。\n\n善解人意不装逼的好老师。
150364,5903,王晓梅,2022-01-23 10:00:45,17,18,1,因为老师，所以才知道了斯蒂格勒，才喜欢上了技术哲学，才知道如果让数字技术与其强大的能力在社会化的进程中与金融资本主义携手，那就是意味着像政治霸气妥协。分数不要紧，相信老师是公正的。希望以后还有机会向老师请教。
150428,5903,王晓梅,2022-01-25 05:28:46,17,17,0,一个不想跟“假人”搭讪的“真人”。\n\n\n\n心大，脑洞大，谦虚爱自嘲。\n\n\n\n课程统一了教学设计，团队教学。\n\n\n\n拿不到好分只能说我们自己没有认真对待。\n\n\n\n准备读老师的硕士，请老师保佑我吧。
150498,5903,王晓梅,2022-01-27 06:28:42,13,14,1,把所以的评论都看了一遍。\n\n除了莫名其妙的三个评论之外，其它的都赞了一遍。\n\n老师很好。阳光温暖。\n\n备课认真。上课认真。对学生认真。\n\n不过，我个人觉得老师应该去上专业课，上思政课真的有点langfei了。\n\n晓梅老师啊，您要卷起来啊，您要成为lbqlbq大咖啊，不要只顾诗和远方里啊。
151464,5903,王晓梅,2022-03-04 01:52:35,9,9,0,很好啊
152895,5903,王晓梅,2022-04-21 09:26:27,13,14,1,怎么说呢，老师每次都很开心的样子，她到底在想些什么呢？很友好，平易近人，没有压迫感。👍 我没有缺席，但是如果老师把我正太掉，也没关系。：）
152986,5903,王晓梅,2022-04-23 05:22:38,14,14,0,老师每次来得好早啊！\n\n很为我们着想，不为难我们，但是又很有原则。\n\n备课充分，讲课精神饱满。\n\n会鼓励，一定是个好妈妈。；）
153147,5903,王晓梅,2022-04-26 06:10:18,13,13,0,体验很好。\n\n“你们不要总是看着我呀，偶尔看看我就可以，埋头思考也是一种很佳的状态呀。”\n\n挺幽默的。\n\n备课认真，上课不偷懒，也不拖堂。
155361,5903,王晓梅,2022-06-11 13:46:33,10,10,0,好老师！
156053,5903,王晓梅,2022-06-17 08:56:20,8,8,0,anyway 先给晓梅老师十分
156409,5903,王晓梅,2022-06-19 12:24:02,9,9,0,晓梅老师，我爱你。
156653,5903,王晓梅,2022-06-20 13:51:41,12,12,0,给分极好。祝女神长命百岁！
156660,5903,王晓梅,2022-06-20 14:11:12,9,9,0,老师真的超级好特别可爱，复习时候我觉得多选题太难了老师说不难，看排比就好，超级可爱，还安慰我别紧张，超级可爱！自觉复习的不是很好，考完看了一下书，发现2个简答题都完全错了方向，后面的论述题也是分析材料+记忆+瞎编哈哈，出分89，真的特别感动（因为从来没听过课且只有1天时间复习）！！队友也特别友好，爱了爱了！！！
156667,5903,王晓梅,2022-06-20 14:27:06,11,11,0,wuwuwu出分还愿，晓梅老师给分超好！选她选她选她！\n\n和老师互动最多的是在小组展示课上，老师会很认真听，我们小组展示的互动环节还会很高兴的参与并且问我们这是什么（类似看图猜字），最后会对每个小组都表扬，说大家都非常认真，人超贴心超好！\n\n期末考试我坐第一排，监考老师喊我数卷子，晓梅老师还走过来说“xx（我名字），辛苦数一下卷子哦～”，我根本不知道老师什么时候知道我名字的！！！感觉她也没有看考试的座位表，就让人很开心有没有！！
156673,5903,王晓梅,2022-06-20 14:48:49,10,10,0,真的没有人会不爱晓梅姐姐吗？正能量，温柔，朋友圈全是琐碎但是无比温暖的小事，很喜欢分享两个小孩的日常~
156687,5903,王晓梅,2022-07-04 05:03:51,23,23,0,期末成绩83，我知道卷面没做好，没有好好复习。十分后悔。但是我还是想说几句。\n\n晓梅老师是一位超级认真负责的老师，每次很早到教室，从不拖堂。\n\n\n\n最令我感动的是，我们觉得复习答疑课太晚，没想到她专门抽周末时间给我们复习教材上的知识点，在线讲了整整两节课！老师对教材十分熟悉。真的惊到了。\n\n\n\n老师人超好，就是鼓励鼓励再鼓励，当然，老师公正公平，偶尔也会批评，哈哈哈。很温柔滴批评，很受用。\n\n\n\n\n\n\n\n每节展示课老师会会十分认真地听，听到感兴趣的地方还会兴奋地提问，然后又抱歉自己打扰，哈哈哈。\n\n\n\n私下还会夸其它老师，让我们多配合其它老师，特别是年轻的伏老师和桑老师。足见心胸之开阔。\n\n\n\n总之，让人觉得很温暖的老师。从她身上，我学会了对他人温柔以待。
156702,5903,王晓梅,2022-06-20 16:34:59,9,9,0,能静能动\n\n认真负责\n\n温柔热心\n\n有问必答\n\n公平公正\n\n团队优秀\n\n\n\n我没好好复习 愧对老师认真的课外补习答疑\n\n最后得分84分
156704,5903,王晓梅,2022-06-20 16:47:55,9,9,0,全程指导我们的调研，回复非常及时，还答应我们上门面基。能给出很具体的修改意见。\n\n从来都不会想某些老师一样，第一节课就说：“我很忙的，很多课题要做。你们不要来找我！有事找课代表！”\n\n\n\n我觉得，晓梅老师的认真负责热心耐心就是课程思政最好的内容吧。\n\n\n\n还有，老师很爱给自己学院打广告啊，在马言马哈哈哈哈，“来吧，考我们学院的研究生吧。我们学院有大咖。”“你要不要读我们学院的研究生？”\n\n\n\n哈哈。
156746,5903,王晓梅,2022-07-04 05:01:59,18,18,0,最终成绩88。客观的说说我个人的体验。总体感觉我们的班级学风很好，专题课几乎没人缺勤，这个情况跟合教师的另一个班可以形成鲜明对比。这跟老师第一堂课定下的规则是关系的。老师还不忘交代我们要“善待团队的其他老师，上课的时候要时不时地给与回应，最好偶尔给个微笑，或点头示意，老师上课很辛苦的。”\n\n\n\n超级纳斯的老师，永远保持微笑，温柔而坚定。\n\n批评也能那么温柔，但是有力。\n\n\n\n回信消息及时，有问必答。\n\n能公正公平地调解小组组员之间的分歧。\n\n\n\n备课认真，上课精神饱满。\n\n认真指导社会调研，从选题、大纲、最后的定稿都能给与指导，并鼓励我们投稿参加会议。\n\n\n\n认真欣赏大家的实践汇报，拖着腮帮子专注的样子和频频点头的样子让我觉得我们小组的表达有被认真对待和尊重。不满意的地方会私下告知修改意见，当众给足大家面子。是多么地善解人意！\n\n\n\n有奉献精神。当时我们觉得答疑课太晚，希望老师提前给我们罗列罗列教材知识，没想到她就在当周的周末晚上给我们做了线上讲解和答疑，老师连续讲了两节课。\n\n\n\n这就是新时代思政教师的模样吧：时尚、活力、精神饱满、善良、奉献、谦虚（从不夸自己或变相卖自己，夸她的时候，总是“没有啦没有啦，要向你们学习”）、幽默、漂亮、热爱自己的职业。她的细节确实给了我影响，从她身上我看到了好的人生、好的生活、善良的人的样子。
156768,5903,王晓梅,2022-06-21 02:33:13,12,13,1,晓梅老师！你是我的神！思政废物 军理开卷考都只能考到3.6的废物毛概居然有4.8\n\n虽然看了一遍书，但是答题的时候还是胡编乱造比较多，感觉很多没背到，但是能有92是真的比较惊讶。\n\n老师真的值得，第一次上课的时候就被深深的人格魅力吸引了，在台上展示的时候，老师都在台下认真听着我，还有特别接地气的朋友圈，“希望能再有一个女儿”哈哈哈哈哈，谢谢晓梅老师，大学最好的思政课，本以为会很卷很卷，一次发言都没有的躺平本人也能收获好成绩，谢谢老师！
156769,5903,王晓梅,2022-06-21 02:33:09,7,7,0,晓梅老师！你是我的神！思政废物 军理开卷考都只能考到3.6的废物毛概居然有4.8\n\n虽然看了一遍书，但是答题的时候还是胡编乱造比较多，感觉很多没背到，但是能有92是真的比较惊讶。\n\n老师真的值得，第一次上课的时候就被深深的人格魅力吸引了，在台上展示的时候，老师都在台下认真听着我，还有特别接地气的朋友圈，“希望能再有一个女儿”哈哈哈哈哈，谢谢晓梅老师，大学最好的思政课，本以为会很卷很卷，一次发言都没有的躺平本人也能收获好成绩，谢谢老师！
156893,5903,王晓梅,2022-06-21 09:45:28,6,6,0,捞人的神
156926,5903,王晓梅,2022-07-04 01:37:32,8,10,2,把所有评论看了一遍，老师确实有她的人格魅力，低调谦逊率真温柔幽默，笑点超低，嗯，她就是她自己。\n\n上课精神饱满，没有压迫感，善于鼓励。\n\n舍得花课外时间在我们身上。有问必答，而且很及时。\n\n毛概我自己感觉有好好复习了，但是还有不少细节题不能确定，结果没有达到我的预期，毛概满绩的梦碎。\n\n但是老师真的很好很负责，周末晚上跑办公室来为我们开线上复习课。\n\n建议学弟学妹们复习课好好听认真听。\n\n\n\n另外，我们班学风真的很好，每次合班课坐得满满的，课堂上也很配合其他老师，这跟第一堂课晓梅老师就交代我们要善待其他老师、要善解人意有很大关系。
158062,5903,王晓梅,2022-06-26 13:44:20,7,7,0,老师很温柔，给分也不错
158678,5903,王晓梅,2022-07-01 08:53:57,6,6,0,亲和力强，还很好看
159383,5903,王晓梅,2022-07-15 09:44:57,6,7,1,习概是思政课最高是什么体验....感恩晓梅老师，老师真的太温柔了，考前一直在想，就算老师把我正态掉，也没关系：）
159387,5903,王晓梅,2022-07-15 13:58:13,0,1,1,wxm老师狠狠爱了，狠狠打捞！
160621,5903,王晓梅,2022-09-28 11:15:40,-90,7,97,在课上公然发表歧视性言论，一口一个“阿三”，直接说“不好意思我对他们有成见”，这是大学老师应该干出来的事吗。。
161159,5903,王晓梅,2022-10-30 05:43:01,1,2,1,很好很好的老师，非常前辈，不炫耀。低调。
164828,5903,王晓梅,2022-12-26 11:59:55,0,0,0,老师好可爱
165237,5903,王晓梅,2022-12-30 11:41:40,1,1,0,仙女姐姐，爱了爱了
165582,5903,王晓梅,2023-01-08 13:08:18,2,4,2,妈！！
165799,5903,王晓梅,2023-01-09 18:10:03,3,3,0,出分超级快，给分超级好
168364,5903,王晓梅,2023-02-14 04:22:21,-312,5,317,虽然绩点只有4.5很差很差，但全是我自己复习不够造成的，老师超级温柔，超级负责，考试前带着大家学教材
175316,5903,王晓梅,2023-06-23 15:10:54,1,5,4,思政废物给老师跪下了，呜呜呜呜呜，我这种狗东西都能够有4.5呜呜呜呜呜
175333,5903,王晓梅,2023-06-24 03:40:53,1,1,0,一节课没听，期末裸考也能被狠狠捞
176278,5903,王晓梅,2023-06-28 08:29:28,1,1,0,wxm，人美心善，太懂学生了。
185552,5903,王晓梅,2024-01-02 06:21:52,2,2,0,不是10分我不是很认可
187387,5903,王晓梅,2024-01-16 01:06:41,6,6,0,王晓梅老师是毛概课最好的老师，没有之一，捞王
187514,5903,王晓梅,2024-01-16 12:19:39,2,2,0,10分当之无愧，这学期没时间复习一小时速成的，都给我捞上来了，拯救了我的绩点！
188899,5903,王晓梅,2024-01-20 13:29:13,4,4,0,毛概\n\n我们组平时也摆 我自己复习也摆 最后还有87
208710,5903,王晓梅,2024-12-31 08:16:44,2,2,0,研究生新中特，王晓梅老师和赵文心老师同上，人美心善超级好！上周开卷考完今天出成绩90+。
210097,5903,王晓梅,2025-01-08 06:41:41,7,7,0,老师人特别好，平时分给的高而且对学生特别友善，体验超级棒
210101,5903,王晓梅,2025-01-08 11:14:24,6,6,0,10分不犹豫，很友善很可爱的大姐姐一样，大爱晓梅姐姐❤❤❤
210113,5903,王晓梅,2025-01-08 07:34:30,4,4,0,wxm老师永远的神！！！人美心善！！
210165,5903,王晓梅,2025-01-08 09:20:20,3,6,3,老师人很好，但是平时分给得实在不高，全班评价估计就92左右（跟别的班比确实低了）然后期末确实也没有大家说得那么捞吧…
210167,5903,王晓梅,2025-01-08 10:31:02,6,7,1,毛概考试难，会考一些字眼和细节，建议考前多看课本。老师捞人是情分，不捞是本分，想得高分还得自己期末认真准备。\n\n老师超级好，不鼓励恶竞，点名会提前一周提醒，公布的平时分不是最终平时分，最终平时分会调高（老师特意叮嘱分数分配表交电子版，懂的都懂）\n\n不是组长，我考试也挺多不会，但最终分数比预期高挺多，感觉老师已经努力捞了！
210171,5903,王晓梅,2025-01-08 09:35:29,2,2,0,态度很认真，真的很体谅学生！
210256,5903,王晓梅,2025-01-08 14:37:45,5,5,0,老师人很好，很温柔为学生着想，不突击点名，但是平时分给的确实不高啊我们组92感觉算高的了，可能会在这个分数的基础上再往上调？（不清楚但选择相信老师\n\nbtw背毛概的性价比比起其他思政课真感觉有点低了，出题太偏太抠字眼了，背了也用不上。。\n\n还是给老师打个10分，是很好的老师
210605,5903,王晓梅,2025-01-09 12:03:30,1,1,0,真心好老师
210674,5903,王晓梅,2025-01-09 15:37:53,1,1,0,老师说话特别温柔，基本不点名，可能学期末会点一次名，给分个人觉得还可以。\n\n另外说说毛概这门课，考的细节超级多，看书是很有必要的，中国式的现代化。。。
210907,5903,王晓梅,2025-01-10 06:26:30,1,1,0,虽然被卡了但是喜欢老师！
212014,5903,王晓梅,2025-01-13 04:32:46,2,2,0,闭眼冲，超级好~也感谢我们小组所有同学，我们是全班小组分数最高的诶！当然期末闭卷考还是要靠自己好好复习（）选择题一定要仔细看课本，大题尽量多写。老师很温柔，上课也不无聊（至少比展示有趣bushi
221038,5903,王晓梅,2025-06-21 03:42:42,2,2,0,给分一般，没有说的那么好
174298,6032,李小东,2023-06-09 05:54:25,0,0,0,李老师yyds！
198323,6032,李小东,2024-09-07 03:47:15,-1,0,1,老师我爱你
216113,6032,李小东,2025-03-10 11:18:04,0,0,0,官僚主义的典范。
122311,6167,付文军,2020-02-24 03:07:45,0,27,27,蛮不错的
123601,6167,付文军,2020-06-10 11:15:42,-29,13,42,男神男神，长得帅，反鹅颈，乐于帮助学生，马原课学到了人生，终身受益
123602,6167,付文军,2020-06-10 11:26:20,-33,10,43,老师强烈要求给1星好评，并且不推荐给学弟学妹。\n\n但是，搭嘎口头哇路！！！！
123610,6167,付文军,2020-06-10 13:13:29,86,92,6,这老师，呵呵！\n\n懂的都懂
123714,6167,付文军,2020-06-12 08:19:54,-28,7,35,反鹅颈，真心为学生着想。分数啥的看看而已，选就对了～
123738,6167,付文军,2020-06-13 05:39:07,99,111,12,这老师我只能说呵呵两个字，别的真就不多bb
123756,6167,付文军,2020-06-13 15:35:44,-23,3,26,事少人好，非常能理解学生的老师
123804,6167,付文军,2020-06-14 10:35:17,3,11,8,保护老师，我给一分
123809,6167,付文军,2020-06-14 11:45:12,6,19,13,兄弟们把保护打在公屏上嗷
123948,6167,付文军,2020-06-17 12:33:10,-145,16,161,（按老师要求的1分）但是555老师好认真负责啊。平时上课会说考研咨询可以找他，也很关心同学的生活，并且反鹅颈！论文交上去会马上看一遍并给出修改建议，修改上交后还会专门告知：已收到，分数有调高。为我的论文感到羞愧( p′︵‵。)
124122,6167,付文军,2020-06-24 14:11:39,24,34,10,最后上课说了一句 我不想对同学们来说只是一个马原老师
124145,6167,付文军,2020-06-25 12:52:24,-12,3,15,如老师所愿了
124156,6167,付文军,2020-06-25 15:51:38,-2,2,4,懂得都懂，hh（苟住
126919,6167,付文军,2020-10-28 07:02:41,42,48,6,大家快逃，马原课上课要小测？（狗头保命）
127598,6167,付文军,2020-11-25 02:22:49,-20,1,21,4分，保护
127623,6167,付文军,2020-11-25 05:41:36,19,23,4,懂得都懂
127624,6167,付文军,2020-11-25 05:41:51,8,9,1,1星好评
129732,6167,付文军,2021-01-11 15:25:48,205,229,24,每堂课点名，鼓励鹅颈，事情超多，给分还烂，千万别选
129874,6167,付文军,2021-01-13 06:38:42,11,12,1,无话可说
129877,6167,付文军,2021-01-13 06:40:40,8,11,3,懂得都懂，不懂的也不必多问（滑稽）
130333,6167,付文军,2021-01-21 01:03:28,9,11,2,规定奇葩
130970,6167,付文军,2021-01-25 12:27:04,27,32,5,真的没有什么好说的了，给分差，不关心学生，上课不知所云，节节课点名，还让人活吗！（咳
130979,6167,付文军,2021-01-25 12:55:16,10,11,1,破事一堆，懂得都懂
130980,6167,付文军,2021-01-25 12:56:33,-33,2,35,一分保护！！！我爱老师！！！
131330,6167,付文军,2021-01-27 06:00:02,60,63,3,花瓶一个
134178,6167,付文军,2021-03-18 03:06:42,7,8,1,呵呵\n\n懂得都懂
136021,6167,付文军,2021-06-09 12:14:58,2,5,3,太差了，还不让玩电子设备（doge）
136045,6167,付文军,2021-06-10 07:21:45,4,4,0,快逃！别选！
136171,6167,付文军,2021-06-11 16:30:13,4,5,1,呵呵～
136305,6167,付文军,2021-06-16 05:04:17,4,5,1,上课不知所云，快逃快逃~
136389,6167,付文军,2021-06-17 09:19:51,49,52,3,卷死了，打死也别选
136684,6167,付文军,2021-06-23 04:09:38,80,85,5,这人不行，这人已经变质了
136685,6167,付文军,2021-06-23 04:10:03,60,65,5,事儿太多了 其他人都四项 他五项 人不行。变质了。
136686,6167,付文军,2021-06-23 04:11:04,6,7,1,很像高中老师
136687,6167,付文军,2021-06-23 04:12:51,-8,4,12,这盛世如老师所愿
136690,6167,付文军,2021-06-23 05:22:07,7,8,1,唉 无语子
136703,6167,付文军,2021-06-23 07:33:23,-6,1,7,懂得都懂
136704,6167,付文军,2021-06-23 07:34:46,23,24,1,会点名，而且点很多次
136740,6167,付文军,2021-06-24 00:59:48,7,11,4,如老师所愿
137162,6167,付文军,2021-07-01 15:01:21,39,41,2,作业又多，上课又水，给风还少
137221,6167,付文军,2021-07-02 10:54:01,12,14,2,给分少，平时还会小测，抢着让学生回答问题，建议别选（doge)
137247,6167,付文军,2021-07-02 13:38:31,9,10,1,事情好多 还不让玩电子设备 还每节课点名 快逃～
137742,6167,付文军,2021-07-06 02:57:35,-26,11,37,老师狠狠地变质了，给分也太求是了，上课也太无聊了，学生都很讨厌他 嗯嗯（手动狗头
137743,6167,付文军,2021-07-06 02:57:39,-21,13,34,想来想去 还是希望付老师能够十分 而不是懂得都懂 真正的好老师！
137764,6167,付文军,2021-07-06 04:40:12,48,50,2,这人已经变质了，事儿多，现在还要小测，卷死了，快逃（doge）
138852,6167,付文军,2021-07-11 08:27:01,-49,2,51,付老师yyds
140057,6167,付文军,2021-08-24 08:54:20,0,0,0,dddd
140562,6167,付文军,2021-09-14 00:24:29,-5,3,8,事多还给分不好，别选！！（/doge）
140617,6167,付文军,2021-09-14 11:27:00,-5,2,7,1分保护
140670,6167,付文军,2021-09-15 04:12:56,7,9,2,回答问题也太卷了，第一节课就害怕了，大家别选，快逃啊
140721,6167,付文军,2021-09-15 10:27:57,-12,0,12,yyds
141592,6167,付文军,2021-10-16 06:57:23,0,4,4,保护！！
142892,6167,付文军,2021-11-17 06:27:05,56,66,10,这种事情见得多了，我只想说懂的都懂，不懂的我也不过多解释，毕竟自己知道就好，细细品吧。你们也别来问我怎么了，利益牵扯太大，说了对你我都没好处，当不知道就行了，其余的我只能说这里面水很深，牵扯到很多东西。详细情况你们自己是很难找的，网上大部分已经删除干净了，所以我只能说懂的都懂。你懂我意思吧？
143664,6167,付文军,2021-12-01 01:39:52,-71,2,73,虽然是懂得都懂 还是想打上10分
144939,6167,付文军,2021-12-26 03:54:24,7,7,0,快跑路！！！
145348,6167,付文军,2021-12-29 06:48:50,8,8,0,不好啊
145416,6167,付文军,2021-12-29 12:42:47,-37,0,37,付老师非常优秀
145421,6167,付文军,2021-12-31 04:37:08,9,11,2,“这个194/186，我们说过a，是不是说过，我们不会考这种算术题，哪怕再简单它也不会考”（低头，“嘶”一声）“不一定，不一定喔，这个m’=m/v……”（来自12.29最后一节马原课）（doge）
145582,6167,付文军,2021-12-30 10:36:43,11,11,0,小测从一次变成了三次……
145912,6167,付文军,2022-01-04 08:38:12,-1,6,7,付文军我蝶
146256,6167,付文军,2022-01-06 04:52:33,8,9,1,快跑
146404,6167,付文军,2022-01-06 13:21:52,44,45,1,这老师真的，好喜欢点名啊真的无语了，每次就2分钟雷达点名过时不候，真的就离谱，赶紧逃，本来以为在反奶他，结果踩大坑了，学弟学妹选上了，赶紧跑！！！！！！！！！！
146910,6167,付文军,2022-01-08 04:15:41,9,9,0,快逃。
148175,6167,付文军,2022-01-11 18:00:12,20,20,0,鼓励鹅颈，论文要求贼多，给的意见也很敷衍。考试不划重点，问就是整本书都很重要。每堂课都点名，嗯，懂得都懂。
148666,6167,付文军,2022-01-13 07:02:25,67,71,4,网课也不让随便摸鱼，论文也不能交上去就完事了，最后一节课课间还不下课，出分还这么慢，非要拖到考试周结束才出。我上了三十多门课了，还没见过有老师给我这样的分，这不给他打1分给谁打1分？
148682,6167,付文军,2022-01-13 07:59:48,37,37,0,每次都点名，鼓励鹅颈，平时小测好几次，反正看到的同学赶紧逃吧，这老师已经变质了
148699,6167,付文军,2022-01-13 08:53:24,15,15,0,踩雷了，学弟学妹们快跑
148706,6167,付文军,2022-01-13 09:15:16,22,23,1,含泪打1分
148967,6167,付文军,2022-01-14 04:54:01,10,12,2,3.3 说不出话
149075,6167,付文军,2022-01-14 09:44:56,1,1,0,d d d d
150023,6167,付文军,2022-01-18 10:50:07,3,5,2,含泪1分
150611,6167,付文军,2022-02-04 08:26:23,7,7,0,太糟糕了！懂的都懂
150658,6167,付文军,2022-02-10 08:47:54,-15,2,17,很有意思的老师！
150792,6167,付文军,2022-02-18 15:24:03,0,0,0,dddd
152015,6167,付文军,2022-03-23 06:04:03,-8,2,10,帅哥除了帅一无是处！
154471,6167,付文军,2022-06-02 01:10:21,8,8,0,集思政课劣势之大成（doge
154544,6167,付文军,2022-06-02 05:42:41,14,15,1,临表涕零，不知所言
154612,6167,付文军,2022-06-02 12:38:38,1,2,1,不行啊
154699,6167,付文军,2022-06-03 15:20:59,9,9,0,垃圾老师，事多给分差，跑就对了
154983,6167,付文军,2022-06-07 08:27:36,0,1,1,哈哈哈
155004,6167,付文军,2022-06-07 10:04:28,0,1,1,所以评论是什么意思 怎么几乎一边倒
155007,6167,付文军,2022-06-07 10:47:30,2,4,2,很糟糕的老师，鼓励鹅颈，事多分少，不建议选
155094,6167,付文军,2022-06-08 07:32:35,6,6,0,太烂了
155095,6167,付文军,2022-06-08 07:40:41,11,12,1,乌鱼子，每节课必点名就算了，还不给玩手机？！均绩大家就不要看了，给分是真的烂，学弟学妹们选到了就一个字，快跑，一分不解释。（咳
156482,6167,付文军,2022-06-20 03:09:57,6,6,0,呵呵😒呵呵\n\n刚出分 学弟学妹记得跑(扛火车跑
158182,6167,付文军,2022-06-27 10:43:53,13,13,0,事情贼多，期中期末两篇论文+小组展示😅
158183,6167,付文军,2022-06-27 10:45:56,8,9,1,大家懂自懂。跑就一个字，别想不开
158206,6167,付文军,2022-06-27 13:06:16,5,5,0,经常性小测，上课叫同学回答问题，还鼓励同学卷发言次数。论文交上去还的被打回来再改一遍？毕设都没听说过这种事。
159793,6167,付文军,2022-08-31 06:58:33,73,79,6,刷新我对思政课看法的老师，尽管查老师上“恶评如潮”我还是想说说心里话。\n\n我是2020年上的马原，当时的付老师还只是副教授现在付教授已经是正教授了，时过境迁令人不免有雪泥鸿爪之感。\n\n当时的他还一边扛着青椒的科研压力，顶着日益深重的黑眼圈鼓励同学们抵制鹅颈。比之遇到过的一些官高位重，笑面兽心，夸夸其谈而败絮其中的老师，要好到不知道哪里去了。印象尤为深刻的是，马原课上最后几节课从没见过一个老师这么苦口婆心的给同学们提问塞平时分，反差强烈的原因可能是在思政课这种向来老师为刀俎，同学为鱼肉的课中突然有把尚方宝剑开始怜悯咸鱼了。在最后一节课上还跟我们说了，我们当中的有些人总是要考研的，考研避不开政治，如果记得我的话，可以考研那年来找我问些秘法。\n\n人的忘性很大，成了大人就忘了小时候是怎么来的了，成了老师就忘了学生时代复杂而纯朴的总总，付老师不忘初心的马原教学，令我感受到前所未有的思政课上的人文主义关怀，单凭这个就足以让一个老师晋升为灵魂锻造者了。\n\n22年又上了付老师的课，（研究生还要上思政课我真的服）。点名变成随机的，一学期的课有两次。或许是教学风格太过有教无类而成了众矢之的，唉凤兮凤兮何德之衰，不过肉眼可见的付老师上课更加幽默风趣了。对于学弟学妹们的选课可能参考意义不大，衷心希望付老师越来越好。
160386,6167,付文军,2022-09-21 03:43:23,9,9,0,要点名不说，事情还贼多，给分也不行，上课都不能玩手机，玩手机被抓到要挨骂，上课还会点人回答问题，答不出来就扣你平时分，学弟学妹们快点跑，别选这个老师。
160582,6167,付文军,2022-09-27 11:48:39,-14,1,15,社会主义发展史迟到了25分钟，啥也没说。
160583,6167,付文军,2022-09-27 11:41:09,0,0,0,( ˶´⚰︎`˵ )( ˶´⚰︎`˵ )
160615,6167,付文军,2022-09-28 04:25:33,6,7,1,鹅颈严重，懂得都懂，快跑
160975,6167,付文军,2022-10-22 06:03:27,7,7,0,鹅颈严重，千万别选
161202,6167,付文军,2022-10-31 14:52:21,4,4,0,事情是真的多，还有期中作业不给复习别的课的时间，快跑
161569,6167,付文军,2022-11-09 06:51:13,10,12,2,“觉得我还行你就bie评价\n\n不评价就是对我最大的支持”
163351,6167,付文军,2022-12-13 11:55:47,7,10,3,鸟人一个，社发课上讲非洲社会主义，感觉他自己也不太搞得清楚Marxism
164302,6167,付文军,2022-12-25 15:50:13,26,27,1,学弟学妹快逃，千万别选，一年过去，这个老师的变质程度又加深了，不仅有点名，而且上课会点人头起来回答问题，网课打视频会议要求所有人开摄像头，不让玩手机，还会突击小测！！我就没见过一个老师考察能这么细致繁琐的！！一分送上！！（
164770,6167,付文军,2022-12-26 02:14:18,3,3,0,懂得都懂，快跑！
164833,6167,付文军,2022-12-26 12:45:09,1,2,1,水平很低，喜欢胡说一气
164976,6167,付文军,2022-12-28 07:33:22,0,0,0,dddd
165017,6167,付文军,2022-12-28 10:46:00,4,4,0,事多。。。
165763,6167,付文军,2023-01-09 14:32:53,7,7,0,快跑傻孩子
165997,6167,付文军,2023-01-10 16:06:47,-46,2,48,是好老师 很好 帮你改论文 可以出分前许愿90加吗
166083,6167,付文军,2023-01-11 05:02:50,12,12,0,差点挂了😓
166088,6167,付文军,2023-01-11 05:15:57,-59,5,64,不说废话，自己看均绩排名吧（手动狗头）老师说了不建议大家选他（再次狗头）所以大家都别选😜最后一句提醒吧，预置的千万别退😏
167231,6167,付文军,2023-01-15 07:06:42,-19,1,20,good
169769,6167,付文军,2023-02-28 00:28:59,2,4,2,虽然但是 1分 懂得都懂
170481,6167,付文军,2023-03-05 14:09:03,9,12,3,事多给分少，懂得都懂
170839,6167,付文军,2023-03-10 08:34:19,6,6,0,这老师不行，大家别选
171862,6167,付文军,2023-04-08 11:58:32,4,4,0,亏啊跑啊都别选
172338,6167,付文军,2023-04-25 07:14:49,8,9,1,懂得都懂（）
173301,6167,付文军,2023-05-18 05:37:10,8,8,0,快跑，这人已经变质了，真不行
174008,6167,付文军,2023-06-05 14:11:36,13,13,0,这个老师一点也不好
174251,6167,付文军,2023-06-08 07:40:11,7,7,0,变质了
174569,6167,付文军,2023-06-14 07:25:55,8,8,0,他变质了，快跑
174919,6167,付文军,2023-06-20 06:23:39,28,28,0,瓜娃，还愣着干啥，不快跑留着过年吗
175271,6167,付文军,2023-06-23 05:46:27,7,7,0,跑就对了
175338,6167,付文军,2023-06-24 05:08:41,13,13,0,怎么老点名😓
175482,6167,付文军,2023-06-25 07:29:44,10,10,0,懂得都懂，快跑
176121,6167,付文军,2023-06-30 04:54:53,32,35,3,十分甚至九分的折磨人，一学期白忙活了
176166,6167,付文军,2023-06-28 03:37:00,10,11,1,懂得都懂 快跑！！！（）
176258,6167,付文军,2023-06-28 07:28:04,7,7,0,快跑快跑 都别选
176559,6167,付文军,2023-06-29 09:01:44,19,20,1,给分求是，一点不捞，事多分低，楼下那个喊大爹的是反串吗
179570,6167,付文军,2023-09-18 09:41:53,10,11,1,快跑，快跑
181832,6167,付文军,2023-11-02 03:08:38,2,4,2,你先别急
183585,6167,付文军,2023-11-27 13:05:25,-30,0,30,社发史给分还行？本人全程划水4.8
186640,6167,付文军,2024-01-12 09:20:52,8,9,1,老师真的很好，人也很幽默，很用心对待学生，考前还在群里提醒大题的答题格式，不过可能遗憾的是以后可能不教马原了，真的很喜欢付老师！！
187176,6167,付文军,2024-01-15 03:10:59,12,12,0,打1分但喊爹！
187284,6167,付文军,2024-01-15 11:42:22,8,8,0,老师是好人，以幽默的方式教会了我马原究竟在讲什么，包含了什么……很喜欢很喜欢老师，可惜老师之后不开课了唉
187285,6167,付文军,2024-01-15 11:42:26,7,7,0,可能是老师最后一次教马原了，非常感谢老师！
187302,6167,付文军,2024-01-15 12:27:01,5,5,0,懂的都懂
187442,6167,付文军,2024-01-16 07:01:37,12,12,0,付老师也许不是马原里讲的最好的老师，但是真的很真诚很真诚。给他打个高分，毕竟老师以后不会再开课了，有可能去其他学校。
187878,6167,付文军,2024-01-17 16:07:34,3,3,0,感谢老师
190625,6167,付文军,2024-03-12 07:19:58,14,16,2,付老师马上就走了，他值得一个十分。
190736,6167,付文军,2024-03-16 13:28:40,9,9,0,很喜欢付老师，老师的课堂轻松易理解，学术能力教学能力都是一流的，还留下邮箱说如果有考研的同学可以联系他辅导考研政治，真的是特别特别好的老师。不知道老师为什么选择离开，但想送上一个迟来的10分，祝好！
190910,6167,付文军,2024-03-24 04:22:09,0,1,1,好老师～
199867,6167,付文军,2024-10-05 11:43:50,4,4,0,军哥值得100分！
218638,6167,付文军,2025-04-28 02:03:07,0,0,0,付老师要离开浙大了吗？
220975,6167,付文军,2025-06-20 14:03:40,0,0,0,今年讲的还不错，就点了一次名
126681,6224,楼俊超,2020-10-13 09:12:40,-3,32,35,鹅颈带节奏
129677,6224,楼俊超,2021-01-14 05:28:58,-8,38,46,上课自己设置的答疑环节，开始没人，后来问的人多起来了反而不给机会了？然后放了20分钟的视频？回答一个同学提出的内卷问题时，没有解答我们的疑问，反而否定了这个论题，大致意思就是我们不珍惜奋斗的机会，跟精资的语气如出一辙，果然是精英经济学出身，三观具有严重的阶级局限性：向来都是胜利者吧，不知道底层人民更多的“奋斗”还拿不到更多的回报，最终大家都是拿命换钱的吧？\n\n看了课否上，一贯是好评，这只能说明给分确实是好，毕竟发点糖，不出错就能获得大家的拥戴，但既然我不是你班上的，我也就直说了，感觉有点虚伪和膨胀。
129763,6224,楼俊超,2021-01-12 06:01:16,7,31,24,能上老师课真的很幸运！楼老师很有情怀。谢谢老师！
129948,6224,楼俊超,2021-01-14 05:11:17,13,48,35,一开始会觉得说话很好玩，但仔细一听，字里行间全是自夸……被学生反对会表面毫不在意但暗中打低分……\n\n\n\n不能说和好老师标准完全一致，只能说毫无关联。
130077,6224,楼俊超,2021-01-16 11:12:23,10,28,18,老师非常好
130078,6224,楼俊超,2021-01-16 11:15:37,9,21,12,喜欢讲股票投资
130104,6224,楼俊超,2021-01-17 05:24:18,9,31,22,楼老师是君子之交，就是选课的人太多了。。。
132240,6224,楼俊超,2021-01-31 07:59:08,21,62,41,楼老师yyds
132712,6224,楼俊超,2021-02-03 11:45:58,10,32,22,给分非常好，让我觉得自己对不起这个分数
132713,6224,楼俊超,2021-02-03 11:46:11,10,29,19,上课幽默给分好
132714,6224,楼俊超,2021-02-03 11:47:16,8,22,14,老师非常好
132715,6224,楼俊超,2021-02-03 11:47:59,10,26,16,和同学们打成一片，有思想有水平的好老师
132716,6224,楼俊超,2021-02-03 11:47:59,9,27,18,期末总分比平时分高
132717,6224,楼俊超,2021-02-03 11:51:38,7,25,18,均绩都上4了不知道还有啥不好的
132718,6224,楼俊超,2021-02-03 11:48:34,10,28,18,少有的思政课好老师
132720,6224,楼俊超,2021-02-03 11:49:26,10,33,23,老师很好啊，非常和蔼，讲课也挺有意思的，最后考试看个人理解和背书情况吧，非常上课体验挺好，老师让超级nice
132721,6224,楼俊超,2021-02-03 11:50:25,-10,16,26,挺努力学的了，上课也好好听，复习把整本肖书刷了一遍，结果就3.3，身边整天上课打游戏的同学上四了，可能是我平时卷得不够吧，唉，也不能说老师不好，但跟当时选上课时候的欣喜若狂相比，真的有点心里落差。
132722,6224,楼俊超,2021-02-03 11:51:16,9,22,13,楼老师上课挺好的
132723,6224,楼俊超,2021-02-03 12:02:16,9,23,14,我觉得上课还是挺有趣的，也看得出老师在尽力让我们喜欢上毛概（毕竟思政类的课大家都不太认真听），室友上过楼老师的课也很喜欢！虽然最后成绩一般但是是自己没好好复习，给分很可以了啊老师海底捞水平至少黑卡（毕竟看了下均绩都上4了
132724,6224,楼俊超,2021-02-03 11:51:25,10,22,12,楼老师人很好，上课也有趣
132725,6224,楼俊超,2021-02-03 11:52:01,10,28,18,楼老师比较幽默，思政课负担不重，形式多样化，趣味性很强。老师本人平易近人也见多识广，各种事务都比较通情达理。就上课体验来说还是非常好的。
132727,6224,楼俊超,2021-02-03 11:52:44,10,23,13,毛概老师里最有魅力的
132728,6224,楼俊超,2021-02-03 12:09:18,8,20,12,老师很好！风趣幽默的思政课老师～班里同学最有话语权
132729,6224,楼俊超,2021-02-03 11:58:18,9,27,18,老师很有魅力，上课也挺有趣的
132730,6224,楼俊超,2021-02-03 11:57:53,7,29,22,说因为卷得不够而3.3的人可长点心吧，楼老师班的绩点普遍大大高于其他班还不懂吗。本人所有关于卷得事情一点没做，期末把书看了一遍最后4.5。说什么刷了肖还3.3，自己没找到对的学习方法还来怪老师？楼老师yyds（破音！）
132731,6224,楼俊超,2021-02-03 12:39:29,7,18,11,楼老师，yyds！！！
132732,6224,楼俊超,2021-02-03 12:00:08,9,19,10,楼老师人真的非常好，经常分享他的故事，给分也很好，我平时分分到小组倒数第二的但最后还是上4了，真的非常nice
132733,6224,楼俊超,2021-02-03 12:02:50,7,19,12,老师很好，很帅！知识储备足，虽然是思政课但是难得的蛮有趣！
132734,6224,楼俊超,2021-02-03 12:04:28,9,20,11,毛概选到楼老师真的是很幸运了，很关心学生，会和学生讨论理想的老师真的是很棒了啊，而且给分真的不错啊，祝大家选课好运。
132735,6224,楼俊超,2021-02-03 12:04:37,5,17,12,很不错的老师，大气又帅气。
132737,6224,楼俊超,2021-02-03 12:05:40,7,16,9,真的是好老师
132738,6224,楼俊超,2021-02-03 12:06:42,8,16,8,老师是个很有情怀的人，讲课很有意思，给分也很好！在群里发言也很有意思，还会发红包\n\n总之就是，选他不会后悔的！
132739,6224,楼俊超,2021-02-03 12:07:55,7,17,10,楼老师特别好!!!是我唯一毛概唯一听的进去的老师hh我有好几个朋友羡慕我在楼老师班里，给分好，选他!
132740,6224,楼俊超,2021-02-03 12:09:06,9,21,12,学历高，人品好，公正客观，和学生打成一片，有理想。
132741,6224,楼俊超,2021-02-03 12:09:10,7,17,10,老师会很用心地跟我们分享一些观点或者说想法。相较于课程本身，他更看重的是对我们的长远影响和价值观的培养。是好老师。
132742,6224,楼俊超,2021-02-03 12:15:48,10,19,9,楼老师yyds！上课幽默生动 还会跟大家分享自己学生时代的故事！
132743,6224,楼俊超,2021-02-03 12:20:06,8,18,10,老师很不错，上课有趣；给分挺好，比自己预估的要高
132745,6224,楼俊超,2021-02-03 12:41:19,8,31,23,不是楼老师本班的，但是是一个大课题组的。不得不说，感觉该老师虽然是**毕业的，但是理论水平似乎不高，课堂内容仿佛没有备课的随口之言，印象里似乎还说过“女孩子嫁得好很重要之类的话”。虽然说大部分毛概课都是不听，但是边写作业边被迫接受他的思想灌输有时能把自己写生气。比如该老师在上课时将他某位去扶贫的同学，基本没有啥尊敬之意，还说他那位下乡扶贫的同学不如他自己，称那位同学比较奇怪。来打下差评是希望我浙真的能有些理论水平高超，宣讲技巧牛逼的老师，而不是靠给学生高分，让学生来给自己刷好评的老师。
132747,6224,楼俊超,2021-02-03 12:23:16,4,17,13,宅左小鬼瞎给差评笑死我了🙄楼老师的课是毛概课里理论讲的最好懂的，给分也很高
132750,6224,楼俊超,2021-02-03 12:27:18,7,16,9,上课挺有趣的，虽然我最后得分不高但是，体验挺好的。楼老师挺会灌鸡汤的，哈哈哈
132751,6224,楼俊超,2021-02-03 12:28:53,7,15,8,还不错的
132754,6224,楼俊超,2021-02-03 12:33:05,10,17,7,vary gud
132755,6224,楼俊超,2021-02-03 12:37:18,7,20,13,一个年轻幽默风趣的老师，感觉很不错，上课比较亲和，上课也很有意思滴，和同学们也聊得来，感觉是毛概老师里比较好的，给分也不错。作为一个课代表，接触老师可能更多些，感觉就是比较随和随性，好相处哈哈哈哈，过节还会给我们发红包。然后最后分数还是很不错滴，有4+。心得的话大概就是有党性吧，哈哈哈哈，平时刷刷学习强国（虽然我也记不怎么住），然后快考试的时候可以看看B站的一些精华重点毛概视频，感觉还是不错滴，然后毛概书可以从头到尾看一遍，有个印象对付一下选择题。\n\nPS：我记得预置的时候老师的分数还是9+来着，有某小组展示有明显价值观错误，既然这样就不要怪老师展示分低一些了，麻烦这些人不要恶意打差评了。
132757,6224,楼俊超,2021-02-03 12:40:56,8,17,9,少见的能把思政课上的比较有趣的好老师
132760,6224,楼俊超,2021-02-03 12:43:22,8,16,8,老师很好！
132762,6224,楼俊超,2021-02-03 12:45:59,10,20,10,老师人很好的!而且会给我们分享很多有趣的，有关自己的事情，最后海底捞的技术也是一流，这学期的毛概真是太开心了
132763,6224,楼俊超,2021-02-03 12:46:39,8,16,8,楼老师超帅！
132764,6224,楼俊超,2021-02-03 13:04:10,9,25,16,楼老师挺好的，属于是青年才俊，人说话也比较随和，虽然我分数比较低，但是总体而言给分可观，相比于其他毛概老师是不错，学弟学妹们选楼老师的课没问题，选了不亏。但是凭借我的上课体验来说，我认为楼老师也没有上面同学说的那么神，事情不多也不少，竞争啥的该有的还是有，上课内容并没有多么令人眼前一亮，个人认为是中上水平吧。希望大家不要乱抱怨打低分，拿了高分的也不要乱吹，以免误人子弟。
132773,6224,楼俊超,2021-02-03 13:59:11,14,23,9,“我认为，对我们来说，一个人，一个党，一个军队，或者一个学校，如若不被敌人反对，那就不好了，那一定是同敌人同流合污了。如若被敌人反对，那就好了，那就证明我们同敌人划清界线了。如若敌人起劲地反对我们，把我们说得一塌糊涂，一无是处，那就更好了，那就证明我们不但同敌人划清了界线，而且证明我们的工作是很有成绩的了。”----毛泽东
132778,6224,楼俊超,2021-02-03 14:24:15,8,15,7,楼老师讲课幽默风趣，注重学术严谨性，外表风流倜傥，是我心里的男神。课上课下和同学们打成一片，愿意分享自己的经历和故事，很有亲切感。最后认真备考后我的成绩也上了4，毛概课能遇到楼老师，我感到很幸运。
132782,6224,楼俊超,2021-02-03 14:30:29,11,17,6,很好啊
132804,6224,楼俊超,2021-02-03 16:58:58,9,15,6,楼老师应该是毛概老师里年纪最贴近学生的，所以上课讲的也很贴近学生，不懂这样的老师为什么给低分。期末成绩比我预想的高很多，这样的给分还不行？那我寻思你找谁都指定是不行了。上过课的都知道，只能说懂得都懂。
132805,6224,楼俊超,2021-02-03 17:04:49,8,14,6,帅气，努力想把毛概上好。给人的感觉充满了梦想。
132808,6224,楼俊超,2021-02-03 18:35:55,8,15,7,楼老师很幽默风趣，也接触了很多毛概老师，只能说楼老师的课选到就是赚到
132810,6224,楼俊超,2021-02-03 23:27:00,9,15,6,楼老师给我的教学体验很棒，我很喜欢老师的这种讲话方式。老师特别强调梦想的重要性，而不是仅仅拘泥于刻板的教学模式，赞！
132811,6224,楼俊超,2021-02-03 23:36:59,9,16,7,师者，所以传道授业解惑也。楼老师最杰出的地方在于将思政课的活力引出，作为年轻的老师，更与学生的观念接近。一个学期下来，虽然不是每周见面，但是每次见面都能学到有用的东西。\n\n（既然人与人之间的观念不同，应该以包容相待，更应尊重老师，何必在一个大家甚至不熟知的软件上苦苦相逼。）
132816,6224,楼俊超,2021-02-04 00:39:57,11,24,13,楼老师上课特别有意思，平时也只是让我们完成课程规定应做的，并没有额外加什么幺蛾子，最后的绩点也很不错，稍微看看书就能上4，老师真的很努力在捞了，感恩家人。
132819,6224,楼俊超,2021-02-04 00:58:30,7,16,9,上课氛围比较轻松，可以看出十分努力在弥补与我们的代沟，就是有时候有点尬，期末捞人有一手。
132820,6224,楼俊超,2021-02-04 01:12:29,7,17,10,其实难得的德育老师
132821,6224,楼俊超,2021-02-04 01:23:13,5,15,10,老师挺好的，思政课讲的挺灵活。和学生年龄差距小，也容易打成一片。课堂发言给分不错，除非回答有明显错误。推荐（只要你选得上）
132823,6224,楼俊超,2021-02-04 01:57:48,7,24,17,老师的任务罢了，课代表还发了公告让人来打分，说句实话，选不选他都得上他的课，选了说不定分还高些，没选过来给他评价了低分也许还要被老师发在群里说这是恶意评分，然后大家群情激愤纷纷涌入打高分（直白一点，群友都变成水军了么）
132829,6224,楼俊超,2021-02-04 07:48:36,18,34,16,居然还要让同学来刷分，你给分好估计也只是为了讨好学生吧。自己的原则呢？
132921,6224,楼俊超,2021-02-05 03:25:56,3,18,15,客观一些吧，查老师分低了之后，楼老师号召同学们给自己打公正的分。既然是号召的嘛，肯定存在一些不客观。
132996,6224,楼俊超,2021-02-06 03:47:22,36,52,16,谢邀，楼老师班里学生，我觉得老师评分在8分比较合理，9.7有点过高了。浙大的学生，最应讲究求是，不应该在老师呼应之下一窝蜂地刷满分。看来一圈，我觉得底下有个评论挺正确的，楼老师是精英教育的典范，这可能也就是最大的缺点。总之，课仍是推荐的，但观点需要自己判断。
133572,6224,楼俊超,2021-03-02 08:43:07,6,12,6,第一节课楼老师会劝同学们退课，那是为了能够尽量帮补选的同学选上。楼老师很有个性，不想认真上课的话还是退了吧。。。。。。。。
134238,6224,楼俊超,2021-03-20 09:59:53,6,9,3,客观评价
134339,6224,楼俊超,2021-03-24 07:36:23,6,10,4,打鸡血专业户
134636,6224,楼俊超,2021-04-07 04:25:20,5,11,6,劝退课小王子
138103,6224,楼俊超,2021-07-07 10:39:10,5,13,8,话不多少，我爱楼老师！
138119,6224,楼俊超,2021-07-07 11:29:37,6,13,7,人太好了，而且着实有真才实学，上课真的能学到东西！给分巨好，还不卷，感动哭了
139194,6224,楼俊超,2021-07-13 08:06:52,3,21,18,据说上课要求大家给他课否打分+写好评。这和淘宝刷单有啥区别？
142131,6224,楼俊超,2021-11-07 09:58:15,1,14,13,名过其实，鼓励卷，真下头
143288,6224,楼俊超,2021-11-23 02:30:07,2,11,9,给9分。客观的说，课上的很好，人也很不错。但是小组发言的给分方式不敢苟同。有的老师规定每个小组发言几次，这样感觉更好一些。每次发言都要抢，4个授课老师的发言规则又不一样，感觉很心累。
145929,6224,楼俊超,2022-01-04 11:43:58,1,9,8,感觉名过其实
147374,6224,楼俊超,2022-01-10 01:04:05,5,11,6,讲课精彩，推荐，给分好；小缺点是卷的程度比较高，但在毛概课，倒也正常
148086,6224,楼俊超,2022-01-11 13:02:23,3,8,5,讲的很好，给的很高👍
148183,6224,楼俊超,2022-01-11 23:39:35,1,10,9,人帅知识多，不卷给分好，毛概首选
150616,6224,楼俊超,2022-02-04 16:24:31,13,25,12,做个人吧。。。
150620,6224,楼俊超,2022-02-05 06:36:04,337,418,81,楼老师会把魔爪伸向女同学，我朋友失恋了，刚刚发了朋友圈，楼老师竟然来问问可不可以做女朋友？？？真事
150637,6224,楼俊超,2022-05-12 04:33:39,-70,8,78,给满分
150819,6224,楼俊超,2022-02-19 03:41:14,5,15,10,当事人已经回应了，大家不要再无端攻击了。
150841,6224,楼俊超,2022-02-19 10:03:13,5,9,4,选课人气太旺，多退几个让我选选orz
150972,6224,楼俊超,2022-02-21 11:59:53,61,69,8,没有思想，把学生当成提线木偶教育。
150987,6224,楼俊超,2022-02-21 15:12:53,137,178,41,出国群里大家认为听您的课犹如吃屎一样难受。凭什么要对别人的人生选择横加指责呢？出国拿外国国籍是人的自由，您有什么资格加以批评呢？您说美国不好，但美国人可不会对移民他国的人这样指责呢。还有谷爱凌是双重国籍，并不适合出现在您的课程案例上。
151024,6224,楼俊超,2022-02-22 04:02:54,58,65,7,老师可能是看了查老师的评价所以发了朋友圈回应，特来此处回复您，此条评分是10分，不会影响您的分数，请您放心。\n\n首先您可能是第一次教毕业班，您一直在说退课，但对于毕业班来说，之所以选择春学期教学班，就是为了避免第二批毕业。您可以很轻巧的说让同学退课，但对于毕业班同学来说，这意味着第二批毕业了。所以和您意见相左的同学，也大概率您的教学班上继续听讲的，也请您谅解毕业班的同学！对于毕业班的同学来说只要拿学分毕业就行，成绩完全没有任何用处（只求60+），所以请互体谅，您也不要为难这么多已经做出人生选择的毕业班同学。我们听您诋毁我们的人生选择也很难受，我们为了毕业也不能退课。\n\n其次，评价更多是针对这门课程而非针对您本人的，您可以想象快大三了培养方案里被硬塞了一门课的感觉吗？尤其是这么课大部分人都不想上，但是却是必修。我们就算退了您的课，去上其他老师的课也是同样的内容，但还要影响毕业。评论不是针对您本人，只是真的觉得这门课太难受了。
151050,6224,楼俊超,2022-02-23 14:01:55,106,127,21,本来没想好要不要润的，听了老师一节课之后非常非常想润了，非常想留学毕业之后直接留在美国工作。哎，思政课就这姿势水平吗，太失望了，空谈情怀啥的，难道为了情怀就值得996把命搭上猝死吗。\n\n老师作为体制内竞争的胜利者，根本无法体会社会普通工人阶级的真实处境。为什么老师在讲台上高谈阔论而学生越听越想润，也正是这个原因了。
151166,6224,楼俊超,2022-02-24 07:13:17,66,96,30,"老师在经济方面的内容讲得还可以。但有的说法完全不敢苟同。\n\n就拿这次俄乌危机来说。Putin当局宣布乌克兰东部两个地区独立，并且直接派兵进去，这已经被联合国公认为违反《联合国宪章》，侵犯主权国家领土完整，也被联合国秘书长谴责根本不是""维和部队""。我不知道官媒为什么还要帮着俄罗斯讲话，连基本的国际法都不懂吗？\n\n我希望老师不要做官媒的传声筒，起码应该体现专业精神，哪怕讲讲国内的经济改革和经济形势也好。"
151937,6224,楼俊超,2022-03-21 07:21:48,75,83,8,别的不清楚，但是讲课事实性错误很多。对历史、政治等方面了解不到位。这样进行马克思主义教育真的不行
152016,6224,楼俊超,2022-03-23 06:03:54,-19,8,27,老师讲的很认真，这点好评。还没出分
152360,6224,楼俊超,2022-04-06 13:22:00,51,67,16,某些鹅粉真无脑！\n\n鹅最近十年经济，民生，科技，教育，抗疫毫无建树，躺在石油上面吃老本，没想到军队都那么拉胯。整个国际社会193国只有4国支持，道义尽失。\n\n一个整天煽动民粹和个人崇拜，只知道转移国内矛盾的国家根本不值得效仿。一个不管是沙皇还是苏联时代都入侵过我国领土的国家根本不值得崇拜。\n\n看看它近代以来发动的对外侵略，真是跟北约不相上下！\n\n幸亏国家采取了中立的态度，没听你们这些蛊惑人心的叫嚣，否则今年的经济形势还要差得多！
152423,6224,楼俊超,2022-04-10 16:00:06,89,98,9,党禁止任何形式的个人崇拜!\n\n长江黄河，不能倒流！
152445,6224,楼俊超,2022-04-11 13:07:59,-36,15,51,没想到在这里亲乌派可以得到这么多赞，虽然不知道老师说了什么，但是我稍微浏览了一下这里的评论，我的建议是多学历史多学国际政治。
152449,6224,楼俊超,2022-04-16 01:54:43,58,68,10,呵呵，多学历史多学国际政治，你的历史和国际政治是俄新社教的吧\n\n俄和它的前世1939年入侵芬兰，1956年入侵匈牙利，1968年入侵捷克斯洛伐克，1969年入侵我国珍宝岛，1979年入侵阿富汗，2008年北京奥运会开幕当天入侵格鲁吉亚，2014年吞并乌克兰克里米亚，2022年全面攻打乌克兰。几乎所有邻国都入侵个遍。\n\n你可以研究一下俄罗斯经济转型史。俄并没有出现邓公这样的人物，其在市场化的尝试受挫之后过度迷信威权主义和强人，压制社会活力，最终未能通向开放经济和市场经济，至今仍然依靠寡头和资源。\n\n另外联大会议上141个国家谴责俄罗斯（包括塞尔维亚）以及4个国家（叙利亚北朝鲜厄立特里亚白俄）支持俄罗斯的事实，就说明一切。那位说经济不重要政权和军事安全更重要的，欢迎移民“挺俄4国”
152478,6224,楼俊超,2022-04-12 14:02:30,-65,11,76,你们这帮挺乌派都tm出国党吧。为什么我国不能变成俄罗斯？为了政权安全和军事安全，几年十几年的经济崩溃又算得了什么？勒紧裤腰带反欧美霸权有何不可？！强人的硬气应该崇拜！
152623,6224,楼俊超,2022-04-16 07:25:47,24,35,11,为浙大有下面评论区的普粉感到羞耻！我国真变成俄2号你们就高兴了是吧！祸国殃民之徒！
152627,6224,楼俊超,2022-04-16 11:55:38,-41,10,51,挺乌派就是美欧的狗，普京核平马里乌波尔，完爆东欧，再干40年
152711,6224,楼俊超,2022-04-18 16:04:20,14,17,3,组内遇到了奇怪的人，但是有好的组长帮我们兜着，组长加油！别气馁！别害怕！
154236,6224,楼俊超,2022-05-26 16:14:02,21,23,2,水平非常低，把学生当小学生教育
154575,6224,楼俊超,2022-06-02 07:57:03,-1,2,3,AOE
156563,6224,楼俊超,2022-06-20 09:19:12,2,5,3,我们组做的问卷调查，没有功劳也有苦劳吧，你说不需要的时候真的让大家受到打击。但是喜欢讲故事的上课方式，老师的人生经历也很精彩，上课玩手机还被拍了拍肩膀。因为给分好和上课不无聊，我还是打了高分。
156603,6224,楼俊超,2022-06-20 11:43:04,8,11,3,只能说教学水平和授课思路确实印证了之前的一件事情 呵呵呵
158512,6224,楼俊超,2022-06-30 02:16:39,8,12,4,多少有些名不副实
159355,6224,楼俊超,2022-07-14 10:38:18,11,14,3,老师致力于组建各种小圈子。举个栗子，学期结束后曾发这样的消息\n\n\n\n【招募股票投资实战小组成员-长期有效】\n\n\n\n平时上课得知很多同学对证券投资感兴趣，因此我计划近期成立一个股票投资实战小组，给大家提供一个交流的环境和平台，现招募成员。\n\n\n\n<此处省略100字>\n\n\n\n投资有风险，加入本小组大概率会让你亏钱，所以仅对非常想加入的同学开放。有意者发【个人简历+加入理由+微信号】至我的邮箱lou_junchao@126.com，简历请写明是我的哪个班级的同学。另，若有成功取得10倍以上投资收益的成熟经验&模式，请在邮件里详述。
159357,6224,楼俊超,2022-07-14 10:56:11,5,7,2,我是学生，v我50
159358,6224,楼俊超,2022-07-14 11:54:23,5,7,2,客观来说，目前打分偏高了
159363,6224,楼俊超,2022-07-14 14:44:44,1,2,1,。。。
159364,6224,楼俊超,2022-07-15 14:15:26,-1,5,6,谣言满天飞的年代
159375,6224,楼俊超,2022-07-15 05:28:06,28,28,0,老师，我不缺师娘，我缺孙子
159379,6224,楼俊超,2022-07-15 08:14:26,7,7,0,呵呵呵
159382,6224,楼俊超,2022-07-15 09:40:15,23,26,3,师德师风问题严重
159389,6224,楼俊超,2022-07-15 15:35:25,-10,3,13,老师给分好，帅气。教我们投资。浙大巴菲特。yyds
159406,6224,楼俊超,2022-07-17 04:30:44,-4,2,6,给分确实好
159438,6224,楼俊超,2022-07-20 01:33:58,6,7,1,(老师本人回复)如何评价习概老师邀请同学加入投资小组\n\nhttps://www.cc98.org/topic/5373533/1
159905,6224,楼俊超,2022-09-08 14:11:42,27,31,4,选这个班的每位同学都要写自己的梦想，并在微信公众号实名发表。如果无法完成的建议另选别的班级。🤣🤣🤣😅😅😅
160053,6224,楼俊超,2022-09-12 11:46:19,2,4,2,老师好不好不确定，但我确实因为千字人生梦想退课了，还希望后面的同学详细评价老师的课程改革。
160115,6224,楼俊超,2022-09-13 11:25:41,4,6,2,某些老师上课鼓励学生使用电子设备，方便学生查更多资料，并且言要用课堂内容而不是点名留下学生。\n\n某些老师上课禁止学生使用电脑，美其名曰自己看不惯装模作样的学生，殊不知自己这种莫名其妙的规定就是最大的装模作样。\n\n不多说了，高下立判。
160326,6224,楼俊超,2022-09-19 05:30:16,8,11,3,为什么选毛概课还要有自己的梦想，还要写小作文发在微信公众号上🙄😅
161464,6224,楼俊超,2022-11-07 07:59:52,4,9,5,楼下有一位说老师劝人退课是为了帮更多人能补选上？这是全校必修课，凭什么已经选上的同学要退掉帮更多同学补选？洗地还讲不讲道理？\n\n我并不觉得老师提早指出自己上课管理严格提早劝退学生不好，但是“如果不是必须选我的课建议考虑退课改选”就是让人很隔应。这种课哪里有必须选你的？那我当然直接退了。\n\n其他事迹大家自行98搜索吧…
162719,6224,楼俊超,2022-12-05 06:27:20,5,11,6,事情多，鼓励卷，额外加作业，强迫写所谓的人生三问还要发公众号
166025,6224,楼俊超,2023-01-11 01:07:08,-2,6,8,习概，老师给分还是不错的，任务量也并没有想象的多hh可能是之前在这里打过预防针，或者是老师改邪归正了？总之这学期的体验个人来说还是蛮好的。
175375,6224,楼俊超,2023-06-24 10:14:16,-2,2,4,给分超好
176590,6224,楼俊超,2023-06-29 10:24:24,3,5,2,不点名是真的\n\n给分真好倒是一点没看出来，其他班平时分基本最低都是91，楼班最高91\n\n不过，他都教这种课了，你还能指望他什么呢
181012,6224,楼俊超,2023-10-02 09:34:37,5,11,6,傻屌去死
181063,6224,楼俊超,2023-10-07 05:23:41,5,9,4,我唯一能说的就是，上这门课之前我还挺喜欢习的……
181064,6224,楼俊超,2023-10-07 05:23:40,5,9,4,我唯一能说的就是，上这门课之前我还挺喜欢习的……
181065,6224,楼俊超,2023-10-07 05:23:40,4,8,4,我唯一能说的就是，上这门课之前我还挺喜欢习的……
181099,6224,楼俊超,2023-10-08 11:55:13,10,14,4,这分数没花钱我是不信的。。。
186665,6224,楼俊超,2024-01-12 11:44:45,14,19,5,本来这门课就懂得都懂，还偏要搞形式主义的公众号，鼓励恶性竞争。拿中央党校和北大毕业讲了一节课，真的6
187158,6224,楼俊超,2024-01-15 00:59:15,4,8,4,老师人很好，推荐大家选课
187166,6224,楼俊超,2024-01-15 02:19:02,-6,9,15,9分\n\n习概相较别班不点名，最后小组的平时分出来横向比较好像不是很高，但有人生三问和个人梦想的选做个人作业（感觉是最后用来调高平时分的）。班级氛围不恶竞，老师不鼓励卷，课堂体验和期末成绩调整还是不错的，推荐选。
190659,6224,楼俊超,2024-03-13 14:16:02,20,22,2,来点掌声啊？
191558,6224,楼俊超,2024-04-25 02:00:24,5,6,1,习概浙事情不多，还不用去教室
194435,6224,楼俊超,2024-06-24 02:33:27,7,10,3,别的不说，给分好不点名开卷考，还想咋的
194470,6224,楼俊超,2024-06-24 05:29:17,-1,2,3,作为习概课来说，楼老师的习概课给分好，不用学到东西，平时分还有bonus加分析，喜提思政最高分
194638,6224,楼俊超,2024-06-24 19:37:14,2,3,1,上之前看以前的查老师还有点被吓到了，但实际上这个学期感觉老师挺好的，不点名，平时事情看起来有微电影和实践两个模块，但是我们班是一个小组二十人，小组内可以分两组分别只做一个就行，其实和别的班十个人一组的平时任务差不多，最后给分也很捞
194664,6224,楼俊超,2024-06-25 01:58:21,1,5,4,给分好，还发红包，不点名！
198390,6224,楼俊超,2024-09-08 12:34:33,-5,3,8,嘎嘎好
198653,6224,楼俊超,2024-09-10 11:43:58,40,44,4,骚扰女学生的一名男性思政老师
199150,6224,楼俊超,2024-09-18 07:59:47,21,21,0,第1节课听到一半翘课了，第2节课听完了，想吐槽一下感受。\n\n第上课完全没有自己的组织和结构，想要洋洋洒洒。结果上演了当代中年普信直男回忆录。对于高考这样一个前半生有着深刻经历的事反思可以理解，但是吹嘘自己应该是上北大数学最差真的很无趣。没有人想知道你相亲的经历，把别人的自杀当做谈资，对别人的生活无论是苦难的还是欢心的，加以评点的理由。个人经历讲了太多，但是思政课确实也讲不出太多东西，但是Ppt草草而过，有一节课小组讨论时间，结果混乱的不成样子，时间着急，麦克风没有一分钟不是在炸麦，甚至还有几个小组之间在那抢位置的嫌疑。
199320,6224,楼俊超,2024-09-21 03:06:31,73,75,2,漂亮女生慎选
199643,6224,楼俊超,2024-09-26 15:51:18,77,81,4,傻逼一个 当年微信骚扰女学生的事情历历在目，又在义中群里兴风作浪，哪来的脸呢
200113,6224,楼俊超,2024-10-13 09:04:44,4,8,4,后悔选他，事情巨多，自己倒是不怎么讲课，还搞出选上公众号编辑可以加分这种东西。思政课居然要卷这种无谓的东西，去你*的！
201927,6224,楼俊超,2024-11-07 12:16:56,4,6,2,习概浙事少，给分还行
202600,6224,楼俊超,2024-11-13 09:46:48,1,3,2,说实话，先不管评论区第一说的事是真是假，只是从上课的角度和老师的观念而言，我真的觉得上这个课是思政课里的折磨难度。。。
202706,6224,楼俊超,2024-11-14 02:41:11,14,16,2,第三节讨论课同学上去回答问题，ljc就在第一排玩手机玩累了还抻抻脖子
206698,6224,楼俊超,2024-12-17 06:45:27,4,7,3,傻逼一个
209091,6224,楼俊超,2025-01-06 05:44:47,0,3,3,三个题完全没找到，成绩居然还行，看的过去。\n\n真的谢谢老师捞捞了
209507,6224,楼俊超,2025-01-06 08:12:48,2,4,2,给分中规中距~
209510,6224,楼俊超,2025-01-06 06:49:59,1,3,2,老师给分很好，上课任务不多，好评！
209599,6224,楼俊超,2025-01-06 10:35:21,1,3,2,给分很好，任务轻松，挺好的
209644,6224,楼俊超,2025-01-06 11:51:26,-5,2,7,上课不用听（毕竟有时候讲的有点无语、、），人生三问和个人梦想展示的个人加分gpt水一下（期末调分用），考试开卷熟悉一下目录翻习概课本就好，一定要找准了然后猛猛写。最后出分还是有点出乎意料的，谢谢老师。
210007,6224,楼俊超,2025-01-08 01:52:50,0,2,2,习概上课不用听，平时要做人生三问，有次个人展示更好（其实很水的），小组干锅积极一点，然后考试资料带全，考前看看目录熟悉一下。
210050,6224,楼俊超,2025-01-08 04:23:08,4,4,0,上课不点名，给分好，有一些乱七八糟的加分作业但是gpt一下也快的，其他任务就是习概统一的，想水课非常推荐
210287,6224,楼俊超,2025-01-08 17:28:42,14,17,3,不评价私德的话，非常推荐选ljc老师的习概，虽然查老师评价很烂。但是光教学来说的话，非常水，不点名，一个学期可以只来两三次。作业就是实地调研报告和微电影。另外老师会布置人生三问1000字左右文章和个人梦想展示（加平时分用），基本上参与了分数都会很好看。本人依靠这些平时分加6，习概开卷考只用了课本和个人整理的目录，最后出分4.8，感觉给分是相当不错的。非常适合摆烂想水课且拿高绩点的同学来选。
213812,6224,楼俊超,2025-01-20 04:46:30,11,15,4,给分中规中矩，讲课纯属sb，事情挺多，，，\n\n事少分高是思政课老师唯一的美德……\n\n上习概的话如果没有别的可选ljc也不是不行，但如果有别的老师建议还是优先别的老师……
215466,6224,楼俊超,2025-02-26 10:36:01,7,7,0,事多爱bb
216418,6224,楼俊超,2025-03-16 10:51:48,133,143,10,老逼登选妃
216419,6224,楼俊超,2025-03-19 07:24:04,99,106,7,谁要跟00后女生处对象？你好像很有嫌疑哦老师。
216420,6224,楼俊超,2025-03-19 17:19:12,52,57,5,选妃的老叫兽，建议和吴亦凡，努尔特巴特尔，戴飞关在一个牢房里
216422,6224,楼俊超,2025-03-16 12:10:50,22,23,1,刷到过他的相亲帖。。😅😅
216423,6224,楼俊超,2025-03-16 12:12:33,12,14,2,骚扰犯ex
216426,6224,楼俊超,2025-03-16 12:48:24,19,20,1,张扬这么久，一点事没有，饭碗是真铁...
216436,6224,楼俊超,2025-03-16 13:22:32,88,91,3,男\n\n年龄:1989 年\n\n身高:175 体重:140\n\n学历:顶级985博士\n\n工作:浙大副教授年收入100万+\n\n户藉:义乌\n\n性格:温和\n\n兴趣爱好:运动，金融\n\n家庭成员:独生子\n\n家庭条件:良好\n\n要求女生:\n\n【1】毕业在读学校:北京大学、清华大学、浙江大学、中国人民大学、上海交通大学、复旦大学、南京大学、北京师范大学、中国社会科学院大学。\n\n【2】学历:本硕博都行，其中有一段能毕业于以上学校即可。\n\n【3】年龄:00年以后出生\n\n【4】外貌:身高165-171，苗条形象好\n\n【其他】国际排名前20的国外大学、其他国内名校看情况定;法律、医学类专业加分。\n\n【1-4】硬性符合即可;\n\n【其他】是指有的女生形象、家境、能力之类实在是非常好，学校不错但没在上面名单，那么看情况考虑可以或不可以。
216437,6224,楼俊超,2025-03-16 13:23:42,13,13,0,奇怪的征婚帖子。
216441,6224,楼俊超,2025-03-16 13:25:47,8,8,0,幽默念经学者
216443,6224,楼俊超,2025-03-16 14:13:40,11,12,1,就你小子选妃是吧\n\n骚扰女生的老毕登
216445,6224,楼俊超,2025-03-16 14:26:27,12,12,0,这种老登猖狂这么久居然一点儿事没有🙄️
216447,6224,楼俊超,2025-03-16 14:31:06,11,11,0,公然搞选妃是吧？
216449,6224,楼俊超,2025-03-16 14:38:49,33,35,2,马院老师年收入100+？
216455,6224,楼俊超,2025-03-16 16:16:35,11,12,1,出这么多事情还安稳不动？背景这么硬？还是你浙这样的事情都不愿意管？作为一个思政老师这样的品德怎么配得上为人师表？
216456,6224,楼俊超,2025-03-17 04:29:59,15,16,1,恶心人zha出声
216458,6224,楼俊超,2025-03-17 00:27:25,18,20,2,骚扰犯老壁灯
216464,6224,楼俊超,2025-03-20 06:32:24,44,48,4,选妃老叫兽\n\n还有那个说没问题的，你是ljc本人上号了吗？\n\n再回复“没问题”，最大的问题不是帖子的内容本身，而是因为发帖的是ljc，有骚扰女同学，意图师生恋的前科，违反了师德师风\n\n（这里再说一下为什么师生恋不被允许，因为恋爱必须基于双方平等的基础上，而师生关系本身就注定了双方关系的不平等，违背了恋爱关系确立的基本前提）\n\n现在他还在发类似的帖子暴露自己的想法，很难不让人怀疑他是另有目的\n\n一个一般人这么说的话可能大部分人嘲讽一句就过去了，但是ljc发出来，很难不让人警惕他有什么意图\n\n另外如楼上评论一样，ljc享有了思政教师的社会地位与权利，也应当履行思政教师身正为范的义务
216465,6224,楼俊超,2025-03-17 03:14:02,9,10,1,jian
216469,6224,楼俊超,2025-03-17 04:53:20,6,6,0,选妃哈哈哈哈哈哈哈
216470,6224,楼俊超,2025-03-17 05:00:18,13,13,0,老师，补药小头控制大头啊
216480,6224,楼俊超,2025-03-17 06:59:26,5,6,1,还选起妃了
216482,6224,楼俊超,2025-03-17 07:35:24,6,7,1,相亲贴有些抽象了
216483,6224,楼俊超,2025-03-17 07:43:10,10,15,5,人家北大本科，选妃要求学校也不奇怪吧。00后怎么了？梅问题，追求艾情嘛！
216495,6224,楼俊超,2025-03-17 10:51:13,2,5,3,啧啧！00后！
216498,6224,楼俊超,2025-03-17 11:39:36,3,6,3,真给自己当个东西了还是当个人物了？\n\n你寄吧谁啊？
216508,6224,楼俊超,2025-03-17 14:14:43,2,3,1,我们的教育确有问题！
216512,6224,楼俊超,2025-03-17 16:18:36,3,3,0,老b登选妃
216513,6224,楼俊超,2025-03-17 17:59:00,2,2,0,111
216524,6224,楼俊超,2025-03-18 03:22:38,7,10,3,89年老逼登要找00后，合理怀疑底下一些学生是不是满足所谓那些要求招进来的呢
216533,6224,楼俊超,2025-03-18 04:21:41,6,7,1,真把自己当罗辑了？
216535,6224,楼俊超,2025-03-18 05:30:27,3,4,1,是那位选妃的吧
216536,6224,楼俊超,2025-03-18 05:33:05,3,4,1,癩蛤蟆
216543,6224,楼俊超,2025-03-18 08:03:09,5,6,1,又在金华相亲群想来选妃了？？？王八蛋
216561,6224,楼俊超,2025-03-18 12:28:47,4,6,2,你还配叫老师吗，别侮辱老师这俩字了
216608,6224,楼俊超,2025-03-19 06:45:03,-17,7,24,回复选妃老叫兽\n\n还有那个说没问题的、无脑乱洗的野种，你是ljc本人上号了吗？还是上他的课用屌上的？还是就是喜欢被老牛吃嫩草的感觉？我呸！:\n\n那我问你，他要求你跟他在一起了吗？他要求的是他的妻子，有什么问题?法律规定89不能和00在一起?00后25了不是适婚年龄?女权打的时候说，我只要求我的丈夫达到这个条件，那我问你，楼老师只要求他的配偶达到这个条件，他要求你跟他在一起了?你们也就会无脑乱骂了。\n\n一没违背法律，二没涉及未成年，三没违背道德，自由恋爱，公平公正公开，他想提出什么样的要求都是他的自由，怎么了？杨振宁还找小的妻子呢，那又怎样?那是别人的自由，当事人都同意，你叫什么?你也只会没有逻辑地用粗俗的语言辱骂罢了。\n\n他相亲是公平公正公开，是用权势压人还是用毕业卡人了?不符合你观念的事情就要喷?你不会真想让整个世界都按照你的想法活着吧。\n\n被规训傻了吧，现在女的大把相亲要求180年薪百万的，凭什么男的就不能公开提出要求?就事论事，你们有任何办法符合逻辑地反驳我，符合逻辑地批判他相亲的行为吗？你们只会扣帽子，只会用侮辱性词汇，被刺痛了还给我点踩，仗着人多势众掩饰自己的逻辑能力的缺失!
216610,6224,楼俊超,2025-03-19 07:07:54,10,12,2,听他的习概课感觉他对党不忠诚、不老实。上课就是讲自己高考讲自己北大本科讲自己成功经历，然后习概内容就是ppt翻到那页“大家懂得都懂”就过去了。
216630,6224,楼俊超,2025-03-19 13:01:38,3,3,0,？恶心
216636,6224,楼俊超,2025-03-19 15:48:53,3,3,0,一坨
216638,6224,楼俊超,2025-03-20 01:02:25,4,9,5,问题是杨振宁是恰好遇到了年纪小的，还得因为年龄被迫分手吗？这位老师恰好遇到一个年纪小的相爱，很多人也会祝福的。大张旗鼓找oo后就奇怪了哦！若是杨振宁大张旗鼓找oo后，会被骂上热搜三天三夜吧。恰好遇到oo后并产生感情当然是一种自由，但作为思政教师，整天大张旗鼓选妃名校oo后就过分了。\n\n\n\n这位老师的社会地位和光环很大一部分是浙大赋予的，就要接受浙大主流价值观的一定约束。任何大企业管理层，整天网络平台叫嚷找oo后，都会被搞的。错不在找oo后，而在于嚷嚷。\n\n\n\n退一步讲，按照你的说法，如果这个事情没错，是中性的，那么浙大几千个男教职工是否可以一起天天去各种平台发我要相亲我要找oo后这是我的自由，那会引起多大的社会舆论，对浙大的名誉有多大损失？国家和人民群众怎么看浙大？
216700,6224,楼俊超,2025-03-21 08:36:20,-3,2,5,不得不说，给分还不错
216710,6224,楼俊超,2025-03-21 20:32:26,5,5,0,上课很水，之前靠不点名和给高分来维持高分，如何评价见仁见智吧
216990,6224,楼俊超,2025-03-31 05:10:34,7,7,0,普信男，生怕别人不知道他是北大的，莫名其妙的优越感
217000,6224,楼俊超,2025-03-31 07:30:15,6,6,0,我觉得年薪一百万有这个要求没有任何问题，但是上课对女同学那样就不对了，所以1分
217178,6224,楼俊超,2025-04-03 06:33:30,4,4,0,查查师风师德吧
217222,6224,楼俊超,2025-04-05 05:31:51,3,3,0,lj，c
217381,6224,楼俊超,2025-04-09 08:24:46,6,6,0,幽默选妃
217605,6224,楼俊超,2025-04-14 04:54:06,4,4,0,漂亮女生慎选他的课
218406,6224,楼俊超,2025-04-23 07:54:35,2,4,2,酷爱与豆包聊天
220263,6224,楼俊超,2025-06-17 03:53:02,1,1,0,虽然一些事情闹得沸沸扬扬的，但至少上课还算有趣，也不会要求这要求那的，给分期末也还可以
220272,6224,楼俊超,2025-06-17 04:31:22,1,1,0,没点过名，也没太多事情，给分也不错
220488,6224,楼俊超,2025-06-18 08:08:49,0,0,0,老师要过我微信。（本人女）
220741,6224,楼俊超,2025-06-19 12:31:29,2,2,0,纯傻逼玩意，歧视男的，舔女的，“我就是故意压低平时分的”
220876,6224,楼俊超,2025-06-20 08:50:37,0,0,0,关于人品什么的就暂且不提，作为教水课的起码事情少不点名给分好，暂且给你个九分。一分扣给你的炫压抑
221806,6224,楼俊超,2025-06-26 10:54:57,0,0,0,年入百万？马院副高有这收入？顶级985博士？中央党校是985博士？选妃，选你妈个B。
222056,6224,楼俊超,2025-06-29 08:45:35,0,0,0,不论老师人品如何\n\n就习概这门课，平时不点名（不想听平时不去上完全没问题），给分也很不错\n\n课程还是推荐
121834,6279,庞毅,2020-01-22 09:13:39,10,16,6,史纲，展示讨论事比较多，打分比较严，发言不积极容易被正态；助教水平真的堪忧；展示课制度给了组长弄权的余地；感觉老师把史纲课上成了史料学，考据的地方看得多，不是很注重历史连贯性；不过老师人很好
122028,6279,庞毅,2020-02-02 08:20:28,6,9,3,还行吧 事情有点多 给分还可以前提是小组展示做好 组内评价尽可能多拿分（最好争取当组长） 然后上课积极回答问题吧。。。。别问为什么 老是还是比较有人情味的 总体还可以
122157,6279,庞毅,2020-02-17 12:30:27,1,6,5,基本不怎么点名（不过会象征性地点两次给你平时分），课堂展示占分不少，另外课堂积极回答会有惊喜哟~\n\n老师人很好，会很认真的给课堂展示给出中肯的专业的评价以及改进措施，不过课堂展示同学打分占70%...还是希望老师打分占比多一些（这样分会高2333）。课上讲得不错，会提前一些下课（惊喜？）。\n\n就是给我卡绩了（91，可能期末不好？）难受，不然给十分\n\n总之老师很好，认真听讲积极回答，认真对待展示最后不仅有收获分也不错（可以求老师不卡绩？我不知道）
122378,6279,庞毅,2020-02-26 01:53:45,-11,9,20,给分很迷，上课无聊，体验极差
122466,6279,庞毅,2020-02-29 01:48:45,14,19,5,小组展示弄两轮的制度有点迷幻。上课发言可以加分感觉有点……
122672,6279,庞毅,2020-03-17 07:12:35,3,6,3,老师给分挺好的，PPT很好看，用自带的麦走到教室中间讲课，喜欢提问互动，一次回答会加0.1分不等，讨论课是展示，小组任务也是展示，小组任务会进行两轮展示，取最终成绩，会给第一轮展示提很多改进意见，给分算友好吧，我没回答过问题，考试抄的不错也上4了，读后感500字没必要恶竞，不如认真思考一下把质量写出来，写450就差不多，论文也不要恶竞吧，老师给分都很高的。\n\n老师最后一节课还放了平时上课的照片集回忆，是一个认真的老师。
123131,6279,庞毅,2020-05-11 14:29:00,0,3,3,老师很和蔼，讲课也不错。史纲考试好好答，展示好好做，给分就很好。
123389,6279,庞毅,2020-06-08 04:34:06,1,7,6,hhh事多给分少  选他的同学慎重点选
123404,6279,庞毅,2020-06-08 07:50:20,-3,2,5,上学期的史纲，两次小组pre+1次讨论，平时课堂发言有加分。事情不少给分还行。
123477,6279,庞毅,2020-06-09 05:41:17,10,23,13,给分制度有点鼓励恶竞的感觉，小组长权力很大，总之不是很舒服。
123556,6279,庞毅,2020-06-10 02:18:14,6,8,2,这学期选择的是口述史，可以看出老师是有想法，让史纲课有意义的。不好的点是鹅颈比较严重，花费的精力比较多
123557,6279,庞毅,2020-06-10 02:18:14,0,1,1,这学期选择的是口述史，可以看出老师是有想法，让史纲课有意义的。不好的点是鹅颈比较严重，花费的精力比较多
123580,6279,庞毅,2020-06-10 08:16:14,3,6,3,个人认为是很好的老师，对学生负责。史纲布置的口述史作业很有新意，会激发思考，特别棒！对学生有时候要求有点高，不过可以接受。有些四川口音，有时候讲课不是很清楚
124095,6279,庞毅,2020-06-23 14:39:32,12,19,7,让我一入学就知道了什么叫恶竞
124310,6279,庞毅,2020-06-29 04:04:56,0,3,3,上学期的课，非常好的老师！给分也不错！
124516,6279,庞毅,2020-07-02 08:30:30,9,13,4,这学期的大作业是口述史，我一开始觉得好麻烦还是写论文省事！但在做口述史的过程中确实收获了很多，我更了解老一辈的故事，对他们也多了理解和体谅，是很珍贵的访谈经验。\n\n老师蛮用心的，两次展示都会细细点评，口述史初稿也认真看完并给了改进意见。至于课程内容，和高中历史差不多，期末老师把PPT都上传学在浙大了。\n\n不点名，但老师为了鼓励发言推出了发言一次+0.2，发言内容特别好的+0.3的制度，就想要分高的或者对话题感兴趣的同学多多发言吧~~我没有发过言，也不是小组长，慕课刷完口述史认真完成，4.5，知足了~
124517,6279,庞毅,2020-07-02 08:31:41,1,4,3,啊，以为小组分很低的我史纲成绩是爆炸了，结果出来有4.5~老师比较有人情味，但是小组展示制度有点儿恶竞的感觉，不过老师给小组分应该是更看重内容的，但是互评制度的存在就导致形式也变得比较重要。小组长权力比较大，这点我不是很舒服。老师把论文改成了口述史，我还是觉得比较有意义的。老师人还是很好的。
124523,6279,庞毅,2020-07-02 09:28:27,3,8,5,小组长权力过高，评分机制完全不合理，展示很多，给分差
124529,6279,庞毅,2020-07-02 11:14:50,0,2,2,给分很可以了，我划了一学期所以感觉事情也很少，口述史按要求改完，期末考多写点就不会太差
124530,6279,庞毅,2020-07-02 11:38:24,4,4,0,
124570,6279,庞毅,2020-07-03 05:39:02,-7,2,9,事情虽然有点多，但给分不错。
124581,6279,庞毅,2020-07-03 07:57:14,-1,4,5,好老师，上课有意思
124668,6279,庞毅,2020-07-05 14:42:32,2,5,3,恶竞吗？我觉得我们组挺水的。得分关键在老师的要求，认真看老师的要求！两轮展示中，第一轮展示由于我没有强调，组员们似乎做得不是很符合我的要求（我按老师的要求分的任务），得分很菜。第二轮再做的时候重点只抓没有达到的要求，老师给予了高度评价。老师还批评了恶竞的小组，说他们不应该浪费过多时间（虽然他们的确得分比较高，但主要是互评高，老师评分不如我们组）。不过其实我开始不知道有两次，我现在就在想，要是第一次做好了，第二次岂不是没法改了［捂脸］。
124669,6279,庞毅,2020-07-05 14:58:49,61,88,27,不瞒你说，我口述史是编的
126345,6279,庞毅,2020-09-23 08:14:22,-2,3,5,相比其他老师，事情很多而且容易认真却不讨好
126371,6279,庞毅,2020-09-24 03:07:11,2,4,2,真的很棒的老师，很有趣，有自己的想法，同时给分很好
126509,6279,庞毅,2020-09-29 02:06:05,-3,4,7,感觉讲课说话说起来有些凌乱，我听着很不舒服
126698,6279,庞毅,2020-10-14 07:27:19,8,8,0,天哪，难道这是辩论赛吗？
127024,6279,庞毅,2020-11-03 03:38:06,-15,4,19,看到楼上很多人觉得他讲的很有意思的，我就纳闷了，明明如同散沙，十分无聊，比我的高中历史老师不知道差多少
127579,6279,庞毅,2020-11-24 15:19:51,2,2,0,老师还是蛮好的啊，很认真负责。去问他问题会很细致地给你讲清楚。
128129,6279,庞毅,2020-12-08 03:19:15,-8,3,11,事情多，口述史要求太高了……
128205,6279,庞毅,2020-12-13 03:52:44,-15,4,19,逼事多
128477,6279,庞毅,2020-12-23 10:52:29,4,4,0,我觉得还行啊，怎么掉分了…给老师拉一拉
129293,6279,庞毅,2021-01-28 05:33:17,92,99,7,做口述史作业总比做小论文学术垃圾要好啊
129294,6279,庞毅,2021-01-03 15:42:02,8,9,1,老师很认真，看得出想把这门课做好上好。
129743,6279,庞毅,2021-01-12 02:44:52,-1,1,2,非常好，很认真
129744,6279,庞毅,2021-01-12 02:47:23,43,53,10,结合自身体验来说一句吧，真看不下去了。。首先，老师为人很尊重学生，讲课态度没的说。其次，也许有的人觉得口述史展示作业就等于事多？so一个没有论文的史纲就给你笔记（这难道不是上课必须做的事吗？？）加期末水过去了？醒醒吧。一开始我也一脸懵逼，口述史是个什么鬼？？但是当我真的开始准备开始采访开始整理的时候，历史记忆传承这种感觉真的让我看到了自己以前从来没有注意到的珍贵史料。最后，抱怨小组长专权又觉得自己分少的那些人，你们展示的时候都干什么了？？？我还不是组长，六七个组员艾特全体都不说一句话，两次展示百分之八十的史料是我自己一个人整理的，你们不想出主意不想交稿子就剩做个ppt了还觉得自己累的不得了？只能说大家的眼睛是雪亮的吧。所以说不要因为小组合作问题就觉得老师不好，庞老师真心是我见过最温柔关心学生的老师了。希望大家以后选课都能想明白自己想要什么，舒舒服服划水没人管你，分也是你自己不要的。
129752,6279,庞毅,2021-01-28 05:26:38,7,9,2,很好的老师，说事情多的，认真去做了，和写论文什么的有趣多了！很负责，给分也很好！
129778,6279,庞毅,2021-01-12 08:05:28,2,2,0,老师特别负责，然后口述史和讨论课也挺有趣的，认真做收获也挺多的
129857,6279,庞毅,2021-01-13 04:37:45,51,55,4,"老师真的超级好，这学期(2020秋冬)的作业/展示，比之前学期的任务少多了，而且老师还会听取学生意见，调整下学期的任务量及展示方式，真的很用心。小组口述史是这个老师的特色，相比于其他老师的""小论文""或者""读书报告""，个人感觉，口述史要有意义得多。小组一起去采访一位老人，听听过去的故事，是很有收获，很有价值的事啊。PS 口述史 老师给分都不错~哦对，老师会提前5~15分钟下课，非常有助于解决 中午吃饭的问题。总之，是位很不错的老师，选他就对了"
129866,6279,庞毅,2021-01-13 05:44:23,180,186,6,黄埔军校校长庞毅
129867,6279,庞毅,2021-01-13 05:50:08,0,1,1,庞老师真的很认真，人也很温柔，给满分！
130338,6279,庞毅,2021-01-21 04:01:21,37,42,5,楼上黄埔军校校长笑死我了哈哈哈，可见老师确实非常可爱。我是黄埔四期学生。。。。老师最大的优点在于善于反思自己，每一学期课程安排都会有所改变，比如征求我们的意见，以后做几次课堂展示之类的。课堂展示的评分制度虽然还有待改善，但是老师在展示之后给我们的反馈都非常精髓。我是高中历史学考B的同学，一直非常讨厌历史。但是老师让我体验了一把历史学术研究的感觉，我对历史的态度竟还有所改观。现在后悔上课没听，因为老师上课准备确实非常充分，也很有趣，不过一开始我带着查老师分数的偏见去看这位老师，所以几乎没有认真听过课。到最后发现，老师的行为、态度、对学生的理解和关心真的让我转变了看法。\n\n以上，今天期末考。趁期末出分之前，写一下客观的评价。。。。
131395,6279,庞毅,2021-01-27 10:28:30,3,3,0,认真负责
131467,6279,庞毅,2021-01-27 15:21:31,3,3,0,老师很认真负责，给分超级好
131468,6279,庞毅,2021-01-27 15:22:42,3,3,0,出分了，很不错，谢谢老师捞我！
131512,6279,庞毅,2021-01-28 05:26:55,5,5,0,人好心善，给分很好
131575,6279,庞毅,2021-01-28 05:16:12,5,5,0,是个好老师，很可爱，很负责，很平易近人，可能事情比其他老师多一点，平时分占比也是比一些班大的
131576,6279,庞毅,2021-01-28 05:27:23,5,5,0,老师上课虽然事情多 但是有一说一 给的分是非常好的 付出的时间和心思绝对值得 所以同学们如果是这个老师 请好好学好好干 拿到的分数不会比别的老师低
131577,6279,庞毅,2021-01-28 05:31:41,4,4,0,很好的老师，最后给分也特别棒
131578,6279,庞毅,2021-01-28 05:27:47,6,6,0,口述史的形式比较新颖，但是相对于原来的论文说实话更能有点干货，上课发言加分制度呢容易导致有些人水发言，而且小组互评的制度也不是很完善，很多小组打分不是很认真，但是总体来说老师还是很不错的，能听从学生的意见，而且也一直在积极地寻求变化与进步，相信接下来的课会越来越好
131579,6279,庞毅,2021-01-28 05:28:26,3,3,0,老师给分很好的！！超级负责的老师哦～
131580,6279,庞毅,2021-01-28 05:29:26,6,6,0,庞老师虽然来浙大没几年，但是每年都会认真听取同学们的意见并作改进。庞老师为了不让大家写灌水论文，就让大家写口述史，只是想让大家完成有意义的作业，真的是非常用心的老师！
131581,6279,庞毅,2021-01-28 05:29:39,0,1,1,很认真很负责的老师\n\n超帅超暖的人超好
131587,6279,庞毅,2021-01-28 05:47:24,0,1,1,特别好的一个老师，上课发言有加分，虽然一次不多，但是一个学期累加也是能提高好多分的。
131597,6279,庞毅,2021-01-28 06:16:25,22,25,3,史纲成绩超出想象！我们军校的庞校长捞人还是很有一手的！是年轻老师，所以能感觉到不管是上课还是布置作业都有一股认真的态度，发钉钉提问都会很耐心回，很有人情味。口述史一开始觉得很麻烦，但其实只要认真做确实收获很多，知道了自己外公以前从来都没有和我讲过的传奇故事，比单纯写论文制造学术垃圾强太多了
131602,6279,庞毅,2021-01-28 06:25:09,5,5,0,一开始看查老师上的评分我是有点慌的，毕竟事情多确实会让人望而却步。但是一整个学期听庞老师课+课代表事务交流下来，庞老师绝对算得上极具师风师德的老师。历史本身对许多同学来说是枯燥无趣的，但是庞老师已经尽力做到增加趣味性，包括在课堂上加入一些视频，当故事听也非常有趣。至于之前很多同学反映他课堂展示、口述史、讨论课事情比较多，其实老师也已经做出了改进。负责任地说，只要真情实感认真踏实去做，最后老师的反馈是不会差的（）。是一门可以学到东西的课程，入股不亏！
131634,6279,庞毅,2021-01-28 08:53:15,1,1,0,老师很儒雅随和，态度超级好，上课准备的也超级充分！！！
131637,6279,庞毅,2021-01-28 09:06:44,3,3,0,庞毅老师必须给10分！\n\n史纲一共有3次任务，讨论课+课堂展示+口述史，这个学期都是小组作业。作为一个理科生，比起论文，口述史真的太好了！而且可以学到很多东西，绝对不是为写而写（论文的话真的会没有头绪的）。\n\n老师最后一节课让大家分享了心得，一直有在做笔记，把我们的建议写下来。平时做展示他也会认真记笔记，给的建议都很好，特别鼓励人！\n\n但是最开始看了查老师，对他有点偏见，上课没怎么听，这是我觉得最可惜的地方。老师每节课都会精心准备的。\n\n真的谢谢老师！说话特别温柔！很有风度的那种！历史渣渣能有挺不错的绩点真的好满意！
131710,6279,庞毅,2021-01-28 13:39:56,1,1,0,老师超级棒！而且上课很认真，用心听同学们的小意见，每学期都会对课程做调整和改进，小组作业用心去做的话还是可以收获很多的！
131894,6279,庞毅,2021-01-29 09:08:16,4,4,0,很用心的老师
131901,6279,庞毅,2021-01-29 09:39:12,2,2,0,近现代史纲要\n\n庞老师人真的超级好的，认真负责，尊重同学，而且也真的是抱着让我们好好学点知识的心态。而且还为自己的班取黄埔这个名字，总之我觉得老师是很用心的。\n\n本学期的课一共有三项大作业，分别是课堂展示，讨论课和口述史，都是集体作业。个人感觉任务其实不是很重。我印象最深刻的是口述史，这种几乎完全原创的东西可不比那些复制粘贴的论文好多了吗哈哈哈？\n\n最后一堂课的时候老师说了自己的初心，给优秀的组发了奖品，也让我们来给他接下来的课提建议。感觉老师好负责\n\n关于成绩的话，我感觉老师捞了我，周围人也都不差，自己用心做的话结果肯定会让人满意的。
132141,6279,庞毅,2021-01-30 13:01:28,5,6,1,老师真的讲的很好，上课很有趣，虽然上课发言的机制有些恶竞的味道，但本人上课就发言过一次，小组分中下水平，靠期末考4.5，总之选上他还不错。
134863,6279,庞毅,2021-04-19 09:35:53,16,18,2,预置了这门课的同学真的别退，这真的是个好老师，我是黄埔四期的学生（2020秋冬），我的史纲预置课程老师就是庞老师，当时查老师的时候老师也就七点几评分（我也是庆幸当时没有因为老师评分低而换选其他老师），但是大家可以看到评论区中凡是2021年后的学生都是给了这个老师极高的评价，但是在这之前都有学生指出老师的缺点，说明老师是一直在改进自己以及自己的教学方式，尽可能的让更多的同学体会到上课的乐趣。\n\n加上口诉史作业，真的要比论文好写的多，因为那是真真正正是你自己写的。
136411,6279,庞毅,2021-06-17 15:37:18,1,1,0,庞老师人很耐心也很好
136701,6279,庞毅,2021-06-23 07:23:46,4,4,0,老师人真的很好，体谅学生，很民主，会主动为我们减负，讲课也很认真细致。能选上老师的课真的很幸运！
136755,6279,庞毅,2021-06-24 04:49:33,29,31,2,庞毅老师真的一直在改变自己、提升自己，我也算是见证了他的评分从七点几一路飙升至九点几，真的很好
136824,6279,庞毅,2021-06-25 06:36:26,5,5,0,很好的老师，入黄埔不亏
136960,6279,庞毅,2021-06-29 02:54:56,4,4,0,庞老师真的很好啊，是个很注重教育的好老师。他也会很关心学生，很善良。对各种作业会提出一针见血的建议，非常理解同学们，而且还时常反思自己。史纲课明明可以水，我都听的很认真，老师讲的也很好呀
137041,6279,庞毅,2021-06-30 03:05:35,5,5,0,庞老师真的超级超级好，现在就是挺后悔史纲这节课没有好好听。任务量不算大吧，两次展示（其中一个是讨论课，穿越的展示），还有一篇口述史，真是比论文好写多了。老师一直很认真的备课、讲课，一直在改进自己，而且拒绝内卷，人还有点憨憨的感觉，总之就是很棒了
137073,6279,庞毅,2021-06-30 10:20:47,5,5,0,老师非常棒!希望能够留在浙大
137973,6279,庞毅,2021-07-07 03:16:17,2,2,0,老师人很好，上课很认真，给大家展示口述史评价也很用心，口述史作业真的不错，老师也一直在改进自己，听取大家的意见。爱了！
137974,6279,庞毅,2021-07-07 03:22:29,3,3,0,庞老师真的很好，一直跟我们说会认真听取我们的建议。社恐表示入股不亏！
137976,6279,庞毅,2021-07-07 03:24:51,5,5,0,老师上课真的很认真，一直在用心听取学生意见改进教学方法与上课内容，会开投票征求学生意见。口述史+课堂展示一次+随堂小测两次+讨论课展示一次 \n\n口述史虽然有点费时，但通过口述史了解了家里长辈的经历，收获了很多，长辈也因为有人乐意花时间了解自己的过去而开心。\n\n老师人也很好，也会对大家说希望结课之后相逢还能跟老师打招呼哈哈哈。很亲切。\n\n\n\n一位不知名的黄埔五期学子留。
137980,6279,庞毅,2021-07-07 03:31:27,4,4,0,口述史绝对是大学做过最有意义的一项作业了～
137986,6279,庞毅,2021-07-07 04:05:42,4,4,0,老师真的很棒！能听出来他上课是认真准备的，口述史的形式也很有意义，而且不鼓励卷，期末绩点给的很不错，推荐！
137994,6279,庞毅,2021-07-07 04:25:31,2,2,0,庞老师是一个真正的能够诚恳听取学生意见并改进教学方法的老师，对史纲课真的付出了很多，给分好，而且口述史咋都比枯燥的论文好多了，作为亲眼见证庞老师的评分从七点多飙升到九点多的黄埔五期学生，这一期庞老师的两个教学班人都不太多，第一堂课老师也有些失望，但老师不断改进并提升教学方法，认真对待并回答学生的问题，勤奋耕耘一直到学期末，庞老师绝对值得十分的好评，刚刚在群里面还在说:“希望下次相逢时，还能记得我，喊我一嗓子”，如此亲近学生的老师，i了i了!
138006,6279,庞毅,2021-07-07 05:01:19,4,4,0,给分不评价怎么样，但是这个师风师德真的很好，你可以说庞毅老师的课有缺点，但是你提出来他一定会想办法改正，也在一个学期多次征求了大家的意见，就冲着这种主动征求大家意见的态度，真的是个很好的老师了！
138071,6279,庞毅,2021-07-07 09:00:20,3,3,0,庞毅老师，浓浓师生情，爱他
138079,6279,庞毅,2021-07-07 09:20:41,1,1,0,老师真的超级棒！！
138440,6279,庞毅,2021-07-09 08:05:10,2,2,0,我爱庞毅，可可爱爱我男神！
138901,6279,庞毅,2021-07-11 15:54:04,0,1,1,老师真的很好！！！
140819,6279,庞毅,2021-09-16 10:40:29,0,1,1,说话清晰，蛮好玩的
141566,6279,庞毅,2021-10-15 00:30:44,0,1,1,老师特别有意思
144665,6279,庞毅,2021-12-23 04:39:38,5,6,1,我学期初几次坐在前排，常常发言，但之后就开始摸鱼，一直坐最后一排，直到倒数第二次课前我又回到前排，老师居然还记得我，还开玩笑地对我说：“是不是我讲得不够好？怎么你一开始坐前排，后来就做到最后排去了呢？”谦虚幽默，水平又高，口音可爱，对布置的每个任务都会认真点评、提建议，在钉钉上问问题他也会尽快回复。\n\n不论最后分数如何，单看讲课水平+负责程度，就值得10分。
145488,6279,庞毅,2021-12-30 03:37:30,-1,1,2,好好好
145519,6279,庞毅,2021-12-30 06:46:34,1,2,1,没有考试就先评分了，庞老师没有布置学术垃圾小论文，但是有课堂展示、讨论课和口述史，（自称）是会捞分的好老师。如果认真听会收获一些东西（但是史纲再怎么讲也就这么回事，不是老师的问题了），不认真听课堂小测会翻车。总之是个值得推荐的好老师！
145520,6279,庞毅,2021-12-30 06:46:29,0,1,1,没有考试就先评分了，庞老师没有布置学术垃圾小论文，但是有课堂展示、讨论课和口述史，（自称）是会捞分的好老师。如果认真听会收获一些东西（但是史纲再怎么讲也就这么回事，不是老师的问题了），不认真听课堂小测会翻车。总之是个值得推荐的好老师！
145557,6279,庞毅,2021-12-30 08:28:51,1,2,1,好老师是，十分尊重学生，上课很认真，十分善于反思，会不断调整自己的教学方法。
147257,6279,庞毅,2022-01-09 10:02:54,0,1,1,老师很好，很有趣，虽然我是理科生，但是也可以理解，一个口述史一个辩论一个小组展示，其中有几次小测，也很简单
147258,6279,庞毅,2022-01-09 10:05:20,0,3,3,庞老师是好老师\n\n但是我不会再爱历史了
147275,6279,庞毅,2022-01-09 11:02:53,2,4,2,老师上课很有激情，能看出来很想把史纲上好，课也确实有意思，虽然作业就一次口述史一次讨论一次课堂展示，但是实际工作量是不小的，相比其他老师还是有点事多，给分也不是特别好......感受一下，其他老师出分都是“我爱xxx”“谢谢xxx”，py出分有不少人都是哭哭
147306,6279,庞毅,2022-01-09 12:39:55,0,1,1,谢谢庞老师，虽然快被史纲小组整崩溃了，但是绩点4.8，感激不尽！
147360,6279,庞毅,2022-01-09 17:24:13,-1,0,1,老师很好我很捞
147410,6279,庞毅,2022-01-10 02:54:22,2,3,1,上课形式很新颖，可以学到很多东西，老师很好的
147466,6279,庞毅,2022-01-10 05:04:29,2,3,1,庞老师真的是好老师！上课很用心，会给每个小组的作业提出很有针对性的意见。会让人感觉感觉不认真上课就有点对不起他的付出。总之是个很爱学生的好老师！
149336,6279,庞毅,2022-01-15 06:20:20,1,2,1,棒棒棒!史纲算是内容比较死的思政课，但是老师非常用心，也尽力让它有趣一点，口述史小组合作得很愉快!
149374,6279,庞毅,2022-01-15 07:57:48,2,3,1,对于想水课的同学来说不是一个好的选择，平时小组作业任务会比较重，给分平时分占比大，如果小组比较拉的话可能绩点也不会好看。但老师是真的非常认真负责。
151451,6279,庞毅,2022-03-03 12:39:12,-1,1,2,很好的老师
154900,6279,庞毅,2022-06-06 15:25:31,0,1,1,超喜欢庞老师T T很有热情上课也有意思，虽然事情有点多但老师很认真负责有耐心 超好的老师！
154929,6279,庞毅,2022-06-07 03:06:08,0,1,1,庞老师真的很认真很负责🥰
155118,6279,庞毅,2022-06-08 12:17:07,-1,1,2,黄埔六期报道，口述史作业真的太赞了，比写自己都不知道在说什么的学术垃圾好一万倍好吧~
155155,6279,庞毅,2022-06-09 01:52:22,0,1,1,选他选他选他
156554,6279,庞毅,2022-06-20 08:57:50,1,3,2,预置了他的课千万别退，口述史可以入选“感动浙大十大作业”，用心做下来你会发现比写小论文什么的有意思多了\n\n最后给分也挺不错
161516,6279,庞毅,2022-11-08 05:33:19,-16,3,19,事情最多的史纲老师 差评差评差评 快逃！
161517,6279,庞毅,2022-11-08 05:33:50,-7,5,12,事情多死了 无语
162433,6279,庞毅,2022-11-22 08:20:12,1,4,3,口述史为什么非得强调家庭生活，爷爷奶奶离异了，奶奶前几年还去世了 还有好多问题不好意思问，挑不出老人又天天催，你挑一个合适的老人呀，祖上三代贫农，哪里来什么符合你要求的老人
163255,6279,庞毅,2022-12-11 09:19:32,0,3,3,确实十分认真负责 但是事情真的多的离谱（一个小组4个人 组内关系真的很好也都干活 但是真的累） 口述史（修改两次）pre 讨论课 给分超级平均 就是说每一个你都要认真做 而且签到是上课不定时小测来的（上课到一半开始测，）发言加分就是卷 上课还行吧 但是反正也不听 就显得很emmm
164304,6279,庞毅,2022-12-20 08:02:01,1,2,1,事情真的超多，而且得分不一定高，很用心也跟大家差不多。\n\n课代表权力真的好大，所有人评分私发课代表，那课代表篡改数据也不会有人知道吧。。。
164582,6279,庞毅,2022-12-22 04:02:07,1,2,1,老师会不断改进自己的教学，并且也相当负责，选庞老师的课绝对没错
164850,6279,庞毅,2022-12-27 02:33:48,0,2,2,我很讨厌文科，以至于我高中学考历史D政治C，但是庞毅的课我觉得我没有那种讨厌的感觉，而且口述史也很有意思，我们一组人坐一圈围着一个手机听老人家讲故事，真的很有意思。至于事情算不算多这个也不好说，毕竟没上过别的老师的课不知道别的老师会布置多少任务。总的来说还是很有意思的
164879,6279,庞毅,2022-12-27 07:17:09,1,1,0,是真的爱学生的老师🥰
165057,6279,庞毅,2022-12-29 02:08:18,2,2,0,黄埔军校庞校长名不虚传，选就对了
165068,6279,庞毅,2022-12-29 03:16:47,0,0,0,老师人真的很好
165400,6279,庞毅,2023-01-04 10:19:57,1,1,0,庞老师的课不用写小论文和读书报告，感觉还是挺好的。有课堂展示、口述史、讨论课，但是小组成员分担任务后也不会很累。
165554,6279,庞毅,2023-01-08 09:33:29,1,1,0,老师超好的~平时就口述史 展示 讨论课 挺轻松的 给分也不错
165962,6279,庞毅,2023-01-10 13:40:28,0,2,2,庞毅老师很尊重学生，爱学生的老师学生爱
165963,6279,庞毅,2023-01-10 13:42:27,0,1,1,老师真的很好，不用写论文读书报告，最后给分很不错。
165970,6279,庞毅,2023-01-10 14:03:10,0,2,2,爱死了
165976,6279,庞毅,2023-01-10 14:14:24,0,1,1,庞老师，你是我的偶像
165980,6279,庞毅,2023-01-10 14:30:19,3,3,0,虽然需要讨论课 小组作业 口述史 但是老师真的很好 很有收获 给分很好 上课也很好玩 小测也很简单都是问你上课看了那些视频啊什么的不难 发言反内卷 呜呜呜呜喜欢
165985,6279,庞毅,2023-01-10 14:55:15,0,1,1,大好人！给分巨好
166198,6279,庞毅,2023-01-11 11:42:37,4,5,1,庞老师真的是太好了，大学第一次当课代表，就是他的课代表。老师真的很关心学生，有时还会上朵朵（之前朵朵换版之后还来问我们朵朵怎么上不去了）。庞老师的教学宗旨是爱学生的老师学生爱，我想说他真的做到而且做得很好捏！！！
166218,6279,庞毅,2023-01-11 12:44:59,0,1,1,老师真的很好，感觉真的把学生当亲人对待，作业其实相比其他老师都是差不多的量，但是口述史真的很有意义，而且给分也真的很好，强推！
166287,6279,庞毅,2023-01-11 16:43:40,-1,0,1,庞毅老师真的好好，课程任务只有口述史和展示，比较轻松，给分也好，可惜我平时一直在摸鱼，但是庞老师讲课真的好好，史纲选他
166360,6279,庞毅,2023-01-12 05:28:10,1,3,2,庞老师你是我的神啊啊啊啊啊啊啊我爱你
166707,6279,庞毅,2023-01-13 09:18:25,0,0,0,非常好的老师
166972,6279,庞毅,2023-01-14 12:19:49,0,1,1,好，非常好
167068,6279,庞毅,2023-01-15 01:05:57,0,0,0,太棒了
167156,6279,庞毅,2023-01-15 04:27:48,0,1,1,特别好
167854,6279,庞毅,2023-01-19 13:40:25,3,3,0,非常可以
168069,6279,庞毅,2023-01-25 11:49:00,12,14,2,黄埔八期报到，个人有文科底子所以学的压力不大\n\n讨论课和口述史真的非常新颖，而且比产出一堆学术垃圾好多了，课堂展示的话题也大多帮助大家扩展眼界，讨论课老师发的资料也是真的能看出老师过硬的学术素养，真心佩服这样认真的老师\n\n因为课程内容太精彩，期末考试反倒给人一种划水的感觉，不知道命题老师是谁，但是题目真的好水啊，不过也许是高中被文科题折磨惯了免疫了\n\n最后绩点4.8，关于这点，个人建议大家每项活动都认真做，绝对收获满满，但是别对拿高分抱太大期望，老师评分体系很严格，最后会捞，但是想上高分，除非能力强到能惊艳老师，否则还是会很困难。\n\n或许正是黄埔军校那句门联：升官发财，请往别处；贪生怕死，勿入此门
168593,6279,庞毅,2023-02-20 04:18:36,0,1,1,老师讲课讲的很好，由于史纲这门课本身也是思政，介于课程要求原因，可能没办法讲得太深入，但老师已经尽可能把历史讲得生动清晰、流畅动人了（通过讲事例、结合自身经历等等）。虽然平时布置的任务多一点，但只要愿意花时间认认真真做，最后考试认真写，就能拿很不错的成绩。给庞老师点赞～
168925,6279,庞毅,2023-02-23 13:47:24,0,1,1,非常好
169850,6279,庞毅,2023-02-28 06:13:51,1,2,1,超可爱一老师，平时成绩占70%期末考试30%开卷可带手写资料，平时就是课堂展示，口述史，随堂作业和影视教学作业。QAQ真的上课很快乐，听故事一样
171022,6279,庞毅,2023-03-14 07:47:06,-14,4,18,很能装
173419,6279,庞毅,2023-05-24 01:23:18,0,1,1,理科生表示第一次对历史感兴趣
174364,6279,庞毅,2023-06-10 19:26:41,0,0,0,好好好
174689,6279,庞毅,2023-06-15 15:57:40,0,0,0,黄埔八期学员报道！老师真的讲课超级好，不落俗套的口述史也是很新颖的考核方式，都来选他！
174859,6279,庞毅,2023-06-19 05:51:35,0,0,0,爱学生的老师学生爱 真的很好！
177314,6279,庞毅,2023-07-03 01:13:49,0,1,1,4.8前来还愿
177315,6279,庞毅,2023-07-03 03:18:21,3,3,0,爱学生的老师学生爱！
177358,6279,庞毅,2023-07-06 07:31:10,-8,2,10,啊啊啊啊！超级无敌好老师！超级捞！事少分高，口述史还比论文有意义多了！感谢庞老师给予了我大学第一个满绩
177377,6279,庞毅,2023-07-03 05:29:51,-1,0,1,庞毅，值得
177483,6279,庞毅,2023-07-03 11:39:39,1,1,0,很为学生着想的一位老师
180318,6279,庞毅,2023-09-21 05:36:39,7,7,0,启真一期表示，黄埔牌史纲学院正式改名为启真史纲学院
184543,6279,庞毅,2023-12-21 13:56:55,4,5,1,很尊重同学、上课也很认真的老师。有些人觉得口述史麻烦，但是比起东拼西凑堆砌文字的读书报告，口述史真的有意义的多。
185753,6279,庞毅,2024-01-04 05:33:06,0,1,1,启真！
189665,6279,庞毅,2024-01-26 13:05:10,0,1,1,py老师永远的神，哪怕你上课真的不好好听课，只要你认真地完成他的作业，小测的时候多想想办法（他的小测确实有点怪，只有你一字不落地听了才能全会，所以基本上没什么区别），你的分数一定不会低！
190163,6279,庞毅,2024-02-24 06:43:13,0,1,1,老师对待学生比较认真负责，会认真看每个同学的作业，最后给分也还不错，就是鼓励发言，需要上课积极举手
190203,6279,庞毅,2024-02-25 10:28:07,0,1,1,py老师你是我的神，给分超好
190860,6279,庞毅,2024-03-22 03:40:48,7,8,1,把通识课上成专业课捏\n\n口述史捏\n\n感恩捏\n\n捏
193368,6279,庞毅,2024-06-07 12:15:47,4,5,1,庞老师真的是一个温柔又负责任的老师！！！表白庞老师！！！
193744,6279,庞毅,2024-06-17 07:45:50,1,2,1,非常好的老师
195393,6279,庞毅,2024-06-28 02:51:10,2,4,2,好老师，趁出分前来打个10分
195543,6279,庞毅,2024-06-28 17:18:04,1,3,2,老师很好
195575,6279,庞毅,2024-06-29 00:29:02,-2,2,4,给分超好，同小组的同学都满了，大爱py老师
195581,6279,庞毅,2024-06-29 01:15:28,-2,1,3,给分真的好
195596,6279,庞毅,2024-06-29 03:08:13,-2,1,3,非常好！
195606,6279,庞毅,2024-06-29 03:46:53,-2,1,3,给分真的好
195620,6279,庞毅,2024-06-29 04:59:48,0,2,2,学生超级有耐心，而且非常认真，真的是一位很好的老师👍
196221,6279,庞毅,2024-07-02 09:39:30,-2,0,2,庞老师太好哩！！！
196941,6279,庞毅,2024-07-06 03:58:01,2,5,3,给分好不解释！平时没有回答过一次问题还给我捞到4.5了！庞老师给人一种学者的风范，每次小组展示他都会认真倾听，给出你们小组的优点和改进意见，还会给出对这个历史事件的独特观点！唯一难绷的是小测，需要平时稍微听一下课，不然他经常会问“庞老师上课没有提到过以下哪个人物”这种问题，如果一点没听还是很难答对
199060,6279,庞毅,2024-09-14 13:31:54,4,7,3,最开始听庞老师的课是在冬天的中共党史的课上，他会记住每个发言同学的名字。\n\n你知道这个在大学这种孤独环境里有多可贵吗？有人看得见你。如山似海，如沐春风。\n\n于是下学期我库库退了三门专业课，选了庞老师的史纲。虽然很冒险，但我认为这个选择是很明智的。\n\n口述史的作业让我和家中长辈的羁绊更深，更加了解个体在极速发展的宏观环境里的不断选择及其导向，也更加直观地体悟到何为述往思来，向史而新。\n\n小组作业挺好玩的，互评阶段我们班也没有什么刻意压分之类的鹅颈，老师评价也是相对客观中肯的。\n\n唯一想吐槽一下的是课堂小测，那个题目鸡零狗碎，出自各种犄角旮旯，对于我这种上课会发呆的人来说就很不友好。。。但这是我的问题，不是课的问题。\n\n4.8，但不管结果如何，都要感谢庞老师!
199552,6279,庞毅,2024-09-25 08:43:32,15,16,1,老师特别好，但是下次小测时长可以长一点点吗，学在浙大真的特别特别卡😢
200245,6279,庞毅,2024-10-15 06:23:23,-3,11,14,辛辛苦苦准备的课堂展示\n\n结果70%靠观察员，给分超级低……\n\n基本是不会管你的内容怎么样的，全凭他们心情……
205331,6279,庞毅,2024-12-04 12:03:02,-7,10,17,小测点名好恶心
205344,6279,庞毅,2024-12-04 13:21:39,4,6,2,好有意思的老师哈哈哈哈哈哈哈哈哈哈哈，好有激情
205418,6279,庞毅,2024-12-06 04:20:55,-1,2,3,启真二期报道，pygg非常好，是我上过思政课里感受最好的老师，不仅上课很有意思，而且给分也很好（有同学提交的小测，其实好像是比较另类的点名，从最后结果看，应该影响不大，而且pygg的课还是值得一听的）
205826,6279,庞毅,2024-12-12 06:49:42,-3,8,11,口述史？口述💩！
206648,6279,庞毅,2024-12-17 03:03:26,-5,2,7,口述史怎么你了 我觉得口述史比起其他水课作业还是可以的吧
206649,6279,庞毅,2024-12-17 03:03:23,-5,1,6,口述史怎么你了 我觉得口述史比起其他水课作业还是可以的吧
207742,6279,庞毅,2024-12-24 06:08:01,2,6,4,人如机
207743,6279,庞毅,2024-12-24 06:09:47,7,9,2,认真写了两三周的口述史没有别人拿一个上午写出来分数高。现在已经逐渐沦为一种笑话了。
207769,6279,庞毅,2024-12-24 07:48:30,0,2,2,启真三期，绝对的好老师，不必多言
209748,6279,庞毅,2025-01-07 03:10:00,4,5,1,给分挺好
209754,6279,庞毅,2025-01-07 03:39:09,2,4,2,给分无敌好！
209756,6279,庞毅,2025-01-07 03:40:21,3,3,0,党史冲冲冲！选到就是赚到！
209777,6279,庞毅,2025-01-07 05:23:40,0,2,2,就这么说吧，本人连书都没有，期末借了本史纲就去考了，都有 4.5
211119,6279,庞毅,2025-01-11 00:46:04,0,1,1,给分好
212399,6279,庞毅,2025-01-14 03:03:02,1,3,2,非常好的史纲老师！！！！！感觉庞老师完美契合了我印象中一位大学老师的风范——知识渊博，对待同学非常耐心，上课也很明显是费了很大心思的，有校史馆参观，作业会指导，考试前会讲注意事项\n\n五次课堂小测，题目是根据上课内容（尤其是课本外的内容）出的，不过完全不听课也能答出来至少三道，最后一节课会给之前错过的同学一次补考的机会；一次小组展示，鼓励形式上的创新，由同学和老师共同评分，但是感觉这个环节不怎么拉分，最高最低的组应该就差了一分不到，关键在于小组内的分数分配；没有论文，做的是口述史，个人感觉做口述史会比水小论文耗费精力一点，但是认真做了就会非常非常有意义，口述史还是比较拉分的，想拿高分需要认真做；最后就是期末考试，开卷，但是选择题比较扣字眼，需要和书上的原话一个字一个字地对照过去，也是比较拉分的一个环节；还有就是学在浙大的课程视频要刷完\n\n老师上课鼓励发言的力度比较大，回答一个问题总成绩能加0.2到0.3分，班内发言有点恶竞的感觉，不过如果作业完成得好，像我就发言了一次也能取得比较理想的成绩\n\n总而言之在史纲课的范围内，庞老师称得上是最好的老师之一了，有在努力突破这门课本身的局限，而且老师会在成绩提交前向上调分，给分也是比较好的，后来的同学可以优先考虑庞老师的史纲课，也祝愿大家取得理想的成绩
212406,6279,庞毅,2025-01-14 03:14:41,0,1,1,老师人很好，上课和批改作业都非常用心！
212463,6279,庞毅,2025-01-14 04:52:35,1,2,1,课代表来向pygg表白（x\n\n预置了史纲，冬学期又在党史碰到pygg，两门课都喜提4.8。下面来评价一下叭\n\n史纲本来想水的，但是听完第一节课直接决定要当课代表，老师讲的很真诚也很有趣，如果乐意听的话肯定不亏！\n\n在平时作业方面感觉算少的（？）学在浙大的视频刷完就可以，讨论没有硬性要求，平时的小测都是课堂上讲的，可能是有点奇怪的点，只要听了就包会的，比较耗时的应该只有口述史（室友的老师好像还有读书报告之类的）而且个人感觉口述史真的很有意义！如果采访长辈的话可以听到他们的故事，也可以采访老师（\n\n上课发言可以加分（0.1-0.3，发言就有分）感觉老师好像比较看重发言，党史课甚至会记发言同学的名字。不过这方面占比应该不大（我只发言了一次）\n\n总体来说，感觉pygg超级好😘
212505,6279,庞毅,2025-01-14 06:00:20,1,2,1,老师很好，小测当点名，会提前告知小测时间，对待上课非常非常认真。我口述史认真写了，课堂展示不是很好（我们小组分比较低），期末写满，最后满了，捞到95耶
212596,6279,庞毅,2025-01-14 09:01:35,4,5,1,给分低于预期了（当然有我自己的原因\n\n但是小组pre几乎只看自己对话题的喜好程度，都不参考小组成员的表现以及准备程度，真的懒得喷了好吧，之前都被查老师上的好评给洗脑了🌚
212673,6279,庞毅,2025-01-14 12:20:23,1,2,1,py真的好好🥰，口述史个人觉得真的很有意义，比写那种学术垃圾好多了🙁
212709,6279,庞毅,2025-01-14 14:08:28,-1,0,1,我男神
214222,6279,庞毅,2025-01-29 08:00:41,2,5,3,本学期最低绩点，呵呵\n\n转不了专业啦，呵呵\n\n平时事超级多，扣分项超级多，呵呵
214892,6279,庞毅,2025-02-19 03:01:33,4,4,0,口述史不错，有意义\n\n通过小测（5个单选）代替点名，就是小测内容奇奇怪怪的，上课记得认真看视频
216559,6279,庞毅,2025-03-18 10:47:40,1,2,1,不想做口述史的别选
216852,6279,庞毅,2025-03-27 03:35:36,0,0,0,666
216928,6279,庞毅,2025-03-29 08:17:10,-2,1,3,口述史怎么你了？？？口述史已经比穿越慈禧和莫名其妙的辩论赛好多了！！！pygg赛高！！！我下学期还要来上党史！！！
218882,6279,庞毅,2025-05-11 02:44:51,0,0,0,没上老师的课只是fzdx培训听老师讲过一堂，感觉特别有风度的一位老师~
219736,6279,庞毅,2025-06-05 03:48:04,1,2,1,最后一节课了，不管我最后得分如何，py老师都是一位真正意义上的好老师！！！\n\n\n\n完全值得10分
219766,6279,庞毅,2025-06-23 09:44:59,1,2,1,温文尔雅，一句话足以概括庞毅老师：爱学生的老师学生爱，结课后还有点小不舍。\n\n老师的川普很魔性，和哪吒里的那个胖子口音完全一致（原谅我忘了他叫什么）\n\n而且给分也合理的，小测是按课上的一些小细节出题，听课能写对大部分（也会有犄角旮旯的细节记不住，但是所有平时分都是赋分，无所谓了），发言会加0.2分，其实0.2不是重点，重点是你积极的话老师就会记住你，每节课坐在前面固定位置也会记得你，老师说这样的同学会有印象分加成，或许会帮你捞上一个档，所以认真听课的同学是有好的回报的，这点极其重要，否则平时课全翘，或坐最后一排写作业，这种的还指望老师给你高分就太可笑了
220702,6279,庞毅,2025-06-19 08:53:32,1,1,0,学期初就会把课程安排发出来，可以根据小测时间去上课，但小测基本都是课上讲的内容，甚至会问课上放了哪个视频，没听课完全答不出来。感觉事有点多，第一节课框框说了好多扣分项，等出分了再说吧。
221467,6279,庞毅,2025-06-24 02:33:23,-6,0,6,史纲收获最低绩点+1，拉低均绩0.05，呵呵呵。\n\n孩子们，快跑吧。事情不是一般的多。我寻思一门3学分的通识课，要不是培养方案要求谁上这课？比我专业课花的精力还多，这是几个意思？
221501,6279,庞毅,2025-06-24 05:14:26,2,3,1,今天出分了，个人是92/4.8，感谢老师！\n\n很难忘记庞老师在讲述汶川地震与新冠疫情时流泪动容的场景，可以看出老师是在用心上课。无论是组织南湖之行，还是课堂展示，抑或是口述史和课堂小测，老师都没有为难大家，而是让大家有获得感。老师的课程安排都有发在群里，小测的时间是确定的。\n\n那些平时任务应付甚至是不交，动辄旷课，考试要求也不听的人难道不应该多反思自己吗？
221559,6279,庞毅,2025-06-24 13:21:51,-1,1,2,退退退，事儿多分少，不想均绩降个0.1就选吧，平常以小测形式签到，选择给分好的老师就离高级点已经成功一半
221568,6279,庞毅,2025-06-24 14:17:35,0,0,0,老师上课很有意思，非常富有热情！\n\n有点头痛的是会有小测检测你的听课效果，而且考得相当细，不好好听的话有点难做出来。\n\n作业是口述史，如果有合适的采访对象，认真做还是挺有意义的！当然有些人会嫌事多，见仁见智。\n\n给分不清楚，室友有被捞的也有被绩杀的……
221900,6279,庞毅,2025-06-27 08:45:46,0,0,0,快逃吧
140923,6461,甘钧先,2021-09-18 02:52:51,9,44,35,不选甘先生的课后悔一辈子
166253,6461,甘钧先,2023-01-11 14:55:45,9,24,15,另一个已经人满为患了，我来这边给好评。大一史纲课如果你不想干巴巴地学史纲，而且想从成绩中获得对自己的一部分认可，那一定要选甘先生的史纲课。甘先生有一次课三节讲中国共产党的历史转折真的封神，没有讲稿ppt纯粹手写板书输出。甘先生的课程作业，三次想象报告，课上给我们看了两三次电影（一部分是线上开课原因），可以用影评代替想象报告，真的很自由很有天马行空的空间，什么，你说课程上不完？不存在的，“考试都是开卷，给你把书讲完有什么用？”甘老师的课讲多讲少都不影响每次课的独立性和完整性，跟书中脉络有联系，但却绝不被其约束，他的观点我可能不全赞成，但都很有深度，他的口音和他讲授的方式一样，很接地气，深入但浅出。这样有趣的历史，认真学习受益匪浅，爱了爱了！！谢谢甘老师一学期的教诲，浓浓师生情！
167515,6461,甘钧先,2023-01-17 02:39:06,-1,5,6,大师风范
170053,6461,甘钧先,2023-03-01 06:34:00,0,4,4,宝藏宝藏，快选快选，老师又帅又有意思
170138,6461,甘钧先,2023-03-01 13:46:51,2,4,2,好好好
170771,6461,甘钧先,2023-03-09 09:35:31,0,3,3,甘老师yyds！
174326,6461,甘钧先,2023-06-09 13:37:11,0,4,4,很有思想很深刻的老师，不一样的史纲课！
179691,6461,甘钧先,2023-09-19 10:10:00,-1,3,4,甘先生不是10分我是很不服气的
179714,6461,甘钧先,2023-09-19 12:46:22,0,2,2,感谢查老师把老师名字打对
189558,6461,甘钧先,2024-01-25 11:10:33,-1,3,4,很有意思的老师，人很nice~
191074,6461,甘钧先,2024-04-01 03:29:53,-1,7,8,史纲课，如果你很感兴趣可以来选，据他所说，他讲的很有意思，并且的确不囿于课本，但是只是想水课的快逃，课前提问上节课的内容，课上也有提问，最后三节课随机点名互相提问，虽然没有点名但是提问胜过点名，4次没到总分不高于60。虽说也不全是老师的问题，毕竟理科生对史纲兴趣大概率不大，但是他想营造的那种所有人都认真听他的课的氛围还是有点不切实际了。总之，对历史感兴趣的爱思考的来，想水课的快逃
191083,6461,甘钧先,2024-04-29 22:31:47,2,6,4,哈哈哈哈哈哈哈
191720,6461,甘钧先,2024-04-29 03:34:31,1,7,6,无聊...
196047,6461,甘钧先,2024-07-01 09:44:02,-4,13,17,千万别选。每堂课必须回答问题，问题也很难，没法做作业，我就是被折磨走的。哈哈哈哈哈哈
206605,6461,甘钧先,2024-12-16 11:56:44,4,5,1,有思想，大部分学期事情少，给分非常好，会经常点同学回答问题。
207908,6461,甘钧先,2024-12-25 02:49:08,7,13,6,老师的爱情观和宇宙观深深地震撼了我，太爱了，近代史纲就选甘先生～
210997,6461,甘钧先,2025-01-10 09:53:03,8,14,6,有思想，不讲课本。\n\n会点人回答问题，但是是好老师。
213337,6461,甘钧先,2025-01-17 03:53:41,1,4,3,爱情大师
215634,6461,甘钧先,2025-03-03 05:51:57,4,9,5,去讲哲学吧！！
215673,6461,甘钧先,2025-03-04 02:40:24,-8,20,28,到底是谁喜欢听甘钧先上课？
215685,6461,甘钧先,2025-03-08 07:24:55,58,98,40,人家明明谈的是无限和善恶，怎么你听成了宗教。人家在否定宗教，你怎么还用宣扬这个词。你听懂了吗？上课仔细听呀。你听不懂的都是玄学，听得懂的都是科学吗？不要断章取义呀，要用心听。不要一边做作业，一只耳朵听几个词，就想污蔑人。人家在系统性证明，为什么要做一个善良的人。人家在给你证明，只有善和爱才能拯救历史，改变未来。你可不可以上课认真点。上课打瞌睡了，揪揪自己的耳朵👂👂
215900,6461,甘钧先,2025-03-07 02:14:27,5,8,3,无限。
215912,6461,甘钧先,2025-03-07 03:42:53,-33,20,53,史纲课不讲史纲宣扬玄学宣扬宗教。。。。明明看智云前两年还是正常的今年怎么就这么抽象
216044,6461,甘钧先,2025-03-10 03:24:18,-53,28,81,我怀疑老师这学期讲的东西是不是跟以前不一样。首先我认为老师的善恶观值得肯定，老师的宇宙观也很富有想象力。但我始终认为他宣扬的观点仅仅是一个逻辑自洽但主观性极强的宇宙观，就是唯心主义的典型。而且每当他试图讨论所谓的终极问题（比如生命的起源、宇宙的意识等），但凡读过高中的人都能听出来他绝对没有自然科学的基本素养。如果他把他那些观点归结于哲学问题我觉得很好，但是他真正相信这些是宇宙的终极真相已经达到了信仰的程度了，每天花大把时间探讨一些民科问题，还要质疑牛顿，说什么牛顿连生命力、精神力都没能考虑到；还把自动化专业的同学点起来问宇宙是不是自动化的；还拼命想让大家信服所谓的我们是宇宙意识本身、无限就是生命。把他所谓的宇宙想象和自然科学混为一谈。在课堂上大肆宣扬这些观点，已经算是思想的侵略了，和传教又有什么区别。
216066,6461,甘钧先,2025-03-10 06:36:16,15,30,15,有这么好的老师，还在这乱叫什么，都给我安安静静听课不就行了，知足吧同学，开明的老师是很少的
216097,6461,甘钧先,2025-03-10 09:52:57,7,27,20,我认为你代表了浙大愚昧的那一面。
216108,6461,甘钧先,2025-03-11 12:44:13,9,16,7,善意行为产生的量子纠缠效应，持续影响浙大人的命运
216111,6461,甘钧先,2025-03-10 10:42:47,1,7,6,保护保护
216114,6461,甘钧先,2025-03-10 11:49:56,19,29,10,甘老师是很好的老师，他的观点你可以不同意，甚至你可以写一篇论文有理有据反驳他的论证和论据(据说有同学这么做过他给了满绩），但是给人扣传教的帽子无非是很恶劣的。甘老师所做的不能证明也不能证伪的研究，你可以不同意，也可以去反驳，但把反对宗教的东西宣扬成传教，是对老师的侮辱，也是对自己的不负责任。\n\n另外甘老师是很善良的，给分也是很好的，他是真的希望学生能学到一些东西，并且能养成思考的习惯。
216115,6461,甘钧先,2025-03-10 13:10:35,4,9,5,老师人很好的，上课讲的也很有深度，让我们自己提问，每个问题也都有在认真回答，真的很好很好，不要听楼下某位乱说，只要认真上过甘老师的就根本不会认同这些极其错误的言论！
216116,6461,甘钧先,2025-03-10 13:23:05,-1,6,7,上过老师的课，老师讲的很好，给分也很好。但每学期都会有一些自作聪明的同学觉得老师是在乱说
216119,6461,甘钧先,2025-06-22 18:18:36,5,15,10,老师人真的很好，私下问他问题基本上是秒回，回答也很耐心。与我个人而言，看到老师被群嘲心里还是挺难受的。\n\n那位说要给60or挂科的同学最终作业也给了80分（在舆论发酵之前就已经提交成绩），在老师看来那位同学说他的书脱离现实完全没有意义，是对他的侮辱，对他没有尊重；我自己也在读书报告里面写了批评质疑的内容，最后得分也还可以的（也可能我写的比较克制）：所以这方面见仁见智吧。\n\n老师他在群里完全公开同学名字这件事我感觉有点过于激动了，做的确实不太妥当吧，这也是引起争议的很大原因。但我认为除此之外，其他人借此对甘老师进行人格侮辱也很不对，这完全是在发泄情绪。
216127,6461,甘钧先,2025-03-11 03:13:58,56,67,11,首先，我对我昨天的不当言论诚恳地道歉，希望老师和同学们接受。但恕我无法公开我的真实身份。\n\n经过这个事情后，我认真看了同学们的评论和老师的发言、也认真回想了老师上课讲的东西、也对我自己的发言进行了深刻的复盘和反思。我承认我的愚昧和冲动。我为什么会发出这些言论呢？我想我是一个完完全全的唯物主义者，所以当老师讲解的东西冲击到我的最基本的认知时，我感到了不解，随后感到了不满。我最开始只是想质疑老师在史纲课堂上讲这些东西会不会不太合适，写着写着就造成了我思想和言语的失控，我并不认为老师在“传教”，我当时想的是拿“传教”做比较，显然我低估了这个词的恶劣性和杀伤性，对此我做出诚恳的道歉，我今后也一定会注意，不再给别人进行随意的定性与评价。\n\n虽然我是个唯物主义者，但老师的一些思想确实也震撼了我、触动了我，我也在读老师的《魔幻紫金港》，我认为老师的宇宙想象实验很新颖很有价值，也认为老师想要“改基因”的想法很值得敬佩，也完全认同以善恶评价历史和当下的合理性。然而，恕我始终无法理解或认同老师的某些想法。当然，求同存异，我将会认真听老师的思想、坚持读老师写的书、与老师进行友善的积极的交流，希望能对我愚昧的认知做出一些改变吧。\n\n另外老师人真的很好，后面还在钉群里面怕我受到伤害，安慰了我。这让我感到很愧疚。我现在认为，任何一个思想，无论是否承认心灵的存在，都是有意义的，不应该被随意定性，扣上不好的帽子。\n\n再次表示诚恳的道歉。
216151,6461,甘钧先,2025-03-11 05:21:46,2,3,1,很有思想的老师
216175,6461,甘钧先,2025-03-11 12:57:00,5,6,1,分歧大概是在唯物与唯心的冲突吧，认识世界的方式应该是多样的。
216534,6461,甘钧先,2025-03-18 04:38:29,2,8,6,🙃🙃
216537,6461,甘钧先,2025-03-18 05:37:16,36,46,10,反对堕胎、思考那么多深度的问题对性别问题就是逃避。“问一点难到我的问题”\n\n有同学问一个女性被强奸了意外怀孕您不支持堕胎吗。“这个问题你去问女生不要问我”“我从生命的角度回答”“男人喜欢生孩子”“我要是像马斯克一样我一百个孩子也没问题”\n\n演都不演了…
216548,6461,甘钧先,2025-03-18 08:28:57,17,21,4,反对堕胎这就很登了
216568,6461,甘钧先,2025-03-18 14:26:57,6,16,10,纯纯民科rzsb一个，马院的唯心主义者
216575,6461,甘钧先,2025-03-19 00:27:57,-2,5,7,很好的老师
216609,6461,甘钧先,2025-03-19 07:02:51,-4,4,8,有理想和激情
216633,6461,甘钧先,2025-03-20 07:16:32,5,17,12,反堕胎的男权沙文主义；发疯跳脚耍无赖与（无关）同学在评论区骂战；宇宙最有思想与最善良的猪
216634,6461,甘钧先,2025-03-19 14:12:12,-3,11,14,反堕胎的男权沙文主义；发疯跳脚耍无赖与（无关）同学在评论区骂战；宇宙最有思想与最善良的人
216711,6461,甘钧先,2025-03-22 03:18:17,0,1,1,111
217066,6461,甘钧先,2025-04-01 05:53:20,8,15,7,这边给出一个略显客观的评价\n\n首先仅仅从得分角度来看的话甘钧先老师的任务是最少的。并且没有小组活动，点名就是随机上课问问题。所以你要是想水的话上课可以看一节课教材然后去写作业，等待他问你问题就可以了。平时作业只有论文。感觉还行吧起码没有小组展示。\n\n然后就是广为人诟病的“无限”思想了。这边建议即使你觉得他错的离谱也不要去管他 一方面反驳没有任何用处（因为他不会相信自己能被驳倒），另一方上课的话最好就自习，有问题的话就随便问就好了，这只是一种点名的方式而已。\n\n然后关于敏感问题，我的评价是no作nodie\n\n在敏感问题就应该三思，而不是张口乱说。。\n\n总之就是上他课可以，保证你自己上课完成作业就可以了
217613,6461,甘钧先,2025-04-14 06:06:45,3,5,2,666
217769,6461,甘钧先,2025-04-16 07:39:19,-39,5,44,10分，支持不堕胎，生命啊生命！
218403,6461,甘钧先,2025-04-23 07:31:26,4,6,2,突然发现老师点名，对宇宙不感兴趣的翘课党瑟瑟发抖
218959,6461,甘钧先,2025-05-15 06:59:54,0,2,2,我觉得这老师还行吧
219182,6461,甘钧先,2025-05-23 01:25:57,1,2,1,我水平有限，不太能理解老师的哲学思想
219602,6461,甘钧先,2025-05-31 08:45:03,-2,1,3,haixingba
219915,6461,甘钧先,2025-06-11 03:38:14,-5,8,13,你可能觉得甘老师上课一直讲无限是一件很烦很蠢的事情，但其实甘老师并不是希望你完全接受他的观点，而是希望你能从新的角度出发对生命与宇宙产生新的思考，如果有可能可以读一读甘老师的书，你可以获得很多启发。我们可以自己反思一下，我们有多久没有思考过这些看似遥远不切实际的问题了？我们更多地把注意力放在一个接一个的ddl上，在史纲课赶各个科目的作业。我很赞同甘老师说的一些话“只有对生命真相，宇宙真相产生了自己的思考，才能真正摆脱虚无主义”“人们宁愿战斗到底，也不会花一分钟时间反思自己的观念”。人们更愿意让技术制造的丰富感官体验麻痹自己，然后定期地陷入虚无主义的悲哀，而不是勇敢的面对这份虚无。你当然可以说这是无用的理想主义，但至少甘老师做出了深入的思考。希望上过甘老师史纲的同学们都能保持平和开放的心态，如果可以多去思考一下甘老师讲的这些问题，我觉得这是一份难得的礼物。
220035,6461,甘钧先,2025-06-14 02:12:55,0,4,4,中国共产党历史 2025夏 周二晚 一次点名（还在考试那天）一堂课提问（不过是其他老师） 期末抄满书 给分很好
220411,6461,甘钧先,2025-06-18 00:06:03,-13,7,20,你是心情不好给学生打了低分吗？发言过了期末也认真写满了最后只有4.2
220877,6461,甘钧先,2025-06-20 08:51:36,26,31,5,思而不学则过拟合
220884,6461,甘钧先,2025-06-20 09:10:26,45,53,8,“给你60分还是重修？”
220889,6461,甘钧先,2025-06-20 09:18:53,41,45,4,老师喜欢讲一些关于自己的想法，我暂且不去评价老师的想法，但是作为一个老师，他的一些行为绝对是不合格。特别是期末结课发生的一件事，真的很难让相信这是一个合格老师所能做出来的事。事情大概是史纲读书报告，老师会给他自己写的书，同班一位同学在读书报告对老师的观点进行了批判，但老师做了什么，他问这位同学你想重修还是60分，并将这位同学姓名、文章、还有发消息的截图直接挂在了群里，更令我感到夸张的是，他还将这位同学移除了群。我有阅读这篇文章，这位同学写的并没有充满攻击性，这是从他的角度批判了老师的观点，于情于理都应该是从客观的角度给他评分。我只是一个旁观者，尝试相对冷静的诉说这件事，但是这种行为真的会让每个人感到气愤和不公！！！
220891,6461,甘钧先,2025-06-20 09:21:01,21,23,2,如果你能接受“无限是生命”，并且觉得史纲这门国家级别的思政课讲非唯物主义论是合理的话，请你来选吧。\n\n哦对，读书报告一定不要说他的思想不对，小心直接给你挂科。
220892,6461,甘钧先,2025-06-20 09:22:14,0,3,3,牢甘合影
220914,6461,甘钧先,2025-06-20 10:24:45,9,13,4,破防了老登？
220918,6461,甘钧先,2025-06-20 10:42:13,3,5,2,抽象，1分送给你
220925,6461,甘钧先,2025-06-20 11:04:34,3,5,2,给你60分，还是重修
220929,6461,甘钧先,2025-06-20 11:14:55,1,3,2,逆天。
220941,6461,甘钧先,2025-06-20 11:54:46,4,6,2,以前还可以当老师看，现在纯纯民科
220948,6461,甘钧先,2025-06-20 12:22:33,4,7,3,反感推荐同学看自己作品的同时不允许同学批判自己的作品，就想听别人夸的话还是找个夸夸群吧
220965,6461,甘钧先,2025-06-20 13:24:29,-7,6,13,甘均先不就是出生吗，傻逼玩意，什么爱和善良能拯救历史，脑残样的这和传教有什么区别，没学过历史唯物主义的傻逼，否认人类社会发展的基本规律。人品师德全没有，学生给你的作品提出批评你就给人家60分和重修的选择。畜牲养的狗杂种，全家没一个是人。
220981,6461,甘钧先,2025-06-20 14:36:45,3,7,4,别骂他了，他应该得精神分裂症了，我认真的。妄想很严重。
220993,6461,甘钧先,2025-06-20 15:09:23,6,9,3,有时候感觉ZJU对老师那叫一个宽容，本科四年读下来，各种形态的老师都见过一遍了。李某军，周某光，甘某先等不同类型的奇葩持续活跃在一线教学岗位，给分再稍微好点还自有大儒为他们辩经，不禁令人感叹。
221001,6461,甘钧先,2025-06-20 15:32:48,0,5,5,暴民们，来
221004,6461,甘钧先,2025-06-20 15:49:20,-1,4,5,暴民们，来
221060,6461,甘钧先,2025-06-21 05:20:41,2,5,3,不点名，但课上随机抽人提问。\n\n作业量不太大，五六篇文章。读书报告可以在他给的书目里选，其中有两本是他自己的书（今年好像又新写完了一本）\n\n课堂内容主要宣扬他个人的宇宙观世界观，偶尔讲近代史，其中讲批评的那节课还不错，就是私货有点多。\n\n哲学观点主要宣扬宇宙是无限的有生命的，地球上的生命是有罪的等等。其哲学体系不像是接受过系统哲学学习的样子，被不少同学批评为民哲。\n\n课堂同学多不听，自习为主，除偶尔点名，并没有什么事。老师鼓励讨论他的哲学观点，鼓励学生提出疑惑或批评，但由我个人感受与近期事故（25.06），老师不喜欢学生反驳他的观点。\n\n对课上同学的批评会在同学坐下后用自说自话的技巧“反驳”，往往不合逻辑。且学生不能二次发言。故不建议课上批评他的观点。除非做好充分的理论准备和追问的求是勇气。
221144,6461,甘钧先,2025-06-21 13:04:28,2,5,3,作为水课老师其实挺好的\n\n只用写读书报告和论文。上课用点名问问题来签到，随便对付一下都行\n\n给分也好
221177,6461,甘钧先,2025-06-21 22:35:09,2,6,4,心痛，甘老师真的是为我们学生着想的好老师啊！！！
221278,6461,甘钧先,2025-06-22 11:45:22,3,8,5,说白了大部分的人都是基本一点没听过课了解他的思想，纯纯跟风。gjx老师其实本性真的不错，在回答问题上是认真的提出自己的思考，上课也不是他们说的纯讲自己理论，关于近代史也是会认真讲且提出一些很新颖的思考角度的。而他的理论我不多做评价，确实和科学相悖，但我觉得人应当有权利决定自己思想的决定（不过上课大面积的说确实不太好）。上课会随机点人回答问题当签到，一个学期大概三次，最后一节课会每个人都叫一遍留个印象（就是你常不常来上课脸不脸熟）。作业是一篇读书报告和四篇上课日记，正常到课平时分基本会给满。至于之前说的你是不是想挂科那个人，最后那篇读书报告也给了80分，我只能说见仁见智，能接受的话其实也就是一个偏执的好老师
221527,6461,甘钧先,2025-06-24 08:23:53,-1,3,4,老师真的挺好的，也能忍住怒火给学生应有的成绩，至于群里老师的思想，虽然看着与主流思想格格不入吧，但是表示尊重，对于群里发言，表示反对
221606,6461,甘钧先,2025-06-25 02:06:16,4,6,2,思政老师事少分高了还抱怨啥，都知道人家是民科了，还去和他较啥劲呢
221826,6461,甘钧先,2025-06-26 14:16:15,1,1,0,思想的独裁者，永恒的麻醉在自己脆弱的幻觉里
126043,6497,陈丹,2020-09-17 02:08:02,57,65,8,我女神
126473,6497,陈丹,2020-09-28 02:50:53,16,22,6,实力存在微弱的悬殊
126867,6497,陈丹,2020-10-26 01:33:35,1,6,5,上课比较无聊
129939,6497,陈丹,2021-01-14 02:00:36,-3,2,5,上的跟没上一样，上课跟让我直接看ppt区别真的不大
130019,6497,陈丹,2021-01-27 05:42:44,6,6,0,老师给分好呀🐛
130760,6497,陈丹,2021-01-24 13:29:22,0,0,0,很好，上课图文并茂
131277,6497,陈丹,2021-01-27 02:43:46,3,4,1,老师人特别好！给分也很好！
131284,6497,陈丹,2021-01-27 03:22:20,12,12,0,陈丹老师我爱你，是新老师所以才觉得自己运气真的好好！
131285,6497,陈丹,2021-01-27 03:25:05,2,4,2,秋冬各点一次名\n\n孩子没听过课\n\n绩点4.2\n\n自己把握吧
131290,6497,陈丹,2021-01-27 03:36:24,9,9,0,好老师啊，给分超高，理科生也可以学的很好！
131291,6497,陈丹,2021-01-27 04:01:52,39,42,3,陈丹老师我爱你！给分高！事少！论文规定最高字数不内卷
131298,6497,陈丹,2021-01-27 03:51:41,14,14,0,事情很少，给分也不错，而且炒鸡温柔，女神！！！
131309,6497,陈丹,2021-01-27 04:55:56,0,6,6,明知道有学生没来还不点名，这是对逃课的认同吗？
131319,6497,陈丹,2021-01-27 05:27:40,1,1,0,佛系老师 给分巨好
131385,6497,陈丹,2021-01-27 09:35:19,0,0,0,丹丹老师！
131585,6497,陈丹,2021-01-28 05:43:46,-9,5,14,很好很好\n\n4.8对一个三年没学历史的同学来说已经很好了
132010,6497,陈丹,2021-01-30 02:38:37,4,4,0,只有第一节和最后一节点过名，老师人很好脾气也很好，上课没听过最后4.2还行，女神女神女神
132081,6497,陈丹,2021-01-30 06:44:32,0,0,0,女神老师！给分巨好！上课不听老师也不会说什么！
132430,6497,陈丹,2021-02-01 13:23:35,1,1,0,老师人很温柔！
134345,6497,陈丹,2021-03-24 11:31:19,2,2,0,老师人超级好！很尊重学生也很温柔！
134686,6497,陈丹,2021-04-09 07:19:31,0,1,1,点名变多了，qī！
135949,6497,陈丹,2021-06-04 11:59:04,2,2,0,老师超级温柔，非常尊重学生的想法，尽管有时候会点名，但是能感觉出来是出于对自己授课的责任心，希望同学们也能够考好一点。
136751,6497,陈丹,2021-06-24 03:53:20,3,3,0,老师真的很关心学生
137903,6497,陈丹,2021-07-06 13:56:00,8,10,2,cd老师yyds，觉得很捞人，讲课也好事也少，即使你不听也可以通过认真准备论文和考试收获一个不错的绩点，这样的老师还不冲嘛
137905,6497,陈丹,2021-07-06 14:00:14,3,3,0,老师真的海底捞😭😭😭考试写得狗屁不通但还是被捞上来了
137907,6497,陈丹,2021-07-06 14:03:18,6,6,0,老师人超级好，事少，讨论题只要认真答就给满
137910,6497,陈丹,2021-07-06 14:12:37,4,4,0,给分真的太好啦！！老师温温柔柔的，真的很会捞人！
137924,6497,陈丹,2021-07-06 15:02:55,2,2,0,上课很棒，给分也不错！
137928,6497,陈丹,2021-07-06 15:33:46,1,1,0,陈丹老师讲课特别温柔，史纲课事少，给分高，论文不会堆到期末，上大学印象最好的思政老师
138039,6497,陈丹,2021-07-07 06:59:32,0,1,1,。。。
138204,6497,陈丹,2021-07-08 02:18:49,3,3,0,老师人超级好！事情不多，给分高！
138213,6497,陈丹,2021-07-08 02:58:44,3,4,1,海底捞谢谢。\n\n撇开给分还行这点认真说一下老师。\n\n老师上课什么的都很认真，也很照顾学生，导致老师年纪轻轻就絮絮叨叨的哈哈哈，但是史纲这种课吧，你们懂的，如果说要讲出花来，可能还需要继续努力，就是比较中规中矩罢了。
138314,6497,陈丹,2021-07-08 13:14:22,2,2,0,事少给分好
138871,6497,陈丹,2021-07-11 12:00:52,9,10,1,一次展示，一次5000字论文，其他没啥事儿了。事少给分高，既温柔又猛捞的老师！\n\n赶紧冲！
140621,6497,陈丹,2021-09-14 11:47:31,0,1,1,，，，
140847,6497,陈丹,2021-09-17 01:40:34,3,3,0,最多三次点名，事超级少，老师长得特别漂亮
140867,6497,陈丹,2021-09-17 03:31:15,2,2,0,老师很可爱，事少分高海底捞，给分公正，为学生着想
143857,6497,陈丹,2021-12-09 05:22:08,3,3,0,老师好可爱~说话声音慢悠悠的，也从来不会强制点人~~好老师
144476,6497,陈丹,2021-12-21 23:07:01,3,3,0,上课挺无聊的，但人很好，不内卷
144582,6497,陈丹,2021-12-22 11:55:36,16,16,0,陈丹姐姐这必须给10分！新时代反对内卷第一人，事少，人美，课好。不知道给分怎么样不过反内卷应该是不会低。无脑冲她的史纲就对了！
145181,6497,陈丹,2021-12-28 06:00:47,6,6,0,没什么说的，女神
145889,6497,陈丹,2022-01-03 16:51:12,6,7,1,还没考试，但是不妨碍10分。貌似部分史纲老师是不会好好讲课本的（扯野史，扯自己的事云云，但陈老师真的认认真真结合书本在讲课，期末回顾帮助较大。这个学期除了小组展示和5k字论文外还有两个个人独立完成的1-2k字的问题研究报告，事情不算少，略忙。不过老师上课节奏舒服，有耐心，钉钉消息回复很快，总体推荐！（老师菜菜捞捞呜呜）
146368,6497,陈丹,2022-01-06 10:39:22,3,3,0,老师好漂亮！！而且最近才知道别的老师史纲举手发言算平时分的，但是陈丹老师不强迫我们举手，好老师～
146940,6497,陈丹,2022-01-08 06:28:11,6,6,0,陈丹🤤🤤🤤我的女神😁😁😁
146942,6497,陈丹,2022-01-08 06:30:04,3,3,0,事少给分OK，开卷考，论文+展示，非常ok！
146943,6497,陈丹,2022-01-08 06:30:38,2,2,0,谢谢丹姐，虽然不是很高但还是捞了一下！很满足了！人也很温柔，事也不多。
146945,6497,陈丹,2022-01-08 06:49:57,0,0,0,很有意思也很轻松，考前翻一遍书做点笔记绩点就有了
146949,6497,陈丹,2022-01-08 06:58:32,0,0,0,陈老师美女一个，人巨好啊啊啊，我一个理科生，论文认认真真写了，考试也尽力了，最后4.5，已经很满意了，我爱陈老师
146957,6497,陈丹,2022-01-08 07:13:45,0,0,0,女神耶
146958,6497,陈丹,2022-01-08 07:17:56,0,1,1,好好好
146961,6497,陈丹,2022-01-08 07:43:30,0,1,1,捞了我！！事少人好而且能学到很多东西！
146962,6497,陈丹,2022-01-08 07:49:34,0,1,1,史纲满了！谢谢老师！！！
146963,6497,陈丹,2022-01-08 07:52:36,2,2,0,陈老师讲课真的讲得超级好呀！绝对是循循善诱，娓娓道来！而且听陈老师的史纲绝对不会无聊。每节课都是第一排认真听讲的孩子前来报道！
146965,6497,陈丹,2022-01-08 08:09:37,1,1,0,老师人超好！
147040,6497,陈丹,2022-01-08 13:37:57,0,0,0,丹姐超棒！温柔反卷给分好，最后一堂课还会以匿名纸条形式（自愿写or不写）征询大家对于自己授课的建议看法，大一就预置到老师的课真是太幸运啦！
147259,6497,陈丹,2022-01-15 15:39:07,3,3,0,陈丹老师我好爱，上课很有意思的捏，作业也不是很多。
147381,6497,陈丹,2022-01-10 01:26:18,4,4,0,真的好好 人超级温柔 讲课应该很有意思（为数不多的听了的几节课有感）一个展示一个论文 没有读书报告换成了问题研究报告（个人觉得比读书报告好水）事少给分好 不用特别卷最后4.5 老师真的很好！
147481,6497,陈丹,2022-01-10 05:16:04,5,5,0,我是文科生，史纲这种课一般都不听的，但是！陈老师真的讲的超级好！老师佛系又不佛系（？上课语气虽然慢悠悠、不紧不慢的，但是内容都很有趣，给我们放映的一些片子都很有意思！！！考试之前也会耐心的给我们强调考试注意事项，我爱陈女士！最后是下午两点考试，早上开始看书，做目录，最后4.5，还是超级开心的呜呜呜！
149331,6497,陈丹,2022-01-15 05:56:12,1,3,2,理科生，老师讲课很温柔，但是明明论文认真写了考试也认真考了最后也只有3.9，有点失落
150809,6497,陈丹,2022-02-19 00:58:52,1,1,0,老师声音好温柔，小组展示千万不要水，不然尴尬的是一组人，给分很赞，个人觉得期末考占比挺大的
151424,6497,陈丹,2022-03-03 03:55:37,3,3,0,老师讲课很好，很客观公正，有细节
153319,6497,陈丹,2022-04-28 03:28:52,3,3,0,主要是很漂亮。
153937,6497,陈丹,2022-05-17 07:19:21,2,2,0,我爱陈老师
154059,6497,陈丹,2022-05-21 13:37:47,2,2,0,陈老师好美好温柔~我好喜欢听她讲课~爱了爱了
154457,6497,陈丹,2022-06-01 15:50:59,1,1,0,老师很可爱，讲课很认真，虽然没有好好听不过视频很有意思
155117,6497,陈丹,2022-06-08 12:06:01,1,1,0,考试好好考
155169,6497,陈丹,2022-06-09 04:18:17,1,1,0,非常好的老师
155311,6497,陈丹,2022-06-10 14:02:10,0,1,1,女神不解释
155525,6497,陈丹,2022-06-14 03:11:24,6,6,0,老师好漂亮啊啊啊啊啊！人好温柔，讲课详细，作业不多，你实在不想听也不会责备你！就是会点名嘿嘿嘿嘿...
156539,6497,陈丹,2022-06-20 08:02:35,2,2,0,给分好事还少，讲课内容中规中矩，人很好就是了
156697,6497,陈丹,2022-06-20 15:54:54,2,2,0,老师人很好很温柔，事少分好，好好期末考
160266,6497,陈丹,2022-09-16 03:50:40,1,1,0,女神女神，很难不爱
160577,6497,陈丹,2022-09-27 10:11:53,1,1,0,美女，女神
160603,6497,陈丹,2022-09-27 15:22:38,11,11,0,1.老师人也很娇弱，身体也不太好，讲话声音有些微弱，分分钟燃起你的保护欲\n\n2.比较摸，大家也都摸摸过去就行了\n\n3.别睡觉哦，陈丹老师的史纲还是很有意思的\n\n4.有问题最好私下解决\n\n5.别忘画思维导图\n\n6.that's all
161644,6497,陈丹,2022-11-10 02:03:29,0,0,0,女神啊，简直是个温柔的姐姐
161896,6497,陈丹,2022-11-15 01:47:03,2,2,0,我给打一万分，上课温柔作业少，这个学期最喜欢的老师。
162120,6497,陈丹,2022-11-17 02:03:29,3,3,0,学在折大会点几次名，但是是为了规定。绝对的女神。
164786,6497,陈丹,2022-12-26 06:39:02,2,2,0,丹丹真的很好……我手抖把学在浙大的文件都删了 以至于期中时候交的论文没了、、丹丹还为我开了补交 她真的 我哭死（虽然把原稿删了的我得重写 但老师真的很好） 丹丹真的是一个很考虑学生的老师 会因为期中匆忙而把ddl延后一周 她真的很好 没出分 但不妨碍我夸夸她
165111,6497,陈丹,2022-12-29 07:17:25,3,3,0,我 永 远 喜 欢 c d j j ！ ！ ！有朝一日，我们一起坐着高铁去台北！！！
165692,6497,陈丹,2023-01-09 09:18:25,0,0,0,人美心善，事少，好！
165981,6497,陈丹,2023-01-10 14:37:46,3,3,0,喜欢丹姐，给分好，事不算很多，理科生也能学好
166007,6497,陈丹,2023-01-10 17:02:16,2,2,0,丹姐超美，人超好啊，史纲划水最后绩点也不错，满意了。
166196,6497,陈丹,2023-01-11 11:38:01,3,3,0,老师很温柔，也会认真听取同学们的意见。\n\n一个学期点过几次名（学校硬性要求\n\n平时没有任务，总的来说就是一次论文一次小组的任务还有一个思维导图\n\n这次期末考是四道简答题，感觉写的还可以？最后赋分3.6呜呜呜呜呜(本人高中历史赋分97，本以为能捍卫一下偏文学生的尊严的呜呜）
166623,6497,陈丹,2023-01-13 04:41:39,2,2,0,女神！！！！
166837,6497,陈丹,2023-01-14 01:09:05,2,2,0,很好很好很好
166848,6497,陈丹,2023-01-14 02:13:47,3,3,0,女神！事情不算多，给分好好！感觉最后是被捞上了一档。为了完成业务会点几次名
166928,6497,陈丹,2023-01-14 09:00:36,1,1,0,非常好
166980,6497,陈丹,2023-01-14 12:59:46,1,1,0,老师真的特别特别好，很关心学生，而且讲课很有意思
167158,6497,陈丹,2023-01-15 04:28:24,4,4,0,女神！显得好年轻！（但老师其实已经有孩子了
167396,6497,陈丹,2023-01-16 02:49:00,0,0,0,好！！
167674,6497,陈丹,2023-01-18 08:11:56,2,2,0,老师很好，很显年轻，也很温柔
169339,6497,陈丹,2023-02-25 12:47:01,0,0,0,女神 事少 教课很有意思
170970,6497,陈丹,2023-03-13 12:45:38,0,0,0,yyds!
174357,6497,陈丹,2023-06-10 13:03:39,-12,0,12,评价有点过高了，确实很能捞，但讲课有点无聊，听不进去
175618,6497,陈丹,2023-06-26 02:33:53,3,3,0,温柔又漂亮的姐姐！！！人很好很体贴呜呜呜漂亮姐姐贴贴。
176219,6497,陈丹,2023-06-28 05:54:45,4,4,0,给分好好！！好美腻！！我好爱！！！
176222,6497,陈丹,2023-06-28 06:05:58,3,3,0,事情少给分高，神中神
176504,6497,陈丹,2023-06-29 06:44:44,5,5,0,被捞了!谢谢老师555~
176586,6497,陈丹,2023-06-29 10:12:29,3,3,0,给分好好，爱了爱了
122416,6606,赵坤,2020-02-27 01:45:05,18,20,2,期待！
122417,6606,赵坤,2020-02-27 01:56:25,27,27,0,老师的东北口音我太爱了啊啊啊！刚刚低定上，期待这个学期！
124301,6606,赵坤,2020-06-29 02:31:06,12,12,0,吹爆好吧！东北话与马原的结合太棒了！老师会认认真真讲原理，辛辛劳劳海底捞，能上赵坤老师的马原是很幸运的事情
124364,6606,赵坤,2020-06-29 16:10:04,9,9,0,赵老师上课很有趣，课程任务也不多，给分还很好，爱了爱了
124395,6606,赵坤,2020-06-30 05:13:14,7,7,0,大爱我坤哥，上课风趣幽默，很能体谅学生，给分合理，推荐学弟学妹们选他hhh。
124436,6606,赵坤,2020-07-01 08:13:50,4,4,0,吹爆！
124615,6606,赵坤,2020-07-04 01:23:35,22,25,3,赵老师是一个有高尚教育理想的青教，选他的课不亏，而且给分非常好。很喜欢和学生交流，而且也年轻，十分容易和学生打成一片
124989,6606,赵坤,2020-07-31 12:48:10,4,4,0,赵老师讲课讲课很生动，课堂气氛活跃
125033,6606,赵坤,2020-08-17 01:03:28,4,4,0,很善解人意体贴学生的老师
125044,6606,赵坤,2020-08-19 06:33:19,10,10,0,赵坤老师是一个有信仰有理想有水平的好老师，能把大家认为枯燥的思政课讲的生动有趣，在赵老师的课堂上马克思活起来了 。赵老师善解人意，处处为学生着想，上赵老师的课很享受也很有获得感
125045,6606,赵坤,2020-08-19 06:49:26,6,6,0,哈哈哈很荣幸选上了赵老师的马原课，一个有颜值有学问还有东北口音的年青老师，哈哈哈，很体贴学生，给分高，不搞形式主义，也超级认真细心，平时的事情很少，马克思课一点也不枯燥。赵老师总说自己想成为她的导师那样的好老师，老师加油一定会成功哒～～
125140,6606,赵坤,2020-09-02 05:03:05,7,8,1,东北口音真的很有趣，上课也不拘泥于课本，给分真的超好啊，就做了一次小组pre，一篇论文，一个期末考试，绩点4.8
126732,6606,赵坤,2020-10-16 03:58:40,7,7,0,老师说：我是个自爱的人
128283,6606,赵坤,2020-12-16 09:44:16,3,4,1,老师也太棒了，第二次给他评分了
129213,6606,赵坤,2020-12-31 14:17:16,5,5,0,赵老师线上真的好，事情少，还会调分
129699,6606,赵坤,2021-01-11 04:02:51,1,1,0,超级推荐
131482,6606,赵坤,2021-01-27 16:17:40,1,1,0,坤哥，我永远滴神！！
131484,6606,赵坤,2021-01-27 16:26:37,2,2,0,口音很可爱
131485,6606,赵坤,2021-01-27 16:28:22,5,5,0,我爱赵坤！！！！！
131626,6606,赵坤,2021-01-28 08:13:15,5,7,2,很能捞，而且东北口音爱了爱了
132026,6606,赵坤,2021-01-30 03:20:23,-51,6,57,说好只点两次名 结果点了三次。。。
133913,6606,赵坤,2021-03-09 10:55:17,2,2,0,初心永少年！
135560,6606,赵坤,2021-05-13 16:18:00,2,2,0,老师给分很高，为人随和，事情不多，不二之选
138088,6606,赵坤,2021-07-07 09:40:58,44,57,13,赵坤哥哥我简直吹爆！！！年度最佳的老师！从没想过在思政课能遇到这么好的老师，初心永少年！老师对马原有自己的理解，上课不是按照考试那种应试的来，会讲很多关于马原的拓展，是真的想让大家理解马克思的的思想，思想很有深度，同时关心学生，期末捞捞，小组展示都有最低打分要求，平时都认认真真听课都能有很多收获，期末考试前再突击看一下书，分数绝对不会差！\n\nps：关于点名，到课我一直认为是一个学生对老师最基本的尊重，老师点名也是学院的要求，点名扣分还挺多，大家还是要认真上课！\n\n总之就是，赵坤哥哥的马原绝不会让你失望！就像是哥哥一样让人感到亲切温暖，表白坤哥！！！
139567,6606,赵坤,2021-07-17 10:39:58,13,13,0,赵坤老师yyds！
144024,6606,赵坤,2022-01-11 04:17:07,0,13,13,zk老师人很好大家放心选
145377,6606,赵坤,2021-12-29 08:28:25,1,3,2,小测那个，很早就说了好不好\n\n你上课不来的吗
145536,6606,赵坤,2021-12-30 07:44:34,3,3,0,我爱他！！！！真的很喜欢他！！！！！
146271,6606,赵坤,2022-01-06 05:53:07,3,4,1,至少2021.12.3已经有通知过闭卷小测\n\n之前上课也有说过\n\n你上课不听还有理了吗？
146440,6606,赵坤,2022-01-06 14:55:48,3,3,0,东北口音和马原太搭了
147658,6606,赵坤,2022-01-10 11:16:00,7,8,1,赵老师很好，很认真
147781,6606,赵坤,2022-01-10 23:53:55,3,3,0,讲课有意思给分好 爱你爱你
147797,6606,赵坤,2022-01-11 01:08:24,0,3,3,老师很好，是我太菜了呜呜呜呜
147863,6606,赵坤,2022-01-11 04:34:09,5,6,1,他真的好温柔 我哭死
148297,6606,赵坤,2022-01-12 05:43:34,46,61,15,老师很好 踩我的都是狗
149262,6606,赵坤,2022-01-15 01:50:00,2,5,3,还是想伤心一下，马原出分打开了我的考试周破防之门
150741,6606,赵坤,2022-02-16 10:36:33,-5,2,7,nogood
150988,6606,赵坤,2022-02-21 15:37:33,-17,6,23,老师很好 说不好的都是狗逼
151204,6606,赵坤,2022-02-24 12:12:05,1,1,0,事少分高
152596,6606,赵坤,2022-04-15 11:38:50,0,2,2,事少分高，给分非常好
152884,6606,赵坤,2022-04-21 07:53:52,4,4,0,吹爆赵坤老师！
156337,6606,赵坤,2022-06-19 06:19:43,2,2,0,超级好的老师呀！
156426,6606,赵坤,2022-06-19 14:40:12,20,20,0,愿同学们善良温纯，不忘诗与远方，走出半生，归来仍是少年
156618,6606,赵坤,2022-06-20 12:03:21,0,4,4,老师课不错，不过给分也不好啊？
164530,6606,赵坤,2022-12-21 12:45:13,8,8,0,坤哥真的yyds！每一次课结束都能获得学生的掌声！！！
165705,6606,赵坤,2023-01-09 10:30:24,2,4,2,不多说了，选上老师是我的运气
165718,6606,赵坤,2023-01-09 11:34:21,8,13,5,老师真的给分太好了 我真的爱死呜呜呜呜呜\n\n有点后悔之前因为觉得马原没意思没有听课 直到最后一节课才意识到老师讲的真的很有意思\n\n给大家的建议是好好看书+做题 赵坤老师是真的很捞 我5.0！\n\n之后老师这个学期点了一次名 好像如果点名没到的话平时分会扣很多 大家还是要注意出勤率呀
165762,6606,赵坤,2023-01-09 14:31:40,8,8,0,在读共产党宣言写读书报告时遇到了一些困惑，钉钉上向老师提问后赵老师耐心地一一给出解答。思政课的枯燥是必然的，老师在课堂上传道授业，在课后解答疑惑，便已经完成了工作。我认为赵老师出色地完成了教师的使命。
165764,6606,赵坤,2023-01-09 14:33:42,5,7,2,zkgg给分太好啦！！！！平时任务量也不多，一次小组展示+一篇读书报告+一次小测+一次点名\n\n想要为了zkgg降级转到马院去（这是可以说的吗）
165766,6606,赵坤,2023-01-09 14:38:20,4,4,0,我真的太爱坤坤了！讲课有意思，人有亲和力，还给分巨好！！！！！！！！！！
166019,6606,赵坤,2023-01-11 00:45:00,5,10,5,不说了，坤哥你是我永远的神\n\n能让一个大学从来不听课的我认真听他讲马原是一种怎么样的魅力？\n\n而且给分巨特么好，论文三小时速成的，期末考试我是认真看了两天，最后拿了4.8，真的开心
169301,6606,赵坤,2023-02-25 09:41:24,2,4,2,赵坤男神！！！
169968,6606,赵坤,2023-03-01 00:13:03,6,6,0,老师太好了呜呜呜呜呜！人帅心善！上课风趣幽默，把马原枯燥的知识点讲得很抓耳，能听赵坤老师讲课简直是一种享受！
170107,6606,赵坤,2023-03-01 11:33:41,4,5,1,男神！！！！
170330,6606,赵坤,2023-03-03 02:03:43,2,8,6,老师好年轻好帅\n\n我是爱坤我是ikun
171112,6606,赵坤,2023-03-16 06:10:57,1,3,2,坤！！！
172015,6606,赵坤,2023-04-17 12:18:50,1,1,0,可口可乐了
172189,6606,赵坤,2023-04-21 11:12:43,3,3,0,坤哥男神😍
172360,6606,赵坤,2023-04-25 10:58:43,3,3,0,好老师，好课
174403,6606,赵坤,2023-06-12 06:16:41,-34,2,36,感觉学历不行，知识水平有限，但讲课还行
175728,6606,赵坤,2023-06-26 10:22:17,1,5,4,我就两个偶像，都是坤哥，一个已经塌房了，你可不能塌啊。
176078,6606,赵坤,2023-06-27 14:49:40,4,5,1,啊啊啊啊啊啊坤哥要捞我啊，我打满了
176118,6606,赵坤,2023-06-28 00:41:50,4,4,0,年轻有活力的老师，讲课很有自己的特色，深入浅出，鼓励学生阅读和思考，注重引导和启发，平时分也几乎给满！希望期末有个好成绩！
176445,6606,赵坤,2023-06-29 02:37:05,-4,4,8,赵坤gg真的yyds！这学期马原出分前来bd，之前的个人展示就花了一个小时做PPT+准备资料，上来念的都卡顿，小测也是胡作的，因为真的不会，期末的时候因为专业课太多没什么时间看马原，可能加起来（之前所有的）复习时间也不超过7到8个小时，最后给我4.8！被捞的感觉很快乐！喜欢zk老师！
176828,6606,赵坤,2023-06-30 09:22:11,3,3,0,最好的思政老师
177420,6606,赵坤,2023-07-03 08:32:24,5,11,6,我是爱坤（iKun），我永远爱赵坤。人帅课讲得好，给分还好。作为一门思政课，竟然能那么有意思那么有深度！小测不太会，期末努力把大题写满了，最后绩你太美，真的太开心了！坤坤，你是我的超人！！！
177537,6606,赵坤,2023-07-03 15:20:00,5,5,0,好爱赵坤（星星眼）（花花）（亲亲）
179706,6606,赵坤,2023-09-19 12:11:26,-12,0,12,这门课本身无聊，上课内容也就这样。不过老师还是会尽可能地引导同学们，上课也算自由开放。平时事情不多，一次展示，一个读书报告，一次测试（不过这三样分数都会给的很高，比如展示占平时成绩的30%，这一项分数基本上是28，29）。人也爱笑，和他交流不会有压力。给分相当不错。
179707,6606,赵坤,2023-09-19 12:11:24,-14,0,14,这门课本身无聊，上课内容也就这样。不过老师还是会尽可能地引导同学们，上课也算自由开放。平时事情不多，一次展示，一个读书报告，一次测试（不过这三样分数都会给的很高，比如展示占平时成绩的30%，这一项分数基本上是28，29）。人也爱笑，和他交流不会有压力。给分相当不错。
179708,6606,赵坤,2023-09-19 12:11:25,-14,0,14,这门课本身无聊，上课内容也就这样。不过老师还是会尽可能地引导同学们，上课也算自由开放。平时事情不多，一次展示，一个读书报告，一次测试（不过这三样分数都会给的很高，比如展示占平时成绩的30%，这一项分数基本上是28，29）。人也爱笑，和他交流不会有压力。给分相当不错。
179709,6606,赵坤,2023-09-19 12:11:25,-13,0,13,这门课本身无聊，上课内容也就这样。不过老师还是会尽可能地引导同学们，上课也算自由开放。平时事情不多，一次展示，一个读书报告，一次测试（不过这三样分数都会给的很高，比如展示占平时成绩的30%，这一项分数基本上是28，29）。人也爱笑，和他交流不会有压力。给分相当不错。
185910,6606,赵坤,2024-01-05 18:51:12,1,1,0,赵坤真的我男神，很有理想，有风度，有学识的一位青年男教师，对学生也很关心，赵坤哥哥就是我男神
188068,6606,赵坤,2024-01-18 06:46:33,1,1,0,坤，我爱你😍😍😍😍😍😍😍我是ikun
188358,6606,赵坤,2024-01-18 17:50:39,0,1,1,不是特别怎么听课，但感觉老师在认真备课，有情怀，会讲一些例子。给分不错吧，感觉马原还是得看期末考试准备如何hh
188429,6606,赵坤,2024-01-19 03:39:32,3,3,0,zkgg真的好好！！！期末真的捞！！！
190022,6606,赵坤,2024-02-10 14:21:51,6,6,0,11分
190058,6606,赵坤,2024-02-17 14:13:12,0,1,1,满分！！！
191531,6606,赵坤,2024-04-24 10:42:56,-7,2,9,逆天签到，表扬你一下，再接再厉哦
193004,6606,赵坤,2024-06-02 11:11:20,0,0,0,满分！赵坤老师超可爱
193994,6606,赵坤,2024-06-21 08:28:18,2,4,2,赵坤他真的好好呜呜，虽然我考试啥也不会，他还是笑着和我挥手再见\n\n我要和老师谈恋爱呜呜呜
194349,6606,赵坤,2024-06-23 10:01:00,0,1,1,其实我努力地在学这门课而且喜欢老师了，虽然还是小透明但是我还是很喜欢你~
194946,6606,赵坤,2024-06-26 04:10:21,2,2,0,不给kun10分真说不过去了，给分太好了坤坤
194971,6606,赵坤,2024-06-26 06:23:47,0,0,0,伟大，无需多言
195052,6606,赵坤,2024-06-26 13:57:45,0,1,1,给我满绩，必须满分
195444,6606,赵坤,2024-06-28 05:27:12,2,2,0,坤！我的神！给分好是老师最微不足道的优点，唯一一门每节课都认真听的思政
195630,6606,赵坤,2024-06-29 05:53:22,1,2,1,人少会点名，应该是没有捞的，被卡绩是我的问题…
197000,6606,赵坤,2024-07-06 12:24:35,1,1,0,坤哥绝好！给分超乎预期，上课比较清楚（但原谅我左耳进右耳出）人还又年轻又帅还幽默！
197658,6606,赵坤,2024-07-25 02:47:16,1,1,0,虽然思政课是不怎么听的，但是老师的课是有意思的，老师也是很有情怀的，给分也是不错的，好评
197999,6606,赵坤,2024-08-23 05:05:09,0,1,1,我爱坤哥！！！！！！
200881,6606,赵坤,2024-10-24 03:44:30,1,1,0,一一一
202039,6606,赵坤,2024-11-08 14:23:42,3,4,1,4.5起底
210300,6606,赵坤,2025-01-09 01:17:36,1,1,0,老师讲课很好 我没怎么听 而且我们小组pre完成的也不是很好 期末考就靠临时抱佛脚结果上4了
210385,6606,赵坤,2025-01-09 04:41:49,1,1,0,给分好，讲得好，人也好！
210437,6606,赵坤,2025-01-09 07:13:03,0,0,0,课上得棒哇，最后一节课会划重点；平时会有两次点名，直接对着名单点的那种；小测是一道论述题；马原很捞！感谢！
210676,6606,赵坤,2025-01-09 15:53:42,0,0,0,无敌好的老师！！！
210846,6606,赵坤,2025-01-10 05:30:55,6,6,0,给分超级好，我都上四了！\n\n下面有人说给分好是老师最微不足道的优点，我表示非常赞同，zk老师会认真听完每个小组的展示并给出中肯的改进建议，上课时zk老师风趣幽默，和同学们打成一片。他喜欢强调“在内卷和躺平中间一定是存在中间地带的”，这也是我这学期不断调整的一个方向，即试图找到这个中间地带。我认为好的思政课应该是这样的，除了书本上干巴巴的文字，还有老师对我们成长方向的一点指导。\n\n一些提示，不要翘课（是纸质举手点名，一次好多分），最好不要坐到靠走廊的一侧
210887,6606,赵坤,2025-01-10 06:00:39,0,0,0,给分超好，最后一节课会划知识点，平时基本没啥事
212175,6606,赵坤,2025-01-13 10:10:45,1,1,0,老师确实很好，但是为啥那个“踩我的都是狗”还被顶上去了。
215090,6606,赵坤,2025-02-21 01:55:55,5,6,1,好帅，我一个直男看了都要心动
215924,6606,赵坤,2025-03-07 12:02:25,0,0,0,讲课好，给分好，我两次点名没到应该是被扣了6分，这样还能有4.2，学弟学妹们赶紧上，好好学满绩应该不是问题
219734,6606,赵坤,2025-06-05 03:36:16,0,0,0,好老师好老师好老师！虽然考试还没考成绩但没有出 但是就凭老师平常讲课和老师的教学理念就值得一个十分！老师会在最后一节课告诉我们分数不是大学唯一的目标 更重要的是生活的态度 TT
220805,6606,赵坤,2025-06-20 01:27:31,0,0,0,好老师！
220807,6606,赵坤,2025-06-20 01:40:52,0,0,0,非常正直也很脚踏实地的老师，并且会捞，很捞，就这样安慰被专业课低绩点创飞的我😭😭
220813,6606,赵坤,2025-06-20 02:58:10,0,0,0,特别特别好的老师，上课很有意思，给分也很好
221134,6606,赵坤,2025-06-22 10:31:41,0,0,0,上学期上完一直没来得及回来些评价，赵坤老师上课我真的很喜欢（虽然好像还是没好好听，但是老师说话让人感觉好舒服，也完全没有以往上思政课完全不想听的感觉）\n\n给分我个人感觉很好（虽然大题我基本上是背了七七八八，应该答对挺多，但感觉还是有很大一部分是老师还是帮我捞上去的）超级喜欢zk老师
125926,6874,彭鹏,2020-09-16 00:06:10,18,26,8,上课总是用“这个”“那个”衔接
125970,6874,彭鹏,2020-09-16 06:26:01,7,16,9,老师上课十分幽默，笑多了就不困了ㄟ(≧◇≦)ㄏ
126015,6874,彭鹏,2020-09-16 12:34:26,5,11,6,老师上课特别有趣，说的话都很实，第一节课就有收获。
126039,6874,彭鹏,2020-09-17 01:20:11,4,12,8,老师很风趣，讲的故事都很有趣。
126040,6874,彭鹏,2020-09-17 01:25:58,4,14,10,一分好评
126814,6874,彭鹏,2020-10-21 07:28:11,24,28,4,“小伙子有想法吗？”\n\n“小姑娘有想法吗？”\n\n笑过之后就一点都不困了
126894,6874,彭鹏,2020-10-27 02:33:04,41,51,10,实事求是来讲，老师的课比较无聊，比较侧重讲一些情怀的东西（不过这好像也是思修该讲的东西）。课上氛围比较沉闷，大家好像都不太想上课，老师也比较有风度，讲的很认真，偶尔下来随机抽人提问，总体是个人很好，三观很正，但是不太会讲课的老师。\n\n顺带一句，老师应该是研究中国传统文化出身的，为什么来了马院？有时会想到，让一个学者天天一遍遍讲非自己专业领域的内容（而且是琐碎且无趣的东西），也是一种摧残吧。老师辛苦了。
127685,6874,彭鹏,2020-11-26 00:06:12,11,14,3,上课中规中矩，老师人很好，思修只需要一篇读书报告和两个半天的志愿者，任务不多，不会像其他很多思修老师搞这个事搞那个事。
127707,6874,彭鹏,2020-11-26 02:27:25,0,6,6,很明显的是，马原和思修的评价两极分化\n\n思修真的不错\n\n事少课有趣，越听越想听，不行，我控制不住自己去听课，自习不了了
128433,6874,彭鹏,2020-12-23 03:01:26,-63,8,71,上课带私货，经常抹黑**，课堂内容毫无价值
128497,6874,彭鹏,2020-12-23 11:24:10,6,8,2,很有意思的一个老师，上课氛围宽松，反正思修是这样子的，事情确实不多，忍不住不听他说的
128563,6874,彭鹏,2020-12-24 02:53:22,1,3,2,不错的
129445,6874,彭鹏,2021-01-05 11:41:01,3,6,3,为什么学校让老师讲思修？？
129493,6874,彭鹏,2021-01-06 08:20:16,94,106,12,我上的是老师的思修。没经过期末所以不知道绩点如何，不过思修终归要正太吧，没办法的事。\n\n老师人很好，感觉三观总体还是比较正的，思修课上经常跟我们分享小故事，有老师自己经历的，也有听说的，或多或少都会让人有点感触；偶尔也会开一些玩笑；整体给人感觉水水的，但并不压抑。\n\n老师总是说不要鹅颈，“不要提前交读书报告”“最后交读书报告时可以交手写的，但手写不加分哦”哈哈哈哈哈，确实，我们班与其他思修老师教的班相比真的不算鹅颈的了。期末时老师把评分标准和分数计算明细等等发到了钉钉群，小组打分还特别设置了分数限制说防止鹅颈，算是如今极端内卷化下的一股清流或者是暖流？总之我当时真的有点被感动到了。我个人向来比较佛系，不过也可能因为我没什么目标吧，我没有追求高绩点的需求，所以我向来规避内卷，只想做我真的想做的事（有点理想化？）\n\n总体上还是推荐老师的思修课的，压力不大的同时也可以很有收获。私以为，思修这东西本来就不该是什么系统化的思考，反倒是那些生活细节，那一两句话，往往能够引人思考、触动人心吧。\n\n最后分享一些我上思修时悄悄记下来的老师说的话：\n\n“我们学校的同学不会虚度光阴，因为没有光阴让你虚度。”\n\n“天上不会掉馅饼，天上只会掉陷阱。”\n\n“女孩子不要太圣母情怀，你和他都是独立的人格，你要知道无论如何都要保持你自己的独立人格，你也要知道你真的拯救不了那个人。”
129527,6874,彭鹏,2021-01-07 00:09:34,2,3,1,上课水水的，任务也比较轻松，就一篇读书报告，小组展示和半天志愿者活动，老师上课经常会聊自己小时候的趣事作为例子，但是可能因为思修这门课本身就比较无聊吧，所以上课大家都不怎么听课
129656,6874,彭鹏,2021-01-10 07:19:05,20,22,2,老师不错，挺认真负责的，就是尽量别缺课，老师会抽查点名，一次不到扣平时分5分，肉痛www
129886,6874,彭鹏,2021-01-13 07:34:51,13,13,0,人特别好，以学生为本，不需要鹅颈并且尽力防止鹅颈，事少，读书报告+一次志愿者+小组研究性报告，讲课结合实际。
130714,6874,彭鹏,2021-01-24 10:47:32,1,3,2,给老师一个好评～ddl很松～对学生很好！祈祷老师给分也不错
130722,6874,彭鹏,2021-01-24 11:33:00,31,31,0,老师人很好，课比别的思修老师要有趣一点哈，重点是平时事少哈哈哈。\n\n而且老师比较尊重学生意见，有人反馈就会有回应。\n\n上课虽然有点水，但贵在真诚，很真实。\n\n最后小组打印纸质报告的钱，老师帮我们大家出了哈哈哈（在群里发了个大红包🧧～）
130749,6874,彭鹏,2021-01-24 12:54:59,2,3,1,老师思修还是可以的，比较水，也不鹅颈
131849,6874,彭鹏,2021-01-29 06:15:37,7,9,2,彭老师很真诚很尊重学生。感觉世界观很正而且上课的内容穿插很多自己的经历，会让人忍不住分心听课（？bushi）。不鹅颈。喜欢～（希望能有好成绩害）
132334,6874,彭鹏,2021-02-01 00:20:26,40,42,2,第一次给一个老师写评论吧，我感觉彭鹏老师为了反鹅颈真的很努力，不用组长打分，大家一起评定分数；期末也是尽量在捞；平时事也特别特别少；钉钉上有事找他，一般很快就能回。\n\n在内卷化严重的今天，这样的老师很清流，有点感动，希望老师工作顺利。
132337,6874,彭鹏,2021-02-01 00:35:36,17,20,3,我们应该是彭鹏老师的第一届，因为我们查老师还看不了分，怀着“赌圣”的心没有退掉这预置的课程。\n\n赌得还不错，一方面是老师挺幽默风趣，会夹杂自己的事情什么的。不过思修的内容本身比较无聊…\n\n另一方面是老师的任务挺少的，读书报告是在结课之前交都可以，给了非常充足的时间来完成任务。\n\n我个人的得分还不错，但是不知道整体给分怎么样。群里感谢老师的语句挺多的，推测应该还不错。
132350,6874,彭鹏,2021-02-01 03:46:51,1,4,3,啊今天出成绩了4.8很满意很满意了谢谢老师
132373,6874,彭鹏,2021-02-01 06:50:45,3,3,0,老师是真的很努力在防鹅颈，感觉是一位认真有情怀的学者，思修最后给分很好!
132403,6874,彭鹏,2021-02-01 10:20:33,5,6,1,很好的老师，平易近人，特别喜欢说小伙子、小姑娘，挺有趣的，给分也很合理，超好！
132514,6874,彭鹏,2021-02-02 05:12:53,3,5,2,有两次点名 要来\n\n第一节课讲了很多他自己的故事和读博的故事。比较重视学术正义。\n\n课没怎么认真听 但老师非常真诚 不会刻意搞发言加平时分，课上有人在写作业也不怎么骂，只有最后小组展示的时候让每组提问。\n\n反对鹅颈，挺不错的老师。
132526,6874,彭鹏,2021-02-02 06:08:47,1,3,2,很不错的老师
132584,6874,彭鹏,2021-02-02 12:57:40,13,13,0,老师好像刚开始上课，有些安排一开始讲得不太清楚2333\n\n总的来说事少，ddl晚，不鼓励卷。我讨论课没有发言，论文努力写了但字数也不多，最后给分还是挺不错的～\n\n课上提到了几次非升即走的压力，希望老师工作顺利！
132606,6874,彭鹏,2021-02-02 16:42:17,8,9,1,刚刚写的长评好像不见了……\n\n总之老师事少反对鹅颈，人特别好！我最后一节课读书报告截止那天发现忘记打印读书报告了，焦虑的去和老师解释，想问问能不能去打印一下马上回来交，结果老师说我直接发他钉钉就好，他去帮我打印..瞬间圈粉呜呜呜呜呜\n\n最后4.5，之前说上四就来夸，所以兑现诺言。感谢老师！！！
132625,6874,彭鹏,2021-02-03 02:51:20,4,5,1,推荐啊
132873,6874,彭鹏,2021-02-04 09:22:19,9,11,2,平和温润，认真负责，对同学要求不多，但是不要缺课，有时候讲自己或者自己听说的故事也都有趣，老师好像是学中国传统哲学的，求开一门哲学通识，我必选！！！
132919,6874,彭鹏,2021-02-02 16:34:00,16,16,0,前半学期一直在水思修课对老师也比较无感，但是临近期末真的觉得老师人太好了。我们应该是老师的第一届，老师也对正态非常无奈，说谁都不忍心正态，所以经常点名，这样可以正态一部分无故不来上课的同学，只要翘课前请假，平时来上课期末考多写点字基本上就不会被正态。研究性学习报告是要打印出来，但是老师说不用担心篇幅长，在群里发红包报销了打印费。小组展示等等也有一系列措施避免鹅颈。还有一点就是我超感动！最后一节课读书报告截止的时候我发现我读书报告忘记打印了，紧急和老师说了一声问我去打印一下再回来交可以吗，结果老师直接说发给他的钉钉就好了，他去帮我打印出来，呜呜呜呜这也太善良了！！事真的挺少，还不支持大家鹅颈。最后4.5，之前说上四就来夸老师所以我兑现承诺来吹爆了
132984,6874,彭鹏,2021-02-06 00:09:26,4,7,3,真的很好这个老师（也可能是因为才来浙大） 但真的把反内卷做的很到位 想法很细致也落实到位 期末也很捞 总之也很感谢这个老师o(^o^)o
140816,6874,彭鹏,2021-09-16 10:12:06,2,4,2,老师的亲身经历都很真实，上课不会打瞌睡了，好评！
141521,6874,彭鹏,2021-10-13 06:27:07,-7,12,19,听老师说经常被领导问话为啥又被学生刷低分啦，于是在课上立马来给个十分哈哈哈哈哈！\n\n老师很可爱，fh不分的口音也很可爱～听老师讲自己艰难的成（生）长（死）经历真的很有趣！！\n\n还有，鹏鹏老师的字真的超大个！
141725,6874,彭鹏,2021-10-22 14:39:12,19,22,3,pp🤤嘿嘿🤤pp🤤好老师🤤
142235,6874,彭鹏,2021-11-09 05:49:38,3,5,2,老师很真诚
142261,6874,彭鹏,2021-11-09 11:36:35,8,9,1,pp真的好可爱，吹爆！
142264,6874,彭鹏,2021-11-09 11:50:01,3,6,3,老师人超级好
142266,6874,彭鹏,2021-11-09 11:51:52,1,4,3,好老师没得说，幽默风趣可爱☺ 🥺🥺
142267,6874,彭鹏,2021-11-09 11:55:26,13,14,1,pp…嘿嘿…好老🤤🤤🤤
142268,6874,彭鹏,2021-11-09 11:57:55,6,7,1,彭老师认真负责，思路清晰，传统文化功夫扎实，中外人文素养均不错，还有亲身阅历非常真实，不会是一味宣传思修教育，任务也不多，强推
142269,6874,彭鹏,2021-11-09 12:14:51,2,6,4,来到浙大遇到的最爱的老师😍
142470,6874,彭鹏,2021-11-12 02:28:44,5,6,1,老师三观很正！！
142974,6874,彭鹏,2021-11-18 02:08:59,2,4,2,yyds
144094,6874,彭鹏,2021-12-17 11:34:54,5,7,2,老师真的很有趣，喜欢分享自己的亲身经历\n\n虽然现在还没期末，不知道绩点，但是老师的事是真的少\n\n需要注意的是平时可能有几次随机点名，尽量不要智云
144121,6874,彭鹏,2021-12-18 14:04:44,5,5,0,老师人真的很好，讲课很认真，平时钉钉解答课程问题也很及时，非常推荐!
144151,6874,彭鹏,2021-12-19 15:59:54,4,4,0,超级可爱
145291,6874,彭鹏,2021-12-29 02:04:03,4,5,1,很好的老师，虽然觉得思政课普遍无趣，但是pp老师很为学生考虑，实行的措施都避免恶竞，点到会提前通知，赞
145307,6874,彭鹏,2021-12-29 03:39:31,7,7,0,不给老师十分都是没上过老师课的人
145309,6874,彭鹏,2021-12-29 03:39:46,2,4,2,老师好!
145311,6874,彭鹏,2021-12-29 03:40:51,3,4,1,老师好！！！！
145312,6874,彭鹏,2021-12-29 03:43:31,6,7,1,彭鹏老师的课真的很欢乐 每天都很开心 虽然内容比较水大家可能不太想听 但这是思政课的通病吧 平时事情也很少 ！！！期末还给发红包 希望彭鹏老师一切顺利
145314,6874,彭鹏,2021-12-29 03:50:12,5,6,1,超棒的老师！温柔还有趣，写字超大个嘻嘻嘻！
145323,6874,彭鹏,2021-12-29 04:27:18,7,8,1,pp超级可爱🤤🤤我超爱pp！人好事少反内卷，期末还有大红包报销打印钱🥺我抢到0.97嘿嘿嘿😍期末会专门提醒翘课的同学抓紧机会加分，读书报告不查重只要好好写，又温柔又通情达理！虽然分还没出但打一个大大的十分！💗
145372,6874,彭鹏,2021-12-29 08:03:41,6,7,1,嘿嘿彭鹏🤤🤤……我的彭鹏🤤🤤……嘿嘿
145385,6874,彭鹏,2021-12-29 09:16:24,3,4,1,老师超级好，抵制恶竞第一人，很善解人意！！！
145473,6874,彭鹏,2021-12-30 02:18:24,17,19,2,什么ta吗的教抵制鹅颈啊，这就ta吗的叫抵制鹅颈啊！！
145487,6874,彭鹏,2021-12-30 03:31:21,23,23,0,老师真的很公正，很贴心\n\n最后因为要打印读书报告还给我们发了红包\n\n最重要的是，什么叫反卷啊\n\n太爱了【后仰】
145497,6874,彭鹏,2021-12-30 03:49:52,9,9,0,第一次给老师打分，嘿嘿😍，pp，嘿嘿，pp。彭鹏在反鹅颈方面做的真的很好，期末还给大家发红包。上课也会举很多例子。给学弟学妹们强烈推荐
145669,6874,彭鹏,2021-12-31 04:50:24,5,7,2,课上会讲很多有趣的故事，比如自己小时候爬树掉下来，骑自行车差点掉到坑里等等。是很幽默的老师。
145726,6874,彭鹏,2022-01-01 03:57:10,2,4,2,好！！选他！！
145769,6874,彭鹏,2022-01-02 01:58:10,12,14,2,浙大反恶竞先锋
145786,6874,彭鹏,2022-01-02 07:50:50,8,9,1,我到底是什么逆天运气预置到了彭鹏老师呜呜呜呜呜
145792,6874,彭鹏,2022-01-02 10:51:37,4,6,2,很搞笑的老师，事少超佛，选他选他
146243,6874,彭鹏,2022-01-06 03:57:58,6,8,2,（思修）反鹅颈先锋/耐心解惑达人//真正为学生着想（让我在无助的大一感觉少了那么点害怕/一学期六次点名/讲课内容会结合很多孔孟庄哲学可以认真听也可以悄悄划水/事少讲课好
146248,6874,彭鹏,2022-01-06 04:19:24,8,8,0,我爱你pp……🤤嘿嘿……🤤pp……
146769,6874,彭鹏,2022-01-07 11:52:21,6,6,0,我永远喜欢pp小天使
147219,6874,彭鹏,2022-01-09 06:36:03,3,6,3,必须10分 PP我的超人
148339,6874,彭鹏,2022-01-12 07:18:20,8,9,1,其他同学已经细说了反鹅颈发红包之类的，我说一个老师的其他可爱之处吧。老师真的是很想让学生们都有个好成绩，期末前私信问他其他问题，老师还要抓紧揪一下好好看课本，甚至又单独给讲了一遍期末考试题目构成，再三强调好好看课本重视客观题。上了大学以后这么关心学生学习的老师不多了，所以彭老师真的非常认真负责又非常可爱，大家多选他的课！
148449,6874,彭鹏,2022-01-12 13:08:01,0,2,2,超级可爱的老师，有各种问题都会认真解答，甚至会指导你怎么写其他课的期末论文。总之，超级好超级棒，不管有没有被正太，都感觉超级值
148481,6874,彭鹏,2022-01-12 15:33:58,0,1,1,真的是很棒的思政老师了
148508,6874,彭鹏,2022-01-12 17:19:57,1,3,2,给分好嘿嘿嘿人也很好嘿嘿嘿总之以为会被正态得很惨的思修居然4.5，平时交作业什么也反形式主义，nice！
148512,6874,彭鹏,2022-01-12 17:22:38,-11,2,13,3.3 嗯
148513,6874,彭鹏,2022-01-12 17:31:05,9,9,0,超级超级可爱的老师～人好事少给分高，其他课总有一种任务太多应接不暇的感觉，但是PP老师只有一个读书报告一个研究性学习的小组作业，都是到期末再交的，就有非常非常充足的时间完成，读书报告是真的用自己的心血写出来的。此外老师真的是反鹅颈先锋，最后一节课鼓励缺课的同学回答问题补上平时分；读书报告规定字数上限，不让学生提早交，有没有封面、排版无所谓……发红包说报销打印费，考试前耐心地叮嘱我们各种注意事项，可以说是非常体贴了。只是回忆了一下这学期体现了老师好的事情就不小心写了这么多，大家还犹豫什么！快冲！\n\n（选上就听PP老师讲述坎坷的成长经历）
148522,6874,彭鹏,2022-01-12 23:06:54,1,2,1,嘿嘿我爱pp，问就是快选他的课
148533,6874,彭鹏,2022-01-12 23:57:38,-2,0,2,好爱好爱好爱好爱好爱！彭鹏老师对学生很好，上他的课不需要费尽心思地卷，踏踏实实地完成好任务（包括到课、作业、期末背书），就可以得到很好的分数！小组展示的时候老师也是慈爱得不行！！！希望可以带着在老师身上学到的精神态度勇敢拥抱接下来的大学生活，大家也快来抢他的课呀！！！！！
148579,6874,彭鹏,2022-01-13 02:07:01,2,2,0,老师真的很好，上课很有内容，为人很有趣很真诚很理解同学们。谁选谁知道！
148605,6874,彭鹏,2022-01-13 03:22:04,11,13,2,神仙老师！必须十分！反鹅颈斗士，有各项反鹅颈要求哈哈哈，每一项要求和打分标准都会说得非常非常清楚，完全不用担心听不懂或者理解不清楚老师要求的情况。除了反鹅颈，老师的课堂也相当有趣，思修都让我忍不住来听课哈哈哈哈哈，老师的人生小故事都相当有意思，人生导师！老师为人师表，心系学生，有任何问题老师都会很快回复，给学生解释的很清楚，感觉到自己被尊重，被鼓励。老师真的是神仙老师，快选！感谢自己的预置运气，最后给分相当好，感觉因为平时成绩拉不开差距，期末考试卷面比较重要，考试之前就好好复习，背知识点，考试的时候很多都是书本上最基础的点，背过就可以拿到，祝大家好运！
148610,6874,彭鹏,2022-01-13 03:42:42,4,4,0,真的好！
148625,6874,彭鹏,2022-01-13 04:45:39,-1,2,3,有趣可爱给分好的老师谁不爱呢？pp老师我的超人！！可惜满分只有10分。。。
148628,6874,彭鹏,2022-01-13 04:58:49,4,4,0,pp老师超级可爱超级耐心，课上会讲许多有意思的小故事，还有可爱的口音哈哈哈。pp老师是真正的反鹅颈斗士！坚决反对无意义内耗！鼓励我们做真正有实际内容的东西！也很有耐心，无论你是在群里还是私聊提出问题都会耐心的给你解答！期末给分也超级优秀！对一些不得不正态的同学还会表示歉意呜呜！宝藏老师！入股不亏！
149225,6874,彭鹏,2022-01-15 00:00:33,0,1,1,事少分好 pp我的超人\n\n期末考试对总评影响应该挺大，期末要好好复习哦～
149459,6874,彭鹏,2022-01-15 11:53:37,1,4,3,防内卷战神
150709,6874,彭鹏,2022-02-15 09:17:28,1,2,1,老师太巨了！
150776,6874,彭鹏,2022-02-18 08:26:14,0,3,3,彭老师怎么还没有十分啊我大无语了？？？我觉得我读书报告写的一般般555555555但期末有认真复习最后4.8好开心！事情相比别的老师真的少啊我哭了！（没有志愿者汇报什么的）做了组长事情也不多的，感谢咱的组员们！！！很好的思修体验，选他还有什么好问的？？？当然我是预置的，狠狠爽了、、、
151333,6874,彭鹏,2022-02-28 16:03:28,-1,0,1,我爱pp
153001,6874,彭鹏,2022-04-23 11:26:15,-1,1,2,彭老师真的随和有才气，对学生很暖
155139,6874,彭鹏,2022-06-08 15:53:17,3,5,2,才想起来评论，怎么说，给老师10分吧。反内卷，但在正态分布下，有人受益就有人倒霉，我就是倒霉蛋，一直政治都不好，考试巨垃圾，因为老师反内卷，所以平时分也救不了我，直接3.3拉低一学期成绩，到现在都有点难过。
156108,6874,彭鹏,2022-06-17 14:48:20,4,6,2,浙大思修反恶竞先锋\n\n必须十分
156348,6874,彭鹏,2022-06-19 07:27:47,7,9,2,和下面那位同学一样，才想起来评论，怎么说，给老师10分吧。反内卷，但在正态分布下，有人受益就有人倒霉，我就是倒霉蛋，一直政治都不好，考试巨垃圾，因为老师反内卷，所以平时分也救不了我，直接3.3拉低一学期成绩，到现在都有点难过。
157619,6874,彭鹏,2022-06-24 04:20:45,3,6,3,彭老师怎么还没9.9？20级学生再次bd！
160325,6874,彭鹏,2022-09-19 05:26:43,5,5,0,ppyyds
160358,6874,彭鹏,2022-09-20 07:05:39,2,2,0,老师人非常耐心和蔼。
160388,6874,彭鹏,2022-09-21 04:19:14,13,14,1,教的不仅是思政，更是做人。
161002,6874,彭鹏,2022-10-23 16:18:44,0,2,2,老师人很好，事也不多，课堂也不卷
162332,6874,彭鹏,2022-11-20 07:33:54,1,2,1,坎坷（shengsi）真的很有意思
162337,6874,彭鹏,2022-11-20 10:29:42,2,4,2,pp老师真的非常非常好！！感觉他真的每天都有很多课但每堂课都认真在上，而且人好温柔很亲民，有时候上课因为ddl会写一点别的作业都觉得格外对不起pp老师！呜呜呜我太喜欢pp了，预置到彭鹏老师是我的福气
163071,6874,彭鹏,2022-12-07 05:12:20,2,3,1,老师人很和善的\n\n总是帮学生着想
163101,6874,彭鹏,2022-12-07 08:39:20,-1,1,2,老师真的很温柔！！三观很正！
163906,6874,彭鹏,2022-12-16 13:26:24,3,4,1,很好的老师！一年前上的老师的课。思修小组有些摆烂，展示做得有点拉胯以为寄了，没有缺勤、认真写了作业，考前复习了一下，最后4.5，非常满意！
164973,6874,彭鹏,2022-12-28 07:27:06,3,4,1,虽然还没考试 但还是要给鹏鹏十分 老师人真的好好 而且反内卷 什么事都为学生考虑感动死我了55
164986,6874,彭鹏,2022-12-28 07:54:05,5,5,0,老师太好了好可爱快选他
165078,6874,彭鹏,2022-12-29 04:07:07,4,5,1,神仙老师！！！结课时还发了红包，讲课也很好，读书报告只要肯问，老师就会抽时间非常详细地讲解
165115,6874,彭鹏,2022-12-29 07:55:11,3,3,0,老师很好
165267,6874,彭鹏,2022-12-30 14:55:20,2,3,1,如果你看到了这里 那么请一定要去选彭鹏老师的课\n\n老师非常非常和蔼 也很有耐心\n\n对待上课看的出来很认真 上课质量也很高\n\n对于志愿者这些报告 别的班有严格的时间要求 而老师的要求人性化很多 基本都能完成\n\n同时在分数分配上 看得出来老师在很努力地保证公平性 真的是非常好的老师\n\n虽然还没有考试出分 但我必须要打满分
166758,6874,彭鹏,2023-01-13 12:51:43,1,3,2,出分了来评一下。思修这课确实没啥意思，课本内容也没什么好讲的，但是老师很幽默，上课会讲讲自己人生经历啥的，三观很正，事不多还有完备的防鹅颈措施，给分很好。
166772,6874,彭鹏,2023-01-13 13:50:31,4,4,0,思修事少给分很好，上课会讲很多和他自己有关的小故事，认真听也会觉得有趣，吹爆好老师！
166773,6874,彭鹏,2023-01-13 13:57:09,1,2,1,给分挺好的，老师平时也很关心学生，考前还给大家发红包，推荐~~
166822,6874,彭鹏,2023-01-13 17:19:11,2,4,2,反正态之王，无敌捞分人，拿到了第一个满绩。\n\n上课也很有趣，各种设定都很人性化。\n\n比如发言抽签，打分设档，小组互评禁止恶意打分。\n\n迟到会扣分，所以一遍又一遍提现我们千万不要迟到，有事务必提前请假。\n\n上课很幽默，还喜欢找学生唠嗑哈哈哈。\n\n期末考考完钉钉上和我说：“看你前面笑嘻嘻，后面就没咋笑了”。就，嗯，第一题的简单不代表全部题目都简单qwq（pp刚好监考我们这个班）\n\n真的是好老师啊，快选他，快选他。
166900,6874,彭鹏,2023-01-14 07:23:04,7,8,1,反鹅颈，反正态，事少分高，知识渊博，待人友善，做事细心，快来选！！！
166901,6874,彭鹏,2023-01-14 07:28:17,2,3,1,事少分高！！讲课也很有意思！！非常理解学生的老师！！
166911,6874,彭鹏,2023-01-14 08:00:34,5,7,2,爱PP！事情少分数高！将无聊的思政课尽量变得有趣生动\n\n全班因为疫情转运隔离还发了红包哈哈\n\n喜提大学第一个满绩呜呜
166940,6874,彭鹏,2023-01-14 09:57:26,4,6,2,老师真的好好，平时上课很水，就是其中有几次临近下课点名了，会准时下课。老师上课很有意思，三观很正，反对正太。老师期末还发红包。www被捞到了满绩
167027,6874,彭鹏,2023-01-14 16:02:12,3,4,1,很好的老师，思修被捞上岸，没有多余的事情
167117,6874,彭鹏,2023-01-15 04:03:59,6,7,1,分高事少还人好！都给我选！！！
167151,6874,彭鹏,2023-01-15 04:24:48,7,7,0,分高事少！都给我选他！
167313,6874,彭鹏,2023-01-15 13:19:38,1,2,1,好好好
167574,6874,彭鹏,2023-01-17 11:52:40,3,4,1,分高事少，大爱pp
168831,6874,彭鹏,2023-02-22 14:21:02,0,5,5,老师很好很好，上课没回答过问题给了满绩，真的很喜欢老师
170751,6874,彭鹏,2023-03-09 05:18:14,-1,2,3,事情超级少，分超级高
171397,6874,彭鹏,2023-03-23 09:13:02,2,2,0,很不错
172985,6874,彭鹏,2023-05-11 01:12:33,1,3,2,非常好的老师，事少分高
182509,6874,彭鹏,2023-11-17 00:09:52,1,2,1,老师真的太好了
183800,6874,彭鹏,2023-11-30 07:13:01,-2,1,3,老师认真的超好呜呜呜他真的我哭死
185498,6874,彭鹏,2023-12-31 08:16:48,0,1,1,非常好的老师
186801,6874,彭鹏,2024-01-13 06:06:39,1,1,0,人好事少 好老师
188270,6874,彭鹏,2024-01-18 13:58:19,3,3,0,彭老师真的很好
188413,6874,彭鹏,2024-01-19 02:50:18,1,2,1,超级好的老师
188517,6874,彭鹏,2024-01-19 06:45:00,5,6,1,会口头点名六次左右（学校要求），事情很少，还会觉得学生课程学习太忙，不占用双休时间线下参观，还会邀请三位助教，给他们提供工作岗位却没有什么活干，这究竟是什么神仙老师，完全的为他人着想，这才是真正的思政课。当然老师课程上的也很不错，ppt内容也很完备。暂时还没出分，但是10分奉上
188762,6874,彭鹏,2024-01-20 16:06:51,2,5,3,没出分！但是pp老师值得10分！
188914,6874,彭鹏,2024-01-20 14:55:12,6,6,0,老师真的很好，真的有很尽力的在捞，给分真的很不错😍
188919,6874,彭鹏,2024-01-20 15:51:09,0,3,3,思修满了 我爱pp
189003,6874,彭鹏,2024-01-21 07:31:27,5,6,1,反对内卷，公正合理，很好的老师
189913,6874,彭鹏,2024-02-02 08:49:13,-3,1,4,特别好
190157,6874,彭鹏,2024-02-24 06:31:09,4,5,1,蛮可爱的一位老师！事少分高是真的\n\n平时包括小组研究、读书报告、班会参观及志愿活动（随便写点证明你做了就行）\n\n估计自知思政课的秉性所以知识点讲完以后就开始讲他身边的故事来春风化雨（不是）\n\n期末忘记把读书报告电子版提交了，跟老师讲了以后老师直接重新开放提交！！真的很好心！考试前还三番五次告诉大家如何应考\n\n绝不拖堂！铃一响不管在讲啥直接下课！！（甚至包括点名）\n\n老师偶尔会点名哦，一般在课上完铃还没响的时候；虽然到不到好像影响不是很大（毕竟他点名都没点完hhh）
192904,6874,彭鹏,2024-05-31 11:49:16,1,2,1,老师人巨好，会仔细看论文，帮忙修改。上课讲的也是很有趣的事情，不会无聊，做自己的事情也不会管的
198817,6874,彭鹏,2024-09-12 02:21:09,2,3,1,今天上了第一节课 10分不解释
198819,6874,彭鹏,2024-09-12 02:21:20,3,4,1,300字太多，100字就好
198853,6874,彭鹏,2024-09-12 07:41:15,3,4,1,10分无须多言
198906,6874,彭鹏,2024-09-13 00:31:15,0,2,2,味大无需多盐
198909,6874,彭鹏,2024-09-13 00:52:34,0,2,2,老师太好了
198910,6874,彭鹏,2024-09-13 00:54:01,2,4,2,对比某位x老师，简直好了不知道多少倍，能预置进彭教授的课，实乃三生有幸，从未见过如此好的老师，
198911,6874,彭鹏,2024-09-13 00:56:44,13,15,2,《300字太多了，我觉得100字也行》\n\n《100字要还是多的话，50字也差不多》\n\n《一听到下课铃，是吧，我就不太想讲》
198917,6874,彭鹏,2024-09-13 01:54:55,2,3,1,给我把彭鹏老师的分数狠狠地搞上去
199187,6874,彭鹏,2024-09-19 01:39:42,-1,1,2,好人。
199246,6874,彭鹏,2024-09-20 01:17:31,2,3,1,不水课，真的在讲。
199675,6874,彭鹏,2024-09-27 08:55:26,0,1,1,特别好
199917,6874,彭鹏,2024-10-08 09:35:31,-2,1,3,是一个特别特别真诚的老师，感觉让无趣的德法课变得有趣了一些，事也很少！
201016,6874,彭鹏,2024-10-27 03:00:36,1,1,0,挺好的
201028,6874,彭鹏,2024-10-27 11:53:37,4,5,1,十分只是这个系统的上限，但绝不是我心中他的上限
201450,6874,彭鹏,2024-11-03 06:54:47,-1,2,3,唯一真神
203588,6874,彭鹏,2024-11-20 06:13:20,2,3,1,伟大，无需多言
206661,6874,彭鹏,2024-12-17 03:49:43,4,4,0,讲课水平挺高，个人积累也很好，只是受限于课程本身性质，不压堂，事情都尽可能简化。
207054,6874,彭鹏,2025-01-12 10:53:23,0,3,3,上课一节没听过也没发言过竟然能拿到4.8，nb！！！
207235,6874,彭鹏,2024-12-20 02:43:54,-12,1,13,课任务确实还行但人有点讨厌
208182,6874,彭鹏,2024-12-26 05:43:21,3,4,1,很好的老师，道法课上很少管我们。上课有点水（反正也是门水课），但还是能感觉到老师是有实力的。最后一节课还在钉钉群里发了个200r的红包。没话讲了，必须10分!
209235,6874,彭鹏,2025-01-05 06:53:06,-1,2,3,老师真的好伟大啊啊啊
209842,6874,彭鹏,2025-01-07 08:30:09,3,4,1,还不错，毕竟本身思政就是水课，预制到了可以不用换
210551,6874,彭鹏,2025-01-09 10:37:06,1,3,2,好老师，必须满分！
211062,6874,彭鹏,2025-01-10 12:33:37,0,3,3,非常好的老师，上课好给分也好\n\n必须10分！！
211063,6874,彭鹏,2025-01-10 12:34:17,-1,1,2,伟大无需多言
211347,6874,彭鹏,2025-01-11 08:25:23,2,2,0,捞到4.5了 伟大无需多言 思政课几乎没听过 小组报告也是水水过的
211509,6874,彭鹏,2025-01-12 00:42:06,1,2,1,彭鹏伟大无需多言。\n\n\n\n只听过一节课可以捞到4.5，各种作业都是水水过。\n\n\n\n并且pp老师上课也巨好，其实听他的课也挺有趣的，预制到了pp的课你就偷着乐吧！
211513,6874,彭鹏,2025-01-12 00:46:58,6,6,0,4.8回来给pp打10分\n\n超级无敌好的老师，伟大。自己知道自己教的是水课，从不刁难学生，除了3k字读书报告耗费的时间多一些，其它都是可以水过去的。考试也很轻松，开卷考，稍微看一下目录没啥问题。\n\n上课也很轻松，有时候会跟我们互动开开玩笑，最后一节课给我们发200块红包说是报销我们资料的打印费了hh\n\n挺可爱一老师，很推荐！！
211517,6874,彭鹏,2025-01-12 00:58:11,1,2,1,特别好的老师 读书报告会打印出来认真给你看 上课虽然没什么人听但也讲的认认真真 伟大无须多言
211547,6874,彭鹏,2025-01-14 17:18:10,-4,2,6,pp我的神！！！  我上课都在补觉（原谅我那天有vjf早八）一次言没发过 小组展示的作业也只做了2页ppt 最后的读书报告也是ChatGpt写的 考试之前只花了一小时熟悉目录 最后喜提4.8 只能说伟大无需多言
211562,6874,彭鹏,2025-01-12 02:29:52,1,2,1,非常好的一位老师
211566,6874,彭鹏,2025-01-12 02:34:37,3,3,0,老师，永远的神，老师太好了
211607,6874,彭鹏,2025-01-12 04:07:55,0,1,1,彭鹏我爱你年纪轻轻就慧眼识珠 拿满绩！！\n\n祝pp老师早日升到教授！
211618,6874,彭鹏,2025-01-12 04:29:25,-3,0,3,选上了就偷着乐吧
211659,6874,彭鹏,2025-01-12 06:13:55,0,2,2,事少分高！！上课水水的不时就扯远了讲讲故事，很感动的就是获竺奖学姐受邀分享的那节课老师说的，这种分享不应该只局限于思政课的范畴更应该多涉及到未来大家的学术研究，可以感受到老师的格局！
211662,6874,彭鹏,2025-01-12 06:18:14,2,3,1,老师会随机几节课原始点名，不过点到下课铃响就直接不点了哈哈哈哈，超级好的老师，上课一节课没听，小组作业也水水的，论文也比较水，最后还会在群里发红包来弥补我们打印纸质版论文的经费。最后也是给了满绩，我也送老师10分，伟大，强烈推荐
211933,6874,彭鹏,2025-01-13 02:07:39,8,9,1,老师抵制内卷，平时作业也很少，分打的高，简直是一股清流😭
212151,6874,彭鹏,2025-01-13 09:14:54,7,8,1,拿着名单手动点名真是一股清流哈哈哈哈。老师对于我们在下面玩手机做其他作业也不会多说什么，他对这门课的认识还是很符合学生的想法的。课程任务有在尽力帮我们减轻，我感觉作业量属于是这门课里比较少的了，原定十几分钟的AI展示给我们缩减到5分钟，别的班有字数要求的作业也削减到有就好。最后竟然还拿了4.8，很值。
212243,6874,彭鹏,2025-01-13 14:00:28,1,2,1,非常好老师！虽然会点名，但是给分还是很不错的。
213321,6874,彭鹏,2025-01-17 02:56:35,0,1,1,好老师，不多说
214291,6874,彭鹏,2025-01-31 12:13:37,-2,0,2,555
214807,6874,彭鹏,2025-02-18 03:57:37,0,1,1,思政课上课内容实在没啥意思，但好在不会管学生在台下做什么
122569,7007,包大为,2020-03-04 06:45:47,57,59,2,还会德语哦今天听见老师一口流利的德语。。。
122773,7007,包大为,2020-04-02 16:38:43,50,51,1,本来以为研究生中特课挺无聊的，没想到包哥讲的内容让人耳目一新，听音乐、聊哲学，哈哈
123360,7007,包大为,2020-06-05 15:33:21,66,71,5,男神啊啊啊啊啊啊啊啊啊啊啊啊啊啊啊啊啊啊啊啊！！！！！！！！！！！！！！！！！！！！！！！！！\n\n上课风趣，见解犀利，memo字少，包哥人好！！！！！！
124295,7007,包大为,2020-06-29 00:34:36,-23,5,28,93我一晚上搞定了马克思
124300,7007,包大为,2020-06-29 02:23:15,-43,4,47,3.3吐血了\n\n
124306,7007,包大为,2020-06-29 03:38:47,33,34,1,吹爆 事少 连论文都木得了 给分还好 如果想认真听的话也是可以的 老师很可爱！！！
124327,7007,包大为,2020-06-29 08:12:11,-31,11,42,上课不错，给分真心不咋地
124334,7007,包大为,2020-06-29 10:20:48,34,35,1,博闻强识!
124809,7007,包大为,2020-07-10 07:14:02,30,35,5,老师人真的很好 讲课也很棒 \n\n就是给分…（可能是我太菜了吧 认真复习了结果只有3.9
124901,7007,包大为,2020-07-16 12:34:53,36,37,1,老师的马原课事情是真的少啊，论文都没有，只记得写了个防疫观后感和一个memo，总共加起来也才大概三百字？（不知道和网课是不是也有关系）作为思政课我认为给分已经可以了，本人平时上课也没有发言，期末找了点资料复习了一下也混到了3.9，也很合理了。
124970,7007,包大为,2020-07-27 08:03:24,52,52,0,老师很幽默，很能体会大家听课的无聊，总是用平常的话题勾起大家兴趣。但是作为历史政治啥啥都不懂的小白还是能在老师留的读书笔记中拿高分，重要的是认真阅读，理解，马克思主义基本原理是很基本的东西，最后的开卷考试用的学长姐的资料也很靠谱，很意料的拿到了满绩，老师给分好占60，自己的努力占40
129966,7007,包大为,2021-01-14 07:10:10,29,29,0,老师人很好，中特讲得很有意思，有一定收获
130973,7007,包大为,2021-01-25 12:31:50,38,38,0,事少，讲课内容有趣
136530,7007,包大为,2021-06-20 08:13:38,26,29,3,老师求你开门毛概吧！
136644,7007,包大为,2021-06-22 10:59:58,33,33,0,包老师的马原课的确开拓了我的视界。
137749,7007,包大为,2021-07-06 03:21:25,45,45,0,怎么会有这么好的老师啊！！！\n\n一把子狠狠爱上呜呜呜呜\n\n视野广阔，谈吐温柔，幽默风趣，极其反对无意义的卷。\n\n如沐春风。
137752,7007,包大为,2021-07-06 03:33:50,43,44,1,真心很不错，考试需要刷一下选择题看一下书；听课就是放空大脑，感受多元的思维，作业几乎没有，这种思政课才是享受，可能也是老师只上马原的原因吧，（终有一天，无产阶级会取得最终胜利，压迫剥削会消失）
137774,7007,包大为,2021-07-06 05:38:05,52,54,2,包哥是最好的老师！反对恶竞，上课有思想有干货。包哥的个人履历也让人太感动，不仅哲学造诣很深，而且富有爱心，还资助受伤的工友，是真正把人民至上理念落到实处的人。有被包哥的人格魅力深深吸引到！
140692,7007,包大为,2021-09-15 06:30:20,33,33,0,这才是 大学
141010,7007,包大为,2021-09-21 10:22:17,29,30,1,老师超级超级好，上课很有趣，事贼少。没有小组，没有展示，没有论文；一个学期只写了两次小作文，一次课上，一次课下，还有字数上限；有一次测验，题目挺简单的。反对恶竞内卷，给分还好，太感动了。
143114,7007,包大为,2021-11-19 05:53:33,28,28,0,必须给满分！
144320,7007,包大为,2021-12-21 05:53:59,43,43,0,马原老师中的一股清流。
144436,7007,包大为,2021-12-21 13:13:47,94,97,3,上的社会主义发展史，上网课的时候，然后当时上那节课的老师（社发史是好多老师上每人上一节课）网络出了点问题“暂时倒下了”，就让包老师来接着上。本来在因为失恋深深emo来着，前面基本也没怎么听，看到换了老师讲就试着听听，尽管接下来他只讲了半个小时，但是听得我一下子从失恋的阴影中振奋起来越听越有兴致这个老师讲得也太好了吧顿时就忘记了那个女人那些糟心事那些放狗屁的承诺\n\n听完我只想着去tnnd男欢女爱老子要献身社会主义事业！！！
144563,7007,包大为,2021-12-22 09:56:29,29,30,1,【马克思主义基本原理概论】与其他马原老师都不一样，事少给分好，不喜欢鹅颈
147369,7007,包大为,2022-01-10 00:25:33,22,24,2,事少给分一般，课讲的很好
151858,7007,包大为,2022-03-18 05:21:35,-88,14,102,丑八怪四眼田鸡一坨！上课夸夸其谈，恶心死了！负分滚出，呸！！
152708,7007,包大为,2022-04-18 14:56:21,23,24,1,这个学期上了几周才发现不是包大为本人😂是金建伟老师。看了下过去的回放，包老师还是很有风度的，可惜了。希望期末金老师手下留情啊。
153732,7007,包大为,2022-05-09 15:14:45,38,40,2,上的社会主义发展史，ppt不便于复习。\n\n但是，精苏就完事了。Ура!
156438,7007,包大为,2022-06-19 15:56:22,-35,6,41,社会主义发展史，我的建议是别选\n\n毕竟有可能拿到一个二点几\n\n如果你上别的四史，是不太可能这样的\n\n闭卷考两次，能背而且愿意学的还是可以来的\n\n如果不是还是算了吧
160485,7007,包大为,2022-09-24 05:52:08,-16,6,22,为什么有了小组 有了小组展示 我哭死了
161556,7007,包大为,2022-11-09 03:29:59,23,25,2,社会主义发展史\n\n幽默有干货，上完还想看回放的那种
161697,7007,包大为,2022-11-10 16:00:25,23,25,2,社会主义发展史，好滴狠呐
164899,7007,包大为,2022-12-27 11:47:44,22,25,3,男神啊！\n\n英德法文样样兼会\n\n上课生动有趣\n\n真真实实改变三观
166636,7007,包大为,2023-01-13 06:12:00,-21,7,28,要分别选，想学就上。
167247,7007,包大为,2023-01-20 08:53:14,32,35,3,不太点名。\n\n马原事情很少，两次随笔500字左右，都是看电影然后分析。一次小组展示，影评介绍，最后形成PPT就可以了，也不需要上交。还有一次小测，考得很高搞笑，开卷大题，很有意思。\n\n上课应该比较有意思，可惜思政课都让我拿来写一下誊抄的东西或者玩手机了。没怎么听过。\n\n想拿高分的最好别选 不会像其他老师给分那么慷慨，从均绩排名就可以看出来
169883,7007,包大为,2023-02-28 08:26:18,27,32,5,仍然记得上学期最后肝展示，本想随便讲讲最后抑制不住哗哗写了一万多字的讲稿，连续几天熬到凌晨三点，最后讲了整整一节课机关枪语速，但是最后因为期末考太差最后总评就80出头😂\n\n老师讲的课是真的有意思，并不是照本宣科那样宣传苏式教条化的马克思，而是真正结合实际并且敢于做出较为犀利时评。同时，没有大家都懂查重率百分之99的论文作为考核，而是两次天马行空的小测加上电影影评，更能真正让我们主动了解马克思主义原本的样子并且做一些实际操作，而非是把许多别人的二手渣子混起来的“读后感”。\n\n还记得老师出分后和我说的话，“应试之恶”。作为一个学者，老包已经做了他所能做的。
170404,7007,包大为,2023-03-04 00:38:43,19,20,1,老师超级有趣！
181401,7007,包大为,2023-10-17 03:10:31,10,12,2,三观很正的一个老师
181761,7007,包大为,2023-10-31 05:53:41,16,18,2,我不会说你是我能接触到的马原老师里的第一，但这是事实。今天是严松老师来代课，人家查老师评分9分以上，但你把他衬托得像7分的老师。上课这方面没得说。
182284,7007,包大为,2023-11-14 04:13:47,12,13,1,包氏歇后语：王八的屁股——龟腚（规定）！
185539,7007,包大为,2024-01-02 04:30:25,26,27,1,包老师有两个优点：\n\n知道自己上的是水课\n\n上的课都是干货
185542,7007,包大为,2024-01-02 04:55:35,9,10,1,一位幽默，敢说真话的学者\n\n一位哲学导师，而不仅仅只是一个思政老师
185664,7007,包大为,2024-01-03 11:22:42,-17,3,20,不知道怎么说，很有个性，要期末考了，一点不知道考什么
187429,7007,包大为,2024-01-16 06:18:10,10,11,1,老师上课真的很有趣 讲的东西都超级有趣\n\n没有展示也没有论文，唯一有难度的就是写论犹太人问题的一些东西（对不起马克思我是真的读不懂\n\n老师真的很有魅力，推荐一些书也很有趣\n\n唯一的不算缺点的缺点就是不太应试\n\n老师最后在钉群里面说:\n\n许多同学的卷面分不太理想，所以我已经尽力争取给制度规定下最高的平时分了。十分抱歉，能力有限，没有给大家传授足够用以应试的知识，请大家多多海涵\n\n同时感谢大家这一个学期的支持和配合我\n\n\n\n他真的😭😭
188284,7007,包大为,2024-01-18 14:31:12,7,8,1,我超爱我只能说，这是我听过最不催眠的马原课！
188939,7007,包大为,2024-01-20 17:14:37,15,16,1,是个好老师，西方政治哲学给分也好
188943,7007,包大为,2024-01-20 17:22:05,10,11,1,讲课幽默有深度，给分超级好!
188959,7007,包大为,2024-01-21 00:09:49,13,15,2,评价一下近代西方政治哲学导论\n\n老师很幽默，课上得很好，听他的课是一种享受。包老师更希望我们形成自己的观点，而不是输出他自己的“谬论”。\n\n事少分高。
190335,7007,包大为,2024-02-28 07:05:44,12,14,2,第一节课上了2/3怒打10分，天哪怎么会有这么好的老师讲课特别有意思一点都不犯困不想玩手机🥺🥺
191020,7007,包大为,2024-03-28 12:00:51,2,7,5,好老师，一个学期为了成绩构成的完整度就点了一次名
192815,7007,包大为,2024-05-31 01:33:31,17,18,1,还没有出分，但是分数无论怎样，都不会影响我的评价。真的能带给学生有价值的东西，让一个从来没有接触过哲学的理工科学生也能认识哲学喜欢哲学，感谢老师。
192873,7007,包大为,2024-05-31 07:06:29,13,14,1,上的近代西哲，每节课都恨不得把每张ppt抄下来+把每句话背下来，虽然最后我还是只记得大为老师各种题外话www幽默风趣 鞭辟入里 深入浅出 充满人文关怀的男神！
192903,7007,包大为,2024-05-31 11:47:39,5,6,1,社会主义发展史，四史里面算是最分高事少性价比好的课了，包大为老师也是非常幽默风趣的老师，他的社发史是我第一门满绩的课吹爆！
192948,7007,包大为,2024-06-01 05:59:37,9,10,1,太太太太太太太太太喜欢大为男神了啊啊啊啊啊啊上他的马克思主义基本原理课感觉真的好幸福啊啊啊啊啊给分也不错！预置的捡到宝了啊啊啊啊啊啊大爱大为啊啊啊啊啊啊啊啊马原上得我幸福感满满
194121,7007,包大为,2024-06-22 05:38:16,11,12,1,很棒的一个老师🥺讲课幽默风趣，而且喜欢抒发自己的真知灼见（超级敢说，不像其他老师那样死板），而且为人谦逊，上课很喜欢开一些有趣的小玩笑~太喜欢这个老师了！！可惜马原四史已经修完了，以后选不了他的课了。。。
195764,7007,包大为,2024-06-30 02:00:54,14,15,1,浙大认识的第一个真正让我想去上课的老师，每一节课都是想尽力让我们学到些什么，十分幽默并且实在。近代西方政治哲学期末考挺硬核的但是巨捞。
198912,7007,包大为,2024-09-13 01:27:24,10,11,1,普博生路过，选上了包老师的中国马克思主义与当代。老师讲课能够结合生活把政策解释得很清楚，幽默风趣。最重要的是事情少，不爱点名，又明白同学们集体pre可能社死就修改了规则，良心老师啊，强推
199334,7007,包大为,2024-09-21 07:34:19,16,17,1,老师的近代西方政治哲学导论真的很有意思😭😭😭老师我要跟随你一辈子😡😡😡
202025,7007,包大为,2024-11-08 09:35:23,10,11,1,选就完了
202639,7007,包大为,2024-11-13 14:14:59,11,12,1,大为就是最好的😭😭😭😭😭，无论是个人学识、人格魅力、人文关怀、授课方式都是拉满的，真的要哭死了
205594,7007,包大为,2024-12-10 03:11:38,-32,1,33,不怎么样，马原不知所云
209509,7007,包大为,2025-01-14 07:29:56,9,12,3,马克思主义基本原理   3.0学分   92/4.8\n\n课程老师：包大为\n\n课程分数构成：期中小测15+ 小组展示15+读书报告15+个人表现5+期末50\n\n老师上课体验：老师上课接课程组的要求被迫点了3次名，老师其实也比较反感考勤这些东西，平时上课也幽默风趣，cue了很多98十大和时政热点，认真学还是能学到东西的。查老师有一条评论说的挺好的，老师知道自己在上水课，但是上的课都是干货。然后期中小测是学在浙大线上进行，自己找时间做即可。\n\n课程学习体验：马原作为一门闭卷的思政课，想要取得较高的成绩提早的复习还是有些必要的。98上其实也有很多资料了，我自己也整理了一下放在下面了。如果高中时政治必修4学的比较好的话背起来会轻松很多，马原书条理很乱，政治书条理清晰很多。马哲的大题还是比较容易的。政经的大题今年考的也还算中规中矩，没有特别离谱。\n\n资源：\n\n我将这个帖子的资源https://www.cc98.org/topic/5539550/1#1为主体的内容放在了个人网站https://lh-0124.github.io/LHstudy/note/notemy0/上，同时自己补充了许多这上面没有但是教材上有的内容（虽然似乎考试几乎没有涉及到），然后政经那一部分内容也补充了很多自己听课时的笔记记录和自己刷马原的思政刷题器的理解。
209605,7007,包大为,2025-01-06 10:42:31,6,6,0,大为很好的
209638,7007,包大为,2025-01-06 11:46:05,6,6,0,强推包老师的马原课，上课幽默风趣，旁征博引，绝不照本宣科。能够将书本的知识很好的和我们的日常生活相结合。包老师是我上大学以来遇到的最好的老师之一，强推
209884,7007,包大为,2025-01-07 10:16:07,6,6,0,好老师！
210130,7007,包大为,2025-01-08 08:08:30,8,8,0,非政治选考生能有这么高的分好感动😭
210180,7007,包大为,2025-01-08 09:55:35,3,5,2,十分推荐，跟包老师简单地交流过，不鼓励内卷，不点名，内涵学校的一些不当行为也非常幽默，事少不点名，期中作业分基本给满了，期末考试题也很少，平常上课不是很需要听，但要把考前一周老师发的ppt打印出来过一遍，包老师日常还会与学生分享伙食，人情味满满。这个学期水了一学期，期末稍微准备了下，给分也很好。
210210,7007,包大为,2025-01-08 11:24:30,4,4,0,很幽默的老师，上课风格很喜欢。捞的力度也很大，想我这种因为对哲学兴趣不高导致没认真听课+知识储备不足的也能拿比较好看的绩点（当然如果可以再拉一把就更好啦[doge]）强烈推荐哦
210260,7007,包大为,2025-01-08 14:52:07,6,6,0,（近代西方政治哲学）本人大一，第一学期选了这个通识课，是我认为最好的课程、最好的老师，是不管成绩多少，都会很爱的一门课！以后对人生感到迷茫时，我就听听包老师的智云，每次都会有不同的收获吧。衷心祝愿包老师工作顺利、幸福健康。\n\n最后关于课程内容提个醒，所谓“政治哲学”，并不是我选课时以为的“政治科学”（讲各政治方针、外交政策等等），它就是哲学的一类。我原来很怵哲学，不过这和课程质量and老师魅力比起来，完全没关系好吗！
210349,7007,包大为,2025-01-09 03:22:13,9,9,0,包老师是我的神！上课不点名不提问，幽默风趣，真的是很有意思的老师，捞的力度也是相当大，太感动了😭😭
210630,7007,包大为,2025-01-09 13:19:55,8,8,0,自由
210667,7007,包大为,2025-01-09 15:06:08,6,6,0,老师真的讲的太好了，让我一个对哲学一窍不通的人都能够真正的用心走进哲学，老师给分真的太好了
212208,7007,包大为,2025-01-13 11:33:34,5,5,0,男神！
216461,7007,包大为,2025-03-17 01:13:31,-5,2,7,下课的时候在教学楼室内抽烟，烟味飘到教室里熏人
122716,7053,方瑞,2020-03-24 02:18:57,-2,15,17,上课不讲教材讲道理的老师！马原讲得贼棒！
122748,7053,方瑞,2020-03-30 06:07:50,1,14,13,很喜欢老师的马原，讲的好棒
122838,7053,方瑞,2020-04-13 07:19:11,2,17,15,老师上课鼓励大家读经典，讲课通俗易懂，蛮好的
123663,7053,方瑞,2020-06-11 08:19:49,1,17,16,老师上课很有激情哈哈哈，一股东北大碴子味真的很有趣！论文也会让你在提交前可以给他看看给你修改
123777,7053,方瑞,2020-06-14 06:04:55,0,15,15,选他选他！是一个年轻有激情很体谅学生的新老师，我觉得比很多年长的老师讲的都好！
124368,7053,方瑞,2020-06-30 00:14:11,0,18,18,老师很年轻，讲课很有激情，也很可爱。（可能是疫情缘故）事情也超少。最后给分也超好，作为文科白痴的理工生太感动了
124377,7053,方瑞,2020-06-30 03:11:07,1,17,16,上课充满活力的老师
124379,7053,方瑞,2020-06-30 03:29:39,1,17,16,fr老师真的太好了！！事情少给分也好！讲课也非常棒！！论文还会提修改意见！选他！
124396,7053,方瑞,2020-06-30 05:31:30,-7,10,17,选他选他选他！方瑞老师给分也太好了吧，是一流的海底捞技术
124400,7053,方瑞,2020-06-30 05:49:53,-4,10,14,老师给分超级好，大家快选他！
124421,7053,方瑞,2020-06-30 16:41:49,0,12,12,老师人很好，给分也很好，事情不多，讲解耐心，论文给提意见（可惜我是赶ddl交的）
124452,7053,方瑞,2020-07-01 10:58:32,-4,7,11,好老师，上课有趣，给分很好，认真负责
124744,7053,方瑞,2020-07-07 17:20:41,-4,12,16,嘻嘻，好评如潮就不赘述啦！印象深刻的是在2020夏这特殊的期末考试中，我们方老师的开卷是允许百度哒！高下立见（狗头保命）。
125920,7053,方瑞,2020-09-15 18:32:09,-5,7,12,他点名基本就是以按名单提问讨论的形式吧，还是比较多互动的
126256,7053,方瑞,2020-09-21 04:06:20,-8,8,16,马原，好老师！
126700,7053,方瑞,2020-10-14 08:49:47,-6,8,14,方老师上课很有激情，人也很幽默，总之方老师的课就是非常nice
126873,7053,方瑞,2020-10-26 06:49:00,-14,13,27,老师很有趣，把无聊的理论讲得能让学生听懂听进去，讲课水平还是值得一夸的。但还是想表达一下文科学生的“玻璃心”。首先，选大学的文理科专业真不一定和高中的数理化成绩有必然关联，虽然老师明确表达了不是指在座的文科同学，但听着老师一口一个“学霸”内心还是很膈应。其次，希望老师在上课的随堂写作和阅读，少点对理工科知识的考量，这对很久不接触这些的同学略带不公平。总之，老师教学很好，人很有趣，但在上述方面体现的个人情感倾向让人有点不适。
126910,7053,方瑞,2020-10-28 01:02:46,-18,24,42,多少沾点nt
127075,7053,方瑞,2020-11-05 08:31:20,72,100,28,憋吵吵～憋吵吵～
128135,7053,方瑞,2020-12-08 04:58:53,-9,10,19,老师上课很有激情，真正讲清楚了马克思主义基本原理，而不是照本宣科，是个难得的好老师。不过给分好像还是有点正态了TAT
129312,7053,方瑞,2021-01-04 05:17:22,4,13,9,。。。
129435,7053,方瑞,2021-01-05 09:51:28,-6,7,13,。。。。。。
129882,7053,方瑞,2021-01-13 07:19:02,-4,13,17,不知道他对专业为什么那么在意？
130265,7053,方瑞,2021-01-20 11:20:24,9,53,44,上课叽里呱啦自以为是，到课按序号坐，跟猪圈一样把人填进一个个栏里面，这就是马原嘛
130266,7053,方瑞,2021-01-21 03:34:13,15,48,33,无法理解为什么还要用高中那一套来管理学生
130267,7053,方瑞,2021-01-20 11:26:49,4,48,44,跳梁小丑罢了 毫无一个大学老师 马克思主义者应有的风度 为了查同学到课情况 让同学按照编号就座 大骂同学 希望老师可以好好反思为什么同学如此抵触上你的课 在课上讲一些庸俗的笑话 同学一笑 他又一脸嫌弃的在讲台上大叫憋吵吵 憋吵吵 实在是既不能好好教书育人 又不能好好娱乐大众 还在课上公然骂一个同学你是不是傻 这样的老师教马原这样一门思想政治教育课 实在是可笑至极 希望学校加强对教学质量的监督
130269,7053,方瑞,2021-01-20 11:36:30,-4,28,32,脑瘫老师
130275,7053,方瑞,2021-01-20 12:18:31,-4,23,27,不是我想骂你\n\n大家都是读书人\n\n你就是个傻逼
130282,7053,方瑞,2021-01-20 12:54:34,-6,16,22,魔怔中年人，重量级贵物
130284,7053,方瑞,2021-01-20 12:51:38,10,34,24,课讲是行的 人做的是憨的\n\n周三一整天满课下来（这个教务处背大锅晚上还得按你那一套来被你来回折腾？？第一节课把人赶到中间坐 第二节说只能坐前六排 总共一个教室快被盘出花了\n\n好好毒树 好好酵书 不行嘛 就非给爷整花活\n\n而且还把前几届做的事当成帽子往我们头上扣？？
130285,7053,方瑞,2021-02-01 01:32:26,0,14,14,发生甚么事了
130291,7053,方瑞,2021-01-20 13:24:02,42,67,25,客观地说，方老师的课激情且富有深度，很难在公共课遇见如此用心认真的老师，但老师可能有点太注重和执着于课堂秩序的维持以及和学生的强制互动。看到今天多出来这么多负面评价有点难过，这段评价就算是“1月20日的第二种声音吧”。
130292,7053,方瑞,2021-01-20 13:41:49,7,26,19,一位真正引导我们思考的好老师！老师全程都在想尽一切办法把马克思主义最精华的部分用最通俗易懂的语言传授给海宁校区的同学们，全程没有任何睡点。毫无疑问，方老师是一位坚定的马克思主义者，十年的研究心血，始终不变的信仰感染着在坐的每一个人！我始终记得他课上讲的一句话“我希望你们多读点书”！
130327,7053,方瑞,2021-01-27 03:02:42,-1,22,23,老师真的很好 我真希望身边nt同学能少一点 真的不懂这样对待一个好老师是什么意思。。。 希望不要再丢海宁校区的脸了
130337,7053,方瑞,2021-01-21 02:23:27,6,19,13,班主任
130339,7053,方瑞,2021-01-29 17:35:39,-3,7,10,。。。
130363,7053,方瑞,2021-01-23 04:38:14,-6,7,13,🧄齯🐂
130402,7053,方瑞,2021-01-22 04:18:39,12,37,25,我觉得骂老师的多半沾点脑瘫，老师从来没有无缘无故的针对某个学生。希望个别同学不要只听一家之言，要骂老师也要搞清楚究竟发生了什么。
130413,7053,方瑞,2021-01-22 07:23:19,9,25,16,成功的让周三晚上的马原成为最讨厌的坐牢课
130462,7053,方瑞,2021-01-23 10:18:15,-8,7,15,各位差不多得了😅
130496,7053,方瑞,2021-01-23 04:39:52,4,17,13,你心跟马原啊在一起，我的心跟你妈啊在一起
130505,7053,方瑞,2021-01-23 07:07:28,10,31,21,朋友们这个老师发生甚么事了？本来评价都很好就选了他下学期的马原，今天不想复习一查怎么都是差评了？而且还很集中。
130506,7053,方瑞,2021-01-28 09:42:20,16,32,16,超级好的老师，非常认真负责，是真正关心学生的老师！！他是大学里第一个会问我叫什么的老师！改论文的时候很尊重学生的看法，上课非常生动有趣。老师课上一定要认真听课，课后没有别的事～上课逻辑很清晰，期末大题目按照他的框架来就OK啦
131164,7053,方瑞,2021-01-26 09:54:09,1,17,16,老师做什么了啊？我在课上觉得没有人被针对啊？如果有人对老师有意见，请不要含沙射影在这里一口一个“脑瘫”“班主任”的骂好吗？\n\n你如果真的学懂了马原，请辩证、批判地思考，谨慎、理性地发言，详细说明什么时候因为什么老师哪里做的好，哪里不好，实事求是给出中肯的评价。\n\n我觉得他是称职的老师，一直在考评方式上有思考。写的论文有自评环节，你打的分比老师高了可以找老师理论，老师打的高了就按老师来。这么称职，难道不是好老师吗？
131197,7053,方瑞,2021-01-26 13:16:36,0,9,9,u1s1，点人数记迟到什么的感觉没什么所谓，但是强制要求学生按照序号入座真的让人反感
131242,7053,方瑞,2021-01-26 18:54:28,2,8,6,发生甚么事了，虽然对马原无感但老师也没啥大毛病啊，这风评是咋了
131383,7053,方瑞,2021-01-27 10:08:29,-1,9,10,太把自己当回事
131389,7053,方瑞,2021-01-27 10:07:45,-8,11,19,评分还是高了，给个1分压一压
131490,7053,方瑞,2021-01-27 16:58:55,23,39,16,老师在课上说过，不能过分的吹捧某个人，比如马克思，把他比作神，那是对他的侮辱。将事少分高作为评价一个老师的标准也是不合理的，但老师在防卷还有应试上都特别考虑我们学生，也尽力将马克思主义的精髓传输给我们。对于一些热点事件也教我们如何运用马克思主义原理进行思考，老师是哲学出身讲求逻辑。说实话 是我听过最认真的思政课了。\n\n也是难得能花心思去认识课上同学的老师\n\n关于点名这种事，不点是情分，点名才是本分\n\n而且请假也不难\n\n憋吵吵\n\n“你们放心整，没问题的”\n\n之前一众的评价都是好的\n\n对于1月20之事并不知情\n\n到过分贬低，全盘否定是不至于的\n\n但希望后来同学可以更多参考\n\n值得一选
131492,7053,方瑞,2021-01-27 17:10:05,0,3,3,老师人很好，讲课也很有趣
131632,7053,方瑞,2021-01-28 08:49:09,5,10,5,可爱幽默的好老师！有哲学的头脑却不失逗比的个性！
131646,7053,方瑞,2021-01-31 11:35:47,0,8,8,不明白为什么这么集中地低分，但老师绝对是个好老师，给分也很好没问题
131669,7053,方瑞,2021-01-28 10:50:43,-3,7,10,我满了 不解释 好老师
131694,7053,方瑞,2021-01-28 12:52:01,-1,5,6,非常认真负责的好老师，大家选他就对了。
131699,7053,方瑞,2021-01-28 13:21:53,-1,4,5,老师很好呀，我愿意把班主任理解成是很温暖很关心同学们的老师，方老师是很认真对待公共课思政课的老师，也很关心班里同学，会让熬夜的同学好好休息，最后一节课他跟我们说师生一场是缘分，以后有事都可以找他，这么好的老师，必须十分啊！
131774,7053,方瑞,2021-01-29 01:24:32,0,4,4,给分好！负责的好老师。
131776,7053,方瑞,2021-01-29 01:33:33,2,7,5,方老师的口头禅：人应该尊敬他自己，并应自视能配得上最高尚的东西———黑格尔
131953,7053,方瑞,2021-01-29 13:51:13,-2,7,9,我感觉老师上课讲得很好，氛围也不错，期末重点给的很准，三道大题都给到了。不知道为啥有同学打这么低的分数。。。
132297,7053,方瑞,2021-01-31 15:13:55,-4,3,7,nt们憋吵吵
132312,7053,方瑞,2021-01-31 16:16:21,1,5,4,很不行
132365,7053,方瑞,2021-02-01 06:11:49,0,3,3,我觉得老师符合我心中的马克思主义者
132635,7053,方瑞,2021-02-03 04:06:13,-1,0,1,。。。
132664,7053,方瑞,2021-02-03 07:57:48,16,26,10,首先给个平均分，然后说明一下情况:方老师讲的内容确实很好，非常照顾没有政治基础的同学，hn校区同学们的爆点在于对方老师追求对课堂的一个高度控制的不满(比如他讲笑话逗我们笑，然后又讲不许笑这种)，并且客观上他对课程的一些处理方式确实是有一个高中班主任的影子，hn同学们说的话很多也是出于匿名平台加气头上，这面的课堂也可以变得和谐起来，就不需要各位在这里对骂的同学操心了。至于那位讲不要给hn校区丢脸的同学，老师在不同校区的表现确实是有差异的，你可以说同学们骂脏话过激，但请不要说给hn校区丢脸，每一个浙大学生都可以在这个平台上各抒己见😅希望这个评论区脱离查老师厕所的伟大崇高地位
133365,7053,方瑞,2021-02-26 10:53:43,0,4,4,超级好的老师，讲课很有意思，对待学生也很用心，基本把所有学生名字都记下来了，所以我从来不敢逃马原\n\n考前讲的重点也基本覆盖到了考试的所有大题，有种高中班主任的感觉，很有亲切感\n\n必须10分好吧
133416,7053,方瑞,2021-02-28 03:05:34,1,13,12,请水军你很牛啊?
133520,7053,方瑞,2021-03-01 14:28:20,-1,0,1,3个字
133653,7053,方瑞,2021-03-03 08:53:50,2,7,5,为什么评分低了很多……我觉得老师上课很有激情，对学生也很热情，真的是个很好的老师，虽然不太理得清他上课的逻辑，但每次听完他的马原之后都觉得充满了动力～
133658,7053,方瑞,2021-03-03 11:36:26,4,13,9,功过自在人心\n\n老师很年轻 我们也年轻
133659,7053,方瑞,2021-03-03 10:00:21,7,12,5,龚老师发生什么事了
133660,7053,方瑞,2021-03-03 10:02:03,2,5,3,这老师上的真好哟
133661,7053,方瑞,2021-03-03 10:04:16,0,2,2,老师不错
133662,7053,方瑞,2021-03-03 10:10:19,-1,2,3,三个字
133664,7053,方瑞,2021-03-03 10:51:50,6,10,4,老师课上得还是挺好的，知道自己被骂的这么惨以后今天上课终于不用对号入座了，也不“憋吵吵憋吵吵”了，课上给同学们真诚地道了歉，但是好像并不知道自己的问题在哪，说本来只是想知道同学们到没到，不知道为啥被骂成这样。只能说缺乏管理学生的经验，杀鸡错用了牛刀，用了高中老师那套，展现了过强的控制欲，结果遭致反感。感觉老师有点可怜，但并不无辜。以及不明白为什么老师在zjg和hn是两套做法？
133698,7053,方瑞,2021-03-04 03:02:00,0,4,4,老师真的蛮好的，我挺喜欢他讲课哒，挺有趣的
133836,7053,方瑞,2021-03-07 15:58:42,9,10,1,希望老师可以更加成熟更加稳重
133951,7053,方瑞,2021-03-10 11:14:47,-1,7,8,这个老师 我很喜欢 他自以为打破了内卷制度的样子很可爱 他读ppt的样子让我看到了当代大学老师的样子
134150,7053,方瑞,2021-03-17 05:50:16,6,8,2,上课实质内容太少
134165,7053,方瑞,2021-03-24 11:52:18,-3,2,5,确实上课不错
134445,7053,方瑞,2021-03-29 02:48:43,-8,6,14,别选了 上课还要写小作文 真无语
134869,7053,方瑞,2021-04-19 14:21:46,7,11,4,哈哈哈哈记录一下今天老师立的flag，他要在我们大四之前（也就是三年内吧）买房。\n\n愿老师的flag早日实现！\n\n老师上课轻松自然，朝气蓬勃，讲课不喜欢念知识点，更喜欢讲些例子和延伸的内容，其实挺好的，因为念知识点很容易困，而方老师的课我从来没觉得困。\n\n关于写小作文啊，其实次数不多，期中前就写了一回，而且其他老师有不少也会布置当堂的小作文。
135468,7053,方瑞,2021-05-11 04:19:51,0,4,4,非常棒
135573,7053,方瑞,2021-05-15 01:35:45,7,13,6,他真的很可爱很有激情呜呜呜呜大学这样有某种使命感的老师不多了\n\n东北口音好上头——“憋吵吵，听窝讲”
135612,7053,方瑞,2021-05-17 03:29:34,2,7,5,很有趣的老师
135613,7053,方瑞,2021-05-17 03:31:46,2,7,5,有激情的青年教师，很可爱
135616,7053,方瑞,2021-05-17 03:41:51,-2,4,6,很可爱的老师！
135617,7053,方瑞,2021-05-17 03:49:00,2,6,4,被骂的那个海宁同学真滴nt
135722,7053,方瑞,2021-05-20 23:19:36,17,24,7,老师今年已经改了，没有过分严格的课堂管理 气氛很开心。老师讲课超级好，激情澎湃，深入浅出，而且很愿意跟学生交流，课间还会唠嗑
135794,7053,方瑞,2021-05-26 03:52:55,3,8,5,老师人很好，上课很有趣，评分也不错
135795,7053,方瑞,2021-05-26 03:54:03,0,5,5,老师很尊重同学，上课激情有趣，海宁校区期末给分超级不错！！！真的是一分耕耘一份收获！
135797,7053,方瑞,2021-05-26 06:41:35,-6,10,16,傻逼老师
135802,7053,方瑞,2021-05-26 12:02:56,0,5,5,老师很可爱
136079,7053,方瑞,2021-06-11 00:32:58,-2,1,3,吃瓜。。
136258,7053,方瑞,2021-06-14 07:50:32,-8,5,13,有点low
136528,7053,方瑞,2021-06-20 06:56:55,-2,4,6,老师上课真的很有激情很负责任！使我在下面摸鱼充满了负罪感hhh
136531,7053,方瑞,2021-06-20 08:21:47,-2,4,6,非常好的老师
136819,7053,方瑞,2021-06-25 06:09:50,-5,9,14,分少事多
137565,7053,方瑞,2021-07-05 06:13:30,8,15,7,老师人很好，而且很有亲和力，上课方面可能是在高中教学过的经验，比较擅长调动课堂氛围。还会给我们推荐（仅仅是推荐不强制要求）书单，拓展知识面\n\n事情并不多甚至可以说是很少，两次随堂小回答（甚至可以课后慢慢写再交），期末一篇自定主题的论文，之后还会给你论文反馈\n\n期末考我不得不为之赞叹，老师捞人本领堪称一绝，硬是把我拉上了一个档次\n\n总而言之，是一位好老师，强烈推荐
137581,7053,方瑞,2021-07-05 07:20:53,2,8,6,马原喜提思政课最高绩点！好好背是有效果的呜呜！老师平时分肯定也给很好因为很多选择题我都不太确定(
137625,7053,方瑞,2021-07-05 10:30:53,-3,3,6,真的好
137629,7053,方瑞,2021-07-05 10:43:03,8,12,4,论文想写啥写啥，展示想讲啥讲啥（虽然每课都有人尬吹方同学哈哈哈，而且越讲越不马原）字数与论文选题相关，亲和力好，上课挺能唠嗑，很有趣的大男孩。当然，马原…还是得背的，可能上课逻辑会有点混乱，最好选择是边上课边做笔记，划关键词句，课上完即使整理思维导图（这个超重要，期末复习能省很多时间），选吧准没错！
140785,7053,方瑞,2021-09-16 05:11:05,-7,1,8,好，妙，鸟。
140786,7053,方瑞,2021-09-16 05:11:52,-7,3,10,睾手。
140789,7053,方瑞,2021-09-16 05:18:40,0,8,8,琴棋书画，他绩杀最强。
140959,7053,方瑞,2021-09-18 09:55:24,4,12,8,方老师的课总是很有激情和活力，我十分想念他的马原课，这是我到玉泉来上毛概课时候最多的想法
141734,7053,方瑞,2021-10-23 11:37:31,-12,10,22,傻逼 自说自话
143330,7053,方瑞,2021-11-23 11:38:31,-7,4,11,最喜欢的老师之一
143366,7053,方瑞,2021-11-24 07:15:52,4,13,9,这老师讲的真是太有意思了 \n\n我都不想玩手机
144564,7053,方瑞,2021-12-22 09:57:45,1,11,10,【马克思主义基本原理概论】很好的老师，上课有趣生动，思政课能做到这样很不容易。心态很年轻，跟同学打成一片，考核内容是论文+期末考，论文主题自由可以畅所欲言，无字数要求，写得多不一定分高。
144709,7053,方瑞,2021-12-23 09:03:08,-5,8,13,上学期给分很离谱，同一组三个人，最后三个档次。最迷的是从头到尾看不见任何中间分数。几次小测交上去，多少分不知道；一个展示讲完，多少分不知道；一篇期末论文交上去，多少分不知道。然后最后一个B
146193,7053,方瑞,2022-01-05 18:58:35,1,10,9,老师很好啊！很幽默，马原讲得也很有条理，比照本宣科的一些个老师不知道高到哪里去了。深夜复习马原看到别家老师不划书不发课件不发练习题，觉得方老师真是太为学生着想了，遂来评价一波。分数什么的已经不重要了，关键老师是个好老师，希望老师继续保持自己的风格，也希望一些老师能来学一学，让思政课不要成为教条
147078,7053,方瑞,2022-01-08 15:07:41,-4,5,9,出成绩前给方老师评个满分\n\n老师上课真的很有意思 也在努力让我们抬头听课哈哈哈哈哈哈\n\n论文没有硬性字数要求 老师人很好很幽默 跟我们交流的时候也真的很有礼貌！\n\n以后可能没机会再上方老师的课了哈哈哈哈 希望老师越来越好～～
147933,7053,方瑞,2022-01-11 07:36:51,-2,7,9,说一件很有意思的事：\n\n有一天下午到西教上课，\n\n我上楼的时候方老师下楼。\n\n他走在两个正在讨论的学生后面，我没有认出来。然后擦肩的时候他拍了我一下\n\n还和我笑笑\n\n我：老师我都没有看出来 我以为你是学生\n\n老师：乐\n\n（老师有没有一点像徐志胜（狗头））
148292,7053,方瑞,2022-01-12 05:31:42,-3,6,9,老师真的超级为学生考虑了！上课任务不多，很有趣，给分好
148309,7053,方瑞,2022-01-12 06:10:51,-7,2,9,事少分高 一篇论文一次小组展示一次期末考试 上课很有趣
148475,7053,方瑞,2022-01-12 15:19:51,-7,2,9,超好的！
148635,7053,方瑞,2022-01-13 05:12:55,-5,4,9,fr老师超级棒！
148650,7053,方瑞,2022-01-13 06:08:52,-9,2,11,特别有趣的马原课！
149074,7053,方瑞,2022-01-14 09:42:37,5,10,5,老师人很好，讲课风趣幽默，特别想跟老师学怎么讲相声(bushi) 会给我们推荐阅读书目，论文会和你一起讨论得分\n\n分数跟我们说有他在，放心\n\n不鼓励鹅颈，上课发言不加分(社恐人狂喜\n\n但是我最后只有3.3，还挺难过的。每节课都去了，上次几乎没有开过小差，考前背了很久。不过我政治历史确实学的不好，害\n\n有一件事情还是想跟老师提提意见的，关于小组展示打分，希望老师可以给一个明确的打分标准，感觉同学们打分有点乱，有点低😢
150072,7053,方瑞,2022-01-19 00:19:06,-9,3,12,。。。。。。。。。。。。
150656,7053,方瑞,2022-02-10 04:58:10,-7,3,10,方瑞老师的新中特是真的让我颇有收获，以前上这种政治课都是很水的，第一次上到这样有内容，授课风趣幽默的课，而且现在老师对学生也没有管的很严，学期中间会点几次名，有一次小组汇报，没有其他的约束（比如要求大家坐在中间啥的），所以希望大家大胆选课，入股不亏！
151055,7053,方瑞,2022-02-22 10:56:25,-5,4,9,好老师 我给满分
151209,7053,方瑞,2022-02-24 13:13:31,-5,4,9,有幸上了老师的一节课，真的很喜欢老师，上课特别有趣，有在引导思考但不是强加的枯燥的，觉得老师是一个很棒的人！～
152207,7053,方瑞,2022-03-30 10:44:05,-5,3,8,讲的好
153373,7053,方瑞,2022-04-28 16:17:24,-4,4,8,没当读到《青年在选择职业时的考虑》我就会想到方老师。可惜自己当时没有认真听，但老师是真的很体贴学生的，值得选
154883,7053,方瑞,2022-06-06 12:39:44,0,8,8,老师超和蔼的，刚刚交卷子的时候老师说谢谢，我说老师再见，但好像太小声了老师没有听到哈哈哈
155072,7053,方瑞,2022-06-08 05:17:57,-2,6,8,建议选，上过的思政课中老师水平最高的一个。
156821,7053,方瑞,2022-06-21 04:37:21,-5,3,8,一次展示，一次课堂作业，一份读书报告，上课幽默有激情，平易近人，给分好，方老师我的超人！
156824,7053,方瑞,2022-06-21 04:52:31,-6,2,8,有思辨的思政课
160090,7053,方瑞,2022-09-13 06:21:58,-5,3,8,思政课为数不多的好老师，真想把马原给你讲明白的
160275,7053,方瑞,2022-09-16 07:31:37,-6,5,11,10分，不解释
163090,7053,方瑞,2022-12-07 07:40:06,-6,3,9,上课鼓励大家多读一些有深度的书
164139,7053,方瑞,2022-12-18 10:55:23,2,9,7,上大学以来遇到的最认真，讲课最有激情的思政课老师。马原整个学期任务很轻松，只有一次课堂展示和一个读书报告，老师还会在期末发总结知识点方便复习，高赞说他摆架子....他上课对我们唯一的要求就是不允许带耳机，这是对教师基本的尊重吧。。。。
165365,7053,方瑞,2023-01-03 02:11:29,-7,2,9,其实还好
165695,7053,方瑞,2023-01-09 09:35:20,-2,7,9,老师讲课很有激情，而且在尝试认识每一个同学，是个很可爱的大男孩！（ps：2021年的时候好像海宁校区出了点事情导致方老师评分降低了，之前一直都是9.8+的，学弟学妹放心选）
166026,7053,方瑞,2023-01-11 01:26:22,0,8,8,讲课有激情，有条理，对学生有温度；期末考试之前划重点，把考纲做标记，简直称得上揉碎了喂进嘴里，太爱方瑞老师了！
166035,7053,方瑞,2023-01-11 01:54:33,0,9,9,方老师上课喜欢和同学互动，也在努力认识每一位同学。是很真诚的老师。\n\n讲解马原深入浅出，哲学部分收获蛮多；鼓励大家多看好书；期末也会划重点（真的很准哇 老师给的范围全部涵盖了期末论述题！）。\n\n不用卷发言，随堂写些看法就好，也没有小测；一次小组展示，一片读书报告而已，蛮轻松的。\n\n给分真的很不错！！！选他！！！方老师真的是好老师！！！！
166047,7053,方瑞,2023-01-11 02:46:51,-1,7,8,方瑞老师真的是一个很好的老师！！几乎没有作业，考试前还会划重点！！强烈推荐！！
166066,7053,方瑞,2023-01-11 04:18:29,-3,5,8,上课水平高，课堂轻松幽默，还没有小测
166072,7053,方瑞,2023-01-11 04:35:37,0,8,8,满绩了来给方老师写评价\n\n上课唠嗑的可爱东北胖胖老师～\n\n展示会和台上同学一直互动，防止同学太紧张\n\n平常一直和我们乐呵乐呵\n\n考试前仔细划重点防焦虑\n\n这种老师选就对了！方老师永远满分
166272,7053,方瑞,2023-01-11 15:18:30,-8,1,9,好老师，不解释
167387,7053,方瑞,2023-01-16 02:10:22,4,4,0,∪･ω･∪
167672,7053,方瑞,2023-01-18 08:08:21,0,8,8,讲课很有激情，和同学们也很有共同语言，甚至会经常看朵朵了解学生们在干嘛，总而言之很好的年轻老师。
168430,7053,方瑞,2023-02-16 07:21:40,1,2,1,。。。
171011,7053,方瑞,2023-03-14 05:08:02,9,9,0,( っ'-')╮ =͟͟͞͞🏀
171279,7053,方瑞,2023-03-20 13:13:00,0,6,6,并不是照本宣科的灌输式教学，听方老师讲课真的会有所收获。\n\n真不愿意听思政课，来当相声听也是好的
171368,7053,方瑞,2023-03-22 13:47:10,0,9,9,依托答辩
173348,7053,方瑞,2023-05-20 13:43:45,0,5,5,课大家不想听是课程的原因，不是老师的原因。老师很体谅没问同学，期末给分也很不错，可以无脑选
173414,7053,方瑞,2023-05-23 17:08:06,-1,12,13,找水军洗白谁不会呢？ 在海宁校区上课天天说其他校区怎么怎么好，花样点名，不想来可以不来
176242,7053,方瑞,2023-06-28 06:51:39,-2,2,4,给分前评价一个，好老师，包容性很强，爱唠嗑，事情也少。会划重点，有问必答！
176424,7053,方瑞,2023-06-29 01:44:41,0,6,6,方瑞yyds!!!!能把马原上得我这么想听真的绝无仅有。老师超级幽默超级可爱超级和善，都没什么小测和作业，也不太点名（因为他差不多能记下每个同学的名字）。考前发讲义划重点，考完也巨能捞。马原请无脑选方瑞！！！！！
176450,7053,方瑞,2023-06-29 03:00:43,1,4,3,给分超级好，人也超级好，都来选！！！
176453,7053,方瑞,2023-06-29 03:11:40,0,3,3,老师很好…虽然说着自己不喜欢“事少分高”但还是践行了这一理念 说其他校区不点名的 助教来让大家一个个写名字你也不知道啊 点名共五次吧 老师人很好很为学生着想 海底捞 冲吧冲吧选上他的同学真的很幸运的
176491,7053,方瑞,2023-06-29 06:02:20,-2,3,5,签到是纸质签到，所以有时候需要到课\n\n讲课很风趣幽默，平时任务也不多（读书报告+小组展示）\n\n我考前就只花了一个上午去看老师最后一节课给的讲义，最后也有还算ok的成绩\n\n老师很好！！无脑选就行了
176525,7053,方瑞,2023-06-29 07:54:21,0,3,3,期末给分不错\n\n写阅读笔记的数目挺有趣的，选择范围也大\n\n但上课真没什么内容，“咋咋呼呼”的，建议不听
176627,7053,方瑞,2023-06-29 12:56:27,-2,3,5,方老师真的很可爱特别好，考前还让我们别紧张肯定没问题，今年卷子这么难还能捞成这样真的好
176671,7053,方瑞,2023-06-29 16:05:16,0,3,3,他真的好会捞，我哭死😭😭😭
176821,7053,方瑞,2023-06-30 09:07:33,0,5,5,上方老师的课才能让我体会到浙大的课堂和别的学校相比好在哪里
177935,7053,方瑞,2023-07-05 15:04:19,0,3,3,( •̥́ ˍ •̀ू )
178608,7053,方瑞,2023-07-16 15:06:50,1,5,4,真的太和善了特别容易沟通交流的一个老师，很可爱，我一个思政不会的人特别感动….会记住你的名字和长相（给分无关就是特别好特别有温暖的老师啊）
181563,7053,方瑞,2023-10-23 03:29:13,1,4,3,把马原变成了我最喜欢的课
185137,7053,方瑞,2023-12-26 13:39:40,1,4,3,（中国马克思主义与当代）上课开头反复强调怎么来的人这么少，之前的课也是这样的吗？问同学希望什么时候下课，闹半天结果还是不肯提前下课。还问上节课是哪个老师来上的，怎么敢提前下课，他是什么职位？然后补了句“开个玩笑”，搞得助教最后下课雷达点名。方老师安的是什么心？
187057,7053,方瑞,2024-01-14 09:32:55,-5,1,6,态度好，相声方面很不错，但是有一说一西方哲学水平不高，同时注重娱乐性，缺乏深刻的分析批判精神。
187435,7053,方瑞,2024-01-16 06:36:17,4,5,1,很幽默，非常好，马原最后会划重点，会给复习资料（虽然我没背到，考试什么都不会写）最后给分实事求是吧，我觉得我学的就挺匹配这个分数的。最最关键的就是人好！听他的课会笑着听完的
187443,7053,方瑞,2024-01-16 07:06:57,1,2,1,老师很可爱，考前划重点划得很清楚，对作业的态度也很随和（和大家说期中忙的话晚点交也没事hhh），最后给分也很好！
187454,7053,方瑞,2024-01-16 07:56:19,1,2,1,好老师，上课有意思，还会带我们去艺博馆！
187817,7053,方瑞,2024-01-17 13:53:31,-1,1,2,神中神
188061,7053,方瑞,2024-01-18 06:26:09,-1,1,2,神中神
189039,7053,方瑞,2024-01-21 10:52:50,0,1,1,爹你是我爹
190510,7053,方瑞,2024-03-06 11:51:13,-2,4,6,唐完了
190511,7053,方瑞,2024-03-06 12:42:12,4,5,1,很好的考勤使我心灵涤荡
190985,7053,方瑞,2024-03-27 11:31:42,1,2,1,。。。
191312,7053,方瑞,2024-04-17 11:24:19,0,4,4,有理由怀疑老师针对海宁的同学，签到的方式很无语。说的话也是。还说设想一下我们是老师会怎么想。那你咋不设想一下同学的角度呢？
191533,7053,方瑞,2024-04-24 10:54:16,10,10,0,我叫马飞飞！！！
191536,7053,方瑞,2024-04-24 11:01:58,-1,1,2,。。。
191538,7053,方瑞,2024-04-24 11:07:21,-1,1,2,。。。
191541,7053,方瑞,2024-04-24 11:15:06,0,2,2,点到。。
191697,7053,方瑞,2024-04-28 08:59:24,-11,3,14,说了点四次名结果开头好几节课不点名，后面逮着人少的课点名，有些钓鱼执法的意味，还不如每节课都点名呢
192198,7053,方瑞,2024-05-11 09:06:49,-16,1,17,如其本人所言，第一次觉得一个老师不值得学生对其尊重
192959,7053,方瑞,2024-06-01 08:03:36,4,5,1,那些因为老师签到骂老师的都是些什么人啊，你不到课难道怪老师吗？
193240,7053,方瑞,2024-06-05 04:08:18,5,5,0,非常好的幽默的老师，也没怎摩签到，不知道为什莫查老师那麽多骂老师的
195214,7053,方瑞,2024-06-27 08:38:03,6,6,0,神中神 签到形式是上课时候助教偷偷在后排慢慢往前一个个纸质签名 没到课被逮的概率蛮大的（ 但是没到确定不是自己问题吗 \n\n讲课的话蛮有趣的 基本内容都会讲到 但是每一次课基本就是三节课里面上一节到两节课 其余时间就自习了 一节课里面还有很多时间是在唠嗑的 如果你喜欢这样子的课堂那老师太适合你了 基本不用动脑子就能记住马原的内容了 但是这样子的课堂知识密度不高 有利有弊吧\n\n课上方老师宽容度很高 只要不上课打游戏或者直接睡觉 写作业或者干正事他都允许（这学期每次都迟到然后坐前排写作业也没啥问题） 感觉这已经挺好的了 毕竟上课直接玩游戏多少有点太不尊重老师了\n\n除了上课其他的任务就是一个读书报告了 这个也不费时间 1500-2000字的读后感 感觉正常想做完半天就够了 \n\n最后给分上感觉捞了我们很多了 身边统计学比其它班要高一点 （背诵时间基本差不多 我甚至只用了一早上背完就上考场了也比其他背了一天的其他班同学多一些） 不知道后面会怎样 但方老师在给分上应该差不到哪里去 甚至还会直接精确到哪一段给你划重点 按照提示背下来基本考试不用担心的\n\n总结一下 方老师事少分高 对出勤有独特检验方式 肯定到课的同学可以大胆直接选
195540,7053,方瑞,2024-06-28 17:10:22,-1,0,1,给分一般
195855,7053,方瑞,2024-06-30 10:29:09,0,0,0,好老师，讲课有趣给分也好
198627,7053,方瑞,2024-09-10 09:27:25,0,0,0,vasfbsfheg
199637,7053,方瑞,2024-09-26 13:49:24,2,2,0,上课非常幽默有趣，好老师！！！
200786,7053,方瑞,2024-10-22 09:54:22,0,0,0,唉，唉，唉！您可真爱叹气！
200908,7053,方瑞,2024-10-24 11:07:01,3,3,0,坐标马原课\n\n\n\n老师上课很有意思，然后现在对课堂上的宽容度也很高，只要你不要上课明目张胆打游戏，老师基本不会管你（注意哈，这是老师自己说的哦，而且老师上课经常调侃有人抄实验报告呢)。然后关于考试，老师会划重点（这是可以说的吗），并且对课堂内容做总结，大体上应该是够应付应试的。\n\n\n\n然后就是上课基本上是三节上两节，最后一节让两组同学做pre并让同学们看点他推荐的书啥的（当然不看也没啥关系）。\n\n\n\n作业内容：小组汇报＋1500字以内读书报告＋期末考。\n\n\n\n10分推荐，同学们可以根据上述评价自作评判。然后有些古早的评论可以稍微忽略一些，起码我上课的时候，老师已经不那样了。\n\n\n\n总之，选了大概率不会亏。
200980,7053,方瑞,2024-10-26 02:42:36,1,1,0,老师挺好的
203921,7053,方瑞,2024-11-22 03:55:55,1,1,0,助力方老师提分 春夏学期学的感觉被捞了 真的分多事少体谅学生
205035,7053,方瑞,2024-11-30 06:02:57,0,1,1,老师人非常风趣幽默，很想多听听您讲课，点名方式非常独特。
207261,7053,方瑞,2025-01-08 07:48:35,4,4,0,出分了，给分还行吧，背了接近两天，出分4.5 89，可能捞了一把？
207906,7053,方瑞,2024-12-25 02:39:30,0,0,0,好好好
208967,7053,方瑞,2025-01-03 16:07:57,0,0,0,神仙老师啊啊啊啊！很爱听老师的语调还有关心学生的态度
209167,7053,方瑞,2025-01-05 01:41:31,1,3,2,社发史八个里面最烂的一个，上课最积极的事不是传授知识，而是叹气、喊累和讲一些与课堂毫无关系的故事
210114,7053,方瑞,2025-01-08 07:36:47,2,2,0,非常好的老师，讲课很有激情，非常愿意和学生交流互动。想听的话会是一门有所收获的课，不想听也可以放心水。老师的考前复习做得非常细致到位，比学生更怕考不好，考试按照他给的重点和框架走完全没有问题。平时任务不重，没有小测，最后给分也非常好。强烈推荐！
210117,7053,方瑞,2025-01-08 07:41:41,4,4,0,坐标24-25秋冬马原 刚出分\n\n因为室友的推荐选了fr的马原 上课确实是嘎嘎乐不过没人听（思政课大概都如此\n\n任务是1读书笔记（2k以内 书目范围老师会给）和一个小组展示（自由组队 无答辩 主题自选 20min） 无小测\n\n点名雷达 开的时间比较短（这个可能得注意）\n\n考前给了ppt讲义 划了重点（nice\n\n给分挺好（个人感觉）\n\n总之属于是事少分不低 朵朵看了一圈推荐他的人还比较少 可冲
210143,7053,方瑞,2025-01-08 08:28:43,1,1,0,马克思主义原理：上课很有激情，3节课会留出一节给同学们自习，给分挺好（
210150,7053,方瑞,2025-01-08 08:51:09,0,0,0,方老师讲课非常风趣，完全给予肯定。一股子东北大茬子味儿讲话真的幽默风趣。\n\n客观评价。\n\n缺点：老师上课会纸质签到。我记得没错的话，这个学期有一次纸质签到，剩下的应该都是雷达点名；还有就是刚上课时会叫人回答问题，不过后来就没有了\n\n优点：平时分不错。我记得我们小组的pre做的应该不是很好，上课小测时我的回答也体现不出跟马原有关的东西。但是应该给我的分数挺高的。还有就是老师考前会发一个知识点总结，比较全面的。（可以把各个老师发的知识点总结都结合起来看）\n\n不过奈何马原确实是一门需要背诵的科目，最后的闭卷考也让很多人望而生畏，而且期末考占比也很大，所以最后期末考试的时候一定要好好准备！
210181,7053,方瑞,2025-01-08 10:06:30,0,0,0,老师，爱您
214825,7053,方瑞,2025-02-18 05:50:16,0,0,0,好幽默的老师
220500,7053,方瑞,2025-06-18 09:19:51,1,1,0,老师很有意思，上课逗你开心，情绪价值给满\n\n我觉得算事少分高吧，强烈推荐
220508,7053,方瑞,2025-06-18 10:13:37,1,1,0,这老师评分才8点几简直不科学
220563,7053,方瑞,2025-06-18 13:57:25,3,3,0,事少分高，大家快来选，真的好老师\n\n平时任务只有一个读书报告，一个小组展示和几次课堂作业\n\n不过需要注意一下签到，有一次课签到了两次
220611,7053,方瑞,2025-06-19 02:12:12,1,1,0,坐标24-25春夏马原 理科生92/4.8 \n\n方老师人超级好，上课会讲故事，课堂不枯燥，会让学生开心\n\n读书笔记+小组展示+点名+期末考，期末考占50%\n\n老师考前给了ppt和讲义，倒数几节课会上复习课梳理知识点，讲历年题和大题答题技巧！\n\n老师还说争取考完尽快给我们我们出分！快冲吧！真的很好很好！
220818,7053,方瑞,2025-06-20 03:28:59,0,0,0,马原（H）事少分高，方老师无敌
221039,7053,方瑞,2025-06-21 03:43:47,0,0,0,这学期修了他的马原H，出卷估计和别的非H班级差不多，给分还挺好的。讲课很有激情，虽然我一次也没听。课上偶尔会开个小作业，要写点东西交上去，每个组一次pre，期中一篇读书报告，期末闭卷。就是很正常的马原课程量。
221166,7053,方瑞,2025-06-21 15:49:57,0,0,0,马原H：老师很幽默，感觉是东北人（但其实是内蒙人），上课不会太无聊，平时工作量也很轻松，小组展示，读书报告，一次展馆参访，没了，不会有小测，复习课划的重点太精湛，一个大题的思维导图，一个细碎知识点的讲义，这两个你去啃下来再去考试就是乱杀，我理科生，没有任何思政基础，花了一晚上突击下来，最后给分还不错的，我不是组长，大题还可以，选择得3 4个错了吧，最后4.8我觉得满意了\n\n老师为什么才8.几，至少得上9吧
221468,7053,方瑞,2025-06-24 02:37:49,0,0,0,好老师速选
122760,7408,池步云,2020-04-01 02:53:49,6,10,4,声音好好听!讲的很细致，我爱了!太温柔了!
122768,7408,池步云,2020-04-01 13:49:36,4,5,1,联播时一课之缘，讲的还可以，难得认真听了一次
124169,7408,池步云,2020-06-26 09:14:09,17,23,6,老师人很好 听声音就是很温柔的那一种。同学们发在群里的消息都会很及时很耐心地回复。一学期三篇2000-2500字读后感或论文，一次小组展示加期末开卷考 事情有些些偏多吧但是也并不难完成。今天出分啦~~老师给的分好高！！吹爆新老师啊啊啊大家都来选池老师的课！
124192,7408,池步云,2020-06-27 00:41:53,-11,5,16,给分低
124275,7408,池步云,2020-06-28 10:18:25,1,1,0,很温柔的老师！推荐大家可以来选一波啊～
124353,7408,池步云,2020-06-29 14:10:34,1,3,2,好像是新来的老师，第一次听说。这学期选了他的史纲课，总体感觉还不错。上课认真负责，声音温柔，态度也很好，对待学生基本上有问必答。布置作业也很合理，不会太麻烦。反正只要你认真对待了，最后分数都不会太差，就是可惜卷子太难了最后没答好呜呜呜呜
124360,7408,池步云,2020-06-29 15:48:44,3,4,1,老师上课挺认真，听课有收货，不鹅劲hh作业略多，给分可以接受
124902,7408,池步云,2020-07-16 14:34:06,0,1,1,老师声音真的好听哈哈，上课内容很丰富，层层推进，逻辑性很强，喜欢
124906,7408,池步云,2020-07-17 03:21:56,1,2,1,老师人好事少
126044,7408,池步云,2020-09-17 02:39:55,1,1,0,爱了爱了
128459,7408,池步云,2020-12-23 09:48:59,4,5,1,虽然还没考试，但是平时老师上课超好的！声音很温柔！好像平时会有点害羞，讲课的时候一般是低着头看ppt不看学生。但是平时作业交晚了也会在收一次。总之，没看考试和绩点之前吹爆他！！
128758,7408,池步云,2020-12-25 07:21:56,7,8,1,人好啊，有时比学生还害羞呢嘻嘻十分
129444,7408,池步云,2021-01-05 11:40:50,1,1,0,好好好！
130806,7408,池步云,2021-01-24 16:00:20,3,4,1,老师人超好的，特别腼腆，感觉比我还害羞hhh，讲课不知道，因为一直在划水。。。
131101,7408,池步云,2021-01-26 03:11:16,2,3,1,事少分好好老师！
131114,7408,池步云,2021-01-26 04:30:01,23,25,2,人好，事少，给分高。
131134,7408,池步云,2021-01-26 06:46:00,3,4,1,老师很好，声音很好听，而且为每位同学着想。老师给分很好的，半年没怎么听过，考试前没翻过书，裸考的，给了4.5浓浓师生情，针不戳
131183,7408,池步云,2021-01-26 12:34:09,3,3,0,人好又温柔～
131186,7408,池步云,2021-01-26 12:46:50,2,2,0,老师讲课幽默风趣，史料和理论讲授相结合，能给我们带来对历史新的感受，引起我们的反思，值得推荐。
131188,7408,池步云,2021-01-26 12:55:59,2,2,0,池老师学识渊博待人和善
131225,7408,池步云,2021-01-26 15:43:14,2,2,0,人好事少分高
131311,7408,池步云,2021-01-27 04:56:50,5,5,0,事少人好给分高，裸考选手心满离
131487,7408,池步云,2021-01-27 16:36:57,-25,6,31,3.3 娘希匹
131507,7408,池步云,2021-01-27 23:35:44,5,6,1,池老师yyds！！！非常温柔，对大家很宽容啊！讲课略微有些枯燥，但是声音好听啊！！真的是很棒的老师！谢谢老师！！
131520,7408,池步云,2021-01-28 01:43:38,1,2,1,老师反对鹅颈难能可贵，虽然我最后得分不太好但还是好评
131524,7408,池步云,2021-01-28 01:51:13,2,2,0,绝对爆吹的老师，会捞会捞真的会捞！！！任务也不重！！！论文我感觉写的挺烂的，小组表演分数倒数，但是发言和老师捞能拯救绩点！！！
131547,7408,池步云,2021-01-28 03:36:34,6,8,2,池老师真的好可爱呜呜呜(/ω＼)真的特别年轻感觉很亲切，任务不多没什么作业，最后有个任务评分流程有点复杂但感觉老师是在极力公正。论文反对鹅颈明确说了多写不一定分高。上课有很多的拓展，属于听了有收获有思考的类型。and老师声音真的特别特别好听！就是我的了是下午第一节+历史+优美动听的男声你们懂得🤧但老师真的很公正给分完全是你应得的，有依据的。真的很nice
131696,7408,池步云,2021-01-28 12:55:40,2,2,0,点名超级可爱哈哈哈 人超级好，事少分高
131716,7408,池步云,2021-01-28 14:01:21,0,0,0,池老师海底捞!
131742,7408,池步云,2021-01-28 16:15:54,1,3,2,给了9分\n\n扣1是因为上课确实有点无聊233333\n\n给分真的好 我上课就发过一次言 几年没学历史选手感觉自己的平时作业和最后考试都没啥底（当然也不排除的确分不错） 给了4.5 \n\n出分前一晚助教在钉钉群问各组组长是谁 猜测可能给组长会加点平时分？仅仅是猜测....不过10人一组的展示组长确实挺难。\n\n再就是 老师特别提出反对恶竞 好感度暴涨
131993,7408,池步云,2021-01-30 02:01:13,3,4,1,老师声音好好听，还有点催眠..不过课程有点无聊，可能是因为我对历史不太感兴趣，纯理论型的教学听不太下去。老师人很好很可爱，用心完成任务，会有收获的！
133417,7408,池步云,2021-02-28 03:16:23,1,1,0,非常好
134166,7408,池步云,2021-03-17 12:47:48,0,1,1,老师人超级好！讲的干活很多，一直都认真听课！！！
134309,7408,池步云,2021-03-23 06:56:52,1,1,0,好老师！
135690,7408,池步云,2021-05-19 08:53:10,1,1,0,值得选
136044,7408,池步云,2021-06-10 07:14:35,1,1,0,好！！
136754,7408,池步云,2021-06-24 04:07:55,3,3,0,还没考试，成绩也不知道，但老师是真的好老师，人真的超好，值得一选，我吹爆！！！
136792,7408,池步云,2021-06-24 15:27:33,3,4,1,超级超级好的老师我吹爆，上课讲的内容很精彩，有干货有思考偶尔还夹点私活。池老师刚站上讲台不久每次上课都会问我们有没有改进意见他也真的会听！！！高赞说的作业多这个学期老师已经有改变啦，只有一篇书评一篇影评一次演剧本而且非常明确的说了不用卷字数卷形式不要恶竟。为人温柔、讲课有料、反对恶竟还认真听学生意见的老师你还等什么呢。
136972,7408,池步云,2021-06-29 04:06:45,1,1,0,老师人很可爱 上课很真诚，对同学也很温柔
136974,7408,池步云,2021-06-29 04:08:54,1,1,0,爱他！！\n\n反内卷！！\n\n温柔可爱，讲的也很棒！！
137335,7408,池步云,2021-07-03 09:10:52,1,1,0,反内卷好老师
137431,7408,池步云,2021-07-04 06:42:14,1,2,1,事少给分好，可可爱爱，yyds
137459,7408,池步云,2021-07-04 08:47:49,3,4,1,事情少给分好，反内卷的好老师，上课也挺有意思的
137522,7408,池步云,2021-07-05 02:24:13,7,8,1,老师人超级好
137564,7408,池步云,2021-07-05 06:10:59,-7,4,11,人很不错，说话声音好听，上课内容也还不错。（虽然有些地方与我政见不同但是讲的还是很好的）\n\n但是但是绩点只给了3.3？？？我上课发言那么积极网上作业也交的早考试卷子也写满你就给我这点分数？自闭ing\n\n算了，还是挺推荐他的课的，除了有点催眠（不知道是不是下午的缘故）
137591,7408,池步云,2021-07-05 07:58:34,6,7,1,爱了爱了\n\n以为书评炸了系列\n\n没想到老师和助教xjj对观点如此包容\n\n考试的时候最后两题加起来只有15min的时间抄\n\n但是！！\n\n么想到还能有这分\n\n池老师yyds
137598,7408,池步云,2021-07-05 08:43:05,5,5,0,好老师！人很温柔，上课也很有料，稳中带皮，不经意间会抖几个小包袱，作业不多，点名还会提前通知，给分也很好！
137612,7408,池步云,2021-07-05 09:46:01,4,4,0,事情少给分好，反内卷讲课也有深度。最好的是我们这一级史纲期末考分数都比较低，但是老师给平时分都尽量很高！感谢老师！
137616,7408,池步云,2021-07-05 10:01:48,3,3,0,老师超好给分超好
137635,7408,池步云,2021-07-05 12:04:50,16,17,1,人好事少给分高，期末考试海底捞。
137646,7408,池步云,2021-07-05 12:58:11,3,3,0,老师非常好
137673,7408,池步云,2021-07-05 14:29:33,2,2,0,真的棒！人好事少给分好
137735,7408,池步云,2021-07-06 02:35:47,10,11,1,史纲究极老师，不卷，上课有趣，作业适中，均绩高。
138026,7408,池步云,2021-07-07 05:48:24,50,53,3,这学期选的老师的课，老师刚来浙大没多久，所以一开始选课比较犹豫。但是发现自己真的没选错！\n\n1.每个同学都有发言的机会，老师不鼓励恶竞，没有发言的同学老师还会主动把机会给这些同学。我只发过一次言，但是最后分数很好。\n\n2、课堂展示小组互评，至少我觉得我们班级是公平公正的，不会拉开很大的分数\n\n3、老师人很平和，可水，听的话可以学到很多新的知识和观点\n\n4、老师和我们之间没有代沟，很懂得我们在想什么\n\n5、任务不多，而且老师布置作业的时间会帮我们避开ddl，一篇读书报告，一篇论文【表达自己的想法，不鼓励恶竞（我就大概都写了2000+一丢丢）】\n\n5、老师的声音真•好听！\n\n我的绩点最后很好，（但上述评价99.99%是客观的），希望后面的同学也可以支持这个老师，尽量避免因为正态而丧失对老师的客观评价  大爱！
139878,7408,池步云,2021-08-07 09:58:11,1,1,0,非常好，强推
140628,7408,池步云,2021-09-14 13:07:06,4,4,0,小组展示给了我们很大的发挥空间。平时讲课超级超级认真（为我没有好好听讲而惭愧）会尽力给到每个同学发言机会，反鹅颈 很好的老师
140681,7408,池步云,2021-09-15 05:39:48,2,2,0,非常好
140826,7408,池步云,2021-09-16 13:25:27,2,2,0,很好很好很好
145320,7408,池步云,2021-12-29 04:11:19,5,5,0,老师真的太温文尔雅了！人真的太好了，而且不鼓励我们卷发言，太爱了
145342,7408,池步云,2021-12-29 06:28:20,6,6,0,浙大史纲最好最温柔第一名的老师！！！选他，史纲不卷；选他，给分极好；选他，体贴学生（超级理解我们，处处为我们着想，宽容我们）而且，上课还超级好！
145461,7408,池步云,2021-12-30 00:48:21,1,2,1,好老师好老师
145727,7408,池步云,2022-01-01 04:05:34,8,8,0,从池老师身上我看见了君子的风度
146645,7408,池步云,2022-01-07 06:51:55,12,13,1,池老师他真的…我哭死😭😭😭\n\n上课很认真，会讲点独到的东西（虽然我们班全是理工生听的人不多）\n\n给分给了4.2，对于一个大学之前两年多没碰历史的人来说很感谢🤤🤤
146647,7408,池步云,2022-01-07 06:54:57,4,4,0,点名少 人好
146651,7408,池步云,2022-01-07 07:08:36,13,14,1,翩翩君子，温润如玉
146710,7408,池步云,2022-01-07 08:51:13,5,5,0,老师真的好温柔！！钉钉几乎秒回！！低分定点抢到的老师真的太值得了！！
146716,7408,池步云,2022-01-07 09:04:21,3,3,0,老师很温柔很有风度，也很细心，性格很nice。还记得老师第二次上课的时候很真诚地我们道歉，觉得第一节课讲得内容太专业了。确实，史纲是一门水课，但是老师没有因为是水课就对同学们敷衍，还会讲一些扩充知识面的内容。老师会保证每个同学都有发言记录，不用担心在这方面卷不过别人。千言万语，池老师真的很有魅力。
146731,7408,池步云,2022-01-07 09:37:46,3,3,0,挺好的。
148446,7408,池步云,2022-01-12 13:04:22,5,6,1,特别温柔的老师，特别体谅学生，第一节课还说允许我们课上写其他课作业，只要不在娱乐就行。小组展示其实很拉了，但是几次作业的打分都超好。平时作业一篇观后感，一篇读书报告，事少。最后绩点4.5，家人们，一定要选他！
148993,7408,池步云,2022-01-14 06:12:10,8,9,1,曾经的我年少无知，4.5的史纲还觉得给分不好。现在军理3.6🚬🚬，只能说上4的思政通识都是好课😂，回头看来，池老师给分真滴很不错。人温柔，说话声音也好听。去年看他还是8.5的评分，今年就9.6了😂😂😂
151188,7408,池步云,2022-02-24 06:31:42,4,4,0,非常好
151999,7408,池步云,2022-03-23 01:18:44,2,2,0,池老师，君子之风\n\n希望浙大能多亿点池老师这样的老师！！！
153557,7408,池步云,2022-05-04 15:49:41,3,3,0,呜呜呜，我的池老师，真的好温柔，感觉真的很努力想让课堂变有趣，一直在为我们着想，史纲这门课设置不讨喜不怪他。好喜欢这种温柔的老师，虽然我也没咋听
153926,7408,池步云,2022-05-17 04:13:54,49,57,8,想...做池老师的狗
155107,7408,池步云,2022-06-08 10:30:45,2,2,0,现场点名喊到。。。。
155121,7408,池步云,2022-06-08 12:40:57,3,3,0,好老师，很为学生着想，我在浙大遇见的最好的老师之一，结课了很不舍
155194,7408,池步云,2022-06-09 07:39:05,4,4,0,池老师真的很谦逊
155611,7408,池步云,2022-06-17 10:09:49,21,22,1,池老师人真的太好了，很温柔，很体贴学生，本人也不支持鹅颈\n\n今天考完史纲大家都在群里求捞他还比OK的手势，太可爱了\n\n如果最后成绩出了我很惨淡，那也大概率是因为自己考得太差了与老师无关\n\n能预置到池老师的史纲真的很幸运，以后的学弟学妹看到池老师的史纲放心大胆选\n\n很难忘掉池老师最后一节课对我们鞠躬祝我们前程似锦的样子\n\n\n\n别的班有出分的 我们班还没有 希望老师救我一命\n\n\n\n再次修改 芜湖！池老师是我的超人！期末考炸了选择题错一大堆大题不看书乱回答还这么高分 老师给分太好了 学弟学妹们真的放心冲池老师鸭！！
155966,7408,池步云,2022-06-17 02:20:06,6,6,0,从gjx老师的史纲润来的（没有说gjx老师不好的意思），池步云老师真的很温和很谦逊！！事情很少！！人也好！！😭小组展示会给定分数下限，不鼓励卷字数，大家放心选！！完全没学过政史，论文也写得平平淡淡的理科生拿到4.2很开心了！
155984,7408,池步云,2022-06-17 04:09:36,4,13,9,小组展示满分平时作业很认真地写最后期末考砸了3.3，老师完全不调分的吗
155985,7408,池步云,2022-06-17 04:15:26,5,6,1,翩翩君子，温润如玉。\n\n老师真的太好了——不管是给分 还是上课 还是小组展示的设置，还会给所有人发言的机会，呜呜这么好的老师哪里找啊！！\n\n大家快冲啊啊啊
155986,7408,池步云,2022-06-17 04:19:22,4,4,0,老师真的很好很好，什么都会听取同学的建议，脾气也真的很好，不鼓励恶竞，给每个同学自由发言的机会，而且给分很好的，上课也没什么事，求求，都去选我们的池老师！！！
156062,7408,池步云,2022-06-17 09:28:22,3,3,0,很能捞低分选手\n\n推荐基础不好的同学选
156063,7408,池步云,2022-06-17 09:35:34,5,5,0,君子之风，如沐春风
156594,7408,池步云,2022-06-20 11:08:15,4,4,0,我只说一句，选上他的课是你们的幸运
160197,7408,池步云,2022-09-15 01:07:41,2,2,0,池老师永远的神，作业算很少的了，人很温柔，讲课也有自己的思考，如果平时的表现好的话其实就算期末考得一般池老师也会尽力往上捞一点的。
164675,7408,池步云,2022-12-23 06:08:38,1,1,0,好好好好好
164802,7408,池步云,2022-12-26 07:53:38,1,1,0,不多说，史纲选池老师肯定没错，人很好，事情安排的合理肯定不算多，然后给分也不错
165348,7408,池步云,2023-01-02 04:54:34,5,5,0,印象中有点名一两次，在表格上登记签到。老师非常好，非常非常好，很温柔，事情也不多，没有其他史纲老师要命的小论文，只有一篇读书报告一篇观后感。
165511,7408,池步云,2023-01-07 14:30:58,5,5,0,老师上课没有点过名，扪心而问，自己史纲课也从来没听过，老师上课允许我们自己做一些别的事情，任务少，很水，最后还是拿了4.5
165538,7408,池步云,2023-01-08 07:00:30,5,5,0,选上池老师的课你就自己偷着乐吧，事少分好，老师人也温柔，不鼓励鹅颈，池老师yyds
165648,7408,池步云,2023-01-09 06:00:46,7,7,0,我好爱池老师啊啊啊啊啊老师人好事少分高，对理工科同学也很友好
165665,7408,池步云,2023-01-09 07:35:52,6,6,0,池老师不鼓励鹅颈，对社恐友好
165698,7408,池步云,2023-01-09 10:08:24,5,5,0,老师很好，任务不重，给分也很好
165710,7408,池步云,2023-01-09 11:03:00,1,1,0,...
165727,7408,池步云,2023-01-09 12:36:41,3,3,0,池步云yyds
165771,7408,池步云,2023-01-09 15:13:16,5,5,0,声音好好听呜呜呜呜呜，人也温柔，给分超棒！
165846,7408,池步云,2023-01-10 05:36:50,6,6,0,池老师很好，虽然我分不高（
165922,7408,池步云,2023-01-10 11:18:25,5,7,2,奔着想当池老师的狗那条评论来的！池老师人不错，很温和耐心，上课只要每个人发言一次，还可以采取多种形式尽量让每个人都发上言。平时上课基本没听过，考前也没翻过一遍书，自己过程作业比较认真基本满了，但是因为期末考爆炸没有满绩。谢谢池老师和助教，一次非常愉快的思政课学习体验！
166613,7408,池步云,2023-01-13 04:02:53,14,14,0,拿了4.2，大一新生对这个绩点没什么概念，但整个学期就第一节课抬头了，作业纯水，期末裸考，对我来说还算还行？这个学期两篇2k左右小论文，一个小组作业（一组十二个人任务不重。本人纯纯理工人超级喜欢池老师，温润君子的感觉，教历史很认真也会有拓展，听起来一点都不会困，会放各种小视频，课堂环境很放松，不会有门槛，一星期三节会留一节课给同学们讨论（自愿的，本e人第一节课就上了虽然对历史真的没什么研究哈哈）而且！声控！真的！不能！错过！池老师！！！声音太好听了就算我从初中开始痛恨历史我也能好好听课（流泪）无脑选吧就是真的很难摇上，我是本学期唯一一个非预置摇上的👉🏻👈🏻（没记错应该是八十进一）我爱池步☁️啊啊啊啊啊啊啊啊啊（举起玫瑰）（鬼叫跑走）
172413,7408,池步云,2023-04-26 11:09:20,2,5,3,还行吧 就这样
173970,7408,池步云,2023-06-05 09:50:01,6,6,0,老师比较年轻，讲课思维连贯，不鼓励恶竞，在小组展示满分20时要求各组评分不得低于16.5分
174664,7408,池步云,2023-06-15 07:55:27,9,10,1,谦谦君子，温润如玉。为人师表当如此！
175356,7408,池步云,2023-06-24 07:09:39,9,9,0,先打个10分，希望老师能拯救我自创的三个方案两种命运
175811,7408,池步云,2023-06-26 23:36:19,1,1,0,池老师很温柔
175875,7408,池步云,2023-06-27 04:43:07,3,4,1,我爱你啊啊啊啊啊池老师我是你的狗啊啊啊啊啊
175996,7408,池步云,2023-06-27 11:17:50,8,8,0,老师真的，我的小天使\n\n期末卷面六十总评都给我捞上八十多分，还安慰我说成绩不理想不一定是我的问题，和我说失之东隅收之桑榆…\n\n他怎么能这么好，我哭死。大家快来选池老师的课！
176127,7408,池步云,2023-06-28 01:40:09,6,6,0,事情比较多，给分一般，4.2，比较好的是不鼓励恶竞
176349,7408,池步云,2023-06-28 13:22:56,3,3,0,超级超级超级超级超级超级超级超级超级超级好！！！！！给老师磕一个
178598,7408,池步云,2023-07-16 09:59:38,5,5,0,还是不错的。上课内容没什么特别的，有点无聊，但优点在于上课期间允许同学干自己的事情，可以全程不听课做自己的事情（或者准备课堂末的发言）。考核就是课堂发言+点到+读书报告+电影观后感+小组展示（设置互评下限16.5/20）+期末考，每次课留时间给同学发言（没有发言者优先）。给分还能接受。
181683,7408,池步云,2023-10-28 04:21:29,-25,4,29,经常点名很烦，不好逃课。课程很无聊，基本就是对着ppt念。
182929,7408,池步云,2023-11-21 06:38:25,0,1,1,研究生新中特给分高
183014,7408,池步云,2023-11-21 12:49:45,8,8,0,史纲来的。\n\n很温柔很博学的老师，对历史事件有自己的看法，不鼓励内卷，给分也很好。我的男神！
188377,7408,池步云,2024-01-19 00:53:03,7,7,0,伟大，无需多言。
188408,7408,池步云,2024-01-19 02:43:49,5,6,1,说实话课比较无聊，但是给分很好，不妨碍我给他10分
189362,7408,池步云,2024-01-23 11:39:44,7,7,0,池老师人非常好，后几节课会优先叫没发言的同学发言，上课允许干自己的事情，给分也很好，大爱！！！
190319,7408,池步云,2024-02-28 02:52:28,2,2,0,温柔男神！
201268,7408,池步云,2024-10-31 02:20:47,9,9,0,下雨天单手打伞骑车，因为雨伞把视野挡住了，没关注到路前停了一辆车，不小心冲到车的后面，为了不擦到车自己先把车侧翻摔在后面了哈哈哈  然后车里出来了一个老师 我就一直在道歉 老师很温柔的问：没事吧 抬头一看原来是我大一时的史纲老师 所幸没撞到什么 但看到是池老师  泪水还是在眼眶里打滚
210443,7408,池步云,2025-01-09 07:32:05,2,2,0,捞神，点名会提前说，作业会给高分，小组展示也鼓励互打高分，允许上课学习别的，鼓励发言，重点是真的捞捞捞
210518,7408,池步云,2025-01-09 09:54:04,2,2,0,点名会提前一节课通知\n\n超级能捞！！！！！\n\n老师很有气质，声音很好听！\n\n老师我要狠狠亲吻你（）
210543,7408,池步云,2025-01-09 10:25:24,1,1,0,温柔男神，给分巨好，点名会提前说而且只点两次，课上回答问题也会尽量把机会给到没回答过的，总之，选上他的课你就偷着乐吧
210559,7408,池步云,2025-01-09 10:47:54,2,2,0,上课可以干别的，老师会把发言机会给每一个同学，鼓励小组作业打高分，也挺捞的。裸考+高中没选历史+发言一次，绩点4.2，供大家参考。
210575,7408,池步云,2025-01-09 11:26:54,0,0,0,我爱池老师
210592,7408,池步云,2025-01-09 11:43:46,1,1,0,捞神，点名会提前说，作业会给高分，小组展示也鼓励互打高分，允许上课学习别的，鼓励发言，重点是真的捞捞捞！人超好
210776,7408,池步云,2025-01-10 02:41:05,2,2,0,神中神，就点了一两次名，而且会提醒，是真会捞啊
210890,7408,池步云,2025-01-10 06:06:15,0,0,0,特别好的老师～\n\n上课较水 课后会给时间回答问题 差不多一个学期一两次就好 一学期要写一个电影观后感 一篇读书报告和小组合作展示 雷达点名两次大概 给分超级好！
210911,7408,池步云,2025-01-10 06:29:32,0,0,0,真的捞神
210961,7408,池步云,2025-01-10 08:44:55,1,1,0,两次书面作业都是纯靠ai，上课没听过，想干什么都可以，期末也没准备，工科生纯裸考，最后被捞上4.5了，感谢老师
210971,7408,池步云,2025-01-10 08:59:52,0,0,0,老师人很好！！非常随和，年轻老师也非常和蔼，给分也很不错！！可以说这门课纯纯裸考的，考试的时候才第一次比较认真的翻教材，超爱cby老师🥹
211001,7408,池步云,2025-01-10 10:01:45,4,4,0,池老师人超级无敌好！！！声音温柔，体谅学生，基本每次签到都会提前一次课提醒。讲课特别的认真，虽然这是门水课大家都不咋听，但是我偶尔听过两句，发现池老师对很多历史都有自己的见解，绝对不是随波逐流的那种。作业量中规中矩，期末考试会捞，最后4.5，特别特别的满意！！！
211011,7408,池步云,2025-01-10 10:27:23,0,0,0,非常非常好的老师～很温柔，也超级捞（嘻嘻）
211067,7408,池步云,2025-01-10 12:50:48,0,0,0,人超级好，每次点名会事先通知，来不及通知也一般会在第三节课点名，给没到的同学们充分的时间，期末小组展示也不允许打低分，尊重同学们展示成果，我课堂上从没发过言，最后绩点也有4.8，老师人超级捞，推荐选
212005,7408,池步云,2025-01-13 04:20:00,1,1,0,点名会通知 给分不好不坏，但是卡绩会捞
212239,7408,池步云,2025-01-13 13:48:18,1,1,0,上课比较无聊，但给分很好
213196,7408,池步云,2025-01-16 09:10:55,1,1,0,点名也会提醒，不鼓励恶竞
215032,7408,池步云,2025-02-20 12:43:30,0,1,1,呃呃呃
215041,7408,池步云,2025-02-20 08:38:53,0,1,1,plq扣帽子的技术令人咋舌
219546,7408,池步云,2025-05-29 12:45:19,0,0,0,很好的老师～
220122,7408,池步云,2025-06-15 07:03:15,2,2,0,党史给分一般
220539,7408,池步云,2025-06-18 12:09:50,0,0,0,想要高绩点需要付出多点努力
221360,7408,池步云,2025-06-23 04:37:09,1,1,0,党史给分不好（不过应该是助教的原因？）
124490,7514,桑建泉,2020-07-02 02:15:34,-5,36,41,老师平时挺好的，我没有鹅颈，小组分86（小组里一半的人是86，两个88，一个90），期末自己有好好复习，最后3.9，就这样吧，没有脾气。
138717,7514,桑建泉,2021-07-10 13:09:44,0,5,5,舟山班有感：老师真人比视频里好看多了
153609,7514,桑建泉,2022-05-06 01:06:01,3,4,1,老师人很好，我们小组采访给好几个老师发了邮件，只有桑老师和其他一个老师答应了，能课余帮助学生解决课程作业的老师真的不多得～
157710,7514,桑建泉,2022-06-24 12:08:02,-13,2,15,老师人很好，佛佛的。期末只要认真考分数不会低的～
157974,7514,桑建泉,2022-06-26 01:33:22,6,8,2,分好低
159885,7514,桑建泉,2022-09-08 01:32:25,6,9,3,不调分。期末分数太离谱，平时成绩不差，直接问了老师，发现是按比例直接算，甚至正态低了一档。
165679,7514,桑建泉,2023-01-09 08:57:40,12,14,2,桑老师人好的，人也挺可爱，但是给分确实一般般，很多人都卡了。
165765,7514,桑建泉,2023-01-09 14:34:41,5,8,3,给分太糟心了叭，真的有点扛不住，平时做那么多事平时分也不低啊
165907,7514,桑建泉,2023-01-10 10:28:57,7,8,1,真一点都不调分啊
170254,7514,桑建泉,2023-03-02 09:12:15,4,6,2,桑老师人还是很好的，非常和善，上课也十分认真
189175,7514,桑建泉,2024-01-22 09:05:36,0,4,4,桑老师今年给分很不错，感觉被狂捞了一把，推荐选
193570,7514,桑建泉,2024-06-13 06:29:04,17,18,1,做那么多事，分数是一点没见高啊，蛮有意思
193574,7514,桑建泉,2024-06-13 06:42:20,5,5,0,不是特别推荐
195334,7514,桑建泉,2024-06-27 18:16:57,4,5,1,给分还是不太好啊，平时分更是徒劳无功
195364,7514,桑建泉,2024-06-28 01:15:20,12,12,0,给分太烂，平时分能比平行班低两个档
195661,7514,桑建泉,2024-07-14 06:53:41,8,8,0,给分奇差
196835,7514,桑建泉,2024-07-05 11:33:55,2,3,1,给分真烂
197005,7514,桑建泉,2024-07-06 14:14:29,3,3,0,给分很烂很烂
207702,7514,桑建泉,2024-12-24 02:32:49,3,3,0,真傻逼，平时分全是被你拉下来的
210553,7514,桑建泉,2025-01-09 10:39:01,2,2,0,给分不好 跑
210653,7514,桑建泉,2025-01-09 14:42:03,-5,0,5,平时分给的不高，但最后总评很高
217422,7514,桑建泉,2025-04-10 06:25:19,0,0,0,人很土，课也土
220721,7514,桑建泉,2025-06-19 10:10:43,3,3,0,给分不好，跑
220955,7514,桑建泉,2025-06-20 12:43:24,0,0,0,1. 平时分给分貌似看小组，找些靠谱点的队友\n\n\n\n2. 只点过一次名，在开学前几周。参观艺博馆和党史馆都不点名
122330,7528,庞虎,2020-02-24 07:38:28,0,6,6,退课吧
123156,7528,庞虎,2020-05-14 00:56:12,3,17,14,上课不知道说些什么东西，一股愤青的样子，又是说什么发论文国外期刊是让西方把握话语权，又是喷留学生说有种你别回来，回来就别抱怨，或者喷什么国家现在都是一帮戏子。。。\n\n没想到我浙还有这种水平的导师，佛了
123269,7528,庞虎,2020-05-27 06:23:30,4,10,6,习中特“文化”专题，结果讲了一堆“传统文化”，一股“国学”课即视感……说什么中国古代读书人都是不分学科样样都学的，所以出大师；现代西学东渐了分专业了，出不了门门精通的大家了。这不是十几年前网络毒鸡汤吗。然后扯什么民国四大美男，姑且当作活跃课堂气氛了。后面又谈起了三纲五常在当时的合理性，以及“规矩”的重要性……我不是说老师不能喜欢传统文化，但是你要上课讲这个，能不能开一门传统文化课去讲？\n\nps:ppt看上去也像十几年前的风格
125769,7528,庞虎,2020-09-14 06:45:28,219,247,28,小夫，我要进来了
126440,7528,庞虎,2020-09-27 02:30:29,3,14,11,课堂不严格，事儿少。但是庞老师的部分观点我是真无法苟同。讲外国对中国的意识形态渗透，举的例子真的偏激，说“公费留学生80%不回国，庚子赔款建起来的某校就是给国外培养人才”等等。这还是中特吗？没有思政哲学课的“科学”属性。
126441,7528,庞虎,2020-09-27 03:06:14,0,16,16,再补充一句（真的是被他憋了一节课不吐不快），虽然我本人坚决抵制地域歧视，但总感觉这位老师身上充满了网上各种对沙东男士的刻板偏见：审美低下，大男子主义，蜜汁自信，反同反弱势群体，儒学爱好者，粉红自干五，阴谋论，鼓吹武统……感觉他随便说一句话就能打好几个tag，槽点多到我甚至一度怀疑是不是反串黑。但最后事实证明我还是高估他了。
129905,7528,庞虎,2021-01-13 11:00:53,-7,8,15,上网课还好我一直关着声音，听了线下的课哈哈哈哈哈哈哈哈哈，不仅是上大学见过的最可笑的老师，还一直发出声音让我嘲笑他不让我写作业，无能狂怒
129949,7528,庞虎,2021-01-14 05:22:18,11,14,3,虽然思想确实比较迂腐，但是对同学的不同观点还是非常包容的（讨论课只要认真准备，努力脱稿，都会给高分）\n\n\n\n这学期恢复线下教学了，但他还是让同学们都做线上调研（防疫），看得出很为学生着想\n\n\n\n事少给分不错，而且毛概也不是只听他的专题，我觉得选庞虎上课是很舒服的
129981,7528,庞虎,2021-01-14 13:35:16,22,32,10,看了评论，大家对于胖虎老师的一些观点归结起来就是老师比较古板，与一些年轻的主流思想格格不入这样子，ppt老旧啊，举的例子比较迂腐啊什么的。\n\n但老师确实也有那种老老实实做学问的儒雅风范，为学生着想也很多。可能老师获取信息的渠道还是比较传统，上网的本领也需要锻炼吧。
131256,7528,庞虎,2021-01-27 00:38:35,5,8,3,有点憨憨，不过还挺可爱是怎么回事？
132622,7528,庞虎,2021-02-03 02:23:49,-6,11,17,出分巨慢，给分还让我绩点降了0.3，不想多说什么
135981,7528,庞虎,2021-06-07 12:17:51,2,3,1,小夫那个泥垢了（
136018,7528,庞虎,2021-06-09 11:13:07,4,12,8,想问下观点是不是要基于事实？。。举几个例子体验下吧，胖老师语录：“美国军事上不行的”“专业课教科书从头到尾都没有中国人名字，这个导向有问题，是西方意识形态渗透”“官员腐败是西方颜色革命”“华盛顿（人）贪婪成性”“中国没有宗教信仰传统”……\n\n还有一句：“到2050年的时候中华民族就实现伟大复兴了，还有21年，我一定要好好锻炼身体，一定要亲眼看到那一天，那样就算我马上over我也愿意啊，要不然我死不瞑目了！”\n\n相信各位会自己作出判断
136053,7528,庞虎,2021-06-10 10:55:52,3,5,2,讲课认真，兢兢业业
136054,7528,庞虎,2021-06-10 10:51:06,-1,5,6,老师人超级好，认真负责还幽默～助教很nice，课代表也认真负责。给分很好！
136661,7528,庞虎,2021-06-22 14:11:39,-1,3,4,点名会提前通知的好老师
137082,7528,庞虎,2021-06-30 14:31:03,0,6,6,给分很好，把我均绩上了0.3
138897,7528,庞虎,2021-07-11 15:21:26,5,8,3,挺好的挺好的老师。第一节课的自我介绍就让我觉得他特别真诚，我也感受到了他对学科的热爱，坚定的信仰。给分很好！
139253,7528,庞虎,2021-07-14 00:26:54,16,46,30,谢谢老师，让我大三狗有机会和喜欢的妹子分到了一组，不仅收获了绩点，还收获了女朋友
139383,7528,庞虎,2021-07-15 03:23:07,0,6,6,庞老师给分好，选就完事
139894,7528,庞虎,2021-08-12 11:07:17,2,3,1,给分不差，高分是大部分，但是平时分公布考勤外的，一旦考勤出现bug，你想沟通老师和助教是不会理你的。总之庞虎的课建议期末前就跟助教确认考勤情况，不然gg
141611,7528,庞虎,2021-10-17 13:20:55,-2,2,4,好好好
142922,7528,庞虎,2021-11-17 11:01:04,4,6,2,反智，我只想说这一个词
143381,7528,庞虎,2021-11-24 14:41:13,1,5,4,我真的无语了，手机网卡住没在规定时间内签到一下课就去找助教，说不能补签？..
145237,7528,庞虎,2021-12-28 11:46:42,0,2,2,。。。
145902,7528,庞虎,2022-01-04 04:47:31,0,3,3,很不错
146582,7528,庞虎,2022-01-07 03:35:16,6,11,5,平时分给的是什么玩意，比别的班第一个档次，无语了
149203,7528,庞虎,2022-01-14 18:20:23,1,6,5,关于上课 中规中矩 一板一眼\n\n关于考勤 与课代表有关 21年秋冬相当乱\n\n具体 第一次考勤只在上课时钉钉群通知 原来上课时不看消息是有问题的？！ 虽然经过反映 这次考勤取消 但是 第二次考勤 改成了下课时在黑板上写几个字说要考勤？！ 主要是这样子做明明在场的同学错过也不能补签啊 反而是线上统计时长比较好\n\n关于平时分 整体较差 建议找有课代表的组 给分较好\n\n关于考试 毛概书和学习问答\n\n总体而言 胖虎老师是个还可以的老师 但是与其他老师横向对比 有一定差距 可以换时尽量换
149204,7528,庞虎,2022-01-14 18:04:49,1,3,2,。。。
149364,7528,庞虎,2022-01-15 07:28:00,2,4,2,【21秋冬习概】考勤太乱了，课代表群里通知签到，认真听课的同学反而看不到。平时分给的较差，但是最后考试分貌似给得挺高。
149838,7528,庞虎,2022-01-17 08:33:11,2,10,8,老师挺好的，比较温文尔雅，而且愿意听学生的意见，最后卷面分给的比较高。
150823,7528,庞虎,2022-02-19 06:03:34,0,1,1,。。。
151732,7528,庞虎,2022-03-14 05:53:19,13,13,0,暴论比较多，说话是真的不严谨，不知道是不是因为对实际社会观察比较少。
152603,7528,庞虎,2022-04-17 02:58:46,1,1,0,。。。
153269,7528,庞虎,2022-04-27 09:17:21,21,24,3,小粉红中的老战狼……
153280,7528,庞虎,2022-04-27 11:09:33,0,1,1,你不了解的东西能不能不讲，讲你自己的课得了。
153549,7528,庞虎,2022-05-04 13:27:36,10,11,1,有些暴论我真的无语……
154085,7528,庞虎,2022-05-23 03:37:20,4,5,1,可怕的观点，当成个人秀了吧
154352,7528,庞虎,2022-05-30 18:56:25,13,19,6,开场半个小时废话。一节课还没有展示同学的信息量大。三纲五常挂在嘴边，认为三纲五常好又不满意家里听女方的，就是想自己做主人呗，也不看看孩子是谁生的，是谁照顾的，听妈妈的话有问题吗。还将后宫和深宅大院的女性悲剧归结于女性争风吃醋，认为应当夫为妻纲整顿风气，却不知封建时代的女性悲剧就是女性没有独立的劳动权和财产权力，夫为妻纲是一切悲剧的根源啊！这怎么还是解决措施了，因果颠倒，夹带私货，不知所云。你要是真的支持这个策略不如妻为夫纲试试看，反正只是要有一个权威稳定社会关系罢了，你怎么不子为父纲呢？就不能想想平等的关系吗，就非得在人与人之间建立等级权力关系？还有招个学生感觉自己给了天大的恩赐，学生应该感恩戴德，不好好学习就赶出师门，以骂哭女同学为傲。从来不懂得沟通和尊重是吗？这是清朝来的老夫子吗？也不看看真正的好老师是什么样子的，人家以身作则，以兴趣引导学生，给予足够的指导和支持，尊重学生的职业规划方向，是你这样学生不努力就骂就威胁要赶出去的吗？当你学生真是倒八辈子霉。真是忍着恶心听完中特的课程，感谢老天再也不用见到他了。
154909,7528,庞虎,2022-06-06 23:32:06,5,6,1,膝盖大作业说什么论文字数超上限不扣分，书币一个
155298,7528,庞虎,2022-06-10 10:07:28,6,10,4,臭傻B
155479,7528,庞虎,2022-06-13 11:05:17,8,12,4,垃圾老师，平时分比其他老师低10来分，慎选
155506,7528,庞虎,2022-06-14 01:17:15,20,22,2,垃圾，快跑！
155520,7528,庞虎,2022-06-14 02:26:34,31,34,3,这辈子没拿过这么低思政平时分
155527,7528,庞虎,2022-06-22 12:59:57,25,32,7,几乎节节课点名，结果平时分出来发现整个班级的平时分比别的班低6-10分，毛概平时分占60%哦，还是5学分的课，你就会发现你的心态有多炸。\n\n————\n\n成绩出来了，修改下评论，老师人还行，但平均分确实没有别的老师高，尤其较低分的组比别的班低好多，对绩点有追求的建议选别的老师，实在不行去课代表的组。（有评论说最后调分，我不是很认可，建议看下査老师均绩，不是倒数？
155560,7528,庞虎,2022-06-20 14:48:51,15,20,5,平时分确实很拉跨，比别的班低了10分左右，最后骗我们期末也不通融，搞得大家也很生气，从2022年6月上旬一直到19号出分前全是在骂，疯狂刷1分。但是最后感觉狠狠调分了。lz所在的小组又讨论了一下成绩，都发现普遍挺高，确实狠狠调分了。大家从6月19号后查老师评论上没人骂了也可以看出来，证明给分还行。\n\n平时还说的过去，没什么问题。综上：ph不一定是最好的，但绝对不是特别不近人情的老师，还是可以选的
155564,7528,庞虎,2022-06-14 10:02:20,34,55,21,日你妈个巴子，几乎节节课点名，结果平时分比别的老师低10分？老子一锤干碎你婊子妈的头盖骨
155569,7528,庞虎,2022-06-14 10:58:17,8,8,0,平时分比其他班低一个档次。
155582,7528,庞虎,2022-06-14 12:30:44,5,6,1,快跑\n\n真sb
155625,7528,庞虎,2022-06-14 19:51:55,-19,12,31,怎么说呢，我觉得庞虎老师介绍的时候就说自己是农村出身，他这样背景能在浙大教书也是不容易的。因为是马克思主义给他的工作，他肯定在观点上对党和国家是比较感激的。尽管观点上很多时候他确实片面，拿一些同学话说是迂腐，但对本科生和自己工作他是比较负责而且会为同学考虑的。之前看到他上课前坐在走廊外面桌子上翻课本备课，很少老师会这样。
155786,7528,庞虎,2022-06-16 02:57:17,11,13,2,lj 毁我青春！
155792,7528,庞虎,2022-06-16 04:24:14,1,3,2,不为难学生
155800,7528,庞虎,2022-06-16 05:01:18,8,8,0,很傲慢的一个人
155803,7528,庞虎,2022-06-16 05:02:59,19,21,2,老师，你上十大啦
155835,7528,庞虎,2022-06-16 07:28:37,5,5,0,傻逼c
155850,7528,庞虎,2022-06-16 09:46:05,5,5,0,傻逼一个
155869,7528,庞虎,2022-06-16 10:47:40,2,2,0,000
155879,7528,庞虎,2022-06-16 11:56:50,2,3,1,第一次课：学这课是为了考研
155910,7528,庞虎,2022-06-16 13:39:23,2,2,0,拟态baby辣
155995,7528,庞虎,2022-06-17 04:35:41,0,1,1,无呜呜呜
156279,7528,庞虎,2022-06-18 15:53:50,3,4,1,ph给分是真不行，组长课代表联合跟他反馈了调分的建议他也不听，别选，平时分比其他班低五六分，他说期末考卷也绝对不会宽限的，不说了，快逃
156894,7528,庞虎,2022-06-21 09:47:15,2,2,0,这么低的平时分也是能打出来的啊
157165,7528,庞虎,2022-06-22 07:00:29,22,25,3,老师讲得很好，听完都很受益，坚定了要润的决心。十分送给老师，谢谢老师！
158788,7528,庞虎,2022-07-02 07:48:25,13,13,0,水平低劣，不学无术，纯纯混子\n\n混的不好的那种
161624,7528,庞虎,2022-11-09 12:58:45,19,23,4,垃圾，纯纯的垃圾\n\n听他说话简直就是在污染思想\n\n小粉红中的小粉红，原则只有一个：不犯政治错误\n\n完全没思想，大部分时间在黑美国
162060,7528,庞虎,2022-11-16 11:33:56,0,2,2,很难想象其真实水平
162070,7528,庞虎,2022-11-16 11:56:03,5,6,1,你啥时候出生的和我有半毛钱关系？
164227,7528,庞虎,2022-12-19 12:34:42,2,4,2,啊这么差吗？我听过他上课，觉得没啥问题呀，给分我不知道，因为不是他班上的。难道大家觉得其他毛概老师就好很多吗？
164685,7528,庞虎,2022-12-23 10:53:05,-3,2,5,老师永远的神！！！！！！！！！！！！！！！！！
165275,7528,庞虎,2022-12-30 17:23:28,0,1,1,上的是研究生的中特课程，只能说完全听不下去，前四节课的方老师讲的好多了
165415,7528,庞虎,2023-01-04 14:19:58,1,2,1,习概给分比其他老师低多了，事情多，分组大，还喜欢点名，适合喜欢找不痛快的同学
166315,7528,庞虎,2023-01-12 02:38:53,5,7,2,依托答辩
166350,7528,庞虎,2023-01-12 04:47:50,3,4,1,一坨屎一样的老师 操你妈
166869,7528,庞虎,2023-01-14 03:55:08,-7,4,11,习概给分还不错吧，我看我们班平时分各组也就扣了四到七分，考试有道大题写歪了最后4.8挺好的了
169991,7528,庞虎,2023-03-01 02:33:29,0,1,1,呃呃呃
171044,7528,庞虎,2023-03-15 02:37:25,6,7,1,上课全是陈腐思想，感觉根本不懂意识形态以外的任何知识，太恶心
172368,7528,庞虎,2023-04-25 12:03:42,3,3,0,水平低下
172924,7528,庞虎,2023-05-10 03:01:20,7,9,2,“世上只有妈妈好有意识形态问题，至少也要爸妈好”\n\n“家里只能有一个权威，否则会崩溃，我家小子就只听他妈的，我在家就是个小绵羊”（所以只有“我”是最高地位才是合理的）\n\n“三纲五常发挥了巨大的安内作用”\n\n你没事吧
173149,7528,庞虎,2023-05-14 11:38:22,8,8,0,反智，听他一节课智力下降50点
173278,7528,庞虎,2023-05-17 12:57:45,4,5,1,傻呗玩意
173492,7528,庞虎,2023-06-04 06:34:02,0,1,1,发重复了
173518,7528,庞虎,2023-05-27 14:56:32,8,10,2,言论逆天，什么大学退出泰晤士排名是爱国，从来不进寺庙说敏感从来不信这些，还有什么大学课本里都是外国名字，给中国学生洗脑，可是那些典型学者理论提出人确实是西方的呀……太多槽点了，总之立场至上，不论事实，迂腐守旧
182511,7528,庞虎,2023-11-17 00:21:04,1,2,1,受不了了根本听不下去
183332,7528,庞虎,2023-11-24 01:51:19,0,3,3,是个具有大国情怀和强烈爱国情感的好老师
183342,7528,庞虎,2023-11-24 03:02:59,-2,3,5,成绩无关，上课如同逼着喂你吃屎；根本没有国际视野的老师，完全是个阿谀奉承时政的人精；本来还期待能学到点内容的，结果长达三个小时的课基本全程都在毫无根据的拉踩😓
187056,7528,庞虎,2024-01-14 09:31:13,-1,3,4,点名，而且鼓励恶竞。最后是恶心人的发言题，自己瞎几把什么毛泽东思想都不讲，净在那里跟我说毛泽东的什么奇闻异事啊日常生活啊，我上毛概不是为了听相声。\n\n平时分给分极差，考试估计不怎么捞，差。助教也差，什么帮助也不提供，阿谀奉承，牛马的点名
187933,7528,庞虎,2024-01-18 00:22:23,1,4,3,感觉上课很有意思\n\n最后给分也挺捞的\n\n没有查老师说的那么吓人
190382,7528,庞虎,2024-02-29 04:11:26,8,8,0,看到那些人气评论我感到很震撼，老师没有那么不好，最后一节课还会划重点，要听的话总能学到一点东西，当然毛概考试完全靠看书。但那位同学语言太过激了，骂人父母还在乎什么平时分，如果这样的人在思政课平时分高才奇怪吧
196080,7528,庞虎,2024-07-01 12:37:34,0,0,0,毛概\n\n老师感受下来并不算糟糕，也比较体谅同学了。不鼓励恶竞，只布置了毛概课所要求的最基本任务。不过平时分确实没有某个老师给的高，这个确实得认。但是也不是不能选，因为这样的差距也就是从卡绩点到不卡吧，选不上好老师的情况下可以选。并不是说是坑
197676,7528,庞虎,2024-07-27 08:37:01,0,0,0,老师不点名，今年小组任务是两次展示两次讨论，平时分本人91，个人感觉重点在于考试，可以到98上找找资料，多背一些大题，最后一节课跟老师画好重点，好好复习评分不会差。
201812,7528,庞虎,2024-11-06 12:22:43,3,3,0,对思政课的恶性刻板印象就是被这些老师加深的
123688,7573,余根雄,2020-06-11 13:30:39,-9,8,17,老师不错 网课没见过本人，只听过声音，感觉很年轻
124289,7573,余根雄,2020-06-28 16:24:14,8,19,11,事多分低
124290,7573,余根雄,2020-06-28 16:50:59,18,29,11,认真复习了，考试感觉答的还行，出分被暴击，成绩创所有课程新低，可能是考几分就给几分吧
124294,7573,余根雄,2020-06-29 00:32:43,9,14,5,分太低了啊，觉得论文和考试都特别努力，为什么却没有一个好的回报？慎选新老师
124297,7573,余根雄,2020-06-30 06:55:52,4,9,5,分太低的
124309,7573,余根雄,2020-06-29 03:59:22,-13,6,19,老师是新老师，论文好好写，因为疫情只有一次展示，考试字数写的比较多，但好像也没怎么答在点子上，4.2
124332,7573,余根雄,2020-06-29 09:54:15,8,16,8,事多分少的一个老师，同样的一张卷子，别的老师调分，他不调分，觉得不公平于是去问老师，已读不回。用原始成绩，4.2都是高分，相当固执的一位老师。
124337,7573,余根雄,2020-06-29 11:18:04,4,7,3,分数出乎意料的低
124347,7573,余根雄,2020-06-29 13:01:40,4,9,5,垃圾垃圾垃圾，事多给分低，还固执，憨憨老师
124417,7573,余根雄,2020-06-30 14:40:05,4,8,4,事多分少
124996,7573,余根雄,2020-08-04 12:29:08,5,11,6,考试不调分，一堆三点三，和他费了半天口舌也没用，上课讲的都不考
125127,7573,余根雄,2020-09-01 12:36:54,1,5,4,老师人是不错，但是给分也太裂了，3分的大课真的想哭
126226,7573,余根雄,2020-09-20 06:16:35,5,8,3,辣鸡老师
126370,7573,余根雄,2020-09-24 02:54:25,7,10,3,迷惑行为，迷惑老师。事情贼多，讲哲学的一点不哲学。鼓励鹅颈，直接说自己给分低，不给高分。
131388,7573,余根雄,2021-01-27 10:07:07,1,3,2,上课好啰嗦好多废话，还不如方老师讲得好
131836,7573,余根雄,2021-01-29 08:51:12,2,5,3,给分不行
131848,7573,余根雄,2021-01-29 06:15:14,25,35,10,老师不是每节课点名，一共点了三次，还有小组展示需要到场。然后上课的话，惭愧我没怎么听过（思政苦手默默流泪），老师上课的时候会视察一圈，但是基本不管又默默坐回去。比较有自己的想法，确实不怎么按考试内容讲，考前会说:“看到有同学在看我的课件，我的建议呢，是别看了，考不到的”太实诚了吧哈哈哈哈\n\n然后专门拿了一次课给我们划重点，考前还特地进行了一次线上答疑。\n\n还有，读书报告加分。\n\n老师现在改变啦，不绩杀了（听了好几个同学都是这样）而且真的好负责哦😂 😂 总之最后成绩出来4.5超级满意啦!
131869,7573,余根雄,2021-01-29 07:11:46,4,6,2,给分还行
131923,7573,余根雄,2021-01-29 10:02:54,1,2,1,还行吧，虽然讲课确实比较枯燥。
132376,7573,余根雄,2021-02-01 07:17:12,1,3,2,其实今年还可以
132902,7573,余根雄,2021-02-04 16:55:06,2,4,2,给分不太好
133145,7573,余根雄,2021-02-10 09:48:49,0,1,1,还行吧
133220,7573,余根雄,2021-02-19 07:55:16,1,3,2,比以前好多了
134277,7573,余根雄,2021-03-22 15:28:57,2,8,6,这学期（2020-2021学年秋冬学期）的老师有所改变啦！马原事情也不多，给分档也很明确，考前划了重点，虽然上课还是有些小无聊，但最后成绩出来真的特别好！本来很害怕绩杀的。上课没认真听，只能来这里补偿下
137800,7573,余根雄,2021-07-06 07:39:01,0,1,1,事情就一次个人展示和读书报告，给分也蛮不错
137953,7573,余根雄,2021-07-07 00:58:21,10,12,2,老师很好，备课很认真，虽然人少但还是很努力地把课上好，语速是有一点偏慢的，给分也很不错。老师真的很为学生着想，教我们怎么阅读名著怎么写论文，还因为考试形式改了安排了模拟小测，也很尊重学生的想法。老师也很有趣，印象最深的是上课还放过张艺兴的《莲》来讲文化什么的，还有放《西游记》选段讲古代哲学思想的，希望大家能选老师的课！这学期收获挺多的，很感谢老师～
138658,7573,余根雄,2021-07-10 06:47:19,6,7,1,在社会主义发展史这门课上，余老师和其它几位老师比起来略有逊色，讲课经常停顿，可能是准备不充分吧
147401,7573,余根雄,2022-01-10 02:42:19,3,7,4,真心不错朋友们，别看评分低。课讲得也不算太烂，一些例子都还可以。摸了一学期，平时成绩看了眼大概中等差不多，喜提3.9，很满意了。有什么事都会提前通知。
147402,7573,余根雄,2022-01-10 02:45:27,0,1,1,老师人挺好的，不过我太菜了
147428,7573,余根雄,2022-01-10 03:20:35,5,6,1,不错，会捞了，能选
147438,7573,余根雄,2022-01-10 03:42:05,3,4,1,老师挺好的 小测啥的会提前说（两次 一次主观题开卷 书上都有 一次闭卷 线上答题60个选择） 重要的是没有论文！！！ 不过最后这个考试也挺重要的吧
147439,7573,余根雄,2022-01-10 03:42:02,1,2,1,老师挺好的 小测啥的会提前说（两次 一次主观题开卷 书上都有 一次闭卷 线上答题60个选择） 重要的是没有论文！！！ 不过最后这个考试也挺重要的吧
147497,7573,余根雄,2022-01-10 05:44:35,2,3,1,挺好的 无论文
147499,7573,余根雄,2022-01-10 05:50:31,3,6,3,没有论文和读书报告，一点都不卷\n\n发言也没有平时分\n\n一次展示也很水hhhh\n\n就两次小测，一次开卷基本都满分，一次闭卷\n\n期末也就这样\n\n给分还可以的，大胆选他
147507,7573,余根雄,2022-01-10 06:10:09,12,14,2,老师在改变了。会捞的，没有前面评论那么可怕，没有读书报告，没有论文，只有两次小测，一次开卷主观题，一次“半开卷”客观题，老师真的很好，这学期马原感觉没什么论文负担，论文苦手狂喜！！！ygx值得
147511,7573,余根雄,2022-01-10 06:20:16,1,2,1,老师有在改变，给分不错，事情也很少
147520,7573,余根雄,2022-01-10 06:33:37,5,6,1,事少分高（个人经历）
147557,7573,余根雄,2022-01-10 08:20:27,9,13,4,来帮老师把分刷高点，老师还是不错的
147580,7573,余根雄,2022-01-10 08:49:40,1,3,2,老师很好 和之前的评论挺不一样的
147620,7573,余根雄,2022-01-10 10:22:15,7,10,3,老师真的已经很好了 这学期开始会捞人了\n\n放心吧朋友们 可以选
147786,7573,余根雄,2022-01-11 00:46:44,1,3,2,这学期我选的是老师的马原。老师会公布平时成绩，但是不会给最终分数，因为他会按照我们的期末分数来捞我们。老师讲课也还不错，没有像之前评论里讲的那么无聊（也可能因为我要求比较低）。这学期老师的马原不用写论文，平时成绩由小组展示、开卷考（主观题）、闭卷考（选择题）三部分组成，爱了。
147841,7573,余根雄,2022-01-11 03:35:34,0,3,3,虽然自己的分数比较失望吧，但是平心而论老师很认真，讲得也还不错
147868,7573,余根雄,2022-01-11 04:38:42,0,0,0,没有论文
147871,7573,余根雄,2022-01-11 04:49:14,-1,1,2,事少，也捞人\n\n分高不高不知道。思政课总得有人被正态，我是被正态了。\n\n老师很好的，各方面
148150,7573,余根雄,2022-01-11 15:47:51,-3,1,4,老师这学期不绩杀了，讲课和给分都很好，就是小测可以更规范一点，说好的闭卷小测一半多人查手机
149024,7573,余根雄,2022-01-14 07:22:10,-1,2,3,事情是真的少，给分也还行不算差，挺不错的
149903,7573,余根雄,2022-01-17 16:00:54,2,2,0,我只能说给分真的一般
151098,7573,余根雄,2022-02-23 03:44:56,-1,2,3,思政好老师
160769,7573,余根雄,2022-10-10 12:32:11,2,5,3,讲课水平太差，没有干货，没有任何知识性可言，自己也没有什么知识和思想，一点都不专业，尽在胡说八道和念PPT，所有社会主义发展史的老师就他这么差劲！
161074,7573,余根雄,2022-10-26 01:02:04,2,7,5,社会主义发展史的小测题简直离谱！这只是一门通识课，又不是马克思主义原理的专业课，为什么小测出这么专业的简答题？！题目都看不懂，差点交白卷，最后只能抄材料。。。理工科生慎选，小心挂科。。
161401,7573,余根雄,2022-11-06 05:55:06,0,3,3,上余根雄老师的社会主义发展史，感觉老师还是挺负责的，PPT也挺充实，去问了几个问题也有回应。但是社会主义发展史每节课都是不同老师上，分不太清楚老师，学在浙大上给授课老师评分时把老师和另一个PPT短小精炼（）上课时不时歇会的老师（虽然这个老师确实是上了一天课很累了所以也能理解，但是介于从这位老师这儿我确实没学到多少东西，分数也不能打太高）弄反了。意识到时为时已晚，提交的评分没法改。遂在查老师补个高分。
161406,7573,余根雄,2022-11-06 09:31:06,3,5,2,社会主义发展史，出了分数就把钉钉群解散
161805,7573,余根雄,2022-11-13 16:11:05,1,3,2,今年社发给分满好的
162736,7573,余根雄,2022-12-05 11:30:12,2,3,1,讲课讲得很慢，一页ppt念10分钟。建议上不出什么内容可以快点讲完下课，没必要拖时间到下课铃响
163292,7573,余根雄,2022-12-12 07:45:13,-6,4,10,社会主义发展史这门课里最烂的的老师，自己能力不行还端架子，一副官老爷脾气和流氓脾气，这种人能在世界一流大学中待下去也是个奇迹。
164869,7573,余根雄,2022-12-27 05:01:30,-7,3,10,真的官架子，别人问的问题全都已读不回，一直装死能装几个月，谁遇到这样的老师算谁倒霉。。。。。。。。。。。。。。\n\n真的无语。。。。。。。。。。。。。。。。。。。。。。。。。。。。。。
165590,7573,余根雄,2023-01-08 14:07:27,1,3,2,今年上的挂在余老师名下的社发史，事少给分好每个老师都能让你学到东西\n\n事少：2次小测，提前一周公布范围，科社、苏联社会发展史等的内容考到的概率大一点？（今年2次小测一个是中国为什么是社会主义而不是别的什么主义，这个思修书本上有原题好像；另一个是考斯大林模式），都是ppt上出现过的内容，有准备就行。课堂氛围很轻松，我真的狂水hhhhhh助教xjj学在浙大点名（没点上可以下课后找xjj补签XD），期末一篇论文没有考试，余老师还特意讲了论文的一些思路和出发点，我是理科生但是照老师的建议选择了自己稍微感兴趣的部分展开来写了，也不算费力（当然卷王请忽略我）\n\n给分感觉今年都挺好的，我自认没有花费什么额外的功夫也上4了（但是感觉4.8以上可能会很难？）\n\n真正的给人思想上的一些延伸和对马克思主义的更深的了解吧。理科生听得很喜欢！
165683,7573,余根雄,2023-01-09 09:07:55,10,12,2,马原：\n\n展示+论文+小测+期末。事不多，上课可氵可听，作为思政老师还是蛮好的。小测和论文都自我感觉很烂，但是给分真的超级好。\n\n可以选！
166033,7573,余根雄,2023-01-11 01:52:13,2,3,1,绩点给的是真的低
166127,7573,余根雄,2023-01-11 07:19:34,-1,4,5,社会主义发展史给分好，2次小测+论文都没花什么力气，结果绩点4.8，555555555我爱老师，而且社会主义发展史真的很有意思啊，当故事听也很好听。
166249,7573,余根雄,2023-01-11 14:28:26,0,1,1,老师这学期社会主义发展史挺不错的\n\n好好对待两次小测和课程论文，绩点不会太低
166373,7573,余根雄,2023-01-12 05:57:08,2,3,1,今年网课所以小测不太难，我觉得占比重大的就是结课论文，好好写可以满，终于感觉付出与汇报成正比了一次，不枉我绞尽脑汁一天码字。
166539,7573,余根雄,2023-01-12 16:36:27,3,3,0,不知道为啥绩点3.几，看有人说4.8+很轻松，不明白为什么……两次小测都非常认真，论文理工类学生也已尽力，字数没问题，结果完全不像4.8+的同学说的那样轻松拿下……自己真的尽力了也很认真对待，点名也都到了，不知道为啥会这样……没有奢望4.5+但至少给我上4吧 TAT
168966,7573,余根雄,2023-02-24 01:21:48,0,1,1,社会主义发展史，两次开卷小测，八节课八个老师，有的上的有趣，而且课都可以水，三千字的论文写了四千出头，4.5
169331,7573,余根雄,2023-02-25 12:28:23,1,1,0,社发给分一般
171749,7573,余根雄,2023-04-04 02:57:48,1,1,0,上课仔细琢磨老师的哲学思维，然后再花点时间写论文，主要是自己的想法和思考。总体感觉好好做展示，期末稍微认真复习一下，论文是自己的思考话老师应该给分不会太低。最重要的是感觉老师讲的马原感觉还带有点原汁原味，喜欢哲学的伙伴应该会很开心。
171966,7573,余根雄,2023-04-14 04:17:32,0,2,2,老师马原给分超级好的！\n\n一篇读书报告+一次小组展示+期末考试，不卷发言，期末好好准备可以轻松满绩，也可以给老师看看写完的读书报告，他会提出一些修改意见的！
175759,7573,余根雄,2023-06-26 12:17:07,12,12,0,强推余老师的马原！！\n\n平时事情等于没有，一次小组展示加读书报告，不用卷发言什么的。\n\n会有雷达点名，最后一节课是小测，一学期上下来还是非常轻松的！\n\n给分很好！强推！
175907,7573,余根雄,2023-06-27 05:55:02,6,9,3,印象中都是助教点名，好像点了两次还是三次？平时上课没怎么听 点名都在 一份读书报告➕考前小测选择题开卷➕期末考试，期末考试和专业课撞在一起了只有一个小时预习马原，出分93感谢老师～～
180188,7573,余根雄,2023-09-20 13:21:40,1,1,0,老师很好，很可爱
185562,7573,余根雄,2024-01-02 07:26:18,3,4,1,上的是马原的课，讲的挺好的，最重要的是给分很好，复习两天，考了满绩
186260,7573,余根雄,2024-01-10 07:24:39,1,1,0,老师很好
188041,7573,余根雄,2024-01-18 05:16:54,0,2,2,老师很好，马原事少分高
188140,7573,余根雄,2024-01-18 09:20:23,2,2,0,挺好的，事少，给分也不错，思政课反正就那样（对于我这种划水的）
188248,7573,余根雄,2024-01-18 13:24:25,1,2,1,马原一篇读书报告一次小组展示，签到课前助教会来点，最后一节课小测。给分也很好。
194857,7573,余根雄,2024-06-25 17:28:11,0,0,0,感觉拿高分还是要中规中矩一点，尽量迎合吧
195197,7573,余根雄,2024-06-27 06:32:17,-4,2,6,个人感觉事少分低
198900,7573,余根雄,2024-09-12 15:32:34,0,0,0,事情很少，不卷发言。但是今年春夏给分似乎没有以前评价的那么好
199220,7573,余根雄,2024-09-19 10:42:28,5,5,0,老师长得不错，分也可以，不错。
203906,7573,余根雄,2024-11-22 02:06:33,6,6,0,老师点名都会提前说！一学期也就两三次！而且真的很体恤学生啊啊啊！都让我有点惭愧从来没听过课了，感觉老师每次在上面讲课下面没人理，老师又默默的继续，真的看着有点心疼😭老师真的很好！就算还没有考试出分，但无论怎么样我觉得他就是很好！不应该只有这点分！
208957,7573,余根雄,2025-01-03 14:52:55,5,5,0,会雷达点名。但是课很不错，一点都不水，人也比较温柔，9分\n\n有时候感觉老师很无奈，认真讲的课但是没有人听
210333,7573,余根雄,2025-01-09 02:39:41,5,6,1,上课讲得很好，可惜听的人不多，会点坐得考前的同学，很温和客气，给分也很好，强烈推荐！！！
210348,7573,余根雄,2025-01-09 03:20:08,2,2,0,老师人很好，上课很有热情，期末补签也会帮忙，赞赞赞
210449,7573,余根雄,2025-01-09 07:40:48,2,2,0,老余，出分了，你真是天使，我再来给你个10分。给我把他的分数刷上去啊！！！
210466,7573,余根雄,2025-01-09 08:05:48,2,2,0,老师人真的超级好！讲课中规中矩，会雷达点名，一般在中间下课点 也会有一开始就点的。事情很少，给分是真的好啊啊啊啊啊啊啊啊啊超能捞！！！！！
210561,7573,余根雄,2025-01-09 10:55:05,0,1,1,马原是一篇读书报告，一次小组展示，三次（或以上？）签到，一次小测（50个选择题），事情不算多，给分也可以，推荐捏
211044,7573,余根雄,2025-01-10 11:43:37,0,0,0,强烈推荐！！
211098,7573,余根雄,2025-01-10 15:26:11,0,0,0,老师我的超人！
211304,7573,余根雄,2025-01-11 07:19:42,0,1,1,好老师，点名少，基本在课间点，数字点名（好像是助教不会雷达），一篇论文，一次小组pre，一次开卷小测（全选择题），比较轻松，给分也捞，感谢老师。
211448,7573,余根雄,2025-01-11 12:38:35,3,3,0,本学期是一篇读书报告，一次小组合作展示，三次点名，一次小测，给分还可以吧。\n\n\n\n总体来说老师班里不卷，甚至可以说是完全放羊了，基本是老师讲同学在下面干自己的事，虽然会下来走一圈但是不会管，反而会因为你没听不叫你回答问题。发言和读书报告、小组合作都没人卷。\n\n\n\n我感觉余老师是对这个领域有深刻认知的，经常会叫前排同学来回答问题，有时候在课堂提问和展示后提问会问一些比较敏感的问题，同学自然很难回答，但老师也确实有能力把这些问题讲清楚，我也是有所收获的。老师经常能够对一些不好区分的东西进行一针见血的辨析，很有水平，不过马原这课的局限也在这里，虽然老师不严格按书本考试内容来讲但是许多时候依然会让我感到欲言又止，有一次我跟室友说我听过马原的课，他们都很震惊。\n\n\n\n小测是学在浙大上的50道选择，最后一周考，50分钟，题目有难度最好提前看一遍书，不然翻书可能来不及，之后会公布答案，可以查漏补缺。我印象里老师好像没有划重点专门过一遍复习，也可能是我上课没听的缘故。\n\n\n\n我影响很深刻的是课前老师都会在前排看手机，我走进来经过他的时候他会他会抬头打量我，然后起身坐到讲台上看着，莫名感觉老师挺可爱的，希望不是因为被我吓着了
213745,7573,余根雄,2025-01-19 11:40:00,2,6,4,ygx老师的社发史+马原都满了！马原事情很少，一篇读书报告+一次小组展示（不卷，老师更看重内容深度和理解问题）+一次随堂小测（30分钟开卷50道单选，有点来不及，但是给分的时候应该捞了），期末考试重点看了4、5章，高中选了政治，期末考试不太难
220890,7573,余根雄,2025-06-20 09:19:09,3,3,0,马克思主义原理\n\n1 写在前面，感觉老师很捞呀，谢谢老师捞我。\n\n2 个人感觉事情蛮少的，一篇读书报告，一次小测，一次小组pre，应该没了。偶尔点名，忘记点了几次了。小测是最后一次课测，50道选择题，最好提前准备把书上的内容过一过，个人感觉30分钟来不及翻书（没有准备的话）。pre大家都不是很卷，老师主要还是比较看重对问题的理解吧，读书报告也是。\n\n3 我感觉老师上课讲得挺好的，有好几节课我都听了。不听也没关系，大部分人都还是在干自己的事的，偶尔老师会叫较前排的同学回答问题。\n\n4 我小测错了十几道题，期末背了一点大纲，高中有政治基础，出分4.8，仅供参考。
220902,7573,余根雄,2025-06-20 09:50:24,1,1,0,老师基本不点名，就一篇读书报告和一次小组展示，期末前有一个开卷选择题小测，期末考会给范围章节，最后4.2，完全背不动政治的人已经满足了
220920,7573,余根雄,2025-06-20 10:44:07,0,0,0,很少点名，点名会提前在群里通知，上课也不卷发言，事很少，感谢老师捞捞
220921,7573,余根雄,2025-06-20 10:47:27,0,0,0,是我的错觉吗但感觉老师给分真的不太高，感觉就是改出来分很干然后平时分也没有任何提升……只能说感觉平时上课老师的确有在讲一些有帮助的东西但感觉整体的分数还是给的太干了。。
220953,7573,余根雄,2025-06-20 12:43:09,0,0,0,男神我爱你，马原海底捞。最后一道大题根本不会写，小测记错交卷时间少写了十几题，出分超乎想象的好，已突破能捞的全拉满之上限。事也不算很多，孩子们选他好吗
220969,7573,余根雄,2025-06-20 13:38:54,0,0,0,挺好的老师，上课讲解也很深入，生动有趣，点名会提前说，就点了三次好像，最后一节课是小测，50题半小时有点来不及，不过提前翻一下书可能会好一点，给分也会捞，高中不学政治觉得上课内容很有意思
220978,7573,余根雄,2025-06-20 14:12:12,2,2,0,喜提思政课目前最低分啊…老师本身还是很好的
221017,7573,余根雄,2025-06-21 03:29:35,4,4,0,上的是余老师的马原。\n\n我是高中物化生纯理并且大学读工科的几乎0基础选手。ygx老师相较于其他老师已经算事情很少很少了，最重要的是一点都不卷！一个不卷的小组pre，一个水水的读书报告，甚至点名前他会提前在钉钉群里通知。最后一节课会有个开卷小测，时间可能会有点紧，但似乎老师也会捞…？\n\n最后期末前我就背了一天，选择题至少错了五六题，谢谢老师捞我，最后4.8，供参考。
221586,7573,余根雄,2025-06-24 16:20:51,0,0,0,上的马原\n\n事少，不咋点名，点名还会提前通知！！读书笔记一篇+小组pre+最后开卷小测，期末闭卷考\n\n其实感觉余老师讲的挺好的，就是大家好像对于这种思政通识课都不怎么听（也是没办法。。）有时候会让前排的同学回答问题，问问题也认真解答的老师一枚。\n\n本人情况：高中有政治基础，考前看了好几天。。（精力不集中版）最后4.8\n\n另外bb一句期末考的客观题就像简化版的高中政治，选项和题干都不会那么弯弯绕绕，做的会比较快！但是大题目要自己挖仅剩的一点材料，匹配知识点这样。\n\n总之推荐选！
221930,7573,余根雄,2025-06-27 13:18:24,0,0,0,坐标25春夏马原，老师不为难人，两次点名都有提前通知，读书报告、PRE、小测等模块也交代的很清楚。本人平时完全没学过，期末考前对着极简提纲背了三小时，选择题全靠残存不多的政治素养瞎碰，最后虽然卡了91，但完全知足了（估计选择题可能都错了十几个），感觉老师应该还是挺捞的。
127229,7936,田亚,2020-11-16 07:21:31,5,15,10,别的不说，光是课前拿着长长的名单一个一个点名就烦透了，难道这老师不知道有一个东西叫学在浙大吗？
127698,7936,田亚,2020-11-26 01:16:21,6,27,21,马原课事情巨多，快逃。如果不是很有空的话，我觉得宁可这学期不要选马原也不要选田亚老师的。适合爱发言，会辩论，会翻译外文的同学……论文需要翻译外文，然后再手写四五千评述哦。并且，老师的给分制度较苛刻，比如要求课堂辩论的两组总共20评分差大于3，课间上厕所迟到扣10...对于我这种思政课不积极不喜欢卷的同学不是很友好反正。第一次打5分抱歉
127763,7936,田亚,2020-11-26 13:26:15,4,13,9,烂出了一个新的高度
128032,7936,田亚,2020-12-03 12:59:56,6,14,8,事情巨多，手写马原论文四五千字，没有课间还拖堂，辩论赛赛制混乱，而且辩论赛辩题是真的老旧
128147,7936,田亚,2020-12-08 10:54:07,4,12,8,快逃 不知道老师为什么会觉得自己布置的作业少……
128398,7936,田亚,2021-02-01 15:47:11,7,18,11,我觉得大家还是不要选老师的课吧，虽然老师明确表示会改正自己的问题，但是我觉得这个还是存疑。老师的上课其实还是不错的，有内容，有例子，但是老师总是想办法来刁难学生，我觉得不行。另外，给分还可以哎，因为当时被老师的过分操作给气到了，大作业是乱搞的，期末考也没复习，高中理科生，完全写不出啥东西，就在那瞎扯，我想按照田亚的性格可能直接给我挂了，但是最后上4了，这个还可以，不知道大家的得分怎么样？
128924,7936,田亚,2020-12-27 03:29:50,3,8,5,这老师期末论文让你找外国学者对中国问题的看法并且手写3000字评述，还要求大家不重复找，哪里有那么多外国学者整天找中国问题的嘛，难找到死，挺难搞的
128932,7936,田亚,2020-12-27 05:28:18,5,13,8,这老师带头制造鹅颈，什么辩论打分双方分差不能小于3分，还手写四五千评述。还有第一次辩论赛他竟然在各小组打分前做极具偏向性的评价，然后再让大家打了分交上去，我就疑惑了？这是真不知道什么叫公平，还是脑袋少了根筋。反正我是忍无可忍第一次弃修了，再见了田老师，希望您能来看看评价改进改进
129275,7936,田亚,2021-01-03 07:19:23,-2,2,4,看了评论感觉。。。
129287,7936,田亚,2021-01-03 15:23:10,0,4,4,快逃啊
129317,7936,田亚,2021-01-04 06:26:58,0,6,6,很烦！上课提问很多次都是指定认识的同学的，像之前没发过言的同学可以说越来越没有机会，而且基本没有给太多回答的机会，太多同学没有发言，最后没到五次发言的同学需要交笔记！淦！不仅要抄论文还要抄笔记！
129338,7936,田亚,2021-01-04 10:08:07,0,3,3,🙂 //快逃！
129367,7936,田亚,2021-01-04 15:31:03,-2,1,3,手写真的很麻烦，不建议选
129371,7936,田亚,2021-01-04 16:51:41,7,18,11,真的搞笑\n\n手写的笔记做成电子版上交\n\n电子的作业抄到方格纸上交\n\n呵呵~呵呵~呵呵
129385,7936,田亚,2021-01-05 02:18:10,0,5,5,怎么没有0分的选项？？？？？
129386,7936,田亚,2021-01-05 02:24:04,-10,9,19,好课。
129404,7936,田亚,2021-01-05 05:59:09,-3,3,6,政治正确
129406,7936,田亚,2021-01-05 05:59:49,-2,1,3,拉闸拉闸
129426,7936,田亚,2021-01-05 08:06:29,2,7,5,“我们武大很好的！！！”
129446,7936,田亚,2021-01-05 11:58:04,-1,2,3,快逃，真的要命
129557,7936,田亚,2021-01-16 03:06:54,0,7,7,其实老师在某些方面还是可以的，特别是很愿意和同学们一起讨论问题，上次课20:55下课，他留在教室与一些同学讨论问题到23点多。\n\n给老师打低分的主要是因为不合理的课程考核要求，这也确实是一大糟点
129784,7936,田亚,2021-01-12 09:44:36,1,5,4,快跑！！！！！
129810,7936,田亚,2021-01-12 13:20:10,-1,0,1,很不错，适合卷王
129825,7936,田亚,2021-01-12 16:00:57,-1,2,3,啊啊啊啊啊啊，卷王又点名了，我又不在，又被扣了10分（光这个我就不能及格了，还好班长人好）。啊？！！！卷王又在恶竞，我好不容易没翘课却在听两个同学“骂架”。论文？小事，啊？要手写吗？我淦你老母哦~
130398,7936,田亚,2021-01-22 03:19:30,0,2,2,要考马原了 来吐槽一波\n\n上过的都说好 千万别上
130440,7936,田亚,2021-01-22 11:02:12,0,3,3,快逃！
132420,7936,田亚,2021-02-01 12:16:18,0,5,5,事情多，给分低，真tm nt！
132426,7936,田亚,2021-02-01 12:32:53,-1,1,2,快跑快跑快跑
132427,7936,田亚,2021-02-01 12:46:48,3,13,10,田亚老师马原课程作业量及评分标准如下：\n\n1.查找一篇外国学者论述中国问题/马克思主义的文献并翻译，文章长的可选择摘译（本人选择的文章pdf共长28页，摘译其中摘要和两章半约7页，翻译五千余字；翻译部分难度不大，可选用机翻辅以人工校对，注意一定要人工校对，机翻常常会不知所云）\n\n2.对所选取的文章进行评述，要求3k-5k字并手写，尽量结合马克思主义相关原理\n\n（本人论述3623字，个人认为该评述贵精不贵多；需要结合马克思主义，不能空洞论述；）\n\n3.准备一场辩论赛，每队4-5人，辩题可自选或指定，各组长打分，两队辩论分差得拉开3分，辩题提前一周公布\n\n（本人认为辩论赛主要考察的是对辩题的理解程度，关键是要看对辩题是否准备充分；辩论赛对说理能力的训练有一定帮助）\n\n4.课堂笔记+辩论赛笔记，共10分，可用上课发言次数抵，一次2分\n\n（本人认为老师上课讲的内容有一定价值，值得一听；除了上课笔记外，本人还发言两次，每节课老师都会给发言机会，问题也不难，简而言之，就是需要勇气）\n\n5.平时考勤，旷课一次直接在总评里扣10分\n\n6.考试：这是联考，没什么可说的\n\n个人看法：\n\n1.上课认真听讲是对老师的尊重，因为老师要求上课不玩手机（而且给予了一定的弹性空间）的不满，个人认为或许带有情绪的发泄\n\n2.手写3k摘要的确不太合理，希望田亚老师下次课能够改收电子版\n\n3.辩论赛分差达3分：个人认为不算恶竞，因为我们班上共有19位组长，如果两队水平相当，那么最终总评分值想必不会相差太多；如果两队实力差距较大，3分的分差就客观的评判标准来说也是必定会拉出来的\n\n个人对田亚老师的评价的看法：\n\n田亚老师结课时明确提出并鼓励可以给他发邮件指出教学不足，有怨言的同学为什么不向老师直接反馈，而是类似情绪发泄一样对老师进行攻击呢？
132533,7936,田亚,2021-02-02 06:50:40,-1,2,3,手写论文是真的不行，别的我觉得能接受，老师表示以后会改（存疑），最后给分出乎意料的还挺好\n\n\n\n没鹅颈，论文刚好达到字数要求，辩论赛倒是准备了一下，上课没发过言，交了5篇笔记，最后上4了，也挺出乎意料的
133972,7936,田亚,2021-03-11 03:06:56,3,7,4,听了田老师一节课。感觉还不错，上学期任务多，这学期老师说要改进，减负。老师讲话挺有趣的，让人有一种愿意听下去的感觉。其实任务比史纲课少多了。尤其是这种人文社科类的，老师经验少的话，每学期都需要不停改进课程安排，不必苛责。
136355,7936,田亚,2021-06-17 02:51:10,4,5,1,上课其实还有不少值得一听的内容，上个学期由于手写论文和有一次督导来检查说了一些重话风评被害。相比毛概老师田亚算有干货的，给分也还是比较厚道的，而且老师也表示会改正错误，希望大家客观看待。
136356,7936,田亚,2021-06-17 02:43:14,4,6,2,上课其实还有不少值得一听的内容，上个学期由于手写论文和有一次督导来检查说了一些重话风评被害。总体上课算有意思，给分也还是比较厚道的，而且老师也表示会改正错误，希望大家客观看待。
136662,7936,田亚,2021-06-22 14:14:19,0,3,3,靠靠靠
137304,7936,田亚,2021-07-03 04:18:16,0,2,2,给分乱给，手写论文
137915,7936,田亚,2021-07-06 14:34:59,24,24,0,好老师，让人感到亲切
141340,7936,田亚,2021-09-30 03:49:23,11,13,2,感谢各位，老师已经变了，还挺好的，任务适中
142895,7936,田亚,2021-11-17 06:50:22,0,3,3,包大为老师找来代课的，我一上课就觉得好像见过他，刚才才想到，今晚80后脱口秀的赵兴，87年出生那个，好像啊，真的好像啊
145177,7936,田亚,2021-12-28 05:43:35,22,22,0,老师已经变了，这学期事很少，只有一篇读书报告，也比较通融
145950,7936,田亚,2022-01-08 03:00:34,22,22,0,非常好的老师，上课生动，关心学生。
145953,7936,田亚,2022-01-04 15:18:36,13,13,0,大家可以选这老师 上学期是第一年教学没经验 现在已经学习任务很轻松了
146051,7936,田亚,2022-01-06 08:22:07,61,62,1,老师真的！！！很好！！！从良了！！！！别拦着我我真的要给十分，事少人温柔有红包还帮我们梳理笔记的老师上哪里去找啊！！！
146330,7936,田亚,2022-01-06 08:29:34,12,12,0,老师真的好好，讲课很有趣也很有深度，会给大家很大的发挥空间，tygg！
146332,7936,田亚,2022-01-06 08:29:55,7,7,0,事情很少，就一篇1000字以内的读书报告外加2次小测
146732,7936,田亚,2022-01-07 09:44:43,11,11,0,高赞评价和我亲身体验不符，老师很好，事少不卷，分高。
146737,7936,田亚,2022-01-07 09:51:39,2,2,0,老师真的超级好，很幽默，给分也很不错！！
146738,7936,田亚,2022-01-07 09:53:33,7,8,1,老师真的巨无敌好啊！！！查老师的评论他都会看，然后也说了之前是自己新来教课没有经验，有些地方做的不好。现在事少给分好，上课贼有激情，期末还会给我们整理提纲复习呜呜呜，太好了！十分！大家都去选田亚老师的课！
146743,7936,田亚,2022-01-07 10:00:12,3,3,0,吹爆，没话说，事少分多，愿意与学生交流，自己考前稍微看看资料就4以上
146849,7936,田亚,2022-01-07 15:25:10,2,2,0,老师人很好很好很好，事情少，平时分捞人，老师讲的内容很对我们生活有益处
146970,7936,田亚,2022-01-08 08:25:43,2,2,0,事少分高不卷，讲的也不错
150353,7936,田亚,2022-01-23 04:20:10,2,2,0,老师人超级棒的！！很有亲和力，事少给分也好
151155,7936,田亚,2022-02-23 14:26:36,12,12,0,老师态度真的很好了，现在的他值十分！这学期马原就二十几个同学选他的课，希望下学期的同学不要错过！
151367,7936,田亚,2022-03-01 12:10:06,6,6,0,好老师！
151410,7936,田亚,2022-03-02 15:52:27,6,6,0,老师真挺好的
154589,7936,田亚,2022-06-02 09:10:36,7,7,0,老师已经根据大家的现实条件修改了教学方案了，很努力地压缩了课程的作业量，是好老师
154599,7936,田亚,2022-06-02 10:59:14,9,9,0,田老师很好的一个老师，讲课很有意思，作业量合适，也很体谅同学，都过来给我选！
155415,7936,田亚,2022-06-12 09:59:53,3,3,0,老师很可爱，上课挺有趣的，授课方式也在积极调整和改变，反正很喜欢老师唉
155855,7936,田亚,2022-06-16 10:06:35,9,9,0,田亚老师真的超级好，上课很有趣，平时分给分也超级好！！！而且平时事情也不多！
155962,7936,田亚,2022-06-17 02:13:29,10,10,0,宝藏老师，等你捡漏\n\n等以后热门了就难选力
159936,7936,田亚,2022-09-09 08:57:01,5,5,0,老师太好了！讲课有趣干货多还事少分高，选到就是赚到！
160370,7936,田亚,2022-09-20 12:51:44,3,3,0,我怀疑我在98时政讨论或是知乎和老师对线过[ac01]
160457,7936,田亚,2022-09-23 02:45:03,10,10,0,感觉老师很有趣呀，不太清楚老师之前是怎么样的才会有一些负面的评价，这学期上了两次马原的课感觉很有意思，讲课有自己的理解也很有热情，还会和同学们商量作业多少、需不需要减少，并且明确表示不需要卷论文字数，是很有趣很温柔的老师！
160782,7936,田亚,2022-10-11 07:47:14,3,3,0,很有想法的老师
162142,7936,田亚,2022-11-17 04:39:36,0,1,1,成功洗白
162228,7936,田亚,2022-11-18 03:40:16,1,1,0,田亚，你是我的神！
163419,7936,田亚,2022-12-14 09:05:15,1,1,0,老师人巨好
163688,7936,田亚,2022-12-16 03:00:52,1,1,0,老师人真的很好，上课很有激情也很有想法，作业量很少还会帮我们复习！这么好的老师真的很难得！快来选！
163927,7936,田亚,2022-12-16 14:41:39,0,0,0,好老师好老师，希望下学期再来的时候突破9.5
164757,7936,田亚,2022-12-25 11:56:46,2,2,0,田亚老师是全宇宙最好的马原老师！！！来到zju后第一次见到这么为学生着想的授课老师。我真的哭死，这样的老师必须上9.5分！！！
164877,7936,田亚,2022-12-27 07:00:26,3,3,0,老师人真的很好，非常谦逊，很为学生考虑。上课很有想法也很认真，平时作业不多，期末会整理复习重点。
164918,7936,田亚,2022-12-27 15:28:46,3,3,0,好老师，和善谦逊，小组展示都会认真点评，会帮你看读书报告，小测、作业都在尽量减轻同学们的负担，已经不是以前评论里说的那样的了
165202,7936,田亚,2022-12-30 04:40:20,1,1,0,会很认真听取学生意见建议，会很用心帮学生修改作业提出修改的方法建议，不可多得的真正的好老师！
165207,7936,田亚,2022-12-30 06:01:31,0,0,0,绝对的好老师！现在的田亚老师值得十分。课程任务会听取学生的意见，会考虑到大家别的课程任务重，尽可能让大家轻松开心。期末的时候会帮忙整理重点，小组展示的点评永远都是认真宽容真诚的。上课也很有趣！（老师自己也意识到了第一年来浙大教书的时候，不懂得情况，布置了太多作业，现在肯定不会这样了）真正热爱教育事业的不可多得的好老师！
165233,7936,田亚,2022-12-30 11:17:50,0,0,0,绝对是最好的马原老师了，知错能改 善莫大焉，反观毛概章除
165314,7936,田亚,2022-12-31 12:36:51,1,1,0,好老师好老师好老师
165372,7936,田亚,2023-01-03 09:01:36,0,0,0,上课有趣，课程任务少，还不喜欢点名，觉得小测对同学们有难度再把小测改成点名，复习课讲的也很到位，这样的老师，我真的哭死
165418,7936,田亚,2023-01-04 14:43:19,9,9,0,首先，老师非常讨厌点名，迫于上面的压力不得不点了一次。然后本学期马原课任务：一篇3000字以上的原著阅读读书报告（第八周交变成第十五周交变成元旦交再变成1月3号24点前交），一次非常简单的小测，一次小组合作（自由组队）完成的马原展示课堂，就没了。考试前老师精心准备了一份复习指南，三道主观题几乎全部押中。复习的时候老师也非常热情的答疑，也安慰我不要紧张，为我加油。最后：“没事，大家都好好准备接下来的考试，剩下的事情交给我。”
165539,7936,田亚,2023-01-08 07:18:10,2,2,0,给分很棒，讲的内容很充实，老师水平很高！
165540,7936,田亚,2023-01-08 07:18:29,2,2,0,老师讲课很有趣，平时分基本都不扣，好评
165544,7936,田亚,2023-01-11 12:11:46,3,3,0,好！上课有激情！给分也好！
165552,7936,田亚,2023-01-08 09:06:49,0,0,0,老师特别特别好 期末会划重点 平时的作业也都比较轻松 而且最后给分真的超出预期
165555,7936,田亚,2023-01-08 09:33:50,0,0,0,人好分高必选！
165556,7936,田亚,2023-01-08 09:33:50,0,0,0,人好分高必选！
165560,7936,田亚,2023-01-08 09:53:45,0,0,0,呜呜呜呜呜真的好
165563,7936,田亚,2023-01-08 10:31:50,0,0,0,太棒惹！事少分高还给划重点
165564,7936,田亚,2023-01-08 10:34:25,1,1,0,神！\n\n神！\n\n神！\n\n老师非常能理解同学们的苦衷，谢谢老师
165566,7936,田亚,2023-01-08 12:03:39,0,0,0,老师我的超人（虽然好像被优秀率卡了
165609,7936,田亚,2023-01-09 03:51:22,6,6,0,不点名，事情少，考试前会给复习提纲，给分超级棒！老师人超好！非常体谅工科的学生！
165611,7936,田亚,2023-01-09 04:05:26,3,4,1,听前几年说确实事情很多，但现在已经从良了，这学期事情很少，只有一个小组展示，而且最后各个小组分数都差不多，每次展示之后他的即兴点评都很好玩，不点名，只有一次点名性质的小测，读书报告也鼓励不卷，期末考试也会带着大家复习，很棒的老师！
165637,7936,田亚,2023-01-09 05:40:15,0,0,0,田亚 我的超人！
165656,7936,田亚,2023-01-09 06:42:41,0,0,0,我的超人！
165673,7936,田亚,2023-01-09 08:09:20,1,1,0,老师真的好！！！我哭死，最好的思政课老师之一
165676,7936,田亚,2023-01-09 08:51:03,4,4,0,好老师，给分是一方面，更重要的是讲课充满激情，喜欢这样的老师
166107,7936,田亚,2023-01-11 06:51:28,5,5,0,田老师真的真的真的很好！生病了还要坚持反馈我们的读书报告，并且会给出非常中肯的建议，上课很有趣哇，收货很大，最后给分超级超级好！一生推！
166171,7936,田亚,2023-01-11 09:48:41,3,3,0,为田老师评分趋近于10作出自己的贡献
166491,7936,田亚,2023-01-12 11:10:03,0,1,1,田老师上课很有激情，给分也超好！
166607,7936,田亚,2023-01-13 03:43:16,2,2,0,霸王选课到的老师班上，讲课非常有趣，是工科生都想认真听的程度，给分也超级好，平时分基本上满了，老师人超级温柔
167041,7936,田亚,2023-01-14 17:11:01,1,1,0,如果老师不是10分我会很伤心的！tygg我的神！
167332,7936,田亚,2023-01-15 14:15:31,0,0,0,我的神！
167776,7936,田亚,2023-01-19 04:20:06,3,3,0,感觉老师真的很有自己的思想和见解，对于同学们的观点也非常尊重，给分也很好，选上老师的课的同学也请珍惜这样的思政课老师，不要像我一样因为线上上课开始摆烂，还要靠吃高中老本和老师的复习重点呀！
168188,7936,田亚,2023-02-01 08:40:28,9,9,0,不断进步的老师
173873,7936,田亚,2023-06-04 03:26:29,3,3,0,老师特别特别的好！真的！老师上课讲的内容也非常有趣，能感觉出来知识很渊博，很风趣。对学生很好，让我们不要卷，事情也不多，期末还会帮我们复习，给分也特别好！这么好的老师分数不高真的可惜，助力老师10分！能选上田亚老师的课非常幸运！
175839,7936,田亚,2023-06-27 02:31:03,1,1,0,事少给分好，ty我的超人！
178742,7936,田亚,2023-07-21 08:03:45,3,3,0,好老师，真的感觉又有激情又淳朴，尊重学生，谦虚，快去选！！！
180330,7936,田亚,2023-09-21 06:27:42,3,3,0,刚刚上老师的课来点评一波，老师让我们自己决定小测次数，讲话也非常激情澎湃，好感点满了～希望最后拿到满意的分数！
184510,7936,田亚,2023-12-21 07:30:04,2,2,0,好老师！！
184710,7936,田亚,2023-12-22 09:21:43,5,5,0,tygg现在真的从良了，我觉得是浙大马原课最好的老师之一了！小组展示最后各个小组分数都差不多，几乎不点名（点名也会提前通知的），小测很简单的，读书报告也鼓励不卷，期末考试也会带着大家复习，最爱和大家说“有问题随时联系我！”真的是很棒的老师！
185745,7936,田亚,2024-01-04 04:33:16,3,3,0,真的真的超级好的老师，从小到大第一次发现原来听这种课可以不走神！！！
185756,7936,田亚,2024-01-04 06:46:04,5,5,0,田亚老师巨巨巨好，事情少，小测简单，不点名，讲课非常有激情！感觉老师特别能体会做学生的感受。通过小组分享后的点评也能看出老师在很多社会问题上的看法比较贴近大众，不会有许多“专家”高高在上的通病。真的很喜欢田亚老师！！
185900,7936,田亚,2024-01-05 14:38:17,4,4,0,狂吹ty老师，就是天使aaaaaaaaa!马原最好的老师，非常有人文关怀，而且人非常有趣！选上就是赚上aaa!
185970,7936,田亚,2024-01-07 02:10:14,4,4,0,老师的自我批评很值得我们学习
186256,7936,田亚,2024-01-10 06:19:23,3,3,0,田老师我的超人！！！讲课非常有激情，马原课事情真的非常少了，只有一个小组展示一篇阅读感受。必须10分！
187106,7936,田亚,2024-01-14 13:10:35,3,3,0,老师真的一个很好的老师，善于和学生沟通交流，能够让我真的体会到一个人文研究者的学识储备和风度，推荐
187227,7936,田亚,2024-01-15 08:02:38,2,2,0,他真的是超人！！上课真的很有趣，事也少！
187234,7936,田亚,2024-01-15 09:15:36,2,2,0,能感受到老师把教学作为事业而不是职业的热忱，坚持社会主义大学缩小“贫富”差距很赞hhh
187288,7936,田亚,2024-01-15 11:47:24,1,1,0,认真负责的好老师
187326,7936,田亚,2024-01-15 13:18:30,1,1,0,田亚老师我的超人！上课很有趣，教学需要，老师也很敢说，能听到很多对不同的事情的看法，很有启发！按复习指南认真复习，考试如有神助，最后期末老师还把我捞上了更高一档，好爱！
187552,7936,田亚,2024-01-16 14:06:35,2,2,0,田亚老师我吹爆，人热情又真诚，超级好！课讲得也很好！虽然没听，但是偶尔听两下都能感受到田老师讲得很有干货！
188875,7936,田亚,2024-01-20 10:53:38,11,11,0,尽管马原在今天作为大部分眼中的“水课”，但是田亚老师真的不把它当作一个水课来讲，从西方哲学讲到国内现状，绝不是高中那种“画课本”式的政治课，每一个知识点都讲得鞭辟入里，对于同学们的讨论也绝不会觉得你的想法幼稚或是怎样，都会认真与你讨论。我们上课那天田老师应该是345节+678节，我是下午的，然后记得有一次我去的比较早，就看着老师给上一个班的同学答疑，一直到下午课上课，老师连午饭都没有吃。所以有时候环顾一下四周，大家都低头沉默着，只有田老师旁若无人般慷慨激昂地讲课，心里有点惋惜。我知道大部分人是因为田老师给分好、任务少来选的，当然事实上也是这样，他给分很捞、也会尽量减少我们的作业压力，但我还是更希望更多愿意了解马克思主义、和田老师一样有热血的同学来选这门课，你真的可以学到很多。btw，田老师每次穿着西装或大衣，真的有种马克思站在那里的感觉。
191096,7936,田亚,2024-04-02 11:01:36,8,8,0,谈到为何隔壁国家的领导人开坐奔驰时说：“只有领导人才具有足以抵抗资本主义工具的强大意志力，对它进行批判性驾驶”节目效果真的拉满了哈哈哈哈哈哈哈哈
192722,7936,田亚,2024-05-29 10:11:08,1,1,0,好老师，十分
192783,7936,田亚,2024-05-30 11:01:50,3,3,0,这个时代有思想的思政课老师不多咯\n\n幽默风趣也超级超级温柔\n\n事也少
194768,7936,田亚,2024-06-25 10:49:01,0,0,0,好老师！！！！ty值得更高分
194769,7936,田亚,2024-06-25 10:52:49,2,2,0,马原总评不好纯属我自己的问题 卷面太差了 平时分给的很高 ty在现在的马原大环境下说是神真不为过
194770,7936,田亚,2024-06-25 10:55:27,0,0,0,田亚老师现在超温柔，上课很有意思，事情也比较少，绩点低是我的问题
194772,7936,田亚,2024-06-25 11:10:07,2,2,0,一次小测一次读书笔记一次小组展示，小测偷偷翻书也不会管你，论答题还会在课上提前讲一遍。期末考试之前会有一次复习课，划重点，照着重点背基本没什么问题。给分也很好，我感觉我干的事不多但是喜提4.5。\n\n上课虽然我没怎么听但是就我听到的课而言还是比较有意思的，背书的时候感觉这些思想其实确实是很有意思很有意义的，有些后悔听的不是很认真。\n\n总的来说是很好的老师，由于信息差给我选上了田亚老师的课真的很幸运，也推荐大家去选
194953,7936,田亚,2024-06-26 04:56:36,3,3,0,好老师 真正的师者！
196273,7936,田亚,2024-07-02 17:40:26,1,1,0,老师人超级好！对马克思主义原理以及其各学科的延伸知识都很了解，是对马理论以及政治经济学有很深刻了解的老师，课堂内容也很有趣。每次老师评价小组汇报时都让我很佩服！很认真听汇报并且给出延伸，很喜欢时评部分。平时分也会给很高，去问老师读书报告的问题也很耐心，最后绩点只能说自己卷面分太低啦，但是还是很感谢老师。
197808,7936,田亚,2024-08-14 08:56:25,0,0,0,老师会整理复习提纲，考试前背就完事了，上课虽然感觉有一点无聊但是能感觉是用心准备的，也会跟学生互动。
197891,7936,田亚,2024-08-19 15:14:22,0,0,0,给分的转变只是表面，更是一位真正有师者精神的老师！
198127,7936,田亚,2024-09-01 11:42:37,0,0,0,老师有师者风范
205754,7936,田亚,2024-12-12 02:26:09,1,1,0,真正的师者
205816,7936,田亚,2024-12-12 06:18:41,0,0,0,田老师我哭死
128276,7947,金一翔,2020-12-16 04:49:14,1,15,14,不错哦
134267,7947,金一翔,2021-03-22 05:25:07,16,35,19,我觉得吧，挺好的
140489,7947,金一翔,2021-09-13 05:11:22,2,8,6,很有热情，很棒
140614,7947,金一翔,2021-09-14 10:31:14,3,7,4,金老师很温柔，值得一选
140772,7947,金一翔,2021-09-16 03:00:49,-1,6,7,enLIGHTment
140831,7947,金一翔,2021-09-21 09:48:16,4,12,8,老师很好，人美声甜。
140918,7947,金一翔,2021-09-18 00:35:24,4,6,2,还不错吧，讲的很生动也易懂
140938,7947,金一翔,2021-09-18 03:31:39,-42,7,49,事贼多，恶心恶性竞争源头，3000+读书报告，10000+小组报告，遇到垃圾组员，一波认真写然后绩杀，还有志愿者活动报告，真是翔
141188,7947,金一翔,2021-09-26 02:42:43,-1,6,7,循循善诱，以通俗的例子引入，确实听一听有很多启发
141192,7947,金一翔,2021-09-26 03:56:43,1,7,6,我一直相信，真诚是可以被感知的。有这样的思修老师，能够以真诚包容有趣的态度讲课非常幸运~
141330,7947,金一翔,2021-09-30 01:11:54,2,7,5,非常温柔体贴细心的老师
141331,7947,金一翔,2021-09-30 01:15:50,-21,7,28,课不咋样。 还一定要你听课
141541,7947,金一翔,2021-10-14 00:04:51,0,7,7,老师上课很有启发性
141671,7947,金一翔,2021-10-19 10:51:23,3,7,4,总之，老师上课有在用心。开始上课的时候，我还很迷茫，怎么完全没有考试重点。后来发现思政课大概就是这样。\n\n感觉侧重于传递一种正确三观的建立。\n\n但是这种东西一般不是能传递出来的。\n\n这就是上课无聊的原因所在。
141862,7947,金一翔,2021-10-28 07:21:08,3,9,6,老师讲的挺好的
141921,7947,金一翔,2021-11-01 02:39:51,-1,6,7,非常棒
142394,7947,金一翔,2022-01-07 02:55:24,0,6,6,写在上课时。\n\n老师上课很好，很多启发。人也很好。很可爱。\n\n真诚包容!我爱她
142957,7947,金一翔,2021-11-18 00:42:12,7,13,6,老师真的是很尽力在启发我们，有幸遇到这样的思修老师
142958,7947,金一翔,2021-11-18 00:46:54,2,9,7,没事就喜欢点名。特别喜欢点名
143853,7947,金一翔,2022-01-12 05:25:25,7,12,5,你问老师问题的话老师会耐心给你解答，给分超好。
144023,7947,金一翔,2021-12-16 05:33:41,1,7,6,虽无鹅颈\n\n终究鹅颈
144633,7947,金一翔,2021-12-23 02:38:42,-1,8,9,卷王杀手，必须好评
145034,7947,金一翔,2021-12-27 01:55:00,38,60,22,很有幸能作为老师的第一批思修课学生，老师绝对是那种秉持浙大求是精神来给我们上课的，课程核心也是真的是从为学生良好三观为出发点，她的很多话中都渗透着她对于社会的认知，以及对我们的期望，她是真的希望我们拥有健全的人格。如果你的出发点是水一水，那么选什么样的思修老师对你来说很重要吗？你到底是为了学到东西才来上课还是为了假装勤奋来上课？如果不喜欢务实的老师你可以不选，没必要在查老师宣泄你的不满，什么德行，占着名额有意思？\n\n另外，那些个评论说老师作业多的，请问你问过其它思修课老师的作业吗？全校同学都要写的志愿服务报告，读书报告你告诉我老师布置的作业多？！我直接无语了。\n\n还有一点想说的就是，老师会很耐心地给大家解答问题，我记得自己曾就江歌案和老师探讨过一些自己的小疑惑，老师真的有站在我的位置思考给出答案。还有你也可以和老师线下约饭，从南谈到北，老师会给出一些自己的小建议，她是在以朋友的身份来与我们交流。\n\n这个评论希望对学弟学妹们有所帮助，不管我最后的绩点是多少，我都给老师打了十分。\n\n我有时候就是在想，是不是有些同学从小到大遇到的好老师太多，要求也苛刻起来呢？如果是，我小小的羡慕一会，如果不是，希望你能戒掉遇事就抱怨的习惯。\n\n最后，感谢与大家成为课友，感谢星期一快乐早八思修第一组的朋友们！如果你的组员不干事，那我只能说你甚至连分配任务都做不到，还不会沟通
145462,7947,金一翔,2021-12-30 01:10:20,6,10,4,一共点过两三次名叭，作业相比较其他老师其实很少了，展示也只有一次，很满意了！！！！而且！！！！她！超级！可爱！的！真的很甜！有很努力在教会大家了
145766,7947,金一翔,2022-01-01 16:05:58,3,7,4,真的很棒老师很用心
145808,7947,金一翔,2022-01-02 13:24:43,1,7,6,老师基本每节课都会点人起来回答问题，但是其实回答不上来也没什么的。作业不算多，并且直接说了字数就算超了很多也不会因为这个去评高分，也就没必要卷字数了。而且！！！！！老师真的很好很好，很温柔很可爱，懂的也很多，可以提出很多自己独特的看法，很爱笑！
145845,7947,金一翔,2022-01-03 08:26:14,0,5,5,大爱金一翔老师，超级后悔没有认真听每一节课，讲课超级温柔！为什么评分系统只有十分，我想打1000000000000000分！！！超级爱！！！
145884,7947,金一翔,2022-01-11 17:02:36,-1,4,5,老师太温柔了哇 给分超级好的 而且老师拒绝内卷啊哈哈哈
145893,7947,金一翔,2022-01-11 17:54:42,1,5,4,我爱她！！！
145897,7947,金一翔,2022-01-04 02:16:16,-15,8,23,对不起……我就是想吐槽。我觉得一般课程的付出与汇报大体上应当是成正比的。我接受不了因为各种评分机制伤害有心人的事，也接受不了我付出了很多，却拿到一个非常可笑的分数。这是一门水课，我也认真对待了，所以会有落差。看到平时成绩50分的满分只得到25多一点的成绩真的会很难受的。最后我想说：绩杀，快逃！！
146341,7947,金一翔,2022-01-06 09:23:46,0,3,3,不止思修老师，更是人生老师。
146790,7947,金一翔,2022-01-07 12:41:44,2,4,2,很好很有意思的老师
146898,7947,金一翔,2022-01-08 02:53:25,0,3,3,老师挺好的！\n\n而且不支持卷\n\n上课很认真
148039,7947,金一翔,2022-01-11 11:32:30,-3,2,5,老师真的很好很好很好！！！\n\n一开始还不太习惯，感觉怎么一点知识点都没有，上课的时候还有一点懵懵的；后来才慢慢发现，老师真的想要传递给我们正确的人生观，是真的想要帮我们系好人生的第一枚扣子。她很温柔，很尊重同学，声音也超好听哦(///▽///)。既是良师，又是益友～
148184,7947,金一翔,2022-01-11 23:43:30,-2,2,4,老师我真的爱你啊(•̤̀ᵕ•̤́๑)
148188,7947,金一翔,2022-01-12 00:12:53,11,17,6,金老师不错，分低是我的问题。课上会点名回答问题，想水的话不太适合，不过确实讲得好，也很有感情。只是可惜疫情没去成良渚，一个小小的遗憾吧
148201,7947,金一翔,2022-01-12 01:03:02,1,3,2,金老师yyds！
148202,7947,金一翔,2022-01-12 01:21:55,6,12,6,金老师真的是很温柔的老师。刚开始觉得和一般思修课不太像，感觉没有什么知识点，但是后来才发现老师是真的想要让我们懂得很多人生道理，而不是仅仅告诉我们书本知识。上课也不会照本宣科，可以提很多自己的见解，老师也会很温柔的和你讨论，太爱了，给分也挺好又不内卷！
148210,7947,金一翔,2022-01-12 01:37:47,8,12,4,金老师真的很温柔的噢~很好沟通，声音很甜但又不是那种dia音啊什么的\n\n课堂上会点名叫人起来回答问题（但我发现点名基本是按照名单上的顺序来的 嘻嘻 排名在前面的我后期知道她铁定叫不着我 所以虽然大家都争后排但实际上坐前排本身是没有风险的噢）\n\n她会告诉我们正态的规则但是最后给分还是不错的  感觉她有努力给大家呈现一个好的结果 任务也真的不算多\n\n（老师看查老师还水朵朵 挺可爱的 推荐！！）
148216,7947,金一翔,2022-01-12 01:42:57,9,10,1,老师讲课水平很高，能把水课讲的生动精彩，也经常评论一些社会问题，和同学们讨论，一学期上下来收获还是很多的。虽然我很喜欢老师，但最终成绩却不是很满意，可能是我太菜了吧。
148254,7947,金一翔,2022-01-12 03:38:13,-1,1,2,是很好的老师，不论是讲课还是给分都很务实，不会给出毫无依据的结果的；上课很投入，情感也很充沛，给我们放小视频好两次自己看得泪汪汪哈哈哈，超可爱的。\n\n总之很幸运能有金老师给自己上思修！老师辛苦啦！
148286,7947,金一翔,2022-01-12 05:13:44,3,5,2,很善解人意的一个老师～
148454,7947,金一翔,2022-01-12 13:40:57,2,4,2,算是浙大最好的思修老师了吧\n\n真的可以学到很多东西\n\n很负责\n\n夸\n\n10！
148700,7947,金一翔,2022-01-13 08:57:14,3,4,1,老师上课很有热情，会有突然心潮澎湃抓一堆学生提问的时候，但是大部分上课还是很温柔的。
148723,7947,金一翔,2022-01-13 10:03:52,1,2,1,温柔感性细致循循善诱的超棒的思修老师!～
148844,7947,金一翔,2022-01-13 17:13:11,2,5,3,虽然3.3 但还是给10 上课能够在最后排安心摸鱼的人不拿3.3谁拿啊
148982,7947,金一翔,2022-01-14 05:46:09,-1,1,2,努力和收获是成正比的，讲课也很棒哇
149228,7947,金一翔,2022-01-15 00:16:30,1,2,1,非常喜欢
149629,7947,金一翔,2022-01-16 08:37:56,-1,1,2,老师人很好，给分还行。
150166,7947,金一翔,2022-01-19 23:12:36,2,2,0,给分好
151286,7947,金一翔,2022-02-27 15:10:39,0,3,3,虽然讲的好，但是绩杀……哎
153996,7947,金一翔,2022-05-18 14:58:39,4,5,1,https://classroom.zju.edu.cn/livingroom?course_id=35191&sub_id=558068&tenant_code=112&sub_public=1\n\n//26:30  名场面\n\n//49:45  金老师开始点评\n\n老师上十大啦，好多人夸老师温柔[AC2002]\n\n#2022:22:58
154915,7947,金一翔,2022-06-07 01:50:14,2,2,0,老师真的很不错，上学期忘记评价了这学期回来评一个。因为小组组员真的非常拉胯，然后有关选题等部分我一个人搞不出来，就和老师讨论，老师还邀请一起吃饭，很认真的给我解答了除了论文之外的很多问题!最后绩点也很好，very感谢老师
154934,7947,金一翔,2022-06-07 03:28:43,-2,0,2,感性的老师；小组讨论很重要
155337,7947,金一翔,2022-06-11 05:42:32,-2,1,3,很棒 很好 不绩杀！
156968,7947,金一翔,2022-06-21 12:48:52,1,2,1,老师很温柔
160258,7947,金一翔,2022-09-16 02:44:03,-1,1,2,长见识啦
160451,7947,金一翔,2022-09-23 01:39:51,1,2,1,文学造诣真的很高，很有思想，很hard core，观点极有启发性，超nice
160454,7947,金一翔,2022-09-27 03:11:42,0,2,2,文学造诣很高，读了超多书，思维有深度，可以给人启发！非常hard core，老师超nice
165062,7947,金一翔,2022-12-29 03:07:24,1,2,1,超超超超超超级温柔可爱的老师！\n\n道德与法治就选她一定没错！
165100,7947,金一翔,2022-12-29 06:47:01,0,1,1,超可爱的老师！！！
165520,7947,金一翔,2023-01-08 01:23:12,-2,1,3,很好的老师
166844,7947,金一翔,2023-01-14 01:57:05,5,12,7,老师很好，但听说上4很难今年？慌慌~（分没出）
167757,7947,金一翔,2023-01-19 02:46:01,-1,4,5,老师很温柔，上课干货满满，给分也好！
167766,7947,金一翔,2023-01-19 03:41:30,6,6,0,金老师非常好，上课还是很有意思的，想听的同学也可以收获知识，小组报告没有必要卷，我们小组自认为质量还是很一般的但是给分也很不错，老师对于报告也是很多鼓励，抓住每组同学汇报的亮点评价，也会说出一定的不足（知识性的错误一般会在讲的时候提出来）小组内部的话没必要刻意去抢功劳顺其自然就行了，还是不要把任务丢给一两个人来做。期末的话我们这次全是主观题，认真对待分数都会不错的。总归金老师是很好的，不用花很多心思去卷报告啥的，事情不多给分好！
167778,7947,金一翔,2023-01-19 04:25:27,-3,7,10,给分一般
167779,7947,金一翔,2023-01-19 04:26:43,1,4,3,老师人很温柔，也很认真的上课，上课会有很多视频什么的，虽然思政课大家可能不怎么听，但老师真的很用心了😍
167786,7947,金一翔,2023-01-19 05:15:46,-1,3,4,无脑冲吧，超级好的老师
167817,7947,金一翔,2023-01-19 08:38:49,3,4,1,给你满分，亲亲金老师，给分超级好，只不过出分有亿点点慢哈哈哈哈
167824,7947,金一翔,2023-01-19 09:00:30,10,13,3,很荣幸当时能选上老师的思修课。老师和我想象中的死板又红又专的文科老师很不一样。老师有自己的思想，看待社会上的问题也并非一直主旋律，而是有自己的思考和认识。从中我真正能感受到一个学者对人生社会的的洞察和厚意，老师字里行间也希望我们能成为这样的人。也很感激老师最后捞了我一把到4.8，但成绩啥的都早已不重要了，能上老师的课，本身就已经很幸运了。不仅如此，老师也散发着璀璨的人格魅力，老师温柔体贴，课上同学回答不出问题时，总会很幽默的化解，课上忘签到时都会在课间帮我们补签，能在这个浮躁的社会遇见金一翔老师是我的幸运。最后希望老师保重身体，早日康复，能在以后有机会上老师的通识课
167829,7947,金一翔,2023-01-19 09:07:49,0,1,1,很不错捏
167836,7947,金一翔,2023-01-19 10:50:17,3,6,3,老师很好很温柔，非常亲切。关于作业、考试的问题都会耐心解答。这学期后半段受疫情和放开政策影响很大，我在提交作业上出现了一些问题，和老师沟通之后都得到了解决。（PS：相比其他老师，金老师的作业DDL会设的比较早，初衷是为了方便大家期末复习（所有学科））\n\n关于给分：我认为单个人的评价往往都是特殊的，没有参考价值，没有看的必要。纠结于这点的同学看看查老师上的数据统计就行了。关于这学期期末老师在群里说“上4是很难的”，根据同学的一些反馈，没有这么夸张，我猜老师本意是让大家放平心态，也避免一些同学得分没达到期望后“破防”。\n\n关于课本身：我认为思修课就是水课，可以不听。但这位老师正如其他评论所说，确实用言传身教让初入大学的我看到，一位优秀的、拥有正确的人生观的老师，某种意义上，真正达到了这门课最初的目的。
167863,7947,金一翔,2023-01-19 14:19:50,0,2,2,真的被捞了呜呜呜，4.5，89，老师很温柔，我因为比较焦虑一直会在钉钉里麻烦老师，问奇怪的问题，但是老师一直很耐心很温柔，有一次迟到了没签上到老师也给我签了，感谢大一遇上这么好的思修老师，10分捏！
168050,7947,金一翔,2023-01-24 11:50:08,2,5,3,“有两个临别赠言，想告诉大家：一是：一个世界是网格化的，你如果觉得孤零零的，很可能，你能还没有接受足够的磨练，以及，你还不够丰富，所以要继续努力：二是，你永远有逸出的能力，但是要保持退而远瞻和躬身入局的能力。”\n\n金老师人美心善又可爱，谢谢老师！
168286,7947,金一翔,2023-02-09 09:35:46,7,7,0,本学期给的唯一一个10分。\n\n真的是非常非常好的老师。课程本身确实脑残，但老师确实非常好。\n\n有非常深厚的功底，涉及哲学、经济学、社会学等方面，课前会给大家放视频拓宽眼界，来上这种课真给人以大材小用之感。\n\n没有认真听课真的会有一种愧疚感，老师讲课十分投入，准备也很充分。\n\n人相当温柔。有一次上课有巡查组在后面听课（大家都不知道），第二次上课时说有很多人在玩手机，老师略带无奈的说：“我有什么办法呢？”\n\n上课会和同学互动，大家答不上来也会十分和善地化解。会十分认真地听每一个小组的汇报并进行交流。\n\n选题中有一个设计杭州旅游路线的，老师说实地实践的费用可以找她报销。\n\n会在课程群里提醒大家，最后结课发了临别赠言。\n\n唉，这么好的老师来上这样的课真令人惋惜。
168297,7947,金一翔,2023-02-09 14:16:19,0,2,2,思修课上的好可以很有意思。金老师的思修课不仅仅传授了课本知识，还有对于人性，社会的观察和思考，课堂引人入胜，课后热心与许多大佬讨论各种问题。虽然最后卡绩，但值得给10分。
168782,7947,金一翔,2023-02-22 07:35:08,1,5,4,非常好的老师
169600,7947,金一翔,2023-02-27 05:27:24,1,2,1,如果你的思修没有上金姐姐的课的话我只能说可能会成为你大学里的遗憾之一，她真的太好了！！！
169930,7947,金一翔,2023-02-28 13:23:24,-3,1,4,被捞了，感谢老师，真的很温柔，还给我们发红包哈哈哈
169960,7947,金一翔,2023-02-28 15:54:14,2,4,2,老师超级好～很温柔给分也好
170204,7947,金一翔,2023-03-02 03:30:57,-5,2,7,10分！因为是思修所以几乎全程摸鱼，但是偶尔抬头看看ppt或者有时候到教室早了看到老师放的视频引入，就已经能让人感受到老师的渊博学识和把思修教好的决心，很抱歉没有好好听金老师的课（但是是思修啊emmm我感觉就算再来一次我还是不会认真听，这是思修的问题，不是金老师的问题！）\n\n平时课程压力不大，一次pre+读书报告+志愿服务报告，考试之前把教材翻一遍基本上开卷就没问题
173856,7947,金一翔,2023-06-03 15:50:28,-1,3,4,一句话好老师
173884,7947,金一翔,2023-06-04 06:06:58,-2,3,5,老师很好，很可爱！最后也拿到了4.5。😘😘😘
174536,7947,金一翔,2023-06-14 01:11:16,0,3,3,老师真的很好哇呜呜呜，期末考是疫情线上，电脑出问题了登不上考试系统，申请的缓考，其他老师都很不耐烦觉得缓考很麻烦，只有金老师很温柔的安慰我别着急，说不会影响成绩。我哭死啊啊
180894,7947,金一翔,2023-09-28 02:35:24,3,5,2,哇哇哇
185723,7947,金一翔,2024-01-04 02:08:17,4,9,5,金老师的思修课\n\n读书报告是1500字以内的\n\n小组展示是会从不同角度夸赞的\n\n上课回答问题是答成什么样老师都会笑着鼓励你的\n\n早八思修很困很无聊，但金老师的思修真的治愈了我稀烂的一周
186168,7947,金一翔,2024-01-09 06:48:23,-4,3,7,老师人很好，能感觉到在努力把思修这门课讲的更有趣，钉钉消息也会及时回复，能选到金老师真的很幸运
187492,7947,金一翔,2024-01-16 10:53:22,20,32,12,老师很好很温柔，但是给分不太好，美美卡绩
187495,7947,金一翔,2024-01-16 10:58:55,-5,6,11,我爱死金老师了，无脑10分
187524,7947,金一翔,2024-01-16 12:30:46,4,7,3,老师很好的，很和蔼，就是不太理解老师再课间过完上第二节课开始时点名，我有时还妹上完撤硕呢。总体是很好的，果断10.0
187535,7947,金一翔,2024-01-16 12:41:37,5,10,5,老师人很好，可能使我自己不擅长这门课的学习，我感觉自己很认真但最后只有3.9。但是老师上课真的超有趣，人也很温柔，献上我的十分（超爱金老师的！）
187547,7947,金一翔,2024-01-16 13:57:52,-3,7,10,无脑10分！！！老师真的很棒，很用心地给这门课增加深度🥳🥳🥳金老师❤️
187687,7947,金一翔,2024-01-17 06:37:46,9,14,5,老师人挺不错的....但是被绩杀，没什么别的想法...就是感觉一学期来的努力都白费了。平时分给的也不算高...嗯，觉得还是不甘心吧。不过也没办法了
187965,7947,金一翔,2024-01-18 02:12:14,-2,8,10,挺好的，给分不错。读书报告1500以内，不鼓励恶竞，好好写。上课主动回答一两个问题，随便讲点，哪怕只是提几个相关的概念、名词，说错了她会帮你接着讲完。期末记得不要全抄书，可以结合材料写一部分，还有一定要分点作答，不要写成小作文！！！
188177,7947,金一翔,2024-01-18 15:45:31,21,28,7,绩杀我服了，呵呵哒
188366,7947,金一翔,2024-01-18 21:55:19,-7,4,11,非常好的老师
188400,7947,金一翔,2024-01-19 02:17:41,23,29,6,呵呵，绩杀，本来以为这个老师挺好的，结果出分之后很失望，有史以来最低绩点
188678,7947,金一翔,2024-01-19 13:59:30,-7,5,12,很和善，会和你讨论人生问题
188861,7947,金一翔,2024-01-20 10:01:44,16,19,3,给分不太好…
189418,7947,金一翔,2024-01-24 04:25:08,3,9,6,上课感觉没什么意思 基本是念ppt或念书 可能思修课都是这个样子 上课举手回答问题不会记录 但是老师会看名单随机点名 并根据此给平时分 所以有没有平时分基本随缘 全看老师看你名字顺不顺眼 怎么说呢 一学期下来 感觉付出和回报不成正比吧 唯一一门出分把我搞郁闷的课 给分不好还卡绩 收获史上最低绩点
191443,7947,金一翔,2024-04-22 12:26:46,4,6,2,金老师的课很有水平，能学到很多。作业感觉跟其他思修班级差不多，有读书报告、志愿活动报告、小组调研与展示和期末考。给分客观，但总体挺好的。
194911,7947,金一翔,2024-06-26 02:13:49,14,17,3,给分好个屁，3.6一大堆，自己看着办吧
196639,7947,金一翔,2024-07-04 12:16:48,-3,6,9,金老师真的很好很温柔，社会实践请金老师做我们的采访对象，金老师超级认真地准备，超级感谢金老师。平常金老师上课讲课挺有趣的，也点名回答问题，问的问题也不难，也只是想和学生互动交流，提高一下到课率和抬头率
204958,7947,金一翔,2024-12-04 16:23:49,1,5,4,非常认真地做了小组调研，结果因为老师对调查内容的偏见被要求重做，还被骂是什么“禽兽”一类。。。我实在不明白。
205727,7947,金一翔,2024-12-11 12:56:50,10,10,0,圣贤书读千百遍，不肯低头看人间
206502,7947,金一翔,2024-12-15 14:45:03,6,8,2,讲得属实一般
207047,7947,金一翔,2024-12-19 05:31:47,0,3,3,被莫名其妙骂了☠\n\n老师是好老师 但是我也不是坏学生啊
207211,7947,金一翔,2024-12-20 00:53:50,4,6,2,9.86分高了。人挺温柔的，但是上课时要求我们有情怀？我们难道不够有人文情怀吗，明明自己过着牛马生活却还愿意对他人释放善意，plus她给pre的评分的标准是个谜。
209657,7947,金一翔,2025-01-06 12:19:03,2,5,3,人好，给分不行
209914,7947,金一翔,2025-01-07 11:43:34,5,7,2,一拖四
210379,7947,金一翔,2025-01-09 04:25:35,-6,1,7,马上就要出分了 给个十分求捞qwq
210697,7947,金一翔,2025-01-10 00:46:37,7,12,5,shit\n\n点名每次去了，作业都好好写了\n\n期末应该也还行啊\n\n怎么就卡我绩3.9捏？？？
210701,7947,金一翔,2025-01-10 00:49:20,-2,4,6,好老师，点到也不是太频繁，对与学生的问题会耐心回答
210708,7947,金一翔,2025-01-10 01:03:15,-7,6,13,啊啊啊啊金老师我爱你，很有耐心很有礼貌的老师，私信会耐心会，会和学生说谢谢，我是防艾的，防艾进课堂环节上台她怕我戴不好，会帮我一起给香蕉戴那个安全套，我真的爱死金老师了，给分也很好
210729,7947,金一翔,2025-01-10 01:25:17,6,7,1,刚刚出分。卡绩。
210773,7947,金一翔,2025-01-10 02:34:04,1,4,3,老师人真的很好！讲得有深度而且贴合生活，认真听的话会很有收获，对我们的小组汇报的指导也都很详细。以及金老师上课会随机提问，开小差的时候要小心……
210798,7947,金一翔,2025-01-10 03:26:56,0,6,6,很温柔的老师，事比较少，课上基本不请人回答问题应该没有互动平时分，而且几乎不点名。\n\n小组作业报告完都会表扬，不过建议pre不要融入抽象元素什么的太不正经，感觉老师会接受不了然后给低分。\n\n就小组作业秋学期花了点时间（不过做的也很认真的）冬学期就开始水，最后绩点4.5，感觉还行吧，总之也谢谢老师
210807,7947,金一翔,2025-01-10 03:50:31,-8,2,10,老师真的很好很好，上课有自己的想法，作为思政课的老师有努力把这些略显枯燥的内容认真上！\n\n每次签到了下课的时候还会让同学来补签，迟到了也可以挽回，本人有一次早八睡过头了，直接把一整节课睡过去了，发钉钉给老师求情说去补上周五三四节课，老师同意了，没算我迟到，而且当我去找老师补签的时候，发现老师已经帮我补签完了！真的太好了！😍😍😍\n\n作业是志愿服务报告+读书笔记+期末考试+现场教学+小组报告，不是老师要布置那么多的，是思政课都有这样布置的要求。\n\n读书报告和志愿服务报告是我认真手搓的，写得还算真情实感，最后结果还不错。\n\n我当了组长，小组展示人，展示的时候老师说了一句“还不错”，但是有一组特别好的做了我们同样的选题，当时心里就有一些打鼓了，老师小组展示比较看内容的深度和角度的全面与独特。\n\n期末考试开卷，可以带任何资料（除了手机），我就提前看了一下目录，打印了一下98和朵朵上面的提纲，稍微看了一下，方便考试抄书，考试就是一顿抄，大家可以去98和朵朵上搜一些经验贴，还是要材料和书上内容结合起来写的，特别是理工科的同学可能没太多经验，要尽可能把字写整齐呀！\n\n最后出成绩特别惊喜和满意，老师给我捞到了这个绩点的最低一档，老师真的有捞过了！🥺
210940,7947,金一翔,2025-01-10 08:15:26,0,3,3,给分比预想的好一点，毕竟也没花很多精力\n\n上课可以水，但是小组展示要正经，补药玩抽象，最好有一些理论支撑\n\n感觉跟老师交流也有点用，虽然老师可能会把问题直接喂ai（
211097,7947,金一翔,2025-01-10 15:24:45,2,3,1,给我捞到了我那一档的最高分……
211265,7947,金一翔,2025-01-11 05:50:57,-2,2,4,给分很迷...\n\n不太懂为什么读书报告 志愿者服务报告要扣那么多分。。。\n\n绩点给的不高，我是小组长＋pre发言人，和老师线上也有一些交流，最后勉强才上了4.2，一打开朵朵看到有人说自己作业全ai跑的4.5 4.8真有点破防了
211276,7947,金一翔,2025-01-11 06:05:01,6,9,3,不光给分烂，讲的也差
211643,7947,金一翔,2025-01-12 05:57:11,7,10,3,不知道这9.几分哪来的
212016,7947,金一翔,2025-01-13 04:35:07,6,10,4,垃圾一个
212026,7947,金一翔,2025-01-13 05:11:27,1,3,2,卡了。。所有报告都是我手搓的。。4.2。。上朵朵一看有人全ai4.8。。碎了\n\n不过个人感觉老师讲课还行，老师很有学识。楼下有句话说的倒是很对。圣贤书读千万遍，不肯低头看人间。\n\n给分标准比较迷，不想莫名其妙拿低分的慎选。
212499,7947,金一翔,2025-01-14 05:52:59,2,4,2,给分迷
212960,7947,金一翔,2025-01-15 10:45:45,6,7,1,最多5分，不能再多了
213338,7947,金一翔,2025-01-17 03:54:58,4,6,2,给分差……
213418,7947,金一翔,2025-01-17 09:01:00,0,2,2,给分迷
213553,7947,金一翔,2025-01-18 07:41:58,3,5,2,太不求是，被你暴击
213662,7947,金一翔,2025-01-19 03:16:25,0,3,3,😅😅😅
213991,7947,金一翔,2025-01-22 14:00:23,1,3,2,😡😡😡
214174,7947,金一翔,2025-01-27 01:51:27,2,3,1,😅😅😅
214233,7947,金一翔,2025-01-30 03:19:14,-2,0,2,When people bullying you， when they are not with you， you stay present.And this is how you hold your energy.
214264,7947,金一翔,2025-01-31 07:20:02,0,2,2,🤪🤪🤪
215110,7947,金一翔,2025-02-21 08:43:16,-2,1,3,走了好啊，你给那么低的分，走了免得祸害下一代
215578,7947,金一翔,2025-03-01 13:47:50,-2,1,3,垃圾。
216416,7947,金一翔,2025-03-16 08:59:56,0,1,1,这么高评分水军刷的吧。。。被骗进来绩杀了。。。。
216722,7947,金一翔,2025-03-22 14:21:55,1,2,1,金老师是好老师。同学们口下积德吧
217693,7947,金一翔,2025-04-15 07:36:01,0,1,1,给分真的不好，但是已经离开浙大了
217871,7947,金一翔,2025-04-17 09:34:12,1,1,0,给分烂
133719,7957,翟绪权,2021-03-04 07:34:19,10,43,33,怎么说呢，在浙大最恶竞的课上鼓励恶竞，真是当今大学的悲哀
136762,7957,翟绪权,2021-06-26 13:52:41,11,26,15,间接鼓励恶竞\n\n打分方式令人困惑
138077,7957,翟绪权,2021-07-07 09:19:23,3,13,10,翟老师人很和善也很有趣，问他什么问题他都会说很好，但也会严谨地给出学术的建议。平时分给分稍微有点严格，可能是第一年带毛概的原因。但排队发言已经减轻了这门课很大的负担了。最后给分很令人惊喜。
138082,7957,翟绪权,2021-07-07 09:32:41,-3,8,11,卷不过卷不过
138118,7957,翟绪权,2021-07-07 11:18:20,3,7,4,老师真的很好，讲课能让人听得进去，很温柔了。给分也可以的。
139187,7957,翟绪权,2021-07-13 07:26:06,4,8,4,老师备课很认真，讲课不会照本宣科，期末给分也都有依据，会调分，认真就能收获高分。
145126,7957,翟绪权,2021-12-27 14:21:16,4,6,2,【毛概】上学期他的毛概 挺好的老师！给分我个人还好
146335,7957,翟绪权,2022-01-06 08:46:58,5,6,1,长得帅
150826,7957,翟绪权,2022-02-19 06:10:53,-2,3,5,。。。
150975,7957,翟绪权,2022-02-21 12:23:06,11,13,2,翟老师是个见过世面的，课不宣化，平时分都还行，公正吧
152370,7957,翟绪权,2022-04-07 03:45:44,17,21,4,东北帅哥儿老师，讲话声音很好听，上课也挺幽默的。
153541,7957,翟绪权,2022-05-04 10:32:05,-2,3,5,。。。
153982,7957,翟绪权,2022-05-18 11:42:04,8,10,2,评价习概。老师讲课挺有趣，会举好多有意思的例子，把思政课讲得没那么枯燥了。还有我也喜欢王也嘿嘿嘿
156897,7957,翟绪权,2022-06-21 09:49:25,12,13,1,我爱翟老师Ｏ(≧▽≦)Ｏ
156934,7957,翟绪权,2022-06-21 11:04:56,5,6,1,讲课很有条理，人非常的友善！
156945,7957,翟绪权,2022-06-21 11:36:55,4,6,2,翟老师超级好！爱翟老师～
156976,7957,翟绪权,2022-06-21 13:04:34,4,4,0,我爱翟老师！！！
157049,7957,翟绪权,2022-06-21 18:06:24,15,18,3,私下里经常称翟老师是端水大师，因为每次展示后他都会对各个小组进行夸赞，疯狂端水hhh。翟老师人非常好（咨询展示主题如何他都回答非常好），但也有一定的原则，上课也很用心！（我就是习概听了他的课后被吸引，选他的毛概课的hh）给分有依据，不会辜负大家的努力。
157569,7957,翟绪权,2022-06-23 18:57:16,4,4,0,很nice
157590,7957,翟绪权,2022-06-24 01:27:45,10,13,3,毛概课不是这个老师打分但这个老师有上课，特别nice还很帅hhhhh
162449,7957,翟绪权,2022-11-22 15:30:20,-3,8,11,只能说快逃，晦气。
162455,7957,翟绪权,2022-11-23 00:51:49,7,13,6,早八不是拿来听你yygq和上纲上线的，，，谁让你代表我们拒绝这拒绝那的，，，我以为有什么大事要线下上课讲，，，真烦，，，
162807,7957,翟绪权,2022-12-06 12:07:09,1,2,1,习概，感觉上课很儒雅
164230,7957,翟绪权,2022-12-19 12:36:01,-5,6,11,这必须给个差评
164388,7957,翟绪权,2022-12-20 13:37:13,0,2,2,我爱翟哥
165755,7957,翟绪权,2023-01-09 13:51:58,0,1,1,讲课还不错
165784,7957,翟绪权,2023-01-09 17:18:46,0,2,2,老师好温柔
165863,7957,翟绪权,2023-01-10 07:17:36,1,9,8,一句话，别选
169653,7957,翟绪权,2023-02-27 09:21:29,7,8,1,阿翟对学生真的很好！很耐心还很温柔 每次钉钉回复都很及时 还会给“谢谢老师”回“不客气”
173207,7957,翟绪权,2023-05-16 03:02:16,-10,8,18,鼓励大家恶竞，赶紧滚
176327,7957,翟绪权,2023-06-29 09:07:23,0,1,1,毛概习概都是翟老师，两门近似于裸考都上4了，感谢！
176407,7957,翟绪权,2023-06-28 18:01:34,0,2,2,阿翟最好了！笔芯笔芯！
176557,7957,翟绪权,2023-06-29 08:58:58,1,1,0,阿翟 我滴神！毛概感觉给分不错！
176574,7957,翟绪权,2023-06-29 09:38:46,1,2,1,翟老师上课我觉得比其他老师言之有物，但是毛概给分是不是有点差啊
186611,7957,翟绪权,2024-01-12 06:03:05,2,3,1,课上得还行，学生展示也很捧场。\n\n小吐槽: 老师经常误用“首当其冲”，看来高考不考成语
188736,7957,翟绪权,2024-01-19 17:55:11,1,1,0,虽然习概考得不好😭，但我还是给翟老师打10分
189045,7957,翟绪权,2024-01-21 12:03:33,1,1,0,给翟老师打十分！！！
190674,7957,翟绪权,2024-03-14 03:53:56,1,2,1,讲师做一年就成了副教授，到底是怎么做到的？\n\n我自己学院某些和翟老师同龄的老师甚至还只是研究员。。。
195152,7957,翟绪权,2024-06-27 03:12:04,2,2,0,老师人帅，教课有热情，给分个人感觉比较好\n\n一学期就点了一次名，雷达的
195654,7957,翟绪权,2024-06-29 08:25:20,1,1,0,特比好的老师！！！
196082,7957,翟绪权,2024-07-01 12:39:02,0,0,0,习概\n\n一学期点了一次名，很好平衡了课程要求和学生需要。平时分给的尽力高了，但是如果各小组之间给的不高，老师也只能尽力平衡。
205514,7957,翟绪权,2024-12-08 11:23:29,-2,5,7,恶差师德师风问题
209853,7957,翟绪权,2025-01-07 08:59:54,1,1,0,很好的老师！！！
209885,7957,翟绪权,2025-01-07 10:16:30,0,1,1,讲课方面不好评价，一方面风格不一定迎合所有人，另一方面确实也没听过几次；\n\n看得出来老师致力于做端水大师和妙语连珠大师，同时也在尽力“讨好”学生，讲清楚所有评分细则，尽可能多地给大家减少麻烦等等（这学期没点名）\n\n打9分，会为学生考虑的老师某种程度上就是一位好老师
219136,7957,翟绪权,2025-05-22 07:03:00,1,1,0,十分，伟大，无需多言
221722,7957,翟绪权,2025-06-25 13:11:12,2,2,0,这个学期感觉给分不是很友好
128280,7960,李洁,2020-12-16 06:27:40,17,36,19,讲课很认真，很负责，但史纲课本身很无聊…
128315,7960,李洁,2020-12-18 03:50:53,-1,28,29,老师可能已经很努力了，但是知识能力和经验都很差，所以课很无聊，基本没有任何收获
128461,7960,李洁,2021-01-28 07:20:44,3,11,8,老师在努力地教好，大家不要过于苛求。\n\n想拿高分就要找个肯干活的小组，团结一致，大家都出力才能拿到好分数，不要寄希望于组长一个人或者某几个人单独带。学知识，要求是，希望大家都能拿到满意的成绩。
128521,7960,李洁,2020-12-23 13:27:39,-1,15,16,还没到期末，先来评分。看得出来老师很努力上课，也很努力和我们互动，但是实在低估了我们的史观，也高估了我们对史实的了解，语言组织也没有心目中大学老师的感觉。总的来说非常枯燥，没有任何收获，成为了大一第一学期最无聊的课没有之一。
129129,7960,李洁,2020-12-30 08:35:43,5,9,4,很多人本身就对史纲不感兴趣，老师做到这样已经很好了
129211,7960,李洁,2020-12-31 07:45:34,4,7,3,老师尽力了
129864,7960,李洁,2021-01-13 05:25:36,-5,2,7,感觉一般
129937,7960,李洁,2021-01-14 01:26:51,13,16,3,老师是在很用心地在维持、改善课堂感受了~
130239,7960,李洁,2021-01-20 01:37:38,6,6,0,老师真的很用心，希望同学们能在课堂上学习到更广泛的知识，但是史纲这门课限制了老师的发挥啊，期待老师的其他课程！
130636,7960,李洁,2021-01-28 13:32:19,-4,2,6,一般般
130984,7960,李洁,2021-01-25 16:26:30,6,7,1,从未发言，上课没听过，但作业什么的认真做了，最后绩点上4了，觉得老师可
131007,7960,李洁,2021-01-25 14:05:33,-5,3,8,老师给分不太友好
131016,7960,李洁,2021-01-25 14:40:37,-2,3,5,期末87，4.2。从成绩看来好像老师没有调分？可能毕竟是第一年教学吧，史纲课可以看出来老师已经很用心了但是还是会有些照本宣科。课会比较水但是其实是史纲通病了，本人课上无发言，整个小组展示成绩甚至有些不好，或许是自己期末考考好了拉上来的，总之感谢老师！
131028,7960,李洁,2021-01-25 15:15:13,-4,5,9,3.3是怎么肥事，没缺过勤，作业也交了。。。
131048,7960,李洁,2021-01-25 16:35:33,-2,1,3,史纲课是挺没意思的，但是老师已经很尽力了。总是cue大家，虽然成效甚微。。。。。。。
131053,7960,李洁,2021-01-25 16:56:04,2,6,4,明明很认真的学了但是还是只有3.3
131071,7960,李洁,2021-01-26 00:50:35,19,23,4,出分后来评价一波～\n\n  因为是新老师说实话对给分很没有底，但是感觉出来后意外的好！考试并没有写多少字（不知道写什么好以至于一句话翻来覆去重复的我）以及上课常年划水也一次没有发言过（社恐），老师很喜欢cue大家回答问题，也因为发言记住了很多同学的名字，本以为自己要gg了但是出来竟然有4.5！可能是讨论和读书报告救了我（？）虽然浙江精神读书报告真的真的很难写\n\n  上课风格的话老师很认真有很多知识，中间也会有视频什么的，个人感觉不算是很枯燥。但可能会让人有点压力，老师很喜欢cue人回答问题，但是是那种自愿的，祈祷本班有喜欢回答的大佬吧哈哈哈哈哈不然她就很可能会下来开始一边转一边重复问题（写微积分的我一下就停住了笔）对于想水课的同学不太友好，对于想好好学史纲的应该是个不错选择吧\n\n  不管怎么样，给分真的不错！冲冲冲
131221,7960,李洁,2021-01-26 15:26:00,4,10,6,emmm可能平时分不太可观吧，明明很认真学的最后只有3.9，感觉老师给分上下差距蛮大的
131297,7960,李洁,2021-01-27 03:51:23,-3,2,5,成绩出来有点没到心理预期吧，感觉不太捞，上课喜欢叫人回答问题，但是本社恐从不发言。。如果能跟老师混个脸熟应该会很不错
131403,7960,李洁,2021-01-27 11:13:11,2,4,2,老师挺不错的，喜欢叫人答题，积极配合平时分应该不会很低。知识也很渊博，补充了很多我以前不太了解的史实细节。
131411,7960,李洁,2021-01-27 11:46:11,2,2,0,给分很好，感觉超级值得了
131584,7960,李洁,2021-01-28 05:42:41,7,7,0,李洁老师人很好，而且很想调动课堂的气氛，但可能我们的历史基础都比较差，越到后来发言的人越少，但老师真的很努力在教学，而且讲的也很透彻。
131748,7960,李洁,2021-01-28 17:02:16,-73,3,76,很好的老师\n\n最后虽然4.5不是很理想\n\n但是也足够了
133977,7960,李洁,2021-03-11 05:53:17,3,5,2,上课喜欢提问，但是大部分同学答不上来
137372,7960,李洁,2021-07-03 14:00:47,5,5,0,李洁老师真的超级好超级温柔
137373,7960,李洁,2021-07-03 14:01:20,6,8,2,大爱李老师，非常有同理心，很体谅学生，给分也好，上课不会照本宣科
137374,7960,李洁,2021-07-03 14:10:01,-2,3,5,平时分占比大，但是个人感觉平时分扣掉的可能比期末扣掉的分还多。可能就是不容易挂科，但是也很难弄高分。
137375,7960,李洁,2021-07-03 14:17:42,5,6,1,给分巨好，事情不多，很认真，捞人技术好
137386,7960,李洁,2021-07-03 15:52:57,2,3,1,太棒啦！！！老师太好了！！！李洁yyds
137422,7960,李洁,2021-07-04 05:28:53,7,9,2,给分好，很尊重学生
137427,7960,李洁,2021-07-04 05:59:49,7,9,2,年轻却很有学识的一位老师，尊重学生，事情不多，只要认真对待，好好看书写读书报告，结果都不会差
138024,7960,李洁,2021-07-07 05:43:29,4,5,1,yyds
138313,7960,李洁,2021-07-08 13:12:11,10,12,2,李老师，我的超人
138373,7960,李洁,2021-07-08 22:56:38,11,13,2,一学期点两次名，很好很可爱也很有水平的老师，很有个人看法与情怀，虽然经常上课写作业水过去，但很喜欢她上课的风格与腔调！最后给分也很好！预制如果是她就不用动了，强推！
139254,7960,李洁,2021-07-14 00:43:24,9,11,2,很好的老师
140473,7960,李洁,2021-09-13 01:59:13,4,5,1,好！！
140833,7960,李洁,2021-09-16 14:39:46,11,12,1,很好的老师，会捞
144051,7960,李洁,2021-12-17 05:26:32,-4,5,9,老师讲得挺好，人也很nice，但是事情好多，两次讨论课、论文给我的压力比微积分线代还大。
144987,7960,李洁,2021-12-26 08:21:14,14,16,2,非常好
145129,7960,李洁,2021-12-27 14:49:39,41,46,5,先谈谈评论区大家谈到的问题和自己的感受：\n\n1.点名。点名是学校改革后的要求，规定老师至少点几次名。老师只是履行自己的职责，而且作为学生，本就该到课，而不是希望老师不点名。\n\n2.事多。个人认为事不多，两次展示+一篇论文。展示是小组合作，和小组成员有关，成效跟老师有啥关系？老师名言论文禁卷，上限3000.\n\n3.无聊。个人觉得不算无聊，有讲解有视频，老师PPT做得很用心，内容很丰富。讲历史本就不可避免需要重复课本内容，并非照本宣科。\n\n4.老师的讲课方式。老师真的很努力活跃课堂氛围，有时会讲讲自己的大学生活，或者平时遇到的趣事，给大家推荐搜文献的方法。个人觉得课堂氛围不错。\n\n李老师真的很努力地想把课讲好，很真诚地让大家提建议，可以感受到老师的用心！老师也捞，课程总结和论文都有捞。如果你不是摆烂导致期末考拉闸或者缺勤被记，70%的平时分，正常到课+用心做作业就有。老师本学期还减少了课堂发言，控制了小组展示的分数（捞），如果这样还要抱怨自己绩点低，是否该反思一下是自己的问题呢？\n\n李洁老师超温柔超nice的一个人！
146096,7960,李洁,2022-01-05 12:54:46,19,21,2,相信我，如果你的史纲预置是她，并且你的史纲课在开学后的第一、二天——你将会在开学后的第一、二天内第一次碰见本科期间最好的老师之一。\n\n\n\n老师本身是很有水平的（可以去查她的简历）学术功底非常优异，但史纲毕竟是面向全校开设的，由于课程设置无法真正深入——但老师也在极尽所能地打开我们的学术视野。【正态真的没办法(´;︵;`)但只要付出了，老师都看在眼里的——给分机制非常科学人性，打压恶竞内卷】\n\n\n\n刷分、学东西、讨教人生经历——尽管来！！！
146254,7960,李洁,2022-01-06 04:42:04,9,12,3,很棒的老师啊，分低还是多反省反省自己吧
146788,7960,李洁,2022-01-07 12:37:16,7,9,2,老师挺好的
146793,7960,李洁,2022-01-07 12:46:27,14,16,2,555，李洁我的超人，在我其他科目考炸的时候狠狠捞了我一把，555，谢谢你。预置上的就偷着乐吧
146797,7960,李洁,2022-01-07 12:54:19,-8,2,10,还行吧
146799,7960,李洁,2022-01-07 12:58:00,-6,6,12,绩点给太低了
146800,7960,李洁,2022-01-07 13:03:33,11,13,2,老师会很关心人，上课也讲的很好，i了i了！
146809,7960,李洁,2022-01-07 13:30:38,7,9,2,会点几次名 是通过上交作业来点，平时有两次小组展示，一个论文\n\n老师真的能捞 ，我感觉我们小组挺拉，但绩点还可以，李老师我的超人！！！\n\n考试只占30%，而且前面选择仔细翻都翻的到，大题能多抄点就多抄点
146832,7960,李洁,2022-01-07 14:16:13,6,8,2,很有情怀的老师，也很负责，会及时回答学生的问题
146853,7960,李洁,2022-01-07 15:57:52,6,8,2,非常好
146859,7960,李洁,2022-01-07 17:57:14,6,8,2,被捞到4.2了，真的惊喜！
146887,7960,李洁,2022-01-08 02:25:00,7,9,2,老师很好的
146895,7960,李洁,2022-01-08 02:50:01,11,13,2,真的好！！！\n\n快冲！
147291,7960,李洁,2022-01-09 12:16:55,4,6,2,李老师真的特别好，讨论课可以玩得很开心啊哈哈哈
147308,7960,李洁,2022-01-09 12:40:07,5,9,4,李老师真的超棒，第一节课就声明严禁内卷，好感度拉满，虽然史纲课的确很无聊，但老师真的很用心在教，我后期上课基本不听，小组展示也就查查资料，不过期末有好好准备，最后绩点4.2，真的谢谢老师
147309,7960,李洁,2022-01-09 12:51:20,5,7,2,很好的老师，说话很温柔，给分也很好耶！爱辽爱辽
148793,7960,李洁,2022-01-13 14:08:01,7,8,1,李洁老师yyds
149159,7960,李洁,2022-01-14 14:57:00,6,8,2,一学期都是认认真真听了老师的课，觉得还是学到了不少东西，而且，老师人真的很好很温柔！！！
150921,7960,李洁,2022-02-21 05:42:29,3,5,2,第一节课就觉得老师很温柔
151948,7960,李洁,2022-03-21 11:27:37,3,5,2,老师不错 特别温柔 给分也还可以
152160,7960,李洁,2022-03-29 05:58:58,-26,3,29,我也想当大学史纲女老师，只要我往讲台上一站，讨论课一开，就总会有一群年轻男大学生向我献媚讨好。
154062,7960,李洁,2022-05-21 15:31:10,5,6,1,李洁老师很温柔，发的邮件都会一一回复，太可爱了
154105,7960,李洁,2022-05-24 12:11:12,5,6,1,非常好！
155263,7960,李洁,2022-06-10 02:30:53,5,6,1,还没考试就想给李洁老师打10分！老师真的超级温柔超级好！！！不会给学生压力！！能预置上李洁老师的史纲就偷着乐吧！
155616,7960,李洁,2022-06-14 16:01:40,11,11,0,恋爱了
155908,7960,李洁,2022-06-16 13:35:41,4,4,0,老师很温柔，史纲课也在努力地讲的更有趣，讨论课也很不错！！10分
155925,7960,李洁,2022-06-16 14:37:14,5,5,0,关心学生、认真严谨、谦卑又强大。真的是一位很好的老师。
155931,7960,李洁,2022-06-16 15:13:51,5,5,0,李洁jj我的神！！！真的太好了！！！很为学生考虑，能学到很多，不仅仅是史纲课本里的东西，真的很好啊！！！给分也好！
155943,7960,李洁,2022-06-16 15:59:56,4,4,0,温柔中不失严谨，是真正有学问，想把课上好的年轻老师！最重要的是给分好！！
155947,7960,李洁,2022-06-16 16:22:28,4,4,0,李洁老师我的超人！事少给分好（就两次小组展示和论文一篇）。老师不鼓励恶竞，而是希望我们在适当的地方里做到精益求精，有自己的思考，平时还会拓展好多课外知识以及个人经历。谁还不给我选她！
155969,7960,李洁,2022-06-17 02:32:21,9,9,0,平时事少，给分超高！平时上课就像大姐姐一样，把枯燥的近代史讲的很有深度和感情，也很体贴同学。李老师yyds！
155970,7960,李洁,2022-06-17 02:32:58,6,6,0,老师很体贴我们，她不希望史纲占用我们过多时间，论文和课程小结都拒绝内卷。我们这个学期期末考试很难，但是大家最后分都不错。超级能捞，李老师yyds！
155980,7960,李洁,2022-06-17 03:49:05,4,4,0,李洁老师真的超级温柔耐心善解人意，最后给分也很捞！而且是我进大学以来碰到的唯一一个会对我的感谢表示客气的老师，给人超级亲切的感觉！
156176,7960,李洁,2022-06-18 04:44:24,4,4,0,人生第一次上查老师评分！因为老师实在太好了！感动！
158979,7960,李洁,2022-07-04 07:18:01,2,4,2,重拾思政信心，重铸理工荣光！
160094,7960,李洁,2022-09-13 06:39:59,4,4,0,第一天上课一个小时我就来评论，我只能说真的还不错，禁止内卷恶竞，很可爱的一个老师，给人一种有活力的感觉，不是一位会给人压力的老师
160445,7960,李洁,2022-09-22 16:47:03,1,3,2,李洁姐人很好，每次上课都笑眯眯的，可惜没怎么听，但是每次听的时候都能听到她说什么类似于“我当时在北大的时候”或者“当时我在南京的时候”，可能是因为我只能听进去跟课堂无关的事吧反正每次听到这些话心里感到很烦，但总体人特别好，事也少，上课不会强迫发言
160714,7960,李洁,2022-10-04 15:09:57,4,4,0,李老师是很有情怀、学术功底很强的老师。老师对待教学极度认真负责，感觉上课不仅仅是一份普通的工作，而是神圣的事业、命业，即使身体很疲惫她也总是会想尽力地把课上好。李老师也很关心学生，钉钉消息回得比较及时。老师点名比较少。我们的史纲课是周一的678节，本来我会以为我会困得要死，结果在老师的课堂中肯本睡不着。而且每次上完课都是掌声雷动。
161049,7960,李洁,2022-10-25 04:08:28,-8,1,9,这种课和老师关系好就能得高分😅
161070,7960,李洁,2022-10-25 13:23:52,1,1,0,爱lj姐姐！！！特别温柔特别real的老师！！！
161096,7960,李洁,2022-10-26 16:02:42,1,1,0,有趣的灵魂，文人精神
161539,7960,李洁,2022-11-08 11:27:26,2,2,0,查老师首评献给李老师！真的是很好的老师，史纲上课讲的很细，回放视频，很有意思。很看重历史思考，重视对历史思考的培养。很认真的指导我们写论文，钉钉一定会回，人超级好。而且不鹅颈。可惜身为工科生很多时候还是没听课。如果有机会上她的课，请珍惜李老师。
161540,7960,李洁,2022-11-08 11:29:53,1,1,0,老师人很棒，水了一个学期老师也给了很高的分，老师上课会cue人回答，事情不多，考试开卷也不难，老师真的很不错
163417,7960,李洁,2022-12-14 08:57:56,1,1,0,老师真的好！！！
164000,7960,李洁,2022-12-17 07:45:59,1,1,0,good
164192,7960,李洁,2022-12-19 05:31:45,1,1,0,李老师超棒的！！！
164804,7960,李洁,2022-12-26 07:59:15,1,1,0,我只能说很好，想读的同学尽管去问，她很温柔
164806,7960,李洁,2022-12-26 08:01:03,2,2,0,老师本人真的是一位很温柔很nice的老师，史纲课虽然有时候会无聊，但是老师的教书风格让我真切感受到了大学的自由。尤其是小组展示。虽然刚刚上手有点迷茫，但是你随着展示的逐渐成型，那种和组员共同奋斗的感觉以及展示时候的成就感真的难以言喻。老师本人也非常关怀学生，很可爱啊。课程结束了，是真的很不舍很不舍，真的好喜欢老师。大家遇到lj老师无脑冲就好啦！
165223,7960,李洁,2022-12-30 07:57:35,1,1,0,李老师yyds！大一李老师教我们论文的写作真的对不仅是史纲课程而且是其他课程都很有帮助！只要你有问题，李老师就一定会温柔细致的答复。10分满分！大爱李老师！
165268,7960,李洁,2022-12-30 14:55:48,0,0,0,很为学生体谅的老师\n\n选就对了
165531,7960,李洁,2023-01-08 05:12:11,3,3,0,真滴好老师
165536,7960,李洁,2023-01-08 05:43:47,0,0,0,爱死李老师了！！！必须10分！
165558,7960,李洁,2023-01-08 09:36:47,0,1,1,史纲当组长有点忙，历史菜鸟4.8过了，打十分感谢老师！
165585,7960,李洁,2023-01-08 13:14:13,0,0,0,老师敲棒的说。作为江苏老乡，课间放歌时和老师交流仙剑一三✧٩(ˊωˋ*)و✧。\n\n把史纲当做思政课，而非历史课，换个角度，这将是我上过最棒的思政课。\n\n也很惭愧，上课没有认真听讲，小组展示时在摆烂。( ๑ŏ ﹏ ŏ๑ )全靠老师不杀之恩，小组成员carry.\n\n带着这份愧怍，在历史的道路上毅行。
165588,7960,李洁,2023-01-08 13:46:36,1,1,0,给分超级好！
165854,7960,李洁,2023-01-10 06:21:58,0,0,0,给分超棒 人也很温柔 爱了爱了
165974,7960,李洁,2023-01-10 14:09:58,2,2,0,这学期上了老师的史纲。性格方面的话，老师人很好，课上课下都很关心同学；关于学术水平的话，老师的水平无可置疑，水平很高，同时老师对学术也很认真严谨，比方说会强调文献引用和论文格式；至于给分的话，老师给分还是很不错的，就我个人而言的话，论文认真写，小组展示正常搞，然后考前复习一下，最后喜提4.5！\n\n总而言之，老师非常好！
166157,7960,李洁,2023-01-11 08:16:09,0,0,0,老师人好，给分好，还允许学生和她一起上课交流，下课还让我们听听歌
166172,7960,李洁,2023-01-11 09:51:39,1,2,1,满绩了！！谢谢老师，真的能收获很多知识，老师很博学。而且每次给老师发邮件她都会很耐心地给回复，无论讲课给分为人都是绝对的好老师！
167136,7960,李洁,2023-01-15 04:15:05,1,1,0,好老师，都给我去选
167934,7960,李洁,2023-01-20 12:03:20,2,2,0,近现代史我不是很喜欢，但老师是不错的老师。\n\n为人和善，喜欢和同学们互动，课间休息会让大家上去放音乐。\n\n上课会插入大量的视频来丰富讲课内容，讨论课上把整个教室都交给了同学们。\n\n哦一篇论文占25%，两次讨论课一次占15%，点名占10%，心得占5%，期末考试占30%。讨论的话组长什么的毛遂自荐，组员的分数由小组的得分由组长分配到每个人身上。\n\n对论文的格式要求比较高，对大家也是有一定要求的。\n\n最后还专门抽出时间讲了一下历年的真题来为期末考试做准备，这在众多课中独树一帜。
168460,7960,李洁,2023-02-17 07:36:18,0,0,0,李洁老师超级棒！超级棒！超级棒！重要的事情说三遍。近代史纲要上的很有意思，会有小组研学和论文提交，论文要认认真真地按照格式写，如果是大一新生可以学习论文的格式要求，不要害怕写的不号，多和老师交流学习论文格式，认认真真地对待就好了。老师人真的超级棒！
169763,7960,李洁,2023-02-27 23:56:31,0,0,0,幸幸苦苦一个学期最后3.6
169909,7960,李洁,2023-02-28 10:12:03,1,1,0,李老师真的超好啊
170372,7960,李洁,2023-03-03 07:51:50,0,0,0,讲课很有意思，讨论课认真准备，论文好好写，期末裸考，大一纯理科生4.8，爱死李老师了
173999,7960,李洁,2023-06-05 13:33:31,0,0,0,中共党史，温柔耐心的好老师，必选
176095,7960,李洁,2023-06-27 16:48:57,1,1,0,真的感觉得到被关心。
131504,7972,伏佳佳,2021-01-27 22:49:59,-9,4,13,老师挺好的，就是第一年习概这考试太阴间了
131516,7972,伏佳佳,2021-01-28 00:29:10,12,16,4,给分裂开，不负责任
131621,7972,伏佳佳,2021-01-28 07:57:14,75,97,22,“本来就是开出来拍马屁的课，为什么还要压卷面分来刁难学生？对着这狗课狗分谢不出口”\n\n群里同学发的，自己考虑
132330,7972,伏佳佳,2021-01-31 20:37:40,16,27,11,垃圾习概，果然思政课老师都是以折磨学生为荣的，是因为思政课本来就垃圾？还是这些老师内心本来就自卑？才想通过给分来剥削学生
132362,7972,伏佳佳,2021-02-01 05:45:44,20,31,11,反正不好，只会说一些无关痛痒的话假装人文关怀，给分低说自己也没办法，那难道学生就有办法了？卷面平均60分，是所有学生都有病还是老师有问题，大家自己体会。
132796,7972,伏佳佳,2021-02-03 16:23:51,16,24,8,印象只是个很时髦的年轻老师，没有人设那么亲民。给分不好。期末批卷也太迷了，既然是轮流批卷为什么每个班平均不一样，还是有改动空间的吧
135804,7972,伏佳佳,2021-05-26 12:47:10,7,12,5,拉低了我对年轻老师的印象，课程毫无营养，给分极度不好
136134,7972,伏佳佳,2021-06-11 06:36:04,3,10,7,本科是四人间，博士不应该是四人间？也不看看马院什么生源
136357,7972,伏佳佳,2021-06-17 02:52:03,13,24,11,评价这老师上课难听点就是\n\n“放狗屁，狗放屁，放屁狗” ！
136676,7972,伏佳佳,2021-06-23 01:33:45,0,1,1,求捞
137503,7972,伏佳佳,2021-07-04 14:58:16,9,12,3,小组分差距这么大我也是无语\n\n我作为组员做了该做的事情\n\n其他小组成员发言拉了胯，报告没写好\n\n最后我和其他同学在平时分上都差了10分\n\n还是说这个老师觉得我想拿个正常的分数都要一个人做完一个组的事情？
137637,7972,伏佳佳,2021-07-05 12:13:36,11,17,6,无语子 整个课程从头到尾就是一片混乱 给平时分也好考试也罢 建议学校让新老师上课前做点最基本的培训 不要什么牛鬼神蛇都可以拉回来上课
138630,7972,伏佳佳,2021-07-10 04:29:07,2,3,1,习概期末考打分也太恐怖了
138647,7972,伏佳佳,2021-07-10 06:00:08,-1,11,12,老师人很不错的，年轻老师与时俱进，也会提及山河令等热门话题，老师算是很亲民了。给分也很不错~
138884,7972,伏佳佳,2021-07-11 13:49:37,-2,1,3,对习概课没有任何评价，反正也没听过。给分3.9，平时分有91，差不多吧。
139126,7972,伏佳佳,2021-07-13 03:48:08,3,4,1,打分确实不好
139945,7972,伏佳佳,2021-08-22 10:05:36,2,8,6,浙大低质量青年老师
141632,7972,伏佳佳,2021-10-18 10:33:09,1,4,3,人不可貌相
149688,7972,伏佳佳,2022-01-16 11:14:29,2,6,4,一般般
149725,7972,伏佳佳,2022-01-16 14:32:02,3,6,3,老师是一位很努力的年轻老师；给分个人感觉还好，并没有遇上绩杀，但给分也不是特别好，普通水平吧。有一点不太好的是上网课期间网络不好掉线也会被判定为缺勤，解释也没有用，感觉这样不太好，，
154874,7972,伏佳佳,2022-06-06 10:40:41,-1,3,4,无语无语
154877,7972,伏佳佳,2022-06-06 10:51:54,-4,5,9,为什么没有0分？\n\n做个人这么难么
157168,7972,伏佳佳,2022-06-22 06:58:58,13,16,3,有一说一，这学期给分挺好，而且反卷，第一节课让评分员打分时严禁<80
157170,7972,伏佳佳,2022-06-22 06:59:38,4,7,3,老师人真的很好，给分很棒！
157244,7972,伏佳佳,2022-06-22 14:06:47,4,7,3,这学期上伏佳佳老师毛概，没抱着得高分的目的，平时分也不是很高，但是也得了不错的绩点，老师也很亲民，觉得老师真的有在改变了，值得10分！
157368,7972,伏佳佳,2022-06-23 10:20:18,-5,6,11,给分真的很一般，还卡绩!
157598,7972,伏佳佳,2022-06-24 02:23:18,-1,6,7,好老师，捞的好
157613,7972,伏佳佳,2022-06-24 03:33:03,20,25,5,伏老师真的是一位非常负责可爱的老师，虽然毛概课含知识量真的不多，但是她真的人太好了呜呜呜呜，考完还会问问大家的想法意见，考前也会浅浅画个重点，伏老师人美心善第一人了！给我选她！
157626,7972,伏佳佳,2022-06-24 05:37:08,7,10,3,伏老师真的有在为大家考虑，只要用心就一定有收获！
157656,7972,伏佳佳,2022-06-24 08:37:19,0,4,4,今年开始的挺好的
157675,7972,伏佳佳,2022-06-24 09:43:52,4,8,4,伏老师炒鸡棒的，现在完全不绩杀，大家可以放心选了~
157683,7972,伏佳佳,2022-06-24 10:06:04,6,10,4,虽然不清楚伏老师以前是怎么样，但是今年给分特别好！出分后还会一个个私戳呜呜呜是很可爱很负责的老师！
157702,7972,伏佳佳,2022-06-24 11:43:35,3,7,4,老师今年改进啦 不会绩杀放心选！
157746,7972,伏佳佳,2022-06-24 15:25:17,2,5,3,好老师，改过自新
158224,7972,伏佳佳,2022-06-27 14:27:22,1,8,7,老师改过自新了，现在给分超好，给完成绩还跟同学们私聊，爱了爱了
158574,7972,伏佳佳,2022-06-30 09:22:13,2,10,8,不多说\n\n伏老师我永远的女神！！！！！！！！！！！！！！！！！！！！！！！
158593,7972,伏佳佳,2022-06-30 12:31:14,2,8,6,人美心善还捞人
164171,7972,伏佳佳,2022-12-18 15:52:55,7,7,0,一节课都没点过名，人美心善，女神不解释
164815,7972,伏佳佳,2023-01-16 05:25:47,11,12,1,人美心善给分好，为学生着想的好老师，下学期继续老师的习概
164875,7972,伏佳佳,2022-12-27 06:38:28,13,13,0,老师现在已经很好了，之前刚进来不懂可以捞人，现在已经捞得很老道了，10分不多说！大家完全可以放心选。
165317,7972,伏佳佳,2022-12-31 13:17:13,9,9,0,人美心善的好老师，已经改了，几年前的评论不能信
165713,7972,伏佳佳,2023-01-09 11:17:05,13,13,0,她真的好温柔，我哭死，还让助教不要来点名
166428,7972,伏佳佳,2023-01-12 08:47:02,13,13,0,她真的太好了 她真的太好了呜呜呜 考前背一个礼拜是有回报的
166431,7972,伏佳佳,2023-01-12 08:58:45,12,12,0,啊老师人真的很好～\n\n还记得她上课说的同学们要是累了可以睡一会不听也没事\n\n还有她期末织的大鱼网\n\n人很好给分也巨好
166434,7972,伏佳佳,2023-01-12 09:09:12,13,13,0,老师真的好好，很关心学生，疫情严重的时候还叫我们不要担心多保重身体。给分也好，上课也有意思！！爱她！！
166438,7972,伏佳佳,2023-01-12 09:24:37,6,6,0,查老师的均绩不骗人
166575,7972,伏佳佳,2023-01-13 01:31:57,9,9,0,给分可以的\n\n老师人也很好，很愿意和学生交流也很关心学生
166658,7972,伏佳佳,2023-01-13 07:37:18,6,6,0,好老师！人美心善
169259,7972,伏佳佳,2023-02-25 05:32:30,7,7,0,人美心善的好老师
169943,7972,伏佳佳,2023-02-28 14:31:29,12,12,0,伏老师人好好，不鼓励大家卷
175328,7972,伏佳佳,2023-06-24 02:12:30,-31,1,32,不给组长额外加分，组长就是牛马是吧，别的班可以给组长加分，我们班就要让组长自己在小组分数分配的时候调整，打分又一定要取整，那请问是要吸哪个组员的血给自己加上平时分呢？真是好s_b
175853,7972,伏佳佳,2023-06-27 03:27:57,31,33,2,楼上差不多得了，真这么有意见组长群里你发泄一下啊，在这匿名牛逼起来了？第一，伏老师给的平时分已经很高了，哪怕不加分都比其他班要高；第二，什么叫组长在小组里加分就是吸血？你要是做了其他组员没做的额外的努力，获得额外的分数就是应得的，该不会你摸了一年的鱼才不好意思开口吧？
176485,7972,伏佳佳,2023-06-29 05:41:43,3,4,1,伏佳佳我的女神！！！！
177369,7972,伏佳佳,2023-07-03 04:57:44,6,6,0,不点名，期末会捞。考前压中三道大题和若干选择。一天速成4.2.选就完了
177419,7972,伏佳佳,2023-07-03 08:29:04,2,2,0,人美心善给分超好！！！
177472,7972,伏佳佳,2023-07-03 11:03:44,2,3,1,伏佳佳老师真的太好啦！人美心善！
180490,7972,伏佳佳,2023-09-22 03:14:01,1,1,0,她真的很好，真的很好🥹🥹
183398,7972,伏佳佳,2023-11-25 02:18:20,0,0,0,好老师~~
184597,7972,伏佳佳,2023-12-22 02:27:28,1,1,0,冲冲冲
186047,7972,伏佳佳,2024-01-08 04:09:01,2,2,0,不点名 给分高
186057,7972,伏佳佳,2024-01-08 05:33:06,3,3,0,伏佳佳老师我的神！！！平时分真的很高很好。
186058,7972,伏佳佳,2024-01-08 05:35:29,2,4,2,平时分给分确实高，考试还没考，先给个9分，出总分后再决定给不给10分
186070,7972,伏佳佳,2024-01-08 07:03:50,1,1,0,室友是fjj的毛概\n\n我是lyy的毛概\n\n平时分差距很大\n\nlyy给分不好\n\nfjj给分好
186552,7972,伏佳佳,2024-01-11 16:10:01,1,1,0,裸考了 老师求你大捞特捞 让我过个好年吧呜呜呜呜
186634,7972,伏佳佳,2024-01-12 08:42:17,3,3,0,明天考毛概，考试之前来给老师打个10分，老师保佑我明天蒙的都对，还希望人美心善的fjj姐姐可以捞捞孩子🥲🥲
186664,7972,伏佳佳,2024-01-12 11:44:16,3,3,0,老师人美心善，求求老师让我过个好年！
187427,7972,伏佳佳,2024-01-16 05:48:06,2,3,1,平时分95，等总成绩出来再来还原
187703,7972,伏佳佳,2024-01-17 07:48:01,6,6,0,为什么没有11分\n\n老师很漂亮很温柔 讲课也很好\n\n给分也很捞！实在捞不上来还会私信说同学我尽力了\n\n这样的老师值得10分
187732,7972,伏佳佳,2024-01-17 09:00:46,3,3,0,好老师~~
187897,7972,伏佳佳,2024-01-17 17:22:27,9,9,0,事实证明，真的很能捞。老师甚至在玉泉打印店开了账户让我们免费打印各种资料，我真的哭死\n\n助力老师成为百万名师！！
187923,7972,伏佳佳,2024-01-17 23:44:51,3,3,0,老师真的太漂亮了！！给分也超级好，无脑冲就完事了
187926,7972,伏佳佳,2024-01-17 23:54:35,2,2,0,老师人太好了呜呜呜，一整个就是人美心善\n\n大学以来最好的思政课老师，平时分拉满，考试也贼会捞
187957,7972,伏佳佳,2024-01-18 01:56:27,1,1,0,非常好老师
188224,7972,伏佳佳,2024-01-18 12:33:19,4,4,0,人美心善，超级能捞，给分很好，性格可爱，讲课很好，从不点名，无脑冲就完事了！
188494,7972,伏佳佳,2024-01-19 05:45:04,12,13,1,我是伏老师的狗\n\n按照电院礼法，伏老师可以简称V++\n\n有一次点名，不过是不到不扣分到了加分\n\n我发烧没到但补了请假老师还是认了\n\n期末一直复习专业课，大概只留了6个小时左右抢救了一下考研提纲\n\n感觉最后很对得起自己了（90/4.5）\n\n考试命门是辨析题，因为判断错就8分全寄了，换算到总评是3.2\n\n其他题都用老师的答题法还能拿不少分\n\n庆幸刚好辨析题我都看到了\n\n平时分给的数一数二的高\n\n我们班周一早上最高95最低91，我们组94
189133,7972,伏佳佳,2024-01-22 05:37:19,2,2,0,超级好的老师！
189397,7972,伏佳佳,2024-01-24 01:29:17,3,3,0,人美心善！
189421,7972,伏佳佳,2024-01-24 04:17:14,6,6,0,平时活不算多，所有组的平时分都给到了90+，组内调整后可以拿满平时分，不过这门课期末确实不好在1小时内突击。。
191497,7972,伏佳佳,2024-04-24 00:13:39,2,2,0,神中神!
196213,7972,伏佳佳,2024-07-02 08:58:39,4,4,0,老师人挺好的，但给分没有说的那么好。
197490,7972,伏佳佳,2024-07-17 04:03:46,1,1,0,人美心善，关心同学，给分不错，强推
219601,7972,伏佳佳,2025-05-31 08:35:58,2,2,0,“没来的同学也不要担心，不扣分，签上到的加两分”\n\n\n\n2025夏新中特
220371,7972,伏佳佳,2025-06-17 13:47:59,0,0,0,好人，上课也好！\n\n相比其他毛概老师会少一些没有意义的作业，每周从zjg到yq也值得！
221953,7972,伏佳佳,2025-06-27 15:53:50,0,0,0,66666666
221965,7972,伏佳佳,2025-06-28 04:20:02,1,1,0,伏佳佳老师太好了……感觉我的努力根本配不上我的分数……
221981,7972,伏佳佳,2025-06-28 07:56:15,0,0,0,给分好 事情少 人和蔼 不点名\n\n为啥不选？
221984,7972,伏佳佳,2025-06-28 08:03:48,0,0,0,可爱风趣fjj，人美心善人人夸
221995,7972,伏佳佳,2025-06-28 10:07:48,0,0,0,太善良了 我的女神
140929,8003,董扣艳,2021-09-18 02:25:33,71,81,10,什么也别说了，老师在钉钉群里说：为了避免无意义的恶竟，读书报告字数不超过1500字。\n\n佩服佩服10分了
140930,8003,董扣艳,2021-09-18 02:26:05,54,56,2,“为防止无意义的竞争，读书报告最多不超过1500字”
142152,8003,董扣艳,2021-11-08 02:01:57,36,36,0,老师超级好，很温柔很可爱，课上的一些事例和视频也很有意义
143175,8003,董扣艳,2021-11-20 13:44:56,33,33,0,就凭美女老师上课讲的内容精彩就值10分，况且还反内卷（读书报告上限1500），还有不点名......要能我都想给100分
143792,8003,董扣艳,2021-12-06 12:53:02,24,24,0,好老师，禁止内卷！！！
143900,8003,董扣艳,2021-12-11 13:29:35,32,32,0,这样的老师居然不是10分，什么情况！！！
146020,8003,董扣艳,2022-01-05 04:27:44,20,21,1,美女老师虽然是思修但是老师超级可爱！！！
147147,8003,董扣艳,2022-01-09 01:40:17,23,23,0,老师气质超级棒！！
148195,8003,董扣艳,2022-01-12 00:35:01,29,29,0,老师超棒选她选她！
148274,8003,董扣艳,2022-01-12 04:31:51,22,22,0,董老师yyds！人美心善给分好，选她就对了！
148521,8003,董扣艳,2022-01-12 20:47:33,22,23,1,董老师真的很温柔很可爱！！思修作业上因为一些特殊情况不能完成董老师也很耐心很温柔地给我找替代方法，真的很喜欢董老师！
151274,8003,董扣艳,2022-02-27 10:46:04,30,30,0,很好的老师！！！特别温柔！！！上课会举很有意思的内容，考前也会画知识点
151752,8003,董扣艳,2022-03-14 14:48:57,29,29,0,董老师真的超级温柔，会和我们讨论看书时候遇到的问题，也会帮我们在考前抱佛脚。他和济沅gg搭档的思修真的i了i了（好想给他们俩组CP呀哈哈哈狗头狗头）
156492,8003,董扣艳,2022-06-20 09:29:04,32,33,1,很好的老师！
160084,8003,董扣艳,2022-09-13 05:39:07,21,21,0,我爱她！！
161427,8003,董扣艳,2022-11-07 01:50:13,20,20,0,老师超级棒
163706,8003,董扣艳,2022-12-16 03:35:39,21,21,0,美女老师，太好了，力挺
163833,8003,董扣艳,2022-12-16 07:55:26,19,20,1,美女老师非常认真，必须十分
164692,8003,董扣艳,2022-12-23 11:59:33,19,19,0,美女老师贴贴~~~
164775,8003,董扣艳,2022-12-26 03:42:57,19,19,0,10分，毫不犹豫
164777,8003,董扣艳,2022-12-26 03:54:25,19,19,0,老师特别温柔，上课分享的内容也很有趣
165206,8003,董扣艳,2022-12-30 05:57:39,20,20,0,太好啦
165502,8003,董扣艳,2023-01-07 10:53:23,29,30,1,读书报告反卷 字数1500-\n\n上课氛围轻松有趣\n\n而且老师人太好了！！把雪灾浙大的资源库清了导致读书报告助教看不见，同意补写。\n\n期末考答辩系统出bug，导致有一道题答案不见了，同意补考。\n\n她真的，我哭死！
166256,8003,董扣艳,2023-01-11 14:43:53,47,47,0,她几乎有所有的优点！上课有趣到可水你却不忍心水、任务少、给分好、不打扰你上课写作业甚至表示理解、关心学生、长得漂亮……如果有人问我浙大最完美的老师是谁，我会毫不犹豫地喊：dky，dky，dky！！！
166793,8003,董扣艳,2023-01-13 15:08:23,18,19,1,我爱美女姐姐
166835,8003,董扣艳,2023-01-14 01:08:08,18,19,1,很温柔 上课的内容也很有趣
166905,8003,董扣艳,2023-01-14 07:44:01,26,27,1,来为亲爱的dky老师评分收敛到10做贡献，老师人真的超级好超级温柔，长得还好看！令我印象最深的就是有一次在我上完别的课出教学楼之后大约十多米的距离迎面看到了董老师和另一位老师一起聊天，那时候本人想着直接从旁边过去算了，然后就看到老师很开心的向我招手打招呼，真的那一瞬间愧疚感直接爆棚，之后每一次上课都不好意思水课了。觉得在大学里能碰到一个会特意去记住班级每一位同学的老师真的很难得，最后一节课的时候老师还在课上说她几乎记住了每一位同学的名字，真的很感动。而且老师事情也很少，上课从不点名，反内卷达人，都快给我选她的课啊啊啊啊啊啊。
166907,8003,董扣艳,2023-01-14 07:53:04,20,20,0,这样的事少给分好人美心也善的老师还不给10分？？？？？？
166914,8003,董扣艳,2023-01-14 08:09:30,21,21,0,董老师不鼓励恶竞，读书报告上限1500字，而且上课的内容也很好！\n\n给分我觉得不算差，大概符合我的预期，给董老师打10分！
166918,8003,董扣艳,2023-01-14 08:24:54,18,18,0,我喜欢dky！读书报告字数上限1500反内卷！上课不点名有趣温柔让人不忍心水课，老师给分也好好，我记错ddl超时的读书报告也会收
166921,8003,董扣艳,2023-01-14 08:30:34,19,19,0,事少给分好\n\n美女老师yyds！
166935,8003,董扣艳,2023-01-14 09:25:50,21,21,0,温柔漂亮认真讲课事少给分好的大姐姐谁不爱呢呜呜呜
166953,8003,董扣艳,2023-01-14 10:25:41,19,19,0,不可思议地拿满了🥺不点名的神仙美女老师
166957,8003,董扣艳,2023-01-14 10:35:22,25,26,1,董姐姐的优点（有缺点嘛？）：\n\n1.超级温柔超好说话！\n\n比如我是最后一个加进来的同学，大家都已经分好组了，我希望老师能够把我分到有室友的那组，老师二话不说就同意了！\n\n比如老师上课忘记了我的名字，课后还在钉钉上主动找我道歉（其实老师上了这么多课，哪能记住每一个人的名字呢），真的超好QAQ\n\n比如我在钉钉上问作业相关的一些问题，老师也从来不会觉得烦，不会嫌弃我连作业都搞不清楚，语气还是温温柔柔的。\n\n2.事情很少，很体谅学生\n\n比如研究性学习、读书报告、志愿活动、现场教学等，都是思修课统一的作业。老师不会额外给我们加作业。\n\n比如后来因为疫情有的同学做不了现场教学的作业了，老师积极替他们想办法，给出第二方案（依然是事少轻松）。\n\n比如上课的时候大家有时候会写作业，老师也很理解我们，知道我们要考试，也不会生气，更不会因为这个逮人扣分。\n\n比如读书报告的字数上限1500，现场教学字数也只要300，老师是真的反卷斗士。\n\n3.上课有趣，活泼生动\n\n比如老师课前和课间会放一些流行歌曲和励志视频，还在钉钉群里征集大家喜欢的歌手hhh，真的很可爱。\n\n比如老师说过，虽然是思修课，但她会努力做到不水，上课用的例子都很新颖很生动，可能是因为老师的研究方向是互联网相关的。\n\n老师本人也很有想法，说话很有逻辑很清晰，给我们提供的研究性学习题目也很能激发思考~\n\n4.人美声甜的大姐姐一枚吖~\n\n哪怕上课想写作业，也会忍不住被老师吸引过去，不知不觉就听了一节课、两节课，作业一字未动……\n\n老师考前给我们梳理课本，在群里发小贴士，有什么消息都第一时间通知，还鼓励我们结课以后也可以跟她交流。\n\n5.一些其他的补充：\n\n会用钉钉随堂小作业的方式点名，大多只用写一句话，不过谁会忍心翘董姐姐的课呢？\n\n\n\n总之：\n\n事少+分好+人美+温柔=选她选她！
167131,8003,董扣艳,2023-01-15 04:10:15,18,18,0,好好好
167191,8003,董扣艳,2023-01-15 05:09:14,18,18,0,讲得很好，也可以水，考前会划重点，事少分好。
167244,8003,董扣艳,2023-01-15 07:56:26,19,19,0,美女老师贴贴！人美心善，给分超好！
167260,8003,董扣艳,2023-01-15 09:04:09,18,18,0,给分好人好
167461,8003,董扣艳,2023-01-16 12:06:07,20,20,0,董老师YYDS，反内卷，给分特别好，这还不选？快冲！！！
168932,8003,董扣艳,2023-02-23 14:19:43,16,16,0,给分不错
170421,8003,董扣艳,2023-03-04 11:21:43,12,12,0,真正做到关心学生的好老师！
172561,8003,董扣艳,2023-04-30 03:53:07,9,9,0,超级棒！
175017,8003,董扣艳,2023-06-21 05:30:33,8,8,0,我爱董老师！！！！
179911,8003,董扣艳,2023-09-20 03:30:50,8,8,0,不超过1500字
180268,8003,董扣艳,2023-09-21 03:20:59,6,6,0,老师太有趣了，老师赛高
181794,8003,董扣艳,2023-11-01 02:04:08,6,6,0,为什么不是十分？？？？
181883,8003,董扣艳,2023-11-03 06:49:40,8,8,0,很关心学生，学在浙大出现问题帮我联系助教解决。读书报告不超过1500字，反内卷。每节课前都会放有意思的视频，世界杯，番剧，很有趣，入坑不亏
184561,8003,董扣艳,2023-12-21 16:04:55,4,4,0,最好的老师，没有之一。是那种真的很温柔，对待学生超耐心的老师，研究性学习也会认真对待我们的成果，不做作，评分善解人意
184720,8003,董扣艳,2023-12-22 10:24:12,4,4,0,老师超级超级超级可爱 特别认真的听每个学生讲话
184779,8003,董扣艳,2023-12-22 15:39:58,4,4,0,君生我未生，我生君已老。君恨我生迟，我恨君生早。(虽然老师既年轻又漂亮)
184836,8003,董扣艳,2023-12-23 08:51:27,4,4,0,老师人真的真的很好，每节课前都会放视频，人很温柔，给我们展示作业也提供很多帮助
185341,8003,董扣艳,2023-12-28 05:20:43,4,4,0,事很少，好！
185460,8003,董扣艳,2023-12-29 14:14:05,5,5,0,爱死你了老师！既有深度又有温度，每节课我都有认真在听，可惜以后没机会上了 :(
185730,8003,董扣艳,2024-01-04 02:15:14,4,4,0,我真的特别喜欢董老师，老师会记下每个同学的细节和信心，努力地记住每一个同学，师生之间毫无代沟，满分，100分，1000分！！！
185770,8003,董扣艳,2024-01-04 08:14:58,6,6,0,谁给dky打低分的？心这么硬？
185842,8003,董扣艳,2024-01-05 01:11:07,5,5,0,董老师超级超级好！早八也从不点名，事超少，拒绝恶竞，很温柔，非常关心同学们，讲课内容也很生动有趣！妥妥10分的老师！
185876,8003,董扣艳,2024-01-05 13:34:37,11,12,1,神中神，早八从不点名，每节课都有视频分享，反内卷，拒绝恶竞，最后一节课讲重点忘带书了，恰逢调课无智云还提醒我去看另一个时间的智云，太爱她了，真是遇到的最好的老师，快冲！！最后一节课老师说她怀孕6个月了我们全班都很震惊，但是她下一句话却是向我们道歉因为她一直坐着上课！！真的太好太好了
186078,8003,董扣艳,2024-01-08 08:12:33,4,4,0,事情少，课堂有趣
186324,8003,董扣艳,2024-01-10 13:41:20,4,4,0,我！超！爱！真的真的真的很尊重理解学生
186998,8003,董扣艳,2024-01-14 05:42:13,4,4,0,无人可以超越
187469,8003,董扣艳,2024-01-16 09:49:41,4,4,0,不打满分对不起我的良心
187858,8003,董扣艳,2024-01-17 15:09:37,5,5,0,我爱你dky
187865,8003,董扣艳,2024-01-17 15:28:09,4,4,0,很可爱很温柔而且事很少不点名的老师呜呜呜呜 考前还会划重点 超级体谅学生！
187886,8003,董扣艳,2024-01-17 16:51:01,4,4,0,老师人很温柔很好，很有想法，真的想让我们收获一些什么
188093,8003,董扣艳,2024-01-18 13:11:05,4,4,0,我爱你董老师，谁不给董老师打10分我跟谁急，早日收敛到10吧
188111,8003,董扣艳,2024-01-18 08:13:17,6,6,0,怎么说呢，非常温柔的小姐姐，上课很认真，也能从学生兴趣讲出发讲课，而且读书报告不超过1500字（据说室友的是至少3000，上不封顶）。而且给分超级好，就两个字：选她！
188112,8003,董扣艳,2024-01-18 08:19:56,6,6,0,不打满分我的良心会痛的
188121,8003,董扣艳,2024-01-18 08:38:37,4,4,0,董老师人真的超好，上课从来不点名，但是因为老师讲课很有趣，每节课都来听。人很温柔，知书达理，体谅学生，反内卷战士，给分好，大家都来选董老师的课啊！
188135,8003,董扣艳,2024-01-18 09:05:01,4,4,0,不得不说，超神
188138,8003,董扣艳,2024-01-18 09:10:31,4,4,0,满昏！！！！！
188155,8003,董扣艳,2024-01-18 09:43:35,4,4,0,很神，真的从不点名
188157,8003,董扣艳,2024-01-18 09:48:02,4,4,0,董老师，yyds。
188159,8003,董扣艳,2024-01-18 09:52:37,4,4,0,吹爆董老师 人美心善有耐心，上课从来不点名，期末给分也超好，选她选她没烦恼！😘
188175,8003,董扣艳,2024-01-18 10:15:26,4,4,0,还得是我董姐
188186,8003,董扣艳,2024-01-18 11:12:35,5,5,0,事少给分好
188228,8003,董扣艳,2024-01-18 12:44:29,5,5,0,温柔，不点名，反内卷\n\n好老师，快选！
188329,8003,董扣艳,2024-01-18 15:46:10,3,3,0,真正能做到理解学生，关爱学生，给分也很好，同时读书报告有字数限制，反内卷。很棒的一位年轻老师！
188399,8003,董扣艳,2024-01-19 02:14:04,4,4,0,为董老师趋于满分贡献努力
188427,8003,董扣艳,2024-01-19 03:37:23,6,6,0,会选取一些很贴近现实生活的话题让我们做pre，上课大家讨论也蛮积极的，不照本宣科，经常放一些有意思有深度的视频，怀孕6个月给我们坚持上课我哭死。老师从不点名很温柔，读书报告要求不高，最后满绩，感谢老师！满分！
188448,8003,董扣艳,2024-01-19 04:23:50,4,4,0,我超爱
188728,8003,董扣艳,2024-01-19 17:27:08,3,3,0,董老师，我的女神!
188773,8003,董扣艳,2024-01-20 02:15:17,8,9,1,董老师真的是很用心、很用心的一位老师，讲课真的非常有深度而且有温度（笨人不想听通识也会被吸引过去的那种），课前放的短视频有时也会让你不忍心迟到orz。小组pre以后的提问环节，她真的会记住每一个发言同学的名字，仔细听你所说的话，甚至下课会和你探讨你所提的问题……那些细节真的让人很感动。老师是做网络研究方向的，如果你和她聊天，或者仔细听她上课的话，你会发现她真的很懂学生在想什么……也能收获很多很多~\n\n以及也是知道老师怀孕6个月的惊讶团成员之一！！！！！在最后一节课真的泪目了……一想到现场教学老师带了六个班还和我们一起乘车、步行这么远的路，觉得她真的是非常非常用心的一个老师！！\n\n最后在这里衷心表达我对她的关心深切的感谢【鞠躬】虽然次数不多，在和她的交流中真的受益匪浅。来zju之前，从未想到自己印象最深的老师是自己的德法老师orz\n\n[希望没掉码].jpg
189310,8003,董扣艳,2024-01-23 05:23:49,4,4,0,好老师！！
189363,8003,董扣艳,2024-01-23 11:45:08,4,5,1,老师反内卷，基本上无法通过其他课程中常见的“卷”手段获得加分（从不点名，读书报告限字数，明确表明小组pre与课堂发言不算分等），给分也比较迷，不建议想有强烈意愿取得4.8+的同学选；但是上课确实上得不错，必须给10分
189378,8003,董扣艳,2024-01-23 14:10:00,4,4,0,女神 10分
189529,8003,董扣艳,2024-01-25 08:02:05,6,6,0,为董老师的评分收敛到10做出贡献
189651,8003,董扣艳,2024-01-26 09:18:30,8,8,0,给分的神！！目前看到的听到的所有评论里没有一个说董老师不好的，董老师真的有把同学们当朋友看！老师教学水平很高而且超级可爱！思修认准董老师绝对没错！
189679,8003,董扣艳,2024-01-26 15:03:38,7,7,0,非常棒的老师。私以为董老师在德法课上更多的是想做出自己的东西，她每节课的课堂分享，无论是有趣有深度的视频还是自己的见解都摆脱了以往德法课枯燥的枷锁。不点名、反内卷，而且能记住几乎所有同学的名字，她更像是大一小朋友们的好姐姐。非常荣幸在大学的入门阶段遇到董老师！！
190179,8003,董扣艳,2024-02-24 11:58:13,3,3,0,nice
190194,8003,董扣艳,2024-02-25 07:03:50,3,3,0,zju最好的老师，第一个满绩，爱董老师啊啊啊啊啊啊
190375,8003,董扣艳,2024-02-29 00:32:39,4,4,0,好老师！基本不发言，pre这些都很水，考试全靠抄课本，最后4.5，已经很满意了
190467,8003,董扣艳,2024-03-05 06:43:48,8,8,0,董老师真的是超级无敌好老师，即使是早八的课也会让人不想水课，而且真的是希望我们在这样一门看起来比较水的德法课里学到东西的，每节课都有视频分享，最后一堂课还有划重点+视频总结。最激动的是作为铁杆足球迷在有一节早八课上看贺炜老师解说金句真的好开心哈哈。然后的话老师课上任务都是非常轻的，志愿者只要求照片不要求小时数，读书报告不超过1500字反内卷拒绝恶竞，也不会特意给发言的人加平时分增加发言的压力，老师是真心希望在小组展示时能提供一个较好的讨论氛围的，选题也是非常非常有意思。最后一节课，老师告诉我们她其实已经怀孕6个月了，我们都很震惊，但是下一秒她说的却是：“不好意思，因为身体原因所以我一直坐着上课。”真的被她感动哭了，很负责任很敬业也很善良的老师，祝老师查老师评分早日收敛到10吧。
192337,8003,董扣艳,2024-05-16 00:45:54,2,2,0,不多bb，十分奉上
192919,8003,董扣艳,2024-05-31 14:18:34,2,2,0,上课内容新奇有趣，没点过名
193063,8003,董扣艳,2024-06-03 07:47:31,5,5,0,她教我追crush
193154,8003,董扣艳,2024-06-04 05:18:39,2,2,0,伟大无需多言\n\n董老师真的很好
193302,8003,董扣艳,2024-06-06 05:27:48,2,2,0,老师真的很好！非常温柔！！！
193360,8003,董扣艳,2024-06-07 07:24:56,3,3,0,特别特别特别特别好的老师
193362,8003,董扣艳,2024-06-07 07:50:50,2,2,0,特别好
193479,8003,董扣艳,2024-06-11 11:02:01,2,2,0,老师真的很可爱，偶尔点名（提交课堂感悟的形式），虽然最后我的绩点有一点点失望（因为不少同学满绩了）但老师是好老师～
194132,8003,董扣艳,2024-06-22 06:31:38,4,4,0,最好的董老师！！
198484,8003,董扣艳,2024-09-09 07:32:39,9,9,0,“我反对内卷，要把时间花到有意义的事上”
199006,8003,董扣艳,2024-09-14 02:34:21,4,4,0,听了两节课，就知道董老师必须10分了
199194,8003,董扣艳,2024-09-19 02:41:57,3,3,0,：））
199196,8003,董扣艳,2024-09-19 02:43:44,4,4,0,话题贴合实际，上课很引人入胜，讲了很对实用的干货，不会空谈，好老师！必须给10分！
201269,8003,董扣艳,2024-10-31 02:22:11,4,4,0,虽然只上过一节老师的课，但是老师真的人超好，上课很有意思
202759,8003,董扣艳,2024-11-21 15:24:09,7,7,0,董老师巨巨巨巨巨巨温柔！！！！！！！！三观超正，超有思想。\n\n1.摸头加小红花这个表情，这个的杀伤力谁懂！······\n\n2.大学有的课确实水。但在这个课上，当你认真地结合董老师的话思考现实的状况，你也许会得到多年后回首，仍然感慨的宝贵收获，哪怕有的时候，一节课你只领悟了那么一两点，但这很可能会是极大改变你整个人生的一两点收获，我觉得这不是多做几道题就能比得上的。\n\n总结，超级好的一位老师。
204560,8003,董扣艳,2024-11-26 16:17:16,2,2,0,非常好的老师
206681,8003,董扣艳,2024-12-17 05:14:25,1,1,0,董老师好到我想上一整个本科的德法课
207026,8003,董扣艳,2024-12-19 04:10:05,2,2,0,好老师好老师，爱你！
207389,8003,董扣艳,2024-12-21 06:48:13,1,1,0,最爱董老师
207710,8003,董扣艳,2024-12-24 03:12:14,2,2,0,无脑冲。。世界上最好的老师
207913,8003,董扣艳,2024-12-25 03:07:29,2,2,0,顶级好老师\n\n期末画重点 平时也不管 上课很温柔
208138,8003,董扣艳,2024-12-26 01:58:26,7,7,0,最后一节课给同学们放歌告别，我不多说，伟大无需多言
208188,8003,董扣艳,2024-12-26 06:17:00,2,2,0,伟大无需多言！
208502,8003,董扣艳,2024-12-28 13:00:46,3,3,0,谁不给dky打满分我跟谁急
209372,8003,董扣艳,2025-01-05 16:19:16,2,2,0,伟大无需多言
210062,8003,董扣艳,2025-01-08 04:56:35,1,1,0,女神！！！\n\n董老师我将永远追随你！德法课讲得很有深度而且通俗易懂，很关心同学们，抵制鹅颈“要把时间放到有意义的事情上”，特别温柔耐心！\n\n（也吹爆最好最可爱的助教gg）
210223,8003,董扣艳,2025-01-08 12:13:15,3,3,0,不点名+反内卷+可爱+课堂内容新颖轻松+最后一节课划重点应付考试+捞=dky
210712,8003,董扣艳,2025-01-10 01:06:49,1,1,0,伟大，无需多言。老师真的非常非常好，每节课都会讲一些很有意义的社会性话题，十分有意思。
211187,8003,董扣艳,2025-01-11 03:50:44,1,1,0,10分，不允许董老师的评分不收敛到10！
211195,8003,董扣艳,2025-01-11 04:02:33,3,3,0,我爱你，董老师\n\n被狠狠捞了♥(｡￫v￩｡)♥
211217,8003,董扣艳,2025-01-11 04:40:31,3,3,0,伟大无需多言，谁分到董老师的思政就是赚到了，稳稳的满绩，爱老师
211232,8003,董扣艳,2025-01-11 04:55:23,3,3,0,神中神中神，选到董老师的课你就偷着乐吧，不点名，偶尔会有课堂任务需要提交，但是不提交根本没有影响。还反内卷，一篇书评要求字数不能超过1500，上课氛围轻松，真的能学到很多东西。给分也超级好，总之选到你就偷着乐吧。
211264,8003,董扣艳,2025-01-11 05:50:52,1,1,0,被老师捞了，一学期也不用干什么事情，上课其实对于听的人来说也是很有启发的
211268,8003,董扣艳,2025-01-11 05:53:40,3,3,0,董老师真的是世界上最好的老师！！！我大一唯一的一门满绩啊啊啊啊，董老师真的在尽力认识自己的每一位学生，平时作业认真完成，认真听董老师的课，成绩一定不会低！而抛开成绩不谈，董老师讲课也很生动活泼，很乐意去参与！十分奉上！
211286,8003,董扣艳,2025-01-11 06:33:16,3,3,0,伟大无需多言！
211367,8003,董扣艳,2025-01-11 08:55:01,3,3,0,其实老师很好，我最后绩点不太好，给后面选董老师课的同学提个醒吧，其他作业都会尽力给高分，小组作业还是要认真搞的，我能看出来董老师还是比较重视这个的。4.2应该比班级平均低，但是也不算很拉后腿～，只怪当时我们组完成的比较水
211795,8003,董扣艳,2025-01-12 12:39:54,0,0,0,没啥好说的，作业要求低，我纯水，绩点给的很好，给我的绩点狠狠捞了一波，严重怀疑作业写了就给满分，而且老师很温柔，用心，真的是天使
213618,8003,董扣艳,2025-01-18 15:09:21,0,0,0,神中神，作业少给分好，人还温柔可亲，老师我爱你😘
132065,8055,陈宝胜,2021-01-30 05:17:44,5,6,1,挺有意思的老师
132901,8055,陈宝胜,2021-02-04 16:54:36,4,5,1,蛮不错
133405,8055,陈宝胜,2021-02-27 08:17:48,14,18,4,挺好的，比较推荐
133470,8055,陈宝胜,2021-03-01 04:47:15,1,11,10,呵呵快跑
133645,8055,陈宝胜,2021-03-03 07:20:20,1,2,1,其实还行
134697,8055,陈宝胜,2021-04-10 06:28:57,5,5,0,老人家
136216,8055,陈宝胜,2021-06-13 02:38:48,3,3,0,挺好的，上课挺有意思的
138355,8055,陈宝胜,2021-07-08 15:50:42,7,8,1,给分...嗯...估计不调分吧
138361,8055,陈宝胜,2021-07-08 16:38:54,1,4,3,老师上课挺有意思，上课氛围好，毛概课不卷！！感谢老师捞我！！
138364,8055,陈宝胜,2021-07-08 16:53:28,0,0,0,乌鱼子
138483,8055,陈宝胜,2021-07-09 12:44:11,3,4,1,估计不调分，慎选
139122,8055,陈宝胜,2021-07-13 03:05:05,8,10,2,关于老师调分的事情，21年春夏毛概核分系统出现了问题，老师也及时发现并调整了，修改后的成绩还是跟不错的。老师平时分给分很好，人也不错，比较推荐。
145240,8055,陈宝胜,2021-12-28 11:38:09,0,0,0,。。。。
145979,8055,陈宝胜,2022-01-05 01:20:56,1,1,0,习概小组平时分给分还行，就是老师平常上课很多事情都没讲清楚，包括作业啥时候交之类的，都要组长自己跑去问
148758,8055,陈宝胜,2022-01-15 15:44:47,3,4,1,人还行，毛概给分不行，这分数对不起我一学期的辛苦付出
148780,8055,陈宝胜,2022-01-13 13:19:23,6,7,1,陈老师比较和善，但是有些考核方式不讲清楚，课代表也云里雾里，没个明白人知道。沟通很累。据说不调分，心碎了。。。
148939,8055,陈宝胜,2022-01-14 04:00:57,16,18,2,：我老人家\n\n挺好玩的算是快乐源泉\n\n虽然毛概分一般但我觉得老师仁至义尽了
150113,8055,陈宝胜,2022-01-19 07:46:50,-2,3,5,😅😅😅
150114,8055,陈宝胜,2022-01-19 07:46:47,-3,1,4,😅😅😅
150115,8055,陈宝胜,2022-01-19 07:46:47,-3,2,5,😅😅😅
150116,8055,陈宝胜,2022-01-19 07:46:47,-3,1,4,😅😅😅
150825,8055,陈宝胜,2022-02-19 06:08:25,-2,0,2,。。。
150864,8055,陈宝胜,2022-02-20 06:32:28,-1,0,1,挺好的，平时分很高，不调分
153098,8055,陈宝胜,2022-04-25 11:47:18,-2,6,8,低配版张维为，张维为至少还比较幽默....and还喜欢提问...
154578,8055,陈宝胜,2022-06-02 07:57:32,-26,12,38,暂且不管评论中其他同学如何看待，我作为一个坚定的马列主义者，我必须首先指出这么几点：\n\n1.什么是哲学？哲学是“密涅瓦的猫头鹰在黄昏起飞”，是思考之后的反思。结果上课呢？拿着一套既定的东西硬灌，连一点辩证法都不要了。这是什么哲学？经院哲学！\n\n2.拿苏联社会主义的实践全盘否定计划经济，而非从其本身的二重性出发回答问题，也非，承认一个具体形式的问题不是其存在本身的问题。一点唯物辩证法都不要了。这是什么派？资产阶级新自由派！\n\n3.拿所谓的“人性”超越阶级性回答问题，彻底忽视意识的能动反作用，且也不从必然消亡上去反过来考察异化物本身。这是什么阶级意识？资产阶级阶级意识！\n\n只能说，听完那节课，非常气愤
158110,8055,陈宝胜,2022-06-27 05:01:03,12,12,0,此老师平时分给得比较高，60分平均有56，57左右，但期末考多少就是多少，不会调分。胖虎之类评价较低的老师平时分给得会比较低，但最后会调分。看重绩点的同学可以权衡一下。
159742,8055,陈宝胜,2022-08-27 01:41:55,17,21,4,maybe是马院为数不多的正常人
161640,8055,陈宝胜,2022-11-10 01:22:45,13,15,2,老师很敢讲\n\n是这么多思政里不会让人无聊的那种了
162496,8055,陈宝胜,2022-11-23 12:23:02,9,13,4,需要这种敢说的老师，无论是不是偏激，应该让同学们听一听我们国家内部还有这么多严重的问题，不是整天跟着喊喊口号就能解决的。
162927,8055,陈宝胜,2022-12-06 17:15:28,4,4,0,对学生没什么架子
165822,8055,陈宝胜,2023-01-10 03:04:56,3,3,0,虽然说我的成绩最后一般（主要是因为自己没怎么背，考前一两天大概背了个框架就上了，细节基本完全不懂），但是陈老师挺好的，一个是能让大家认识到国家目前的实际问题，一个是真的愿意从学生的角度去看一些问题（比如这个天杀的线上考试）。
169810,8055,陈宝胜,2023-02-28 03:29:25,0,2,2,平时分确实好\n\n班里确实没点过名\n\n老师整体很不错 努力捞了
171977,8055,陈宝胜,2023-04-14 16:02:18,-2,0,2,还可以的其实
184788,8055,陈宝胜,2023-12-22 18:11:53,7,10,3,认为国家应该彻底禁封游戏（论据甚至包括他老人家嫌自己儿子打游戏），试问中国三十年前没有电子游戏没有那些“上瘾”的人，社会变好了吗？游戏“上瘾”的人只是从网吧里去到了大街上当小混混敲诈勒索而已。错误的从来不是娱乐性媒介。老师作为中年人想要禁封游戏只是因为其本人不玩，如果换成禁封其他娱乐他又要反对了。\n\nbtw 之前还发表过“哈马斯恐怖组织斩首婴儿”“以色列对加沙的攻击是合理的，人民受伤害是因为被当成哈马斯的人肉盾牌”“如果他是以色列领导人会用更残酷的方式打加沙”\n\n别的还有很多，只能说爆典大师
184990,8055,陈宝胜,2023-12-25 07:14:37,2,3,1,选了必后悔，事多
187230,8055,陈宝胜,2024-01-15 08:14:49,0,0,0,敢说实话
187613,8055,陈宝胜,2024-01-16 23:52:20,-1,1,2,给分挺好的，谢谢老师！
188769,8055,陈宝胜,2024-01-20 01:55:51,0,3,3,说给分很好的是什么玩意？\n期末从不调分甚至压分，好个der
196663,8055,陈宝胜,2024-07-04 17:12:01,0,1,1,平时分全班都给的很好，期末给分比较求是。无论如何，陈老师算得上一个优秀马院教师，会审慎思考，教学内容也很充实，不是只讲理论的那种老师，也会给我们争取很多社会实践的好机会，平时对同学们也很好，好多次私下和老师请教问题，老师都会亲切的称呼我们为“小朋友”！
168125,9350,陈晓伟,2023-01-29 10:05:51,6,11,5,老师很帅，讲课很有条理，给分不错。
174451,9350,陈晓伟,2023-07-02 17:13:40,21,23,2,趁着还没考试先打分\n\n免得考完心情郁闷不打了（最后成绩出人意料，给分好的）\n\n是很好的老师，上课和复习都很认真，毛概本身是很枯燥的，但老师还是能经常笑笑并且讲得生动，很好
175175,9350,陈晓伟,2023-06-22 06:57:25,0,0,0,好老师！能把毛概讲的有意思的老师真不多！
177049,9350,陈晓伟,2023-07-01 09:39:12,4,4,0,老师授课给分均无敌
177054,9350,陈晓伟,2023-07-01 10:08:20,0,2,2,讲课挺好，平时分给分也不错
177073,9350,陈晓伟,2023-07-01 13:59:47,4,4,0,毛概两天速成选手狠狠感恩陈老师的仁慈
177108,9350,陈晓伟,2023-07-01 17:10:28,4,4,0,是很好的老师了，为我大学四年的思政课画上了满意的句号
177332,9350,陈晓伟,2023-07-03 02:39:03,1,1,0,好，给鼠鼠分好，感谢老师
177649,9350,陈晓伟,2023-07-04 05:07:03,1,1,0,好好好！
185755,9350,陈晓伟,2024-01-04 06:32:20,2,2,0,好帅的老师！！
185767,9350,陈晓伟,2024-01-04 08:10:00,2,4,2,浙大最好的老师之一，耐心负责，从不点名，平时分会尽量捞的
187930,9350,陈晓伟,2024-01-18 00:14:31,1,2,1,好！
187939,9350,陈晓伟,2024-01-18 00:34:36,-9,6,15,毛概满啦，老师特别捞
187941,9350,陈晓伟,2024-01-18 00:56:33,0,1,1,老师人很好，上课很有趣
187956,9350,陈晓伟,2024-01-18 01:55:09,1,1,0,老师特别好！大家快选！自己的小组两次大展示都一般，但最后平时分也还不错。我期末还是有努力背一下的，总评很满意！有的时候老师上课会问问题，回答的同学有加分。总之是非常好！
188034,9350,陈晓伟,2024-01-18 05:04:05,1,1,0,抛开期末分数不谈，陈老师的平时给分和上课体验确实是非常好的\n\n平时也没有签到，老师没有硬性要求来上课，唯一一次签到老师还在前一节课再三提醒说下节课会签到\n\n平时分的话比某些老师高很多，我室友的班全班没有一个组超过90，但是陈老师班大多组平时分都是很高的
188072,9350,陈晓伟,2024-01-18 07:03:44,2,2,0,太好了老师，真是海底捞
188508,9350,陈晓伟,2024-01-19 06:17:33,13,15,2,给分真的很好吗，我怎么没感觉到
188581,9350,陈晓伟,2024-01-19 10:22:24,1,1,0,陈老师真的很好，平时上课能感受到他认真讲述毛概课程的激情，给每位小组的分析点评一针见血鞭辟入里。成绩的话，老师很努力地在捞每位学生（对比其他老师，小组平均分给得很高），最后一节总结课也有悄悄地给大家提示。但因为自己没有好好复习+没复习到要点上，考试成绩非常不理想，最终绩点完全是自作自受😢\n\n所以大家如果想拿一个好成绩的话，一定不要忽略了最后的复习，今年的毛概3分卷很多选择题都是书上的细节，不细看书本真的很难做出来。就算你有90+的平时分，期末考试考个四五十（或者更低），老师也救不了😭
189637,9350,陈晓伟,2024-01-26 08:12:49,10,10,0,我感觉给分就那样吧，没有说很好，最多不好不坏
190698,9350,陈晓伟,2024-03-15 02:49:13,-5,6,11,给分还行吧。我平时93，理科生考试临时背了三天也有个89，心里已经不能更满意了。毕竟这学期除了小组展示的两节课其他我去都没去过。。\n\n但是老师上课会充满感情地念讲稿和ppt(乐 声音挺好听的，人长得挺帅。\n\n总之是很推荐的！
190792,9350,陈晓伟,2024-03-19 09:04:48,5,7,2,给分不咋地
195737,9350,陈晓伟,2024-06-29 23:09:25,2,4,2,点名前基本会在钉钉群里说的，给分是真的好的不得了，考试我没怎么背过也能得到高分，真的好喜欢这个毛概老师
210933,9350,陈晓伟,2025-01-10 08:00:09,5,5,0,趁没出分给个分，老师上课给人一种如沐春风的感觉。对待同学很温柔。pre尽量鼓励式教学，但是该严谨的地方也不含糊（所以pre不要cv个论文就顶上去，老师甚至能看出来你cv了哪篇），毛概上得还是很开心的。\n\nbtw，永远感谢老师在我磕磕绊绊结束微党课宣讲之后的鼓励。老师真的会记住课上的同学。
211524,9350,陈晓伟,2025-01-12 01:04:29,2,4,2,给分真好，考前也会划重点，虽然最后差一点就满绩但是已经很满意了
211537,9350,陈晓伟,2025-01-12 01:30:03,3,3,0,老师人真的很好，每次上课的非常投入、有热情，从他的一些思辨也能看出老师真的是一个富有博学和哲思的人，认真听他上课总能有所收获。\n\n这学期就点了一次名，还提前反复强调了。期末给分也是无敌捞。这学期没有提前公布平时成绩，应该是在总成绩出来后又狠狠地捞了一波。\n\n总之，陈老师真的值得，不要犹豫直接冲～
211552,9350,陈晓伟,2025-01-12 01:58:57,0,0,0,非常好老师
211799,9350,陈晓伟,2025-01-12 12:57:53,0,0,0,可以的 上课都去但是没咋听，考前背了书满绩了，选了不亏的
213634,9350,陈晓伟,2025-01-18 15:43:54,0,1,1,老师很帅，平时分也都挺高的，给分很好，推荐~
219557,9350,陈晓伟,2025-05-29 15:41:07,-3,4,7,他就是那种最圆滑、最世俗、最虚伪、最无聊的“政”人君子。
220064,9350,陈晓伟,2025-06-14 11:40:16,1,1,0,老师太帅了，给分也很好~
221875,9350,陈晓伟,2025-06-27 04:49:08,0,1,1,很棒的老师，上课有激情，点名有通知，不过小组任务可能会多一丢丢，老师点评还会很犀利（尤其是发现ai使用痕迹之后），但刀子嘴豆腐心最后小组平时分很高，甚至我感觉我们组是很摆烂的组
221886,9350,陈晓伟,2025-06-27 06:33:35,0,1,1,无敌，上课如沐春风，点名提前通知，展示毫不含糊骂ai，押题大题基本全中，给分无敌捞。选上cxw老师的毛概是你的幸运\n\n形容一下老师有多捞：(60 - 自己上报的平时分) 大于 (100 - 老师给的总评)
221887,9350,陈晓伟,2025-06-27 06:40:35,0,1,1,给分很好，点名提前通知
221890,9350,陈晓伟,2025-06-27 07:25:47,0,1,1,老师很帅，给分超级无敌巨好，划的重点背下来大题几乎都能覆盖
169629,9351,丁乙,2023-07-04 01:32:13,71,73,2,新老师，来浙第一课。课堂效果还不错，感觉比较和善。学期末追评。\n\n\n\n来了。史纲。应该是二月二十七日第一节课，查老师时间错了。\n\n首先很惭愧，我上课不是很认真，对不起老师的热情。但在教室坐了一个学期，我还是可以做出一些简单的评价。\n\n很明显，老师没什么经验，有点拘束，课程形式也还在摸索。但同样很明显，老师很认真地在思考如何把课上好，很用心地在体谅学生的感受。这是一个有理想，有热情，有无限可能的新老师。\n\n课程内容不会局限于书本，老师每节课都很认真地在想讲些什么能对我们这些理科生有帮助。他会把自己学习这一段内容的经历和思考分享给我们，推荐一些好书。课堂上讨论比较多，老师尊重每个人的想法，非常鼓励大家表达自己的观点。\n\n我们都是初入大学的本科生，老师也是初上讲台的博士毕业生，我们都在人生的新起点，更像一种相互支持的关系，我认为这是很好的。老师的亲和力可以让新生感到宝贵的温暖，给学生带来学习的动力，学生的认可可以给新老师很大的鼓励，让他在工作上更有获得感和激情。就像老师说的，我们相互学习。\n\n很遗憾，史纲课的内容和定位决定了这门课的上限，它不可能像有些课那样有趣。我们评价老师也应该看他是否有教学热情和教学能力，不要因为课程本身否定了一位老师，特别是在他还满怀热情的时候。\n\n老师很欢迎同学们对课程提出的意见，我认为一位老师授课生涯的开始，也需要老师和同学共同努力。我觉得我们这个学期做的不是很好，希望之后的同学能用更积极的回应帮助老师一起完善课程。至少不要因为我们的麻木消灭了一个新老师的热情。\n\n史纲课目前的作业是口述史，读书报告和小组展示。口述史比较有意义，读书报告老师的要求也比较低，已经尽量在减轻学生的负担了。课程期末开卷考试。给分应该不错，第一次评分老师花了很多时间，我拿了一个德不配位的分数。\n\n最后祝老师事业有成，祝之后的同学学有所成。         ————————2023.7.3
171020,9351,丁乙,2023-03-14 07:26:07,30,33,3,老师很努力让我们充分利用课堂时间，但是我感觉这种课免不了做别的事
172325,9351,丁乙,2023-04-25 05:28:10,106,109,3,丁老师，你在看吗？请保持你的真诚！！！匿名表白！！！
172326,9351,丁乙,2023-04-25 05:28:49,-15,3,18,如果老师你看得见的话 讲课声音能不能大一点 在后面听有点糊糊的 虽然我坐在后面是想摸鱼（但是有点想听的时候也因为听不清就算了
172328,9351,丁乙,2023-04-25 05:32:29,6,8,2,老师上课讲的很认真啦，而且回答问题也很有耐心。但是实在是想写作业（）
173575,9351,丁乙,2023-05-29 08:19:13,-43,7,50,上课挺无聊的，对没怎么学过历史或者对历史没有兴趣的同学不太友好。老师很期望课堂互动，发言有加分。但是那些问题感觉对高中没选历史的我不太友好，学考背的书已经忘的差不多了，所以根本不知道该说什么。上课几乎是只给几个同学讲，很无聊。作业有口述史、读书报告、小组展示。
173986,9351,丁乙,2023-06-05 12:08:31,11,13,2,丁老师真的是一个有追求有思想的老师。他的课很有趣，然后也会有很深沉的讨论。还会安利好多书。真的好喜欢他！
173988,9351,丁乙,2023-06-05 12:56:12,28,30,2,老师来浙第一个班，每周都会花大量的时间来查找各种史诗资料来备课，非常用心，非常专心地想给我们上好这堂课\n\n老师也是比我们大不了几岁的年轻人，非常能够体谅我们的辛苦，非常好说话\n\n课程作业是口述史、读书报告和小组展示，其中后两者是课题组硬性要求，口述史是老师将论文改成了口述史\n\n老师上课也是讨论、视频、讲解分析相互结合，分析和见解非常透彻，也不会难为不愿意听的同学，16次课只点名过一次。\n\n大家很多的不满意其实是课程客观存在的问题，老师作为新老师，上课也有是不是被督导盯直播的压力，不能超出纲要的范围，有一次讲讨论改良和革命，大家讨论地非常多，老师也展示了好多观点，结果（好像）就被督导批评了……5555\n\n刚开始的时候老师上课比我们还要紧张（可能），老师是个非常真诚的人，也非常愿意和我们分享，但是存在各方面的压力……\n\n史纲课是一门思政课，也是每一位新老师必须上的一门课，还有上级领导时不时的检查。\n\n我想在座的各位都明白许多课程设置上的不足，我们可以批评一门课程，但是决不能一次次因为我们对课程的态度，让一位位兴致勃勃乐有志于教学的老师逐渐变得随波逐流、只知名利麻木不仁，成为我们讨厌的老师。\n\n每个人都有自己喜欢的学科，天然有人不喜欢历史、有人喜欢，但是一名老师如此，我想问心无愧。\n\n希望老师一直能够保持真诚！！
174127,9351,丁乙,2023-06-06 11:32:10,45,47,2,老师很好，刚从复旦毕业来浙，自己也挣扎在授课与学术研究之间，结课的时候讲了好多心里话。希望老师能继续保持温暖和赤诚，figure a way out，各种意义上的。
174138,9351,丁乙,2023-06-06 13:40:03,13,14,1,老师其实挺好的~期待和大家的互动，但是可能大家都蛮忙的，对于一些问题也没有一些知识的积淀。但是老师真的好真诚！！！
174420,9351,丁乙,2023-06-12 05:33:15,8,9,1,老师加油！
174786,9351,丁乙,2023-07-03 11:41:16,25,26,1,老师第一次开课 还没有给过分 希望老师能捞捞 老师很温柔只是希望不要被绩杀 考前许个愿 出分来还愿🙏\n\n\n\n来还愿啦！最后4.8 当了小组长 全程可能只发言了一次 读书报告用心写了有字数上限所以不用卷～ 口述史给了我去和我最爱的奶奶打电话的机会 虽然感觉自己写的不好但是很有意义！最后考前复习了一下目录（高中没选历史）感觉大部分都能翻书找到。\n\n\n\n老师真的很真诚，也不想这种课占用我们太多的时间，下午第一节课大家都很困他也理解，期中考试周来的人少他也理解，真的很幸运可以相遇～他是那种会让我真的发自内心的有兴趣可能想要再去多读点书多了解一点历史的老师，可能不是因为课有多精彩，而是我真的能感觉到有一种不像老师，而像一个真诚分享的学长一样，很开心这个学期的相遇，祝老师接下来在浙一切顺利！！！
176312,9351,丁乙,2023-06-28 10:45:47,11,13,2,丁老师真的很好哇！！就像高中班主任一样亲切温柔，体谅学生。很多时候想起来回答问题，无奈已经好久没学历史了实在是不会。祝丁老师前程似锦！做自己想做的事
177463,9351,丁乙,2023-07-03 10:39:50,19,21,2,丁乙，我爱死你！！！\n\n主打一个真诚，特别亲切的大男孩，钉钉上问他东西都是秒回，真的好好。一开始看到是新老师还有点不放心，但是马上就发现他人真的很好很好的，特别可爱的老师！课上可以摸摸鱼，学期任务也很轻松，不卷压力很小，期末给分也很给力，总之就是推荐，特别喜欢他。
177469,9351,丁乙,2023-07-03 10:59:58,9,11,2,丁乙老师真的特别特别真诚😭我好爱他😭能在浙大学习期间遇到这样一位这么体贴学生而且真诚的老师，我感到非常的幸运
177581,9351,丁乙,2023-07-04 00:15:37,12,13,1,真才实学的好老师。
177750,9351,丁乙,2023-07-04 14:39:14,11,13,2,丁老师人超好哒！印象中从清末废科举，到国民大革命，这一段，太棒啦。。。口述史很新颖，也会有超级多的收获。。。
178509,9351,丁乙,2023-07-13 05:09:20,-3,8,11,"利益相关，是丁老师第一次课的课代表，最后4.8\n\n从我与丁老师的交谈中，我可以深刻的感受到，一股教师的热忱。他也在向我，这么一个微不足道的大一学生咨询，如何才能上好史纲这样的思政课。\n\n诚然，思政课面临着相当大的问题，譬如考试与教学内容脱节，上课调动学生积极性不高，考核要求较为死板，但丁老师是确确实实的打算上好自己的近代史，让同学们真正收获知识的。\n\n在开卷考试完成的最后，课代表作为学生代表（自封）向老师和助教提议，因为同年的微积分太难了，能不能不要卡绩，如果是在百分制绩点的最高档，就想办法加一。因此也就有了同学们在群里看到的“经过我和助教反复研究...""没有被卡绩的同学，记得给我一个赞(bushi"
179432,9351,丁乙,2023-09-15 08:26:24,51,51,0,这么好的老师居然不是10分？谦谦君子，博学多才，完美男人。
179628,9351,丁乙,2023-09-19 02:28:22,3,4,1,好好好好老师事少分高
179632,9351,丁乙,2023-09-19 03:03:57,8,9,1,丁一老师真的是我的神
179684,9351,丁乙,2023-09-19 09:22:08,10,12,2,高中理综生想借这个机会捡捡政史，预置的老师的课，上了后感觉，“哇！”，眼前一亮。老师人真的很好，非常体谅学生，课堂上会放一些视频，还能做一些拓展，讲课很流利，能很明显地感受到是有真才实学的老师！老师也是初上讲台，可以感受到老师教学的认真与热情、真诚和上好这门课做出的努力，还会在课堂上推荐一些书目，对于我这个想要拓展阅读领域的高中纯理科生来说，有了一些切入的方向，真的很棒！关于我自己，由于社恐+政史学得不太好，虽然在前排，但没发过言，太怂了……但是很认真地写了口述史和读书报告，也参与了小组展示（非组长），认真肝锅，考前把书翻了一下，划了些线，期末开卷也尽力写了，最后得分还不错。\n\n真诚地，愿老师一直保持这样的热忱。老师真的很棒！
180028,9351,丁乙,2023-09-20 07:01:07,2,4,2,老师真的很亲切和蔼
180305,9351,丁乙,2023-09-21 04:47:15,5,6,1,丁老师yyds
180476,9351,丁乙,2023-09-22 02:14:12,4,6,2,很年轻，很好
182448,9351,丁乙,2023-11-16 05:37:21,16,19,3,讲真的，第一次在“查老师”上给老师打分和评价！因为丁老师值得~\n\n作为一位新老师，面对同样是新同学的我们，丁老师显得比我们还紧张（当时发现的时候就觉得这个老师给我的第一印象很好欸！）\n\n老师非常的真诚，就像其他同学说的“谦谦君子”。作为史纲课，调动起学生的积极性自然是比较困难的，老师也很希望能在课堂和大家有所互动，尽管效果或许并不如愿，但是老师也没有受其影响，一整个学期下来都保持着对课堂的热情，也在积极摸索着改善课堂的方法。一个很有热情和朝气的年轻学者形象。
183785,9351,丁乙,2023-11-30 06:23:09,6,8,2,真的很有意思的老师，认真上课真的能学到很多，上课很有意思
184449,9351,丁乙,2023-12-20 02:21:36,8,10,2,丁老师真的特别好，上课的感觉就像是在交流而不单单是在讲课本，十分愿意听听同学们的想法（虽然发言有加分，但不建议卷），作业布置的不多。\n\n我们上课复习英语小测丁老师也没说什么。有一次脚受伤了还穿着拖鞋来上课，真的很认真负责！\n\n希望丁老师可以给我期末一个好一点的分数，拜托拜托🙏
184605,9351,丁乙,2023-12-22 02:37:40,3,4,1,丁乙老师的史纲真的特别好
184949,9351,丁乙,2023-12-24 15:07:57,4,5,1,超级棒
185038,9351,丁乙,2023-12-26 04:02:31,7,8,1,谦谦君子
185040,9351,丁乙,2023-12-26 04:07:51,3,5,2,超级好
185198,9351,丁乙,2023-12-27 04:49:45,4,6,2,神！真的有那种书卷气！
185436,9351,丁乙,2023-12-29 09:08:57,9,10,1,宝藏老师！一位谦和风趣的青年学者。丁老师的课堂内容非常丰富，也鼓励大家表达自己的观点，在耐心倾听后给出中肯的评价。对历史有兴趣的同学甚至可以把史纲课当作和丁老师的讨论课（doge）。“言念君子，温其如玉。”\n\n选上丁老师史纲课的同学一定要好好珍惜！！能从课上学到很多，而且作业真的不多。\n\n最后也祝愿丁老师能在浙里保持热爱，不断前行！
185568,9351,丁乙,2024-01-02 07:59:57,6,10,4,超级好超级认真的老师\n\n最后一节课老师的结课感想真的好感人、、决定来这里刷个评论\n\n只能说很幸运在zju的第一年就能遇见老师\n\n祝老师未来一切都好
185580,9351,丁乙,2024-01-02 11:34:37,5,7,2,老师特别真诚，在最后一堂课还给我们做总结，分享感受，还会关心我们请假的同学，提醒大家注意身体，真的我好爱，老师也在寻找学生和学校的平衡，让我们在完成尽可能少的作业而又有很高的分数，真心推荐。老师真的很棒，老师加油
185616,9351,丁乙,2024-01-03 02:32:06,7,10,3,会被丁老师狠狠感动到。丁老师上课不呆板，比较生动，会启发我们思考，还会推荐很多书目；丁老师上课很希望跟我们互动（虽然很少有人互动哈哈）。而且丁老师特别考虑学生的感受，会在学生集体在课上背英语准备小测的时候祝同学们考试顺利，也不怎么点名，会跟我们把期末考试讲透。钉钉也回复得很快。而且还是帅哥！！虽然没出分，但提前大爱丁老师
185622,9351,丁乙,2024-01-03 03:35:36,13,13,0,老师真的很好，在尽力找很多资料丰富课程内容，也不会施加压力，真的很体谅我们！！！！很有人文情怀很有思想的人，被史纲课的硬性内容限制住了，可以看出有人回答问题说到一些东西时他真的很高兴。老师如果你能看到这条评论的话我一定要夸你。有温度的人，让我们听见历史的声音
185623,9351,丁乙,2024-01-03 04:25:08,2,5,3,给我选他 都给我选他呜呜呜，特别特别好的老师，体谅学生，非常温柔，教学相长
185626,9351,丁乙,2024-01-03 05:42:42,8,9,1,在刚进入大学的时候上了丁老师的课真的很幸运
185673,9351,丁乙,2024-01-03 12:01:40,10,10,0,在查老师上的第一条评论送给丁老师。丁老师上课生动，不拘泥于课程的框架，而是会启发我们思考一些比较深刻的问题，还会推荐很多课外书目（都是好书！）；丁老师上课很希望跟我们互动，督导来的时候还“求”我们上课积极亿点（虽然很少有人主动举手哈哈哈），有人认真回答问题他真的很高兴。而且丁老师不会施加压力，真的很体谅我们，在看到同学们复习其他课时还会祝我们考试顺利~绝对的宝藏老师兼一位谦和的青年学者，看到他就怒选！（最后一堂课被丁老师的感想总结感动到了，就来这里怒评一波，希望最后丁老师的给分也能不错哇！）
185717,9351,丁乙,2024-01-04 00:40:20,8,8,0,超级棒
185829,9351,丁乙,2024-01-04 16:43:47,26,29,3,除了有学生眼中通识课公认的好老师的全部特质之外。我认为他还具备良好的公共说理的能力（兼容、冷静与谦和），并有一种成为文人大师的趋势，虽然目前他的学术事业刚刚起步，但我很看好他！
185831,9351,丁乙,2024-01-04 17:06:37,15,15,0,很棒的老师~上课很有温度也很充实\n\n学期作业包括读书报告+小组展示+口述史访谈 \n\n希望给一个好一点的分数嘿嘿
185956,9351,丁乙,2024-01-06 12:33:35,4,5,1,老师超级棒！
186091,9351,丁乙,2024-01-08 09:08:46,3,7,4,神仙老师，这学期没点过名，作业提交时间考虑到我们烤柿粥一直往后延期，是个体恤学生的好老师，十分好评，选他肯定不会错！
186144,9351,丁乙,2024-01-09 05:26:48,6,7,1,老师很有风范，追求学术道德情操。老师的风范让人敬佩。他不仅是一位学识渊博、教学有方的老师，更是一位以身作则，以真情实感去影响学生的楷模。他对学术的追求不仅体现在严谨的治学态度和对知识的不懈追求上，更体现在他对学术道德和情操的高度重视上。他用自己的行动告诉我们，做一个有风范的人，要有坚定的道德底线和高尚的情操追求。
186146,9351,丁乙,2024-01-09 05:30:56,5,8,3,神仙老师，很理解学生，我印象很深的一次，我在玩手机，他走下来想找人回答问题，然后看到我们很紧张，他就说你们不用紧张。期末周还把口述历史的作业延后了，整个就是一个宝藏老师
186164,9351,丁乙,2024-01-09 06:45:47,7,8,1,好老师，会关心学生，怕我们时间太紧主动延后了ddl，人长得也很帅，很有气质。
186296,9351,丁乙,2024-01-10 11:31:11,5,6,1,腹有诗书气自华
186327,9351,丁乙,2024-01-10 13:44:35,2,4,2,老师真的真的很好，非常懂学生，不追求卷，超级超级好
186988,9351,丁乙,2024-01-14 04:38:41,4,5,1,我为丁老师扛大旗！！！
187023,9351,丁乙,2024-01-14 07:30:35,1,4,3,党史，老师人帅给分好
187755,9351,丁乙,2024-01-17 10:00:34,5,6,1,太好了
188211,9351,丁乙,2024-01-18 12:02:07,3,4,1,老师讲课非常随和，文雅，鼓励学生，包容学生，老师好评
188239,9351,丁乙,2024-01-18 13:08:42,3,4,1,dy老师永远滴神！！！
188247,9351,丁乙,2024-01-18 13:23:26,4,6,2,丁老师，我真爱死你了，你就是宝藏！请将这份真诚坚持下去！谦谦君子，温润如玉，超爱你老师！！！
188265,9351,丁乙,2024-01-18 13:48:54,0,1,1,好老师无需多言
188266,9351,丁乙,2024-01-18 13:51:55,2,3,1,你是我的神！！！
188271,9351,丁乙,2024-01-18 14:03:25,1,2,1,谦谦君子，事少，给分好，人很随和，我为dy狂，我为dy框框撞大墙！
188285,9351,丁乙,2024-01-18 14:35:15,2,4,2,亦师亦友
188341,9351,丁乙,2024-01-18 16:25:34,1,3,2,善解人意的好老师，有自己的想法，强推!
188368,9351,丁乙,2024-01-18 23:26:09,5,6,1,丁乙老师真的很真诚➕真的很体谅学生以及给分超级好！大家都来选他的课！！！
188382,9351,丁乙,2024-01-19 01:18:27,6,6,0,yyds!!!
188566,9351,丁乙,2024-01-19 09:10:46,7,7,0,丁乙老师上课内容是不囿于课本的，非常有自己的见解和思想。而且期末打分给我一种“我根本配不上这么高的分数”的感觉。好老师。
188711,9351,丁乙,2024-01-19 15:55:47,3,4,1,老师真的很好，很真诚温和！\n\n史纲给分超好！\n\n作业有问题找他就行，帮你解决还宽慰你\n\n来浙遇到的最温暖的老师之一！
188984,9351,丁乙,2024-01-21 04:41:26,4,7,3,有情怀，有思想。上课有趣、真诚、有料
190155,9351,丁乙,2024-02-24 06:17:50,7,9,2,查老师上的第一个评论献给第一门满绩的丁乙老师！\n\n很温和儒雅的一位老师，上课不照本宣科，很有自己的一套方法，甚至自己做了一个系列的PPT，注重史学思考而不是简单史实和意义的灌输。\n\n经常提问思考题，也有一些小脑洞题，感觉我们班回答算还好了但是还没有很多\n\n因为经常回答问题，期末考到教室前在走道碰到丁老师还被鼓励了！！超级温暖！\n\n从来没点过名，平时包括读书报告+口述史+小组展示（然而好心的丁老师总是自己把DDL一拖再拖）\n\n希望选到丁老师的课的同学多多回答问题鼓励支持丁老师！！
190166,9351,丁乙,2024-02-24 06:57:48,1,3,2,老师人超好啊啊啊，都选他！！
190236,9351,丁乙,2024-02-26 08:56:42,11,12,1,虽是教师的身份，但从没有把学生放在对立面的感觉，可以理解我们，反卷，从学生角度出发尽最大程度减轻我们的任务量。\n\n丁老师虽说过自己本想专心做学术，可在他的课上感受不到敷衍，很认真。他本人气质也很随和儒雅谦和，上课从不凡尔赛式夸夸其谈，也不对热点话题大吹特吹自以为是。我很喜欢这样的历史老师。\n\n最后，要感谢老师布置的口述史作业，任务量也就是整理个文字记录，但是真的让我了解到了家族的历史，受益匪浅。我只是老师千百学生中的一位，可我会记得您是我的大一历史老师。祝老师越来越好。
190277,9351,丁乙,2024-02-27 05:34:23,2,4,2,好老师！
191065,9351,丁乙,2024-03-31 12:31:51,0,2,2,10分不解释
191101,9351,丁乙,2024-04-03 02:12:35,3,5,2,一百昏！！一百昏！！\n\n是一个温柔又真诚的老师(ღ˘⌣˘ღ)
193445,9351,丁乙,2024-06-11 04:27:12,3,3,0,真的非常真诚非常认真的老师，备课认真，讲课也很有趣，体贴学生，满昏！
193519,9351,丁乙,2024-06-12 07:52:23,0,3,3,好老师，非常好，非常真诚认真，上的史纲确实对我这个工科生来说没有兴趣，但是老师有在认真准备，非常儒雅随和，选到就是赚到
193620,9351,丁乙,2024-06-14 03:31:37,1,3,2,党史听了一节，有想法的老师
193624,9351,丁乙,2024-06-14 04:19:30,2,4,2,长得帅只是锦上添花
194024,9351,丁乙,2024-06-21 12:54:24,0,1,1,特别特别好！！！!真的第一位让我觉得可以用谦谦君子形容的老师！！！都去选
194305,9351,丁乙,2024-06-23 07:28:47,0,4,4,非常好老师，使我心生感谢
194562,9351,丁乙,2024-06-24 11:12:03,2,3,1,满昏！！！非常好的老师。我男神！
195521,9351,丁乙,2024-06-28 14:13:24,0,2,2,10分不解释
195743,9351,丁乙,2024-06-30 00:20:17,0,3,3,最真诚的老师，能听出字里行间的辩证色彩，是我唯一一节听完的思政课
195747,9351,丁乙,2024-06-30 01:15:49,-1,2,3,事少分高
195807,9351,丁乙,2024-06-30 03:57:01,4,4,0,丁老师，就是我的神！不仅是温润如玉的谦谦君子，而且学富五车，看得出来知识储备很丰富，对学生也很体贴。很乐于和同学们交流关于历史事件的想法，和老师交流了很多次，好多都能产生共鸣或者相同的想法！史纲也是我这一学期唯一认真听的课，每次都来做第一排。每周最快乐的事情就是听丁老师的史纲课！我为丁老师扛大旗！
195825,9351,丁乙,2024-06-30 06:11:19,2,2,0,🥺🥺🥺
195837,9351,丁乙,2024-06-30 07:11:46,-1,3,4,特别特别真诚的老师！讲课很好！给分更好！
195838,9351,丁乙,2024-06-30 07:30:58,2,3,1,神中神！不解释！
196007,9351,丁乙,2024-07-01 06:04:26,1,4,3,4.5前来报告\n\n老师讲个很有意思，课上讨论时间很多（虽然我没怎么去上课）\n\n而且 从！来！不！点！名！\n\n在这位老师的课上认真写读书报告，好好完成口述史，期末稍微翻一下崭新的课本就能拿一个不错的成绩了
196200,9351,丁乙,2024-07-02 07:03:11,3,3,0,给分怎么可以这么好！！！
197389,9351,丁乙,2024-07-12 08:07:57,0,3,3,丁老师上课特别特别认真，会鼓励同学发言(就算答得不好老师也会找优点夸夸）
197856,9351,丁乙,2024-08-16 06:05:43,5,5,0,老师是真好，分数给巨高，就是听得认真会被叫起来回答问题有点尴尬，不过也能理解
198827,9351,丁乙,2024-09-12 03:32:34,1,3,2,谦谦君子，温润如玉。很喜欢上课和老师一直互动交流。备课很认真，也很体贴学生。希望老师能永远保持这种真诚和热爱。最后，dy老师我的神！
198893,9351,丁乙,2024-09-12 13:07:29,4,5,1,思政我居然听了，我居然还回答问题了\n\n表白丁乙老师
199374,9351,丁乙,2024-09-22 11:47:00,0,3,3,很帅的老师，给分很好
202636,9351,丁乙,2024-11-13 13:29:36,2,4,2,老师真的风度翩翩温润如玉，名字外表气质都很有意蕴，上课有很多有趣的史料，令我不禁怀念去高中上历史课的时光，可惜现在的专业和历史搭不上边QAQ\n\n思政课经过大量丰富有趣史料充实，也变得十分有趣，不知道还有没有机会再上到丁老师的课QAQ
204686,9351,丁乙,2024-11-27 10:33:02,1,1,0,满分！
205214,9351,丁乙,2024-12-03 02:51:19,1,2,1,好好好
205744,9351,丁乙,2024-12-12 02:00:05,1,3,2,好老师，真有水平和历史理解的。可惜讲的东西大部分我高中都学过了。\n\n人也很温柔，从来不点名，笑看越来越压缩人口的教室www
205894,9351,丁乙,2024-12-12 13:34:40,-1,1,2,超级好
206110,9351,丁乙,2024-12-13 05:34:58,2,3,1,很不错。真的很好
207268,9351,丁乙,2024-12-20 04:36:01,3,3,0,老师那句“不要卷字数”的要求，让我感觉可以在有限的字数内好好完善自己的观点，而不是总想着怎么多写点内容，真的很爱反内卷的老师！
207352,9351,丁乙,2024-12-21 01:12:34,7,7,0,真的很好很好无敌好的老师！医学牲大一小登超级幸运第一轮选课换老师就换到dy老师！老师长得很帅，超级温柔，反对内卷，备课认真，上课幽默风趣，很有自己的见解，钉钉回复及时，反正选就对了！
207444,9351,丁乙,2024-12-21 15:31:56,0,1,1,10分给讲课\n\n另外说是要点名到底点不点名啊，亏我一学期下来一节没翘））
207606,9351,丁乙,2024-12-23 08:32:01,2,2,0,丁老师！男神！温文尔雅！应该没有机会再上您的课了！但是一定会去旁听和蹭课的！希望您保持您的真诚，真诚换真心，爱您！
207659,9351,丁乙,2024-12-23 13:21:29,0,2,2,非常好的一位老师，谦谦君子
207762,9351,丁乙,2024-12-24 07:39:25,3,3,0,我真的好喜欢丁乙大帅哥，讲的好，声音好听，给分高。好像再选他的课啊啊啊。
207765,9351,丁乙,2024-12-24 07:43:24,0,2,2,10分，不解释！
207770,9351,丁乙,2024-12-24 07:49:55,1,2,1,特好
207856,9351,丁乙,2024-12-24 13:31:21,4,6,2,表白丁乙，这是浙大的好老师，学识渊博，真心希望学生学到东西，丁老师的史纲课的确让我一个理工科的学生感慨了历史的厚重与复杂。最后，希望以后的学弟学妹们都有机会上丁老师的课！！
207943,9351,丁乙,2024-12-25 04:32:31,4,7,3,真诚，是永远的必杀技
207946,9351,丁乙,2024-12-25 04:19:52,5,6,1,最后一节课很感动www超级好的老师，备课很用心，内容很丰富，给分很好，神😭
207951,9351,丁乙,2024-12-25 04:28:16,1,3,2,非常实在，也很幽默风趣，基本不点名，作为史纲老师已经完美了
208027,9351,丁乙,2024-12-25 08:29:15,4,5,1,是一个温柔的，有风度的，笑起来非常爽朗的老师🥺大一上可以预置到老师的课我很开心
208565,9351,丁乙,2024-12-29 13:10:46,2,4,2,非常真诚的老师哇，强推强推\n\n可惜我没有认真听过史纲课，但是老师真的满分\n\n必须十分
208822,9351,丁乙,2025-01-02 08:52:40,1,3,2,是博学多闻又很温柔有耐心的老师，美中不足是讲课水平有待提高，可以看出来老师备课内容很用心的但是很难听进去啊啊啊
208960,9351,丁乙,2025-01-03 15:07:52,3,5,2,进入浙大的第一个学期就能听到先生的课，三生有幸
209653,9351,丁乙,2025-01-12 07:33:26,5,6,1,还没出绩点考完直接来打满分 真诚永远是必杀技 会担心我们熬夜赶ddl而把ddl推迟 男神\n\n逃了几次课读书报告也是ai写的 小组展示水水的组员 最后4.2 中规中矩吧不能要求太多
209855,9351,丁乙,2025-01-07 09:01:00,2,2,0,研究生课，新时代中国特色社会主义理论与实践，丁老师特别好，宝藏老师，事情不多，最后给了我95分以上。
209998,9351,丁乙,2025-01-08 01:07:19,5,6,1,浙大掌管ddl的神！丁老师怎么可以这么帅！
210709,9351,丁乙,2025-01-10 01:03:17,0,2,2,很幸运在大一上预置到了丁老师的课，你让我感受到了什么是无用之用🤩🤩🤩丁老师上课不按条条框框来，他是真正地想培养我们的思维。
210900,9351,丁乙,2025-01-10 06:18:48,7,8,1,丁老师 温文尔雅，特别特别特别好。真的是特别特别特别好的老师。最后一节课老师的谢幕让我泪目，特别特别感动。原谅我的词穷。
211047,9351,丁乙,2025-01-10 11:47:14,2,2,0,伟大无需多言
211671,9351,丁乙,2025-01-12 06:46:32,1,4,3,我爱丁乙老师！神中神！上课和给分都超级无敌好！选上他的课真的太幸运了！
211679,9351,丁乙,2025-01-12 07:04:18,-18,5,23,这个老师，认真学也没用的，平时作业也别认真做，人家根本不看的，最后认真学的、不认真学的、没学的，都一个分
211680,9351,丁乙,2025-01-12 07:05:58,1,2,1,伟大！
211682,9351,丁乙,2025-01-12 07:11:36,0,2,2,dy我的神
211684,9351,丁乙,2025-01-12 07:18:38,2,3,1,丁乙老师神中神！！！
211685,9351,丁乙,2025-01-12 07:24:04,3,4,1,我来拉低均绩，什么都好好做了但是3.9。但是我还是要给老师打10分，人真的很好
211689,9351,丁乙,2025-01-12 07:37:41,0,2,2,特别棒！！！
211758,9351,丁乙,2025-01-12 10:31:22,-2,3,5,丁乙老师简直太棒了，拥有你对通识课的所有期待，想听就听，不想听也可以做自己的事情，太自由了
211761,9351,丁乙,2025-01-12 11:05:12,0,1,1,丁乙老师简直是神，太爱了😘
211775,9351,丁乙,2025-01-12 11:40:01,1,2,1,我是丁乙老师的狗
211778,9351,丁乙,2025-01-12 11:48:41,0,2,2,老师真的很真诚 呜呜呜 被捞了 感激感激 老师真的很好，事儿少，从不点名，分还给的高！！！
211814,9351,丁乙,2025-01-12 14:27:53,0,3,3,老师不点名，但是他的课会让你想去听！这可能也是他追求的目标吧！他在上课提过哲学王子德峰教授，说他的课是不会有人缺席的！我想说——虽然德峰老爷子厉害，但丁乙老师——你是我的神！（对不起有点疯）
211819,9351,丁乙,2025-01-12 14:59:52,2,3,1,特别完美的老师，把史纲课讲得很有意思，从不为难学生，值得满分💯
211870,9351,丁乙,2025-01-13 00:55:06,1,3,2,丁乙老师真的特别好，上课讲得很好，课后作业也不多，从来不点名，最后给分也挺好的
212473,9351,丁乙,2025-01-14 05:06:08,1,2,1,好好好
212909,9351,丁乙,2025-01-15 08:29:11,8,9,1,想回去给替我预置丁乙老师的史纲课的系统磕一个的程度
212995,9351,丁乙,2025-01-15 13:18:22,1,2,1,从不点名，非常真诚的好老师！怕我们来不及口述史作业一推再推，非常为学生着想！
213145,9351,丁乙,2025-01-16 06:15:14,2,3,1,老师真的很好很好，从来不点名，怕作业没交还会多次提醒并且推迟截止时间
214683,9351,丁乙,2025-02-16 15:39:36,0,0,0,MVP
214826,9351,丁乙,2025-02-18 05:53:04,0,0,0,太喜欢丁老师了
214991,9351,丁乙,2025-02-20 01:50:00,1,1,0,伟大无需多言
215235,9351,丁乙,2025-02-25 01:17:47,1,1,0,大爱丁乙老师！！！
215565,9351,丁乙,2025-02-28 12:55:26,0,0,0,最喜欢的老师没有之一
216157,9351,丁乙,2025-03-11 06:09:14,5,5,0,丁老师大帅哥，给我迷完了
217845,9351,丁乙,2025-04-17 06:46:11,3,3,0,老师好帅😍
217877,9351,丁乙,2025-04-17 10:49:56,0,0,0,不点名，会延长ddl，给分很好，只能说小组成员要选好。
217891,9351,丁乙,2025-04-17 14:13:12,1,1,0,讲得很好，但是党史只能听一节课
218123,9351,丁乙,2025-04-21 09:20:11,1,1,0,丁老师我爱死你了
218745,9351,丁乙,2025-04-30 14:33:00,0,0,0,欸嘿嘿嘿嘿嘿\n\n丁老师最好了~丁老师会出面帮同学解决小组作业组员摆烂赖皮的事情~\n\n丁老师最好了欸嘿嘿嘿嘿嘿嘿嘿~真的很关爱学生~欸嘿嘿嘿嘿嘿嘿嘿\n\n丁老师~~~~~~大家都去选丁老师的课，包小组作业顺利顺心的~~~
218861,9351,丁乙,2025-05-09 09:42:18,1,1,0,只上过一节党史课，很真诚地向我们推荐一本书，还没看哈哈
219087,9351,丁乙,2025-05-21 08:50:02,3,3,0,很儒雅的年轻老师，性格很好不点名，内容也很丰富充实
219449,9351,丁乙,2025-05-27 13:11:11,1,1,0,丁乙我男神
219463,9351,丁乙,2025-05-28 01:39:07,2,2,0,伟大的男神
219689,9351,丁乙,2025-06-04 07:47:29,3,3,0,丁老师非常非常的真诚，是一个不可多得的好老师。不开玩笑的说，本学期学到最多的，对我人生最为有益的可能就是这门看似是水课的好课
219695,9351,丁乙,2025-06-04 09:08:33,3,3,0,一位非常真诚，和我们一样依然在探索，依然在成长的好老师，十分
219757,9351,丁乙,2025-06-05 07:42:51,3,3,0,一个口述史作业值回我一学期的课，不去亲自体会一下真的不知道这项作业有多么大的意义。据我所知老师的口述史应该是浙大独一份的作业，真的强推
220542,9351,丁乙,2025-06-18 12:13:58,3,3,0,温润如玉，谦谦君子，上大学以来遇到的最好的老师
220551,9351,丁乙,2025-06-18 12:34:53,1,1,0,温文儒雅的一位好老师
221443,9351,丁乙,2025-06-23 13:12:24,3,3,0,出分之前我先打个10分，丁乙老师妥妥男神级别，长的又帅性格又温和，前大半个学期都没怎么认真听，后来上课手机没电了认真听了一回发现老师讲课还是很吸引人的，而且不点名，主张吸引学生而不是强制要求你去听课，口述史的作业也很有特色，比千篇一律的读书报告好的多
221463,9351,丁乙,2025-06-24 01:52:05,2,2,0,好帅啊好帅啊好帅啊好帅啊，陌上人如玉，公子世无双！给分也超好
221480,9351,丁乙,2025-06-24 04:16:46,1,1,0,这我还说什么，男神，事少分高
221635,9351,丁乙,2025-06-25 04:40:54,0,0,0,事少分好神中神
221747,9351,丁乙,2025-06-26 01:34:39,0,0,0,老师又帅又博学，最好的老师
222044,9351,丁乙,2025-06-29 07:08:43,0,0,0,伟大无需多言！！！平时不点名，到了期末周一次课下大暴雨，提出来给到场的同学每人总评加1分，不扣没来的同学的分数。上课和给分都超级好！！
167134,9352,何惧,2023-01-15 04:13:44,24,28,4,新入职的老师，上课挺好的，已经尽力去避免照本宣科了，上起来非常有意思，甚至还放了“优势在我”的片段\n\n平时作业有口述史，个人论文和小组展示，感觉这部分比较求是，特别是论文要求突出问题意识\n\n总之，还是不错的一位年轻老师
167214,9352,何惧,2023-01-15 05:55:13,24,29,5,老师人很好，就是很求是
167399,9352,何惧,2023-01-16 03:30:31,6,8,2,老师人很好 备课充分的同时也会积极和学生交流\n\n评分标准有小组展示 口述史 课程论文 只要用心做了绩点不会低 需要真情实感\n\n很求是
167448,9352,何惧,2023-01-16 10:41:29,4,5,1,蛮好的老师
167535,9352,何惧,2023-01-17 05:16:01,27,29,2,首先老师专业知识非常渊博了，北大马克思主义学院毕业，每堂课都跟一次讲座一样，课堂内容形式非常丰富，老师准备得很用心！老师人也很好！在作业中他说他更在意态度是否认真，还在最后一节课上（线上）给大家说了好长一段走心的话，还给大家鞠躬呜呜呜，真的是好老师！
168277,9352,何惧,2023-02-08 14:09:06,3,5,2,上课不无聊，备课很用心，课程的内容结合当下。态度端正的同学来不会吃亏。求是！！！
168499,9352,何惧,2023-02-19 02:27:38,2,5,3,老师很博学，讲课节奏也很好。平时的作业只要认真做了分数就不会低。
168673,9352,何惧,2023-02-21 01:24:31,5,5,0,真的很用心很认真的一个老师！！
169723,9352,何惧,2023-02-27 13:56:10,7,8,1,年轻的老师，上课会讲好课本上的内容，会穿插一些段子，也很有自己对于历史的看法，鼓励每节课一次的讨论话题并且会对优秀发言的同学记录加分，但这个发言不是高分必要（我没发言过幸运满绩！）而且老师在看完口述史以及论文的大作业后会钉钉私信评价，非常有亲和力，人也很可爱～
169828,9352,何惧,2023-02-28 05:27:57,2,3,1,老师超级好，快选！
170269,9352,何惧,2023-03-02 10:58:14,4,5,1,老师很年轻，讲得很好，作业也不多，口述史论文和一个小组的PPT。上课很有趣，也很尊重学生的看法
171949,9352,何惧,2023-04-13 10:20:59,4,4,0,老师很用心！
172218,9352,何惧,2023-04-22 13:30:11,6,8,2,很棒的老师，讲课尽力避免照本宣科，交了口述史作业之后收到长长的一段反馈，非常用心细致，还鼓励我们好好学习，最后考得不好是因为我没有认真对待这门课，想起来还是觉得很对不起老师
172236,9352,何惧,2023-04-23 08:46:02,10,11,1,老师人很棒，讲的近代史也很有趣，值得一听。同时老师作业布置得少，但是对作业要求高，论文与口述史认真做就会有很棒的回报
173845,9352,何惧,2023-06-03 13:56:30,5,5,0,很真诚的一个老师
174175,9352,何惧,2023-06-07 04:20:36,6,7,1,印象最深的一节课讲完，全班都在鼓掌
174659,9352,何惧,2023-06-15 07:07:28,2,3,1,nice
174704,9352,何惧,2023-06-16 03:46:48,3,3,0,何惧老师上课幽默
174727,9352,何惧,2023-06-16 11:22:08,9,10,1,很棒的老师。每次上课都被渊博的学识深深吸引。在交口述史和论文前都私发给老师寻求意见，老师都很耐心回答。只要认真对待给分还不错，我拿了4.5
174800,9352,何惧,2023-06-18 07:33:16,17,18,1,我心目中的求是先生，讲课百家讲坛级别的，不紧不慢循序渐进，有时侃点有意思的段子。理论水平很高，是真有做学问的态度的。意识形态抓得也好，服气。
175227,9352,何惧,2023-06-27 05:20:31,8,9,1,太求是
175884,9352,何惧,2023-06-27 05:15:13,0,2,2,讲课有趣，给分好，口述史大作业好评！
175889,9352,何惧,2023-06-27 05:18:40,1,1,0,很好的老师
175894,9352,何惧,2023-06-27 05:33:47,9,10,1,老师很有学者风范的，正经与幽默并存，给分没有嘴上说的那么严厉
175984,9352,何惧,2023-06-27 10:20:52,9,9,0,老师上课真情实感，和一般无聊的思政课不一样，我吹爆
176177,9352,何惧,2023-06-28 03:53:04,4,7,3,给分一般
177155,9352,何惧,2023-07-02 02:12:05,4,4,0,很棒的老师！
180042,9352,何惧,2023-09-20 07:39:45,7,7,0,何老师真的很认真，很能学到东西，属于完全不水的课
183016,9352,何惧,2023-11-21 13:10:30,-4,2,6,党史课睡着咯
185619,9352,何惧,2024-01-03 03:13:36,3,3,0,中国好老师。
187879,9352,何惧,2024-01-17 16:07:37,4,4,0,史纲课备课很用心，讲得很有趣，会突击点名（一学期三次的样子）
187880,9352,何惧,2024-01-17 16:16:54,1,1,0,kami
187925,9352,何惧,2024-01-17 23:53:15,1,1,0,课还是非常有意思的，但真的很求是！！！
187949,9352,何惧,2024-01-18 01:24:25,3,3,0,超级好的老师，绩点在其次，上课学有所悟，有所得
188087,9352,何惧,2024-01-18 07:32:02,2,2,0,学识丰富！！！！！！
189492,9352,何惧,2024-01-25 03:31:36,2,3,1,好老师，上课幽默风趣，人也很好很温和，强烈推荐！
191452,9352,何惧,2024-04-22 17:43:11,4,4,0,史纲选他！！！上课具有趣！会让你情不自禁的听课，也总会有所得！论文老师以后认真看再每个人私聊鼓励！你是我的神！！
191481,9352,何惧,2024-04-23 11:59:01,2,2,0,好好好
192643,9352,何惧,2024-05-26 12:04:40,4,4,0,听得最认真的思政课了！何老师学识丰富，而且上课风趣幽默，一点也不死板，只能说不愧是东北人奥，气质这块拿捏住了。何老师的史纲课绝对不是水课，能真真切切地了解到很多史实，也能在老师的带领下从历史中学到很多！
193577,9352,何惧,2024-06-13 07:08:16,2,2,0,真的超级好老师！！！
195253,9352,何惧,2024-06-27 12:32:12,0,0,0,很好的老师！(๑•̀ㅂ•́)و✧
195539,9352,何惧,2024-06-28 17:08:33,2,2,0,老师好棒(๑>؂<๑）
195544,9352,何惧,2024-06-28 17:20:18,4,4,0,老师挺好的，上课很有趣，口述史每个人都会在钉钉上认真回复，感觉现在好像没有以前说得那么求是。我上课没卷发言，小组展示自我感觉有点拉垮，口述史认真写了，最后拿了89/4.5，感觉给分挺好的
195559,9352,何惧,2024-06-28 17:56:46,0,1,1,很棒的老师，非常用心
195578,9352,何惧,2024-06-29 00:50:42,2,2,0,何老师爱了爱了，我男神！！！
195763,9352,何惧,2024-06-30 01:59:28,2,3,1,老师非常好，很求是，ppt和讲课能体现其讲课十分认真；口述史作业会在钉钉给个性化评价和鼓励；虽然这一学期给老师添了不少麻烦，但是最后出分4.8，可见师德优良。
198844,9352,何惧,2024-09-12 06:13:09,5,5,0,帅炸了
199337,9352,何惧,2024-09-21 08:22:11,0,0,0,好好好
204811,9352,何惧,2024-11-28 03:26:44,3,4,1,上完老师的史纲课，都怀疑自己高中历史在学什么？何老师的课收获太大了！/(ㄒoㄒ)/~~
205091,9352,何惧,2024-12-01 09:08:21,2,2,0,何老师博学多才，受益匪浅
205875,9352,何惧,2024-12-12 11:48:48,3,3,0,感觉讲得比我们专业基础课还要精彩！没次看到有同学吐槽说史纲课好无聊好水，都特别庆幸是选到了这位老师的课。北大马院，专业水平真的很高，不会强行上价值讲空话，非要说的话有点后悔上课摸鱼(orz)
206671,9352,何惧,2024-12-17 04:19:51,6,6,0,来浙大最喜欢的老师没有之一🥰
207056,9352,何惧,2024-12-19 06:04:08,4,4,0,课真的好，都不乐意水。经常水着水着听他课入迷了
208237,9352,何惧,2024-12-26 09:31:32,10,10,0,虽然年轻但职业素养过硬，每堂课犹如专题报告，令人在本是水课的史纲课堂上不忍走神，会用通俗易懂的话语讲解历史；人也很好，口述史每个人都有单独回复（当时收到都震惊了），真的称得上好老师
208954,9352,何惧,2025-01-03 14:43:51,8,8,0,天啊，这是我第一次收到钉钉私发的作业评语！！何老师真是太好了！\n\n作业是一篇3500~4500的口述史，相信我这会是你印象非常深刻的一份作业。如果没有这份作业，我可能不会知道家里长辈的很多值得纪念的往事。另一个作业是小组研究。\n\n有网课，网课有线上考试，很简单。老师讲课水平特别好，很懂学生。选他！
211172,9352,何惧,2025-01-11 03:16:51,-5,2,7,老师给分不好，平时也不会给学生指出问题
211173,9352,何惧,2025-01-11 03:17:43,3,3,0,感谢老师对我口述史论文的高分捞到4.8了！！老师上课很好作业也不多认真完成前就有好结果！
211193,9352,何惧,2025-01-11 04:01:04,-5,1,6,小组作业做的挺好了，老师也夸我们做的很好，口述史论文也完成的很好，交之前给老师看过的，期末自认为不错，因为都找到了，本来以为兴致冲冲的可以得个四以上的绩点，没想到给我绩杀，怎么也想不明白🙄，慎选
211245,9352,何惧,2025-01-11 05:13:58,2,2,0,不用多说，无论是知识储备还是授课水平，老师的实力肯定是杠杠滴，让我重温了当年第一次对历史燃起热情的感觉。\n\n至于给分，具体情况我不清楚，我建议大家可以多看看评论区其他人怎么说吧
211309,9352,何惧,2025-01-11 07:26:37,-6,1,7,呵呵，分出来发现有问题，他自己说的发现分不对，找他弄，结果呢，呵呵，找他他说什么……整个就是无语，难评，只能算自己倒霉吧
211734,9352,何惧,2025-01-12 09:43:41,3,3,0,水平过硬的年轻老师，课是毫无疑问的讲得好，但是给分大家见仁见智，有小组汇报，我当组长一手包揽了大部分的工作（耗时30h+），最后4.5，emmmmm我是纯血理科生，历史只有初中学历但是emmmm，总之大家还是不要太轻视这门课，想拿高分还是有难度的
212146,9352,何惧,2025-01-13 09:11:15,2,2,0,何老师的史纲课我觉得挺有意思的，能听到很多书本上没有的史实（可能也是我比较喜欢历史吧，每节课都有认真听）。口述史论文我让老师帮忙看了两次老师也都有认真回复。给分正常。
213333,9352,何惧,2025-01-17 03:49:10,4,5,1,何老师上课水平真的很高啊，上他的史纲课确实一点都不枯燥！何老师一直尝试用通俗易懂的语言把历史讲得透彻有趣。最后给分个人不错，有4.8。（非组长，上课发言了几次，pre一般，期末认真准备，大题写满，感觉不错）
213483,9352,何惧,2025-01-17 18:46:26,0,0,0,不喜欢历史\n\n但是听起来老师讲的挺好的\n\n口述史认真写\n\n发言了一次\n\n最后考试感觉基本上全找到答案了\n\n最后4.8还是很满意的\n\n认真对待就会有收获\n\n老师人很帅很有高级知识分子的味道\n\n喜欢！
217795,9352,何惧,2025-04-16 13:15:17,1,1,0,老师很好啊，努力再把思政课变有趣，很不错！希望少一些照本宣科的老师，多一些努力把课变好的老师～
217860,9352,何惧,2025-04-17 07:54:07,7,7,0,在课程中期，远没有出成绩的时候来写这个评价，我想会比较客观。\n\n不管最后是什么成绩，我都不会改这个10分好评。\n\n何老师的史纲课是一门我愿意坐前三排认真听课而不写数学物理作业的课，讲得真的特别好。
219332,9352,何惧,2025-05-25 10:48:39,0,0,0,100
220576,9352,何惧,2025-06-18 14:35:38,0,0,0,老师真的很好，强推
220634,9352,何惧,2025-06-19 04:15:11,1,1,0,老师上课水平还是很高的，但是在这种绩点愈发重要的现在，选上的学弟学妹满还是需要斟酌。。。
220854,9352,何惧,2025-06-20 06:28:41,0,0,0,老师上课好 改作业也很认真 很负责\n\n就是好像不捞 比预期低
169258,9353,皇甫鑫,2023-02-25 05:32:10,14,14,0,小皇老师棒棒滴
170793,9353,皇甫鑫,2023-03-10 01:19:21,7,7,0,皇甫老师真是好老师，yyds
172841,9353,皇甫鑫,2023-05-08 07:16:55,2,2,0,超级好的老师，bd
173792,9353,皇甫鑫,2023-07-04 16:29:12,28,31,3,习概上到现在\n\n觉得这个老师怎么tm这么好啊\n\n可能是刚毕业 感觉就很懂我们\n\n体谅学生 还特可爱！\n\n让我们别太担心绩点的问题~\n\n所以不管最后成绩怎么样 都得给10分吧\n\n（不过还是希望最后分数高点嘿嘿\n\n\n\n出分了来评 最后成绩还行但也没有太高 老师说期末统判，比较严 \n\n大家成绩都不太理想 可惜捏 问了下平时分 感觉没有想象的高 \n\n不过依然觉得老师真的真的很好捏~就是那种可以让你不那么在意分数的好！
174607,9353,皇甫鑫,2023-06-14 12:52:22,9,9,0,很不戳，推荐的，来打个高分
175013,9353,皇甫鑫,2023-06-21 04:27:21,2,3,1,不鼓励内卷就是好老师！有为学生着想！希望给分也好～
176109,9353,皇甫鑫,2023-06-27 20:13:30,4,4,0,年轻的好老师
176872,9353,皇甫鑫,2023-06-30 13:31:03,2,2,0,上课很精彩，人也很真诚
177107,9353,皇甫鑫,2023-07-01 17:08:49,4,4,0,老师和蔼可亲，见面打招呼也很亲切，真的超级好
177111,9353,皇甫鑫,2023-07-01 17:12:55,4,5,1,老师很好，有真才实学，值得推荐
177112,9353,皇甫鑫,2023-07-01 17:18:03,2,2,0,很真诚的老师，给分也很好
177115,9353,皇甫鑫,2023-07-01 17:28:50,3,3,0,给分真的好好！一学期就点名两次，而且会提前说。他真的，我哭死！事少分高TAT
177163,9353,皇甫鑫,2023-07-02 02:33:21,3,3,0,年轻老师，很亲切，愿意跟学生走的很近
177200,9353,皇甫鑫,2023-07-02 06:56:36,8,8,0,老师人特别好！！体谅学生，也不避讳一些思政课面临的问题，虚心地向学生征求课堂改进意见，愿意反映调整！就整体上课体验来说很棒！集体阅卷，给分比较客观~
177304,9353,皇甫鑫,2023-07-03 00:02:51,3,3,0,超级好！！！！！！！！！！！！！
177620,9353,皇甫鑫,2023-07-04 02:55:16,3,3,0,超级好，跟同学们以朋友的姿态相处，点名也会提前说。期末因为统一改卷卷面分不太好，还在群里说对成绩不满意可以找他约饭，结果成绩出来其实没有那么吓人，老师给分还是超级nice的！
179636,9353,皇甫鑫,2023-09-19 03:25:47,3,3,0,好老师！点名会提前说，不鼓励内卷，非常随和，给分也很好！
181166,9353,皇甫鑫,2023-10-10 11:41:33,3,4,1,非常有趣的一个认真负责，体贴学生的老师，不会布置较重的任务，而且作业都很有意思，最重要的是给分非常高
186546,9353,皇甫鑫,2024-01-11 15:09:20,1,1,0,皇甫老师真的很体谅学生的感受，不鼓励内卷，也很随和，分数还没出，先来给老师打个10分
187942,9353,皇甫鑫,2024-01-18 00:57:58,2,3,1,老师人很好，很和蔼，讲课也很好，和学生互动氛围很好
188420,9353,皇甫鑫,2024-01-19 03:12:06,1,4,3,是的，不鼓励内卷，温和的好老师\n\n习概真的是我第一次思政比较高的课了
194649,9353,皇甫鑫,2024-06-25 00:50:58,13,13,0,首先，老师人真的非常好，虽然可能面相不是那么和善，但是在你和老师交流之后会发现老师其实是个很好很善良的人。\n\n然后就是，我去问了老师，期末考老师在平时分上真的狠捞了一把，给分其实很不错了。确实和评论区说的一样刚毕业感觉就很懂我们，体谅学生，还特可爱
194729,9353,皇甫鑫,2024-06-25 06:26:56,2,2,0,好老师好老师好老师！！！！！！
195074,9353,皇甫鑫,2024-06-26 17:08:57,8,8,0,他真的不给人卡绩！古希腊反卡绩的神——皇甫！
195077,9353,皇甫鑫,2024-06-26 17:12:06,7,7,0,呜呜皇甫我不允许任何人忤逆你。。特别特别好
195088,9353,皇甫鑫,2024-06-26 17:46:25,7,7,0,非常非常好的老师，给分无敌\n\n最重要的是不鼓励内卷，体谅学生，感觉像朋友一样
195096,9353,皇甫鑫,2024-06-26 18:21:33,1,1,0,很好的老师，意想不到的高分！
195200,9353,皇甫鑫,2024-06-27 06:43:52,3,4,1,真的是神
196686,9353,皇甫鑫,2024-07-04 17:56:28,1,2,1,好老师！会理解学生的，尤其是在成绩这方面，可能因为自己也是这个阶段过来的\n\n很捞的，平时分给的也很好的\n\n但是，期末好好考，老师只能在平时分上努力，期末考的分数没法动的
198038,9353,皇甫鑫,2024-08-26 09:43:53,1,1,0,伟大的皇兄
200293,9353,皇甫鑫,2024-10-15 12:27:10,0,1,1,思维和同学们相近
206303,9353,皇甫鑫,2024-12-13 15:48:18,1,1,0,特别特别好的老师，从不点名
208489,9353,皇甫鑫,2024-12-28 09:15:44,1,2,1,人好，不点名，给分好
210025,9353,皇甫鑫,2025-01-08 02:50:33,1,1,0,太棒了
210037,9353,皇甫鑫,2025-01-08 03:44:34,3,3,0,我会永远追随你的福星哥，虽然总摸鱼什么的，但是几次听皇老师讲课对自己认知世界和认识现实真的有比较大的启发，人很温柔好说话，很为学生着想，以后变乞丐了可以找他请吃饭。另外就是给分很好！平时很少很少点名，偶尔点会提前在群里通知大家，非常感谢皇老师！
210047,9353,皇甫鑫,2025-01-08 04:14:34,1,1,0,伟大无需多言
210070,9353,皇甫鑫,2025-01-08 05:47:59,1,1,0,伟大！
210103,9353,皇甫鑫,2025-01-08 07:05:14,1,1,0,特别好的老师，超级温柔体谅学生，讲课也很不错
210120,9353,皇甫鑫,2025-01-08 07:48:41,1,1,0,老师超级超级超级好！！！
220366,9353,皇甫鑫,2025-06-17 13:18:54,0,0,0,大爱！
220527,9353,皇甫鑫,2025-06-18 11:27:33,2,2,0,满啦！皇甫老师我的神！小胖老师人超好！祝皇甫老师早日升副教授！没留下老师将是马院的损失啊
220623,9353,皇甫鑫,2025-06-19 03:04:39,1,1,0,老师上课结合了很多自己的理解，也完全不鼓励内卷，给分也很好，祝愿老师身体健康早日升副教授
221680,9353,皇甫鑫,2025-06-25 08:15:44,0,0,0,皇甫老师真的人超好！
167100,9354,靳思远,2023-01-15 03:08:05,36,43,7,事少分高，不用当小组长也能得到很好的分数！\n\n讲课生动有趣、结合时事！\n\n老师会用学在浙大发布课堂提问并以此点名
167107,9354,靳思远,2023-01-15 03:37:21,24,27,3,男神~
167112,9354,靳思远,2023-01-16 05:32:20,54,78,24,jsy🙆🙆🙆为了你💓💓💓我变成狼人模样🐺🐺🐺为了你💗💗💗我带上厚厚的伪装👺👺👺为了你💖💖💖我换了一副心肠💀💀💀为了你💞💞💞我染上疯狂😈😈😈我在佛前苦苦哀求了​三生三​世🙇🙇🙇只为换你一世情缘💕💕💕我能否再见到你☺️☺️☺️希望可以感动上天😭😭😭 ​\n\n呜呜呜老师人真的很好，德法课堂很有趣。开始查预置老师没查到评分还有点担心，没想到遇见了我们宝藏男孩jsy。老师是真的有些马克思主义知识在脑子里的，枯燥的德法课本讲的很生动了，还会结合时事。虽然很多人的德法都是睡觉玩手机大水课，但是认真听老师的德法真的能让刚进大学的大一er对人生有不一样的想法。老师还会结合课堂内容和小组展示内容展开分享，还会和我们讨论（还听到了课友分享的的感情经历哈哈哈）。老师真的很可爱，真的很爱学生们，最后一节课的分别老师说以后遇到困难，记得找他，贼拉感动。zjg反卷达人，读书报告上限巨低，和我3000字下限的室友的老师形成鲜明对比。给分也巨能捞。给全世界最可爱最好最棒最温柔的jsy10000000分！！！学弟学妹们快选！不要错过宝藏！
167122,9354,靳思远,2023-01-15 04:06:19,30,33,3,sygg我的神！！！爱你爱你爱你\n\n超级棒的老师，事少分高，会给学生减负，反内卷战神，读书报告规定的上限而不是下限，讲课也很有意思，价值观很正，给分特别好！！！！纯理科生没学过政治裸考拿了4.5！思远哥哥我爱你！！
167126,9354,靳思远,2023-05-19 06:24:20,30,32,2,好老师，不需解释～
167127,9354,靳思远,2023-01-15 04:08:09,21,24,3,社恐上课不敢回答问题，但作业认真做，读书报告上限1500字！！！疯狂捞人，真的爱了❤️❤️❤️
167128,9354,靳思远,2023-01-15 04:16:26,21,22,1,超好的老师！讲课有趣有深度，各种作业要求字数上限而不是下限（读书笔记舍友下限3000，我上限1500）事少分高，不用乱卷，老师本人也很友善，很喜欢和我们交流，叫我们童鞋～\n\n上课可能会点名提问（但很少），可以试试当老师的课代表（基本没有事情，但是可以被老师萌翻）\n\n可能掉落彩蛋：老师的爱情教训（捂脸，他自己说的是教训，不是经验）
167139,9354,靳思远,2023-01-15 04:15:41,18,23,5,当月光🌛🌛🌛\n\n洒在我的脸上😭😭😭\n\n我想我就快变了模样🤡🤡🤡\n\n有一种叫做撕心裂肺的汤🍲🍲🍲\n\n​喝了它有神奇的力​量💪💪💪\n\n闭上眼😌😌😌\n\n看见天堂😇😇😇\n\n那是藏着你笑的地方😁😁😁\n\n我躲开无数个猎人的枪🎯🎯🎯\n\n赶走坟墓爬出的忧伤😢😢😢\n\n为了你😨😨😨\n\n我变成狼人摸样🐺🐺🐺\n\n为了你😱😱😱\n\n染上了疯狂🤡?\n\n男神老师！事少分好！上课蛮好玩的，总之血赚
167143,9354,靳思远,2023-01-15 04:17:25,17,20,3,事少给分好，跟同学们关系不错
167146,9354,靳思远,2023-01-15 04:20:02,17,18,1,我的超人！事少分高，课堂生动有趣～
167162,9354,靳思远,2023-01-15 04:29:55,25,29,4,思修事少分高，读书报告有上限，会鼓励学生，点名很少（学在浙大上限时作业谈谈你对某件事的看法，用这种新颖的方式点名），给分爆炸性地好，周围人都4.5+～\n\n而且jsy老师口才好，文化底蕴厚，还对时事有深刻的思考，简直是完美的老师
167171,9354,靳思远,2023-01-15 04:39:51,15,16,1,分多事少人好！上课已经尽量有趣了！对学生非常关心！我吹爆jsy老师！老师我爱你！！不是小组长但是分很好！！！！而且老师情商很高！是个好老师！选他没错！！！！！
167211,9354,靳思远,2023-01-15 05:49:20,12,13,1,老师人真的超级好5555事情少给分高超级感谢老师努力捞捞
167225,9354,靳思远,2023-01-15 06:41:16,10,13,3,梦中理想型老师 🥰
167241,9354,靳思远,2023-01-15 07:29:38,11,13,2,给分很好 上课很有趣 好老师
167267,9354,靳思远,2023-01-15 09:45:07,14,15,1,事少分高😭😭救我于水火
167327,9354,靳思远,2023-01-15 14:06:55,9,13,4,老师我爱你啊啊啊啊啊啊啊啊啊啊😍😍😍😍😍
167455,9354,靳思远,2023-01-16 11:26:46,11,13,2,满分不解释，最爱的老师
167614,9354,靳思远,2023-01-17 15:45:41,12,12,0,事少分多，强烈推荐，老师人极好，平易近人，选了绝不会后悔
167738,9354,靳思远,2023-01-18 17:07:22,18,18,0,反卷达人，读书报告上限1500，冲这点就可以给到10分。
167768,9354,靳思远,2023-01-19 03:47:33,13,13,0,好！！！思修不要犹豫，选就对了！！！
167855,9354,靳思远,2023-01-19 13:43:23,11,11,0,温文儒雅，十分十分
168036,9354,靳思远,2023-01-23 12:16:23,13,13,0,全新的点名方式：学在浙大上发个和课堂讨论有关的问题，限时回答（好像是只要回答了就可以）。
168674,9354,靳思远,2023-02-21 01:25:16,12,12,0,事少分高啊啊啊啊啊！！！！！
168887,9354,靳思远,2023-02-23 08:42:40,17,18,1,遇上他，不要犹豫，选就对了。\n\n没遇上？退了选他，不会错的。
169716,9354,靳思远,2023-02-27 13:35:08,13,13,0,好老师，非常儒雅，大家。
170369,9354,靳思远,2023-03-03 07:48:09,10,10,0,好老师好老师
172170,9354,靳思远,2023-04-21 06:16:53,8,8,0,在大一下学期选课看到课程介绍说到上课随机提问，头大就想起了靳老师，老师的课上非常的轻松，不会逼你卷发言，但是每个人都有讨论的机会。大家可以在学在浙大上提交自己的思考题，老师可以看到每个人的发言，同时又进行了点名，这是我上过最舒服的课！靳老师的课前还会放很多有意思的东西！非常怀念啊！！！
179232,9354,靳思远,2023-08-31 10:14:13,9,14,5,靳思远老师，我是你的狗😭😭😭
180354,9354,靳思远,2023-09-21 07:51:03,5,5,0,好老师啊啊啊啊
180906,9354,靳思远,2023-09-28 04:07:28,5,5,0,会关注学生思想的老师，真的会解答学生思想上的疑惑
181217,9354,靳思远,2023-10-12 02:00:23,10,11,1,非常好的老师，上课很有趣也很有内容！\n\n（论一个工科生对思政态度怎么直接从高中的😡到大学的😋的，😋\n\n（真的会感觉上课摸鱼打开solidworks会有负罪感（嗯
183617,9354,靳思远,2023-11-28 02:39:47,7,8,1,老师上课氛围真的很轻松，很善于激发同学们的思考，价值观很正，好老师冲了
184455,9354,靳思远,2023-12-20 04:23:09,6,6,0,我唯一的神！
185349,9354,靳思远,2023-12-28 06:43:11,2,2,0,特别特别好！
185677,9354,靳思远,2024-01-03 12:46:06,3,4,1,第一个记住我名字的老师，真的感受到付出有回音。\n\n上课也有趣有货！好像上他别的课。
185764,9354,靳思远,2024-01-04 08:02:30,2,3,1,必须推荐。所有人上课都是拿着作业，但下课没有一个不再认真听讲。人格魅力不多解释。
185766,9354,靳思远,2024-01-04 08:11:59,2,6,4,以前看夏目漱石把我爱你译成今夜月色很美的时候 以为自己看懂了 无非是东方人的含蓄之类 今天杭州下雨了 特别想把下雨了告诉一个人的瞬间 忽然明白了月色很美是怎样的一种心情 那是和含蓄无关的东西而且是含蓄的反面 是很直接的情话\n\n靳思远，你知道吗，我住的地方下雨了
185768,9354,靳思远,2024-01-04 08:10:52,1,7,6,靳老师，天台上的风🌀🌀🌀很大，今天的风🌬🌬格外凛冽🥶🥶，我看着灯红㊙️酒绿的繁华都市🏢🏛眼皮跳了无数下😵😵，积攒着怒意🤬🤬的双臂💪🏻💪🏻猛挥砸碎了108个窗户😱😱，摔烂了38个5G高档高速高质量手机📱📱📱，玻璃渣刺破了我的衣襟👗👗，碎掉的是这颗对你永远不变的心❤️❤️❤️。你带走我吧🥺🥺🥺没有你怎么活啊🥺
185887,9354,靳思远,2024-01-09 18:36:52,-29,8,37,温文儒雅，但上课中规中矩吧，不讲枯燥的课本却也没多少深度，且小组展示卷形式卷时长，前面的评论过誉了
186148,9354,靳思远,2024-01-09 05:31:47,0,1,1,基本没什么事，不像别的老师事情很多
186233,9354,靳思远,2024-01-10 01:53:07,3,6,3,楼上同学，老师规定每组展示时长15min，最多不超过20。有的小组展示花了很多精力多展示了一点时间，老师在旁边还提醒同学注意时间。形式是小组自己确定，灵活服务自己的选题，这怎么能说是老师卷时长卷形式呢？
187043,9354,靳思远,2024-01-14 08:51:09,2,4,2,非常好的一位老师，要求少，第一节课就告诉我们不支持内卷，老师人很年轻会玩梗，上课也挺有意思的。本社恐的第一次大学上台展示就是思政课展示。中间忘词了，偷偷看手机，老师很和蔼地对我笑了一下。最后考完试在群里发了一个大红包，这种老师还不冲？
187502,9354,靳思远,2024-01-16 11:42:27,2,3,1,人超级好！！而且给分高！！！偶尔会点名！
187505,9354,靳思远,2024-01-16 11:57:08,4,4,0,喜欢！虽然不是特别高，但有4.5。老师人也很好，主打一个不卷！
187543,9354,靳思远,2024-01-16 13:48:53,4,4,0,好老师，性格特别好
187545,9354,靳思远,2024-01-16 13:57:07,5,5,0,老师真的是我男神！没怎么去上课，甚至唯一一次点名还翘课了，最后还给了我4.5。爱死了
187560,9354,靳思远,2024-01-16 14:33:44,5,5,0,靳老师yyds！不必说启发思考的上课模式，也不必说关心同学的为人师德，单说能够把我一个工科生捞到4.8，我就已经哭死——强推！强推！！强推！！！
187567,9354,靳思远,2024-01-16 15:00:35,4,4,0,老师真的人超好！很用心！！
187579,9354,靳思远,2024-01-16 16:18:10,2,3,1,特别特别好的老师，全方位无死角
187593,9354,靳思远,2024-01-16 16:52:48,4,4,0,献上首评/靳老师课堂设计精巧，会谨慎给出自己的建议，也会尊重学生的看法。上课可水可积极交流，不内卷，积极发言有利于加分。靳老师对于爱情，网络，有用无用的理解不落俗套，私下关心朵朵等学生动态。给十昏好评！！！
187597,9354,靳思远,2024-01-16 17:08:43,1,2,1,老师人真的挺好的
187609,9354,靳思远,2024-01-16 23:03:11,1,2,1,老师真的太好了！！！上课内容有深度，课后作业不卷，考前发知识框架，上课发言老师会一一记录，加平时分，但是社恐的同学也不要担心，本人从来没发过言，其他作业都认认真真做了，最后分不会低的
187621,9354,靳思远,2024-01-17 01:18:07,4,4,0,啥也不用说，课没去过，认真准备了一次小组展示，交了读书报告，期末考正常发挥，给我捞到4.2，无脑冲jsy
187623,9354,靳思远,2024-01-17 01:28:03,4,4,0,好老师，吹爆！上课很有趣，一学期思修我没有一节课下线，全程上线。给分也超级捞！一个工科生，小组展示也不突出，可老师给了人生中第一个满绩！
187674,9354,靳思远,2024-01-17 05:21:47,4,4,0,特别特别好的老师，从上课到给分都特别好，典型的事少分高，问他问题他也都很耐心解答，还喜欢发可爱的表情hhh，总之吹爆jsy老师！男神！
187705,9354,靳思远,2024-01-17 07:58:05,7,8,1,伟大，无需多言
187709,9354,靳思远,2024-01-17 08:02:33,4,4,0,非常好老师，不过要记得按时交读书笔记
187712,9354,靳思远,2024-01-17 08:05:11,4,4,0,人帅事少，就点了一次名还点到了，上课幽默风趣三观很正，人还非常和蔼善良，博学多才，完美诠释“良师益友”，最后卡线4.5，jsy你是我的神！
187724,9354,靳思远,2024-01-17 08:18:25,5,5,0,封神老师，事少分高，内容很有深度，对学生很好，最后4.5很满意
187917,9354,靳思远,2024-01-17 21:44:30,4,4,0,靳老师，我男神！上课可以水，但是如果认真听的话，每节课都能收获满满，启发我们对于身边的问题进行思考，让我们能够从多角度看待社会问题，上课内容很有意思！还有最重要的一点是，老师不鼓励内卷！i人上课不发言，其他作业认真完成，也能被捞到4.5，无脑冲就完了！
187937,9354,靳思远,2024-01-18 00:30:08,8,8,0,给分确实不错，不发言也有4.5，好捞
188231,9354,靳思远,2024-01-18 12:51:18,1,6,5,sygg我爱你
188273,9354,靳思远,2024-01-18 14:08:11,6,6,0,上课是有深度的，有自己的深刻思考\n\n人也很随和，上课氛围很轻松\n\n事少，给分好，无脑冲冲冲冲冲冲
188326,9354,靳思远,2024-01-18 15:47:24,9,9,0,社恐但是听老师课很有意思勇敢站起来发过两次言，最后一节课老师做总结的时候居然能记得我的名字（他真的，我哭死）！认真写的读书报告他居然给我打了100分满分……相比于那种认真对待一门课但是给分很迷的老师而言，靳老师是一个温柔地对你微笑着，能看到你一点一滴的努力与进步的老师。高中政治选手，但因为很喜欢老师也想着有始有终所以考前也是选择了复习下书，考完试老师还会发小红包嘻嘻！最后老师给了我4.8分。教书育人，老师一直在用实际行动践行着：师者风范，无需多言！
188492,9354,靳思远,2024-01-19 05:41:55,1,3,2,期末能有4.8！谢谢思远哥哥
188777,9354,靳思远,2024-01-20 02:26:15,1,3,2,超级好老师，但是唯一一次点名我刚好那次没来
189031,9354,靳思远,2024-01-21 10:06:57,4,8,4,第一次满绩
189204,9354,靳思远,2024-01-22 10:13:31,0,3,3,不多说，爱了😍
189897,9354,靳思远,2024-02-01 16:24:15,-4,5,9,为什么我们班没有小红包呜呜
192166,9354,靳思远,2024-05-10 13:29:15,-50,5,55,不是，这种人都有9.8分？？？我请问呢
192748,9354,靳思远,2024-05-30 04:36:15,2,2,0,特别喜欢靳老师的课！！！！
192854,9354,靳思远,2024-05-31 04:35:50,-2,1,3,有没有好心人告知一下研究生课什么时候出分
194926,9354,靳思远,2024-06-26 02:55:28,9,10,1,思政课的给分，一般有点运气成分，不太好评价，不过从身边统计学来看靳老师给分还可以。\n\n靳老师的最大特点是真的很负责任。能看出来他备课很充分很用心，即使是思政这种最水的水课。根本没人听的小组展示他也会相当认真地做笔记和点评。\n\n他非常欢迎同学跟他交流各种各样的事情。虽然他的观点我并不都赞同，但能看出来真的关心学生。\n\n\n\n点名很少。想水也可以水，想听也会有收获。\n\n顺带一提，老师的全套装备都印着“复旦大学”，这何尝不是一种ntr(
195771,9354,靳思远,2024-06-30 02:09:18,2,2,0,备课用心，待人和蔼，给分也很好，强烈推荐选！
196197,9354,靳思远,2024-07-02 06:51:22,4,4,0,太太太好了！讲课非常好，对同学非常好，给分非常好，真的舍不得结课。
198018,9354,靳思远,2024-08-24 11:39:20,6,6,0,上课很有意思，讨论很多，很有思想的课
198507,9354,靳思远,2024-09-09 10:53:41,-8,1,9,😃😃😃
199468,9354,靳思远,2024-09-24 07:06:31,21,21,0,“我的课堂不是高压锅”
199986,9354,靳思远,2024-10-10 07:08:19,16,16,0,伟大，无需多言\n\n思想的碰撞才是大学课堂该有的样子\n\n灵活的思辨命题才是教育应该具备的\n\n从一众循规蹈矩，仿佛只是换一个地方上高中的感觉的课程中脱颖而出，真正做到了启蒙与引导\n\n\n\n其他的课堂可以选择自学不去上课，但sygg的课程绝不能不上\n\n那是一段真正可以沉思的时光
200141,9354,靳思远,2024-10-14 02:36:50,4,4,0,讲得很好
201136,9354,靳思远,2024-10-29 08:12:18,4,4,0,伟大，无需多言😚
201844,9354,靳思远,2024-11-07 02:08:11,15,15,0,教你打黑神话的老师你见过吗（\n\n点名主要是上课在学在浙大有互动小问题，算是变相点名吧\n\n\n\n我靠我在写这条的时候坐在教师吃早饭，靳老师走到我后面问我早饭就吃个面包够不够吃啊😭😭给我科普早上还是要吃的不然胆结石啊😭😭虽然好怪但是你不感动吗😭😭靳老师，我最骄傲的信仰😭😭😭
205766,9354,靳思远,2024-12-12 03:11:11,4,4,0,收敛到10
207546,9354,靳思远,2024-12-23 03:41:49,2,2,0,认真负责，知识渊博的好老师，确实能学到很多东西，课堂也很有趣！
207548,9354,靳思远,2024-12-23 04:34:44,2,2,0,唯一一节从来没有翘过的课\n\n如果思政一定要通过教育实现，jsy老师的课就是最好的典范\n\n上课不会照本宣科，而是结合当下的热门事件进行讨论。靳老师的课非常包容，在他的课上，你可以不受拘束的表达任何观点，不必担心遭到驳斥与批评。\n\n即使你怯于发言也没有关系，只要你在学校规定的四个思政作业中写出自己的想法，就能得到他的认可。并且，除去这四个作业，靳不会布置任何多余的任务，对这四个作业的要求也很宽松。\n\njsy老师反对内卷，反对功利主义的为人处事，能够倾听和理解学生的内心。他试着让学生能够多思考、少盲从，对所处的社会有独立的看法，这恰恰是当下大学教育所缺少又所急需的。\n\n他能够以学生的视角看待成绩，会尽可能的给大家高分，这和一些恶意低分的老师是完全不同的。\n\n总之，jsy老师的课绝对是首冲目标。如果你的课表上有了，千万不要退；如果你的课表上没有，快去试一试。希望你能和我一样顺利选上靳老师的课😄
207597,9354,靳思远,2024-12-23 07:59:01,1,1,0,喜爱无需多言。鼓励很多，老师口才超好
207865,9354,靳思远,2024-12-24 14:54:11,2,2,0,超级超级超级好的老师！！！！！🤩🤩🤩本人社恐，上课没回答问题，但是认真写读书报告也能被老师注意到呜呜呜呜呜呜呜呜好感动，选到老师的课就偷着乐吧各位🤩🤩🤩
208127,9354,靳思远,2024-12-26 01:03:12,1,1,0,棒棒棒棒
208202,9354,靳思远,2024-12-26 07:20:21,1,1,0,好老师，真正的好老师。虽然思政课很有些时候我在干其他事情（），但老师的课真的带给我很大的启发。反对恶性竞争，理解学生，10分必须！
208979,9354,靳思远,2025-01-04 04:38:54,2,2,0,期待哥哥给分好不好，捞我一下
210570,9354,靳思远,2025-01-09 11:12:06,1,1,0,好啊，不卡绩，好老师好老师！
210698,9354,靳思远,2025-01-10 00:47:25,3,4,1,靳思远哥哥我爱你！！！
210704,9354,靳思远,2025-01-10 00:59:07,4,4,0,噫吁嚱，善至此哉！斯人温文尔雅，幽默风趣，知书达理，上天能论法论道，入海则可海底捞人。斯若高山流水，润泽学生，岸芷汀兰，馥郁袭人，吾未尝有丝毫之力而高绩点矣！😭😭😭\n\n吾，实为jsygg之犬乎！！！😘😘😘
210706,9354,靳思远,2025-01-10 01:13:14,25,25,0,如果这个教室有谁需要这个课堂——那一定是我自己。jsy哥哥在最后一节课如是说\n\n当你以为道法课是一场平平无奇的水课，拿着线代和微积分作业走进教室时，靳老师生动的课会让你忘掉手中的作业，在他的思政课上，没有枯燥的条文，只有鲜活的案例，他会用一个个鲜活的案例告诉你做人的道理，让你不由自主地将手中的数学作业放回书包\n\n他理解学生，理解我们的压力不鼓励内卷，读书报告要在1500字以内，上课从不点名，有时会用互动替代点名。他常说，如果一节课需要靠点名来留住学生，那这堂课就是失败的。\n\n当然，思远哥哥给分也很好，他将关爱学生做到了极致，这样的老师，不值得我们将他的评分收敛到10吗？
210732,9354,靳思远,2025-01-10 01:31:11,1,1,0,sygg太棒了，讲的好有深度，也不鼓励内卷，给分还特别好。
210735,9354,靳思远,2025-01-10 01:33:47,3,3,0,“我的观点不一定正确，供大家批判”\n“我反对无意义的内卷”\n一位真正让我对马克思主义产生敬仰与好奇的老师，能学到真东西。\n不卡绩，给分很好，本人高中物化生，绩点非常满意
210742,9354,靳思远,2025-01-10 01:41:59,3,4,1,感谢靳老师，反对过度内卷，最后给我5.0，不卡绩
210743,9354,靳思远,2025-01-10 01:41:57,3,4,1,感谢靳老师，反对过度内卷，最后给我5.0，不卡绩
210759,9354,靳思远,2025-01-10 02:15:41,3,3,0,伟大，无需多言，祝靳老师评分早日到10
210767,9354,靳思远,2025-01-10 02:23:16,1,1,0,不解释
210777,9354,靳思远,2025-01-10 02:42:54,1,1,0,会捞，反对鹅颈，不点名，冲就完了
210805,9354,靳思远,2025-01-10 03:48:28,1,1,0,非常非常好的老师，让我们在这样一门水课里真正能学到知识。想听也好，不想听也罢，各自都会有各自的收获。\n\n不鼓励鹅颈，我签到都有到+读书报告均认真纯手写，最后绩点5.0。希望老师评分也早日拉满（虽然现在已经很高了）
210809,9354,靳思远,2025-01-10 03:55:37,1,1,0,靳老师太好人了，上课内容很有深度，而且反对内卷，打分很好，非常有幸能被老师记住
210878,9354,靳思远,2025-01-10 05:51:34,1,1,0,抱着水课的态度去听的，但是老师上课真的很有意思。而且反对内卷，事情很少，最后给分特别好。
210897,9354,靳思远,2025-01-10 06:16:28,1,1,0,大爱靳老师 “我的课堂不是高压锅”真真正正让我感受到了大学课堂的真正奥义。上课时对同学们的观点都很认真在听，也很包容很耐心，特别特别好的老师❤️❤️
210913,9354,靳思远,2025-01-10 06:35:02,2,2,0,最牛逼的老师 反内卷第一人
210966,9354,靳思远,2025-01-10 08:50:51,2,2,0,非常好的老师，即使我们小组的展示不是很好，我最后还有4.5
210981,9354,靳思远,2025-01-10 09:14:36,2,2,0,本人是社恐，上课没主动发过言，最后喜提4.5
211341,9354,靳思远,2025-01-11 08:22:25,6,6,0,jsy唯一真神，选选选！！\n\n学识渊博的老师！上课不死讲书本/读ppt，会讲很多现实的案例，而且讲的很有深度。很切实关心女性议题，大学生相关的话题和社会问题。平时不怎么签到，也反对用签到来保证学生入座率，但会有学在浙大上的小问题回答。是一位能让你放下手机和作业听他讲课的老师。给分特好！男神！
213484,9354,靳思远,2025-01-17 18:48:49,1,1,0,不卷发言\n\n给分好\n\n认真写作业\n\n开卷多抄点\n\n就没问题\n\n老师很有人格魅力\n\n赞！
213580,9354,靳思远,2025-01-18 10:24:43,1,1,0,上课没有发言过，最后分数还不错！很好的老师！
213782,9354,靳思远,2025-01-20 01:19:35,2,2,0,jsygg真的是难得一见的好老师，上课内容都是很用心地跟大家探讨一些热点话题，也不鼓励内卷，给分也超级好
217461,9354,靳思远,2025-04-10 16:27:48,0,0,0,伟大，无需多言
217763,9354,靳思远,2025-04-16 06:42:07,0,0,0,超级好老师！
219541,9354,靳思远,2025-05-29 12:00:07,0,0,0,很好的老师
167138,9355,潘一骁,2023-01-15 04:15:26,11,11,0,事少分高，作为老师的第一届学生很幸运！
167202,9355,潘一骁,2023-01-15 05:27:14,54,59,5,潘老师是新来的老师，非常关心学生（无论是生活还是学业），潘老师知道学生得分不容易，力求给学生一个完美的分数。老师很宽容，事情不多，只要认真去做，老师都不会亏待你。选到潘老师的思修课，你就偷着乐吧。
167215,9355,潘一骁,2023-01-15 05:57:14,16,16,0,很好的老师 平时有学业和生活上的事都可以和他交流
168072,9355,潘一骁,2023-01-25 13:50:12,19,20,1,潘老师真的很好，年轻又和善，给分好，认真负责！良渚之行嘎嘎好，认真一定有好分数！作为老师的第一届学生十分幸运！
168206,9355,潘一骁,2023-02-02 08:53:59,5,5,0,给分好
168212,9355,潘一骁,2023-02-03 09:04:10,5,5,0,为小潘老师打call！！
168243,9355,潘一骁,2023-02-06 02:07:37,5,5,0,老师超好，课水分高！！
168258,9355,潘一骁,2023-02-07 04:16:40,5,5,0,超好超赞，道法必去
168291,9355,潘一骁,2023-02-09 13:00:06,2,2,0,为学生着想的好老师
168292,9355,潘一骁,2023-02-09 12:46:23,1,2,1,老师的课很好 非常非常体谅学生 在群里可以像朋友一样相处
168293,9355,潘一骁,2023-02-09 12:54:41,2,2,0,非常有人性的老师（这么说好怪）\n\n总之非常推荐
168294,9355,潘一骁,2023-02-09 13:03:47,6,6,0,潘老师很可爱～
168295,9355,潘一骁,2023-02-09 13:09:23,2,2,0,老师给分挺好，很关心学生，上课也不错~
168296,9355,潘一骁,2023-02-09 13:12:02,3,3,0,潘老师超棒的！！！吹爆！！！
168876,9355,潘一骁,2023-02-23 07:43:10,1,1,0,老师人好
169404,9355,潘一骁,2023-02-26 03:28:09,2,2,0,潘老师真的巨好无比！！！！
169562,9355,潘一骁,2023-02-27 02:28:50,3,3,0,超好的老师！
169672,9355,潘一骁,2023-02-27 10:25:11,2,2,0,这不十分？
169837,9355,潘一骁,2023-02-28 05:49:07,5,5,0,人超级好，温柔有趣，很和蔼！！实践研究课真的走出了校门，和同学们实地考察来着，给分也很好，很幸运成为潘老师的学生www
170190,9355,潘一骁,2023-03-02 02:41:19,2,2,0,温柔和善，很为同学着想
170570,9355,潘一骁,2023-03-07 00:28:58,8,9,1,事少分高，第一届学生真幸运
170902,9355,潘一骁,2023-03-11 17:36:43,4,4,0,这不给10分？
170962,9355,潘一骁,2023-03-13 09:53:26,2,2,0,非常好的老师
171214,9355,潘一骁,2023-03-19 02:21:38,1,1,0,老师超棒的！！！
171622,9355,潘一骁,2023-03-30 08:46:30,3,4,1,老师上课蛮认真的，也很风趣（虽然我只认真听了一节课，对不起老师，作业实在太多），而且给分也超好，4.8真的超爱老师！
172148,9355,潘一骁,2023-04-20 13:08:29,3,3,0,还会给学生发新年好
172205,9355,潘一骁,2023-04-22 01:55:24,3,3,0,潘老师超好的！yyds!
173332,9355,潘一骁,2023-05-19 09:10:19,2,2,0,ten
176138,9355,潘一骁,2023-06-28 02:40:40,2,2,0,老师超级好呜呜呜
179019,9355,潘一骁,2023-08-21 12:51:02,0,1,1,潘老师人特别好，任何问题都可以和他商量，最后给分也很好，使劲捞我们。
180266,9355,潘一骁,2023-09-21 02:01:38,1,1,0,老师很温柔
180315,9355,潘一骁,2023-09-21 05:26:15,0,0,0,潘老师真的超级好！！！
180468,9355,潘一骁,2023-09-22 01:06:51,0,0,0,好好好！
181329,9355,潘一骁,2023-10-14 15:53:24,0,0,0,爱啦！！！家人们选就对了
181543,9355,潘一骁,2023-10-22 07:44:14,0,0,0,好好好！上课无压力
181586,9355,潘一骁,2023-10-23 11:25:25,3,3,0,老师人巨好，个人的一些问他他也会耐心地为我们解决。人长得也巨帅！！
182072,9355,潘一骁,2023-11-09 12:42:22,2,3,1,老师巨好，结课了也会发红包，请大鸡腿
182073,9355,潘一骁,2023-11-09 12:44:20,4,4,0,一骁哥哥我爱你，大学第一个满绩！！！！\n\n人真的很好，还会有很多线下小聚，太喜欢你了宝贝！！
185029,9355,潘一骁,2023-12-26 02:48:26,2,2,0,思政课事最少，作业要求最少的，很好说话很随和的老师，无脑冲就完了
185087,9355,潘一骁,2023-12-26 06:39:15,1,1,0,无敌的
187054,9355,潘一骁,2024-01-14 09:27:17,1,1,0,老师人好，分数不错
187857,9355,潘一骁,2024-01-17 15:09:16,4,4,0,思政课的男神！性格特别好，很年轻的老师还会在课间给我们看b站哈哈哈哈哈。老师的思政课一点都不枯燥，除了教研组硬性要求的作业，事情真的特别少了，老师上课也非常认真，实践课程也特别有趣会带大家出去玩。而且老师的所有决定都是会跟同学们商量大家一起决定的。特别随和的一个帅哥！无脑冲！！！
188070,9355,潘一骁,2024-01-18 07:02:23,14,14,0,伟大无需多言
188071,9355,潘一骁,2024-01-18 07:02:30,5,5,0,老师给分非常好！作业也不算多，选他准没问题！
188077,9355,潘一骁,2024-01-18 07:17:45,4,4,0,潘老师超好，很理解学生，事少分高
188080,9355,潘一骁,2024-01-18 07:20:51,3,4,1,非常好的老师。对我来说是上大学遇到的第一个对思想能有指导的老师。很愿意和学生交流想法。潘老师不仅好在学识和内涵，他还愿意与同学们商量！虽然不太注重课程的知识，当然这也是这门课的弊端吧，很多可以深究的丰富的内容精简的放在一门小课里确实也讲不了什么。给分超级好!给分超级好!给分超级好！
188086,9355,潘一骁,2024-01-18 07:31:15,3,3,0,人很好的老师！
188095,9355,潘一骁,2024-01-18 07:48:34,3,3,0,老师人好事少，给分也很好！
188099,9355,潘一骁,2024-01-18 07:53:19,15,15,0,老师给分很好，乐于与同学们交流，上课不拘泥于课本，现场教学就是带着大家出去玩。
188109,9355,潘一骁,2024-01-18 08:05:45,8,8,0,马尧老师，您是我的神！！！\n\n讲课很温柔，课堂也经常会有各种很有意思的宣讲，事情很少，给分也很好！！！
188115,9355,潘一骁,2024-01-18 08:33:26,3,3,0,伟大的老师，伟大的大鸡腿
188169,9355,潘一骁,2024-01-18 10:07:11,1,1,0,伟大的海底捞
188241,9355,潘一骁,2024-01-18 13:09:29,1,1,0,芜湖！我满绩了！马尧老师必须无脑冲冲冲，事少分高，最重要的是非常关心学生！
188395,9355,潘一骁,2024-01-19 01:59:06,5,6,1,非常好的老师！很会和同学沟通，作业要求ddl什么的都在课上和大家商量。作业很少，点名也不多，最重要是给分超级超级超级超级好！！！！！吹爆潘老师！快来选！
188597,9355,潘一骁,2024-01-19 10:45:43,1,1,0,超棒!
188709,9355,潘一骁,2024-01-19 15:45:04,0,0,0,无需多言！老师很好！
188718,9355,潘一骁,2024-01-19 16:35:00,0,0,0,老师真的是我男神，事少给分好，还会请吃大鸡腿，真的别太爱了
188981,9355,潘一骁,2024-01-21 04:29:53,0,0,0,好老师！
188985,9355,潘一骁,2024-01-21 04:43:14,3,3,0,上课轻松，幽默，不点名。作业和任务会和同学商量（比如说读书报告的字数）很赞
189072,9355,潘一骁,2024-01-21 14:53:05,6,7,1,老师很年轻，看得出来想尽力用自己的方式改变大家对思政类课程普遍敷衍的态度。老师的任务量很小，读书报告字数和我们商量之后定在1200字，志愿服务报告也不需要我们写过多的说明（有些班好像要写一千字？）。但是学弟学妹们请注意，思想道德与法治这门课程一定要注意平时分，因为它的期末完全拉不开差距。初入大学的我对此没有深刻的认识，没有注重上课发言（其实完全没有发言），选小组的时候不够主动，最后组建的小组很多组员摆烂，导致研究性学习不够理想。大家都说老师给分好，但我因为自己平时不够积极并没有获得很好的分数。但是老师还是很赞的。
189711,9355,潘一骁,2024-01-27 07:38:29,0,0,0,马老师yyds！
189926,9355,潘一骁,2024-02-02 15:23:44,0,0,0,一切尽在不言中，好！
190016,9355,潘一骁,2024-02-09 05:34:16,2,2,0,老师真的和善温柔，体谅学生
190018,9355,潘一骁,2024-02-09 09:55:20,14,15,1,过年会给学生发红包\n\n还会私发新年祝福\n\n真的是很好的老师\n\n期待老师早日9.9+
190020,9355,潘一骁,2024-02-09 14:01:32,1,1,0,如果上课能再有趣点就好了
190067,9355,潘一骁,2024-02-18 14:38:55,0,1,1,给分很好
190097,9355,潘一骁,2024-02-21 13:09:03,0,0,0,yyds！
190474,9355,潘一骁,2024-03-05 09:54:31,1,1,0,老师为人还是很好的！
190643,9355,潘一骁,2024-03-13 02:24:23,7,8,1,潘老师体谅学生是真的，会设置读书报告字数上限，但是我感觉有点卷发言……我在的班级里发言卷得巨厉害。我没发过言，最后绩点4.2，好像这个绩点在潘老师班里算比较低的？
191042,9355,潘一骁,2024-03-29 11:28:46,0,0,0,潘老师的课，上课轻松愉快，事少，给分也不错
191226,9355,潘一骁,2024-04-12 14:59:15,0,0,0,好好好！ten！
191478,9355,潘一骁,2024-04-23 11:34:08,3,3,0,我爱潘老师
191495,9355,潘一骁,2024-04-23 15:49:38,0,0,0,非常好的潘老师！！！
191496,9355,潘一骁,2024-04-23 15:49:39,0,0,0,非常好的潘老师！！！
192139,9355,潘一骁,2024-05-10 02:22:37,2,2,0,一年多过去了，上了很多很多老师的课，忽然觉得大学里有更多像潘老师这样关心学生的老师就好了
192750,9355,潘一骁,2024-05-30 04:56:42,0,0,0,大学第一节课就是潘老师上的，简直是太酷啦。天下第一老师哈哈哈。选上他的课你就偷着乐吧
193097,9355,潘一骁,2024-06-03 11:38:48,0,0,0,很好很好的老师
194374,9355,潘一骁,2024-06-23 12:12:47,0,0,0,超好！！！！！！
195533,9355,潘一骁,2024-06-28 16:27:47,0,0,0,十分！不解释！
197979,9355,潘一骁,2024-08-29 09:28:33,0,0,0,好好好！
198203,9355,潘一骁,2024-09-04 23:46:32,0,0,0,事情少，好商量，给分高
198601,9355,潘一骁,2024-09-10 07:31:17,2,2,0,人巨巨巨巨巨巨巨好！！！10分不多说了🤓👆
198606,9355,潘一骁,2024-09-10 07:46:57,1,1,0,老师特别特别好呀
198607,9355,潘一骁,2024-09-10 07:49:38,0,0,0,很牛逼
198613,9355,潘一骁,2024-09-10 08:19:53,3,3,0,第一节课就爱上，唯一真神。已经是我男神了。只可惜上完思想道德与法治就没了……强烈建议所有的思政课都有潘男神的身影！！！我一定拼劲尽全力抢
198689,9355,潘一骁,2024-09-11 01:35:56,0,0,0,潘男神第一节课就征服我了，太好了！
198728,9355,潘一骁,2024-09-11 06:54:36,1,1,0,好人，无需多言
202341,9355,潘一骁,2024-11-12 01:08:33,0,0,0,真的是好老师！！！！上潘老师的课是我的幸运！
203792,9355,潘一骁,2024-11-21 05:41:29,1,1,0,潘老师人超好，新中特候选上了，简直是课程之光
203808,9355,潘一骁,2024-11-21 07:12:22,0,0,0,非常非常好！
204531,9355,潘一骁,2024-11-26 12:38:26,0,0,0,讲课非常有趣，事少而且很好相处，超级喜欢
205083,9355,潘一骁,2024-12-01 06:52:18,0,0,0,老师人真的好好啊！
205149,9355,潘一骁,2024-12-02 07:05:28,3,3,0,放心选
205698,9355,潘一骁,2024-12-11 09:15:36,1,1,0,伟大啊
206167,9355,潘一骁,2024-12-13 06:56:55,2,2,0,神中神
207692,9355,潘一骁,2024-12-24 01:27:45,3,3,0,潘老师讲课非常温柔，思政课也不是很无聊的照本宣科，人好事少
207853,9355,潘一骁,2024-12-24 13:23:13,3,3,0,男神！非常好说话，非常亲切，课堂很有趣，不枯燥，像是我们的大朋友！
208046,9355,潘一骁,2024-12-25 10:12:10,5,5,0,选中包放心好了
208047,9355,潘一骁,2024-12-25 10:20:24,1,3,2,最后一节课老师会现场一对一点名欧，美其名曰认识认识，大家一定要去欧（很棒的老师）
208051,9355,潘一骁,2024-12-25 10:34:12,5,5,0,神中神
208256,9355,潘一骁,2024-12-26 11:39:01,6,6,0,伟大无需多言，选他就完事了！
208773,9355,潘一骁,2025-01-01 15:24:01,2,2,0,伟大无须多言
208843,9355,潘一骁,2025-01-02 11:51:51,2,2,0,王者之风
210618,9355,潘一骁,2025-01-09 12:38:40,1,1,0,潘老师真的非常好！10分！事情不多，只有必要的教学任务，期末会划重点，给分也好
210866,9355,潘一骁,2025-01-10 05:45:40,2,2,0,太棒了老师(｡･ω･｡)很好玩的老师，上课也不枯燥会给我们分享很多好玩的，大爱马一一老师
211694,9355,潘一骁,2025-01-12 07:53:04,2,3,1,特别特别好的老师！！关心学生事少分高，讲话幽默风趣，特别可爱！
211699,9355,潘一骁,2025-01-12 08:21:32,3,3,0,给潘男神打满分
211703,9355,潘一骁,2025-01-12 08:24:11,8,9,1,伟大，无需多言，让你知道，什么叫选择大于努力。论文是设置上线字数的，作业是会考虑考试周压力的，小时数是不要求的，钉钉是秒回的，上课是活泼有趣的，给分是真的合理的。抱歉，我是潘老师的🐶。但是老师可能真不知道我是谁，毕竟德法课那么多人。ಥ_ಥ但是潘老师选了他的课，不会让你失望的。球球再让我上他的课吧
211722,9355,潘一骁,2025-01-12 09:11:55,2,2,0,好老师！上课好！而且给分超级好！
211726,9355,潘一骁,2025-01-12 09:25:12,2,2,0,伟大，无需多言
211730,9355,潘一骁,2025-01-12 14:11:56,2,2,0,伟大无需多言，潘老师我的神
211766,9355,潘一骁,2025-01-12 11:01:11,3,3,0,男神，特别善解人意\n\n平常事也很少\n\n和室友都被捞到了4.5🥰
211769,9355,潘一骁,2025-01-12 11:18:27,2,2,0,伟大无需多言，要做的事情少少的，给的要求清清楚楚，一点都不麻烦，而且确实是在上课的时候想要教给我们一些东西，辩证性的时事思考也好，ai的合理使用也罢。我室友写读书报告都是我给她讲的潘老师教我们的格式。小组同学也很给力（不过这个可遇不可求？），总体上课体验很好，强力推荐。
211773,9355,潘一骁,2025-01-12 11:27:17,4,4,0,怎么好意思让我爹的评分在9.9？？？快来助力收敛于10
211774,9355,潘一骁,2025-01-12 11:31:06,1,1,0,伟大的潘老师！
211885,9355,潘一骁,2025-01-13 01:10:39,1,2,1,事少给分好
211912,9355,潘一骁,2025-01-13 01:42:45,1,1,0,男神无需多言
211981,9355,潘一骁,2025-01-13 03:29:34,-6,2,8,分高在哪？？勤勤恳恳每节课都去小组作业现场教学志愿者服务研究性报告认真写 期末考试抄到最后一个走告诉我就3.9？\n\n你说分高在哪
212228,9355,潘一骁,2025-01-13 13:26:09,1,1,0,老师给分很好，第一个满绩。我们研究性小组成员配合好认真付出，小组整体分都挺高的
212303,9355,潘一骁,2025-01-14 01:08:50,0,1,1,事少分多，人有趣，亲民点名没办法。学校要求点名，但每次点名都会争取学生意见，作业少，上课还喜欢听同学们发表个人观点，最重要的是给分巨好🥰🥰🥰
212459,9355,潘一骁,2025-01-14 04:44:22,0,1,1,潘老师是我的神，选上潘老师的课就乐吧
212649,9355,潘一骁,2025-01-14 10:36:48,0,1,1,伟大无需多言
212883,9355,潘一骁,2025-01-15 06:59:52,-3,1,4,老师人很好，但我为什么只有3.9
213960,9355,潘一骁,2025-01-22 06:33:31,0,0,0,男神！给分无敌，预制他的德法就偷着乐吧！！
214211,9355,潘一骁,2025-01-28 14:11:47,2,2,0,老师超级好，事情少给分高\n\n研究性学习什么的应该都是德法课的统一要求\n\n老师今年除夕还在微信发新年快乐\n\n哭死\n\n老师是青椒 所以评教的时候大家的评分还是很重要的
214213,9355,潘一骁,2025-01-28 14:48:08,0,0,0,老师真的特别好！！！过年私发了新年祝福！！！真的很感动！！！遇上潘老师的有福了🥰🥰
214779,9355,潘一骁,2025-02-18 01:39:03,1,1,0,潘老师人真的超好，给分好，平时上课非常平和，一个学期只点了一次名，过年甚至给我发了祝福，超级超级好的老师
216404,9355,潘一骁,2025-03-15 15:54:58,0,0,0,老师人真的好好
173252,9356,彭双贞,2023-05-17 03:12:23,21,27,6,老师非常好，学识渊博，很为学生着想
174194,9356,彭双贞,2023-06-07 07:59:59,8,11,3,贞哥！贞哥！yyds
174363,9356,彭双贞,2023-06-10 15:44:30,20,23,3,非常非常好的老师 ！真的很为学生着想和减负。是个年轻老师，非常真诚，所有的考核都尽量想着让大家以轻松的方式度过，可以看出有非常认真地备课，不管是对专业还是对教学都充满热情，很希望学生能够多多互动，但同时也很照顾社恐不爱发言的同学，提供了大量的机会完成课堂互动而且都不会很难。因为我对马原不是非常懂，不能对老师上课内容本身做十分客观的评价，但从我个人来说，真的很喜欢这种愿意为学生考虑同时在泥去跟他探讨问题的时候全力回答你的老师。
175965,9356,彭双贞,2023-06-27 09:39:43,5,5,0,老师学识很渊博，各种哲学观点旁征博引，认真听课的话会很爽！从第一节课就说“我们是快乐学习”，平时一次小测，两次回答问题/提问，真的很快乐！
175975,9356,彭双贞,2023-06-27 10:47:47,-25,4,29,求是，
179527,9356,彭双贞,2023-09-18 02:43:22,4,5,1,老师真的很好，第一节课就觉得很不一样！希望十六周以后也能这样觉得🙏🏻
183200,9356,彭双贞,2023-11-22 15:58:18,4,4,0,本来感觉评分看不到 挺不放心的 听了半学期感觉老师人是真好
184812,9356,彭双贞,2023-12-23 04:30:22,3,3,0,特别好
186107,9356,彭双贞,2024-01-08 11:54:43,3,3,0,快乐学习，为学生着想\n\n讲课井井有条，幽默风趣，大师风范\n\n我见过的最好的思政老师！！！
186641,9356,彭双贞,2024-01-12 09:22:41,6,6,0,彭老师真的很好555。讲的很好很生动，可以看出学识真的很渊博，讲的也都是和知识点和重点有关的内容不会扯东扯西，平时事情很少，一般不点名，但平时分也给的很高。最后一节课答疑没人问问题还会下去一个一个问有没有问题，没有问题的话还会告诉你应该怎么准备考试，他真的，我哭死，选他选他选他！！
186734,9356,彭双贞,2024-01-13 01:04:51,7,7,0,很可爱～真的有考虑到上课不爱举手发言的同学。\n\n“你知道我喜欢吃什么吗”\n\n“你知道我为什么喜欢吃鱼头吗”\n\n哈哈哈哈哈哈哈上课就记得土味情话了
186843,9356,彭双贞,2024-01-13 08:34:54,3,3,0,老师上课超级细致有耐心，最后还会带着我们复习
187015,9356,彭双贞,2024-01-14 07:02:59,5,5,0,老师真的尽可能给大家减负我真的哭死 \n\n出分了 我的神 看出来真的捞得很用力😍
187018,9356,彭双贞,2024-01-14 07:16:57,4,4,0,无敌好老师！ 讲的好 特别为学生着想！！！
187019,9356,彭双贞,2024-01-14 07:18:43,6,6,0,老师人真的太好了🥹！！特别为学生着想也很反卷，事少分高的模范思政老师🤤🤤
187020,9356,彭双贞,2024-01-14 07:21:21,3,3,0,特别优秀的好老师，大赞！！！！！！！！！！
187028,9356,彭双贞,2024-01-14 07:49:28,11,11,0,必须给老师满分！马原事是真的真的少，少到我幸福极了，特别是和好多同学别的班比起来，没听过比彭老师任务更加轻松的了，很为学生考虑，平时分给的很好，完全不用卷平时分，而且努力不占用大家时间，讲课也讲的很有趣，都给我选他！
187031,9356,彭双贞,2024-01-14 08:03:09,2,2,0,好
187038,9356,彭双贞,2024-01-14 08:22:04,4,4,0,很好的老师，马原课事少 除了教务处要求的任务一概没有，教务处要求的任务也尽可能减轻同学的负担
187040,9356,彭双贞,2024-01-14 08:29:06,3,4,1,照顾同学的感受，让答错问题的同学不尴尬，上课循循渐进，把原本晦涩的知识讲的通俗易懂\n\n为人风雅，课程任务量适中，课间耐心回答同学的问题，在期末考试拉同学一把，真的是很好的马原老师\n\n总之，我给彭老师10分是因为查老师只有10分，在我心里彭老师是 the best√
187045,9356,彭双贞,2024-01-14 08:56:49,2,2,0,真的是好老师，哭了
187068,9356,彭双贞,2024-01-14 09:48:54,2,2,0,看得出来狠狠捞了，很感谢老师，虽然马原很少听课，但偶尔听一下就会发现老师准备的很认真，也很关心同学的学习情况和学业压力，真的真的很真诚的老师
187076,9356,彭双贞,2024-01-14 10:50:12,1,1,0,彭老师真的特别特别好！！！真的很考虑学生的感受，很体谅大家，\n\n任何人没有上过老师的马原我都会伤心wwwww\n\n平时没有什么事情，期末给分也很好！！！\n\n真的很用心地在捞每一位同学，\n\n遇见彭老师是我的福气！！！\n\n给老师打满分!!!!特别好 特别爱！！！
187081,9356,彭双贞,2024-01-14 11:24:39,0,0,0,课讲得好人也很好，非常关心学生，对同学们体贴也很体谅大家，i了i了
187089,9356,彭双贞,2024-01-14 11:47:20,2,2,0,psz真的绝世好老师  基本啥事没有   很为学生着想   恨不得任务帮我们做了  给分也特别特别好
187096,9356,彭双贞,2024-01-14 12:45:06,0,0,0,非常可爱的老师
187627,9356,彭双贞,2024-01-17 02:09:08,2,3,1,真的很喜欢双贞老师，很为学生着想，反内卷战士，选他的课绝对幸福！！
189392,9356,彭双贞,2024-01-23 18:19:45,0,1,1,彭老师的马原不教考分离 听一个星期5.0拿下
189912,9356,彭双贞,2024-02-02 08:46:15,0,0,0,超级好
190352,9356,彭双贞,2024-02-28 10:31:46,0,0,0,老师人特别好，给分也很不错，事情很少，只要好好完成论文和小组展示都不会差的，谢谢老师~~
190434,9356,彭双贞,2024-03-04 01:07:44,0,0,0,彭老师你是我的神
190576,9356,彭双贞,2024-03-10 01:31:45,1,1,0,好好好
191012,9356,彭双贞,2024-03-28 02:13:31,6,6,0,太爱太爱太爱太爱彭老师了！！！！！真的不夸张的说，真的是目前为止最最最最最最喜欢的一个老师！！！！人也好好的！！！超级可爱！！！超级超级超级欣赏！！！！！
194672,9356,彭双贞,2024-06-25 02:21:26,5,5,0,教考合一的神，太为学生考虑了，老师上课也讲的非常好，春夏学期刚出分帮顶！
194676,9356,彭双贞,2024-06-25 02:27:02,1,1,0,psz我的神！爱死了
194678,9356,彭双贞,2024-06-25 02:29:34,2,2,0,使劲冲
194679,9356,彭双贞,2024-06-25 02:30:41,0,0,0,上课回答两次问题，期末按照老师的方法复习了一天半4.5，比较满意
194688,9356,彭双贞,2024-06-25 02:40:12,16,16,0,啊啊啊呜呜呜psz我真的太爱你了！！！！真的是所有的课里遇到的最好的最好的没有之一的老师，老师的教学理念完完全全契合我对学习秉持的态度和追求，鼓励我们要快乐地学习，不要有太大的压力和负担，不用太卷，真的提供了特别特别特别好的情绪价值，真的特别特别特别幸运能够遇见这样一位天使般的老师，还有老师最后一节课带着大家认真复习划重点真的实用！！！老师给咱们押对了好多题！！！！老师也超级超级超级可爱啊啊啊跟个小包子一样好喜欢呜呜呜，希望老师一切顺利，天天开心！！！！！
194708,9356,彭双贞,2024-06-25 04:15:35,0,0,0,天使！！！
194755,9356,彭双贞,2024-06-25 09:17:08,4,4,0,线下和智云听了老师复习课两遍，背了老师强调的重点，收获了很满意的分数，选课的时候老师只有8.8分，有幸捡漏，现在要给老师刷到十分
194830,9356,彭双贞,2024-06-25 14:37:47,-4,0,4,.。。
195057,9356,彭双贞,2024-06-26 14:15:18,0,0,0,很好，很用心的老师~
195213,9356,彭双贞,2024-06-27 08:28:37,0,0,0,是个为学生考虑的好老师呢，10
195417,9356,彭双贞,2024-06-28 03:54:49,4,5,1,老师讲课还可以的，一学期点两次名，一次全开卷小测（可以带电子设备）两次回答问题，一次小组展示，最后一节复习课简直神中神，点了五六个大题重点，三个大题都考到了，psz老师你是我滴神
195531,9356,彭双贞,2024-06-28 16:10:52,0,0,0,超级好，很体谅学生
198481,9356,彭双贞,2024-09-09 07:25:42,1,1,0,老师上课认真，人超级温柔，最后一节课还会一个一个同学问在复习的时候遇到什么问题
198714,9356,彭双贞,2024-09-11 05:43:17,1,1,0,老师太好了，太帅了，最好的老师!
205448,9356,彭双贞,2024-12-06 11:15:59,0,0,0,我真的爱他！！！
207724,9356,彭双贞,2024-12-24 03:50:57,9,9,0,老师是非常非常为学生着想的老师，最后一节课也会讲鼓励大家复习的知识点（doge
207850,9356,彭双贞,2024-12-24 13:07:47,6,6,0,最后一节课老师带我们过完知识点后走下讲台，走到在座的每位同学身边弯下腰耐心询问对复习还有没有什么问题，让我甚至感到我不认真复习考一个好成绩都对不起这样一位温柔负责的好老师，这样一个耐心和谦逊的老师值得一个10分。
209555,9356,彭双贞,2025-01-06 08:47:49,2,2,0,感觉挺求是，但老师人很好
209559,9356,彭双贞,2025-01-06 08:51:08,4,4,0,满昏，有点名（不过只要去就能补上，所以可以下课再去，2次），一次小测（全开卷，让用手机等），展示一次，读书报告一篇（很水），重点会画，满分老师
209593,9356,彭双贞,2025-01-06 10:22:09,9,9,0,事少分高，最后一节课的划重点讲答题方法真的很有用。对于平时成绩的话，小组展示评分是小组互评形式的30分保底25分，上课课堂参与分要求两次回答问题，但是最后如果还没拿满的话可以在小测时写课程建议的方式代替（就是说每个人的课堂参与分都能拿满），一学期不定期点了两次名，小测一道主观题开卷可以查手机，平时课程压力很小，真的很适合我们苦逼工科生。老师人真的很好，为学生着想，上课也很有趣，冲冲冲！
209594,9356,彭双贞,2025-01-06 10:24:16,9,10,1,他只有二十多岁但是不妨碍我喊爹
209658,9356,彭双贞,2025-01-06 12:20:32,2,2,0,事少分高
209699,9356,彭双贞,2025-01-06 15:40:38,2,2,0,满昏老师选他选他，一切交代的非常详细，最后一节课最重要！
209789,9356,彭双贞,2025-01-07 06:10:02,4,4,0,最好的思政老师，我爱你彭双贞老师啊啊啊，第一节课以为老师是助教还是学生咋走上讲台干啥hhh，早八还碰到老师骑着小电驴来上课哈哈哈哈，老师人很好，讲课也很有意思，就是长得真的很显小哇特别像学生
209976,9356,彭双贞,2025-01-07 16:17:06,2,2,0,超级好的老师，讲课很有激情，侃侃而谈，旁征博引，学富五车的感觉。虽然我听课不多，但为数不多听的几节真的被吸引到了！！！期末划重点超级有用，教的答题方法真的让人茅塞顿开！平时分估计给的挺高的，最后成绩主要看期末卷面发挥吧
210003,9356,彭双贞,2025-01-08 01:23:20,4,4,0,事少分高 重点划的太好了惊为天人\n最后也很能捞老师捞王应该由你来开\n平时上课听了几节，讲的真的挺好！大家可以听听szgg的课的！然后回答问题完他还会给你总结陈词不让你的话掉在地上，伟大无须多言❤️‍🔥❤️‍🔥
210415,9356,彭双贞,2025-01-09 06:36:09,5,5,0,基本不点名\n\n讲课深入浅出，会尽可能地让思政内容能吸引大家，是比较年轻的老师，会一本正经地玩梗，会创造机会让同学们完成发言任务\n\n很为学生着想，会画重点，会一个一个询问有没有复习困难\n\n会捞\n\n满分！预制到他的马原就偷着乐吧
212128,9356,彭双贞,2025-01-13 08:30:18,2,2,0,重点划得超准
212703,9356,彭双贞,2025-01-14 13:50:04,6,6,0,重点划超准，事少分高谁不爱
219421,9356,彭双贞,2025-05-27 04:36:28,1,1,0,选上老师的课啦，期待
220065,9356,彭双贞,2025-06-14 11:49:00,1,1,0,因为他是psz，所以10分，好喜欢（不接受反驳
170255,9357,孙冲亚,2023-03-02 09:12:39,-3,9,12,孙老师yyds
172507,9357,孙冲亚,2023-04-28 06:11:11,-2,8,10,很好的一位老师
174527,9357,孙冲亚,2023-06-13 15:28:03,-3,7,10,感觉老师挺好的
175471,9357,孙冲亚,2023-06-25 06:26:00,1,7,6,老师很好
175480,9357,孙冲亚,2023-06-25 07:18:52,29,37,8,虽然成绩没我想的那么好，但是老师人确实很好，提问环节也比较轻松，很温柔的老师捏
175721,9357,孙冲亚,2023-06-26 10:16:28,9,14,5,给分一般
175724,9357,孙冲亚,2023-06-26 10:16:40,3,5,2,给分不太好
175781,9357,孙冲亚,2023-06-26 14:33:04,3,6,3,老师给分有点不好捏
175782,9357,孙冲亚,2023-06-26 14:33:35,17,35,18,给的什么破分，我简直会谢
175826,9357,孙冲亚,2023-06-27 01:33:16,-8,3,11,老师挺好的
175874,9357,孙冲亚,2023-06-27 04:33:17,1,3,2,给分一般般，但老师人还是很好的，上课氛围也比较轻松
176411,9357,孙冲亚,2023-06-28 18:14:26,7,16,9,老师人很好，年轻，谦虚。课程本身无聊，但可以水。\n\n作业略多，一个口述史，一个课程论文，一个历史剧，\n\n个人理科生，高中没学过历史，口述史课程论文写的很认真，课上回答过两三次问题，最后开卷考裸考，得了4.2。虽然挺努力了，但是水平确实有限，分数算恰如其分吧
179474,9357,孙冲亚,2023-09-16 15:09:39,2,4,2,这个班平时主要有口述史、小组表演、课程论文啥的，听说其他班是有线上课可以水，但我们班不知道为啥没有换成了口述史。感觉可能是因为老师是新来的，给分没有很好？
179626,9357,孙冲亚,2023-09-19 02:16:39,5,7,2,老师给分不错，人很亲和有趣，讲课内容有点无聊。上课摆烂几乎没有发言，小组作业中规中矩，最后4.5（可能老师比较看重口述史和论文）。总体来说上这门课还挺轻松的。
179630,9357,孙冲亚,2023-09-19 02:42:48,0,2,2,挺无聊的，声音不大不爱用话筒，坐后面基本就不用听了。老师人还行吧，比较随和，年纪不大。
180320,9357,孙冲亚,2023-09-21 05:38:00,8,13,5,真离谱
180327,9357,孙冲亚,2023-09-21 06:23:53,2,6,4,老师是好老师，就是上课太无聊了
180967,9357,孙冲亚,2023-09-29 16:40:34,0,4,4,一个史纲课至于吗…不用这么较真吧…
181838,9357,孙冲亚,2023-11-02 03:55:53,1,4,3,好好好
184315,9357,孙冲亚,2023-12-16 16:45:49,3,4,1,...
184407,9357,孙冲亚,2023-12-19 04:13:52,4,10,6,能润则润
184504,9357,孙冲亚,2023-12-21 06:08:29,3,12,9,sb老师，真别选
184842,9357,孙冲亚,2023-12-23 11:05:19,20,26,6,事情太多了，又是论文，又是口述史访谈，上课无聊
185972,9357,孙冲亚,2024-01-07 02:58:52,6,10,4,上课内容还行，虽然略显无聊，但也没有很逆天。但是事情太多，口述史、课程论文，小组展示居然还优先剧本表演要拍一个视频，能润则润吧
186355,9357,孙冲亚,2024-01-10 15:05:41,4,12,8,快跑吧
186799,9357,孙冲亚,2024-01-13 06:03:54,1,4,3,还愿，四史课让我过了
186975,9357,孙冲亚,2024-01-14 03:54:19,-2,6,8,srds觉得党史课真的事少分高啊 不知道为啥分这么低 老师感觉也挺好的，没干啥别的最后4.8
187209,9357,孙冲亚,2024-01-15 05:07:58,-1,7,8,老师真的很温柔，期末前会给高中没选历史的同学普及答题技巧，书没看也不至于一点底没有去考试，小组作业还是比较恶心的，主要是看你的运气能不能分到比较好的同学，评分是同学互评很好
188094,9357,孙冲亚,2024-01-18 07:48:23,5,16,11,史纲课事多，给分差。上课没问题，略显无聊。最后一次课居然还点名，1分
188134,9357,孙冲亚,2024-01-18 09:03:42,2,7,5,史纲课，上课念PPT，给分不好容易卡绩，小组展示要求学生互评，小组作业基本上强制要求课本剧（大概率为了提高自己的观感），事情很多会不定期点名，快逃！
188178,9357,孙冲亚,2024-01-18 10:38:58,2,9,7,（绩点4.5）有一说一，老师上课水平一般般，给分一般，事情比较多。但是，老师人确实很好，也比较亲和！楼下有些恶评实在是有点过分了个人觉得。大家自行估量吧。
188195,9357,孙冲亚,2024-01-18 11:29:11,0,4,4,老师很不错，人也很温柔，论文和小组作业认真做了，期末考试三大历史决议没写出来分也挺不错的
188220,9357,孙冲亚,2024-01-18 12:27:33,-1,3,4,给分不错
188257,9357,孙冲亚,2024-01-18 13:38:57,9,17,8,【史纲4.2】讲课一般，念PPT，视频挺多的。作业种类多，有口述史，有课程论文，有小组展示，口述史和课程论文字数要求不多，前者最多2500，后者最多3500。小组作业比较恶心，拍一个历史小短剧，而且老师按专业分小组这个操作确实逆天，一个组全是工科男拿啥和全社科小组竞争？不过这次我们班上打分都比较温柔。老师人挺好，平易近人，下午的课看见同学打瞌睡也说的是：“课程时间安排的不好，困的可以睡一会”。上课写其他科作业也无所谓。不定期点名，有一次用在学在浙大上回答一个问题作为点名。上课会问问题，回答后下课会记名字加平时分。不捞人（他捞的方式是最后两节课多提问让大家多回答）。\n\n总而言之，老师现在5.几的评分有点低了，真实分数7到8分吧，明白评分细则，认真完成作业，多回答问题（整学期我只回答了1个），期末开卷，也没必要买什么资料，多熟悉熟悉教材就行了。（本学年被“三大决议”薄纱了）
188324,9357,孙冲亚,2024-01-18 15:49:40,3,5,2,课是无聊的，别的老师一般都是口述史，课程论文，小组拍摄视频三选二，老师是全都要做的。分组是随机的，小组成员是拖后腿的，老师人不错，但给分真的相当一般，平时认认真真完成作业，最后还绩杀，如果有可供选择的机会，还是仔细思考一下。这种作业很主观的课，如果是为了高绩点，选一个给分好的老师比什么都重要，快逃！
188516,9357,孙冲亚,2024-01-19 06:43:46,10,17,7,我挺喜欢的\n\n老师是好老师呀\n\n虽然我最后因为开卷考的那个三大决议被薄纱了\n\n但是其实老师真的挺好的\n\n很好说话嘟\n\n而且经常鼓励我们\n\n历史剧虽然事情有点多还是有收获的
188963,9357,孙冲亚,2024-01-21 01:32:18,10,13,3,反正最后分数挺难看的
189145,9357,孙冲亚,2024-01-22 07:04:08,4,6,2,老师只教过两个学期的史纲，经验可能不足。老师上课基本上是念PPT（第一节课似乎还讲了一些东西），上课很催眠，但是上课可以比较随意。平时会有纸质和雷达点名，计入平时分。平时上课发言计分，并且这学期有一次可以用浙大钉文字回答问题代替，最后几节课会多提供一些回答问题的机会。我私下问过老师，发言两次并且考勤没问题，平时分直接给满。老师的平时任务比较繁重，有课程论文+口述史+小组展示。如果真正对课程感兴趣，这些作业其实是很有意义的。特别是口述史，给人一次难得的和家人深入交流的机会。老师说过课程论文并不需要我们有太多见解，因为他也理解本科生不可能写出来很深刻的东西，论文也不会进行查重。小组展示要求拍摄历史剧的视频，有两节展示课，打分的时候最低90分，最后分数组内分配。老师人是很好的，平常上课虽然无聊但是很体谅我们上课摸鱼，我私下问过他几次问题也耐心给我解答了，还配合我完成了思修的一项调查，为了给同学们更多时间完成作业，更改过作业的截止时间。我想说捞人不是老师的本分，最后总评分数差一些很可能是自己的问题，况且孙老师的平时分打分应该还是不错的。老师相对于其他史纲老师确实要差一些，给分一般，上课很差，任务很重，但是如果实在换不了老师也不用太过担心。我期末三大决议全错，但是总评也不差。老师现在只有5.72分，比我选课时低了一分多，但我觉得老师可以打7-8分。
189929,9357,孙冲亚,2024-02-03 02:39:29,7,9,2,孙老师会不定期点名，但是他是接受补签的。作为新手老师，教授新课可能还有不到之处，但是上课也是很认真的。作业布置的任务量蛮重，助教小姐姐会把不合格的作业打回来重写，个人觉得蛮负责的。
190037,9357,孙冲亚,2024-02-13 02:31:16,9,14,5,怎么评分这么低😨这老师人超级好的呀…很温柔的老师
190099,9357,孙冲亚,2024-02-21 16:13:53,-1,6,7,老师的给分不错，上课可以水，任务比较多但是老师人真的很好。
190132,9357,孙冲亚,2024-02-23 12:24:10,-3,7,10,史纲4.5，讲课一般，给分一般，老师人很好很亲和，中规中矩
191044,9357,孙冲亚,2024-03-29 15:29:43,3,9,6,给分差
191195,9357,孙冲亚,2024-04-11 10:46:50,0,7,7,讲的无聊还给分差
192115,9357,孙冲亚,2024-05-09 09:40:50,0,4,4,作业是有点多但是老师人很好诶
192848,9357,孙冲亚,2024-05-31 03:59:42,0,3,3,老师还是蛮好的
194867,9357,孙冲亚,2024-06-25 18:23:22,0,3,3,老师人是很好的～\n\n五一劳动节放假那天，很多同学没来，他说点一个名，到了的同学记一次发言，（没到的同学大概是没有惩罚了）\n\n就是给发于我而言有点烂烂的（自认为比较擅长在思政类的课拿高分，比如思想道德与法治总评是97，但是史纲是90）感觉口述史和论文都很用心写了呀～\n\n最后还是很感谢老师的教导，还有小组展示时认真聆听的同学，真的很感动
195055,9357,孙冲亚,2024-06-26 14:11:38,2,3,1,老师人很好啊，很温柔的老师，上课也很细致负责就是无聊了点，平时分就是口述史+课程报告+小组展示，挺轻松的，不错的史纲课
195129,9357,孙冲亚,2024-06-27 01:55:32,-3,1,4,给分依托。
196560,9357,孙冲亚,2024-07-04 05:34:18,9,10,1,我觉得孙老师人真的很好，很负责，讲课也很认真，可能是因为是新老师，所以授课经验稍微有些欠缺，上课趣味不足，给分也比较求是。作业有点多，不过认真做还是能收获很多的。平心而论6分不到有点低了，给老师打8分了。
197866,9357,孙冲亚,2024-08-17 00:32:54,7,7,0,老师很好
198821,9357,孙冲亚,2024-09-12 02:31:32,2,2,0,老师人挺好的(￣▽￣)
198988,9357,孙冲亚,2024-09-13 15:47:42,-1,1,2,给分不好
208309,9357,孙冲亚,2024-12-26 16:48:05,4,4,0,很温柔的老师
208509,9357,孙冲亚,2024-12-28 15:04:55,2,2,0,老师很好，最后一节课给我们说了毛泽东寄语，很温暖的老师。
211191,9357,孙冲亚,2025-01-11 03:54:00,2,2,0,老师虽然上课比较催眠，但是总体上讲的课程还是很有意义的。点名次数很少，上课会给许多回答问题的机会。平时分基本就是考勤发言，口述史（采访家人还原历史细节），课程论文，小组展示拍情景剧，也挺有意思的。最后期末考试被狠狠捞了，感谢孙老师！我觉得老师评分8分左右应该是正常水平。
211199,9357,孙冲亚,2025-01-11 04:04:52,2,2,0,爱你，真的好，不论是上课提问还是期末成绩真的好！！私信也会及时回复，真心爱你
211209,9357,孙冲亚,2025-01-11 04:30:27,2,2,0,这个学期运气最好的事情就是没有抽中其他史纲老师的课！给老师打差评的人真的有上过课吗…最后一节课的掌声已经能说明很多了吧…实在忍不住把每个恶评都点了踩
211241,9357,孙冲亚,2025-01-11 05:08:24,-1,1,2,老师人很好，但是给分相比其他老师貌似不太好
211430,9357,孙冲亚,2025-01-11 11:40:02,3,3,0,老师很温柔儒雅，声音也很好听，老师最后一节课说：“大家不用担心，我知道现在同学们的内卷程度，我会给同学们分数打得高高的哈”上课尽量会让每个人都有回答的机会，最后身边的人基本都是、我也是绩点4.5，考试周翻翻书，开卷考试挺好的，给分不错，
211767,9357,孙冲亚,2025-01-12 11:11:03,2,3,1,好老师，人很温柔，给我们尽力创造回答问题的机会，基本上两三次就足够了\n\n给分也挺好的，我口述史写得很拉，小组作业中规中矩，课程论文非常用心，然后期末考翻书翻到最后一秒，大题都写满了，最后被捞到了4.5，给大家做个参考
211828,9357,孙冲亚,2025-01-12 15:43:59,2,2,0,老师人很好，会提供很多回答问题的机会。其实上课内容认真听的话还是有点意思的，不过老师声音很温柔有点助眠哈哈哈。给分我觉得不错。平时回答过三次问题+签到的时候都在+只看了提纲考试的时候狠狠抄。几乎没听过课语文水平一般也可以拿4.5。
213409,9357,孙冲亚,2025-01-17 08:31:25,2,2,0,点名是钉钉上点的，我上的课程里只有这一位。作业没有上学期（看之前的评论里写的）那么多，我们是口述史+小组展示+论文，老师大概会调分吧，我是刚刚好4.5的分数的
213410,9357,孙冲亚,2025-01-17 08:31:24,3,3,0,点名是钉钉上点的，我上的课程里只有这一位。作业没有上学期（看之前的评论里写的）那么多，我们是口述史+小组展示+论文，老师大概会调分吧，我是刚刚好4.5的分数的
214909,9357,孙冲亚,2025-02-19 05:01:43,0,0,0,还行的老师
216252,9357,孙冲亚,2025-03-12 16:32:11,0,0,0,事少，给分还行
218334,9357,孙冲亚,2025-04-22 16:12:07,0,0,0,我感觉老师挺随和挺儒雅的呀，还经常会为我们分享自己的想法，还经常扩展知识，我觉得可以，但是还没结课不知道给分
169261,9358,田佳禾,2023-02-25 05:33:13,9,14,5,帅气人好的田老师
169609,9358,田佳禾,2023-02-27 06:10:38,74,77,3,听傻了，从未见过语言表达能力和语言组织能力这么强的老师。
171756,9358,田佳禾,2023-04-04 05:58:09,5,5,0,他没了。我爱他
173111,9358,田佳禾,2023-05-13 14:54:23,5,6,1,表白一下田老师
173213,9358,田佳禾,2023-05-16 04:21:25,11,11,0,爱了爱了！讲课太好啦！
173766,9358,田佳禾,2023-06-02 12:13:41,5,6,1,田老师讲的好好！真的很爱！
174411,9358,田佳禾,2023-06-12 04:27:01,8,9,1,10分！很喜欢田老师www上课水平高，也很平易近人，很有趣，就是不知道给分怎么样，期末有点没底，希望老师捞捞啊🙏
174428,9358,田佳禾,2023-06-12 06:15:55,17,17,0,特别好，就是老师最后一节课讲得让人想哭
174438,9358,田佳禾,2023-06-12 07:08:18,59,59,0,per aspera ad astra\n\n循此苦旅，终抵星辰\n\nSi Vis Amari， Ama.\n\n若求被爱，当先爱人
174494,9358,田佳禾,2023-06-13 06:43:38,14,14,0,老师的精神面貌太好了，是一个充满爱与善意与正能量的人。
174933,9358,田佳禾,2023-06-20 04:07:01,3,3,0,平和真挚的好老师！
175009,9358,田佳禾,2023-06-21 03:59:23,9,9,0,老师太无敌了，在一楼吃盒饭的时候还和我打招呼，是很好的老师
175132,9358,田佳禾,2023-06-21 16:59:25,4,4,0,老师讲课水平很高，人也非常亲切！最后一节课的不可能三角和人生启示感觉非常有触动！
175289,9358,田佳禾,2023-06-23 09:38:26,2,2,0,特别好
175656,9358,田佳禾,2023-06-26 05:34:05,2,2,0,太好了，老师真的好
176147,9358,田佳禾,2023-06-28 03:05:08,0,0,0,事少给分好
176151,9358,田佳禾,2023-06-28 03:16:37,2,2,0,出分了\n\n好好好好好好好好
176161,9358,田佳禾,2023-06-28 03:33:41,2,2,0,给分好 讲得也好
176167,9358,田佳禾,2023-06-28 03:37:28,1,1,0,给分好嘿嘿  事情很少
176169,9358,田佳禾,2023-06-28 03:39:17,0,0,0,好老师呜呜呜
176195,9358,田佳禾,2023-06-28 04:22:49,0,0,0,爱死了
176241,9358,田佳禾,2023-06-28 06:51:07,2,2,0,老师人超好！（超级耐心地解答了我好多问题┭┮﹏┭┮）讲课很有意思，事少给分高！男神！
176384,9358,田佳禾,2023-06-28 15:57:09,2,2,0,选上田佳禾老师的马原课，你就偷着乐吧！🤤
176392,9358,田佳禾,2023-06-28 16:24:48,0,0,0,好老师！！
176483,9358,田佳禾,2023-06-30 03:35:57,0,0,0,好好好好好好好
176484,9358,田佳禾,2023-06-29 05:34:32,14,14,0,我哭死！！！！老师太好了！！！！！！感觉捞了好多人！！！！！反正我和舍友都被捞到那一档的最低分了！！！！感谢老师😭😭😭😭😭😭😭😭😭😭😭😭😭上课也巨好😭😭😭😭😭😭能不能再开几门课😭😭😭😭我还会选的😭😭😭😭😭不只是因为给分好所以打十分，而是老师真的特别有水平！！！！让我知道原来思政课也能那么有意思！！最爱的环节是每个小组展示完老师的点评！！！！！！！！！！
176594,9358,田佳禾,2023-06-29 10:49:17,20,21,1,田老师是我来浙大这前两年遇到的最佩服也最值得尊敬的老师之一，这是他第一次教本科生的课程，但谈吐和阅历以及讲课的氛围和方法都到了令我吃惊的程度。田老师长得很可爱很亲和，实际上也确实如此。他不只是在教书本上的知识，更是在教我们如何做人、如何爱人。这不打10分真的说不过去（感觉给分也挺不错，作为工科生很满意了）
179604,9358,田佳禾,2023-09-18 15:11:00,5,5,0,浙大以来感受最好的老师，喜欢上课氛围轻松，什么话题都跟得上
179768,9358,田佳禾,2023-09-19 18:11:21,2,2,0,备课完善，上课流畅
185449,9358,田佳禾,2023-12-29 11:38:08,15,15,0,他是我叠，我不许你说他😡
185863,9358,田佳禾,2024-01-05 04:17:10,7,7,0,最后一节课还有15min下课，我已经要哭了www\n\n老师非常年轻，非常为学生着想，知识储备非常丰富，上课非常有逻辑，除了教给我们相关的知识，还有很多做人做事的道理，真的泪目！\n\n第一次查老师评价给田老师，满分不解释！
185907,9358,田佳禾,2024-01-05 16:50:31,15,15,0,田老师非常亲和，很了解学生，课上氛围轻松愉悦\n\n备课充分，知识储备很大，经常延伸拓展，或是引经据典\n\n讲一句心里话，马原教给我们世界观和方法论，个人认为是所有思政课里最值得的\n\n何况田老师如此认真，课讲得也幽默风趣，三节课听下来总是欲罢不能\n\n但是同学们的到课率总是不高，他也不点名，有时我也感到愧疚…\n\n田老师给课程的结语是“爱”，一种博爱的精神，我想我已经爱上马原，爱上吾师\n\n当然，我也爱正在看这条评论的你
186418,9358,田佳禾,2024-01-11 04:07:04,0,0,0,好好好
186696,9358,田佳禾,2024-01-12 14:02:50,0,0,0,呜呜呜 田老师真的是一个超级温柔的老师
187434,9358,田佳禾,2024-01-16 06:35:39,4,4,0,选上tjh的都有福了啊啊啊，超级温柔儒雅有文学素养的老师给分也超级棒！听老师评价小组展示是一种享受，每次上课都好像帮我打开了新世界的大门～
187556,9358,田佳禾,2024-01-16 14:26:07,2,2,0,超级温柔的好老师，还说上课只要不戴蓝牙咋样都行，最后一节课的“爱”主题演讲也很动人，虽然最后可能因为期末没考好分数不是特别理想，但还是特别喜欢田老师！特别幸运预置到他的马原！！！
187935,9358,田佳禾,2024-01-18 00:26:36,0,1,1,温和且有才
189253,9358,田佳禾,2024-01-22 15:29:53,3,3,0,田老师真的很好，上课准备充分，比较体谅学生。而且又温柔又帅。老师结婚还给我们发了喜糖嘿嘿嘿。老师上的马原真的很有意思不会给人一种坐牢的感觉。
189400,9358,田佳禾,2024-01-24 02:29:22,2,2,0,温柔的老师，很会替学生考虑
190324,9358,田佳禾,2024-02-28 03:08:34,2,4,2,讲话内容很满，基本没什么语气词，佩服
191400,9358,田佳禾,2024-04-19 07:45:26,2,2,0,真的特别好的老师，人也很可爱，课特别有内容，第一节导入课说到“自由发展”真的让我有点泪目了。而且老师要签到会提前告诉，“如果你们有什么要告知的同学让他们赶紧来吧，大大方方地进来”hhhhhh
193162,9358,田佳禾,2024-06-04 05:51:04,0,0,0,年轻帅气且善解人意！印象很深的是五一放假前到课率很低但老师也没有点名，表示可以理解同学们的心情。虽然本人到课了但还是有被感动到～上课准备很充分，讲得超好！
196406,9358,田佳禾,2024-07-03 08:37:40,0,0,0,给分好！人又帅又幽默！
196909,9358,田佳禾,2024-07-06 01:16:34,11,11,0,可能是班里绩点最低的学生了，因为确实没咋复习+考不来应试化的马原。\n\n但这不妨碍我给tjh十分。老师的表达能力无人出其右，课上内容讲得生动扎实，能浅浅领略马克思主义真正的面貌。理论储备扎实至极，对待同学也充满关心。有天下课后思绪飞扬去问了问题，田老师回答完后和两个在门外等他的同事一起去吃饭，三个年轻老师在阳光里边聊天边下楼梯，这时候我才觉得像活在大学里而不是一个学习工厂。
198330,9358,田佳禾,2024-09-07 06:40:37,5,5,0,三个字！！我男神！！\n\n我爱田老师！！！\n\n讲课超级有逻辑，表达能力真的逆天。记得有一组小组展示，他点评的那段话真的就由浅入深、一语中的，硬生生把原主提拔高了一个level，很难想象这是临场发挥出来的，特别牛。\n\n而且老师点名很少（好像就两次），但每次点名前都会通知大家。考试重点和考试技巧都会在最后一节课讲并在群里通知。
208921,9358,田佳禾,2025-01-03 11:40:36,0,0,0,真的，非常，非常，非常好的老师\n\n我曾经认为思政课都是枯燥无味，夸夸夸\n\n上了田老师的课：啊？思政还能这样上？
209603,9358,田佳禾,2025-01-06 10:57:24,8,8,0,我只能说 史纲预置cby和马原预置tjh是我本科最幸运的事情之一\n\ntmd思政课的老师的讲课质量大于专业课也是倒反天罡了\n\n最佩服tjh的还是每回小组pre完之后他的拓展延伸 这人是真的语言表达能力极强 去年上史纲的时候我本来以为史纲老师已经是人类表达能力的极限了 现在听了马原我才知道什么叫老天喂饭吃的天赋选手 讲课程内容流畅清晰量大管饱还可以归咎于过硬的专业水平和充足的备课准备 但临场分析没有任何卡壳 切题而且又有课程内容还能玩梗 光拿努力解释就有点侮辱人家的天赋了\n\n我当时pre完之后听他分析我真觉得我们小组为pre准备的这么多内容不如他15min内侃侃而来的分析一根\n\n还好除此之外今年上的社发他刚好给别的老师打黑工上了两节课 这波是我赢麻了\n\n或许我哪怕马原没有完完整整的认真听了一节课 期末背书也就背了8h 社发更是能润就润期末论文gpt和知网临摹两手抓 他的课我也会记一辈子吧（。
209856,9358,田佳禾,2025-01-07 09:05:06,0,0,0,老师真的特别特别好，给分很好，选就对了
209868,9358,田佳禾,2025-01-07 09:25:38,0,0,0,老师真的特别特别好，上课特别特别好，给分也特别特别好，猛猛冲
209893,9358,田佳禾,2025-01-07 10:39:41,0,0,0,老师超好，给分好讲课也好，真的给人启发，政治经济学部分讲的很易懂很好
209999,9358,田佳禾,2025-01-08 01:12:22,0,1,1,太完美了！讲课好给分好什么都好www！
210358,9358,田佳禾,2025-01-09 03:38:35,2,3,1,马原的神，不管是给分还是讲课水平还是平时要求，都是整个马原或者说整个浙大独一档的好，一个学期没听完整过一节马原但是一直有一种冲动有时间了要去旁听他的课享受一下弥补一下我的愧疚（）
214639,9358,田佳禾,2025-02-15 13:00:44,1,2,1,永远的男神
215092,9358,田佳禾,2025-02-21 02:12:23,1,1,0,完美的马原老师！小组也不卷，没有发言，不鹅颈，给分超级好！
220635,9358,田佳禾,2025-06-19 04:12:07,1,1,0,超级善良的田老师一只
221170,9358,田佳禾,2025-06-21 16:29:59,1,1,0,田佳禾
221794,9358,田佳禾,2025-06-26 09:31:19,0,0,0,从来不点名的好老师，因为是早十从来起不来上课，也不知道讲的怎么样xsl。期末认真复习了两天，喜提4.8，平时分应该是给的很高的
171450,9359,王绍梁,2023-04-02 06:58:14,0,3,3,认真风趣的好老师！能学到很多！
172869,9359,王绍梁,2023-05-09 02:02:25,0,2,2,非常棒的老师
175769,9359,王绍梁,2023-06-26 13:35:57,16,18,2,老师真的很可爱，也是反对恶竞的，平时是上限3000的读书报告+小组展示+两次小测，有一次点名但老师会提前说。今年是老师第一次带本科生，脾气很好，钉钉秒回，就是我感觉我两次小测做的太差了不知道老师和助教会不会调平时分，期末考感觉考得还可以。我每节课都去，分还没出，10分先给了，从老师平时的话语来看他是会海底捞的，也希望老师能捞捞我（）
176279,9359,王绍梁,2023-06-28 08:30:05,2,4,2,给分很好，感谢老师
176534,9359,王绍梁,2023-06-29 08:19:24,0,1,1,非非非常温柔的老师！为我们学生着想，有两次简单的小测和一份读书报告。
176753,9359,王绍梁,2023-06-30 04:06:03,0,4,4,老师超级好！小测已知错了很多但感觉平时分还是拉满了，认真对待满绩没问题！
177551,9359,王绍梁,2023-07-03 16:16:07,10,11,1,老师是一个很温和的人，课后老师也欢迎和他探讨各种问题。\n\n听课的感觉还可以，思政课能多有趣是不可能的，不过能感受到老师有在努力让课程变得更不一样一些。\n\n小组展示里老师坚持那种鼓励式教学，好像每一组的展示都是“很好”的样子。\n\n期末考努力准备一下分数肯定不会差的，非常欢迎选这位老师哦。
178841,9359,王绍梁,2023-07-25 05:05:37,2,3,1,王老师平易近人，像是以学长姿态教授知识，有什么问题可以直接和他聊，钉钉都是秒回。启发式教学，培养我们的学习兴趣，最终达到教学目的。讲授的知识很中肯，完全不像“如来”那般，且鼓励我们质疑课本，求同存异。
179619,9359,王绍梁,2023-09-19 01:41:48,13,14,1,呜呜呜老师真的很温柔，每次点名都会提前说，比如第一节第二节课告诉大家第三节课会点名。小测是有两次的，但是都巨简单。这个老师更注重思维方面的拓展开阔，调动大家去思考，真正了解和走进马克思和资本主义、共产主义的世界。他有一句话我真的记了很久，在讲劳动的时候他说，教师们教书不符合劳动的定义，但教师们仍有报酬。这个报酬是来自人民的，所以教师们给人民百姓上课教书应当是义不容辞的责任。最后一节课王老师还跟我们合影了，课堂氛围很好，老师努力的记住所有有想法、愿意发言的同学。鼓励发言但是并不是按照发言次数给分，而是看思想的深度宽度新颖度，会有一定程度的加分！加油加油，大家冲冲冲
179662,9359,王绍梁,2023-09-19 06:40:15,6,7,1,爹！！！！又帅讲课又好还给分高😭😭
184869,9359,王绍梁,2023-12-23 16:18:46,1,2,1,超级可爱的老师捏~讲课讲得我超想听，小组pre都是狂夸很温暖！
186859,9359,王绍梁,2024-01-13 09:22:26,0,2,2,非常好的老师
186955,9359,王绍梁,2024-01-14 01:39:02,0,1,1,年轻有为的宝藏老师
187236,9359,王绍梁,2024-01-15 09:20:05,0,1,1,老师很好，课很好，人也很好，给分也好！冲冲冲！！
187255,9359,王绍梁,2024-01-15 10:16:06,1,2,1,老师脾气很好，人很温和，马原嘛。。。
187327,9359,王绍梁,2024-01-15 13:18:17,0,4,4,啊啊马原和大物同一天，马原纯纯裸考，被捞上4了，感谢王老师和助教，平时只点过一次名，还是钉钉名片，上课非常友好，必须满分！
187911,9359,王绍梁,2024-01-17 18:26:21,-11,3,14,大半个学期没去过教室，没有发言，还错过了一次点名，但依旧被捞上了4.5……结课的时候会根据时事给出一些社科的观点与理论，这个学期讲了“附近”的意义，em……挺有意义的
190371,9359,王绍梁,2024-02-28 15:16:58,2,3,1,非常好
191565,9359,王绍梁,2024-04-25 05:29:04,0,1,1,神中之神
193464,9359,王绍梁,2024-06-11 07:14:01,0,1,1,选他！没错！
193533,9359,王绍梁,2024-06-12 12:16:38,0,1,1,神中神
194032,9359,王绍梁,2024-06-21 13:20:48,0,1,1,神中之神
195235,9359,王绍梁,2024-06-27 11:04:53,0,0,0,神中神
206075,9359,王绍梁,2024-12-13 04:54:45,5,5,0,我们的新生之友，人超级超级好！
207925,9359,王绍梁,2024-12-25 03:31:55,0,3,3,虽然但是总评3.9 哭哭，但是老师人很好，被卡绩了
216209,9359,王绍梁,2025-03-12 12:27:50,-22,1,23,随意评判他人世界观和信仰，把无知狭隘不尊重人当幽默。什么都别说了，先做人再做老师
216245,9359,王绍梁,2025-03-12 15:57:30,7,7,0,今天王老师课堂讨论的是宗教为何普遍存在，有个别同学发言时说自己信佛教。大家很惊讶，老师还说个人是否有宗教信仰不涉及课堂的政治正确问题，还表示尊重个人选择，只是补充了一句共产党员是不能信教的。这本来就是党章规定的，无可厚非。王老师上课很认真，每次发言都很尊重我们的观点，鼓励多元化表达！
216684,9359,王绍梁,2025-03-21 02:04:24,2,2,0,很好的老师。应该给老师准备一个小教室，阶梯教室没法很好发挥老师的水平🥺
217479,9359,王绍梁,2025-04-11 03:44:32,0,0,0,非常好的老师，允许观点不同，欢迎思想碰撞，保持尊重包容，还是很真诚的老师
219600,9359,王绍梁,2025-05-31 08:34:18,0,0,0,博士生课《中马》能选到的最好的老师，没有之一
219788,9359,王绍梁,2025-06-06 09:07:30,0,0,0,每次点名都会提前说，很尊重同学，考试前还给我们准备了思维导图和押题，谦谦君子，是一名真正的学者
220617,9359,王绍梁,2025-06-19 02:27:16,2,2,0,社会主义发展史给分不错，不过这门课是轮着上的。\n\n很风趣，知识渊博，还是可以听听的
220629,9359,王绍梁,2025-06-19 03:51:53,1,1,0,伟大不需多言
220633,9359,王绍梁,2025-06-19 04:06:03,3,3,0,给分好平时事情也少，老师上课也很有意思
220636,9359,王绍梁,2025-06-19 04:13:45,3,3,0,两个字：无敌，选他包没错
220637,9359,王绍梁,2025-06-19 04:16:46,1,1,0,wsl老师用有形的大手拯救了我一坨的卷子，恩情还不完😭
220638,9359,王绍梁,2025-06-19 04:21:38,1,1,0,事少讲课好
220648,9359,王绍梁,2025-06-19 05:00:17,1,1,0,神中神！！！老师恩情还不完啊~\n\n几乎不点名，小测会提前通知，老师人特别好，情商也特别特别高！！！\n\n无脑冲就行！！！
220664,9359,王绍梁,2025-06-19 06:23:51,2,2,0,无敌了，20h速通\n\n给分很好，会捞
220668,9359,王绍梁,2025-06-19 06:31:45,1,1,0,一日为师，终身为父。
220673,9359,王绍梁,2025-06-19 07:08:58,0,0,0,伟大，无需多言
220701,9359,王绍梁,2025-06-19 08:53:06,0,0,0,伟大无需多言，你就选吧，老师性格好情商高，给分好
220797,9359,王绍梁,2025-06-19 18:43:28,-2,0,2,（马原）补个评价：老师第一次开课的时候上的，冒着风险冲了。上课确实挺轻松的，老师也年轻有思想。但是给分一致的好，个人是不太能赞同的（虽然可能会被踩）。当初认真复习了（指听完了考研网课，考完也感觉不错），但最后3.6（也许我就是那个被正态倒霉蛋，但是90以下应该是不限制的才对，所以感觉给分一般般）
221103,9359,王绍梁,2025-06-21 09:07:32,0,0,0,老师人很善良又很捞支持
221281,9359,王绍梁,2025-06-22 12:06:30,0,0,0,在这里给老师磕一个了
222080,9359,王绍梁,2025-06-29 12:40:05,0,0,0,伟大无需多言\n\n上课好 给分好 有趣 尊重学生
170236,9360,严松,2023-03-07 03:49:44,8,14,6,上了第一节课，感觉还不错（希望能捞）
171693,9360,严松,2023-04-02 06:57:46,16,25,9,给松哥10分！松哥人好事少！松哥yyds！
174210,9360,严松,2023-06-07 12:29:04,-3,15,18,不太理解为什么最后得分比较低，明明论文给的分数是98，最终得分是8开头...难道是因为论述题答得太差吗？
175511,9360,严松,2023-06-29 05:51:35,9,17,8,不解释，选就完了\n\n\n\n(下学期严老师的马原没有几十进一我是不能认可的
175954,9360,严松,2023-06-27 09:12:12,1,7,6,严老师超级好啊啊啊啊啊！上课很有趣 不拘泥于书本内容 对同学们也特别关心！！出差回来还给我们带了糖🥹🥹分数制度讲的很清楚 尽量帮助每个同学拿满平时分 谁不选我都会伤心啊啊啊啊啊啊啊
175959,9360,严松,2023-06-30 04:04:55,1,6,5,选就对了，谁会拒绝一个给分好上课有趣期末划重点的帅气男老师呢？松哥yyds！！！
175960,9360,严松,2023-06-27 09:17:48,4,7,3,松爹，你是我的神
175961,9360,严松,2023-06-27 09:17:56,4,7,3,松哥，哦不，松爹~(＾◇^)/，他真的，我哭死，真是我马原的神（*＾3＾）/～☆
175962,9360,严松,2023-06-27 09:18:12,4,7,3,会想尽一切办法提高平时分的好老师，强推
175970,9360,严松,2023-06-27 09:52:24,4,6,2,松神，给分超级好，速选
176042,9360,严松,2023-06-27 13:12:13,4,6,2,快选！！
176197,9360,严松,2023-06-28 04:26:43,2,7,5,不论是为了探讨哲学或获得分数，我都建议你选这位老师的课程
180560,9360,严松,2023-09-23 01:25:34,15,21,6,盛名之下，其实难副。
180681,9360,严松,2023-09-25 00:57:14,-3,3,6,超级好的老师！
181682,9360,严松,2023-10-28 04:05:18,2,7,5,以各种借口来给学生加平时分的老师，必须10分
182934,9360,严松,2023-11-21 07:05:16,8,15,7,首先，老师极度为学生着想，他深知研究生主业是科研，因此说出“这门课分数对你们无所谓”“70分打底应该够了吧”，试图以低分来反向督促学生们精耕于课题，感动！另外，老师是个很有原则的人，不囿于打分标准，在某组讲一半时就宣布该组最高分，理由竟只是声音宏亮，甚至发表了“你们内容可以差，但声音必须大”的言论，很有自己的风格，点赞。
187049,9360,严松,2024-01-14 09:06:13,6,11,5,老师基本上只点一次名或者两次名，而且小测是开卷的，只有一道题目，上课内容说实话其实不是特别的偏向于马克思主义，倒是很贴近现实，理论上的没有其他老师好，但是态度好，给分好。
187999,9360,严松,2024-01-18 03:10:54,1,9,8,老师上课很认真，会对重点进行强调，平时也会和我们开玩笑，平时不点名！点名他会说的！而且课堂小测不算点名但是算回答问题，每个人只需要回答两次问题或者参与讨论平时分就给满分了！真的超级好！期末不懂马原，但是写满了从头到尾，态度很好，老师给分相当不错！课堂氛围超级好！真的超级好的老师！大家一定要选！
188000,9360,严松,2024-01-18 03:14:21,8,15,7,老师是神！\n\n老师会明确跟你说“我绝对不会卡你绩点，一定会捞你上去”\n\n举手发言一次，平时分直接满分！（一般问个很水的问题就行）\n\n高中没学政治，而且因为其他考试时间安排原因，马原只背了一个上午，老师给我捞到了4.8！！（跟我们这届选择题偏简单应该也有关系）\n\n是好到我做梦都没有想到的成绩！谢谢老师！\n\n大家无脑冲！！严老师下学期马原课不是20进1我不能接受！
188003,9360,严松,2024-01-18 03:19:23,-13,10,23,水平一般，给分略差，总是强调自己讲课多么多么累，不建议选
188010,9360,严松,2024-01-18 03:41:28,2,6,4,老师上课蛮有意思的，最后一节课划重点，给分很好，不卡绩
188290,9360,严松,2024-01-18 14:54:41,1,5,4,神级老师，松神！\n\n适合所有学生，无论是想水还是想卷的，选到就是赚到！\n\n处处为学生着想的老师，不多解释，冲就完了！
190446,9360,严松,2024-03-04 11:25:51,-10,15,25,一个小心眼的人。不知道为什么这么多人打好评，打分高吗？讲课也差。上课的时候经常开让人不适的玩笑。说自己同事生了几个儿子，自己家人生不出儿子是早年把女儿送人的报应。问女同学们大家能不能接受没房没车的男人。最离谱的事是他厌女就罢了，对男人也瞧不起，说老家的男的质量不高。\n\n一节课结束，因为他讲课的差，走了一半的人。他又要说要点名。至于吗，政治拼盘课，不是针对他一个老师，只有他自己知道为啥自己的课堂空空荡荡。
191777,9360,严松,2024-04-30 05:58:03,-3,7,10,评论区真正让我知道了什么叫“世溷浊而不分兮，好蔽美而嫉妒”
194019,9360,严松,2024-06-21 12:20:21,-2,4,6,特别特别好 是结课都一年了还要回过来给他十分的程度
196250,9360,严松,2024-07-02 15:02:45,4,8,4,我总感觉是不是因为这次考试难还是怎么说，我感觉没有想象中那么好，这个老师，他也说没必要推荐同学选他，给分不算很好吧，相比起马原其他一些老师，马院的思政课还是很看老师的，希望同学们有更好的选择可以去选其他的～
199502,9360,严松,2024-09-24 15:33:20,1,1,0,呵呵了
199629,9360,严松,2024-09-26 11:00:11,0,0,0,感觉还行，挺平淡的
200904,9360,严松,2024-10-24 09:58:49,10,12,2,推崇艾跃进，什么水平不用多说。
201697,9360,严松,2024-11-05 12:59:26,3,3,0,。。。
201698,9360,严松,2024-11-05 13:00:44,15,18,3,社会发展史，第一节课直接迟到四五十分钟，上课亲口说“康德谢林费希特黑格尔只是空想社会主义的脚注而已”\n\n“长得帅也是阶级跃迁的资本，泡到了自己老板的女儿还把岳父熬死了，成功继承了岳父的财产”\n\n别的我也懒得骂
205693,9360,严松,2024-12-11 08:26:33,-4,3,7,理论水平如此之差的马院老师也是世上少有……\n\n大哥你可不可以告诉我你那博士学位是在哪个商场买电器的时候顺便领的，我也去领一个
207544,9360,严松,2024-12-23 03:21:33,5,5,0,讲课语速快，有口误，说了不该说的会想尽一切办法圆回来，所以有时候显得很丈育，评分不算太高大概率是这个原因，但除了这点无可挑剔；不点名，回答问题次数多给分就不错，人挺好
209566,9360,严松,2025-01-06 09:01:33,6,6,0,老师海底捞，而且除了小测不点名
209567,9360,严松,2025-01-06 09:02:50,4,4,0,平时不点名，一次小组展示，两次课堂小测（开卷＋提前通知）事少分高
209579,9360,严松,2025-01-06 09:33:45,0,0,0,出分了。来写个评价，首先老师不爱点名，会有2-3次课堂小测相当于点名，讲课进度比较慢，鼓励大家卷发言，可是大半个学期由于自己进度比较慢其实没什么时间留给大家交流提问，很多同学（社恐的也算）没办法得到这部分分数，然后呢老师说会尽可能捞，考完一天半就出分了，不知道具体捞了没，读书报告还算认真写了理科生文笔和思想就那样，3.9飘过
209596,9360,严松,2025-01-06 10:40:33,1,1,0,老师努力到头了，是我太菜
209637,9360,严松,2025-01-06 11:44:54,1,1,0,ys老师太捞啦！平时不点名，小测还能算发言次数，虽然没发过言期末裸考成绩还是很棒！大爱老师！
209681,9360,严松,2025-01-06 13:56:05,1,1,0,老师给分真的很好，有时候说话语气可能严厉一点，但是刀子嘴豆腐心。不过个人感觉老师讲课缺少了一点理论深度（但是应该无人在意doge
209728,9360,严松,2025-01-07 01:43:31,1,1,0,海底捞，可以冲
209757,9360,严松,2025-01-07 03:42:44,1,1,0,感觉很爱说教，还被卡绩了
209768,9360,严松,2025-01-07 04:08:13,0,1,1,事少分高，人很好
210088,9360,严松,2025-01-08 06:21:30,7,8,1,马原：海底捞，事少分高。\n\n具体来说，马原展示大家都比较卷，但展示的主题很有意思。自己组队，小组五六人，每个人的事情很少，是很愉快的小组体验。\n\n读书报告只要相关不限书目，2000-3000字。\n\n发言至少一次，还有一次在小测里面，发言越多分会更高，但是大家都不卷发言。\n\n最重要的是期末考试，大题建议写满（字大一些），社会经济学部分重在理解，选择题最好知道费尔巴哈、黑格尔、空想社会主义等主要相关人物与观点，当然马原是重点。\n\n个人来讲，可能期末考得很好，平时都一般，最后分超级高。总之很愉快的体验，也收获颇丰，感谢老师~
211404,9360,严松,2025-01-11 10:37:23,1,2,1,严松老师讲课一般，理论水平没有很突出，但事情比较少，相对也比较轻松，如果马原只想水水过的话可以选
212546,9360,严松,2025-01-14 07:20:03,0,3,3,其实很一般吧只能说，上课真的学不到什么东西，甚至学生答得很好他还会说“我是让你回答这个吗，你这样说让我怎么讲。。。”没什么听的必要，不如听考研网课。。。
212696,9360,严松,2025-01-14 13:33:34,0,0,0,总体给我感觉中等偏上（^-^）
213221,9360,严松,2025-01-16 11:37:19,0,0,0,马原 我认为给分挺好的其实 上课两次小测算点名 平常不点名 考试前还会给画重点 上课没听过他讲课哈哈 最后说因为考虑到很多人都没有发言过所以最后一次小测又算点名又算发言 只是想水过这门课的话 我觉得真挺好的（另外 我小组的成员挺卷的 我直接被带飞哈哈）
213363,9360,严松,2025-01-17 04:57:00,0,0,0,有分是真捞啊，平常水个回答两次问题就不点了👍
214736,9360,严松,2025-02-17 07:24:07,0,0,0,马原，分给的很高，上课也很有意思。
220504,9360,严松,2025-06-18 09:57:27,0,0,0,给分挺捞的
220574,9360,严松,2025-06-18 14:34:06,1,1,0,给分很好
220782,9360,严松,2025-06-19 16:42:55,0,0,0,给分不错
221416,9360,严松,2025-06-23 10:02:07,0,0,0,老师给分不错！但是说几点感受，第一是感觉理论水平不是很高，第二是对数据不负责（现在仍记得他说过哪吒160e票房和大同在48岁时去世，都是错的，虽然无伤大雅，但还是请对数据负责而不是随口荡荡）。还是回到给分不错，挺建议选的。
173295,9361,赵文心,2023-05-18 03:54:47,5,6,1,文心姐真的好好
173331,9361,赵文心,2023-05-19 09:09:04,2,2,0,文心姐姐！！
174107,9361,赵文心,2023-06-06 09:10:34,4,4,0,钉钉秒回我，我哭死
176010,9361,赵文心,2023-06-27 12:02:42,2,2,0,老师真的很好啊，很温柔而且给分也很好，就是口述史加课程论文可能相比其他老师会任务繁重一点点。上课也很友善，而且也是刚毕业没多久，跟我们也挺合拍，上课很有趣，喜欢分享啊啊！
176110,9361,赵文心,2023-06-27 20:22:06,2,3,1,文心姐姐很温柔很负责T﹏T
176410,9361,赵文心,2023-06-28 18:12:54,12,14,2,老师很年轻，上课也比较幽默，会在每节课前都保持安静不吵到学生午睡，然后上课铃响后喊起床了哈哈哈哈。一学期有一篇论文、一篇口述史、一次小组展示。助教姐姐真的超级好！超级温柔！！钉钉回复特别快，晚上回复消息还会提醒我早点休息😭😭😭我错过了ddl向助教说明，助教回复也特别特别温柔！！
176626,9361,赵文心,2023-06-29 12:56:24,12,20,8,老师初入浙大，说“浙大那么大”。\n\n老师温柔，优雅。\n\n助教姐姐也如此的好。\n\n注意上课回答问题或提问，平时分加1分，还是蛮高的哦。\n\n唯一一个缺点：赵老师上课节奏掌握的不太好，总是课程内容讲不完。她的上课进度是比较慢，虽然史纲大家也很少听，问题不大。
176720,9361,赵文心,2023-07-03 17:11:19,4,5,1,上课很自由
177550,9361,赵文心,2023-07-03 16:04:06,5,5,0,我们是她带的“黄埔一期”，她真的好可爱！！！
177906,9361,赵文心,2023-07-05 11:01:02,3,4,1,老师很温柔，给分很好，上课也很舒服，助教也很好。老师是刚来浙大，作为她的第一个学期的学生感觉很幸运
179225,9361,赵文心,2023-08-31 05:18:51,7,7,0,文心姐姐！！！
184230,9361,赵文心,2023-12-13 11:34:03,4,4,0,真正的好老师
184722,9361,赵文心,2023-12-22 10:33:03,3,3,0,老师好幽默好可爱啊！喜欢！
184756,9361,赵文心,2023-12-22 12:58:50,2,2,0,老师很好
185200,9361,赵文心,2023-12-27 04:59:54,1,1,0,老师很好！！！
185365,9361,赵文心,2023-12-28 11:03:07,1,1,0,老师上课超级好，很生动（虽然自己不怎么听，都在下面做自己的作业，悄悄说一句:老师不管你在下面干嘛的吼）
186425,9361,赵文心,2024-01-11 04:35:26,2,2,0,期末考还没考，绩点还没出。但是我要先来说一句我喜欢赵文心老师!上课上得很好，认真听绝对很容易投入进去并且有收获。如果你需要赶DDL啥的，你在下面做自己的事情老师也不会管你的。而且文心姐姐期中不布置任务，就期末要交一篇思维导图和论文，以及小组展示。
186669,9361,赵文心,2024-01-12 11:51:37,0,0,0,很好的老师，大赞！
186670,9361,赵文心,2024-01-12 11:58:14,1,1,0,给分超好！！！
186673,9361,赵文心,2024-01-12 12:02:10,1,1,0,啊啊啊中国共产党历史出成绩了\n\n课上的很好，可以听！虽然我后来一直在摸鱼\n\n事情超少！一篇读书报告就没了！\n\n期末考三道大题还开卷\n\n真的特别好，最后4.8啊啊啊啊啊啊啊啊啊啊啊我好开心
186686,9361,赵文心,2024-01-12 12:53:34,1,1,0,老师真的非常好，给分很好，人也很沟通，人美心善的姐姐爱你！！！
186689,9361,赵文心,2024-01-12 13:40:54,1,1,0,人美心善会捞捞！
186708,9361,赵文心,2024-01-12 14:42:58,0,0,0,赵老师yyds，讲课好玩，性格好玩，给分也很好，必须10分！
186816,9361,赵文心,2024-01-13 07:05:52,2,2,0,很好的老师
186894,9361,赵文心,2024-01-13 12:32:16,0,1,1,10分，事少分高！
187039,9361,赵文心,2024-01-14 08:25:32,0,0,0,老师超级好！
187071,9361,赵文心,2024-01-14 10:21:29,0,0,0,给分好，事还少
188082,9361,赵文心,2024-01-18 07:22:40,0,0,0,老师上课很有趣而且人也很温柔~
188782,9361,赵文心,2024-01-20 02:31:36,1,1,0,很好的小姐姐老师
188915,9361,赵文心,2024-01-20 15:20:35,0,0,0,文心姐姐很好很可爱！
189002,9361,赵文心,2024-01-21 07:29:58,0,0,0,很好，很温柔的老师
189038,9361,赵文心,2024-01-21 10:42:54,1,1,0,超好的文心姐姐！
189044,9361,赵文心,2024-01-21 11:52:57,3,3,0,省流：事不算少，但分高，上课可以自习。\n\n作业是小组汇报一个课题，个人是做一个思维导图，写一篇3000字的论文。\n\n上课好像就点了一次名，小组汇报是全班倒数的，但是思维导图认真画了，论文也认真写了，期末考也很认真的考了，最后给分89还不错的。\n\n推荐选！
190365,9361,赵文心,2024-02-28 12:01:30,2,2,0,史纲事比起其他老师算很少了 给分没想到还这么高 是个很热心的老师
191611,9361,赵文心,2024-04-26 00:52:12,0,0,0,很有思想的一位老师
193131,9361,赵文心,2024-06-04 02:45:21,0,0,0,上课不用卷发言，事不算多，期末会捞
205090,9361,赵文心,2024-12-01 09:07:35,2,3,1,赵老师很优秀，上她的课简直是一种享受
207553,9361,赵文心,2024-12-23 04:21:16,8,8,0,水的是史纲这门课，好的是文心姐这个人
208711,9361,赵文心,2024-12-31 08:17:49,0,0,0,文心姐秒了，研究生新中特一定要选她哟
210442,9361,赵文心,2025-01-09 07:22:20,7,7,0,在史纲出分之际特地来感谢文心姐。在一众三分中跳出个4.5，我将拜倒在您的女神光辉下
210444,9361,赵文心,2025-01-09 07:32:30,3,3,0,老师给分炒鸡好٩(•̤̀ᵕ•̤́๑)
210446,9361,赵文心,2025-01-09 07:37:34,1,1,0,人好好，史纲事不多
210476,9361,赵文心,2025-01-09 08:23:53,1,1,0,我爱wx老师呜呜呜呜呜，事少分高人好，课堂也很有意思呜呜呜呜呜
210504,9361,赵文心,2025-01-09 09:11:18,4,4,0,好好好好的好老师，最后一节课点名还提前通知了（虽然我没逃过课）\n\n小组展示明明给别的组都是尽可能打高点分结果导致我们组评分倒数，作业还有一篇读书报告和一张思维导图，最后给89，老师真的很好
211333,9361,赵文心,2025-01-11 08:14:14,4,4,0,特别特别好的老师……选到就是赚到！！！\n\n温柔的大美女啊啊啊上课讲的蛮好的，ppt里也会有很多视频；签到不多；如果询问老师读书报告的修改意见会很认真地给你看和改TAT甚至会在ddl之后给没交的同学补交时间（不过还是不要拖为好！）给分好！永远爱文心姐姐T^T
218398,9361,赵文心,2025-04-23 07:04:04,0,0,0,超级超级好的老师，课程上到一半来评一个，是要点名还会提前群里通知的好老师
219853,9361,赵文心,2025-06-09 03:08:48,0,0,0,老师人超级好，非常温柔，事也不多！
220479,9361,赵文心,2025-06-18 06:53:45,1,1,0,好老师， 很推荐
220581,9361,赵文心,2025-06-20 07:34:45,6,6,0,老师好  期末考和小组展示坏
220687,9361,赵文心,2025-06-19 08:26:08,4,4,0,给老师磕一个，感谢老师救命之恩\n\nwc我真是cs，我期末考完交卷发现试卷背面还有两道题，我的天呀，这是人能做出来的事吗？最后两道题居然有40分。听着那考试结束的铃声，我觉得我大一卷的绩点全都要爆炸了。\n\n所幸被老师捞了，出事了老师是真会帮忙的（还好没掉到2点几的绩点，否则lz就真爆炸了）\n\n\n\n老师上课很好，非常推荐，出重大变故了可以救命。平常签到会提前一节课说\n\n推荐推荐！！！！！！！！\n\n\n\n\n\n老师的恩情忘不掉，再给老师磕一个\n\n祝老师事业顺利，生活幸福快乐！
220903,9361,赵文心,2025-06-20 09:50:51,0,0,0,老师很有水平，在小组展示的时候也真的想教我们一些小组展示的trick，可惜期末太难了QAQ
221894,9361,赵文心,2025-06-27 08:21:09,0,0,0,真的好老师
167022,9362,赵永帅,2023-01-14 15:42:46,14,21,7,超级好的老师！毛概给分大大滴好，不鼓励卷，平时主题pre一个，调研汇报pre一个，小组轮流发言，平时分给的非常高，考试也狠狠捞了，思政必冲！
167023,9362,赵永帅,2023-01-14 15:44:58,23,29,6,老师人很好，很温和，十分体谅学生。课程安排合理，不卷，没有举手发言的环节，小组轮流发言。作为一名思政课老师，看问题客观理性，观念温和不偏激。平时分和期末成绩都给的很高很高，必须十分好评！
167212,9362,赵永帅,2023-01-15 05:53:22,6,10,4,赵老师人很好，给分也很好！
168322,9362,赵永帅,2023-02-11 07:07:57,6,10,4,老师很好！
168339,9362,赵永帅,2023-02-12 15:38:52,5,9,4,人很和蔼，膝盖给分很好
171877,9362,赵永帅,2023-04-10 06:33:56,6,11,5,赵老师讲课思路很清晰，人很可爱很温柔！！！小组展示时间没有把握好没有讲完，课后还专门来安慰鼓励我，我哭死！！！
172551,9362,赵永帅,2023-04-29 13:47:32,4,10,6,赵老师对于专题的组织与讲解是建立在学术性思考之上的阐发，明显能感觉到赵老师有意在有限的时间和范畴里给到更多有价值有层次的内容，讲课情真意切、给分意外理中。
173588,9362,赵永帅,2023-05-29 12:23:50,7,10,3,老师人真的超好
173820,9362,赵永帅,2023-06-03 08:25:16,3,8,5,赵老师真的超级好，期末的时候叫我们不要太辛苦，让我们可以不做PPT只要讲大致思路，讲课也讲的很好，人很温和，一点也不卷
174642,9362,赵永帅,2023-06-15 03:11:51,8,11,3,很真诚的老师
175089,9362,赵永帅,2023-06-21 12:50:27,5,8,3,是非常nice的老师！平时会鼓励我们不要卷阐发自己的想法就好，也没有举手回答问题的环节，给分也很棒，对学生很真诚很关怀，完全可冲！
175384,9362,赵永帅,2023-06-24 10:59:44,2,7,5,非常nice！
175386,9362,赵永帅,2023-06-24 11:23:34,7,10,3,允许并鼓励学生自主思考的思政老师
175505,9362,赵永帅,2023-06-25 08:38:44,5,8,3,老师特别棒
176159,9362,赵永帅,2023-06-28 03:31:53,8,11,3,听赵老师上课真是一种享受
176629,9362,赵永帅,2023-06-29 13:02:32,2,7,5,赵老师人真的很好，非常虚心地跟大家说想一起上好最新的3分毛概。教学过程要求相对清晰，尽量不占用同学时间，带头反卷。他希望大家真的去感受领导人的思想与时代之间的关系，比较喜欢同学表达自己的想法而不是一板一眼念资料。真的很适合大家去选！
177298,9362,赵永帅,2023-07-02 18:46:47,1,7,6,很好的老师 不管说是从讲课 还是为人来说 是一个抛开学生的身份来讲你会很欣赏的社会上的一位人
177302,9362,赵永帅,2023-07-02 23:50:41,14,15,1,浙大第一位上3学分新毛概的年轻老师，①讲课非常清晰，娓娓道来，作为理工科学生认真听了一个学期收获很大；②老师人非常好，事情少不卷，小组两次pre，4次发言，一个报告；③给分大大的好，平时分95+，期末扣分主要是选择题，大题非常非常捞，狠狠爱了！
177306,9362,赵永帅,2023-07-03 00:09:05,13,18,5,赵老师第一次让我明白了思政课怎么学，第一次知道思政课也可以拿到满绩。从教学水平上来说，赵老师能将枯燥的毛概理论用“时代”串起一条完整的逻辑链条，并能在课本已有的内容之外生发出更多引人入胜的内容，某种意义上让我这样的高中没学过政治的选手在期末复习时有了很大的方便。从为学为人上来说，赵老师一直对我们是一个鼓励的态度，在期中展示过后对我们各组的优点进行了一一总结;他为人很亲切:在赵老师的课上是我第一次当组长，我从慌张到从容最后变得自信的转变，少不了每次上台发言后下课时赵老师对我的鼓励，我的性格，可能我的人生也已因为赵老师的这门课而发生改变。
177496,9362,赵永帅,2023-07-03 12:49:24,25,28,3,从头到脚都佩服赵老师，诠释了什么叫风度、儒雅与温柔
177512,9362,赵永帅,2023-07-03 14:15:58,6,10,4,不点名，给分超级好，上课没听过，考前背了一个晚上加一个早上，4.8
177604,9362,赵永帅,2023-07-04 01:54:52,37,44,7,（第一次来查老师写长评，甚至写到一半因为网络不好卡出去一次也要回来重新写哈哈）\n\n    我不在这门3分毛概的预置班级之中，现在想起来选课的时候能够自己选上赵老师的这门课真的很幸运！印象最深的就是每节课小组发言后赵老师都会对每组发言进行点评，而且是真真正正具体到每一组的发言内容作出的鼓励而不是泛泛而谈，真的让我很感动。\n\n    毛概确实是一门体系庞大、知识繁杂的学科，赵老师的课堂却一直以娓娓道来的风格吸引我这个没学过政治的理科生，让我真正愿意在思政课放下手中的专业课作业，静下心认真听课，甚至觉得在这么真挚的老师课堂走神令人不安。\n\n    老师让我深切感受到他不只以上完课为目标，而以真挚的心对待教书和育人。赵永帅老师，很幸运遇见如此优秀而真诚的您！祝您工作顺利，工作繁忙也要多注意休息！
177655,9362,赵永帅,2023-07-04 05:38:24,9,14,5,2023春夏学期3学分毛概，不点名。平时分七成，任务看起来很多，其实平均一下没多少，四次小展示（针对专题中的某个问题进行讨论，老师鼓励不用PPT，不过大家基本上都做PPT…），两次大展示（其一是毛邓江著作或传记的经典阅读，其二是毛邓江某理论的理论研学），然后选择两次大展示中的一次撰写3000字以内的书面报告。平时分期末进行组内分配，一般来说都很高。三学分毛概期末考试全部考的是毛邓江胡，习完全没考。\n\n赵老师是一位很有情怀的老师，上课热情洋溢，认真听的话肯定还是能学到不少东西的，不过想水的话也可以，老师给分绝对是非常好的
179331,9362,赵永帅,2023-09-11 12:56:12,7,10,3,这个老师相当的好 招我进门的
179546,9362,赵永帅,2023-09-18 06:03:19,8,13,5,超级无敌爱zys老师的毛概！！！狠狠夸\n\n老师讲课特别好也很有感情，第一节课就和我们说要一起建造一个新的三分毛概课\n\n老师一学期都不点名，也不鼓励内卷，想尽量减轻我们的负担，最后平时分给的特别高，基本大家都九十几\n\n个人感觉期末考试根本没复习，但是最后4.2，对于一个思政摆子真的特别特别感动QAQ\n\n赵老师是我的神！！最喜欢的思政课老师！！不选他的课会后悔的ok？
180590,9362,赵永帅,2023-09-23 06:35:49,17,20,3,这学期周五345节的毛概开在玉泉的，zjg的看了老师的评价直接不惜跨校区的代价也选了\n\n结果来了之后发现我不是一个人？？！！好多zjg的都慕名而来！！\n\n懂了吧 还愣着干什么 速冲！
184532,9362,赵永帅,2023-12-21 12:40:45,3,5,2,就冲他不点名我也要给他打满分
184816,9362,赵永帅,2023-12-23 05:17:31,4,6,2,赵老师人非常好，讲课讲的也很好，给分也非常好！
185761,9362,赵永帅,2024-01-04 07:37:49,10,11,1,赵老师真帅吧
185821,9362,赵永帅,2024-01-04 15:27:39,14,15,1,他给了我们九个93分，我只想给他一万分
185850,9362,赵永帅,2024-01-05 02:18:34,3,6,3,超级超级喜欢赵老师，赵老师是招我进入浙大的老师，是我专业道路上重要的引路人
186230,9362,赵永帅,2024-01-09 16:37:14,8,11,3,老师实在是太好了，好到想哭\n\n有时候他对学生的尊重，甚至让我对自己上课没有好好听感到羞愧
187902,9362,赵永帅,2024-01-17 17:32:19,28,28,0,我觉得老师的好不是一句单纯的给分好能说尽的
187931,9362,赵永帅,2024-01-18 00:15:09,6,10,4,真的是非常非常非常好的老师，思想温和不偏激，尊重学生，而且是真的有热情。并且他是年轻老师，经常说一些能和学生感同身受的话，鼓舞着每一个人。哪怕不点名，我觉得不去他的课都很可惜。更何况给分也很好，考前18个小时开始看，最后满绩
187950,9362,赵永帅,2024-01-18 01:24:45,7,8,1,赵永帅，永远都帅！\n\n毛概课从来不点名，反对内卷，卷面分高得离谱（比预期高太多太多了）\n\n\n\n只是希望毛概习概能取消平时分按小组给，摊上一个摆子组是真的崩溃
188467,9362,赵永帅,2024-01-19 04:44:15,7,8,1,特别特别值得
188980,9362,赵永帅,2024-01-21 04:29:31,7,9,2,永帅永帅永远最帅！
189739,9362,赵永帅,2024-01-28 05:49:57,8,8,0,赵老师是我在浙大对我思想影响最深的老师
192972,9362,赵永帅,2024-06-01 11:45:09,7,9,2,事少分高，同学上了觉得很好！
195728,9362,赵永帅,2024-06-29 17:53:19,3,5,2,赵老师的课让人如沐春风～给分也超级无敌好
195822,9362,赵永帅,2024-06-30 05:10:33,2,5,3,男神！！！
195828,9362,赵永帅,2024-06-30 06:16:07,5,7,2,赵老师真的是一个非常儒雅的人，平时分给的真的特别高，感觉卷面也被捞了，毕竟毛概期末考试考得我直接当天晚上做噩梦呜呜呜~，最后4.5干好卡在89
196058,9362,赵永帅,2024-07-01 10:24:03,5,7,2,给分好是真的好 师德高也是真的高 这才是高中时想象中的大学课堂
196450,9362,赵永帅,2024-07-03 13:17:36,4,6,2,永帅上课能感受到他的情怀，课程内容也很有深度，会超级超级耐心地反馈小组作业。给分也超级好呀！
196658,9362,赵永帅,2024-07-04 14:28:22,5,7,2,给分巨好无比，平时事情也很少，没有类似于举手发言的内卷制度，也没有点名，老师上课特别有深度和思考，语气很温柔，人也长得特别帅，点一万个赞！！
197203,9362,赵永帅,2024-07-09 04:21:37,9,9,0,满分老师，就背了半天的毛概，错了两道辨析题（这学期辨析题出的恶心），平时分96最后总评92，平时上课也很棒，大作业问问题也都是耐心回复，神！
197329,9362,赵永帅,2024-07-11 02:50:28,4,7,3,男神！赞！！！
197535,9362,赵永帅,2024-07-18 05:45:24,6,7,1,很有理想的好老师，全心全意讲好每一堂课，会用自己的例子来勉励同学们，是真正的人民教师
197677,9362,赵永帅,2024-07-27 12:20:33,5,8,3,赵老师的课绝对是浙大最值得的思政课！
197984,9362,赵永帅,2024-08-22 12:01:11,6,9,3,温文儒雅 讲课条条有序 一点都不困！娓娓道来让人想一直跟着听
197985,9362,赵永帅,2024-08-22 12:01:57,10,11,1,老师很温柔 讲课由浅入深 使我充分得体会到当今社会我们有为青年的责任与信念
198327,9362,赵永帅,2024-09-07 05:45:27,10,11,1,真正靠上课内容吸引同学来到课堂而非依靠点名的好老师
198877,9362,赵永帅,2024-09-12 10:39:40,14,15,1,浙大思政课老师天花板
199161,9362,赵永帅,2024-09-18 10:06:31,4,6,2,永帅老师！我爱你！😍
204370,9362,赵永帅,2024-11-25 13:19:02,2,4,2,毛概课时隔一年，在玉泉的小坡上遇见赵老师，老师还认得我！！！（i人在老师的鼓励和微笑中也能愉快地跟老师打招呼）
205550,9362,赵永帅,2024-12-09 06:16:45,15,17,2,我觉得如果一个老师给分好，写一句“捞王”再加10分就可以了；如果一个老师上课水平，写一句“老师牛逼”就可以了。但是，赵老师是那种，无法用一两句话概括的好老师。每个学生都可以在他的课上，发现不同的许多闪光点。最难能可贵的是，他让我改变了对思政课的看法，是真的可以学到好多东西的课，是不枉从紫金港每周奔赴玉泉来的课。别犹豫了，能选上纯粹是福气！
205717,9362,赵永帅,2024-12-11 12:09:16,17,20,3,赵老师极其负责，也不点名，也会尽可能认识记住每个同学。\n\n赵老师带很多个班，但是上课前无论是紫金港还是玉泉，老师都会仔细提前考察教室的分布情况，确定小组的个数和人数。\n\n赵老师会认真听大家的发言，会记住大家的发言，即使过了一周，赵老师还能复述上一周的发言或者是原著研读报告的特色之处。\n\n赵老师对上台发言的同学很宽容，也总能发现大家的可取之处。说组里趣事的流水账也好，说一些思考也好，说一些大家都知道的大道理也好，老师都能从中发现闪光点，予以表扬，并有所呼吁。在原著研读报告尤其明显。有的组展示的同学忘了PPT的下一页，赵老师也表扬展示同学自身实力过硬，完成流畅。有的组同学过于冗长堆砌，赵老师也能发现其准备之用心，材料之详细。可以说只要不是太离谱（暂时也没见过太离谱的），赵老师都会发现大家的可取之处，然后再委婉地提一点点建议。\n\n赵老师很新潮，出的讨论题从《黑神话悟空》到设计《红东方润之》游戏，而且对于大家稀奇古怪乃至石破天惊的想象力（从密西西比河出发建设社会主义）大力表扬，毫不吝啬，丝毫看不出大家对思政课教师古板严肃不敢稍逾越的刻板印象。\n\n赵老师很体谅学生，事情极少，今年只有三次随性发言，一次原著研读展示，一次调研报告。\n\n老师还没打分也没出分，但单论上课我就觉得应该给十分！
207565,9362,赵永帅,2024-12-23 05:59:57,7,9,2,选上赵老师的课是我大学四年的幸运啊啊啊！！本来三轮选课都没选上 不抱希望地去找老师看能不能签条子（确实没法签…）然后以为没得上了结果在上课后没几分钟给我滴定抢上了！！！简直是中彩票！！\n\n赵老师真的是温柔 儒雅 风趣的集合 对每个发言、提问的同学都会认真听并且给出详细的回应（把学生们轻轻接住的感觉啊啊啊）\n\n第一节课就布置好任务 讲得特别清楚（我上别的老师的习概课就连作业都讲不清楚。）课上的讨论题也都挺有趣的 整体氛围特别特别好 也有幸分到了特别好的小组！！最后的任务圆满完成 体感特别好\n\n最后一节课老师的课让每小组的同学分享心得（每组都有对应的一页ppt啊啊 这太细心太贴心了）\n\n赵老师说很高兴这门课能成为大家交流的一个平台和纽带 也希望这门课成为我们都期待的可以放松的一个地方…（眼睛袅袅）\n\n老师的课真的特别好！ 不管你是上课认真听还是做自己的事都会很安心而且有收获 每节课都过得很快…转眼就学期最后一节课 很希望时光倒流回到第一节课一直上赵老师的课！
207568,9362,赵永帅,2024-12-23 06:37:20,10,11,1,先生之风，山高水长。\n\n不管给我几分给他10分
207915,9362,赵永帅,2024-12-25 03:09:55,6,6,0,很好的一位思政老师，对教育有自己的理解，真正为学生考虑
209245,9362,赵永帅,2025-01-14 15:34:02,10,10,0,遇到过的最好的思政课老师！\n\n\n\n一学期下来既讲了课本的理论部分，又总是拓展到时代命题；这样讲不好就空洞，但赵老师又经常能把时代问题回归到我们个人的选择上，听了并不是那种没有营养的话。课程内容上，这次班上人很多好像有20个组，分成三个批次。从某一周开始就是一周一批组在课程回答讨论题，每个组一共会回答三次。另外的任务是读书报告的展示（看重读书和观点而不是花哨的形式）+调研写一份报告（在第十五周交，时间很充足），这些一起组成平时分。老师从来不点名，讨论时同学回答了老师总会给出点评，对一些可能有些敷衍的回答也保持很好的风度。\n\n\n\n因为老师身上那种包容，我的组在调研时选了一个比较大胆的题目，又用了比较大胆的方法在写——如果不是赵老师我认为我99%不会定这个选题。最后从平时分分数还有私下和老师交流来看做得还不错，而且是符合我本心的东西，这在思政课上太难得了。读书报告的选题也稍稍有一点偏，最后找了很多资料把书看完了好好准备的，合理推测在这个部分的给分老师没有为难大家。最后小组平时分95。还有一次讨论我上台说完了感觉没说尽组里的观点，或者说当时没组织好，最后老师的点评也特别让我受启发。一学期下来可以说学得轻松又有热情。\n\n\n\n总评是我自己都无法想象的，居然比平时分还高，让我自己改卷我都给不出这种分数。应该有非常大力地打捞。
210938,9362,赵永帅,2025-01-10 08:09:53,10,10,0,特意为了赵老师，选了玉泉的毛概，每周不管刮风下雨，风吹日晒都要骑车赶来听课，从未有一次缺课。作为理科生，在赵老师手上第一次喜欢上了上思政课，赵老师将这几位伟人的思想精华讲的融会贯通，让我对毛泽东、邓小平的思想和理论有了新的认识。虽然现在还没出分，但我还要给赵老师10分
212492,9362,赵永帅,2025-01-14 05:43:04,5,5,0,给分真的好啊。\n\n考试前有一门专业核心课，毛概没看过，直接就去考了，考试除了字多几乎没写到，最后86/4.2（平时分93）。
212493,9362,赵永帅,2025-01-14 05:44:23,5,5,0,人品好，授课好，给分好。愿称完美的三好老师！
212498,9362,赵永帅,2025-01-14 05:51:40,1,3,2,老师上课给分都好好
212508,9362,赵永帅,2025-01-14 06:02:02,6,7,1,真能捞啊\n\n你敢给我都不敢要
212531,9362,赵永帅,2025-01-14 06:52:46,0,2,2,这是我跌
212551,9362,赵永帅,2025-01-14 07:36:14,4,5,1,老师绝绝对对的男神！！好像是第一次给老师评分，可是老师非常好啊啊啊！！谁懂 期末考那天在楼梯上遇到了他他竟然叫出了我的名字，我们班可是有150个人啊而且老师带了三四个班起码，之前大家这么说我以为只是说说而已，没想到老师真的能记住我们的名字！当时还有点愧疚因为没复习，考试也一坨，我真是没想到老师能给我捞成这样(˚ ˃̣̣̥᷄⌓˂̣̣̥᷅ )不要犹豫直接选赵老师！各方面完美的男神！
212565,9362,赵永帅,2025-01-14 08:00:02,4,5,1,老师太好了，我想给他一万分
212571,9362,赵永帅,2025-01-14 08:15:02,2,3,1,神中神，站在学生角度考虑，给分超级好，上课又很有哲思。
212601,9362,赵永帅,2025-01-14 09:06:41,0,3,3,先生之风，山高水长
212612,9362,赵永帅,2025-01-14 09:20:55,4,4,0,非常好的老师！人文素养极佳，在课上一直引导学生去做很多有意义的思考，选上赵老师是学生时代一大幸事！
212641,9362,赵永帅,2025-01-14 10:28:13,0,3,3,当你看到他在钉群里，用十几行真挚的文字来感谢和祝福同学，你就会知道什么叫伟大。
212686,9362,赵永帅,2025-01-14 12:59:16,3,3,0,老师我爱你
212718,9362,赵永帅,2025-01-14 14:32:58,0,2,2,赵老师真是毛概的神！\n\n人超好，讲课超好，给分巨巨巨巨好！\n\n都给我选！
212730,9362,赵永帅,2025-01-15 02:02:41,2,4,2,十分好的老师，十分的好老师！
212745,9362,赵永帅,2025-01-14 18:37:25,1,2,1,很活泼，有亲和力的老师！！！！！！
212941,9362,赵永帅,2025-01-15 10:03:16,5,5,0,海底捞，无脑选\n\n第一节课会自由分组，可以早点找找组员
212958,9362,赵永帅,2025-01-15 10:37:53,2,3,1,赵永帅永远的神
213021,9362,赵永帅,2025-01-15 15:41:37,0,2,2,海底捞，毛概真神，伟大不必多言！
213318,9362,赵永帅,2025-01-17 02:41:36,3,5,2,各个方面都值得十分，热爱教学且关心学生！
213356,9362,赵永帅,2025-01-17 04:47:49,1,3,2,老师他是真能捞啊！大学三年思政课拿到的最高分.我身边上他课的大部分人都感觉自己答的很烂但是最后分数都高的出乎意料（）老师人也很好，行事温文尔雅，上课侃侃而谈，不点名，两次小组作业也不难，唯一需要注意的是第一节课会自由分组所以可以提前找好自己的组员。无脑选！无脑选！无脑选！
214195,9362,赵永帅,2025-01-27 14:21:49,6,7,1,“老师非常感谢大家[送花花]！其实生命中持续半年每周见一次的人概率并不大，很荣幸在大家最生动的时光中，容许赵老师岁月般地进入！24年的秋冬我们一起直面很多时代议题，反思很多现实话题，真正的答案可能赵老师也没有提供，但我们一直在感知，在思考，甚至在行动！还是希望大家从毛概课带走“主体性”，在社会生活真实的人事物中去建立自己的思考逻辑，理解框架等！真情祝福大家，会想念的！[比心]”
214318,9362,赵永帅,2025-01-31 12:06:25,0,2,2,“平时分我们已经努力了，期末考试我们会继续努力的”
214442,9362,赵永帅,2025-02-04 06:17:25,2,2,0,老师人真的超级好，非常理解同学，平时分感觉都拉满了，上课也幽默风趣！唯一的遗憾就是因为课业任务太多，没有认真听老师上课，真的超级喜欢赵老师的课，极力推荐！！还在毛概课上认识了很重要很重要的人~不点名，事少分好，当时还是跨校去玉泉上课，真的太值啦
214627,9362,赵永帅,2025-02-15 07:11:21,4,4,0,赵老师真的特别特别好，选上就是赚到啊啊啊啊
214712,9362,赵永帅,2025-02-17 03:15:36,5,5,0,无敌了
218572,9362,赵永帅,2025-04-24 16:43:00,0,0,0,太棒啦
218958,9362,赵永帅,2025-05-15 06:55:09,1,1,0,好老师。夸夸赵永帅老师
180984,9770,王立伟,2023-09-30 13:43:15,8,13,5,上课一般，事情特别多
181917,9770,王立伟,2023-11-05 08:21:13,4,9,5,事情多的要命，比其他毛概多10倍
183547,9770,王立伟,2023-11-27 09:10:49,-7,7,14,王老师挺好的😊😊😊
184531,9770,王立伟,2023-12-21 12:31:12,13,16,3,上课从来不点名\n\n只是需要小组轮番做展示 但是一个组五六个人做一次展示 轮着来一个长学期也就做2次展示而已 然后还有一个小组合作完成的报告 大家自行评价吧\n\n讲课水平一般\n\n但是老师是真漂亮
185181,9770,王立伟,2023-12-27 02:53:16,24,33,9,上课没点过名，老师备课很认真，就是小组pre有点多，一个组有5个，如果小组分工好的话任务还是OK的。以及，楼里的逆天评论你不要太离谱，第一次觉得查老师应该实名，，，
185194,9770,王立伟,2023-12-27 04:21:09,-15,3,18,老师很认真负责
187382,9770,王立伟,2024-01-18 05:12:48,21,26,5,给分似乎一般般…\n\n在朵朵上了解了一圈后更emo了，同样的卷面分，在别的班能4.8，在她的班只有3.9，不过也有可能是老师第一次上课不了解平时分该怎么给导致的 感觉老师应该还是属于人美心善的类型，希望老师能注意到这一点，改一下平时分的构成方法吧，全部由评分员决定那真的一个逆天评分员打个70多分一个组的工作就白费了😭😭
187390,9770,王立伟,2024-01-16 01:24:06,14,19,5,事情偏多。老师很漂亮，看起来也很想照顾我们。\n\n但给分真不好
187392,9770,王立伟,2024-01-16 01:34:37,14,18,4,给分很求是 想要高绩点就别选
187393,9770,王立伟,2024-01-16 17:43:23,15,21,6,分出来了去朵上转了一圈，发现是真没捞啊，出分是最快的。捞不捞着也不是最主要的，最主要的是这个平时分既不公开也不是组内分配，那就应该是老师根据我们上交的分工表评的？分工表是自己写自己的难免会怎样懂得都懂。还以为后期老师会让我们组内互评但并没有。平时pre都是小组互评分肯定低啊，既不捞平时分也不透明，大家普遍很无语也挺正常……\n\n老师人是很好很温柔的，不会有什么过激价值观输出。
187394,9770,王立伟,2024-01-16 14:37:28,34,50,16,就23秋冬学期来看，主要有以下问题：\n\n1、不公开平时分，甚至连组内自行分配成绩的权利也没有，不透明\n\n2、事情极其多，一学期五次小组展示+一篇展示报告\n\n3、期末给分很差，不知道分数扣在哪里。估计就是直接按照求是的卷面分和很一般的平时分直接相加获得，小组里同学都在3.3-3.6这一区间内。\n\n因此，慎选。😅😢\n\n\n\n补充：问了老师平时分和期末分，发现问题还是主要出在平时分上，我问到的大部分课友平时分都在90以下（相当于总评扣了6分以上），真TM离谱（别的班正常都在95以上）。总评班上平均在3.6上下，同样的期末卷面放到其他老师班级至少可以高2-3档（应该是所有毛概老师中给分最烂的之一了）。另外，平时分还真就是老师根据我们提交的所谓“分工内容”由她来进行主观地分配的。不明白老师和助教是怎么样相出这种逆天不合理的分配方式的。\n\n\n\n看到老师是新老师，备课什么的看上去也十分认真，有些难听的话我实在不想骂出来，但是一想到这学期做的5次展示，期末认真复习最后被给了3.3的绩点，几乎可以说白费了一学期的努力，我真的难以接受。\n\n\n\n因此短期内选上这位老师课程的同学能退能换还是尽量换吧。如果下学期期末的同学反映有所改观，再选这位老师。
187395,9770,王立伟,2024-01-16 01:42:03,15,22,7,给分不好，事情多，平时分的内容和分数不公开，挺让人一头雾水的。不点名。
187399,9770,王立伟,2024-01-16 02:51:01,15,23,8,事多给分烂 虽然本人4.8 但本人每周背毛概 平时每次展示上 研究报告也牵头 是奔着满绩去的 但从个人角度来说不能算给分不好 但课友们普遍给分不好 为课友发声\n\n但不点名
187401,9770,王立伟,2024-01-16 02:51:08,7,12,5,老师人很美也很可爱，但给分真的太一言难尽了🥲非常无敌求是、、\n\n平时分不公布以为是在捞结果是大绩杀🚬小组互评也没有明确的规则 看到分数真的😇
187406,9770,王立伟,2024-01-16 02:59:47,5,11,6,给分很差，，，已经投入了20+小时的复习，小组pre也很认真，最终努力没有换来回报
187412,9770,王立伟,2024-01-16 04:06:09,-2,4,6,好处不点名，坏处不公开且给分非常求是，讲课也一般般，中规中矩的思政老师。\n\n但人很漂亮，喜欢美女的同学可以选。
187425,9770,王立伟,2024-01-16 05:46:09,6,8,2,给分好低😅
187433,9770,王立伟,2024-01-16 06:28:51,9,10,1,给分太差了 真的完全没有下限 小组之间互评 分数 从来不公开 事情也多 唯一的好处可能就是不点名吧
187566,9770,王立伟,2024-01-16 14:56:27,7,9,2,虽然事挺少不点名，但给分也太低了吧，认真复习背诵+小组作业积极参加结果被绩杀真的无语
188632,9770,王立伟,2024-01-19 12:30:22,8,8,0,事多分低，大绩杀，平时分大都在90以下，小组里面都是3.3-3.6，快逃！！！
189813,9770,王立伟,2024-01-30 03:51:36,-2,6,8,感觉老师可能是第一次授课，不太知道平时分怎么给，可能之后会改变吧
189981,9770,王立伟,2024-02-05 16:05:06,2,6,4,快逃！！！
190254,9770,王立伟,2024-02-26 13:39:54,3,7,4,给分巨烂无比
190457,9770,王立伟,2024-03-04 22:00:31,5,8,3,事多给分烂
193070,9770,王立伟,2024-06-03 08:11:05,2,10,8,老师在这个学期的任务量相对减少了，变成了一次小组展示、一次读书报告展示、一次调研报告，均以小组形式完成。分数由组间互评和老师评分组成，分数由组内分配。老师可能授课经验不足，讲课可能有些疙瘩，但可以理解。每节课需要小组上交纸质的打分表。个人感觉老师是将两次前面提到的展示作为展示凭证了。还没出分，希望老师能比上学期更人性化些。最后希望老师工作顺利。
193763,9770,王立伟,2024-06-17 14:38:50,14,16,2,老师这次平时分变好了诶，而且不怎么点名，任务量也不多，总共两次小组pre一次理论研学报告也不算多。
194210,9770,王立伟,2024-06-22 13:33:46,10,12,2,老师这个学期事情不多了 也不点名 两次小组展示一次大论文 还可以接受的。老师平时也挺温柔的，希望对我的卷子也温柔一点 10分走起
194265,9770,王立伟,2024-06-23 03:44:44,1,5,4,23-24秋冬上她的课真的非常非常心碎，思政课最低而且卡绩（别杠卡绩，没有确定说老师主观想卡的意思），事情多给分烂不划重点，第一年教课向其他老师多学习学习呢。
196014,9770,王立伟,2024-07-01 07:01:12,2,3,1,还没出分：（
196260,9770,王立伟,2024-07-02 17:12:17,6,7,1,老师已经变得很好了，上课从不点名，事情很少，两次小组pre一次小组作业，最后给分也让人很满意
196266,9770,王立伟,2024-07-02 17:28:41,6,8,2,大家放心选吧，老师改了非常多。年轻的美女老师可能之前是第一次开课，但现在老师非常照顾我们，平时事情不多而且期末给分也很好，捞了非常多。期末考前看了几遍提纲熟悉了一下，也没怎么背，好几个大题是随便编的，拿了4.2，非常满意了已经。感谢老师～
196281,9770,王立伟,2024-07-02 21:47:21,4,6,2,王老师现在各方面安排都更合理了，学习过程包括两次小组展示和一份调研报告，最后的总评也很令人满意🤠苯人辨析题两道都做错也有4.5～整体上确实是一位人美心善的好老师👍
196288,9770,王立伟,2024-07-03 00:05:21,7,11,4,老师这学期给得挺好的，很捞，一学期两次小组展示一个研学报告也不算多，平时分也给得挺好的，这次期末试卷和往年很不一样，做得不太好本来以为要完了，两道辨析题全错，但还有4.5
196300,9770,王立伟,2024-07-03 00:32:54,12,15,3,王老师完美诠释了什么叫事少分高，人美心善
196329,9770,王立伟,2024-07-03 02:10:29,6,8,2,给分超好！已改邪归正✓事情不多，平时分给得挺高，考试很捞，绩点很满意✌︎( ᐛ )✌︎
196335,9770,王立伟,2024-07-03 13:41:10,30,31,1,老师我来捞你啦！不忍心我的女神得到这么低的分数。\n\n老师的PPT就像她的人一样美丽。单从PPT来看就已经完胜浙江大学99%的老师了。能看得出来老师上课和备课都超级用心（小声提醒一下老师要注意保护嗓子，按老师的讲话方式一口气讲三节课真的超级累），另外这学期班上有演小品的，有唱歌的也有朗诵的，不知道这些同学最后得分怎么样，老师应该是不鼓励任何形式的内卷的；我觉得真诚和态度比什么都重要；老师的考核要求也十分人性化，她不会像高勇//庞虎那样要求什么站起来发个言讨论一下给你加平时分，这一点我个人十分欣赏；总之就是十分，是我在ZJU见过的最完美的思政老师。上一个被俺这么夸的应该还是池步云老师。祝老师一切顺利!希望大家都能够在这门课上学到东西，以及最后想说一声教员千古。最近在凌晨一点等成绩的时候，在b站刷到一个up主自制的《三体2：黑暗森林》，第四集面壁者罗辑瞻仰五大导师尤其是教员那段，直接泪目了。我当时就觉得我在学的不仅仅是一门思政课，这是他留给我们最宝贵的精神财富和战斗武器，第一次这么形象地感受到他的胜利无人能及。他当时面对三座大山的时候不就相当于人类面对三体人吗？很感动，最后把美好的祝福送给阅读这条评论和选修这门课的同学，以及我亲爱的王立伟女士。
196348,9770,王立伟,2024-07-03 04:30:37,12,14,2,只能说赌对了，可能是新老师的缘故，选上这门课的时候老师的评价还是事多给分还奇烂，抱着水完毛概的心态选了，结果老师这学期有了很大调整，事情少，给分好，在两道辨析题全错的情况下（期末考占16分）也能拿到四以上的绩点。就我学的这个学期的情况看不会有比王老师更好的毛概老师了，建议无脑选！
196372,9770,王立伟,2024-07-03 07:01:52,4,6,2,好老师 必须10分
196418,9770,王立伟,2024-07-03 08:52:15,6,6,0,这学期老师特别好，事情少，平时分很满意了，毛概一点没有背都能3.9，人美事少，我来救老师的评分了。
196482,9770,王立伟,2024-07-03 17:06:54,4,5,1,一开始说要随机小测点名 结果一次也没点 很善良很温柔给分也很不错的老师 改变肯定是听取了大家上学期的建议 希望老师工作顺利呀~
196489,9770,王立伟,2024-07-03 17:44:18,2,3,1,改邪归正
196537,9770,王立伟,2024-07-04 03:32:53,4,6,2,老师这个学期任务量减少了，而且给分应该也变好了
196592,9770,王立伟,2024-07-04 06:56:43,5,7,2,女王我不许任何人忤逆你 人美心善给分好 PPT好看上课还事少 现在真成完美思政课老师了
196700,9770,王立伟,2024-07-05 00:03:57,9,10,1,神中神，可能老师第一年任教不太熟悉，导致了一些问题的存在。不过今年老师给分好，事也不多，也不点名，值得大家冲一冲
196919,9770,王立伟,2024-07-06 01:59:27,-7,0,7,123
197170,9770,王立伟,2024-07-08 12:19:53,6,8,2,士别三日当刮目相待
197223,9770,王立伟,2024-07-09 11:19:22,11,11,0,不点名，老师已经从良了，趁着查老师评分还没匀上来前，选就对了
197662,9770,王立伟,2024-07-25 08:52:43,15,18,3,来补一条评论。我是下面三体那个，感谢女神。最后得到了满绩，谢谢老师
198558,9770,王立伟,2024-09-10 02:47:32,3,5,2,好好好
205989,9770,王立伟,2024-12-13 02:41:30,4,5,1,选了，期待
207627,9770,王立伟,2024-12-23 10:56:30,1,4,3,下学期来上课！
212751,9770,王立伟,2025-01-15 00:38:30,5,7,2,王立伟老师人超级好，给分也很好呜呜呜，人美心善给分好！！！！！！
212754,9770,王立伟,2025-01-15 00:45:34,2,5,3,呜呜呜呜 老师太好了 平时事情少 给分还好 平时分都不怎么扣分。笨人纯理工科学生 最后期末突击了2天 刚才出分了 竟然92。太感谢wlw大美女了 呜呜呜呜呜
212756,9770,王立伟,2025-01-15 01:07:21,2,4,2,已封神\n\n老师人美心善上课事情少给分好\n\n而且老师真的有在认真备课ppt也做得特别漂亮\n\n本人考试前背了两个小时背不下来了最后约等于裸考被捞到92感动死了啊啊啊啊啊啊啊
212758,9770,王立伟,2025-01-15 00:55:29,2,4,2,老师人美心善事少分高还不点名，小组展示会非常耐心地给出评价和建议，选就对了
212765,9770,王立伟,2025-01-15 01:08:36,0,3,3,10分好老师，美丽可爱事少给分超好！完美的毛概老师！
212767,9770,王立伟,2025-01-15 01:11:13,4,6,2,王老师人美心善！之前看到关于她的评论还在犹豫要不要退课来着，上了一个学期，士别三日 刮目相待！！！啊啊啊啊老师很好，不点名，很温柔，很捞，事情和教学组里统一的，给分也是小组一致同意的，好好好好好老师，拯救了我的毛概
212775,9770,王立伟,2025-01-15 01:32:09,5,7,2,老师感觉已经变好了！\n\n一学期没有签到过，还会给10分的签到分\n\n我们组小组展示，读书报告和研学也没有整花活，最后平时分92分（不记得是占50%还是60%了）\n\n最后考试还挺捞的🥰🥰🥰🥰\n\n之前看查老师还挺忐忑的kkkkk
212782,9770,王立伟,2025-01-15 01:51:28,0,4,4,超级捞，不点名，老师人很好。上课是以课本内容为主线来讲，可能不像别的老师一样思维辐射，不过能感受到王老师很诚恳很认真！
212815,9770,王立伟,2025-01-15 03:29:12,5,6,1,24年秋冬毛概\n\n人美心善的好老师！！巨捞巨捞，期末基本没背，平时两次展示（一次读书报告，一次理论研学），平时分基本都90以上，不点名。是新老师，现在给分真的非常好！
212822,9770,王立伟,2025-01-15 03:57:08,3,4,1,老师人美心善
212847,9770,王立伟,2025-01-15 05:03:33,2,4,2,老师上课很认真很诚恳很踏实！！平时按部就班跟着小组也没当组长汇报人啥的，考试突击最后有90！老师还超级美超级和善，选她选她
212860,9770,王立伟,2025-01-15 05:31:47,0,3,3,非常好的老师\n\n人美心善，给分巨捞\n\n开学说要点名，最后一次也没点\n\n都 来 上 王 老 师 的 课 ！！！
213058,9770,王立伟,2025-01-16 01:53:19,7,9,2,神中神，感谢小组成员的通力合作和勇于创新，感谢老师助教的大力支持，最后没有系统复习但也是拿下一个比较满意的分数，惊喜
213149,9770,王立伟,2025-01-16 06:28:25,7,9,2,我一生都是坚定的马克思主义者，但唯有你，我愿称之为神，女神，神中神！
213462,9770,王立伟,2025-01-17 13:26:33,6,11,5,神中神中神！！！一次名都没点过，任务是两次小组pre和一次理论研学（我们组交一篇论文），还有就是期末考了。除了第一节课、两次小组pre的课之外都没去过，小组平时分平均95（都没怎么卷，虽然老师说鼓励更丰富的形式，但我们就是ppt演讲形式），期末考前突击了一天，期末考感觉拉了坨大的，大题好几个不会（很细节的，什么三个重点带动全局是哪三个这种），选择也一堆不会，最后居然满了是真没想到
213743,9770,王立伟,2025-01-19 11:36:55,3,6,3,事少分高，好老师！
214181,9770,王立伟,2025-01-27 02:37:40,7,7,0,一次不点名，给分神中神，女神！
214686,9770,王立伟,2025-02-17 00:04:56,-7,0,7,emmm…
216160,9770,王立伟,2025-03-11 08:47:05,13,13,0,王老师新婚快乐！🍎🍎
219132,9770,王立伟,2025-05-22 04:40:40,2,2,0,好老师好老师
219202,9770,王立伟,2025-05-23 03:21:30,9,9,0,事少不点名\n\n有幸能在大一选上
221569,9770,王立伟,2025-06-24 14:18:14,5,5,0,从不点名的真神，人美课还好，希望期末救我一马，十分奉上
221674,9770,王立伟,2025-06-25 07:57:12,3,3,0,期末选择题错了6道左右，可能毛概大题改卷比较松，竟然考了个不敢想的成绩。王老师给分真的特别好，美女老师！人美心善！
221686,9770,王立伟,2025-06-25 08:41:50,3,3,0,必须10分，人美心善
221693,9770,王立伟,2025-06-25 09:13:27,4,4,0,人美心善，事少分高。\n\n本学期没有点名，小组10人左右，只有两次pre和一篇调研报告，不用卷发言，平时分给的很高；\n\n期末考试统一批卷感觉标准很松，期末卷面分远比自己想象的高，大家不用太担心期末（虽然背的确实很痛苦）\n\n老师第一年可能不太了解浙大思政课，现在已经非常完美了
221705,9770,王立伟,2025-06-25 10:33:12,2,2,0,真的捞，不点名，现在不选以后真的就选不上了
221716,9770,王立伟,2025-06-28 02:09:21,2,2,0,五年没学过的理工科选手，luokao比专业课绩点还高。伟大无需多言
222081,9770,王立伟,2025-06-29 12:41:21,0,0,0,给分真的神！\n\n唯一遗憾是上课有些平淡 但是老师备课很认真 ppt也很好（不过又有多少人愿意认认真真听思政课呢😣😪
197650,10250,俞鼎,2024-07-27 12:14:54,10,33,23,俞老师可好了！是个好老师！
198502,10250,俞鼎,2024-09-09 10:07:55,-2,8,10,不鼓励内卷，事情中规中矩，不算多也不算少，一个学期会有几次雷达点名，最后给分一般般，选俞老师可也是可以的，但如果有给分更好的老师建议去选别的
199209,10250,俞鼎,2024-09-19 07:01:58,-3,9,12,嘻嘻，大一新生，刚刚听到俞老师说“这是一个最好的时代，这是一个最坏的时代”，突然感觉自己被触动到了。赶紧来给个高分
199342,10250,俞鼎,2024-09-21 10:26:50,8,17,9,反对恶性竞争，准点休息准点下课，为学生着想。德法课提供研究性学习选题参考，不用自己想；作业要求也不高，鼓励我们享受大学生活
199969,10250,俞鼎,2024-10-10 01:57:17,-3,4,7,非常好玩，上课的时候会自我发现一些好玩的电，然后悄摸摸笑
200344,10250,俞鼎,2024-10-16 06:32:47,-2,5,7,预置了yl然后退了来选yd的，相当不错的老师，上课摸鱼不会管，事也不算很多。
201964,10250,俞鼎,2024-11-08 03:12:41,-4,3,7,很有才华，人很善良
205333,10250,俞鼎,2024-12-04 12:33:27,-4,2,6,很有意思
205682,10250,俞鼎,2024-12-11 06:37:10,8,9,1,讲课很一般
206360,10250,俞鼎,2024-12-14 14:07:47,-6,1,7,太好啦！
207239,10250,俞鼎,2024-12-20 03:12:27,-5,3,8,特别有意思的老师！！老师嘴有点碎的感觉hhh，同学展示的时候会下来转悠闲聊，但不会管你做什么。
207240,10250,俞鼎,2024-12-20 03:10:53,-9,1,10,特别有意思的老师！！老师嘴有点碎的感觉hhh，同学展示的时候会下来转悠闲聊，但不会管你做什么。
207241,10250,俞鼎,2024-12-20 03:10:53,-8,2,10,特别有意思的老师！！老师嘴有点碎的感觉hhh，同学展示的时候会下来转悠闲聊，但不会管你做什么。
207242,10250,俞鼎,2024-12-20 03:10:54,-8,1,9,特别有意思的老师！！老师嘴有点碎的感觉hhh，同学展示的时候会下来转悠闲聊，但不会管你做什么。
207243,10250,俞鼎,2024-12-20 03:10:54,-8,1,9,特别有意思的老师！！老师嘴有点碎的感觉hhh，同学展示的时候会下来转悠闲聊，但不会管你做什么。
207834,10250,俞鼎,2024-12-24 12:16:23,-7,2,9,很有趣的老师，讲课有自己的思想深度，还鼓励同学们在他的课上做自己需要做的事。
208165,10250,俞鼎,2024-12-26 04:43:13,-6,3,9,德法课：\n\n第一，从不点名\n\n第二，比较幽默风趣\n\n第三，课上当着他的面打游戏他也不会说什么，所以上课可以不听\n\n第四，德法绩点主要由研究性学习报告决定，如果你做的足够多，那么胖子会直接给满绩
208531,10250,俞鼎,2025-01-14 02:56:05,12,14,2,小组贡献度打分真是个神奇的东西，成果都是汇总给组长的，做了多少，其中的含金量又有多少，即使组长把成果发出来了，其他人真的会认真去评判吗
208532,10250,俞鼎,2024-12-29 04:43:04,5,9,4,选上你的德法课真是这个学期最倒霉的事，没有之一
208623,10250,俞鼎,2024-12-30 07:14:39,6,9,3,懒得喷，小组展示按工作量给分，分差还贼大
212287,10250,俞鼎,2025-01-14 00:41:58,-6,3,9,老师特别好，没有电子签到，见解很深，上课也很有趣，555总之是个很好的老师
212291,10250,俞鼎,2025-01-14 01:07:15,-4,4,8,很可爱的老师，讲课很认真，会尝试记住每个同学的名字，也不会太管你在下面做什么。对小组作业要求比较高，但是确实每个作业他都认真听了看了，也给出了很好的修改建议，很有见解。不明白为什么喷小组内的分数分配，老师真的很努力在做到给分公平，小组内成绩分布都是要先公示的，有问题可以组内提出也可以单独找他。至于给分差距大，平常小组作业都没怎么做的凭什么就要有一个和忙前忙后的同学一样的分数？
212329,10250,俞鼎,2025-01-14 01:33:46,-5,2,7,不错的老师
212336,10250,俞鼎,2025-01-14 01:42:13,-3,4,7,各人有各人的看法吧。我分的小组之间的合作不太顺利，做的报告也没有很出彩，但自己得尽量找点事情做，最后也没有做很多，结果也不错。自己本身比较感兴趣所以听课一直坐在第二排雷打不动，不过有时候实在无聊刷会儿手机俞老师也不会管（大多时候听得很认真），就像听故事一样听过就好了，有个印象考试也能容易一点，俞老师还特地来问我名字，可能也有小加分。作为文科生对自己期末的答题不是特别满意，虽然平常听了一遍但最后确实因为开卷一点都没翻书，导致抄了很多才突然翻到能拿分的答案，所以大家能翻一遍书，还是尽量看看各种小标题吧。俞老师还是很体谅大家的，准时准点下课，偶遇大英小测课上背背单词也都OK，听学长学姐说晚出分就是为了给大家尽量高一点的绩点，不管什么课都是有努力才有收获，尽量让老师看见你的努力吧～
212340,10250,俞鼎,2025-01-14 01:44:56,0,4,4,尚可，但给分确实一般般
212402,10250,俞鼎,2025-01-14 03:18:01,7,8,1,水平不咋样，给分看小组互评这个不合理的东西，小组作业全都认真做了，结果是根本不了解自己成果的组员来给分，不是组长的话全看运气，别选避雷快逃【呕吐】，你也不想自己忙前忙后结果运气不好得分巨烂吧
212419,10250,俞鼎,2025-01-14 03:28:04,-1,4,5,一分耕耘一分收获收获吧，最后分数还行
212647,10250,俞鼎,2025-01-14 10:36:26,-3,2,5,研究性学习干得多就有好成绩的。除了研究性学习也没什么任务了，现场教学随便拍两张照片水一水，志愿服务也没有时长要求，做一次就够了，读书报告全靠AI。
212661,10250,俞鼎,2025-01-14 11:10:55,-4,1,5,新晋男神！！！
212780,10250,俞鼎,2025-01-15 01:47:04,0,5,5,这么说吧\n\n想要高绩点就当组长吧\n\n最后要组长按工作量给小组组员评分，组长都把自己的分给拉最高，老师说要有差距。
212874,10250,俞鼎,2025-01-15 06:34:51,-1,3,4,给分公平公正，都是按贡献来的，让组长不要吝啬不要不好意思
212999,10250,俞鼎,2025-01-15 13:22:55,-1,2,3,不点名，上课可以摸鱼，给分看小组研究贡献
213019,10250,俞鼎,2025-01-15 15:33:55,4,5,1,遇见能把小组互评那个不靠谱的分数作为给分依据的老师也是离谱
214126,10250,俞鼎,2025-01-25 02:33:37,6,6,0,想拿高分请当组长🙂🙂\n\n平时上课会有很多让人听着不太舒服的尬吹内容……但是可以不听，老师不管\n\n感觉给分不好🙂🙂我是小组贡献度第二，结果平时分这么低……\n\n只能说想拿高分要不换老师要不当组长🙂🙂
214591,10250,俞鼎,2025-02-14 04:35:37,-4,0,4,老师很好，上课很轻松，会捞人
215991,10250,俞鼎,2025-03-09 04:06:19,2,2,0,老师是超级恋AI（人工智能那个AI）脑，非常喜欢能整活的同学，如果是e人，比较喜欢各种展示的同学很推荐；如果只想听课签到做作业做小组任务然后得个中等偏上的分的话不太容易，不推荐
216049,10250,俞鼎,2025-03-10 02:54:01,2,2,0,关于小组作业，事实上除了当组长还有个办法：\n\n和组长撕逼。\n\n我知道这很扯，但是确实有效。如果你在小组作业里面工作量足够的话，事实上可以找yd去argue的。如果大家都觉得不合理，也可以和大家一起造组长的反。\n\n还是希望各位组长收敛一点，不要闹出我自己这种把别人发的文件占成自己功劳，一个人得分是其他人几百倍的逆天事情吧。
198052,10307,李凌羽,2024-08-27 00:06:17,43,49,6,23年秋冬学期（本人大三上）选的李老师的毛概课。虽然当时其实是奔着和李老师搭档的赵老师选的课，但是第一节课就被惊艳了，我印象最深的是这段话：我们不可能一直抱着老祖宗的东西在看，就像我们学物理化学，我们总不能学炼金术士时候的东西吧。所以大家会发现我们的课越来越多，书越来越厚，这也是每个年轻人必须面对的压力，但我相信，这也是非常光荣的压力。\n\n然后来说说李老师的课程任务。分为课堂发言、经典阅读+ 和 理论研学+ 三个部分。一学期每个小组都会有两次课堂发言，而且是轮流发言，每个小组都会轮到，而且不需要制作PPT；经典阅读是阅读指定书籍后制作PPT对阅读内容、阅读感想进行讲解；理论研学是系统学习某一条思想之后制作PPT进行pre。总的来说任务量很少，大家都不卷，而且李老师虽然一开始给分不会很高，但是期末会调平时分，最终还是看各位期末考的分数。\n\n总体还是非常推荐大家选这位年轻的老师的。
206623,10307,李凌羽,2024-12-16 15:53:54,11,11,0,这么明事理的老师没有十分，在座的各位都有责任
206797,10307,李凌羽,2024-12-17 15:06:44,16,16,0,非常温和友好亲切的老师，拥有在第一节课全员爆满的前提下对着只坐满1/5的教室笑眯眯不点名若无其事讲完课的信念感……
206800,10307,李凌羽,2024-12-17 15:11:36,6,6,0,非常好毛概老师，一般都不点名，每次点名前也会想方设法提醒大家。老师第一节课还用进击的巨人和三体举例，超可爱的！
207542,10307,李凌羽,2024-12-23 03:18:38,7,7,0,非常好的毛概老师
207860,10307,李凌羽,2024-12-24 14:04:42,6,7,1,1.一学期点名两次，点名前会想方设法提醒大家要点名\n\n2.任务不重，小组课堂发言+经典阅读+理论研学，一个小组至多可以有11人\n\n3.人很好，讲课质量好，风格很正派\n\n虽然因为课程本身的性质我很少听课而且有时到课，但不影响我觉得他是一个好的思政课老师
208912,10307,李凌羽,2025-01-03 10:30:25,7,7,0,印象最深的是课堂上能够认真聆听每一位小组的展示并给出宝贵的建议，努力让思政课变得有意义。平时分基本都在92以上，点名会提前通知，课程任务不重，非常好的一位老师！
210136,10307,李凌羽,2025-01-09 01:11:40,8,8,0,老师上课认真负责，虽然同学们都不去上课，后来…但是老师点名也一定会提前说，期末给分也很好啊啊啊啊啊啊大家不要放过这个好老师
210301,10307,李凌羽,2025-01-09 01:20:17,3,3,0,点名会提前说 上课还很认真 给分也特别特别好  必须满分啊老师
210323,10307,李凌羽,2025-01-09 02:13:16,6,6,0,上课一共两次点名 会提前通知\n\n上课认真 人少也讲得很有信念感 \n\n毛概非常捞！都给我去选他！
210332,10307,李凌羽,2025-01-09 02:34:16,2,2,0,上课认真听的话能学到知识性的东西而不是书上那些死的，小组人多所以任务也不重老师也不强制你到课堂，会每次给小组展示提意见，平时分也给的不低。真的是一位很不错的老师！（但是最后考试真的就靠自己了反正一分耕耘一份收货吧）我觉得给分挺好的(｡ì _ í｡)
210436,10307,李凌羽,2025-01-09 07:11:33,5,5,0,点名提前1天告诉你，平时分基本90以上，期末考帮整理重点，讲课也不无聊，没什么好说的，10分
213313,10307,李凌羽,2025-01-17 02:18:48,6,6,0,老师很好的！平时任务不是很多，没有那么卷，期末会划重点，点名会提前说。
221518,10307,李凌羽,2025-06-24 07:31:35,0,0,0,巨好强推
221545,10307,李凌羽,2025-06-24 11:25:13,1,1,0,超级好的老师！！一节课没听，完全没有复习就考前看了下目录，出分4.5，含金量懂了吧
198487,10329,奚佳梦,2024-09-09 07:52:13,19,20,1,老温和了
198913,10329,奚佳梦,2024-09-13 01:28:20,8,9,1,老温和了
199774,10329,奚佳梦,2024-09-29 12:30:27,5,5,0,人挺好的喵，事也不多
208093,10329,奚佳梦,2024-12-25 14:11:28,13,13,0,我觉得奚老师有着让每个学生都喜欢上思政课的远大理想，她也确实在很努力地去做这一点，可惜这实在是太难了，希望奚老师不要因此气馁吧
209595,10329,奚佳梦,2025-01-06 10:29:41,3,3,0,温柔漂亮体贴，老师真的很好
212538,10329,奚佳梦,2025-01-14 07:09:48,2,2,0,温柔漂亮体贴，老师真的很好
212826,10329,奚佳梦,2025-01-15 04:05:42,3,3,0,老师很不错，已经尽量得让课堂内容丰富有趣，但还是顶不住这门课本身的枯燥。给分很好，课程安排也很不错
212842,10329,奚佳梦,2025-01-15 04:55:44,3,3,0,老师比较年轻，上课也很随和。根据要求助教前几节课会点名，点到次数后面就不点了（活动课会点）。我回答问题比较活跃，本身也是文科生，最后成绩也是打满了的。非常感谢奚老师和小燕学姐一学期的认真负责！！！
212850,10329,奚佳梦,2025-01-15 05:05:48,1,1,0,虽然我没听课 但是是好老师 在很认真地上课
212862,10329,奚佳梦,2025-01-15 05:37:10,0,0,0,老师很温柔，给分也很好
213116,10329,奚佳梦,2025-01-16 04:36:24,2,2,0,老师人很温和，上课尽量变得有趣，如果不是要写作业听她的课真的很有意思，很享受。最后给分也很好。
213407,10329,奚佳梦,2025-01-17 08:28:28,0,0,0,老师给分不错，讲课没怎么听咳咳咳
213931,10329,奚佳梦,2025-01-21 14:30:09,0,0,0,一般助教在就会点名，事少，人温和，如果作业不怎么认真也拿不到高分，需要用心一点
198170,10425,马灿林,2024-09-03 14:58:38,1,5,4,啥艰苦环境开会
201325,10425,马灿林,2024-11-07 17:35:30,1,3,2,社发史的老师上课各有特色 给分很好！
205899,10425,马灿林,2024-12-12 14:08:02,-1,2,3,还在上，挺好的
206532,10425,马灿林,2024-12-16 01:58:30,-2,1,3,老师讲的蛮好的
207415,10425,马灿林,2024-12-21 11:30:18,-2,1,3,非常好
207589,10425,马灿林,2024-12-23 07:40:04,1,1,0,好老师！点名好原始哈哈哈哈！很可爱的老师！
208112,10425,马灿林,2024-12-25 15:44:18,5,6,1,社发史和马原都是马老师上的，老师是新老师，但是人很温柔，社发史没听过，听了马原感觉讲的挺不错的，小组展示的时候老师听的超级认真
208739,10425,马灿林,2025-01-01 07:01:24,4,6,2,老师很温柔很可爱，马原读书报告还会照顾同学时间延长，神！
210042,10425,马灿林,2025-01-08 03:53:41,1,1,0,老师上课非常用心，读书报告也给延长时间，很可爱的一个老师
210067,10425,马灿林,2025-01-08 05:41:31,-1,3,4,好老师！神！
210119,10425,马灿林,2025-01-08 07:45:20,4,7,3,出分被创死了，是我太菜还是老师没捞
210161,10425,马灿林,2025-01-08 09:12:24,2,4,2,上的马原。两次口头点名，每次只点了十个人不到。一次pre，一篇读书报告，一次小测。个人感觉工作量很小。\n\n马老师很年轻，讲课用心，比较生动，人也很好，看我们没完成，数次延后读书报告截止时间。必须10分
210166,10425,马灿林,2025-01-08 09:21:39,1,5,4,可可爱爱的老师，给分很好。我高中纯理科生，马原背了一晚上和一早上，结果还不错，谢谢马老师捞捞
210176,10425,马灿林,2025-01-08 09:50:31,3,3,0,事少分高 会照顾同学pre的实际时长进行后调 每个组都有充分时间展示 讲课也好
210178,10425,马灿林,2025-01-08 09:53:59,4,5,1,老师是新来的，我们是第一届。平时挺认真负责的，点名前会在群里通知，最后一节课也是拍了合照。
210186,10425,马灿林,2025-01-08 10:15:27,2,7,5,点名很少且提前通知，是对着名单叫名字\n\n讲的一般，给分很差，大概是新老师不懂规矩
210208,10425,马灿林,2025-01-08 11:26:27,5,7,2,上的是马原，老师是新来的，但素人很好很可爱，讲课也很认真。会积极和同学互动发言，点名会提前说，一学期只点了1次还是2次，就是直接口头点，随便挑大概十几个。读书报告为了照顾大家把ddl从期中延到期末哈哈。结课的时候还和大家拍合照，暖暖的\n\n只有小组pre，一篇读书报告，一次小测和期末考。笨人文科生，课上偶尔听，没发过言，pre也不怎么样，考前复习了大概2小时，最后89绩点4.5很满意，谢谢老师哇！
210234,10425,马灿林,2025-01-08 13:16:05,-1,1,2,老师超级好！！！人很温柔！作业也不多就一次小组展示，一次小测，一个读书报告和期末考！！！我平时都没有回答过问题，拿到我这学期最高绩点！！超爱大家不要放过这个老师！！！
210235,10425,马灿林,2025-01-08 13:20:56,5,7,2,新老师给分差
210263,10425,马灿林,2025-01-08 15:02:05,-2,3,5,老师很温柔很体贴学生，年轻老师也很有自己的想法，说给分差的纯属自己没好好学吧
210693,10425,马灿林,2025-01-10 00:36:59,5,10,5,新老师，讲课水平一般，但是性格好（说实话我感觉马原这种讲课水平跟成绩影响不大），会讲到火影和枫丹（没绷住）。点名提前通知，基本不点，作业就读书报告，最后给分也挺好的，挺不错的。
210909,10425,马灿林,2025-01-10 06:27:26,-11,5,16,老师是新来的，很有教学热情，人很好，一直在努力和学生做朋友。事不多，读书报告会延，点名会提前说而且是抽查，小测是开卷，还有一个小组pre。以及看大家都说给分不好…但我一学期没听过课拿了4.8👉🏻👈🏻
211565,10425,马灿林,2025-01-12 02:33:23,0,2,2,老师蛮好的，小组展示主题可以个性化，但感觉给分可能一般
213077,10425,马灿林,2025-01-16 02:53:26,2,4,2,讲课很一般，喜欢掉书袋，给分很差，平时分90以上几乎没有，完全不了解浙大的绩点规则，慎选！
219170,10425,马灿林,2025-05-22 15:44:02,-2,1,3,给分确实差，新老师表示不了解给分标准
220536,10425,马灿林,2025-06-18 11:56:43,1,2,1,还行的，没点过一次名，考前背背4.5，不卡绩
220566,10425,马灿林,2025-06-18 14:03:20,1,2,1,不错！
220572,10425,马灿林,2025-06-18 14:30:54,1,2,1,出分了，来综合评价一下：\n\n1.事情很少，一共是一次pre＋一篇3000字以内读书报告，在马原班里面真的算很少了。\n\n2.老师很好，看得出来尽力把马原课讲明白了（虽然大多数人都不听）。考前还说有什么问题都让我们问他，会带着大家划重点复习。我本人的论文是认真读了书然后写的，遇到一些困难找他交流，老师非常认真的给我指出来了，很感动。\n\n3.给分很好，不太知道之前给分不好的评价是什么原因，可能是老师看了大家的意见改了，也可能是这些同学确实是补天速通的。算了一下，本人上课发言过但是不多，论文认真写，平时分就基本满了，考试感觉很多都没写出来，最后分数也给捞得非常好。马原分数主要还是靠期末考试，期末如果考得不好的话，真的不能太怪老师。
220591,10425,马灿林,2025-06-18 17:09:39,0,1,1,给分很好的老师！没点过名
201520,10465,丁书颖,2024-11-04 04:48:36,0,3,3,老师还好，可以选，事情会有点多
216138,10731,张志恒,2025-03-11 03:43:34,0,9,9,真的好老师，很好
221295,10731,张志恒,2025-06-22 14:55:56,0,0,0,事少分高
