评论id,老师id,老师姓名,发表时间,点赞减去点踩数量,点赞量,点踩量,内容
5515,33,陈炯,2017-12-12 15:57:53,24,34,10,一幅官样。垃圾！
7836,33,陈炯,2015-09-15 14:29:40,32,40,8,当官的
10989,33,陈炯,2015-11-23 15:26:10,6,8,2,...
11574,33,陈炯,2015-12-06 10:36:43,6,7,1,“太好听了”
11576,33,陈炯,2015-12-06 10:46:58,6,8,2,...............\n\n\n\n\n\n
24479,33,陈炯,2016-04-30 15:30:53,4,6,2,书记P事多
27769,33,陈炯,2016-06-27 12:31:27,4,9,5,手下的辅导员（大概就是助教一类）上的课，不备课，读ppt还读错，什么都不懂，给分还乱给。虽然从来不点名
28484,33,陈炯,2016-06-28 09:20:14,8,12,4,迷一样给分
29523,33,陈炯,2016-06-30 02:22:24,8,11,3,助教在上面讲课，他自己在下面睡觉
29881,33,陈炯,2016-06-30 12:52:43,13,15,2,助教上课 老师在下面睡觉 助教全程读ppt\n\n上课无聊不来听也没事 不过因为助教只读ppt不会拓展所以下课总是比其他班早
30194,33,陈炯,2017-12-05 11:33:30,6,8,2,助教讲课，从来不点名，没作业，想水的同学可以尽情水，但平时分没有区分度，我还是期待有料，不水的形策。给分还行。
30481,33,陈炯,2016-07-01 16:37:44,3,4,1,秋冬是学院团支书讲课，春夏是蓝田辅导员讲课，都是读PPT的。好处是不点名，下课早，没作业。下年还是不是这样不知道。给分应该和闭卷考试成绩挂钩吧，平时分也不怎么给得了。最后提醒考试真的不要作弊，我们形策考场就有一个同学被抓取消学位了。
35217,33,陈炯,2016-11-06 10:45:31,5,5,0,……上课在下面玩手机，啥都不懂，只会发大兴\n\n
47087,33,陈炯,2017-01-23 15:54:03,18,22,4,超级讨厌这种觉得自己很了不起的老师，我见过官比你大的多的是，要这么嚣张？
51390,33,陈炯,2017-06-04 10:37:38,7,7,0,..........“好老师”一定要选噢（微笑）
51391,33,陈炯,2017-06-04 10:32:30,7,8,1,呵呵呵呵
53267,33,陈炯,2017-06-26 09:21:04,8,10,2,两字，绩杀，而已
53841,33,陈炯,2017-06-28 00:46:13,0,2,2,蛤蛤蛤
53929,33,陈炯,2017-06-28 04:41:41,6,7,1,能不选还是尽量别选了
55769,33,陈炯,2017-07-02 10:52:46,5,7,2,上课可水\n\n讲课一般\n\n给分无敌烂\n\n绩杀
55803,33,陈炯,2017-07-02 11:49:30,-8,1,9,行策课嘛，都是差不多的。至于考试，还是看自己怎么准备吧。
56783,33,陈炯,2017-07-04 15:29:40,6,8,2,绩杀了只恨没有零分 当官的一副自以为是的样子 让人作呕 不配为人师表
59350,33,陈炯,2017-09-21 03:19:32,6,8,2,只恨没有零分
59454,33,陈炯,2017-09-21 12:42:48,4,6,2,垃圾 官僚
59538,33,陈炯,2017-09-22 10:03:04,-2,2,4,
60130,33,陈炯,2017-10-16 15:25:24,4,6,2,很垃圾
60295,33,陈炯,2017-10-17 00:52:32,4,6,2,恶心到无以复加
60489,33,陈炯,2017-10-22 11:21:12,0,4,4,声音抑扬顿挫 吵到我睡觉了\n\n自以为是\n\n洗脑\n\n不听也罢
60850,33,陈炯,2017-10-31 07:59:40,1,3,2,辣鸡县令
61852,33,陈炯,2017-11-21 08:52:22,4,5,1,真是什么阿猫阿狗都配做老师了
63409,33,陈炯,2017-12-03 09:30:01,1,1,0,不敢听，听了半个小时仿佛听了三个小时的校长演讲。。
63416,33,陈炯,2017-12-03 12:02:59,0,4,4,既然你要说的每句话都是ppt上有的，那你还每次对着它用傻逼一样的口音读一个半小时，是脑子有屎吗？上课前还不让戴耳机用电脑？？你要是讲课有意思会这么心虚吗？无敌爆炸nc早点退休早点进棺
63845,33,陈炯,2018-10-21 15:24:27,6,6,0,还好，大家理性。。。
74368,33,陈炯,2018-02-15 12:04:40,3,4,1,大sb
74381,33,陈炯,2018-02-16 06:37:42,4,4,0,当官的bitch
80811,33,陈炯,2018-07-01 09:43:43,4,4,0,只能说就这样，下课比别的老师早
83525,33,陈炯,2018-07-10 13:35:24,6,6,0,感谢助教于杰哥哥抬我们一手
83527,33,陈炯,2018-07-10 13:39:54,3,3,0,考前好好准备 功夫还是不负有心人的\n\n老师给分其实也还行 主要看自己
83571,33,陈炯,2018-07-10 15:28:52,0,0,0,...
83580,33,陈炯,2018-07-10 15:49:54,-3,0,3,说实话 平时一点事情都没有让我们很轻松又慌的一匹 不知道平时分会怎么给 上课不允许用电脑 平时不点名 考试有很多思考题原题 考前好好准备思考题 平时看看新闻了解下时事 选择题也是能做的 这样绩点还是有保证的 个人感觉对于陈炯老师期末考就决定绩点了
83609,33,陈炯,2018-07-10 23:32:18,0,0,0,上课水
83735,33,陈炯,2018-07-11 06:34:16,-1,2,3,没作业不点名 正经上课 感觉也没评论说的那样 给分感觉还不错
83743,33,陈炯,2018-07-11 06:49:39,-6,1,7,平时不点名没作业，相比其他老师轻松太多。绩点主要看期末，认真背背思考题和题库还是ok的，最后分数还不错。
83910,33,陈炯,2018-07-11 13:31:41,1,1,0,思考题都知道写出来了啦，给分为什么这么低，郁闷。。。
84022,33,陈炯,2018-07-12 00:59:23,-6,2,8,不点到，下课早，没有平时分，绩点估计完全看考试，给了我4.8，震惊了
85787,33,陈炯,2018-08-10 01:32:15,6,6,0,这个垃圾是怎么混到三分以上的
85812,33,陈炯,2018-08-15 05:27:52,4,4,0,当官的辣鸡
98251,33,陈炯,2019-01-23 08:45:01,6,7,1,请这个垃圾不要再污染空气了
104015,33,陈炯,2019-03-10 05:08:35,3,3,0,没上过他的课，但接触过这位老师，不过多评价，但周围的人都说他人不怎么样。
108138,33,陈炯,2019-05-15 13:53:28,-1,4,5,他配有3分？
112183,33,陈炯,2019-07-03 19:51:45,3,8,5,还好吧，，全程水下来，偶尔翘过课，最后给了4.8，，没说的那么绩杀啊，
112267,33,陈炯,2019-07-04 00:28:42,2,5,3,还好吧，，平时没有作业，相对其他老师很轻松。考前背背文印店的的思考题，课本后面的选择也会有原题，，，\n\n满了，，震惊
112275,33,陈炯,2019-07-04 00:36:12,1,4,3,男低音很性感。事少，给分也不错。
112283,33,陈炯,2019-07-04 00:44:11,1,3,2,助教yjgg挺好的呀
112320,33,陈炯,2019-07-04 01:34:04,-2,1,3,挺认真的
112419,33,陈炯,2019-07-04 05:20:00,2,5,3,形策这个课\n\n本身就没劲\n\n这个老师不点名，平时不用去，\n\n最后给分我觉得还可以？朋友好多4.2 4.5的，期末好好做一下或许有用
112433,33,陈炯,2019-07-04 06:39:03,2,3,1,4.5还行吧，考前背背思考题
112449,33,陈炯,2019-07-04 08:26:03,2,3,1,前面楼上说的都是事实，但是我们这学期给分是相当不错的，所以给高一点，绩点4.8。。。
112461,33,陈炯,2019-07-04 09:12:50,-1,1,2,事儿少给分好！！\n\n考前几小时准备了一下就4.2了\n\n助教很可爱！表白yjxgg！！
112544,33,陈炯,2019-07-04 17:22:53,1,3,2,给分好  4.8
112564,33,陈炯,2019-07-04 17:47:26,-3,2,5,事少，给分好，个人觉得人挺和蔼的
112683,33,陈炯,2019-07-05 00:24:19,2,2,0,给分真的很差唉，论文写的超级认真，每次发言点名都在，考试前背的很认真，题也几乎都会做，最后成绩2.7，呵呵
114538,33,陈炯,2019-07-10 12:31:40,1,1,0,老师课讲的还不错，每节课认真听还是了解到不少东西。期末只要认真复习老师发的复习资料，分会很不错。
116766,33,陈炯,2019-09-15 10:24:56,4,4,0,老师睡觉，助教一边玩手机一边上课，影响学生上课
116767,33,陈炯,2019-09-15 10:25:47,6,7,1,老师在下面睡觉，助教一边玩手机一边讲课。内容假大空，毫无价值，致使学生难以集中精力，十分疲倦。上课内容几乎与课程大纲无关，考前从不画重点，导致学生无复习方向，导致学生考试难以正常作答，同时该助教从不反思自身问题，对学生采用高压政策，对于提出建议并针锋相对的学生进行打压，给予低分。
118116,33,陈炯,2019-10-21 03:58:59,0,2,2,给分好也不能改变是个垃圾的事实
120068,33,陈炯,2019-11-17 09:43:10,1,1,0,官僚主义
120098,33,陈炯,2019-11-17 12:18:42,2,2,0,拖堂拖得要吐了
120378,33,陈炯,2019-12-01 11:05:59,-1,0,1,外国领导人名字都读不熟，新闻根本不分析。
125919,33,陈炯,2020-09-15 16:20:26,-1,2,3,给分还是挺好的！
128074,33,陈炯,2020-12-06 11:21:23,10,12,2,老师讲课还挺有精神的 感觉老师适合唱美声
135062,33,陈炯,2021-04-28 13:40:04,-14,3,17,这个人连狗都不如，玷污了狗的好名声，他的下场恐怕是贱死、贱死、贱死、贱死、贱死……
137811,33,陈炯,2021-07-06 08:27:09,-3,2,5,给分好？？？？？？？\n\n展示还认真剪了个视频上去放的\n\n最后3.9？？？是不是只看考试啊
137837,33,陈炯,2021-07-06 09:19:12,1,2,1,鸡杀\n\n事少\n\n给分差
137841,33,陈炯,2021-07-06 09:26:42,4,7,3,其实老师可以说是一个非常好的老师，至少我觉得他自身的政治修养和党性能够配得上形策老师的要求。老师一头白发了，但是每次上课前都坚持来的很早，并且坚持读书。很自由，形策单双周，一周有事可以直接下周来，不需要请假。每节课上课前老师会跟同学聊天，谈心，我从最开始后排摸鱼，到最后一直坐在最前排认真听讲。\n\n“其实入党不需要一定说什么交多少思想汇报，这些形式上的都没关系，我们不需要自己硬背那些书上的东西，而是让我们所学的相关形势与政策的东西指导我们的行为。”\n\n我永远忘记不了老师的这句话，真的极大地鼓舞了我，也促使我一定会努力早日成为一个优秀的共产党员。
137843,33,陈炯,2021-07-06 09:35:05,1,1,0,我恨啊
138525,33,陈炯,2021-07-09 15:37:57,-3,2,5,垃圾，一副官样，一开始说上课可以做点其他事，后来看到之后就阴阳怪气\n\n说话威严得很，自己从来不讲课全让助教讲，一本正经讲谁都知道的常识还觉得自己很厉害，给分还贼差\n\n原来这个评论可以骂人的，那就脑瘫老师，半个身子埋进土里还要觉得自己很牛逼的sb，欠毒打的那种
138635,33,陈炯,2021-07-10 04:47:26,4,5,1,上课不给用电脑qwq\n\n感觉对同学态度不好…同学展示：“你到底要讲什么？”“好我知道了，你讲快一点。”\n\n大部分课都是助教上的hhh
141750,33,陈炯,2021-10-24 11:54:50,0,0,0,我不李姐
147412,33,陈炯,2022-01-10 02:56:27,2,4,2,一股子爹味…
156006,33,陈炯,2022-06-17 05:45:10,3,4,1,我rnm，laji。。祝您全家。。。
156019,33,陈炯,2022-06-17 06:44:09,3,4,1,byd他妈死妈玩意什么东西讲的
156068,33,陈炯,2022-06-17 10:16:45,2,3,1,给分烂死，给爷爪巴
156105,33,陈炯,2022-06-17 14:41:21,3,4,1,这逼给分烂还摆官样，助教在出分前一天才开始批改寒假作业和我说文档下载不了，幸亏U盘里保存了否则直接重新做人，就离大谱
156584,33,陈炯,2022-06-20 10:46:04,0,0,0,给分差，期末写满，每次签到都到出来3.6
170470,33,陈炯,2023-03-05 11:06:02,0,0,0,还可以，这个学期不说给分但是还是相比上学期好一些
171227,33,陈炯,2023-03-19 13:02:36,1,1,0,鸟人，练膀胱
174819,33,陈炯,2023-06-18 13:10:07,0,0,0,偶尔点名，至少他事少吧
174820,33,陈炯,2023-06-18 13:14:01,0,0,0,至少事少
175497,33,陈炯,2023-06-25 07:58:35,0,0,0,给分贼差
175937,33,陈炯,2023-06-27 08:02:49,0,0,0,给分不好
194035,33,陈炯,2024-06-21 13:23:14,0,0,0,应该主要看期末，平时签到搞好，到考试的时候参考一下历年卷背就行了。
194513,33,陈炯,2024-06-24 08:18:17,2,2,0,课是讲的有点无聊的，打分是打的挺好的，只要签到满、作业都做应该不会低分
194515,33,陈炯,2024-06-24 08:19:24,2,2,0,给分好
195692,33,陈炯,2024-06-29 15:29:55,1,1,0,给分挺好的
200637,33,陈炯,2024-10-20 12:44:35,1,1,0,sb玩意，拖课
33969,305,肖刚,2016-09-24 03:16:32,-1,0,1,非常好的老师！十分细心认真，对课程质量要求很高，但人很不错。\n\n
88254,305,肖刚,2018-10-25 04:34:38,1,2,1,千万别选这个课，作业太烦了，给你一些找也找不到资料的问题，还总是调课
88282,305,肖刚,2018-10-26 11:19:19,0,1,1,别选太阳能发电，这门课几乎是光学+天体地理学，老师要求特别严，要做n次（大于4）p p t，而且如果你光学基础不好都做了给分也不会好的。\n\n要选课的同学看看课本吧，你要是看得懂的话那你就选吧。\n\n千万别选啊！！！
91130,305,肖刚,2018-12-01 03:42:36,0,0,0,干货很多
127353,305,肖刚,2020-11-21 01:41:25,-1,0,1,肖老师真的是大师，人好，课也好！！没有那么压力大，自己主动点，比很多课要有趣多了
127486,305,肖刚,2020-11-23 12:13:44,-5,0,5,男神哦
128877,305,肖刚,2020-12-26 09:26:27,-3,0,3,真的偶像，神一般存在，和蔼可亲，都是干货，老师我爱您
136316,305,肖刚,2021-06-16 07:28:12,-5,0,5,毕业了，回来挨个打分。肖老师是经验丰富、认真负责的老师，太阳能专业课是那个学期（疫情网课）我最用心的一门，老师几乎每节课都提问我，每节课也都有小展示。属于是不能划水，认真学必有收获的课程。
184299,305,肖刚,2023-12-16 03:59:24,0,0,0,有干货
191307,305,肖刚,2024-04-17 07:39:03,5,8,3,太阳能，仅针对他的教学能力，很失望，把问题复杂化，课堂氛围死气沉沉，课上安安静静的时间大概占了三分之一，死一般的沉寂，卷发言，不会互动硬要互动，经不完全统计，一节课可以说20多遍的“是不是”“对不对”“对吧”，讲课并不简单易懂，上课让学生自己看课本，似乎上课的时间都是靠他自发或不自发的“留白”勉强撑过去的
191660,305,肖刚,2024-04-27 05:13:04,2,2,0,给分差
203741,305,肖刚,2024-11-21 02:04:57,1,1,0,一个pre，作业不是很多，但是最后那个虚拟光热电站的计算非常抽象\n\n按理说就是水课，结果给分奇低，只有3.3，所有作业都做了，也算好好做了，去问了另一个课友，也只有3.3，可见不是个例，确实给分低
219478,305,肖刚,2025-05-28 08:11:39,0,0,0,上课疯狂抽问，依靠回答次数加分，导致一堆人乱回答。他讲的东西几乎很难听懂，并且知识没有形成体系，几乎不用ppt的干讲，想到哪里讲到哪里。
14650,369,周昊,2016-01-08 05:33:29,5,7,2,好好好
33443,369,周昊,2016-09-19 10:36:28,4,7,3,迷之困倦 神之催眠
33448,369,周昊,2016-09-20 01:50:14,1,3,2,说口齿不清的那个，我听着挺好的啊
33485,369,周昊,2016-09-19 15:01:46,10,18,8,低碳能源奇水无比。上课口齿不清，自娱自乐，基本听不清说的是什么。
33977,369,周昊,2016-09-24 05:32:57,1,5,4,赶紧退课
34084,369,周昊,2016-09-26 14:37:09,7,7,0,好好听收获会很大
34325,369,周昊,2016-10-02 12:27:58,3,4,1,让我爱上了能源啊哈\n\n
59657,369,周昊,2017-09-25 11:51:18,3,3,0,超级可爱的老师，知识也很丰富，讲的非常棒
147846,369,周昊,2022-01-11 03:50:52,3,4,1,sb，大sb
28272,405,陈坚红,2016-06-28 08:24:29,1,2,1,哎～～
32578,405,陈坚红,2016-07-08 01:55:33,1,1,0,学年最低分\n\n
88982,405,陈坚红,2018-11-13 08:27:38,1,1,0,讲得很清楚，但速度有点太慢了。态度和善，很棒的老师
152252,405,陈坚红,2022-03-31 10:21:23,-1,2,3,给分太差
184572,405,陈坚红,2023-12-22 01:07:08,1,1,0,陈老师真的很随和
191622,405,陈坚红,2024-04-26 03:23:24,4,5,1,上了老师的透平和热力系统工程，老师讲的慢但是讲的很细很清楚，听智云也很舒服。一般老师喜欢第一次上课的时候口头点一遍名，后面就不点了。热力系统工程真的很绝，平时作业+期末考，期末考按点给分的不定项选择+送分的附加题，纯纯新爹！
191623,405,陈坚红,2024-04-26 03:34:04,2,2,0,人好事少给分高
191627,405,陈坚红,2024-04-26 05:23:23,1,1,0,人很好讲课细致但语速有点慢，给分从透平到热力系统工程，发现只要好好学了就能获得好成绩
191827,405,陈坚红,2024-05-01 03:17:54,1,1,0,人好事少给分高
203629,405,陈坚红,2024-11-20 07:54:37,2,2,0,老师人非常儒雅随和，对学生很关心热情，课程作业有趣收获很大，也不是很麻烦，给分也非常好
217973,405,陈坚红,2025-04-18 13:57:57,2,2,0,虽然热力系统工程还没考，但是陈坚红老师真是一个好老师，两次发作业的课都没去，陈老师也不会记名字，只会让班长拿走，“这些同学可能是没有来上课吧，班长帮忙把这些本子拿回去吧，不然最后一节课了，这些本子肯定会没了”，谁懂这句话的温柔程度啊，他不在意谁没来上课，只关心作业本会不会拿不回去，呜呜呜，泪目了
218521,405,陈坚红,2025-04-24 07:00:09,0,0,0,好老师，大爱无疆
173522,433,张学军,2023-05-27 17:12:43,3,5,2,开暖通空调这门课 很难不0
27495,471,黄群星,2016-06-26 14:24:31,2,2,0,笑声很魔(gui)性(chu)
89890,471,黄群星,2018-11-21 07:04:59,1,1,0,听黄老师的课如沐春风
118950,471,黄群星,2019-11-08 08:40:09,7,8,1,老师还行吧，学者其骨师者其风
153176,471,黄群星,2022-04-26 11:05:52,0,0,0,老师人很好！
179355,471,黄群星,2023-09-12 23:38:30,3,3,0,好 很好 非常好
181357,471,黄群星,2023-10-16 02:04:58,0,0,0,支持黄老师
182430,471,黄群星,2023-11-16 03:23:15,1,1,0,人挺好
183177,471,黄群星,2023-11-22 14:02:31,0,0,0,好好好
199814,471,黄群星,2024-09-30 06:48:33,0,0,0,很尊重学生，很好
203482,471,黄群星,2024-11-19 23:54:08,1,1,0,very good
214924,471,黄群星,2025-02-19 06:22:24,0,0,0,自控讲的确实可以
216755,471,黄群星,2025-03-24 05:52:39,3,3,0,如果你是新能源专业的，大三后，黄群星老师将是你遇到的唯一正常的老师。
217897,471,黄群星,2025-04-17 15:45:02,0,0,0,能源之光
3549,637,朱华,2015-06-17 01:32:54,2,5,3,老师说话是一种平的腔调，给分略低。
3825,637,朱华,2015-06-17 05:28:07,2,6,4,讲得无聊给分低
7411,637,朱华,2016-06-30 15:07:09,10,13,3,上课超级无聊
8180,637,朱华,2015-09-17 09:53:58,-1,2,3,语气有点平，听课容易睡觉，知识点还讲的行
11108,637,朱华,2015-11-24 08:21:59,2,4,2,给分太低了吧
16378,637,朱华,2016-01-18 04:04:21,2,5,3,上的是核电站，比较无聊。\n\n本来给分挺好的，可是作死翘了一次，被扣了好多分，本来说不定都是这学期最高分。伐开心
23475,637,朱华,2016-03-31 02:26:23,6,6,0,讨论个鬼啊，老师你有尴尬癌吗？
23496,637,朱华,2016-04-01 01:13:55,2,3,1,讲课巨无聊，就是念ppt
23577,637,朱华,2016-04-07 02:26:39,1,6,5,感觉这个老师讲课很认真呀，对同学们也很好，有问题一定会解决。非常喜欢的老师
27622,637,朱华,2016-06-30 15:07:01,1,4,3,就说一点，工热期末去别的老师那儿听复习课，混混别的工热群，否则坑死你，今年就我们班不知道计算题考什么
29198,637,朱华,2016-06-29 11:30:05,2,5,3,老师讲课很认真，也不难懂，只要认真学，期末4以上是肯定没有问题
29959,637,朱华,2016-06-30 15:02:17,0,2,2,课堂氛围很安静
30533,637,朱华,2016-12-12 07:31:23,0,3,3,巨坑无比，慎选。\n\n上过她的工程热力学和传热学，旁听过其他老师的课，简直没法比。\n\n上课无聊，讨论课组织的也很烂，大作业也很烦。\n\n传热学助教也很坑。
44745,637,朱华,2017-01-18 07:48:00,2,2,0,助教是有病吗作业ABC，平时成绩给的很低很高兴是吧？
44923,637,朱华,2017-01-18 13:55:03,2,3,1,本科目前为止见到最差的助教，平时作业分等级，相差悬殊，并且没什么依据，也懒得去查卷面分了，真恶心
49115,637,朱华,2017-03-27 02:37:02,-1,1,2,萌萌哒老师
56618,637,朱华,2019-02-26 15:06:41,2,6,4,给分差，讲的差，千万别选，能换成俞自涛的一定要换！！！
56631,637,朱华,2017-07-04 06:15:37,0,1,1,上课无聊…
57672,637,朱华,2017-07-12 05:27:49,0,0,0,助教改作业，只知道答案不知道过程，不负责。老师，上课有点困，虽然很大声。期末，复习没重点。给分，我觉得也没好到哪去。主要还是靠自己吧
75049,637,朱华,2018-03-07 06:44:42,2,2,0,emmmmmm怎么说，为什么给我一种自己妈妈在上课的感觉。。
76029,637,朱华,2018-03-25 04:05:13,0,1,1,治好了我的失眠
84891,637,朱华,2018-07-14 08:20:44,3,3,0,上了工热我觉得海星啊。这学期助教换了吧，给分挺好哒！
96563,637,朱华,2019-01-21 06:33:06,2,2,0,传热学我觉得老师上的很有条理啊 难得地方都能让我们理解 平时对同学也很好
109729,637,朱华,2019-06-19 02:25:09,3,3,0,楼下要换成俞自涛的那位兄弟，你知道这位老师也是俞自涛的老师么
114355,637,朱华,2019-07-09 23:39:59,1,1,0,讲真工程热力学只要好好看几遍书成绩就不会差，谢谢老师\n\n
56502,640,钟崴,2017-07-04 02:05:24,0,3,3,助教太坑，傻逼助教，按字迹给平时分
62864,640,钟崴,2017-11-27 07:31:17,0,2,2,助教太傻逼，老师挺好的
66242,640,钟崴,2018-01-14 02:53:22,0,3,3,助教傻逼
78477,640,钟崴,2018-05-12 08:55:21,0,1,1,不推荐……被正态了
107017,640,钟崴,2019-05-01 00:14:42,8,10,2,老师上课讲得挺清楚的，上机课助教还是挺热心的，就是问了很多问题他没有回答上来。同学在群里问问题老师不怎么回复。这课还是得靠平时认真一点，期末突击效果可能不怎么好。
135513,640,钟崴,2021-05-12 09:59:52,0,0,0,成绩正态分布，每节课都去，吃了字迹不好的亏，字不好=成绩不好
145265,640,钟崴,2021-12-28 14:36:18,-1,0,1,12额2
219339,640,钟崴,2025-05-25 13:05:10,0,0,0,讲课还可以，现在的助教挺好的，有问题随便问，人还有点小帅，最后分数也还行，差1分就满了。
23298,686,何文华,2016-03-24 02:13:04,1,3,2,“不知所措，就会被水淹没。”\n\n      ——中国著名植物学专家何文华\n\n“最后祝你，提前XX”
23299,686,何文华,2016-03-24 02:02:39,-4,2,6,Super SB
24346,686,何文华,2016-04-29 16:16:42,0,0,0,讲课一般但人还是不错的
80993,686,何文华,2018-07-03 08:19:22,3,3,0,老师人非常不错，虽然知识层面可能跟不上时代了...
11523,701,罗坤,2015-12-03 15:09:07,5,9,4,分数低
119693,701,罗坤,2019-11-15 00:52:58,-1,5,6,水逼老师，8次课自己只上一次，剩下全是小组展示，数值计算只讲几个基础知识，软件全部自己回去自学，每两周让你复现一篇高水平文献里的仿真，严于律人，宽以待己的典范
127642,701,罗坤,2020-11-25 08:06:28,-2,0,2,
136318,701,罗坤,2021-06-16 07:41:28,5,6,1,《风电风机课程设计》的时间太尴尬了，正好是忙着考研/招聘的时候，设计难度也不低。我们这届可以说是靠小组合作、互相帮助走过来的。
3608,712,孙志坚,2015-06-17 01:48:33,15,16,1,不错
4868,712,孙志坚,2015-06-30 05:23:00,8,8,0,良心给分
22942,712,孙志坚,2016-11-20 06:27:21,4,4,0,好好好好
29174,712,孙志坚,2016-06-29 10:26:18,6,6,0,给分可以
29535,712,孙志坚,2016-07-01 06:38:57,3,3,0,好啊啊\n\n
76345,712,孙志坚,2018-04-04 01:14:47,1,3,2,每次上课会让大家自己签到，讲课感觉老师讲不清楚，老师人还是不错的。
108467,712,孙志坚,2019-05-26 02:48:29,1,10,9,上课一点激情都没有，就是念ppt，学传热学，学物理不是记公式就行了，但是他一点内涵都不讲，全程念ppt。辣鸡老师。
136319,712,孙志坚,2021-06-16 07:42:46,1,1,0,老师人很好，讲课可能有点不清楚，给分也比较好
137741,712,孙志坚,2021-07-06 02:54:12,2,2,0,上课一般，但很认真、负责
156018,712,孙志坚,2022-06-17 06:41:16,2,2,0,感谢老师的不挂之恩
157339,712,孙志坚,2022-06-23 04:01:23,1,1,0,讲课一般。给分一般。
160025,712,孙志坚,2022-09-12 02:45:36,11,11,0,我学的是工程热力学，孙老师讲课会写大片的板书，手上捏着几张讲义，PPT基本上是辅助，板书才是干货。光看PPT比较难学懂的。课后习题答案很难找，不会做尽量多和助教/孙老师交流，否则期末考会完蛋的。一个学期一篇课程论文+一个小组合作的展示报告PPT，记得做完把PPT和搜集引用的论文打包交给助教留档。
171084,712,孙志坚,2023-03-16 00:06:14,4,5,1,说实话 讲得很烂
175955,712,孙志坚,2023-06-27 09:12:26,1,1,0,工程原理课就别听了，好好准备a4纸，论文认真一点，还行
177285,712,孙志坚,2023-07-02 14:50:47,10,11,1,整个工热教研组就是一坨屎
191296,712,孙志坚,2024-04-17 02:09:46,1,2,1,😅😅😅工热的课程安排真的一坨，其他的也好不到哪去
191610,712,孙志坚,2024-04-26 00:36:13,1,1,0,老师我真的有点听不懂……
195413,712,孙志坚,2024-06-28 03:49:10,1,2,1,上的是孙老师的工热甲，老师讲课还是非常认真的，遇到需要推导公式的都会在板书推导。作为一个这门课逃逃上上的人能很明显的感觉到听老师上课是有用的，有些地方自学真容易搞不懂/弄不清重点。跟着老师把公式推一推其实要背的没有很多。\n\n给分也挺好的，大概算了算老师应该把平时分拉满了（我是平时作业认真做了，线上部分没怎么卷普普通通，签到缺了一次）\n\n总之就是在工热这门课安排很💩的前提下老师已经很不错了，分比较低可能是课程debuff
210886,712,孙志坚,2025-01-10 06:00:27,1,1,0,未来数智化能源。\n\n满绩了，谢谢老师！\n\n老师很亲切随和，会对每一个学生负责。上课比较“水”。但是认真听是有收获的
218894,712,孙志坚,2025-05-12 02:10:21,1,1,0,孙志坚老师讲课很好，但我拉下了很多科学、数学基础课程，还需要补一些课程，板书很好
219435,712,孙志坚,2025-05-28 07:23:07,1,1,0,(☉｡☉)!
221398,712,孙志坚,2025-06-23 08:15:27,0,0,0,工热甲出分了来评论一下，老师平时的板书写得还挺好的，人也比较和蔼，喜欢聊一些人工智能的内容。由于工热这门课本身内容又多又难，有些时候上课听的没那么明白的时候也需要自己课下额外消化理解，给分的话个人感觉的中等偏上一点的水平
221541,712,孙志坚,2025-06-24 10:13:59,0,0,0,老师上课还是比较认真的，会写板书来帮忙复习，喜欢聊一些数字化能源有关话题。今年平时成绩是线上课程加答题，再加上一次pre一次课程论文，任务还是比较重的。不过确实给分比较求是，只能说课程问题
58068,809,王勤辉,2017-07-28 06:25:54,10,11,1,操你妈个b
58078,809,王勤辉,2017-07-28 08:36:51,1,3,2,非常坑
136324,809,王勤辉,2021-06-16 08:08:05,10,11,1,首先，火电注定是夕阳行业，很不建议我们浙大的同学再入行火电，哪怕是搞废弃物利用、烟气处理都比研究锅炉构造好。其次，《锅炉课程设计》的工作量奇大，顶着考研和秋招的压力，我们花了整整一星期手绘A0图纸和编写说明书，腰直接干废了，就为了这么一个看不到前景的玩意，私以为已经是用心极致了。结果答辩的时候有位老师直接阴着脸，让我们现场反复修改折磨，给分也很差。我寻思如果不是培养方案安排不合理，在大四秋期这个节骨眼谁tm花这么多时间精力搞这夕阳红玩意？？？当然周志军老师还是很棒的，讲课思路我很喜欢，课程设计的答辩比较有耐心，会给你讲解。
200143,809,王勤辉,2024-10-14 02:41:11,1,1,0,纯种大傻逼  服了 纯纯智障
200303,809,王勤辉,2024-10-15 14:36:03,3,3,0,事情很多，四天检查三次
15011,870,王涛,2016-01-11 13:18:25,2,6,4,男神……
41354,870,王涛,2017-01-11 04:13:44,6,8,2,王涛老师超级帅，人也好，给分高，听老师的课就是一种享受
47728,870,王涛,2017-02-22 02:27:14,1,2,1,厉害哦
60509,870,王涛,2017-10-23 02:47:13,-1,0,1,好的很啊
80319,870,王涛,2018-06-25 06:09:46,-1,0,1,人很好
127485,870,王涛,2020-11-23 12:13:28,-2,0,2,男神，上课幽默风趣但不失严谨的治学态度
152911,870,王涛,2022-04-21 13:55:33,5,5,0,二氧化碳课第一年开，均分可能不到80，学弟学妹慎重。上课老师讲的都是概论，大致能了解个大概，并不深入。
173696,870,王涛,2023-06-01 14:09:47,0,4,4,王老师班主任的恶名能在本学院远扬至众人皆知，也是对他出众能力的一种肯定吧（笑）；\n\nWT你不看看你班上带出来的那几个贵物，人模狗样的，都几把干了™些什么事！（倍恼）
8926,928,甘智华,2015-10-01 08:30:07,-16,25,41,好老师，特别负责的班主任，每周末来看我们，还请大家吃饭
9359,928,甘智华,2015-10-23 15:49:02,-18,20,38,认真负责，很关心我们
12075,928,甘智华,2015-12-21 15:48:38,-22,18,40,认真负责，和蔼可亲
12076,928,甘智华,2015-12-21 15:49:03,-24,16,40,非常棒~
23085,928,甘智华,2016-03-17 05:50:00,-23,17,40,超赞的老师
23096,928,甘智华,2016-03-17 11:34:18,-25,15,40,很可爱
27307,928,甘智华,2017-04-15 19:08:36,24,48,24,垃圾，上课就会吹！
36087,928,甘智华,2016-11-10 11:58:22,-25,15,40,认真负责
48941,928,甘智华,2017-03-17 06:50:50,-33,11,44,讲课内容很仔细，认真负责，课件内容也会拷给学生。
48984,928,甘智华,2017-03-20 12:45:02,-28,15,43,阿甘超级认真负责！超级可爱！就是上课有些跳跃老是跟不上?
49167,928,甘智华,2017-04-19 06:32:24,40,59,19,垃圾
52345,928,甘智华,2017-06-18 16:30:57,33,42,9,呵呵呵
57507,928,甘智华,2017-07-09 04:00:01,35,46,11,怎么会有这种老师？
58718,928,甘智华,2017-09-15 16:33:25,-10,8,18,。。。
59936,928,甘智华,2017-09-28 11:35:45,-6,6,12,
60192,928,甘智华,2017-10-12 14:47:37,-22,12,34,阿甘班主任超好的，细心贴心，关心学生。
61123,928,甘智华,2017-11-09 00:31:14,25,32,7,水
63853,928,甘智华,2017-12-17 17:34:48,30,38,8,讲课跳跃太大，跟听天书一样。有没有人能提提建议
71171,928,甘智华,2018-01-28 05:41:31,22,31,9,能源系最水给分最差的老师，没有之一，能不选他的课一定不要选
74982,928,甘智华,2018-03-07 02:06:07,17,24,7,不要选
79827,928,甘智华,2018-06-14 05:14:19,14,20,6,浪费时间\n\n
83513,928,甘智华,2018-07-10 13:04:22,17,21,4,只能说呵呵了
84597,928,甘智华,2018-07-13 09:18:22,19,22,3,爱装逼
87679,928,甘智华,2018-10-10 03:14:28,15,19,4,评价里全是说可爱和蔼的，你们是来学习的还是看老师卖萌的？就教学来说是真的烂
90923,928,甘智华,2018-11-27 12:48:30,6,10,4,跳跃真的很大，但是选修课只要好好复习，问题是不大的，可以学很多东西，可以少吹逼...效果会更好的
92140,928,甘智华,2018-12-26 15:39:01,-7,5,12,超级好的老师！
98184,928,甘智华,2019-01-23 07:06:28,7,10,3,怎么不能打0分？
118427,928,甘智华,2019-10-27 03:43:20,-2,5,7,讲课有些跨度是真的，但老师的理念还是很先进的，课上还有机会参观别的学院实验台，有机会看实验室带过来的压力计和冷头。课也不是很水，要是讲课能清楚些就好了。甘老师人和蔼可亲，超级nice的。
119854,928,甘智华,2019-11-16 07:55:19,-6,0,6,老师是好老师，就是不会讲课。
120111,928,甘智华,2019-11-17 13:04:44,3,5,2,吹逼课！真香
120192,928,甘智华,2019-11-23 10:45:55,-8,1,9,讲课不大行，不过人不错，很注重时间
124990,928,甘智华,2020-08-01 02:21:10,-5,6,11,上的老师的每一门都很充实，收获满满哟！制冷低温测试技术、低温工程材料每次上课小测，每堂课课后作业，最后还有课程论文加上期末考试。主持的暑假线上小学期每天六个半小时的讲座，不间断上十六天，再加上最后一w字的报告和个人展示。对比隔壁热能相当水的小组1w字报告和展示，老师的安排让我学到了非常多的知识。这样认真负责的老师，爱了，爱了！
125031,928,甘智华,2020-08-16 10:31:21,3,7,4,强烈建议学弟学妹不要选这个老师的课，千万别选，选了保证后悔，煞笔老师
127641,928,甘智华,2020-11-25 08:05:39,-7,4,11,甘老师上课干货超级多，有的课可能事情比较多但是对学习低温方面知识很有帮助。甘老师人炒鸡nice，和蔼可亲，想学低温强推
132981,928,甘智华,2021-02-05 17:25:45,3,7,4,破事太多太多就算了，毕竟2学分的测试技术上出5学分的感觉，赚了赚了。虽然老师明说了试卷很难，但期末给分太过求是，和其他专业课比起来会让人痛不欲生。只能劝低温的学弟学妹们测试技术硬着头皮上，其他甘智华的专业选修课能逃多远逃多远！！！
153724,928,甘智华,2022-05-09 10:49:06,0,6,6,建议不要跟老师搭上关系，我因为分数错误的原因跟老师反馈，老师直接找我谈话跟我说了一堆奇奇怪怪的理论想洗我脑的感觉，最后也是没改回来分数。他的话术充满着我这辈子没听到过的荒谬观点，真不建议，说什么利益，说什么剥削，有点恐怖。而且老师会因为平均分过高，不通知直接改变分数组成占比来拉低平均分非常恶心。
167543,928,甘智华,2023-01-17 07:24:37,2,3,1,感觉还行
11019,1051,朱绍鹏,2015-11-24 01:31:45,-2,0,2,额怎么说呢
12588,1051,朱绍鹏,2015-12-23 14:23:55,0,2,2,朱老师超级棒！
46210,1051,朱绍鹏,2017-01-21 02:32:43,-2,0,2,给分记好
50008,1051,朱绍鹏,2017-04-28 12:37:27,4,5,1,专业逃课一百年，给分不错，全靠自学，作业无常
109573,1051,朱绍鹏,2019-06-17 07:01:45,2,2,0,我寻思活这么久也没见过这么明着让学生鹅颈的老师了
153892,1051,朱绍鹏,2022-05-16 02:29:53,6,7,1,不想上课可以不上来着
160911,1051,朱绍鹏,2022-10-19 09:12:22,3,5,2,不会上课可以不上
161128,1051,朱绍鹏,2022-10-28 02:08:23,11,11,0,不明白这么垃圾的老师为什么还有这么高分？？\n\n上课朗读PPT，还tm玩手机让我们自己看书，去你🐎的sb玩意
182886,1051,朱绍鹏,2023-11-21 02:54:07,2,3,1,纯纯➗
218728,1051,朱绍鹏,2025-04-29 15:04:47,0,0,0,朱老师人还是可以的，不卡分。但是她的课，我只能说听不听没有任何区别
48305,1208,薄拯,2017-03-02 04:26:15,0,5,5,老师很优秀哦~
117671,1208,薄拯,2019-09-28 12:22:54,4,8,4,好老师，能源未来的扛把子\n\n
22987,1209,胡亚才,2016-03-16 00:36:22,5,5,0,上的不好，工程热力学千万不要选他的课。上课总是讲的很浅，不深入，泛泛而谈。讲课也没有条理，想到哪里讲哪里，很多都重复与课程无关。\n\n
23113,1209,胡亚才,2016-03-18 03:07:22,3,3,0,胡芽菜
25837,1209,胡亚才,2016-06-11 07:37:45,3,4,1,菜鸡，瞎bb
28230,1209,胡亚才,2016-06-28 08:18:32,-1,1,2,讲的感觉工热有多么简单，考完试就想骂娘。
4496,1328,王勤,2017-04-28 09:14:53,0,1,1,老师人不错，讲得挺清晰的
7628,1328,王勤,2015-09-15 06:51:16,1,1,0,分分钟要喝咖啡
20994,1328,王勤,2016-02-09 05:43:37,2,2,0,每5钟要神游一次
21892,1328,王勤,2016-03-01 12:39:44,7,9,2,专业课会有quiz，讲课…很迷，考试…也很迷。讲的清晰那个你等等
22746,1328,王勤,2016-03-10 12:28:06,0,0,0,有点复杂
34503,1328,王勤,2016-10-12 06:21:53,2,5,3,暑假的实践课都能打那么低，给分差，讲得还差，还当什么院长，我第一个不服
61204,1328,王勤,2017-11-11 17:36:54,1,1,0,我们敬爱的王勤老师。。怎么能不给高分呢。。。
96444,1328,王勤,2019-01-21 03:57:37,4,4,0,很迷，特别喜欢打断学生展示，作业答案给的也是错的，希望老师能尊重学生
103792,1328,王勤,2019-03-05 15:58:14,1,1,0,老师人非常好，讲课一般，听不懂
94094,1361,张小斌,2019-01-15 07:31:49,3,5,2,老师人很好 和蔼可亲 讲课清楚 重点明确！
160307,1361,张小斌,2022-09-18 12:50:48,0,1,1,老师很和蔼
189113,1361,张小斌,2024-01-22 03:10:02,0,0,0,好好好
8097,1616,王飞,2015-09-17 03:31:40,0,2,2,很好很好极好极好
49153,1616,王飞,2017-03-28 01:53:40,0,1,1,打分贼低
79501,1616,王飞,2018-06-07 07:42:49,0,1,1,各位学弟学妹，如果预置了这个老师的电工电子学实验真的要慎重考虑换老师.\n\n客观地说，老师实验课讲课水平和操作水平都不错，但是他鼓励恶竞的给分形式影响真的很差.\n\n他是唯一一个实行实验竞速给分的老师(一学期大概五六次)所谓竞速，就是比谁做的快，根据速度排名给出相应的正态实验分.\n\n在这种模式下很多同学为了拿高分不择手段(比如让人代做，比如买老师同款红笔自己签字，比如提前1小时到教室把实验做个几十遍再和那些没办法提前准备的同学竞速)\n\n除了竞速，平时实验分的给分也非常迷，经常违背他自己所谓的打分原则，你辛辛苦苦手抄的实验报告可能不如人家打印后随便写写的分高.\n\n以上所述皆为客观事实，作为浙大学子我们是来锻炼实验操作能力的，但不是让你为了正态而正态的，说实话1.5学分的课我可以无所谓绩点，但请你给所有同学一个公平的给分机制，这是文明社会基本的信任.
216756,1616,王飞,2025-03-24 05:53:36,0,0,0,中规中矩的正常老师
4466,1628,陈松,2015-06-23 09:30:20,1,2,1,进度超慢
6739,1628,陈松,2016-06-09 06:01:34,19,20,1,进度慢，但讲的蛮细致，上机每次都在，答疑很认真。。
8881,1628,陈松,2015-09-29 09:07:02,-16,2,18,坑的一匹
9531,1628,陈松,2015-10-29 08:22:49,11,12,1,讲得很认真的
10883,1628,陈松,2015-11-23 08:10:46,3,3,0,后半部分讲的不清楚
22209,1628,陈松,2016-07-04 05:02:00,8,10,2,老师再多给我一分我就给你十分！
22785,1628,陈松,2016-03-11 05:48:26,-18,3,21,坑的一匹，讲课念PPT，上机一脸懵b
24814,1628,陈松,2016-05-04 01:29:14,7,10,3,是有点慢不过不耽误，非常好的老师，非常愿意帮你
26255,1628,陈松,2016-06-16 12:11:48,2,2,0,可以的
26681,1628,陈松,2017-03-07 05:52:03,3,4,1,很好，很细致认真
27359,1628,陈松,2016-06-25 07:06:08,0,0,0,已经很好了
31749,1628,陈松,2016-07-05 00:04:44,2,2,0,给分挺好的\n\n
31782,1628,陈松,2016-07-05 02:08:39,2,3,1,很认真的老师，回答问题很耐心很亲切，每次上机都在，超感动，给分也好
32125,1628,陈松,2016-07-05 16:21:34,4,5,1,老师很好，真的很好。但是上课氛围太轻松，其实很少有人能完整听完课，平时没有理论题，这也为我们理论复习提供了一些不便，不过老师讲课清晰，上机课一直都在，给分也很棒，是认真的同学的不二选择！
34400,1628,陈松,2016-10-09 09:17:18,0,0,0,讲得还是可以的……不过这种课还是自学有意思
42655,1628,陈松,2017-01-14 17:39:28,6,6,0,不知道为什么 我想用温柔来评价他。
52887,1628,陈松,2017-06-23 10:35:12,2,2,0,宽松 负责 耐心 大气
57287,1628,陈松,2017-07-06 11:05:10,3,3,0,每次理论课上机课人都好少……真的心疼老师……老师虽说上课念PPT吧，但是讲课相当细致，认真听没问题的，而且事情超级少，人也温柔，每次上机课都亲自答疑。给分超级好！上机只做出一道题的我居然还有4.2真的好开心好开心谢谢老师！
64520,1628,陈松,2017-12-25 01:56:23,1,1,0,❁.*･ﾟ圣诞快乐?
76253,1628,陈松,2018-03-30 11:57:44,13,13,0,我觉得老师好帅啊……与众不同的那种帅……
84643,1628,陈松,2018-07-13 12:18:42,10,10,0,陈老师上课讲授思路清晰，有自己的理解。虽然是对着ppt讲，但会自己调整ppt的顺序，会在黑板上补充很多其他章节有关的内容，知识点都能串起来。除此之外，每次下课都为我答疑，整个学期下来却始终如一地耐心细致，我能想到最贴切的词就是温柔了。期末鼓励我们，就算题目很难，他也会让我们的分尽可能高，师生情谊真的很浓。\n\n——谨以此记，献给无论学术教授还是人品师德都无可挑剔的陈老师。
84648,1628,陈松,2018-07-13 12:25:14,2,2,0,大学更需要自主学习，老师讲课的方式不一定适合所有同学，但是可以主动去向老师请教，老师人很棒！发现老师超爱可乐的，每节课都要带一瓶可乐? ? ? ?
84669,1628,陈松,2018-07-13 12:59:54,2,2,0,老师真的很好，虽然个人不太听得进去上课的内容，但课后认真做练习题，不会的问老师，期末认真准备，没问题的，老师真的给分很好了
84674,1628,陈松,2018-07-13 13:14:20,5,5,0,1.老师给分很好\n\n2.老师很温柔，没有一点架子，答疑非常非常耐心\n\n3.老师水平很高。理论方面一些小知识点非常清楚，上机方面我遇到bug时助教一般需要调试才能找到，老师一般看一会代码就看出来了。\n\n4.老师上课两节课之间没有下课，理论内容本来就比较枯燥，下午的话非常容易困，请提前做好准备\n\n5.老师虽然理论很清楚，但有时候会讲得不太清，这时候就要多问问他啦。
84678,1628,陈松,2018-07-13 13:27:55,6,7,1,老师给分非常好！上机课每次都在，有问题都会耐心解答并且很快找出错误！上课非常细致并且在黑板上补充另外的知识。唯一感觉不足的是两节课中间没有休息，我经常听一节课就开始走神。。希望中间能休息一会换换脑子。
84809,1628,陈松,2018-07-14 02:26:27,2,4,2,老师有多好该怎么说。你知道他怎么给分吗？！！！平时分25居然满了（我期中考的巨渣24满分44。作业好多不会做没完成）。给满实验25给满。考试我考了85老师就真的给了我92天呐！！！！老师巨帅爆表
104912,1628,陈松,2019-03-30 13:30:48,-6,3,9,陈老师的课我连续翘了两个星期了  理论课上机课都没去  但是对着书还能继续码代码  但是作业能不能少一点啊  才第五周学到switch语句  这个星期的作业总共有五十道  没个三四个小时都下不来  记住了是五十道题   十四道编程题   程序填空题十六道    天哪  别个班一个星期作业就六七道编程题 填空单选判断加起来不超过二十道  我们三十道  真的顶不住啊  不是喷老师  真的希望老师布置作业能少一些  刚开始两三个星期作业的确挺少  到后面怎么越来越多  我给的是十分啊  慎入  作业真多  要秃了
113625,1628,陈松,2019-07-07 01:23:58,0,1,1,老师好到爆炸没话讲? ? ? ? ?
114131,1628,陈松,2019-07-09 00:43:35,0,1,1,真的能学到东西
126081,1628,陈松,2020-09-17 08:12:05,2,2,0,陈老师真的好到没话说，感谢老师不挂之恩！！
137575,1628,陈松,2021-07-05 07:06:46,1,1,0,真的很好！很温柔的老师
139073,1628,陈松,2021-07-12 12:37:01,1,1,0,老师真的太好了吧，给分也好，理论考了63，总评居然被捞到了88，太感谢老师了！！！
152051,1628,陈松,2022-03-24 06:44:47,3,3,0,人好课佳作业巨多\n\n每个礼拜每个四五个小时根本下不来
158738,1628,陈松,2022-07-01 16:33:45,1,1,0,老师给分很好！上课讲得很细致！
22250,1813,李道飞,2016-03-03 06:02:07,-4,6,10,666
25350,1813,李道飞,2017-06-29 13:18:49,-7,6,13,难得好老师
40732,1813,李道飞,2017-01-05 07:25:01,-4,5,9,顶顶顶
48867,1813,李道飞,2017-06-21 09:54:17,-5,5,10,老师讲课好有意思啊
49025,1813,李道飞,2017-03-22 02:25:26,12,18,6,讲课很自High，但是条理混乱，完全不知所云
52338,1813,李道飞,2017-06-18 14:34:27,34,44,10,想一出是一出，不会考虑学生感受，上课只会自high逻辑混乱。还很以大工作量自豪，然而很多工作都是同一件事情的重复累赘，实则毫无意义。
52396,1813,李道飞,2017-06-19 15:39:23,15,21,6,折腾水平一流，讲课水平三流。\n\n选这门课之前建议把其他课都退了，因为根本没有时间留给其他课，手动滑稽。\n\n到了期末才来折腾人，想到一出是一出，一天一个政策。
52530,1813,李道飞,2017-06-21 02:03:37,-6,5,11,老师讲课很有意思，活动很丰富，让我的生活过得很充实，是一个很有魅力的老师，希望再接再厉，汽车理论越来越好。
54521,1813,李道飞,2017-06-29 13:17:52,13,17,4,也算得上是极品老师了！一天天的瞎折腾，一个作业反复做，简直就是zuo ！！！真好意思把自己这门课设为4学分。评论和课程难易程度、学分多少、成绩高低无关，老师简直扯蛋得一逼，完全就是XJBG ，浪费学生时间。
54975,1813,李道飞,2018-03-08 04:41:29,-15,14,29,李老师算是整个汽车专业最不水的年轻老师之一了，整体的教学思路偏向于主流的国际化，所以一直接受苏式教育方式学生很多都接受不了了。整体课程比较放松，补充的知识和资源都挺前沿。从日常中可以看出他的郁郁不得志以及不被主流教师生接受的自嘲，但是这样的老师还能留在排名全国50左右的我校本专业，还能坚持认识每个上课的同学，给所有同学一个展示的平台，这一点就可以给他打满分了。然而他的问题是规划尝试标准化，但是反而适得其反，给学生比较大的压力（这当然是因人而异的，喜欢水的人当然觉得他烦，事儿多，喜欢挑战的人自然觉得这是本专业少有的课程压力了，搞定一切之后觉得很有成就，我们毕竟总不能混日子过嘛，接触接触压力也不是什么大事情），这点可以扣2分。所以我给他8分，同时给他洗洗地，希望以后的学弟学妹（如果有hhh）好好珍惜这个车辆所难得的有个性的老师，好好听课，不要因为这里的一些评价而对他产生片面的看法。就酱！
56096,1813,李道飞,2017-07-03 05:09:18,22,23,1,1.讲课轻飘。2.有个性。3.做事没有规划性。4.可能有些真的知识（车辆所里给我上过课的老师里，我只佩服姚栋伟，感觉他是真的懂；而李、朱在懂与不懂之间，我看不清他们是不是有真才实学）。重要的是，Li没有循规蹈矩、没有照本宣科、有着自己的教学方式。毕竟是所里少有的做车辆的老师，像我们班的女生，多多少少爱惜一下，我给9分。（在我之前的评论，我也感同身受。可能是侧重点不同，但大家应该在同一个意思。）最后，我想起逛98的时候，大家都认为传统工科是个坑，各种自嘲；但看到自己人对汽车专业的评价，很多都是正面的。虽然是垃圾专业，但大家却都不后悔。真的很庆幸能待在汽车班，待在车队，和大家一起努力。
96526,1813,李道飞,2019-01-26 08:32:22,7,11,4,行吧不敢批评了，对于认识不到自己错误的人来说批的再多也是浪费口水，后辈们自求多福吧。
100161,1813,李道飞,2019-01-25 16:18:37,0,5,5,辣鸡，根本不知道是怎么给分的！
100525,1813,李道飞,2019-01-26 08:51:06,-1,16,17,车辆作为比较小的，水的专业，如果各位还因为给分，行事风格而去黑一个有个性有热情的老师，我觉得各位需要好好考虑在这个专业自己能获得什么。有这样的老师，在我们专业里，我认为是需要珍惜的，毕竟他在课上说的一些话都是现实，很刺痛的现实，光凭这一点，我觉得足以让各位好好想想这个老师能带来的东西了。再说一句，就从成绩来看，如果个人真的有所志向努力，不差这一门，如果因为这一门而愤慨，而一股脑怪罪老师，不如好好学学其他东西。
100530,1813,李道飞,2019-01-26 09:05:19,4,5,1,老师本身还是很有想法的，从大作业中也能学到不少可迁移技能，尽管以后未必会留在这个行业，但也算是一种宝贵的经验。成绩不理想，只能说自己技不如人了，但感觉老师有些做法还是有待商榷。
100532,1813,李道飞,2019-01-26 09:05:40,-8,5,13,这门课确实很不一样，我觉得注重的不仅仅是课堂的内容，更重要的是课外的练习。对，任务重，作业多，还要一直交交交。但是，这个过程我们真的没有收获吗？两个大作业，一个重点在动手试验一个重点在动脑子想分析。确实很难，但是真的是一种完全不同的体验。都大学生了，还沉迷学的那一两个知识点免不得有点局限。课堂上李老师讲的那些其实每次都会让我去反思去想，希望大家学会尊重学会反思。
100542,1813,李道飞,2019-01-26 09:18:11,4,6,2,老师还是很关心同学的 其他不做什么评论 就是建议以后能有一个清晰明确以及严格执行的作业规定和标准 不要一节课提一个要求…
100795,1813,李道飞,2019-01-27 00:50:11,9,11,2,吃完瓜，闲来无事也来评论一下\n\n觉得看不惯某些老师也很正常，但是作为老师经常讲这些还是不太合适\n\n另外，同上所说，作业也好，成绩也好，确实没有明确的规则，作业要求也是一改再改。\n\n其他的话，上课感觉就上了操纵稳定那一章，也应该考虑下，大多数学生在不考试的情况下是不会去看书的，考试确实死板，可这样起码会对很多内容有了解\n\n还有一点，鼓励学生熬夜赶作业这点个人也不太认同\n\n
167539,1813,李道飞,2023-01-17 06:23:41,2,5,3,抛开那些有争议的授课方式，我觉得确实在整个学期的学习过程中，收获了很多实实在在的东西，得到了很多启发。无论如何，最终的分数也对得起我一个学期下来的努力
182298,1813,李道飞,2023-11-14 08:52:59,27,27,0,明天期中考试你今天告诉我？
182371,1813,李道飞,2023-11-15 09:08:55,7,8,1,嘿嘿，考前通知开卷，考前一分钟通知闭卷（小丑🤡）
182373,1813,李道飞,2023-11-15 09:19:01,-4,1,5,若干年后我或许不会记得上过这门课，但我一定会记得道飞哥
182508,1813,李道飞,2023-11-17 00:09:25,11,11,0,出身玩意
184153,1813,李道飞,2023-12-11 10:57:04,3,3,0,我吐了，什么鬼调研报告，纯纯折磨人！严重怀疑他有没有确认过作业的可行性……
189685,1813,李道飞,2024-01-26 18:42:16,1,1,0,给分应该中规中矩，课程考试啥的创新性比较高，复习也不太好复习到。整体来说这门课后期事情比较多。
204031,1813,李道飞,2024-11-26 11:05:22,3,4,1,味大，无需多言
204419,1813,李道飞,2024-11-25 18:04:29,8,8,0,ldf旧诗歌集吧
204510,1813,李道飞,2024-11-26 10:37:58,5,5,0,提醒老师，如果这门课的内容考试重点全是matlab和simulink，那么请把课程名称调整为“基于汽车建模的simulink应用”
204513,1813,李道飞,2024-11-26 10:46:03,6,6,0,沟槽的汽车理论
204527,1813,李道飞,2024-11-26 12:03:25,1,1,0,哎。。
204540,1813,李道飞,2024-11-26 13:41:45,6,6,0,我不知道他是怎么想的，题目无章法，说话没条理，题目出的莫名其妙，实行考教分离政策，实属可笑，自诩引领汽车教学，逆天老师，逆天课程，上课囫囵吞枣，课外教学毫无意义，教学质量真的逆天。
205084,1813,李道飞,2024-12-01 06:52:47,4,4,0,作业和考试都突出一个莫名其妙😅写的火大
207247,1813,李道飞,2024-12-20 03:25:00,3,3,0,冬七周突然又来了个新大作业
207271,1813,李道飞,2024-12-20 04:52:36,2,2,0,无敌sjb，上课梦游一样，梦到什么说什么，不知道在干嘛？课上讲的内容和作业一毛钱关系都没有，可以改名叫simulink与carsim建模学习了，全tm让我们自学来写作业，不知道脑子在想什么。同学都直接提出意见了还装糊涂，🍬完了
209844,1813,李道飞,2025-01-07 08:43:31,1,1,0,只能说看大家的评论感觉从17年到现在毫无长进
210602,1813,李道飞,2025-01-09 11:57:34,0,0,0,满分
210603,1813,李道飞,2025-01-09 11:57:46,0,0,0,完全不知道怎么复习啊
210949,1813,李道飞,2025-01-10 08:29:23,0,0,0,其实也没那么糟糕🤔
23243,1862,缪思恩,2016-03-23 01:53:56,6,6,0,上课讲的非常详细！很有收获！
23561,1862,缪思恩,2016-04-06 09:58:54,6,7,1,老师人很好
23723,1862,缪思恩,2016-04-13 14:12:18,10,10,0,棒棒哒
23908,1862,缪思恩,2016-04-20 17:03:30,4,4,0,老师人特别好
24687,1862,缪思恩,2016-05-03 05:53:05,5,5,0,棒棒哒
24940,1862,缪思恩,2016-05-04 11:23:02,3,3,0,好好好
29368,1862,缪思恩,2016-06-29 15:48:45,1,1,0,很不错的老师
33675,1862,缪思恩,2016-09-21 03:24:22,1,2,1,很有人格魅力\n\n
49779,1862,缪思恩,2017-04-26 01:34:19,5,5,0,特别好的老师，讲课很仔细，人也特别nice！强推！
50106,1862,缪思恩,2017-04-30 01:17:11,4,4,0,缪老师上课细致认真，特别有耐心，很认真为大家答疑
50108,1862,缪思恩,2017-04-30 01:23:17,2,2,0,这个老师特别好 只是单片机最好还是从头就开始好好学 不然最后会很累 平时认真的话老师也不会给低分的
50110,1862,缪思恩,2017-04-30 01:33:47,0,1,1,好老师，我一开始觉得听不懂都打算退课了，然后老师很耐心地解答我的问题，让我感觉到这门课的希望
50114,1862,缪思恩,2017-04-30 02:23:49,2,2,0,讲课还是很清晰的，认真学，实验认真做还是能得高分的，但还是建议之前稍微了解一定的单片机或者电路原理的知识。考试还是很简单的，不过一个短学期的课还是学不到太多东西
50122,1862,缪思恩,2017-04-30 03:28:11,1,1,0,讲得很清楚
50125,1862,缪思恩,2017-04-30 03:49:18,0,0,0,听说巨多人满了嘿嘿嘿
50173,1862,缪思恩,2017-04-30 16:51:06,4,4,0,很喜欢缪老师的单片机 娓娓道来 不紧不慢听说我们是老师最后一届学生了 老师马上就要退休了 祝老师万事如意 笑口常开
50293,1862,缪思恩,2017-05-02 07:55:25,0,1,1,老师讲课很详尽，考点什么的都会着重强调，给分也挺好的，就是本来以为我单片机满了，但不知道哪里的问题，居然差一点
53396,1862,缪思恩,2017-06-26 13:38:36,1,1,0,缪老师是我这学期泵与风机和上学期单片机的老师。上单片机的时候就觉得这个老师很和蔼，上课讲的很仔细，当初就留下了一个很好的印象，这学期又上到他的课觉得超级幸运！后天就考泵与风机了，今天复习到一半来刷一波老师，看到评论下面有人说这是他最后一批学生了，莫名心头一酸，也许，我也是缪老师最后一批学生了吧。读了三年书，像缪老师这样一心一意勤勤恳恳教书的老师真的屈指可数。误打误撞在缪老师上的最后一节课上录下了音频，我想我会一直珍藏。谢谢您缪老师！
56600,1862,缪思恩,2017-07-04 05:25:07,0,0,0,很不错！
108291,2000,郑成航,2019-05-20 07:44:10,0,6,6,不怎么样
118645,2000,郑成航,2019-10-30 03:44:52,1,4,3,辣鸡辣鸡辣鸡
14525,2020,高翔,2016-01-07 12:01:15,7,7,0,高老师讲课萌萌哒！
48725,2020,高翔,2017-03-10 06:43:47,6,7,1,棒棒哒
55864,2020,高翔,2017-07-02 13:50:15,7,15,8,平易里透着坚毅，温柔下藏着狡黠，爱听爱读爱说爱教爱研究，忙碌也不忘健身，不耽误拥抱兴趣和自由，永远浅笑盈盈，让人看了脑海中只浮现三个字(好喜欢/误：真 女神。
64217,2020,高翔,2017-12-21 14:44:07,11,25,14,竟然没有人评论，那我就来当第一个吧。作为行政管理的学生，说实话对这个专业真的不了解，高老师可以说是启蒙老师，能把这么枯燥的东西讲得这么引人入胜可以说是相当不俗了。老师很年轻，感觉就是邻家姐姐，但是学术水平很高，讲课水平也很高。爱您，高老师！
68370,2020,高翔,2018-01-23 05:26:53,6,6,0,很不错
70056,2020,高翔,2018-01-26 05:09:25,4,12,8,很喜欢高老师！女神课上妙语连珠是常态。
70084,2020,高翔,2018-01-26 05:33:48,5,5,0,专业启蒙＋人生指导
79335,2020,高翔,2018-05-31 04:54:47,5,5,0,超级棒
161446,2020,高翔,2022-11-07 04:02:49,0,1,1,作业太多了
9360,2104,金军,2015-10-24 03:16:38,-18,5,23,老师貌似不开课了
21800,2104,金军,2016-03-01 06:38:20,-6,8,14,既然没人打分，我先给个10分吧\n\n
21927,2104,金军,2016-03-02 00:07:00,-8,7,15,既然没人给分 我也来个10分
21966,2104,金军,2016-03-02 02:54:30,-8,6,14,很奇怪为什么是0分...我也给个10分。挺好的老师啊。
22654,2104,金军,2016-12-21 15:07:09,15,20,5,很无聊，就是念ppt，不能带学生在代码的世界中遨游
22877,2104,金军,2016-09-30 01:26:41,11,16,5,我的名字和老师很像，是晋君，但每到他的课我就去旁听隔壁白洪欢的课，哈哈哈
22982,2104,金军,2016-03-15 23:57:24,6,12,6,工信边淞强推
22983,2104,金军,2016-03-15 23:57:49,10,15,5,虽然我和老师都姓金，但就是看他不爽(´இ皿இ｀)
23378,2104,金军,2016-03-28 02:47:53,-4,5,9,为什么没有0分。无聊
23506,2104,金军,2016-04-02 10:52:31,4,12,8,用点名这种方式留下学生就相当于小三用孩子留住男人。\n\n                                          火蜜留
25655,2104,金军,2016-05-31 06:54:29,3,5,2,真的挺不错
26069,2104,金军,2016-06-15 10:30:33,0,5,5,明明又帅又耐心
26821,2104,金军,2016-06-21 07:42:50,2,5,3,挺好的，每个知识点都有讲到，认真听收获很大
27957,2104,金军,2016-06-28 07:24:10,3,5,2,很好啊
31957,2104,金军,2016-07-05 08:32:17,10,14,4,老师人脾气超好，而且百度云里分享的干货超级多，还有一个特点就是事少（不知道这算不算优点，反正我觉得算，所以更加靠自觉一些）
64241,2104,金军,2017-12-22 01:40:53,2,2,0,没啥感觉
75588,2104,金军,2018-03-13 15:06:56,2,2,0,好老师…………
84715,2104,金军,2018-07-13 15:20:12,0,1,1,喜欢老师
84779,2104,金军,2018-07-14 00:57:51,-7,0,7,这老师真的不适合从事教育工作
85740,2104,金军,2018-08-01 07:53:53,1,3,2,事巨少，平时分给满分。就是讲的无聊，给分可以。\n\n
104577,2104,金军,2019-04-05 05:33:32,1,1,0,...
107494,2104,金军,2019-05-06 02:04:00,2,2,0,上机还?点名，第一次见...
108994,2104,金军,2019-06-05 06:58:54,2,2,0,很温和的老师
114314,2104,金军,2019-07-09 17:46:57,0,0,0,
114576,2104,金军,2019-07-10 20:30:18,1,1,0,老师挺好，是我不行
114619,2104,金军,2019-07-11 01:06:01,0,0,0,平时分给满 其他的一点也不调分
116339,2104,金军,2019-09-08 23:44:41,0,0,0,虽然觉得老师讲课不行，但是老师还是在期末捞了我一把，实在感激涕零。
135689,2104,金军,2021-05-19 07:07:07,2,3,1,纸质点名就离谱
136729,2104,金军,2021-06-23 13:07:45,3,3,0,老师上课真不咋地
139096,2104,金军,2021-07-12 16:51:44,3,3,0,被老师一手海底捞重回人间啊
139112,2104,金军,2021-07-13 01:32:32,0,0,0,老师太能捞了
144550,2104,金军,2021-12-22 08:18:10,-1,2,3,说实话，前几次课我都是睡了一会才起来听课的。但是！听他讲课真的内容充实，速度也不快，能学到很多知识，所以他的课我都一直坚持听的，课后也不用花太多时间看书。更让我感动的是，他没有助教，我问他问题他会耐心地给我解答，交流很温和的那种，没有不耐烦！期末给分也好。我期末没怎么复习，依然拿了很好的绩点。
158868,2104,金军,2022-07-03 02:31:47,8,10,2,今年每人平时分扣十分以上，期末各凭本事，给分极差，慎选。
158877,2104,金军,2022-07-03 03:32:49,8,8,0,讲课平平淡淡，人还是不错的。给分很差，小测难，不赋分。期末理论35%，理论90+也没什么用，没有其他老师理论60+的高，真的😄。
158902,2104,金军,2022-07-03 05:50:12,-13,1,14,被老师海底捞，谢谢老师！
158906,2104,金军,2022-07-04 10:02:11,21,21,0,你以为世界上没有平时分扣十几分的好老师，他可以让你大开眼界。楼下某评论所言不虚，小测不合理而且不赋分，完全是不明事理的小偷。
158928,2104,金军,2022-07-03 11:53:09,3,4,1,不行！
158931,2104,金军,2022-07-03 12:22:17,17,17,0,辣鸡老师，给一分我都嫌多，千万别选，一点不尊重学生的劳动成果。我来现身说话，成绩组成期末理论占35%，期末实验占15%，平时作业占20%，4次小测占24%，点名6%；我期末理论部分得分31.15分，实验部分得分11.25分，平时作业得分19分，点名6分，小测得分6+6+1.28+1.53，预计总得分82.21分，实际得分80分，这2.21分是你给我吃了是吧，你便是分数的小偷吧。当然这不是重点；最让人诟病的应该是小测，第一次小测30分钟三道简单的编程题还行，学的不错的话应该都能拿满，但第二次小测便开始变得离谱，30分钟，4道难度远远大于期末考试的编程题，可能老师自己来做也做不了满分吧，那学生是不是一开始便失去了部分分数，这是合理的吗，原本我认为老师这样是要采取赋分制，但从总评来看，并非如此，第三次小测同样4道编程题，难度依旧大于期末考试，时间40分钟，最为离谱的是最后一次小测，由于课程时间不足，最后一次小测是没到机房进行的，让学生线下自行完成，本来已经在群里通知，该次小测将不计入总成绩中，但出分后却被告知最后一次小测同样要占6分，那到底是谁偷走了这6分。期末考试实验都只要求30分钟做两道，为什么在平时小测便要求30分钟做4道，而且这4道的难度是大于期末考试的，这提供的时间本身就与工作量不相匹配，那么岂不是考试开始之前，学生就已经有部分分数丢失，这部分分数是被谁偷走了！这难道只是学生本身学的有问题吗！究竟谁才是分数的小偷，谁才是绩点的小偷！如果不是他，那肯定就是我了吧！
159040,2104,金军,2022-07-05 03:26:13,16,17,1,劳资理论90，实验15，平时作业95%正确率，点名全到，小测两次满分两次及格，你给劳资打3.6，狗看了都摇头！傻逼老师，教不了可以滚，私聊也已读不回！
160490,2104,金军,2022-09-24 10:22:37,1,1,0,学弟学妹快逃，这个老师已经变了
163819,2104,金军,2022-12-16 07:29:42,1,1,0,专门等到选课的时间来给这位报复学生的老师刷一个1分差评
163820,2104,金军,2022-12-16 07:29:42,1,1,0,专门等到选课的时间来给这位报复学生的老师刷一个1分差评
171604,2104,金军,2023-03-30 01:50:30,0,0,0,作业多的离谱，上课纯念ppt
178902,2104,金军,2023-07-30 04:34:07,1,1,0,还不错啦～
183794,2104,金军,2023-11-30 06:38:28,0,1,1,22春夏的c小 说实话 上课挺无聊的复习也没别的班充分 但给分感觉没有学长们说的那么离谱 至少算得上正常吧
211092,2104,金军,2025-01-10 15:14:48,0,0,0,就是正常的老师，今年上的c小，感觉要求不算多，给分也可以
211422,2104,金军,2025-01-11 11:28:10,0,0,0,lz作业全部准时交，虽然他不点名但是几乎全勤，小测除了一次四道编程题做出来三道其他全满分，实验考满分，可能期末考得一般，但是你86卡我3.9？
51372,2157,蒋旭光,2017-06-02 08:11:55,-1,1,2,垃圾，不解释
125426,2157,蒋旭光,2020-09-08 12:53:15,3,3,0,期末给了复习提纲这点就非常赞。
45003,2183,韩晓红,2017-01-18 20:17:44,-8,10,18,人很好，讲的很简单易懂
145866,2183,韩晓红,2022-01-03 12:45:42,24,41,17,不知道其他课反正大学写作这一块就能看出这个老师师德不行也不会教，整个学期下来就有一节课在教怎么下载文献（这都要教？），其它时间都在摸鱼，自己说自己时间紧备课认真，实际上都是说辞。什么都不讲就让我们开始写，救命啊你真的是老师吗你是村口大妈吧？对着一个女生在钉钉里直接骂到破防请问你好意思吗？上次我急性咽喉炎想请假，愣是下课后才回我。既然老师你说了自己有其他课程没有时间，难道你在开这门课的时候就没有好好考虑过吗？我们尊重你是因为你是老师，我们不懂所以请教你，而你却以上课不认真为由怒斥我们，难道我们认真完成作业就是为了找你一句骂吗？问问题不及时回，都到考试周了又开始说我们不及时完成，这种老师大家以后最好回避，反正我是倒了八辈子霉了，真的无语。
145874,2183,韩晓红,2022-01-03 14:31:40,3,23,20,老师对待学生态度真的很认真。我一开始对大学写作课不是很上心，没认真听课，最后写报告错误百出，虽然韩老师嘴上说着我，但还是一丝不苟地帮我批阅，反反复复批阅了好几次，其中我的一些细节问题都会明确指出并附上自己的建议，还花很多时间推心置腹跟我说明写作的重要性。说实话这样负责的老师很少见了，大学老师真没必要做到这种地步上，只能说韩老师对待学生的态度非常负责了。
145878,2183,韩晓红,2022-01-03 14:33:11,-5,10,15,老师很负责啊
152841,2183,韩晓红,2022-04-20 10:50:09,12,17,5,讲得很不专业。对大学写作没有自己的见解，全在念百度百科摘下来的东西，自己还说不知道对不对，总之水平较低
155342,2183,韩晓红,2022-06-11 06:28:16,-12,2,14,不错的
156340,2183,韩晓红,2022-06-19 06:32:40,10,11,1,考试周给你安排一堆事情，你可以不做，绩点高不高就是另外回事了
158008,2183,韩晓红,2022-06-26 07:19:08,8,10,2,什么东西啊 自己的问题推学生身上
162670,2183,韩晓红,2022-12-03 08:19:12,4,5,1,可惜没有0分这个选项
162673,2183,韩晓红,2022-12-03 12:52:18,13,13,0,制冷原理的学弟学妹们，记得抽签选展示题目前烧高香，选到这位就可以原地宣告死刑
164396,2183,韩晓红,2022-12-20 14:55:40,7,7,0,事贼多，考试周了你一个一点五分的课一点让道的觉悟都没有，反而任务量变本加厉
164567,2183,韩晓红,2022-12-22 02:28:57,6,7,1,比高中老师还！上线上课大学写作两节课拖成三节课！
164893,2183,韩晓红,2022-12-27 10:46:19,13,13,0,大学写作就是纯纯的沙呗一个，到处乱骂学生，态度极其不好，学生勤勤恳恳写出来的几千字，一堆参考文献就被你连着骂半个小时吗？上课时间还把握不住，拖堂拖一个小时你好意思吗？这种老师配来浙大？明明自己都没有看出来哪里有错误，就因为别人字写的多就说别人肯定错误百出？nt一个，大学写作千万别和她较真（文献综述选题涉及到她专业的就是到处乱指出错误，自己专业之外的选题虽然找不出专业性的错误但是就是要想方设法骂你）
164896,2183,韩晓红,2022-12-27 11:34:03,4,5,1,比村口大妈话还多。。。。小学老师都没这样子教法  上课低头也要停下来说
166372,2183,韩晓红,2023-01-12 05:55:33,10,12,2,翳眼丁真\n\n鍳定為：\n\n緋霧初升東兮，似瑪在中
167978,2183,韩晓红,2023-01-21 04:45:02,8,8,0,年三十出答辩分，没教任何干货，全在教排版。干脆改成大学排版算了
170289,2183,韩晓红,2023-03-02 13:15:30,-25,3,28,老师非常负责，建议选课
170290,2183,韩晓红,2023-03-02 13:28:18,-19,0,19,韩老师人很负责，作业会来来回回的改，修改过程中也能收获很多东西
174027,2183,韩晓红,2023-06-05 14:57:25,5,6,1,别选别选别选别选，完全不教怎么写，只会教排版！写作要求也很模糊不清，从头到尾都让人混乱。我是从室友那里要他们老师的PPT和范文才搞明白到底怎么写...只强调排版，会让人觉得老师和她的课一样只有形式没有内涵。
181654,2183,韩晓红,2023-10-25 09:48:03,28,28,0,低温方向的同学们倒大霉了，制冷原理就她一个老师，躲都躲不掉。\n\n自己搁那念PPT还不让玩手机，玩手机会直接走下来阻止你。\n\n请自己博士生来给上课，自己在下面四处阻止别人用电子设备，我用智云课堂截图ppt啪一下把我电脑合上了。\n\n课讲不好不怪你，课程设计不合理不是你的错，对自己没有一个清晰的认知就太逆天了！
182787,2183,韩晓红,2023-11-20 08:39:20,10,11,1,纯纯的压力怪，上课念PPT，自己的教学水平有限就算了，还隔这压力学生，下了课把你狗血淋头的骂一顿，哥们是来上大学的，又不是高中生被骂了还要对你感恩戴德，肆意地攻击学生，贬低学生，打着对你好的旗子给你捅刀子。低温的学子倒了大霉喽。感觉不如丁真。
182788,2183,韩晓红,2023-11-20 08:40:52,6,6,0,一眼丁真，不对，不如丁真
189667,2183,韩晓红,2024-01-26 13:30:47,9,10,1,第一个考，现在还没出分，\n\n严以待人，宽以待己\n\n对我们是高中老师的做派，大学老师的念PPT，口齿不清，讲不清楚，只会她的制冷剂\n\n课程体系混乱不清\n\n内容多，书和PPT大多不对应，考前不划重点，前几年的历年卷考展示题，结果今年重点考书上，试卷好几道错字，不知道老师干什么吃的
191168,2183,韩晓红,2024-04-10 09:21:20,12,12,0,傻逼老师不解释，谁是她班上学生谁倒霉，蠢蠢有病
198061,2183,韩晓红,2024-08-27 12:58:25,5,5,0,挺严格的
205271,2183,韩晓红,2024-12-03 14:22:16,17,17,0,我是m，在制冷原理听老师骂同学爽了😍😍😍
205305,2183,韩晓红,2024-12-04 06:47:16,-11,0,11,韩老师很负责任，虽然很严格，但也学到了很多
208303,2183,韩晓红,2024-12-26 15:07:47,1,1,0,老师很严格
213487,2183,韩晓红,2025-01-18 00:25:45,0,3,3,大学写作给分出乎意料的好，4.8让我感到非常意外，客观评价下，韩老师上课确实比较严格，上课不允许看电子设备，但是老师上课认真，会指导每个人论文的不足之处，让我这个小白学到了查文献还有论文格式之类的知识，此外，助教姐姐真的是人美心善，很好的一个姐姐🥰
215638,2183,韩晓红,2025-03-03 06:26:49,1,2,1,制冷低温空调实践\n\nhxh自称她的五次课不点名\n\n上课拷打低头人 对电子设备攻击性比较强\n\n课程内容重点落在应用\n\n快逃
215646,2183,韩晓红,2025-03-03 07:41:07,1,1,0,bxbx
215904,2183,韩晓红,2025-03-07 02:32:37,1,1,0,纯逆天压力怪，来上课不是来听你骂人的。
217655,2183,韩晓红,2025-04-15 01:00:06,0,0,0,逆天，几个老师就你不知道从哪里截了一个教学纲外的题目，显得自己很牛。要填工质焓值，截个题目不截性质表我填你吗。
31355,2202,杜锦才,2016-07-03 17:11:28,3,3,0,讲课清晰
32893,2202,杜锦才,2016-07-24 15:37:48,3,3,0,有意思 最后一节课点名
37546,2202,杜锦才,2016-11-19 10:24:13,2,2,0,班主任棒棒哒
85295,2202,杜锦才,2018-07-17 00:01:30,2,2,0,老师人很好很幽默很理解同学 实验上帮助很大 很轻松给分也好！
85610,2202,杜锦才,2018-07-21 05:19:42,1,1,0,最后一节课要点名的哟^o^
114932,2202,杜锦才,2019-07-12 23:51:28,1,1,0,哇，老师给分太好了吧，我记得实验报告我好多数据处理错了，最后竟然4.8！！！
135658,2202,杜锦才,2021-05-18 06:29:37,3,3,0,上课半天不讲实验，最后实验都做不完
164677,2202,杜锦才,2022-12-23 06:29:21,-7,1,8,停课了还要拉着别的班补你那该死的实验报告 纯恶心人的东西
177629,2202,杜锦才,2023-07-04 03:18:17,-6,0,6,老师人很亲切，感觉我实验报告写的不咋地，期末也随便复习了点，没想到还满绩了（
107507,2206,王树荣,2019-05-06 05:14:02,4,10,6,? ?
92684,2214,骆仲泱,2019-01-03 15:31:25,12,16,4,我真不知道大作业的数据怎么查 你能布置出题目应该也有数据吧 请直接给下一届的同学 不要浪费大家的时间
132542,2214,骆仲泱,2021-02-02 07:13:25,9,10,1,事情多，给分差
211086,2214,骆仲泱,2025-01-10 14:15:16,3,3,0,你无敌了孩子
216751,2214,骆仲泱,2025-03-24 05:38:23,-1,0,1,非蠢即坏
217434,2214,骆仲泱,2025-04-10 09:51:33,1,1,0,生物质能：助教有时候会点名，四个老师轮流上课，讲课其实还可以，但是长学期两个大作业+一节讨论课+作业，lca大作业很不好做，期末闭卷考占比较大（不只是书上的内容，ppt也得看一看），给分相对这么多任务非常一般
24433,2221,盛德仁,2016-04-30 13:49:44,0,0,0,还不错
34100,2221,盛德仁,2016-09-27 04:03:23,0,0,0,上课不知所云
87817,2221,盛德仁,2018-10-15 03:23:42,0,0,0,当老师是真的简单，念PPT就行了，而且普通话还烂
28378,2230,孙大明,2016-06-28 08:44:13,3,5,2,呵呵呵
82843,2230,孙大明,2018-07-09 08:09:02,2,4,2,大明哥哥
195889,2230,孙大明,2024-06-30 14:18:45,0,0,0,赞赞赞
218409,2230,孙大明,2025-04-23 08:15:46,1,1,0,喜欢点名
125424,2246,周俊虎,2020-09-08 12:20:20,2,5,3,锅炉原理坑死了。
79448,2270,许沧粟,2018-06-05 09:15:24,-2,0,2,嗯，老师的素描教的很不错，，课堂氛围浓厚，不去上j类课程真是可惜了
127563,2270,许沧粟,2020-11-24 11:27:12,0,0,0,徐老师很帅啊
3952,2335,李蔚,2015-06-17 11:02:32,15,28,13,失去信心
4199,2335,李蔚,2015-06-18 04:31:37,2,12,10,呵呵
6100,2335,李蔚,2019-02-27 00:47:18,-101,17,118,工流1.2讲的很随意啊，但给分好好，双满绩
8703,2335,李蔚,2015-09-24 07:40:16,-4,14,18,恶心，不适合当老师
9133,2335,李蔚,2015-10-14 03:06:18,18,25,7,上了一个月工流，觉得这个老师不怎么会讲课
10211,2335,李蔚,2015-11-17 11:45:36,3,10,7,老师在学术上肯定是非常厉害，但是感觉不适合教学
11207,2335,李蔚,2015-11-25 07:59:45,5,13,8,哎。。。选俞老师吧
16434,2335,李蔚,2016-01-18 05:42:44,31,40,9,2个小时的布置作业时间
47871,2335,李蔚,2017-02-27 00:09:55,0,8,8,工程流体力学全英授课，英语不好的同学慎选！
48155,2335,李蔚,2017-03-01 02:56:34,6,14,8,修仙课 讲的都是玄学 提问一个同学答不出来 然后吹比五分钟 又提问该同学 问为什么还答不出来 妙 实在是妙
48776,2335,李蔚,2017-03-13 01:20:47,7,8,1,英文教材，不听课自己学有点累听课又犯困。。
49029,2335,李蔚,2017-03-22 03:08:56,1,4,3,好有意思
50124,2335,李蔚,2017-04-30 03:48:22,20,27,7,挺好的呀，上课比鸡舌工热什么的不知道高到哪里去了啊，考来考去就几个公式，最后还画重点，不知道上课不听课后不学的人在这喷的什么心态。
55329,2335,李蔚,2017-07-01 09:25:18,5,5,0,请求老师高抬贵手 下次别让助教套路了
55684,2335,李蔚,2017-07-02 07:33:32,21,23,2,就一句话，给分贼好
55705,2335,李蔚,2017-07-02 09:13:16,10,11,1,课上得不怎么样，但是考得不难，给分也是真的好
55712,2335,李蔚,2017-07-02 08:47:13,17,18,1,给分真的超好，不过上课确实不知道在讲什么
55714,2335,李蔚,2017-07-02 08:56:21,16,17,1,双语教学，教材英文。上课会叫人起来回答问题，但你认真听是很容易弄懂的。认真听课，上课都来，给分挺好的(´･ω･`)
55716,2335,李蔚,2017-07-02 09:50:48,6,7,1,上课水平确实有点无聊吧哈哈哈，但是给分真的很好很好，复习课听了自己回去认真看一下，考试还是没什么难度的，即便有难度给的分也绝对超过预期
55717,2335,李蔚,2017-07-02 09:05:00,5,7,2,老师其实挺热爱学生也挺“低调”的～\n\n给分太感人了！！！?
55722,2335,李蔚,2017-07-02 09:22:43,10,10,0,科研很厉害的吧，教学可能欠缺，但是给分真真好好好，自己认真学也是能学到东西的。
55849,2335,李蔚,2017-07-02 13:00:07,0,2,2,听不懂课但给分很好
56856,2335,李蔚,2017-07-05 01:24:59,2,2,0,讲课不好给分好 上课听还是有用的毕竟自学英语很累
75853,2335,李蔚,2018-03-20 02:38:59,15,17,2,上课讲课真是没看见过逻辑更不清楚的了，结合被简化得看不清结构逻辑的英语教材，上课就讲一个公式，然后点人翻译题目解答，自己就含含糊糊这样那样的过去了....
76736,2335,李蔚,2018-04-19 13:08:48,3,3,0,科研还行不会讲课很含糊布置作业两小时
77397,2335,李蔚,2018-05-05 10:30:41,4,5,1,给分还行，英语试卷英语答题，英语好的绝对要选，用英语写概念题
77444,2335,李蔚,2018-05-05 14:59:13,8,13,5,上课喜欢嘲讽学生 阴阳怪气 课上得很差\n\n
77478,2335,李蔚,2018-05-06 03:08:37,36,40,4,作业是不可能自己写的，这辈子不可能自己写的，作业题又看不懂，只有抄抄答案才能维持平时分。回答问题是不可能回答的，这辈子不可能回答的，讲课又听不懂，只有尬站才能维持到课率。一起上课的个个都是人才，说话又好听，超喜欢和他们一起上课。不过说实话，考试之前好好看看课件和作业题，帮助还是很大的，给分也挺好的。
81547,2335,李蔚,2018-07-05 10:44:16,13,18,5,讲课真的一般 但是考试简单 内容全是书上例题习题 问答题都是上课叫同学起来回答的问题 顶我上去帮学弟学妹拿满！
119073,2335,李蔚,2019-11-10 04:56:15,10,12,2,别唬人了，说考试就是平时例题的肯定没考过试，老子刚交完的白卷还热乎着呢！八十分里面就四十分是平时作业题，而且百来道作业题挑四题挑nm呢。全英文的卷子问啥求啥也不知道，要上他的课建议先去把张南松的小语种课修完。
119560,2335,李蔚,2019-11-13 23:36:42,8,10,2,满了满了！！！谁都不能阻止我吹爆李蔚！！！！
119830,2335,李蔚,2019-11-16 03:18:54,0,0,0,继续努力^_^
120833,2335,李蔚,2020-01-17 17:19:13,0,6,6,94分？？\n\n我哭了
126711,2335,李蔚,2020-10-15 01:02:06,19,20,1,20分钟讲一道题，讲完说这个不考，教太快了讲点课外的——25分钟吹牛——5分钟下课——2分钟念公式——38分钟布置作业——提前五分钟下课\n\n               ——充实的一节工流课
126976,2335,李蔚,2020-11-01 07:37:23,-22,3,25,评那个女的（能源有两个叫李蔚的，虽说都不是什么好玩意儿吧）\n\n老傻逼死妈脸祝你早日暴毙。
127586,2335,李蔚,2020-11-24 16:52:21,5,5,0,讲课是真滴迷，给分真滴好。
127760,2335,李蔚,2020-11-26 12:03:52,12,13,1,回寝室路上看到李老师骑着一辆破旧的自行车，李老师上课挺温柔的，就是教学水平不行，但科研能力强大，给分也很好
131283,2335,李蔚,2021-01-27 03:13:51,1,2,1,出分极快，给分极好，人还不错
134660,2335,李蔚,2021-04-08 02:13:11,3,3,0,讲课本来不行，念PPT也就算了，较中文班好像还略过不少知识点
142403,2335,李蔚,2021-11-11 04:26:53,-6,0,6,有点物理基础的同学应该觉得这个老师讲的其实蛮好的。
142855,2335,李蔚,2021-11-17 02:24:34,0,0,0,呵呵呵
161196,2335,李蔚,2022-10-31 14:19:53,2,2,0,上的什么玩意
161701,2335,李蔚,2022-11-11 00:16:31,-7,4,11,课讲的不好，但是给分是真的好。我两道大题没做出来，本以为上不了4，结果他给我满了
161706,2335,李蔚,2022-11-11 01:12:05,-18,1,19,本来想给10分的，但是94分让我很不爽。我感觉试卷上题目都会写，且写完了，最后竟然刚刚好94😡
163769,2335,李蔚,2022-12-16 05:39:10,6,6,0,上的工流，给分还行，这也是lw的唯一优点了。缺点的话，，，书是全英文的，但作业答案网上都有（中文的书没答案doge），课上得很烂，但是认真听的话还挺水的hhh，好像比中文班的少内容，题目也简单一些。最逆天的是，每次课有三分之二的时间在叫同学回答问题，上课前问上节课讲了什么（有一次我们作业是看他的论文写感想（雾），那节课他问同学论文写了什么），上课时问刚才讲了什么（其实讲的基本就是看一下公式，有一些推导讲的稀里糊涂，自己下课后去看才看明白），然后开始讲例题和作业，几乎每一题都会叫同学翻译题目和讲怎么做。幸好线上教学以来lw就只让一个同学连麦，然后整整三节课都逮着他问（乐）。
164485,2335,李蔚,2022-12-21 08:03:32,4,4,0,给分确实不错。老师学术水平应该非常高但是讲课一言难尽，考试作业基本都套公式或者书上一模一样有的推导题，就是上课很多东西原理都没讲透有点难受。
166329,2335,李蔚,2023-01-12 03:22:53,0,0,0,感觉还可以
166347,2335,李蔚,2023-01-12 04:41:49,12,12,0,李老师为人很nice，之前碰到他骑着老式自行车来上课真的很朴实，上课内容还是挺丰富的（毕竟英文版的，国际接轨，还会分享领域内的前沿动态，大作业帮助培养大家的学术研究能力），给分也很好哦～
170508,2335,李蔚,2023-03-06 03:43:22,4,4,0,讲课讲的不是很好，但考试给分说实话都很不错。\n\n虽然用的是英文教材但是其实只要看看公式和作业题就行了，影响没有那么大
175237,2335,李蔚,2023-06-22 15:48:56,15,15,0,批评lw，讨厌lw，惧怕lw，熟悉lw，了解lw，理解lw，怀念lw，成为lw
180009,2335,李蔚,2023-09-20 06:30:15,1,1,0,上课不知所云，如果想学东西，别选他的课。如果想科研，更加别选他，渣导
182819,2335,李蔚,2023-11-20 12:15:35,9,9,0,我真的不懂李老师上课在讲什么啊，英文教材还不对理论部分讲得详细一点，有的时候讲一个新的公式推导推完了我都不知道这个公式是用来干嘛的，里面的符号是什么意思；起来回答问题我是会的，就对着公式讲就行了，李老师可能还以为我们就都会了。我真的感觉上下来除了看过答案的题目其他是一点都不会。老师人是很好，学术水平也看起来很高，就是上课真的幽默，我是真的上完了感觉没学会什么东西。
183520,2335,李蔚,2023-11-27 04:34:18,-6,1,7,给分真的好，英语弃修选手也能过
183526,2335,李蔚,2023-11-27 06:59:05,0,1,1,说给分好的，是认真的吗？
185915,2335,李蔚,2024-01-06 03:25:59,0,0,0,上课大概率听不懂，但是教材不错，课下用百度翻译看看教材还是能学到不少东西的。
192034,2335,李蔚,2024-05-08 03:59:29,1,2,1,教材挺好，上课一般自己看看教材为主，感觉还是因为学校教学安排的原因，很多概念之后的工热传热才会用到，所以英文版讲的比较抽象很难理解。认真听打下基础对后续的课程还是很有用的，给分挺迷的第一次5.0第二次感觉学的很透才拿了4.5
193273,2335,李蔚,2024-06-05 13:11:24,0,0,0,给分真的好，就是平时课听不懂
203990,2335,李蔚,2024-11-27 07:18:22,0,0,0,教学水平和科研水平分离😭
216844,2335,李蔚,2025-03-26 14:05:29,0,0,0,建议成绩一般并且不太认真的同学不要选这门课，基本上等同于全英授课，对于我个人来讲是什么都听不下去的，老师虽然不会点签到，但是会用名单喊同学站起来回答问题（可能不去的话老师也不给你扣分吧，我后面的课都没有去），考试卷子也是全英文的，最后索性老师给了个及格分没有让我挂科
85514,2395,吴杰,2018-07-19 00:08:05,-3,9,12,事少分高
174640,2395,吴杰,2023-06-15 03:04:05,5,7,2,辛辛苦苦在实验报告上面花那么多时间，结果来个平时成绩不能超过90分？
177098,2395,吴杰,2023-07-01 16:13:51,1,1,0,我真的服了，平时成绩全部压到90分以下不说，一个实验的理论考也是一点不捞，喜提3.3
192226,2395,吴杰,2024-05-12 12:14:43,2,2,0,依托史
114423,2397,陈琪,2019-07-10 01:47:25,1,1,0,害人精
186701,2397,陈琪,2024-01-12 14:23:36,0,0,0,上个课还压嗓子，声音又虚又低又拖
189019,2397,陈琪,2024-01-21 09:16:20,0,1,1,《复习个毛线》
199707,2397,陈琪,2024-09-28 02:14:28,0,0,0,好煞笔啊这老师
11550,2448,陈玲红,2015-12-04 09:26:57,-13,2,15,和蔼可亲
12378,2448,陈玲红,2015-12-23 07:00:55,10,12,2,呵呵呵
63520,2448,陈玲红,2017-12-06 02:36:35,0,1,1,妙啊！
92920,2448,陈玲红,2019-01-05 16:09:26,20,21,1,新能源流体力学是她上的，但是上课基本上只会念ppt，甚至连ppt都不念。我们班有个韩国的学生，不知道留了多少级，竟然让他上课的时候来讲他在韩国的生活，还讲了半节课。拜托老师这个是专业课，是流体力学诶!老师上课态度不认真，严重打消了学生的兴趣，这种老师上课会误人子弟的。
94361,2448,陈玲红,2019-01-16 08:05:07,8,10,2,现代分析测试技术 基本不讲课 全在搞翻转课堂 为了平时分上去的自己半懂不懂的也不少 听课体验差
124320,2448,陈玲红,2020-06-29 07:27:13,10,10,0,不推荐，现代分析测试技术这课就是陈老师的，上课基本没学到啥，互动个不停，问的问题不是初中小学的，就是博士生能回答的，也没讲清楚测试技术什么原理怎么用，也没让我们实际操作一次，就来了一次啥也没看懂的演示，最后来一句没讲过的内容，考试也要考，自己去查资料去书上看。。。
128083,2448,陈玲红,2020-12-07 03:10:11,3,3,0,一直在问问题和扯淡，两节课只有最后十五分钟讲点最基础的，不知道在干嘛
129593,2448,陈玲红,2021-01-08 06:34:56,4,5,1,为什么这种人还能当教授？
164127,2448,陈玲红,2022-12-18 09:08:13,0,0,0,快跑！
171365,2448,陈玲红,2023-03-24 08:13:20,3,3,0,把手机收起来！把手机收起来！
185022,2448,陈玲红,2023-12-26 01:37:11,1,1,0,无语，你自己安排的展示，给的主题太少还要我们尽量不重复？
185353,2448,陈玲红,2023-12-28 06:59:51,1,1,0,不会讲课可以不讲，不会布置作业可以不布置，作业要求都说不清的，一会一个想法，真就不管学生呗。
125423,2462,周志军,2020-09-08 12:19:48,2,4,2,锅炉原理给分差差差。
150978,2462,周志军,2022-02-21 13:01:13,0,1,1,老师人很好
177951,2462,周志军,2023-07-05 17:14:13,1,2,1,上课比较有趣
35463,2538,王智化,2016-11-10 07:18:54,7,20,13,真好真好真好
7016,2554,严建华,2016-09-16 07:07:47,14,21,7,只会吹浙大
7153,2554,严建华,2015-09-08 13:34:48,1,2,1,吹逼
7313,2554,严建华,2015-09-13 11:23:42,7,10,3,蛤蛤
7314,2554,严建华,2015-09-13 11:25:59,0,1,1,蛤
7835,2554,严建华,2015-09-15 14:28:53,0,0,0,不咋滴
8260,2554,严建华,2015-09-18 01:30:49,7,8,1,吹浙大
8529,2554,严建华,2015-09-22 05:52:03,0,2,2,如果风不再吹
10136,2554,严建华,2015-11-16 17:03:29,0,0,0,吹～～\n\n\n\n
12445,2554,严建华,2015-12-23 09:45:35,2,4,2,浙大世界一流
13806,2554,严建华,2015-12-31 06:40:18,0,1,1,只会吹浙大
17473,2554,严建华,2016-01-20 09:07:34,0,1,1,浙大发言人
47564,2554,严建华,2017-01-31 13:16:01,2,7,5,严老师好呀
49373,2554,严建华,2017-04-08 05:11:42,5,7,2,讲得很好啊，很有激情，正能量！
108167,2554,严建华,2019-05-16 02:53:34,3,6,3,当年我妈妈的老师就是严老师 严老师就算我师爷了哈哈哈
170836,2554,严建华,2023-03-10 08:13:49,2,2,0,你除了吹浙大还会干嘛，吹自己？
35054,2585,冯晓露,2016-11-01 00:54:51,4,4,0,讲了半个学期啥都没讲就走了，后来另一个老师赶进度，简直酸爽
77036,2585,冯晓露,2018-04-29 02:09:44,12,13,1,云里雾里，垃圾的要死，还用自以为是，其实在学生里名声早就臭了
126459,2585,冯晓露,2020-09-27 12:41:37,9,9,0,“我们搞控制的人”，真的没有这么垃圾的好吗
127137,2585,冯晓露,2020-11-10 02:34:23,6,6,0,ppt原来已经改了好几年，怎么还没改完，上课嘛，我们控制的人，牛逼
127167,2585,冯晓露,2020-11-11 12:23:10,2,2,0,老师长的超像闪电，说话也像，平时上课不敢看着老师，一看就困
143946,2585,冯晓露,2021-12-13 20:28:00,3,3,0,很困，学不到东西
149671,2585,冯晓露,2022-01-16 09:47:40,7,7,0,只能说很难不觉得有问题，不管是课程设置还是考试内容
149672,2585,冯晓露,2022-01-16 09:47:41,3,3,0,奇文共欣赏
150162,2585,冯晓露,2022-01-19 17:08:35,0,0,0,没必要加
154636,2585,冯晓露,2022-06-02 15:13:57,1,1,0,挺无语的老师
163375,2585,冯晓露,2022-12-14 06:59:28,5,5,0,傻逼dx
165026,2585,冯晓露,2022-12-28 12:06:40,7,7,0,答 辩
165690,2585,冯晓露,2023-01-09 09:17:43,7,7,0,各种方面的烂，很难说出优点
165779,2585,冯晓露,2023-01-09 16:28:37,5,5,0,答辩、
165780,2585,冯晓露,2023-01-09 16:29:15,4,4,0,依托答辩
165931,2585,冯晓露,2023-01-10 12:20:24,4,4,0,屎一样
167913,2585,冯晓露,2023-01-20 07:59:04,0,0,0,烂
167915,2585,冯晓露,2023-01-20 08:00:24,1,1,0,栽种
167926,2585,冯晓露,2023-01-20 10:22:05,9,10,1,找不到比出生更适合来形容你这个byd了，上课仿真自己不会心理有点数吗，改卷瞎鸡吧乱改心理有点数吗，说句有伤风化的话，新冠没把你带走都可惜
168568,2585,冯晓露,2023-02-19 14:31:23,0,0,0,呵呵哒
169567,2585,冯晓露,2023-02-27 03:14:43,0,0,0,烂。。
169944,2585,冯晓露,2023-02-28 14:37:05,0,0,0,坐大牢
173735,2585,冯晓露,2023-06-29 20:51:46,5,5,0,课上得稀巴烂，想办法找理由让学生挂，想一出是一出
177890,2585,冯晓露,2023-07-05 09:25:41,4,4,0,没妈畜生，死了爹的玩意，上课一坨屎，给分两坨屎，最后还先给平时分，生怕你挂不了，出生的时候你爹就该把你淹死在尿盆里
185355,2585,冯晓露,2023-12-28 07:03:04,1,1,0,哈，哈，哈
191659,2585,冯晓露,2024-04-27 05:07:38,2,2,0,依托构思
192037,2585,冯晓露,2024-05-08 04:55:29,1,1,0,唯一真史
192297,2585,冯晓露,2024-05-14 08:12:48,7,7,0,屎中之屎  课讲得真一坨。和程乐鸣那个猪逼并称能源大三下两坨狗屎
213820,2585,冯晓露,2025-01-20 06:29:14,-1,1,2,蛮好的老师
7484,2658,郝志勇,2015-09-14 19:38:04,0,1,1,好老师！
27059,2689,周劲松,2016-06-22 13:29:01,-8,4,12,周老师上课认真，关心同学！
38428,2689,周劲松,2016-12-05 02:24:38,4,7,3,心惊胆战
63292,2689,周劲松,2017-11-30 06:32:15,0,12,12,萎男一个
118283,2689,周劲松,2019-10-31 09:04:43,5,8,3,煎熬啊啊啊啊啊
127484,2689,周劲松,2020-11-23 12:13:40,-1,8,9,男神！！！
140355,2689,周劲松,2021-09-10 04:16:16,-4,11,15,周老师为人谦和，是所里出了名的好老师！学术态度严谨，对学生很关心。\n\n周老师平时说话慢条斯理而已，拿那种恶意的称号中伤老师，多少是有点大病，Shame on U，浙大出这样的学生真是丢脸
140356,2689,周劲松,2021-09-10 04:18:33,-6,2,8,老师人超好的！
140357,2689,周劲松,2021-09-10 04:21:18,-7,1,8,人帅认真
140607,2689,周劲松,2021-09-14 08:49:34,5,6,1,给分烂
160525,2689,周劲松,2022-09-26 02:00:25,5,5,0,当堂作业挺烦的
181973,2689,周劲松,2023-11-07 04:45:56,6,6,0,无话可说
183534,2689,周劲松,2023-11-27 06:56:28,5,7,2,有一种少了一颗高玩的美
201901,2689,周劲松,2024-11-07 09:07:31,4,4,0,跟欠了他钱一样的😓
206314,2689,周劲松,2024-12-14 03:23:25,3,3,0,无话可说。。。
218493,2708,俞小莉,2025-04-24 04:14:05,0,0,0,车工导无脑冲
3277,2786,程乐鸣,2015-05-26 02:13:49,7,13,6,神坑不解释\n\n
6600,2786,程乐鸣,2015-07-16 06:25:46,4,8,4,神坑
17674,2786,程乐鸣,2016-01-20 15:18:10,2,6,4,给了59分，跪了
50983,2786,程乐鸣,2017-05-11 02:24:44,0,1,1,呵呵呵
52026,2786,程乐鸣,2017-06-14 08:29:01,-9,1,10,讲课很有道理
66159,2786,程乐鸣,2018-01-12 08:04:46,-17,1,18,传热课很有水平！比其他水论文的课好多了
74327,2786,程乐鸣,2018-02-11 05:50:33,-5,1,6,还行吧
78913,2786,程乐鸣,2018-05-16 18:01:08,4,6,2,本科上课还行，硕博别去他那，天天逼你做事，精致利己，水平一般，老一套很懂
79128,2786,程乐鸣,2018-05-23 15:19:42,0,0,0,可以看看其它课其他老师
108133,2786,程乐鸣,2019-05-15 13:48:02,6,6,0,破事巨多
109026,2786,程乐鸣,2019-06-06 02:04:41,3,4,1,太装x了吧
109301,2786,程乐鸣,2019-06-13 03:25:36,3,3,0,小测\n\n题刚刚看完就马上收了 \n\n然后开始长篇大论自己这样做的合理性\n\n非常反感 装逼好玩吗？
123188,2786,程乐鸣,2020-05-18 09:36:33,3,3,0,小测的时候，题还没读完就要交了
136924,2786,程乐鸣,2021-06-28 09:48:53,3,3,0,全靠小测点名留住学生，没有小测估计一个来的也没有\n\n大作业跟课上的联系实在是紧密，我直呼666
144498,2786,程乐鸣,2021-12-22 01:45:10,4,4,0,事好多且事好多\n\n教材还要创新一下结果考试不考那个教材还要重新学另一本
161273,2786,程乐鸣,2022-11-03 06:33:49,1,1,0,讲的还行，但是大作业劝退。大作业让我意识到自己就是一坨学术垃圾。
172314,2786,程乐鸣,2023-04-25 02:38:26,0,1,1,腊鸡装逼男 全世界就你会英文？
172854,2786,程乐鸣,2023-05-08 13:16:31,1,1,0,大作业别太离谱了
173394,2786,程乐鸣,2023-05-23 02:50:40,1,1,0,无语至极
181643,2786,程乐鸣,2023-10-25 05:45:23,0,0,0,依托答辩
181729,2786,程乐鸣,2023-10-30 04:49:33,2,2,0,大作业咋做啊？求求了我真的做不来
187787,2786,程乐鸣,2024-01-17 12:42:32,0,0,0,1.教材和另外两个班不一样，期末考试却是三个班统一卷子，考另一本教材\n\n2.三个老师一人一个大作业，且大作业题目很离谱\n\n3.给分不好（看和其他两个班均绩对比就知道）
189706,2786,程乐鸣,2024-01-27 07:07:28,1,1,0,一看就是搞老一套腔调那种人。事情比别的俩班多一倍，一周交两次作业，n多个大作业。PPT祖传的烂，给分和PPT一样烂。教材非得创新一下，还是学院核心课。评价为依托。
192296,2786,程乐鸣,2024-05-14 08:08:09,1,2,1,屎中屎
217660,2786,程乐鸣,2025-04-15 02:15:12,0,0,0,先平均分看一下
53075,2794,成少安,2017-06-25 09:52:04,-1,0,1,好好好
125121,2794,成少安,2020-09-01 08:43:03,1,3,2,老师讲的很清楚，平时任务和考核都安排的比较合理~燃料电池课程本身也不错。
1478,2799,方梦祥,2015-03-22 06:53:05,-5,3,8,很随和
118727,2799,方梦祥,2019-10-31 09:05:54,-4,1,5,还算一个好老师啦
181974,2799,方梦祥,2023-11-07 04:48:28,4,5,1,课上无聊透顶，只能以加分为奖励让学生回答问题
181975,2799,方梦祥,2023-11-07 04:48:26,6,6,0,课上无聊透顶，只能以加分为奖励让学生回答问题
181976,2799,方梦祥,2023-11-07 04:48:27,4,4,0,课上无聊透顶，只能以加分为奖励让学生回答问题
181977,2799,方梦祥,2023-11-07 04:48:27,4,4,0,课上无聊透顶，只能以加分为奖励让学生回答问题
201905,2799,方梦祥,2024-11-07 09:33:45,3,3,0,课上无聊透顶，只能以加分为奖励让学生回答问题
208378,2799,方梦祥,2024-12-27 08:20:57,1,1,0,课上无聊透顶，只能以加分为奖励让学生回答问题
51007,2889,张彦威,2017-05-12 02:50:59,2,4,2,？？？为什么没人评论，学长们你们都没上过他的课么？
126755,2889,张彦威,2020-10-18 16:21:22,10,13,3,好老师好老师好老师
156551,2889,张彦威,2022-06-20 08:51:50,3,4,1,感谢张哥不挂之恩！
157837,2889,张彦威,2022-06-25 05:25:50,-1,3,4,废话好多
176419,2889,张彦威,2023-06-29 00:56:50,4,7,3,楼上该谢的是我，我捞你们多辛苦，真的救不回来了我也无能为力哦
189223,2889,张彦威,2024-01-22 12:11:47,1,2,1,快来读老师的研究生
108901,2925,杨卫娟,2019-06-04 01:57:56,8,13,5,上课平平淡淡 还喜欢花时间点名提问 有这时间多深入研究一下课程不行吗
193190,2925,杨卫娟,2024-06-04 09:22:03,0,1,1,上课纯读ppt，不会板书，拿着鼠标在ppt上乱画，画什么读什么，然后你会发现他把整个ppt全部画完了，然后还读完了，但是你会发现你是一点都没学到，只能说教学水平很差，有空去染发还不想着去好好提高自己的教学质量，无语
53193,2927,周文华,2017-06-26 07:26:12,8,8,0,给分极低
53198,2927,周文华,2017-06-26 07:33:24,13,14,1,这老师有毒啊\n\n上课不知道在讲些什么\n\n给分巨坑\n\n明明期末所有重点都给了，全都答出来了
53214,2927,周文华,2017-06-26 07:51:33,-6,0,6,嘿嘿嘿
60195,2927,周文华,2017-10-12 14:57:56,-10,0,10,很好的老师
110407,2927,周文华,2019-06-26 11:12:08,5,5,0,给分巨坑，上课不知所云
110410,2927,周文华,2019-06-26 11:25:36,7,7,0,上课胡扯 给分巨坑
111067,2927,周文华,2019-06-29 12:11:12,2,2,0,给分低！
152305,2927,周文华,2022-04-02 11:00:44,-3,2,5,老师课程条理清晰，受益匪浅
154733,2927,周文华,2022-06-04 11:28:21,1,1,0,有概率挂人，慎重
173380,2927,周文华,2023-05-22 07:55:55,2,2,0,客观评价，暑期实习课直接不上，别的课上就照着书念，这配当老师？\n\n主观评价，sb一个
192047,2927,周文华,2024-05-08 06:52:29,0,0,0,很难评
196224,2927,周文华,2024-07-02 10:11:42,0,0,0,给分好低啊。。。\n\n上课也不知道在讲什么
197163,2927,周文华,2024-07-08 09:54:00,1,2,1,出生老师，上课乱讲念ppt，板书自娱自乐，下面都是玩手机的，期末画重点突击，根本和考试内容关系不大，认真复习了结果差点挂了，大学一来没这么低过，真的无敌了，赶紧退休吧求求你了
197368,2927,周文华,2024-07-11 14:26:07,1,1,0,老师上课比较催眠，平时也没什么人听。最后一节课会划重点，把他说的全部记下来复习就好了，98上也有一份资料可以看看。给分较一般，不过感觉也没楼下说的这么烂。
221493,2927,周文华,2025-06-24 04:56:12,0,0,0,哎 哎 哎
211,3018,潘贤林,2015-03-14 16:53:07,26,27,1,上课内容很赞，人很逗，上学期最有意思的课
565,3018,潘贤林,2015-03-15 05:08:47,22,24,2,讲课很好也很逗，为人很随和，作业不多，给分真心好
1080,3018,潘贤林,2015-03-21 16:05:57,101,111,10,讲课逗，给分好，作为思修课，不能上的更好
3633,3018,潘贤林,2015-06-17 01:55:57,5,6,1,挺有意思的 给分好高。。
4514,3018,潘贤林,2015-06-24 05:33:59,6,7,1,老师很逗，思修也能讲得恨风趣，给分也还好
5223,3018,潘贤林,2015-07-06 02:03:26,16,16,0,老师真的超级赞！上课有趣，作业不多，对学生也很好，给分也不错T^T简直小天使~~
6691,3018,潘贤林,2015-07-19 04:39:05,5,6,1,爽爆了
9197,3018,潘贤林,2015-10-16 05:28:00,7,8,1,讲的有意思，有深度，让人受益匪浅，选上他的思修很幸运！
9219,3018,潘贤林,2015-10-17 11:22:00,7,7,0,老师真是世外高人
15055,3018,潘贤林,2016-01-11 17:05:00,6,6,0,无死角思修课\n\n
15239,3018,潘贤林,2016-01-13 02:56:30,6,7,1,上课幽默给分好 思修不选他选谁
15240,3018,潘贤林,2016-01-13 02:57:15,4,4,0,赞赞赞
15245,3018,潘贤林,2016-01-13 03:26:11,9,9,0,真正懂教育的老师，上课正三观
15248,3018,潘贤林,2016-01-13 03:29:25,5,5,0,很风趣
15658,3018,潘贤林,2016-01-21 10:42:37,36,38,2,老师真乃神人也，好老师，思修成功正三观，最后会划重点，还会有个自愿的任务。最后一课还希望我们不要成为标准品，值得点赞
20657,3018,潘贤林,2016-01-29 12:26:32,9,9,0,到最后一节课才发现老师讲的非常非常有意思，后悔没有好好听
21100,3018,潘贤林,2016-02-17 07:46:49,52,54,2,老师有思想口才好，受益匪浅！作业少，给分好(￣▽￣)潘老师的思修课真能让人学到好多，感觉自己这门选得太幸运了
33669,3018,潘贤林,2016-09-21 02:30:07,4,4,0,真的是好老师
34171,3018,潘贤林,2016-09-28 03:05:17,5,5,0,挺有想法的一个老师
38524,3018,潘贤林,2017-01-04 15:10:59,41,42,1,老师很有想法，思考与思辨很深入，上课幽默风趣，十分有意思。内容极为吸引人。对学生十分照顾。给分超赞。
41542,3018,潘贤林,2017-01-13 14:48:20,2,3,1,好好好
42054,3018,潘贤林,2017-01-13 13:13:29,7,7,0,老师很棒，思修课得到了很多收获而且有独到见解，也没什么作业
42088,3018,潘贤林,2017-01-13 14:28:57,3,3,0,非常好，惊喜的思修课
42090,3018,潘贤林,2017-01-13 14:32:15,3,3,0,讲得很好
47150,3018,潘贤林,2017-01-24 05:06:19,4,4,0,给分超好\n\n
47226,3018,潘贤林,2017-01-24 15:21:13,6,6,0,能上潘老师的思修课是一件很幸运的事哦~
47604,3018,潘贤林,2017-02-06 23:48:56,45,47,2,潘贤林老师的思修课非常有意思，颠覆了以前对政治课的印象，讲课有趣，不照本宣科，但三观又正，不突出个人，不靠讲段子发牢骚，难得的好老师。
49597,3018,潘贤林,2017-04-20 01:28:24,4,4,0,课很棒，课外基本没事，期末成绩输错寒假时还会帮忙调分
51238,3018,潘贤林,2017-05-25 03:25:13,2,2,0,很有趣
59029,3018,潘贤林,2017-09-19 07:09:43,4,4,0,机能老学长，贼逗，满分\n\n
60242,3018,潘贤林,2017-10-15 10:51:18,2,2,0,不是思政课的感觉啊
60758,3018,潘贤林,2017-10-29 12:34:20,2,2,0,男神啊
61014,3018,潘贤林,2017-11-07 02:51:57,3,3,0,好老师，超级棒
61218,3018,潘贤林,2017-11-12 11:21:30,5,5,0,很棒的思修课，三观很正，很有思想的一位老师。
61219,3018,潘贤林,2017-11-12 11:28:55,12,12,0,原来以为假大空的政治课，讲的很有意思，有帮助。
61270,3018,潘贤林,2017-11-13 07:22:52,0,1,1,非常好，就算讲大道理也毫无违和感
61355,3018,潘贤林,2017-11-15 07:07:13,0,1,1,崇拜ing
61374,3018,潘贤林,2017-11-15 13:35:46,0,1,1,很有趣
61434,3018,潘贤林,2017-11-17 07:50:54,0,1,1,棒棒棒
61539,3018,潘贤林,2017-11-18 10:47:53,0,1,1,好！很好！非常好！
61637,3018,潘贤林,2017-11-19 12:21:54,1,2,1,体验很好
64403,3018,潘贤林,2017-12-23 08:13:28,1,2,1,棒棒棒
64968,3018,潘贤林,2017-12-28 05:36:11,15,15,0,老师综合素质很好，个人经历很丰富，辗转过很多专业，太强了。
66154,3018,潘贤林,2018-01-12 07:30:44,-2,2,4,只有小组讨论环节不能划水 其他时候可尽情划
66206,3018,潘贤林,2018-01-13 06:23:21,5,5,0,有趣博学接地气
66466,3018,潘贤林,2018-01-17 01:39:12,65,67,2,老师超级超级棒的啊，还没考试就等不及来评分，讲课很仔细也很有趣，自发组织期末课本复【yu】习，给我们组织模拟法庭话剧，最后一堂课的人生叮嘱真的听的泪目，希望接下来选到这个老师的同学可以好好珍惜每一堂课，认真做每一次讨论，你会有想不到的人生收获的!
66685,3018,潘贤林,2018-01-18 08:17:27,19,19,0,思修中不可多得的好老师，能把知识讲的接地气，还能让你专心复习先把思修的论文放一边，选上就好好珍惜吧
66700,3018,潘贤林,2018-01-18 10:54:50,-8,1,9,天地阴阳交欢大乐赋，emmmmm，思修课，没毛病
66707,3018,潘贤林,2018-01-18 11:58:31,22,22,0,非常活泼，很有激情的一位老师。听课没有任何负担，说实话几乎每次在课上做微积分背单词，都会被讲课吸引过去，然后不知不觉作业就落下了没有做，o(*￣︶￣*)o
67339,3018,潘贤林,2018-01-21 01:12:43,12,12,0,老师很幽默，尽管一直在写微积分，但是讲课方式还是挺吸引人的
67644,3018,潘贤林,2018-01-22 03:39:49,2,3,1,爱您哦\n\n
70551,3018,潘贤林,2018-01-27 07:53:38,6,6,0,上大学以来遇到的最人性化，最最最好的老师
70706,3018,潘贤林,2018-01-27 12:16:25,3,4,1,为他疯，为他狂，为他咣咣撞大墙
70794,3018,潘贤林,2018-01-27 13:57:41,12,13,1,我是来膜拜的，把思修这门水课上成了硬课，入学以来最喜欢的课竟然是思修课，自己没想到，说出去别人也不相信，O(∩_∩)O哈哈~
71900,3018,潘贤林,2018-01-29 05:16:30,12,12,0,上课搞笑又有趣，分析问题很会选角度，思考很深入，很有收获。布置了论文，然后给我们做写论文的培训，在思修课上学习了怎么写论文，论文发过去还会给点评，提出改进意见，不像其它课的老师只会布置任务，给学生找事做。
72078,3018,潘贤林,2018-01-29 09:59:03,14,14,0,肯定会有每个人不同的想法，但对于我来说，潘老师是一位真正有自己见解、超前教学理念，作业少，给分高并且公正的人，你能真的在他的课上学到许多东西，一学期下来，会真的觉得不虚此课。
72875,3018,潘贤林,2018-01-31 08:31:29,3,3,0,上课氛围很宽松，基本是鼓励，从来没点过名，但好像对同学的表现了如指掌，世外高人一般。
73389,3018,潘贤林,2018-02-01 13:12:42,3,3,0,乱七八糟的事情少，给分挺好，教学理念挺先进的。
74082,3018,潘贤林,2018-02-05 02:14:50,2,3,1,上课自由，听课自由，讨论自由，话题自由，不管你怎么讲，老师都能给收回来，这就是本事！
76038,3018,潘贤林,2018-03-25 10:46:24,2,2,0,形策课体验极好 虽然还没考试 但是 下次还来
80774,3018,潘贤林,2018-07-01 01:29:22,4,4,0,上了老师的课，感觉好多了，哦胡\n\n就感觉回家一样，必须高分
80815,3018,潘贤林,2018-07-11 07:01:27,7,7,0,看得出来老师是真的为学生着想！上课上得好，给分给的好。老师曾说，只要你来上课就就有3.3，高了不敢说。最后大家平时分基本上都是满了，真的好老师，必须10！
83762,3018,潘贤林,2018-07-11 07:35:18,4,4,0,最理想的形策老师了，幽默有趣，有不一样的视角，给分感人。选到老师的课太幸运啦
83764,3018,潘贤林,2018-07-11 07:37:25,-21,2,23,课全到 论文好好写 考前认真背 自认为考的不错最后3.3
83798,3018,潘贤林,2018-07-11 08:40:30,6,6,0,老师给大家平时分都满分了 考得不好怪谁呀？
83821,3018,潘贤林,2018-07-11 09:03:02,2,2,0,老师超好，事情很少
84009,3018,潘贤林,2018-07-11 17:29:51,6,6,0,给老师打10分，老师见识很广讲课有趣，会不由自主地抬头听讲，给分也很好，只要到课，写作业，3.3是有保障的，考试如果考得好就会很高分～我自认为考试考的不算特别好，最后4.2，可以说很满意了！
84112,3018,潘贤林,2018-07-12 04:43:53,0,0,0,思政课的一股清流，力赞！
84127,3018,潘贤林,2018-07-12 05:35:06,16,16,0,我一定要给老师刷满分好吗！！！大一上了潘老师的形策，上课超级棒每次我都是带了作业最后写不进去在听课，后来大一下我就不带作业了坐到前排听。最后一堂课老师和我们讲了正态的事情然后说最低只会给79分，我考试也就不是很慌。后来出成绩的时候老师说大家的卷面分有点差，就把所有人的可控的30分平时分（有十分学生手册考试不可控）全部给满了！！！我的天！！潘老师课上得又好人也好简直疯狂打call！！
84164,3018,潘贤林,2018-07-12 07:10:21,1,1,0,大家卷面分不高，老师就把平时分给满了\n\n
84358,3018,潘贤林,2018-07-12 15:41:34,4,4,0,喂喂喂同学们你们再吹老师的平时分 老师或许会被查水表的 理智理智表吹了\n\n但我还是要说 老师超棒！选了绝对不后悔 可听可水 事少分好！
85500,3018,潘贤林,2018-07-18 15:03:52,1,1,0,平时分全都给满
85778,3018,潘贤林,2018-08-07 20:14:02,1,1,0,给分挺好的，讲课挺好的，对学生挺好的，给分数也很公正的，如果被正态分布，要多检讨自己的原因
90010,3018,潘贤林,2018-11-21 14:22:25,12,12,0,没上过潘老师的思修课，但听过老师的党课，感觉很好。看得出老师的功底深厚，经验丰富，讲课有趣，讲课风格有别于一般的党课，不是用情绪感动你，而是用逻辑说服你的那种，印象深刻。
91868,3018,潘贤林,2019-01-26 02:59:48,7,7,0,遇到这样好的老师，对不起，我感动的哭了
92678,3018,潘贤林,2019-01-03 13:53:55,0,0,0,666666
92914,3018,潘贤林,2019-01-05 14:45:09,1,1,0,老师人真的超超超超级好！
94374,3018,潘贤林,2019-01-16 08:51:57,2,2,0,老师超好的，事情少，讲课逗，思想深邃。
94550,3018,潘贤林,2019-01-17 07:40:31,2,2,0,可听可水，思修课你值得拥有！
94603,3018,潘贤林,2019-01-17 10:18:30,0,0,0,很有趣
95662,3018,潘贤林,2019-01-19 23:58:25,2,2,0,老师真的很好，我们这一届社会实践也不用做，职业规划也不用做，挺轻松的，最后还可以自由索取分数，真的是神仙老师啊，给分超级好。
98784,3018,潘贤林,2019-01-24 02:30:21,1,1,0,感谢潘老师的课给我开启每周一开始上课的快乐时光～能被预置真的太幸运啦
100306,3018,潘贤林,2019-01-26 02:42:26,2,2,0,作为思修课上的不能太好，事不多，还有有趣的模拟法庭，认真上老师的课一定会有收获的！！
100311,3018,潘贤林,2019-01-26 02:47:14,0,0,0,超级好(✪▽✪)，收获不少
100315,3018,潘贤林,2019-01-26 02:50:18,3,4,1,第一次用查老师评分 老师实在是太好了！！！！课超级有意思 给分巨好。一句话，无敌了！！
100323,3018,潘贤林,2019-01-26 02:58:57,5,5,0,老师棒的鸭匹，事少，把我拉了一把，很有思想
100357,3018,潘贤林,2019-01-26 03:40:31,10,10,0,老师讲课真的很好！！不枯燥很有趣确实了解了好多鸭！给分也很好呜呜呜老师真的太好了我要安利全天下的朋友老师的思修！真的没想到思修可以那么好玩w
100377,3018,潘贤林,2019-01-26 04:05:23,2,2,0,上课风趣幽默，作业巨少，给分炒鸡好，真的是好老师啊啊
100419,3018,潘贤林,2019-01-26 05:51:13,11,12,1,真的是好的不能再好的老师啦 上课有趣 人超可爱事不多很体谅我们 考试前带我们预习课本让我们把时间留给数学哈哈哈哈 而且给分很好！
108021,3018,潘贤林,2019-07-14 15:42:38,9,10,1,说为幽默而幽默的那位同学，怕是没好好听课吧，上课虽然会讲些段子，但分析形势很理性很到位啊
110102,3018,潘贤林,2019-06-23 02:27:20,3,3,0,赞赞赞
112205,3018,潘贤林,2019-07-03 22:43:12,-11,1,12,形策的作文瞎改
112215,3018,潘贤林,2019-07-03 23:19:25,26,26,0,查老师已经严重变味了，分数低就黑，分数高就吹，不像我查分前就来吹一波，老师上课很好，讲新闻很有意思啊
112222,3018,潘贤林,2019-07-03 23:31:58,1,1,0,神仙老师，太好了，4.5好感动
112226,3018,潘贤林,2019-07-03 23:36:32,2,2,0,讲课逗，作业少，给分好。神仙老师，吹爆
112312,3018,潘贤林,2019-07-04 01:22:35,0,0,0,haoa
112318,3018,潘贤林,2019-07-04 01:32:49,0,0,0,讲课超赞，作业超少，给分超好，神仙老师！
112356,3018,潘贤林,2019-07-04 02:35:05,0,0,0,课有趣，事情少，给分好
112374,3018,潘贤林,2019-07-04 03:13:09,8,8,0,讲课很有趣，把一门本来无聊的形策讲得让人忍不住认真听，另外，给分超好哇！疯狂为老师打call
113799,3018,潘贤林,2019-07-07 15:08:14,9,9,0,毕竟是我们系的党委副书记，每次开年级大会都只想听他讲话。
114475,3018,潘贤林,2019-07-10 05:06:28,-2,3,5,形策，总的来说老师人很好啦，上课幽默，整体给分较好，作业也少，但个人觉得上课有点为了幽默而幽默的感觉，有些时候会偏离了形势与政策的初衷。
115270,3018,潘贤林,2019-07-17 09:06:01,-1,0,1,去年听过潘老师给研究生的课，中特，讲得很好，给分也很好
115306,3018,潘贤林,2019-07-18 07:44:37,0,0,0,思修不点名，但上课积极的人分数会高
115359,3018,潘贤林,2019-07-19 17:24:18,-13,1,14,乱给分
115384,3018,潘贤林,2019-07-20 12:39:01,5,5,0,平时分99分啊，考不好只能怪自己啦
115403,3018,潘贤林,2019-07-21 05:07:38,3,3,0,上课风趣，作业少，给分好，这样的老师哪儿找！
115638,3018,潘贤林,2019-08-13 09:46:28,1,1,0,思修课的极限
117733,3018,潘贤林,2019-09-30 03:21:22,1,1,0,爽爽爽
120087,3018,潘贤林,2019-11-17 11:16:33,7,7,0,哈哈哈哈哈哈哈哈哈，全天候战略合作伙伴关系
122284,3018,潘贤林,2020-02-22 08:08:18,5,6,1,唯一一个上政治课能把我的心思吸引过去的老师，上课做其他作业、玩手机，都会被他思路带走，讲得非常好！布置的作业基本没做，4.2
122465,3018,潘贤林,2020-02-29 01:41:09,6,6,0,妙趣横生的课堂+给分超好！出成绩前还给我们发红包！老师真的太棒了
123000,3018,潘贤林,2020-04-29 05:55:58,2,2,0,讲课，无解，只能说无解，没听过就是遗憾
125041,3018,潘贤林,2020-08-17 13:16:44,6,6,0,十分难得的思修课老师，上课精彩有趣有收获
125997,3018,潘贤林,2020-09-16 11:10:33,12,12,0,听室友说老师讲的特别好，我除了第一节课都没去过。。。（现在很后悔）。考前发红包，“复习建议：建议好好复习其他科目”。最后裸考4.5。 ( ੭ ˙ᗜ˙ )੭谢谢老师
127202,3018,潘贤林,2020-11-12 15:32:31,11,11,0,不管你信不信，潘老师的思修课是开学以来最喜欢上的课。
128091,3018,潘贤林,2020-12-07 05:50:10,1,1,0,形策，哈哈哈，很欢乐的课堂
129096,3018,潘贤林,2020-12-30 06:18:39,0,1,1,思修课从来没点过名，不照本宣科，讲的不错，希望保持风格
129439,3018,潘贤林,2021-01-05 10:51:23,6,6,0,亲切有趣活泼的老师。十分。
129858,3018,潘贤林,2021-01-13 04:39:17,9,9,0,思修课不点名哈，自觉来上课，讲得好有深度，作业不多杂事少，水课上这么好不容易啊
130150,3018,潘贤林,2021-01-18 06:49:06,44,46,2,很欣赏老师的价值观。\n\n几个我很欣赏的观点：\n\n1、不点名，到和没到的区别不是反应在点名上的，（可能我看你脸不脸熟），如果到课了但是睡觉或者写数学，和不到也没啥区别。\n\n2、如果数学真的不太行，思修作业别做了，赶快去学微积分，那个会挂，这个挂不了。一个老师如此站在学生的角度去评论自己的课程，很欣赏。\n\n3、宁可论文不要写，不要水过去，不要混。\n\n然后自己写的大论文，开始时给指导建议，后来写完私戳老师，很认真的帮我提修改意见。
130187,3018,潘贤林,2021-01-18 15:55:54,40,42,2,潘老师说：你课不来上作业也不做，那么你卷面考多少分，我就给你多少分，并不是做我的作业才算平时分，作业不交，我认为你在自学，并且学习水平和卷面分一样，哈哈哈
132524,3018,潘贤林,2021-02-02 06:00:43,2,2,0,老板大气！反手就是一个红包
132644,3018,潘贤林,2021-02-03 05:31:07,8,8,0,老师真的超级好\n\n事情真的超级少\n\n给分也特别好\n\n说捞也真的捞\n\nyyds
132645,3018,潘贤林,2021-02-03 05:49:53,3,3,0,谁选谁赚到
132646,3018,潘贤林,2021-02-03 06:02:17,22,22,0,除了体育第一门满绩，潘贤林yyds！上课很有趣，不点名，不听也没事。作业相比别的思修老师应该算少的，预算分析+课前五分钟演讲+最后五千字大论文。老师最后会布置选做的求捞作业，还领过几次红包哈哈哈哈哈哈。虽然没听到评论里据说很有意义的最后一节课，但是作为思修老师不能更好了！
132647,3018,潘贤林,2021-02-03 06:07:50,8,8,0,三个红包\n\n不点名，不志愿者\n\n上课鸡汤有趣生动，为其他科目腾出复习时间还给复习建议\n\n给分好\n\n选就对了
132660,3018,潘贤林,2021-02-03 07:38:19,27,27,0,可恶！查老师系统最多只能打10分，给潘老师打10分显然太少了啊。老师人超好，特别有才，能把思修课上的特别有意思，和我印象中昏昏沉沉的思政课完全不一样，真的超赞！我发誓我思修课从来没有睡觉和水课，完全被讲的内容迷住了！考前会带着我们集体预习，给分还超好！选上潘老师课的同学就偷着乐吧嘿嘿！
132783,3018,潘贤林,2021-02-03 14:45:08,23,23,0,思修考试前一晚提醒同学们不要看书了早点睡觉，然后指导群里另一个同学怎么复习《工程图学》，社科的我不学工图看的一脸懵，不知道思修老师还有这本事啊，哈哈哈，复习课踩中了好多考题点，直接拯救了我的多选题，哈哈哈哈，真宝藏老师啊
138645,3018,潘贤林,2021-07-10 05:56:15,5,5,0,老师真的好 分高事情少 吹爆!
138651,3018,潘贤林,2021-07-10 06:19:49,3,3,0,神仙老师！！选到就是赚到！！
145062,3018,潘贤林,2021-12-27 07:26:02,1,1,0,非常好，非常可爱，选到就是赚到不是吹的！
145082,3018,潘贤林,2021-12-27 09:36:41,3,3,0,老师很可爱，很幽默，作业很少。不明白为什么不是满分。如果没遇到这个老师，我想我会很遗憾，感谢系统的预置。\n\n如果可以的话，大家一定要选潘老师啊
145083,3018,潘贤林,2021-12-27 09:36:38,1,1,0,老师很可爱，很幽默，作业很少。不明白为什么不是满分。如果没遇到这个老师，我想我会很遗憾，感谢系统的预置。\n\n如果可以的话，大家一定要选潘老师啊
145858,3018,潘贤林,2022-01-03 11:35:27,11,11,0,如果可以，潘老师的课可以打个包吗，我全要了
145886,3018,潘贤林,2022-01-03 15:43:25,6,6,0,考前预习，多选题说到了5题，论述题说到了躺平，虽然我还是不太会写，但是一定要来给老师手动点赞
145987,3018,潘贤林,2022-01-05 02:17:28,7,7,0,神仙老师，预置就是中奖了
148755,3018,潘贤林,2022-01-13 12:18:10,2,2,0,满分大佬，海底捞，捞王
148761,3018,潘贤林,2022-01-13 12:29:25,4,4,0,有趣可爱的潘老师，理性而又温情，mua~~~
148850,3018,潘贤林,2022-01-13 17:31:13,3,3,0,我的最后一个作业起效果啦，哈哈哈哈
148872,3018,潘贤林,2022-01-14 00:32:39,2,2,0,太好啦！ 老是发红包！ 给分好！
149791,3018,潘贤林,2022-01-17 03:31:17,18,18,0,思想道德与法治。\n\n疫情的原因，这个学期作业就只有大学预算和分析、演讲稿和五千字论文。\n\n（不做的话总评就算卷面分数，也不扣平时分）\n\n大概会点几次名，但点名都有二十分钟时间，完全来得及。\n\n最后几节课会带大家预习课本，然后顺便透露一大堆考题，闭卷的期末考试还是建议精准预习一下（x）\n\n最后会有一项选做作业：考试之前发邮件给他要分数……\n\n于是\n\n我要多少他给了我多少~
150007,3018,潘贤林,2022-01-18 09:16:32,9,9,0,神仙老师不多说，我能预置到老师的课是我的荣幸，三观正给分好
150392,3018,潘贤林,2022-01-24 06:46:33,7,7,0,难得的好老师
150491,3018,潘贤林,2022-01-26 15:20:34,14,14,0,一个会讲笑话的老师，一个视野开阔的老师，一个体谅学生的老师，一个大气包容的老师，一个理性温暖的老师，一个会发红包的老师，一个给分很好的老师，一个会压考题的老师。\n\n遇上了是我的幸运
150540,3018,潘贤林,2022-01-29 14:24:08,3,3,0,非常有意思的老师
154275,3018,潘贤林,2022-05-28 00:28:52,3,3,0,还没考试就先来评分啦，真的是个难得的好老师。
154885,3018,潘贤林,2022-06-06 12:50:03,3,3,0,理性，温情，幽默，接地气，有原则，懂学生。
155412,3018,潘贤林,2022-06-12 09:45:42,3,3,0,好！很好！
155422,3018,潘贤林,2022-06-12 12:53:45,3,3,0,老师太好了虽然还没出分但是超级推荐超有趣
156092,3018,潘贤林,2022-06-17 13:30:58,4,4,0,天呐怎么会有这么好的老师呜呜呜我一整个爱住了！每节课都真的认真听了虽然可能是有坐第一排的因素，但是老师人格魅力真的很大，而且课程设计很有意思也很有仪式感，都是一些实用的心理辅导技巧，让我觉得之后处理人际关系和帮助他人有了很好的指导
156555,3018,潘贤林,2022-06-20 08:58:19,8,9,1,看赞最高的评论就行
156582,3018,潘贤林,2022-06-20 10:40:20,8,8,0,赞，不拖堂，讲课有趣，作业少。
156588,3018,潘贤林,2022-06-20 10:57:33,3,3,0,潘老师的形策课一点都不沉闷！！
156604,3018,潘贤林,2022-06-20 11:43:36,2,2,0,感谢老师捞我
168653,3018,潘贤林,2023-02-20 15:02:41,10,10,0,给分好，上课有趣，理解学生，有他的课好幸运
176211,3018,潘贤林,2023-06-28 05:19:37,6,6,0,老师给分超级超级超级超级好，人也超级超级超级超级好，形策都来选潘老师
176245,3018,潘贤林,2023-06-28 07:00:12,8,8,0,在他这拿到了两个4.8哈哈哈哈\n\n还都不难！
176344,3018,潘贤林,2023-06-28 12:57:15,7,7,0,哼哼，老夫啊，不叫潘长江，不叫潘佰良，老夫叫____
176425,3018,潘贤林,2023-06-29 01:50:59,10,10,0,老师很好
186573,3018,潘贤林,2024-01-12 01:14:54,2,2,0,讲课有趣，哈哈哈
186938,3018,潘贤林,2024-01-13 16:19:46,1,1,0,tql
187448,3018,潘贤林,2024-01-16 07:17:22,4,4,0,老师太酷啦\n\n强烈推荐
189448,3018,潘贤林,2024-01-24 09:20:04,13,13,0,pxl我爱了
189458,3018,潘贤林,2024-01-24 10:52:37,9,9,0,点名七次缺勤一次不发言没参加两个法系的模拟论文4800字总评92谢谢潘老师，人超级超级好
189459,3018,潘贤林,2024-01-24 10:55:58,8,8,0,老师上课很有趣，尝试着用真实发生的案例，让我们在思政课真正学习到知识。有几次点名，但也不会强制要求到课率。（实际上在课上可以自由开摆hhhh，但是我经常被老师讨论的话题吸引，有时候都忘记卷了）任务主要是每个小组（约7人）要挑选2篇演讲稿，期末有5000字的大论文。印象最深刻的是，老师最后布置大作业时说，如果写不到5000字，也不要抄，自己有多少能力，写多少字的论文就行。事少分高，绝对好老师！！
190598,3018,潘贤林,2024-03-11 06:57:09,14,15,1,俄罗斯科技部部长送上火箭
194822,3018,潘贤林,2024-06-25 14:00:23,0,5,5,卡绩了
194836,3018,潘贤林,2024-06-25 15:15:37,7,7,0,巴西卫生部长送上保时捷\n\n满绩了
194886,3018,潘贤林,2024-06-26 00:28:40,8,8,0,老师太好啦
194905,3018,潘贤林,2024-06-26 01:52:14,7,7,0,形策，点名，讲课放得开，大作业难度高但有趣，分数上非常友好。
212317,3018,潘贤林,2025-01-14 01:28:13,-2,1,3,偶尔点名，老师人很好，但是卡绩了
212381,3018,潘贤林,2025-01-14 02:42:09,3,3,0,德法选潘老师啊啊啊啊啊啊啊买不了吃亏买不了上当，作业5000字大论文但是写完了就感觉其他课程论文真的小意思，期末最后一节课会划框架，感谢老师给我的95！出分了还给发红包、我爱你潘老师
212405,3018,潘贤林,2025-01-14 03:13:51,3,3,0,好极了
212616,3018,潘贤林,2025-01-14 09:26:25,3,3,0,上课很好，偶尔点名，任务不多。
214069,3018,潘贤林,2025-01-23 11:52:13,4,4,0,德法课有点名，讲课很不错很有启发性，考试统一安排没办法，给分挺好
219324,3018,潘贤林,2025-05-25 07:58:51,2,2,0,大好人，签到会给你补的！埃塞俄比亚文化部长送上火箭（狗头
63391,3073,赵虹,2017-12-02 10:31:19,-8,3,11,差得一匹
109068,3080,吴锋,2019-06-07 00:21:38,17,17,0,垃圾！
172889,3080,吴锋,2023-05-09 09:02:36,9,9,0,垃圾玩意
178963,3080,吴锋,2023-08-07 12:00:13,12,13,1,海院留吴锋一人，建成世界一流学科注定遥不可及，真不知道这种货色是怎么当上海院党委书记这么重要位置的
200023,3080,吴锋,2024-11-05 13:21:14,4,4,0,海洋学院从你们领导层开始真是恶心透了，一以贯之的地方保护思想，有这功夫建议多产出一些科研成果
18347,3117,姚栋伟,2016-01-21 13:08:35,6,6,0,备课超认真
18365,3117,姚栋伟,2016-01-21 13:28:47,2,3,1,讲课细致
27727,3117,姚栋伟,2016-09-29 07:19:58,1,1,0,还不错
38745,3117,姚栋伟,2016-12-16 08:46:38,2,2,0,知识点太多，还是蛮认真的。
90700,3117,姚栋伟,2018-11-25 10:31:36,2,2,0,多的不说 人好 课好 业务牛逼
98136,3117,姚栋伟,2019-01-23 06:03:35,0,0,0,舒服，超棒的！
102349,3117,姚栋伟,2019-02-01 05:30:32,0,0,0,这也太好了8
111184,3117,姚栋伟,2019-06-30 11:41:41,1,1,0,本来就觉得老师好 听过所里其他老师的课更觉得老师更好了
133402,3117,姚栋伟,2021-02-27 07:29:16,0,0,0,好老师！
167412,3117,姚栋伟,2023-01-16 06:47:18,2,3,1,老师讲的很好，知识点很丰富，平时也都很认真负责，唯一的不足是给分比较一般
186924,3117,姚栋伟,2024-01-13 14:25:19,0,0,0,太好了
186996,3117,姚栋伟,2024-01-14 05:25:00,1,1,0,老师水平挺不错的。考试mooc和作业看会基本就问题不大了，整体不难。课程压力相比别的课也比较轻松。
194727,3117,姚栋伟,2024-06-25 06:08:11,0,0,0,真心好老师
56099,3130,张绍志,2017-07-03 05:15:20,3,4,1,。。。
82537,3130,张绍志,2018-07-08 12:19:23,-1,6,7,绝对良心 稳得一批兄弟
160291,3130,张绍志,2022-09-17 02:05:33,3,5,2,（自动控制理论）\n\n外专业来修的自控，张老师上课非常认真，讲的也很清晰透彻，虽然每节课点名并且会叫人回答问题，不过我觉得老师值得10分
172659,3130,张绍志,2023-05-03 16:37:18,4,4,0,开暖通空调这门课，0
173521,3130,张绍志,2023-05-27 17:11:40,1,1,0,暖通空调0中0
175573,3130,张绍志,2023-06-25 19:46:47,0,0,0,懒得评论
195477,3130,张绍志,2024-06-28 08:06:48,-1,1,2,zsz我的神，暖通97
1332,3159,俞自涛,2015-03-22 00:14:43,15,36,21,涛哥太厉害了！赞涛哥！
1374,3159,俞自涛,2015-03-22 01:20:17,-1,14,15,讲得很细
3572,3159,俞自涛,2015-06-17 01:38:42,-3,14,17,听他各种侃大山，可爽了！
4111,3159,俞自涛,2015-06-17 18:20:03,1,19,18,棒呆
6379,3159,俞自涛,2015-07-13 11:00:40,-5,11,16,大赞
7022,3159,俞自涛,2015-08-29 01:56:26,-2,14,16,涛哥人真的非常好
10305,3159,俞自涛,2015-11-18 03:55:07,0,16,16,非常hao
10987,3159,俞自涛,2015-11-23 15:15:42,-5,10,15,很有收获
11015,3159,俞自涛,2015-11-24 00:51:19,-6,10,16,我见过的最好的老师。
11765,3159,俞自涛,2015-12-14 11:20:08,-3,12,15,神老师\n\n
15286,3159,俞自涛,2016-01-13 09:59:08,-7,9,16,求满绩！
17356,3159,俞自涛,2016-01-20 05:37:36,-6,10,16,给分好，各种划重点！
18318,3159,俞自涛,2016-01-21 12:40:43,-10,6,16,大赞(≧▽≦)
22343,3159,俞自涛,2016-03-04 01:13:36,-7,7,14,目前遇到的最好的老师，没有之一。
30532,3159,俞自涛,2016-07-02 00:43:24,-15,5,20,考题出得很变态，但是给分出乎意料地高~
47239,3159,俞自涛,2017-01-24 22:30:25,-2,13,15,认真做事就会有认真的结果，凑活看做事就是凑活的结果
49644,3159,俞自涛,2017-04-21 09:43:27,-7,9,16,俞老师真的太棒了?
50421,3159,俞自涛,2017-05-03 00:21:04,-7,7,14,认真负责的好老师，考前给提纲，考试不为难学生
50469,3159,俞自涛,2017-05-03 05:31:58,-8,7,15,俞老师很棒，上课时会传授一些人生经验，听他的课收获很多。
53531,3159,俞自涛,2017-06-27 01:50:06,-5,8,13,人好给分也好，上课各种侃很有趣，绝不会后悔上他的课
54073,3159,俞自涛,2017-07-01 08:37:43,-6,8,14,真的好老师！尊敬
55324,3159,俞自涛,2017-07-01 09:12:47,-7,6,13,如沐春风
55719,3159,俞自涛,2017-07-02 09:13:42,-9,6,15,涛哥超棒！！
55888,3159,俞自涛,2017-07-02 14:39:12,-7,7,14,涛哥上课很精彩，考试不为难学生，棒
56479,3159,俞自涛,2017-07-04 01:23:38,-9,7,16,老师人挺好的，上课也很有趣，考前给提纲，就是讲义不咋地字有点丑
56621,3159,俞自涛,2017-07-04 06:01:33,-5,10,15,涛哥各方面都超级好，说字丑的那个你站住ヽ(#`Д´)ﾉ
56787,3159,俞自涛,2017-07-04 15:38:43,19,30,11,爱扯淡，经常讲着讲着课扯起来，然后我就分心，神不知鬼不觉错过了重点，给分也就那样
58908,3159,俞自涛,2017-09-18 11:09:06,-8,7,15,侃的时候很有趣 讲课时会很认真 第一节课表示已经被圈粉了
58912,3159,俞自涛,2017-09-18 11:37:33,-2,6,8,。。。。
64965,3159,俞自涛,2017-12-28 05:31:21,-13,7,20,大一上第一节课，低碳能源，就被成功圈粉。因为他，对能源学院更感兴趣了~
66565,3159,俞自涛,2018-01-17 09:41:09,-9,2,11,dnvmz
75685,3159,俞自涛,2018-03-15 06:22:36,-4,9,13,OK？
75991,3159,俞自涛,2018-03-23 06:55:05,3,7,4,嗯…少扯一点就更好了……
78021,3159,俞自涛,2018-05-09 05:07:18,-11,6,17,洗涤灵魂的课，沉浸在偏微分方程中如痴如醉_(:з」∠)_
78075,3159,俞自涛,2018-05-18 03:17:50,34,47,13,真的无感 太能扯了
78255,3159,俞自涛,2018-05-10 08:11:28,34,41,7,俞老师会是一个好的通识课老师，但不是好的专业课老师
82287,3159,俞自涛,2018-07-07 16:34:18,17,22,5,全是废话
85713,3159,俞自涛,2018-07-27 12:10:19,22,26,4,不是个好老师 至少不是个好的专业课老师 浪费时间\n\n
85721,3159,俞自涛,2018-07-29 13:23:42,17,21,4,四十五分钟里三十分钟都在闲扯 剩下十五分钟瞎讲
85758,3159,俞自涛,2018-08-03 03:23:29,15,20,5,废话连篇
85810,3159,俞自涛,2018-08-15 05:22:30,12,18,6,天天废话
87087,3159,俞自涛,2018-09-20 08:01:38,8,15,7,废话连篇
87573,3159,俞自涛,2018-10-07 10:59:57,3,13,10,真的废物
92888,3159,俞自涛,2019-01-05 10:54:52,0,1,1,超棒的
97265,3159,俞自涛,2019-01-22 07:33:55,8,15,7,有种浪费青春的感觉
103558,3159,俞自涛,2019-03-01 04:34:13,7,14,7,少扯点多讲课吧 不是来听这些乱七八糟的
104740,3159,俞自涛,2019-03-27 02:30:01,12,18,6,没用的东西很能扯，有用的知识点倒是讲不清楚，还一个劲地吹捧国外怎么怎么好，大师怎么怎么练成，反正您这样讲课不会培养出大师的。
104761,3159,俞自涛,2019-03-27 07:12:38,-2,3,5,en t h w
105027,3159,俞自涛,2019-04-02 14:10:13,0,6,6,看到翻译作业，打分的手就微微颤抖
106551,3159,俞自涛,2019-09-18 06:47:21,-5,6,11,辣鸡，给分差，辣鸡
107229,3159,俞自涛,2019-05-02 12:30:32,1,6,5,老俞添?报道！
107499,3159,俞自涛,2019-05-06 02:38:07,0,11,11,你们00后这么可怕的吗？也太自我了吧！麻烦学一些基本素养OK？
108134,3159,俞自涛,2019-05-15 13:49:20,4,6,2,希望别再闲扯了
108166,3159,俞自涛,2019-05-16 02:51:10,-7,7,14,拜托那些就会靠老师学知识的同学有点脑子好吧 如果你课后按照俞老师上课说的那些方法学习会学不好吗？自己不停重点还怪老师 学不好别选啊
109127,3159,俞自涛,2019-06-09 12:37:04,10,15,5,不知道为啥最近突然好多负面评论? 涛哥虽然讲课真的没有重点 但是也不至于把之前的好评全踩一遍吧...
110372,3159,俞自涛,2019-06-26 06:34:24,-2,5,7,很能扯，尽吹捧国外，这个老师就不能给自己人讲点好吗
117006,3159,俞自涛,2019-09-18 06:48:53,0,3,3,涛哥人真的很好的，只是上课延伸了有点多
117354,3159,俞自涛,2019-09-23 08:40:04,13,17,4,学术方面不予评论。但俞老师真的是一个为学生着想的好老师啊，跟他聊天会收获很多，在迷茫的时候可以多去找找他，真的是人生导师，虽然有时会被骂，但是真的会给你很多有用的建议。
117909,3159,俞自涛,2019-10-09 15:45:02,6,12,6,虽然涛哥上课确实能扯，讲不好重点，但是各位不要因为是匿名平台就放弃对老师最基本的尊重啊！！！另外涛哥很多话都是在理的，我也从没听出他有任何夸赞国外的意思，只是恨铁不成钢而已，对我们的要求和期望比较高，大家确实应该多多听取人生经验啊…… （至于课程，大家还是安心自学吧）
118111,3159,俞自涛,2019-10-21 03:56:36,5,6,1,天天闲扯
122175,3159,俞自涛,2020-02-19 01:52:58,2,2,0,讲的非常好，
122177,3159,俞自涛,2020-02-19 05:24:39,0,2,2,谁都能打分啊
123456,3159,俞自涛,2020-06-09 04:12:35,4,5,1,我觉得俞老师上课应该少扯一点，把精力集中在讲课程内容上。要毕业了回过头来看三大核心课（工热、工流、传热），体感自己最不踏实的就是工流了。范老师来代过一次课，即使有些东西没理解透彻需要课下再自学，但是感觉他的讲课脉络和逻辑真的非常清楚，各种推导都不含糊的...
124690,3159,俞自涛,2020-07-06 08:10:48,8,12,4,傻逼玩意，突然来个考试，日程里都不知道讲
124691,3159,俞自涛,2020-07-06 09:32:25,5,5,0,应试教育的考试我们都不配提前知道吗
124725,3159,俞自涛,2020-07-08 07:43:50,5,6,1,太差太差
124770,3159,俞自涛,2020-07-09 00:58:13,2,3,1,不知道线上考试要到最后才能退出视频会议么...基本原则都不知道还副院长...无语
127094,3159,俞自涛,2020-11-07 00:02:10,4,7,3,楼下不让批评的就非常的奇怪。没有人身攻击的情况下，作为学生用上课的体验写出对一个老师的评论再正常不过了。既然选择了来听课，就是希望得到一些什么东西，而不是感到自己坐在这里非常浪费时间。本人在外留学快两年了，遇到的国外老师上课讲相关内容都很清晰，只要有问题不管多么蠢都可以直接打断他，他会很认真地解释和推导。课后也是如此，不管多么基础的问题都可以跟你一起从头到尾细致梳理逻辑和脉络。即使是课后有需要自学的部分———也可以在课堂上找到“立足点”。\n\n如果真的课上有这样的氛围的话我觉得大家也不会有这么多吐槽吧。
129089,3159,俞自涛,2020-12-30 06:09:23,-7,4,11,不明白底下那些所谓的不满俞老师发言的人是怎么想的，差距就是差距，客观存在的差距不是你想不听就不存在的。多少年了都，还当自己是天朝上国，无所不有吗
139262,3159,俞自涛,2021-07-14 01:44:57,1,3,2,真的很照顾学生
141227,3159,俞自涛,2021-09-27 02:23:11,-3,1,4,什么玩意，上课认真听论文认真写二点几怎么给出来的，ctmd
141228,3159,俞自涛,2021-09-27 02:37:54,-3,2,5,为什么给分这么烂，又没在划水，每个任务都认真做了，而且节能减排本身就没什么东西的课啊，能给到2.4真有你的😅
146592,3159,俞自涛,2022-01-07 04:27:24,2,4,2,有幸上俞老师的小班课，深刻地感受到老师的好。但这里居然这么多人骂啊？被吓一跳。\n俞老师是位关心学生的好老师，在小班里上课感受特别深（他甚至能记住每个学生的个性！）\n至于讲课方面，个人觉得热评所谓的“废话”其实听起来很有趣。把专业课当通识课听挺减压哈哈，同时知识也不落下，我还是很喜欢的。\n以及给分很好。
149288,3159,俞自涛,2022-01-15 03:49:09,2,2,0,工程流体力学，赞
161514,3159,俞自涛,2022-11-08 04:55:43,1,1,0,涛涛我滴超人~
166121,3159,俞自涛,2023-01-11 07:12:42,1,1,0,赞赞赞
182220,3159,俞自涛,2023-11-13 02:38:20,1,1,0,英语好多
183625,3159,俞自涛,2023-11-28 03:33:10,6,6,0,俞老师是我真心觉得的好老师 关心学生 课后作业不多 （虽然课程难度有点大）很愿意与学生交流互动
183626,3159,俞自涛,2023-11-28 03:34:39,1,2,1,大爱子谦老师\n\n太能捞了
183627,3159,俞自涛,2023-11-28 03:38:34,3,3,0,工程流体力学甲1\n\n我就没见过这么这么好这么这么捞的老师啊啊啊啊啊啊啊啊啊啊啊啊啊啊啊啊\n\n上课真的很不错，想把知识教给同学又不想只教知识忽略证明和推导，虽然有时候很发散但是你不得不说他真的是为你好wwww\n\n课前课后都很耐心负责，这年头谁还用自己的手写笔记呢——是涛哥！！\n\n工流本身概念负责定理复杂推导复杂理解难度大，但是认真复习，跟着涛哥的手写笔记，考试就没有问题的\n\n更何况——俞老师的卷子简直是天地良心/(ㄒoㄒ)/~~\n\n选到俞自涛老师课的同学就偷着乐吧\n\n我给老师磕一个orz\n\n打着灯笼找不到的老师我爱了！！！
187208,3159,俞自涛,2024-01-15 05:03:38,5,5,0,刚接触叫俞老师，上一段时间课叫涛哥，拿到考试卷子叫涛爷，出成绩之后是涛神！！！成为微信好友之后叫小涛涛\n\n涛哥是一位很好的老师，不以成绩作为最终的评价标准。关心学生身体健康，可能刚开始听他讲课（工程流体力学）会有点不适应。因为他讲课按照自己逻辑，以及夹杂一部分英语，但是时间长了你也会融入他的讲课节奏。他的考试也和我们经常接触的出题模式不太一样，更注重基础和概念一点。\n\n好老师，工流选上他你就笑吧
196642,3159,俞自涛,2024-07-04 12:40:52,1,1,0,很捞就对了，比较关心学生，就是话很多，而且有时候说的话不是很好听
197477,3159,俞自涛,2024-07-16 11:22:00,3,3,0,这学期上的工热 除了2-3节有ljl上的外 均签到\n\n课程上唠唠嗑时间超于预期 印象里几乎是每节课都要唠嗑班上学生的生活 他的生活/经历 他做浙大学生的生活/经历 他同学的生活/经历.\n\n唠嗑内容意义不明确 很难评 但总感觉没啥营养 \n\nwhat can i say.以前是以前 现在是现在\n\n作业虽然说是要按论文要求 但实际上你交手写照片也没啥影响.\n\n期末确实捞 比其他班给分应该好很多.\n\n另外上课会点名问问题之类 并不适合打算在课上看书，做自己事(总之你不听课可能被点的频率会提高)的同学 总感觉在针对不听课的同学.\n\n被抽象一个学期 拿个不错的专业课成绩 这是好事(¿)
198445,3159,俞自涛,2024-09-09 03:44:18,3,3,0,OK？
202088,3159,俞自涛,2024-11-09 07:26:14,2,2,0,虽然上课中英文结合推导比较难理解，但给分好
202278,3159,俞自涛,2024-11-11 07:14:02,4,4,0,上课如果想要抓住重点的话可能还是比较考验学生的听课能力的，尽量不要走神。但是相比其他老师而言，yzt老师的课程确实还算是幽默风趣了，能看出老师也是在尽力将一门较为枯燥困难的课变得更浅显易懂一些。期末考试给分还是不错的，总体而言算是一个不错的老师
204248,3159,俞自涛,2024-11-25 04:56:52,5,5,0,说实话，如果你和他没怎么接触，会觉得他是一个比较幽默的老师，关心学生。\n\n然而，如果他聊天的对象是你，你会发现，他是一个爹味比较重的老师，你只需要附和他的话，你就可以与他聊天非常愉快。\n\n无怪乎他能做到副院长的位置。
207228,3159,俞自涛,2024-12-20 02:23:59,0,0,0,工流给分相当好
17543,3205,黄钰期,2016-01-20 11:23:18,-6,10,16,据说在学校拿了教学奖，但是真的课上得很糟糕啊。
34438,3205,黄钰期,2016-10-10 10:34:04,12,13,1,老师很温柔啊，声音也好听\n\n
34443,3205,黄钰期,2016-10-10 11:45:07,2,4,2,超级棒 好喜欢黄老师啊 \n\n我叫做刘程浩～
36921,3205,黄钰期,2016-11-16 13:35:08,2,2,0,美女老师，认真负责，给分超好～
37500,3205,黄钰期,2016-11-19 06:57:41,1,2,1,小姐姐
62222,3205,黄钰期,2017-11-23 08:45:47,0,1,1,黄老师超级好！\n\n人美脾气好上课还很有趣\n\n点名也只是偶尔的
126482,3205,黄钰期,2020-09-28 05:08:06,0,0,0,很棒，耐心又美丽的老师
156042,3205,黄钰期,2022-06-17 08:01:11,0,1,1,水平有限
172026,3205,黄钰期,2023-04-17 16:09:45,1,1,0,分多事少
174867,3205,黄钰期,2023-06-19 06:29:50,6,8,2,黄老师虽然教学水平不算顶尖，但对学生很温柔耐心，事情也少，最主要长得还美
193500,3205,黄钰期,2024-06-12 01:43:07,9,11,2,工流力来的，这门课上课内容和中文教材本就不太一样，英文教材要不较难懂（对我这种英语不好的人来说），讲课的严老师讲的也是一言难尽（我觉得他的讲课方式不太成熟），推荐去看一下赵沛老师讲的课（虽然内容不一样），但是赵沛老师的上课就很吸引人，口齿清晰，重要的地方会重点强调，而且讲的也很有条理。
193525,3205,黄钰期,2024-06-12 09:06:31,3,3,0,工流来的，课件和教材脱节严重，严建平讲课很迷，口音怪怪的（？）今天早八就去了几个人
13492,3223,邱利民,2015-12-28 12:09:56,18,25,7,好像很牛的样子
34995,3223,邱利民,2016-10-28 09:42:24,-2,8,10,灭顶之灾
36568,3223,邱利民,2016-11-15 02:16:46,7,11,4,很不错
39495,3223,邱利民,2016-12-23 07:31:33,7,14,7,上了他的低碳能源课，瞬间被他人格魅力迷倒
52021,3223,邱利民,2017-06-14 07:35:22,4,11,7,会装逼→_→
60275,3223,邱利民,2017-10-16 11:06:09,5,8,3,挺好的！
60537,3223,邱利民,2019-06-17 05:55:48,-1,12,13,提前给个差评
82401,3223,邱利民,2018-07-08 05:46:41,8,9,1,18年低温原理期末考的计算题是理论塔板数和植晓琴老师的部分的能量流分析，期中考试前的部分考的很少
109567,3223,邱利民,2019-06-17 05:44:46,12,15,3,我最喜欢的老师！为人随和！是我的人生导师
109570,3223,邱利民,2019-06-17 05:55:59,8,11,3,大学里上过讲的最好的课，不接受反驳
109580,3223,邱利民,2019-06-17 07:52:21,5,7,2,讲东西很精辟，很有帮助的老师
115992,3223,邱利民,2019-09-01 12:05:52,-4,5,9,好会拖堂！！！！说五分钟讲了20分钟！不尊重别人的时间
172073,3223,邱利民,2023-04-19 02:04:38,2,3,1,吹牛厉害，讲课真一般
7611,3242,熊树生,2015-09-15 06:32:49,41,49,8,科普性质的专业课，教我们认识牛逼哄哄的各种车牌，教我们如何评价二手车。入门要求浅，学到的东西多，是我大学阶段仅有的两门上课不困的课，当然也是最精彩的两门课。
9792,3242,熊树生,2015-11-09 08:41:45,14,15,1,有趣的牛逼老师
17544,3242,熊树生,2016-01-20 11:24:13,16,17,1,考试的时候默默和我旁边的同学说同学这题你错了应该选A....
41129,3242,熊树生,2017-01-09 10:40:26,4,5,1,吼吼吼
41545,3242,熊树生,2017-01-12 07:17:35,6,7,1,很有趣的老师
45385,3242,熊树生,2017-01-19 13:39:21,14,15,1,熊老师上课很认真啊大学难得有几门课上的这么有趣的
49371,3242,熊树生,2017-04-08 05:04:35,5,5,0,能把专业课讲得生动有趣、深入浅出。
49372,3242,熊树生,2017-04-08 05:08:17,5,6,1,形象生动有趣收获大干货多！
49528,3242,熊树生,2017-04-18 02:46:09,3,3,0,讲的内容还是很实用的
50009,3242,熊树生,2017-04-28 12:40:04,36,38,2,汽车专业一大宝，一声兄弟绩点高
50982,3242,熊树生,2017-05-11 02:23:18,5,5,0,有趣幽默亲民牛逼一点没有老师的架子实在太赞！！！
51441,3242,熊树生,2017-06-05 12:59:27,5,5,0,老师超级好，上课很有趣。会打很多比方。
51475,3242,熊树生,2017-06-06 07:06:21,3,3,0,导论课里少数的有趣的老师
65536,3242,熊树生,2018-01-05 10:37:27,9,9,0,听熊博士的课，感觉就是一周总算是有点期待了。
67029,3242,熊树生,2018-01-20 05:04:33,4,4,0,\n\n期末考试老师会给画重点，大家不用担心。
68877,3242,熊树生,2018-01-24 04:50:08,9,9,0,喜欢他的迟到早退
72470,3242,熊树生,2018-01-30 07:33:34,5,6,1,这老师给分也太好了吧  汽车构造差一点满绩
121715,3242,熊树生,2020-01-21 05:36:30,3,3,0,本传院学子满绩！i了！豁达的人生观！很推荐！
126228,3242,熊树生,2020-09-20 06:19:27,2,2,0,爱了爱了
133647,3242,熊树生,2021-03-03 07:34:52,1,1,0,好老师，选就对了
146482,3242,熊树生,2022-01-06 16:11:34,2,2,0,胡建的大兄弟～
160625,3242,熊树生,2022-09-28 13:31:16,3,3,0,弟兄们都给我打满分！
160762,3242,熊树生,2022-10-10 05:52:17,3,3,0,好老师！
165596,3242,熊树生,2023-01-08 23:13:56,2,2,0,老师也太好了吧，一口一个弟兄们，真的感觉很亲近！
166552,3242,熊树生,2023-01-12 18:45:50,5,5,0,弟兄们
167628,3242,熊树生,2023-01-18 00:31:19,2,3,1,熊哥我爱你！！！
186518,3242,熊树生,2024-01-11 12:24:54,5,5,0,“如果实在考得太差，就打个电话给我，我帮你想想办法”
190681,3242,熊树生,2024-03-14 07:27:41,1,1,0,纯纯好老师
199018,3242,熊树生,2024-09-14 05:42:31,0,0,0,汽车构造不点名\n\n好好学，好好听，考试好好考，外学院也能高分
208572,3242,熊树生,2024-12-29 14:03:35,2,2,0,熊哥，带我们再冲一次吧
210058,3242,熊树生,2025-01-08 04:47:52,1,1,0,真神！！！
214063,3242,熊树生,2025-01-23 11:00:16,1,1,0,好老师，非常有趣的课，超爱老师的迟到早退
214119,3242,熊树生,2025-01-24 15:15:26,0,0,0,熊哥(♡ω♡ ) ~♪
104670,3258,刘建忠,2019-03-26 02:24:40,7,12,5,老师很好上课恶竞。
157604,3258,刘建忠,2022-06-24 02:39:11,11,11,0,恶性竞争
172138,3258,刘建忠,2023-04-20 09:51:54,6,6,0,莫名其妙的发言加分 鼓励恶性竞争 毫无营养
185021,3258,刘建忠,2023-12-26 00:40:00,6,6,0,鼓励恶性竞争
205591,3258,刘建忠,2024-12-10 02:43:20,0,1,1,恶性竞争
21472,3267,何一坚,2016-02-29 03:13:02,-1,1,2,不错的
27728,3267,何一坚,2016-06-27 09:56:14,-1,1,2,不错的
78314,3267,何一坚,2018-05-11 01:12:07,9,9,0,希望这位老师能有自知之明和责任心，而不是做一个在课上混日子的渣滓。
78365,3267,何一坚,2018-05-11 06:37:39,0,0,0,给分很差
109415,3267,何一坚,2019-06-14 04:37:17,12,15,3,就他妈是个哈批，你听他说话吧，听不见，用劲儿听见了吧，听不懂。你给他说话吧，他答非所问，云里雾里。上课混分还能选他，万万不能选那种自主的课，什么都不会管的。不知道这样混吃等死的老师怎么在学校呆下去的。
119576,3267,何一坚,2019-11-14 01:42:28,-2,0,2,挺好的，还不错
128300,3267,何一坚,2020-12-17 03:44:19,2,2,0,就一门冬学期1.5学分的课要三次展示？？？有事儿吗您
132889,3267,何一坚,2021-02-04 11:54:14,-2,1,3,混分还是可以的，选他的几门基本上都是4.5以上...就是上课和不上一个样，学不到任何东西
139766,3267,何一坚,2021-07-26 03:00:52,1,1,0,别来 快走
139769,3267,何一坚,2021-07-26 05:04:58,1,1,0,人渣，快跑
139770,3267,何一坚,2021-07-26 05:56:34,6,6,0,想报研究生的看看这里：\n\nhttps://www.cc98.org/topic/5126639/26#3\n\nhttps://www.cc98.org/topic/5126639/28#2\n\nhttps://www.cc98.org/topic/5126639/21#5
139772,3267,何一坚,2021-07-26 08:32:52,0,0,0,人品很差，对待学生很粗暴
139792,3267,何一坚,2021-07-27 06:43:39,0,0,0,呵呵呵
139855,3267,何一坚,2021-08-02 13:23:08,-3,1,4,你🐴什么时候s呀
150248,3267,何一坚,2022-01-21 02:18:00,2,3,1,垃圾老师，PPT直接截图，一个图一页，做300多页，想学东西不存在的，还提前下课。在所里风评极差
167460,3267,何一坚,2023-01-16 12:02:13,3,3,0,课上的很啥b 分给的真可以
97156,3274,程军,2019-01-21 21:57:27,0,2,2,对着ppt念，垃圾
120436,3274,程军,2019-12-05 07:33:00,0,1,1,我先看看
152910,3274,程军,2022-04-21 13:55:01,0,0,0,二氧化碳课第一年开，均分可能不到80，学弟学妹慎重。上课老师讲的都是概论，大致能了解个大概，并不深入。
28268,3381,张政江,2016-06-28 08:23:42,3,6,3,匀速直线运动
61978,3381,张政江,2017-11-22 04:02:35,-2,0,2,思路清晰
62305,3381,张政江,2017-11-24 06:12:30,0,2,2,给分差差差
62859,3381,张政江,2017-11-27 07:19:43,-4,1,5,老师认真耐心，讲课细致！
71946,3381,张政江,2018-01-29 06:27:07,-2,1,3,一个好老师
87507,3381,张政江,2018-09-30 03:27:20,-4,3,7,老师各方面都不错，就是有一个缺点——讲课声音太大，影响自学。
90544,3381,张政江,2018-11-24 02:12:35,-3,0,3,中规中矩
117996,3381,张政江,2019-10-18 02:12:28,1,2,1,为什么没有零分
127138,3381,张政江,2020-11-10 02:35:45,2,2,0,为什么没有零分，，，，，除了念ppt，啥也不讲\n\n经典句式：A就是A，也不讲解\n\n现在讲的两本书都没找不到，不知道在讲什么
127168,3381,张政江,2020-11-11 12:24:49,1,1,0,没听懂过
25546,3394,吴学成,2016-05-25 04:07:19,2,10,8,很搞笑\n\n\n\n\n\n
152758,3394,吴学成,2022-04-19 09:02:46,5,12,7,人还挺和善
215314,3394,吴学成,2025-02-25 06:13:19,3,3,0,能源系统先进测量技术要点到 从第二节课就开始！
27007,3568,郑梦莲,2016-06-22 06:44:46,-5,15,20,日了狗了、啥啥讲不明白、\n\n
33112,3568,郑梦莲,2018-01-01 07:05:23,1,5,4,非常好
38027,3568,郑梦莲,2016-12-27 16:39:55,1,4,3,超级棒
44972,3568,郑梦莲,2017-01-18 16:33:00,1,4,3,挺好的，老师超萌
51922,3568,郑梦莲,2017-06-13 13:59:44,5,8,3,她是我们的好班主任
61992,3568,郑梦莲,2019-08-18 05:57:36,14,16,2,挺萌的
63685,3568,郑梦莲,2017-12-12 15:26:01,1,3,2,老师人超好
65844,3568,郑梦莲,2018-01-09 13:32:16,1,2,1,老师超温柔的，人很好
73378,3568,郑梦莲,2018-02-01 12:49:37,1,2,1,很舒服
80036,3568,郑梦莲,2018-06-19 06:23:25,7,9,2,老师是仙女吧\n\n
80232,3568,郑梦莲,2018-06-22 08:13:11,4,5,1,逻辑很清楚～人很好，特地为了我们的问题去咨询了低温所的老师，很感谢！哈哈哈就是我们忘性太大常常和老师互动不起来
83992,3568,郑梦莲,2018-07-11 16:09:48,2,2,0,人挺有趣的，课上的说不上好也说不上差
97492,3568,郑梦莲,2019-01-22 09:22:03,0,1,1,我觉得老师人挺好的，也不点名，但是讲课不怎么样，给分也没达到一般专业选修的水准
103088,3568,郑梦莲,2019-02-26 02:40:31,3,4,1,老师是一枚巧克力味的小仙女，甜甜的
103786,3568,郑梦莲,2019-06-23 15:16:10,37,47,10,上课纯念PPT，念书好像念经，短路就开始傻笑。思路一塌糊涂
104444,3568,郑梦莲,2019-03-21 00:31:02,2,3,1,教是不太会教，但人是真的好。
104646,3568,郑梦莲,2019-03-26 01:26:28,10,12,2,废话连篇
104748,3568,郑梦莲,2019-03-27 13:51:12,7,10,3,讲课很废物，感觉心思没在教学上
104879,3568,郑梦莲,2019-03-29 09:12:06,5,6,1,其他方面不评价，讲课水平极其有限
104892,3568,郑梦莲,2019-03-30 00:54:49,1,2,1,一般吧
105277,3568,郑梦莲,2019-04-09 03:20:36,2,2,0,废话连篇
105480,3568,郑梦莲,2019-04-15 06:25:36,2,2,0,难以形容\n\n
110216,3568,郑梦莲,2019-06-24 14:55:13,2,2,0,提纲精确点就最好啦
114570,3568,郑梦莲,2019-07-10 17:42:02,0,1,1,（深夜刚出分还热乎着激情评论一啵）呜呜呜老师真的太可爱了！给分也很好鸭，人也和善对我们都很好，关于之前评论说到的上课的问题，我个人觉得可能语速是有一些些慢，可能例题讲的也不多，但是老师也有很认真地在准备反思和提高！而且老师毕竟还年轻嘛，其实更像是我们的大姐姐一样～（结课了之后还让大家写问卷反馈意见，关于上课难度以及例题等等的） 老师真的是能源学院一枝花哈哈哈（最后皮一下）
117080,3568,郑梦莲,2019-09-19 05:07:03,0,0,0,好班主任，人特别善良and女神~小姐姐
159701,3568,郑梦莲,2022-08-23 14:15:14,0,0,0,老师人很好
171590,3568,郑梦莲,2023-03-29 14:40:53,9,9,0,人挺不错，但教学水平是真的一言难尽…上课很多公式定理推导都没有讲得很详细，反而将时间花在其他地方
190699,3568,郑梦莲,2024-03-15 03:29:50,13,13,0,一半时间在自言自语，另一半时间在笑。百分之四十时间在铺垫，百分之四十时间在讲下一节课要讲什么，剩下的时间在复习高中讲的热力学。
191797,3568,郑梦莲,2024-04-30 08:53:34,10,11,1,史。。
195321,3568,郑梦莲,2024-06-27 17:37:41,-5,4,9,感觉老师挺好的呀，不知道为啥会对老师有这么大的恶意，目前没出成绩，我先给老师10分了，我个人认为老师很好。
196925,3568,郑梦莲,2024-07-06 02:40:43,3,3,0,中规中矩，给分不算很好。工程热力学不知道是不是卷子问题感觉我所知道的班里没有很高绩点的人。
197286,3568,郑梦莲,2024-07-10 09:25:08,-4,2,6,老师人挺好的，但是讲课一般，希望可以节奏快一点，内容紧凑一点
24455,3612,范利武,2016-04-30 14:23:24,19,26,7,萌萌哒老班^ω^我来第一个
24504,3612,范利武,2016-05-01 01:01:53,9,11,2,人生的指路人，老班给你顶一个！
27170,3612,范利武,2016-06-23 09:52:33,10,13,3,好羡慕范老师带的学弟学妹，真心羡慕
27372,3612,范利武,2016-06-25 10:16:53,5,7,2,不知道唉  好像是班主任
28923,3612,范利武,2016-06-29 03:38:39,7,10,3,讲课条理清晰，分分钟带你飞 他讲的时候我没带书，但那章工热是我印象最深的一章
76784,3612,范利武,2018-05-15 03:39:49,5,6,1,希望工流全是他教的???只来了一节课但是整体逻辑非常清楚是我学的最棒的一章
79137,3612,范利武,2018-07-04 12:25:27,6,6,0,哇！没有平时分的嘛，没有师生情的嘛，哭唧唧
81236,3612,范利武,2018-07-04 12:46:04,7,8,1,考试考公式叫什么名字，太秀了吧8
81654,3612,范利武,2018-07-10 09:02:50,2,3,1,工流讲的很好，就是最后给分有点迷，同学们基本都觉得低于预期了，可能是我们没达到老师的期望吧，总之赞一个。
130981,3612,范利武,2021-01-25 12:56:59,0,0,0,讲课非常有条理很清楚！
186626,3612,范利武,2024-01-12 07:45:17,0,0,0,讲课很清楚！注重概念理解
198344,3612,范利武,2024-09-07 13:16:06,0,0,0,iloveyou
92379,3818,施建峰,2018-12-28 06:19:47,4,7,3,男神！！！
103247,3818,施建峰,2019-02-27 03:15:03,2,5,3,老师人很好，给分也不错（针对某水课）
145684,3818,施建峰,2021-12-31 07:19:43,5,7,2,老师很好
168331,3818,施建峰,2023-02-12 06:11:33,0,0,0,非常好
201649,3818,施建峰,2024-11-05 06:19:36,2,2,0,男神！！！！
115378,4140,陈东,2019-07-20 07:40:10,2,2,0,垃圾，不然平
115379,4140,陈东,2019-07-20 07:40:18,1,1,0,自学吧
118142,4140,陈东,2019-10-21 13:14:34,1,1,0,我就是来评价一下试试
123169,4140,陈东,2020-05-14 15:30:16,9,11,2,上课轮流读实验室守则，一起读音标...反正就是PPT上面一人读一句，轮流读完就下课了
163743,4140,陈东,2022-12-16 04:43:32,1,1,0,自己没学会就不要来教学生了，还没他助教水平高
168165,4140,陈东,2023-01-31 05:14:48,-2,1,3,SBSB
170956,4140,陈东,2023-03-13 08:52:06,6,6,0,可意会不可言传
177275,4140,陈东,2023-07-02 17:23:33,0,0,0,数值计算给分可以，课也挺水的，但能学到东西。老师嘛研究金融，但研究的偏了哈哈，有些常识性错误难崩
218751,4140,陈东,2025-05-01 08:32:48,0,0,0,给分好，对本科生还算挺好的，很愿意积极帮忙规划和做选择（特别是想出国的），对自己的研究生嘛。。。
142999,4507,郑津洋,2021-11-18 05:25:02,0,5,5,撒打算
174725,4627,刘鹏飞,2023-06-16 08:15:15,8,8,0,上课课件全是学生答辩论文，全程在猛讲故事，学期初说分数构成只有签到和答辩，学期末就改为期末考试加论文，他的原则是开卷，但是没办法只能闭卷，你说他的原则怎么了呢，应该被****，督导来听课，没说几句就问我讲的可以吗，上课啥也没上就要我们写研究性论文，建议以后大家都不要选他的课，选了只能说算你倒霉。
176111,4627,刘鹏飞,2023-06-27 21:09:23,2,2,0,人工智能在海洋工程应用，上课照着PPT念，好些部分都是吹自己做的项目；上课讲的内容纯理论，要不就是基础的数学推导要不就是高度抽象的总结，感觉是通识课水平的教学却要求期末交一份深入分析的研究报告，而他课上甚至都没讲过机器学习实现的具体步骤，但凡要求写一个综述类课程报告我都多给两分；一开始说给分看报告和出勤，期末说有个象征性期末考不要紧张，分值50%而已。缺专业课学分还是看看其他课吧
186222,4627,刘鹏飞,2024-01-09 15:05:37,0,0,0,冒充老师
193536,4627,刘鹏飞,2024-06-12 13:12:35,0,0,0,他们说的都是真的，临时反悔，ex
183064,4815,张志新,2023-11-22 03:36:30,2,2,0,工程测试与信息处理\n\n考前会告诉我们考哪\n\n甚至很多作业题\n\n令人感叹
116743,4980,徐象国,2019-09-14 14:59:02,9,9,0,太强了
117477,4980,徐象国,2019-09-25 01:53:24,14,20,6,听的《百万立方世界》，感觉沉浸在一个创始者的父亲的教诲中～
118211,4980,徐象国,2019-10-23 05:40:52,4,4,0,gentleman！
119796,4980,徐象国,2019-11-16 01:16:45,10,11,1,选上百万立方世界这门课，感觉挺幸运的。
120419,4980,徐象国,2019-12-04 07:53:57,4,4,0,非常好
120420,4980,徐象国,2019-12-04 08:01:54,4,4,0,很有人文情怀的老师
120421,4980,徐象国,2019-12-04 08:04:26,4,4,0,讲真  如果你有创造力  像创造不一样的世界  来就完事了
120422,4980,徐象国,2019-12-04 08:05:15,2,2,0,挺好的啊
120531,4980,徐象国,2020-01-12 08:16:14,3,3,0,痛并快乐着
120745,4980,徐象国,2020-01-16 08:00:11,8,10,2,百万立方世界是一门全面提高个人能力的课程，你不止会考虑能源的供给与消耗，更会关心人如何更好地生存的问题。自己创造一个世界，这本身是一种挑战，在小组成员齐心协力而完成后，你会发现这是一个让你受益匪浅的过程。请不要忘记你曾经创造了一个世界，请不要忘记你创造世界时的激情与期盼，请记住人类值得被拯救。感谢徐老师，感谢百万立方！
121095,4980,徐象国,2020-01-19 14:44:54,4,4,0,百万立方呢，是一门非常有趣的课，同时也非常硬核。说它有趣是因为在你构建一个世界的时候，你可以尽情放飞想象，添加任何你喜欢的元素，而且还有非常有趣的老师和助教（手动滑稽）；说它硬核是因为，你可能需要连续爆肝才能设计出一个可行的世界（比如连续通宵5天）。反正嘛，你会在课上学习无穷无尽的东西（因为构建一个世界需要无穷无尽的知识），然后呢，有肝者就勇敢地上吧！
121102,4980,徐象国,2020-01-19 14:56:02,2,2,0,棒棒棒
121111,4980,徐象国,2020-01-19 15:28:31,10,10,0,徐老师是一位非常有趣的老师，他不仅擅长和学生们互动，同时又不缺乏深刻的哲理。《百万立方世界》是一门很有启发性的课程，同时还是一门可以很好反映大学生活精髓的课程。这门课的论文是我目前见到的最值得探究的论文，不仅需要思考，还需要大量的了解知识。这门课虽然在专业知识方面没有深入的探究，但在对于人生等方面有着大量深刻的思考，值得我们每个人都学习一番。此外在设计的过程中，你会体验到人类的智慧是多么的伟大，自己是多么的渺小。人类是值得拯救的，而你就是下一个拯救者，欢迎加入这个世界的大家庭，欢迎体验独具特色的百万立方世界。（助教gg也是很好的哟）（这门课还可能带给你惊喜哟）
121167,4980,徐象国,2020-01-20 01:54:23,2,2,0,"《百万立方世界》的""受害者""之一，从课堂第一问""能源是什么""开始就深深地被这堂课震撼到。刚开始倒是愉悦地欣赏了许多学长学姐精彩的设计，但后来轮到自己时就发现过程远没有想得那么容易。一步步计算耗能，一点点规划城市整体布局……许多东西都需要自己去仔细探索学习，然后给出合理的设计。老师很风趣很幽默，讲的课也是天马行空、富有想象力，在这门课上真的真的能学到很多从前没有学过(可能以后也不会再接触)的知识。建议各位来试试哦(坏笑)。"
121502,4980,徐象国,2019-12-14 07:13:16,2,2,0,很有风范~很有趣。
121671,4980,徐象国,2020-01-20 12:09:57,3,3,0,Eden小组前来报道
123833,4980,徐象国,2020-06-15 01:48:03,2,2,0,如果你很有想象力和创造力，欢迎来百万立方世界👻
125295,4980,徐象国,2020-09-05 17:55:37,3,3,0,这大概是我整个大一学习过程中遇见过的和学生最亲近的老师了吧。百万立方冲冲冲！
129242,4980,徐象国,2021-01-02 07:33:44,3,3,0,百万立方世界真的超棒！助教gg甚至在跨年夜直播如何使用Mars[Doge]，在这门课里能学到很多看似无用的发散性的知识，但我相信这些知识才是真正帮助一个人成长的有用的知识。
130122,4980,徐象国,2021-01-17 13:07:14,25,28,3,2020 百万立方 期末答辩后想对下一届想选这门课的小朋友说的\n\n1、选这门课务必要向上过的学长学姐问清这门课的情况，看看自己喜不喜欢这们课程的模式和内容，适合的才是最好的\n\n2、如果你想做好项目，这门课一定会很肝，请做好心理准备，也许完成时你会得到很大的成就感，也许你也会觉得付出不值收获\n\n3、这是一门基于小组合作的课程（每组7人），组员间的合作至关重要，只有大家一起肝才可能做好整个项目，组内氛围直接决定你的课程体验\n\n4、每周都要尽可能推进项目，可以组内每周开一次小会，每个人汇报本周的工作成果，不然事情堆到最后就等着通宵吧\n\n5、如果组内有人干活不积极，不必担心，最后的给分是组内自由分配，按劳分配就好（所以需要的话可以记录每个人的贡献量）\n\n6、提防可能出现的新规则，这也许会严重影响你们的项目规划，甚至小组得分\n\n7、最后的答辩一定一定一定要好好展示，出色的展示甚至比精心的世界设计更为重要（要想在最后连续n组展示中让老师同学们记住你，尽可能出新出奇）
130127,4980,徐象国,2021-01-17 15:33:43,5,5,0,来自百万立方。老师很赞。\n\n今天和老师交流生活的意义与个人价值问题，挺难想象自己能和老师交流这类问题。给了我很多启发性的思考，我会去慢慢领悟。\n\n就这门课本身，如果去好好投入，你可以学到很多学科知识以外的东西，当然还可以领略到各门学科的大概，非常丰富。\n\n很有趣也很肝。\n\n开始时什么都不会其实不要紧，这门课告诉我，都可以学。
130135,4980,徐象国,2021-01-18 01:57:55,1,2,1,徐象国老师是一位十分幽默且知识渊博的老师\n\n上百万立方这门课，不要求你有太好的基础，需要的是你的小组合作的精神、创造力以及学习新事物的能力，如果想把这门课学好，你是不可避免地需要投入一定的精力和时间的，但是在投入了自己的付出之后，整门课程又会在很多方面让你得到你没有预料到的提升
130153,4980,徐象国,2021-01-18 07:13:52,3,3,0,关于百万立方这门课，如果你选上了，不要轻易被老师忽悠退课，如果认真投入其中，这门课所能学到的东西远远不止值3学分，只是有亿点点肝。而能够驾驭这门课程的，又只有徐老师这样脑洞大开，认真而风趣的老师了。
130169,4980,徐象国,2021-01-18 11:11:28,2,2,0,百万立方是一门很有趣很有趣很有趣的课（重要的事情说三遍）。老师诙谐幽默，和同学们的关系很好；课堂上还会请到很多不同领域的人物授课，可以体会到买一赠多的乐趣。建造自己世界的过程中，充满团队合作的快乐，虽然很肝，但能够了解到当今世界的运转情况以及很多新技术，让人受益匪浅。
130174,4980,徐象国,2021-01-18 11:54:45,2,2,0,徐老师男神！在这门课上，收获将不只是感动，更有许多硬核的知识。建筑学、人文学、艺术、规划，老师会请许多别的专业大佬授课，内容丰富程度特别高。甚至，在课外实践你可以参观杭州规划展览、近距离参观植物工厂，更有可能参观达摩院，收获的知识非常多。但是，课程确实很硬核，工作难度确实很大，如果本学期选课过多，慎报！如果真的对建设新世界有很大的兴趣，可以尝试呦。
130233,4980,徐象国,2021-01-19 14:42:35,1,1,0,大一遇到的最棒的老师！\n\n课程非常的肝（真的很肝），但是也别被老师一开始忽悠退课了（当然这个看你自己），这门课能带给你的真的远远不止是三分那么一点。或许一开始你还觉得迷茫，那么跟着徐老师，也跟着自己的内心走下去，你一定能找到属于自己的那一份快乐。\n\n你或许也会发现：梦想，或许离自己想象的并没有那么远。\n\n可以说，在这门课上，如果你不能抛弃绩点的束缚，你是永远不可能学好的。\n\n另外，助教朱雨贤小哥哥真的好棒！是我大一上所有课里最负责任、最热心也最亲切的助教了。
131480,4980,徐象国,2021-01-27 15:53:18,2,2,0,《百万立方世界》真的是最最有意思的、同时最最硬核的一门课。\n\n上课讲的东西也不仅仅局限于能源方面，老师会请许多其他领域的专家来讲课，买一送多，可以说真的大大的拓宽了我的整体眼界。\n\n但这门课也真的挺考验综合的能力的，考核有一份学期末的大作业与一篇论文，前中期的百万立方世界设计以及最后一次课的答辩环节都需要很充分的准备，如果小组没有足够的规划和执行力，那学期末考试周前就别想在当天晚上睡觉了（本人深刻的教训www）。\n\nAnyway，这门课真的超级棒，老师的性格也真的超好，但也需挺多的时间，选之前一定要做好准备啊（当然第一节课老师会一如既往的“劝退”的hhh）\n\n强烈安利！
131961,4980,徐象国,2021-01-29 15:23:22,2,2,0,第一节课听完有趣的规则之后，人很兴奋，然而紧接着就是迷茫。老师请来了各个领域的专家给我们上课，带我们参观城市规划馆和植物工厂，别的不说，的确是增长了不少见识。\n\n课程任务包括一个论文和最后的答辩，整个学期都在为它们服务。说实话这个学期我和我的小组表现得并不太好，所以成功的经验没有，失败的教训倒是有一些。首先，一定不要拖ddl，否则最后几天基本别想睡觉；其次，组员之间一定要多多交流，最好定期开个会互换一下想法，不然的话最后只会是一个简单的拼凑，而没有整体性；还有，分工要均匀一些。\n\n总的来说，对于想要增长见识，锻炼综合能力的同学来说，这确实是一门非常值得推荐的通核课。只要你愿意付出，一定会有收获。
132937,4980,徐象国,2021-02-05 07:30:18,2,2,0,百万立方是一个神奇的课程.....（比如我之前的评论突然找不到了...）\n\n哈哈，还是说点有用的东西吧。\n\n百万立方这门课的内容覆盖面非常的广，一旦参与进小组的项目，你要面对的东西会超乎你的想象，想要划水也很为难...做好付出大量时间精力的准备再来吧。\n\n但是一旦你走近百万立方的世界，你绝不会后悔...首先是徐象国老师，可能是我这辈子见过的最有趣的老师之一，他会和各路大神一起教你各种各样的屠龙之术（的确是百万立方专属知识了），但是在这个过程中你拥有的不只是知识本身，而是一种面对大量全新信息的能力。\n\n这门课程也是理工科与人社知识的一次融合尝试。除了技术外有些东西也值得我们去关注。小世界是为了整个世界与人类的共同未来存在的。\n\n最大的收获的话，应该是因人而异的吧；对于我而言，是发际线和我作队的六个好朋友们，还有，人类值得被拯救。
132965,4980,徐象国,2021-02-05 14:01:56,1,1,0,刚上完徐老师百万立方世界的来说一说对这门课的看法。\n\n首先，我非常喜欢这门课，老师人也很好，也推荐大家选这门课。\n\n第一，课程内容特别而丰富。百万立方的设定非常有趣，动手创造世界的感觉是很奇妙的。课程也远不止徐老师所属的能源专业的内容，老师会请各个专业、各个职业的人来给我们上课，比如城乡规划、工业设计、人类学等等，还在周末带我们去杭州城市规划馆和植物工厂参观，堪称买一送∞。\n\n第二，上课氛围和师生关系良好。徐老师不乏深厚的专业知识，也经常打趣和开玩笑，被我们尊称为相国教主。\n\n第三，这门课能带来很大的收获。上完这门课，我学会了疯狂上知网找论文、查各种资料，还有Sketch Up和mars的使用，也收获了一群一起合作一起肝的组员。百万立方的小组是我上过的所有通识课的小组之中联系最密切、印象最深的一个。\n\n同时，为了减轻徐老师的劝退压力，我也必须强调一些warning。\n\n这门课和其他通识课不同，只是上课听课是没有用的，必须要花费大量的课余时间来进行世界设计，甚至平时比较咕咕咕的话还要刷夜，如果只是想混分和混绩点的建议不要来这里，对自己和他人都好。\n\n最后，希望大家能在这里体会到创造世界而暂时忽略绩点的快乐，一次百万立方人，终生百万立方人！
148617,4980,徐象国,2022-01-13 04:30:10,2,2,0,好课快选\n\n多学科知识交融\n\n香锅老师还和我们一起快乐水群\n\n可以收获一堆学长学姐NPC\n\n能学到建模知识\n\n给分很好\n\n组员关系和睦\n\n收获大一一段难忘的回忆
148618,4980,徐象国,2022-01-13 04:33:26,1,1,0,徐老师yyds！\n\n百万立方yyds！
148621,4980,徐象国,2022-01-13 04:35:26,1,1,0,“创造世界”名副其实的程度，个人觉得有50%。肝不肝其实看自己意愿，可以肝一整个学期，也可以抱队友大腿(×)。可以学到很多东西，提供了一种新的视角。至少可以保证的是，选这门课是一种难忘的经历，值得一试。
148622,4980,徐象国,2022-01-13 04:35:44,1,1,0,请记住你们曾经创造一个世界\n\n请记住你们在创造时的激情和期盼\n\n请记住人类记得拯救\n\n不问分数，只求收获，百万立方很累，但绝对是一门好课
148637,4980,徐象国,2022-01-13 05:27:59,1,1,0,令人印象深刻的一门课程
148648,4980,徐象国,2022-01-13 06:04:54,1,1,0,象国老师是一个十分和蔼可亲的老师\n\n上了他的百万立方课程之后你会发现你收获了很多\n\n不仅会建模会设计有关于百万世界的方方面面\n\n同时还会改变你看待事物的方法
148712,4980,徐象国,2022-01-13 09:34:27,1,1,0,课上一些观念的传达，能够开拓很多（但是在肝模块的时候突然蹦出来些要考虑的因素确实挺搞心态的）\n\n能够听到专业的创业者和建筑师讲授，\n\n巨肝，而且需要良好的小组合作（指望一两个大佬带飞什么的……很难）\n\n刷夜补天、小组合作、自学、多领域结合……算起来，对于大一新生或许是个不错的早期适应（?）（客观来说确实是这样，但是……前面的是地狱啊）\n\n最后，选了这门课就不要在意绩点了，享受创造世界的感觉就好\n\n以及，如果想水通核的话还请另寻他处，大可不必来折磨自己跟组员
148719,4980,徐象国,2022-01-13 09:58:22,1,1,0,百万立方这门内容丰富，老师会请来人类学老师，建筑师，创业者等等老师来为大家授课。于我个人而言，在这门课中的学习当中我认识到了观察问题的多角度性与解决问题时的种种考虑。最后，这门课比较硬核，所需时间较多，比较水的同学还是不怎么推荐的。
148728,4980,徐象国,2022-01-13 10:24:57,1,1,0,老师上课很有意思，虽然课程确实肝，但可以学到很多东西，如果是想水通识的同学，建议三思。但认认真真的话，是很有成就感的
148732,4980,徐象国,2022-01-13 10:33:12,1,1,0,徐老师的百万立方世界是一门十分有意思的课，上这门课能充分发散自己的思维，这门课是一门交叉课程，融汇了理工科与人文社科的知识，当然有趣归有趣，要肝的东西还是蛮多的，所以推荐那些真正希望锻炼自己的交叉思维的同学选，其余的慎重。
148748,4980,徐象国,2022-01-13 11:58:02,1,2,1,我是在学长的强烈安利下、怀揣着试试就试试的心理选了百万立方，反正当时也没底能不能选上，然后就稀里糊涂来了。\n\n第一节课令我印象颇深，徐老师一个劲地劝退，反而让我有了那么一点逆反心理（？）\n\n当时年轻气盛（当然现在也是qwq），想着：反正是我自己选的课，就算再阴间我也要上完。 \n\n所以我现在还很庆幸，这是一门很有梦想的课程，象国老师也是一个很有梦想的人。\n\n我是没什么梦想的，却在这门课里又隐约触碰到了梦想的感觉。第一节课的时候我就在想：我？我们？一个学期？100万个立方？创造一个世界？怎么可能。\n\n因此，我可能永远无法忘记那次课上徐老师随手设计的那个“无尽之环”给我带来的震撼。\n\n不过，最让我触动的其实是徐老师这个人，在我看来，听他上课是一件很享受的事情，\n\n你会觉得他爱着这个世界的每一个角落，他包容着每一个人，他幽默风趣却又始终坚守着自己的原则。\n\n我无法确切描绘出那种心灵的触动，只知道他的就是我最想活成的模样。嘿嘿，永远为象国打call！\n\n聊完了主观的东西，下面说些对学弟学妹的客观建议。\n\n百万立方课程的专业知识覆盖面很广，摆烂人只要坚持摆烂，这门课还是可以很轻松水过去的；\n\n但对于那些真正想学到东西的同学，收获多少，可能取决于你学得有多累（查的资料会挤满整个文件夹），肝得有多累。\n\n当创世主的感觉很神奇，但也会很累，每每这个时候，就很感慨人力之微弱，以及人类文明之繁盛。\n\n另外，助教小哥哥也很nice！参与这门课程教学的所有老师都很nice！以及，总会有些大佬，浑身长了八个肝，看到他们的世界，你真的心服口服。\n\n所以说，能选上这门课，真的很幸运！！！
148751,4980,徐象国,2022-01-13 12:06:20,1,1,0,课程肝度高、复杂程度高，需要同学长时间的投入和团队协作能力，否则到了最后一整队的效率会被极大的拉低，一个人是干不好这个项目的。选这门课的同学真的请谨慎再谨慎，不要拖累别人，也不要搞得自己不高兴，如果要水课还是避开这门课吧！！！
148813,4980,徐象国,2022-01-13 14:55:55,1,1,0,老师是好老师，几个老师都很有耐心很负责，课也是好课，大一上事情不多，肝一点也没什么。\n\n我感觉可能会有的问题是什么吧，百万立方世界太小了，建议改成千万立方（10倍的肝）（DOGE）
148821,4980,徐象国,2022-01-13 15:16:54,1,1,0,《百万立方世界》是一门很肝但也很有意义的课，在课上学到的知识仅仅是这门课的一小部分，其更大的意义或许在于课后对于前沿技术的阅览，对于设计工具的摸索使用，对于世界观念从被动到主动的思考。推荐~~
148834,4980,徐象国,2022-01-13 15:59:40,1,1,0,百万立方是一门“神奇”的课，在这门课上你会付出很多、会收获很多，最后的结果不必太在意。世界受欢迎固然可喜，但即使结果并不是很好，失落一定是会有的，付出了许多可能换不回好的结果，但是不要迷失在一时的得失，想想你在这门课上学到了什么，掌握了什么技能，如果仅仅是打算修完一门通核而没有很大兴趣真的慎选。
148836,4980,徐象国,2022-01-13 16:06:43,2,2,0,百万立方选好小组很重要，需要有一个负责任的组长在平时催进度，组员也要逐步推进，不然最后补天会十分痛苦。\n\n还有一开始小组名一定要取好，不要太随便，这名有可能会关系到世界建设的核心理念。\n\n课的内容目的是给予建设世界的框架，不过我们是大一基本没有填补框架应有的专业知识，所以大多都是瞎找资料和拍脑袋想，但最终结果只要不是太离谱老师都是能接受的。\n\n百万立方还是挺需要肝的，还是花时间的，但并不痛苦，还是很快乐的。
148912,4980,徐象国,2022-01-14 02:38:01,1,1,0,作为一门通核课，百万确实是一门很耗肝的课，但是与其他课程不同的是，她有她自己独特的快乐。与小组成员一同实现从无到有，修缺补漏，一步一步完善自己的设计，在mc中将自己的设想变成自己从未想象过能如此壮观的建筑…..当然，如果没有肝，建议不要选，毕竟想在这门课设计出来一个好的项目还是有点困难的，还是需要一定的时间投入的。概括一下：不水，但有意思。突然想起来一句话：如果大学生活只是为了绩点，那该失去多少乐趣啊。所以如果想有所收获，那就来吧.
148978,4980,徐象国,2022-01-14 05:37:02,1,1,0,非常有趣的一门课，但只抱着水一水的心态来可能会被折磨惨了。因为是创造一个世界，所以自由度是很高的，比较有点子的同学可以来选。
149119,4980,徐象国,2022-01-14 12:51:51,1,1,0,感觉徐老师不是把百万立方课作为一门简单的通识课来上的，真的有努力在学生心里种下一颗种子。\n\n是什么种子呢？欢迎来选课哦，选了就知道啦。\n\n课很好，事很多，小组合作有，老师天团有，建议向上过的课友咨询了解，如果不是真的喜欢，不必选。
149133,4980,徐象国,2022-01-14 13:37:16,1,1,0,首先，百万立方世界是我上过最特别的课程。这个课程简单，它只有一个任务——创造一个世界。这个课程难，它竟然需要我们创造一个完整度较高、可行度较高的一个世界！\n\n在这个世界里，你就是创世主，你可以创造你想象到的一切（基本上）。你就是“god”。所有的法则由你指定。当你看到这个世界被慢慢完善，被慢慢创造时，成就感便油然而生。尤其是最后期末答辩时看到自己所创造的世界已经是相当优秀时，那种成就感更是填满大脑，所付出的努力并未白费。毕竟，那是一个世界，那是你所创造的一个世界。\n\n同时，这个课程令我结识了七个有趣的小伙伴。这个课程对于团队合作的要求性较高的，同一个世界将我们彼此联系到一起。大家都很热情友善，身处这个团队可以说是相当温暖。这门课程可以让你收获友情。\n\n这门课程涉及的知识相当广泛，老师也有好几位：人文、城市规划、建模、科技、能源等等等。总之，这门课程不光让我学到了很多，也提升了很多能力：从未接触到建模的我现在也是用得相当熟悉了。\n\n总之，推荐大家前来选择这门课程，选了不后悔！
149156,4980,徐象国,2022-01-14 14:48:53,1,1,0,徐老师的百万立方世界课程，不管是内容的深度还是广度都会超出你的想象，从能源，人群，环境，科技四个维度建立理想中的世界，你会遇到人类学的老师，建筑师，科技公司的总裁，许许多多的大牛来为你辅导解疑，纵向来说它增强了你的知识实用能力，横向来说，它丰富了你的学科交叉素养，然而现实也是这门课是特别特别的肝!可是当你投入进去之后，你会觉得自己去创造一个世界，是多么奇妙的一件事。\n\n百万立方世界绝对不会让你失望，如果你愿意投入之中。
149171,4980,徐象国,2022-01-14 15:24:52,1,1,0,百万立方世界这门课，赋予了我们创世者的身份，让我们以一个新的角度重新审视这个世界。我们会遇到一群来自不同学科的老师，遇到一群一起肝锅的伙伴，来共同创建属于我们的世界。我们可以发挥想象天马行空，但也要保证世界的每一步运转切实可行。虽然方方面面皆是困难，但见证着世界从无到有，便不禁欣慰感动。这门课也许并没有教给我们很多，更多的需要我们自己去查找，去摸索，但也教会了我们太多，让我们得以对能源、环境、人、科技产生更加多元而深刻的认识，也让我们坚信，人类能够被拯救。\n\nps：百万立方确确实实是一门好课，因为很少有一门课能让你放开创作，能让你学到如此多方面的知识。但这门课也需要你投入大量的精力，因为一个好的世界并不是水水就能水出来的。所以，这其中的抉择，请你仔细衡量。
149276,4980,徐象国,2022-01-15 03:10:54,2,4,2,1.课程安排合理，相信很多同学都听说这门课非常肝，但其实只要跟着老师的安排，每节课完成每节课要求的世界构建，最后就不会太肝（老师每一节课的任务都在一点一点地搭建世界）\n\n2.真的学到了东西，这门课与其他的课程不同的是我们是做项目的同时也在上课，实践与理论紧密结合，让我们一学期下来真的很有收获。\n\n3.课程还介绍了很多的工具，对于未来的学习生活也很有帮助。
149321,4980,徐象国,2022-01-15 05:43:16,1,1,0,一门非常有意思的课程！“百万立方世界”综合了很多领域的内容，真正是多维领域的一门课程。当然，这样显而易见会很肝，下的时间自然不能少。但是老师都很负责有趣，刚开始觉得上课很水，但如果没有那么多领域的老师来教授，我们的任务无法井井有条地进行。小组合作也是一个锻炼自己能力、促进大家相互理解的过程
149435,4980,徐象国,2022-01-15 10:30:36,1,1,0,上这门课还是非常出乎我的expectation的，内容丰度非常大，涉及了包括但不限于能源的各种知识，应该说对我的四维方式还是有一定的转变的。不过话说回来，在课堂上取得的最后成绩和组员的能力的关系还是很大的
149448,4980,徐象国,2022-01-15 11:05:42,1,1,0,百万立方这门课，我想应该是我大学的学习生活中唯一可以由我自己设计的课程项目了，课堂中最后的一句话确实说的很对，我想这就是我们可以改变“世界”的机会，在整个小组设计世界的过程中发现自己收获了很多其他课程所不能给予的知识，虽然真的很累，但是每一点的付出都是有回报的。我想这门课传授的并不是具体的理论知识，而是一个机会与一些指导，为我们搭好脚手架，然后让我们来发挥我们的创造力。另外还可以交到很好的一群朋友。
149475,4980,徐象国,2022-01-15 13:35:48,1,1,0,徐老师是一位非常有趣的老师，不仅擅长和学生们互动，同时又不缺乏深刻的哲理。百万立方是一门很有启发性的课程，可以学到各方面的知识并进行合理的运用。一开始就被学长学姐们的设计震撼到，然后自己也去慢慢尝试去建设一个世界，虽然有点费肝，但是建造一个世界的激动与期盼是前所未有的。同时也学会了很多专业技能，比如一些建模软件的应用（真的好好玩，自己偷偷建了很多反人类建筑hiahia）。还有就是第一次进行组员合作，收获了一段段友谊，希望这份友谊可以永远传递下去。\n\n最后奉上香锅老师的话：\n\n请记住你们曾经创造一个世界\n\n请记住你们在创造时的激情和期盼\n\n请记住人类记得拯救
149509,4980,徐象国,2022-01-15 16:22:09,1,1,0,给大一的小朋友和想选这门课的其他同学一些建议：\n\n1. 有趣，真的有趣\n\n2. 在创造这个世界的过程中，无论如何你都会收获很多\n\n3. 大一上你会有很多事情也会觉得很忙，请你做好肝的准备，要有独自一人肝的思想觉悟\n\n4. 队友很重要，也请决定选课的你做个好队友\n\n5. 你会遇到很多很好的老师和大牛\n\n6. 无论任何方面，你要让你的世界变得足够吸引人，才能拿到高的票数\n\n7. 祝好运，希望你能选上这门课
149520,4980,徐象国,2022-01-15 19:49:52,1,1,0,百万立方yyds！请记住，你不是在“制作”一个世界，而是在“创造”一个世界。在课程的学习过程中，你能够学到许多常规课里学不到的知识，而愈加丰富的知识体系又能够促使你进一步完善自己的设计理念，最终构建出只属于一个小组的乌托邦。人类值得拯救！
149590,4980,徐象国,2022-01-16 05:23:54,2,2,0,百万立方是一门有意思的课。才开始上课时，感觉大作业很难，很麻烦，但在完成作业的过程中还是很有意思的，虽然过程有些麻烦。这是一门很值得学的课，它包含了很多内容，是一门选一赠n的课，可以学到能源，人类学，科技，建筑，城市规划等课程的知识，非常值。
149592,4980,徐象国,2022-01-16 06:10:50,2,2,0,好课不肝\n\n好课是真的不肝是假的\n\n不要把所有内容都放到最后来肝就是了\n\n很能培养创新思维\n\n设计一个世界并且不断思考其可行性\n\n一点点打磨所有的细节\n\n很有成就感\n\n老师和同学们打成一片\n\n快选！快选！快选！
149613,4980,徐象国,2022-01-16 08:02:23,4,5,1,主建立的百万立方qq群是所有教学群中最活跃的一个群。\n\n百万（摆烂）立方实在是一门极其有趣的通识课。\n\n课程结束之后，看着自己小组的世界模型和世界说明书，非常有成就感。
149676,4980,徐象国,2022-01-16 10:08:10,0,2,2,老师很棒，事情比较多，但是没有人监督，需要良好的自控能力（别摸鱼！），否则全部都堆到ddl（一个晚上，一具尸体，一个奇迹
149792,4980,徐象国,2022-01-17 03:32:27,3,3,0,百万立方世界真的是一门很好的课。\n\n上这门课实际上就是在不断的激发自己的创新能力与拓展自己的思考维度。在上这门课之前我对这门课的认识就是使用100万个立方，组建一个世界，使它所能容纳的人数最多。但是真正接触这门课的核心之后我发现这只是他其中的一个方面，创造出了你的新世界后你还有许多问题需要考虑比如说世界的布局人群的政策和对难民的态度等等，这就不仅仅是站在能源的角度上去构建一个新的世界。可以说，这门课是一门买一赠多的课，你还可以通过其他院的老师或者是已经走上社会的学长了解一些其他方面的知识，然后从多个纬度去思考你构建的这个城市布局是否合理，能源是否足够人群政策是否人性化，对待难民的政策是否符合当下的生产力。十分推荐学弟学妹们选这门课。\n\n我这里说的推荐是针对于对构建一个城市有激情的同学。如果仅仅是希望获得很高的课程绩点，我真的不推荐你上这门课。整个构建的过程都十分肝，它会占用你的大部分课余时间，并且从学期开始持续到学期末。如果你是希望来划水的，那我不推荐你上这门课。这样你自己上的痛苦，也会增加你队友的负担。\n\n总的来说这门课是十分值得上那门课。可以说她是我从小到大第一个与小组同学合作完成的一个项目。对我来说，它很有意义。我相信如果你们选了这门课并且在一个学期之内认真的付出了自己的心血，那么期末的结果无论好坏，你们都会很开心。\n\n\n\n最后在这里放上徐老师对我们的话：\n\n请记住你们曾经创造过一个世界；\n\n请记住你们在创造时的激情与期盼；\n\n请记住人类值得拯救。
149965,4980,徐象国,2022-01-18 05:37:30,3,3,0,百万立方世界这门课程起初是因为有学长学姐推荐所以就选了这门课程，在刚刚了解这门课程的时候我以为这是一个MC游戏之类的课程，大家一起创造一个世界，但当开始沉浸式地体验这门课程的时候，发现这门课程其实是每个团体中成员一起讨论并互相补充的过程，每个人都要为这个世界的一部分做出贡献，不管是大的设计理念，又或是细枝末节的关怀都会成为每个世界的特色。在这门课程的进行中，你会发现它设计到各个方面，建筑、政策、人文等等，要处理好各个环节的互联，当小组每完成一个任务的时候，大家都会有自豪感，最后，当这门课程结束的时候，你会发现一些独特的东西，是每个世界的奇思妙想，也是这门课程在进行过程中带给我们解决一个问题的思路，是小组合作，也是处理问题的思维展开。
150340,4980,徐象国,2022-01-23 03:46:38,-4,3,7,就这样吧，该选的选，不想肝的别选
150349,4980,徐象国,2022-01-23 03:55:24,-1,2,3,对不起，我确实上头了。但是我本身自己分也不高，我只是觉得你的牢骚确实很情绪化，不公正。我向你道歉。
150350,4980,徐象国,2022-01-23 03:59:08,6,7,1,出完分了再来说一下吧...本人得分也算不上很高，但仍然认为这门课对于心怀热忱的同学是非常好的。然后再来为主操持一下劝退大业，想水通核的，或者并没有很大兴趣只是因为自己舍不得退选上的通核的，建议还是退课，不仅会坑队友，在赶ddl的过程中肝到昏厥，而且分也不会高，最后老师打出小组均分，按照组内确定的比例分配，有的同学甚至只能得到80%的分数（本学期最大组内分差为24），本学期最低分为66分（2.1绩点），最高分97，50%分布在80-89分，15%低于80分，老师已经放出狠话了，说就算全员不及格也不会进行调分，也不会有低保，所以说没有兴趣真的速速退了，不然拿到低分真的会比较难受，就算水过了一门通核。退课既是提高了课程质量，也提高了剩余同学的体验，也为自己减少痛苦。最后温馨提示，第一部分的人口能耗分和后面某不便透露的加分真的要认真拿！我只能说真的很拉分。（今年生物圈3号的建模真是肝疯了，可以去b站搜索视频感受一下大佬的肝度，当然仅代表本课程最高肝度）
150351,4980,徐象国,2022-01-23 04:10:45,6,7,1,请记住你们曾经创造过一个世界；\n\n请记住你们在创造时的激情与期盼；\n\n请记住人类值得拯救。
150352,4980,徐象国,2022-01-23 04:11:20,1,1,0,百万立方:\n\n比较肝的一门课，但确实可以学到很多，如果感兴趣的话可以学得很快乐。\n\n给分和付出基本是正相关，想水通核的就别来了。\n\n选课之前建议先去百万立方的网站:https://milcubes.zju.edu.cn/看一下内容合不合自己胃口，肝度能否承受，适合自己才是最重要的。
150354,4980,徐象国,2022-01-23 04:20:10,3,3,0,这是一门真正让我觉得像大学课程的课程，劝那些想划水的不要来，不仅拖累小组，自己分也不会好看。这门课是自由的，来的话好好享受就好。
169426,4980,徐象国,2023-02-26 06:19:08,0,0,0,百万立方世界虽然比其它的通核课可能要花更多的时间，但也在可以接受的范围内。学习这门课更多的是需要自己去探索，自己去查资料，更重要的是，可以自己去创造自己理想中的世界。上课中老师提到的很多观点还是值得我们思考的。
169427,4980,徐象国,2023-02-26 06:20:11,0,0,0,今天我们进行了百万立方世界的最后展示，这门课程确实需要付出很多努力，但也是一门非常有收获的课程。从选址、设计、计算、空间分布，到移民事项、建模和展示设计，我们进行了无数次的讨论和尝试，尽管大部分方案最终被淘汰，我们仍然享受着快乐的时光。这门课程真正教会了我一种能力和思维方式，让我能够从多个角度思考问题，得到最优解，而不仅仅是个人的最优解。
169437,4980,徐象国,2023-02-26 07:06:35,3,3,0,百万立方课程容量很大，事情也是通识课中比较多的，最终的分数全凭自己努力争取，可高可低。另外，最后的展示很重要，要做好充分的准备，想好展示的形式，以获得更多其他组的同学的认可。徐老师人很好，课本身也不错，主要看是否适合自己，要慎重选择。切记，勿被徐老师请来的所谓的“专家”吓住，勇敢大声地表达出自己的观点，哪怕你觉得不合理，专家像弹簧，你弱他就强！
169449,4980,徐象国,2023-02-26 08:09:01,9,9,0,作为一个心态逐渐变摆（×）的人，我想以我个人的视角评价一下百万立方这门课。先说一下，这门课的任务，就是要以小组为单位创造一个百万立方的世界。大家一开始的时候都是一种挑战的心态，也没有细细考虑过各种劝退的理由，可能会想着建好后世界的样子，也可能会想着这门课会让自己综合的素质blabla的得到锻炼。。。理想总是丰满的（）但是个人觉得，越到后期，这种创造世界的激情就越来越消散，更多的是一种这个世界怎么有这么多坑要填的困惑乃至焦虑。当我们的世界接近完工的时候，比成就感更多的，是一种这个世界已经有点脱离现实的、很多细节过于粗略的感受。而最后的答辩环节更是同质化严重，而能展示的内容极度有限。有时会想，究竟怎样才能让这个世界真正做到有理有据的美好宜居，但无奈的是对于眼界与知识过于狭隘的低年级本科生来说，几节概要性质的规划、科技、人文、建筑等学科的课并不能有非常多的帮助。。。总而言之，我觉得这门课是有它的价值的，也许在未来会让你受益；但是从比较现实的角度来说，它不够成熟，我们也不够成熟，做出来的东西势必会有些肤浅。当你意识到这种肤浅时，可能会像我一样渐渐失去兴趣（但最后还是负责的尽力了），倍感煎熬，也可能会继续保持着激情，这都见仁见智吧。希望这一届的朋友们，不管最后成绩怎样，都拷问一下自己的内心，我的激情还在吗；如果还在，那么这个世界究竟应该怎么建。而对于未来的学弟学妹们，最后的话还是一样的，慎选，慎选，一定要慎选！不喜勿喷。
169452,4980,徐象国,2023-02-26 08:23:56,1,1,0,2022百万立方期末答辩终于在历经了6个月后落下了帷幕，在此有很多话想分享。在百万立方上课之初，徐老师就很郑重地申明了这门课程的任务量之大，告诫我们承受不了就赶紧退课。\n\n起初，我也是鼓足了很大的勇气才选了这门课，开课之初难免被这样的阵仗给吓住。但在我慢慢了解百万立方世界这门课后，我发觉这是我前所未接触过、未设想过的课程形式，上课的内容融合了多门学科知识，重点在于启发和介绍，而不是罗列知识点。学生不仅要学会课上所传授的知识，还要将思想方法运用到自己创建的百万立方世界，比如选址、能源形式、文化制度、空间设计、科技等。如此创新化的课程考核方式，让学习充满了乐趣与自主化。虽然，这会要求有大量的课后学习与小组讨论时间，但是完成自己世界创建的巨大成就感是难以形容的。可以说，目前为止这是我学习生涯中最与众不同的一门课，也留下很多快乐的回忆，小组成员们一起讨论、一起肝锅，然后共同铸造我们心目中的理想世界。\n\n最后，用课程的结语作为结尾：请记住你们曾经创造一个世界，请记住你们在创造时的激情和期盼，请记住人类值得拯救。
169454,4980,徐象国,2023-02-26 08:41:39,2,2,0,确实是好课。要论肝，那确实比一般的通核都要肝上那么一个档次，但如果每节课都能按部就班搞下去加上队友正常一点的话也还好，可能也就中期答辩和最终答辩的前几天会特别肝一些。这门课有几个优点，一是从零开始打造自己的世界，事后回看真的很有成就感；二是课程融合了不同学科方面的知识（虽然说上课没咋听而且每个人可能是专门负责一项吧，但是做项目的同时查找资料啊什么的会耳濡目染地受到熏陶，以及小组组员们担任不同分工最后讨论汇总的时候确实会有所收获）；三是队友可能来自不同班级，与队友组队、讨论、一起肝，也算是锻炼了团队协作的能力；四是做项目的过程中锻炼了相关的能力，比如我学会了最基础简单的建模（以及拼凑现有的精美模型的能力XD），学会了最最基础的视频剪辑操作，以及查找论文、ppt制作、文字功底等等。这学期我们b并没有出现去年那样生物圈3号用一个mc建模碾压全场的情况，虽然受此影响这学期有三四个小组采用mc进行建模展示，但是我觉得除了今年最受欢迎小组做的很好以外都没有给我非常震撼的感觉（当然做的也都很好以及也肉眼可见的肝）。总的来说今年10个小组能明显分出好坏，但好的那几个也没有出现一超多强的局面。以及评委老师们说的一点我深有同感，就是我们的百万立方项目应该是探讨旧地球毁灭原因，然后因此设立一个总体理念，在这个总体理念的基础上展开我们的脑洞再深入到细节特色的设计。应该是有一个连贯系统的感觉的，而不是前面大谈气候变化病毒污染，后面就赛博世界打游戏去了。话是这么说，但在具体实践上，每个组员都有自己的想法，很容易就各自分歧搞出不那么和谐甚至矛盾的设计来。我们小组我倒是有做过这样的考量，但到最后没有作为展示的重点，最后是以有趣为导向去做了。希望以后的小组可以做出更加完美的设计吧。ps：千万立方世界的愿景不能丢。pps：分还没出，希望有好结果XD。ppps：想水的还是别来了，拖垮自己连累队友
169455,4980,徐象国,2023-02-26 08:50:40,0,0,0,真的是非常有意思的一门课，课上的内容是一个引子，然后任务和课后的学习会引着你去了解更多有意思的内容。你会从更大的格局去认识世界，会拥有不同的学科视野，从能源科技环境人群的方方面面去看待事情了，收获是有的。课程肝也是肝的，不过这么有意思的课不肝一下努力一下多可惜呢，认真对待了收获还是不错的。但是在创造世界的过程中难免会发现自己的无力，自己知识的匮乏能力的匮乏，很多事情都与课程的开始不太一样了，到最后好像有点课是人非，很多的遗漏就那么舍弃了思考。不过总体来说，真的是一门很有收获的课，也是一门很有归属感的课，对于创造世界有热情的学弟学妹们可以去尝试一下，去打破学科边界看见更真实的世界。
169458,4980,徐象国,2023-02-26 09:07:52,0,0,0,对于大一新生，百万立方确实是一门值得选的通核课。虽然课程确实有亿点肝，但是整个课程都很符合我对于大学通识课的期望——这里有各个学科的知识，有的是老师告诉你，有的则需要你自己去了解，而通过这些知识，你需要和他人合作完成项目并答辩，最后当你看着网页上自己的项目，你会发现，自己这一个学期是真正做了一些事情的，而不是混了三学分的绩点。徐老师在某节课上所讲的关于生命的哲学思考也让我印象很深刻！另外，作为女生，我也在课程中学习并思考了很多女性在社会中面临的问题以及要如何去解决这种困境。总之，这门课在抽象和具象上都能带来相当的收获，作为一门通核课，确实值得推荐！
169467,4980,徐象国,2023-02-26 10:25:18,1,1,0,对于这门课，不管怎么说，上过之后（即使期末答辩不太顺利）强烈推荐，在大一上学期对我影响很大，可以说让我从一个高中生看世界的角度变为了大学生应该有的角度吧，学到了很多东西（这个必然的，不细说了）。当然，对于这门课，不是真喜欢赶紧退退退，否则很痛苦
169470,4980,徐象国,2023-02-26 10:37:33,2,2,0,百万立方是一门综合性的课程，多学科交叉成为它的主要特点。给你百万立方的空间，如何构建一个世界是这门课的主要任务，相比其他通核课程，它更像是游戏，相应地要玩好就要花更多的心思，肝是真的哈哈哈哈。课程有能源、城市规划、人类学、科技、建筑等多领域的大牛前来讲课，每节课都会有很多奇奇怪怪的新东西，课上了和没上差不多，但潜移默化会在脑子里留下很多，关于“能源、科技、环境、人”的四颗圆球不断变换位置，所有课程结束之后，每个人心中都会留下不一样的答案。\n\n讲一些个人感受，老师们都很有趣可爱，如果上课好好听，一个学期下来看待事情的格局会大有不同，都说大学生生活在象牙塔里，而这门课绝对会让你认识到不一样的世界。富有想象力和喜欢天马行空的别错过，私以为这是第一门真正实现了传递价值观的通核课，课堂氛围也是我理想中大学课程的样子。选课需要勇气，但坚持下来会发现，创造新世界真的是一件很酷的事情！\n\n郑重声明，摆子勿选，既耽误自己也拖累小组。\n\n给选课的学弟学妹一些建议，内容比其他可能会需要多花时间，但平均下来其实也在可接受范围之内。每周任务好好完成，千万别模糊过关，最后就不会手忙脚乱。期待挖掘更多xg妙用（手动狗头），目前包括但不限于chat xxg、避雷针、灯塔等。\n\n还有些课程建议，或许期待一波更多学科的加入，室内设计还可以深入学习，有些部分上课可以略微精简，留下更多讨论和答疑的时间。\n\n至此，我仍期待有一天，千万立方的出现。
169474,4980,徐象国,2023-02-26 11:01:25,4,4,0,虽然分还没出，但也尘埃落定。在此碎碎念一些XD\n\n\n\n1.慎重选择！！！非常肝，远超任何一门通识课，大量文献资料的查询和研究不可或缺的，而且越到后期原先创造世界的激情就越容易消散。只想水/拖延症严重的话请速速退散，否则最终分数可能会非常难看，而且也拖累了其它组员。这门课是有办法判断你是否在开摆的。\n\n2.我们需要创造一个旧世界为何毁灭的背景，并因此提出世界的理念。但需要反思的是，后续的世界设计常常与这个理念联系不紧密。换言之，我们并未吸收旧地球的教训。\n\n3.就如同徐老师在课上说过的那样，一个世界需要考虑的地方实在是太太太太多了，无法尽善尽美，因此取舍和抉择是难以避免的。\n\n4.与上一点相同，最终展示的时间事实上是极其有限的。如何避免同质化很困难，但也至关重要。\n\n5.感觉理论课程内容可以更有深度一些。比如“环境布局和建筑设计是世界政治体制和社会价值观的具现”这一个点没有必要讲整整一节课。\n\n6.期中后的某环节非常有趣！\n\n7.最后，请记住：在这里，梦想可以成真，\n\n人类值得拯救。\n\n\n\n“你是什么背景？”\n\n“我没有背景；但，拯救人类不需要背景，实现梦想也是。”
169489,4980,徐象国,2023-02-26 11:54:11,0,0,0,我个人觉得要选择百万立方这门课程真的要看自己到底对这门课是否真的感兴趣，还有自己是否愿意花出大量的时间和精力去完成这门课程。这门课程是要让七个学生组成小组，在世界即将毁灭的背景下，在新的星球用一百万个立方打造属于自己的世界。另外，这个世界的所有政治、经济等制度，能源形式和装置以及运用到的技术都是需要学生去寻找资料来撰写的，而且量会非常的多。这就可见这门课的肝的程度。而且，如果自己对创造世界、创新性地想出自己世界的一切东西感兴趣并且有一定的查找资料、撰写文稿的能力，是可以来上这门课的。这门课的付出与回报是成正比的，所以想要水课的同学还是不要选比较好。如果真正用心上下这门课程，对自己的提升还是蛮大的，可以锻炼自己与小组成员沟通、协调的能力，可以学到建模，查找论文、资料以及制作PPT的能力，真的可以学到很多很多，但是前提就是得真正愿意去用心学，用心去完成这门科目才行。本人还是有点后悔的，没有真正去用心学，最后学到的东西不多。总之，百万立方绝对是一门好课，但是需要你去用心学，花费时间、精力去完成。
169497,4980,徐象国,2023-02-26 12:44:53,6,6,0,百万立方世界是一门具有深刻人文内涵的课程。初见时，你会被它创造世界的目标深深吸引。从零开始，建设一个你理想中的世界，这是它硬核的本质。往往在开始时我们都是充满激情，具有饱满的想象力和强大的干劲。但如何把自己的想法转化为世界内可行的，可实践的制度或是形态，这是这门课教导我们的东西。七人小组的模式既是锻炼合作的能力，也是帮助我们更好完成设计的方式。每个人从自己的知识面出发，阐述自己的观点，进而碰撞形成新的想法，最后达成世界的完善。将自己固有的知识面扩展并与他人联合，就是将二维拓展到三维的过程，百万立方从能源、环境、人群、科技四个角度描述世界，让成员的想法和知识得到融合，进而形成一个完善的世界。这种多元融合的想法，或许正是徐老师开设这门课程的初心。从上课模式来说，百万立方邀请不同领域的老师来讲课，从不同角度讲述世界的创造，而不单单局限于某一方面。买一得N，划算的嘞。从我个人的上课体验来讲，就算你完全不听老师的讲课，你的设计也能够推进。但是那样会让你的世界在横向对比上显得很捞。老师讲述的东西看上去是一些可有可无的东西，但其本质是让我们更好的理解创造世界的过程。另外这是一门相当费肝的课程，在设计世界和量化论证的过程中，需要查阅很多的资料。在建模方面，肝度更甚。如果你是抱着水通核的心思来选这门课，那还是尽早放弃，不拖累队友。
169502,4980,徐象国,2023-02-26 13:14:33,1,1,0,虽然事情有亿点多，但是事情有亿点多，总而言之事情有亿点多；\n\n言归正传，真的可以在这门课里学到很多
169503,4980,徐象国,2023-02-26 13:16:50,0,0,0,百万立方这门课说实话确实挺硬核的，要建立一个心目中的理想世界，刚开始时我觉得这很感性，也很酷炫，但不知道该怎么着手，随着课程的进行会渐渐了解当今世界的运行，老师给我们构建出一个世界的整体框架，我们则从历史的长河中吸收经验，结合科技和想象构建起属于小组的世界，并思考怎么拯救当今世界。\n\n这确实是一个很大的话题，但也正因如此，这个课程能带给我们的不仅仅是最后世界建成的震撼和感动，还有我们在这个过程中的种种收获。\n\n来百万立方，把这个不完美的世界变成我们所期待的样子。\n\n同时，要提醒自己，这是一个很肝的课程
169505,4980,徐象国,2023-02-26 13:35:36,2,2,0,《百万立方世界》这门课程综合性很强，十分考验动手能力和小组交流能力。\n\n1.刚入学的大一竺院新生如果对交友非常感兴趣的话，并想早点熟悉大学学习节奏，可以选择这门课程。\n\n2.小组会有一整个长学期的主线任务，徐老师贴心地将期末答辩分成很多小的任务去做，不会让大家在最后的考试周手忙脚乱，肝到天亮。\n\n3.这门课会有很多其他学院其他专业的老师来授课，一门课收获各学院大牛深传。\n\n4.在这门课你可以发挥自己的主观想象，建造一个自己的小世界，并在课程中感受到很多幻想与现实的碰撞。\n\n        欢迎选择《百万立方世界》！
169509,4980,徐象国,2023-02-26 13:51:35,0,0,0,百万立方是一门很好的课。\n\n课程的主要内容是创作一个体积在一百万立方以内的、对自然环境影响尽可能小、尽可能可持续发展的世界。\n\n我觉得课程给我的一个很大的收获是使用多种的视角看待事物，并且试图去将看似不相干的部分联系起来。在百万立方的第二节课，徐老师会从太阳能资源的分布来解释为什么欧洲人能够殖民美洲，这个给我留下了很深的印象。后续的课程也引导我们去思考能源如何影响建筑，建筑和制度设计的关系，最终怎样反映到科技的选择上。\n\n另一个很有意思的方面是，在创作一个类似于现实而又不同于现实的世界时，思考现实中设计的得与失，以及能否在自己的设计寻找更好的方案。
169519,4980,徐象国,2023-02-26 15:10:37,14,14,0,水课混分请走别路，贪摆怕肝莫入此门。谨以此条评论，纪念太湖之光世界在最后的时间里创造的奇迹。
169523,4980,徐象国,2023-02-26 15:29:40,0,0,0,客观上说，百万立方一门比较硬核的课程。相比于其他通核，此课程可以说是连接不同专业的相关知识。这就意味着，想要真正学习好这门课程是需要下一定的功夫的。其中，课程的主要内容是：能源、人群、科技、环境。所以选择此课程的同学要充分认识：自己是否对这4个学科方向的内容有较大的兴趣。如果有，并且需要初步品尝交叉学科的乐趣，那么百万立方绝对是一门十分适合你的课程。对我来说，有一点遗憾是没有能够从一开始就做好长期的规划。因为百万立方是以小组为单位进行竞争（或者说学习），而其最终目标是：建立一个和谐宜居的新世界。所以，整门课程是一个循序渐进的学习过程。前期做的决策、对世界的设计，很大程度上影响着后续的发展。选择此门课程的同学，还需要有一种责任感。因为小组任务难免有人划水，所以同学们一定要充分承担小组的责任，这一点也是百万立方教导给我的道理之一。虽然课程较肝，但是借此机会了解4个方向的知识，接触完全不同的学习方式（小组逐步完成任务，建设世界），这难道不是一件美事吗？只要肯创新、敢于突破，我认为在大一大二阶段，是完全有时间与精力来完成此课程的。百万立方独具特色，与其说是一门课程，不如说是难以模仿、不可多得的奇妙旅行。衷心欢迎各位同学加入到百万立方之中。
169729,4980,徐象国,2023-02-27 14:25:55,1,1,0,课后浅评劝退贴\n\nxg老师非常好，完全贴合想象中博学幽默富有智慧的老师。从这门课中，（或许）学到了从不同角度看待问题、解决问题的方式，拓展知识面等等，很多评价贴都有写到，所以接下来就写一些提到较少的个人的不佳体验。\n\n老师在开始几节课会不停劝退，告诉你这节课多肝多累，当然大部分同学都没有退课。从答主个人来说大概就是年少轻狂觉得自己能平衡好、从这门课中可以学到很多知识、觉得建设自己的崭新世界会非常有意思xD 上述是我的憧憬可能也是很多同学的\n\n随着世界进入建设发现：\n\n1）大一上的课程难度比想象中还要大，很难在高难度大课之间和这门肝课之间取得平衡（佬可以忽略）。答主本人不聪明，学习数分线代已经很崩溃，很难再在这门课投入大量精力。\n\n2）自己的设想和同组同学相差甚远，风格迥异，当然通过这门课也可以锻炼大家的沟通协作能力，但是这个发现确实会浇灭一些热情。毕竟在沟通妥协中如果无法说服组员自己也需要让步。\n\n3）结合上述两点，会发现自己的世界构建距离设想越来越远。就像老师所说的：从教育学角度讲，我们在建的百万立方是一个“劣构问题”，即他没有标准答案，甚至产生答案的条件就不足够。而我们习惯解决的则是“良构问题”，所有的条件都已经具备，就等着求解出唯一的正确答案。我们在学习阶段遇到的绝大多数都是良构问题。而当我们面对真实世界的，绝大多数都将是劣构问题。这种落差同样会导致迷茫和焦虑。\n\n当自己认识到自己离构想越来越远的时候会产生破灭感和无力感，更痛苦的是很多ddl堆在一起的时候，已经意识到自己世界存在很多问题但是没有精力去弥补。\n\n另外这门课也很考验信息检索能力，比如在考虑能源技术的时候，如何找到符合期望的技术等。如果这方面不太行的话会发现两眼一黑不知道从哪里下手（当然这可以锻炼\n\n发现自己的劝退贴也写的不是很有说服力（因为不太敢发疯），还是写一点zqsg的个人体验吧。
169730,4980,徐象国,2023-02-27 14:27:22,0,0,0,接上条\n\n这门课在课程后期将我逼得很崩溃然后找人发疯，主要是时间协调问题，当你进入期末时，你的世界设计也就到了关键时期，也是最肝的时期。如果前期做的很简陋后期就会更加崩溃。这时候甚至会产生算了反正已经这样了把这门课结束就行了的想法，当然最后还是靠着对组员的责任感和对绩点的焦虑做完了。答主还是挺庸俗的人，上这门课还是会在乎绩点（毕竟三分通核是吧）所以后期也会焦虑自己的世界做的不好绩点怎么办\n\n以上个人体验全是真实感受，然后因为答主怕丢人用语比较克制，真实情况要更疯狂一点。就比如说大家在评价这门课时很少提到绩点，老师也认为选择这门课就不能太担心绩点，但是我还是会忍不住焦虑。大家反馈了很多关于这门课的正面情况，但是我还是希望能写出自己在这门课的真实体验，希望如果有和我情况类似的同学看到这条可以好受一些。另外，以上也仅仅是个人体验，相信很多同学的体验还是很正面的。\n\n至于能不能学到东西，如果你认真听了每节课并对自己的世界极度负责，构建世界的成就感是无与伦比的，个人成长当然也会很大。\n\n那我从这门课中学到什么了呢：\n\n1）不能自以为是。自认为自己可以平衡好但是还是没能认识到自己的能力水平在哪里。我后悔不自量力选择了这门课，但是这是我自己的原因，课程本身值得期待。\n\n2）一些沟通能力、从多维度思考的方法但不多（因为听课不认真）\n\n总而言之还是劝大家谨慎考虑这门课是否适合自己，不要太相信幸存者偏差，如果像答主一样在疲于应对大课且不太能肝千万快跑——
169803,4980,徐象国,2023-02-28 02:55:17,0,0,0,很幸运能够选上百万立方世界这样一门具有创新性的课程，本人能力与肝度远远不及大佬，对类似的一部分同学可能会有一定参考价值。\n\n1.肝度方面：其实感觉肝度并没有许多人说的那么夸张，你要是想把它做到最好那一定会很肝，想水水完成任务的话又可以完全不肝，懂得取舍的话工作量应该也是在可承受的范围内。（其实有许多情况下是你想要使用某些新的工具，学习使用工具会花去许多时间）\n\n2.能力增长：这方面我感触较深，这门课程灵活度十分高，几乎是只要你敢想，相关的工具就能用，形式和范围都十分广。像我这种人估计也就是要用到的时候才能鼓起勇气去好好学怎么用吧。一个长学期下来各方面能力确实提升很多。\n\n3.小组合作：小组合作形式往往是许多大学生痛恨但又不得不面对的，它势必会带出许多新的问题，小组间的分工与协调时常让人头痛。但是以一门通识核心课程的形式来让我提前面对小组合作，积累相关经验与应对方法，我还是比较乐意的。值得一提的是，徐sir为了避免你遇到真的老赖，组内分数分配的形式的提出确实保证了一定的公平性。\n\n\n\n虽然小组最后的展示留下了许多遗憾，但我并不后悔选择这样一门课。大家选课前可以找相应的学长积极探讨，仔细考虑后决定是否选课。
169804,4980,徐象国,2023-02-28 03:07:56,0,0,0,《百万立方》是可以水但是不能混的课程，各位老师的讲课可能为最终的作品起不到具象的影响，但是对思维的拓展却能起到实质性的影响，同时这门课最需要的就是资源的搜索，能够很好的锻炼查找资料和分析数据的能力，是一门比较硬核但是很有用的课程。
169807,4980,徐象国,2023-02-28 03:18:11,2,2,0,课程：百万立方世界\n\n一门真正意义上的通识课。课程以项目为导向，分小组合作，用100万个1x1x1的立方体构建一个至少供100人活100年的世界，这个世界的各种细节都需要自己来创造，包括但不限于理念背景、能源供给、环境设计、人群制度等等，能很好地锻炼小组合作能力、资料查找能力与整合能力、沟通交流与博弈能力、视频演示制作能力与展示演讲能力等。如果愿意付出时间，这是一门能让自己收获颇多的课。如果不想肝请谨慎考虑，这个世界的建设过程中每一个小组成员的努力都相当重要。
169811,4980,徐象国,2023-02-28 03:39:04,0,1,1,百万立方世界。课程内容十分有趣，大致是在世界毁灭的背景下，一个小组的人一起在新地球上建立一个一百万立方大小的新世界。小组成员一起合作，规划好这个世界的方方面面。在这节课上，你可以学到能源、城市规划等各种方面的知识，你绝对会有所收获。徐象国老师也是一位极其有趣且亲民的老师，经常与同学们一起互动；还会有各个不同领域的老师来教授对应的专业知识。但这个课绝对是我目前上过最肝的一节课，基本上每个星期都要开小组会议完成一定的任务（当然不完成也可以，不过期末可能会迎来两个星期的通宵），还有期中和期末的项目展示答辩，肝度超乎你的想象（虽然徐老师前面几节课一直都在劝退），到后期大家可能已经失去了创造新世界的兴奋感，但项目完成之后还是有成就感的。想要水课混分的同学赶快逃离，但想要学到知识，获得经验的同学选这门课绝对不会后悔。
169822,4980,徐象国,2023-02-28 04:57:26,0,0,0,百万立方世界这门课，选之前一定要慎重。从功利（卷绩点）的角度来说，这门课相较于其他三学分的通核，要花更多时间，而且对于这样一门没有考试，成绩与小组相关度高的课来说堆时间并不能提供高绩点。但换种思路，只要不太过分也能获得一个还不错的绩点。从真的想学点什么的角度来说，如果你希望以后走到社会上创业或者从事设计设计甚至说从政，这门课或许可以提供一定的特别的知识，但如果希望从事科研之类的工作，不是说这门课里学不到东西，而是说其他自然科学类的通核能学到更多。\n\n不过有一点不得不说，这门课相较于其他通核，能更好地强化小组合作能力，因为绝大部分内容都是小组合作完成的。你会遇到讨论时口若悬河但是各种具体任务经常摆烂的人，也会遇到十分社恐且没有想法但是精通各种软件技术了得的人；会遇到信誓旦旦接下任务但是拖ddl或者交一坨答辩的人，也会遇到能在ddl关头给这种人擦鼙鼓的奇人。总之如何与各种能力不同性格不同的人合作是上这门课一定会学到的东西。\n\n顺便，小组内有一个有美术功底的人和一个有技术力（包括但不限于ppt，ps，pr）的人很重要，如果没有就培养一个或者自己成为（暴论）
169829,4980,徐象国,2023-02-28 05:36:50,1,1,0,抛开课程内容，百万立方事实上是大多数同学人生中作为一个团队成员推进项目的初体验。在这个过程中你可以充分体验到团队合作的利弊。\n\n每个小组最后的成果受到小组每个成员做事风格的影响，思维的碰撞也是乐趣和苦恼之一。\n\n课程强度来讲，如果协调合理，百万立方占据每个同学的时间其实有限，大概每人每周课外两小时可以搞定。\n\n从零创造一个自己的世界真的很浪漫，和Coding有异曲同工之妙。\n\n绝不后悔上的课程。
169878,4980,徐象国,2023-02-28 07:59:24,0,0,0,课程比较肝，建议慎选。\n\n\n\n百万立方世界是一门很综合的课程，如果每节课都能够认真听讲可以对所涉及的各个学科都有一个粗略的了解。但是如果想要了解更多的相关内容还是需要在小组内负责相关模块，并且认真负责地完成工作。在课堂上徐老师分享了很多现阶段设计师对于未来城市的幻想，但是其中的大多数都和百万立方世界的背景不同：有一些是依赖于周围城市物质和能量输入的，也有一些仅仅关注生物的存续而对人类文明关注不够。而在最终展示中大家所提出的方案其实是大家幻想的集中，受很多因素的限制我们必定没有能力拿出完整的方案来解决这样庞大的问题。\n\n\n\n还有一点就是能够加深我们对世界可持续发展的认识。
169947,4980,徐象国,2023-02-28 14:54:39,2,2,0,强调一点：选了这个课绝对不能摆，因为最后得分是按照贡献度分配的。如果用投入产出比来衡量这个课其实还挺划算，你花费了学两门通识核心课的精力创造了一个世界。此外上这个课你和其他组员会很熟悉，因为经常开会，所以可以收获一些朋友。
170084,4980,徐象国,2023-03-01 10:29:29,6,6,0,百万立方这门课，确实肝，选了这门课，一定要做好可能因为一个世界说明书肝到凌晨五点的准备，也要考虑可能因为小组成员之间沟通的不畅导致建设世界的进度迟迟没有进展的可能。\n\n象国老师在这门课上确实下了难以想象的功夫，一学期14节正课有至少12节都是请来各个领域的知名专家来为我们当助教，而且他们还会受象国老师的邀请给我们所构想的世界提出一些指导建议，不得不说象国老师的面子是真的大。\n\n再说一下上这门课的一个感受吧，相信想选这门课并且登上查老师看到这条评论的你们，想必都是抱着一种对创造理想世界的热爱吧。我当初也是抱着这种热爱选了这门课，但是经历了无尽的小组讨论和40小时不睡觉爆肝的痛苦之后，我突然在想我是不是真的有勇气和毅力去持续不断的为这个可能实现不了的“热爱”而付出超乎平常----甚至有损健康的努力。我并不是说这门课非常的令人折磨，相反，在徐老师和许多知名助教的课堂上，会有很多我们几乎从未接触过的专业知识，比如“光辉城市”“花园城市”“文化留存”“城市记忆”等概念，甚至在建造城市的过程中，可能遭遇人伦问题（当然为了保密，这个我也不能过多透露）。所以我特别希望你们认真的带入一下，如果让你天天熬夜去做一个任务，你会不会非常疲惫，然后带着这份疲惫去登上百万立方网站，看看之前几届学生完成的世界作品和世界说明书，如果你的疲惫感消失了，取而代之的是一种前所未有的震撼，那么恭喜你，选择这门课的利远远大于弊，因为有了创造世界的热情和成就感，即便过程再过辛苦，当你看到一座完美的城市在你的笔下产生时，那种成就感和荣耀感是永远无法被语言形容的。做个比喻吧，就像你玩一个游戏，从什么都不懂的萌新，到完全熟悉这个世界的顶级大佬一般的感觉。\n\n所以要不要选这门课，就交给你的心来决定了。如果决定选它，那，恭喜你。\n\n变革的时机已经到来，维系千年的人类秩序即将被改写。\n\n另外，心有所向，日复一日，必有精进。
170086,4980,徐象国,2023-03-01 10:28:57,0,0,0,百万立方是一门非常硬核的通识，水课者可放弃。它并不是一门平面的课程，打破了不同学科之间的壁垒，小组成员发挥擅长的学科，同时也在多位老师的教导下一起学习新的知识。创造出的百万立方世界并不是天马行空的幻想，而是真正细节详实的方案。这门课的重要之处并不在于绩点，而是它提供了一个让我们多方面发展的平台。
170088,4980,徐象国,2023-03-01 10:31:07,0,0,0,百万立方，一门说不上什么感受的课程，一方面这门课确实给我们带来了很多思考，让我们去看待一些平时不会注意到的问题，各个方向的老师的讲座确实也能丰富我们对某些行业的认知，但是随着初来乍到的热情退却，逐渐暴露的是我们对于现实的无力感，即使是在这样一门所有资源任意调度的情况下，我们仍然难以满足我们人类的需求，无论是物质上还是精神上，我们逐渐开始思考为什么人类的社会总是存在着这样那样的缺陷，我个人也对人类迄今为止的历史感到疑虑与好奇。相信这门课大多数人最终答辩的作品与自己想象中相差甚远，我们一开始都是满怀着热忱，计划着建设一个这样那样的世界，在实现过程中不断被各种实际问题打击，但是更多的是我们发现了往往自己提出的方案，自己才是最坚决的反对者，才知道这个方案到底有多不可行，多么不适合时代的发展。虽然说这门课最后带来一种怅然若失感（很肝我就不多说了），在课程实现的过程中，我们还是能发现世界的角落有着需要帮助的人，我们的生活外有着许多斑驳的色彩以及我们的未来并不一定局限于我们的专业，最后还是徐老师曾经告诉我们的那一句：请相信人类值得拯救！
170089,4980,徐象国,2023-03-01 10:32:39,1,1,0,百万立方世界（✓），摆烂立方世界（×）\n\n百万很肝，毋庸置疑。所以，想划水得高分的请另寻他路，为了自己，也为了和你同组的同学。\n\n一个学期做一件事；一件事便是一个世界。我们分为十个组，各自分别用1000000立方的体积构建理想但合理的世界。期间所有的作业，都是为推动这个项目走出的非常小的一步。你需要在其中考虑的是综合性的问题：能源、环境、社会、经济、设计规划等等，期间会有压力，会有失落，但是最终完成的喜悦会使所有的负面情绪抛于脑后（摆烂除外）。看到最终的世界，成就感将是必定的。\n\n为了完成项目，除了能源，还会有很多老师来讲课：城市规划、人类学等等，选到的这门课，可以说是买一送多，典型的交叉学习。课程中会有讨论，会有不同组的合作与博弈，（或许）会有深夜的突击。这是一个乌托邦，可以尽情遨游。你不必害怕出错，因为他允许你多次试错。\n\n最后，我想分享课程中的几句话：\n\n请记住你们曾经创造一个世界；\n\n请记住你们在创造时的激情与期盼；\n\n请记住人类值得拯救。\n\n以及，我们的期盼：请后来者，把千万立方的梦想延续下去！
170090,4980,徐象国,2023-03-01 10:36:18,1,1,0,写在前面：这个三分建议当作有意思的专业课去修而不是想水的通识课去修，这不仅是对你自己的负责任，更是对你同组组员的负责任。如果不想认真干活的请直接别选，想接收熏陶的可以来旁听（当然你旁听不参与讨论基本就失去了整门课的灵魂），这样对谁都好，大家都开心。否则像今年一样出现挂科的情况，纯属自己活该。当然，因为不干活小组内互评分极低，也是咎由自取。\n\n感谢徐老师能够提供这么一个平台去发挥想象力的空间，也感谢同组几位的组员能够互相帮助，给了我非常大的包容度以及非常强力的技术支持，在最关键的时刻帮助彼此完成一个个任务，尽管仍然留有遗憾，但最后还是能一起展现出来这样的令大家满意的世界。\n\n今年因为疫情导致课程持续了6个月之久，相较前几年的课程，准备时间是最为充分的，也避免了在期末爆肝和其他考试冲突的情况，有更多时间去实现自己想实现的内容。\n\n自己大一因为选课冲突没能选上，之前也有幸去听过上一届百万立方世界的答辩，当时给自己的震撼确实是大，也是希望能够选一下这门课，完成自己对世界的构想。（以及谁不想借着上课的理由名正言顺地玩MC呢（笑））整门课上下来的最大感受就是，许多以前觉得很简单的事情真的实现起来反而会出现意想不到的工期困难和额外的问题，小到文案协调，大到世界建模，之前自己在一开始听答辩的时候很多内容都是忽略掉的。真正体验整个流程才会发现整体的工作量有多大。以及就是逐渐意识到自己技术力的真正水平，会发现很多你有构想的内容到最后可能没法或者来不及实现出来。
170094,4980,徐象国,2023-03-01 10:39:10,-1,0,1,实话实说，自己相对来说的效率并不是很高，导致自己在最终稿内并不是贡献最多的。但是自己还是要求这要求那的，多少有点过于push，而且因为自己技术力低下，很多内容还得麻烦同组同学来帮忙实现。真的很感谢同组同学的包容和理解。\n\n个人认为，一个比较好的展示中，最终的建模实现和世界说明书的工作量应该是55开的。无论是世界外观也好，还是世界内部构造也好，整个展示其实要包括了文字本身的细节，还要包括一些立体的构建。可以说，建模的要求是，你对世界了如指掌。当然，最终自己也没能够完全实现，这个是自己的最大遗憾。最终的建模在实现的时候遇到了很多意想不到的困难——比如说我晕3D。这让我严重地减慢了整个建模的速度，也让本来轻松愉快的建模变成了一个非常痛苦的工作，也让自己一直处于一种有心无力的一种感觉，一开始以为一个人可以通过寒假实现优化的内容，一拖再拖到了最后一周才完成。\n\n在这里由衷希望接下来选这门课的每一门同学，都能收获一个愉快的小组合作体验，体会到从0到1，从1到无穷大的设计成就感！\n\n最后还是希望能够谨记那句：请记住，仍然有世界值得你去拯救。
170097,4980,徐象国,2023-03-01 10:50:32,1,1,0,没想到大一能选上百万立方世界这样的课，现在想回来真的很幸运。\n\n百万立方世界是什么课？一群人用一百万个立方，按照共同的想法，在学科交叉与ddl的夹缝中设计并创造一个新的世界。\n\n这只是这门课在干什么罢了，它拥有的远远不止这个。\n\n让我很惊讶的一点是这门课推荐修读是大一上学期，事实上课程内绝大部分同学也确实是大一上学期气血方刚的萌新（难道是怕没人来上就故意放在大一上骗新生进来，好吧开个玩笑）。\n\n创造一个世界是相当吸引人的，以至于很多同学选这门课时忽略或者不在意“创造世界”这四个字的分量了。\n\n分组，课上是有点难以吸收的多学科知识（当然不一定代表所有人都难吸收），课后是反复开会，反复讨论，反复分锅，还有查阅前沿论文，借鉴大家之作......创造世界所需要的工程量决定了这门课是相当肝的，现在我也理解了为什么刚上课那会为什么徐老师和学长们反复问你“确定不退课了？”（笑）。\n\n团队里会遇到难以组织的问题，上课也可能会遇到学不会的困难。从背景编写、能源设计、制度设计、城市规划与建模，到使用的科技，创新点......越到后面发现要做的事情越来越多，团队也不一定能保持刚开始的热情与激情，似乎这门课我就不该选。\n\n其实不然。越是困难，到最后发现其越是灿烂。没有干什么大事是轻轻松松的（虽然这个也并不大），在困境中团队所迸发的力量，你所收获的知识与经验，你从能源学到人类学、社会学、建筑学等等学科的遇见，你与队员之间逐渐成熟的默契和配合，你作为组长不断提高领导能力，以及最后答辩结束时徐老师放出“请记住你们曾经创造一个世界，请记住你们在创造时的激情与期盼，请记住人类值得拯救”那一幕时的五味杂陈，真的感觉这门课太值了，真的太值了。\n\n在这门课中我作为一名组长，不断地摔倒又站起，即便最后成果不尽如意，但也是懵懂的我们尽我们所能所创造出的世界。\n\n如果有选择，期待大家怀抱着那份激情与期盼，在这条路上走下去。
170099,4980,徐象国,2023-03-01 11:08:20,0,0,0,作为一位整个学期都相对较摆的人来评价一下《百万立方世界》这门课程，作为一门通核课程，百万立方在工作量上一度超越了我的主修课程（比如数分和线代），这和我的数学很摆有关系，不过百万立方绝对是所有通识课中对学生要求最高，耗费时间最久的课程，其知识点覆盖面之广令人咋舌。不过在经过小组分工之后分到自己身上的任务所涉及的知识面会变少，我自己最后就集中在了农业和医疗卫生方面的知识。知识面的广度导致你所拥有的专业知识必定会不够用，所以在进行设计时不得不大量查阅网上的知识或者相关的论文，这将会占用大量的时间，所以想要摆烂的同学再经过老师和学长组开头三个星期的劝退之后还是好好深思熟虑一下。但另一方面，好玩是真的好玩，乐趣是真的有乐趣，毕竟是自己设计一整个几乎完整的世界，极大地满足想象与创造的需求。
170126,4980,徐象国,2023-03-01 12:16:13,0,0,0,百万立方世界可能是大一上让我印象最深刻的一门课了。\n\n用一百万个立方，搭建一个自己的世界。这是一个极大的工作量，大到让他不像一个三分的通识课，而是像一个五六分的专业课，核心理念，选址，规划，建筑，科技，我们从无到有地建造出了这个世界，用离谱的想象（bushi)和科学的思考构建起世界的基础。\n\n这是一门多学科融合的课程，没有哪一个学科能单独涵盖“百万立方”的庞大，你需要上知历史、下算能源，还要用自己狭隘的知识去画出一个看得过去的城市规划图（），你要对人类社会有一点独到的见解，你要对工程事业有一点执着的毅力。\n\n这是一门极其依赖团队协作的课程。而且一定要注意划清团队和个人的边界。团队的作用应该是集思广益汇总好的想法，合理分配每个人的任务，而不是让每个人在“活不多”的轻松之下无限拖延。团队的领导者不要过度地依赖团队，要知道，做某些设计任务时一个人可以比六七个人更有效率，同时领导者要善于发现每个人的专长，维持每个模块间设计的独立和功能的协调。\n\n这是一门考验个人能力的课程。你需要认真考虑自己的专长，仔细分配自己的时间，努力完成自己的任务，以及在合适的时候担负起领导职能。我们的队伍很小，每一个人都至关重要。\n\n这门课一定会给你留下许多难忘的回忆。还记得不到24小时就要交世界说明书了，我一个人爆肝到凌晨三点。记得有一次在上完课之后灵光乍现，在十分钟之内画出了世界规划的雏形。记得组长有几天相当忙，我去仔细安排了世界的分锅。我认为我为我的组做到了应有的贡献。\n\n总之，这是一门很肝的课，一门需要慎重选的课，当然更是一门上完之后，会对生活、对世界有全新感受的课。
170158,4980,徐象国,2023-03-01 15:42:02,0,0,0,印象深刻，回味无穷。\n\n百万立方不愧是让我为了上这门课退了其他课的通核(\n\n上面这句话有两个意思：\n\n一个是这门课确实很肝(一个工业设计就写了我一共可能快十个小时吧)，不是一个混学分的好去处(bushi)。实在任务太多的话可以考虑退掉其他课留这门课(划掉，开个玩笑，还是不要干扰别人的选择了罢)。但是确实不想肝的还是尽早退了，退学助理可能不一定只是一个玩笑。\n\n另一个是这门课真的很有意义，非常符合我对全国前三院校开设课程的想象，真正做到了各个学科的交叉，打破了学科之间的壁垒(点名批评某混学研)。在一个学期的过程中，一个世界从虚无的幻想，一个人从对一个世界的一无所知、满头雾水，在一节节课、一个个ddl中走向落地、成熟，真的是一个非常有意义、有收获的过程。在这门课里你不仅面对的是世界上各种冷冰冰的建筑、设施，还有新世界的人民对生活期盼，甚至还有与其他小组的博弈(顺便纪念一下我们那早逝的卖方联盟)。在世界一步步被完成的过程中，其实比起累更多的是一种成就感、自豪感。每一堂课也都是将我们代入一个全新的视角看这个世界，课程结束后总有一种好像懂了很多但好像又什么都不懂的感觉，确实是感受到了知识的广度。\n\n在答辩结束以后还是有一种怅然若失的感觉，总是觉得自己的世界还有缺憾，还不够符合自己的预期。第一次我感觉绩点反而没有那么重要，我更在意的反而是我们世界最后有没有得到其他组以及老师认可，有没有基本实现当时对这个时世界的憧憬(组里以为项目到冬学期期末就结束了然后整个寒假完全没有推进是真的太遗憾了可恶)(嗯这门课也不过就到了我为自己没有好好肝感到后悔的程度嘛)。\n\n最后：祝千万立方世界早日成为现实(
170159,4980,徐象国,2023-03-01 16:01:58,0,0,0,正如徐老师所言，百万立方世界是一门将多学科立体交叉的课程。课程只有一个目标：在类地行星上从头构建一个崭新的小世界。表面上这个目标和主宰世界的幻想并无两样，但如果你认为仅此而已，社会、经济、人文等一系列令人头大的专业知识与客观要求便会让你认清现实。此外，由于激烈的组间竞争，这门课对想要摆烂摸鱼的人极不友好，建议三思而后选课。当然，如果你不在乎自己的绩点，也可“大隐隐于市”，为提升组员们的绩点贡献绵薄之力（笑\n\n由于我们需要仅依靠有限的物质资料和初始人口，从头建立起可以自给自足的新家园，这项工作其实充满了挑战性。创造一个现实世界远非点三个按钮就可完成，新世界的能源、政体、形态、经济，乃至与其他世界的外交，都是阻碍理想设计的绊脚石。此外，对世界的限制不多却影响颇深，更不用说组间竞争的压力又会带来更多阻碍。如果想拿出一个合理的设计方案，需要优秀的创新与极大的毅力。不过，由于项目内允许使用尚处在实验阶段的技术，强大的检索资料能力足以提供后期吹牛画饼的资本。
170262,4980,徐象国,2023-03-02 10:02:45,-4,2,6,百万立方最大的亮点在于课堂氛围，很轻松但又很认真，但很肝，可以完美体验美苏争霸时军备竞赛的快乐，这门课的工作量可以无限上升，直至你们超过别的组，要是想拿学分或卷绩点的，不是很推荐
170275,4980,徐象国,2023-03-02 11:35:58,2,2,0,刚刚结束答辩，如释重负，成就感亦扑面而来。百万立方世界是一门需要时间、合作、学习和讨论的课程，做好了足够的准备，就来报名吧！回想这六个月，从一开始的新奇和激动，到后面有些无力和郁闷（需要花很多时间去完善世界，不仅仅体现在展示中，学习到了很多东西倒是真的），最后看到效果也是自豪却也略带遗憾的。我原以为，我们能建立一个理想国，实际上，太难了，甚至有很多方面还是不美满，却也体现了世界的真实。最后最后，一定要好好考虑再报，多与学长学姐沟通。期待千万立方世界！
170387,4980,徐象国,2023-03-03 11:40:13,1,1,0,这门课非常需要团队合作！！22届是随机分配组员，即使大部分都不认识但仍然无法避免出现有人脱离群体的现象，这个课需要肝，需要经常开会讨论，这门课确实能学到非常多，从一开始对一个世界的憧憬，怀着期待去建造他，在这个过程中能体会到自己为人类延续的快乐，但确实要为他付出，而且老师真的很好很有意思，只要上肯定会学到不少，但还是要结合自身慎选！
170391,4980,徐象国,2023-03-03 12:04:28,1,1,0,百万立方世界既可以全面提高个人能力，也可以加强团队协作能力，强烈建议选这门课，可以有效开阔个人眼界，提高水平。但是摆烂摸鱼是不被认可的，要注意个人对团队的投入。
184643,4980,徐象国,2023-12-22 04:43:59,0,0,0,不好，原因：和数分课冲突了我选不了
189112,4980,徐象国,2024-01-22 04:24:23,1,1,0,好课，老师很好，讲师很专业，但是工作量大（尤其要说明对除图灵混合巴德年不是通核！）
189115,4980,徐象国,2024-01-22 03:16:47,1,1,0,来自百万立方世界。\n\n确实是相当有意思的一门课程，综合性非常之高，不过这可完全说不上是什么水课，要做的东西很多，也能真的学到很多东西（毕竟是要设计到自己的世界里的），还是有点花时间的。老师们上课都挺有意思，讲的也都是干货，如果想要学一点东西的非常推荐，想水个学分或者通核建议还是免了。
189135,4980,徐象国,2024-01-22 05:41:39,2,2,0,百万立方世界是一门极其、极其耗费时间的课程。这门课程主打一个”买一赠多“，课上不仅有能源相关知识，还会有人类学、规划学的老师来授课，今年还额外加入了AI跑图、3D建模方面的讲授。\n\n对于这门课程，我的心路历程是跌宕起伏的。从一开始的充满激情，到具体设计时的不知所措，再到狂找论文、为了创新而创新，好在最后阶段我们小组想出了一个比较好的idea，答辩前几天“修仙”做出了一些成果😰。这门课程同时也带给了我许多收获和启发，（锻炼了瞎编乱造的能力×）最重要的是给了一个契机去改变线性的工科思维，思考问题时应该打破专业壁垒，确实开阔了我看待事情的角度。\n\n另外，创造一个世界需要足够的兴趣和热情，所以请务必确定下你理想中世界的关键词（狂热的爱好也可以，比如我们组就有一个极端的”火车迷”）。一步一步看见它从虚幻变得真实而具体，是一件非常有成就感的事情！\n\n最后，欢迎加入milcubes！🥰
189159,4980,徐象国,2024-01-22 08:03:17,0,1,1,2023百万立方，答辩完来安利+劝退\n\n这门课内容非常丰富，除了徐老师的能源板块，还有城市规划、建筑、科技、人类学、AI技术等多个学科板块的加入，基本上每一节课上的东西都有明显的不同。老师们人都很好，没有架子，十分看重于学科交叉思维的培养，半年下来的每位老师我都很喜欢。这门课非常强调探索未知的能力，在这门课上去大胆接受不了解的学科的挑战、想你从来没有思考过的问题、提出你以前想都不敢想的方案才是正道，囿于常规反而会让上这门课变成很痛苦的一件事。百万立方也是我大学生活中接触到的团队合作氛围最好的一门课。在课上，有老师会专门介绍应该如何以团队的形式开展项目，如何去和团队brainstorm。因此参与这门课给我带来的收获是很大的。\n\n但是，我也必须指出这门课也有很多劝退点，不要看到还有余量脑子一热就选了。\n\n首先，也是最重要的，需要我专门开新一段来写的是：百万立方世界不是对所有专业都是通核！不是对所有专业都是通核！！不是对所有专业都是通核！！！如果你想把它选作通核的话一定要先找学院老师问清楚！\n\n然后，这门课的肝度是远超大家想象的。我们这一届已经算很摆的一届了，且不说周周开组会，熬夜刷夜也是家常便饭，临近期末天天熬，最终答辩前我自己小组同学连续三天2点睡6点半起，其他组甚至有人三天只睡了5个小时。因此如果你课表已经比较硬了建议慎选，否则期末一堆ddl压下来真的会想死。\n\n其次，这门课的分数很依赖答辩展示的效果。如果组里没有擅长展示的人的话这门课的成绩很有可能不尽人意。\n\n第三，虽然百万是门通识课，但是这不代表你的绩点就很高。徐老师明确说过他是会挂人的，好就是好，不好就是不好。因此如果你决定要选这门课，一定不要摆，老师还是看得出来你在这门课用不用心的。（当然也不要过分担心，如果徐老师觉得你们组可能会挂，他会在答辩前帮你们的；但是如果已经答辩完了，那就不要怪他不留情面了）
189221,4980,徐象国,2024-01-22 12:07:56,0,0,0,评“百万立方世界”：\n\n注意！对于除了图灵和混合以外的同学，这门课不算通核。\n\n注意！对于除了图灵和混合以外的同学，这门课不算通核。\n\n注意！对于除了图灵和混合以外的同学，这门课不算通核。\n\n\n\n如果你不是图灵或混合，请谨慎考虑，这门课需要消耗大量时间和精力，最重要的是有想法和热情。在刚开始上课时你可能会觉得好玩，对设计新世界感到兴奋，但你的热情能否延续到期末？设计百万立方一定要有创新，要提出问题并通过创新设计来解决。你可能没有想法，或者有想法但没能在小组中达成共识，这时你是否还有创造的热情。\n\n\n\n该课程需要完成一份世界说明书、期中、期末两次答辩以及平时作业。世界说明书可以参考课程网站 https://milcubes.zju.edu.cn/。期中答辩要展示小组在前半个学期的设计，一定要具体、把握住重点。如果期中答辩烂了问题不大，期末答辩要好好吸取期中的教训。期末答辩有同学和老师投票，不需要面面俱到的展示，要把世界的亮点、特点充分展现出来，从个人经验看（23秋冬），最重要的是有能抓人眼球的特点，还要有好的建模（尤其是其他组没展示出来的情况下），如果能吸引某个老师发表评论就最好了。\n\n\n\n如果你有热情，在设计的过程中你会去查找相关资料，在课上感受不同学科思考方式.看着世界一点点完善，心中涌起成就感。\n\n如果你没有热情，那么这门课就相当于一般的通识，写世界说明书就是上网猛抄，体积、能耗核算也有点乱来，在绝大多数情况下，网上找不到相关资料，只能贴一大段GPT写的话。花费大量时间，感觉在坐牢。\n\n但不管有没有热情，小组成员达成共识是最重要的。\n\n\n\n希望大家能充满热情，充分发挥自己的创造性，开拓视野。
189292,4980,徐象国,2024-01-23 02:57:16,0,1,1,百万立方是一门很有趣很有趣很有趣的课（重要的事情说三遍）。老师诙谐幽默，和同学们的关系很好；课堂上还会请到很多不同领域的人物授课，可以体会到买一赠多的乐趣。建造自己世界的过程中，充满团队合作的快乐，虽然很肝，但能够了解到当今世界的运转情况以及很多新技术，让人受益匪浅。
189293,4980,徐象国,2024-01-23 03:02:09,0,0,0,百万立方是好课！小组合作的氛围非常重要
189327,4980,徐象国,2024-01-23 08:53:56,3,3,0,百万立方能学到什么？很多第一次看到这门课程的人可能会思考这个问题。他不像物理，数学，化学等学科，有一门明确传授给你的知识。但是，我仔细想了想，物理数学我们又能学到什么呢？科学的奥秘终于能够解释世界的一切，可大多数人却只是冲着那寥寥无几的绩点而去，考完后潇洒遗忘。百万立方看上去什么都不教，却什么都能学到。古今所谓博学莫过于此，唯有一个项目，唯有一个目标，能将所有学科所有能力进行融合。百万立方注定是艰难的，注定是坎坷的，想要混分的同学已经可以出门左转了，因为最后是根据在组内的贡献给分，而群众的眼镜永远是雪亮的。\n\n在这门课中，最多的就是意见的碰撞。如何把我自己的主见和别人的质疑转化为一种更为合理的解决方式，一直都是推进项目的源动力。大家都有自己的想法，又或者是有自己的意见。百万立方毕竟是一个为人而建的项目，从人开始，到人结束。在这门课你不仅要思考世界内的人群关系，更要处理小组内的人群关系，考验的能力更为复杂。\n\n也许在许多年后，有人问我，百万立方能学到什么？我会反问他一句，你知道一个世界需要什么吗？你知道你日常生活会涉及到哪些产业吗？有时候知识的学习，并不只是公式的堆砌
195872,4980,徐象国,2024-07-06 15:44:38,1,2,1,百万立方是我觉得我在浙大四年本科时间能遇到的最好的非专业课，没有之一。唯一的遗憾是这个学期其他课程太繁重了，导致夏学期在百万立方上花的时间精力比春学期小了许多（。\n\n\n\n这门课融合了许多较为“硬核”的各学科知识，还教我们一些有关 AI 构图，建筑模型设计的很富有实践特质的技术。对绝大部分同学而言，每一堂课应该都能找到新鲜且有趣的内容，而且在这里也有很多机会发散自己的思考，发挥自己的创造力。\n\n\n\n作为一门极其需要小组合作来完成任务的课程，其最终目标“搭建一个百万立方世界”的完成度和创新度非常依赖小组合作，所以强力推荐拉上几个好朋友一起来上这门课，如果小组内大家都互相熟络且信任，工作当然会事半功倍（有不熟悉的同学的话，可以考虑课后或者周末约饭来增进增进“感情”）。同时，这门课几乎每周都有的小组作业对于个人而言，也可以锻炼自己的团队协作能力。\n\n\n\n需要注意的是，这门课的工作量对于每个人而言其实不小，如果只是想水一水通识课的同学建议避让（但是我觉得好不容易在大学找到这么有意思的课程，怎能不体验一次呢！）。如果你学期内并不是很忙而且想体验一次好的课程，那百万立方绝对是你的不二之选。\n\n\n\n最后，在这里期待百万立方世界这门课程能够在你浙经久不衰啊，真正的好课，伟大无需多言！
196015,4980,徐象国,2024-07-01 07:03:46,2,2,0,百万立方未来世界作为一门通识核心课程，其包括了横跨整个学期16周的小组合作。在这门课程中，小组需要以一百万立方米来为空间占用上限来设计一个世界，其能在一个和地球完全相同的星球上实现能源的自给自足并维持一定人数的生存。在设计过程中，将包括能源、人群、环境、科技四个模块的交叉融合，每个模块会有相关专业的老师来为大家讲解指导，并且其中还会穿插如AI绘图工具、酷家乐家装设计工具等讲解（可能有变动），所涉及的方面较为丰富，可以学到多个领域的知识。\n\n整体上来说，该门课程工作量不算小，且需要一定的小组配合能力，建议对以上所提到板块或者该课程的设计目标感兴趣的同学选课。要注意这门课程不是一门“水课”，是需要实打实做事的，想要水过通核课的同学还请再三考虑。另外，也要注意一下所选学期的其他课程的任务量，合理安排。\n\n在该课程任务的推进中会获得较大的成就感，其来源于个人灵感落实到实际设计成果后产生的正反馈，这能为可能枯燥的学习生活带来一丝调剂，课程之中的付出最终会有十分满意的回馈。如果你有设计构建一个小世界的想法，非常欢迎来选本课程。
196039,4980,徐象国,2024-07-01 08:45:52,2,3,1,不得不说百万立方确实是一门好课，可能是在大学中少数能够真正学到东西的通识课。徐老师的讲授，启发了我对这个世界各种问题的思考，而这些问题是我从来没考虑到的，因此，在这门课的学习过程中，常会有豁然开朗的感觉。学习完这门课之后，我感觉我对整个世界有了另一种看法。此外，另外几位老师在他们领域的专业讲授也使我受益匪浅。\n\n    百万立方是一门好课，但不得不说工作量确实很大，要在一个学期的时间内构建一个一百万立方米的世界，并保证世界的合理性，同时还要有创新性，确实是一件不容易的事情。所以要选这门课，一定要根据自己学期的安排，如果其他课程太多，可能会压缩百万立方的时间，最后的体验会下降一个层次。我选课的这个学期，专业课过于多了，平常都在忙于赶别的课的ddl，花在百万立方上的时间被大量压缩，最后呈现的世界较为不完美，很多地方都欠些考虑。同时，课程的有些内容我没能深入地了解，比如人类学等，也是比较遗憾的。\n\n    所以，如果你的时间比较空闲的话，我强烈推荐这门通识课，一个一个方块地搭出自己想象中的完美世界，这绝对是一件很酷的事情。
196247,4980,徐象国,2024-07-02 13:52:28,1,1,0,百万立方确实满足了我对开学之初通识课的幻想——一门真的尽力在让你学到东西，利用所学的课，相信很多专业课都没有办法给你这样的体验，同时这门课最大的特点还是多学科的交叉，让你从多个视角去审视自己所创造的世界，每个专业的老师也会提出你所设计的世界存在的问题，因为我们小组的设计是一个非常“新鲜”的建筑模式，有点脱离实际的感觉，完全就是一个幻想中的世界，所以在各个方面存在的问题也是超级无敌多，最后虽然也是在尽力解决了，但还是有这样那样的问题，“为什么不放弃这个方案换一个更加普通的设计布局呢？”，即使是到课程的很后期我们还是面临着这个问题，为什么不换一个更加稳妥的普通设计呢？是因为不想让自己曾经的幻想破灭吧，“请记住你们曾经创造一个世界，请记住你们在创造时的激情和期盼，请记住人类值得拯救”，我们还是希望这一个曾经让我们满怀激情和期盼的世界能够走到最后，尽管最后经过各种各样问题的摧残，热情也变得慢慢减弱，但还是在写完世界说明书后来这里感慨一下自己创造了一个世界，内心还是很自豪的。\n\n另外百万立方非常看重小组合作，如果能分到一个比较积极且融洽的小组那你将体验到在别的课程很难再体验到的小组合作，如果分到了比较奇怪且摆烂的小组，那确实也是非常痛苦，感觉课程的主要体验就来源于小组的好坏。
196263,4980,徐象国,2024-07-02 17:17:12,1,1,0,很幸运能在这个春夏学期上到百万立方课程。虽然这个课一般对竺院的学生开设，但也非常推荐希望扩展自己知识面的非竺院学生参与这门课程。在百万立方世界的学习中，你可以大胆发挥自己的想象力去构想一个世界，并在实践的过程中学习各种各样的技能，包括但不限于写作、资料搜索、建模、PPT制作、演讲/答辩、团队协作。对于一个好学的大学生来说，百万立方课程是你的不二之选。
196608,4980,徐象国,2024-07-04 08:29:25,0,0,0,很幸运能够上徐象国老师的百万立方世界。可能开始时大家都不知道这是一门什么样的课，也只是知道这是一门通识核心课，但是课程的好坏终究需要自己去体验。总的来说，这是一门融合了各方面学科知识的课程。课程之中不仅融合了环境学、人类学知识，也涉及了建筑设计、模型构建、AI使用等多方面技能。认真学习后一定会对这些领域有更加深入的了解。\n\n除此之外，百万立方世界项目能否构建的一大重要因素就是对团队合作的重视。如果是想“水”的同学可要再三考虑是否要上这门课，因为课程之中有比较多的小组作业需要完成（虽然你也可以组内能力强的同学承担主要任务，但是是否能够锻炼自己可要考虑清楚）。\n\n总而言之，如果你想在较短的时间内接触较多领域的知识，同时又有兴趣与精力的话，百万立方世界不失为一项适合你的选择。
196609,4980,徐象国,2024-07-04 08:36:21,0,0,0,《百万立方世界》这门课实现了我对通识教育的美好愿景，不仅致力于传授知识，更强调实践应用，跨学科融合让视野更加开阔。尤其对于那些“天马行空”的设计。小组合作是课程亮点，良好的团队氛围能极大提升学习体验，反之则可能成为负担。虽面临诸多挑战，但在不断修正中成长，最终虽有缺憾，但那份创造世界的成就感难以言喻。
196611,4980,徐象国,2024-07-04 08:42:35,2,2,0,星海命途组员前来报到。建议感兴趣的同学选一下这门课，体验也是人生中重要的一部分嘛。感受一下站在宏观和微观的不同角度审视一个世界
196647,4980,徐象国,2024-07-04 13:18:10,0,0,0,百万立方世界是一门希望你不再循规蹈矩的课。这要求来上课的同学们都是带着想法和理想来的，对一个更好的世界有自己的设想，不能只是被动地完成要求。这门课希望同学们能通过设计一个世界，来对现实世界的基本运行逻辑有基本概念，它的目标不在设计得多么精细完备，而希望同学们能提出独特的设计与巧思，不要纠结于技术细节。2024级开始的百万立方未来世界就是公共通识核心课了，（对于我们这一年的非竺院的同学则只算跨专业课，疑似连通识都不算？？）这必然会导致参与同学的专业背景的极大丰富，这是非常非常好的一件事情，参与同学的上心程度、知识背景的丰富程度对课程体验的影响，可能比老师更大。我就常想如果有更多建筑学、艺术学、其余人文社科的同学能加入我们，一定更有趣。查老师上遍地长评论的地方应该仅此一处，不过后来才发现是老师希望同学们给出评价（笑）
196721,4980,徐象国,2024-07-05 02:03:36,2,2,0,如同前人所述，百万立方确实是一门好课，但是消耗的时间和精力也确实不容小觑。\n\n如果你是一个非常具有创造力和天马行空想法的人，那这门课一定很适合你，老师会教给你各种工具来把想法落地。\n\n很希望能有更多（有空的）人文社科同学来选这门课，这次春夏学期班里的同学都是理工农医专业的，可能会缺少一些思维的碰撞和漂亮的可视化，略有遗憾。\n\n总之徐老师是一位非常好的老师，至少是我见过最能和同学打成一片的老师之一。\n\n哦对了，如果没有空的同学我很推荐旁听，既能在有想法的领域大放异彩（比如成为外援给某些小组提供灵感之类的），又不用花时间肝锅，还能在期末答辩的时候欣赏到所有小组各具特色的设计，很爽）
196749,4980,徐象国,2024-07-05 03:16:35,0,0,0,百万立方是一门很有意思的通识课，自由发挥的空间很大。不可否认，工作量不小，如果别的课程比较多的话选课的时候慎重考虑。
196803,4980,徐象国,2024-07-05 08:23:47,0,1,1,竺托邦组员报道。非常有意思的课程，能让你在学期中不断感受到对这门课的预期被打破的惊喜。关于“何为百万立方世界”这个问题，在设计与建设的实践中，你将得出不同的答案、见到各异的看法，这也正是这门课的有趣之处。建设百万立方世界，是要实现一个可持续的微型系统？是要打造科技和智能的乌托邦？是要在小型城邦的规模内实践良好、正义的生活？……这种种看法或许来自不同组别，至于一个组别内负责不同模块的成员。而诸种看法在一个设计框架内相互碰撞，激荡出有趣的化学反应，最终将产出异彩纷呈的百万立方世界。这个过程很累人，但也充满惊喜的“尤里卡时刻”，如果全心投入其中，相信一个学期的课程将带来只此一家的美妙体验。
199799,4980,徐象国,2024-09-30 04:03:05,-3,2,5,香锅永远的神！\n\n组不了就别组组长永远的神！
207777,4980,徐象国,2024-12-24 08:15:10,0,0,0,发现百万立方主页有一个“给个好评”，点进去是查老师的界面（但貌似网址改啦！xxg老师记得改一下）\n\n满昏！给个好评！
211428,4980,徐象国,2025-01-11 11:34:07,1,1,0,上了一个学期的百万立方未来世界课程，我感觉这条路走下来是比较艰辛的，考验的是团队合作能力，不过也在这门课程上学到了很多能力点，比如对AI工具运用的能力、信息查找的能力，以及了解到了许许多多新的想法，比如一些前沿的科技、非常具有创意的设计。总体来说我认为这门课程对学科交叉的要求是相当高的。\n\n\n\n接下来谈一下我对这门课程本身的看法。这门课程其实是相当花费时间的课程，甚至有可能比复习数分、线代等硬课的课程时间都要多（尤其是准备期末答辩的时候），而且还十分考验创造性思维，不然过程会极其痛苦。还有一点就是团队合作其实相当重要，如果想要拿到高分，要么找一个肯花时间精力的队友（当然可行性不大，因为一般选这门课程的都是大一新生，互相都还不太了解）来拉高整个小组的均分，要么就是自己肯投入大量的时间精力（这个时候你可能需要放弃很多东西）来在最后得分二次分配的时候拿到更高的分数。如果你只是单纯想修通识核心课程或者只是单纯想修创新创业类的学分，同时想卷绩点且想让大学生活轻松一些（虽然我个人认为这种目的不太好），我的建议是选择其他课程，不然会学的极其痛苦。如果你选了这门课但在小组合作中几乎属于摆烂角色的话，你的分数可能就会相当难看了（如果我有这种队友，除非小组分超过90分，不然的话我会送它60分）！
211438,4980,徐象国,2025-01-11 11:57:08,3,3,0,课是好课，但是很吃小组合作，组内有摆子真的上不了，上半期发现组员不行就退了吧
211449,4980,徐象国,2025-01-11 12:48:09,2,2,0,百万立方，硬课，愿意付出肯定有回报。但如果没有余力或者比较摆烂建议别来，对大家都没好处
211485,4980,徐象国,2025-01-11 15:20:01,1,1,0,超级好的课，很理想主义，其实真正参与这门课后，就慢慢的就不那么在意成绩了，作为学生真的会沉浸式享受这个过程。不过就像大家所说的那样，这门课会占你非常多的时间，这次答辩有很多组纯纯肝帝，那些MC建模什么的，真的很难想象他们肝了多久。小组合作上，我知道自己不够好，不够优秀，有很多方面自己提不上意见，虽然在努力跟进，但是仍然觉得力不从心。但是我还是觉得很幸运，能够遇上这些人来完成一个虚拟的世界。
211500,4980,徐象国,2025-01-11 18:01:34,3,3,0,葫芦娘前来报到。\n\n我们常调侃百万立方是真·混合研讨班，因为这门课程真正做到让大多数学生有自己的空间去亲自发挥，不管他们是深度社恐还是变态社牛。各种不同类型的人都能发挥他们的长处：有的人擅长“我有一计”，粗犷但有意思，有的人擅长严密逻辑，老成且精致；有的人网络上重拳出击台上唯唯诺诺毫无锐气，有人台上台下表达想法清晰度始终如一；有人擅长整体规划分锅，有人默默补天点深夜青灯。\n\n这是一门自由的课程，假若你不考虑绩点问题，你可以无限制的讲出自己的想法，发挥自己在见识面（哲政经史、能源学、建筑设计、城市规划、生物信息、科幻小说、游戏设计）、各类技能（剪辑建模、AIprompt、小说说明书剧本、平面设计、前端、markdown&latex、制作PPT、信息检索）方面的底蕴；假若考虑绩点问题，那也不过是一个我们在人群模块时常谈到的全局函数最大化问题：最终的评分由合理性和投票分共同决定的，权衡牺牲的合理性和换取的亮点的价值是我们自己的选择。\n\n这是一门团队的课程，它的广度太大了，深度不浅，并非一人够C就能完美达成的设计但学习总计时间超过数分、线代学习时间之和并非空话。为确定你的数据的可行性，你可能需要用CNKI、Google大量浏览信息。即便采用ChatGPT辅助作业完成，从AI生成的大量低信息熵的文字中提取有效文字检验正确性并重新组织也相当费力。它逼迫你或者团队协作，或者一人承担文字编辑+思路构建+信息查找整理+图片设计+页面优化这种灾难性的工作量（如果此前并未接触过相关内容，过程是有益的，但灾难的）。请选课的同学们在组队时慎重考虑自己能做什么，和谁能互补或者互促。\n\n最后的最后，还是希望选上课程的同学们如同为自己的世界选定一个理念一样，为自己选定一两个理念，比如体验组织团队协作和别人畅谈，比如纯粹的学习技能。无需求多，有所偏颇才能让理念得到突出、更能让自己有所成长。
211556,4980,徐象国,2025-01-12 02:11:40,0,0,0,百万立方是一门非常非常好的通识课，这门课综合性极强，涉及到多个学科，而且最最最最重要的一点是超级肝，可以说是我大一上最花时间的一门课，但是在初入大学的阶段，这门课可以让你更早的体会到小组合作是什么感觉，不像其他水课所谓的小组，大家都抱着混一混的心态，这门课实在是没有水的机会，如果选上这门课还抱着躺平的心态，建议抓紧退掉，不然折磨自己也折磨队友
211599,4980,徐象国,2025-01-12 03:47:47,0,0,0,理想主义者的世界，可以学到真东西，不在意学分绩点的话，是一门极好的课
211604,4980,徐象国,2025-01-12 03:55:26,0,0,0,2024百万立方答辩完成，个人感觉这的确是一门非常有趣的课程，既有着对想象力的考验，也有着对现实的考察。但也因此需要你投入极多的时间和精力。\n\n总而言之，能选上这门课是很幸福的事，但也要应对极大的挑战。
211634,4980,徐象国,2025-01-12 05:44:39,1,1,0,省流版总结：\n\n1.不点名，但是最好提前告知老师\n\n2.硬课，不水，但是学的知识很硬核（参照其他人的帖子），能帮助减小信息差，适合大一小登选\n\n3.社交属性强，组内有美食调研，组间有外交，q群还有老登分享经验\n\n4.全程小组合作，一定要找大腿，自己也要积极，不然就gg\n\n5.徐象国老师神中神，能源+计算机+哲学3个buff叠满，毫无架子，能和学生打成一片，必须满昏！！！
211806,4980,徐象国,2025-01-12 13:52:36,0,0,0,说在前面：选，一定要选，不选后悔五十年。\n\n肝，十分费肝，每周都在高强度输出内容。\n\n而且还会碰到各种各样的人为问题，比如说洋洋洒洒一篇写了上千字一连写了好几篇的条约协定都不通过，就狠狠打水漂（个人问题，我太菜了）\n\n但是，能接触到的知识面也是真的宽阔，没有这门课的话，我恐怕不会在大一刚开始就每周花几个小时查阅文献，也不会学到与我的知识面离得如此之远的内容。而且，一旦开始，就会迅速上手，沉浸在说不清的知识和创意之中，绝对不会令你后悔。
211808,4980,徐象国,2025-01-12 13:58:50,0,0,0,老师是神中神！！！\n\n百万立方是一门非常值得一选的通识课（在能付出相当大的精力和热情的前提下），一门既能感受不同学科的魅力又能学到硬核技术的课！！！需要付出很多，但是收获更多
211810,4980,徐象国,2025-01-12 14:03:36,0,0,0,2024秋冬百万立方未来世界混合重组组员评价。百万立方未来世界，是一门真正多学科交叉的课程，是一门重视创造性思维的课程，是一门没有标准考试和固定答案的课程。这门由浙江大学徐象国教授领衔的课程真正体现了教改理念，是zju课程的骄傲！引用不知名学长的话：“百万立方未来世界，选了后悔一学期，不选后悔一辈子。”如果你喜欢学到新知识，如果你喜欢认识新朋友，如果你喜欢创造一个理想的世界，请来吧，欢迎来到百万立方未来世界！百万立方官网地址： https://milcubes.zju.edu.cn。当然，你要做好不能摸鱼的准备，做好深度参与小组工作的准备，做好跳出舒适圈、拥抱新事物的准备，做好从零开始构建自己的世界的准备，如果你确定自己做不到，请不要选/抓紧退课。
211822,4980,徐象国,2025-01-12 15:14:20,1,1,0,累，但值得
211831,4980,徐象国,2025-01-12 15:52:33,1,1,0,百万立方。\n\n上完百万立方再上其他课就会明白：不要在年轻时遇见太惊艳的通识课，否则之后所有通识课都索然无味。\n\n客观而言，百万立方确实会让你很忙，课多的人不建议选。它的忙不是体现在上课的难度上。你甚至可以不去上课。它的忙在于作业，每周你基本都要和你同组的成员进行思想上的斗争，最后得出一个成果交上去，而这个小组讨论的模式可能会让你感到有些心累，因为自己天马行空的创意往往最后被端水。\n\n但是，它仍然是一门好课。\n\n百万立方的小组讨论氛围是我上大学以来最好的，小组贯穿始终，并且主会调和小组内的矛盾（但我反正没遇到过矛盾，除了一些想法上的不同）。\n\n百万立方与其说是一门课，其实更像一个游戏，只不过这个游戏有点肝。\n\n我不会忘记，与组员们一起熬夜奋战到凌晨两点。只要有人聊天，大家就不会困。\n\n我不会忘记，我们手搓出一个完整的工业体系，然后两个人一核算，发现数据差了一个数量级。（\n\n在我心里，百万立方就是最好的课，但当我要去叙述它的优点时，却有些词穷。这让我想起了我兄弟问我：你为什么会喜欢上她时，我的回答是不知道。\n\n也许，我喜欢上了百万立方。
212046,4980,徐象国,2025-01-13 05:56:49,0,1,1,百万立方，真正的好课，真正的好老师，但一定要找一个不摆烂的组，自己也要积极，否则真的学不到什么也拿不到好成绩。是一门不适合想摆的人的课
212082,4980,徐象国,2025-01-13 07:08:09,0,1,1,实话实说，确实是好课，能学到的知识非常全面。但是，必须要有好队友，大家共同努力，否则将会花出比数分线代还多的时间换取崩溃。
212236,4980,徐象国,2025-01-13 13:44:47,0,0,0,伟大，无需多言。\n\n无脑选，课程质量神中神，肝，对于不擅长小组协同工作的同学慎选。\n\n个人经验：我花了过多的时间在校验可行性上，乃至于最后塑造的成果显得略微有些死板，希望大家不要过多的被常规思维与当前时代的视角羁绊，更多的放飞自己的创想。
212244,4980,徐象国,2025-01-13 14:02:12,0,0,0,墙裂推荐！！一定要选！\n\n最初选这门课是因为学姐推荐，听说这门课很有趣很难抢。大一小登什么都不了解，懵懵懂懂就选上了。第一节课甚至认真做了笔记，也因为主一上来就劝大家赶紧退课迷惑过，害怕过。\n\n就是为了组百万立方小组，我与五个本来毫无联系的同学，成为了彼此很熟悉的朋友。尤其要感谢百万立方让我与一个特别特别好的同学相识，后来不仅在百万立方这门课上，就算平时学习、生活中他也帮了我不少忙。\n\n这门课很肝，工作量可以说是无限的，因为几个人要凭借自己单薄的知识储备去建立一个完整的世界，是无论怎么打磨也不可能完美的。所以这门课的任务永远没有完工的那一刻，是永无止境，却让我们实实在在乐在其中的。\n\n这门课确实能让人学到很多东西，比如如何与ai斗智斗勇、如何通过想象力去努力地把异想天开的想法实现在自己的世界里、如何把自己的想法准确表达给组员……\n\n真的非常享受这门课的氛围，老师们带着同学一起“疯”，组员们会因为你的天马行空感叹，甚至连平时日常生活中的烦恼都可以通过在自己的世界大胆做梦解决。\n\n我们的世界中，可以承载每个人最美好的愿景，尽管不切实际，也许无法实现，但曾经有几个人陪着自己一起为理想拼搏过，这本身就是一件很浪漫的事情。\n\n徐象国老师真的是很有情怀的好老师，在他身上我不止一次看到创新的力量，不止一次感慨百万立方这个美妙的构想，也不止一次被人类思想的光芒深深感动。\n\n这门课可以说是忙碌生活中的调味剂，肝，但是让人乐在其中。
212246,4980,徐象国,2025-01-13 14:06:38,0,0,0,有点肝，在用mc搭建世界中也学会了运用模型，也增长了模组和服务器使用知识。绝对是整个大学里面所有课程最有小组参与感的课。最后在答辩上居然是老师认可最多的小组，非常意外。老师棒棒哒！
212247,4980,徐象国,2025-01-13 14:08:14,0,0,0,作为一门第一节就劝退的课，百万立方这门课无疑是真诚的。\n\n这门课完全不同于为了凑学分的选的有些通识课，这节真诚的课需要每个同学真诚的付出。\n\n为了办好这门课，徐象国老师作出的努力是有目共睹的。他会邀请不同领域的老师们来参与这门课，每年也都会有不同的新玩法加入。\n\n这门课能够体现真正的teamwork，从此你也将会结识一群志同道合的伙伴，有一种社交关系叫“百万立方”。\n\n当然，这门课需要有一定的热情，也需要付出许多时间，但这都将是值得的。
212249,4980,徐象国,2025-01-13 14:16:58,0,0,0,很好的通识课，能学到很多东西，也比较有深度。和小组成员一起创造世界，真的很肝，但是也很有成就感。很好的老师！能和同学们打成一片，也很幽默。如果想拓展视野这门课绝对不会让你失望；但是如果想摸鱼摆烂，请不要选这门课：对你自己不好，对你的小组成员也不好。
212251,4980,徐象国,2025-01-13 14:24:52,1,1,0,这门课不太寻常，四个板块能源、科技、环境、人群分别有多位老师上课。对我个人而言，很难说真的学到了什么体系化的知识理论，有些老师的讲述或许过于抽象，更多是一些可能的想法，潜在的思维模式，以及你在课后查询搜索的资料文献与学习的技能。\n\n    如果你希望有些意义，那么想象一个世界并可视化地描述可能算是；如果你希望获得团队合作的进步，这门课的不小的作业量与DDL提供了充足的机会；如果你是想来学习具体的知识，感受定理线性增长的感受，这可能不是百万立方。\n\n    但如果你不希望在小组作业上花过多时间，缺少认同与激情，这门交叉且要求创新的课可能不适合你。以项目为主导，辅以入门的知识，以及在课上会启迪人的观点，对自己世界不断的质疑，希望完善却无从下手，知识的欠缺与想象的苍白，这是我的百万立方感受。建议在权衡课堂效率，作业量，自主学习，小组协调合作的比重后，再决定要不要选这门课。
212257,4980,徐象国,2025-01-13 14:53:25,0,0,0,我对课的评价是：\n\n课是好课，老师是好老师。不同老师的教课风格和教授内容各有千秋，不变的是他们对我们创造力的期许，对我们想象力的发掘，和对未来世界的向往和热爱。尽管可能一些老师讲得有些形而上学，或者过于专业，对工科生来讲有点难把握，但是不妨碍我对所有老师的热爱和敬佩，对这门课的热爱，对创造世界的热爱，对大学学习和大学课程的认知的极大改观。尤其是敬爱的主，有着大学问家的知识和18岁的心态，毫不摆架子，真的赞！\n\n在小组合作中，记得找一个好组长，记得选一个上课不打游戏，对世界有清晰的把握，会主动组织讨论，会合理安排工作，会整理网站和写说明书语体，会听见不同组员的意见并做出合理答复的组长。如果不能保证这些特性全都有，那起码不能做到全都没有，不然真是麻烦大了。我不仅在这门课收获到了很多新的知识，刷新了很多我对这个世界的认知，拓宽了我的想象力，同时也了解了人类科技发展的最新成果；同时我还学到了应该清醒大脑，擦亮眼睛，找对工作有帮助的组员，找到有组织能力且不摆烂的组长。\n\n小组合作中还得找好组（da）员（tui）。记得要选一个对自己专业课不那么看重，不那么优绩主义，关心自己的世界和组员，有责任心、团队合作精神和清醒的自我认知和对他人的认知的组员。如果不能做到全部，起码不能一个没有，不然真是麻烦大了。就算真有这样的人，一个最多了，再多两个就彻底完了，剩下三个就是当驴使，答辩前每天熬到三四点也没用了。\n\n引用从前这里的一句话，水课混分请走别路，贪摆怕肝莫入此门。不然不仅折磨自己，同时更折磨队友。百万是一门体验》绩点的课程，上了这门课的同学和不上这门课的同学视野是不一样的，它对综合能力的培养远超大一上的所谓菌剂带来的增益。所以小邓们怀着对未来的向往，不怕苦不怕累，就尽情选这门课。它给你的体验是独一无二的
212262,4980,徐象国,2025-01-13 15:28:11,0,0,0,一门很有意思的课，课程内容极富想象力，涉及能源人群等等多个模块，让你有机会接触到各个学科领域的知识。而且这门课是一个让你的想象力与创造力有机会施展的平台，可以根据自己的想法创造一个世界。我们组特别好，大家干活都很积极哈哈，组内氛围也很好，所以挺享受跟大家一起干活的感觉！这门课上下来，我觉得过程远大于分数，意义远大于最后的结果
212264,4980,徐象国,2025-01-13 15:09:51,0,0,0,百万立方是一门多学科交叉的通识课，其内容无所不包，若能深度参与其中绝对会受益匪浅；但要注意的是课程的作业量和任务量十分庞大，会占用大把课余时间。如果抱着上水课的心态强烈建议不要选。
212431,4980,徐象国,2025-01-14 05:53:23,1,2,1,百万立方很好玩儿，当然也需要有时间的投入。香锅老师yyds！这门课让我真正觉得自己在上大学，大学之道，也许不仅仅在把自己的专业学好、保上研，更在于认识这个世界，体验这一次创造世界的经历。请记得，人类值得被拯救！
213653,4980,徐象国,2025-01-19 01:41:15,0,2,2,好课，学到的知识和提升的能力对得起付出\n\n但给分不是很符合付出\n\n追求高绩点可以不选它，因为高绩点有点困难
215416,4980,徐象国,2025-02-26 04:07:44,14,25,11,动力工程专业设计与实践，能上到这门课真是感谢徐老师了，百忙之余精心设计一门必修课专门折磨研究生。我请问这是老师们嫌手下研究生太少，专门开了一门必修课抓壮丁干老师们自己的活？气笑了说是，太逆天了。
216354,4980,徐象国,2025-03-14 08:15:32,5,5,0,111
216357,4980,徐象国,2025-03-14 08:35:50,3,10,7,老师人非常真诚，课程上也都尽心尽力安排，辛苦捏
216368,4980,徐象国,2025-03-14 12:12:10,7,7,0,我破防了1111
181505,5040,曾胜,2023-10-19 11:21:04,0,1,1,很难评
172807,5140,单岩,2023-05-07 14:08:46,-2,1,3,自己不上课，让一个不知道哪来的人上课。上课水平极低，放一个教程就能让大家明白的东西，硬是藏着教程，自己在那讲半天讲不明白，学生有问题只能请助教解决，水平肉眼可见的无语。最后的大作业也不认真看，做事很敷衍。
82441,5190,刘宝庆,2018-07-08 07:52:04,-4,4,8,嗯…嫩啊
125425,5352,张良,2020-09-08 12:52:15,0,8,8,态度认真负责，但是给分真的不好。
138573,5352,张良,2021-07-10 02:02:53,-16,4,20,上得不错，讲得清楚
164448,5352,张良,2022-12-21 04:31:01,16,23,7,讲课讲不明白，事情安排不明白，助教尽心尽力给我们答疑改作业写参考答案，还要帮你安排课程展示，稍有不顺心还在课程群里公然怼助教。课程展示时化身专业抬杠无脑喷子，煞笔玩意
165781,5352,张良,2023-01-09 16:32:33,9,12,3,答 辩
166532,5352,张良,2023-01-12 15:57:16,7,10,3,讲课不流畅像喝醉酒也就算了，给分也乱来是吧。
166569,5352,张良,2023-01-13 00:49:30,2,5,3,蟑螂
166577,5352,张良,2023-01-13 01:39:58,11,15,4,上课说话语无伦次，展示怼人话术高超\n\n考完恐吓低分学生，给分好似答辩依托
166698,5352,张良,2023-01-13 08:58:35,0,3,3,听我说谢谢你～
166887,5352,张良,2023-01-14 06:22:21,9,12,3,真的给分太差了。考完试还在群里说课程论文有一些同学不满足要求，感觉自己在及格边缘的同学可以重新提交，也不说清楚到底是哪里不满足要求，也不说到底谁在及格边缘。课程展示的时候提问比较咄咄逼人，有的问题不知所云。
185172,5352,张良,2023-12-27 02:28:25,6,9,3,sb老师，要求说不清楚，展示就一再怼天怼地怼学生，真的sb，超sb，超级超级sb，别选！真别选！
185395,5352,张良,2023-12-29 00:56:07,14,18,4,在抽象的领域，他登峰造极炉火纯青。在其他课的老师还在群里强调要交的是什么文件时，他不一样，他只说一次，然后同学一旦在群里想确认一下，好好好，“这不是暴露了你上课没来听”。神秘的神，生怕同学明确自己要做什么事，他无法给低分。喷子界的顶梁柱，同学展示他质疑，同学反驳他就急，汗流浃背他自己，说话语调变唱戏。
185398,5352,张良,2023-12-29 01:16:19,2,5,3,恶心sjb
185963,5352,张良,2024-01-06 15:55:36,0,2,2,史。。
185996,5352,张良,2024-01-07 08:46:21,5,9,4,大便一个！交个课程作业退回来三次说他妈格式不对，老子就这个格式不对喂你屎你也吃下去。我读的是学士不是你爹的博士
186048,5352,张良,2024-01-08 04:15:09,0,4,4,快跑！！！！上他的课我倒了八辈子霉
189785,5352,张良,2024-01-29 04:53:36,0,2,2,讨论课和读书报告规范性要求高，格式不对会退回，课堂展示主要讲问题，要求团队协作，水展示会被怼。课堂上课节奏比较快。私下问过老师，考试给分是流水改卷，讨论课2个班平均分会调到一样。
189786,5352,张良,2024-01-29 05:34:53,-2,3,5,其实还不错，尤其是最后的给分，比预期的好。
189792,5352,张良,2024-01-29 08:21:39,1,4,3,逻辑清楚，要求严格，给分厚道，划水被怼，助教认真负责。
191826,5352,张良,2024-05-01 03:15:08,1,1,0,上的流体机械课，给分不错
202841,5352,张良,2024-11-15 00:35:34,2,3,1,mean
212681,5352,张良,2025-01-14 12:33:13,0,0,0,颇难评
217309,5352,张良,2025-04-08 06:54:42,8,8,0,还没上课就被恶心住了，自己不知道要去开什么重要会议，占用学生晚上和周末来补课……
218030,5352,张良,2025-04-19 10:18:16,-1,0,1,流体机械给分不错 老师讲的也很详细 上课也比较轻松 当堂写作业和一篇课程论文就是全部内容了
219697,5352,张良,2025-06-04 09:16:30,2,2,0,课堂展示问的问题根本就是莫名其妙，以为自己水平很高
134665,5539,魏健健,2021-04-08 03:11:19,-4,2,6,lj老师，选就完了
135506,5539,魏健健,2021-05-12 07:57:03,1,3,2,魏老师人超级nice
172014,5539,魏健健,2023-04-17 11:03:50,0,0,0,个人感觉老师不太会讲课，经常让同学们“看一看这页ppt自己理解一下”，然后就过去了。听了老师的课还是不会做作业，但是看一遍课本就会做作业了，所以我觉得老师讲的没有课本好（bushi）不过老师人很好，感觉也在用心备课了，故给老师打8分
191258,5539,魏健健,2024-04-15 12:39:25,0,0,0,上课鼓励回答问题，有额外加分。讲课讲的不好，课前一定要预习，不然肯定跟不上节奏。老师很欢迎问问题，有问题必回复。
130201,5565,钱锦远,2021-01-19 03:35:12,1,2,1,老师可爱，助教好心
132473,5565,钱锦远,2021-02-02 00:45:03,1,3,2,老师超棒哒！\n\nyhy助教也超棒哒！
132698,5565,钱锦远,2021-02-03 10:57:18,0,0,0,赞赞赞！
138544,5565,钱锦远,2021-07-09 16:32:53,3,4,1,给分不错，讲课水平有待提高，黑色幽默其实不好笑
185154,5565,钱锦远,2023-12-27 00:50:10,0,1,1,不知道上课在干啥
160689,5627,周永刚,2022-10-01 10:04:20,1,1,0,666
126028,5706,王海鸥,2020-09-16 15:48:56,1,1,0,大爱王海鸥
126654,5706,王海鸥,2020-10-12 03:24:32,3,3,0,无语啊
126870,5706,王海鸥,2020-10-26 03:50:26,0,1,1,人才，不想多说话，冲了！
126871,5706,王海鸥,2020-10-26 03:56:32,0,1,1,比李蔚好一点，但讲课非常磕巴，可能是第一次上本科课程的缘故
126872,5706,王海鸥,2020-10-26 04:11:22,8,10,2,有利于同学补充睡眠，以及完成作业，挺好的
126997,5706,王海鸥,2020-11-02 05:14:44,3,4,1,人不错，可惜不会上课
149878,5706,王海鸥,2022-01-17 12:42:57,1,4,3,给分不错，讲的也很清楚
161468,5706,王海鸥,2022-11-07 08:57:42,2,3,1,工流一\n\nho哥人很和蔼，就是上课有点催眠\n\n考核方式很简单，30作业70考试，对我这种每天刷刷书上习题的自学人很友好（考试题还是要比有些书上题简单的\n\n另外会不定期随机抽幸运同学上黑板写公式
161482,5706,王海鸥,2022-11-07 12:40:29,1,1,0,建议自学
161532,5706,王海鸥,2022-11-08 08:39:15,-3,1,4,书杯玩意
161609,5706,王海鸥,2022-11-09 11:15:54,1,1,0,认真复习 给分不错
169836,5706,王海鸥,2023-02-28 05:49:21,2,3,1,上课确实挺无聊的，但该讲的不该讲的都讲了：-）上课能认真听的话收获应该不少，而且老师还会认真讲解书上的习题，平时分就是作业，给分挺好。我打10分
182114,5706,王海鸥,2023-11-10 07:20:09,4,5,1,人面兽心
182125,5706,王海鸥,2023-11-10 10:56:16,5,6,1,98 慕名而来
205539,5706,王海鸥,2024-12-09 03:31:49,3,3,0,没铃声不是你不下课的理由T_T
217724,5706,王海鸥,2025-04-15 13:36:28,2,2,0,就讲课来说虽然有些不流畅但至少规规矩矩讲知识点，平常正常听课，复习的时候教材认真看很容易获得高分
161099,5823,吴迎春,2022-10-27 01:06:14,5,6,1,简单点说，不如自己看书
163971,5823,吴迎春,2022-12-17 04:04:56,6,7,1,不点名但会一直点人回答，自己讲的不好，问学生水时长。浪费青春
181869,5823,吴迎春,2023-11-03 01:11:23,7,7,0,不会上课就不要上课
181881,5823,吴迎春,2023-11-03 05:12:11,5,5,0,太逆天了，一直叫人回答问题
190718,5823,吴迎春,2024-03-15 14:21:07,9,9,0,特别特别好的班主任
213834,5823,吴迎春,2025-01-20 08:17:12,0,0,0,老师人挺好而且给分也好，就是上课会一直点人起来回答问题（不算点名），体验感一般。
216796,5823,吴迎春,2025-04-14 12:17:29,3,3,0,自费给学生买书，点赞
218341,5823,吴迎春,2025-04-23 00:08:43,2,2,0,老师挺好的
199216,5938,植晓琴,2024-09-19 09:51:00,2,2,0,老师很温柔
122373,5962,郑旭,2020-02-26 01:01:03,0,9,9,不错的老师
214004,6029,岑建孟,2025-01-23 00:53:41,0,0,0,热工实验
201493,6031,林晓青,2024-11-04 01:38:25,10,11,1,史...
203735,6031,林晓青,2024-11-21 01:21:36,5,7,2,工程伦理，上课有一手的，点名、抢答、抽人，花样繁多，就不明白研究生课搞这种做什么？
207529,6031,林晓青,2024-12-23 00:55:38,2,4,2,💩，爱点名，又有签到又有签退，还有随堂讨论还有抢答题，搞什么学习通真是畜牲东西，能不能搞清楚学生到底想要什么。傻逼
207607,6031,林晓青,2024-12-23 08:37:00,2,3,1,为什么没有0分，真的很垃圾的一个老师，不知道怎么评上的省优青还是杰青，上一个大家都知道的水课，自己都不认真对待，最后乱给分。室友找代课，代写，缺勤，结课作业水水，拿了90多分？满勤和没有用gpt完成作业只有80多分。
213384,6031,林晓青,2025-01-17 07:07:46,5,5,0,能源工程伦理。学习通很重要，上课抢答
214496,6031,林晓青,2025-02-09 05:53:32,1,1,0,给分不好
214509,6031,林晓青,2025-02-10 08:09:26,1,1,0,垃圾中的垃圾
182420,6039,林小杰,2023-11-16 02:33:55,4,10,6,上课乱的要死，基本没法听
193052,6039,林小杰,2024-06-03 05:04:30,7,11,4,老师人很不错，挺尽职尽责。但是课讲的真的是一言难尽
203483,6039,林小杰,2024-11-19 23:54:48,1,1,0,认真负责
203498,6039,林小杰,2024-11-20 01:12:08,4,5,1,蛮负责的，有求必应，课程安排原因上课有点囫囵吞枣，不过肯定还是好老师
203601,6039,林小杰,2024-11-20 06:40:17,1,1,0,出分了，感觉给分比预计好。不过考试内容还是要多看看课本基础概念。考试挺多基础题概念不会写
203645,6039,林小杰,2024-11-20 09:38:24,1,1,0,老师上课很认真，准备也很充分，也很关注学生反馈的问题，给分也不错
205761,6039,林小杰,2024-12-12 03:06:51,2,2,0,老师很好
218931,6039,林小杰,2025-05-13 14:27:18,0,0,0,太棒了 喜欢
219822,6039,林小杰,2025-06-07 15:12:13,2,3,1,戏很多的刻薄老师，讲课稀烂以折磨学生为乐
159845,6653,徐阳波,2022-09-06 04:31:10,25,27,2,我觉得他只会画大饼
159848,6653,徐阳波,2022-09-06 04:53:56,22,24,2,总结：笑面虎+中年领导之魂（给了6分）\n\n缺点：很会画大饼，而且很严格，很会骗，骗我们说我们连是很幸福的，实际上就是我们连严的要死。\n\n自己又不经常来军训，说查寝室比军训累多了，拜托！我们比你小，但我们不傻\n\n管军训的事情比教官还多，只会三句话：安静，对齐，跟上，管得比教官还严。\n\n拉练的时候，别的连都在连里和教官聊的很开心，就他一直生怕我们声带振动起来，生怕我们是个活人\n\n还有一次下大雨，自己等不急了让我们快快快，吼的贼大声（是大下雨天，地面积水，很滑）\n\n还有就是画大饼，加上那种领导的灵魂，就是那种谈10多分钟，嗯嗯啊啊贼久，自己每次都说：我说几句。实际上讲的贼久！而且没有任何任何任何任何的重要信息！！！\n\n还有就是合唱的时候更离谱，就最后一天他来了，让我们合唱打起精神，一边又训我们说安静安静，怎么这么会说话什么什么的，就是那种明明很应该让我们兴奋起来的时候，一直说安静安静，又骂我们又要让我们打起精神！我们精神分裂吗！旁边负责文艺的指导员也努力在他的严厉下一直鼓励我们，要不是那个辅导员，我们大概率都是一张死脸\n\n优点：\n\n是个正常人\n\n说的普通话\n\n有上面领导的消息会通知\n\n虽然是笑面虎，但至少会笑\n\n关心团队\n\n有时候会不来管我们\n\n处理大事件还可以
160006,6653,徐阳波,2022-09-11 12:42:50,13,13,0,女生都没急，男生急什么急
160223,6653,徐阳波,2022-09-15 09:30:37,8,8,0,感谢xyb老师在我开学第一课——军训中教会了我，为爱发电的是shabi，努力的是shabi，不如下辈子投胎到别的连队^-^
160224,6653,徐阳波,2022-09-15 09:39:04,19,19,0,徐徐威风潮\n\n太阳正当时\n\n湖上波荡泥\n\n只当尽傻马\n\n冷气向我逼
160230,6653,徐阳波,2022-09-15 11:15:03,8,8,0,笑死我了，别的老师带的班，军训绩点全在4分以上，满绩的一堆。波哥呢，先是推销参军，现在还卡绩，连里满绩少的可怜，均绩垫底。你多给一分会怎么样？不让学生卡绩会怎么样？军训作为同学们的第一节课，给分好看点会怎么样？
160231,6653,徐阳波,2022-09-15 11:19:58,7,7,0,有点油腻 给分极低
160277,6653,徐阳波,2022-09-16 09:13:34,-3,2,5,有点憨
160278,6653,徐阳波,2022-09-16 09:29:09,12,12,0,打分巨低！管得严得要死，打分还低！！\n\n我们连：\n\n合唱➕正步方阵➕岗哨➕被表扬➕无请假无被批评=4.2\n\n别的连：\n\n表演方阵➕无请假无批评=4.5\n\n（绝无虚假）\n\n别的连只要不扣分表现分88\n\n加上表演方阵直接90多\n\nxyb连，你干了上面所有的之后88
160283,6653,徐阳波,2022-09-16 10:59:36,9,9,0,我真的会谢
160319,6653,徐阳波,2022-09-19 03:50:58,9,9,0,无语了
160498,6653,徐阳波,2022-09-24 15:00:34,9,9,0,很会画大饼
160536,6653,徐阳波,2022-09-26 06:30:43,9,9,0,巨傻逼！对学生大吼大叫，真的无语，一副领导做派，实际上屁大点官。
160970,6653,徐阳波,2022-10-21 11:58:06,5,5,0,呵呵呵
160974,6653,徐阳波,2022-10-22 03:35:10,13,13,0,领导架子十足，每次军训晚课都要墨迹很久很久，明明都是一样的内容非要重复，每次操课都不见他人影，重要的活动也只在开始和结束时露脸，就连最基本的吃饭他都只能任由上面把我们排到最后一个，导致休息时间严重不足，只给二十分钟吃饭，并且还要提前集合，反正总而言之，垃圾人一个，只会口头刺激人
166896,6653,徐阳波,2023-01-14 07:08:48,13,13,0,大饼哥，给分贼差，还虚伪表面笑笑马上又对着学生乱骂，军训里面最nt的领导
167245,6653,徐阳波,2023-01-15 07:59:00,8,8,0,傻逼一个
171420,6653,徐阳波,2023-03-30 11:06:23,4,4,0,呵呵呵
172369,6653,徐阳波,2023-04-25 12:11:57,3,3,0,🪝8⃣️一个
172698,6653,徐阳波,2023-05-09 02:39:12,7,7,0,军训时啥时候都不给我们留足时间，让我们强行穿着雨衣淋大雨，特别爱大吼大叫，又各种宣传参军，画大饼能力一绝，而且各种吹毛求疵，军训平均给分垫底，真的够绝。
172996,6653,徐阳波,2023-05-11 03:17:43,2,2,0,强行挤占时间，人为造成时间短缺，各种逼逼赖赖，恶心的一批，依托答辩
173335,6653,徐阳波,2023-06-07 15:33:23,2,2,0,军训相对绩杀
178534,6653,徐阳波,2023-07-14 01:06:49,1,1,0,呵呵🙂
178972,6653,徐阳波,2023-08-09 12:07:35,4,4,0,怎么没有0分？
188339,6769,杨化超,2024-01-18 16:16:33,-3,0,3,好好好
216754,6769,杨化超,2025-03-24 05:48:14,0,0,0,自以为是
144325,6974,吴昂键,2021-12-21 05:58:14,0,6,6,讲课不错 很负责
192380,7127,王凯歌,2024-05-17 03:25:12,1,1,0,“那么”“那么”“那么”
193230,7127,王凯歌,2024-06-05 01:53:48,0,1,1,挺好的一个老师
130188,7509,吴艳虹,2021-01-18 16:23:25,4,5,1,早八思修让提前十分钟到
141762,7509,吴艳虹,2021-10-25 01:46:48,7,7,0,上课只会读ppt
160228,7509,吴艳虹,2022-09-15 11:10:12,10,10,0,sb军训真是辛苦您顶着阴沉的天气 冒着和煦的微风 来ex我们奥
160229,7509,吴艳虹,2022-09-15 11:10:34,8,8,0,军训给分巨低，黑幕
160274,7509,吴艳虹,2022-09-16 07:25:35,5,5,0,dinner
160344,7509,吴艳虹,2022-09-19 12:51:36,-3,0,3,捞分的
160872,7509,吴艳虹,2022-10-17 15:54:17,8,8,0,像领导一样把刚训练完的我们拉住，讲些有的没的。
163724,7509,吴艳虹,2022-12-16 04:21:34,6,6,0,摊上这个辅导员真是惨，找她办什么事回复都是“学校不允许”，跟导师说了就能马上办好，真是不把学生当人。研究生没有休息时间007，她倒有周末，平时也不到五点就下班了，就算非工作时间不回消息我能理解，工作时间也总是找不到人(╯‵□′)╯︵┻━┻
167650,7509,吴艳虹,2023-01-18 04:35:49,-3,0,3,思修满了捏，老师很好
185145,7509,吴艳虹,2023-12-26 15:59:54,1,1,0,b事真多
204905,7509,吴艳虹,2024-11-28 12:16:42,0,2,2,纯纯的÷生\n\n化学系新晚占用三十分钟奖学金颁奖，你特么是用欢乐豆想出来的馊主意吧\n\n另外据说它当辅导员水平也不行，只能说在一群类人生物里是拟人的
205023,7509,吴艳虹,2024-11-29 18:09:12,1,1,0,小丑\n\n纯小丑
205024,7509,吴艳虹,2024-11-29 18:09:03,1,1,0,小丑\n\n纯小丑
208254,7509,吴艳虹,2024-12-26 11:25:02,1,1,0,后面颁奖单开了一个典礼\n\n前面的评论改不了了，打个六分平衡一下\n\n这其实主要是因为商夏老师反对，当然wyh愿意配合也有功劳
135518,7719,王金亮,2021-05-12 10:25:42,-5,1,6,嘿嘿嘿咻嘿嘿嘿
135519,7719,王金亮,2021-05-12 10:32:25,11,11,0,幽默风趣有内涵，人好事少分数高
136222,7719,王金亮,2021-06-13 05:21:19,5,5,0,人好，有才还幽默，亦师亦友
140221,7719,王金亮,2021-09-06 03:40:28,5,5,0,才华横溢，幽默风趣，热心负责
140223,7719,王金亮,2021-09-06 03:43:23,4,4,0,人超好，冷幽默，负责
141293,7719,王金亮,2021-09-29 01:38:41,4,4,0,共产主义旗帜下的段子手……
141446,7719,王金亮,2021-10-09 06:49:11,4,4,0,有意思，深藏不露，一露就是惊喜
150653,7719,王金亮,2022-02-10 02:12:31,3,3,0,用心和学生交流，用情和学生互动，而不是用所谓的威严，人太好了
151355,7719,王金亮,2022-03-01 07:05:03,2,2,0,是朋友，这人，能处！
168429,7719,王金亮,2023-02-16 11:10:16,3,3,0,很有意思的老师，嘿黑黑嘿嘿
177876,7719,王金亮,2023-07-05 07:48:13,2,2,0,外表一看冷峻，实则内心狂热且幽默
179036,7719,王金亮,2023-08-24 03:20:50,2,2,0,亮亮学长很热心，顶一个
205870,7719,王金亮,2024-12-12 11:36:45,2,2,0,助教老师负责，事不多，特别好说话，还出现时出现，不该出现时隐身，合理
214208,7719,王金亮,2025-01-28 09:09:01,3,3,0,助教哥哥超负责，我因为自己的原因请了几次假，但只让我补交了假条，最后给分超高
168498,8135,刘少俊,2023-02-19 02:17:48,10,15,5,上了刘老师的研究生论文写作课，只能说从各个角度来说是很不错的。上课不点名，纸质签到，课堂上也没有点人回答问题。讲课的内容也比较有意思，经常举一些自己身边的投稿例子来逗大家一笑，想认真学的同学可以认真听课，想水的同学也可以选。没有平时作业，最后的结课作业是交一篇中英文综述，总体来讲，可以没有压力地修完，更适合想水的同学。
171664,8135,刘少俊,2023-03-31 11:08:56,3,7,4,推荐来刘老师这里读研[AC01]
202016,8135,刘少俊,2024-11-08 08:03:02,5,5,0,喜欢不下课，威胁要走的同学“扣十分”，我先给你扣九分
127944,8166,徐本涛,2020-12-01 04:39:04,11,11,0,催卡、打卡小能手，成语大师
142094,8166,徐本涛,2021-11-05 13:58:24,7,7,0,彭于晏牛!
154519,8909,王秀瑜,2022-06-02 03:43:12,3,3,0,好老师！！
183832,8909,王秀瑜,2023-11-30 18:41:29,2,2,0,老师讲课有一种不明所以的感觉
191666,9021,刘金龙,2024-04-27 09:01:21,1,1,0,汽车工程导论，刘老师人真好，上课从来不点名，期末成绩由你的pre决定。但是其实只要好好把PPT做出来好好讲，老师一定会给你一个满意的分数。好评好评
191667,9021,刘金龙,2024-04-27 09:08:10,1,1,0,批发高绩点的神
217884,9021,刘金龙,2025-04-17 12:25:22,1,1,0,汽车工程导论，改之后没有pre，讨论课是点人回答问题，点的人很少。我没被点到。成绩全由期末论文给，给分相当好
218492,9021,刘金龙,2025-04-24 04:10:59,1,1,0,车工导，由多位教师授课，他上课最多有三节，包含第一节介绍和后面的讨论课。他不点名但是其他老师会纸质签到。讨论课会叫人说自己的看法。\n\n给分很好（2025春）
149693,9105,江龙,2022-01-16 11:55:32,-6,11,17,老师真的人好好 像大哥 打球也很不错！
203811,9105,江龙,2024-11-21 07:42:43,-2,0,2,讲课娓娓道来，声音很好听讲的也很认真清楚明白\n\n中间会穿插一些互动，讲了很多相关方向前沿的研究
216890,9105,江龙,2025-03-28 06:34:41,1,1,0,脑回路很奇怪
167871,9317,张小晟,2023-01-19 15:33:30,-2,5,7,还行，就是真的会点名
180328,9317,张小晟,2023-09-21 08:33:25,-4,13,17,没想到思政老师居然是个年轻的理工科眼镜帅哥，声音很好听很浑厚，给分怎样不知道，但听他上课真的是一种享受～（会点名 但是我觉得这没什么）
182062,9317,张小晟,2023-11-09 07:42:52,-6,4,10,讲课有些枯燥，但上课可以干自己的事情。会雷达点名。老师人很好，作业可以补交。
193788,9317,张小晟,2024-06-18 06:09:16,2,4,2,。。。
199852,9317,张小晟,2024-10-04 05:44:39,13,14,1,在我看来是事多作业多的，还像高中一样固定座位。上水课却没有水课的自觉，挺难评的，别选了
199946,9317,张小晟,2024-10-31 04:55:01,11,12,1,彼阳若至，初升东西。
199949,9317,张小晟,2024-10-09 07:12:13,2,2,0,。。。
200018,9317,张小晟,2024-10-11 04:59:01,7,7,0,mmp
203179,9317,张小晟,2024-11-17 15:23:33,-4,3,7,？不懂为什么分这么低\n\n明明上课不怎么管的，人也挺温柔，可以做自己的事
206918,9317,张小晟,2024-12-18 11:47:23,6,6,0,逆天 职规论文还查重查AI
207510,9317,张小晟,2024-12-22 12:52:44,2,2,0,。。。
208795,9317,张小晟,2025-01-02 04:26:06,5,6,1,我从来没见过这么纱比的思政老师，自我意识过剩，觉得自己教的东西太有用了，最后还让组长写一本团队成长手册，其中如果要是手写至少12h打底，期末周被整红温了，给分目前不知道什么样，但是均绩4.3几让我给你当牛做马做梦去吧
210996,9317,张小晟,2025-01-10 09:51:18,2,2,0,。。。
211030,9317,张小晟,2025-01-10 11:10:20,7,7,0,逆天老师，脾气大事情多，上个职规还动不动走下来转一圈，没有丝毫水课的自觉
212544,9317,张小晟,2025-01-14 07:31:01,3,3,0,思想道德与法治：\n\n如果有0分真的很想打0分。\n\n真的很想问老师，我是犯法了吗？\n\n0缺勤+有代表小组完成任务，最后绩点没上3。。。\n\n反正最大的错误就是没有在开学初的时候把这个预置的老师换了\n\n给分真的很差！！避雷！！
212555,9317,张小晟,2025-01-14 07:41:12,3,3,0,逆天。。。
212572,9317,张小晟,2025-01-14 08:18:59,3,3,0,不是哥们，思想道德法制卡我绩
212582,9317,张小晟,2025-01-14 08:40:03,1,2,1,事多分少
212932,9317,张小晟,2025-01-15 09:36:27,-7,0,7,助教姐姐长得很好看
213606,9317,张小晟,2025-01-18 13:40:12,2,2,0,难绷事多分少，冬学期真的是难受死😅
213884,9317,张小晟,2025-01-21 03:51:30,3,3,0,傻逼老师思政卡绩给分巨烂
214517,9317,张小晟,2025-02-10 12:48:53,1,1,0,别上了快跑
214602,9317,张小晟,2025-02-14 08:32:25,1,1,0,吗的快跑
214650,9317,张小晟,2025-02-15 18:02:22,1,1,0,德法，事多分少！！一个学期杂七杂八的事一堆，结果给分还依托，付出与回报不成正比，不要妄想拿高分了
215972,9317,张小晟,2025-03-08 12:06:10,0,0,0,快跑！！
216683,9317,张小晟,2025-03-21 01:37:21,0,0,0,快跑。。
220378,9467,李克明,2025-06-17 13:56:09,10,10,0,小姐，你这个过程设备设计上课在讲什么啊？你自己再听一遍录音会不会把饭吐出来啊？恶不恶心啊？最后考啥也不讲，考试整个半开卷，一本工程手册你他妈逼的半开卷？去死啊我日。
221064,9467,李克明,2025-06-21 05:32:29,4,4,0,平时上课体验极差，复习课体验极差，更差的是——考试体验。
221247,9467,李克明,2025-06-22 07:48:45,3,3,0,太烂了
215538,9535,包士然,2025-02-28 01:40:41,0,1,1,制冷低温空调实践\n\n人数少就点名 学弟学妹们自行博弈吧😭
185966,9772,宋浩,2024-01-06 18:13:12,0,1,1,b站同名老师的课反正是不知道救我几条命了
204945,10269,姚龙超,2024-11-29 02:13:21,0,0,0,不知道，先看看
