评论id,老师id,老师姓名,发表时间,点赞减去点踩数量,点赞量,点踩量,内容
5690,1973,钟蓉戎,2015-07-09 07:05:07,-27,13,40,备课很认真，给分蛮好
7041,1973,钟蓉戎,2015-08-31 16:06:34,10,12,2,哦
9375,1973,钟蓉戎,2015-10-25 12:17:53,63,67,4,拖堂…
9379,1973,钟蓉戎,2015-10-25 12:21:38,22,22,0,身心俱疲
11383,1973,钟蓉戎,2015-11-29 12:24:11,21,23,2,又拖堂......
11736,1973,钟蓉戎,2015-12-13 12:19:50,-11,4,15,拖堂半小时，但是上课认真
11737,1973,钟蓉戎,2015-12-13 12:26:18,16,16,0,日常向拖课
13675,1973,钟蓉戎,2015-12-30 09:55:26,27,30,3,形策老师果然都是兼职，感觉她肚子里没什么东西，上课都是读自己的讲稿，没啥意思。
16283,1973,钟蓉戎,2016-01-17 16:03:42,16,16,0,拖堂严重，没实际用
22854,1973,钟蓉戎,2016-03-13 12:48:24,14,17,3,这个老师很坑啊……趁我走了以后布置思考题。要不是队友给力今天就要gg了。
25340,1973,钟蓉戎,2016-06-30 07:35:59,6,9,3,超级差超级差超级差
26491,1973,钟蓉戎,2018-08-26 08:27:24,46,49,3,垃圾，拖堂，点名，绩点还低
26509,1973,钟蓉戎,2016-06-19 10:17:32,11,11,0,这课不行额
26603,1973,钟蓉戎,2016-06-28 08:16:21,14,16,2,真是，如果能不上她的课，真是件幸福的事，事情多，拖堂，给分还低
27437,1973,钟蓉戎,2016-06-26 08:52:55,-16,2,18,挺好的啊，老师好像默认了八点半是下课时间
27478,1973,钟蓉戎,2016-06-27 04:04:52,80,89,9,给分咋这么低啊
27573,1973,钟蓉戎,2016-06-27 04:14:50,40,41,1,绩点好低
27576,1973,钟蓉戎,2016-06-27 04:17:03,21,22,1,不知道这课的存在意义
27582,1973,钟蓉戎,2016-06-27 04:25:20,64,68,4,妈蛋给分好低。。。
27583,1973,钟蓉戎,2016-06-27 04:27:25,48,50,2,创造了我历史最低绩点(๑•́ωก̀๑)
27587,1973,钟蓉戎,2017-01-08 15:32:34,38,39,1,给分zjb低
27593,1973,钟蓉戎,2016-06-27 05:35:05,58,75,17,没缺过课 每次课堂任务认真写 期末考试认真复习整理笔记 考试除了最后一道材料分析题 几乎都有把握 然而最后成绩3.6 呵呵哒
27597,1973,钟蓉戎,2016-06-27 06:10:07,42,48,6,认识上她课连我自己绩点分别是 1.8 2.4 2.7 3.0 3.3 同问有3.9及以上的吗
27598,1973,钟蓉戎,2016-06-27 04:43:15,26,30,4,花式点名，心好累，每次都有好好写课堂作业，也有复习，考试一般，最终3.0。我放在这里的师生情呢！
27604,1973,钟蓉戎,2016-06-27 04:48:17,31,32,1,点到都到 考前认真背了一天 答题没什么问题 2.7我也是rlgl
27605,1973,钟蓉戎,2016-06-27 04:48:42,20,22,2,心累的不行
27610,1973,钟蓉戎,2016-06-27 04:52:50,10,11,1,噫…不可描述
27621,1973,钟蓉戎,2016-06-27 05:22:17,19,20,1,辛辛苦苦背了那么久  每次的题也都认真写的  最后给了这么点分 rlgl
27626,1973,钟蓉戎,2016-06-27 05:36:29,21,23,2,每堂课都要写好多东西 mlgj最后给分奇低 就问有人上4了吗科科科
27657,1973,钟蓉戎,2016-06-27 07:13:08,27,28,1,绩点2.1，不说了都是泪
27662,1973,钟蓉戎,2016-06-27 07:34:48,16,17,1,给分极低
27663,1973,钟蓉戎,2016-06-27 07:35:33,29,31,2,傻逼老师 毁我青春\n\n要是水水的给分这么低就算了 每堂都有作业题妈的还给分这么低\n\n想打零分竟然没选项\n\n
27674,1973,钟蓉戎,2016-06-29 02:18:27,-46,4,50,4.5的路过。静静看你们。
27676,1973,钟蓉戎,2016-06-27 15:27:47,-14,8,22,貌似改成闭卷考试以后绩点直线下降啊
27679,1973,钟蓉戎,2016-06-27 08:07:36,25,27,2,求别说什么态度不态度了，考试之前真的很认真复习了，负责地说知识点基本都答到了，考试写了整整两个小时手都快废了，平常每次课也去了作业也交了，最后3.6，真的不好说什么了
27680,1973,钟蓉戎,2016-06-27 08:08:30,-6,2,8,强 无敌
27685,1973,钟蓉戎,2016-06-27 08:25:30,15,16,1,妈的怎么给分的？\n\n
27688,1973,钟蓉戎,2016-06-27 16:30:04,16,17,1,日了狗了，绩点日了狗了，毁我青春
27689,1973,钟蓉戎,2016-06-27 08:28:41,26,29,3,给分差，平时分特别低，经常一言不合打0分，考前复习了一周，听说读写都用上了，3.6，没话说。
27690,1973,钟蓉戎,2016-06-28 16:59:49,-49,6,55,认真复习认真答卷绩点不会低的 绩点高低真的是看个人和老师无关的
27691,1973,钟蓉戎,2016-06-27 08:30:44,24,27,3,从不缺课 考试尽心尽力\n\n给分低到泪流
27697,1973,钟蓉戎,2016-06-27 08:38:21,17,18,1,没啥真思想，给分极低
27709,1973,钟蓉戎,2016-06-27 08:55:29,14,15,1,上课点名，给分超级低
27711,1973,钟蓉戎,2016-06-27 09:00:04,5,7,2,妈的好滴。。。
27712,1973,钟蓉戎,2016-06-27 09:01:58,8,9,1,给分太低
27723,1973,钟蓉戎,2016-06-27 09:37:41,9,10,1,分低，拖堂
27726,1973,钟蓉戎,2016-06-27 09:46:34,6,7,1,拖堂…瞌睡…点名…闭卷期末考试…我tm真是服了
27732,1973,钟蓉戎,2016-06-27 10:03:26,-18,1,19,好诶！！！
27743,1973,钟蓉戎,2016-06-27 10:33:40,18,19,1,这分是认真给的我直播吃?
27748,1973,钟蓉戎,2016-07-02 12:26:36,-55,7,62,满?了，事实上这个应该还是看考试
27757,1973,钟蓉戎,2016-06-27 11:30:47,10,11,1,上课无聊，给分随意，用课堂作业点名
27758,1973,钟蓉戎,2016-06-27 11:32:15,8,9,1,绩点新低
27763,1973,钟蓉戎,2016-06-27 12:15:30,8,8,0,我真是醉了
27772,1973,钟蓉戎,2016-06-27 15:44:52,-34,2,36,上课拖堂要写东西，不过最后期末看了四个小时书，竟然有4.5，上课开小差绝对没问题，不过思考题一定要背。
27778,1973,钟蓉戎,2016-06-27 13:26:15,-39,0,39,上课从来没听过 只要每次签到和背思考题就能4.5
27783,1973,钟蓉戎,2016-06-27 13:57:21,12,13,1,给分极差，请问有3.9以上的吗？
27814,1973,钟蓉戎,2016-06-27 16:26:00,9,10,1,?点又被拖累了
27815,1973,钟蓉戎,2016-06-27 16:30:07,9,12,3,垃圾课程，毁我青春，耗我时间。她的评分就是她给的绩点
27816,1973,钟蓉戎,2016-06-27 16:32:22,7,8,1,给分低
27823,1973,钟蓉戎,2016-06-27 17:02:44,22,24,2,绩点没下过4的我，行策2.1，呵呵
27827,1973,钟蓉戎,2016-06-27 17:59:06,-28,1,29,上课就是念ppt，极其无聊，每节课完有课堂测试当点名。给分感觉还好，上课测试都写自己的想法，期末把思考题背过，给了4.5
27927,1973,钟蓉戎,2016-06-28 05:40:46,4,6,2,垃圾老师，怎么没有零分可以选，给分烂的一笔，讲课不知所云
28225,1973,钟蓉戎,2016-06-28 08:17:51,-8,9,17,搞得我都不敢评了……钟书记人还是很好的，还有话说这次卷子是程导批的说。但是这次闭卷给分低是事实，拖课也是事实。不过思政课也不能要什么奢求是吧，大家来这都是发泄的。
28289,1973,钟蓉戎,2016-06-28 08:26:51,3,4,1,好无聊
28308,1973,钟蓉戎,2016-06-28 08:29:46,-4,3,7,只能给我的绩点了
28326,1973,钟蓉戎,2016-06-28 08:33:34,5,6,1,给分低到rlgl
28348,1973,钟蓉戎,2016-06-28 08:37:51,3,6,3,拖堂/给分差/讲课没意思/每堂课点名，为什么没有负分的选项啊
28408,1973,钟蓉戎,2017-01-03 06:18:00,5,6,1,拖堂绩点低点名
28409,1973,钟蓉戎,2016-06-28 08:52:26,4,5,1,要点名，给分还差
28412,1973,钟蓉戎,2016-06-28 08:53:38,8,9,1,工科生表示不服(ง •̀_•́)ง
28417,1973,钟蓉戎,2016-06-28 08:56:05,8,8,0,无聊?只会念PPT?给分极差?
28419,1973,钟蓉戎,2016-06-28 08:55:25,8,10,2,先不谈给分低不低，就谈讲课，每次都拖堂，跟高中老师似的，自己还觉得是为我们好，奉献多大似的。给分确实坑
28471,1973,钟蓉戎,2016-06-28 09:12:21,9,10,1,课讲的很红很赚很无聊每次上课之后还要让你当堂交一份思考题当点名期末考试结束之后给分低到爆炸望学弟们珍重
28568,1973,钟蓉戎,2016-06-28 10:25:59,-12,1,13,平时水，用思考题点名比较坑，期末就把之前的思考题背一背，不大会挂，行策课大家都懂的。
28587,1973,钟蓉戎,2016-06-28 10:39:23,4,6,2,讲的很无趣，打分极低，极低，能不选就不选
28655,1973,钟蓉戎,2016-06-28 11:42:37,2,4,2,hhh
28665,1973,钟蓉戎,2016-06-28 11:55:34,4,6,2,绩点极低
28958,1973,钟蓉戎,2016-06-29 04:23:42,6,7,1,每节课都有变相点名分还给这么低 讲得又不好
29080,1973,钟蓉戎,2016-06-29 08:13:41,6,7,1,给分低。创历史。还好只有一分
29259,1973,钟蓉戎,2016-06-29 13:49:16,6,6,0,拖堂 每节课最后以作业形式点名 给分创造历史最低绩点
29329,1973,钟蓉戎,2016-06-29 15:15:10,5,5,0,毁青春
29386,1973,钟蓉戎,2018-07-09 11:13:07,9,9,0,给分辣鸡
29432,1973,钟蓉戎,2016-06-29 22:58:49,6,6,0,唉，说多了都是泪，明明很认真的好吗T^T
29561,1973,钟蓉戎,2016-06-30 03:27:54,-5,4,9,大家对钟老师给分有问题的都应该去申请查分啊，难说是录入错误?跟张老师一样，联系方式教务网上有???
29854,1973,钟蓉戎,2016-06-30 12:01:36,4,5,1,这么低大王分我是不服的
30101,1973,钟蓉戎,2016-07-01 02:30:08,7,7,0,给分实在太差了
31635,1973,钟蓉戎,2016-07-04 09:59:42,7,7,0,最难过的就是付出和收获不成正比的课
32152,1973,钟蓉戎,2016-07-05 23:46:47,5,5,0,给分最低了
51758,1973,钟蓉戎,2017-06-26 07:27:26,10,10,0,垃圾老师 傻逼一个\n\n
53115,1973,钟蓉戎,2017-06-26 02:29:23,11,15,4,我不想对老师进行人身攻击，但是说句公道话。每次上课都到，每节课都记笔记，学生手册考试满分，每次作业都认真交，期末考试也大体上有把握，最后给我3.6分。我不知道老师给分的标准到底是什么，但我必须声明，我有理由质疑老师为了实现正态而故意调低分数，这对学生是极大的不公平。
53139,1973,钟蓉戎,2017-06-26 04:23:49,5,8,3,垃圾，每次上课都去了，期末考试大题都背到了，最后3.0，有病吧
53143,1973,钟蓉戎,2017-06-26 04:48:07,7,9,2,形策? 还上去展示了\n\n期末大题基本上都背出来了\n\n呵呵呵 ggggggg
53160,1973,钟蓉戎,2018-06-26 09:33:15,9,10,1,下课前留课堂作业写完上交，期末给分低。。
53167,1973,钟蓉戎,2017-06-26 06:12:23,-7,1,8,老师感觉，没点过名。。。。
53188,1973,钟蓉戎,2017-06-26 07:10:10,5,7,2,心累 复习了一天大题全会 平时东西特别认真写 结果没上4
53212,1973,钟蓉戎,2017-06-26 07:49:25,5,5,0,给分也太低了吧\n\n
53339,1973,钟蓉戎,2017-06-26 11:57:49,-6,0,6,还行吧
53479,1973,钟蓉戎,2017-07-02 11:35:48,3,4,1,给分真的有点低...
54335,1973,钟蓉戎,2017-06-29 06:03:56,4,4,0,没上3 极度怀疑查老师上的军机是假的:)
54382,1973,钟蓉戎,2017-06-29 08:29:44,7,7,0,1。8绩点\n\n后悔当初没查\n\n
54699,1973,钟蓉戎,2017-06-30 05:03:44,1,3,2,上课很水，但主要是这种课本身不够吸引人，内容枯燥老师也没办法。老师挺和蔼的，助教有点龟毛，交的作业随笔助教真的会很认真地看的。给分我觉得还好，但是确实有点迷，不知道标准是什么。
56233,1973,钟蓉戎,2017-07-03 09:52:58,5,5,0,1分不能再多了\n\n
58971,1973,钟蓉戎,2017-09-19 02:43:23,3,4,1,为什么没有0分?
62192,1973,钟蓉戎,2017-11-23 05:26:08,2,2,0,助教差评
74423,1973,钟蓉戎,2018-02-21 06:34:50,4,8,4,均绩4.4，行策2.1
75396,1973,钟蓉戎,2018-03-10 10:59:45,0,1,1,???
82781,1973,钟蓉戎,2018-07-09 06:18:27,-5,3,8,没大家说的这么差啊，形策这种课本来就这样。而且事实证明考试前背个半天还是很有效的，给分这东西还是得看脸啊。
82851,1973,钟蓉戎,2018-07-09 08:22:41,6,6,0,认真背了也考到了，考不好是因为我作文写的不好咯？
85946,1973,钟蓉戎,2018-08-25 15:00:57,2,3,1,想睡觉
91500,1973,钟蓉戎,2018-12-25 02:12:37,-19,4,23,97满绩飘过~自己不认真在这边喷老师我也是服
102770,1973,钟蓉戎,2019-02-22 16:31:55,2,3,1,差无敌了
111789,1973,钟蓉戎,2019-07-02 23:07:47,-3,3,6,还可以 并非绩杀
125932,1973,钟蓉戎,2020-09-16 01:20:49,-11,1,12,4.8 讲道理考试之前我看看查老师的评分还蛮慌的，预感这门要成为第一门挂科的学课了，认真背了背，结果分数出来还可以。在浙大混了一年，感觉查老师这个平台愈发不可信了，许多评分很低的老师，真正去上他的课，也没觉得有什么不好。我希望不要有同学滥用打分的权力，甚至好像用这个打分系统来和老师制衡似的。（当然是不是今年给分都还好，我不清楚）我觉得7分吧，说拖堂的，我每次形策下课都是我们寝室第一个到的（大概形策都拖堂）
127870,1973,钟蓉戎,2020-11-29 12:13:36,2,2,0,辣鸡老师 必定拖堂 两节课拖成三节课 能换就换 千万不要选她的课
134602,1973,钟蓉戎,2021-04-04 20:42:17,0,0,0,不负责的老师
134928,1973,钟蓉戎,2021-04-23 01:09:09,1,1,0,上课时明明气氛挺好，小组讨论啥的也有参加，作业也有做，期末考试也看不出有啥问题，结果给分贼低
138233,1973,钟蓉戎,2021-07-08 05:36:32,2,2,0,快逃！
138266,1973,钟蓉戎,2021-07-08 08:34:30,4,4,0,不太明白给分，讲课的话，形策应该大同小异，没有什么特别突出或者不行的地方，但是给分个人感觉挺低的，观影课展示，只在乎有没有拍视频，不在乎视频质量，我们组虽然没有视频，但是PPT质量，还有我们演讲稿以及展示同学的演讲技巧和效果我感觉都是班上数一数二的，至少比那些还有B站抖音水印的搬运视频强，但是互评以及老师助教打完分，我们小组展示基本垫底，我印象中只有一两个组分数比我们低，感觉很不服气
138490,1973,钟蓉戎,2021-07-09 13:45:39,2,4,2,事多，快逃
140767,1973,钟蓉戎,2021-09-16 02:22:58,3,3,0,给分极低 课程作业多且繁琐
156524,1973,钟蓉戎,2022-06-20 07:22:34,-1,2,3,感觉老师还挺不错的，事情也不像前面评论说得多，大部分都是不用上交的思考题，最后给分也还不错？
156665,1973,钟蓉戎,2022-06-20 14:22:30,-5,0,5,给分还行吧！不是那么差
159571,1973,钟蓉戎,2022-08-16 03:26:04,2,2,0,快逃 给分巨低
175927,1973,钟蓉戎,2023-06-27 07:07:02,3,4,1,1分给不合理的形策课，感觉这种课没啥开的必要，反正大家都是去了各自做自己的事情，还不如开成网课看了就算得分\n\n老师给分还行今年，貌似有捞起来一些了，给这里10分，合起来给个中分5分吧
193941,1973,钟蓉戎,2024-06-21 03:01:09,-1,0,1,不知道为啥评分这么低\n\n形策给分挺好的\n\n不要纠结卡绩，我们整个宿舍三个区间都被卡，推测应该是给所有人都调成了区间最高分\n\n事情很少，感觉形策课体验是不错的，点名也可以课后补
194776,1973,钟蓉戎,2024-06-25 11:27:12,-1,0,1,形策5.0前来还愿。事情在所有班里算是少的，给分还不错的，但其实最主要还是看个人，期末考多写点肯定分数肯定不会低的。\n\n形策给我的感觉不是老师的问题，主要这课程设置就没什么意义。
220136,1973,钟蓉戎,2025-06-15 10:02:42,2,2,0,真无语。。。形策这种水课还卡绩。。。
220158,1973,钟蓉戎,2025-06-16 02:15:25,2,2,0,给分低 准备了两天 最后只有3.6 背了这么多一点用没有 还卡绩 这种水课还考试要求这么高 活该评分低
220164,1973,钟蓉戎,2025-06-16 02:51:22,1,1,0,给分有点低
220168,1973,钟蓉戎,2025-06-16 02:58:15,2,2,0,超烂的给分，考前两天突击如果是通识课那是我的问题，这种课真的有人会认真上平时复习吗。本来要期末考就很不合理了，居然还卡绩，就很好笑，每次还多上半小时，但是又是ppt朗读器，我不需要也没感受到她的用心，就这样居然还要求我们在这种水课上用心吗？快逃
220169,1973,钟蓉戎,2025-06-16 03:02:05,1,1,0,事情少，但被卡绩。。。。。。。
220253,1973,钟蓉戎,2025-06-16 18:36:47,1,1,0,给分和你长得一样烂
220467,1973,钟蓉戎,2025-06-18 05:10:50,1,1,0,出身玩意，都说形策不用花太多时间，看一遍资料，背完校训就进考场。现在好了，摊上这老师喜提2.4，从来没见过这么低的成绩。当时当时看着这人评分如此之低，但是苦于形策是学校强行分配的，退了以后不好选其他人，就没折腾。早知道宁可拖一年都不来上它的课。
5695,2657,张云箫,2015-07-09 07:22:44,1,3,2,哦
7274,2657,张云箫,2015-09-12 14:15:04,1,2,1,哦哦
7375,2657,张云箫,2017-08-28 14:53:40,24,33,9,撕了你的双眼皮贴
7390,2657,张云箫,2015-09-14 06:37:14,2,4,2,哈哈哈哈，好惨
8257,2657,张云箫,2015-09-18 01:16:23,6,10,4,军训好恶心
8555,2657,张云箫,2015-09-22 09:55:19,2,3,1,呵呵哒
9997,2657,张云箫,2015-11-14 05:03:49,-12,6,18,人还不错哦(⊙o⊙)哦
10091,2657,张云箫,2015-11-15 15:37:36,1,2,1,，，，，
10219,2657,张云箫,2015-11-17 13:03:21,1,2,1,呵呵呵
11194,2657,张云箫,2015-11-25 06:38:25,3,5,2,精致的利己主义者
11432,2657,张云箫,2015-12-01 05:28:59,1,2,1,呵呵呵～～
13327,2657,张云箫,2015-12-26 16:42:08,4,6,2,被正态了
14772,2657,张云箫,2016-01-09 02:28:50,1,1,0,
14823,2657,张云箫,2016-01-09 14:23:05,3,5,2,嘴上说的好听，实际上怎么样我们都懂，呵呵
16370,2657,张云箫,2016-01-18 03:58:49,2,4,2,我军训是我历史最低分，练3都没有
21336,2657,张云箫,2016-02-28 05:26:12,1,1,0,一般般
22055,2657,张云箫,2016-03-02 08:10:12,3,3,0,好恶心的人.
32685,2657,张云箫,2016-07-09 10:09:17,8,9,1,垃圾，垃圾中的垃圾，汪子晨更垃圾，两面三刀
32816,2657,张云箫,2016-07-15 09:31:34,1,1,0,噫噫噫
57298,2657,张云箫,2017-07-06 13:10:23,4,11,7,打卡第二年，仇恨不会因为时间而消散的，没有别的地方可以吐槽了就这里吧，当时的三个人，我一点一点都还记得，总有一天我会把你们在我身上做的事情折现以后还给你们，you will pay
57650,2657,张云箫,2017-07-11 14:57:05,2,3,1,从不为学生着想 一个自私的人
58052,2657,张云箫,2017-07-27 06:17:24,2,2,0,恶心 恶心
70576,2657,张云箫,2018-01-27 08:49:43,4,5,1,完全不考虑学生，只顾着维护自己的利益。
159754,2657,张云箫,2022-08-28 08:29:10,4,4,0,打卡第七年，仇恨不会因为时间而消散的，没有别的地方可以吐槽了就这里吧，当时的三个人，我一点一点都还记得，总有一天我会把你们在我身上做的事情折现以后还给你们，you will pay
34160,2706,吕成祯,2016-09-28 01:33:57,0,2,2,爽得很
34359,2706,吕成祯,2016-10-06 16:03:59,4,9,5,上课问的问题莫名其妙，课业也比较烦，不知道思修这门课有多大意义。
41349,2706,吕成祯,2017-08-28 08:16:40,6,13,7,很赞，认真听了几节，很有意思！
45387,2706,吕成祯,2017-01-19 13:42:42,2,3,1,年轻的老师，思修课讲的一般吧，给分也一般。
45463,2706,吕成祯,2017-01-19 14:52:20,2,4,2,很年轻很有活力，上完才知道是14级竺院的辅导员，作业很少，思修考试好好考，不要水过，给分不会差。
46985,2706,吕成祯,2017-01-23 08:12:12,1,4,3,给分一般，老师人不错，事也不多。
48489,2706,吕成祯,2017-03-06 05:09:18,7,11,4,略萌，挺好的老师，给分一般
50968,2706,吕成祯,2017-05-10 12:28:56,0,3,3,很赞！
58667,2706,吕成祯,2017-09-13 12:49:26,5,6,1,歌唱的很好
58734,2706,吕成祯,2017-09-22 11:08:29,1,3,2,岭上开遍哟～映山红。
58740,2706,吕成祯,2017-09-16 10:40:04,2,4,2,军训蛮和善的，给分合理而且还高的。
59412,2706,吕成祯,2017-09-21 07:52:21,0,1,1,军训吗，很松的
59567,2706,吕成祯,2017-09-23 04:26:37,2,4,2,军训的指导员，萌得不行！还会给我们唱歌，高音很腻害。被我们排了不少表情包。以及极力宣传光电专业……
59608,2706,吕成祯,2017-09-25 01:22:46,0,5,5,不体谅学生
60138,2706,吕成祯,2017-10-11 07:50:54,3,5,2,无聊，正太
60376,2706,吕成祯,2017-10-18 11:32:08,2,9,7,史纲课真的太烂了
60920,2706,吕成祯,2017-11-02 14:51:44,1,2,1,读书笔记为什么这么早交\n\n
64628,2706,吕成祯,2017-12-25 16:03:54,1,2,1,很棒的老师，很棒的为人
64629,2706,吕成祯,2017-12-25 16:04:22,1,2,1,挺好的挺好的
66590,2706,吕成祯,2018-01-17 11:55:19,3,3,0,老师人好很可爱，也幽默经常笑着，上课内容也有一些自己的思想，会教我们论文的各种格式（word）。但是只可惜是史纲课...你们懂的...\n\n（只有老师目测人少了很多的情况下才会让组长点名
67975,2706,吕成祯,2018-01-22 12:02:47,0,2,2,给分呵呵哒，很难受很难受很难受
67981,2706,吕成祯,2018-01-22 12:12:57,1,1,0,???
67987,2706,吕成祯,2018-01-22 12:18:21,2,3,1,给分好！！！考完试感觉自己都快挂了，最后绩点居然很OK，作为一个上课不听只发了一次言的人来说很开心了。作业和展示不要水就好
67994,2706,吕成祯,2018-01-28 11:58:07,2,2,0,萌萌的正太感
68158,2706,吕成祯,2018-01-22 15:50:07,1,1,0,展示被老师无情diss多选爆炸以为要很低了 结果绩点还很不错 作业和发言都要认真对待 期末最后论述尽量多写点 不会很低的
68209,2706,吕成祯,2018-01-22 23:56:57,1,1,0,人超级萌 给分特别赞 同学们都是4以上的 思修虽然学不到什么东西 但是在写文章和分析案例的时候也有提高 只要上课发言两次 论文什么的好好写 期末考试其实没什么关系的 反正特别喜欢老师了就
68264,2706,吕成祯,2018-01-23 01:59:23,2,3,1,老师评分很公道，认真做作业绩点就不会低。4.8>~<很激动，很开心
68562,2706,吕成祯,2018-01-23 11:09:30,1,1,0,给分超级好，上课基本水过去，事少，老师萌萌哒
68800,2706,吕成祯,2018-01-24 02:09:17,1,1,0,思修课 很水 不点名 给分还可以\n\n他的课有一个评分项目是上课发言 有点迷
69811,2706,吕成祯,2018-01-25 12:24:50,1,1,0,事不多 给分很棒！
70333,2706,吕成祯,2018-01-26 13:00:07,3,4,1,史纲事少给分高(ฅ>ω<*ฅ)
70334,2706,吕成祯,2018-01-26 13:05:11,6,8,2,史纲课事情真的不多 老师虽然第一次讲史纲，效果不是很好 但老师是非常认真的\n\n给分很好~\n\n
70343,2706,吕成祯,2018-01-26 13:21:45,0,0,0,给分很棒！！！
70344,2706,吕成祯,2018-01-26 13:21:56,1,1,0,老师备课很认真，努力的话给分很好，很有意思
70354,2706,吕成祯,2018-01-26 13:41:14,1,1,0,给分不错，上课有点闷不过性格挺好的，认真听会有收获，人很实在啦，好评
70363,2706,吕成祯,2018-01-26 13:49:57,1,1,0,就发过一次言 没展示没干其他的 绩点也上了4 老师很有趣
70553,2706,吕成祯,2018-01-27 07:56:01,1,1,0,老师人真的很实在很可爱！给分也棒棒哒，最后卷面要多写，平时多发言论文认真写就没什么事了！完全喜欢！
71395,2706,吕成祯,2018-01-28 11:35:01,1,1,0,炒鸡萌
71415,2706,吕成祯,2018-01-28 11:58:21,-2,1,3,给分很不错呦 就是没给我4.8
72735,2706,吕成祯,2018-01-31 04:00:10,3,3,0,虽然他史纲课很水 还有发言刷脸的分\n\n可我一次都没发言就4.5了\n\n还有我想这个老师如果做新生之友一定超棒
72937,2706,吕成祯,2018-01-31 11:50:17,2,2,0,老师给分很棒啊 只发过两次言，绩点也上4了
73099,2706,吕成祯,2018-02-01 02:03:28,0,0,0,棒棒哒，思修给分欧凯
73405,2706,吕成祯,2018-02-01 13:46:27,1,1,0,很可爱的老师，讲课有自己的一套思想，很体谅学生，事情特别少，给分也好。给老师10分！
74276,2706,吕成祯,2018-02-09 01:20:36,3,3,0,老师第一次上史纲，非常非常认真备课，人挺可爱的，很认真的给我们科普论文格式。只要积极主动地去完成一些任务和加分项最后绩点挺好的。
79920,2706,吕成祯,2018-06-15 07:47:08,4,4,0,期末考试交卷的时候看到老师的笑好温暖，心都要化了～
83741,2706,吕成祯,2018-07-11 06:47:44,3,3,0,老师超好的！人很好，给分也很好！
83742,2706,吕成祯,2018-07-11 06:48:39,3,3,0,感恩老师！谢谢老师！
83799,2706,吕成祯,2018-07-11 08:41:58,3,3,0,老师是个好人
83816,2706,吕成祯,2018-07-11 08:58:16,4,4,0,史纲：事少 课水 给分好 点过一次名\n\n期末考完群里都在拜托老师提高分数别卡绩 可能是因为老师年轻的缘故 对于这种其实有点无理的要求态度真的很好 而且也真的有尽力帮我们提高分数 上课的话 之前他有帮忙代过思修 很好玩 但是史纲的话我觉得有点无聊了 不讲课的话还是挺好玩的 一学期下来一篇论文3000字好像 他特意说了不要恶竞 给分我问他他说论文基本上十分都能给到七八分 除非态度特别不认真给五分 一篇读书笔记500字 两次小组任务吧 没什么事其实 然后要求课堂发言10分 一次一分 报名展示会有4-5分 可以合作 但是最后大家在群里求他他就给我们平时分都打得很高 反正我觉得他很好
83818,2706,吕成祯,2018-07-11 09:00:55,5,5,0,史纲：老师人很好！考前大家在群里和老师安利不卡绩，老师真的就照顾到了！上课不要太水，给分就很好啦！以及，虽然老师总是很刻薄?但他真的很好！！
83831,2706,吕成祯,2018-07-11 09:19:23,7,7,0,老师讲课方面平平淡淡，但是人真的很好，虽然小组展示总喜欢diss我们，但是出分前大家在群里疯狂卖萌老师态度都很配合哈哈哈，最后给分真的很好。以及，考试一定要考好，考好了老师再给拉拉平时分，就稳了！
83922,2706,吕成祯,2018-07-11 14:00:11,4,4,0,很认真很负责很友好的老师，男神～\n\n好喜欢好喜欢老师。
84049,2706,吕成祯,2018-07-12 02:42:34,3,3,0,事少给分好！\n\n虽然上课时老是吐槽我们hh
121446,2706,吕成祯,2019-12-16 05:56:56,0,1,1,思修真的难顶，当他说了某些关于LGBT以及各种所谓维护学校的话的时候，他就不值得上面显示的那个分了
194871,2706,吕成祯,2024-06-25 19:11:14,4,4,0,每次课都要点名，水水的事情少，给分还不错
196569,2706,吕成祯,2024-07-04 05:56:20,0,0,0,事少分高
52299,2868,金一平,2017-06-18 03:22:02,2,5,3,....
105416,2868,金一平,2019-04-12 03:53:03,9,15,6,恶心老师，屁大点官作威作福，你以为你谁啊，狗屎一坨。
108588,2868,金一平,2019-05-29 06:16:02,0,2,2,
115636,2868,金一平,2019-08-13 08:50:56,0,2,2,。。。
128069,2868,金一平,2020-12-06 07:00:30,0,0,0,什么鬼
143825,2868,金一平,2021-12-08 01:20:26,6,6,0,官威好大，超级难搞
190458,2868,金一平,2024-03-05 01:55:06,4,4,0,很难评，不尊重学生
190503,2868,金一平,2024-03-06 10:04:36,0,0,0,0\n\n0000
190566,2868,金一平,2024-03-08 14:49:45,0,0,0,.。。
197758,2868,金一平,2024-08-10 05:10:39,0,0,0,口区。
200338,2868,金一平,2024-10-16 05:16:16,3,3,0,非常不尊重学生
200340,2868,金一平,2024-10-16 05:25:23,0,0,0,。。。
201272,2868,金一平,2024-10-31 02:54:51,3,4,1,一、专家面看眼缘挑人，而忽略掉前面所有的努力，这才是我们想控诉的。一个专家仅仅凭借五分钟的眼缘，就否定掉三个月的努力[功德]\n\n二、面试到最后才轮到CKC的同学，面试官有在玩手机根本没心思听下去，教务处老师却一再强调就是竺院的学生不行、所以竺院的同学才被刷掉这么多[功德]\n\n三、专家终面的评价方式仅仅是记录，根本没有分数什么的，最后才根据印象挑人。即使我承认确实是大牛，但这种方式真的合理吗？如果合理的话，之后谁还会去报名ITP呢？[功德]\n\n被专家筛了只会和同学说“就是你实力不行”，是否考虑过这个机制的不合理呢？这种人都能负责教务管理，浙大竺院的未来何去何从呢！！！
215049,2868,金一平,2025-02-20 09:39:38,2,2,0,热衷走后门的人
216486,2868,金一平,2025-03-17 08:51:20,0,0,0,官威好大，乐于为难学生，真是必样的
159593,3092,林德森,2022-08-21 12:17:02,0,2,2,好好好
178007,3092,林德森,2023-07-06 06:48:11,0,0,0,好好好！！！
19622,3452,楼杨钇,2016-01-25 03:17:23,0,0,0,为什么没有零分？
30168,3452,楼杨钇,2016-07-01 04:30:35,0,0,0,呵呵哒，人不怎么样
30436,3452,楼杨钇,2016-07-01 14:55:09,0,0,0,就一垃圾
79215,3939,张慧,2018-05-27 10:54:29,19,22,3,快回家吧
79396,3939,张慧,2018-06-03 10:19:47,14,16,2,不学无术，误人子弟
80703,3939,张慧,2018-06-29 13:45:33,21,40,19,我一直很好奇查老师为什么没有一分的设定，真的作为一个形策老师，你对于党性的宣传我不予否认，但是真的请你尊重一下我们的智商。郑和下西洋到了墨西哥，而且此处注意了哦，她举的例子的理由是在那发现了清朝官员的随身物品。在此我在她的课上不仅感受到了世界观的颠覆，还感受到了时空的错乱，请告诉我为什么这样的人可以当一个老师
80812,3939,张慧,2018-07-01 09:44:57,8,8,0,哦呵嗯
86435,3939,张慧,2018-09-16 05:51:47,4,6,2,给分差到怀疑人生。\n\n
91516,3939,张慧,2019-08-28 07:21:24,4,5,1,听说还要。。。
92793,3939,张慧,2019-01-04 12:28:55,0,2,2,给分太差，讲课也是念ppt
93454,3939,张慧,2019-01-10 00:52:32,0,1,1,感觉不像思修老师
113794,3939,张慧,2019-07-07 14:26:51,-1,1,2,身为我的行策老师 你出现过吗
118376,3939,张慧,2019-10-26 04:57:07,-1,0,1,两个字 辣鸡
125793,3939,张慧,2020-09-14 09:35:47,3,5,2,谨以这一分来祭奠我那不配被捞的绩点
125802,3939,张慧,2020-09-14 10:53:00,5,7,2,吗死会点高给策形啊🐮真你
125806,3939,张慧,2020-09-14 11:13:53,3,5,2,给的什么破分？？
130921,3939,张慧,2021-01-25 08:53:50,-9,5,14,不小心翘课一次还能被捞到4.5\n\n爱了爱了
145983,3939,张慧,2022-01-07 16:57:41,4,5,1,给分不算高
145986,3939,张慧,2022-01-05 02:15:01,3,5,2,不错的老师，跟同学交流很亲切
147327,3939,张慧,2022-01-09 14:20:25,0,1,1,还行还行还行
147536,3939,张慧,2022-01-10 07:49:18,0,1,1,有点名，事情不多
148355,3939,张慧,2022-01-12 08:17:17,6,7,1,给分变好了，没传说中的那么差
150157,3939,张慧,2022-01-19 14:34:33,7,8,1,朋辈课，讲课行，给分不错，要点名
150393,3939,张慧,2022-01-24 12:16:57,5,5,0,点名，分数不错，考试有点难
150488,3939,张慧,2022-01-26 15:03:09,2,3,1,给分挺不错，没有被正态，喜提4.5
150634,3939,张慧,2022-02-06 09:30:36,3,4,1,其实是一个还可以的老师
154274,3939,张慧,2022-05-28 00:26:44,0,1,1,一般水平是有的
154299,3939,张慧,2022-05-29 12:52:38,3,4,1,老师讲课挺清晰的，讲的知识也有用
164439,3939,张慧,2022-12-21 03:53:54,1,1,0,还行吧
165346,3939,张慧,2023-01-02 04:02:33,1,3,2,给分还行，朋辈课
176135,3939,张慧,2023-06-28 02:29:32,2,4,2,给分还行哦，我们寝室两个4.5，两个4.8.
193942,3939,张慧,2024-06-21 03:02:30,0,0,0,形策给分还不错，事情相比起来也是最少的那一档\n\n不太需要纠结卡绩，感觉应该是给每个人调成区间最高了，因为我认识的人分布在不同区间都刚好卡绩\n\n感觉评分偏低了，还可以的，上课也不是很水
194775,3939,张慧,2024-06-25 11:25:32,4,4,0,形策5.0前来还愿。事情在所有班里算是少的，给分还不错的，但其实最主要还是看个人，期末考多写点肯定分数肯定不会低的。
201186,3939,张慧,2024-10-30 00:48:30,1,1,0,形策，感觉给分还不错
213247,3939,张慧,2025-01-16 12:54:31,0,0,0,纯sb，上个辣鸡通识还给lz拉绩点
221353,3939,张慧,2025-06-23 04:15:03,0,0,0,朋辈课给分不错  老师看上去比较严肃实际上还是挺好的
70920,3947,王鸿阳,2018-01-28 00:22:44,11,41,30,巨爽，老师超帅
70923,3947,王鸿阳,2018-01-28 00:24:09,-27,17,44,刷屏现场
70926,3947,王鸿阳,2018-01-28 00:26:06,24,67,43,长得太帅影响我学习了(╯‵□′)╯︵┻━┻
70929,3947,王鸿阳,2018-01-28 00:28:37,112,169,57,最好的导员，根本找不到差评的理由。导员是他，三生有幸。\n\n军训时，王导同情“不睡觉大学”的我们，安排时间非常合理，真的关心我们。我询问分数，老师凌晨三点还在回我。竺院14连，280人，某某人提出正态分布，每一个3.0，相信对于王导都像刀割一样。\n\n学期间主动找大家谈话，谈心。\n\n考试结束，天气渐凉，有发来暖心的短信。\n\n王导要照顾几百人，真的辛苦。在导员方面，应当绝对点赞???
70932,3947,王鸿阳,2018-01-28 00:30:33,11,37,26,帅，幽默风趣\n\n
70940,3947,王鸿阳,2018-01-28 00:40:23,11,38,27,王鸿阳真的帅！
70941,3947,王鸿阳,2018-01-28 00:40:32,30,58,28,遇到这么棒的辅导员真是三生有幸，为了能有王导这么好的导员我也要拼了命地留在院里啊！
70945,3947,王鸿阳,2018-01-28 00:42:22,-31,24,55,最难忘的是邂逅你的那个夜晚，你坐在我的身边，拼着同一副拼图。你微微一笑：我是新来的辅导员。多么阳光，多么令人迷醉。我想我不可救药地爱上了你
70946,3947,王鸿阳,2018-01-28 00:42:43,11,40,29,肤白貌美！！不接受反驳！！绝对的暖男一枚，平时和我们玩成一片，在他的带领下脱单率再创新高（对不起我拖后腿了），考试周给我们发了好几条短信鼓励我们，还会卖萌～当然是给满分啦QwQ
70947,3947,王鸿阳,2018-01-28 00:43:04,8,34,26,王导太棒了
70948,3947,王鸿阳,2018-01-28 00:43:55,48,84,36,最好的辅导员没有之一，王导是我来这里不后悔的最大原因，考试期间给大家发短信加油打气，放假也会发短信提醒要注意的事情。还有还有，王导超级帅！！！男神到不行，跑步健身都很棒。而且很暖，有什么不开心都可以去找他聊聊，很平易近人，经常和学生们参加活动。总之就是，不给十分良心过不去
70952,3947,王鸿阳,2018-01-28 00:47:33,20,44,24,王导你太帅了！
70955,3947,王鸿阳,2018-01-28 00:50:03,37,66,29,无理由的好评\n\n因为身为辅导员各个方面都无可挑剔\n\n责任心爆棚“细腻有温度的工作”\n\n就希望王导这么帅早日脱单啊！
70958,3947,王鸿阳,2018-01-28 00:54:37,20,48,28,或许这就是暖心男神
70966,3947,王鸿阳,2018-01-28 01:11:09,20,45,25,巨帅，超暖，绝对满分不解释
70977,3947,王鸿阳,2018-01-28 01:23:42,-26,26,52,你这么帅，做我男朋友怎么样？
71025,3947,王鸿阳,2018-01-28 01:55:12,35,62,27,不想多说，来浙里最幸运的两件事，一件是进了竺院，另一件是有王导做辅导员。
71029,3947,王鸿阳,2018-01-28 01:59:03,-25,22,47,我要占领这片地方，只为了给你打call。
71040,3947,王鸿阳,2018-01-28 02:03:02,-27,15,42,还行吧给分不错
71044,3947,王鸿阳,2018-01-28 02:05:21,11,40,29,肤白貌美竺院第一月老?
71046,3947,王鸿阳,2018-01-28 02:06:05,-25,17,42,世界上最好的辅导员，颜值高到没话说，超暖的阳阳，要亲亲抱抱举高高￣﹃￣
71048,3947,王鸿阳,2018-01-28 02:14:32,19,43,24,全世界最好的辅导员！不接受反驳！从军训开始到现在，给了我们太多的帮助、欢乐和鼓励，
71053,3947,王鸿阳,2018-01-28 02:10:47,11,35,24,王导超级暖！而且很幽默！
71054,3947,王鸿阳,2018-01-28 02:11:03,17,43,26,这样的辅导员，10分不够¯\_(ツ)_/¯
71055,3947,王鸿阳,2018-01-28 02:11:30,10,34,24,开心，笔芯
71074,3947,王鸿阳,2018-01-28 02:25:36,17,43,26,绝对是最好的辅导员，王导学霸男神。
71077,3947,王鸿阳,2018-02-04 11:38:57,32,61,29,最幸运的事是军训辅导员是他，不幸的是年级辅导员不是他\n\n没有diss别的辅导员的意思，可是我真的好想让王导做我们的辅导员啊QAQ
71091,3947,王鸿阳,2018-01-28 02:48:17,13,36,23,沉迷于王导肤白貌美的盛世美颜，哈哈哈哈哈哈真的是超级暖心的辅导员，和每一位同学都很亲近，很幽默，很酷
71100,3947,王鸿阳,2018-01-28 02:53:11,23,51,28,帅气迷人，温柔负责；上得厅堂，下得厨房；竺院第一月老，八卦集散中心，做他另一个学期的学生助理，被室友嫉妒死了。王导，你说说你，咋这么好呢。唯一一点不好的——啥时候给我们找个嫂子啊。
71104,3947,王鸿阳,2018-01-28 03:02:25,33,57,24,王导不是直接带我的辅导员啊但是真的很棒了！能不能不要长得这么帅，真的关心学生，满分没话说
71114,3947,王鸿阳,2018-01-28 03:23:27,30,81,51,看见大家都在说他帅 我觉得都是水军 因为王导芙蓉不及美人妆，水殿风来珠翠香 眉梢眼角藏秀气，声音笑貌露温柔 冰肌自是生来瘦，那更分飞后 朱粉不深匀，闲花淡淡香。细看诸处好，人人道，柳腰身 满搦宫腰纤细，年纪方当笄岁。刚被风流沾惹，与合垂杨双髻。初学严妆，如描似削身材，怯雨羞云情意，举措多娇媚
71220,3947,王鸿阳,2018-01-31 13:12:26,-32,39,71,1分，为什么不可以打零分？
71305,3947,王鸿阳,2018-01-28 09:15:13,9,33,24,好好好
71463,3947,王鸿阳,2018-01-28 13:20:41,10,42,32,王导真心赞。严肃的时候让你心惊胆战，暖心的时候让你小鹿乱撞，卖萌的时候让你花枝乱颤，肤白貌美，嗯没错，就是他，王鸿阳!
71546,3947,王鸿阳,2018-01-28 15:11:20,30,54,24,考试周还会发慰问短信的暖心辅导员\n\n(然而我考试周前那条加油的没收到，只收到考试周凉凉以后安慰的那条→_→
72243,3947,王鸿阳,2018-01-29 15:26:23,-22,18,40,打call最美辅导员
72890,3947,王鸿阳,2018-01-31 09:22:46,26,49,23,超级棒超级棒！！！！
72964,3947,王鸿阳,2018-01-31 12:33:30,8,31,23,啊，棒
73225,3947,王鸿阳,2018-02-01 08:01:51,6,30,24,男神！
73774,3947,王鸿阳,2019-04-30 09:23:42,-22,50,72,无比讨厌
73817,3947,王鸿阳,2018-02-03 06:53:32,-27,14,41,给王导跪安
74103,3947,王鸿阳,2019-04-30 09:21:46,-19,63,82,世俗，所以懂得如何笼络人心?这样说偏激了，但王导绝没有所谓的那么好。
74426,3947,王鸿阳,2018-02-21 14:20:31,8,31,23,男神！
74444,3947,王鸿阳,2018-02-24 06:42:16,19,40,21,温暖阳光的大男孩
74567,3947,王鸿阳,2018-12-24 06:03:56,-22,55,77,对不同同学区别对待真是够了
76035,3947,王鸿阳,2018-03-25 10:23:12,-6,35,41,莫名其妙3.0，尽管比别的同学做的多。不过老师还是不错的
80122,3947,王鸿阳,2018-06-20 08:07:05,-28,18,46,辅导员真的超级棒！！！但是军训给分很难说了，说好连部的不会超过3点几来着，最后有一个同学我知道是连部的有4.8
80243,3947,王鸿阳,2019-06-22 18:34:08,45,73,28,评奖评优是制度的锅，不是王导的，虽然我是受害者，虽然我听说有均绩比我低了0.7+的人拿了一奖而我是三奖，虽然大二我还是没有玩命参加活动，面临着无法突破三奖的命运，但是王导就是10分，没毛病。
82240,3947,王鸿阳,2018-07-07 14:20:15,15,42,27,发现王导 满分不解释
85956,3947,王鸿阳,2018-08-26 03:44:01,-20,47,67,对同学区别对待，差评
91136,3947,王鸿阳,2018-12-01 11:38:43,-23,34,57,好在哪？
91587,3947,王鸿阳,2018-12-14 12:40:33,-27,29,56,在这里刷好评的有事吗？认真的？
91593,3947,王鸿阳,2019-04-30 09:20:58,-18,46,64,就是个辣鸡，评奖评优设租寻租，就比如，请问王导，学生会那几位主席副主席的排名和他们的奖学金配吗？
91597,3947,王鸿阳,2018-12-15 03:11:46,-29,28,57,发现王导，一分不解释
91631,3947,王鸿阳,2018-12-16 17:24:24,-26,27,53,我的马鸭，评论的人是怎么了，夸成这样是疯了吗？有一种微博nc粉控评的感觉，败坏本来就不多的好感
91717,3947,王鸿阳,2018-12-18 16:25:55,-30,20,50,根本找不出差评的理由？你给我找几条好评的理由先？夸帅夸暖心的没事吧？？
91736,3947,王鸿阳,2018-12-19 03:51:34,-27,27,54,确实对不同同学区别对待，真的是
91812,3947,王鸿阳,2018-12-21 03:37:55,-31,20,51,令人很无语
91819,3947,王鸿阳,2019-05-01 09:10:23,-30,23,53,迷之自信，自以为手握大权了不起？上次还在学生面前说某荣誉课任课老师坏话，现在什么人都能当辅导员了？
91835,3947,王鸿阳,2018-12-21 17:03:59,-23,30,53,对一部分同学热情得像舔狗，对一部分同学又冷漠的摆臭脸，虽然对我也不差，但讲真，这个样子给1分都嫌高
91838,3947,王鸿阳,2018-12-22 05:13:58,-29,19,48,辅导员对学生的职责是什么他真的知道吗？
91841,3947,王鸿阳,2019-05-01 09:11:06,-27,30,57,先给1分再说理由：我觉得王老师没有搞清自己是来干吗的，你是辅导员跟同学多多交流没错，但也不是随心所欲只跟自己熟的同学交流，也不是无处不在地交流，班会聚餐哪儿都有你，也不是交流一些不该从辅导员嘴里说出来的东西。一年多下来一开始还挺喜欢，后来真的反感了，以为自己是来竺院交朋友的了？
91842,3947,王鸿阳,2019-04-30 09:22:19,-33,20,53,心疼大家，差老师一学期就摆脱了，差辅导员能阴魂不散两年
91849,3947,王鸿阳,2018-12-23 01:50:57,-29,11,40,装逼倒很能装
91852,3947,王鸿阳,2018-12-23 04:34:28,-30,14,44,本来想给5分，看了底下的无脑评论只想打1分
91853,3947,王鸿阳,2018-12-23 04:42:00,-31,11,42,来浙大最不幸的遭遇，就是不得不接受这样的辅导员
91861,3947,王鸿阳,2019-05-03 04:51:44,-38,13,51,大家看到nc粉的评论都顺手举报一下
91881,3947,王鸿阳,2019-05-04 03:57:34,-6,28,34,能解释一下出什么事了吗？？？？
102199,3947,王鸿阳,2019-01-31 10:35:28,99,104,5,很关心同学的身体和未来的安排，永远最晚最拼的辅导员，别的老师口中“把办公室当家”的认真的男人。吐槽评奖评优和军训正态的可以移步校长信箱举报制度
102774,3947,王鸿阳,2019-02-23 00:36:11,-30,2,32,呵呵呵
103812,3947,王鸿阳,2019-04-30 09:23:58,-6,16,22,有点不明白发生了啥事能具体举例一下吗??\n\n对于我个人来说，因为没有交互，也称不上好不好
104130,3947,王鸿阳,2019-03-12 13:38:38,-30,0,30,。。。1分
104741,3947,王鸿阳,2019-03-27 02:31:52,37,44,7,暖心的王导，请楼上差评的人自重
105142,3947,王鸿阳,2019-04-04 10:26:44,67,72,5,就算他打我男朋友屁股，我也要给他十分
105320,3947,王鸿阳,2019-04-28 04:06:43,57,63,6,最好的王导
105432,3947,王鸿阳,2019-04-13 02:56:36,10,27,17,凭心而论，比某些辅导员热情很多，但是是出于真心还是你们说的世俗什么的我就不知道咯
105476,3947,王鸿阳,2019-04-15 04:40:04,44,50,6,直系辅导员不是王导，然后最近压力很大，和直系辅导员约谈聊天，龟速回消息，到了约谈时间被咕咕，因为她路上约到学生家长，所以我就被咕咕了。\n\n反而是王导会主动关心我。以前因为评奖评优对王导有一些不太好的评价，现在冷静了。希望王导没有被我们的言论伤害到。\n\n日久见人心！
105746,3947,王鸿阳,2019-04-19 15:09:23,14,27,13,王导是最好的辅导员，受伤了打电话秒回，运动的短裤衣服都没换就过来，自己完全没有休息时间可言，随时在岗，随时为学生负责。真的很感动。
105747,3947,王鸿阳,2019-04-19 15:13:04,-19,1,20,接触不多
105780,3947,王鸿阳,2019-04-20 10:36:26,69,71,2,又看到了吃学霸餐肝锅的王导，心疼。觉得王导是真的很负责任的辅导员，希望对奖学金什么有怨气的同学口下留德。
105820,3947,王鸿阳,2019-04-21 08:57:29,42,46,4,个人不是很外向，有的时候遇到辅导员和老师会比较怕尴尬，走近了才会小声打招呼，然后某些辅导员看我远远的没有主动打招呼，走近的时候都是假装没看到我，就很尴尬。。。但是王导真的超级热情，会很认真的和你打招呼，感觉到了春天的温暖。。。
105844,3947,王鸿阳,2019-04-22 01:44:36,54,57,3,大四老狗了，回紫金港遇到王导会被很热情的打招呼，对竺院的归属感，很大一部分来自热情的辅导员吧。
105909,3947,王鸿阳,2019-04-23 02:42:51,-12,0,12,
106004,3947,王鸿阳,2019-04-24 08:08:38,19,24,5,期中也有考试周暖心短信就好了！
106029,3947,王鸿阳,2019-04-24 11:34:44,17,22,5,任尔东西南北风，恶意差评者自重。
106134,3947,王鸿阳,2019-04-25 05:39:47,22,27,5,偶遇王导和另一个女老师or辅导员，会顺手帮忙拿袋子真的很暖啊！温柔和热情真的是美德！不要因为王导对大家都很好就怀疑王导心机深沉(/ω＼)
106226,3947,王鸿阳,2019-04-25 23:30:20,19,25,6,目光如炬吧，有时候觉得自己还挺深沉懂事的，然后会被王导一眼看穿。心事可以放心的和王导讲，不会被传播，也不会光给你讲没用的道理，会努力帮助你。
106238,3947,王鸿阳,2019-04-26 02:16:08,18,22,4,注意休息啊王导！
106474,3947,王鸿阳,2019-05-03 10:14:09,-15,9,24,有人解释一下最近两位辅导员评分剧烈变动的原因吗？
107065,3947,王鸿阳,2019-05-01 09:10:43,-11,3,14,吃瓜...
107262,3947,王鸿阳,2019-05-03 00:22:26,24,26,2,虽然不知道为啥卢导为什么掉分，但是在王导这里问为什么王导会涨分的，总觉得奇奇怪怪。我觉得看评论区对王导的评价还挺中肯啊，虽然不乏迷妹的呐喊，但是奖学金事件过去那么久了，大家都冷静了，不迁怒王导了，就自然分回来了...
107306,3947,王鸿阳,2019-05-03 10:15:42,-9,3,12,最近发生了啥子啊
107536,3947,王鸿阳,2019-05-10 23:48:23,-2,6,8,刷分？
108077,3947,王鸿阳,2019-05-27 23:37:46,0,12,12,我只想说：这世上没有永恒的朋友，只有最大化了的利益。周围有些人学问再高，却财迷心窍，小小年纪便炼成腔势，恬不知耻，我感觉他们还不如农民工。
108774,3947,王鸿阳,2019-06-01 21:31:32,0,4,4,。。。
108947,3947,王鸿阳,2019-06-04 14:26:59,4,11,7,区别对待太明显
108948,3947,王鸿阳,2019-06-04 14:27:34,4,10,6,区别对待
108956,3947,王鸿阳,2019-06-04 16:56:25,4,7,3,给我一个低分的理由？摸着良心真的有？
109065,3947,王鸿阳,2019-06-06 12:35:04,0,8,8,一直不喜，感觉是笑面虎
109269,3947,王鸿阳,2019-06-12 13:15:06,3,4,1,评奖评优估计又要掉一波分了，心疼
109392,3947,王鸿阳,2019-06-13 23:48:14,0,8,8,除了呵呵还能说什么，一身官僚气
115006,3947,王鸿阳,2019-07-14 03:24:17,4,4,0,王导今年要去经院了
116006,3947,王鸿阳,2019-08-29 06:29:20,1,2,1,超帅超暖，军训有王导超幸运～
116060,3947,王鸿阳,2019-09-02 02:53:00,4,5,1,王导人真的超级好，可以说是军训最好的辅导员，下一点雨就不会强行出门拉练，非常关心学生。（最主要还很帅）
116072,3947,王鸿阳,2019-09-02 14:08:05,0,1,1,温柔耐心，给人感觉良好
116080,3947,王鸿阳,2019-09-03 04:54:36,1,2,1,守护最帅的王导 最好不接受之一
116092,3947,王鸿阳,2019-09-03 10:59:01,0,1,1,很帅很帅
116110,3947,王鸿阳,2019-09-04 04:15:10,0,1,1,最好的指导员，没有之一\n\n
116111,3947,王鸿阳,2019-09-04 04:15:43,0,1,1,守护最好的王导\n\n
116118,3947,王鸿阳,2019-09-07 11:19:02,1,2,1,守护全世界最好的王导❤️
116119,3947,王鸿阳,2019-09-04 13:26:57,0,1,1,很好的指导员。
116120,3947,王鸿阳,2019-09-04 13:27:44,0,1,1,王导一直很温柔，关心我们的生活
116121,3947,王鸿阳,2019-09-04 13:28:33,0,1,1,简直是男神！
116122,3947,王鸿阳,2019-09-04 13:28:42,0,0,0,王导人帅心热
116123,3947,王鸿阳,2019-09-04 13:30:33,2,4,2,觉得进大学以后最幸运的两件事一件是进了竺院另一件是军训遇到了王导。王导真的太好太好太好太好了是我见过对学生最好的老师长得也是真的帅！超遗憾他只带我军训不是我指导员。能被王导带到的学生真的很幸福！！
116124,3947,王鸿阳,2019-09-04 13:31:09,0,2,2,王导太好了
116125,3947,王鸿阳,2019-09-04 13:32:13,0,1,1,最帅最有人情味的指导员，没有之一。
116126,3947,王鸿阳,2019-09-04 13:32:25,-1,0,1,哈哈哈
116127,3947,王鸿阳,2019-09-04 13:32:30,-1,0,1,好好好
116128,3947,王鸿阳,2019-09-04 13:33:09,5,6,1,确实比较暖，挺帅，发型比较神奇(没有发胶，不知道怎么固定住的)，不过比较好奇评论里的奖学金事件是什么。
116129,3947,王鸿阳,2019-09-04 13:35:25,0,2,2,真正让我体会到指导员对学生的关心，很高兴能在军训遇到王导这样的指导员！王导最帅！
116130,3947,王鸿阳,2019-09-04 13:36:58,0,1,1,非常棒，棒棒哒
116131,3947,王鸿阳,2019-09-04 13:37:02,1,2,1,好好好
116132,3947,王鸿阳,2019-09-04 13:37:23,0,1,1,暖心！
116133,3947,王鸿阳,2019-09-04 13:37:40,0,1,1,非常赞
116134,3947,王鸿阳,2019-09-04 13:37:49,0,1,1,是一个幽默又有风度的男人
116135,3947,王鸿阳,2019-09-04 13:40:08,0,1,1,炒鸡好的辅导员，有魅力人好
116136,3947,王鸿阳,2019-09-04 13:40:13,5,6,1,王导非常体谅学生，能多给我们休息时间尽量多给，经常鼓励大家，比赛输了也会安慰大家，是个难得的好老师。
116137,3947,王鸿阳,2019-09-04 13:40:15,0,1,1,很温暖，很阳光，感觉就像00后，十分的亲切
116138,3947,王鸿阳,2019-09-04 13:41:08,0,1,1,超开心
116139,3947,王鸿阳,2019-09-04 13:41:16,0,1,1,好好好
116140,3947,王鸿阳,2019-09-04 13:41:27,0,1,1,王导帅气
116141,3947,王鸿阳,2019-09-06 09:41:05,8,9,1,也就那样⑧ 成绩不出来之前大家都给10哈哈
116142,3947,王鸿阳,2019-09-04 13:42:15,6,8,2,王导是真的好，又帅又暖超级温柔！我不是颜控迷妹，摸着良心讲，王导真的是个细腻温柔又不失威严的好老师，体谅学生关心学生，做事高效又平和，认真负责，军训能遇见王导真的太幸福了。不接受恶意差评，这样的指导员100分不够。
116143,3947,王鸿阳,2019-09-04 13:43:28,1,2,1,王导炒鸡好
116144,3947,王鸿阳,2019-09-04 13:55:18,6,7,1,很幸运能有王导带我们军训，王导真的很替我们着想，做事不拖泥带水，很暖心很可爱，拔河的时候与我们一起呐喊，输的时候暖心的鼓舞，还为军训期间生日的同学集体送上祝福。守护世界上最好的王导！
116147,3947,王鸿阳,2019-09-04 13:57:00,0,1,1,太暖了 真心喜欢
116148,3947,王鸿阳,2019-09-04 13:58:51,0,1,1,严厉时凛冬，和蔼时暖春。套路多多，惹人喜爱。亦庄亦谐，大师风范。
116149,3947,王鸿阳,2019-09-04 14:12:27,0,1,1,认真负责，幽默风趣
116151,3947,王鸿阳,2019-09-04 14:46:13,1,2,1,牛逼的老师
116152,3947,王鸿阳,2019-09-04 15:58:15,0,1,1,帅气我王导，人好话不多
116154,3947,王鸿阳,2019-09-04 22:08:15,1,2,1,王老师很耐心很负责
116155,3947,王鸿阳,2019-09-04 22:24:32,1,2,1,散发着人格魅力的人，举手投足皆见涵养，天生的领航者，暖心的大哥哥～
116157,3947,王鸿阳,2019-09-05 01:47:00,1,2,1,最好的指导员\n\n爱了爱了
116169,3947,王鸿阳,2019-09-05 10:03:54,2,3,1,感谢王导军训期间对我们的关心和照顾?
116171,3947,王鸿阳,2019-09-05 11:47:48,1,3,2,挺好的一个老师，虽然估计我得79了，但是还是挺他
116181,3947,王鸿阳,2019-09-05 14:49:51,0,1,1,快乐。
116182,3947,王鸿阳,2019-09-05 14:49:59,2,3,1,王导超帅超贴心超温柔 大学第一个遇到王导真的让我十分感激\n\n王导全宇宙最帅！不接受质疑
116183,3947,王鸿阳,2019-09-05 14:56:05,2,3,1,超级棒！特别暖心！
116201,3947,王鸿阳,2019-09-06 06:03:05,1,2,1,王导超好，很为我们考虑，最好的指导员没有之一
116218,3947,王鸿阳,2019-09-06 09:44:30,-1,1,2,我人生中第一个指导员，也是最好的一个！
116228,3947,王鸿阳,2019-09-06 10:54:49,-1,1,2,好，太好了，很好的指导员
116230,3947,王鸿阳,2019-11-16 03:42:03,0,13,13,好像再见他一次啊，见他一次打他一次\n\n
116234,3947,王鸿阳,2019-09-06 11:51:56,-1,1,2,超温柔der
116260,3947,王鸿阳,2019-09-06 22:09:06,1,2,1,明明外在像是个霸总，结果有时候会笑的像个傻子，不过真当超可爱
116282,3947,王鸿阳,2019-09-07 09:49:27,0,1,1,王导威武
116283,3947,王鸿阳,2019-09-07 10:05:21,0,1,1,超级喜欢 人超好 超暖 很体贴
116286,3947,王鸿阳,2019-09-07 12:39:54,3,5,2,王导真的非常好，对每个学生都很好，感觉是真的爱着教育、爱着学生，军训的时候感觉是从心里心疼学生但是又不得不让大家吃苦，把学生们当朋友，把学校当家，最爱王导。最后一天一帮人把王导啊了（23333）。（第一次打分就是王导的10分，小激动小忐忑）
116287,3947,王鸿阳,2019-09-07 10:48:24,-1,0,1,好好好
116288,3947,王鸿阳,2019-09-07 10:50:46,0,1,1,良心laos
116289,3947,王鸿阳,2019-09-07 11:08:05,-1,0,1,老师草鸡草鸡棒～
116290,3947,王鸿阳,2019-09-07 11:09:53,1,2,1,虽然军训分数不理想，但还是大喊一声，王导nb
116291,3947,王鸿阳,2019-09-07 11:11:07,-1,0,1,nb！！！！
116292,3947,王鸿阳,2019-09-07 11:13:32,0,1,1,感谢王导和教官带来的难忘的大学第一课
116293,3947,王鸿阳,2019-09-07 11:14:18,1,1,0,。。。
116294,3947,王鸿阳,2019-09-07 11:15:20,6,7,1,冬练三九不怕寒，夏练三伏不怕热，要问这是为什么，为了打击侵略者，为了打击侵略者!十四连向王导致敬!
116295,3947,王鸿阳,2019-09-12 14:41:39,1,5,4,别的不说，长的真像迪马利亚，帅帅帅
116296,3947,王鸿阳,2019-09-07 11:26:06,-1,0,1,最好的老师
116297,3947,王鸿阳,2019-09-07 11:36:48,-1,0,1,最快乐的老师
116313,3947,王鸿阳,2019-09-08 04:18:16,2,5,3,王导真是一位温柔帅气的指导员，给分很高而且很体贴，军训服没干，他让我们立刻回去换干的衣服来。从不过多占用我们的时间，让我们能在艰苦的军训之余有充分的时间休息。10分不用说！
116323,3947,王鸿阳,2019-09-08 09:54:07,3,5,2,最好的指导员，没有之一！！\n\n（阳阳，看看妈妈吧～～～）
116337,3947,王鸿阳,2019-09-08 14:22:02,-1,1,2,非常好
116424,3947,王鸿阳,2019-09-10 07:01:09,-1,2,3,王导人超好的！
116532,3947,王鸿阳,2019-09-11 06:29:33,-2,1,3,人很好
116637,3947,王鸿阳,2019-09-12 06:10:39,-2,1,3,good
116835,3947,王鸿阳,2019-09-16 10:09:05,-3,1,4,一级棒
116852,3947,王鸿阳,2019-09-16 23:43:19,5,9,4,阳阳！到妈妈这里来！
117465,3947,王鸿阳,2019-09-25 00:38:35,-2,2,4,阳阳超棒！
120939,3947,王鸿阳,2020-01-19 00:20:17,0,3,3,我操了，上课玩手机被抓，迟到1分钟被记，真是操了，不错不错，没收我手机
123986,3947,王鸿阳,2020-06-19 01:08:38,3,5,2,差评实锤
133217,3947,王鸿阳,2021-02-19 03:45:38,0,4,4,呵呵呵，见他一次打一次。
142070,3947,王鸿阳,2021-11-05 05:19:29,0,2,2,王鸿阳调走了 来了个傻逼王璐莎😅 😅 一言难尽 在这里缅怀王导
154237,3947,王鸿阳,2022-05-26 16:15:20,7,8,1,升任领导之后整个人都变了，伪君子一个
159641,3947,王鸿阳,2022-08-22 12:09:50,-2,0,2,我没上过但是我想上
165248,3947,王鸿阳,2022-12-30 13:41:40,-1,1,2,别的不知道 王导现在常驻临湖2楼隔壁，时不时我去弹琴还能还记得我\n\n2017级很怀念他
179615,3947,王鸿阳,2023-09-19 01:10:21,2,2,0,炒鸡好，炒鸡棒，炒鸡帅
189251,3947,王鸿阳,2024-01-22 15:15:53,2,2,0,海底捞，人炒鸡棒
190100,3947,王鸿阳,2024-02-21 16:21:57,0,0,0,思政课观感很好，能给的分数都会给到，点名会趁人多的时候点，为人温柔帅气
197890,3977,葛坚,2024-08-19 15:13:13,-2,0,2,还可以
107341,4147,王乔,2019-05-04 05:42:21,-5,4,9,温柔，大方，每次找老师签字盖章约好了时间都很准时，而且活动预算什么的真爽利hhhhh
116052,4147,王乔,2019-09-01 12:52:32,6,11,5,傻逼一个，为了个人的成绩完全不顾学生的感受，军训好的方面什么都不说，坏的方面么天天喷，教官都不让训练了她还坚持让学生受苦，不多说了，真是个傻B。
116446,4147,王乔,2019-09-10 14:58:17,-2,7,9,老师人真的挺好的，训练的时候尽量让我们多休息，也挺耐心的，我私聊的问题都会认真答复，不知道她在另一个页面的评价为什么这么烂。不过给分...说不上太好，比起隔壁赵金栋还是差了点，不过我自己确实有要被扣分的点，也没啥好辩解的。总体来说还是10分❤️
117208,4147,王乔,2019-09-20 10:42:33,7,10,3,说话呛
117212,4147,王乔,2019-09-20 11:02:18,6,8,2,建议对学生的态度再差一点嗷
117533,4147,王乔,2019-09-25 11:58:30,6,9,3,呵呵呵
117619,4147,王乔,2019-09-27 00:31:59,-7,2,9,人特别特别特别好
117667,4147,王乔,2019-11-16 02:48:12,-4,5,9,我觉得乔姐很好啊…也许有时候在群里说话会严厉，那也是你们水群水的连消息都看不到的时候。\n\n当面跟她交流真的是很亲切，会设身处地帮你考虑，你有问题就主动找她，多多咨询，不然你还等着辅导员主动来跟你嘘寒问暖吗
117810,4147,王乔,2019-10-02 08:48:23,-6,1,7,除了湄公河行动没有放完之外，其他都很好啊
118317,4147,王乔,2019-10-24 16:24:27,-4,3,7,我觉得OK.\n\n
139883,4147,王乔,2021-08-09 06:30:55,3,8,5,傻逼辅导员一个，为了自己不担责任，根本不替学生考虑，反正给学生造成的麻烦她自己也不用承担呗，一刀切技术倒是学的很麻利
141248,4147,王乔,2021-09-27 07:05:07,3,4,1,人倒是还行，就是底下带训干部一言难尽，打牌吃外卖睡大觉，绝了
193231,4147,王乔,2024-06-05 08:03:30,2,2,0,说话很呛，恐怖
198181,4147,王乔,2024-09-04 03:12:07,3,3,0,要求贼多，还不一次性给，真的离谱
198294,4147,王乔,2024-09-06 07:16:55,3,3,0,无理的要求贼多，让学生多了很多不必要的麻烦
198295,4147,王乔,2024-09-06 07:18:02,6,6,0,事情安排不好，老是搁那说别人不好
198404,4147,王乔,2024-09-08 13:41:20,1,1,0,这老师真的不行。
199206,4147,王乔,2024-09-19 04:08:48,1,1,0,压力学生有一手😅
216944,4147,王乔,2025-03-30 05:17:46,0,0,0,收敛收敛
219390,4147,王乔,2025-05-26 08:08:10,0,0,0,压力学生确实有一手
70954,4548,卢佳颖,2019-04-30 09:26:24,-26,12,38,卢导很漂亮很温柔！
70956,4548,卢佳颖,2019-05-03 12:07:53,-27,24,51,可爱\n\n毕竟是个丢校园卡的辅导员。\n\n负责\n\n工作业务还是处理到位，虽然偶尔发通知略迟一点hhh。\n\n暖心\n\n对同学们真的很关心。个人为例的话发烧的时候她算是第一个主动提出关照的？新年还有小礼物，令人惊喜。
70961,4548,卢佳颖,2019-05-01 09:09:34,41,63,22,有种兔子警官当上警察局长的感觉（佳颖姐的军装超级帅！）
70974,4548,卢佳颖,2018-01-28 01:21:09,-15,21,36,佳颖姐爱您
71049,4548,卢佳颖,2019-04-30 09:25:13,-30,17,47,超美的导员姐姐~评论说的兔子警官很贴切了
71052,4548,卢佳颖,2019-04-30 09:24:59,-36,12,48,我们佳颖仙女无敌可爱，人温柔又负责，给分还好。军训的时候负责又温柔。对我们超级好。
71056,4548,卢佳颖,2019-04-30 09:27:38,-27,13,40,卢导超级温柔的啊有木有！
71107,4548,卢佳颖,2018-01-28 03:04:20,-36,13,49,哇佳颖姐真的好看啊！！！炒鸡温柔还给我们发小礼物，很关心学生了~
71120,4548,卢佳颖,2019-04-30 09:24:31,-28,16,44,就觉得两个辅导员都超级赞的呀
71168,4548,卢佳颖,2019-04-30 09:26:13,-32,10,42,卢导是真的萌，而且真的真的很负责，超级喜欢
71460,4548,卢佳颖,2019-04-30 09:25:21,-34,14,48,超级喜欢佳颖姐。时而稳重，时而可爱，时而小迷糊，哈哈，总之是个特别特别好的辅导员，比心。
72200,4548,卢佳颖,2019-05-01 09:09:39,-37,9,46,佳颖姐真的很温柔，重点是很真诚而且踏实不浮夸（*/∇＼*）
72413,4548,卢佳颖,2019-04-30 09:26:28,-17,17,34,表白佳颖姐
73818,4548,卢佳颖,2019-05-01 09:09:47,44,54,10,佳颖姐才是交叉的辅导员小姐姐啊……王导刷了这么多不给佳颖姐刷的吗
75295,4548,卢佳颖,2019-04-30 09:26:19,-34,6,40,超温柔，体贴同学的好辅导员
76364,4548,卢佳颖,2019-06-22 18:36:13,88,107,19,做梦时梦见自己将佳颖姐拥入怀中，会是什么暗示？莫非是佳颖姐太漂亮还是太温柔，还是自己早已想要表白佳颖姐。感觉自己思想有点危险……??‍♂️ 最近评论区怕是中了病毒，怕会是个人恩怨，不过佳颖姐放心，至少我会永远站在你那头。如果他们都不爱你了，我还是会的。即使我永远无法突破三奖，即使我总是在制度上吃瘪，但是佳颖姐，我永远对你认可。
78387,4548,卢佳颖,2019-04-30 09:27:15,-35,5,40,兔子警官很贴切了?
80809,4548,卢佳颖,2019-04-30 09:25:36,-30,7,37,很温柔很温柔！人特别好
82241,4548,卢佳颖,2019-05-02 02:09:31,-31,10,41,知心姐姐
91988,4548,卢佳颖,2019-04-30 09:26:08,-18,13,31,佳颖姐佳颖姐！我爱佳颖姐！
102198,4548,卢佳颖,2019-05-01 09:29:06,32,42,10,区别对待还是有点不舒服的。。。感觉每时每刻都在看所有人的绩点。。。这学期绩点比较高。。。突然就变得很客气很关心了。。。
105431,4548,卢佳颖,2019-05-01 09:29:17,21,34,13,就很含糊，不走心，怕事，明哲保身型？
105475,4548,卢佳颖,2019-05-01 09:29:32,20,37,17,对一部分同学热情得像舔狗，对一部分同学又冷漠的摆臭脸，虽然对我也不差，但讲真，这个样子给1分都嫌高
105744,4548,卢佳颖,2019-05-01 09:10:00,-48,3,51,超！可！爱！（没有啊虽然我绩点惨不忍睹但佳颖姐还是经常来关心我哈哈）
105779,4548,卢佳颖,2019-05-01 09:29:38,29,41,12,去交表格的时候，听到她和别的老师讲同班同学的情况，虽然很难评判为背后讲同学坏话，但是拿着别人的私事和别的老师讲笑话一样，好像有些过分吧
105819,4548,卢佳颖,2019-04-21 08:54:37,-16,12,28,可！爱！
105828,4548,卢佳颖,2019-05-01 09:29:26,35,39,4,长的好好看啊，消息回复更及时一点就更好了
105843,4548,卢佳颖,2019-04-22 01:41:12,5,24,19,超！可！爱！（虽然我绩点惨不忍睹但佳颖姐还是经常来关心我哈哈哈）
105908,4548,卢佳颖,2019-04-30 09:26:01,34,37,3,好！看！笑起来咯咯的像母鸡一样太可爱了(⁄ ⁄•⁄ω⁄•⁄ ⁄)
105910,4548,卢佳颖,2019-04-23 02:54:57,-30,3,33,好！看！笑起来鸽鸽鸽的像咕子? 一样太可爱了(⁄ ⁄•⁄ω⁄•⁄ ⁄)\n\n
106003,4548,卢佳颖,2019-04-30 09:27:28,-14,11,25,就很可爱呐！(｡･ω･｡)ﾉ♡
106028,4548,卢佳颖,2019-05-01 09:29:45,30,32,2,很温柔啊卢导，对话的时候不会打断你，虽然有时候视线比较飘忽，有一种没听的赶脚(/ω＼)
106133,4548,卢佳颖,2019-04-25 05:35:59,33,37,4,没有啊佳颖姐人超好，对挂科的同学也很好的，对你们不好是你们自己有问题吧！无奈╮（╯＿╰）╭
106225,4548,卢佳颖,2019-04-25 23:27:56,12,25,13,佳颖姐人很好啊！自己有问题就没资格要求别人啊！
106237,4548,卢佳颖,2019-04-26 02:14:27,35,37,2,表白温柔可爱的佳颖小仙女，不接受任何批评！(/ω＼)
106268,4548,卢佳颖,2019-04-26 04:36:02,13,24,11,颜即正义，不接受奇奇怪怪的指责(▼皿▼#)
106278,4548,卢佳颖,2019-04-26 05:47:20,20,28,8,虽然我绩点惨不忍睹但佳颖姐还是经常来关心我，我觉得佳颖姐人很好啊，说坏话的还是先反思一下自己吧(〜￣▽￣)〜
106316,4548,卢佳颖,2019-05-01 09:30:08,-5,16,21,对同学的区别对待。。。不仅体现在绩点上。。还体现在性别。。。和背景上。。。
106380,4548,卢佳颖,2019-04-27 01:00:37,18,24,6,好看！好好看！超级好看！想不出夸什么了，反正就是很好！(≧∇≦)/
106387,4548,卢佳颖,2019-05-01 09:29:54,22,25,3,应该挺负责任的吧，感觉好像一直很忙，去办公室经常找不到人，有时候提前约了时间还是找不到人，是真的很忙吧
106447,4548,卢佳颖,2019-04-27 12:20:47,23,24,1,卢佳颖好看哟
106533,4548,卢佳颖,2019-04-28 04:38:02,23,24,1,卢导特别善良的，和我讲起别的同学，也会叮嘱我，不要把她告诉我的事情说出去，真的不会背后说别人坏话的
106541,4548,卢佳颖,2019-04-28 05:03:22,-18,2,20,是要走了吗，终于?
106829,4548,卢佳颖,2019-04-30 09:22:35,-14,6,20,我不知道为什么 我一条18.2.13的评论“就觉得两个辅导员都超赞的呀”能从20个赞点到-10 在我看来 无论绩点如何 两个辅导员对我来说都算无微不至 看到一些恶评也能理解他们所说的 但是我真的不是很理解为什么两个辅导员的评分能出现这种翻天覆地的变化。他们到底做什么了？
107064,4548,卢佳颖,2019-05-01 09:09:20,-17,0,17,发布时间还会变的吗，害怕?
107068,4548,卢佳颖,2019-05-01 09:33:20,-11,4,15,吐槽有度，口下留情。心态平和，公正打分。别和微博一样鸭
107104,4548,卢佳颖,2019-05-01 14:39:03,-11,2,13,这都啥啊评论区
107263,4548,卢佳颖,2019-05-03 10:11:20,19,20,1,佳颖姐的头等迷妹前来报道(｡･ω･｡)ﾉ♡话说大家对佳颖姐好苛刻啊，就算对佳颖姐有一些小小的意见和建议，可以直接提嘛，佳颖姐人很好的，超级温柔的。在这里打低分真的很伤人心。希望大家公正打分，不要因为小情绪就打1分，良心真的过的去吗？？？( •̥́ ˍ •̀ू )
107288,4548,卢佳颖,2019-05-03 04:52:47,8,9,1,温柔善良，迷糊可爱
107305,4548,卢佳颖,2019-05-03 10:11:09,-8,1,9,日久见人心
107451,4548,卢佳颖,2019-05-05 08:55:49,6,7,1,awsl，这也太好看了
107870,4548,卢佳颖,2019-05-10 23:50:06,0,3,3,刷分？
107901,4548,卢佳颖,2019-05-11 03:13:33,3,5,2,有人解释一下究竟发生了什么么
108892,4548,卢佳颖,2019-06-03 18:04:47,1,3,2,佳颖姐在耐心帮交叉解决问题呢！辛苦佳颖姐！
108957,4548,卢佳颖,2019-06-04 16:57:55,1,4,3,人美心善佳颖姐！
139944,4548,卢佳颖,2021-08-22 09:37:31,-3,5,8,帮新生还是很热情吧
141171,4548,卢佳颖,2021-09-25 14:30:28,-1,6,7,佳颖姐yyds！成为佳颖姐带的兵真是太幸运了！
143709,4548,卢佳颖,2021-12-02 07:37:23,1,5,4,认真负责
151168,4548,卢佳颖,2022-02-24 02:33:06,3,5,2,卢老师其实有消息必回啊，有时候微信上聊天也不会对我的骚扰()太反感，只能说卢老师真的挺好的，awa
151376,4548,卢佳颖,2022-03-02 01:26:38,-11,2,13,垃圾fdy
152323,4548,卢佳颖,2022-04-03 15:44:44,1,2,1,正评论
156188,4548,卢佳颖,2022-06-18 05:58:49,-17,4,21,垃圾fdy，屁事多，想被c了吧
159863,4548,卢佳颖,2022-09-07 02:11:27,-2,1,3,这里将会有一篇很长的评论，在一段时间内我会发出来，先放个位置在这里。
160035,4548,卢佳颖,2022-09-12 05:10:20,0,4,4,自以为是的要死
160688,4548,卢佳颖,2022-10-01 09:23:49,2,4,2,反正因为其他连教官的奇怪的自荐选拔方式没能参加队列，分就那样吧，不算高，很不满意，也没捞捞，但也就那样吧，毕竟没有给我们加码，平时也挺不错的。
161394,4548,卢佳颖,2022-11-06 02:22:47,-4,4,8,卢姐姐人真好啊，我一路摸鱼过军训还能给我4.5
163976,4548,卢佳颖,2022-12-17 04:28:56,4,4,0,佳颖姐可以说是十分负责，用心的了。
171610,4548,卢佳颖,2023-03-30 02:30:26,6,6,0,不喜欢以军训单纯来论老师\n\n平心而论从学院管理和对学生的态度\n\n老师都是很不错的了
108586,5206,张帆,2019-05-29 06:09:30,0,6,6,课后作业相比之下算是比较少的，最后的考试其实就是小组展示哈哈哈哈哈哈。
135382,5206,张帆,2021-05-09 03:52:51,2,4,2,什么玩意啊
140458,5206,张帆,2021-09-12 10:18:12,3,4,1,呵呵呵
147971,5206,张帆,2022-01-11 08:41:02,0,0,0,。。。
151275,5206,张帆,2022-02-27 11:23:39,2,4,2,讲得很一般……听得很难受，形势与政策课讲出来的东西感觉没有什么说服力，就是念ppt，ppt上没有就讲得磕磕绊绊……
156606,5206,张帆,2022-06-20 11:54:55,-1,1,2,这还有什么好说的\n\n讲的又烂和给分还差
176198,5206,张帆,2023-06-28 04:27:53,-1,0,1,讲的烂，给分差。有零分我就打零分了
194115,5206,张帆,2024-06-22 05:19:07,0,0,0,今年给分好好诶
