评论id,老师id,老师姓名,发表时间,点赞减去点踩数量,点赞量,点踩量,内容
55640,1278,刘震涛,2017-07-02 05:34:03,3,5,2,好，非常好，给分超好
194904,1278,刘震涛,2024-06-26 01:51:53,2,2,0,给分很不错！课程也比较“水”。\n\n考核：点名10分+一篇论文60分＋一个labview大作业30分。
81007,2354,王慧泉,2018-07-13 06:31:22,2,3,1,给分太差了。不带调分的。
102052,2354,王慧泉,2019-01-30 08:28:08,1,1,0,。。。
160300,2354,王慧泉,2022-09-18 04:13:35,0,3,3,那个叫曾云帆的傻逼能不能闭嘴
160424,2354,王慧泉,2022-09-22 04:42:28,1,3,2,老师还行。\n\n但是曾云帆你给我闭嘴！！！
160425,2354,王慧泉,2022-09-22 04:44:12,1,2,1,那个叫曾云帆的叼毛能不能闭嘴啊
161523,2354,王慧泉,2022-11-08 06:31:50,2,3,1,楼里那几个借着匿名平台实名挂同学的什么玩意不用我多说吧
166533,2354,王慧泉,2023-01-12 15:59:02,4,5,1,给分太差了，复习了这么久，考试也感觉正常多水平发挥，最后成绩很不理想
166578,2354,王慧泉,2023-01-13 01:40:12,1,2,1,垃圾…
187125,2354,王慧泉,2024-01-14 14:54:22,3,3,0,考试好难。。。
187607,2354,王慧泉,2024-01-16 19:55:17,1,1,0,老师上课挺好，考试题和作业题难度相差较大
10135,2442,胡慧珠,2015-11-16 16:48:09,5,7,2,非常催眠
63124,2442,胡慧珠,2017-11-28 13:03:48,0,0,0,NOP
70837,2442,胡慧珠,2018-01-27 15:21:44,0,0,0,。。。
108887,2442,胡慧珠,2019-06-03 15:24:04,0,1,1,数字信号处理实验有点肝…
120213,2442,胡慧珠,2019-11-24 04:31:22,0,0,0,emmmm
125715,2442,胡慧珠,2020-09-13 12:50:00,1,2,1,就...念ppt，实验确实肝
134117,2442,胡慧珠,2021-03-16 08:34:29,0,1,1,嗯...就挺无聊的吧，讲的也不清楚，念ppt...
134435,2442,胡慧珠,2021-03-28 13:29:35,1,3,2,老师，别上课了吧，去做点你擅长的事情吧
182155,2442,胡慧珠,2023-11-10 18:04:20,1,1,0,一个秋学期总共就7个人选，老师实验课没讲过，作业交了也不知道对错，上课讲的贼快，讲的也不清楚，课程设置更是依托答辩，内容多的不想一个半学期的课
46856,2539,叶凌云,2017-01-22 13:45:26,6,8,2,给分真的低啊。承认答题不是很好但是也没有这么恐怖吧
1109,2603,刘刚,2015-03-21 16:10:46,0,1,1,深入浅出循循善诱！
4844,2982,杨春宁,2015-06-29 14:13:27,6,11,5,两次课堂讨论 三次大作业 考试周前一天告诉你10页Word文档 两页手写稿的期末作业复习都没时间 你就等着考完试改签回家的票写他的作业吧 给分坑
6179,2982,杨春宁,2015-07-11 15:54:31,5,9,4,今年是懒得出卷子了么就让我们写十多页的论文？！！
6448,2982,杨春宁,2015-07-14 04:17:36,14,17,3,绩点优秀4.5，良好3.5，中等2.5
6552,2982,杨春宁,2015-07-15 05:50:00,4,4,0,给了我中等啊-_-||
7768,2982,杨春宁,2015-09-15 13:15:50,-1,3,4,好
7769,2982,杨春宁,2015-09-15 13:16:06,4,4,0,课很没意思，给分差异太大，
7866,2982,杨春宁,2015-09-16 00:49:58,3,4,1,很没意思
7953,2982,杨春宁,2015-09-16 07:58:58,3,4,1,每日一分
8312,2982,杨春宁,2015-09-18 08:04:43,0,1,1,好好好好\n\n
9011,2982,杨春宁,2015-10-09 02:59:35,-3,3,6,很好 的老师，能学到很多
9230,2982,杨春宁,2015-10-18 10:12:42,-2,1,3,好    \n\n
10617,2982,杨春宁,2015-11-20 15:34:26,-3,1,4,啊啊啊讲的什么鬼
10653,2982,杨春宁,2015-11-21 14:35:49,5,6,1,挺好的其实，如果自己很水，一直没表现，在课堂上完全是有没有都一样的存在，得分低也是必然的了\n\n
20892,2982,杨春宁,2016-02-03 03:31:57,-3,2,5,就是觉得就觉得就\n\n文二33嗯二人戴菲菲
39729,2982,杨春宁,2016-12-27 07:39:07,1,1,0,辣鸡哦
144949,2982,杨春宁,2021-12-26 04:31:02,0,0,0,。。。
14,3192,董辉跃,2015-03-14 08:51:40,5,8,3,有各种奇怪的作业，讲课比较无聊。。。给分超烂
1410,3192,董辉跃,2015-03-22 02:02:43,0,2,2,给分烂，上课催眠
10387,3192,董辉跃,2015-11-20 08:03:37,2,3,1,认真上课，把握老师上课要点，还是可以考出好成绩的！
21335,3554,俞建杰,2016-02-28 05:21:12,5,7,2,懂的人自然懂 不多说
32918,3554,俞建杰,2016-09-23 11:07:36,3,3,0,渣渣老师
39335,3554,俞建杰,2016-12-22 06:14:18,1,1,0,完全不懂自己上的内容，喜欢搞各种小作业。给分很主观，很坑。
199677,3788,宣海军,2024-09-27 10:30:56,-1,0,1,mdzz
117877,3837,黄瑞,2019-10-07 11:07:44,4,5,1,666
72398,4532,郑旭东,2018-01-30 05:09:11,0,0,0,超级棒
117973,4532,郑旭东,2019-10-17 08:00:15,3,3,0,大面积抽人回答问题，不过都很简单，老师也不会刁难，上课特别轻松，只要稍微听一听就能听懂的\n\n
168134,4532,郑旭东,2023-01-30 01:43:40,0,0,0,上课会抽人回答，但问题不难。讲课节奏很舒服，考试也很简单，上个90轻轻松松
175542,4532,郑旭东,2023-06-25 12:22:14,0,0,0,给分还行，上课会叫人问问题，能学到东西
200369,4532,郑旭东,2024-10-16 09:28:32,0,0,0,东东好。
201068,4532,郑旭东,2024-10-28 06:25:55,5,6,1,航院为数不多认真上课的老师 好好珍惜
214130,4532,郑旭东,2025-01-25 04:06:15,1,1,0,老师平时挺忙的，这门课内容不算多，老师讲课节奏不快。\n\n平时上课讲的和作业做的还有期末考的基本一致，就是第七章Rom那边作业较少考题倒是不少，理解了的话也能做得出来。\n\n平时跟着进度考前复习了一两天，成绩还不错
214153,4532,郑旭东,2025-01-26 01:49:01,0,0,0,老师竟然会在课上帮你装实验课的软件，我哭死
214156,4532,郑旭东,2025-01-26 03:42:52,0,0,0,老师人很好，会真正关心同学有没有听懂。上课会点同学回答问题，但是提问难度不大，回答不出也不会刁难。数字电路上课的例题、作业题、考试题难度基本一致，上课跟着听考试不会有太大问题，给分也挺好的。
160928,4807,邢钱舰,2022-10-20 02:10:17,1,1,0,好好好
142183,5082,马振国,2021-11-08 08:41:18,0,1,1,太逆天了\n\n电脑上的软件没有正版\n\n烧FPGA都烧不进去\n\nWTF？？？？？？？
198089,5589,钟杰,2024-08-30 02:45:34,1,1,0,快跑！
130213,5940,蒋君侠,2021-01-19 04:49:05,8,14,6,蒋老师人很好，会主动关心学生的学习情况，问问题也很耐心地帮你解答，不管最后成绩如何，蒋老师都值得10分。
141537,5940,蒋君侠,2021-10-13 12:33:22,0,1,1,本科见过最好的ppt
145734,5940,蒋君侠,2022-01-03 13:41:05,0,1,1,讲课不错
189657,5940,蒋君侠,2024-01-26 10:40:30,2,2,0,好像很喜欢压学生分呢
189702,5940,蒋君侠,2024-01-28 08:32:14,1,1,0,事多，给分不好
159886,6055,陈杏藩,2022-09-08 02:09:12,2,3,1,老师好好
173808,6159,王磊,2023-06-03 07:13:16,1,2,1,比车双良好多了
192100,6335,赵文杰,2024-05-09 05:43:25,2,3,1,纱布玩意
192111,6335,赵文杰,2024-05-09 08:36:03,1,1,0,节节点名，而且贼喜欢把人点起来拷打
195287,6335,赵文杰,2024-06-27 15:23:55,2,2,0,纯纱布
206101,6440,周一览,2024-12-13 05:26:11,0,0,0,光惯给分严格正太，考核标准就是一个ppt（还没展示）和论文，感觉极其主观
218774,6463,曲巍崴,2025-05-04 12:53:49,0,0,0,点名两次，自己签名，不考试，两个大作业，可以借鉴b站
190242,6556,杨帅,2024-02-26 11:26:55,0,0,0,这个老师上课吃小龙虾
126241,6655,徐兆斌,2020-09-20 15:48:43,2,5,3,放养研究生
214944,6755,周旻,2025-02-26 07:58:07,9,11,2,干货有一些 老师学术上挺不错的 但是讲课或许还欠缺？感觉讲的很没有条理 很多知识点不清楚 比如哪些文段出自哪些地方没有标清楚…\n\n还有就是拖堂10几分钟 你又拖堂了。我讨厌你
215455,6755,周旻,2025-02-26 07:59:45,5,5,0,拖课坏文明🙀
215456,6755,周旻,2025-02-26 08:20:36,3,5,2,求你别拖堂了老师我后面真的还有课。
215457,6755,周旻,2025-02-26 08:02:41,1,4,3,讲课大白话，还一直拖堂
215525,6755,周旻,2025-02-27 12:52:26,0,0,0,上课无聊还拖课
215756,6755,周旻,2025-03-05 07:48:13,4,5,1,老师很好看，但是她一直看电脑。0个眼神交流。备课很认真，但是她就一直这样读她的ppt。你就这样一直上课一直上课不下课，你就这样一直拖堂一直拖堂不下课，你就这样一直讲课一直讲课。zmjj我恨你。
216500,6755,周旻,2025-03-17 12:29:37,5,6,1,拖课就算了中间还不下课，讲课信息密度真的很大也不敢去上厕所，腰间盘本来就突出每次连坐完三节都直奔校医院
216621,6755,周旻,2025-03-19 09:46:50,4,6,2,感觉老师上课有在进步？第一节课的时候基本听不进去但现在可以一整节不分神听完，课堂内容的组织更有条理了而且现在好像也不拖堂了；我个人还是挺喜欢老师讲述现代文学史的方式的，大量的史料混杂着一点史实自带的冷幽默，可以从中一窥那个充满变革与迷茫的时代，btw“什么都嗑只会害了你”笑得我hhh
217002,6755,周旻,2025-03-31 07:49:52,5,6,1,线上听众。老师对思潮部分的梳理非常清楚，材料做得很扎实，晚清近代部分尤其精彩。大力支持周老师！
217146,6755,周旻,2025-04-02 13:00:26,3,4,1,be like：你们都别嗑了别嗑了，让我嗑
217153,6755,周旻,2025-04-02 14:42:56,1,3,2,周老师不多说🫰🏻🫰🏻🫰🏻听了课都知道
217550,6755,周旻,2025-04-14 02:58:35,-3,4,7,哎呀我甚至不知道怎么说 每次那个ppt就一个黑点 谁知道你在讲什么 我课后再看一遍甚至也摸不着头脑 你讲课总要有个先后轻重吧？讲的什么啊我请问呢 一个知识点这边讲一点那边讲一点 不按照时间线不按照事件就按照你自己想讲什么了吗？比如说一个胡适的文学改良刍议 一群知识点在那重复重复 一大堆就过来了 没有任何重要的地方需要突出。。。\n\n哎呀我越想越生气 我越看ppt越生气 明明想着复习一下，结果开始看ppt补充笔记我真的要哭出来。。。。不知道为什么有那么多内容 ppt全是引用文献 你自己是不知道怎么总结吗？？？文学史学的是历史。你在那一直引用原文干什么？？？一点重点都没有 层次也不清晰。。最开始就该把你课退了的
217865,6755,周旻,2025-04-30 05:29:48,2,5,3,迟到有3回了吧。。。虽然就几分钟。。但是真的很想说与其不下课您不如。。。
218998,6755,周旻,2025-05-17 14:51:08,3,4,1,线上旁听+1，老师好年轻🥺zmjj对晚清近代文学这块确实深入（研究方向也是这一块），讲整个现代文学史没有问题，信息密度是足够的，上课内容绝对扎实，分量很大，文献能力不用多说，不管哪个老师上文学史课都不会是简单地讲历史或者中学式的知识灌输。上这课真的真的得花心思阅读、、否则只是上课听讲是get不到的。老师上课可能有些枯燥，另外以后可不可以换个教室啊…一个大电脑完美挡住了zmjj 整个人，师生之间还是需要眼神交流的（（ \n\n希望老师以后能改善一下课堂氛围，越来越好吧…
219254,6755,周旻,2025-05-23 11:38:51,0,1,1,没条理，复习完全没头绪，如果不考试就还好
219533,6755,周旻,2025-06-24 09:26:06,-7,1,8,选了就老实了\n\n考前一个月一直复习\n\n从头听了一遍智云\n\n自己整理了三次笔记\n\n考前都要成疯子了\n\n出分3.9滚吧
220111,6755,周旻,2025-06-24 14:50:38,5,5,0,po还是楼上腰背不好的那个，一开始zm是轻微课间+拖课10min左右，三四节之后无课间但也不拖课（连上145min，能承受得住这个强度的可以来玩耍，po的腰背最后是靠课前运动20min+课后校医院针灸苟住的）（实在太脆皮了）\n\n点名两次，一次期中一次期末（期末那次拖课了老师善心大发算全员到齐）。\n\n上课内容绝对是不水的，ppt上大量的史料和原文课后可以不记但课上需要听，进入语境很关键，主观题你或许会忘答案的关键词但语境分析中一些有趣的点可以帮你回忆关键词。\n\n内容散不散的问题：上课听的时候绝对会感觉是散的，这种散来源于对某一知识点成百上千倍的放大（周旻放得很大）；期末极限复习的时候可以按照大标题和小章节来整理（po凭印象记的脉络大致如下：1.第一个十年（晚清文体/语体革命、新青年、革新/五四/新文化演进关系、文学社团）2.第二个十年（小说-诗歌-戏剧）\n\nzm的课还是要听的，听课是为了听出她流连忘返的一些点，她偏好的一些点。听不出？那就一直做笔记（发现大一小朋友喜欢纸质笔记但跟不上速度，向大家安利电脑的幕布app，速度快而且上手快）。而且她的ppt很有迷惑性，讲稿不仅是ppt的解释和补充，甚至是对ppt的反驳（？）\n\n然后是卷子，下一届的小朋友请记得着重记一些关键年份！po上课全程在线+期末突击两天，最后拿到卷子也觉得很刁钻，主要是和预想中的出题方向不一样（尤其是选填，分值高而且怪）。po在98和朵朵上都传了回忆卷，可以参考。\n\n最后最后，周旻的课还是可以试着听一听的，小朋友们加油！撒人品！
221561,6755,周旻,2025-06-24 14:03:56,3,3,0,老师其实也没那么糟糕啦……可能因为是新来的老师，没太掌握好讲课节奏，最开始的两三节课确实拖了挺长时间的堂，但后面就调整过来能按时下课了。而且老师讲课很有内容，也在尽量考虑线索的串联，还会夹杂一点很有意思的冷幽默hhh能从中看出来老师人其实挺可爱的。\n\n以及老师出题其实不算难，都是ppt里讲过的内容，不过确实要仔细一点背。而且虽然老师似乎很震撼于我们的答卷，但最后也用力捞了www期中论文写得非常认真，期末突击背了两天，知道自己客观题答很烂但还是拿了4.5，真的很感谢老师！\n\n（最后再补一点吧，老师之前讲过一句话，“社会想让我教给你们的，和我希望教给你们的，似乎总是不同的”，大概是这个意思。能感受出来老师的真诚，对课程、对学生都是很认真也做了很多考虑的，这一点上很打动我🥹）
141945,7477,郭英杰,2021-11-01 14:27:30,0,0,0,98观光团到此一游
141946,7477,郭英杰,2021-11-01 14:47:18,0,0,0,上98热搜了，不知道怎么回事
132642,7523,孙兴林,2021-02-03 05:11:57,-10,9,19,讲很认真的一个老师，每节课都会回顾一下上节课的内容，讲的很细很透彻
163337,7523,孙兴林,2022-12-13 08:00:58,-2,8,10,老师写字很漂亮，板书很认真，讲课清晰，每次都会回顾上一次讲的内容，作业不多，问问题也会及时解答，好老师。
189316,7523,孙兴林,2024-01-23 06:48:38,10,16,6,该老师上课的状态基本上是：以极其缓慢的语速，极其昏沉的语气朗读教材配套的PPT。教材质量，我不好说。至于下面评论所说的课前回顾，不过是在讲台和黑板来回踱步，看一眼教材写几个字，速度比我奶奶快一点。私以为上半个学期课和看一天书的区别，同鲁迅与周树人的区别一样大，但是老师仍然希望用点名来留住学生。考勤占十分，按点名次数来平均，只了点两次，一次扣五分。靠点名留住了很多人，但是教师里听课的人能有10%？虽然没有人听课是很多课程的通病，但是这门课全程朗读PPT还好意思点名确实让我大开眼界了？麦克阿瑟说，不听孙兴林老师的《误差理论与数据处理》是他这辈子做过最正确的决定。此外，作业从无反馈，没有批改结果，更没有课上讲评。作业的分数和答案像是见不得人的东西。我们知道的只有六次作业的平均成绩。全抄答案的分数比独立完成的分数高。所以不清楚作业的评分标准是答案正确还是认真与否。如果评分标准是答案正确，那应该是假定同学们在听完助眠PPT（约等于花一个小时看完一章教材）后就能写出正确答案吧，那还布置作业干什么？不知道公布分数和作业答案需要花费老师和助教多大的力气。鼠鼠也不懂教学，如果要给建议的话，只能建议老师朗读PPT更快些，更不那么助眠些。最后考试题型基本固定：第一章的基础知识简答 + 加权计算 + 简单的误差合成 + 粗大误差判别，最后是不确定度综合、最小二乘法和线性回归各一道大题。难度和作业差不多，看懂作业考试基本就够了。\n\n综上：可以选，但是建议平时去教室摸鱼等点名，作业抄答案，考试前花一天时间速通，看完PPT之后过一遍作业和教材题目，真不一定比认真学考得差，毕竟学到期末前面的也忘光了🤢
197317,7523,孙兴林,2024-07-11 01:48:02,2,8,6,弱智吧，用屁股改的作业和试卷？
213111,7523,孙兴林,2025-01-16 04:23:09,0,0,0,不点名
213626,7523,孙兴林,2025-01-18 15:33:52,0,0,0,本学期没点名，助教姐姐作业第一次改得有点严格，后面基本都是满分。感觉考试不难，（有一些细节点或许易错），但给分有点绩杀。老师人感觉还是不错的。
216336,7633,汪海晋,2025-03-13 12:19:02,1,1,0,汪哥！幽默的神！吹爆！
179842,10016,李树然,2023-09-20 02:10:02,3,4,1,非常温柔，非常帅气，非常nice。
