评论id,老师id,老师姓名,发表时间,点赞减去点踩数量,点赞量,点踩量,内容
8209,453,罗建红,2015-09-17 12:24:16,2,12,10,好老师，循循善诱
25866,453,罗建红,2016-06-13 01:32:59,-2,5,7,不咋样 很水
33154,453,罗建红,2016-09-14 10:58:54,-2,8,10,很认真很好
33155,453,罗建红,2016-09-14 11:13:09,24,41,17,始业教育好无聊\n\n
33156,453,罗建红,2016-09-14 11:20:01,0,7,7,始业教育好无聊，不上他的课了
33157,453,罗建红,2016-09-14 11:21:01,1,11,10,ppt永远是白的，没有背景！始业教育好无聊
33158,453,罗建红,2018-08-26 11:04:53,18,24,6,偶尔来句英文 挺提神的 大家都抬头看\n\n国际化视野
33159,453,罗建红,2016-09-14 11:27:33,-1,4,5,偏题少，课前发纸好评
33164,453,罗建红,2016-09-14 11:55:26,31,40,9,说实话，我觉得老师讲的挺好的，比书记的无聊段子和校长有点空的讲话好多了，我觉得罗副校很不错。
33165,453,罗建红,2016-09-14 11:59:58,6,14,8,始业教育很无聊
33175,453,罗建红,2016-09-14 12:44:31,-3,3,6,报告简短有力，很强
33176,453,罗建红,2016-09-14 12:45:00,7,15,8,都是零分太可怜了，送一分，但始业教育真的无聊
33177,453,罗建红,2016-09-14 12:45:22,1,5,4,一个始业教育讲座讲这么久干嘛←_←
33178,453,罗建红,2016-09-14 12:45:40,0,4,4,真无聊
33179,453,罗建红,2016-09-14 12:46:29,1,4,3,答非所问 说话找不到重点 水淼
33180,453,罗建红,2016-09-14 12:46:20,0,3,3,英语魔性。
33182,453,罗建红,2016-09-14 12:48:49,-4,3,7,讲得很好，逻辑强
33190,453,罗建红,2016-09-15 05:00:32,4,7,3,始业教育不错不错
33238,453,罗建红,2016-09-16 07:10:37,4,8,4,始业教育讲的还是挺好的
50880,453,罗建红,2017-05-08 02:02:12,34,40,6,楼上16级的人不要太偏?，罗建红老师作为医学院神经生物学主要授课老师讲的还是很好的
52821,453,罗建红,2017-06-23 05:28:31,0,0,0,哈哈哈
56774,453,罗建红,2017-07-04 15:01:03,5,6,1,给分极低，改卷过分地严格
77796,453,罗建红,2018-05-08 01:00:31,8,8,0,杨再博又满了
79220,453,罗建红,2018-05-27 16:04:25,4,6,2,对不起上课真的是忍不住睡着了，他一张口我就犯困\n\n而且PPT有毒！QAQ
79342,453,罗建红,2018-05-31 07:48:26,1,2,1,天呐！这个PPT有毒，看的我都心累！能不能有个逻辑，讲课也是
85980,453,罗建红,2019-08-20 12:09:16,63,74,11,始业教育是站着讲的，比较不容易
85983,453,罗建红,2018-08-26 11:09:56,23,26,3,始业教育比吴校和郑书记的有内容
85985,453,罗建红,2018-08-26 11:26:30,28,31,3,正在听始业教育的挺我一下2333
85986,453,罗建红,2018-08-26 11:31:11,6,8,2,We are own brains
85988,453,罗建红,2018-08-26 11:46:03,4,6,2,讲真话，真的始业教育业界良心！
85991,453,罗建红,2018-08-26 12:12:06,3,4,1,始业教育不要讲这么久( ✘_✘ )↯
85992,453,罗建红,2018-08-26 12:12:43,0,1,1,挺好的，站着作报告
85993,453,罗建红,2018-08-26 12:12:45,-3,0,3,一直站着，非常之讲究
85994,453,罗建红,2018-08-26 12:19:10,8,9,1,站着作报告，给个赞
85995,453,罗建红,2018-08-26 12:19:49,0,1,1,语速快，鼓掌少。
85997,453,罗建红,2018-08-26 12:32:54,3,4,1,始业教育一个半小时全程站着讲的，很感动。
85998,453,罗建红,2018-08-26 12:33:20,4,4,0,始业教育除了开始的脑科学科普，比校长讲的好多了
108128,453,罗建红,2019-07-03 01:03:13,1,4,3,给分太太太太太严格了
108204,453,罗建红,2019-05-16 08:54:14,0,0,0,神生讲的还是不错的
109355,453,罗建红,2019-06-13 08:10:22,5,5,0,这老师怎么通识课都能拖堂半个多小时啊
110356,453,罗建红,2019-06-26 02:39:04,0,1,1,老师很可爱啊，讲的也很好
111956,453,罗建红,2019-07-03 04:22:52,7,8,1,神生大概就是一门专门拉大家绩点的课吧
111964,453,罗建红,2019-07-03 11:20:35,6,9,3,别的课都是向上调分，神经生物学就比较厉害了，它向下调，强行把均绩控制在二点几。您给我合格分我也只能给您合格分。
114957,453,罗建红,2019-07-13 03:26:52,4,4,0,脑科学
115791,453,罗建红,2019-08-20 10:18:04,30,34,4,19级听始业教育的顶下(/ω＼)害羞
115795,453,罗建红,2019-08-20 10:26:50,8,11,3,听了老师您的讲座我感到心潮澎湃，思绪万千，
115797,453,罗建红,2019-08-20 10:31:54,2,3,1,还没有听我也不知道
115803,453,罗建红,2019-08-20 11:12:28,2,4,2,一位医学专家讲历史
115805,453,罗建红,2019-08-20 11:16:35,1,5,4,始业教育比吴校长讲的好
115806,453,罗建红,2019-08-20 11:19:52,9,13,4,说好站着，怎么坐着讲
115810,453,罗建红,2019-08-20 11:43:19,7,9,2,我们在天上的父， 愿人都尊你的名为圣。 愿你的国降临。 愿你的旨意行在地上， 如同行在天上。 我们日用的饮食， 今日赐给我们。 免我们的债，如同我们免别人的债，因为国度，荣耀，权柄都是你的，阿门。
115811,453,罗建红,2019-08-20 11:58:07,8,8,0,声音还好，很催眠
115814,453,罗建红,2019-08-20 12:02:06,0,1,1,……无话可说
115816,453,罗建红,2019-08-20 12:05:36,3,4,1,演讲无聊要命，催眠大会
115819,453,罗建红,2019-08-20 12:26:14,2,2,0,话有点多
115823,453,罗建红,2019-08-20 12:42:11,0,4,4,我给9分。今天听完他的讲座后，能看出他是一个比较有学者气质的人，对学科有较深入的理解，内容比较充实，能让人真正能有一点收获。而且全程基本没有在念课件，拓展内容很多，绝非那些照本宣科的讲座可以比拟。
115824,453,罗建红,2019-08-20 12:47:04,2,3,1,PPT
115825,453,罗建红,2019-08-20 12:51:38,1,2,1,想睡觉\n\n
115843,453,罗建红,2019-08-21 02:39:07,0,0,0,事业教育还不错
139062,453,罗建红,2021-07-12 10:21:58,1,2,1,神生 每周小测有两次机会，题库抽题，有的班提交就公布答案，有的班一直到期末都不公布。。。考试出题迷惑。小组展示完老师说他想要的和他出的题目字面意思不一样？无语
174067,453,罗建红,2023-06-06 04:46:22,0,0,0,神生每堂课拖堂20min起步，你在干嘛？
175950,453,罗建红,2023-06-27 08:45:02,0,0,0,讲课挺清晰的
177540,453,罗建红,2023-07-03 15:36:27,0,0,0,什么玩意儿。
11244,857,徐象国,2015-11-25 15:35:42,4,5,1,三个字，非常棒\n\n
60929,857,徐象国,2017-11-03 03:59:38,0,0,0,。。。
61620,857,徐象国,2017-11-19 09:23:50,2,2,0,真的好 体验棒
117479,857,徐象国,2019-09-25 01:54:15,2,2,0,好！！！
118210,857,徐象国,2019-10-23 05:40:28,1,1,0,Gentleman！
120942,857,徐象国,2020-01-19 00:23:07,0,1,1,为什么评分不是10
121503,857,徐象国,2019-12-14 07:12:27,1,1,0,逗比欢乐多
124686,857,徐象国,2020-07-06 08:06:43,2,2,0,很牛逼，我很喜欢。
125808,857,徐象国,2020-09-14 11:31:53,0,1,1,百万立方世界！非常有趣非常硬核
139992,857,徐象国,2021-08-23 01:02:05,1,1,0,注意，你应该在查老师网站搜索徐象国，查看另一个老师来获取更多的评论。\n\n两个老师名字一样，也许弄混了。
6036,1393,胡旭阳,2015-07-10 12:01:41,-2,2,4,哦
6408,1393,胡旭阳,2015-07-13 16:52:47,10,15,5,所以我是不当心被胡旭阳的绩点击中的孩子吗，-_-#
7831,1393,胡旭阳,2015-09-15 14:23:38,0,3,3,风趣幽默
10688,1393,胡旭阳,2015-11-22 11:49:24,9,12,3,一个见解很高的老师，听他的课对你对世界局势的理解有很大好处，赞
10693,1393,胡旭阳,2015-11-22 13:02:13,19,20,1,极品拖课王 半小时了一点感觉也没有 不知下课为何物。。。
15089,1393,胡旭阳,2016-01-12 03:29:08,2,3,1,一般般吧，关键是大家对形策都没兴趣
22467,1393,胡旭阳,2016-03-06 12:56:26,2,5,3,老师很有见解讲话也不会让人觉得无聊，每节课都会延伸很多所以会拖课也是真的 ，不过大家对行策都不重视也不在意还是好可惜的
25227,1393,胡旭阳,2016-05-08 12:46:05,2,4,2,呵呵呵
25482,1393,胡旭阳,2016-05-22 12:22:04,3,5,2,老师其实讲课很好呀  有自己思想 听着也不会无聊 虽然会拖堂
28642,1393,胡旭阳,2016-06-28 11:24:00,4,5,1,很会拖堂 给分还不错
28651,1393,胡旭阳,2016-06-28 11:36:54,1,2,1,da ji sha
28712,1393,胡旭阳,2016-06-28 12:44:20,0,3,3,讲的有些很没道理 很老的观点。
28740,1393,胡旭阳,2016-06-28 13:41:42,-1,1,2,给分很好
30246,1393,胡旭阳,2016-07-01 06:35:32,6,7,1,讲课还好，拖堂好久，助教各种奇葩签到，期末给分组长会好一点～，事情比其他老师多，有展示有小论文，别的老师都没有～
40282,1393,胡旭阳,2017-01-01 05:56:43,12,12,0,老师的笑容十分动人。特别是在舞台上的时候
40518,1393,胡旭阳,2017-04-16 12:51:45,4,4,0,稳。。。
48964,1393,胡旭阳,2017-03-19 11:29:48,4,4,0,极品拖课王，自认形策课应该九点半结束就经常这么干。
53594,1393,胡旭阳,2017-06-27 06:16:46,5,5,0,助教傻。大绩杀。都有去都有签到。分还这么低
53657,1393,胡旭阳,2017-06-27 09:11:15,0,1,1,
60483,1393,胡旭阳,2017-10-22 10:45:51,0,0,0,两节课被硬生生变成三节课......\n\n不过上课还是蛮精彩的
60494,1393,胡旭阳,2017-10-22 12:08:47,1,1,0,下课下课下课!
60499,1393,胡旭阳,2017-10-22 13:00:48,0,0,0,助教傻死了，拖堂王
5094,1547,满丰,2015-07-04 02:13:49,-2,3,5,行测就这样吧
5399,1547,满丰,2015-07-07 07:59:34,3,5,2,哎..
6477,1547,满丰,2015-07-14 08:25:40,-2,2,4,两个学期各点名一次，课前有小组展示，讲得一般般吧……自己形策跪了，不知道别人怎么样。
9373,1547,满丰,2015-10-25 11:52:38,3,5,2,呵呵呵
11738,1547,满丰,2015-12-13 12:36:45,3,6,3,简直神烦，拖堂拖的不可思议，妈蛋。\n\n
31628,1547,满丰,2016-07-04 09:39:50,13,15,2,老师没怎么来上课，半个月不出成绩
31675,1547,满丰,2016-07-06 05:38:16,12,13,1,我不管别人怎么说，这个老师真的很垃圾。助教也垃圾，天天拖堂，给分超慢
31805,1547,满丰,2016-07-05 02:42:07,26,26,0,你敢不敢出分？？？？
31834,1547,满丰,2016-07-06 05:19:42,54,59,5,改评价了，出分慢，给分烂，既然都背了，为什么分数这么低。
32253,1547,满丰,2016-07-06 05:10:16,19,19,0,什么鸟给分，wqnmlgb
32254,1547,满丰,2016-07-06 05:11:30,9,10,1,学生剩下多长时间他就讲多长时间。。。
32256,1547,满丰,2016-07-06 05:13:17,19,20,1,背了一星期，考试也都写出来了。我不能接受??????
32257,1547,满丰,2016-07-06 05:14:00,15,16,1,给一分嫌多
32259,1547,满丰,2016-07-06 05:15:24,18,19,1,所有老师里面最晚出分 给分奇低 呵呵呵呵呵
32268,1547,满丰,2017-12-27 10:42:51,14,15,1,呵呵→_→坑你坑你坑死你
32269,1547,满丰,2016-07-06 05:21:53,1,4,3,老师讲的少，感觉人还是挺好。可这出分呢就是有点慢，然后成绩还不咋样
32270,1547,满丰,2016-07-06 05:22:12,12,15,3,课上的不怎么样，事情还特别多，每次课后有题目，还要做展示，期末出分慢，给分差！！
32273,1547,满丰,2016-07-06 05:24:44,8,9,1,感觉努力和成绩不成正比
32284,1547,满丰,2016-07-06 05:42:04,5,6,1,不开心 为什么没有各个分数 死也要死的明白
32287,1547,满丰,2016-07-06 05:47:10,1,2,1,出分慢，给分差
32289,1547,满丰,2016-07-06 05:53:15,11,14,3,小学期上了好几天才出成绩，出的慢也就算了，课群里原本开开玩笑说不在乎成绩了，结果出来就这样子啊，最高才给3.9啊，是，我是没怎么准备，但起码我也背了PPT，别的课我没准备也不至于下三啊，二点几一大堆，给分差就直说，早点出分发个红包也不知这么多人骂，出分奇慢就给这么点分数啊
32297,1547,满丰,2016-07-06 06:04:35,-1,2,3,班里最高貌似只有3.9。。。
32346,1547,满丰,2016-07-07 01:08:38,6,7,1,wqnmlgb 垃圾
32367,1547,满丰,2016-07-08 01:43:26,-1,5,6,真心话，是助教的问题，不是老师，是助教，是助教，是助教！！！老师背黑锅了\n\n
33855,1547,满丰,2016-09-22 06:11:43,-4,2,6,老师人至少不坏，给分也是助教的事，不知道你们骂老师的人是什么心态。我只想说，助教去年买了个表
34661,1547,满丰,2016-10-17 13:21:20,3,6,3,我只是来为拉低评分做一点微小的贡献，惭愧惭愧๑乛v乛๑
38599,1547,满丰,2016-12-11 12:26:36,5,6,1,拖堂拖到饿死
38930,1547,满丰,2016-12-20 02:14:19,2,4,2,为低分做贡献\n\n
39736,1547,满丰,2016-12-27 07:57:18,3,5,2,太垃圾
39789,1547,满丰,2016-12-27 14:09:08,4,5,1,mdzz
46371,1547,满丰,2017-01-21 11:02:51,-3,1,4,老师人真的挺好的，讲课也好，分数不至于只有1.几吧
51818,1547,满丰,2017-06-11 12:53:04,2,3,1,拖堂拖到死
51822,1547,满丰,2017-06-11 15:13:33,2,3,1,对着ppt念，特别无聊。有展示，展示课不做规定，一个小组居然展示1小时，然后每节课基本拖堂，最长的多达半小时。
52330,1547,满丰,2017-06-18 13:38:16,2,5,3,他怎么上两分了 作点贡献
52482,1547,满丰,2017-06-26 10:39:43,2,3,1,给 1分是因为没有负分了，我只想说形策脑抽才选这个老师
52601,1547,满丰,2017-06-21 10:24:39,2,3,1,拖堂神烦
53047,1547,满丰,2017-06-25 05:44:02,2,3,1,你敢不敢出分。。。。
53305,1547,满丰,2017-06-26 10:21:02,7,8,1,一分是因为没有负分……给分极其之差……拖堂极其之长……助教极其之冷
53309,1547,满丰,2017-06-26 10:25:11,1,2,1,拖堂很严重 上课讲的还行 打分真的看助教 考前好好看时事！
53312,1547,满丰,2017-06-26 10:31:59,3,4,1,老师翘了好几节课
53317,1547,满丰,2017-06-26 10:48:05,3,4,1,预支课表选的老师  坑到爆炸
53318,1547,满丰,2017-06-26 10:48:30,2,3,1,五个字：万万没想到自己体会去吧
53320,1547,满丰,2017-06-26 10:53:19,3,4,1,居然上2了，深坑巨坑坑死，付出收获完全不成正比，没老师了？？？让这样的来教？？？不来上课，给分巨慢，给分巨坑，签到展示作业 均绩还比别的班低那么多 在下佩服
53334,1547,满丰,2017-06-27 05:09:09,9,10,1,助教说都低，可是我问了其他班的同学，有基本上在3.9左右的，也有很多大部分人高于3的，请问您是问了几个被骂的特别惨的老师吗？几个低分老师抱团？？
53402,1547,满丰,2017-06-26 13:50:22,2,3,1,0.03均?…我还能说什么
53413,1547,满丰,2017-06-26 14:12:47,7,9,2,我只能说付出和回报不成正比 别人不来上课不做展示的给高分 我们这些辛辛苦苦准备展示 每堂课都到还认真完成什么影评这些人绩点成什么样 我是不是还该感谢老师给我3没给我2.7？事情多又给这种分数这不是害人吗 巨坑 难怪要用别的老师的名字拉学生
53426,1547,满丰,2017-06-26 14:54:23,1,2,1,还体验？体验3.3啊？
53427,1547,满丰,2017-06-26 14:55:24,1,3,2,到最后已经搞不清谁是满丰老师了。感觉助教上课的次数比他多。给分差出分慢。每节课都要交思考题。听课简直是浪费生命。
53434,1547,满丰,2017-06-26 15:01:53,6,7,1,你是狗吧
53435,1547,满丰,2017-06-26 15:02:03,4,5,1,2.1 没话说了 还做了展示 呵呵
53436,1547,满丰,2017-06-26 15:05:22,4,5,1,室友说很反胃
53438,1547,满丰,2017-06-26 15:07:01,-4,2,6,讲老实话，课确实都没怎么听，期末PPT也没怎么背，能有这样的分数已经很感谢老师和助教的不挂之恩了??
53440,1547,满丰,2017-06-26 15:09:36,3,3,0,没有师生情。
53446,1547,满丰,2017-06-26 15:23:57,2,3,1,生无可恋
53467,1547,满丰,2017-06-26 16:25:46,1,1,0,听了这个课 考了这个试 看了这个分 我不敢大声说话…
53481,1547,满丰,2017-06-26 17:29:01,-4,2,6,没那么差啊…
53538,1547,满丰,2017-06-27 02:14:35,-2,4,6,助教原话:已经尽力帮大家了，给分较松，但仍对自己分数不满意，觉得老师对不起你的，欢迎来查卷。另外平时分已经很高了，除了个别学生手册考了一次两次才过的，基本都给了最高分。所以，你要是能实事求是给出比我这还高的分，我服。\n\n讲真老师可以，给分有些师生情，可能以前给分差，同学们都比较发狂，受到印象但这学期真的可以了。
53614,1547,满丰,2017-06-27 07:31:28,-4,1,5,老师原话就在楼下，没错，这是老师尽自己所能在公正的前提下给的最高的分了，但是别的老师可不一定 公正 的给分啊
53852,1547,满丰,2017-06-28 01:46:02,-3,2,5,我觉得给分还好啊....觉得自己完成度不错但是得分低的你们 又不是不知道文科题背了写多了也不一定分高的
54207,1547,满丰,2017-06-28 16:32:15,-1,0,1,不敢说话
54420,1547,满丰,2017-06-29 09:57:13,-4,0,4,还好吧其实
55377,1547,满丰,2017-07-01 11:46:18,4,5,1,辣鸡老师毁我青春 根本不知道谁是老师谁是助教 助教sb
58135,1547,满丰,2017-08-05 07:44:57,3,4,1,我不知道这个老师是不是坑，但他的助教是真坑，有兴趣的同志可以去查一下，烂榜前十的狠角色
58799,1547,满丰,2017-09-18 01:40:37,2,2,0,出分极满，给分极烂
64814,1547,满丰,2017-12-27 08:46:28,1,1,0,极烂，hypocrite
65629,1547,满丰,2018-01-07 17:57:52,0,0,0,垃圾老师毁我周末
83779,1547,满丰,2018-07-11 08:18:56,4,5,1,我吹爆贾红蕾老师啊\n\n礼协的老师，贼有气质贼温柔！\n\n就是我们的助教小姐姐！\n\n调分调了很多！！！！\n\n感动！！！！\n\n我爱她❤️！
83782,1547,满丰,2018-07-11 08:27:39,3,5,2,之前的评价一定是误会!其实老师面相就很和善，助教小姐姐也很好!行策我认真背了思考题，关注了一下时事，给分还是挺不错的，一份耕耘，一份收获!请大家不要再黑老师了!
83797,1547,满丰,2018-07-11 08:40:29,4,5,1,老师基本没见过几次，但助教小姐姐很好，给分也不错
83802,1547,满丰,2018-07-11 08:47:03,1,3,2,emm个人给分真的不错\n\n我就考试前看了俩小时PPT，有3.9\n\n并且出分不算太慢呀\n\n老师是会请别的老师代课\n\n不过总得来说上课挺正常的啊\n\n点名也不频繁，真的还行\n\n不知道之前为啥那么多差评\n\n（也许之前没经验不会给分和出成绩？）\n\n
83826,1547,满丰,2018-07-11 09:08:23,0,3,3,低音炮，听老师的课是一种享受，虽然看大家评论都不是很好，但是只要期末认真背，老师给分还是很公正的，最后给满了，非常感谢老师。
83829,1547,满丰,2018-07-11 09:14:27,4,4,0,问我老师上课点名不点名？老师不来上课怎么点名？
83832,1547,满丰,2018-07-11 09:23:52,0,1,1,满丰是谁？哦不好意思，第一节课后就再也没见过，拿着钱不上课我就呵呵，满丰老师完美地诠释了浙大行策课的形式，随意翘课的老师您是我见过的第一个。给1分都嫌多，我为什么不能挂了这个老师？
83971,1547,满丰,2018-07-11 15:39:32,0,0,0,真的是呵呵了！\n\n大题选择作答，我tm都是写的我背过的题的答案，这么垃圾的给分？还被正太了？我背***？？？呵呵
84550,1547,满丰,2018-07-13 07:13:41,1,3,2,给分真的好\n\n别乱黑了
108863,1547,满丰,2019-06-03 10:32:27,0,0,0,伪善...
16032,2382,黄云平,2016-01-17 04:56:32,0,0,0,给分差
105677,3167,张宏建,2019-04-18 08:42:04,0,0,0,不认识
170475,3499,陈妙峰,2023-03-05 12:30:56,7,9,2,拖课 上课巨无聊
174382,3499,陈妙峰,2023-06-11 11:15:50,0,1,1,什么玩意
174387,3499,陈妙峰,2023-06-11 12:48:15,0,3,3,舔得没水平
174390,3499,陈妙峰,2023-06-11 13:00:16,8,10,2,讲课会站在道德制高点绑架你，就这一句
174851,3499,陈妙峰,2023-06-19 05:20:59,1,2,1,sb在复读的同时告诫同学们要有自己的思想，上没人听的课还要巡视，说什么这里听的效率要比以后听效率高，极度令人不适
175854,3499,陈妙峰,2023-06-27 03:28:00,2,3,1,在她眼里行策应该是微积分这样的课，对自己的所谓“幽默”没有一点自知之明
176738,3499,陈妙峰,2023-06-30 03:18:39,2,4,2,事多分低，课上巡查，赞歌都唱的难听。
176782,3499,陈妙峰,2023-06-30 06:10:52,1,3,2,站在制高点说一些看似很有道理实际假大空的废话
181555,3499,陈妙峰,2023-10-22 12:39:39,3,4,1,拖课，真严重
181923,3499,陈妙峰,2023-11-05 12:37:51,0,1,1,人还是好的，就是废话连篇累牍🌿，修饰词要重复好几次🐽
181927,3499,陈妙峰,2023-11-05 13:07:45,2,5,3,欣赏一下睿智言论：\n\n“你们上次课忽悠我是八点半下课啊，那是六点半下课才是这样啊，你们现在是六点五十上课啊，我还特意去查了的。而且你们没发现你们上次下课出去外面都没人了吗？”\n\n呵呵，你都拖到第十三节课上课了，外面怎么可能还有人。
184130,3499,陈妙峰,2023-12-10 11:21:33,0,1,1,挺难绷的
194175,3499,陈妙峰,2024-06-22 10:29:58,-1,0,1,没听过课，给分不错
197470,3499,陈妙峰,2024-07-16 06:51:24,-1,1,2,考前一下午狂背ppt，基本上最重要的几点都考到了，给分可以，但我上课不太听
200885,3499,陈妙峰,2024-10-24 05:19:05,1,1,0,无语死了
216030,3499,陈妙峰,2025-03-09 14:44:48,3,3,0,你是人啊 byd出生 我怀疑你就喜欢贪污
216031,3499,陈妙峰,2025-03-10 01:39:09,2,2,0,pua
23369,3675,赵传贤,2016-03-27 12:11:57,3,3,0,\^O^/
27496,3675,赵传贤,2016-06-26 14:27:18,5,8,3,反正我上四了，裸考，给分炒鸡好
29047,3675,赵传贤,2016-06-29 07:33:19,3,4,1,最好的老师 从不拖堂 绩点一般
30580,3675,赵传贤,2016-07-02 04:10:04,4,6,2,老师声音挺好听的，唯一一次被点名没到，居然还没挂
53302,3675,赵传贤,2017-06-26 10:18:50,4,4,0,给分好
53575,3675,赵传贤,2017-06-27 05:04:42,7,9,2,给分巨高，可能对于我来说上四就很高了吧，但是我的填空题基本没写几个，至今不知道一带一路是什么，所以全是师生情啊。平时上课很少拖堂，比其他形策老师下课要早一些，不点名只签到。总的来说作为形策老师我给满分。讲课就不要在意了吧，毕竟有几个人会认真听形策呢
53801,3675,赵传贤,2017-06-27 15:08:15,0,1,1,好老师！点赞。
125629,3675,赵传贤,2020-09-12 12:35:53,0,0,0,众多粉丝的
125893,3675,赵传贤,2020-09-15 10:24:39,-12,3,15,事情一般多，给分比较公平。只要每节课出勤+认真写作业+认真复习考试写满，就一定有好成绩。\n\n另，虽然形策只有一学分，但本人觉得不应该不复习。更何况是两本书，说靠党性的未免有骗人嫌疑。
125896,3675,赵传贤,2020-09-15 11:25:48,-2,0,2,水平不高
134688,3675,赵传贤,2021-04-09 09:23:29,3,5,2,sb老师
138289,3675,赵传贤,2021-07-08 10:52:55,0,0,0,不知道怎么给的分 唉
138411,3675,赵传贤,2021-07-09 03:46:08,2,6,4,傻逼老师
138412,3675,赵传贤,2021-07-09 03:49:04,4,8,4,楼下说得对，这个老师是傻逼
138779,3675,赵传贤,2021-07-10 23:53:06,5,7,2,楼上说的对，这个老师是傻逼
139197,3675,赵传贤,2021-07-13 08:13:17,-4,1,5,水平低 给分差
143226,3675,赵传贤,2021-11-22 00:57:00,0,2,2,脑瘫。
147385,3675,赵传贤,2022-01-10 01:44:40,1,3,2,纯纯的脑瘫几把
151590,3675,赵传贤,2022-03-08 12:39:30,0,3,3,ntjb
156583,3675,赵传贤,2022-06-20 10:45:54,2,7,5,划水划过的，裸考88，考前一直在看大英，作业也都是复制粘贴的，上课也没听过，感觉之前的评论有点极端？我个人体验还好，反正形策就一学分划水课，我所有课都到场然后都摸鱼摸过去的
176024,3675,赵传贤,2023-06-27 12:31:10,-3,0,3,总体比较负责，捞是一点没捞
193884,3675,赵传贤,2024-06-20 12:04:20,-2,1,3,寝室里所有人都卡绩了。。。怎么评。。。。
193917,3675,赵传贤,2024-06-20 16:25:12,-6,1,7,给分真好，形策一个题没背，还取得了很不错的绩点
220087,3675,赵传贤,2025-06-15 01:05:49,0,0,0,给分还是挺好的，没听课＋翘课被抓过都能上4
43473,3742,金德水,2017-01-16 10:14:50,10,11,1,段子讲的好
44992,3742,金德水,2017-01-18 18:00:04,-12,0,12,不认识
47006,3742,金德水,2017-01-23 09:13:10,3,4,1,火前留名
48265,3742,金德水,2017-12-07 13:37:34,7,9,2,老师很有党性。我每天听老师的党课，现在成为了一名光荣的共产党员。为社会主义现代化事业做贡献。
48444,3742,金德水,2017-03-04 03:02:42,-4,0,4,呵呵呵
48929,3742,金德水,2017-03-16 23:25:30,2,3,1,对学校很负责！
49303,3742,金德水,2017-04-03 13:47:10,0,6,6,据说是味精厂厂长？
49436,3742,金德水,2017-04-12 12:10:57,3,5,2,金书记讲话还是很有趣的，虽然有很多煽动性言论，很多吹捧，很不理性\n\n
53921,3742,金德水,2017-06-28 04:27:49,4,5,1,我能送你回家吗，外面可能要下雨了
54398,3742,金德水,2017-06-29 09:04:11,9,10,1,金书记讲话是我在学校各大活动中最喜欢的环节 太好玩了 可惜现在退休了
55647,3742,金德水,2017-07-02 05:54:28,3,4,1,怀念段子手
57725,3742,金德水,2017-07-13 04:13:25,4,5,1,不错的
57922,3742,金德水,2017-07-17 22:33:14,12,13,1,无朝晖，今得水
75586,3742,金德水,2018-03-13 14:41:43,1,1,0,……………
75735,3742,金德水,2018-03-16 01:42:23,3,3,0,当时听他讲课中最有趣的是他讲当年从政时的故事，讲那些决策背后的博弈。煽动性的东西无非是民族主义太强，不过也能从中看出他一路来的奋斗理想吧。
77626,3742,金德水,2018-05-07 03:23:40,3,3,0,各种讲国家怎么怎么好西方怎么怎么不好，然后女儿在英国（还是美国来着）读书，呵呵哒
117772,3742,金德水,2019-10-01 04:08:48,3,3,0,金书记在历任书记中还算是不错的，毕竟给教职工建了三千套房子分，后面的书记能有这个实力？2018年3月后入职的教职工已经分不上了。
77855,4808,庞晓涛,2018-05-08 08:08:44,0,0,0,。。。
78975,4808,庞晓涛,2018-05-18 08:28:00,0,0,0,一般般
126065,5362,任少波,2020-09-17 04:12:15,4,13,9,太棒了
126142,5362,任少波,2020-09-18 06:53:45,2,6,4,还行吧
126143,5362,任少波,2020-09-18 06:54:05,3,8,5,学识渊博
126145,5362,任少波,2020-09-18 07:19:55,5,8,3,好好好
126151,5362,任少波,2020-09-18 08:13:15,116,146,30,学识渊博，才华横溢，言简意赅，无敌于浙大，大不自多，海纳江河，唯学无际，际于天地。老师十分干练，在全校大一新生面前，丝毫不慌不忙，严谨有逻辑，让人听后耳目一新，心灵得到洗涤！不愧为浙江大学党委书记！我校师生之楷模，国之栋梁！
126152,5362,任少波,2020-09-18 08:15:24,1,3,2,挂机了
126153,5362,任少波,2020-09-18 08:17:36,-5,4,9,6666666666
126156,5362,任少波,2020-09-18 08:25:36,4,5,1,嗯。。。。你品，你细品。。。。
126157,5362,任少波,2020-09-18 08:33:16,21,21,0,拖堂很严重
126158,5362,任少波,2020-09-18 08:40:12,2,4,2,大师，我悟了！
126159,5362,任少波,2020-09-18 08:42:22,3,4,1,话痨实锤
126160,5362,任少波,2020-09-18 08:46:31,9,11,2,宁是真tm能说，tql
126161,5362,任少波,2020-09-18 08:47:25,4,5,1,太会拖堂了，能说一下午
126162,5362,任少波,2020-09-18 08:47:31,6,6,0,最后，最后 最后 我tm直接吐了 \n\n只有6\n\n6\n\n6\n\n6
126163,5362,任少波,2020-09-18 08:48:40,32,36,4,老师，我是真的困。。。。。。您要不喝口水歇歇？
126164,5362,任少波,2020-09-18 08:55:27,7,9,2,16:55  普天同庆
126165,5362,任少波,2020-09-18 08:56:36,2,3,1,还没讲完
126169,5362,任少波,2020-09-18 09:43:36,6,6,0,很会讲，不是一般得能讲，讲到你怀疑人生...
126170,5362,任少波,2020-09-18 09:48:16,2,2,0,拖堂到你怀疑人生
126200,5362,任少波,2020-09-19 11:51:05,2,3,1,不愧是书记
126305,5362,任少波,2020-09-22 04:50:27,1,3,2,老师很正派
126306,5362,任少波,2020-09-22 05:46:55,1,4,3,书记有水平！
126570,5362,任少波,2020-10-02 02:30:15,-28,4,32,垃圾人
126630,5362,任少波,2020-10-09 13:21:46,11,35,24,我给任书记打十分，我为任书记正名。\n\n许多人说书记拖堂，确实那个形策讲的很久，但这是新生入学第一课，是重要的教育。这个形策课无疑是有助于我们更好的了解这所大学，了解这所大学未来的发展方向，对于学生自己的规划也是很有帮助的。
127116,5362,任少波,2020-11-09 04:54:14,1,3,2,还行吧
128090,5362,任少波,2020-12-07 05:48:57,4,12,8,讲挺好啊，喊拖堂的你走呗，麻溜的
128118,5362,任少波,2020-12-08 02:34:49,1,4,3,不错的
128229,5362,任少波,2020-12-14 10:52:20,3,6,3,真不错，挺有思想的。
130258,5362,任少波,2021-01-20 09:18:36,4,6,2,为什么分那么低
135779,5362,任少波,2021-05-25 09:57:35,15,17,2,为啥书记的分这么低
136828,5362,任少波,2021-06-25 07:52:59,2,5,3,站着说话不腰疼，你让我们去不考虑面包那你给我们发？
140432,5362,任少波,2021-09-11 08:51:55,1,3,2,挺好的，还行吧
141134,5362,任少波,2021-09-24 07:36:32,0,5,5,应该还不错
141718,5362,任少波,2021-10-22 01:04:02,-11,11,22,傻逼草泥马
143692,5362,任少波,2021-12-02 02:27:13,-15,8,23,垃圾东西
148562,5362,任少波,2022-01-13 01:33:22,27,30,3,唯学无绩，寄于天地。
160680,5362,任少波,2022-09-30 11:20:39,1,2,1,👍👍👍
165320,5362,任少波,2022-12-31 14:12:43,1,2,1,任老师是真的好老师！
166509,5362,任少波,2023-01-12 12:57:04,0,3,3,好书记！
170625,5362,任少波,2023-03-07 09:23:14,0,4,4,好书记！
170980,5362,任少波,2023-03-13 15:52:43,1,3,2,任少波好老师捏
174297,5362,任少波,2023-06-09 05:53:53,1,2,1,任老师真的很好！
179179,5362,任少波,2023-08-29 11:30:03,3,5,2,故事是很有意思的，但是语速很慢，第一课讲了好久啊，是个好书记！
179181,5362,任少波,2023-08-29 11:49:39,0,1,1,很好，就是有点想睡觉
179182,5362,任少波,2023-08-29 11:50:05,1,1,0,学识渊博
179183,5362,任少波,2023-08-29 11:51:47,3,4,1,废话好多，语速还慢，纯读ppt
179186,5362,任少波,2023-08-29 12:20:56,1,1,0,very good
179187,5362,任少波,2023-08-29 12:21:14,0,0,0,老师真的很能拖堂
179188,5362,任少波,2023-08-29 12:21:37,3,3,0,讲得好但听着困，好👍困🥱
179191,5362,任少波,2023-08-29 13:29:38,1,1,0,太累了
179192,5362,任少波,2023-08-29 13:55:00,1,2,1,讲的真心不错，但受制于时间
179200,5362,任少波,2023-08-30 02:05:48,3,4,1,学识渊博，报告娓娓道来，有的观点不能完全认同
185471,5362,任少波,2023-12-30 05:18:36,43,58,15,其实我很奇怪，为什么大家喜欢把学校里发生的一切坏事都归咎于校长，明明书记才是这个学校的NO.1，为啥吴和任的口碑能差那么多？
197219,5362,任少波,2024-07-09 09:51:01,23,26,3,得换一换了。铁打的书记流水的校长，你看看浙大都成什么样了。毕业典礼上的大雨是2024届毕业生的泪水。
197903,5362,任少波,2024-08-20 13:18:47,26,31,5,就凭形势与政策这种水课，我们中间说话他还开玩笑问我们有没有疑惑这一点，我就认为他没架子
197904,5362,任少波,2024-08-20 13:20:52,8,8,0,咬咬牙，再坚持一下！！！
197905,5362,任少波,2024-08-20 13:29:16,17,35,18,开学典礼讲个b话讲这么多，讲的屁用没有，硬拖我们休息时间.
197906,5362,任少波,2024-08-20 13:31:03,29,35,6,您的开学典礼报告实在是太长了，我们真的不是有困扰，只是惊讶于你还有第二部分。
197908,5362,任少波,2024-08-20 13:35:28,47,49,2,老师太棒了，三阶段boss，我哭死
197909,5362,任少波,2024-08-20 13:37:52,7,15,8,能讲到9点半的啥笔书记，关键是还有一堆人卷这破讲话内容，让我领略到zju魅力了
197910,5362,任少波,2024-08-20 14:13:43,0,2,2,什么玩意
197911,5362,任少波,2024-08-20 14:26:20,4,10,6,真行，讲话讲到9点半，内容空洞无味，只有一群人为了那虚无飘渺的一学分课的一个作业还记笔记拍照片，真实体现ZJU的魅力了，呵呵
197912,5362,任少波,2024-08-20 14:41:48,17,20,3,硬控全场，摧毁浙大人一天所有好心情
197913,5362,任少波,2024-08-20 14:50:07,5,5,0,任老师，您要不先歇会
197914,5362,任少波,2024-08-20 14:52:54,1,2,1,非常好
197938,5362,任少波,2024-08-21 07:46:37,5,5,0,太牛逼了
197939,5362,任少波,2024-08-21 07:49:59,4,6,2,耐讲王
197947,5362,任少波,2024-08-21 12:08:59,2,4,2,耐耗王
198097,5362,任少波,2024-08-30 12:24:15,12,17,5,您的讲座让我在一开学就对zju失望了一波……
199850,5362,任少波,2024-10-04 02:53:44,13,13,0,作为这个职位的人，已经很不错了
199854,5362,任少波,2024-10-04 10:55:45,-8,3,11,其实挺可惜的，天美没有把任少波放进峡谷，不然还有咱们张良什么事，新时代峡谷三体人，硬控英雄一小时
200550,5362,任少波,2024-10-18 16:18:22,28,28,0,算负责的了，比现任校长强多了
200568,5362,任少波,2024-10-20 03:47:29,172,180,8,任书记一个人打两份工，书记校长的活一肩挑了，建议组织取消牢杜的工资（人家早就是富翁了，根本不care浙大校长这个位子和这点微薄的工资）；评任书记为劳模、把省下来的工资给任书记发双份工资。
200582,5362,任少波,2024-10-19 17:17:03,50,53,3,sbgg替牢杜承担了很多事务，相比于牢杜已经非常正常了
200897,5362,任少波,2024-10-24 06:53:08,3,3,0,话有点多
201211,5362,任少波,2024-10-30 08:12:56,28,28,0,有幸交流过，讲的都是很实在很有用的话，并且没架子
201237,5362,任少波,2024-10-30 14:32:25,1,1,0,哈哈哈
201261,5362,任少波,2024-10-31 01:57:19,72,75,3,比牢杜强多了，看出来还是跟朝晖共事的时候更快活
201473,5362,任少波,2024-11-03 14:36:04,33,33,0,危难时见真章\n\n挽大厦于将倾
201484,5362,任少波,2024-11-04 00:04:10,30,31,1,一木难支兮\n\n反正不容易
202420,5362,任少波,2024-11-12 14:04:53,12,12,0,书记确实辛苦
202923,5362,任少波,2024-11-15 07:34:40,3,4,1,啊这啊这
203495,5362,任少波,2024-11-20 01:08:11,2,2,0,略略略
203664,5362,任少波,2024-11-20 11:21:12,6,6,0,疾风知劲草啊……
203859,5362,任少波,2024-11-21 14:39:43,22,22,0,反正比beebee强
203881,5362,任少波,2024-11-21 16:12:41,23,24,1,那位去年12月说吴和杜评分差很多的，现在是杜和吴评分差很多了。😂
204403,5362,任少波,2024-11-25 15:44:56,16,19,3,杜江峰万寿无疆，任少波永远健康
204632,5362,任少波,2024-11-27 06:37:31,61,61,0,rsb估计从来没想过自己的风评是这样变好的，全靠同行衬托
204685,5362,任少波,2024-11-27 10:30:33,8,8,0,辛苦任书记！
204876,5362,任少波,2024-11-28 09:04:45,12,12,0,人民的好书记
204928,5362,任少波,2024-11-28 16:09:02,31,31,0,2024.11.29：u1s1，虽然没有听过他的课，但是就凭在🐝失职的这段时间内一人干两份活，给个高分不过分吧😋
204932,5362,任少波,2025-01-21 03:43:47,51,51,0,恭喜任书记参加总理专家座谈会！浙大需要你！\n\n任书记在浙大学习和工作45年了，还是对浙大有感情的
204944,5362,任少波,2024-11-29 02:12:26,16,16,0,学校的一把手，也是十分辛苦了
204967,5362,任少波,2024-11-29 05:11:26,21,22,1,看脸就知道sbgg是好人，反观牢杜，看着是大老虎
205004,5362,任少波,2024-11-29 11:36:22,6,6,0,好书记
205057,5362,任少波,2024-11-30 13:00:53,26,26,0,即使没有功劳也有苦劳，当之无愧的浙大门面。
205071,5362,任少波,2024-11-30 16:38:52,8,8,0,忠义！
205248,5362,任少波,2024-12-03 08:12:06,7,9,2,躬身入局，挺膺担当！
205493,5362,任少波,2024-12-08 00:48:48,8,8,0,学生的好书记
206943,5362,任少波,2024-12-18 15:53:31,12,12,0,非常好 确实应该给他发双份工资
207806,5362,任少波,2024-12-24 10:55:20,5,6,1,浙大劳模
208389,5362,任少波,2024-12-27 10:05:43,1,1,0,老师人还不错
208664,5362,任少波,2024-12-30 13:58:59,7,7,0,本来没觉得啥，现在牢杜来了，一比较面相是优劣立判啊🤣
208850,5362,任少波,2025-01-02 13:27:14,8,8,0,浙大保姆
209977,5362,任少波,2025-01-07 16:42:37,-26,4,30,为什么只骂djf？
209981,5362,任少波,2025-01-08 08:53:05,12,14,2,不知全貌，但这是一个爱惜人才的好书记。有些事情不便透露，但我相信这样的人不会干出打压文科院系这样目光短浅的事。
214205,5362,任少波,2025-01-28 06:49:32,13,13,0,这两年校长缺位，在文科建设方面少波为了维持前几任校长的人才引进的成果已经付出了很多努力，也承担了很多琐碎的，本来应该是校长干的行政事务。已经做到了力所能及的，社会学系的事情和去年年底几个老师离开浙大他也很难挽回
214326,5362,任少波,2025-02-01 03:05:53,10,11,1,rsb这两年的工作难度基本上是直线上升的，最主要的原因是蠹僵疯太不干人事了，蠹僵疯连自己分内的人才引进，学科建设都是挂机的，这直接搞的任书记一人打两份工
214433,5362,任少波,2025-02-03 04:36:37,5,5,0,书记辛苦了
214670,5362,任少波,2025-02-16 08:50:51,10,10,0,书记辛苦了
215316,5362,任少波,2025-02-25 06:19:23,18,18,0,任书记已经是十朝元老了，见证历史的浙大活化石
215567,5362,任少波,2025-02-28 13:31:49,9,9,0,辛苦了
216403,5362,任少波,2025-03-15 15:37:33,1,1,0,呵呵呵
216688,5362,任少波,2025-03-21 02:56:00,5,5,0,🫡🫡🫡🫡🫡🫡🫡🫡🫡🫡🫡🫡🫡🫡🫡🫡🫡🫡🫡🫡🫡🫡🫡🫡🫡🫡🫡🫡🫡🫡🫡🫡🫡🫡🫡🫡🫡🫡🫡🫡🫡🫡🫡🫡🫡🫡🫡🫡🫡🫡🫡🫡🫡🫡🫡🫡🫡🫡🫡🫡🫡🫡🫡🫡🫡🫡🫡🫡🫡🫡🫡🫡🫡🫡🫡🫡🫡🫡🫡🫡🫡🫡🫡🫡🫡🫡🫡🫡🫡🫡🫡🫡🫡🫡🫡🫡🫡🫡🫡🫡🫡🫡🫡🫡🫡🫡🫡🫡🫡🫡🫡🫡🫡🫡🫡🫡🫡🫡🫡🫡🫡🫡🫡🫡🫡🫡🫡🫡🫡🫡🫡🫡🫡🫡🫡🫡🫡🫡🫡🫡🫡🫡🫡🫡🫡🫡🫡🫡🫡🫡🫡🫡🫡🫡🫡🫡🫡🫡🫡🫡🫡🫡🫡🫡🫡🫡🫡🫡🫡🫡🫡🫡🫡🫡🫡🫡🫡🫡🫡🫡🫡🫡🫡🫡🫡🫡🫡🫡🫡🫡🫡🫡🫡🫡🫡🫡🫡🫡🫡🫡🫡🫡🫡🫡🫡🫡🫡🫡🫡🫡🫡🫡🫡🫡🫡🫡🫡🫡🫡🫡🫡🫡🫡🫡🫡🫡🫡🫡🫡🫡🫡🫡🫡🫡🫡🫡🫡🫡🫡🫡🫡🫡🫡🫡🫡🫡🫡🫡🫡🫡🫡🫡🫡🫡🫡🫡🫡🫡🫡🫡🫡🫡🫡🫡🫡🫡🫡🫡🫡🫡🫡🫡🫡🫡🫡🫡🫡🫡🫡🫡🫡🫡🫡🫡🫡🫡🫡🫡🫡🫡🫡
217486,5362,任少波,2025-04-11 06:04:25,17,17,0,书记啊，你知道您提拔的王副校长干了什么事吗，现在居然让他分管教师思政、人事、人才工作了（4月份新增人才工作由他分管），其他学校的人才都是第一议题、应由校长分管的，您现在让这个色厉内荏的家伙分管人才工作，您是想让浙大的人才全跑光吗？！
217998,5362,任少波,2025-04-19 04:20:07,11,12,1,从来没见过王靖岱这么厚颜无耻，以权谋私之徒，他算老几啊敢对着老师穷凶极恶破坏浙大的人才工作啊？ 知乎上面还有这逼撞了人还拒不道歉逃脱的帖子（可见“https://www.zhihu.com/question/277354966”）对于这么一个品德低下劣迹斑斑祸害人的东西，学校难道不查？巡视组来了怎么交代？？
141908,7116,邹安川,2021-10-31 10:37:12,-7,12,19,还点名啊
144192,7116,邹安川,2021-12-20 08:11:26,11,29,18,控制欲很强，自我中心，打着关心同学名号满足自己私欲
145012,7116,邹安川,2022-01-08 05:09:09,-15,8,23,期末钉钉群拿到1.32块红包嘿嘿嘿~\n\n\n\n大家拿了多少~
145056,7116,邹安川,2021-12-27 06:10:07,-16,9,25,我觉得还好啊，作业很少，老师很温柔礼貌啊！楼上的人在乱说什么啊？
146911,7116,邹安川,2022-01-08 04:16:27,-13,11,24,老师作业不多而且不卷，人很温柔也很礼貌，期末还给大家发红包，这老师还不好吗
146918,7116,邹安川,2022-01-08 04:54:28,-18,6,24,就冲老师期末发红包给我们加油这一点，10分满上！
147201,7116,邹安川,2022-01-09 05:24:19,-13,10,23,挺好的，事情很少
147202,7116,邹安川,2022-01-09 05:24:19,-15,8,23,挺好的，事情很少
153505,7116,邹安川,2022-05-02 14:10:26,3,16,13,比方磊不知道啰嗦几倍
153559,7116,邹安川,2022-05-04 17:22:33,3,15,12,事无巨细全要干涉，连同学约羽毛球群都要扫码来加一下？
153749,7116,邹安川,2022-05-10 05:04:19,11,23,12,能先把话讲清楚（口齿清晰）吗？
155471,7116,邹安川,2022-06-13 08:57:06,-13,4,17,人好事少
156039,7116,邹安川,2022-06-21 15:07:44,-17,13,30,形策课，出分前说几句，会在考试周给同学们发红包，跟大家说会尽量给高分，怎么说呢，我觉得可以放心选吧。\n\n\n\n至于具体行政工作上很事无巨细什么的，我看楼下那几个描述，觉得大二大三的物理系学生可能确实挺难伺候的，不过浙大有些学生确实就这样，鸡毛蒜皮的事都叽叽歪歪，不是圣人还真伺候不好这些爷。\n\n\n\n——————————————————————————\n\n\n\n出分后来评价，学弟学妹们放心选，这个老师在形策这门课上，绝对是10分的老师。\n\n\n\n他的承诺全都兑现了。\n\n\n\n楼下这些敬爱的学长们，你们可以把原因明明白白地讲清楚，大可不必在这阴阳怪气。这就是浙江大学物理学院的学生的水平？\n\n\n\n——————————————————————————\n\n\n\n课友抱歉，误伤了。。。不是在打拳，我说男生是因为那几个发这种不讲道理的东西的敬爱学长根本没有掩盖自己的语气...\n\n\n\n说实话这种斤斤计较小肚鸡肠的男公主的形象已经跃然纸上了。不管他是男是女，女生的话其实也适用的呀，一个女生活得跟个男公主一样，那不是更糟糕吗。\n\n\n\n大家都讨厌男公主，关于男公主我就说到这啦。咱们统一一下意见，男儿当顶天立地，富贵不能淫，贫贱不能移，威武不能屈！
156040,7116,邹安川,2022-06-17 07:58:32,-17,7,24,形策课，出分前说几句，会在考试周给同学们发红包，跟大家说会尽量给高分，怎么说呢，我觉得可以放心选吧。\n\n\n\n至于具体行政工作上很事无巨细什么的，我看楼下那几个描述，觉得大二大三的物理系男生可能确实挺难伺候的，不过浙大有些男生确实就这样，鸡毛蒜皮的事都叽叽歪歪，不是圣人还真伺候不好这些爷。
156297,7116,邹安川,2022-06-18 23:59:22,-2,9,11,原来几个破红包就能收买这么多人，哈哈
157008,7116,邹安川,2022-06-21 14:20:07,-8,9,17,两个学期只有一次五分钟的pre，加上秋冬学期初的讲座观后感一共两次笔头作业，期末纯纯裸考，给分贼他妈好!!!平时分基本每个人都拉满!!!\n\n这是我能够拥有的反卷斗士吗。
157013,7116,邹安川,2022-06-21 14:31:50,-8,6,14,我不知道他行政搞得怎么样，他在形策这门课上绝对无可挑剔，楼上关于他形策课的评价都是真的，快冲学弟学妹们！
157015,7116,邹安川,2022-06-21 14:44:41,9,21,12,形策给10分 人很好 给分也好 事情少 很建议选\n\n————————\n\n查老师不仅仅是针对授课教师的平台 也可以在这里发表自己对辅导员的想法 我们对老师行政方面的意见 你不是当事人 对事情一点都不了解 不调查一下就直接扣个难伺候的帽子\n\n挺牛的\n\n还直接来一拳 浙大有些男生确实就这样 评论的都是男的是吧 你就这么确定评论的不是女生是吧 \n\n你对浙大哪个男生有什么意见明明白白的讲清楚 大可不必在这里阴阳怪气乱打拳 这就是你的水平？\n\n没经过调查直接说浙大物理的男生难伺候 浙大男生唧唧歪歪 物理学院男生不行 可真有你的 好拳法\n\n以上评论只针对你一个人\n\n———————\n\nanyway回顾主题 邹安川老师人很好 形策课也挺有意思的 不玩手机也能舒舒服服的听下去 值得一选
157031,7116,邹安川,2022-06-21 15:51:41,-13,2,15,是我心目中的好形策老师的样子（事少，分高）
157796,7116,邹安川,2022-06-25 00:54:53,-11,9,20,邹安川！！！！吹爆！！\n\n行策这门课，他就是我的神！！\n\n给分巨特么好，超级反卷斗士了属于是！平时基本啥事儿没有，一次小组展示两次小作文（一整年加一起！！）\n\n学弟学妹们快冲！！！
159575,7116,邹安川,2022-08-16 13:21:08,2,9,7,邹老师上课和搞行政可能的确给人的感觉不大一样。还有打拳的那个真是开了眼了，而且这么快就把“男生”都改成”学生”了？没这个底气还硬打？
164803,7116,邹安川,2022-12-26 07:59:09,-3,3,6,10分给形策，行政管理怎么样不是很懂不做评价，但是这门课没得说，选选选
171261,7116,邹安川,2023-03-20 06:59:22,-2,4,6,看似人畜无害，实则是个虚伪小人
171545,7116,邹安川,2023-03-28 06:40:24,-3,2,5,形策体验好
176196,7116,邹安川,2023-06-28 04:22:49,-3,2,5,给分好 事少 十分
179033,7116,邹安川,2023-08-23 09:19:47,-8,1,9,sb一个，屁都不懂b话又多
216020,7116,邹安川,2025-03-09 12:30:14,0,0,0,形策放心选就对了
