评论id,老师id,老师姓名,发表时间,点赞减去点踩数量,点赞量,点踩量,内容
4741,2,李铁风,2015-06-27 05:00:13,5,11,6,你觉得呢-_-#-_-#-_-#
4763,2,李铁风,2015-06-28 03:02:30,9,20,11,没有重点 不知道在干嘛 布置作业也是随机看 极坑\n\n
4777,2,李铁风,2015-06-28 14:35:11,-3,11,14,极坑！最大的问题是还以为自己讲得很好啊。悲哀啊！
10463,2,李铁风,2015-11-19 03:22:37,8,17,9,连期末考的内容都不知道。
23854,2,李铁风,2016-04-19 01:15:05,2,6,4,这么年轻的副教授 有点厉害的
26269,2,李铁风,2016-06-16 12:51:13,4,7,3,期末考搞错了考试内容，导致了低分
31779,2,李铁风,2016-07-05 02:03:28,3,5,2,作业布置得好随意
38540,2,李铁风,2016-12-08 06:05:27,12,18,6,老师人挺热心的，我觉得不错
52104,2,李铁风,2018-03-12 23:25:51,-1,5,6,到考试了还不讲材料力学？考试复习什么\n\n
52838,2,李铁风,2017-06-23 06:58:13,6,11,5,老师很好，会给你讲一些有用的东西，会分享他在浙大的事，平时从不点名，给分也好
53032,2,李铁风,2017-06-25 03:49:55,7,11,4,蛮好的，心里有一套自己想教会大家的东西，考试重点也尽量都告诉大家，以前怎样不知道，就觉得今年的铁风哥肥肠棒。
54983,2,李铁风,2017-06-30 14:14:46,7,10,3,就像一个有经验有套路的老学长。\n\n给风哥点赞
82159,2,李铁风,2018-07-15 04:51:49,1,7,6,大恩大德 没齿难忘 强推 必选
82174,2,李铁风,2018-07-07 10:20:11,11,20,9,上课真一般，基本自学。是个奇葩，他立志不成为像其他老师那样的所谓的PPT player，结果嘛……一学期下来只学到些什么“拉压弯扭、说学逗唱”。考前复习下dota火枪1v5视频的话，过应该没问题?（大作业重要
85030,2,李铁风,2018-07-15 04:54:14,1,5,4,铁风老师浓浓师生情
85031,2,李铁风,2018-07-15 04:55:33,3,8,5,男神老师！哈佛学霸！
85034,2,李铁风,2018-07-15 05:00:41,-1,3,4,还不错
85043,2,李铁风,2018-07-15 05:48:10,1,7,6,给分满分
91609,2,李铁风,2018-12-15 13:07:06,1,5,4,男神老师
94733,2,李铁风,2019-01-18 04:06:21,-1,3,4,可以说是很男神了
104309,2,李铁风,2019-03-17 13:45:06,4,6,2,希望老师能把作业交的方式和小组研讨说清楚一点
110486,2,李铁风,2019-06-27 06:36:50,3,6,3,浙大流传着风哥火枪1v5的传说
114589,2,李铁风,2019-07-10 23:16:11,6,9,3,社会我风哥！每次布置作业都是关于下一节课的内容，导致每次要完成作业必须自学掌握下节课要讲的内容～平时作业思考题就很迷～大作业占比50%，大型人类迷惑行为表演现场～考前复习ppt会像泄题一样的画重点～给分超好不卡绩～
114693,2,李铁风,2019-07-11 04:09:21,-1,4,5,被卡绩了
125989,2,李铁风,2020-09-16 10:22:45,0,4,4,谁能想到平时邮件都不回复的李老师给分那么好呢 考完以及格为目标的我被捞上4.2
125992,2,李铁风,2020-09-16 10:28:12,2,7,5,这给分！有被吓到！高的没道理！李老师就是我干爹！
133735,2,李铁风,2021-03-04 09:58:34,24,36,12,浙江大学航空航天学院交叉力学中心李铁风教授团队联合之江实验室，与合作单位开展跨学科交叉研究，率先提出机电系统软-硬共融的压力适应原理，成功研制了无需耐压外壳的仿生软体智能机器人，首次实现了在万米深海自带能源软体人工肌肉驱控和软体机器人深海自主游动。这种环境自适应的仿生软体机器人和智能系统，将为深海探索科考、环境监测与资源勘探提供解决方案，为复杂环境与任务下机器人及智能系统设计提供新思路。\n\n\n\n登上《自然》封面！浙大团队成功“打卡”马里亚纳海沟\n\nhttps://mp.weixin.qq.com/s/EjP8_aV8nMeUoSCfJZxoxw
141391,2,李铁风,2021-10-05 14:50:13,-2,5,7,是一位好老师
156839,2,李铁风,2022-06-21 05:40:10,7,8,1,上课不讲考试范围内的东西，我学尼玛
157887,2,李铁风,2022-06-25 10:29:39,9,12,3,就凭一学期两次早八都一声不吭放我们鸽子，其中一次课还没补没解释原因来看，我真不敢打高分。最后一次课讲大作业要求，考试发现有一块知识点没讲......
173372,2,李铁风,2023-05-22 03:38:57,2,4,2,李教授科研实力很强，成果大家有目共睹。李老师口才也很好，讲得小故事很有意思。但总觉得上课还是得踏踏实实来上。如果李老师上的是某些通识课，尤其是面向低年级、甚至中学生，我认为效果应该会不错。\n\n本学期是杨老师和李老师一起带的课，李老师出差或有重要的事情，就有杨老师来上。杨老师更年轻，可能没有李老师那么多的台上经验也没有很好的口才，但至少踏踏实实一个知识点一个知识点说清楚了、考试重点与形式也给同学们提了。\n\n李老师给分如何，不太清楚，还没经历那个阶段。不过我还是觉得能让学生在课堂上学到东西的老师才是好老师。\n\n虽然第一节课很惊喜，带着挺多的兴致来听李老师的课。但从实际教学效果来看，真的没办法给李老师高分。
220108,2,李铁风,2025-06-15 04:00:54,2,2,0,请千万要注意材料力学老师有一章不讲，需要自己看一下（考前前一天晚上才发现那章也考，别的班都有讲，虽然这次考试没考到哈哈
13990,26,朱林利,2016-01-03 11:33:18,14,16,2,挺好的，听详细。
13993,26,朱林利,2016-01-03 11:36:54,14,14,0,很严格的老师，给分不错！
14225,26,朱林利,2016-01-05 13:15:56,9,9,0,大师级人物，不仅可以学到知识，还有一段人生。
14648,26,朱林利,2016-01-08 05:29:50,6,6,0,老师挺好的
14756,26,朱林利,2016-01-08 16:50:49,5,5,0,拥有哲学的老师
14795,26,朱林利,2016-01-09 09:08:08,4,4,0,难得的好老师！
15158,26,朱林利,2016-01-12 08:54:23,3,3,0,严谨，专业，求是
15685,26,朱林利,2016-01-16 06:22:42,3,3,0,严谨专注
26971,26,朱林利,2016-06-22 02:59:47,2,4,2,沉醉于自己的世界，并不关心考试。
27911,26,朱林利,2016-06-28 04:42:15,3,3,0,给分真不错，我考下来觉得都要挂了结果还上了80，满意
28551,26,朱林利,2016-06-28 10:04:10,3,4,1,作业和上课进度永远不同步
30098,26,朱林利,2016-07-01 02:24:56,0,0,0,讲的还可以，但是感觉给分比较随意，低分会拉到80左右，有的感觉考的不错的也会被拉到80左右
32984,26,朱林利,2016-09-09 07:56:15,-5,1,6,每天上课先照着名单提问半节课。讲课一般，不过PPT做的很好。半开卷的考试，考前把PPT上的公式都抄下来，最后竟然满绩了。
51829,26,朱林利,2018-04-27 13:50:50,-8,3,11,变态神经病
52397,26,朱林利,2017-06-19 15:03:53,6,6,0,随堂点名，两节课有三十分钟都在提问，ppt做的不错，但课经常讲着讲着就把他自己给绕进去的...
53932,26,朱林利,2017-06-28 05:10:49,1,1,0,很关心同学。给分很不错
56043,26,朱林利,2017-07-03 03:29:47,3,3,0,朱林利老师再次印证了工力系老师都是大神这一普遍定律，上课讲得很好，课前抽同学们回顾上一堂课内容虽然有些同学不喜欢但我觉得还好，毕竟老师也是为了我们更好地巩固。给老师发邮件问问题或者微信群里老师都会回复。考试写错正则方程是我没学好，唉～愧对老师给的高分
72730,26,朱林利,2018-01-31 03:52:38,1,1,0,很负责的老师，人也超级好，会给我们讲故事讲自己的经历！ppt做的也很良心！
98192,26,朱林利,2019-01-23 07:26:40,3,3,0,老师很好是我太菜了
147165,26,朱林利,2022-01-09 03:07:08,2,2,0,老师上课会点人起来回答问题或者回扣上一堂课内容，但是点了人没来也无所谓，PPT做的非常好，其实只看PPT复习就行了，zll我的男神
152306,26,朱林利,2022-04-02 11:34:51,1,1,0,我是kuozizheng，朱老师对学生特别好
183583,26,朱林利,2023-11-27 12:53:53,2,2,0,塑性力学好好好
189139,26,朱林利,2024-01-22 05:58:00,3,3,0,（工程力学）老师上课很认真！！！ppt做的也很好，课堂教学和复习的时候都很好用～（不过老师不会提前放ppt在xzzd 因为上课会抽同学提问）\n\n朱老师不点名的，虽然每堂课都会叫同学复习上节课内容、回答问题，但是答不出来也没关系，老师很儒雅温柔。\n\n工程力学这门课，知识深度上不难，但知识面很广，建议大家还是要认真听课。刚出分，我了解下来班里同学的均绩还是不错的。欢迎大家选朱老师哇！
189144,26,朱林利,2024-01-22 06:59:49,1,1,0,给分非常好yyds
213168,26,朱林利,2025-01-16 07:50:32,1,1,0,好好好
215468,26,朱林利,2025-02-26 11:04:01,1,1,0,朱老师人非常好，看得出他有非常高的学术追求，课程也相对轻松，是一个好老师
32550,211,金仲和,2016-07-07 14:29:56,-1,2,3,金老师很和蔼，上课内容也很多，就是略无聊
32605,211,金仲和,2016-07-08 04:41:37,-1,2,3,很和蔼，内容很多，但不难，给分也不错，好老师
30010,226,王惠明,2016-06-30 17:20:02,11,12,1,比应祖光还讲得透彻的老师( ˘▽˘)4学分材力全靠王老师了
30046,226,王惠明,2016-07-01 00:56:42,2,3,1,条理清晰人也萌～
30649,226,王惠明,2016-07-02 06:45:39,5,5,0,考试没有考好，不过老师也手下留情了，基本都能拿到比较好的结果
51444,226,王惠明,2018-11-06 03:46:04,1,2,1,肥肠和善的老师，讲课也很好。能有这样的理工科老师夫妇何求。有两次巨简单的小测
75714,226,王惠明,2018-03-15 10:38:06,2,2,0,非常赞，讲得很详细
111695,226,王惠明,2019-07-02 14:28:57,5,5,0,老师讲的非常透彻！神级ppt！！而且还专门发邮箱给学生解答！！上大学来遇到最好的老师
113471,226,王惠明,2019-07-06 17:50:03,4,4,0,男神!
113484,226,王惠明,2019-07-06 18:17:20,3,3,0,老师真的很好 讲的好 人也很好\n\n是我对不起老师 我没有好好学 希望重修仍能选到老师的课 会好好上课的 也很想好好听老师的课
113490,226,王惠明,2019-07-06 18:33:46,3,3,0,人贼好
113504,226,王惠明,2019-07-06 20:55:47,5,5,0,老师水平很高，回答问题特别耐心，课上得特别好，主要是逻辑很清晰，能把复杂的问题简单化。材力选他没问题的。期末没考好我的锅，不能怪他。。（材力还是比较难的，平时还是要花点功夫的）
113505,226,王惠明,2019-07-06 21:13:18,4,4,0,无敌好老师，能把很复杂的问题简单化，能把很难的材力上的非常通俗易懂，老师的逻辑非常清晰，非常善解人意，这么好的老师选到就是赚到了，作业布置也不多，而且作业答疑讲解透彻。
115425,226,王惠明,2019-07-23 03:18:51,3,3,0,非常好
139129,226,王惠明,2021-07-13 03:49:31,0,0,0,绝绝子的老师！！！！
142180,226,王惠明,2021-11-08 08:24:26,0,0,0,老师真的好！很耐心，讲的非常好！
152170,226,王惠明,2022-03-29 10:01:45,1,1,0,王老师真的好温柔\n\n讲课也很清楚，很好的老师
152474,226,王惠明,2022-04-12 11:49:57,2,2,0,逻辑超顺畅的老师 讲的很透彻很容易理解\n\n感觉比理论力学学得都轻松 whm老师yyds\n\n而且对学生特别好 肉眼可见的对学生的关心和照顾 特别温柔而且好说话 很少见的讲课水平又好对学生又认真的老师
156741,226,王惠明,2022-06-21 01:08:43,4,4,0,考前给老师打波满分\n\n很温柔的老师，对学生非常非常关心\n\n课件和上课逻辑都很通顺
157822,226,王惠明,2022-06-25 03:31:52,3,3,0,讲课真的很有条理而且很温柔，也是一个很负责的老师，成绩还没出先给老师打个10分，不管结果如何，老师绝对教的没问题，成绩差也只能怪自己水平不够了
158041,226,王惠明,2022-06-27 11:58:59,3,7,4,真的是很好很好的老师！！！96来答谢啦！！！
158189,226,王惠明,2022-06-27 11:22:26,4,4,0,永远的神，斩杀线可能还低一点，硬是拉到2.7
174843,226,王惠明,2023-06-19 03:12:03,4,4,0,还没考试也没出分，最后一节课结束来评价一下王老师。真的是一位非常好的老师，温柔、教学能力极强，认真上他的课，认真看他的PPT一定是有收获的。不得不说航院开的课的力学老师真的都很厉害，在这里再夸一夸理论力学的应祖光老师。点名的话主要以雷达点名和纸质小测点名为主，大概5-6次吧。反正王老师人真的超级超级好，我真的很爱他呜呜呜呜呜，但是估计之后上不到老师的课了
174913,226,王惠明,2023-06-19 16:16:10,5,5,0,先生风骨
193507,226,王惠明,2024-06-12 03:42:40,2,2,0,不管考得怎样先给老王一个10分。真的是好老师，上课很有条理，脾气也很好，楼下的“先生之风”所言极是。看到最后一堂课最后一张ppt的“祝大家学业顺利”真的挺感动的。\n\n也希望自己能考出一个好成绩哈哈哈~
193797,226,王惠明,2024-06-18 09:39:21,2,2,0,老师上课很好，考试前一天来给老师打一个10分
193855,226,王惠明,2024-06-20 08:48:34,3,3,0,上课讲得很仔细很明白，老师人也很好很和蔼，考完还没出分，先给个10分
195400,226,王惠明,2024-06-28 03:08:00,0,0,0,好好好
197196,226,王惠明,2024-07-09 02:25:57,1,1,0,为人风雅，逻辑清晰，循循善诱，这学期遇见的最好的老师！（给分也很好）\n\n如果你的材料力学预置了王惠明老师或是张文普老师，你真的是中了大奖
220464,226,王惠明,2025-06-18 04:58:09,2,2,0,王老师课件超级清晰，上课讲的超级有逻辑，总之，nice
192499,279,孟华,2024-05-22 04:12:31,1,1,0,推进课，老师上课还是挺认真的，但是PPT都是手写的😱完全看不清，如果上课不认真听话课后很难自学
22393,311,石兴,2016-03-04 05:52:06,4,5,1,故作姿态
47880,311,石兴,2017-02-27 01:45:12,3,3,0,我赌5毛，均绩没有上2.5
49300,311,石兴,2017-04-03 09:45:52,3,3,0,千万千万别选 除非必修没办法 大作业弄搞死你
49610,311,石兴,2017-04-20 07:37:09,3,3,0,大作业太坑，给分太低
110332,311,石兴,2019-06-25 16:13:57,0,0,0,
122458,311,石兴,2020-02-28 14:00:18,15,15,0,楼上说不要选的问题，他上的课都是hang /院必修课，躲不过的\n\n平时分压分严重，考试基本给最低分，均绩有2.0就不错了
122508,311,石兴,2020-03-02 13:32:01,3,3,0,算了不想多说
123287,311,石兴,2020-05-29 12:53:35,-24,2,26,老师很好哦！
131573,311,石兴,2021-01-28 05:03:12,3,3,0,考的什么玩意
135254,311,石兴,2021-05-07 02:02:37,6,6,0,大作业逆天，千万别选计算空气动力学，大二的赶紧学电类课跑路
172737,311,石兴,2023-05-11 15:52:36,7,9,2,我计算空气动力学92分，应该算高的。这门课的90%的难度在于老师上课不知所云，大作业也没有给出合理的提示。\n\n给后面选这个的学弟学妹一点提示，大作业建议使用NND或者L-W方法，若是一定想用weno方法要用muscl限制斜率，而且要加虚拟点。边界条件就是入流边界为给定值，出流边界和里面一层一样，壁面和出流边界大致相同，但是法向速度设成0。激波的初始速度=ma1c1-ma2c2。大作业难点应该就这几个。\n\n平时作业程序的话网上都有的，只要交了就不会扣分。这个老师是肯定会点名的，而且后半程点的多，前面可以适当旷一点。考试的话看PPT即可，每个ppt都会有要考的概念。有计算题，计算的话只要泰勒公式用的6就行了。今年出的极其偏难怪，因为去年有人看了历年卷普遍考得高，就改题目了。所以不必太过在意历年卷这个东西，主要还是看概念背的熟不熟。\n\n虽然这个课槽点很多，但是必修的同学也不必过于惊慌。如果有良好的程序设计基础大作业大概十个小时内是可以完成的。我当时大部分时间都花在了改初始条件上（没错就是我提到的激波速度公式），其他的部分花了七八个小时就做完了。\n\n希望大家都能取得好成绩！
188217,311,石兴,2024-01-18 12:22:56,5,5,0,空气动力学基础，其实是偏科普类的课程，建议是开学前找学长学姐要份PPT，每次上课之前看懂先，上课的时候不会那么枯燥，不然我是真的不想听。然后我们这一届最后考试是半开卷，带一张a4纸，平时学的时候其实就可以开始写了，最后考试周轻松些。老师就不多说了，本来上课质量就不行，考试题型也不愿意说，好像说了要命一样，考前一天晚上问他常数给不给，第二天考前半小时说不给。
189927,311,石兴,2024-02-02 16:38:12,11,11,0,垃圾中的垃圾，出生中的出生。讲课航院垫底，还喜欢每周至少点一次名，讲课不行，屁事还贼多，大作业折磨死人，问问题有时过好几天才回，考试几种题型都不讲，以为自己很牛逼，期末打开了个贼寒颤的思维导图就算复习了。给分也是极品中的极品，三年历史最低分。
193776,311,石兴,2024-06-18 03:14:53,-6,2,8,我不配评价石教授，在此仅分享我作为一个学生的想法。石教授是严谨治学的研究者，对空气动力学的教学也有自己的一套思路，课程除了基本的流体力学知识以及空气动力学基础之外，最后几节还延申了一些，如果分成两个长学期的课可能有更好的效果。平时作业在书上都可以找到，尤其是安德森那本英文书。大家吐槽很多的大作业，这么多年来似乎也是在下调难度，今年都给了“参考文档”了。我自己基本上干完了整组的活，这个作业的工作量只有两百行左右matlab，个人浅见是都够不上计算空气动力学的门槛。考试中很多都是工程流体力学的内容，还是开卷。我最后拿了高于总GPA的成绩，虽然对于排在前面的同学算是拉均绩了。现在大家都想学电类，嵌入式、信号和数电等课学弟学妹们也都上了，或许会对未来方向的选择有新的思考。
200474,311,石兴,2024-10-17 11:55:19,4,5,1,你妈什么时候死
200533,311,石兴,2024-10-18 09:43:12,6,7,1,这tm的小组互评是尼玛人能想出来的？
200543,311,石兴,2024-11-19 07:10:43,7,8,1,不知道怎么想出来的小组互评方案。。。。在石教授的眼里学生的平均水平就是及格呵呵哒。。完完全全智障和完完全全邪恶，甚至对班级成员区别对待。。。
208798,311,石兴,2025-01-02 04:46:39,6,6,0,出的什么鸟卷？？？监考还一直在上面bb，这卷子出出来好意思bb吗？？
213550,311,石兴,2025-01-28 04:31:59,7,7,0,一学期四学分的空气动力学，内容是真的多，光光掌握作业题是完全考不出来的，考试题虽然有很多可以抄到的简答，但是计算很多都没讲过没见过。还没出分，先给老师磕一个，非常害怕，希望可怜可怜孩子们给好点。\n\n\n\n二编：除夕上午出分的，终于等到你还好我没放弃
214190,311,石兴,2025-01-28 05:22:32,2,2,0,除夕出分真有你的。。。👍👍👍
214201,311,石兴,2025-01-28 04:43:19,3,3,0,考完25天拖到年三十出分...从开学抽象到最后一刻
214202,311,石兴,2025-01-28 04:43:17,3,3,0,考完25天拖到年三十出分...从开学抽象到最后一刻
82,525,应祖光,2015-03-14 15:43:29,3,16,13,好老师!
103,525,应祖光,2015-03-14 15:52:57,8,21,13,真的好老师！
176,525,应祖光,2015-03-14 16:25:07,22,33,11,萌萌的 讲课还很细致
4664,525,应祖光,2015-06-26 00:54:50,16,22,6,可爱哭了
4944,525,应祖光,2015-07-01 08:33:31,4,10,6,好老师
5451,525,应祖光,2015-07-07 15:09:17,4,10,6,棒！
5657,525,应祖光,2015-07-09 04:19:08,5,10,5,老师炒
5663,525,应祖光,2015-07-09 05:01:35,4,15,11,人很和蔼，讲课清晰，偶尔讲讲冷笑话，好老师^ω^
8520,525,应祖光,2015-09-22 05:04:24,1,6,5,萌萌哒
13847,525,应祖光,2016-01-01 08:55:53,-6,11,17,水平和叶神差远了！
13987,525,应祖光,2016-01-03 11:40:09,5,16,11,傻乎乎的老师
14128,525,应祖光,2016-01-04 16:33:31,11,19,8,三排以后听不见他在讲什么……
14172,525,应祖光,2016-01-05 06:41:42,8,20,12,基本自学
14193,525,应祖光,2016-01-05 08:13:16,7,15,8,一般般吧
14265,525,应祖光,2016-01-06 03:02:39,0,7,7,不好。
14404,525,应祖光,2016-01-07 02:06:20,-4,4,8,什么鬼啊！
14758,525,应祖光,2016-01-08 16:53:22,0,1,1,什么?_?
14796,525,应祖光,2016-01-09 09:09:54,0,0,0,...
15310,525,应祖光,2016-01-13 13:31:18,7,11,4,好萌的老师，听课特别开心，虽然是下午678的课但从来没有打过瞌睡。\n\n
15311,525,应祖光,2016-01-13 13:34:40,2,2,0,前几天还十分呢嘿
15460,525,应祖光,2016-01-14 13:05:58,8,15,7,全靠自学233333
15683,525,应祖光,2016-01-16 06:21:08,0,0,0,vb
15789,525,应祖光,2016-01-16 09:17:24,4,4,0,人超级好
16821,525,应祖光,2016-01-19 04:30:00,1,2,1,讲的挺不错的
16824,525,应祖光,2016-01-19 04:40:58,10,10,0,不错的老师\n\n
16891,525,应祖光,2016-01-19 07:38:58,-3,3,6,听不进去，自顾自讲
16905,525,应祖光,2016-01-19 08:30:08,1,2,1,好老师，给分好
17177,525,应祖光,2016-01-19 23:52:13,1,2,1,赞，高水平
19883,525,应祖光,2016-01-25 13:38:56,3,5,2,考试比较简单，老师人挺好，给分也还好，上课感觉比较水
20810,525,应祖光,2016-02-01 04:56:47,1,1,0,看人的
21701,525,应祖光,2016-03-01 00:16:05,-3,2,5,无聊的时候很多
23775,525,应祖光,2016-04-16 10:33:43,0,1,1,必须超级赞
24445,525,应祖光,2016-04-30 14:09:37,1,1,0,不错的
26325,525,应祖光,2016-06-17 02:05:03,-8,3,11,个人观点，关键缺点是：回答同学提问的时候不够耐心，心态急躁，不能以平等相视的状态来解答。给学生极不好的提问体验。\n\n对于规定比较死板。
28727,525,应祖光,2016-06-28 13:17:22,1,1,0,老师不错，讲得细，人很善良，给分不错
29249,525,应祖光,2016-06-29 13:34:27,-1,0,1,挺好的，上课可能讲得一般般，给分不错
33042,525,应祖光,2016-09-11 00:55:39,0,0,0,给分太良心了
37818,525,应祖光,2016-11-21 07:39:02,1,1,0,给分好 讲课也不错
44705,525,应祖光,2017-01-18 06:35:49,1,1,0,萌(๑• . •๑)
44729,525,应祖光,2017-01-18 07:10:53,1,1,0,蛮好的老师
49498,525,应祖光,2017-04-17 06:09:37,4,5,1,很好的啊！如果还有其他课就好啦～
53685,525,应祖光,2017-06-27 10:01:45,5,5,0,赞赞赞，考完试一度以为我要挂了，最后成绩很良心啊！祖光爷爷?
53717,525,应祖光,2017-06-27 10:57:26,12,13,1,舒服，各种自我吐槽，每次上课都笑声不断，强烈建议祖光爷爷再开一门结构力学
53958,525,应祖光,2017-06-28 06:13:55,3,3,0,人挺好的
54154,525,应祖光,2017-06-28 14:39:03,9,9,0,为什么！为什么没有10分啊！！！不多说了学弟学妹们挤破头也要选祖光爷爷呀???真正做学问的典范，视野开阔！
54298,525,应祖光,2017-06-29 04:05:56,4,4,0,上了应老师的理力材力，能不能再开一门结力
54551,525,应祖光,2017-06-29 15:10:48,3,3,0,谢祖光爷爷
57745,525,应祖光,2017-07-13 15:37:38,2,2,0,如果你想学到东西，就请往前坐，应老师对很多问题都有自己的想法，开的小灶也特别有趣，好评。
59711,525,应祖光,2017-09-26 05:43:00,1,1,0,非常怀念
59713,525,应祖光,2017-09-26 05:48:15,1,1,0,现在已经在上结构力学课程了，一直特别怀念祖光爷爷的课堂。
61982,525,应祖光,2017-11-22 04:21:50,0,0,0,很萌的老师
62016,525,应祖光,2017-11-22 07:16:14,1,1,0,时不时有冷笑话，视野开阔，灰常喜欢
64914,525,应祖光,2017-12-28 02:44:00,4,4,0,管得不太严的，但老师绝对是学识很丰富的，具体学得怎么样要看自己了
65540,525,应祖光,2018-01-05 12:24:49,0,0,0,非常好的感觉
66269,525,应祖光,2018-01-14 11:03:30,0,0,0,很好的老师！！！
75242,525,应祖光,2018-03-08 06:49:22,0,0,0,怀念啊
79297,525,应祖光,2018-05-30 07:30:32,0,0,0,非常好！
84302,525,应祖光,2018-07-12 13:20:11,1,1,0,虽然讲课有点平淡的，但是集中精力听还是很有意思，而且给分真的太太太良心，容易低空飘过的各位推荐选，只要你最后不是交了白卷这么难看，基本都能给你拉过
99182,525,应祖光,2019-01-24 11:22:57,5,5,0,我！永！远！都爱祖光爷爷！！！！！
99339,525,应祖光,2019-01-24 15:04:22,-1,0,1,太感谢祖光爷爷了！
99949,525,应祖光,2019-01-25 10:33:36,4,4,0,能上应老师的理力课真的是超级幸运，可惜下学期他不开材料力学了。老师讲课思路很清晰，让我这样一个力学渣渣都拿了98分，真的是感动哭了
99984,525,应祖光,2019-01-25 11:41:25,3,3,0,老师人是真的超级好，是我见过最真实，最不装的老师，推荐大家选
117853,525,应祖光,2019-10-05 16:24:31,0,0,0,太棒呀！大爱祖光爷爷
121842,525,应祖光,2020-01-22 10:22:45,0,0,0,神仙老师应爷爷
122374,525,应祖光,2020-02-26 01:29:00,0,0,0,其实我觉得还是自学，主要老师音量催眠，而我力学又是渣渣
127114,525,应祖光,2020-11-09 03:51:20,1,1,0,上课很认真负责，循序渐进，偶尔会搞笑\n\n总之就是非常友善
132352,525,应祖光,2021-02-01 04:18:42,2,2,0,老师的手太长了，能捞的都捞了
139150,525,应祖光,2021-07-13 03:59:27,0,0,0,啊啊啊
145720,525,应祖光,2021-12-31 17:44:24,1,1,0,很好的老师\n\n也许上课的时候消化来不及会觉得有些无聊\n\n但是看了回放之后发现讲的真的很好
147607,525,应祖光,2022-01-10 09:37:27,0,0,0,！！！
147611,525,应祖光,2022-01-10 09:42:59,1,1,0,一伯分，讲课好给分好，人还萌萌的
155554,525,应祖光,2022-06-14 09:11:46,3,3,0,冲应老师为了我的补选三次发邮件，两次给教务处打电话我就无敌感动(ಥ_ಥ)直接十分
167343,525,应祖光,2023-01-15 14:39:20,1,1,0,巨萌的宝贝爷爷！！suki！！！给分也究极好
170456,525,应祖光,2023-03-05 06:15:27,2,2,0,啊啊啊应爷爷我的神！！讲课好给分好，还是一个萌萌的小老头哈哈哈哈哈～
174600,525,应祖光,2023-06-14 12:09:26,0,0,0,今天来评论一下应爷爷，是23年1月考的试，应爷爷讲的是真的好，非常透彻，为我的材料力学打了很好的基础，真的很厉害！教学能力超级在线！
190588,525,应祖光,2024-03-10 16:49:09,0,0,0,回微信有一种刚刚学会用手机的幽默（褒义）讲课给分都很赞
35806,634,宋广华,2016-11-10 08:15:17,0,2,2,计算机启蒙老师
92651,634,宋广华,2019-01-03 09:50:06,2,12,10,（以下仅针对研究生课）\n\n其他的不说，首先点名，基本每节课都点，然后事儿多，做展示还有时限的，不做就没分，最后大作业是nmd按硕士生毕业要求来，真滴六批，我佛了。说到佛...
118700,634,宋广华,2019-10-31 01:16:51,-5,4,9,老师上课会讲很多计算机的知识，再加上实验课，能学到很多。
127103,634,宋广华,2020-11-08 03:20:02,1,5,4,没啥水平 要求还多
131574,634,宋广华,2021-01-28 05:09:02,-16,1,17,很好，我满了
160423,634,宋广华,2022-09-22 04:39:51,7,9,2,每节课布置一篇作文，发什么疯
160426,634,宋广华,2022-09-22 04:45:41,4,6,2,作业好tm多，上课讲得跟概论一样
181102,634,宋广华,2023-10-08 13:29:32,4,5,1,嵌入式作业有点sb的
181123,634,宋广华,2023-10-09 08:55:07,3,3,0,全英文ppt，讲什么都不知道，每次都要写报告作文，内容也很烦
181583,634,宋广华,2023-10-23 09:47:00,1,2,1,。。。
188219,634,宋广华,2024-01-18 12:27:15,6,8,2,嵌入式，一开始觉得老师还行，后面越来越不行，上课根本学不进去东西，然后有些言论着实是逆天，这门课对我来说唯一有用的点就是让一个从没接触过嵌入式板子的人玩到了板子
199202,634,宋广华,2024-09-19 03:44:58,11,13,2,作业多得一批，上课不知所云，PPT全英文老登快下课
199965,634,宋广华,2024-10-09 16:32:13,7,9,2,这作业是要去窃取商业机密吧
200713,634,宋广华,2024-10-27 11:01:10,12,14,2,嵌入式计算技术：中文课程给英文PPT，每节课的作业都是报告级别的（主题的限制导致基本上找不到有效资料，还要求不少于六页。。。），专挑国庆放假前最后的课点名，实验作业怎么做基本不讲，看作业量还以为是3、4学分的课，定睛一看，不过2学分罢了，What can I say！\n\n补充：“作业做不完？不睡觉就行了！”
200877,634,宋广华,2024-10-24 02:21:09,15,17,2,晚上为什么要睡觉啊，不要跟我说没时间，你们可以不睡觉的啊
201001,634,宋广华,2024-10-26 11:13:48,7,7,0,为什么要睡觉！不准睡觉！
201030,634,宋广华,2024-10-27 12:11:33,7,9,2,纸张玩意
201051,634,宋广华,2024-10-28 03:21:04,9,10,1,最高指示:不准睡觉
201401,634,宋广华,2024-11-01 17:50:05,2,4,2,其实还行
201405,634,宋广华,2024-11-02 02:25:29,8,10,2,客观评价一下吧，老师是比较典型的教授，会有一些比较push的言论，作业会涉及到很多嵌入式相关的实验，会占用一些课余时间事情比较多。好处就是如果真的想接触嵌入式相关的东西想学习arduino之类的内容，老师会很欢迎你跟他探讨，而且可以找老师拿树莓派和arduino的板子，就算课程结束了想继续用板子的跟老师说一声就能拿
202077,634,宋广华,2024-11-09 04:45:04,3,5,2,老师其实还行，上课风格比较超雄罢了，会有比较PUSH的言论，实在是不知道那个在每个评论区“纸张玩意”的是班里的哪个生活不如意的阴暗批。。。。
202755,634,宋广华,2024-11-14 07:11:39,2,2,0,着实超雄
6022,655,鲍荣浩,2015-07-10 09:25:00,0,1,1,老师很棒！＝0＝
14693,655,鲍荣浩,2016-01-08 10:52:01,0,3,3,忌点上3⃣️绝壁大神
32351,655,鲍荣浩,2017-01-24 04:12:24,14,15,1,很萌的老头，讲课很有趣
51999,655,鲍荣浩,2017-06-14 05:32:02,1,1,0,风趣幽默，传道解惑，好老师！
52134,655,鲍荣浩,2017-06-15 04:14:10,1,1,0,。。。
74783,655,鲍荣浩,2018-03-06 01:45:20,-1,0,1,还好吧
75992,655,鲍荣浩,2018-03-23 07:02:20,0,0,0,布置作业的方式让我想起了杨勋年。。
76727,655,鲍荣浩,2018-04-19 07:46:24,1,1,0,老师很有趣啊
78205,655,鲍荣浩,2018-05-10 03:45:39,4,5,1,很有趣 很有热情 很开放
78256,655,鲍荣浩,2018-05-10 08:12:50,1,1,0,很棒啊，老师也很可爱，讲课也非常清楚，每次都会问你有没有听懂呀，没听懂我再讲一遍！
78536,655,鲍荣浩,2018-05-12 17:40:52,1,1,0,很可爱很好的老师啊。
82532,655,鲍荣浩,2018-07-08 12:15:18,7,8,1,鲍老师讲课超级有激情\n\n
82683,655,鲍荣浩,2018-07-09 03:05:53,-10,0,10,老师上课很棒，但是今年鲍老师出的这张卷子真的有点难QWQ往年卷子自己做下去基本能保证全对，今年的这张卷子选择错了10几分……可能上不了4了
84190,655,鲍荣浩,2018-07-16 08:39:08,-8,2,10,楼上的那位同学这么菜的吗？今年试卷那么简单应该所有人都上4了吧（手动狗头）
85220,655,鲍荣浩,2018-07-16 07:15:49,3,4,1,举报楼上说出这么伤害同学情谊的话。这么简单所有同学都上5了吧
85238,655,鲍荣浩,2018-07-16 11:42:48,5,6,1,老师上课用粉笔头砸了不好好听课的我，挂了很多的我，认真的听了很多节，谢谢老师，真的谢谢
85385,655,鲍荣浩,2018-07-17 10:25:15,3,3,0,考前多问
113753,655,鲍荣浩,2019-07-07 08:05:03,4,9,5,差评一波老师的复习课，简直跟没复习一样就笼统说一遍知识点，重点不划，考试大纲不给，连历年卷都只给题目不给答案，mmp哦，全程靠自己过一遍两本书，这哪里复习的完？
125777,655,鲍荣浩,2020-09-14 08:02:06,0,1,1,老师真的非常非常好，期末考完我都担心要挂了结果捞回来了
139554,655,鲍荣浩,2021-07-17 07:54:51,1,1,0,还是很好的 期末会捞人
145941,655,鲍荣浩,2022-01-04 13:42:15,3,3,0,老师真的很好，上课很认真也很关照同学们，和同学们打成一团哈哈哈，刚刚考完，希望老师捞一下我ww
145951,655,鲍荣浩,2022-01-04 15:07:40,2,2,0,可爱的老师！负责的老师！上课充满激情的老师！虽然老师似乎是第一次带数理方法的班，但是每节课都很认真地备过了，ppt很清楚。必须十分！！！
147549,655,鲍荣浩,2022-01-10 08:09:11,0,0,0,老师超可爱，喜欢同学去问他问题，上课有的时候会扯别的但还是讲得超好！！！
157128,655,鲍荣浩,2022-06-22 03:40:52,2,2,0,超级好超级好的一个老师
158019,655,鲍荣浩,2022-06-26 08:45:05,0,0,0,yyds！
158370,655,鲍荣浩,2022-06-28 22:42:24,0,0,0,评论好像写错人了删不掉
162284,655,鲍荣浩,2022-11-19 06:00:08,-4,6,10,数理1讲的一塌糊涂，上课时常自己陷入左右互搏之中。啰里啰嗦、音量极高，学生又不知其所云何物。课下又摆出一副很亲近学生的态度来，又显出欲盖弥彰的丑态。
167569,655,鲍荣浩,2023-01-17 11:33:12,4,4,0,数理I\n\nemm应该承认老师对教学还是很认真的（至少看起来是），也是关心同学的，会鼓励学生问问题，不过说实话讲的实在不好……老师不能算是在念PPT，但也只是对着PPT一番解释，解释来解释去显得思路很乱。\n\n虽然数理方法这门课本来就不好讲，不过按这样就更难学了。\n\n另外老师点名用随堂练习，不过从网课开始就没点名了
167609,655,鲍荣浩,2023-01-17 15:27:22,0,0,0,老师挺好的
167683,655,鲍荣浩,2023-01-18 09:33:12,3,3,0,大捞\n\n基本自学 前面还看的懂 到后面有点抽象 上网课也没咋听 下学期数理2一定好好学
168303,655,鲍荣浩,2023-02-10 04:47:01,0,0,0,老师讲课很认真
172093,655,鲍荣浩,2023-04-19 08:05:49,2,3,1,就这样，感觉水平一般，还有点固执
173440,655,鲍荣浩,2023-05-24 12:13:38,2,3,1,二二年末困难时期，进度落下后来一直补，当时很焦虑，问助教和老师有关补考和补作业的事情，老师冷漠，偶尔回几句隔靴搔痒模棱两可的话，临补考前一直焦虑，怕自己补的作业没有算进分数，助教临补考前几天才读了消息，但一字不回，可谓雪中送冰。
177101,655,鲍荣浩,2023-07-01 16:52:13,0,0,0,数理1认真听课也没学明白，学得很艰难，期末被大捞了
181091,655,鲍荣浩,2023-10-08 05:35:01,0,0,0,被捞了
185396,655,鲍荣浩,2023-12-29 01:06:37,6,6,0,我是欧拉的粉丝，欧拉战斗力是几个亿级别的
188176,655,鲍荣浩,2024-01-18 10:31:21,0,1,1,数理方法，你是我大爹，被狠狠捞了
190190,655,鲍荣浩,2024-02-25 04:00:41,2,2,0,给分好，远超我的预期
194910,655,鲍荣浩,2024-06-26 02:05:46,0,0,0,放心选，你鲍叔很能捞的
195725,655,鲍荣浩,2024-06-29 17:44:26,0,0,0,神！！！
195897,655,鲍荣浩,2024-06-30 14:54:04,0,0,0,材力真的很捞！
199140,655,鲍荣浩,2024-09-18 05:39:39,14,15,1,老师会翘课
206618,655,鲍荣浩,2024-12-16 15:07:37,0,0,0,很负责的一位老师
206793,655,鲍荣浩,2024-12-17 14:38:11,1,2,1,老师人还是很不错的，但是怎么说呢上课老是重复讲一个知识点，明明已经讲了一遍还要重复好多遍。感觉会的人早会了，不会的也一下子听不懂。\n\n这学期复变函数、数理方程、后面一些特殊方法是老师讲的，而且最重要的是上课的内容和书本好像基本没有任何区别，只是照着书本讲下来，至少我听下来是这样的。建议自学或课上自己看书。\n\n另外，中间有段时间是伍老师讲的特殊函数，那部分可以听一下，书上有许多存疑的地方和小错误伍老师都指出了。
213981,655,鲍荣浩,2025-01-22 10:54:23,1,2,1,伟大无需多言
213990,655,鲍荣浩,2025-01-22 13:13:16,1,1,0,讲课水平确实一般，但是教学态度相当的好，非常乐意接受同学们问问题，同时也比较幽默风趣。特别能捞，出分前没想过自己会是这个分。
214009,655,鲍荣浩,2025-01-23 01:35:40,5,5,0,给分一般，感觉被调低了。钉钉老是已读不回，知道你忙，但你也别已读，直接未读不行吗
214098,655,鲍荣浩,2025-01-24 05:52:22,3,3,0,老师你真的会捞吗？\n\n最用心的一门课得了根本不敢想的分数\n\n觉得努力是没用的。
217578,655,鲍荣浩,2025-04-14 00:31:09,0,0,0,呵呵，这也能刷
4662,708,陶伟明,2015-06-26 00:16:41,3,5,2,呵呵
6577,708,陶伟明,2015-07-15 15:57:40,0,3,3,太差 给分低
21264,708,陶伟明,2016-02-27 15:30:25,2,2,0,挺好的
47682,708,陶伟明,2017-02-17 05:11:00,1,2,1,没听过，但是肯定很棒
52972,708,陶伟明,2017-06-24 08:47:42,5,8,3,他骗我说期末考很简单？所有大佬都错在了一到20分的题上
52975,708,陶伟明,2017-06-24 09:11:46,1,2,1,他也骗我说期末考试简单，可是我现在只能依靠师生情
55009,708,陶伟明,2017-06-30 15:57:06,0,0,0,这个均绩真的有毒
55081,708,陶伟明,2017-06-30 21:47:32,-1,1,2,比均绩还低
56348,708,陶伟明,2017-07-03 14:16:50,1,2,1,老师还行吧，期末考试确实不难吧，才4道大题，其中2道还是前几年的考题，专业群里也都有，没刷的话你能怪谁呢。你可以对比下前几年的卷子。\n\n他不是绩杀，你不能黑他吧。\n\n只能说没有像叶婶那样给分好而已。\n\n考一分是一分，这本来就是考试的本质。\n\n我也不高，但至少是反应我水平的，希望大家评论公正点。
79951,708,陶伟明,2018-06-16 07:05:17,1,2,1,鲍老师让我喜欢上了材力，而陶老师让我放弃了材力。每节课小测也是醉……讲课也是中规中矩没什么意思，不想听
85384,708,陶伟明,2018-07-17 10:24:43,1,2,1,考前多问，好处多多
220680,708,陶伟明,2025-06-19 07:48:16,0,0,0,感觉挺好的
2329,750,张春利,2015-04-22 16:16:13,-8,12,20,思路清晰，重点明确、听张老师课快乐的……入
13941,750,张春利,2016-01-02 15:33:07,-13,7,20,好老师！
13994,750,张春利,2016-01-03 11:37:45,10,14,4,就呵呵。\n\n
13995,750,张春利,2016-01-03 11:38:46,11,13,2,"每节课必点名，无语O__O""…"
14131,750,张春利,2016-01-04 16:37:34,11,12,1,点名呐！
14227,750,张春利,2016-06-12 05:32:06,4,9,5,巨坑呐！
14753,750,张春利,2016-01-08 16:43:57,4,8,4,航院一博士就来上课！
14797,750,张春利,2016-01-09 09:11:14,4,6,2,坑死了！
15416,750,张春利,2016-01-14 10:11:42,-1,8,9,对学生很亲和
21570,750,张春利,2016-02-29 08:20:01,2,3,1,hhh
30317,750,张春利,2016-07-01 08:52:52,-4,3,7,挺有激情的
54380,750,张春利,2017-06-29 08:25:26,-3,3,6,感觉给分还不错。。。应该是有调分的。。。讲课水平真的很糟糕。。。搭课的王杰老师讲课好得多。。。总体体验还可以
55400,750,张春利,2017-07-01 12:25:15,3,4,1,不怎么样\n\n
123721,750,张春利,2020-06-12 17:11:58,1,4,3,还可以，很认真
185513,750,张春利,2024-01-01 07:46:59,6,7,1,代了一节课，课都没认真备……仿佛是第一次看这PPT似的。讲得咋样更别说了
206398,750,张春利,2024-12-15 02:32:47,0,0,0,为啥抄别人作业会比被抄作业的分数真高
216208,750,张春利,2025-03-12 12:13:28,-2,1,3,老师上课交的很细致，不知道为什么选老师的人很少，但听课下来总体来说感觉是位很温柔的老师
39477,781,王宏涛,2016-12-23 04:19:09,-4,3,7,非常期待老师下学期的材料力学
108029,781,王宏涛,2019-07-08 02:18:16,8,17,9,希望这老师去死
112305,781,王宏涛,2019-07-04 01:08:42,6,10,4,老师自身能力很强，但是对学生要求太严格了点，讲课完全按照自己套路来，专业课能挂掉一小半的人
113400,781,王宏涛,2019-07-06 16:54:07,5,6,1,会跳出课本框架讲课也不管有没有人能听懂，考试出题也很放飞，还经常讲些有的没的，材力5.0学分的专业课能挂好多人，神坑。
113951,781,王宏涛,2019-07-08 02:27:30,-5,3,8,实话实说，老师水平很高，用弹性力学的知识讲材料力学导致同学们都听不懂_(:з」∠)_但是期末考考察的题目并不太难，而且第一道上课明明白白讲过是会考的（几乎一模一样考了）学弟学妹一定要多和老师交流，有疑问尽早解决，不然堆积到期末容易挂科。
115509,781,王宏涛,2019-07-30 09:36:27,3,5,2,不知所云\n\n
115906,781,王宏涛,2019-08-25 08:35:48,0,6,6,课堂上讲的不错，但是内容比较难，不局限于教材内容。要求比较严格，但是对科研的要求比课程更严格（手动微笑）。\n\n反正力学系没的选。理论力学、材料力学两个王老师的课都很难。
119168,781,王宏涛,2019-11-11 03:37:01,7,9,2,按理说能力应该很强毕竟是杰青 但是他讲课真的讲不清楚而且蜜汁自信蜜汁比划
126148,781,王宏涛,2020-09-18 07:52:37,-22,6,28,个人很喜欢王老师上课的方式，板书推导，还会让我们进行思考，也不被教材的框架束缚，有些用弹性力学的方式进行讲解，为大三专业课做好铺垫。除此以外，我觉得老师的性格真的很好，也有问卷的形式来改进自己的教授，也很为学生着想。上课建议的话好好预习，材料力学还是不难的。
136906,781,王宏涛,2021-07-10 13:05:56,6,9,3,虽然老师很强 可是全班最高3.0， 1/3的人挂科
137054,781,王宏涛,2021-06-30 05:36:54,6,9,3,材料力学甲一个班一套卷子，然后他出的卷子比另一个班难多了，上课必须坐前面，专业课挂一大批人
138049,781,王宏涛,2021-07-07 07:41:53,5,10,5,2分给教书育人的态度，但是这人就是晦气，全班最高3.0，你妈妈还好吗
139304,781,王宏涛,2021-07-14 06:54:26,3,5,2,就不说给分好不好了，说点别的\n\n首先是上课，从时间和讲的内容上，明显没有提前准备过，材料力学对着一张纸写，写到哪里算哪里，讲到弹性力学去，固体实验，说句难听的上课讲的是什么狗屁，怕学生听不懂讲简单的，课后作业又一堆难的一做一周，ppt也不发。\n\n从为人处世上，要求学生关手机关电脑，喜欢点人名，喜欢抓着一些课堂纪律的事情浪费时间。\n\n智商高，情商低，还喜欢pua一些学生，讲真的不配，但是航院绕不开。
141217,781,王宏涛,2021-09-26 15:29:39,5,6,1,材甲重新捞人，直接上90我直接反向洗地这老师真好
141314,781,王宏涛,2021-09-29 08:43:39,3,3,0,我朋友说他很差，大家别上他的课
151208,781,王宏涛,2022-02-24 13:10:37,0,0,0,老师水平很高，但是对同学非常严格。
156777,781,王宏涛,2022-06-21 02:56:47,6,7,1,看了一下以前的评论，很难相信和我见到的王宏涛老师是同一个人。只能说王老师这学期确实做出了很大的改变，不管是授课的方式还是最终考核上都是。今年的材力甲上的相当愉快。
161136,781,王宏涛,2022-10-28 10:33:24,5,5,0,吹爆机器人暑期学校的助教xgg，既大佬又耐心，学到了很多（一直忘了评价wwww）
172100,781,王宏涛,2023-04-19 11:05:39,2,2,0,只能说课堂纪律要求很高，应该去教高中的
174557,781,王宏涛,2023-06-14 05:02:23,5,5,0,经常拖堂，三节课课间不下课，有时候上午最后一节课拖到一点多
177249,781,王宏涛,2023-07-02 11:46:57,1,2,1,王老师真的很难评价[ac01]\n\n先说好的，老师的水平是高的，值得课下和他交流，而且现在材力甲两个班已经试卷统一给分统一了，今年没有出现前几年那种教学事故，所以要是不跑的话也不用那么紧张。老师会送小礼物给到课的同学，整个学期加起来送了一盒巧克力，一本书，六一还送了一支笔当儿童节礼物ovo。\n\n但是槽点还是过多了。首先老师今年上课采用小组讨论形式，或许有一定的积极意义，但我作为听课者的感想是效率比较低，老师经常把握不好时间，一次课讲的进度比隔壁班差老远（所以隔壁班书上基本每章都讲到了王老师只能讲完考试要求的内容）；ps小组讨论是有讲义的，老师会抽几次收上去看，没来的人是有登记的（问过助教）。其次老师常常游走于台下（而且老师纪律管得严不给碰手机），还会日常提问同学问题，同学答得不好就会反复逼问，直到答出来为止，每重复问一次声音都变大变尖，就很emm非常有压力感。另外老师常常拖堂，拖一两分钟倒也罢了，但这个学期有两次拖课拖到一点钟，得亏下午第一节没课不然连饭都吃不上。\n\n综上，能跑的还是尽量跑吧，虽然不像前几年那么离谱，但也没有多么正常[ac01]至于跑不了的话，材力好好学也是有机会拿到好结果的，一个学期撑一撑也就过去了（落泪）
195797,781,王宏涛,2024-06-30 03:21:34,5,5,0,就是纯纯一个sb老师，期末考试的时候会自己念一遍考试守则，然后不允许带字典（考试要求可以带字典），等考完半个小时通知可以带字典，最后考试成绩平常上课完全没有时间概念，等到学期末几节课疯狂补天，自以为自己讲得很好，其实讲的一坨屎。这学期本来班上25个人，到最后只有13人。赶紧逃跑！逃跑！逃跑！这个二货老师根本不配教学。隔壁qsx老师值得推荐！
195800,781,王宏涛,2024-06-30 03:25:50,5,5,0,伞兵！\n\n二货给我滚出ZJU！别污染了这一片净土！
195866,781,王宏涛,2024-06-30 11:57:41,1,1,0,不要选，会恶心你一个学期
196073,781,王宏涛,2024-07-01 12:15:49,3,3,0,呜呜呜呜我的分贼低，兄弟们快跑啊
197664,781,王宏涛,2024-07-25 11:11:44,0,0,0,很难评价的一个老师。以前疫情时候的线上课，不是纯念PPT的风格，感觉还行。但随着后来的接触，在某些方面感觉性格十分不好，很难换位思考。从上课的角度来讲，同学们还是靠自学吧，如果没得选。
210769,781,王宏涛,2025-01-10 02:25:35,0,1,1,还可以
25732,818,曲绍兴,2016-07-05 14:37:51,-5,5,10,无聊啊。
39478,818,曲绍兴,2016-12-23 04:19:56,5,5,0,非常期待老师的材料力学
75341,818,曲绍兴,2018-03-09 04:11:54,13,13,0,曲老师不是绍兴人，是山东人
112308,818,曲绍兴,2019-07-04 01:10:45,14,20,6,强烈要求曲老师讲材料力学后半部分！
144416,818,曲绍兴,2021-12-21 11:32:42,0,1,1,老师水平很高，讲课条理很清晰
152398,818,曲绍兴,2022-04-08 02:06:32,2,2,0,曲老师上课总是笑眯眯的，很温和，讲得特别清楚
156579,818,曲绍兴,2022-06-20 10:12:37,4,4,0,授课有条理，可能语调会有一点点平淡，最后给分很不错
156600,818,曲绍兴,2022-06-20 11:26:53,2,2,0,良心老师，材料力学讲的好！
168694,818,曲绍兴,2023-02-21 06:10:47,1,1,0,固体力学讲的好，跨专业也能听懂，不过需要花时间巩固
177894,818,曲绍兴,2023-07-05 09:32:07,1,3,2,谢谢老师，因为期末考前发烧，期末直接考裂开，但是老师还是尽可能让我的绩点不这么难看，保留我的保研希望，未来一定不会辜负曲老师！
194839,818,曲绍兴,2024-06-25 15:16:48,2,2,0,材料力学选他就完事了，包教会的
194876,818,曲绍兴,2024-06-25 23:08:25,3,3,0,老师讲课很好，人很好，但是求是，不捞人
195784,818,曲绍兴,2024-06-30 02:38:37,1,1,0,给分无敌的，选他包收分的
5079,1017,干湧,2015-07-03 11:37:35,25,33,8,坑……不是必修建议不要选
11743,1017,干湧,2015-12-13 13:40:43,13,17,4,很不好
15746,1017,干湧,2016-01-16 08:21:34,8,9,1,233
24245,1017,干湧,2016-04-28 23:38:44,36,47,11,这狗比老师，太坑了，我两次平时考试一次100一次98，期末全写了，助教也说我答的不可能只有60，结果绩点出来是，1.5，我的均绩降了快0.1了都，我要保研的希望直接就一点都没了！这大坑比，考完发他邮件还不回你，有这种老师么！航空航天学院就出这种老师么！
24632,1017,干湧,2016-05-02 11:34:00,8,11,3,辣鸡老师
24855,1017,干湧,2016-05-04 05:20:23,13,15,2,上课讲的还可以，不过老师人不咋的，发邮件不回（明明看了），第二次发了，说卷子上交了。。。。。总之老师特坑，成绩有多低就打多低，哀鸿遍野，不是必修请千万别选，要选也别选这个老师，真心难过
25924,1017,干湧,2016-06-14 10:51:19,4,6,2,不是必修真的别选………楼上说的对
39815,1017,干湧,2016-12-28 01:23:23,2,4,2,3个字
43236,1017,干湧,2017-01-16 04:27:01,13,15,2,就一个傻逼老师
48704,1017,干湧,2017-03-10 01:19:45,-6,5,11,老师上课思路超级清楚，讲得非常好，不过不知道绩点如何
49424,1017,干湧,2017-04-12 03:01:47,-8,4,12,给分怎么样我不管，但老师上课真的是天地良心，这都听不懂就。。真的是你蠢
50529,1017,干湧,2017-05-03 09:55:42,-10,7,17,老师讲课很清晰，课程难度也不高，最后给分也不错。不懂前辈们怎么会评价那么差。高分子的宝宝们别怕，这是门值得选的好个性课！
50541,1017,干湧,2017-05-03 10:37:10,-4,3,7,还好吧，没那么夸张
55737,1017,干湧,2017-07-02 09:53:43,0,3,3,考试难，要短时间内学好是很不容易的
78277,1017,干湧,2018-05-10 11:08:04,-1,4,5,平时作业不占分，小测很容易，考前只要稍微看一看就问题不大
78284,1017,干湧,2018-05-10 11:39:22,0,1,1,楼下大佬，应该是曹大爷
106784,1017,干湧,2019-04-29 12:23:23,-11,2,13,高分子的同学们不用怕，用点心，比中有简单好学，普遍会比你大雾绩点高
152430,1017,干湧,2022-04-11 03:26:20,15,17,2,材料力学来的，讲课讲得非常不走心，然后布置作业非常迷惑。操作不限于不建立课程钉钉群、消息已读不回、不知道怎么操作学在浙大、不按照课程进度布置作业、经常性小测、对学生作业毫无讲解、课堂机械性读PPT、周末布置本周作业、不公布PPT等。和老师交流后感觉他也比较冷漠，对于大家学得怎么样完全没有任何关注的意思，仿佛这门课不是他讲的一样。和隔壁班老师比简直是差得太远。反正预制了他的课能跑就跑。
152519,1017,干湧,2022-04-14 01:33:08,5,5,0,离大谱
152894,1017,干湧,2022-04-21 09:12:12,4,4,0,离谱就完了
152968,1017,干湧,2022-04-22 13:21:38,-1,5,6,讲课很好，逻辑清晰，没有楼下机械性读PPT的情况，课程后勤确实可以改善。
153350,1017,干湧,2022-04-28 09:45:52,9,9,0,别选这个！去选复合材料力学！\n\n别选这个！去选复合材料力学！\n\n别选这个！去选复合材料力学！
153577,1017,干湧,2022-05-05 04:15:35,11,11,0,撒币一个
154423,1017,干湧,2022-06-29 11:55:36,10,10,0,就一个傻逼老师
156692,1017,干湧,2022-06-20 15:30:14,2,3,1,讲的比较清楚（材料力学丙本身就不难），但正如楼下高分评论所说的那样，他真的是不care课程后勤，讲完课后，什么都不管了。作业不清楚、小测不清楚、没有钉钉群、期末不答疑。\n\n给个6分
158575,1017,干湧,2022-06-30 09:37:51,5,5,0,讲课还行，其余一律不管，绩杀
170455,1017,干湧,2023-03-05 06:13:59,9,9,0,真就只管上课其他屁事不管呗，你这老师是当一半的吗。。。。
176517,1017,干湧,2023-06-29 07:36:43,0,0,0,上课讲的还是不错的 就是给分好低 我平时一次93 一次98 期末题也都写上了 结果最后只有总评只有72
176712,1017,干湧,2023-06-29 23:58:00,-2,0,2,讲课挺好的，课下把一个学期的作业和答案都发在学在浙大上，不记成绩，小测都是作业原题，期末考也比较基础的
191476,1017,干湧,2024-04-23 11:19:12,3,3,0,材力（丙）千万别选，老师改卷乱改，写对的题也不给分，老师助教都不负责，毫无后勤可言
192173,1017,干湧,2024-05-10 23:47:38,-6,0,6,从期末总评来看还行
192422,1017,干湧,2024-05-19 08:42:32,6,6,0,平时的两次小测给分非常严苛，虽然天天说写不出结果也会给过程分，但实际批改情况来看并非如此，一道15分或20分大题把主干部分都写出来了，最后结果有部分算错+图画错，只会打三四分。
194341,1017,干湧,2024-06-23 12:08:37,7,7,0,平时期末双斩杀，最终算分丝毫不捞
194387,1017,干湧,2024-06-23 13:52:35,8,8,0,出分了，我来谢谢老师，老师我谢谢你啊，我谢谢你，我真**谢谢你，这门课考不好全是我的错，与您钉钉问题长达三个月不读、邮件不回、群内消息已读不回毫无关系\n\n（这些消息直到现在他还是没回，今天是六月二十三号，我三月份给他发的消息）
194459,1017,干湧,2024-06-24 05:30:51,8,8,0,干蛹得喷，往海技培养方案里塞材料力学丙的畜牲玩意儿也得喷
195323,1017,干湧,2024-06-27 17:38:00,-10,1,11,材力丙。上课还行，讲题也还行，不看作业写不写全看自觉。总的来说是比大物简单的但是我分一模一样……两次小测都是作业题，但是感觉期末比作业难不少……钉钉群私聊助教学在浙大全部鸦雀无声也不发课件，反正全靠自己学……给分就是全靠小测和期末按比例算，应该是一点不捞的。有两次点名，是手写的，千万不要尝试代签到，这会让老师破口大骂十五分钟。5/10
195996,1017,干湧,2024-07-01 05:11:53,3,4,1,能选别的老师，就不要选他，干老师的名言：他要控制优秀率不能太高，但挂科率太高没事\n\n一门丙的课，搞成这副样子，不如选其他老师的材料力学乙
198435,1017,干湧,2024-09-09 02:38:27,4,4,0,cnm
206036,1017,干湧,2024-12-13 03:38:35,1,1,0,补药啊。。。
208729,1017,干湧,2025-01-01 03:19:10,4,4,0,畜生，跟导员谈话的时候我直接点名道姓骂了这个狗娘养的，如果开启人类清除计划我第一个拿刀砍死这个狗日的再杀了他全家
221212,1017,干湧,2025-06-22 04:08:45,1,1,0,死妈东西
13989,1232,宋吉舟,2016-01-03 11:32:36,20,21,1,新开的材料力学特别好！
13992,1232,宋吉舟,2016-01-03 11:36:05,5,5,0,宋老师特别好！
14130,1232,宋吉舟,2016-01-04 16:35:33,7,7,0,超级棒！
14223,1232,宋吉舟,2016-01-05 13:13:49,4,5,1,老师的材料力学棒极了！
14757,1232,宋吉舟,2016-01-08 16:51:55,6,6,0,人好，和蔼。
14799,1232,宋吉舟,2016-01-10 16:24:38,4,4,0,很好的老师
20811,1232,宋吉舟,2016-02-01 04:57:33,2,3,1,给分超棒呐！
53745,1232,宋吉舟,2017-06-27 12:58:01,0,2,2,宋老师人很好，讲课很专业，会辅以一些专业领域的知识。回邮件也超快的。焦虑等成绩中……
55343,1232,宋吉舟,2017-07-01 10:21:36,1,1,0,老师水平很不错
56592,1232,宋吉舟,2017-07-04 05:12:32,1,1,0,材料力学讲的超好，给分炒鸡棒\n\n
113620,1232,宋吉舟,2019-07-07 01:20:47,4,4,0,炒鸡棒的老师！！！讲课很耐心详细，时刻关注你的眼神，生怕你不懂，吹爆！！！\n\n重点是给分也炒鸡好！！！期末拼命把我往上提
128178,1232,宋吉舟,2020-12-10 11:17:28,5,6,1,https://mp.weixin.qq.com/s/0QC20WBrhOYho3J3JeaKiA\n\n指导老师：宋吉舟\n\n巨印科技研发出了一种新型Micro LED巨量转印方法，与传统转印方法相比，提升效率2万倍，降低成本50％以上。团队拥有自主知识产权，国内大厂主动抛出合作的橄榄枝。未来，巨印科技将生产MicroLED面板并面向电子产品制造商销售，让更多人享受优质的Micro LED显示，推动中国显示技术走向世界！
137390,1232,宋吉舟,2021-07-03 17:03:09,1,1,0,老师声音好听
137510,1232,宋吉舟,2021-07-04 15:29:53,1,1,0,有限元方法全英文讲课，讲的很好，声音很好听！
140633,1232,宋吉舟,2021-09-14 13:38:24,0,0,0,讲课水平好！
153713,1232,宋吉舟,2022-05-09 06:15:34,3,3,0,材料力学讲的很清楚
159625,1232,宋吉舟,2022-08-22 08:55:29,0,0,0,很棒的老师
175614,1232,宋吉舟,2023-06-26 02:13:39,0,0,0,老师很好，但是材料力学后半本书难度确实比前面偏高一些
175622,1232,宋吉舟,2023-06-26 02:47:11,0,0,0,和蔼可亲，就是上有限元的时候英语有点磕巴
175891,1232,宋吉舟,2023-06-27 05:19:39,1,1,0,很好的老师
34327,1527,蒙涛,2016-10-02 13:58:46,0,1,1,诶嘿！
34742,1527,蒙涛,2017-01-13 09:14:41,2,5,3,希望老师对课程再认真些，因为经常有口误，而且感觉备课不是很认真。。。。
38681,1527,蒙涛,2016-12-14 08:39:43,1,1,0,绝对很值
39639,1527,蒙涛,2017-01-19 06:55:07,3,8,5,老师棒棒！给分厚道！开心。上课也挺有意思的。还可以参观实验室。两次展示认真准备。期末考试前把ppt打印下来过一遍。绩点不用愁！
41134,1527,蒙涛,2017-01-09 11:38:33,2,2,0,上课挺轻松的 还有实验课 感觉不错
41135,1527,蒙涛,2017-01-09 11:39:52,1,1,0,老师超厉害，人也很好\n\n上课再有趣点就更棒了(๑•̀ㅂ•́)و✧\n\n
41136,1527,蒙涛,2017-01-09 11:49:48,4,4,0,老师上课很棒，很温柔，尽责。
41137,1527,蒙涛,2017-01-09 11:51:01,2,3,1,课不错，认真听会收获很多。不过事情也挺多的，而且需要对卫星有一定的理解。建议对这门课感兴趣的人选。
45173,1527,蒙涛,2017-01-19 05:39:32,1,3,2,老师人超级温柔负责，虽然专业性有点强但是给分超级超级好哦，4.8表示非常满意，选了绝对不会后悔哒
45178,1527,蒙涛,2017-01-19 05:47:07,5,5,0,期末开卷，准备3h，PPT不光是全部打印，自己还是要看一遍，期末都在PPT上不难，一定要多写一点。2.5h用满，一学期前半学期上课我都在做作业，不点名。两次展示课用点心，别水，老师会当面问你问题，答不出来难堪不说，印象差了分数就萎了。稍微用点心，满绩不是梦
129278,1527,蒙涛,2021-01-03 07:37:05,1,3,2,。。。。。
188218,1527,蒙涛,2024-01-18 12:25:22,2,2,0,航天器，考试开卷，可以带书本和PPT，助教简直海底捞。老师上课比较干，不过确实能学到东西。
189553,1527,蒙涛,2024-01-25 10:53:13,0,0,0,一次展示，老师鼓励你思考一下，得想点自己的东西。考试开卷，不过之前得学一下，不然开卷也不会，还有印ppt的时候公式专门印，不然太小看不清
252,1605,叶敏,2015-03-14 22:49:23,4,13,9,叶神的课还是不错的
2570,1605,叶敏,2015-05-04 14:35:08,51,66,15,叶婶讲课条理十分清晰，讲得很仔细很清楚，而且比较注重跟学生的互动，很有启发性。叶婶的课有过程分，并且每学期会做一次实践性项目。
3289,1605,叶敏,2015-05-27 09:02:41,4,11,7,讲课很清楚呀
6086,1605,叶敏,2015-07-10 19:41:18,3,9,6,享受互动
11291,1605,叶敏,2015-11-26 09:29:12,9,12,3,老师还好
11792,1605,叶敏,2015-12-15 12:43:40,-1,9,10,还好吧
13457,1605,叶敏,2015-12-28 06:35:34,4,11,7,老师人好，水平高，讲课思路清晰。实践性项目给分也很好！
13458,1605,叶敏,2015-12-28 06:36:15,15,23,8,这个老师太好了！！！讲课特别清晰让人容易懂，人也很和蔼，会主动询问大家对课程有什么建议什么的。特别特别特别好！！好喜欢她wwww选吧选吧不会后悔的！
13460,1605,叶敏,2018-06-12 01:11:47,18,23,5,老师很和蔼  说第二本书不考就不考了
14814,1605,叶敏,2016-01-09 13:14:46,4,9,5,不能更棒！
15852,1605,叶敏,2016-01-21 07:53:07,-2,11,13,给分炒鸡低
16614,1605,叶敏,2016-01-18 14:15:40,-3,12,15,给分低\n\n
16654,1605,叶敏,2016-01-18 15:44:04,-2,12,14,给分低
19891,1605,叶敏,2016-01-25 14:11:27,-5,6,11,给分低\n\n
20032,1605,叶敏,2016-01-26 02:44:28,-11,2,13,呵呵呵
22856,1605,叶敏,2016-03-13 13:10:23,0,3,3,还好，至少写三个字
23970,1605,叶敏,2016-04-23 09:55:11,-15,5,20,给分低！！！
25175,1605,叶敏,2016-05-06 15:47:48,7,9,2,好老师，给分高
28222,1605,叶敏,2016-06-28 08:17:40,10,11,1,老师讲的特别好，思路清晰，人也不错，但是给分实事求是，不掺水。想好好学习知识的同学一定要选啊！
28447,1605,叶敏,2016-06-28 09:01:39,6,7,1,绝对好老师
29390,1605,叶敏,2016-06-29 16:11:10,5,6,1,讲的蛮不错的\n\n
29452,1605,叶敏,2016-06-30 00:13:32,4,7,3,给分真实，不能叫低
29946,1605,叶敏,2016-06-30 14:30:22,5,6,1,讲得很清楚，给分也不错
33889,1605,叶敏,2016-10-14 06:24:49,4,6,2,讲课很棒
34114,1605,叶敏,2016-09-27 05:57:44,-8,0,8,三个字
36661,1605,叶敏,2016-11-15 08:34:55,-23,5,28,叶妈生造各种教材上没有的名词，百思才得其解，然半节课已过，无奈课上自学，愈发不懂，弃之，课后自学，莞尔即懂。哀哉！
40826,1605,叶敏,2017-01-06 01:03:29,5,6,1,上过的最不水的课之一\n\n
45045,1605,叶敏,2017-01-19 01:40:19,6,7,1,好老师!
45202,1605,叶敏,2017-01-19 06:57:07,-14,2,16,给分乱来
45324,1605,叶敏,2017-01-19 10:38:47,-11,3,14,给分真的低
45482,1605,叶敏,2017-01-19 15:15:30,10,11,1,首先从讲课情况不难看出叶婶是经验非常丰富的老师。其次人很和蔼，上课讲题讲知识点都讲的很细。平时有小组实践性项目，我们这次是做个小车还是挺好玩的。至于给分，理力本来就属于比较难的课拿不到高分也不能怪老师。
45716,1605,叶敏,2017-01-20 03:39:06,9,9,0,叶婶很好啊，为什么评分这么低
45826,1605,叶敏,2017-01-20 06:52:17,5,5,0,讲的特别好
46864,1605,叶敏,2017-01-22 14:22:32,5,5,0,老师讲课很好，课上用引导学生思考，上她的课很难睡觉。相当棒的一个老师
47306,1605,叶敏,2017-01-25 07:19:32,5,5,0,很好的老师哦
51705,1605,叶敏,2017-06-08 11:32:25,3,3,0,非常好的老师！\n\n
52819,1605,叶敏,2017-06-23 05:17:32,4,4,0,叶婶很好啊！把力学讲得这么清楚，注重学生能力的培养，而不只是分数。上了一年的课，很不舍呀
53196,1605,叶敏,2017-06-26 07:32:39,4,4,0,绝对是我在浙大里面遇过最暖心的老师，没有之一
53205,1605,叶敏,2017-06-26 07:38:55,2,2,0,三个字、好
53207,1605,叶敏,2017-06-26 07:41:00,3,3,0,上了叶婶一年的课，感觉这位老师真的是良心，上课讲的特别清晰有条理，还特别为我们着想，虽然我理论力学成绩不怎么样但是绝对不是老师的问题。
53208,1605,叶敏,2017-06-26 07:41:58,2,2,0,上了叶婶一年的课，不得不说叶婶上的不错心还善，会给很多有用的资料，设身处地为学生着想
53218,1605,叶敏,2017-06-26 08:12:22,1,1,0,和蔼可亲
53295,1605,叶敏,2017-06-26 10:05:11,3,3,0,叶婶超好的！讲得非常非常耐心仔细，超和善，可惜要退休了（刚听到感觉超震惊）。很幸运赶上叶婶最后一班材力
53328,1605,叶敏,2017-06-29 06:21:48,1,1,0,好！非常棒
53337,1605,叶敏,2017-06-26 11:56:13,1,1,0,很清晰 老师人很好
53346,1605,叶敏,2017-06-26 12:13:24,2,2,0,上课好给分高总之炒鸡棒
53391,1605,叶敏,2017-06-26 13:25:40,2,2,0,很棒，很和蔼，内容很系统，课件尤其棒，不过她以后就不教材力了。。。
53392,1605,叶敏,2017-06-26 13:28:40,1,1,0,材力给分很棒啊！讲课也很清楚！人超有气质！
53407,1605,叶敏,2017-06-26 14:03:49,2,2,0,讲得很认真，给分实在，一份付出，一份收获\n\n
53784,1605,叶敏,2017-06-27 13:56:57,1,1,0,还可以
53859,1605,叶敏,2017-06-28 02:14:51,2,2,0,叶婶真的很棒呀！
54217,1605,叶敏,2017-06-28 17:15:16,3,3,0,老师课很棒，老师指引作用也不错，教了材力和理力，感觉老师很好。而且这学期老师知道绩点比分数重要而且同学告诉她不同分数对应绩点后，绩点明显提高。\n\n
54370,1605,叶敏,2017-06-29 07:55:48,2,2,0,材力理力都是叶婶的，叶婶很棒的，会和同学一起讨论，是个很温柔，会听同学意见的老师
55098,1605,叶敏,2017-07-01 00:13:59,3,3,0,叶神超棒，不管上课还是复习都很舒服。能感受到传统的那种师生情谊（不是期末要挂科的那种）。只是要平时自己多下功夫，布置的作业好好做。
55382,1605,叶敏,2017-07-01 11:49:42,7,7,0,老师很和蔼，很幸运上了老师的理力和材力，虽然理力没学好，但是材力给分不能再好啦(〃>▽<〃)/*祝叶婶身体健康万事如意
60463,1605,叶敏,2017-11-02 08:18:36,3,4,1,赞赞赞
60572,1605,叶敏,2017-10-24 08:51:50,3,3,0,有爱的老师
60912,1605,叶敏,2017-11-02 08:20:31,4,4,0,当老师耐心解答了同学问的一个很简单的问题时，立马掏出手机给了10分
60913,1605,叶敏,2017-12-14 09:08:55,9,9,0,刚知道下学期材力也是叶老师的，贼开心
61028,1605,叶敏,2017-11-07 06:52:07,5,5,0,听老师的课，超级好，还不拖课
63977,1605,叶敏,2017-12-20 11:20:10,3,3,0,好好好
66740,1605,叶敏,2018-01-18 15:53:59,4,4,0,叶婶人超超超超级好，强强强推。讲课很仔细，解答也超棒关键人超好，趁理力没考之前答一波，顺便求一波绩点。。
71231,1605,叶敏,2018-01-28 12:46:52,0,6,6,棒！老师真好，例子都循循善诱，解释的也很详细！
71239,1605,叶敏,2018-01-28 07:41:28,-1,3,4,讲课认真给分合理，叶老师很棒！
71264,1605,叶敏,2018-01-28 08:18:08,4,7,3,我菜归我菜，可是低分还卡绩就有点不厚道了吧……不
71291,1605,叶敏,2018-01-28 08:52:38,6,8,2,理力一出，均绩直接4.2变成3.9，原来我这么菜的，谢谢叶婶让我明白自己有多菜
72913,1605,叶敏,2018-01-31 10:20:03,5,5,0,课程很难，老师讲得没得说。推荐买一本清华出的理论力学习题解答，在平时做完作业以后对着刷课后题，出题一般就是静力学，运动学（5~8），动力学（10~12），达朗贝尔和虚位移。到最后越来越难但是考试题集中出在后面，对着叶婶给的历年题刷一下很有必要。
73794,1605,叶敏,2018-02-09 07:19:21,4,4,0,我爱叶婶
74136,1605,叶敏,2018-02-05 14:49:39,1,2,1,叶老师讲课很好的
74529,1605,叶敏,2018-03-03 03:28:36,4,4,0,美滋滋～
76203,1605,叶敏,2018-03-29 02:57:02,2,2,0,绝对的好老师 很萌
79317,1605,叶敏,2018-05-31 02:43:12,3,3,0,上大学以来遇到的最好的专业课老师
84215,1605,叶敏,2018-07-12 08:59:33,1,1,0,非常感谢叶老师的教导，回答学生的提问也很有耐心，可以叶老师之后就不讲课了，哭泣！
13988,1613,钱劲,2016-01-03 11:31:54,14,15,1,好老师，举例经典，考前划重点。
13991,1613,钱劲,2016-01-03 11:35:05,15,16,1,特别认真的老师！
14129,1613,钱劲,2016-01-04 16:34:32,6,7,1,准备课准备得比较认真吧
14173,1613,钱劲,2016-01-05 06:42:46,7,7,0,超级棒！
14191,1613,钱劲,2016-01-05 08:12:37,7,7,0,理论已成体系
14755,1613,钱劲,2016-01-08 16:49:05,5,5,0,认真负责的老师
14798,1613,钱劲,2016-01-09 09:12:20,4,4,0,好老师！
15684,1613,钱劲,2016-01-16 06:21:54,3,4,1,挺好的\n\n
21074,1613,钱劲,2016-02-15 07:30:17,1,1,0,bpy\n\nhga
22799,1613,钱劲,2016-03-12 00:59:39,1,1,0,特别认真负责特别萌
24264,1613,钱劲,2016-04-29 03:51:00,1,2,1,幽默而负责
27338,1613,钱劲,2016-06-25 02:55:23,-5,5,10,备注：在我打分前是12人平均分9.6\n\n\n\n这个老师讲得听不太懂，语速有点奇怪。后来我就翘课去别的班级了。讲得太快，每节课都讲完还有大约半节课的时间剩余。还有一点就是材料力学作业一定要课前交。7分差不多
55342,1613,钱劲,2017-07-01 10:21:06,2,2,0,好老师，水平很高
113626,1613,钱劲,2019-07-07 01:25:38,1,1,0,非常nice的老师，讲课非常认真详细，看到你不懂的眼神就会反复讲这个点，直到你听懂为止。\n\n而且从来不点名，一学期可能有一次会被班主任逼着点名，但是只要你在他走之前赶过去，都会非常乐意让你补签\n\n期末给分也很nice，拼命捞人，班级均绩3.63(来自学习帝的数据)
140632,1613,钱劲,2021-09-14 13:37:52,0,0,0,讲课水平好！
152959,1613,钱劲,2022-04-22 10:52:34,2,2,0,老师讲课很认真，考前划重点，助教姐姐人美心善，很耐心，爱了爱了
153714,1613,钱劲,2022-05-09 06:17:12,1,1,0,说话方式挺有趣的
175613,1613,钱劲,2023-06-26 02:12:45,0,0,0,老师讲得很好，而且没有期中小测试，平时分就是作业加点名，基本上能拿满的。
196962,1613,钱劲,2024-07-06 06:32:12,0,0,0,断裂力学好好好
16653,1731,邓茂林,2016-01-18 15:43:20,14,16,2,真点好老师，人特别好，特别好
19258,1731,邓茂林,2016-01-23 16:16:33,0,1,1,
25593,1731,邓茂林,2016-05-27 00:54:07,2,2,0,好老师，讲课详细
39688,1731,邓茂林,2016-12-27 03:22:07,3,3,0,好老师，不过我还是会犯困?
43234,1731,邓茂林,2017-01-16 04:25:32,2,2,0,很棒的
46934,1731,邓茂林,2017-01-23 03:32:43,1,1,0,理力乙挂科率挺低的，师生情啊，好老师
65389,1731,邓茂林,2018-01-03 14:31:48,7,7,0,老师人超级好，萌萌的很可爱，讲课总是用最通俗的语言，没有一点架子，貌似最近还拿了一个什么研究生德育导师的，反正就是很好。
65917,1731,邓茂林,2018-01-10 08:02:17,2,2,0,很棒很棒 为大家着想
68462,1731,邓茂林,2018-01-23 08:35:04,5,5,0,老师挺可爱的
72489,1731,邓茂林,2018-01-30 08:28:58,0,0,0,老师人很好。。
73642,1731,邓茂林,2018-02-02 08:52:39,5,5,0,一反高大上的姿态，很亲民，很有趣，憨态可掬，会有几次当点名的小测，到了就平时分给满，理力考多少还是得看自己，虽然出分都是地掉绩点，但都一样，牛的人照样能有4.5+
86845,1731,邓茂林,2018-10-17 00:57:21,0,2,2,
87882,1731,邓茂林,2018-10-17 00:57:45,0,1,1,很耐心哦
91836,1731,邓茂林,2018-12-22 01:08:38,35,35,0,1 啊 3 4 5 6 7 8 9
99597,1731,邓茂林,2019-01-25 08:29:15,2,2,0,平时很认真，期末感觉还行，为什么成绩不如人意啊
99735,1731,邓茂林,2019-01-25 06:01:12,0,0,0,轻松愉快
99737,1731,邓茂林,2019-01-25 06:02:37,2,2,0,老师平时挺佛的，作业少，课题小测当点名。考试有点难，我该写的也写了，绩点太凉了呜呜呜。
99739,1731,邓茂林,2019-01-25 06:10:54,-31,2,33,平时分给满，最后90/4.5，听大家说理力难，好吧，一个同学满了……
99884,1731,邓茂林,2019-01-25 09:05:45,1,1,0,老师人很好的，讲的也不算差
100353,1731,邓茂林,2019-01-26 03:29:12,-75,2,77,理力吧\n\n真不难\n\n全是高中物理的知识点\n\n平时早八基本全翘，还错过了一次小测\n\n最后还是轻松5.0了\n\n老师讲课真的很逗啊，牵连速度这么简单易懂的概念重复那么多遍还做比喻? ?
123573,1731,邓茂林,2020-06-10 06:04:53,4,7,3,老师上课直接说平时成绩基本每个人都给满，主要看期末考试（平时基本没听，还睡过了一次小测，期末五道大题自我感觉做出四道半，然后就满了
142652,1731,邓茂林,2021-11-15 02:36:48,11,11,0,第à题怪里怪气的
170219,1731,邓茂林,2023-03-02 05:01:19,0,0,0,老师非常好！给分贼好！
170258,1731,邓茂林,2023-03-02 09:23:57,-1,0,1,谢谢老师！理力满了！
170390,1731,邓茂林,2023-03-03 11:53:45,3,3,0,老师讲课思路挺乱的，经常会过几节课发现自己讲错了，又重新讲一遍之前的题目。
190685,1731,邓茂林,2024-03-14 09:50:54,1,1,0,讲课思路有点跳跃，可能只有比较优秀的学生才能跟上老师的思路吧
13944,1808,吴禹,2016-01-02 16:59:33,3,8,5,生动，富含穿透力！
38563,1808,吴禹,2016-12-09 01:50:33,6,7,1,怀疑老师不备课，一边讲一边思考，讲着讲着突然停了
47335,1808,吴禹,2017-01-25 10:30:30,-5,3,8,教的真的差，给分也是，多给一分能死啊，最讨厌卡档
47364,1808,吴禹,2017-01-25 12:38:31,2,3,1,其实讲得挺仔细的，只是语气稍微柔和，认真听是很好的老师。
73485,1808,吴禹,2018-02-01 16:03:12,1,1,0,老师很和蔼...
73906,1808,吴禹,2018-02-03 13:10:10,2,2,0,出分有点慢。。。。
91793,1808,吴禹,2018-12-20 06:38:37,4,4,0,人如其名
102141,1808,吴禹,2019-01-30 16:09:22,-1,0,1,第一次卡绩哎
170201,1808,吴禹,2023-03-02 03:20:47,-3,0,3,老师真的挺负责的…平时有问题问他都会很认真的回复，期末总评有疑问，他重批一次试卷还回了个小作文，给分可能比较求是
189732,1808,吴禹,2024-01-28 01:33:13,1,1,0,工程力学给分相当好
212918,1808,吴禹,2025-01-15 09:05:38,1,1,0,爹！✋😭🤚
78847,1917,邵雪明,2018-05-15 17:29:44,5,6,1,邵老师上课蛮有意思，就是给分。。。
153139,1917,邵雪明,2022-04-26 05:09:44,3,4,1,给分真的差，太垃圾了
192018,1917,邵雪明,2024-05-07 18:16:20,0,1,1,上的工流和讲座，老师人很好
218930,1917,邵雪明,2025-05-13 14:08:10,2,2,0,老师人挺好，工流这门课就是一坨。2学分的课每周都有实验，每周都有实验报告。期末考试还占60，难评、难评。给分还烂 还是专业必修课 吐了
15525,2040,陈伟芳,2016-01-15 06:04:47,1,10,9,呵呵呵呵
57895,2040,陈伟芳,2017-07-17 04:36:46,-1,0,1,好好好
109670,2040,陈伟芳,2019-06-18 08:39:58,0,0,0,呵呵呵呵呵呵呵呵\n\n
116043,2040,陈伟芳,2019-09-01 07:21:10,1,2,1,除了给分好，其他的呵呵呵
46743,2265,张继发,2017-01-22 09:03:11,-4,1,5,出成绩一拖再拖，我有句mmp一定要讲
49350,2265,张继发,2017-04-07 02:16:46,4,4,0,很好的老师
166681,2265,张继发,2023-01-13 08:17:48,5,7,2,上课不点名，但是会布置大作业，出分快，给分也很好的老师，表情都很有意思😎😎，会关心学生，很有意思的一位老师
189554,2265,张继发,2024-01-25 10:57:29,2,2,0,结构动力学。上课分两个老师，这个老师负责后半段很有意思的老师，选课那里出bug了还会来加微信，还嘱咐我要去上课（明明都去了好吧）反驳楼下，这学期点了几次名的。
20375,2387,徐平,2016-01-27 08:03:37,1,4,3,讲得不错
20484,2387,徐平,2016-01-27 23:57:46,2,5,3,讲得特别细，不过语速很快，要认真听讲。老师人很好
20534,2387,徐平,2016-01-28 08:03:33,7,8,1,老师讲课非常好，注重基础知识的掌握和运用，真心赞。
43317,2387,徐平,2017-01-16 06:38:57,1,2,1,点了一次名\n\n上课我很少去听\n\n
46190,2387,徐平,2017-01-21 01:31:36,0,1,1,习惯了觉得还不错\n\n
46516,2387,徐平,2017-01-22 01:40:07,0,2,2,要是多给一分就好了……一分就好了……就好了……好了……了…………稳了
47094,2387,徐平,2017-01-23 17:24:09,1,2,1,一般，认真听会有收获，但不是那种特别有收获的老师，中规中矩
63040,2387,徐平,2017-11-28 03:52:35,4,4,0,呵呵呵
63903,2387,徐平,2017-12-19 04:01:25,1,2,1,语速贼快，上的超累，慎选
73597,2387,徐平,2018-02-02 04:58:04,10,12,2,怎么还不出成绩
73932,2387,徐平,2018-02-03 15:23:24,1,1,0,老师不错，不时会讲一下段子，但吐槽一下出分速度是真的慢，感觉年前无望了
73942,2387,徐平,2018-02-03 16:30:54,1,3,2,出分了，出分了，老师上课讲解很认真啊，这分再多一分就稳了！
73956,2387,徐平,2018-02-04 00:08:17,2,2,0,老师讲得很详细，很喜欢听她的课
73961,2387,徐平,2018-02-05 02:45:42,0,2,2,4.8的那位我知道你是谁
73982,2387,徐平,2018-02-04 03:13:14,1,3,2,上四了，开心
74057,2387,徐平,2018-02-04 15:05:52,1,4,3,4.8 给分还行 老师人很好 虽然我感觉讲的逻辑一般。期末自习复习还是很有效果的
75397,2387,徐平,2018-03-10 11:22:14,0,0,0,一顿操作猛如虎，一看绩点1.5•﹏•
100914,2387,徐平,2019-01-27 05:56:07,1,1,0,老师的课不会给ppt，其他的靠自己吧
101259,2387,徐平,2019-01-28 02:52:50,1,1,0,冷幽默
101469,2387,徐平,2019-01-28 09:08:14,2,4,2,老师上课讲话语速较快，不给PPT，上课好好听讲，作业好好做吧。会有一次小测，但是很简单。期末考试前好好复习一下，考试可能做不出来，但是批卷会给步骤分，给分超乎想象的好(✪▽✪)
128115,2387,徐平,2020-12-08 01:57:03,0,0,0,这节课有搭塔的大作业吗？
209535,2387,徐平,2025-01-06 08:01:03,2,6,4,茶文化与茶健康，现在想来仍感觉很好的一个通核，上了一半，在这里（茶艺课上）遇到了我的crush，相遇相识，相约一起期末周复习茶文化，所以我对茶文化的复习是在她的陪伴下度过的，虽然在繁忙的期末周中，仍然是一段愉快的过程啊，希望能追到她吧，到时候回来还愿！
212477,2387,徐平,2025-01-14 05:09:36,1,2,1,茶文化与茶健康，课程内容很有趣，品茶茶艺课也挺好玩的。但是给分不敢恭维，如果考试周压力很大，没有充足时间背书的慎选，最后期末考试基本全是背诵要求，占比较大，不推荐通核课刷绩点
11892,2419,李华锋,2015-12-20 16:17:41,17,18,1,老师你这么帅真的好吗？
11991,2419,李华锋,2015-12-21 12:38:48,5,6,1,好好好好
13659,2419,李华锋,2015-12-30 08:54:06,8,8,0,老师，太有风度了
15726,2419,李华锋,2016-01-16 07:52:39,6,6,0,老师好良心的！\n\n
20816,2419,李华锋,2016-02-01 05:12:31,9,9,0,老师帅瞎了……
63600,2419,李华锋,2017-12-08 12:54:32,16,16,0,就上了一次理力实验就被老师圈粉了。感觉航院的老师都特别有风度有气质
149775,2419,李华锋,2022-01-17 02:26:13,2,2,0,很和蔼 会普及实验相关的知识
158681,2419,李华锋,2022-07-01 08:56:54,3,4,1,比另外几个吸烟还骂人的实验老师强多了
170309,2419,李华锋,2023-03-02 15:34:44,2,2,0,这还不10分?
174653,2419,李华锋,2023-06-15 06:11:08,3,3,0,材料力学实验，比那几个抽烟发脾气骂人的老师好多了，超和蔼
197269,2419,李华锋,2024-07-10 04:28:38,1,1,0,好老师！实验的原理和操作都讲得很清楚，有问题也会耐心地帮你解答。
123203,2429,马慧莲,2020-05-19 07:36:30,1,8,7,问的问题没什么水平，为了问问题而问问题，为了找茬而找茬.....
176269,2429,马慧莲,2023-06-28 07:56:07,0,0,0,。。。。。。
193187,2429,马慧莲,2024-06-04 08:59:48,1,1,0,课堂作业需要自己去查别的文献了解知识才能做
193778,2429,马慧莲,2024-06-18 03:20:22,1,1,0,不知道选这个方向的同学到这个时候是什么想法呢，你已经决定了要研究生读电类了呢，还是选择比较传统的方向了呢，还是和一年前选方向时一样迷茫呢。
195480,2429,马慧莲,2024-06-28 08:48:29,1,1,0,没挂 万岁
57896,2437,徐彦,2017-07-17 04:39:29,1,2,1,很好的
13620,2444,修鹏,2015-12-30 05:37:51,0,0,0,\n\n
15368,2444,修鹏,2016-01-14 05:37:49,5,8,3,老师讲课特别用心 人很好 还很热爱打拳  好好听课 最后一节课有惊喜hhhhh
15374,2444,修鹏,2016-01-14 06:06:11,12,13,1,老师很好，主要给分很好，钟爱打拳，曾经江湖人士，正在努力去开通识班
19349,2444,修鹏,2016-01-24 02:40:51,3,4,1,老师很好，推荐～
59337,2444,修鹏,2017-09-21 02:46:27,1,1,0,。。。
60879,2444,修鹏,2018-01-23 14:48:14,0,1,1,老师很好
63290,2444,修鹏,2017-11-30 06:17:14,1,3,2,期中考题目很坑
64146,2444,修鹏,2017-12-21 05:42:47,3,4,1,感觉讲的并不怎么样啊
65468,2444,修鹏,2018-01-04 07:19:16,5,6,1,下面没什么用。。。我一会儿跟你们讲。。。这个之后我们再讲。。。这个推导有点问题。。。我再回去看看。。。
71278,2444,修鹏,2018-01-28 08:36:06,0,0,0,。。。
72670,2444,修鹏,2018-01-30 22:23:43,1,1,0,给分可以说是很好了！
73303,2444,修鹏,2018-02-01 09:51:08,10,12,2,这个很简单……这个也很简单……这个其实都不难……其实都很简单……哎哟我一时脑子有点糊，这题我们待会儿再说，让我想想，其实很简单的，哎哟怎么会这样……
73396,2444,修鹏,2018-02-01 13:23:36,4,5,1,尽量每节课都到且要坐前排，学期末有惊喜哦(´-ω-`)
74197,2444,修鹏,2018-02-06 12:57:17,0,0,0,老师很好的
80836,2444,修鹏,2018-07-01 16:47:01,0,0,0,nice完美\n\n
119433,2444,修鹏,2019-11-13 00:51:07,12,16,4,大二，这学期的课，让我对工程力学这个专业有些绝望。先是数理方法马志为老师讲课的含糊不清，后是修鹏老师讲课的随心随意。\n\n老师给我的感觉是，平淡。觉得每道题都很easy，结果永远只是照着搬来的PPT完成进度。\n\n有点想念那个充满活力的肖锐老师，我可以看到他的激情和他的热爱，还有那张显露深深浅浅酒窝的笑脸。\n\n感觉到了深深地迷茫...... 我还能活在工力专业里嘛?
131665,2444,修鹏,2021-01-28 10:32:36,1,1,0,很好的老师啊
136951,2444,修鹏,2021-06-28 15:25:59,1,1,0,理论力学给分巨好！画重点也很好！！看上去很冷酷其实人超级善良！！
141767,2444,修鹏,2021-10-25 03:37:36,0,0,0,讲课逻辑清晰，基本没有口音（除了把弧读成呼？）由于老师普通话标准，说话节奏不慢，所以这门课成为了我比较难得的一门听了不会困的课
145306,2444,修鹏,2021-12-29 03:39:12,2,2,0,超级认真负责 非常关心同学们 真的好老师
146764,2444,修鹏,2022-01-07 11:30:12,4,4,0,上课允许睡觉，但不允许说话
148395,2444,修鹏,2022-01-12 10:37:19,3,3,0,修鹏老师，怎么说呢，感觉是一个比较“文青”或者严谨的人，说实话平时上课效果并没有十分好，但可以看出来他很用心，比较注重理论的理解。最后，出成绩的时候感觉老师调整了很久，应该确实捞了不少人，理论力学我基本在水，最后能过只能说感谢老师海底捞
148400,2444,修鹏,2022-01-12 10:50:04,6,7,1,上课没怎么听就满了。其实理论力学这门课主要靠刷题，把课后作业题多刷几遍就行。\n\n关于平时分xp老师给的很高了，满分40分的平时分基本上大部分人都在38-40分之间，对比其他班平时分还要正态分布已经很良心了。
165565,2444,修鹏,2023-01-08 11:55:45,5,5,0,没怎么听课 ppt还行 看着能学会\n\n会讲一些科学家的故事 讲了讲神学和力学力量之间的关系 很有意思\n\n今年老师说简单一点 但还是g了\n\n给后面同学一些建议 上课还是要听一下\n\n老师还是很关心学生的 钉钉群里面和我们交流
196492,2444,修鹏,2024-07-07 11:01:08,0,0,0,给分不太好诶
196963,2444,修鹏,2024-07-06 06:32:48,0,0,0,大三下才第一次上老师的课，老师真好
214220,2444,修鹏,2025-01-29 05:51:24,1,1,0,出分比较慢，不过也理解，而且老师在群里多次说了，而不是那种一点消息没有。\n\n给分应该挺好，平时分感觉基本没扣，理论力学这门课最主要还是看期末
217684,2444,修鹏,2025-04-15 06:07:14,0,0,0,理论力学， 修老师人很好，给分也不错，讲课效果因人而异，个人觉得不算差。\n\n注意⚠️，修老师偶会古法点名，即报名字点人头，尽管名义上不算签到，但还是有影响的。
111579,2483,邓见,2019-07-02 04:34:54,-26,7,33,讲课较随意，话语里常带“我操”以及侮辱类词汇，有女生在场也讲低俗玩笑，听起来很不舒服，不能为人师表
143817,2483,邓见,2021-12-07 12:31:14,19,20,1,老师人挺好的，没点过名，理力期中考试还和大家开玩笑。感觉邓老师挺热爱生活的，挺喜欢摸鱼的。
177726,2483,邓见,2023-07-04 12:15:53,5,5,0,可爱捏，小拖鞋
33229,2492,陈建军,2016-09-16 03:54:03,0,0,0,一般般
91196,2492,陈建军,2018-12-03 06:49:47,0,1,1,高性能计算和暑期编程课，jj陈，亲切和蔼，上课也很认真
160899,2492,陈建军,2022-10-19 01:46:59,0,1,1,珍爱生命，远离cjj
178866,2492,陈建军,2023-07-26 16:43:28,2,5,3,不说老师本身咋样，因为这学期计算程序设计他基本就没出现过，就第一二节课出现点了个名，飞设这边就是让数值风洞的工程师们来带课。据说工力那边是写matlab，就不是很清楚了，我只说飞设的情况。\n\n学四个和计算流体力学相关的软件，基本每个都是带着你过一遍案例就完了，然后之后布置个作业。大二毕业流体力学或者空气动力学也都没学过，就只能照着pdf上做，完全不知道在干啥。\n\n作业有三个软件是一环扣一环的，一个做不好后面的都做不了，原理没学过，出错也不知道为啥。特别是有一个软件算一个例子就要算几个小时，最后算出来要是有问题又得重来。\n\n我只能说至少飞设这边的这课就没有任何意义，学完没有任何收获。
178867,2492,陈建军,2023-07-26 16:54:16,0,1,1,老师不在，课很sb，不知道在学啥，案例过一遍，剩下作业一堆问题，算得还巨慢
196633,2492,陈建军,2024-07-04 11:38:54,3,3,0,感觉像是来打广告的，不像是来上课的
218424,2492,陈建军,2025-04-23 10:51:06,0,0,0,这老师真难绷
154058,2631,邹建锋,2022-05-21 12:06:24,1,3,2,邹老师当班主任超级好的！
29003,2644,陈伟球,2016-06-29 06:03:06,5,5,0,很幽默风趣的老师、讲课也很棒
39589,2644,陈伟球,2016-12-26 02:11:09,4,4,0,力学史不错
88849,2644,陈伟球,2018-11-10 02:49:57,2,2,0,陈老师很博学！
122750,2644,陈伟球,2020-03-30 16:21:57,17,22,5,陈老师很强，是长江学者。而且他很和蔼，感觉人挺好的。数理方法考试非常难，同学们要好好学。
129801,2644,陈伟球,2021-01-12 12:48:12,2,5,3,航院亲爹，爸爸我爱你
145856,2644,陈伟球,2022-01-03 11:21:20,7,7,0,great ball～
152920,2644,陈伟球,2022-04-21 16:16:34,-2,0,2,先给10分求不挂科，挂科了回来改༒
153457,2644,陈伟球,2022-04-30 09:55:02,2,2,0,会分享很多课外资料，交流很和善，没有距离感。这才是学者的风范。
155712,2644,陈伟球,2022-06-15 10:12:39,1,1,0,更重理解，内容需要课下自己推导
159554,2644,陈伟球,2022-08-09 01:48:27,1,1,0,能在讲清楚知识点的同时介绍思维
170518,2644,陈伟球,2023-03-06 05:19:13,5,15,10,不会讲就别讲了，还标榜自己思路独到，看重学生自己思考，不就是懒得讲吗，数理2bb没几句就开始让同学“看几分钟，思考思考”，一节课下来板书没有，ppt上公式都懒得给推一下，你可拉倒吧，还不如鲍老师呢
172749,2644,陈伟球,2023-05-06 05:26:37,3,3,0,1.人很好，是个和蔼的老师\n\n2.点名是念名单挨个点，前几次所有人都点，最后几次抽一个姓氏，频率一个星期零点五到一次。每节课前必点一到两个人起来回答上节课讲过什么\n\n3.会给许多课外资料，感觉是个很细致的老师，对课本很有理解能告诉我们例题中的错误。但上课不推公式，只梳理知识点和书本例题，常常听了和没听一样。所以我选择北大网课（划掉）
177767,2644,陈伟球,2023-07-10 06:14:14,2,3,1,数理2  给分还行  狠狠放水 春学期的课中间会安排一次小测和习题课 点名还算多 两个早八确实折磨\n\n我测 竟然变成航院院长了😨
181004,2644,陈伟球,2023-10-02 03:01:41,-3,1,4,弹性力学做的PPT是依托答辩，按依托答辩的PPT给学生灌输从0到1类型的概念能好的了吗
187771,2644,陈伟球,2024-01-17 10:51:45,0,0,0,老师弹性力学讲得好，个人觉得比数理好\n\n虽然依旧是注重自学与自己推导，但说实话这些推导上课讲了也听不懂（参考流力），还不如自己看，课堂时间多留给一些重点。老师人很好，一个学期下来体验还是很不错的，浓浓师生情
191056,2644,陈伟球,2024-03-31 05:35:41,1,1,0,之前错怪陈老师了，数理2和弹力给分都超好（￣▽￣）／，与飞所的某些老师有着云泥之别
191983,2644,陈伟球,2024-05-06 17:08:17,5,5,0,数理2给分超级好！！24春全班卷子90以上有20多个，总评90以上的占了40%！！\n\n这不是神是什么！
192002,2644,陈伟球,2024-05-07 08:33:48,1,1,0,陈老师比较看重学生做题思维的培养，上课不会推导那些复杂公式，今年数理II给分真的超级好，偶尔会点名，不过每节课都会点一位同学回顾上节课知识点的。
23802,2650,张帅,2016-04-17 10:12:57,6,7,1,自己还得努力
25161,2650,张帅,2016-05-06 13:47:51,2,3,1,上课挺有趣
25649,2650,张帅,2016-05-31 02:17:43,3,3,0,老师是不是太忙了，没空备课
48320,2650,张帅,2017-03-02 06:27:32,-1,1,2,老师声音好听！
77103,2650,张帅,2018-05-02 06:07:39,-2,0,2,航概求保佑
108317,2650,张帅,2019-05-21 03:06:19,2,2,0,不如看书
108411,2650,张帅,2019-05-23 05:54:43,4,4,0,双语教学，不改作业。
108617,2650,张帅,2019-05-30 02:31:01,2,2,0,为了进度而上课
172791,2650,张帅,2023-05-07 07:01:56,0,0,0,。。。。
175178,2650,张帅,2023-06-22 07:10:53,0,0,0,……
179013,2650,张帅,2023-08-21 02:17:01,-2,0,2,好老师。
188805,2650,张帅,2024-01-20 04:35:28,20,21,1,查老师有些问题，这个工程地质是建筑工程学院的zs\n\n在这里仅对工程地质进行评价\n\n给分奇差，卷王也死\n\n有个傻子复习了三天，熬夜做了几十页笔记\n\n期末考试卷全写出来，没用，照样绩杀\n\n这老师给分就抽象，同学wkh老师的，背的不到我的1/2，wkh给捞到4.5\n\n这个老师就离谱，均绩低是真的抽象（不是个例），一点也不调分\n\n同班同学，估计最高的也就3.6了，别的班可比这好多了\n\n学弟学妹们预置到这个老师自求多福，快跑\n\n工程地质会告诉你，选择远大于努力，哈哈哈哈哈哈
208480,2650,张帅,2024-12-28 07:49:40,3,3,0,热力学基础，每节课都点名，打开ppt，念课本
209694,2650,张帅,2025-01-06 15:06:07,1,1,0,传热学每节课都点名，打开PPT，念课本
213340,2650,张帅,2025-01-17 04:12:18,1,2,1,工程地质说卡绩的挺不理解，啥都没背，考试乱写86分4.2如何呢，反正觉得是海底捞
218938,2650,张帅,2025-05-14 00:39:38,0,0,0,不改作业，要他发一下作业答案好我们自己订正也不给，那我请问呢，我学得水平如何我怎么知道呢？\n\n与他探讨问题，会不会题目有错，他直接拿出课本来说没问题，但是你带进去算一下就知道书上漏打了一个小数点，你怎么就不管呢，难道书就一定是对的嘛？怎么就不想着动手算一下呢
122751,2712,黄志龙,2020-03-30 16:23:29,8,13,5,随然上了一学期他和陈伟球同上的数理方法，但连面都没见过。。。
126366,2712,黄志龙,2020-09-24 01:42:25,5,9,4,求求了，声音不大就用个话筒吧，黑板上字写不大写不重就用个PPT吧，至少别让人坐第三排都听不清看不见吧…
126382,2712,黄志龙,2020-09-24 12:18:44,11,15,4,声音小，黑板字看不见，一节课稍微后面点就是天书了。
127145,2712,黄志龙,2020-11-10 12:04:31,7,9,2,自学成才
127689,2712,黄志龙,2020-11-26 00:40:08,0,2,2,自己牛，但上课不行
129029,2712,黄志龙,2020-12-29 02:41:12,1,2,1,老师人很好很好 也很有实力 但是上课真的听不见看不见 每节课都要叫我们做题目上交
131594,2712,黄志龙,2021-01-28 06:07:58,8,11,3,黄老师上课稍微有点点听不清 但实际上看智云课堂你就会发现黄老师的思路其实是非常清晰的！为黄老师打call！给分是真的好 人也挺不错的 考前划重点
131596,2712,黄志龙,2021-01-28 06:09:10,5,7,2,老师实力很强，特别是讲数理方程的时候思路很清晰。最大的遗憾就是上课不用话筒，写板书看不清，必须坐前排才能看清。但给分真的非常友善
131598,2712,黄志龙,2021-01-28 06:18:48,7,8,1,神仙老师，会捞人会调分（另外说一学期没见到黄老师的那个同学，我是一学期没见到陈伟球老师……可能是一个人带一个班吧）
133779,2712,黄志龙,2021-03-05 04:32:27,3,4,1,本人实力很强
140812,2712,黄志龙,2021-09-16 10:00:16,1,1,0,听不清
145954,2712,黄志龙,2022-01-04 15:22:18,5,5,0,数理方法上届弃修本届重修选手在此。说实话去年弃修一大半的原因就是因为被黄老师的讲课方式给劝退的。。老师人很儒雅很帅气，但是声音也是真的轻；而且老师全程板书，坐后面＝又聋又瞎。今年重修上的又是黄老师的数理方法，我吸取了去年教训坐在前排。感觉老师的上课方式改进了不少，声音比以前大，板书也比以前清晰了。而且认真听课才发现老师讲得很有逻辑条理清晰，重难点详略得当，复变部分讲得还是蛮清晰的。\n\n最后奉劝下一届的学弟学妹，尽管数理方法前半部分的复变和后半部分的数理方程相对来说联系不大，但是前面没学好，后面不可避免地会对这门课程产生畏难心理。所以如果想从一开始就学好数理方法，一定要好好跟上老师的步子！！
147548,2712,黄志龙,2022-01-10 08:06:50,1,1,0,黄老师上课声音确实小了点但他很强！！别的的话给分是真的好！！！太能捞了麻麻我爱他！！
150862,2712,黄志龙,2022-02-20 03:19:00,1,1,0,我志龙那必须是yyds好吧ヽ( ￣д￣;)ノ不过他上的课是真难，数理方法加振动力学，谁听谁知道。
180996,2712,黄志龙,2023-10-01 07:28:45,0,1,1,振动力学，上课说话像细蚊子一样，尖尖的还带口音，勉强能听清。也不搞ppt，从黑板写着歪歪扭扭还小的字，后排拍下来放大才勉强看清，极其不推荐。
207279,2712,黄志龙,2024-12-20 05:34:08,0,0,0,非线性，不点名，给分很差
44040,2782,张宇,2017-01-17 08:36:23,6,7,1,挺不错的
51496,2782,张宇,2017-06-06 13:24:38,-4,2,6,超级棒！
58793,2782,张宇,2017-09-18 00:19:18,2,7,5,白白嫩嫩
64325,2782,张宇,2017-12-22 12:33:49,-3,5,8,非常棒
69346,2782,张宇,2018-01-24 13:45:05,7,10,3,从来不会讲第二遍通知，问他还不理你。呵呵\n\n
83096,2782,张宇,2018-07-09 16:08:26,-1,3,4,给分不合理
83106,2782,张宇,2018-07-09 16:44:13,-3,0,3,。。。
83116,2782,张宇,2018-07-09 17:17:12,1,3,2,无人机导航与控制这门课还是挺有意思的 如果以后的课能加入户外实践环节就更好了
83224,2782,张宇,2018-07-10 02:57:06,0,2,2,感觉老师还是挺好的，无人机导航与控制给分超好
84846,2782,张宇,2018-07-14 04:53:55,3,5,2,老师很棒啊，无人机导航与控制，因为是通识，所以不会要求特别专业，后面给分也还OK吧，认真点就可以了。作业是每次最后一节课上要写出几个创新性问题的回答算个人分，然后小组讨论算小组分。最后再交个个人论文和小组展示。总体来说，作业不算多。
92530,2782,张宇,2019-01-02 04:48:09,-5,4,9,大雾实验的张宇\n\n所见过的最垃圾的实验老师\n\n人人八十多\n\n智障老师千万别选
111787,2782,张宇,2019-07-02 23:06:26,5,7,2,无人机的导航与控制是真的给分好，我一物理渣渣 基本上全程没咋听懂，最后论文好好写还是有4.5
124746,2782,张宇,2020-07-07 17:32:23,-4,1,5,通识无人机，课程每节课都有作业、小组讨论、还有随机展示。内容可以，老师也不错。对没有这方面兴趣的同学可能显得有些无聊。
135423,2782,张宇,2021-05-10 06:31:36,125,130,5,好多张宇啊……
172678,2782,张宇,2023-05-04 07:34:40,18,27,9,不知道是不是极限飞盘的老师。极限飞盘超级有趣，也是我人生中第一个满绩😭😭😭（关键要有一个好队友，考试是有一点难度的）
173932,2782,张宇,2023-06-05 02:32:46,2,6,4,极限飞盘的老师，不喜欢，钉钉不回，通知上课说有时候场地太大听不清，也不发一遍文字通知。
174186,2782,张宇,2023-06-07 07:03:42,-9,10,19,教飞盘的张宇，纯纯傻逼一个，给分还烂
176751,2782,张宇,2023-06-30 04:00:02,2,2,0,定向越野的zy老师 人很好 跑完就会下课（就是钉钉私信不怎么看
176787,2782,张宇,2023-06-30 06:45:18,6,8,2,极限飞盘的张宇老师，老师人很好，上课也很有意思，有基本动作的教学和打比赛，整体不是很累！只是期末考试的标准可能还是有挑战性的，如果想拿到更好的成绩的话可能课下还是要和你的飞盘搭子多练练捏。
177518,2782,张宇,2023-07-03 14:36:12,1,1,0,。。。
177741,2782,张宇,2023-07-04 14:10:07,3,5,2,【极限飞盘】老师人还是很好的，后面的给分老师也进行了分数段的调整，让得分更加合理。飞盘还是很好玩的一项运动
178782,2782,张宇,2023-07-22 13:05:20,2,3,1,体育课极限飞盘考核较难，很容易失分，相比之下定向越野可给分太好了
184213,2782,张宇,2023-12-13 06:34:39,0,0,0,。。。
184829,2782,张宇,2023-12-23 07:36:30,2,5,3,【极限飞盘】非常好的老师，上课会和大家一起玩，授课方面也比较负责，但是飞盘这个运动主要还是自己多练，练出手感之后怎么飞都是好盘。老师一般要求运动的时候不要拿手机，对于体育课来说也是很合理的要求。专项考试方面，只要你认真学而且课上练了，基本85分以上，但是因为考试中有一项是双人配合，如果想卷成满分的话，找好队友也比较重要。理论考试部分，资料目前在文印店买不到，老师会把规则书发到钉钉群，对着找答案基本没问题。
185153,2782,张宇,2023-12-27 00:47:45,9,9,0,很难沟通的一个老师，跟他讲道理他以没办法解决为借口。钉钉私信从来不回复。体验感很差，慎选
188001,2782,张宇,2024-01-18 03:17:30,4,5,1,极限飞盘！第一次在浙大体艺看成绩卡在了94分！但是出分的时候是满绩！老师真的很体贴，捞人帮我渡过难关，虽然飞盘考核难，但是老师人真的很好呀！老师平时会带我们玩很多飞盘相关的小游戏，比如躲避盘，喜欢户外玩飞盘的可以去试试！
191283,2782,张宇,2024-04-16 13:39:02,5,6,1,感觉很难沟通
193529,2782,张宇,2024-06-12 11:08:50,5,7,2,【极限飞盘】飞盘技巧性要求较高，对身体掌控能力不好的别选，说实话老师嘴挺毒的。。
194445,2782,张宇,2024-07-03 09:10:46,8,10,2,7.3更新\n\n张老师最后会捞。\n\n上个学期的老师就没捞。\n\n虽然捞了对五级制没有影响。\n\n我第一次知道体育老师会捞学生。\n\n\n\n【极限飞盘】\n\n写一下对这门课总体上的认识，顺带提一下张宇老师。\n\n前面几节课有在认真教，感觉很用心很专业。\n\n但总体上还是“放养式教学”，飞盘水平想要有提高还是得靠自己练。\n\n\n\n两节课交给普通体育课的周广财老师带，基本在练跑步。两节课因为田径队比赛不上课。\n\n再加上一节课测1000m，还有一节课调休到期末周。\n\n这样算下来课上训练量是不足以让大多数人专项分满分的。。\n\n夏学期不知不觉就到期末考了。我是在6.2下午找同学去银泉足球场加练的。\n\n\n\n看得出来张宇老师有些时候并没有很珍惜飞盘课上与学生相处的时间。\n\n考试的两节课态度很差，和同学交流一点都没有耐心。\n\n再这样下去同学们对飞盘的热情都要被你浇灭了。。。\n\n没必要把自己的情绪带到课上来吧，大家都是对飞盘充满热爱的。\n\n另外，飞盘这项运动本身不太好考核，难度也比较大。\n\n\n\n真的想入门一下飞盘可以b站上看一些外国的专业运动员自学，平常拉上三五好友去银泉足球场上玩一玩，还是很有趣很享受的。\n\n别问我为什么知道，因为开远盘他没怎么教，没想到体育课也是大（不了自）学，最后能开远盘拿满分的估计最多最多也就二分之一吧。\n\n\n\n理论考的难度也不小，双语的纸质资料信息密度很小，看几行就要翻页，大多数国内学生对飞盘比赛也比较陌生，真的很难在理论考那几十分钟里完全学会飞盘的理论知识。毕竟体育课绩点主要还是取决于你的理论考和体测项目成绩。。。\n\n（我已经说得很委婉了）
196363,2782,张宇,2024-07-03 05:51:56,3,3,0,极限飞盘来的，老师人很好，我因为0.2分绩点被卡了一档老师最后还给我捞上来了，而且平常上课教的也很认真。不过还是有一些需要注意的点，首先飞盘这门课比较吃队友，这个和老师无关，但是第一节课一定要注意找一个靠谱的队友！其次老师上课不会一对一教，但是有问题可以随时去问，最后专项考核满分还是有一定难度的，很吃手感，但是拿个90%左右的分数只要你认真练了就不难。然后理论考也有一定难度，因为感觉老师平时没有怎么讲过规则，给的材料还是中英文双语的，翻起来效率比较低。
205284,2782,张宇,2024-12-04 01:16:46,-4,0,4,体素被求是
208230,2782,张宇,2024-12-26 08:50:20,0,0,0,张宇老师真的很好!刚上完他的极限飞盘，非常有耐心!考核的时候还安慰我不要紧张就当成练习!上课很有意思!是目前上下来最喜欢的体育课啦
209561,2782,张宇,2025-01-11 05:39:56,0,1,1,老师真的会捞！！第一次知道体育老师会捞！！震惊.jpg\n\n谢谢老师！！老师给我一个满绩，我还老师一个十分！\n\n———————原评论如下\n\n上的是飞盘🥏课，很好玩很愉快～老师人也不错，事情很少。第一次开盘开坏了，老师还给了第二次机会(๑´ㅂ`๑)大一的第一次体育课完结撒花～
211881,2782,张宇,2025-01-13 01:06:22,-2,1,3,是极限飞盘\n\n课程难度感觉还行吧，室外体育课，下雨就身体素质训练45分钟后下课，太阳太大的话老师也不会让我们出去晒\n\n考核是1分钟传接盘和开盘，0基础得了满分嘿嘿。想得高分就课后多练吧，我和搭档课后练了七八次。\n\n最后老师好像还捞了一下给我从99捞到100了
213532,2782,张宇,2025-01-18 05:38:06,1,1,0,飞盘课。老师会捞的。
221658,2782,张宇,2025-06-25 06:47:22,0,0,0,被捞了，真的非常好的老师，上课很轻松，运动量不大，而且最后专项掌握技巧难度也不是特别大
222043,2782,张宇,2025-06-29 07:05:36,0,0,0,【飞盘课】老师看上去不怎么讲话，但是人还是很好的，最后分数导入教务系统的时候是真的会捞！考试的话可能有一点难度，找到一个靠谱的搭子真的非常重要！！！另外理论考会有点难，考试和资料可能有点脱节
9249,2805,王昊,2015-10-19 00:08:56,12,16,4,讲得挺好的。作业太多。多到什么程度呢？三天的周末一直做一直做是可以做完。但是做完电基看完书然后其它作业就不用做了orz毕竟五学分神课
15546,2805,王昊,2016-01-15 08:39:30,-14,1,15,老师讲的挺好的
21758,2805,王昊,2016-03-01 03:51:10,-14,0,14,棒棒哒，可惜自己不够努力，没学好电基\n\n
81006,2805,王昊,2018-07-03 09:40:18,2,2,0,。。。
102053,2805,王昊,2019-01-30 08:29:05,1,1,0,。。
109750,2805,王昊,2019-06-19 03:47:01,10,11,1,这门课连个对应的教材都没有，学起来是真的吃力，坑
111212,2805,王昊,2019-06-30 15:04:07,11,11,0,我真的服了，一门专业基础课。难度不说了，没有一本专门的课本，英文书一千多页？上了半学期换了一本？课件也没有学校统一的。作业多不说，每次作业答案也不发，期中考试也不反馈，期末考试范围什么的一点也不讲。你管自己讲课讲好了，你让学生们这么考试呢？抓瞎摸鱼么。你有可能科研搞得好，但你要上课就好好上课，至少要保证我们考试知道考什么，知道要复习什么吧，自己搞得要保密一样什么都不肯说，大家都挂科好了
112001,2805,王昊,2019-07-03 06:33:48,1,4,3,你们别抱怨课本的事了，信电的模电可也是没有教材只有国外参考教材的，也不能怪老师，不过他的PPT真实shit
115768,2805,王昊,2019-08-19 13:15:08,16,22,6,其实感觉老师水平还可以，但是课程安排还是有待提高。上半学期电路部分还算好，到了下半学期的模电就开始起飞，再加上老师给的参考教材《Microelectronic Circuits》是一本1000多页的神书，导致学习起来很难下手，不知道哪里要多花时间，哪里可以略过。另外十分建议老师自己做一下PPT，东拼西凑在网上找的PPT看起来真的很难受...
134899,2805,王昊,2021-04-21 12:56:51,5,5,0,除了课以外都讲得好。作业巨多，还有很大一部分是不讲直接布置作业。太痛苦了。
151680,2805,王昊,2022-03-11 12:31:44,10,10,0,作业巨多，英文教材(明明有翻译版)，祈祷最后一节课早点上完吧，不然作业是接近周末才会布置的，乐死了
152432,2805,王昊,2022-04-11 05:20:18,7,7,0,作业很多，经常以为自己这周做完了，没想到其实又布置了一堆
156518,2805,王昊,2022-06-20 06:51:18,3,3,0,PPT复习无效，只能看回放/英文教材，期末复习已经在看其他电路课的教材了，乐不起来
158712,2805,王昊,2022-07-01 14:06:30,1,2,1,感觉上课听不听没什么区别，但是有些考试需要注意的内容还是要听一下的。感觉期中期末考试难度适中吧，把教材看过一遍还是蛮可以做出来的。
159055,2805,王昊,2022-07-05 07:35:58,4,4,0,难顶…无语
169773,2805,王昊,2023-02-28 00:38:02,4,4,0,课堂上不知道在讲什么东西，净瞎扯，讲一会儿课程内容就跑偏
171101,2805,王昊,2023-03-16 02:37:14,11,12,1,众所周知，飞设是一门综合性很强的学科，所有其他工科的专业课程我们都可以学，真的是太贴心啦，那我究竟会什么呢？
172983,2805,王昊,2023-05-11 00:36:15,4,4,0,做作业破防了😩😩😩😩😩
174144,2805,王昊,2023-06-06 15:16:06,7,7,0,上课不仅讲的快还乱扯，课件一坨，复习没知识点范围，真不知道怎么学，刚开始上课还强调什么每届只有三分之一的人不挂，宁自己怎么不想想是什么原因
175189,2805,王昊,2023-06-22 08:30:43,1,2,1,教材挺好看的
192036,2805,王昊,2024-05-08 04:10:28,6,6,0,《目无全牛》\n\n《秒了》\n\n《非常的简单》\n\n《诶嘿》
192131,2805,王昊,2024-05-09 14:52:07,17,20,3,其实主要是后面跟大家见面的次数有限，也就还剩6次，舍不得大家啊。——wh
192171,2805,王昊,2024-05-10 15:58:06,7,7,0,纸张东西
192233,2805,王昊,2024-05-12 16:50:26,7,7,0,PPT做得跟大便一样，简直是对眼睛和大脑的双重侵犯。。。
192235,2805,王昊,2024-05-12 17:05:43,4,5,1,一坨屎
192404,2805,王昊,2024-05-18 03:21:20,9,10,1,一张照片还拍不下大家。考个试还拍照是吧😅
193255,2805,王昊,2024-06-05 07:49:10,19,21,2,老师上课真的很烂很烂，教材也又多又杂又乱，前半个学期勉强可以听听，但是越上到后面越会感觉老师上课或者说对课程进度的把握能力十分欠缺，很多内容都混在一起，讲的次序很乱，没有逻辑，布置的作业也估计自己都没看过，和上课的进度、内容严重不符，造成的后果就是如果你想要好好写作业，就需要花费非常非常多的精力把老师还没讲到或者一笔带过的内容学一遍，可能你现在写的作业的内容是好几个星期后才教的，可能你写的内容是好几个星期前老师就教过，但是没有细讲的，需要自己狠狠的看书学没学过的内容。模电的内容很多，需要老师有逻辑慢慢的讲，而不是和稀泥一样的啊啊啊大概讲了一下，认为同学们都掌握了草草带过例题，然后循环往复，越来越不知道自己在学什么，考试的内容也很迷，老师上了这么久的电路课，真的需要好好反思一下如何才能像隔壁电院孙盾老师那样讲课育人，一个两个可能是学生的问题，但是这么久了绝对不只是学生的问题，电路课作业一门专业基础课，很大程度上影响到了本科生后续课程的学习，如此草草了事荼毒深远
193278,2805,王昊,2024-06-05 13:57:34,8,8,0,航院的这门电基课本身就有很大问题，教材莫名其妙的选了两本大部头的国外教材，上课用的PPT却是以国内教材为基础的（至少老师是这么说的），课上学的东西和作业需要的知识有时候会有一定差异，导致有时候课后作业做起来很麻烦（而且题量确实大）\n\n以我曾经挑战过电院电路课的经验，航院的电基内容真的少了很多，而且这门课的学分相比其他电路课来说本就不多，还有一部分给了实验。这种课程深度本校的电路课本其实完全可以覆盖，选用国外教材的理由难道是题目够多可以多布置一点？
193289,2805,王昊,2024-06-05 16:07:25,-8,2,10,其实老师人挺好的，考试给大家拍个合照什么的我觉得都没啥问题呀。但是老师的ppt确实有点混乱，建议老师改进一下，毕竟还是要教很多届学生的。
193775,2805,王昊,2024-06-18 02:58:32,1,3,2,我大三的，考试周摸鱼回来看看。老师人挺好的，上课感觉很欢乐。作业特别多，但是我当时基本上每周都把布置作业那一章的英文书全学一遍，作业基本上在内容里都有，书也写的挺好的，读下来基本看别的中文书都能明白。不过，这书是不面向应试的，要想应试还得看信电的书籍或辅导资料。上面有同学提到这课对后面的课程有用，，虽然方向是是电子信息方向，但也玩不转电路，更多是当黑盒来看待的，当然你要转行搞电路那当我没说。最后，其实电子信息方向也不像很多人想的那样美好，需要在课外付出很多很多才能勉强和信电的同学站在同一条起跑线上。
194201,2805,王昊,2024-06-22 12:29:57,8,8,0,明知道很傻逼但又不得不学。。。真的很无力。。。
194351,2805,王昊,2024-06-23 10:23:52,8,8,0,自己上课迟到是理所当然要多占同学一节课补的，钉钉问问题是很久不回的，作业是很多而且一点不批的，ppt是逻辑混乱的，课是应该自己看书和找视频自学的
194877,2805,王昊,2024-06-25 23:20:33,-2,2,4,考前给王教授打个10分求放过
194976,2805,王昊,2024-06-26 07:02:46,7,7,0,课是随便讲的 作业是一大堆的 坏笑是要笑的 考试是要合影的 试卷和书上的公式是不一样的 课件是不上传的考试是要考的 教材是没有的
196876,2805,王昊,2024-07-05 17:17:09,0,1,1,真能捞！！！我错了，对不起！！！
196923,2805,王昊,2024-07-06 02:30:38,0,1,1,我回来了，十分没白打，虽然他课上的烂但是他能捞啊
196954,2805,王昊,2024-07-06 05:25:07,1,2,1,我错了
198872,2805,王昊,2024-09-12 09:37:19,0,1,1,真捞啊啊
200866,2805,王昊,2024-10-23 15:12:48,1,1,0,很真诚的老师。。
200878,2805,王昊,2024-10-24 02:53:33,1,1,0,老师很真诚，非常认真地听取同学们的意见。希望学弟学妹的电基课可以越来越好
220935,2805,王昊,2025-06-20 11:38:56,3,3,0,真捞啊\n\n（虽然讲课讲的比较乱
7461,2817,刘玉娥,2018-09-09 11:47:45,-23,13,36,萌萌萌萌萌萌萌萌萌萌哒
8499,2817,刘玉娥,2015-09-22 01:58:43,8,19,11,喜怒无常
9638,2817,刘玉娥,2015-11-03 14:52:54,-14,10,24,挺萌哒 美美哒
11361,2817,刘玉娥,2015-11-29 01:55:14,-8,11,19,挺好的辅导员
11906,2817,刘玉娥,2015-12-21 06:12:39,-17,8,25,好好好\n\n
12554,2817,刘玉娥,2015-12-23 13:04:14,-3,2,5,军训指导员
13898,2817,刘玉娥,2017-09-29 14:15:00,33,47,14,太恶心了。关系好给分好
16979,2817,刘玉娥,2016-01-19 10:59:36,-10,4,14,反正和我关系好。给分不怎么样
16992,2817,刘玉娥,2016-01-19 11:34:57,25,35,10,不鼓掌不是中国人，原来浙大也有道德绑架
16995,2817,刘玉娥,2016-02-26 17:25:01,-17,8,25,还行吧，但也没多好，仅仅是能接受而已
17239,2817,刘玉娥,2016-01-20 02:23:01,3,7,4,在看脸的基础上拼运气。
23538,2817,刘玉娥,2016-04-05 08:11:47,-2,6,8,还行吧
26187,2817,刘玉娥,2016-06-16 07:39:19,0,16,16,蛮好的啊
33318,2817,刘玉娥,2016-09-18 06:33:05,-9,6,15,很好的辅导员
50090,2817,刘玉娥,2017-04-29 12:54:48,30,42,12,看着好像很关爱学生，群里一副样子，其实蛮恶心的，对学生有点不屑的样子，可流批了
58524,2817,刘玉娥,2017-08-30 15:47:10,1,13,12,很好的
58543,2817,刘玉娥,2017-09-01 04:17:44,1,8,7,还可以吧，发红包
63072,2817,刘玉娥,2017-11-28 06:46:10,-8,12,20,挺好的，我当了助理，学生经常问一个显而易见的问题，是谁都会生点气，别乱喷行不，老师挺好的，也挺负责
66568,2817,刘玉娥,2018-01-17 09:53:45,-9,7,16,挺好的。
86116,2817,刘玉娥,2018-09-07 11:54:24,31,41,10,瞎bb 组织能力差
86117,2817,刘玉娥,2018-09-07 11:55:51,22,28,6,组织能力差
86118,2817,刘玉娥,2018-09-07 12:02:58,24,29,5,很恶心，喜怒无常
86153,2817,刘玉娥,2018-09-28 01:10:39,37,52,15,辣鸡啊
86159,2817,刘玉娥,2018-09-09 11:40:45,70,84,14,组织指挥能力三流都排不上\n\n朝令夕改 \n\n所谓的“我为你们感动”让人更多感到矫揉造作\n\n淋完雨深刻觉醒决定来打波差评\n\n动不动就厉声呵斥真当自己高高在上？
86160,2817,刘玉娥,2018-09-09 11:44:25,5,8,3,很能拖时间
86161,2817,刘玉娥,2018-09-09 11:45:47,50,64,14,这个老师，可能脑子不太好使，建议多淋淋雨。
86162,2817,刘玉娥,2018-09-09 11:47:06,20,23,3,呵呵呵
86163,2817,刘玉娥,2018-09-09 11:52:57,-3,8,11,军训组织能力有些差 但人应该是不错的吧
86164,2817,刘玉娥,2018-09-09 11:53:44,2,4,2,hhh
86165,2817,刘玉娥,2018-09-09 11:54:03,0,3,3,呵呵呵
86171,2817,刘玉娥,2018-09-09 13:58:37,1,2,1,呵呵呵
86172,2817,刘玉娥,2018-09-12 03:31:46,23,30,7,垃圾。下个大雨还训练，他妈的自己在看台上指指点点。官僚主义。
86175,2817,刘玉娥,2018-09-10 02:05:28,4,7,3,朝令夕改\n\n
86178,2817,刘玉娥,2018-09-10 03:26:56,30,38,8,大家能不能别骂了，\n\n\n\n\n\n\n\n\n\n\n\n\n\n\n\n\n\n\n\n\n\n\n\n\n\n\n\n我一个个点赞过来很累的 。
86179,2817,刘玉娥,2018-09-10 03:28:18,9,12,3,很官僚主义
86180,2817,刘玉娥,2018-09-10 03:30:16,4,5,1,就哈哈哈哈
86181,2817,刘玉娥,2018-09-10 03:59:01,15,19,4,这老师怎么上7分的？
86182,2817,刘玉娥,2018-09-10 04:20:43,47,55,8,方阵淋雨自己不淋，开始觉得不公平，后来想想没什么不公平的，她肯定已经淋过了，有不淋的资本了，否则脑子里哪有这么多水。
86184,2817,刘玉娥,2018-09-10 04:23:59,18,22,4,感觉像在把学生当作自己达成目标的工具，对学生总有种纡尊降贵的口吻
86185,2817,刘玉娥,2018-09-10 04:31:54,28,35,7,听她讲话很难受啊。这个人说难听是智障，说好听点是能力不行。想到什么做什么，练一个下午，晚上一抽风就改了，又要重新练。为了弥补自己浪费的时间，让学生加练，真的流批。
86186,2817,刘玉娥,2018-09-10 04:33:30,26,32,6,傻逼一样，说句同学们我下来陪你们淋雨就跟做了多大牺牲一样，冒雨训士兵首长淋更多的雨是应该的，就会指指点点真tm不要脸
86187,2817,刘玉娥,2018-09-10 04:36:41,13,18,5,一点领导应该有的素质都没有，想到哪里说到哪里，从没有下几步的打算，还动不动就讽刺退出
86188,2817,刘玉娥,2018-09-10 06:20:24,0,4,4,hehe
86189,2817,刘玉娥,2018-09-10 06:29:42,0,4,4,太无语了
86190,2817,刘玉娥,2018-09-10 06:36:59,8,12,4,很水，组织能力为负
86192,2817,刘玉娥,2018-09-10 07:36:54,35,51,16,刘老师真的是一个很负责任，组织能力强，对同学友善和睦，关爱体贴同学，说话蕴含哲理的老师。她对军训表演十分重视。在她英明的指导下，我相信一团的演出会获得成功！我就不明白为什么那么多人贬低她？如果你不服，那就对了，因为我完全是在放屁。\n\n
86195,2817,刘玉娥,2018-09-10 10:05:50,2,7,5,只会骂人，不知道怎么组织
86199,2817,刘玉娥,2018-09-10 11:32:54,0,2,2,呵呵呵
86201,2817,刘玉娥,2018-09-10 12:42:20,0,2,2,呵呵哒
86202,2817,刘玉娥,2018-09-10 12:46:43,6,9,3,让我们淋雨，然后我就感冒了。。。
86213,2817,刘玉娥,2018-09-10 13:38:51,-18,12,30,没有大家说的那么坏，毕竟组织表演方阵也不是一件很轻松的事情，玉娥姐也是很努力地希望把我们训练好，给大家呈现最好的一团。她自己都说这几天尽量忙这些事情没怎么吃饭，可见也是很辛苦的啦。大家真的没必要在教师节这天在这里给她差评。
86219,2817,刘玉娥,2018-09-10 16:36:15,3,7,4,很讨厌
86220,2817,刘玉娥,2018-09-10 16:39:10,4,7,3,恶心死了
86224,2817,刘玉娥,2018-09-11 00:30:57,4,7,3,智商感天动地
86293,2817,刘玉娥,2018-09-12 08:52:25,-2,1,3,请看前几条评论
86442,2817,刘玉娥,2018-09-16 08:02:29,-14,8,22,反对以上戾气满满的评论\n\n老师没有那么过分好吗\n\n那么短的时间要指挥四百人本来就很困难好吗
86517,2817,刘玉娥,2018-09-17 04:07:57,1,5,4,呵呵，当时那个党委书记来慰问时，说起话来尖酸刻薄，非要强迫别人，有病。
86746,2817,刘玉娥,2018-09-18 09:04:00,2,7,5,没办法，最低一分，不能打零分
86959,2817,刘玉娥,2018-09-19 14:45:46,2,5,3,1分不解释
88456,2817,刘玉娥,2018-11-30 09:51:49,7,11,4,哪位计科的同学能把评分改成0吗
92122,2817,刘玉娥,2018-12-26 13:05:42,1,5,4,真垃圾
92301,2817,刘玉娥,2018-12-27 14:27:37,0,3,3,我真是心急如焚啊
92302,2817,刘玉娥,2018-12-27 14:29:58,0,3,3,。。。
92870,2817,刘玉娥,2019-01-05 08:47:17,3,6,3,被她骂过，而且无缘无故……
103984,2817,刘玉娥,2019-03-08 09:48:28,0,3,3,老师很负责！
104254,2817,刘玉娥,2019-03-15 01:21:32,5,9,4,方队+合唱，绩点3.3，我忍了。矫情，我也忍了。但那种每次以过来人的身份以为你的问题她都能解决的态度，然而每次都解决不了，我。。。
104691,2817,刘玉娥,2019-03-26 03:58:37,1,6,5,军训最差体验是她了
104970,2817,刘玉娥,2019-04-01 07:47:11,2,6,4,无语至极
105238,2817,刘玉娥,2019-04-13 09:54:00,-2,0,2,。。。
105502,2817,刘玉娥,2019-04-15 14:05:19,3,6,3,感觉有点装了吧……
105943,2817,刘玉娥,2019-04-23 12:19:41,10,17,7,职规还是可以可以的 期末还做影片买了蛋糕 很用心
105944,2817,刘玉娥,2019-04-23 12:23:22,0,6,6,这是一个负责的老师
105985,2817,刘玉娥,2019-04-24 04:16:45,-2,3,5,真的很颐指气使
106086,2817,刘玉娥,2019-04-25 02:05:24,-3,3,6,太差了
106310,2817,刘玉娥,2019-04-26 09:49:34,1,4,3,多淋雨去吧
106527,2817,刘玉娥,2019-04-28 09:21:52,9,15,6,首先我觉得这是一个比较负责比较关心学生的老师，我没有感觉她偏袒自己团的学生；其次，职规这门课我觉得上得蛮开心，任务也不算多，这门课给我个人的收获没有很多但是职规本身也是比较虚的东西；虽然我绩点3.3但是我觉得老师和课都不错。最后我确实有点建议想要给老师：1.如果您真的决定要限制字数反恶竞那么请您认真地去实现您说过的话；2.小组内评分不建议采取组内总分不变的方法，没有人愿意把自己的分给别人即使ta可能真的一个人就做了很多。我觉得评论里面难听的话过分了，退一步说你明知道这门课要恶竞你还不写多一点，那是老师的错吗？但是群里说被正太的就不如别人我也是很不服气，因为我真的很认真地在做了，只是规则就是这样，我谁都不怪，也球球你们别在那里说自己反思什么的吧，本来不难受都看难受了
106540,2817,刘玉娥,2019-04-29 02:06:55,8,19,11,本人4.5且不属于此老师所在的团总支。但是平心而论这个老师上的的确不是很有意思（小组展示、小游戏还是挺好玩的），请来的砖家真是一言难尽（吹嘘自己多，干货少），最终不限制恶竞导致很多人不得不写比自己原计划字数多得多的职业生涯规划书。不过除去这些不好的东西，感觉整体氛围还是轻松的，最终成绩也还可以。
106549,2817,刘玉娥,2019-04-29 16:17:08,-11,7,18,一分是最多一分的，因为不能给零嘛
106562,2817,刘玉娥,2019-04-28 06:41:38,1,15,14,之前选上了cc姐的职规，看到她查老师上的评分还很慌，结果发现老师超级亲和超级nice！最后一次课还超用心地给大家准备了写有小组名字的蛋糕。最后绩点也还可以，4.5。和其他老师比起来平时事情真的不多，说被正态的最好反思下自己～
106568,2817,刘玉娥,2019-04-28 06:46:43,-7,5,12,职规课做的好好的最后还是被正太了，建议不是本团的不要选了，对自己的学生还是有点偏向的
106574,2817,刘玉娥,2019-04-28 07:01:24,1,7,6,其实蛮好的，有些人自己不行一定要怪老师。
106576,2817,刘玉娥,2019-04-28 07:18:08,1,8,7,老师很好 很善解人意 付出多少就有多少回报 不要在那里bb是老师的问题 小组的能力很重要 老师是为数不多的跟学生很处的来的老师
106586,2817,刘玉娥,2019-04-28 08:05:58,9,10,1,被正态的的确也得认命，毕竟正态分布决定总有人要被正态\n\n但没被正态的在那说“被正态的都得好好反思自己”是不是有点站着说话不腰疼了呢\n\n扪心自问一下老师究竟是否对己团学生有所偏向呢？\n\n直接主观臆断被正态的都是技不如人，是自己不够认真。你的内心恐怕也和那些直接嘴臭的人比亮堂不到哪里去☺ ☺ ☺ \n\n
106589,2817,刘玉娥,2019-04-28 08:28:15,3,6,3,职规课事儿少，比较好相处的老师
106590,2817,刘玉娥,2019-04-28 08:37:47,9,14,5,能看出她在努力想要教好职规这门课，很考虑学生的感受，一直在丰富课堂的教学形式，结课时给了同学们用心准备的惊喜，挺感动的。评论里有的人说话真的偏激，有些伤人，CC姐是个公正的人，平心而论，我觉得这堂课已经足够轻松了，也学到不少东西。将心比心吧！
106607,2817,刘玉娥,2019-04-28 10:09:38,1,4,3,好人一生平安
106708,2817,刘玉娥,2019-04-29 04:05:46,1,8,7,军训那段时间不论。这次职规课真的很用心啊。骂人的嘴巴放干净点好吗。
106738,2817,刘玉娥,2019-04-29 07:25:41,4,7,3,有点不服气 想知道怎么打的分
107620,2817,刘玉娥,2019-05-07 23:04:38,3,6,3,上课还可以
107687,2817,刘玉娥,2019-05-08 09:09:53,18,20,2,垃圾老师 让我见识到了很多不公平的东西和阴暗面 浙大有这种死样子的辅导员 怎么建双一流
107774,2817,刘玉娥,2019-05-09 10:56:40,10,11,1,不喜欢
108164,2817,刘玉娥,2019-05-16 02:42:25,18,21,3,应该没有比【卑鄙】更好地能用来形容这位辅导员的形容词了吧\n\n表面正义凛然，背地里干这种龌龊的勾当\n\n象牙塔怎能容得下此等卑鄙无耻之人肆意玷污？
123379,2817,刘玉娥,2020-06-07 14:41:57,1,2,1,对学生很糟糕
135876,2817,刘玉娥,2021-05-31 12:19:20,11,14,3,辅导员老师很好哒~以前的事情不太了解，但带我们真的很温柔很用心
139914,2817,刘玉娥,2021-08-17 17:05:20,5,7,2,人美心善
204801,2839,余钊圣,2024-11-28 02:52:22,3,4,1,讲的一坨。
208477,2839,余钊圣,2024-12-28 07:40:38,2,2,0,讲课跟坨史一样
213203,2839,余钊圣,2025-01-16 09:49:31,-1,1,2,客观来说，老师还是可以的，讲课我觉得更多是这门课的原因，内容太多太复杂了。对于学习而言，老师的ppt还是挺好的，把重点都已经标出来了。期末考也没有难为大家，考前复习课基本把题目透出来了。给分也挺好。当然啦，如果你想很好掌握流体力学知识点，那当我没说，建议自学。
10957,2865,陆哲明,2015-11-23 12:37:45,6,9,3,上课就是对着ppt念
14862,2865,陆哲明,2016-01-10 10:01:51,5,5,0,极其无聊
20723,2865,陆哲明,2016-01-30 09:04:39,4,5,1,通识课还好吧，仔细做作业老师给分还是不错的，上课会留一些作业，但是都是PPT上的，5次点名再做一次课堂展示就好了。
33218,2865,陆哲明,2016-09-16 02:52:15,1,3,2,。。。
36300,2865,陆哲明,2016-11-11 14:52:59,-1,2,3,多评价几个就能出来平均分了
37508,2865,陆哲明,2016-11-19 07:48:57,6,8,2,辣鸡～作业多～课超级无聊～
39605,2865,陆哲明,2016-12-26 03:32:43,0,2,2,如果你想来学些什么东西，请不要到这来\n\n如果你想水水课，混混绩点，这是你最好的选择
41045,2865,陆哲明,2017-01-08 15:33:31,1,2,1,可水可听（虽然大多数人都在水），五次点名不确定哪一节课也不确定是上课开始时候还是结束时候，一次作业，有点难，不过似乎每一届都一样。展示和论文建议选展示展示。认真做好作业和展示，五次点名都到分数不会差，但是高分略难，因为有很多计院大神的展示太高端了。
41298,2865,陆哲明,2017-01-10 12:21:58,4,5,1,老师还是准备得很认真的，认真听确实有收获，不过基本上也就是外行听热闹。。一次作业，一篇学习报告或者PPT展示。最重要的：花！式！点！名！
42851,2865,陆哲明,2017-01-15 09:42:32,2,4,2,课程名字是现代热门信息技术，但内容的重点还是放在老师擅长的图像处理技术上，作业也全是图像处理的计算题，其它东西也有不过只是带过。说学不到东西的大概是被名字骗了...莫名其妙扔给你一堆枯燥的算法...展示倒是开了眼界，貌似最开始是有个哥们用了axeslide，然后后面就prezi，focusky什么的开始走炫酷风，个人觉得如果可以的话还是尽量选择自己专业的或者做过实际调查研究的topic，不然假大空巨尴尬...捂脸（*/∇＼*）
43678,2865,陆哲明,2017-01-16 22:43:29,1,1,0,垃圾ppt也能不错的分数，很开心
43962,2865,陆哲明,2017-01-17 07:11:35,1,2,1,整体还是很好的，别翘课，展示和作业认真点，最后绩点不会差
44476,2865,陆哲明,2017-01-18 00:59:17,4,4,0,我就是那个没有专业素养只能玩假大空的axeslide的 楼上说的很对 认真做展示点名能到的话 分不会低\n\n不过被名字骗来的我表示课程重点是图像处理 如果不感兴趣不认真听的话 学到东西不多
46291,2865,陆哲明,2017-01-24 04:41:49,4,4,0,呵呵了，拉低均绩0.1
50098,2865,陆哲明,2017-04-29 14:05:27,5,5,0,水课，写论文则绩点随便\n\n
52293,2865,陆哲明,2017-06-18 00:52:52,1,2,1,辣鸡，神坑
61645,2865,陆哲明,2017-11-19 14:49:34,1,1,0,还好\n\n\n\n
63446,2865,陆哲明,2017-12-04 08:37:58,-2,0,2,垃圾老师
72267,2865,陆哲明,2018-01-29 16:08:43,4,4,0,给分虽然还可以 但比预想的低啊哈哈 这种自信是怎么回事 现代热门技术这门课真的很水 很水很水 听说以前还有论文的 这学期一个ppt就完事了 想高分的当然还要上去展示啦 反正展示也很水...基本只有老师一个人在听 话说老师听着听着也会去水手机了... 说是堂堂课要点名的最后就点了两次 还有一次平时作业 算是水的 看下他的ppt就很容易做 也没几道题 电脑一下就统计出来了 老师上课基本就是照念ppt 然后找同学上去讲现代热门技术 感觉又是一位被绑上教学任务的科研人物啊 这门课基本也就是刷分的天堂了
72837,2865,陆哲明,2018-01-31 07:29:12,0,0,0,上课水手机的习惯就是在xdrmxxjs上养成的，特么评分低，拉低均绩
75271,2865,陆哲明,2018-03-08 10:20:28,0,0,0,全程念ppt，上课巨无聊，给发差
754,2892,金肖玲,2015-03-16 09:36:14,7,11,4,特别喜欢这个老师～上课方式挺好的
11178,2892,金肖玲,2017-06-05 10:17:09,6,7,1,老师很认真
13945,2892,金肖玲,2016-01-02 17:00:44,3,3,0,老师讲课很认真，讲解很详细
16517,2892,金肖玲,2016-01-18 09:45:21,3,3,0,老师讲课好，讲题耐心，棒棒哒！
16520,2892,金肖玲,2016-01-18 09:57:56,2,2,0,很棒！！
18117,2892,金肖玲,2016-01-21 07:54:51,0,0,0,很好啊
19578,2892,金肖玲,2016-01-24 23:06:44,0,0,0,是我对不起老师
21597,2892,金肖玲,2016-02-29 10:08:29,5,7,2,老师人很好，耐心。但是讲课逻辑略显混乱，思路不是很清晰，但是人是好人。
33690,2892,金肖玲,2016-09-21 05:44:27,2,3,1,上课逻辑较混乱，但人是好人哈哈
44902,2892,金肖玲,2017-01-18 12:56:20,1,1,0,老师上课很认真，人也很nice
45011,2892,金肖玲,2017-01-18 23:14:30,1,1,0,人超级好啊
52098,2892,金肖玲,2017-06-14 17:02:44,1,1,0,金老师上课讲得比较细，还会讲一些实际的力学模型工程应用什么的。经常带一些小玩意儿给我们看，期中的研究性课题也很有意思，我们这一届做的自助移动装置，各种奇葩结构。\n\n\n\n
61196,2892,金肖玲,2017-11-10 16:18:37,2,2,0,有点混乱
71702,2892,金肖玲,2018-01-29 01:22:43,0,0,0,金老师讲得挺好，给分也不错
71735,2892,金肖玲,2018-01-29 02:15:04,1,1,0,感谢老师没给挂呜呜呜呜(┯_┯)
71852,2892,金肖玲,2018-01-29 04:35:12,-1,0,1,老师上课很认真，期末考试有两个题不是很确定，最后成绩都有4.8。真的很好
73091,2892,金肖玲,2018-02-01 01:54:53,0,0,0,讲的细 人心善！
87332,2892,金肖玲,2018-09-27 05:54:58,2,2,0,老鸭听天雷??⚡️
87334,2892,金肖玲,2018-09-27 05:57:13,1,2,1,2.5速b站视频
88577,2892,金肖玲,2018-11-02 02:27:20,10,11,1,老师人超好，大家有没有疑问？作业超少，大家有没有疑问？给个十分，大家有没有疑问？
91098,2892,金肖玲,2018-11-30 01:49:20,3,3,0,老师人很好很体贴，如果挂了下学期还选她的课
117681,2892,金肖玲,2019-09-29 01:12:59,-24,0,24,辣鸡老师，自己都不知道自己在讲什么
131059,2892,金肖玲,2021-01-25 20:20:56,0,0,0,好好好
131427,2892,金肖玲,2021-01-29 04:06:13,0,2,2,老师真的很好，有道题看错了基本错了还给了4.8，平时也经常答疑
131843,2892,金肖玲,2021-01-29 05:56:20,2,2,0,老师超可爱，课程质量没的说。课间放小片子，都是一些很有趣的东西。答疑很认真，给分也很高，超级棒的老师！
133542,2892,金肖玲,2021-03-02 02:41:11,1,2,1,老师讲课很清晰，很宽容^^b。 谢谢老师~~
147059,2892,金肖玲,2022-01-08 14:07:19,0,1,1,老师人很好，课也很好，选上课的都是幸运儿。虽然绩点3.3，但是真的学到东西了。
154474,2892,金肖玲,2022-06-02 01:17:58,-2,0,2,好哈勃
15526,2906,郑耀,2016-01-15 06:06:09,7,11,4,哈哈哈
23800,2906,郑耀,2016-04-17 10:11:27,2,3,1,郑老师真牛！
25159,2906,郑耀,2016-05-06 13:46:56,2,2,0,真心牛\n\n
75061,2906,郑耀,2018-03-07 07:18:38,1,1,0,非常棒
75244,2906,郑耀,2018-03-08 06:54:25,0,0,0,好好好
75455,2906,郑耀,2018-03-12 05:26:50,11,16,5,爽，非常爽
77104,2906,郑耀,2018-05-02 06:08:23,0,1,1,郑老师威武
91203,2906,郑耀,2018-12-03 07:19:35,0,2,2,咋回事呢？这可是我们的郑大腿呀！
125798,2906,郑耀,2020-09-14 12:14:57,0,1,1,真会拖课
140724,2906,郑耀,2021-09-15 10:58:15,0,0,0,牛皮老师
141428,2906,郑耀,2021-10-08 09:06:09,4,4,0,这条评论完了就9分了
153502,2906,郑耀,2022-05-02 11:30:25,11,17,6,航空航天技术概论课挺水的，听起来像通识，我作为外专业选修也完全听得懂。大作业就是一调研报告，挑网上资料多的题目写就行了。关于考试，题库建议多刷几遍，后几遍刷错题就行，像驾考科目一/四一样（考试时选填全是原题），名词解释和简答可以做做课本每章的课后题。考试建议早点准备，题库题挺多的
164963,2906,郑耀,2022-12-28 06:21:44,-4,0,4,。。。
165776,2906,郑耀,2023-01-09 16:04:43,1,1,0,航空航天导论。三个老师上，评分标准课程任务不讲清楚，最后改线上课之后只留期末考。事情是真少，但是期末考开卷很不好找，特别像我这样的文科生，建议提前刷题库。体验不算坏，但是感觉期末考的成绩不至于只有这么一点绩点。
172952,2906,郑耀,2023-05-21 04:11:45,2,2,0,航空航天技术概论，提前把题库刷两三遍就能满了，平时事情也不多
172954,2906,郑耀,2023-05-20 15:49:36,0,0,0,满了，给分好好！
178909,2906,郑耀,2023-07-30 09:14:22,0,0,0,喵喵喵
179378,2906,郑耀,2023-09-14 00:53:33,0,0,0,好好好
181290,2906,郑耀,2023-10-13 05:53:41,0,0,0,老师给分很好
189744,2906,郑耀,2024-01-28 07:22:36,1,3,2,《航空航天导论》这门课，愿意听课可以学到一些知识，课程总体简单轻松，课后任务几乎没有，期末考试难度不大，但给分也相对较低。想水学分可以来，想水绩点的话就算了吧
213011,2906,郑耀,2025-01-15 14:48:52,0,1,1,坐标通识课《航空航天导论》。\n\n这门课由郑耀老师、罗佳奇老师、王高峰老师共同授课，成绩占比是考勤10%，论文展示/实践活动40%（看老师和飞机公司协商情况，有机会实践就出去看飞机，没机会的话我也不知道要干什么，可能要写论文），期末考试50%。本课会有三到四次点名，并且是纸质点名（一个一个念名字），建议不要翘课；但这门课课后无任何作业，事情很少，只有一次周六去上海参观飞机，水学分的话建议选。期末考试的话，题型为选择30%（0.5*60），填空20%（每个1分），概念题10%（2*5），简答题40%（5道题，有概念理解，也有某某事件的意义），开卷，能且仅能带一本教材。建议把题库（第五版）的题目在教材中的位置标好，并且把教材上的思考题做了。不过当然了，即使你不提前预习，大概率也是能找到绝大多数题的，实在找不到就算了。\n\n我请了一次假，实践活动去了，最后考试认真写了但没找全，最后总评89。这门课是没有助教的，出卷子、判卷子等事宜应该都是罗佳奇老师负责，89分肯定是被捞了，十分感谢罗老师。所以说考虑到这门课没什么课后任务来讲，这课给分还蛮好的。\n\n说完课程要求，再说老师们的授课。老师们都是行业内大牛，硬实力肯定是很足，讲课的时候也很认真（尤其是罗老师，能看出来特别有对航空航天事业的热情）。其中掺杂一些不深的物理知识，并不会让大家望而却步。这门课就像是老师说的，也不需要了解什么太专业的知识，只需要让大家培养一点兴趣就足够了。从这一点上看，我觉得这门课办的还是蛮成功的，给老师打个10分，希望越来越好。
997,2955,宦荣华,2015-03-21 06:56:22,6,7,1,老师比较年轻
8096,2955,宦荣华,2015-09-17 03:31:32,22,29,7,老师太年轻啊，想到哪讲到哪，毫无条理...
8976,2955,宦荣华,2015-10-08 02:28:16,12,17,5,太年轻
9084,2955,宦荣华,2015-10-12 12:58:47,15,20,5,"这题@#...:@:?，"";\\)-_;_\%&<>¡|，呃……，我们换一题吧"
9939,2955,宦荣华,2015-11-13 02:57:25,11,14,3,太年轻的了
10620,2955,宦荣华,2015-11-20 16:29:21,11,14,3,老师太年轻啊，想到哪讲到哪，毫无条理...
11567,2955,宦荣华,2015-12-06 03:35:56,12,16,4,完全不会上课！
11891,2955,宦荣华,2015-12-20 16:16:35,12,15,3,完全不会上课！
13846,2955,宦荣华,2016-01-01 08:39:44,10,13,3,这尼玛什么老师
13984,2955,宦荣华,2016-01-03 10:48:58,5,9,4,不会上课
14403,2955,宦荣华,2016-09-12 15:48:08,11,14,3,可能多一条21号染色体。
14760,2955,宦荣华,2016-01-08 16:56:21,7,8,1,&、#&@……讲些什么都听不懂，一半时间在咳嗽……
14887,2955,宦荣华,2016-01-10 16:23:30,2,4,2,这个呀，嗑嗑...
15736,2955,宦荣华,2016-01-16 08:06:53,1,2,1,罢了罢了
16007,2955,宦荣华,2016-01-17 03:06:32,5,5,0,讲到一半，哎呀我这个弄错了，再回去接着讲，一觉睡醒还在讲同一道
18450,2955,宦荣华,2016-01-21 15:59:19,4,7,3,宁可大五再来也别修他的课，不然你会死的很惨！
18557,2955,宦荣华,2016-01-22 04:19:10,5,8,3,虽然教得很差，但是给我1.5过了。之前论教学打了1分，现在论给分再打一次10分。谢谢老师不挂之恩。希望你教得更好。
18934,2955,宦荣华,2016-01-22 23:42:37,0,7,7,可能上课有点乱，但是讲的还可以，想学好更需要自己课后整理，人不错，脾气很好，给分不错
20813,2955,宦荣华,2016-02-01 05:08:49,4,7,3,浙大之殇
36164,2955,宦荣华,2016-11-10 16:39:40,0,0,0,略略略
37222,2955,宦荣华,2016-11-18 02:57:09,3,3,0,老师，请您提升一下对大家智商和理解能力的估计～有时候您问“能听懂吗”同学们不做回应是因为我们觉得这个问题中的这个点太简单了，大家稍微想一下就明白了，不需要讲得那么详细。当然老师教得还是很认真的。
40198,2955,宦荣华,2017-01-18 08:51:31,6,9,3,老师很好！讲的也清楚，答疑耐心，不过希望课堂节奏能把握得更好些，有些地方慢了，可以花更多时间来讲题。差一分满绩，还是有些小遗憾啦
44735,2955,宦荣华,2017-01-18 07:32:28,3,3,0,老师给分很好，教的也很认真，赞一个！
44771,2955,宦荣华,2017-01-18 08:24:24,4,4,0,老师挺好的，坐前面仔细听，讲的比较清楚，不知道那些说老师年轻的是什么心态，年轻不好么？
44796,2955,宦荣华,2017-01-18 09:07:06,3,3,0,说真的很好，不知道为什么分数这么低
44843,2955,宦荣华,2017-01-18 11:19:10,-3,2,5,我基本听不下去，不知道是不是我的问题。\n\n我承认确实自己后来半个学期，平常课没有怎么听，作业也都是抄的，可是后来复习的时候我也是非常认真的，题目后来也刷的有感觉啊。也不知道怎么回事，考试的时候虽然感觉做的也不是很好，但是看到分数还是惊呆了，大学以来最低的绩点，好搞笑。哈哈哈
44915,2955,宦荣华,2017-01-18 13:36:09,-4,1,5,给分太低了\n\n\n\n
44974,2955,宦荣华,2017-01-18 16:36:15,3,3,0,老师上课内容可能有点散，但是是位好老师，讲课很细致，人也很好
46815,2955,宦荣华,2017-01-22 11:17:28,0,0,0,老师还是太年轻了
47704,2955,宦荣华,2017-02-19 16:01:56,6,6,0,大学第一门满绩 感恩
59810,2955,宦荣华,2017-09-27 06:50:07,1,1,0,老师人是好人，可惜上课不怎么熟练的样子。
65347,2955,宦荣华,2018-01-03 07:30:19,0,0,0,人超好
72667,2955,宦荣华,2018-01-30 18:36:32,0,1,1,谢谢老师，理力提前半小时交卷还上四了
72674,2955,宦荣华,2018-01-30 23:53:34,0,0,0,老师人真的很好，虽然讲课不咋滴。谢谢老师给过
72681,2955,宦荣华,2018-01-31 00:57:15,3,4,1,嘻嘻嘻出完分来评价！老师上课很仔细性子慢慢地还喜欢喝麦斯威！和我们相处方式贼和蔼啊很尊重我们的想法！给分也很不错了！虽然发现最后卡档了但这不是老师的错哇的确自己考试的时候也有一些不会的漏洞！好好上课把作业题都搞懂成绩不会差的！然后希望老师可以加快一点上课进度，第二本书的内容留的时间更充裕一点！anyway谢谢老师！给了十分！
72813,2955,宦荣华,2018-01-31 06:13:45,2,2,0,老师上课比较喜欢讲枯燥的定理证明，对学生很耐心，但有时候重点不突出，给分是真的好，理力乙考试本来也简单。平时的题目是真的难，考前刷课本最后满绩，挺惊喜的
72991,2955,宦荣华,2018-01-31 13:53:00,2,2,0,老师上课很可爱 上课脱衣服 头发都不怎么多上课挠头 讲得很清晰 认真听其实发现理力也没那么难 考得好与坏还是要看自己吧
72997,2955,宦荣华,2018-01-31 14:17:59,1,1,0,老师人很不错，关心学生，解答问题很耐心，但是上课节奏把握得不够好，重点不够突出。理力的话平时作业要好好做，期末考得比较简单。最后差一分满绩，给分很惊喜
101874,2955,宦荣华,2019-01-29 10:49:58,0,1,1,老师....求您快出分....最后一门考的画几都出了嘤嘤嘤....\n\n\n\n老师讲课一般吧....有一点点催眠，不过也还行。另外，理论力学乙期末开卷，但是老师等到快期末了才告诉我们开卷...希望老师可以早点说——之前一直当闭卷学的一把鼻涕一把泪啊！！\n\n（而且早点说开卷也可以早点准备啊...像我这种辣鸡，应该早点开始在书上做标记什么的QAQ  到期末再整根本来不及啊，其他考试太多了）
101898,2955,宦荣华,2019-01-29 14:42:21,2,2,0,老师上课讲解很仔细很清晰，而且非常负责，不明白为什么评分那么低
102042,2955,宦荣华,2019-01-30 06:38:14,0,0,0,上的老师的理力乙，真的还比较水的主修课，作业有几次没交，实验做的挺认真，考前多复习拿个期末好成绩，绩点很满意，老师超级棒！
141534,2955,宦荣华,2021-10-13 10:42:29,0,0,0,觉得老师上课挺清晰的应该，相比前几年改进了不少。来顶一顶～
147540,2955,宦荣华,2022-01-10 08:00:03,3,3,0,不点名，讲课很清楚，最重要的是给分巨好
147542,2955,宦荣华,2022-01-10 08:00:15,3,3,0,老师很好，刚出分来给老师打十分，平时小测做了，作业交了考试一般，被老师捞到了4.8，真的太感人了
147616,2955,宦荣华,2022-01-10 10:00:24,3,3,0,超好的老师呜呜呜呜呜呜\n\n本来以为理力不挂就是万幸，没想到老师海底捞把我捞到了85，给分好到不敢相信
147808,2955,宦荣华,2022-01-11 02:02:08,3,3,0,老师讲的很清楚而且给分还很好！快选
200491,2955,宦荣华,2024-10-17 14:50:32,0,0,0,老师给分很好！当初我是把看PPT看懂+记住重要知识点，作业题写完后通过老师给的答案全部研究懂，最后考试的时候差不多都能写一写。最后振动力学4.8！
208544,2955,宦荣华,2024-12-29 07:01:09,2,2,0,不点名，ppt提前给，每次作业都有答案与讲解（不像隔壁byd弹性力学），复习课也很好，给力，上课体验不错
213957,2955,宦荣华,2025-01-22 05:57:18,0,0,0,给分太好了，不知道从哪里抠出来的分数
176293,2983,王双连,2023-06-28 09:17:46,0,0,0,材力实验，任务不多实验报告一组只用交一份，最后4.5，很意外了哈哈哈
177371,2983,王双连,2023-07-03 05:07:23,0,0,0,好好好
178312,2983,王双连,2023-07-10 03:07:58,0,0,0,好好好
178949,2983,王双连,2023-08-04 11:33:31,0,0,0,好好好
193490,2983,王双连,2024-06-11 15:01:42,2,2,0,超级好的老师，脾气也很好，一个知识点问他，他能在线下讲一遍，还能在钉钉上讲一遍，而且是几乎秒回、心平气和的讲。\n\n超级super好（主要是互动下来感觉脾气很好）。而且不光给我讲怎么做，还会讲应用原理
193569,2983,王双连,2024-06-13 06:28:35,0,0,0,钉钉秒回，无限耐心，材力实验做的一坨屎也手把手教，牛逼无须多言
208179,2983,王双连,2024-12-26 05:18:08,0,0,0,好好好
211571,2983,王双连,2025-01-12 02:38:55,0,0,0,材料力学实验老师很有耐心，讲的也很仔细
141005,3002,张凌新,2021-09-21 02:38:24,4,4,0,讲课的语气非常催眠
199563,3002,张凌新,2024-09-25 11:20:20,3,3,0,在课上可以欣赏到雪豹的音道
14379,3010,吴昌聚,2016-01-06 15:25:10,17,20,3,上课特别认真，还很幽默，偶尔心灵鸡汤
17605,3010,吴昌聚,2016-01-20 13:07:44,5,5,0,不错的
19196,3010,吴昌聚,2016-01-23 12:52:46,8,8,0,老师上课挺好的，讲得也很清楚。平时学着不累，上课听懂就能独立做习题。但是这门课平时习题难度和考试难度有点脱节，真是分分钟教做人。不知道一向如此还是这是这次
21193,3010,吴昌聚,2016-02-26 04:51:10,3,3,0,难得的好老师，认真负责
25853,3010,吴昌聚,2016-06-12 07:43:00,1,1,0,认真负责的好老师，很有人情味。就是最后考试难度略高啊。。
50887,3010,吴昌聚,2017-05-08 04:45:38,3,3,0,好老师哦
59015,3010,吴昌聚,2017-09-19 07:57:55,3,3,0,超级好的老师
61850,3010,吴昌聚,2017-11-21 08:28:26,0,1,1,关心学生，但是上课不温不活。喜欢上课更有活力的老师。
64179,3010,吴昌聚,2017-12-21 08:12:32,10,10,0,老师人超级好，讲课也清晰，还很幽默。美中不足的是已经叫错我名字一学期了
70675,3010,吴昌聚,2018-01-27 11:02:26,3,3,0,非常棒的老师
70867,3010,吴昌聚,2018-01-27 16:00:43,0,0,0,很喜欢老师！！
71385,3010,吴昌聚,2018-01-31 11:37:57,1,2,1,很爱点名
71435,3010,吴昌聚,2018-01-28 12:37:04,4,4,0,因为人多所以老师不能面面俱到，但他真的很关心同学，问问题也很耐心的回答
71444,3010,吴昌聚,2018-01-28 12:50:03,2,5,3,工力相较材力，理力，简直是，呃，低了好几个难度等级。只要上课认真听讲，提前复习，基本上绩点就会很好看了。\n\n虽然简单，就算你不听讲也能懂知识点。但还是建议大家认真听听吴老师，第一。吴老师真的hin萌啊，在群里各种傲娇，活学活用，跃升表情帝；第二在老师面前刷波脸也是极好的呢
71849,3010,吴昌聚,2018-01-29 04:32:51,4,4,0,今天我们都是谁！
72232,3010,吴昌聚,2018-01-29 15:07:11,0,0,0,很有思想的老师，关心同学，不是死教书，能让人有启发，比较推荐！（ps 在群里说话很可爱的）
73296,3010,吴昌聚,2018-02-01 12:36:25,1,1,0,好好好
98088,3010,吴昌聚,2019-01-23 05:10:44,6,7,1,老师超级好，答疑热心，给分hin好，而且还在群里逗图( ^ω^ )
98116,3010,吴昌聚,2019-01-23 05:39:08,4,4,0,老师真的超级好，特别有意思，吴昌聚爸爸再爱我一次，超赞
98279,3010,吴昌聚,2019-01-23 09:08:07,2,3,1,回答了竺老校长的两问，赞?
98812,3010,吴昌聚,2019-01-24 03:21:33,0,0,0,很有趣的老师了（＾ω＾）
117311,3010,吴昌聚,2019-09-23 01:45:44,14,19,5,太简单了，我程浩宇满了。
117939,3010,吴昌聚,2019-10-16 09:52:32,9,13,4,太简单了，我胡四姐满了
126124,3010,吴昌聚,2020-09-18 01:55:42,1,2,1,第一节课他觉得自己很不错
131917,3010,吴昌聚,2021-01-29 09:56:55,-78,7,85,老师讲课挺好的。但是最后成绩只拿了88，均绩哗啦啦地掉，难受。
147720,3010,吴昌聚,2022-01-10 14:13:46,0,0,0,讲课很有意思，体验不错
165953,3010,吴昌聚,2023-01-10 13:18:39,0,0,0,神中神
175176,3010,吴昌聚,2023-06-22 07:07:27,1,1,0,太好了
181209,3010,吴昌聚,2023-10-11 13:18:04,2,11,9,写的工程力学课本，简直就是一坨！！！！！！！！！！！！
182573,3010,吴昌聚,2023-11-17 14:43:02,0,0,0,好好好
187292,3010,吴昌聚,2024-01-15 12:00:00,2,2,0,满分满分，太好了！
191515,3010,吴昌聚,2024-04-24 06:11:38,2,2,0,材料力学乙\n\n老师很好，讲的很清楚，会结合中国历史和一些日常应用来引入课题，还给同学们发薯片来探究材料力学，谁懂啊qwq
196699,3010,吴昌聚,2024-07-04 23:58:33,1,3,2,很好的材料力学乙  老师和我都满分
211563,3010,吴昌聚,2025-01-12 02:30:53,1,1,0,老师很好，虽然工程力学这门课事情有点多，但老师好捞
217342,3010,吴昌聚,2025-04-09 01:37:01,1,1,0,老师特别特别儒雅绅士，上课非常有趣，知识点讲的很清楚，特别随和特别好，满分
221137,3010,吴昌聚,2025-06-21 11:59:58,0,0,0,很好的老师！上课不单纯是照本宣科，会引入很多生活中的实例引导我们思考、结合历史文化等等，有节课还拿了欹器现场演示印象很深刻，上wcj老师课一点不觉得枯燥犯困！给分能看出来很捞！成绩比预想要高（虽然对佬们来说实则仍然很低但对于苯人已经比较满意了）
43720,3043,商宏学,2017-01-17 01:16:11,-4,2,6,给分不错的\n\n
52952,3043,商宏学,2017-06-24 05:04:24,-1,3,4,老师很注重实验。讲了很多和工程有关的材力的内容，比较开放。对待学生也不错，耐心。
64802,3043,商宏学,2017-12-27 07:35:23,-3,3,6,老师很严谨，很负责\n\n
79865,3043,商宏学,2018-06-14 13:56:32,4,7,3,力学的兄贵们………
117654,3043,商宏学,2019-09-28 01:42:41,7,9,2,全班绩杀，sb老师
135660,3043,商宏学,2021-05-18 12:28:05,9,11,2,我只能说这老师的前世可能是一把S1897\n\n四个小组，循环开喷，无限嘴臭，极致享受。我不知道我是怎么考上浙大的，我就想问问你是怎么来浙大的，靠嘴里的霰弹？
139154,3043,商宏学,2021-07-13 04:01:02,-1,1,2,给你个及格
156022,3043,商宏学,2022-06-17 06:58:53,5,5,0,材力实验别的老师都很好，就他不知道为什么极其暴躁，有同学读数的时候用手机给表盘拍个照被他骂得半死，简直莫名其妙
156473,3043,商宏学,2022-06-20 02:36:57,5,5,0,远离创新实验😅
158680,3043,商宏学,2022-07-01 08:56:08,1,1,0,航院管实验的那几个老师是不是都烟味剧烈、嗓门巨大、喷人一流、素质奇差？？
195032,3043,商宏学,2024-06-26 12:24:19,0,0,0,太傻逼了，教东西不好好教，去问他问题表现的贼不耐烦，还要骂你，给分绩杀
197268,3043,商宏学,2024-07-10 04:24:09,1,2,1,这个老师的脾气可能是没有其他材力实验的老师好，但感觉也没有像一些评论说得那么差，除非犯一些很离谱的错误，不然应该不至于挨骂；而且看得出来，他是真心希望学生能学到些东西。至于给分，我觉得还挺好的，我材料力学实验到期末连那几个很基础的实验的原理都还没完全弄清楚，最后都有4.5。
60997,3109,杜昌平,2017-11-06 15:33:34,3,3,0,很温柔很负责\n\n
172747,3109,杜昌平,2023-05-06 04:07:29,2,2,0,老师非常温柔～
182727,3109,杜昌平,2023-11-20 02:25:53,2,2,0,老师很耐心～
200809,3109,杜昌平,2024-10-23 01:22:14,2,2,0,老师很好哦~
203755,3109,杜昌平,2024-11-21 02:43:00,0,0,0,老师上课非常好，给分也不错~
218918,3109,杜昌平,2025-05-13 09:40:38,0,0,0,每节课点名，而且看得出来老师很想跟我们互动可惜没人理他XD
25168,3156,李振华,2016-05-06 13:53:51,1,1,0,666666
82656,3156,李振华,2018-07-09 02:28:56,-1,0,1,4.8
124322,3156,李振华,2020-06-29 07:53:45,1,1,0,好老师！人很友善，材力实验也悉心指导
166357,3156,李振华,2023-01-12 05:21:08,0,0,0,啥b东西 实验报告也能合作写的是吧
13508,3289,张文普,2015-12-28 21:02:44,1,2,1,很喜欢
87396,3289,张文普,2018-09-28 03:39:46,2,3,1,感觉讲的不太好\n\n
87768,3289,张文普,2018-10-12 02:14:29,0,1,1,搞笑君
87883,3289,张文普,2018-10-17 01:04:25,9,15,6,只念PPT，需要自己看书学
88372,3289,张文普,2018-10-30 00:58:31,1,2,1,好！！！！
88821,3289,张文普,2018-11-09 02:30:26,0,0,0,不错的
98512,3289,张文普,2019-01-23 14:03:42,2,5,3,张老师大好人！慈悲为怀、心地善良！\n\n理论力学高抬贵手，放我一马。\n\n话不多说，好人一生平安!
98589,3289,张文普,2019-01-23 15:25:51,2,3,1,感谢老师，虽然作业交（抄答案），点名也来，但是基本没听过课，期末考试基本没一道会的，虽然绩点也不是特别高，但我没怎么努力过，知足了。
98603,3289,张文普,2019-01-23 15:38:56,6,8,2,老师蛮好的，考试的时候居然还会跟上课做测试一样提醒你多写一点hhhh，上课也会开冷笑话，确实是念ppt，还是要基本自学。作业布置真的是迷，每次都是连续两个星期没作业，第三个星期布置巨多，怎么可能做得完…还有就是课件问题，一直拖着最后才给了所有课件，很影响学生自学…总之人蛮好的，就是给我卡绩了哭…
98688,3289,张文普,2019-01-23 22:37:44,2,4,2,全靠自学吧……均绩狂降0.05不过也不能怪老师，是我太菜? 而且卡绩了好难过呀
100236,3289,张文普,2019-01-26 00:10:46,2,2,0,均绩狂降0.1但老师人还是不错的，就是讲不好……
102887,3289,张文普,2019-02-24 23:44:15,2,2,0,我觉得还行\n\n
103005,3289,张文普,2019-02-25 10:05:47,2,2,0,老师人很好！
117889,3289,张文普,2019-10-08 01:23:46,-1,1,2,。。。
121075,3289,张文普,2020-01-19 12:31:04,1,5,4,老师笑点奇怪，上课随意加分，但工作严谨，也就是说考几分算几分.....不过老师还不错的 ，理力本来就硬
121653,3289,张文普,2019-12-10 09:41:52,1,1,0,突然发现我们去年没有搭桥。嘿嘿
122163,3289,张文普,2020-02-18 01:58:50,1,1,0,...
123660,3289,张文普,2020-06-11 08:06:51,2,2,0,老师讲的很严谨，句句有理，确实是有学问的老师，就是可能听懂课要求比较高？
126395,3289,张文普,2020-09-25 01:38:23,3,3,0,感觉老师讲的很好啊，思路和概念都很清晰，声音也很洪亮，还会讲笑话哈哈哈
132877,3289,张文普,2021-02-04 09:48:36,0,1,1,出分是真滴慢
133057,3289,张文普,2021-02-07 10:02:52,2,2,0,刚刚出分，感谢老师！！！海底捞真不是吹的
133529,3289,张文普,2021-03-02 01:11:28,2,2,0,这都能捞上来
137222,3289,张文普,2021-07-02 11:08:05,5,7,2,好老师，选到就是赚到。上课有意思，期末复习也很带劲。
137248,3289,张文普,2021-07-02 13:45:54,6,7,1,老师期末会带着大家一起复习，上了老师的材料力学，明天要考试了但非常不慌。老师很有悲悯之心的，只要大家有不想挂科的心，老师不会放弃每一个人的
148141,3289,张文普,2022-01-11 15:18:41,14,16,2,讲课so一般，但给分绝绝子，爱他～
148145,3289,张文普,2022-01-11 15:25:17,4,6,2,老师课讲的一般，给分超级好
148148,3289,张文普,2022-01-11 15:33:55,12,12,0,张文普老师，我滴大爹！理论力学给分海底捞给我看晕了。现在唯一的遗憾就是没能好好上他的课，惭愧
148180,3289,张文普,2022-01-11 23:23:17,3,3,0,给分很好～
150793,3289,张文普,2022-02-18 15:31:08,8,8,0,讲课思路很清晰，回到问题很耐心，风格幽默生动。
154801,3289,张文普,2022-06-05 13:35:25,5,5,0,老师是一个很好的人，讲课也不错，期末考前专门每周开习题课在钉钉上讲解题目。我太感动了，老师太负责了，为人师表。
156755,3289,张文普,2022-06-21 02:00:41,3,3,0,老师人超好，声音洪亮，还会讲冷笑话，课上得也好，还会带我们复习。考前还有习题课，虽然我一次都没听。老师真的好努力捞我的平时分…
158316,3289,张文普,2022-06-28 09:04:50,1,1,0,虽然老师点名但是会提醒到场，老师很认真负责，给分也很好！作业也不是死板严格要求时间什么的，但是这门课我的感觉还是要认真学的，哪怕不从事本专业行业在后续一些课程里面还是有用的！感恩老师！
164406,3289,张文普,2022-12-21 01:41:47,17,18,1,老师阳了还忍着给我们上课，声音也努力维持平时的洪亮，真的很敬业哇。平时也很及时回复消息，因为是网课觉得我们效率不高还专门给我们上习题课，很负责！！
164831,3289,张文普,2022-12-26 12:29:21,10,10,0,老师人好好啊，很真诚的一位老师，真的有在努力为学生们争取线下考试，还专门另外为大家开设了习题课，阳了也忍着身体不适声音洪亮地讲课，大家在群里的问题也很耐心地回答。虽然理论力学好难啊，但老师真的很好。
165102,3289,张文普,2022-12-29 06:51:42,4,4,0,我TM吹爆，我就问你实时回答你问题的老师爱不爱，不会因为你蠢笨如猪的问题而已读不回，理论力学这种科目终归是要自己学的，给分还没考试，但学习过程，我还是很推荐的，读PPT，工科教学日常习惯了
165571,3289,张文普,2023-01-08 12:37:51,-6,1,7,。。。
170395,3289,张文普,2023-03-03 13:48:25,4,4,0,老师人真的很好很负责\n\n我因为没好好学而产生了强烈的负罪感（）对不起老师是我的问题\n\n三千年后一具骷髅坐起来把自己一巴掌拍碎了
170523,3289,张文普,2023-03-06 06:08:40,2,2,0,老师很负责，很耐心
170524,3289,张文普,2023-03-06 06:19:12,3,4,1,给分是真的好啊，感谢老师。上课也很有意思
170533,3289,张文普,2023-03-06 07:10:02,1,1,0,给分好啊，期末的时候还课外线上讲历年卷，很负责
170541,3289,张文普,2023-03-06 08:55:41,6,6,0,给分超好，我哭死了，其实感觉自己有几个题没做对，但还是被老师捞满了
170565,3289,张文普,2023-03-06 14:29:45,3,3,0,爱死zwp老师了呜呜呜，给分太好啦，人也很好，很关心学生，认真负责
170577,3289,张文普,2023-03-07 01:40:39,2,2,0,给分无敌好，认真负责
170594,3289,张文普,2023-03-07 04:13:43,3,3,0,不知道怎么评价，没见过这么好的老师
170595,3289,张文普,2023-03-07 04:46:07,3,3,0,讲课清晰，给分无敌好，超级负责
176721,3289,张文普,2023-06-30 00:56:02,0,0,0,好老师，你很温柔，讲课也很好，也会捞你
182226,3289,张文普,2023-11-13 02:57:52,3,3,0,讲课清晰，会尊重同学意见，时不时一句小玩笑，还会给学生省作业，超负责，我真不知道这么好的老师哪里找，10分满上！
186511,3289,张文普,2024-01-11 12:06:21,2,2,0,超级好的老师，各方面的好，超级负责，超级……（太多了）
186818,3289,张文普,2024-01-13 07:15:27,3,3,0,张老人真的好吧我说。感冒了来给我们上课，还给学生鞠躬道歉。上课时不时幽默一下。线上测试没来得及做和张老商量马上就给延了一周时间，我真的哭死。
187069,3289,张文普,2024-01-14 09:55:58,1,1,0,老师特别好…讲课很好也会听大家意见
187822,3289,张文普,2024-01-17 14:00:11,5,5,0,我知道老师讲课水平其实比较一般，但是你见过一直坚持声音洪亮，极度尊重同学们的选择，期末专门开设复习课把题目讲的很透，即使生病也来坚持为我们上课，选择大作业还帮你修改帮你提建议帮你期刊投稿，问简单甚至有点傻的问题还极度耐心为你解释直到你弄明白，给分还巨好马里亚纳海沟捞的老师？听我一句，选他就对了！我打赌你不好好听课期末绝对后悔没认真听课，觉得对不起老师对这门课和同学们的认真负责！张老师我吹爆！！！
188917,3289,张文普,2024-01-20 15:43:05,7,7,0,老师真的超级超级好，非常负责还很温柔，考前还会给我们上线上复习课，考前也会温柔的鼓励大家，平时分更是不遗余力的捞人。我真的是从一个什么都不会的状态靠着他的复习课慢慢摸索到了窍门，最后被老师捞到了4.5最后一档。真的非常非常非常感谢！！！！老师真的是我上大学以来遇到的最好的专业课老师😭😭😭
189004,3289,张文普,2024-01-21 07:33:50,2,2,0,很好的老师，无论是上课还是给分，平时也会讲习题课，总之选就完了
193781,3289,张文普,2024-06-18 04:54:40,1,1,0,声音洪亮，期末还有习题课，真的很好的老师
199967,3289,张文普,2024-10-10 01:43:00,1,1,0,很好的老师
200983,3289,张文普,2024-10-26 03:26:53,-10,1,11,呵呵呵
202967,3289,张文普,2024-11-15 13:04:56,6,7,1,老师真的很好。理力挺难的，但因为是老师的课所以我困死也要爬起来上早八。老师上课很认真，基本上每个知识都有有趣的生活情景引入，也会讲一些小笑话。跟老师反映应作业截止太快，老师也在群里仔细解释并做出调整了。总之就是很温良的人（哭
202981,3289,张文普,2024-11-15 15:27:01,-3,3,6,高中自学竞赛省二，基本都是靠力学题拿分，上了zwp老师的课真的很遗憾没能在高中听到老师的课，不然说不定就省一了。（bushi）真的讲的很细致很清楚，应该是我来浙大这么久见到的最认真上课的老师，十分！
204577,3289,张文普,2024-11-27 01:47:08,10,10,0,希望他身体无恙
208641,3289,张文普,2024-12-30 10:10:19,1,1,0,ddd
209101,3289,张文普,2025-01-04 13:11:05,3,3,0,😭😭好老师
211782,3289,张文普,2025-01-12 12:02:50,2,2,0,老师不仅授课好，而且为人也十分温和儒雅，颇有君子之风
211952,3289,张文普,2025-01-13 02:42:37,3,3,0,见过最好的老师！！！
212429,3289,张文普,2025-01-14 03:57:03,2,2,0,这个学期唯一全勤的课，张老师上课讲的很好，很细致，回答问题也很耐心，给分也很棒，是一个很有人情味的好老师!!!
212437,3289,张文普,2025-01-14 04:07:06,2,2,0,神！张老师讲课声音非常洪亮，期末还有复习课。而且很关心学生，平日里经常问他问题，他都会耐心解答。美中不足是他的习题课很多题目不给答案，只讲思路，但是这个因人而异吧。期末给分巨好，必选！
212458,3289,张文普,2025-01-14 04:44:11,2,2,0,很好的老师
212465,3289,张文普,2025-01-14 04:59:11,2,2,0,老师给分好，会捞人，考试前还特意给我们额外上了两节复习课。讲课还好，声音比较洪亮，但是理论力学很难的，还是要自己好好学
212482,3289,张文普,2025-01-14 05:18:26,5,5,0,省流：很好的老师，非常非常推荐选\n\n老师非常负责，全心全意地投入到教学之中，即使突发身体不适也坚持把课上完。钉钉发消息基本上秒回，而且在考完后还乐意与你讨论题目（这样的大学老师我还真是第一次见到），考完还在群里发得分率较低的题目的讲解。课堂上老师声音洪亮，思路清晰。\n\n老师给分很好，理论力学期末改卷应该是每个老师各改各的，老师的捞力极其惊人，是我无法想象的水平。
212523,3289,张文普,2025-01-14 06:36:52,1,1,0,普神！！！
212653,3289,张文普,2025-01-14 10:54:00,2,2,0,老师特别好，讲课声音洪亮，在考试周还会准备线上复习课，钉钉上找老师问问题每次都会在五分钟之内回复。张老师的班本身属于线上线下教学，平时分有智慧树部分，相当于直接送分，另外老师期末考给分真的无敌好，大爱，无脑放心冲！
212719,3289,张文普,2025-01-14 14:38:26,0,0,0,老师真的很好很好很好很好，理论力学得学习绝对颇有收获！
212973,3289,张文普,2025-01-15 11:27:42,0,2,2,zwp真的非常捞，四道大题两道出不来，最后捞到4.8，伟大无需多言！！！普神！！！
213190,3289,张文普,2025-01-16 09:05:09,1,1,0,好老师，伟大无需多言
215379,3289,张文普,2025-02-25 14:19:39,1,2,1,神中神
219006,3289,张文普,2025-05-18 07:52:28,-4,0,4,不想说
219708,3289,张文普,2025-06-04 11:12:13,2,2,0,特别好的张老师！上课声音很洪亮，思路也很清晰，课后问问题也会很认真地答复！还给期中考试考得好的同学发了奖品，好老师www
220294,3289,张文普,2025-06-17 07:24:09,1,1,0,好老师，无须多言
220295,3289,张文普,2025-06-17 07:25:20,1,1,0,噗噗真的是好老师，点名只是学校要求的指标，伟大。
220478,3289,张文普,2025-06-18 06:49:18,2,2,0,神，无需多言，选就对了，最有人情味的老师，上课极好给分极好
220521,3289,张文普,2025-06-18 10:55:03,0,0,0,神！材料力学都选他好吗 上课好给分巨捞
221850,3289,张文普,2025-06-27 01:26:20,2,2,0,在人基课程设置种种不合理的情况下，老师很为学生着想，狠狠地捞了一把
221892,3289,张文普,2025-06-27 07:53:47,0,0,0,太捞了
10513,3428,王永,2015-11-19 10:37:29,39,51,12,这是我上过的最好的物理老师，一个把物理课讲成哲学课的老师，思路清晰，循序渐进，经常给我们一些小问题，很锻炼我们思维。感谢王老师
12998,3428,王永,2015-12-24 13:01:51,1,3,2,\n\n\n\n\n\n\n\n\n\n
14730,3428,王永,2016-01-18 01:06:24,7,11,4,不知道怎么给的
15230,3428,王永,2016-01-13 02:04:13,11,19,8,讲的内容很深刻，很有批判性，很重视基础和原理的推导，不过有些脱离考试范围。教育理念听新颖的。（ps：这个老师是教理论力学和高等动力学的啦，不是教俄语的那个）
16306,3428,王永,2016-01-18 01:19:14,-1,5,6,挺好的一个老师
18058,3428,王永,2016-01-21 07:14:18,-2,5,7,上他的课，学的很轻松
20148,3428,王永,2016-01-26 08:59:45,6,10,4,讲的我一愣一愣的，很有意思
21291,3428,王永,2016-02-28 03:12:08,0,4,4,特别好
23543,3428,王永,2016-04-05 11:54:28,-1,1,2,123
23779,3428,王永,2016-04-16 11:37:04,2,4,2,66666
24194,3428,王永,2016-04-28 07:37:10,19,25,6,(最后一年的高等动力学)你们要是敢挂科让我出一份补考卷，你们就完了。
28713,3428,王永,2016-06-28 12:44:33,0,2,2,爽，真爽
33033,3428,王永,2016-09-10 09:03:00,-26,7,33,自以为是
33234,3428,王永,2016-09-16 05:08:57,10,12,2,把理论力学课讲成了哲学课，上课很有启发，感觉哪节课不听都会很亏的样子，不由自主认真听讲
35369,3428,王永,2016-11-09 09:56:17,10,12,2,高考语文作文名言警句素材课，顺便讲点理论力学，简直男神。
42522,3428,王永,2017-01-14 10:48:57,4,6,2,永哥是我在大学里遇见的最好的老师，他就是我男神！！！
47697,3428,王永,2017-02-19 00:46:11,0,3,3,至今为止本人遇到最好的老师^ω^，感谢王永老师，可惜本科阶段他的课就理论力学
60682,3428,王永,2017-10-26 11:57:41,-1,1,2,有意思
64418,3428,王永,2017-12-23 11:36:44,8,8,0,我太辣鸡了，老是跟不上老师的思路，哭哭。
72118,3428,王永,2018-01-29 11:25:30,0,2,2,6的飞起
82331,3428,王永,2018-07-09 16:05:11,2,4,2,是上理论力学的王永老师\n\n真的在钻研在摸索 是大学以来遇见的最好的老师
93811,3428,王永,2019-01-14 01:53:28,2,4,2,主要听故事  业余听理力\n\n
99080,3428,王永,2019-01-24 08:45:01,10,14,4,一开始上课觉得他在吹逼，上到后面发现woc这老师有点东西的，真的是有点东西
99087,3428,王永,2019-01-24 08:51:34,8,10,2,我只能说，王永老师是真的做教育的，不仅能把课教好，重要的是教会了你如何解决实际问题，如何做学术，如何过好一生，要有独立的思想，有自己的判断，他教会你的可能对你拿奖拿荣誉没有直接影响，但是他教会你的会为你的人生带来一些改变。
99567,3428,王永,2019-01-25 03:27:45,5,7,2,像王永老师这样的好老师可遇不可求啊，跟着老师好好练，好好想，好好学，理论力学可以满的
102569,3428,王永,2019-02-09 09:00:48,2,6,4,听勇哥的课，除了课本上的东西，还能学到这些东西是怎么来的，用在哪里，意义是什么，除了这些，捎带还会告诉你是谁发明的，这个人还发明了什么牛逼的东西，顺便还能学到点哲学。总之，上课铃响，开始膜拜，下课铃响，意犹未尽。感谢勇哥给了我进浙大以来的第一个满绩。
118147,3428,王永,2019-10-22 00:51:10,6,8,2,我呆了 眼神锐利头脑清晰 他好帅
119038,3428,王永,2019-11-14 02:53:40,-11,7,18,觉得自己啥都对，其他都错，动不动就说学生白学了。实在不喜欢这种风格
121184,3428,王永,2020-01-20 02:59:53,2,4,2,从不点名，听课靠自觉，真的吹爆，改题重过程，答案不care
121699,3428,王永,2020-01-21 02:21:59,1,2,1,好好好！
131731,3428,王永,2021-01-28 15:43:56,13,16,3,今晚出成绩了，先给永哥10分满上。\n\n其实上课的过程中，我也大概是清楚一点永哥的教学想法的，他不会给你直接点透，而是讲到最后一步，让你自己去想。老实说，这样的学习让我前期都非常痛苦（然后看到绩点顿时满血复活）。我是考前答疑的时候去问老师问题，才算是把理论力学学会了一点点。就我的感觉吧，永哥这样的老师，你听他讲，不跟他互动，确实是会懵逼的，但是和他面对面讨论的时候，你就会感觉：这个人思路怎么这么清晰的/这个人好厉害啊。他的力学思想是有一个框架的，这个框架不拘泥于教科书（你不管跟他提出怎么样的野路子思想，只要可行，他都会说可以，而不是说按照公式去做）\n\n写给后来者：永哥用的是刘又文的教科书，和别的班不一样。永哥课上的作业题，讲真，要是自己能全部做完，那应该很大概率是满绩，我是好几章的作业全都拖欠到最后一次交的，而且还有好多题目不会做，最后成绩还挺高的，不敢想象全都会做的大佬是怎么样的。永哥的给分非常好，我这届永哥的班级好像考的非常好，大家都很高，也就是说，就算你觉得自己学得很懵逼，其实还是从永哥那里学到了东西的。\n\n对于历年卷：真的真的建议做！虽然永哥是不提倡刷题的，但是我个人觉得为了绩点，不寒碜是吧。（算是写给学理论力学的学弟学妹们吧）\n\n永哥的讲课，看的出来他是很有趣的（比如讲过咋瓦鲁多，修仙小说的剑修之类的），但是我太菜了，他上课我很难跟上（具体表现为每一句话都能听懂但是上完一节课却感觉自己啥都没学或者课上赶作业），建议学弟学妹们好好预习。不会的题可以去问永哥，他人很好的！（钉钉上问他会让你发群里，lz试过一次之后感觉好羞耻，建议面对面直接问）\n\n最后，我真的吹爆永哥！\n\n（写完之后刷新一下发现评论没了？吓得我赶紧翻历史记录复制了一下，如果看到两条一样的长评论不要骂我wwww）
131749,3428,王永,2021-01-28 17:09:31,-2,2,4,回楼上，作业题没有全部会做，也满了；当然可能和今年考试比较简单有关系吧
133784,3428,王永,2021-03-05 09:28:59,0,2,2,好老师，感恩永哥～
144495,3428,王永,2021-12-22 01:25:05,2,6,4,你以为我只在上力学课？我还收获了美学和哲学。强推
145764,3428,王永,2022-01-01 15:01:03,-1,2,3,吹永哥的评论太多了，当时就没评。\n\n去年修的理力，拿了100，而且是考试当晚出的分（本来就是考试周最后一天），激动得甚至发了pyq；和其他几楼说的一样，平时作业并没有全会做，除作业外唯一的创新实验也做得挺简陋的，不过当时想出的点子倒是至今回味起来都很满意。\n\n回想起他课上说的：“一门考试拿100和99、98完全不一样，100会给人一种自信，当然老师也是不会随随便便给出这个分数的。”感谢永哥，这个分数确实激励我继续努力着。\n\n他课上不止一次和我们谈教育，不知道今年的最后一课还有没有鲁迅先生的那篇《导师》。\n\n当然我不是只因为这个分数，一年之后回来追评的。\n\n一年之中，大大小小不少基础课、专业课，遇到的老师很多，也有许多老师授课好、为学生考虑或者在某方面对我很有启发的，只是再没有一位老师让我像听他的课那样专注地思考过，真的没有。以至现在考试周，我竟会拿出他最后一节课的录音来听，“啊，复习课竟也可以像这样的思维缜密、要点精炼吗”，这样感叹。\n\n害，又在摸鱼了。祝看到的uu都考个好成绩吧，永哥打分真的不用担心！
146171,3428,王永,2022-01-05 15:28:02,-1,4,5,到了大三上流体力学的老师在一个昏昏欲睡的午后问“大学老师上课有不无聊的吗？”下面一片回答：材料力学的王永老师........
146624,3428,王永,2022-01-07 05:45:56,-2,2,4,循循善诱，带我重新认识了物理，认真听课考试都不是事儿。
147051,3428,王永,2022-01-08 14:01:00,1,3,2,老师是好老师，但是我学的太菜了，可能上课自己跟不上吧，看到大家都考的不错，我也应该分析一下自己的问题。。。
150237,3428,王永,2022-01-21 00:04:03,2,6,4,从今年开始，老师给分就没那么好了，\n\n身边的同学很多都被绩杀了，总之慎选吧。
154476,3428,王永,2022-06-02 01:21:04,0,1,1,好好养
157548,3428,王永,2022-06-23 16:48:49,2,5,3,大学以来遇到过的讲课水平最高的老师，没有之一，平时也不点名，理力就选他
170480,3428,王永,2023-03-05 13:55:58,4,7,3,永神的理力要好好珍惜啊\n\n这样的课可能这辈子都遇不到第二次了
187761,3428,王永,2024-01-17 10:07:41,4,7,3,理力选永神就是爽，上课爽，出分爽，永神下学期为什么不开材力😭😭😭，太喜欢永神了，来浙大一来第一个用上课水平征服我的老师。（ps:永神还是个二次元哈哈哈，这个真是没想到，上课上着上着忽然来一句动漫确实很提神🥰）
187875,3428,王永,2024-01-17 15:58:16,-2,0,2,永神！
188949,3428,王永,2024-01-20 18:28:25,-1,1,2,神！！！
189518,3428,王永,2024-01-25 07:27:50,-1,1,2,可以的
190553,3428,王永,2024-03-08 07:48:21,-2,1,3,永神！！！认真学永神的理力力学水平不知道上升多少层次！！！而且给分超好！！！
191549,3428,王永,2024-04-24 14:15:34,1,4,3,王永我的神\n\n理力满绩给20分\n\n下学期不开材力扣10分\n\n永神没有你我材力怎么学啊😭😭
201780,3428,王永,2024-11-06 07:32:10,4,7,3,是理论力学的王永老师。先说结论，是对于认真听课的学生们来说神一样老师，真的让人非常舒服！给予学生、自己、这门课程足够的尊重和重视。只要你第一节课愿意听下去，那么之后所有的课不管是不是早八不管是什么天气你都会很乐意去教室最前排聆听王永老师的课。在课上你能听到他平时的爱好（漫画，世界时事，科研前列），他和女儿平时的互动（会从题目里联系出去，很有意思），他对于历史上某个名人的膜拜以及这个名人还做了什么。为什么说要认真听课才能感受到呢？因为王老师讲课不按照教材，而是用一个自己的，更加合理清晰的，更循序渐进的顺序来讲，同时还会指出书中的错误，并且在讲到后面的某个点的时候会告诉我们这和之前某个点的联系，真的是醍醐灌顶的感觉。讲课时的逻辑极其明确，语速适中口齿清晰情绪饱满，充满对于某个题，某个知识点乃至某个解法的喜爱和热情，可以完全让整个课堂的氛围都沉浸其中。课后作业属于考试*1.2左右的难度，去问他，他不会直接告诉你答案，而是会通过启发的方式鼓励独立思考，并且会在群里发起讨论，鼓励同学质疑，解惑。课上例题会从0.8难讲到1.5难，而多出的这部分超纲内容的推导会在王老师口中变的极其易懂，每次看到一道难题的第一感觉就是很期待王老师将过程讲完的那一刻，很爽，听的真的很爽。唯一小小小小问题就是王老师会在一些很清晰易懂的地方停下来问我们有没有听懂（两节课大概有5、6次），但是大学生嘛，你懂的，互动能力都比较…内敛？所以王老师就经常会将一个大家都懂得地方重新在黑板上讲一遍，说白了还是太负责了，非常负责的好老师，来浙大目前遇到的上理论课最舒服的一位超级好老师！！！
203248,3428,王永,2024-11-18 11:13:13,3,6,3,讲课的精彩程度是一年半以来遇到的所有老师之首，问问题或者提想法时永远都会给人以鼓励，心中最完美的老师
204168,3428,王永,2024-11-27 04:22:33,-1,3,4,老师很好
205678,3428,王永,2024-12-11 05:36:19,27,29,2,“讲射雕英雄传，你们不懂”\n\n​“讲二次元，你们也不懂”\n\n​“讲力学，你们更不懂”\n\n​“讲原神，这个我不懂”
206391,3428,王永,2024-12-14 20:03:27,0,4,4,讲课水平很高
208549,3428,王永,2024-12-29 09:05:24,1,5,4,老师很厉害
208682,3428,王永,2024-12-30 18:30:44,3,8,5,永神，我舍不得你😭😭永神，我舍不得你😭😭永神，我舍不得你😭😭永神，我舍不得你😭😭永神，我舍不得你😭😭永神，我舍不得你😭😭永神，我舍不得你😭😭永神，我舍不得你😭😭
213056,3428,王永,2025-01-16 01:48:58,2,7,5,听他的课，有一种拨云见日，如听仙乐耳暂明的感觉，还不让学生卡绩，这样的老师哪找
213086,3428,王永,2025-01-16 03:32:07,1,5,4,理论力学wy老师，先说结论：给分好\n\n或许学的时候你会像我一样质疑自己为什么选了这个好像不管应试的老师，但是迷茫应该是暂时的。老师所传达的思维思路，书上所没有的，最后会在你期末复习的时候重新连贯起来。大家都在做题套模型的时候，你做题会以更高的视角去审视，思路是一下子就有的（老师的话讲，叫做题目一看就应该是这样的）。然而题目不能光有思路，自己不能眼高手低以为自己会了，理论力学还是有很多计算量需要去攻克的。\n\n再说上课，老师的上课是极为精彩的，但是要注意老师上课按照自己的体系推进，基本不按照教材，所以跟不上也是常有的事。但是不要放弃，好像是天书，好像是不考的数学理论，也要想办法去听懂老师讲的东西（不会起码要知道老师在干什么），课后再自己尝试完成作业（作业有难度的，我基本是错一半以上，但不要紧老师平时分应该好的），不管是思维提升还是应试需要，最后都会发现轻舟已过万重山。
213391,3428,王永,2025-01-17 07:26:44,-9,2,11,好老师 但是我认为他是出生
217670,3428,王永,2025-04-15 02:59:12,-1,0,1,好👍
218388,3428,王永,2025-04-23 06:10:07,2,2,0,讲课水平高，讲的难。
220309,3428,王永,2025-06-17 08:06:06,0,0,0,很好，十分好
22715,3521,庄国志,2016-03-10 06:25:19,5,12,7,男神男神男神！台湾腔好温柔的说(´･ω･`)
23805,3521,庄国志,2016-04-17 10:27:16,-2,2,4,独特的方式给你极大的兴趣，当然condom除外
25165,3521,庄国志,2016-05-06 13:50:24,-2,1,3,6666666
28771,3521,庄国志,2016-10-31 06:01:22,6,9,3,为何删我评论？？学生有没有表达自己意见的权利？？
32672,3521,庄国志,2016-07-09 06:05:55,0,2,2,超好玩
75201,3521,庄国志,2018-03-08 02:52:52,5,6,1,超可爱的湾湾腔
76204,3521,庄国志,2018-03-29 03:12:24,0,0,0,“I will follow you”
76310,3521,庄国志,2018-04-03 00:18:06,17,17,0,除了台湾腔别的也就没啥了
84761,3521,庄国志,2018-07-13 22:38:31,0,1,1,台湾腔太好玩了 老师很喜欢漫威电影 好喜欢画画 很萌
108946,3521,庄国志,2019-06-04 14:06:48,2,4,2,偶尔脑子瓦特会说出tw和中国这种话……不过整体来说老师还是比较好的
143731,3521,庄国志,2022-02-09 16:09:28,0,1,1,庄国志
152315,3521,庄国志,2022-04-03 08:43:21,4,4,0,每一次实验失败他都会感谢上帝
172280,3521,庄国志,2023-04-24 06:56:47,3,3,0,不读PPT改读书了
174386,3521,庄国志,2023-06-11 12:45:56,6,7,1,上课真的不太行，感觉逻辑性不强，而且不注重概念，跳跃性很大，感觉还没上课就开始讲题目，慎重！
176304,3521,庄国志,2023-06-28 10:30:16,1,2,1,老师人很不错的，讲课可以很认真负责，给分也很捞
180457,3521,庄国志,2023-09-21 17:57:27,6,6,0,来海宁教数学了，逆天
195229,3521,庄国志,2024-06-27 10:03:11,0,0,0,不错的，人很和善，课讲得一般，很谦和
204683,3521,庄国志,2024-11-27 10:24:50,1,1,0,“同学们，这次考试题有点多，我给大家延长一个小时考试时间。”
55673,3531,潘定一,2017-07-02 06:56:02,0,0,0,先试试水 再看期末多少
74536,3531,潘定一,2018-03-03 05:50:23,0,1,1,给分还行
108986,3531,潘定一,2019-06-05 05:43:12,0,0,0,这nm也太硬核了。。。
114009,3531,潘定一,2019-07-08 08:11:50,0,1,1,很和蔼的老师，课程作业量确实挺大的认真做给分肯定不错
124869,3531,潘定一,2020-07-14 04:49:02,1,3,2,大一提前修科学计算导论，绩点4.8。总共用来学习的时长不超过40小时，主要是作业耗时长，不要拖到ddl。
153981,3531,潘定一,2022-05-18 11:27:57,1,4,3,还好，比较推荐，作业量还好
159047,3531,潘定一,2022-07-05 06:48:33,0,1,1,作业真的多
192681,3531,潘定一,2024-05-28 01:06:23,5,10,5,对于科学计算导论，想学matlab的建议自学，没必要上这个课。课堂与作业完全是两个级别，上课内容并不支持完成作业
195218,3531,潘定一,2024-06-27 09:17:21,1,3,2,事多，任务难，平时作业任务大的要命，期中考试是突击的，还有手写代码\n\n另外我实在想不通大作业延期是什么操作，好好的结题报告变成中期检查了，一门非考试课的战线拉的比考试课都长，搞得我们考完试了还不得安宁，无语住了属于是
196503,3531,潘定一,2024-07-04 00:50:12,5,7,2,事多分不高
196607,3531,潘定一,2024-07-04 08:26:21,1,3,2,emmm作业感觉不像是正常学能写的
196730,3531,潘定一,2024-07-05 02:27:57,1,1,0,chatgpt救了我一命
197025,3531,潘定一,2024-07-06 18:01:32,2,2,0,事多，没期末考但有个期中测试，分还行
197153,3531,潘定一,2024-07-08 07:39:49,-1,1,2,讲课非常无聊，作业巨多，一周要花半天多时间编程，没有期末考试，但是有个大作业需要展示，给分一般般3.6
220752,3531,潘定一,2025-06-19 13:55:38,0,0,0,有期中考试和大作业，今年的大作业是展示一个ai在科学计算中应用的例子。平时作业有点多并且想完全自己写难度有点大，和上课讲的关系也不大。但给分还行够用
118165,3567,韩波,2019-10-22 03:00:36,5,10,5,纯念ppt，还是自己看吧
143590,3567,韩波,2021-11-28 06:56:43,6,13,7,上的是理论力学乙。超级好的老师。态度特别认真，作业布置得很少，但是作业题一般会一题一题地讲，并把你作业每一个细节错误都标出来; 非常注重解题的细节和步骤;对没交作业的同学，会一个一个私聊确认情况; 没取回的作业，会托同学捎回去;特别温柔特别有耐心; 从不点名; 没有期中，小测会提前两周在群里通知大家（包括时间、考试范围），并且通知多次防止有人遗漏;小测时，看很多人没有写完，会延长一些时间尽可能保证绝大部分人都做完。\n\n楼上说老师讲课不好。其实是平均水平，不好不坏。老师的PPT内容很全，如果只看PPT，并且按照老师对于解题步骤的规范要求去做（PPT里面的步骤一般是严格按照老师的要求写的），其实也是可以的。
144824,3567,韩波,2021-12-25 01:07:20,-6,4,10,太棒了。听说你问他问题，他会直接给你打语音，耐心讲解。除了给分不知道怎么样，其他方面几乎完美了。小测的给分貌似还挺好的
148253,3567,韩波,2022-01-12 04:45:56,9,11,2,韩波 = 憨逼😅
148857,3567,韩波,2022-01-13 18:41:12,13,13,0,给航院选自动控制原理的学弟学妹们提个醒：虽然自控在培养方案上是个性课，但是它是算在主修里面的，而且是3分，这门课又比较难，期末考占比70%，比较容易拉均绩，选课要慎重！
148991,3567,韩波,2022-01-14 06:08:18,20,24,4,在出分之前，他一直是我心目中最好的老师。各方面完美。可惜出分后，才发现他给分很求是 。。。出分后群里谢谢老师的人不多，可见给分确实不好。
173776,3567,韩波,2023-06-02 14:00:13,0,1,1,老师性格很不错，相对给分也很好，不过授课可能有些催眠，记得课下多多复习，考前多准备准备
179882,3567,韩波,2023-09-20 02:51:36,6,6,0,呃，航院有两个韩波老师
201077,3567,韩波,2024-10-28 07:34:19,1,1,0,呵呵，飞推所个个都是极品
218578,3567,韩波,2025-04-25 02:23:20,0,0,0,有两个韩波老师，控制器原理和理论力学乙都不是一个人上的，理论力学老师确实特别好，耐心负责，解决问题很有耐心
109855,3623,雷华,2019-06-19 23:13:48,0,0,0,很专业
139153,3623,雷华,2021-07-13 04:00:39,0,0,0,专业！
153607,3623,雷华,2022-05-05 15:38:45,2,2,0,好老师，很专业很细心，与隔壁究极喷子蛇皮形成了鲜明对比
155336,3623,雷华,2022-06-11 05:39:59,3,3,0,喜欢，很耐心，我周末在实验室做实验老师也一直在那提供解答和帮助
193049,3623,雷华,2024-06-03 04:01:50,0,0,0,满分！
23801,3626,王高峰,2016-04-17 10:15:02,0,1,1,6666
25160,3626,王高峰,2016-05-06 13:47:24,1,3,2,给分好
25733,3626,王高峰,2016-06-06 02:48:14,1,1,0,6666666669999999
26273,3626,王高峰,2016-06-16 13:04:58,3,3,0,说真的，好老师，非常有礼貌，水平也不错，讲课还行
77102,3626,王高峰,2018-05-02 06:06:46,1,1,0,航概保佑
78394,3626,王高峰,2018-05-11 09:19:24,1,1,0,爽的一比
131779,3626,王高峰,2021-01-29 02:15:08,2,2,0,航概太爽了课好给分好事少
145088,3626,王高峰,2021-12-27 10:34:56,1,1,0,今天路过教室看到墙上贴满了空难的展示海报，真的羡慕了。去年上的这门课都是纯讲课
149506,3626,王高峰,2022-01-15 16:11:14,1,2,1,上了航空航天导论，对老师按专业分组展示感到些微无语，因为可以看出评价的时候标准都是不同的。文科生慎选这门课，除非你把教材从头到尾看得很熟，否则开卷考也找不到那些陌生的名词。老师，我比较有怨气的一个点在于您给的题库里没有简答题，这让刷完题库的我感觉被戏耍了。本来想转专业，因为这门课大概也是不能了。
165777,3626,王高峰,2023-01-09 16:05:08,0,1,1,航空航天导论。三个老师上，评分标准课程任务不讲清楚，最后改线上课之后只留期末考。事情是真少，但是期末考开卷很不好找，特别像我这样的文科生，建议提前刷题库。体验不算坏，但是感觉期末考的成绩不至于只有这么一点绩点。
172953,3626,王高峰,2023-05-10 10:04:48,0,1,1,航空航天技术概论，提前把题库刷两三遍就满了，平时事情也不多
181085,3626,王高峰,2023-10-08 01:38:52,1,2,1,很酷，线上问问题不说话
182159,3626,王高峰,2023-11-11 02:48:43,5,7,2,空动的ppt很烂
192120,3626,王高峰,2024-05-09 12:20:06,3,3,0,为什么题库没有名词解释，简答题，，，
213012,3626,王高峰,2025-01-15 14:51:16,0,0,0,坐标通识课《航空航天导论》。\n\n这门课由郑耀老师、罗佳奇老师、王高峰老师共同授课，成绩占比是考勤10%，论文展示/实践活动40%（看老师和飞机公司协商情况，有机会实践就出去看飞机，没机会的话我也不知道要干什么，可能要写论文），期末考试50%。本课会有三到四次点名，并且是纸质点名（一个一个念名字），建议不要翘课；但这门课课后无任何作业，事情很少，只有一次周六去上海参观飞机，水学分的话建议选。期末考试的话，题型为选择30%（0.5*60），填空20%（每个1分），概念题10%（2*5），简答题40%（5道题，有概念理解，也有某某事件的意义），开卷，能且仅能带一本教材。建议把题库（第五版）的题目在教材中的位置标好，并且把教材上的思考题做了。不过当然了，即使你不提前预习，大概率也是能找到绝大多数题的，实在找不到就算了。\n\n我请了一次假，实践活动去了，最后考试认真写了但没找全，最后总评89。这门课是没有助教的，出卷子、判卷子等事宜应该都是罗佳奇老师负责，89分肯定是被捞了，十分感谢罗老师。所以说考虑到这门课没什么课后任务来讲，这课给分还蛮好的。\n\n说完课程要求，再说老师们的授课。老师们都是行业内大牛，硬实力肯定是很足，讲课的时候也很认真（尤其是罗老师，能看出来特别有对航空航天事业的热情）。其中掺杂一些不深的物理知识，并不会让大家望而却步。这门课就像是老师说的，也不需要了解什么太专业的知识，只需要让大家培养一点兴趣就足够了。从这一点上看，我觉得这门课办的还是蛮成功的，给老师打个10分，希望越来越好。
216225,3626,王高峰,2025-03-12 14:27:08,0,0,0,老师对学生很好，ppt稍微有点旧，但事少分高，会捞人
22816,3652,张伟根,2016-03-12 13:32:17,-6,0,6,非常美妙的感觉！\n\n
25701,3652,张伟根,2016-07-02 08:23:11,1,2,1,垃圾老师，讲话都讲不清楚，还因为应祖光老师的学生就不理不睬！你记仇也别祸害到学生好嘛！
156694,3652,张伟根,2022-06-20 15:32:26,2,4,2,材料力学实验：\n\n谁遇上他谁倒霉，凶的离谱，他的那个班的给分普遍比较差。但也就0.5分，只能放松心态，
170376,3652,张伟根,2023-03-03 08:58:02,3,3,0,莫名奇妙发脾气
174795,3652,张伟根,2023-06-18 06:53:12,0,0,0,脾气暴躁
193330,3652,张伟根,2024-06-06 11:35:07,2,2,0,纯纯rz，谁遇到他谁倒霉；\n\n完全不接受新东西\n\n什么东西都得按照它说得来\n\n材力实验直接骂哭一组同学
194888,3652,张伟根,2024-06-26 00:35:28,1,1,0,不幸选上的话记得别和这老登顶嘴，顺从他会让你少很多麻烦，然后给分确实不怎么样，0.5分的课算了算了
200045,3652,张伟根,2024-10-11 17:52:59,0,0,0,还行吧
207226,3652,张伟根,2024-12-20 02:19:00,1,1,0,讲课跟看实验数据两个时候完全是判若两人，讲课还比较详细，冷静条理，但是看学生记录数据纸的时候只要有一点瑕疵就会十分暴躁，凶人让拿回去改，4分吧
219674,3652,张伟根,2025-06-04 02:45:29,1,1,0,材力实验，凶的离谱，有时候真让人怀疑是不是超雄，选上了顺从他就是了，不然有你被骂的，0.5分的课别较真
22742,3695,赵沛,2016-03-10 10:45:30,3,5,2,老师讲得很认真，人也很好
44610,3695,赵沛,2017-01-18 04:18:22,4,5,1,老师讲的非常棒！上课讲的很明白！强推！很幽默风趣的老师！笔芯
47312,3695,赵沛,2017-01-25 07:31:59,1,2,1,老师ppt做的很好，条理清晰，备课也很用心，讲课很棒！
47354,3695,赵沛,2017-01-25 11:09:25,4,5,1,赵老师确实讲的很好啦啦啦  对工力有着自己的理解
69849,3695,赵沛,2018-01-25 13:53:49,10,13,3,误打误撞选上了非本院系老师的课，没想到竟是本学期极大的收获！赵沛老师人非常亲和，讲课生动细致有水平。给老师发邮件提问题，很快就收到回复，还有鼓励的话！ppt资料每次课都及时上传，复习资料也很全。期末备考各种指导解答。真的超棒！
71469,3695,赵沛,2018-01-28 13:27:07,0,2,2,课堂很充实，不容易走神。课下对学生答疑也很有耐心。
72729,3695,赵沛,2018-01-31 03:51:08,1,2,1,老师很负责！不管是备课还是期末复习、指导答疑，上课条理清晰，内容充实。虽然工力不好学，但是认真听还是有收获的。老师给分也不错??
73757,3695,赵沛,2018-02-03 05:09:46,6,8,2,老师超级帅！给分非常好！给赵老师打call！！！
76175,3695,赵沛,2018-03-28 08:38:30,1,2,1,老师上课很细致，举例很生动
83726,3695,赵沛,2018-07-11 05:59:40,2,4,2,超级赞！！！备课充分，讲课细致，自制了许多教具，老师热情体贴幽默，perfect!
83855,3695,赵沛,2018-07-11 10:25:51,1,2,1,同样是讲PPT，同样是先讲知识，再讲例题，最后总结，但赵老师就是讲得很生动，重点很突出，上课还有一些小道具，课后PPT上传很及时，期末答疑也非常负责（和幽默）。赵老师的课，选到即是赚到?
88845,3695,赵沛,2018-11-10 00:03:10,33,42,9,力学导论很好！
88853,3695,赵沛,2018-11-10 04:25:26,16,17,1,写力学导论论文之前先给老师个满分吧，讲的真的很好！
88947,3695,赵沛,2018-11-12 12:45:08,11,11,0,通识课，老师上课很认真，讲的也很好，力学导论内容很有趣，有笑点。
89441,3695,赵沛,2018-11-19 07:01:17,8,11,3,虽然被正态了……行吧行吧，鹅颈毕竟是你浙常态，不能怪老师。赵老师讲的还是不错的
89462,3695,赵沛,2018-11-19 08:09:41,8,13,5,老师很有趣，力学导论本来杨卫院士上的时候我都想退了...后来上到赵老师就变得有意思了。我明明打开了微积分要刷题的，却莫名其妙被吸引着去听课。而且给分很好
89463,3695,赵沛,2018-11-19 08:10:13,24,32,8,讲真，听力学导论真的是种享受，但这给分也太低了吧……2.8也是醉了，希望以后能增加点名机制，给我们这种文笔不好的留点活路吧！?（赵沛老师人还是很好滴！）
89474,3695,赵沛,2018-11-19 08:56:32,5,6,1,力学导论课程体验非常好！文科生感觉也很不错，给分也很满意。两位老师都很认真负责，上课还很风趣幽默！
89495,3695,赵沛,2018-11-19 10:14:54,4,5,1,力学导论真好
89502,3695,赵沛,2018-11-19 10:32:53,8,10,2,正态真狠
89511,3695,赵沛,2018-11-19 10:56:19,7,9,2,第一次被正态
89527,3695,赵沛,2018-11-19 11:37:04,7,9,2,正态。。。。。。\n\n好懵逼。。\n\n文笔不好的我。。
89541,3695,赵沛,2018-11-19 12:34:42,-1,2,3,给分好 上课好
89550,3695,赵沛,2018-11-19 12:57:27,7,8,1,力学导论讲课很有趣呀～给分…貌似看文笔？理科生文笔很吃亏啦…
89577,3695,赵沛,2019-09-23 10:15:17,-21,2,23,力学导论只看论文容易造成恶竞，还好我恶竞了一下，满绩了
89578,3695,赵沛,2018-11-20 00:21:06,-6,3,9,超棒的老师啊，力学导论课上的非常仔细，问问题回答的很及时，给分也超好。感谢老师的满绩啊
89592,3695,赵沛,2018-11-20 01:45:39,5,7,2,力学导论，强势安利。上完会让你感叹“真是个有点东西的老师”。但因为上课不点名，所以成绩全靠论文区分orz。所以论文一定一定一定要认真认真认真写！！！（被正态的哀嚎）写好了，满绩很正常。不过对自己文笔与扯淡功底没有信心的慎选…以及老师时间观念很强，作业一定要准时交！！迟交被绩杀？略略略～（不是我）
89707,3695,赵沛,2018-11-20 10:38:18,21,26,5,老师很好。正态很醉。。2.8可以集合一波了？
89763,3695,赵沛,2018-11-20 16:21:33,-6,5,11,老师上课很幽默，能把专业知识深入浅出地讲出来，文科生也不一定劣势，期末论文只要写出自己新颖观点就行。最终论文不用恶竞，我就写了一千字，老师却给了满绩，真的只要写出自己想法就行，文科生文笔好还有优势呢！
89801,3695,赵沛,2018-11-21 01:16:47,7,8,1,挺好的，只是分数出来有点难过
89834,3695,赵沛,2018-11-21 03:20:29,2,3,1,想好了再选
89869,3695,赵沛,2018-11-21 05:37:50,-1,4,5,也不光是因为满了就给老师10分，实话说力学导论这门课真的已经在这种类型里面算是非常有趣的了，老师讲课也让你感觉轻松愉快。上课不点名的话，虽然课程成绩基本上全看论文，但是认真准备论文，真的有好好写自己的思考，我感觉老师都会看见的，我自己感觉就是虽然我写的东西很没科学水平，但是都是自己思考的。那些因为绩点低给老师低分的同学，也可以想想自己每堂课都有认认真真地听吗？
90021,3695,赵沛,2018-11-21 16:22:15,5,9,4,有的同学提到文笔，我想，作为科学论文，应该还是要有科学的理性思维以及理性的推理的，虽然老师说过，不严格要求论证，但作为论文，也不应该是学生找好词好句的地方。如果仅仅因为文采就被自然科学老师相中的话，那感觉真的有点奇怪，那华丽堆砌的辞藻就太不符合教学的内容了，就成绩而言，我希望得满绩的同学不是因为文笔好，而是更多的因为里面有着自己的见解，并被老师赏识且足以证明之前到此听过课，如果仅凭文笔就来看学生的成绩的话，那在我看来就是这堂课的美中不足之处了（希望不是这样）。我的论文是按部就班的科学论文形式，语言还是很平实的，（无奈没有专业语言）尽管我是文科生，但还是想追求科学杂志上面的科学气，成绩的话不是满绩，也没上4，属于中等？我觉得挺好了，毕竟之前军训绩点刚上3。就老师讲课而言，那绝对是一流水平，那么年轻便能讲那么好，那一定是有扎实的学科水平的，我在本节课收获也很大，并且产生了对自然科学学习的兴趣（分科早，之前没学过太多）以后有机会还来选老师的课。还想在成绩方面说两句，如果上了四年学是为绩点上的倒也没什么意义，学点东西还是挺重要的，真的不能为了绩点而学呀！这样的大学像样嘛？希望努力的人能在这些年里实现自身水平的提高辅以高得飞天的绩点吧！在此我希望能与与我持相似观点的同学共勉，永远不要做那些盲目追求绩点的学生，我希望我浙的学生都能本本分分做事，下多大努力得多少分。希望我以后也不会改变这个想法。
90119,3695,赵沛,2018-11-22 06:53:01,2,3,1,课讲还不错，可是绩杀啊啊啊，只有2.8
91618,3695,赵沛,2018-12-16 05:31:37,2,3,1,会写论文的，相信我你一节课都不需要去听，知道要写什么就行了。（来自一个论文写的像高中作文的渣渣的建议）
92151,3695,赵沛,2018-12-26 16:50:30,7,8,1,力学导论课\n\n讲课不错\n\n给分低，这个课就是期末交一篇论文，只按论文成绩打分，平时你去不去上课都无所谓。论文写的不好就呵呵呵呵了。\n\n要想拿分高关键要论文有自己独特见解，emmm
92765,3695,赵沛,2019-01-04 08:43:44,-1,1,2,真绩杀，成绩出来的时候也是惊呆了。给分差别真的很大，周围有好几个满绩的同学，但是自己被正太了...可能是文笔不好？建议文笔好的同学选。。。
92769,3695,赵沛,2019-01-04 08:59:44,1,3,2,老师还不错，上课从来不点名，得分全靠期末论文，给分很迷，只有2.8。。。
96902,3695,赵沛,2019-09-23 10:13:09,-5,3,8,力学导论很好的课，满绩飘过～
109778,3695,赵沛,2019-06-19 07:05:52,1,1,0,材力来的，考前来评(如果考砸了我可能就不评了hh)，老师讲得很好，材力还是比较难的，赵老师还要联动材力实验课做3D打印杆件力学性能分析，花费时间还是比较多的，但是收获也很大，最后展示课还给我们带水果饮料也是很有心。要学材力的话还是强推赵老师的。(话说老师说今年考试题出简单了并对此表示了遗憾_(:зゝ∠)_)
112553,3695,赵沛,2019-07-04 17:36:56,0,1,1,超级喜欢赵沛老师，很会教学的一个老师。虽然两周一次测试而且题越来越难，但老师也不会太苛求。实验部分也是独特的要求，确实有点辛苦，但老师也给了对应的分数。真的很感谢老师！
118589,3695,赵沛,2019-10-29 04:22:48,-1,0,1,老师的课很好，但是成绩很迷\n\n
119798,3695,赵沛,2019-11-16 01:24:37,-4,1,5,课很好，绩点把我恶心坏了，现在通识课次次拉绩点，吐了。
119805,3695,赵沛,2019-11-16 01:42:41,-4,0,4,绩杀实锤，期中考试前认认真真两篇论文，然而绩点没眼看，我真的看不透，有点生气。（卑微）
119806,3695,赵沛,2019-11-16 02:09:06,1,1,0,不点名的好老师
119834,3695,赵沛,2019-11-16 03:35:53,1,2,1,从不点名，听力学导论真是种享受，讲的实在太好了。给分全看论文，最后出了脑洞大开的题目，但其实不要求太学术、太专业，也不需要恶竞，老师人真的超体贴，最后论文没规定字数，两篇论文，每篇我写了1000字左右就4.5了，一句话如果你真的对前沿科技有兴趣，那义无反顾就选力学导论吧
119841,3695,赵沛,2019-11-16 04:29:10,1,1,0,力学导论赵老师真的讲得挺有趣的，我一个文科生也听得很快乐，讲的东西也不是特别难，对文科生很友好，但是是真的能学到东西的。我感觉论文只要认真写用心写，写出自己的想法，给分还是不错的。
119842,3695,赵沛,2019-11-16 04:32:19,0,0,0,力学导论挺好，老师准备地很用心，不是想象中晦涩难懂的力学。两篇论文主要看有没有个人想法吧，好好写会有高分的
119866,3695,赵沛,2019-11-16 11:37:21,0,2,2,力学导论很有意思..分低没办法
119871,3695,赵沛,2019-11-16 11:56:29,8,8,0,虽然没听过课…但是好好写了论文，满绩了。给分的话我觉得可能确实和文采有关，之前看了查老师的评论强调了文采问题，所以写的时候注意了一下文采和遣词用句，确实是有用的呢…后面如果有要选的同学也多注意一下这个吧www。字数倒是可以不追求太多？大概就，努力找证据写的有道理一些，文采上写好一些吧//
119876,3695,赵沛,2019-11-16 12:50:08,5,5,0,课程评分只看论文。对论文的专业性几乎没有任何要求，只要求找出佐证、逻辑自洽即可。所以写论文的时候尽量放开点，找到的证据不是很充分也都是可以的。（其实我还是推荐老师添加上课签到以及一些简单的课堂小测来对学生成绩进行评分）
119886,3695,赵沛,2019-11-16 16:56:32,6,6,0,力学导论居然4.5了，人间有真情人间有真爱，谢谢谢谢老师让我重新燃起了对写论文的课的信心?
119901,3695,赵沛,2019-11-16 23:49:19,2,2,0,很有意思的一门课，论文写作虽然对相关知识要求不高，但对于理工科学生还是有优势的。
120007,3695,赵沛,2019-11-17 04:30:51,5,5,0,力学导论课的大一萌新www老师的PPT太皮了！！老师讲课好有趣！！完全不会感到无聊！！\n\n这两天做梦吃饭都想着分数心里好焦虑 但是老师给了我很大的肯定\n\n用我绩点双倍回报老师 顺便再加一分给这个长得小可爱的老师(๑• . •๑)
120033,3695,赵沛,2019-11-17 06:30:10,4,4,0,赵沛老师很可爱，讲得也很幽默。超级棒啊啊！就是论文太难写了，不过给分不错！
120075,3695,赵沛,2019-11-17 10:30:15,0,1,1,老师真的好，上课讲的不错，只能能按他的意愿写论文，分数还行的。哎~~可惜了，正态老师也无能为力啊。
120078,3695,赵沛,2019-11-18 01:51:31,-51,2,53,4.5我裂开了太他妈不慧眼识珠了我这种天才竟然拿不了5.0 我觉得我跟爱因斯坦差不多啊我裂开了 本来均绩4.99 现在变成4.98了 都怪你！！
120126,3695,赵沛,2019-11-17 15:25:07,1,1,0,力学导论超级棒
120450,3695,赵沛,2019-12-08 11:55:15,0,1,1,老师讲课挺好
121427,3695,赵沛,2019-12-16 07:18:20,1,2,1,力学导论 人生第二次满绩，老师这么欣赏我的观点，我很感激
121604,3695,赵沛,2019-12-12 08:53:17,1,2,1,没什么真东西，就是力学的历史之类的，想水的可以来。平时上课不点名。期末考试两篇论文，给分全看它们，对了，4.5
123436,3695,赵沛,2020-06-09 02:15:40,1,2,1,不点名，上课基本不听，但讲的是真好，很有趣，最后两篇论文，挺考验想象力的，对文科可能不太友善。我一篇写了3838，一篇写了1868，满了。
123617,3695,赵沛,2020-06-10 13:50:45,2,3,1,力学导论的论文和文笔有关系？我不觉得我文笔有多好，也不写什么华丽辞藻（我甚至讨厌所谓的华丽辞藻），but我满了。可能选题对纯种理科生不太友好，对半文半理的人挺好的。
127391,3695,赵沛,2020-11-22 10:28:16,2,3,1,秋学期的力学导论，上课真的很有趣。然后评分也尽量地公正虽然还没有出成绩，但是老师真的已经尽力了。好评好评！
127441,3695,赵沛,2020-11-23 05:28:15,1,3,2,虽然被正态了很难受，但老师人很好，课也很有趣，所以wzh爪巴
127459,3695,赵沛,2020-11-23 07:44:50,-1,1,2,海底捞\n\n好老师
127589,3695,赵沛,2020-11-24 23:38:47,3,4,1,老师太棒了，讲课幽默生动，而且力学导论给分也很给力，只要认真写论文，分不会差
127590,3695,赵沛,2020-11-24 23:59:15,5,6,1,老师人太好了，尽量都给了学生高的绩点，吹爆。考评标准的话，今年和前年大不一样，改为20%上课签到分，30&mooc测试分，50%翻译一篇自己专业的经典英文论文并说明为什么认为它经典。
127603,3695,赵沛,2020-11-25 02:49:07,1,2,1,满绩漂过，老师人很棒
127610,3695,赵沛,2020-11-25 04:18:35,3,4,1,内容充实作业合理给分也高5555555
127621,3695,赵沛,2020-11-25 05:33:38,1,2,1,真的真的太有趣了!!无论是杨卫老师还是赵沛老师，讲的东西都真的很有趣。慕课的线上考试也是只要认真听没什么问题，并且给分很好!!直接爱了
127622,3695,赵沛,2020-11-25 05:36:25,1,2,1,老师真的太好了！！！上课很有趣内容也很丰富！！给分真的很好老师非常善解人意！！
127627,3695,赵沛,2020-11-25 05:56:27,4,5,1,墙裂墙裂推荐，事少老师好给分好讲的有意思，不选这个选哪个？别被课程名字骗了，文科生完全可！！！
127637,3695,赵沛,2020-11-25 06:47:45,0,5,5,来自秋天的第一轮绩杀
127658,3695,赵沛,2020-11-25 12:26:34,1,1,0,很好的老师
127756,3695,赵沛,2020-11-26 10:40:30,3,3,0,事情很少，真的很少，冲这一点真的很推荐！给分可以的，会尽量合理地分布和满足大部分人的需求，但说实话论文给分没什么标准
130119,3695,赵沛,2021-01-17 11:43:33,1,1,0,事少分高，老师人超好，讲的也很有意思，强烈推荐
132042,3695,赵沛,2021-01-30 04:03:42,2,3,1,力学导论是一门很有价值的课，讲了很多全球前沿的研究方向，极大开拓理工学生的视野。老师不断改进课程考核机制，感觉是一位对大学教育很有想法的老师，风趣幽默，能学到很多的科普课（对文科生相当友好）。大学生涯第一个满绩，给了一个新生未来学习发展莫大的激励。每到选课的时候，脑子里就不断回想起赵老师。
134920,3695,赵沛,2021-04-22 10:44:56,-3,3,6,是给分最好的老师 30％的人满绩 80％的人4.5以上 完全按照正态的最高档给分 至于3.3被正态的真的没办法 老师已经给分这么好了
138409,3695,赵沛,2021-07-09 03:34:33,7,8,1,给分很差很差很差，快跑，课讲的还行
138748,3695,赵沛,2021-07-10 16:02:02,14,14,0,也不知道材料力学甲卷子是他出的还是王宏涛出的，最高3.0。三分一的人挂科，两周一小测，原地裂开
139886,3695,赵沛,2021-08-09 08:48:20,8,8,0,请问480块材力重修费能报销不，这给分就没给活路😥
140626,3695,赵沛,2021-09-14 12:28:10,6,6,0,赵老师讲的不错，但是绩点真的是不堪入目，平时会突击用小测来点名，我们专业很多挂科的，几乎都在60分往上一点。。。
142840,3695,赵沛,2021-11-17 00:49:41,16,17,1,课没怎么听不评价，但今年这个考核确实有一点离谱，占30的客观题，说是闭卷，结果有多少人在查手机？虽然是受到那个卖答案的傻逼的影响，但希望成绩的评价方式能早点稳定下来，真的做到公平。
142865,3695,赵沛,2021-11-17 03:29:20,0,2,2,力学导论还不错吖，本来是开卷的客观题最后闭卷了。准备了好久加上课认真听满了，事情感觉真不多，就客观题（这个真的要仔细看ppt加做笔记）加三道主观题，主观题搜索资料感觉没太难？？最后美美满了。（而且给分很好，每个档老师都会给到最高分）
142874,3695,赵沛,2021-11-17 04:30:45,0,0,0,力学生，专业课，怎么说，比较难受。\n\n怎么说呢，虽然其他评论说这门课理工科成分太多，但说实话感觉就是文科啊。。。学习的内容基本是力学的历史进展等等，之前非常期待有一些初步的内容的，结果整个课没有讲授任何理论的内容，可以说对文科生已经非常非常友好了，然后考试内容占大头的也是主观题，憨憨理科生实在无能为力了。\n\n赵老师非常好，就是碍于这个通识课的限制，还有学校这个机制，没有办法了。\n\n虽然成绩不是很好，也很满意了。
142876,3695,赵沛,2021-11-17 04:44:07,0,2,2,力学导论绝对是浙大良心好课，事情少分数高，虽然受到卖MOOC答案的傻逼影响降低了课程体验，但这门课的质量还是非常高的，想水可以水，想学也能学到很多知识。
161829,3695,赵沛,2022-11-14 07:54:31,1,1,0,课是好课，但是考试很离谱
163689,3695,赵沛,2022-12-16 03:01:56,1,1,0,讲故事，很有意思
163828,3695,赵沛,2022-12-16 07:48:03,2,3,1,老师超好~~讲课很有意思\n\n力学导论课是杨卫院士和赵沛教授一块上的，一人四节。强推这节课！！！！！\n\n期末考核点名5%（钉钉签到，不要求到课），45%客观题（在学在浙大上有选择有填空，都是讲课的内容，建议课还是听一听，但如果你手速足够快百度很熟练也行。好多人说做不完，确实题量很大），50%主观题（给出几个问题，挑三个回答，都比较偏理科，有的是那种任意想象型的，大部分网上都能找到）。\n\n给分也贼好。从没听过课，就靠着好好答主观题，提前看一遍PPT加上百度很熟练，就满绩了。
171066,3695,赵沛,2023-03-15 11:27:35,3,5,2,小测好贱啊
173040,3695,赵沛,2023-05-12 00:32:43,3,4,1,看到评论都是从通识课来的，不是很理解为什么几乎没有专业课的人来评论。从材料力学（乙）来的，他自己把15分平时分作为小测（其他老师都没小测），到课率有5分，应该要测五次（目前第11周，测了3次）。他自己出的题和作业题的形式很不一样，解题所必须的条件会很隐晦地告诉你，或者说暗示。然后小测给分，只有在思路和公式和答案全对才会得到这一个得分点的分，不知道期末怎么给分。吐槽结束之后，真心说他上课讲的还不错。（我的评论显示不出来吗）
175088,3695,赵沛,2023-06-21 12:48:29,-2,4,6,材力乙来的，建议跑。给分稀烂
175113,3695,赵沛,2023-06-21 14:38:36,1,1,0,好老师，上课幽默有趣，干货十足，给分也不错
176658,3695,赵沛,2023-06-29 15:19:20,1,2,1,材力乙讲课很好，给分一般，平时分扣得偏多了
181922,3695,赵沛,2023-11-05 11:55:26,1,1,0,顶真顶
182082,3695,赵沛,2023-11-09 15:24:55,1,1,0,是上力学导论的，短学期八节课里只有后四节是赵老师上，但是我觉得老师讲的真的很好，虽然看上去是艰深的力学，但其中也有很多容易了解到的，很有趣的知识。
182931,3695,赵沛,2023-11-21 07:01:13,5,6,1,力学导论 伟大。。。。。。。
182935,3695,赵沛,2023-11-21 07:08:40,0,2,2,上了老师的力学导论，老师人超级好，给分也很棒，平时只需要签到就好了，最后考试是开卷的，答案都在PPT上，快选！！！
182937,3695,赵沛,2023-11-21 07:12:24,0,1,1,我天我爱死爱死爱死爱死爱死 爱的死心塌地呜呜呜呜呜呜呜呜呜呜
182938,3695,赵沛,2023-11-21 07:12:56,0,0,0,力学导论给分很好，老师讲的也很有意思
182941,3695,赵沛,2023-11-21 07:35:39,0,0,0,老师人好好
182947,3695,赵沛,2023-11-21 07:44:39,0,0,0,给分真心不错
182964,3695,赵沛,2023-11-21 08:43:51,3,4,1,力学导论，我本人是学工程力学的，前前任校长杨卫（清华工程力学的教授）前四节课，赵老师后四节，让我对这个专业又燃起了那么一点希望，讲的东西很前沿很有趣，老师上课轻松幽默，事少分高，航院的同学欲购从速，其他工科的同学都可以报这门通识，真的不错，还能见一见前前任校长，体验体验院士上课
182998,3695,赵沛,2023-11-21 11:31:05,0,0,0,给分很好，老师讲课也很不错
183029,3695,赵沛,2023-11-21 15:07:21,1,1,0,zp老师真的很好。。。会认真根据学生的反馈调整课程细节，超级难得了
183032,3695,赵沛,2023-11-21 15:43:41,0,0,0,老师人很好，很耐心。
183043,3695,赵沛,2023-11-21 23:59:53,0,0,0,本科生选就完了
183133,3695,赵沛,2023-11-22 10:54:14,0,0,0,很好的老师！
183571,3695,赵沛,2023-11-27 11:59:18,0,0,0,就这么说吧，回邮件很耐心，老师人很好
193697,3695,赵沛,2024-06-15 13:02:19,0,0,0,很好很好
194858,3695,赵沛,2024-06-25 17:40:50,0,1,1,给我爹献上满分十分
195418,3695,赵沛,2024-06-28 03:55:44,-1,0,1,伟大无须多言
199486,3695,赵沛,2024-09-24 13:03:07,7,8,1,课真的是好课给了我非常大的震撼，真的重燃了对科学的热爱，赵老师也非常非常好，像个老前辈一样把力学的一切娓娓道来。但是屁事真tm多，三个网站rz东西都有作业，写作业时间莫名其妙。要绩点的赶快逃吧，做这课的nc作业的两三个小时认真学学主干课不好吗？（当然如果是能聚合在一个网站上量少一点真的是完美的）
199823,3695,赵沛,2024-09-30 13:14:57,1,2,1,补选前发邮件给赵老师，他立马就把我加到力学导论了，超级感动。\n\n课程是真的很不错，我对力学等科学的观念也因此慢慢建立起来，才会发现自己原来对其有很大的误解。\n\n超喜欢赵老师！！！
200736,3695,赵沛,2024-10-21 14:33:49,4,5,1,真的强推，大二选的这门课。大一上了这么多通识课，没有一门我是完全好好听的，要么写作业要么玩手机（doge \n\n虽然这门课我也写了作业（要怪就怪数学物理方法也在周一），不过我最多写一节课，之后都全程抬头听。最近的几周课都没写作业了，主要感觉这么好的课就要结束了，作业下课以后也能写，课错过了就错过了。\n\n课程本身分为三个部分，力学往事、力学今生、力学未来。其中我主观感觉大部分人最感兴趣的应该是力学未来，主要介绍了软物质、机器人、机器学习、人工智能相关的一些内容。有很多前沿的东西，也有很多生活中的例子。\n\n力学往事也挺有趣的，主要就是介绍力学学科的起源发展，最有趣的部分是介绍到近代的人，从高斯、欧拉、拉普拉斯、拉格朗日、普朗特、冯卡门最终可以学术传承到杨卫院士，反正学工科的再之后的理论力学材料力学的学习中少不了他们，想到他们各种方程，似乎没那么有趣了\n\n力学今生主要是流体力学、固体力学、材料力学。都是从具体的实例比如大飞机出发讲的，基本是介绍大飞机的结构然后顺便介绍相关的流体力学知识。\n\n下周还有最后的一次课，先来评论了
201094,3695,赵沛,2024-11-23 01:20:09,4,7,3,力学导论\n\n下雨了，同学们可以晚点来\n\n最后一节课放了最伟大的作品改编为量子力学的版本\n\n事少，给分很好！喜提4.8\n\n老师很负责，很有情怀\n\n敬佩！！！
201099,3695,赵沛,2024-10-28 13:56:54,-3,6,9,你踏码设置的期末考试合理吗，真没亩啊
201102,3695,赵沛,2024-10-28 14:03:37,2,3,1,宇宙第一无敌神中神 不给老师打十分的人注定只能度过一个失败的人生 老师我爱你🥵🥵😍😍🥰🥰
201221,3695,赵沛,2024-11-21 01:57:00,3,4,1,赵沛老师的力学导论是我大一上的第一门通识课，虽然还没出分，期末小测也确实有些紧凑了，但不论是课程安排还是老师的个人形象，都是当之无愧的10分。\n\n“到浙大来做什么？”\n\n赵老师帮助我形成了一个良好的科学观和世界观的认知，就凭这点，10分\n\n更新：出分了，群里很多人在感谢老师，我也是受益者，但我想说，这里面有没有期末考崩了然后跑到查老师骂的自己清楚，人前人后两套皮，小心哪天漏了，那些骂人的还拿了好绩点的好自为之。
201310,3695,赵沛,2024-12-04 07:16:06,3,3,0,力学导论：课是可以一节不听的，人是可以一次都不到的，ppt是可以一页都不看的，mooc是可以一题都不做的——只需要考试的时候chatgpt/Google 快点就行了
203722,3695,赵沛,2024-11-21 00:00:08,2,2,0,老师人很好，力学导论和科普讲座一样，哪怕坐里面划水偶尔听一点也有收获，超值。作为通识课来说，真的啥事没有，只有主观题和客观题。前者可以随便搜资料，主要得体现自己的思考吧（？），后者确实得拼手速拼网速拼gpt能力。只要你态度端正的话给分超级无敌好……强推
203724,3695,赵沛,2024-11-21 00:08:22,3,3,0,笨人上的力学导论，今年杨卫院士退休了，原来两位老师一起上的课变成了赵老师一人讲。课程设置超有意思，赵老师讲的也很好，给分更好！在这门课上，赵老师会从墨子和亚里士多德时代的自然哲学讲到量子力学甚至人工智能，涉及到航空航天、土木建筑等工程技术和理论物理等科学理论，深入浅出。无论是文科还是理工科的同学很推荐。就是力学专业的同学需要额外做几百道选择题，有点小累。不过老师确实给分好，推荐选力导！
203726,3695,赵沛,2025-01-12 09:47:22,-4,2,6,还有比赵沛老师更好的老师吗，给分还好，力学导论真的好
203736,3695,赵沛,2024-11-21 01:41:58,4,4,0,对于力学导论这门课，单从最后的结果来看，给分确实很好，至少也是付出和回报成正相关的，平时的任务也不多，只用写几个主观题即可。从听课的感受上来看，老师一开始会帮你搭建一个比较合理的科学体系，之后讲一些力学或者说是科学技术的发展史，最后用力学的一些知识和想法去解释很多领域的问题。因此虽然这门课叫做力学导论，但是很多专业的同学都可以在其中找到自己熟悉的地方。赵老师的授课风格也很亲切，内容我个人感觉十分有趣，不舍得缺席任何一节课。虽然最后的考试时间比较紧张，但是如果平时有好好听课（其实也不用额外下功夫），在考试前复习一下老师给的PPT，取得一个相对的好成绩是不难的（之所以说相对，是因为这里的成绩有按最高分归一化的处理，也是比较科学的一面）。总而言之，这是一门充满干货，同时给分也很好的通识课。
203737,3695,赵沛,2024-11-21 01:38:31,0,0,0,伟大，无须多言
203740,3695,赵沛,2024-11-21 02:03:11,0,0,0,伟大无需多言
203748,3695,赵沛,2024-11-21 02:24:18,0,0,0,捞了我12分居然
203797,3695,赵沛,2024-11-21 06:13:15,1,1,0,人好事少分高，伟大无需多言
203799,3695,赵沛,2024-11-21 06:16:12,1,1,0,😘😘😘😘😘😘😘😘😘😘
203833,3695,赵沛,2024-11-21 10:41:39,0,0,0,听了98上同学说的只刷了题库，没看ppt，交卷的时候天塌了，没做完，结果出分4.5，神中神
203848,3695,赵沛,2024-11-21 13:37:27,0,0,0,真的是好老师，力学导论相当好
203911,3695,赵沛,2024-11-22 02:42:18,0,0,0,爱死赵老师了！
204467,3695,赵沛,2024-11-26 05:26:58,0,0,0,力学导论\n\n100/5.0，收获人生第一门满分满绩。表白赵沛老师。不要看热门评论，课程之初考核方式还有待完善，还有正态的加持，现在的评分都超好的。上课偶尔听一下，考前看一遍PPT，期末客观基本上都做得出来。主观题是在题库里选答小论文，有比较硬的也有比较文的，对各科学生都挺友好的，强推！考试以外，上课也能收获许多，上第一节课就会明白的。
204534,3695,赵沛,2024-11-26 12:50:46,0,0,0,强烈推荐赵沛老师的力学导论通识课，无论是什么专业都狠狠推荐一波。赵老师风趣幽默，活少给分好，上赵老师的课会让你不自觉沉浸其中而忘了水课（笑）。你不仅能学到力学领域的相关基础知识，而且还能收获人生观价值观的提升。总而言之，赵沛老师的力学导论课，你值得拥有！！！
205021,3695,赵沛,2024-11-29 17:29:28,0,0,0,讲课好给分好，伟大无需多言
205866,3695,赵沛,2024-12-12 11:22:06,0,0,0,力学导论 4.5 文科生\n\n起初看查老师我还以为人人都可以满绩哈哈，但是现在看来4.5已经很不错了，本人完全不懂力学，三篇论文几乎都靠ai整理思路，25道题对了11道，全靠ai，4.5真的很捞了。。。老师从哲学开讲，文科生听爽了，后来就有点听不明白，但是对小测影响不大（反正是ai做），文科生完全可以选哦，老师儒雅随和且捞😊
208113,3695,赵沛,2024-12-25 15:45:09,1,1,0,赵老师我的神！！！三个主观题一题300字，期末考复习了一下午，最后赋分98！
213109,3695,赵沛,2025-01-16 04:12:46,0,0,0,力学导论\n\n捞捞课，基本上签个到就走了...\n\n最后给分真的很好，很轻松就拿到了高绩点。
216489,3695,赵沛,2025-03-17 09:44:08,0,0,0,大恩不言谢，怎么忘记给赵老师打十分了
221678,3695,赵沛,2025-06-25 08:04:48,0,0,0,赵老师讲课很认真，教的很好。\n\n材料力学yi有一个期中考，比较简单，没有其他事。
25164,3710,陈彬,2016-05-06 13:46:35,0,1,1,6666666\n\n
25899,3710,陈彬,2016-06-28 14:13:25,2,4,2,很优秀的老师
51093,3710,陈彬,2017-05-17 01:00:33,1,1,0,容易睡着
54336,3710,陈彬,2017-06-29 06:16:12,1,2,1,老师很无聊，给分很差就是了，还有，笑声很诡异，看你们不喜欢上他的课，“那给你们一块硬骨头啃一啃”。。。
54799,3710,陈彬,2017-06-30 08:43:04,2,2,0,给分呵呵
54962,3710,陈彬,2017-06-30 13:34:29,2,4,2,给分还能再差些吗，相比于别的老师的课，有小论文就不说了。竟然还是拉分的？what？
57989,3710,陈彬,2017-07-21 01:49:32,-1,1,2,考试改分极严，平时分给分极差，平时分中的小论文居然是用来拉分的，一不小心总评就先扣掉10分绝不危言耸听，考试有一些步骤写不明白直接扣分不为学生着想，推荐选到他的课直接补选别班
84760,3710,陈彬,2018-07-13 22:37:33,1,1,0,给分不错 上课因为说不让我们写大作业了所以很开心！
196075,3710,陈彬,2024-07-01 12:28:21,0,0,0,材料力学（乙）\n\n老师负责后半部分的讲解，老师很和蔼，教的也是结合题型的，跟着学绩点不会很低。\n\n前半部分的庄国志老师比较活泼，不过前半部分内容确实不多，问题不大。\n\n平时分给的很高，但是作业分是会考虑正确率的，大家要好好写作业。
201954,3710,陈彬,2024-11-07 19:14:11,2,2,0,真的是很好的老师！！！讲的很细致，逻辑很清晰，很全面，现在学结构力学一点压力没有
43581,3726,解利军,2017-01-16 14:46:57,-10,3,13,好，给了我满绩
69693,3726,解利军,2018-01-25 08:28:57,1,1,0,上课挺无聊的，声音很小，事情不多，可能因为我是外专业的吧，给的分很低
83630,3726,解利军,2018-07-11 00:56:44,0,0,0,当个性拿学分很简单，但外专业给分很差
167388,3726,解利军,2023-01-16 02:14:14,0,0,0,上课很小声，没有什么意思，学不到太多东西\n\n开卷考试，出分极慢，给分极差
167389,3726,解利军,2023-01-16 02:21:16,0,0,0,学弟学妹们快跑
176380,3726,解利军,2023-06-28 15:16:03,2,2,0,给分极差 开卷考
208817,3726,解利军,2025-01-02 08:26:28,1,1,0,还没出分，先给9分\n\n1在空气动力学卷子难上天的情况下，不怎么需要复习就都会写的卷子多么让人心安\n\n2老师虽然讲课没什么激情，但是会虚心接受错误，课间有同学提出PPT的问题他一上课就改了\n\n3事事有回应，我们大作业不会做的时候老师课上花了两节课，一节讲过程，一节回答问题，人非常和蔼\n\n4会点名，特别是人少的时候，建议不要翘早八\n\n5作业少，只布置了三次书面作业一次大作业，而且书面作业都及时讲解，也很简单。\n\n6考试水，8道多选，6道简答，其中3道简答都可以翻PPT，一个是大作业步骤，另外两个都是小作业换汤不换药\n\n7复习方法，只要作业会做，就不用复习，打印完PPT和作业就代表复习完了
213341,3726,解利军,2025-01-17 04:13:26,1,2,1,给分蛮好的，平时作业较少，大作业需要花点时间学习
213352,3726,解利军,2025-01-17 04:25:50,1,1,0,谢谢老师，在我这学期烂到尘埃里的分数中给了我一线希望。\n\n基本没有复习，考前看了三章ppt，剩下的都是没翻开过，课上半只耳朵听讲，感兴趣的听了听，作业认真做了，考试计算题基本和作业一样。\n\n老师上课挺认真的，大作业还会带做，飞设大三上为数不多的好课了
92006,3825,杨波威,2018-12-25 10:40:32,6,6,0,老师上课讲的很好，学到很多东西
122468,3825,杨波威,2020-02-29 03:25:23,7,7,0,杨老师太强了，什么都懂
150219,3825,杨波威,2022-01-20 12:47:02,15,17,2,Python数据分析虽然没有预修要求，但还是需要自己多看多学的，毕竟基础语法都不会肯定没法编。老师懂得很多，但对零基础的人来说，听起来还是比较费力，需要多自学。没有期末考和平时作业，期末大作业多用点心，给分好的！
167390,3825,杨波威,2023-01-16 02:32:36,7,7,0,老师人很好
190278,3825,杨波威,2024-02-27 06:14:44,3,3,0,特别强啊
199912,4034,金小军,2024-10-08 07:02:18,5,6,1,上课真垃圾
170355,4398,莫炯炯,2023-03-03 05:32:19,1,2,1,可爱捏
189978,4976,罗浩,2024-02-05 05:53:51,1,1,0,非常好的老师
77720,5090,库晓珂,2018-05-07 11:53:12,1,1,0,来留名
112658,5090,库晓珂,2019-07-04 23:48:08,5,6,1,老师很儒雅，感觉自己考崩了但给分挺好的
113405,5090,库晓珂,2019-07-06 17:05:26,0,0,0,讲课挺好的，人也挺好的。就是工程热力学这门课的课本框架太乱了，按顺序上课感觉知识点经常重复。
156363,5090,库晓珂,2022-06-19 08:24:11,1,1,0,4.2留名
156368,5090,库晓珂,2022-06-19 08:48:51,0,0,0,给分好，上课耐心温柔，库老师我爱你😍
156369,5090,库晓珂,2022-06-19 08:50:33,3,4,1,人太少才会点名，但好像影响不大，最后一节课会划重点，甚至还有极简版重点，对学生很是关怀。考试题也算友好，在平时的例题里算中等难度，不偏不怪，分布均匀。就是希望以后的作业不要留查图和查书上没有的表的题了..
156372,5090,库晓珂,2022-06-19 09:07:09,0,0,0,哇，收获了大学以来最高成绩，老师太好了
156373,5090,库晓珂,2022-06-19 09:06:09,0,0,0,yyds！
175531,5090,库晓珂,2023-06-25 11:00:28,2,2,0,工程热力学 会点几次名 给分巨好
178119,5090,库晓珂,2023-07-07 05:00:41,0,0,0,老师人巨好
178217,5090,库晓珂,2023-07-08 07:14:27,7,8,1,短学期matlab，干念了五个上午垃圾ppt，然后扔了三道数理方法大题当最后考核，五天签了三天上下午名
72596,5099,李华,2018-01-30 13:09:36,1,2,1,小班上课的感觉很好，老师讲的很清楚
99342,5099,李华,2019-01-24 15:08:03,1,1,0,老师炒鸡炒鸡棒的
119317,5099,李华,2019-11-12 05:08:37,1,2,1,太简单了，我yyx满了
120734,5099,李华,2020-01-16 03:43:40,-12,5,17,上课划水不讲重点，考前啥资料都不给，期末三道大题难的一批，都大二了一门课拉了我将近0.1的GPA，真就绩杀呗，你给我2.1，我也给你个2
148042,5099,李华,2022-01-11 11:46:24,9,10,1,不知道老师PPT上哪里找来那么多搞笑素材的，上课时仔细听会发现一些金句，给分出乎意料的好（航院的李华老师）
148160,5099,李华,2022-01-11 16:42:45,2,3,1,老师挺幽默的，给分很好
153434,5099,李华,2022-04-29 12:59:33,1,2,1,大爱航院的李华老师，兼具幽默与智慧于一身的男神(*'▽'*)♪
200133,5099,李华,2024-10-13 14:03:14,0,1,1,2024.10.13晚\n\n老师钉群发来“午夜密电：明天点名，望周知”\n\n这样的老师大学四年能遇到几个啊😭上课幽默风趣，留的作业也很少，课后能很耐心的回答学生问题。上三节课不知不觉就过去了（真的意犹未尽🤤）\n\n如果有来世，我要做李华老师的🐶！！！
201303,5099,李华,2024-10-31 09:16:36,0,0,0,好好好（航院）
213953,5099,李华,2025-01-22 04:36:05,1,1,0,老师人挺好的，给分出乎意料的高了，应该是期末狠狠捞了
72880,5168,陈丽华,2018-01-31 08:49:31,0,0,0,老师人超好的！讲课调理相当的清晰。速度偏快，但是一个学期上完两本理力，快也没办法。课下请教一些问题超级耐心解答。nice
81952,5168,陈丽华,2018-07-06 15:16:14,-5,3,8,听课可以不用听 但关门点名是真的很骚 还有就是实习课交作业必须要在上课前放在讲台上 否则都算迟交或者漏交 血的教训 辣鸡老师
88972,5168,陈丽华,2018-11-13 02:47:26,4,5,1,说话真的是不流畅，上课思路也比较着急，听着很难受啊
100710,5168,陈丽华,2019-01-26 15:12:27,5,6,1,丽华老师太棒棒棒了!给分超好!!!
100722,5168,陈丽华,2019-01-26 15:30:11,2,2,0,老师人太好啦?虽然上课似乎会有点小紧张（？）但是回答问题耐心为学生考虑，期末考前还很认真叮嘱大家给分也很好
100730,5168,陈丽华,2019-01-26 15:49:54,3,5,2,10分！不能再少了
119155,5168,陈丽华,2019-11-11 02:16:00,0,1,1,很可爱的老师，细心，负责任！
134493,5168,陈丽华,2021-03-30 06:03:31,-19,1,20,会点名。上课不行，听不下去。课后作业和测验一大堆，布置的测验错漏百出。考前复习了一下满绩了，应该是老师给分好捞起来了。
150791,5168,陈丽华,2022-02-18 15:23:07,-1,0,1,讲的不错
160287,5168,陈丽华,2022-09-16 15:04:27,2,2,0,第一次作业有点多，讲话有点费劲
164763,5168,陈丽华,2022-12-25 13:27:05,-1,3,4,其他班没有论文你布置论文干啥？？？专业课都没学让我们怎么写？？？
166112,5168,陈丽华,2023-01-11 06:57:52,-3,0,3,成绩还没出，期待满绩hhh\n\n老师人很好，但是讲课很容易困就是了。理论力学也不是靠听就能听懂的，还是要好好练习的
170235,5168,陈丽华,2023-03-02 06:22:45,1,1,0,老师说话很可爱，对同学的问题也很耐心。老师讲课风格可能不是每个人都能适应，但是老师给分确实很好。给10分了！
170250,5168,陈丽华,2023-03-02 08:01:08,3,3,0,虽然平时作业比其他班多了一点，但是给分也太好了吧，感觉努力和结果成正比了，吹爆
199970,5168,陈丽华,2024-10-10 02:32:55,3,3,0,老师长得很像俄罗斯娜娜
212956,5168,陈丽华,2025-01-15 10:34:40,2,2,0,lh老师给分太好了😭😭😭考之前还很担心会挂来着，比预想的好了很多很多很多，太感动了呜呜呜第一次在硬课那这么高的分😭点名还都是数字点名
212975,5168,陈丽华,2025-01-15 11:37:37,2,2,0,感谢老师，理力爽捞
212978,5168,陈丽华,2025-01-15 11:49:32,2,2,0,伟大，无需多言\n\n除了平时作业多一点，其他完美
213364,5168,陈丽华,2025-01-17 04:58:31,0,0,0,数字点名，这门课得靠自己学
122753,5282,朱位秋,2020-03-30 16:28:45,4,4,0,朱院士，愿他长寿！
130401,5282,朱位秋,2021-01-22 04:12:54,1,1,0,院士校友BDbd
190081,5282,朱位秋,2024-02-19 15:29:40,1,1,0,祝健康长寿！
146714,5404,夏振华,2022-01-07 08:59:49,9,13,4,夏老师非常耐心，虽然课上的有些快，但是有问题的话会马上回复，非常nice。期末之前老师也会发往年试题和答案的课件，让大家好好复习。虽然还不知道成绩，但是我依然愿意给10分。无关成绩hh
149655,5404,夏振华,2022-01-16 09:31:06,5,8,3,非常认真负责的好老师~必须10分
187784,5404,夏振华,2024-01-17 12:15:05,3,3,0,人很好
195495,5404,夏振华,2024-06-28 11:14:34,3,3,0,认真负责的好老师
196960,5404,夏振华,2024-07-06 06:30:47,2,2,0,老师人特别好，就是点名没到抓得有点狠
123394,5434,贾铮,2020-06-08 05:43:25,13,14,1,老师理力课会结合一些生活经历，讲得很有趣。而且老师非常负责任
126652,5434,贾铮,2020-10-12 02:44:33,-57,2,59,讲课水平很垃圾
129298,5434,贾铮,2021-01-04 02:01:03,15,15,0,楼下傻逼 老师讲课很好的
133725,5434,贾铮,2021-03-04 08:10:56,8,8,0,吹爆铮哥好吗。讲课清晰，对学生耐心，爱了爱了。
140814,5434,贾铮,2021-09-16 10:06:08,9,9,0,吹爆！
141802,5434,贾铮,2021-10-26 14:14:35,24,26,2,铮哥拉兄弟一把！！！！
141803,5434,贾铮,2021-10-26 14:19:00,9,10,1,铮哥拉姐妹一把！！！！
143872,5434,贾铮,2021-12-12 15:31:45,2,2,0,铮哥给分很厚道！
144053,5434,贾铮,2021-12-17 06:02:03,7,7,0,铮哥拉姐妹一把！！！
144055,5434,贾铮,2021-12-17 06:06:45,5,5,0,铮哥666！！！！
144056,5434,贾铮,2021-12-17 06:10:01,3,3,0,贾老师认真负责!讲课超棒！！
144358,5434,贾铮,2021-12-21 07:00:45,3,3,0,贾老师上课思路清晰，作业少，给分也好
145248,5434,贾铮,2021-12-28 12:35:20,3,4,1,铮哥拉兄弟一把
145982,5434,贾铮,2022-01-05 01:44:40,3,4,1,铮哥拉兄弟一把
148266,5434,贾铮,2022-01-12 04:07:22,3,3,0,铮哥捞的非常好
161853,5434,贾铮,2022-11-14 13:51:10,0,0,0,铮哥拉兄弟一把
165848,5434,贾铮,2023-01-10 06:05:28,0,1,1,铮哥拉兄弟一把
168487,5434,贾铮,2023-02-18 12:02:48,0,0,0,铮哥捞兄弟一把
174508,5434,贾铮,2023-06-13 11:07:12,0,0,0,铮哥拉姐妹一把！！
179921,5434,贾铮,2023-09-20 03:45:13,0,0,0,贾老师很负责，讲课很有趣
181074,5434,贾铮,2023-10-07 10:57:11,0,0,0,铮哥拉兄弟一把
187483,5434,贾铮,2024-01-16 10:22:10,3,3,0,今天考完理力了，来个铮哥打个满分！老师讲课思路很清晰，内容很充实，上课节奏合适，上课跟着听讲的话都能听懂，虽然是一门5.5学分的课但比其他一些数理课学起来轻松，讲课好的老师就应该被表扬！(PS:铮哥，拉哥们一把.jpg)
189511,5434,贾铮,2024-01-25 05:52:54,1,1,0,非常好的一位老师！
213980,5434,贾铮,2025-01-22 10:50:38,1,1,0,10分，伟大无需多言
133273,5638,郭宇,2021-02-23 04:09:56,13,15,2,1.人超级好！有耐心，讲道理，有特殊要求一般都会帮忙。\n\n2.讲课有条不紊，讲得十分透彻，通俗易通。公式会带你推导，习题也会一点一点带你剖析。\n\n3.给分超级好，期中考试后给大家说，这道题如果是因为这个原因没做出来，可以把这几分加上。\n\n综上，时时刻刻为学生着想，能遇见郭宇老师简直太幸福了！
144175,5638,郭宇,2021-12-20 06:08:07,3,4,1,讲课有耐心!
147747,5638,郭宇,2022-01-10 16:09:00,4,4,0,给分也太好了吧
147763,5638,郭宇,2022-01-10 17:52:28,3,3,0,老师讲课很耐心，略无聊不过这不是老师的错！另外给分超级好！
147782,5638,郭宇,2022-01-11 00:10:29,4,4,0,老师真的超级有耐心，讲课稍微有点无聊，但会给大家仔细讲例题，另外，给分真的超级超级好！
147876,5638,郭宇,2022-01-11 04:56:17,5,5,0,老师很好很好很好很好！想睡觉是下午上课的锅不怪老师
181753,5638,郭宇,2023-10-31 03:35:44,0,0,0,666
187240,5638,郭宇,2024-01-15 10:27:31,0,0,0,人很好，印象中不点名，但是要课上交纸质作业。老师讲课很客气，人很好，只是我们可能没有好好听课吧...考前问问题基本秒回，甚至开了钉钉会议。反正选了是没什么问题的。
218200,5638,郭宇,2025-04-22 03:49:47,0,0,0,不知道为什么会说他给分好，不知道是助教的问题还是老师的问题，给分和其他班比差好多
148370,5693,李学进,2022-01-12 09:07:47,5,6,1,备课充分，讲课认真
151708,5693,李学进,2022-03-13 08:13:15,11,12,1,对待教学认真负责，语言生动，条理清晰，举例充分恰当
157715,5693,李学进,2022-06-24 12:19:36,10,10,0,认真讲课，关心学生的老师
158713,5693,李学进,2022-07-01 14:07:29,6,6,0,很温柔的老师
172035,5693,李学进,2023-04-18 00:01:29,8,8,0,对待教学认真负责，层次分明，通过例题使知识更加具有条理化
177100,5693,李学进,2023-07-01 16:49:12,5,5,0,很负责的老师
190376,5693,李学进,2024-02-29 00:37:28,-1,4,5,新学期第一节课，感觉讲的非常慢，早八能把人听睡着。但是可以看出老师在很认真的解释一些东西，但是感觉有些解释是不必要的，并且老师上课有时候会找不到合适词语解释。开始感受并不是太好，看后续老师的上课质量再评分
190395,5693,李学进,2024-03-01 00:29:00,5,5,0,老师准备地很用心，不是想象中晦涩难懂的力学
192738,5693,李学进,2024-05-30 00:58:42,4,4,0,老师真的很用心，非常关心大家的学习
193650,5693,李学进,2024-06-14 11:03:33,3,3,0,老师人很好
195484,5693,李学进,2024-06-28 09:18:57,4,4,0,李老师实在是善良热情，虽然讲课有点慢，但是能十分及时回复钉钉解答同学疑惑\n\n我感觉期末考分数有点问题，李老师立刻就去看试卷，发现是批改错误也很快帮我修正成绩了\n\n实在太感谢李老师了
196965,5693,李学进,2024-07-06 06:34:24,3,3,0,亲和的老师
199857,5693,李学进,2024-10-05 01:59:40,2,2,0,李老师讲课十分认真投入，内容纲举目分，条理性很强，而且特别善于举例，让同学理论联系实际，学习起来十分轻松，而且印象深刻，收到良好的效果。
200502,5693,李学进,2024-10-18 00:30:13,1,1,0,老师对待教学认真负责，语言生动，条理清晰，举例充分恰当
203309,5693,李学进,2024-11-19 05:17:55,1,1,0,老师教学认真，课堂效率高，授课内容详细，我们学生大部分都能跟着老师思路学习，气氛活跃，整节课学下来有收获、欣喜，使人对此门课程兴趣浓厚。
218094,5693,李学进,2025-04-21 02:32:47,0,0,0,李老师喜欢跟学生一块交流，向他询问问题回答清晰明了，不管问多基础的问题也不会不耐烦，耐心解决学生问题，是对我本科生涯有很大帮助的一位老师。
220509,5693,李学进,2025-06-18 10:28:44,0,0,0,老师上课讲得很细致，给分也很好
153659,5697,崔涛,2022-05-07 06:39:21,5,7,2,上课很喜欢问问题和耸肩
157564,5697,崔涛,2022-06-23 17:34:35,1,1,0,上了崔老师临时代课的工热，特意来给一个好评。崔老师比较注重学科思维内核，在整个授课过程中一直反复地强调思维逻辑与体系的构建。虽然因为临时代课不熟悉教学计划而导节奏拖沓（以及有时候在一些小的细节上纠结），但还是把课程的核心讲明白了的。个人觉得崔老师自己的传热学会讲得不错。
203324,5697,崔涛,2024-11-19 06:56:57,1,1,0,传热学基础每节课都点名或者点名回答
205799,5697,崔涛,2024-12-12 04:50:24,0,0,0,666
214040,5697,崔涛,2025-01-23 06:41:03,0,0,0,传热学基础快跑
137899,5749,周昊飞,2021-07-06 13:40:38,7,7,0,点名很频繁，课上写名签到，讲的还可以
157722,5749,周昊飞,2022-06-24 12:48:09,11,12,1,周昊飞老师yyds!理论力学1.5的垃圾材料力学3.6，我真的哭死！！！
175736,5749,周昊飞,2023-06-26 10:41:26,1,2,1,讲课挺好的，比较细致，老师人也很温柔，有时候会点名，平时分给分很好。材料力学刚出成绩，老师真的神捞！！！期末考感觉考的不太好，大题错了好几个，但是出成绩后比预料中的分数高了2个档次！周老师yyds！
175739,5749,周昊飞,2023-06-26 11:03:57,3,3,0,老师讲的还好，但感觉给分还是求是的，虽然是自己菜，但拿到低分还是有点难受
175876,5749,周昊飞,2023-06-27 04:45:18,2,2,0,讲课很有条理，考前还在钉钉群里说什么不考（应该是有人问他）。PPT很详细。
194674,5749,周昊飞,2024-06-25 02:26:08,0,0,0,老师人很好，上课讲的也很清楚，但可能是我太菜了没达到预期成绩
194739,5749,周昊飞,2024-06-25 07:27:03,0,0,0,上课很详细，但是不适合考试。老师人很好，但是给分真的...呃...都写出来了算一下期末才刚及格是怎么回事？而且身边统计学一下貌似并不是个例。
152949,5828,季葆华,2022-04-22 07:32:37,1,2,1,老师自己很牛，学科带领人，前两天刚刚入选2021高被引学者。可惜上课的时候感觉会卡住，推导公式的时候感觉自己绕不过来，不过能看出来态度是很好的
196964,5828,季葆华,2024-07-06 06:34:04,0,0,0,老师水平很高，就是生物力学学的内容和以前的力学课不太一样，感觉大家听的热情不高，有点心疼老师
217430,5828,季葆华,2025-04-10 09:11:08,0,0,0,非常好的老师 讲课非常的棒 很有实力 爱了
218845,5828,季葆华,2025-05-08 08:34:20,0,0,0,三点多上完课拖着不让走，快五点了有人走了就给你再来个点名
131662,5841,肖锐,2021-01-28 10:31:25,3,4,1,那必须没的说，10分
132546,5841,肖锐,2021-02-02 08:11:47,1,1,0,非常好的
133783,5841,肖锐,2021-03-05 08:54:07,2,3,1,肖老师非常年轻，上课也很有活力和热情，总是面带微笑，能看得出他对力学是真正热爱的；讲课声音洪亮，条理清楚；也非常关心学生，尽量减轻大家负担，大家好好珍惜
136950,5841,肖锐,2021-06-28 15:24:37,1,1,0,必须十分啊！！！！！宇宙超级无敌好的老师！！！又可爱又善良！！！给分宇宙超级无敌好！！！
144932,5841,肖锐,2021-12-26 03:30:37,1,1,0,锐神！
148632,5841,肖锐,2022-01-13 05:07:10,0,1,1,老师不会调分除了将将几个的分数外，都是考多少平时分拿多少最后总分就是多少
152948,5841,肖锐,2022-04-22 07:29:39,-18,2,20,老师人是真的好，可惜理论力学没学好87是力学专业课里面最低的一门了，有点点对不起老师。
164204,5841,肖锐,2022-12-19 07:37:46,0,0,0,很好的老师
170276,5841,肖锐,2023-03-02 11:36:24,0,0,0,真的很棒
180960,5841,肖锐,2023-09-29 13:40:50,0,0,0,讲课挺有意思的，年轻老师就是好
191913,5841,肖锐,2024-05-05 04:18:43,1,1,0,生动有趣，备课认真
201816,5841,肖锐,2024-11-06 12:41:33,2,2,0,听他的课感觉脉络清晰，老师也很努力减轻学生负担，很有激情，给满分
207773,5841,肖锐,2024-12-24 08:09:13,1,1,0,老师太好了
208110,5841,肖锐,2024-12-25 15:42:26,1,1,0,一日为师，终生为父！
208745,5841,肖锐,2025-01-01 08:21:51,-4,0,4,逆天。
210471,5841,肖锐,2025-01-09 08:16:33,2,3,1,讲课非常清楚，人也非常好。平时分也基本上是满分和接近满分的（作业交了，实验做了，签到不要一次都不来这种的）。只是说理论力学很看期末考试的发挥，占比比较大。非常推荐选择！
210494,5841,肖锐,2025-01-09 08:49:00,2,2,0,给分相当好，而且不仅课讲得清晰，也在尽力为学生减负
210507,5841,肖锐,2025-01-09 09:31:20,2,2,0,无敌了，传奇xr！
211693,5841,肖锐,2025-01-12 07:52:42,1,1,0,老师巨好无比，事少分高，宇宙男神。谈谈理论力学（乙），最关键的是考前历年卷搞懂，平时上课作业水水都没事。
214556,5913,高琪,2025-02-13 02:27:49,0,0,0,基于人工智能的流体力学，不太需要物理基础，会教你一些做ai实验的方法，对，不限于这门课，老师直接说你学的这些方法可以直接拿来去做别的课的类似作业，这点不错。\n\n\n\n不过最后出成绩的时候有点小乌龙，老师应该是把上传成绩忘了，邻近开学才看到……
141250,6075,罗佳奇,2021-09-27 10:31:32,3,3,0,航概课yyds
164843,6075,罗佳奇,2022-12-27 00:38:21,1,1,0,我上的航空航天导论，罗老师非常耐心，我可以感受到他对航空航天的热情，他会和同学们目光交流，而且在一学期仅有的一次点名前，提醒各位同学要来点名。事情非常少，只有一次点名加一次开卷考，不知道为什么选的人这么少，开卷考内容完全是翻书的，从来没学过物理也可以冲，快来选罗老师的课！！！
165775,6075,罗佳奇,2023-01-09 16:04:21,1,1,0,航空航天导论。三个老师上，评分标准课程任务不讲清楚，最后改线上课之后只留期末考。事情是真少，但是期末考开卷很不好找，特别像我这样的文科生，建议提前刷题库。体验不算坏，但是感觉期末考的成绩不至于只有这么一点绩点。
172950,6075,罗佳奇,2023-05-10 10:03:56,0,1,1,航空航天技术概论，提前把题库刷两三遍就满了，平时事情也不多
190149,6075,罗佳奇,2024-02-24 04:23:54,1,1,0,老师人挺好，虽然感觉他比较忙，但能回的都会回复，不方便群发的也会单独回复我，就点一次名且提前通知了\n\n但课不建议上，事略多，小组展示（还要画海报）+出去参观学习+最后开卷考试\n\n而且给分不算特别好，我点名到了，展示我们小组名列前茅，还参加公开课（可加平时分），最后复习了很久还认真答了，也只有刚到4.5的分数
213013,6075,罗佳奇,2025-01-15 14:51:32,0,0,0,坐标通识课《航空航天导论》。\n\n这门课由郑耀老师、罗佳奇老师、王高峰老师共同授课，成绩占比是考勤10%，论文展示/实践活动40%（看老师和飞机公司协商情况，有机会实践就出去看飞机，没机会的话我也不知道要干什么，可能要写论文），期末考试50%。本课会有三到四次点名，并且是纸质点名（一个一个念名字），建议不要翘课；但这门课课后无任何作业，事情很少，只有一次周六去上海参观飞机，水学分的话建议选。期末考试的话，题型为选择30%（0.5*60），填空20%（每个1分），概念题10%（2*5），简答题40%（5道题，有概念理解，也有某某事件的意义），开卷，能且仅能带一本教材。建议把题库（第五版）的题目在教材中的位置标好，并且把教材上的思考题做了。不过当然了，即使你不提前预习，大概率也是能找到绝大多数题的，实在找不到就算了。\n\n我请了一次假，实践活动去了，最后考试认真写了但没找全，最后总评89。这门课是没有助教的，出卷子、判卷子等事宜应该都是罗佳奇老师负责，89分肯定是被捞了，十分感谢罗老师。所以说考虑到这门课没什么课后任务来讲，这课给分还蛮好的。\n\n说完课程要求，再说老师们的授课。老师们都是行业内大牛，硬实力肯定是很足，讲课的时候也很认真（尤其是罗老师，能看出来特别有对航空航天事业的热情）。其中掺杂一些不深的物理知识，并不会让大家望而却步。这门课就像是老师说的，也不需要了解什么太专业的知识，只需要让大家培养一点兴趣就足够了。从这一点上看，我觉得这门课办的还是蛮成功的，给老师打个10分，希望越来越好。
123348,6100,李德昌,2020-06-04 15:17:18,13,15,2,老师讲课非常认真，备课充分，每一道例题都讲的非常清楚。重要的是，每一个知识点的基本原理，来龙去脉，都讲的非常清楚，逻辑清晰。
135209,6100,李德昌,2021-05-06 03:18:08,5,5,0,讲课很清晰！
175381,6100,李德昌,2023-06-24 10:47:22,3,3,0,谁不喜欢长的又帅，讲课又好，给分也好的德昌giegie呢
193649,6100,李德昌,2024-06-14 11:02:44,6,6,0,老师课讲得很好，人也很有趣，就是作业有点多呃呃呃呃，不过也不是什么问题
188359,6160,胡国庆,2024-01-18 18:04:23,0,0,0,卡绩，无话可说
192016,6160,胡国庆,2024-05-07 18:10:26,0,0,0,上的计算流体力学，不点名，按教材讲的，总的来说收获颇丰，32 学时把教材都讲完了，甚至还讲了软件工程的内容，就是第7章之后 CFD 的实例讲的稍微快点。
196959,6160,胡国庆,2024-07-06 06:29:29,1,1,0,老师其实很好
149298,6269,陈征,2022-01-15 04:19:56,1,5,4,好老师，课讲得不错，有问必答很热心，总是说有问题可以到他办公室找他或者直接打他电话，期末查分也很大方，非常nice
189960,6269,陈征,2024-02-03 18:26:23,1,1,0,期末会捞，讲课很好。
212542,6269,陈征,2025-01-14 07:15:35,1,2,1,自控，期末大捞特捞，爱死了
213551,6269,陈征,2025-01-18 07:17:43,1,2,1,6分，讲课还算清楚，但自己也不不熟悉ppt的感觉，会讲错。\n\n期末查分数钉钉邮箱都不回复，感觉个体差异很大，有的说给分好有的很差，会挂人，好几个朋友挂科了，也是一样的找老师是已读不回的，唉
141796,6341,郑阳明,2021-10-26 07:07:17,5,7,2,贼无聊
141973,6341,郑阳明,2021-11-02 11:16:08,3,15,12,研一上过郑老师最优化的课，讲宏观思路可以，讲问题细节一带而过，作业题有点难，会点名让人来展示
180919,6341,郑阳明,2023-09-28 07:01:22,8,8,0,研究生最优化课程，讲课古板，一周讲课，一周让学生讲题，三四十个学生把同一道题讲一遍
183657,6341,郑阳明,2023-11-28 07:44:35,5,6,1,他上的djj还是算了吧\n\n上点什么都不知道
185957,6341,郑阳明,2024-01-06 12:54:29,4,4,0,djj教的一塌糊涂，作业也不怎么布置，布置了也不通知，连学期初展示给我们的教学任务都没完成，一学期基本靠自学
189803,6341,郑阳明,2024-01-29 15:08:14,20,21,1,刚刚收到了计算机科学基础（A）挂科的喜讯，觉得自己应该和大家分享一下经验\n\n首先，zym上课非常无聊，ppt和资料都是几年前的，所谓一p传三代，人走p还在，讽刺的是，今年我们的计算机还在大肆宣扬改革，改革的成果稍后再评\n\n其次，上zym的课你一定要非常主动的去了解信息，他是不会告诉你的，尤其是小测和考试，他只会把那些老掉牙的资料上传，或者发群里\n\n再次，我很难不吐槽计算机的考试形式，期中考试考office软件和常用软件，我觉得考试会让我们去用word排版论文，用excel提取数据，做一个ppt母版之类的，但实际上完全没有，全是选择题，问你某某功能在哪个选项卡里之类的毫无实际意义的题，典型的赵括培养测试\n\n最后，锐评期末考试的改革，依托答辩，你这门课直接改名python算了，zym会直接甩个两百七十九页的python入门ppt给你，看完之后你只会感觉灵魂升天，毫无卵用，上课主讲的，以及期末专门复习的计算器基础知识，那是一点都不会考的。浙江本地的高中可能还接触过python，但作为外省考进浙大的我，只感受到深深的恶意\n\n以上全是本人带有主观情绪的看法，听信与否，还请自行甄别，zym也有好的地方，比如在群里@他，他都会回复你，不管有没有用
189893,6341,郑阳明,2024-02-01 13:11:01,8,9,1,谢谢你挂科人
190041,6341,郑阳明,2024-02-14 05:28:28,1,4,3,不要觉得你要退休了而且是最后的大计基课程你就可以胡乱对待自己的学生
206267,6341,郑阳明,2024-12-13 12:24:50,3,3,0,无敌了
209974,6341,郑阳明,2025-01-07 16:11:55,0,2,2,蓝的盆
210029,6341,郑阳明,2025-01-08 03:14:35,0,2,2,该讲的不讲，就是来学校混日子的
210243,6341,郑阳明,2025-01-08 14:01:41,0,1,1,逆天了
212341,6341,郑阳明,2025-01-14 01:45:14,0,0,0,蓝的盆
212424,6341,郑阳明,2025-01-14 03:46:48,0,0,0,难绷，，，
212445,6341,郑阳明,2025-01-14 04:14:11,0,0,0,呵呵呵………
212460,6341,郑阳明,2025-01-14 04:45:26,0,0,0,讲的实在不怎么样
212690,6341,郑阳明,2025-01-14 13:16:10,0,0,0,蓝的盆
213348,6341,郑阳明,2025-01-17 04:22:01,0,0,0,大计基啥都不会，已经放弃了，结果75
215748,6341,郑阳明,2025-03-05 06:06:20,0,0,0,zym研究生最优化课程，ppt岁数比学生大，纯复读机，总共八节课，四节课学生讲题，四节课他讲课，每个人至少讲两次，每次你讲不讲在下面他现场摆弄纸条抽签，不会提前告知。\n\n学生讲的题大致分两部分，一部分死板书本题，一部分叫学生自己在生活找对应的最优化问题自己解决（前期）或写代码（后期），学生讲题他在下面戴着耳机不知道在搞什么勾八，人还怪好的给学生留了另一只耳朵，纯厨神，恶心的要死。
146794,6589,马志鹏,2022-01-07 12:47:55,-18,4,22,事少（相对），给分好。就是英语有点塑料（doge）
161324,6589,马志鹏,2022-11-04 06:31:39,25,25,0,事很多，被说事少那个坑了，节节签到提问，还要有大作业，还有考试，谁选谁后悔。
164585,6589,马志鹏,2022-12-22 05:24:02,20,21,1,能换别的老师建议无脑换。课上的差，事贼多，变着花样签到扣分还跟学生吵架。
166879,6589,马志鹏,2023-01-14 05:18:51,-1,1,2,我毛巾觉得不错。
166880,6589,马志鹏,2023-01-14 05:24:11,0,7,7,模糊给分好，中间作业多，点名多。考核就一个大作业，大家分一下量适中。上课感觉一般，主要每节课点名回答难绷
181687,6589,马志鹏,2023-10-28 06:49:39,18,18,0,很想给零分，上课水平一般，节节课点名、抽人回答问题，考核不仅要课堂报告还要写大作业
186982,6589,马志鹏,2024-01-14 04:06:59,14,15,1,纯出生，SB老师
190071,6589,马志鹏,2024-02-19 06:10:13,16,16,0,避雷逆天老师，强制使用大规模贩卖、泄露学生信息的学习通签到，讨论题目匪夷所思，个人缺乏基本逻辑和汉语能力，在考场修改考试规则，并恬不知耻的说出你们找出录像我就承认。
198936,6589,马志鹏,2024-09-13 06:46:45,18,19,1,很久没这么想喷一个老师\n\n他的工程伦理谁上谁知道\n\nsb不解释
199101,6589,马志鹏,2024-09-17 10:53:55,22,22,0,研究生学你这个课有p用的，还变着花样签到，纯出生，还辩论，对学生成长有什么用？
199661,6589,马志鹏,2024-09-27 06:41:56,24,24,0,第一次在浙遇到这么奇葩的老师，求求了工程伦理交给哲学院上吧
199668,6589,马志鹏,2024-09-27 07:26:19,19,19,0,抽象老师，事巨多，天天签到签退讨论提问，最抽象的是，第一节课讨论全面禁止日本海产品对不对，遇到说不对的就一顿怼，结果一周前放开了，好一个回旋镖
199671,6589,马志鹏,2024-09-27 08:38:51,13,14,1,上个b水课还摆架子
199732,6589,马志鹏,2024-09-28 09:34:05,15,15,0,来浙五年最有病的老师 没有之一  本来可以早一天回家的呵呵
199755,6589,马志鹏,2024-09-29 03:09:07,17,17,0,纯出生，学生么只需要周末连轴上课就好了，而傻逼马志鹏要考虑的事情就多了
199757,6589,马志鹏,2024-09-29 03:23:59,12,13,1,纯傻逼，不多说
200103,6589,马志鹏,2024-10-13 06:40:30,11,12,1,研究生出差不允许请假，问就是不属于不可抗力，你不去不就行了😅😅😅
200967,6589,马志鹏,2024-10-25 12:24:48,7,7,0,点名怪qaq
201152,6589,马志鹏,2024-10-29 11:03:08,3,3,0,呵呵呵
201189,6589,马志鹏,2024-10-30 02:13:42,5,5,0,终于就剩一节课了，再也不用受折磨了
201242,6589,马志鹏,2024-10-30 14:59:36,4,4,0,滚呐这老师
201297,6589,马志鹏,2024-10-31 08:09:33,8,8,0,傻逼出生我鈤你老木
201765,6589,马志鹏,2024-11-06 04:19:08,4,4,0,这是啥必修的课啊
201846,6589,马志鹏,2024-11-07 02:14:29,4,4,0,能跑就跑吧  劝退
203449,6589,马志鹏,2024-11-19 15:14:14,3,3,0,能不选就不选，究极劝退
203758,6589,马志鹏,2024-11-21 02:43:36,4,4,0,怎么还不出分，拖
214931,6589,马志鹏,2025-02-19 07:00:10,3,3,0,24年秋学期的课到现在还不吃分？又傻逼又懒狗
215312,6589,马志鹏,2025-02-25 05:47:46,2,2,0,航院的模糊控制课，英语稍微有点塑料，但是东西比较硬，24的考核略考察能力，给分还行
215993,6589,马志鹏,2025-03-09 04:51:27,2,2,0,一次课可以点三次名（开始，中间，结束）。研究生课你要干啥。我一次点名没缺，该完成的都完成了。最后80多（可以解释这个分数的就是上课学习通答题，前面几个（点赞顶上去的答案）被他叫起来回答有额外分）。研究生其实分数没啥大用，就是觉得挺恶心的操作。
216957,6589,马志鹏,2025-03-30 11:33:04,2,2,0,觉得眼熟？🤔\n\n这样的场景，此时此刻正在折大的各处上演！😨\n\n下一个可能就是你👈\n\n😉That is ~\n\n除非你能做出生命中最重要的决定🤛\n\n向所有人证明，你拥有追求赤石的力量与勇气✊\n\n加入mzp的工程伦理吧！🚀🚀🚀\n\n成为全折大精英中的的精英！🤠\n\n见识奇异的马戏团👽\n\n让mzp式教学惠及整个星系🤟\n\n成为构思🥰\n\n成为拉吉😍\n\n成为挂科潜兵！😆
217511,6589,马志鹏,2025-04-12 02:38:56,1,1,0,抽象至极
219916,6780,滕来,2025-06-11 04:05:42,1,1,0,上课声音好轻，生怕学生听到似的...
194370,6869,朱书泽,2024-06-23 11:49:24,0,2,2,上课无趣 作业超多
195476,6869,朱书泽,2024-06-28 08:05:52,2,2,0,上课没意思，读PPT
218727,6869,朱书泽,2025-04-29 15:01:50,4,4,0,朱老师实力是有的，他是真的强。我看了他的论文，理论大神。但是，他上课实在太差了，飞速读ppt，ppt上又全都是公式，根本听不懂。他的作业，他自己以为很简单，但实际上如果不是做固体力学做计算的同学，难度超级大，而且作业量也很大，每一题都算分。不说了，反正我很后悔选他的课
220412,6869,朱书泽,2025-06-18 01:05:47,0,0,0,上课讲的感觉很快 也没意思
128348,6880,金台,2020-12-20 23:59:10,9,9,0,给班主任一点面子
136042,6880,金台,2021-06-10 06:29:46,7,7,0,金老师当班主任真的特别特别认真负责，班会都来的，然后也很关心班里的同学和事情。人也和和蔼很平易近人，超棒der
216163,6880,金台,2025-04-02 01:55:40,2,4,2,课程：人工智障A\n\n抛开这门课，老师还是非常非常不错的感觉。但是Python和人工智能的水平真的不是很高，毕竟肯定比不上计院的老师。如果你一定要学这门课，那么选他还行吧
217090,6880,金台,2025-04-03 07:23:17,0,1,1,老师还行，是人工智能基础A课程设置的问题。我当初也不知道干嘛，自己培养方案上没有这个可课，看别人都学，就去选了。
218244,6880,金台,2025-04-22 08:01:06,1,2,1,人机课。不太点名，小测不是很多，允许大模型使用。课程很烂，老师讲课和计算机水平真的不行（认真听半学期课后的个人评价）
219648,6880,金台,2025-06-03 12:15:23,1,1,0,我是人工智能基础A班上过来的。老师讲课超级好，人也很温柔，而且特别帅。给10分满分了。
220699,6880,金台,2025-06-19 08:50:54,0,0,0,人工智能基础课的问题最大，我怀疑是不是非计院的老师来授课就会像这样念ppt，但也怪不得老师，因为ppt内容很跳跃，前后章节连贯性一坨，章节内部知识点难易程度分布也不合理，而且课本就是ppt内容，买了也没什么帮助，期末还闭卷，导致老师上课没人听，听了也听不明白，做作业吧靠ai，期末考试又用不了ai。。。
170872,7342,吕强锋,2023-03-11 02:30:20,17,17,0,评价就一个字，烂\n\n比上课念PPT更烂的境界，PPT摘抄的书，约等于上课念书，公式都不肯自己手打一遍；\n\n美曰其名课后作业放课上做，其实只是为了掩盖备课内容的缺失，毕竟纯念书一章又能讲多久呢（笑）；\n\n上课布置的题目自己没有尝试，甚至不会讲解；\n\n完全没考虑有些同学可能本身没有学习过理论力学或者基础相对薄弱，仅仅只是讲课本内容，并没有回顾理论力学的相关知识；\n\n目前只上了第一节课，看看老师之后是否会改进，不然真的很难想象这门长学期的课怎么上。
171388,7342,吕强锋,2023-03-23 05:45:34,9,9,0,差到极致的老师\n\n大学本科至研究生五年不曾见过这样对待课程的老师。\n\n自身基础理论孱弱，上课只会照本宣科念书，较自习而言过程又臭又长，又不愿意花时间认真备课理解向学生传授，只能利用上课花大量时间做课后习题来延长课程时间，而做完对习题的讲解甚至也只是复读书上的原文，每次上课都是在浪费人生的一个下午。上课完全是为了达到学校上课时长要求而对学生毫不负责，这种教学方式和课程的存在对于教师和学院来说都是一个污点般的存在。
171389,7342,吕强锋,2023-03-23 05:51:14,6,6,0,能不能去教选修课的，别教高等动力学这种重要而且对博士生来说是必修的课。\n\n就没见过这么差的老师。\n\n自己不会还不去学。\n\n基本的理论力学都不会，滚动问题还能说出摩擦力做功我是真没想到。
172422,7342,吕强锋,2023-04-26 13:51:30,2,3,1,每周四节课，基本上有三节课是让大家自己做题
180402,7342,吕强锋,2023-09-21 12:10:59,5,5,0,测测你的马，sb老师，就知道念个ppt，p都不懂，怎么当上浙大老师的，课本上的字你念的一字不落，课本以外的字你是一字不提
181748,7342,吕强锋,2023-10-31 01:12:19,1,2,1,教这么烂真没想到，一直念ppt，你讲的啥都不知道，你咋不看看有多少人听课，垃圾老师
181751,7342,吕强锋,2023-10-31 02:17:06,3,4,1,辣鸡。自己都搞不清楚就来教，照着书念公式都念错，都写到黑板上了也意识不到。讲一页PPT之前先停顿一下，看明白了ppt再照着念，那备课是干嘛的，连课件都不熟悉。怎么有这么不负责任的老师，对待课程和学生就是这个态度吗。
181925,7342,吕强锋,2023-11-05 12:57:03,6,6,0,如果在一间教室里，有希特勒、墨索里尼、吕强锋，给我一把枪和两颗子弹，我会杀吕强锋两次
181967,7342,吕强锋,2023-11-07 01:03:02,-1,0,1,作业贼尼玛多
183984,7342,吕强锋,2023-12-05 10:26:46,0,0,0,你能够领先隔壁老师4、5章真的牛逼，上课就知道读书，让我我也行，纯sb
185071,7342,吕强锋,2023-12-26 05:27:11,0,0,0,依托答辩
187290,7342,吕强锋,2024-01-15 11:50:03,-1,0,1,上课依托 快跑
189446,7342,吕强锋,2024-01-24 09:07:41,1,2,1,给一半吧，虽然上课一坨，但是给分还可以
198897,7342,吕强锋,2024-09-12 14:23:23,2,2,0,我谢谢你，我润了🌚
198903,7342,吕强锋,2024-09-12 22:10:17,0,0,0,叹为观止
213676,7342,吕强锋,2025-01-19 05:37:09,0,1,1,我的认识实习还没出分这是正常的吗……
219577,7342,吕强锋,2025-05-30 03:27:29,1,1,0,我是在24-25学年秋冬学期学的他的课，一开始我确实觉得吕老师教的很不好，就是念PPT。然后上了三次我是在忍不了了，发了封邮件给他，指出我对他沉闷的教学方式的不满。但出乎我意料的是他竟然认真给我写了封回信，很诚恳的接受批评并表示会改进，这让我对他起了一丝好感。之后我线上线下都问过他一些题目，他会自己做一遍然后把解答发我，我觉得这一点已经胜过很多老师了。之后我估计他也是吸取之前上课的经验进行了改进。改成只要上课的时候上去讲解一道准备的题目就能把平时分拿满，也没签到什么的。其实我觉得理论力学这门课老师影响不大，只要平时分给满就很可以了，之后考试都是靠自己的，因为我最后考的很好所以我觉得他还是不错的，之后越有经验的话应该会教的更好
173357,7464,黎军,2023-05-21 04:13:39,2,4,2,上课无聊
175454,7464,黎军,2023-06-25 04:12:52,-10,6,16,智能无人机系统，上课记得多发言，考前过一遍PPT，满了。
190537,7464,黎军,2024-03-07 11:44:49,1,1,0,上课声音小，很无聊
191669,7464,黎军,2024-04-27 10:17:29,16,18,2,智能无人机系统，安排极其不合理，上课内容90%和航概重复，老师上课也是读PPT。最后两节课组装和试飞无人机，给的时间也太少，也不是所有人都能参与进去（人员冗余了）。感觉不如设置在夏学期，等航概上完再开，减少课上重复的内容，可以多教一点无人机软件、无人机组装方面的知识，让大家都能参与进去，也都有机会试飞。
192095,7464,黎军,2024-05-09 05:10:56,7,7,0,评分从八点多降到四点多是有道理的
192099,7464,黎军,2024-05-09 07:29:07,16,16,0,纱布玩意
192106,7464,黎军,2024-05-09 07:47:39,5,5,0,给分巨差😅😅
192108,7464,黎军,2024-05-09 08:09:47,6,6,0,课很无聊，内容很多跟航概是重复的。\n\n上课读PPT，作业抄PPT，而且要抄要画的很多；\n\n无人机组装需要早上7：30去玉泉上课，人员安排冗余；\n\n目前看起来给分也不咋地\n\n还有基本每节课都要拿名单一个个硬点，喜欢睡觉的千万别来
192110,7464,黎军,2024-05-09 08:34:03,4,4,0,上课是要点名的，作业是每节课都有的，考试是不划重点的，教材是一点用都没有的，给分是绩杀的
192119,7464,黎军,2024-05-09 12:17:10,4,4,0,智能无人机系统给分也太差了吧，还有考前连个题型都不说，还得自己找学长学姐问，，，，纯纯拉均绩
193280,7464,黎军,2024-06-05 14:10:43,0,3,3,无人机组装要大清早打的跑去玉泉上课是真的令人无语的安排，过去不还是坐在教室里对着说明书装？看不出任何去玉泉的必要性。实际无人机组装也是图一乐，想划水可以全程啥都不干，想多参与可以多拧几个螺丝，最后操纵无人机试飞的或许体验会好一点吧。作为通识课或许可以玩一玩，作为专业课…
212061,7535,林昭武,2025-01-13 06:30:09,1,1,0,【理论力学（乙）】\n\n非常好的老师，与其他老师不同，上课讲完知识点后会带着同学做题。老师每道题会给同学们一定时间做和思考，然后老师讲解，而不是老师一直讲讲讲而同学们缺少思考时间。我认为这种教学方法是老师的一大亮点。\n\n给分来说，平时分能捞的基本捞满了（去黑板上写题有加分），就小测纸质考试算一次点到，小测难度也不大（前提是要学）\n\n总的来说，只要上课跟着老师进度走，下课踏踏实实弄懂知识点完成作业，分数不会低。
201029,7623,刘尧龙,2024-10-27 12:10:06,22,24,2,小蚊子
201083,7623,刘尧龙,2024-11-14 07:06:12,6,10,4,纸章玩意 这种人都能上课
201858,7623,刘尧龙,2024-11-07 03:30:34,-7,5,12,老师还是很善的，但是授课方式确实需要改进
202440,7623,刘尧龙,2024-11-12 18:14:47,15,15,0,给分烂，大作业要求不明所以（也压根没教怎么做），考试全是问答分析题，大奋课程
202459,7623,刘尧龙,2024-11-13 00:17:32,11,12,1,我澡祢冯
202460,7623,刘尧龙,2024-11-13 00:20:13,12,12,0,飞行器结构设计基础，shi一样的课，上课读ppt念经，大作业什么也不教，考试全是简答题给分还差
202486,7623,刘尧龙,2024-11-13 01:56:06,4,6,2,神经病，给分差到爆，全是主观题甚至还卡绩，cnm
202527,7623,刘尧龙,2024-11-13 03:28:51,-9,5,14,看得出来老师想把这门课上好的，不过第一年感觉什么都不是很完善，给分制度也不清楚，大作业不知道怎么做能拿高分。考前ppt全部看了一遍做了个资料，最后成绩还不错，希望下一届有改进吧！
202532,7623,刘尧龙,2024-11-13 03:42:51,6,6,0,不会上课建议别上
202562,7623,刘尧龙,2024-11-13 06:43:58,10,10,0,给分确实很差，而且对自己的分数情况很难把握，大作业没有具体要求，平时分不明，考试全是简答，感觉当了学校开课的小白鼠
202619,7623,刘尧龙,2024-11-13 11:29:44,9,10,1,飞行器结构设计基础——2024年秋学期新开\n\n1、上课：没有语调，但仔细听也能听进去\n\n2、作业：简直垃圾，三次小作业，一次大作业，小作业让我们自己学习飞行器技术，大作业让我们自己造飞机部件，关键上课也不讲关于作业的，软件啥的都得自学。\n\n3、给分：虽然他说了不会挂人，但是给分也烂
203703,7623,刘尧龙,2024-11-20 14:48:02,2,2,0,这种人不配上课
194262,7779,荣臻,2024-06-23 02:53:34,5,5,0,上过最无聊的实验课
220015,7779,荣臻,2025-06-13 13:21:28,0,0,0,11号下午考的试，13号晚上就出分了，效率这一块
144502,7870,叶青青,2021-12-22 02:14:33,6,10,4,人美声甜，上课讲的也不错，细节也注意到了，更会照顾理解慢的同学（有同学那里没听懂吗？），只要你肯开口回应她哪里没听懂。每次上课都是享受。
145924,7870,叶青青,2022-01-04 11:12:05,3,5,2,真的好好看，而且讲的也非常仔细。
151084,7870,叶青青,2022-02-23 01:59:13,2,3,1,老师好好看hhhh
160981,7870,叶青青,2022-10-23 02:40:16,2,3,1,青青姐真的长得很好看！！！人也很好呜呜呜！还有可爱修勾呜呜呜！！！美女老师！快去抢她的课呜呜呜！！！
160982,7870,叶青青,2022-10-23 02:40:36,0,1,1,漂酿温柔大美人~
160983,7870,叶青青,2022-10-23 02:41:22,1,2,1,青青姐真的好好看，人也超级好，解答问题也很耐心
160990,7870,叶青青,2022-10-23 09:35:06,0,1,1,温柔美丽的叶青青老师～
171850,7870,叶青青,2023-04-07 17:57:00,0,2,2,实验流体力学ppt做的差
176458,7870,叶青青,2023-06-29 03:19:18,1,1,0,在力学系里感受到了浓浓的师生情
181603,7870,叶青青,2023-10-24 04:14:52,2,2,0,人美心善，好沟通，完美老师不多说😭😭😭
192015,7870,叶青青,2024-05-07 17:55:29,0,0,0,叶老师学术水平很好，是代尔夫特理工毕业的，讲课温柔仔细，不懂的都会认真解答。
217682,7870,叶青青,2025-04-15 06:02:15,0,0,0,理论力学，人美声甜，ppt精良，从不点名，梦中情师
138561,7950,高扬,2021-07-10 00:00:48,1,14,13,一个班只有十来个绩点上3的，自己品…
138892,7950,高扬,2021-07-11 14:44:20,4,19,15,材力总评均分62.。。。说期末题很多坑，自以为材力学的还算可以，历年卷每题都会做，考试也觉得稳了，结果卷面不及格。。。我是直接想跳楼了。他说题目很tricky， 很多坑，个人认为真没必要这样，本来课程并不难，期末考试能不能别这样恶心人。OK，就算是我认了，卷子可能也不是一个老师出的，但是我问过的其他班都有调分啊，这就一点不调，公平吗？其他课辛辛苦苦拿到的还不错的绩点，就这样没了。。。最后再说两句吧，老师是新老师，年轻，讲课其实也还可以，个人感觉比较随和，不点名，不过是和zp一块上的，zp会有不定期小测，就这样吧，我恨材力。
139193,7950,高扬,2021-07-13 08:02:03,6,14,8,上课很棒，给分差到爆
139561,7950,高扬,2021-07-17 08:58:35,1,12,11,快跑，虽然不点名但是给分很差
141127,7950,高扬,2021-11-26 14:16:01,0,12,12,。。。
143267,7950,高扬,2021-11-22 15:54:12,7,17,10,很好的班主任
143268,7950,高扬,2021-11-26 14:04:41,0,12,12,嘿嘿嘿
143272,7950,高扬,2021-11-22 15:53:38,1,11,10,高杨嘿嘿🤤🤤高杨🤤🤤
143317,7950,高扬,2021-11-23 08:37:43,0,9,9,建议不用刷分，毕竟是给选课的人看的
144357,7950,高扬,2021-12-21 06:58:19,-5,4,9,给分差！
174698,7950,高扬,2023-06-16 02:28:20,0,0,0,asmr
177240,7950,高扬,2023-07-02 11:48:23,6,8,2,给分才不差！\n\n很好很亲和的老师，还从不点名。
202099,7950,高扬,2024-11-09 09:59:45,0,0,0,秋招了，被问材料力学成绩，md气死我了，回来给差评。都硕士毕业了，还在被他的材料力学给分恶心，当时挂了1/3还多，4学分的课均分比别的班能差20分，气死我了
163320,8057,边鑫,2022-12-12 15:47:54,1,5,4,边老师说自己课上不会每页读书式教学，祝他能数十年如一日地坚持。
198460,8057,边鑫,2024-09-09 05:34:25,0,0,0,边老师讲课很好
199287,8057,边鑫,2024-09-20 11:25:12,0,0,0,老师作业好多好多好多好多
202119,8057,边鑫,2024-11-09 15:15:09,0,0,0,考试很烦
215563,8057,边鑫,2025-02-28 10:42:25,-1,0,1,挺一般的
218637,8057,边鑫,2025-04-28 01:27:36,0,0,0,牢边是个好人，做事太认真罢了~
201311,8127,尹冰轮,2024-10-31 12:07:04,0,1,1,要求的作业和本人研究方向完全没关系，根本用不上。浪费时间。早知道不选了
128120,8196,孙书剑,2020-12-08 03:02:51,0,2,2,我和我的学校 | 浙大这5年，有我见证！\n\nhttps://mp.weixin.qq.com/s/6GTF-z0fciMHnEzvkA7XNQ\n\n5年间，孙书剑先后荣获\n\n中国大学生自强之星标兵、全国向上向善好青年、\n\n中国大学生年度人物、\n\n浙江大学竺可桢奖学金等荣誉\n\n参与了10型20星的研制和论证工作，\n\n担任浙江大学皮星二号卫星发射调度。
168194,9269,卜叶强,2023-02-01 10:24:33,11,14,3,客观地说，卜老师讲得挺好的
169118,9269,卜叶强,2023-02-24 11:17:00,3,3,0,卜老师年轻有为 幽默分股 才富五车 是我们学习的榜样
169119,9269,卜叶强,2023-02-24 11:18:00,6,6,0,楼上是否有点。。。这不还没上课呢，不过听学长说老师人很好，也是年轻老师，刚工作，科研能力很强，应该能上好课？
169122,9269,卜叶强,2023-02-24 11:21:43,2,2,0,朴老师对学术研究实事求是，客观公正的态度和对学生温文尔雅，亲切和蔼的姿态令人印象深刻。
169126,9269,卜叶强,2023-02-24 11:45:16,5,5,0,卜老师上课太有趣了，宝藏老师
169133,9269,卜叶强,2023-02-24 11:43:20,3,3,0,u1s1，想当年朴老师风姿卓越，这课给分跟他体重一样高
170352,9269,卜叶强,2023-03-03 04:42:06,2,2,0,好好好
176462,9269,卜叶强,2023-06-29 03:44:59,4,4,0,亚索还行
179932,9269,卜叶强,2023-09-20 04:18:53,1,2,1,看过卜老师直播课，海星
195049,9269,卜叶强,2024-06-26 13:39:58,0,0,0,虽然还没出分，但来说一句，材料力学乙我感觉他讲的最清楚，也比较负责，会关心大家有没有听懂，不是那种ppt朗读机
196932,9269,卜叶强,2024-07-06 03:11:37,0,0,0,老师人很好，关心学生，讲的也很好，好好听包赢的
200695,9269,卜叶强,2024-10-21 04:48:59,0,0,0,卜老师TQL！
220559,9269,卜叶强,2025-06-18 13:41:25,1,1,0,一开始选课的时候不想选这门课来着，但是看查老师发现授课老师评价不错就选了。果然没选错。老师授课风格比想象中的有趣，给的期末分数客观又不失美丽，值得推荐！
167217,9271,夏一帆,2023-01-15 06:02:28,12,15,3,没上过老师的课，但是他是我的班主任，人超级好超级负责，而且学识很渊博，真的是一位好班主任
168462,9271,夏一帆,2023-02-17 07:42:02,9,11,2,高中作文40出头水平。上了老师的大学写作课，水了一学期给了4.5；我直接吹爆。讲的也很好
173045,9271,夏一帆,2023-05-15 09:38:10,9,10,1,老师是班主任，也修了他的大学写作，课程内容航空航天类很多，看得出老师对航空航天的热情，很细心，会给同学们改文章，收获很大！
178690,9271,夏一帆,2023-07-18 05:07:27,6,6,0,趁夏老师还没被大家发现赶紧偷偷去选吧！！\n\n老师真的特别好，由于是新老师班级人比较少，一个班二十人左右，基本上每个人的文章都被老师和助教亲自改了两次。\n\n课程要求是一篇读书报告一篇科普文章，都认认真真写并且根据老师要求去改了，两篇总评只扣了2.5分！\n\n另外老师真的很喜欢航空航天，本专业的学生或者是对航空航天感兴趣的大胆选！
189216,9271,夏一帆,2024-01-22 11:39:28,0,1,1,好老师（虽然卡🐔了），但是我吹爆
190323,9271,夏一帆,2024-02-28 03:08:12,1,1,0,老师人很好，给分也不错的 一直水课拿了4.2 作业只有读书报告和科普文章写作 还是挺轻松的。建议对航天工程有兴趣的人报选（作业的主题基本和航天有关）
213428,9271,夏一帆,2025-01-17 09:53:21,0,0,0,老师真的很用心，会给每一篇文章点评和指导，作业就是一篇科普文章和一篇读后感，给分超级nice！对航空航天感兴趣的话体验会更好
215117,9271,夏一帆,2025-02-21 11:29:57,0,0,0,大学写作的主题是有关航空航天的。作业只有一篇读书报告和一篇科普文章，会在课上一篇一篇文章点过去然后提修改建议，很不错。上课积极发言，代表小组pre的话老师会比较容易记住你。总而言之，老师还是挺不错的。
189420,9272,杨栩旭,2024-01-24 04:16:46,3,4,1,无脑选好吗\n\n老师长的帅讲课好给分也好
191586,9272,杨栩旭,2024-04-25 11:23:24,5,6,1,老师长的比我年轻，吃什么长大的（❤❤sukisuki
193607,9272,杨栩旭,2024-06-13 15:30:25,3,3,0,理论力学是杨老师教的，讲的真的很好，不愧是哈佛的高材生
194663,9272,杨栩旭,2024-06-25 01:51:04,0,0,0,很好的老师（虽然成绩没出
198542,9272,杨栩旭,2024-09-10 01:23:12,0,0,0,求求了
204097,9272,杨栩旭,2024-11-24 06:00:35,1,1,0,杨老师人帅讲课清晰，讲题目会一步一步推导，课程节奏也比较合理
205300,9272,杨栩旭,2024-12-04 06:19:48,3,3,0,杨老师很谦虚，第一节课说自己讲课水平不好，大家也可以去参考贾铮和王永老师的课程，事实上杨老师讲的也非常好，讲解很清晰明了
213345,9272,杨栩旭,2025-01-17 04:20:00,2,2,0,谢不挂之恩
217639,9272,杨栩旭,2025-04-14 10:50:35,2,2,0,老师讲得比较细致，几乎不点名
220109,9272,杨栩旭,2025-06-15 04:02:55,2,2,0,和ltf老师一起开的材料力学，有一半多的课时是杨老师上，讲得很好
221254,9272,杨栩旭,2025-06-22 09:07:19,1,1,0,人太少了会点名
217916,9273,幺周石,2025-04-18 02:28:05,3,3,0,老师很好，推荐现代电子系统设计，给分很好而且老师很热心有问题都可以找老师问，大作业买器材老师都能报销，很适合想发挥想法的学生
221471,10081,熊诗颖,2025-06-24 03:09:31,1,1,0,老师人挺好的，考虑细致周到，回复问题很快很礼貌。不过讲课有些含糊应该是经验不足，而且感觉老师比较年轻还没从苦命早八学生完全进化成苦命早八老师，早八上课会偶尔打哈欠并且有一次课间老师趴在桌上睡着了，很可爱（）不过话说回来人工智能基础A这种课上课体验感不好不是老师的问题，完全是shi课的问题。最后老师给分还是良心的，有在努力为同学们着想，给个9分吧
200350,10199,毛国勇,2024-10-16 07:04:40,1,1,0,可爱捏
206588,10204,伍斌,2024-12-16 09:13:01,1,1,0,很好的老师
206794,10204,伍斌,2024-12-17 14:41:01,1,1,0,今年第一次代陈伟球老师上课，水平很高也很负责。课讲得也很好
209121,10355,周凯,2025-01-04 14:38:36,0,0,0,棒棒棒
214234,10355,周凯,2025-01-30 03:36:00,2,2,0,写在前头：互联网并非法外之地，一切言论都以本人和组内学生的亲身经历，\n\n  如果是上周凯的课，他应该会表现出非常热情的一面，当然人热情都是一开始的，如果想跟他做一些关于学术的，建议考虑一下。理由如下：1.他会拿身边事情来给你立威，即使他不懂，也会装作很懂得样子，美其名曰：你看我又要说你，你又狂妄了。他会在学生面前表现出极高身份地位，所有学生都必须对他俯首称臣。2.组内忙不过来，他就会找其他申博来写本子，美其名曰：我是在提前培养你，这不是在压榨。其实不然，根据一位本科学生所说：他是忙不过来，打算放弃了，但是还在浙大考核期，刚好这个申博的人来了，于是拿捏住他的心理，好好压榨一波。不难看出，他总会拿一些别人所需要的东西来反复拿捏（我们称其为“小饼哥”），把人性和教职晋升规则玩的明明白白（他以此为傲）。3.在树立官威的形象上，他说的所有话都是圣旨，一旦你不小心发现他的问题，他会立刻叫你闭嘴。他会用大量时间说一些没有用的废话，如果你想发表意见，人家根本不会理你，把不尊重人发挥到了极点。4.他一开始总是会表现出很热情的样子，很好说话，言语中处处为学生考虑，表现出其一个学术底蕴深厚，人品德行高尚的浙大百人教授。但时间久了，他其实不会为学生的发展做任何考虑，学生的课题找他帮忙，最多嘴上说说，叫他帮忙根本不可能，美其名曰：学生必须学会多线程，他（真不要脸）自己上课还要科研。后面问他读博多线程嘛，他很快乐，就科研经常去骑车。己所不欲，勿施于人。自己都做不到的事情，让别人去做。通过牺牲别人的时间(他万金油的话术：培养你)，成就他在浙大这个平台上留下来，不得不佩服他的本事，能把阳谋玩的如此厉害。\n\n  总结：以上就是这种人品低劣的一些表现，当然还有很多！希望航空航天学弟学妹（本科 硕士 博士）能够刷这一评论，提早避雷，去一些品行更优秀的老师，做出一些更优雅的作品，活出一个精彩丰富的人生。
219106,10664,Jianping Yan,2025-05-21 13:02:03,3,3,0,听不懂
219802,10664,Jianping Yan,2025-06-06 12:31:32,0,0,0,来浙大两年了，感觉上课上的最差的一个老师。。。
