评论id,老师id,老师姓名,发表时间,点赞减去点踩数量,点赞量,点踩量,内容
245,113,吴勇敏,2015-03-14 17:50:55,45,57,12,很有气质，讲课很清楚。
46790,113,吴勇敏,2017-09-16 13:07:20,-10,4,14,无语了
47278,113,吴勇敏,2017-12-17 22:58:51,26,26,0,老师讲课讲的很好啊 特别清楚有条理
60059,113,吴勇敏,2017-10-09 04:36:17,0,6,6,谁说不点名，我特么刚刚被点了，很绝望。
68845,113,吴勇敏,2018-01-24 03:30:25,9,13,4,保险法：一般是闭卷\n\n题型：单选；多选；简答；论述；2个案例\n\n建议复习：1.全面复习法条；2.课件（最好平时有笔记的那种）
70275,113,吴勇敏,2018-01-26 10:33:25,7,9,2,老师讲的很好，也认真复习了，然后给分跪了。
70322,113,吴勇敏,2018-01-26 12:37:35,12,14,2,哇  给分感觉挺低的吧   我感觉保险法是我复习的最好的一门了    考下来的感觉也还行  但是分数不高? ?☹️ 懵\n\n\n\n不过吧  老师课讲得挺好的
70452,113,吴勇敏,2018-01-26 15:50:43,5,8,3,老师讲课很好处理实务也很机智。但我没看完法条呜呜呜呜呜呜呜呜呜呜呜呜呜下一届的宝宝记得要看保险公司的法条，虽然老师没有讲这部分，但是他要考啊fine，还是很喜欢老师的，收获很大！推荐的一门选修专业课，上课不水考试不水。
85282,113,吴勇敏,2018-07-16 18:04:31,-2,3,5,给分迷
87671,113,吴勇敏,2018-10-10 01:31:26,4,6,2,老师很棒 上课时民法思维得到锻炼
102269,113,吴勇敏,2019-01-31 15:47:03,10,13,3,气度不凡，偏实务型老师的完美诠释
104115,113,吴勇敏,2019-03-12 08:35:08,7,7,0,吴老师讲课思路清晰，逻辑性强，能学到东西
117474,113,吴勇敏,2019-09-25 01:15:34,2,3,1,上课思路很清晰版
132566,113,吴勇敏,2021-02-02 09:54:47,2,5,3,老师给分很nice的！
133406,113,吴勇敏,2021-02-27 08:22:33,-2,1,3,老师给分好迷 认真听记了 emmm慎选吧
134779,113,吴勇敏,2021-04-15 00:10:37,-2,2,4,给分很迷……慎选……
149860,113,吴勇敏,2022-01-17 10:17:44,5,8,3,保险法。总体来说，讲课还不错，但可能是由于PPT太简略，部分内容，比如近因原则，听得云里雾里，建议老师再丰富、美化一下PPT。考试偏难，几乎就是民法考试的难度，给分略微有点迷，听说往届还有1.5的，作为个性课可能给分不是太好。没有点名和变相点名，一学期上下来压力不大。
150478,113,吴勇敏,2022-01-26 05:37:05,-1,2,3,给分不好
151827,113,吴勇敏,2022-03-17 02:45:46,5,7,2,打call
154807,113,吴勇敏,2022-06-05 14:37:42,37,40,3,经济法\n\n第一节课感觉老师讲课好无聊 语速好慢 我好困，后来发现讲的真他娘的不错，很多模糊的问题一语中的，学到了很多东西👍🏻。老师语速慢，用话筒，不点名，推荐智云2倍速回放，效率这不就上来了。平常作业一篇2000+的文献综述，不知道期末怎么考，给分怎样，但给老师打十分。\n\nbtw感觉老师长得有点像习大大
155290,113,吴勇敏,2022-06-10 08:28:12,12,14,2,回过头发现老师讲课内容非常顺溜，非常无废话，一气呵成成竹在胸
155496,113,吴勇敏,2022-06-13 14:20:49,-5,1,6,楼上夸人方式有点特别
161018,113,吴勇敏,2022-10-24 01:26:38,-7,1,8,哈哈哈哈
167196,113,吴勇敏,2023-01-15 05:13:25,-6,1,7,给分着迷
168252,113,吴勇敏,2023-02-06 14:56:24,17,19,2,绩杀，这一点无可否认\n\n但是如果你想真的学到东西，而不仅仅在乎那点分数，冲就完事了\n\n相比于有些年轻老师，吴老师是有点真东西的
176261,113,吴勇敏,2023-06-28 07:35:12,5,8,3,老师很好，从来不点名，上课讲的内容也很清晰，很有老教师娓娓道来的风采，就是实在是有点绩杀……看到成绩真的很心碎……
178774,113,吴勇敏,2023-07-22 07:28:03,-25,1,26,很烂很挫
183619,113,吴勇敏,2023-11-28 02:44:17,15,16,1,云山苍苍，江水泱泱，先生之风，山高水长
190038,113,吴勇敏,2024-02-13 02:44:11,7,9,2,授课清晰，逻辑严密
191008,113,吴勇敏,2024-03-28 01:31:02,6,7,1,最喜欢的老师之一，必须满分
197542,113,吴勇敏,2024-07-18 08:01:31,5,6,1,我ZJU法学院讲课最清晰老师之一，10分
211843,113,吴勇敏,2025-01-12 16:22:48,-2,1,3,上过他的法律诊所，讲课水平比起其他的老师可以说高下立判了。只是这样的老师怎么不常讲课，是忙着赚钱去了吗？
47,119,沈志坤,2015-03-14 15:31:47,9,21,12,神老师！偶像
1369,119,沈志坤,2015-03-22 01:15:45,187,197,10,一直在炫富，从未被超越
2301,119,沈志坤,2015-04-18 11:06:11,31,38,7,很棒的老师！一分钟不想开小差！
2574,119,沈志坤,2015-07-14 05:56:40,49,53,4,沈志坤脑残粉路过。。。
4107,119,沈志坤,2015-06-17 17:36:03,5,9,4,炒股大师
4344,119,沈志坤,2015-06-19 07:53:23,1,5,4,爽
4353,119,沈志坤,2015-06-19 10:08:18,40,48,8,上他的课大部分时间都在讲股票和人生，但总体上还算有趣。
4740,119,沈志坤,2015-06-27 04:46:27,7,9,2,股票和人生\n\n
5797,119,沈志坤,2015-07-09 11:44:43,1,3,2,有钱任性\n\n
5812,119,沈志坤,2015-07-09 13:19:28,1,4,3,很棒！
5876,119,沈志坤,2015-07-09 17:36:17,1,4,3,很棒的老师
6071,119,沈志坤,2015-07-10 15:32:06,19,24,5,风趣幽默……但爱炫富！
6755,119,沈志坤,2016-06-27 06:19:48,12,31,19,给分差，关于经济法方面的知识讲的很少
6886,119,沈志坤,2015-07-29 03:10:29,16,21,5,上课倒挺有意思，不过经济法木讲什么东西。适合辅修的同学上
12467,119,沈志坤,2015-12-23 10:54:31,0,3,3,很风趣.
14720,119,沈志坤,2016-01-08 12:37:34,1,4,3,聊股票，聊人生
22529,119,沈志坤,2016-03-07 11:50:57,0,3,3,满分
22535,119,沈志坤,2016-03-07 12:58:50,0,2,2,挺有趣
22536,119,沈志坤,2016-03-07 13:22:28,6,12,6,不是炫富，是奢华的低调┐（─__─）┌
22537,119,沈志坤,2016-03-07 13:53:17,1,4,3,奢华的低调，从未被超越←_←
22764,119,沈志坤,2016-03-11 01:35:52,1,4,3,一直在低调中炫富，从未被超越
25387,119,沈志坤,2016-05-16 15:16:37,1,4,3,真见识
25823,119,沈志坤,2016-06-10 02:25:39,6,10,4,一个励志而有趣的老师，课后会答疑到很晚，旁听也是极好的
26565,119,沈志坤,2016-06-20 06:33:17,1,4,3,超级棒
26815,119,沈志坤,2016-06-21 07:21:28,3,5,2,真的非常好的老师！真的是为学生考虑！最后一节课的鸡汤喝的有点泪目！
27645,119,沈志坤,2016-06-27 06:20:56,-2,1,3,很棒的哟
27776,119,沈志坤,2016-06-27 13:21:45,-2,0,2,很有魅力 形象生动 课后答疑都很有耐心答到很晚 偶尔会开「沈志坤人生感悟小课堂」哈哈哈
28161,119,沈志坤,2016-06-28 08:11:14,28,32,4,好清新脱俗不做作的炫富婊\n\n跟外面那些妖艳白莲花一点都不一样呢
28373,119,沈志坤,2016-06-28 08:42:07,-1,2,3,认识沈老师 我觉得很值得
28547,119,沈志坤,2016-06-28 10:01:55,-3,0,3,好好好
28578,119,沈志坤,2016-06-28 10:35:10,0,4,4,不论是在生活上还是在工作上都从未被超越的人，希望有一天自己能赶上并超越他。
29303,119,沈志坤,2018-09-26 03:36:28,5,9,4,事实证明只要期末那个点名在，期末考试找对了答案，平时上课不做课堂展示也有概率拿高分。爱沈老师
29466,119,沈志坤,2016-06-30 00:28:00,0,3,3,听了两个学期，一直觉得是个演讲大师。
29487,119,沈志坤,2016-06-30 01:17:50,-3,0,3,棒的不行，以后还要去蹭课！！
29511,119,沈志坤,2016-06-30 02:03:19,-3,0,3,男神！
29522,119,沈志坤,2016-06-30 02:18:53,-1,3,4,好老师！可能是大学以来遇到的最棒的老师了 无论是生活还是工作 都是人生赢家 都值得我们每一个人学习 老师拥有的一切都是值得的！希望自己有一天也能像他一样吧！好不舍 希望今后还能去蹭蹭课！
29616,119,沈志坤,2016-06-30 05:04:37,-2,11,13,大家给分都怎么样？来浙大以后最低的一门课
29640,119,沈志坤,2016-06-30 05:56:19,-3,0,3,一个赛艇啊。
29667,119,沈志坤,2018-01-28 04:25:10,15,18,3,学专业知识勿进
29688,119,沈志坤,2016-06-30 07:42:54,9,13,4,最后一节课用发短信的方式点名，坤哥也是潮！听他的课秒秒钟笑到肚子痛，通过讲自己办过的案例渗透经济法知识，有种边玩边学的意思，还会带大家认清现实，领悟人生，超级棒的老师！个性课首推！
29855,119,沈志坤,2016-06-30 12:02:17,1,5,4,真的超棒超棒超男神简直人生赢家拓宽眼界 讲的东西虽然专业的东西少一点但对人生真的非常非常受用虽然有的同学说给分不好但我觉得给分超nice啊 大家快来选沈老师的课呀
30652,119,沈志坤,2016-07-02 06:52:02,-2,1,3,大学里最喜欢的老师没有之一。
31218,119,沈志坤,2016-07-03 11:51:42,4,7,3,他讲案例的时候模仿里面的主人公们都特别猥琐你们不觉得吗哈哈哈哈哈
32055,119,沈志坤,2016-07-05 13:46:38,-2,1,3,大学印象最深刻的老师之一，热爱事业，热爱生活，时不时教一些做人的道理。推荐
33633,119,沈志坤,2016-09-20 12:51:25,-2,1,3,我替室友夸夸他
39163,119,沈志坤,2016-12-21 11:51:51,-1,5,6,讲的很有意思。给分很好。他自己说会尽量给同学高分的
59438,119,沈志坤,2017-09-21 10:51:03,4,6,2,参见浙大逼王
59735,119,沈志坤,2017-09-26 10:01:22,-3,1,4,一直在炫富，从未被超越
59978,119,沈志坤,2017-09-29 12:33:20,-1,1,2,真的是有钱人，亿万富翁
60681,119,沈志坤,2018-01-18 15:39:03,-3,5,8,老师人很好，给分也好，可以有挺多收获的。
63055,119,沈志坤,2017-11-28 05:10:24,-3,1,4,很喜欢老师，上课讲案例生动有趣，经常炫富，却不会让人觉得反感，哈哈哈哈哈，脑残粉。带我们认清社会现实，有时候又会莫名被老师感动到
64065,119,沈志坤,2017-12-21 00:50:45,1,2,1,扶我起来，我还能炫……
65053,119,沈志坤,2017-12-28 11:25:12,0,2,2,理工类常识凭个人体会，哈哈哈哈
65790,119,沈志坤,2018-01-25 01:36:20,-15,5,20,我觉得老师给分挺好的啊 可能我要求不高吧 上了4就满意了 我还想怎么群里没有大批的感谢老师 原来是给分的关系 唉 讲道理沈老师的课你们扪心自问觉得没意思吗？反正我觉得是我在上过的课可以排前三的 还是建议各位别把绩点看的太重 别因为给分就忘了一学期上课的收获
66715,119,沈志坤,2018-01-18 13:48:28,-6,6,12,特别棒的感觉，强推经济法概论。是我觉得在浙大目前为止最有收获的课。
66718,119,沈志坤,2018-01-21 02:41:37,-27,9,36,老师真的不错。我这边的情况是一个学期去了3次课，期末考前看一下厚大司考关于公司法、侵权责任法、消法的相关视频，用2倍速播放，复习三小时左右，然后期末成绩4.8。我的个人攻略，供大家参考。
66727,119,沈志坤,2018-01-18 14:14:46,-1,5,6,虽然期末成绩不理想但是给老师满分，好老师
66733,119,沈志坤,2018-01-18 15:13:13,-5,3,8,为什么没有100分！10分不够！\n\n虽说老师的课不点名考试还水 但是单纯过来水分不上课的同学真是太亏了
66735,119,沈志坤,2018-01-21 02:36:41,-38,4,42,反对楼上的发言，我就是外专业的，平时也有很多时候有事没来上课但是来了就会很认真的听老师讲人生经验，难道我们一定要在每门课上学专业知识么？再者说来，你要是真想学专业知识为什么不选法学院的专业课呢？期末我也就是在考试当天打印了法条看了一个多小时划了一下重点就去考试了，也能5.0呀 法律是很看重个人思维素养的 学习也并不局限于课堂 最后，还是力挺一下沈老师~
66736,119,沈志坤,2018-01-18 15:45:50,11,17,6,老师是好老师...可是骗人啊不是说80保底吗......
66738,119,沈志坤,2018-01-18 15:44:42,-7,2,9,超级棒
66741,119,沈志坤,2018-01-18 16:00:02,6,12,6,实话实说：不点名，平时也没事。估计最后给分就是看你考试怎么样了。一切都有可能，你觉得考得好其实很差，你觉得考不好，说不定很好。
66743,119,沈志坤,2018-01-18 16:25:34,8,13,5,给分差
66745,119,沈志坤,2018-01-18 17:30:51,-10,3,13,虽然成绩不理想有点失落（怪自己考试手速），但是挡不住我就是想给老师10分。
66747,119,沈志坤,2018-01-18 22:44:49,4,10,6,给分完全暴击\n\n
66751,119,沈志坤,2018-01-19 00:32:20,4,10,6,老师讲课很好但是给分真不好……
66755,119,沈志坤,2018-01-19 00:57:32,-3,6,9,私以为，评价一个老师是否好的标准首先不就是应该看专业知识的讲授吗？
66759,119,沈志坤,2018-01-20 00:42:35,-7,2,9,可以的\n\n
67150,119,沈志坤,2018-01-20 10:33:43,-6,1,7,还可以吧
67264,119,沈志坤,2018-09-18 10:18:51,2,16,14,血淋淋的教训劝外专业的谨慎选课，1.外专业的学生很少有法律的底子2.这个老师平常上课说学生考试都是85分以上，这个话是说给本专业的人听的，外专业的实际只给及格分。分数出来之后我找老师说我平时上课认真听了认真记笔记了认真复习了，花了很多时间在这门课上，然后老师没有一句回复！还好没有听信老师说期末考试只需要看五分钟法条就够了，认认真真复习了好几天就只有及！格！分！
67929,119,沈志坤,2018-01-22 10:27:30,9,19,10,如果要考思维的话真的恕我直言思维这种东西和上课有关吗？有人考前看一个小时满绩，有人每节课听课录音补充笔记期末认真复习没上三，emmmm但是分数就是分数，去问老师也说是你随便走流程查分但我不会改错，也歇了心思。想问是不是登记错了，就说你看到的分数就是我给的分数，不知道除了谢谢还能说啥。但是还是希望拿高分的同学也不要用所谓的“思维”就弄的好像反应给分差的同学过分了的样子。最后，老师上课是很有意思，案例也很生动。但是仅最后一场考试给分，还是有待商榷吧。哭唧唧留个言mark一下大学最低分。
68555,119,沈志坤,2018-01-23 10:55:06,-8,1,9,真的听到就是赚到，虽然股票亏了不少
68582,119,沈志坤,2018-01-23 11:40:07,-3,5,8,在玩笑之中夹杂着十分有用的知识点
69377,119,沈志坤,2018-01-24 14:42:18,3,9,6,老师还是好老师 就是给分 emmm不太懂\n\n我只是来马一下我的大学最低分
71140,119,沈志坤,2018-01-28 04:20:59,6,7,1,老师很好，给分哭泣
71359,119,沈志坤,2018-01-28 10:50:36,5,5,0,啊虽然最后分数不是太如意但还是觉得沈老师是好老师啊！！！每节课都充满乐趣！而且要说知识点也是有的 至少我一个学期下来也做了很多笔记！老师出完分后还会给大家发语音文件讲解考试题目 很认真负责啊
75502,119,沈志坤,2018-03-12 22:38:15,-1,0,1,法学院老师给分基本都是这个样子，你们怕是没上过法学院真正的绩杀课……一考定终局也是法学院很多老师的做法。而且这是一门辅修课，不能当一门通识课来上啊，其他辅修老师应该也强调过这一点。
87664,119,沈志坤,2018-10-09 12:31:35,4,4,0,沈之炫富，一直被模仿，从未被超越。
88183,119,沈志坤,2018-10-23 12:30:28,2,2,0,哥炫的不是富，是一种生活态度
94531,119,沈志坤,2019-01-17 05:37:18,1,2,1,有没有觉得期末考试很难的啊…感觉和经济法沾边的很少。更多的是民法和刑法的内容，作为一个没有基础的人来说实在是太不友好了！只能祈求老师给一个好点的分数了。
99994,119,沈志坤,2019-01-25 12:05:07,0,2,2,太感动了！考完和法学同学交流后自以为要挂了，最后老师给90+，太谢谢老师了，老师上课真的超有趣，这学期最爱的课
100440,119,沈志坤,2019-01-26 06:36:03,4,4,0,很有启迪 人生启迪那种 辅修法学的 拿到的分数也挺好
100779,119,沈志坤,2019-02-28 03:01:30,-1,3,4,讲课只会炫富 给分差 给分极差
100793,119,沈志坤,2019-01-27 00:40:28,2,2,0,好课！
101555,119,沈志坤,2019-01-28 12:12:56,2,2,0,人生导师！
116548,119,沈志坤,2019-09-11 11:53:03,0,0,0,啊啊啊真的有趣！超爱这个老师！是我无聊专业课里的调剂了hhh
116597,119,沈志坤,2019-09-12 02:56:36,0,0,0,大一跟着上 好搞笑啊
118243,119,沈志坤,2019-10-23 13:09:09,0,0,0,活生生的古美门，大赞！
122337,119,沈志坤,2020-02-24 10:55:04,0,0,0,炫富狂魔哈哈哈哈哈哈
4152,201,陈旭琴,2015-06-18 02:11:55,27,32,5,听她的课能明白如何处理好婆媳关系。
6322,201,陈旭琴,2015-07-13 03:32:32,4,5,1,不怎么样
6480,201,陈旭琴,2015-07-14 08:48:52,4,9,5,物权上的差一逼
21377,201,陈旭琴,2016-02-28 10:56:31,2,6,4,老师人还是很好。
70125,201,陈旭琴,2018-01-26 06:49:04,-2,4,6,很好的老师
70140,201,陈旭琴,2018-01-26 07:13:08,-2,6,8,老师上课主要是按照物权法法条的思路来上的，所以条理很清晰。但是美中不足的是，老师的授课内容不是特别深入，如果想要学精深的话，还是需要课后自己认真看看物权法的相关教材的。至于考试，认真准备，闭卷考，案例题还是蛮不错的，但是需要自己熟悉理论和法条。给分是真的好啊，感恩!
70160,201,陈旭琴,2018-01-26 07:41:30,7,9,2,血崩....真的是很认真的在准备了啊
70171,201,陈旭琴,2018-01-26 07:54:24,-2,5,7,老师物权法可能上的不是很深入，也许继承法和亲属法会更适合吧，考试很基础，背了法条看了理论就有好成绩，老师给分还是很客观的，可能靠自己吧
70211,201,陈旭琴,2018-01-26 08:45:48,4,4,0,物权，上的不深，闭卷考，给分客不客观不清楚，反正我是崩了……或许是期望太高？( ･᷄ὢ･᷅ )\n\n老师人很好啊……可能给分比较严格，就酱
74977,201,陈旭琴,2018-03-07 02:03:52,0,3,3,很可爱
78422,201,陈旭琴,2018-05-11 14:32:58,17,20,3,太惨了，给的亲属法分数爆低
78423,201,陈旭琴,2018-05-11 14:54:10,10,12,2,给分巨差，上课水
78424,201,陈旭琴,2018-05-11 15:08:45,11,12,1,很认真地看了两遍法条，可能因为考的是填空不能有一点错导致分没有理想吧...难受
78427,201,陈旭琴,2018-05-11 15:50:51,5,6,1,背了两遍婚姻法继承法及司法解释，得分也不高，不怪老师。
78428,201,陈旭琴,2018-05-11 16:08:11,7,8,1,难受，法条理论都花了很多功夫，但是分数没想象中好，有点委屈
78430,201,陈旭琴,2018-05-11 16:14:36,16,18,2,上课水就不说了?考试真的认真背了法条，填空应该没错几个，然后成绩炸掉?感觉对不起付出的时间??
78432,201,陈旭琴,2018-05-11 16:27:42,-2,3,5,虽然考分不是很好……但陈老师真的很友善
78434,201,陈旭琴,2018-05-11 17:06:50,1,6,5,给10分，但客观评价有点点绩杀，民总朱大侠的只考前看了一晚，亲属法全程都有好好看书结果两门分数一样耶，虽然知道有法条填空在制约分数，但确实不怎么理想，不过挺喜欢老师的。然后感觉期中五个问题得到的回答不怎么理想啦
78443,201,陈旭琴,2018-05-12 01:24:29,11,13,2,老师上课很水，讲很多家长里短的琐事例子，不点名。要求发邮件向她提五个问题，但老师给的解答不很让人满意，也许是我的问题太傻了？考试考法条填空，选择题和案例题，最后给分爆低，不知道是不是因为法条填空要求严格的原因…
78532,201,陈旭琴,2018-05-12 16:12:59,3,6,3,她可能是个好律师，但一定不是个好老师。体谅她术业有专攻，所以不要求有多高的教学追求，但是起码的教学素质还是要有的吧……上课干货/废话=0.01，只能说老师似乎没有意识到自己上的是法学专业课，不是水学分的通识课。╮(╯▽╰)╭
78570,201,陈旭琴,2018-05-13 07:13:17,14,19,5,亲属法出分之后果然群里一片安静，大家都不“感谢”老师了吗哈哈ಥ_ಥ\n\n提了五个问题只回答了四个，最后一个算不算分呢¯\_(ツ)_/¯\n\n上课内容前面同学也说了很水，而且基本跟老师没关系，一学期四五个课件还没讲完，节节课家长里短婆媳矛盾balabala\n\n终于能say goodbye……物权和亲属坑得我吐血，完全丧失了对于民法的信心\n\n如果同样是最后爆炸的分数，不如去选陆青和章程的课，即使成绩上不好看，还能学到点什么，即使啥都没学到，还能看到旁边人努力的样子……\n\n旁听过陆帅的课，虽然有时听不懂，但是会使你燃起学习的兴趣，毕竟老师每天工作学习到两三点，你自己还有什么理由不努力？
78688,201,陈旭琴,2018-05-14 13:01:08,0,6,6,emmm可能这次给分上不是很好，也不清楚有没有同学发邮件询问成绩的事。但是还是觉得老师是个很可爱很nice的人啊，不同老师有不同的教学风格和教学理念，至少上老师的课感觉很舒服。亲属与继承法的理论问题本身就不像民法其他部门法一样，更多与道德伦理、风俗习惯相关联，如果真的要透彻地讲一个理论问题可能两节课就过去了。可能老师更想要我们掌握基础内容和整体内容吧，像法条填空题可能也是出于此考虑。成绩不理想当然会觉得有点难过，或者可以向老师发个邮件问一问考试的事。
80223,201,陈旭琴,2018-06-22 03:31:46,5,5,0,亲属与继承法给分太低了吧， 很认真的准备了，难过……
81674,201,陈旭琴,2018-07-06 00:29:15,1,2,1,人挺好，旁听算了吧，拿一门专业课的时间来浪费，人间不值得……我承认老师真的很好，但是这和教学水平没啥关系，教学水平跟绩点也没关系，教得好让我有收获，就算挂了我也不会说什么，但是学到最后什么都不知道，完全靠自学，绩点低是很心痛，但是更心寒的是啥都没学到还浪费了时间
82314,201,陈旭琴,2018-07-08 00:32:23,8,10,2,给分烂
100699,201,陈旭琴,2019-01-26 14:53:25,11,11,0,老师是个狠人，还真被绩杀了…
100701,201,陈旭琴,2019-01-26 15:07:45,15,16,1,难受，老师说不用担心成绩，差点挂了吧，背也背了，感觉填空也没怎么错，可能是我自己的问题？
100715,201,陈旭琴,2019-01-26 15:18:48,12,13,1,真的绩杀，日。
100725,201,陈旭琴,2019-02-04 07:15:09,15,17,2,给分巨差！！感觉对不起自己的付出！\n\n而且上课很水，从我整个学期每节课到课的感受而论，听课并不能比不听学到更多的东西或者对知识有更深的把握，也并不能给人以思考方式的启迪，总之，听课与自学无任何区别，自学尚无其喋喋不休之烦扰。\n\n以上，不建议选陈老师的课。
100840,201,陈旭琴,2019-01-27 02:17:23,7,7,0,给分哭了
100896,201,陈旭琴,2019-01-27 06:27:36,-15,3,18,很和蔼的老师，人很好，给分也好，喜提满绩。
101063,201,陈旭琴,2019-01-27 11:28:54,5,5,0,真的恶心，辛辛苦苦一学期，给个绩杀，自己讲的啥逼样不知道吗
101126,201,陈旭琴,2019-01-27 15:08:39,-5,1,6,不错的老师
101235,201,陈旭琴,2019-01-28 02:34:06,3,3,0,分好低，我觉得我的问题明明交了也一直没回复我，最后考试自我感觉还不错，绩点伤心。
101443,201,陈旭琴,2019-01-28 08:10:18,3,3,0,上课和考的不是一个内容→_→超级绩杀 \n\n 专业课最低绩点
101870,201,陈旭琴,2019-01-29 10:29:49,1,1,0,认真背法条\n\n认真问问题\n\n上不上课其实没什么区别\n\n上课能起到纲举目张的作用\n\n
102325,201,陈旭琴,2019-02-01 02:36:14,1,3,2,这个老师是真的差，给分太恶心了
102671,201,陈旭琴,2019-02-26 00:10:54,0,3,3,恶心老师！！！！
105505,201,陈旭琴,2019-04-16 00:14:44,1,1,0,时刻想要拍案而起
3424,230,王凌皞,2015-06-12 02:21:07,-1,18,19,讲课超无聊
3457,230,王凌皞,2015-06-16 04:47:29,-1,16,17,不知道在讲什么
3522,230,王凌皞,2015-06-17 01:27:24,7,13,6,挺好的，我很喜欢阿
3606,230,王凌皞,2015-06-17 01:48:14,-2,9,11,不知所云
4837,230,王凌皞,2015-06-29 12:41:38,35,49,14,就是超帅的老师嘛！可也讲得好！楼上请不要黑男神。
6418,230,王凌皞,2015-07-14 01:05:59,-43,8,51,王老师真不愧是男神～我两次点名没到给了92啊～～给分真是让我感动哭了～～
7637,230,王凌皞,2015-09-15 06:58:50,5,9,4,绝对男神
16785,230,王凌皞,2016-01-19 03:15:27,11,16,5,讲真，收获很多。比起其他法理课干货真的很多。每周基本都有上万字的文献阅读。那些连文献都不看哒，当然觉得无聊喽。嘛，男神老师人超好的。
17606,230,王凌皞,2016-01-20 13:08:13,-3,2,5,还行吧！
17620,230,王凌皞,2016-01-20 13:38:49,-1,5,6,讲课还好 给分呵呵
18880,230,王凌皞,2016-01-22 16:22:57,2,6,4,萌帅萌帅哒！喜欢！法律方法论上课有趣！这学期给分也好！
20431,230,王凌皞,2016-01-27 14:20:34,1,5,4,挺好的啊
28255,230,王凌皞,2016-06-28 08:22:08,27,34,7,我不管，那些说老师讲课不好的!你们到底有没有好好听!一点情怀都没有!???\n\n老师讲课虽然不按照课本的套路来，乍一听也似乎没什么干货，但是一学期下来能感觉自己的思路变了很多，视野也开阔了。法理学这门课，本来就不是指望着学什么干货的，重要的是一种情怀和素养的塑造吧，认真学的话，很有意思的，真的会死心塌地的爱上法学的。\n\n老师讲的超级好，很多东西乍一听是段子，仔细想想收获良多，实在是不理解有的人自己不努力干嘛要老师给你背锅。\n\n还没考试呢，不管绩点怎么样都墙裂推荐王老师的法理学!老师真男神!想嫁呜呜呜。
30355,230,王凌皞,2016-07-08 06:16:56,0,2,2,今年打分似乎进步了！
32554,230,王凌皞,2016-07-07 16:43:09,1,4,3,王老师上课很有趣也很深刻，陈老师上课学术强，很好
32559,230,王凌皞,2016-07-07 22:12:48,1,4,3,问题有启发性
32569,230,王凌皞,2016-07-08 00:35:36,1,3,2,很帅，给分从今年也变好了，真的真的挺好的
46282,230,王凌皞,2017-01-21 06:36:06,3,6,3,老师好帅哦   每次听课都迷的不行  给分也很可爱!
46289,230,王凌皞,2017-01-21 06:48:32,1,4,3,男神！超帅的给分还好！
46300,230,王凌皞,2017-01-21 07:15:16,1,3,2,不能更好
46301,230,王凌皞,2017-01-21 07:21:43,1,3,2,腿长脸帅人好
46304,230,王凌皞,2017-01-21 07:27:38,1,4,3,超级超级喜欢的老师啊！乍一听没什么，一学期下来思路开阔了好多⊙ω⊙老王男神真的是那种很会思考的人！还有还有，老王好好看w 拿杯子好可爱w 人很好w 基本上认真听分肯定是好的！
46324,230,王凌皞,2017-01-21 08:29:57,-2,2,4,太好了??
48342,230,王凌皞,2017-03-02 07:49:34,5,8,3,一个字，帅！
48386,230,王凌皞,2017-03-02 15:26:38,60,66,6,大海啊全是水，王凌皞啊全是腿。
52606,230,王凌皞,2017-06-21 11:06:48,1,3,2,脸上写着四个大字-青年才俊。人帅腿长活(上课)好。
55657,230,王凌皞,2017-07-02 06:12:30,1,3,2,爱老师
56048,230,王凌皞,2017-07-03 03:41:02,1,3,2,长得帅 给分好
56052,230,王凌皞,2017-07-03 03:42:18,4,6,2,王凌暤绝对男神，腿长两米八，有时候会拿自己开涮。每周有阅读材料，助教人也很好！！
56246,230,王凌皞,2017-07-03 10:19:59,11,13,2,给王帅哥疯狂打call\n\n腿长手美 颜狗要窒息惹\n\n人还特别好！讨论课会顺着大家的观点往下问问题 启发还是很大~\n\n而且给分棒！！！特别棒！！！满满的师生情！！
57501,230,王凌皞,2019-07-24 13:48:41,1,5,4,上了一学期法理，感觉自己分析的能力有所提高，不知道是不是幻觉哈哈哈，还是在考试的时候发现的。老师现在给分也太好了吧！男神太帅了！沉迷于老师的盛世美颜！今年还是开卷喔，对于十门考试的人来说真的很感动！
59816,230,王凌皞,2017-09-27 07:26:18,0,1,1,wow，真的是蛮不错～补选成功了好开心！
65331,230,王凌皞,2018-01-03 05:18:09,3,4,1,不看分，看脸我都喜欢～\n\n
69932,230,王凌皞,2018-01-25 16:35:32,-2,0,2,大致有这么个感觉：前几次课没有听懂，中间几次睡着了，后半学期开始挤在前面听课了。
70581,230,王凌皞,2018-01-27 08:55:12,0,1,1,我爱他
70740,230,王凌皞,2018-01-27 12:52:43,1,2,1,自己是外专业的，一开始听课很吃力，后来慢慢的适应了老师的讲课方式，学到了很多，思路也开阔了，蟹蟹老师~
83937,230,王凌皞,2018-07-11 14:33:01,4,5,1,其他的不说了，老师是真的帅，属于越看越帅的类型，身材超级好，腿长而且穿衬衫特别好看！！！是一门冲着颜值都值得一选的课！！！
83938,230,王凌皞,2018-07-11 14:34:12,3,6,3,长腿男神！不要再说法理学无聊了，无聊你就看看老师的脸！不要觉得法理学作业多，嫌多你就看看老师的脸！不要觉得法理学考试很迷，很迷你就看看老师的脸！
111195,230,王凌皞,2019-06-30 13:05:15,16,19,3,就是想上来问问大家期末打算怎么复习啊
113187,230,王凌皞,2019-07-06 01:19:46,1,2,1,虽然有时候听不太懂，但是很喜欢老师叭叭叭的言语能力！课堂氛围不错，最后给分还行，期末出题主题是课上讲过的，复习的话记得把小组讨论的发言记录还有阅读材料的简化整理都看一遍，考试主要还是看自己的思考
113258,230,王凌皞,2019-07-06 03:05:31,0,1,1,帅，虽然说不调分但是最后给分应该很宽松了，好好学能学到东西的
113724,230,王凌皞,2019-07-07 06:00:03,2,3,1,法理学本身还是比较水的吧，老师竭力想要上好，虽然课堂内容与平常的法理学相比有些不同，但是一个学期过去，认真参与讨论的自己发现视域开阔了不少，思维方式也更加严谨了。拿到了自己满意的分数，谢谢老师！
124219,230,王凌皞,2020-06-27 11:06:31,2,5,3,上课要好好发言，给老师留下好印象的分数会比较高，对内向不爱讲话的同学不太友好（我一学期没有发言最后绩点很低哭唧唧）
124271,230,王凌皞,2020-06-28 09:06:44,8,10,2,老师人挺好，但是给分并没有前面评论说的那么好。课堂基本是讨论式的，阅读材料虽难却也拓视野。但是个人觉得每次对于阅读材料的讲解仅靠同学的展示以及下次课举一些例子并不能讲得很透彻。ps：对于内向不喜上课发言、不善逻辑思维推理的同学，这门课程确实有点让人自闭
137754,230,王凌皞,2021-07-06 03:44:19,2,5,3,长腿帅哥！长跑70km的中年男神！
156214,230,王凌皞,2022-06-18 08:55:10,3,12,9,个人感觉评分有点虚高，给分不如隔壁wh，讲课思维发散，语速慢，很容易睡着，事情也比较多。（勿喷勿喷一些心里话）
157236,230,王凌皞,2022-06-22 13:08:27,3,3,0,还没出分先来夸一句！长腿男神wlh！麦斯威代言人wlh！冷幽默大师wlh！
157891,230,王凌皞,2022-06-25 10:35:17,1,3,2,救命 我承认一开始眼里只有wlh的美手 和长腿 但是后期习惯了老师的上课方式之后 就发现老师讲授的内容都很有深度呀 是带着我们去探讨了一个一个深奥的问题了 收获了很多
160495,230,王凌皞,2022-10-01 12:16:56,17,18,1,王老师聪慧、有才且谦逊，有匪君子，如切如磋，如琢如磨。有教无类、因材施教。对于佛系的学生，从不push；对于想学习的学生，会用心指导。从不跟女学生在非公共场合约见，跟学生保持亲切又礼貌的距离。上课不念教科书，不背诵法条，而是循循善诱学生往前思考为什么、怎么来的，找寻真问题、抽丝剥茧理清思路。老师不屑于重复别人说过的话，尊重却不盲从理论，是有师德、有人品、有才华的好老师。
175318,230,王凌皞,2023-06-23 15:31:06,1,2,1,lhgg！！！讲课慢慢的，循序渐进！上课举很多很有趣的例子 很幽默 分小组先讨论再展示 基本每个人有两次展示机会 取最高分 有一部分的英文文献 上课喜欢游荡式讲课，智云能补到8D环绕的效果！！小班课还是早八 班里经常缺勤 老师也不生气啊啊啊 总是会因为没起来床旷课愧疚啊啊啊 腿是真的很长哈哈哈
176675,230,王凌皞,2023-06-29 16:25:02,2,3,1,啊啊啊啊最帅最好的lhgg😍😍😍
176684,230,王凌皞,2023-06-29 16:50:13,0,3,3,均绩直降0.1 谢谢你 \n\n明早八点民总 凌晨出成绩 好样的
176689,230,王凌皞,2023-06-29 17:13:43,0,2,2,给分真的很一般 而且很阶梯 容易被杀
176735,230,王凌皞,2023-06-30 02:34:36,4,4,0,老师是好老师 人也挺好的 但是不知道为什么这次给分这么迷 明明平时pre不错 最后考试也都按老师讲的写的 不知道为什么最后没上4。。。。。。
176760,230,王凌皞,2023-06-30 07:49:26,2,4,2,这次的法理学总体给分很低。。。\n\n能不选就别选
176795,230,王凌皞,2023-06-30 07:38:17,2,3,1,这次的给分总体很差，上课倒是还不错\n\n能不选就别选吧，第一个学期的专业课给这么低挺打击人的
177500,230,王凌皞,2023-07-03 13:17:41,3,4,1,wlh老师给人的感觉真的很温柔，不push，课后和老师交流过几次，老师也对我们的课业压力很体谅，没想到下个星期就改变了讨论形式来减少我们的压力，真的很感动！！\n\n至于法理学这门课还是很抽象的，前半个学期听不懂也很困倦是真的。但是后半个学期努力去更上老师的思路发现还是能够被老师打开思维。只能说像老师自己也说得那样，他也觉得法理学在实际上没有办法给大家带来什么，更多是思维上的提升吧。最后收获的成绩也相对满意了。啊啊真的是很喜欢的专业课老师！
195774,230,王凌皞,2024-06-30 02:15:27,0,1,1,人帅课好给分捞！
221349,230,王凌皞,2025-06-23 04:13:34,0,0,0,给分太狠了大哥，被卡绩了(￣ε(#￣)
4399,258,方立新,2015-06-21 09:13:49,-8,4,12,感觉老师经历的事对我们这些年轻人会有很多帮助
26698,258,方立新,2016-06-21 02:42:54,13,16,3,建议不要选外国法制史，简直讲的是当代中国社会问题。
30581,258,方立新,2016-07-02 04:30:25,2,6,4,虽然分数不算太高（大概自己的原因吧），但上课听着还好啦
30587,258,方立新,2017-11-17 09:57:08,6,11,5,我不懂，为什么只有1.5的绩点
30680,258,方立新,2016-07-02 07:57:34,5,10,5,这老师很坑爹，论文写不好的不要上
30826,258,方立新,2016-07-02 14:53:42,3,6,3,论文写得很认真可是分数很低，也不知道是为什么
51098,258,方立新,2017-05-17 02:36:15,2,5,3,不成体系，想到啥说啥，差评
71963,258,方立新,2018-01-29 06:55:51,2,2,0,论文写得很认真，但分给的极低
71969,258,方立新,2018-01-29 07:06:25,1,1,0,论文很认真 但是真的给分很差 真的不懂\n\n上课也没有什么逻辑真的不懂
71993,258,方立新,2018-01-29 07:34:23,2,4,2,老师人很好，会给很多的启发，学法的同学或者对人权感兴趣的同学建议选！
72100,258,方立新,2018-01-29 10:38:24,3,4,1,老师很强(毕竟编了教材)，上课很无聊(没有老师带头的案例分析)，老师准备不充分(在很多时候都靠dl来撑场面)，语言很不流畅(经常以咳嗽来掩饰)，ppt很差(没有图片，文字还很乱)论文很不好写，给分很差……选不选请三思
72137,258,方立新,2018-01-29 12:24:03,2,2,0,论文写的很认真。给分贼低?_?
72432,258,方立新,2018-01-30 06:17:38,4,4,0,一篇论文3个小组展示主题，总体来说事情不太多。老师上课还是比较认真的吧也有些干货，但是思想还是比较保守传统，有时候有点固执己见不太能接受新的观点。为了写这篇期末论文我花了很多时间，最后给分3.9，不知道是因为老师不喜欢我的论文还是因为展示次数不够。（ps：本人其它以论文评成绩的课程绩点都挺高的）怀着热情来上这门课（真的很感兴趣啊），却发现付出和收获不成正比。社科法学大佬和不在意绩点只想水学分的建议上；如果只是对人权和人权法感兴趣的话还是自己看书吧。
72551,258,方立新,2018-01-30 10:54:49,1,1,0,老师感觉比较沉浸自己世界里…\n\n后面几节课展示比较无聊了……论文认真写了也不高……刷分慎选 听听还行
72612,258,方立新,2018-01-30 13:35:04,-1,0,1,真的，一言难尽，尽量别选吧
73339,258,方立新,2018-02-01 11:06:53,1,1,0,给分不好 \n\n就酱\n\n3.6
93142,258,方立新,2019-01-07 15:44:31,1,1,0,是一种享受
3807,268,季涛,2015-06-17 04:54:42,46,52,6,可以从天文讲到地理，从历史讲到政治，从文学联系到社会。就是不讲书。
3877,268,季涛,2015-06-17 07:13:07,24,29,5,比起法学老师，更像哲学老师，唠嗑能力一流
5628,268,季涛,2015-07-08 17:09:04,9,9,0,很能侃，但是感觉听完没有什么特别大的逻辑性。
6473,268,季涛,2015-07-14 07:52:52,10,14,4,水涛的课一开始会觉得很有趣，因为天南地北，但是之后就会觉得没学到那么多东西。讨论课的形式感觉没有组织得太好～
7608,268,季涛,2015-09-15 06:31:20,3,3,0,哲学家啊………
10622,268,季涛,2015-11-20 18:05:52,4,6,2,思维发散到宇宙
14029,268,季涛,2016-01-04 01:24:07,37,40,3,老师书呆子气很浓。水平自然不低，讲课相当流畅，但发散太远，节奏太慢。作为老师他很认真诚恳，但总是缺根弦的样子……
17375,268,季涛,2016-01-20 06:50:46,6,11,5,老师人还是很好啊连续两学期上他的课了，读了很多书会讲很多哲学方面的知识，还是蛮有收获的，喜欢！
18327,268,季涛,2016-01-21 12:47:57,8,20,12,上课再传教我就举报
19564,268,季涛,2016-01-24 16:42:27,5,8,3,讲的烂 要点名 给分差
19565,268,季涛,2016-01-24 16:43:24,8,12,4,讲的一般要点名闭卷考给分差…占齐了…均分2.4，大家自行体会。。。上课经常讲基督教。。服了
19575,268,季涛,2018-01-28 11:44:47,15,22,7,上课乱扯就算了 讨论课也组织的一塌糊涂 原本以为看着上课觉得老师很好给分应该不错 看到期末成绩我就呵呵了
19607,268,季涛,2016-01-25 02:22:31,0,4,4,会点名的所以不能翘~虽然的确不知道上课讲了什么，但期末给重点，只要好好准备，讨论课准备的充分一点~给分真的不错~
19731,268,季涛,2016-01-25 07:45:57,3,6,3,一个大写的微笑 不明白老师那么忙为什么还要开这个课
20048,268,季涛,2016-01-26 03:07:24,0,5,5,获益良多
21493,268,季涛,2016-02-29 05:14:07,-3,5,8,靠点名留住学生的老师实在不敢恭维。我上过的所有法学的课里唯一完全浪费时间的课。
21985,268,季涛,2016-03-02 04:09:03,4,5,1,Terrible…
23485,268,季涛,2016-07-02 07:22:04,8,11,3,期末考前给的范围基本是逗你的?考试的时候基本上全程聊天 同学还在考试噢 讲课水
25083,268,季涛,2016-05-05 08:00:52,6,6,0,完全找不到重点\n\n
32650,268,季涛,2016-07-08 15:13:08,9,10,1,这给分！绝望了！
32652,268,季涛,2016-07-08 15:44:16,0,3,3,还不错，但是自己要多看书
33816,268,季涛,2016-09-22 01:59:55,3,6,3,讲课毫无水平可言，逻辑混乱。讨论课也组织的无序，并且给分不好，慎选！！
34312,268,季涛,2016-10-01 14:04:47,45,53,8,这评分我就觉得有点不太公正了 说老师上课水的 这就是法理学啊法律方法论这些课的课程特点啊 这种课和民法啊经济法不一样的 不会干货满满 不会让你听了觉得恍然大悟醍醐灌顶 但是最重要的是学会老师思考问题的方式吧 本来这些课就是偏向于法哲学的 听课的时候应该也能听出来老师对法哲学的研究还是很深入的 讲的深入一点也是难免 总之给分不好是确实的 但是讲课也并没有那么差劲 还是很有学识也很有思想的老师 上课努力跟上就好 以上
36442,268,季涛,2016-11-13 14:12:51,1,4,3,只能说这个老师并不能做到尊重每个学生，对于那些不是特别出众的孩子连名字都不想听清，不说这个老师讲得有多奇葩了
40749,268,季涛,2017-01-05 08:17:27,0,1,1,挺好的，嗯
47240,268,季涛,2017-01-24 23:34:34,25,28,3,季老师其实有一颗想把课上得更好的心，我们应该给他时间u･ω･u
47589,268,季涛,2017-02-04 13:37:05,4,4,0,出分超慢
47893,268,季涛,2017-02-27 04:36:39,5,5,0,老师人挺好，确实很可爱。但是讲得很迷醉，给分很迷醉
47903,268,季涛,2017-02-27 08:03:42,-1,2,3,给分不错
47969,268,季涛,2017-02-27 16:00:39,1,3,2,这种课不比其它部门法，感觉学不到很多，大概就是思想方面吧……其实上课也没有很认真听，老师很有趣，给分也还行
48041,268,季涛,2017-02-28 06:06:28,0,2,2,呃……不知道该怎么评价
48649,268,季涛,2017-04-12 03:51:58,6,7,1,超好玩 老师的表演能力真的太强了 活灵活现啊
58001,268,季涛,2017-07-22 02:39:43,0,2,2,一个非常有趣的老师，也认真的和学生沟通，是不多见的认真上课并且认真的想把课上好的老师。最后的考试也同平时的课程紧密关联，给分公允。
66184,268,季涛,2018-01-12 15:26:58,4,5,1,非常好的老师！强烈推荐！虽然限于课程本身内容略有些无聊，但是老师非常尽力，为人非常温和谦逊，看得出是一个谦谦君子，总之强烈推荐！
72402,268,季涛,2018-01-30 05:17:51,9,11,2,老师是个好人，但不是一个合格的好老师。听他的课你永远找不到重点，不如自己看书看PPT。另外，老师是真的感觉缺根弦啊……永远不知道上下课的具体时间，每次都要在上课时间快结束的时候焦虑地说好几遍：哎呀今天又讲不完了怎么办呢……我觉得老师适合研究而不适合一线教学。
73499,268,季涛,2018-02-01 19:20:14,0,1,1,不知道在上些什么，既不是规规整整的方式，也不是启发灵感的方式，给分一般，anyway老师本人水平很高，为人也算谦和
75506,268,季涛,2018-03-13 00:44:20,15,17,2,点名分组点了一节课
75847,268,季涛,2018-03-20 01:29:43,10,12,2,戏精本精
78722,268,季涛,2018-05-15 00:23:47,3,13,10,“滴滴女生被害自己也是有很大问题的，她应该把脸涂黑一点出门”。我给你打1分是因为没有0分。
79999,268,季涛,2018-06-19 02:42:45,1,3,2,突然点名
85579,268,季涛,2018-07-20 01:45:18,7,9,2,点过两次名，有一次翘课被点到了，以为会很惨，最后绩点还不错，多谢老师不杀之恩。
87453,268,季涛,2018-09-29 04:01:46,17,18,1,老师好不好是比较出来的\n\n就冲季老师上课的态度和他的性格 \n\n不管课上得怎么样\n\n给个8分
102196,268,季涛,2019-01-31 10:01:45,4,6,2,又是一年等分时
110350,268,季涛,2019-06-26 01:38:08,6,7,1,考试之前评价一波。\n\n永远记得老师课后答疑说的那句\n\n 要记得你是幸运的 ?
114683,268,季涛,2019-07-11 03:39:11,5,8,3,偶尔点名，法理这种课原本就很抽象，不能全怪老师，涛哥还是很好的!就是出分好慢呜呜呜
114964,268,季涛,2019-07-13 06:26:22,3,7,4,产生疑惑 不知道抱怨给分差的 和上课翘课，水手机的是不是同一批人
115503,268,季涛,2019-07-30 02:09:13,14,16,2,老师很好啊 谦谦君子 温文尔雅
116206,268,季涛,2019-09-06 07:51:41,2,3,1,自己要看书，才可能听得懂或者跟得上老师的上课节奏，因为有时候会跳内容
130895,268,季涛,2021-01-25 07:30:35,12,13,1,季涛老师太令人无语了……上课扯东扯西讲有讲无……PPT看得人头一个比两个大……如果不是老师人很好我简直想打一分
135711,268,季涛,2021-05-20 10:19:52,2,5,3,就 老师人真的很好，治学和教书也比较谦逊严谨。上课自己仔细听仔细梳理是能抓到重点的，老师的一些观点对我影响很大。
138303,268,季涛,2021-07-08 11:59:07,4,5,1,讲课水平是我大一专业基础课里偏低的
138707,268,季涛,2021-07-10 12:32:52,-3,2,5,老师讲课真的挺有哲学水平的，但是因为法理学这门课本身的问题，可能需要大家连起来认真听不能走神，才能有收获！
140480,268,季涛,2021-09-13 02:56:38,3,5,2,宝藏老师，对学生很好
146946,268,季涛,2022-01-08 06:51:35,3,4,1,jt老师人很好 特别可爱
147894,268,季涛,2022-01-11 06:05:49,4,8,4,真的无语死了，考物权法的时候和李华等人讲了两个小时的话，知道您爱说话也会说话，可是您知道吗，这时在考试呀！！！您有考虑到坐在前排考试的同学的感受吗？？？还是在考物权法这么难的课，学弟学妹们以后一定要注意，他监考如果坐在前排就趁早调位子吧！
147898,268,季涛,2022-01-11 06:18:45,4,6,2,老师 球球了 咱们考试的时候就消停会儿好吗 也不至于将两个小时的话吧 真的难受死了。。
150594,268,季涛,2022-02-01 15:15:14,3,5,2,老师人很好
159157,268,季涛,2022-07-07 21:22:35,-7,6,13,季老师超爱超爱。查老师造就了一批低分怨种学生，分低就在这里匿名谩骂诽谤，真是够够了，想想这些人同学就可怕，是不是哪天不小心得罪了也在背后辱骂同学，毕竟这些人现实中肯定过的也不顺
171083,268,季涛,2023-03-15 23:58:00,3,4,1,上课是真的水，改卷是真的慢
171932,268,季涛,2023-04-13 02:27:20,1,3,2,老师这么可爱！！！！这么温柔！！！作业也少。上课讲的确实有点慢但是很有趣。怎么可以分这么低
178183,268,季涛,2023-07-07 16:32:43,1,6,5,老师不点名，很温柔很萌，作业和讨论课压力不大，法理学给分也都差不多就是很迷==老师是好老师
185472,268,季涛,2023-12-30 05:18:50,9,10,1,“法学院的学生是“不睡觉的”
185491,268,季涛,2023-12-30 15:52:48,8,10,2,“法学院的学生是不睡觉的”你阴阳怪气什么呢啊？文档里面还给这句好标黑了你真牛。之前考核也没说要有论文，你特么临时变卦的话提前留啊，这个时候说写论文不给上限，你脑子在想什么，，，，头一次见这么会阴阳怪气的老师滚，，，
185793,268,季涛,2024-01-04 12:16:40,15,18,3,统计一下，上课能听懂的人能有几个？能听懂的你们就踩一下好吧
189935,268,季涛,2024-02-03 06:05:02,6,6,0,老师是一位好人，好丈夫，好父亲，但不是一位好老师
195946,268,季涛,2024-07-09 14:40:29,3,4,1,季老师学识很渊博，课后和他讨论也会很认真回答~
197516,268,季涛,2024-07-18 03:16:58,7,7,0,老师为人儒雅谦逊，真的是一位好人，善良的人，但不是一位合格的老师。上课没有仔细规划准备、缺乏时间观念，经常偏离授课主题扯得很远（阿列克西、德沃金balabla），期末试卷难易适中也有一定区分度\n\n然而，“其情可悯，其行可原”，6分
204049,268,季涛,2024-11-23 11:45:33,0,0,0,水啊水
32362,527,何怀文,2016-07-06 09:04:49,42,55,13,我只想说，如果学习帝有0分，我应该给0分
32372,527,何怀文,2016-07-06 09:57:07,5,11,6,思维跳跃，缺乏体系，内容庞杂，给分比预想的好一些，不过绩杀你是躲不过哒，因为不管选谁的知产课都是何老师出题改卷，而且没有平时分哦，不要给老师打电话试图求情啊会扣分的=￣ω￣=
32414,527,何怀文,2016-07-06 15:18:28,-11,5,16,我觉得还不错啊，按照他商标法那本书的思路，虽然有些地方有点儿问题，但是大方向是还行的，比较全面，最重要的是非常喜欢讲案例，所以挺有意思，不会给挂好像，认真听课分数应该不会特差
32445,527,何怀文,2016-07-07 01:23:11,-13,7,20,老师及其认真+严格，不过就像所说的认真就能拿高分，不像有些老师的课给分稀里糊涂即使很高还觉得不公平。总之学得好也有很多满绩哒。上课比较好，就是有点乱我同意，但是讲的内容都是别的地方看不到的自己的思想，回头来看发现很深入很赞！
32657,527,何怀文,2016-07-08 16:24:14,3,7,4,有点乱，但案例多，挺生动，给分很硬，试卷很心机。
34638,527,何怀文,2016-10-17 05:17:13,8,15,7,做个正常人有那么难吗
45157,527,何怀文,2017-01-19 05:10:18,3,6,3,刚考完...希望老师别让我挂
47784,527,何怀文,2017-02-24 14:34:39,-4,5,9,老师常有奇思妙想，是立志开创学术门派的人物。虽然自己肯定是明白的，但讲课有点乱。给分完全看卷面，还请好好学习。
47789,527,何怀文,2017-02-24 23:14:35,0,10,10,何老师上课最大的特点也是他曾经说过的，预习基本的内容是前提，上课讲的都是对基本内容的加深独到的理解，听课时会觉得有一点体系混乱，但整理后回头看又会觉得老师的思路独特有理。给分只看期末考试，但认真学习平时钻研还是能拿高分！
48242,527,何怀文,2017-03-01 11:31:16,-4,5,9,课堂上会讲解很多例子，比较生动
54714,527,何怀文,2017-06-30 05:31:37,-4,3,7,老师很热情的。仔细看老师的书也会发现他的体系
62798,527,何怀文,2017-11-27 03:57:06,11,16,5,超混乱！！！能感觉出来，他自己都不知道自己讲啥……
63461,527,何怀文,2018-01-23 11:29:33,-13,3,16,给老师6分 我让老师及格老师也一定不能让我挂啊
65847,527,何怀文,2018-01-09 13:44:54,7,13,6,平时讲课乱七八糟不说，临近考试才想起来布置论文还一堆要求。
65849,527,何怀文,2018-01-09 13:55:07,16,22,6,平时讲课乱七八糟不说，临近考试才想起来布置论文还一堆要求。如果有0分，我一定给0分！
65850,527,何怀文,2018-01-09 13:58:48,11,16,5,如果有零分，一定给零分。上课的风格扑朔迷离，临考试还得写平时作业。最后一节课才开始讲专利法。服了服了
65851,527,何怀文,2018-01-09 14:01:21,9,18,9,别的不说了 一句mmp送给您
65852,527,何怀文,2018-01-09 14:12:20,-3,2,5,...
65855,527,何怀文,2018-01-09 14:36:53,9,13,4,为什么给个1分自己心里有点b数了吧
65859,527,何怀文,2018-01-21 13:08:32,11,16,5,考完了来评价一下 选择题真的好纠结啊?
65863,527,何怀文,2018-01-09 15:33:45,8,16,8,和李永明两大神人堪称知产两大新星。
65880,527,何怀文,2018-01-10 01:30:46,3,6,3,自己体会
66286,527,何怀文,2018-01-15 02:17:22,2,5,3,嗯，每节课必用伟哥举例。请问您是有多喜欢伟哥？
70657,527,何怀文,2018-01-27 10:40:18,-1,5,6,别复习了，反正选择题那么刁钻你不可能复习对的，学弟学妹们。
72494,527,何怀文,2018-01-30 08:33:18,3,9,6,可爱的老师，成绩出乎意料，挺有趣的人，嗓子不舒服给我们上课，辛苦啦
72498,527,何怀文,2018-01-30 08:39:52,-4,0,4,看书以后听课发现很有收获？
72575,527,何怀文,2018-01-30 12:30:18,2,3,1,上课体系有点乱，我看老钟的书也有点乱，还是王迁的书比较好。老师讲课还行除了体系乱有些问题讲不清，啊就是临时布置论文有点猝不及防。选择题70分真的很纠结，可能也与我没来得及刷完司考真题有关，发现只刷了17年的真题好像做题还是有点帮助的（fine也有可能是我想多了）后面案例题很简单算是安慰吧。老师上课喜欢讲笑话但是我总是get不到笑点，啊可能我笑点高？？？
72580,527,何怀文,2018-01-30 12:37:53,2,2,0,考了82，自己掂量
72600,527,何怀文,2018-01-30 13:22:19,-9,1,10,老师那么帅说什么都对⁄(⁄ ⁄ ⁄ω⁄ ⁄ ⁄)⁄
72601,527,何怀文,2018-01-30 13:22:25,1,1,0,呵呵呵
72609,527,何怀文,2018-01-30 13:29:03,5,7,2,怎么说呢，考试给分没有那么那么差但也不是特别好。不过，考试真的全靠自己，考试要求高没问题，请您将课堂质量也相应提上去才匹配吧。另外，到期末才布置作业怎么都不是一个体谅学生的行为吧，就算学院要求，但是照样有老师并没有平时作业啊，总是有办法操作的，anyway我觉得这样就是没有站在学生的角度\n\n不过吧，和李永明比，我还是站何怀文吧。
72644,527,何怀文,2018-01-30 15:16:14,0,1,1,上课有点乱，考试挺难的，推荐看司考书和王迁的知识产权法教程好好自学一下，另外法条也可以仔细看看，有的地方考的很细
73069,527,何怀文,2018-02-01 00:59:02,-2,1,3,没有上过何老师的知识产权课，但是上了老师的知产案例课，老师要求真的挺多挺严的，有时布置的任务也显得有点不替同学们考虑，但是老师本人还是很好很负责的，对知产真正感兴趣的可以选吧，做好投入巨大精力的准备
74928,527,何怀文,2018-03-06 12:59:25,-6,0,6,老师真的太好了
92020,527,何怀文,2018-12-25 12:11:39,4,4,0,上课喊人回答问题算作点名，每周更新论文题目，写一次就可以，上课经常会推销自己的书……不能明白这两个老师为什么会共同教学，一个上秋学期一个上冬学期，体系可以分开的？一个上课吹吹吹，另一个就不说了……
94750,527,何怀文,2019-01-21 07:47:57,-15,4,19,自己思维跟不上老师的同学为什么要说老师上课不行呢\n\n老师学问很好啊！
96503,527,何怀文,2019-01-21 05:21:18,-11,3,14,自己思维跟不上老师的同学为什么要说老师上课不行呢 老师学问很好啊！
96505,527,何怀文,2019-01-21 05:21:55,-10,4,14,自己思维跟不上老师的同学为什么要说老师上课不行呢 老师学问很好啊！
96507,527,何怀文,2019-01-21 05:23:15,-10,4,14,自己思维跟不上老师的同学为什么要说老师上课不行呢 老师学问很好啊！
96515,527,何怀文,2019-01-21 05:25:48,-13,3,16,自己思维跟不上老师的同学为什么要说老师上课不行呢 老师学问很好啊！
96605,527,何怀文,2019-01-21 07:33:04,12,13,1,你刷你? 的屏啊？行行行，你思维跟得上老师，是不是就能证明你? ?得不行啊？法学之星?客观来说，有同学确实跟不上，也不是每个人都有他的书看，所以评分怎样也都是实话实说，别人没你强没你聪明，别人就没资格上课没资格说话嘛？？得了吧，您还是自己去更高层次的地儿享受优越人生吧
96615,527,何怀文,2019-01-21 07:51:06,5,5,0,上面打抱不平的那位看不出来下面的复读机是在嘲讽吗?
96786,527,何怀文,2019-01-21 10:01:17,15,17,2,ball ball何老师做个人吧?
96788,527,何怀文,2019-01-21 10:01:41,7,8,1,怎么说呢……反正平时叫人回答问题当点名的也算正常....这个考试和论文还有上课是真的一言难尽
96873,527,何怀文,2019-01-21 11:18:48,7,8,1,暴躁老哥哈哈哈哈
96937,527,何怀文,2019-01-21 12:56:36,31,35,4,此人为我在浙大四年见到最恶臭的老师，没有之一。首先上课没有体系，思维混乱，讲课节奏跳跃，跟不上节奏很正常，跟得上的话基本就不是零基础；其次一直推销自己的产品，上课不让录音，这在我看来就是一个老师的气度和品行问题，从中看出，这位老师就是自私自利。讲到关键问题的分析，就是这个问题我在书里回答了，大家看书吧。那请问还要你这个老师干嘛，本科生基础知识哪本教科书没写？利用自己学的知识产权不让我们录音，这个自我认知也是很迷。最后，这个老师骨子里就看不起浙大，竟然说出不是北大的老师好，而是北大的学生厉害这种话，既提升和撇清自己还要贬低浙大人，这什么逻辑？总结一句，没必要来这里刷好评，反正知产课就一个老师开，垄断的，上得再差，人品再烂，又能怎么样？
97115,527,何怀文,2019-01-27 15:26:49,-1,3,4,给学弟学妹的指导：平时看王迁，考前背法条，绝无问题
98774,527,何怀文,2019-01-24 02:21:38,6,7,1,真的怕，明明知产是我付出最多的一门了，还买了他的书各种看，做笔记，结果考试根本没用，真的好难受(ಥ_ಥ)
98942,527,何怀文,2019-01-24 05:28:31,5,6,1,教人前先学会做人吧
100961,527,何怀文,2019-01-27 08:05:35,4,4,0,如果有别的老师开课一定不选他?这次不知道又挂了多少人
100964,527,何怀文,2019-01-27 08:18:14,18,19,1,晕晕晕真想打0分啊听课体验着实不好，我真是头一次见上课喜欢尖叫的老师…至于课程内容我真无法评论，整个专业就这么俩老师教知识产权，一个上课仨小时两个半小时在吹逼，同行衬托一下只要这老师三个小时在讲课不管在讲啥玩意不都是好的吗。垄断害人啊！
101014,527,何怀文,2019-01-27 09:13:02,3,3,0,上课上蹿下跳
101024,527,何怀文,2019-01-27 09:25:33,-6,3,9,真心觉得何老师是个好老师，上课很认真积极，虽然略显push，但干货很多、引人思考。期末考涉及细节和课上内容，只要认真复习，会得到应拿的分数，不存在故意压分给分差一说，自己学到了考好了比什么虚高的分数都重要。
101065,527,何怀文,2019-01-27 11:30:55,-2,3,5,给分好像没有想象的那么差
101108,527,何怀文,2019-01-27 14:00:10,1,3,2,想知道老师给分到底怎么样。学习帝又崩了
101280,527,何怀文,2019-01-28 03:16:44,1,1,0,既然老师没有挂我，我就按学习帝平均分给老师打分
101500,527,何怀文,2019-01-28 10:13:16,2,3,1,比较严格的老师，有些时候似乎确实push过头，如果真的好好学了考试考的好也是有高分的
102048,527,何怀文,2019-01-30 07:02:53,1,2,1,何老师这学期上了一半的课，一定要来，点名抽问，一次10分。上课讲太快了，跟不上，个人感觉有点乱（个人体验）。老师确实经常推荐他自己的书，我只买了商标法。最后期末考，单选多选60分，2道案例题，每道20分。案例题感觉太难了。考前我是有把老钟讲知产看了2遍左右，案例题更多考理解运用吧。给分的话，学习帝好像崩了（不知道有多少同学挂了）
102168,527,何怀文,2019-01-31 03:54:30,2,3,1,心累...最认真的一门课，绩点最低的课
103523,527,何怀文,2019-03-01 01:25:51,1,1,0,没有平时分...那为什么要布置平时作业呢
103942,527,何怀文,2019-03-07 16:34:05,10,12,2,泸州医学院的逆袭来报复社会，蜜汁自信。
106394,527,何怀文,2019-04-27 04:33:49,1,1,0,太较真了，就得按照他说的来，一点自由够没有，一门心思认死理。批判北大体制僵化，一个大学好是学生好不是老师好，学生应该多发挥，自己怎么就不反省反省自己的讲课呢。无法沟通。
108560,527,何怀文,2019-05-28 15:05:20,4,4,0,上的烂课，写的烂书。
115481,527,何怀文,2019-07-27 17:04:45,1,3,2,虽然老师压力很大，但是也请不要动不动就鄙视学生。说泸州医学院逆袭报复社会的那哥们可能有点偏激了，但也请老师收一下脾气好吗，如果什么都懂了还上课干嘛？！plus，老师很拼，但请不要把这么变态的工作/学习强度强制给学生。
118230,527,何怀文,2019-10-23 09:43:51,-7,1,8,正在上知识产权，觉得老师上课好人也好(✪▽✪)
128058,527,何怀文,2020-12-04 19:27:16,2,2,0,知产课一堆低分
128223,527,何怀文,2020-12-14 05:52:38,4,5,1,课讲得太烂了 还蜜汁自信
129347,527,何怀文,2021-01-04 11:36:20,3,5,2,傻逼老师，线上从来不回答问题，跟个死人一样疯狂@也没用，布置作业超多线上布置一个要求线下讲的时候又一个要求，脑子有泡！
131765,527,何怀文,2021-01-29 00:34:24,-5,4,9,老师是不是这学期给分变好了？
146672,527,何怀文,2022-01-07 07:32:15,5,5,0,受教了，水平确实菜
146807,527,何怀文,2022-01-07 13:23:24,4,4,0,呵呵呵，今年给分没变好，继续烂，开卷
146871,527,何怀文,2022-01-08 00:43:16,8,8,0,给分继续烂，不要相信老师教的，他自己都不考
146906,527,何怀文,2022-01-08 03:41:37,5,6,1,虽然开卷了但给分还是很烂
147249,527,何怀文,2022-01-09 08:44:07,-2,2,4,考试带法考书，考前看两天，就很舒服
161336,527,何怀文,2022-11-04 08:17:14,-1,0,1,GAGGAA
162105,527,何怀文,2022-11-17 01:08:37,-4,1,5,创业基础给分很高
166487,527,何怀文,2023-01-12 11:00:48,1,2,1,创业基础给分还行，但是堂堂课都隐性点名，老师态度不好
168249,527,何怀文,2023-02-06 12:58:29,2,2,0,啊？？何老师还开创业基础了？？？
170341,527,何怀文,2023-03-04 03:14:58,6,6,0,给分是真不行
170406,527,何怀文,2023-03-04 01:52:02,8,8,0,1. 虚伪，嘴上说不屑于点名，实乃浙大花样百出点名法第一名\n\n2. 教学水平低下，课程体系一塌糊涂，听课纯属浪费时间\n\n3. 傲慢、自以为是，懂的都懂，有前辈评价为“泸州医学院报复社会”虽有偏激但有几分道理\n\n4. 总结：浙大之耻，法学院发展道路上的绊脚石之一
172964,527,何怀文,2023-05-10 12:25:27,1,1,0,只能说离谱，非常离谱，能逃尽快逃
188214,527,何怀文,2024-01-18 12:06:25,0,0,0,???
193844,527,何怀文,2024-06-20 07:14:37,0,0,0,123) AND (SELECT 'kIKl')='lhPm' AND (8043=8043
209359,527,何怀文,2025-01-05 15:02:15,8,8,0,快忘了法学院有这号人
1325,536,肖燕,2015-03-22 00:04:14,-1,4,5,上课会讲很多有趣的案例，给分很好，考试简单~
3422,536,肖燕,2015-06-12 02:17:51,4,10,6,讲得超好～～～
4757,536,肖燕,2015-06-27 12:47:09,-1,3,4,讲得很好d
4839,536,肖燕,2015-06-29 12:45:20,1,7,6,必须满分的老师！
6004,536,肖燕,2015-07-10 07:28:11,-3,2,5,讲得好！考试简单
6122,536,肖燕,2015-07-11 04:47:12,-1,4,5,没听课怪我，真的怪我。老师好人。考试简单，给分师生情。
13193,536,肖燕,2015-12-25 05:57:26,0,3,3,像在听故事hhh，各种有趣的案例，通俗易懂，点名只最多一两次吧，点之前还会告诉你
26178,536,肖燕,2016-06-16 07:16:38,-3,2,5,讲得超好，民法课四节连堂听着都不觉得累。还不点名。
29093,536,肖燕,2016-06-29 08:31:47,0,4,4,有趣，深入，主要给分棒
29110,536,肖燕,2016-06-29 08:51:36,4,7,3,给分啊啊啊啊……
29124,536,肖燕,2016-06-29 09:07:35,0,4,4,老师讲的比较浅显 主要是讲故事 可能打基础的话并不一定很扎实 可是 给分好！
29129,536,肖燕,2016-06-29 09:21:34,-1,2,3,给分好
29196,536,肖燕,2016-06-29 11:18:43,7,11,4,非常好的老师，讲得很通俗易懂，案例也很有趣，听四节课竟然没觉得累。人也很和蔼，考试很基础，给分也不错。
29534,536,肖燕,2016-06-30 02:43:30,0,3,3,Good
29812,536,肖燕,2016-06-30 10:50:34,3,6,3,给分不好
32583,536,肖燕,2016-07-08 02:22:50,0,4,4,人好 给分好 考试内容基础 只要认真看书就好 上课不错 喜欢讲案例 给人一种法律人人的气度 我男神！
37870,536,肖燕,2016-11-21 12:38:45,2,5,3,老师超级好
43088,536,肖燕,2017-01-15 16:07:26,-3,4,7,老师课上有很多案例很有趣！考场纪律严明 考题难度适中 学会了很多东西！真心很棒
46650,536,肖燕,2017-01-22 05:24:59,1,6,5,超级超级超级超级好老师！！！！！讲课超级有逻辑！考试也简单 背了就行 中间小测大开卷 老师给分太好了呜呜呜好感动
46654,536,肖燕,2017-01-22 05:30:55,1,6,5,给分真高啊
46658,536,肖燕,2017-01-22 05:36:19,0,5,5,给分真的很好啊，老师讲的也很好
46672,536,肖燕,2017-01-22 06:24:38,0,6,6,给分好 很有原则的老师
46712,536,肖燕,2017-01-22 08:04:21,2,6,4,老师上课超有意思，给分也很好，期中小测是开卷，期末前给的知识点全考了，认真看书就可以了～老师超棒
46962,536,肖燕,2017-09-19 05:49:07,0,5,5,只有给分好的人评价了么？那加一个拉下本学期0.07均绩的供参考。不过确实没有好好背书
47441,536,肖燕,2017-01-26 11:09:24,4,6,2,唉，作为一个把债权法通论当通识课选了的人有点悲剧，老师人是挺好的，讲得也很激情澎湃，但是我作为一个没有任何法律基础的人，前面基础题还做的来，案例分析题真的是一脸懵逼啊，大概案例分析没准备好吧，最后3.3，狂拉均绩0.12?
47509,536,肖燕,2017-01-28 14:12:23,3,4,1,法学院的，上一次没考好回来二刷债法。讲得很基础，也当是查漏补缺了。P.S.债法考试出了个物权法的题，这考试假的吧......
50516,536,肖燕,2017-05-03 08:52:18,0,3,3,写论文只要把思路大概告诉他老师会很耐心的指导 完全不用担心论文～开卷考水水的 给分超级好
59794,536,肖燕,2017-09-27 03:54:58,-3,1,4,老师会讲很多有趣的故事，大概是当过律师的原因，说话很干脆利落引人入胜，讲课风格比起理论更偏实用，其它大概看自己吧，很好的老师了
71259,536,肖燕,2018-01-28 08:35:13,9,12,3,上课水多干货少给分差
71510,536,肖燕,2018-01-28 14:19:20,0,1,1,老师人很好，上课经常联系自己遇到的具体案例讲课，很享受的课程体验（虽然一学期下来貌似只记住了故事orz）
71733,536,肖燕,2018-01-29 02:13:56,6,7,1,老师人很好，平常去问问题都会很耐心的解答，但是上课有点水，考前根本不知道要复习什么，给分也不高
72400,536,肖燕,2018-01-30 05:13:16,2,5,3,法学课程上了一年多，深切体会到当过律师的老师讲课和理论型老师讲课是不一样的。肖老师的课堂还是很有意思的，不仅会提到很多有趣生动的案例便于我们理解，而且上课很干脆，一点也不复杂。这学期前半段讲债法史有点多了【笑，有点偏欧洲旅游记】，但是后半段讲的债法要点非常清晰易懂，必须点赞。考试是闭卷，相对而言难度中等，个别问题需要深入思考，总体不会太难。
74624,536,肖燕,2018-03-05 01:23:52,0,2,2,老师可太有趣了，给分可太好了，对非法学专业学生可太友好了
78288,536,肖燕,2018-05-12 09:52:38,-3,4,7,恶心，辣鸡，还把人电话拉黑
78321,536,肖燕,2018-05-11 01:45:13,1,2,1,侵权：总体上挺好。考核方式是给思考题然后挑5个作为平时作业，考试是开卷而且是思考题的变式，可以带任何材料，考试内容基本是上课讲的，所以上课要好好记笔记。给分算不错吧。授课方面讲案例比较多，但是和一些侵权教材有不同甚至矛盾，而且讲的内容其实也挺少的，大量的内容没有讲到。造成了缺了一节课的情况下不补并且最后一节课不上的局面。老师人挺好的，偏实务一点。
78346,536,肖燕,2018-05-11 04:23:34,5,5,0,考试形式果真是体现老师水平的最好方法，高下立判，诸君自知
78370,536,肖燕,2018-05-11 07:04:56,-1,2,3,老师上课会结合自身的经历讲一些有趣的案例，还会分享旅游经历，感觉是个很会享受生活的人。出卷还是蛮有水平的，给分也很棒，一不小心就满绩啦，感谢老师
78590,536,肖燕,2018-05-13 14:38:16,2,2,0,给分很迷 很迷
78611,536,肖燕,2018-05-14 00:54:39,2,2,0,考试真的挺随缘的 我把教科书从头到尾看了一遍 还有各种各样的其他资料 思考题也认认真真整理了 也就拿了个不高不低的分数 说实在的其实不是很喜欢这样花了精力也不一定会有很好的回报的考试模式...
6060,628,钟瑞庆,2015-07-10 13:56:17,0,9,9,挺好
6651,628,钟瑞庆,2015-07-17 04:16:10,2,13,11,上课是脑力激荡，要学会找逻辑漏洞。不过收获超大，付出就有回报，给分很好。大赞！爱庆！
11001,628,钟瑞庆,2015-11-23 16:07:37,0,9,9,教授思维方式的老师，赞！
22640,628,钟瑞庆,2016-03-09 04:12:00,2,8,6,讲的怎么说，我也不知道，再讲什么
23720,628,钟瑞庆,2016-04-13 11:54:31,1,10,9,讲得超无聊
26271,628,钟瑞庆,2016-06-28 14:48:29,5,7,2,不点名
26960,628,钟瑞庆,2016-07-05 02:10:46,19,26,7,庆哥的世界。。。
26983,628,钟瑞庆,2016-06-22 04:17:40,4,14,10,上课很多案例和个人的见解 最后还和学生敞开心扉上了一课人生选择 好
26984,628,钟瑞庆,2016-06-22 04:36:14,2,11,9,很好的老师！可是不再开经济法了，有点伤感！还想上老师的课！
26994,628,钟瑞庆,2016-06-22 05:51:51,-1,6,7,非常有收获
27270,628,钟瑞庆,2016-07-03 15:35:45,-2,8,10,垃圾老师给
27390,628,钟瑞庆,2016-06-25 14:02:57,0,9,9,大学读了两年，最喜欢的老师之一!讲得非常好~我们是关门弟子了QWQ选上这个课真的是好幸运啊~哈哈，我还没考试呢，管他最后几分，都不后悔这个课~
27810,628,钟瑞庆,2016-06-27 16:11:16,-2,9,11,每次都带上三观被刷新的准备去上课还是被刷新一遍三观，可以带你用全新的角度和思维方式看待问题。听钟老师的课其实是可以受益终身的。分数就听天命了?
27943,628,钟瑞庆,2016-06-28 06:52:47,0,7,7,老师人真的很不错，很有思想，这样的课能听到是一种幸运。
28729,628,钟瑞庆,2016-06-28 13:22:34,0,10,10,1.上课绝不点名是老师的原则\n\n2.两个班似乎采用了不同的培养模式\n\n3.如果上课认真听收获很大，尤其是更理智地看待这个国家，并有欲望为之做出改变。分数倒不是特别在意了。\n\n4.最大的收获是老师提到的马格利特的一句话：忘记与自己有亲密关系的人的不幸是伦理的背叛；忘记与自己并没有多少关系的人类的非正常死亡是道德感的丧失。\n\n5.对老师不再开这门浙大独一无二的经济法课深表遗憾。
28992,628,钟瑞庆,2016-06-29 05:31:38,3,15,12,评论已经没有意义了，老师已经不开这门课了，上课逻辑性真的挺好，但是我一个工科生往往不能听懂，期末考试有点变态，分数哎～
29682,628,钟瑞庆,2016-06-30 07:33:24,1,10,9,提升对我浙本科教学质量信心
31187,628,钟瑞庆,2016-07-03 11:02:23,12,19,7,绩点好低啊…好难过
31195,628,钟瑞庆,2016-07-03 11:07:48,12,16,4,经济法给分太低了吧。。。。。。
31206,628,钟瑞庆,2016-07-03 11:16:45,1,9,8,钟老师真的可以说是大学三年来遇到过最好的老师，也许他并不像周老师或沈老师那样有那么多实务的经验，但他对学生思维逻辑的启迪是无人可及的，他用权利和权力的关系描述了当下的中国，用法学的思维描绘了他对中国未来的图景，这种授课在浙大是难得的。至于分数也是副产品了，认真学也不错的
31210,628,钟瑞庆,2016-07-03 11:20:50,1,7,6,大绩杀！完全不知道在讲什么！
31220,628,钟瑞庆,2016-07-05 03:06:18,17,26,9,绩点给这么低有没有考虑过学生的感受！！平时作业是你自己不布置的！！完了考试我就想问给分依据是什么???上课也都是在扯，自己不说法律原理，难道考试要我们写出来吗？？！真是够了 没想到一门个性课还这么低，岀离愤怒！！
31230,628,钟瑞庆,2016-07-03 12:20:38,8,12,4,平时作业不布置 期末考试很变态  注重法律思维但教授的知识一点也不系统 大绩杀
31238,628,钟瑞庆,2016-07-03 12:31:39,2,7,5,老师讲课很好，只是作为工科生选个性这样的绩点很受伤…课程很好只是不适合我当个性学分吧…
31290,628,钟瑞庆,2016-09-30 03:56:03,7,12,5,绝对gpa大杀
31375,628,钟瑞庆,2016-07-03 22:59:56,1,5,4,无语啊给分
31396,628,钟瑞庆,2016-07-04 00:22:00,-1,7,8,钟老师的课不按书本上来，但是对每件事都是按照逻辑推理一步步来的，听完有种恍然大悟的感觉。第一次听可能不适应，但后面越听越有意思。说绩杀的人敢问上课好好听过吗，考的基本都是讲过的。就是题量有点大，做不完。
31556,628,钟瑞庆,2016-07-04 06:22:00,3,7,4,欣赏他“要分析，要推理，要思考”的教学思路\n\n但是接受不了他的私货和逻辑漏洞\n\n不是很擅长思辨的同学不建议选，擅长的也不一定会喜欢他
122692,628,钟瑞庆,2020-03-19 14:54:33,3,13,10,评分才6.8太不科学了。上的是财税法，还没有结课不知道能拿多少分，但钟老师是我到目前为止最喜欢的老师之一。老师不是按照教材生搬硬套，而是有自己的体系和价值观，讲课也纵横捭阖，满是干货，从税和法为我们提供了看待世界的新角度。每次上课是真的可以学到很多东西。老师还特别热心，课下有问题都会详细解答。我激情给一个满分
122831,628,钟瑞庆,2020-04-12 09:10:23,4,6,2,老师上课的逻辑有时候会出现断层是我的错觉吗？
123265,628,钟瑞庆,2020-06-26 06:41:44,29,35,6,这门经济法与想象中的完全不同，准确来说，这门课应该改称为税法。混乱的PPT、PPT上凌乱的红色涂鸦、整个压缩包的文件，都让人产生浓重的心理阴影。\n\n由于疫情，这学期期末成绩全看案例分析。思美传媒的案例写得人晕头转向、天昏地暗...不过，老师的这学期给分也真的仁慈+良心。
123325,628,钟瑞庆,2020-06-03 08:08:11,9,11,2,放过我
123983,628,钟瑞庆,2020-06-18 16:18:19,2,4,2,上课听不懂，下课看回放，感觉自己懂了，写作业发现自己什么都不懂，老师很好，是我太笨
124167,628,钟瑞庆,2020-06-26 07:32:07,12,14,2,钟董今年给分也太好了？！
124173,628,钟瑞庆,2020-06-26 10:04:48,6,7,1,感谢老师，认真听课收获极大，给分也这么好，值得付出努力！
162477,628,钟瑞庆,2022-11-23 04:56:11,2,5,3,上课认真听的话，会发现老师讲的都是干货！事情少，不点名，而且给分真滴不错~
162481,628,钟瑞庆,2022-11-23 06:47:50,2,5,3,老师讲课逻辑性很强，给分也很好！！
162482,628,钟瑞庆,2022-11-23 06:54:35,8,10,2,超级牛逼的老师，事少分高课好，对财税法有自己的深入见解
162490,628,钟瑞庆,2022-11-23 09:42:43,3,7,4,财税法上课蛮享受的，最后税法案例分析好好写90以上是绝对的✧٩(ˊωˋ*)و✧\n\n学弟学妹们冲鸭ｸﾞｯ!(๑•̀ㅂ•́)و✧
163548,628,钟瑞庆,2022-12-15 04:50:58,3,7,4,财税法给分很好，不知道是不是第一次教本科生大放水
167765,628,钟瑞庆,2023-01-19 03:40:54,-4,11,15,财税法讲得非常好
176682,628,钟瑞庆,2023-06-29 16:44:59,3,6,3,急刹了
182784,628,钟瑞庆,2023-11-20 08:27:42,2,5,3,老师讲的很好，很体谅学生，上课不点名，给分很好，就一份书面作业（分析案例），认真写了就拿了高分～
183416,628,钟瑞庆,2023-11-25 12:09:29,2,4,2,期末给分平平，但主要还是自己赶工的缘故。老师人很好，很体谅学生
193425,628,钟瑞庆,2024-06-10 12:10:25,-1,0,1,绩杀了
201157,628,钟瑞庆,2024-10-29 12:00:00,3,3,0,课程作业要求很高。如果没有公司法和商法，以及基础会计的人慎选。
201822,628,钟瑞庆,2024-11-06 13:15:35,3,3,0,钟老师人非常好，但是作业真的好难啊啊啊啊啊（对不起和老师本人无关，写结课作业崩溃中）
202965,628,钟瑞庆,2024-11-15 13:00:12,2,2,0,老师解答问题超级耐心，给分也很好
203083,628,钟瑞庆,2024-11-16 12:06:19,3,3,0,老师不点名，比较松弛，但与之相对的是作业很难，需要提前准备，卡着ddl写会很绝望，好好做分数就过得去。上课认真听能拓宽不少知识，老师课后回答问题也很耐心，满分满分
203241,628,钟瑞庆,2024-11-18 10:22:59,3,3,0,财税法，老师上课喜欢绕逻辑，本人基础不太好大多时候有点跟不上，但是课后问老师问题老师特别特别耐心回答，特别温柔。作业就是最后一个案例分析，有点难但是认真写的话给分不错。不同于其他老师，钟老师经常在课堂上跟我们说，我们有很聪明的小脑瓜，告诉我们一些非常独特的看待社会规则和运行的方法，不只是传授知识，而是让我们学会去做人，这才是大学啊。
203317,628,钟瑞庆,2024-11-19 05:50:44,6,6,0,钟老师的财税法，上课的时候会觉得很有难度，如果没有会计和公司法基础很难跟上，真正要听懂课后需要花很多时间去回顾和理解。但是老师会在第一节课就把作业布置下去，引导我们去提问和思考，老师非常非常耐心非常非常温柔，完全不需要担心自己问的问题是不是太过基础太过简单。结课作业觉得自己讨论得还是很浅显没有到位，但是钟老师给分真的很好！谢谢老师！\n\n印象很深刻的是钟老师始终给我一种希望我们不仅仅是被大学的评价体系禁锢的期待，但是又能够理解我们现在的处境，最后一节课带来一本自己反复阅读、翻烂的康德的书，告诉我们希望我们能够在大学阶段有所突破，是真正期待和希望学生们成长的好老师！
203595,628,钟瑞庆,2024-11-20 06:31:04,3,3,0,事少分高，必须满昏
216738,628,钟瑞庆,2025-03-23 14:24:08,0,0,0,好好好
2077,756,郑磊,2015-04-01 01:49:54,3,33,30,讲课挺有意思的~ 长得也萌萌哒~
6252,756,郑磊,2015-07-12 10:38:21,-4,7,11,好老师！！\n\n一直以为自己要挂了，没想到！！泪流满面叩谢师恩！！
6417,756,郑磊,2015-07-14 01:03:56,-1,14,15,上课就像演讲，字字珠玑，语速很快，内容很充实，是真可以学到东西的～最重要的一点，给分相当惊喜啊！出乎意料～
7937,756,郑磊,2015-09-16 07:18:12,-2,12,14,教我们思维方式而不是灌输知识，原本觉得很无聊的宪法学都能给他讲的很生动。很后悔没认真听课，下学期要开课我肯定蹭。人好给分好。
10971,756,郑磊,2015-11-23 14:06:59,-7,4,11,入门法学的启蒙课程，案例、推荐书目非常赞
21524,756,郑磊,2016-02-29 06:06:20,2,5,3,教授可棒
30867,756,郑磊,2016-07-02 16:43:41,-9,1,10,很好的老师。上课也不点名。感谢老师没把我宪法与民主挂掉，总感觉好虚啊。
30890,756,郑磊,2016-07-02 23:42:02,-19,11,30,讲课讲的不错很有意思，但是绩点太低，做了两次展示，几乎每节课发言，最后闭卷也复习了一天连80都没有。。。努力与成绩不相符的时候总是寒心。
30961,756,郑磊,2016-07-03 04:34:49,0,15,15,就是那种努力与收获不符的感觉。老师给分太苛刻。
32694,756,郑磊,2016-07-09 23:23:54,-4,4,8,叩谢师恩，给分出乎意料得好
32695,756,郑磊,2016-07-10 00:52:07,-1,7,8,最最关键的一点，给分厚道，虽然自己不是很高，但就自己的学习情况来讲有这个分真的满足了
32700,756,郑磊,2017-12-28 03:37:32,-9,2,11,跪谢师恩！
51834,756,郑磊,2017-06-12 04:08:44,3,6,3,佩服郑老师...语速超级快而且一直不用歇的 我要是一下子说那么多话说不定舌头会打结?
54455,756,郑磊,2017-06-29 10:29:28,2,7,5,"╮(￣▽￣"""")╭\n\n宪法……\n\n老师上课就是起一个引导作用，课件太简略需要自己好好补充，因为语速太快，思维性太强很多时候打字速度是无法跟上的（笑～）\n\n经常会有听着听着戛然而止的意犹未尽的感觉，hh听老师讲课真的很爽\n\n因为年级专业的不同，群里问问题总会感觉有些胆怯吧……大佬们的思维常人是不能体会的，问问题之前好好思考下吧，太简单了老师跟同学都不屑于回答的……另外，老师的回答不会给出一个具体的答案，只是引导思考"
55388,756,郑磊,2017-07-01 11:53:39,-3,3,6,讲课真的好快，但是老师人很好！课也很棒！
57586,756,郑磊,2017-07-10 07:08:51,4,7,3,给分不是特别好 但也只能怪自己没有好好学吧
57587,756,郑磊,2017-07-10 07:42:04,7,10,3,试卷题量非常大，没合理分配好时间写案例分析和论述就容易gg....
57597,756,郑磊,2017-07-10 11:04:36,-9,4,13,本来以为后面两道案例分析题会gg  没想到老师给分还不错 笔芯❤️
57610,756,郑磊,2017-07-10 15:02:27,1,9,8,磊哥真的超萌的！一学期下来好记住N多经典语录hhhh “最后还不是美国那傻乎乎的哥们当选，诶他叫什么来着”
57831,756,郑磊,2017-07-16 05:53:53,2,5,3,平常做笔记，最后一节课听好老师划的重点，期末应该是没问题的。
58136,756,郑磊,2017-08-05 09:56:24,4,12,8,目前最低的专业课成绩……个人感觉老师上课较无聊，当然了必然是我自己有很大问题TAT强烈认同前面同学说的听好最后一节课的建议！！！
62567,756,郑磊,2017-11-26 03:05:10,-8,2,10,授人以渔而非授人以鱼，讲究体系化的思维提升，不会放弃每一位学生，真正为学生操心的好老师，很暖～讲课出口成章，幽默风趣深入浅出，能够让人投入~让人很喜欢~静静做学术
81667,756,郑磊,2018-07-05 23:31:07,-8,1,9,磊哥非常温柔
82582,756,郑磊,2018-07-08 14:44:50,25,26,1,选隔壁余军！！！！考试难题量大最重要的是闭卷给分还相对低 到了期末你就知道了（手动再见
83588,756,郑磊,2018-07-10 16:24:36,-8,0,8,出分前祈福萌萌的磊哥~
84423,756,郑磊,2018-07-12 22:59:32,0,2,2,出分前拜一下 听说隔壁炸了
84744,756,郑磊,2018-07-13 17:08:34,4,5,1,内容是真的多，一下子塞过来怎么消化理解？老师期末答疑倒是挺勤快的。好好看书吧，让人很想水的课。别尝试裸考，16页的考卷了解一下。
84793,756,郑磊,2018-07-14 01:42:42,-8,0,8,谢老师不挂之恩
112421,756,郑磊,2019-07-04 05:44:45,44,54,10,选隔壁余军，真的……
112465,756,郑磊,2019-07-04 09:21:07,14,17,3,就这一门课，让我断了这辈子学法的念头。
113972,756,郑磊,2019-07-08 04:32:58,2,3,1,不知道什么时候出分 先来拜一下? ? ?
114457,756,郑磊,2019-07-10 04:01:46,-7,2,9,老师专业知识还是非常渊博的，宪法法条及有关案例也是如数家珍信手拈来，上课仔细听的话真的收获很大。就是说话的语速真的好快呀?有时候根本来不及记笔记。事案小作文如果给老师发邮件，都会非常耐心地指出哪里存在不足，我在老师的帮助下修改了两次。最后考试是闭卷，题量非常大。选择题其实基本都是老师上课讲过的案例，可惜都只留下了一个大概的印象?。三道简答题就全靠自己押题背的感觉了?。两道论述其中一个是老师在第一节课就讲过的题型，所以还是可以早点准备起来的。最后的两道案例分析，也不知道自己用的宪法学知识到没到点上…总之一个学期下来，收货还是满满的。\n\n最后，成绩还没出来，求郑老师手下留情！！
114911,756,郑磊,2019-07-12 17:11:45,-21,7,28,考试那天状态特别差，身体本来就恶心想吐结果题量巨大还难。考完试我就想，得3.9+就给老师打10分，结果就我那烂样居然4.2？？？我去，给分太好了，老师本人很可爱，语速脑速皆快。
114916,756,郑磊,2019-07-12 17:14:43,-5,3,8,给分好。虽然试卷题量真的大。\n\n讲课说实话还是有需要改进的地方，并不是语速快就是好的课堂。\n\n还有，楼上那位您评论得太快了吧……佩服。
114919,756,郑磊,2019-07-12 17:29:15,3,5,2,老师很渊博，但不觉得给分是公正的……
114928,756,郑磊,2019-07-12 22:40:26,-6,5,11,专业知识储备丰厚，注重逻辑分析，注意框架，讲总体思维与细节分析结合，安排课程详略得当，真的是很棒的一个老师，但是上课语速确实快，并且很少是废话的，因此就算注意力高度集中也很难跟得上，需要课后努力。\n\n老师给分真的不错的，我最后两道论述题，由于前面时间没有把握好，都没写完，前面的选择题还空了好几个，后面凭着我的法感情，好吧，第六感盲选了，最后的分数可以的，毕竟平时也有努力听讲与思考，老师推荐的书籍也看了个四五本。\n\n老师的人品也很好，声音很温柔，平时也会在群里给大家分享案例，期末答疑很勤快。\n\n期末考的卷子题量大，内容丰富且有内涵，需要扎实基础与灵活思维，平时真的要扎扎实实，（我期末7.2-7.4每天都有考试，分配的复习时间也不多，我意思是有时候佛脚难抱，需要平时扎实，毕竟真的不是为了考试而学，是为了正在训练思维，奠定法基础
124232,756,郑磊,2020-06-27 15:43:46,10,11,1,这给分…和隔壁天上地下吧 只能怪自己没有好好学了
124233,756,郑磊,2020-06-27 16:04:36,-12,3,15,外专业的同学来谢师恩了，没有受到歧视，真的很有宪法精神了，谢谢老师，上课很有激情，一学期下来学到很多。
124408,756,郑磊,2020-06-30 10:39:04,13,18,5,慎选，选隔壁，zl语速快事多分少，喜提专业课最低绩点。而且群里鹅颈大佬挺多的，老师的作业鼓励鹅颈没有上限，这学期被作业搞得快疯了。老师水平很高，不过最后期末考核明明时间截止了，还说给0分选择题同学申诉机会，那我也可以申诉个满分呀？不如不出分前给机会申诉，给了答案再申诉又算什么？还有大作业ddl后又多给一天时间，我觉得对赶着交作业的同学也非常不公平。
127110,756,郑磊,2020-11-09 02:08:49,-13,0,13,讲课生动有趣
132861,756,郑磊,2021-02-04 08:16:36,-10,0,10,我觉得还算是很有意思，通核考察的东西也不难，课程内容也挺有收获
133601,756,郑磊,2021-03-02 14:26:31,8,8,0,改作业不认真，太拉绩点
139737,756,郑磊,2021-07-22 07:49:01,7,7,0,唉 唉 唉
140616,756,郑磊,2021-09-14 11:26:51,97,103,6,郑老师讲习法课：语速极快地叨叨叨讲个不停，看似讲了很多，但其实细究就会发现大多是无效输出
140625,756,郑磊,2021-09-14 12:15:06,-9,1,10,今天第一次上的课给个分
143216,756,郑磊,2021-11-21 13:44:41,112,122,10,郑老师，我一直有个疑问想要问您，记得上您宪法学课的时候您对xianzheng持肯定态度，但是这学期上xifagai时 他 的语录是“绝不能走西方xianzheng”的道路，您磕磕绊绊的解释让我感觉比较讽刺，也感到有些悲哀。您认为中国的宪法学者今后应该研究什么呢，什么能讲什么不能讲，中国的宪法学又将走向何方？
143659,756,郑磊,2022-01-16 04:29:43,55,58,3,有点好奇 为啥只有折大溯及既往了
143742,756,郑磊,2021-12-04 02:57:43,33,34,1,习法课的论文字数要求：多多益善
143932,756,郑磊,2022-01-11 00:53:24,74,84,10,不管是大一的宪法，还是现在的习法概，都令我无比ex，重形式，骨子里透着官僚气息\n\n\n\n有点无聊，去扒了一下郑磊的独董兼职：2017年5月至今浙江亿田智能厨电股份有限公司；2017年5月至今杭州华旺新材料科技股份有限公司；2017年2月至今浙江立元通信技术股份有限公司；2018年9月至今宁波联合集团股份有限公司
143933,756,郑磊,2021-12-13 10:29:49,13,15,2,事情好多，给分不好
145630,756,郑磊,2021-12-31 00:23:05,70,72,2,郑老师 体系化这个词在您这里变了味 您纯粹是为了体系化而体系化 什么三大要义 四大方法 把一堆政治口号杂糅在一起就是体系化？最离谱的是字数那里写着1146 美其名曰用设密码的方式体系化 现在幼儿园都不是这种上法 其他老师都是努力在把这门政治课注入更多专业色彩 只有您从头到尾都在空谈口号 真真正正把政治课上成了马屁政治课 体验真的很差 不过好在您就自说自话 沉醉在自己的世界里 没有让我们发言鹅颈 仔细想想整个学院也就您能上这课了
145763,756,郑磊,2022-01-01 15:00:48,48,52,4,又大又厚一本思政书＋70%闭卷期末考，让本就不充裕的期末复习时间雪上加霜……\n\n我背法条意义都比背这玩意大\n\n愿天堂再无习法概 \n\nPS：zl看起来真的很认真很努力很有激情在讲课了，但这个内容真的是听君一席话，如听一席话……
146078,756,郑磊,2022-01-05 11:19:26,54,57,3,xifagai让我为数不多的期待全部变成了ex\n\n两学分的课，不限上限多多益善的论文加实践课加每节课点名签到只占百分之三十，闭卷考并且客观题占比大\n\n说话像机关枪却言之无物，把法律课上成了思政课
146084,756,郑磊,2022-01-05 11:56:39,26,26,0,真的背不动了，为什么习法概要闭卷。。。
146365,756,郑磊,2022-01-06 10:26:33,29,30,1,习法概…😓
146381,756,郑磊,2022-01-06 11:36:00,123,132,9,书又大又厚又臭，话又多又快又废，课又谀又谄又媚。呜呼哀哉！谁之不幸？
146385,756,郑磊,2022-01-06 11:48:47,195,217,22,不是在评论郑老师 只是我在想 张文显老师曾经将中国法学从阶级斗争之学引向权利义务之学 后半生却致力于于成为领袖喉舌 其实也不怪他 不阿谀者如张千帆 终落得个禁书匿声的下场 这究竟是谁的悲哀？
146397,756,郑磊,2022-01-06 12:57:09,37,39,2,郑老师舔得真难看
146424,756,郑磊,2022-01-06 14:38:53,39,39,0,事情很多，很形式化，没有让我感觉到一个法学学者的风范，更像一个宣传机器。每节课都说习法概不是思政课，你信吗？
146439,756,郑磊,2022-01-06 14:55:55,29,29,0,为什么习法要闭卷🔪🔪
146472,756,郑磊,2022-01-16 10:38:08,88,97,9,恭喜zl舔到本年度法学院第一个教授资格。在外面去公司兼职倒是做的很香嘛？\n\n名利双收，不愧是您！
146493,756,郑磊,2022-01-06 16:49:56,26,26,0,法学老师上思政课上出了玄学课的水平，让人如坠五里雾中，也不失为法学院的悲哀
146501,756,郑磊,2022-01-06 17:31:39,16,17,1,他 懂宪法吗？
146533,756,郑磊,2022-01-07 01:22:05,92,103,11,背到“绝不走西方所谓宪政、三权鼎立、司法独立”这一条破防了，上学期宪法学，各种宪政的发展，说其各有特色是一种伟大的创造，然后转眼一本思政书就把你研究的东西完全否定，感觉是把知识分子当众羞辱，说“叫爸爸”，我学的艹蛋，也觉得悲哀。\n\n\n\n然后什么体系、方法、思想创新\n\n恕我直言\n\n在遮羞布上绣花
146534,756,郑磊,2022-01-07 01:25:52,39,41,2,以折磨学生为乐
146561,756,郑磊,2022-01-07 02:43:46,33,34,1,能不能爬能不能爬给爷爬爬爬死死死\n\nxifagai\n\n摆烂了，完全不明白背这种东西的意义我也背不进去，做不了像您一样形式主义官僚作风的舔🐶真是抱歉😅😅😅\n\n我从灵魂深处犯恶心
146641,756,郑磊,2022-01-07 06:44:38,23,23,0,习法概……真的无语了
146653,756,郑磊,2022-01-23 03:25:24,49,52,3,事多分少讲课烂
146654,756,郑磊,2022-01-07 07:13:29,12,12,0,哈哈哈哈
146655,756,郑磊,2022-01-07 07:14:54,29,29,0,能不能别舔了，你是精神分裂吗？前两天考研宪法还在民主人权宪政，xf就一直在舔，贱不贱啊？有点骨气好吗？还在闭卷
146656,756,郑磊,2022-01-07 07:15:22,18,18,0,习法概真的背不动了😢
146657,756,郑磊,2022-01-07 07:16:25,29,31,2,不知道多少人对法学的兴趣就毁在这玩意的宪法课上，现在又搞出什么*法概来折磨学生，上面说什么就是什么，跪着舔好就能评教授，浙江大学真应该把他开除了。
146663,756,郑磊,2022-01-07 12:06:03,20,20,0,不评价，这课一听就想吐，浑身不舒服
146665,756,郑磊,2022-01-07 07:24:24,17,18,1,傻逼秃头，傻逼舔狗
146668,756,郑磊,2022-01-07 07:28:32,55,58,3,xfg背的无语了来吐槽两句...\n\nzl好歹还是我们浙大法的学长，对外想要跟着上头走我们肯定支持尊重，但是对内还把这车轱辘话术压在我们学生身上是真的不能理解。实事求是的讲，这课开出来不是你zl的锅，要考试也能理解，但是闭卷真的打破了能够接受的底线。这些车轱辘话，你写论文用用差不多得了，让我们闭卷考不是明摆着想要折磨我们吗？难不成你出去还要炫耀一下“我上xfg让学生闭卷考”？不至于吧？\n\n不知道zl会不会看到这些批评的话，但是如果你还留点做老师的仁慈，那请在给以后学弟学妹上这门课的时候对考核方式加以改进吧。不然你的风评真的会变得很烂。
146684,756,郑磊,2022-01-07 07:51:28,19,19,0,大家都被xfg破防了么，但是思政课节节点名确实不行
146687,756,郑磊,2022-01-07 08:03:04,18,18,0,浪费宝贵生命的思政课。
146698,756,郑磊,2022-01-07 08:26:36,31,31,0,每节课必点名，每节课抽“幸运儿”查笔记，语速过快毫无重点…..只愿本科再不选上他的课
146702,756,郑磊,2022-01-07 08:32:54,15,16,1,😅😅
146704,756,郑磊,2022-01-07 09:27:19,49,51,2,书为谁而读，研究为谁而作？为了一门课而更改既定的培养方案，规则的权威与稳定性合在？法律一向强调可预测性，“法不可知则威不可测”，现在打破原有规则增加一门课，学校教务的权威何在？况且这门课还是对我们所学的一种颠覆与强行改变。不知如何评价。
146705,756,郑磊,2022-01-07 08:39:07,7,7,0,。。。
146707,756,郑磊,2022-01-07 08:41:01,14,15,1,为了舔而不断折磨学生，课程令人作呕，逼事一件接着一件，两个字：下作！
146727,756,郑磊,2022-01-07 09:33:28,11,11,0,绝绝子捏
146729,756,郑磊,2022-01-07 09:35:30,22,22,0,一门披着专业课皮子、粉饰太平的sb思政洗脑课习法概再加上一个让人无大语的极尽谄媚之能的领导喉舌做主讲老师。。。。。。当真绝配呢
146742,756,郑磊,2022-01-07 09:58:47,5,5,0,快跑！！！！
146774,756,郑磊,2022-01-07 12:06:24,13,13,0,要舔也没人拦着你，何必又当又立，无耻文人，恬不知耻
146775,756,郑磊,2022-01-07 12:07:05,9,9,0,言之无物
146778,756,郑磊,2022-01-07 12:15:12,13,13,0,刚考完习法概\n\n恶心，恶心呐
146780,756,郑磊,2022-01-07 12:15:23,8,8,0,草尼玛 闭尼玛卷
146785,756,郑磊,2022-01-07 12:27:17,4,4,0,。。。
146789,756,郑磊,2022-01-07 12:37:33,7,7,0,无话可说
146791,756,郑磊,2022-01-07 12:43:53,13,13,0,😃🖕
146810,756,郑磊,2022-01-07 13:31:34,7,7,0,好讨厌一光头男的
146812,756,郑磊,2022-01-07 13:33:46,3,4,1,呵呵了
146839,756,郑磊,2022-01-09 07:55:44,32,32,0,回复下面那个【不明白为什么不能讲西方的宪政以至于谈虎色变】\n\n郑磊自己还开过通识就叫《宪法与民主》，我还修过\n\n现在这个人这个课搞成这个样子，我只能联想到《1984》里他战胜了自己、他爱老大哥的外党党员温斯顿
146876,756,郑磊,2022-01-08 01:23:39,13,13,0,逃 快逃吧
146877,756,郑磊,2022-01-08 01:24:35,13,13,0,太无语了 学弟学妹们快逃吧！！！！
146878,756,郑磊,2022-01-08 01:31:05,44,44,0,…………..只能说，对比之下余军才是学者和师表
146883,756,郑磊,2022-01-08 02:01:47,17,17,0,现在只担心这门思政课是不是要挂了
146974,756,郑磊,2022-01-08 08:51:16,14,14,0,这几年最讨厌的课、最讨厌的老师，没有之一:)
146985,756,郑磊,2022-01-08 09:44:16,11,11,0,傻孩子们，快跑啊
147005,756,郑磊,2022-01-15 07:59:31,26,26,0,不太理解为什么不能谈西方的宪政以至谈虎色变！
147373,756,郑磊,2022-01-10 01:01:15,78,79,1,郑磊老师啊，你就是过于聪明了，聪明的可以 一边上着宪法与民主一边为了阿谀谄媚、抛弃所信说出“绝不走宪政”，聪明的可以 一边担任着数十家公司的独立董事拼命地、变着法地捞钱一边高呼“共同富裕”“以人民为中心”。郑老师啊，我真诚地希望您的这种聪明劲儿我们求是学子永远也不要学会，在这种大环境下，我们或许不能反对、不能质疑，但我们至少可以沉默、可以不要那么病态地、近乎变态地奴颜媚骨；我们或许不能笔直、独立地站立，但我们至少可以不跪着当舔狗！不管大环境如何，我们至少还有将枪口“抬高一厘米”的权利！郑老师啊，您如果是在要舔谁也拦不住，但是为何要将这些令人作呕的话强加于别人呢？我始终认为，如果沉默不被允许，则表达必然走向虚伪！若批评不自由，则赞美无意义！
147415,756,郑磊,2022-01-10 02:59:13,-7,1,8,呜呜呜呜呜
147642,756,郑磊,2022-01-10 10:53:49,-17,7,24,我的磊磊这么好，呜呜呜，呜呜，呜呜岁呜呜呜，大家好坏，喵喵喵
148246,756,郑磊,2022-01-12 03:24:17,7,7,0,嗯。。。
148353,756,郑磊,2022-01-12 08:16:57,8,8,0,呵呵呵
148354,756,郑磊,2022-01-12 08:16:57,8,8,0,呵呵呵
148415,756,郑磊,2022-01-12 11:28:35,-10,2,12,宪法学还是捞我了
149522,756,郑磊,2022-01-15 22:38:07,22,22,0,我给零分
149523,756,郑磊,2022-01-15 23:20:04,29,29,0,出分了，习法概，吐了
149528,756,郑磊,2022-01-16 01:03:39,23,23,0,垃圾老师 给分差
149530,756,郑磊,2022-01-16 01:48:53,29,31,2,贱东西给分真他妈的烂！！\n\n你能再不要犯贱了吗？越是有人骂你你越要继续犯贱吗？
149531,756,郑磊,2022-01-16 01:22:52,22,22,0,老师不珍惜自己的羽毛，事多给分差还恶心人
149602,756,郑磊,2022-01-16 07:29:26,16,17,1,习法点名事多给分差，授课混乱无逻辑，建议向马克思学院开课的老师学习下。宪法课原来八分多的评分，掉到四分多…
149659,756,郑磊,2022-01-16 09:34:57,16,16,0,洗发盖🤪考核方式大离谱
149736,756,郑磊,2022-01-16 15:14:41,12,12,0,😅😅😅
149923,756,郑磊,2022-01-17 23:37:41,17,17,0,极尽官僚虚浮之势
150382,756,郑磊,2022-01-24 00:15:29,-44,4,48,法学院应当多上思政课
150427,756,郑磊,2022-01-25 04:58:58,14,14,0,爬 爬 爬
150911,756,郑磊,2022-02-21 04:28:14,17,17,0,大无语
151061,756,郑磊,2022-02-22 12:30:26,18,19,1,我不李姐，给我上吐了，，习法概有什么上的必要吗，上习法概对你带来了多少好处。这种风气一点也不好。
151254,756,郑磊,2022-02-26 05:43:18,21,21,0,滚出浙大
151298,756,郑磊,2022-02-28 05:37:05,15,15,0,垃圾人
151299,756,郑磊,2022-02-28 05:55:33,19,19,0,语速很快，话很多，但大部分是无效输出，太啰嗦了听得我头疼
151313,756,郑磊,2022-02-28 08:25:29,18,19,1,圣上的恩泽
151360,756,郑磊,2022-03-01 11:18:10,14,15,1,给爷爬
151380,756,郑磊,2022-03-02 02:01:19,-41,2,43,习法讲得很好啊
151392,756,郑磊,2022-03-02 05:17:51,18,18,0,无效输出
151411,756,郑磊,2022-03-03 00:52:47,14,15,1,差差差
151539,756,郑磊,2022-03-07 05:21:15,14,16,2,sb吧
151550,756,郑磊,2022-06-29 04:53:54,29,36,7,可爱的卤蛋～
151584,756,郑磊,2022-03-08 10:52:33,17,17,0,烦人额
151731,756,郑磊,2022-03-14 05:10:59,21,21,0,二百五一个
151760,756,郑磊,2022-03-15 00:47:07,17,17,0,呵呵呵
151761,756,郑磊,2022-03-15 01:40:21,17,17,0,呵呵。
151780,756,郑磊,2022-03-15 13:02:34,15,15,0,令人绝望
151790,756,郑磊,2022-03-15 23:25:32,17,17,0,二傻子
151930,756,郑磊,2022-03-21 05:15:28,19,19,0,狗粑粑🐶🐶🐶
151979,756,郑磊,2022-03-22 10:20:38,15,15,0,讲课讲得我都睡着了
151980,756,郑磊,2022-03-22 10:32:09,19,19,0,nmsl
152044,756,郑磊,2022-03-24 03:10:07,16,16,0,有病吧
152070,756,郑磊,2022-03-25 01:39:39,15,15,0,啊哈哈哈哈上课就像做梦
152105,756,郑磊,2022-03-27 02:17:50,17,17,0,有病吧
152115,756,郑磊,2022-03-27 12:14:13,16,16,0,一睡就睡着 tmd烦死了
152120,756,郑磊,2022-03-27 14:31:02,-29,9,38,非法本法硕，郑老师的宪法课，课上讲的东西比较基础，跟应试时学过的比较像，没有期待的那种深度和广度，老师语速也很快，话语细碎没有重点。但是郑老师真的是超级负责任，课下还在群里分享各种学习资料和最新宪法案例，还和同学们讨论，哪有老师肯花这么多时间在学生身上呢。最后的考试倒挺好的，提前准备好的问题，都是很前沿的立法问题和案例分析，自己去查找阅读文献的过程收货很多。\n\n看到郑老师因为一门习法概被骂成这样挺心疼的。这门课谁上都会被骂吧。
152128,756,郑磊,2022-03-28 05:25:22,20,20,0,秃头的二百五，嘴瓢的二百九
152161,756,郑磊,2022-03-29 06:40:05,18,18,0,就是个当婊子还立牌坊的主
152172,756,郑磊,2022-03-29 11:16:50,11,11,0,真可怕
152259,756,郑磊,2022-03-31 14:57:37,8,8,0,没去上过课
152298,756,郑磊,2022-04-02 04:48:03,7,7,0,感人～
152433,756,郑磊,2022-04-11 05:30:17,8,8,0,……无语子
152849,756,郑磊,2022-04-20 14:25:29,8,9,1,上了这么多年学，真的没有这么无语过，
153248,756,郑磊,2022-06-22 00:43:25,5,5,0,呵呵呵哈哈哈
154032,756,郑磊,2022-05-20 01:10:14,9,9,0,呃呃、、，事好多，，好卷啊，
154389,756,郑磊,2022-05-31 12:51:35,-9,4,13,郑磊老师挺有意思的
155978,756,郑磊,2022-06-17 03:33:13,10,10,0,卤蛋~
156001,756,郑磊,2022-06-17 05:12:24,5,6,1,wdnmd
156252,756,郑磊,2022-06-18 13:23:00,6,6,0,洗发盖..懂得都懂 我想说第一个坚持的第一节背完就背不下去了。。。
156439,756,郑磊,2022-06-19 16:03:20,-35,9,44,这个话题真的...法学院学生的戾气不是盖的。绝！对老师群起而攻之成了政治正确，在wg吗？他有他的言论自由的权利。破口大骂大可不必。真可怕啊。新型网暴！
156958,756,郑磊,2022-06-29 08:33:23,7,7,0,来看看大家
156962,756,郑磊,2022-06-21 12:35:20,8,8,0,郑磊大sb，我不想背书了！！！！！！！！1
157070,756,郑磊,2022-06-21 22:58:13,8,8,0,每次背不下去的时候都来接受一下人气评论的熏陶
157146,756,郑磊,2022-06-22 05:18:53,-14,5,19,作为宪法学的老师，客观来说，如果听了他的课，应该会感觉到老师讲的还是不错的。老师经常讲所谓“学习方法”，这部分本人持保留态度，属于老师的个人“特色”。就有关“宪法学”的内容来说，是一位称职且有水平的老师。至于习法概这种东西本来就是带着镣铐跳舞……你们还打算怎么样……没必要，真的没必要把对课的情绪发泄到老师的头上……
157533,756,郑磊,2022-06-23 15:25:40,13,15,2,只能说 他不配\n\n各位 有限的生命不应该用来听毫无营养又自以为是的课
157573,756,郑磊,2022-06-23 19:50:28,17,17,0,"下面说不该发泄在老师身上的，不是他这课能有真的多b事啊😇不是他鼓励鹅颈啊🙃不是他闭卷考车轱辘话啊🙂再下面一位前辈说的很对，""这课开出来不是他的问题，但是考核设计就是他的问题了，难不成他还能出去给别人炫耀说自己xfg闭卷？不至于吧""(大致意思)"
157738,756,郑磊,2022-06-24 14:31:04,11,11,0,郑磊副院长，去年还是院长助理，这升的真快呀。嘿嘿，我的磊磊。吐了
158000,756,郑磊,2022-06-26 05:22:04,8,10,2,呜呜呜呜我的卤蛋我的卤蛋～你们这帮坏人！哼！你们怎么忍心说我可爱的卤蛋呢🐶～
158161,756,郑磊,2022-06-27 08:30:55,6,7,1,别的不说了，1分送上
158528,756,郑磊,2022-06-30 03:59:26,-35,8,43,讲得其实挺好的，把习法概的知识点串联成了严密的体系，可能有些人受毒害太深，都不能认真听几节课就开始骂
158653,756,郑磊,2022-07-01 03:40:41,7,9,2,低级人
159127,756,郑磊,2022-07-08 16:14:06,6,8,2,哎.........
159164,756,郑磊,2022-07-07 08:09:42,2,3,1,出分太慢了吧
159280,756,郑磊,2022-07-10 14:46:27,-19,3,22,为什么要戾气这么重？
159477,756,郑磊,2022-07-24 09:12:34,-11,4,15,xfg和宪法太会捞了，前来谢恩！
159493,756,郑磊,2022-07-26 02:24:16,-15,2,17,xfg被捞了～
159812,756,郑磊,2022-09-01 14:25:04,14,14,0,之江山上谄媚之集大成者，胡院长啊胡院长，就这种人你都敢保荐教授呀？
159973,756,郑磊,2022-09-10 15:14:29,9,9,0,生存之道 在舔舔得
161347,756,郑磊,2022-11-04 10:54:42,3,3,0,呵呵呵
161670,756,郑磊,2022-11-10 07:51:31,8,9,1,习法概上课确实像坐牢，因为是必修课，给后面的学弟学妹传授点建议\n\n1.习法概论文一定要按照标准的论文格式来写，不必写很多很多，我选的题目是习法概那些坚持之一，领导干部关键少数什么的\n\n2.平时会点名，还会有幸运笔记手来分享笔记\n\n3.上课可以不听，郑老师讲理论的语气确实让人听着不舒服。其他老师来了听一听也可以的，春燕老师会找人回答问题\n\n4.期末考试是闭卷，不仅仅要背目录上的内容，因为在我们这届考试里面，目录上面的小标题很多都是考试的题目，当然，老师最后其实是捞了，能感受到调分的痕迹，希望这是郑磊老师向好的一个迹象吧
161924,756,郑磊,2022-11-15 04:54:01,4,4,0,固定座位 废话连篇 浪费时间
162248,756,郑磊,2022-11-18 08:27:20,6,7,1,启真人才学院2022开班仪式暨教授公开课请了这货，这讲的什么玩意，这是法学院的老师讲出来的话？要逻辑没逻辑要感性没感性，
163551,756,郑磊,2022-12-15 06:04:07,5,6,1,请问老师在讲啥？听了一小时没听懂
163930,756,郑磊,2022-12-16 15:08:20,4,5,1,口可口可口可
173374,756,郑磊,2023-05-22 03:47:07,5,5,0,答辩～
175701,756,郑磊,2023-07-09 09:48:22,10,10,0,他认真地讲着他的思政课，努力地把xi法概建设好。。。。。但现实是大家真的想听吗
175932,756,郑磊,2023-06-27 07:34:12,12,12,0,语速太快，看似说了很多，其实废话更多……
179258,756,郑磊,2023-09-04 12:30:17,4,4,0,sos
185375,756,郑磊,2023-12-28 12:40:38,6,6,0,听他了两次课，只能说emmmm\n\n一言难尽 跑吧家人们\n\n能感受到老师十分爱名利，追热点
186049,756,郑磊,2024-01-08 04:17:45,1,2,1,觉得还行…讲课水平不错 人品不评价
189489,756,郑磊,2024-01-25 02:16:19,5,5,0,23春夏习法概，授课+讲座形式，有雷达或扫码签到。个人感觉这门课本来就偏向思政类，更多是准备一下期末考试。老师最后也带着整理了一下体系画了画重点，给分也挺好的。不知道为啥评价还是这么差🤷（之前差好像是因为点人查笔记）。
196988,756,郑磊,2024-07-06 09:34:07,2,3,1,非法学专业，上的是宪法学。这学期有四个平行班，但其余班级溢出而我们班只有10个人，所以从选课的人数就能看出一定的问题。\n\n先不说上课水平如何，感觉上课态度是有一定问题的。宪法学是春夏长学期的课程，zl有两次没有来上课，而且课前和课后都没有做任何主动的说明和解释，这算重大教学事故了吧？（如果说其中一次是为了周末占用大家时间组织先法馆参观可以理解，那么另外一次是想干嘛呢？为什么不提前说明自己不来上课？浪费大家时间真的很败好感……）\n\n关于考试，闭卷考，各教学班各自出题。zl的试卷比较基础，感觉都是平时重点强调的内容，大框架上学会了应该是没问题的。考前最后一节课会带着大家极速梳理一遍知识脉络，并且会划重点，会告诉我们一些重点概念，并且大部分也都以各种考题形式呈现了。\n\n最后是关于给分，成绩由两部分构成：一篇事案分析报告占40%、闭卷期末考试占60%。zl是在某天突然出分的，分数没有达到个人预期，所以看到成绩心情还挺复杂的。尽管不知道两部分实际成绩也不好评价，但是感觉zl应该没有刻意捞人。
198110,756,郑磊,2024-08-30 23:38:59,3,4,1,宪法学确实是一门挺反动的科目。
198340,756,郑磊,2024-09-07 11:20:41,1,1,0,从授课内容来看，郑老师的跳跃性挺大（语速蛮快），在知识整合这一块确实不尽人意。但是该教的分析框架与相关练习还算差强人意，最后成绩感觉有点绩杀，难评。
206221,756,郑磊,2024-12-13 09:13:36,-2,0,2,下学期宪法学又要开课了，只想说快逃…
215982,756,郑磊,2025-03-08 17:39:23,6,8,2,非法本法硕，和郑老师有很多接触，包括课程内容指导和论文写作指导等等。\n\n    我不得不承认老师有很多缺点，包括讲课有时候思路会不是那么清晰且语速不太容易跟上，有时候对于专业知识问题的解答、论文思路指导会让人云里雾里，有时候批评人也很严厉等等。\n\n    但是我也不得不说，和老师有过很密切的接触以后可以慢慢发现，老师无论如何是一个对学生很善良的人。也许你可能会得到严厉的批评，但他从来不会把怨气带到下一次的交流当中。在一众老师里，他属于相当愿意同学生进行交流指导的老师。他虽然很喜欢输出，但也不会抱有恶意，甚至于当你对他可能心存恶意时，他也不会对你抱有什么恶意。曾经打趣地和他讲他在査老师上的评价不好，老师也只是一笑而过。对于他自己带的学生，在公共场合其实一般都是愿意维护的；对于不是他自己带的学生，只要你愿意从他那多学些东西，老师是真的愿意给你机会的。老师会重视几乎每一个愿意学习的、对备案审查或者对宪法感兴趣的老师，包括但不限于拉你一起上课、一起参与讨论等等。虽然很push，但绝对有收获。\n\n    在专业知识和学术能力、学术作风上，郑老师不会挤占学生的成果，愿意带同学发文章，鼓励大家去写文章。从学术能力上看，郑老师出身名门，虽然不是最优秀，但绝对合格。我曾听过郑老师对相关讲座的主持、点评等等，也可以发现老师绝不是个庸才。他有他自己的见解观点，会得到其他老师的肯定。在指导论文的过程中也可以发现，老师在遣词造句上非常考究，这必然是有足够的文字和写作功底才能做到的。\n\n    说到xfg，其实老师在后续的开课中也尝试用更创新的授课考察方式。至于留言里说到舔或者怎么样，老师在私下里真的不是一个唯官方是从的人，作为宪法学人，他会批判，但是也懂得克制。\n\n    最后，我不是在试图为谁洗白，只是真的不忍心看到具有诸多优秀的“老师”品质的浙大教授，被赤裸裸地扔进了垃圾堆。
218588,756,郑磊,2025-04-25 12:03:23,0,0,0,其实我之前不知道有几个宪法学的班级，因为我们班就20多个人，我以为会有很多班。直到我后来和课友聊天，一共两位老师讲宪法学，隔壁yj 老师班上有90个人。。。无须多言
221603,756,郑磊,2025-06-25 02:02:33,1,1,0,宪法与民主，没考勤，事算少，给分不错
27095,834,陆青,2016-06-23 01:22:00,12,33,21,不得不说能感觉到老师很努力的想把课上好hhh 而且老师自身确实很优秀 帅帅哒 青年才俊的感觉…但是物权上的像债法啊2333
28152,834,陆青,2016-06-28 08:42:54,-6,10,16,感觉老师很负责，而且穿西装很帅气
31625,834,陆青,2016-07-04 09:34:22,29,48,19,本来想好好学习，看到物权法成绩，瞬间破功了。
31913,834,陆青,2016-07-05 06:55:45,27,47,20,说着很轻松～给分不厚道～上课感觉讲不清楚
32413,834,陆青,2016-07-06 15:05:53,-10,11,21,课很认真，给分感人~好好学不用愁分数的~
35578,834,陆青,2016-11-10 07:28:52,-5,16,21,帅气！英俊！
38915,834,陆青,2016-12-20 00:44:54,35,68,33,混乱的板书，一节课画一个饼
40167,834,陆青,2017-05-18 04:22:26,11,63,52,是一个非常认真负责的老师，只要连续上几节课，就可以慢慢跟上老师的思路。一直记得老师说的：诚信待人，勿害他人，给予每个人他所应得的。
44186,834,陆青,2017-01-17 11:43:56,-7,12,19,做学问很踏实，备考很认真，对同学也很好，满分
45812,834,陆青,2017-01-20 06:33:09,-7,8,15,平时上课因为在12节，我坐第一排都能睡着。板书有点混乱，思维也有点跳。PPT的字稍微有点小。债法考前有点慌，老师一直在微信吓唬我们，结果准备了一天，考了90，老师平时分所有人都给90。感恩
47383,834,陆青,2017-01-25 15:45:22,-9,5,14,陆帅hin好呀
48149,834,陆青,2017-03-01 02:36:07,-3,9,12,陆帅 ：你们不要“表见”学习！
52906,834,陆青,2019-01-28 13:19:46,-67,36,103,我反正不太喜欢这个老师，人帅但是讲课混乱，沟通不清楚，给分不好，考试前还在微信群说话让你产生恐吓心理，不怎么为学生着想，内心很冷漠的老师。
52981,834,陆青,2017-06-24 11:02:50,68,87,19,老师是很认真没错，但是我真的觉得讲得很乱………
54810,834,陆青,2017-06-30 08:58:45,1,16,15,老师很为学生着想，上的《物权法》可能确实没有明确的主线，但是如果都认真听了，认真读过法条，就能自己心中建立体系。我之前没学过法律的任何课程，直接学物权法，老师的课不局限于一门课，有联系的观点看待法律，感觉老师的帮助很大。
55568,834,陆青,2017-07-02 02:33:03,-8,18,26,竟然有人觉得陆帅冷漠，这位仁兄八成是活在梦里。
56187,834,陆青,2017-07-03 08:03:58,-7,12,19,觉得老师内心有点脆弱啊...一边说不点名结果又点名...
56675,834,陆青,2017-07-04 08:35:12,-4,9,13,看寄语和参考答案都很让人有触动，感受到了老师认真负责的态度，祝老师早日恢复健康！
56679,834,陆青,2017-07-04 08:49:30,-8,5,13,老师很仁慈，还很不错呦
56707,834,陆青,2017-07-04 10:39:20,8,29,21,作为一名医学生..选了陆老师的物权法，最后居然还得到了不错的分数。老师真的很棒啊，虽然平时上课挺难听懂的，但是老师是教你方法，这样自己去看法条更快理解。陆老师挺帅的，很幽默风趣，有时候会讲一些人生哲理，又宠老婆...人格魅力真的max！最后真心希望老师的腰能好点，早日恢复健康！
56755,834,陆青,2017-07-04 14:17:33,-8,6,14,老师真的很学术，也很认真
56871,834,陆青,2017-07-05 01:56:51,-5,8,13,好老师 不解释
57391,834,陆青,2017-07-07 07:34:41,-2,11,13,老师真的很帅\n\n所以我不记得他上课讲了什么。。。\n\n
57641,834,陆青,2017-07-11 10:39:35,5,28,23,? 债法，合同法，都是陆帅教的，民法的启蒙老师。陆帅真的是非常非常敬业，治学严谨的人，内心也很细腻，在意同学对他的评价。特别有感触的一点是，之前有同学评论他一堂课画一个饼，上物权的时候有明显的感觉到陆帅在尽量保持板书的清楚可辨。?想到之前有位老师说，要给年轻老师更多的耐心。希望，下学期上老师物权法的同学可以给陆帅更多的爱❤️。因为认真听老师的课，真的能学到很多东西。
58173,834,陆青,2017-08-14 10:43:45,-8,5,13,很帅很喜欢很认真的老师，男神！初学民法便接触的第一位老师，只怪是自己读书太少不够用功跟不上老师的思路，两门课的成绩都不是很理想。老师是个很文艺很温柔的人呢，对女儿满满的爱～而且老师的文笔也是真的好！朋友圈的好多文字都写得超有力量！希望老师今后在学术上有更大建树，同时也希望老师照顾好自己的身体，多休息少熬夜。（每每看到老师们勤奋学习，学生总是倍感惭愧……）
59889,834,陆青,2017-09-28 05:26:53,-9,3,12,棒棒哒\n\n
59890,834,陆青,2017-09-28 05:27:38,-6,5,11,3个字
60324,834,陆青,2017-10-17 10:20:51,-10,3,13,感觉老师真的很认真，讲解的内容很清晰，还经常能梳理学习法律的方法，个人认为很有益
60661,834,陆青,2017-10-26 06:42:41,-1,8,9,写在期中#物权法\n\n作为旁听的法学生，前两节课基本上感觉很混乱?\n\n老师的思维很快，语速也很快～\n\n拿好法条～\n\n老师会随机提问检查自己之前讲过的内容～\n\n可能表达上不是很清晰，自己需要很努力?，努力预习，努力理解
63372,834,陆青,2017-12-02 01:49:43,-8,5,13,导师我来了
63504,834,陆青,2017-12-05 09:49:14,-9,13,22,拖课拖这么久我不吃饭了吗！！！
68495,834,陆青,2018-01-30 04:02:15,-5,13,18,陆帅应该是我目前最喜欢的老师了 上课的时候感觉内容很多有点懵但是能明白一些基本概念 下来配合书一起整理发现老师其实逻辑很清晰 在老师的课程和推荐书目带领下感觉对物权法有了些大致的轮廓印象 真的是好老师 颜美人好给分好 特别为学生着想 期末开卷考试的携带资料也和同学协商了很久 真的太太太太太太关心学生了 而且老师还特别有情怀 看到老师的文字有时候真的很感动 考试周复习到天昏地暗准备上老师的微信号看一下往年题型结果看到老师记录的和女儿的生活点滴 开怀一笑之余感觉贼温馨感动 最后祝老师新的一年能早早睡觉不用再过一天睡三个小时的日砸！
72301,834,陆青,2018-01-30 00:57:21,-5,7,12,陆帅真的是我见过最认真的老师，上课讲得很深入，课后问问题也会耐心回答（虽然不像程宝那样秒回哈哈哈）。老师会讲一些学习方法，受益很大，下学期想去蹭老师的合同法( •̀∀•́ )
72302,834,陆青,2018-01-30 01:00:10,-9,1,10,觉得我糟蹋了那么好的老师
72303,834,陆青,2018-01-30 01:04:35,-6,6,12,可能我的问题・_・? 非法学专业 狂拉绩点好几 群里一水的谢谢老师 自己3.0 略醉 不过老师还是挺好的 欲哭无泪
72306,834,陆青,2018-01-30 01:22:17,-12,2,14,陆帅陆胖陆大哥是我见过最认真最拼命的老师，物权法课上会觉得内容很多很乱，但课后整理会发现（确实很多）却很清晰。陆帅尽可能地把自己所学所思都给我们，能领悟多少大抵是“修行看个人”。颇有些形而下之意味，接地气儿，多咀嚼会有所回报的。（给分真的超级无敌好）
73522,834,陆青,2018-02-02 01:27:30,-8,3,11,超级喜欢陆老师！上课声音也很洪亮，听起来很舒服！课后微信问老师问题，也会很耐心的解答！
74820,834,陆青,2018-03-06 04:21:23,-10,2,12,讲课好，负责任。
74980,834,陆青,2018-03-07 02:07:12,-12,1,13,老师真的是很棒！但可能教学经验不是很足，调理没有那么清晰，但是自己课前课后学习，配合老师上课内容回顾 ，真的收获满满！
75167,834,陆青,2018-03-08 00:16:26,-5,10,15,我待陆帅如初恋，陆帅待我……呵呵，男人。上了一个学期物权法超级自信的考试，陆帅给了我七十二，申辩有效但陆帅不加分……但作为真爱粉还是自然而然地选了合同法（陆帅你懂谁才是真爱了吧）总而言之，选择陆帅，一是因为他是一个上升性很大、眼界宽阔的青年学者，二是因为他在民商法所老师中明晰优美的体系，三是因为对学生认真负责而且平等交流，四是因为授课清楚对学生严格（但不苛刻）要求。在上面学到的，绝对不回次于在任何其他老师学到的，给分并不差，相反认真学的大家成绩都很好，pick我家男神吧
75728,834,陆青,2018-03-15 14:46:00,-13,1,14,很认真的老师，喜欢和同学交流~
76308,834,陆青,2018-04-02 12:51:58,-9,5,14,超爱陆帅！感觉思维在规范中被拓展了！
78181,834,陆青,2018-05-10 01:23:46,-2,12,14,很迷。。。感觉很累又没学到什么juj
80765,834,陆青,2018-06-30 12:41:22,-7,7,14,为什么给老师分这么低？老师超棒！！！！！十分！！！
81961,834,陆青,2018-07-06 15:47:09,-2,17,19,Ich bin In Hom，实名10分为陆帅刷分，表白陆帅，这种老师不该8点几的
82167,834,陆青,2018-07-07 09:58:30,-7,7,14,趁还没出成绩来评价一下 陆青老师非常关心学生认真负责叻 合同法课件老师全都给我们打印好下发 每次有剩的都感觉有点无奈 感觉和物权法相比感觉合同法的授课清晰了很多（没有说物权法不好的意思）老师也是一直在为教学努力着的 \n\n还有好多次凌晨了老师还在为上课做准备 考前宽慰大家劝大家不要刷夜 \n\n陆青老师真的超凹凹凹凹凹好滴！
85259,834,陆青,2018-07-16 14:25:41,-6,8,14,又上了一个学期陆帅的课~这个学期陆帅把课件都打印下来发给我们 上课逻辑很清晰 感觉自己也渐渐能够跟上老师了 总之收获满满！无论是在课程内容上还是在做人和生活上，老师都教会了我很多_(:з)∠)_能遇到陆帅是一种莫大的幸运
85673,834,陆青,2018-07-25 03:14:33,-9,4,13,锁定陆帅就对了
88526,834,陆青,2018-11-01 00:52:11,-15,1,16,我就是来给老师打个10分
88616,834,陆青,2018-11-04 05:49:38,-7,6,13,老师，我能当您的研究生嘛！！！！太喜欢您啦！！！
91334,834,陆青,2018-12-06 05:23:12,-11,2,13,超爱陆老师
98491,834,陆青,2019-01-24 13:42:08,-8,4,12,意料之外的给分！
99231,834,陆青,2019-01-24 13:03:09,-7,4,11,棒棒棒！
99299,834,陆青,2019-01-24 14:23:54,-8,8,16,陆老师真的是超级认真负责！对学生的解答也很耐心细致！上课有条理声音大！主要是对学生也超级好啊！在出分后发了一篇文章说明了考试的问题，再把每个同学试卷上反应出来的问题一个个总结，真的是太好了，太感动了！！！一定要好好学债法！！！
99300,834,陆青,2019-01-24 14:24:44,-6,7,13,老师太令人感动了，一定要好好学习债法，呜呜呜
99328,834,陆青,2019-01-24 14:53:29,-8,8,16,老师真的很负责任 一个一个给我们的考试情况作了分析 是我上大学以来见过最负责最棒的老师！
99380,834,陆青,2019-01-24 15:48:16,-9,5,14,真的是位好老师
99393,834,陆青,2019-01-24 16:09:07,-6,10,16,大学里这样的老师如此之少太值得保护了\n\n\n\n教学态度令人起敬
99423,834,陆青,2019-01-24 22:09:06,-8,8,16,好奇怪为什么老师只有八点八八分呜呜呜呜反正我心里老师值一百分！
99424,834,陆青,2019-01-24 22:11:51,-8,9,17,陆帅上课讲的非常好，有时刀子嘴豆腐心，说着我们太差了不会手下留情，（我知道这是为我们好对我们负责），但还是提高了成绩让我们回家过年，而且！给每位同学都做了试卷分析写了评语！告诉我们不足之处在哪里应该怎么努力！天呐心都化了
99972,834,陆青,2019-01-25 11:24:28,-7,8,15,老师太好了? 给老师打100分!
104011,834,陆青,2019-03-09 11:52:40,-11,1,12,nice
104358,834,陆青,2019-03-18 17:29:09,-10,2,12,老师真的非常认真负责，并且十分温柔的
105146,834,陆青,2019-04-04 11:20:32,-14,0,14,简直是享受！爱陆帅！
105742,834,陆青,2019-04-19 13:59:48,-12,2,14,舍不得
105743,834,陆青,2019-04-19 14:36:54,-17,1,18,不给陆老师打满分没天理
105748,834,陆青,2019-04-19 15:22:14,-10,4,14,舍不得陆帅！5555要哭了！陆帅太好了！遇到这样的好老师真的太值得的了！
123674,834,陆青,2020-06-11 10:05:02,80,108,28,诸位课友，上课不是追星，教学不应炫技。本科生把基础打扎实比什么都重要，陆先生的学术能力不敢置评，但他显然是不具备这种教学能力的
123743,834,陆青,2020-06-13 07:50:38,66,89,23,尬吹的太尴尬了吧，lq对于有些同学来说，他是很讨厌的。\n\n上课乱，讨论课质量不高，还意识不到问题。\n\n虚伪的男神
124225,834,陆青,2020-06-27 13:06:55,5,16,11,在职学生，不要选ta
124473,834,陆青,2020-07-01 17:31:46,-5,8,13,这学期上合同法，陆老师的课给我一种读法条的感觉……不如谷神债法课那样一针见血emmm不过陆老师挺暖的
132107,834,陆青,2021-01-30 10:09:59,-14,5,19,老师值得一百分甚至更多！非常详细的课程内容，非常到位的公众号分析，对菜鸡的包容理解和各种资料提供，都让人热泪掉下来。
132382,834,陆青,2021-02-01 08:19:59,-16,2,18,民事案例研习，有两次课人来的比较少老师点了名；上课多回答问题，会有1分的加分\n\n虽然上着确实有点乱，但是老师的思路还是非常全面的，期末的报告还是按照老师上课讲的案例来写吧，可能会分数更高一些。但是前面评价讲的言过其实了，无论如何都吹爆陆帅。
133993,834,陆青,2021-03-11 13:21:00,-9,5,14,超级棒的老师，超级超级棒
134005,834,陆青,2021-03-11 15:27:46,-4,5,9,今天上了他的法学通论真的很好 纯板书 据说是忘记带U盘了 讲得比较急还和我们说板书有点潦草不好意思 然后下课又重新写了一遍 通识课很多人可能都不是说想很认真地听的 但是我立马真就放下手机电脑开始做笔记 很多人都这样 讲课幽默还很有道理 然后就是可惜民法他只讲两节 不过法学通论的老师据说都是顶配
134220,834,陆青,2021-03-19 15:01:13,-7,4,11,永远爱陆老师！没有之一！
134242,834,陆青,2021-03-21 04:51:40,-8,3,11,好老师，好兄弟
134925,834,陆青,2021-04-22 16:26:09,5,12,7,陆老师人很好，但合同法真的太太太难了……
139208,834,陆青,2021-07-13 08:34:46,-3,5,8,法学通论。法理学、民法、经济法个人体验最佳，算是对法学有了最最最基本的了解，符合预期。对分数有要求的uu慎重，作业两篇3000字案例分析，最后3.9
139448,834,陆青,2021-07-15 17:14:04,-7,4,11,老师是慈善家吧。。。
139449,834,陆青,2021-07-15 18:30:48,-6,2,8,给分很好！
139457,834,陆青,2021-07-16 01:55:04,7,18,11,合同法。①周陆两位老师出题真的很奇怪，传统的案例题是问你有没有某个法效，然后你去找有这个法效的规范，选择一个，然后看要件满足不满足；两位老师出题是故事一看就能想到某个要件，但问的问题是当事人某个跟你联想到的法效没关系的主张能不能得到支持orz②老师不来引导的讨论课没什么收获，基本是浪费时间；③老师讲课语速过快，经常有口误，有些影响听课体验，说话也经常只有半句，不是很好理解；④真的有必要把每种典型合同都过一遍吗？
147017,834,陆青,2022-01-08 12:35:36,-6,4,10,真的很好！
148197,834,陆青,2022-01-12 00:48:03,11,18,7,讨论课纯粹的浪费时间！
148455,834,陆青,2022-01-12 13:55:51,-10,2,12,案例研习很硬核但也真的学到好多，老师实在实在太负责，甚至生出自己太菜配不上老师付出的心血之感…
148493,834,陆青,2022-01-12 16:25:53,-10,2,12,陆青老师很认真负责
151087,834,陆青,2022-02-23 02:14:33,-9,4,13,2.23更新：之前“评论讨论课纯粹的浪费时间！”也向老师反映过，听说这学期合同法学弟学妹们就不用再鸡同鸭讲地“讨论”了，陆帅还是非常重视学生的想法的，也非常的负责任。
151485,834,陆青,2022-03-04 14:21:28,-5,7,12,还不错啦
152561,834,陆青,2022-04-14 15:01:08,-9,3,12,………
152562,834,陆青,2022-04-14 15:01:50,-5,4,9,。。。，
153784,834,陆青,2022-05-11 03:32:44,7,21,14,老师人是好的，对我们是殷殷期望。\n\n\n\n但是我还是要提一些诚恳的教学建议。我听的民分大课，但是讲得像是研讨课。第一，底下的同学大部分是没有很深的民法基础的（法考那点东西根本不够用），解释学的功夫还没太到位，听课很吃力。第二，老师梳理法条的时候是逐条来的，又没有框架，老师运用的解释方法会涉及很多的体系解释和目的解释，举了很多很散的例子，对部分法条的框架体系又没有板书，思路跳转很快，于是听这种课就很痛苦，因为跟不上思路。课后就得花三倍的时间听一倍速的智云课堂整理（实话说，我给的课后整理时间已经够多了，整理下来的笔记没有十万字也有五万字，但是单看体系性还是比韩老师的笔记差了些）。\n\n\n\n我的建议就是不能假定大家都是民法学博士生，大课课程是要考虑让大部分人听得懂、接受得了，可以通过事前发讲义梳理要讲的点，加强梳理法条时的板书等方法让学生可以充分接受，至于进阶的解释技巧，可以点一点，让学生通过课下阅读加强。\n\n\n\n以上陋见，供参考。
154242,834,陆青,2022-05-27 01:18:55,45,56,11,真的很乱..好评刷的吗
154450,834,陆青,2022-06-01 13:59:21,14,25,11,有深度，但是很乱，笔记来不及记，很挑战耐心。如果有个ppt会更好。
154454,834,陆青,2022-06-01 14:37:29,19,27,8,上课很乱
154683,834,陆青,2022-06-03 11:49:29,20,26,6,老师虽然对学生很好，但是讲课能力还需要提升呀~没有体系性，感觉是想到哪说到哪，也没有考虑过学生的基础，虽然上的事民法分则，但是感觉在上研讨课~这对于基础还不够扎实的同学来说感觉收获不大呀~希望老师讲课可以有体系性一点，先把基础知识讲好，再去讲其他更深入的
155207,834,陆青,2022-06-14 06:42:31,30,37,7,法硕民分 讲得体系性很差 真的建议有体系一点
157808,834,陆青,2022-06-25 02:12:40,54,61,7,对这张期末试卷真的是无语了，教的东西和考的东西不能说不一样，只能说完全不一样。感觉一个学期学了个寂寞。
158312,834,陆青,2022-06-28 08:31:00,26,33,7,过于跳跃毫无体系
159158,834,陆青,2022-07-07 04:56:55,25,44,19,讲课乱七八糟，这好评都是一群nc女粉刷的吧，看老师帅就扑？一位老师特别是年轻老师教学基本功是第一位的 不然算得上什么好老师，听课就是浪费时间，有些好评看看就好了，自己心里清楚，跟风刷好评大家慎入，强烈不推荐！
159190,834,陆青,2022-07-07 14:48:52,27,31,4,课程内容体系很乱，老师会上课吗，民法这么重要的基础课感觉学的脑子一片麻，和周的出题也是稀奇古怪，好评过于美化了吧
159259,834,陆青,2022-07-09 16:47:31,30,36,6,没有老学究的功力，一身老学究的脾气。
159262,834,陆青,2022-07-16 12:17:38,22,26,4,一塌糊涂
159450,834,陆青,2022-07-21 03:33:16,36,44,8,求求别立人设了，好好备课上课，真的是一塌糊涂，非常不推荐。。。
159489,834,陆青,2022-07-25 09:20:30,19,23,4,看到这么多差评就放心了
159516,834,陆青,2022-08-01 00:37:56,6,7,1,...
159533,834,陆青,2022-08-05 01:21:52,17,21,4,诸位课友，上课不是追星，教学不应炫技。本科生把基础打扎实比什么都重要，陆先生的学术能力不敢置评，但他显然是不具备这种教学能力的
159567,834,陆青,2022-08-14 06:59:27,13,17,4,点名 体系很乱
159955,834,陆青,2022-09-10 02:50:48,12,15,3,体系较乱。每一个法条都进行了一定的分析，可是体系性不强。导致最后只能就每一条法条深入下去，而缺乏必要的体系性构建。老师自身还是挺认真负责的，就是对于学生自身能力的提升来说，提供的帮助比较有限。
160286,834,陆青,2022-09-16 13:57:54,-4,2,6,陆教授
160639,834,陆青,2022-09-29 03:29:10,39,46,7,上学期上谷神的合同法，也旁听了陆帅，这学期选陆帅的民案。觉得陆老师是一个非常认真勤恳可靠的人，讲课高强度，很细密。但有一个很严重的问题，陆帅太注重器，用很多法律术语绕逻辑而化简为繁：是没有体系，只提出问题不解决问题的繁。进行一段高强度头脑风暴后除了零碎知识点的一地鸡毛和对自己的质疑什么都没剩下。
160727,834,陆青,2022-10-07 17:04:23,-8,0,8,笑得挺开心啊
160731,834,陆青,2022-10-08 02:34:11,-1,7,8,人品真不错，上课真不行
160735,834,陆青,2022-10-17 10:26:54,7,8,1,是个好老师 就是给分有亿点点差
162195,834,陆青,2022-11-17 13:34:10,-12,8,20,很多同学都会觉得陆老师的课比较混乱、缺乏体系性，但是也请这些同学自问自己学习的民法基础是否扎实？对于条文是否熟悉？课程虽然很难，但是如果专注地听、认真地整理，真的会有很多收获。\n\n而且陆老师真的是一个非常真诚的老师，很少能看到如此努力治学又负责的老师了，请各位珍惜～
164329,834,陆青,2022-12-20 09:26:19,25,40,15,法学院第一伪君子。
164714,834,陆青,2022-12-24 05:38:14,-8,5,13,是好老师，老师是个优秀的人民教师
166982,834,陆青,2023-01-14 13:05:21,20,24,4,讲课是真乱，感受很差
169221,834,陆青,2023-02-24 17:24:16,8,22,14,哎哟这里是评价老师教学质量的地方，不论好坏大家都是按照自己的想法来评价，指责女生偶像化老师的某同学就不必在这里随地大小爹教人做事了吧，法学院女生没惹你们任何人。
169587,834,陆青,2023-03-14 11:01:55,-36,8,44,老师讲的很好，评论有的人听不懂课建议转专业，民法本来就是很艰深的学科，你不适合学法学就别来
170801,834,陆青,2023-03-10 02:45:56,11,15,4,快逃！
171173,834,陆青,2023-03-17 10:07:48,-15,9,24,老师很认真负责啊，写了那么多评语，就算像有些同学说的是演的，你让某些老师演一个试一试？
171476,834,陆青,2023-03-25 13:10:33,24,26,2,花了一节课时间讲裁判理由的依据和逻辑，大家都听服了……然后花了十秒钟，随便说了几句，就推翻了刚才讲的全部内容，接着就跳过了……
171672,834,陆青,2023-03-31 13:33:43,5,15,10,给老师九分，看得出老师是一位学识渊博、认真负责地好老师，但是合同法实在是讲的太快了（个人感觉）四节课智云回来回放可能仔细听要听一天时间，容量很大，希望老师能多加一点自己的东西，少少念一点书，菜菜补了一天真的好痛苦
174720,834,陆青,2023-06-16 07:25:54,-2,9,11,水平肯定是高的，就是太高了，一讲三饶，我这一条直线的脑子真跟不上。。
174760,834,陆青,2023-06-17 10:27:43,-11,5,16,陆老师 真得很好！
175804,834,陆青,2023-06-26 20:28:42,19,26,7,亲继讲得很糟糕
177116,834,陆青,2023-07-05 05:25:00,18,24,6,很努力很认真，但上课逻辑不清晰，化简为繁。
178884,834,陆青,2023-07-28 02:37:34,31,37,6,不否定老师的努力，但是把自己的“勤恳”“努力”作为唯一正确的价值压在学生身上，贬低一切其他选择是一种对学生极不负责、缺乏共情心与自傲的体现。
180326,834,陆青,2023-09-21 06:13:33,-16,3,19,人美心善
180486,834,陆青,2023-09-22 03:08:13,40,56,16,想讲一些他的事，但不被允许发出来。简要说一下吧，他和法学院其他一些老师一样，对权力趋之若鹜，我祝他们官运亨通。
180512,834,陆青,2023-09-22 07:03:14,16,22,6,祝贺陆教授荣升副院长
185837,834,陆青,2024-01-04 19:47:54,3,7,4,陆老师辛苦了，头发又白了许多……
187310,834,陆青,2024-01-15 12:36:14,-2,7,9,众说风云，虽然陆老师有爹味，上课有点快且小乱，但是不妨碍他是个好老师！真的是好老师！！！
188038,834,陆青,2024-01-18 05:11:47,6,13,7,在法学院待了四年，修读了陆老师开设过的三门民法课程。整体感觉下来，陆老师对待教学的态度，以之江为分水岭，山下课程都尽职尽责，山上课程就有点应付糊弄（也许是由课程性质决定的）。但不得不说，是法学院少有的，愿意带着本科生深挖民法艰深问题的老师。但是若想要一个好的民法基础，光听课和做笔记益处不大，还得自学……
190261,834,陆青,2024-02-26 17:54:51,25,34,9,管院硕21年来选课的，本想通过选课的方式强制自己学点法律知识，结果前几堂课听得很费劲，几乎难以入门，在打退堂鼓时机缘巧合拼盘课里遇到了陆老师，陆老师第一节课先讲了写作，由浅入深让商科生感受到了一丝的法学入门方法，即被陆帅圈粉。感谢那门课被陆帅拉进之江的门，随后在22年、23年选了陆帅在之江的其他几门课，其中对“合同案例研习”印象最深，整学期对一个“借名买房”案例的深入分析，涉及到了好多的民商法知识，激发了我对法学更大的兴趣。（民法（下）也印象深刻，认真背了名词解释，但一个都没考到，差点挂掉。）\n\n在民法上的顺利入门，鼓励我选了更多课程，有龙哥的刑法总论，谷神的法律行为、葛老师的立法、郑老师的备案审查、民法所的身份法、胡院和王老师的司法制度研究，2年在法学院修了21个学分，迷上了山上的氛围，每周几次20多公里赶早高峰来之江上课，天天精气神倍儿足、感觉天天有新知识学习、倍儿有奔头，硕士阶段加倍充实。\n\n还有就是22年跟陆老师的一次聊天中被鼓励法考，并且告诉我要一鼓作气考下来，不要拖。经过一年时间，23年主观二战后得偿所愿，本硕管理学的毕业前顺利过了法考，成就感贼高。 \n\n平时看到陆帅的分享，受益良多。\n\n谢陆帅，谢遇见。 \n\n要是能重来几年，真想考来山上，做陆帅的学生。
190628,834,陆青,2024-03-12 08:49:57,-11,8,19,长得帅 幽默风趣 知识渊博 男神中的男神！！
192284,834,陆青,2024-05-13 13:52:39,8,9,1,听不懂啊啊啊啊啊
197013,834,陆青,2024-07-06 15:40:19,5,9,4,虽然期末考卷会比谷神班难，但是陆帅他是真的捞啊
197020,834,陆青,2024-07-06 17:23:05,3,6,3,有一说一，确实没想到一学期学的最不懂考试也最不会的合同法，竟然成为了我这学期最高的一门。真的海底捞\n\n（而且陆帅说没有不及格的，估计他的合同法应该不怎么会挂）
197249,834,陆青,2024-07-10 02:30:35,-5,6,11,陆帅上课认真风趣，期末考虽然题目长，但是还是可以做的，而且给分真的很好，巨捞
197544,834,陆青,2024-07-21 02:25:30,13,17,4,老师可能是一个好人，但不是一个合格的老师，授课体系异常混乱，板书杂乱，根本不适合初学者，在民商法老师中授课水平基本上是垫底的！\n\n“诸位同学，上课不是追星，教学不应炫技。本科生把基础打扎实比什么都重要，陆先生的学术能力不敢置评，但他显然是不具备这种教学能力的。”这是最好的总结。
197635,834,陆青,2024-07-23 04:35:58,4,8,4,陆叫兽
200421,834,陆青,2024-10-17 02:16:40,2,4,2,道貌岸然 虚伪至极
201760,834,陆青,2024-11-06 04:32:23,6,6,0,法律诊所（一个一般研二选的水课，懂得都懂）课上迟到，威胁要在答辩上为难😅。演戏用力过猛的感觉。
207353,834,陆青,2024-12-21 01:22:01,8,8,0,最近知道一些事情，陆叫兽，你立着人设，当着舔狗，一些想当官，就不要在学生身上找自尊了
207524,834,陆青,2024-12-22 15:50:56,8,9,1,陆叫兽的虚伪是我早就认识到了的，无论是对zyh还是对别人
208575,834,陆青,2024-12-30 19:17:05,-5,4,9,骂归骂，《债是法锁》译的挺不错的，可以一看。
209852,834,陆青,2025-01-07 08:58:01,7,9,2,垃圾老师\n\n喜欢贬低别人，强加自己的逻辑\n\n上课又很混乱
209979,834,陆青,2025-01-09 10:16:09,9,10,1,大家别骂了，陆青虽然很虚伪，但至少表面上还是会装一下的，新来的已经不讲武德了。骗子还是比土匪好不少的。
213891,834,陆青,2025-01-21 04:46:10,8,8,0,虚伪至极，何前倨而后恭？
214550,834,陆青,2025-02-12 07:41:42,3,5,2,理解但不能同情。在这片土地上，没有权力，强如谷神也会被人排挤到浙大。但像陆青这样向权力滑跪的这么丝滑也是不多见的
214552,834,陆青,2025-02-13 06:44:27,0,0,0,zyh是什么
214644,834,陆青,2025-02-15 15:30:42,6,8,2,回复下面那位同学，zyh 是现任法学院书记，鹿也不光是谄媚他，可以说凡是上位者个个都在讨好。法学院这堆老师真的是一言难尽，学弟学妹们能逃就赶快逃吧，除非你真的很幸运遇到了很好的导师。
214955,834,陆青,2025-02-19 09:53:37,17,19,2,牢陆也是跟风搞上数字法学了，只要沾上数字法学就没一个正常人，我愿称之为数字法学定律
215162,834,陆青,2025-02-23 09:12:24,12,14,2,SB老师，既当又立
216793,834,陆青,2025-03-25 17:59:09,11,12,1,一条疯狗，很快在主楼也要人见人厌
217298,834,陆青,2025-04-08 01:32:27,10,11,1,路上碰见，竟然感觉这么猥琐...
218412,834,陆青,2025-04-23 08:31:15,10,10,0,hhhhhhh，没当上副院长
218849,834,陆青,2025-05-08 07:35:52,3,3,0,天知道我在cls吃瓜有多么难受（走来走去ing）
219490,834,陆青,2025-05-28 13:51:53,4,4,0,身为热门硕导已经连续两年有硕士生延毕了
219811,834,陆青,2025-06-07 05:52:20,1,1,0,但已经以副院长自居了
219894,834,陆青,2025-06-10 10:15:23,-5,0,5,听老师课实在是享受
220455,834,陆青,2025-06-18 03:52:21,1,1,0,讲的很乱，沉浸在自己的授课艺术不知天地为何物了，给分也很一般没传的这么捞
220800,834,陆青,2025-06-20 01:17:16,3,3,0,合同法：以很多细小问题为导向的授课，在体系脉络上需要学生自己在课余领会，感觉是把本来就很难的合同法教得更难了。期末考了很多债法的内容，老老实实复习合同法课上的内容并无卵用。给分很差很差，慎选
220994,834,陆青,2025-06-20 15:10:06,2,2,0,我觉得给分一般，以及学了一学期的买卖租赁借款最后考的题目基本都是债总，不懂为什么要这样，而且老师上课会发散特别特别多，有的问题也给不出答案。最大的感觉的是努力了一学期和没努力几乎没区别
221449,834,陆青,2025-06-23 14:55:27,5,5,0,原来真的能让人生理性不适
9973,890,翁里,2015-11-13 13:32:54,15,22,7,超级无聊的课，老师身高一米八，老师脸上一道疤。
14120,890,翁里,2016-01-04 13:32:42,2,3,1,非常无聊
14255,890,翁里,2016-01-06 01:31:53,13,16,3,上课抽人回答问题只叫没交教材费的同学
18559,890,翁里,2016-01-22 04:23:36,4,7,3,点名只点没交保护费的，交了保护费基本就不会被点…
23370,890,翁里,2016-03-27 12:26:51,8,10,2,高中就知道的那段历史书学到知识炒冷饭。平时考初中生的英语阅读题。水平不高，有违浙大老师标准。上课就是纯粹翻译他抄袭的一本美国原版教材。无聊透顶。
23655,890,翁里,2016-04-12 01:01:14,7,8,1,超级超级超级超级无聊……整天都在做初中生难度的阅读 然后翻译半天……提问都很坑爹 什么猫科动物有哪些……
23855,890,翁里,2016-04-19 01:24:07,1,3,2,选后必后悔
35827,890,翁里,2016-11-10 08:23:40,0,10,10,"的确会有一点无聊，但是又必须承认的确是可以学到知识的。希望大家不要太躁，认真想想自己是来找乐子还是学知识的。\n\n老师会说自己过往经历，但是那又怎么样呢。这同样是一位对学生有要求而且也能为学生着想的老师。有翻译系学生没办法回答翻译问题，他会认真批评""要对得起自己的专业""。\n\n总而言之，贵浙学生未免心气太高。希望有趣希望给分好希望学知识，最好还能不点名。"
36254,890,翁里,2016-11-11 09:19:26,6,6,0,这个老师厉害了，讲的都是十几年前的事。口头禅是：我不知道你们有没有…过。（e.g.我不知道你们有没有住过宾馆）
36535,890,翁里,2016-11-14 16:51:16,1,1,0,大权下放
41658,890,翁里,2018-09-11 11:36:57,2,2,0,是怎样一种体验呢，就是即使你住院还在看他那本历史比你年龄都大的教材，平时每堂课都在认真听他用时而高亢时而诡异的嗓音读教材，请注意，是通篇读下来。期末依然得不到你认为自己理应得到的成绩。说到这里，那些分数很好的朋友就要反驳了，“一定是你没真正听课！”“一定是你自己水平不够！”\n\n这些理由放到别人身上我允许，但私以为这些理由不符合本人的自小的坚持。\n\n就说这么多吧，但归根结底，我依然爱着刑事侦查学，只是单纯的爱好。
41753,890,翁里,2017-01-12 13:46:12,0,1,1,。。。
42012,890,翁里,2017-01-13 12:08:19,0,1,1,一周一次考试，然后听不懂他的课，恩，然后考试难，恩，绩点低。。
42159,890,翁里,2017-03-01 11:33:38,0,2,2,法学院遇到的最差的老师没有之一，卖书卖到课堂上来了，给分也不好，讲的也就是照书本念而已
52831,890,翁里,2017-06-23 06:05:21,0,1,1,不那么差
53107,890,翁里,2017-06-26 01:15:49,0,1,1,我也觉得还好啦，虽然讲的一般但是人挺好的呀！
53129,890,翁里,2017-06-26 03:29:15,2,2,0,没学到什么有用的东西 上课就是再那里读课文 口语还很奇怪 传授的知识也很有限 有违一流大学的水平 慎选慎选 分低考试难 就酱
53161,890,翁里,2017-06-26 05:49:44,0,0,0,有点无聊吧，给分过得去。
53215,890,翁里,2017-06-26 07:54:12,0,1,1,美国法律概论课上课主要学翻译，每周一次中学水平的英语阅读小测，期中交一份中英文简历，期末闭卷考。本来想好好学的，结果还是期末考前临时复习三四个小时去考了试…最后得分还可以。对自己英语水平不自信的同学慎选。
53394,890,翁里,2017-06-26 13:30:41,0,0,0,给分不错 学了点法律英语
53395,890,翁里,2017-06-26 13:30:43,0,0,0,感觉还行，给分不错，当英语课来学的
53618,890,翁里,2017-06-27 07:38:52,1,1,0,舞男说他很有趣
5263,905,朱庆育,2015-07-06 06:40:24,95,101,6,课讲得很好
5948,905,朱庆育,2015-07-10 03:27:05,-3,21,24,绝对绩杀
5970,905,朱庆育,2015-07-10 05:26:03,-4,14,18,绩杀
6070,905,朱庆育,2015-07-10 15:30:11,18,33,15,唯一的体验就是挂了\n\n
6097,905,朱庆育,2015-07-11 00:53:11,26,29,3,课上得是相当好!
6142,905,朱庆育,2015-07-11 08:23:51,-7,13,20,绩杀
6412,905,朱庆育,2015-07-13 23:48:10,35,39,4,要说讲得那真是醍醐灌顶、条分缕析超级好！个人认为法学专业的学生听一下很有启发。
6770,905,朱庆育,2015-07-23 01:37:11,13,16,3,讲的非常好
6821,905,朱庆育,2015-07-23 07:36:09,52,64,12,老师课上的是真心好，概念讲的很清楚，思路很清晰，无论是法学院的学生还是初学者都很适合。但如果介意绩点的話建议不要选朱老师的课。
7605,905,朱庆育,2015-09-15 06:27:35,6,10,4,讲的很好\n\n
9322,905,朱庆育,2015-10-21 11:44:02,29,32,3,醍醐灌顶。
10068,905,朱庆育,2015-11-15 10:32:44,27,31,4,庆育老师真乃大师，教的很好，不是特别在意成绩的可以去听听。
10968,905,朱庆育,2015-11-23 13:53:10,6,10,4,顶好老师！
21004,905,朱庆育,2016-02-09 11:42:10,28,32,4,听了还想听。如果两年的时光可以都在大侠的课堂上走过，那一定是幸福的。
21135,905,朱庆育,2016-02-20 14:01:50,40,44,4,好歹也是学校从中政挖来的大牛……大家还是要珍惜啊……
23098,905,朱庆育,2016-03-17 15:17:59,29,30,1,这么说吧：不管你服不服，都得承认朱大侠是天才。
26397,905,朱庆育,2016-06-17 16:26:27,7,9,2,一代宗师
32142,905,朱庆育,2016-07-05 20:51:44,8,15,7,没给平时分，身为大一生，挂了只能说我手贱。。
32164,905,朱庆育,2016-07-06 00:21:54,-7,6,13,大?杀 只适合旁听
32172,905,朱庆育,2016-07-06 00:40:14,9,10,1,大学最喜欢的老师
32380,905,朱庆育,2016-07-06 11:03:22,3,15,12,没有学长学姐说的那么恐怖的挂科率，yeah～
32703,905,朱庆育,2016-07-10 09:30:57,8,9,1,好老师，真的很想做你的学生
44872,905,朱庆育,2018-04-11 12:20:54,-128,6,134,听了一次由挂科恐吓和讲的跟臭狗屎一样的希腊神话组成果断退了
49611,905,朱庆育,2017-04-20 07:38:09,75,75,0,助教是他的杯子
50768,905,朱庆育,2017-05-05 05:30:35,17,17,0,朱老师的每一句话里都有一个故事
50780,905,朱庆育,2017-05-05 08:48:31,10,11,1,讲的太好了，简直希望一直拖堂不要结束，不知道给分怎么样，但是民法总论课干货比谷神多一些
52161,905,朱庆育,2017-06-15 08:42:45,43,44,1,学期末最后一节民总课宛如朱大侠新书的私人签售会现场…
52224,905,朱庆育,2017-06-16 05:28:29,5,5,0,讲课很注重思维过程，确实是大神老师，除了给分有点恐怖之外没啥毛病orz
52558,905,朱庆育,2017-06-21 05:24:25,70,71,1,有一次在天台吹风，偶然看见朱庆育抽烟的背影。我有那么一刹那觉得，他就像古代的大侠一样，清高有傲气，也有柔情。总而言之，朱庆育就是一个有着大侠风范的杯子商。
54050,905,朱庆育,2017-06-28 10:06:57,11,12,1,给不给我挂 我都不后悔听了朱大侠的课 是很有风骨的人
55058,905,朱庆育,2017-06-30 16:39:20,19,19,0,政法大学翟远见老师现在讲课还拿大侠卖书作例子。\n\n殊不知大侠的本体已经变成了杯子……\n\n“我愿意你管得着吗？”
56180,905,朱庆育,2017-07-03 07:51:03,16,17,1,私以为朱大侠和谷神一个八点几一个九点几的差别就在于挂科率 然而在恐慌地等着成绩的当下我还是想为这一个学期的民总打上十分 感谢老师 体系之美
56460,905,朱庆育,2017-07-04 00:56:31,21,22,1,我我我，大侠竟然没有挂了我，我竟然及格了，内心的激动无以复加（啊虽然刷新了历史最低绩点但还是很开心）。大侠是我见过的为数不多的天才之一，有些后悔平时上课不够认真，分数低都是我的错，嗯，都是我的错，怪不了别人。
56475,905,朱庆育,2017-07-04 01:20:03,9,9,0,在浙大遇到的最好的老师，未来还希望能一直追随。
56488,905,朱庆育,2017-07-04 01:40:28,5,6,1,听大侠讲课是超级棒，逻辑清晰，深入浅出，认真学成绩也还可以，反正老师超级超级棒！
56645,905,朱庆育,2017-07-04 06:45:21,31,31,0,已经听过了几个民商法所的老师的课，朱老师是逻辑最清晰上课体验最好的无疑。讲民总的内容想全记下来，扯一些课外的东西也想全记下来，真希望自己的民法都是他上的呀hh，他说如果本科生能一直受到这样的训练那四年后跟现在的硕士生水平差不多，是的，我相信。
56751,905,朱庆育,2017-07-04 14:16:11,6,6,0,讲课超棒
57342,905,朱庆育,2017-07-07 01:08:07,7,7,0,感谢老师教会我许多
57371,905,朱庆育,2017-07-07 04:36:33,10,10,0,有幸被老师斩于马下
57498,905,朱庆育,2017-07-09 02:21:47,13,13,0,大侠无疑是超级超级超级棒了，课程体系清晰，讲课层层深入，我感觉自己对于罗马法的启蒙就是从大侠开始的，之后又追随大侠领略了德国19世纪法学最辉煌的年代，选了大侠的物权法真是幸运至极！就是呜呜有点杀啊，笔记整理了厚厚一叠，上课也认真听，最后还是不太理想，可能是我自己下课看得书太少被大侠发现了(ಥ﹏ಥ)即使大侠是杀手我也爱大侠  (＾▽＾)
57550,905,朱庆育,2017-07-09 13:20:46,5,5,0,超棒！特别训练思维能力，而且感觉大侠讲的更让我们理解体系之美！
57643,905,朱庆育,2017-07-11 10:49:52,10,10,0,在大侠的引领下，我们初窥民法体系之精妙，逻辑之严密，思维之奥秘。?
57965,905,朱庆育,2017-07-18 23:15:57,8,8,0,真大神
57966,905,朱庆育,2017-07-18 23:16:39,9,10,1,大侠的课一般要提早一天去占座\n\n否则的话就只能在最后一排甚至站着上课了\n\n大侠的助教是他杯子\n\n大侠真的赞
58160,905,朱庆育,2017-08-11 08:49:31,8,8,0,男神!!!
58247,905,朱庆育,2017-08-28 00:38:31,6,6,0,老师超级棒！大家风范！
61163,905,朱庆育,2017-11-09 10:43:41,9,9,0,大侠真棒
63583,905,朱庆育,2017-12-07 13:07:08,10,10,0,收获满满\n\n
64002,905,朱庆育,2017-12-20 13:23:39,10,10,0,能听到大侠的课很幸运啊，筒子们且听且珍惜
64624,905,朱庆育,2017-12-25 15:13:03,11,11,0,老师上课讲的超级清楚！考试准备好好听录音看他的民法总论，可以考好的！
65668,905,朱庆育,2018-01-08 06:41:47,10,10,0,侠之大者，为国为民。
70466,905,朱庆育,2018-01-26 16:09:23,18,18,0,这学期没有大侠的课，煎熬。去上合同法想他，去听谷神补课想他，去听民诉也想他。一见大侠误终身，怕是再也听不进其他民商法老师的课了。
73860,905,朱庆育,2018-02-03 09:19:21,17,17,0,上完大侠的民总和物权，感觉再也找不到教授民法可以如此体系清晰的老师了。
79383,905,朱庆育,2018-12-21 13:04:13,-81,3,84,恶心老师，劝大家退了他的课。
80177,905,朱庆育,2018-06-21 05:18:27,19,19,0,想把你留下
80240,905,朱庆育,2018-06-22 10:37:20,5,6,1,會心一笑
80480,905,朱庆育,2018-06-27 03:25:53,11,12,1,大侠是真的强，现在就在这里祈祷一下大侠不要挂我，以及大侠可能下学期就去南大了
80675,905,朱庆育,2018-06-29 04:28:13,10,10,0,最后一节课了 想念他
82197,905,朱庆育,2018-07-07 11:05:37,12,12,0,听老师的录音都会觉得很感动，听到有趣的地方还会情不自禁笑出来
82547,905,朱庆育,2018-07-08 12:58:46,8,10,2,再见，祝您一路顺风
82925,905,朱庆育,2018-07-09 10:10:46,11,11,0,老师是真的很好很有水平，奈何我不知珍惜，没有好好听课。复习了很久，也很吃力，很累，希望明天的考试不要挂。
83256,905,朱庆育,2018-07-10 03:37:58,11,11,0,侠之大者。刚考完试，即使被挂了，仍然爱他。
84954,905,朱庆育,2018-07-14 14:18:33,8,8,0,绩点好低啊！好难受，但是低的心甘情愿吧……
84957,905,朱庆育,2018-07-14 14:30:00,17,18,1,超想所有民法的课程都跟着大侠学了
84961,905,朱庆育,2018-07-14 15:09:46,22,24,2,大侠我爱你，你去南大真的好伤心啊，再也上不了这么好的民总了（? ）
85394,905,朱庆育,2018-07-17 13:18:06,19,20,1,大侠确实非常厉害，讲课很有水平。给分没有传言中那么可怕，只要认真听讲理解了基本概念，再怎么说及格也是没问题的。如果学的比较好的话，高分甚至满绩也是会给的。
93701,905,朱庆育,2019-01-12 04:03:34,17,19,2,朱大侠为啥去NJU???
106339,905,朱庆育,2019-04-26 12:06:00,10,10,0,期中听完了老师的录音。民法启蒙老师。
117968,905,朱庆育,2019-10-17 06:18:40,11,11,0,听了一半老师的物权，我枯了，真的比其他老师好太多
122303,905,朱庆育,2020-02-23 19:22:47,11,11,0,老师不仅民法水平顶尖，而且诠释了什么是独立之精神自由之思想。这才是大学的课。
122622,905,朱庆育,2020-03-09 04:37:55,7,7,0,讲的真的真的超级棒啦！！！
134892,905,朱庆育,2021-04-21 05:00:24,14,15,1,听着他民总的录音，心里一直在感慨：学长学姐是有多大的幸运能在现场听到大侠的课呀，想必是如坐春风吧。
164700,905,朱庆育,2022-12-23 13:09:53,5,5,0,下学期学民总的大一人在哔站大学听了朱大侠的课qwq 好可惜为什么没有继续在ZJU www真的很想当面听他讲民法…… 对我来说是非常好的启蒙课程，希望对下学期有所帮助！
168325,905,朱庆育,2023-02-11 14:30:11,2,4,2,非常好的一位老师
173965,905,朱庆育,2023-06-05 12:50:55,4,6,2,在b站上不知道听了多少次他的民法总论了……之前听学长说，他在zju教书期间，家还在北京那边，因此上课都是乘北京高铁直奔港湾家园，再打个的之类的到之江——想必他真的是为了理想中的法学教育而来的吧！
193843,905,朱庆育,2024-06-20 07:00:18,1,1,0,大侠还在这里多好啊，好想听他现场讲一次课
5131,930,韩家勇,2015-07-04 12:58:05,3,6,3,超级好的老师，讲课一级棒
6351,930,韩家勇,2015-07-13 07:03:35,23,37,14,听不懂说话口音太重，没课件基本没板书上课疯狂听写
6843,930,韩家勇,2015-07-24 13:59:47,39,55,16,确实略容易睡着，然而认真听收获挺大，尤其是进行不常有的案例分析的时候。期末给分也是种瓜得瓜种豆得豆，绝不水der
7009,930,韩家勇,2015-09-19 12:29:36,11,17,6,讲课节奏很单一，没有课前预习的同学会疲于记笔记，感到很枯燥。但如果课前先预习过民法再去听他讲课，会发现很多干货。
8261,930,韩家勇,2017-06-07 06:36:24,3,5,2,上课都是同一种方式，没有区别专硕和学硕。在给JM上课的时候，还是用给学硕上课的那套方式。\n\n
13284,930,韩家勇,2015-12-26 07:22:26,2,11,9,不考试啊哈哈哈哈哈哈哈哈哈哈哈哈哈哈哈哈哈
20769,930,韩家勇,2016-01-31 08:18:47,24,46,22,说韩老师上课不好的人，自己摸着心口问问自己有没有认真听课？！没那本事就别来辅修法学，法学院的学生就更应该感到惭愧！民法概念庞杂，体系庞大，苦日子还在后头。
20776,930,韩家勇,2016-01-31 10:25:54,15,18,3,翔实 深刻 成体系 受益颇丰
20855,930,韩家勇,2016-02-02 14:10:08,2,4,2,上课风格喜欢 干货多 不知道评论里最后一个同学为什么这么恶毒地诅咒老师……是因为他做了什么伤天害理的事吗？
20988,930,韩家勇,2016-02-07 12:01:41,0,6,6,辅修班的，最后2.5……可能论文写得太差吧但是也是认真写的sigh
21920,930,韩家勇,2016-03-01 16:01:55,-1,18,19,很喜欢老师的课，课前预习了一部分，上课也认真听了，最后写了一篇自己很满意的论文，4.8。所以说老师给分不好的人。。。。
23424,930,韩家勇,2016-03-29 11:57:01,1,3,2,讲得很好，很有系统性
26961,930,韩家勇,2016-06-22 02:26:50,3,7,4,四节连上困 一节没听感觉世界都变了\n\n但是老师讲得很好 干货多 讲案例的时候莫名觉得很逗很萌
26976,930,韩家勇,2016-06-22 03:32:40,4,5,1,老师认真负责
26977,930,韩家勇,2016-06-22 03:36:04,6,8,2,挺负责的老师，笔记很多，都需要听写，不过这方面可以参考着学长学姐留下来的笔记记。没有PPT，考前会划些重点。每次下课的时候都会有掌声。本来想学法学但是后来跨大类了，后面的课有些水水过了，不知道给分如何。
27387,930,韩家勇,2016-06-25 13:56:59,8,8,0,非常喜欢的老师！
29872,930,韩家勇,2016-06-30 12:22:03,2,4,2,一个学期的课下来，满满的都是干货。讲案例的时候老师很萌哈哈。虽然没有讨论课，但是真的能学到很多东西。最后给分也很好，有付出才会有收获的。
30676,930,韩家勇,2016-07-02 07:44:31,0,5,5,认真听满满是干货 给分挺好的呀 试卷也简单?
31077,930,韩家勇,2016-07-03 07:53:26,3,5,2,很好的老师 很有收获
31608,930,韩家勇,2018-06-20 02:08:13,-110,8,118,如果有0分，我肯定给0分！垃圾
32043,930,韩家勇,2016-12-07 11:07:12,1,4,3,辅修。没有ppt没有课本板书也只有简单几个字概括。。没有预习过也没有看过任何书的表示很方，害怕极了，感觉要跪。
41405,930,韩家勇,2017-01-11 10:45:23,2,3,1,可以的
43882,930,韩家勇,2018-12-03 14:42:47,6,8,2,虽然没有啥板书 但是都是干货 期末论文好好写 给分不会差 老师人很好
43891,930,韩家勇,2017-01-17 05:44:39,1,6,5,辅修，课基本好好听，笔记认真记，论文虽然是几天赶的但也认真写了，结果依然分数辣鸡。老师基本功扎实，但这种只靠论文给分的课真的是玄学吧。
43892,930,韩家勇,2017-01-17 05:44:47,3,5,2,老师人很好！上课不点名，尽管的确只有一些概括性板书没有ppt……论文好好写给分不会差。
43898,930,韩家勇,2017-01-17 05:50:25,4,5,1,辅修班的，虽然我分很低，但真不怪老师。韩老师上课虽然平了一点，但内容翔实，体系完整，思路清晰，逻辑严密，大概是我实在对民法不感兴趣吧，所以论文写的很应付。老师是赞的，说老师讲课不好的同学扪心自问一下是否认真听过课呀。
43981,930,韩家勇,2017-01-17 07:26:59,16,27,11,辅修。感觉自己上课还是挺认真的，至少说笔记记了十几页的a4本子，论文感觉自己也挺认真写了，圣诞节那个周末什么事都不干就在肝论文，之后隔三差五又会去修改一下。但是最后只有2.7。可能是我真的不适合写论文吧。。。老师上课其实还行
43998,930,韩家勇,2017-01-17 07:45:50,5,6,1,略带口音，不过不影响听课。上课没ppt，可参考前辈留下来的笔记，打印下来上课带去做些补充。总的来说很有收获，老师讲课干货很多，会有许多的案例分析。没有考试，最后会有一篇论文和一篇学习体会，一分耕耘一分收获。
44017,930,韩家勇,2017-01-17 08:12:19,3,5,2,老师很好，就是感觉比上专业课还累……
45793,930,韩家勇,2017-01-20 06:03:15,6,9,3,法学分不高正常 上课全靠自觉。个人觉得知识比分数重要。
48419,930,韩家勇,2017-03-03 04:08:01,0,1,1,上课认真听，论文也认真写了，但是给分很差，只能说这种不考试光看论文的实在是太玄学了
51880,930,韩家勇,2017-06-13 06:07:10,8,14,6,哪位学长学姐讲一下辅修民法上 需要写什么论文啊。万分感谢！
59701,930,韩家勇,2017-09-26 03:39:09,3,4,1,老班是特别认真的人，知识渊博，个性不张扬但塌实诚恳，每次听他课都可以感受到他的用心。
63882,930,韩家勇,2017-12-18 10:55:00,2,4,2,说话含糊不清还不用ppt，?
63906,930,韩家勇,2017-12-19 04:09:22,12,13,1,讲得很好，老师讲的结合了现实，也有许多例子，有时候解释概念的时候真的很可爱！
65947,930,韩家勇,2018-01-10 12:00:25,-22,2,24,韩老师的出现让我发现我错怪了何怀文老师
71591,930,韩家勇,2018-01-28 16:10:14,-10,1,11,老师上课口音太重听不懂，只有两篇论文给分玄幻，老师上课除了案例比较有意思其他照着自己讲义念，讲义不会公开
71594,930,韩家勇,2018-01-28 16:14:36,4,4,0,我觉得海星，认真听干货很多，虽然没有PPT板书也少有时候真的跟不上，不过还是很喜欢老师上课的感觉。成绩令人憔悴，最后看一篇论文和一篇总结，给分一般般。
71694,930,韩家勇,2018-01-29 01:13:43,2,3,1,老师真的一次都没有点过名 而且期末问我们你们是想要考试还是交论文 特别为了学生考虑吧 最后是两千的学习心得算平时成绩 然后六千的论文 给分还不错
77680,930,韩家勇,2018-05-07 08:51:48,1,2,1,呜呜呜呜虽然老师确实有点口音，也没有PPT，但是讲课很有体系啊，上课认真记笔记+期末好好背绝对有高分的，嘿嘿我超喜欢老师der～
91635,930,韩家勇,2018-12-17 02:02:26,1,2,1,韩老师超级亲切的，有点宁波人的口音超可爱，语调略催眠，可是听进去了收货很大，干货很多，最喜欢听老师对最高院判例之类的见解。
93466,930,韩家勇,2019-01-10 01:56:03,3,3,0,很优秀儒雅的老师！ 喜欢
101159,930,韩家勇,2019-02-02 04:58:35,0,3,3,给分好好啊
101286,930,韩家勇,2019-01-28 03:19:55,0,0,0,.....
101295,930,韩家勇,2019-01-28 03:36:51,1,4,3,老师水平很高，上课不用课件和课本，就口述，所以你愿意听的话一定要做笔记。打分比较公正，主要是考试，一分耕耘一分收获。老师上课虽然严肃，但是冷不丁冒出冷笑话好可爱~虽然成绩都不怎么好，毕竟本身就挺难的，不听课就更不知道了。。但是老师很好
101308,930,韩家勇,2019-01-28 03:56:31,9,11,2,上课还好，给分是真的绝望…平时有好好听课，期末花了最大的功夫复习的课，考完感觉也不错，为什么这么低…?
101310,930,韩家勇,2019-01-28 03:57:58,13,16,3,相当厉害的老师，首先自己学科水平就很高，不用课件不用课本，他自己手写讲稿，上课基本不用看讲稿，娓娓道来，所有东西都在他脑子里了，逻辑也很清晰。所以如果听他的课，一定要坐前排，记笔记要快，不然听完什么都没留下，到最后复习材料都没有。期末闭卷考，考前老师会把名词解释和问答题都抄在黑板上，最终考题就在这些题目里抽。所以复习是非常有方向的。只要平时笔记齐全，认真听课，把细节都记下来，期末好好背，真的是一分耕耘一分收获，最后给分是很公正的，主要就是看你期末考试，好好考分数不会差。
101328,930,韩家勇,2019-01-28 04:24:09,1,3,2,老师真的很厉害，上课纯板书，就看你记笔记的能力了，最后期末考试里面有挺大比例的分数老师都会告诉大致范围，题型啥的也都会提前告诉同学。好好准备，期末考不难，提前一小时交卷不是梦想，平时作业就一篇心得体会其实也很简单的，另外老师的宁波口音好评，作为一个宁波人听了贼亲切了? ?
101345,930,韩家勇,2019-01-28 05:02:08,1,2,1,老师有自己的体系 上课认真记笔记 考前看一遍 就可以拿到不错的成绩~这是一门有付出就会有回报的课 谢谢老师啦！
101350,930,韩家勇,2019-01-28 05:11:43,0,2,2,老师很棒，比较可爱，讲课还是很清楚的，期末就一篇心得体会和闭卷考试，考试也不会很难，考前还给了大题题目。就是老师上课全口述，所以要认真听课记笔记，记了几十页的笔记，期末好好复习，整理清楚就可以了。
101385,930,韩家勇,2019-01-28 06:20:52,1,1,0,啊啊啊啊啊真的看自己的!感觉就是那种你考前看了多少绩点就会有多少的课!虽然不是特别好看但是我觉得是我实打实该有的!\n\n老师上课的内容很丰富，虽然一直是听写，但是偶尔蹦出来的有些案例真的很有意思!我觉得韩老师是有情怀的，悲天悯人，让我一个外专业的觉得冷冰冰的法条其实是有温度的!课也很棒!既然选上了就好好听!不然真的到期末考试就追悔莫及了\n\n
101415,930,韩家勇,2019-01-28 07:13:56,1,1,0,民法(上)比民法(下)绩点还低是一种什么样的体验……
101519,930,韩家勇,2019-01-28 10:45:09,4,4,0,绝对的佛系老师，从来不点名，论文随便我们写，考试也不分开做，考试范围还一大堆告诉我们，嗯，太佛了，辅修的同学一定要注意背他给的东西，一定会考，然后其他的要注意细节，看着会出填空题的要多看看，差不多就这样。
101527,930,韩家勇,2019-01-28 10:57:07,1,3,2,想不到啊想不到竟然满了（内心窃喜）\n\n这门课再一次刷新了我对临时抱佛脚好处的认识。你考前看了多少，就会如如实实地反映在你的绩点中……\n\n最后，三门辅修中，法理学最垃圾了，课差老师也差……真心无语\n\n民法还是很不错的，老师知识真的很渊博，不像法理学样就念ppt一直用不同的语言反复说某个概念……希望以后再也不要上到法理学老师的课了……
101561,930,韩家勇,2019-01-28 12:31:18,0,1,1,老师水平很高，然而票据法是早课让人挺难受，老师的口音也稍微有点魔性。最后给了名词解释和问答的范围，努力学了背了成绩还是挺不错
101868,930,韩家勇,2019-01-29 10:28:03,3,3,0,…………
102354,930,韩家勇,2019-02-01 06:57:14,1,1,0,做好笔记，绩点有保证
109058,930,韩家勇,2019-06-06 10:58:30,1,1,0,好老师。
112978,930,韩家勇,2019-07-05 17:12:00,7,7,0,老师很好，可是为什么我绩点那么低，明明都好好背了也好好看笔记了呜呜呜
113049,930,韩家勇,2019-07-05 21:36:53,5,5,0,老师上课信息量比较大，无ppt亦无课件，课程也只需要一篇水水的论文喝一次基础性考试，是的，基础性，无案例分析，所以需要注意的是，法学生需要自己努力，因为其他老师都已经让学生自行分析了，并不是说我们老师缺了就怎么样，老师也会口头上简单奖励子，并且都很有趣，但那都不是我们的，我之前没有意识到这一点，希望给大家提个醒。\n\n给分的话，真的不错，因为考试内容不难，并且老师最后一节课会画个圈，嗯你懂的，我差不多提前一小时交卷最后4.8，还是很开心的。
113058,930,韩家勇,2019-07-05 22:00:10,2,2,0,上课没有PPT， 期末全靠笔记，笔记的完整程度与成绩也算挂钩。
113080,930,韩家勇,2019-07-05 22:50:53,6,8,2,讲的好，绩杀，有好好背也差点挂了。
113126,930,韩家勇,2019-07-05 23:58:12,2,2,0,老师讲得很好，考前会划范围，好好背了不会差。当然范围不会全部划到，还是要考察一些对基本概念的认知，基本上考前完整过几遍笔记成绩不会差。
113207,930,韩家勇,2019-07-06 01:35:54,3,4,1,没有ppt但是讲的很认真！期末基础性考试都是理论知识，也没有论文就交了一份字数不限的关于课堂的感想（不存在鹅颈！实锤！），总之只要认真背认真理解是可以拿好成绩的！这边4.8快乐路过！
113286,930,韩家勇,2019-07-06 03:53:24,1,2,1,尬吹讲课好的我觉得你没听过其他老师的课。给分是好的。
113416,930,韩家勇,2019-07-06 17:11:49,0,3,3,民法感觉好好复习了啊，考试几个大题也都写出来了，为什么2.1啊，这分数看不懂啊
113663,930,韩家勇,2019-07-07 02:28:15,2,5,3,我服了 一直认真记笔记 考前认真复习 题也写出来了 差点挂 服
114386,930,韩家勇,2019-07-10 00:34:46,1,2,1,老师上课没有PPT，纯讲！有一点点口语，但不影响听课（听录音可能不太能理解有些话）。但讲的东西偏简单了，建议非法学专业的学生选。给分还行吧（30%心得+70%考试）
114602,930,韩家勇,2019-07-11 00:01:27,4,5,1,工科生慎选吧，选了也千万不能当成一门水课，该记笔记还是要好好记，而且最好一节课都不要旷，期末早点复习早点背起来，不然只会落得像我这样挂科的下场。
114950,930,韩家勇,2019-07-13 02:36:38,4,4,0,一个工科生，最后3.9，问题不大
118148,930,韩家勇,2019-10-22 00:55:09,0,2,2,口音严重影响听课.......
119368,930,韩家勇,2019-11-12 10:37:55,4,4,0,给老师9分 那一分是因为说话实在太囫囵有口音听不清记不全笔记叫人干着急没办法
129957,930,韩家勇,2021-01-14 06:24:36,3,6,3,一肚子坏水，居然搞突击我们小同志\n\n有口音
131850,930,韩家勇,2021-01-29 06:28:59,5,6,1,超级棒的老师，纯口授教学记笔记压力真的很大，老师口音有增加难度。但是整体教学和知识水平太高了，对票据法制度海内外历史都如数家珍，争议问题会很明确给自己想法，学到很多！这届好幸运，闭卷改成论文，如果是闭卷考核觉得压力还是不小的，建议学弟学妹去争取下往届笔记。点名是最后几节课突击点了一次，但是早八起来真的是个挑战啊！给分很和谐的说～
133157,930,韩家勇,2021-02-11 10:44:02,16,16,0,韩老师是法学院里我最尊敬的老师。
136997,930,韩家勇,2021-06-29 09:04:24,10,11,1,非常非常好的老师，无意间渲染了我们的精神底色。“在民法慈母般的目光里，每一个人都是一个国家。”
139388,930,韩家勇,2021-07-16 08:45:19,16,16,0,好老师，不点名，个人觉得比谷神有干货多了
140564,930,韩家勇,2021-09-14 01:58:38,8,8,0,韩家勇老师上课超级有干货，给人感觉就是一个对教学负责任的老师，上课虽然有口音但智云课堂多听几遍就好了。笔记一定要记全，老师最后一节课会给同学们圈范围，超级好的！感谢老师让我收获了大学期间第一个满绩，真的给我继续法律学习很大的信心和鼓励！
140723,930,韩家勇,2021-09-15 10:51:18,1,1,0,韩老师超可爱 课上全是干货笔记满满
144271,930,韩家勇,2021-12-21 03:45:50,5,6,1,不懂有人说老师有口音听不懂是啥意思，我觉得完全不影响听课啊，最多只是某个词的读音可能有问题，你自己课后问问不就行了吗。老师上课不会用ppt，干货很多，这点没什么好说的，法学院有很多厉害的老师都不用ppt，而且这样你上课就会更认真一些，老师的语速会考虑同学们上课的情况的，大家不用慌。另外期末老师给分特别好，你只要上课都认真听，做了笔记，考试就没有问题。考前老师会划重点给你们，认真复习了最后4.8
146670,930,韩家勇,2022-01-07 07:31:59,4,4,0,民总跟韩老师没错，想一开始打好基础，必须选韩老师
146671,930,韩家勇,2022-01-07 07:32:00,3,3,0,民总跟韩老师没错，想一开始打好基础，必须选韩老师
148492,930,韩家勇,2022-01-13 13:42:16,0,4,4,给分怎么这么差啊。。。。
152191,930,韩家勇,2022-03-30 01:08:32,2,2,0,老师很佛系，从来不点名
154120,930,韩家勇,2022-05-24 03:42:19,1,4,3,法硕研一民总。韩老师讲的真的很好，娓娓道来，由浅入深，全是干货。拉踩一下上一届的章某，讲课水平差而且态度不端正。
154898,930,韩家勇,2022-06-06 15:14:09,6,6,0,老师上课无ppt少板书基本全靠口述，初学者不友好。但老师水平很高且敢于下论，若能跟上节奏，三节课根本不够听
155883,930,韩家勇,2022-06-16 12:18:57,3,3,0,虽然没有出分，但是觉得是真的不错的老师，第一个查老师评分送给韩老师
156508,930,韩家勇,2022-06-20 05:46:15,9,10,1,韩老师真的yyds!!!是我在法学院最尊敬的老师，没有之一。民法打基础一定要跟着韩老师！！！
156509,930,韩家勇,2022-06-20 06:02:05,0,1,1,老师上课真的干货满满！虽然有点口音，而且三节课那小嘴叭叭叭不停哈哈哈哈哈！可以考虑先找一份做得比较完整的笔记，配合着听！但是真的得自己课下整理！考题都是上课讲过的，也不会太刁钻，难度也不大 我平时一次都没去问过韩老师题也没有和他交流过 沉默的学了一学期喜提4.8✌️
156577,930,韩家勇,2022-06-20 09:59:38,1,2,1,感觉是可爱的“小老头”型学者的感觉，上课案例分析时伴随小幽默，超爱
159178,930,韩家勇,2022-07-07 10:07:20,-20,1,21,事少分高不点名就给好评，讲课么容易睡着，一学期都不去上也可得高分
160728,930,韩家勇,2022-10-07 17:05:14,5,5,0,韩老师真不错！
164805,930,韩家勇,2022-12-26 07:59:30,16,16,0,大一上的韩老师的民法总论，老师上课没有PPT，只用板书，可能是民法老师的惯例吧hhh\n\n今天上课从我的物权法老师处得知这周四是韩老师教学生涯的最后一节课了，希望老师健康长寿~
164829,930,韩家勇,2022-12-26 12:07:38,6,6,0,真的很好的老师
165081,930,韩家勇,2022-12-29 04:13:00,14,14,0,刚上完最后一节票据法，过来写个查老师。韩老师在偌大的教室里上完了他的最后一节课。老师不太会用这些电子设备，于是一直坚持口述和手写板书、坚持来教室里上课，即便因为政策调整教室里空无一人。从大一时的民总到大三的票据法，韩老师清晰的授课风格和独到的学术见解都给我留下了极为深刻的印象，祝韩老师退休生活愉快幸福，健康顺意！
165099,930,韩家勇,2022-12-29 06:43:31,6,6,0,如沐春风 倍感温暖的好老师\n\n学术功底扎实 对待学生温和\n\n祝韩老师退休快乐 身体健康
166891,930,韩家勇,2023-01-14 07:00:28,11,11,0,韩老师的民法总论是本科期间上过最舒服的课，其次是他的票据法和徐建宇老师的劳保法。上过老师课的同学会感受到，老师的学术功底非常扎实，对各国的票据法立法和背后法理信手拈来；学问之外，韩老师是亲切和潇洒甚至“可爱”的，每次去问问题，老师总是不厌其烦的回答初学者幼稚、粗浅的问题，不倨不傲又娓娓道来。这样的老师退休了真的很舍不得！！！但还是祝老师荣休快乐！
170477,930,韩家勇,2023-03-05 12:57:43,11,12,1,讲课非常有体系性，跟着韩老师认真学肯定能扎实地打好基础。很幸运听过韩老师讲课，祝韩老师退休快乐！
38598,964,吴卫华,2016-12-11 12:01:58,6,7,1,很一般\n\n
51817,964,吴卫华,2017-06-11 12:21:50,3,5,2,gpa怎么这么低.还没考心里就慌了
53070,964,吴卫华,2017-06-25 09:20:52,0,8,8,感觉老师和助教很温柔啊平时事也少 绩点正态也没办法啦反正1学分 还是很喜欢的！！
53072,964,吴卫华,2019-03-08 08:28:11,17,22,5,怎么没有0分！傻逼玩意儿！形策还有展示……mmp，时政都背到了，思考题背到了，最后绩点还没人没准备的高？几个意思
53074,964,吴卫华,2017-06-25 09:51:44,5,6,1,难受无聊屁事多
53249,964,吴卫华,2017-06-26 08:54:11,3,5,2,给分太低了…
53698,964,吴卫华,2017-06-27 10:22:32,6,6,0,mageji，背死3.3，助教估计不会正太，因为她不调分，无所谓正太
156663,964,吴卫华,2022-06-20 14:17:48,4,7,3,形策还鸡杀\n\n😅
156815,964,吴卫华,2022-06-21 04:22:29,7,10,3,人与人的差距是可以这么大的吗
171536,964,吴卫华,2023-03-30 11:17:34,7,8,1,形策事情一大堆，还尼玛期末闭卷，期末还占一半分？疯了？\n\n在课上叫了不少人，有时甚至从最后一排开始叫人回答
171773,964,吴卫华,2023-04-27 07:41:43,7,7,0,形策没课就一堆事，期末竟然还闭卷，而且还占一半分？服了\n\n六点五十开始的课程，有一次甚至在晚上八点才点名
173350,964,吴卫华,2023-05-20 16:11:16,0,1,1,没有分组展示？好！往回捞一捞
175957,964,吴卫华,2023-06-27 09:13:13,0,0,0,今年形策，虽然还是烂事一堆，但是起码没绩杀
178777,964,吴卫华,2023-07-22 07:39:30,1,1,0,无聊。。。
193956,964,吴卫华,2024-06-21 05:24:03,0,0,0,平时事情很少，但是给分主要看期末考，建议别裸考
194171,964,吴卫华,2024-06-22 10:08:56,0,0,0,游泳课
204118,964,吴卫华,2024-11-24 11:37:52,1,1,0,我们老师:同学们，上课之前，咱们先把手机收起来。(阴阳怪气)(撇嘴)手机会不可避免地影响我们听课，所以我们约定好了，这节课先把手机收起来啊。(皱眉)(假笑)每次放视频的时候，抬头率总是最高的。(皱眉)我知道，新闻联播的主持人肯定比我讲的好。(?)来同学们我们来看一下这个点名单，对就是你来回答一下这个问题(老师你这门课有几个人听心里是没点abc数吗
205334,964,吴卫华,2024-12-04 12:33:43,0,0,0,一坨答辩
8730,1037,夏立安,2015-09-25 00:04:22,20,32,12,活波有趣，老师长得很幽默，上课如其长相
24660,1037,夏立安,2016-05-03 02:58:06,9,10,1,很享受
51072,1037,夏立安,2017-05-16 04:42:46,1,4,3,好好好
63027,1037,夏立安,2017-11-28 03:09:06,-3,4,7,
87650,1037,夏立安,2018-10-09 06:27:19,8,9,1,真是享受，好喜欢夏老师，博学幽默
87881,1037,夏立安,2018-10-17 00:47:06,6,9,3,有趣的灵魂，敢于直言的勇者
88710,1037,夏立安,2018-11-06 07:09:48,0,2,2,幽默有趣
93143,1037,夏立安,2019-01-07 15:47:32,-42,8,50,无聊 垃圾 什么鬼
107420,1037,夏立安,2019-05-05 04:14:48,5,5,0,老师还会出分吗
108639,1037,夏立安,2019-05-30 07:13:41,-57,21,78,自以为是。以反意识形态为乐，却没有意识到反意识形态也是一种意识形态。仇富仇权，一人之力代表“全国人民”。\n\n没有思想，只有滑稽。\n\n不是他讲得有趣，是他这个人千方百计让学生哈哈哈地赞同他的观点的行为，令人发笑。\n\n这不是老师，这是小丑。恶俗。
108643,1037,夏立安,2019-05-30 08:01:21,5,6,1,敢于直言的勇者。
108660,1037,夏立安,2019-06-01 02:40:40,-1,1,2,100
115077,1037,夏立安,2019-07-15 07:29:52,-1,3,4,看到您敢于直言SDU的品格，感到十分钦佩，法学人就应该有法学人的精神！
115147,1037,夏立安,2019-07-16 07:29:58,1,4,3,享受，大师有思想
116840,1037,夏立安,2019-09-16 12:06:36,3,4,1,上课很幽默，很有趣，有自己的观点
134597,1037,夏立安,2021-04-04 00:59:11,3,4,1,虽然没上过老师的课，但赞赏老师的人品和敢于直言的精神。
151375,1037,夏立安,2022-03-01 16:52:41,6,9,3,请点击N/A没有具体分数的那个评价，里面的评论经核实属实，请各位女同学小心，一个道貌岸然的老师。
151873,1037,夏立安,2022-03-18 17:23:39,-5,4,9,想法偏激 给分巨低
153155,1037,夏立安,2022-04-26 08:58:29,6,6,0,夏老师给分真的很好！老师学富五车，博览群书，是一位自由主义者，能感受到老师山东人的实诚与豪迈，这学期也很有收获！
155894,1037,夏立安,2022-06-16 13:14:43,-6,5,11,想法偏激，自以为是
168449,1037,夏立安,2023-02-16 23:56:42,2,3,1,很喜欢夏老师
189234,1037,夏立安,2024-01-22 13:22:06,4,4,0,夏老师退休快乐
211436,1037,夏立安,2025-01-11 11:53:09,1,1,0,我高中母校的老师 支持一下 没见过我但是聊天过程中可以感受到老师很好
91553,1132,陈林林,2018-12-13 05:39:24,0,0,0,就开始
60118,1149,翁晓斌,2017-10-11 03:55:08,6,7,1,迷迷迷
60121,1149,翁晓斌,2017-10-11 04:11:33,3,6,3,讲的不清楚-。自己理论掌握的不咋的
63954,1149,翁晓斌,2017-12-20 04:49:01,7,7,0,自学的体验
66442,1149,翁晓斌,2018-01-16 13:14:36,9,12,3,觉得老师……好好讲是能讲一些东西的，但就是不好好讲哇。。。。。
66959,1149,翁晓斌,2018-01-19 12:34:52,5,10,5,很不负责任！  一个学期就那么几次课 老师一般是这周生病了不上课 到下周又说老师来的路上被撞了腿受伤了去蹭听另外一个班的课，然后再到下下周又说没来得及准备讲稿 所以上课没有课件，没讲稿就没讲稿吧 他自己脑子里也没准备 课上都不知道讲啥， 然后期末嘛 说了一大堆这个不考那个不考  反正不考的占整本书的3/5左右   你说你讲了啥 都一个学期了 那么多不考的  为啥不考呀 没讲呗 。 我们一学期只有4个讲稿  我们说出去都害羞好嘛！能对学生负点责任吗  如果做不到好好上课那为嘛还要来开课！没责任心！！！
67377,1149,翁晓斌,2018-01-21 04:52:11,14,17,3,本学期翁老师翘课比我还多哎
67449,1149,翁晓斌,2018-01-21 08:20:06,8,14,6,18.1 名词：消极的确认之诉，当事人适格，类似的必要共同诉讼，证明妨碍等5个。简答：自认，证据违反法定程序不得认定事实，第三人相关救济，诉讼标的相关，逾期举证法律效果等6个。案例主要涉及证明责任和第三人。
70663,1149,翁晓斌,2018-01-27 10:43:29,7,7,0,老师经常请假翘课，考试全靠自学哟！
93808,1149,翁晓斌,2019-01-14 01:20:18,5,7,2,说好的重点呢？考试范围呢？0分呢？
94044,1149,翁晓斌,2019-01-15 04:00:00,7,9,2,上课接打电话，讲课经常闭着眼，考前两天给重点……如果不是他出题，无论如何不会选他的课
94803,1149,翁晓斌,2019-01-18 08:07:50,5,6,1,范围又不给清楚，又没讲过...考这么多执行，有毒，背书能力测试
102355,1149,翁晓斌,2019-02-01 06:57:55,5,5,0,最后一节课简直在透题了，会考到的都重点讲了一遍
103263,1149,翁晓斌,2019-02-27 05:27:03,6,7,1,我觉得老师声音很好听耶  感觉还可以
108098,1149,翁晓斌,2019-05-15 00:30:10,6,7,1,老师几乎不点名，有一个讲稿，会发给大家。老师讲课喜欢闭着眼，眉毛也很有特点，也会讲一些实际和生活案例，我还挺喜欢这个老师的。
111180,1149,翁晓斌,2019-06-30 10:36:28,7,11,4,不知为何跟评论里反差有点大，老师激情澎湃，幽默十足，讲课内容理论、实践兼具，有很多收获。
25297,1166,王冠玺,2016-05-09 11:00:37,6,16,10,老师水平不错，但是讲太少，做报告学到很多，但是这个课程本身没完整掌握，不如自己读王泽鉴先生的书
74941,1166,王冠玺,2018-03-06 16:37:33,-5,17,22,王老师上课太影响我惹，扰乱了我一天的心情！\n\n晚上闭上眼浮现的还是他帅气的脸！
75594,1166,王冠玺,2018-03-14 00:19:21,-3,9,12,冠玺见闻录，你值得拥有。
78291,1166,王冠玺,2018-05-10 12:38:12,-1,7,8,应该挺帅吧
79061,1166,王冠玺,2018-05-22 01:18:41,-17,6,23,喜欢～\n\n少女心爆棚
87653,1166,王冠玺,2018-10-09 07:15:28,26,40,14,课嘛不上\n\n牛嘛猛吹\n\n自我感觉良好\n\n实则呵呵一笑
94538,1166,王冠玺,2019-01-17 06:57:26,-6,7,13,台湾的民法学大家的风范
94833,1166,王冠玺,2019-01-19 04:15:54,11,15,4,考试重点：请求权基础；考试题目：上课讲过的案例（我服了就这么不愿意出题吗连个字都没改的案例）；考试内容：债法（不是侵权责任法而是整个债法，运用请求权基础分析法律关系，我想说，内什么拿耗子？）
94965,1166,王冠玺,2019-01-18 13:57:13,-8,0,8,考试到底怎么考啊
96276,1166,王冠玺,2019-01-20 16:01:42,-19,5,24,呜呜呜呜喜欢王冠玺老师 反正期末下来对请求权基础这块学习有了质的飞跃
96821,1166,王冠玺,2019-01-21 10:13:29,-7,4,11,老师给分很好
99199,1166,王冠玺,2019-01-24 11:39:02,-3,4,7,期末考划重点是真的很真诚很不做作的了
100152,1166,王冠玺,2019-01-25 16:00:10,-8,1,9,不得不说，给分真的好～上课……emmm
102356,1166,王冠玺,2019-02-01 07:03:19,-6,2,8,给分有点迷，上课尽量刷脸吧
103940,1166,王冠玺,2019-03-07 16:22:53,8,11,3,学术很水，上课只会念王泽鉴的书。
108504,1166,王冠玺,2019-05-27 06:36:10,6,6,0,心情复杂
117993,1166,王冠玺,2019-10-18 01:33:47,17,19,2,sb噢
118478,1166,王冠玺,2019-10-27 12:12:46,-5,1,6,侵权责任法比较简单
126304,1166,王冠玺,2020-09-22 04:22:19,11,11,0,有点无语，上课完全就是念王泽鉴老师的书。请求权基础基本都是债法内容，放在民总讲吧打好基础固然不错，但期末50分考这而且是原题算咋回事？并且感觉章老师独自带的班比合班分要高不少，看前面评论合理怀疑是被王老师杀了
126986,1166,王冠玺,2020-11-01 14:06:32,14,15,1,真的无语，就一门短学期的课要两次展示，期末还是闭卷。慎选他的侵权，简直坑得要死啊！
127540,1166,王冠玺,2020-11-24 06:47:46,-6,2,8,给分好！
137392,1166,王冠玺,2021-07-03 17:16:31,21,23,2,自我感觉良好，其实嘛呵呵。不钻研问题，又喜欢拿捏学生，还喜欢摆一副高高在上的姿态，慎选。
141190,1166,王冠玺,2021-09-26 03:31:13,-7,2,9,点名是点的，老师也是好老师。授课方式不是讲笑话那挂，需要学生自行积极主动，才能有所进步（还挺欧美那套的）。\n\n\n\n可能会绩杀，选课需谨慎
141214,1166,王冠玺,2021-09-26 12:38:18,-4,5,9,冠玺锅锅帅哇，上课各种闲聊，好课啊
141847,1166,王冠玺,2021-10-27 16:17:17,13,13,0,虚 慎  悔
142381,1166,王冠玺,2021-11-11 01:54:26,22,22,0,怎么没有0分。一个自信又自负的人，高冷清高，不食人间烟火。慎选此人
143754,1166,王冠玺,2021-12-04 13:20:42,0,5,5,老师讲课挺有意思的
151823,1166,王冠玺,2022-03-17 02:00:27,11,16,5,可以再傲慢一点吗
151830,1166,王冠玺,2022-03-17 02:57:16,5,10,5,不知所云
151990,1166,王冠玺,2022-03-22 13:37:03,5,13,8,无语，真的无语
152038,1166,王冠玺,2022-03-24 02:11:50,6,13,7,真的很记仇，讲课也一般，还自比罗翔
152371,1166,王冠玺,2022-04-07 04:01:22,10,17,7,怎么会这么烂啊啊啊啊啊啊\n\n不知所云 不知所云 不知所云\n\n课上随机点名\n\n真的很清高 感觉看不起中国的一切东西😅
153623,1166,王冠玺,2022-05-06 09:36:00,2,5,3,和其他老师高下立判
153818,1166,王冠玺,2022-05-12 03:29:03,18,19,1,在冠玺哥的课上，你甚至能听得到民法。
153863,1166,王冠玺,2022-05-13 15:40:08,14,15,1,不学无术，招摇撞骗，草包一个。
154202,1166,王冠玺,2022-05-26 03:09:12,9,10,1,低级·
154207,1166,王冠玺,2022-06-17 15:54:14,-2,3,5,可水，好课
154496,1166,王冠玺,2022-06-20 04:48:24,3,9,6,哈哈哈哈哈挺有趣的，期末一考完评分瞬间高了很多，大家高分给的是老师还是给的是那套没有什么考核含量的期末卷子想必大家也都心知肚明。\n\n客观评价一下：\n\n1、老师上课是有内容的，真正认真听是可以学到东西的\n\n2、老师很执著于“看管式教育”，拒绝免听，上课会抽查式点名，网课会强制性让同学开摄像头不开会cue你（不开摄像头会扣平时分），会观察摄像画面里面学生的听课状态并点出，会强制性要求同学手记一些案例\n\n3、本学期是开卷，可以带法条，但法条只能有法条，不允许有任何注释以及前面的词条说明（个人不太能理解法学院所有民商法的课都可以带有词条说明的法条而只有wgx的民总不允许）\n\n4、讲课风格很随意（有时候会让人跑偏）\n\n5、不太理解为什么在没有什么疫情的情况下老师仍在杭州却执着于线上上课
154529,1166,王冠玺,2022-06-21 10:51:57,4,14,10,一分给王泽鉴老师。怎么跟老白男一样，一套一套的，自信是哪来的啊。而且为什么人都已经在杭州了还要视频会议上网课啊，杭州哪个区要一直隔离到学期末啊，还是要赶着回台湾啊？还有，有些sb要是觉得他帅就给他打高分，麻烦你们去治一下眼睛好不好啊，不要误导下届学弟学妹。
155672,1166,王冠玺,2022-06-15 06:24:57,-5,6,11,人品是有一点点问题，但老师民法水平确实很高不能否认
155769,1166,王冠玺,2022-06-15 23:45:36,-4,1,5,哈哈哈哈哈
155880,1166,王冠玺,2022-06-21 10:02:38,8,12,4,。。。。。。
155885,1166,王冠玺,2022-06-16 12:22:11,8,11,3,正在考民总，看到卷子就一句nb
155889,1166,王冠玺,2022-06-16 12:50:33,-1,5,6,我觉得老师挺好的哇。虽然成绩还没出来不过真的是个好老师的。高高帅帅的。
156002,1166,王冠玺,2022-06-17 05:30:05,-1,6,7,老师又英俊帅气又儒雅随和，不知道为什么分这么低。人真的很好啊，上课讲的也很有趣，上网课让开个摄像头也是为了更好的交流吧，他上课不就是唠嗑模式吗，对着一群黑屏讲课他也会很难过的吧。期末考试真的很仁慈了，出原题为什么接受不了，我不理解。
156888,1166,王冠玺,2022-06-21 09:32:18,5,6,1,。。。
156891,1166,王冠玺,2022-06-21 09:40:18,19,19,0,百度上甚至搜的到他对台湾政治的评论，正经学术倒是没见到啥，水平如何自由心证吧。\n\n上课真的没学到什么，民总这么应该打基础的课，就被他糟践成这样。\n\n出分均绩直降0.12，大概是自己的问题。看起来他给分还“挺好”，只是试问他考试考了什么实质的东西吗，甚至不如隔壁闭卷考概念吧，外专业水个高分也好，法学生真的，挺难受的，这是自己要吃饭的本事啊。\n\n只希望我以后不要成为这样傲慢又华而不实的法律人。暑假自己补民法吧。
156903,1166,王冠玺,2022-06-21 10:13:20,7,7,0,很客观评价\n\n我是辅修班\n\n之前他隔离在上海线上上课可以理解杭州明明没有疫情了却继续线上，上传的视频听了觉得没有什么实质性内容，除了请求权基础，其他上课内容大部分照抄民法典，其实请求权基础也有很多言之又言没什么实际意义的话\n\n期末考试70分原题，30分翻法条找总则里的请求权基础\n\n我考了70分，70分讲义原题是按照他讲的全部背下来的去写，应该是拿到分数了，丢掉的30分是翻法条吧，很讽刺可能一份都没有\n\n一学期下来什么都没学到，很难受。是抱着好好学的态度的，因为想考研换到法学，不如自己去学hjy老师的，能学到真本事
156911,1166,王冠玺,2022-06-21 10:26:30,2,2,0,。。。
156925,1166,王冠玺,2022-06-21 10:49:45,2,3,1,不太懂给分是怎么给的，明明好好写了，还是挂了
156999,1166,王冠玺,2022-06-21 13:30:27,2,2,0,wgx老师很良心啊，甚至会帮你拓展一些请求权以外的民法知识……
157094,1166,王冠玺,2022-06-22 01:46:00,1,5,4,作为初学者，我不敢对老师的学术水平妄加评价。但通过上课以及课后看视频，我认为老师讲的东西还是比较清晰有逻辑的，有一套自己的体系（当然可能是继承了王泽鉴老师的观点，但是他作为wzj老师的学生这一点不是很正常合理吗？不知道为什么大家这么大加指责），基本上能让大家听懂。\n\n不懂的地方老师也很鼓励大家问问题并且会耐心解答，下课后问问题的人特别多也会一直陪着同学答疑（午饭时间）。\n\n另外，上课确实聊人生经验之类的东西会比较多，我个人不排斥并且乐于听取老师的经验，即使不一定赞同也可以拓展视野和视角，也增加了课堂趣味性。\n\n期末考考核的内容也完全是上课讲过的重点，可能老师是有一些和其他老师不同的规则（比如只能带纯法条，上课会点名让开摄像头），但是我觉得认真学习的同学不至于拘泥于这种形式化的东西。再加上老师一直在给提示、帮大家借法条，出了成绩也给出了评分依据和解释，我觉得老师已经在自己的原则内做到让人满意的程度了。
157486,1166,王冠玺,2022-06-23 11:53:06,4,4,0,绩杀啊绩杀，几乎完全照着讲义和慕课来写的啊，为什么就那么点。。。第一题对过答案也有个二十分啊，为什么。。。
157578,1166,王冠玺,2022-06-24 00:08:28,12,13,1,只能说很后悔，作为一名外专业的选他的民总，真的学得不太清晰，不可否认他真的是位很有水平的老师，但是在上课和考试方式上不敢苟同。\n\n这评分当中肯定有我被绩杀的不满，但是平心而论，学了一个学期，就只靠三道题决定最后的总评，这三道题里几乎还没涉及到多少知识点，甚至连平时成绩说不算就不算，会不会还是离谱了一点。只会让我觉得浪费了我复习其他课的时间，基本按照讲义写的也没得到什么相当的成绩……\n\n总之想学东西的还是别选他了吧……
159124,1166,王冠玺,2022-07-06 14:22:23,2,10,8,学生对老师评价好坏主要取决于老师给学生打分高低。年轻老师显然更懂规则，双手奉上高分，最好各个满绩，年长老师估计都不知道在某个地方被自己教过的学生戳着脊梁骂吧，要是给分低或者一不高兴，信手捏来就是一顿不实诽谤。看到这些评论老师可能会想，教了几十年书，现在的学生已经忘了何为尊师，眼里只有绩点，感慨活久见吧。真是悲哀，教师反被学生绑架，也为现在浮躁的学风感到悲哀。
159155,1166,王冠玺,2022-07-07 04:01:57,-14,9,23,迷妹表达下对老师的喜爱，就说是师生有什么事在背后被无端攻击，你不喜欢就不允许别人喜欢吗，分低就诽谤，实在是low
161282,1166,王冠玺,2022-11-03 12:18:41,-17,2,19,真的很喜欢王冠玺老师，不理解为什么有人说老师没有教实质性的东西，难道请求权基础不重要吗，况且老师为了便于我们理解用了很多例子，并不是纯讲抽象概念，自己不认真听讲就不要怪老师。真的很感谢老师给我的民法打了基础，更多的东西还需要自己去拓展。
161949,1166,王冠玺,2022-11-15 09:45:08,8,8,0,侵权法案例研习，请问和侵权有关吗?自始至终都没和侵权挂钩，却名之为“侵权法”，最后讲的都是什么心里文化学，我艹，卖羊头挂狗肉，踩死他!不要选他的课，disgusting!
163523,1166,王冠玺,2022-12-15 01:13:48,2,2,0,我只能说 sb 快跑。。。
181259,1166,王冠玺,2023-10-12 11:32:37,4,4,0,令人恼火
183420,1166,王冠玺,2023-11-25 13:43:34,8,9,1,给分随意，谁和他关系好给谁高分，过程成绩完全不看，根本不管学生死活，对学生、对课堂都极其不负责任的一位老师
183426,1166,王冠玺,2023-11-26 01:55:00,6,7,1,学弟学妹们，听我一句劝，无论是为了自己的gpa，还是为了自己的乳腺，都不要选他，千万千万不要。选了他，每节课的每分钟都在后悔
191775,1166,王冠玺,2024-04-30 05:43:35,8,8,0,太麻了\n\n21世纪还有\n\n：我给你讲话，你为什么不站起来\n\n这种言论
199228,1166,王冠玺,2024-09-19 12:16:08,6,6,0,分析评价别人倒是头头是道，除了不知道自己是个啥样的。。。。。。
199248,1166,王冠玺,2024-09-20 01:45:05,8,8,0,纯粹浪费时间。。希望点过一次就不要再点我了我不会再来上课了🥲给分随意吧不在意了反正翻了一圈评论貌似也是用🦶给分
199251,1166,王冠玺,2024-09-20 02:36:47,11,11,0,又鼓励恶竞又让所有人都来舔你拍你马屁，，我恨你，，一周五个学时还疯狂补课又晚课又第二天早八然后到课之后还要在你一箩筐话里捡出有用的那一丁点东西，，，给分也太主观太随意了，，，你把所有人都卷死了你满意了吧，
199667,1166,王冠玺,2024-09-27 07:17:09,15,15,0,民事案例研习挂羊头卖狗肉，天天讲文化心理学。本科生教务都不来把控一下课堂内容的吗？
199711,1166,王冠玺,2024-09-28 04:22:58,18,18,0,法学院mario实至名归😓😓😓 不征求同学意见就占用休息日补课然后还不让请假？？？？？有病吧
199727,1166,王冠玺,2024-09-28 08:14:13,10,10,0,自私自利....丝毫不体谅学生....怎么能这么自我中心？ 学生的事就不是事，早就有了的安排也都必须要为了他的课让步😅😅大清亡了多少年了还把自己当皇帝？
199728,1166,王冠玺,2024-09-28 08:15:37,6,6,0,精神折磨实至名归，学不到一点东西。千万不要选！！！！！！
200483,1166,王冠玺,2024-10-17 13:38:17,11,11,0,有点抽象，但凡民商法所有第二个老师开民案，也不至于为了学分必须要选他
200487,1166,王冠玺,2024-10-17 14:12:11,6,6,0,剖析案例和报告是要剖析社会文化心理传统就是没有法律的，是不看案件事实的，是不知道继承法相关知识的，是要进行精神攻击的，是没人理他就鼓励内卷、强制要同学舔的
200579,1166,王冠玺,2024-10-19 15:47:09,11,12,1,什么傻逼老师，我上这么多课就没见过一个老师调课调这么多的，为自己的时间不管学生？？？惯着你了？？？自己不配为人就去死，上的也垃圾，我想你这么做是急着去投胎吧，也能理解，毕竟没m.
203692,1166,王冠玺,2024-11-20 13:30:46,5,5,0,天天调课，不经过同学和教务老师同意就能随便调，最后几次课还是线上上的
206276,1166,王冠玺,2024-12-13 13:25:53,3,3,0,上大学三年什么老师都见过了没见过你这么贱的老师。学生的努力你是看不到一点的学生的马屁你是全盘接受的你**吧。
208594,1166,王冠玺,2024-12-29 17:43:05,2,2,0,这种人就是这样，在民法领域取得了一点成果，以为自己别的领域也很牛批，其实稍微懂点就知道他讲得狗屁不通。
212610,1166,王冠玺,2025-01-14 09:18:28,1,1,0,确实有点抽象，不过大案例作业给分还行
213804,1166,王冠玺,2025-01-20 04:17:54,1,1,0,玺子哥虽然上课有点折磨，不去签到还容易惹怒他。但是给分挺好的，貌似大家都是4.2以上吧，稍微准备下就是4.5。如果为了绩点，忍一忍就过去了！！
27948,1219,李永明,2016-06-28 06:57:17,12,19,7,北京西直门的桥是我炸的
38621,1219,李永明,2016-12-12 15:34:43,8,10,2,上课节奏慢，会吹牛玩梗膜蛤炫富
60517,1219,李永明,2017-10-23 06:15:19,12,15,3,水平真是高，可以一统江浙沪知产
86821,1219,李永明,2018-09-26 02:14:43,4,13,9,为什么显示不出来？??这种垃圾老师留着他干什么？?!!查老师求生欲这么强的吗？
159131,1219,李永明,2022-07-06 13:50:42,1,8,7,李老师是好老师，评论客观点吧
217315,1219,李永明,2025-04-08 10:37:09,2,2,0,只能说符合对占尽时代红利的老教授的一切刻板印象，研究生的拼盘课只上一节，这一节课也没有落到实处的内容，只讲一些很泛的学科概念，分享曾经代理过的大企业的案子显露自己在政商界的人脉，虽然没有任何具体的讨论和启发但仍对数据、AI这些人工前沿侃侃而谈，倒也能了解为什么浙大知产之前一直半死不活了。
4535,1334,聂原,2015-06-24 07:53:05,-11,7,18,好生动
5111,1334,聂原,2015-07-04 07:24:01,4,21,17,给分低，上课无聊，女愤青。
58863,1334,聂原,2017-09-18 06:10:07,-8,7,15,好好好
59502,1334,聂原,2017-09-22 02:35:16,1,14,13,打1分，是因为没有0。
60418,1334,聂原,2017-10-19 11:57:00,4,25,21,好好一门外国法制史、上成这样也是醉了……上课的人那么少不反省还觉得学生越来越浮躁觉得外国法制史没有用了……课堂画风一言难尽…
60928,1334,聂原,2017-11-03 03:22:44,6,20,14,这个老师不知为何，痴迷于西方的思想，政治体制，以及宗教。一个基督教可以讲三节课，上课的时候一般都是在讲述西方法律的优越以及宗教对道德的约束，当然在同时也会以一副怜悯的样子来说我国及国民多么悲哀。假如心态好的同学，这节课是一个看书背单词的好时间，假如是心态不太好，稍微比较愤青的同学，个人建议还是不要选了。总而言之，这不是我想上的外国法制史课。
61175,1334,聂原,2017-11-10 02:58:23,2,10,8,不能让老师把思想带偏了
61960,1334,聂原,2017-11-22 02:46:50,4,11,7,唉上课上座率不高什么原因自己心里没有数么，把中国贬得一文不值，上课毫无趣味，这么注重出勤率也要提升自己吧？感觉再这样下去都没有人选课了
62881,1334,聂原,2017-11-27 08:39:45,16,35,19,“请老师的课是种什么体验？”\n\n“气的连手机都玩不下去orz”微笑:）
62911,1334,聂原,2017-11-27 10:33:23,29,54,25,孽缘啊
62997,1334,聂原,2017-11-28 00:57:56,2,6,4,体验大概就是被老师退了课吧:)
63712,1334,聂原,2018-01-24 04:18:12,3,10,7,讲得差，自己思维有问题，鼓吹西方。给分还不好，大绩杀
64943,1334,聂原,2017-12-28 04:09:01,-1,1,2,
65556,1334,聂原,2018-01-06 03:16:52,7,13,6,有自己坚持的东西
65819,1334,聂原,2019-01-04 04:33:40,-13,9,22,下课还放歌 睡个觉都没法睡 真的傻o
66855,1334,聂原,2018-01-19 07:40:16,14,25,11,其实老师… 还是挺可爱的… 虽然我也说不清萌点在哪里…
68170,1334,聂原,2018-01-22 16:07:04,0,4,4,但听无妨
68184,1334,聂原,2018-01-22 16:53:42,2,20,18,emmmm……不知道怎么评价。老师确实水平有限，思想可能有的时候也比较偏激。但不知道为什么，课越到后面反感度越低。想想自己一开始的反感也主要来自己大家的评论，先入为主的反感确实会觉得一个人的一言一行都显得那么不堪。比起一些水平有限又作事又多的老师，聂老师至少是在人品上是完全没有什么大问题的。人无完人，或许大家可以给老师多一点的宽容吧……
68870,1334,聂原,2018-01-24 04:13:23,1,8,7,本来觉得老师挺可爱的，一看给分……emmmm……有点想给她打骚扰电话
68917,1334,聂原,2018-01-24 08:16:58,2,9,7,听很多人说她绩杀，可能吧，上课无聊
68974,1334,聂原,2019-01-04 12:51:06,0,4,4,老师讲课感觉其实还好，趣味性不够，学到的东西少，听听罢了。课堂形式可以增加，辩论什么的比展示更有意思。至于绩点，建议外专业的学生不要选了当个性课程，拉低均绩又对专业绩点没用，有点后悔为什么没听老师的去退课，毕竟这是一门法学专业课，大概有他的尊严在吧。
70253,1334,聂原,2018-01-26 09:53:21,9,20,11,就纳闷大家为什么对老师这么有意见，她是很感性的老师，有自己的理想，一个老师当然对研究领域比较了解，介绍的多，再发现本国的不足，这也无可厚非吧，连老师放歌也值得批判吗
80008,1334,聂原,2018-06-19 03:40:54,2,5,3,认真记笔记，展示积极一些，给分不会差。考试老师给划重点，背背就好。
86484,1334,聂原,2018-09-17 00:52:06,2,6,4,好老师，还可以
86591,1334,聂原,2018-09-17 11:09:52,7,13,6,今天听了下，是个好老师吧…纯理科生，感觉老师还挺有思想，要求也不苛刻…
86744,1334,聂原,2018-09-18 08:54:42,7,9,2,挺好的，和我中学一个喜欢的老师风格很像
87617,1334,聂原,2018-10-08 11:42:16,11,22,11,老师讲课很认真，虽然只是一门只开一次的通识课（西方法律文化史），却很用心的找了很多资料，第二次课补选了很多人，老师愿意主动补课（不点名），三观也很正，讲课的过程中事实和自己的感慨分的很清楚，虽然有批评中国的部分，但都是有理由的！（虽然感觉对西方有一点理想主义了，把美好的想象加在西方上，当成了理想的法制的地方的样子）
88906,1334,聂原,2018-11-12 04:08:20,14,23,9,老师很可爱，喜欢
89065,1334,聂原,2018-11-15 04:43:06,14,31,17,老师是一个有想法的人，无奈现实残酷。她所做的一些批判也是有理有据，提到文ge，提到古代法制各种弊端，虽然有一些个人情感色彩，但是大部分时间里还是可以说是客观的。不知道往年为什么学生风评很差，我认为是个好老师。
89665,1334,聂原,2018-11-20 07:25:39,4,9,5,老师上课挺有意思的，是个人喜欢的类型
89761,1334,聂原,2018-11-20 15:50:46,2,5,3,没有原则的绩杀
89811,1334,聂原,2018-11-21 01:57:54,-12,3,15,也不考试 就期末要搞个论文 最后一天熬夜搞的 一出分傻眼了 从没见过那么低！真..孽缘了
89842,1334,聂原,2018-11-21 03:54:10,10,21,11,上的是西方法律文化史，老师思想虽然西化但还是有许多不一样的干货的，平时上课不点名没作业，期末作业三个题目每个1000字课后完成，我平时不怎么听，期末论文好好准备下绩点也有4.5，感觉没有楼上说的那么不堪，如果对法律有点兴趣又缺学分不妨选下
90283,1334,聂原,2018-11-23 03:09:18,2,5,3,老师人很好，有自己的想法，期末论文按老师思路走就好了。
90870,1334,聂原,2018-11-27 02:00:42,4,11,7,上课看得出备课比较充分。那些说愤青的，人家至少作为一个老师敢在课堂上说出来，而不像思修那些只会唱赞歌的郭沫若式老师
91846,1334,聂原,2018-12-23 00:44:13,1,5,4,孽缘啊
100587,1334,聂原,2019-01-26 11:04:14,8,14,6,很好的一个老师，不明白为什么评分不高。认真听她的课，就会感觉老师非常有爱。课程内容量虽然比较大，但考试的时候不会刻意刁难人，更多的还是考书上有的以及课堂上反复提醒的基本概念。平时有展示，展示可以深也可以泛甚至可以卖萌，老师尊重每一个学生的表现，总之她是个好老师。希望同学们放心选她的课。
101470,1334,聂原,2019-01-28 09:08:52,1,3,2,画了重点，也全部背的滚瓜烂熟，考试全都写出来了，平时写论文，展示都尽心尽力，这点分？还说自己一直给分很高，不知道是凭什么给的分？
102990,1334,聂原,2019-02-25 08:35:48,1,3,2,呵呵哒
104771,1334,聂原,2019-03-27 11:57:35,11,33,22,刚刚看她翻了翻备课本，停顿了一下然后叹了叹气，继续讲……真的被触动了( •̥́ ˍ •̀ू )老师是真的想为科学法制普及做一些努力，也许的确能力有限、趣味性不够，但是你看她的word课件，真的很用心在准备，很卖力地在讲课。对我们也很宽容很很温柔，尽量让我们放松……就是特别同情她(๑•́ωก̀๑)球球大家把我顶上去让大家看到，真心希望大家能多多配合她(╥ω╥`)
104778,1334,聂原,2019-04-25 11:10:30,11,21,10,从上课来看水平十分迷醉。作为一个思想史学者似乎只限于一些二手文献的见地，只有观点缺乏论证，十分怀疑是否有真的进入过文本。给分也很一般。唯一可称道的只有热情，但空有激情反倒更显储备的贫乏。\n\n。。。还有人给我点灭的，我想说对于大学老师而言并非能传达某种激情就是合格的，仅从上课对于西塞罗的只言片语而言就值得怀疑其古典哲学的基础，这是一个哲学系本科生就可以看出来的。当然，言人人殊，或许各位有不同的看法，或许有人认为老师只需要有激情就好了，各取所需耳。
104920,1334,聂原,2019-03-31 07:02:19,0,2,2,老师讲课还是很用情的。
105802,1334,聂原,2019-04-21 01:04:43,2,4,2,不管上课内容怎么样，但是动不动就说学生抄袭论文的老师我觉得很不尊重人
105804,1334,聂原,2019-04-21 01:58:00,2,6,4,讲课垃圾，学术垃圾，还要点名
106147,1334,聂原,2019-04-25 08:48:36,3,6,3,老师人感觉挺好的，就是给分有点差，论文认真写的每次都去最后3.6，查老师上的均分都差的很远。可能是自己写论文水平不够吧。(不过其他课论文认真写都挺高的)
106149,1334,聂原,2019-04-25 09:03:42,-1,6,7,我觉得老师确实是一个很有情怀的老师，也比较温柔负责，但是老师最后只给了我80分啊QAQ，所以我给老师扣一分打个9分吧，要是79我还能自我安慰一下我是被正态了，80分说明老师觉得我的论文写的是真的垃圾啊5555
106204,1334,聂原,2019-04-25 13:44:54,7,10,3,最低的通识分了，不懂是为什么。节节课到，最后的三篇小论文都有查资料认真写，平时没什么考核点，最后给分也太差了吧。。。
106210,1334,聂原,2019-04-25 14:35:36,3,7,4,给分低的不能再低了，每节课都去，认真写论文 呵呵哒
106232,1334,聂原,2019-04-26 01:18:42,3,5,2,语无伦次\n\n
106264,1334,聂原,2019-04-26 03:55:30,-10,2,12,给分挺好的
106333,1334,聂原,2019-04-26 11:41:45,4,7,3,西方法律思想史。讲的主要是西方古代雅典、罗马。一般不点名。不考试，论文定成绩。我的论文就82分。意思是有一半人论文比我的好？那上来咱们比划比划（笑）！。无ppt，因此不存在梳理复习。觉得有些残念，给我ppt啊！没ppt听一遍就忘。女老师会脸红、害羞。我其实挺萌这点的，哈哈哈。
106537,1334,聂原,2019-04-28 04:56:09,-1,2,3,应该挺好的
116237,1334,聂原,2019-09-06 12:29:50,2,5,3,讲得差，给分低，幺蛾子贼多
116924,1334,聂原,2019-09-17 10:20:23,2,5,3,希望大家珍惜聂老师这样少有的好老师...
117175,1334,聂原,2019-09-20 04:01:03,0,2,2,老师人超好呀麻烦老师帮我校车票的忙，老师从来没接触过这事，还是费时费力帮我询问最后还发了邮件给我回复，人真的很好。上课也是尽力想传授给同学知识，虽然内容可能对理工科同学还是有些枯燥（主要大家可能也在课上忙别的事？）
117258,1334,聂原,2019-09-21 13:31:17,3,5,2,我觉得老师的课框架结构挺合理的，也有很多知识点。客观的说，如果你有求知欲，并对思想有兴趣，应该会喜欢这门课的；但是如果不是，可能会觉得有点无聊，老师总不可能在几堂课内改变一个人的喜好吧。
117362,1334,聂原,2019-09-23 10:34:41,1,2,1,老师讲的很不错，认真听总有收获
117435,1334,聂原,2019-09-24 09:02:19,1,2,1,我觉得老师的想法是真的很有深度，对毛爷爷的评价我觉得她很好，很清醒
117512,1334,聂原,2019-09-25 08:11:12,1,2,1,思想境界不同，评分不一，不能一概而论，本人觉得老师讲的不错。
118232,1334,聂原,2019-10-23 10:50:43,1,1,0,语无伦次
118393,1334,聂原,2019-10-26 08:59:56,0,0,0,很好呀
119582,1334,聂原,2019-11-14 02:24:13,1,1,0,是一个很认真老师
119611,1334,聂原,2019-11-14 06:28:52,1,1,0,可贵的理想主义情怀
119635,1334,聂原,2019-11-14 11:08:57,1,2,1,虽然我给了10分，表示一下对老师的尊敬。但给分真的很烂，第一次通识下4。。。。
119636,1334,聂原,2019-11-14 11:10:39,1,1,0,很可爱的老师 在一片实务中还能有理想情怀很可贵 很感谢聂老师
119640,1334,聂原,2019-11-14 11:35:15,-1,0,1,查老师的分不能信啊…老师人真的很好，也是很尽力给大家高分了，认真听有收获，可以记笔记来防止自己走神
119650,1334,聂原,2019-11-14 13:27:15,0,0,0,老师的课需要认真体会，不能仅看评价就先入为主
120175,1334,聂原,2019-11-18 03:00:18,2,2,0,好滴很
120238,1334,聂原,2019-11-25 04:37:08,-1,1,2,是一名非常好的老师，她有自己对法律的信仰，上课属于随和包容、氛围轻松型，期末论文好好写，给分会很满意，推荐~
121241,1334,聂原,2019-12-26 02:14:44,1,1,0,聂原老师上课和讨论问题都很认真啊，有人发言她会明显地很开心，很认真地了解你的观点，你卡壳了就会给你解围，真的很好，讲的哲学家的观点，引用得都很到位，我觉得能够有收获，不懂为什么骂得那么过分。。。。
123166,1334,聂原,2020-05-14 11:54:28,3,4,1,一言难尽。。。。又卡绩了，给个5分吧
123172,1334,聂原,2020-05-15 04:08:34,0,0,0,年龄的鸿沟难免有些观点不容，但也没按着人让接受，还是能学到些东西的
123235,1334,聂原,2020-05-23 01:50:10,0,0,0,无语，暂且不说老师的观点怎样，我是真的不知道老师给分准则是怎么一回事
128108,1334,聂原,2020-12-07 12:42:34,2,2,0,授课启发性不强，水平不如古希腊罗马哲学通核的助教。
128193,1334,聂原,2020-12-12 03:00:49,16,17,1,很喜欢之前的同学说的，空有热情是不够的，会更显得知识储备的匮乏。对外国法制史及思想有了解的同学，真心不建议选聂原老师的课。你的水平已经很高了，这门课基本上就是些二手材料。\n\n\n\n另外，聂原老师上课有说到，因为疫情期间和某个同学发生争执，导致她的课被停了。班上的女生为此愤愤不平。那名同学的名字也被聂原老师说了出来，略带人身攻击性质地说，这种名字一看，就与dang如何如何。我当时没有意识到，这是她说话风格。\n\n\n\n我在课间提问，“我认为不是天赋人权，而是社会契约赋予权利”。她会问名字，然后在课间用非常愤青的方式攻击。这种攻击要延续到上课时间，展示给所有同学看（我恐惧这种事后跟别的同学谈论，伺机报复的老师，所以当发现她态度不对劲时我一言不发。即便是我一言不发，她也不会停嘴）。最后的收尾，是拉拢所有的同学，“大家都听懂了，就你没听懂”。\n\n\n\n说实话，这次被攻击后。我对她的话，以及她的人品能串在一起了。（我的名字很特殊，跟植物关系特别深，以后如果各位上课听到我的名字，请高抬贵手。我真的没有和她争执）\n\n\n\n优雅有余，质量不足。
128226,1334,聂原,2020-12-14 08:24:12,5,7,2,冬学期选的西方法律思想史，不知道以前是怎么样，但是现在是每周都有思考题的作业，而且作业形式不要求，字数不规定，有些人直接把发言稿写成了标准论文格式，这是在鼓励恶竞吗？而且每周一篇论文的任务，的确太重了，奉劝后来的选课同学仔细考虑。讨论课十分尴尬，尴尬到脚趾抠地。其次，老师可能有些偏执的倾向，极其愤青，会因为投影的幕布大发雷霆，来回翻扯幕布，最后搞得很皱，然后在被幕布遮住的黑板上写字。写给空气看吗？真的难以理解，作为老师在讲台上肆意地发泄廉价且不值得的愤怒，这种愤怒真是令人觉得荒唐和奇葩。而且课程已过一个月，仍未公布考核方式和给分标准，请问是想干什么？
128313,1334,聂原,2020-12-18 03:07:27,0,1,1,老师说，中国的教育缺乏对生命的关怀，缺乏对动物和底层的同理心，深有同感。这才是我期待的研究生课程
130969,1334,聂原,2021-01-25 12:23:21,7,8,1,只能给聂老师打6分，我觉得老师是很有情怀的，但是授课能力实在有所欠缺，磕磕绊绊太不连贯了。按理来说这门课开了这么多年，给不同的班讲的同样的东西，内容也是重复的，应该非常熟练了才对。
132032,1334,聂原,2021-01-30 03:38:09,5,5,0,对课程的期待和授课有差距…每堂课别名名人名言介绍会和重复两遍智云课堂记录大会，笔记记完后觉得并没有很大价值。做了两次讨论题作业，期末是一篇论文，课程负担还是可以的，给分也可以…对课程期待高慎选吧
132145,1334,聂原,2021-01-30 13:16:18,-9,1,10,老师人很好，很善良，就是西法史的内容有点枯燥，老师讲课确实不是很好，所以上课听着有点不舒服；但是没有楼上说的这么夸张吧。老师会因为椅子有声音而站着讲课，来的人少签完到了也不为难学生，给的分也还行。给8分吧
134411,1334,聂原,2021-03-27 08:00:26,17,17,0,1.偏激，看似允许讨论，但是一定要你接受她的观点，只要你不同意她的说法，不满全部写在脸上\n\n2.没水平，20年了还是讲师，论文就三篇，就算数量不能说明学术水平，但这三篇根本平平无奇，还有一篇第一作者还是夏老师，上课就念十多年前写的论文，不信的同学可以去下载下来看看那篇自然法的论文\n\n3.学不到东西，建议自己看书\n\n4.会有小作业，探讨什么是人性，人的本质，人的本能，几十年不变，最后大作业要求一直不公布，称自己也不知道，需要思考\n\n总结:建议退选，浪费时间
134568,1334,聂原,2021-04-02 03:31:16,4,4,0,课间放歌震耳欲聋，吵死\n\n这种每个人都有不同喜好的东西被强行灌输就很不爽 影响心情
134810,1334,聂原,2021-04-16 02:07:23,7,8,1,水平也太差了吧…讲话磕磕绊绊 理论功底不扎实 还喜欢课间放歌（放过我的耳朵吧）
134844,1334,聂原,2021-04-18 13:46:21,3,4,1,每次用交作业形式签到，讲课像传jiao似的，还不许人反驳，真是够了
135599,1334,聂原,2021-05-16 12:30:53,3,3,0,真的孽缘啊\n\n期末4000字的论文写的真是痛苦啊
145713,1334,聂原,2021-12-31 12:20:15,3,4,1,不点名是真的，学不到东西也是真的。
159141,1334,聂原,2022-07-06 16:19:27,3,6,3,建议老师不要点名，不要来事，不要有作业，平时睁一只眼闭一只眼，不要考试，随便交个作业就结课，成绩呢当然最好个个满绩，这样学生开心，老师省心，大家都舒心。现在的学生已经不像学生了，又何必对老师这么多的要求呢
168828,1334,聂原,2023-02-22 14:19:40,-3,2,5,老师人很好。
178772,1334,聂原,2023-07-22 07:17:32,-1,1,2,哪里都有乌七八糟的评论，留点口德吧
181800,1334,聂原,2023-11-01 05:01:51,2,3,1,这个老师真的很理想主义…令人作呕的那种。\n\n\n\n另外是一个非常敏感的女愤青…慎选
181816,1334,聂原,2023-11-01 14:19:47,5,5,0,情绪稳定是一种美好的品德
181942,1334,聂原,2023-11-06 05:37:28,7,7,0,别把自己对生活不满的情绪都宣泄在学生的身上
181944,1334,聂原,2023-11-06 05:56:01,5,5,0,我只能说选这门课的赶紧跑跑跑，动辄对学生发火情绪极其不稳定，上课同样的内容颠来倒去说不清楚，离谱程度堪比因为左脚踏进办公室被开掉🌹
181945,1334,聂原,2023-11-06 06:38:08,3,3,0,非常差
182009,1334,聂原,2023-11-08 03:17:28,3,3,0,学术观念不同 也没必要诋毁学院其他老师吧…
190250,1334,聂原,2024-02-26 12:48:05,1,3,2,能不选就不选，女愤青浪费大家时间，变相点名，给分极差
200022,1334,聂原,2024-10-11 07:49:03,1,1,0,老师声音大的我内脏都在颤抖，上课无疑是对骨膜的摧残
201132,1334,聂原,2024-10-29 07:21:56,1,1,0,旧社会的孽缘
201133,1334,聂原,2024-10-29 07:24:19,1,1,0,上课太吵
205653,1334,聂原,2024-12-11 00:54:34,5,5,0,老师的知识点很零散且不成体系，但是并不难看出主要来源是各种鸡汤文和短视频；老师的常识有些欠缺，比如不知道宋襄公，分不清马丁路德和马丁路德金；老师的情绪容易无端激动，有时候突然就歇斯底里，然后愤然表示自己太累了无法继续讲课；老师的语流磕磕巴巴，一句话没有讲完就跳到另一句的情况大约占40%。\n\n总之对于老师的水平和光华法学院的匹配度问题，本人表示不解。但是看了老师的职称仍然是讲师后释然了。\n\nP S：老师对自己辛勤工作了20年的光华法学院极端鄙夷，认为不过是个职业技术学院。那本人姑且推测：老师将我们当作职高生，故而才讲的那么稀巴烂。\n\n总之：给聂老师打5分，对其他被打5分的老师，是不公平、不公正、不公允的。
758,1456,李华,2015-03-16 10:26:18,18,20,2,讲课很有意思，但是给分比较一般。
767,1456,李华,2015-03-16 16:47:10,40,56,16,讲得很清楚，上课也会分享很多案例，说话不紧不慢，有一种娓娓道来的感觉。记忆中一直是笑着讲话的，反正我觉得一点都不枯燥！
3934,1456,李华,2015-06-17 10:24:40,0,5,5,完全按课本
5754,1456,李华,2015-07-09 08:45:14,7,13,6,课还好，就是给分……
10037,1456,李华,2015-11-14 15:15:17,18,22,4,强推非法学专业的人来上犯罪学当个性学分。老师讲得很好，给分也棒。当初本来和室友一起选的，结果发现是考试的，室友就打退堂鼓退课了，我坚毅的继续来上。
10430,1456,李华,2015-11-18 15:24:40,26,32,6,李华奶奶讲课超和蔼\n\n见过李老师你就知道为什么有人说：女律师年纪越大越有魅力与气质
13408,1456,李华,2015-12-28 01:52:27,-10,8,18,PPT基本是课本摘要，讲课太慢反复几句话，不如看书
20572,1456,李华,2016-01-28 13:20:51,6,10,4,讲课很好的，给分让我吃惊
20576,1456,李华,2016-01-28 14:02:11,2,4,2,课很有意思~给分还可以吧
20577,1456,李华,2016-01-28 14:29:44,-2,0,2,可以吧
20592,1456,李华,2018-12-27 01:50:34,5,8,3,老师课讲的很好，就是给分简直了（泪流满面
20604,1456,李华,2016-01-29 02:23:18,0,3,3,挺有意思的-其实给分也还好
20778,1456,李华,2016-01-31 10:30:27,-2,0,2,还行吧
20804,1456,李华,2016-02-01 02:42:23,4,6,2,讲课不错，有节奏。有干货也有帮助理解的段子。不过给分的话貌似考多少给多少，还是多花心思吧。
25327,1456,李华,2016-05-15 03:10:02,0,1,1,我喜欢老师的讲课方式
38519,1456,李华,2016-12-07 13:20:37,1,4,3,讲得好
39488,1456,李华,2016-12-23 05:56:23,2,5,3,喜欢，讲得通俗易懂，笑眯眯的，很和蔼，又有气质
44540,1456,李华,2017-01-18 02:41:34,2,6,4,课讲的真的挺好，可是给分想哭，我复习了两周的刑总啊……
44552,1456,李华,2017-01-18 02:50:04,4,5,1,我觉得给分挺好的，平时写一个案例分析，期末试题比司考题简单。
44625,1456,李华,2017-01-18 04:47:43,3,5,2,老师真的很好，给分就看成绩吧，试卷我觉得还是挺难的，考的很细，都是我没记住
44660,1456,李华,2017-01-18 05:39:57,6,8,2,讲得很详细 老师注重实务 办过的案子都已经渗入骨髓了 所以案例真的是信手拈来 成绩就看考试成绩 不掺水 我觉得很好 付出和回报成正比
45549,1456,李华,2019-01-06 07:27:38,5,7,2,老师讲得超级棒！给分与付出成正比！开心！
49308,1456,李华,2017-04-05 01:36:45,1,23,22,修的犯罪学当个性学分，上了不到一半的课有两件事很不舒服。一个是老师讲乌鲁木齐打砸抢烧事件的时候着重描述民族间仇恨，课上一个亲历者站起来指出这是一次不分民族的暴力事件。第二是讲某件事是否应被允许和是否具有社会危害性的关系时，用同性恋做例子。这些都是老师无意间举的小例子，但细想让人很难过。
57503,1456,李华,2017-12-23 06:40:33,-1,0,1,果然付出和给分成正比，犯罪学自己学得很水很水，和刑总比起来差一些，但是好在犯罪学考得简单。老师依然上课讲很多案例，虽然很多都是刑总上讲过的哈哈哈但还是很棒啦
76407,1456,李华,2018-04-08 02:48:10,7,14,7,希望老师了解一下 同性恋不是精神疾病
83015,1456,李华,2018-07-09 13:15:48,2,3,1,我恨..........................暴哭
83028,1456,李华,2018-07-09 13:45:46,4,6,2,分数出来一脸懵逼，每次签到都到了，展示基本是我一个人做的，上课也有回答问题，最后3.6，难道我论文写得有这么差？？？丧失信心了
83030,1456,李华,2018-07-09 13:47:25,1,2,1,给分emmmm没有自我感觉的好，毕竟做了展示，论文认真写了又改，每次上课也都到了，唉:-(
85832,1456,李华,2018-08-20 04:43:18,1,2,1,老师上课很有意思收获很多，虽然给分不是特别好...老师特别和蔼，会分享一些办案经历
92359,1456,李华,2018-12-28 03:47:18,-4,3,7,给分应该是直接按照试卷得分来的，不进行调分，所以普遍分数都不好\n\n\n\n吐槽:开卷考试不能查手机，但是好多同学都用手机查…虽然是作弊，但是老师也不会管…\n\n\n\n期中考完才知道好多课都是这样，老师不管用手机作弊…\n\n\n\n所以今后大家不要装清高，考试还是要用手机
99301,1456,李华,2019-01-24 14:24:48,0,5,5,工程力学的李华老师实在是太好了！！！
103590,1456,李华,2019-03-02 02:28:35,0,2,2,老师讲的案例都很生动有趣，不枯燥。
108572,1456,李华,2019-05-29 01:30:06,0,1,1,我就只想打个分不想评价啊啊啊啊
111236,1456,李华,2019-07-05 10:33:17,1,9,8,恶心老师
111258,1456,李华,2019-06-30 21:10:42,1,4,3,如果有零分
111265,1456,李华,2019-06-30 22:59:42,-1,4,5,不错的老师，考试不难。
111274,1456,李华,2019-06-30 23:45:17,0,0,0,
111316,1456,李华,2019-07-01 02:23:14,-2,6,8,大爱李华老师，特别干练的法学老师。这节课只要上课好好听记好笔记，考试不难，这样绩点挺好的，我觉得很适合外专业拿来当个性
111328,1456,李华,2019-07-01 02:56:45,3,5,2,给个7分，平时课程比较水，听听理论和案例也挺有意思。考试不难，因为时间不够没有平时作业和展示，估计没有调分，考了多少就给多少，所以大家对分数不是很满意。因为不了解别人的分数，我自己得分就很一般，也许适合外专业修个性，但本专业没有特别优势，给分也一般吧。
133190,1456,李华,2021-02-15 14:24:48,10,13,3,刑法分论。讲课鬼扯，祖传的二十年的四要件PPT，考试四十分选择题都是背法条（甚至会考哪些罪可以是单位犯罪），太无语了！
139366,1456,李华,2021-07-14 19:37:37,1,3,2,老师人挺好，期末考试偏近法考类型，平常没有准备过期末有点难顶。被卡绩了……不过依然感谢老师
140599,1456,李华,2021-09-14 06:29:23,0,1,1,。。。
141292,1456,李华,2021-09-29 00:15:15,-1,0,1,超级好
142033,1456,李华,2021-11-04 07:44:08,1,2,1,信息量难以支撑28课时，期间各种话题出现重复有3遍
143552,1456,李华,2021-11-26 11:15:21,2,2,0,老师，麻烦你备一下课
147893,1456,李华,2022-01-11 06:02:41,11,11,0,9命呐！2022.1.11 考物权法的时候李华老师和其他监考老师（章程、章剑生老师、季涛）唠了2个小时的嗑，真的是不停的讲话！注意了家人们，下次考试如果看到是李华监考的坐在前面的同学一定要记得换位子到最后去，不然你会被她吵死，因为她实在是太能说了！！！别问我是怎么知道的，不说了，要落泪了！！！
147900,1456,李华,2022-01-11 06:21:18,5,6,1,没上过她的课 但是一场民法（物权法）的考试让我记住了她 我这辈子都忘不了她了 有个老师叫李华 没人比她会说话 一说再也停不下 且看物权何时挂😭😭😭
149967,1456,李华,2022-01-18 05:46:52,2,5,3,在考试上，完全不考虑学生的感受，老师您以为不合理的考试方式能检验出学生的真实水平吗？和隔壁班徐万龙老师比，我们班的均绩估计差了1分吧\n\n也建议您改进一下教学方式，不要老是讲故事，花些精力在体系构建上，否则这对于法学生的基础教育是一种莫大的摧残
159189,1456,李华,2022-07-07 14:38:42,-4,4,8,发现查老师就是个泄愤的好地方，匿名就可以不做个人了
163871,1456,李华,2022-12-16 10:21:19,2,3,1,每节课都去，你敢信期末就给了60分
167195,1456,李华,2023-01-15 05:12:59,5,6,1,有点震惊前辈们的评价，我上完犯罪学之后觉得李华奶奶真的超级好，讲课也很有意思，期末给分也不差（外专业满足.jpg）...可能，见仁见智？
167849,1456,李华,2023-01-19 12:46:26,-1,0,1,刑总真的上得好烂
169608,1456,李华,2023-02-27 06:07:05,-1,1,2,感觉让我拿个稿子上去念都比她上的好
173270,1456,李华,2023-05-17 09:00:30,-4,2,6,。。。不好评价 十年前传统公知思维 遇事先反思
177813,1456,李华,2023-07-05 02:40:34,-3,1,4,犯罪学，我只能hhhhh\n\n终于滚了，老壁灯
182956,1456,李华,2023-11-21 08:14:43,5,5,0,上过李华老师的犯罪学，对刑事司法的理解才会是完整的。只站在受害者或司法机关的角度看待犯罪非常有害，缺乏同理和共情，会导致刑事司法成为不公社会对社会弃儿的迫害工具。老师在这门课上讲了贫穷匮乏与不公的成长环境对犯罪人性格和行为的扭曲，也讲了老师自己的同学经体制大染缸的淘洗，是如何从意气风发的理想青年成为职务犯罪阶下囚…\n\n不公的社会或环境诱导或迫使其成员走上犯罪道路，还要严厉惩罚其反社会行为，本质上是社会对其成员的两次迫害。
189934,1456,李华,2024-02-03 04:41:47,2,2,0,犯罪学有趣的，课程压力不大，也有一定收获
197636,1456,李华,2024-07-23 04:50:24,0,0,0,打call\n\n8分
3080,1473,王钰,2015-05-13 12:46:28,4,7,3,非常不好。
6129,1473,王钰,2015-07-11 05:48:30,5,6,1,上课超无聊。。。读PPT
17374,1473,王钰,2016-01-20 06:48:40,3,4,1,还不错
103858,1473,王钰,2019-03-06 11:36:06,17,19,2,高艳东老师上课立足案例，章程老师上课注重逻辑，而王钰老师上课依靠PPT。
103948,1473,王钰,2019-03-08 00:46:15,8,9,1,第一节课 没点名 念PPT 相当无聊了。。。
103964,1473,王钰,2019-03-08 03:47:43,9,9,0,我喜欢第一节来代课的老师。我不要听什么德派日派法学僧之间权利的明争暗夺吧啦吧啦的，我要听案例嘤嘤嘤。没有案例的法学是没有灵魂的，
104436,1473,王钰,2019-03-20 12:36:44,8,11,3,认真听的话还是蛮有意思的。老师很温柔
109075,1473,王钰,2019-06-07 10:22:29,-1,4,5,留学留傻了的典型
109353,1473,王钰,2019-06-13 08:09:41,5,5,0,可以看出老师是有水平的老师，但是光自己懂不行啊也要让我们懂啊！！你以为念个PPT我们就能懂了？？还要和李博士一起出卷嘤嘤嘤(ಥ_ಥ)
112971,1473,王钰,2019-07-05 23:20:19,-5,0,5,是我的问题吧上课容易走神一走还走三四节课
112991,1473,王钰,2019-07-05 17:17:50,-4,2,6,试卷难，给分没有想象的好。
113048,1473,王钰,2019-07-05 21:30:41,-9,2,11,给我的分出奇的低，无4，真的好低。。呜呜没有他这次均? 就有4.5了。。老师人是可以的，但讲课的话，真的比较一般。只点过一次名，而且内容也不多，就一次案例展示或者案例分析论文＋一次考试。还是比较轻松的，但真的要小心温水煮青蛙，如果想要学好，需要课后补充很多东西，我就没有，所以。。唉只能怪自己，老师或许也尽力了。
113100,1473,王钰,2019-07-05 23:22:26,2,4,2,老师虽然课上的一般，但是事少给分好！
113146,1473,王钰,2019-07-06 00:21:17,1,3,2,给分巨好 事情少 但是上课是有点无聊
113214,1473,王钰,2019-07-06 01:44:44,2,3,1,老师很温柔，乐于解答。
113335,1473,王钰,2019-07-06 07:44:14,3,4,1,老师的上课方式许多人耐受不良，但不能否认她是一个本身水平很高而且温柔耐心的老师
113457,1473,王钰,2019-07-06 17:34:24,1,2,1,上的老师的刑法（上）辅修课\n\n居然拿满了 十分开心 课不点名可以水的\n\n平时作业是只要报名展示就会满了\n\n期末开卷 要好好复习 难度还是很大的\n\n考完怀疑人生 但是老师和助教给分巨好hhh\n\n老师上课讲课可能略平淡 但是还是收获很多~
120948,1473,王钰,2020-01-19 01:21:08,-1,5,6,她给了我满绩，那我也给她满分。
121077,1473,王钰,2020-01-19 12:58:45,0,1,1,不点名，特别温柔，耐心解答所有问题，给分超级好，这样的老师当然10分啊。
1326,1558,石毕凡,2015-03-22 00:05:07,-19,9,28,给分绝对没的说！！讲课也很好！
3560,1558,石毕凡,2017-01-19 04:44:48,-6,13,19,老师很可爱，也很平易近人。
6027,1558,石毕凡,2017-01-19 04:44:57,-8,11,19,上课很轻松，比较有节奏感，讲解的知识也很简单易懂。作为法盲都表示能懂能理解。给好评。讨论课气氛很活跃
6173,1558,石毕凡,2017-01-19 04:45:02,-15,6,21,老师很棒！讲到深入浅出！给分也好
6844,1558,石毕凡,2017-01-19 04:45:57,-16,7,23,超喜欢石神！
7123,1558,石毕凡,2017-01-19 04:46:08,-17,7,24,给分很好啊 讲课也不错
13255,1558,石毕凡,2015-12-25 17:14:44,33,38,5,同一个意思的内容能反反复复说三遍，课超级水，感觉没好好准备过…和法学院别的老师比还是差了一截的。
13409,1558,石毕凡,2015-12-28 01:54:13,36,47,11,应该不是科班出身，没有理论，两个案例用了一学期，有种不务正业的感觉
18106,1558,石毕凡,2016-01-21 07:46:47,-16,6,22,给分好！
18128,1558,石毕凡,2016-01-21 08:02:49,-18,4,22,很负责的老师，最喜欢助教们！超棒！
18197,1558,石毕凡,2016-01-21 09:12:32,23,29,6,讲课是真没重点，想学点什么还是别选他了，曾经还有一个优点那就是给分好，如今这个优点都没了，平时分规则混乱，想加就加，但最后又不给你加。
31423,1558,石毕凡,2017-01-19 04:46:19,-26,5,31,给分非常好，法理学本身的抽象性让课堂不是很容易理解，有些哲学历史底子听比较好。关键是课堂发言环节认识了挺多不同的人，很有意思哒
32585,1558,石毕凡,2016-07-08 02:24:04,-6,8,14,上课不咋样 没啥专业知识 讨论课每周都有 组织的不错 给分真的好！ 助教姐姐很可爱
38697,1558,石毕凡,2016-12-15 04:03:10,31,33,2,超级不专业 上课就是扯 可是有时候连扯都撑不到两节课\n\n
39457,1558,石毕凡,2016-12-23 02:05:43,30,34,4,我:石毕凡讲课是什么样的？我忘了\n\n室友:泸州二奶案^_^\n\n
40201,1558,石毕凡,2016-12-30 02:30:20,-13,3,16,好好好
45139,1558,石毕凡,2019-09-11 02:26:46,-44,7,51,老师还是很好的，认真听还是有收获的\n\n期末考试前也会给一些提示，考试也不难\n\n我不是法学的，只是大一的一个渣渣，法方，老师也给了我3.9的绩点，谢谢老师
45140,1558,石毕凡,2017-01-19 04:43:33,40,50,10,说石壁烦给分好？我真呵呵了！平时分瞎搞，我每次都认真完成作业你给这成绩我服。讲课还真不咋地，我也懒得再说下去
45146,1558,石毕凡,2017-01-19 04:59:22,10,13,3,给分差
45152,1558,石毕凡,2017-01-19 05:05:10,26,29,3,水平比较有限，上课会重复讲同样的东西。没有觉得给分好，很一般，出分太快感到怀疑。唯一就是，老师本人比较和蔼吧。
45315,1558,石毕凡,2017-01-19 10:04:46,-15,4,19,很棒的老师，上了他一年的课，好评。
45317,1558,石毕凡,2017-01-19 10:08:50,19,21,2,作为一个理性的法律人，看完成绩的我简直是义愤填膺，简直了！这评分机制简直没谁了，就像大小前提的不对应一样，认真上课复习作业不能对应正常的成绩，如此无理性的制度，亏你还是个法理学老师，我看不如回家种菜去颐养天年。
48972,1558,石毕凡,2017-03-20 02:06:43,11,12,1,讲得差，乱打分，扣分给不出理由
51348,1558,石毕凡,2017-06-01 09:47:32,9,11,2,这老师神他妈拖，讲的特别垃圾，还一个劲忽悠，浪费时间，别选，选了后悔
51473,1558,石毕凡,2017-06-06 07:02:46,26,30,4,给她女儿投了快一个学期的票....和舍友吐槽大家都说可以去举报他.....讲课不好没啥水准给分也是任性，自己U盘啊茶叶啊落在教室谁帮他拿有平时分加分哦～啧啧啧.....十分爱拖堂每节课必拖，只能看他在上面自说自话.....当然我最讨厌他的就是太能装了.....（纯属个人感觉，没啥别的意思）原来还有优点吧，给分不错、作业少、也不点名，现在变性了……偶尔点点名、每周一次报告、给分也变差了……真怕以后都没有人选他课....唯一好点的地方……助教哥哥人不错（我觉得助教哥哥跟着他也是很惨了orz） 再对比一下隔壁王帅哥....单看颜值就很满足了～只怪当初自己脑子进了?选了“石神”～
52038,1558,石毕凡,2017-06-14 09:24:04,9,11,2,任务繁多 评分机制混乱
52190,1558,石毕凡,2017-06-15 16:03:20,-17,5,22,石神讲的很好?
52222,1558,石毕凡,2017-06-16 05:21:38,-4,14,18,老师其实很可爱的，法方前半学期上课会觉得云里雾里，但是只要习惯了他的讲课方式会发现还是能学到东西的...客观来说听课体验不能算特别好，但也绝没有差到哪里去。而且这门课是法学院为数不多付出少于绩点回报的好吗！老师还会跟大家交流一些自己对时事的看法啊生活感悟什么的，是真的把同学们当朋友。
55994,1558,石毕凡,2017-07-03 01:30:47,8,9,1,给分好，但是付出多和付出少的人拿一样的分也是不开心啊
56018,1558,石毕凡,2017-07-03 02:39:13,10,11,1,烂的让人难以置信 这可是浙大的老师啊！
56025,1558,石毕凡,2017-07-03 02:55:14,-4,4,8,虽然平时作业多，但考试内容大多是平时讨论的材料，让同学们参与讨论获得更多知识，给分真心好，有史以来最高绩点
56034,1558,石毕凡,2017-07-03 03:09:00,1,7,6,不想多说，给分实在是好。别的要求不敢更多，详见那些长评论
56185,1558,石毕凡,2017-07-03 08:00:05,-4,3,7,给分挺好，就是这学期开始每周都有作业，讲课还可以，老师人还是挺和蔼的。
59429,1558,石毕凡,2017-09-21 09:31:13,12,12,0,洞房花烛夜是做给别人看的\n\n我：？？？？
59620,1558,石毕凡,2017-09-25 03:09:52,-5,3,8,老师上课还行的，没有那么深，本科生较易懂一点，法理学给分好
68287,1558,石毕凡,2018-01-23 06:02:12,-7,2,9,好好好
69192,1558,石毕凡,2018-01-24 09:51:33,4,4,0,先说不好的吧，上课想认真听一下也很痛苦，ppt逻辑不清晰，主要收获在于每周一篇发言稿认真看了很多东西认真写了。好处就是给分还行，助教很好，老师比较和蔼。。。
69420,1558,石毕凡,2018-01-24 15:36:32,-16,0,16,石老师给分好!
70213,1558,石毕凡,2018-01-26 08:50:24,-10,3,13,人好，就是喜欢吹¯\_(ツ)_/¯\n\n不是学术性的老师，上课理论性没那么强，喜欢闲扯\n\n给分看大家说的还可以吧，看自己的期望值咯……估计大家都满了吧，4.2菜鸡瑟瑟发抖\n\n————\n\n哦，忘说了，二奶遗赠案和延安黄片案一定要好好看，祝大家满?
73501,1558,石毕凡,2018-02-01 20:18:25,19,19,0,回来看看这个渣渣评分这么烂我就放心了，还想和学生乱搞，不知这几年有没有收敛点。浙大法学院老师水平，相当一部分不敢恭维，也包括他。
74140,1558,石毕凡,2018-02-05 15:26:04,8,9,1,上课体验是真的差，给分玄学，不如多刷脸吧，完全不知道什么评分标准，总体而言给分还行吧
75514,1558,石毕凡,2018-03-13 01:49:46,6,6,0,?微笑
75590,1558,石毕凡,2018-03-13 15:33:04,-23,2,25,石老师很棒
75842,1558,石毕凡,2018-03-20 00:25:38,5,6,1,无聊，，，，
76270,1558,石毕凡,2018-04-01 09:46:05,21,21,0,看洞穴奇案看到恶心
76562,1558,石毕凡,2018-07-13 16:59:24,62,68,6,老师比我弱系列
80375,1558,石毕凡,2018-06-26 00:31:56,10,12,2,上课没什么真材实料，不知道他在讲什么，听不到他脑子里的法理逻辑，一天到晚拿着成绩威胁我们
84495,1558,石毕凡,2018-07-13 04:00:21,-27,1,28,虽然老师烂 但是给分好好啊啊啊啊吹爆！
84502,1558,石毕凡,2018-07-13 04:09:24,24,26,2,辣鸡  卷子都答出来了 80分  平时不喜欢发言怎么了？？？？？
84522,1558,石毕凡,2018-07-13 04:54:31,20,21,1,这给分是看什么…真的看脸吗？？完全不知为什么给这么差
84526,1558,石毕凡,2018-07-13 05:22:17,15,15,0,求求你们退课叭
87071,1558,石毕凡,2018-09-20 06:46:51,20,21,1,这是一个亲口说，脸熟可以加分，可以有感情分的好老师。我先退为敬
87431,1558,石毕凡,2018-09-29 02:09:03,9,10,1,水平有限，玄而迷茫。
87973,1558,石毕凡,2018-10-25 10:43:05,6,7,1,…………
90052,1558,石毕凡,2018-11-22 03:20:50,1,3,2,………………
91068,1558,石毕凡,2018-11-29 12:13:14,-15,2,17,去世了，我在写大物走到我旁边和我聊天？？。。但是突然觉得很可爱，决定给10分，哈哈哈哈？？。。
95873,1558,石毕凡,2019-01-20 07:10:48,-19,1,20,上课有点那个但是给分挺好的 谢谢老师
95930,1558,石毕凡,2019-01-20 08:35:35,13,13,0,无语...真的乱给分
95945,1558,石毕凡,2019-01-20 09:05:32,13,13,0,老师真的非常让人难以理解，上课水水过（我指的是老师上课水），老是迟到，没讲一会儿又让自己看书，成绩是那种能刷新绩点下线的，非常后悔我当初为什么不弃修，and口音奇怪，听着让人很难受，差评，法学辅修课为什么要这样对我们
95950,1558,石毕凡,2019-01-20 09:11:37,12,12,0,真的差吧 课差给分差
97314,1558,石毕凡,2019-01-22 08:03:48,8,9,1,讲课极差，给分极差，分数乱搞，服气了
98913,1558,石毕凡,2019-01-24 05:03:30,6,6,0,给分个人感觉一般吧，但这不是重点，本身辅修想学点东西，但他讲得又慢又浅，一学期的法理学感觉所有收获都是阅读得来的，跟课堂无关，实在有些失望
101062,1558,石毕凡,2019-01-27 11:20:32,-7,3,10,给分超好！！！
101074,1558,石毕凡,2019-01-27 12:15:06,6,6,0,和隔壁给分差不多，但是作业可比隔壁多，而且涛哥人比他好多了：）
101298,1558,石毕凡,2019-01-28 03:48:13,34,35,1,真是醉了，刷新了我对大学老师的下线。首先上课，几乎每次都迟到，理由都是堵车，我就想问了，一次堵车两次堵车，第三次就不能预计到高峰提前一点出发吗？真的没把上课当一回事，觉得学生好糊弄吧。第二，上课贼烂，就照着ppt念，而ppt又是跟课本一毛一样的，偶尔准备一个案例，就让学生发言，你理论都没有讲透，你觉得学生能发出什么言来？然后就开始用“发言的平时分加10分”来怂恿大家，结果，根本只是说说的。他这种互动的平时分加几分的话几乎每节课都要说，但是根本不记学生名字。甚至自己参加学院的篮球比赛，还在群里让学生都去给他加油，甚至说来的平时分加10分。我真是醉了，这也算是法学院的老师？起码的言出必行都做不到。第三，因为课上的太烂，而且从不点名，所以到后来教室里上课的学生只有一半左右，他明知道很多人没来上课，却只是说这是他们的损失，依旧不点名，那你让我们这些每节课都来上的学生情何以堪？到课也是平时分的一部分，而且按理说多次旷课就不能参加考试，到了他这里，一点规则都没有了，可以想见他最后给分是怎么给的，所有的课堂参与，到课情况都没有记录，你特么给分除了乱给还能怎样？
102139,1558,石毕凡,2019-01-30 16:07:35,-7,0,7,还可以  不干
105960,1558,石毕凡,2019-04-23 14:29:18,6,6,0,老师水平怎么样一直也有定论了....现在还摊上了水平低的离谱的助教...
109031,1558,石毕凡,2019-06-06 03:59:04,17,17,0,每节课课间自己不去接水 必须要让同学去帮他接水… 无语
109589,1558,石毕凡,2019-06-17 09:00:07,4,4,0,不?️
113225,1558,石毕凡,2019-07-06 02:13:15,5,5,0,给分前想给他一分，给分后更想给一分? 为什么没有零分？
113342,1558,石毕凡,2019-07-06 08:58:34,-3,2,5,我只能说，老师和同学们关系融洽，尽力在讲，但是课堂真的没营养，很担心法理基础没打好怎么建构部门法体系，至于给分，想要水课高分的同学还是散了吧。
113385,1558,石毕凡,2019-07-06 13:40:51,22,23,1,确系我院教师学术水平、教学态度两合之低谷。较其学识更低的比他有热情，较其更敷衍的比他有学问。若自认善投机取巧，俯首逢迎，也欲求一高分，选此人未尝不可；否则切勿以身试法。lh、季师都是更好的选择。大致如此。
114970,1558,石毕凡,2019-07-13 09:19:27,5,8,3,这是我遇到唯一一个出成绩，群里都不会谢谢老师的老师！懂吧
117029,1558,石毕凡,2019-09-18 11:20:56,6,6,0,助教姐姐真好
121041,1558,石毕凡,2020-01-19 09:57:10,6,6,0,真的很差 学不到东西
121708,1558,石毕凡,2020-01-21 03:57:58,7,7,0,光有教学热情是不够的，上课乱讲一通，PPT做的内容是还不错，说好的刷脸能够高分也没有兑现。拿了法学专业课有史以来的最低分，真的是最不满意的老师了。
133982,1558,石毕凡,2021-03-11 07:14:20,5,5,0,忍不了了，上的太烂了
133984,1558,石毕凡,2021-03-11 07:32:14,9,10,1,真的太鸡儿垃圾了，对不起爆了粗口。本来也没打算来评价，因为水的老师也不只这一个。卷子基本都按点答上了分数比其他科目平均低了快20分，我不知道怎么给的分，脸呢？你要说你有水平出的卷子难我不会做我认了，张口就是是废话，究极混子还bb赖赖，吐了，体验极差。给三分真是手下留情了。
134079,1558,石毕凡,2021-03-15 07:29:11,4,4,0,就是垃圾
134171,1558,石毕凡,2021-03-18 01:41:22,4,4,0,煞笔老师
134554,1558,石毕凡,2021-04-01 08:16:00,5,6,1,大傻逼
136245,1558,石毕凡,2021-06-13 14:08:59,0,3,3,真的是浪费时间\n\n但好处是从来不点名
136840,1558,石毕凡,2021-06-25 12:49:29,4,4,0,快逃！
137037,1558,石毕凡,2021-06-30 02:46:43,22,22,0,给你打个鬼的高分。。你那么sb那么平凡却又那么自信，忍无可忍。。。
137605,1558,石毕凡,2021-07-05 09:11:33,21,22,1,为什么没有0分？你tm最后给分是用脚给的吧😅😅😅😅😅😅😅😅😅😅😅😅我背了这么久基本都答出来了凭什么给这么低😅😅后来者避雷 只能说希望再也没有人选他的课让学校反思一下是不是因为这样的老师还留在这里祸害学生才永远成不了top3 实在不明白我浙为什么要留这样的老师拉低学校水平
137608,1558,石毕凡,2021-07-05 09:20:29,9,9,0,无几把大雨
137622,1558,石毕凡,2021-07-05 10:14:49,10,10,0,煞笔老师，毁我青春
137628,1558,石毕凡,2021-07-05 10:40:40,19,20,1,帮老师倒水，看篮球赛就有加分哦
137722,1558,石毕凡,2021-07-05 23:08:58,9,10,1,快逃！傻逼老师！学不到东西给分差..快逃…..
137755,1558,石毕凡,2021-07-06 03:44:27,11,12,1,sb！
137783,1558,石毕凡,2021-07-06 06:22:46,9,10,1,本来以为给分好\n\n呵呵呵呵呵呵呵\n\nsbsbsbsbsbsb\n\n快逃！
137874,1558,石毕凡,2021-07-06 12:42:38,15,15,0,son of b*tch， f*ck u!
159194,1558,石毕凡,2022-07-07 15:20:12,-32,1,33,不能理解，给老师倒水怎么了，眼里只有分数吗，给分高就是好老师，给分低就是乱骂吗
171132,1558,石毕凡,2023-03-16 11:30:46,13,14,1,法学院的同学能不能不要跪舔这样的人，有点骨气行吗，舔他又不会给你打高分。。。。。
171600,1558,石毕凡,2023-03-30 00:53:16,12,12,0,不会自己倒水吗呵呵呵 每次拖课十几分钟
172429,1558,石毕凡,2023-04-27 01:20:47,10,10,0,建议以后自己都接水，天天让别人帮忙接，平时分考察很混乱
176974,1558,石毕凡,2023-07-01 02:27:19,7,8,1,不好意思 之前前见太大了 给分还不错
183932,1558,石毕凡,2023-12-04 04:07:48,6,6,0,原来课堂发言不要求言之有物展示观点，只要看起来像是在演讲就行了
183934,1558,石毕凡,2023-12-04 04:31:42,4,4,0,石某极尽所能恶心一个是一个
183936,1558,石毕凡,2023-12-04 05:15:21,12,13,1,性别歧视，课堂举例低俗，一讲到低俗淫秽的词汇就格外兴奋和激动，令人不适😅
184093,1558,石毕凡,2023-12-08 12:49:25,14,14,0,本来说的给脱稿pre的同学额外加分，结果没给脱稿同学加，给pre同学中唯一一个男同学加了，说因为他是男同学所以加。我惊了，大家都惊了。
184196,1558,石毕凡,2023-12-12 13:09:18,4,4,0,无语死了
191442,1558,石毕凡,2024-04-22 11:44:08,5,7,2,【法理学】有一说一，你如果想选讲得好的老师（或者是想学到东西的），可以换别的老师；但你要是追求事少分高的，或者是不太喜欢法理的，亦或者是想水水过去的，选他是没有任何问题的（可以朵朵搜一搜）\n\n总体来说目前的评分有点低了，可能六七分差不多（或者说感觉不至于到其他平行班都有三十多个人的情况下他一个班只有十个人出头的地步）\n\n（别问，问就是一个班人太少了害得我根本翘不了一点（bushi）
193583,1558,石毕凡,2024-06-13 09:45:05,4,4,0,垃圾东西
197525,1558,石毕凡,2024-07-18 03:34:38,0,1,1,水平很有限，不如学生系列，讨论课组织的还可以，给分其实还可以
210790,1558,石毕凡,2025-01-10 03:07:35,1,1,0,纯背刺流，恶心死了，事多给分差
210792,1558,石毕凡,2025-01-10 03:10:39,-1,0,1,中规中矩吧
216685,1558,石毕凡,2025-03-27 08:29:50,1,1,0,太傻逼了，法学院乃至全浙大最傻逼最恶心最恶臭的老师，毫无学术水平，上课一路乱讲，喜欢折腾学生，事多品行烂，快逃快逃快逃
317,1584,陆飞华,2015-03-15 00:46:47,42,53,11,老师超有趣，讲课含金量很高！他的职规也是很好玩的J类课～
2734,1584,陆飞华,2015-05-06 10:23:54,0,3,3,有趣
21606,1584,陆飞华,2016-11-26 14:57:38,0,3,3,幽默风趣
21980,1584,陆飞华,2016-03-02 03:38:34,33,36,3,上课的时候在班群里发红包 抓玩儿手机的
22482,1584,陆飞华,2016-03-07 01:41:02,0,1,1,爽爽爽\n\n
26683,1584,陆飞华,2016-06-21 02:06:49,0,3,3,有收获 讲课很好很认真 给分也不错
31056,1584,陆飞华,2016-07-03 07:30:07,9,11,2,陆老师很有趣，布置的作业基本上有两个，职业生涯规划书和职业人物采访，还有许多互动和小组作业，最后交换礼物真的很暖心，给分也很好，只要好好做老师看得到的，分数也不会低，重要的是上完这门课对自己未来的职业规划会清晰很多。
31096,1584,陆飞华,2016-07-03 08:13:55,-7,3,10,老师很浮夸
35540,1584,陆飞华,2016-11-10 07:28:00,0,3,3,陆老师幽默风趣，平易近人，会分享他的生活以及他以前学生的经历给我们，课上干货也很多，认真听和思考真的能让你有更长远和清晰的职业规划
36036,1584,陆飞华,2016-11-10 10:31:15,2,4,2,老师人长得帅，上课还幽默，段子超多，经常会在群里发红包
36480,1584,陆飞华,2016-11-14 05:45:32,2,3,1,陆老师以前是辅导员，特别理解学生，上课也很好！
36859,1584,陆飞华,2016-11-16 09:06:11,5,6,1,男神！！给分好！！有趣！！
36885,1584,陆飞华,2016-11-16 10:56:21,7,8,1,上完了职规感觉怅然若失，请陆老师再开一些别的课，好嘛。(๑o̴̶̷̥᷅﹏o̴̶̷̥᷅๑)
39499,1584,陆飞华,2016-12-23 08:05:07,2,3,1,爱你么么哒\n\n
39521,1584,陆飞华,2016-12-23 13:02:10,-15,6,21,79，卡了分数。\n\n但是说实话，两次展示，一份要写很多页的职业规划书，一篇宣讲会感想说有加分也不知道加到哪里了，事情多，毕竟才半学期这么多事。上课按小组，变相点名吧算，至少我也没敢缺席。\n\n最后还有交换礼物，我换回来了一个淘宝价值几毛的东西呵呵哒。
43136,1584,陆飞华,2017-01-16 00:23:41,1,2,1,陆老师的作业真的让强迫症的我做到昏天黑地，但是老师的人还有课都超级有意思的！给分一分努力一分收获吧！
44719,1584,陆飞华,2017-01-18 06:56:41,3,4,1,老师人真的很好。其实事情真的不多了！给分也是能给高尽量给高了，正态老师也没有办法…总之很喜欢老师。
50546,1584,陆飞华,2017-05-03 11:29:49,1,1,0,作业量合适，给分好
50615,1584,陆飞华,2017-05-04 01:27:19,1,1,0,意想不到的高分\n\n
57577,1584,陆飞华,2017-07-10 03:22:32,3,3,0,老师很幽默很可爱 上课也挺好玩的 给分也是很好～
57747,1584,陆飞华,2017-07-13 20:51:19,4,4,0,老师真的很好 其实平时事情不算多 职规书写好就好了
63071,1584,陆飞华,2017-11-28 06:37:30,9,11,2,陆！老！师！的！课！很！有！意！思！是我上过的通识课中最有价值和意义的课程！上课时经常和学生互动，很关心学生......给分很好?作业就是两次展示加招聘会感想以及职业生涯规划书～
63080,1584,陆飞华,2017-11-28 07:55:56,3,3,0,老师上课干货很多，会提早一节课下课，给分超棒！
63088,1584,陆飞华,2017-11-28 08:24:55,-10,2,12,很无聊，给分还行
78995,1584,陆飞华,2018-05-19 16:08:24,3,3,0,棒棒的
103359,1584,陆飞华,2019-02-27 12:52:00,3,3,0,真的非常有意思，上课的活动非常有趣，老师非常幽默，还发红包。第一次上课感觉非常棒，给您六星好评多的一颗星就是让您骄傲。
106872,1584,陆飞华,2019-04-30 06:04:46,0,1,1,非常好  老师幽默风趣
106873,1584,陆飞华,2019-04-30 06:07:17,0,1,1,太有意思了\n\n
106876,1584,陆飞华,2019-04-30 06:14:35,2,3,1,完全没有任何毛病，老师幽默事情少给分高，收获人生中第一个满绩~老师看起来好年轻，我才不信你居然是80年生的大叔哈哈哈哈?职规是春学期最开心的一节课，组里同学也不错~爱陆老师么么哒
106878,1584,陆飞华,2019-04-30 06:20:01,6,7,1,本来选职规想水水就完事的 结果补选被老师记住名字了 上课日常被关注 最后也是挺认真的学吧 是上大学以来不多有兴趣上的课 老师挺幽默 上课很有意思嗷 给分也不错 10分送上。
106879,1584,陆飞华,2019-04-30 06:32:29,-1,0,1,非常棒的老师鸭！！！上课有趣，事情相对而言已经很少了，老师幽默风趣，给分超好！墙裂推荐哇
106889,1584,陆飞华,2019-04-30 07:16:58,1,2,1,老师上课很幽默，很平易近人，会经常发红包嘻嘻嘻～两个小组展示和一个职业规划书，就这样拿到了我的满绩哈哈哈
106895,1584,陆飞华,2019-04-30 08:25:56,4,5,1,老师人超级风趣，课堂氛围也很好。第一节课的破冰就让我爱上了这门课。经常课上自黑，也会对小组展示提出意见和建议。抢红包决定次序，结课也会每人有红包。事情真的不多，2次展示，1份规划书，可以用一个学期来准备，成绩好坏完全看用心程度。小组合作形式也是这门课的亮点，小组6人情谊深厚！不点名，也不需要点名，那么有趣的课，谁会没事想翘课！结课时浓浓的师生情也是让人难忘的，可是听说老师不再开课了，老师本来就很忙，有时翘掉重要会议饭也不吃就来上课，老师多注意休息！爱您！！
106896,1584,陆飞华,2019-04-30 07:28:02,1,2,1,老师有点像小岳岳?上课有趣事情少，没事还会发红包 在这个课上遇到了最奈斯的小组组员
106899,1584,陆飞华,2019-04-30 07:35:21,-1,0,1,老师人很好。给分很赞
106902,1584,陆飞华,2019-04-30 07:48:18,-1,0,1,上课有趣，学期结束有红包，给分挺好的，，（但是.职规书字数没上限）
106917,1584,陆飞华,2019-04-30 08:28:41,3,4,1,很难受，职规书肝了两周，四五十页，还认认真真的写了课程感言，最后不过是个平均绩点。
106919,1584,陆飞华,2019-04-30 08:32:04,0,1,1,分高事少给分好\n\n绝对不水\n\n我满了
107668,1584,陆飞华,2019-05-08 06:02:40,0,1,1,感谢老师 再来刷个10分
120086,1584,陆飞华,2019-11-17 11:00:58,-1,0,1,挺精彩
120096,1584,陆飞华,2019-11-17 13:12:18,0,1,1,浙大最好老师之一
120182,1584,陆飞华,2019-11-18 03:51:26,-1,0,1,快乐，有意思
121487,1584,陆飞华,2019-12-15 10:47:50,0,1,1,非常ok
156933,1584,陆飞华,2022-06-21 11:01:39,0,1,1,太好了吧，老师已经不交海底捞了，直接捞到月球
158272,1584,陆飞华,2022-06-28 03:11:22,0,0,0,行策，不点名，没有作业，给分超好，多写多得，体谅学生，期末改卷满满的师生情谊
163794,1584,陆飞华,2022-12-16 06:16:23,0,1,1,行策，没作业，海底捞 忘记要不要点名了
178201,1584,陆飞华,2023-07-08 02:19:19,5,6,1,给分不好
194061,1584,陆飞华,2024-06-21 19:13:55,2,2,0,形策给分不好
194862,1584,陆飞华,2024-06-25 18:00:33,5,5,0,形策给分很差
195109,1584,陆飞华,2024-06-26 23:39:09,5,5,0,给分好烂
195888,1584,陆飞华,2024-06-30 14:17:37,2,2,0,背了三天，给分不算好
204236,1584,陆飞华,2024-11-25 04:21:52,5,5,0,职规明明事情贼多，没事找事，为什么都说他事少
212650,1584,陆飞华,2025-01-14 10:56:04,5,5,0,一般，没他自己说的好
212651,1584,陆飞华,2025-01-14 10:46:29,5,5,0,一般，给分真心不高
212702,1584,陆飞华,2025-01-14 13:46:58,2,2,0,给分特别一般
212967,1584,陆飞华,2025-01-15 11:06:03,3,3,0,给分一般嗷
213272,1584,陆飞华,2025-01-16 14:42:11,5,5,0,确实比预想的低好多，平时分给的比较严格
213530,1584,陆飞华,2025-01-18 05:35:14,3,3,0,给分真烂，还自吹自擂
214570,1584,陆飞华,2025-02-13 09:52:57,0,0,0,一般般
214884,1584,陆飞华,2025-02-19 00:55:07,2,2,0,给分不好
244,1625,林劲松,2015-03-14 17:49:01,39,45,6,老师人很好，平易近人的感觉，很有神，会笑。
4753,1625,林劲松,2015-06-27 10:48:41,5,5,0,听他的课非常有收获
10165,1625,林劲松,2015-11-17 05:21:44,5,6,1,很有意思
10261,1625,林劲松,2015-11-18 00:39:07,8,10,2,给分挺人道
26285,1625,林劲松,2016-06-16 14:41:58,29,29,0,浑身自带搞笑细胞，同学不笑自己笑。老师笑啊笑，上课就不累~老师有检察院工作经验，会讲很多真实案例，虽然挺沉重，但是这是一个搞笑的老师……反倒平常冷静心。
26520,1625,林劲松,2016-06-20 00:51:53,8,8,0,很喜欢这样的老师，上课很有趣，认真听一定有很多收获，虽然是辅修课但是真的好不舍，还想继续听老师讲课！
31350,1625,林劲松,2016-07-03 17:02:46,6,6,0,大家一定要上课好好听啊！\n\n
47768,1625,林劲松,2017-02-24 05:32:22,9,10,1,超喜欢！每次有刑事诉讼法的那天就会觉得上课超开心！
70549,1625,林劲松,2018-01-27 07:50:51,20,21,1,超可爱！松松，大眼睛瞪着真是太可爱了，上课讲的知识或许忘了段子够笑一年\n\n\n\n
70560,1625,林劲松,2018-01-27 08:16:10,13,15,2,老师真的超可爱哈哈，还有这个均分确实很准
81478,1625,林劲松,2018-07-05 07:40:27,52,52,0,“监狱里面条件很好的呀，跟大学生活也差不多”
85379,1625,林劲松,2018-07-17 10:02:41,7,7,0,老师特别可爱！！
85405,1625,林劲松,2018-07-17 11:58:34,17,17,0,老师讲课，逻辑清楚，重点突出，妙趣横生。强调的是刑诉法的大框架，也不纠缠于不重要的细节，并且对于法考的未来方向也有自己的理解；总之是个很可爱的老师！
85410,1625,林劲松,2018-07-17 12:35:35,8,9,1,每节课以提问的形式点几个名。这是我第一门法律相关的专业课，选来当个性分的。老师讲课非常有趣，穿插很多案例，强调要理解法条设立背后的原因，提倡大家多想多问，用实务来解释“为什么”;经常用举例的方法来展示刑诉的很多法条，在考试的时候也强调了“举例回答”。听老师的课特别特别有意思，很生动，我觉得最后考试的时候，单选题很多是根据老师的讲解回忆起来的，好好听课对我这个没有法学基础的同学来说真的是最重要的。
113892,1625,林劲松,2019-07-07 23:44:31,5,5,0,老师太可爱了真的是我周三的快乐源泉，真实的一开口我就想笑，一开始会因为老师独特的口音听不懂，后来习惯了就发现老师讲课其实贼清楚啊啊
114389,1625,林劲松,2019-07-10 00:36:06,4,5,1,老师超级活泼，复习PPT都能回忆起老师的样子? 老师会上课点名回答问题，考试不难，给分不错
124217,1625,林劲松,2020-06-28 09:26:18,-2,9,11,给分为什么这么差... 学生和你结仇了嘛
124220,1625,林劲松,2020-06-27 11:08:26,8,14,6,给分低到地心，怎么死的都不知道
139500,1625,林劲松,2021-07-16 15:04:21,7,8,1,老师讲课很好 给分绝好.....选他
146618,1625,林劲松,2022-01-18 09:16:53,5,9,4,证据法老师讲得很有意思，平时没有作业，考试是开卷形式，给分也不错，远超我的付出了，哈哈哈哈，大家选他
146978,1625,林劲松,2022-01-08 09:15:49,2,3,1,选了证据法，事情不多给分也好，但是会点名
147301,1625,林劲松,2022-01-09 12:28:22,7,8,1,证据法真的给分好吗…没有吧…
148021,1625,林劲松,2022-01-11 10:36:11,3,4,1,给分玄学，被杀了都不知道是为什么，慎选。
148401,1625,林劲松,2022-01-12 10:51:36,9,9,0,证据法：不在意绩点的同学可以随便选 平时上课和考试完全无关 事情极少 成绩很玄学
149867,1625,林劲松,2022-01-17 10:51:54,0,6,6,证据法。课程设置上来讲，民诉、行诉都能把证据和证明的内容讲了，为什么刑诉一定要专门开一门证据法的课？基本上是讲刑事证据法，完全没碰过行政证据法，民事证据法也只能很简单地介绍一下，稍微复杂的地方，比如举证时限的新旧规定交错，就可以体现出刑诉老师来讲民诉不太合适（何况我们这学期正在学民诉）。上课方式上来讲，老师一直在点名回答问题，仿佛故意拖时间一样，提问的语气也很差，同学回答不出来就说现在大学生只知道看电脑看手机。拜托，如果您讲课稍微好些，肯定会有人愿意理你的。至于考试和给分，都莫名其妙，基本不能反映同学投入的程度。
150361,1625,林劲松,2022-01-23 07:38:10,-17,5,22,证据法给分还行吧，可能对于门门满绩的dl来说确实低了点，林老师讲课也没有很无聊，我们全寝室都是4.5
151086,1625,林劲松,2022-02-23 02:12:44,2,5,3,林老师！超棒！
168169,1625,林劲松,2023-01-31 08:40:53,9,11,2,证据法 会点名 给分很迷 课比较水
183454,1625,林劲松,2023-11-26 11:55:00,6,6,0,爱松哥，特别务实的老师，他的课值得！
184060,1625,林劲松,2023-12-07 12:00:02,4,5,1,老师上课互动性好强啊哈哈哈哈
191519,1625,林劲松,2024-04-24 07:17:30,-8,1,9,普通话很一般 听着难受
197682,1625,林劲松,2024-07-29 01:45:38,1,3,2,为松哥打call 最好的老师之一，收获两门4.8和慢慢的知识
198080,1625,林劲松,2024-08-29 02:08:00,2,2,0,老师，伟大，无需多言，good导师
213805,1625,林劲松,2025-01-20 04:19:44,1,1,0,老师挺萌的，上课PPT会发，我上了证据法和刑诉，给分好像有点玄学，但学到了知识，推荐～
215167,1625,林劲松,2025-02-23 11:14:06,1,1,0,老师的刑诉给分是闭卷，要看自己的背诵能力；老师的证据法学主要是点名+一次期末作业，期末作业很体现所学水平，给分中上
216421,1625,林劲松,2025-03-16 12:10:43,1,1,0,老师上课很好，指导学生也很认真，伟大无需多言~~
2509,1683,许建宇,2015-05-04 13:19:28,28,30,2,认真做学问。
4153,1683,许建宇,2015-06-18 02:15:47,47,51,4,讲得通俗易懂
5733,1683,许建宇,2015-07-09 08:06:13,53,56,3,很赞，都是干货(ฅ>ω<*ฅ)
6147,1683,许建宇,2018-03-06 01:45:03,51,52,1,考试会给范围，考范围里的，基本靠背，老师不错
8700,1683,许建宇,2015-09-24 07:33:59,15,17,2,讲得超赞
10966,1683,许建宇,2015-11-23 13:42:39,26,27,1,对法条如数家珍 上课节奏也很好
12468,1683,许建宇,2015-12-23 10:56:10,13,13,0,满满干货！幽默小可爱！
12592,1683,许建宇,2015-12-23 14:30:18,42,43,1,老师很幽默可爱，对知识梳理有条理，清晰易懂，节奏正好，课上就能消化吸收大部分，超级喜欢他！
13278,1683,许建宇,2015-12-26 06:17:40,23,24,1,讲课很踏实，笔记记断手(>﹏<)
14194,1683,许建宇,2016-01-05 08:14:15,11,12,1,老师上课很有条理 笑点特别萌 很喜欢的老师！
15147,1683,许建宇,2016-01-12 08:10:07,38,40,2,特别喜欢许建宇老师！！上课都是干货，笑点迷之萌，虽然每次记笔记记断手，但是感觉真的有收获～
15159,1683,许建宇,2016-01-12 09:06:44,10,11,1,最喜欢的一个老师，知识脉络清晰，有点小幽默，还超萌！
15920,1683,许建宇,2016-01-16 15:16:13,14,16,2,字字珠玑，要把笔记背全，努力了分就很好。
15944,1683,许建宇,2016-01-16 16:25:10,20,22,2,超级好的老师！大赞！讲课内容实在，有用，收获满满！而且好萌的老师！！！！就是平时老抽点烟健康一点就好了
15968,1683,许建宇,2016-01-17 00:32:31,7,9,2,人好讲课清晰还有迷之笑点超级可爱
15969,1683,许建宇,2016-01-17 00:40:42,20,20,0,超棒的老师，上课条理清晰干货满满，幽默风趣，更有自high型蜜汁笑点！我这个非法学专业的人都能听得津津有味。给分客观，总之大赞！
15999,1683,许建宇,2016-01-17 02:55:53,6,6,0,很不错
16212,1683,许建宇,2016-01-17 13:39:24,4,5,1,超级棒的老师
16488,1683,许建宇,2016-01-18 08:17:12,4,4,0,很棒的老师超级亲切
16987,1683,许建宇,2016-01-19 11:25:24,-22,6,28,没有ppt只有一点点板书⋯⋯
17200,1683,许建宇,2016-01-20 01:00:34,7,8,1,很有趣，超级萌的感觉。内容简单易懂，可能是法学专业课最容易会的一门
18329,1683,许建宇,2016-01-21 12:48:50,8,8,0,内容充实，条理清晰，案例丰富
19203,1683,许建宇,2016-01-23 13:38:46,5,6,1,自带萌哈哈哈
20532,1683,许建宇,2016-01-28 07:23:04,136,152,16,每个月工资只有7000的三十年老教师。
20650,1683,许建宇,2016-01-29 11:06:56,5,6,1,干货！老师好萌！好温柔！
34224,1683,许建宇,2016-09-29 00:19:09,4,5,1,超可爱，男神！讲课超级清楚明白
39177,1683,许建宇,2016-12-21 12:51:10,8,8,0,老师的课需要记笔记，但是一点都不枯燥啊！每次的吐槽真的笑点满满！尤其是劳动法简直不能更有趣~真的超喜欢这位萌萌哒老师
39932,1683,许建宇,2017-01-22 04:21:53,17,19,2,很萌，把枯燥的知识点都讲出了趣味，给分很良心，考试有一道送分题错了最后成绩还是很满意。没话说，必须满分
46068,1683,许建宇,2017-01-20 14:22:37,2,5,3,讲课干货满满还很幽默，期末诚意划重点，考试简单，给分好～
46084,1683,许建宇,2017-01-20 14:53:34,0,4,4,负责任的好老师。上课干活多，期末就靠自己背。给分好。
46122,1683,许建宇,2017-01-20 15:38:02,6,7,1,萌萌的老师炒鸡可爱，感觉是众多法学院老师中画风清奇的一个。老师的个人魅力让这门课更加贴近生活和有趣。很赞！
46139,1683,许建宇,2017-01-20 16:16:04,2,3,1,很棒 不小心选错的课 以为是通识 然后老师很可爱 当作个性啦
46180,1683,许建宇,2017-01-21 01:05:45,0,2,2,老师讲的很清楚易懂，人好给分好，没话说的好老师~就是上课必须全程注意力高度集中，期末复习上万字笔记特别挑战人类极限2333
46218,1683,许建宇,2017-01-21 03:00:38,8,8,0,真的是很好很好的老师，上课也十分有趣！就是很心疼老师周一要连上6节课。吸烟有害健康，希望老师少抽烟！劳动保障法继续约！
46225,1683,许建宇,2017-01-21 03:18:31,1,2,1,给分太好啦！老师也太好啦！最轻松的一门专业课，而且干货满满，又不枯燥！比心。
46234,1683,许建宇,2017-01-21 04:21:12,0,2,2,很有条理 很幽默的老师 给分佳
48758,1683,许建宇,2017-03-12 06:08:21,55,55,0,萌萌的老师 长得像M&M巧克力豆
58704,1683,许建宇,2017-09-15 08:03:25,3,4,1,江湖人称许萌萌
60663,1683,许建宇,2017-10-26 06:58:21,7,7,0,恭喜老师涨工资！
62876,1683,许建宇,2017-11-27 08:24:25,0,1,1,上课很有逻辑，会学到很多东西
62878,1683,许建宇,2017-11-27 08:25:27,1,2,1,为萌萌哒许建宇老师打call～
68523,1683,许建宇,2018-01-23 10:05:11,3,4,1,能把复杂的法典梳理出易于理解的体系～自带萌点太可爱啦，超棒的老师
68572,1683,许建宇,2018-01-23 11:27:13,13,14,1,土豆今年是给分变差了吗？但是还是要给老师打10分啊，谁让你这么可爱
68754,1683,许建宇,2018-01-23 23:17:44,0,1,1,老师真的超棒，知识体系很清晰！
69362,1683,许建宇,2018-01-24 14:18:53,3,5,2,该背的都背了敢保证后面的客观图都对，但是绩点并不高，经济法也是这样，不知道怎么给分的，没什么苛责老师的意思，但是真的觉得挺迷的
70445,1683,许建宇,2018-01-26 15:46:01,3,4,1,老师还是原来的配方，炒鸡可爱！！！但同觉得给分没有经济法好，考的我都背了的juj红红火火恍恍惚惚
74449,1683,许建宇,2018-02-25 04:38:37,1,1,0,我导哈哈哈哈哈 幽默认真 干货满满 为老师打call！！！
80395,1683,许建宇,2018-06-26 05:02:19,4,4,0,经管类的文科生良心推荐这门课，比那些乱七八糟的数字有趣多了！
80399,1683,许建宇,2018-06-26 05:56:55,27,28,1,老师涨工资了！\n\n十二万以上好几年了呢\n\n还得自己去西湖区缴税(*˘︶˘*).｡.:*♡
80766,1683,许建宇,2018-06-30 12:46:20,9,9,0,回复最高赞：月薪7000，交税5万
81680,1683,许建宇,2018-07-06 01:35:53,3,3,0,老师炒鸡可爱，点名、考试真的都很良心了
81682,1683,许建宇,2018-07-06 01:40:29,3,4,1,上课干货满满，人可爱，考试给分超良心，努力做笔记背书就可以
81683,1683,许建宇,2018-07-06 01:42:25,5,6,1,老师很好啊，不过给分真的有楼上说的那么好吗？╮(╯▽╰)╭
81684,1683,许建宇,2018-07-06 01:45:58,6,6,0,是我见过逻辑最清楚、条理最清晰的老师，我真的太爱上他的经济法了，许建宇是天使！
81788,1683,许建宇,2018-07-06 07:30:40,2,3,1,老师真的萌呀！上课逻辑很清楚 记笔记也很舒服 期末还会给范围 给分还超级好！上这门课是一种享受~
81789,1683,许建宇,2018-07-06 07:30:45,2,2,0,逻辑很清晰，很有条理，考试一般般难度，给分非常非常厚道
81796,1683,许建宇,2018-07-06 07:55:11,2,2,0,上课干货满满，不无聊，考试和给分都很良心~\(≧▽≦)/~
82313,1683,许建宇,2018-07-08 00:30:23,4,4,0,爱您，劳动与社会保障法不见不散
85675,1683,许建宇,2018-07-25 03:20:39,0,1,1,给分超级好！上课条理清晰努力记笔记，点名前会通知学生，考试认真背他给的重点就可以
93050,1683,许建宇,2019-01-07 06:36:01,1,2,1,呜呜呜超喜欢老师了❤️
94749,1683,许建宇,2019-01-18 05:01:27,4,4,0,请保佑我的劳保上4
95464,1683,许建宇,2019-01-19 12:29:17,2,4,2,劳动法：\n\n“我这本书选的真的是太好了！”( *｀ω´)
99317,1683,许建宇,2019-01-24 14:47:40,2,3,1,出分很快，给分很好
99425,1683,许建宇,2019-01-24 22:31:37,1,2,1,劳保和经济法是背了就能拿高分的课！
102628,1683,许建宇,2019-02-15 03:19:55,1,4,3,行走的劳动法 连xx年国务院or浙江省的条例第几条是啥内容都能脱口而出。
103303,1683,许建宇,2019-02-27 07:34:35,0,0,0,节奏很快 内容很满 老师很赞
103393,1683,许建宇,2019-02-28 01:47:06,6,7,1,第一节课老师拒绝给外专业的外国学生签条子，特别诚恳地说这个外专业本国学生上都可能会挂，建议去选专门给外专业开的经济法。如此耿直，粉了！
111072,1683,许建宇,2019-06-29 12:31:57,6,7,1,背不完
113323,1683,许建宇,2019-07-06 06:11:16,0,1,1,感觉经济法都背了，但是成绩一般
119269,1683,许建宇,2019-11-12 01:31:39,1,1,0,许萌萌超可爱呦！上课努力就有收获！
119954,1683,许建宇,2019-11-17 01:56:08,3,4,1,讲课非常清晰有条理！老师说再5年退休应该可以提公积金啦
121240,1683,许建宇,2019-12-26 02:15:10,0,1,1,很有意思～
121242,1683,许建宇,2019-12-26 02:13:57,0,0,0,从来不睡觉
127293,1683,许建宇,2020-11-20 01:09:49,0,2,2,非常好
129850,1683,许建宇,2021-01-13 03:52:34,0,3,3,许老师真的绝了，既接地气，又有高度，整个学校最喜欢的老师。
131032,1683,许建宇,2021-01-25 15:32:38,17,23,6,给分好一般啊，有点失望。上面显示的劳保4.1的均绩是认真的吗？
132147,1683,许建宇,2021-01-30 13:17:35,0,4,4,期末好好背，分数不低吧。老师真的是老教师了，致敬
133527,1683,许建宇,2021-03-02 00:30:54,-1,0,1,许老师讲得非非非非非常好！
135608,1683,许建宇,2021-05-17 02:40:05,0,1,1,非常好
138975,1683,许建宇,2021-07-12 05:17:27,4,9,5,给分变差了吗？
138978,1683,许建宇,2021-07-12 05:28:17,-4,11,15,经济法，老师会把讲课的提纲发出来，五次点名一次两分。给分不错，老师也很可爱，但总觉得上课他念讲义，学生听写，期末他划1/3的重点，学生往死里背的教学和考试方法离十分还有些距离。
138979,1683,许建宇,2021-07-12 05:33:58,6,8,2,老师非常好呀！课上知识点讲得很清晰，点名会提前通知，课程论文会特地告诉大家字数不要写太多，最重要的是划重点哈哈哈哈哈哈哈哈！老师人特别可爱，上课很开心，只是感觉分数不如预期？上课确实有楼下同学说的念讲义学生记笔记的感觉，不过我个人还是挺适应的，感觉比一些上课虚无缥缈的老师更适合我。整体很好啦，下学期继续！
138997,1683,许建宇,2021-07-12 06:39:22,0,4,4,老师人很可爱，讲课以法条为基础，条理清晰，有理有据。平时点名五次，但会在点名前提醒，老师给分也很好。每次上老师的课都觉得时间过得很快，在浙大最喜欢的老师，妥妥的十分。
138999,1683,许建宇,2021-07-12 06:52:15,0,5,5,老师非常棒！给分也不错！
140748,1683,许建宇,2021-09-15 15:23:51,4,5,1,今年许老师给新生做开学典礼发言，以一个平凡人的视角，说出了最真挚动人的话语。许老师已经有返璞归真，大巧不工之境界
148734,1683,许建宇,2022-01-19 08:22:44,1,3,2,劳保和经济法分数都不如预期，可能是我论述题和论文写的不太好的原因吧，总而言之老师是好老师，学弟学妹加油！
149627,1683,许建宇,2022-01-16 08:35:24,6,7,1,该背的都背到了，答也都答出来了最后给分也真的很一般，课没有一次落下过，可能就还是自己不懂吧，就这样吧。
149641,1683,许建宇,2022-01-16 08:49:28,0,2,2,希望老师以后能把最后的复习提纲给得准确一点。老师上课还是很好的。
149651,1683,许建宇,2022-01-16 09:16:04,0,2,2,劳保五次点名，期中一篇小论文，期末闭卷考试但会划重点。老师上课很有趣，给分也很不错
149677,1683,许建宇,2022-01-16 10:10:23,12,15,3,劳保给分挺好的，前面说自己都背到了分数还很低的同学可能是对自己过于自信了，真的都背到的给分压根不会差。我身边背得滚瓜烂熟的同学不是4.8就是5.0，学弟学妹们好好背书，不要抱有侥幸心理，主观题范围全背下来，客观题至少要过一遍的。
149691,1683,许建宇,2022-01-16 11:31:27,1,2,1,背得很久，给分很好，但是如果追求高分的话，因为小论文平时分就扣掉2-4分，期末考一定要背细，判断选择少失分
150723,1683,许建宇,2022-02-16 04:19:50,0,3,3,许老师上课真的很努力备课特别细致对法条的位置烂熟于心，期末开卷考给分也很好，真是之江最优秀的老师
154241,1683,许建宇,2022-05-27 01:18:24,1,2,1,我好爱！
154328,1683,许建宇,2022-05-30 09:12:10,1,2,1,很喜欢老师的样子和声音，慈眉善目。讲课也很透彻
161914,1683,许建宇,2022-11-15 03:48:09,6,8,2,真的很可爱，虽然老师说自己是填鸭教育，但是课堂知识干货很多，由问题思考娓娓道来知识点，也会穿插很新的案列，时事热点。是我来山上后最喜欢的老师了（才研一，期待下一个喜欢的
167921,1683,许建宇,2023-01-20 09:18:29,0,1,1,助教…蒽…老师很好
173048,1683,许建宇,2023-05-12 04:00:00,0,3,3,给分有点莫名奇怪
179199,1683,许建宇,2023-08-29 23:47:08,5,5,0,好老师。现在还能回想起老师的上课风格，是真恨不得把所有重要的东西捏碎了往学生嘴里塞。
181962,1683,许建宇,2023-11-06 13:33:04,17,18,1,实习时碰到劳动争议案件，首先想到的总是翻出许老师课上的笔记，并且基本翻两下问题就迎刃而解。老师虽每每吐槽课时不够用，但授课的内容却始终是劳保法上实务性最强的最精华的部分，真正把区区的32个课时利用到了极致。\n\n希望老师能在退休前顺利找到课程接班人@_@
183721,1683,许建宇,2023-11-29 08:00:23,1,1,0,超级棒
183865,1683,许建宇,2023-12-01 12:41:43,6,6,0,周末还勤勤恳恳回学生邮件，太感动了……
185975,1683,许建宇,2024-01-07 04:07:16,7,7,0,很爱老师上课干货满满的样子，真的能学到很多知识，课件的逻辑体例也很强，勤勤恳恳的老教师！
189892,1683,许建宇,2024-02-01 12:45:31,49,50,1,老师讲得很好很有体系\n\n给分也算是一分耕耘一分收获吧\n\n但是想到有人考试zuobi心里就很难受
190209,1683,许建宇,2024-02-25 17:19:41,48,49,1,许老师的教学内容和教学态度都无可挑剔\n\n同上，希望zuobi的人好自为之
202277,1683,许建宇,2024-11-11 07:11:36,1,1,0,很开心能选到许老师这门课，许老师是我目前最喜欢的老师。虽然只上过许老师两节课，但确实都认真听了，收获满满，不会像有的老师的课，认真听了也感觉又虚又空没有收获。为许老师疯狂打call。
208392,1683,许建宇,2024-12-27 10:27:14,12,12,0,谁作弊呀 21级的？
208587,1683,许建宇,2024-12-29 16:39:46,1,1,0,好老师，我低分是因为我学渣，确实教的好。微信名行走的劳动法笑麻了。
209568,1683,许建宇,2025-01-06 09:08:28,-1,2,3,钉钉已读不回
211852,1683,许建宇,2025-01-12 17:11:03,1,1,0,说钉钉已读不回的，老派的教授比较喜欢邮件交流
211995,1683,许建宇,2025-01-13 04:06:02,1,1,0,讲课很有条理，认真负责，课堂上基础知识+拓展思考都兼顾，干货很多，实务和学术方面也都会讲到，就是记笔记键盘要敲冒烟了哈哈哈！
212605,1683,许建宇,2025-01-14 09:10:04,1,1,0,劳保法。老师上课交得很好很细，酷酷记笔记…期末闭卷考得都是背诵，案例之外的简答和论述题会给范围，准备充分的话应该给分还不错，奈何内容太多……这门课我给10
213803,1683,许建宇,2025-01-20 04:16:03,0,0,0,老师点名是隔一周点一次（这算规律么hhhh）上课很细节，但是光自己打字可能记不下来，可以找学长学姐的笔记。期末考试背得越多越细节，分越高，我基本只背了他划的重点，其他没咋看是4.2，如果都背的话应该会更高～推荐
217184,1683,许建宇,2025-04-03 07:52:18,0,0,0,好老师！！！
6827,1690,吴泓,2015-07-23 08:32:19,12,12,0,老师人超好
23790,1690,吴泓,2016-04-16 16:41:02,8,8,0,老师好萌，讲得很好，都是干货(ฅ>ω<*ฅ)
24090,1690,吴泓,2016-04-27 01:31:52,6,6,0,干货多，耐心解答问题，讲课细致。
24092,1690,吴泓,2016-04-27 02:45:10,6,6,0,人超好
24795,1690,吴泓,2016-05-03 16:23:19,6,6,0,老师人超级好，也特别萌～
52321,1690,吴泓,2017-06-18 09:40:46,2,2,0,老师人超好的～
78566,1690,吴泓,2018-05-13 06:18:36,1,1,0,人超好，给分也好，讲课干货也多
78572,1690,吴泓,2018-05-13 08:13:52,2,2,0,老师太萌啦！刚开始听课会觉得金融专业名词太多有障碍听不大懂，觉得老师在表达上稍微有点乱（也有可能是课程体系的问题）但慢慢就会好了！老师真的超有礼貌有耐心而且谦逊！下课会很认真地解释。最好能在课后多查一查听不大懂的金融名词，可能收获会更多一些。考试一般是开卷，考的大部分都是老师上课讲过的，而且期末会缩小复习范围~
78613,1690,吴泓,2018-05-14 00:58:13,0,1,1,给分是真的好hhhhh上课稍微有点混乱 想学到东西的话一定要认真听
6490,1712,周江洪,2015-07-14 11:56:18,12,22,10,老师真的很认真，很用心
15287,1712,周江洪,2016-01-13 10:07:59,21,31,10,江洪萌萌哒，ppt多的根本看不完（doge脸
18558,1712,周江洪,2016-01-22 04:22:13,6,9,3,妈呀…PPT看不完
19270,1712,周江洪,2017-12-21 11:02:16,8,13,5,周老師是個很努力的學者，ppt足以出書
19297,1712,周江洪,2016-01-23 23:48:39,4,8,4,院长大大可萌了，很认真
20552,1712,周江洪,2016-01-28 09:59:41,-2,3,5,赞一个
32963,1712,周江洪,2016-08-30 02:04:31,23,38,15,只有我一个人觉得他长得帅吗……=_=
40896,1712,周江洪,2017-01-06 06:40:01,0,5,5,老师很好啊 老烟嗓很有魅力 ppt足以出书…
46501,1712,周江洪,2017-01-22 01:18:57,11,13,2,认真严谨的学者，给分也不错\n\n浑厚的烟酒嗓导致声音识别度不强，听着比较累
65225,1712,周江洪,2018-01-01 14:01:37,31,50,19,你又不聪明，又不放下手机，我也很为难啊。
73959,1712,周江洪,2018-02-04 00:21:37,8,11,3,课前不预习，上课容易犯浑。
87968,1712,周江洪,2018-10-19 02:29:41,9,11,2,听不懂啊 院长真的听不懂啊
88242,1712,周江洪,2018-10-25 00:11:42,8,11,3,老师声音太小了吧
93663,1712,周江洪,2019-01-11 08:39:39,1,8,7,不否认是个认真的学者，而且也比较和善，但这个学期补课2次6-10点的课，拖了2次1小时的课，多上了十小时，而且是在马上期末考的情况下，课上主要是学生作报告和评议，您不准备给我们多加一学分吗？
95009,1712,周江洪,2019-01-18 14:43:51,2,5,3,是个好老师
96611,1712,周江洪,2019-01-21 07:45:38,15,22,7,楼下的几位同学，ppt确实出书了。【龇牙笑】
97980,1712,周江洪,2019-01-28 13:21:52,63,92,29,院长好萌啊，好像一只橘猫啊∠( ᐛ 」∠)＿
98012,1712,周江洪,2019-01-23 03:51:48,2,8,6,老师人超好，发邮件问问题也会认真仔细回复，给分也很好，而且体谅大家，对学生很照顾，虽然上课比较难，ppt很多，但院长真的??
98229,1712,周江洪,2019-01-23 08:24:13,2,7,5,院长的ppt虽然多，但全部都是干货，院长虽然讲课快，但是输出量大啊！上课没有啰嗦过一句题外话，全部是学术输出（所以如果课前不预习，课后不复习，压根不知道院长讲的啥），期末非常认真地过了三遍ppt，虽然卷子和陆帅一起出难度还是有的，但是全卷唯一两道送分题还是院长给的哇！呜呜呜院长心善，又萌又体贴学生呜呜呜大爱院长QAQ
103939,1712,周江洪,2019-03-07 16:20:24,4,10,6,好老师，好学者，好院长。希望法学院在周院带领下实现我们共同的梦想。
113101,1712,周江洪,2019-07-05 23:23:26,-5,3,8,ppt的量真的好大啊……不知道是不是考多少给多少反正是我目前最低的一门专业课…大概因为是我太菜了吧……院长还是很强人也很好滴
113215,1712,周江洪,2019-07-06 01:45:45,0,3,3,周院长，棒棒哒
113245,1712,周江洪,2019-07-06 02:38:10,-11,7,18,在此叩谢院长，给分真的好!还帮我卡绩卡上了4.8。。。本来以为要完的，感动得想哭。。。
131158,1712,周江洪,2021-01-26 09:20:42,-3,1,4,周老师是真的很好呀，但课前一定要好好复习，课上好好记笔记，学到了很多
132560,1712,周江洪,2021-02-02 09:13:59,3,8,5,院长看来的人太少了…一学期点了一次名。唉，课上总是听不清而昏昏欲睡，直到期末看课件才真正看出学者大家之风，清晰有逻辑，拓展而不失主线，期末考后还会在群里提一提是分点，给分还好叭，虽然90+不多（一共4个），但是80-89真的好多好多（好像一半的人都在这吧）
133421,1712,周江洪,2021-02-28 05:19:37,-2,2,4,真的很不错！
133475,1712,周江洪,2021-03-01 05:32:52,2,5,3,老师讲课很正经但是有些地方自带幽默效果，考试真的很仁慈，我一个学渣都觉得大部分题还是顺手的
134106,1712,周江洪,2021-03-16 05:34:07,1,6,5,直到期末复习，认真理清ppt，才真正感受到院长的大家之风、学术之深
134246,1712,周江洪,2021-03-21 08:41:30,-1,4,5,有时间就在智云课堂上听，收获满满
139376,1712,周江洪,2021-07-15 01:28:41,4,9,5,周老师特别可爱，上债总的时候没有适应老师的上课风格，总是跟不上节奏，一度很奔溃。这学期合同法依旧跟着周老师，上课之前预习一下PPT，突然发现跟上老师节奏的感觉特好。虽然最后的考试依旧和债总一样没写完，但是院长给分很仁慈
143214,1712,周江洪,2021-11-21 13:01:10,8,16,8,周老师虽然非常谦虚但是水平真的很高，我虽然很菜听的似懂非懂云里雾里一知半解，但是就是能感觉到老师的学术水平真的很高，对很多问题都有自己的观点，有些视角很独特给人启发，这和法考老师的讲法完全不同。只是目前我道行太浅，我想过个一两年再回过头来听，一定会更有收获！
149922,1712,周江洪,2022-01-17 23:37:10,0,8,8,谢谢院长海底捞我🥰🥳
149924,1712,周江洪,2022-01-17 23:39:06,-4,4,8,谢谢周院长捞我/嚎啕大哭
149941,1712,周江洪,2022-01-18 02:18:14,0,8,8,院长上课真的好，可能语速稍微有一点点快，还有！！！院长教务网上的照片真的好帅啊啊啊
150108,1712,周江洪,2022-01-19 05:29:41,-3,6,9,院长真的是越看越帅哈哈哈哈，出分之后简直是法学院最最最帅的
151587,1712,周江洪,2022-03-08 11:19:08,0,7,7,祝院长合同分则写书顺利！
161726,1712,周江洪,2022-11-11 09:42:30,-19,14,33,垃圾玩意儿
163590,1712,周江洪,2022-12-15 12:37:17,-2,13,15,讲课水平不怎么样，但胜在和蔼
165033,1712,周江洪,2022-12-28 13:58:10,2,9,7,院长确实思维过于缜密和深入，债法是真难学啊----\n\n但还是感谢\n\n“就像小王子的玫瑰花一样”
167062,1712,周江洪,2023-01-15 00:15:17,-1,8,9,见过最能捞的老师，上课事情也少也不点名
167095,1712,周江洪,2023-01-15 03:03:54,16,24,8,客观地讲，周院的课直接听真的很难听懂，尤其本学期安排在周三晚上，本人曾尝试集中精力听讲，但到第三节课还是会听不下去，每周三晚上都有一种精疲力竭的虚脱感。学懂他的债法需要至少满足预习/复习两个要件，并且及时精简PPT，期末尽早梳理出债法的整体结构，然后针对不懂的题目精听智云，会很有收获。教学水平方面，私见给只上过民总的同学灌输各名家说实在是太为难人了，反而容易让学生抓不住主干。周院人很好，讲知识点还是很清楚的，就是需要自己课下花功夫，不能一味等老师期末捞上4。
167101,1712,周江洪,2023-01-15 03:15:40,0,6,6,周老师对待学生的态度很棒，课的内容很多，能帮助学生直观领略到民法之广博。相较于浙大法学院的其他授课老师而言，周老师的水平处于中上。
167253,1712,周江洪,2023-01-15 08:48:03,-3,5,8,院长水平真的很高，PPT很详细
170987,1712,周江洪,2023-03-14 00:22:24,3,22,19,周院人真的好好，从来不点名，上课人很少他也不生气，“一代人有一代人的世界杯”，下了课让我们赶紧回去看世界杯，翘课去听陈嘉映老师的讲座他也支持。讲课很用心，ppt也很用心，最后运气很好拿满了，感谢周院！
171786,1712,周江洪,2023-04-05 12:05:40,25,38,13,当着学生面吸烟。。。。。
172644,1712,周江洪,2023-05-03 05:04:49,12,16,4,好党员…
177806,1712,周江洪,2023-07-15 05:30:05,37,41,4,人很好 但我真心觉得乱...
178168,1712,周江洪,2023-07-07 11:53:46,46,55,9,周小洪，周小江，就是你们两个把我民法总论害挂的😭
178498,1712,周江洪,2023-07-12 15:04:43,-12,9,21,上的民总，院长PPT非常细致，适合课前课后自主学习，课上过得很快容易跟不上，上课时声音有点听不清楚，所以大家尽量往前坐体验比较好，最后给分真的捞
178760,1712,周江洪,2023-07-22 02:43:11,17,18,1,哎。。。
178882,1712,周江洪,2023-07-28 01:59:04,25,28,3,一般般
184844,1712,周江洪,2023-12-23 11:19:02,5,11,6,“我的建议一般是不会被采纳的”，院长真的好可爱
185506,1712,周江洪,2023-12-31 14:52:55,-2,2,4,OK的 好好做作业 认真听课 可以给高分
185787,1712,周江洪,2024-01-04 11:42:49,3,8,5,讲课水平一般，时常不知所云。。。
186143,1712,周江洪,2024-01-09 05:26:32,-1,3,4,老师很和蔼 但是债法真的好难😭
190747,1712,周江洪,2024-03-17 08:35:48,4,7,3,周老师以后不带本科生的课了吧www，祝周校长前程似锦！
208593,1712,周江洪,2025-01-01 07:12:01,9,12,3,周老师当上副校长以后已经忙晕了，连研究生都停招了，对他行政工作不满的同学就别来这里刷低分了吧。根源在于有个不管事的校长。
208596,1712,周江洪,2025-01-02 01:09:39,10,17,7,周校长现在分管文科，真的不容易，有蠹僵疯这个127年来最差校长当领导，其中辛酸大家都懂
208661,1712,周江洪,2024-12-30 13:47:40,6,10,4,作为系主任，即使是挂名的，需要为社会学系最近的情况做出说明
208670,1712,周江洪,2024-12-30 15:30:52,1,4,3,周老师的运气也是没谁了，20年那几年疫情期间经济学院院长（现任副校长）和外面野鸡机构签的协议偏偏到24年他一上任就暴雷，估计最后如果上面要处分也只能顶他上去，更上级领导美美隐身。可要知道这破事和他一点关系都没有。\n\n更别提学校把社会学系这个烂摊子交给他，那内部的权力斗争简直是勾心斗角。法学院的教授当什么社会学系的主任啊，上面的领导也不知道咋想的
208687,1712,周江洪,2024-12-31 00:47:25,-11,4,15,人文的不明白，为啥两个文科副校长都是社科的？以前是人文、社科各出一个。为啥每次他分管或主管的领域、部门一出事，大家都没爆呢，为他洗地喊冤的人就这么多？追问一句的话，文科、国际化、社会学系，哪一档子事情妥善解决了？更别说什么运气差，善战之将无赫赫之功。
208770,1712,周江洪,2025-01-01 14:39:37,11,18,7,那位人文的同学：\n\n1、“善战者无赫赫之功“是这么用的吗，不知道你想表达什么意思；\n\n2、人文没配备校长关周啥事，你可以向教育部和省委抗议；\n\n3、周当上副校长后，由于领导常常不在，一些下面院系的会只能找他去撑场子，一个上午连着赶4、5场会已经是常态了，在这样的情况下还节节课更新课件、备课。最近发的那篇论文都只能花几个寒暑假的时间赶出来；\n\n4、国际化的事情起因不能怪他，至于解决，涉及两国之间的外交事宜，别说副校长，就算省政府、中国政府出面都不一定能解决；\n\n5、社会学系内部究竟发生了什么你清楚吗，每次看到98上把zdx神化成圣人的帖子就想笑，要知道zdx是按照国家法律规定退休的，不再参加党政会议有任何问题吗？你见过哪个退休领导还对现任班子指指点点的？把自己当太上皇了？要整出个”祖宗家法不可变“？自己的权力一旦受到阻力就搞出”一封公开信“，玩dazi报，挟持舆论公开炒作，博取不知情同学的同情心，简直可耻，他和他的拥趸们把上世纪六七十年代的权力斗争术运用地炉火纯青。这么多人在吹他，可大多数人连他的课都没听过。我是把他两年来的《方法论》从头到尾听了2遍的，可以说40％的时间在吹嘘自己，40％的时间在批评各种上层，只剩下20％的时间在不知所云地讲课。全校这么多院系，只有社会学系领导班子换个届一天到晚整出各种幺蛾子。\n\n6、周是什么样的人，身边的同学、老师最清楚，你可以去问问两办熟悉领导的老师哪个校长最好相处；一个完全不了解这位老师的同学，甚至可能是第一次听到这个名字，在网上听到利益相关人士的一点小道消息就来这里刷低分，毫不求是，可笑至极。\n\n7、至于你说”别说运气差“，那我只能希望你日后工作中不要遇到xx领导，以及领导不会强行让你去分管一摊和你专业不相干、且内部利益关系混杂、注定要得罪人的工作，以及遇到前任埋的雷在自己任上爆出时，对自己说一声：不能说我运气差，我活该，这是我应得的。
208772,1712,周江洪,2025-01-01 15:29:00,3,5,2,歪个楼，我看没人夸助教，就我来夸一下，感觉回答问题很认真，最后一天回消息有点慢还反复和我道歉说今天回了30多条消息忙得晕头撞向 不小心错过了
208782,1712,周江洪,2025-01-02 01:12:22,7,10,3,浙大人文社科，一木难支，反正不容易\n\n最后还要说一句：蠹僵疯，我草蓝你的吗！
209069,1712,周江洪,2025-01-04 10:44:24,9,14,5,周老师分管文科，长聘考核和他没关系。\n\n学校主管人事的是wjd，拍板的是djf
210565,1712,周江洪,2025-01-10 18:11:09,2,7,5,经院拒签和社会学系都是周老师在办，阻力很大。同学们要相信周老师的人品，但是周老师的能力也是有限的。。。
210680,1712,周江洪,2025-01-09 16:33:18,0,3,3,周老师真的是超级超级好的！！！上过老师的课就知道，老师超级和蔼而且完全没有所谓的领导架子
211327,1712,周江洪,2025-01-11 08:04:13,2,5,3,比起周校，嘴里还是最容易说出周院二字，周院的法学功底深厚、造诣很高，作为法学生常常觉得如果周院能够继续留在法学院上课真是幸福，希望那些根本不了解只会当网络喷子的人擦亮眼睛
212539,1712,周江洪,2025-01-14 07:13:26,-2,8,10,楼下说什么神话zdx真是想笑\n\n但愿也让法学院的院长换成搞生物食品工程的人来，赵老师是有国际影响力著作的学者，并且推动一系列的改革。\n\n你看看陈素珊那“政治站位更高的改革”那才是只讲立场，不讲学术\n\n在位什么也不干，那不也是浙大赵贞吉吗？
212666,1712,周江洪,2025-01-14 11:30:33,-1,7,8,看到和我同一天发布的一位uu的评论，想说两句话\n\n你说周校长在社会学系是“赵贞吉”，首先你这话没说错；其次，话又说回来，他能当个赵贞吉就不错了，你还指望他能怎么样呢？学校之所以派他过去，难道是因为他社会学学术做得好吗？不就是为了维稳吗？我们不必说“善战者无赫赫之功”这种带倾向性的话，只是平心而论，他能去做个傀儡，那就是发挥了他的作用了；换另外任何人，只怕连个傀儡也做不成……这又不是法学院，他说话不但不好使，反而一旦表态，无论表的是什么态，都会引起另一方的剧烈反应。他做个傀儡，维持住表面没什么大风大浪就不容易了；何况他又是副校长，他分管的领域今年又是个烂摊子……\n\n你说他在这个事件上不作为可以，但是我觉得做人得讲良心。赵鼎新事件也好，社会学老师出走也好，冤有头债有主，你该骂css骂css去，该骂djf骂djf去，别拿周公顶雷。用赵本上小品里面一句话说“换你你也麻”。
213752,1712,周江洪,2025-01-19 12:23:54,10,15,5,寒假看智云课堂，想巩固一下相关知识，感觉真心上课上得一般，学术也算不上顶尖，风评好可能是因为为人处事比较得体吧。
214230,1712,周江洪,2025-02-01 06:28:57,13,19,6,吴卸任时候的数据，浙大社科的教育部最高科研成果奖，学科评估，ssci ，国际化一流人才引进早就超过南京大学了，已经排到全国5到6名，很多人刻板印象罢了。只能说吴朝晖确实牛，杜江峰确实烂\n\n周虽然不是主要责任，但作为系主任，应该出来解释社会学系学术氛围被破坏，人才流失的问题
214322,1712,周江洪,2025-01-31 16:36:16,0,10,10,zjh的行政压力已经不是一般大了，上级是蠹僵疯这种不干人事的－÷，同事中还有亡獍殆这种🐶帮着牢杜搞臭浙大人才引进，一木难支，反正不容易
214428,1712,周江洪,2025-02-02 17:30:57,11,24,13,社会学系很重要吗？天天社会学系的芝麻绿豆的是是非非说来说去，浙大这么大，社科像公管这么大的学院贡献了这么多长江万人都没社会学系张扬闹腾。周又没有三头六臂，能给你摆平家事？多从内部找原因，去骂那些真正搅浑水的人，别整天寄希望于一个临时背锅侠改天换地好嘛。荒谬又矫情。
215363,1712,周江洪,2025-02-25 10:59:52,-8,5,13,这段时间文科方面确实苦了周公了\n\n希望新校长能对各学科综合建设都上点心，别再让周公一个人撑着文科建设吧
215505,1712,周江洪,2025-03-01 01:19:35,6,16,10,什么时候能回来管管法学院，这几年都开始群魔乱舞了
4497,1743,余军,2015-06-24 03:18:59,27,28,1,老师讲课很认真，很详细，能学到东西！
4838,1743,余军,2017-03-24 03:54:30,17,20,3,讲课超有趣！宪法的启蒙老师！
5483,1743,余军,2015-07-08 01:55:13,2,5,3,给分好吗？
6472,1743,余军,2015-07-14 07:50:27,7,7,0,老师很棒，问题讲的很清楚了，而且还是很愿意和学生交流的。成绩也觉得ok
6845,1743,余军,2015-07-24 14:03:42,3,4,1,课讲得好，态度理性，学问深，可以深入交流的说
7010,1743,余军,2015-08-26 06:16:30,2,3,1,上课不错
11358,1743,余军,2015-12-04 12:49:42,2,2,0,不错，生动
13256,1743,余军,2015-12-25 18:27:18,1,1,0,认真听课，记下老师课上讲到的案例，思考他给的问题，你会对宪法有所体悟的。
16292,1743,余军,2016-01-17 18:56:27,1,1,0,深入浅出
20869,1743,余军,2016-02-02 18:04:23,3,4,1,有启发性，给分也不错!
28759,1743,余军,2016-06-28 14:05:32,16,16,0,舍友是她迷妹
31288,1743,余军,2017-01-07 12:51:15,6,7,1,能学到东西
40522,1743,余军,2017-01-04 03:07:07,2,3,1,上课内容丰富详细，耐心细致，符合对宪法老师的一切想象
43900,1743,余军,2017-01-17 05:52:43,10,11,1,今晚去考试，不论给分怎样，老师都很棒哒。
46793,1743,余军,2018-06-14 15:46:38,6,7,1,老师讲课特别好！给分具体如何不知道，出分前来拜一拜老师，给个十分求老师给分好一点好回家过年
47591,1743,余军,2017-02-22 06:24:06,42,48,6,简直不要太完美 分数虽然可能并不是最高的 但是值得等待 辛苦老师 感谢！❤️
47721,1743,余军,2017-02-21 16:58:31,1,1,0,大半夜不睡觉突然出了成绩\n\n考试考到绝望\n\n所幸还不错\n\n
47722,1743,余军,2017-02-21 17:01:15,2,3,1,讲课有意思 学术储备强 课上不点名 课下作业少 可以说很喜欢老师了
47725,1743,余军,2017-02-22 01:27:56,0,0,0,讲课很好，给分更好
47726,1743,余军,2017-02-22 01:30:04,-1,0,1,讲课幽默生动，给分又好，强推！
47727,1743,余军,2017-02-22 01:55:25,0,0,0,讲课很有趣可以学到很多！作为一名工科生很高兴能选上这门课！最后给分也超级棒！大爱，推荐给好多人了
47729,1743,余军,2017-02-22 03:28:36,3,3,0,因为没买书开卷考也没书看就翻了打印的少的可怜的ppt以为自己要挂了，结果老师给分太感动了?
47737,1743,余军,2017-02-22 15:36:50,10,10,0,老师讲课认真仔细，讲课的时候会举很多例子，ppt也做的超级完美，讲课和测试的时候不要求形式好看，只做出最真实的课程内容要求。从老师这里能学到很多东西。！
47753,1743,余军,2017-02-23 09:07:25,0,1,1,上课很有趣
47782,1743,余军,2017-02-24 13:34:39,0,0,0,上课很好
48013,1743,余军,2017-02-28 05:05:13,3,4,1,考试的时候诚惶诚恐 结果给分超级好 简直是个惊喜
48497,1743,余军,2017-03-06 06:11:50,0,0,0,老师讲课非常有趣，感觉自己学到了很多，而且给分不错
48945,1743,余军,2017-03-17 13:22:38,1,1,0,很棒！
51314,1743,余军,2017-05-31 04:27:42,0,7,7,这位老师的观念相对偏向于西方自由主义和宪政一点，当然讲得确实很有趣～ 作为一名马克思主义者我是批判地听的，分析其中有道理和没有道理的地方，不得不说辨识能力和对于我党政策的理解程度真的是高了不少～ ^_^  也欢迎大家选啊～
55248,1743,余军,2017-07-01 05:36:31,19,20,1,余老师真的是偶像级别的老师\n\n真的讲的很好～就是能够滔滔不绝的给人一种非常有魅力的感觉\n\n非常有气质\n\n一定要选他的课呀～真的不亏\n\n而且还是开卷考美滋滋（虽然我开卷也没找到答案嘤嘤嘤哭死
57471,1743,余军,2017-07-08 10:49:53,0,1,1,讲课还蛮有意思，不点名，开卷考试很方，好多东西找不到感觉写的也很少，最后老师给分却很好，简直惊喜
57472,1743,余军,2017-07-08 10:55:50,0,3,3,二点几军鸡的辣鸡说这个老师是真的好啊，紫金港第一好老师，给分太好了
57473,1743,余军,2017-07-08 11:45:22,0,1,1,上课真tm好，给分真tm好，老师人真好。
57476,1743,余军,2017-07-08 12:12:05,0,1,1,老师超级好！！！开卷考试我忘记带资料了也没复习，题目大的乱七八糟。老师态度超级好！！！很感谢他！！！给分上也没有为难我！感恩！
57499,1743,余军,2017-07-09 02:24:57,0,1,1,三好老师吧 (∩ᵒ̴̶̷̤⌔ᵒ̴̶̷̤∩)讲课好，给分好，老师人也超级好～
59935,1743,余军,2017-09-28 10:57:55,0,1,1,老师讲得很幽默，很有吸引力，自己也很有激情，就是总爱说“是吧”hhhh，总体来说是相当不错的老师。
60010,1743,余军,2017-10-03 05:55:45,0,1,1,超级喜欢他，很温柔，有的地方也很有意思。\n\n然后给了我挺高的绩点呀～
64695,1743,余军,2018-12-11 11:28:21,2,3,1,老师很棒，希望分数也好一点\n\n在这里立个flag。好好复习\n\n
64929,1743,余军,2017-12-28 03:34:26,0,2,2,作为一个辣鸡工科生，给了我4.2真是暴风开心了
68380,1743,余军,2018-01-23 05:37:04,2,4,2,有激情 有态度 有批判 有料！
68719,1743,余军,2018-01-23 16:00:25,0,2,2,老师讲的很认真，可能是我自己没有认真对待吧，虽然是开卷考，四道大题还是要看平时积累，仅凭PPT简直难以下笔
69288,1743,余军,2018-01-24 12:01:15,0,2,2,上课跟听故事一样，考试前把课件过了一遍，考题大部分都能在课件上面找到。希望可以给专业课爆炸的我一点安慰吧……
71593,1743,余军,2018-01-28 16:13:52,12,14,2,老师讲课很棒，干货很多，最后考试记得同时带书和ppt，还有记得听他上课讲的比例原则，考试占15分呢！
71612,1743,余军,2018-01-28 16:47:52,0,3,3,论文没好好写上课去了三次考试找不到还各种不会，结果绩点也还行
71675,1743,余军,2018-01-29 00:29:47,0,2,2,老师很ok，可也很棒，不过自己掉均绩了，哭
71690,1743,余军,2018-01-29 01:11:36,0,4,4,老师讲课真的很好 而且有自己出的教材逻辑很清晰
80285,1743,余军,2018-06-24 09:17:50,0,0,0,很好的老师，超级温柔，论文好好写，上课记笔记的话考试基本都会，给分好，上课也干货满满
84415,1743,余军,2018-07-12 22:18:02,6,15,9,？？？余老师上课很好是没错 给分是什么鬼？？？比我其他绩杀的专业课都低？？？惊呆了。
84425,1743,余军,2018-07-12 23:19:02,0,3,3,老师挺好的。我上课都不怎么听，就开始前一天看了PPT，最后给分也不差。大部分书上都能找到。
84428,1743,余军,2018-07-12 23:45:10,0,2,2,工科生感觉很友好
84439,1743,余军,2018-07-13 00:52:13,5,6,1,军哥我爱你，上课认真听期末不会有问题的，喜欢军哥一个人坐在上面说段子，虽然有些案例讲了好几遍却浑然不知（笑）
84531,1743,余军,2018-07-13 05:39:54,4,5,1,老师讲的挺好的...但是我也感觉给分...
87870,1743,余军,2018-10-16 11:56:07,6,6,0,老师真的很可爱。。。哈哈，讲课讲的也很好。。现在在吃香蕉牛奶味的面包? ? ?
100194,1743,余军,2019-01-25 18:24:48,0,2,2,啊余军老师的宪法学概要，爱了!\n\n老师上课真的超级棒，讲得很详细，让非法学生对宪法也可以听得津津有味，难度不大，而且余老师对于我们这些外专业的朋友们也的的确确是很宽容很爱!\n\n一篇论文＋开卷考，内容都挺简单的，反正就爱了爱了爱了，当个性挺好的鸭，认真的话4.5+完全ok，均绩都接近4辽!
100246,1743,余军,2019-01-26 00:40:52,0,1,1,宪法学概要。老师超棒！上课可水可听，水了有点可惜～开卷考+论文 给分我觉得很满意了！
100274,1743,余军,2019-01-26 01:49:48,1,1,0,...
100301,1743,余军,2019-01-26 02:32:40,5,6,1,超棒的老师！对很多问题都很有自己的想法，每次上课都不是照着ppt念，而是会用很多案例或现象来阐释，看他一本正经吐槽感觉特别搞笑，上课就像在听百家讲坛一样，不知不觉时间就过去了。平时不点名，虽然三节晚课老师中间只会休息一次，但会提前挺多下课。会提供ppt，期末开卷考，再交一篇论文。论文也没有太多要求，只要跟宪法相关都行。期末开卷考的也都是很基础的东西，上课都讲过。只要论文好好写，期末开卷考之前复习一下，给分不错的。
100341,1743,余军,2019-01-26 03:18:13,1,1,0,好老师不解释
100619,1743,余军,2019-01-26 12:25:27,3,3,0,老师讲课非常有趣
100860,1743,余军,2019-01-27 03:15:18,2,3,1,辅修课，老师真的太棒了！平时讲课蛮好的，会有各种事例，讲课风格也很舒服，而且给分真的超级棒！！！
101522,1743,余军,2019-01-28 10:47:06,5,6,1,佛系老师，给分。。。。一分耕耘一分收获吧，本人不怎么会写论文，最后也就4.2，，，考试范围权利那一张很重要，然后书是没用的，，，PPT打印一下
106696,1743,余军,2019-04-29 03:27:06,0,2,2,挺好的，佛系老师。
108992,1743,余军,2019-06-05 06:36:35,0,2,2,emm感觉老师的时事分析有些不准确，比如特朗普
114329,1743,余军,2019-07-13 12:34:26,-3,6,9,我很认真，给分结果？我的均绩？
114382,1743,余军,2019-07-10 00:28:50,6,9,3,努力有了回报，很喜欢老师通俗易懂又体系完整的课堂。感谢老师，很好的宪行法启蒙人
114388,1743,余军,2019-07-10 00:36:02,7,9,2,事情少，给分好，讲的棒，10分妥妥的
114395,1743,余军,2019-07-10 00:43:30,4,6,2,余老师给分超好，讲课也很清晰有条理~     最后一节课真心有些不舍~
114430,1743,余军,2019-07-10 02:37:02,2,4,2,老师人超好，讲的课也棒！
114681,1743,余军,2019-07-11 03:37:46,3,4,1,讲课有条理，而且生动有趣
114778,1743,余军,2019-07-12 00:38:02,-3,11,14,. 客观来说，老师担不起九点多的分。\n\n倒不是因为给分，而是教学上
115082,1743,余军,2019-07-15 08:32:31,4,4,0,好(✪▽✪)
124892,1743,余军,2020-07-16 02:16:48,-3,1,4,老师上课很认真负责，ppt简约清晰，一篇论文一个考试（还给延长了作答时间），给了4.5，nice
124894,1743,余军,2020-07-16 04:06:42,-2,2,4,老师讲的真的很好，论文可能稍稍写的差一些，最后考核有认真做，写了5k+的鸭子。拿分4.5\n\n差不多能接受
124899,1743,余军,2020-07-16 07:02:52,1,5,4,u1s1评分有点虚高了，不论是讲课还是给分（狗头保命）
124941,1743,余军,2020-07-22 16:39:32,0,2,2,宪法学。事少分高。老师讲课也挺好。真正内心柔软善良的人。庆幸换到了这个班。
126642,1743,余军,2020-10-10 16:29:36,5,7,2,我一直觉得余军老师很像许亚军，超帅！！！（会不会已经暴露自己了，我跟余老师当面谈过这个，余老师说这是第一次有人说他像许亚军）\n\n\n\n余老师做事很负责，上课也很认真，很可惜因为自己的缘故，没有多跟他交流的机会，是一件憾事。将要上课或者正在上余老师课的同学，请好好把握跟余老师相处的时间
130215,1743,余军,2021-01-19 05:15:32,-6,6,12,讲课中规中矩 给分也就一般的水平吧 感觉没有其他评论说的那么好
133413,1743,余军,2021-02-28 02:22:05,0,1,1,挺不错的！
134593,1743,余军,2021-04-03 11:54:26,0,1,1,不错子
135317,1743,余军,2021-05-08 05:28:26,23,24,1,听说上面放话了，要点名、统考，希望老师顶住压力，保持您开卷、不点名的优良传统。十分好评先送上，感谢！
136736,1743,余军,2021-07-02 16:26:37,0,2,2,相当不错！有体系，有内容，干货多
137312,1743,余军,2021-07-03 05:03:03,0,1,1,余军老师棒！
137470,1743,余军,2021-07-04 09:33:28,0,1,1,超级超级好！！讲课条理清晰 体系完整，答疑也很耐心～
138274,1743,余军,2021-07-08 09:30:10,18,19,1,虽然被卡绩了，我也要给余军老师10分，老师事少分好，而且讲课真的有条理，期末考试跟着他的PPT（小声：还有他划的范围）复习，没有太大压力，而且老师反复强调：鼓励性的给分（手动doge），总之：入股不亏！
138304,1743,余军,2021-07-08 12:01:03,2,4,2,非常好的老师，每节课下课都有同学鼓掌👏，认真听认真学能收获很多，这门课门槛不高的
139365,1743,余军,2021-07-14 19:36:00,1,3,2,老师人真的超棒！！！
149515,1743,余军,2022-01-25 18:01:01,9,10,1,余军下学期的宪法课要被选爆了
152229,1743,余军,2022-03-31 02:26:53,7,8,1,老师特别适合讲宪法
154188,1743,余军,2022-05-25 13:13:07,9,10,1,呜呜呜余老师真的是我在浙大遇见的最好的老师！！！！讲课条理清晰、深入浅出，有时还有点小风趣，老师的课不卷，给分也好，能够比较轻松地学到干货；老师为人也很好，低调谦虚温和，特别感动的是，我一个平平无奇的小透明，在学完宪法一年后再次遇见老师他还能记得我！！！！
154762,1743,余军,2022-06-04 16:55:28,10,11,1,一位坦诚、认真低调的老师
157528,1743,余军,2022-06-23 15:43:40,6,7,1,我伤心了，我感觉并不适合作为个性....为什么还会吞评论啊
157621,1743,余军,2022-06-24 04:36:38,7,9,2,不提余军老师。今年出题是郑磊出的，选择很难很恶心不说，大题好多合宪性审查，语义宪法，规范宪法，实义宪法的含义与意义...余军老师课上讲过但是没有重点讲，我按照他画的重点复习顺便看了ppt，考试时候人都蒙了，最后67分，算了一下卷面分应该是没有及格，老师尽力捞了，是卷子的问题。我不知道隔壁班考得怎么样，但是我很讨厌隔壁班的那位老师
158157,1743,余军,2022-06-27 08:26:30,16,18,2,一位讲课中正平和的好老师。\n\n附对学弟学妹的告诚：宪法合卷考，老师划的重点不一定全是重点，老师没讲的东西也可能考。今年划了一堆修宪制宪的重点，结果一字未考；三道大题全是（zl出的）合宪性审查，而老师ppt上没有这个知识点。
166993,1743,余军,2023-01-14 13:36:22,-2,1,3,。。。
171766,1743,余军,2023-04-04 11:13:43,3,3,0,超级超级超级好！认真讲课，上课条理清晰，能学到不少东西！
173351,1743,余军,2023-05-20 16:16:30,7,7,0,视野开阔，条理清晰，深入浅出，堪称完美
174409,1743,余军,2023-06-12 03:14:40,5,5,0,最喜欢的老师！！！
176115,1743,余军,2023-06-28 00:35:14,9,9,0,余军老师的宪法学讲得非常好，不拘泥于课本，条理清晰，视野开阔，有非常多的延伸和扩展，鼓励学生自主思考。虽然不是法学专业的同学，但很喜欢这门课～
177082,1743,余军,2023-07-01 14:58:31,13,13,0,老师人很好，就是最后成绩外专业的被狠狠背刺了qwq
178147,1743,余军,2023-07-07 07:37:27,8,11,3,老师人特别好\n\n给分可能稍微差一些？
180816,1743,余军,2023-09-26 17:36:32,2,2,0,余军课很有体系，讲得也很清晰，对宪法精髓的把握很准确
189936,1743,余军,2024-02-03 06:07:14,-1,2,3,讲课很清晰很棒  就是课程难度可以提升一点
192822,1743,余军,2024-05-31 02:15:45,1,1,0,讲的超级好，激发了我对公法的兴趣！美中不足的是给分远不如隔壁班………………
192960,1743,余军,2024-06-01 08:10:41,3,3,0,虽然讲的很好但是真的恨死了。。。怎么能和隔壁班给分差这么多。。。不患寡而患不均啊啊啊啊啊太不公平了
193348,1743,余军,2024-06-06 18:45:42,4,4,0,今年给分应该不会差了。大二的学长和我说，余军、章程和钱旭三位老师对学生做了调研，大家反映平行班给分标准不统一，导致分数相差很大产生不公平。余军还特别强调今后会改正。
197515,1743,余军,2024-07-18 03:12:47,0,2,2,通俗易懂，逻辑严密，深入浅出，宪法收获大学第一个96（5.0）
221622,1743,余军,2025-06-25 03:41:39,0,0,0,讲得很好，认真学绩点不会差
61,1745,张谷,2015-03-14 15:34:43,53,111,58,我不否认谷神自身很牛逼。但是上他的课太特么天马行空了啊。总是想到哪讲到哪。
499,1745,张谷,2015-03-15 03:32:19,22,24,2,三十二个赞！
899,1745,张谷,2015-10-04 00:32:36,40,42,2,谷神很赞很有深度，虽然两门课都没出分但不后悔选(๑• . •๑)
1833,1745,张谷,2015-03-26 01:27:13,5,7,2,绝对好老师
1940,1745,张谷,2015-03-26 13:32:08,189,197,8,大师级的人物，浙大的瑰宝！中国法学界的瑰宝！
2504,1745,张谷,2015-05-04 13:18:41,18,29,11,不出成绩的债法
5747,1745,张谷,2015-07-09 08:30:57,14,14,0,男神老师
5774,1745,张谷,2015-07-09 09:56:11,49,52,3,爱胡子，爱谷神
5793,1745,张谷,2015-07-09 11:28:45,3,4,1,毕竟谷神
6399,1745,张谷,2015-07-13 14:56:09,7,7,0,最爱谷神~
6470,1745,张谷,2015-07-14 07:44:05,7,7,0,又累又轻松
9285,1745,张谷,2015-10-20 04:18:33,7,7,0,醍醐灌顶
9615,1745,张谷,2015-11-03 02:43:51,6,8,2,听不懂
10962,1745,张谷,2015-11-23 13:26:07,5,5,0,大谷神独树一帜！
10983,1745,张谷,2015-11-23 15:03:28,7,7,0,仰望星空
11648,1745,张谷,2015-12-09 08:14:48,9,13,4,真的真的真的不知道在讲什么 但是还是很喜欢这个老师
12469,1745,张谷,2015-12-23 10:57:14,6,6,0,逼格满满
13257,1745,张谷,2015-12-25 18:55:25,113,117,4,不能为上课而上谷神的课。于“天马行空”中，我窥见了一位学者的学术功底，观得了一介先生的放荡不羁，寻到了我愿踏上的脚下之路。此番际遇，人生哪得几回逢！？
15331,1745,张谷,2016-01-14 01:58:28,2,3,1,发自内心敬佩的老师
17438,1745,张谷,2016-01-20 08:01:06,-3,3,6,讲的超级好！但是作为非法学
20355,1745,张谷,2016-01-27 06:11:07,3,4,1,谷神男神！
20777,1745,张谷,2016-01-31 10:29:14,15,15,0,终于见到了大学教授的风骨 不过等成绩等断魂
20917,1745,张谷,2016-02-18 16:25:16,13,14,1,很有深度，虽然迟迟不出分，但谷神的给分代表着你的真实水平~
21498,1745,张谷,2016-02-29 05:07:08,15,15,0,老师本身非常棒，博闻强识，逻辑严密。打心底里敬慕谷神。债法是我这学期学到东西最多的课，刚开学的时候会觉得听不懂，快期末的时候一节都舍不得错过。还没出分，不过这真的是门分低都愿意上不觉得亏的课。
22733,1745,张谷,2016-03-10 08:00:26,92,96,4,学术翘楚，法学瑰宝。\n\n民国遗风，当代脊梁。\n\n潜心问道，严谨治学。\n\n十年一日，乐在其中。\n\n潇洒随性，淡泊名利。\n\n身处江湖，心在天涯。\n\n有师如此，吾之幸也。\n\n望其项背，窥其一斑。\n\n虽未及也，又有何妨。\n\n漫漫长路，孜孜以求。\n\n学海无涯，已愿平生。\n\n吾爱吾师，先生安好。\n\n                  ------BY YHJ
22908,1745,张谷,2016-03-14 13:24:15,10,10,0,吾师张谷
24098,1745,张谷,2016-04-27 03:40:23,14,16,2,满分老师！长得帅穿的帅举止帅讲课帅给分帅！
24168,1745,张谷,2016-04-28 03:44:17,7,7,0,谷神给分从良了~~看到成绩给分太良心~~~
24393,1745,张谷,2016-04-30 08:50:45,17,18,1,震惊了，这次卷子改得又快给分又高，不禁使我怀疑人生
25774,1745,张谷,2016-06-08 01:16:05,2,3,1,谷神说下一学期不给加课时就不上了，开玩笑似的说的话，不过下学期的确不开债法了。
32674,1745,张谷,2016-07-09 06:55:32,3,4,1,出成绩了，作为非法律专业，平时上课又听得半懂不懂的学生，真的非常非常担心挂科，没想到谷神给分居然高!(考试题目本身确实很有水平，谷神出题水平和讲课水平保持一致
47394,1745,张谷,2017-01-26 02:48:32,5,6,1,帅得一塌糊涂
48225,1745,张谷,2017-03-01 10:04:48,29,29,0,老师简直太风度翩翩了，“民法以人的自由的现实化的最大限度为归属。”，听得我泪流满面?
49551,1745,张谷,2017-04-18 09:23:02,91,96,5,法学院要是都是这种老师，浙大法学院早就是世界级了
51097,1745,张谷,2017-05-17 02:10:29,5,5,0,博闻强识，很容易引申开来，老师的个人经历很丰富，上课能听到很丰富的案例！
52010,1745,张谷,2017-06-14 06:44:06,4,4,0,棒！棒！棒！
52559,1745,张谷,2017-06-21 05:31:17,76,78,2,抛开所有的赞誉，我觉得张谷老师是一个单纯之人，烟火气息很浓但是该纯粹的地方比谁都纯粹。如果把朱庆育比作大侠，那么谷神应该就是一个呤游诗人，感情丰沛，随性执拗。\n\n学术水平高也许能赢得赞誉与财富，但是干净纯粹才能获得真心尊重。一学期课下来，我对张谷老师的学术水平表示叹服，但真正折服我的还是老师的纯粹。
52967,1745,张谷,2017-06-24 08:12:01,33,33,0,虽然有很多人都说谷神讲课天马行空，但是其实谷神每次在课前往黑板上写的条条框框都是内容的框架和要点。谷神自己评价自己是枝枝蔓蔓，其实不然，谷神是在以一些有趣的能让人记住事情或是案例带来深入的思考。不止大侠有体系之美，谷神也有！谨记谷神说过的：现在中国的民法是改革开放三十年来民法教育的成果，而三十年后中国法律的样子就是看你们现在民法教育的成果。
53883,1745,张谷,2017-06-28 02:57:31,3,3,0,大神，真的大神
54564,1745,张谷,2017-06-29 15:35:16,7,10,3,谷神是我进浙大以来遇见的最棒的老师了，没有之一。虽然上课内容会有些乱，而且有些难懂，对于刚接触民法的人来说听起来有些累。但是谷神的课就是有一种魅力，让你会一直听下去，听进去。回去认真梳理就会明白谷神的民法思想，真的很赞成老师的看法。我是谷神的迷妹一只，不管成绩如何，老师都超级棒~\(≧▽≦)/~
55566,1745,张谷,2017-07-02 02:27:37,1,2,1,入校两年却未能上谷师的课，略感难过
55658,1745,张谷,2017-07-02 06:13:41,4,4,0,师者\n\n传道授业解惑者也
58610,1745,张谷,2017-09-09 06:16:58,5,6,1,超级超级棒！纯粹的风骨，大师的沉淀！
59449,1745,张谷,2017-09-21 11:58:19,2,2,0,爱谷神
60473,1745,张谷,2017-10-22 05:19:04,0,5,5,所以不出分是什么意思？
61041,1745,张谷,2017-11-07 10:26:33,3,3,0,此生有此师，足以。
61042,1745,张谷,2017-11-07 10:37:09,0,1,1,挺好的，有难度。
61079,1745,张谷,2017-11-08 06:27:44,2,8,6,前人之言不可信……给分的话看看数据里的绩点吧 如果是追求绩点来的就不要选了
62557,1745,张谷,2017-11-26 02:41:23,1,1,0,畅游在知识的海洋。
64598,1745,张谷,2017-12-25 12:22:19,7,11,4,老师课讲得挺有趣，但是体系性没有朱大侠好，会觉得有些散乱，自己整理的话还是会比较困难。成绩出得是真的慢啊，整整四个月之后才出成绩，非常煎熬。
65388,1745,张谷,2018-01-03 14:26:21,1,9,8,没有PPT啊 然后出分很慢
70465,1745,张谷,2018-01-26 16:05:32,2,15,13,谷神给分居然比大侠还差?上课确有惊艳之处，但总是在讲重复的内容和例子？？体系性真的比大侠逊色，总之我是占队……
85494,1745,张谷,2018-07-18 13:13:55,0,2,2,看看合同法什么时候出分
107817,1745,张谷,2019-05-10 03:48:26,-1,4,5,在？借我2000？
115164,1745,张谷,2019-07-16 15:47:48,2,16,14,考教不配套，仅此而已。
115464,1745,张谷,2019-07-25 15:47:16,4,5,1,请问19年春夏学期合同法出分了吗
116751,1745,张谷,2019-09-15 04:18:49,29,32,3,多年过后，我的儿子告诉我，爸爸，你的合同法出分啦！
117554,1745,张谷,2019-09-26 02:06:43,-6,5,11,地摊....
121774,1745,张谷,2020-01-21 23:54:34,9,23,14,很棒，但是给分很猛，我另外一个人老师的物权法97分，5.0的绩点，张谷老师的债权法就给我68分，2.4的绩点，张谷老师一个人就把我的均绩点拉掉了0.05
121865,1745,张谷,2020-01-23 01:13:07,20,20,0,谷神的课让我真正有了一种在上大学课程的感觉，很多人说谷神的课太天马行空，但是其实每节课上课前老师都会写这节课的提纲，另外虽然谷神时常会扯开话题一些，但是事后仔细听录音就会发现这些扯开去的东西往往是帮助我们理解的。谷神对于民法的很多东西都有自己的理解，鞭辟入里，发人深省，听谷神的课是一种幸运，希望以后还能再有这样的机会。
122621,1745,张谷,2020-03-09 04:37:15,-8,13,21,一般般
128636,1745,张谷,2021-01-24 14:34:02,13,13,0,谷神，yyds！
130423,1745,张谷,2021-01-22 08:50:52,36,38,2,考完债法来评，“详人所略，略人所详”吧，张谷老师上课并非所传闻的没有逻辑和体系，也绝非随意扯淡天马行空，他举的例子（他们家的猫猫、他剪头发的故事、他的核桃等等）都是为了来例证他之前所说的某个观点，或者是引出他下面要讲的内容，所以上他的课一定要时刻集中注意力，认真做笔记。老师的考试其实并不难，就像他最后一节课说的那样，不想把我们考倒，所有的知识点都是上课一模一样讲过的，包括案例分析也是，而且今年还是开卷考。考得好不好，给分好不好暂且不论，个人很喜欢张谷老师，包括风度，包括学识。谷神谷神，yyds！
133189,1745,张谷,2021-02-15 14:16:24,17,21,4,1.22早上考的债法，到今天2.15晚上都没有出分……不过这也好，完全不考虑成绩地斗胆评价一下谷神。\n\n老师只亲自上了14节课，12.14之前讲了那么久，其实都只是罗歇尔德斯债总第一节的内容——看起来讲的很慢，但其实对债总的主要内容都已有所涉猎。\n\n老师讲课内容并不深，往往是从基本概念出发进行推导或者参照德民的规定。因此在“术”的层面，老师就讲了那点，相比于债法的博大精深，几乎没有收获；但在我看来，老师在“道”的层面言传身教的明辨基本概念、考察比较法源流、结合民商事交易实践等等，要比终日碌碌于知识点的记诵重要得多。\n\n另外，老师的人生和治学态度也让我高山仰止。“吃着螃蟹，喝着小酒就坐化了”的生活，我虽不爱吃螃蟹，又如何不羡慕！“除了生死之事，没什么大不了”的仙风道骨，我又要修炼几世才能参透！\n\n附上考试内容：区别有限责任和过失责任中的“责任”；合伙企业对某人的债务与某人对某合伙人的债务能抵销吗？“欠新还旧”放款义务和还款义务能抵销吗？如何判决被告缺席、不行使526条先履行抗辩权（实为法院依职权审查的权利不发生的抗辩）的案件？赠与合同附负担还是单务合同吗、谁能请求履行负担、不履行如何撤销？
133435,1745,张谷,2021-02-28 14:41:01,7,7,0,太棒了！
134229,1745,张谷,2021-03-20 03:54:40,15,15,0,教授的教授
134898,1745,张谷,2021-04-21 12:36:21,2,18,16,一堆人在那说出分慢给分差，浙大只教会了你们这些东西吗？
135273,1745,张谷,2021-05-07 09:50:33,8,9,1,1.22早上考的债法，5.7早上出分了[狗头]
139398,1745,张谷,2021-07-15 11:45:16,3,4,1,好老师，很棒
140730,1745,张谷,2021-09-15 12:12:42,-8,14,22,水平高我承认，但是，但是，但是讲课做一下ppt很难吗，讲的有逻辑一些很难吗，板书工整一点很难吗，哎
140731,1745,张谷,2021-09-15 12:21:10,2,2,0,好啊
140869,1745,张谷,2021-09-17 03:50:03,5,6,1,我是真滴努力了\n\n我是真滴听不懂
140928,1745,张谷,2022-01-13 05:16:22,23,23,0,民总时隔2个月终于出分了（狗头）\n\n谷神给分还是比较严格的，我们这届民总均分大概在65-70之间楼，98个人挂了18个，想水课的慎选，想听智慧的尽管来。
146599,1745,张谷,2022-01-13 05:21:21,4,4,0,大胡子好帅！
148604,1745,张谷,2022-01-13 03:14:53,5,7,2,我觉得老师的教学方法可能不太适合本科生，但也有可能是我太菜了😭
159069,1745,张谷,2022-07-05 13:12:25,3,6,3,8节课就讲保理？
160131,1745,张谷,2022-09-13 14:55:24,22,23,1,他是浙大的瑰宝，但是1.5，1.8或许是很多水平不高的同学选他的课必须付出的代价。\n\n合同法出了分到吸一口凉气，大二一切努力全都白费。
160156,1745,张谷,2022-09-14 02:46:01,9,9,0,谷神的合同法终于出分，谢谢谷神不挂，刚好及格。民总，债法，合同法，还有明天的民案，痛苦与快乐并存
160179,1745,张谷,2022-09-14 08:02:25,17,24,7,给了我的第一个一分来拉一下。\n\n昨晚出分以后整个人都是懵的，考完自以为还可以，看着60出头的成绩只有苦笑。\n\n不否认谷神的能力、也不能说谷神给我这个求是的分数完全是谷神的问题。\n\n只是假如有从头再来的机会我会果断选择隔壁陆帅，成绩不是唯一的评判标准，但对于做不切实际的出国梦乃至保研梦的人而言，两个悬殊的成绩、付出了不一定有收获的成绩，我只能功利地选另一个。
160925,1745,张谷,2022-10-20 00:29:16,4,5,1,民国学者风范！
161101,1745,张谷,2022-10-27 03:02:23,16,17,1,我是一个法学菜狗，但是当时看自己被分到了张谷老师的债法，也听说了张谷老师的课是适合高水平的人去上的，但是我这么菜的人也不在乎绩点啥的，即便还怕挂科，但还是闻名而来。上了老师的债法课虽然依旧改变不了我现阶段是个菜狗的的事实，但是他是唯一一个让我走出了高中那种学习模式的大学教授，真的让我感受到了大学课堂的魅力。我眼里的大学课堂就是可能老师讲的不是循规蹈矩的、不是严格按照屁屁踢的，而是在老师在课堂的引领之下愿意在课下探索出一些东西、在平等的交流中得到自己想要的自己想知道的东西同时又不忘了最基本的课程知识的过程。我当然不能说几点不重要，追求几点的同学都是功力等等这样的话，因为无论怎样，绩点对于大学生而言的确是很重要的，但是在浙大学法错过张谷老师的课程也是挺遗憾的，像我这样的菜狗都有所感想，我想那么多比我棒的同学应该更是受益匪浅的，所以如果可以，建议大家即便没有选课也可以在智云课堂上感受感受张谷老师的课堂~~真的是一种奇妙的感觉~~（虽然但是，菜狗我好害怕挂科，但我会尽力的！）
167103,1745,张谷,2023-01-23 21:02:56,5,5,0,好！！！
169095,1745,张谷,2023-02-24 09:21:26,6,6,0,很好！
169870,1745,张谷,2023-02-28 07:20:10,25,26,1,谷神，我今年都大三了，每次想起民总和合同法的绩点，我还是会不自觉地叹气。\n\n所以我想告知法学院的学弟学妹，如果想追求高绩点，一定不要选谷神，一定不要选谷神，一定不要选谷神。如果你不信邪，我祝你好运。如果你决定不追求绩点，我很推荐你去感受真正的法学课堂。并且希望你决定了，就不要在大三考虑前途的时候像我一样为自己的绩点焦虑和后悔了。我不是说谷神不好，只是想告诉学弟学妹他给分会比隔壁班低10分甚至更多，因为当时真的没人告诉我。
170074,1745,张谷,2023-03-01 09:15:15,9,9,0,普通的我不配选的课罢。\n\n——致合同法
170378,1745,张谷,2023-03-03 09:07:00,11,11,0,可能是由于疫情线上上课的原因，张谷老师这次考试的知识点上课都有所涉及，只要好好听课，成绩并不会差。推荐阅读《德国债法总论》里面可以学习到很多关于债法的知识，考试的许多内容也源于其中。谷神是一个好的学者、老师，不同于课本，他讲述的内容都是经过自己思考、琢磨，从很多案件、法条中总结出来的，真正能够解决问题的。10分！！！
171311,1745,张谷,2023-03-21 10:31:05,12,16,4,民案出分了，大学四年的民法课程也画上了句号，虽然民总、债总、合同法都躲过了谷神的绩杀，但最终还是决定民案来上谷神的课（大家放心，谷神民案的给分会比前三门民法给分好）。可以说，有志学习民法的同学，如果在本科阶段没有上过完整的谷神的一门课将是你终身的遗憾，谷神对于债与责任、处分行为、债务承担与债权让与的介绍等等，会让你对于一些制度有更为深刻的理解，甚至是说直接打通你的“任督二脉”。民法的学习不是一朝一夕的事情，但当你沉下心来去探索民法的世界，你会发现很多惠及你一生的东西。
171555,1745,张谷,2023-03-28 13:22:24,46,50,4,前面有同学说谷神的民案和债法给分好了很多，我仍然要提醒来者：谷神的给分是你参不透的。如果你选了谷神的课，请做好被大绩杀的准备，不要存在侥幸心理，当然也有可能喜提高分（比如今年民案给的就很高）。作为本科选了3门谷神课的人，谷神的给分规律大概是：1.谷神几乎不捞人，哪怕挂了一半的人，卷面分是多少就是多少；2.谷神出卷难度时高时低，如果他出卷内容力求创新、灵活，那绩杀是大概率。他有几年债总、合同法给分很不错，就是他考试内容都是上课讲过的，但我们这届的合同法和上课讲的几乎无关，上课讲了8节保理合同，考试没有出现任何保理内容，基本回溯到了债法原理、甚至民总的内容，最后给分是史诗级的差，我身边好几个同学都因为他的合同法不得不放弃保研而准备考研或者出国。\n\n\n\n今天突然来写这些话，是因为昨晚上非常莫名其妙地（也非常玄幻）居然梦到谷神对我说，“小X，民法学的不错噢，继续努力！”不怕大家笑话，我之前其实也做过类似的梦，上一次出现在这样梦境里的是对我很严厉、但对我也非常关心的高中班主任。我时常想，这会不会是一场关于民法的梦，梦醒了，我能再好好学一次民法，不会再考出一个1.5的合同法。
171597,1745,张谷,2023-03-29 18:09:58,21,22,1,谷神真的是在民法学界造诣很深的大人物，从先生授课时滴水不漏的复杂又顺畅的逻辑推理与论证，就足见先生的学术功底之深。且学者最为难得的是能学能讲，谷神的语言表达真的是法学院里的佼佼者，大方又自信的语气，抑扬顿挫的语调和节奏，每节课都相当精彩，相当出彩。
172239,1745,张谷,2023-04-23 11:14:31,-43,5,48,将南方学生上课不积极归结为小富即安实属不妥，将北方学生学习用功归结为家境不好更属谬论。张座移身地方高校，早应熟知地方高校学生的秉性，奈何总提遥在北京的夕生旧友，北京人命娇贵，旧事重提难免借古讽今，借京讽浙，涨他人志气，灭自己威风…
172240,1745,张谷,2023-04-23 11:07:02,-33,5,38,将南方学生上课不积极归结为小富即安实属不妥，将北方学生学习用功归结为家境不好更属谬论。张座移身地方高校，早应熟知地方高校学生的秉性，奈何总提遥在北京的夕生旧友，北京人命娇贵，旧事重提难免借古讽今，借京讽浙，涨他人志气，灭自己威风…
172241,1745,张谷,2023-04-23 11:07:04,-31,4,35,将南方学生上课不积极归结为小富即安实属不妥，将北方学生学习用功归结为家境不好更属谬论。张座移身地方高校，早应熟知地方高校学生的秉性，奈何总提遥在北京的夕生旧友，北京人命娇贵，旧事重提难免借古讽今，借京讽浙，涨他人志气，灭自己威风…
172552,1745,张谷,2023-04-29 13:57:21,28,28,0,从民总一路上谷神的课到大三，不得不说有些内容还是需要强调一下，谷神给分的水平大概是，最高分小于等于隔壁班级平均分；所以但凡有点想保研/至少不排除保研可能性，选课时还是尽量慎重考虑为上。课程内容质量前面的评论已经很多了，但很特别的是，谷神的课总是很莫名其妙的印象深刻（发现自己以及课友对他的各种小故事回忆异常清晰）。anyway，还是更建议旁听
174750,1745,张谷,2023-06-16 16:38:54,14,14,0,非常棒
175387,1745,张谷,2023-06-24 12:16:54,43,43,0,吾师张谷
176122,1745,张谷,2023-06-28 01:16:24,17,18,1,非常棒啊
178912,1745,张谷,2023-07-31 00:19:56,8,8,0,很好的
179269,1745,张谷,2023-09-06 03:03:35,14,14,0,极好的学者
179301,1745,张谷,2023-09-08 10:04:30,11,12,1,好好好！
181972,1745,张谷,2023-11-07 03:46:44,11,11,0,谷子唱歌可以，有没有懂的
185838,1745,张谷,2024-01-04 19:54:13,24,24,0,许久未见老师发朋友圈了（笑），想他。
190784,1745,张谷,2024-03-19 06:06:35,5,5,0,侃侃而谈时有一种文人风范，你很难不被他的气质所吸引。其实给分是蛮公道的。
191184,1745,张谷,2024-04-11 02:51:59,8,9,1,回应前面说不发朋友圈的，据说是谷神pyq被封了（笑）
192020,1745,张谷,2024-05-08 00:50:59,9,9,0,非常好
194188,1745,张谷,2024-06-22 11:37:24,22,23,1,民法大神，名不虚传。传统民法的功底深不见底，上课风格风趣幽默，但所有发散的例子又都能在恰到好处之时收回来，作为论据精确的证明论点。由于过于喜欢张老师的课，连带着上个学年的课都一并听了，并且听课往往配以一盅小酒，虽东施效颦，但真的过瘾！\n\n民法下的考试今天考完（因为民法上在张老师那里拿了90，导致对自己的真实能力失去了准确的预判），说下感受：因为自己是非全，只能在智云听张老师讲课，从未见过4K清晰的偶像。今天张老师亲临监考，仿佛天神下凡，外表的帅气潇洒飘逸加之距离张老师直线距离仅4.5618米，让我的心跳整场考试维持在110以上，然而最后一大题40分，真的没讲过，完全是考验基本功（which I have little)。15:20考场外电闪雷鸣大雨倾盆，放佛我内心对自己无能的狂吼。本人一生经历大小考试几百场，唯独张老师今天这场，无一人提前交卷。想必大家和我状态相近？又或是觉得提前交卷是对谷神的亵渎？\n\n总而言之，民法下哪怕挂了也是我自己的问题，对谷神的爱和崇敬常青。我看谷神多妩媚，谷神看我未必然。此乃神与人位阶不同，实属正常。\n\n最后感谢浙大，感谢法学院，光为能够成为谷神的亲学生，就不辜负这三年。
194190,1745,张谷,2024-06-22 12:03:00,10,11,1,已老实
197526,1745,张谷,2024-07-18 03:35:51,5,6,1,浙大法学的瑰宝，中国法学界的瑰宝\n\n认真学就有收获，谷神的几门课都拿满了
197653,1745,张谷,2024-07-24 08:45:38,5,5,0,民商法所唯一真神，无需多言。
197703,1745,张谷,2024-08-01 02:42:05,2,2,0,真的好！
198374,1745,张谷,2024-09-08 08:22:18,8,9,1,上完谷神春夏合同法来评价一下：光华瑰宝名不虚传。听谷神讲课确实很享受，而且对学生答疑实际上非常有耐心。回想我问的弱智问题自己都觉得不好意思，但是谷神都认真解答了。不知道谷神什么时候能仔细展开讲讲民法典十一个问题（还是几个问题来着？欢迎同学指正）
198383,1745,张谷,2024-09-08 11:13:00,6,6,0,高山仰止，是在浙大所有法学老师里面最让人心生敬畏心生敬佩的存在，不仅是学术上的点拨，许多话细品很久才会发现精妙所在，此生得师长如此，实在是幸运！
198632,1745,张谷,2024-09-10 09:42:59,8,8,0,法学院上过的最有学者风范和内涵的老师，其本人魅力甚至超越了绩点本身，谷神的合同法考试基本上是课上内容，开卷考，仔细听不仅收获满满，而且成绩也很捞，考完本来特别特别不安，没想到居然没挂，虽然我很菜，但特别感谢谷神的鼓励！！
199494,1745,张谷,2024-09-24 13:22:18,7,8,1,学年总排名出了，虽然一般般的，但张谷的合同法拿了93，冲淡了总成绩的悲伤。爱张谷
199553,1745,张谷,2024-09-25 08:55:20,6,7,1,有助于民法高屋建瓴的了解，并且深刻了解每一个制度背后的原理。
200275,1745,张谷,2024-10-15 09:16:54,8,10,2,加了谷神wx，谷发视频号分享日常的文字特别动人
201761,1745,张谷,2024-11-06 03:56:20,7,11,4,感觉是法学院众多老师中最接近“正常人”标准的老师。那么问题来了，是什么让高校里的老师都那么逆天，不是压榨学生就是搞xsr，要么就是爹味十足，要么就是看上去像50w，导致原本应该只是“正常”甚至有点癫（给分的时候）的张谷显得特别清流。
202070,1745,张谷,2024-11-09 03:13:05,10,13,3,张老师是民商法所唯一真正的学者，但是也被各种排挤...等张老师退休了，民商法就彻底沦为世俗之地了
208720,1745,张谷,2024-12-31 19:07:24,7,8,1,张老师极其极其极其注重基础。同学们可以进行自测，对一些基础概念，如意思表示、法律行为、法人、负担与给付，能否不看书准确无误地回忆。如果做到基础扎实，加上上课认真听讲，考个八十绝对是绰绰有余。以楼下21年真题为例，除了涉及抵销溯及力的问题较难，其他问题的知识点都是民法里相当基础的，甚至只学过民法总论者即可作答并取得相当的分数。这些并不是什么偏难怪的知识。张老师出题只会从上课+基础知识里出题，很少考有争议的问题。\n\n张老师还有四年就退休了，留给同学们听课的时间很少了，一定要好好珍惜。
211833,1745,张谷,2025-01-12 17:08:05,4,4,0,刚听的时候觉得很散很乱。回过头来看笔记，才发现当时觉得谷神在乱讲的东西是法学体系里真正值得注意的。不愧于老师的老师之名\n\n但是谷神有时候会讲串（因为他上很多课且没有文字大纲），而且又不调分。有概率在考试时候面临他自以为讲过但是没讲过，而且出的很难的题。这些题还有可能来自谷神自己的知识体系，根本在其他书上找不到。这时候就是谷神的天级时刻，就算学的很认真也会被绩杀到六七十分\n\n而且这时质问他，他还会嘴硬：“上课我讲过的”或者“找两本可靠的书看吧”。莫名觉得有点可爱😂
216051,1745,张谷,2025-03-10 03:05:41,9,10,1,一想到这样的老师要退休了就忍不住要流泪TT\n\n老师的知识、气度山一样巍峨而平静，永远学不完。上学期职业选择很迷茫，有段时间焦虑到要看医生；找了谷神的office time，那一个半小时仿佛迷航的船找到唯一的灯塔，走出1号楼的时间我甚至以为自己已经来到了另一个世界。敬佩、感激、触动，我感觉怎么也说不尽。
59,1772,高艳东,2015-03-14 15:34:34,17,33,16,杀人如麻的快感。无比幽默，喜欢反常规。给分不错可能是我上的太认真hhhh
2173,1772,高艳东,2015-04-04 13:15:35,21,43,22,没听过高老师的课将是人生一大遗憾
4752,1772,高艳东,2015-06-27 10:47:21,65,92,27,上课各种武侠影片穿越，但也伴有很多知识点，对于刑法的学习帮助很大。
7940,1772,高艳东,2015-11-17 05:22:26,10,25,15,法学院最值得上的课没有之一
8007,1772,高艳东,2015-09-17 00:46:24,7,13,6,可爱的老师
11546,1772,高艳东,2015-12-04 05:33:55,12,18,6,讲课超有意思，又能学到很多东西
12977,1772,高艳东,2015-12-24 12:16:34,4,10,6,浙大第一段子手！讲课超级有意思案例很有趣分析也比较明白～很有个人魅力！总之绝对不能错过～
13061,1772,高艳东,2015-12-24 16:24:21,6,10,4,上课幽默风趣，案例超有意思
16262,1772,高艳东,2016-01-17 15:10:08,6,15,9,最爱最爱最爱的东哥，没有之一
16960,1772,高艳东,2016-01-19 10:07:27,2,3,1,很好～
20159,1772,高艳东,2016-01-26 10:36:29,0,4,4,为什么还没出分啊
20285,1772,高艳东,2016-01-27 02:44:01,6,11,5,太好不过东哥
20522,1772,高艳东,2016-01-28 05:29:27,17,30,13,上课气氛超好 随便提问都能解答 幽默搞笑 很有法学人的素养\n\n就是出分好慢哦
22181,1772,高艳东,2016-03-14 06:08:14,40,60,20,浙大唯一上B站的老师
22970,1772,高艳东,2016-03-15 10:13:58,3,9,6,北车浩，南艳东
23451,1772,高艳东,2017-02-25 06:43:44,0,5,5,啊啊啊高男神
25704,1772,高艳东,2016-06-03 14:59:50,3,5,2,挨个提问哦
26550,1772,高艳东,2016-09-27 15:21:32,4,8,4,最喜欢的老师之一 总是用诙谐的方式讲严肃的法律问题 寓教于乐 引人入胜
26913,1772,高艳东,2016-06-21 14:54:05,22,39,17,认识东哥前，不会笑；认识东哥后，不会哭。
26933,1772,高艳东,2016-06-21 16:46:11,2,7,5,学刑法前  学刑法后多了个男神和兴趣
27471,1772,高艳东,2016-12-27 03:04:02,-50,10,60,学刑法前我不敢杀人 \n\n学刑法后我不怕杀人
27777,1772,高艳东,2016-06-27 13:25:01,4,6,2,一定要听他的课啊超棒！不然好可惜！
28456,1772,高艳东,2016-06-28 09:04:58,5,6,1,很风趣
28549,1772,高艳东,2016-06-28 10:02:29,1,2,1,好好好
28583,1772,高艳东,2016-06-28 10:36:46,13,20,7,很有意思的老师，就是期末考试不按套路出牌哈哈
32675,1772,高艳东,2016-07-09 07:42:25,17,24,7,出分很慢，但是真的很爱他上课！爱上高男神！性别男爱好男?
32704,1772,高艳东,2016-07-10 09:38:19,1,2,1,落草为寇的感觉
32723,1772,高艳东,2016-07-11 15:34:41,3,6,3,讲课有意思给分超人道
32726,1772,高艳东,2016-07-11 16:30:26,5,7,2,讲课超级好给分超级棒\n\n
32727,1772,高艳东,2016-07-11 17:04:32,2,4,2,我就想问有多少满的……
32744,1772,高艳东,2016-07-12 07:47:00,1,2,1,好好！
33012,1772,高艳东,2017-02-19 08:10:20,-1,11,12,我觉得4.3已经很不错了，没想到竟然拉低了均绩QAQ 不过高老师的课真的超有意思啊啊啊啊！而且为人风趣幽默，真是在快乐中学习！作为一个工科生，我愿意因为他多修几门法学院的课！！！
35633,1772,高艳东,2016-11-10 07:36:12,1,2,1,上课很有趣
40469,1772,高艳东,2017-01-03 13:53:16,5,7,2,老师上课很有趣呀！之前一直觉得法律冷冰冰的，没想到可以这么好玩！\n\n100个10分都不够?
40501,1772,高艳东,2017-01-04 01:49:14,1,2,1,超好玩！
40526,1772,高艳东,2017-01-04 03:43:51,6,13,7,无案例不法律，无快乐不学习，无艳东不男神。无法、无讼、无刑，天下大同。
40776,1772,高艳东,2017-02-24 10:33:58,-1,2,3,真的爽
41230,1772,高艳东,2017-01-10 06:34:09,-1,1,2,非常好\n\n
44645,1772,高艳东,2017-01-18 05:20:12,1,4,3,翘这个课会感觉亏大了
47896,1772,高艳东,2017-02-27 05:04:55,3,5,2,男神老师！每一节课大大的教室座无虚席，上课幽默风趣，很棒的体验！让学生们对法律有了新的认识(๑´ω`๑)
47980,1772,高艳东,2017-02-28 01:14:11,3,6,3,高老师上课堂堂爆满，有人建议老师直接在体育馆上课?
48091,1772,高艳东,2017-02-28 11:46:15,-2,1,3,hhh男神\n\n
50436,1772,高艳东,2017-05-03 01:39:33,4,7,3,这老师给他十分我都嫌低！
53528,1772,高艳东,2017-06-27 01:49:08,1,3,2,厉害了，高老师
55501,1772,高艳东,2017-07-01 16:10:19,6,13,7,第一次课6点10分到的，结果在后面站着听了三节，我明明是选上课的人呐TAT 老师很棒，舍不得错过他的任何一节课。倒数第三次课告诉我们不安排期末考试了，只用交一篇案例分析（刑法上，即总论）哇，简直太棒！个性课的首选！！
55794,1772,高艳东,2017-07-02 11:30:31,4,9,5,一下都不知道怎么夸老师，就，选了肯定不会后悔（首先你要选得上哈哈哈哈太热门了
56571,1772,高艳东,2017-07-04 04:00:35,-1,2,3,课上得真心好，三节晚课上下来一点不累。强推
56883,1772,高艳东,2017-12-29 02:00:01,-22,5,27,很棒的老师，下学期能跟着高老师继续杀人抢劫强奸放火真的是很高兴
57628,1772,高艳东,2017-07-11 05:36:38,-7,0,7,讲课有趣 给分不错
59488,1772,高艳东,2017-09-22 01:54:58,-1,3,4,法学院的老师都太棒了 高老师也不例外
66018,1772,高艳东,2018-01-11 03:27:58,5,7,2,老师真的 超级超级超级好
70165,1772,高艳东,2018-01-26 07:47:41,-26,5,31,满了！
70188,1772,高艳东,2018-01-26 08:08:43,3,4,1,老师很好！给分很好！上课超级有趣！\n\n但是想要真正的学习刑法还是要看书，但对于非法学专业的同学，高老师足够了！
70291,1772,高艳东,2018-01-26 11:22:37,1,7,6,没上4的我真的不是很开心，明明写的很认真，:-(，但是老师讲的是真的好，本来也没觉得，后来来了一个带教的，真的有对比才有差距，真的是让人能听的下去的！
74365,1772,高艳东,2018-02-15 06:49:05,-1,1,2,上了他的课，我决定辅修法学。
76020,1772,高艳东,2018-03-24 13:11:33,-2,0,2,特别棒的老师！
76027,1772,高艳东,2018-03-25 00:35:01,-2,2,4,超级棒的老师！！！
80409,1772,高艳东,2018-06-26 07:34:49,25,26,1,其他还行，部分玩笑令人不适
83531,1772,高艳东,2018-07-10 13:51:08,-3,0,3,很不错的老师，强推\n\n
85485,1772,高艳东,2018-07-18 11:03:06,0,1,1,给分是真滴好
91064,1772,高艳东,2018-11-29 10:58:27,7,9,2,刑法老师部分例子使我恶心
91847,1772,高艳东,2018-12-23 01:17:46,3,5,2,互联网与法学…拼盘课，感觉没体系，了解一下还可以
93786,1772,高艳东,2019-01-13 17:05:53,-1,2,3,高老师的课真的超级有趣，给分也特别好！
93787,1772,高艳东,2019-01-13 17:08:18,-1,3,4,话不多说，男神二字
93788,1772,高艳东,2019-01-13 17:09:44,-1,2,3,我！爱上了！
93789,1772,高艳东,2019-01-13 17:58:01,0,3,3,真的可以说是！神仙老师了！老师给分太好了8呜呜呜呜，真的是感动！超级感动！不敢相信的高分！\n\n以及！老师讲课真的是超级生动风趣了！为什么老师下学期不开课了！呜呜呜，没有上过老师的刑法上是真的遗憾！
93793,1772,高艳东,2019-01-13 23:15:31,2,5,3,给他十分是因为只有十分?或许有生之年我还能上到高老师的课吗
93794,1772,高艳东,2019-01-13 23:34:32,2,4,2,老师超级好超级好超级好！男神！帅气可爱幽默！啊啊啊啊超级好！
93796,1772,高艳东,2019-01-13 23:53:19,1,3,2,摊上事 找东哥
93802,1772,高艳东,2019-01-14 00:35:53,4,6,2,上课还行，我真的加分了嘛..
93805,1772,高艳东,2019-01-14 01:09:48,2,4,2,上了老师的课开始关注热点法律事件了！\n\n而且老师真的很好！
93807,1772,高艳东,2019-01-14 01:13:25,5,6,1,无快乐不学习
93828,1772,高艳东,2019-01-14 02:53:47,6,13,7,听高老师的课真的是一种享受~而且给分也出奇的好，不过我觉得收获最大的还是他教给我们的知识，成绩算是附赠品了~
93847,1772,高艳东,2019-01-14 03:47:34,-1,2,3,无与伦比！
93868,1772,高艳东,2019-01-14 05:32:53,0,3,3,给分真的好，下学期不能上高老师的刑法（上）了真的很遗憾
93875,1772,高艳东,2019-01-14 06:18:35,-2,1,3,听了东哥一整年的课啦，给分不错，上课风趣，推推推。
93957,1772,高艳东,2019-01-14 12:35:37,-1,0,1,我就看看什么时候我能变成高老师口中的以前上过我的刑法课的同学现在巴拉巴拉了..
93997,1772,高艳东,2019-01-14 16:22:28,-1,0,1,老师讲得很有趣，人也很幽默
104310,1772,高艳东,2019-10-25 00:54:11,57,93,36,请女同学们尽量和高老师保持适当距离，非诽谤，不然你们会后悔的。
109633,1772,高艳东,2019-06-18 05:23:19,0,3,3,高老师简直男神，事少给分高，讲的还特别有趣
122018,1772,高艳东,2020-02-01 05:57:17,3,6,3,老师讲课超级棒，对外专业的同学也很友好(刑法下)
124221,1772,高艳东,2020-06-27 11:09:46,-4,1,5,刑总：事情很少，给分很好，美中不足的是刑总的体系感不强。老师还是很幽默风趣哒！毫不犹豫打十分！！
124399,1772,高艳东,2020-06-30 05:42:58,-2,1,3,就还行吧
125899,1772,高艳东,2020-09-15 11:58:32,-3,2,5,赞赞赞
134383,1772,高艳东,2021-03-25 14:28:49,1,4,3,太可爱啦超级有趣都给我选法学通论配置好棒！
134484,1772,高艳东,2021-03-30 02:28:24,-4,1,5,好好好！
139209,1772,高艳东,2021-07-13 08:36:05,12,14,2,法学通论，其实如果刑法只是讲段子讲案例的话我去看罗翔老师视频就好了，还是希望能够有一些框架上或者学术理论上的输出。
141367,1772,高艳东,2021-10-12 08:59:23,-3,4,7,老师见多识广从，非常幽默
144887,1772,高艳东,2021-12-25 12:21:10,1,13,12,老师很注重观点的影响，很鼓励学生一起讨论。这学期在上课的同时看了一半老师的《极限正义》，可能有一部分原因是自己看的专著也比较少，老师说的我都很认同，也做了一些笔记。老师经常在群里答疑，有时是半夜一点，还在答疑，很感动。讲的也很清楚。有同学说段子很多体系性不强，私以为老师不是讲不了体系性学术性很强的课，但是老师会更注重观点和思考方向和方法的引导，段子使课堂很有趣，学生们也能快乐的学习，何乐不为呢？苦苦的在教室里学，又要被吐槽无聊了。想要建立体系还是自己去看教科书，那样效率也挺高的。当然有些老师兼顾学术性和可听性，讲的很好，老师们就是这样都有多元化的个性来实践自己的教学观多好呀，学生也要去适应老师嘛，勤快点找到自己的学习方法就好了呀。
149510,1772,高艳东,2022-01-15 16:26:37,16,21,5,私以为这张试卷能体现什么刑法水平呢？是不是出的草率了一点呢？难道是我一个人的看法吗？另外这个给分和隔壁班恐怕也不能相比吧。
149557,1772,高艳东,2022-01-16 02:45:23,79,91,12,只能说盛名之下其实难副。课件陈旧，案例、视频也都是前几年的资源了，不否认老师很幽默，但是这课上起来总是觉得没有学到特别多的东西。相比较而言，徐万龙老师来代一节课，就能显出水平高下了。
159139,1772,高艳东,2022-07-07 03:24:31,1,9,8,评论踩一捧一，没必要吧。想起一句话：评价别人时，进行踩一捧一的比较，是人劣根性的表现。
159152,1772,高艳东,2022-07-07 03:23:28,-25,11,36,某些保研女要高绩没达愿就诽谤老师。上课是真好没的说
159538,1772,高艳东,2022-08-07 09:43:20,10,10,0,本科生凑学分可以选他的课，研究生要选导师的话慎选。
159547,1772,高艳东,2022-08-08 08:33:13,14,17,3,女生，特别是漂亮的女生，请与老师保持距离啊！
160397,1772,高艳东,2022-09-21 09:04:50,2,7,5,底下那个7月7日评分的，7月7日大洗zc的也是你吧，路子一模一样，都是经典女的心机重没拿到高分就报复那一套，呵呵。劝后来者小心为上
161363,1772,高艳东,2022-11-05 02:44:29,64,65,1,经常在群里非常不客气地叫同学帮他做私活
162264,1772,高艳东,2022-11-18 14:38:25,32,32,0,6，利用自身职务之便来压榨学生，nb
163131,1772,高艳东,2022-12-08 01:06:29,46,48,2,上他的课竟然要给他出去开讲座写稿子和做PPT，公课私用，这竟然是我们的作业，自己学生使唤还不够吗？免费劳动力走到哪都是免费劳动力，泪目
163372,1772,高艳东,2022-12-14 03:52:28,30,30,0,很坑，爱白嫖，期末考试一定要让学生买他的书
164022,1772,高艳东,2022-12-17 10:24:49,37,37,0,不是很懂这个分怎么打到9.9的，水平一般吧，上课放的案例和视频有点旧，而且有问题老是说“去看我那本《极限正义》就好了”，为什么不上课就讲清楚呢。怀疑是不是他带过的学生，都人手买一本。作业的话本来是案例分析，但是时不时就在微信群里让学生给他整理案例什么的，算作业。这样真的OK吗？
170621,1772,高艳东,2023-03-07 08:20:49,26,29,3,研究生导师慎选!!!
171956,1772,高艳东,2023-04-13 13:22:33,-13,1,14,感觉讲课很精彩啊
182093,1772,高艳东,2023-11-10 01:26:11,-9,2,11,给9分，9分是因为讲课确实精彩，引人入胜，并且老师实务功底强\n\n缺一分，是因为个人认为上老师的课有的时候会有点“吃不饱”\n\n个人见解：对于刑总基础不是那么牢固的同学来说，高老师上课确实特别好使（可能老师在备课的时候也考虑到不同同学对刑总掌握程度不同），但是对刑总基础相对比较牢的同学来说，老师的授课可能会略微偏浅\n\n个人意见，轻喷
182269,1772,高艳东,2023-11-13 15:46:12,29,30,1,光华法学院有自己的李勇，遥遥领先属于是。奉劝这位别搞什么AI跟法学了，转行去研究马克思剩余价值理论，不得三年杰青五年长江十年院士，好过瞎折腾学生干私活还只是个副教授。
182525,1772,高艳东,2023-11-17 04:53:42,7,8,1,烂人一个
183746,1772,高艳东,2023-11-29 13:43:11,12,12,0,不知道他的刑法上的怎么样，数字法学相关的课我只能说是一坨屎。而且老是在群里叫同学帮他做私活，一学期做了十几次，这是符合规定的吗？
183864,1772,高艳东,2023-12-01 12:38:12,27,27,0,这人什么时候被踢出光华法学院我就给他打满分
184734,1772,高艳东,2023-12-22 10:57:34,23,23,0,xwl来代课。。。高下立见。。。就是没有体系化的讲课，不像是对于法学专业学习角度适配的。主要是用私活代替作业，真的很无语。。。。。。
185781,1772,高艳东,2024-01-04 11:30:05,1,5,4,一招教你们怎么推脱做私活，亲测有效：老师，这个加平时分吗\n\n不过除了这点，我还是蛮喜欢高老师的，很亲和很幽默，而有的老师，根本不敢说话……
186124,1772,高艳东,2024-01-08 17:15:51,18,19,1,非常压榨学生，别选他做导师
190518,1772,高艳东,2024-03-06 17:26:47,5,5,0,虽然出分是真的很慢，但他也是真捞啊
190564,1772,高艳东,2024-03-08 14:36:22,9,9,0,给分倒是还行，但人品真差
190969,1772,高艳东,2024-03-26 13:20:12,0,0,0,。。。
196804,1772,高艳东,2024-07-05 08:29:35,13,14,1,这分数真不是刷上来的吗¿
200065,1772,高艳东,2024-10-12 06:03:33,18,18,0,讲述食品相关罪名时放映了很多小视频。放映行为本身并无问题，视频本身正确性也暂时无法反驳。只是希望老师作为一个学者，对待此类事件能持审慎独立的态度，而非人云亦云、一言蔽之。其他情况亦如此，上刑分只讲段子的话，其实挺不负责任的。
200154,1772,高艳东,2024-10-14 05:33:05,22,23,1,【无意冒犯，给老师提个小小的建议】\n\n建议老师以后不要请李sy博士代课了，不然这样容易暴露自己是水货的事实
201536,1772,高艳东,2024-11-04 06:44:41,-12,1,13,别的不说，就冲精彩小视频都得给个10分
201544,1772,高艳东,2024-11-04 07:20:12,14,15,1,挺不尊重女性的
201754,1772,高艳东,2024-11-06 03:13:34,14,15,1,大家别听楼上瞎说，高老师可厉害了。曾导出菲尔兹奖级成就高艳东等式：硕士生一篇南核一作=免修一门数字法学选修课。以及完成重大工程学项目，强制摊派每名硕士生听十二次讲座否则不给毕业，让数字法学的每个讲座听众人口密度都接近王泽鉴的讲座。从而可以推断，在高老师的加持下，每名数字法学的老师学术成就都约等于王泽鉴。又由于数字法学的其他老师学术成就相比王泽鉴可以忽略不计。故可以推断，高老师学术成就等于一名菲尔兹奖得主加若干个王泽鉴。可惜高老师十年磨一剑，年过四十才有如此大成就，至今连教授都未评上，只能再朝沃尔夫奖和诺贝尔经济学奖努力了！
202415,1772,高艳东,2024-11-12 12:44:31,16,19,3,恶趣味十足，男权思想根深蒂固，乐于在女学生众多的课堂上讲各种黄色内涵段子当众喂屎。讲课稀烂，能把刑分讲成水课也是超级无敌。乐于放血腥恐怖恶心视频，怀疑是cult教徒。
205588,1772,高艳东,2024-12-09 15:22:18,9,10,1,建议大家不要光看评分啊！过高的评分有可能是在玩抽象啊！！我只能说我朋友被坑惨了，求你们打分和评论都慎重！！对这位我的评价：……
206537,1772,高艳东,2024-12-16 02:29:07,-17,2,19,老师分活比较抽象，讲课挺好的吧，怎么谈得上恶趣味什么的，法学院某些群体别给自己加戏了hhh
206582,1772,高艳东,2024-12-16 07:45:58,18,19,1,没懂，这种老师怎么上的九分。上课全是水货，给学生派私活，觉得让学生给他帮忙是学生的荣幸一样……真的让人身心不适。谈到行贿的时候甚至态度的偏重点是如何从纪委审查里脱身？这是一个老师应该有的价值观吗……对女性不尊重这点都懒得说了，性别强调太明显了，在课堂上装也不装个样子，一脸的自大自傲。。。感觉不到性别问题的大概都是男生们，既得利益者感受不到冒犯是能被预料的，但感受不到不仅不沉默还反过来嘲讽才是无法预料的低素质行为。
208405,1772,高艳东,2024-12-29 15:46:29,10,10,0,纵观评论，这人大概在2016年左右的某个节点受了刺激失心疯了，现在评分最多2分。不过给分确实好，在全勤的情况下，想必也是深谙浙大学生的脾性。
210131,1772,高艳东,2025-01-21 15:53:53,8,11,3,正经文章发不出来，环球时报专栏倒是发了一篇又一篇（都是根据学生的私活改的），学术道德和学术水平都是法学院地板。
212884,1772,高艳东,2025-01-15 07:02:00,3,3,0,叫学生做私活当作业，量基本都很大，超过案例分析或者读书报告这种常规作业的量，而且上课有些观点会令女生很不适，会放很多没必要的小视频，个人不太喜欢，目前给分还未知
214049,1772,高艳东,2025-01-23 09:44:59,3,3,0,刑分上课节奏会比较快，讲得不会特别深入。是真的很喜欢给学生派私活。。。没抢到的话压力会比较大。。。
7018,1787,应坚,2015-08-28 11:34:16,1,9,8,干货丰富
10294,1787,应坚,2015-11-18 02:55:38,5,13,8,很有干货的老师，上课会随机抽问
14831,1787,应坚,2016-01-09 15:52:47,1,7,6,灵魂得到了得到了升华
14832,1787,应坚,2016-01-09 15:53:57,0,4,4,有一种双十一免单的感觉！很有气质的老师！给分中肯！\n\n
22411,1787,应坚,2016-03-04 15:07:29,0,3,3,挺好的\n\n
30848,1787,应坚,2018-06-14 03:58:25,0,2,2,害怕被提问，不敢翘课
32325,1787,应坚,2016-07-06 07:13:29,0,5,5,备课充分，课程内容翔实，会点人回答问题，国经给分比较实在，国际税法给分很好
36418,1787,应坚,2016-11-13 11:19:18,0,3,3,给分棒有干货人美有气质
70573,1787,应坚,2018-01-27 08:37:05,2,8,6,温柔，真的有气质，美女老师，看不出来年龄，给分也好，但是大家可能到期中小测以后就不怎么听了，还是有一点功利了
71684,1787,应坚,2018-01-29 00:38:05,1,5,4,觉得论文认真写给分还是挺好的啊……
94809,1787,应坚,2019-01-18 08:30:53,0,3,3,老师实在是善良 温柔 体贴
102975,1787,应坚,2019-02-25 07:29:51,0,2,2,老师会随机抽问，相当于点名了
131571,1787,应坚,2021-01-28 04:57:24,0,3,3,老师人真的很好，很温柔。国际税法是最后一次开课了，老师还是尽力讲好每节课；给分也好。希望以后国经课堂上大家不要逃课，尽量都去上课
132146,1787,应坚,2021-01-30 13:16:46,2,4,2,老师人好、温柔、善良，希望大家不要翘课
133852,1787,应坚,2021-03-08 07:17:27,1,2,1,总提问
147852,1787,应坚,2022-01-11 04:13:28,-5,4,9,学校国际法相关的老师都好女神！！高亮是应老师每节课会点人回答问题的（主要是课件案例，早八也不敢逃很痛苦；讨论课可以跑，但是人少可能签到加分。课程本身，老师真的讲的很好，不同于马工程长篇大论，课件展开内容很简洁又很有用。上课可以划水，她讲的比较多的地方，还有课件案例记一记就够期末用了！！期末五道案例题，完全是课堂笔记针对考察，给分也很和谐👍
148025,1787,应坚,2022-01-11 11:00:51,2,5,3,给大四的开的课还总提问+期末闭卷，不想多说了。\n\n听说下一届学弟学妹培养方案上这课是选修？真好。
148140,1787,应坚,2022-01-11 15:15:27,1,12,11,每节课点名抽问+小组展示，期末闭卷，给分很不好，不知道怎么改卷的。上课很爱拿案例水时长，几个案例一节课时间就过去了。PPT内容只有框架，逼着别人去听课。自己看看上课有几个人听吗？不提高自己上课质量，靠点名和期末闭卷只会让人更加讨厌这门课。\n\n总而言之这门恶心课结束了，告辞。
155427,1787,应坚,2022-06-12 14:23:42,1,2,1,老师美丽大方，讲课用心，课程设置和老师没关系吧...
167636,1787,应坚,2023-01-18 02:21:24,1,2,1,应老师人挺好的。上课会点名回答问题，讨论课助教也很nice，最后给分也挺好的。
173619,1787,应坚,2023-05-30 10:49:57,2,3,1,超级好！！女神！！
185799,1787,应坚,2024-01-04 12:36:59,11,11,0,还行。\n\n（在法学院评价某个老师还行已经是相当高的评价了）
188558,1787,应坚,2024-01-19 08:43:07,2,5,3,国经期末很友好～全是课上讲过的案例，给分也超好，推荐推荐。老师人很温柔，全程无压力上课～
189984,1787,应坚,2024-02-05 17:13:25,2,5,3,平衡性满分，期末闭卷但是压力巨小，全部都是上课讲过的原题。给分巨好无比，巨好！狠狠推荐了，比闭卷考试还香！
198996,1787,应坚,2024-09-14 00:02:16,14,14,0,就照着ppt念\n\n不如谷神好的都不好
201483,1787,应坚,2024-11-03 23:49:27,-8,9,17,这么大岁数了还是个讲师引人发笑
207482,1787,应坚,2024-12-22 09:30:24,3,4,1,老师人美心善！
212607,1787,应坚,2025-01-14 09:13:37,0,2,2,老师人很好很温柔很有亲和力，期末考试内容也很合理。课上有很多案例题帮助理解，还会给出标准答案，特别清晰，之前上过cl国际法的应该懂什么含金量。。。
214695,1787,应坚,2025-02-17 00:59:06,0,0,0,老师讲课很清楚，给分也很善良，这学期的助教姐姐人也特别好，体验感很棒的一节课。老师讲课其实很多是PPT以外的内容，给的PPT相当于一个提纲，重点的细节内容还是得听老师讲，不是照着PPT背就可以的，而且很多东西需要听老师解释完才能真正理解并运用，老师一般都会解释的比较清楚易于本科生理解，实在不理解也可以课间去问老师。考卷里面知识点基本是老师上课有强调过多遍的。最后老师甚至会额外花时间帮我们分析期末试题。
3875,1830,胡铭,2015-06-17 07:11:55,-3,17,20,挺好的 讲课挺认真 干货满满
16631,1830,胡铭,2016-01-18 14:42:54,-8,9,17,给分不错！
16747,1830,胡铭,2016-01-19 01:48:31,4,27,23,萌萌的台湾腔  讲课很好  给分很高 双商均高
16791,1830,胡铭,2016-01-19 03:26:31,-7,9,16,讲课不错 考前真的背的很辛苦 但是给分不错哦！
25436,1830,胡铭,2016-05-19 03:28:31,-4,11,15,刑诉讲的很实用，给分好、期待另一门blessing
32962,1830,胡铭,2016-08-30 01:54:17,18,44,26,感觉对学生蛮上心的，而且自身的学术底蕴也很深厚。声音好听23333
39366,1830,胡铭,2016-12-22 08:01:44,-5,12,17,棒棒哒
40161,1830,胡铭,2016-12-29 13:45:57,-2,15,17,太喜欢胡老师了，非常有人格魅力，学术做得好，讲课也很棒
40313,1830,胡铭,2017-01-02 07:41:27,-5,11,16,强无敌的老师
43359,1830,胡铭,2017-01-16 07:40:37,2,20,18,老师上课超棒的，我不是法学专业，但是听课感觉很棒，氛围很好。而且课程任务不重，老师很为非法学专业的我们考虑呀考试也不难，认真看过书就可以了，给分也是超级棒的，比心！
43368,1830,胡铭,2017-01-16 07:49:19,-3,12,15,给分好 人格魅力超强 最爱 课程压力小～表白老师
43396,1830,胡铭,2017-01-16 08:12:18,-2,15,17,给分超好，干货满满
43399,1830,胡铭,2017-01-16 08:13:53,-6,9,15,老师优秀课也讲的有趣，考核说想减轻外系负担，开卷，给分也超良心，谢谢老师！
43424,1830,胡铭,2017-01-16 08:51:13,-5,9,14,老师讲的好好啊，人也好亲切好萌，给分也好好啊！
44895,1830,胡铭,2017-01-18 12:52:23,-2,13,15,上课有趣！人很好玩也超厉害！给分超良心！表白！表白！
44901,1830,胡铭,2017-01-18 12:56:00,-7,11,18,很实用
46421,1830,胡铭,2017-01-21 13:51:00,-2,13,15,老师人超级好  非法学专业也完全可以听懂  听完感觉非常有收获  虽然是专业课  但很为外系同学着想  最后考试是开卷的  而且在课堂上做  认真看过书都没什么问题
47085,1830,胡铭,2019-04-08 13:18:48,-21,24,45,垃圾老师\n\n
50242,1830,胡铭,2017-09-30 02:58:12,-7,10,17,蛮好的
50322,1830,胡铭,2018-01-30 22:56:36,-26,18,44,垃圾老师
53526,1830,胡铭,2017-06-27 01:47:37,-5,10,15,有幸能上老师的刑诉
59345,1830,胡铭,2017-09-21 03:13:28,-13,16,29,垃圾老师
60294,1830,胡铭,2018-01-30 22:56:25,-21,14,35,垃圾老师
65592,1830,胡铭,2018-01-07 00:51:25,-5,21,26,只会吹牛不会上课的老师
72532,1830,胡铭,2018-01-30 10:07:19,-2,10,12,老师本人还是挺厉害的，但是一个学期让博士生代课了四五次，而博士生的上课我只能用敷衍二字来形容。虽然知道代课是事出有因，但我也只是客观陈述而已。给分还是可以的，复习的话重点就是上课的PPT，可以说PPT没有的都不会考，所以学弟学妹们认真听课记笔记，教材适当看一下，应付考试足够了。
72587,1830,胡铭,2018-01-30 12:45:58,-2,11,13,其实我觉得胡铭老师讲课还不错，虽然没有太惊艳，但是至少把刑诉讲得不无聊，况且刑诉本来就很无聊复习都快吐了。呃不知道下面刷屏的那位同学是出于什么心态。胡铭老师人很可爱有种温润如玉的感觉，给分也不差。刑诉考试就是背背背，特别是细的知识点，越细越爱考:）
74380,1830,胡铭,2018-02-16 06:36:56,-11,13,24,垃圾老师 只会吹
79483,1830,胡铭,2018-06-06 11:23:54,-4,7,11,老师是很忙，有时候会让博士生代课。但是！今天代课的那个时不时会说日语的幽默风趣的胖胖的博士生好可爱啊！
83238,1830,胡铭,2018-07-10 03:18:10,4,12,8,神课，上课表演直接加五分。
83242,1830,胡铭,2018-07-10 03:26:13,-2,9,11,上课很有趣，事情也不多，考试开卷看遍书就好了，给分很棒！
83249,1830,胡铭,2018-07-10 03:33:52,-2,7,9,真的是良心老师啊，慰藉我考试周受伤的心灵。上课讲的风趣幽默，通俗易懂。平时也不点名，有事情可以跟他请假。每次上课前会抽几个人提问，但都很简单，回答不上来也没关系哒。考试也很简单，开卷，基本上看看书、ppt都能找得到的。给分也好。
83263,1830,胡铭,2018-07-10 03:43:59,1,10,9,考试写到手断然而给分并不好，辅助法学以来少有的低分，摸不着头脑，不过老师人是很好的
83280,1830,胡铭,2018-07-10 04:07:44,-4,6,10,好老师，课讲的好，给分也不错\n\n
86069,1830,胡铭,2018-09-03 11:55:25,14,23,9,莫名其妙
87148,1830,胡铭,2018-09-21 02:34:58,-8,3,11,老师上课形象生动，特别有意思，给分很好?
98257,1830,胡铭,2019-01-23 08:47:02,3,17,14,垃圾老师
102793,1830,胡铭,2019-02-23 06:00:00,2,12,10,首先，本人非法学专业也不辅修法学，上这门课完全无压力。老师上课经常讲一些有趣的案例，平时零作业，只有上课之前会抽三四个同学来回顾上节课的知识点。其中一堂课上有案例表演，我们那次是审讯杭州保姆纵火案，自愿上去表演的同学期末卷面可以加五分～期末开卷考，考前会划重点。考卷上除了最后一道论述题，其他都能在书上找到答案，只要考前翻过书，熟悉大纲逻辑，真的很简单。最重要的是给分真的很好！三学分的课4.8！！性价比真的趋向于无穷大！
108139,1830,胡铭,2019-05-15 13:54:36,4,12,8,不喜欢
110025,1830,胡铭,2019-06-21 10:46:05,3,14,11,老师人不错的，但刑诉法期末考试试题重复率实在过高，建议改正
116680,1830,胡铭,2019-09-13 03:25:38,-9,5,14,性价比趋于无穷大的课，老师很好商量
118113,1830,胡铭,2019-10-21 03:57:38,10,21,11,不怎么样
123887,1830,胡铭,2020-06-15 17:43:09,-8,3,11,非常好的老师
137653,1830,胡铭,2021-07-05 13:09:25,-7,7,14,胡铭老师和牟绿叶老师的刑诉务必要好好看PPT，不用看法考，法考书太详细会浪费时间了。PPT有些东西最好可以背下来，不然简答题做不出，裂开
139468,1830,胡铭,2021-07-16 08:24:45,-5,4,9,刑诉老师只上了两次课，很有趣，但可能是公务繁忙，PPT没有更新😂
150396,1830,胡铭,2022-01-24 07:38:04,8,13,5,给分很差
155377,1830,胡铭,2022-06-12 01:50:54,34,57,23,狂妄自大，法学院的风气就是被这样的行政领导败坏的
159129,1830,胡铭,2022-07-06 13:45:02,-8,11,19,年轻有为的院长，有人格魅力。有些评论真心不入眼，，匿名就是随心所欲是吧
160484,1830,胡铭,2022-09-24 04:30:38,-9,11,20,法学家
170393,1830,胡铭,2023-03-03 13:24:48,-7,5,12,莫名其妙 强制严格点名 课程也选完了也没法退了 在外地实习的也不可能回得来 不知道脑子怎么想的
171599,1830,胡铭,2023-04-05 12:02:55,-4,10,14,感觉胡老师其实还可以
171639,1830,胡铭,2023-03-30 11:14:09,-4,9,13,听课感觉挺舒服的
171902,1830,胡铭,2023-04-11 17:06:04,-4,8,12,老师的课讲的还行，就是平常太忙了，见到的比较少
178755,1830,胡铭,2023-07-22 02:24:54,3,8,5,自我感觉很好，呵呵
178770,1830,胡铭,2023-07-22 05:17:05,0,38,38,看了一下学生的评论，浙大法学院学生的素质这么差的吗？人无完人，在你们肆无忌惮地对老师评头论足地同时，是否想过自己又是否是一个合格的大学生，更何况是浙江大学的学生，尊师重道懂吗？基本的修养有吗？道听途说以讹传讹，污化老师名声，什么居心啊？请大家嘴下留德
178926,1830,胡铭,2023-08-01 07:19:03,2,10,8,势利小人
181176,1830,胡铭,2023-10-11 02:42:01,0,0,0,没怎么接触过
181787,1830,胡铭,2023-10-31 17:46:18,12,14,2,接触的挺少，不作评价，但论文似乎发了不少
198078,1830,胡铭,2024-08-28 19:57:21,1,5,4,势利眼
200567,1830,胡铭,2024-10-19 08:59:10,2,4,2,阴险矫正 浙大你真行
201762,1830,胡铭,2024-11-06 04:29:36,16,23,7,法学院搬到山上不就是为了不受外界干扰么，胡铭还主动跟行业冥灯阿里深度合作。短期确实在学生就业和文章发表上有些收益，但是长远来看必然把整个数字法学方向带进沟里。以及，24年数字法学方向招了12个博士（2023年招了5个），老牌强项宪行才招了4个。这么搞就等着闹笑话吧。
202218,1830,胡铭,2024-11-11 02:02:45,14,17,3,“有人对我说，胡老师，您好歹是法学家呀，怎么还给本科生上课”。得，杰出青年法学家给我上课是我八辈子修来的福分。这么不想上可以不上的。
204955,1830,胡铭,2024-11-29 03:45:26,8,11,3,食堂遇到，饭桌上大侃培训班生意经，搞个数字法学闹麻了😅
205266,1830,胡铭,2024-12-06 05:09:32,6,9,3,精于钻营，势力眼
208421,1830,胡铭,2024-12-29 17:24:17,8,13,5,胡老师在他学生中的风评极好，但是任人唯亲，搞个独立王国数字法治研究院不让其他人插手，连行政秘书都是单独的，手底下人骚操作那是一堆一堆，真的是胡搞。
210183,1830,胡铭,2025-01-09 14:17:00,9,17,8,浙大法学本来就没有自己的C刊，大牛如林来梵、孙笑侠、朱庆育也先后出走了，过几年谷神退休以后发展前途更是渺茫。胡院长大力推行数字法学，自己办刊，也是想在此弯道超车吧。如果能做起来当然是好的，但是目前来看，难。\n\n国内的话，稍微有影响力的学者都从来不来参加法学院办的学术会议，来的都是像什么阿里、蔚来的副总（这两家，呵呵）。讲个笑话，前两年办的高端论坛，梁慧星老师受张谷老师邀请当时在之江开讲座，也没能邀请为嘉宾，可见法学院学术声誉有多糟糕。\n\n国外的话，看看你交流的都是什么档次的学校，前年跟帕绍大学交流，今年跟静冈大学交流。档次已经不高了，更不要说数字法学学科点就没有会日语或德国的老师。也就图一乐。\n\n数字法学的老师就更不用说了，什么玩意，人品和水平都比其他学科点差一大截。学生要发文章，人脉和指导是绝对不会提供的，没那实力，能不让学生干杂活和抢一作就不错了，但是也有很多老师做不到。\n\n自己本来学术水平差也就罢了，看看你的管理水平。数字法治研究院办讲座，水平低没人听，搞强制摊派，学生少听一场就卡毕业，玩的是真脏。这样学生想去交换、去外地实习都不成，只能拴在之江听这些个水讲座。支持已经不指望了，还拼命拖后腿，就这还想做出成绩呢。\n\n就这还倾斜一大堆经费、教师名额、保研名额、博士名额在数字法学方向。你搞的这个数字法学，别说跟国外、清北人政比了，就算跟北航、川大比都拍马也比不上，而且差距只会越拉越大。招这么多博士又没有能力培养，到时候毕业、找工作都是问题。\n\n楼下的，胡院确实是一个优秀的学者，对事不对人。但是他办的数字法学有非常大的问题，而且正在吸引很多不明真相的同学加入。胡院是有功有过，但功是他自己的（实际上是法学院师生的努力），很多人的前途就被这个“过”一笔带过了。
210502,1830,胡铭,2025-01-09 09:07:46,6,14,8,数字法学确实饱受诟病，楼下的诸多问题确实存在。\n\n但是有一说一，林来梵、孙笑侠、朱庆育等人的出走，那都是朱院和周院时期的事情吧，跟胡院关系不大？更何况孙老师已经回来了。\n\n想办刊的出发点也是好的，不止是数字法方向的期刊，浙大法律评论在霍老师等人的努力下后续也会做起来的。按照楼下的观点，目前法学院的基础不好？那就躺平不办了？\n\n另外，胡院学术水平不差吧。。。虽然不是顶级法学家的水平，但在浙江也过得去了，法学院确实也没几个能打的啊。浙江的法学研究土壤就是这样。\n\n总之我认为还是要客观看待，胡院有功有过，没必要总是带有个人情绪进行批判！
210505,1830,胡铭,2025-01-09 09:29:09,5,7,2,一到寒假就封校
215879,1830,胡铭,2025-03-06 11:08:40,-17,0,17,封校都能怪他了？惊呆了，冬天防山火一直都封好吗。
216614,1830,胡铭,2025-03-23 11:52:03,15,16,1,数字时代的轻罪治理都来了，把两个热点简单拼接起来，就离谱
217952,1830,胡铭,2025-04-18 09:18:20,7,9,2,每次见到学生都一副睥睨众生的吊样，领导一来又谄媚的要死，实在是对比太明显，媚上者必欺下😅
5675,1860,金彭年,2015-07-09 06:20:50,2,5,3,有点听不懂他讲话
70375,1860,金彭年,2018-01-26 14:12:57,2,4,2,讲的很好
73941,1860,金彭年,2018-02-03 16:30:28,2,4,2,名词解释：巴托鲁斯、李浩培。。。
76751,1860,金彭年,2018-04-20 15:19:14,2,6,4,（自我感觉，也许带了滤镜....）上课真的好像没什么好听的....听下来记下来的就是“学国际私法使人长寿”（当然也有我的问题）。考试什么的考历史啊然后我根本没有复习，给分也不好，很累了.....emmmm你们加油，司考书对考试作用为1/100......
121205,1860,金彭年,2019-12-30 03:44:27,2,4,2,感觉思维停留在遥远的过去 连同他第一节课晒出的荣誉 讲课少有干货
135302,1860,金彭年,2021-05-08 00:35:11,2,2,0,其实老师很和蔼的，人很好，就是口音有点重了
141936,1860,金彭年,2021-11-01 09:19:59,1,1,0,金老师真的很好很和蔼
142704,1860,金彭年,2021-11-15 09:37:57,0,2,2,很和蔼，很为学生着想的老师，会商量期末论文的ddl，但相应的会要求质量，这也是应该的。宽容和严格结合，很好的老师。
153050,1860,金彭年,2022-04-24 09:55:34,2,2,0,老师很和善慈祥。只点过一次名还提前通知了，而且就算没到也不扣分。口音略重，不是很好听懂。讲课稍微有点小迷，但比隔壁班好太多，可能是国际私法这门课本身的问题。给分很好。
153051,1860,金彭年,2022-04-24 09:55:34,0,0,0,老师很和善慈祥。只点过一次名还提前通知了，而且就算没到也不扣分。口音略重，不是很好听懂。讲课稍微有点小迷，但比隔壁班好太多，可能是国际私法这门课本身的问题。给分很好。
153073,1860,金彭年,2022-04-25 01:49:24,0,0,0,虽然点名但说最后不计入成绩，老师人很慈祥很好
153178,1860,金彭年,2022-04-27 11:48:43,1,1,0,😁😁😁😁😁
153593,1860,金彭年,2022-05-05 10:25:17,4,4,0,超级和蔼的爷爷，像家里的老头一样，还会经常叮嘱大家要开始记忆了啊，我们是闭卷考！讲课和课程任务比隔壁班好了太多，不过上课也没什么内容，念PPT重要的部分然后展开补充一些不重要的部分。基本不拖课，最后一节还能省下来，进度好评！考题有点迷，不过不一定是金老师出的，平时说的很重要的平时作业应该也给分宽松，总之就是很仁慈给分好
158599,1860,金彭年,2022-06-30 14:06:04,0,0,0,很好的老师，为人师表，是我学习的榜样！
159192,1860,金彭年,2022-07-07 15:11:07,0,0,0,上课感觉很无聊
159545,1860,金彭年,2022-08-08 08:31:11,0,0,0,金老师真的很好，和蔼可亲，平易近人，讲课风趣幽默， 给分也很nice
159546,1860,金彭年,2022-08-08 08:31:14,0,0,0,金老师很有学问很有内涵，就是可惜胆子比较小。
4354,1927,郑观,2015-06-19 10:09:01,15,22,7,讲得真的听不懂。
4631,1927,郑观,2015-07-10 08:17:41,6,7,1,观哥^_^
4758,1927,郑观,2015-06-27 12:48:28,12,13,1,帅啊
5836,1927,郑观,2015-07-09 14:51:16,2,5,3,赞
6025,1927,郑观,2015-07-10 09:48:46,52,58,6,魔性的笑脸
6184,1927,郑观,2015-07-11 16:04:47,21,22,1,魔性的东北口音\n\n
6826,1927,郑观,2015-07-23 08:31:44,4,5,1,老师好帅
8536,1927,郑观,2015-09-22 07:23:24,9,10,1,大长腿！！！
14928,1927,郑观,2016-01-11 04:12:50,1,3,2,:-)
29410,1927,郑观,2016-06-29 17:22:57,12,14,2,魔性的笑脸，以及颜值担当，也是暖男～就是好难懂啊
55039,1927,郑观,2017-06-30 16:25:08,15,17,2,观爷是正牌的德系民法体系出身，讲商法公司法高屋建瓴，几个案例也都很有价值。\n\n\n\n考试只能带法条，难度不算大但覆盖面很广。\n\n\n\n当然观爷的笑容确实很魔性啦∠( ᐛ 」∠)＿
56753,1927,郑观,2017-07-04 14:16:58,3,4,1,讲课很棒啦
57644,1927,郑观,2017-07-11 10:51:10,6,7,1,观爷，德系出身，无论商法还是民法，都非常厉害。给分也棒。
74818,1927,郑观,2018-03-06 04:19:23,7,9,2,老师又帅又像林永健！！
74830,1927,郑观,2018-03-06 05:10:03,4,6,2,老师很可爱 嗯(≧∇≦)
76638,1927,郑观,2018-04-17 03:16:12,-14,16,30,ummmm\n\n学得好不一定能够很好地讲出来，我只能这么说了。\n\n\n\n老师自身的求学经历真的是十分辉煌\n\n\n\n但是真的听不懂\n\n\n\nppt：每一次课会前后翻，因为没什么体系序号，所以很多时候会云里雾里不知道在讲哪个地方\n\n法律嘛，需要多举例子来说明，但是很多时候不能举出很恰当的例子，废话太多，例子中会说很多不相关的话……\n\n笑脸：很魔性很“假”( ･᷄ὢ･᷅ )\n\n连贯性：经常会蜜汁停顿，也许是没怎么备课\n\n\n\n但是商法好像就这么些老师，没得选，怎么学，学得怎么样还得靠自己\n\n蓬生麻中 不扶而直吧\n\n————————\n\n看见某些帅气男老师就智商清零的女生请忽略上述评论
80763,1927,郑观,2018-06-30 12:26:42,3,6,3,很棒哦
85378,1927,郑观,2018-07-17 09:56:56,0,9,9,说好的给分好？？没有感受到……老师自己确实厉害 但是上课也真的迷就是了：）
85674,1927,郑观,2018-07-25 03:19:04,6,10,4,老师人很有趣，最好坐前排，不然上课真的有点跟不上。考试题量比较大，一定要对法条非常熟悉而且手速够快，注意分配时间免得后面来不及写，看清楚是什么公司。给分的话个人感觉还挺好的。
103169,1927,郑观,2019-02-27 16:06:35,8,12,4,真的喜欢
103178,1927,郑观,2019-03-12 09:46:49,-32,10,42,装逼老师，假笑男人
105005,1927,郑观,2019-04-02 06:23:35,-27,7,34,讲的什么玩意，听不懂，上课全程装逼。
105083,1927,郑观,2019-06-04 05:18:55,31,32,1,商法总论与公司法，又名 徐同学的商业人生
105189,1927,郑观,2019-04-07 03:02:56,-28,8,36,装逼老师
105367,1927,郑观,2019-04-10 23:18:01,15,19,4,去你的装逼！老师这么好这么耐心，乐观怎么了？你看不懂别人的谦虚是你傻逼吧卧槽。
106977,1927,郑观,2019-06-30 04:17:30,11,13,2,我不管老师全法学院最帅！
107633,1927,郑观,2019-05-08 00:31:53,6,7,1,老师真的很好很好，像一个大哥哥，上课超级有趣，每次商法课都意犹未尽
108326,1927,郑观,2019-05-21 06:41:55,0,4,4,求求老师把声音放大点....
109710,1927,郑观,2019-06-18 15:35:35,7,7,0,不管是授课还是人品都无可挑剔，不论最后成绩如何，观爷都是我最爱的老师！
110884,1927,郑观,2019-06-28 12:49:33,-20,5,25,真的听不懂，迷之转折，ppt很难看懂，真的不是很有逻辑，不否认他懂的很多，但是我觉得讲课讲的很乱
112129,1927,郑观,2019-07-03 17:11:18,7,7,0,对了答案以后 我只能说 我这个成绩 老师尽力了
112195,1927,郑观,2019-07-03 21:47:22,7,8,1,感觉对完答案之后对这个成绩有点惭愧了，可能平时有认真问问题，所以观爷手下留情了叭。论上课而言个人认为是一个好老师，至少我觉得逻辑还是清楚的，郑老师本身也很亲切嘤嘤嘤
112389,1927,郑观,2019-07-04 03:42:05,20,20,0,真的爱了，老师的授课水平，人品，生活态度，给分，都是一等一的好
112426,1927,郑观,2019-07-04 06:23:29,18,18,0,第一遍听确实有点难懂，回听录音的时候就会发现观爷真的很用心了真的不断在强调重点，偶尔还替我们总结知识点，太爱了。讲课画风就不多说了，我简直要爱上北方口音了！
112470,1927,郑观,2019-07-04 09:57:55,8,8,0,郑观无敌我一生吹
112920,1927,郑观,2019-07-05 11:03:28,9,9,0,最喜欢听观爷的调调，连上三节也不觉得累！and观爷的课件是真的详细，讲得也很透彻，强推！
122849,1927,郑观,2020-04-14 13:35:37,9,9,0,好得不得了
145969,1927,郑观,2022-01-04 16:12:33,8,8,0,郑老师人很好，授课良心，对待学生用心，是完全不吝啬给学生指导的人
147104,1927,郑观,2022-01-08 17:11:59,10,10,0,郑老师真的很好，不只是上课，还可以跟老师聊未来的规划，老师会给很多有用的建议，强推
148898,1927,郑观,2022-01-14 02:13:41,5,5,0,大爱老师，从不点名。经案有很多实用知识，听很有用，不来也没事！期末一篇案例分析，还照顾大家变成两周交，给分很好
148920,1927,郑观,2022-01-14 06:06:03,6,6,0,这学期上了经济法案例研习，老师课讲得很不错，内容有趣也能学到东西，只有一个不超过3000字的期末作业，老师为了照顾同学期末复习和考研还给了两周时间写，可以说是非常体谅学生了！给分绝好，推荐大家选～
159142,1927,郑观,2022-07-06 16:25:11,33,43,10,长的帅有错吗，就是装逼？女生喜欢就是智商清零了？你个傻逼挫男，自卑泛滥了吗，在这瞎比比
159285,1927,郑观,2022-07-10 15:54:57,7,12,5,之前因为很多女生吹他对他感觉一般，但后来经常遇到他认真备课(地点不说了）和安静阅读，真的觉得他是个很好的人。
170288,1927,郑观,2023-03-02 13:11:50,10,12,2,上了第一节课，目前感觉老师超级好，点名还会提前告诉我们点哪些人，也分享了很多中肯的经验，上课的时候老师跑出一个问题、知识点，我坐在底下一个都回答不来，真的很惭愧
180938,1927,郑观,2023-09-28 12:00:50,3,4,1,郑老师讲课逻辑很清晰，也超级有耐心，很棒！
181966,1927,郑观,2023-11-07 00:56:41,0,1,1,郑老师逻辑非常清晰，他的课各方面都非常棒，强推！！！
191357,1927,郑观,2024-04-18 10:42:44,1,1,0,ww老师上课不用话筒，补智云听不清声音好痛苦
197193,1927,郑观,2024-07-09 01:59:18,0,1,1,观爷真的很好，上课很有趣，学识很高，答疑的时候讲的很清楚
197253,1927,郑观,2024-07-10 02:32:50,1,1,0,观爷讲课挺好的 就是得认真听不然容易错过很多点 给分也很好～（热爱华强北的耳机和开咖啡店bushi）
219361,1927,郑观,2025-05-25 17:37:21,2,2,0,观爷是我在法学院见过的对待学生最真诚的几位老师，关于学术或者实务方面的建议他给出的意见都很实在，相比一些吃尽时代红利又用pua话术和不着边际的泛泛而谈糊弄学生的老登不知道好到哪里去了
1173,1934,郑春燕,2015-03-21 16:24:46,-4,19,23,郑老师的声音就像播音员，上课思路清晰，而且非常认真，愿意去记住每一位课堂上的同学，见证他们的进步，是位不可多得的好老师！
1753,1934,郑春燕,2015-03-24 04:16:37,-15,4,19,最享受的课程！！！
2172,1934,郑春燕,2015-04-04 13:12:37,-5,17,22,美女老师，很有气质
3486,1934,郑春燕,2015-06-16 12:58:42,20,34,14,好慌
6055,1934,郑春燕,2015-07-10 13:48:49,-15,2,17,学到好多
41734,1934,郑春燕,2017-01-12 12:46:29,-9,10,19,讲的很好，就是希望能更有条理一点，每节课都有很多内容，但最后不知道怎么将学过的整理起来，大体的思路木有了
43747,1934,郑春燕,2017-01-17 02:17:15,-8,12,20,最喜欢的老师，这门课让我重拾对中国法制发展的信心。
43752,1934,郑春燕,2017-01-17 02:25:49,12,42,30,谢谢老师。只能说不管是行政法还是别的方面，她都是一个优秀的老师和学姐，向她学习。
43755,1934,郑春燕,2017-01-17 02:30:29,5,28,23,上郑老师的课可以去省人大常委会参与立法
43760,1934,郑春燕,2017-01-17 02:33:18,-1,18,19,听课有点压力，会随时抽人回答问题。但是收获很大，有种高中上课的感觉。课后就一个不相关的案子发邮件问她，她也很耐心地回了。总之，名副其实的好老师。
43767,1934,郑春燕,2017-01-17 02:44:38,-10,9,19,痛并快乐着
43768,1934,郑春燕,2017-01-17 02:45:47,-14,3,17,最棒的老师
43788,1934,郑春燕,2017-01-17 03:11:10,24,39,15,只有我觉得给分很差吗
43823,1934,郑春燕,2017-01-17 04:27:57,-11,5,16,好老师很负责！
43876,1934,郑春燕,2017-01-17 05:29:12,4,23,19,老师真的很厉害。期末考题挺刁钻的，一下子就让我这种不会学以致用的人傻眼了。虽然最后成绩不好，但是的确还是有收获的。至少看到了一种优秀的人生的活法。
44023,1934,郑春燕,2017-01-17 08:21:49,-7,10,17,老师是一个自己很优秀，上课也很优秀的老师。很有气质。认真负责，主动与同学沟通分享自己的一些经验啊感想啊，上课的课件都是老师一改再改的，时间节奏都把握得很好，认真上课一定会有收获的。还有助教是她自己的研究生，同样很认真很负责任。
44076,1934,郑春燕,2017-01-17 09:01:49,-4,12,16,给分一般，上课点名问问题，就这样
44180,1934,郑春燕,2017-01-17 11:32:30,-3,12,15,上课体验很好，考试开卷但真心难啊…学渣遭到过滤
55702,1934,郑春燕,2017-07-02 08:13:37,0,22,22,其实是我在浙大上课以来最喜欢的老师。上课确实紧张，考试也确实有点难一脸懵逼。但是觉得上课过程不仅是知识上的收获，还有一种精神上的熏陶（找不到更恰当的表达..）真的会让你觉得，不要一味觉得理想主义会被社会吞噬，要有勇气完善strengthen自己去直面现实，才有改变的可能啊。
60358,1934,郑春燕,2017-10-18 06:11:51,-15,4,19,满分满分！\n\n高中校友
62562,1934,郑春燕,2017-11-26 02:53:53,-6,12,18,老师温文尔雅 落落大方 亲切待人 很有气质 听她的课有一种醍醐灌顶的感觉，并且时常向我们分享一些优秀的人的生活 收获很大
71166,1934,郑春燕,2018-01-28 05:27:42,-16,4,20,老师很认真负责，ppt非常清晰
73500,1934,郑春燕,2018-02-01 19:22:45,-2,19,21,分比隔壁金低很多，不是给分差，是题难，归根结底是学生的水平还不够
74598,1934,郑春燕,2018-03-04 12:45:00,-14,5,19,人美！声音好听！最爱的老师，没有之一！
77436,1934,郑春燕,2018-05-05 14:25:36,-10,4,14,，，，
89362,1934,郑春燕,2018-11-18 17:13:14,-14,3,17,最多跑一次......
93594,1934,郑春燕,2019-06-28 22:53:12,-34,30,64,垃圾老师
93723,1934,郑春燕,2019-01-12 09:54:54,0,26,26,我大概要修行十辈子才能成为春燕姐姐这样美好的人，我太菜了，我活该被关起来。\n\n
98208,1934,郑春燕,2019-01-23 07:44:21,-10,11,21,春燕姐姐真的是个超级好的老师，无论是气质、学识还是其他各方面，都非常出众，而且会尽力记住每个学生的名字。虽然试卷很难（也可能不是，应该是我们能力还不够），助教也在群里一直说我们答得有多烂多烂，但是最后成绩真的出乎意料，老师应该是尽力在提分了！非常感激老师一学期的教学，让我看到的不仅是一个出色的法律人，更让我们学到了如何发挥社会价值，成为更加优秀的人！
98282,1934,郑春燕,2019-01-23 09:33:27,51,61,10,老师是好老师。但我的一点看法是，当学生都在抱怨考试太难时候是不是教学跟试卷存在了一点脱轨？
99033,1934,郑春燕,2019-01-24 07:24:51,-18,4,22,wwww老师真的是女神
100783,1934,郑春燕,2019-01-27 00:19:50,43,55,12,绩杀。。。认真复习ppt和书根本没用，自己上课讲了点什么，考试又考了什么？上课只讲浅显概念，就像教了小学内容让你参加高考。。无语了。。。
103941,1934,郑春燕,2019-03-07 16:24:01,-18,4,22,偶像！
108495,1934,郑春燕,2019-05-27 02:50:52,-17,5,22,春燕姐姐真女神。虽然考试真的真的真的难哭，但还是痛并快乐着，只能怪自己没学懂吧，老师太优秀了，衬得学生（我）都好垃圾（哭
121013,1934,郑春燕,2020-01-19 08:42:57,-18,4,22,成绩比预期低一档，但是这门课真是太棒了！老师和助教都特别关心学生，郑老师的颜也是我喜欢那款！！
123206,1934,郑春燕,2020-05-19 08:46:28,33,36,3,给分太低
123229,1934,郑春燕,2020-05-22 01:22:24,33,39,6,给分低
129301,1934,郑春燕,2021-01-04 03:32:57,2,19,17,20年秋冬学期郑老师行政法，最后一节课课后写的评论。郑老师真的很好（打十分是因为只有十分），最开始时会觉得三次提问还有行政法眼看世界很push，但慢慢学下来发现老师讲的真的非常清楚，平时上课语调声音也很舒服。早就听说老师出卷难给分差，对此也有所预期，不过瑕不掩瑜，如果再来，我还是愿意选郑老师的课。但是感觉浙大行政法的课时不够，也就堪堪讲完，综合运用的时间还是有点少，这可能也导致考试考不好吧……
131334,1934,郑春燕,2021-01-27 06:19:16,-14,5,19,进法学院以来上的体验感最好的课  如沐春风 经过一学期发现自己在分析问题时能慢慢建立起行政法的思维框架 虽然上课有可能随时被点到起来回答问题 但是这样也促使人认真听课不水手机 虽然考试好难 但是老师会捞的！给分不差呀。这门课的助教小姐姐也超级nice超级负责 而且好可爱！
137091,1934,郑春燕,2021-06-30 23:38:51,-14,8,22,给分不是春燕姐姐给的，是你们博士哥哥姐姐给的hhhh
146036,1934,郑春燕,2022-01-05 07:18:38,-9,11,20,春燕姐姐真的很温柔，总是笑呵呵的。讲课节奏很好，清晰有条理，是我本学期专业课听的最明白的一节了。虽然行政法是四节课，但不是很累，讨论环节挺多的。期末开卷考，大部分是讲过的，没有很难，虽然我答的很差，不过是我的问题了。给分怎样不清楚，能遇见这么认真负责的老师已经很幸运了。
146598,1934,郑春燕,2022-01-18 03:43:32,-16,4,20,超级好！
146926,1934,郑春燕,2022-01-08 05:16:55,-4,21,25,出分前来评价一下郑老师，一直认为没出分的评价才是最客观的。\n\n说实话，我更愿意叫春燕老师为学姐，我认为我们学院能培养出这么出色的学者与老师，是值得我们后辈骄傲的。老师上课案例和学理兼备，同时能够非常温柔地引导同学们思考，对于同学的问题从不搪塞，永远会认真地、仔细地回答我们的问题。我最佩服的是行政法眼看世界环节，不管同学们再怎么精心准备，郑老师总能指出同学案例分析的疏漏与不足之处，足见功力之深厚。\n\n当然春燕姐的课需要非常多的准备与投入，她上课会拿着名单来点人起来回答问题（其实也是间接性点名），讲课的时候常常会问大家很久以前讲过的一个知识点（我们常常因为没有好好复习而面面相觑，呜呜），但这种push真的很促进我的学习。\n\n期末考试其实难度不大，但是极其考验熟练度和理解程度，最后能全部写完的同学不是很多。我大致给个复盘：一个大案例10个小问，就行政处罚、行政许可、行政强制三大板块来设问，考查行政行为的定性（老师反复强调的）、合法性要件分析、行政原则的适用等重点问题，此外还考察了不同法律法规之间的位阶与相应的法律适用，其实都是老师上课翻来覆去讲过的。同时，个人认为有些地方考查得相对比较细节，需要比较细心。真诚建议：以后的朋友从学期初就开始跟着老师行政法眼看世界的节奏走，其实考试内容就是行政法眼看世界的翻版。（没有很好预习行政法也是我这学期学习一个遗憾）\n\n总之，感谢郑老师一学期的教导！祝春燕姐工作、生活一切顺利！
147003,1934,郑春燕,2022-01-08 11:23:03,-5,18,23,春燕姐姐的课堂总会给我一种无形的来自体制的压力，55
148054,1934,郑春燕,2022-01-11 12:10:16,-11,10,21,老师值得满分
148060,1934,郑春燕,2022-01-11 12:18:47,-14,10,24,第一次在查老师写评分就是给春燕。真心推荐大家上她的课。其一教学内容清晰充实，教学水平扎实；其二与老师交流时可以就她思路学到非常多；其三是老师的为人，作为教师她对学生有问必答极其用心，作为学者她学问深厚眼界开阔（p.s.喜欢老师满是干货的论文风格）。最后，老师真的落落大方，闪闪发光，当之无愧的女神。
148077,1934,郑春燕,2022-01-11 12:42:45,-18,7,25,真的值得十分的老师！！！美女老师！！！学识渊博，气质大方，真的一个学期太有收获了
150203,1934,郑春燕,2022-01-20 08:57:20,45,57,12,很不喜欢的老师，之前因为上课的事情联系过两次，\n\n不知道怎么评价，只能说是别人口中的好老师。。。
151484,1934,郑春燕,2022-03-04 14:17:10,-19,5,24,选郑老师的课是冒着绩点低的风险的，但上完会觉得成绩啥的都是浮云，而且分数低真的是我没学的好，还感觉还有点对不起老师，真是神奇的体验
153484,1934,郑春燕,2022-05-01 12:20:15,20,28,8,通识课真没必要这么给分吧 3分以下对学生来说真是一个很大的打击
153499,1934,郑春燕,2022-05-03 16:09:57,-3,11,14,讲清清楚法通课给分规则和程序\n\n法通课绩点给的真低，也不清楚这次闭卷考为什么分会那么低
154453,1934,郑春燕,2022-06-01 14:24:59,-16,8,24,春燕老师的课虽然难，但真的能学到很多
159126,1934,郑春燕,2022-07-06 16:08:39,62,94,32,多了几分投机取巧，功利主义极强，光环高于能力的虚荣优秀女教师代表
159151,1934,郑春燕,2022-07-07 03:20:28,51,74,23,这好评刷的，不好意思真心喜欢不起来，挺能演的，只能说每个人感受不一样吧
160647,1934,郑春燕,2022-09-29 07:36:59,35,44,9,只能说萝卜青菜各有所爱，是在无法喜欢上老师的教师腔和无形给学生设置的价值评判标准。
164791,1934,郑春燕,2022-12-26 07:14:06,-1,15,16,一度也不喜欢过于沾染“俗尘”的一切，但郑老师说“我告诉我的每一个学生，无论在多么基层的位置，你的每个判决都有示范的意义”的时候，我觉得郑老师还是值得。课上也确实学到了行政法基本的分析思路，很适合大家的学习水平。
167764,1934,郑春燕,2023-01-31 15:48:19,15,26,11,能卷能展示的可以来，但这个人不行
167910,1934,郑春燕,2023-01-20 13:48:05,-18,9,27,心目当中的女神老师！！给分也超级好！！
167925,1934,郑春燕,2023-01-20 09:57:49,-7,10,17,春燕姐姐真的超级有气质，讲课水平一流（第一次听她的课就觉得她好像董卿那种腹有诗书气自华的人）一学期下来很有收获！！最后也会捞人！！
167936,1934,郑春燕,2023-01-20 12:16:53,7,15,8,老师十分适合实务，言谈举止都很干练，但讲的行政法对本科生来说压力是有点大的，考核和标准都十分严格
167975,1934,郑春燕,2023-01-21 03:29:32,10,19,9,老师挺好的，就是我和这种风格的老师八字不合，果然最后成绩也不咋样
168014,1934,郑春燕,2023-01-22 11:04:17,-9,7,16,讲课水平超高、实务经验极丰富的老师，选郑老师的行政法一定可以学到很多。考核比较严格，每次都会点名回答问题，而且会记录为平时分。期中有一次论文作业，期末考试只有一道若干小问的案例，涵盖了所有章节的知识点。总之是很喜欢的老师啦~
168020,1934,郑春燕,2023-01-23 01:38:49,-5,13,18,cyjj的课大概是目前唯一一堂不敢划水的专业课，需要时刻紧跟老师的步伐，老师也会随机提问同学（同时也作为点名的方式）。不可否认，老师在实务界尤其是参与了许多政府内部的事务，和学术大佬、政府官员来往颇多，上课的时候不经意间会有优越感的体现；但这完全不影响老师上课的质量与教学水平。总体来讲，春燕姐姐非常亲切，每次通过钉钉提问，老师都能很及时的回复，下课问问题老师也很有耐心很温柔；上课条理非常清晰，虽然考核要求比较高，但是也能鞭策大家好好学~还是很不错的一位老师~
170662,1934,郑春燕,2023-03-08 01:22:28,-25,5,30,满绩了呜呜呜呜谢谢cyjj
172292,1934,郑春燕,2023-04-24 10:45:44,0,3,3,hhhh...
172364,1934,郑春燕,2023-04-25 11:49:44,33,46,13,没必要每节课都哔哔你那“光辉”的过去吧，听的耳朵都起茧子了。语调还非要拖得那么长，你教幼儿园呢？别的老师不需要把自己为什么学法，硕士在哪里读的辉煌拿出来说都能感受到他对国家法律的关切，相比下来只觉得您好装
173600,1934,郑春燕,2023-05-29 19:56:27,-14,2,16,老师很美
178567,1934,郑春燕,2023-07-14 16:20:35,-5,15,20,天啊，春燕还不够好？平衡性满分！恭喜老师获奖！
178758,1934,郑春燕,2023-07-22 02:35:41,39,56,17,一个虚荣做作会来事的极致功利主义者，挺能装挺能演，当然这也是本事，毕竟大部分人看不清心机女的本质
178807,1934,郑春燕,2023-07-23 17:22:20,-26,7,33,很好的女老师
182000,1934,郑春燕,2023-11-07 15:28:13,-15,1,16,还不错
182871,1934,郑春燕,2023-11-21 01:22:26,34,40,6,别选、、、小测随机，题目选同学的行政法眼看世界做案例分析、、、这真的公平吗
183610,1934,郑春燕,2023-11-28 06:12:24,17,22,5,我与本课授课风格不搭，纯粹是一款我的问题x
183614,1934,郑春燕,2023-11-28 02:23:38,20,24,4,我来学习的，不是来看你的光环，更不想听你光鲜亮丽的日常，不想听不想听呀
185042,1934,郑春燕,2023-12-26 04:13:12,15,19,4,近年来似乎不再有学术产出了
185247,1934,郑春燕,2023-12-30 03:21:03,13,19,6,好自为之吧
187250,1934,郑春燕,2024-01-15 10:11:00,9,15,6,考的东西我怎么都不会。。。
189457,1934,郑春燕,2024-01-24 10:42:19,0,19,19,老师真的很捞
189834,1934,郑春燕,2024-01-30 13:09:47,0,19,19,春燕姐姐上课逻辑非常清晰，而且结合很多现实案例分析，我真的觉得春燕姐姐的行政法一绝
190287,1934,郑春燕,2024-02-27 07:16:43,38,52,14,怎么说呢，我从第一眼看到老师就觉得我和她是绝对合不来的那种。上课让人非常非常不舒服——语气语调眼神。非常没有亲和力，高高在上的感觉。我就是很讨厌这种人。性格差异太大。如果受不了这种老师，还想认真学习的，一定不要上她的课，否则会生不如死，还不如吃屎。\n\n这个老师就是喜欢表面卷王。我下课的时候会去听那些卷王小姐们问了些什么，结果发现很多都是自己看书、查论文可以知道的事情，但是那些人去就是为了混个脸熟，好给高分。因为只有这样才能让老师知道他们的努力。\n\n她的气质我很不喜欢，如果用最近比较火的词语形容，那就是“精英的傲慢”——上课不断强调，“我们作为最优秀的一批学生，应该如何如何”，这种强行上价值真的好吗？大学，按照您说的，不应该是自由探索自身能力和兴趣的地方吗？那有的同学就是不喜欢这门课，您有必要去苛责他们吗?还有总是强调自己的学术成果和行政成果，我真的很恶心。给人一种非常虚荣的感觉。你上课讲的好，我们会自己产生好奇去搜索的！我们不是原始人！不过人家确实没什么大错，我纯粹讨厌这种人。时间本来就不多，有必要废话吗？多讲点东西不好吗？\n\n而且，我并不认为他讲课很清楚，不少概念和方法论是自相矛盾的。真的不如看书看论文。\n\n给分很一般。学了一学期也不知道学了些啥。课前的案例分析方法根本适用不到期末考试。像我这种资质一般，还想通过不内卷的努力，老老实实打基础（背诵，基础案例分析）拿到高分，还是去隔壁班吧，别选这个姐。\n\n我是打算重修了，太后悔选这个老师。八字不合。\n\n给她7分。总体上还是一个比较认真的老师。只不过真的不适合我。
190391,1934,郑春燕,2024-02-29 11:41:56,42,47,5,很赞同上条评论说的，甚至感觉每届都有这么一群“狂热”追随的卷王小姐......
193093,1934,郑春燕,2024-06-03 11:20:09,-5,12,17,法学院中政治立场比较正常的人\n\n说春燕姐姐讲课不好，额，相比之下我真看不出来法学院有几个比她好的
194405,1934,郑春燕,2024-06-23 16:13:17,3,8,5,播音嗓讲课，喜欢的应该会很喜欢（个人更喜欢语速快干活多的），但是对我来说就有点水土不服，最后成绩也就是一般般。
197602,1934,郑春燕,2024-07-21 02:23:54,7,14,7,虚荣装逼王，最喜欢点名提问，光环大于能力
199958,1934,郑春燕,2024-10-09 12:15:53,1,13,12,没有必要给老师恶意那么大，个人认为老师授课水平不差，而且就知识点和ppt而言，已经是我听过的专业课里面比较清晰明了容易接受吸收的了
202073,1934,郑春燕,2024-11-13 23:01:51,7,12,5,老给人一种高高在上的感觉
202937,1934,郑春燕,2024-11-15 09:18:01,4,14,10,心机虚荣大绿茶
204397,1934,郑春燕,2024-11-25 15:36:10,5,11,6,鼓励恶竞
207580,1934,郑春燕,2024-12-23 07:24:48,11,24,13,极其精致的利己主义者，维护她的人知道她背后是啥样的吗，违规挪用项目经费（给学生发劳务费再让他们转回来）+之前给学生发补助金也是要求学生用发票来凑，相当于用国家给项目的科研经费发补助。这和王清风有啥区别
212193,1934,郑春燕,2025-01-13 10:48:48,-19,1,20,老师求您捞我，10分献上
214429,1934,郑春燕,2025-02-02 17:38:17,-15,5,20,评论好吹毛求疵啊，难以理解，已经是很好的老师了
216388,1934,郑春燕,2025-03-15 08:00:21,-4,5,9,春燕老师超级好！讲课逻辑很清晰，由浅入深，课堂上也经常联系之前学习过的内容~选老师的课一定不会后悔滴！
217283,1934,郑春燕,2025-04-07 11:39:18,-3,4,7,打低分的真不理解，明明讲的比一些所谓的行政法大佬清晰
217519,1934,郑春燕,2025-04-12 06:00:01,-4,4,8,好老师一枚。好好听课好好复习在期末拿个满意的成绩并不难
1982,1991,周翠,2015-03-28 02:39:32,6,13,7,美女老师，上课经常讲在德国的经历
6491,1991,周翠,2015-07-14 11:57:02,5,8,3,很有趣的一个老师哈
8146,1991,周翠,2015-09-17 06:39:23,12,19,7,上课没激情啊…太容易催眠了
23097,1991,周翠,2016-03-17 11:47:34,5,8,3,周老师很和蔼 和学生在一起一点架子也没有 学术水平也很高 有句口头禅：“所以我会说”
24412,1991,周翠,2016-04-30 13:28:52,6,7,1,人很好
27964,1991,周翠,2018-03-08 01:17:35,15,17,2,考试的范围茫茫多啊，根本背不完！！！！
41518,1991,周翠,2018-01-16 04:06:14,67,83,16,17年1月份考试\n\n名词解释：既判力基准时，证据能力和证明力，当事人适格等四个；\n\n简答题：申请法院调取证据的实质条件和形式条件，提起再审的法定情形，非法证据的情形，类似必要共同诉讼和固有必要共同诉讼如何区别，等八道；\n\n案例分析题涉及的知识点大致有：第三人撤销之诉，执行异议，有字号的被告怎么列等。\n\n希望能帮到各位！\n\n
52182,1991,周翠,2017-06-15 14:09:20,3,5,2,高水平的老师 有基础听起来是享受 基础太差就懵了 哈哈哈  人超级好
53731,1991,周翠,2017-06-27 11:53:59,4,5,1,声音太温柔了，容易走神?
53813,1991,周翠,2017-06-27 16:03:12,5,6,1,老师给分真的超好诶....感恩
66852,1991,周翠,2018-01-19 07:38:13,4,5,1,超级可爱，逻辑非常清晰，各种爱猫
67539,1991,周翠,2018-01-21 13:07:14,39,43,4,2018年1月考试 名词解释：消极的确认之诉、证明妨碍、专家辅助人、类似必要共同之诉等\n\n简答题：逾期举证的后果、当事人撤诉的条件（法院视为撤诉的情形、不允许撤诉的情形）、自认的几个要素、（第三人、共同诉讼等中）诉讼标的的含义是否相同、列举案外人自我进行救济的程序和适用条件等\n\n案例分析：证明责任、无独三和共同被告的区别、是否可以列为有独三等\n\n（考完有点懵 给学弟学妹们列考点攒人品?）老师非常可爱 特别喜欢猫hhhh爱猫的人都不会是坏人～
72581,1991,周翠,2018-01-30 12:39:17,9,9,0,超超喜欢的的老师！！真的很可爱怎么会有这么可爱的老师哇，满满的少女感！上课也很棒，总是喜欢讲德国民诉法喜欢讲法理十分有趣，学弟学妹们不要将德国和中国的搞混了，emmm我就混了……快考试的时候才知道是翁晓斌老师出题，有点心塞。但是周翠老师给分真的是好啊，虽然知道卷面肯定很低。
73926,1991,周翠,2018-02-03 14:49:59,4,5,1,老师课讲的很好～很多干货，但可能因为是翁老师出卷，感觉考的内容和课上讲的关系不大……不过老师给分是真的超级好的，完全可以看出来是尽了最大努力提分23333
75280,1991,周翠,2018-03-08 12:03:47,4,5,1,很可爱的老师\n\n我们要休息一下吗？要！好那我们就休息10分钟???
76104,1991,周翠,2018-03-27 02:51:03,27,30,3,自从知道老师的老公本来在人大读了个博士，为了陪老师在德国留学，又顺便在德国读了个博士的言情剧情。我就想知道，老公的头发还健在吗！！！*٩(๑´∀`๑)ง*
76710,1991,周翠,2018-04-19 02:25:51,2,2,0,女神啊！可惜我听不懂
78208,1991,周翠,2018-05-10 04:01:07,0,1,1,很棒很喜欢
78379,1991,周翠,2018-05-11 07:59:50,2,3,1,案例研习很棒棒，干货满满，最后期末案例分析也很难，但写的过程很满足，和小伙伴一起交流查资料，学会了很多。写的最满意的课程作业了。强烈推荐老师的课。
78425,1991,周翠,2018-05-11 15:37:08,19,24,5,首先，周翠老师的讲课真的很好，德国法与中国法相结合，也会提出相应中国法的缺点，所以课程听起来不会很轻松，认真听可以思考的地方很多；其次，真的很温柔很和蔼呀，上课就希望我们多多跟她互动，大家积极点吧，说错她一点都不在意的，解答问题很清晰甚至可以抓住我不懂的地方，她最喜欢的是大家多多思考多多互动，老师真的很好啊啊啊啊；再者，给分超级棒好吗！不管民诉还是民诉案例，给分都让人欣喜啊！还有啊，老师很喜欢猫，每次说到猫我都成了她的小迷妹啦！\n\n我最爱周翠老师！！！！
79861,1991,周翠,2018-06-14 12:22:09,4,6,2,老师啊，现在的法学辅修学生不能考司法考试了啊！
81277,1991,周翠,2018-07-04 14:05:00,5,6,1,给分真的好好啊啊啊啊啊，请相信周大善人，好喜欢老师。
81345,1991,周翠,2018-07-05 00:45:38,3,4,1,感恩老师
81348,1991,周翠,2018-07-05 01:28:14,4,5,1,周大善人……
81356,1991,周翠,2018-07-05 02:02:21,0,2,2,作为个性课去听的，之前没上过任何其他法律课，但上课认真听了，还是很能学到东西的，老师经常提前下课，这点很欣赏，关键是，周大善人给分真的好
81443,1991,周翠,2018-07-05 05:57:21,3,5,2,老师人很有气质啊，而且爱猫hhh\n\n上课讲的很好，但是对辅修生来说有点难了，可能预习过再上会比较好。后悔自己上课经常分神...
81444,1991,周翠,2018-07-05 06:02:14,5,7,2,2018.07 民诉(辅修班)\n\n论述考了举证责任和证明责任，既判力、执行力、拘束力、法律效力，诉讼标的，还有一个忘记了，好像是二审或再审的撤销原判发回重审的情形等四个，案例考了和解，既判力(判决主文)，第三人，协议管辖等四个。最后几堂课都是重点，认真听有奇效!\n\n周老师很爱猫，下课会早一点，给分挺好的~
87428,1991,周翠,2018-09-29 01:51:51,-1,1,2,老师温柔，给分很好
88627,1991,周翠,2018-11-04 12:52:28,7,10,3,已经结束民诉课堂有一阵子了，十分想念。周翠老师真是我遇上最好的老师了。我喜欢她上课的风格，也喜欢她对生活的分享，特别是结课后关于学习、从业、人生的讨论，都让我受益匪浅，在一次次否定自己想放弃的时候，都会想起她，让自己更坚定的走下去吧。人生真的很奇妙，学习也是。谢谢她
89611,1991,周翠,2018-11-20 03:05:51,14,16,2,回复一下：老师老公的头发不仅健在，还很多呢！
98776,1991,周翠,2019-01-24 02:25:10,5,8,3,感谢老师挽救民诉分数
99246,1991,周翠,2019-01-24 13:27:19,1,4,3,感谢老师的让我知道什么是勤能补拙
100154,1991,周翠,2019-01-25 16:01:04,2,4,2,周大善人，爱猫的人(⑉°з°)-♡心善
110030,1991,周翠,2019-06-21 12:45:03,4,6,2,19年6月民事诉讼法辅修课程期末试题回忆：\n\n1.名词解释：法律效力与执行力；证明责任与举证责任；\n\n2.简答题：第三人；再审的五个情况；专属管辖的定义及其包含内容；回避制度以及理由\n\n3.案例题：涉及管辖的确定；共同诉讼的判定；鉴定；专家辅助人的参与程序；举证责任的承担\n\n大概记得这么些了，希望学弟学妹们好好学~
110378,1991,周翠,2019-06-26 08:08:43,2,4,2,周大善人！一学期点两次名，点名都会提前一星期告知。好好听课，划划重点，给分很好的！
110391,1991,周翠,2019-06-26 09:19:21,3,4,1,呜呜呜周翠老师非常温柔，有耐心，有独三无独三可撤销之诉，再审13条，专家辅助人……本来以为自己答得都不太好，很担心；想不到绩点还是很满意的！好！
110401,1991,周翠,2019-06-26 10:35:22,0,2,2,点名提前一周通知，上辅修的课照顾了没有学过侵权责任法的同学，给分也很好，真的是周大善人！！
110406,1991,周翠,2019-06-26 11:11:52,2,4,2,感谢老师！！认真听老师课会发现老师很有想法，希望能学到德国法的思维也反思中国法的实践。考试的话其实老师拎了重点篇章的，认真备考没问题的！点名也会提前通知要来，还养了猫猫呜呜
135135,1991,周翠,2021-05-03 04:15:30,4,7,3,一学期两次签到，期末小组论文 整体任务不多，给分太好了太好了👍
135136,1991,周翠,2021-05-03 04:16:46,1,4,3,她太好了呜呜
135139,1991,周翠,2021-05-03 06:50:49,1,3,2,老师太好了 555 上课也好还给我们讲故事 给分也好好 真的值得！！努力就会被认可！！
137022,1991,周翠,2021-06-29 13:25:55,0,4,4,我好喜欢周翠老师哇，温柔有力量的感觉～学术上也很好
148733,1991,周翠,2022-01-13 10:33:28,-2,2,4,哈哈哈
150429,1991,周翠,2022-01-25 05:34:32,-1,2,3,好想知道老师老公的故事 是谁啊 好好奇
163198,1991,周翠,2022-12-09 13:20:51,13,16,3,回楼上八卦的同学，周老师的老公是上海交通大学凯原法学院民诉法副教授赵老师。暑假留山上经常可以看到周老师和赵老师傍晚散步。
172281,1991,周翠,2023-04-24 07:07:10,6,10,4,民事诉讼法案例研习。。。周老师活菩萨。。。。。
183694,1991,周翠,2023-11-28 16:50:26,3,6,3,民事诉讼法，虽然上课听不懂，但是听老师讲课很愉快（有点矛盾？）每个周五都开开心心去上课。老师本人很可爱，将自己的研究成果倾囊相授，内容对我来说不太好理解，每节课都重听了两遍+整理期末开卷考笔记之后才顿悟，对我来说是要下一番苦功夫，但是最终收获了知识和满意的成绩。老师考试有单选多选和课上一样的简答题，PPT的内容一定要整理好并充分理解。
189940,1991,周翠,2024-02-03 06:25:05,-1,10,11,讲课一流，学术水平一流，给分超一流
190816,1991,周翠,2024-03-20 04:27:29,-4,6,10,一流老师，一流给分，一流课程
198389,1991,周翠,2024-09-08 12:43:12,-4,7,11,一流的好老师。
217304,1991,周翠,2025-04-08 06:18:59,18,19,1,上课故意不开麦是为什么。。听不见上课
217318,1991,周翠,2025-04-08 11:08:34,-10,3,13,超温柔好老师
218207,1991,周翠,2025-04-22 04:46:55,34,36,2,上课不开话筒，给分五级制，而且不事前通知，给分也不好了，上一年的一流给分怎么不见了，好老师都变坏了吗？杀鸡儆猴也不该如此吧？
218209,1991,周翠,2025-04-22 05:04:52,19,21,2,心死了
218214,1991,周翠,2025-04-22 05:37:21,24,26,2,讲课不用麦，打分五级制
218222,1991,周翠,2025-04-22 06:28:52,25,27,2,脑子被门夹了？在大三下给五级制？认认真真上课认认真真写作业结果出来一个3.还一流的老师一流的给分 做人怎么能坏成这样？你没有良心吗？
218224,1991,周翠,2025-04-23 01:53:34,31,33,2,为什么用五级制给分不提前说？为什么在大三下这种阶段整学生？学生的信赖利益不是利益，学生的命也不是命，是吗？这种阶段来个五级制当头棒喝，死的心都有了。怎么能这么狠毒！
218238,1991,周翠,2025-04-22 07:07:49,21,23,2,上课声音小但永远故意不开麦，期末作业很多内容是上课讲得慢讲不到的，给分是从未提过的五级制的，多少同学选不上课求着你选这门课，就是这样的结果？真是坏透了
218240,1991,周翠,2025-04-22 07:24:39,16,18,2,给我这个分我完全可以不这么认真写论文的，呵呵了，付出与回报不成正比
218273,1991,周翠,2025-04-22 09:48:51,21,22,1,可以接受给分不好，但不能接受在完全不通知的情况下直接改变给分制度，没见过哪个法学院老师用五级制给分的，这难道不是一种对选了该门课程的同学的不公吗？
218282,1991,周翠,2025-04-22 10:48:16,21,22,1,呃呃，五级制最高4.5，下来就3.5，21级以后全校保研都用加权制意味着大部分人保研绩点都会超过4.5，带来的直观影响就是很多选了这门课的可能保不上研了，很南平
218285,1991,周翠,2025-04-22 10:55:33,17,19,2,上课不开麦，讲得很慢，作业上限三十页，结果最后给分用五级制低得惨不忍睹。保研边缘人真的想去死了
218287,1991,周翠,2025-04-23 00:27:04,25,27,2,为了自己打分方便置校规于不顾，上课不开麦，下课时间随心所欲，好厉害，要不您开个周翠大学好了
218337,1991,周翠,2025-04-22 17:12:16,15,17,2,给我解释一下期末论文30分是什么意思就行
218351,1991,周翠,2025-04-23 01:20:19,17,21,4,我真的觉得你比那个Mario该死多了，绩杀所有人之后美美隐身，你心情不好搞我们把我们的未来和前途都毁了，去死吧，我们认认真真来上课来写论文凭什么被你这么对待？？？你真有病吧
218355,1991,周翠,2025-04-23 02:04:46,20,22,2,作为一个法学生，第一次觉得求告无门、申诉无路、救济无果、规则就是个笑话，而这种感觉竟然是由你这个法学教授给的
218381,1991,周翠,2025-04-23 04:58:55,23,24,1,上课经常板着个脸，好像台下的学生欠她什么一样；虽然嘴上说不想听的可以不来，但不开智云、声音很小其实就是变相要求你到课并坐在前排；老师第一周讲了分析框架，结果春学期过了一半才讲完“管辖”要件，最后结课时不出所料没有讲完，某种程度上说也是“教考分离”了。老师对课堂互动有自己的要求（即如果教室里没有人回应，她就不会再继续讲课），要不是这学期有一两个同学一直愿意与她互动，不然这课就变成“大眼瞪小眼”、“老师看学生，学生看电脑”了，老师今年这么搞，估计明年就会这样了[捂脸]；最后的给分竟然是五级制，我第一次听说五级制还是托您的福，这样搞的话87分都要赋分为80分（良好），这样的四舍五入也是第一次见，五级制您用着很省事，但学生就很闹心了。平时成绩40分相信绝大多数人都拿到了，无非就是两次点到；但有些人平时两次都到、结果最后总评只有60、70，我是真没搞明白，那也就意味着期末只有30分，30÷60%=50，单看期末作业（百分制计算）还是不及格（50分），学生的能力有高低，但我相信态度和基本的专业水平是没问题的，而且平均下来每个人都有大几千甚至一两万字的，“没有功劳也有苦劳”吧。还有就是当初的补选，自己又不是第一次开课，如果懒得改卷的话就应该量力而行，吸纳了这么多人就应该对所有人负责。
218434,1991,周翠,2025-04-23 12:22:07,4,6,2,不敢相信搞出这套操作的居然是一个搞程序法的老师，程序正义在哪里？莫名其妙采用五级制，恶意打分。现在马上保研出国，大家都战战兢兢如履薄冰的，每个人心理压力都这么大，毫无预警地突然搞这么一出，是非得逼死谁才满意吗？师生权力关系本就不对等，你一拍脑袋做的决定，影响的是这么多学生的人生走向和命运，发邮件是不回的，解释是不解释的，申诉是无门的，在这里搞一言堂你是慈禧吗。平时上课也是给人一种mean mean的感觉，法学院第一毒妇了。
218518,1991,周翠,2025-04-24 06:20:16,2,4,2,就算不改给分制度，至少出来发个说明好吗？已读不回几天您是开始放假了吗
218573,1991,周翠,2025-04-24 17:36:01,-1,3,4,孩子们，别骂了。
218598,1991,周翠,2025-04-26 02:32:44,3,4,1,更加让人坚信这个ctbz乱给分
222006,1991,周翠,2025-06-28 15:11:05,0,0,0,zc老师并不会一直延续给分仁慈的惯例，起码我们今年没有，所以建议尽量不要在大三修民诉案，放到大四。\n\n\n\n我们提前很久开始写论文，上交之前熬了两个大夜修改，只有4.2——要知道法学院从今年起换了主修绩点计算方式，对于想要保研的同学来说，4.5都是拖绩点的，大三下学期再来一个4.2真的很致命，我整个大三下只有zc老师给了4.2。听比我成绩更好的同学说，她们拿的分还远不如4.2。要冲学分还是下山去吧。保研头一次撞上数法班已经够难过了，又碰上作为选修课的民诉案突然给分严厉，不知道其他没选民诉案的同学这学期均绩会怎么变化，不知道排名会怎么变化。\n\n\n\n如果再来一次，绝对不选民诉案了。4.2大概就是我的真实水平吧，只是真的很迷茫，因为这是一门选修课，好多同学并没有选这门课，好像老师的改变、自己的选择影响也不可谓不大。\n\n\n\n要不是留学太贵，真的不想再选一次卷生卷死还不一定能成功的保研了。浙大法学本身保研率明显低于高考同样分数能进的其他高校，再加上往后估计都会有数字法治了，在浙大普通法学保研这条路的容错率真的不高。想了想这三年在浙大法学的本科学习经历，最大的收获大概只是认识到了自己是一个精力有限的普通人，以及选择的重要性、命运的随机性。所以，为了减少选择带来的偶发性debuff，尽量不要选可能临时变化、每年给分不稳定的老师吧。或许再来一次，我再也不会选浙大法学了。
15680,1999,金承东,2016-01-16 05:56:42,6,12,6,困，三节连堂
20882,1999,金承东,2016-02-03 01:39:33,-8,7,15,给分不错
21929,1999,金承东,2016-03-02 00:19:59,13,15,2,慢条斯理，困
25240,1999,金承东,2016-05-09 00:12:41,35,55,20,给分挺好吧。不过上课节奏也太特么满了，一句话一样的意思讲4遍。除此之外，三节连堂+固定座位+不能玩手机不然没收，学了一学期我都悟出禅意了
34093,1999,金承东,2016-09-27 02:27:34,9,11,2,上课讲话没有高低音 很容易犯困⋯⋯
41174,1999,金承东,2017-01-10 01:02:14,3,5,2,好无聊
41389,1999,金承东,2017-01-11 08:05:32,-8,3,11,挺好。没差。
44813,1999,金承东,2017-01-18 09:32:30,4,9,5,哎感觉我答的那么好才3.9
44822,1999,金承东,2017-01-18 09:53:35,-8,4,12,全程读ppt，有一点点分析，注重思考，其实也还不错
44825,1999,金承东,2019-01-18 15:57:41,-56,10,66,给分挺好。好好听还是能学到东西的。反正给了我满
45550,1999,金承东,2017-01-19 18:10:20,-5,5,10,虽然老师讲话听着想打瞌睡，但是认真听收获真的很多！
47920,1999,金承东,2017-02-27 09:58:40,-1,3,4,考试比较简单给分不错 其实讲的也还行 虽然容易觉得枯燥但是还挺有条理 也有一些分析这样
53423,1999,金承东,2017-06-26 14:47:53,3,5,2,一般…
53473,1999,金承东,2017-06-26 16:36:47,-7,1,8,挺有条理的\n\n我觉得还行
53489,1999,金承东,2017-06-27 00:39:34,2,5,3,真困啊
54122,1999,金承东,2017-06-28 13:38:36,-8,1,9,讲课还是能听进去的，可能对辅修班要求比较少，期末写的论文没有考试，给分还好吧
59837,1999,金承东,2017-09-27 11:22:29,-4,5,9,其实老师虽然说话慢容易犯困，但仔细听讲的还是挺好的，喜欢^O^
68989,1999,金承东,2018-01-24 07:30:10,-9,4,13,给分很好的老师！
70290,1999,金承东,2018-01-26 11:17:21,-10,3,13,固定座位，期末闭卷，上课时间比较长，老师语速比较慢，讲的东西比较基础，会有一些分析思考，给分真的很好！
70300,1999,金承东,2018-01-26 11:47:43,-3,11,14,其实老师上课讲得真的很好的 认真负责 思路清晰 上他的课反正对我来说 用处很大 \n\n讨论课挺水的 每个小组派代表站起来发发言就好了 老师都会听的很认真\n\n没期中考试 没讨论课展示负担 没平时作业\n\n考试简单 出分快 给分好\n\n不知道查老师评分为啥低
79800,1999,金承东,2018-06-14 00:39:43,25,31,6,1.固定座位\n\n2.不准玩手机\n\n3.最后几次竟然不让带电脑\n\n4.期末闭卷\n\n5.一点内容可以重复来重复去的\n\n6.互动可以互动一个小时而且声音轻不知道在交流什么\n\n7.最后连法考书都不让带\n\n8.学生提出质疑经常不予评论或者回答\n\n9.给分不知道\n\n10.抱歉我就是不喜欢
94839,1999,金承东,2019-01-18 09:54:31,-11,5,16,给老师10分，出分这也太快了，厉害
94850,1999,金承东,2019-01-18 10:16:28,-6,2,8,对不起。
95113,1999,金承东,2019-01-19 00:18:03,-4,10,14,平时没有什么任务 给分主要靠期末 期末卷子我基本上都在课件上见过 因为复习了很久 所以很有信心 但是最后给分几点都没有上二 我真不知道问题出在哪里 真的很无语
95141,1999,金承东,2019-01-19 01:22:05,-1,9,10,出分快，给分好！
95290,1999,金承东,2019-01-23 10:30:24,-13,5,18,我就来打个10分
97716,1999,金承东,2019-01-22 14:00:25,7,10,3,固定座位不能缺课，期末认真复习结果平常大家都上四的朋友，都二点几濒临挂科边缘。事的确不算多，闭卷题也不算难，但是给分敢不敢稍微好一点
100609,1999,金承东,2019-01-26 11:38:58,-2,10,12,老师不错，考试基础，有思想有创新，虽然年龄比较大但是仍然保留了“为天地立心，为生民立命””的热情。讨厌上课玩手机，睡觉的学生，这一点可以算是他的原则吧。
120968,1999,金承东,2020-01-19 05:13:32,6,8,2,给分不好  这学期课代表查人记录发言还挺负责 但是记录发言对我这种不爱发言的人来说很烦
130787,1999,金承东,2021-01-24 14:32:24,0,5,5,行政法出分前来还愿\n\n客观评价，老金讲的还是不错的，很系统，很详细，比较适合我这种应试教育上来的同学，缺点就是课长，声音平稳，容易睡觉。\n\n然后就是考试，记住一定要背好知识点！一定要背好知识点！一定要背好知识点！老金的考试一百分有六十六的概念题，背的好就写得出，背不好。。那就得完蛋！
130802,1999,金承东,2021-01-24 15:42:25,-17,2,19,感觉考得还行但给分没有预期高，老师还是不错的，建议大家选
130842,1999,金承东,2021-01-25 02:42:55,-12,4,16,感觉上课还行，老师人也不错，但考试会考得非常细，细到你意料之外，虽然成绩不高，但还是十分好评～
130978,1999,金承东,2021-01-25 12:48:19,11,16,5,考完试出完分群里没一个说话的，老师什么样不用我多说了吧
134780,1999,金承东,2021-04-15 00:25:36,17,19,2,授课没体系，没逻辑。讲课语速语调很难让人适应，容易让人走神……
136881,1999,金承东,2021-06-27 11:11:46,29,30,1,你是上课是拿钱的，学生上课是交钱的，请不要偷换概念。\n\n让学生不要迟到，你自己最后一节课迟到一个多小时是怎么回事，就你忙？
136923,1999,金承东,2021-06-30 16:40:25,15,17,2,快逃阿
138384,1999,金承东,2021-07-09 00:23:27,10,10,0,上课差，给分差
140813,1999,金承东,2021-09-16 10:05:46,3,4,1,固定座位且讲的一般，最过分的是期末卷子出的明明不难，觉得答的不错了也满平时分，竟然给了个很离谱的低分，本学期最低分，感到莫名其妙
140840,1999,金承东,2021-09-16 23:34:52,3,3,0,...
141423,1999,金承东,2021-10-08 02:58:00,2,4,2,。。。
144798,1999,金承东,2021-12-24 02:46:48,10,14,4,我第一次见发言占比如此可怕的课。一次发言三分，要发五次才满。说好的平时分考察学习态度，不应拉开差距。发满五次有多难？差一次就得少三分？你院又是出了名的卷。我不太喜欢上课举手的，但这占比实在太大了没办法。不发言上限锁死85分，期末满分也没用。我举了三节课的手，一次都没点到。如果大家都比较均匀也就罢了，身边有点到两次三次的，到我这就是看一眼我举着的手，转过头去点别人。我谢谢您。
145336,1999,金承东,2021-12-29 05:37:25,-5,4,9,考试之前答一波，说说自己的真实感受：感觉老师上课讲的挺不错，仔细听会很有收获（但是上课有点容易让学生走神？可能因为节奏稍慢），课后解答也很耐心（即便问了很傻的问题orz）上课固定座位，几乎没有点名，讨论课占比很大（这是老师一开始就说清楚了的，不明白为什么有人既想要高的平时分又想要上课不发言……如果因为自己不喜欢上课发言，但考核规定不是第一节课就公开了的么……）
145737,1999,金承东,2022-01-01 07:08:36,-8,1,9,老师挺好的，脾气也很好
148289,1999,金承东,2022-01-12 05:21:33,-8,4,12,上课有条理收获大 给分好 虽然固定座位 但是感觉完全没影响 只要认真听最后分就不会差 开卷考试
148290,1999,金承东,2022-01-12 05:21:33,-7,3,10,老师真的很好啊，对行政法有很深刻很独到的理解，而且脾气很好会很耐心解答问题，给分也很好！一学期下来收获很大
151220,1999,金承东,2022-02-25 02:04:29,4,5,1,不能用手机电脑 固定座位 TAT
152072,1999,金承东,2022-03-25 02:13:27,17,17,0,说话三个字一断，一句话重复四五遍。\n\n自己都没搞懂自己在讲的东西，让学生提问也回答不出所以然，听课还不如自己学。
153389,1999,金承东,2022-04-29 02:52:01,13,15,2,糟老头
153759,1999,金承东,2022-05-10 08:10:50,-24,3,27,小金老师讲的其实挺好的啦，上课态度也很认真，语速确实偏慢了，是个人风格问题，无可厚非。虽然我老逃课，但是每次都看了回放了，老师的讨论题挺有意思的，有启发，老师很有批判精神，支持人权和自由，不知道那些说老师讲的差不如自己看的人有没有认真听课
154033,1999,金承东,2022-05-20 02:07:54,15,15,0,这是什么垃圾老师
154034,1999,金承东,2022-05-20 02:17:02,30,30,0,搞不懂这老师在想什么。\n\n大学课堂能不能吸引学生，能不能留住学生，靠的是你课堂的质量而不是你手握学分点名、不允许八点五十之后进教室、不允许课上出教室、不允许过了课间休息时间还进教室。大学教育应该是自由的，学生应该有选择上与不上的自由，老师自己不好好反省，搁在整天强调进出教室干扰教学这种外部因素，这是否妥当？？
154038,1999,金承东,2022-05-20 04:03:47,23,23,0,用学分压人，要求准点上课，八点五十不来就别来了。下课十分钟，到点不来你也别来了。第一节课就立规矩，不让带手机电脑。靠这点小权威要求学生跟老师互动，要求到课，而不是想想如何让自己的课受到学生欢迎。有些老师凭借自己的人格魅力或者讲课水平，即使不点名每堂课也都有绝大多数的同学来听。而这位老师即便要求了点名，常常提点纪律要求，还是没什么人愿意听课。就算大家坐满了，又有几个人真心在听课呢？
154234,1999,金承东,2022-05-26 14:37:03,14,15,1,再提醒一下，明天早上8:50前进教室，这之后就不要进来了。课间休息10分钟，10分钟后就不要进来了。基本的上课纪律要遵守。
154239,1999,金承东,2022-05-27 01:01:27,35,39,4,无语 这是什么没水平还事儿多的老师
154240,1999,金承东,2022-05-27 01:03:15,40,44,4,上课不让上厕所，去的话不让回教室。活久见
154243,1999,金承东,2022-05-27 01:20:45,38,42,4,在教室里对着学生大喊大叫的一瞬间，让我觉得这不是浙大的教授，是更年期……
154245,1999,金承东,2022-05-27 02:20:06,33,34,1,控制欲强的人真的很危险。但是还是要说一句，控制得住在课堂上的躯体，控制不了向往自由的灵魂。站起来，冲冲冲!!!
154247,1999,金承东,2022-05-27 03:47:43,36,36,0,专制管理，浪费时间，车轱辘话\n\n与其想着为什么大家不来上课？倒不如反思一下自己上课的方式。大家人生中的五六十个小时就被浪费掉了，无疑是谋财害命。
154248,1999,金承东,2022-05-27 03:37:48,23,24,1,上课时间不允许去洗手间，自己又不准点下课。有同学去洗手间就大吼大叫。我现在又饿又渴，好想喝水，一个字也听不进去。：）
154249,1999,金承东,2022-05-27 03:50:38,17,18,1,3个多小时的课就休息一次，还不允许学生上课出去上厕所，是想把人憋死吗？课间去上次厕所都得看着时间生怕迟到，真无语…
154250,1999,金承东,2022-05-27 03:55:02,27,27,0,“如果一个人的灵魂真有什么可贵的地方， 那必须包含他对自己身份， 能力， 职责的清醒认识。然而， 有时候我会很怀疑我大学时代遇到过的一些老师， 他们到底是些什么人。他们大多比我们年长二三十岁， 虽然各自面目不同， 他们里面的一些人却都有一种未经反省或者拒绝反省的自恋。那是入戏很深、真真假假的一帮人——他们借着高校的光环， 给年轻人和社会公众放债， 剥削欺凌他人的时候面不改色。”
154251,1999,金承东,2022-05-27 04:12:29,27,27,0,金老师很好 就是太差了\n\n课上的非常精彩 下次不要上了
154252,1999,金承东,2022-05-27 04:21:32,14,15,1,这辈子遇到过的最糟糕的大学老师，对着学生大吼大叫，不让去上厕所，自己却不按时课间休息，不让学生用电脑手机，固定座位，结果自己讲课一塌糊涂，差到极点，真是糟透了，就想问这样的老师也配在大学里面讲课？更何况是浙大的课堂？
154263,1999,金承东,2022-05-27 10:33:14,15,16,1,2021级法硕（非法学）评价：\n\n上课固定座位，不让用电脑（后来有同学向教务老师反馈，倒也没有给没收掉）。之所以要用到电脑，主要是老师讲课的语速实在太慢，翻来覆去地讲，带着电脑至少还可以看看查查其他相关的法条。另外，讲课属实没啥意思，把平时分定的很高，有同学不得不来，也不得不课堂发言（为了分数，大家都低下了高傲的头颅）……\n\n\n\n哎……今天对着一个男生大吼，着实让人无语，不让人上厕所。后来自己连着上了2个多小时吧，中间也不停，反正学生也憋着，真是把bladder都憋坏了。\n\n\n\nWTF=What The Fuck !!
154268,1999,金承东,2022-05-27 13:40:36,22,23,1,“只有对自己极度不自信甚至自卑者，才会用一些外在的虚伪的形式，以树立自己虚无缥缈的权威。”
154270,1999,金承东,2022-05-27 14:26:33,8,9,1,这个老六
154298,1999,金承东,2022-05-29 12:50:42,10,12,2,无语了
154378,1999,金承东,2022-05-31 09:06:32,8,12,4,快跑！
154417,1999,金承东,2022-06-01 06:12:10,4,13,9,你不是进入更年期了，你是快要步入阴间了你，你棺材土都埋到你眼眉上面了。
154462,1999,金承东,2022-06-01 17:38:15,9,11,2,一个字：烂
154640,1999,金承东,2022-06-02 16:01:48,-13,1,14,无功无过
154676,1999,金承东,2022-06-03 07:29:53,-26,8,34,我很欣赏金老师对行政法的理解，行政法的实质就是控权，为老百姓受到的不合理的侵害提供救济的途径。一些同学根本没认真听课就在那讲老师的课讲得不好，还随便给别人扣帽子。金老师的课的确会点名，也会要求学生按时上下课，不要迟到早退，课堂中不要随意进出，但这不是做学生最基本的要求吗？从幼儿园到大学不一直如此吗？有些学生因此就说金老师课讲得不好，还要求学生强制来听课，真是擅长自我发挥。作为老师，他有权利来决定自己的课堂形式及考核形式。用形式去判断实质，这样合适吗？老师也会留一部分时间在课堂上自由讨论，希望听取学生们的意见和看法，老师最后也会发表自己的意见，这就是讨论题，你不需要被老师说服，金老师也再三强调这就是谈论题，各抒己见即可。还请搞明白行政法的定位及老师上课内容再来与老师进行学术争锋，而不是单纯发泄不满。
155604,1999,金承东,2022-06-14 14:53:32,9,10,1,最新那条的发言人看看自己被多少人踩了吧，谁才是多数谁才是少数？评论区大家都看得到。\n\n\n\n\n\n别的不说，金老师（还是尊称一声吧）自己在课上讲行政法的精神，课中却做着与行政法精神相违背的事情，这能让我们信服吗？不让学生上洗手间，做得合理和便民了吗？拿权威来压人和恐吓学生，做得控权了吗？翻来覆去浪费学生的时间，做到高效了吗？\n\n\n\n\n\n大家都是成年人了，言尽于此，希望下一届不要再忍受这种折磨了。
155832,1999,金承东,2022-06-16 07:13:42,2,4,2,最后一节课讲北雁云依案的时候，很自豪地说自己的还是连跟老婆姓都不可以…这大男子主义也是…
155988,1999,金承东,2022-06-17 04:23:31,1,2,1,行政法考试，呵呵呵呵呵呵呵呵呵呵哈哈哈哈
160126,1999,金承东,2022-09-13 13:37:41,3,7,4,封建老僵尸。
161664,1999,金承东,2022-11-10 07:33:19,5,6,1,2021—2022秋冬学期，行政法最后4.8（个人以为是被调分过的），在这里留言给后来的学弟学妹们一点学习经验\n\n1. 老师上课不让带电脑，会固定座位，大家最好不要逃课，要乖乖坐在自己的固定座位上！本人看过老师拿一个座位表偷偷对照打勾！\n\n2.当时老师要求上课发言5次，一次3分，本人只发言3次（真的抢不到），最后4.8这个成绩也许是调分后的，一定要尽早发言，不要都推到后面几节课！\n\n3.最后我们是和郑春燕老师班级合卷，我在考试之前认真看了法条和政府信息公开条例！大家一定要认真看，个人觉得有用，期末基本都是案例题，题量大，大家先写结论和依照的法条，尽可能拿分！法条起码要熟悉！
165063,1999,金承东,2022-12-29 03:07:43,0,3,3,虽然很多同学对老师的评价不太好，但可能是基于对行政法的喜爱，我认为老师还是很棒的，课后也会耐心帮同学解答问题。谢谢老师。\n\n因为我是本科生，我一般就是把老师公邮里的ppt提前打印下来带去上课，然后在旁边做笔记什么的。慢条斯理，挺适合我这种笨学生的。
168041,1999,金承东,2023-01-24 02:51:41,8,10,2,1、老师人好事少（平时分只要发言），讲课令人昏昏欲睡，但很慢很轻松，隔壁zcy要上课点人回答/pre/期中大作业，大家自行选择。\n\n2、现在合卷是统一调分，出卷上会以zcy为主导，复习建议看她的智云，范围/分析方式和重难点都参照隔壁班即可；或者法考也可以看。\n\n3、平时分我觉得就是调分用，发言没必要硬卷，没啥用的，实在不放心3次绝对够了（某些卷到8次10次的，别折磨大家了）
170271,1999,金承东,2023-03-02 11:03:44,0,4,4,真的超级喜欢的老师，不知道为什么评分会那么低！体谅学生，关心学生，给分也特别好，上课很有逻辑，平时思考题也会带着一个一个的分析，很能训练思维能力。老师讲课语速有点慢 但是个人觉得这样更有利于记笔记以及消化。所以啊 真的好喜欢金老师！
170379,1999,金承东,2023-03-03 09:08:42,6,10,4,体谅学生，有体系感的好老师！虽然讲课比较慢，但是认真听会有很多收获！！！
170763,1999,金承东,2023-03-09 07:16:05,0,7,7,还能有比这个老师更差的老师吗？\n\n固定座位点名这些都不说了\n\n倒是讲点有用的啊
170791,1999,金承东,2023-03-10 00:52:22,2,9,7,金老师课是上得挺好的，求求金老师下次别上了。
171623,1999,金承东,2023-03-30 08:49:55,2,9,7,上课点名、固定座位，对于研究生来说，必须回答问题，平时成绩占据50%，真的有必要吗？\n\n流于形式主义的东西也就是在他这里出现了。
172145,1999,金承东,2023-04-30 09:53:03,12,17,5,金老师平时鼓励同学们在课堂上自由讨论，也能允许和认可不同观点的碰撞和存在，课后也会针对同学们讨论到的他不甚了解的问题，再行深入研究并反馈在课堂上。\n\n别的不评价，这种谦冲的治学态度，很多老师真的没有。
173047,1999,金承东,2023-05-12 03:59:25,-10,5,15,跟民诉的李辉老师比起来 金老师真的很好
173862,1999,金承东,2023-06-04 01:52:59,-4,7,11,各位研究生请下你们高傲的头颅
185095,1999,金承东,2023-12-26 07:56:12,2,6,4,我觉得老师挺好的
189835,1999,金承东,2024-01-30 13:16:51,6,10,4,来一波最新反馈，感觉老师上课逻辑还是挺清晰的，我感觉最让人感兴趣的部分是每章节后面的讨论题目，感觉每个题目都能让你收获很多，尤其是思维方面。至于前面楼说到的问题，是有固定座位，但课上其实可以用电脑而且金老师一直按时下课，目前本科生行政法课堂应该没有前面吐槽的那样吧。说到大家比较关心的给分，老师考试是教考结合，最后大家都觉得给分不错。总结，金老师不是洪水猛兽
189938,1999,金承东,2024-02-03 06:12:57,2,5,3,授课清晰，很有收获，是至今仍然很怀念的一门课了
190773,1999,金承东,2024-03-18 12:14:10,3,4,1,如果中途不下课的话，能不能准点下课啊。\n\n一个半小时下一次课，中途还不让上洗手间，上行政法真是有福。
190952,1999,金承东,2024-03-25 13:31:11,7,11,4,内容太旧，上课就是车轱辘话来回讲，知识密度极低，逻辑和论证水平都很弱…如果要评选法学院最应该被法考辅导课代替的一门课，JCD的行政法绝对位列榜首…
191009,1999,金承东,2024-03-28 01:53:13,1,4,3,行政法入门老师 很怀念，很尊敬
193789,1999,金承东,2024-06-18 06:37:44,-2,1,3,真的无语死了
197521,1999,金承东,2024-07-18 03:30:10,0,1,1,行政法入门启蒙老师，更加类似高中老师授课风格，最后4.8很满意了
197660,1999,金承东,2024-07-25 07:12:57,1,2,1,很差劲
202365,1999,金承东,2024-11-12 05:27:55,2,2,0,感觉都在重复一句话，学不到什么东西。固定座位。很离奇的平时成绩平均方案。上课不准玩手机，有人因为课上用手机喜提被老师亲自打微信电话批评。
211783,1999,金承东,2025-01-12 12:04:23,1,1,0,老师的课真的受益很多，很和蔼的一个小老头，给分也高
212635,1999,金承东,2025-01-14 10:16:15,0,0,0,老师人真的超级超级好，虽然课程节奏有点慢，但上课真的特别适合刚入门行政法的小白。老师还会特别认真的对待每一位同学提出的问题，治学很严谨。最后基本平时分拉满，期末总分给的也好
213528,1999,金承东,2025-01-18 05:19:30,0,0,0,很和蔼的小老头，上课不让玩手机但是偷偷摸鱼他也不会管，讲课很慢很慢，摸鱼都能听个大概。这次期末开卷复习起来非常轻松，平时稍微听一点智云过一遍很快，考试内容完全不超纲。\n\n最重要的是给分真的太好了，认真学应该满绩难度不是很大！
216047,1999,金承东,2025-03-12 01:50:52,0,0,0,不评价了……
9241,2122,胡炜,2015-10-18 12:27:50,14,17,3,居然拖堂。真是醉了
11386,2122,胡炜,2015-11-29 13:27:38,12,13,1,拖了一个小时，全程没下课…课上一直在吹，虽然我为中国的成就骄傲，但是用得着这么吹吗？
11388,2122,胡炜,2015-11-29 17:45:29,3,5,2,净瞎比比
11424,2122,胡炜,2015-12-01 01:28:49,-7,2,9,还不错
11739,2122,胡炜,2015-12-13 12:45:50,8,9,1,无语，拖堂
11879,2122,胡炜,2016-01-06 03:28:08,5,7,2,上课拖堂。。。
12557,2122,胡炜,2015-12-23 13:08:37,-7,0,7,还可以
13028,2122,胡炜,2015-12-24 14:25:54,-4,6,10,真的很好，就喜欢这样的老师
16425,2122,胡炜,2016-01-18 05:20:37,8,8,0,拖堂不解释
22547,2122,胡炜,2016-03-08 01:30:37,3,5,2,无聊。。宣传党，体现社会和谐也要讲一些技巧好吗。。。。无聊死板地说教条只会让效果适得其反啊。。。。。上课像是给小学生上课一样，受不了
22840,2122,胡炜,2016-06-28 11:54:44,2,9,7,绩杀不解释
25349,2122,胡炜,2016-05-15 11:01:28,6,7,1,拖堂...助教简直不想说什么...无语...用的话筒简直震耳欲聋...不是夸张...
25483,2122,胡炜,2016-05-22 12:51:56,-6,2,8,老师上课很幽默，认真听讲相信你能学到很多
25618,2122,胡炜,2016-06-28 09:40:00,-9,0,9,感谢师生情
25620,2122,胡炜,2016-05-29 12:51:29,5,5,0,次次上三节课，无语~
25621,2122,胡炜,2016-05-29 13:41:16,-6,3,9,胡老师虽然每节课都拖堂到9点，但其实上课挺好玩不容易睡觉，最后一节课表达了对同学们考试和前途的殷切期望，还蛮感动的
26500,2122,胡炜,2016-06-19 09:15:55,5,6,1,上课拖堂 拖堂
28379,2122,胡炜,2016-06-29 03:41:35,3,7,4,我就想知道给分为什么  每节课都去了  作业按时交 学生手册过了  考试感觉自己也不会太差 毕竟曾是文科生 PPT资料也都复习了 给分创造了我历史最低
28425,2122,胡炜,2016-06-28 08:56:50,3,7,4,给分特别差，这是我拿的绩点最低的一门课...比微积分还低...我大题目基本会做...
28553,2122,胡炜,2016-06-28 10:05:13,7,12,5,全勤，作业都认真做了按时交了，小组展示还是上去发言的，期末考试大题都会做，最后给我一个76？不想说什么了
28628,2122,胡炜,2016-06-28 11:14:44,3,7,4,给分极低 创造最低成绩！而且每次上课都拖到九点钟 完全不是一般人能接受的了的 慎选！
28769,2122,胡炜,2016-06-28 14:13:51,5,8,3,老师我行策69分你在逗我吗
28838,2122,胡炜,2016-06-28 18:30:18,4,5,1,每节课必说浙大排名。。。
28842,2122,胡炜,2016-06-28 22:15:30,5,7,2,次次拖堂次次点名，给分还差，不想说什么了
28846,2122,胡炜,2016-06-28 22:53:21,4,6,2,给分垃圾，还爱吹逼
29031,2122,胡炜,2016-06-29 06:56:13,-14,3,17,看评论看的有点醉，形策90欢迎大家裱我（让我上头条！）\n\n不过不得不承认老师喜欢花式夸浙大，讲课容易跑题（但我就是喜欢他跑题哈哈哈…）\n\n拖堂真的很迷醉，九点钟下课东二都空了…。
29296,2122,胡炜,2016-06-29 14:40:11,5,5,0,回回拖堂1小时！课程时间是一种契约，大家都有自己的安排，凭什么占用个人时间？！\n\n绩杀！自认为很擅长文科题，竟然给了我大学第一次下3的经历，服气了（围笑）
29309,2122,胡炜,2016-06-29 14:52:18,3,3,0,一个zz在瞎bb，助教一幅看不起人的嘴脸
29463,2122,胡炜,2016-06-30 00:25:39,0,2,2,太喜欢拖堂了，可以上到九点多！而且给分真的不好，平时都去签到，作业全交。考试的时候也认真背了，简答题都能写，但绩点就是很烂…
30497,2122,胡炜,2016-07-01 18:26:24,0,2,2,老师和助教人还好，给分真的不知道标准和公平在哪里，呵呵。把所有的PPT看了几遍，课后题背的很熟，考试的时候还因为自己认真背了都答上了而暗自庆幸，很期待一个好成绩。但看到成绩的那一刻，不能说生气，只是突然感觉很委屈，突然觉得成绩和努力好像没有太大关系。我知道世上没有绝对公平，可是想请老师给予努力过的学生们一点尊重，只是觉得伤心和不解。还有，我没有缺过课，有一次课堂讨论我还是组长，结果。。。算了，以后和他毫无干系。
30919,2122,胡炜,2016-07-03 02:52:01,1,1,0,给分巨坑，作业都按时交，期末复习整整一天，结果分是我所有课中最低的一门\n\n
31983,2122,胡炜,2016-07-05 10:24:35,1,1,0,总感觉拖堂心安理得。强行吹浙大也是可以。期末成绩不说了，这种课程，我是再也不想上了。
51394,2122,胡炜,2017-06-04 12:58:24,0,0,0,拖堂，恶心得要死
53183,2122,胡炜,2017-06-26 06:56:02,0,0,0,333
53184,2122,胡炜,2017-06-26 06:57:01,2,2,0,虽然拖堂。但老师很有爱。感觉老师真的很爱校，最后一节课对同学们的祝福和期望很令人感动。注重平时作业和时事分享，成绩就还好～
53187,2122,胡炜,2017-06-26 07:08:34,1,1,0,助教不错
53374,2122,胡炜,2017-06-26 12:57:51,-2,0,2,老师拖堂很烦，助教挺漂亮的，给分还可以，我就去过两堂课，作业交过一次，考试一点没看最后3.9
109436,2122,胡炜,2019-06-14 12:14:06,0,0,0,上的好烂
6244,2131,叶良芳,2015-07-12 09:47:44,49,55,6,讲话网速太卡
6648,2131,叶良芳,2015-07-17 04:04:39,-13,6,19,芳芳好可爱嗒！
6649,2131,叶良芳,2015-07-17 04:11:58,-15,5,20,比较传统按照司考模式。不过老师人很好讲的也好给分也好，大赞！
6650,2131,叶良芳,2015-07-17 04:13:46,6,8,2,语速慢慢的
25582,2131,叶良芳,2016-05-26 10:40:44,49,55,6,成见太多，灼见太少。有时讲话间隙太长了，像树獭一样......
25834,2131,叶良芳,2016-06-11 03:04:02,15,20,5,讲话网速太慢 观点有些偏激像个网友 而且酷爱按照名单顺序点人回答问题 但是讲课非常认真～
32301,2131,叶良芳,2016-07-06 06:22:04,-14,6,20,叶老师是个内心温柔的人
32411,2131,叶良芳,2016-07-06 15:02:19,-15,4,19,芳芳老师是个好人~给分很好哒
74984,2131,叶良芳,2018-03-07 02:07:50,18,26,8,一个自以为是的老顽固，难怪浙大法学院的学生都不考自己学校的研究生。
75387,2131,叶良芳,2018-03-14 07:13:50,26,47,21,您想多了。我出去愿说自己是朱教授、郑教授的学生，同样愿说自己是章讲师、李博士的学生，但我一定不说我是您“叶教授”的学生。别担心。
75465,2131,叶良芳,2018-03-12 06:54:16,34,41,7,排火车点名，上课念课本，语速极慢听了让人想自杀，公开歧视少数民族，不知道老师自己看不看查老师，知道自己的缺点能不能谦虚一点改一下。
75478,2131,叶良芳,2018-03-12 09:19:25,23,26,3,七十多人的课，两个人一组…累死了好么…点名从前到后一个个回答问题…讲话语调略怪异…而且这是一个男老师…怎么讲话会这么奇怪呢
75596,2131,叶良芳,2018-03-14 01:26:43,24,28,4,“一切以我的观点为准”\n\n“请大家争议问题去看我的书”\n\n上课听出了一种禅意，装逼大佬
75599,2131,叶良芳,2018-03-14 01:59:21,30,33,3,ppt都不自己改，还要怪研究生态度不好，666
75624,2131,叶良芳,2018-03-14 06:44:36,20,26,6,公然鄙视所有非法学研究生，请问谁给你的自信。有本事你别招啊
76231,2131,叶良芳,2018-03-29 11:59:54,3,18,15,呃。。我觉得有些评论太偏激了，歧视少数民族什么的并没有啊我也是少数民族可能就是老师表达的问题，但是希望同学们不要想的太偏颇了，每个老师的授课方式什么肯定都不一样的，刑法这类课无非就是在法条上做文章，好好学就好了毕竟学习是靠自己的。反正也只是一学期的缘分，大家就不要说的太过了
76685,2131,叶良芳,2018-04-18 08:25:19,-17,13,30,芳芳内心是个很善良的人啊\n\n有些学生就算觉得自己水平高或者不喜欢老师的教学风格，就自己静静看书好了。言论应该对长辈有基本的尊重吧？！
76865,2131,叶良芳,2018-04-25 00:15:59,27,30,3,作为一个老师，在要求学生在自己的课堂上尊重自己的同时，应当考虑到自己所说所做是否尊重学生
76977,2131,叶良芳,2018-04-27 02:34:00,2,5,3,为什么会有两个刑法分论与实务，而且绩点不一样
78637,2131,叶良芳,2018-05-14 05:44:57,17,20,3,推荐大家翘了他的课去李世阳的课听一下
78638,2131,叶良芳,2018-05-14 05:46:10,6,7,1,何苦为难自己。
78650,2131,叶良芳,2018-05-14 07:18:51,20,29,9,不要问我什么样的体验，老师歧视非法本，歧视少数民族，又地域黑，观点独树一帜，问问题也不好好回，成见太多，也很社会，还记得他说什么现在的男生因为不喝酒，不抽烟，木有阳刚之气，不知道他自己是不是靠喝酒抽烟走到这一步，我只能好抱歉的说，因为光华有您，所以浙大法学院学生司考通过率低，考研率低，可能上辈子干了太多坏事，今生遇到您受刑(真的很绝望)！！！！！！！！！！！
78854,2131,叶良芳,2018-06-25 05:25:50,17,19,2,一肚子不知道从何而来的偏见\n\n要是没上过李博士的刑法课问题还能忍\n\n上了一学期李博士之后换成这位我真的是 \n\n周期性原地爆炸 竟然还能上下去
80317,2131,叶良芳,2018-06-25 05:22:31,1,6,5,规规矩矩看课本上课\n\n逻辑很清晰
80459,2131,叶良芳,2018-06-27 00:28:42,12,13,1,吐槽研究生ppt做不好，自己都不检查一下的吗
82242,2131,叶良芳,2018-07-07 14:31:10,0,5,5,天哪啊啊啊啊给分太好了吧~\(≧▽≦)/~
82243,2131,叶良芳,2018-07-07 14:32:38,-1,8,9,喜欢叶老师，给分也很好的，只要上课好好听了就不是问题，上面的评论有的个人主观性太强了，不代表其他人的想法。大家好好上就行了
82247,2131,叶良芳,2018-07-07 14:43:36,3,6,3,芳芳就是讲话有点偏激吧…其实有点中学老师的感觉。其实上课蛮清楚的，而且书写的很好
82249,2131,叶良芳,2018-07-07 14:48:35,1,4,3,很务实的老师，给分好
82252,2131,叶良芳,2018-07-07 14:57:20,1,3,2,芳芳我爱你
82253,2131,叶良芳,2018-07-07 14:57:45,3,6,3,哇，刑分均绩4.43
82261,2131,叶良芳,2018-07-07 15:06:11,4,6,2,八分 因为给分确实很好（作为法学专业学生而言） 但是其实上课和看他写的书并没有什么差别 对非法学专业同学不太友好（上课的时候表现的） 讲话很慢 成见很多 说刀子嘴豆腐心的话…刀子嘴确实蛮刀的
82264,2131,叶良芳,2018-07-07 15:12:38,1,3,2,老师人挺不错的，给分也可以～喜欢案例讲评这个环节，虽然准备的压力有点大，但是能学到很多东西。对于老师个别观点和自己不同的，持保留态度就好。
82270,2131,叶良芳,2018-07-08 09:40:51,0,0,0,有人能说一下刑总均绩吗...
82271,2131,叶良芳,2018-07-07 15:23:53,3,4,1,本来想打低分的，但是抱着这样的均绩打低分太愧疚了……不过说真的，刑分完全可以看看他写的书就好
82277,2131,叶良芳,2018-07-07 15:42:53,-7,1,8,老师有一点自负，但确实是有自负的资本。给分蛮好的（全班范围来讲），不过我对自己卡绩的分数不是很满意ORZ。
82518,2131,叶良芳,2018-07-08 11:41:11,2,2,0,ZJU学习帝上可以看数据分布图的
82761,2131,叶良芳,2018-07-09 05:24:05,1,3,2,老师给分是真的好 选择题错很多本来以为凉了\n\n赞同楼上说的 他更像是个中学老师 不大喜欢别人质疑他 对于我们这些学生来说也是有点自负\n\n课讲得一般般 有的时候还挺有趣的\n\n综合一下给8分吧
82958,2131,叶良芳,2018-07-09 11:01:46,-2,1,3,给分好
83849,2131,叶良芳,2018-07-11 10:12:18,3,4,1,刑总讲课就是各种正在缓冲……不过微信群答疑满积极的也很贴心，偶尔还是有点可爱～非法学生选了这课闭卷裸考3.9，平时的展示稍微有些吃力，别的都还不错的，平时也就一次大作业
86473,2131,叶良芳,2018-09-16 23:51:21,-9,4,13,有的言论确实过于偏激，讲课中规中矩，虽然没有什么太大亮点，但是还是能够有所收获的。老师就是表面上严厉，其实内心还是很温柔的，有一次生病请假也是很温柔的语气回应。每位老师都有自己的特点。说老师自负的人，不防反思一下自己是不是过于自负。
87499,2131,叶良芳,2018-09-30 02:10:16,-7,5,12,芳芳其实还是不错的啦，给分高，压力相对不太大。但是不建议非法学生选
88895,2131,叶良芳,2018-11-12 01:23:47,11,14,3,如果老师觉得给非法本的学生上课是对自己的侮辱，请别来上课。
88897,2131,叶良芳,2018-11-12 02:15:43,5,7,2,非法本怎么了？有个别同学迟到了这一班这么多人要被您叶教授歧视？本科生没迟到的？法本没迟到的？按您没人愿意给非法本上课非法本也不用您给上课，不知道为什么看着满脸笑嘻嘻的人为什么是这种性格，能说出这些不着边际的话，上课也没有深度，动不动就是非法本非法本没基础，要是念课本就行要老师干嘛？
97118,2131,叶良芳,2019-01-21 16:27:07,11,11,0,作为一个老师 公开歧视自己的学生 \n\n难怪您不喜欢我们 因为我们也同样很不喜欢您\n\n尊重是相互的 老师 您还是多多考虑自己的问题吧？学识不够，谩骂来凑。我不觉得您的书写的有多好，也不觉得您这个人有多博学，也希望您认清自己，不要再用鼻孔看人。
102396,2131,叶良芳,2019-02-01 11:44:43,6,9,3,垃圾老师 给分莫名其妙 凭什么杀我？？？
102405,2131,叶良芳,2019-02-01 13:52:01,8,11,3,我想了半天想不明白我做错了什么给我这么低的分数？？？
102407,2131,叶良芳,2019-02-01 14:11:07,9,11,2,觉得给分没想象中高的举个手哇，不是我一个人这么觉得吧…
103070,2131,叶良芳,2019-02-26 01:24:24,-1,1,2,公然歧视学生
108559,2131,叶良芳,2019-05-28 15:04:01,-1,1,2,槽点太多了。
125947,2131,叶良芳,2020-09-16 02:47:19,2,2,0,上第一节课，暂时挺喜欢的。说话我还是能听得明白，可能比周老师讲话清楚一点。上课语速是慢，但我觉得这样正好方便同学边做笔记边思考。讲得也很清楚。
127364,2131,叶良芳,2020-11-21 08:33:03,-1,6,7,跟法学院李星星是一路人
132952,2131,叶良芳,2021-02-05 11:02:05,9,9,0,讲课还算认真，但讲话常在缓冲和加载中…而且叶老师现在给分是不是变差了…
132980,2131,叶良芳,2021-02-05 17:19:18,0,3,3,课上得不太行，但是给分确实可以，就听了一两次课，最后4.5
133821,2131,叶良芳,2021-03-07 00:08:54,2,2,0,老师还是不错的，讲课也是认真的。缺点在于这个课课时有点少，可能无法完全掌握刑分的每一个细节，但这与老师无关。给分也好，总的来说性价比趋于无穷大！
134146,2131,叶良芳,2021-03-17 04:46:09,2,5,3,不下课，同学中途出去上洗手间还要行“注目礼”，虚情假意：有什么特殊情况吗？😀
137031,2131,叶良芳,2021-06-30 01:17:29,-3,4,7,我来浙大最讨厌的老师没有之一
146772,2131,叶良芳,2022-01-07 11:53:21,2,2,0,中规中矩
149304,2131,叶良芳,2022-01-15 04:36:40,0,1,1,。。。。
149308,2131,叶良芳,2022-01-15 04:38:36,4,4,0,老师上课语速比较慢，但是能感觉他非常认真非常博学，课后也很愿意耐心地回答同学们的问题，是一个可可爱爱的俏老头哈哈哈哈哈哈哈哈哈！
149747,2131,叶良芳,2022-01-16 15:57:37,6,6,0,中规中矩的课程，仔细想想老师思维还是蛮有深度的，可能就是说话语速太慢了吧……
164481,2131,叶良芳,2022-12-21 07:43:39,0,1,1,某次上课忘记PPT密码，那一节课真是折磨，最后居然拿了同学的刑法一本通上去念。另一次在课上慢吞吞改PPT中刑十一修改的内容，现改啊，您但凡备一下课但凡提前看一眼您的PPT呢？无语了
164965,2131,叶良芳,2022-12-28 06:45:41,0,1,1,出于成见给学生扣帽子
167340,2131,叶良芳,2023-01-15 14:30:11,3,3,0,可能因为在众专业课里，自己最听得进去刑法，在老师的课堂上还是蛮有收获的，虽然老师语速慢，但正好方便做笔记和思考。课后问老师题目也会被耐心解答，感谢！尤其和隔壁比，可以说是庆幸自己选择了叶老师班哈哈哈，就是转线上后老师好像不大会操作
185782,2131,叶良芳,2024-01-04 09:51:01,0,2,2,听他上课有点浪费生命。。。
189318,2131,叶良芳,2024-01-23 07:13:16,3,3,0,教科书写的很好
1052,2399,李有星,2015-03-21 16:01:53,19,32,13,金融法方向挺好的
40324,2399,李有星,2019-09-05 13:57:35,-7,24,31,谁听谁知道，这个老师有毒
49542,2399,李有星,2017-04-18 05:58:37,16,25,9,法律谈判课：\n\n请的律师不一样，讲课风格也大相径庭，不过总体还是比较有意思的，而且也确实能学到不少东西。\n\n不点名，需要签到，最后有一个课程感想和录音整理任务，都比较容易的。
50777,2399,李有星,2019-10-03 16:29:26,-18,6,24,老师说：我的课的目的就是给你们扫盲。看样子做的很好。不过课是有毒的。
50779,2399,李有星,2017-05-05 08:46:59,0,8,8,………………
68051,2399,李有星,2019-10-03 16:28:44,1,29,28,给你一分是因为没有零分。
68053,2399,李有星,2018-01-22 14:15:05,2,16,14,非常想知道老师的给分依据到底是什么/手动微笑
68501,2399,李有星,2019-10-03 16:28:55,-6,18,24,请诸位远离这位仁兄，师德有碍。?
75052,2399,李有星,2019-10-03 16:29:34,-19,9,28,可怕 ?第一次第一节课就评1分，抱歉忍不住…
76216,2399,李有星,2019-09-05 13:57:54,-7,15,22,刚坐进教室5分钟，就在想我为什么要来上课，自己体会！
76903,2399,李有星,2019-10-03 16:28:14,37,83,46,师德与学问皆烂，长相与衣品均挫。
76924,2399,李有星,2019-10-03 16:29:01,-14,12,26,师德有亏。
78635,2399,李有星,2018-05-14 05:35:45,14,25,11,这学期也没那么不堪，给分还挺好的吧
78649,2399,李有星,2018-05-14 07:05:36,-13,9,22,课堂上是学不到东西的，还要整理录音，但他上课根本没有干货可整理。表白PPT很细致，应该是助教姐姐做的。给分不错，就是不知道给分依据是什么，考核是演戏。
78684,2399,李有星,2019-10-03 16:29:41,-27,4,31,虽然给分还行 但真的学不到什么东西 给分标准也不知道是什么...论戏精的自我修养？
88665,2399,李有星,2019-10-03 16:29:07,-10,19,29,师德非常有问题，尤其是对女同学。望小心。
90898,2399,李有星,2019-10-03 16:29:18,-13,12,25,天马行空，根本不知道在讲些什么。对于非法学的基础较差的，李老师上课完全不顾。亲身经历的一节课，分享下内容。不准备课件，做那就是一顿扯淡。\n\n一节课他主要问了三问题，让每一个人回答（13个人上课）。\n\n第一个问题：律师事务所帮当事人打官司，当事人不给劳务费。（50万）问律师事务所是否该起诉当事人？\n\n第二个问题：在有钱的时候买房子还是没钱的时候买房子？\n\n第三个问题：家乡发展不好的企业给你100万让你回去工作，但是有个城市发展很好，也有不错的企业要你（不给你100万，只有正常工资）。问你去哪一个？\n\n就这样13个同学轮流回答问题，一下午就这样消失了，完全不知道与商法有何关系？\n\n真心希望学校可以审查一下，祸国殃民！！！浙大学子就这样被他戏耍？老师的职责都没有，真的是难受
115356,2399,李有星,2019-07-20 00:47:05,0,6,6,
116176,2399,李有星,2019-09-05 13:53:35,0,5,5,
116357,2399,李有星,2019-09-09 09:03:10,0,1,1,
117823,2399,李有星,2019-10-03 16:27:19,0,1,1,
122176,2399,李有星,2020-02-19 03:19:27,-15,7,22,浙大我怼的第一个人\n\n
124402,2399,李有星,2020-06-30 06:22:51,0,3,3,
126641,2399,李有星,2020-10-10 16:19:08,-9,16,25,本来看师资队伍介绍里面，面相还觉得和蔼可亲，以为网上黑评略有偏颇。真实接触后真是毫无师德可言。张嘴跑火车也就罢了，毕竟浙大里这样的老师也不少，但李显然是做的比较low的那一个，糊弄学生给他打白工
127211,2399,李有星,2020-11-14 03:41:11,-15,9,24,师德有问题，利欲熏心
128373,2399,李有星,2020-12-21 15:20:11,55,84,29,有一说一，李是有手腕的人，敢作敢为。你供他财色，他也会分你些肉吃。\n\n\n\n论色，对学生下手一马当先。\n\n论财，跟学生索要金钱明目张胆。\n\n\n\n架不住某些女生还真就喜欢这套，李也真能帮她成事。和金XX的事，在过去是个法学院的人都知道（随着时间流逝，现在的学弟学妹似乎都不清楚了）当然，金XX不到30就是某高校的硕导、副教授，自然也是狠人。\n\n\n\n我只能劝不清不楚的外校学子选他慎之又慎，如果考虑好就是上这条船的同学，我也只能一声叹息。\n\n你终将实现你的目的，我只能在远处俯首称臣。
135292,2399,李有星,2021-05-07 15:51:12,17,26,9,其实还行，查老师3点几分不至于
140679,2399,李有星,2021-09-15 05:31:36,-16,5,21,人品不好
141777,2399,李有星,2021-10-25 10:49:00,14,19,5,商法学，三次点名不到会被挂掉，但每提交一篇不错的论文可以补一次点名没到的成绩，期末是写一篇论文。尽量投其所好，让他记住你的好，分数会高一些。为了凑学分选的课。
142248,2399,李有星,2021-11-09 08:46:25,-6,6,12,😅😅😅
149975,2399,李有星,2022-01-18 06:30:24,-18,4,22,给分巨低，讲课也不咋样，别选
150783,2399,李有星,2022-02-18 13:14:31,3,9,6,老师会比较喜欢介绍自己的头衔；\n\n是仲裁委员会的成员，实务经验比较多；\n\n上课内容主要结合自己处理过的案例，上课风格不是很讨喜，认真听以及课前看过相关书或者了解一些企业法再去听课会更能参与进去，有些同学觉得上课无趣，容易犯困，或者低头做别的事情，或者不来的，得分可能不会高。\n\n另外，真的点名，而且花式点名，比如：用白纸现场签自己的名字，然后老师会一个个地叫名字，确认学生是否真的来了，让代签的无处可藏；老师说，如果点三次名，都没到的，那你就要不及格了（不知是否有三次点名都不来的，然后不及格的~~）\n\n总体上，如果上课认真参与老师的课堂讨论或者积极回答老师的提问，课程论文好好写，分数可能还可以。
154561,2399,李有星,2022-06-02 06:36:28,0,4,4,法律谈判怎么样？
156196,2399,李有星,2022-06-18 06:47:02,-12,12,24,垃圾老师，老阴逼
156396,2399,李有星,2022-06-19 10:43:28,17,24,7,法律谈判和证券法都修过，都给了我5.0，大三刷绩点必备课程，但是想学干货的赶紧跑路吧，可以说什么都学不到了。老师人还挺好的，至少我这届看来没有之前说的那种事情。
159133,2399,李有星,2022-07-07 01:43:21,12,24,12,讲真，老师人挺好，接地气。有些评论不客观，看时间主要是同个人发的吧
159134,2399,李有星,2022-07-06 16:42:47,14,24,10,好好上课，还是能学到不少东西的。也没听说过老师有什么啊，听不少学长学姐评价还是不错的，某些评论泄私愤了吧
166604,2399,李有星,2023-01-13 03:35:49,5,11,6,挺好的
170023,2399,李有星,2023-03-01 04:23:28,4,12,8,楼下说“挺好的”的同学恐怕是不知道这位老师的过往和2022年暑假这位老师在法学院1号楼做了什么事吧
178722,2399,李有星,2023-07-20 07:17:37,1,5,4,上课放自己过往的授课视频，然后跟女同学并排坐一同欣赏。也算是一大奇观(笑，主要是跟女同学并排坐，懂吧)\n\n\n\n虽然同学总说，李虽然人品不行，学术水平还是有的。这真就是以讹传讹了。\n\n\n\n李确实懂些证券法，知识点没问题。但这不是说他学术水平好，真上过课的同学也知道，其实授课也就一般。做浙大老师，这个水平不够我心目中的格。\n\n\n\n谣言越传越离谱，搞得他是道德低下的证券法名师一般。
10999,2571,钱弘道,2015-11-23 16:06:43,9,13,4,这种老师很危险，半瓶子水却喜欢晃荡，至今为止上过最受不了的课。自称为No.1的老师不多见，我看是No.1不要脸。
65934,2571,钱弘道,2018-01-10 10:56:15,3,3,0,梦想家？
79378,2571,钱弘道,2018-06-01 14:13:52,17,22,5,这个老师骚扰私下女学生，同学议论纷纷
134446,2571,钱弘道,2021-03-29 03:24:03,-25,6,31,钱老师似乎也不怎么给本科生开课了吧……我也是研究生阶段才认识的老师，这个回答建立在研究生立场上写的。\n\n\n\n选择钱老师，首先要明白，自己够不够用功努力。老师不喜欢书呆子。\n\n\n\n诸位来浙江大学读研要做什么？离开浙江大学后要做什么样的人？\n\n我在本科时，是笑着说“混”，“混混”。\n\n可是我本科四年被这个回答给耽误了，由于混而耽误在校时间的，大有人在，但是学校是不会告诉你的。\n\n\n\n如果你说，“我希望能过上几年悠闲生活的”，建议另寻他处，这里的节奏有些赶。\n\n\n\n如果你选择用功努力，那我十分推荐来钱老师这里。\n\n\n\n选择钱老师，你可以收获一个非常nice的导师，和一个非常优秀的团队。
139406,2571,钱弘道,2021-07-15 07:49:00,19,23,4,（笑，3.29日的那个评论是我写的，第一个反对也是我自己点的。为自己的无知买单。）\n\n\n\n1、后悔考研时，问错了人（此人也是深谙此道，悔不该问他），他推荐钱，说钱还不错。\n\n\n\n2、问题有三：\n\n之一：\n\n开空头支票，白嫖了很多人（妄想从钱这里获利的人，终究会被钱获利）\n\n私下更是直接言明，学生就是他的免费劳动力\n\n之二：\n\n自卖自夸。他会的只有名词，实际是什么根本不知道\n\n之三：\n\n被全学院所讨厌，某老师直接指出，他就是一个开皮包公司。毕业论文选他给的课题，经济法所是不会给过的
140521,2571,钱弘道,2021-09-13 09:23:41,5,8,3,浙大研究生课程，上过很多老师的课。有的老师就算分再低也总有几个说他好的，然而，这个人（都无法称之为老师更别提教授了）真的齐刷刷统一都差评。上课内容是百度摘的，自己还一知半解的情况下就敢瞎说，吹嘘自己研究国学，理解的内容真是一言难尽，这倒真的还不如百度摘。责任心方面也很差劲，5月前结的课，暑假都过完了还给分，奇葩。也不知浙大到底图他啥
141472,2571,钱弘道,2021-10-15 07:16:26,13,13,0,3月是我，7月是我，10月还是我，这是我第三次来评价这位老师了。\n\n\n\n我有苦说不出，自从入学时被学长所匡算起，我在这位老师身边也算一年有余，起起伏伏见识到了很多很多事。暮然回首，我也已经步入了学长的身份……\n\n\n\n为了这位老师，我做了很多很多努力。结果到头来发现识人有误，工作越多，就越发痛苦。\n\n但好在，最痛苦的事当中略有慰借——3月到7月间，来咨询我的师弟师妹又或者我主动联系的师弟师妹，我都选择了推荐；但在7月后，我告知实情予以劝阻。最终无一人因我之行径而被骗入坑，幸甚至哉，幸甚至哉。\n\n===================================\n\n选导师，一定要问这个老师师门下的学生，最好高年级一些。\n\n\n\n千万别学我，问的是其他导师的学长（不是师门下的学生，哪会懂这个老师的好坏呢。无非是不把我放在他心上，随口给的评价罢了）\n\n\n\n敢于老师直言有问题的同学，是善良且义愤填膺的人。\n\n笑笑不明说的同学，是洞悉人心的人。\n\n跟着百度简介瞎夸的同学，那真的是毫不负责的人。\n\n===================================\n\nps:\n\n\n\n为何人呢无知自私至此呢？\n\n\n\n为何会有这种人存在呢？
156163,2571,钱弘道,2022-06-18 03:51:56,3,4,1,极端自私，专门利己，毫不利人
156169,2571,钱弘道,2022-06-18 04:10:47,6,7,1,人品与学问皆差，研究课题不知所云；极端的利己主义者，白嫖学生，压榨学生；一句话，枉为人师。
160298,2571,钱弘道,2022-09-17 13:56:23,1,1,0,快跑，快跑，快跑，快跑，快跑，快跑，快跑，快跑，快跑，快跑，快跑
169276,2571,钱弘道,2023-02-25 07:43:58,3,4,1,这世界上怎么会有这种人呢？懂得都懂
178721,2571,钱弘道,2023-07-20 07:06:35,7,7,0,顺利毕业，我终于免费啦，故来四评。\n\n\n\n诸君，毕业论文的撰写，请去读名家所著文章，切莫以硕士毕业论文为仿。\n\n\n\n浙大太大，水货不少。所谓毕业论文外审能过，内审即过，真是个笑话。\n\n\n\n一来是经济法所多数老师忙于行政，真没几个老师懂行的。我相信有同学遇到了好老师，也曾亲眼看见同学遇上过好老师，不过可惜，是其他所的老师。\n\n\n\n二来是所谓指导无非就是针对目录和标题指指点点，对内容并不上心。我查找翻阅了上百份反垄断处罚决定书，说实话，我是不甘心自己的文章被这样点评的--所谓点评就是无关痛痒，自己颇有些愤怒。\n\n\n\n(此君还闹出过笑话，终答辩那天范老师寻他不着，只得抽调郑老师救场做评委。学生终答辩也不曾来，震惊我)
199859,2571,钱弘道,2024-10-05 05:10:16,0,1,1,🙂🙂🙂
217172,2571,钱弘道,2025-04-03 05:45:23,1,1,0,太水了，完全没有任何知识点输出。
326,2590,章剑生,2015-03-15 00:54:26,0,14,14,非常好，上课有条理，人很和善
435,2590,章剑生,2015-03-15 02:22:27,20,35,15,老师讲课认真、内容量大。因为他的课，才对行政法感兴趣。
1081,2590,章剑生,2015-03-21 16:06:01,5,19,14,新学期开始还会讲评上次试卷的好老师！！
7465,2590,章剑生,2015-09-14 13:49:20,0,8,8,一直在看章老师的论文，真的特别棒
9184,2590,章剑生,2015-10-15 13:26:52,-4,6,10,享受，老师儒雅和善幽默
9337,2590,章剑生,2015-10-22 06:59:59,-7,2,9,一种享受
10995,2590,章剑生,2015-11-23 15:41:07,-4,4,8,非常棒，深入浅出
19357,2590,章剑生,2016-01-24 02:52:17,-1,8,9,就算挂了你也没脾气\n\n
19490,2590,章剑生,2016-01-24 11:06:59,-5,3,8,号，9分
20567,2590,章剑生,2016-01-28 12:41:25,8,16,8,男神 老来帅 爱你一辈子
23480,2590,章剑生,2016-03-31 03:58:26,-1,6,7,哈哈哈
27094,2590,章剑生,2016-06-23 01:20:38,-4,3,7,老师很有水平！！！讲的也很好 就是不知道期末考什么orz
32522,2590,章剑生,2016-07-07 11:04:17,-6,3,9,老师上课很生动，感觉期末是自己的锅。。
32595,2590,章剑生,2016-07-08 03:22:04,-1,6,7,讲课全是干货，条理清楚，没有废话，下课同学会自动鼓掌的好老师！温文尔雅，博学亲切～男神
32670,2590,章剑生,2016-07-09 05:32:33,-1,6,7,讲真，老师很专业，但是又能深入浅出地讲解，平时交流也很平易近人，超级温柔儒雅的老师~
33946,2590,章剑生,2016-09-23 06:53:51,-1,5,6,最喜欢的专业老师 没有之一
48392,2590,章剑生,2017-03-03 00:43:18,-9,2,11,一种蜜汁迷醉
49238,2590,章剑生,2017-03-30 08:32:49,-4,3,7,每堂课都会超级有收获
52223,2590,章剑生,2017-06-16 05:26:18,-4,4,8,唯有男神二字可以形容！老师特别有气质，讲课超级棒，还会在微信群里答疑，听课体验好上天
52377,2590,章剑生,2017-06-19 08:16:54,-7,1,8,男神！老师兼职律师，全是情怀！
57549,2590,章剑生,2017-07-09 13:14:02,-6,1,7,好棒的
57551,2590,章剑生,2017-07-09 13:22:52,-4,5,9,作为外语狗没注意看选了行政诉讼法当个性本来还挺方…不过给分意外的不错！老师讲课深入浅出，听老师的课挺享受的！
57573,2590,章剑生,2017-07-10 03:07:27,-2,5,7,儒雅帅气又幽默！本来觉得会很无聊的课意外的有趣，整个学期认真听一分钟都不想走神
57830,2590,章剑生,2017-07-16 05:48:08,-3,5,8,老师讲课非常棒！期末考试成绩没有很理想我自己也有锅，建议大家在掌握知识点的基础上去看一看老师以前的期末试卷，体会一下老师的思路（脑洞），另外建议平常多看看相关案例，对于期末考试会有帮助。
58705,2590,章剑生,2017-09-15 08:04:44,-2,4,6,讲课清晰，没有什么乱七八糟的作业，但是考试还是有点难啊hhh还是要自己努力
65390,2590,章剑生,2018-01-03 14:32:04,-2,7,9,目前浙大最喜欢的老师 听他讲课是一种享受  不是法学生 以为期末会挂的 然而过了而且老师给分不错
76803,2590,章剑生,2018-04-23 15:34:05,0,8,8,毕业后在中国政法大学待了三年，论上课认真，无人可比章老师。
86041,2590,章剑生,2018-08-29 02:38:36,-6,2,8,真正的学者
100242,2590,章剑生,2019-01-26 00:29:57,2,9,7,章老师学识渊博，儒雅温和，就是卷子出得令人有些头秃()
101035,2590,章剑生,2019-01-30 06:03:32,18,31,13,虽然老师给我60分，但是我还是要给老师10分。因为章老师确实的学术水平和为人确实毋庸置疑；考这个分数完全是因为我水平不行，完全没有掌握这门课的知识；但是希望老师下次出题能不能出个小题…尽量不要采用这种全有或全无的问题啊哭
102024,2590,章剑生,2019-01-30 04:50:31,-2,5,7,老师是迄今为止我遇到的最好的法学老师。
102025,2590,章剑生,2019-01-30 05:08:46,-7,3,10,非常认真负责的老师，教案很清晰，学术水平也非常高，平常一定要多看老师给的案例和老师的论文，期末的案例题很多来自于他给的材料
102046,2590,章剑生,2019-01-30 06:54:57,4,11,7,半个学期的课章老师上的。期末考太难了，都是案例题，其中4道案例，最后一题是写判决理由。有一题15分，一题20分，只有一个问，错了就完了，哭哭，感觉最后一道写判决理由题，今年的这个题出的有点偏，没有带相关法条，不知道口头传唤与传唤证哪种情况下适用哪种(也是我太菜了的原因）。
104893,2590,章剑生,2019-03-30 02:22:09,2,9,7,听不懂 考试魔性地一匹 不知道考什么东西
128065,2590,章剑生,2020-12-06 01:55:22,-4,2,6,好好好
132194,2590,章剑生,2021-01-31 01:50:36,1,9,8,本科最好的课程之一
147789,2590,章剑生,2022-01-11 00:55:14,-3,2,5,出分前来拜一拜，希望取得一个好成绩
148376,2590,章剑生,2022-01-12 09:38:04,19,23,4,给分太差
148378,2590,章剑生,2022-01-12 09:46:35,16,18,2,我做错了什么………
148380,2590,章剑生,2022-01-12 09:49:37,9,14,5,对行政法再次狠狠失去兴趣..
148387,2590,章剑生,2022-01-12 10:09:09,14,16,2,给分巨魔鬼，感觉老师这样有点逆向淘汰了
148399,2590,章剑生,2022-01-12 10:46:53,16,19,3,这个平均绩点显然不准。。。怎么可能上3。。。
148409,2590,章剑生,2022-01-20 07:09:59,4,9,5,考试全是案例题，问是或否之类的问题，如果判断错了就全无了，所以分数可能比较差。。。。。。
148660,2590,章剑生,2022-01-13 06:43:04,-6,25,31,只以考试成绩来论，是其他老师把你们惯坏了吗，非要觉得拿个上四的成绩才算满意？章剑生老师虽然给分不太好，但是可以说是很公正的了，那些嚷嚷着说自己考得很差的同学，你们扪心自问学的如何，学到点子上了吗？章剑生老师无论人品、学识，在浙大法学院都是一等一的，比某些给分好水平差的老师好到不知道哪里去。
148765,2590,章剑生,2022-01-13 12:34:45,13,22,9,章老师讲课很好 但我真的有认真复习最后分巨低巨低 前面那个同学没必要这么激动吧 说给分差不代表只是不上四啊 是真的只有六七十分好吧 应该就是判断错了就一分都不给吧 感觉批卷方式很不合理 第一次这样感受努力白费的感觉 边缘人太痛苦了
148977,2590,章剑生,2022-01-24 07:38:50,7,9,2,就这样吧唉
149863,2590,章剑生,2022-01-17 10:38:39,2,7,5,行诉。老师的课件是三位老师中做的最好的，讲课基本就是按课件来，再讲一些自己的心得体会。不点名，出卷难，全有全无的给分方式确实有点奇怪……
150100,2590,章剑生,2022-01-19 04:44:36,1,9,8,讲课很细致，很多案例细节问题都讲得很精彩。但没有大局观，对学生缺少宏观理论上的引导。考试方式也脱离实际，只上了一个学期课的学生，是很难对行政法案例有深入的掌握的。这种全有全无的考试方式，导致了考试的不公正。不能形成对学生的激励作用
159145,2590,章剑生,2022-07-06 16:35:54,14,21,7,同意某层说法，现在的风气真差，给分高就评价高，给分低就开始抨击老师。某些为了出国保研的刷绩点的所谓学霸舔着脸要高分被拒绝，就开始辱骂抨击，甚至安个师德帽子就开始扣，只能说学习成绩好不代表人品好，这些爆粗口恶评中没准就有你认为的优秀且和蔼的同学。
160157,2590,章剑生,2022-09-14 03:00:17,1,5,4,章原话：“法律就是要保护弱者、抑制强者。”各位自行评判
165398,2590,章剑生,2023-01-04 07:39:28,-3,1,4,老师讲课很棒，就是我是真菜啊
166090,2590,章剑生,2023-01-11 05:22:22,2,8,6,老师授课真的很好，最后成绩比我想的要好太多，付出是有收获的，感谢老师
166091,2590,章剑生,2023-01-11 05:26:43,-1,7,8,今年给分超级好啊，感谢老师，老师讲课很棒!
166164,2590,章剑生,2023-01-11 08:44:13,2,7,5,老师上课上的很细致，而且课件层次感很好，很希望行政法也是老师上这样基础会更扎实一些（之前的行政法老师上课一般般），另外今年老师给分真的挺不错的，并没有那么恐怖
166492,2590,章剑生,2023-01-12 11:19:32,1,4,3,。。。。。。
169657,2590,章剑生,2023-02-27 09:26:25,11,15,4,老师给分并没有变好（幸存者偏差吧）考前看了笔记和法条（好像没什么用）老师很好，但是作为出国人很后悔没有汽修这门课，是我太高估自己了，这个分数让我认清了自己的真实水平。下辈子，不要学法。让我心碎💔
170960,2590,章剑生,2023-03-13 09:27:36,4,10,6,说老师给分变好的：出分前査老师均绩是2.9，出分后是2.98，只能说确实变好了，但好的不多。
176320,2590,章剑生,2023-06-28 11:19:20,13,18,5,讲的很好，考试乱七八糟，是一个好老师，但是不是一个良善之人
177527,2590,章剑生,2023-07-03 15:10:12,2,6,4,感觉两个老师都是主要讲课件，考试完也不知道到底哪里与参考答案相差过大，上课没意思、绩点也不好看，也不是很了解这门课具体意义，总体感觉不如行政法
178775,2590,章剑生,2023-07-22 07:30:04,10,13,3,很不喜欢的虚伪之人
178918,2590,章剑生,2023-07-31 08:13:22,4,6,2,老师讲得挺好的，偶尔也会有小幽默，好好听会有收获的
178919,2590,章剑生,2023-07-31 08:13:23,2,4,2,老师讲得挺好的，偶尔也会有小幽默，好好听会有收获的
182165,2590,章剑生,2023-11-11 08:12:15,23,33,10,章老师课堂上大讲“行政法保护弱者”，可在您做的所有的实务案子中，您几乎都是在代理行政机关啊。可见您行动上也是遵循着跟着大哥有肉吃，依附于权力以顺风顺水。叹一声行政案件凋零，叹一声列席朱门宴，不闻草民泣。
196718,2590,章剑生,2024-07-05 01:56:27,4,5,1,虽然成绩低低的还是很喜欢行诉课堂
196820,2590,章剑生,2024-07-05 10:10:19,3,3,0,行政诉讼法：老师有点口音，讲课还可以，有平时作业和期末考试，期末考试题量大而且考的非常细致（我记得甚至需要“征地条例”的内容），建议考前看下法条和附录，带上历年卷说不定有类似题型（ps给分比以前稍微好了，但也只是稍微）
196880,2590,章剑生,2024-07-05 17:30:14,1,2,1,老师人是很好的，据说今年均绩有所提高，但提高的幅度很有限
197608,2590,章剑生,2024-07-22 02:20:58,0,2,2,绩点难看、讲课念word文档、评论区的几个爹味发言也很好笑
197638,2590,章剑生,2024-07-23 07:04:52,-2,1,3,课件很细致，看出来老师备课很认真。虽然上课听不进去是我的错，但是期末确实是认真准备了，考试结束后自我感觉还行。但是分数出来这么差确实有点出乎意料了www
202678,2590,章剑生,2024-11-14 00:14:42,2,3,1,我真服了，概论课辛辛苦苦写了一篇论文，结果只有一点点分，只上了两节课有必要吗？给分无敌差，已老实
203942,2590,章剑生,2024-11-22 06:34:12,1,3,2,超烂！
208062,2590,章剑生,2024-12-25 11:53:27,3,3,0,10分送上\n\n老师的行诉课堂我很喜欢虽然绩点低低的\n\n然后\n\n我是来吃瓜的
210813,2590,章剑生,2025-01-10 04:10:59,-7,1,8,女儿学术水平很高
221743,2590,章剑生,2025-06-26 00:42:05,1,1,0,专业课最低绩点啊啊啊。老师上课上的很好奈何考试我真的不会 5分一道的选择题太恐怖了
221759,2590,章剑生,2025-06-26 04:44:28,0,0,0,居然没挂，万幸万幸，我爱你
221768,2590,章剑生,2025-06-26 06:33:31,0,0,0,行诉真的太烂了，，或许是我自己的问题。。。最最低的一门课
42947,2704,阮方民,2017-01-15 13:05:47,0,0,0,个人挺喜欢老师的
44343,2704,阮方民,2017-01-17 15:47:14,0,0,0,老师给分不错，但是课有些无聊
20548,2714,马光,2016-01-28 09:55:07,0,2,2,讲的还行，PPT太多。给分很好
41521,2714,马光,2017-01-12 06:07:20,35,39,4,17年1月考试：\n\n辨析题：形式就是甲说如何如何，对不对。两道题一共十个小问题，涉及的知识点比如苏岩礁争端是不是领土争端，wto首要原则，国内法和国际法冲突是不是国内法一定无效等等。\n\n条约解释题：一个是海洋法公约关于领海基准线确定的两个条约，一个是wto的一个很长的条文，根据条文列出要件。这两道题只要记住条约解释的基本原则，再看一点相关文章很简单的。\n\n案例分析题：两道，关于外交特权与豁免和引渡。\n\n论述题：中日联合声明中放弃对日索赔的条款如何解释，中国公民诉日本企业要求索赔是否合法，外交保护，以及自己的看法。\n\n希望帮到大家！
46465,2714,马光,2017-01-21 17:12:39,-2,3,5,老师特别负责敬业
70248,2714,马光,2018-01-26 09:48:11,-1,2,3,国际法比较灵活，上课有案例，考试都不难，认真听课就没问题，考试算是大三诸多专业课比较轻松的一门了
73924,2714,马光,2018-02-03 14:41:29,5,6,1,老师人超级好特别可爱～讲课略有一点点催眠，但是都讲的很清楚明白，考试闭卷但是比较简单，考前会给重点，按照重点把ppt都看过就行～给分也挺好的～
73963,2714,马光,2018-02-04 00:37:10,2,4,2,老师乍一看很严肃但其实超级温柔～～只要上课认真听考试就不难。上课提的案例都很好玩的……\n\n【外交邮袋里传出呻吟声……
73965,2714,马光,2018-02-04 02:22:55,1,4,3,给分很不错，考试也相对简单！不过讲课声音不够波澜起伏有点容易睡着...
73967,2714,马光,2018-02-04 02:28:43,-9,10,19,给九分是因为给分超好，内容多但不难，期末有复习重点，闭卷考试也无压力，答案都很明确，题目里或多或少都有暗示。没给满分是因为1.94差一分满绩很蓝瘦，2.上课简直催眠，语气完全无起伏，三节课有两节课在睡眠中度过
73989,2714,马光,2018-02-04 03:39:56,18,21,3,光光是朝鲜族哦，韩语特别溜，去韩国的时候是萌萌哒的翻译~确实是一个很国际的老师，曾经在高丽大学做过助理教授的，学识渊博。考前会划重点的老师，考试内容侧重国际法总则部分，当然联合国，外交豁免也是重点。可能讲课的时间安排的不太好，在下午1:15，略催眠，但学弟学妹要打起精神来，努力听光光的案例，听清他的分析思路，对考试很有帮助。考试是闭卷，但只要之前笔记记得好，最后一夜豁得出去，是能背下来的。\n\n如果有室友是开卷，也不要被打扰，坚定不移地刷夜复习啊！\n\n－一个国际法刷夜到3点，6点又起来继续复习，首次收获专业课满绩的狗?
98893,2714,马光,2019-01-24 04:38:00,16,17,1,考完试有种被查老师评论骗了的感觉…但还是给八分，因为老师的确很认真负责，啊昨晚的夜都白熬了
98928,2714,马光,2019-01-24 05:20:49,2,4,2,老师很认真负责
102580,2714,马光,2019-02-10 13:34:53,7,9,2,像评论里说的那样一天是背不完的 提早复习吧……
103522,2714,马光,2019-03-01 01:24:34,0,2,2,超级nice
104894,2714,马光,2019-03-30 02:27:23,0,2,2,绝了 马老师的课我觉得很棒
117966,2714,马光,2019-10-17 05:59:04,0,2,2,我真的好困…但是我还是打10分算了 看着老师不忍心
132585,2714,马光,2021-02-02 13:04:42,2,3,1,马光老师真的太！好！了！！虽然国际法我们班是唯一一个闭卷的，但是题目不难。而且考前有安排答疑，考完之后老师会公布答案，有自己的想法可以给老师提异议，老师真的会超级超级认真考虑和对待你的想法。最后给分非常非常好！老师人太温柔了5555必须10分！
132631,2714,马光,2021-02-03 03:24:15,1,3,2,马光老师太好啦！！虽然只有我们班是闭卷，但学弟学妹选了不会后悔的！
150357,2714,马光,2022-01-23 04:57:59,0,1,1,马老师太好了！！！讲的很好（就是容易瞌睡）仔细听就好！给分也贼好！！
159120,2714,马光,2022-07-06 13:07:06,-4,2,6,눈_눈老师为什么特别喜欢加人vx，不想加还是不断发送好友请求😅
160316,2714,马光,2022-09-19 03:04:45,1,2,1,好困，就只想知道点名不
160658,2714,马光,2022-09-29 12:44:21,3,4,1,光光人真的超级好超级好～向他求助都会帮你，也很关心学生😭我真的好幸运遇见光光
164774,2714,马光,2022-12-26 03:28:30,2,3,1,很温和的老师，也很为学生着想
169939,2714,马光,2023-02-28 14:14:26,5,5,0,老师人很好，很为学生着想，疫情期间还会关心我们，说有困难都可以找他帮忙，封楼期间狠狠感动；教得也很好，会讲案例有答疑；考试难度也比较适中。总之很赞！
169955,2714,马光,2023-02-28 15:27:46,0,1,1,谢谢老师，让我在接连遭到绩点暴击的时候看到曙光
173546,2714,马光,2023-05-28 13:16:57,0,0,0,认真学了 绩点一般 感觉有点米
180937,2714,马光,2023-09-28 12:00:42,0,0,0,老师特别好🥺
186454,2714,马光,2024-01-11 07:27:03,0,0,0,老师好好
189678,2714,马光,2024-01-26 15:00:37,2,4,2,不点名，给分求是，和预期有很大差距，追求绩点的跑！
189731,2714,马光,2024-01-27 16:41:52,0,2,2,老师人很好啊 不push不鹅颈不点名任务少 考前会划重点 给分只要好好复习就不会低的
189986,2714,马光,2024-02-05 17:25:04,-1,0,1,给分较客观，追求高绩点建议前往隔壁。
201228,2714,马光,2024-10-30 12:46:48,0,0,0,没有上过马老师的课，因为一些事务要拜托他，波折了几次，老师人特别好、反应很快，不刁难学生，很为学生着想
213741,2714,马光,2025-01-19 11:32:46,0,0,0,老师讲得很好，学到很多，但是给分很求是+卡绩
213965,2714,马光,2025-01-22 07:04:14,0,0,0,老师上课讲的很有条理，只要认真复习，把相近的概念理解清楚，考试很好写的，最后给分老师也捞捞了
30849,2748,叶勇飞,2016-07-02 15:58:54,9,11,2,不麻烦学生的好老师
32042,2748,叶勇飞,2016-07-05 12:57:31,13,15,2,平时不点名，考前给重点，分也给得超高～
135204,2748,叶勇飞,2021-05-06 02:38:26,9,20,11,平时不点名，最后几节课最好去，因为很可能会变相点名（说是加分）\n\n个人感觉，不仅讲课不怎么样，给分也不怎么样。上课读百度百科的专业课老师我是第一次遇到
135282,2748,叶勇飞,2021-05-07 13:07:54,7,15,8,优点：提前下课、破事少；缺点：给分很烂，承诺绝对不点名还是变相点了一次，上课也一般
135541,2748,叶勇飞,2021-05-13 05:46:34,-3,16,19,额，诸位的“给分很烂”是什么概念？是都被国际法所的老师宠坏了吗？还记得你的民法行政法分数吗？
153293,2748,叶勇飞,2022-04-27 16:17:31,11,12,1,好好学，给分就好
153452,2748,叶勇飞,2022-04-30 06:47:24,13,16,3,事少 内容简单
153875,2748,叶勇飞,2022-05-15 03:30:29,11,11,0,给分好，麻烦且无用的作业(重复劳动)少，性价比非常高，值得选择！
153876,2748,叶勇飞,2022-05-15 03:36:05,12,12,0,不麻烦学生的好老师，人好事少，理解学生，好沟通，像朋友一样
153891,2748,叶勇飞,2022-05-16 01:19:41,9,9,0,很不错啊
153898,2748,叶勇飞,2022-05-16 06:10:48,8,9,1,人特别好，找他沟通没架子，给分也高
171054,2748,叶勇飞,2023-03-15 05:52:46,-4,3,7,上课念百度百科是我没想到的
172087,2748,叶勇飞,2023-04-19 06:45:30,-5,1,6,讲的什么玩意
172485,2748,叶勇飞,2023-04-27 14:53:15,8,10,2,老师讲课认真通俗易懂，挺有启发
173209,2748,叶勇飞,2023-05-16 03:29:42,-4,2,6,事少是真少，不点名是真不点，写了答表达了我的作答意愿给我pass是真通过了，给分烂也是真的烂。还有他的吸烟不导致他的肺癌我是不信的
173210,2748,叶勇飞,2023-05-16 10:23:02,-8,1,9,论文认真写了，期末写满了，给分很迷，难以评价….为什么不显示评论
173244,2748,叶勇飞,2023-05-16 13:35:41,-6,0,6,如果只是为了学分可以修，课程很水，考试也不难。但如果为了绩点还是慎选吧……只能说很玄学了
173304,2748,叶勇飞,2023-05-18 06:52:20,-5,3,8,字越好看，分越高。写什么不重要😃
173391,2748,叶勇飞,2023-05-23 01:32:48,-1,6,7,1.开头夸自己给分好，实际完全不是这样；\n\n2.期末考卷一看就是随便出的，分也是随便给的；\n\n3.部分观点有民间科学家和民间法学家倾向，比如自己抽烟就说抽烟和肺癌没有关系等等；\n\n4.当然事情确实少，也不点名，不过这样导致成绩端赖于那张很迷的期末考卷，不知道这种试卷怎么衡量一个人的水平？
174074,2748,叶勇飞,2023-06-06 05:37:16,3,7,4,一次名没点，考试不难，无差别攻击，给分看命.
191006,2748,叶勇飞,2024-03-28 01:28:53,6,6,0,8分老师，事情少分高\n\n内容看似简单其实不然，还是要认真复习的，最后拿了4.8
192105,2748,叶勇飞,2024-05-09 07:32:59,0,1,1,不知道怎么给分的。。。。
218618,2748,叶勇飞,2025-04-27 06:23:14,1,1,0,老师挺和蔼的 会考虑有的同学在准备考研考公可以不来教室听课\n\n期末考试很简单 就是材料要带齐 考场现学喜提满绩amazing
24928,2795,陈信勇,2016-05-04 10:54:32,12,15,3,法学狗们慎选啊，阿信超严格啊，刷新老子课程新低啊啊啊啊啊
49985,2795,陈信勇,2017-04-28 03:12:38,12,13,1,上课非常絮叨 完全不知道在讲什么 作业要求还反复修改 在交作业前一天突然修改作业要求 一脸懵逼
75852,2795,陈信勇,2018-03-20 02:33:43,-14,6,20,老师是个很有温度的人。
76054,2795,陈信勇,2018-03-26 03:25:34,38,51,13,知道您很有优秀了……能不能别每节课都说好几遍……
76103,2795,陈信勇,2018-03-27 02:47:58,-9,4,13,还可以
76314,2795,陈信勇,2018-04-03 01:58:14,7,10,3,让你每次都很刺激的赶着跑去点名。\n\n很爽很刺激很嗨皮。
77485,2795,陈信勇,2018-05-06 03:45:53,4,9,5,谁能想到，分析题是我国婚姻法规定的结婚条件是什么呢
78250,2795,陈信勇,2018-05-10 07:40:55,0,4,4,给分太低了 过分
78353,2795,陈信勇,2018-05-11 04:47:48,13,18,5,上课没讲到点子上 基本还是靠自学 考前讲的考试题目类型和最后的题型完全不一样让人一头雾水 不知道为什么大学期末考试也要玩这种策略？？感觉考试答题没出大问题 是论文给分很严格吗？？？搞不懂
78361,2795,陈信勇,2018-05-11 06:03:03,-10,6,16,楼上说给分太低的朋友，5.11出的分，5.10你就知道太低了？
78371,2795,陈信勇,2018-05-11 07:10:58,-3,3,6,考试考的特别基础，复习了假重点，然后给分很低，上课还行吧
78374,2795,陈信勇,2018-05-11 07:38:24,5,10,5,给分还行吧，其实从说的不定项选择变成了单选说到底是简单了的。就是没想到要记法条的年份
78378,2795,陈信勇,2018-05-11 07:55:47,25,30,5,上课基本就是尬吹，不可否认，您和您的家人确实很优秀，但可不可以不要每节课都讲一遍啊！课本内容讲解不够透彻，很强调概念，如果遇到复杂的亲属法案例，结果往往是自然之债，不予受理。麻烦以后除了站在法院的角度以外，还站在当事人的角度想想。考试迷醉，说好的不定项变单选，说好的案例题就是法条默写，全卷实际上没有主观题，相当不走心了！！
78381,2795,陈信勇,2018-05-11 08:04:22,22,31,9,怎么还不退休，学习体验极差mdzz
78703,2795,陈信勇,2019-07-02 09:45:24,19,22,3,怀疑人生。
90896,2795,陈信勇,2018-11-27 06:43:55,-21,11,32,遇到过的为数不多的真正的老师
96306,2795,陈信勇,2019-01-20 22:36:05,-24,4,28,房地产法论文好好写，给分还是可以的，爱了
96487,2795,陈信勇,2019-01-21 05:04:32,3,6,3,卡绩醉了
96530,2795,陈信勇,2019-01-21 05:34:55,3,5,2,一直在讲人生
97154,2795,陈信勇,2019-01-21 21:25:13,21,22,1,个人感觉一般，非常一般。期末案例综述要求也蛮多的，平时上课主要讲的是民法的研究方法，然后有点喜欢自夸？告诉你要自信，emmmm
103938,2795,陈信勇,2019-03-07 16:17:18,34,38,4,一个固执的人。太多观点都是他自创的，翻来覆去问，真的一点意义都没有。喜欢羞辱学生。
107225,2795,陈信勇,2019-05-02 11:33:04,12,14,2,说学生没出息要求低真的很伤人
108379,2795,陈信勇,2019-05-22 09:18:41,10,11,1,还是自学吧..
114428,2795,陈信勇,2019-07-10 02:14:34,7,10,3,期末考试很多坑 平时基本没讲  考验自学能力
114792,2795,陈信勇,2019-08-18 03:29:57,-3,2,5,emmmmm不好不坏吧
114896,2795,陈信勇,2019-07-12 15:25:40,9,12,3,感谢陈老师 我彻底断绝了对民商法的兴趣 呵呵 江湖别见了
120225,2795,陈信勇,2019-11-24 08:33:46,11,12,1,建议别选。
124661,2795,陈信勇,2020-07-05 08:38:14,-8,7,15,给我的分数很好，陈老师真的很负责很严格，课上有收获。（听说这学期过后好多人想当离婚律师了233
130572,2795,陈信勇,2021-01-23 16:58:12,24,25,1,自信建立在胡吹乱讲的基础上
134384,2795,陈信勇,2021-03-26 00:33:26,52,61,9,老师今天上课说：“男性不会女性化，男性只会太监化。”\n\n笑死我了，以此留念。
139048,2795,陈信勇,2021-07-12 09:27:18,-6,7,13,亲继给分还挺好的啊，给了我93
141432,2795,陈信勇,2021-10-08 15:36:52,2,3,1,过于严格，怀疑人生，对民法绝望
141744,2795,陈信勇,2021-10-24 08:21:48,-25,5,30,陈老师真的太强了！\n\n\n\n前景提要:我在台上展示“情势变更”和“不可抗力”的区分。\n\n（我在展示前，尝试在《民法通则》里面搜关于“不可抗力”和“情势变更”的规定。民通搜不到“情势变更”，我突然想起来，以前的民法通则是不包含《合同法》内容的。我转到《合同法》里面去搜，结果相似的条款也找不到。）\n\n\n\n\n\n重点来了！我在台上说“情势变更”出现在《民法通则》。（当时太紧张，忘了民通内容是不包含合同法）\n\n陈老师说，没有。\n\n我立马改口，“情势变更”在《合同法》里面。\n\n陈老师说，没有，是规定在《合同法司法解释（二）》里面。\n\n（我的天，我说怎么在《合同法》里面也找不到！！）\n\n\n\n太强了，陈老师这个临场反应能力和法条记忆能力，我简直吹爆！！！！！
151227,2795,陈信勇,2022-02-25 04:19:19,8,9,1,公共选修课 社会保障法\n\n全程不点名 最后交一个课程论文\n\n认真写了两三天阅读婚姻法的内容，最后给了60分
152168,2795,陈信勇,2022-03-29 07:39:19,-7,6,13,一日为师，终身服务\n\n\n\n陈老师事多但是真的很厉害
153904,2795,陈信勇,2022-05-16 12:13:53,15,17,2,我不懂，怎么什么都是自然之债，甚至作为一位民法学者，能说出“生育权是国家赋予公民的权利”这样的话，而且，您的论文。。。。得，就说这么多
156792,2795,陈信勇,2022-06-21 03:22:41,-9,8,17,就从他出的试卷，就给10分，不刁难学生，都是应知应会的，课虽然有点无聊，但是很有想法和思考，是那种平易近人的大佬
156797,2795,陈信勇,2022-06-21 03:27:31,-3,1,4,应知应会。。。
156798,2795,陈信勇,2022-06-21 03:28:43,-5,4,9,爹，给你打十分了，捞我！orz
159060,2795,陈信勇,2022-07-06 07:24:30,1,8,7,老师人还是挺好的
159065,2795,陈信勇,2022-07-05 11:32:44,19,23,4,给分确实一般般，卷子确实应知应会、、\n\n老师人其实还不错啦，就是确实是可能——我是说可能，学术水平一般、
159106,2795,陈信勇,2022-07-06 08:29:56,-8,2,10,老师人好好呜呜呜呜呜
159108,2795,陈信勇,2022-07-06 09:25:08,7,10,3,“简单的知识是基础知识”，水平确实太一般
159110,2795,陈信勇,2022-07-06 09:28:56,-21,8,29,楼下说人老师学术水平“可能一般”的是出于怎样的考量？是仔细研读过陈老师的论文？还是单凭对其的模糊印象？如果无凭无据就发表对一教授学术水平的“前见”乃至“偏见”，只能说是大言不惭。。。
166991,2795,陈信勇,2023-01-14 13:30:35,14,14,0,水平真不行...
169584,2795,陈信勇,2023-02-27 04:13:07,16,16,0,讲的蛮拉的，考试简单但是给分也没有很好，呵呵
170989,2795,陈信勇,2023-03-14 00:28:01,23,25,2,爹味真重啊....隔壁陆青班上亲继笔记快记断手，他在这里唧唧歪歪教育你朋友圈不要发吃的，上课不知道在干什么
172128,2795,陈信勇,2023-04-20 04:15:46,-10,2,12,陈老师还是不错的
178925,2795,陈信勇,2023-08-01 07:15:39,5,6,1,给分不好
183715,2795,陈信勇,2023-11-29 06:44:02,4,5,1,资产阶级的喉舌-上社会保障法这门课的感想
189939,2795,陈信勇,2024-02-03 06:22:07,14,14,0,讲课东拉西扯，亲属与继承法变成了男德学堂；考试没有任何区分度，学术水准不论，但确系我院教师教学水平教学态度两合之低谷！！！
191137,2795,陈信勇,2024-04-08 01:03:55,-6,1,7,还是很幽默的一个人，哈哈哈哈
191935,2795,陈信勇,2024-05-06 01:01:55,16,16,0,臭不可闻，亲属继承法这门烂课能坚持不屑开了这么多年真令人咂舌，荼毒了多少届法学生的32课时。每天上课闲扯一大堆有的没的，天天鼓动学生变成超绝性缘脑，夹带私活说一些“女大五，胜老母”这样的恶心话。没人在意你的婚姻之道！
192672,2795,陈信勇,2024-05-27 13:09:18,16,16,0,慎选慎选！上课基本90%在东扯西扯，上课根本听不到有效的知识点。PPT像是摆设，课上的水就算了，陈老师的一些关于男女婚姻家庭的观点实在无法苟同，如果法学生有的选的话请果断避雷！【没得选的话也祝你好运吧hh】
193601,2795,陈信勇,2024-06-13 12:50:28,5,9,4,给6分，老师人还是很好的\n\n就是课实在是太难评了。。。
193929,2795,陈信勇,2024-06-21 01:51:07,17,17,0,考完吐血了。
194640,2795,陈信勇,2024-06-24 19:44:16,3,8,5,老师人还是挺和蔼的，如果选了他的课，课上一些难平的观点不听就行
197545,2795,陈信勇,2024-07-29 01:40:01,5,8,3,法学院的耻辱，真心差劲啊
197607,2795,陈信勇,2024-07-22 02:24:06,13,14,1,求cxy放过法学生一马，求法学院放过法学生一马，开亲继的课不要搞垄断好吗，就是给我们留一些别的可以选的老师，如果不是因为这学期只有他开课。如果亲继有任何其他老师开课，没什么说的，赶紧跑吧大家、、只能说是小牌大耍、、
197609,2795,陈信勇,2024-07-22 03:13:10,4,4,0,别选快跑
197610,2795,陈信勇,2024-07-22 03:22:49,15,15,0,跪求该老师早日退休不要再荼毒法学院学生了。这学期只有该老师开设亲继，所有22级同上一节课。老师上课毫无水平，除了念ppt之外就是东拉西扯说些有的没的，教同学们怎么做好一个大学生巴拉巴拉，要让爱情像小鹿一样在原野奔跑（？什么之类的，然后就是炫耀自己有多厉害，自己的家庭有多厉害，总之上下来还不如自己看民法典学到的东西多，而且老师可能跟我们有很大代沟吧，很多话我是理解不了并且不支持的。平时会点名，大概三四次。平时作业是任意跟该门课程相关的论文读书报告等等格式任选，范围非常大，加之平时上课又学不到什么，选题的时候真的是大海捞垃圾。\n\n再说考试，之前老师都是只考选择/判断/填空，这学期考试出了一个简答一个论述，考试之前完全没有说过考试题型，个人非常后悔没有去问过，如果一直是按照只有判断填空选择的形式备考的，会导致大段的简答和论述很吃亏。考试的论述题也很emm难平，大家可以自行搜索。总之考试考的是很难受的。\n\n再说给分，一般甚至可以说很差的程度。这个差异性很大，不做评价。\n\n以及老师考完试在点评时说的分数差的同学可以去跟他语音交流，加黑强调了一句“我愿意与你交流，你愿意吗”，不知道大家怎么想，个人感觉是有点阴阳。以及该老师确实在出分前给一些同学打过电话，不懂老师打电话的意图。总之希望该老师早日退休。
197626,2795,陈信勇,2024-07-23 00:54:40,4,5,1,希望老师早日退休，课是讲的很烂的，给分是很差的
197633,2795,陈信勇,2024-07-23 04:32:18,4,5,1,给一分都嫌多\n\n拉低我院教师平均水平
198198,2795,陈信勇,2024-09-04 13:57:01,3,4,1,给研究生改论文的好老师，哪怕不是民商法所的都可以去主楼找陈老师。
199190,2795,陈信勇,2024-09-19 01:58:01,2,2,0,太烂了，全方面的烂，包括上课内容和给分
201341,2795,陈信勇,2024-11-01 02:14:33,4,4,0,上课不知所云，特别喜欢用点名留住学生，要是不点名教室空无一人
208508,2795,陈信勇,2024-12-30 19:50:18,13,13,0,我相信这个老师的人是很好的，经常有office time。课讲的嘛，法学院平均水平吧。。。谁给你的错觉zju法学很强的，已经是过去式了，最近来的周翔、张占江、张帆哪个不是超级逆天。
216574,2795,陈信勇,2025-03-19 00:21:10,2,2,0,感觉像班会课。。有些观念有点难评
220476,2795,陈信勇,2025-06-18 06:30:02,0,0,0,逆天，懒得喷了
9215,3027,徐进,2015-10-17 06:19:07,-4,1,5,慢慢来
11881,3027,徐进,2015-12-20 08:44:44,7,11,4,交流基本靠眼神\n\n
22575,3027,徐进,2019-06-29 06:08:45,-7,14,21,这是一个傻逼，精神有问题，每天自言自语，基本靠自学
28418,3027,徐进,2016-06-28 08:55:23,6,6,0,声音比蚊子还小，讲课烂
30362,3027,徐进,2016-07-01 11:48:40,5,8,3,点名一次 占30分……期末考倒是很好拿分 主要考的点很碎（。授课方式存在一定问题 基本上听不见听不懂无法交流 老师人还是可以的……就是真的讲得很一般（=没讲 声音很轻反正听课有点痛苦
31796,3027,徐进,2016-07-05 02:32:20,5,6,1,我把公司法和ppt上的东西都背下来了可是分数并不高 不知道是如何给分
47898,3027,徐进,2017-02-27 07:42:34,8,9,1,根本听不清内容，提一堆问题，然后呢？没有然后了…
48500,3027,徐进,2017-03-06 06:41:54,13,14,1,听了听的心好累啊 老师可以先学会与人沟通吗 以为法学老师都是字字珠玑 原来 也可以满口废话哦
48789,3027,徐进,2017-03-13 05:53:18,32,32,0,心很累，在这样的雨天听课有点想哭……
48790,3027,徐进,2017-03-13 06:02:39,11,13,2,这人怎么进浙大的
48799,3027,徐进,2017-03-13 07:35:23,7,9,2,这种人怎么还留在浙大
49277,3027,徐进,2017-04-01 06:51:09,6,8,2,难受想哭，虽然老师努力在讲好
49495,3027,徐进,2017-04-17 05:16:35,9,9,0,痛苦，琐碎，无聊，等着点名。。。
50891,3027,徐进,2017-05-08 05:40:24,9,10,1,日常1分打卡
51048,3027,徐进,2017-05-15 06:57:08,9,9,0,很难受很想哭
51474,3027,徐进,2017-06-06 07:05:57,7,10,3,前面说背ppt得分不高的就别抱怨了吧，他ppt一张能有几行字.....三个多小时能换3张ppt就很好了……想学习的还是不要选了……想练中文听力的可以考虑一下～
51649,3027,徐进,2017-06-08 03:03:30,7,7,0,可怕的体验
51837,3027,徐进,2017-06-12 06:19:04,6,7,1,这人有毛病吧\n\n
52018,3027,徐进,2017-06-14 07:11:43,-8,6,14,ppt很漂亮…期末补天的时候心情会好一点……
52690,3027,徐进,2017-06-22 07:12:28,15,15,0,想哭 妈妈啊
54106,3027,徐进,2017-06-28 13:09:21,8,10,2,平时浪费，期末心累
54577,3027,徐进,2017-06-29 16:49:54,11,13,2,无话可说...不知道会不会挂...觉得挺让人无语的 能换就换吧
54980,3027,徐进,2017-06-30 14:09:35,3,5,2,据说我浙要建立世界一流大学
56148,3027,徐进,2017-07-03 06:57:08,2,7,5,老师在努力的讲好。如果能够更大声点就好了~
56181,3027,徐进,2017-07-03 07:52:50,-3,4,7,上课过程是艰难的，但是老师给分惊喜啊，感动！
56188,3027,徐进,2017-07-03 08:09:16,-5,3,8,给分令人惊喜。假期里自己再学一学商法吧。
58903,3027,徐进,2017-09-18 10:39:37,6,6,0,说话断断续续……反反复复……声音巨小……冷不丁还冒出一句“对吧” 百脸懵逼
62309,3027,徐进,2017-11-24 06:46:26,1,3,2,比较难听清楚，但是老师有在努力讲好
75819,3027,徐进,2018-03-19 06:44:14,12,15,3,这个这个这个这个这个这个这个这个这个……(渐弱)是伐！(是什么？)
82111,3027,徐进,2018-07-08 06:29:14,15,18,3,虽然老师上课的讲的都没怎么考，上课也没听到什么东西；但是从老师的论文、还有几次探讨来看，老师的水平还是很高的，上课上得不好也是因为他身体不太好。所以希望徐老师课上的同学，多多理解老师吧，祝老师身体快好起来。
83650,3027,徐进,2018-07-11 02:41:58,4,7,3,就他这样的也叫努力讲好？？？\n\n确实是身体不好，那干嘛还要硬上？已经完全到了互相耽误的地步了。\n\n难听的话不说了，上课极差，给分极差，能退就退，能翘就翘。\n\n再见了您呐！
86662,3027,徐进,2018-09-18 01:47:16,4,4,0,〔啊...这个这个这...（渐弱）...  那这样的话... 是吧...〕
103764,3027,徐进,2019-03-05 05:59:15,0,0,0,我很萎啊
109642,3027,徐进,2019-06-18 06:22:06,0,0,0,太痛苦了
109656,3027,徐进,2019-06-18 07:27:41,1,1,0,听课简直是。。。难受，一直重复，“这个这个…对吧”，声音贼小，断断续续的，半个小时翻不了一页ppt，讲了和没讲一样，基本靠自学
113030,3027,徐进,2019-07-05 18:06:15,10,10,0,1、上课体验非常差。不管坐哪都听不见，讲课翻来倒去，“对吧”、“是吧”，不明就里，自己讲自己的。2、考试很迷。自己课上什么都没讲过，结果考试要考乱七八糟的概念和东西。20多个ppt完全不知道头绪，期末补天是不可能的，你不知道他所谓“重点”是什么。3、给分很迷。怀疑比隔壁班差很多，估计是不捞人吧。挂虽然不会挂，拉低均绩危险性显著。专业课给分这么烂也是没谁了。4、看了老师以前的类似慕课的东西，并不是生了病讲不好，而是本来就讲不好，适合搞学术但不适合教书，及早退二线吧，免得拖累学生，一个学期商法什么都没学到真的是够了。5、最后一节课公然让学生在系统里给评高分。能做出这样请求的老师算是对自己有自知之明，但是看来并不充分。概而言之，商法能避开就避开吧。到期末再后悔就晚了。
113696,3027,徐进,2019-07-07 04:10:30,0,0,0,不知所云，恶心，辣鸡，给分差
160618,3027,徐进,2022-09-28 07:20:59,-4,0,4,研究生千万不要选他当导师，无语死了，快跑，别问为什么！
103525,3261,巩固,2019-03-01 01:28:37,-2,1,3,还好，就是ppt多了点，可能环资本身体系乱，上课感觉太杂了，每周有作业但都是小作业，期末闭卷比较难受，60页整理文档背出来考试多写...给分应该还算可以
105803,3261,巩固,2019-04-21 01:29:59,2,3,1,固定座位，事情巨多，每周作业，考试闭卷，题型巨难，给分巨差。建议大家选择yyf老师，至少能有合理期待和法考复习时间，还开卷！
107139,3261,巩固,2019-05-02 01:42:26,3,4,1,固定座位 考试很难 给分不好
107147,3261,巩固,2019-05-02 02:26:25,3,4,1,作业多 固定座位 闭卷考试
107163,3261,巩固,2019-05-05 02:16:10,0,1,1,事巨多，闭卷考，给分也不好，给分还不如隔壁yyf，而且yyf可以完全不去期末开卷写三道题就行
107227,3261,巩固,2019-05-02 11:40:47,11,14,3,固定座位，每周一次作业，闭卷考试，给分一般。离期末考试只有几天的时候突然说题型和往年不一样要考客观题，打了个猝不及防。PPT内容极多且排版略乱，客观题考察的都是PPT内容且极细致，非常窒息。另外，建议以后监考老师合理控制一下考场上出去上厕所的人数和时间。考试时某同学出去“上厕所”上了像有一个世纪那么长的时间，踱着小碎步身轻如燕地回来然后下笔如有神，无语至极。
107281,3261,巩固,2019-05-03 03:32:09,1,2,1,巩老师挺认真的，就是ppt有点多，期末复习不完。今年突然要考客观题，真的巨难，给分不是很好。
109016,3261,巩固,2019-06-05 13:18:26,2,4,2,老师上课认真负责，讲课思路清晰，虽然平时固定座位，留的作业也多，但是都是为了我们好，没必要对分数太过纠结。其实认真看课件就会发现老师知识体系很全面，课后留的作业认真去做了也会有很多收获。巩老师是个认真做学问的好教授，对学生非常亲切，学生有问题会耐心指导并提供帮助，超级有耐心，充满人格魅力，真的男神！
109017,3261,巩固,2019-06-05 13:23:14,2,3,1,老师很认真负责
109067,3261,巩固,2019-06-06 14:04:33,0,2,2,巩老师人超好！对待我们态度一直很亲切。有平时作业，不过每次就一道题；给分实在
128160,3261,巩固,2020-12-09 02:34:18,0,0,0,巩老师真男神，评分如此好神奇啊 不过据说老师要去pku了 哭哭
20528,3266,王海波,2016-01-28 06:54:29,14,14,0,(⊙o⊙)(⊙o⊙)(⊙o⊙)\n\n
20547,3266,王海波,2016-01-28 09:52:47,-5,6,11,老师讲课挺清楚的，期末开卷比较简单。就是讲的内容挺多，每次都讲不完，感觉花100块学到了200的知识。
39748,3266,王海波,2016-12-27 08:44:56,2,5,3,老师人超级好，很负责，很认真，讲的也非常好
46165,3266,王海波,2017-06-09 01:54:35,3,7,4,老师很可爱！就是 PPT太多页了 讲得太细了 然后各种讲不完
46227,3266,王海波,2017-01-21 03:22:27,-3,3,6,最棒的班任老师啦～
46503,3266,王海波,2018-01-31 04:12:36,2,4,2,认真负责，给分不错～
69746,3266,王海波,2018-01-25 10:10:12,1,3,2,老师很不错 上课讲得也不错 ppt很多 内容讲不完 给分也挺不错的 但是不要因为是开卷考就不复习呀！不然考试肯定找不着！
70454,3266,王海波,2018-01-26 15:53:20,0,4,4,老师讲课挺好的，人也很可爱，大家都说给分好，但是给我不好，瑟瑟发抖自我检讨。
106759,3266,王海波,2019-04-29 09:58:29,2,5,3,认真负责的老师，给分也很好。就是上课经常留下一些问题不给解答有些迷hhh
134950,3266,王海波,2021-04-24 18:06:20,5,5,0,老师的讲课内容太细了..过分细了..容易把人绕晕，上课体验感不是很好，希望老师能更有重点一些...
135283,3266,王海波,2021-05-07 13:12:24,3,3,0,巨爱点名，拖堂之仙，讲课拉胯，给分还行
135294,3266,王海波,2021-05-07 16:21:15,0,2,2,经常临时点名，临时小测，所以最好坚持上课。\n\n老师上课讲得不太有重点，过于细致，所以后期讲不完课了常拖堂。\n\n给分一般，有好有坏，有区分度（个人对分数有点懵，不知道为什么那么低，大概是因为平时作业字数没有卷起来。所以建议平时作业加油）
135349,3266,王海波,2021-05-08 09:28:48,3,3,0,1.光看法考不行\n\n2.平时作业不一定要字数很多吧，关键是用心
135505,3266,王海波,2021-05-12 07:54:24,2,4,2,点名比较多，小测形式虽然不计分，但是一学期是三次还是四次。平时讲的很细，但也听不太懂，法考有点用也不是太多。课业压力不如去隔壁班，只有一次点名。学的一般，给分也一般（符合我学习状态），老师人是挺不错的
150982,3266,王海波,2022-02-24 03:46:54,0,0,0,先来打个饭
152021,3266,王海波,2022-04-26 13:12:05,9,13,4,一学期点名小测加五千字案例评析，最后考试我真的不该相信考试大纲，还不如选隔壁至少事情少…
152342,3266,王海波,2022-04-30 06:46:29,8,8,0,老师挺负责的，但讲课水平仍需提高
152643,3266,王海波,2022-04-17 04:48:39,2,3,1,我们第一次闭卷考  我的i评价是可能不如行诉考得高   要背的太多了，既有理论又有实践
153198,3266,王海波,2022-04-26 14:16:27,7,8,1,上课态度认真而水平有限，给分个人觉得不好，付出与回报不成正比。
153237,3266,王海波,2022-04-27 03:25:46,17,21,4,上课体验很差，难以接受的停顿和疙瘩\n\n点名，小测，闭卷考试，五千字论文\n\n付出和回报极度不成对比，给分很假\n\n本科阶段上过体验最差的课
155669,3266,王海波,2022-06-15 06:17:55,-4,2,6,一分耕耘一分收获。
170737,3266,王海波,2023-03-09 02:21:37,12,15,3,上课体验很差很差，讲话停顿奇怪，讲课无终点，感觉完全没备课
171027,3266,王海波,2023-03-14 10:57:34,16,23,7,你真的没事儿吧？？？？？？？？？？？？？？？？？？？？？？？？？搞这么多事情是想刷存在感吗，谁好人大三了还有闲心听你这种课的，要不是没办法了不可能上这逼课
171082,3266,王海波,2023-03-15 19:43:11,15,20,5,大三下忙都要忙死了还又加个作业我他妈真的，，，
171292,3266,王海波,2023-04-22 04:16:07,3,11,8,期末考也太南了吧，不知道是不是我一个人这么觉得
171550,3266,王海波,2023-03-28 11:02:53,20,23,3,要是你拿你霍霍学生的功力去发表文章你也不至于是讲师了。表面上装得和蔼可亲的样子实际上折磨学生你最行，为什么这么多人退课你自己心里没点数吗？要不是没有选择谁来你这课啊？谢谢你哈 把我学习国际法的热情全部浇灭了 只能说真的倒霉碰到这老师！
171580,3266,王海波,2023-04-18 06:07:49,27,33,6,点名、小测、闭卷考试、讲课的时候磕磕绊绊、走来走去时常远离话筒、在退课ddl以后突然加作业（第一课明明说平时成绩只有点名，这不是欺诈吗！！！）、糟糕的口条、混乱的逻辑、繁杂的内容、无用的课程......\n\n真心没见过这么恶心人的老师，槽点过多，只能说：以想方设法折磨学生为乐、为荣，吐了！
172069,3266,王海波,2023-04-18 15:02:14,5,6,1,讲的东西太多太杂太混乱，学习和复习难度都极大，极头痛。\n\n不定时点名（小测）+5000字案例分析+期末闭卷，感觉负担比较重，闭卷考的内容还贼多。\n\n上课体验很不好。希望老师能精简一下授课内容，挑有用的讲。\n\n法考和考研双重压力下，面对这样一门课真的有点冷崩溃……
172150,3266,王海波,2023-04-20 14:15:18,6,7,1,事儿真多，上这个课算我倒霉
172191,3266,王海波,2023-04-21 11:58:22,-4,5,9,不上课就别选，有必要这么骂老师吗，虽然事情很多但是老师真的很负责啊
172203,3266,王海波,2023-04-21 19:12:26,9,10,1,哈哈哈哈国私真好背哈哈哈哈我一定可以背的完的哈哈哈哈我就喜欢被王老师压榨呢哈哈哈哈感觉自己都被榨出油了哈哈哈
172746,3266,王海波,2023-05-06 04:02:23,5,7,2,把俺顶上去，让这位老师少祸害学弟学妹们了！
173189,3266,王海波,2023-05-15 09:03:40,-5,3,8,一分耕耘一分收获，虽然上课听不进去但老师很负责用心
173238,3266,王海波,2023-05-16 12:51:08,-4,0,4,给分还可以
173985,3266,王海波,2023-06-05 11:53:27,1,2,1,随机点名+小测\n\n案例作业+期末闭卷考试\n\n快跑
174443,3266,王海波,2023-06-12 07:49:20,4,6,2,虽然事情很多，但好歹是一分耕耘一分收获
179040,3266,王海波,2023-08-24 06:45:02,11,14,3,综合多方面因素，国私课还是给了老师9分。\n\n坦白地讲，这门课的上课压力还是非常大的，一方面是因为国际私法这门课本身非常难，其本身就嫁接在民法知产法等等上面，非常抽象，理解起来相当有难度，也基本上是公认的三国法最难的部分（以及法考最难的小法，之一）。另一方面国私把一个学期3学分的课压缩成8周，一周上6节，进度真的过的飞快，需要及时预习复习。而且2023年的国私，在最后一节课讲完（周四）之后，周末就马不停蹄的期末考，实在是难顶。所以对于要考研的同学，我的建议是可以慎重选，真的感兴趣想挑战自己，也可以等等大四凑学分再学。\n\n王老师上课风格还是比较热情的，中规中矩吧，有的地方有读稿子，表达上有一点点不清楚，但整体还是很不错的，老师性格也很好，很愿意与学生交流的。不知道是不是大家大三下学期太浮躁了，我总感觉一门好课，就是签到要求多了一点，为啥有那么多人喷呢……整个课程8周下来，点了4次还是5次名，有一些是直接点，也有的是用突击小测和上课点名的方式抽查。一次点名不到是期末扣两分（大概？），小测是不算分的，只看来没来。还有就是要完成一篇案例分析（反内卷，必须5k内）\n\n其实压力也没有那么恐怖，可能大家大三下心思都在自己的升学和法考上，确实不如隔壁某环资来的水汪汪。不过趁着大三下好好学一下国私，确实准备三国法法考的时候，国私那边用半天就能搞定了，回过头降维打击真的很舒服。如果没学过国私，法考前准备国私真的是非常难，建议不选的学弟学妹也可以及时听下智云过一遍。\n\n考试方面，只需要好好背ppt的基本内容就可以，选择题基本是全送的。简答题案例题98上面有历年卷，考的都是强调过的知识点，考前认认真真背好ppt（不能偷懒！！），不能保证满绩吧，我觉得至少4.5是有的（我和舍友都是4.5+）\n\n以及，PS一下，如果有想要打港澳台模拟仲裁庭和贸仲杯的同学，最好提前自学王老师的国私智云打打基础~
184006,3266,王海波,2023-12-06 05:34:53,1,4,3,简单问题复杂化，老师口齿不清淅，说话磕磕绊绊，建议老师提升自己的教学水平，能看出来用心，但是能力不行，还是练练口条吧，不然会让人以为是走后门进来的
185642,3266,王海波,2024-01-03 08:17:37,2,5,3,流感高峰期点名的老师应该拉去枪毙，一个大教室此起彼伏的咳嗽。
185650,3266,王海波,2024-01-03 08:58:11,5,6,1,老师上课很认真了，第一次见老师上课带这么多笔记的，是很想帮我们分析国际私法；国际私法本来就是三国法里比较难且容易感到无聊的，老师已经很用心地在帮忙上课了
189963,3266,王海波,2024-02-04 00:27:02,2,3,1,老师人不错，授课水平有待提高
191910,3266,王海波,2024-05-04 15:34:44,2,3,1,老师挺好的，今年根据选修课性质和课程进度把考试改为开卷，平时有点名测试和一份作业，只要认真听讲（或者临时恶补）都能获得不错的分数。\n\n授课进度有点赶，还挺想了解国际司法协助和判决承认执行的，但没时间了，只能自己学了。
197598,3266,王海波,2024-07-21 01:46:26,2,2,0,不否认老师是一位好人，但不是一位好老师，授课水平有待提升
207515,3266,王海波,2024-12-22 13:32:13,1,2,1,看起来和蔼可亲，跟她请假她都是已读不回，因为她要不定时点名，她才不管你是不是有原因没到课，所以无论怎样你一次课都不能缺，原来一个人是可以如此表里不一
216953,3266,王海波,2025-03-30 10:37:05,5,5,0,不理解突然设置的参与讨论可以加5分平时分有什么意义。。。参与讨论的名额还是有限的。。。。每次群里都有人抢跑乱抢，而且老师也不看你的回答内容，只要你抢到名额就能加分，与其说是回答问题加分实际上不就是拼手速加分吗。。。
217160,3266,王海波,2025-04-03 00:50:14,3,3,0,突然临时安排一个抢发言平时分加五分，发消息速度抢不过人家就直接平时分比人家少五分？？？真的让人理解不了，思考方式和其他老师真不一样。。。
218264,3266,王海波,2025-04-22 08:51:46,3,3,0,拼手速加平时分真奇葩。
219076,3266,王海波,2025-05-20 16:28:31,0,0,0,老师会点名，有的是提前说，有的是临时点，所以还是每节课都老老实实到课。平时分拼手速加分这一点确实让人有点摸不着头脑，但是老师人其实很好，最后平时分应该也都还行。第一次接触国际私法难免会有听不清楚的地方，所以很多节课课后都会找老师问问题，老师都非常耐心而且很亲切。给分好，对大三意向保研或者出国的同学很友好。\n\n期末考简答+案例，简答题可以原原本本地抄，案例题一道短一点比较简单，一道长一点个人感觉比第一道难（这题找出法院裁判正确的点和错误的点，虽然老师平时讲课时有强调，但是还是觉得难www）。
6616,3391,赵骏,2015-07-16 12:14:44,33,40,7,平时很struggle 考试无压力
10967,3391,赵骏,2015-11-23 13:48:48,5,8,3,课堂互动多 有想法 回邮件及时 给分高
11332,3391,赵骏,2015-11-27 05:54:40,5,10,5,老师人超级nice，给分很好，上课互动性强
30850,3391,赵骏,2016-07-02 15:59:49,5,9,4,平时辛苦，考试绩点高
38436,3391,赵骏,2018-04-11 11:10:01,3,11,8,1. 给分很好，平均4.5肯定有了\n\n2. 上课很好，虽然英文，但是课程内容比较基础的，都好懂。内容比较前沿的，跟实务关系比较大\n\n3. 想水很容易水... 不举手不发言最多参加个小组展示和水水的开卷考试成绩到手了
47056,3391,赵骏,2017-01-23 12:27:42,8,12,4,课上温和的苏格拉底式纠问略微显push，如想言之有物需要课后好好准备。但知识上有所长进，期末考试的复习和答卷强度不大，绩点非常可观
68852,3391,赵骏,2018-01-24 03:39:17,8,9,1,比企：平时表现+期末考试（开卷）\n\n考试题型：简答4，案例1
73684,3391,赵骏,2018-02-02 15:29:37,9,12,3,上课按小组准备，轮到自己的小组的课会压力比较大，最好看看案例准备一下。不是轮到自己小组的话基本无压力。考试很简单，材料打印出来带进去抄就可以了。给分很好的，虽然我的成绩算低的但绝对比我给这门课付出的要多，有点心虚，谢谢老师。
73721,3391,赵骏,2018-02-03 03:12:02,6,13,7,和其他课程很不一样，非常有特色。看到最后给分以后更感受到平时成绩的重要性。考试和presentation只要尽力就好，不需要有太大压力。但是平时上课一定要好好准备，多发言多和老师交流。前面的评论说得没错，平时struggle，但期末基本不需要复习，也不需要花时间。
73968,3391,赵骏,2018-02-04 02:30:37,15,20,5,国投4.5排63％，比企4.8，排28%左右（具体忘了），水了一个学期，自行体会。
76697,3391,赵骏,2018-04-18 13:34:25,-9,8,17,练口语的好地方 但是讲真 干货不多 拉绩点必备
94747,3391,赵骏,2019-01-18 05:00:10,9,10,1,老师很棒
101501,3391,赵骏,2019-01-28 10:15:26,10,12,2,给分确实很好，老师总是活力满满，上他的课有助于开拓眼界，
133202,3391,赵骏,2021-02-17 01:33:02,9,11,2,案例，双语，强调互动
139791,3391,赵骏,2021-07-27 03:30:32,8,9,1,互动多，内容前沿
139843,3391,赵骏,2021-07-31 11:23:12,8,9,1,案例教学，互动多，内容丰富，思维锤炼
141016,3391,赵骏,2021-09-21 13:27:56,7,8,1,内容丰富，结合案例分析授课生动，强调思维训练
144172,3391,赵骏,2021-12-20 05:49:15,24,25,1,国投出分了来谢谢老师，说一些和前面不一样的。大家都过分强调平时发言和展示了，我倒觉得其实虽然开卷，但考试难度不低，应该好好准备一下的。我平时从来没有发过言，展示也糊弄，最后好好复习了一下，考试的时候基本都找到了考点，用自己的语言转换了一下答的题，最后拿到的分数很满意（4.8），当然这和老师给分好也有关系。学弟学妹千万不要因为自己没有发言、没有被老师记住就放弃，最后考试可以挽回大局，好好准备吧。
144611,3391,赵骏,2022-01-25 08:50:29,15,16,1,分析深入，锤炼思维，系统讲授，师生互动
148730,3391,赵骏,2022-01-13 10:31:19,13,14,1,虽然大家说考试无压力但我赶脚还是有点难的。。。
149862,3391,赵骏,2022-01-17 10:33:29,11,12,1,国投、比企。老师上课真的全英文，平时有点折磨，但给分很好，学弟学妹不要担心。老师人也很好，很愿意和同学们交流。两门课相较而言，比企要看好多案子，内容更难一些，而且没看案子的组上课体验感就不太好，希望老师能有所调整。也希望老师早点把国投也变成国际化模块的课程，毕业就靠老师了！！！
152114,3391,赵骏,2022-03-27 11:51:28,9,11,2,很有收获
152933,3391,赵骏,2022-04-22 02:54:23,11,12,1,老师非常好，虽然可能平时会有一点难，但是遇到大佬也会带飞，老师给分超好哦
152934,3391,赵骏,2022-04-22 02:54:13,8,9,1,老师非常好，虽然可能平时会有一点难，但是遇到大佬也会带飞，老师给分超好哦
155423,3391,赵骏,2022-06-12 14:15:52,36,39,3,法学院最好最好最好的人！整天很喜感的，但真的很公道的领导和善良的人！！
156984,3391,赵骏,2022-06-21 13:11:54,7,8,1,nice
159261,3391,赵骏,2022-07-14 16:47:22,11,12,1,超好！！
159276,3391,赵骏,2022-07-10 11:04:07,8,9,1,好！很好！
159717,3391,赵骏,2022-08-24 14:34:59,22,28,6,超级超级好！超级超级可爱！最近开始偷懒论文开始灌水，快点抓紧努力重回巅峰！
159769,3391,赵骏,2022-08-28 16:29:44,53,57,4,讲英语的时候有点帅，嘚瑟起来（I mean 我在哈佛的时候balabala）超级可爱
160798,3391,赵骏,2022-10-12 10:10:49,45,54,9,老师的水平真的很高，一只是一节课几十页的PPT、大量的专业英语，随时可能被叫到、被支配的恐惧、以及看着那些大佬洋洋洒洒、侃侃而谈的深情、老师对他们欣慰满意的眼神但与此同时我连听都没听懂，真的让身为菜鸡的我感到压抑、忐忑。啊！每周一周三的九十节课，于我，恐怖如斯。
161739,3391,赵骏,2022-11-11 18:08:15,13,15,2,很好很耐心的老师，认真敬业
162753,3391,赵骏,2022-12-05 15:02:24,22,24,2,骏子永远是最好的
162796,3391,赵骏,2022-12-06 08:30:51,13,15,2,很有收获
164817,3391,赵骏,2022-12-26 09:03:42,13,16,3,Professor 赵 is always around u 🥺
167937,3391,赵骏,2023-01-31 08:39:29,15,16,1,老师给分很好 谢谢老师
168129,3391,赵骏,2023-01-29 14:20:22,11,13,2,好好好很好
168276,3391,赵骏,2023-02-08 13:22:23,18,19,1,老师真的太好了，向每一个人推荐，上课讲得很棒，给分也超好！！！期末成绩完全就是出乎意料
169586,3391,赵骏,2023-02-27 04:14:56,14,15,1,上课虽然什么也没听懂但是给分特别特别特别好，比某些国际法所的老师好太多
171978,3391,赵骏,2023-04-14 16:41:15,11,11,0,很好很好
172484,3391,赵骏,2023-04-27 14:47:14,11,11,0,认真负责
173175,3391,赵骏,2023-05-15 02:25:25,26,26,0,脾气也太好了吧
173383,3391,赵骏,2023-05-22 13:38:54,11,11,0,超级温和超级nice
173768,3391,赵骏,2023-06-10 14:48:50,12,12,0,认真投入，课堂互动多，很有收获
173925,3391,赵骏,2023-06-04 16:10:13,8,9,1,给分好有活力
176093,3391,赵骏,2023-06-27 16:20:18,13,13,0,认真敬业，有用心对学生
178466,3391,赵骏,2023-07-15 07:53:55,-37,20,57,老师人很有亲和力，也挺好的。但是评上法学家，感觉很奇怪。学术积累和其他几个提名的还是有差距（尤其人大的陈璇），不知道怎么评上的…
178704,3391,赵骏,2023-07-18 22:40:58,10,12,2,超级棒。理论联系实际。教学认真负责。
180932,3391,赵骏,2023-09-28 10:27:00,-29,12,41,鼓励鹅颈的老师一枚呀～(*^_^*)
181002,3391,赵骏,2023-10-01 17:51:01,15,15,0,负责任，上课认真
182682,3391,赵骏,2023-11-19 12:27:01,13,13,0,课程内容丰富，讨论充分，互动频繁
189821,3391,赵骏,2024-01-30 08:09:20,8,12,4,反正给我的分并不是很高。。
189896,3391,赵骏,2024-02-01 16:03:33,7,11,4,给分不是很高啊
189955,3391,赵骏,2024-02-03 12:55:00,17,18,1,教学互动，能力锤炼，结合案例，很棒
197596,3391,赵骏,2024-07-21 01:37:49,6,7,1,我永远最尊敬的恩师和导师。\n\n学弟学妹们要记住 Professor Zhao is always around you！
197632,3391,赵骏,2024-07-23 04:31:46,12,14,2,法学院最好的老师之一
199229,3391,赵骏,2024-09-19 12:20:22,10,11,1,Great!Ladies and gentlemen.Welcome to......
199890,3391,赵骏,2024-10-07 08:09:33,4,8,4,上课互动丰富，很有启发。把书读厚，再把书读薄。
199974,3391,赵骏,2024-10-10 04:36:11,8,8,0,授课共欣赏
201412,3391,赵骏,2024-12-05 00:35:18,10,10,0,很用心，反馈及时
202601,3391,赵骏,2024-11-13 10:09:55,5,5,0,干货满满，充分互动
204311,3391,赵骏,2024-11-25 07:43:00,-4,10,14,你们认真的吗？
205103,3391,赵骏,2024-12-01 13:10:52,9,9,0,重实务，强调互动
205613,3391,赵骏,2024-12-10 06:46:45,9,10,1,great
205874,3391,赵骏,2024-12-12 11:44:37,7,9,2,好老师，对每个同学都很好
208305,3391,赵骏,2024-12-26 15:17:26,4,6,2,good
208591,3391,赵骏,2024-12-29 17:00:20,1,5,4,脾气好的好老师，履历牛逼闪闪。
208727,3391,赵骏,2024-12-31 22:21:32,12,15,3,Professor Zhao is admirable
213963,3391,赵骏,2025-01-22 06:45:53,2,4,2,上课听得晕晕乎乎，但还好老师最后把国投的期末考试改成论文了
214035,3391,赵骏,2025-01-23 05:25:37,7,7,0,为赵老师打call
214127,3391,赵骏,2025-01-25 03:01:31,7,8,1,很认真投入
218345,3391,赵骏,2025-04-23 00:24:16,-9,1,10,大水课
39550,3392,金伟峰,2016-12-24 08:33:00,2,2,0,老师讲的还蛮细的 作为选修课听听还是蛮有用的
67222,3392,金伟峰,2018-01-20 13:12:10,-2,1,3,上课感觉一般，考试前只说会有案例分析平常也只讲理论没讲过案例要怎么分析啊？？并且给分也太差了吧？？
81721,3392,金伟峰,2018-07-06 03:28:32,1,4,3,上课比较闷，信息量比较大，行政法本身不难理解但是知识点多，事情少，最后给分比较迷
81722,3392,金伟峰,2018-07-06 03:42:52,-1,2,3,曾经我觉得他上课太闷，现在才知道他是把所有爆发力用在了给分上
81723,3392,金伟峰,2018-07-06 03:44:32,4,5,1,老师讲课讲的挺有条理的，最后期末考得差也只能怪我自己太垃圾，平时没下功夫
81741,3392,金伟峰,2018-07-06 04:55:15,3,5,2,唯一一次签到也到了，考试感觉也不是太差，但最后这个给分，说实话，我不是太能接受
81744,3392,金伟峰,2018-07-06 05:06:44,2,5,3,谢谢老师给我3.0啊。。。起码不是2开头的。。。老师上课挺好的。。。但是平时案例分析什么要求都不提期末考试40分钟全开卷30道客观题真的好可怕。。。有人交卷10分钟了还在对答案。。。不知道她们考得怎么样？
81854,3392,金伟峰,2018-07-06 10:10:13,-1,2,3,分低到极致了? 接受不了
81956,3392,金伟峰,2018-07-06 15:37:24,-2,0,2,ಥ_ಥ
82078,3392,金伟峰,2018-07-07 04:40:24,-2,1,3,啊啊啊啊我爱老师我爱行政法含泪咽下百度出来的2.7
150688,3392,金伟峰,2022-02-13 02:50:11,-6,0,6,讲课不太行…给分也低得离谱……
183621,3392,金伟峰,2023-11-28 02:52:07,4,4,0,讲课很清晰很有条理，问问题也耐心解答，9分老师！
188473,3392,金伟峰,2024-01-19 05:09:30,5,5,0,很好的老师，上课以ppt为基本内容，然后自己会延伸拓展，启发式的授课。有时会点名，但是学生上课到课是最基本的。全勤并且认真对待期中期末作业，喜提4开头的绩点，付出和结果是成正比的。老师是好老师，课是好课，推荐。
189941,3392,金伟峰,2024-02-03 06:26:03,3,3,0,讲课真的很清晰很有调理，认真听能学到很多
191007,3392,金伟峰,2024-03-28 01:30:20,3,3,0,法学院讲课最清晰有条理的老师之一，值得9-10分
197576,3392,金伟峰,2024-07-20 01:41:50,2,2,0,讲课是法学院最清晰之一！ 给分比较实事求是
200420,3392,金伟峰,2024-10-17 02:13:54,1,1,0,国家赔偿，，，，没人吐槽吗。车轱辘话来来回回，真有点崩溃了。
32549,3603,邹克渊,2016-07-07 14:08:20,0,0,0,千人计划！超级赞\(≧▽≦)/
16956,3655,朱新力,2016-01-19 10:03:07,6,8,2,行政法感觉跪了orz求师生情
19069,3655,朱新力,2016-01-23 07:51:26,3,5,2,院长萌萌哒～行政法要跪啦～
19403,3655,朱新力,2016-01-24 05:56:55,1,3,2,院长超萌\(//∇//)\
19628,3655,朱新力,2016-01-25 03:33:07,-1,2,3,萌萌哒 上课脑洞大 概念理解就好 还是开卷都不用背 只点到一次不去还可以叫队友帮忙
19651,3655,朱新力,2016-01-25 04:16:27,-2,2,4,阿里巴巴很可爱，讲课也很好。
19653,3655,朱新力,2016-01-25 04:32:49,-2,2,4,院长萌萌哒～上课有意思 给分还特好！
19670,3655,朱新力,2016-01-25 05:21:55,3,5,2,互联网+，一次点名，天马行空，开卷考试，分数感人。
19881,3655,朱新力,2016-01-25 13:29:57,-2,1,3,其实不太喜欢开卷，自己找到的别人也找得到……但院长还是好好的~
20085,3655,朱新力,2016-01-26 05:13:03,-4,4,8,三节课中间不休息，每次要用一半的时间讲物联网，有点不务正业的感觉
20770,3655,朱新力,2016-01-31 08:20:35,-2,1,3,行政法：翻书全会，概念一点不难理解，书一合上就两眼发蒙。
20805,3655,朱新力,2016-02-01 02:46:07,-1,2,3,互联网+法律，天马行空，一次点名，开卷考试。似乎考砸了，但不知道自己差在那里。
21417,3655,朱新力,2016-02-28 16:36:41,2,4,2,道器兼修讲道理的老师\n\n包容又不失调侃的院长\n\n清醒而善于合作的干部\n\n有远见敢坚持的梦想家\n\n利益相关:期末分数感人
25678,3655,朱新力,2016-06-01 14:31:54,-2,1,3,好啊啊啊
29835,3655,朱新力,2016-06-30 11:25:37,-1,1,2,互联网型院长
159143,3655,朱新力,2022-07-06 16:27:35,5,5,0,和ZCY老师是真的吗
184436,3655,朱新力,2023-12-19 15:03:56,1,1,0,什么瓜啊，求细锁
32548,3690,邱文弦,2016-07-07 14:07:26,-5,11,16,大家称呼学姐，人很好，超级棒！
104901,3690,邱文弦,2019-03-30 09:44:01,-4,11,15,老师很漂亮
108263,3690,邱文弦,2019-05-18 10:47:45,-2,13,15,女神老师，人美心善气质佳，文理科全才了。
118578,3690,邱文弦,2019-10-29 00:22:37,-1,12,13,满分!
126939,3690,邱文弦,2020-10-29 00:27:23,-2,4,6,哈哈哈
132151,3690,邱文弦,2021-01-30 15:34:35,-1,6,7,喜欢老师～美丽温柔
132206,3690,邱文弦,2021-01-31 03:30:53,-1,9,10,爱了爱了，老师人美心善，上课有点东西 给分也很好，平时分是一个大展示，比较和谐
132213,3690,邱文弦,2021-01-31 03:51:32,2,10,8,给分太好了，平时也很轻松
132220,3690,邱文弦,2021-01-31 04:17:45,13,25,12,邱老师人美心善，第一次开国际法，上课轻松没啥负担，有一次小组展示。其他只要平时上课认真记笔记就行，一定要认真记，开卷考考的是笔记的东西，平时不需要花时间，老师人实在太好了。
132971,3690,邱文弦,2021-02-05 15:45:59,-3,6,9,老师超级温柔了！最后几节课讲了自己的科研历程，科考船上的故事啥的还挺有意思的
146617,3690,邱文弦,2022-01-13 10:29:17,-6,4,10,老师很温柔，讲课很细致，平时压力不大，考试题目也不难，给分很和谐～不过老师比较侧重讲国际法总论部分，分论部分可能要自己听法考课程才能清楚～
146648,3690,邱文弦,2022-01-07 06:57:06,-3,6,9,【真·人美心善】\n\n老师很漂亮，上课很温柔，平时无压力，考试很简单，给分很不错。\n\n唯一的缺点是上课讲的干货不多，秋学期讲总论部分（国际法的渊源、国际法和国内法的关系、基本原则之类的），总论也没有涉及领土法、国际法上的国家和个人等内容，冬学期全靠同学展示，每组展示时间70-90分钟，说心里话感觉没学到什么东西。\n\n昨天考试今天出分，可以说是很速度了。\n\n最后希望在美女老师的课上学到更多国际法知识，谢谢老师，拿到这个分数自愧不如哈哈
148079,3690,邱文弦,2022-01-11 12:44:57,-4,5,9,老师真的太好了！温柔而且超级OK！真的一个学期直接爱了！
160739,3690,邱文弦,2022-10-08 11:19:48,12,19,7,说实话，老师就是在读她的稿子，因此显得比较无聊。其实真正水平高的老师一定是会讲课的老师，因为只有你把讲的东西完全理解了、消化了才可以以一种学生能够听得懂、听下去的方式表达出来。
169581,3690,邱文弦,2023-02-27 04:05:54,3,9,6,上课上得这种逼样，拿个稿子在台上念，你要是说讲的好讲得难考得难就算了，这种水平还给分这么差，不知道是不是梁静茹给这位老师的勇气，建议大家不如去选隔壁罗老师的，至少你能卷一下，考试难成绩差的话自己也有点b数，反正这个老师很拉，劝退啊
169582,3690,邱文弦,2023-02-27 04:07:42,6,9,3,可惜没有0分，不知道这个九点几是怎么来的
190818,3690,邱文弦,2024-03-20 04:35:18,0,5,5,垃圾老师，非985本硕，无法学硕士博士学位，学历背景这样不知道怎么来浙大的
197616,3690,邱文弦,2024-07-22 08:06:23,-1,3,4,非985本博，拉低了我院教师平均水平
202791,3690,邱文弦,2024-11-14 11:09:14,-1,1,2,现在的学生素质真差！
208872,3690,邱文弦,2025-01-03 02:35:16,0,0,0,。。。
209760,3690,邱文弦,2025-01-07 03:52:16,5,6,1,本学期第一门出分就是满绩点啊啊，老师人美心善，上课轻松知识点很简单所以学起来无负担，只要整理好老师的笔记听一下老师上课讲过的题期末就没有任何问题，平时成绩就是一次pre，老师也会给小组要汇报的大纲，你只需要pre你负责的那个部分，课程内容老师教授的主要是总论内容，分论内容没怎么涉及不过放心期末考是不会考老师没有重点上过的。
209764,3690,邱文弦,2025-01-07 04:06:27,6,7,1,国际法-上课过程中有些许的枯燥，因为是开卷所以不会发PPT，上课就一直在复制粘贴PPT的过程中，但是期末考试好多都是课上讲过的案例分析题，嘿嘿最后给分挺好的！！
209765,3690,邱文弦,2025-01-07 04:07:12,5,5,0,希望大家不要对老师有太大的恶意，能看得出来老师有在用心教书，还经常给我们分享自己研究的视野。诚然对于知识的讲解可能没有那么透，但是考试给分都很好，老师也很有耐心，值得高分！
209830,3690,邱文弦,2025-01-07 07:57:00,2,2,0,老师您就是我的义母！
217431,3690,邱文弦,2025-04-10 09:17:31,0,0,0,对于一门小众领域的选修课，既要pre又要做测验，实在是太难受了。
220958,3690,邱文弦,2025-06-20 12:45:25,0,0,0,研究大陆架的地质大学院士团队出身，还被质疑学历，有点狭隘了吧
169659,9299,曹士兵,2023-02-27 09:33:36,-3,11,14,老师是在最高院工作的，有非常丰富的实践经验，并且有自己的一套理论和思考。上了他的商事案例研习，给我的分数很不错。经验是上课认真听，课后多思考发问题，最后的感想认真写，不会差的。
171570,9299,曹士兵,2023-03-29 05:07:56,-5,3,8,很好！
181288,9299,曹士兵,2023-10-13 04:19:02,4,6,2,大贪官 法学院你行
184231,9299,曹士兵,2023-12-13 12:29:04,14,14,0,评分如此随意，呵呵。我的评价是学弟学妹们没必要去上课了，上课没有意义！
184331,9299,曹士兵,2023-12-17 17:23:11,4,4,0,给分烂
184688,9299,曹士兵,2023-12-22 07:47:15,7,7,0,给分...好吗？我人都傻了，他布置的作业能看出什么来啊
184903,9299,曹士兵,2023-12-24 09:28:11,6,6,0,在学院里感觉没什么存在感，上课也一般般。希望能够加强一下法学院商法的实力吧。。。
185156,9299,曹士兵,2023-12-27 01:08:14,5,5,0,烂，乱给分
189931,9299,曹士兵,2024-02-03 04:24:20,3,3,0,乱给分
190815,9299,曹士兵,2024-03-20 04:19:46,3,3,0,用脚给分，太烂了
197573,9299,曹士兵,2024-07-21 02:04:18,2,2,0,烂货，用脚给分，不值得
199345,9299,曹士兵,2024-09-21 11:23:56,5,5,0,不看钉钉，人不来上课让自习写案例，下课还要点名
199369,9299,曹士兵,2024-09-22 09:36:40,7,7,0,商案，开学第二周，老师人不知道去哪了，给我们布置了四个真实案例，巨长巨难，让我们写裁判。我嘞个清汤大老爷，放在法院好几个人的工作量，现在让我们一群本科生写，并且课还没开始上，我们没有任何知识储备，完全写不了。第一次见刚开学就布置写案例的老师，如果开学第二周我们就能写了，那还选课干嘛？老师完全就是自己不知道去干嘛了，又不能不上课，就随便布置几个作业，让学生自己硬写，纯纯折磨学生，还好提交即得分，感觉这种作业纯纯浪费时间。老师最重要的任务难道不是上课吗？自己缺课布置难题为难学生，挺难评。
201748,9299,曹士兵,2024-11-06 02:33:40,3,3,0,期末案例分析作业题目都说不清楚……什么叫“法院认为《商品房买卖合同》第19条第1款‘无事实与法律依据’”？？？？又在钉钉群里回复说这道题的意思是对法院在判决中的观点谈谈自己的看法？？？我不理解……
167210,9300,罗国强,2023-01-15 05:48:18,4,12,8,老师上课水平是有的，但要想拿高分平时成绩非常重要
167894,9300,罗国强,2023-01-20 02:51:30,6,12,6,发言很重要，不喜发言的慎选
168191,9300,罗国强,2023-02-01 08:54:52,1,13,12,只有卷发言才能拿到比较好的绩点。老师本身没什么问题，就是不勇于发言的话，自己的成绩会不太好看。\n\n铁面老师，整顿之江QAQ
168781,9300,罗国强,2023-02-22 07:30:01,-2,13,15,沙比老师，不就是国际法没按他的PPT的内容考试嘛，就被打的很低，考试考的全是自己PPT上的内容，但是按其他国际法教学内容完全不能考好，而且考试平时分占比过大，全全没必要。听说在武汉大学时期还有作风问题。似乎除了学术方面一无是处，建议老老实实做研究不要教书祸害学生。
169682,9300,罗国强,2023-02-27 10:57:52,0,12,12,老师原话“我的课只要认真努力积极勤奋就能学到东西并取得好成绩，反之对于偷懒混学分的人就比较麻烦，希望你保持良好学风，取得更多优异成绩”
170019,9300,罗国强,2023-03-30 01:49:57,22,40,18,2023.02.07：\n\n老师原话翻译“我的课只要认真努力积极勤奋（指拼命卷发言、做展示）就能学到东西（指如何鹅颈）并取得好成绩（确实，比如x同学就收获了两门满绩），反之对于偷懒混学分（包括但不限于性格内向不想发言、英语口语能力不佳不想献丑等）的人就比较麻烦（这样的人大部分是挂科、1.5、1.8这样的绩点），希望你保持良好学风（指某股浮躁、恶竞、内卷的良好学风），取得更多优异成绩（谢谢老师，老师真是太棒了！）”\n\n\n\n总之，整活归整活，但作为第一届光荣的小白鼠，还是有必要提醒学弟学妹：老师的学术能力或许很强（注意，仅指学术能力，生活作风方面存疑，据信他在武大期间与女学生有不正当关系，无法立足于彼处，但瓜滑法学院向来专收各种qj犯（lyx）、婚内cg（zc）、学术不端论文抄袭（wc）的人渣、糟粕和渣滓，由此来浙），但这种考核方式绝对不适合性格内向、喜欢安安静静自己学习的同学，他的课是专业课程中的毛概课，必须卷发言！\n\n\n\n2023.3.30\n\n有人给我扣上了“分数低的愤青”的帽子，我无力反驳，我确实分数低，也确实很愤怒，看看这个均绩，一门国际化选修课程的均绩比行诉、谷神的很多民法课都要低，这是正常的吗？至于说罗老师整顿之江，就更搞笑了！哈哈，可以了解一下罗为何来浙大。再说他整顿什么了？浙大法学院要靠一个在武大混不下去的国际法老师整顿？他要怎么整顿，把每门专业课都整顿成像毛概那样卷举手发言的烂课吗？
170645,9300,罗国强,2023-03-07 12:41:50,5,16,11,不发言就没分，ppt模板上写的是华东政法大学。乐
170910,9300,罗国强,2023-03-12 09:29:23,-5,20,25,打了9分，上了老师的国际法，虽然分数不佳，但感觉是治学严谨的老师。\n\n前面的同学似乎有点偏激？我并不清楚所谓的作风问题，亦无证据去证明此事，所以只谈谈关于国际法我个人的上课体验。\n\n首先，老师确实会鼓励发言。但是从上课体验来看，更多是想活跃课堂气氛（虽然我这种社恐星人就很痛苦），会尽量照顾发言少的人、对于多次举手的反而会少被抽到。其次，老师的教学水平我和我的室友都觉得在光华法学院是算不错的。ppt比较老旧但知识点很清楚、内容也详细，老师授课也认真，和某些划水、不备课、上课体系混乱的老师有明显的不同。最后，关于给分问题。我的国际法分数并不理想，算是专业课里低的了。虽然伤心但是能够接受，因为知道期末那张试卷自己回答的水平并不是很好。（ps学弟学妹记得打印ppt！会考到上课讲过的案例）罗老师可能因为才来浙大，还没有摸透法学院给分、调分、平时分的潜规则，所以给的分数都是很实打实的真实水平（参考行诉）。总体而言，罗老师是少见的认真教学、求是给分的老师了，想要轻松高分的同学可以绕道，想要学到东西又不惧面对自己真实学习水平的同学可以一试。
171386,9300,罗国强,2023-03-23 04:29:52,-3,6,9,庭有枇杷树，今已亭亭如盖矣
171481,9300,罗国强,2023-03-25 16:23:05,-11,14,25,罗老师学术严谨，不要因为分数低而变成愤青，之江是该整顿了。
171593,9300,罗国强,2023-03-29 15:33:07,4,13,9,求你们了，快逃！选这个🐶会后悔终生，只要学弟学妹们还有一点想升学的想法，快逃，不上也不要选它
171836,9300,罗国强,2023-04-07 04:43:47,2,10,8,罗老师ppt上写的还是华东政法学院 这ppt年级不会比我还大吧😳
171944,9300,罗国强,2023-04-13 06:50:08,-5,1,6,看呵呵
172184,9300,罗国强,2023-04-21 09:24:46,2,10,8,【高亮】‼️期末考试案例题不给案例内容只给案例名称‼️从来没说过会考上课讲过的案例，我直接傻在考场上，平时发言两次最后没上70。其余：上课卷发言我能理解，但平时分没有清晰的评定标准，最后才说平时分和期末五五开。
178451,9300,罗国强,2023-07-12 03:05:25,0,10,10,罗老师在武大的事情是真的假的？
186006,9300,罗国强,2024-01-07 12:43:26,0,5,5,老师，您给分也太狠了吧~
186023,9300,罗国强,2024-01-07 21:16:16,3,5,2,出分了，的确给分很一般，要在平时课发言+听课，对于这次期末考核的5道题，都在平时课中的ppt会出现，一定要事先做好功课且都会做才能起码保证得3.0以上绩点，后期课程单独额外全英文pre才会分高一点，建议能不选就别选，不在乎高绩点的可以学
186758,9300,罗国强,2024-01-13 03:21:05,2,7,5,感觉答得还行，但是给分很烂。平时不喜欢发言的话不要选这个课。
189932,9300,罗国强,2024-02-03 04:35:55,3,8,5,很棒，9分老师
190814,9300,罗国强,2024-03-20 04:18:39,4,8,4,很棒很棒，很有收获，老师在牛津大学有交流学习经验
190997,9300,罗国强,2024-03-28 00:45:44,3,7,4,上课一般不点名，讲课水准较高，互动交流意识也很强，很棒的老师！
197547,9300,罗国强,2024-07-18 09:53:30,-4,3,7,老师学术水平和授课水平在我们学院都是前25%，特别是授课水平值得称道。老师在Oxford还有一年访问学习经历，能力很出众。
197631,9300,罗国强,2024-07-23 04:30:50,2,4,2,罗老师认真负责，讲课容量大很清晰，值得推荐
208726,9300,罗国强,2024-12-31 22:19:53,1,2,1,nice
215308,9300,罗国强,2025-02-25 05:35:32,9,9,0,有一些官话好评是刷的吗…？
173882,9301,骆笑,2023-06-04 05:55:31,21,39,18,真的垃圾啊啊啊
174343,9301,骆笑,2023-06-26 07:16:10,70,92,22,对上媚态百出跪舔领导求上位，对下打官腔欺压学生查聊天记录克扣勤工助学金。
178707,9301,骆笑,2023-07-21 00:28:25,39,53,14,此人对某学院的乌烟瘴气做出了巨大贡献
178749,9301,骆笑,2023-07-21 15:24:46,12,23,11,。。。
178762,9301,骆笑,2023-07-22 03:01:31,21,36,15,甩锅侠，刽子手，人见人怕。
179374,9301,骆笑,2023-09-13 13:37:11,22,30,8,非常吓人了
180553,9301,骆笑,2023-09-22 16:06:12,30,44,14,别当辅导员了😅😅😅，事巨多
180554,9301,骆笑,2023-09-22 16:07:09,11,19,8,事多、无语
180630,9301,骆笑,2023-09-23 16:41:24,12,21,9,是真的很差劲
180632,9301,骆笑,2023-09-24 01:03:25,19,28,9,和稀泥本事一流 一年级班主任都不这么调节矛盾了😅😅😅😅
180941,9301,骆笑,2023-09-28 12:26:35,4,14,10,事情多
180942,9301,骆笑,2023-09-28 12:28:53,12,27,15,碧阳的晚意，初生的东曦。B事真多
181574,9301,骆笑,2023-10-23 08:05:08,-16,14,30,其实我觉得骆老师还是很温柔的（个人感受），可能是因为她是辅导员不是老师
181783,9301,骆笑,2023-10-31 13:26:53,10,20,10,关系户就能为非作歹？什么个东西
181786,9301,骆笑,2023-10-31 17:44:49,2,10,8,。。。
181946,9301,骆笑,2023-11-07 02:21:13,9,18,9,分数没有收敛到1是大家的责任
182536,9301,骆笑,2023-11-17 08:27:47,5,14,9,勾石，牛魔的事情怎么这么多
182653,9301,骆笑,2023-11-19 03:11:42,8,16,8,一分都不想给
183286,9301,骆笑,2023-11-23 11:59:35,-4,12,16,我在秋学期周四晚听骆老师的职规课，实话实说我认为这课是很棒的，能听到一些优秀的经验者的故事，也能促进自己对职业选择的思考，推荐。
183343,9301,骆笑,2023-11-24 03:20:24,-4,9,13,听的职规课，给分还行，但事有点多。我室友上的其他老师的课，整体比她好些，所以感觉中规中矩罢。
183397,9301,骆笑,2023-11-25 01:38:45,-8,11,19,老师人很好的，只要多和老师沟通和接触，就会发现老师很温柔的，对同学也很关心，尽心尽力的辅导员。职规课给分也很好，一般都是4.0上的。
183444,9301,骆笑,2023-11-26 09:54:01,-10,12,22,骆笑老师挺好的啊，很为学生着想的
183445,9301,骆笑,2023-11-26 09:58:41,-14,12,26,必须吹爆我家辅导员，骆姐实在是太好了，真心替我们考虑和着想，职业规划课上请来了好多学长学姐为我们分享经验，能学到很多东西。浙大有幸能遇到这样的好老师，实在是太幸福啦啦
183475,9301,骆笑,2023-11-26 13:54:08,-11,8,19,这个老师课上确实作业比别的老师多了点，其他方面我觉得完全没问题吧，评论区里面怎么都上升到人身攻击了？骆老师对学生还是很够意思的，是愿意真心帮助学生、照顾学生的好老师，大家一沟通交流就知道了
183545,9301,骆笑,2023-11-27 09:05:21,-16,3,19,老式人挺好的
183674,9301,骆笑,2023-11-28 10:26:45,-12,5,17,老师很好~
183769,9301,骆笑,2023-11-30 02:11:39,14,18,4,我嘞个豆，风评逆转了？
183781,9301,骆笑,2023-12-03 12:35:50,-19,6,25,骆姐人很好，是真心为我们的好老师，很关心我们，也会给我们提出很实用的建议，会帮我们牵线搭桥实习机会，会带我们走进用人单位和HR、校友们交流，总之是非常棒的老师。楼上说的浙江农林很奇怪，骆姐从没有给我们建议过浙农林这个学校，这个我还是比较了解的，一般都是建议我们考虑五院四系或者家里所在省的985院校
183797,9301,骆笑,2023-11-30 06:58:43,-15,12,27,真的想给骆老师大大的好评！从辅导员工作上说，老师真的可以说是尽心尽力了，只记得当时同届的同学都已经实习1个月了，我没有拿到心仪的实习offer很绝望，是骆老师帮忙联系往届学长姐内推。每次因为未来规划迷茫，骆老师都能提供几条很具有可行性的路径供我参考。说实在的，老师真的在给每一个遇到困难前来咨询的同学想尽一切力所能及的办法，每次办各种活动也都冲在最前面...不懂前面恶评的同学是遇到了什么事情，只能说凡是接触过骆老师的同学，即使已经从法学院毕业，还是会常常惦念起大学期间有这样一位负责任、尽心力的辅导员...
183804,9301,骆笑,2023-11-30 07:44:32,-14,7,21,骆老师是一位很有能力且尽职尽责的老师，对待学生的问题非常上心，和学生关系真的很亲近，和学生唠嗑聊天开玩笑完全没距离！！当学生真的遇到棘手问题，她也会第一时间来帮助解决，事后还不忘常关心和引导！\n\n骆老师也非常注重对学生传帮带教育，她常常邀请已经就业的学长学姐回来给同学们分享经验，给同学们提供更广阔的学习平台，她不仅是一位不可多得的好老师也是一位总会用自己过来经验引导弟弟妹妹的好姐姐~~
183847,9301,骆笑,2023-12-01 05:38:19,-19,7,26,骆老师真的是个很好很好的老师，真的很感谢老师能够一直鼓励我去发挥自己的优势，给了我很多去尝试的机会和勇气。对于一个外地来就学的孩子，老师真的是把学生当家里人在对待，过年回不了家，老师会专门叫去家里吃饭，在杭州做完手术也是老师专门来寝室看望，每次遇到学业生活的难题总是跑去老师的办公室听老师开解开导，真的没想到在外求学能够遇到这么好的老师。每次白天去老师办公室，老师都是忙忙碌碌地忙着开导安抚各个学生，晚上八九点路过老师办公室，灯都还在亮着，老师还没吃晚饭的在加班，真的是把辅导员的工作当做一项事业和兴趣在做的！！真的很推荐大家如果有生活学业上的问题去请教老师，老师都会很耐心的根据每个人的情况进行指导并且提供帮助！我也要向老师学习，把这份温暖传递给更多的人！！！
183848,9301,骆笑,2023-12-01 05:41:09,-15,5,20,骆老师在学业和生活上都给同学们很大的帮助~经常找同学谈心谈话，也在深造方面给了大家很多支持~
183852,9301,骆笑,2023-12-01 08:33:07,-15,5,20,笑姐是非常负责任的好老师，力挺她。
183889,9301,骆笑,2023-12-03 01:45:41,24,31,7,我去，是不是职规课给分好就逆转风评了？你小子叫本院升学意向的同学去考浙农林咱还历历在目呢；当着同学面说另一个同学成绩这么差就别想着保研了，也历历在目呢。法学院最逆天辅导员没有之一，沾到一点都会破防的地步。
183911,9301,骆笑,2023-12-03 13:13:44,-17,5,22,我感觉骆老师挺好的，很体贴很会照顾人
183912,9301,骆笑,2023-12-03 13:57:02,-18,3,21,骆老师人很好的呀~日常也很关心我们，非常暖心的辅导员老师！
184502,9301,骆笑,2023-12-21 05:42:21,-15,4,19,职规课给分非常好
184588,9301,骆笑,2023-12-22 01:57:55,18,21,3,刷评分有意思吗？
184624,9301,骆笑,2023-12-22 03:47:16,17,19,2,给分好就一堆人来好评都有点离谱，更别说还有一堆辅导员好评的，这一学期辅导员风评就陡转，什么成分不用多说了吧
185455,9301,骆笑,2023-12-29 13:54:16,-15,3,18,老师非常可爱 会常常给我们发吃的
185473,9301,骆笑,2023-12-30 05:26:29,-38,5,43,我是一名选调生，骆老师是我的辅导员。我在大一考试失败最艰难的、甚至有些迷茫的那段时间里，骆老师亲自找我来谈话，给我分析了目前的就业形势并提供了建议，因此我下定决心报考选调生回家乡建设。可以说骆老师是我下定决心报考选调生回乡建设的引路人。尽管当时我还是一个刚刚专业分流分到法学院的同学，但是骆老师仍然对我伸出了援手，给我提建议，帮我联系优秀的学长学姐，并且之后一直在跟进我的选调情况，对此我十分感激。\n\n骆老师在工作中也一丝不苟，尽管我没有上她的职规课，但是我也经常要去学院办公室去交一些材料。我见到的工作中的骆老师很多时候都是在与学生交流，潜心学生工作，尽可能解决同学们的问题，消除同学们的疑虑。\n\n我也看了很多同学略带戾气的评论，这里我不是说谁是完人一定不会犯错误，但是注意找好与老师间的沟通方式，能够拉进师生关系。我个人认为我们法学院的辅导员都是潜心服务同学的，没有必要非要给哪个特定的同学使绊子。另外程序上的麻烦不能归结到某个老师上，骆老师也不能解决制度上和程序上的问题，希望你们喷对地方以及提出建议，而不是躲在屏幕后面对着一个学生工作潜心服务同学的老师大放厥词。\n\n最后还是感谢骆老师在我大学学习生活中对我的鼓励和大力支持，没有骆老师的引路和指导我很大可能还在迷茫和犹豫之中，也就坚定不了回家建设的决心。
185607,9301,骆笑,2024-01-02 19:53:49,33,34,1,是查老师给好评，能职规给高分吗？\n\n一句话评价，此人无利不起早，且三观不正。\n\n某学院曾有造谣事件，这位老师一方面劝受害女生“不要本校读研了，对你影响不好”，另一方面尽心尽力保护造谣者。\n\n画饼大师。\n\n言而无信。
185759,9301,骆笑,2024-01-04 07:19:22,28,29,1,我去 骆笑请水军了？？？？
186297,9301,骆笑,2024-01-10 11:31:25,12,14,2,看到这么大的逆转笑得想死
190133,9301,骆笑,2024-02-23 12:43:42,1,2,1,。。。
190304,9301,骆笑,2024-02-27 14:41:06,6,7,1,抽象，且两面三刀
190384,9301,骆笑,2024-02-29 05:33:37,2,5,3,有人能说一下到底发生什么了吗，怎么这么多人认为老师不好
190515,9301,骆笑,2024-03-06 13:22:49,-18,4,22,在法学院算很还好的老师了
191733,9301,骆笑,2024-04-29 07:39:02,3,3,0,呵。。
191987,9301,骆笑,2024-05-07 01:09:31,18,20,2,垃圾玩意，歧视外专业，人抽象，心思全写在脸上，垃圾就该呆在垃圾桶里。
192162,9301,骆笑,2024-05-10 10:21:07,-18,2,20,老师人是很不错的，其他同学的观念姑且不评价，对学生还是特别友善的（客观评价）
192383,9301,骆笑,2024-05-17 04:41:12,5,5,0,chunchun nt，cnmlgb，
192577,9301,骆笑,2024-05-24 08:05:01,3,3,0,呵呵。
193310,9301,骆笑,2024-06-06 06:23:16,9,9,0,找人刷好评是吧真不要脸啊
193581,9301,骆笑,2024-06-13 07:47:28,5,5,0,唔...之前我给了好评来着..现在..唉
196539,9301,骆笑,2024-07-04 03:49:41,4,4,0,。。。。
197820,9301,骆笑,2024-08-15 12:28:58,12,12,0,给一分是因为只有一分。能力与人品均烂，思想和表达俱挫。
202571,9301,骆笑,2024-11-13 07:39:19,4,4,0,这位老师当年军训期间的神级操作让我毕业多年都无法忘怀。
204399,9301,骆笑,2024-11-25 15:39:45,6,6,0,真的很假的一个人
204620,9301,骆笑,2024-11-27 05:37:15,6,6,0,渣滓中的战斗渣滓
210659,9301,骆笑,2025-01-09 15:34:19,5,6,1,你问钱哪去了，高校行政拿的是教学人员的平均工资，还不用承担科研和教学压力。钱就是被这些尸位素餐的人吞了
215098,9301,骆笑,2025-02-21 04:14:16,6,6,0,……经历过的都清楚
218619,9301,骆笑,2025-04-27 06:26:20,-1,1,2,打交道很少 我感觉骆老师挺温柔的\n\n楼下是来搞笑的吗 你真的看过辅导员和讲师 百人 副教授 教授的工资条吗。。浙大行政工资奇低无比
220179,9301,骆笑,2025-06-16 04:52:05,1,1,0,呃呃懂得都懂
172309,9302,熊明辉,2023-04-25 01:05:42,10,10,0,有种 小学班主任的美感
175277,9302,熊明辉,2023-06-23 07:13:19,6,6,0,老师节节课都会点名，但是作业和考试形式都是非常非常非常非常轻松那种，有要求沟通也会解决。是蒙尘珍珠！！！！！！！！！
175278,9302,熊明辉,2023-06-23 07:24:43,6,6,0,老师是个和蔼又严肃的中年男人（因为感觉说小老头有点也不合适hhh），法螺考核方式是学习通平时作业和期末考试各占50%，虽然会点名但是不算平时分！期末考试全开卷，除了考场上交换资料其他开卷方式任意（没错！任意开卷！）因为老师好像也不在意这个hhh。至于讲课，emmmm感觉就是念ppt，但是法螺这门课也没有啥可发挥的地方。老师本人还是很可爱很和蔼的！很亲切！还给我们送书。
175281,9302,熊明辉,2023-06-23 07:38:52,6,6,0,辉门！！！熊老师人很和蔼啊啊啊！上课会点名但是不算平时成绩，就是想看看大家的学习态度（因为是早八经常起不来，很愧疚 真的是很好很好的老师，专业知识水平很高，但是法螺讲课没办法，很多英文课件哈哈，PPT很炫彩。期末巨好啊啊啊！真正的好老师！！！！专业性强！！人很有趣！！
175451,9302,熊明辉,2023-06-25 03:48:58,5,5,0,老师虽然点名但是点名无关成绩啊，老师期末全开卷，给分真的超好
175452,9302,熊明辉,2023-06-25 04:04:19,3,3,0,额滴神呀！😍 😍 😍 😍 😍 \n\n全世界最好的熊老师😍 😍 😍 \n\n选！不选永远后悔！
175453,9302,熊明辉,2023-06-25 04:04:22,4,4,0,真正的好老师！！！熊老师！！！上课有水平，作业考试比较轻松，给分特别好，熊老师我爱你！！！
175457,9302,熊明辉,2023-06-25 04:24:15,3,3,0,想学是能学到知识的，不想学也没关系，总之不用担心成绩，特别特别好
175524,9302,熊明辉,2023-06-25 10:42:58,2,2,0,老师上课很严，每节课点名，但是不计成绩，老师的水平很高！虽然早八总是昏昏欲睡听不进去，但是PPT看一下就能看出来其实老师是很厉害是！期末考试话不多说了，我先叫一声爹！
193786,9302,熊明辉,2024-06-18 06:00:46,1,1,0,研究生上课很好
197941,9302,熊明辉,2024-08-21 08:18:45,1,2,1,实话实说，这门课你学不到什么，而且小学班主任的教学方式，上课不能看手机，不能看电脑，只能看他，抽人回答问题，随时都在数人，考试方式也临场变卦，由线上改为线下，并且开卷改成闭卷，给分非常烂，最后给分只有3.3，我也是在认真学习的基础上考的试，总的来说，你们选了，可能都会后悔来浙大读书
198111,9302,熊明辉,2024-08-31 03:27:09,2,3,1,不推荐，课程快到期末突然告知要改变考核形式，从开卷变成闭卷。开学第一节课说平时分全班都会给满的，但从最后成绩来看扣了我不少平时分。
208702,9302,熊明辉,2024-12-31 05:58:51,1,1,0,数字法学学科点唯一一个正常人，其他各个都是逆天。
198290,10681,孙军工,2024-09-06 06:54:57,-2,2,4,老师上课很认真！对法学很有激情。三次课堂讨论+期末论文。认真完成的话给分还是很不错的！
204446,10681,孙军工,2024-11-26 02:49:31,4,5,1,给分很不错是怎么说的 认真写作业给分巨一般
207424,10681,孙军工,2024-12-21 13:10:51,-3,0,3,给分真的还不错，上课也轻松
208410,10681,孙军工,2024-12-29 06:42:05,3,3,0,上课就是一些众所周知的陈词滥调，别被这人莫名其妙的自信唬住了
210156,10681,孙军工,2025-01-12 16:09:55,2,2,0,这哥们在北京开健身房卷款跑路了，被阿里辞退了。现在连这种人都能进ZJU当老师了吗
