评论id,老师id,老师姓名,发表时间,点赞减去点踩数量,点赞量,点踩量,内容
154,1,毕惟红,2015-03-14 16:14:03,-28,18,46,废话有点多
323,1,毕惟红,2015-03-15 00:52:22,76,118,42,很负责，该讲的都讲得很清楚，不该讲的也讲了点，但很有意思嘛～
592,1,毕惟红,2019-02-17 03:41:25,35,70,35,个人感觉过于功利的教学。不过很负责，但是上课要提前到，还要拖堂。（可能是负责的一种表现）
728,1,毕惟红,2015-03-16 05:15:48,13,26,13,毕老师上课很用心很负责哒
981,1,毕惟红,2015-03-20 03:01:01,-13,14,27,感觉还一般吧，就相当于把书念了一遍，还不如自己看书来得快
1926,1,毕惟红,2015-03-26 08:47:46,-24,13,37,烂烂哒
2760,1,毕惟红,2015-05-07 02:15:12,8,15,7,语速特别快
3361,1,毕惟红,2015-06-05 11:52:27,29,37,8,霸气可爱的女老师
3619,1,毕惟红,2015-06-17 01:50:35,24,33,9,会提早上课 很负责的老师
4003,1,毕惟红,2015-06-17 13:12:58,4,7,3,还不错的，很负责的老师
4345,1,毕惟红,2015-06-19 08:03:03,6,11,5,挺好的\n\n
5674,1,毕惟红,2015-07-09 06:19:05,-5,15,20,负责，微1      .92.微2.   98   微三也是她
6583,1,毕惟红,2015-07-16 01:51:28,-20,8,28,可怕，动不动要扣平时分
7906,1,毕惟红,2015-09-30 00:29:22,-13,6,19,满堂灌的感受 … 虽然讲的还不错
8865,1,毕惟红,2015-09-29 05:58:16,-9,7,16,一般
9391,1,毕惟红,2015-10-26 03:26:38,10,17,7,萌萌哒老师
10901,1,毕惟红,2015-11-23 08:39:16,2,6,4,萌萌哒+女汉子
11799,1,毕惟红,2017-03-08 01:51:15,-68,14,82,垃圾老师，浙大还有这种自私的老师。
11921,1,毕惟红,2015-12-21 10:43:17,-7,5,12,哈哈哈
13703,1,毕惟红,2015-12-30 11:11:33,1,6,5,讲得很全面～\n\n
13966,1,毕惟红,2016-01-03 06:39:27,0,3,3,嘎嘎噶
14257,1,毕惟红,2016-01-06 01:36:16,28,35,7,每节课都提早上课晚下课
17800,1,毕惟红,2016-01-21 01:54:29,-3,6,9,老师人很好，讲得也很全面。
18925,1,毕惟红,2016-01-22 23:08:11,2,3,1,不在讲
19309,1,毕惟红,2016-01-24 00:49:50,11,15,4,讲的很好，很用心，只要自己努力，绩点不会底!
19333,1,毕惟红,2016-01-24 01:57:57,2,5,3,不开心。
19727,1,毕惟红,2016-01-25 07:30:21,9,13,4,老师很负责，很耐心的，去问问题都讲的很详细的，但是语速有点快。（虽然自己数学真的学不好……）
19844,1,毕惟红,2016-01-25 11:31:42,-1,6,7,呵呵你一脸
21504,1,毕惟红,2016-02-29 05:17:07,-1,4,5,太慢了\n\n
22502,1,毕惟红,2016-03-07 04:18:02,-9,8,17,垃圾老师！！！
22600,1,毕惟红,2016-03-08 11:42:25,0,3,3,语速很快 很用心
22611,1,毕惟红,2016-03-09 00:09:26,1,6,5,会拖堂，上课负责清楚，不过给分的确不好
22875,1,毕惟红,2016-03-14 03:31:28,-4,4,8,好老师？
23112,1,毕惟红,2016-03-18 02:56:25,-2,7,9,讲的特别详细！还特别耐心回答问题！个人感觉比陈锦辉不知道好了多少倍
23242,1,毕惟红,2016-03-23 01:21:06,-3,7,10,太烂了
23436,1,毕惟红,2016-03-30 01:00:51,2,10,8,拖堂大王 讲错又讲错
23452,1,毕惟红,2016-03-30 06:36:11,3,7,4,老师萌哒哒的.....\n\n
24101,1,毕惟红,2016-04-27 04:30:10,3,7,4,毕老师真的是挺好的老师，很认真，讲课也很清楚，认真听会发现有些题目类型其实都讲过了。虽然说今年考试好像套路不太一样。。。希望出分的时候还可以吧
24454,1,毕惟红,2016-04-30 14:23:05,-2,5,7,一天到晚拖课，根本不想听她讲
24463,1,毕惟红,2016-04-30 14:40:53,3,7,4,老师很认真负责，会压堂，有的时候老师自己的思路也会有一点点乱，但是真的很认真，只要你认真，给分也会很好，其实我觉得老师的实力是78分那样，但是凭她的态度，我必须给10分！
24498,1,毕惟红,2016-04-30 23:18:02,2,6,4,想睡觉
24643,1,毕惟红,2016-05-03 00:39:22,0,5,5,上课负责，早课会提前上课，讲解题目也清晰。
25138,1,毕惟红,2016-05-06 04:14:54,-3,2,5,懵逼。。
25186,1,毕惟红,2016-05-07 10:42:16,44,60,16,啊呀不好意思我又讲错了我再看看
25275,1,毕惟红,2016-05-09 07:20:29,1,5,4,还行 讲的还不错～挺认真负责的一个老师，挺照顾智商不够的同学的。 就是喜欢拖课和提前上课，有点受不了。
25304,1,毕惟红,2016-05-13 06:35:25,-2,3,5,很负责的老师
25322,1,毕惟红,2018-11-04 10:29:37,56,78,22,讲真，微一毕维红，微二童雯雯，也许在浙大前者远没有后者有名，但个人感觉前者真的很认真负责，课堂气氛也算是比较活泼的，老师萌萌哒，讲错更能激起我们的兴趣，后者呢，同样也很负责认真，但是冷段子真的受不了好吗，往届学长的梗真的不想听很多啊，而且课堂真的比较古板。。最后给分吧，，微一满了，微二4.8。。然而我感觉两套试卷做的水平差不多，所以，感觉毕老师至少应该和大家所公认很好的童老师一个水平，就酱。但是微三的李将云老师简直不要太好！！！
25360,1,毕惟红,2016-05-16 03:17:14,-1,6,7,不喜欢
25417,1,毕惟红,2016-05-18 01:51:31,1,7,6,"提早上课还能拖堂还讲得慢\n\n""上个老师拖得有点久""然后这节课拖了15分钟\n\n\n\n选课需谨慎"
25533,1,毕惟红,2016-05-24 23:57:21,1,12,11,没人会喜欢，早课，还提前10分钟上课的老师。上课概念乱讲，没讲清就开始做题。我给1分。
25731,1,毕惟红,2016-06-06 01:57:50,-1,4,5,不预习能听懂的，大神，膜拜
25813,1,毕惟红,2016-06-09 00:36:06,-1,3,4,不错的
26265,1,毕惟红,2016-06-16 12:38:04,4,7,3,个人感觉讲的不错，特别认真。不明白为什么评分那么低。
27376,1,毕惟红,2016-06-25 11:07:44,-6,1,7,幽默虽然有时候笑话挺冷 尽职虽然有时候会拖堂 \n\n
28303,1,毕惟红,2016-06-28 08:29:17,0,5,5,声音好可爱
28401,1,毕惟红,2016-06-28 08:50:12,3,6,3,负责，然而还是靠自学。
30331,1,毕惟红,2016-07-01 09:39:55,-2,3,5,好老师，超级负责！
31390,1,毕惟红,2016-07-04 00:01:16,0,3,3,认真，踏实，把每一个知识点都过一遍。真的很棒！
31391,1,毕惟红,2016-07-04 00:02:27,1,5,4,喜欢小红红，虽然我喜欢黑她，但是这个老师真的很好玩，跟小孩子一样嘻嘻
31458,1,毕惟红,2016-07-04 02:38:24,2,5,3,负责任，虽然拖堂，但是讲的挺适合考试的
31541,1,毕惟红,2016-07-04 05:51:59,0,3,3,有情在\n\n
32074,1,毕惟红,2016-07-05 14:28:34,1,7,6,上课很仔细，很多要点都很细心的讲，经常拿历年题举例子帮助我们理解，所以可能上课时间会比较长，会拖堂。我认为还是能够理解的
33387,1,毕惟红,2017-03-08 01:51:25,-20,7,27,小人之心。
34346,1,毕惟红,2016-10-06 02:45:51,0,9,9,拖堂，不解释，还是每次都手工推导公式，推导是挺好的，但是能不能在课前自己先推导几遍啊，不要总是在课堂上发现自己推导错误不停地弄来弄去。
34873,1,毕惟红,2016-10-26 00:56:28,11,18,7,那些吐槽老师的可能是对微积分这门课有意见吧？我觉得毕哥真的很好啊！讲稿都纯手写有几个人能做到！这么认真负责的老师居然就这么点分，不公平。听课不是听着乐的，要学到东西的。
34875,1,毕惟红,2016-10-26 01:49:51,2,5,3,楼下+1
35428,1,毕惟红,2016-11-10 07:15:33,3,5,2,很负责，对数学充满了热爱啊，虽然有时候会讲错，或者讲的很快，但是感觉还是很好的老师
36059,1,毕惟红,2017-01-19 06:15:01,9,12,3,讲的很多，而且冷不防来一句精辟的幽默，很好的老师，我没学好是自己不够认真。。。
36351,1,毕惟红,2016-11-12 06:40:11,-1,4,5,很不错的老师 非常负责任 你在她的课上认真听 复习预习结合 很有收获 讲题很清楚 语速比较快 所以不能走神 课下帮你答疑也很认真
38337,1,毕惟红,2017-03-07 13:41:45,19,25,6,说实话。讲的很好很细致。认真听的话，绝对不会比大家公认很好的将云差多少。
39231,1,毕惟红,2016-12-21 16:17:21,0,4,4,我坐前排也可能睡着\n\n下课不及时？\n\n拖堂+提早上课\n\n不过很负责的\n\n（虽然没啥听懂
40449,1,毕惟红,2017-01-03 11:22:55,-2,2,4,不错哦
43694,1,毕惟红,2017-01-16 23:41:07,2,7,5,老师真的很好呀，负责，仔细。会给你很多启发。虽然有时候会疏忽大意，但是这不就给学生一个发现问题的机会了吗？强烈推荐！收货颇丰！
44703,1,毕惟红,2017-01-18 06:34:32,-4,3,7,不知道为什么绩点这么低
44712,1,毕惟红,2017-01-18 06:41:10,1,6,5,唉，没怎么听懂过
44779,1,毕惟红,2017-01-18 08:40:10,0,4,4,很负责的老师 上课也不会无聊 会出错，但也很能启发思维。会注重平时成绩&你的进步幅度。我期末考证明的大题都太会，平时认真，绩点4.5。
44800,1,毕惟红,2017-01-18 09:15:53,0,4,4,老师上课挺有意思的，讲的非常详细，这也是为什么她语速快进度却不快的原因。另外，平时分给分也很厚道啊。
44815,1,毕惟红,2017-01-18 09:36:49,2,6,4,很负责 老师很好
45223,1,毕惟红,2017-01-19 07:36:24,-1,2,3,讲很细致，讲很多例题
46869,1,毕惟红,2017-01-22 14:53:39,11,14,3,老师非常负责啊，期末给分也很好，不知道为什么查老师评分那么低，上了课的都知道给10分妥妥的。
47294,1,毕惟红,2017-01-25 06:35:42,2,4,2,哈哈哈哈哈
49463,1,毕惟红,2017-04-14 09:58:24,24,32,8,老师上课讲得很快，但是仔细听还是可以哒。毕老师真的是三观很正的老师。可能她不会把同一绩点段的最低分拉成最高分，但是她绝对不会坑同学，客观而且萌萌哒的老师。我觉得她最好的地方就是把书上没有写出来的思路，讲给大家听，所以上课会有错误，但很真实，其实对自己做题也很有帮助。总之真的是个很好的老师，拜托不要黑她。
52563,1,毕惟红,2017-07-13 06:58:03,-1,4,5,超好，强推，微积分12全是毕老师的，虽然微积分2考得不是很好，但是老师是很好的，是我自己不够努力，比心老师，谢谢老师这一年的教诲。
54815,1,毕惟红,2017-06-30 09:04:14,1,3,2,老师人nice，上课也上得好，很负责任，认真听都能听懂
56615,1,毕惟红,2017-07-04 05:51:17,0,4,4,很认真的老师 讲课负责 讲题很细但有时候又觉得太细了
56694,1,毕惟红,2017-07-04 09:47:41,0,3,3,老师课上的很好，人也挺好的。对题目分析的也是很透彻，整体来讲真的挺不错的。因为自己的问题有一些无法释怀，不过现在仔细想想还是……对老师来讲还是无可厚非了。不论如何，还是要谢谢老师。
56695,1,毕惟红,2017-07-04 09:48:00,-1,2,3,浓浓师生情
56704,1,毕惟红,2017-07-04 10:22:05,-2,2,4,很好的老师，给分很好，很负责，课本讲的会很清楚
56715,1,毕惟红,2017-07-04 11:49:30,-6,6,12,微上c老师，绩点4.8，微下毕惟红，绩点3.6，不说什么了，已哭晕。
56937,1,毕惟红,2017-07-05 04:06:29,1,3,2,老师是真的很负责，但是有时候思路会乱掉，语速太快的时候也可能跟不上，个人感觉老师习题讲太多了，新课经常最后五分钟一带而过，到第二节课继续讲，个人不是很适应这种方法。但不管怎样还是感谢被老师一学期的辛苦付出啦～
56973,1,毕惟红,2017-07-05 05:16:28,2,4,2,毕老师真的是很负责的老师，不知道为什么选的人这么少，其实微积分这种课无论谁上都还是要靠自己，期末考好真的很重要。
57634,1,毕惟红,2017-07-11 09:12:46,-2,3,5,给分挺好的，微二满绩了
59760,1,毕惟红,2017-09-27 00:58:13,-1,2,3,充满理性气息的可爱女人
60875,1,毕惟红,2018-01-17 02:41:38,1,4,3,很喜欢老师的课
60970,1,毕惟红,2017-11-06 04:31:03,8,9,1,语速特别快，脑子慢一点就跟不上……绩点靠师生情低空飞过，哭
61520,1,毕惟红,2017-11-18 08:36:51,0,1,1,ojbk\n\n
63251,1,毕惟红,2017-11-29 12:48:07,4,5,1,好老师，感觉微积分能站在她前面的也就李将云了吧
65128,1,毕惟红,2017-12-29 04:53:06,0,2,2,当时的汇编语言就是毕老师教的，算是进入程序员行业的启蒙老师吧。
66808,1,毕惟红,2018-01-19 06:46:06,1,2,1,老师超负责的
69674,1,毕惟红,2018-01-25 07:47:16,1,4,3,超棒的好吗？我刚溜号回来就是一个重要知识点，简直不要太了解我2333开个玩笑～别的不说，每次问问题都会很耐心的解法，很棒的老师，我给满分了
69715,1,毕惟红,2018-01-25 09:08:29,3,5,2,毕老师很负责很勤奋，也很体谅学生。教学比较实际，我觉得这挺好的。但上老师的新课前一定要预习！不然会很懵。老师很体贴学生。是值得选的好老师。
70582,1,毕惟红,2018-01-27 08:56:23,2,3,1,下学期再见~
70594,1,毕惟红,2018-01-27 09:08:41,4,8,4,浓浓的师生情\n\n老师真的像个小孩子，很童真又很风趣。特别负责任，会提早上课。衣品真的很好！！！
70787,1,毕惟红,2018-01-27 13:50:39,5,10,5,这么好的老师为什么不10分？唯一一个不用预习也能听课的老师（前面80%时间将试题可以让你课上预习1-2节）讲的是绝对细致会把所有过程写一遍。给分极好，期末75（太难了）绩点4.2。就问你选不选吧
71156,1,毕惟红,2018-01-28 05:07:26,-1,2,3,很好的老师，我觉得很适合我这种数学不太好的同学，老师会讲的很详细，也会讲作业题，真的太好了，最后绩点也十分感动
72661,1,毕惟红,2018-01-30 16:14:34,-2,3,5,水了一学期的数学渣渣文科生竟然上三！感谢老师，浓浓师生情
72736,1,毕惟红,2018-01-31 04:00:49,1,4,3,浓浓的师生情 感恩
72820,1,毕惟红,2018-01-31 06:31:29,0,3,3,很好，老师题目讲的很细腻，但是自我感觉在习题上面讲太多时间不适合我。但是老师一直为学生着想，最后因为期末考太难了平时分还给满了。微积分这种课主要在自己刷题，老师只是引路人，超出预期，4.5
73578,1,毕惟红,2018-02-02 04:11:26,0,1,1,给分很好\n\n主要看考试成绩
74548,1,毕惟红,2018-03-03 10:52:37,-10,4,14,非常好！！老师讲课简单易明，绩点给得高，作业极少，基本没有上过课的我绩点都拿了5.0，轻轻松松，选她没有错，强烈推荐。
74946,1,毕惟红,2018-03-06 23:59:18,-1,2,3,很好了
75450,1,毕惟红,2018-03-12 03:26:04,-1,3,4,slow learner的不二只选
76587,1,毕惟红,2018-04-16 02:38:49,2,4,2,会讲很多的习题 很为学生着想 很棒的老师 10分
81405,1,毕惟红,2018-07-05 16:04:12,0,3,3,。。。
82799,1,毕惟红,2018-07-09 06:57:58,5,8,3,虽然老师上课喜欢提早上 下课喜欢晚下课 但是老师真的很负责！上课都是手稿 自己没有学好 拿了3.6 对不起老师了！
82812,1,毕惟红,2018-07-09 07:18:45,4,11,7,推荐那些学的慢的人选，老师每节课都会复习之前的知识所以学的很扎实。教室也是大教室，用手写稿投屏，完全不用担心位置，坐后排也看得清。老师也很负责~上学期是李将云老师，然鹅我似乎更适合会复习的毕惟红老师。老师很认真很负责~
82994,1,毕惟红,2018-07-09 12:25:23,1,2,1,老师人很好。嘻嘻，超有活力！
85458,1,毕惟红,2018-07-18 05:15:21,-2,0,2,给分不错呀
86459,1,毕惟红,2018-09-16 12:22:16,3,3,0,好老师好老师好老师
86615,1,毕惟红,2018-09-17 12:49:57,2,2,0,还行吧。
86799,1,毕惟红,2018-09-19 01:18:21,0,2,2,声音好听，也讲的好
87264,1,毕惟红,2018-09-26 07:33:55,12,15,3,笑死我了，宛如一个很唠叨的女性长辈。因为话太多经常出现魔幻语句。很快乐的课堂体验。
87864,1,毕惟红,2018-10-16 06:09:19,0,7,7,我实在不喜欢没有PPT，上课拿着自己的白纸现场写然后一边投影的上课方式，我根本看不到上一个步骤好吧！
88646,1,毕惟红,2018-11-05 03:26:14,3,6,3,我好怀念毕老师！！！！浙大没几个老师那么那么负责的
88651,1,毕惟红,2018-11-05 03:42:30,33,43,10,艹，我真的爱上毕惟红了，可惜她是一个初中孩子的妈！
90157,1,毕惟红,2018-11-22 08:57:49,6,11,5,毕老师讲课确实认真负责但是详略不得当！简单的反复重复，难题讲的不细。基础不太好，课后一直预习复习，有时候听课还是很不舒服，讲的不深入彻底。每次迫切想知道的都留下课后思考5555555
90785,1,毕惟红,2018-11-26 04:44:38,9,14,5,用词清奇:晚节不保hhh
92108,1,毕惟红,2018-12-26 12:03:08,2,3,1,非常好
94416,1,毕惟红,2019-01-16 10:56:55,1,4,3,！！！此人！！！恐怖如斯！！！
95708,1,毕惟红,2019-01-20 02:24:01,1,2,1,！！！刺激
98507,1,毕惟红,2019-01-23 13:56:13,5,6,1,说实话毕老师把数学讲的很全，也讲了部分差不多不考的内容，因此可能迫于提高成绩的同学会感觉抓不住重点之类的，也会觉得课时很拖沓。老师本身还是非常认真，人也很可爱，各方面讲的也很细致，想要更加全面的学习微积分的同学可以选。老师也给分不错，平时分都给满了！
98521,1,毕惟红,2019-01-23 14:13:25,4,6,2,老师真的是超级好的老师，上课很认真，然而数学这个东西，有些人就是很努力也很难学的很好。谢谢老师不杀之恩。
98525,1,毕惟红,2019-01-23 14:24:33,0,2,2,老师人好、负责，提前上课加拖堂，上课讲的很基础倒是好像不怎么深（上课很容易听不下去的因为无聊（我就是）基本自己学然后成绩挺差）老师人好 是我菜
98528,1,毕惟红,2019-01-23 15:02:48,6,6,0,好！！！
98550,1,毕惟红,2019-01-23 14:45:13,2,2,0,毕老师讲的很仔细 备课非常认真 但是我不知道为啥上微积分就是想睡觉 有时候老师会猝不及防来一段幽默
98596,1,毕惟红,2019-01-23 15:30:07,-1,1,2,超级好的老师！！！
98641,1,毕惟红,2019-01-23 16:26:08,3,3,0,好好好
98711,1,毕惟红,2019-01-24 00:10:24,4,8,4,听课越来越绝望是什么体验？
99464,1,毕惟红,2019-01-25 00:18:54,2,2,0,感觉老师讲的挺好的。但是自己真心不太习惯在投影仪上写字讲课，而且对我来说讲课节奏有点快。不过给分超好！
99515,1,毕惟红,2019-01-25 01:53:18,1,2,1,老师萌萌哒。上课很有意思，知识点覆盖全面，自己准备手写讲稿，并且讲题时全程手写演示。很认真负啊！
102825,1,毕惟红,2019-02-23 15:43:24,1,7,6,不用预习就能听的很明白的老师
103100,1,毕惟红,2019-02-26 03:16:34,6,16,10,16级的再次过来评一下，记得当时选她的时候，评分只有6.几，当时还犹豫要不要换，如今一看已然快9分了，我想说的是毕老师潜力特别大，一直在进步，选她准没错的！！！毕老师就是宝藏女孩本宝！！！预测如果十年后她还教微积分，绝比可以达到李将云和陈锦辉的水平，话就撂这了！
103105,1,毕惟红,2019-02-26 03:33:49,0,1,1,很棒的老师
103408,1,毕惟红,2019-02-28 02:56:20,3,4,1,老师真的很认真，我是重修的，虽然也没学太好，但是老师真的为大家着想，还会关注助教讲习题课的情况，总之很好了。而且老师也很萌，超喜欢了！！
103547,1,毕惟红,2019-03-01 03:16:19,2,8,6,期中考试28分期末考试77分，最后总评成绩78分，真的(//∇//)不要太好，期中考试考的不好，老师就把期中考试的比例降低，拯救了我的微积分。
104064,1,毕惟红,2019-03-11 08:08:04,5,6,1,很负责，会很耐心解答同学QQ提问
104065,1,毕惟红,2019-03-11 08:51:28,14,17,3,希望老师能控制讲课的节奏...最后一节课真的没听懂讲什么
105556,1,毕惟红,2019-04-16 15:27:01,2,3,1,课后答疑超级负责！
106941,1,毕惟红,2019-04-30 10:28:09,-1,2,3,10分了
106992,1,毕惟红,2019-04-30 14:51:35,-3,0,3,为什么有两个毕惟红
108284,1,毕惟红,2019-05-20 03:58:30,7,12,5,认真负责的老师  但是讲课水平么 就一般叭
108491,1,毕惟红,2019-05-27 02:28:54,1,9,8,每次听到她的声音就觉得无比心烦……\n\n……\n\n……
109492,1,毕惟红,2019-06-16 02:27:25,0,3,3,认真负责，讲课还不错。就是某位同学戏份太多，抢答声音有点响就算了。还自言自语。上课体验变差了\n\n\n\n
109529,1,毕惟红,2019-06-16 14:23:50,4,4,0,老师人真的不错。但就像大家说的一样，经常会出现讲错的情况。。可能每个人都不一样吧，我不是很喜欢这种备课不足的感觉。每次我注意力最集中的几段时间都被浪费掉了，最后还是mooc救我。但老师人真的很好
110301,1,毕惟红,2019-07-02 13:51:59,1,10,9,明明说小测重在参与，然后扣了一分？结果刚好卡? ？佛了
110550,1,毕惟红,2019-07-04 23:43:26,0,4,4,老师人很好没错的 但是给我扣了1分平时分卡在88 难受 我是真的很想要这1分来稍微拉拉我的C啊
111675,1,毕惟红,2019-07-02 13:22:33,-5,4,9,平时分给满了!感谢老师
111679,1,毕惟红,2019-07-02 13:40:35,4,9,5,.....从未旷过一节课，小测也做了，当时不就是说重在参与吗？我确实水平有限，做不到满分，但是又怎么能排除其他人小测的满分不是合作出来的呢？不点名我真的很无语，对于每次都来上课的同学真的很不公平。可能最后，次次到课的人还没常旷课慕课小测满分的人高? ，没错，到课那里扣了3.5分，我很不爽。平时作业次次都交，扣了2分? 我真的...\n\n这个老师上课还行，但是语速很快，也经常讲错，尝尝当堂课讲不清楚，下堂课来复习补充。算了，就这样吧，反正大一绩点是炸了。我承认我菜，但老师真的一点情面都不给，莫名其妙。期中也都比别的班改的严很多，但最后录入时却不加上分。(卢老师班会加)\n\n建议就是，能选上卢兴江老师的就选卢老师，因为卢老师是真的好，上课好，给分好，真的是很关心体谅学生。
111680,1,毕惟红,2019-07-02 13:42:29,7,9,2,不想多说什么，听听别的老师的吧
111694,1,毕惟红,2019-07-02 14:28:38,9,11,2,我真的不明白考试改严的意义在哪里......
111837,1,毕惟红,2019-07-03 00:45:50,2,4,2,微甲两学期都是毕老师，给老师打十分。但是平时分不给满我真的很难受，像是李将云班级去了就给满而且题很简单，慕课小测真的做了好久，明明很认真，还被平时分扣分。反正我是被卡? 了，五学分啊啊啊啊。
111857,1,毕惟红,2019-07-03 01:26:01,6,7,1,我这个学期从开学第四周后悔到期末考出分的一件事情就是没有利用转专业选课把我的微积分老师改成和上学期一样的卢兴江。毕老师上课基本上没有不拖堂的时候，反正就是下一节课基本坐很后面。上课真的认真听了也听不懂，大概是我水平有限吧，最后还卡绩了，真的很难受
111859,1,毕惟红,2019-07-03 01:26:28,3,10,7,说好的小测重在参与呢？\n\n就扣分了？\n\n平时分每次都交作业小测都做平时分还扣这么多？还不如旷课半学期的人？\n\n5学分大家还是慎重选择老师吧\n\n实名劝退毕惟红
111924,1,毕惟红,2019-07-03 02:58:07,2,5,3,老师讲得不错，课我也都听了，作业也都交了。从没旷过课缺过作业。但是到课和作业给我扣了1分。慕课小测也是真的不如线下容易，题很多而且难度也要更大一点。这次题目也不太好写。但是卡绩在2.7真的很难受，低分卡绩比高分卡绩更难受，特别是扣了到课和作业这种我都好好完成的部分。真tm
111996,1,毕惟红,2019-07-03 06:12:08,-2,5,7,微一陈明飞4.8，微二毕老师3.3。期末考完自我感觉保80冲90，结果68，我寻思就算是结果全算错了过程分也不至于这么点吧，平时分也不给满
112048,1,毕惟红,2019-07-03 09:44:31,3,6,3,改试卷不是各改各班哦，还希望一些嫌自己卷面分低的人不要怪毕老师哦
112078,1,毕惟红,2019-07-03 12:16:08,1,2,1,毕老师是一位做事非常认真的女士，上课真的很投入，就是有时一走神就讲过去了。。对我们也很负责，我感觉自己考低了让老师帮忙查卷，老师很负责的帮我查了，还详细告诉我错在哪，真是好老师，嗯，助教也是严肃的类型，但就没毕老师这么亲切了。
113347,1,毕惟红,2019-07-06 09:12:17,5,7,2,老师是好老师，上课也很激动，平时作业也还好，不算多，但是平时分不会给满，之前说慕课小测重在参与但是做的不好还是扣了，感觉老师很用心，早课也会提前到，但是微积分下册本身课程难度就比较大，如果想要有比较好的成绩的话练习是需要的，所以我推荐陈军杰老师，超级好的老师，会手写题目，给复习资料，很认真很负责，不过毕老师也是一位很好的老师，可能不太适合我吧~
113464,1,毕惟红,2019-07-06 17:39:42,-1,3,4,不知该怎么说，可能也是我不够认真叭，没怎么刷题但确实有好好看书，课后习题都认真做了一遍，然而3.6，怎么说呢，老师是好老师，也很认真负责，可能我是真的菜
114195,1,毕惟红,2019-07-09 04:00:18,3,22,19,靠着矿爷的慕课自学了半年。。上课丝毫没有条理，新课讲得贼快，然后开始讲题目，下次上课再回过头去讲知识点，反正我不懂这是什么套路。。三节微积分课，两节多在复习前面的知识和讲题目，题目讲得虽多但质量不高，可以看出没有用心备课，因为老是讲错，还美其名曰自己的思路，简直是浪费同学们的课堂时间。。每节课必拖堂，拖堂讲的东西真的没意义，下次课还要重复讲一遍。。哦对，没有缺课，平时作业也都全对，小测也认真做了，小测扣了一分，完美卡? ，也不知道说啥了。。说好小测做了就给满的呢？总之，是很垃圾的微积分课！！！
115393,1,毕惟红,2019-07-21 01:36:20,2,4,2,体验极佳，给分很爽
116964,1,毕惟红,2019-09-18 01:05:05,-1,6,7,对新生极不友好，不建议选，学姐亲身排雷，果然查老师的评论还是正确的…\n\n
117293,1,毕惟红,2019-09-22 13:02:23,9,13,4,毕老师人很热情，教学也很专注，但我还是强烈建议大家不要抱她的微积分课。第一轮选课时我也看了查老师的评论，对一些话不以为然——提前上课与脱堂不是能学到更多?然而事实是你近三个小时的课都学不到什么。慕课的二倍速都能大致听懂的我完全不知道她在上什么。她的思维很活跃，所以就缺少一定的条理，难以被刚接触的学生听懂。我想毕老师更适合做一个研究生或博士生导师，而不是一个大一新手的微积分老师。如果有同学选中了她的课，却你还是退掉吧，不要对自己过于自信。但冲毕老师的温柔美丽和善良，10分还是要给的。
120706,1,毕惟红,2020-01-15 14:48:13,5,6,1,非常非常负责的老师。怕我们平时分不行，把mooc成绩导出来让我们校对，提醒我们要刷讨论分，助教xgg也很好。上课可可爱爱，用词清奇（晚节不保笑死我了）。\n\n我确实上课听不懂。节奏很快，一脸懵。这节课大概过一遍就讲题然后下一次课再回头细讲概念真的顶不住。努力听课跟上节奏总是失败。虽然我也没预习也确实挺菜。但是另一个原本水平跟我相近的同学在另一个老师的课上不预习完全没问题我就不太平衡了。上课会讲很多很多题，情绪热情激动，我挺喜欢的，但是如果我能都听得懂消化掉那就更好了。我每节课都是听完自己回来仔细看书重学的。会要求早八提早10min到教室讲题，其实是自愿去不去，对于我这种想多听点东西的我心甘情愿早去。期中考没及格我就很没信心，期末考原本担心挂科但是最后竟然还上3了... 感谢老师
120742,1,毕惟红,2020-01-16 07:49:06,1,2,1,真是一位非常负责认真的老师，给分很贴心。虽然我是留学生，但上她的课我没挂科啊学到了很多东西。爱您了老师
122368,1,毕惟红,2020-02-25 15:51:48,0,3,3,毕老师很认真负责，但上课水平真的一般，思维跳跃，比较混乱，缺乏章法，对人的启发性不太够，对文科生也不友好，尤其不建议文科生选。
123450,1,毕惟红,2020-06-09 03:50:16,7,8,1,非常务实，同学迟到了之后也让同学悄无声息的走进来，不会责难，讲课非常生动，自己会手写推导过程和同学们一起推导，加深同学们对知识点的理解，非常棒，而且讲课很可爱
125733,1,毕惟红,2020-09-13 23:56:01,2,4,2,非常负责任的老师，会比较唠叨，水平可能不如lxj，但真的很关心学生，如果平常认真学了，绩点不会低
126250,1,毕惟红,2020-09-21 02:19:26,1,4,3,毕老师上课从来不点名 大概是加分点\n\n但是 讲课离麦克风真的远啊 语速还很快\n\n如果抢不到座位坐在了后排 基本没机会听清 不一会儿就昏昏欲睡了
126476,1,毕惟红,2020-09-28 03:30:45,3,5,2,太快了不友好
126749,1,毕惟红,2020-10-18 09:15:20,4,6,2,个人感觉老师讲课的逻辑稍微有一点点不清，但是只要课前稍微看一点书是完全不影响听课效果的，而且老师非常负责，有些时候还会讲讲她研究的领域，很涨知识。
126806,1,毕惟红,2020-10-21 01:24:31,0,2,2,上课很有激情，一点也不困
127021,1,毕惟红,2020-11-03 02:54:34,2,6,4,讲课太快了，还喜欢拖堂
127261,1,毕惟红,2020-11-18 07:10:00,4,5,1,话不多说，非常好的老师
128513,1,毕惟红,2020-12-24 11:14:24,47,54,7,特别认真负责，美丽大方，虽然经常出错，但是那又怎样，可以看出水平很高。毕老师说看了评论她有些伤心，兄弟们顶我上去让毕老师知道她很棒了，毕竟毕老师感觉还是个小姐姐一样很虚心没架子。
128992,1,毕惟红,2021-01-04 04:15:27,-2,2,4,又拖堂
129619,1,毕惟红,2021-01-09 04:11:20,2,4,2,老师作业真的超多，还拖堂
130474,1,毕惟红,2021-01-22 16:47:58,3,4,1,毕老师很亲切，讲得也很不错，很细致，经常讲定理从头推到尾，但有时候确实有点重点不够突出。\n\n总而言之，好老师！\n\n最后，老师 菜菜 捞捞 呜呜！！
130492,1,毕惟红,2021-01-23 03:37:45,0,1,1,老师很好啊！很负责的！
130493,1,毕惟红,2021-01-23 03:40:15,-4,4,8,老师我给你满分但我不求满绩，但求不要卡4.5的绩，4.8就行了，求求老师了啊啊啊啊
130811,1,毕惟红,2021-01-24 16:23:57,5,6,1,虽然毕老师上课拖堂，经常算错，作业巨多但是我依然爱她55555可能是因为她给我一种妈妈的感觉哈哈哈哈
131244,1,毕惟红,2021-01-26 20:03:26,3,5,2,下学期还是毕老师，加油
131376,1,毕惟红,2021-01-27 08:56:42,-16,6,22,94卡的心情不好。。
131582,1,毕惟红,2021-01-28 05:32:11,-1,1,2,作业很多吗[让我看看]
131703,1,毕惟红,2021-01-28 13:26:29,4,5,1,毕老师太好了呜呜呜，平时分给满了。说卡绩的同学有仔细看过自己的过程分数吗？我一开始也以为自己被卡了，结果发现平时分已经满了，卡绩纯属考试分数不够。
131939,1,毕惟红,2021-01-29 11:16:36,1,2,1,老师人很好，平时分给满的，但我个人不太喜欢她的上课方式，但也有可能是我自己的原因，有些人也喜欢的
132137,1,毕惟红,2021-01-30 12:53:41,-3,5,8,老师人很好。但是要单论教学质量的话......上课我觉得有用的三节课里有半小时，这节课讲上节课的东西，然后课上把回家作业大部分讲一遍......另外经常讲错。自学水平不错的话可以一试。
132756,1,毕惟红,2021-02-03 12:40:12,1,2,1,感觉老师讲的很好啊，可能不同人感受不一样吧
133443,1,毕惟红,2021-02-28 23:58:44,5,5,0,老师人很好
133456,1,毕惟红,2021-03-01 02:44:42,3,7,4,虽然没什么大问题但是不太推荐说实话。
138057,1,毕惟红,2021-07-07 08:14:45,2,3,1,海底捞太强了呜呜呜呜
138136,1,毕惟红,2021-07-07 12:58:18,0,1,1,点名四次我两次没去，怪自己，毕姐姐yyds
138598,1,毕惟红,2021-07-10 02:51:46,2,3,1,强推！
140647,1,毕惟红,2021-09-14 16:47:31,-3,0,3,哎哎哎
141294,1,毕惟红,2021-10-05 03:16:27,4,5,1,只能说确实很负责早到迟退，但是讲的真的很快而且很不清晰，讲课的逻辑性不强，建议慕课同步学习苏德矿
142171,1,毕惟红,2021-11-08 06:38:08,1,3,2,老师真的很好，资料准备充分，干货十分足，微积分有救了
142172,1,毕惟红,2021-11-08 06:37:58,3,3,0,老师真的很好，资料准备充分，干货十分足，微积分有救了
144095,1,毕惟红,2021-12-17 12:13:35,3,4,1,老师真的很好！！！上课用心负责，还会卖萌。有时会算错，但都会用心改正。强烈推荐！
144353,1,毕惟红,2021-12-21 06:54:35,2,3,1,老师挺有意思的，只是喜欢拖堂。助教哥哥超级棒！！！
145024,1,毕惟红,2021-12-26 15:06:41,1,3,2,老师很细心负责，保姆级教学，就是有时候有点拖，思路有点跳，甚至讲了用行列式推导拉格朗日，讲的思考题很好，上课很活泼。
145037,1,毕惟红,2021-12-27 03:27:53,6,6,0,真的是好老师，认真负责又有点可爱。会有拖堂，但是还好，而且资料很全。强推！\n\n为什么微甲‖的预置不是毕老师啊？
145994,1,毕惟红,2022-01-05 02:39:45,5,6,1,期末考完了，给毕老师10分，老师这么好，对吧、没什么别的意思
146000,1,毕惟红,2022-01-05 03:08:19,2,3,1,毕老师很认真，也很勤奋，教学相长，大家要多和老师沟通啊
146001,1,毕惟红,2022-01-05 03:10:42,1,2,1,老师教的真的很好！很负责！
147151,1,毕惟红,2022-01-09 01:55:19,6,6,0,老师人很好很幽默，会体贴外地考进来的学生，课堂气氛十分轻松，是一个很可爱的老师。老师很负责任，会在每次上完课以后抽出时间替同学整理课堂笔记，如果课时不够，内容没讲完，会在课后为同学录教学的视频，虽然整理的笔记有的时候会有一点错误，但她是个宝藏老师，选她选她！
147206,1,毕惟红,2022-01-09 05:42:39,4,5,1,我永远喜欢毕惟红啊啊啊，备课超级细致，问问题也很亲切，还有就是太能捞了qwq
147210,1,毕惟红,2022-01-12 07:09:43,3,4,1,上的微甲一，谢谢老师的满绩。老师上课会讲挺多题目的，会介绍一些方法，虽然有时候会讲错，不过总体还是可以的。
147214,1,毕惟红,2022-01-09 05:57:18,3,3,0,上了一个长学期的课，毕老师真的讲的很充分，最后绩点也不错，大家别被均绩骗了，感觉我是被捞了捞
147238,1,毕惟红,2022-01-09 08:03:35,2,3,1,老师很可爱!讲课很有激情!超级用心，每节课都会给我们整理笔记❤️ ❤️ ❤️
147270,1,毕惟红,2022-01-09 10:41:27,2,2,0,思维有点跳跃，有点基础的同学学起来很快，如果是和我一样的菜鸟就要靠慕课，但是老师人真得很好，笔记也很棒
147279,1,毕惟红,2022-01-09 11:10:34,-1,1,2,点名很少(但会点)，考试有的题型她都能讲到，除了平常作业我什么课外练习都没做，考试不复习，最后绩点4.8，还是强的。
147429,1,毕惟红,2022-01-10 03:24:51,0,1,1,海底捞！！！
147463,1,毕惟红,2022-01-10 05:02:47,4,4,0,挺可爱的老师，很喜欢拖课hhh\n\n会很认真地准备课件，下课之后会整理一遍再把课件上传。喜欢拖课是因为上课补充了非常多的例题，这点一定要吹爆！期末考前讲了很多往年题，帮助很大！\n\n刚开学的时候感觉跟不太上，养成预习的习惯之后就轻轻松松了。\n\n9分。感觉毕老师不是那种我一眼就爱上的老师，说不出来为什么，但她认真上课的态度真的很令人感动。\n\n最后，谢谢毕老师给的满绩。谢谢！
147488,1,毕惟红,2022-01-10 05:25:40,7,8,1,我想客观的说一下，老师讲的有点不成体系，讲得太快了导致会有点跟不上，我反正最后全是自学的。。。
147866,1,毕惟红,2022-01-11 04:36:01,4,6,2,首先毕老师人很亲切，上课气氛很活跃！然后也很有耐心，问问题一定会回答你，就算有时思维堵塞也会回家之后想清楚之后解答。老师是个很时尚的人，衣品不错hhh，然后上课用ipad，很多手写内容。然后老师是真的很敬业，每节课后都会整理笔记和重点给我们，有时上课进度有点慢或者讲到难点时会回家录制视屏让我们看，然后会有一丢丢的拖堂（可以接受范围内）。但是由于我大一可能还不适应老师节奏所以觉得老师讲课的顺序有点混乱hhh，给分也还不错值得选！！
148081,1,毕惟红,2022-01-11 12:49:57,2,3,1,海底捞！！
151013,1,毕惟红,2022-02-22 02:54:31,0,1,1,海底捞！
151371,1,毕惟红,2022-03-01 13:28:49,1,2,1,非常好的老师
152127,1,毕惟红,2022-03-28 03:50:58,2,8,6,个人真的不是很喜欢这种讲课方式，用ipad笔记软件？？总是翻来翻去让人感觉眼花缭乱\n\n思路也不是很清晰，经常出现笔误略有无语\n\n以上都是来自于和tww的对比，个人觉得童姥姥的讲课方式更对我胃口吧，思路清晰得多，例题也更多
153087,1,毕惟红,2022-04-25 06:18:10,-2,1,3,很好！真的
156446,1,毕惟红,2022-06-19 17:46:08,-4,0,4,必须好评！很认真很认真的老师！十分推荐！
157429,1,毕惟红,2022-06-23 08:03:19,-2,1,3,老师可能平时作业会布置比较多，但是都是很契合讲课风格和速度的。老师和同学有眼神很多交流，想要有好的听课效果上课一定要往前坐。最后感谢老师总评帮我一把
157452,1,毕惟红,2022-06-23 09:19:31,0,2,2,老师挺好的 还是微积分太难了 总评84应该是没有帮
157519,1,毕惟红,2022-06-23 14:39:25,1,1,0,毕老师的特点会补充很多考试之外的内容，而且每节课都会上传笔记
157551,1,毕惟红,2022-06-23 16:53:26,-2,1,3,认真负责，讲的很细致，给分也不错
157927,1,毕惟红,2022-06-25 15:28:26,-1,2,3,感谢毕老师拯救了我的微甲Ⅱ。老师为人很亲切，教学热情充足，细致入微。上课课件用Ipad手工编制，条理清晰，补充很多例题难题，但是都能够跟着学会。完完整整跟着学成绩会很不错！
157987,1,毕惟红,2022-06-26 03:09:44,3,4,1,老师超级负责，上课会补充很多，有一点偏数分，很关心学生，不过有时候会显得有点严厉hhhhh，给分的话应给尽给，会尽可能捞\n\n课后会上传笔记，个人觉得挺有用\n\n有的时候会拖堂，不过没之前的评论讲得那么夸张，一般只拖一两分钟\n\n顺便表白助教xgg，人超级好而且超级帅\n\n总而言之，体验感很好，绩点也比上学期好看很多
158716,1,毕惟红,2022-07-01 14:19:45,0,2,2,人美心善，浓浓师生情
161021,1,毕惟红,2022-10-24 04:17:39,-6,8,14,差评。
161114,1,毕惟红,2022-10-27 12:18:53,5,14,9,上课内容真的听不懂啊，只会赶进度赶进度，讲慢一点讲透彻一点不好吗，讲的题目有跳跃性，简单的概念性的东西没讲懂就讲很难的了，对程度中等的学生个人感觉很不友好，上课经常会讲错，还有跟课程无关的话…
161162,1,毕惟红,2022-10-30 07:20:38,5,6,1,老师的微积分甲真的很不错，知识点很仔细，也会讲很多的题目，非常认真负责。
161352,1,毕惟红,2022-11-04 12:27:22,5,7,2,讲课很细致的老师噢
162470,1,毕惟红,2022-11-28 03:43:41,14,19,5,不是优等生快跑！！讲的飞快，三节课越到后面越快。虽然老师人好，但是真滴快。全靠慕课
163274,1,毕惟红,2022-12-12 02:25:47,13,16,3,我下面那条评论非常对！毕老师真的不适合底子没那么好的同学。但是老师人真的很好，上课水平也高。
163364,1,毕惟红,2022-12-14 01:38:03,-6,8,14,生怕你听懂
163431,1,毕惟红,2022-12-14 09:27:56,3,5,2,老师教太好了，很负责，每节课后还有笔记，方便复习。
163766,1,毕惟红,2022-12-16 05:35:19,1,5,4,老师超级超级好 很负责任 讲课也很清楚 真的语重心长
164351,1,毕惟红,2022-12-20 11:04:30,4,5,1,老师人还是蛮好的
164633,1,毕惟红,2022-12-22 10:19:01,7,11,4,最下面那个骂浙大还有这种自私的老师的，不知道为什么浙大还混着你这种人，毕老师上课如此负责，你是白瞎了眼吗
168396,1,毕惟红,2023-02-15 11:21:29,4,5,1,很负责很温柔的老师，考试前专门录了六个小时左右的复习视频，给的复习资料很详细，助教哥哥也很好！
168452,1,毕惟红,2023-02-17 03:32:10,0,2,2,有毕老师的联系方式吗，机器学习方面的都用什么样的硬件配置，希望可以联系到做机器学习、深度学习的老师、朋友们A17316391579是WEI号
168631,1,毕惟红,2023-02-20 12:14:47,8,9,1,毕老师捞捞我，上香了
168855,1,毕惟红,2023-02-23 03:52:12,0,4,4,老师十分了捞捞我呜呜呜
168880,1,毕惟红,2023-02-23 08:30:32,-4,4,8,老师助教都不错\n\n就是完全没有捞
168884,1,毕惟红,2023-02-23 08:37:23,4,6,2,绝对的好老师
168886,1,毕惟红,2023-02-23 08:41:05,4,7,3,必须十分，血捞了
168889,1,毕惟红,2023-02-23 08:49:12,3,6,3,毕老师真的很负责任了，作为一个大学老师像中学老师那样关心学生的成绩，期末前不停地给我们开教学规划之外的复习课，期末也捞了，必须10分
168897,1,毕惟红,2023-02-23 09:19:36,-5,5,10,不捞人
168901,1,毕惟红,2023-02-23 10:10:32,2,6,4,浓浓师生情，上课很耐心，例题也很丰富。寒假里网课以外还会额外给同学们上习题课补充重点。期末还血捞我。呜呜呜呜，十分好老师不多说
168912,1,毕惟红,2023-02-23 11:18:03,4,6,2,十分，必须十分！寒假里还抽出时间给我们补课的负责老师 不仅教得好还十分关心学生 好老师！
168938,1,毕惟红,2023-02-23 14:35:38,-3,4,7,感觉不太捞啊，期中100最后只拿了3.9，可能是期末考太烂了吧\n\n不过老师很认真，寒假里还帮我们额外上复习课
168998,1,毕惟红,2023-02-24 03:06:21,3,6,3,讲得很不错
169054,1,毕惟红,2023-02-24 06:47:36,2,5,3,很不错
169256,1,毕惟红,2023-02-25 05:30:26,23,26,3,艹，我真的爱上毕惟红了，可惜他是一个高中孩子的妈！
169359,1,毕惟红,2023-02-25 14:44:02,4,6,2,老师很好，讲的挺好，整理的资料也很好，而且寒假居然还有复习课（nice）助教也很好虽然我没怎么和助教交流过
169923,1,毕惟红,2023-02-28 11:50:47,1,4,3,老师超级超级棒
170151,1,毕惟红,2023-03-01 14:43:31,2,5,3,老师教的很好，像高中老师一样细致，可惜微甲下因为时间冲突没选上老师的课！
170368,1,毕惟红,2023-03-03 07:46:23,1,4,3,认真负责血捞好老师
172003,1,毕惟红,2023-04-21 00:45:30,0,3,3,老师真的温柔
172968,1,毕惟红,2023-06-19 08:15:32,8,11,3,妈！！
173751,1,毕惟红,2023-06-02 08:34:35,3,6,3,好老师，必选。
175528,1,毕惟红,2023-06-25 10:56:58,6,9,3,求你了 妈妈 别让我挂科 我会死 我真的 我一想到微积分我就想跳楼，，，
176628,1,毕惟红,2023-06-29 12:56:56,3,5,2,大一两个学期上的都是毕老师的课，来谈谈感想。平心而论，毕老师是个负责的好老师，无论是带病上网课、录制复习课还是每节课后整理复习资料（非常有用），都体现了她对学生的关心，在这次期末这么难的情况下也尽力捞了，我微一5.0，微二4.2，个人感觉微二比微一难不少，一定要跟紧老师，再不会的可以去b站搜苏德矿网课，不然期末补天太太太痛苦了。。
176768,1,毕惟红,2023-06-30 05:00:04,1,3,2,讲课很好，非常清楚明白（虽说讲课速度可能比其他老师快一些），也会带你做一些例题并使用很多种方法。\n\n给分很好，只要做好慕课平时分是给足的。\n\n这么好的老师还不快选？！
177706,1,毕惟红,2023-07-04 11:23:31,-2,3,5,老师讲课是很认真负责的 对学生的学习都很上心\n\n但是感觉有时候会讲跑偏\n\n这次的成绩不理想我想很大一部分是因为期末考试的题难到我了呜呜呜呜呜呜呜\n\n老师还是很好的
179070,1,毕惟红,2023-08-27 11:39:41,4,7,3,超好的老师！！会讲一些拓展的东西，很负责！！能捞人！强推
179123,1,毕惟红,2023-08-28 07:40:58,7,8,1,老师超好！人品好，上课会扩展知识点，给的例题也不错，给分也很好。\n\n（mooc大家一定要去做，平时分就可以刷满！！！）
179887,1,毕惟红,2023-09-20 02:56:22,4,7,3,老师水平很高，经常会在课本基础上进行拓展。但是讲课语速比较快，思维有的跳跃，比较适合基础好的学生
184767,1,毕惟红,2023-12-22 14:39:29,6,7,1,一个喜欢课前唠家常，课后整理资料的好老师。但是上课尤其是解题的时候会很快，思路跳跃，还是得按老师的要求复习可能才会听得顺.....老师是好老师，感受到了像中学老师一样的关怀，但是我是摆狗，我对不起老师
185044,1,毕惟红,2023-12-26 04:31:19,5,8,3,我爱红红
185358,1,毕惟红,2023-12-28 08:10:52,6,6,0,老师上课非常生动，老师也很好！
185559,1,毕惟红,2024-01-03 16:46:02,0,2,2,讲得比较快 上课很负责偶尔会拖堂
187476,1,毕惟红,2024-01-16 10:04:07,3,4,1,老师上课很认真  课后会在当天上传课堂讲义 课上还补充讲了不少历年卷和考研题目  （课堂上偶尔会岔开讲题外话 不过也蛮有意思的）
187486,1,毕惟红,2024-01-16 10:41:36,3,4,1,超级认真负责的老师
187491,1,毕惟红,2024-01-16 10:52:23,2,2,0,很好的老师，平时分只要作业不太乱做都交就会给满，mooc也很容易满，上课水平挺好，速度会比较快需要集中精力。最后老师人很好，强推
187562,1,毕惟红,2024-01-16 14:44:27,3,5,2,老师给我一个满绩，我还老师一个十分
187728,1,毕惟红,2024-01-17 08:28:44,0,2,2,是很认真负责的老师\n\n给分也好\n\n我爱毕老师！！！
187888,1,毕惟红,2024-01-17 16:59:57,4,5,1,强烈建议基础好，对微积分热爱的同学选毕老师的课！老师会补充很多资料，讲解也很清楚，有解题方法的归纳，讲得比较深。老师也给我了人生当中第一门满绩，太爱了！
191237,1,毕惟红,2024-04-14 12:06:30,2,4,2,上过其他老师的课才知道不是所有老师都会做如此详细的笔记，不仅是书上知识，还有许多课外题，毕老师整理这么多笔记也很辛苦，感谢毕老师🙏
195177,1,毕惟红,2024-06-27 04:57:20,-8,4,12,老师给我一个满绩，我还老师一个10分
195223,1,毕惟红,2024-06-27 09:28:00,-1,2,3,微甲（Ⅱ）\n\n印象最深就两点：1、毕老师偶尔会说一些课堂外的东西，什么计算相关的，让大家参加数学竞赛啥的。都是为学生在考虑。2、课堂节奏较快，感觉不预习加早八一困，就不知道讲到哪了，就得自己看课本。课后整理题很多，对不起我没好好利用。\n\n对了还有一点，作业确实有点多了。不过微甲（Ⅱ）多做做没问题，题基本不会很难，计算反而更重要一些
195621,1,毕惟红,2024-06-29 05:01:41,5,5,0,很认真很负责对学生很有耐心的好老师
196207,1,毕惟红,2024-07-02 07:30:13,1,1,0,给分超级好，但是上课太难了不太适合。
197101,1,毕惟红,2024-07-07 16:34:44,15,16,1,一年都是bwh妈妈的课\n\n只能说超级无敌好\n\n你见过哪个老师私聊回答问题这么及时而且发完消息会给你回个表情包的（这点我真的哭死\n\n上课会有些深，有些明显是拓展类的不听也可以去复习一下刚刚讲的内容\n\nppt做的很好（个人认为），后续复习有很多内容和例题都是很详细的\n\n捞也是真的捞（虽然嘴上说的是核对好几次卷子）可能真核对很多遍，但是也在捞\n\n最后微一4.8微二5.0飘过，好好跟着bwh包没问题的
197972,1,毕惟红,2024-08-22 03:10:50,-1,1,2,很捞！老师讲的很好，只是个人没有听课习惯...
199005,1,毕惟红,2024-09-14 02:29:14,2,4,2,👓👆欸，我讲个故事给你听
199406,1,毕惟红,2024-09-23 04:08:40,5,6,1,老师很有意思，但是课程上得太快了…没基础很难听得懂。老师认真负责，但是上课节奏给人一种赶着投胎的感觉。有基础的竞赛生放心来，像我这样零基础的小彩笔抓紧跑
199407,1,毕惟红,2024-10-14 02:53:08,-20,11,31,讲课又快又乱，毫无重难点可言，关键靠自学，需要在预习复习上花大功夫\n\n\n\n划重点/划重点/划重点！！！\n\n微积分老师评分都很高，基本9分往上，微甲约20个老师就有五六个10分的老师！！！\n\n而9.3（目前）在约20个老师里排名15左右，千万不要被9.3骗了！！！
199412,1,毕惟红,2024-09-23 06:29:22,0,3,3,大一新生，底子不好，老师讲课太快了，听不懂啊（哭)
199793,1,毕惟红,2024-09-30 03:00:24,8,9,1,老师人很好也很认真负责。不过感觉不太在意话筒，上课经常一句有声一句没声，坐偏后排的我完全不知道说了什么在讲什么，关键的步骤就这样糊里糊涂的过去了。\n\n大佬可没影响甚至享受这种讲课风格。但对于我这种数学小菜菜来说真的体验感极差，只能听到只言片语的讲解就会跟不上思路。然后只能靠自学，课后看笔记回放花很多时间，来弥补课上的低效率。本身讲的速度也偏快。\n\n总结，大佬来，小菜菜快跑（一个有点崩溃的数学菜菜的观点）
200145,1,毕惟红,2024-10-14 02:46:35,6,6,0,听懂了没有 听懂了没有
200267,1,毕惟红,2024-10-15 08:10:06,8,8,0,我觉得老师讲的还挺好呀(*￣rǒ￣)我们不会的地方她发现了也会不停强调，是认真负责的老师呢。（补一句有一个助教长得小帅）
200856,1,毕惟红,2024-10-23 12:34:28,6,6,0,老师的查老师序号是1诶！
200882,1,毕惟红,2024-10-24 04:01:50,5,5,0,认真负责
202801,1,毕惟红,2024-11-14 12:31:30,3,4,1,真的好喜欢毕老师！！！很可爱的老师
204532,1,毕惟红,2024-11-26 12:44:28,16,17,1,这个时候有同学要问了：毕老师，你干嘛？
205778,1,毕惟红,2024-12-12 03:55:56,7,9,2,上课肥肠的好，逻辑清晰，解题过程丝滑，虽然上课节奏快，但自己多思考一下也能跟上节奏。而且上课几乎不点名。不知道春夏学期还能不能选上毕老师的课呜呜呜。插一嘴哈，那个拿评分说事的（不排除这人故意打低分拉低平均分的可能性），首先你听不懂老师上的课，靠自学，就认为她的课乱，没有重难点，那么请问你上课听讲了吗？她讲重难点的时候你在干什么呢？你自己上课时什么态度心里没点数吗？其次，毕老师的这么多好评是刷出来的吗，虽然确实有部分同学听不懂课，但他们也都承认了毕老师解题，讲题的水平，你不仅没有自知之明，还妄图通过查老师的评分排名来攻击老师，真的好笑。提升自己不比诋毁老师好吗？
206442,1,毕惟红,2024-12-15 06:36:45,12,12,0,首先我客观的说，黑老师的人说的太极端了，会有听不懂的情况，但是我觉得这是正常的，因为老师讲的容量很多，讲的非常精。如果上课是有听不懂的，可以课后结合智云和老师发的资料再突破一下。如果习惯这种模式的话会收到比较好的效果。而且老师很可爱，会跟我们分享生活轶事。
206540,1,毕惟红,2024-12-16 02:51:17,7,8,1,真的是好老师！不后悔大一上册退课改选毕老师！
206558,1,毕惟红,2024-12-16 05:22:56,5,6,1,特别特别可爱认真负责的毕老师！！
206731,1,毕惟红,2024-12-17 09:18:33,4,7,3,真的非常好，认真负责，像高中老师一样，润物细无声
206831,1,毕惟红,2024-12-18 00:45:36,2,5,3,“我们学院纯数的同学一般都不太会编程”。。。。
207899,1,毕惟红,2024-12-25 02:00:17,3,4,1,神中神
208768,1,毕惟红,2025-01-01 13:32:04,7,8,1,老师真的特别特别好 特别认真特别负责 课后给的资料也很详细 经常听到老师说自己晚上整理资料整理到凌晨 老师要注意休息🥺爱老师🥺🥹🫶
208840,1,毕惟红,2025-01-02 11:25:15,9,10,1,期末考前在钉钉开直播给我们复习，还挑考研题讲解，从来没有碰到过这么认真的老师
209201,1,毕惟红,2025-01-05 04:25:08,2,3,1,毕老师超级好🥺🥺会关心同学们的作息和身体健康，考前还直播帮我们搭建知识体系，精讲考研题🥺🥺考试周复习的时候看老师的智云的时候就觉得有点舍不得老师了🥺🥺毕老师真的很好，我的成绩不拔尖是我自己没有下功夫的原因，老师给我们提供了很多🥺🥺感谢毕老师，老师辛苦啦🥺
209484,1,毕惟红,2025-01-06 05:19:25,-1,1,2,超级负责！！
210685,1,毕惟红,2025-01-09 17:32:05,4,4,0,真的好老师，超级超级负责，笔记很详细，也会捞捞和调分，选上毕老师的同学真是有福了
212294,1,毕惟红,2025-01-14 00:56:57,-3,3,6,毕老师的却很负责，每次都会整理自己的课件发布在学在浙大上，但是毕老师期末的时候不会捞人（及格线以下的还是会捞的）。我和我的一个同学都考了同一个分数，但是我被卡绩了，同学被捞了一档。
212318,1,毕惟红,2025-01-14 01:29:24,-9,4,13,缺勤一次还能满绩，老师太好了
212321,1,毕惟红,2025-01-14 01:31:41,2,3,1,课好，老师负责，给分也高，盲目冲
212333,1,毕惟红,2025-01-14 01:37:14,-4,3,7,3.3 出分后均绩掉了0.2 很想哭\n\n微积分是我听得最认真的课  我认为老师讲得也蛮不错的  但。老师真的很求是吧。 出分真的好难过
212351,1,毕惟红,2025-01-14 02:28:53,6,6,0,微积分（甲）Ⅰ 2024秋冬 老师真的好负责，有一次我走得比较晚，她问我有没有什么不会的。期末有思维导图，还不嫌麻烦多上一节钉钉网课加深我们对知识点的印象。期中期末很会给过程分，只要有一些思路写上去老师看到了一定会给你分，我期末写得很多，把觉得能用到的都写上去了，最后很幸运地被捞了。
212394,1,毕惟红,2025-01-14 02:56:40,2,3,1,谢谢老师最后捞了一把！！老师很好很认真很负责，讲得也很好～选上毕老师的课，如果和我一样上课听不懂的话，建议可以在空余时间规划一下补天智云。老师讲得真的很好，虽然我没跟上（\n\n老师的笔记是top级别的！好好学一定能拿到很好的成绩。毕竟我这种菜菜强行补天都能上4哈哈哈哈哈
212398,1,毕惟红,2025-01-14 03:02:09,1,2,1,第一次满绩，感谢毕老师！毕老师真的和妈妈一样和蔼！
212475,1,毕惟红,2025-01-14 05:07:26,4,5,1,非常感谢老师给我一个惊喜的分数！回来还一个10分！\n\n毕老师是我遇到最负责的老师！课上的ppt，课后的笔记整理，条理非常清晰！\n\n但是有一说一，上课确实有点坐牢。我的理解能力较差，而且毕老师上课速度确实很快，很多时候我听着听着就跟不上了。然后上课上一半我就打开矿爷的网课听，才能弄懂。课后再对着毕老师的整理慢慢补（整理实在高质量！）\n\n期末毕老师还为我们补课，那节课上到中午一点多，当时她说“你们要是想吃饭就去吃吧，我反正要把课录完的，你们吃完回来再看回放好了”很体谅学生！\n\n哦对，平时基本每节课都会拖堂hhh\n\n总之，个人认为毕老师讲课水平不如很多其他vjf老师，但是如果跟着她的资料慢慢学，一定是可以学好的！毕老师也是非常愿意帮助每个同学的！
213576,1,毕惟红,2025-01-18 10:13:17,1,2,1,超级喜欢的老师！很负责，给分也好
214393,1,毕惟红,2025-02-02 15:00:57,0,0,0,555
214572,1,毕惟红,2025-02-13 10:18:56,0,0,0,4.8呜呜呜呜你是我的神转专业就靠你了
214606,1,毕惟红,2025-02-14 11:36:45,1,2,1,真的超级好的老师！
214890,1,毕惟红,2025-02-19 02:24:59,0,0,0,讲课节奏很快，但是十分清晰。很负责的老师，下课找老师答疑不要有太多心理负担，老师很和善的。而且上课会拓展很多习题，书本上的题讲解也很好，细致，你自己看可能领悟不到那么多。总之，听课听得很爽。不过就是课前建议预习，因为节奏很快，一点没跟上就跟不上了。。。希望自己可以每节课都全力以赴听课。
214905,1,毕惟红,2025-02-19 04:00:19,0,0,0,老师上课用平板写板书，挺清楚的，内容也很充实，会让人有好好听课的冲动
217588,1,毕惟红,2025-04-14 02:18:26,1,2,1,讲课挺细致但是听着有点累
217777,1,毕惟红,2025-04-16 09:06:27,2,2,0,好老师，会整理笔记真的很震惊，对教学认真负责有热情，感恩
218236,1,毕惟红,2025-04-22 06:58:29,-5,1,6,不点名
218495,1,毕惟红,2025-04-24 04:17:25,3,3,0,老师上课是很负责的 但是讲的真的很快 这学期上了别的老师的微2才发现上学期跟不上节奏是毕老师讲的太快了 讲的太多了 基础不好真的会跟不上 然后就是其实给分很求是（不知道算不算差）并没有很捞 其他老师差不多分数总评分数有一定差距
219016,1,毕惟红,2025-05-26 03:23:40,-8,2,10,想不通怎么这么多工程应用\n\n老师你是讲爽了 那听不懂的同学怎么办 活该去看网课吗
219258,1,毕惟红,2025-05-23 14:13:26,3,3,0,好老师！给分不错，会重新查看试卷避免改错。对学生非常负责，试卷都交到教务处了还鼓励你去询问自己答题情况，她会一点点查看你错了哪个题目，帮忙分析。对于认真想学好的同学来说非常好
219973,1,毕惟红,2025-06-13 02:13:19,1,2,1,好老师！只要全程跟下来了＋作业认真写（量有点多），考试都不难，甚至能提前写完交卷
220578,1,毕惟红,2025-06-18 14:48:08,3,4,1,前面那个 她是看她的课上工科生很多才选择多讲一点的  而且她也没影响其它部分的教学啊
221037,1,毕惟红,2025-06-21 03:23:10,0,2,2,楼下谁说的不点名？劳动节前一天早八上课杀死一半没来的学生……
221522,1,毕惟红,2025-06-24 08:15:59,2,2,0,微甲Ⅰ 5.0 微甲Ⅱ 4.8，都是毕老师，毕老师上课很仔细，也比较慢，都在钉钉上补过课。毕老师的笔记在所有老师中名列前茅，特别是期末的思维导图，让我们迅速对知识点建立起框架！毕老师上课是费尽心血的，微甲2只带一个班，200人左右，希望同学们能收获满满，最直接的表现就是会穿插很多工科类的知识，认真听了的话非常实用。由于知识点讲得特别透，对微积分竞赛帮助也特别大！有时候在课上也会push我们。当然期末也真是海底捞（但是前提是方法思路一定要正确，能体现你对这门课知识点理解，容错率很高，毕老师对结果扣分基本为0，也就是说啥也不听那也很难捞）！\n\n再点名表扬俩助教giegie，回答问题非常耐心，非常耐心，非常耐心，甚至还会记住我习题课做在第几排，唉虽然我习题课上一般边写作业边听[ac01]\n\n最后的最后呢，一学年下来，最舍不得的就是毕老师还有俩助教了！【感恩❀】
15,3,汪国军,2018-12-18 17:26:46,12,32,20,还不错的老师\n\n
53,3,汪国军,2015-03-14 15:32:59,194,211,17,良心老师！线代讲得好！
119,3,汪国军,2015-03-14 16:00:25,301,322,21,萌萌的帽子
297,3,汪国军,2015-03-15 00:31:15,-11,17,28,只能呵呵了
330,3,汪国军,2015-03-15 00:56:59,64,72,8,其实老师还不错的，很多人都说他讲的好，我线代学不好只能怪自己啦……
355,3,汪国军,2015-03-15 01:22:32,141,155,14,总体感觉很棒，老师讲的蛮透彻的，虽然略快，但你不懂的他会再讲一次，只要你认真学，肯定获益匪浅！
492,3,汪国军,2015-03-15 03:14:57,4,8,4,线代讲的很好
521,3,汪国军,2015-03-15 04:07:51,-142,33,175,超级棒的，听了他的课，我考了大类第一呢。说实在的，我原来一直觉得线代是自己的短腿呢。
880,3,汪国军,2015-03-18 10:18:01,-29,12,41,讲的听不懂\n\n偏爱某几个学生\n\n对叫学生上来做题自己不检查\n\n对同学提问不爱搭理\n\n
1372,3,汪国军,2015-03-22 01:18:43,7,24,17,讲课速度过快，一个班差不多只有很少部分能听懂且回应老师。
1592,3,汪国军,2015-03-23 00:47:49,158,166,8,一看就知道老师智商很高
1810,3,汪国军,2015-03-25 06:42:24,111,119,8,老师讲很棒，每道题经他讲都好简单，但自己很难想到
1864,3,汪国军,2016-06-16 06:41:11,-77,9,86,讲课太简单又慢
2563,3,汪国军,2015-05-04 14:14:53,86,94,8,讲课很认真！都是手写，还会非常贴心留给我们抄笔记时间～
2650,3,汪国军,2015-05-05 03:10:39,19,28,9,课讲得好。不犯困就能学好。有时候很可爱。但确实回答问题不热心。但是瑕不掩瑜吧。
3303,3,汪国军,2015-05-29 06:56:53,21,26,5,棒
3557,3,汪国军,2015-07-07 16:54:02,19,25,6,讲得很透彻简明，人也很温柔！好好听课一定有好成绩！！
3735,3,汪国军,2019-09-18 06:04:40,108,117,9,老师炒鸡萌！而且人很好哦。有次一些同学的作业本找不着了，老师就给同学们解释了一遍，之后又解释了两遍，怕有些人晚到没有听到。总之一直在向学生道歉。当时好感动！
3776,3,汪国军,2015-06-17 04:08:36,54,58,4,讲的很好 很认真 你仔细听就能跟得上！而且特别可爱！讲课有自己的思路！棒！
4043,3,汪国军,2015-06-17 15:19:40,7,15,8,普通话真的很难受，上课做不到前排就很难，因为老师全在黑板上写，不用ppt的
4848,3,汪国军,2015-06-29 15:00:32,8,11,3,很棒
5441,3,汪国军,2015-07-07 13:18:36,19,22,3,良心老师认真上课～上课节奏略快，绝不能走神！提倡预习
6012,3,汪国军,2015-07-10 08:04:20,109,117,8,线代个人认为最好老师，没有之一
6520,3,汪国军,2015-07-14 15:53:41,-13,13,26,给分不好...你们懂得
6803,3,汪国军,2015-07-23 04:31:29,17,20,3,很萌很棒的老师
6820,3,汪国军,2015-07-23 07:29:04,8,12,4,很有趣的老师
7563,3,汪国军,2015-09-22 05:41:44,21,25,4,讲得超级耐心超级好，而且思路也很活跃，每次上课一堆板书，超级负责~
7581,3,汪国军,2015-09-15 05:37:59,9,10,1,很亲近
7657,3,汪国军,2015-09-15 07:41:35,8,11,3,好呆了
7779,3,汪国军,2015-09-15 13:20:53,4,9,5,棒棒棒哒
8192,3,汪国军,2015-09-17 11:05:08,13,15,2,声音很洪亮很清楚  人也很好。讲课也很棒\n\n
8251,3,汪国军,2015-09-22 12:18:53,0,3,3,条理清晰，真的好
8393,3,汪国军,2015-11-13 04:16:32,2,4,2,還不錯噢
8533,3,汪国军,2015-09-22 07:06:03,1,4,3,很透彻
8580,3,汪国军,2015-09-22 15:27:25,3,5,2,爽死了(≧▽≦)
8679,3,汪国军,2015-09-24 02:38:39,0,2,2,非常好
8752,3,汪国军,2015-09-25 09:33:39,5,7,2,现代超棒！讲课很可爱
8803,3,汪国军,2015-09-28 03:36:10,1,2,1,讲课很好
9145,3,汪国军,2015-10-14 10:48:26,-9,3,12,装逼汪带你飞
9422,3,汪国军,2015-10-27 01:03:31,3,4,1,讲的不错
9710,3,汪国军,2015-11-05 03:39:21,1,2,1,太酸爽
10616,3,汪国军,2015-11-20 15:33:02,2,4,2,炒鸡棒
11434,3,汪国军,2015-12-01 06:51:37,2,9,7,强行带节奏，根本听不懂\n\n
11658,3,汪国军,2015-12-09 11:59:09,2,4,2,裘哥的老师。必须牛逼
11720,3,汪国军,2015-12-12 10:00:55,1,2,1,棒！！！
11914,3,汪国军,2015-12-21 10:34:00,10,12,2,讲得快，感觉跟不上。
12102,3,汪国军,2015-12-22 00:22:25,8,10,2,老师人炒鸡好，简直拯救线代的好老师。
12198,3,汪国军,2015-12-22 09:41:28,3,4,1,很负责，写板书
12232,3,汪国军,2015-12-22 12:18:27,-1,2,3,有激情，萌，只要认真学，收获一定会很大
12294,3,汪国军,2015-12-23 01:06:20,3,4,1,人超级好！讲课很用心！听不懂跟不上会觉得愧对了他！
12312,3,汪国军,2015-12-23 02:35:17,-1,1,2,讲线代很好的~
12704,3,汪国军,2015-12-24 02:15:12,35,63,28,讲的是还好，但是有点带歧视社科的地方。自己讲的快然后会跟我们说啊同学们水平真高…
12872,3,汪国军,2015-12-24 07:12:14,45,50,5,老师确实很厉害，课上得很快，要注意每次预习起码20页。他的均绩确实。。。。因为线代确实很深刻有点难，但老师还是不错的，就是有时候他太高估我浙学子的智商了
13211,3,汪国军,2015-12-25 07:37:03,0,2,2,虽然有时候讲的太快听不懂，但老师至少和学生有互动，能考虑学生的感受
13329,3,汪国军,2015-12-26 18:23:52,-1,1,2,讲得很好
14418,3,汪国军,2016-01-07 03:08:49,-14,3,17,做一本三百多页的线代习题一定会听懂的
14464,3,汪国军,2016-06-27 06:18:28,4,9,5,给分不好诶\n\n
14692,3,汪国军,2016-01-30 07:33:10,1,7,6,成绩给的一点也不好
14741,3,汪国军,2016-01-08 14:54:03,3,6,3,6得飞起
14815,3,汪国军,2016-01-09 13:15:32,0,2,2,老师教的很好啊。线代课能听课并且每节课都认真听真的很难得啊！而是很萌哈哈哈，对我们也很好的
15067,3,汪国军,2016-01-12 01:17:22,0,2,2,好好好
15246,3,汪国军,2016-01-13 03:27:38,15,19,4,语速快 但讲得很透彻…不懂会再讲一遍。难得的把教学看得比科研重的好老师
15297,3,汪国军,2016-01-13 12:19:57,29,36,7,开玩笑，这么好的老师不打满分还有天理吗？？？
15597,3,汪国军,2016-01-15 14:29:33,1,3,2,超棒的老师
15631,3,汪国军,2016-01-20 10:49:32,14,28,14,分出的太慢了
15837,3,汪国军,2016-01-16 11:55:07,-1,2,3,很萌的老师，讲的很不错
15875,3,汪国军,2016-01-20 06:57:09,2,3,1,萌萌的
16041,3,汪国军,2016-01-17 05:08:01,389,413,24,迷之自信：我们浙大的学生都很聪明;-)
16757,3,汪国军,2016-01-19 02:30:03,0,3,3,没听过他的课，听说不错
17251,3,汪国军,2016-01-20 02:41:21,-1,1,2,给分好
17311,3,汪国军,2016-01-20 04:22:19,2,3,1,老师人很好，同学东西掉了还帮忙找，思路清晰，不过略微有点快~~~
17327,3,汪国军,2016-01-20 04:41:52,6,8,2,很好的老师良心讲真的教的好，就是一定要预习加巩固不然很难跟得上....总有蜜汁自信而且感觉蛮不喜欢学生质疑的....讲课很有激情
17377,3,汪国军,2016-01-20 06:54:20,1,2,1,线代讲的很好，每次去上课都需要激情占座……但是老师很不错 很萌，很厉害
17892,3,汪国军,2016-01-21 03:29:38,2,3,1,棒棒哒
19584,3,汪国军,2016-01-24 23:44:35,1,2,1,好好好
19638,3,汪国军,2016-01-25 03:52:10,1,3,2,超棒超棒！一点架子也没有 跟学生就像朋友一样
19809,3,汪国军,2016-01-25 10:07:23,2,2,0,bu错
20193,3,汪国军,2016-01-30 06:00:54,77,84,7,线代均绩本来就不高，不能以最后绩点低为由给老师打低分。相比其他线代老师，汪国军绝对良心！
20581,3,汪国军,2016-01-28 15:14:10,9,11,2,这老师出分数真是慢出境界了～心脏受不了嘿嘿
20622,3,汪国军,2016-01-29 06:35:25,4,5,1,好老师，考平均分是我自己的错，建议一定要预习，预习预习预习！我反正不预习后悔了，上课跟不上，但是可能是我自己太笨了，反正老师讲的好！老师好萌啊！！！
20628,3,汪国军,2016-01-29 07:11:57,-11,4,15,挺好的，两道证明没做出来还是90分，大概仔细看了我的步骤吧hhh 汪老师很不错的，很负责，推荐~
20629,3,汪国军,2016-01-29 07:36:24,4,5,1,讲的好哇
20634,3,汪国军,2016-01-29 07:51:13,-1,3,4,老师课上得真的很好，知识点本来不易理解但听到后半段就懂得差不多了，下课问题目也会很细心地问你懂了没
20638,3,汪国军,2016-01-29 08:04:37,5,7,2,良心好老师，特别是最后几节复习课。问他问题会有点不愉快，因为觉得自己很笨:-|老师不喜欢别人反驳他
20646,3,汪国军,2016-01-29 10:23:03,5,6,1,课上得非常好，有重点，有拓展，讲的也清楚，不过给分不是太好。（但考试没考好还是怪自己吧，我就是自己考的渣...）
20664,3,汪国军,2016-01-29 13:55:32,0,3,3,比较自嗨，讲的过快
20831,3,汪国军,2016-02-01 12:12:08,0,1,1,大家都说老师很好 虽然我是一直在睡觉 不过出分太慢实在有点等不起\n\n
20848,3,汪国军,2016-02-02 05:54:46,1,5,4,上课都是一点点手写(坐后面会有点看不清)，讲的很清楚，平时分能给就给，萌萌的老师
20902,3,汪国军,2016-02-03 10:16:09,5,6,1,课讲的真的很好 分真的也很低 嗯 一定要好好学习啊
21097,3,汪国军,2016-02-17 07:30:35,6,17,11,确实讲得好，听汪老师的课能让你真正理解线代！全板书+好多人来蹭课，导致占位置太凶残了。不过出分慢给分差也是醉了，最后分竟然比卷面分还低
21142,3,汪国军,2016-02-21 05:24:54,13,16,3,讲课有条理，不过比较快，最好提前预习，思路很清晰，很照顾学生，会因为题跟学生吵起来这一点也可以看出老师很用心，总之听国军老师的课有一种畅快淋漓的感觉
21174,3,汪国军,2016-02-25 06:03:49,3,3,0,老师讲的很详细，虽然有点快。
21250,3,汪国军,2016-02-27 13:16:10,-2,5,7,讲课超快，给分超低
21390,3,汪国军,2016-02-28 12:42:44,2,5,3,很好的
21557,3,汪国军,2016-02-29 07:50:34,-1,2,3,上课思维快啊！
21607,3,汪国军,2016-02-29 10:26:12,0,3,3,真心好老师
21694,3,汪国军,2016-02-29 23:48:36,6,6,0,老师炒鸡好！\n\n
21771,3,汪国军,2016-03-01 05:22:02,7,8,1,老师真的很棒，可是自己真的很蠢……
21826,3,汪国军,2016-03-01 07:26:21,3,4,1,认真负责  前提是你要好好听课
22988,3,汪国军,2016-03-16 01:11:13,-1,3,4,卧槽，付丁5.0
23338,3,汪国军,2016-07-26 14:51:32,-3,1,4,肯定是平时分没给我.
24038,3,汪国军,2016-04-26 02:11:42,-2,1,3,超级萌！～
24622,3,汪国军,2016-05-02 10:18:36,-3,0,3, 
25470,3,汪国军,2016-05-21 10:28:41,1,2,1,非常棒！
25702,3,汪国军,2016-06-03 14:34:54,1,2,1,棒棒棒棒超级喜欢
26360,3,汪国军,2016-06-17 05:30:21,-1,1,2,超可爱！很清晰！
26543,3,汪国军,2016-06-20 04:50:30,1,2,1,真的很喜欢这个老师 虽然我线代很辣鸡，但是老师上课真的很认真 而且老师好可爱啊 冬天会带一个萌萌的帽子 总之是一个好老师啦
27644,3,汪国军,2016-06-27 06:18:04,0,1,1,还是蛮好的
27985,3,汪国军,2016-06-28 07:57:04,2,2,0,讲的很好
29414,3,汪国军,2016-06-29 17:36:50,1,2,1,老师人很好，但是对学生要求不高
30107,3,汪国军,2016-07-01 02:45:34,-7,1,8,好老师，讲的好，平时分给的高，虽然临近期末有一篇小组论文
30108,3,汪国军,2016-07-01 02:45:51,-2,1,3,好老师，认真负责，讲课清楚，给分好
30188,3,汪国军,2016-07-01 04:55:33,2,3,1,棒棒哒老师加油
31601,3,汪国军,2016-07-04 09:01:37,3,5,2,老师的逻辑会让人有种恍然大悟的感觉
31655,3,汪国军,2016-07-05 03:37:41,2,9,7,给分有些失望
31689,3,汪国军,2016-07-04 13:23:58,0,6,6,老师说的不错。不过 这叫给分好？？？
31694,3,汪国军,2016-07-25 12:39:30,-1,7,8,我真的是有一种平时分没给的错觉。
31820,3,汪国军,2016-07-05 03:11:21,-2,4,6,我觉得给平时分了啊...大多数人是自己考的不好吧
31832,3,汪国军,2016-07-05 03:38:42,3,3,0,老师很认真负责 讲得很好
32002,3,汪国军,2016-07-05 10:54:47,3,6,3,上的很认真很有激情，讲得很透彻也很为学生着想。。但是对答疑的同学态度实在是很差 可能是我们问的问题很弱智吧。。不过也不至于这么不耐烦吧。。\n\n
32114,3,汪国军,2016-07-05 15:56:30,1,3,2,老师超级萌超级好！
32139,3,汪国军,2016-07-05 17:18:30,-1,3,4,老师讲课真的很明白很好，给分也不错
32891,3,汪国军,2016-07-24 02:47:02,0,1,1,最好的老师
33538,3,汪国军,2016-09-20 03:27:22,1,2,1,老师超好，很照顾学生的，课讲的也很透彻，旨在让学生理解。
33541,3,汪国军,2016-10-18 03:39:19,1,6,5,挺为学生着想的
33840,3,汪国军,2017-01-19 03:18:17,10,11,1,说实话，不预习节奏有点快，老师脾气不太好TAT，但是对线代理解很透彻，思路很广，讲题讲得其实挺不错的
33842,3,汪国军,2016-09-22 05:27:39,1,2,1,就是好
33844,3,汪国军,2017-01-05 07:28:55,-1,3,4,棒棒棒
33845,3,汪国军,2017-01-14 04:33:36,7,8,1,讲课有点快，平时我听不懂对不起老师，现在最后几天了我要补回来！
33846,3,汪国军,2016-09-22 05:30:00,2,2,0,老是萌萌哒，好好啊
33854,3,汪国军,2017-01-17 21:56:59,3,5,2,讲的好快哦，一定要预习，不然一节课下来都是懵的
33864,3,汪国军,2017-01-22 11:39:20,2,10,8,老师还行，有待改进。上课范围是课本，看得出老师对课本很熟悉，课讲得飞快，以至于有很大一部分同学是听不懂的，这也许是因为线性代数比较抽象吧，但老是讲那么快还是有些不适应，即使用全力理解，稍微停顿脑筋停一会儿就跟不上了。所以虽然显得老师很牛但是其实其本质上也是读书本而已。如果真有好处就是有些时候被老师讲到的知识点会更快理解少些弯路，只是这种时候很少，本人就是上课基本不听课后自学，效果也不错。作业比较少，建议自行找题目做。给分公道，平时分尽量给，考试这次虽然很难做出很少，但4.2也不错了。总体，可以选。
33865,3,汪国军,2017-01-22 10:40:01,4,4,0,好老师，线代就选汪国军
33955,3,汪国军,2016-12-29 12:16:44,52,52,0,强行带飞，就算学生没听懂也会觉得自己好像懂了
34441,3,汪国军,2016-10-10 11:29:58,-1,1,2,好老师\n\n
34456,3,汪国军,2016-10-11 04:04:22,-4,1,5,呵呵呵
34677,3,汪国军,2016-10-18 03:41:22,2,3,1,赞赞赞
34678,3,汪国军,2017-01-21 14:23:07,29,34,5,只要交作业，平时分30分完全给满，考完以为必挂无疑结果还有70+，上课讲得快但是有调理答疑给力，最后一节课还讲往年考题，难得好老师10分不多说
34715,3,汪国军,2016-10-19 03:46:55,2,3,1,哈哈哈
34959,3,汪国军,2016-10-27 06:23:21,0,1,1,很棒！人超好！关心学生！
35754,3,汪国军,2017-01-19 02:07:34,3,5,2,紧跟老师的思路。讲得很好但是很快，上了一节课就跟跑步一样累
35857,3,汪国军,2016-11-15 23:59:16,-1,0,1,老师思维快，但顾及学生，上课一定要认真听。很好的老师
35928,3,汪国军,2017-01-19 02:07:04,3,3,0,老师萌萌哒，感觉人超级好，讲课也很好，只可惜我听的不是很认真。
36006,3,汪国军,2017-01-22 03:32:44,3,4,1,真的很赞
36066,3,汪国军,2016-11-10 11:27:42,0,1,1,人真好，认真。\n\n
36072,3,汪国军,2016-11-10 11:32:46,1,2,1,很客气，很可爱，能力不用怀疑，很强，高智商\n\n
36080,3,汪国军,2016-11-10 11:44:11,0,1,1,老师人超级好，而且讲课超级好懂，因为经验丰富，绝对好老师
36102,3,汪国军,2017-01-21 14:18:24,1,3,2,汪老师非常认真负责，人也非常卡哇伊～上课一块块的写黑板，学生不懂的会再一遍遍的讲，讲课语速确实挺快的，只要不走神，认真听，跟着学绝对学得好！至于出分，确实不快，但是汪老师班级教的多，也应该体谅老师啊。
36129,3,汪国军,2016-11-10 13:43:54,1,1,0,听的不错
36220,3,汪国军,2017-01-09 11:02:41,-1,1,2,觉得老师很有趣，像韩国综艺一周的爱豆里面的cony?
36522,3,汪国军,2016-11-14 13:37:03,2,2,0,汪老师很好
36822,3,汪国军,2016-11-16 06:53:34,-2,0,2,讲的太快了
38088,3,汪国军,2017-01-21 12:59:14,0,1,1,真的是个好老师，板书写的很认真，讲的也很清楚，可是我没有好好珍惜，最后绩点也不高，哭哭
38109,3,汪国军,2016-11-24 10:29:53,-1,0,1,讲的很细致……也很懂学生
38388,3,汪国军,2016-12-01 16:20:44,1,2,1,讲的比较透彻，速度也很快
38448,3,汪国军,2016-12-05 08:59:01,-1,0,1,汪老师教课很认真，只是......口音相当性感......而且很有节奏感.....hhh
39290,3,汪国军,2017-01-21 13:01:08,6,11,5,刚出成绩兴奋的来评价，真良心。发现了他那一句 有我呢，不怕挂科 是真的！
40021,3,汪国军,2017-03-01 03:54:05,2,2,0,老师讲的很好，还有一定要预习
40062,3,汪国军,2016-12-29 04:39:11,0,0,0,很好的老师
40262,3,汪国军,2016-12-31 04:46:24,0,2,2,讲得很细，对大家基础培养比较重视
40354,3,汪国军,2017-01-09 02:07:38,1,8,7,完全照书念，我还不如自己看书 反正教材都那么生硬，而且有过一些接触过后发现人真的很差！
40921,3,汪国军,2017-01-06 12:04:44,-1,2,3,萌萌的老师，懂得学生，上课气氛好，占座疯狂hhhh
40923,3,汪国军,2017-01-06 12:38:21,1,4,3,线性代数讲课超级棒！！！还让同学上黑板做题，高中以后第一次见这样的， 讲课很认真，易懂！赞赞赞！
41168,3,汪国军,2017-01-09 16:03:37,-1,2,3,老师上课确实很到位虽然节奏偏快，但老师很容易就把全书知识都串起来了~对待集体挺不错的~唯一的tip:慎问问题！(噗嗤~)
42865,3,汪国军,2017-01-15 10:09:13,1,8,7,完全照书念 讲题又不讲为什么这么想 明摆着直接抄答案 很难学懂 其实很不负责
43237,3,汪国军,2017-01-16 04:27:02,-1,0,1,老师不错\n\n
43553,3,汪国军,2017-01-21 12:56:44,4,4,0,汪老师你太棒了\n\n爱死你
43647,3,汪国军,2017-01-16 16:36:26,2,3,1,很棒啊，挺为我们着想（期末要对不起老师了QAQ)
44367,3,汪国军,2017-01-17 16:11:55,-1,4,5,其实就是念书……
45060,3,汪国军,2017-01-19 02:02:26,4,4,0,汪老师是我见过最好的老师，讲课超级棒哟！！！上他的课认真听一定获益匪浅！讲课都是手写，不用ppt，比较负责，对人很好！但是还是要知道预习才是～
45316,3,汪国军,2017-01-19 10:07:51,2,3,1,老师讲得很好很清晰，人也很可爱，总是说我的学生都是最棒的。而且还说平时分能给的肯定都给我们不用担心。但是要提前预习，因为讲得比较快
46394,3,汪国军,2017-01-21 12:55:31,0,1,1,老师很幽默，课上的非常好。老师会尽量帮你的
46396,3,汪国军,2017-01-21 12:56:43,3,3,0,老师上课超好的，虽然学渣有点跟不上，但是给分真心好啊！！！
46397,3,汪国军,2017-01-21 12:56:59,0,2,2,一度以为自己要挂科了没想到绩点居然到3了浓浓师生情啊！
46399,3,汪国军,2017-01-21 12:58:01,1,1,0,老师很棒 是我渣qvq
46402,3,汪国军,2017-01-21 13:09:57,7,9,2,10分。老师第一节课就说，我们班的同学一直学得最好。虽然老师有点莫名的不体贴——同学们，都明白了吗？明白了那我就过了。\n\n但是有这样一个认真负责的老师，又总是夸赞我浙学生聪明，确实很爽。其实说:聪明归聪明，考试周的预习却显得尤为关键。\n\n同意的顶起！
46405,3,汪国军,2017-01-21 14:12:00,15,16,1,浓浓师生情 以及老师太萌啦:因为你们是我的学生 所以你们都是最棒的 好感动\n\n但是就是有的时候跟不上啊 也怪自己没预习吧\n\n
46410,3,汪国军,2017-01-21 13:34:14,7,7,0,其实课前如果真的预习过的话，上课的内容肯定能听懂。（我只预习过两次。。。）不过老师的给分真不错。
46414,3,汪国军,2017-01-21 13:42:11,2,4,2,老师真的炒鸡炒鸡棒！最后分数感觉往上提了  不能再满意  平时讲课很棒  认真听就能听懂的  表示没有预习过也没有问题(当然最好还是预习一下啦)
46437,3,汪国军,2017-01-21 14:14:30,0,4,4,只要你在学，绝对不挂科。
47073,3,汪国军,2017-01-23 14:16:43,1,5,4,老师人挺好的，一直和我们说不用担心平时分最后也真给满了...还忘不了考试前和我们说虽然题很难但有他在是不会挂的。缺点就是讲课太快，经常跟不上然后就水手机睡觉了...
47423,3,汪国军,2017-01-26 07:58:52,8,9,1,总体上这老师是挺好的，平时分能给的基本上都能给满分，上课时喜欢从总体上快速过一遍再讲细节。但在具体讲课时，还是有点过于依赖教科书了。
47431,3,汪国军,2017-01-26 09:37:22,1,2,1,老师特别好，很朴素，一心为了学生，从不摆架子。
47695,3,汪国军,2017-02-18 13:28:25,-1,0,1,666
47752,3,汪国军,2017-02-23 08:47:05,3,3,0,讲得很好，人很友善。\n\n
47870,3,汪国军,2017-02-27 00:07:54,1,2,1,完美，老师人超好的，
47976,3,汪国军,2017-02-28 00:42:46,2,3,1,平时分几乎大家都是满分
48107,3,汪国军,2017-02-28 13:38:35,5,6,1,汪老师很上道，但是讲课比较倾向于讲思想和书本上的例题
48952,3,汪国军,2017-03-18 06:44:49,-2,1,3,小肥手哈哈哈哈哈哈哈哈
50414,3,汪国军,2017-05-02 18:16:10,2,3,1,老师给分超级无敌好!!!我常常跷课小测两次只去了一次也不太会写 老师居然都还给平时成绩100 害我好惭愧好感动 遇到他真的是太太太太幸运了！
50906,3,汪国军,2017-05-08 09:14:51,2,3,1,讲真那些说给分低的，你可以看看自己期末考多少……平时分基本都是满的好吧(∩_∩)，超级喜欢老师，就是线代真的难起来很变态……
51416,3,汪国军,2017-06-05 07:32:47,-1,0,1,超级棒的哇
52145,3,汪国军,2017-06-15 07:01:11,0,0,0,很好\n\n
56337,3,汪国军,2017-07-03 13:58:28,11,11,0,老师特别好，花了很长时间调分不让大家挂
56344,3,汪国军,2017-07-03 14:10:38,4,8,4,老师真的人超好！很可爱！考试的时候安慰我们做不出也没事，然后给分很厚道真的很好很感动。一学期每一节课都去听，老师把抽象的线性代数讲解的非常透彻。数学底子不好的也能听得懂学得会！反正你如果要修线性代数，强烈推荐汪老师?‍?！
56345,3,汪国军,2017-07-03 14:10:52,3,3,0,老师萌萌哒，讲的比较快要注意预习...全是手写板书，跟上老师的节奏你会发现线代学习没那么难(最后谢谢老师超棒的给分，感谢！
56349,3,汪国军,2017-07-03 14:16:52,3,4,1,老师真的无比良心……\n\n以为自己要挂，结果居然上80了……\n\n讲得好，给分更棒！
56350,3,汪国军,2017-07-03 14:20:14,0,2,2,讲课清楚有逻辑，速度适中，还有课堂做题的几回，非常好，想学不会都难。。。
56356,3,汪国军,2017-07-03 14:31:35,0,2,2,上课节奏有点快 不是特别听得懂 但是期末的师生情真的没话说，真的感谢老师
56418,3,汪国军,2017-07-03 16:56:44,5,5,0,给分太感人了，中国好老师，感谢！
56420,3,汪国军,2017-07-03 17:01:56,3,3,0,超级好
56581,3,汪国军,2017-07-04 04:14:33,-1,1,2,给分良心，很慈祥
56582,3,汪国军,2017-07-04 04:20:25,1,2,1,老师超级萌，对同学也很有耐心
57688,3,汪国军,2017-07-12 13:55:19,1,2,1,老师讲的好，非常重视思路的讲解。最后给分也超级好啊，欧氏空间概念没掌握全以为上不了80，结果老师给了90，太感动了
59004,3,汪国军,2017-09-19 05:23:49,-1,0,1,爆炸\n\n\n\n
59396,3,汪国军,2017-09-21 06:41:03,5,5,0,不预习听讲就如同听讲座，人挺好，作业可以有不交次数
59904,3,汪国军,2017-09-28 06:08:36,2,2,0,可爱哦
60316,3,汪国军,2017-10-17 07:14:14,1,3,2,哇真的是非常好的老师，上课非常考虑学生的感受，看好多人在抄笔记就会有小停顿，同学反应讲得太快了就干脆不接着讲了，10分没商量
60656,3,汪国军,2017-10-26 05:07:50,4,5,1,低头记一下笔记，抬头给你一个新世界。老师讲课让我有了预习和复习的动力
60840,3,汪国军,2017-10-31 05:20:19,5,6,1,在给分方面对学生是真的好
61023,3,汪国军,2017-11-07 04:33:41,-4,1,5,说话真的是听不懂
61136,3,汪国军,2017-11-09 03:16:12,2,3,1,老师板书都会手写，上课很认真，超级好
61137,3,汪国军,2017-11-09 03:17:09,22,23,1,小学语文第一名数学第二名于是觉得数学重要初中认真学习数学的老师 20000单词量政治知识储备500页的老师 热爱黑板 讲课一级棒 他说：我不对你们好谁对你们好呢?
62162,3,汪国军,2018-01-24 10:56:03,-7,1,8,他说，“因为基1是基吧”笑死我了哈哈哈哈哈哈哈说鸡不说巴
64178,3,汪国军,2018-01-22 12:47:47,3,6,3,上面看到评论说老师有点歧视社科的，你就自认为自己社科人数学都不好，都很差，就比别人笨？我说也是奇葩，自己不预习听不懂说老师歧视，我敢说社科也有很多同学数学很好。再说说老师讲课，我敢说线性代数他讲的真的无与伦比的好，你可以发现他的思路，以及他提出的一些思考的问题，这样的老师不多见，珍惜吧！
64180,3,汪国军,2017-12-21 08:22:48,9,9,0,不预习很难跟上讲课吧
65273,3,汪国军,2018-01-02 08:02:05,6,8,2,对于跟的上的学生很棒\n\n可是对我这种学渣\n\n这种火箭速度根本跟不上
65427,3,汪国军,2018-01-04 01:55:12,1,1,0,完全为学生着想哇，而且讲的对我来说挺不错的哇哇哇哇
65770,3,汪国军,2018-01-09 05:16:33,-1,1,2,虽然上课不用ppt而且讲的有点快，写的字有点小对后排同学不友好，但是老师人很友好，一心帮助我们远离挂科
66221,3,汪国军,2018-01-13 12:15:17,2,2,0,老师讲线代绝对一流，上课一定要仔细听
68766,3,汪国军,2018-01-24 00:42:44,2,2,0,还没出分
68965,3,汪国军,2018-01-24 07:19:47,0,1,1,浓浓师生情，非常感动。\n\n
68970,3,汪国军,2018-01-24 07:20:50,0,2,2,老师真的特别好，虽然上课有点快，但是如果跟上节奏真的就像是一种享受，而且给分超好，赞
68971,3,汪国军,2018-01-24 07:30:42,14,15,1,1.我的学生当然都是最棒的。超可爱哈哈\n\n2.浙大的学生水平太高了怎么都一讲就会\n\n3.今天还要不要讲下去啦\n\n4.上课飞起来\n\n5.能打12分一定毫不犹豫
68973,3,汪国军,2018-01-24 07:22:33,-1,1,2,平时分给的超好，操作超棒。
68975,3,汪国军,2018-01-24 07:23:06,0,1,1,其实线代主要靠刷题和预习，但是老师人很好啊，浓浓师生情。
68978,3,汪国军,2018-01-24 07:24:26,1,1,0,这老师还可以
68979,3,汪国军,2018-01-24 07:24:56,1,2,1,老师很好，是我不好......
68981,3,汪国军,2018-01-24 07:25:18,3,4,1,虽然好快很多听不懂，但是老师真的太太太好了，很耐心教也不会嫌弃你（抹抹鼻涕）而且平时分给的那叫一个浓浓师生情，真的感动了，赞汪老师
68986,3,汪国军,2018-01-24 07:28:49,1,2,1,很谢谢老师的平时分，自己期末没考好，还是很谢谢老师救我一命。
68988,3,汪国军,2018-01-24 07:29:48,-1,1,2,老师课上的很好，注重连贯的提高性思维。最后谢不杀之恩！
68996,3,汪国军,2018-01-24 07:36:30,2,2,0,谢老师不杀之恩！！！讲课有自己的思路，但是真的要提前预习！给分真的良心啊！
68997,3,汪国军,2018-01-24 07:37:21,4,5,1,良心老师！！！给分浓浓师生情，小测两次我就做出来一半的题目还给满(不过好像很多老师小测都比较水分也高，汪老师小测的题目不水甚至可以说很难了但分数不用担心)，期末80我打死都不信。讲课也很好(尽管有点快)，虽然老实说我一学期下来可能认认真真听的时间加起来不超过五堂课……毕竟线代是可以基本靠自学的，但是如果认真预习了听汪老师的课真的很顺畅，建议坐在前排。人也很萌！我们一起把汪老师刷到10分吧！！
68998,3,汪国军,2018-01-24 07:38:29,3,4,1,太爽了，上课有料认真期末救人毫不手软，各种平时满分保你过（前提是不能太混~）
68999,3,汪国军,2018-01-24 07:37:37,4,4,0,感谢汪老师！！！！！我及格了！！！！太太太太开心了！！！！\n\n老师讲课还是很清楚哒，但是我基础实在差就没办法了23333作业量也还好，交作业方面还超级人性化的！！！\n\n给您打call！！！！！
69010,3,汪国军,2018-01-24 07:41:35,1,2,1,老师超萌，讲得很好，平时分给满
69014,3,汪国军,2018-01-24 07:40:56,4,4,0,老师人很好！！很可爱！！给分也好！！平时分小测分全给满！！就是上课是板书，后排会看不清
69033,3,汪国军,2018-01-26 10:34:05,0,3,3,老师专业素养没的说，照他的说法，专注线代，讲课很有体系，一堂课好几版板书，就是讲的快，而且迷之自信...我们的学生都是很聪明的嘛...给分也好...他说的我不对你们好谁对你们好啊\n\n
69053,3,汪国军,2018-01-24 07:50:51,2,2,0,好老师，平时满分，讲的也不错
69054,3,汪国军,2018-01-24 07:50:52,-1,0,1,
69058,3,汪国军,2018-01-24 07:51:27,-1,0,1,讲课思路很清晰，有化繁为简的神奇能力。
69059,3,汪国军,2018-01-24 07:51:29,0,1,1,汪老师人超好！超可爱！是个体谅学生的好老师，老师讲课很认真，也很耐心解答同学们的问题。
69062,3,汪国军,2018-01-24 07:55:15,11,13,2,汪老师真的很好，平时成绩给的很高，强行把很多人拉出补考名单。老师是个很有思想的人，讲线代讲得很有条理，把知识框架讲的很通俗易懂，不过线代这门课也就是这样，本来就需要一定的思维含量，需要智商，这门课本身均绩就不高，但是老师真的很好，强推。
69075,3,汪国军,2018-01-24 08:02:40,15,16,1,太好了！！！期中48，期末49的我，平时分还给我满了，太感人了，靠着平时分被拉出了挂科边缘！平时上课也很好，讲得很细致，我考得不好纯粹是我个人原因.....大家以后不要学我......
69082,3,汪国军,2018-01-24 08:04:24,0,2,2,老师很好，是我太菜。绩点3.0? 绝望
69101,3,汪国军,2018-01-24 08:23:39,1,1,0,把握课程重点，很多，给分也好，不会让我们吃亏。
69103,3,汪国军,2018-01-24 08:28:16,1,1,0,老师上课一般参考书本。两次小测心如死灰的我竟然平时分不错，多谢老师看期末和期中来给平时分。\n\n有时候争论问题的时候，老师会义正言辞，十分激愤，特别有趣。
69109,3,汪国军,2018-01-24 08:34:56,1,2,1,谢老师不杀之恩(≧∇≦)\n\n平时分给满了，是我自己没有学线代的脑子（*/∇＼*）\n\n汪汪讲课很好，很有条理。\n\n冬天围的围巾很可爱。
69114,3,汪国军,2018-01-24 08:40:08,-1,0,1,不给好评对不起自己
69159,3,汪国军,2018-01-24 09:10:28,-1,1,2,虽然讲得有点快，但老师真的是好老师
69162,3,汪国军,2018-01-24 09:15:04,2,2,0,老师人很可爱，就是课讲的太快了我有点跟不上，考的不好怪我辣鸡不怪老师
69166,3,汪国军,2018-01-24 09:19:42,2,4,2,非常好的老师，平时分给满了\n\n期中考70几竟然最后绩点有4.2\n\n可以说是非常开心了
69186,3,汪国军,2018-01-24 09:46:37,0,1,1,很好的老师呢，讲的好也对学生好，助教小哥哥也很好！
69276,3,汪国军,2018-01-24 11:49:42,0,0,0,老师超级棒，我分低不怪老师，老师尽力了，上课很棒，平时分也给的很好。小测题目挺难的，可以锻炼并督促你学习，最后绩点3.3，可以接受吧，没办法，我太菜了毕竟
69286,3,汪国军,2018-01-24 11:58:15,2,4,2,老师我对不起你，2.4的绩点，没脸了，呜呜呜~
69303,3,汪国军,2018-01-24 12:26:47,3,3,0,我考得不好，但老师好。
69320,3,汪国军,2018-01-24 12:55:27,-2,0,2,真的是巨好的老师，必须给十分！很感谢老师老师一学期的栽培，最后的成绩也对得起一学期的付出！(91/4.5，虽然被卡了一下绩点，不过还是超级开心)
69329,3,汪国军,2018-01-24 13:06:27,0,1,1,师生情满满的！！！
69332,3,汪国军,2018-01-24 13:14:59,1,3,2,老师人真的超好啊，对学生很好，师生情满满，绩点比想象的高很多
69369,3,汪国军,2018-01-24 14:28:36,1,2,1,语速较快，可能是教学任务重的原因。但是老师绝对良心，给分好。
69384,3,汪国军,2018-01-24 14:49:28,2,2,0,啥也不说了，感谢老师不杀之恩。
69387,3,汪国军,2018-01-24 14:52:13,5,5,0,期中48最后还能有3.3太感人了
69424,3,汪国军,2018-01-24 15:40:59,-1,1,2,老师真的太好了！很为同学着想，也会尽量给好分数。建议大家平时多学。线代还是平时积累好。。
69461,3,汪国军,2018-01-24 17:55:35,-1,0,1,棒棒哒
70263,3,汪国军,2018-01-26 10:15:27,0,1,1,平时分给满了 讲的也超级好 分低是我菜 对不起老师QAQ
70283,3,汪国军,2018-01-26 10:49:59,0,1,1,期中20、平时20、小测10、期末50。线代比较抽象，老师确实好好，不过学好线代还靠平时。
70315,3,汪国军,2018-01-26 12:23:32,3,3,0,老师上的很快 建议大家（数学领悟力不是非常好的）都要预习 期中 期末都会空出课来练习 课上也总会感受到师对同学们的关切 ，出分慢 因为老师对同学的成绩持有很审慎的态度 不过是否选这位老师 还得看你适应怎么样的上课节奏
70397,3,汪国军,2018-01-26 14:38:48,1,1,0,超良心的老师！给分很好！上课好好听，就算不听课后努力点线代还是能过的！感谢老师！
70449,3,汪国军,2018-01-26 15:49:17,3,3,0,好老师！超良心！课上的很好，也很关心学生，各种调分给满平时分！他就是那种有攀比心理的老师啦，“别的班里同学分数都那么高不行我们不能吃亏 我也给你们高一点”！
70668,3,汪国军,2018-01-27 10:46:36,9,9,0,老师：我不对你们好谁对你们好呢?大家一定不要担心平时分哦，我的学生绝对不能吃亏的?
71410,3,汪国军,2018-01-28 11:57:11,-1,0,1,蹭了老师一学期课，补上了我大一学的稀烂的线代
71654,3,汪国军,2018-01-29 00:05:52,1,1,0,感天动地好老师
72282,3,汪国军,2018-01-29 21:00:37,-1,0,1,良心老师，讲课超好
72789,3,汪国军,2018-01-31 05:36:30,0,3,3,救死扶伤汪国军！\n\n线代自学两晚，靠平时分拉上及格线！
72863,3,汪国军,2018-01-31 08:14:46,-48,1,49,老师总是说期末考好就行了……但是根本就没调分……期中看太烂了……绩点只有4.2……
73899,3,汪国军,2018-02-03 12:34:33,3,5,2,很好的老师，给分不错，只可惜自己学不好线代，惭愧惭愧，真是忝列师门
74216,3,汪国军,2018-02-07 00:55:16,2,3,1,给分超级好，可爱的老师，线代毕竟本来就需要自学，所以光靠老师成绩一定不会太高
74705,3,汪国军,2018-03-05 08:16:49,6,6,0,老师人很好，讲得很细致，而且平时分给满！！！超好！！！
75439,3,汪国军,2018-03-12 02:02:00,-31,2,33,板书差，给分低，别选
76712,3,汪国军,2018-04-19 02:41:45,1,3,2,老师太可爱了！
79818,3,汪国军,2018-06-14 03:27:59,2,3,1,老师讲的简直不要太好，想上天跟他飞
82746,3,汪国军,2018-07-09 05:10:41,-1,0,1,老师人非常好，讲的也特别好(✪▽✪)
82747,3,汪国军,2018-07-09 05:10:52,0,0,0,老师太好了！！！讲的好，人好，给分好！
83340,3,汪国军,2018-07-10 07:06:51,1,1,0,不说了，这叫幸福
86708,3,汪国军,2018-09-18 05:41:23,3,3,0,快乐线代！
86912,3,汪国军,2018-09-19 10:57:41,1,3,2,赞赞赞
86913,3,汪国军,2018-09-19 11:11:39,-1,2,3,超可爱的老师
86914,3,汪国军,2018-09-19 11:12:08,2,3,1,wwwww\n\n老师也太可爱 太正直\n\n太对我们好了pa\n\n感动了\n\n超好的老师诶
86915,3,汪国军,2018-09-19 11:13:23,4,5,1,老师真的超好，尽量考虑学生，也尽自己的职责，萌萌的哈哈哈
86916,3,汪国军,2018-09-19 11:14:16,2,3,1,合作愉快，每个人加10分美滋滋
87353,3,汪国军,2018-09-27 10:16:03,0,1,1,舒服好玩
87746,3,汪国军,2018-10-11 07:24:13,3,3,0,舒服 讲的很透彻 还很幽默 经常蜜汁自信我们浙大学子都很聪明
88257,3,汪国军,2018-10-25 06:47:50,-1,0,1,棒极了
88307,3,汪国军,2018-10-28 02:26:39,0,0,0,好厉害
88354,3,汪国军,2018-10-29 08:08:15,0,0,0,非常好吧\n\n
88721,3,汪国军,2018-11-06 12:34:11,6,6,0,座右铭:为学生服务。所以老师上课是什么感受大家可以自己体验了。超棒！
88889,3,汪国军,2018-11-11 23:09:35,1,1,0,很有经验！讲课思路超级清晰，有时候会按自己的顺序来讲课，显得有点快，但是真的讲得太好了QwQ，然后经常会问大家有没有听懂，会解释很清楚。
89005,3,汪国军,2018-11-13 15:22:44,3,3,0,很好很负责，希望明天考试顺利
89068,3,汪国军,2018-11-15 05:21:16,-1,0,1,太棒了！超喜欢汪汪！
89213,3,汪国军,2018-11-17 02:18:46,1,1,0,太棒了!!喜欢板书的老师，板书之后还会用ppt在过一遍。对学生超好的有木有，被预制汪老师的课真的超幸运，感动哭
89525,3,汪国军,2018-11-19 11:34:02,1,3,2,老师很负责很好，上课速度较快但是所有点都会讲到，超爱汪汪！
89818,3,汪国军,2018-11-21 02:24:24,-1,0,1,很替学生着想的老师
90874,3,汪国军,2018-11-27 02:36:40,4,7,3,对浙大学生蜜汁自信！汪老师一直坚信浙大可以拳打清华、脚踩北大。口头禅：不愧为浙大学生，浙大学生就是聪明。
91063,3,汪国军,2018-11-29 10:52:46,2,3,1,贼厉害贼可爱
91444,3,汪国军,2018-12-10 11:15:03,-1,0,1,汪老师男神
91503,3,汪国军,2018-12-12 03:29:25,0,0,0,这么好为什么不满分！！！
91826,3,汪国军,2018-12-21 11:02:22,0,0,0,666
91894,3,汪国军,2018-12-24 11:56:09,0,1,1,讲课很清楚，全程手写板书，而且平时分巨厚道，最后给分也很好，强推。
92010,3,汪国军,2018-12-25 11:39:26,-1,0,1,超级赞，暖心好老师
92452,3,汪国军,2018-12-29 04:26:57,1,1,0,认真负责的好老师，为学生着想，讲的很快但很清楚，平时分不错。\n\n
92703,3,汪国军,2019-01-04 01:43:50,-23,3,26,不知道你为什么这么自负…
93173,3,汪国军,2019-01-08 02:55:43,-1,0,1,老师人超好 讲课很看学生感受！
93784,3,汪国军,2019-01-13 16:15:02,1,1,0,好好好
94051,3,汪国军,2019-01-15 04:44:33,4,5,1,能把线代这种天书讲得这么简单也是没谁了！！一个学期过得好快居然结课了好舍不得。每被老师鼓励一次就多那么一点信心的感觉。
94782,3,汪国军,2019-01-18 06:25:39,1,1,0,老师很好，怪我太菜
95039,3,汪国军,2019-01-18 15:27:28,-1,0,1,十分十分，求明天不挂||Φ|(|T|Д|T|)|Φ||
95296,3,汪国军,2019-01-19 07:07:45,0,0,0,挺好的呀
95652,3,汪国军,2019-01-19 22:56:00,0,0,0,好老师，讲课很认真，水平也很高，对学生也很负责。大家加油！
95927,3,汪国军,2019-01-20 08:33:01,2,2,0,老师很好
96243,3,汪国军,2019-01-20 14:52:08,2,3,1,汪国军牛逼（破音）！！
96628,3,汪国军,2019-01-21 08:12:24,0,2,2,现在分还没有出但我真的觉得汪老师太萌啦！！动不动就崇拜我们哈哈啊哈哈哈\n\n讲得也很有逻辑，跟上了觉感觉学的很透彻很爽
96995,3,汪国军,2019-01-21 14:07:14,8,8,0,人超级好 服务学生是口头禅
97587,3,汪国军,2019-01-22 11:40:46,-1,0,1,老师超级可爱
97793,3,汪国军,2019-01-24 03:46:25,3,4,1,谢汪国军不杀之恩
98040,3,汪国军,2019-01-23 04:15:26,-5,2,7,老师人好，讲课水平我感觉一般叭。（这是后来体会到的）。一是他的口音有点令我反感，二是感觉老师只擅长讲课，讲题水平好像不太高。\n\nIn a word ，老师还是很不错的。?
98102,3,汪国军,2019-01-23 05:20:31,1,1,0,老师是特别耐心，讲的特别好的老师！选了无悔！希望给个上4的绩点
98814,3,汪国军,2019-01-24 03:28:17,1,1,0,啊啊啊啊啊啊啊啊谢谢老师，大部分人的平时分都是满的，谢谢老师，线性代数上的很快乐
98815,3,汪国军,2019-01-24 03:29:39,1,2,1,男神汪国军
98817,3,汪国军,2019-01-24 03:31:33,1,1,0,好老师啊
98818,3,汪国军,2019-01-24 03:32:44,4,6,2,选中了就偷着乐吧('ω')，平时分基本满的，强行拉回期末考
98824,3,汪国军,2019-01-24 03:38:39,-1,1,2,我得了3.5\n\n不高但觉得很幸运，两次小测都没做出几题，期末考也没做好，还能有3.5。\n\n老师人很好，真的要认真听课会有很大收获。有点后悔没认真学555
98825,3,汪国军,2019-01-24 03:39:06,2,3,1,老师讲课很清晰，遇到难点会用板书梳理思路，虽然讲的有点快（老师默认浙大学生很强 什么都懂 可惜除了我T﹏T）所以强烈建议大家先预习！本人是个渣渣，期中考甚至挂科，期末拼命补天终于上80，最后老师平时成绩都给满的，只要努力成绩都不会差。
98826,3,汪国军,2019-01-24 03:39:23,2,4,2,感谢老师把我这个期中70的菜鸡捞上四了！平时分能给高尽量给高，给满就直说ma～
98829,3,汪国军,2019-01-24 03:46:36,9,10,1,线代不选这个老师就不算上过浙大
98831,3,汪国军,2019-01-24 03:48:16,-1,0,1,老师很好，平时分给满了，教的也很好，不过最后期末考试低就是自己的问题了……还是要自己好好学……谢谢老师
98833,3,汪国军,2019-01-24 03:49:53,0,0,0,老师超级可爱，价值观也很正，上课有自己的思路不会只是念课本...期末考试考砸了怪自己没好好学，但是老师是真的好
98834,3,汪国军,2019-01-24 03:49:53,-15,0,15,上课感觉非常爽，平时分都满了。还是卡在91，只能怪自己菜
98835,3,汪国军,2019-01-24 03:51:08,0,1,1,感谢汪老师
98839,3,汪国军,2019-01-24 03:54:34,5,6,1,老师真的很好，平时分什么的都给满，线代真的要靠自己努力。讲课板书也很好
98840,3,汪国军,2019-01-24 03:54:39,17,17,0,我还能说什么？为什么没有11分？
98841,3,汪国军,2019-01-24 03:54:50,2,2,0,老师讲课思路很好很清晰，超级喜欢这个老师
98842,3,汪国军,2019-01-24 03:54:53,5,5,0,老师讲的很好，讲得很清楚，当然课前需要预习不少。进浙大碰到这样的老师很幸运。虽然线代最后只有3.6，但这是因为我太菜了。给老师10分
98843,3,汪国军,2019-01-24 03:56:13,3,4,1,讲课很流畅 平时分给满 线代按照汪汪的思路去学不会有错的
98844,3,汪国军,2019-01-24 03:57:32,-1,1,2,感谢老师平时给满...期末让我卡上了4
98846,3,汪国军,2019-01-24 04:00:10,5,5,0,首先，真的真的十分感谢汪老师，给分真的超级好，自己的平时分是满的(也因为这个刚好过了一个三分的档而没被卡绩)。\n\n上课虽然略快，但如果大家理解起来困难还是会耐心地让大家有时间自己思考。每次都早早地到教室了，还十分耐心地为我们答疑，有时候争论题目的语句略激烈了一些也会向我们道歉。\n\n真的真的是非常好的一个老师，一直在为我们着想，有时也会跟我们开开玩笑之类的。线代遇上汪老师真的是十分十分幸运的一件事。
98847,3,汪国军,2019-01-24 04:08:13,-10,1,11,吹爆汪汪！！讲课真的超棒！喜提第一门满绩?
98855,3,汪国军,2019-01-24 04:11:02,4,4,0,汪老师讲课思路真的特别清晰，提前预习过上课问题不大的（虽然上课时会有点迷迷糊糊，但下课再看一遍好了）老师也会一直鼓励大家  让我这个数学菜鸡有了学下去的信心  上课时候突然停下来问同学们对不对的时候挺吓人的 但这种方式更能让同学们记住这些疑惑的知识点 虽然卡绩了 但老师的平时分是满的  只能怪自己期中期末没有在努力多考几分  上了一个学期 感觉是我遇到过最好的老师  汪汪 一个学期下来的合作很愉快！！
98856,3,汪国军,2019-01-24 04:11:53,0,0,0,感谢汪汪
98861,3,汪国军,2019-01-24 04:18:08,2,4,2,虽然绩点比自己预计的略少，但汪老师讲的是真的极好，平时分都给满，强推
98864,3,汪国军,2019-01-24 04:21:11,1,1,0,太棒了！吧！
98865,3,汪国军,2019-01-24 04:21:29,7,8,1,浙大有这么好的老师真的是件很幸运的事情，课的内容很有逻辑性，会把课本中逻辑不易于理解的地方用自己的体系给大家讲。遇到难点会放慢速度，大部分时间使用PPT，遇到较难的概念会先用黑板讲一遍再过PPT，教的非常扎实呀！平时还会强调老师就是为了学生服务（一次作业没交，一次小测2/5也拿满了平时分）。最后期末抢救一下也4.8了！真的谢谢老师！微信群里满满的师生情！
98884,3,汪国军,2019-01-24 04:32:05,1,1,0,汪老师功底很棒，去听过将云伯伯的线代，感觉两者各有千秋，学好线代还是要自己课后多思考琢磨，最后，老师会调分，拉了我一把，赞！
98895,3,汪国军,2019-01-24 04:38:37,1,3,2,萌萌的老师，超棒，线代本来就很难，均绩并不能说明什么，老师上课速度很快，建议一次预习二十页，满分
98896,3,汪国军,2019-01-24 04:38:59,3,3,0,真的是最棒的老师，成绩出来了，本来以为要挂科的我真的谢谢老师。老师上课真的超级棒，是我太菜了，好愧疚。祝老师新年快乐
98897,3,汪国军,2019-01-24 04:40:11,2,2,0,老师特别萌，给人感觉友好亲切和善，给分超级nice～～
98898,3,汪国军,2019-01-24 04:47:14,3,3,0,啊啊啊啊我爱汪老师！出分虽然很慢但是尽力给我们最好的分数，老师上课讲的很好！但是我常常开小差课后也没有好好消化，但即使这样也很开心！谢谢老师
98901,3,汪国军,2019-01-24 04:52:43,-1,0,1,学生是老大
98925,3,汪国军,2019-01-24 05:18:26,6,9,3,看评论里大佬走自己的成绩很迷诶，这不是汪老师的评论版吗？\n\n最后一句话，全浙最可爱就是我汪了
98989,3,汪国军,2019-01-24 06:29:57,-15,7,22,汪老师给了我99，抱歉我只能给你10分，夜月明同学感谢汪老师
99046,3,汪国军,2019-01-24 07:48:53,5,6,1,老师讲课很有条理！也会给时间自己消化！听完汪汪的一堂课下来真的会被逻辑的美感折服！给分也很厚道！强推！汪汪冲鸭！
99105,3,汪国军,2019-01-24 09:09:56,-10,2,12,呵呵，我只能说，对于那些期末发挥失常的人就不要再把平时分故意调低了叭。……无语? ?
99107,3,汪国军,2019-01-24 09:12:08,1,2,1,老师人炒鸡好，给分很高，上课不是照本宣科，融入了很多自己的理解，最后成绩出乎意料的令人满意呢，膜汪老师
99138,3,汪国军,2019-01-24 10:07:16,-1,0,1,老师人好，讲课好，给分也很高
99147,3,汪国军,2019-01-24 10:22:33,0,0,0,体谅学生
99153,3,汪国军,2019-01-24 10:39:12,0,1,1,老师人很好 给分都尽力了 学不好是我们的聪明没达到老师的认知 _ 个人而言还是前半学期听课太少了 导致全程自学 不过没挂已经超过预期 谢谢老师！
99158,3,汪国军,2019-01-24 10:41:35,-1,0,1,讲的很好，给分良心
99166,3,汪国军,2019-01-24 10:59:32,0,0,0,课前多预习一点，上课认真听，汪老师真的很棒啊。
99228,3,汪国军,2019-01-24 12:56:29,1,2,1,老师水平很高，人很好，可我没有认真学
99259,3,汪国军,2019-01-24 13:52:22,58,60,2,“作为老师，我多发表几篇论文又有什么意义呢？对学科发展起不了太大的作用。服务大家，把大家教好，这才是教师的本职工作，做到这一点我就非常满意了。”汪汪老师课上随口说的，大意如此。其他不多说了，感谢汪老师。
99336,3,汪国军,2019-01-24 15:01:50,14,15,1,示学生以美好，授学生以希望。\n\n不求加官累进，但思服务学生。\n\n高山仰止，景行行止。
99445,3,汪国军,2019-01-24 23:32:02,1,1,0,平时满分，老师很关心学生
99605,3,汪国军,2019-01-25 04:03:41,-1,0,1,喜欢喜欢?
101055,3,汪国军,2019-01-27 10:52:15,-1,0,1,大家要预习的!
101237,3,汪国军,2019-01-28 02:35:52,0,0,0,给老师疯狂打call！！线代真的用心去学了可能我少了这根筋 上3⃣️满足啦嘻嘻谢谢老师 太萌啦！！
102032,3,汪国军,2019-01-30 05:50:13,-3,4,7,真的很好的老师，很实在，不搞什么虚的。自己平时没怎么去复习，原本以为自己要挂了，去考试的那天早上一路放着大悲咒去的。幸好考前看了汪老师最后一次课给的题目，考试中很多题目都用到相似的思想。成绩真的出乎意料，刚好卡上了4.5，平时分也给满了，虽然我有3次没交作业，真的良心老师。助教也很好，讲课很细致。如果再给我一次机会，我一定好好学线代。
102055,3,汪国军,2019-01-30 08:38:41,1,2,1,老师非常认真负责，讲课也很有条理，听老师讲课真的是收获颇丰。原本我对线代没什么兴趣，后来这竟然成了我学得最好的一门主课。
102314,3,汪国军,2019-02-01 01:33:48,-1,1,2,汪老师水平很高，他总是对学生很有信心，线代靠自己吧，但是他人很好，给分挺好，会调分，期末会给你平时分很高，挺好的，线代没挂全靠他的
102551,3,汪国军,2019-02-07 12:29:26,0,1,1,给分挺好的
102701,3,汪国军,2019-02-21 09:27:53,6,9,3,汪国军老师，上课认真，打从第一堂课就摆明他就是完全为了学生着想，为学生的平时成绩着想，之后的课还会不断的重复，“小测我不打成绩，大家知道自己的水平就好，这样方便我打成绩。汪汪老师上课的方式是先手写，让同学们知道这个章节的大概念之后搭配着ppt的课件授课，ppt的课件会全部开放给学生。Ppt的课件十分简要，还是要搭配课本一起复习。\n\n	线性代数是一个很抽象的东西，和微积分不一样，强烈建议上课前要预习，而汪汪老师也认为学生就是应该要预习课本的内容。譬如他在讲第三章前半段的内容时，就问同学第四章的内容，那是当然没有人回答他的问题，因此他发了一下牢骚。\n\n	最后我的绩点时3.3，只是平均而已，其中平时成绩97分，感谢汪汪老师。\n\n            ******结论******：汪国军老师时线性代数的首选，不但课教的好，还非常为学生着想。果断10分！\n\n******喜欢就帮忙顶上去!!!\n\n
102869,3,汪国军,2019-02-24 13:14:10,-39,3,42,这个糟老头子坏的很\n\n千万别相信他说的话\n\n说好的承诺简直了\n\n绩点给的极低
102876,3,汪国军,2019-02-24 13:24:52,0,3,3,真的是我见过的最好的老师之一，平时分全给满，绩点不高那是考试成绩差，自己的原因，老师可以说是把能做的做到了最好
103235,3,汪国军,2019-02-27 02:31:14,0,0,0,思路清晰
103311,3,汪国军,2019-02-27 08:23:12,2,2,0,给分很好
103331,3,汪国军,2019-02-27 10:27:18,-1,0,1,老师特别可爱，为学生着想，兢兢业业，让人感动的是老师还经常买学霸餐吃
103475,3,汪国军,2019-02-28 10:15:03,-17,0,17,给9分不给10分，明明考得不错，怎么绩点这么低。。。。老师没说的，超级棒，可能助教的问题
104686,3,汪国军,2019-03-26 03:30:03,4,4,0,像旺仔
105109,3,汪国军,2019-04-04 00:38:19,10,10,0,汪老师真的太好太好了～他上课讲得好清楚，特别特别萌，对学生也可好了，给分很好，他给学生说，你只要好好学，我尽量把你的分打高。记得每次线性代数课上完以后我都要自习一会儿，然后汪老师就会走过来问我，这节课听懂了吗，感觉快不快之类的问题。良心老师，对工作极为负责，屹今为止遇到的最好的数学老师，为他狂打call～
105386,3,汪国军,2019-04-11 07:09:04,63,79,16,汪老师，谢谢您，我在您的课上找到了女朋友！
106006,3,汪国军,2019-04-24 08:15:37,0,2,2,虽然什么都听不懂，但还是听得很开心
107642,3,汪国军,2019-05-08 02:22:14,-19,1,20,emmmmmm啊啊啊啊啊期中前一直认真听啦！期中考试前过了遍课本笔记PPT97，后来飘了，水了几次课，期末补天88，最后4.8还行?
108500,3,汪国军,2019-05-27 05:21:15,2,2,0,不走程序了，直接吹
109304,3,汪国军,2019-06-13 03:37:53,0,0,0,微积分挂两次的学渣听他讲课觉得数学好简单(•̀ϖ•́ )
109532,3,汪国军,2019-06-16 15:18:27,7,7,0,为什么只有9.9分！！平均分早晚会上10的老师啊，上学期上了他的线代课虽然期中期末成绩一般，但是看到两个平时分是双百真的老泪纵横啊，最后虽然卡绩那也是我垃圾没错了
110571,3,汪国军,2019-06-27 13:27:41,-9,0,9,真无聊
112101,3,汪国军,2019-07-03 14:28:30,1,1,0,老师很智慧讲得很清晰 分给得挺仁慈 我一个菜鸡真的非常感谢老师的给分了！！
112105,3,汪国军,2019-07-03 14:43:29,3,3,0,平时分双100
112118,3,汪国军,2019-07-03 15:41:15,1,2,1,吹爆汪汪老师啊！！平时分双百，讲课超级清楚，我们不懂的地方还会刻意停下来给我们时间消化！良心老师！我爱了！
112146,3,汪国军,2019-07-03 17:29:35,4,5,1,听老师的课就是种享受啊，教学方法和学术水平绝逼双一流！平时分双百，外加人帅心好助教小哥哥，满！
112229,3,汪国军,2019-07-03 23:38:50,0,0,0,老师很棒啊
112268,3,汪国军,2019-07-04 00:29:31,2,4,2,老师很好，平时分都满了，是我太菜了。
112310,3,汪国军,2019-07-04 01:18:26,2,3,1,没有给满，是觉得他的语速有点快(其实是我太菜了跟不上，哭)期中考的贼差贼差了，差到对学习失去信心了，本来期中考微积分是线代成绩的两倍的，最后总评分数居然一样。好在期末拉了回来，平时分全满了！！老师真的做到极致了，剩下的就靠自己学了。顺便也要提醒一下以后的小朋友，一定要提前预习一下，及时复习。线代更是一种体系，前面听不太懂没关系，要学到一定程度突然开窍了。
112505,3,汪国军,2019-07-04 15:34:02,-1,0,1,平时分给分也太好了 我爱汪老师
112516,3,汪国军,2019-07-04 16:15:23,0,1,1,啊啊啊啊我除了体育第一门上90的课！！助教超级认真，小测题会自己去印出来让我们做试卷，认真做作业的基本都打100那档，最后平时分给满\n\n本来期中考很难只考了78（话说如果我微积分这个分数我就放心了_(:3」∠❀)_），但是期末莫名变的超级简单，甚至有书上概要的例题，可惜书没看完是我拖累了老师。。。
112637,3,汪国军,2019-07-04 23:21:43,6,7,1,浙大老师的楷模。要是再多一些这样专心教学的基础课老师，我浙肯定会进步很多。
112810,3,汪国军,2019-07-05 03:46:11,-4,1,5,汪汪老师，师生情之典范！期中不及格，期末近满分，平时分给满了，总评4.5。感人至极感人至极。老师讲课逻辑很好，我属于数学菜鸡，不走神的情况下能缓慢地反应过来。总之，好老师，放心选。
113699,3,汪国军,2019-07-07 04:27:06,0,0,0,我爱了
115347,3,汪国军,2019-07-19 06:17:11,3,3,0,老师挺好的，真的
117002,3,汪国军,2019-09-18 06:05:32,0,2,2,千万别发呆！！汪老师语速超级快！！
117011,3,汪国军,2019-09-18 07:42:28,0,1,1,超级刺激
117498,3,汪国军,2019-09-25 06:06:24,8,9,1,汪汪真是太可爱了，时时刻刻处处为同学们着想，一点都没有老师的架子。上汪老师的课，预习真的非常重要。汪汪讲课比较快，但只要认真预习，完全跟得上，他的讲课思路很清晰。一定要预习啊朋友们！（划重点）
117501,3,汪国军,2019-09-25 06:32:00,1,3,2,老师憨憨的，超可爱，讲的也很仔细
117557,3,汪国军,2019-09-26 02:58:34,2,3,1,太可爱了
117574,3,汪国军,2019-09-26 06:31:37,7,8,1,给汪汪10分！大一新生表示任课老师中最棒的！
117775,3,汪国军,2019-10-01 08:45:53,1,1,0,汪汪超级棒
118216,3,汪国军,2019-10-23 06:18:16,-1,2,3,超级超级好的老师！对学生很客气，讲话很耐心，期末给分也应该会很高，给最好的汪汪一万个赞！
118810,3,汪国军,2019-11-06 11:51:00,1,1,0,真的感觉老师好可爱
119071,3,汪国军,2019-11-10 04:39:22,0,0,0,汪汪(^・ω・^ )
119364,3,汪国军,2019-11-12 09:34:36,-18,7,25,讲得很快很快，而且用PPT，刷一下就过去了，真心觉得讲课水平emmmm不大行，预习了的话就能听懂（不过其实预习了就会了，还要他讲个啥）不过听说平时分给超高
120575,3,汪国军,2020-01-13 05:01:02,-1,0,1,徐娜冯科铁塔
120670,3,汪国军,2020-01-15 01:16:51,2,2,0,好老师，讲课透彻，不过稍微有点快。
121419,3,汪国军,2019-12-16 08:17:58,-1,0,1,666
121436,3,汪国军,2019-12-16 06:42:07,-3,0,3,一个好老师就算你在打瞌睡也能让你对关键知识点有印象
121809,3,汪国军,2020-01-22 03:14:26,2,3,1,老师讲课可能有些快（这或许是线代课的普遍现象吧，毕竟课时比微积分少了很多），需要自己稍微预习下，但给分是真的好，强推。
121815,3,汪国军,2020-01-22 05:42:30,3,3,0,老师太可爱了！！人太好了！！选他！！
121848,3,汪国军,2020-01-22 13:34:02,4,5,1,汪汪实在是太好了，捞分一把手，选他没毛病。但是上课前要预习，这个是汪汪强调的。大一能碰到这么好的老师，我何德何能！😆
121849,3,汪国军,2020-01-22 14:18:27,0,2,2,给分巨好
122186,3,汪国军,2020-02-20 00:54:27,2,2,0,给分超好的老师，上课也萌萌的
122245,3,汪国军,2020-02-20 14:40:22,0,0,0,很喜欢吧，很好的老师
122328,3,汪国军,2020-02-24 07:00:43,0,0,0,老师讲课超级棒
122414,3,汪国军,2020-02-27 01:18:08,3,4,1,胖胖的，真可爱
122580,3,汪国军,2020-03-05 03:17:44,5,5,0,汪汪给分超好写了作业做了小测平时分满的！就看个人期中期末成绩，我期中66期末76，总评81…真的是师生情呜呜呜(┯_┯)
122583,3,汪国军,2020-03-05 04:28:49,1,1,0,真的太感动了！很有耐心人也很和善！哭哭！
122600,3,汪国军,2020-03-06 09:41:44,3,4,1,上的线代甲。线代本来就是一门抽象的课，并且不像微积分那样有高中老本吃。汪汪能把抽象的线代讲得很清楚，很赞。另外建议预习，起码知道有什么概念，不然听到一半可能跟不上。老师给分超好。不多说，满分！
122617,3,汪国军,2020-03-09 01:39:57,-1,1,2,人很好，教得也很好
123039,3,汪国军,2020-05-04 02:48:51,0,1,1,老师人太好了，选他，选他，选他
123230,3,汪国军,2020-05-22 03:23:55,3,4,1,节奏感很棒，有吸收知识的快感!
123338,3,汪国军,2020-06-04 03:40:25,1,1,0,汪老师也太好了吧！！！！！真的心系同学，认真负责，选他的没有错
124229,3,汪国军,2020-06-27 14:34:23,4,6,2,汪汪，永远滴神！
125576,3,汪国军,2020-09-11 15:51:21,1,3,2,浓浓师生情
125966,3,汪国军,2020-09-16 05:27:04,4,6,2,超级好，十分不多说
126024,3,汪国军,2020-09-16 14:42:21,4,7,3,关于为了避免“谢谢同学”的尴尬而不得不听课最后混了4.5这件事
126515,3,汪国军,2020-09-29 04:13:04,5,5,0,老师真的超级好，还会在饭点提早下课！
126625,3,汪国军,2020-10-09 07:07:36,2,4,2,老师炒鸡棒！！！！\n\n
126679,3,汪国军,2020-10-13 06:04:13,2,4,2,国军真的是我大一数学老师里最好的了！！\n\n高中数学一般但听起来也觉得很清楚很明白，真正体谅学生，重难点都很突出，国军应该得一百分！！
126916,3,汪国军,2020-10-28 05:37:07,0,0,0,很贴近生活的老师，人很好。
127180,3,汪国军,2020-11-12 03:40:13,3,3,0,正道的光！！！！！
127182,3,汪国军,2020-11-12 04:25:00,3,4,1,老师超级好，超级给学生着想。上课讲的很好，智商很高，有时候担心同学们听不懂还会放慢速度，给同学时间思考。受益匪浅。
127363,3,汪国军,2020-11-21 08:12:16,2,6,4,喜欢他！我被点了几次上去做题，而且有次几乎全写错了，但是老师是真的很好呀！
127630,3,汪国军,2020-11-25 06:09:44,27,27,0,见到过非常棒的老师，就冲他对后勤的那一嗓子（因为后屏幕经常坏，然后后勤不管），我给他10分。另外，水平高的没话说。
128234,3,汪国军,2020-12-14 14:12:44,4,4,0,我们浙江大学的学生不是都很聪明的吗？
128447,3,汪国军,2020-12-23 07:24:24,5,5,0,微积分挺简单的.jpg\n\n○|￣|_
128496,3,汪国军,2020-12-23 11:22:23,0,0,0,理所当然
128666,3,汪国军,2020-12-25 03:17:13,7,8,1,一个字：您\n\n他值得获得学生的尊敬
128847,3,汪国军,2020-12-26 03:08:09,0,2,2,汪汪超级好啊
129044,3,汪国军,2020-12-29 06:07:20,-1,0,1,选了不后悔
129066,3,汪国军,2020-12-29 10:52:50,2,2,0,太可爱了
129085,3,汪国军,2021-01-06 05:12:29,0,1,1,很棒很棒
129143,3,汪国军,2020-12-30 11:21:22,1,2,1,上过的数学课里最好的数学老师了！\n\n讲得好、人也好、给分也好，不过线代确实挺难的～
129267,3,汪国军,2021-01-03 03:36:35,16,17,1,微积分是比较简单\n\n没什么东西
129279,3,汪国军,2021-01-03 07:55:57,27,31,4,“我好羡慕他们教微积分的”\n\n“我好像教微积分”\n\n“微积分是比较简单”\n\n“我们不继续讲下去了，再讲就成微积分课了。”\n\n感谢汪老师的线代课，我的微积分水平得到了很大的提升（x\n\n\n\n宝藏教师。如果感觉跟不上，那说明1.没预习2.没复习3.水平的确不行，而线代这门课的确是这样了，汪老师仁至义尽\n\n虽然没上过别的老师的课，但是我相信汪老师讲的很透彻了，很耐心，也很新颖了\n\n绝对不会后悔。
129285,3,汪国军,2021-01-03 12:43:01,10,10,0,感觉汪老师的授课方式更倾向于让你做好题目，隔壁黄正达老师更倾向让你理解概念。
129299,3,汪国军,2021-01-04 02:44:30,17,17,0,“大家放心，我都这么多年的老教师了，那页讲什么不用看书也知道。”（慈祥地笑）
129411,3,汪国军,2021-01-05 06:26:01,3,3,0,想知道明年老师还教什么课。。。
129485,3,汪国军,2021-01-06 06:33:00,0,2,2,汪国军，yyds
129708,3,汪国军,2021-01-11 08:01:47,0,0,0,好好好
129741,3,汪国军,2021-01-12 01:57:13,5,5,0,好老师，为了让为了让学生会做题目确实教的很明白
129770,3,汪国军,2021-01-12 07:44:56,16,16,0,老师讲的很好，人也很好，等我挂了下学期还会来的
129773,3,汪国军,2021-01-12 07:50:48,3,4,1,汪老师，yyds
129774,3,汪国军,2021-01-12 07:53:00,6,6,0,曙光在前了，挂科还会远吗？
130152,3,汪国军,2021-01-18 06:53:43,1,3,2,wgj：线代不是有手就行？
130830,3,汪国军,2021-01-25 01:36:51,7,8,1,汪汪保我线die求求了，考前拜一拜
131682,3,汪国军,2021-01-28 11:48:16,1,3,2,特别好的老师
132254,3,汪国军,2021-01-31 09:31:34,4,6,2,绝对满分，老师上课水平非常高，给分也超级好，助教老师捞人水平很厉害，就是线代这门课确实难^_^
132284,3,汪国军,2021-01-31 13:24:41,69,73,4,蜜汁自信：我们浙大学生就是好，一节课可以讲6节内容。我？？？那节课很痛苦。。。当然这是线代课程安排的问题。\n\n老师在本学期创造了大量的表情包，诸如“微积分还是很简单的”“倦了”“我不喜欢数学，我想学化学，但是数学系能够保送所以我就来了”。憨然的外表，碾压的智商，简直是偶像般的存在。\n\n至于老师是个什么样的人，我想通过下面这件事应该就能窥见了吧。最后一节课前，老师说下周可能要去陪他父亲看病，所以会请研究生来代课，问我们能不能接受。得到我们的理解后，他还不停地道歉说“为人子女有的时候真的没有办法”。我们学生在他心中重要到了什么地步，不言自明了吧。\n\n另外吹爆助教小姐姐，非常可爱！！！可爱到：铃响十分钟后才意识到上课、日常不会做题需要同学帮助、布置作业连续两次把ddl设在当天，给大伙带来无尽的欢乐。当然，瑕不掩瑜（指xjj的颜值）！
132285,3,汪国军,2021-01-31 13:37:27,2,3,1,真不错
132616,3,汪国军,2021-02-03 00:44:18,12,12,0,水平很高，原本喜欢化学的他因为保送学了数学，但yysy线代真的难，虽然绩点不高但依旧不影响我给可爱的汪老师打上满分～
132680,3,汪国军,2021-02-03 09:44:19,6,7,1,谢谢老师，春风化雨
133063,3,汪国军,2021-02-07 12:01:28,16,16,0,微积分是比较简单.jpg\n\n上课不提前预习，是对老师高超水平的极大浪费
133099,3,汪国军,2021-02-08 05:52:08,5,7,2,上课yysy跟听天书一样  但是下来自己琢磨琢磨其实线代也不是那么那么深奥了（手动狗头）
133432,3,汪国军,2021-02-28 13:00:53,2,5,3,挂科当然是我的问题了。
133585,3,汪国军,2021-03-02 10:16:36,2,3,1,早知道就好好预习了
133724,3,汪国军,2021-03-04 08:10:14,-1,1,2,老师非常好
133794,3,汪国军,2021-03-05 11:13:08,44,46,2,憨厚朴实的外表 无情碾压的智商
135756,3,汪国军,2021-05-23 21:13:35,-45,16,61,以下内容不针对汪老师，仅为我个人在学习线代过程中的疑惑;\n\n1.行列式为何要如此定义，它除了解方程组还有什么作用？\n\n2.矩阵的本质是什么，矩阵乘法为何要定义为前一个矩阵的行与后一个矩阵的列对应元素相乘，它的几何意义是什么？\n\n3.为何我只觉得教材在空降概念，逆序数，矩阵的秩，特征矩阵莫不是如此？\n\n4.为何我觉得教材上的证明佶屈聱牙，思路清奇\n\n5.为何我一学期上下来根本不明白自己学的到底是什么，到底用来干什么的，因为它既不“线性”，也不“代数”\n\n如果自称中国高校TOP3的浙大所开设的一门80%的人都要上的一面基础数学课连这些我认为对初学者来说至关重要的问题都无法回答，甚至上完后除了会算行列式和矩阵外啥都不会，我是否可以断言这门课程的体系设置是很不合理的；同时我注意到本校的线代教材已经使用了20年，这是否意味着线代的教学体系几十年来基本就没变过。\n\n最后，请允许我说，编教材的人是猪，数学科学学院的领导，全是🐖
136101,3,汪国军,2021-06-11 02:54:13,4,5,1,讲课讲的很好，能让你懂。
137488,3,汪国军,2021-07-04 12:25:22,0,1,1,老师讲得超级好～
137730,3,汪国军,2021-07-06 02:22:33,0,0,0,打个十分求汪汪捞5555🥺
137972,3,汪国军,2021-07-07 03:15:34,3,3,0,wgjyyds（线代让我过吧球球了）
138192,3,汪国军,2021-07-08 01:05:49,17,19,2,我想来回答一下那位同学的疑惑。行列式是怎么定义出来的，我一开始也问过老师，老师说有三种定义的方式，但是有很多东西现在和你讲你的知识水平还不够的。线代有很多问题都是这样，有很多问题要用到之后的知识来解决。有些疑惑以目前的水平和你讲了你也听不懂的。其实不只是线代的学习，其他的有许多事情你是要站到更高的层面才能理解的。你会愿意为这些疑惑去学高代，抽代吗？还有说到教学的改革问题，你这算撞枪口上了。汪老师都说了好几次我们这是最后一届用老教材了，明年就用新教材了。线代上课的逻辑大概有三种，一种就是像我们这样从行列式开始上，我也在B站听过丘维声老师的高代课，是从线性方程组开始讲的，之后再引出行列式，还有些比较厉害的上来就直接线性空间。线性代数，只含一次项的方程是线性的，从这里开始研究方程组的理论，衍生到后面的线性空间，所以叫线性代数，老师不是上课第一节课就说过了吗。学习上有疑惑，不问老师，不自己想办法解决，在那里骂人，我也真他妈项骂你啊。
138484,3,汪国军,2021-07-09 12:59:45,4,5,1,来浙大发现的最好的老师，真正的为学生全方位着想，教学水平也很高
138496,3,汪国军,2021-07-09 14:09:46,3,5,2,汪老师会尽量捞所有卡绩的，我真的爆哭，我爱汪老师呜呜呜
138538,3,汪国军,2021-07-09 16:21:15,12,13,1,汪宝yyds\n\n每节课都给我们时间去理解和整理每个讲到的知识点，这个对大学数学课程实属难得，也非常必要\n\n老师超级可爱，每次都说我们班同学比较聪明所以进度快（其实他自己讲的比较快哈哈哈哈哈），上课前走廊上都能看到运动的jiojio，解法问题的时候思路清晰、让人醍醐灌顶\n\n虽然撞上了变态的期末，但是还是感谢汪宝浓浓的师生情！！！
138964,3,汪国军,2021-07-12 04:10:18,14,14,0,来折大印象最深的老师，憨厚的外表，碾压的智商，而且人很好从不为难学生
139218,3,汪国军,2021-07-13 09:59:49,-14,4,18,感恩汪汪，线代满了。线代这个东西还是要靠自己悟，汪汪已经尽力了
140524,3,汪国军,2021-09-13 10:22:21,0,1,1,太好了
140590,3,汪国军,2021-09-14 05:36:13,1,3,2,非常有趣
140829,3,汪国军,2021-09-16 14:18:32,1,7,6,上课如疾风，自学乃真谛
141274,3,汪国军,2021-09-28 04:11:09,2,4,2,讲的很清晰，学生认真听都能听懂，态度特别好，而且体谅学生，完成课程任务会提前下课让学生去吃饭，真的强烈推荐汪国军老师！！
141442,3,汪国军,2021-10-09 04:16:48,-1,2,3,很体谅学生
142055,3,汪国军,2021-11-05 02:09:55,0,1,1,汪汪的线代课讲得太好啦！太有意思啦！对学生也很好
142166,3,汪国军,2021-11-08 05:22:53,4,4,0,来浙后印象最好的老师了\n\n很体谅学生，知道绩点对我们很重要平时分扣的很少很少，考试考好就行啦
142650,3,汪国军,2021-11-15 02:27:58,0,1,1,讲到清楚，真好
143455,3,汪国军,2021-11-25 13:28:38,2,3,1,老师超级棒，讲课很认真，容易理解
143776,3,汪国军,2021-12-06 03:38:53,-1,1,2,好老师！！！
144149,3,汪国军,2021-12-19 15:47:24,0,2,2,超级好的老师，听不懂就多听几遍
144483,3,汪国军,2021-12-22 00:51:54,16,17,1,老师很好 助教是真的sb
144675,3,汪国军,2021-12-23 05:29:41,5,6,1,老师讲课讲得好，人也超级好，笑容憨厚可爱
144757,3,汪国军,2021-12-23 12:45:32,8,10,2,虽然我不怎么喜欢学习，但听汪老师的课真的是一种享受，非常喜欢。
145444,3,汪国军,2021-12-29 15:13:17,3,5,2,超级好的老师，真的，从教学到人格都非常有魅力。
145898,3,汪国军,2022-01-04 02:34:33,22,27,5,有一说一汪老师人确实很好，但是一个学期下来线代的体验不是很好。原因有以下：\n\n1.老师讲课速度很快，虽然讲的确实很透彻，但是我个人觉得听课听懂了不等于会做题，常常是听了觉得理解了，考试的时候怀疑人生，很打击信心\n\n2.这学期的Z姓助教不大好，问问题已读不回，习题课讲得很枯燥，说话断断续续，期中考试和小测批的很死，从不放水，我期中考明明做出的比上别的老师的课的室友都多，结果室友全都90多，我只有80多，虽说求是改卷无可厚非，但是这样有比较以后确实很不平衡。最难受的是助教考完以后的一句冷漠的“查卷可以，查出来有问题的加两分，没错的倒扣五分”，真的让人很不舒服。不想麻烦的话可以不要来当助教的，谢谢\n\n3.老师平时布置作业偏简单偏少，想拿高分的同学不要忘记自己刷题。我本来以为跟踪老师就可以了，没想到考试的东西很多还是不会。
146453,3,汪国军,2022-01-06 15:03:57,0,4,4,好老师！
146517,3,汪国军,2022-01-06 23:40:36,0,5,5,老师讲课很好，把书上写得很复杂的定理都给大家讲得更容易理解，经常跟我们说要好好听他的课，书上写得复杂。然后就是助教也很赞，会给大家拓展好多内容，还会给我们分享他自己的专业书上的内容，帮助大家解答问题。老师作业也很少，还是需要自己再花点时间去做点课外题的。并且老师很有礼貌，非常谦逊，网课期间即使是让同学们听懂了打个1，也会跟大家说好几声谢谢。总之，老师非常棒，无论是讲课还是为人都很棒！
146560,3,汪国军,2022-01-07 02:34:54,3,7,4,老师很和蔼，讲课真的很好，会把很抽象的概念用很简明的方式解释出来，真的挽救了我的线代学习，选上课的可以偷着乐了
146688,3,汪国军,2022-01-07 08:08:37,1,5,4,谢谢汪汪！
147943,3,汪国军,2022-01-11 07:46:39,0,3,3,讲课很好
148241,3,汪国军,2022-01-12 02:54:17,-6,8,14,汪老师真的太棒了！妥妥的10分！人品和上课水平都超顶，而且给分超好！\n\n一再强调，能给的分一定会给到同学们，最后确实被捞了一把。虽然分数还没出但是得分明细出了，估计刚好满（\n\n汪老师上课会把知识点讲的很明白，有一次还让我们把晦涩的定义语言转换成通俗的语言来描述，特别有助于记忆和理解。\n\n上课讲的例题和课后布置的作业稍稍少了一点，不过刷题是可以自己用课后时间弥补的。\n\n\n\n本来想出分后再评价的，可是看到楼上有喷Z姓助教的，我猜是zzh小哥哥。我想说zzh是我这学期所有助教里最认真的，没有之一。\n\n1、“问问题已读不回”于我个人是从来没有发生过的事情，zzh每次几乎是秒回，而且讲得非常透彻。\n\n2、改卷、出分极快，而且成绩公开透明，会在群里发PDF，期间可以申诉。\n\n3、会整理历年卷！这点是最棒的！期中考前整理了历年卷及答案发在学在浙大，期末考前在群里发了去年的卷子（去年卷学解和蓝田文印店都没有）。多亏了他我才搞定今年的压轴。\n\n我室友是汪老师的另一个班，助教不同，每次卷子还得问我要！吹爆zzh！\n\n（zzh习题课讲的东西好像确实偏难了一些）
149296,3,汪国军,2022-01-15 04:17:55,1,5,4,哇哇哇哇，汪汪好好。平常讲课会快一些，但确实通俗易懂。我这个学期没怎么预习，就没节课后都需要再过一遍，虽然也能掌握，不管预习确实管用。希望下个学期的uu们要记得预习。然后捏，老师人好课好给分好。遇到汪汪就是我的荣幸。
149303,3,汪国军,2022-01-15 04:34:43,-1,3,4,10分，第一学期遇到最好的老师
149306,3,汪国军,2022-01-15 04:38:08,0,3,3,10分，水平很高也很和蔼的老师
149326,3,汪国军,2022-01-15 05:51:18,-14,3,17,汪老师真的很好！助教明明也很棒！\n\n虽然出分好像确实好慢(1.15还没有)\n\n但是明细已经出了，我也是刚好被捞满\n\n\n\n虽然改卷很严格但是最后调分很好啊！而且助教老师真的很负责！\n\n另外，教材虽然很晦涩，但是汪老师讲的很通俗易懂，就是节奏可能有一点点快，不太能容许开小差，但是这也说明干货满满！只要集中注意力听下来不会太困难的！
149327,3,汪国军,2022-01-15 05:51:18,-13,2,15,汪老师真的很好！助教明明也很棒！\n\n虽然出分好像确实好慢(1.15还没有)\n\n但是明细已经出了，我也是刚好被捞满\n\n\n\n虽然改卷很严格但是最后调分很好啊！而且助教老师真的很负责！\n\n另外，教材虽然很晦涩，但是汪老师讲的很通俗易懂，就是节奏可能有一点点快，不太能容许开小差，但是这也说明干货满满！只要集中注意力听下来不会太困难的！
149333,3,汪国军,2022-01-15 06:05:29,0,4,4,很为学生着想。基本不管平时作业，主要是期中期末和两次小测。考好的话一定能拿高分，老师还会适当捞人
149518,3,汪国军,2022-01-15 18:19:18,5,8,3,选汪老师，绩点比别的老师可以高一档，老师会帮你处理卡绩问题，讲的也很清楚，很关照学生，很好的老师。
149630,3,汪国军,2022-01-16 08:40:48,1,3,2,讲的还可以，给分还行，不卡绩。
150047,3,汪国军,2022-01-18 13:37:04,2,4,2,选他！！！
150050,3,汪国军,2022-01-18 13:44:36,-9,3,12,上汪汪的课记得预习!预习!预习!听课精神要饱满!不然就会像我一样听的很吃力(\n\n不过老师给分很好，考试考的好的话总评一定不赖的，线代也给了我大学第一门4.8，成功把我这学期均绩拉上4了呜呜呜
150060,3,汪国军,2022-01-18 15:21:01,2,5,3,汪老师讲课深入浅出，作业不多，给分很好，不会卡绩。但是讲课速度比较快，需要提前预习。
150199,3,汪国军,2022-01-20 08:02:36,6,9,3,超级棒的老师，谦逊有礼貌，嘴上挂着谢谢，绩点超好从不绩杀！
151076,3,汪国军,2022-02-23 00:19:02,2,4,2,像个战神！
151224,3,汪国军,2022-02-25 02:48:58,22,23,1,说的最多的话就是“你们好好学好好考，我知道绩点对你们很重要会给你们的”\n\n确实，感谢大捞我的线代绩点\n\n全程板书不用任何一张ppt，上课速度比平均速度要快但是让人感觉讲课并不快，还能留下点时间在课上复习就很爽
152637,3,汪国军,2022-04-17 01:47:23,5,5,0,老师人真的很好，而且讲课很认真生动
152998,3,汪国军,2022-04-23 09:46:32,17,19,2,助教光讲没用的了，习题不巩固
153977,3,汪国军,2022-06-28 01:35:32,30,32,2,当你对教材一头雾水时，唯一的办法就是选教材编者的课。\n\n\n\n6.28更新：（恭喜汪汪突破9.98）\n\n线代很难，21年秋冬人均满绩是不可能再现的了。但汪老师很尽心地打捞。\n\n\n\n最后附上汪老师学好线代的两点总结：\n\n1.对秩的理解 2.对无关的理解
155515,3,汪国军,2022-06-14 01:42:35,3,3,0,上课真的好快啊，难绷，但真的上的很好而且为学生着想
157243,3,汪国军,2022-06-22 13:41:02,0,3,3,大爱！
157907,3,汪国军,2022-06-25 12:06:45,2,5,3,感动😭，必须十分
158140,3,汪国军,2022-06-27 06:53:12,3,8,5,谢谢老师和助教把我平时分特意调低了一点，这样离上一档差1.6就没法捞了，不过没事，是我太菜了导致得分全看老师，我的问题...下半年重修的时候我还是去学高代吧，线代这个体系太奇怪了
158754,3,汪国军,2022-07-02 01:51:05,0,3,3,老师人挺好的，上课时候比较有精神，不会让人听睡着这种
159350,3,汪国军,2022-07-14 09:00:53,2,5,3,汪汪上课真的很有趣很可爱，是数学渣渣也不舍得瞌睡的课。上课节奏很舒服，如果看我们都懵懵的还会停下来问听懂了没有，没懂会重新讲一遍，难点都会讲得很仔细。
160367,3,汪国军,2022-09-20 10:16:05,5,6,1,“我们浙大学生都是很聪明哒！”\n\n“你们听懂了嘛？你们真的听懂了？？？\n\n没听懂我在讲一遍的嘛”\n\n由于不敢当面对峙老师而在钉钉上被老师突如其来的语音通话吓了一跳，老师：“不要害怕我呀，我又不凶的喽。。”\n\n太可爱了无关绩点必须十分！！！\n\n下次挂科还来抢军军的课！！！
160539,3,汪国军,2022-09-26 07:16:48,-1,1,2,55555
160684,3,汪国军,2022-09-30 15:56:57,0,1,1,好可爱哇哈哈哈
160721,3,汪国军,2022-10-06 15:58:07,0,0,0,好好好好好好好好好好好好
160875,3,汪国军,2022-10-17 23:57:24,1,1,0,abababababa
161318,3,汪国军,2022-11-04 05:28:54,6,7,1,老师非常好！是会努力把学生教懂的。助教xgg非常nice，难得上课会每次全程听完的课。
161711,3,汪国军,2022-11-22 07:44:52,6,6,0,太和蔼了，萌萌哒~\n\n男上女下，上导下积~
162365,3,汪国军,2022-11-21 03:53:48,-1,1,2,老师很可爱讲的也很好，学不懂是我自己的问题😭
162389,3,汪国军,2022-11-21 11:31:40,0,0,0,真的很认真的老师，yyds！
163063,3,汪国军,2022-12-07 04:47:57,0,0,0,好老师！
163867,3,汪国军,2022-12-16 09:42:57,1,3,2,超级超级好的一位老师，讲课清晰易懂，幽默风趣。经典“谢谢大家”“对不住各位”
164015,3,汪国军,2022-12-17 09:34:21,39,40,1,如果汪国军都救不了你的线性代数，那耶稣也救不了
164548,3,汪国军,2022-12-21 16:16:56,1,1,0,带飞！！！
165343,3,汪国军,2023-01-02 02:55:49,-1,0,1,h g
167040,3,汪国军,2023-01-14 17:10:52,2,3,1,我爱汪汪！\n\n讲课真的很有趣
168433,3,汪国军,2023-02-16 09:54:16,-17,2,19,虽然但是原谅我只能呵呵谢谢
168803,3,汪国军,2023-02-22 10:02:38,-10,3,13,上课质量好，但是给分很求是，汪老师这两年已经被束缚住了，没法捞，你考出来是多少就是多少
168804,3,汪国军,2023-02-22 10:02:37,-4,3,7,上课质量好，但是给分很求是，汪老师这两年已经被束缚住了，没法捞，你考出来是多少就是多少
168950,3,汪国军,2023-02-23 15:51:37,0,1,1,好好好
169131,3,汪国军,2023-02-24 11:39:59,7,7,0,ma，太好了。\n\n汪宝，aisinil
169132,3,汪国军,2023-02-24 11:41:06,4,5,1,好老师！！！
169134,3,汪国军,2023-02-24 11:46:50,4,6,2,汪汪课讲得好，分给得高！表白zps助教，狠狠地捞我一把！
169136,3,汪国军,2023-02-24 13:08:46,33,35,2,在下不才，平时小测考试均没及格，本意挂科，今乐见总评60分，绩点1.5，涕泪交加，幸甚至哉，不知何言😭愿认国军为义父，在此三跪九叩了！！！
169137,3,汪国军,2023-02-24 11:59:55,2,4,2,给分真的很好，没怎么上过课也没做过题也过了，真的，本来已经准备补考了
169152,3,汪国军,2023-02-24 12:58:56,4,4,0,给汪老师磕一个
169217,3,汪国军,2023-02-24 16:37:51,2,3,1,给分超好
169318,3,汪国军,2023-02-25 11:44:04,1,2,1,讲课清楚作业少，助教gg也很好，最后还很能捞，wgjyyds！
169365,3,汪国军,2023-02-25 14:56:36,0,1,1,被海底捞了！！感谢wgj爸爸不杀之恩呜呜呜呜
169415,3,汪国军,2023-02-26 04:39:11,5,5,0,老师讲课很好，不必说，然后预习会更好，作业交了就是满分，甚至允许一两次忘交，不过大家记得做mooc.\n\n给分个人感觉也很好，感觉同样是赋分但比例（或者从结果来看）比其它老师也许好一点点？\n\n感觉自己是被捞了一点点。\n\nwgj老师yyds！
169533,3,汪国军,2023-02-26 23:55:29,2,2,0,老师人讲的超级好，期末给分也十分给力
169649,3,汪国军,2023-02-27 09:00:09,9,10,1,海底捞，10分是这个系统的上限，不是我对汪教授评价的上限
170297,3,汪国军,2023-03-02 14:03:56,13,16,3,本来没想着来评论，去教室碰巧遇见汪老师是上一节课，老师亲切地和我打招呼还说“你好像考得很不错”，于是又想起那可能再也听不到的熟悉的a11，a1哦，a哦1，a哦哦，不禁有些时过境迁之伤感。\n\n诚然，如果汪老师救不了你的线代，那么上帝也救不了了。汪老师上课按照自己的理解而非课本来讲，讲得十分清楚，而且还会根据同学们的反应决定是否要对难点再讲一遍，这在我遇到过的老师中是稀有的。老师有时会提问，不过纯属提神醒脑，没有加分。有时还会讲一些趣事活跃气氛。\n\n关于捞不捞的事，期中期末是没有赋分的，所以还是要认真学一下。\n\n不同于微积分，线代是一门全新的课程，在知识层面大家都是一样的起点，所以很见学习能力，学得虽然很累，但是真正考过了，又有些不舍了。最后祝各位冲高者满，重修者过。
170561,3,汪国军,2023-03-06 13:34:40,0,1,1,真的捞了，感动！
171673,3,汪国军,2023-03-31 13:55:07,0,0,0,非常棒的老师
172753,3,汪国军,2023-05-06 06:13:10,3,3,0,感谢汪教授！兼具严谨思维与人文关怀
173854,3,汪国军,2023-06-03 15:44:56,1,1,0,当之无愧好老师
174132,3,汪国军,2023-06-06 12:47:31,-1,1,2,汪汪汪
175855,3,汪国军,2023-06-27 03:29:26,4,6,2,提前打10，汪老师是我上浙大以来遇到过讲的最清楚的老师，点名甚至提前通知你，祈求线代高分
176160,3,汪国军,2023-06-28 03:33:45,6,7,1,良心老师，始终把学生的权益挂在自己的嘴边，线代讲的很细，给分一般很捞，绝对的好老师，选就对了
178689,3,汪国军,2023-07-18 03:27:57,7,7,0,汪国军老师是一个很可爱的老师哈哈哈哈\n\n因为上的是下午六七八节的课 有些时候还会看到他双手托腮睡觉\n\n老师对待学生真的很用心也很耐心\n\n说的最多的话就是 我们肯定是为学生着想为学生服务\n\n课讲得也很好 就是有些时候有点快（是我脑子转得慢）\n\n需要课后再花些时间去思考梳理\n\n老师在第一节课就一直强调要预习 预习进度得比上课进度快20页\n\n哈哈哈哈反正我是一学期都没能做到\n\n但最后绩点拿到了4.8！！！（感谢汪汪的捞捞）（泪目）\n\n对于我这种有点小懒的文科生来说，课上认真听讲+课后花一点点时间梳理的学习方式貌似还不错~\n\n\wgj/\wgj/\wgj/
178809,3,汪国军,2023-07-24 01:21:14,3,6,3,和蔼可亲讲得好  很难不喜欢
179525,3,汪国军,2023-09-18 02:32:16,1,4,3,好老师，不多说
179548,3,汪国军,2023-09-18 06:10:49,31,32,1,人很好，但空调太废物了
179563,3,汪国军,2023-09-18 08:38:03,8,9,1,空调修一下
179654,3,汪国军,2023-09-19 06:02:25,3,5,2,感恩 好老师 能选到真的很幸运 好可爱 啊哈哈哈哈
179657,3,汪国军,2023-09-19 06:10:26,3,3,0,空调修一下
179658,3,汪国军,2023-09-19 06:10:25,4,4,0,空调修一下
179660,3,汪国军,2023-09-19 06:19:26,2,3,1,屋里比外面热
180358,3,汪国军,2023-09-21 08:11:11,0,1,1,拉只因空调
180775,3,汪国军,2023-09-26 05:40:08,1,2,1,可以的好老师
181208,3,汪国军,2023-10-11 12:46:27,10,12,2,wgj没有10.00我痛心疾首
181363,3,汪国军,2023-10-16 03:19:51,0,1,1,选就完了
181628,3,汪国军,2023-10-25 00:04:05,11,13,2,懂什么叫做”这周没有作业“还为了让我们小测考好点给我们上习题课的实力吗
181771,3,汪国军,2023-10-31 07:50:50,2,2,0,怎么说 虽然听不懂课（是我太菜了）\n\n但是老师人很好  泪目
181789,3,汪国军,2023-11-01 00:21:57,10,11,1,非常好老师，爱来自浙里
183937,3,汪国军,2023-12-04 06:16:36,8,8,0,《a11催眠曲》
184727,3,汪国军,2023-12-22 10:41:29,13,17,4,ai~jie~，矩阵的nie~hhh
184811,3,汪国军,2023-12-23 04:27:47,5,6,1,黄正达的现代教材写得并不是很易懂，但是汪老师已经做到非常尽力了！无论是智云还是去教室上课都能收获满满OVO
184987,3,汪国军,2023-12-25 05:29:49,4,4,0,满分，他值得
185469,3,汪国军,2023-12-30 02:48:19,0,3,3,太好太好太好的老师
185670,3,汪国军,2024-01-03 11:49:15,1,1,0,汪老师讲课讲的很清楚，而且对学生很认真，特别负责
185903,3,汪国军,2024-01-05 15:37:05,2,3,1,是为学生利益考虑的老师
186178,3,汪国军,2024-01-09 08:59:32,0,1,1,特别喜欢汪老师，汪老师捞捞
186470,3,汪国军,2024-01-11 08:14:43,3,4,1,学不会线性代数，可以是我的错，数学的错，但万万不是汪老师的错
186516,3,汪国军,2024-01-11 12:18:11,5,6,1,您将学生放在心里，学生将您高高捧起！！！
187124,3,汪国军,2024-01-14 14:54:09,2,4,2,神中神，进浙大遇到最好的老师，上课有条理，会脱离课本用自己的理解来讲课，通俗易懂，把线代这么抽象的学科讲的非常透彻，无脑选无脑选！
188122,3,汪国军,2024-01-18 08:39:29,2,3,1,上课逻辑通透、条理分明，能把答辩绿皮教材上写的很复杂的东西讲的通俗易懂\n\n汪老师人也很好，很会考虑同学们的感受，认真学他的课，线代一定没问题！
188123,3,汪国军,2024-01-18 08:40:12,0,1,1,虽然还没出成绩，但是我真的特别爱死这个老师
188277,3,汪国军,2024-01-18 14:20:42,1,2,1,老师讲得好，人也很好，还很会捞，能把史一样的教材讲通透真的牛
188288,3,汪国军,2024-01-18 14:49:24,-1,0,1,不用问，问就是无脑十分
188327,3,汪国军,2024-01-18 15:44:06,-5,0,5,老师讲课很有耐心，给分也很好，喜提大学第一个满级！
188362,3,汪国军,2024-01-18 18:16:29,4,4,0,牛！超级好的老师，讲课无比清晰，本人没提前学，一开始自己看教材都看的不自信了，结果按老师要求认真完成作业+适度预习直接拿下满绩，爱死汪汪辣
188599,3,汪国军,2024-01-19 10:47:09,0,0,0,特别特别好（各种意义上）
188676,3,汪国军,2024-01-19 13:44:00,2,2,0,真的很关心学生，“我也知道绩点对大家很重要，不会在这方面为难大家”，只要愿意下功夫学汪老师给的分绝对是好看的，上课氛围也很好而且本领过硬，真的很感谢汪老师（wjf绩点被助教卡了之后感慨颇深）
188764,3,汪国军,2024-01-20 01:31:44,0,1,1,很好的老师，无脑选就对了，其他评论应该也都可以看出来。这里给大家一点小小的提醒，三次小测要好好准备，但如果考得不好也请不要沮丧，因为老师小测的分给的真的很好，像我一次60一次65（都是平均分以下的水平），本来以为小测分要完蛋了，最后发现也没扣多少（27/30），结果总评拿到了比预期高很多的分数，真的很感谢汪老师！
188905,3,汪国军,2024-01-20 13:57:37,5,5,0,神中神
189048,3,汪国军,2024-01-21 12:13:26,5,5,0,线代甲，完全不点名，事巨少，很捞人，但同学们记得MOOC要认真完成
189691,3,汪国军,2024-01-27 02:27:34,1,1,0,老师课讲的很好，把线代这种偏抽象的内容讲得深入浅出，课堂氛围也相当不错，老师也很幽默。不点名。会回答同学问题。\n\n平时作业量还行。只要肯付出点时间，平时好好上课，作业好好做考试正常发挥最后给分还是挺好的。老师也会提醒同学做mooc。\n\n老师总是提前不少就来上课。下午的课，老师可能也在教室前面小睡一下子。刚上课老师总会和我们说他的孩子和我们差不多年纪所以他看我们就像看他孩子，说“你们负责好好学，我负责好好给分。”然后老师会认真讲两个半小时的课，夏天甚至能把衣服讲湿。下课总是伴随着一句“谢谢大家”。\n\n很好的老师。
189816,3,汪国军,2024-01-30 04:57:12,0,1,1,老师很厉害，是我太捞了
190159,3,汪国军,2024-02-24 06:37:58,7,10,3,线代甲，作业（允许两次不交）+MOOC+小测（3次，根据习题课班级排名赋等第）+期末考\n\n课虽然难但是跟着老师走认真学一定可以听懂\n\n平常上课很风趣，会为自己的字体害羞，喜欢挖坑让同学们跳（逆转裁判“异议”一样的讲法让人印象深刻）\n\n会提醒你课前预习，提醒你MOOC要提前做、认真做，会在下课休息的时候溜达到下面问同学们“刚刚听懂了没”，会提前下课让大家去吃午饭\n\n不点名，但可能是因为太难了基本上课满员\n\n海底捞！满绩好评！
190344,3,汪国军,2024-02-28 08:36:40,0,1,1,老师很好，真正做到教书育人，会为学生着想，教学水平也很高！
190903,3,汪国军,2024-03-24 02:58:27,0,1,1,睿智，谦虚，关怀。真正的好老师。
191240,3,汪国军,2024-04-14 13:57:49,9,12,3,祝老师的父亲一路走好！
193232,3,汪国军,2024-06-05 02:01:41,1,1,0,谦虚，学识渊博
193286,3,汪国军,2024-06-05 15:45:34,3,4,1,线代的难度摆在这里，汪老师尽力了，剩下的交给你自己了！\n\n多反思反思自己有没有预习和复习吧
193524,3,汪国军,2024-06-12 08:45:17,2,4,2,好老师，谦逊睿智，为学生考虑
193664,3,汪国军,2024-06-14 13:27:12,6,9,3,从不点名，小测每次稀碎从未及格，上课从来不听，期末突击考50，最后总评65，当拜为义父
194699,3,汪国军,2024-06-25 03:02:36,2,2,0,其他班级期末卷面出分均分好低，可能这次改卷比较严格，求求汪老师出分的时候可以调整一下，紧张哭死。
195086,3,汪国军,2024-07-02 17:38:55,11,13,2,汪老师是一个浑身上下只有优点的数学老师\n\n能够上他的课真的很幸运\n\n从不点名，给分超级好
195101,3,汪国军,2024-06-26 21:05:45,6,6,0,上课从不点名，给分超级厚道，“”选择大于努力”（我同学选了sys后的遗言）
195250,3,汪国军,2024-06-27 12:21:44,3,3,0,特别特别特别特别特别好的老师，让我对线代的感觉都变好
196622,3,汪国军,2024-07-04 09:40:16,12,16,4,捞王！捞王！上课一直强调，你的分数助教给的不算，关键还得看他，一定会最大限度的给大家最有利自己的分数
198437,3,汪国军,2024-09-09 02:41:55,9,11,2,开课就说会捞
198675,3,汪国军,2024-09-10 15:01:34,10,10,0,讲得很透彻，一个知识点会把关联的几个知识点一起讲了，还喜欢举例子来帮助理解抽象，虽然我觉得快了点，不过周围的同学听得津津有味，我就知道是我太low了。。。
198835,3,汪国军,2024-09-12 04:47:46,3,4,1,很透彻，人很好，真心喜欢，是个好老师😍
199022,3,汪国军,2024-09-14 06:19:04,3,3,0,老师太好了
199547,3,汪国军,2024-09-25 07:27:52,4,5,1,就没见过比他讲得还好的
199592,3,汪国军,2024-09-26 04:36:43,1,4,3,很好很好非常好，非常非常特别好。真的认真负责，难的例题会讲两遍；而且很为学生考虑啊，不拖课终于可以安心吃午饭！
199802,3,汪国军,2024-09-30 04:19:04,6,7,1,神中神
199805,3,汪国军,2024-09-30 04:27:35,8,10,2,神就是神，不多赘述，10分呈上
199819,3,汪国军,2024-09-30 07:41:41,4,5,1,10分在这！我的神！
199936,3,汪国军,2024-10-09 00:42:03,4,4,0,课上的确实好！
199973,3,汪国军,2024-10-10 04:27:34,5,7,2,汪老师就是神！上课讲的特别清楚。小测是大题，明确会给过程分，考的不好也有及格。中午的课还提前下课让我们去吃饭！
200061,3,汪国军,2024-10-12 04:06:25,4,5,1,神！讲得清楚明了，作业量合理，人超好！！
200212,3,汪国军,2024-12-03 04:38:52,8,9,1,伟大，无需多言！\n\n（9.98还是太低了，完全应该10.0）
200234,3,汪国军,2024-10-15 04:38:47,13,15,2,"""我们老师是要给学生服务的，能给的分我们都给大家""""不好意思，不好意思""""我讲得快不快，听懂了没有""~~伟大，无需多言，10分奉上"
200238,3,汪国军,2024-10-15 05:25:21,2,3,1,神中神无需多言，讲的很好，水平很高，上课非常注意学生的反应
200351,3,汪国军,2024-10-16 07:17:30,0,1,1,神中神！
200414,3,汪国军,2024-10-17 07:36:53,3,4,1,神神神神
200437,3,汪国军,2024-10-17 04:36:41,0,2,2,太强了！！！！
200456,3,汪国军,2024-10-17 07:34:25,2,2,0,你就是我的神，对同学们是真的亲切
200485,3,汪国军,2024-10-17 14:06:21,1,1,0,居然有这么好的老师！！！线代不选汪老师的课选谁的？！
200490,3,汪国军,2024-10-17 14:33:44,0,1,1,绝对的好老师泪目了
200594,3,汪国军,2024-10-20 07:08:53,1,2,1,太棒了
200645,3,汪国军,2024-10-20 13:15:22,2,2,0,超级好，把最抽象的课讲得特清楚
200825,3,汪国军,2024-10-23 03:52:28,3,3,0,讲的很透彻，主打一个鼓励型，对学生非常温柔有耐心，教学一丝不苟
200879,3,汪国军,2024-10-24 03:07:06,3,3,0,老师伟大 无需多言
201112,3,汪国军,2024-10-29 02:00:16,3,4,1,满分无需多言
201654,3,汪国军,2024-11-05 06:57:23,-1,1,2,来浙大见过最棒的老师
201732,3,汪国军,2024-11-06 00:43:20,2,2,0,特别好的老师！
201818,3,汪国军,2024-11-06 12:51:32,0,0,0,汪老师上课就是一直鼓励我们，讲课也很形象，说话也特别可爱。宝藏啊！
202031,3,汪国军,2024-11-08 12:02:59,1,3,2,真的会俯下身来关心你的老师，会钉钉后台私发问你最近现代学得怎么样，伟大，无需多言
202350,3,汪国军,2024-11-12 03:04:32,0,2,2,超棒的老师，从来没有想像过会有大学老师能认真到在课间问周围的同学上课能不能听懂
202382,3,汪国军,2024-11-12 07:46:55,2,2,0,伟大 无须多言
203226,3,汪国军,2024-11-18 07:15:10,4,4,0,太好玩了
203236,3,汪国军,2024-11-18 08:50:27,1,2,1,收敛于10！！！
203750,3,汪国军,2024-12-25 08:19:04,2,2,0,老师很好
203987,3,汪国军,2024-11-22 12:21:34,0,0,0,谢谢同学们，感恩汪老师真的太好了
204104,3,汪国军,2024-11-24 08:16:37,1,2,1,不点名，老师脾气很好，也是个很热心很爱上课的老师
204262,3,汪国军,2024-11-25 05:38:38,5,7,2,带病也要坚持上课，老师很敬业。
204270,3,汪国军,2024-11-25 05:53:09,0,1,1,非常好
204271,3,汪国军,2024-11-25 05:54:45,-1,0,1,伟大无须多言
204273,3,汪国军,2024-11-25 05:57:26,5,5,0,天哪 手受伤了也坚持给我们上课 伟大！汪老值得满分！！
204274,3,汪国军,2024-11-25 05:58:29,3,4,1,真正尊重学生，真正希望学生好的老师永远能得到学生最诚挚的尊重
204277,3,汪国军,2024-11-25 06:06:05,2,3,1,在zju碰到过最好的老师
204320,3,汪国军,2024-11-25 08:13:17,2,2,0,伟大，无需多言
204408,3,汪国军,2024-11-25 16:34:36,3,4,1,来浙大遇到的最最最好的老师，理解学生，尊重学生，把我们当自己的孩子看，也是真真正正想让我们学到东西，哪怕受伤了也坚持上课，还一直和我们道歉（心疼老师…）。就算老师明确表示“作业缺交几次理解我们会最大程度给分”“会尽量让大家拿到最好的分数”（按之前评价看确实是给分巨无敌好），但是老师的人格魅力真的让我一点也不想水这一门爆难的线性代数，发自内心觉得得好好学才对得起这么好的老师、才对得起自己。真的太好了，哪怕没到期末没出分也忍不住来夸夸。最后老师早日康复～～
204464,3,汪国军,2024-11-26 04:57:00,28,31,3,汪老师在前一天骨折的情况下，还坚持给我们上课，说还好是左手，是右手的话就没法上课了，还经常鼓励我们好好学习，在课上讲到比较那么的地方也是停顿下来让我们慢慢消化。汪老师yyds！！！
204470,3,汪国军,2024-11-26 05:35:24,6,7,1,真神！学识和人品一样高
204477,3,汪国军,2024-11-26 06:39:49,0,0,0,大学读了三年，依然觉得汪老师是遇到过的最好的老师！
204502,3,汪国军,2024-11-26 09:14:56,7,7,0,汪老师为什么是9.98不是10.0
204512,3,汪国军,2024-11-26 10:41:17,3,3,0,来浙大以后遇到过的最好的老师！大爱汪老师！
204514,3,汪国军,2024-11-26 11:03:43,4,5,1,手臂骨折了也照样给我们上课，真的感动到了！
204569,3,汪国军,2024-11-27 00:18:30,0,2,2,总是能让课堂变得特别有趣！
204606,3,汪国军,2024-11-27 03:58:27,7,9,2,在他的课上，你甚至能学到微积分！
204691,3,汪国军,2024-11-27 11:18:06,1,2,1,超级喜欢汪老师！！！
204805,3,汪国军,2024-11-28 02:54:42,0,0,0,好好好你
205143,3,汪国军,2024-12-02 07:00:42,1,2,1,超有趣！
205199,3,汪国军,2025-01-10 06:11:39,6,7,1,很好的老师！！！！！！！
205275,3,汪国军,2024-12-03 15:37:35,1,1,0,真神！
205280,3,汪国军,2024-12-04 00:13:49,4,4,0,伟大，无需多言！
205319,3,汪国军,2024-12-04 09:24:54,-1,1,2,好老师！
205429,3,汪国军,2024-12-06 05:56:58,5,5,0,进入浙大以来见过的最好的老师！就是很纯粹地教书，很真诚地希望每个同学都能学到真本领，讲课思路清晰，而且很亲切，会开很有趣的玩笑，人品和学识一样好，呜呜呜希望以后每个我遇到的老师都能像汪老师一样
205476,3,汪国军,2024-12-07 10:20:29,7,8,1,我是其他老师教的，但是老师讲的有点乱，就打算自己学，发现网上热捧的MIT线代课程也没有那么神（或许是我基础差），然后还是回到智云查线代课一个一个看，发现汪老师讲的好清楚！！！人又超级随和，两天开1.5倍速看完了十二节课，感觉补天完成（？）所以超级超级感激汪老师，我愿称之为地表最强线代老师
205733,3,汪国军,2024-12-11 14:58:12,2,3,1,神中神！
205784,3,汪国军,2024-12-12 03:45:34,5,6,1,伟大！！！！！！会小窗问你学的怎么样 每节课讲的非常非常好 包捞 猪脚也非常负责
205785,3,汪国军,2024-12-12 03:45:36,5,6,1,好老师！！！！
205796,3,汪国军,2024-12-12 04:39:30,2,3,1,老师超级好
205934,3,汪国军,2024-12-13 01:16:49,2,4,2,老师可有意思了，很负责任，可爱又睿智的老师
206072,3,汪国军,2024-12-13 04:52:55,0,1,1,汪老师特别特别好！真的想让我们学懂！！！
206120,3,汪国军,2024-12-13 05:49:10,4,5,1,讲课讲的非常细致的老师，对学生也是非常呵护。他常说“我们老师的的职责就是爱护好每一位同学，服务好每一位同学”，我认为他真的做到了自己所说的话。最主要是从不点名（）
206428,3,汪国军,2024-12-15 05:58:42,7,9,2,不是哥们，你这么好的老师是我能预制到的吗？我把抽卡的运气都用这了？
206460,3,汪国军,2024-12-15 09:03:50,14,14,0,伟大 无需多言 手摔骨折了 还要先上一节课 赶在医院下班前去拍片子 老师讲的思路清晰 关心学生 （汪老师要保重身体哦 更多浙大学子需要来自线代的救赎...）
206699,3,汪国军,2024-12-17 06:48:14,3,5,2,祝早日冲击10.00，汪神伟大无需多言
206715,3,汪国军,2024-12-17 08:08:46,5,5,0,汪老师教的超棒，但是语速对我来说可能有点太快了？有点跟不上，得回看智云
206902,3,汪国军,2024-12-18 08:54:52,3,4,1,味大无需多言
207043,3,汪国军,2024-12-19 05:20:02,6,6,0,老师好好我好笨😭
207051,3,汪国军,2024-12-19 05:37:18,11,11,0,汪老师竟然只有9.98分？我不允许！汪老师真的是我遇见过最好的老师了！
207601,3,汪国军,2024-12-23 08:20:36,3,3,0,认真负责
208490,3,汪国军,2024-12-28 09:17:28,3,3,0,伟大无需多言
209687,3,汪国军,2025-01-06 14:12:23,2,2,0,好老师！
210236,3,汪国军,2025-01-08 13:34:35,0,0,0,伟大的老师
210274,3,汪国军,2025-01-08 15:49:54,4,4,0,老师真的超级超级好！\n\n首先讲的特别好特别细致 课间还会下来走走问同学们听懂没有 \n\n而且还很幽默风趣啊啊他经常说自己小学语文一直都是第一 然后还教给我们求分部积分的妙法\n\n最后他真的真的很负责任 有一天下雨他摔倒手骨折了 还强撑着上了一节课 最后和我们说实在要去医院说了好久的对不住 真的很泪目\n\n这样的老师真的想给他打100分😭😭
210403,3,汪国军,2025-01-09 08:53:38,4,6,2,汪汪简直是我线代的神！！！讲的通俗易懂，最后给分还巨巨巨好！完全没有卡我的绩，直接给我捞到了4.8！！！爱死汪汪！而且老师超级超级萌，每次上老师的课都很开心！老师特别特别关心学生，每次下课看到同学还没走都会关切地问”你怎么还不去吃饭呀～”真的好喜欢他！
210611,3,汪国军,2025-01-09 12:24:07,5,5,0,伟大，无需多言。助力老师评价无限趋近10.0
210636,3,汪国军,2025-01-09 14:00:58,4,4,0,伟大！
210637,3,汪国军,2025-01-09 14:01:18,7,7,0,神中神，讲课有见地，态度有诚意，捞分有水平，真的我吹爆！
210644,3,汪国军,2025-01-09 14:17:19,8,10,2,超级好的老师，讲的很有自己的风格，而且也很有节奏和层次，先讲的第七章抽象的线性空间再聚焦于前面向量的线性空间。虽然有一些理论的证明没有能够带我们去认识（毕竟那是高代的内容，老师已经尽力把所有的教给我们了）但是延伸了微积分的内容，至今还记得那个口诀哈（手动狗头），最后也是一步步的跟着汪老师拿到了满绩。真的，汪老师很温柔而且对我们很有信心（觉得我们不比清北的差）真的被他上课的从容和自信感染到了，思维也会一起转起来。
210750,3,汪国军,2025-01-10 02:00:16,6,6,0,满分神中神，课讲的非常好，轻松听懂，期末会捞人，室友摸一学期鱼最后学了一天，最后拉到了3绩点。选的上一定要选他！认准汪国军！！！
210964,3,汪国军,2025-01-10 08:49:03,7,7,0,非常好的老师啊啊啊啊，手骨折了还坚持上课，作业只看数量不看质量，讲课也很好啊
210967,3,汪国军,2025-01-10 08:52:39,0,2,2,神中神
210973,3,汪国军,2025-01-10 09:04:09,-1,3,4,好老师，讲课好，我满了
210979,3,汪国军,2025-01-10 09:11:49,1,3,2,老师真的很好，不点名，不拖堂，作业少。期末刚60 最后捞到了总评80
210993,3,汪国军,2025-01-10 09:45:14,2,3,1,汪老师太负责了，每次都很耐心地讲解，问我们懂不懂，之前手受伤了还坚持上课，太赞了；张助教也很好，真心点赞
211051,3,汪国军,2025-01-10 12:03:11,2,3,1,老师真的好好！！小测赋分，不点名（但是你不听他的课可能也很少能找到讲的这么清楚的老师了）人超级和蔼，自己摔骨折了还坚持给大家上课，课上一直说“谢谢大家”，平时分捞满了（他自己的话说就是“我们会服务好大家”），期末今年难感觉过程分也给了（还特地到考场说“我们会给步骤分的，尽量填满”）助教gg也好，习题课准备很充分
211138,3,汪国军,2025-01-11 01:31:38,2,2,0,非常好！王中王！
211157,3,汪国军,2025-01-11 02:41:26,1,2,1,汪老师实在是泰好辣，讲课非常细致，只要好好预习绝对能学好线代，并且一直提醒我们mooc要完成，问问题几乎都会回，真的是一位特别好的老师，平时分也会给满，真的特别在意学生，手骨折也帮我们上课，直到真的支撑不住才去医院，还一直向我们道歉，为人师表真的无可挑剔，非常非常真诚，爱你汪汪
211181,3,汪国军,2025-01-11 03:30:27,1,2,1,伟大，无需多言
211291,3,汪国军,2025-01-11 06:51:35,-17,3,20,真的不喜欢
211310,3,汪国军,2025-01-11 07:30:50,3,3,0,汪老师是我喜欢的老师了，讲课很认真，尊重同学，给分也很好！
211335,3,汪国军,2025-01-11 08:16:13,3,3,0,伟大无需多言
211481,3,汪国军,2025-01-11 15:05:15,2,3,1,汪汪真的伟大啊啊啊啊😭😭10分奉上，早日收敛到10！
211533,3,汪国军,2025-01-12 01:25:24,0,1,1,汪神！
211577,3,汪国军,2025-01-12 02:53:47,0,0,0,挺好的但是我没怎么听课🤓
211654,3,汪国军,2025-01-12 06:07:51,1,2,1,好。助教姐姐人美心善。
211674,3,汪国军,2025-01-12 06:51:57,0,1,1,老师很好 但是线代学不懂啊啊啊
211700,3,汪国军,2025-01-12 08:22:36,4,4,0,好，上次骨折还坚持上课
211706,3,汪国军,2025-01-12 08:26:32,1,2,1,老师很关心学生，非常敬业，作业量不算多，而且上课也很容易理解（课前记得得预习一下哦），最后给分也很好。本人开学考数学57，跟着老师学了一学期最后能拿到4.8。很感谢汪老师，希望您的手伤能够早日康复！
212037,3,汪国军,2025-01-13 05:22:39,1,2,1,冲就完事了
212059,3,汪国军,2025-01-13 06:29:19,-4,0,4,讲的很好，很细，非常敬业（骨折上课），给分也不错，92，10分送上
212138,3,汪国军,2025-01-13 09:00:11,1,2,1,强推汪老师！我们的教材真的抽象，在防自学方面满分，汪老师上课就会从简单的情况入手，由特殊到一般地进行讲解，时不时停下来问我们能不能听懂，而且鼓励我们，我这种数学小白上课也能跟上。不点名不过上座率极高。老师非常非常敬业，这个学期不幸手骨折还坚持单手上课并给我们道歉（这真的不是老师的问题啊呜呜呜我哭死）。给分也好，平时分基本能给都给，最后自己也努力了一把期末考的还行拿了4.5。线性代数是很抽象的课，不过跟着汪老师不会有大问题的！
212255,3,汪国军,2025-01-13 14:39:12,0,0,0,选就完了
212467,3,汪国军,2025-01-14 05:01:46,0,0,0,真的很好
212488,3,汪国军,2025-01-14 05:30:46,1,2,1,冲冲冲
212520,3,汪国军,2025-01-14 06:29:20,-5,1,6,也是收获大学第二个满绩了，老师讲得很好，基本线代天花板了，期末考试很难，这次全班上90的只有3个，但是总评上90课大概有30多个，给分很好，选上就是赚到
212796,3,汪国军,2025-01-15 02:36:44,0,0,0,汪老师太好了！
212853,3,汪国军,2025-01-15 05:14:25,0,0,0,线代考不好都是我的原因，是我没有好好预习好好复习，和汪老师没有一点关系。汪老师真的是很好的老师
212907,3,汪国军,2025-01-15 08:19:06,4,4,0,是很敬业很有“教师感”的好老师，无需多言。但不知道为什么略有一些和老师对不上节奏，喜欢上课快节奏高密度的同学稍微考虑一下吧。
212921,3,汪国军,2025-01-15 09:10:55,0,1,1,汪老师确实是一个好老师，讲课十分清晰，而且老师人真的特别好，小测什么的都会提前通知与商量，线代这门课我觉得比较大的问题在于课本的顺序比较乱，知识点比较多，而且同学们大多都是第一次接触线性代数，所以学起来会有些吃力。
213374,3,汪国军,2025-01-17 05:48:29,1,1,0,汪老师我会一辈子追随你！！\n\n汪汪真的是“教授”。线代本身就是一门很抽象的课，但老师讲得真的很好。\n\n线代学的不好，可以是我的问题，可以是教材的问题，但绝对不会是汪老师的问题！
213382,3,汪国军,2025-01-17 06:56:07,0,0,0,汪汪唯一真神！课讲得很清楚，分给的也很好👍
213517,3,汪国军,2025-01-18 03:53:53,3,3,0,完美啊
213518,3,汪国军,2025-01-18 03:53:54,1,2,1,完美啊
213564,3,汪国军,2025-01-18 08:55:18,4,4,0,小测赋分，期末捞人，期末占比合理，挂科难拿高分也不容易，给分十分合理而且上课敬业，唯一的不足是感觉上课节奏有点小快，但感觉这个确实不是老师的问题
213838,3,汪国军,2025-01-20 08:53:23,0,1,1,已经是海底捞了
214327,3,汪国军,2025-02-01 05:40:25,1,2,1,伟大，无需多言
214466,3,汪国军,2025-02-06 03:25:24,0,0,0,非常认真负责，一下课就问前排同学听懂了没有，没懂的会再讲
214513,3,汪国军,2025-02-10 09:19:34,2,2,0,平时的小测与期末考的考查不太相同，之后的同学可以注意一下。
214537,3,汪国军,2025-02-11 14:19:10,1,1,0,慈父，伟大无需多言
214697,3,汪国军,2025-02-17 01:06:10,1,1,0,受伤还上课棒棒哒
214776,3,汪国军,2025-02-18 01:20:15,0,0,0,我读书这么多年以来遇到的最好的老师
214781,3,汪国军,2025-02-18 02:02:32,0,0,0,棒，满绩没话说
215470,3,汪国军,2025-02-26 11:12:13,0,0,0,神中神，大师一般将线代深入浅出的讲解，慈父一般对每个学生呵护备至。
215527,3,汪国军,2025-02-27 13:20:55,0,1,1,真的是好老师
215643,3,汪国军,2025-03-03 07:07:30,0,0,0,伟大，无须多言
215690,3,汪国军,2025-03-04 06:00:59,0,1,1,老师非常好，认真负责，课上的也非常好！！！！
215698,3,汪国军,2025-03-04 08:19:46,0,0,0,哈哈哈
215714,3,汪国军,2025-03-04 14:09:47,0,0,0,线代真神
215780,3,汪国军,2025-03-05 12:39:14,1,1,0,超级认真负责的老师，给分好到没话说
216173,3,汪国军,2025-03-11 12:33:33,3,3,0,讲课很生动，捞人很生猛
216428,3,汪国军,2025-03-16 13:03:33,1,1,0,真正的好老师
217772,3,汪国军,2025-04-16 08:13:33,1,2,1,人格魅力10分，教学能力10分，捞人能力爆表！！！
218033,3,汪国军,2025-04-19 10:56:17,0,0,0,活爹！！！
219261,3,汪国军,2025-05-23 14:16:08,2,2,0,讲课很好！！！一直强调为学生想，尽量让学生好
219910,3,汪国军,2025-06-11 02:56:59,2,2,0,真正的好老师。浙大需要更多这样的好老师。不是因为有多捞，而是真正的伟大无需多言
220040,3,汪国军,2025-06-14 04:07:50,3,3,0,半年过去了，再来打10分。\n\n\n\n从没点过名，但是到课率不低的。讲课通俗易懂，也比较基础，但是这些最基础的东西足够让你上4了。
221261,3,汪国军,2025-06-22 09:58:41,3,4,1,上学期的甲，全班没有91分这个分数，懂得都懂
221266,3,汪国军,2025-06-22 10:15:33,2,2,0,选到了就偷着乐吧，真的好老师
221291,3,汪国军,2025-06-22 13:59:51,1,1,0,汪老师真的，伟大无需多言！
221303,3,汪国军,2025-06-22 18:45:47,3,3,0,没出分就来给汪汪打10分！老师特别好，很为学生着想！虽然知道自己期末一般，但跟老师完全没关系，老师特别好啊！！！汪汪特别可爱😍每次上课做题就说“麻烦同学们亲自动笔做一下题”哎呀太萌了\n\n（ps：哪个人想出来的期末85分填空啊真要晕倒了，汪汪你一定是在捞我们是吗🥹
221333,3,汪国军,2025-06-23 03:54:47,2,2,0,古希腊掌管线性代数的神！！！虽然今年期末变难了，填空题减少了写过程的时间，但是也减少了过程分，有利有弊。多亏汪老师捞我，而且尽量让同学们不卡绩，冲就完了
322,46,姜海益,2015-03-15 00:49:49,69,103,34,沉闷无聊会犯困
763,46,姜海益,2015-03-16 12:22:35,24,44,20,～不是绩杀～好好学就可以拿高分。\n\n老师人比较萌萌的，但是课也有点点无厘头。可以选择..刷题..不过考前的试卷分析还是要听。
1160,46,姜海益,2017-09-07 04:58:10,-7,17,24,上课比较无聊，不过老师有时无厘头还是挺搞笑的。整个学期是靠自学挺过来的。不是绩杀，本人亲测4.8~
1346,46,姜海益,2015-06-29 02:11:24,61,67,6,上了他的微一和微三  终于悟出正确的听课方式 那就是先睡一节课 再起来听课
1891,46,姜海益,2015-03-26 04:12:57,-8,6,14,非常棒，很幽默。
2321,46,姜海益,2015-04-21 01:12:39,-2,5,7,还可以的老师
2836,46,姜海益,2015-05-08 12:33:44,14,19,5,微二上课进度略坑啊...花了三节课讲根本不考的泰勒。然后没时间讲复习。
3956,46,姜海益,2015-06-17 11:07:30,12,18,6,比较乱
5267,46,姜海益,2015-07-06 07:22:36,169,187,18,今天作业不多，啊，是很少……啊，同学们今天没有作业\n\n
5449,46,姜海益,2015-07-07 14:55:01,64,74,10,作业少！！！上课超认真，但是他的教学重点貌似和考试重点没多大联系。自然萌，很可爱。
6742,46,姜海益,2015-07-20 09:29:22,-18,3,21,自习翘课亲测4.7
7561,46,姜海益,2015-09-15 04:06:20,7,9,2,困死，听不懂
8100,46,姜海益,2015-09-17 04:09:44,49,52,3,啊，这个漏讲了！啊，那个忘记说了！
8281,46,姜海益,2015-09-18 03:02:27,7,12,5,条理不够清晰，写字不认识
8494,46,姜海益,2015-09-22 01:08:14,10,15,5,他好萌啊
8509,46,姜海益,2015-09-22 03:02:56,7,11,4,无聊啊，极想睡觉
9019,46,姜海益,2015-10-09 18:22:55,-12,1,13,来来来
9027,46,姜海益,2015-10-10 11:40:04,9,21,12,已疯。什么玩意0.0
9090,46,姜海益,2015-10-13 01:23:25,1,7,6,课基本不用听，去蹭chenjinhui的吧\n\n
9335,46,姜海益,2015-11-03 08:59:19,56,63,7,其实老师很好的。就是无聊了一点。
9705,46,姜海益,2015-11-05 01:44:59,39,42,3,超级超级超级萌，萌趋于正无穷
11144,46,姜海益,2015-11-24 14:50:49,3,4,1,。。。
11458,46,姜海益,2015-12-02 03:41:04,3,7,4,挫！挫！挫！
11615,46,姜海益,2015-12-08 03:29:34,8,9,1,一级萌。
12733,46,姜海益,2015-12-24 02:49:44,37,45,8,萌萌萌！上课经常把自己绕进去……线代这课还是自学的好
13679,46,姜海益,2015-12-30 10:22:06,20,27,7,全能老师，微积分，线代，常微分方程全教，而且特别认真，微积分讲的就算最有意思又能怎样，不如多一分认真。我个人认为是好老师。
14899,46,姜海益,2016-01-11 01:57:12,17,19,2,跟着他走会很困难，但是老师其实人特别好
16417,46,姜海益,2016-01-18 05:10:27,3,4,1,有点无聊…
17341,46,姜海益,2016-01-20 05:05:34,1,3,2,分好低。。
17382,46,姜海益,2016-01-20 06:59:48,1,3,2,完全没有平时分 考多少就是多少
17528,46,姜海益,2016-01-20 10:40:43,3,4,1,老师萌萌哒
17783,46,姜海益,2016-01-21 01:22:29,16,16,0,萌到想不到，作业基本没有，全靠自学打败绩杀
17843,46,姜海益,2016-01-21 02:32:07,-2,4,6,呵呵哒，期末成绩出来你就懂了
17851,46,姜海益,2016-01-21 02:41:29,5,6,1,挺萌的，挺认真的，还行
17854,46,姜海益,2016-01-21 02:46:52,1,2,1,上课先睡一觉吧
17860,46,姜海益,2016-01-21 02:58:30,4,6,2,通常不点名。。全用黑板，没有PPT。讲的东西挺广的。然而感觉条理不够清晰，听的很糊涂，尤其在一不小心走神的时候。。讲解题目是很耐心。
17915,46,姜海益,2016-01-21 03:57:12,1,3,2,基本不点名，一次人来太少，签了次到。人很萌，很好，作业少。其实，微积分还是得靠自己刷题，不管老师如何。亲测4.5，惊喜。
17966,46,姜海益,2016-01-21 04:54:24,3,3,0,讲课无聊
17970,46,姜海益,2016-01-21 04:59:50,2,2,0,沉闷无聊 学习数学无热情 尽管人不错 但是 绩点………\n\n
17973,46,姜海益,2016-01-21 05:02:33,2,3,1,水水过，讲的凑合\n\n
18003,46,姜海益,2016-01-21 05:49:03,0,2,2,萌萌萌
18142,46,姜海益,2016-01-21 08:12:54,1,2,1,一般般
18506,46,姜海益,2016-01-22 00:43:55,6,6,0,发困，不过老师长得可爱，微积分和线代都教，全能老师
18758,46,姜海益,2016-01-22 13:03:17,28,34,6,有时候会乱，有时候讲的挺条理的\n\n上课比较萌，喜欢课堂上纠结一些问题\n\n有的问题非要弄清楚，但大部分同学已经不在听了，有的问题我们想知道，却又含糊而过，作业出奇少
21213,46,姜海益,2016-02-26 09:21:21,2,2,0,上课没法听，好好自学！但他作业少。\n\n印象深刻的一次他上着课忽然要解手，然后给了张纸让我们签到…到……
21392,46,姜海益,2016-02-28 12:53:14,8,8,0,老师很好，非常萌
22205,46,姜海益,2016-03-03 02:41:25,1,1,0,虽然很困 但老师真的非常认真！
22206,46,姜海益,2016-05-04 03:26:01,5,6,1,微二考试舍友思路都是对的 但是答案算错很多 绩点低 我做的比他少几题但是都算对了 推测这个老师喜欢我这种类型.....
22687,46,姜海益,2016-03-10 02:21:33,-7,3,10,呵呵 这种人能教数学？\n\n
23785,46,姜海益,2016-04-16 13:21:06,1,1,0,无聊犯困……\n\n
25940,46,姜海益,2016-06-14 13:06:01,1,1,0,只要认真学，给分不低
26466,46,姜海益,2016-06-18 15:26:26,-1,1,2,老师很萌也很认真。
30163,46,姜海益,2016-07-01 04:18:29,2,3,1,考完试答案拿出来说你看下这个，估下分数，当时我就蒙蔽了。不过老师人真的超超超超好，感激！
31902,46,姜海益,2016-07-05 06:24:32,24,27,3,还好，会揪住一些别的老师直接忽略的细节一定要讲明白才继续。全板书，会来早一点然后把黑板写好。
32224,46,姜海益,2016-07-06 03:37:32,6,8,2,不适合当老师，总感觉他上课用错了力气，抓不到重点，还无聊，还好烤自学微三没挂
32588,46,姜海益,2016-07-08 02:30:27,3,10,7,无语 没头脑 上他的课是锻炼忍耐力很好的机会 我真的克制不住自己的洪荒之力 做第一排 上了一半 我走了 听不下去了 什么不考讲什么 因为没有0分 我只能给他1分 给分差
33365,46,姜海益,2016-09-19 01:19:55,-5,1,6,就是听他无聊的扯淡
33648,46,姜海益,2016-09-21 00:14:58,2,2,0,萌的我想睡觉
33676,46,姜海益,2016-09-21 03:24:30,2,2,0,不喝咖啡不上课\n\n喝的不够不上课
33677,46,姜海益,2016-09-21 03:25:04,2,2,0,上课很迷，写字太小\n\n
33678,46,姜海益,2017-01-22 01:34:45,2,2,0,老师最棒！
34002,46,姜海益,2016-09-25 07:26:12,-5,1,6,林志玲真好看。
34162,46,姜海益,2016-09-28 01:39:31,2,2,0,听不懂，自学吧
34164,46,姜海益,2016-09-28 01:53:33,2,3,1,他是不是上课不开空调....\n\n
34174,46,姜海益,2016-09-28 03:09:41,-9,2,11,感觉要死了……他自己以为讲的很有趣，结果讲的狗屁不是……我的天，千万不要入坑
34175,46,姜海益,2016-09-28 03:10:12,-8,4,12,想骂娘了，上课没重点，重要的不讲，没用的讲一大堆，没人鸟他，还在上面瞎逼逼，以为自己讲的很好一样\n\n
34410,46,姜海益,2016-11-10 07:49:14,2,2,0,讲课比较乱
34706,46,姜海益,2017-01-16 08:01:05,11,12,1,高数课老师很可爱，作为一个老师除了讲课不是很好抓重点没什么不好的
34929,46,姜海益,2016-10-26 14:58:16,1,2,1,好啊啊啊啊
35117,46,姜海益,2017-03-10 10:26:59,3,3,0,全靠自学，感觉上课不如自学。
35536,46,姜海益,2016-11-10 07:25:04,4,4,0,老师圆圆矮矮很可爱 就是板书字很难认
35595,46,姜海益,2017-01-20 15:21:27,2,4,2,除了无聊点，人还是不错的，给分可以的
35781,46,姜海益,2016-11-10 08:08:13,2,2,0,萌萌哒。然而讲课无聊，上课等于自习
36037,46,姜海益,2016-11-10 10:38:13,2,2,0,讲不清楚orz基本自学 但是很萌hhh
36089,46,姜海益,2016-11-10 12:03:44,4,6,2,去不去无所谓，但好好自习是一定要的，面对一黑板的东西，根本提不起兴趣，没事，去图书馆吧，自学刷题搞定
36104,46,姜海益,2016-11-10 12:31:04,2,2,0,板书见缝插针好晕啊，不过认真听还是有收获的，至于笔记，千万别走神~不然就不知道写到哪了
36967,46,姜海益,2016-11-17 00:54:36,1,1,0,自学吧。。
37777,46,姜海益,2016-11-21 03:15:32,9,10,1,老师好萌~个人比较喜欢~
39321,46,姜海益,2016-12-22 05:39:16,-4,1,5,很无聊的老师
39410,46,姜海益,2016-12-22 13:26:12,2,2,0,容易困听不清楚他讲什么
40505,46,姜海益,2017-01-04 02:09:13,23,26,3,姜神的课是真6，666666666，萌萌哒，三页讲两节，绝对细致！细致到害怕……
40520,46,姜海益,2017-01-04 02:58:06,14,15,1,上课好迷 但是很可爱 好好玩的说
40676,46,姜海益,2017-01-05 05:57:39,2,2,0,分怎么可以这么低
40693,46,姜海益,2017-01-05 04:21:49,20,20,0,人很好 有同学上课走掉 开不开门 老师说 这边走这边
40695,46,姜海益,2017-01-05 04:23:46,2,2,0,可有点晕人特别好\n\n
41062,46,姜海益,2017-01-09 02:22:24,4,7,3,授课水平不高，人挺好，怎么说呢，上课没怎么听，课下自修，期末自忧。
41329,46,姜海益,2017-01-10 15:05:16,0,2,2,这老师很好啊 高数给分很好啊满?不是梦啊
44355,46,姜海益,2017-01-23 02:25:27,3,3,0,老师讲课很好
44366,46,姜海益,2017-01-17 16:11:28,1,2,1,海神明明很可爱 老师人真的很好
44460,46,姜海益,2017-01-18 00:34:28,24,27,3,萌，超级萌，蠢萌蠢萌的（此处是褒义词）上课会自己把自己绕晕，这个时候我就突然兴奋起来，就。。。不困了，讲课也很好，把题型讲的很清楚，文科大高数听懂题型就没啥问题了。
46085,46,姜海益,2017-01-20 14:54:35,6,6,0,老师讲课可能不大好，感觉有点拎不清吧，但人挺好，点名就两次小测，看我们不会还提示我们。本来选上他的课感觉很绝望，后来上了一个学期感觉还好，高数主要还是自学嘛。
46099,46,姜海益,2017-01-20 15:12:47,0,0,0,中途接班的老师啊…上的还行吧…可能我与老师的师生情还不够浓吧 ::>_<::
46110,46,姜海益,2017-01-20 15:19:40,1,2,1,好老师赞一个
46111,46,姜海益,2017-01-20 15:22:13,2,3,1,萌萌哒，
46113,46,姜海益,2017-01-20 15:28:54,6,6,0,可能平时上课有点无聊，但是可以看出老师还是很认真的~
46117,46,姜海益,2017-01-20 15:32:27,3,3,0,老师很可爱 超级萌 态度很认真 给分方面没有比较不做评价 只能说不要太轻视高数 期末还是要好好复习 是个好老师
46153,46,姜海益,2017-01-20 19:48:49,2,2,0,啊啊啊啊啊成绩出了感谢老师不挂之恩感谢老师的师生情！
46160,46,姜海益,2017-01-20 23:53:01,9,9,0,哪有那么差……萌萌哒 讲课很细致 确实会犯困 不过给分还可以 平时分基本给满的 最后让我很感动
46213,46,姜海益,2017-01-21 02:47:47,2,2,0,是个挺好的老师
46326,46,姜海益,2017-01-21 08:34:50,4,4,0,老师人很好啊，给分也好，上他的课很轻松，节奏很慢，反正都是靠自学。老师超级萌就是了\n\n
46383,46,姜海益,2017-01-21 12:11:29,20,21,1,海神课前常立flag：今天我们把这章讲完。然后到了下课：唉，今天又没讲完。。讲课的确细致，会指出书上错误或表达不严谨之处，打星号的基本也会讲，三角变换愣是认真推了一遍，下周讲到时又来了一遍-_-||。虽然讲得慢，但能一直如此淡定地把该上的课都讲完也是一种能力啊。上高数挺轻松的，趁老师还没讲开始预习，然后边听老师讲边继续后面内容，很快就自学完了，再认真听老师把例题一道一道分析下来，做好课后几道题。考前把书和做过的习题看一遍就行。海神的课会考的都能掌握，不需要课外花时间（文科高数简单也是一重要原因）。平时作业成绩分99，也是萌(ಡωಡ)（大概因为错过一次）。 如果只求学会课本内容，海神是不错选择。给9分，还有1分为最后一堂课flag又倒，没时间分析往年考卷。
46500,46,姜海益,2017-01-22 01:18:38,12,14,2,人文大类的理科渣渣，上的姜老师的高数，感恩4.8。每周交一次作业代替点名，作业大约是别班老师的五分之一？嗯差不多吧。讲得如何我是没水平分辨啦，不过讲真高数这门课还是主要靠自学和刷题呢。平时分包括quiz都很水。总之很好的老师。
46580,46,姜海益,2017-01-22 03:11:58,2,2,0,小测水
47522,46,姜海益,2017-05-09 03:17:50,1,1,0,全靠自学，不含糊。一黑板字
47641,46,姜海益,2017-02-10 20:47:06,0,1,1,听不下去 字也看不清
48066,46,姜海益,2017-02-28 08:50:43,2,2,0,很可爱 只是学数学要自己努力刷题
48640,46,姜海益,2017-03-09 00:58:04,3,3,0,一半一半吧，老师人很好，但完全蒙逼
48845,46,姜海益,2017-03-15 00:27:40,5,5,0,可爱的老师，哈哈哈，不过高数还是自学吧。
48944,46,姜海益,2017-03-17 13:19:43,-6,0,6,呵呵呵
51626,46,姜海益,2017-06-07 15:55:51,2,2,0,坚韧不拔，自得其乐
51640,46,姜海益,2017-06-08 00:42:39,2,2,0,老师讲得很仔细，很喜欢
52086,46,姜海益,2017-06-14 13:37:15,2,2,0,老师讲得太好了
52348,46,姜海益,2017-06-19 02:30:08,5,7,2,我觉得姜海益人真的很好，我上的是文科高等数学，虽然讲课令人犯困。但是毕竟简单可以自习。他会尽可能的上课幽默的。真的挺喜欢萌萌的。而且有一点，就是期末考试的时候，有一个同学作弊，姜老师在教室里逛，看到了，就是上去拍拍那个同学的头就走了。真的是一个好老师。虽然课上的不怎么好。
52415,46,姜海益,2017-06-20 02:20:23,-2,1,3,声音太响，耳朵坏了，md
52984,46,姜海益,2017-06-24 11:15:56,1,1,0,嘿嘿黑尔
54547,46,姜海益,2017-06-29 15:03:29,0,2,2,别的老师都调分就他不调
54751,46,姜海益,2017-06-30 07:01:51,7,7,0,学了老师的高数，实在是太好了，毕竟高数这种科目对一个人文妹子根本没用，其他老师硬要折磨我们，学完了又怎样？！老师却选择手下留情，太仁慈了，老师最好了，如果你讨厌高数，就修姜老师的，准没错！
55308,46,姜海益,2017-07-01 08:44:31,6,6,0,修了老师的常微分方程。老师讲课可能比较闷，但是该讲的都讲了，书上没写的找积分因子方法都说得很明白。讲课速度时快时慢，有时真的听不进啊，不过本来主要靠自学。老师很负责，两点的课会至少提前半个小时到来答疑，下课后也耐心回答问题。人有点萌，考试的时候站在讲台前喊，大家看清楚啊，我是这门课老师，不要走错考场了啊^_^\n\n最后，作业少，每周六道题吧，而且提供详细答案。
55401,46,姜海益,2017-07-01 12:25:46,2,2,0,老师人很好很认真、就是课实在略无聊。
55516,46,姜海益,2017-07-01 22:22:21,6,7,1,老师胖胖的，挺萌的。不过上课不怎么有逻辑，字写太小了，看不清啊
58129,46,姜海益,2018-09-13 04:14:20,7,8,1,他是我唯一一个上课不睡觉的老师\n\n真的很认真很可爱
63474,46,姜海益,2017-12-05 01:20:11,6,6,0,这个老师简直有毒太可爱了吧我的天
63476,46,姜海益,2017-12-05 01:22:15,10,10,0,超级可爱超级萌的老师呀，会教你玩石头剪刀布，会问你赢字下面是不是贝，以及每次不厚道地在下面笑被看到都会超级羞涩地看着你笑一下的
64087,46,姜海益,2017-12-21 02:59:56,9,9,0,超级可爱 人非常好 课后问他问题 就算是很弱智的问题也会细细给你讲 我爱老师
64232,46,姜海益,2017-12-21 23:49:15,0,0,0,老师挺好的，也很和蔼，很可爱，就是讲的比较散。
64940,46,姜海益,2017-12-28 04:06:59,0,0,0,老师人挺好的，就是真心有点无聊
66205,46,姜海益,2018-01-13 05:26:51,2,2,0,老师好萌
67251,46,姜海益,2018-01-20 14:06:29,1,1,0,真心敲萌！！敲有爱！！\n\n虽然我翘课不听课，但老师还是好老师~\n\n人生最后的数学课，有这么可爱的老师很开心啦~
67782,46,姜海益,2018-01-22 07:10:07,1,5,4,拿到大学第一份满绩非常激动，数学还是要靠自己努力啊，老师思路跳跃，讲课也比别的慢好多但是靠自己努力还是有机会拿高分的。
67790,46,姜海益,2018-01-22 07:22:29,5,5,0,老师人很好，上课萌且慢……作业出奇地少，需要自己多练习
67796,46,姜海益,2018-01-22 07:29:29,3,3,0,老师超级萌超级可爱超级好。觉得老师好像整个学期都穿着一样的裤子，而且还长一大截，哈哈哈。不管问什么问题都会耐心回答。喜欢老师！我给10分。\n\n期中考超简单。今年期末考还是有点难的。
67930,46,姜海益,2018-01-22 10:31:25,1,1,0,感谢老师不挂之恩(ಥ_ಥ)(ಥ_ಥ)(ಥ_ಥ)
68325,46,姜海益,2018-01-23 03:29:06,4,4,0,老师人很可爱，知识点讲的很细，考前答疑也很复杂，是来的最早留到最晚的。\n\n笑声真的很魔性
68535,46,姜海益,2018-01-23 10:21:02,0,1,1,老师很萌，讲的很细，但容易犯困
69313,46,姜海益,2018-01-24 12:35:44,1,1,0,作业真的超级少！老师人很好，虽然有时候我听不太懂...高数主要还是靠自己自学，最后几天狂补了以前的知识，还好..还好...
69962,46,姜海益,2018-01-26 00:28:35,0,1,1,老师讲课超级细超级全，但就是讲的慢了一些，仿佛回到了高中课堂。如果对自己理解能力不自信的可以考虑选姜老师的课。
73003,46,姜海益,2018-01-31 14:23:10,0,0,0,上课不怎么清楚，但平时不怎么管
75114,46,姜海益,2018-03-07 11:19:01,1,1,0,真的超级萌 老师人很好很可爱 上课我是会睡着 不过黑板上笔记记下来回去看完全能懂 作业很少 作业交了测验做了平时分基本就满的 很好的老师
75186,46,姜海益,2018-03-08 02:06:30,4,5,1,微乙②老师人挺好的，但是讲的实在不行啊。超级细致，但很多时候是不必要的细致。我是数学渣渣，正项级数的比较判别法一看就明白，但是一开始不会用，老师会把这个定理解释很久很久很久……我都无语了……这样效率很低，下了课还是不会做题，这样就很绝望……就像教初中一样的讲概念……\n\n心里苦！老师，能不能多讲题！
86486,46,姜海益,2018-09-19 02:24:44,4,5,1,我感觉高数要死在他手上了，还是自学比较好
86985,46,姜海益,2018-09-20 01:20:24,10,12,2,我承认他人很可爱。但是讲的实在太乱，没有条理，讲不清楚，全靠自学。对文科数学渣渣来说听他的课真的有点绝望。
87228,46,姜海益,2018-09-26 02:31:24,1,1,0,别听了...
87449,46,姜海益,2018-09-29 03:39:38,6,6,0,老师超棒，超级可爱的，对学生很好\n\n刚刚看到老师骑着自行车在爬坡，很是卖力啊，超级可爱
89156,46,姜海益,2018-11-16 05:49:21,0,0,0,老师有时候会有一点逗 自顾自瞎说 但是我喜欢老师准备的答疑课 助教小姐姐人好 上课有时候会有一点混乱 但是自己努力一下是可以明白的
89267,46,姜海益,2018-11-17 17:46:12,2,2,0,老师真的特别特别好！！！！太幸运选了他的高数 讲的比舍友的老师都要详细 完全不会听不懂 真的很适合对高数没有信心的人 作业无比爆炸少 问问题也会很耐心很仔细地给你写整个过程 很温柔很可爱的老师 超喜欢他5555555
91002,46,姜海益,2018-11-29 00:42:28,4,4,0,老师好可爱(｡ì _ í｡)
91322,46,姜海益,2018-12-06 01:11:06,1,1,0,老师好可爱哦！自带萌点作业少.有时候真的会讲很多和考试无关的东西.但也会讲很多和考试有关的东西哒！也很耐心很nice的老师啦
92175,46,姜海益,2018-12-27 02:38:15,1,1,0,高等数学这门课来说 老师讲得很细致 对学生也很好 只要上课认真听了几本都没问题 也不点名～
92526,46,姜海益,2019-01-02 03:01:46,2,2,0,老师很可爱很可爱很可爱是真的\n\n认真听还是会有收获\n\n老师也很认真\n\n只是真的教的超级慢坐超过第四排应该就看不懂他的板书了...\n\n还常常忘记自己在说什么...
92646,46,姜海益,2019-01-03 08:39:47,3,3,0,老师超可爱，讲的超细，作业超少的。
94065,46,姜海益,2019-01-15 05:27:50,7,7,0,只要去问，老师都会耐心解答，而且没有架子，愿意跟我们这种文科数学菜鸡讨论半个小时的概率问题，而且自带萌点。?
94174,46,姜海益,2019-01-15 12:12:06,1,1,0,人萌的不行，作业负担轻，不过推荐自学。我打9分
94779,46,姜海益,2019-01-18 06:19:22,4,4,0,老师会很耐心地解答所有的问题。而且完全不会责怪你，我觉得这对高等数学来说是最重要的事。
95286,46,姜海益,2019-01-23 04:41:49,4,4,0,被卡绩好难受啊呜呜呜
96104,46,姜海益,2019-01-20 12:54:51,4,4,0,老师超级好很可爱 \n\n高数是我轻敌了都是我的错\n\n希望绩点不要爆炸吧呜呜呜
97905,46,姜海益,2019-01-23 01:30:48,2,2,0,老师很可爱，上课很认真
97906,46,姜海益,2019-01-23 01:31:46,-6,2,8,5.0 来纪念一下
97923,46,姜海益,2019-01-23 01:50:30,-6,1,7,第一门满绩，谢谢老师
97927,46,姜海益,2019-01-23 01:59:30,-3,4,7,胡乱打分，md
97931,46,姜海益,2019-01-23 02:03:49,1,2,1,超级超级好的老师，期末的平时分都是浓浓师生情，因为平时分总成绩被拉高了好多。应该是大一上绩点最高的一门课了，吹爆海益！！！
97968,46,姜海益,2019-01-23 02:52:11,0,2,2,老师很可爱，给分也好，但考试分数还得靠自觉。\n\n就是上课有点没重点（可能是老师上文高，看不到难点2333）
97970,46,姜海益,2019-01-23 02:54:53,-1,0,1,高数建议课前自学再听课，老师讲的挺慢挺细的，本来以为期末爆炸，最后成绩意外地还可以。
98004,46,姜海益,2019-01-23 03:37:27,3,4,1,老师真的很萌，高数考前轻敌没有满绩，所以大家一定要认真对待这门课啊！！！！！老师挺有意思的。不过推荐自学，因为他真的讲课会把自己绕进去。
98020,46,姜海益,2019-01-23 04:00:44,1,1,0,老师相当佛系，作业很少很少了，小测特别简单，但是佛过头了，我们高等数学连群都没有……不点名，还不错，就是上课犯困……
98069,46,姜海益,2019-01-23 04:45:24,0,2,2,谢谢老师不杀之恩(≧∇≦)！60分低空飘过
98443,46,姜海益,2019-01-23 12:51:29,0,1,1,希望文科高数不是我人生中唯一一个满绩，谢谢老师
99312,46,姜海益,2019-01-24 14:38:20,-2,0,2,完全自学绩点4.8，老师很佛系，高数课没群不点名，，作业超级无敌少，小测简单到抠脚哈哈哈。高数难度摆这儿了，建议自学哈，来自一个期末考前两天临时抱佛脚开始自学没怎么刷过题上课还从来不听的人。。(不过老师自带天然呆属性，有丶丶可爱喔⊙ω⊙
100398,46,姜海益,2019-01-26 05:13:03,2,2,0,【文科高等数学】期中前高数都是认真听的！因为期中考好了后面就 唔 没怎么听过……虽然文科高数基本上自学就好了，但是老师上课讲的例子其实也是可以辅助理解哒。很萌很认真的一位老师，作业很少，不点名，个人感觉他很像一只海龟233～老师上课会讲一些我们不需要掌握的东西，而且都是在讲完之后才说我们不需要掌握……所以一般老师讲到书上没有的东西一般也不需要听啦
102372,46,姜海益,2019-02-01 09:28:15,-1,1,2,老师给分也太好了吧！高数满绩超级拉高我的绩点！老师很负责很耐心，虽然上课会有点慢
103258,46,姜海益,2019-02-27 04:40:45,10,10,0,人超级好，你什么时候问他问题他都会超级细致地讲给你听，不论何时何地，根本不会不耐烦，上课好可爱的，虽然总是抓不住重点，需要大量自学。讲课水平不敢恭维，但是，总体上，怎么会有这么可爱一个老师呜呜
103367,46,姜海益,2019-02-27 13:56:47,5,5,0,老师太好啦！！！！我好快乐！！！！
104779,46,姜海益,2019-03-28 01:18:51,-13,1,14,讲课水平太差
108563,46,姜海益,2019-05-28 15:42:41,2,2,0,不点名，人超好，期末考砸了，平时分给了我满分！！！！
108565,46,姜海益,2019-05-28 15:46:47,2,2,0,真的可爱！很可爱一老师！
110097,46,姜海益,2019-06-22 18:08:27,4,4,0,老师人很好(⁎⁍̴̛ᴗ⁍̴̛⁎)
110237,46,姜海益,2019-06-25 03:31:28,4,4,0,老师真的太可爱了，感恩戴德
110239,46,姜海益,2019-06-25 03:50:18,5,5,0,天呐 老师也太棒了? 给分也好惹
110341,46,姜海益,2019-06-25 21:34:28,5,7,2,超级好的老师  真的超级棒  评分10分理所当然
110342,46,姜海益,2019-06-25 21:35:35,5,5,0,老师真的很好啊！！！非常温柔！！\n\n
110611,46,姜海益,2019-06-27 15:46:39,2,3,1,老师给分真的太太太好了
110612,46,姜海益,2019-06-27 15:49:24,3,3,0,人超好
116908,46,姜海益,2019-09-17 06:51:03,-3,2,5,上课真的很乱，逻辑不清晰
116912,46,姜海益,2019-09-17 07:17:52,4,4,0,为啥你总要努力地用极其可爱的平翘不分口音来说服自己，我们明明没啥意见呀，你是老师你最大好不。
117630,46,姜海益,2019-09-27 02:22:13,2,2,0,虽然有些无聊，但还是可以的，希望老师上课不要过于细致了（人还是很好的）。
117635,46,姜海益,2019-09-27 03:30:09,0,3,3,老师其实人很好，也很可爱，但是授课的时候讲得不是很清楚，像我这种基础不好的就觉得听不懂。
117884,46,姜海益,2019-10-07 23:44:46,1,1,0,哈哈哈
117890,46,姜海益,2019-10-08 01:37:43,3,3,0,超可爱！！人超好！！
118939,46,姜海益,2019-11-08 04:30:29,45,46,1,老师真的太太太可爱了，每次上完高数都想抱一只回去。特别是讲到一半突然想起来什么转头康康你，然后再转回黑板，再一脸呆萌的转回来，awsl，怎么会有这么可爱的老师!!!
119170,46,姜海益,2019-11-11 03:49:26,3,3,0,老师太可爱啦！！！
119241,46,姜海益,2019-11-11 15:02:37,1,3,2,如果老师能建个课程群就好了！！！
120980,46,姜海益,2020-01-19 06:42:29,5,5,0,老师超级可爱，对我这种数学渣渣特别友好。推一波
121314,46,姜海益,2019-12-27 10:12:55,4,4,0,姜老师人非常好，答疑炒鸡耐心。对学渣如我，愿意慢慢解释每一个步骤，看着我的眼神，确保我明白。我听着听着绕晕了，又不好意思再追问，老师一眼看穿，重新详细讲解。为了给同学答疑，老师饭都来不及吃。有一次我上课不小心睡着了，下课厚着脸皮向老师请教，老师丝毫不在意，只担心我听不懂。如果学不会，老师会安慰我说，数学不难，慢慢学着就好——虽然这话对学渣如我没有说服力，但真的很温暖啊！    老师讲课喜欢细致严谨，我学期初适应不了这种风格，但是现在姜老师的微积分是我最舍不得的一门课。
121529,46,姜海益,2019-12-13 02:18:13,2,2,0,超级棒
121698,46,姜海益,2020-01-21 02:16:09,17,18,1,已经评论过，但是我按捺不住给姜老师再刷一次十分。等价无穷小的概念，我愣是学不会，老师先后完完整整地给我讲了五次。对于我这种基础不好的蠢学生，老师愿意一次又一次讲同一道题，逐个步骤细细地讲，从来不会嫌弃学生，不计较付出时间。我也看过老师跟学霸探讨难题，老师很愿意与学霸讨论不知道哪里找来、没有参考答案的难题，就像开研讨会那样。老师不重视考试技巧，不认同学生刷题，他认为，首要搞清楚概念和定义，讲求推论逻辑严谨细致——这不就是求是精神嘛。总而言之，这么好的数学老师上哪找。
121705,46,姜海益,2020-01-21 02:40:54,5,7,2,老师人很负责，上课的时候是整面整面的板书
122590,46,姜海益,2020-03-05 07:25:30,-3,1,4,上课可能让人不容易听得进去，建议好好看书
123824,46,姜海益,2020-06-14 22:09:44,4,7,3,微积分97分 来给您打个10分
124845,46,姜海益,2020-07-12 14:18:44,5,5,0,谢谢您！姜老师太好了
125167,46,姜海益,2020-09-02 15:38:31,13,13,0,老师的分为什么没有上九！！！他值得，我来刷波分！
125168,46,姜海益,2020-09-02 17:17:04,1,1,0,真后悔退了课
125169,46,姜海益,2020-09-02 17:19:45,0,0,0,如果是他自己出题的话，一定记得听课听课听课，上课讲过的东西都可能出现在考试卷上的
125179,46,姜海益,2020-09-03 05:17:59,5,6,1,真的是非常非常好的老师！姜老师超级棒！
125217,46,姜海益,2020-09-04 00:30:15,6,6,0,老师是非常好的老师，我这学期上的数分，一次4.5，一次4.2。只要努力分都不会低。老师上课中规中矩按照书上讲，偶尔有些扩展。
125441,46,姜海益,2020-09-09 08:10:12,15,17,2,给分很高，老师很可爱，对文科生真的很友好
125442,46,姜海益,2020-09-09 08:10:37,4,4,0,虽然讲课略无聊，但给分真的好好啊呜呜呜呜呜呜！！
126413,46,姜海益,2020-09-25 08:10:04,-17,3,20,坑人老师，作业没有，例题无明显特点，讲的都会，不会的都不讲。全靠自学，我还不如拿着两小时去刷题
127007,46,姜海益,2020-11-03 02:03:48,-7,4,11,擅长自学的可以选他，不太管\n\n如果想听讲课学到什么东西，那就算了\n\n讲课无聊没啥人听的
127135,46,姜海益,2020-11-10 00:02:14,5,6,1,很困，全靠自学
128328,46,姜海益,2020-12-19 02:24:23,8,8,0,老师真的好可爱!!!\n\n听到讲x弯弯和x star的时候真的笑死哈哈哈哈\n\n感觉讲得很好鸭，上课学得很开心跟得还算轻松吧(高中有超讨厌数学呜)大一的时候高数就是我最喜欢的课啦\n\n作业也不会很多滴!个人还蛮推荐的
128466,46,姜海益,2020-12-23 10:08:26,8,8,0,评价数学分析乙：老师讲课非常严谨细致，有时可能会认为太啰嗦，实际上仔细思考才会发现有的看似很罗嗦的东西对于初学者而言是必要的；知道为什么要在这里详细地澄清这些概念，可能才算是真的理解了这个概念/定理。这门课是数学分析，姜海益老师是启蒙我理解何为“分析”的老师，之后的很多课，很多地方，我都在反复地使用“分析”，也在不断地更新对其的理解。希望后来者不妨耐心一点，跟随姜海益老师的板书和思路去体会“分析”。另外说一下关于考试题目：题目都很基础，老师的题目对技巧的考察很少，只需要知道基本定理，有一点分析的思想，多看看书，不用刷题也能满绩。
128927,46,姜海益,2020-12-27 04:30:57,0,3,3,怎么说呢……和其他三个数分老师比起来还是有差距的，勉勉强强还可以吧，人还是很好的
128955,46,姜海益,2020-12-27 11:45:46,1,1,0,姜老师好可爱的
131985,46,姜海益,2021-01-30 01:20:01,8,10,2,姜老师贼可爱，对文科生非常友好！讲课萌萌的，反对学生刷题。之前下课去问他题目一点不马虎都在黑板上写过程，问我懂没懂，我说没懂他又再讲一遍，真的很耐心啊！\n\n期末考试挺难的，但最后分数超出意料了，吹爆姜老师！
132004,46,姜海益,2021-01-30 02:25:23,8,8,0,高数遇上姜老师真的幸运！！其实文科高数的难度大部分人稍微听点课再自学一下就能搞定的呀～老师特别可爱特别耐心，一直跟我们说可以提早来教室找他答疑，刚开始几次讲的内容太简单没人找他，他就一个人坐在讲台边发发呆挠挠头哈哈哈上课有时候还很萌（很认真地告诉我们骰子年tou，不念shai）而且他的理念是你只要能把课学好，不来上也没关系！一整个学期签到两次，竟然是手动在签到表上签，他说这个是用来看你期末万一没考好给你加几分哈哈哈不会因为你没来给你扣平时分。没次课都是慢慢当当的手写板书，为了不吃粉笔灰每次都戴口罩讲课不容易啊～但是粉笔灰会掉他头顶就又好笑又心疼😂老师最后一个人管着300个学生的分数，给分真的超级好！老师辛苦了！
132031,46,姜海益,2021-01-30 03:34:41,2,2,0,很可爱的老师，上课确实有点无聊，但重点还是都在的
132871,46,姜海益,2021-02-04 09:11:40,-15,4,19,讲的很差，勿选
133311,46,姜海益,2021-02-24 13:52:45,1,1,0,老师很可爱，人特别好，虽然讲课很催眠，基本照着书讲，可是给分真能捞
134572,46,姜海益,2021-04-02 09:05:12,-19,2,21,太恶心了
134878,46,姜海益,2021-04-20 04:49:20,3,4,1,上学期的数分甲I（H）感觉有点读课本/催眠，但这学期的数分II就感觉换了个人，讲的思路很清晰，不会讲太难的超纲点，作业题不多又能捞，很适合我这种five（
136790,46,姜海益,2021-06-24 14:44:07,0,0,0,啊啊啊
136980,46,姜海益,2021-06-29 05:43:10,12,16,4,我现在是zju头号姜吹。姜老师是特别注重讲解概念和证明的一位老师。如果不喜欢数学概念和严格证明，请移步贾厚玉班或者陈锦辉班。\n\n数分①的时候姜老师讲的会显得比较枯燥，但听姜老师的课是对自己数学逻辑思维的很大锻炼，能把数学修炼得更加严谨严格。不过最好还是把课后题都刷完。\n\n建议数分②的时候，数学水平不算顶尖的同学都可以选择姜海益老师。姜老师在数分②的时候讲得会比其他老师更清晰，概念更全面完整，很多其他的数分老师为了多讲例题干脆就略讲定理或者直接跳过，对培养数学理解其实不是那么好。看个人喜好吧，我比较喜欢从定义出发推理，觉得姜老师很好。\n\n平时姜老师答疑也很积极，回复很快。如果是大一下学期预置的姜老师，其实没必要换，学到多元函数那块就知道姜老师有多香了。
137542,46,姜海益,2021-07-05 04:27:46,0,4,4,讲的怎么样不知道，成绩确实不太行
137634,46,姜海益,2021-07-05 12:14:57,14,17,3,数分II姜吹前来报道( ´▽` )ﾉ\n\n姜哥讲课特别详细，扩展内容没有其他几位老师讲得多，但书上的每个考点都几乎是保姆式，讲到人人都能听懂为止。板书真的书本知识全覆盖，可以拍照留存等到期末复习拿出来当升级版数分课本。\n\n真的很能捞，数分捞王名副其实，期末能算错的几乎全错，光靠过程分都能捞上3。出分的时候亲眼目睹多位其他班的同学哀嚎后悔退掉姜哥转投其他老师。现在知道该选谁了吧（滑稽）？
137679,46,姜海益,2021-07-05 14:54:03,1,4,3,zju头号姜吹报道
137949,46,姜海益,2021-07-06 23:11:09,0,2,2,老师会捞人，太感谢了！期末考得一团糟，结果绩点不差。。。当然平时有点名和小测。老师人还是很不错的，适合喜欢数学的同学
138013,46,姜海益,2021-07-07 05:15:05,0,1,1,姜老师讲的真的很细致，而且只要认真听了绩点绝对不会差！
139151,46,姜海益,2021-07-13 03:59:47,2,2,0,还是可以的
139675,46,姜海益,2021-07-20 00:31:17,1,1,0,谢谢姜老师！
139795,46,姜海益,2021-07-27 12:21:09,4,5,1,老师下学期既要上数院的数分又要上竺院的数分，好强
145566,46,姜海益,2021-12-30 09:04:59,11,11,0,姜老师真的是非常好的一位老师！
146954,46,姜海益,2022-01-08 07:10:58,1,2,1,呜呜呜呜感谢老师捞我淑芬！我知道我的成绩肯定配不上这个绩点，但是老师还是给了一个十分好看的绩点。入股不亏啊啊啊啊
146979,46,姜海益,2022-01-08 09:17:59,1,1,0,谢谢姜老师！
146982,46,姜海益,2022-01-08 09:29:18,-8,7,15,绩点出了，过来给个满分。姜老师挺可爱的，人也很好，而且从来不点名。助教老师也超级好，我隔了几周补交作业都给我算交了，真的挺感谢的。虽然最后91分被卡了一下有点不甘心，不过也都怪我期中太烂了，总体来说很满意！
147691,46,姜海益,2022-01-10 13:13:45,1,1,0,感谢姜老师
149854,46,姜海益,2022-01-17 09:38:15,0,1,1,板书很清晰
150870,46,姜海益,2022-02-20 09:44:00,-8,2,10,姜老师超可爱哈哈哈哈，感谢满绩！
151213,46,姜海益,2022-02-24 14:40:34,4,4,0,没作业，快选
151346,46,姜海益,2022-03-01 02:40:06,2,2,0,数分2 感觉是重视定理证明的老师。可能部分人觉得上课讲定理很催眠，讲各种难题才有意思？可能有极少部分人的确数学水平很高，但是我觉得绝大部分学生学数学分析毕竟不是学微积分，首先还是掌握好定理证明吧，仔细研究其实这部分才是最有意思的。
151503,46,姜海益,2022-03-05 13:13:18,1,3,2,数分二 感觉讲得还行，拓展较少，但是逻辑还是清晰的，就是太——慢——了——
152914,46,姜海益,2022-04-21 14:57:59,0,1,1,姜神人真的超级好，大一每次听他的课都是一种某种意义上的休息
153080,46,姜海益,2022-04-25 04:15:15,3,3,0,非常好！非常可爱！
154144,46,姜海益,2022-05-24 12:36:06,4,4,0,说实话很真切地感觉是一位好老师，但对比之下上的课真便秘，有时候听着真的急啊
154186,46,姜海益,2022-05-25 10:32:37,13,17,4,数院老六 第十四周突然签到 还是写在纸上 心存侥幸的勿选
157376,46,姜海益,2022-06-23 05:34:38,2,2,0,姜哥讲课比较偏向概念理解，虽然有点催眠，但是仔细听真的能学到很多！！一个学期收获良多，绩点确实被狠狠捞了一把，大爱姜哥！！
157391,46,姜海益,2022-06-23 06:10:55,4,4,0,给分太好了
157585,46,姜海益,2022-06-24 01:16:18,0,0,0,谢谢你！数分二比一高！狂爱！呜呜呜姜哥nb
158962,46,姜海益,2022-07-04 03:50:09,4,4,0,上课很可爱，经常卡住，给分海底捞，数分2看书就够啦~
160318,46,姜海益,2022-09-19 03:47:46,6,7,1,严格来讲 姜海益只是一个记号
160432,46,姜海益,2022-09-22 06:30:37,0,1,1,老师知道超级认真，作业很少
161340,46,姜海益,2022-11-04 09:18:07,1,1,0,老师不错。但数分很难。
163775,46,姜海益,2022-12-16 05:45:01,2,2,0,很好啊，捞捞
164150,46,姜海益,2022-12-18 12:44:02,4,5,1,2022年最新，上了一学期数分一的大一新生前来评论，老师其实讲课不错，虽然有时候会有卡顿，但是老师属于那种会把你基础打的很扎实的那种（注重证明而且也会说明知识需要掌握的程度），平时作业可能有点多但是都是能帮你复习知识那种
169358,46,姜海益,2023-02-25 14:43:07,2,2,0,授课略慢却非常认真 人真的很好 给分不错
169479,46,姜海益,2023-02-26 11:15:01,2,2,0,姜老师还是不错的，讲课很认真，一点也不严厉，虽然给分不太理想。下学期数学分析还是姜老师，希望自己努力学好。谢谢姜老师。
170496,46,姜海益,2023-03-06 02:34:14,-4,0,4,。。。
170750,46,姜海益,2023-03-09 05:13:09,2,2,0,非常耐心
171055,46,姜海益,2023-03-15 06:20:39,3,3,0,老师挺好的，很可爱，就没点名这点比其他老师舒服多了
173186,46,姜海益,2023-05-15 06:17:55,0,0,0,挺好的。
174202,46,姜海益,2023-06-07 08:53:39,1,1,0,巨捞！
175413,46,姜海益,2023-06-24 16:55:15,0,0,0,我爱姜哥
176694,46,姜海益,2023-06-29 17:40:21,1,1,0,好好好
176710,46,姜海益,2023-06-29 23:30:56,0,0,0,姜哥yyds！！！！永远的爹。😍😍😍
176793,46,姜海益,2023-06-30 07:35:09,0,0,0,感谢姜哥！
177025,46,姜海益,2023-07-01 06:37:48,0,1,1,数分二很捞
177145,46,姜海益,2023-07-02 01:53:04,4,7,3,海底捞！两次小测平均都没有及格，特别担心，结果竟然满了！感谢老师！！！
177498,46,姜海益,2023-07-03 13:08:53,0,1,1,姜哥给分真好
177596,46,姜海益,2023-07-04 01:44:03,0,1,1,海益哥哥yyds
177905,46,姜海益,2023-07-05 10:58:51,0,1,1,hygg巨能捞！会点名但他说了只是意思一下完成个任务
178827,46,姜海益,2023-07-24 16:19:53,0,1,1,数分Ⅱ。偶尔会点名，不过可以补签问题不大。小测一次40一次60心态炸裂，不过期末很捞。上课基本就是课本上没有改动。个人感觉还是火老师上课感觉更佳。不过姜哥给分还是好的
178845,46,姜海益,2023-07-25 08:25:00,2,3,1,上了两个学期的姜老师，真的很感谢大一遇见！！！虽然上课在前排睡了不少，但是还是大力支持！！！
180339,46,姜海益,2023-09-21 07:03:15,1,2,1,像小孩子一样可爱
181183,46,姜海益,2023-10-11 03:28:41,9,10,1,我是大一新生，姜老师真的好可爱啊啊啊啊啊啊啊，现在在他课上，忍不住来给个满分，一下子爱住了
181623,46,姜海益,2023-10-24 13:23:31,-28,3,31,姜老师上课真是没有什么数学逻辑可言，就纯纯抄定理给证明，不少概念引入的非常生硬。在课堂上不会引导学生对定义产生深入理解，就上来硬搬概念，抄好然后继续。有时还喜欢说某些定理的英文表达来，呃，增加课堂容量，但做好前两点恐怕比这样耍小聪明要重要的多。总之，如果真的想提高自己数学素养的，不推荐选这门课
181633,46,姜海益,2023-10-25 02:33:39,3,5,2,讲得超好，上课内容是会让喜欢数学的人很快乐\n\n没有作业\n\n人有耐心会回答问题
184170,46,姜海益,2023-12-11 15:33:27,2,2,0,超级棒的老师，真的真的真的！！
184383,46,姜海益,2023-12-18 12:32:17,-2,1,3,数学不好的人听不懂
184519,46,姜海益,2023-12-21 09:14:56,3,3,0,非常可爱的老师
184860,46,姜海益,2023-12-23 13:56:45,2,2,0,好老师！！
188469,46,姜海益,2024-01-19 04:53:41,4,5,1,姜哥真的超级捞，期末考炸的情况下还捞到了4.2，本来以为3.6都难保了。姜哥除了小测从不点名，助教可能会点，但是姜哥和助教都很好！
188559,46,姜海益,2024-01-19 08:43:54,2,2,0,超级可爱的姜姜啊 虽然有时候会犯小糊涂但是整体水平很高思路很清晰！恨数学但是爱姜姜，期末绩点也让我喜出望外！
193832,46,姜海益,2024-06-20 03:55:53,3,3,0,考完了，还没出成绩，怕看到成绩反悔就先给十分了
193871,46,姜海益,2024-06-20 11:09:53,1,1,0,作业非常少，给分也很好\n\n上课只能说分析味很浓
194811,46,姜海益,2024-06-25 13:31:00,8,8,0,这学期助教上课声音太小，板书像蚊子腿一样细，不过习题课没点过名。还是给姜神满分捏，至少上学期给分超级好
195357,46,姜海益,2024-06-28 00:57:26,5,5,0,好老师，学弟学妹们快冲！
195369,46,姜海益,2024-06-28 01:31:35,5,5,0,10分，老师人很好，给人一种老实有点憨的感觉（什），希望例题可以难度大一点
195391,46,姜海益,2024-06-28 02:48:55,5,5,0,老师巨捞！！人巨好！！感觉是真心体谅学生的辛苦，不会为难学生
195491,46,姜海益,2024-06-28 10:36:34,3,3,0,超级好老师
195503,46,姜海益,2024-06-28 11:46:36,4,5,1,数分ⅡH，老师一个学期会点两次名，应该是雷达点名，上课会把证明过程讲的很仔细，喜欢把证明抄到黑板上，但声音有点催眠（我太菜了听不进去），整体的讲课进度对数分基础比较差的学生很友好，期末考试也是应捞尽捞了，建议数学佬如果想更深一步，可以左转cjh爷爷的课。总而言之姜哥讲课无功无过，想学好还是要线下下功夫的，只要认真学过了姜哥会给你一个满意的成绩的
196041,46,姜海益,2024-07-01 08:56:50,5,5,0,海底捞
196102,46,姜海益,2024-07-09 01:51:37,6,6,0,十分！
196567,46,姜海益,2024-07-04 05:51:45,3,3,0,小测会点名，以及假期前看到人很少点了一次名。海底捞，我都不相信这是我的分数。
197309,46,姜海益,2024-07-11 00:41:49,9,9,0,嗯，jhy老师有点可爱，上课的时候会有很多莫名的笑点。听他的课是比较轻松的，有很多可以让你跟上的点和小总结，不至于捡个笔的功夫就听不懂了hhhh。\n\n几乎无作业，所以数分要自己做题自己复习；虽然点名但是只作为参考，（jhy老师非常看重期末考，点名不重要）考前会留下几节课时间回顾知识点与复习。这学期数分2提前2周就把课讲完让我们开始复习了。\n\n我的建议：如果你是平常不想去上课数学也比较摆的学生，慎选姜老师，不然自己没学懂还后悔就没意思了；如果你想要习得一些严谨的数学思维并收获良好的听课体验，那欢迎选课！
197320,46,姜海益,2024-07-11 02:11:06,1,1,0,海底捞！！感谢老师救我狗命
202229,46,姜海益,2024-11-11 02:55:42,4,5,1,人很好 讲课挺细的 不赶进度 分数不好基本都是自己原因\n\n正经又带点幽默 拖了休息时间会晚几分钟再上课\n\n而且老师很可爱 特别是思考时回眸一看\n\n滕助教也挺好的 有点小帅和幽默 讲课有时候有点迷 但整体都很好
202913,46,姜海益,2024-11-15 06:40:51,0,2,2,老师上课可能思维有点乱，但是萌就完事了，还不点名，作业少事少，学完之后再听他的课会有更深的感受，真心喜欢这个老师\n\n（想水数学的同学就别找这个老师了，要不然你期末包挂的）
203189,46,姜海益,2024-11-18 00:15:49,1,1,0,老师真的好\(^o^)/~\n\n非常细致非常可爱
206515,46,姜海益,2024-12-15 15:43:47,0,0,0,伟大无需多言，上了数分三回来才觉得姜神打下了很好的基础
206548,46,姜海益,2024-12-16 03:31:15,1,1,0,老师超级萌，对大家态度超好，很认真很认真，能学到东西ᵔᴥᵔ
210834,46,姜海益,2025-01-10 05:07:57,2,3,1,绝世好老师!超级捞王!从没想过能满!
211035,46,姜海益,2025-01-10 11:20:50,6,7,1,讲课略无聊 可能数学课就是这样 不是很幽默 但有时会有一点点小趣味 而且如果单独问问题会表现的很不耐烦？不过总体还是很好的老师 打算给九分。\n\n但是老师看在我期末满分，小测扣的两分直接给我抹了 最后成绩是100分 想都没想过会有拿满分的一天 所以回敬老师抹个小分直接10！
211105,46,姜海益,2025-01-10 16:00:08,2,3,1,老师好捞！期末考有题证翻车小测两个90捞满了
211393,46,姜海益,2025-01-11 10:09:24,2,2,0,我将永远膜拜姜神的善举😍😍😍
211437,46,姜海益,2025-01-11 11:56:33,0,0,0,姜老师好萌好捞好好！
212315,46,姜海益,2025-01-14 01:23:06,1,2,1,对我来说，姜老师讲课的速度偏慢，课上的证明也显得很冗长，但是对于培养证明的严谨性是很有帮助的。至于最后的成绩，感觉姜老师给的很好，从身边的高分段和中分段综合来看都很不错。总而言之，姜老师的课可能更适合数分基础不强的同学，对于有一定数分基础的同学可能会显得稍慢
221375,46,姜海益,2025-06-23 06:32:53,0,0,0,老师人真的是很好的，就是不知道为什么这学期姜老师开始高频率点名了（）。
221407,46,姜海益,2025-06-23 08:53:35,0,0,0,人很好，帮我捞到满绩了
221688,46,姜海益,2025-06-25 08:53:13,0,0,0,数学分析，上个学期数分一是几乎不点名的，只有小测前有点名，这个学期数分二有好几次突击点名。平时小测都是学在浙上面的选择题，一般是十个，考不好也不要紧老师会捞，前提是你期末考的比较好（期末考的很好甚至有可能给你捞成5.0）。老师平时上课讲的定理证明比较多，适合没什么基础的同学，讲课比较慢，证明会过的很细致，放心冲就完了。
594,53,汤树元,2015-03-15 06:19:01,202,236,34,条理清晰，重基础，给分也好。
764,53,汤树元,2015-03-16 12:41:07,-39,24,63,就会抄课本，讲得不是很好，题讲不清楚，没有拓展
859,53,汤树元,2015-03-18 02:16:06,14,23,9,讲的很好
1285,53,汤树元,2015-03-21 17:29:43,15,24,9,就是喜欢这种老师！
2094,53,汤树元,2015-04-01 10:14:27,18,34,16,超级逗的老师  就是有点口音  听起来有点费劲
2916,53,汤树元,2015-05-11 04:20:47,-1,4,5,讲的好
2939,53,汤树元,2015-05-11 10:14:37,31,44,13,除了有些口音其它都很好。比较铿锵有力，富有激情，而且人很亲切可爱\n\n
3017,53,汤树元,2015-05-13 01:03:32,-1,6,7,有点逗逼，不过老师不错
3218,53,汤树元,2015-05-21 08:43:22,13,19,6,超级好的老师！讲得很清楚
3385,53,汤树元,2015-06-08 04:15:36,0,5,5,好老师，讲课好，还让我过了
3582,53,汤树元,2015-06-17 01:43:11,1,5,4,条理清晰
3982,53,汤树元,2018-08-25 13:36:29,120,139,19,老师讲课有点快，我们有时跟不上节奏，整节课他一个人脱口秀，不过很幽默~
4541,53,汤树元,2015-06-24 08:11:27,-1,6,7,还好
4915,53,汤树元,2018-01-23 09:55:01,4,10,6,男神啊！讲得很有条理很幽默，人很亲切。
5144,53,汤树元,2015-07-05 02:55:13,-15,6,21,不好懂，是几分就是几分\n\n
5194,53,汤树元,2015-07-05 16:39:08,47,67,20,很有意思的老师  但是想考高分要靠自学
5738,53,汤树元,2015-07-09 08:22:09,0,4,4,好
6090,53,汤树元,2015-07-11 00:22:10,-3,3,6,人很好，给分厚道
6099,53,汤树元,2015-07-11 01:07:16,-6,6,12,浓浓师生情。线性代数是我所有数学课里绩点最高的一门。
6105,53,汤树元,2015-07-11 01:44:23,0,7,7,超级可爱的老师 讲课是很认真的那种 关键是给了一个感人的分数
6113,53,汤树元,2015-07-11 02:23:39,14,21,7,老师讲得很认真，抓住重点，人也很风趣，课堂经常有笑声。作业适中，给分不错。很好的老师
6124,53,汤树元,2015-07-11 05:06:21,8,13,5,老师上的很有条理！也超级有热情！上课根本不会想睡觉！
6201,53,汤树元,2015-07-12 03:08:37,0,4,4,细心人好给分优
6596,53,汤树元,2015-07-16 04:52:51,2,5,3,好
6668,53,汤树元,2015-07-18 03:02:44,-29,9,38,给分很烂，讲课很快而且不清楚，差评
7333,53,汤树元,2015-09-13 15:11:00,4,9,5,男神，幽默有趣，讲课清晰！
7780,53,汤树元,2015-09-15 13:21:09,2,4,2,好
7881,53,汤树元,2015-09-16 02:31:50,-21,5,26,抄课本
7889,53,汤树元,2016-12-20 02:24:54,-48,6,54,垃圾\n\n垃圾
7921,53,汤树元,2015-09-16 06:45:52,-36,6,42,讲什么不知道，字还jb丑\n\n
7933,53,汤树元,2015-09-16 07:09:48,-3,9,12,口音重！写字看不清
8156,53,汤树元,2015-09-17 07:19:35,1,5,4,给分好讲得好棒棒的
8218,53,汤树元,2015-09-17 14:38:12,-1,4,5,挺好的
8594,53,汤树元,2015-09-23 02:05:57,0,3,3,绝对好老师，调理很清晰
9314,53,汤树元,2015-10-21 06:10:28,-5,5,10,口音重，不知所云
9353,53,汤树元,2015-10-23 05:05:35,3,6,3,讲得非常好，很清楚，但上课信息量也超大
9410,53,汤树元,2015-10-26 10:35:33,5,12,7,除了有口音，板书看不懂之外，老师还是蛮好的
9861,53,汤树元,2015-11-11 10:51:41,1,3,2,我也想成为这样的人。
10829,53,汤树元,2015-11-23 06:28:59,-2,1,3,超级好的老师！！！
10934,53,汤树元,2015-11-23 11:05:01,83,97,14,上课信息量大，一定要预习。
11306,53,汤树元,2015-11-26 13:37:59,0,2,2,字儿不错
11350,53,汤树元,2015-11-28 07:30:18,-2,2,4,。。。。。。
11811,53,汤树元,2015-12-16 03:47:36,3,4,1,冷幽默
11880,53,汤树元,2015-12-20 06:38:49,0,5,5,很好的自我感觉比汪国军好
11946,53,汤树元,2015-12-27 05:22:15,1,2,1,特别好
12039,53,汤树元,2015-12-21 14:39:28,2,3,1,讲得太快，普通话有点不标准，老师人挺好的，偶尔开一些小玩笑，讲的感觉挺好的
12357,53,汤树元,2015-12-23 05:18:57,10,10,0,哼哼～
12874,53,汤树元,2015-12-24 07:14:43,1,3,2,口音略重，老师超级棒\n\n
13498,53,汤树元,2015-12-28 12:50:27,-1,1,2,老师很幽默讲的挺好的
13564,53,汤树元,2015-12-29 08:37:33,3,3,0,课容量的确很大，不过很幽默，一举一动都是笑点
13598,53,汤树元,2015-12-30 02:08:53,-15,2,17,本来挺懂的，被他一讲就乱了 ，字如鸡爪，完全看不懂
13622,53,汤树元,2015-12-30 05:50:04,1,2,1,说话速度好快，有口音，而且字看不清楚
14312,53,汤树元,2016-01-06 07:51:37,-1,1,2,除了有口音 字比较潦草 其他都蛮好的 老师很萌啊
14368,53,汤树元,2018-01-04 01:30:01,180,211,31,讲课会先把他讲课的结构告诉学生，最后一次是复习课。有些口音扣20分，字写的不太好扣20分，冷笑话听不懂扣50分，给10分\n\n希望能用满绩作为回报。
15321,53,汤树元,2016-01-13 16:02:23,2,4,2,幽默风趣有条理，就是略有口音
16077,53,汤树元,2016-01-17 06:52:07,-2,1,3,人特别好 讲课很清楚 给分也特别好
16089,53,汤树元,2016-01-18 16:00:48,11,13,2,老师人很好 很幽默 萌萌的
16322,53,汤树元,2016-01-18 02:47:43,1,2,1,口音比较重…讲的蜜汁快(不过据说所有老师都很快)
16329,53,汤树元,2016-01-18 03:01:46,4,7,3,小天使，老顽童，给分超级好，讲的也不错
16344,53,汤树元,2016-01-18 03:24:08,3,4,1,会讲段子的线代老师，给分超好
16358,53,汤树元,2016-01-18 04:22:36,-1,2,3,幽默，讲得很好，给了3.9
16359,53,汤树元,2016-01-18 03:49:21,0,2,2,认真听讲非常有收获，人也超棒 ，幽默有趣
16386,53,汤树元,2016-01-18 04:28:48,-9,3,12,我不想再上他的课
16402,53,汤树元,2016-01-18 04:57:05,6,7,1,有一点口音，但多上几次就没问题了。上课略快，需要课后复习。的确是好老师，怪我太水...
16437,53,汤树元,2016-01-18 05:46:23,2,4,2,孔武有力，又不失亲切，好老师！
16511,53,汤树元,2016-01-18 09:25:26,13,18,5,灵魂段子手！\n\n而且如果认真听课真的会学到很多！\n\n他上课不用书，都是板书，把所有知识点都梳理证明一遍。\n\n总之超棒的老师
16596,53,汤树元,2016-01-18 12:52:15,5,5,0,觉得会更高
16647,53,汤树元,2016-01-18 15:16:33,0,4,4,啊啊啊，线代这么高的成绩真是谢谢老师啦，老师太帅了，讲的好给分更好\n\n
16759,53,汤树元,2016-01-19 02:31:17,0,2,2,非常好的老师，讲课有趣易懂\n\n
16761,53,汤树元,2016-01-19 02:32:42,-2,4,6,虽然喜欢他的课但是绩点真的有问题→_→只是刚及格T_T
17101,53,汤树元,2016-01-19 14:54:47,3,3,0,给分棒，，赞赞的，，，幽默
17172,53,汤树元,2016-01-19 23:43:16,0,0,0,口音略重
17195,53,汤树元,2016-01-20 00:52:00,1,3,2,老师讲的很好，学的渣是我自己的锅
18000,53,汤树元,2016-01-21 05:46:38,-1,1,2,幽默，细致，结构清晰。课堂节奏适中。就是字有点哈哈，不跟着听的人估计看不懂板书666
18659,53,汤树元,2016-01-22 08:43:25,-5,5,10,语速快，其实讲课还是不错的，给分应该合理，个人4.5
18702,53,汤树元,2016-01-22 11:10:22,1,1,0,有点意思！
19685,53,汤树元,2016-01-25 05:41:35,1,2,1,蠢萌蠢萌的
19709,53,汤树元,2016-01-25 06:45:40,2,3,1,说实话我半个学期都没适应过来他的口音，不过期末给分杠杠的！
20073,53,汤树元,2016-01-26 04:52:55,1,2,1,讲得很清楚，课一定要听
20264,53,汤树元,2016-01-26 23:06:29,3,4,1,有条理，只要认真听一定有收获。然而没预习的话，只要一不专心，后面就像听天书一样。
20588,53,汤树元,2016-01-28 16:08:09,-1,1,2,幽默，生动，人好，给分棒
20692,53,汤树元,2016-01-30 01:14:19,0,1,1,好得很！
21081,53,汤树元,2016-02-16 06:44:13,-2,0,2,超级棒的老师
21984,53,汤树元,2016-03-02 04:09:02,-1,1,2,老师太好了，讲的也好，人也好，好棒的老师！真的好喜欢！！！还每次提前下课！！！
21993,53,汤树元,2016-03-02 04:55:26,0,4,4,谁说老师口音重第一个不服！很紧凑很搞笑炒鸡棒
22251,53,汤树元,2016-03-03 06:11:23,-3,3,6,口音太重，版书也有些看不清，老师人是挺好，但学的晕头晕脑的
22659,53,汤树元,2016-03-09 10:55:03,0,1,1,超级好~
23440,53,汤树元,2016-04-06 02:22:45,62,66,4,这个粉笔只有我有
23457,53,汤树元,2016-03-30 08:12:34,1,2,1,上课超级有趣！
25459,53,汤树元,2016-05-20 04:36:04,0,1,1,讲的很好 很耐心
25549,53,汤树元,2016-05-25 06:25:49,29,34,5,同学们，85页真的很重要！
25666,53,汤树元,2016-06-01 02:35:35,1,2,1,课很好，股票做的更好
26030,53,汤树元,2016-06-15 06:57:59,-9,2,11,老师很喜欢调戏学生！
26032,53,汤树元,2016-06-15 07:00:33,2,2,0,讲课很有趣
27028,53,汤树元,2016-07-02 15:36:43,6,7,1,老师可爱啊啊啊啊 给分是不错的 当然自己也好好复习了的 总之上课很认真 条理清楚 经常鼓励我们 段子也有 赞
27047,53,汤树元,2016-07-03 04:32:28,2,4,2,好老师 讲课好 给分好 小幽默  总之非常棒！
28813,53,汤树元,2016-06-28 16:00:59,2,3,1,老师人非常好，上课很有条理，线代课的话，上课要认真听的，一走神立马不懂……
30091,53,汤树元,2016-07-01 02:19:16,113,118,5,经典冷笑  哼（bia 书 翻到 八四五 聂）
30669,53,汤树元,2016-07-02 07:30:17,-1,2,3,讲得清楚上课也有意思
30712,53,汤树元,2016-07-02 09:40:17,-1,1,2,感谢老师没让我挂，怪自己没有好好听讲。其实老师上课很好，课堂气氛也很不错。后悔自己没有珍惜
30714,53,汤树元,2016-07-02 09:53:17,4,6,2,让我第一次彻底听懂了一节大学数学课！
30724,53,汤树元,2016-07-02 10:17:24,82,89,7,老师不能更好！讲课详细，带你复习，作业相对多但是会讲难题，而且都是增加平时熟练度的习题～口音超级萌啊而且感觉并不重反正不影响听课！字写的潦草但是不影响看懂，而且ppt还会给大家，上面知识框架和考题都很新很好用！出分极快给分比我想象的好！最具代表性的冷笑、把书翻到85页？书翻到一百十五页……段子一个接着一个～最后成绩没有很高但是我满意了！我爱汤元～
30731,53,汤树元,2016-07-02 10:25:46,-12,3,15,谢谢老师给了我4.8的绩点。老师您拯救了我的线代，我爱您！
30732,53,汤树元,2016-07-02 10:27:00,3,3,0,好老师啊，不仅讲的有趣，而且给分超好啊！！！！！
31279,53,汤树元,2016-07-03 14:01:58,3,5,2,老师线代讲得非常清楚，时不时有点小幽默～不过需要课前预习，不然容易跟不上他的思路
31367,53,汤树元,2016-07-03 17:46:57,-7,4,11,好老师拯救了一个数学渣… 翘微1微2总觉得自己这辈子数学无望 但是总被萌萌哒老师吸引然后认认真真听了每一节课 非常棒 拿到了最高的数学的绩点（在期末只复习了24h不到的情况下）非常感动 非常开心 表白男神 很喜欢老师！
32024,53,汤树元,2016-07-05 11:44:19,-1,1,2,蹭了汤老师一个学期的线代 老师讲的很不错 其实学什么都要自己多花时间
32719,53,汤树元,2016-07-11 15:03:23,1,1,0,很有趣的老师
33595,53,汤树元,2017-01-22 09:07:07,5,6,1,上课速度比较快，可能一分心回来就听不懂了，口音在能接受的范围里。老师很幽默，上课最喜欢 哼哼 _(:з」∠)_
33610,53,汤树元,2016-09-20 08:56:59,-1,1,2,讲的很清楚！很有条理
35486,53,汤树元,2016-11-10 07:21:07,5,6,1,普通话不太标准，但是还可以听懂。讲课语速很快，不认真听跟不上。幽默风趣，源自他魔性的笑声～
35894,53,汤树元,2016-11-10 08:46:09,8,9,1,不说别的，一句话，真是好老师
36498,53,汤树元,2017-01-03 07:14:15,0,1,1,老师人很好
36624,53,汤树元,2017-01-19 04:18:16,0,2,2,男神不解释，想重修hh
38378,53,汤树元,2016-12-01 07:20:46,0,1,1,老师萌萌哒\n\n
38464,53,汤树元,2016-12-06 02:29:33,-2,1,3,汤树元式冷漠，很可爱
38954,53,汤树元,2016-12-20 03:42:56,121,125,4,汤树元:       哼（冷笑）\n\n众学生:       哈哈哈哈哈哈哈哈哈
39196,53,汤树元,2016-12-21 14:23:51,1,3,2,哼 这个粉笔只有我有 10分吧
39921,53,汤树元,2016-12-28 07:37:13,1,2,1,老师实在太牛，不知道从哪节课起就听不懂了怪我太菜
40046,53,汤树元,2016-12-29 02:48:56,-11,4,15,那么多人说给分好我怎么没看出来？比估计低很多给他发邮件他还不回，身边也有几个他的课不是很高就是很低，怀疑是牺牲了一部分人来给别人提分 不厚道
40339,53,汤树元,2017-01-03 03:43:10,2,2,0,棒！好老师
40367,53,汤树元,2017-01-03 05:39:59,-1,0,1,讲得清楚
40413,53,汤树元,2017-01-03 07:45:22,15,16,1,打10分是因为满分只有10
40420,53,汤树元,2017-01-03 07:56:30,4,6,2,老师好棒啊，会有很多冷冷的笑话
40426,53,汤树元,2017-01-03 08:38:38,1,3,2,幽默  每次都提前下课
40465,53,汤树元,2017-01-03 13:41:09,1,2,1,老师上课很逗 条理很清晰 会学到很多 但一定要认真听
40551,53,汤树元,2017-01-04 04:35:54,2,3,1,很有趣的人。如果提前预习上课会很爽。PPT做得不错。会以小测的方式变相点名
40579,53,汤树元,2017-01-04 06:52:53,-1,2,3,男神，很可爱，很自然的幽默，会很贴心地跟我们说一些学习计划的话，虽然有时候跟不上讲课速度，但觉得主要还是我自己的问题。上完最后一节课我还有点失落来着(￣▽￣)
41636,53,汤树元,2017-01-12 09:29:42,0,0,0,老师很幽默 上课也很好 但是讲课节奏快 像我这样反应慢的可能跟不上
43775,53,汤树元,2017-01-17 02:58:05,19,21,2,经典冷笑――哼≧Д≦
43879,53,汤树元,2017-01-17 05:29:45,3,4,1,老师讲的真的好！
45103,53,汤树元,2017-01-19 03:38:10,1,2,1,好好好
45105,53,汤树元,2017-01-19 03:43:49,-1,1,2,啊啊啊啊老师讲的超级好啊啊啊啊
45109,53,汤树元,2017-01-19 03:48:52,0,1,1,。。。。
45133,53,汤树元,2017-01-19 04:20:05,0,2,2,上课前请预习，但是老师讲得真心好！
45138,53,汤树元,2017-01-19 04:41:10,2,3,1,好的无法形容
45147,53,汤树元,2017-01-19 04:59:31,94,99,5,“难道你们已经忘了我们之间的点点滴滴了吗？”
45353,53,汤树元,2017-01-19 12:32:28,1,3,2,超级棒的老师！出分一刻我简直难以相信！口音很有意思哈！
45367,53,汤树元,2017-01-19 13:07:59,-5,3,8,大学第一门满绩，还是17年爆炸难的这种试卷。感谢至极
45478,53,汤树元,2017-01-21 09:47:36,7,11,4,老师我对不起你啊，期末考崩了，不然怎么说也上4了，真的不是老师的锅，老师炒鸡可爱的
45557,53,汤树元,2017-01-19 20:58:40,1,5,4,上课好快啊  不提前翻一遍书/熟悉课本内容 就不太容易跟得上老师的思路。冬学期的课没怎么听感觉好亏好亏……怪我没怎么用心学  线代只有3.6怪可惜哒    现在回想起来啊啊啊好后悔   元儿我错了QAQ
45582,53,汤树元,2017-01-19 23:44:58,1,2,1,老师幽默可爱，讲课条理清晰，让人收获颇丰，很喜欢老师，浓浓师生情呀！
45720,53,汤树元,2017-01-20 03:42:23,3,4,1,汤老师真的是好老师 期末全靠浓浓师生情！
45819,53,汤树元,2017-01-20 06:44:13,-3,0,3,师生情
46401,53,汤树元,2017-01-21 13:08:32,4,4,0,好老师，讲得好
46689,53,汤树元,2017-01-22 07:15:02,7,13,6,老师的冷笑是大一上最清晰的回忆 讲课速度挺快的 也挺清晰的 两次小测 给分不高？ 期末考的浓浓师生情还是在着的 （顺便 隔壁于飞的分是刷出来的 不要上当了
47545,53,汤树元,2017-01-30 08:44:03,-2,0,2,谢老师不挂之恩
47664,53,汤树元,2017-02-15 04:23:55,0,2,2,一直觉得线代有他就不用愁，上课轻松还可以学到东西
48139,53,汤树元,2017-03-01 01:05:17,-11,2,13,口音非常重，一个学期下来也习惯不了，书上的例题听他讲都是一头雾水，自己看马上就能明白。
48239,53,汤树元,2017-03-01 11:25:34,3,3,0,很有安全感的老师 声音清楚洪亮 思路清晰 用ppt
48274,53,汤树元,2017-03-02 00:51:31,4,6,2,没预习过，上课一脸懵逼。但是最后?点上4了。感谢师生情。
48778,53,汤树元,2017-03-13 01:54:50,-1,0,1,灵魂段子手
49980,53,汤树元,2017-04-28 02:48:09,-1,0,1,老师讲课条理很清晰，人也超萌的，希望能拿个好绩点
51746,53,汤树元,2017-06-09 03:04:58,2,3,1,私下里问问题，回答得铿锵有力，沉稳磁性的声音，安全感足足的?
52398,53,汤树元,2017-06-19 15:48:23,0,0,0,超级棒的线代老师，讲课很清晰，很负责！选上汤汤的课是福气呀！
52964,53,汤树元,2017-06-24 07:49:48,1,2,1,很好。
53691,53,汤树元,2017-06-30 02:48:05,0,1,1,感觉考的超级差 期末考莫名其妙比期中考高 期中考当然也很差 反正超级好的老师！喜欢胖胖的元儿！！
54631,53,汤树元,2017-06-30 02:52:44,0,1,1,超棒！超棒！！超棒！！！
54647,53,汤树元,2017-06-30 03:11:04,1,1,0,老师上课很认真，课后也会很认真教你题目，上课条理清楚，就是思路很快，跟上就好了，跟不上就下课去问啊！
54683,53,汤树元,2017-06-30 04:13:34,1,1,0,老师讲得有点快，但是跟上就会觉得很棒，小测没做好但是最后平时分给了满分，绩点也还好，真的觉得老师超好
54880,53,汤树元,2017-06-30 11:10:44,-2,1,3,超级棒的老师～冷笑话很多～上老师的课很开心～给分也不错～
55052,53,汤树元,2017-06-30 16:37:28,2,3,1,哇老师简直男神了！上完汤霸霸的课明白了老师好有多重要！！
56162,53,汤树元,2017-07-03 07:14:15,-1,1,2,线代讲真是信息量挺大的，而且前后联系紧密，建议一定要预习复习呀。老师真心很赞，上课生动，不过有时ppt 字挺小的，后排不一定看得清，建议尽量早点去占前排。还有不要天真地以为有足足五分钟下课时间，讲真会被压缩的。
57430,53,汤树元,2017-07-07 16:03:35,-1,1,2,好老师，条理清晰，平时有点小幽默，
59150,53,汤树元,2018-01-23 04:11:30,6,9,3,很好的老师。唯一的缺点是别人看来的口音，但作为浙江人一听就知道这是浙江版本的普通话hhhh。给分好，出分快，上课负责，态度好。代表性的是“哼哼”和突然的冷笑?
60280,53,汤树元,2017-10-16 11:31:13,0,3,3,灵魂段子手。。
63800,53,汤树元,2017-12-15 03:57:49,0,0,0,很好的老师，幽默讲课清楚
64214,53,汤树元,2018-01-22 15:40:03,3,3,0,老师太好了，而且灰常可爱
64215,53,汤树元,2017-12-21 14:16:05,1,2,1,觉得很放松很享受
64773,53,汤树元,2017-12-27 05:58:19,-2,0,2,超棒的老师，上课有些略快，但很幽默；会带着大家梳理结构
65087,53,汤树元,2017-12-28 14:44:25,2,2,0,可爱的阿汤哥
65110,53,汤树元,2017-12-29 02:18:00,-1,1,2,真的没办法更清楚了
65125,53,汤树元,2017-12-29 04:27:27,0,1,1,大一学线代真的很难啊！！！\n\n还好老师拯救了我
65520,53,汤树元,2018-01-05 03:51:06,0,2,2,。。。
66133,53,汤树元,2018-01-12 04:14:40,1,2,1,教的好还有趣，口音完全不影响听课，选上就偷着乐吧。
66217,53,汤树元,2018-01-13 10:47:36,4,4,0,超级好用超级可爱。超级负责 炒鸡有耐心
66321,53,汤树元,2018-01-15 04:46:55,9,10,1,我有时一星期去听两次他的课，发现两次段子竟然还讲得还不一样。另外汤老师的课很有体系感，上完收获很大。总之对我来说能选上他是走运了hhh。\n\n
66788,53,汤树元,2018-01-23 00:08:17,17,17,0,我这学期最喜欢的老师无疑就是汤圆了。老师讲课速度真的是要比别的老师快的，每节课内容都很多，上课前一定要预习！！！不然听着听着听不懂了就只能等着课后自学了！会有两次小测占10分（一次两道题）。我第一次小测凉了第二次都做出来了，按理来讲应该扣3分但老师还是把平时给满了，超级感动！老师的口音很萌，但完全不会影响听课。虽然绩点只有3.9（要是没有老师给满的平时分可能就3.6了），主要还是怪自己期末复习得不够扎实，题做的不够多，第三题就卡了所以期末只考了73，对不起汤圆。
67043,53,汤树元,2018-01-20 06:32:03,2,4,2,出分前给老师打call！上课的条理特别清晰，语速会有点快，但老师都会努力讲清楚，因为线代毕竟是很难理解的科目。期末根据老师整理的ppt一点点复习，会很有效率。最后最后，考试前老师的谆谆教诲，还有标志性的冷笑，都会是永远记得的回忆！
68067,53,汤树元,2018-01-22 14:32:46,-2,0,2,很喜欢老师！但真的搞不懂线代。。\n\n老师人很棒，很幸运能上老师的课！！浓浓师生情！！！！
68068,53,汤树元,2018-01-22 14:36:05,1,1,0,汤老师的口音很好听，讲课很有调理，很认真，还带有一点小幽默，真的是好老师，很赞，强推！！！绩点很合理
68071,53,汤树元,2018-01-22 14:37:59,6,9,3,给分很好！两次小测都只做一半，竟然给了9分
68080,53,汤树元,2018-01-22 14:43:33,1,2,1,期末给过了，够意思。课上讲的很快，最好预习，但确实很认真，ppt很棒，
68088,53,汤树元,2018-01-22 23:31:11,4,5,1,只要有可能，老师绝不会让你不及格的感觉
68095,53,汤树元,2018-01-22 14:48:39,7,8,1,想考高分要靠自己啊。。。线代刚出成绩一片凉凉。。老师的ppt真的讲的挺细的。。。但是实在是没有掌握线代的思维方式。。。不说了很难过。。。
68118,53,汤树元,2018-01-22 15:01:23,-1,1,2,哼~  冷笑
68122,53,汤树元,2018-01-22 15:09:24,-1,0,1,老师真的很好，
68123,53,汤树元,2018-01-22 15:12:20,8,9,1,老师讲课很好很认真…很多别的老师的学生都来听…最后期末没有调分，但平时分给满了…真的谢谢老师，虽然有80分，但是我很清楚里面有多少师生情…毕竟自己冬学期没好好学，期末只有六十多…反正老师真的挺好的…
68124,53,汤树元,2018-01-22 15:17:02,-1,1,2,虽然老是在课上玩手机（这真真是我不对）但老师真的很和蔼亲切，冷笑也很萌\(//∇//)\最后还是搞懂线代了，分数也中规中矩。感谢师生情，感谢汤圆！
68128,53,汤树元,2018-01-22 15:23:34,-20,1,21,嗯，音量刚刚好，睡着很舒服\n\n纪念人生第一次2开头的绩点
68139,53,汤树元,2018-01-22 15:39:49,0,1,1,首先，老师是真的很不错，讲的东西很多很全面，而且题目也很好，而且老师上课也很幽默。期末成绩出来了，虽然并不好，但本身就有一定难度，而且老师的平时分已经给的很宽松了(在此给老师笔芯)，也请老师原谅我上课有时候打瞌睡外加玩手机，至少最后搞懂了线代(会不会做题另当别论(҂‾ ▵‾）)，最后祝老师新年快乐！！
68143,53,汤树元,2018-01-22 15:43:31,1,2,1,平时成绩给的满分！平时成绩救了我！
68145,53,汤树元,2018-01-22 15:43:47,2,3,1,浓浓师生情?
68148,53,汤树元,2018-01-22 15:44:48,2,4,2,谢汤元平时分给满让我不挂科
68150,53,汤树元,2018-01-22 15:45:36,0,2,2,前排给汤圆打call，又萌课上的又棒，认真上课认真写作业期末绝对没问题～
68153,53,汤树元,2018-01-22 15:46:22,69,73,4,元元他真的超级可爱…他是我大一进校就碰见的老师，我觉得我一定用完了我为数不多的欧气才能遇见他。汤老师上课条理清晰，而且他们说口音重…我觉得完全没有啊，totally可以接受啊_(:_」∠)_\n\n汤式冷笑真的超级提神，而且作为一个常年坐在第一排也会打瞌睡的人…我觉得我在线代课上的精神集中程度已经挺不错了ಥ_ಥ\n\n元元讲课很好，而且他很谦逊，又耐心。\n\n期末全靠他的浓浓师生情活着?\n\n上课速度可能是有点快，但是他超负责的，还有复习课，不会让你考前最后一节课还在上新课。\n\n谢谢汤老师一学期的教导…\n\n这一学期大概相处得很愉快了…\n\n凌晨0点爬起来给他写长评我也很棒棒吧\n\n
68156,53,汤树元,2018-01-22 15:47:21,-8,4,12,哼\n\n差一分就4.8了
68157,53,汤树元,2018-01-22 15:49:14,-2,1,3,。。。
68159,53,汤树元,2018-01-22 15:54:05,3,3,0,在老师浓浓的师生情下不能重修跟着老师了，既庆幸又遗憾。常微分预制了其他老师的，汤老师又教没有其他数学课了，可惜不能赖着不走了，可惜可惜。
68160,53,汤树元,2018-01-22 15:54:13,-3,1,4,老师上课其实不觉得特别好吧 但是一开始就会给全部ppt 这点很好 然后上课节奏比较快建议预习 有时会冷幽默 最后平时分给的很好 总体挺好的
68163,53,汤树元,2018-01-22 15:59:55,0,2,2,。。。
68181,53,汤树元,2018-01-22 16:43:44,1,1,0,很好的老师！！\n\n可是我自己大一状态没调整好，线代也没预习，听课的时候是一脸懵逼的orz\n\n线代预习很重要！！！\n\n老师真的很好！
68189,53,汤树元,2018-01-24 07:36:58,3,5,2,老师很有趣 最后平时分也都会给满 线代没怎么认真学 挺对不起这个老师的\n\n
68210,53,汤树元,2018-01-22 23:58:00,1,2,1,老师人巨好
68212,53,汤树元,2018-01-23 00:02:42,3,4,1,汤汤，讲课是真的棒。思路很清楚，内容很全面。上课前一定要记得预习。
68214,53,汤树元,2018-01-27 14:15:27,2,5,3,上课幽默，给分好
68237,53,汤树元,2018-01-23 01:26:42,4,4,0,条理清晰，重点突出，讲解细致，老师rap一般的语速和那一声傲娇的冷笑真是超级无敌可爱了2333。只要认真听了他的课肯定能理解，线代其实更注重逻辑推理能力的。以及最后给分超好啊！满满师生情！！
68250,53,汤树元,2018-01-23 01:36:07,0,2,2,浓浓的师生情，平时分都给满分，绩点不好怪自己不努力
68252,53,汤树元,2018-01-23 01:36:52,-2,1,3,浓浓师生情
68257,53,汤树元,2018-01-23 01:49:38,5,5,0,老师非常好，讲课思路很清楚。最重要的是平时给满了，满了，满了，满了……>~<
68260,53,汤树元,2018-01-23 01:52:49,3,5,2,汤老师人很萌，期末浓浓师生情平时都给满了。冲师生情走起。
68266,53,汤树元,2018-01-23 02:03:27,1,2,1,很实在的好老师
68296,53,汤树元,2018-01-23 02:47:26,1,3,2,我们之间有那么多过去，而你都忘了。?
68308,53,汤树元,2018-01-23 03:06:26,6,6,0,感觉对不起我们之间的点点滴滴
68320,53,汤树元,2018-01-23 03:24:17,2,2,0,超级无敌螺旋棒的汤元
68322,53,汤树元,2018-01-23 03:26:31,-4,3,7,讲的挺好的，但是被正态了
68334,53,汤树元,2018-01-23 03:41:53,12,15,3,只记得期末考试成绩出来的时候，其他教线性代数的老师的学生：“挂了。”汤圆的学生?‍?：“谢老师不杀之恩” “老师?‍?我爱你”  “我竟然及格了”。“想抱着元元亲一口?～” 自行体会～
68352,53,汤树元,2018-01-23 04:42:34,2,3,1,讲的很好，很幽默
68432,53,汤树元,2018-01-26 07:49:28,16,17,1,老师很好的，也很幽默，虽然线代爆炸了，但其实都是自己的原因，平时分都是给满的，主要是自己期末考得太糟糕了。线代平时一定要预习，一定要多做题。
68488,53,汤树元,2018-01-23 09:10:51,-1,1,2,汤元太善良了，真的！讲得非常好，也很幽默，给分也很好！
68621,53,汤树元,2018-01-23 13:12:38,0,1,1,老师很风趣，讲的也很有条理，还调分，很棒
68624,53,汤树元,2018-01-23 13:15:51,1,1,0,好老师不解释
68753,53,汤树元,2018-01-23 23:17:28,-1,1,2,讲课条理可以说是很清晰了，反正很好的老师就对了
68905,53,汤树元,2018-01-24 05:43:43,3,3,0,老师上课有很多例题感觉讲的很好，然后虽然说有平时小测，但是最后平时分都给满了。上课也很有意思，会开开玩笑什么的。
69145,53,汤树元,2018-01-24 08:59:05,0,2,2,经典冷笑：哼！！然后台下一片哄堂大笑，老师真的很好，但是线性代数还是主要靠自己的努力
69151,53,汤树元,2018-01-24 09:04:00,-1,1,2,语速偏快，但不算讲得快，真的，集中都能听懂。ppt很棒！人超好超可爱！还以为线代要挂科了最后4.2超开心的！小测只要来了即使交白卷也有分！
69237,53,汤树元,2018-01-24 10:40:24,1,2,1,爱他啊！
69304,53,汤树元,2018-01-24 12:29:11,4,4,0,老师很好很好，评分平时分可能给满了吧，真的很幸运遇见这样的老师
69339,53,汤树元,2018-01-24 13:33:07,0,2,2,讲的很条理很清楚 上课讲一些冷笑话 期末的线代考的贼好
69388,53,汤树元,2018-01-24 14:53:13,1,1,0,超好！！！
69479,53,汤树元,2018-01-25 00:19:44,-1,1,2,老师真的好，被卡绩大概是我自己菜，期末太跳导致gg。
69740,53,汤树元,2018-01-25 09:54:51,1,1,0,???
70485,53,汤树元,2018-01-26 16:50:24,2,3,1,老师人很好 特别可爱 最后小测分给满助我上4！浓浓师生情
70987,53,汤树元,2018-01-28 01:29:57,2,2,0,期中期末全挂的我表示我的2.1全靠老师的努力……
71321,53,汤树元,2018-01-28 09:38:51,0,2,2,大爱汤圆！ 上课特别清晰 有逻辑 因为线代对好多人来说都是一门全新的课程 所以很多时候觉得完全没感觉 汤老师讲得很好！ 给分也好！平时分浓浓师生情~
71764,53,汤树元,2018-01-29 02:51:11,1,2,1,\(//∇//)\萌萌的
72715,53,汤树元,2018-01-31 03:05:14,0,3,3,条理清晰，熟记课本，思维很快。很喜欢，虽然自己只有2.4，但这和我基础不好，且不够努力有关吧。希望大家上课之前一定要做好预习，要不然什么老师教线性代数都可能跟不上。课后尽量把课后习题和吉米多维奇都刷一下。虽然自己上半学期很浪，但依靠这做法在下班学期挽回了一些。\n\n如果可以，我想给老师11分。
72842,53,汤树元,2018-01-31 07:39:18,5,7,2,一直想让汤老师出一张rap大碟：中年老男人的线代浪漫.beat用汤式冷笑就很棒.
72959,53,汤树元,2018-01-31 12:23:54,-2,1,3,老师上课很幽默，上课要跟上老师思路，不然跟不上会很绝望啊，给分感受到浓浓的师生情，小测第一次没做出来平时分也满了，感谢汤圆不挂之恩
73167,53,汤树元,2018-02-01 05:31:58,3,5,2,学会一个经典冷笑话：哼~
73652,53,汤树元,2018-02-02 09:26:45,-1,0,1,老师冷幽默，讲得很好
74621,53,汤树元,2018-03-05 01:18:37,2,3,1,非常好\n\n
74835,53,汤树元,2018-03-06 05:29:44,-1,1,2,超级爱汤圆
75962,53,汤树元,2018-03-23 02:13:19,-1,0,1,很享受老师的课呢(❁´◡`❁)*✲ﾟ*
76371,53,汤树元,2019-04-17 08:13:31,0,2,2,男神！！！
76372,53,汤树元,2018-04-05 02:14:09,0,1,1,男神！！！
79237,53,汤树元,2018-05-28 07:53:04,-8,1,9,上课听听差不多就能懂，课后花个两个小时做做作业，考试的时候按老师的思路走，轻松满绩！
79539,53,汤树元,2018-06-08 10:55:47,0,1,1,偶尔会叫人回答问题，课堂氛围很好。只不过，谁说平时分给满的？我就被卡了：（
80704,53,汤树元,2018-06-29 13:46:01,8,10,2,“接下来我挤个栗子给你萌看看！”老汤太可爱啦！下课还开车送我们去食堂吃饭！超nice！很专业！
82935,53,汤树元,2018-07-09 10:25:46,1,2,1,老师讲得真的很好，助教也很用心。只是这学期到最后自己有点忙不过来期末考差了一股劲儿没做到无悔TAT
82946,53,汤树元,2018-07-09 10:46:20,1,2,1,我的数学能有这样的成绩，太出乎意料了！！！
82985,53,汤树元,2018-07-09 12:05:24,4,4,0,期末比预期高了好多 谢谢老师
83291,53,汤树元,2018-07-10 04:37:05,3,4,1,一个字，好
84938,53,汤树元,2018-07-14 12:32:57,2,2,0,老师超好，我这种渣渣也能被老师教懂。会帮助学生努力不挂。
87208,53,汤树元,2018-09-22 12:22:02,0,2,2,挺不错
88478,53,汤树元,2018-10-31 07:14:53,4,5,1,很幽默很认真!!!!对比一下我的微积分老师，就觉得汤老师真的太棒了!!!!!!!?
88608,53,汤树元,2018-11-03 11:45:10,2,3,1,是超级可爱的老师，讲课节奏不慢但是超级清楚
88819,53,汤树元,2018-11-09 02:27:26,6,8,2,超级好的老师，除了小测不会提前通知。。。\n\n
90066,53,汤树元,2018-11-22 04:30:34,4,5,1,老师“哼。。。。。。”
90147,53,汤树元,2018-11-22 08:10:38,5,5,0,可爱的老师，课讲得也超级棒~太喜欢了~
91291,53,汤树元,2018-12-05 06:05:38,1,4,3,两个解，减一下，这两个字读音是不是不一样，你们读一遍哈哈哈哈哈哈哈哈
91732,53,汤树元,2018-12-19 03:40:16,3,5,2,哼(ノ=Д=)ノ┻━┻(ಡωಡ)
92098,53,汤树元,2018-12-26 10:28:40,19,20,1,先表白一下唐松乔助教小哥哥!又可爱又暖啊，我每次问题目他都超认真地回答我。而且非常幽默，紧跟时代潮流～
92553,53,汤树元,2019-01-02 14:40:11,9,9,0,吹爆 汤圆 \n\n不解释
92718,53,汤树元,2019-01-04 03:15:29,83,85,2,你們知道湯圓上課有多激情滿滿麽？大冬天的他能夠講一會之後就把羽絨服脫掉，只剩下一件單衣！(ง ˙o˙)ว
93331,53,汤树元,2019-01-09 04:43:06,6,7,1,吹爆汤老师！！助教小哥哥也超好！！！\n\n都爱了
93358,53,汤树元,2019-01-21 12:27:36,7,7,0,平时分给满!满满师生情啊
93360,53,汤树元,2019-01-09 07:36:26,5,6,1,汤圆好可爱～(￣▽￣～)~
93371,53,汤树元,2019-01-09 08:05:39,18,20,2,最后一节课下课25分05秒了\n\n想他\n\n虽然我没好好听课\n\n但还是想他
93565,53,汤树元,2019-01-10 11:51:10,17,22,5,冯帆小哥哥tql
93614,53,汤树元,2019-01-11 02:50:24,-2,1,3,老师虽然上课语速有点快 但是讲的干货相当多 而且条理清晰 有时候还会幽默一下 给分也很棒 真的力挺老师！
93635,53,汤树元,2019-01-11 04:06:42,69,73,4,我从小到大最讨厌别人叫我汤圆_(:з」∠)_\n\n哈哈哈
95217,53,汤树元,2019-01-19 05:09:31,1,1,0,汤圆老师很可爱时不时哼(ノ=Д=)ノ┻━┻一声，讲课也很有水平。而且助教很幽默很帅
95816,53,汤树元,2019-01-21 15:00:45,3,5,2,上的真的好，但每次上课的时候自己都很困，考试成绩比自己想的莫名得低，但和老师没什么关系
95833,53,汤树元,2019-01-20 06:05:29,-3,0,3,听老师的课，只有哼，哈哈哈哈哈哈
96911,53,汤树元,2019-01-21 12:17:31,2,3,1,老师讲的很棒很认真很有激情\n\n也感谢助教小哥哥，平时分很慷慨
96924,53,汤树元,2019-01-21 12:33:14,-2,0,2,超级棒，老师太好了。上课精神，人巨可爱。感谢感想！而且助教xgg好好，表白。啊啊啊啊
96925,53,汤树元,2019-01-21 12:34:20,-1,3,4,我汤圆牛逼了，线代带飞我，除了期末95，其他全满了。吹爆汤圆，简直男神一般地存在。线代一定要选汤老师的！！！
96929,53,汤树元,2019-01-21 12:38:21,-1,2,3,给汤元老师和唐松乔助教xgg疯狂打call！虽然卡绩了，但平时分给满太感人了！老师的PPT干货满满！哼，真是不可多得的好老师
96932,53,汤树元,2019-01-21 12:41:25,0,1,1,哈哈哈哈哈哈哈哈哈就被叫到过一次回答问题，老师居然还记住了我的名字？？？太神了吧。10分！另外助教平时分都给满了，浓浓的师生情。
96949,53,汤树元,2019-01-21 13:10:55,4,4,0,首先要谢谢汤树元老师，平时课上不点名，上课教的仔细，不过有时候会粗心的佈置错了作业，习题课上点过2次名，基本不点名，小测也会提前通知一下.
96955,53,汤树元,2019-01-21 13:22:55,1,3,2,条理清楚 ppt很有用！虽然期末没考好然鹅绩点还是很棒！助教小姐姐超级可爱and负责！
96960,53,汤树元,2019-01-21 13:25:42,-15,2,17,小测不太好，以为凉了，但平时分真是满满师生情啊，4.8太爽了！！
96976,53,汤树元,2019-01-21 13:42:10,6,8,2,老师课讲得好，值得选\n\n平时分满了，满满的师生情啊\n\n虽然只有4.2，还是怪自己不够认真吧
96996,53,汤树元,2019-01-21 14:07:51,1,1,0,老师不错 自己没好好学（哭
97000,53,汤树元,2019-01-21 14:11:25,-1,1,2,老师讲得很清楚，人很好，给分好
97004,53,汤树元,2019-01-21 14:18:00,2,3,1,体验极佳，男神汤圆tql
97026,53,汤树元,2019-01-21 14:54:28,0,1,1,超棒 感谢老师救我(´▽｀)ノ♪
97086,53,汤树元,2019-01-21 15:57:22,0,1,1,挺好的老师，讲课思路清晰，ppt也很有用，老师也很会讲冷笑话，挺可爱的一个老师，教得真好
97180,53,汤树元,2019-01-21 23:47:59,2,6,4,哈 第一次听“sui直”听懵了 后来发现是垂直hhh 老师上课时不时的冷笑话和“哼”超有意思 还有助教xjj平时分给满了 我一个期末76的菜鸡也拿了4.2 老师巨好! 为汤圆老师疯狂打call!!!(๑ºั╰╯ºั๑)
97719,53,汤树元,2019-01-22 14:06:58,3,4,1,汤圆的线代是真滴强 期末考试好崩啊啊啊啊啊
97822,53,汤树元,2019-01-22 22:53:32,-2,0,2,不错不错
97833,53,汤树元,2019-01-22 23:32:00,1,3,2,我很菜，上课也跟不上老师，但是老师讲的真是很好很好哦，为汤圆打call!还有助教小哥哥冯帆，超级优秀的哈哈哈(ಡωಡ)hiahiahia感谢冯老板不挂我，感谢汤圆不挂我!
97842,53,汤树元,2019-01-22 23:44:10,4,5,1,上课干货满满，总结十分到位，条理清晰！！为汤老师疯狂打call！！\n\n顺便给冯帆GG捧个场
97850,53,汤树元,2019-01-23 00:01:19,2,4,2,超喜欢汤树元！！！！！大一最喜欢的老师！！！男神！！！！！浓浓浙江口音听着好熟悉哈哈哈哈哈哈哈哈哈！！！满绩了！！冯帆小哥哥我爱你汤树元我爱你
97861,53,汤树元,2019-01-23 00:26:19,5,6,1,汤老师真的很可爱！哼！还有冯猪脚真的才华横溢(虽然我几乎不听习题课
97862,53,汤树元,2019-01-23 00:28:12,1,2,1,很好啊，老师超级好，给分超级好
97868,53,汤树元,2019-01-23 00:33:46,6,8,2,老师很好的啦，也不用怕挂科，上课也很有趣。而且，重点是助教冯帆小哥哥太强了，简直是偶像，膜拜！！！
97872,53,汤树元,2019-01-23 00:36:42,2,3,1,汤圆儿真的太棒了！课讲的好不说，给分也贼好，平时分都是满的，作为一只学不懂的菜鸟也还是要吹爆师生情！！
97883,53,汤树元,2019-01-29 07:10:18,4,4,0,太喜欢了 不多说
97939,53,汤树元,2019-01-23 02:16:49,0,1,1,老师人很可爱，讲课非常负责，会经常复习……我也从一开始的抵触线代，到后来也渐渐有了兴趣
97983,53,汤树元,2019-01-23 03:20:53,10,13,3,非常快乐的线代课和习题课！课没好好听，冷笑话和段子倒是听了不少ヾ(^▽^*))) 从期中考的60+到期末考的80+，鬼知道这门课给我带来了多少快乐、惊喜与感动！最后要表白超帅超幽默给满平时分的冯帆助教！下学期愿为助教去蹭微积分习题课！
98094,53,汤树元,2019-01-23 05:15:29,32,35,3,不要半年了除了我长得帅什么也没学到\n\n                         ——冯老板\n\n哼\n\n                         ——汤圆老师
98098,53,汤树元,2019-01-23 05:18:48,4,6,2,老师对线代理解很深，讲的非常好。助教把平时分也给满了，10分！
98272,53,汤树元,2019-01-23 08:59:10,1,4,3,表白汤圆老师！表白冯帆小哥哥！
98556,53,汤树元,2019-01-23 14:52:39,1,2,1,喜欢汤圆没话说 虽然最后自己考得不好 但是主要是自己没花时间吧 感觉和汤圆永远不在同一个季节
98598,53,汤树元,2019-01-23 15:31:23,2,5,3,爱老师，老师讲得超级好，都可以听懂！
98648,53,汤树元,2019-01-25 01:12:59,5,6,1,太感谢老师了，平时分直接给满，最后也没让我挂，可能老师还是很看重我们的学习态度，会照顾我们这些认真学但学不好的学渣
98741,53,汤树元,2019-01-24 01:10:00,3,5,2,老师真的很好，是真的有重视每一个学生的好老师，很有温情的老师。当然线代这门课难度是有的，不预习的话可能会听不懂……但这不是汤圆的问题，总之，大爱汤圆，毫不犹豫的十分
98782,53,汤树元,2019-01-24 02:28:23,5,5,0,吹爆我汤哥！！！感谢是他让这门不是很好懂的线代课还能常常传出笑声～～～冷笑很经典哦选上的好好期待一下吧～～～助教小哥哥很呆萌平时分大家都给满了大爱汤哥！
98917,53,汤树元,2019-01-24 05:11:18,-1,2,3,10分不解释
98961,53,汤树元,2019-01-24 05:58:08,4,5,1,汤圆超可爱的！上课有一点点快，不过教的很好很清晰，而且挺幽默的，助教小哥哥也很温柔，平时分给满！十分感谢！差点就挂了
99970,53,汤树元,2019-01-25 11:16:46,1,1,0,讲的很棒，口音可爱，给分超好
99981,53,汤树元,2019-01-25 11:36:16,3,4,1,非常非常好的老师，还很可爱
100037,53,汤树元,2019-01-25 13:02:41,4,4,0,汤老师真的很好，从各方面教的质量和待同学们来说都没得挑！选上的自己高兴吧
100040,53,汤树元,2019-01-25 13:08:16,8,9,1,汤老师很认真负责又超级幽默可爱，对线代把握很好，ppt很全很有条理。但是像我这种很普通的小朋友，不预习还是很难三节课听下来，基本靠课后自学ppt(以及有大佬带，嘻嘻)……对课上印象最深的就是“哼”“哈哈哈哈哈哈”以及我都套上羽绒服时汤圆的短袖……另外汤老师的助教都超级可爱！比心！
100572,53,汤树元,2019-01-26 10:26:06,10,10,0,汤圆老师太赞了(虽然他自己不喜欢这个外号)，冯帆助教太棒了！！感觉选到汤树元老师和冯帆助教小哥哥的课很幸运，很幸福
100693,53,汤树元,2019-01-26 14:43:43,2,3,1,老师超级强，就是有的时候讲的很快，需要自己好好消化（老师自己也提醒过这一点的），很有趣的老师，平时分什么的都给满，尽量不会为难我们的～认真学，老师交很多干货的，菜鸡也可以学好～
101876,53,汤树元,2019-01-29 11:01:43,0,2,2,超喜欢不解释！讲课很有条理，冷笑简直萌cry！助教小姐姐也超级暖！
102586,53,汤树元,2019-02-11 06:07:59,1,2,1,汤圆老师也太可爱了吧！！！
103282,53,汤树元,2019-02-27 06:53:18,46,51,5,我挤一个栗子～
103416,53,汤树元,2019-02-28 03:59:41,3,5,2,超棒！思路清晰！ppt也很有干货！
103437,53,汤树元,2019-02-28 06:30:28,3,3,0,非常赞，快乐而有收获
103507,53,汤树元,2019-02-28 16:29:40,7,8,1,很棒的老师，口音也不是很重，很快就能适应。哼（冷笑
104235,53,汤树元,2019-03-14 08:53:40,4,10,6,老师上课没得说，但是这个助教是来搞笑的吗？好像要讲的东西完全没准备好，道个歉就完事了？白白浪费一节课
104324,53,汤树元,2019-03-18 02:36:13,10,11,1,贼好这老师，这是上天的恩赐\n\n
105340,53,汤树元,2019-04-10 06:44:51,5,7,2,太可爱了吧
105609,53,汤树元,2019-04-17 07:00:53,290,322,32,第二节线代下课课间，汤看到我们都趴着：我看到你们很累，真的这么累吗？...其实我也很累，早上起来跑了6公里，做了60个俯卧撑，还做了2个单杠（3个做不上去），今天上了一天课，晚上还有人约我搓麻将，我压力也很大啊
106107,53,汤树元,2019-04-25 03:33:15,3,5,2,老师上的线代甲很有意思，讲课也不见幽默但又有条理。助教小哥哥也很棒，? ? ? 。
106610,53,汤树元,2019-04-28 10:11:25,-1,1,2,汤圆老师超级温柔啊\n\n细心为我这个小垃圾解答问题\n\n啊我爱了
106751,53,汤树元,2019-04-29 08:54:23,20,20,0,汤汤：我挤一个栗子?给大家看看\n\n助教：举不举得出来呀？男孩子不能不举\n\n爱了～
107567,53,汤树元,2019-05-07 01:01:18,4,5,1,助教小哥哥很棒，讲课思路清晰（偷偷问一下小哥哥有没有女朋友）
107586,53,汤树元,2019-05-07 06:12:13,0,2,2,有点快，，但是跟的上的话真的帮助很大（建议预习）条理很清晰 还有复习课
108896,53,汤树元,2019-06-04 00:28:42,179,180,1,“你这个第一步就赛醋了”“哼 你肯定要赛醋的”
111176,53,汤树元,2019-06-30 09:57:52,1,3,2,考前吸汤圆！
111217,53,汤树元,2019-06-30 15:37:03,-1,0,1,考前吸一波还来得及么（老师群里面答疑超爱了爱了）
111257,53,汤树元,2019-06-30 21:01:42,5,5,0,吸一吸 只求不挂科我是真的菜的老师是真的好
111466,53,汤树元,2019-07-01 15:49:57,0,2,2,即使上完体育课再上线代好累了 但是老师真的可以让我不睡着！不知道是不是因为老师的原因，觉得也不是那么难而且很有趣～老师和助教小哥哥都太棒啦
111526,53,汤树元,2019-07-02 01:16:46,1,2,1,真的很好
112379,53,汤树元,2019-07-04 03:20:45,23,24,1,汤老师太可爱了！！！上课超级有激情还会讲很多冷笑话 以及期末考我走进考场时他走我后面 突然叫住我“嘿 你复习的怎么样了啦”（可能是我上课在第一排睡着了让他印象深刻orz）啊啊啊啊无论怎样我一个微积分差点挂科选手线代91我真的超级感激汤老师（还有媛媛助教姐姐）和他的历年题了！！我爱他！！！
112384,53,汤树元,2019-07-04 05:01:23,9,10,1,跟着老师连上三节课 脑子确实有点转不动 大家一定要好好预习 注意按照老师的引导总结整理 老师人真的很好 给分超好了
112437,53,汤树元,2019-07-04 06:47:53,1,2,1,我吹爆老师
113309,53,汤树元,2019-07-06 05:19:40,2,2,0,教学经验很丰富的老师，很了解学生不懂的点在哪里，非常棒，助教小姐姐也很负责.\n\n
113388,53,汤树元,2019-07-06 14:03:51,2,2,0,基础讲的很好 课讲的非常清楚 平时分都给满了，讲的又非常的有意思
115689,53,汤树元,2019-08-18 13:42:51,0,1,1,很不错哦
116065,53,汤树元,2019-09-02 03:38:53,3,3,0,是享受
116227,53,汤树元,2019-09-27 10:55:31,-78,2,80,五年的大学生涯里 见过最铁面无情的老师 课倒是不错  情商堪忧
116808,53,汤树元,2019-09-16 03:37:17,-2,0,2,可以?
117114,53,汤树元,2019-09-19 08:42:10,1,3,2,老师贼好玩，但是讲的贼快哈哈，老师还是很好的，讲的很清楚
117497,53,汤树元,2019-09-25 06:03:53,6,9,3,脊赠~
117560,53,汤树元,2019-09-26 03:38:30,2,4,2,幽默风趣
117658,53,汤树元,2019-09-28 02:18:41,44,45,1,汤老师：如果我说这道题做出来再去吃饭，你们估计吃的是晚饭了——汤氏幽默\n\n
117831,53,汤树元,2019-10-04 04:33:21,2,4,2,难得的对学生非常上心的好老师?? ，水平也高！认真学一定能收获好成绩和满满的师生情
117876,53,汤树元,2019-10-07 10:51:12,83,87,4,给大家来一段汤氏rap\n\n因为我们知道一个矩阵乘上这个矩阵的的伴随矩阵等于这个矩阵的行列式乘单位矩阵，那么我们就有一个矩阵的伴随矩阵乘上这个矩阵的伴随矩阵的伴随矩阵等于这个矩阵的伴随矩阵的行列式乘单位矩阵
118041,53,汤树元,2019-10-19 07:01:54,4,6,2,汤老师太有魅力了！每次都抢第一排的座！人也很可爱课也上得超好
120785,53,汤树元,2020-01-17 02:09:10,0,1,1,奈思\n\n
121257,53,汤树元,2019-12-25 08:33:55,3,4,1,汤式幽默名不虚传，只可惜班上没有人记得他之前讲的预告
121260,53,汤树元,2019-12-25 07:22:57,-1,2,3,伤感的男人
121380,53,汤树元,2019-12-16 13:11:10,7,7,0,十分给老师的幽默、条理清晰、冷笑和对学生的关心（他居然认识我这个从来补找他问问题的小透明），九十分扣在超帅的助教小哥哥居然在有型的刘海下面藏了一个光洁锃亮的大额头，你打碎了少女的梦想啊啊啊啊啊
121456,53,汤树元,2019-12-16 04:02:18,1,3,2,课前预习，上课一定要认真，时不时听个段子放松一下，最主要是有个教你这题是怎么送的助教。（为冯助教疯狂打call）（）
121673,53,汤树元,2020-01-20 16:28:29,5,6,1,给分超级棒！男神！！
122144,53,汤树元,2020-02-17 09:37:55,-1,0,1,老师上课讲得很清楚，一阵见血，给分也很好！
122327,53,汤树元,2020-02-24 06:45:42,2,3,1,讲课非常清晰，ppt也非常清晰，给分也挺好
122504,53,汤树元,2020-03-02 12:35:28,6,6,0,虽然我线代学的不怎么样，但是汤老师绝对是最可爱的
123186,53,汤树元,2020-05-18 03:35:09,1,3,2,讲课很棒 虽然进度很快但也没有办法\n\n成绩不好都是因为自己菜 真的不怪汤圆Orz
124538,53,汤树元,2020-07-02 12:01:13,0,1,1,老师很幽默，讲课讲的也挺细致。不过刚开头可能会被讲课速度吓到，自学一点基础会好很多
125633,53,汤树元,2020-09-12 13:17:50,3,4,1,超好的老师，上课条理清晰虽然可能有一点点快但上完课后去看ppt能看懂，老师很可爱，疫情在家上网课课前经常放黑猫警长😂，给分不错，强推
125870,53,汤树元,2020-09-15 05:47:18,1,2,1,太强了汤圆
126046,53,汤树元,2020-09-17 02:48:45,4,5,1,经典语气词hien！
126432,53,汤树元,2020-09-26 16:15:02,-15,1,16,老师不错，但是怪自己一个假期把之前学的全忘了，考前1天时间看了一眼最后勉强上4
127399,53,汤树元,2020-11-22 12:05:01,5,7,2,经典汤氏冷笑——“哼~”
127539,53,汤树元,2020-11-24 07:04:22,2,3,1,等期中成绩的煎熬(好慢啊)
127657,53,汤树元,2020-11-25 11:57:47,67,70,3,今天是什么日子？不要告诉我是美国大选的日子，今天是秋学期线性代数最后一节课的日子。
127809,53,汤树元,2020-11-27 10:39:56,-1,0,1,真不戳
128044,53,汤树元,2020-12-04 08:42:08,20,21,1,汤圆太可爱了\n\n“你肯定是第一步散醋了”
128434,53,汤树元,2020-12-30 02:43:42,1,10,9,我又散醋了\n\n难受
128442,53,汤树元,2020-12-23 07:23:11,0,0,0,hhhhhhhhhhhhhhhhhhhhhhhhh
128639,53,汤树元,2020-12-25 02:02:59,2,3,1,幸运遇见他！！！
128731,53,汤树元,2020-12-25 06:04:09,0,2,2,汤老师讲的其实真的很好！吹爆！
128867,53,汤树元,2020-12-26 07:27:57,1,2,1,很好很好很好很好很好很好好好好好好跑好
128889,53,汤树元,2020-12-26 12:03:18,1,2,1,好老师！
129185,53,汤树元,2020-12-31 03:03:55,17,18,1,“哼”这一声太灵魂了\n\n汤老师的可讲的真的很不错，很有劲儿的那种，但是节奏很快，你要么预习要么下课再看一遍书，不然会有点吃力。\n\n汤老师真的抗冻，我一个东北人开始穿厚外套的时候汤老师还穿短袖。
129845,53,汤树元,2021-01-13 03:38:34,0,1,1,汤老师yyds
129879,53,汤树元,2021-01-13 06:48:14,3,3,0,老师太可爱啦！
129947,53,汤树元,2021-01-14 04:12:06,4,5,1,汤老师真的很好玩了，下次线代还选他(ಡωಡ)hiahiahia
130001,53,汤树元,2021-01-14 17:13:20,8,8,0,之前对老师有一些误会\n\n其实自己菜是原罪\n\n向老师道歉
130076,53,汤树元,2021-01-16 11:05:02,-1,1,2,风趣幽默，条理清晰，理想的老师
130120,53,汤树元,2021-01-17 12:02:03,11,13,2,哼，十分，原因你挤个栗子看看
130392,53,汤树元,2021-01-21 15:39:40,2,4,2,yyds
130615,53,汤树元,2021-01-24 03:15:24,19,20,1,书上一百十五页秩的公式
130947,53,汤树元,2021-01-25 11:10:27,23,25,2,明天考线代了，赶紧来打个10分攒人品\n\ntsy讲得炒鸡炒鸡好，课比将云的难一丢丢，但是觉得线代将云可能都不如汤圆呢（doge)\n\n最后表白助教媛媛姐，人美心善讲得还好，还会上十大（doge)
130952,53,汤树元,2021-01-25 11:24:55,10,10,0,tsyyyds，喜欢他的迷之微笑
131029,53,汤树元,2021-01-25 15:29:15,4,5,1,好好好
131034,53,汤树元,2021-01-25 15:34:44,1,2,1,汤老师yyds
132028,53,汤树元,2021-01-30 03:29:54,15,15,0,汤圆yyds，线代有自己的讲课逻辑，讲得清晰、深入，认真听讲学得挺轻松。普通话很差，但给人亲切感。作业证明题巨多，但有利于知识的掌握。
132490,53,汤树元,2021-02-02 03:08:14,24,25,1,（线代甲）汤树元老师好好玩的(ಡωಡ)挤个栗子看看，你肯定是第一步散醋了……好可爱哈哈哈\n\n老师讲课有自己的逻辑，没有按书本来。线代课之前推荐预习，不然很容易睡着（bushi，主要是一节课内容太多了\n\n但老师上课的时候喜欢叫人回答问题，总让我这个菜鸡瑟瑟发抖\n\n汤圆很好，就是我有点菜，永远记得老师的灵魂哼
133225,53,汤树元,2021-02-19 09:14:00,-24,2,26,满了，感谢周雷xgg，汤老师讲课真的很好
133464,53,汤树元,2021-03-01 03:51:23,-28,5,33,除了授课速度比较快以外，真的是很好的老师了，就算教到很快也不妨碍我给满分，慕课要认真点，因为慕课所以没满绩。
133532,53,汤树元,2021-03-02 01:26:08,-55,7,62,感谢汤汤，期中98，期末94，满绩哈哈哈
134263,53,汤树元,2021-03-22 00:09:29,-24,5,29,感谢汤老师 老师课讲的虽然很快但是如果认真听的话肯定能够有很大收获 思路清晰干货满满 虽然94被卡绩了但是已经满足了 大爱汤圆～
134687,53,汤树元,2021-04-09 07:20:41,7,9,2,爱死了
135319,53,汤树元,2021-05-08 05:56:32,2,4,2,非常nice
135424,53,汤树元,2021-05-10 07:13:42,4,5,1,很不错的老师
135529,53,汤树元,2021-05-12 12:30:00,3,7,4,没有人说这老师布置作业很多吗（只是个常微分啊喂）虽然讲课确实很好（除了有点快）
135753,53,汤树元,2021-05-23 21:09:31,-64,14,78,以下内容不针对汤老师，仅为我个人在学习线代过程中的疑惑;\n\n1.  行列式为何要如此定义，它除了解方程组还有什么作用？\n\n2.  矩阵的本质是什么，矩阵乘法为何要定义为前一个矩阵的行与后一个矩阵的列对应元素相乘，它的几何意义是什么？\n\n3. 为何我只觉得教材在空降概念，逆序数，矩阵的秩，特征矩阵莫不是如此？\n\n4 .为何我觉得教材上的证明佶屈聱牙，思路清奇\n\n5. 为何我一学期上下来根本不明白自己学的到底是什么，到底用来干什么的，因为它既不“线性”，也不“代数”\n\n如果自称中国高校TOP3的浙大所开设的一门80%的人都要上的一面基础数学课连这些我认为对初学者来说至关重要的问题都无法回答，甚至上完后除了会算行列式和矩阵外啥都不会，我是否可以断言这门课程的体系设置是很不合理的；同时我注意到本校的线代教材已经使用了20年，这是否意味着线代的教学体系几十年来基本就没变过。\n\n最后，请允许我说，编教材的人是猪，数学科学学院的领导，全是🐖
136688,53,汤树元,2021-06-23 04:18:29,-20,1,21,就差一点点就满了，太难受了
136955,53,汤树元,2021-06-29 01:49:01,3,5,2,讲课很清楚，很风趣，超级友善的老师，路上碰到了还会笑着跟你打招呼的那种
137407,53,汤树元,2021-07-04 03:05:27,12,14,2,楼下那位“不针对”汤圆老师，批评线性代数教学的同学，我在李将云老师的评论下面也看到你了，批评线性代数教学可以上98去批评，在这刷什么？？
137639,53,汤树元,2021-07-05 12:25:28,6,7,1,大爱汤树元老师
139111,53,汤树元,2021-07-13 01:32:32,11,14,3,太爱汤老师啦啦啦啦\n\n已经被捞晕了
139116,53,汤树元,2021-07-13 02:20:45,6,7,1,上汤老师的课 基础会十分扎实 有趣的口音 会调分哦！！夸夸夸~
139147,53,汤树元,2021-07-13 03:58:20,5,6,1,绝世好老师！水平好，人可爱，还会捞！
139168,53,汤树元,2021-07-13 05:56:02,3,5,2,老师口音好可爱！捞人也有一手！爱了爱了
139219,53,汤树元,2021-07-13 10:00:36,14,15,1,汤圆真的是特别可爱的老师！\n\n“你这个肯定是散醋了”\n\n海底捞之神！给分奇好
139332,53,汤树元,2021-07-14 11:06:41,10,11,1,上的是常微分，讲课水平保持与线代一样的高度，汤老师对教学真的很用心、很有热情
139502,53,汤树元,2021-07-16 15:16:46,12,13,1,汤圆我爱你😍
140051,53,汤树元,2021-08-24 07:13:45,5,5,0,给分好
140719,53,汤树元,2021-09-15 09:53:20,-2,0,2,老师挺好，讲课也很有意思
140795,53,汤树元,2021-09-16 06:51:17,9,11,2,我分低一定不是他的问题，是我自己的问题。。。
141094,53,汤树元,2021-09-23 08:24:33,6,12,6,老师讲的很好 \n\n助教太水
141275,53,汤树元,2021-09-28 04:18:58,1,3,2,很可爱
141461,53,汤树元,2021-10-10 08:33:01,10,12,2,汤圆真的好好哦！上课速度确实有点快就是说上完一节课确实云里雾里，但是智云课堂补笔记的时候就感觉汤圆真的把该讲的都讲了讲得很清楚！
141542,53,汤树元,2021-10-14 00:38:43,4,4,0,汤老师我的最爱
142218,53,汤树元,2021-11-09 00:59:54,-2,1,3,yyds
142877,53,汤树元,2021-11-17 04:43:56,13,13,0,汤圆，嘿嘿嘿～我的汤圆😍😍😘☺
143058,53,汤树元,2021-11-18 13:20:13,12,12,0,汤老师yyds！上课讲得很清晰明白，（只不过有时候一不留神就会跟不上节奏），而且很可爱！期中没考好，期末再战！
143088,53,汤树元,2021-11-19 01:11:27,-31,6,37,史上最佳线代老师 一点没学都能上90 汤老师牛！
144160,53,汤树元,2021-12-20 01:59:12,0,0,0,太好了
144479,53,汤树元,2021-12-22 00:15:17,16,16,0,口头禅包括但不限于：哼，你这题算醋了，矩阵的zhanzhi。还有助教xgg人帅，唱歌还巨好听！
144681,53,汤树元,2021-12-23 05:51:38,6,8,2,老师超好，如果你的预置课表里有汤圆老师的课，那说明你上辈子可积了不少德哦
144862,53,汤树元,2021-12-25 08:58:01,2,3,1,很可爱的老师，我觉得已经比慕课里讲的清楚很多了，而且助教姐姐挺好的，虽然有时候听不懂。
144959,53,汤树元,2021-12-26 05:00:30,0,2,2,老师太棒了！
145171,53,汤树元,2021-12-28 04:10:29,8,8,0,人生不只有线性代数，还有诗和远方
145198,53,汤树元,2021-12-28 07:19:43,17,18,1,上网课的时候没听见那一声“哼”就会很寂寞呢~
145201,53,汤树元,2021-12-28 07:37:44,14,15,1,结课了 不想再遇见线性代数 却舍不得汤圆
145227,53,汤树元,2021-12-28 10:34:13,21,23,2,最后一节课 汤老师说这是不停轮回的 自己从一个小伙子变成了一个老头子\n\n是这样的吧 很高兴这学期我能坐在您的教室里上课\n\n很愧疚自己的线性代数学的并不好 但我永远喜欢汤圆老师
145272,53,汤树元,2021-12-28 15:21:26,13,13,0,budaga
145316,53,汤树元,2021-12-29 04:00:54,0,1,1,活力满满
145338,53,汤树元,2021-12-29 06:00:39,-1,0,1,老师授课很有逻辑！
145393,53,汤树元,2021-12-29 10:06:55,1,1,0,条理清晰，赞
145505,53,汤树元,2021-12-30 04:18:44,4,6,2,展翅矩阵（转置矩阵xswl）
145746,53,汤树元,2022-01-01 08:30:17,-1,0,1,挺好的不错
145820,53,汤树元,2022-01-03 03:18:53,8,9,1,舍不得汤圆&助教哥哥。
146021,53,汤树元,2022-01-05 04:40:51,7,9,2,实话实说，浙大的线代教材实在是烂的不行；这学期基本都是看的mit，好理解，但是做的题太少；也只能在浙大线代教材的基础上来评价汤圆老师的水平，不过他是按陈维新老师的书的顺序来讲的（我觉得起码要给学生说下吧），用旧版教材比拿着新版教材上课舒服多了（我到了期末才知道这回事）
146027,53,汤树元,2022-01-06 07:11:21,3,5,2,老师，菜菜，捞捞，呜呜一定要捞哇😯
146106,53,汤树元,2022-01-05 13:14:34,1,3,2,汤圆汤圆🤤🤤
146222,53,汤树元,2022-01-06 02:05:29,2,2,0,人超级好
146295,53,汤树元,2022-01-06 07:10:57,0,3,3,老师救我狗命
146296,53,汤树元,2022-01-06 07:12:09,2,2,0,老师，菜菜，捞捞
146474,53,汤树元,2022-01-06 15:55:07,25,27,2,听汤圆老师讲课是一种享受。老师常常说我们可能因为讨厌线性代数而讨厌他，但是其实我打从心底认为汤圆老师是一位认真、负责的好老师！
146567,53,汤树元,2022-01-07 02:51:36,1,5,4,老师，菜菜，捞捞
146683,53,汤树元,2022-01-07 07:51:17,7,9,2,非常认真严谨的一位老师（大冬天能穿一件短袖在讲台上上课）
146801,53,汤树元,2022-01-07 13:05:41,5,7,2,虽然在摆烂没听课 但是老师上课很有趣 周围的氛围很快乐 但快乐是他们的 和我没什么关系
148045,53,汤树元,2022-01-11 11:54:46,4,5,1,大爱汤圆！
148262,53,汤树元,2022-01-12 03:55:30,6,7,1,老师真的超级超级超级可爱，上课氛围太nice了，教的也真的很好，教材上曲里拐弯看不懂的证明和定义听老师讲讲就能懂。感觉老师也很在意自己的讲课到底能不能被同学们喜欢，在这里大声说！喜欢的！老师你超级可爱！！\n\n虽然还没出分不知道老师给分怎么样，反正这个10分我是先放这儿了。之后选上汤老师的同学们真的很幸运！要珍惜哇！
148381,53,汤树元,2022-01-12 09:50:12,3,4,1,汤圆课上的好人也好，后悔自己摆烂了，如果重来一定好好学啊！！！
148416,53,汤树元,2022-01-13 15:18:09,12,20,8,汤圆 我的汤圆 结课那天向老师要了签名\n\n老师真的很好，很幽默，很负责。老师感慨自己从年轻小伙一年一年变成老头子然后快要退休了，真的好心疼。但是下午678节课真的好困呀。线代真的好难好难，老师会拓展的比较多，需要课下花很多时间消化。定理多，抽象是线代的特点，希望各位上课之前多预习预习。但是老师\n\n补充：出分了4.8我爱汤圆🤤🤤🤤
148418,53,汤树元,2022-01-13 02:35:09,3,7,4,感谢老师和助教，期中和小测都炸了最后总评3.9！
148577,53,汤树元,2022-01-13 02:07:54,1,3,2,汤老师课上得好，给分好
148594,53,汤树元,2022-01-13 02:41:20,-1,1,2,汤圆yyds，老师真的很会捞
148721,53,汤树元,2022-01-13 10:01:01,-2,8,10,汤圆yyds！！！期中和小测都不是很高，期末考前前一天补天预习，最后90分，绩点4.5！\n\n感谢汤圆，感谢助教，我太满意了啊！\n\n选到汤圆的，好好珍惜这福气啊！
148797,53,汤树元,2022-01-13 14:35:13,2,6,4,爸爸！
148800,53,汤树元,2022-01-13 14:39:02,5,6,1,再生父母！我以后一定学好线代报答您！
148801,53,汤树元,2022-01-13 14:39:54,-1,2,3,爱死汤圆了\n\n以为考得不好 结果直接拉满\n\n芜湖
148802,53,汤树元,2022-01-13 14:40:32,0,3,3,元元，我的超人😭 😭
148803,53,汤树元,2022-01-13 14:42:32,6,6,0,元元真的很可爱！！！！虽然线代很难，但是真的很喜欢他上课鸭！！！！思路清晰，PPT准备得很好，有点小口音，但是很可爱的说！最后给分也超好！！！！就我个人，比微积分好！！！真的真的真的是一个很可爱的老师啊！
148804,53,汤树元,2022-01-13 14:44:24,-6,3,9,爱死汤树元老师了，小测都炸了最后4.5，汤树元老师yyds，闭眼选就对了。
148806,53,汤树元,2022-01-13 14:45:28,0,2,2,海底捞！汤圆，我滴超人！！！
148810,53,汤树元,2022-01-13 14:51:00,1,4,3,爸爸爸爸
148814,53,汤树元,2022-01-13 14:56:16,5,6,1,上课内容充实，可以事先看下课本，不然可能会觉得汤老师讲得有点快。经验丰富，能精准痛击学生的知识薄弱处。\n\n   铁手捞人，我的超人！\n\n   哼哼～
148819,53,汤树元,2022-01-13 15:13:48,9,10,1,特别特别喜欢的老师，让一个社恐鼓起勇气去要了签名！\n\n真的太好了，思路清晰、涉及全面。\n\n也会煽情！最后一节课说自己在一次次开课结课的轮回里从一个小伙子变成了一个老头子。回家交流以后发现他也是我爸当年的线代老师。\n\n多么神奇的缘分呀，汤圆圆我的超人！我的超人♡
148822,53,汤树元,2022-01-13 15:21:46,-4,1,5,为什么我期中小测都还不错出来只有3.9
148909,53,汤树元,2022-01-14 02:36:59,4,4,0,上汤老师的课是一种享受。
148957,53,汤树元,2022-01-14 04:31:06,5,9,4,“我跟你说，如果你算出来行列式不等于0，那你一定是算醋了的。”233，老师的口音真的好有意思，上课也很好，给分也很棒！总之选了绝对没问题！
149454,53,汤树元,2022-01-15 11:43:46,-7,11,18,汤圆，我的超人。第一个5.0。
149543,53,汤树元,2022-01-16 02:21:30,-24,12,36,人生第一个满绩给了线代，期中满分期末满分，tsyyyds
149573,53,汤树元,2022-01-16 04:17:18,3,7,4,汤圆老师超级好
150401,53,汤树元,2022-01-24 12:41:50,-32,7,39,给分挺好的，之前有一次翘课然后刚好被点名而且还批评了，一直以为绩点会直接凉凉，没想到拿了个满绩，不错不错，汤圆这人还挺厚道。10分给你了
150602,53,汤树元,2022-02-03 10:59:00,-11,5,16,超棒，虽然没有满绩但是4.8的高绩我很爱\n\n啊啊啊啊啊大爱汤汤了
151109,53,汤树元,2022-02-23 06:03:34,-5,4,9,老师真的不可多得的好老师，选他没错，学线代汤圆首推，线代一定学的好，我去年就是那种作业基本上不会做的类型，但是还是听他的考试，最后4.5，谢谢老师！
151409,53,汤树元,2022-03-02 13:52:13,-1,2,3,超棒！
152676,53,汤树元,2022-04-18 06:19:36,-1,6,7,人挺好 但是口音让我每节课都睡觉
153689,53,汤树元,2022-05-08 09:32:12,1,2,1,很幽默
154891,53,汤树元,2022-06-06 13:32:35,31,31,0,应该快有新大一的学弟学妹们看这个了吧，希望你们能在最新评论看到\n\n第一次在查老师评分，汤老师是非常好的老师，希望选择他的学弟学妹一定要保持认真，头几节课对我们线代学习的建议要记牢，不要最后再后悔\n\n老师非常热爱教学工作也热爱他的学生，祝老师工作一切顺利
156101,53,汤树元,2022-06-17 14:07:35,4,7,3,很好的老师，人也很可爱，最喜欢他在上课时的“哼~”
156158,53,汤树元,2022-06-18 03:43:56,1,2,1,我超，海底捞！
156763,53,汤树元,2022-06-21 02:19:00,7,8,1,大一遇到了两个好老师，秋冬的矿爷和春夏的汤圆。\n\n他们都是那种不仅讲课内容清晰详细，且对学生有着真正关怀的老师\n\n希望以后的学弟学妹们能够认真听课，不懂就去问，都是非常好的老师，不要辜负了老师的殷切教导\n\n还没有出分，但这已经不重要了，汤圆已经带给了我们足够多的东西
156780,53,汤树元,2022-06-21 02:59:13,-19,1,20,一般般
156996,53,汤树元,2022-06-21 13:25:21,0,2,2,口音可爱ớ ₃ờ
157698,53,汤树元,2022-06-24 11:24:30,8,11,3,虽然没有达到预期的分数，但还是要给汤老师和助教以我预期的分数
157700,53,汤树元,2022-06-24 11:36:44,2,3,1,虽然绩点一般（都怪我自己没有好好学）但是汤圆真的好可爱好喜欢呜呜呜早知道好好学了呜呜呜
157736,53,汤树元,2022-06-24 13:58:36,2,4,2,能上汤圆的课真是人生一大幸事！老师很有趣，讲课很清晰，PPT内容很丰富很实用！\n\n很认真地学了一个学期，绩点未达预期，但也感觉很好——那种学到知识的感觉\n\n爱汤圆！
157846,53,汤树元,2022-06-25 05:49:59,5,6,1,汤圆，你是我的神！
158410,53,汤树元,2022-06-29 05:16:26,3,3,0,特别好
158515,53,汤树元,2022-06-30 02:22:43,10,11,1,本学期线性代数期中期末都不容易，整个年级绩点都不高。指望上学期扎堆满绩不现实。\n\n不过老师已经仁至义尽了，我觉得该讲的都讲了，给分也是尽力捞了。
158566,53,汤树元,2022-07-13 14:10:14,16,18,2,非常棒的老师\n\n上课前会先把整节课的大纲放出来，思路非常清晰，听起来省力，讲课很有激情，给分也相当好，大大超乎预期\n\n都给我狠狠地去报汤老师的课😋\n\n顺便表白一下助教zyxgg，虽然看起来是个挺划水的人，但上习题课和回答大家问题非常认真捏
158661,53,汤树元,2022-07-01 05:13:46,9,10,1,汤老师呜呜呜呜我太爱他了呜呜呜呜他真的很像慈父！我基础不好，每次都坐在第一排，他经常关心我，期中考试没考好，我跟他交流，他让我去多做自己想做的事情！！助教也好好呜呜呜
158689,53,汤树元,2022-07-01 09:47:09,2,4,2,汤老师讲课真的很细致，ppt上知识点也很充实，复习的时候对照ppt很有帮助，给分很好。觉得遇到一个好的老师，比获得一个相对好的绩点更重要。汤圆真的好好！！！
160101,53,汤树元,2022-09-13 07:47:31,3,4,1,汤圆n b
163253,53,汤树元,2022-12-11 08:33:23,-6,7,13,真心get不到魅力
163423,53,汤树元,2022-12-14 09:08:32,0,0,0,汤老师真的很牛，每个学期都会更新ppt，ppt的内容真的巨赞
163991,53,汤树元,2022-12-17 06:34:37,4,4,0,老师很幽默，讲课思路很清晰，ppt上的例题也挺好，感觉似乎会捞人。
164003,53,汤树元,2022-12-17 08:15:12,1,1,0,线代全靠他了！！！
164159,53,汤树元,2022-12-18 13:29:58,1,3,2,很好的老师
164299,53,汤树元,2022-12-20 07:23:06,-1,2,3,很棒的老师
164783,53,汤树元,2022-12-26 06:23:14,0,2,2,老师太可爱了
166472,53,汤树元,2023-01-12 10:35:19,-3,0,3,汤神，吹爆
166579,53,汤树元,2023-01-13 01:43:35,1,3,2,不是他的学生 但是一直在听他的智云 真的 上课比刷剧还爽啊 老师真的思路很清晰而且补充了很多细节
168139,53,汤树元,2023-01-30 04:43:45,3,4,1,汤圆讲的太棒了！好想让汤圆出书！！
168269,53,汤树元,2023-02-08 05:44:38,-2,1,3,线性代数，好
168537,53,汤树元,2023-02-19 08:47:03,1,2,1,大爱汤圆
168744,53,汤树元,2023-02-21 14:48:06,4,4,0,非常好，老师讲的很清晰，ppt特别详细。另外我特别喜欢郑助教，会有一些拓展知识，实在是太厉害啦。
168747,53,汤树元,2023-02-21 15:28:50,2,4,2,很喜欢他的展寄(转置)
168965,53,汤树元,2023-02-24 01:17:55,6,7,1,讲的又好！给分又好！选到这位神，睡觉都会笑醒！
168999,53,汤树元,2023-02-24 03:08:27,4,5,1,我真的哭死，大学以来第一次这么高的绩点，汤圆太会捞了
169017,53,汤树元,2023-02-24 04:07:19,2,3,1,\汤圆/\汤圆/\汤圆/\汤圆/\汤圆/ 当初无意中选到他的课还不知道捡到了宝！风趣幽默，上课该讲的都讲了，清楚明白，虽然讲的有点点难但也非常必要！另外表白董gx助教gg，非常认真nice！
169043,53,汤树元,2023-02-24 06:07:01,4,5,1,满了，开心，给个10分，当然老师讲课也很好，除了有些字念不太准确，其它完美
169046,53,汤树元,2023-02-24 06:14:38,-1,1,2,讲课很好的老师，虽然后半学期基本都没咋听过纯自学x\n\n算了一下，汤圆和助教差不多捞了两分，作为一个修线代的大三文科狗，拿到了4.2，相当满意了呜呜
169071,53,汤树元,2023-02-24 07:58:17,7,8,1,注意，矩阵的秩和迹读音是一样的。
169073,53,汤树元,2023-02-24 08:02:18,1,2,1,汤圆的课我愿意听一辈子\n\n助教哥哥也超级捞\n\n神
169086,53,汤树元,2023-02-24 08:48:00,0,0,0,老师很好～是我太菜了～呜呜呜
169175,53,汤树元,2023-02-24 13:50:00,2,5,3,喜欢汤圆和助教zy哥哥😋
169237,53,汤树元,2023-02-25 02:34:49,3,5,2,给分句号
169251,53,汤树元,2023-02-25 03:58:18,5,6,1,我的海底捞之神
169621,53,汤树元,2023-02-27 06:59:29,6,6,0,讲课超级有趣 很和蔼很有魅力的一个老师！都说线代难 可是因为有他我线代学的比微积分快乐多了555 虽然最后绩点不是很理想我太菜了 哭 但是还是非常感谢！！
169937,53,汤树元,2023-02-28 14:09:26,5,7,2,本来以为要挂了，我真的哭死，他真的会捞。
170234,53,汤树元,2023-03-02 06:17:21,3,4,1,我爱汤圆啊啊啊！
171313,53,汤树元,2023-03-21 11:03:47,8,10,2,呜呜，可能对数学感兴趣的更容易感觉到老师的魅力，上线代好痛苦根本听不懂，不过老师人很好！给满分～
174412,53,汤树元,2023-06-15 06:35:18,0,1,1,好好好！
175434,53,汤树元,2023-06-25 01:46:58,1,3,2,好好好
178575,53,汤树元,2023-07-15 06:44:16,7,10,3,老师退休快乐！
180755,53,汤树元,2023-09-26 00:57:15,40,41,1,“同学们国庆看不看线性代数啊？不看也没关系，大学第一个国庆要玩得爽一点”
181036,53,汤树元,2023-10-06 04:44:33,0,5,5,老师太好了，我刚刚自学完了老师往年的智云课堂，真的很感谢很感谢，我一个数学小垃圾居然有点学明白了
182275,53,汤树元,2023-11-14 00:47:01,3,3,0,汤老师很负责！
184855,53,汤树元,2023-12-23 13:20:07,1,3,2,汤老师我男神，进大学第一节数学课就是这么高规格，感受到实实在在的水平，课堂上幽默风趣，哼哼的笑声是一绝，必须给10分，能上到他的课是一种幸运
185339,53,汤树元,2023-12-28 04:06:13,3,3,0,这是好老师，真没话说。\n\n学不好线代是我自己菜，希望不要给我挂掉🙏
185685,53,汤树元,2024-01-03 13:59:43,4,5,1,好老师，ppt自成体系比课本更通俗易懂，知识点与题目并重
185810,53,汤树元,2024-01-04 13:37:15,1,2,1,特别好汤老师。爱你汤圆爱你汤圆爱你汤圆爱你汤圆爱你汤圆爱你汤圆
186661,53,汤树元,2024-01-12 11:32:42,6,9,3,“哼”
186820,53,汤树元,2024-01-13 07:26:43,5,7,2,最后一节习题课直播，助教唱歌，我不是汤老师的课，但是室友外放带我听，好听！
186822,53,汤树元,2024-01-13 07:44:11,7,8,1,非常好的老师，助教zy哥哥yyds
187130,53,汤树元,2024-01-14 15:21:08,3,5,2,zy哥哥我男神
187550,53,汤树元,2024-01-16 14:04:29,2,4,2,微积分有童姥姥和伤老师 线代有汤圆和zy哥哥 我的大一上圆满结束啦！
187811,53,汤树元,2024-01-17 13:49:49,8,9,1,其实，我是sys，但我听汤老师智云听了13节课，讲得非常好。
188263,53,汤树元,2024-01-18 13:47:31,4,6,2,我是汤圆哥的云学生哈哈哈哈哈哈，老师上得真的很好，有详细的幻灯片，很成体系的总结概括，很多定理的讲解也按照老师自己更容易被大家接受的方式讲，而不是拘泥于课本，还有很多的习题例题讲方法。而且也非常风趣幽默，板书很潇洒，有点口音也很可爱
188403,53,汤树元,2024-01-19 02:17:45,2,3,1,真心喜欢汤老师
188454,53,汤树元,2024-01-19 04:34:47,2,4,2,喜欢汤老师，只怪我没有好好听课，但助教gg直接海底捞！！
188468,53,汤树元,2024-01-19 04:45:10,1,3,2,好老师！ppt思路很清晰，上课也很有激情。出分了前来感谢🥹真的好老师！！！
188515,53,汤树元,2024-01-19 06:40:39,3,3,0,老师讲得很好，助教gg也是认真负责，虽然小测都没考好，但是被狠狠捞了一手，最后还是有4.2😊
188525,53,汤树元,2024-01-19 07:11:37,-1,2,3,被狠狠捞了！！大爱汤圆和zygg！！
188603,53,汤树元,2024-01-19 10:56:32,5,5,0,yyds，老师太棒了
188797,53,汤树元,2024-01-20 03:31:56,1,4,3,下学期还选汤老师的课
189143,53,汤树元,2024-01-22 06:59:39,9,10,1,老师的PPT比课本要好多了，自成体系，逻辑更清晰，例题更丰富，相对来说不那么抽象。复习的时候把老师的PPT全部搞懂，除了个别偏难题基本上都没有问题了。不过浙大的线代教学本身存在很大的问题，最后即使期末绩点很高也不能代表你真的学懂线代了。想真正了解线代，建议自己找一些渠道学习。老师的“哼”还有独特的口音给我留下了很深刻的印象，课程中也会穿插一些冷笑话。可能是线性代数确实太抽象了吧，即使是上汤老师的课我还是觉得太痛苦了，除了前两节课基本上没有一节课完全听懂。汤老师的助教zygg也是很不错的，习题课讲解作业时其实比较水，时不时还会和我们聊天，考前的线上复习课还激情献唱，不过他下学期就毕业了。
189323,53,汤树元,2024-01-23 08:11:41,10,10,0,超级棒，tsy 的好已经不能用语言来形容了，还有猪脚哥哥也超好（词穷了）
189970,53,汤树元,2024-02-04 09:14:12,21,22,1,汤圆，我的超人！\n\n上课没得说，自己编的PPT思路清晰，讲解也很细致\n\n但是建议从矩阵开始后面的章节要提前预习，否则很可能上课听不懂，不过就算听不懂，下课一定要多复习，对着PPT把定理、充要条件以及例题等多复习几遍\n\n成绩构成大概是MOOC＋作业＋三次小测＋期末考试，给分也很好，会捞人\n\n最后还要感谢邵博哥哥，非常好的助教！习题课会带着大家先复习上节课的内容，会挑大家作业中问题多的题目讲解
190112,53,汤树元,2024-02-22 03:23:21,-3,7,10,线代上课的时候常常会因为没预习而跟不上，最后狠狠恶补课本期末卷面考了89！最后绩点4.8我哭死啊汤圆！作业不算多，人非常可爱，是我上大学第一个学期遇到的最喜欢的老师！
190186,53,汤树元,2024-02-25 02:20:16,6,7,1,迟来的评价。表白汤老师和zy助教
194647,53,汤树元,2024-06-25 02:47:15,14,14,0,阔逆几阵的整置（doge）杭州腔感觉太亲切了\n\n\n\n听了一学期智云，去线下旁听了最后一节课，最后还找他要了签名。\n\n没选上他的课是一种遗憾。
194787,53,汤树元,2024-06-25 11:52:00,4,5,1,汤老师真的很可爱，讲的很清楚，居然把我教会了真的很牛。而且本人很谦虚！！！！是浙大最好的老师之一！
195975,53,汤树元,2024-07-01 03:20:54,6,8,2,神，哥们sys班的全靠他的课下来的
196060,53,汤树元,2024-07-01 10:41:46,4,5,1,汤圆真的超好！还有吹爆认真负责的劭博gg!\n\n老师上课会带着我们一起理思路，不全按照课本的顺序来的，讲的超级清晰有意思。\n\n但是相似对角化那几章不提前预习加课后消化可能会有点跟不上，可以提前看看3b1b的线代本质的视频来理解~
198410,53,汤树元,2024-09-08 15:14:41,-29,5,34,口吐珠玑，容貌甚伟。\n\n\n\n\n\n顺便在课上收到npy一枚～～
202351,53,汤树元,2024-11-12 03:23:21,-1,0,1,讲得好
205059,53,汤树元,2024-11-30 13:35:07,5,6,1,你这第一步就“散醋”了！
208543,53,汤树元,2024-12-29 06:44:44,2,2,0,爱死了
214033,53,汤树元,2025-01-23 05:05:13,1,2,1,线代唯一真神
7942,76,李松,2015-09-16 07:23:49,3,7,4,看他像看爸爸
8439,76,李松,2015-09-21 09:19:35,2,12,10,我想知道，为什么不按课本讲……布置的作业又是没上过的内容，迷之跳跃性思维让人hold不住。听了他的课，感觉数分其实还是自学最好
9825,76,李松,2015-11-10 10:16:29,-1,3,4,水平挺高的，就是总让助教代
11491,76,李松,2015-12-02 14:41:03,2,9,7,不走心的老师，感觉是被岁月打磨的。。
13402,76,李松,2015-12-28 01:04:32,-1,1,2,松哥人挺好的
13579,76,李松,2015-12-29 12:19:30,0,2,2,李老师的课上能学到很多课外的知识，这是那些只会读课本的老师课上学不到的。觉得要搞数学研究的话这样的上课方式是最好的，当然他有些时候没有考虑到学生的感受。
14429,76,李松,2016-01-07 04:14:34,1,3,2,松爷爷是叼啊
16003,76,李松,2016-01-17 03:03:22,-5,0,5,666
16299,76,李松,2016-01-17 23:53:11,-5,0,5,好好好
16473,76,李松,2016-01-18 07:11:34,-6,0,6,非常好\n\n
17161,76,李松,2016-01-19 17:34:07,-2,2,4,期末考试真的只要熟悉课本就行了，松爷威武
19313,76,李松,2016-01-24 01:20:35,-5,0,5,好好好
20258,76,李松,2016-01-26 16:23:35,0,6,6,出分好慢呀
20718,76,李松,2016-01-30 07:45:46,30,41,11,为啥给分这么低  分析基础
20749,76,李松,2016-01-31 02:42:32,3,4,1,水松水松
20923,76,李松,2016-02-04 07:08:38,-3,0,3,666
22044,76,李松,2016-03-02 07:08:03,-1,0,1,看到0.0不忍心
22490,76,李松,2016-03-07 02:19:31,-3,0,3,非常好\n\n
26176,76,李松,2016-06-16 07:16:15,-1,3,4,很差劲的老师，上课不认真，自己不会做，老让助教代课，给分很低。我们这一届他班的都分很低。我怀疑数据没更新
28075,76,李松,2016-06-28 08:04:29,1,7,6,一句话，不要被学习帝上高达4.1的分析基础均绩给骗了，我们这届……呵呵呵
40652,76,李松,2017-01-04 14:48:25,1,2,1,松爷人超好！又帅！字又好看！助教章哥哥也很萌！
43515,76,李松,2017-01-16 12:04:38,0,0,0,向松哥低头
44853,76,李松,2017-01-18 11:43:41,-1,0,1,人超好
46202,76,李松,2017-01-21 02:16:49,5,8,3,松爷人很好，讲课还算可以，让你听的进去，虽然年事已高时而思路说不清，但还是看得出在认真教学！还记得好看的板书和湿透的衬衣。顺便表白助教章GG~
46943,76,李松,2017-01-23 04:42:28,0,1,1,玛格基，上课还好，给分超级差！！！
47560,76,李松,2017-01-31 06:34:30,1,4,3,不水，不急\n\n老师给人的感觉就是数学大佬，很典型的做分析方向研究的老师。当然，上这样的课要多花很多心思\n\n课本要自己好好提前看，因为上课不讲课本……
47687,76,李松,2017-02-18 04:02:03,3,8,5,平心而论，李老师讲课的内容的确不完全按照课本，但绝对是分析学最重要的东西。至于李老师讲课的方法，经常叫同学上来回答问题，也经常讲一些数学史上的小故事，反正我非常喜欢。学数学尤其是学分析，更多的真要靠自己，老师能做的不过是从中点拨。缺点的话就是备课不用心，作业随便留吧。
48560,76,李松,2017-03-07 07:57:32,3,7,4,下课了吧？？？\n\n下课了！！！
48639,76,李松,2017-03-09 00:38:53,-5,1,6,水平极低。。。差劲
49056,76,李松,2017-03-23 00:22:53,0,0,0,水松。。。
49159,76,李松,2017-03-28 02:46:31,1,1,0,不如自己看书 给人一种他不怎么会的感觉 经常上课到自己停下来 然后看书上再写
49218,76,李松,2017-09-18 01:58:14,2,6,4,我松哥可好了！！！讲的慢！！！还有习题课！！！实变分析上他的课都听的明白，除了画假重点之外，没啥不好的了。
50705,76,李松,2017-05-04 11:12:47,6,11,5,松哥：比比看谁更想下课
56933,76,李松,2017-07-05 03:53:14,2,4,2,助教哥哥人超级好\n\n给他写不会写作业还给我回没关系\n\n给分也超级好
56961,76,李松,2017-07-05 04:50:38,2,3,1,上课照书，给分求是，助教还是很好的☺️
57022,76,李松,2017-07-05 07:46:45,1,3,2,老李头给分很好，以为实变要挂了，感觉卷面50都不到，没想到还上了80。下面附一段单人rap：上，上，上课了，上，上，上，上，上课了。
59589,76,李松,2017-09-24 07:49:55,5,6,1,李老师要你知道什么是真正的自学
64460,76,李松,2017-12-24 06:40:37,3,4,1,我觉得老师很认真，但是对于分析基础这门课来说，可能得自己看完一章再听李老师讲课比较，，，好┮﹏┭还有就是神奇的布置的作业和蜜汁划重点（”这一章的重点是基础拓扑”我们：？？？）
71847,76,李松,2018-01-29 04:29:06,-15,6,21,莫名其妙满绩?表白助教姐姐hhh\n\n感谢李老师
71943,76,李松,2018-01-29 06:25:06,-11,18,29,几乎一个学期没怎么听课最后居然一不小心满了？？？\n\n
99222,76,李松,2019-01-24 12:46:34,2,2,0,分析基础自己没有好好学，不知道说啥了，出分前来球球松爷给一点师生情，不要让我挂?建议大家课前预习，课上会讲点例题的（我记得小测考）
100395,76,李松,2019-01-26 05:05:16,-9,6,15,虽然上课讲的烂，但是给分贼好看。\n\n即使每节都很水，期末努力不白费。\n\n认真看书不看题，一天速成出奇迹。\n\n分析满绩肩上扛，认个松爹又何妨！\n\n
100642,76,李松,2019-01-26 13:06:58,2,2,0,划重点：李松今年没有划假重点。（醉了...
121165,76,李松,2020-01-20 01:47:07,0,0,0,老师人挺好的 不过也是挺官方的那种\n\n平时作业认真做 最后考试又不难 都是基本定理的证明和应用 把书上的定理吃透考试绝对杠杠的
122346,76,李松,2020-02-25 00:52:04,1,1,0,给分也太好了...
122749,76,李松,2020-03-30 08:49:43,2,3,1,上的老师的分析基础，平时上课不完全按课本讲，会注重思想的培养。平时作业按时交的话平时分应该问题不大，会有一次小测占比很小。期末考基本是课本上的定理or上课讲的习题or小测题！期末给分满满师生情！吹爆！
131430,76,李松,2021-01-27 13:00:46,0,0,0,10分
131548,76,李松,2021-01-28 03:39:10,2,2,0,李松老师是真的好，就是喜欢画假重点
145315,76,李松,2021-12-29 03:59:46,0,0,0,老师和助教姐姐都真的太好了！
148633,76,李松,2022-01-13 05:08:50,-2,0,2,。。。
148634,76,李松,2022-01-13 05:08:50,-2,0,2,。。。
149120,76,李松,2022-01-14 13:04:26,0,0,0,绩杀。。。
164605,76,李松,2022-12-22 07:44:08,1,1,0,无语。。。
169442,76,李松,2023-02-26 07:29:47,2,3,1,假重点名不虚传
169764,76,李松,2023-02-28 00:16:49,4,4,0,期末考试的重点比隔壁李奶奶班多了差不多一半 果不其然 那一半什么都没考\n\n上课确实有点催眠 但钉钉上问问题基本都是秒回 有一次十一点半了我以为老人家早就睡了 没想到过了几分钟就回了ww \n\n但助教会隔好几天才看下钉钉 不过助教gg还是超级好的 会和你聊闲天（bushi）
169847,76,李松,2023-02-28 06:07:05,3,3,0,老师讲课水平一般，但是助教hggg真的超级好呀！！！
169953,76,李松,2023-02-28 15:23:04,1,2,1,给助教gg评的，好助教
169959,76,李松,2023-02-28 15:52:33,5,5,0,海底捞😭爱松哥和助教hggg\n\n期中竟然还给我们加分了 吹爆 \n\n数学分析系列绩点最高😭
171002,76,李松,2023-03-14 03:14:25,3,5,2,其实老师挺可爱的，讲真挺符合我对数院教授的“刻板”映像——粉笔板书，手写讲稿...不过不得不说有点催眠。特别感谢hg助教哥哥，耐心细致给分好！数分三选他没错
201115,76,李松,2024-10-29 02:39:29,6,9,3,不是哥们，每次课都上一次习题课，有这么给自己放假的吗，讲的也是真烂，一次课都讲不了什么东西，讲个证明把自己绕进去，上无语了
204817,76,李松,2024-11-28 04:03:36,2,4,2,感觉有点老糊涂了，不知道给分怎么样
207346,76,李松,2024-12-20 16:46:03,11,13,2,10分打给计算机学院的李松老师，新老师但讲课条理清楚，生动形象，曾在课上给大家分析g++ stl中的算法实现、用跳舞视频讲解排序算法……给分也好，老师和助教不克扣平时分，互评被坑可以和老师或助教argue，有bonus，最后也是拿下大学的第一门100分
212575,76,李松,2025-01-14 08:24:18,-1,3,4,讲课还好。期末感觉一点也不捞，最后卡绩了。
213256,76,李松,2025-01-16 13:08:35,7,7,0,讲的一般，期末给分中规中矩吧，感觉他这学期上课不是很上心......后面难的曲面积分讲的巨快，傅里叶级数那一块讲的还不如莫群老师，平时上课有些证明感觉他自己都没弄明白，给人一种好像一节课写了很多但什么都没进入脑子的感觉
221270,76,李松,2025-06-22 10:59:05,2,2,0,(114514)^N=O(N!)有点味道的题目捏
222051,76,李松,2025-06-29 07:34:33,0,0,0,（计院李松老师，24-25春夏数据结构基础/fds）\n\n从不点名，老师人很好，上课有点幽默，给分也不错（不过感觉fds本身比较难调分？毕竟很多分数都在pta里面的）\n\n本学期fds期末考114514^N=O(N!)命题人（手动狗头）\n\n不过讲课方面的话，有时候会有一点点绕，没听懂的知识点可以靠课后听一下其他老师的智云弥补\n\n老师应该教了两三届fds啦，祝老师以后越来越好
309,93,张泽银,2018-09-26 03:31:31,3,109,106,口音完全听不懂啊！口水还喷的到处都是！第五节下课还在教室吃学霸餐！紫金港绩杀啊！均绩直接毁他手里啊！考多少分就多少绩点啊完全没有平时分啊！
424,93,张泽银,2018-04-24 04:10:17,237,345,108,听不懂啊听不懂   全程自嗨（学霸学神们还是能跟他一起在数学世界里嗨的…
538,93,张泽银,2015-03-15 04:29:48,72,116,44,老师讲的其实还是挺好的！！！
603,93,张泽银,2015-03-15 06:36:20,18,25,7,他的课我都睡了，弱逼实在跟不上他的节奏。。。期末死很惨。。。
672,93,张泽银,2015-03-15 11:36:44,-18,60,78,我觉得张老很不错，板书认真普通话也没有那么不堪，微积分这种东西完全靠自己，我微1.微2都是他，91和99，说不好的都是卷面分数怎么拉也拉不回来的╭(╯^╰)╮
1114,93,张泽银,2015-03-21 16:11:37,9,28,19,说能听清楚的你们耳朵好厉害的样子
1223,93,张泽银,2015-03-21 16:46:29,33,62,29,真的是好老师！
1477,93,张泽银,2015-03-22 06:46:43,51,81,30,讲得很细致，口音并没有那么重。是一位不错的老师。
1625,93,张泽银,2015-03-23 02:30:27,6,20,14,第一节课开始睡，第n节课开始逃，逃逃睡睡逃逃睡睡，给分竟然还不错。说实话真听不懂在讲什么，一般能坐在教室里的都听的很认真的 。
2184,93,张泽银,2015-04-06 08:25:40,4,17,13,虽然数学本来就渣，不过大一刚来就碰到这样的口音真的很醉，听了半个学期之后直接翘了跑去听王会英老师的课了。祝各位好运毕竟均绩摆在那里
2341,93,张泽银,2015-04-23 14:48:20,30,49,19,感觉思维上训练得很棒
2364,93,张泽银,2015-04-27 13:40:28,38,59,21,老师很用心
2702,93,张泽银,2015-05-05 15:22:18,135,185,50,虽然有些口音，但认真听还是可以听得懂的。上课板书很好，例题讲解得很细致，很喜欢有同学去问他问题，是个不错的老师，给分没有你想象的那样惨不忍睹。
2893,93,张泽银,2015-05-10 13:02:31,11,23,12,老师超好，讲解非常细致
2945,93,张泽银,2015-05-11 11:53:17,14,21,7,思维方式很好的
3465,93,张泽银,2015-06-16 06:27:23,-1,4,5,口音太重，不是太想听
3588,93,张泽银,2015-06-17 01:44:13,16,29,13,并没有想象地那么坑嘛！挺好的
3835,93,张泽银,2015-06-17 05:48:20,13,24,11,老师讲得很好，只要你坐在前排跟着老师的思路走别走神，绝对听得懂，问题也讲的很细致
4874,93,张泽银,2015-06-30 06:33:39,-5,9,14,讲的话根本听不懂，全靠自习
5488,93,张泽银,2015-07-08 02:33:14,0,10,10,一个字，坑
6424,93,张泽银,2015-07-14 01:57:46,1,4,3,口音略重，听不太清。
6932,93,张泽银,2015-08-19 00:52:26,0,7,7,说微一微二91，99的还是低了些
7616,93,张泽银,2015-10-12 08:13:44,26,42,16,有的时候老师语速有点快，但讲得还是挺好的～\n\n
7943,93,张泽银,2015-09-16 07:24:31,10,13,3,讲的不错，就是有点口音，但听懂没问题
8112,93,张泽银,2019-01-21 08:20:10,65,75,10,口音还好，课也不错，但我这种渣渣实在不适合他。
8212,93,张泽银,2017-09-18 08:35:05,46,77,31,张泽银老师是我看到过最好的老师了，赞赞赞
8214,93,张泽银,2015-09-17 13:49:40,14,20,6,好厉害
8215,93,张泽银,2015-09-17 13:49:13,5,13,8,老师超好，给分超好
8610,93,张泽银,2015-09-23 05:57:06,1,7,6,默默给老乡点个赞……根本不觉得他讲课有口音23333
8892,93,张泽银,2015-09-30 01:22:00,3,6,3,根本听不懂的外星话！！！！！自嗨啊
8894,93,张泽银,2015-09-30 01:41:17,-1,2,3,啦啦啦
8990,93,张泽银,2015-10-08 06:46:25,4,5,1,前排还可以，后排听不清就跟不上了
9135,93,张泽银,2015-10-14 03:55:31,12,15,3,好好听能学到很多
9665,93,张泽银,2015-11-04 04:00:06,3,5,2,本来听的还好的，到了泰勒和麦克劳林一章彻底崩了，半节课就讲完去讲数学建模，我根本连例题都还没看懂，这么教的老师真的是第一次见了
9917,93,张泽银,2015-11-12 16:22:28,10,12,2,老师很好，可惜我底子不好
12052,93,张泽银,2015-12-21 15:07:48,1,4,3,口音略重
12517,93,张泽银,2015-12-23 11:56:00,-4,7,11,我不管我就要给十分
13188,93,张泽银,2015-12-25 05:44:59,-2,2,4,呵呵哒
13478,93,张泽银,2015-12-28 09:32:35,2,4,2,认真听的话还是能学到不少滴
13958,93,张泽银,2016-01-03 04:15:22,-3,1,4,恍恍惚惚
14323,93,张泽银,2016-01-06 08:35:38,-2,3,5,上得飞快  然后最后十几节课不用来复习  用来水    然后提前下课    真不知道怎么想的！！！
14370,93,张泽银,2016-01-06 14:17:49,4,5,1,单纯为了绩点高不建议选
14386,93,张泽银,2016-01-06 16:54:32,31,40,9,口音什么的还好吧，板书也不错，但是后来改用PPT了，讲课超级快，我们这学期上了将近四节的自习课，因为他讲完了，而且后来还提前一节课下课。
15250,93,张泽银,2017-08-28 14:34:09,6,8,2,翘课来听，收获大，强力推荐，一定要抢前排。
18235,93,张泽银,2016-01-21 10:16:12,21,28,7,他爱他的数学，也爱他的学生
19053,93,张泽银,2016-01-23 06:48:28,-1,3,4,老师挺不错的
19327,93,张泽银,2016-01-24 01:42:40,2,4,2,给分挺好的
19760,93,张泽银,2016-02-27 01:11:01,0,7,7,老师人真的很好，上他的微1，很充实，能拿满绩\n\n
19762,93,张泽银,2016-01-25 08:53:14,23,38,15,说绩杀的卷面太低怨不得老师吧。
19777,93,张泽银,2018-03-22 04:18:51,18,22,4,给分不像传说的那么差 有平时分 挺好的老师
19779,93,张泽银,2016-01-25 09:08:37,10,19,9,老师很好很认真给分也很不错谁在说老师是绩杀出来我绝对不打死他
19787,93,张泽银,2016-01-25 09:17:02,-6,5,11,给分真的超级好
19797,93,张泽银,2016-01-25 09:35:28,2,4,2,有些口音，上课的思维性很强.坐前排听是个不错的选择.
19812,93,张泽银,2016-01-25 10:12:45,-3,1,4,6666
19831,93,张泽银,2016-01-25 11:00:36,13,17,4,给分真的可以啊
19834,93,张泽银,2016-01-25 11:10:36,2,7,5,老师好的，才不是什么绩杀
20214,93,张泽银,2016-01-26 14:21:41,26,33,7,不觉得口音有什么影响。。。毕竟教授级别，上课内容还是很充实的，不过跟上就比较难了。给分的话。。。还可以的，真的
20369,93,张泽银,2016-01-27 07:21:06,21,31,10,张老师作业留得很少。
20633,93,张泽银,2016-01-29 07:48:41,0,5,5,老师人很好，但即使我听得懂他的口音，也不懂他讲的内容≥﹏≤
20711,93,张泽银,2016-01-30 06:26:08,3,4,1,犯困是真的，但是他讲课挺仔细的。有口音，走神会听不懂
20801,93,张泽银,2016-02-01 01:51:53,-1,4,5,给分差到不敢想象\n\n没有平时分，90分以上区别不大
21141,93,张泽银,2016-02-21 05:19:22,1,3,2,虽然上课都在睡觉（我自己的原因占多数），但是教课很有调理，不错了
21429,93,张泽银,2016-02-29 00:20:39,-1,2,3,越上越无聊
21465,93,张泽银,2016-02-29 02:51:10,21,24,3,他间歇性想起来还有话筒这回事……
21485,93,张泽银,2016-02-29 04:23:16,5,8,3,似乎银老也想有所改变的……然而……
21573,93,张泽银,2016-02-29 08:25:03,0,5,5,口音还好，要是声音重点就好了，或者多用用话筒。上课讲得感觉蛮好的，就是经常听不见了，心好累。
21968,93,张泽银,2016-03-02 03:02:02,0,2,2,哈哈哈
21969,93,张泽银,2016-03-02 03:05:34,1,3,2,老师不错，下来也需要靠自己。
22201,93,张泽银,2016-03-03 02:19:11,3,3,0,挺好的。
22412,93,张泽银,2016-03-04 15:35:18,-2,3,5,给分差
22624,93,张泽银,2016-03-09 02:16:27,15,16,1,其实觉得老师真的不错，不过不适合基础不好的哦～学霸学神可以学到很多～（不知道为什么觉得这小老头有点萌
22985,93,张泽银,2016-03-16 00:15:43,1,3,2,呵呵哒
23434,93,张泽银,2016-03-30 00:37:00,5,6,1,小老头挺萌的，口音有点坑，微积分2换了一个大家所言的好老师，结果更怀念银老了，讲的真的还可以，给分不算好但不是特别差，略微杀！
23626,93,张泽银,2016-04-11 00:25:36,-1,3,4,我觉得吧，说实话，他挺用心讲的，但水平有限而且觉得上课的时候情商不高，如果有机会还是不要选他的课吧
23784,93,张泽银,2016-04-16 12:54:27,3,7,4,根本不是绩杀，好多人都不从自己身上找原因却要怪老师我也不知道他们是怎么想的
24732,93,张泽银,2016-05-03 08:48:00,22,28,6,在我以为我微二挂了的时候，得了80，以后千万别说老师是绩杀……
24739,93,张泽银,2016-05-03 09:12:56,7,10,3,给分真的很好呀 浓浓的师生情hhhhh
24741,93,张泽银,2016-05-03 09:22:23,4,6,2,微二真心全程自学。。
24757,93,张泽银,2016-05-03 11:28:32,1,4,3,给分真的太有师生情了真的好老师
24759,93,张泽银,2016-05-03 11:43:47,-2,3,5,没考好，然而成绩给的可以接受
24958,93,张泽银,2016-05-04 12:51:59,0,2,2,还不错的其实，认真听，微积分主要靠自己
24964,93,张泽银,2016-05-04 13:30:16,2,3,1,银老开始算平时分了，哈哈哈。银老讲课前半个月速度慢，之后会越来越快，我会越来越云里雾里……
25248,93,张泽银,2016-05-09 02:20:02,2,5,3,给分好爆了
25818,93,张泽银,2016-06-09 07:07:35,2,4,2,给分分明不差，不要瞎黑，什么金银双杀就是被你们黑出来的
26104,93,张泽银,2016-06-15 17:30:13,4,4,0,没有师生情。。。。。啊啊啊啊
26923,93,张泽银,2016-06-21 15:25:19,-1,2,3,随缘给平时分
27336,93,张泽银,2016-06-25 02:52:02,0,2,2,微三上课神速。\n\n我只想说excuse me？？？！！！
27704,93,张泽银,2016-06-27 08:52:21,0,3,3,讲的略快，课后得下点功夫。不过口音听起来好亲切哈哈
28200,93,张泽银,2016-06-28 08:15:59,1,2,1,很棒的一个老师
28601,93,张泽银,2016-06-28 10:52:03,-1,1,2,有口音没错，不过讲的很好，ppt很好，可是给分……好吧是我没学好。
28808,93,张泽银,2016-06-28 15:55:10,1,1,0,讲挺好
29068,93,张泽银,2016-06-29 08:05:49,-1,1,2,没怎么听过课…
29267,93,张泽银,2016-06-29 13:55:04,3,4,1,老师挺好的
29412,93,张泽银,2016-06-29 17:36:07,0,1,1,很好！
30609,93,张泽银,2016-07-04 08:59:30,1,3,2,港真 银老从良了
31232,93,张泽银,2016-07-03 12:24:41,-1,0,1,方言真的听得很吃力 适合学霸选 学渣就算了
31602,93,张泽银,2016-07-04 09:03:09,0,2,2,有点口音，但是讲的还是很好的。微积分这种东西其实主要还是靠自学，老师并不是绩杀，给分还是非常厚道的。
31653,93,张泽银,2016-07-04 10:49:55,0,2,2,银老给分不坑的，考的一脸蒙逼的我竟然没挂！感谢！就是上课可能难以跟上节奏
31668,93,张泽银,2016-07-04 11:48:51,1,3,2,除了口音重 讲得有点快 其余真的是很好很好 好评
31672,93,张泽银,2016-07-04 12:09:49,-9,4,13,以后谁说张泽银是绩杀我打他。本来以为最多七八十分，结果4.8。而且老师课也讲的好，我就不跟别的老师比较了，但是认真听绝对有收获。
31723,93,张泽银,2016-07-04 15:31:36,-2,1,3,虽然有口音 但是听得懂 讲的也很细致 重要的是给分好 给分好 给分好！！！ 重要的事儿说三遍
32184,93,张泽银,2016-07-06 01:49:23,1,3,2,老师挺好的，虽然听不懂，但是很随和
32481,93,张泽银,2016-07-07 05:23:50,-1,1,2,老师有一点口音，不过这样的说话方式也有点萌
33273,93,张泽银,2016-09-17 09:04:11,2,2,0,还行吧 除了口音有点重
33409,93,张泽银,2017-01-20 04:09:26,0,5,5,哪里来的师生情？\n\n不是学霸千万别选 血的教训
33449,93,张泽银,2016-09-19 11:10:19,5,5,0,坐在后排，听不清。。。第一节课完全没听懂
33647,93,张泽银,2016-09-21 00:11:47,2,3,1,口音有点重，听起来不太习惯。
33687,93,张泽银,2016-09-21 04:35:48,130,146,16,在金银双侠之银侠的教导下、修成了中国方言10级并满绩
34039,93,张泽银,2016-09-26 03:55:01,2,4,2,为什么不能给0分，完全听不懂他嘴巴里讲的是什么
34157,93,张泽银,2016-11-09 01:34:36,0,4,4,非学神千万别选
35453,93,张泽银,2016-11-10 07:17:49,3,4,1,听有口音的老师上课是一种什么体验？？？\n\n全程自嗨加学霸嗨！\n\n我是听不懂他上课只能自学了…
35462,93,张泽银,2016-11-10 07:18:52,2,6,4,老师真的很可爱呀(〃ﾉωﾉ)毕竟年纪这么大了要让他改口音什么的也没道理吧？其实认真听还是听得懂的啊～作业什么的也很适量而且也很负责～整个上午的课也总会笑眯眯地上完(❀ฺ´∀`❀ฺ)ﾉ！就是很喜欢这种老年老师(*´∀`*)
35686,93,张泽银,2017-01-21 00:48:43,-1,3,4,有可爱的湖南口音。老师讲课真心不错，前提是你有好好预习，就很容易跟上老师的节奏。讲道理微积分得靠自己，这些老师都很优秀，也愿意解答问题。
35861,93,张泽银,2016-11-10 08:34:22,3,5,2,讲的挺好的吧。。。反正我听不懂。。。学渣瑟瑟发抖
35932,93,张泽银,2017-01-20 02:14:07,1,5,4,切不谈他有口音有口水，光是硬生生把我拉上60就说明他是个好老师。。听我的，选银老，不挂科！
35971,93,张泽银,2016-11-10 09:24:20,0,2,2,老师有口音，不过讲课很细致
36613,93,张泽银,2016-11-15 05:31:02,-3,1,4,挺好的老师
36772,93,张泽银,2016-11-16 03:12:48,1,3,2,很喜欢这个和自己名字很像的老师
37360,93,张泽银,2016-11-18 12:38:46,-3,4,7,老师好，认真学可满绩
38914,93,张泽银,2017-01-25 09:47:14,3,8,5,我要把他的分拉上来，下学期还是他的课，老师作业太少啦，助教改卷似乎太严了，自我感觉还可以的期末考竟然只有60分
39057,93,张泽银,2016-12-21 02:18:06,1,2,1,凭良心说，老师是在认真上课的。但是我还是听不懂。
39128,93,张泽银,2016-12-21 09:36:35,2,2,0,老师上课很有思想。经常讲有用的技巧
39225,93,张泽银,2016-12-21 15:53:28,1,2,1,是个负责的好老师，确有口音，但习惯就好。
40154,93,张泽银,2016-12-29 12:11:22,-1,1,2,感觉老师很牛，懂的很多，但是完全听不懂。。。默默地看他自嗨
40260,93,张泽银,2016-12-31 04:20:40,8,10,2,讲得太快。数学基础不好的千万别选，银老的思路实在跑得太快
40625,93,张泽银,2017-01-04 11:00:14,3,4,1,银老的课，其实也没传说中的那样不好，能学到很多，也能拓宽思路，虽然口音是有点那啥，到坐前排还是听得清的\n\n
40998,93,张泽银,2017-01-07 13:22:59,0,3,3,虽然翘了银老一般的课，但是感觉并不是很坑，水平在那，而且这学期很关心学生，开始送平时分了，哈哈哈
41395,93,张泽银,2017-01-11 08:42:31,4,4,0,老师是很认真负责啊，但是好像没什么卵用，不知道为什么我就没听懂过，听他讲就想走神，自己看书才能看进去，全程自学，最终还是把一本书啃下来了。
42071,93,张泽银,2017-01-13 13:46:32,2,2,0,张老师虽然有些口音 但课讲的非常好很细致
42479,93,张泽银,2017-01-14 09:24:00,63,69,6,银老开始算平时分了，期中考小测点名作业的分数写的很详细，就是小测会比较难，较其他老师分数还是会略低，但是他看我们第一次小测比较低，把所有人都拉到了3分以上（满分5分），点名的话只有一次，就是交纸条，，到了就算平时分5分，期中考试有改错的也会帮你加分。口音的话习惯了也还可以，很有自己的想法，讲题目从不用书上的方法，都是自己的思路，但是理解起来也会相对困难。课讲的很不错，但是过于偏好讲证明题，适合去教数分，对于工科生来说没有必要涉及过多证明，主要了解相关计算。非常和蔼，问问题会十分耐心的解答。
42550,93,张泽银,2017-01-14 12:22:19,4,6,2,如果你来自北方，绝大部分人不要相信评论里什么口音习惯就好的话，不可能习惯，听不懂就是听不懂。强迫自己听了一整学期的课，最后还是靠慕课过日子，真的苦。
42828,93,张泽银,2017-01-20 14:30:26,-5,3,8,讲课在说啥都不知道。完全没有平时分。差差差评
45684,93,张泽银,2017-01-20 02:44:29,0,2,2,蛮好的老师！微积分是我花时间最多的一门课，绩点没让我失望！！
45722,93,张泽银,2017-01-20 03:43:13,-2,5,7,好的吧。期末考砸了平时分会打高，赞
47053,93,张泽银,2017-01-23 11:53:29,2,4,2,口音比较重，声音轻了点。上课很有思维挑战性，喜欢讲证明题，常常有自己的独特解法，理解起来可能比较困难。
47457,93,张泽银,2017-01-27 01:01:54,6,7,1,老师其实很有水平，稍有口音，奈何自己上课总想打瞌睡，微积分没能达到自己的目标，只能怪自己平时上课走神
48588,93,张泽银,2020-02-21 04:50:46,-105,16,121,傻逼张泽银
48744,93,张泽银,2017-03-11 07:48:17,1,2,1,今年过年回家了吗我一个月饼节快乐
49263,93,张泽银,2017-03-31 11:31:25,-4,1,5,全看期末
50445,93,张泽银,2017-05-03 02:45:51,-4,3,7,只想说没有零分
51139,93,张泽银,2017-05-18 08:53:21,-2,2,4,呵呵呵
51201,93,张泽银,2017-05-24 03:52:53,4,5,1,很棒的老师，完全可以听得懂口音，尽管有点讲得飞快，但是认真就可以跟上的
51526,93,张泽银,2017-06-07 03:07:55,-11,2,13,56，不共戴天
51571,93,张泽银,2017-06-07 08:32:44,-3,3,6,银老很认真，口音太无奈，自学低空过，五分不能多
52585,93,张泽银,2017-06-21 08:08:53,7,9,2,讲的认真，就是和他交流的时候他不会很温柔
56742,93,张泽银,2017-07-04 13:29:24,4,5,1,银老真的超好呀！！
56746,93,张泽银,2017-07-04 13:41:17,14,14,0,老师真的不是绩杀，平时分都给满的，至于会挂的纯粹是考试考太差了，老师人很好，作业又少，不给10分都对不起内心
56748,93,张泽银,2017-07-04 13:50:52,5,7,2,老师讲课真的真的很用心 但是口音有点微妙 别信什么金银双杀 银老已经从良了！
56764,93,张泽银,2017-07-04 14:30:34,8,10,2,银老真的不是绩杀啊，有平时分，小测也很简单的，ppt和上课也都很好的，虽然有点口音，但是习惯了就好，真的，平时也不点名，现在真的是个好老师了！！！
56776,93,张泽银,2017-07-04 15:13:51,23,26,3,期末只有39分，最后总评60，虽然绩点是1.5，但好过挂科。怪自己没有好好学。平时分给的蛮高的了。
56785,93,张泽银,2017-07-04 15:37:26,14,15,1,银老已经不是绩杀了，感谢银老拯救了我的微二！
56794,93,张泽银,2017-07-04 15:43:50,13,15,2,谢银老不挂之恩！！真的不是绩杀，平时分满分强行让我及格
58122,93,张泽银,2017-08-02 23:42:13,2,3,1,我觉得很不错！
58198,93,张泽银,2017-08-20 04:04:38,3,4,1,银老自带萌感，虽然略带口音但是并非不能理解。微三讲的还是不错的，附带助教小哥哥的答疑并不很难理解（助教小哥哥甚帅甚白！！）老师课后也会耐心答疑。虽然考试结束班长问有没有平时分时老师十分严厉，但是结果看起来还是心软的加了不少的。为老师正个名！
58561,93,张泽银,2017-09-04 04:40:07,1,4,3,辟谣 绝对不是绩杀 给分超棒
58738,93,张泽银,2017-09-16 09:37:50,5,6,1,听不懂，但是我自己的问题，没能静下心来。期末考了六十多总评还是上了八十，平时分基本上是送给我们的。很不错的老师，但自己一定要好好学啊！
59295,93,张泽银,2017-09-20 13:58:14,3,4,1,老师人真的蛮好的~感觉很可爱啊
59542,93,张泽银,2017-09-22 11:05:48,3,4,1,好好好
59970,93,张泽银,2017-10-23 08:36:11,6,11,5,听不懂啊。。。问他个题总是说自己想去吧，跟你说了也没用。。。感觉我的微积分80%是靠自学的
60229,93,张泽银,2017-10-14 13:05:36,1,4,3,口音啊…第一排都听不清，内心崩溃
60710,93,张泽银,2017-10-27 09:30:58,2,4,2,老师超萌的
60865,93,张泽银,2017-10-31 16:02:23,-1,3,4,真的很好的老师。上课要认真听（也许因为口音吧）就会有收获，分数不好的怪不得老师吧。。
61287,93,张泽银,2017-11-13 15:35:48,0,3,3,唉唉唉
61959,93,张泽银,2017-11-22 07:29:40,0,3,3,挺好的。
63376,93,张泽银,2017-12-02 03:02:55,-4,0,4,r sh
64352,93,张泽银,2017-12-23 00:23:27,35,37,2,老师真的很好，听不懂的课后还可以去看他给ppt什么的，上课节奏还不错的，课前稍微预习一下，再加上课后复习就很容易掌握了。上课口水乱飞，不过不坐在第一排OK了，个人觉得很可爱，长得像水獭。。。
64606,93,张泽银,2017-12-25 13:28:56,13,17,4,这一个玩意哩
64827,93,张泽银,2017-12-27 09:12:03,5,7,2,很开心，张老师非常可爱！好喜欢他
65916,93,张泽银,2018-01-10 07:55:16,16,20,4,讲真，张泽银老师真的是好老师了，口音不重，听习惯了自带笑点，我都是坐在第二排，经常犯困，老师会偶尔幽默一下，真的超级可爱，老师思维很好，会教给你很多你没有看到的知识，有一次看到我座位旁边的同学玩手机，眼里满满的失落，真的是好老师了，平时没有很多作业，这学期老师没有小测，最后一次作业交了就好。有同学期中生病老师老师鼓励性的加了平时分。真的是良心老师。不相信传说中的金银双杀了。这么萌的老师！！！！！！！超喜欢。
68899,93,张泽银,2018-01-24 05:33:34,6,11,5,老师啊！！！！！我们人文的孩子真的是为了转专业努力地在学啊！！！成绩出来之前来哭一哭！！！！别让我挂了好吗老师！！！我真的尽力了555555555555555
72005,93,张泽银,2018-01-29 08:00:22,10,11,1,绩杀？假的！银老实在太好了期末低的离谱强行拉回及格线，上课讲的也很好只恨自己听的不认真，口音是有的但是可以克服，好好听课，遇上银老绝对不亏！！
72014,93,张泽银,2018-01-29 08:09:32,-8,8,16,我以为我要挂了，打开一看TMD3.9\n\n银老人真的很好，很朴实的老师，别说什么绩杀，不存在的，大家都很感激\n\n银老科研方面也是扛把子的哟? \n\n专注小波分析
72020,93,张泽银,2018-01-29 08:15:22,4,5,1,感谢银爷啊！！！\n\n谁说银爷不给平时分的啊，明明给满了好吗！！！\n\n及格了我是真的开心啊QwQ\n\n其实老师很负责的嘛，除了有口音不是很听得懂，但是认真听还是能听懂的嘛（自己不好好学习不能怪老师23333）\n\n祝银爷新年快乐～
72038,93,张泽银,2018-01-29 08:45:41,-11,4,15,hhhhhhhhhh万万没想到居然混到了4.2！\n\n绩点救星张老师
72056,93,张泽银,2018-01-29 09:08:19,11,12,1,考试对文科生极其友好\n\n而平常上课仿佛是在吊打文科生和普通话区长大的孩子们
72086,93,张泽银,2018-01-29 10:09:35,-2,0,2,非常好。老师人很好，讲的内容也非常充实，除了语速有点快进度有点快之外你几乎找不到问题。上课认真听绝对好。给分也非常好平时分能直接满。
72087,93,张泽银,2018-01-29 10:12:28,-20,5,25,虽然口音很厉害，听不懂，但是给分真的良心啊！！！平时分都给满了，期末爆炸活生生的4.5！感谢银老！
72099,93,张泽银,2018-01-29 10:37:34,2,4,2,非常好的老师，平时分给满，上课总会给扩展，有很多收获。就像老师说的，学微积分不仅是为了最后的成绩，也为了提升自己的数学思维！感谢张老师。
72238,93,张泽银,2018-01-29 15:19:07,-2,0,2,老师很好，讲的很好，就是听不清
72284,93,张泽银,2018-01-29 21:06:08,0,1,1,非常好
72381,93,张泽银,2018-01-30 04:16:53,2,4,2,不存在金银双杀了，现在老师给分超级好，评分也一直在涨！
73104,93,张泽银,2018-02-01 02:22:02,11,17,6,必须10分好评啊！平时分给满了！期末挂了都已经做好重修的打算了，居然最后没挂！真的不是绩杀啊老师超好人的！讲课也很好啊，重点是还没有小测！没有小测然后小测部分成绩直接给满！啊啊啊后悔微2没选他的课啊！！！好老师！！！
74485,93,张泽银,2018-02-28 08:01:05,-1,1,2,老师人不错，但是讲的快，不细致，对于我这种渣渣听不懂
74805,93,张泽银,2018-03-06 02:59:50,3,5,2,金银双杀？不存在的，选了他微2的同学们请好好听讲，银老绝对不负你们
75508,93,张泽银,2018-03-13 01:06:45,1,3,2,优秀啊
79416,93,张泽银,2018-06-04 04:09:35,11,15,4,其实老师上课还是挺认真的。不过微上老师是陈锦辉，微下是张老师，相比就肯定有点落差了。比如，一些基本概念讲得并不是很清(比如全微，连续，可偏，一阶偏导连续之间的关系那块只讲了几下就完了)。不过期中考卷会讲评，是一个很负责的老师。
79631,93,张泽银,2018-06-12 00:54:30,9,15,6,不太负责的老师，助教和一个极其负责的班长卜
80385,93,张泽银,2018-06-26 01:59:35,-1,0,1,真心为学生拉分，好老师。
80758,93,张泽银,2018-06-30 11:18:38,3,4,1,绝了呵呵
81078,93,张泽银,2018-07-03 14:56:02,-1,2,3,他点名了吗这学期?\n\n
82097,93,张泽银,2018-07-07 06:15:04,2,5,3,老师教的超级棒啊，上课的速度和难度还是很适合学霸们的！！！思路超级清晰，证明绝对严谨，关于本质等等的拓展也很多～而且稍微认真点听一定能跟上的，收获很多
83035,93,张泽银,2018-07-09 13:57:56,3,5,2,口音太重，全程自学，苦死我了
83245,93,张泽银,2018-07-10 03:29:02,4,6,2,出分慢的一批
83876,93,张泽银,2018-07-11 12:13:38,-23,3,26,从没听过课，最后满了，好开心
83920,93,张泽银,2018-07-11 13:54:14,4,6,2,卧槽 你期末分是不是给错了啊这么低
83933,93,张泽银,2018-07-11 14:17:46,-3,5,8,老师真的超好的，反正我说我爱他，出分慢是为了给大家调成绩，老师讲课也挺好的啊，认真听肯定会很好，平时分老师一定会给很好的，分数低怪自己考试没考好吧，怪不得老师，我爱他，我真的爱他，微一微二都是他，大爱张泽银！
84090,93,张泽银,2018-07-12 03:54:20,1,3,2,我期末40分？？？
85176,93,张泽银,2018-07-16 01:44:32,1,2,1,一般般吧，口音很迷
85437,93,张泽银,2018-07-18 00:46:56,-3,1,4,似乎现在已经不存在金杀银杀之说了？两位老师的课都上过，平时分都给满了所以还不错。但张老师的课根本没法听，还是自学吧。另外我们这学期只有一次小测，还有一次看期中订正。
86515,93,张泽银,2018-09-17 03:27:39,-17,2,19,表白中间偏左第三排一个穿黄格子衫女生
86665,93,张泽银,2018-09-18 01:59:25,0,1,1,挺不错
86881,93,张泽银,2018-09-19 06:56:13,7,7,0,感谢老师不挂之恩，需要一定自学能力，调分不会卡你除非太低
88134,93,张泽银,2018-10-23 01:59:03,3,4,1,很好的老师，别知道为什么评分不高
88292,93,张泽银,2018-10-27 06:47:09,5,5,0,张爷爷真可爱
88644,93,张泽银,2018-11-05 02:55:23,5,8,3,抓不住重点\n\n讲不清概念\n\n我还是自学
89112,93,张泽银,2018-11-16 01:18:58,4,7,3,期中试卷自己批？传说中的金银双杀又回来了？
89935,93,张泽银,2018-11-21 10:29:13,48,55,7,银爷助教金昌龙，据说是新的金银组合。【滑稽】
91887,93,张泽银,2018-12-24 10:18:52,6,8,2,老师人挺好的，助教也超好，一定要打10分！
92201,93,张泽银,2018-12-27 04:18:18,2,3,1,是个好老师，有点舍不得\n\n讲题方法丰富，注重思维能力
92363,93,张泽银,2018-12-28 04:20:18,4,5,1,很不错的老师，为什么评分只有8.7？
92427,93,张泽银,2018-12-28 13:36:54,11,11,0,我在字典里翻来翻去，最后只找到了“高深莫测”这个词来形容银角大王(ಡωಡ)
92444,93,张泽银,2018-12-29 01:31:51,5,5,0,金银无双，证明题讲得为主，还好鸭，真的。
92784,93,张泽银,2019-01-04 11:58:09,8,8,0,很敬业，很有自己的想法。
93014,93,张泽银,2019-01-07 01:58:38,-1,6,7,完全听不懂 老师自己走自己的\n\n口音也很迷 千万别选这个老师啊\n\n听说号称金银双煞 你们懂的\n\n我怕了
93317,93,张泽银,2019-01-09 03:49:19,2,5,3,emmmm偶尔老师的金句还是不错，讲概念还是很细的，大部分都是很容易理解的，偶尔证明题爱跑偏，其实这个听不听就无所谓啦，不过助教真不错！！！
94081,93,张泽银,2019-01-15 06:48:33,3,5,2,超级棒的老师，讲的内容独一无二!绝对对数学思维提高有很大帮助!助教真的是太好了，学这个微积分只觉得一个学期太短，舍不得银爷，舍不得助教kkkk
94710,93,张泽银,2019-01-18 02:44:03,1,4,3,银爷爷很可爱！超级喜欢他！如果考不好是自己的原因，不会想怪爷爷
95369,93,张泽银,2019-01-19 09:23:29,4,6,2,虽然都听不懂老师在讲什么\n\n但是真的好喜欢老师哦老师超级可爱的啦\n\n对学生也很好只是讲课太快了啦\n\n要很认真才能跟得上\n\n但是真的好喜欢老师哦
95803,93,张泽银,2019-01-20 05:28:35,8,12,4,银老太可爱了呜呜呜，考完试收卷的时候站在讲台上笑眯眯地看着，我对他笑了一下他还特别可爱地对我眨了眨眼【会心一击】认真评一下，口音是一个问题，不过一周内完全可以适应；讲题（尤其是证明题）非常不错，讲概念略弱有点讲不清，建议自己下去再钻研一下。适合比较数学功底比较好的学生，对提高自己很有帮助，如果基础不太好的话上课可能听着听着就突然不懂了…最后表白微甲B班，在这种流动性很大的课里面这个班真的非常温暖啊♡（助教打中原题nb！！
95953,93,张泽银,2019-01-20 09:24:55,7,9,2,准备很充分，有自己的东西，上课不是抄书，但是有点高深，表述也不是很直白，喜欢用术语，不适合数学不是很好的人上，但也不是传说的绩杀。助教比较捞，讲题目就是抄答案，然后看大家不错就不讲，没有自己的东西，搞的例题有同学做出来也不讲，做不出来就抄答案，但是平时分给的很好。
96411,93,张泽银,2019-01-21 02:34:53,10,15,5,根本就没有绩杀了。我微积分甲期末卷面满分。老师很好，水平很高
98398,93,张泽银,2019-01-23 11:58:23,8,9,1,啥时候出分啊啊啊啊啊啊啊啊啊啊啊啊啊啊，来个痛快点的吧银老
99279,93,张泽银,2019-01-24 14:12:58,-5,4,9,虽然期中考考了他没讲的题，不过银老亲自改卷，写不出来只扣一分。很棒。
99285,93,张泽银,2019-01-24 14:17:18,3,6,3,总体来说还不错，但是银爷的课需要一定的数学基础，扩展的内容很多。上课容易跟不上，给分一般吧，不高不低。如果数学基础不好的话不推荐他的课。
99309,93,张泽银,2019-01-24 14:35:29,-3,3,6,蛮好的
99311,93,张泽银,2019-01-24 14:38:02,-18,5,23,力挺张老师！期末爆炸依旧4.6！
99315,93,张泽银,2019-01-24 14:46:20,0,5,5,老师上课补充的知识点挺多的，但是对于我这种学渣来说也听不懂。感觉老师很可爱，助教也还行。最后出成绩出的比较慢，而且让我好难受。都说老师给分不错，但是。。可能是我太菜，室友是别的老师的课，整天课不去上作业抄答案，期中期末考的都没我好，最后绩点都比我高，真的心塞。平心而论，除了成绩老师还是挺好的，谢谢老师教我微积分一。
99327,93,张泽银,2019-01-24 14:53:20,3,7,4,银老挺可爱的，口音是萌点啊！银老授课不仅有书上的内容，还有一些拓展补充的。上他的课（如果能认真学习的话）可以说不仅是在完成培养方案要求，更是培养数学思维和能力。在微甲B班里真的很幸福，大家都超有爱，高冷班长x傲娇副班我吃了一学期！！
99375,93,张泽银,2019-01-24 15:40:36,9,11,2,不是大佬还是算了吧\n\n
99479,93,张泽银,2019-01-25 00:38:04,0,6,6,呃。。楼下评的一定都很厉害，不调分平时分也不给满的老师，你们吹的那么狠，你们真厉害，我算了
99549,93,张泽银,2019-01-25 02:40:29,6,10,4,绩杀 逻辑体系一般
99799,93,张泽银,2019-01-25 07:43:31,2,4,2,被卡绩  难受
99965,93,张泽银,2019-01-25 11:04:47,-19,12,31,吹爆张老师，上大学以来第一门满绩?\n\n老师真的会补充很多很优秀的数学知识，他的思维真的超级棒，能够选上他的课是莫大的幸运，谢谢张老师，张老师新年快乐吖
100698,93,张泽银,2019-01-26 14:53:58,9,10,1,只能说教的不错，但并不是适合每一个人。
102415,93,张泽银,2019-02-01 15:43:29,2,5,3,特别慈祥可爱的老爷爷。第一节课可能不太习惯，但是之后就特别好。期末考试我对分数有点疑问，他还特意打电话来给我说明，太感动了
102903,93,张泽银,2019-02-25 02:09:06,-2,4,6,口音真的听不懂，绩杀是真的，能不选尽量别选了
103488,93,张泽银,2019-02-28 11:38:50,1,5,4,4.2挺满意的
104321,93,张泽银,2019-03-18 01:41:54,4,8,4,虽然预置的是9.8+的老师，但开学两周还是又回到了银老的班，适合自己的终归还是最好的吧，银老的课真的适合基础更好的同学。（看见对面教室人山人海银老这里坐不满一半我好难过QwQ）
105295,93,张泽银,2019-04-09 09:47:49,1,3,2,挺好的，挺好的
105812,93,张泽银,2019-04-21 05:50:48,-1,2,3,老师讲得很好，就是有一点口音，不过给分真的实事求是的，不会调分的，自己努力吧！
107331,93,张泽银,2019-05-04 02:45:31,3,6,3,强推!不多说，上了就知道有多好了!一辈子收益银老给打断数学基础。其他9.8几点老师都不如他!
107474,93,张泽银,2019-05-05 12:45:22,1,4,3,上的上学期的微甲1。其实银老真的超好的！口音是有一点但是上课很认真仔细啊啊啊啊啊。期中期末考卷甚至都是自己披的，很亲切啊。还有强推助教小哥哥超可爱超好
109422,93,张泽银,2019-06-14 07:35:54,4,5,1,去年上的，感觉挺好的
111600,93,张泽银,2019-07-02 06:02:31,2,4,2,银老真好，已被纳入粉丝团
112334,93,张泽银,2019-07-04 02:00:10,0,2,2,有自己的风格
112420,93,张泽银,2019-07-04 05:20:18,13,14,1,怎么说，客观的来讲，不适合当老师，比较适合去做研究
120886,93,张泽银,2020-01-18 08:48:24,7,10,3,可爱的老爷子，笑得跟孩子一样。真心赞，各种延伸拓展，证明杨氏不等式etc\n\n上课课本几乎无用\n\n常听不懂（个人原因，即菜）\n\n期末58平时96总评77，3.3\n\n硬是选了微甲，被捞来还愿啦\n\n祝银角大王新年快乐
120931,93,张泽银,2020-01-18 23:42:42,1,3,2,认真听，老师思维很好的，能学到很多东西。考试还是看自己的，平时分全给满的。
121096,93,张泽银,2020-01-19 14:45:02,7,9,2,[微积分（甲）I] 讲课情况：9/10；给分情况：10/10；\n\n1. 老师上课水平还是很高的，会拓展很多内容，比如去年和前年期末考察到的Hadamard不等式， Young不等式等等银爷上课都会涉及到。但是对于数学基础不太好的同学可能不太友好。并且银爷的课会涉及到很多数学思想上的内容。如果您想要真正学好这一门课，欢迎选择银爷。\n\n2. 老师非常厚道。举个例子，期中考试之后老师甚至会画上一节课讲评卷子，并且会发下原卷，如果有地方批错了可以找他改，而且，期中考试卷子是自己批的！！亲测过程分给的超多，给分真的很厚道。\n\n3. 老师会给很多资料，比如文印店买不到的历年题什么的。\n\n4. 给分主要看助教，我们今年的助教姐姐真的超好鸭。\n\n5. 老师给分还是很透明公正的，最后一节课会督促找助教核对平时分，也提前说了不会等到期末考完再调整平时分。\n\n6. 方言完全不是问题，我是北方人，完美适应银爷的语言～
121290,93,张泽银,2019-12-23 11:58:26,2,3,1,有一说一，银老上课还是比较有趣的，语速较快有些口音，如果你是个能认真听讲的人，那么这个老师很好，他会拓展很多东西，是真正的学者
122616,93,张泽银,2020-03-09 01:38:31,5,8,3,唉怪我太渣，不配听懂他的课
125312,93,张泽银,2020-09-06 09:19:55,2,4,2,讲课讲的很好，他会在上课时拓展不少东西。这些拓展部分你没有听懂也不会有什么大问题，只要学好课本，知道那些积分怎么用怎么计算就可以了。\n\n助教和老师还是很不错的，问他们问题也基本都会回答（虽然可能要过不少时间）。
126254,93,张泽银,2020-09-21 03:40:23,9,15,6,口音奇特，语速奇快。越讲到重要的地方嘴巴动得越快，到最后你只能听到“很漂亮”三个字。合着他讲课的目的是为了让我听不清？？？自求多福吧
126438,93,张泽银,2020-09-27 01:38:40,90,91,1,狩猎狩猎的子狩猎还是狩猎狩猎
126687,93,张泽银,2020-10-14 01:01:13,8,10,2,上了半个学期才发现他手里拿了把剑...
127325,93,张泽银,2020-11-20 05:20:32,-2,1,3,说实话，挺好的
127362,93,张泽银,2020-11-21 08:03:20,2,6,4,我超喜欢他的，想继续选他的微积分
128575,93,张泽银,2020-12-24 05:33:13,6,7,1,不多说，反正很好，很可爱的老头子☺️
129080,93,张泽银,2020-12-30 01:31:16,26,27,1,我是傻逼
129605,93,张泽银,2021-01-08 11:41:41,5,5,0,超棒的老师，虽然有难度，但是认真去听的话，能够感受到他对数学的热爱，你也会感觉到数学的魅力！！
129701,93,张泽银,2021-01-11 05:07:32,5,5,0,老师是真的好，上课会拓展很多东西，就是一点不好：一讲到重点语速就比较快，不注意听的话听不懂
130538,93,张泽银,2021-01-23 14:03:17,0,2,2,非常有学问的老师，会补充很多知识，体系也介绍得很完整，认真听会有很多收获的。助教xgg给分很好！
130585,93,张泽银,2021-01-24 01:15:54,0,2,2,好老师，讲课很有深度，对学生很用心
130704,93,张泽银,2021-01-24 10:14:18,12,13,1,老师很好的呀，认真听就会有收获，虽然老师有时候语速略快。莫名觉得老师很可爱哈哈，助教小哥哥人也超好，平时分一般都会给满的
131025,93,张泽银,2021-01-25 14:53:51,16,16,0,过了过了，微积分终于过了，感谢张老师的谆谆教诲，感谢助教小哥哥的捞（话说助教xgg还挺帅的，身材也好的……等等我在说些什么……
131276,93,张泽银,2021-01-27 02:40:01,0,2,2,除了有时口音听不懂，其他都很好
132338,93,张泽银,2021-02-01 00:49:29,1,1,0,银老师的课，我个人是挺喜欢的。说几个点。\n\n①口音和语速。这个在有点困意的时候是特别折磨人的，而且语速是70%快突然又30%慢。不过如果能跟上内容的话，影响不大。\n\n②授课方式。往坏了说是枯燥，往好了说是简洁，没有拖泥带水。\n\n③解惑。老师的态度真的非常和蔼可亲，解答疑惑都是笑着的，很简单的问题也会笑着回答你。\n\n④作业。作业是算多的，但是因此不需要再去做微积分的mooc内容。而且就我个人而言，这样的作业量使得我在期中考期末考基本不需要怎么复习。（不过平常会一边骂一边做作业）\n\n然后今年的助教xgg特别好，“我从你们的作业本体会出了你们深深的倔强”，幽默风趣。不过他不再担任助教了。
133991,93,张泽银,2021-03-11 11:52:27,3,5,2,银爷水平还是很高的，经常用不超纲的内容证明一些定理，真的会有收获。虽然我上课爷容易被催眠，但是每次看智云课堂都会感叹老师的一些证明过程。口音的话，习惯了其实觉得也还好。
135006,93,张泽银,2021-04-26 12:10:27,6,7,1,超厉害的老师！努力跟上老师思路就会发现一个新世界
135406,93,张泽银,2021-05-10 02:48:48,6,10,4,10分\n\n1、不点名，事少，作业量应该不算很大\n\n2、非常佛系，小测、平时分、期中成绩全部由助教负责，不限制助教打高分。\n\n3、不捞人，如果被捞了那是助教捞的
136461,93,张泽银,2021-06-18 07:16:58,-1,2,3,不错的老师
136773,93,张泽银,2021-06-24 08:11:12,3,3,0,好老师，认真听真的有收获
137442,93,张泽银,2021-07-04 07:33:35,3,5,2,助教尹冠杰是我见过最尽职尽责、关心学生的助教，吹爆冠杰哥！！！
138947,93,张泽银,2021-07-12 02:25:32,1,2,1,银爷还是强
139409,93,张泽银,2021-07-15 08:25:03,1,2,1,确实不捞人，不过也很棒了，每章习题课的PPT很有价值，做一做收获很大
139722,93,张泽银,2021-07-21 08:24:07,4,6,2,思路超级清晰 不拖泥带水，鞭辟入里，作业良心，为你期末节省下补天时间！助教xgg又帅又负责，关怀备至！\n\n还在等什么，赶快选吧！
140437,93,张泽银,2021-09-11 11:46:44,3,3,0,给分很好
140472,93,张泽银,2021-09-13 01:48:44,4,4,0,很可爱的老师
141235,93,张泽银,2021-09-27 04:04:42,2,4,2,听不懂
141450,93,张泽银,2021-10-09 09:48:41,12,14,2,助教xgg超级好，人又帅又可爱！
143682,93,张泽银,2021-12-01 13:41:55,2,3,1,银老讲题目的很多方法还是不错的，而且有时会专门去讲一节课的题目
144397,93,张泽银,2021-12-21 10:46:09,1,3,2,老师讲课的节奏很好，有深度，有普适度，适合有专注力的同学。但需要仔细适应老师的语言特点
144425,93,张泽银,2021-12-21 12:36:42,-1,2,3,赞银老
144861,93,张泽银,2021-12-25 08:56:08,0,2,2,一听口语就是老乡，只是我听不懂他的课罢了。
145038,93,张泽银,2021-12-27 02:46:38,7,7,0,银爷真的很不错，助教也赞赞赞
145182,93,张泽银,2022-01-05 10:01:44,7,8,1,老师真的很厉害，而且教学很用心，讲义有时候用手写的笔记，收获很大！但是其实很多证明题都有点难度，我没有全部听懂，特别是刚开始上微积分的时候。不过学弟学妹们不用担心，张老师只是喜欢拓展，很想要把自己的思维全部展现给我们，考试不会考这么难的！然后也表扬一下非常耐心的助教zzx！
145414,93,张泽银,2021-12-29 12:39:09,10,10,0,郑贤泽我滴超人
146576,93,张泽银,2022-01-07 03:22:10,4,6,2,蟹煲！！希望vjf2还是这个助教
146587,93,张泽银,2022-01-07 03:54:09,3,4,1,很好的老师，学到了很多
146748,93,张泽银,2022-01-07 10:12:45,8,8,0,张老师事少，讲的好。助教蟹煲又帅又可爱。呜呜呜，蟹煲，我的蟹煲
146830,93,张泽银,2022-01-07 14:13:52,6,7,1,助教助教助教(*•̀ᴗ•́*)و ̑̑
146930,93,张泽银,2022-01-08 05:44:35,23,28,5,这是一门关于“狩猎”与“头型”的课
147426,93,张泽银,2022-01-10 03:17:57,-4,5,9,坑爹啊
147450,93,张泽银,2022-01-10 04:25:18,2,3,1,老师很好，证明严谨，有逻辑，虽然对于解题效果不大，但对数学思维能力培养还是很好的！
147453,93,张泽银,2022-01-10 04:30:16,-2,2,4,给分不错
147454,93,张泽银,2022-01-10 04:30:14,-1,2,3,给分不错
147523,93,张泽银,2022-01-10 06:40:32,4,6,2,我挺推荐银爷的课的，特别是对于数学基础可以的同学，数学基础不行的同学可能听课会有一些吃力，可能需要更多的时间下来琢磨……\n\n银爷不仅会把书上的定理或者结论一些需要注意的地方讲清楚，还会会讲一些微甲书上没有的知识（可能是数分内容？）或者书里没有挑明但做题会用到的技巧。放心他拓展的内容也决不至于理解不了，相反有时候还很有用。我个人也觉得他语速比较快，不过可以去拷他的pdf下来看，是能学到一些真东西的。\n\n至于分数，我不太清楚捞不捞人，因为一方面我成绩比较偏上，另一方面这个也还要看助教。\n\n总之，要是你对这门课有那么一些兴趣，很推荐银爷的课。
147544,93,张泽银,2022-01-10 08:03:11,11,11,0,3.9，被卡绩了，不过老师蛮可爱的，表白助教蟹煲♬︎*(๑ºั╰︎╯︎ºั๑)♡︎
147546,93,张泽银,2022-01-10 08:06:35,5,7,2,蟹煲🤤我的蟹煲🤤🤤🤤
147615,93,张泽银,2022-01-10 09:56:21,-21,5,26,人很好，从不点名，虽然上课有些口齿不清，听不太清楚在讲什么，但是总体讲课还是很ok的。给分的话就不清楚了，毕竟拿了4.8，也不清楚低分段的给分如何。
148382,93,张泽银,2022-01-12 09:53:23,10,10,0,我超级喜欢！还有猪脚哥哥
149011,93,张泽银,2022-01-14 06:39:49,-5,2,7,口音杀！！！
149429,93,张泽银,2022-01-15 10:01:42,8,11,3,银爷，水平是真的挺高的，讲课的思路也很清晰，讲课速度也很正常（据了解应该比许多老师都慢但是不影响进度，反而让学生掌握的扎实）虽然好多时候讲的真心偏难了，数学基础不太好有时听的会吃力，但是认真记下来或者研读银爷给的自己写的pdf，课后自己消化消化，能收获的还是蛮多的。\n\n至于口音，感觉影响不大，听课还是没什么障碍的。\n\n另外，银爷对同学提问都当面解答的挺耐心的，和蔼的老先生(*^ω^*)\n\n希望以后银爷出分能快点hhh（\n\n以及希望下学期微甲2赐我满绩（
150983,93,张泽银,2022-02-21 13:53:28,5,5,0,医学院大四学生，大一时候银爷的微积分甲，绩点还行，大四补完下册，感觉口音需要2周左右适应，智云课堂用的是李将云老师的课复习了大一的微积分和预习了下册的微积分下，再上银爷的课（明确告诉大家，除了口音没太多差别，讲得都很清晰，银爷扩展很多，李将云老师详尽易于理解），感觉很温馨，微积分甲2这个学期不管绩点能多少，对银爷真的是爱了！！！绝对好老师！
151014,93,张泽银,2022-02-22 02:56:01,3,7,4,好老师，没有理由，就是好老师！
152149,93,张泽银,2022-03-29 01:57:54,-22,3,25,给分差，1分都不想给
152324,93,张泽银,2022-04-04 06:34:24,-11,4,15,上课没人听，猪脚坑死人
153774,93,张泽银,2022-05-10 13:21:22,-29,4,33,助教只能用傻逼来形容了
153988,93,张泽银,2022-05-18 12:37:32,4,5,1,银爷人也太好了叭
154609,93,张泽银,2022-06-02 12:16:07,2,3,1,张老师怎么说呢，刚开始对他的口音有点不适应，但之后上课肯定是没问题的，人也挺好的，微积分还是一部分靠自学的
155957,93,张泽银,2022-06-16 20:03:36,5,5,0,怎么说呢，一个学期没怎么上过课，全靠自学，不过老师很佛，也不会说人来的很少就点名什么的，可能是见怪不怪了吧。如果有机会还是想好好上一次课（以及助教好求是，我要挂了呜呜呜呜）
156038,93,张泽银,2022-06-17 07:59:14,13,18,5,上了银爷两学期课了，具体说说吧。银爷水平很高，上课偏难，如果仅仅是面向考试，银爷的课很多内容是超出的，都是银爷上课讲的方法都很有用，跟书本不一样。还有就是口音，其实习惯了就好，我一年课下来已经习惯的不能再习惯了哈哈，适应确实需要过程，但是银爷口音没有严重到完全不能听懂。最后就是给分，银爷不点名，5分直接给了，小测跟作业看助教。还有就是银爷不调分，会捞。最后银爷人是真的很好，上课其实是蛮风趣的，并不无聊。十分，我永远会记住可爱的银爷，记住在他这里得到的4.5和4.8
156277,93,张泽银,2022-06-18 15:52:42,26,29,3,优点是给分很好，真的很好！！很多老师都有慕课要求和点名要求，张老师没有。教室里人少得可怜张老师也不管，认真讲好他自己的课，答疑的时候也很耐心，以及讲课有些时候会很细节，帮助拓宽知识点。\n\n缺点是可能会有同学不适应他的口音，以及他和助教给分太好了，给分好到你甚至会因此懈怠了对微积分的学习，会时常抱着“助教和老师会来捞我的”这种想法，上课不去，习题课不去，甚至作业都是抄的。然后在期中期末的时候，你会惊讶的发现你考得和**一样。这一切都是你自己的问题，和老师没有半毛钱关系。\n\n听课不懂可以去别的老师教室听，可以去找别的学习资料，没必要懈怠了两学期后再来跪着求助教和张老师捞到及格，我真的无法理解。
157211,93,张泽银,2022-06-22 10:05:45,2,6,4,没咋去听过课纯自学，作业最后几次没交，期末也没咋复习，还好平时测验和期中还不错，老师给分真不错，点赞
157224,93,张泽银,2022-06-22 12:21:19,9,10,1,师强我菜
157520,93,张泽银,2022-06-23 14:40:57,0,3,3,谢谢张老师！谢谢徐修远助教！
159938,93,张泽银,2022-09-09 09:11:44,9,9,0,好老师，但是口音我是真的听不懂
161011,93,张泽银,2022-10-23 16:27:48,6,7,1,跟不上老师，可能是我太菜了
161705,93,张泽银,2022-11-11 00:54:14,5,5,0,虽然有口音但讲的超棒
162462,93,张泽银,2022-11-23 02:17:35,6,7,1,老师上课很认真，总体来说可以把懂的人讲懂，不懂的人讲不懂。他的话语可以治疗世间一切的失眠，所以给10分。微积分还是要靠练习的，不做题就是不熟练，所以好好完成作业是很有必要的。
163202,93,张泽银,2022-12-09 14:46:42,7,8,1,大二🐶，想念银爷，回来打个10分
163460,93,张泽银,2022-12-14 11:22:38,18,21,3,银爷爷人很好，很慈祥，非常负责。22年下半年紫金港封住了，有阳性，我们都被封在寝室里。银爷爷明知道进校就要三天核酸阴性才能出校，还是义无反顾进校了。一个人在教室里给我们上课。真的很感动……\n\n但是我没听过课……因为听不懂，各种意义上的听不懂。不过教会了我自学(^_^)
164137,93,张泽银,2022-12-18 10:18:18,3,4,1,不点名 轻微口音 偏难 但很有收获！
164513,93,张泽银,2022-12-21 11:18:21,3,5,2,给老师一个10分，老师很用心，很慈祥\n\n唯一缺点是口音，我怎么都听不懂，终究只能自学了
164676,93,张泽银,2022-12-23 06:25:52,19,20,1,刚才定义的写吻合的是企业线，直观非常好理解啊，所以呢他的主题就是说的主要部分出来以后，那不就是说的微微量微量员啊，威虎查得到以后，那么他的整个长度就是定级分了。\n\n那么这个dx的就会选择去掉了，那么这就是所谓的胡床的唯一分公司，还记得吧呃，就这样来的啊，那胡超的微博就是这样的形式，我们那是技术的用浅显来代替的啊。（提示：弧长，微分，切线）\n\n两段智云课堂说清楚口音问题，能听懂的。不过智云两倍速听起来确实爽，不存在犯困的问题。\n\n点名问题，有同学会跑去别的老师课堂听课，毫无关系。\n\n就凭老师对着空教室激情四射（疫情期间）就该给10分好吧
165641,93,张泽银,2023-01-09 05:48:28,1,2,1,老师人挺负责的 虽然有点口音。学不会是我太菜
166222,93,张泽银,2023-01-11 12:52:26,1,2,1,老师课上得很好也真的很负责（改线上也永远到教室上课，都看智云真的负责！），口音有一点重但还是能适应的，会有一些课外拓展的东西以及定理证明讲的会比较多，比较推荐数学基础较好一点的同学学。
169070,93,张泽银,2023-02-24 07:55:28,3,4,1,老师我是真的爱，口音除外，上课节奏很棒，讲解透彻，给了我很多启示啊啊啊啊啊\n\n，而且还会提前下课，银爷真的不错
169084,93,张泽银,2023-02-24 08:44:52,2,3,1,老师超好～给分超好～很很捞了本人。老师很认真负责，他爱数学，也爱他的学生!
169170,93,张泽银,2023-02-24 13:47:56,4,4,0,感受得到老师对数学的热爱～～
169392,93,张泽银,2023-02-26 02:10:19,3,4,1,湖北人表示，口音很亲切
169468,93,张泽银,2023-02-26 10:36:18,-6,3,9,不回消息。不捞人。
169521,93,张泽银,2023-02-26 15:20:24,4,6,2,不点名 上课炒鸡认真 给分好 狠狠点了 （口音也不是很重 但银爷有时候不会用麦克风是有点难受听不见）
169975,93,张泽银,2023-03-01 00:31:38,-4,3,7,钉钉已读不回，上课口音实在听不懂。
169997,93,张泽银,2023-03-01 02:49:32,4,5,1,讲得很不错，口音很好玩😂
169998,93,张泽银,2023-03-01 02:50:50,4,5,1,不适合我这种渣渣，但是给分很好，老爷子很有思想
170462,93,张泽银,2023-03-05 06:37:06,1,5,4,口音很重，听不住后半程基本就自学vjf了，慎选，但是远远不点名，而且银爷很和蔼很有意思，网课期间还专门进学校来说教室更有上课的feel
174663,93,张泽银,2023-06-15 07:18:58,5,5,0,大一微积分一二都是张老师教的，总结就是老师很棒，讲课很好。\n\n刚开始的时候觉得老师有口音可能有些不清楚，但是慢慢就习惯了，也能听懂。\n\n考试前还会分析历年卷，老师也很有趣，有时候同学去问问题，老师很有趣地大笑着的回复。
174670,93,张泽银,2023-06-15 11:17:22,13,13,0,不点名，讲得好，快冲！
174674,93,张泽银,2023-06-15 11:25:39,17,17,0,张老师非常敬业，就算教室只有三成的学生也会认真讲，从不点名
175028,93,张泽银,2023-06-21 06:59:47,5,6,1,老师从不点名，口音有点重，但讲课认真，最后，xyf助教炒鸡能捞
175312,93,张泽银,2023-06-23 14:39:38,2,4,2,好老师，不点名，就是口音太重
176281,93,张泽银,2023-06-28 08:34:54,24,26,2,上了一年银爷的微积分，感觉老师很和蔼、很好，不管在教学的内容上还是对待教学的态度上。\n\n在去年疫情的时候，银爷每节课都去线下对着空空的教室上课，挺感动的。银爷教学的难度可能会偏难，经常拓展一些课外的内容，虽然有些对考试用处不是很大，把他当作拓展性知识就好，基础知识点的讲解还算听清晰的，有些时候会讲的比较快，走神了会听不懂。银爷说话有点口音，但是一般来说适应个一两星期或者更短就能习惯了，听到后来甚至非常习惯、亲切（？）上课用的ppt，在学在浙大上全都有，课堂笔记没跟上或者课后想重新看看还是很方便的。平时分银爷全部交给助教，在自己上课的时候也从来不点名。微2的教室里可能经常只有二三十个人，但银爷也从来不点名。事情也不多，不用做慕课。跟上银爷的上课，最后会挺有收获的。
176422,93,张泽银,2023-06-29 01:33:21,5,6,1,微积分甲二，不点名，助教捞，没怎么认真学，低空飞过。上课跟住还是能学好的。
177233,93,张泽银,2023-07-02 10:54:45,7,10,3,老师讲课很好，问题目也会很耐心回答。老师毕竟年纪大了，从来不用钉钉，一般邮件沟通回复超级快
179796,93,张泽银,2023-09-20 00:54:48,2,9,7,上课完全听不懂他在讲什么（口齿不清楚，逻辑太过跳跃），课后自学反而自己弄懂了
180827,93,张泽银,2023-09-27 03:47:33,-9,4,13,史史史
180899,93,张泽银,2023-09-28 03:18:49,2,4,2,需要自己课后自习，老师讲的比较高深（我是菜鸡）
182134,93,张泽银,2023-11-10 12:41:44,41,43,2,这个肿么办妮？把狩猎头型画出来。一个小鳄鱼两个小鳄鱼好多小鳄鱼……
184015,93,张泽银,2023-12-06 07:34:36,6,7,1,从来不点名！！！人很和蔼，就是可能说话有点听不清如果数学不是很好的话，文科生上起来是有点难度的呜呜呜呜。以及助教xyfxgg人很好
184048,93,张泽银,2023-12-07 08:50:34,3,5,2,和蔼老头子一枚，上课不点名。虽然本人为大一新生，微积分能力也不是很强，但是上张老师的课真的很开心。也许最开始会因为口音重听不大明白，但是后面习惯了就好了。上课认真听是能听明白的。反正我这辈子估计忘不了小鳄鱼了哈哈哈。
184222,93,张泽银,2023-12-13 10:04:05,3,4,1,老师真的备课很认真
185177,93,张泽银,2023-12-27 02:46:40,7,8,1,老师很好，很幽默，字有点小，建议大家坐前排
185992,93,张泽银,2024-01-07 08:04:03,1,3,2,很不错的老师，个人感觉口音没有说的那么离谱，完全能听懂。
186842,93,张泽银,2024-01-13 08:34:28,0,2,2,xyfxgg特别特别好！！ ！zzy老师也特别和蔼，但是笨人文科生听不懂qwq，大佬们放心选，but会有口音，不管怎么样xyfxgg特别特别好！ ！！
187620,93,张泽银,2024-01-17 01:16:37,9,12,3,第一次被卡绩，我恨啊(⋋▂⋌)\n\n期末考拉满，还是3.9\n\n上课口音重我忍了，不做第1排看他嘴就行。\n\n小测巨tm难，我室友的小测全是选择题，就我小测拿一半
187672,93,张泽银,2024-01-17 05:01:05,4,4,0,平时分我已经努力拉的很高了，可期末就是一点不捞，上课还有口音，小测还贼难，其他学生都是选择题，会绩杀，不捞人，上课口音重，不大能听懂
187835,93,张泽银,2024-01-17 14:21:08,3,4,1,卡绩了
188047,93,张泽银,2024-01-18 05:28:23,3,3,0,冲他不点名就值得10.老师其实讲的挺好的
189210,93,张泽银,2024-01-22 10:42:16,0,2,2,不点名，所以可以完全自学
189409,93,张泽银,2024-01-24 03:23:48,1,1,0,老师讲课很好，很丰富，不过口音听不懂的话还是建议不要选
189521,93,张泽银,2024-01-25 07:45:59,2,3,1,老师讲得挺好，口音重
190217,93,张泽银,2024-02-26 04:12:14,4,7,3,很好的老师\n\n口音没有传言那么重 基本知识讲的挺好的\n\n上课会拓展一些（我太菜了听不懂呜呜）
190647,93,张泽银,2024-03-13 04:14:27,1,2,1,nnn
191213,93,张泽银,2024-04-12 05:08:27,1,4,3,口音其实还好，听两次课就能听懂了（可能因为我是南方人从小听惯了不标准的普通话）上课内容很好，讲得很细，非常好老师
191816,93,张泽银,2024-04-30 14:40:21,2,4,2,老师很好，就是助教行一凡小测出太难，改卷太严，最后卡绩绩杀
192678,93,张泽银,2024-05-27 13:44:52,8,9,1,感觉是我进入大学印象最深的一名老师之一了！给人的感觉就是很单纯地爱数学的样子，让我觉得有点可爱，而且我还挺喜欢他口音的其实
193284,93,张泽银,2024-06-05 15:43:26,0,2,2,口音很重，讲课念PPT，评价为中规中矩
193474,93,张泽银,2024-06-11 09:03:32,10,11,1,微甲二助教chp，亲爹级别的助教，老师又是极其信任助教的人\n\n我相信不会有人比这个班拥有更佳的微甲二体验了！！
195335,93,张泽银,2024-06-27 18:24:22,7,8,1,老师挺好的，就是上课确实有口音，我就看着到教室的人越来越少，后面的课大概到课率就1/3。今年微甲II的助教gg也很好，虽然助教gg说会捞人的，但是分数依旧……不是很好看。明明学的已经很认真了，难过。
195337,93,张泽银,2024-06-27 18:52:45,4,5,1,chp猪脚真的好好，跟亲哥一样，对我们很细心，v甲二比v甲一还高了0.6，张老师有一点口音，听着不习惯，但好好看PPT复习就行了
195407,93,张泽银,2024-06-28 03:34:40,0,3,3,上课不点名，后面几周的课来的人很少。\n\n可能也因为自己能力问题，期末分……是真的有亿点低呢
195410,93,张泽银,2024-06-28 03:45:35,2,3,1,本人作业满分，小测一次99一次100，按照期中期末卷面成绩加权算出来的总评还比他给的高两分，有点伤心，老师讲课挺难的，会在武汉方言里面加几句普通话，如果要选的话建议预习一遍，听课坐前排听重点，还是挺有用的，从来不点名
195971,93,张泽银,2024-07-01 03:15:47,3,4,1,好在不点名，不过给分不太好
196772,93,张泽银,2024-07-05 04:40:25,0,5,5,相当擅长卡绩，我微I就被他卡了91
197761,93,张泽银,2024-08-10 14:50:03,-2,2,4,感觉不如请张成泽来讲......
198361,93,张泽银,2024-09-08 02:27:38,1,3,2,除了不点名没什么优点。。
198424,93,张泽银,2024-09-09 01:32:43,-10,3,13,口音对湖北人太友好了
198685,93,张泽银,2024-09-11 00:51:49,8,8,0,用PPT讲还行，一用板书就容易听不懂，字太小了、有点潦草，拍照都看不清楚，看清楚了也不知道写的啥
198778,93,张泽银,2024-09-11 14:51:13,0,2,2,纯自嗨，讲得太快
198998,93,张泽银,2024-09-14 00:27:23,6,8,2,讲课自嗨，管你听没听懂，他都能讲完，上课一分钟不听就听不下去
198999,93,张泽银,2024-09-14 01:16:12,2,7,5,讲太快了，私下问又不是很耐烦，还说是不是没认真听😅
199001,93,张泽银,2024-09-14 01:31:32,7,9,2,不适合讲新课，适合上复习课
199009,93,张泽银,2024-09-14 02:50:16,5,7,2,老师讲课很有实力，就是有口音🙃
199049,93,张泽银,2024-09-14 11:12:46,0,2,2,有口音，受不了亿点
199085,93,张泽银,2024-09-16 09:28:15,1,2,1,刚及格水平，听不懂一点
199141,93,张泽银,2024-09-18 06:09:29,3,4,1,有点难
199388,93,张泽银,2024-09-23 00:11:00,7,8,1,一个字，难，两个字，口音，四个字，我TM听不懂(ﾉಥ益ಥ)
199864,93,张泽银,2024-10-05 08:23:24,-2,2,4,讲课一般般吧，还行，可能会有点拓展，如果基础内容都听不懂应该是适应不了口音，但说实话这种口音还可以接受吧，就是给分可能会逊色一点
200098,93,张泽银,2024-10-13 02:44:44,8,9,1,老师不点名是真好，但是讲课一般，听了一会听不明白，不如自己自学。
200419,93,张泽银,2024-10-17 02:08:42,10,13,3,微积分小测是助教自己出的大题，时间半个小时。感觉不比别人10题选择45分钟轻松。。。第一次小测只能写出一半
200785,93,张泽银,2024-10-22 09:26:25,0,13,13,全靠助教哥哥撑着，助教哥好好😭
200790,93,张泽银,2024-10-22 11:14:29,5,9,4,讲课确实难且有口音，难主要是他会拓展，个人觉得挺好的。从来不点名，问问题也挺耐心的呀。
201170,93,张泽银,2024-10-29 14:12:20,6,7,1,助教不是LJ了吗？去年上的银爷的微积分，除了助教有点难评，其他方面都很不错。口音的话，习惯就好了。谁知道这是哪个地方的口音啊
203871,93,张泽银,2024-11-21 15:31:56,-58,3,61,没有助教你就是达芬，张成泽讲的都比你好\n\n有看到这条评论的，它死的那一天，你打我电话19012770986，我请你吃饭（如果不方便我可以V你50）
205144,93,张泽银,2024-12-02 07:01:15,8,9,1,上课听不进去 甚至听得有点头痛了（生理上）\n\n助教讲题速度赶不上作业布置速度  \n\n感觉还是要多自学啊
206100,93,张泽银,2024-12-13 05:26:10,2,3,1,不知道是不是我自己太菜了，感觉他讲得兴高采烈，我听得糊里糊涂
206184,93,张泽银,2024-12-13 07:25:21,4,7,3,上面一条评论挺到位的，张老适合上复习课而不是讲新课，题目很多思路不同于课本很巧妙，但是基础不牢的话很难跟上，跟上也较难吸收，能看出老师水平很高，但是讲的不是很清楚，似乎默认了下面的学生水平也很高。我们这个班助教也挺水，习题课就是把习题答案念一念，问问题偶尔会没有耐心，而且似乎小测和考试不调分，考多少是多少？不过也没到期末考，不清楚期末以后会不会调分，否则就成了另一个给分求是的老师助教组合了。
206727,93,张泽银,2024-12-17 09:11:28,9,13,4,助教超级好，可以直接拜义父的那种。分高事少，这学期运气好还是什么的这个班不用看微积分mooc，选上这辈子有了。老师方言有点重，听得懂的话还是好的
206890,93,张泽银,2024-12-18 07:34:30,2,3,1,讲课自嗨，就很多同学说的那样适合上复习课而不是新课，对基础不好的同学来说很不友好。而且，，作业也是虾级八布置。。。
206962,93,张泽银,2024-12-19 01:35:39,3,4,1,很有想法，只是我太沙逼了，跟不上。
207441,93,张泽银,2024-12-21 15:28:21,6,7,1,10分给TA小哥捞爆了\n\n扣1分因为新课上得跟复习课一样听不懂
207655,93,张泽银,2024-12-23 13:01:11,4,6,2,很可爱的小老头
207959,93,张泽银,2024-12-25 05:23:06,12,14,2,张泽银老师的微积分课从来不点名，灵活度还是非常高的。平时的小测是5道大题在习题课上完成，难度我个人认为没有很大（张老师还会贴心地让助教把出题的难度降低一点），我觉得比别的老师的在学在浙大上的选择题小测要友好了不少。至于上课内容，如果你真的很喜欢数学而不是只是为了一个高绩点真的很推荐选张泽银，因为在他的课上你经常可以听到很多拓展性的东西，对提升数学素养还是很有用的。如果你想要靠自学完成微积分的话也是可以选张泽银的，毕竟从来不点名上课的时间自己完全可以用来自学加刷题。但是如果你想老老实实跟着老师的课去学的话可能张泽银就不是一个很好的选择了，进度会比较慢，经常讲到与考试无关的东西。还有口音问题，我感觉其实并没有很难适应，本人南方人，一开始确实不是很习惯，但是稍微听几节课之后也基本上都能听懂了。总体来讲张老师还是很不错的，是个好老师
210175,93,张泽银,2025-01-08 09:45:27,-17,4,21,不点名，助教哥哥人巨好，也是拿到大学第一个满绩了
210870,93,张泽银,2025-01-10 05:44:26,6,9,3,给分差！小测全大题不赋分导致绩点偏低，期中考平均分低于别的班十几分，不知道是我们学得实在太烂还是老师讲的问题。个人感觉不是很跟得上老师的节奏，基础一般的同学慎选，老师在拓展方面不错，但是讲解基础上感觉一般。总之下个学期应该会换一个老师
210892,93,张泽银,2025-01-10 06:09:41,-2,4,6,不点名（后面两个月没去，听智云），习题课很水，张老师讲的有些证明虽然很难，但是仔细听还是有很大收获的，不拘于课本，期末考干了，但是最后还是有4.8，也是满意了
210893,93,张泽银,2025-01-10 06:10:49,-14,0,14,不点名，我一开始太轻敌了第一次小测59分，不过最后给我捞上4.5了嘿嘿
210927,93,张泽银,2025-01-10 07:36:54,2,3,1,我认为zzy很好呀，确实讲的不是那么通俗易懂，但是他不点名呀，所以有时候我会选择不去上课而听苏德矿的网课。并且我认为小测全是大题目反而更好，相对其他班的多选题形式要选全了才有分（而且有很多特例概念一类的选项），大题目更好拿分。而且两次小测拿高分也比较容易，除了最后一题比较难，其他的都是基础题。只要知识点都会了，书上的例题看看，作业认真写了，历年题做几套，成绩不会差的。
210942,93,张泽银,2025-01-10 08:20:06,3,10,7,张泽银上课事少，不点名，但是说话有口音，对于我自己来说有点比较难听清楚，记得前半学期就不听他的课了，因为听不清（但是还会去，因为总是提心吊胆怕他点名哈哈）。这个学期张泽银老师没有点名，越到期末上座率越低，期末的时候来的人可能都不到四分之一。另外偶遇天使助教chp拼尽全力无法战胜，人巨好巨能捞，处处为同学着想，会调整卡绩，期末跨年的时候还给同学们发红包。刚才看到评论区有个小登吐槽小测全是大题给分低，期中考试给分比别的班低十几分，我想说，你是入机吗？chp第一次出的那个题他叫难吗？你知不知道别的班小测都在考什么，管得有多严，相比之下chp的小测有多水，管得有多松吗？助教就怕直接把平时分全给你了，那小测真是水得不行，那些计算题就算不会做你可以用wolframalpha做了（除了证明题），证明题如果你平时好好写作业就会发现都做过，能做个大概；第二次小测更是无敌，只要你去了基本就满分，我和室友全拿满（我相信很多同学也同样是满的）。至于期中考试给分低的问题，我个人认为是不存在的，因为我期中的那个成绩比我估分高得多，明显是捞过，大捞特捞。我觉得同学不如在自己身上找找原因。
210975,93,张泽银,2025-01-10 09:05:20,1,2,1,看个人吧
210990,93,张泽银,2025-01-10 09:38:15,7,8,1,给不点名的张老师点个赞，自学能力强的同学可以选他的课。另外小测和给分要看教学班和助教老师，我看评论区才知道不同教学班的小测卷子是不一样的，（我的助教老师里没有chp，第二次小测更不可能是去了就有满分这么简单）
211007,93,张泽银,2025-01-10 10:08:37,2,2,0,本人主要自学，有问题问助教和老师，他们都很认真解答了。虽然上课可能确实差一点，但老师人还是不错的呀！小测难度也不高，最后喜提满绩。适合自学能力比较强的人吧。
211033,93,张泽银,2025-01-10 11:17:37,-1,0,1,感觉还行吧，中规中矩。口音问题确实有，但习惯了其实没什么影响。老师不点名，我后期基本自己就把智云挂在那然后自己自习，习惯自学的同学可以冲。捞不捞不是很清楚。助教人不错，平时钉钉会回答，小测改卷貌似也会稍微放水。
211096,93,张泽银,2025-01-10 15:24:10,4,4,0,1.不点名\n\n2.最大的缺点：小测不赋分，相对于别的班的形式可能不容易拿分\n\n3.老师的题目挺好的，可以有一些收获
211238,93,张泽银,2025-01-11 05:16:43,8,9,1,好处是不点名，坏处是给分不好，能跑尽量跑吧。别的班小测是选择题+赋分，zzy班小测是大题。我是周一早八班，助教好像完全没捞，小测考多少算多少，听说另一个班级平时分捞得比较狠，所以看命吧各位。
211465,93,张泽银,2025-01-11 13:53:20,9,11,2,助教：不捞，嘻嘻
212134,93,张泽银,2025-01-13 08:53:02,6,8,2,张老师真的是很认真的老师，方言掩盖不住上课确实是有水平的，而且偶尔也会幽默风趣一番（也是没想到老师竟然是这么时髦的人哈哈哈）。不点名，所以会有越来越多的同学不来听课，尤其早八。给分正常吧，努力学学到了4.5，数学这种考试实打实测水平的课主要还是看自己有没有学会。小测确实难度会高于其他班，因为全部是大题，所以不好拿分。这学期遇到了很难评的助教，习题课水而且期中考阅卷太严苛，但是跟老师没关系！还是很喜欢张老师的！
212469,93,张泽银,2025-01-14 05:04:02,0,1,1,讲课内容较难，给分不错
212894,93,张泽银,2025-01-15 07:42:13,3,5,2,老师是个好老师，很可爱的老头子，很有数学气质，讲课思路好，废话少，节奏比较连贯，但这就导致听课时一走神就比较不妙了。事后诸葛亮地建议，提前在学在浙大上下好课件预习一下，作业一定认真做。口音不是问题，人说话都是有语境的，完全能够听懂。老师年纪大，只管上好课，小测题和给分都是助教决定的。不同时段的课助教不同，出卷难度完全不一样，给分好坏也天差地别，这真要看运气了。10分给张老师，-1是弥补我羡慕其他班助教的心
212942,93,张泽银,2025-01-15 10:03:20,-25,6,31,给分真不行吧，我这么高的水平，到了tww那里微甲二轻松满绩，在他这小测这么难还不赋分，平时分稀烂，最后卡91，服了，但凡赋个分都不至于这样
213016,93,张泽银,2025-01-15 15:09:32,1,4,3,老师讲的很好，起码不像别的老师一样念书本。所以我给10分。助教gg很负责超级能捞我给他100分
213198,93,张泽银,2025-01-16 09:14:56,-1,0,1,不点名，给分很好的。
213939,93,张泽银,2025-01-21 16:37:07,4,5,1,给分一般，过去挺好的
215205,93,张泽银,2025-02-24 09:38:20,17,18,1,助教一点不捞，wyz
215211,93,张泽银,2025-02-24 09:32:15,17,18,1,被助教毁了😅
215212,93,张泽银,2025-02-24 09:24:10,13,14,1,这个学期的助教太那个了吧。。。。。
215213,93,张泽银,2025-02-24 09:22:22,15,16,1,第一次遇见这么严的助教，感觉绩点危险
215214,93,张泽银,2025-02-24 09:28:25,10,10,0,助教难评，只能说慎选
215609,93,张泽银,2025-03-02 23:48:20,12,13,1,这个口音听的人要碎了😢
215762,93,张泽银,2025-03-05 08:22:24,10,12,2,上了别的助教习题课才发现外面根本没下雨。上学期助教也太几把烂了。
216726,93,张泽银,2025-03-23 02:41:02,7,8,1,老师是很风趣的老头，口音确实会有些不习惯，所以到后面上课的人少了好多哈哈哈但是老师还是很认真在上课。上学期助教gg特别会捞
216961,93,张泽银,2025-03-30 11:50:32,14,15,1,翁雨哲一点不捞，我服了
217269,93,张泽银,2025-04-07 08:29:53,-7,3,10,感觉wyz还好啊，为什么都说他不捞，小测之后他也说他会调分。只是开学的时候查抄作业查的严一点，不过虽然说抄作业零分，但抓到了也只是这次作业扣0.3。
217557,93,张泽银,2025-04-22 02:24:54,11,13,2,wyz的恩情还不完🖐😭🖐🖐😭🖐🖐😭🖐😅
217572,93,张泽银,2025-06-21 08:01:33,11,13,2,翁雨哲wcnm
217621,93,张泽银,2025-04-14 07:55:36,9,11,2,逆天wyz，一点过程分不给，对比下来我们班期中均分比别的班低了十几分
217622,93,张泽银,2025-04-14 08:02:08,7,9,2,我在等期中考的那批人杀过来
217630,93,张泽银,2025-04-14 08:43:43,10,11,1,老师是好老师，上课还是可以好好听的\n\n那我问你，我期中的过程分呢😅🤣
217654,93,张泽银,2025-04-14 16:46:01,8,9,1,wyz班里某些小测接近满分期中考十几二十分的真是招笑啊，建议这部分同学单独小测一次，做的好直接往总评上叠加哈
217718,93,张泽银,2025-04-15 12:07:20,6,8,2,别的班期中考平均分能捞到80，wyz班期中考平均分60。
217744,93,张泽银,2025-04-16 01:41:22,9,10,1,wyz真乃神人也👍
218131,93,张泽银,2025-04-21 10:57:29,9,9,0,助教诗人我直接吃🤣
219218,93,张泽银,2025-05-23 05:35:52,9,9,0,wyz小测拿学生当日本人整，从开考到结束一直BB不停，站在讲台上大声训斥后排的同学不要使用手机，导致全班无法集中精力做题。考试时乱逛，把几个用手机的学生抓了0分处理就算了，抓到之后还在讲台上队所有同学BB不停，可我们还在考试啊，时间都来不及，最后好几题都来不及写。
219805,93,张泽银,2025-06-06 14:43:59,7,7,0,令人作呕翁雨哲
221076,93,张泽银,2025-06-21 06:54:27,0,2,2,上课不认真的话基本很难跟上节奏，到后面整个教室只来了二三十人，听的就不知道有多少了。\n\n不过老师人算可以，也从来不点名（助教可能会在习题课点名，我滴妈）\n\n最后的成绩也没有卡我，感谢
221087,93,张泽银,2025-06-21 08:02:14,4,5,1,wyz能不能滚出浙大。。。
221101,93,张泽银,2025-06-21 08:49:16,-2,0,2,虽然这学期的助教比较严，老师讲课也略有一点口音问题，但最后感觉还是被老师或助教捞了（要不就是可能期末超常发挥了），所以还是来打个好的分数吧
221555,93,张泽银,2025-06-24 12:14:11,1,2,1,zzy讲课就不说了，助教wyz真的有点太严了，无语
221634,93,张泽银,2025-06-25 04:39:39,3,3,0,认准B班chp，非常非常非常好的助教，海底捞且满满的情绪价值，自身水平也很好，问问题都能得到细致的答复，总之如果选助教是他就稳了。
1237,170,单监华,2015-03-22 00:59:40,2,4,2,还不错，但是线代真心太拉绩点，不开心
1496,170,单监华,2015-03-22 09:48:32,2,4,2,听不懂
2880,170,单监华,2015-05-10 08:35:02,29,32,3,上课讲的很仔细，认真听会很有收获。
2892,170,单监华,2015-05-10 12:41:36,16,16,0,人很好，讲的很认真。虽然我学的不好，但错在我。
2919,170,单监华,2015-05-11 04:39:15,12,14,2,老师上课手写，讲解详细，很清晰。
3228,170,单监华,2015-05-21 11:15:36,6,8,2,用投影仪手写上课，还行
3494,170,单监华,2015-06-16 15:16:55,11,13,2,是那种老派的一丝不苟的教师，很好，只是口音不分“m”“n”对线性代数教学有些许影响。
3577,170,单监华,2015-07-10 10:59:46,5,5,0,太棒啦
3895,170,单监华,2015-06-17 07:40:19,17,17,0,很认真啊 一丝不苟 就是那种严谨老教授的感觉
4306,170,单监华,2015-06-19 00:12:49,2,4,2,思路挺清晰的，但线代这种课还是要靠自学
4720,170,单监华,2015-06-26 12:16:40,5,6,1,上课手写~思路清晰~
5233,170,单监华,2015-07-06 03:20:08,0,1,1,好 希望给分好些！！！
6992,170,单监华,2015-08-24 08:18:29,-4,1,5,呵呵
7929,170,单监华,2015-09-16 07:06:50,1,2,1,清晰，使我对线代产生兴趣
7999,170,单监华,2015-09-16 12:03:53,4,4,0,第一节课，讲的很透彻，最敬佩的是完全不看别的，完全手写
8603,170,单监华,2015-09-23 05:13:53,1,2,1,讲课清晰
8939,170,单监华,2015-10-03 13:48:50,1,3,2,让我感觉线代比微积分简单
10206,170,单监华,2015-11-17 11:15:45,1,1,0,口音挺萌的，很认真。
10878,170,单监华,2015-11-23 08:05:13,1,2,1,很专业的老师，可惜自己没学好
12379,170,单监华,2015-12-30 11:36:59,24,24,0,老师今天(15.12.30)说办理退休手续了……很好很和蔼的老师，虽然我基本在睡觉，不过讲的真心很好很棒，经验很足，例子都特别好！ 单老师，再见！
12385,170,单监华,2015-12-23 07:20:48,0,1,1,老师很棒 萌萌哒 就是线代太难了！
12397,170,单监华,2016-01-06 12:38:54,6,6,0,老师人很好，上课一丝不苟，但…退休了
12564,170,单监华,2015-12-23 13:25:20,1,2,1,上课很好，就是给分比较耿直
12603,170,单监华,2015-12-30 08:16:26,23,23,0,老师要退休了！好可惜！！本来想如果有学弟妹要学线代的话一定会推荐老师的课的，老师很认真，讲解很明白，虽然有点口音，但是讲得真的很好，作业也不多，谢谢老师！！
13307,170,单监华,2015-12-26 12:55:24,1,2,1,上课认真听真的再加上认真写作业就能学懂不用花很多时间，老师讲得超级好作业也不多，有幸选上
13346,170,单监华,2015-12-27 06:35:02,0,1,1,超级好的老师\n\n
13640,170,单监华,2015-12-30 07:47:20,15,15,0,超级好的老师，不点名，不看讲义，直接讲，全手写，不用PPT，特别认真细致，学的不好在于我。。。。不过马上要退休了，好舍不得π_π
13641,170,单监华,2015-12-30 07:48:22,18,18,0,很好很好的老师，每次课都手写，写的很详细讲的很清楚，当听到他要退休了，真的很不舍啊。
13643,170,单监华,2015-12-30 07:54:42,43,43,0,我是单鉴华老师的最后一届学生，他退休了，真的舍不得。凭良心说，他一定是个好老师。
13771,170,单监华,2015-12-30 23:48:26,5,5,0,条理清晰，有节奏感。\n\n我听到他要退休的消息感觉很舍不得，说实话，我并不是老师的学生，我只是蹭课的同学，但是只可惜只蹭了一节，之前上课时间冲突。
14303,170,单监华,2016-01-06 07:27:39,1,4,3,讲的仔细，讲题目很有启发性，作业不多，但内容都有涉及。只是要退休了，突然觉得没好好听课特别对不起单老师。
14304,170,单监华,2016-01-06 07:31:59,1,2,1,他给了我对线性代数的热爱，很有条理性，可惜要退休了，本来想推荐学弟学妹的，真的非常好的一个老师！
14305,170,单监华,2016-01-06 07:35:33,9,9,0,刚上完最后一节线代课 也是老师的最后一节课 老师要退休了 上课超认真 真的舍不得
14350,170,单监华,2016-01-06 12:37:31,3,4,1,说实话，能满绩。
14506,170,单监华,2016-01-07 09:48:55,1,2,1,超级好的老师，讲的细，思路清晰，上课在PPT上手写可以展示出思路，可惜要退休了。
14782,170,单监华,2016-01-09 05:49:01,0,1,1,很棒的
15226,170,单监华,2016-01-13 01:17:35,1,2,1,老师上课手写投影并且讲的非常清楚，也很负责任。只是没想到老师马上就要退休了，心里还是不舍的。\n\n
15689,170,单监华,2016-01-16 06:40:03,0,1,1,可惜退休了
16294,170,单监华,2016-01-17 22:40:25,-1,1,2,棒棒哒
16348,170,单监华,2016-01-18 03:25:45,5,5,0,何其有幸  是老师退休前的最后一班学生     真的是个特别特别好的教授  很认真
18169,170,单监华,2016-01-21 08:29:25,0,1,1,老师超好超负责，很荣幸能成为他的学生
18171,170,单监华,2016-01-21 08:30:35,3,3,0,老师最后一个学期，所以以后也学不到他的课了，讲的挺不错的，不过到最后几节课我才开窍，线代也真是挺难哦
18189,170,单监华,2016-01-21 08:59:29,0,1,1,老师讲课很仔细，所有内容了然于胸，可惜要退休了…
18511,170,单监华,2016-01-22 01:02:56,0,1,1,老师快要退休啦，讲的很好的其实，最后一节课还有考前知识点大总结。不过m和n有时候不太分得清楚
20034,170,单监华,2016-01-26 02:48:20,0,1,1,特别特别喜欢这个老师，给人亲切感，上课又上的好，很耐心，很细腻。\n\n
20295,170,单监华,2016-01-27 03:10:14,0,1,1,上课很仔细的老师，要退休了很可惜。
8760,173,盛为民,2015-09-25 15:59:59,0,18,18,很好的
10323,173,盛为民,2015-11-18 05:29:40,0,17,17,上过的都知道，真心好
11237,173,盛为民,2015-11-25 13:07:33,-1,14,15,老师讲课真的很清晰
13369,173,盛为民,2015-12-27 09:56:59,-9,14,23,毕盛！\n\n
13696,173,盛为民,2015-12-30 11:02:50,1,12,11,不觉得哪里好
13811,173,盛为民,2015-12-31 08:10:44,3,12,9,一般般
14530,173,盛为民,2016-01-07 12:24:21,-3,9,12,不好啊
14541,173,盛为民,2016-01-07 13:45:35,0,14,14,好老师！
14550,173,盛为民,2016-01-07 14:27:40,-1,14,15,很好的。很有用，对学生真心好啊！
14791,173,盛为民,2016-01-09 07:01:35,5,12,7,呵呵呵\n\n
18257,173,盛为民,2016-01-21 10:36:26,-2,11,13,对学生很关心~
18628,173,盛为民,2016-06-14 12:39:07,-1,13,14,绩点奇坑，垃圾中的战斗机。不动声色之间搞死你
18772,173,盛为民,2016-01-22 13:28:25,18,27,9,绩杀！
19672,173,盛为民,2016-01-25 05:26:21,-6,8,14,还可以吧
21527,173,盛为民,2016-02-29 06:08:03,1,9,8,垃圾狗
21670,173,盛为民,2016-02-29 13:58:00,-7,12,19,好老师！作业全a+，上课讲的细，给份特别好
32669,173,盛为民,2016-07-12 09:35:50,3,7,4,数学均绩被拖低了0.3，总均绩被拖低了0.1，就靠他的几何
34423,173,盛为民,2016-10-10 06:47:42,8,9,1,恕我直言
34788,173,盛为民,2016-10-22 15:51:08,-5,2,7,垃圾！
34839,173,盛为民,2016-10-24 13:16:55,19,24,5,他说王枫是绩杀，结果王枫均绩4+
38457,173,盛为民,2016-12-05 12:27:19,-4,7,11,教材是一本很烂的研究生教材，错误极其多，建议看陈维桓的书；老师只会一模一样地照着教材讲，该不懂的地方听了还是不懂，建议自学
44193,173,盛为民,2017-01-17 11:49:01,15,18,3,ymys
47853,173,盛为民,2017-02-26 11:28:08,1,5,4,不如看书
50588,173,盛为民,2017-05-03 16:47:03,18,24,6,仰慕杨神
57734,173,盛为民,2017-07-13 07:11:46,9,10,1,会讲好多故事
71476,173,盛为民,2018-01-28 13:39:53,5,7,2,考前一天会讲很多例题，这些例题题型掌握好再算得准一点，很好拿高分
73334,173,盛为民,2018-02-01 10:50:06,14,15,1,虽然感觉照着教材讲有点无力吐槽..不过想到那是他自己写的教材似乎也有点可以理解
74308,173,盛为民,2018-02-10 10:30:16,-13,4,17,纵观整个浙大生涯，他给了我数学课的两个最低分，断了我对于几何的所有念想。滚吧
98060,173,盛为民,2019-01-23 04:37:41,9,10,1,真的好，让人过个好年
98064,173,盛为民,2019-01-23 04:41:35,3,5,2,上课生动风趣，内容干练。给分超好
99274,173,盛为民,2019-01-24 14:11:13,23,25,2,没有想象得那么糟糕，其实老师挺好的
99322,173,盛为民,2019-01-24 14:50:51,-4,0,4,。。。
99335,173,盛为民,2019-01-24 15:01:17,4,7,3,念教材 计算量爆炸 和蔼 几何平时分调分 期末比平常简单
99721,173,盛为民,2019-01-25 05:44:25,9,12,3,上了盛老师的几何，首先给分不错，能让人回家过个好年。平时上课声音很磁性，有一种催人入睡的感觉，最后一节课会给我们复习一下，然后给出很多例题，把这些例题认真做一做，期末再算准确一点就行了。
106781,173,盛为民,2019-04-29 11:56:10,9,11,2,诸位在座来到浙大有两个问题要问一问自己:其一，你是谁；其二，你为什么在这个群里\n\n(老师其实还是有可爱的一面的
112849,173,盛为民,2019-07-05 06:03:00,32,43,11,上过盛为民的几何学与微分几何课程之后，越来越觉得无论是科研水平还是处事态度，老师完全称得上数院副院长、教学负责人的职位。浙大数院应该多一些这样的老师。
125279,173,盛为民,2020-09-05 11:55:53,16,22,6,那些说老师绩杀的同学，应该好好反思一下自己的态度，微分几何陈维桓的习题做了吗？老师网页上的习题都做了吗？课本上的定理都完全掌握了吗？这些都做好，分数自然上来了。
129036,173,盛为民,2020-12-29 03:48:40,0,3,3,老师认真负责，真心为学生考虑！
132161,173,盛为民,2021-01-30 17:31:39,-4,3,7,卡绩卡绩真的卡绩
132212,173,盛为民,2021-01-31 03:49:08,-3,3,6,老师真的是希望大家过个好年了。几何学期末考试中，第一题是上课讲过的题型作一点变化，第二题是新题但计算量不大（两行带x， y， z的行列式展开真的杀我，但期末没有），第三题作业原题，第四题书上例题做一点改编而且也是助教强调过的题型，第五题是新题但不难，第六题是作业原题，第七题是课上讲过的题目，第八题是作业原题。没有考求轨迹方程，没有考坐标变换判断二次曲面，柱面锥面旋转面直纹面通通得没有，射影几何证明也几乎没有。
137095,173,盛为民,2021-07-01 02:47:17,-28,13,41,傻逼老师，就知道卷，水平不高，就知道出一些恶心的定理默写
141915,173,盛为民,2021-10-31 14:30:03,13,17,4,听到了许多从未耳闻的定理，比如等腰三角形三心合一，大家看着办吧！
164703,173,盛为民,2022-12-23 14:36:20,14,14,0,教材朗读战士
165847,173,盛为民,2023-01-10 05:43:53,2,5,3,给分是真的好，几何学的确是一门只要花时间肯定就有回报的课
180480,173,盛为民,2023-09-22 02:29:12,0,3,3,身居高位，心系学生
188150,173,盛为民,2024-01-18 09:39:01,3,3,0,读教材
188870,173,盛为民,2024-01-20 10:30:26,4,4,0,讲课完全是念书，不过这课确实念念书也就差不多了。期末考核基本上都是作业题和例题，但是那些题本身确实是挺难的
194637,173,盛为民,2024-06-25 04:46:56,3,3,0,...
200745,173,盛为民,2024-10-22 01:04:01,-6,3,9,改卷全乱改为什么评分这么高啊笑死
210035,173,盛为民,2025-01-08 03:31:51,3,3,0,作为一个上过盛老师24-25秋冬的《几何学》的非求数强数人来评价一下。\n\n\n\n上课采用他本人和沈一兵编著教材《解析几何学》，个人经验是课后还得去看别的教材刷题来查漏补缺。\n\n\n\n上课基本上就是念教材，毕竟是本人编的，倒也无可厚非。我认为上课的时候做得并不算好的一点是：并不阐明一切计算/命题背后的动机，以至于很多时候计算/论证做完了才明白他为什么要做……也可能是我本人水平有限。\n\n\n\n一共有三次小测，第一次比较简单；第二次会很难，第三次也并不算简单。很多人第二次小测不及格。小测中会在前面就出现非常困难的题/计算非常恶心的数字，建议灵活把握策略。\n\n\n\n平时分的计算方法是：作业100，三次小测每次100，总分前15%给满，剩下的按照相对于前15%最后一名的比例来线性给。\n\n\n\n小测的复习压力很大，并且每年的小测几乎一样以至于在98的回忆卷是被禁止的。从而高年级同学如果想刷分是很简单的。这可能会影响平时分的赋分。\n\n\n\n另外，期末考也出现了题目的不严谨。总之，虽然我的绩点还算不差，但是仍然建议非竺院同学绝对要慎重选择这门课。
210654,173,盛为民,2025-01-09 14:42:17,-9,0,9,老师蛮好的，平时分会赋分。期末并不难
214258,173,盛为民,2025-01-31 04:02:27,1,1,0,小测改错分不改回来吗:(
219148,173,盛为民,2025-06-11 13:37:16,2,2,0,实在搞不懂为什么要把微分几何作为某些专业的必修课。
11604,196,冯涛,2015-12-07 11:54:49,18,25,7,老师工作态度非常认真
12158,196,冯涛,2015-12-22 06:15:27,3,6,3,冯涛gg无比友好
15686,196,冯涛,2016-01-16 06:23:18,0,3,3,非常好
19335,196,冯涛,2016-01-24 01:58:50,3,7,4,老师人超好
19427,196,冯涛,2016-01-24 07:54:57,2,5,3,老师很好很好
19957,196,冯涛,2016-01-25 16:10:58,0,2,2,老师给分炒鸡好。很为学生考虑
20350,196,冯涛,2016-01-27 05:49:56,3,5,2,数学系人最好的老师，没有之一。
22585,196,冯涛,2016-03-08 07:39:58,0,2,2,完美！
30692,196,冯涛,2016-07-02 08:21:47,16,18,2,听不懂思密达
46692,196,冯涛,2017-01-22 07:23:14,6,8,2,?讲课感觉有点玄学的味道，有时候会幽默一下，对他讲的内容蛮感兴趣。出分超快，给分不错的！
48086,196,冯涛,2017-02-28 10:39:08,0,1,1,人特别好
51199,196,冯涛,2017-05-24 03:33:20,14,14,0,人不错，但是听课不如自己看书
52052,196,冯涛,2017-06-14 10:49:53,1,2,1,虽然讲得烂，还要写报告，但给分是真的好，出分了以后感觉之前的一切都能忍了
53898,196,冯涛,2017-06-28 03:33:37,3,3,0,板书是英文，说的是中文 两者自由切换
54057,196,冯涛,2017-06-28 10:24:29,1,1,0,。。。
54397,196,冯涛,2017-06-29 09:01:10,-4,1,5,冯gg还是很好的，凭良心说。但是我只有3.0啊 我只是一个大一只会喊666的咸鱼，为什么要我受这种委屈，3分的密码学啊mmp卷子批的好严啊
83017,196,冯涛,2018-07-09 13:22:05,5,5,0,考完9h极速出分的密码学必须来怒答一波 给分厚道 老妖换画风了之后大概只剩冯涛gg是真的厚道了
83243,196,冯涛,2018-07-11 01:13:07,1,2,1,老师人很好，但感觉9+分还是给的过高了。上课catch不了term，板书小字看得心累。(在下toefl听力25+）课后还要被疑似机翻的教材困扰。看来我的兴趣仅限于古典密码学了。至于给分，就上面的统计数据来说，其实和信计其他方向课差不多水准。可能个例上会有区别吧。
87007,196,冯涛,2018-09-20 02:30:02,1,2,1,听的并不是很懂，神魔恋。
87025,196,冯涛,2018-09-20 03:40:12,0,1,1,没学过抽代的洗洗睡吧
97554,196,冯涛,2019-01-22 10:35:53,3,5,2,和冯gg的神魔恋也有春天(╹◡╹)\n\n冯gg给分真的太好了啊
101969,196,冯涛,2019-01-30 01:36:00,2,3,1,编码 给分不怎么好，上课一言难尽，不过下学期就有教材了可以自学……(为什么不早点统一教材啊好坑)
104418,196,冯涛,2019-03-20 03:03:50,16,19,3,为啥感觉老师怪自闭的
105065,196,冯涛,2019-04-03 04:49:35,3,4,1,密码学，刚上完spn线性攻击，觉得这课学的东西实在是太屌了，抑制不住来给老师打个8分...其实不是老师讲不清楚，是这东西实在难讲清楚，书上也讲得不清楚...但书上数学证明挺全的，老师逻辑挺清晰的，互补领悟一下，上课就像做科研，然后你会发现，这课的学的东西实在太tm屌了！！！！
107481,196,冯涛,2019-05-05 15:02:41,2,2,0,啊啊啊啊啊自学看不懂感觉要挂科了
109748,196,冯涛,2019-06-19 03:34:12,2,2,0,老师人很好 但真的听不清上课说的啥
111061,196,冯涛,2019-06-29 11:53:48,0,2,2,还没考试来给冯涛gg上香，求给好的平时分，求最后成绩至少能在四左右。我下的功夫实在太多了，作为非数院感觉有兴趣来选课的人
111761,196,冯涛,2019-07-02 20:01:17,7,8,1,老师人好  但我从没听过课   深刻地感觉要挂
111885,196,冯涛,2019-07-03 02:08:37,1,1,0,感觉要挂
113047,196,冯涛,2019-07-05 21:16:49,-3,2,5,大一菜狗辛苦一学期3.9
113181,196,冯涛,2019-07-06 01:18:00,4,5,1,和其他数院的课相比，密码学的内容已经非常友好了。比如友好到大一都有人来上？
140676,196,冯涛,2021-09-15 04:43:42,-3,0,3,听不懂听不懂，线代你在说啥哩，怎么书上都比你说的明白
140851,196,冯涛,2021-09-17 01:48:38,5,5,0,冯涛gg这学期新开的线代感觉不是很熟练，作为菜狗有一多半听不明白只能回去慢慢看，给了10分希望自己能拿到4呜呜呜
140857,196,冯涛,2021-09-17 02:16:50,2,3,1,不幸成为他讲线性代数的小白鼠，上课不知所云，还不如我自己看书来的效果好
140866,196,冯涛,2021-10-15 02:54:28,-23,4,27,看到一个想笑的评论如下：“老师讲课讲的真的很好，数学思维很有启发性。很多人不理解老师为什么不用书上的定义，但是其实老师的定义更严谨更具象反而便于理解不是吗？很多人一听不懂就嫌老师讲的不好，拜托大学数学真这么好学就好了，能不能学着自己思考一下。”\n\n一听不懂就嫌弃老师讲的不好？拜托是老师讲的不好我们才听不懂。\n\n你说他讲的好？讲线性空间需要定义群环域，他群环域就没讲一直想着绕过群环域，结果绕不过，就说环是一个圆圆的东西。\n\n你管这叫更便于理解的定义？\n\n真就无脑洗呗。\n\n还有，高中就闭着眼都得会证明的那个O为起点ABC为终点的向量终点共线的充要条件是系数之和为1，他竟然不会证明！\n\n他讲线代毫无教学逻辑，到这里就洗白白了？
140871,196,冯涛,2021-09-17 04:17:32,4,5,1,冯老师知识渊博，回答问题耐心，上课中英文穿插讲法很棒。但教学方式有欠妥当，对理解能力较低的同学不太友好，容易现die
140873,196,冯涛,2021-11-15 04:27:42,6,12,6,老师讲课讲的真的很好，数学思维很有启发性。很多人不理解老师为什么不用书上的定义，但是其实老师的定义更严谨更具象反而便于理解不是吗？很多人一听不懂就嫌老师讲的不好，拜托大学数学真这么好学就好了，能不能学着自己思考一下。\n\n————————————————————\n\n骂我的那位，建议你赶快run去wzx课堂，会发现人家也不讲群环域呢。他讲的线性空间定义有什么难理解的地方？？？引入一个更复杂的概念你就能听懂？还有，ft不会的那题，你会了有啥好骄傲啊？？？应试技巧题目套路罢了，高中学傻了？
140892,196,冯涛,2021-09-17 09:14:54,0,0,0,听不懂～
140893,196,冯涛,2021-09-17 09:16:52,-4,0,4,讲课听不懂，上课说书上的定义他自己也看不懂
141022,196,冯涛,2021-09-22 00:53:07,2,2,0,OKOKOKOK
141144,196,冯涛,2021-09-24 14:43:01,6,9,3,逻辑混乱，从不备课，讲课随意，不考虑学生的知识范围，我爱死冯涛gg了
141421,196,冯涛,2021-10-08 02:34:02,1,1,0,ft哥哥好帅，我好爱
141457,196,冯涛,2021-10-10 02:19:32,0,0,0,逻辑思维很好，顶!
141463,196,冯涛,2021-10-10 09:58:54,2,2,0,Okay.
141477,196,冯涛,2021-10-11 07:47:57,3,5,2,作为丘维声老先生的学生，能把线性代数理解成这样属实不容易……第一次开课教得稍微有点磕绊可以理解，思路基本混乱我就无法理解了……建议run吴爷爷
142027,196,冯涛,2021-11-04 06:46:15,1,3,2,爱死冯涛gg了，不突然点名，作业少，小测时间还特别阳间，就是课讲的一言难尽。
142134,196,冯涛,2021-11-07 10:54:04,24,24,0,okay，anyway，，，
142784,196,冯涛,2021-11-16 05:38:11,2,3,1,老师人很好，就是听不懂
143103,196,冯涛,2021-11-19 03:23:36,4,5,1,线代h期中考开卷，做一下午，ft哥哥我太爱了
143559,196,冯涛,2021-11-27 02:27:52,1,2,1,真正的大师都有一个有趣的灵魂 比如ftgg
143877,196,冯涛,2021-12-10 02:50:18,4,5,1,人不错，就是上课速度飞起，还在思考某个定义他一章就讲完了(哭
144422,196,冯涛,2021-12-21 12:10:18,6,7,1,负责任，不点名，好相处，也认真，但就是授课经验少（指的是线代）
144631,196,冯涛,2021-12-23 02:13:47,20,26,6,不想多说什么，一些人的评论真的好搞笑。实事求是的说，ft第一次上线代确实开始时候很离谱，但是当我听过几次wzx的课回来时候发现他的进步超乎我的想象。你学不会听不懂真的是因为老师讲的不好吗？你要是真的去听过wzx的课你就会发现，你依然学不会。笑死，第一次见把自己学的垃圾全盘归结在老师身上的，你说ft不会，你水平再高我让你做初中的图形几何你就能在10s内做出来吗？搞笑。备课真的能备到每一道题？康生班里还有5.0，不是纯自学上5，你有什么脸去bb？客观说，ft是个很随性的老师，幽默有特色，段子手。但其实他对于数学也确实很认真，他的进步是肉眼可见的。人真的很好。
144802,196,冯涛,2022-01-13 02:58:10,12,13,1,谁能拒绝可爱的涛涛呢！！！
145753,196,冯涛,2022-01-01 11:35:27,12,12,0,那个说自己是个大一的学生，是个只会喊666的咸鱼\n\n大哥，密码学上的人全tm大三就你一个B大一还来，还tm3.0\n\n这你还不喊666？
145931,196,冯涛,2022-01-04 12:03:29,2,4,2,冯涛giegie我的超人，看得出来是很有心地在教线代了，教学进步速度很快。我永远爱ftgg
147695,196,冯涛,2022-01-10 13:21:14,17,19,2,草稿纸要交上去，这样你前面59的话，我可以在草稿纸打钩
148329,196,冯涛,2022-01-12 06:57:22,1,2,1,人 特 别 好
148390,196,冯涛,2022-01-12 10:15:06,4,6,2,ftft我爱你 就像老鼠爱大米！！\n\nyysy ftgg上课节奏确实有点快，需要大不自多一点，不过人真的好好！！！\n\n至于说他教的不好的，其实我觉得他讲的没啥问题，就是快了点，而且往往和书不是一个角度，这不是还可以多角度去学习理解问题吗，还挺好的啊！
148427,196,冯涛,2022-01-12 12:15:05,5,5,0,ft哥哥太会捞人了！！！吹爆！给分超好！上课进步很大！！！可冲！！！
148469,196,冯涛,2022-01-12 14:49:29,0,0,0,人很好！
150885,196,冯涛,2022-02-20 15:50:38,6,7,1,ftgg！！！爱 ！ 狂粉 ！  爱！！！！\n\n\n\n                   ftgg\n\n\n\n        爱！                    爱\n\n                               \n\n\n\n\n\n\n\n\n\n\n\n                       狂粉
151163,196,冯涛,2022-02-23 23:42:36,0,0,0,nbnbnb
151265,196,冯涛,2022-02-27 03:49:07,2,3,1,一群人能不能别刷ftgg我爱你啦喵，ftgg是只属于我一个人的喵，哼！
151497,196,冯涛,2022-03-05 05:56:06,2,2,0,真是很可爱的老师啊
154208,196,冯涛,2022-05-26 03:37:17,0,0,0,http://ktiml.mff.cuni.cz/~gregor/hypercube/lecture17.pdf 一篇很有意思的文章，可以看看
156689,196,冯涛,2022-06-26 08:40:49,11,12,1,lz是冯涛老师第一次授课数院的离散数学（DM）的小白鼠。可以看出老师在讲课之前并不了解DM，前期有点胡讲，劝退了一大波人，lz是外学院的，跟我一起选的同学全退了。我做到最后两次作业的时候，也在疯狂后悔，我是有病没有退课吗！！！\n\n但老师还是非常认真的，后期发力，重点逐渐回归，讲的越来越好，课堂人数少量增加（老师不签到，可以不来）。最后几节课快考试的时候，估计知道自己前期多离谱，疯狂划重点，带我们一起简单复习一下。\n\n最后考的难度适中，没有特别难的证明。能把作业搞懂，考试应该也没问题。\n\n\n\n下一届的学弟学妹们可能会好一点，老师有经验了。\n\n综上：还是比较不错的\n\n\n\n还没出分，先尽量客观评价一波，最后回来补充一下给分情况\n\n————————————————————————\n\n凸(艹皿艹 )出分了，感觉期末很求是，lz和自己的另一个朋友都感觉比想象中扣分要多呜呜，但尚且能在承受范围之内
160902,196,冯涛,2022-10-19 02:24:07,4,4,0,编码课上就5个人了
163997,196,冯涛,2022-12-17 07:04:53,1,1,0,每学期固定的圣地巡游 ftgg nb
168321,196,冯涛,2023-02-11 07:02:17,0,0,0,🎉🎉🎉🎉
177092,196,冯涛,2023-07-01 15:24:37,3,3,0,给老师打个9分吧，离散这门课在数院里确实算挺水的一门课了，老师上课也水（虽然我一次都没去过），给分看期末吧，平时作业很少，就40道小题目，基本上做得还可以就给满，期末改卷感觉不太放水。老师人还是很不错的，就感觉学不到什么东西。
177184,196,冯涛,2023-07-02 04:20:17,4,4,0,助教gg很好（dzt）
177317,196,冯涛,2023-07-03 01:31:30,4,5,1,离散：上课水，课程设计得不好。四次作业40分，认真做的话拿满不难。 考试不放水，但是把作业搞清楚了也不太难。总体水水的一门课，感觉没学到什么。不过可能离散就是这样一个东西……既然是面向数院，还不如开一门组合数学和一门图论，深入地讲讲
190868,196,冯涛,2024-03-22 09:52:44,4,4,0,哥们，你到底会不会离散数学啊。。。
191410,196,冯涛,2024-04-20 07:01:50,2,2,0,离散 讲的不如Wikipedia，喜欢把简单的东西讲复杂
193793,196,冯涛,2024-06-18 07:51:34,0,0,0,ftgg 上课还是很耐心的，讲的也很细致。离散这门课主要问题是前面的内容比较广为人知，最后的代数图论和概率方法是很有意思的内容但是最后期末不考。离散可以算一门水课了，ftgg 平常任务不多，期末考试也比较简单，可以狠狠地选！！！
198734,196,冯涛,2024-09-11 07:18:43,4,4,0,满分，但是跟本科生没什么关系
199544,196,冯涛,2024-09-25 06:12:05,0,0,0,老师板书字写的很可爱。
200838,196,冯涛,2024-10-23 07:08:24,3,3,0,=_=讲矩阵的时候m，n，k不分
206872,196,冯涛,2024-12-18 05:48:11,1,1,0,不知道还有多少人坚持听他的线代
207962,196,冯涛,2024-12-25 05:37:38,0,1,1,快跑。选他的课不如不上。👎
215548,196,冯涛,2025-02-28 04:44:42,1,1,0,。。。
221790,196,冯涛,2025-06-26 09:00:44,1,1,0,好老师，离散数学从不点名，试卷简单给分高
108,203,陈锦辉,2017-09-17 09:48:22,70,82,12,太赞了
192,203,陈锦辉,2017-02-28 02:53:40,553,625,72,陈老师是一个很关心学生很负责的老师～很喜欢他～不过他的课要坐前排～因为陈老师不喜用PPT哒
222,203,陈锦辉,2015-03-14 17:03:43,298,321,23,陈老师虽然有时脾气不太好，但他是我见过的最良心的老师之一了。容量丰富，讲解详细，不能更赞！
488,203,陈锦辉,2015-03-15 03:13:22,85,95,10,大学最喜欢的数学课老师 严谨负责 认真听他的课的话 会感觉学起来很轻松
722,203,陈锦辉,2015-03-16 04:04:52,-14,4,18,讲课很好，但是脾气不太好。。。
768,203,陈锦辉,2015-03-16 23:45:46,208,220,12,很认真的老师，很注重证明能力的培养～
819,203,陈锦辉,2015-03-17 12:54:16,85,93,8,老师有激情，信手拈来
842,203,陈锦辉,2015-03-17 23:30:52,26,31,5,很有激情的老师，收获很大
1416,203,陈锦辉,2015-03-22 02:08:53,76,91,15,老师写板书很整齐也很快，会讲很多书本之外的知识，能培养数学能力，不只是应试的老师，我很喜欢！
1658,203,陈锦辉,2015-03-23 06:52:28,20,44,24,不用PPT和投影仪真的太糟糕了坐在第六排都快要什么也看不清了
1963,203,陈锦辉,2015-03-27 02:45:20,196,226,30,⊙▽⊙至少是我三个微积分老师中最赞的一个！上课认真一点课后不用花很多时间都轻松拿高分~
1978,203,陈锦辉,2015-03-27 15:38:23,7,10,3,讲课內容很充实，回答问题也很有耐心
2020,203,陈锦辉,2015-03-29 05:19:42,6,11,5,第二学期上陈老师的课，没什么好挑的，好好做好他布置的，高分不是问题
2218,203,陈锦辉,2015-04-10 05:14:07,18,22,4,非常好的老师
2449,203,陈锦辉,2015-05-03 02:31:38,13,19,6,超级好的老师 还很关系心我们
2641,203,陈锦辉,2015-05-05 02:39:42,0,4,4,很有激情，思路清晰
2648,203,陈锦辉,2015-07-13 14:20:59,2,4,2,谢谢老师
2866,203,陈锦辉,2015-05-09 12:07:01,-38,14,52,怎么说呢，上课讲的还是蛮好的，会讲很多例题，就是不喜欢用ppt，然后问问题的时候有点凶，普通话不是很准，字很烂
3314,203,陈锦辉,2015-05-31 06:52:04,10,12,2,真心良心老师，不用PPT，计算能力超强~
3373,203,陈锦辉,2015-06-07 16:47:55,8,15,7,课讲得很好，但是不知道为啥要用那本翔一样的小黄书。。=_=
3635,203,陈锦辉,2015-06-17 01:56:12,-1,2,3,真的很赞～
3854,203,陈锦辉,2015-06-17 06:25:52,2,3,1,很棒
4312,203,陈锦辉,2015-06-19 01:37:54,0,2,2,良心老师，强力推荐
4387,203,陈锦辉,2015-06-21 02:26:12,2,3,1,很好的老师
4410,203,陈锦辉,2015-06-21 23:49:34,5,10,5,陈老师是我男神，听他的课绝对不会睡着，很注重证明，例题也讲得很好
4415,203,陈锦辉,2015-06-22 06:40:43,-48,5,53,像翔一样甜美
4542,203,陈锦辉,2015-06-24 08:23:55,-42,7,49,呵呵哒
4570,203,陈锦辉,2015-06-24 14:30:33,3,6,3,讲得挺细的，认真听地话收获会很大。
4636,203,陈锦辉,2017-09-18 02:24:51,256,294,38,感觉比矿爷好呀
4749,203,陈锦辉,2015-06-27 08:00:25,382,400,18,陈老师是我见过的 为数不多的 你上课玩手机 会批评你的老师。
4826,203,陈锦辉,2015-06-29 08:49:34,165,177,12,上课会讲很多例题，而且讲得比较深。只是字比较草不常用ppt讲得比较快所以默默表示有时候难以跟上……（而且位子节节爆满很难坐到前面啊）一学期下来收获还是很大嗒
5191,203,陈锦辉,2015-07-05 16:32:42,8,12,4,真心好老师  很负责
5394,203,陈锦辉,2015-07-07 07:20:05,0,3,3,很不错的老师。
5405,203,陈锦辉,2015-07-07 08:04:27,20,29,9,坐后排根本看不见\n\n
5450,203,陈锦辉,2015-07-07 15:03:26,0,3,3,超级棒
5463,203,陈锦辉,2015-07-07 16:36:15,3,5,2,难过
5722,203,陈锦辉,2015-07-09 07:56:12,1,5,4,很好的老師，謝謝你
5755,203,陈锦辉,2015-08-11 11:13:01,26,32,6,总会给你一个独特的苦笑，老师蛮好的
5980,203,陈锦辉,2015-07-10 06:19:11,41,58,17,个人感觉节奏不太适合有些人…
6293,203,陈锦辉,2015-07-12 19:28:53,0,4,4,上课真的很有意思！
6793,203,陈锦辉,2015-07-23 02:58:25,45,53,8,微积分123都是他的，很好的老师，当初退完所有课只为选辉爷的课
6935,203,陈锦辉,2015-08-20 08:42:47,6,8,2,好极了\n\n
7367,203,陈锦辉,2015-09-14 03:54:36,1,3,2,挤奶
7388,203,陈锦辉,2015-09-14 06:16:03,167,182,15,很关心学生的老师。微一二三都是他的课，微三成绩出来之后发邮件作为感谢与道别，他回复的时候翻出了我三次考试的卷面分还分析了我的微三，十分感动。
7697,203,陈锦辉,2015-09-15 09:50:38,55,66,11,有时候节奏太快了，坐在后面基本就不用听了，板书略潦草，但是人真的超级好，讲得很棒
7762,203,陈锦辉,2015-09-15 12:39:33,85,93,8,大一的时候早起占座的动力。
8309,203,陈锦辉,2015-09-18 06:49:55,-1,3,4,老师很好
8368,203,陈锦辉,2015-09-19 13:15:23,0,1,1,后排.！m
8503,203,陈锦辉,2015-09-22 02:22:26,4,5,1,就是有点快
8713,203,陈锦辉,2015-09-24 09:14:12,1,3,2,超级好老师!\n\n
8802,203,陈锦辉,2015-09-28 03:35:07,0,2,2,很棒啊
9136,203,陈锦辉,2015-10-14 04:46:36,-40,6,46,课讲得过得去吧，回答问题超级不耐烦，有问题就只能去答疑咯。
9182,203,陈锦辉,2015-10-15 11:51:05,2,5,3,老师讲课富有逻辑，课堂极为紧凑，男神。。。。。。又和蔼，大爱陈老师！！！
9445,203,陈锦辉,2015-10-27 11:04:02,-1,3,4,除了坐后排看不清其他都好
9458,203,陈锦辉,2015-10-28 03:01:22,0,3,3,真的是好老师  课上得好  人也幽默风趣
9701,203,陈锦辉,2015-11-04 23:55:19,3,5,2,讲的很好
9721,203,陈锦辉,2015-11-05 23:48:51,2,3,1,nb，数学素养极高，非常好\n\n
9842,203,陈锦辉,2015-11-11 03:18:27,-34,3,37,呵呵了
10436,203,陈锦辉,2015-11-18 17:13:55,6,10,4,特别好的老师 只不过字写得不易辨认 坐后排简直是场灾难
10548,203,陈锦辉,2015-11-19 15:53:53,4,6,2,超仔细，超认真备课
10834,203,陈锦辉,2015-11-23 06:43:41,0,4,4,陈老师讲课和高中班主任讲课很像，都是好多例题，听着听着就觉得，噢，好厉害的那种，炒鸡棒炒鸡喜欢
11459,203,陈锦辉,2015-12-02 04:27:20,16,16,0,老师扩展的挺多的 印象最深刻的一句话是“你们上我的课不要预习 跟不上的”
11534,203,陈锦辉,2018-09-25 13:51:28,0,5,5,一群渣渣什么都不懂
11535,203,陈锦辉,2015-12-04 00:53:42,2,5,3,超级好老师，强足以说明他的魅力。
11622,203,陈锦辉,2015-12-08 06:41:39,30,34,4,神一般的存在
11954,203,陈锦辉,2015-12-21 11:29:02,2,4,2,讲的很仔细，人也很好，课后作业也不多。我更喜欢写板书的老师。
11968,203,陈锦辉,2015-12-30 03:18:51,4,6,2,好好好
11984,203,陈锦辉,2015-12-21 12:28:07,-1,1,2,666
11996,203,陈锦辉,2015-12-21 12:50:04,3,6,3,知道自己微积分2不是辉哥教真心好难过
12020,203,陈锦辉,2015-12-21 13:52:35,4,6,2,反正就给10分
12048,203,陈锦辉,2015-12-21 14:58:54,0,3,3,非常好的老师，思路非常清晰
12074,203,陈锦辉,2015-12-21 15:44:50,1,3,2,要抢前排。讲得很深入很nice。大学以来最对味口的老师。我是陈老师脑残粉
12092,203,陈锦辉,2015-12-21 16:50:19,3,4,1,真的很不错~我很喜欢~容量大
12095,203,陈锦辉,2015-12-21 18:39:43,47,50,3,讲课超仔细！良心老师！但是陈老师的课占座位真的是出了名的难，而陈老师上课不放PPT只写板书，坐后排会比较吃力。除了记笔记比较辛苦外都超棒！
12137,203,陈锦辉,2015-12-22 03:39:29,3,4,1,老师还是很好的，有些方法很巧妙
12160,203,陈锦辉,2015-12-22 06:17:12,0,3,3,超级好的数学老师 讲得好人也好
12175,203,陈锦辉,2018-07-05 02:21:00,495,516,21,哎呀答案真的不重要！
12177,203,陈锦辉,2015-12-22 07:08:28,0,2,2,人很好，讲课仔细认真\n\n
12350,203,陈锦辉,2015-12-23 04:44:18,34,37,3,我超级喜欢阿辉哥的！他上课特别认真负责，题目都装在心里，不用看笔记的。\n\n他讲的比较深和难的，但是很受用！下学期一定要选他！人超好！
12362,203,陈锦辉,2015-12-23 05:53:00,1,3,2,启发人的数学思维
12516,203,陈锦辉,2015-12-29 01:30:46,-1,1,2,666
12598,203,陈锦辉,2015-12-29 00:32:34,0,1,1,课非常不错，基础薄弱的也能听懂，但是没能力早起或者没有同课能早起的小伙伴慎选
12615,203,陈锦辉,2015-12-23 15:28:16,0,2,2,老师讲课很棒，条理清楚，虽然我大多时候跟不上\n\n拓展知识点很多，适合喜欢数学深入研究的同学\n\n给分很好！
12805,203,陈锦辉,2015-12-24 05:41:13,2,3,1,真心好导师，不过占座是个问题
12830,203,陈锦辉,2015-12-24 06:11:00,-1,1,2,超级赞 良心推荐\n\n
13014,203,陈锦辉,2015-12-24 13:43:52,0,1,1,就是好
13023,203,陈锦辉,2015-12-24 14:14:47,0,2,2,板书好，讲解好，但是不坐到前排听课效果会降低，千万别在上课时分心
13162,203,陈锦辉,2015-12-25 03:57:04,0,1,1,作为一个学渣，我最后才发现陈老师是多么好的一个老师，潸然泪下，但无可奈何
13388,203,陈锦辉,2015-12-27 14:27:01,1,2,1,老师超级负责任，喜欢
13603,203,陈锦辉,2015-12-30 03:19:27,40,42,2,陈男神！！！不来上他的课简直是一种损失！！！看见男神板书心情愉悦！各种吐槽太有中毒性了！
13670,203,陈锦辉,2015-12-30 09:35:20,-1,1,2,大爱陈老师，微积分赖定陈老师不换人了
13739,203,陈锦辉,2015-12-30 13:23:08,5,6,1,超级好的老师，讲课认真又细心，特别有责任感，为人随和又善良，超级可爱，就是不用ppt，占座很痛苦。
13745,203,陈锦辉,2015-12-30 13:42:15,0,1,1,陈老师是个很关心学生的老师，课后会特地来问学生上课的感觉，然而数学实在不是我的强项，所以最后微一也没拿高分。
13797,203,陈锦辉,2015-12-31 04:44:11,0,1,1,超级棒
14091,203,陈锦辉,2016-01-04 08:01:07,1,2,1,一秒一个表情包
14513,203,陈锦辉,2016-01-07 10:02:36,-1,2,3,好好好好好好好
14538,203,陈锦辉,2016-01-22 23:10:37,2,3,1,老师超级好，只是心疼自己微2微3没选上他…
14590,203,陈锦辉,2016-01-08 01:48:16,0,1,1,良心好老师，良心好助教。
14647,203,陈锦辉,2016-01-08 05:27:42,1,3,2,大一时候唯一想占座的课
14659,203,陈锦辉,2016-01-23 10:13:03,0,1,1,陈老师的课讲的真心的好！上课一定要好好听！千万不要睡着了！如果没有做笔记就及时复习！平时认真学习何用考前刷夜.......
14740,203,陈锦辉,2016-01-08 14:52:42,0,2,2,6得飞起
14890,203,陈锦辉,2016-01-11 00:04:02,-1,1,2,很有收获
15045,203,陈锦辉,2016-01-11 16:17:33,2,4,2,他教的是数学 是不同于高中的数学 是真正的数学
15392,203,陈锦辉,2016-01-14 08:09:45,7,9,2,可能老师回答问题时态度给人感觉并不好，那是老师是想教会我们而因我们在简单问题上纠结而着急而已(本人也有老师这种经历，我有点能体会老师这方面的感受)。推荐
15495,203,陈锦辉,2016-01-15 00:11:06,0,2,2,我知道紫金港凌晨六点钟的样子 但是值的！
15659,203,陈锦辉,2016-01-16 05:06:34,1,2,1,上课很棒就是每次都需要占座！不用ppt所以要好好记笔记！很良心的老师！只是教材没有答案
15772,203,陈锦辉,2016-01-16 08:48:17,0,2,2,超赞的
15930,203,陈锦辉,2016-01-16 15:46:17,1,2,1,真心好老师 但是讲课节奏太快。后进生根本跟不上
16333,203,陈锦辉,2016-01-18 03:11:09,-1,1,2,大爱！！！
16463,203,陈锦辉,2016-01-18 06:54:28,2,3,1,很不错
16804,203,陈锦辉,2016-01-19 04:09:25,3,5,2,大爱！上的很棒！就是抢座太痛苦了TT
16807,203,陈锦辉,2016-01-19 04:12:33,0,2,2,听陈老师的课是一种不断认识自我渺小然后发奋图强的过程
17398,203,陈锦辉,2016-01-20 07:28:44,4,6,2,一群渣渣什么都不懂
17399,203,陈锦辉,2016-01-20 07:29:22,0,2,2,好课，好人
17776,203,陈锦辉,2016-01-21 01:07:56,0,2,2,超喜欢的老师，讲课好，人也好，还会叮嘱你，时不时幽默一下，下学期果断还是他
18917,203,陈锦辉,2016-01-22 22:05:52,2,4,2,好老师，不解释
18922,203,陈锦辉,2016-01-22 22:43:47,12,18,6,辉哥从开学就告诉我们，在浙大混个文凭也不容易，一定要认真啊！同时非常鼓励我们玩，全方面发展\n\n建议：上课认真、回去复习、最好有预习\n\nby某年微一满绩的微积分群主
18923,203,陈锦辉,2016-01-22 22:46:09,2,5,3,绝对的好老师
18926,203,陈锦辉,2016-01-22 23:09:42,7,8,1,听陈老师的课真的是一种享受哟！真的讲得非常好。微一上过他的课之后，对老师，对微积分都抱有满满的爱。不知微二微三换老师以后我的微积分会何去何从。
18929,203,陈锦辉,2016-01-22 23:19:57,-1,1,2,因为几乎每次都迟到，hhh，基本都是坐最后一排，然而看不清老师写的字，所以很多情况下都是自学。不过，老师给分很好，老师给分很好，老师给分很好！
18936,203,陈锦辉,2016-01-22 23:44:54,0,2,2,认真负责
18946,203,陈锦辉,2016-01-23 00:03:24,2,4,2,陈老师讲课很快很激情，讲的真的很好，赞
18956,203,陈锦辉,2016-01-23 00:30:21,1,4,3,数学素养很高！上课不用PPT必须占座！会讲很多例题拓展 脾气挺好 好老师！
18962,203,陈锦辉,2016-01-23 00:46:13,0,2,2,好老师 给分不错
18963,203,陈锦辉,2016-01-23 00:51:24,0,2,2,陈老师上课很认真，真的是很好的老师。有时候也挺幽默风趣的。
18966,203,陈锦辉,2016-01-23 00:55:05,3,7,4,字是真的受不了，你要是基础不好千万不要在课上听。
18972,203,陈锦辉,2016-01-23 01:29:57,0,2,2,很好的老师
18989,203,陈锦辉,2016-01-23 02:09:46,2,4,2,浓浓师生情！
19050,203,陈锦辉,2016-01-23 06:45:43,0,3,3,题目顺手拈来，注重能力培养。答案真的不重要......
19224,203,陈锦辉,2016-01-23 14:57:36,2,4,2,陈老师太赞了
19236,203,陈锦辉,2016-01-23 15:28:07,2,3,1,非常好的老师！上课思路清晰，认真负责。
19242,203,陈锦辉,2016-01-23 15:55:24,-1,2,3,老师上课还是很好的
19250,203,陈锦辉,2016-01-23 16:05:19,5,6,1,字有点潦草
19456,203,陈锦辉,2016-01-24 09:08:56,3,4,1,超强666
19750,203,陈锦辉,2018-01-20 02:49:32,-62,7,69,垃圾 分哪有那么高
19794,203,陈锦辉,2016-01-25 09:28:33,0,2,2,老师很棒，但是微积分还是靠自己刷题才能有好成绩
20072,203,陈锦辉,2016-01-26 04:51:39,0,2,2,课讲得非常好，基本是得到拯救了。不喜欢用ppt，板书远的地方看不见。
20314,203,陈锦辉,2016-01-27 03:43:38,1,4,3,虽然很多时间是听不懂的，但是这激励了我自学..最后拿了满绩。陈老师人不错，讲课的话，因人而异吧。感谢=-=
20356,203,陈锦辉,2016-01-27 06:28:26,1,3,2,不只是应试的老师，他能帮助你真正理解微积分，人也超级正直，如果想好好学数学的推荐选他～不过想听好他的课最好把基础内容补一下
20399,203,陈锦辉,2016-01-27 12:39:26,3,5,2,一想到辉哥就想到大一青葱的时光，怀念当年微积分占座的经历，怀念那帮匆匆别离的小伙伴。
20524,203,陈锦辉,2016-01-28 05:37:51,3,8,5,好的！给分低
20710,203,陈锦辉,2016-01-30 06:26:04,0,2,2,老师真的不错，很负责，怪我自己考差了
20863,203,陈锦辉,2016-02-02 14:23:28,19,25,6,不会抢座的人慎选
20971,203,陈锦辉,2016-02-06 01:55:34,1,3,2,好极了
21029,203,陈锦辉,2016-02-11 11:49:45,2,4,2,NB 牛逼\n\n
21055,203,陈锦辉,2016-02-14 01:06:31,2,3,1,陈老师绝对是难得一见的好老师，教学逻辑非常清晰，深入浅出，认真负责，超棒！
21258,203,陈锦辉,2016-02-27 15:10:52,4,6,2,认真负责  有高材生的才情与傲气  数学好或者对数学有兴趣的同学会有很大提高，数学基础差的话题可能会比较吃力
21362,203,陈锦辉,2016-02-28 09:01:39,-61,4,65,差差差！！！！！！！！！！！！！人品差！！！！！！口音重！！！字迹潦草！！！！！！问题不理！！！！！！给分低！！！！！不留情面！！！！
21363,203,陈锦辉,2016-02-28 09:00:46,-1,4,5,亲人啊，本来以为微一挂定了的！！师生情多浓啊！！！
21443,203,陈锦辉,2016-02-29 01:19:17,0,1,1,知识点讲的非常细！非常负责！大力推荐！
21551,203,陈锦辉,2016-02-29 07:25:13,0,1,1,还好吧
21699,203,陈锦辉,2016-03-01 00:14:10,2,4,2,见过的最负责任的最勤恳的最好的微积分老师
21906,203,陈锦辉,2016-05-01 11:11:04,0,2,2,陈男神，不解释！
21958,203,陈锦辉,2016-03-02 02:17:59,1,2,1,我男神！\n\n
22093,203,陈锦辉,2016-03-02 10:23:43,0,1,1,真的是好老师 大一上最满意的一个老师
22353,203,陈锦辉,2016-03-04 02:00:51,2,3,1,好老师 讲的特别好 很生动
22421,203,陈锦辉,2016-03-05 05:12:59,-18,1,19,三门满绩
22436,203,陈锦辉,2016-03-05 12:04:11,5,6,1,陈老师非常认真负责，讲课条理清晰，结合很多例题，平时分也给得很高，对学生很用心，是个非常非常nice的老师！
22711,203,陈锦辉,2016-03-10 06:04:14,1,2,1,真的好极了\n\n
22787,203,陈锦辉,2016-03-11 08:32:02,14,16,2,浙大最好的老师，没有之一
22819,203,陈锦辉,2016-03-13 01:25:57,40,43,3,在地板上听课也是一种享受
23091,203,陈锦辉,2016-03-17 07:39:46,2,3,1,工信边淞强推，老师超好
23344,203,陈锦辉,2016-03-25 11:55:47,3,3,0,如果温度再高一点，第零排就是微积分+地热瑜伽，爽
23374,203,陈锦辉,2016-03-28 00:49:38,-33,0,33,自以为是 没耐心
23495,203,陈锦辉,2016-04-01 01:07:33,0,2,2,好老师\n\n
23511,203,陈锦辉,2016-04-02 14:52:42,55,58,3,抬起你们高贵的头颅吧
23984,203,陈锦辉,2016-04-24 02:18:22,-1,1,2,老师绝对是很棒的，只是要很早起来抢座位。老师上课会说，抬起你们高贵的头颅╰(*´︶`*)╯
24053,203,陈锦辉,2016-04-26 07:33:30,1,2,1,很认真很有激情，有思路、很容易听懂
24095,203,陈锦辉,2016-04-27 03:13:13,2,3,1,坐地上听课好几次了，很不错
24213,203,陈锦辉,2016-04-28 11:44:19,0,1,1,老陈的课讲的实在是好，有思想有难度，不听他的课简直损失大了
24383,203,陈锦辉,2016-04-30 07:46:07,3,3,0,好老师，水平很高，值得选！
24384,203,陈锦辉,2016-04-30 07:46:01,0,1,1,最爱的老师，没有之一
24452,203,陈锦辉,2016-04-30 14:13:24,0,1,1,怎么说呢 上课从不点名 基本只写板书因此最好要做在前面。讲课讲的很好，思路很清楚，给他发邮件问问题他会及时回复你，虽然今年微二有点杀，但是还是觉得他的水平很不错，强烈推荐
24494,203,陈锦辉,2016-04-30 18:01:50,1,1,0,好老师，讲得很清楚
24510,203,陈锦辉,2016-07-06 06:07:01,1,3,2,请抬起你高傲的头颅～hhhh
24518,203,陈锦辉,2016-05-01 04:00:36,-3,2,5,太难了，听不太懂。微二比微1低。但是老师还是不错的（如果试卷难的话）
24592,203,陈锦辉,2016-05-02 05:05:31,2,2,0,数学知识融会贯通，不过要抢前排， 抢前排，抢前排！！！
24688,203,陈锦辉,2016-05-03 06:03:35,2,2,0,真的是负责的好老师！很拓宽知识面
24763,203,陈锦辉,2016-05-03 12:03:50,-1,1,2,学渣上课基本没怎么听…虽然经常迟到做第0排，依旧没预习听不懂…不过辉哥的平时分也很高，选他是一种荣幸。
24829,203,陈锦辉,2016-05-04 02:45:09,0,0,0,哈哈哈
24918,203,陈锦辉,2016-05-04 10:33:51,0,0,0,微一微二都是陈老师的
24969,203,陈锦辉,2016-05-04 14:28:28,0,1,1,能见识到许多特别的占座技巧→_→如果占不到 可以做前排的地上
24992,203,陈锦辉,2016-05-04 16:34:49,-1,1,2,我只有他的微一 怀念当时上微积分的激情满满 哭
25029,203,陈锦辉,2017-05-18 04:15:12,-24,1,25,全靠自己
25547,203,陈锦辉,2016-05-25 05:23:22,3,3,0,讲的超级清楚
25597,203,陈锦辉,2016-05-27 03:21:18,-12,1,13,例题讲得太多
25799,203,陈锦辉,2016-06-08 11:28:15,3,3,0,陈老师真的是很棒的老师 是所有课里面听的最认真的一门了 完全不能走神啊 不然就听不懂了←_←但真的是很棒的老师！！！
25817,203,陈锦辉,2016-06-09 05:55:18,0,2,2,讲的很有意思，虽然有时黑板看不清
25877,203,陈锦辉,2016-06-13 05:15:06,0,1,1,非常完美的体验
26058,203,陈锦辉,2018-01-12 08:54:34,1,2,1,非常好
26188,203,陈锦辉,2016-06-16 07:44:40,-10,1,11,老师好跳
26337,203,陈锦辉,2016-06-17 03:13:04,1,1,0,课上认真听就可以学明白，不需要课下话很久的好老师！
26356,203,陈锦辉,2016-06-17 05:17:01,4,5,1,计算能力超强！学术偶像！
26954,203,陈锦辉,2016-06-22 01:48:03,1,3,2,超级棒，换课也要上
27304,203,陈锦辉,2016-06-24 14:43:18,2,3,1,课讲的很好，可以如果坐后排很难看清黑板，建议早点去上课
28001,203,陈锦辉,2016-06-28 07:58:27,0,2,2,陈老师是一个非常棒的老师，很有才华，做题思路多，微三速度比较快，但是真的很能开阔思路上课的时候不用ppt而全是手写（虽然有的时候字会看不清），而且每节课前或者课间休息时间会出一些题目，有一次他出的题是他来上课的路上想出来的……真的很厉害～
28077,203,陈锦辉,2016-06-28 08:04:31,4,4,0,讲得很好，给人很大启发
28193,203,陈锦辉,2016-06-28 08:14:34,2,3,1,很激情
28498,203,陈锦辉,2016-06-28 09:32:29,0,1,1,太棒了，适合思路比较快的同学\n\n
29004,203,陈锦辉,2016-06-29 06:04:43,2,3,1,微积分都是陈老师上，能跟得上老师的节奏，成绩就不会差，好老师真的
29102,203,陈锦辉,2016-06-29 08:39:45,21,25,4,同班同学戴望远镜去上课的
29739,203,陈锦辉,2016-06-30 09:09:59,2,3,1,感觉自己有时候注意力不是很集中，但是感觉老师讲的真的很不错(*๓´╰╯`๓)♡，对我们有时候也是苦口婆心的
30683,203,陈锦辉,2016-07-02 08:06:09,0,2,2,讲课很有条理，让我真正对微积分的思维模式有了一些了解。上课认真负责，看见你玩手机还会批评你，很真诚。不过占座确实是个问题，建议宁坐地板不坐后排。
30700,203,陈锦辉,2016-07-02 08:53:30,4,4,0,感觉是数学思维很强大的老师，但有时跳步太厉害真的不太适合我，感觉还是要根据个人情况取舍一下
30973,203,陈锦辉,2016-07-03 05:10:04,-8,4,12,个人觉得他的风格不适合我，为什么要坚持用板书？坐后面的同学完全看不清楚，字写得有那么草。还有期末PPT不会让学生拷贝，讲真只是一个PPT，不用这么在意知识产权吧，况且都是题目而已。
31134,203,陈锦辉,2016-07-03 08:59:50,40,42,2,阿辉哥超级好啊！认真负责，水平也很高！我微一微二微三都是他的！打乱课表就为了选上他的课！微三出来后给他发邮件表示感谢，阿辉哥很认真地进行了回复！\n\n严厉而又温暖！阿辉哥绝对得一生推！这是能让人受益终生的老师啊！
33340,203,陈锦辉,2016-09-18 13:28:44,-1,0,1,邮箱提问秒回！
33661,203,陈锦辉,2016-09-22 08:06:54,3,3,0,好无敌
33672,203,陈锦辉,2017-01-19 10:06:46,1,2,1,非常好，学到好多
33945,203,陈锦辉,2016-09-23 05:53:21,5,6,1,老师很好，但我太菜
34705,203,陈锦辉,2016-10-19 01:34:41,0,1,1,享受啊
34940,203,陈锦辉,2016-10-27 00:44:12,0,0,0,一座难求……
34986,203,陈锦辉,2016-10-28 03:02:56,1,2,1,人真的很好
35437,203,陈锦辉,2016-11-10 07:16:21,1,1,0,好好学，会有很大收获的，只是抢位子真的很难，我都只能做最边上，去得也不迟，中间位子都被占了
35482,203,陈锦辉,2016-11-10 07:20:45,3,3,0,真的好棒，有很多的延伸知识，还是很关心学生哒
35537,203,陈锦辉,2017-01-19 02:23:05,-1,1,2,一定要抢前排！一定要抢前排！一定要抢前排！
35563,203,陈锦辉,2016-11-13 05:55:43,0,2,2,不打10分简直没天理
35572,203,陈锦辉,2016-11-10 07:28:30,2,2,0,字也太潦草了吧，全程練聽力看不懂在寫什麼，，，，但這也沒法阻止我對他感到敬佩，講的很好拓展很多，喜歡用大量例子，上他的課自己還要課下花很多時間，但能夠學的很深
35613,203,陈锦辉,2017-01-17 15:07:42,8,8,0,浙大最棒，没有之一，上课认真负责，给分也好，想打100
35649,203,陈锦辉,2016-11-10 07:38:49,0,0,0,很棒呀，就是上课字有点龙飞凤舞的感觉，认真听还是听得懂的\n\n
35679,203,陈锦辉,2017-01-09 14:58:57,3,3,0,怎一个爽字了得
35764,203,陈锦辉,2016-11-10 08:04:58,0,4,4,还给陈老师这么高的分？下学期还想不想选他的课了呀？
35976,203,陈锦辉,2016-11-12 08:08:17,2,2,0,很厉害的老师，学过竞赛的我还是分分钟被吊打。。。
36094,203,陈锦辉,2016-11-10 12:17:08,2,3,1,很认真负责，在群里有人问问题，老师很快就会出来解答，讲课也很有意思，就是不用PPT，不过坐后排的教你一招，用手机摄像头放大看
36103,203,陈锦辉,2017-01-21 14:46:34,78,81,3,陈老师的微积分，就一句话：值得选！陈老师上课非常认真负责，一遍遍写板书，拓展满满。每次早课，陈老师大约7点30就到教室了，有时候会翻翻同学们的作业本，看看大家学习的情况。期中考后，还找一些同学聊了聊。可以说，陈老师真的是把学生当孩子看的，上课有时候也会有感而发，讲讲应该如何学习，对我们大一新生还是很有指点作用的。微积分好好跟着辉哥学，努力一点，拿个不错的绩点其实没有想象中难。
36127,203,陈锦辉,2016-11-10 13:36:34,1,2,1,绝壁好老师！
36377,203,陈锦辉,2016-11-12 14:11:25,-1,1,2,超好 老师可爱负责 但是一定要认真听思路才会清晰 尽量坐在前面 遇到这样的老师是你的幸运 浙大最好老师
36773,203,陈锦辉,2016-12-21 15:01:06,0,1,1,很好很认真
36783,203,陈锦辉,2017-01-02 04:00:05,9,10,1,很认真负责。\n\n
36894,203,陈锦辉,2016-11-16 11:13:47,3,3,0,男神啊～\n\n
36913,203,陈锦辉,2017-01-17 15:42:33,14,14,0,绝对不后悔的选择
37240,203,陈锦辉,2016-11-18 04:02:20,0,1,1,啥都不说了，大赞
37989,203,陈锦辉,2016-11-22 23:54:28,1,1,0,老师很负责，上课很用心，一座难求
38569,203,陈锦辉,2016-12-09 03:41:09,4,4,0,史无前例的好老师\n\n
38743,203,陈锦辉,2016-12-16 07:51:15,2,4,2,陈老师真的很厉害，而且对学生很负责，是我见过最棒的老师之一，上课也挺有意思，不会犯困，真的是非常好的老师！！！
38790,203,陈锦辉,2016-12-19 03:39:25,0,1,1,遇见老师是大一最大幸运
39098,203,陈锦辉,2017-01-15 02:49:31,13,14,1,老师我爱你
39270,203,陈锦辉,2016-12-22 01:41:54,2,5,3,大家悄悄把分压低点，好让我们这种预置不是陈老师的人选上他的课，嘿嘿嘿
39463,203,陈锦辉,2016-12-23 02:26:50,-2,0,2,提前一天晚上去抢占第二天早上的位子都抢不到前排。可以想象有多火爆?
39467,203,陈锦辉,2017-01-18 04:10:58,0,3,3,超级赞！！！
39678,203,陈锦辉,2016-12-27 03:03:00,1,1,0,讲得蛮快的，但是只要提前看看书，基本都能听懂，群里讨论的问题上课会抽时间解答难题，很和蔼，群里经常答疑解惑，很负责任，平时两次随堂测验给分也很高，有时候也很幽默撒
40351,203,陈锦辉,2017-01-03 04:26:17,1,3,2,老师人很好的，在群里问题都会教思路，平时分不会苛刻，会经常让我们少水手机hh虽然我微积分学的不好（主要是我课后用功时间不足吧对数学的悟性也不高…）但还是想推荐一下老师
40360,203,陈锦辉,2017-01-03 04:52:58,-1,1,2,思维的升华
40484,203,陈锦辉,2017-01-18 00:26:34,9,10,1,老师很好很好，座位不好抢
40793,203,陈锦辉,2017-01-21 06:02:51,109,134,25,简单地说，高考数学107的我，在陈老师的班下，微一期中考92，期末考96，满绩
40849,203,陈锦辉,2017-01-18 04:34:08,14,15,1,陈老师真的很好真的很好！特别感动π_π特负责的老师！考的不好感觉都对不起老师！
40909,203,陈锦辉,2017-01-06 08:36:20,0,2,2,老师很认识负责！
40920,203,陈锦辉,2017-01-06 11:59:34,2,2,0,好老师，真的是好老师，上大学以后遇到的最好的老师。讲课好，对学生关心，内容丰富，慈爱。大爱陈老师。笔芯
40938,203,陈锦辉,2017-01-17 15:00:37,5,7,2,浙大最好的老师，没有之一
41059,203,陈锦辉,2017-01-15 12:45:41,2,3,1,浙大最好的老师，没有之一。
41112,203,陈锦辉,2017-01-09 08:18:16,18,19,1,“吔，这题终能会吧！”
42231,203,陈锦辉,2017-01-14 02:51:53,0,2,2,很好的老师 教的是真的好 非常负责呢
42693,203,陈锦辉,2017-01-17 15:06:52,0,2,2,没挂，谢老师
42763,203,陈锦辉,2017-07-03 15:42:56,37,40,3,太好了，我们一起把老师分刷到10，不说别的了
43168,203,陈锦辉,2017-01-16 02:19:54,1,1,0,老师人真的很好，但是如果数学基础不好的话，听起来真的很吃力，老师节奏很快而且不用ppt，整个学期都要占座，而且是7点到教室就没位置的那种，慎选
43609,203,陈锦辉,2017-01-16 15:28:41,6,7,1,老师超负责，超赞，期末考试考的感觉不是很理想 可能我和那些大佬比用功和天赋都不够吧。。。对不起陈老师??
43859,203,陈锦辉,2017-01-17 05:11:44,3,3,0,好！！！！讲的真好。。。可惜微二没选上他的课。。。
44309,203,陈锦辉,2017-01-17 15:02:21,2,4,2,男神，没有之一。（突然担心下学期会有更多人和我抢陈老师的课）
44310,203,陈锦辉,2017-01-17 15:03:44,3,3,0,炒鸡赞！老师很好很好很好哟
44311,203,陈锦辉,2017-02-28 06:33:58,15,16,1,陈老师上课很有激情，真心为同学，作业不多，讲课清晰明了，好老师！
44320,203,陈锦辉,2017-01-17 15:07:21,7,7,0,陈老师的课上让人感到在浙大的自豪感 而且具有学者对学问的严肃 信手拈来足够展现他的能力 虽然每次上课都要占前排 虽然陈老师的讲课方法不是适合某类同学 但是如果能跟得上陈老师节奏微积分绝对在4.2以上  最后 浙大迄今为止见过最棒的老师！
44326,203,陈锦辉,2017-01-17 15:12:01,3,4,1,我觉得必须给10分啊！
44328,203,陈锦辉,2017-01-17 15:13:25,7,8,1,浙大最好数学老师，讲课超细致认真，上陈老师的课要好好听课，绝对能收获许多！
44331,203,陈锦辉,2017-01-17 15:14:12,0,3,3,老师太棒了，我已经找不出词语来表达我对老师的崇敬和爱，大一上真是太幸运了，能选上老师的课，太爱老师，陈老师是我男神，但是很伤心的是，我男神被人抢走了。。。QAQ
44332,203,陈锦辉,2017-01-17 15:14:19,1,3,2,无法言语的棒
44335,203,陈锦辉,2017-01-17 15:15:29,-1,2,3,讲课好人更好。散发着浓浓的人格魅力，感觉是这个学期遇到的最可爱的老师啦！很喜欢在群里发抱拳的表情......言语已经无法表达喜爱之情了！
44337,203,陈锦辉,2017-02-28 01:17:06,92,108,16,还是说一下，能力不够的最好别选他（我是数学废文科生），能听懂你就会很喜欢他，这么好的老师都救不了我，唉……学霸别踩我……
44353,203,陈锦辉,2017-04-18 02:08:03,6,7,1,上陈老师的课很舒服 全程保持注意力集中的话能跟上节奏 学起来就会很轻松 上课会有很多展开 听辉爷的课是一种享受 以及 老师很逗 很关心学生 大一最喜欢的老师
44360,203,陈锦辉,2017-01-17 16:54:25,2,3,1,感谢老师不挂之恩
44376,203,陈锦辉,2017-01-17 16:34:18,9,9,0,听他的课你是睡不着的，甚至做不了作业，因为他一旦开始讲课你的注意力就完全被他吸引过去了！
44435,203,陈锦辉,2017-01-17 23:49:33,12,13,1,老师真的超级棒…大一刚进来就听老师的课简直太幸运。以前高中数学不好，但微积分居然都听懂了。喜欢手写板书！平时分也给得超棒！认真负责的好老师！
44436,203,陈锦辉,2017-01-17 23:50:18,2,2,0,真的棒棒的\n\n
44930,203,陈锦辉,2017-01-18 14:17:37,3,3,0,老师超级超级超级超级好。认真负责，又萌又可爱～最喜欢的老师没有之一。
45004,203,陈锦辉,2017-01-18 21:39:13,10,10,0,男神一般的存在，神一样的数学水准！老师人超好，平时对你很严格但重要的时候能帮的都会帮的！和老师不仅学知识而且学做人，一学期收获满满，可以打11分么，多一分不怕你骄傲～(抢位置真心累，大家占座真是拼了老命的)
45033,203,陈锦辉,2017-01-19 00:40:27,0,2,2,极好的老师，真的超喜欢陈老师，认真负责，真的是关心学生的老师，给分也极好
45132,203,陈锦辉,2017-01-19 04:20:03,0,1,1,超级好
45193,203,陈锦辉,2017-01-19 06:27:59,1,1,0,给一个巨大的赞！！！真的是一个令人尊敬的老师！
48035,203,陈锦辉,2017-02-28 05:59:16,3,4,1,很负责的数学老师，听他的课自己不认真上课都有愧疚感。
48117,203,陈锦辉,2017-02-28 14:01:18,4,4,0,很好的老师，虽然要求比较高，但是真的是希望学生能够学到东西而不是水水过去
48375,203,陈锦辉,2017-03-02 12:13:49,2,3,1,怀念前排坐地板的日子
48764,203,陈锦辉,2017-03-12 11:44:42,0,1,1,希望选上他微积分的人好好珍惜，真的不能再好
48903,203,陈锦辉,2017-03-16 02:58:08,1,2,1,你们有很多东西还是要
48913,203,陈锦辉,2017-03-16 07:14:14,4,5,1,解释一下为什么给十分，因为这里没有100分
49248,203,陈锦辉,2017-03-31 00:42:49,2,2,0,最好的老师
49334,203,陈锦辉,2017-04-06 01:04:03,1,3,2,一样不一样啊?你说一样不一样。
49335,203,陈锦辉,2017-04-06 01:26:50,0,2,2,很好的
49514,203,陈锦辉,2017-04-17 11:25:07,4,6,2,非常喜欢陈老师，整个大一最有热情的一门课:《微积分》（运气非常好1，2，3都是他的而且都满了~），上课完全板书（除了考试前复习会放PPT复习，记得拍哦~），所有的推导一气呵成，充满激情，能跟着他的思维真是享受！在浙大待了快三年，陈老师始终是最爱，看到自己现在这么水，不免唏嘘，岁月不返！
50800,203,陈锦辉,2017-05-05 15:03:44,-1,1,2,刺激啊
51047,203,陈锦辉,2017-05-15 06:50:06,3,4,1,大学遇到最好的老师
51121,203,陈锦辉,2017-05-18 03:54:25,0,1,1,绝对很棒的老师，给10分不能表达我的感激之情！\n\n
51122,203,陈锦辉,2017-05-18 03:56:13,2,2,0,哎呀!迟早都要面对的躲是躲不掉的啊
51124,203,陈锦辉,2017-05-18 05:06:14,2,2,0,真的是幸福！\n\n
51133,203,陈锦辉,2017-05-18 07:13:24,0,2,2,不满绩实在对不起陈老师呀，从未如此喜欢数学~\(≧▽≦)/~
52140,203,陈锦辉,2017-06-15 06:04:37,16,17,1,陈老师真的是一个超级无敌螺旋棒的老师，上课思路清晰，讲得非常清楚，注重能力和数学感觉的培养，而且特别关心学生，把我们当他的孩子，真的上大学很难得遇到这么负责的老师，数学一直很差的我上学期数分差点挂科的情况下，有幸预置了陈老师的课，感觉稀里糊涂的微积分一下子清楚有条理，真的有种学会了的感觉，感恩，一辈子的恩师❤️谢谢陈老师。
52799,203,陈锦辉,2017-06-23 03:15:01,3,4,1,终于不会想把老师的语速调到1.5倍了
52925,203,陈锦辉,2017-06-23 14:24:00,230,240,10,踏踏实实做人，做事，做学问！！！——大一上了一年的陈老师的微积分课了，陈老师的最后送给我们的话。\n\n上了整整一年陈老师的微积分课，陈老师绝对是浙大最良心的好老师，没有之一，很质朴，低调，不求什么，真正埋头做学问的好老师，印象最深令人感动的事情也太多了：因为教材没有答案困扰了很多学生，老师专门自己做了所有练习题！！！浙江高考最后题改卷，为了保证绝对公平，自己用了二十多种方法去做！！！真心是好老师，能真正为学生着想，真正做学问的好老师！！！\n\n上课真的挺好的，准备特别充分，虽然完全手写板书，但只要认真一定能听懂的，题目都信手拈来，都不看教辅材料，也真的挺佩服陈老师，陈老师班的期中期末考平均分也总是比其他班高好多。\n\n另外，陈老师的期中期末之前的复习资料一定要拍！！！特别有用，只要完整理解一遍，一般考试就都会做了
54502,203,陈锦辉,2017-06-29 12:30:02,0,1,1,fantastic！\n\n
54561,203,陈锦辉,2017-06-29 15:24:02,1,2,1,陈老师虽然看起来很严肃，但真的是我遇到过最关心学生的老师了，谢谢您
54891,203,陈锦辉,2017-06-30 11:41:29,10,12,2,“所谓大学者非有大楼之谓也，谓大师之谓也！”此话用在此处恰如其分
56066,203,陈锦辉,2017-07-04 02:21:50,3,5,2,虽然从来没抢到过前排，还是很感谢陈老师啦
56404,203,陈锦辉,2017-07-03 15:50:49,5,6,1,老师超级超级棒！以为期末稳挂结果居然及格了。文科生学起来确实有点吃力，老师讲的很好但有时候自己跟不上就是自己的问题了。
56410,203,陈锦辉,2017-07-03 16:13:32,6,7,1,对学生超负责，还会讲段子hhh
56438,203,陈锦辉,2017-07-03 23:48:43,1,2,1,真心好老师啊～
56458,203,陈锦辉,2017-07-04 00:54:56,11,13,2,陈老师是我这么多年遇见的最好的数学老师了，没有之一！作为一个文科生，之前数学以刷题的方式苦苦追赶 ，但陈老师上课让我真的感觉到了数学的美！
56467,203,陈锦辉,2017-07-04 01:03:04,2,4,2,老师人很好。很少有陈老师这样上课提醒大家不要玩手机的老师。
56510,203,陈锦辉,2017-07-04 02:14:03,8,8,0,好老师，超级好的老师，有着非常好的人格魅力，上课讲题极其细心，会拓展很多的东西，在平时也会非常细心的照顾大家。在群里也会关注大家的生活。陈老师是个好老师，可是我却不是个好学生，给陈老师丢脸了啊
56538,203,陈锦辉,2017-07-04 02:59:35,10,10,0,非常好，非常负责的老师\n\n
56607,203,陈锦辉,2017-07-04 05:30:39,17,20,3,老师的微积分讲的超级的棒！会拓展很多知识，而且老师还会让你学到除了微积分以外的知识。\n\n另外，老师很体贴，三观极正。
56804,203,陈锦辉,2017-07-04 15:56:23,4,5,1,老师讲课什么的确实不错，对同学态度有时候比较不耐烦，但总体还是很关心学生的。顺便讲一句十分鄙视陈老师课过分占座和隔课占座的，真的太过分了，别的同学来的再早也坐不了前排中间位子，你们的素质体现在哪里！！！
56996,203,陈锦辉,2017-07-05 06:20:50,1,2,1,真好老师
57687,203,陈锦辉,2017-07-12 13:54:03,-23,1,24,一般般
57767,203,陈锦辉,2017-07-14 12:40:27,69,71,2,浙大最好的微积分老师，没有之一。陈老师所用的自编教材难度本来就高于苏老师版，平时上课也不拘泥课本，经常补充一些有挑战力但是很有用的习题。认真摘老师的例题（特别是考前复习老师给的所有ppt以及微信群照片的习题），认真做课本习题，课后注意消化这些题目，私以为微积分功底不会差到哪里去。本人微一实在烂，微二有幸选上陈老师的课，虽然期末考感觉炸了，最后实际出分还是挺好的（可能就是平时功底还是在的缘故吧，考试周也没时间详细复习）。最终绩点刚好卡上4.5，真的感激陈老师，努力帮陈老师刷到10分！！！！！
58063,203,陈锦辉,2017-07-28 02:51:55,85,91,6,陈老师的课或许是浙大占座问题爆发的一根导火索
58087,203,陈锦辉,2017-07-29 02:59:13,2,3,1,很好的老师
58205,203,陈锦辉,2017-08-22 08:57:17,0,3,3,真的不错
58328,203,陈锦辉,2017-08-28 18:15:47,2,4,2,好老师！
58692,203,陈锦辉,2017-09-15 02:59:56,2,4,2,不给10分都对不起老师的不挂之恩
58953,203,陈锦辉,2017-09-19 00:54:57,-1,2,3,幽默，有营养
59477,203,陈锦辉,2017-09-22 00:26:08,4,6,2,特别贴心，有爱，不可多得的好老师
59527,203,陈锦辉,2017-09-22 05:46:37,5,6,1,幽默，风趣，可爱?，就是有一点点口音，还有就是课上人太多，这也是没办法……希望能拿到一个好一点的分数……
59717,203,陈锦辉,2017-09-26 06:51:08,0,2,2,男神哇
59882,203,陈锦辉,2017-09-28 03:58:07,0,2,2,语速有点快，字有点看不懂，可能是因为没有习惯吧。老师是很负责的，感觉很和蔼，但是不敢问问题，嘿嘿。
60411,203,陈锦辉,2017-10-19 07:58:40,1,3,2,陈锦辉老师是个大好人 布置作业特别良心 上课也很带感
60481,203,陈锦辉,2017-10-22 10:32:13,1,3,2,好老师。。
60898,203,陈锦辉,2017-11-02 01:51:46,0,2,2,老师超负责超好，是真的关心学生
61141,203,陈锦辉,2017-11-09 04:19:08,3,4,1,非常好
61498,203,陈锦辉,2017-11-18 00:42:48,2,4,2,很棒哦
61708,203,陈锦辉,2017-11-20 07:55:37,3,5,2,陈老师上课非常严谨认真，思路也超级流畅！跟着老师的思路走就是会有一种非常有趣乐在其中的感觉，会讲比较深的例题，对理解非常有帮助。建议上课记笔记，只要认真听都会非常有收获的！强烈推荐！
61912,203,陈锦辉,2017-11-21 15:07:01,0,2,2,享受啊
62995,203,陈锦辉,2017-12-28 01:57:32,7,8,1,春夏提前1h占座位  秋冬提前45min占座位  不占前排座位简直没法听课。。。
63007,203,陈锦辉,2017-11-28 01:54:39,-1,1,2,老师思路很棒，很喜欢老师，下学期还要选老师的课
63008,203,陈锦辉,2017-11-28 02:01:50,1,2,1,哎呀，这种题目自己都可以编的啦，想编多难就多难。
63036,203,陈锦辉,2017-11-28 03:37:48,3,5,2,emmmmm，真的很强，基本上每届他带的班都是平均绩点优秀率第一第二的，不过听他的课要小心，可能走神一分钟就再也听不懂了。还有就是要抢座，心很累。老师很棒，选上他的课就等着乐吧。
63664,203,陈锦辉,2017-12-12 05:09:33,56,57,1,我大一听微一，感触太多，接触到的浙大唯一一个真真正正符合我内心期待的梦幻级别的老师，听课就是一种享受，永远不会困，完全沉浸于其中，私以为他的水平可为浙大之最！(没听过什么矿爷，只认辉爷)
63766,203,陈锦辉,2017-12-14 07:37:54,0,1,1,内容丰富
63901,203,陈锦辉,2017-12-19 03:40:09,11,12,1,一不一样的啊？一样的吧，一样道理的啊。\n\n诶亚答案真的不重要
64020,203,陈锦辉,2017-12-20 14:11:12,11,12,1,不是他的课我就不想学数学了！！！！！！
64022,203,陈锦辉,2017-12-20 14:17:37,2,2,0,老师人真的的很好，关心学生。值得选值得选值得选！重要的事情说三遍
64030,203,陈锦辉,2017-12-20 14:55:20,2,3,1,老师真的很棒，每次听老师的课有种温暖的感觉，老师想教给我们某种数学思想，真的好，跟着老师没问题哒(｡･ω･｡)
64060,203,陈锦辉,2017-12-20 23:51:18,1,2,1,真的真的超好的老师，浓浓师生情，每次早课都提前半小时到答疑。讲课很细教材也很棒啊。
64069,203,陈锦辉,2017-12-21 01:48:40,5,8,3,太累了，节奏太快，会拓展很多，字很潦草辨认有点困难，后排拍照看不清只能抢座位，建议数学功底好的人选他的课，数学不好的人上他的课
64071,203,陈锦辉,2017-12-21 01:52:26,0,2,2,很好，觉的有很大的收获。
64075,203,陈锦辉,2017-12-21 01:57:23,-2,0,2,???
64107,203,陈锦辉,2017-12-21 03:51:54,15,16,1,其实陈锦辉的课并不适合小菜鸡学，例如我，适合大佬。并不会把基础讲得很透，补充很多，适合大佬。讲得太快了。但是陈锦辉还是很可爱滴，每句话后面都会发感叹号\n\n
64109,203,陈锦辉,2017-12-21 03:55:02,11,18,7,五排以后上课就完全看不清 每次占位子都很痛苦 老师讲的又特快 字很潦草\n\n对于反应快的是好老师，对于那些普通资质的同学还是不要选他了吧 \n\n班级竞争很激烈 老师的回答问题也有点不耐烦的感觉\n\n不过老师是好老师 是我不适合
64272,203,陈锦辉,2017-12-22 07:12:37,6,6,0,只想说，能上陈老师的课真好(✪▽✪)遇见他是我的幸运
64296,203,陈锦辉,2017-12-22 09:14:40,0,2,2,一想到下学期选不上他的课就好难受，选上的好好珍惜吧
64740,203,陈锦辉,2017-12-27 04:22:59,1,1,0,陈老师真的爱学生，上课又精彩，我超喜欢陈老师的(｡･ω･｡)ﾉ
64801,203,陈锦辉,2017-12-27 07:29:26,3,3,0,很棒的老师，例题很实用
64884,203,陈锦辉,2017-12-27 15:39:00,3,3,0,讲课略微有点快，但讲得没话说，认真负责，思路清晰，讲解透彻，败一波人品再次选上了他的课，美滋滋。
65084,203,陈锦辉,2017-12-28 14:26:56,4,5,1,下学期选不上陈老师的课了 羡慕能上老师课的同学 好好珍惜这个机会 感谢陈老师
65181,203,陈锦辉,2017-12-30 07:22:08,4,6,2,Cjhnb！！
65418,203,陈锦辉,2018-01-04 00:05:12,16,17,1,这个很早就说过了，迟早要面对的啦
65516,203,陈锦辉,2018-01-05 03:34:57,2,3,1,爽～～～～
65858,203,陈锦辉,2018-01-09 15:09:23,13,13,0,看看微一群里没有选上陈老师的课的同学的哀嚎就可以知道陈老师有多棒了！学术素养很高而且讲课思路超级流畅，注意思维的培养并且会拓展很多知识！还很关心同学！这样的陈老师谁能不爱！我爱陈老师哇！
65994,203,陈锦辉,2018-01-11 01:20:14,0,2,2,很好的老师
66147,203,陈锦辉,2018-01-12 06:01:42,1,2,1,10分不解释，但是上陈老师的课一定要记笔记啊
67674,203,陈锦辉,2018-01-22 04:52:45,4,4,0,好棒啊
68662,203,陈锦辉,2018-01-23 14:41:47,5,6,1,老师上第一节课时就说有些题目我留了思考题  又在群里发  可期末考了  还以有一堆人做不出来 当时我想 这怎么可能   期末考完 发现原来自己就是这种人  啊啊啊啊    但老师真心好    讲的课很充实
68994,203,陈锦辉,2018-01-24 07:34:19,-1,1,2,天使！！！！！！！！
69122,203,陈锦辉,2018-01-24 08:44:45,0,2,2,陈老师是真的好！！
69292,203,陈锦辉,2018-01-24 12:08:32,2,4,2,感觉我太菜了，对不起陈老师/(ㄒoㄒ)/~~
70308,203,陈锦辉,2018-01-26 12:02:36,0,1,1,老师，只想说能不能快点出分，等的我们急死了...\n\n非常感谢老师一学期的栽培\n\n10分
70331,203,陈锦辉,2018-01-26 12:54:16,2,4,2,陈老师炒鸡正能量！！！
70555,203,陈锦辉,2018-01-27 07:56:50,3,3,0,选上了陈老师的课，我却没有好好学。\n\n直到醒悟过来时，却发现已经选不上了。(´;︵;`)
70600,203,陈锦辉,2018-01-27 09:20:43,4,4,0,非常非常非常非常好!!!!
70610,203,陈锦辉,2018-01-27 09:43:49,1,2,1,陈老师讲课很细心der，记下笔记自己慢慢消化，收获会很多，陈老师给分超级好啊！！
70623,203,陈锦辉,2018-01-27 09:56:00,1,2,1,别的不说，就冲这给分也得给10分
70633,203,陈锦辉,2018-01-27 10:17:35,6,6,0,从小到大遇见的数学老师都很棒，当然陈老师也不例外！！很欣赏数学老师不用PPT感觉真的是非常厉害，思维流畅，题目信手拈来。大一上唯一鼓励我早起占座的课，虽然期末考的没预期的好，但是陈老师教我们的不仅仅是微积分吧，会让人静下心来，仔细去思考在“浙里”要怎样度过，“浙大也不是那么好混的啊”哈哈！很难过下学期没选上陈老师的课了，有机会还是想要来蹭课，自己也要更加努力！
70654,203,陈锦辉,2018-02-04 15:08:17,3,8,5,明显比矿爷好，真的
70687,203,陈锦辉,2018-01-27 11:38:59,0,8,8,下学期还是陈老师的课，美滋滋\n\n
70693,203,陈锦辉,2018-01-27 11:52:18,55,58,3,真的是个好老师，教知识也教做人。听完最后一节课鼓掌的时候我眼泪都掉下来了。太幸运大学第一学期就选上了陈老师的课。以后我的人生永远记得这句。踏踏实实做人，做事，做学问。陈老师特别细心。关于上的课我想说上的是真的好，一开始听可能有点快跟不上，然后我就录音，期末复习的时候听着老师的声音真的特别后悔当初没努力学微积分，对不起老师。考试的题目好多都是讲过的，如果好好学绝对绩点上4。我微积分一直理解不了，期中特别差，结果没想到最后绩点出乎意料地高啊！！其实即使我挂科了也想说陈老师就是特别特别好的老师了！没想到绩点也比我想象的好！！！啊啊啊感动！！我爱陈老师！！太可爱的老师了！没选上陈老师微2的暴风哭泣！！！
70699,203,陈锦辉,2018-01-27 12:03:41,2,3,1,老师很负责，上课很充实，绝对不会让同学犯困。
70711,203,陈锦辉,2018-01-27 12:21:21,6,8,2,数学120进来的我，听了陈老师一学期的课，最后绩点4.5，看到绩点的一瞬间真的太激动了！
70718,203,陈锦辉,2018-01-27 12:31:11,7,8,1,身为“浙里”的学生，如何做学问，如何做人，陈老师教的不仅是微积分，更是人生！感谢初入大学能够遇到这样一位真正的老师！
70735,203,陈锦辉,2018-01-27 12:46:48,4,5,1,讲的好给分好 人好
71126,203,陈锦辉,2018-01-28 03:46:57,46,46,0,上师育人 中师授法 下师宣书文\n\n虽然微积分没学好（怪我自己）但是做人做事做学问受益良多
71317,203,陈锦辉,2018-01-28 09:32:05,5,6,1,老师太好，我选上他的秋冬学期课把自己的一学年的运气都用光了，好想微积分二也是他教啊啊啊!
71570,203,陈锦辉,2018-01-28 15:35:19,2,2,0,棒极了
71571,203,陈锦辉,2018-01-28 15:36:19,0,1,1,棒极了（话说为啥有两个陈老师）
71713,203,陈锦辉,2018-01-29 01:37:10,9,13,4,辉爷的课，上课绝对干货，条理清晰，建议做笔记，尤其是老师上课讲的例题，很有用。陈老师是一个治学严谨，教学风趣的“老顽童”，能上您的课是我一生的幸运。
72143,203,陈锦辉,2018-01-29 12:34:14,3,3,0,老师特别好
72696,203,陈锦辉,2018-01-31 01:59:20,1,3,2,超棒，建议做笔记，会收获很多
73231,203,陈锦辉,2018-02-01 08:15:06,0,2,2,很完美
73628,203,陈锦辉,2018-02-02 06:54:56,2,4,2,老师真的好，好的不用解释。用老师的话说考试难不过上课的题目，也就意味着只要上课能跟上微积分拿个4+不是问题了，有时候会留几道思考题，值得花时间思考，像不定积分、定积分什么还是要靠平时刷题。很可惜微2没能选上陈老师的课，如果另外老师不习惯的话我会考虑回来旁听的。
73649,203,陈锦辉,2018-02-02 09:21:56,-1,1,2,陈老师太好了！浓浓师生情
73923,203,陈锦辉,2018-02-03 14:39:10,3,4,1,陈老师真是那种让人感恩一辈子的老师，教会我们的不仅是知识，还是做学问和做人的精神，十分真是太少了~
74017,203,陈锦辉,2018-02-04 07:12:04,-1,0,1,前排的座位就不是我的！
74026,203,陈锦辉,2018-02-04 09:30:21,-6,8,14,不比矿爷差多少，真的
74282,203,陈锦辉,2018-02-09 04:36:25,-14,8,22,上课跟着听就能满绩
74335,203,陈锦辉,2018-02-11 14:31:19,1,2,1,不说了，退了所有的课想再上一学期陈老师的课
74562,203,陈锦辉,2018-03-03 14:37:32,1,1,0,特别棒！没有之一
74944,203,陈锦辉,2018-03-06 23:51:43,24,31,7,评分高的老师不一定是适合你的老师
75164,203,陈锦辉,2018-03-07 23:29:38,5,5,0,哇陈老师简直是我男神好吗！！不过每次早课最要命，提前五十分钟你是前六排基本都没你啥事儿了。。。还有，第一次看见微积分这样的课都能场场爆满……每个位子都有人坐……
75199,203,陈锦辉,2018-03-08 02:48:18,2,3,1,好玩\n\n
75400,203,陈锦辉,2018-03-10 12:45:44,-1,0,1,
75676,203,陈锦辉,2018-03-15 04:24:44,5,6,1,数学老师中的老司机
76014,203,陈锦辉,2018-04-28 01:55:15,6,7,1,关注下老师经常提的菲赫金哥尔茨的数学分析原理，你会发现老师上课讲的，教材上没有的东西会在那里找到，例题也很多一样的。
76108,203,陈锦辉,2018-03-27 03:01:22,3,3,0,数学。很美
77821,203,陈锦辉,2018-05-08 03:39:39,0,1,1,太棒了吧
77893,203,陈锦辉,2018-05-08 11:04:58,4,4,0,我对不起老师，老师十分，很好，然而我也只考了10分，老师人超好的，上课超认真，可能是我不适合微积分
79071,203,陈锦辉,2018-05-22 06:04:39,2,3,1,非常好的老师，负责认真！
79566,203,陈锦辉,2018-06-09 14:28:37,0,1,1,...
79626,203,陈锦辉,2018-07-09 11:28:56,4,5,1,啊啊啊啊啊师生情啊60没挂我爱老师
79687,203,陈锦辉,2018-06-12 17:00:09,0,1,1,很棒噢
79745,203,陈锦辉,2018-06-13 08:09:29,3,4,1,大三狗回头看表示陈老师真的真的非常好，选上课的要珍惜啊，你以后可能再也见不到如此负责平易又关心学生的老师了。
79898,203,陈锦辉,2018-06-15 03:16:46,3,5,2,为人处事、思维方法、教学模式...我能把所有对于“老师”这二字的赞誉送给陈老师！！
80049,203,陈锦辉,2018-06-19 07:53:10,6,7,1,可以说陈老师是到现在为止我遇到最好的老师了。
80377,203,陈锦辉,2018-07-08 10:05:13,8,11,3,有的同学真的该用功了哦!
80473,203,陈锦辉,2018-06-27 02:16:48,0,1,1,很棒！
80997,203,陈锦辉,2018-07-09 13:11:36,2,2,0,出分了！日常表白陈老师！！特别好特别好的
81009,203,陈锦辉,2018-07-03 09:54:57,1,1,0,陈老师真的好棒好棒，听课是一种享受！
81051,203,陈锦辉,2018-07-03 12:44:36,7,7,0,陈老师是真的精于数学。例题随随便便就能举出来，而且在授课的时候会自然而然地给出一些很奇特的做法或者对一些数学概念的易懂的解释，认真听老师课的话收获真的非常多。\n\n至于抢座位，我觉得因人而异吧，反正坐后排也完全看得清，老师在黑板上写的题目虽然潦草但是写完之后会读一遍，上课听着的话完全没有看不懂老师写的字的压力的。
81186,203,陈锦辉,2018-07-04 08:34:06,1,3,2,太棒的老师！
81763,203,陈锦辉,2018-07-06 06:10:44,1,2,1,太棒啦
81869,203,陈锦辉,2018-07-06 10:36:40,0,2,2,怎么还没有出分啊，紧脏
81870,203,陈锦辉,2018-07-06 10:37:46,4,6,2,❤️辉❤️
82183,203,陈锦辉,2018-07-07 10:44:51,48,52,4,云山苍苍，江水泱泱。先生之风，山高水长。
82952,203,陈锦辉,2018-07-09 10:56:11,1,1,0,是个好老师
82960,203,陈锦辉,2018-07-09 11:10:12,1,1,0,上课真的很有感觉，只要好好听课真的效果特别好，上陈老师的微2，明明比微一难，但是学起来轻松很多，事半功倍！
82966,203,陈锦辉,2018-07-09 11:22:55,1,4,3,上完微积分课总觉得自己升华了
82996,203,陈锦辉,2018-07-09 12:28:24,-1,1,2,真的好老师！
83062,203,陈锦辉,2018-07-09 14:52:50,7,10,3,陈老师日常：真的不能再简单了！有些同学真的需要努力了！浙大不是那么好混的！
83453,203,陈锦辉,2018-07-10 10:10:09,2,2,0,顶辉爷不多说
83481,203,陈锦辉,2018-07-10 11:26:39,0,1,1,陈老师真的巨好巨好巨好巨好巨好巨好巨好巨好巨好！
85241,203,陈锦辉,2018-07-16 12:23:19,2,2,0,大爱陈老师
85797,203,陈锦辉,2018-10-23 15:48:52,4,9,5,自认为比将云爷爷讲课更胜一筹
86659,203,陈锦辉,2018-09-18 01:29:16,-2,1,3,///
86667,203,陈锦辉,2018-09-18 02:04:27,1,1,0,真的优秀
86700,203,陈锦辉,2018-10-09 08:01:06,2,6,4,老师补充题目足 很强 很硬核 ?
87027,203,陈锦辉,2018-09-20 03:54:14,1,2,1,像一位亲切的父亲。\n\n内容详细。干货十足
87238,203,陈锦辉,2018-09-26 03:34:10,3,5,2,好！！！！！
87249,203,陈锦辉,2018-09-26 06:05:09,16,22,6,天呐，讲的太快了，每次听课都是一种痛苦，一脸懵逼的状态……能不能讲课稍微照顾下我们这种渣渣的感受……
87553,203,陈锦辉,2018-10-04 14:59:37,0,1,1,非常好?^_^
87718,203,陈锦辉,2018-10-25 03:07:14,-9,8,17,晚上不能占位置!
88248,203,陈锦辉,2018-10-25 01:52:35,0,2,2,不是预习复习哪个效率高的问题，\n\n期中考试迫近了，准备预习1-3章
88275,203,陈锦辉,2018-10-25 11:40:15,17,18,1,啊呀题目真的是出不完的。（然后再出一个题目）
88607,203,陈锦辉,2018-11-03 11:43:50,1,1,0,很好的老师
88834,203,陈锦辉,2018-11-09 10:50:27,1,2,1,老师棒棒的，帅帅的\n\n
88835,203,陈锦辉,2018-11-09 11:13:48,0,1,1,很牛逼的微积分课，老师很棒。
88836,203,陈锦辉,2018-11-09 12:07:57,1,1,0,超级棒
88837,203,陈锦辉,2018-11-09 12:10:58,2,2,0,真的很好！觉得自己没考好对不起老师
88838,203,陈锦辉,2018-11-09 12:16:29,3,3,0,是种享受
88841,203,陈锦辉,2018-11-09 12:45:16,1,2,1,三生有幸遇见你
88854,203,陈锦辉,2018-11-10 05:37:27,5,6,1,认真听讲，辉爷的课不是你能水的，浙大不是那么好混的。
88879,203,陈锦辉,2018-11-11 11:58:19,0,1,1,超清晰，很全面。对数学很严谨，对教学很负责。是个很有个性的老师，上课很吸引人。
89002,203,陈锦辉,2018-11-13 15:07:31,8,8,0,“要学得自信点啦！”   但我真的很弱自信不了呀，55555期中考试感到绝望........感觉老师似乎讲得挺好的，之所以说“似乎”是因为很多时候听不懂，哎
89510,203,陈锦辉,2018-11-19 10:54:28,1,1,0,我好喜欢！！！
89597,203,陈锦辉,2018-11-20 01:56:08,5,5,0,老师讲的很好哦? ，讲题讲的很有质量，质量，质量，三遍。建议讲题时好好听。很有感触。还建议当场记笔记，拍照效率低呀。人很好，最重要是上课真好
89657,203,陈锦辉,2018-11-20 07:01:17,-1,1,2,人超级好，课上的超棒，超可爱的老师
89917,203,陈锦辉,2018-11-21 08:28:21,1,1,0,...
90194,203,陈锦辉,2018-11-22 11:46:10,2,2,0,超认真，板书很好，就是不能水（逃
90249,203,陈锦辉,2018-11-22 23:51:17,8,9,1,哎呀，题目是做不完的
90287,203,陈锦辉,2018-11-23 03:18:14,0,3,3,很好，如沐春风
90682,203,陈锦辉,2018-11-25 08:16:43,0,1,1,棒棒！\n\n
91293,203,陈锦辉,2018-12-05 06:15:23,1,1,0,人间天堂
91578,203,陈锦辉,2018-12-14 03:25:27,1,1,0,老师真的很好 我太弱了
91970,203,陈锦辉,2018-12-25 06:44:30,10,10,0,我吹爆陈老师!!!上课真的真的很认真，每次都写十几块黑板，看着就很累很累，还总是说我们学得也不容易TTTT真的真的是个很好很可爱的老师啊
92034,203,陈锦辉,2018-12-25 13:29:38,1,2,1,最好的微积分老师，没有之一
92129,203,陈锦辉,2018-12-26 13:46:17,0,2,2,真的好老师~！！！！！！太好的老师 感恩感恩\n\n真的感恩~七点半到的教室
92189,203,陈锦辉,2018-12-27 03:29:08,31,34,3,浙大不好混滴啦，也要花点时间的啦，也是要弄弄懂滴啦
92196,203,陈锦辉,2018-12-27 03:59:08,15,18,3,有课的上午，从八点到十二点十五中间都不怎么休息的。全程手写，也不喝一口水，讲题目全都是信手拈来，从来不看书或资料。总是忏悔在他的课上睡着。。真的是因为我菜。。
92217,203,陈锦辉,2018-12-27 05:44:17,3,4,1,真的舒服
92255,203,陈锦辉,2018-12-27 09:04:36,13,15,2,赞啊。预置的陈老师的课，一开始只是单纯的喜欢听，觉得讲课的节奏刚刚好，就是在课堂上稍微努力一下可以跟得上，再努力一点还可以整理自己的思路。讲课的例题难度把握的也很到位。后来就是喜欢陈老师的为人了，每次说到“我们大家一起努努力把微积分这门课学好”都会很感动啊有木有。一直坚持用板书，不过据说下学期要开始用PPT了。唉下学期不知道能不能选上陈老师的课了，有点伤感啊。\n\n给选课的同学提点建议吧，陈老师唯一的小小槽点就是板书，呃...还有占座真的很辛苦，早课要做好到了教室前五排就没有位置的准备。还有，嗯，可能陈老师的课不是那么适合那些排斥抵触微积分的同学吧，我猜的。
92262,203,陈锦辉,2018-12-27 10:26:05,3,6,3,陈老师真的太棒了，讲课很有内容，强度不小但是收获更大！特别特别认真负责，超级喜欢陈老师！推掉下学期预置的我希望可以继续上陈老师的课！
92574,203,陈锦辉,2019-01-03 03:47:53,1,4,3,简直是老一辈教师的典范。立德树人，课讲的还好！
92594,203,陈锦辉,2019-01-03 05:19:41,0,2,2,老师很认真负责，上课气氛很好，全程板书，前几排供不应求。
92633,203,陈锦辉,2019-01-03 07:44:35,2,4,2,太好了
92918,203,陈锦辉,2019-01-05 15:17:02,1,3,2,上课非常不养身，但是！！！\n\n收获颇丰！
93110,203,陈锦辉,2019-01-07 11:11:59,1,2,1,难度高
93395,203,陈锦辉,2019-01-09 11:38:03,1,2,1,选不到是人生的一种损失
93557,203,陈锦辉,2019-01-10 10:51:25,4,5,1,陈老师确实很好，可是感觉不太适合数学基础一般的同学，也许像我这种文科生就是。老师讲的很好，可是自己跟不上，上了半学期的课感觉信心全没了，没法想象未来，最后不得不退课。陈老师对不起，后来不辞而别，老师很好，但是选课时还是要慎重些
93669,203,陈锦辉,2019-01-11 11:03:03,2,2,0,真的好！
94614,203,陈锦辉,2019-01-17 11:40:20,6,8,2,一开始半学期上陈老师的课真的很不习惯。上课快然后后排看不懂板书，一度很绝望。但是熬过半个学期之后，适应了老师的速度，越上越觉得老师上课上的真的好！下学期选不到老师的课了，我真的遗憾。选上老师课的同学一定要好好上啊? 。
94635,203,陈锦辉,2019-01-17 13:04:09,3,4,1,很好的老师
94736,203,陈锦辉,2019-01-18 04:17:07,12,14,2,“还是那句话，做个有心人吧”
94802,203,陈锦辉,2019-01-18 08:04:12,5,6,1,讲课超好又用心负责的老师!课堂上干货满满，课后也会线上指导。很感谢在浙大遇见了这么好的老师!ps.签名很帅(*^ω^*)
94853,203,陈锦辉,2019-01-21 01:57:31,10,11,1,老师考完之后在群里太可爱了
94935,203,陈锦辉,2019-01-18 13:13:30,8,9,1,考完还没出成绩来给老师打个十分 陈老师真的太可爱了就是我太菜了呜呜呜呜 希望自己下个学期能上点心浙大不是这么好混的（）
95342,203,陈锦辉,2019-01-19 08:45:36,-1,1,2,很舒服
95457,203,陈锦辉,2019-01-19 12:16:05,5,6,1,老师很好很温柔\n\n但是数学基础差的可能要慎重！\n\n总之微积分还是要自己努力做个有心人
96025,203,陈锦辉,2019-01-20 11:37:32,0,2,2,ballball给我个好绩点吧！谢谢辉爷！
96213,203,陈锦辉,2019-01-20 14:32:19,6,7,1,好就一个字
96271,203,陈锦辉,2019-01-20 15:49:39,26,29,3,“你们都是俺的孩子”
97042,203,陈锦辉,2019-01-21 15:14:37,1,3,2,很喜欢老师的课，可惜自己脑子不大好。以后一定再加油学数学！！踏踏实实做人！！
97807,203,陈锦辉,2019-03-04 10:39:32,4,11,7,3.3，，还行吧，平时分给满就有3.6了，可惜了
97817,203,陈锦辉,2019-01-24 00:34:19,6,10,4,上课节奏快，完全没空水手机哈哈，认真学收获挺大
97820,203,陈锦辉,2019-01-22 22:44:34,3,4,1,特别有水平的老师 给分也很棒 能学到非常多东西
97826,203,陈锦辉,2019-01-22 22:59:24,1,4,3,老师课上的也好给分也超级好（感觉像调了分？刚好过线），不过下学期上不到陈老师的课了（我怎么哭了）
97835,203,陈锦辉,2019-01-22 23:37:08,6,8,2,老师真的太好了！!最后上四很满足了，真的，一直以来微积分不算很认真，全靠老师带，考完之后老师太可爱了呜呜呜，真的喜欢上微积分了
97864,203,陈锦辉,2019-01-23 00:29:25,4,7,3,陈老师确实很严格，但是做他的学生真是一种荣幸
97866,203,陈锦辉,2019-01-23 00:30:07,37,40,3,出分了！一定要吹爆！十分！刚开学的时候说实话是真没跟上的，因为学了文科，对数学本来就有畏惧心理，然后期中考也挂了。后面老师专门帮我分析了试卷，下半个学期慢慢找到感觉了，最后仔细复习了老师的复习PPT，考试有把握了许多！成绩完全是出乎我意料了！老师上课超有条理，虽然有时候会有点难，记好笔记慢慢消化就行！强推！
97871,203,陈锦辉,2019-01-23 00:36:34,9,11,2,上老师的课是一种荣幸，老师是真的把学生当自己的孩子看待的，会讲一些人生道理。讲课也超好，本数学渣从讨厌数学到喜欢上了数学，给分方面老师也是尽自己努力帮学生提高一些了。老师人真的超级好，给老师打十分都嫌少，想给老师100分！
97882,203,陈锦辉,2019-01-23 00:48:11,4,6,2,真的好老师，负责任，把学生当亲孩子看待，让人眼中一热。
97897,203,陈锦辉,2019-01-23 01:20:18,39,40,1,天哪，怎么会有这么好的老师！！！本来只要学微乙选了甲特别后悔，但是陈老师可太好了吧！上课炒鸡认真，把我们当做自己的孩子，给分超级好！考完以后在群里敲可爱，还晒了自家的“火腿”，哈哈哈哈哈，知道老师头像是怎么来了……呜呜呜，下学期学微乙了，但还是好想听老师的课鸭
97904,203,陈锦辉,2019-01-23 01:30:45,28,29,1,陈老师真的是认真踏实教书，一心想让同学们更好，上课水平也很高，评分这么高实至名归！(不过文科生慎选哦，要是选了一定要努力跟陈老师的节奏，预习复习什么的，实在跟不上看书自学也行。虽然陈老师的课自学是暴殄天物…但是这是本文科生真实经历…意外地得分还不错……
97921,203,陈锦辉,2019-01-23 01:49:34,7,10,3,陈老师超级好不接受任何反驳，只要按陈老师的步子来，结果都不会太差啊，我期中75分，不过听老师话认真学，按老师步子认真走，最后都拿了个4.8啊，虽然没有满绩dl们牛，但也还算可以了啊
97955,203,陈锦辉,2019-01-23 02:40:35,2,5,3,陈老师也太好了吧 讲课很好的很负责任 前排难抢 不过上课最好跟上老师记笔记 不然拍照片回去再看就看不懂了（字的原因...）助教小哥哥平时分直接给满，小测98最后上4了 总之非常惊喜 我反手就是个10分 这么好的老师一定要把他送上10呀
98009,203,陈锦辉,2019-01-23 03:43:08,3,4,1,第一个评分的老师，我平时都不翻查老师
98214,203,陈锦辉,2019-01-23 07:55:32,5,5,0,加载速度快
98311,203,陈锦辉,2019-01-23 09:58:37,0,2,2,有点压力，但肯花心思跟上就收获满满了
98488,203,陈锦辉,2019-01-23 13:32:59,1,3,2,老师上课喜欢给一些有思考性的问题，上课有点难度，预习一下上课更轻松，教书负责，所见为数不多的好老师
98729,203,陈锦辉,2019-01-24 00:40:40,28,30,2,行云流水，毫不拖泥带水。偶尔还来两句人生格言，受益匪浅。而且虽说陈老师教材编的有点难，但是后面你就会发现这才是浙大该有的水平。而且老师很负责，每次考完试都要自己把每个人的试卷看一遍有没有那些地方有批改错误，超级赞。可惜，下学期没选上老师的课。 ?
101702,203,陈锦辉,2019-01-29 01:48:21,1,2,1,超赞哦
101979,203,陈锦辉,2019-01-30 01:57:10,0,1,1,很关心学生，讲得很仔细很到位
102099,203,陈锦辉,2019-01-30 12:33:43,2,3,1,老师真的无敌
102293,203,陈锦辉,2019-01-31 23:59:08,1,2,1,好好好
102318,203,陈锦辉,2019-02-01 01:46:08,0,1,1,强烈推荐
103039,203,陈锦辉,2019-02-25 14:37:04,1,1,0,老师的课超赞，人超好，就是竞争真的激烈，选课选了三次都没选上_(:з」∠)_
103267,203,陈锦辉,2019-02-27 05:41:16,15,16,1,所谓教书育人，陈老师既教了书，更育了人。\n\n
103730,203,陈锦辉,2019-03-04 23:25:41,33,37,4,早上7点 教室中间前四排几乎没有活人，全是占位(尬笑)
103732,203,陈锦辉,2019-03-04 23:58:58,22,28,6,那些隔夜占座太过分了
103734,203,陈锦辉,2019-03-05 00:43:36,-26,6,32,为什么你们不隔夜占座?还是全部禁止占座好了。
103769,203,陈锦辉,2019-03-05 07:30:46,31,37,6,隔夜占座的同学，你们把书放到教室不怕丢就算了，第二天去的还那么晚，甚至迟到，或者不来。隔夜占座谁都会，但早起占座又有几人能做到？本人很讨厌隔夜占座的行为，以后就去讲桌上找你们隔夜占座的工具吧。
104181,203,陈锦辉,2019-03-13 13:28:44,2,3,1,好好好
104203,203,陈锦辉,2019-03-26 01:44:05,-48,16,64,1.如果隔夜占座需要禁止，那么第三第四节课的占座也要禁止!凭什么双标。\n\n2.都9102年了还有人认为早起就是勤奋，不早起就是懒惰。早起有什么优越感?难倒晚起绩点就一定低?
104475,203,陈锦辉,2019-03-21 07:28:13,12,15,3,早起占座指的是 很早就来教室自习吧。\n\n隔夜占座的在寝室睡懒觉，还想坐前排?\n\n楼下这个人不知所云，还给别人扣上强盗逻辑的帽子。
104586,203,陈锦辉,2019-07-03 17:20:00,-91,7,98,微积分如暗夜中的星星之火，燃起我对数学的期望。完全不怕大家笑话，哈，我幼儿园算数考试才-2.7182818284分，但是微积分轻松地不但满绩而且满分，而且根本不用占座。此乃天助我也，这门学科真是神奇乃至玄幻，游荡于浩宇之中，啊！神哉，奇哉，甚善哉！
105485,203,陈锦辉,2019-04-15 07:06:22,-78,6,84,其实，对我这种微积分怎么样都满绩的，被分配到这种火爆老师，反而是一种损失
105835,203,陈锦辉,2019-04-21 15:27:50,3,5,2,真正带领我进入数学的大门
106615,203,陈锦辉,2019-04-28 10:47:06,-14,5,19,老师什么都好，就是说话的时候一口大白牙让我很难受(╯﹏╰）
107300,203,陈锦辉,2019-05-03 07:47:48,-7,2,9,。。。
108457,203,陈锦辉,2019-05-25 00:40:52,-15,5,20,A班序号100以前的同学是第一节习题课吧，这节习题课8:45结束。上完再去参加9:00的数学竞赛难道来不及吗？(怎么还有这么多人请假啊)
108707,203,陈锦辉,2019-05-31 12:55:31,3,5,2,浓浓师生情\n\n（陈老师教给我的不只是知识，还有方法和思想，能够选上他的课真是很幸运的一件事！）
108793,203,陈锦辉,2019-06-02 14:07:27,1,2,1,敲击棒！
109614,203,陈锦辉,2019-06-18 01:11:10,7,8,1,我觉得我听陈老师的课跟不上他的速度
109865,203,陈锦辉,2019-06-20 02:03:40,1,2,1,非常好
109883,203,陈锦辉,2019-06-20 04:06:36,21,23,2,有一说一，陈老师讲课重在逻辑推导和推理证明，带同学们一点一点感受数学，非常负责，对数学有很系统的认识，不仅教书更是育人，目前遇到的最好的老师（还要到了签名QWQ），但也仅推荐给想认真学的人，认真学必定受益匪浅。不想认真学或者想水一水的人建议绕道，陈老师不用ppt节奏较快，板书不容易辨识（但是写的时候会念出来），水水怪容易0收益，当然这不是老师的问题，是自己的问题，想好好学那自然强推。最后给了九分，这一分是因为占座问题和b班不负责的王姓助教。
110386,203,陈锦辉,2019-06-26 08:32:47,3,4,1,打10分
110471,203,陈锦辉,2019-06-27 04:24:28,4,6,2,我只是旁听的 真的超级爱陈老师！！！我是一直数学不好 但是跟着老师学到了特别多 居然喜欢微积分了 表白陈老师！！！！！
110639,203,陈锦辉,2019-06-28 00:59:37,0,1,1,喜欢陈老师
110810,203,陈锦辉,2019-06-28 09:01:15,5,8,3,老师真的是好老师，但我也是真的跟不上他的课
111400,203,陈锦辉,2019-07-01 06:32:09,1,1,0,超好的老师啊啊啊
111417,203,陈锦辉,2019-07-01 11:15:12,1,2,1,太棒啦
111645,203,陈锦辉,2019-07-02 10:05:34,-1,1,2,负责任的老师
111696,203,陈锦辉,2019-07-02 14:39:13,5,6,1,二话不说给个10分\n\n另外说一句，唉，你们还是多上点心吧！到现在书还没看过一遍这总说不过去吧！！！
111781,203,陈锦辉,2019-07-02 22:44:03,7,9,2,老师真的像个父亲一样  关心你的学习让你早早开始复习，几乎每节课都要讲  珍惜在浙里的机会  要把过去都清零，总感觉教给你的不仅是知识，还有别的，最后老师上课讲的超级好，！！！！
111831,203,陈锦辉,2019-07-03 00:34:35,8,9,1,陈老师的微积分就不用我细细评价了吧
111834,203,陈锦辉,2019-07-03 00:38:46,6,12,6,我觉得老师说的话非常有道理，复习刷题不如好好看看书了，人都是有惰性的，刷那么多题又累效果又差。我就复习了下课本，然后做了做去年的题就去考试了，结果就满了- ̗̀(๑ᵔ⌔ᵔ๑)
111849,203,陈锦辉,2019-07-03 01:07:23,2,4,2,陈老师人真的太好了，还有助教小姐姐，本来以为必挂了，平时分两个满分！然后期末考的甚至还行？感谢陈老师一年的陪伴，老师真的是好人，虽然讲课速度开始让我这个文科渣渣跟不上，但习惯了就能发现老师的优秀！必须满分！
111853,203,陈锦辉,2019-07-03 01:13:26,24,24,0,先生之风，山高水长
111855,203,陈锦辉,2019-07-03 01:17:25,2,3,1,虽然上课占位置真的很吃力哈哈哈，但是陈老师真的是那种能让你放下手机专注听课的好老师。我第二学期上陈老师的微积分课绩点甚至比微一高？期末一定要仔细看课本和老师上课讲的例题，刷一份历年试卷熟悉题型就可以有一个满意的成绩。再次感谢陈老师！！
111862,203,陈锦辉,2019-07-03 01:30:16,6,7,1,平时其实喜欢自学，但听了陈老师的课经常有醍醐灌顶的感觉，让我的思维拓展了许多。刷题和看书我觉得都很重要。上学期是矿爷的课，这学期是陈老师，期末复习一个刷题一个看书 感觉都不错，适合自己的就是最好的吧。
111881,203,陈锦辉,2019-07-03 01:52:07,12,14,2,知道老师也看查考试后，我也要答一波。\n\n上个学期是童雯雯老师的微甲，童老师上课爱用投影仪，讲课时为了让同学记笔记还会说些其他事，课堂节奏偏慢，让我不太适应，最后才考了4.2，对我来说没达到我对自己的要求。\n\n听说陈老师上课都是板书，而且讲课节奏偏快，于是这学期选了老师的课，一开始感觉老师确实讲的不错，注重课本，也会拓展很多知识和例题，非常舒服。  但不就就被占座问题打败了，老师班占座问题实在严重，离上课还有40min前几排就都被占了。  因为我视力不是很好，在后面看久了眼睛酸会分身，所以无奈去了苏老师的班旁听，听了几节课后感觉陈老师的节奏还是适合我，就又回来听了(惭愧)\n\n总之，老师讲课是我上过课的三个老师中比较好的，师生情也很浓，群上也会解答同学问题，快来pick陈老师
111883,203,陈锦辉,2019-07-03 02:02:44,17,18,1,原来陈老师也会看查老师啊(づ ●─● )づ
111888,203,陈锦辉,2019-07-03 02:13:12,0,2,2,陈老师太好了！！！！！！我一个数学废居然没有挂科！我爱陈老师！！！！！！
111890,203,陈锦辉,2019-07-03 02:15:16,-40,3,43,太差了
111913,203,陈锦辉,2019-07-03 02:33:46,14,18,4,陈老师教书育人都是在微积分老师中很不错的，唯一不让我满意的，就是B班王姓助教。首先，上习题课经常迟到，讲半节课休息半节课，讲得内容还很少，根本不能和A班助教比，这次考试A班比B班好很多，我想总不可能大家实力都不如A班吧；还懒得改作业，我每次都认真写并交了作业，但是一共就改了我五次作业（一周交一次，敢问一个学期有几周），还无缘无故地扣了我2分作业分，不会是因为没改到就算我没交吧？我也因为这样被卡绩了。唉，希望这位助教以后用点心，陈老师能检查一下助教的工作吧。
111915,203,陈锦辉,2019-07-03 03:21:10,13,17,4,"声明:我与群里那位勇士不是同一个人!但是我们的观点是一样的!要是不能匿名，我也想疯狂吐槽助教!（QQ好哇，可以匿名!） 以下内容属实，新增一点:私以为作业批改后的等级A，A-，B等等，应该视认真程度和订正程度来决定，而不是初始正确率，我有一次错的比较多，但是全都用红笔认真订正了，居然给我打B-，当然了，一学期作业也就改了三五次哦~ 我怂，出分后才敢dissB班助教。 明明是有同学在群里问交作业情况，发现助教漏记，才引发大家担心，然后就发邮件问自己的作业上交情况的。我就不明白了，担心自己明明每次都按时交了作业，却被漏记，所以问下自己作业上交情况，怎么到你这就变成""套你话""了？??（除了心里有鬼，我想不出其他解释，核对下名单有这么难?该不会到后期也就没有登记了吧？） 1.选择单双号轮换改是你的自由，我们管不着，但是漏记就是你的责任了(虽然后来解释每次交作业的都有登记，但是群里那个被漏记的同学难道是个意外？)。问下了解下自己有没有被漏记让你不爽了? 2.端午节放假习题课照常，OK学校规定我没话说，有好些人回家了(放假想回家，但是假期中间卡一节不痛不痒的习题课，你怎么办？)，讲道理有点人性的助教都会睁一只眼闭一只眼吧？我们优秀的助教就偏挑那天突击点名哦。 3.跟隔壁咏神和a班助教比差了不知道几个档次。 打10分，陈老师十分满分，助教零分。"
111962,203,陈锦辉,2019-07-03 04:46:53,7,8,1,先生之风 山高水长  陈老师让我真正懂得何为教书 育人
112000,203,陈锦辉,2019-07-03 06:32:27,8,8,0,可惜陈老师不开线die，没机会了
112848,203,陈锦辉,2019-07-05 05:54:31,1,2,1,助教是在棒 老师也很棒！
113238,203,陈锦辉,2019-07-06 02:28:06,4,5,1,有幸这个学期能遇到两位超赞的cjh老师，一位在隔壁教c程，一位在这教微积分
113757,203,陈锦辉,2019-07-07 09:23:38,14,15,1,"""人都是有惰性的，做来做去都是做自己会做的题…什么点积叉积混合积…"" ——陈老师妙论"
114517,203,陈锦辉,2019-07-10 09:30:37,1,2,1,陈老师讲课超好滴 如果微积分想考高分推荐选陈老师的课 期末发的ppt也是押题超准 给分也是浓浓师生情
115146,203,陈锦辉,2019-07-16 05:56:32,-1,0,1,陈老师好！就是我们班助教一言难尽。
115234,203,陈锦辉,2019-07-17 02:12:34,17,18,1,"关于助教与占位问题请在“求是微商""中讨论，老师会尽量督促与协调。有问题请及时与老师沟通与联系。谢谢！"
115333,203,陈锦辉,2019-07-19 00:20:03,0,1,1,陈老师上课非常好
115592,203,陈锦辉,2019-08-06 09:40:24,1,1,0,听陈爸爸的课是真的棒！
116375,203,陈锦辉,2019-09-10 00:09:39,2,2,0,好好好
116593,203,陈锦辉,2019-09-12 02:51:46,-1,1,2,深入浅出 通俗易懂 主要是现在还在写板书的老师真的很少了啊啊啊啊
116596,203,陈锦辉,2019-09-12 02:56:28,3,4,1,cjh牛逼
116617,203,陈锦辉,2019-09-12 04:58:52,0,3,3,好幸福啊！不只是学微积分，老师教给你很多东西，能在大一刚入学就遇到这么好的老师，真的超级幸运了！！！老师考前复习的PPT很重要！但是老师不给拷贝，最后都拍一下啦。然后，六点不到就起床占座位去吧！冲鸭！！！
117105,203,陈锦辉,2019-09-19 07:30:16,0,1,1,讲的逻辑清晰，幽默风趣
117189,203,陈锦辉,2019-09-20 06:10:21,1,1,0,不多说，10分
117256,203,陈锦辉,2019-09-21 11:09:42,4,4,0,如果陈老师上常微、复变、概统就好了? 比很多老师不知道高到哪里去了
117756,203,陈锦辉,2019-09-30 08:21:57,1,4,3,陈老师比csp好太多了
117757,203,陈锦辉,2019-09-30 08:22:07,1,2,1,老师讲的太好了！！！十分不解释
118596,203,陈锦辉,2019-10-29 06:42:35,2,2,0,超神的老师，对数学可谓指点江山。还喜欢内涵苏德矿，哈哈~
118815,203,陈锦辉,2019-11-06 12:24:36,1,2,1,good
119126,203,陈锦辉,2019-11-10 15:08:26,5,7,2,老师，我大二了，但我真想再听您的课?\n\n您真的让我感受到了数学的魅力
119533,203,陈锦辉,2019-11-13 10:29:32,2,3,1,神仙老师！！教的好又负责任  比csp不知道高到哪里去了
119657,203,陈锦辉,2019-11-14 14:46:11,0,1,1,bang bang bang
120677,203,陈锦辉,2020-01-15 04:03:31,0,1,1,虽然最后只比均绩高了一点点，但陈老师真的是很棒的
121177,203,陈锦辉,2020-01-20 02:42:50,5,5,0,陈老师有多棒就不用说了吧😂，上过的同学都明白😊
121373,203,陈锦辉,2019-12-17 09:31:44,-1,0,1,春夏学期没有陈老师的课上了呜呜呜
121543,203,陈锦辉,2019-12-12 15:45:41,3,4,1,哎呀，这种题目都是骗骗人的啦
121586,203,陈锦辉,2019-12-12 10:13:17,1,1,0,让我们一起来编编题目\n\n
121624,203,陈锦辉,2019-12-12 04:40:16,6,6,0,哎呀 答案不重要的啦\n\n哎呀 这种题都是骗骗人的啦\n\n哎呀 陈老师太可爱了啦
121626,203,陈锦辉,2019-12-12 04:07:01,1,3,2,害 我第一章没学好
121928,203,陈锦辉,2020-01-24 08:34:06,3,4,1,吹爆陈老师！微二退预置又选上了太开心了
122168,203,陈锦辉,2020-02-18 13:05:21,4,6,2,打10分因为只有10分
122240,203,陈锦辉,2020-02-20 11:42:08,7,7,0,为什么最高只有10分
122756,203,陈锦辉,2020-03-31 05:24:25,-83,8,91,辣鸡老师
122810,203,陈锦辉,2020-04-09 01:39:12,-47,6,53,呵呵哒
123157,203,陈锦辉,2020-05-14 03:39:33,-79,8,87,辣鸡陈锦辉
123509,203,陈锦辉,2020-06-09 08:16:22,3,4,1,好老师，强烈推荐
123713,203,陈锦辉,2020-06-12 08:17:47,1,2,1,真心感谢陈老师！
125090,203,陈锦辉,2020-08-30 13:07:13,0,1,1,刚考完微甲2，临走之前跟陈老师到了别。\n\n两个学期都上陈老师的课，第二学期为了选陈老师退了好多课……\n\n虽然疫情期间有过划水，有些对不住老师，但跟着陈老师真的收获了好多好多\n\n不管最终成绩如何，先到这里留个言谢谢陈老师(´･ω･`)
125097,203,陈锦辉,2020-09-04 12:23:56,4,5,1,yyds！
125141,203,陈锦辉,2020-09-02 05:06:33,1,1,0,啥也别说，只要上课认真听讲，想学好这门课的，选他就对了
125174,203,陈锦辉,2020-09-03 02:49:32,2,3,1,感谢老师捞我
125178,203,陈锦辉,2020-09-03 05:10:59,3,4,1,真心好老师
125209,203,陈锦辉,2020-09-03 15:55:28,1,4,3,感谢陈老师...陈老师写了好长好长一段话...真的因为疫情放飞了全靠自学低分飘过...老师真的尽可能捞了...大家一定要好好上老师的课
125219,203,陈锦辉,2020-09-04 01:32:13,19,19,0,出成绩的时候已经很晚了，但老师还是在出成绩之前在群里码了好多好多的字，特别走心地和我们说了他的感受，还给我们提了几点建议，让我们以后还要继续加油。真的是个很让人感动的老师。也多亏了有这么好的老师，最后的成绩也比较让人满意。可惜的是只在微2碰到了陈老师，不然肯定要再选他的课。能在浙里碰到这么好的老师，真的是我的幸运
125258,203,陈锦辉,2020-09-05 02:06:24,4,5,1,两个学期都是陈老师的课，啥也不说了，选就是了
126312,203,陈锦辉,2020-09-25 03:54:04,-47,3,50,不太行
126860,203,陈锦辉,2020-10-25 09:33:29,1,3,2,哎呀，这个东西课后还是要自己弄弄清楚啊～\n\n陈老师是真的为学生着想的老师\n\n课上会拓展很多
127047,203,陈锦辉,2020-11-04 06:39:25,4,4,0,只一个字：棒👍🏻
128550,203,陈锦辉,2020-12-24 00:23:53,5,5,0,为陈老师点赞(^～^)
128551,203,陈锦辉,2020-12-24 00:41:17,2,3,1,辉爷yyds
128717,203,陈锦辉,2020-12-25 05:27:29,2,2,0,讲得很好，很幸运能再跟陈老师学半年数分~~~
128784,203,陈锦辉,2020-12-25 09:38:30,5,5,0,老师会拓展课外内容，超级棒。只可以下学期不叫微甲了呜呜
128802,203,陈锦辉,2020-12-25 12:29:37,22,22,0,陈老师带了我一年的微积分，上完微积分到现在已经有一年半了，今天选课打开查老师，突然想看看陈老师的评论区变成了什么样子。我认真地翻看了初见陈老师之时（2018年9月份）至今的每一条评论，看到了大家和我一样对陈老师十分热爱，也回忆起了当年上微积分课的点点滴滴，我翻出微积分课本，看到第一页陈老师的签名，不禁感叹时间过得真快，好想念陈老师。记得当时由于陈老师很受欢迎，大家都纷纷早起占座（隔夜占座的行为由于引发众怒而取消），我早上几乎没有坐过前五排。陈老师上课会告诫我们“做个有心人”“浙大不是那么好混的”，口头禅是“这道题是骗骗人的啦”。他不仅教书，而且育人，给大一新生教会微积分的同时，也教会了怎么适应大学生活，怎么让大学过得更有意义。陈老师的优点不必多说，他很关爱学生，改完试卷之后还会认真地把每一位同学的试卷再翻一翻，争取不让任何一个同学吃亏。总而言之，他是一个特别好的老师。能遇到陈老师，真的很幸运！
128900,203,陈锦辉,2020-12-26 14:33:33,9,10,1,小测50分挂了（虽然题目有问题）但是被老师调到70了，讲课很好很和蔼，就是本菜鸡经常要去智云回放抄笔记，成绩不强求，只要认真听就好，虽然上课讲的题很难（希望期末别太惨/(ㄒoㄒ)/~~），还没考试先给个好评，下半学期又是陈老师的数分，一起加油o(*^▽^*)┛
128959,203,陈锦辉,2020-12-27 12:15:55,3,5,2,好喜欢陈老师，但他下学期不教微积分了
129360,203,陈锦辉,2021-01-04 13:29:32,0,1,1,下学期因陈老师要去教微甲二所以不能来教我们了…………\n\n好想一直跟着陈老师学习微积分………
129868,203,陈锦辉,2021-01-13 05:54:30,3,4,1,唯一一次陈老师点名我不在，我对不起他。
129872,203,陈锦辉,2021-01-13 06:33:34,1,2,1,喜欢小灰灰
129965,203,陈锦辉,2021-01-14 07:04:22,3,3,0,好老师！！！
130948,203,陈锦辉,2021-01-25 11:18:50,6,8,2,先生之风，山高水长
131423,203,陈锦辉,2021-01-27 12:34:10,4,6,2,踏踏实实做人做事做学问👍
131424,203,陈锦辉,2021-01-27 12:37:23,5,5,0,陈老师真的太棒了，他是真心为学生着想，有时候上课会督促我们多学习，端正我们的态度，上课也会拓展很多知识。他认为学习是很有趣的事情，只要努力!
131514,203,陈锦辉,2021-01-28 00:23:54,2,3,1,陈老师真的可以让你爱上数学，用心做人，用心做学问！
131722,203,陈锦辉,2021-01-28 14:17:52,3,4,1,很高兴下学期又选上了陈老师的数分2，陈老师真的很nice！
132171,203,陈锦辉,2021-01-30 23:43:37,1,2,1,深入浅出，获益良多，我爱陈老师，可是下学期他不上微甲了好难过
132305,203,陈锦辉,2021-01-31 15:31:28,1,3,2,我爱上了数学，他真的很好，在钉钉群里发很大一段话，我学会的真的不止数学，还有很多做学问做人的道理，谢谢！
132306,203,陈锦辉,2021-01-31 15:39:32,0,1,1,我i辉爷！！！
132307,203,陈锦辉,2021-01-31 15:35:21,5,6,1,看了今天钉钉群里陈老师的话，很感动，我写不出什么可以让来看查老师的你体会到我此时感受的话，但我真的很想告诉第一次选上陈老师或者有机会和陈老师相处的人，他真的是一个很好的老师，无论是数学上的传道授业解惑 ，还是做人价值观上的点拨，亦或是对初入大学的同学的大学学习的引导，他都可以给你，而且是极好的。能够遇到陈老师，感恩。
132484,203,陈锦辉,2021-02-02 02:22:48,4,4,0,老师是很好，我是真的菜。我原谅不了我自己。
133169,203,陈锦辉,2021-02-12 15:33:26,4,6,2,陈老师的课是真心好\n\n不仅仅课程讲的很精彩\n\n而且你还能学到很多人生哲理（尤其是上课讲的+钉钉群里面一大段话）真的很感动
133663,203,陈锦辉,2021-03-03 10:17:18,2,3,1,很高，
133688,203,陈锦辉,2021-03-03 23:30:07,6,6,0,老师很好，课很好，就是我太菜了。呜呜
133742,203,陈锦辉,2021-03-04 10:51:20,1,5,4,老师真的很棒
134796,203,陈锦辉,2021-04-15 11:04:58,7,8,1,之前还是9.99，现在怎么9.98了
134885,203,陈锦辉,2021-04-20 11:57:35,2,2,0,很棒的老师
134903,203,陈锦辉,2021-04-22 03:14:12,0,2,2,超级好的老师～
137229,203,陈锦辉,2021-07-02 12:27:31,6,7,1,上学期上了老师的数分1h，这学期接着上了数分2h，陈老师真的是一个很用心很认真在上课，为我们负责任的老师。这学期都是微积分上完接着上数分，连着上五节课，有时候看到老师满头大汗有点疲惫的时候挺心疼的。以后再也没有机会上陈老师的课啦，再给您打一个十分，十分感激能遇到您这样的老师。
137358,203,陈锦辉,2021-07-06 04:56:50,4,5,1,特别好的老师，数分讲的很详细，例题很多包学会；老师人也很好，不只传授知识，还教大家踏踏实实做人。助教xgg认真负责每周都有习题课   \n\n唯一难受的就是给分比较实诚。。。据说不捞人？如果太差可能确实会挂科。其他同学无脑冲就完事
137681,203,陈锦辉,2021-07-05 14:56:31,7,7,0,虽然没有选上cjh老师的课，但是几乎每一节智云都没有落下！陈老师选的例题真的非常有代表性！（唯一可惜的是智云选手搞不到ppt..只能在智云这里下几张图片..)
137705,203,陈锦辉,2021-07-12 04:22:34,3,3,0,冲陈老师会看查老师上的评论这一点给老师一百分！哈哈哈哈
137723,203,陈锦辉,2021-07-05 23:12:18,1,2,1,讲的太好了！！非常细致，上课会讲很多例题！！老师人也很好，非常关心学生！很耐心很负责！！！超级超级好的老师！！！！
137740,203,陈锦辉,2021-07-06 02:51:22,5,5,0,陈老师是我在浙大一年遇到的最好的老师，讲课讲得超级棒，也很关心学生，三观超正，给分也会捞捞\n\n我学了陈老师的数分2H，感觉自己比数分1进步也很大，陈老师yyds！
137967,203,陈锦辉,2021-07-07 02:26:05,-11,2,13,可惜没能拿两个满绩感谢老师(手动狗头)，陈老师yyds
138608,203,陈锦辉,2021-07-10 03:04:13,1,2,1,特别好的老师！！上他的课才懂的数学分析原来并非天书！谢谢陈老师捞我！！！
138931,203,陈锦辉,2021-07-12 00:44:41,3,3,0,真的是很负责很负责的老师！
139752,203,陈锦辉,2021-07-23 08:06:51,1,2,1,老师讲的很清楚，非常好，好喜欢他
139827,203,陈锦辉,2021-07-29 07:12:04,0,2,2,今年有幸上了老师的微乙课，收获颇丰。虽然我的分也不算高，但确实有点真切的感受到了自己数学思维的提升，陈老师会给我们分析题目的来源，和我们一起编题目，对我们讲答案真的不重要，我好像头一次意识到数学背后的原理，本质，感受到数学的精妙。老师让我知道数学不是死板的刷题。\n\n老师人可能看起来有点严格，但那是对待孩子般的严格。\n\n对了，老师不喜欢发PPT，上课遇到好题记得拍照哦
139923,203,陈锦辉,2021-08-20 08:46:46,14,15,1,辉爷的微积分观点非常高，讲的课非常的精彩，非常的透彻，而且很多定理的证明思想，辉爷不仅仅讲的很透彻，而且还能够更上一个台阶去解读，而且他的题目也非常的好，看起来很难但学会后却情不自禁大呼过瘾！辉爷就是我心目中的光，能听他的课这辈子都值了！
140525,203,陈锦辉,2021-09-13 10:28:26,3,3,0,陈老师yyds
140659,203,陈锦辉,2021-09-15 02:15:38,9,12,3,讲课有条理、能看得出平时非常认真地了解我们的状况，课程的组织体系非常照顾到学生的认知逻辑；而且看到有同学玩手机或经常缺席的话也会不点名地作善意劝诫，老师朴素的肺腑之言是让曾经云课堂三周的我重回线下的最大动力，真切地感受到了老师课堂上“育人”的温度，给分很仁慈、绝不刁难，我啃一年老本啃到自己内疚的学生两个学期竟然能拿到4.8+5，实在是感到自己对不起老师的良苦用心。
140782,203,陈锦辉,2021-09-16 04:17:52,5,6,1,我爱你
140807,203,陈锦辉,2021-09-16 08:44:51,1,2,1,很不错的一个老师
141195,203,陈锦辉,2021-09-26 04:05:20,1,3,2,神仙老师
141701,203,陈锦辉,2021-10-21 02:27:41,2,5,3,是啊那个傻逼胖子能闭嘴吗
141749,203,陈锦辉,2021-10-24 11:53:18,2,2,0,棒棒棒
141780,203,陈锦辉,2021-10-25 12:04:23,4,4,0,yyds
141878,203,陈锦辉,2021-10-29 08:43:54,2,4,2,好老师！
142727,203,陈锦辉,2021-11-15 13:29:39,8,8,0,踏踏实实做人，做事，做学问。\n\n选上陈老师课的人就偷着乐吧
143648,203,陈锦辉,2021-11-30 03:04:28,0,2,2,老师太可爱啦讲的也很好对同学们也很关心!
143939,203,陈锦辉,2021-12-13 12:43:01,1,2,1,难得的好老师！
144033,203,陈锦辉,2021-12-16 09:13:36,1,3,2,踏实做人，踏实做学问。
144062,203,陈锦辉,2021-12-17 07:22:33,32,32,0,1.真的不应该哇！\n\n2.我是真的觉得这种东西你们迟早要去面对的哦，赶紧把它弄懂来。\n\n3.跟上面那题一样——的啦~
144109,203,陈锦辉,2021-12-17 16:13:38,3,3,0,真的是个好老师 平时还喜欢给我们思考题之类的题目 上课也喜欢给我们一些高层次的例题 很踏实做学问的老师 可惜第二学期没分到陈老师的课了55555想念陈老师的第n天
144708,203,陈锦辉,2021-12-23 08:52:17,1,3,2,陈老师真的很棒，他上课的例题真的炒鸡棒，就是讲的比较快
144728,203,陈锦辉,2021-12-23 10:52:41,3,4,1,讲课稍快，但水平很高，待同学们🈶也很好
144867,203,陈锦辉,2021-12-25 09:22:10,1,3,2,老师太巨了
144990,203,陈锦辉,2021-12-26 08:53:50,0,2,2,大一上陈锦辉老师的微甲一，跟着老师的节奏听课，写完课后作业，4.8。\n\n先生之风，山高水长。
145150,203,陈锦辉,2021-12-28 01:12:14,3,3,0,先给个十分保佑我下学期还能上陈老师的课
145522,203,陈锦辉,2021-12-30 06:59:08,3,5,2,老师是好老师，就是下学期选不上了（手动ac01）
147143,203,陈锦辉,2022-01-09 01:20:37,2,2,0,呜呜，爷爷，菜菜，捞捞，呜呜
147421,203,陈锦辉,2022-01-10 03:09:13,5,6,1,十分送上，虽然可能有点严厉，有点严肃，但是能感觉到他是真的为学生不好好学习担心，为学生不好好学习难受，一个大学里的老师给了我高中老师的感觉，强烈推荐！
147422,203,陈锦辉,2022-01-10 03:09:13,4,6,2,十分送上，虽然可能有点严厉，有点严肃，但是能感觉到他是真的为学生不好好学习担心，为学生不好好学习难受，一个大学里的老师给了我高中老师的感觉，强烈推荐！
147432,203,陈锦辉,2022-01-10 03:27:21,4,4,0,10分。很好很负责的老师。教学水平很高，老师人也很好，选上就是你的幸运。
147588,203,陈锦辉,2022-01-10 09:06:33,4,4,0,先生之风 山高水长
147592,203,陈锦辉,2022-01-10 09:14:36,6,6,0,好好听课就不会让你失望
147758,203,陈锦辉,2022-01-10 17:17:07,1,2,1,老师教的真的非常非常好
147759,203,陈锦辉,2022-01-10 17:23:25,2,4,2,老师真的很好，数分学的很差，老师虽然嘴上说不捞不捞但给分还是不错的，属于是刀子嘴豆腐心了，老师很认真，思路很活，上课很有趣，强推
147848,203,陈锦辉,2022-01-11 03:55:43,34,34,0,上辉爷的数分H一学期了，今天刚刚出分，还是取得了一个满意的成绩。那就说说自己这一个学期的体验吧。\n\n首先，上辉爷的课是真的累，要让自己脑子一直运转起来不能停。PPT上的题技术性都较强，没有“感觉”和“积累”很难做出来。值得一提的是辉爷对于定理的证明会比较简略，建议一定要先预习。在一段时间内就是因为上课节奏过快，导致我摆烂玩了好几节课的手机。不过后面学乖了，速记笔记＋智云温习，足够把课上的知识掌握。\n\n其次，每次下课的时候，辉爷都会在外面抽烟，这时候如果你在外面透气，他就会亲切地问候你(bushi)，不仅仅是数分，还有其他学科。上课的时候辉爷也会注意到没到的同学，督促我们真的要到现场上课。我真的没有想到到了大学，还能有一个像高中老师一样督促着学习的老师。虽然每个人价值观不同，有人想平平淡淡玩四年，拿到两证，有人想保研或者考研，还有的人想把自己奉献给科学。不过作为一个理科生而言，数学分析，或者是微积分的地位是显著的。也是应该学好的。好好学习，并不能说是在“卷”，至少我在图书馆盯着谢惠民上面题目发神的时候，真的感觉我在探索一些未知的却极有魅力的数学结论。\n\n在一个这样宽松的大学里，能有一个这样关心人的老师，这样激发斗志的老师，实属是幸运的事情。“启真厚德”，真的是对一个老师的最高评价。虽然下学期没有办法选上辉爷的课，没有办法听见“都是骗骗人的啦”，“这真的很不应该嗷”这样标标准准的口头禅和他上课讲的任教故事(duanzi)。但我还是会努力地探索未知世界的。\n\n总之以后如果学弟学妹们能够看到我这条评论，强烈推荐选辉爷的数分/微积分!
147849,203,陈锦辉,2022-01-11 04:04:52,6,6,0,有时候可能会有点暴躁的感觉 但是一学期上下来你肯定会喜欢他的
147859,203,陈锦辉,2022-01-11 04:21:18,24,25,1,陈老师是我上大学以来第一位打心底里佩服的老师。\n\n无论是做人还是做事都一丝不苟，印象最深的细节是每次发现ppt的错误，老师都会当即改掉。\n\n\n\n结课的时候还送了我们三句话：\n\n踏踏实实做人、做事，做学问！\n\n珍爱生命，敬畏法律，常存善心，学会感恩！\n\n在“浙里”，让自己变得更加优秀，更加杰出。\n\n\n\n同时也提醒学弟学妹们，如果不是天才，那就请把学微积分的工夫花在平时，而不是考前突击。
147970,203,陈锦辉,2022-01-11 08:34:44,2,5,3,老师真的很好！\n\n刚开始上课的时候感觉节奏非常快，但后面就稍微习惯了一些。上课会补充大量题目与考试原题(x)，尽量吃透的话考试可以稳稳拿下。\n\n上课会讲很多段子(x)，口头禅已经被我们宿舍玩成梗了~\n\n钉钉头像也很有意思~\n\n今天数分1出分，比自己预料的最好情况还高了一档！谢谢老师！
148003,203,陈锦辉,2022-01-11 09:52:18,1,2,1,先生之风，山高水长。\n\n陈老师不仅教你知识，更是教你怎么去做人，做一个受人尊敬的人。
148156,203,陈锦辉,2022-01-11 16:25:28,3,3,0,我辉nb
148538,203,陈锦辉,2022-01-13 00:06:28,7,7,0,先生之风，山高水长。\n\n作为一个课间出去透气并被老师亲切问候的同学，真的感到是高中老师的那种感觉。\n\n上课讲的很好，节奏比较快，但要好好听和回放智云课堂！\n\n但是下学期没选上……
148934,203,陈锦辉,2022-01-14 03:49:21,1,2,1,讲课节奏稍微有点快，但很适合我，老师真的超好哒
148941,203,陈锦辉,2022-01-14 04:02:01,9,9,0,先生之风，山高水长。辉爷数分讲的真的很有感染力，给分也很好，可惜下学期不是辉爷的课了
149482,203,陈锦辉,2022-01-15 14:01:43,0,7,7,平时作业都有在努力完成，花费的时间和精力也很多，考前把知识整理了一遍，刷了几套题，结果数分拿了本学期至今为止最低分，绩杀了属于是。但是陈老师人很好，讲课很仔细，师强我弱了属于是
149562,203,陈锦辉,2022-01-16 03:12:16,0,1,1,老师讲的很好
149886,203,陈锦辉,2022-01-17 13:47:23,15,15,0,先生之风，山高水长。辉爷是真的贴合这句话，浙大里至少我还没有碰到过像辉爷这样负责任的老师，上课确实有点累也很容易听不懂了，但是即使听不懂也可以感受到浓浓的数学气息，而且辉爷PPT上的例题如果吃透了考试过应该没问题的吧。总之，我爱辉爷！
150167,203,陈锦辉,2022-01-19 23:13:44,13,13,0,真正的好老师\n\n大学第一个满绩
150264,203,陈锦辉,2022-01-21 04:38:45,5,6,1,cjhyyds
150515,203,陈锦辉,2022-01-28 07:08:23,10,10,0,老师很好，讲课很耐心，可以听到老师督促你学习，上课节奏比较快，有时候题目来不及记笔记，主要是不常常预习导致的理论不熟悉，建议课后回顾PPT认真做好笔记，认真复习，今年考试的题目感觉比往年简单一些，因此满的同学可能也比较多，住下一届同学好运，数分加油↖(^ω^)↗，给老师评了十分，下学期可惜不是陈老师了，蟹蟹陈老师！
151607,203,陈锦辉,2022-03-17 08:51:09,1,7,6,辉爷的题目我觉得挺难的，但想明白之后又感觉收获很多，提高很多。
151642,203,陈锦辉,2022-03-10 07:07:11,-49,6,55,一般  没逻辑
151696,203,陈锦辉,2022-03-12 12:56:38,5,7,2,好老师的典范
152231,203,陈锦辉,2022-03-31 03:03:20,3,3,0,讲得好！
154444,203,陈锦辉,2022-06-01 12:43:20,4,7,3,为什么只能打十分
155086,203,陈锦辉,2022-06-08 06:29:46,3,3,0,陈老师很负责任
155166,203,陈锦辉,2022-06-09 03:51:20,12,14,2,绩点一点八，听课笑哈哈（bushi\n\n只要用心去听陈老师的课，你会发现陈老师真的很希望把我们的数学素养提高到理工科学生应有的基础水平\n\n陈老师真的非常好，无论是水平还是教学方法；我觉得某种意义上，在陈老师课上不好好学数学，会有一种自发的愧疚感\n\n对了，陈老师经常跟钉钉发表情包的同学对线（
155698,203,陈锦辉,2022-06-15 08:29:25,5,7,2,今天微甲2考完啦，撒花花！很幸运两个学期都预置了辉爷的课，非常非常感激彩票系统！陈爷爷是很认真负责的老师，会看不下去一些同学划水，会说我们班是一个大家庭，课程内容丰富，好好听真的能收获很多！
155747,203,陈锦辉,2022-06-15 13:23:36,6,6,0,老师菜菜捞捞呜呜
155897,203,陈锦辉,2022-06-16 13:18:07,11,14,3,老师，八道大题错了七道，还有救吗
156103,203,陈锦辉,2022-06-17 14:19:09,11,13,2,“珍爱生命，敬畏法律，常存善心，学会感恩！\n\n踏踏实实做人，做事，做学问！\n\n在“浙里”，让自己变得更加优秀，更加杰出！”\n\ndeeply瑞思拜！
156918,203,陈锦辉,2022-06-21 10:33:52,15,15,0,在给分前发表评论，是因为不想掺杂我这次考砸的个人态度。cjh大大yyds，我能想到的任何夸赞一名老师的话用在他身上都很合适。也像楼下说的那样，老师不仅仅关注我们的微积分学习，更教授我们做人做事之道。我肯定会给10分，能跟着大大上一年的课是我大一莫大的幸运，也希望每一位选他课的学弟学妹好好珍惜老师的课，一定要去线下捧场，并且抬起你们尊贵的头啦！
156971,203,陈锦辉,2022-06-23 12:02:32,29,30,1,先生之风，山高水长
157026,203,陈锦辉,2022-06-21 15:27:29,3,5,2,很好的老师
157418,203,陈锦辉,2022-06-23 07:29:40,8,8,0,陈爷爷也是我爷爷
157466,203,陈锦辉,2022-06-23 10:28:51,16,17,1,辉爷是我爷，讲课思路敏捷，题目万里挑一，捞人不辞辛苦，辉爷是我爷!
157472,203,陈锦辉,2022-06-23 10:43:26,4,5,1,给分超好！
157487,203,陈锦辉,2022-06-23 11:53:49,4,5,1,给分超好！
157495,203,陈锦辉,2022-06-23 12:32:03,5,7,2,给分超好，非常认真负责的老师。
157521,203,陈锦辉,2022-06-23 14:44:30,2,3,1,各方面都是好老师\n\n讲课、备课用心
158742,203,陈锦辉,2022-07-01 23:28:34,10,13,3,陈老师上的课，内容非常丰富精彩，最后给分也很好，反正我和我认识的人都满绩，另外陈老师一定会把绩点往上拉一点，保证你不卡绩
159412,203,陈锦辉,2022-07-18 01:54:07,4,6,2,10分！神中神中神！
159413,203,陈锦辉,2022-07-18 01:53:54,1,2,1,10分！神中神中神！
160079,203,陈锦辉,2022-09-13 04:29:08,2,5,3,不用犹豫
160204,203,陈锦辉,2022-09-15 03:07:21,2,4,2,太可爱了，而且很负责，小辉辉老师的课一节都不会缺！ ！！！
160236,203,陈锦辉,2022-09-15 12:17:07,6,7,1,感觉比矿爷好
160779,203,陈锦辉,2022-10-11 06:08:28,3,4,1,超级好！！！！！！！
160882,203,陈锦辉,2022-10-18 03:23:28,6,7,1,数学分析课容量很大，很难。但陈老师很关心学生，讲解很清楚很有逻辑，会学到很多。虽然不点名，但没有不来的
160980,203,陈锦辉,2022-10-23 01:36:14,9,11,2,还没听懂！？有没有听懂？？？总~听懂了吧！~
162757,203,陈锦辉,2022-12-14 10:23:21,29,29,0,真正的大师！现在老师做了ppt了，ppt清爽干净全是干货，占座问题也没有之前那么严重啦，但依然是我所有课中大家来上课最早的一门课。总之，如果问我怎么才能学好微积分，只有三点：1、选陈老师的课；2、上课认真听，记录例题，课后花时间整理；3、不算太恐怖的刷题。希望下学期还能选上陈老师的课。有激情，有干货，有难度，有思想，有温度，有高度。但是节奏有点快的，需要课后花时间理解。陈老师yyds！！！\n\n微甲二要选上老师的课！！！
163152,203,陈锦辉,2022-12-08 07:35:06,5,5,0,超级好！！！
163154,203,陈锦辉,2022-12-08 07:36:02,7,8,1,踏踏实实做人，做事，做学问。
163175,203,陈锦辉,2022-12-09 02:57:13,3,5,2,10分
163319,203,陈锦辉,2022-12-12 15:28:48,3,5,2,我想跟着辉爷一直学下去。
163433,203,陈锦辉,2022-12-14 09:32:04,6,8,2,陈sir我的偶像
163503,203,陈锦辉,2022-12-14 13:57:17,8,9,1,第一个学期最喜欢的老师，认真上课真的可以学到很多很多东西。陈老师真的就像我们的爷爷一样，上课认真有激情，也会时不时发一些练习题，而且很关心同学们的生活。虽然看起来有点凶，但是可以感觉到是长辈的那种关怀。下学期因为预置的专业课上不了陈老师的课了真的感觉很难过啊。
163533,203,陈锦辉,2022-12-20 12:00:34,26,27,1,十分是评分的上限，离我对陈老师喜欢的上限还差得远呢
163848,203,陈锦辉,2022-12-16 08:40:09,4,5,1,好好好好好好好好好好好好好好好好好好好好哈哈！！！！！！！！！！！！！！！
164084,203,陈锦辉,2022-12-18 02:15:38,1,2,1,老师很负责
164193,203,陈锦辉,2022-12-19 05:33:35,1,3,2,十分没话说
164211,203,陈锦辉,2022-12-19 08:11:38,4,6,2,陈老师带我走吧！我微2不想离开您
164309,203,陈锦辉,2022-12-20 08:28:34,7,7,0,拓展多，能学到很多，几乎不点名，学习靠自觉，人很体贴
164621,203,陈锦辉,2022-12-22 09:02:47,5,7,2,超级好的老师，人很和蔼，上课会补充很多例题帮助你理解，如果你能把老师上课讲的东西记住，微积分没有任何问题
164634,203,陈锦辉,2022-12-22 10:24:23,1,4,3,先生之风，山高水长
168451,203,陈锦辉,2023-02-17 02:55:49,-1,12,13,讲课速度太快，例题讲的太多，对于基础的定义上课涉及太少。
168473,203,陈锦辉,2023-02-17 14:22:04,2,2,0,10分求过
168644,203,陈锦辉,2023-02-20 13:51:08,4,4,0,老师是很好的老师，上课讲得很好，对待学生也很用心。是我太菜了，可能要过不了了，但还是在出分前给10分好评，求求了。
168743,203,陈锦辉,2023-02-21 14:47:03,2,3,1,很厉害的老师，捞人也很用心
168746,203,陈锦辉,2023-02-21 14:57:49,5,6,1,救人一命胜造七级浮屠！
168757,203,陈锦辉,2023-02-21 19:33:40,7,7,0,陈老师真的很好、很认真  可惜这个学期不能选到陈老师了呜呜呜呜呜
168812,203,陈锦辉,2023-02-22 11:18:40,5,7,2,陈老师真的很负责，上课讲的知识点很细，拓展的东西也很多，而且有时候会提醒我们要好好学习不能荒废。看之前的评价说老师上课不喜欢用ppt，但是疫情之后老师现在都是用ppt讲课的，课件直接在智云课堂上可以截图很方便。看微积分甲一均绩也知道，绝对满分好老师！
168927,203,陈锦辉,2023-02-23 14:07:09,0,2,2,很好的老师
168943,203,陈锦辉,2023-02-23 15:06:54,3,5,2,上课强度有点大，人还是很负责任的，会讲些喜闻乐见的大道理也还挺可爱的。最后应该会考虑卡绩问题，虽然苯人还是卡了（
169003,203,陈锦辉,2023-02-24 03:28:18,18,18,0,当你听到他的科室，你就知道这是天花板了
169008,203,陈锦辉,2023-02-24 03:33:13,11,13,2,出分后再来评价一次。10分不解释。微二不是陈老师了，也要学得好！
169019,203,陈锦辉,2023-02-24 04:19:35,4,5,1,真的别太在意绩点！
169106,203,陈锦辉,2023-02-24 10:01:18,1,1,0,授课节奏快 逻辑清晰严谨 会捞人
169881,203,陈锦辉,2023-02-28 08:06:29,11,12,1,陈老师真的很让我感动，我基本从来不在査老师上面评分，但这次还是没忍住来评了，我只能说评10分只是因为上限是10分
169913,203,陈锦辉,2023-02-28 11:09:48,8,11,3,心在跳似爱情如烈火，cjh老师我爱你
169995,203,陈锦辉,2023-03-01 02:49:12,6,7,1,帅帅帅
170077,203,陈锦辉,2023-03-01 09:27:03,18,19,1,好可爱的小老头 还用萌萌的小狗当头像
170471,203,陈锦辉,2023-03-05 11:36:40,10,10,0,基础不太行听不懂，讲课很快，会捞人
171201,203,陈锦辉,2023-03-18 10:44:54,9,10,1,老师真的强，但我真的太菜了，甲一是他教的上课难度对于本菜鸡来说是真心有点大，菜狗慎选，老师人也很好，最后把我捞的分数比较满意
171333,203,陈锦辉,2023-03-22 03:32:09,7,7,0,如沐春风
171606,203,陈锦辉,2023-03-30 02:13:53,1,3,2,很好，！！！
171732,203,陈锦辉,2023-04-03 12:56:56,14,14,0,辉爷真的满足了我对大学老师的一切幻想，微甲一预置了老师真的太幸运！即使现在微甲二不是辉爷了也在听他的智云。不多说了直接10分！！
172296,203,陈锦辉,2023-04-24 11:22:42,3,5,2,很欣赏的老师！
172694,203,陈锦辉,2023-05-04 12:36:21,16,17,1,吹爆辉爷，这一年教给我的不只有数分，“唉呀走路不要老捧着一个手机咯~~~”，历历在目，谢谢辉爷，必须10！
173540,203,陈锦辉,2023-05-28 08:58:40,10,10,0,上的是数分，感觉讲题节奏很快，但是有时候也会缓下来讲点题外话，预习以后再听会舒服很多，因为老师上课对基本概念过的比较快，基本上都是提一下就立刻开始应用了，如果概念没存到脑子里再听后面的可能会懵然后开始坐牢。（本菜狗的个人感受）但是如果预习扎实，后面的讲题和扩展绝对是一种享受，那种刚见一道题的迷惑，被老师点醒恍然大悟，然后回味一下就接着下一道题了的节奏，适应了会很有成就感。
173804,203,陈锦辉,2023-06-03 06:05:52,5,5,0,好好好
174270,203,陈锦辉,2023-06-08 13:05:41,3,5,2,好好好
174399,203,陈锦辉,2023-06-12 02:03:58,-41,7,48,上课进度太慢 望加快
175402,203,陈锦辉,2023-06-24 15:04:42,2,5,3,上课同学的体验两极分化，能跟上他思路的话确实能感觉到他的实力。自学能力不强或基础不好真的慎选。
175689,203,陈锦辉,2023-06-26 08:01:14,18,19,1,给个满绩吧，我给你满分你给我满绩。咱们等价交换
175747,203,陈锦辉,2023-06-26 11:31:27,0,2,2,大师！蹭了一学期老师的课，前来膜拜
176875,203,陈锦辉,2023-06-30 13:39:31,1,3,2,辉爷是我见过的最负责的老师
176935,203,陈锦辉,2023-06-30 20:42:52,1,2,1,谢谢陈老师😭😭太激动了，终于过了
177018,203,陈锦辉,2023-07-01 06:12:39,4,4,0,老师我爱你
177103,203,陈锦辉,2023-07-01 17:03:49,8,8,0,陈老师非常负责任，会对大家循循善诱，经常鼓励。最喜欢陈老师的“加油哦！”\n\n虽然陈老师上课速度偏快，我可能难以跟上，但是还是好喜欢陈老师平易近人负责任的态度。\n\n十分！（顺便安利一下贾hy也很好）
177104,203,陈锦辉,2023-07-01 17:03:50,1,2,1,他真的很关心学生
177412,203,陈锦辉,2023-07-03 08:16:14,2,2,0,Nice
177613,203,陈锦辉,2023-07-04 02:28:41,0,1,1,很舒服
178160,203,陈锦辉,2023-07-07 10:30:18,3,4,1,学习过程可能较为痛苦，但一定收获满满\n\n全体起立致敬
178532,203,陈锦辉,2023-07-13 16:08:00,2,6,4,读研一了来评分，最近因为科研需要又在重新捡起微积分。\n\n上了陈老师大的微积分一和二，大家对陈老师都是很正面的评价，但是我还是想提醒一下刚刚上大学特别是北方的学弟学妹，陈老师讲话有比较浓厚的浙江口音，我自己就是因为听不太懂陈老师讲话所以整个微积分都学的乱七八糟。如果是北方的学弟学妹不妨现在智云课堂上先听一听看看自己能不能适应，陈老师讲课绝对没有问题，特别特别认真而且有很多拔高的方面。但是未必适合自己。
178999,203,陈锦辉,2023-08-17 07:44:52,4,5,1,老师上课非常认真清楚，是理想中大学老师的样子
179193,203,陈锦辉,2023-08-29 14:20:37,6,6,0,心目中真正大学老师的样子
179490,203,陈锦辉,2023-09-17 11:11:58,12,12,0,陈老师实在是太关心学生的学习辣，还没有开课就在群里鼓励大家要好好学习，准备好应对微积分与高中数学的差异。\n\n不仅如此还给出了一份高中大学数学的衔接作业，之后又在两天之内发出了精解答案。平时还会在群里回答同学们各种问题，幽默风趣平易近人二词只能表现出我赞美之词的匮乏
180338,203,陈锦辉,2023-09-21 07:01:36,3,3,0,绝对的负责任、有水平的好老师，也会使劲捞人，每节课都要鼓励同学们好好学习，报上绝对不亏！
180661,203,陈锦辉,2023-09-24 11:41:08,1,1,0,认真负责
180863,203,陈锦辉,2023-09-27 08:36:32,12,13,1,我就想问一下，为什么是9.99而不是10啊，cjh真的好，听他的课不会困，很有意思，老师也很可爱（虽然不知道为什么），讲课的内容看着很难吧，但是很关心学生的感受，从来不会去留超纲的作业，每一个题都是选好的，有的和课堂内容相关，有的推展思维，总之在他的课上可以学到很多关于数学思维的东西，听他去讲觉得思考数学题变得很自由（其实感觉他自己做题的思路还有转换的方法都像呼吸一样自然）
181025,203,陈锦辉,2023-10-04 14:59:47,6,8,2,先生之风，山高水长
181049,203,陈锦辉,2023-10-07 02:41:40,17,18,1,20岁都不到就开始吃老本了呢？现在不应该是为以后吃老本做准备的时候吗？哈哈哈哈陈锦辉老师上课真的好有意思，强度有点大，但是收获真的多，每次和室友聊微积分都好有优越感
181250,203,陈锦辉,2023-10-12 06:53:06,4,5,1,好课当赞
181301,203,陈锦辉,2023-10-13 10:07:52,39,39,0,这个ε的n咋求？二次方程解不出来啊？我说有的同学就把数学学死了吧。你干~嘛——哎哟~
181312,203,陈锦辉,2023-10-14 03:10:04,16,17,1,我是觉得有的同学这个数学学习是太死板了奥\n\n这个求和不会求啊？这个求和不会的那我真的怀疑你们的录取通知书是假的了奥
181365,203,陈锦辉,2023-10-16 03:39:47,16,18,2,现在在上线代的我表示要不我们线代也陈锦辉老师教了算了，我相信他可以的wwww，陈锦辉是神，是神，是神！！！上他的课是真心感觉到老师的nb，而且这样的老师居然企图用心地把我教会，光想想都感动，他真的，我哭死
181523,203,陈锦辉,2023-10-21 04:22:19,5,6,1,育人恩师
181846,203,陈锦辉,2023-11-02 06:55:47,4,5,1,你干嘛
182079,203,陈锦辉,2023-11-09 14:09:17,8,10,2,真的爆好啊爆好啊爆好啊\n\n陈老师我哭死🥹\n\n就是上课是真的很难🥶
182132,203,陈锦辉,2023-11-10 11:52:27,1,1,0,提个分
182205,203,陈锦辉,2023-11-12 13:43:17,25,26,1,终将有一天数列将收敛于⑩
182309,203,陈锦辉,2023-11-14 11:23:16,3,3,0,太好了
182454,203,陈锦辉,2023-11-16 06:30:31,6,7,1,你干嘛～
182485,203,陈锦辉,2023-11-16 11:42:15,1,4,3,因为这周二辉爷突击点了个名所以再回来刷一波分以及点名情况。辉爷讲课真的没得说，不仅对自己要讲的东西信手拈来，而且真心实意为学生着想\n\n虽然这并不妨碍我是个菜狗
182763,203,陈锦辉,2023-11-20 06:39:11,12,13,1,选中了 就偷着乐吧～
182794,203,陈锦辉,2023-11-20 09:02:58,5,5,0,听他的课期中就基本可以秒了，爱死他了，希望后面能继续选上他的课
182851,203,陈锦辉,2023-11-20 15:52:38,9,9,0,陈老师真的是个好老师，我选中已经开始偷着乐了
182865,203,陈锦辉,2023-11-21 00:42:10,-18,5,23,菜狗别选
183880,203,陈锦辉,2023-12-02 10:31:40,5,7,2,老师很负责，人也很好，真的处处为我们着想。有的时候还会闲聊一些学校的杂事。他真的把这个班级当作一个大家庭了。
184180,203,陈锦辉,2023-12-12 03:26:42,36,37,1,“我今天看了一下评价系统吧，看到有的同学说我的解法像呼吸一样自然，其实也没有吧，就是见过的题多了一点。”
184382,203,陈锦辉,2023-12-18 12:14:51,7,7,0,选他没错\n\n如果你不懂微积分选谁，就选他！！！！！！！！！！！！！！！！！
184432,203,陈锦辉,2023-12-19 13:40:34,21,22,1,这么说吧，老师首先人非常非常好，每当我想爆粗口的时候就想起他说的话从而约束自己改掉这个习惯。还有，上老师的课，听老师讲解数学，你真的会感受到数学的美，看他对知识的讲解和运用简直是一种享受（当然你得听得懂，不过老师讲得很细，听不懂是不可能的），还有就是这个老师会让你感受到一股强大的正能量，阳光，积极等等，每次上课简直就是沉浸在他所带来的氛围里，有数学的，有精神的...感谢老师每堂课带来的知识和力量。
184661,203,陈锦辉,2023-12-22 06:12:12,7,9,2,真的很喜欢很喜欢陈老师！！！希望下学期可以让我继续上陈老师的课呜呜呜呜我真的保证我好好学数学！！！
184770,203,陈锦辉,2023-12-22 14:42:21,1,3,2,喜欢陈老师
184872,203,陈锦辉,2023-12-24 01:26:21,2,4,2,讲课速度刚好，证明详细不拖沓，简单题目直接口算，难题先点思路有启发性
184918,203,陈锦辉,2023-12-24 10:01:50,2,2,0,人很好的老师，但建议大家不能只看评分，可以也听听其他老师，辉爷讲课速度对我来说太快了，付出了很多精力但没学好（哭）
185244,203,陈锦辉,2023-12-27 08:50:21,5,7,2,讲解详略得当，较难知识点讲的很认真仔细，上课过程行云流水，知识很自然地就进入脑海。老师人也很好，是真的在意每一位同学的学习。布置作业和思考题也都精挑细选。“我还是想让大家学的呀没有那么累。”真可称为一位大家！高山仰止，景行行止。虽然选不上老师的课了，但任然强烈推荐
185459,203,陈锦辉,2023-12-29 14:10:13,9,10,1,老师人真的很好！上大学之后很少还有这样像陈老师一样关心体贴学生的老师，陈老师不仅仅是个老师，更像一个引路的前辈，在他这我感受到了长辈对我们的关爱！真的是很温暖的老师！！希望还能上老师的课！！
185466,203,陈锦辉,2023-12-29 21:08:58,7,8,1,“请抬起你们高贵的头颅”听到绷不住了，陈老师真的太可爱了\n\n还有其他的：“有同学说我做这些题目就像呼吸一样自然”
185828,203,陈锦辉,2024-01-04 16:09:00,0,1,1,真的很好的老师，不仅教学能力非常强，再难的题目都信手拈来，同时也把大家都当作自己的孩子，传授我们踏实做人踏实做学问的人生道理！超级好的老师，而且很可爱！
186094,203,陈锦辉,2024-01-08 09:14:47,13,13,0,非常关心学生的老师，把学生都当作自己的孩子，个人目前碰到唯一一位会让你上课不要玩手机的负责老师\n\n陈老师的ppt应该是整个浙大里最清晰的了，上课板书如果跟不上的话可以通过ppt回顾\n\n陈老师上课强度确实比较大，听着比较累，但这不就是一场令人疲惫但是充满收获的体验么？\n\n而且陈老师人风趣幽默，关心学生，会主动找学生在课前交流“哎呀答案真的不重要”是他的口头禅\n\n如果真的能把陈老师讲的内容都消化了，那么不止作业，难度较大的期末考试也不在话下了，更重要的是数理思维的永久性提升\n\n在大一上遇到陈老师真的是我的幸运，可惜v2不是他的了\n\n希望每一位选上陈老师课的人都不要浪费这样一位大师的倾情点拨
186174,203,陈锦辉,2024-01-09 07:29:49,1,2,1,特别认真的老师~但是讲课节奏很快我觉得（）
186345,203,陈锦辉,2024-01-10 14:22:57,3,4,1,无脑选就完事了
186526,203,陈锦辉,2024-01-11 13:13:30,19,20,1,很好的老师呜呜呜呜呜\n\n考前在群里说，“大家考完不要发‘菜菜，捞捞‘，我相信浙大的学生都不会是菜菜的，菜菜的不给捞”\n\n平时上课也会讲很多生活上的，学业上的一些小建议，印象最深的是，“走路骑车就不要玩手机勒，你不撞别人，别人会来撞你的啊”（笑）\n\n感觉完美诠释了“为人师表”一词，真的很幸运能选上陈老师的课qaq（虽然下学期时间和专业课冲突，选不了呜呜呜呜）\n\n（最后希望vjf绩点能好看一点orz）
186551,203,陈锦辉,2024-01-11 15:56:01,4,4,0,期末出分前许愿希望下学期还能跟陈老师学数分！
187451,203,陈锦辉,2024-01-16 07:47:28,8,8,0,老师真的特别好😭😭😭真的能让我觉得我学不会是我自己的问题绝对不是老师的问题 而且还很关心同学 刚开学下课走的比较晚老师临出门还问我能不能跟上😭\n\n其他班都出分了就辉爷还没出 好像是因为有同学课上和他说让考试周之后再登成绩辉爷就真的还没登 现在考完了担心地来查老师打个满分希望老师也给我高点分嘿嘿
187582,203,陈锦辉,2024-01-16 16:29:17,6,7,1,无话可说，zju最好的老师之一，不给他打十分对不起我自己的良心
187583,203,陈锦辉,2024-01-16 16:29:42,1,3,2,陈老师真的是一个超级负责任的老师，虽说上课有些快，但只要认真听，并且课后总结复习，一定会大有收获的！！！
187590,203,陈锦辉,2024-01-16 16:46:45,4,7,3,cjh都不是10昏，只能说明10昏没有含金量
187599,203,陈锦辉,2024-01-16 17:19:16,6,7,1,陈老师特别特别好，一点钟还发长文TT\n\n虽然最后成绩不好看（我的原因），但还是非常感谢陈老师！\n\n一想到下学期还能跟陈老再学下去就特别幸福！
187636,203,陈锦辉,2024-01-17 02:34:27,6,7,1,大抵是被辉爷捞了，赞美
187662,203,陈锦辉,2024-01-17 03:45:21,3,3,0,老师非常好 怪我没有认真学 数分一喜提2.7的绩点😭😭😭
187779,203,陈锦辉,2024-01-17 12:00:14,2,3,1,陈老师讲课很好，很细致，每节课都会在PPT上列举很多例题，是一位真正地好老师
187861,203,陈锦辉,2024-01-17 15:15:05,3,3,0,非常认真负责任的好老师。❤️❤️❤️
187921,203,陈锦辉,2024-01-17 23:28:31,4,5,1,第一学期学到东西最多的老师。\n\n考试因为身体原因并不理想，但是在我的心目中，给陈老师的分数都是满分。
188202,203,陈锦辉,2024-01-18 11:35:59,7,7,0,陈老师对于知识理解的深入程度、上课认真负责程度、对学生的关心程度都是100%的，超级超级好的老师
188210,203,陈锦辉,2024-01-18 11:54:10,4,6,2,选就完事！！！
188232,203,陈锦辉,2024-01-18 12:53:15,3,4,1,老师真的很好，被抬了一手
188470,203,陈锦辉,2024-01-19 04:54:46,5,6,1,超棒的老师，选到就是赚到，不论是教学还是做人都无可挑剔
188704,203,陈锦辉,2024-01-19 15:40:58,5,5,0,我的绩点最后因为粗心虽然不高，但是cjh老师还是拯救了我的微积分，老师真的很有爱，从一开始的放弃学微积分到后来每节课的上课听。我认为老师有着很强的个人魅力，教的内容也相当扎实且有拓展，cjh老师赛高。
189567,203,陈锦辉,2024-01-25 11:46:02,2,4,2,非常好的老师，去年忘了评分了，今天补上！10分只是评分的极限！
190268,203,陈锦辉,2024-02-27 00:53:57,-68,5,73,喜欢拉踩
190289,203,陈锦辉,2024-02-27 09:53:32,5,6,1,老师很好
190526,203,陈锦辉,2024-03-07 03:51:17,1,6,5,讲的很好，但确实有难度，点到为止，建议看矿爷mooc预习
190787,203,陈锦辉,2024-03-19 06:51:54,-72,11,83,一股爹味……
191182,203,陈锦辉,2024-04-11 02:36:03,-51,9,60,1分钟二维码点名……智云根本来不及
192232,203,陈锦辉,2024-05-12 16:46:21,14,14,0,严厉的好老师，学生有什么错误会最快地去纠正，不仅是数学，也有你的为人处世与三观。
192879,203,陈锦辉,2024-05-31 07:47:17,-3,0,3,我的，哥们
192934,203,陈锦辉,2024-05-31 16:51:30,1,4,3,真的是很好的老师，这学期快上完他的课有点舍不得了
193760,203,陈锦辉,2024-06-17 14:31:37,-1,2,3,感谢陈老师
194645,203,陈锦辉,2024-06-25 00:36:06,10,11,1,【微积分（甲）II】【智云课堂旁听】\n\n我不是辉爷班里的学生，从二重积分开始看去年的回放。他的PPT和很多老师是有断层式差距的，看得出来在与时俱进，很多题目都是近几年的考题，你只看PPT也能学到特别多的东西。相比之下某些老师的课件可能比我年纪都大。。。\n\n当然了，他的智云我必须1倍速听，线下听课我肯定跟不上他的节奏。课堂效率和容量很高，听完一遍收获了很多解题思路和技巧。\n\n有的时候会苦口婆心讲一些大道理，我觉得那也是真心实意地为学生着想，他很珍惜和学生的相处时间。没能去线下听课是一种遗憾。\n\n陈老师的教学水平不该用我的分数来衡量。我教学班的老师还没出分，先给您10分！！！
194884,203,陈锦辉,2024-06-25 23:52:46,0,3,3,捞麻了，太能捞了，爱了
194893,203,陈锦辉,2024-07-04 02:25:28,11,14,3,非常为学生着想\n\n陈老师是那种钻研型的人才\n\n小测考完全班都要求看答案\n\n陈老师怒斥：只知道答案有什么用\n\n在陈老师这边\n\n1.思路方法原理十分重要\n\n2.刷题练习能提高大量普通同学的水平\n\n真的能感受到陈老师的严谨、仔细、负责\n\n不管你是谁\n\n真心建议你来听听辉爷的课
194906,203,陈锦辉,2024-06-26 01:53:57,7,10,3,上的数分II\n\n非常好的老师\n\n要不怎么能叫辉爷呢？\n\n因为讲课用PPT，上课进度比较快，所以要跟上有一定难度，但是根据我数分I的经验，就算讲的慢我也不一定能全部听懂（\n\n期末很会捞\n\n\n\n感觉是真正热爱教学的老师，每年都做高考卷\n\n口头禅是：“唉我希望你们都学的明白一点”，“做学问这种事来不得半点虚假”\n\n还喜欢在我们做题冒出一句：“你看今天就来了xx人”\n\n\n\n这学期数分II可是连鸽子都想听的课啊 哈哈~
194944,203,陈锦辉,2024-06-26 04:01:54,1,4,3,十分不成敬意 感谢辉爷
194969,203,陈锦辉,2024-07-05 11:12:07,12,16,4,陈锦辉老师是一位非常非常好的老师，上课讲的非常清晰，而且老师上课说过他讲的内容是高于考试难度的，也确实看得出来老师ppt干货特别多，非常值得仔细琢磨上面的例题。不过陈锦辉老师对到课率也是有一定执念的，除了两次小测必要的点名外，还有两次签到，而且都是二维码点名，对于智云选手不是很友好，但是老师后来好像都让没签上的同学下节课来补签了。老师每周都会在钉钉里面补充题目，这些题目难度高于微积分考试的难度，但是做一下的话对个人提升还是比较大的。老师还很致力于维护好钉钉群的讨论氛围，鼓励同学们群里探讨问题而非私戳。总之，老师讲课逻辑很清晰，有深度，ppt也很好（但是不上传，不过可以用zju-learning智云一键下载），与秋冬学期的卢兴江老师比较，个人感觉陈锦辉老师更胜一筹，蒙民伟楼上硬课的体验不太好也是另一个原因。老师始终强调分数不是全部，还多次在上课强调生命安全和学术严谨，在我看来是一位不错的老师。\n\n个人甲二的成绩比甲一提高了很多（其实总评也就5分，但直接升了两个档），一方面可能是受益于陈锦辉老师上课内容深度的提升，另一方面也可能是甲二题型思路更加固定化，不像甲一解一个不定积分或者证明数列收敛可能需要用到很多技巧，二重积分、三重积分和线面积分的解题思路都是比较固定的。所以某种程度上甲二应该要比甲一容易。微积分学习依赖于上课学习和课后习题以及历年卷刷题还是可以搞定的。好像有不少同学这次期末考的不太好，可能是期末更加侧重计算有关，而且填空题答案错就是全错，可能造成了许多同学的滑坡。
195030,203,陈锦辉,2024-06-26 11:57:58,0,4,4,yxd班的，听了一个学期辉爷，讲得很通透，过来打个10分
195119,203,陈锦辉,2024-06-27 00:42:15,3,7,4,十分是评分系统的上限，不是辉爷的上限！\n\n从各个方面都无可挑剔的好老师，也是和蔼亲切的老爷爷！在ZJU，没听过辉爷的课是不完整的！\n\n好了下面细说\n\n授课方面：我微积分甲Ⅰ是别的老师，感觉讲课语速很慢，而且只限于课本，很多地方上课讲完了还是没搞懂。但是这学期听辉爷讲课，PPT上面简介清晰，而且与时俱进，每年都在改，每年都在删减（看一眼往年智云便知），相比某些老师PPT比我年级还大；PPT上例题绝对量大管饱，而且都是精挑细选（或者自己编的）好题，搞懂了肯定没问题的；除此之外，对于计算题，老师上课会讲解如何计算、如何简便计算（比如利用对称性等等）；对于证明题，辉爷会把如何分析题目、需要证明什么、应该从哪里入手等等一一剖析清楚；而且知识前后时常关联，还会从高观点给我们讲数学思维（比如会经常从线性代数的角度讲解某些微积分题目，真正把学到的东西运用起来而不是单纯应付考试）。但是即使如此，辉爷经常跟我们强调的是，不要太注意结果，就算是计算题，结果什么的也不重要，更应该关注过程方法。（万人血书求辉爷开线代1/10000）\n\n点名方面：这学期辉爷只点了四次名，其中有两次都是在小测点的名，另外两次是当时看到教室到课率实在太低才点的名，不过后来只要线下到课并且找他补签的都点上了\n\n为人方面：辉爷是一个令人尊敬的长者，也是一个幽默风趣的小老头。他经常会给我们讲一些人生哲理，但是永远是面带微笑而非板着脸，而且从来不使人厌烦；幽默的辉爷还经常“水朵”（虽然自称“偶尔看看万能的朵朵”），偶尔上课给我们讲讲朵朵的见闻\n\n成绩方面：辉爷禁止我们考完了在群里发“菜菜捞捞”，但是却非常会捞，每位同学的期末卷子都会看过去，能调则调，没捞上去是我们太沉了绝不是辉爷没捞！\n\n不过最后，也有一个小缺点：课太难选了 TAT 6进1是常态\n\n最后一节课上完舍不得走了TAT
195185,203,陈锦辉,2024-06-27 05:52:34,0,2,2,教的很好，也有很多例题，如果都能跟着节奏，期末问题基本不大。
195505,203,陈锦辉,2024-06-28 11:55:46,7,10,3,不开玩笑，人生遇到的最好的老师。不仅讲课思路清晰，功底深厚，思维跳脱，而且对同学非常关心，还能有更好的老师吗？？！！真的爱了爱了。\n\n上学期银爷94，这学期辉爷99！吹爆！！！
195673,203,陈锦辉,2024-06-29 12:05:18,2,5,3,上学期辉爷的微一，这学期微二换了老师\n\n全程跟着辉爷的智云，期末卷面收获满分（总评倒推）\n\n辉爷伟大，无需多言
196228,203,陈锦辉,2024-07-02 10:40:31,4,6,2,先生大义！
197865,203,陈锦辉,2024-08-16 21:11:12,-3,0,3,现场VS
198284,203,陈锦辉,2024-09-06 05:35:39,3,4,1,还行吧
198380,203,陈锦辉,2024-09-08 10:18:12,-1,2,3,伟哉！
198577,203,陈锦辉,2024-09-10 04:41:20,0,3,3,好好好
198782,203,陈锦辉,2024-09-11 15:24:42,0,2,2,他的课即便过了一学期，也会拿出来温习
198829,203,陈锦辉,2024-10-17 03:01:09,-7,9,16,讲的很细致很好，没有口音，上课不会摆老师架子，很适合社科学生✌
198841,203,陈锦辉,2024-09-12 06:06:06,1,3,2,我爱你cjh！
198842,203,陈锦辉,2024-09-12 06:07:38,1,4,3,辉爷真神
199219,203,陈锦辉,2024-09-19 10:24:02,1,3,2,时隔三年，已经通过了推免答辩，还是会想起自己大一的时候上陈老师微积分的画面，感谢陈老师的指导和批评。
199238,203,陈锦辉,2024-09-19 15:39:32,2,4,2,虽然节奏有点快，但上完课复盘录播课还是很有收获的。这或许就是数学的美：一瞬间的顿悟和念念不忘
199473,203,陈锦辉,2024-09-24 07:45:59,3,6,3,顶好的负责的且有高尚品格的老师🥰
200074,203,陈锦辉,2024-10-12 10:06:24,20,23,3,辉爷：哎呀，你实数的六个完备性定理都记不住，还酷爱数学👊
200433,203,陈锦辉,2024-10-17 03:43:10,8,10,2,踏踏实实做人，做事，做学问！！！——大一上了一年的陈老师的微积分课了，陈老师的最后送给我们的话。\n\n上了整整一年陈老师的微积分课，陈老师绝对是浙大最良心的好老师，没有之一，很质朴，低调，不求什么，真正埋头做学问的好老师，印象最深令人感动的事情也太多了：因为教材没有答案困扰了很多学生，老师专门自己做了所有练习题！！！浙江高考最后题改卷，为了保证绝对公平，自己用了二十多种方法去做！！！真心是好老师，能真正为学生着想，真正做学问的好老师！！！\n\n上课真的挺好的，准备特别充分，虽然完全手写板书，但只要认真一定能听懂的，题目都信手拈来，都不看教辅材料，也真的挺佩服陈老师，陈老师班的期中期末考平均分也总是比其他班高好多。
200747,203,陈锦辉,2024-10-22 01:11:22,10,15,5,真心觉得听陈老师的课很难，他似乎默认我们的数学基础很好，而且语速超快啊，只能说学渣的我学的很痛苦
200752,203,陈锦辉,2024-10-22 01:43:57,7,11,4,老师讲的是真好，跟不上真的是我自己菜😭
201719,203,陈锦辉,2024-11-05 15:41:01,-1,3,4,对学生非常非常负责任的好老师。
201787,203,陈锦辉,2024-11-06 09:50:47,0,3,3,太好啦
202234,203,陈锦辉,2024-11-11 03:06:54,0,3,3,爱你哦
202477,203,陈锦辉,2024-11-13 01:18:13,0,4,4,cjh是上大学以来遇到的最好的老师之一了
204515,203,陈锦辉,2024-11-26 11:05:21,1,2,1,真的很好的一个老师aaaa爱死了，让本来难得要死的数分1H变得好玩了起来！
205205,203,陈锦辉,2024-12-02 23:14:59,0,2,2,辉爷yyds
205228,203,陈锦辉,2024-12-03 03:29:54,-2,0,2,冒号：
205729,203,陈锦辉,2024-12-11 13:20:42,17,20,3,才发现智云课堂有词云图，辉辉的高频词里有“结婚”，愣了一下才反应过来辉辉说的是“积分”🤣🤣🤣
205769,203,陈锦辉,2024-12-12 04:25:07,6,8,2,“哎呀，答案不重要啦～”\n\n数分IH的学生期末周前提前答一下，毕竟下学期预置是贾老师，可能不能再接着陈老师的课了www\n\n预置到陈老师的课你们就偷着乐吧，陈老师非常和蔼（可爱），问淑芬问题都会回答，课前也会跟我们闲聊在朵朵冲浪的体验（也会看cls，希望最后5次课这条评论不会被点hhh\n\n个人体验就是陈老师课程知识密度很大，需要充分预习复习、上课全神贯注才能跟得上；陈老师认真负责程度薄纱我高中数学老师（无意拉踩），上课中的苦口婆心确实给了我很多的教诲，也确实让我在学数学很痛苦的时候有再往前跑一跑的动力。\n\n总之选上就是赚翻，希望翻评论区找选课建议的都选上陈老师的微积分/数分课！！！
206002,203,陈锦辉,2024-12-13 02:55:13,3,4,1,辉爷淑芬真神！
207003,203,陈锦辉,2024-12-19 03:04:28,4,7,3,我要当辉爷的一条狗\n\n我要当辉爷的一条狗\n\n我要当辉爷的一条狗\n\n求求了我下学期一定给我选上啊啊啊啊啊啊啊啊啊我再也不想听辉爷一学期智云了
207007,203,陈锦辉,2024-12-19 03:26:26,4,6,2,辉爷上课太棒了\n\n听了一整个学期的智云😭😭😭\n\n求求下学期让我选上辉爷的数分H II吧\n\n想线下去听辉爷上课😭😭😭
207714,203,陈锦辉,2024-12-24 03:31:52,4,5,1,酷爱数学～
207814,203,陈锦辉,2024-12-24 11:19:32,-4,6,10,讲课很有深度 ppt内容翔实 对于浙江数学135选手还是挺有难度的 但是不喜欢解答学生问题 即使是有思考意义的问题一般也不会被认真解答 会被打发 个人感觉不值这个十分
207924,203,陈锦辉,2024-12-25 03:27:13,1,3,2,伟大！
208614,203,陈锦辉,2024-12-30 05:44:10,1,4,3,哎呀，答案不重要
209572,203,陈锦辉,2025-01-06 09:22:38,3,6,3,作为他的同村人，来浙大前不知道我们村有这么一个厉害的老师，上的数分1H，很有难度，不过也是靠着最后的一周用ppt练习拿到了满绩！爱你辉爷！
209634,203,陈锦辉,2025-01-06 11:40:38,-2,7,9,纯夸的评论比较多，来提供一些不同意见供参考。个人感觉10分有点偏高了（我打了9分），上课的题目经常是偏难的，讲课有的时候非常快，要跟上思考节奏的话笔记就记不全了。而且陈老师回答同学问题的时候会表现得有点不耐烦，不太建议找他答疑。
209934,203,陈锦辉,2025-01-07 12:51:53,4,7,3,很好的老师，但上课不要走神，断了基本就跟不上了
210293,203,陈锦辉,2025-01-09 00:42:34,7,9,2,一句话——辉爷就是神！！！
210294,203,陈锦辉,2025-01-09 00:44:09,5,6,1,⑧说了，辉爷nb！\n\n讲课真的很有意思，我为数不多全勤的课之一了
210295,203,陈锦辉,2025-01-09 00:51:51,7,8,1,特别好的一位数学老师，总是为学生想，很庆幸甲1是辉爷教的，遗憾的是甲2没能继续跟着，选上他的课你就偷偷乐着吧
210297,203,陈锦辉,2025-01-09 01:06:43,4,6,2,辉爷好老师，讲课好，捞人功夫一流😭😭😭
210317,203,陈锦辉,2025-01-09 02:01:43,2,5,3,辉爷上课非常负责任，就像我和蔼的爷\n\n爷在跟我娓娓道来，他会一直耐心引导\n\n你怎么正确的去学习数学，这样的精神\n\n是很多老师所不能比的（这里只是单纯\n\n我想夸辉爷，并非踩其他老师）所以说\n\n我个人非常推荐大家选辉爷的课，选他\n\n的课的话，要注意的一点就是要打起精\n\n神上课，不集中的话有可能跟不上节奏\n\n！
210350,203,陈锦辉,2025-01-09 03:23:07,3,4,1,神  伟大无需多言\n\n辉爷真的是来浙之后感觉最好的老师之一  上课讲的好给分好 平时还会在钉钉群里鼓励同学 也不会卡绩\n\n可惜下个学期的课和专业课冲突了 不然还想继续上辉爷的课😭
210395,203,陈锦辉,2025-01-09 05:14:02,0,2,2,陈锦辉老师真的很好，一点也没有架子，上课内容很充实，课后愿意和学生交流。
210424,203,陈锦辉,2025-01-09 06:45:33,-1,2,3,超级好的老师！
210526,203,陈锦辉,2025-01-09 10:00:17,4,6,2,永爱陈老师！！陈老师就是神中神！！！
211272,203,陈锦辉,2025-01-11 05:55:50,0,2,2,唯一真神！小测给赋分 平时分给的好高，期末考题目难度完全在上课难度之下可以驾驭
211555,203,陈锦辉,2025-01-12 02:02:24,1,3,2,😭😭😭伟大无需多言
211888,203,陈锦辉,2025-01-13 01:14:05,0,1,1,课讲的没话说负责
215069,203,陈锦辉,2025-02-20 13:19:38,0,2,2,吹爆我辉爷
215615,203,陈锦辉,2025-03-03 02:49:10,-1,1,2,神中神
217683,203,陈锦辉,2025-04-15 06:02:30,-2,0,2,qqqq
221364,203,陈锦辉,2025-06-23 05:19:26,3,4,1,数分H结课了。以后还能遇到这样的好老师吗？讲课水平很高，真心想让学生听懂，甚至还发了期末解析，陈老师年纪大了，但是对于教学的热情没有减少
221939,203,陈锦辉,2025-06-27 14:16:48,3,3,0,“后面的同学麻烦把窗帘拉一下”“我想答案真的不重要的啦”“哎呀我还是希望大家能真正在浙里学到点东西啊”老师上课很有激情，很强调到课率，会提醒不要玩手机，很负责任的老师，讲课还是挺有深度的，很多时候得下课反复听智云课堂，但是收获很多。后出完分老师还在群里做了试卷分析，陈老师是我大一遇到最好的老师啦！
2511,244,李俊杰,2015-05-04 13:19:59,-14,13,27,超级超级烂的老师，上课上不清楚，还给分超低，千万别选
4613,244,李俊杰,2015-06-25 04:19:18,-6,8,14,很醉。。。。
7130,244,李俊杰,2015-09-04 10:03:25,-4,7,11,讲的不细，不想听，给分还好
9007,244,李俊杰,2015-10-09 00:14:45,12,16,4,在各种老师各种概念不清的大学中，能把那么难的概念理解好了真的不容易。虽然本身的语气音调容易让人瞌睡吧
10110,244,李俊杰,2015-11-16 08:33:43,11,13,2,很好的老师 推荐大家选
11136,244,李俊杰,2015-11-24 12:19:05,25,28,3,见过最好玩的老师了
11673,244,李俊杰,2019-02-27 04:00:45,-14,4,18,据说很差
11894,244,李俊杰,2015-12-20 16:32:47,13,13,0,上课不错，考试有点难
12767,244,李俊杰,2015-12-24 03:30:21,8,9,1,很好啦～
13748,244,李俊杰,2015-12-30 14:10:07,8,8,0,老师学问很深 课讲得很好
14059,244,李俊杰,2016-01-05 05:01:58,8,8,0,好好好
14151,244,李俊杰,2016-01-05 04:49:26,8,8,0,这真的是一个很好的老师
16737,244,李俊杰,2016-01-21 05:18:15,3,4,1,好好好
18067,244,李俊杰,2016-01-21 07:17:57,10,10,0,超级好！！还讲课本外的知识，可惜退休了，祝李老师身体健康，万事如意！
18273,244,李俊杰,2016-01-21 11:05:49,9,9,0,超帅\n\n有数学情怀 会讲课外的东西 学到很多 很感激老师\n\n可惜退休了
20033,244,李俊杰,2016-01-26 02:47:33,1,3,2,数分好老师
20767,244,李俊杰,2016-01-31 08:09:50,4,4,0,不能更好的老师了
24887,244,李俊杰,2016-05-04 08:24:13,1,1,0,从不点名，但是退休了，祝好！
26233,244,李俊杰,2016-06-16 10:25:41,1,2,1,比较适合对数学有热情，同时也很有数学天赋的人听。老师本身数学素养超好，实际上讲课也是条理清楚层次分明的，还能指出书本的不足，班上的学霸们表示很有收获。然而我是个学渣。。。可惜。。。
27248,244,李俊杰,2016-06-24 04:03:36,0,1,1,老师很可爱~
27358,244,李俊杰,2016-07-07 07:30:53,3,3,0,老师上课把很多复杂的知识点讲的很有条理很清楚，而且最关键是老师人真的超级可爱！
30634,244,李俊杰,2016-07-02 05:59:18,-8,5,13,管院的李俊杰 上课辣鸡 给分辣鸡 就是一个大辣鸡
31219,244,李俊杰,2016-07-03 11:52:40,7,8,1,管院的李俊杰还不错的会讲一堆冷笑话
31330,244,李俊杰,2016-07-03 16:15:02,-15,4,19,讲的真的很好，但是给分的话，感觉拿高分好难。学的很认真，结果运筹4.5，统计4.3?
32266,244,李俊杰,2016-07-06 05:21:25,1,1,0,俊杰是我见过最可爱的老师啦！！！
39405,244,李俊杰,2019-03-01 00:29:38,1,1,0,吼吼吼
57387,244,李俊杰,2017-07-07 07:14:40,0,1,1,管院李俊杰相当可爱整日讲冷笑话 给分相当好
85576,244,李俊杰,2018-07-20 00:30:43,3,4,1,给分差到怀疑人生
105445,244,李俊杰,2019-04-13 16:18:33,0,2,2,申明:针对管院李俊杰，针对水院！\n\n论我从管理统计的小组作业中学到什么对人类厌恶达到极点
114108,244,李俊杰,2019-07-08 23:28:25,2,2,0,管院李俊杰老师 我觉得上课一般但是给分还可以吧
114333,244,李俊杰,2019-07-09 22:28:48,0,0,0,上课让人可能容易走神，用SPSS要调成英文，改作业非常认真，考试可选开闭卷 ，给分不错。
114610,244,李俊杰,2019-07-11 00:38:35,0,0,0,来管院李俊杰老师打call，老师太可爱了，每节课都能听到冷笑话
115256,244,李俊杰,2019-07-17 06:48:40,0,0,0,数学系李老师，数分上的没啥条理，而且口音很重。
117415,244,李俊杰,2019-09-24 04:51:18,1,1,0,有情怀的老师
124606,244,李俊杰,2020-07-03 14:06:41,1,1,0,老师讲课真的讲得很清楚，一个概念马上就能懂，人也超级可爱，选了就知道多可爱了，给分也很好，选他真的！
139008,244,李俊杰,2021-07-12 07:27:25,0,1,1,管理统计给分不行，真的是，课上教的少，还不让学生用自己写的处理方法了？
624,257,李方,2015-03-15 08:18:05,20,39,19,老师注重知识结构\n\n
1662,257,李方,2015-03-23 07:05:30,-18,13,31,。。。。听过就知道了，真的是搞数学研究的。。。。讲课水平呵呵哒
2084,257,李方,2015-04-01 08:54:21,1,5,4,跟着板书走就好。。
3810,257,李方,2015-06-17 04:55:34,1,6,5,讲课很细，基础会打得很扎实
3840,257,李方,2015-06-17 05:52:46,9,27,18,我就想问你怎么好意思问三四节课的我们你们第五节没课吧？有同学有课的话我们就不要上第五节了
4616,257,李方,2015-06-25 04:45:13,1,2,1,人超好
5401,257,李方,2015-07-07 08:01:45,1,2,1,讲课不咋地
6135,257,李方,2015-07-11 06:17:07,39,48,9,方方的高代是每周五节课的
8182,257,李方,2015-09-17 10:12:53,21,25,4,哎呀！我又讲错了，你们怎么不提醒我？
10376,257,李方,2015-11-18 09:58:17,2,4,2,老师很温柔
10406,257,李方,2017-12-28 02:01:54,33,45,12,卧槽，插花通识被正态
10441,257,李方,2015-11-18 23:20:16,-1,5,6,插花课很好，给分蛮好，上课不听也没事
11175,257,李方,2015-11-25 03:14:55,-1,4,5,插花课程给分超级实在
11696,257,李方,2015-12-11 15:11:05,8,8,0,很好水平的老师
11746,257,李方,2015-12-14 01:30:38,8,29,21,插花课很好，从不点到，上课就水水手机，没有考试，就写写论文，课上插插花，最后给分也能令人满意，挺好的老师也很和蔼
12578,257,李方,2015-12-23 13:56:32,-1,5,6,插花超级棒！
13382,257,李方,2015-12-27 12:37:09,5,12,7,插花的老师真心好！有时候觉得不认真听讲真的对不起老师那么用心讲课。课水，强推！平时成绩一定要等她心情好再打分！论文水水过！实践课可好玩了！
15410,257,李方,2016-01-14 09:28:40,3,4,1,好好好
19321,257,李方,2016-01-24 01:34:52,2,3,1,好好好
19535,257,李方,2016-01-24 14:55:38,-1,2,3,插花课有趣简单。
19669,257,李方,2016-01-25 05:18:19,1,2,1,还可以吧
21635,257,李方,2016-02-29 11:14:27,-2,4,6,插花艺术五星好评
23180,257,李方,2016-03-21 05:49:07,-2,3,5,插花32个赞
23917,257,李方,2016-04-21 03:23:44,-2,4,6,讲课不好 还tm补一个期中考试 真是醉了
29624,257,李方,2016-06-30 05:24:29,4,6,2,真的是认真负责，每一个知识点都要在黑板上仔细推导，有时会觉得啰嗦，但的确很清楚
30270,257,李方,2016-07-01 07:14:36,3,4,1,李方语录太经典了
31252,257,李方,2016-07-03 13:07:39,154,172,18,其实这里有两个老师......
33481,257,李方,2016-09-19 13:54:28,0,7,7,我说的是插花艺术与盆景那个老师，讲课超级可爱，而且完全无压力很轻松！富有生活情趣，随时随地都能发现美创造美，大爱！
35519,257,李方,2016-11-17 01:57:54,9,13,4,还不错，实在。（高等代数）
35787,257,李方,2017-01-25 04:38:44,-1,2,3,妈的，千万别选，选了劝你退课吧，坑死人不偿命\n\n
35993,257,李方,2017-01-21 05:00:36,30,36,6,高代的李方老师每讲到一处都会说，所以从这个角度看，我们虽然没有某某的天赋和技巧，但通过这个体系，我们已经比他们要更加高明了。还说过，数学的发展离不开天才，但总会让我们普通人也有些事情可做的。是很谦虚的研究者。
36154,257,李方,2016-11-10 15:19:15,-1,3,4,插画实验很有意思，老师是一个很喜欢讲大道理的人。
36372,257,李方,2016-11-20 06:01:16,-1,1,2,论文…一言难尽 但课确实很好
37623,257,李方,2016-11-20 00:57:49,-2,2,4,插花特别好玩，虽然实践课插花得分不高，不过论文好好写也能上4，开心，给分实在。
37637,257,李方,2016-11-20 01:57:45,-1,1,2,插花应该是被正态了，不过老师的课不错，很有艺术修养的老师
37774,257,李方,2016-11-21 03:04:07,3,4,1,给分不好！
37841,257,李方,2016-11-21 10:39:59,-1,1,2,她的插花课很有趣，课堂氛围很轻松
37920,257,李方,2016-11-22 03:23:38,-3,2,5,虽然插花被正态但是老师还是很负责的
38909,257,李方,2016-12-19 23:55:01,9,15,6,老师人很好，每个星期都主动给咱们加课，一把年纪了，心疼。
38940,257,李方,2016-12-20 02:59:18,-3,1,4,强烈推荐选插花艺术作为个性学分，给分还可以而且有趣。
39211,257,李方,2016-12-21 15:34:01,3,4,1,好气哦，论文没写好被正态了。\n\n老师上课比较水的
39404,257,李方,2016-12-22 13:00:55,-2,0,2,一直认真听，最后被正态，不过可能是论文没写好，喜欢实践课
39551,257,李方,2018-09-18 05:00:58,34,44,10,老师很不容易了，浙大的好老师，主动给我们加课，占用自己的时间，真心喜欢这个高代老师。
39609,257,李方,2017-01-21 05:12:41,-2,4,6,期中95+期末全会做小测都A结果3.6呵呵呵
39642,257,李方,2016-12-26 11:27:15,-1,1,2,被正态
39735,257,李方,2016-12-27 07:56:30,3,3,0,每周五节课
39994,257,李方,2016-12-28 13:09:24,-6,3,9,插花 给分好，平时 一个分 就是 插花 打分，最后一个论文 课程就结束了 特别好上，我是4.2绩点
46266,257,李方,2017-01-21 05:44:45,7,7,0,给绩略坑
47064,257,李方,2017-01-23 13:16:45,7,12,5,高代的李方老师，很负责，上课很用心，为了学生愿意牺牲时间来加课，但是给分有点坑，题目有点多。
50567,257,李方,2017-05-03 13:34:19,-1,2,3,真的是really  nice啊！老师很有气质很有格调！文艺的你一定会喜欢的！真的真的真的！实践课记得多点idea，成绩你会满意的！
50614,257,李方,2017-05-04 01:27:04,16,19,3,我说的是插花那个老师，点名倒是不点名，感觉自己认认真真写了论文，结果却被正态了。
50687,257,李方,2017-05-04 09:40:14,12,12,0,插画那个 论文认认真真写还给得分低的超乎想象....
51508,257,李方,2017-06-07 01:27:57,41,51,10,谁能告诉我这个老师是专业高数又喜爱插画吗\n\n
51646,257,李方,2017-06-08 02:43:50,0,1,1,数学老师，好好好。
54889,257,李方,2017-06-30 11:29:48,5,5,0,老师每周都主动加课 挺不容易的 有时候看到我们懒散的状态也会说几句 很好很负责任的老师
55816,257,李方,2017-07-02 12:09:20,6,8,2,插花被正态，认认真真写的论文还不如格式。我想说我真的比很多人认真吧。可是这样也有点伤我咯心
62743,257,李方,2017-11-26 23:57:29,4,4,0,又水给分又低
62805,257,李方,2017-11-27 04:24:54,8,8,0,实践课打分一定一定要看老师心情，感觉喜怒无常，论文很认真写，最后还是分巨低，插花课神坑?
62948,257,李方,2017-11-27 12:17:24,0,1,1,就感觉，如果想要拿学分也可以选这门课，因为真的给分不错的，还能结合自己的专业写，顺便复习一下专业知识，嘻嘻。如果是真的热爱插花就更加推荐啦，老师会很喜欢那些认真学习，真的有自己的想法在插花的同学的，不管怎么样都是超级推荐的课哇⊙ω⊙
65101,257,李方,2018-03-05 05:36:27,1,1,0,方方超可爱的
70921,257,李方,2018-01-28 00:23:18,16,20,4,求数高代来的，讲课很有条理，平时很关心学生的，最后调分也很善良。
71480,257,李方,2018-01-28 13:44:44,26,34,8,虽然高代爆炸了，但还是很喜欢李方老师啊，喜欢他喝奶茶时的俏皮，喜欢他做推演时的严谨，喜欢他批评教材科时的小情绪，喜欢他看到蔡彧俊订外卖时的一本正经（mengquan），喜欢他每次板书写到头都会摘下眼镜叹息一声黑板为什么不是三面的。要是每次接电话的时候不那么气鼓鼓的就好啦。
71501,257,李方,2018-01-28 14:08:35,1,1,0,我就来水个评论，看上面那个赞高的。
71504,257,李方,2018-01-28 14:10:17,3,4,1,高代老师十分，下学期退了院照样来听。
73332,257,李方,2018-02-01 10:48:24,0,0,0,尽职尽责的好老师
78620,257,李方,2018-05-14 02:18:59,-2,0,2,好好听课能学到不少插花方面的文化，动手实践的时候老师也超级有耐心，论文一天写完的，最终给分很好～
79087,257,李方,2018-05-22 12:05:48,1,1,0,给分真的不太好
86970,257,李方,2018-09-20 00:13:28,1,2,1,讲得很好哇
87369,257,李方,2018-09-27 13:30:37,3,4,1,高代\n\n\n\n李方老师特别喜欢冰红茶诶\n\n\n\n看到他连续两天都喝\n\n\n\n说话挺有趣的\n\n\n\n不坐前排  很容易睡着  课就白上了\n\n\n\n因为我在第一排也会睡着。。。。
88376,257,李方,2018-10-30 01:42:04,3,3,0,作业贼多，，，，
88559,257,李方,2018-11-01 10:43:34,5,5,0,高代，李方老师说小测的难度是起步难度确实让我一惊，现在怀疑自己处于挂科边缘。另外助教哥哥讲课声音可以大一点。。。
88716,257,李方,2018-11-06 11:59:22,1,3,2,能不拖堂吗
88985,257,李方,2018-11-13 09:27:26,6,7,1,高代的李方老师真的很好很好\n\n是我进浙大遇到的最负责的老师\n\n会记得学生的薄弱点\n\n小测后会和每个同学一对一答疑解惑\n\n会责备你作业不交简单题都错但是答疑巨温柔详细\n\n上课思路快的飞起但是认真记笔记课后去复习就不成问题~\n\n数学渣渣感谢李老师~快考试了求高代温柔对我?
90626,257,李方,2018-11-24 15:28:07,4,4,0,很随意的课，，，老师讲的很兴奋，然鹅，，，不过打分真的太严格了！！！插花课论文也是醉了，，，
90628,257,李方,2018-11-24 15:29:54,-4,0,4,插花 李方老师其实还不错吧 虽然事情有点多……动手了4次写了一篇论文一篇小组讨论报告 不过还挺有趣的啦 最后的给分也对得起付出的努力
90634,257,李方,2018-11-24 15:37:39,4,4,0,上课很水。但是感觉被正太了_(:з」∠)_自认为还是好好写论文的\n\n\n\n
90655,257,李方,2018-11-25 01:43:02,4,5,1,有没有搞错，给分这么低……
90672,257,李方,2018-11-25 06:07:09,-2,2,4,比心老师（插花的），上课很有意思，事情少，老师也很好，打分好
90699,257,李方,2018-11-25 10:31:21,9,9,0,怎么说呢，插花的确是一门水课，如果你能够顺利得过下来，可能也会觉得还不错吧。但是，我还是给老师打了2分，因为她真的很没有人情味。只能说如果有选了插花的同学，请务必将老师每一句话深记于心，在李方这里，你没有任何补救的机会，以上。
90745,257,李方,2018-11-25 15:12:38,1,2,1,对插花感兴趣的还是可以考虑选这门课哒，老师知识还是很渊博的…但是，我莫名其妙地被发短信说没交讨论报告，事实上早在半个月前就交啦……最后绩杀。把插花课当作高中的数学课一样对待，最后结果惨不忍睹。总而言之，老师水平挺高的，平常不点名也不小测，挺水的，但是给分挺无语的。
91072,257,李方,2018-11-29 13:02:42,1,2,1,插花上课真的水，基本不用听（不过老师真的很喜欢插花很有激情）。有三次课堂插花一次插花展览，交一次讨论报告和一次论文，没有考试。我讨论报告字数一千六，课程论文五千，插花按时打分展览规规矩矩做，绩点3.9。大家自己判断吧，想水博雅技艺可以。
92309,257,李方,2018-12-27 15:11:13,2,2,0,高代 | 负责任的好老师
92381,257,李方,2018-12-28 06:54:30,2,2,0,插花的通识，很水的一门课。三次插花实践，还是蛮有意思的。但是打分吧emmmmmmm不高
93184,257,李方,2019-01-08 04:43:16,3,3,0,真的是很好，很有大家风范，很负责的老师，声音有磁性，知识点讲得很透彻，这学期最爱的老师，没有之一，下学期继续上我男神的课！
94195,257,李方,2019-01-15 13:58:29,2,2,0,炒鸡认真负责的老师
97590,257,李方,2019-01-22 11:42:18,8,9,1,高代的李方人超级可爱，有时候金句频出，注重证明题的推导，自己有时候卡住了也一定要给我们推出来，最重要的是，浓浓师生情～
97597,257,李方,2019-01-22 11:48:58,7,9,2,教高代的李方老师真的非常非常负责！有时会牺牲自己时间主动加课把知识讲清楚，在期末考前一天答疑到晚上11点多，非常尽心尽责的好老师！给分也不错。
97681,257,李方,2019-02-27 03:23:18,12,13,1,高代的李方老师人很不错啊，私下里去问问题就会发现老师挺可爱的，解题也非常耐心，而且也很注意让问题目的学生真正学会。还记得第一次小测考的非常惨烈，认真学习小测和平时作业成绩都逐渐好了起来，虽然平时总会抱怨老师作业布置得太多，但感觉这一个学期摸索出了很多数学学习的方法，感谢老师。就是很抱歉给我这么高的绩点结果没考进数院
97688,257,李方,2019-01-22 13:35:26,3,3,0,高代好老师
97865,257,李方,2019-01-23 00:29:26,2,2,0,严谨 认真
102572,257,李方,2019-02-09 12:07:21,0,1,1,认真负责温柔好老师
104986,257,李方,2019-04-11 03:10:49,2,2,0,高代讲的非常好，很严谨，还时不时来几句金句啊哈哈哈
106787,257,李方,2019-04-29 12:43:30,7,11,4,高代老师讲的特别好，而且从来不划水。跟着他可以学到真正的高代，但也会被虐得很惨
107367,257,李方,2019-05-04 09:42:43,2,3,1,好老师！！！最爱的老师
107592,257,李方,2019-07-14 05:59:06,-3,3,6,我给老师打了10分，因为老师认真负责，但是我还是不太习惯李方老师
109767,257,李方,2019-06-19 05:49:59,3,3,0,高代课强推
117342,257,李方,2019-09-23 06:28:39,0,1,1,很严谨很认真
121122,257,李方,2020-01-19 17:20:39,-2,1,3,李老师像父亲一样\n\n认真，严谨，对学生负责\n\n感谢老师！
121860,257,李方,2020-01-22 16:00:45,-4,1,5,有一说一，上课确实很好，作为老师很负责，但是小测比较难，给分比较低
127107,257,李方,2020-11-08 14:45:41,3,3,0,讲课听不懂
127718,257,李方,2020-11-26 04:38:40,-1,1,2,好老师\n\n
128137,257,李方,2020-12-08 05:38:31,-1,6,7,代数李方：\n\n应该是9.5分吧，老师看起来很严肃，实际上人很好，很有趣也很可爱。\n\n治学严谨，讲课严肃认真，从他那里可以学到真的知识。\n\n剩下0.5分是代数学课程本身的安排，\n\n可能是因为这种教授方式刚刚探索的原因吧，把抽象代数、线性代数结合起来讲的实际效果并不是很理想，，，也许到下几届会好些？
128562,257,李方,2020-12-24 02:19:11,-2,3,5,我爱李方！！！
129039,257,李方,2020-12-29 03:58:58,-2,2,4,我永远爱李方老师！！！里方外圆yyds！！！
132162,257,李方,2021-01-30 17:32:48,-2,2,4,真的很好的老师
132187,257,李方,2021-01-31 01:14:31,4,7,3,给分真的不行，有史以来最低绩点，不愧是你。（我说的是代数的这个老师）
133567,257,李方,2021-03-02 08:24:24,1,7,6,很用心，很喜欢拖课，希望老师这学期期中不要在考试周正中间安排考试，希望能记会英文单词，希望能清楚数理逻辑，希望别再给低分了，求求你！
145691,257,李方,2021-12-31 08:32:34,67,73,6,没人说话，我来说几句吧，希望新人们不要被有些热评迷惑了双眼。\n\n课程改革后我们20级求数强基上了三个学期李方的课，第一个学期因为我学的实在不行，听得有点云里雾里，每周一次习题课/答疑安排在周六上午，说实话，第一个学期助教真的好，这时候我对李老师还没什么评价。\n\n第二个学期我有点渐渐搞明白了。我有个同学对期中考试卷子某个地方评分有疑问去找老师，因为那道题给的分实在太少，毕竟写了这么多，而且基本都对只差了一步就扣掉这么多分。老师对此很愤怒，觉得就该扣掉，这也说不了什么；但是我逐渐搞清楚他的考试是个什么路子了，只要你写得字够多，别管对不对，把步骤全写上，分数肯定不会太低。这时候李老师已经是我评分最不好的专业课老师了。\n\n第三个学期延续上个学期的抽象代数讲环论，模论，若当标准形，伽罗瓦理论，这学期逐渐看清了，不知道老师是年龄太大了还是真的不想好好搞了，讲课开始纯念书，而且抄书也经常有抄错（第二个学期的事情），问他问题也都不太明白，PID上有限生成模那一节留作业直接是理解并证明定理，说实话我觉得他自己好像也不太懂了。最后域论和sylow定理开始纯瞎讲，定理也都不证了，就有选择地念一遍定理和引理，最简单的几个挑着证明几个；讲sylow定理的时候他从第五节开始讲两节课，我从第四节开始逐个证明每个定理在下课前追上了他的进度。伽罗瓦理论更加离谱，挑着念顺序都不太正确了，我只能自己看一看，他留作业干脆直接让我们回去看再自己做。\n\n李老师已经成了我们的带恶人了，但是说实话我对他还真有点不知说什么好。你说他认真讲课吧，这课上的确实惨不忍睹；你说他混吧，他主动给你加很多课，自己备课贼花时间，结果最后搞成这个样子…不得不说有些讽刺吧。下学期上交换代数的同学和之后再上他课的同学，只能祝你们好运了。你们跟他认识多了，自然知道我所言不假。
145778,257,李方,2022-01-02 05:56:12,-12,6,18,李方老师yyds！非常认真负责，会主动花课余时间回答学生问题，给予学生学习上的帮助。经常深夜还在工作。作业题目涵盖面且丰富。
145869,257,李方,2022-01-03 13:18:00,14,15,1,不好好备课
145940,257,李方,2022-01-04 13:42:06,96,105,9,李先生是浙大最好的数学老师。\n\n李先生水平很高。对于显然又平凡的定义与定理，从不向普通人一样自认为简单而跳过，而是细细讲之，认真举例，甚至举的例子结合生活、结合时事。而到复杂难证的定理之时，李先生也不愿浪费宝贵的课上时间讲解，而是将定理从头至尾认真读一遍，再将证明留作课后习题。有时遇到整章整节都是晦涩难懂的定理之时，李先生也不愿讲解过多，而是通篇朗诵，证明留作学生课后自行阅读理解。\n\n李先生从来不心疼自己的时间，每周除去常规的两次课，和需要用掉三分之二本本子、写上六七个小时的作业，还不忘在百忙之中抽出时间给学生周末加课。这加的不仅是习题课，有时候甚至是主干内容，加课，也得加作业。学生都被李先生的敬业精神感动，对代数学习产生了浓烈的兴趣。\n\n李先生的加课不仅限于平时的周末，甚至考试周，也在出试卷之余抽出时间给同学们加课。即使第二天有考试，同学们依然感到开心，来听李先生讲课。\n\n希望诸君多多支持李先生，热爱代数学。
153064,257,李方,2022-04-24 16:13:17,3,3,0,慎重啊
155234,257,李方,2022-06-09 14:53:37,-21,11,32,first of all， the teachers attitude is horrible， always comparing international students with the Chinese students， she doesn't care if we learn or not， in this class you actually need to study everything by yourself， bought the book for nothing， we never used it， wish the university can improve the way of teaching and realize how difficult is to learn for international students with this kind of teacher
161341,257,李方,2022-11-04 09:19:53,0,1,1,会把你叫去办公室喝茶
169121,257,李方,2023-02-24 11:19:37,0,3,3,挺好的挺好的
177126,257,李方,2023-07-02 00:23:05,2,2,0,数院的李老师挺好的，对代数理解很深，就是上课有点混乱。吹爆助教gg
184664,257,李方,2023-12-22 06:15:57,1,1,0,高代给分坑坑坑，不给调分的，同学期另一个老师给分就比较善良，成绩一下就拉开了
186266,257,李方,2024-01-10 09:24:18,2,4,2,cs玩意，只能说快跑吧，幸好要退休了。
188148,257,李方,2024-01-18 09:37:43,-1,0,1,还可以
188868,257,李方,2024-01-20 10:28:13,1,1,0,讲课有点慢，抽象结构讲得挺好的，线代特有的部分就有点稀里糊涂。总的来讲把抽代和高代整合，听起来体验还是不错的
201435,257,李方,2024-11-02 18:53:10,1,1,0,对留学生很不好的态度
202105,257,李方,2024-11-09 12:33:45,20,20,0,“内容你们自己看书我就不讲了”“怎么来的人这么少，我们点一下名”
202107,257,李方,2024-11-09 12:34:16,18,18,0,前两个学期老年痴呆，拿着讲义都讲不明白，经常卡壳，第三学期干脆只念定理。“你们回去自己看”，但还喜欢点名。
202108,257,李方,2024-11-09 12:40:50,16,17,1,呵呵\n\n上课简单的东西细讲\n\n难的自己看\n\n没什么现场上课的价值\n\n但是人来少了他还破防\n\n对于不来的同学极其敏感\n\n仿佛触碰到了它内心最脆弱的点\n\n还老是意淫有人迟到早退\n\n不来的是给彼此面子\n\n来晚了是尊重你是个老师但是表示你的课听多少都一样\n\n听到一半就走了就是觉得来了都亏了\n\n还玩一手全体人员签名\n\n逐一筛查没来的\n\n让他们跟他私聊理由\n\n他自己没b数吗\n\n6
207057,257,李方,2024-12-19 06:05:08,8,8,0,上lf的代数学123的有福了，喜提一年半自学代数
209280,257,李方,2025-01-05 09:56:40,5,6,1,正直的人，合格的代数界前辈，热心的朋友，差强人意的老师
210387,257,李方,2025-01-09 04:48:08,3,6,3,老师人很和蔼也很负责，出的题目也比较简单且有迹可循，不会为难大家。但是卷子简单的时候改卷会很严，猛扣细节，非常注重控制正态…上课人来的少的时候会点名，但似乎点名没什么实际效用，就是走个形式，我上课天天迟到，他也没管过\n\n总体来讲，如果你喜欢自学，那上他的课会是比较舒适的状态，作业量不多，学习很自由，方向很明确，我挺喜欢这位老师的
210691,257,李方,2025-01-09 23:56:46,-6,0,6,下学期李方的抽象代数续论，或者可以说是代数学4，你们选么？选的赞不选的踩
211714,257,李方,2025-01-12 08:58:21,3,4,1,老师人超级好，期末考试出的很简单，给分超级好！
211718,257,李方,2025-01-12 09:04:48,4,5,1,平衡一下之前打的差评，李方老师是很好的数学老师，作业少，考试简单，给分更是十分的好，平时点名也只是走个形式。有配套的自己编写的教材，并按照教材的顺序讲，十分方便同学们自行学习或是复习。
211735,257,李方,2025-01-12 09:44:38,2,3,1,老师人很好，点名就是走形式，作业虽然有点多却不难，考试出的也简单，真的很可以
219021,257,李方,2025-05-19 05:39:56,2,2,0,每人分享一些自己最喜欢的群呗？我最喜欢的群是对于素数p，环Fp[x]/(x^2)和Fp×Fp上的一阶海森堡群
512,342,吴志祥,2015-03-15 03:45:57,80,101,21,课上得不错 就是讲课有口音 给分还可以的
9569,342,吴志祥,2015-11-01 15:53:38,25,29,4,特别可爱的老师，很喜欢和学生沟通回答问题，讲课清楚，
9644,342,吴志祥,2018-09-29 12:04:56,63,71,8,特别可爱，虽然总是带着迷之笑容和口音，但讲的很清楚，作业量也不大
10382,342,吴志祥,2015-11-18 10:34:30,9,11,2,很体贴
11113,342,吴志祥,2015-11-24 09:40:17,5,7,2,很好
12447,342,吴志祥,2015-12-23 09:46:27,20,21,1,老师非常萌！很慈祥！
13201,342,吴志祥,2015-12-25 07:08:49,11,16,5,考试分高
13318,342,吴志祥,2015-12-26 14:52:27,-16,7,23,一般般
15309,342,吴志祥,2016-01-13 13:23:09,6,9,3,迷之笑容，有一点点口音不过习惯就好了
15575,342,吴志祥,2018-11-21 00:18:00,30,35,5,喜欢自黑来活跃气氛，平时有笑容显得很有亲和力，讲课思路很清楚，写板书很快，作业很少，学期末会留一两节课复习。
16347,342,吴志祥,2016-01-18 03:25:24,7,8,1,好好好
18179,342,吴志祥,2018-01-13 07:32:38,-53,7,60,给分超烂。
18504,342,吴志祥,2016-01-22 00:39:18,14,16,2,很可爱的老师，超级赞
19219,342,吴志祥,2016-01-23 14:23:26,11,14,3,吴老师最可爱～
20008,342,吴志祥,2016-01-26 01:49:32,17,21,4,迷之乐观and作业少，人真的好
20016,342,吴志祥,2016-01-26 02:00:09,12,13,1,人格魅力十足
20055,342,吴志祥,2016-01-26 03:42:44,4,9,5,讲得好，给分还好
20067,342,吴志祥,2016-01-26 04:20:53,19,22,3,从不点名 迷之笑容 教的还行 给分迷之好
20095,342,吴志祥,2016-01-26 05:26:49,5,9,4,给分超好，貌似只要平时作业好好做就可以了
20154,342,吴志祥,2016-01-26 09:53:47,2,7,5,很慈祥 但是有时候让人感觉有点奇怪
20225,342,吴志祥,2016-01-26 15:15:23,8,10,2,慈祥的笑容啊
20510,342,吴志祥,2016-01-28 03:38:48,47,49,2,萌萌哒吴爷爷~上课很轻松，永远准时下课哈哈哈哈
21679,342,吴志祥,2016-02-29 15:02:06,-17,5,22,嗯，老师人是好，很可爱，就不知道为啥我觉得自己考试做出来的题目并不算少绩点却很低，同学都是瞎做却比我高多了
22613,342,吴志祥,2016-03-09 00:18:31,4,8,4,特别棒，好可爱好慈祥的吴爷爷
22723,342,吴志祥,2016-03-10 07:08:00,1,6,5,讲课清晰人超好！！！给分赞！！！！
22992,342,吴志祥,2016-03-16 02:13:15,7,8,1,超级可爱！！
23289,342,吴志祥,2016-03-23 15:27:03,2,6,4,讲得很丰富，听起来感觉很棒～
25828,342,吴志祥,2016-06-10 13:27:10,20,22,2,Abel是谁！
25829,342,吴志祥,2017-06-23 01:36:16,13,16,3,模嘛！
28380,342,吴志祥,2016-06-28 08:44:41,5,13,8,偶尔会因为口音听不懂的说。迷一样的微笑下是整个代数的气势磅礴。经常会科普一些抽象代数之类，相当开眼界。整个浙大怕是除了他没有人能在线性代数课上把群环域讲得这么细致了。
33477,342,吴志祥,2016-09-19 12:56:53,-28,11,39,第一节课贼跳，直接从28面讲起，前面的全部不讲，浙江口音还重，写的英文字母全部要加奇怪的笔画
33550,342,吴志祥,2016-09-20 04:54:00,3,6,3,哈哈哈哈哈哈哈哈哈
35870,342,吴志祥,2016-11-10 08:36:16,2,7,5,超可爱的老师，讲课也很详细，就是口音太重了。
35906,342,吴志祥,2016-11-10 08:49:36,223,235,12,性性空基，性性影造???
36052,342,吴志祥,2016-11-10 10:54:59,5,8,3,暖男～贴心～不老男神～～\n\n每次交材料都会跟我说谢谢～搞的我都不好意思了
38548,342,吴志祥,2016-12-08 10:21:39,0,4,4,很棒的老师，虽然迷之口音
38549,342,吴志祥,2016-12-08 10:21:42,1,4,3,偶尔点名，讲得挺好，也会开开玩笑，循序渐进！\n\n
39042,342,吴志祥,2016-12-21 00:39:14,22,26,4,很负责，周三3~4节线性代数课，他第一节课前就来了，因为他知道有学生提前来，他提前来只是为了多给学生讲题。
41028,342,吴志祥,2017-01-08 12:16:12,12,17,5,希望老师能更多讲讲思路吧，拿来一道题直接开始做，也不知道为什么要这么做，最后莫名其妙就做出来了，但是总觉得整体思路不够清晰。\n\n不过老师人很好，见证了浙大线性代数老师从十几个变成几个。
41181,342,吴志祥,2017-01-10 02:03:32,6,9,3,这么好的老师评分为啥才9
46603,342,吴志祥,2017-01-22 03:42:26,1,4,3,老师好萌，上他的课很开心。
46647,342,吴志祥,2017-01-23 05:46:27,0,3,3,超棒！！
46975,342,吴志祥,2017-01-23 06:50:09,3,5,2,大爱吴爷爷 分数给力作业少 就是有点口音
46986,342,吴志祥,2017-01-23 08:17:08,2,9,7,……不是很懂他的分为何迷之高……磨灭了我对线代的热情+_+
47629,342,吴志祥,2017-02-09 05:33:40,4,7,3,讲课方式可能不适合所有人
50970,342,吴志祥,2017-05-10 13:05:53,4,5,1,有些口音但是喜欢就好，讲的超级棒，偶尔还很可爱。
51354,342,吴志祥,2017-06-01 12:14:49,35,58,23,老师今天说数应的人都在抱怨，求数的都没抱怨什么，看来不如求数。这难道不是公认的事实吗？？？我们怎么能和求数的比？？？
51407,342,吴志祥,2017-07-02 01:36:32,25,27,2,考前来膜一下江南模王，求低分飘过。
51454,342,吴志祥,2017-07-02 04:41:52,14,19,5,吴爷爷人真的很好???但我真的很渣啊???抽代是我有生以来第一门真心觉得会挂的课???
51464,342,吴志祥,2017-07-04 05:05:45,32,36,4,吴爷爷给分太好了！\n\n太好了！\n\n太好了！\n\n我爱吴爷爷！
51937,342,吴志祥,2017-06-13 16:00:24,3,4,1,超慈祥!
52504,342,吴志祥,2017-07-04 06:48:06,33,40,7,整数 准素 傻傻分不清楚\n\n好宰 或者 傻傻分不清楚\n\n老师一直蜜汁微笑 用有道表情翻译了他一学期\n\n从不屑 到尴尬\n\n终于没挂
52786,342,吴志祥,2017-06-23 01:18:48,2,5,3,智商低不能怪老师…
52788,342,吴志祥,2017-07-01 11:23:56,11,24,13,大学里考前最绝望的一门课了，老师虽然讲课水平很高，但是完全不考虑那些上课不听课靠自学的学生啊!书上例子虽然很多，但remark是真得太少了。看抽代书才知道复变的讲义写得多么多么好。希望老师真得能够再把书的内容丰富一下，把书上的证明重新整理一下。希望明天考试能过吧～
52823,342,吴志祥,2017-06-23 05:32:40,4,10,6,有一个评论我们浙江人不服，什么浙江口音？浙江人没有口音的好吧？都是标准普通话！反正吴老师的口音我们浙江人不背锅
53102,342,吴志祥,2017-06-25 15:50:00,95,111,16,抽象代数讲的很好。普通话标准。上课条理清晰思路明确。板书全英文高端大气。总体感觉很棒。浙大模王不是吹的。五星好评。明年抽代我还会再来的。手动/微笑
54971,342,吴志祥,2017-06-30 13:50:09,7,9,2,滴！考试周复习抽代绝望卡
55191,342,吴志祥,2017-07-01 03:15:34,10,11,1,这个左耳膜和套赛膜不是显而易见的嘛，我相信你们应该都会做（手动再见）
55339,342,吴志祥,2017-07-01 10:15:17,14,16,2,只希望明天的抽代给过，真的已经到了绝望的地步了，真心一点都不会啊，再给我一个学期，也不会，哭/老师人真的很好，只是自己太辣鸡，即使一遍又一遍地看，也不会懂，记不住，不会做
55413,342,吴志祥,2017-07-05 10:53:53,10,11,1,明天考抽代了……要是过了回来还愿
55485,342,吴志祥,2017-07-01 15:23:24,2,4,2,我感觉吴老师非常棒
56385,342,吴志祥,2017-07-03 15:26:48,6,8,2,可能老师教线代的时候会照顾非数学的同学，讲的比较细致吧。但对我们数学系的同学要求真的高，抽代上课上的很快，不给你停下来思考的时间，书后的习题都很难（很多是别的书上的定理）。抽代是这学期上的最痛苦的一门课，不过好在老师期末旁敲侧击的告诉了我们要考什么类型的题，否则真的药丸。
56451,342,吴志祥,2017-07-04 00:38:15,4,5,1,讲真，水平太高，是我太菜
56590,342,吴志祥,2017-07-04 05:06:52,8,10,2,给分太好了太好了太好了，仿佛那张卷子不是我考的
56604,342,吴志祥,2017-07-04 05:29:31,6,7,1,虽然我觉得什么都没学懂...但您给分也太好了点...自惭形秽
56608,342,吴志祥,2017-07-04 05:31:18,5,7,2,坐等楼上直播吃翔
56609,342,吴志祥,2017-07-04 05:36:31,1,3,2,吴爷爷是个好人，有的时候还会调侃同学，而且给分真的好棒好棒，喜欢吴爷爷。
56619,342,吴志祥,2017-07-04 05:56:58,8,10,2,吴爷爷给分太好了！谢谢您！一学期的抽代让我体验过绝望体验过生不如死，最后的结果实在是很开心！
56627,342,吴志祥,2017-07-04 06:09:30,4,9,5,以下是我个人看法：今年抽代教材是真坑。自己编的英文版，其实并不如好多一般教材。看着很烦。抽代看中文就本科最难之一了，弄个英文的看着还卡，不利于思考。而且意义不大，学专业英语可以平时背背单词嘛，何必这么弄？但老师本人还真的算仁慈，如果真的稍微卡下大家，相信好多人会挂。
57621,342,吴志祥,2017-07-10 22:45:18,3,3,0,可爱的老师
63570,342,吴志祥,2017-12-07 04:03:39,11,12,1,数应的抽代比求数难emmmm
63814,342,吴志祥,2017-12-15 08:59:04,3,4,1,抽象代数课讲的挺好，就是比较费头发（逃
69909,342,吴志祥,2018-01-25 15:55:39,4,5,1,我啥都不会...真的是一种学什么都没有过的恐惧，老师人很和蔼，明天考试，希望能过QAQ
72583,342,吴志祥,2018-01-30 12:41:18,6,6,0,绝对好老师，特别感谢老师
72588,342,吴志祥,2018-01-30 12:50:18,6,6,0,谢谢吴老师！在吴老师的迷之笑容下瑟瑟发抖……
80014,342,吴志祥,2018-06-19 04:00:49,7,8,1,中国最难抽代
87260,342,吴志祥,2018-10-08 12:44:37,5,7,2,抽代上得比求数的还难2333
87358,342,吴志祥,2018-09-27 11:19:41,0,1,1,太优秀了
88427,342,吴志祥,2018-10-30 16:11:45,36,52,16,求求您别用自己写的书当教材了
90780,342,吴志祥,2018-11-26 04:11:28,2,3,1,非常好的老师
91344,342,吴志祥,2018-12-06 06:33:16,-1,1,2,我线代要上4.2!!就靠吴爷爷了!!!期末完了回来还愿
91660,342,吴志祥,2018-12-17 10:39:45,3,5,2,讲得很好 就是不上线代2了哭唧唧 拒绝陈叔平
92287,342,吴志祥,2018-12-27 12:12:41,10,10,0,这可能是我唯一一节听不懂依然乐呵乐呵的课了（老师讲得好只是我不够努力呀…）……真的超爱吴爷爷，萌得我不要不要的，而且人超好解答超耐心，每次课迷之慈祥的笑容都暖化我了～
92638,342,吴志祥,2019-01-03 08:17:52,5,5,0,口音+迷之微笑+听不懂=不影响喜欢他
92685,342,吴志祥,2019-01-03 15:33:51,4,4,0,老师上课超级可爱！虽然有口音，但是力争坐前几排听一两节课就会习惯的。老师上课风格轻松，是自然不刻意的幽默。讲解很具体的！真的很棒！
92867,342,吴志祥,2019-01-20 10:17:16,1,3,2,认真交作业，线代学到很多\n\n个人感觉比其他线代老师好，讲得详细。我们宿舍就我一个是他的线代课 明显感觉我学得比室友轻松很多
92975,342,吴志祥,2019-01-06 12:34:34,3,3,0,讲的很清晰啊，这么硬核一门课也能讲的挺有趣，特别棒
93066,342,吴志祥,2019-01-19 05:11:33,5,5,0,太可爱了！！\n\n讲得很好！！\n\n就是会把线性代数给你讲的比较明白的老师
93203,342,吴志祥,2019-09-23 01:50:36,54,59,5,听抽代千万不要迟到。迟到的后果就是看黑板上新的概念看不懂，看书还要翻译，等看懂了又有一整块黑板看不懂了。然后你两节课就什么都没听懂。最坑的是，你课后tm书也看不懂。
95207,342,吴志祥,2019-01-19 04:58:55,2,3,1,好爱吴爷爷啊
95482,342,吴志祥,2019-01-29 03:20:03,6,6,0,吴爷爷真救命啊！爱死了
97244,342,吴志祥,2019-01-22 05:29:33,5,5,0,老师一级可爱！！！讲课很详细，很认真，作业也不多，谢谢老师不挂之恩，爱您！
97274,342,吴志祥,2019-01-22 07:39:23,1,2,1,虽然被卡绩了但是还是很喜欢！
97308,342,吴志祥,2019-01-22 08:01:18,0,1,1,吴爷爷真的很好，很亲切很和蔼，下课问题也很耐心地解答。
97336,342,吴志祥,2019-01-22 08:15:41,3,3,0,老师功底特别深厚，会讲很多深层次的东西，经常两节课后才悟到上个礼拜他讲的是什么。老师超可爱！
97692,342,吴志祥,2019-01-22 13:38:57,2,4,2,老师超级棒！知识点讲得很清楚详细！人也超级好！每天笑呵呵的！最后给分也好，捞了一大批人社的同学（捂脸）老师必须10分！
97788,342,吴志祥,2019-01-22 16:12:41,1,2,1,讲的很好，只是听不懂，给分好
97789,342,吴志祥,2019-01-22 16:11:38,2,3,1,讲的挺好就我水平太差听不懂
97795,342,吴志祥,2019-01-22 16:25:16,8,9,1,虽然有口音但真的是超级超级超级可爱的吴爷爷!感谢吴爷爷让我收获了第一门满绩? ，留作业超级少!考试前还有复习课还专门来zjg答疑!吴爷爷一生吹!
98029,342,吴志祥,2019-01-23 04:09:56,9,9,0,吴爷爷的笑给满分? ? ? ? ?
98079,342,吴志祥,2019-01-23 05:03:44,19,20,1,教了20年的书的老师，讲得很好很清晰，有自己的思路，听他的课和自己看书还是有区别的。关键是，可爱啊！一打铃就下课，下学期不用教本科生了满脸笑容。每次说这个我不讲了吧你们自己看一下之后就会“我还是讲一下吧”，然后讲完，次次如此。课前会绕一圈等待大家问问题，有时候会自言自语会和大家玩笑，吴爷爷无敌可爱！当然，更妙的是他给分好。
98300,342,吴志祥,2019-01-23 09:45:13,3,4,1,太棒了我虽然有口音 课讲的挺好的 最好要提前预习 我水平太差 居然也拿了3.6 没有挂科 十分感谢吴爷爷
98416,342,吴志祥,2019-01-23 12:28:07,2,3,1,特别好
98472,342,吴志祥,2019-01-23 13:16:11,0,2,2,感谢不挂
98618,342,吴志祥,2019-01-23 15:57:59,3,7,4,数学菜鸡在浙大收获第一门满绩?
98621,342,吴志祥,2019-01-23 16:04:37,4,5,1,师强我菜
98645,342,吴志祥,2019-01-23 16:29:18,1,2,1,老师棒棒的！
98661,342,吴志祥,2019-01-23 16:54:16,1,3,2,超爱吴爷爷！文科生学线代最后还及格了！！真的是太可爱了！舍不得他呜呜呜！！
98904,342,吴志祥,2019-01-24 04:55:32,24,27,3,抽象代数 让我大学上的最绝望的一门课 没有之一
99098,342,吴志祥,2019-01-24 08:58:54,17,17,0,求求老师换本抽代教材，上课听不懂连自学都没办法。答案都不能直视，蜜汁排版。
99106,342,吴志祥,2019-01-24 09:10:17,12,15,3,献祭室友未来三年脱单可能换我明天抽代不挂科！
99223,342,吴志祥,2019-01-24 12:47:37,6,8,2,同下，献祭室友三年脱单可能换我抽代不挂...（学到崩溃）
99308,342,吴志祥,2019-01-24 14:34:50,15,17,2,有人在线回答抽代挂科率是多少吗？实在是学不下去了
99447,342,吴志祥,2019-01-24 23:45:36,1,2,1,考前模一发
99529,342,吴志祥,2019-01-25 02:13:56,14,19,5,太简单了，我云昊满了
99759,342,吴志祥,2019-01-25 06:34:49,0,2,2,多亏蹭吴爷爷课保佑我线代不挂（隔壁某csp班蹭课者）
99948,342,吴志祥,2019-01-25 10:30:24,4,4,0,考完抽代了，要是没挂一生粉
100383,342,吴志祥,2019-01-26 04:21:44,4,10,6,对于我云昊来说这门课简直就是送分
100394,342,吴志祥,2019-01-26 05:03:56,2,4,2,上老师的课基本我是听不懂 百分之七十靠自学 不过吴爷爷讲的挺好的对于那些有悟性的同学 讲的有点快 特别是特征值和特征向量那里全是靠自学的 心酸
100521,342,吴志祥,2019-01-29 09:49:10,5,6,1,老师真的是很好了，感激！
100830,342,吴志祥,2019-02-27 10:05:25,13,14,1,好好听吴爷爷的抽象代数啊，也许一开始觉得好难，但等你学到了后续课程才发现吴爷爷讲的东西埋下了很深的伏笔，对于后续代数课程学习很有帮助的。来自一个新学期学同调代数和表示论的人，上这两门课的时候深深感谢吴爷爷的抽代。
101728,342,吴志祥,2019-03-20 00:22:31,34,37,3,吴志祥：看到字就给分\n\n王 枫：有问题就没分
101789,342,吴志祥,2019-01-29 05:20:25,4,6,2,谢谢吴老师，抽代课我有一次作业没交上课完全懵逼还没给我挂，实在是太感谢了。不过还是希望能换本教材，真的看不懂。10分送上。
101799,342,吴志祥,2019-01-29 06:10:24,5,10,5,太简单了，我云昊满了
101814,342,吴志祥,2019-01-29 07:16:15,3,5,2,学抽代的过程相当痛苦…但好在老师很可爱，人好，谢谢吴老师！
102916,342,吴志祥,2019-02-25 03:21:52,-1,0,1,必须10分！n
103077,342,吴志祥,2019-02-26 02:03:00,13,15,2,作为一个靠学长经验拿了抽代满绩但是后半学期基本没听懂课程的我给学弟学妹几个中肯的复习建议：1.认真记录课上无意间补充的习题2.小测的题目好好消化理解3.最后一节复习课提到的习题重点关注。考题70＋基本就是这三部分的原题或者稍微改编组成的。希望学弟学妹能拿到满意的成绩。
104780,342,吴志祥,2019-03-28 01:23:52,-1,2,3,吴志祥老师是我见过讲课最好的老师。上课简直是享受！
106120,342,吴志祥,2019-04-25 04:40:23,2,2,0,给分超好
107757,342,吴志祥,2019-05-09 08:52:31,9,12,3,期中考试65分，期末绩点4.5。 感受一下吴爷爷的调分幅度吧！
116505,342,吴志祥,2019-09-11 02:40:42,3,3,0,就是有点口音。。。。
117290,342,吴志祥,2019-09-22 10:59:32,0,2,2,这门课直接影响到我的学习动力。
117476,342,吴志祥,2019-09-25 01:53:45,2,2,0,亲自发发作业本的好老师
117482,342,吴志祥,2019-09-25 02:06:43,-2,0,2,老师太好了叭，10星好评！
117758,342,吴志祥,2019-09-30 08:23:53,-1,1,2,吴爷爷真可爱
118938,342,吴志祥,2019-11-08 03:48:49,-6,3,9,徐睿哲满分！！！
119642,342,吴志祥,2019-11-14 12:07:21,12,14,2,吴爷爷写的《代数》又名《浓缩就是精华》、《展开写细节算我输》以及《请没听讲的同学接受惩罚》
120757,342,吴志祥,2020-01-16 13:10:31,0,1,1,求老师捞捞我，您的Algebra我真的看不懂，我不想挂科
121053,342,吴志祥,2020-01-19 10:46:36,0,1,1,老师很耐心很负责，给分也太好了吧
121164,342,吴志祥,2020-01-20 01:43:01,1,4,3,哈哈 社科类专业的同学来选的抽代  群论还好 环模那里就听懵逼了 其实内容不是很难吧 但是老师研究这个很多年了 对他来说很简单的对我们来说就会很难 所以讲起来不是很通俗易懂（或许也有我不认真听的缘故）\n\n哈哈 不过最后91还挺好的\n\n 其实山科的那份抽代习题挺好的 能帮助你弄明白不少东西（然鹅和吴爷爷考的方向有点一样 要小心）\n\n吴爷爷人很好 很和善 也很可爱 认真听会很有收获
121973,342,吴志祥,2020-01-27 07:11:09,4,5,1,很后悔大一上没认真学吴爷爷的线代，感谢吴爷爷海底捞我！吴爷爷我爱你！
122217,342,吴志祥,2020-02-20 05:02:09,2,3,1,超好的老师，人帅给分高，选他课很幸运
122256,342,吴志祥,2020-02-21 08:51:43,1,2,1,讲课见仁见智 潜水技术无敌 感谢吴爷爷让我过！吴爷爷我爱你！
128225,342,吴志祥,2021-01-26 23:34:56,2,3,1,大学最低分，是我太菜了。但还是谢谢吴爷爷
128244,342,吴志祥,2020-12-15 04:20:16,5,5,0,大家期中考不理想，于是吴老师安排了一次30min的点名
128285,342,吴志祥,2020-12-16 12:17:52,4,5,1,线性代数真心讲的好，先难后易，高屋建瓴
129050,342,吴志祥,2020-12-29 07:15:24,17,17,0,我是翻译小能手\n\n掏信（torsion）模，眼儿（l），kài（k），整数（准素）模，all-defined（well-defined）
129079,342,吴志祥,2020-12-30 01:18:26,3,4,1,虽然有时候上课有点快，但是回去看回放看笔记，发现老师真的是几个线代老师里讲得最清晰的了，真是好老师，强推，而且老师很慈祥，喜欢带着可爱的迷之微笑
129651,342,吴志祥,2021-01-10 04:45:01,3,3,0,吴爷爷太好了
130040,342,吴志祥,2021-01-15 12:22:41,1,2,1,怎么办，抽代学不会了
130141,342,吴志祥,2021-01-18 03:49:40,7,8,1,如果我只能实现一个愿望\n\n我希望把他那本黄色封皮的书\n\n通通烧掉……
130424,342,吴志祥,2021-01-22 08:56:21,6,7,1,“我不指望你们能ting懂，你们能ting懂我也换迎”
130849,342,吴志祥,2021-01-25 03:18:06,1,2,1,老师很好，但云浩是哪个沙13
131245,342,吴志祥,2021-01-26 22:50:00,0,1,1,我爱吴爷爷，吴爷爷yyds！
131372,342,吴志祥,2021-01-27 08:48:44,5,5,0,虽然平时上课听不懂，但是期末海底捞
131873,342,吴志祥,2021-01-29 07:36:09,-1,0,1,感谢吴爷爷！！！
131884,342,吴志祥,2021-01-29 08:20:32,1,2,1,感谢吴爷爷海底捞！！！
131997,342,吴志祥,2021-01-30 02:05:48,3,3,0,感谢吴爷爷！
132043,342,吴志祥,2021-01-30 04:04:20,0,1,1,吴爷爷海底捞，跪谢了，太顶了
132054,342,吴志祥,2021-01-30 04:34:43,2,4,2,爱笑的爷爷运气不会差哦(´-ω-`)
132534,342,吴志祥,2021-02-02 06:54:37,2,2,0,海底捞，老师板书全程匀速输出，讲解深入浅出，上课偶尔还会幽默一下，很可爱！
132568,342,吴志祥,2021-02-02 10:50:22,3,3,0,除了有点口音，第一次上课可能听不太懂，其他都超赞！
132797,342,吴志祥,2021-02-03 16:29:43,1,1,0,可爱吴爷爷，超级体谅学生～
132869,342,吴志祥,2021-02-04 08:46:27,3,3,0,老师真的好好\n\n喜欢！
133221,342,吴志祥,2021-02-19 07:56:12,0,1,1,抽代真的捞
134327,342,吴志祥,2021-03-24 01:50:55,-2,1,3,。。。
134392,342,吴志祥,2021-03-26 05:42:55,7,9,2,吴爷爷为啥不教线性代数II（H）呢，想他
134970,342,吴志祥,2021-04-25 11:46:23,2,3,1,线代2，思念吴爷爷
135436,342,吴志祥,2021-05-10 10:07:39,1,1,0,好好好
136982,342,吴志祥,2021-06-29 05:44:35,4,5,1,教了二十几年书，上课非常连贯，讲的非常精彩，每次都意犹未尽，非常适合大一学线代的同学打基础。\n\n吴爷爷海底捞有一手的。
140864,342,吴志祥,2021-09-17 02:55:24,-10,2,12,建议老师努力练习普通话
141173,342,吴志祥,2021-09-25 15:29:28,0,3,3,感谢吴爷爷让我首次体会到了在大学听懂数学课的快乐（
141290,342,吴志祥,2021-09-29 00:03:10,2,4,2,我跟老师交作业老师为什么莫名其妙地跟我说谢谢。。
141374,342,吴志祥,2021-10-03 08:57:05,4,4,0,一开始是线性空间 真的有点晦涩 大家撑住就好了
147353,342,吴志祥,2022-01-23 07:31:04,2,2,0,真的好老师
147388,342,吴志祥,2022-01-10 02:08:42,0,1,1,吴爷爷yyds，无脑选就对了，选到了就是好事！
147692,342,吴志祥,2022-01-10 13:14:21,1,2,1,好老师，认真教学，耐心回答问题。撑过线性空间会越学越简单的，前提是线性空间弄懂了。
148302,342,吴志祥,2022-01-12 05:58:37,19,22,3,如果浙大的数学老师都能像吴爷爷这样，我觉得至少本科教育就过得去了\n\n大一开学第一节课就是吴爷爷的，我一开始以为，浙大数学老师都有这么好，结果越往后我的底线是越来越低了...\n\n感谢吴爷爷，上课思路清晰，给分厚道，笑容温暖\n\n老师可能距离退休也不是很远了，大家好好珍惜
149025,342,吴志祥,2022-01-14 07:24:04,4,5,1,真的是好棒的老师，给分也很不错，期中大家都考的不好就不算成绩了，是那种讲的很好还不要求你一定要听他讲的老师，自学听课都可以，老师笑起来超级可爱！
149026,342,吴志祥,2022-01-14 07:25:10,12,13,1,吴爷爷就是我爷爷
149027,342,吴志祥,2022-01-14 07:25:39,6,6,0,吴爷爷我爱你！！
149029,342,吴志祥,2022-01-14 07:33:04,1,3,2,我一句wyy永远滴神不过分吧
149030,342,吴志祥,2022-01-14 07:33:32,-1,1,2,吴爷爷讲课认真仔细，为人可爱！
149032,342,吴志祥,2022-01-14 07:35:43,5,5,0,吴爷爷男神，给分好！我个上课都听不太懂的菜逼捞到4.5了，打call打call
149041,342,吴志祥,2022-01-14 07:55:56,3,5,2,上课行云流水，思路很清晰，进度也快（不过竺院都快），建议课前预习，不然听课效果会打折扣。\n\n助教xjj也很温柔，我期中没考好她给我推荐习题～\n\n期中爬上及格，整个冬学期线性代数学得很辛苦，居然被吴爷爷捞上满绩。太惊喜了！谢谢老师，谢谢助教！\n\n而且老师很关心学生，冬学期腿骨折了老师碰到我交作业会关心地问问恢复得怎么样了～
149089,342,吴志祥,2022-01-14 11:09:36,2,2,0,吴爷爷上课水平一流，捞人绝对有一手，选上绝对不亏！
149106,342,吴志祥,2022-01-14 11:56:41,-1,0,1,吴yyyyds
149117,342,吴志祥,2022-01-14 12:46:31,0,1,1,不给满分对得起吴爷爷吗
149420,342,吴志祥,2022-01-15 09:13:07,1,2,1,线代h过了，特来还愿，吴爷爷真的超级好！最后的分数高得让我羞愧
149480,342,吴志祥,2022-01-15 13:45:29,2,2,0,wyyyyds！最后三天把课本上知识整理了一遍，刷了点题，成绩非常不错。
149696,342,吴志祥,2022-01-16 12:40:17,0,2,2,吴爷爷yyds
149737,342,吴志祥,2022-01-16 15:17:59,2,3,1,捞人有一手，平常作业不多，平时分也是基本给满的。\n\n上课的话，我个人不是很喜欢这样“很数学”的风格，但确实内容很不错。
149851,342,吴志祥,2022-01-17 09:35:07,4,5,1,线代讲的好，口音很可爱
149885,342,吴志祥,2022-01-17 13:42:12,12,12,0,吴爷爷，吾爷爷，超级会捞的好吗！！而且口音超级超级可爱，“龙生龙，凤生凤，华罗庚的老鼠会打洞”，吴爷爷yyds！
151678,342,吴志祥,2022-03-11 11:03:05,10,11,1,线性代数II应该改名叫抽象代数，哈哈
152112,342,吴志祥,2022-03-27 09:15:54,7,7,0,虽然但是，没有讲群直接讲环真的合适吗（直接导致看其他教材很难看懂）
152494,342,吴志祥,2022-04-13 06:34:14,8,9,1,线代2也就太难了，直接整抽代谁顶得住啊。明天小测，咱就是说，只能把那些名词记下来，知道大概怎么证的程度...只求不挂
152506,342,吴志祥,2022-04-13 14:15:11,1,1,0,吴爷爷好老师啊
153512,342,吴志祥,2022-05-03 06:44:49,5,5,0,怎么办 线代二完全变成抽代，作业不会写，上课也很难听懂，全靠课后智云，真的不想挂科
155443,342,吴志祥,2022-06-13 02:25:38,3,3,0,抽代过了前来还愿！！！！！！！！！！！！吴爷爷海底捞！！！！！！！！！！！！！！
155748,342,吴志祥,2022-06-15 13:24:52,10,10,0,线性代数一荣誉课讲得很好\n\n因为知道有些同学以后的工作中用不到线性代数所以会海底捞
156237,342,吴志祥,2022-06-18 11:41:13,4,4,0,老师很慈祥，很爱笑，口音比较有意思，老师自身能力毋庸置疑，只可惜自己实在是听不懂
156375,342,吴志祥,2022-06-19 09:25:19,11,12,1,半年没见吴爷爷，今天考试考完遇见他打招呼，然后吴爷爷很响亮地回了句你好，突然感觉吴爷爷一把年纪还是好可爱啊wwww
156651,342,吴志祥,2022-06-20 13:41:46,-1,1,2,线代2（抽代） 考试100%讲过原题 容易的题目占分多 复习的好比不上老师卷子出的好\n\n吴爷爷 神！
156855,342,吴志祥,2022-06-21 07:15:21,1,2,1,吴爷爷太慈祥了
156857,342,吴志祥,2022-06-21 07:28:21,3,4,1,线性代数2h，啥也不会，硬捞到4.2啊啊啊啊啊啊
156858,342,吴志祥,2022-06-21 07:29:56,0,1,1,线性代数Ⅱ(H)，讲的抽代，啥也不会，作业都交了，期末给卷纸糊满了，被捞上4了，wyy就是我爷爷！！！！！
156930,342,吴志祥,2022-06-21 10:52:35,-1,1,2,吴老师就是我的爹
156985,342,吴志祥,2022-06-21 13:14:29,-4,3,7,老师肯定是很厉害的\n\n但是课不太会讲吧\n\n就是讲很多证明，但不会讲为什么要学这个证明，这个证明用来做什么，以及证明的思路（也可能我听不懂）\n\n但还是很能捞的（期末考也不难），完全不用怕因为听不懂而挂科\n\n但是如果想学又学不会就很难受
157857,342,吴志祥,2022-06-25 07:01:14,2,3,1,www去年谈神班投来羡慕的目光，不过不喜欢线代2这门课，学习的内容和给分情况相邻年份差距太大，不是很公平
158747,342,吴志祥,2022-07-01 23:37:06,1,2,1,抽代嗯捞吴爷爷
160032,342,吴志祥,2022-09-12 04:32:29,1,3,2,？？？？？？
160614,342,吴志祥,2022-09-28 04:01:08,0,2,2,口音偏重
163397,342,吴志祥,2022-12-14 08:11:11,0,2,2,讲课很清楚，很和蔼
169151,342,吴志祥,2023-02-24 12:50:50,11,11,0,我好爱他，期中不及格，我都以为要挂了，没想到他直接一个海底捞我的大动作，我哭死
169155,342,吴志祥,2023-02-24 13:09:02,4,4,0,谢谢吴爷爷！
169156,342,吴志祥,2023-02-24 13:09:36,3,5,2,wyy是线代H唯一神！！！！！！！！！！！！！！！！！！！！！！！！！！！！！！！！！！！！！！！！！！！！！！！！！！！！！！！！！！！！！！
169157,342,吴志祥,2023-02-24 13:11:21,6,7,1,老师很和善，虽然有点口音，但是讲的很好，给分好！
169177,342,吴志祥,2023-02-24 13:51:01,3,4,1,太能捞呀，吴爷爷。最后的线代补天，太c了
169184,342,吴志祥,2023-02-24 14:21:59,0,1,1,太好了，wyyyyds
169227,342,吴志祥,2023-02-25 01:23:54,2,3,1,谢谢吴老师！吴老师平时和蔼可亲，期末加倍和蔼可亲，太能捞了！
169245,342,吴志祥,2023-02-25 03:21:16,5,8,3,吴爷爷我的神！期中73期末满了（激动！）第一门满绩居然是上课都听不太懂的线代呜呜呜
169247,342,吴志祥,2023-02-25 03:29:44,10,10,0,给分不错，就是上课很难受，全靠自学
169414,342,吴志祥,2023-02-26 04:33:31,-3,8,11,老师人很好，但上课的内容十分抽象，给分有些随意，建议run隔壁谈神
169475,342,吴志祥,2023-02-26 10:53:15,2,2,0,牛逼的
169700,342,吴志祥,2023-02-27 12:43:24,4,9,5,吴老师给了我95分，我却只能给她10分
171344,342,吴志祥,2023-03-22 06:02:41,2,2,0,谢谢吴爷爷
176009,342,吴志祥,2023-06-27 12:00:44,3,4,1,考前来拜！
177119,342,吴志祥,2023-07-01 20:34:22,1,2,1,谢谢老师！
177144,342,吴志祥,2023-07-02 01:50:55,5,11,6,吴爷爷超可爱！上课总是能够让人心情变好！\n\n线性代数有点靠感觉和积累，但是吴爷爷超级捞！感谢感谢！
177214,342,吴志祥,2023-07-02 08:33:34,17,20,3,教线代II（H）的吴志祥很有道德……
177269,342,吴志祥,2023-07-02 13:08:07,16,17,1,wyy！为什么上课必定下雨啊？上课为什么这么搞笑啊？\n\n“施密特正交化全称是格拉姆施密特正交化，我们把格拉姆润掉了！我想格拉姆也不会气得从缝里蹦出来！”\n\n“这个phi属于爷儿V”\n\n“你们回去看一下蓝书里有写”（代数与几何明明是绿色的）
178833,342,吴志祥,2023-07-24 16:32:16,6,7,1,现代ⅡH。wyy水平还是高的，但是上课的感觉没有谈神好，可能是课程变难的缘故。最后期末写出了最后一题但是不会第一题，总评一般般，有点遗憾。
182370,342,吴志祥,2023-11-15 08:16:04,4,7,3,啥都不学都能考到88，混分的神！
184138,342,吴志祥,2023-12-11 00:54:42,2,3,1,抽象得很
184433,342,吴志祥,2023-12-19 13:42:55,1,3,2,喜欢老师的迷之笑容
184995,342,吴志祥,2023-12-25 08:55:13,15,15,0,合着我学了一个学期的猩猩呆树?
185298,342,吴志祥,2023-12-27 15:32:04,3,4,1,老师真的好可爱好和蔼，他讲课水平真的很高，但是还是需要自己学的，要不然真的体悟不到他的高水平，但是真的讲的好好
186093,342,吴志祥,2024-01-08 09:10:44,1,2,1,没有问题吧？\n\n嗯，提不出问题
187289,342,吴志祥,2024-01-15 11:51:32,1,1,0,老师讲的很好，在我听过的课里面水平最高，而且永远面带微笑。下学期想选老师的线代II(H)可惜时间冲突了。快出分了捞捞我吧，今年期末比历年卷难了一个数量级
187338,342,吴志祥,2024-01-15 13:46:43,2,3,1,猩猩代树，活空间
188107,342,吴志祥,2024-01-18 08:04:38,0,2,2,讲课很好但是不认真听就会断片（太高深了🙏🙏🙏）\n\n快出分了求捞捞🥹
188635,342,吴志祥,2024-01-19 12:35:48,10,11,1,大捞特捞
188643,342,吴志祥,2024-01-19 12:45:27,5,6,1,老师人很好！！！超级可爱与和蔼！！！给分也很好TwT，然后上课思路清晰，就是善良-善良 的代名词！当之无愧！而且钉钉上问他他也会很认真的回复你！之前期中考不好他也就是安慰我很多，还给我提出了很多建议！大爱特爱！
188644,342,吴志祥,2024-01-19 12:44:34,3,5,2,老师太好了，助教gg也很好，wyy永远笑眯眯的好喜欢，但是因为他的课太难了我没听过几节dbq。真的好捞好捞好捞，真没想到我能被捞的那么高，不打十分天理难容！！！
188650,342,吴志祥,2024-01-19 12:48:23,2,4,2,谢谢吴爷爷，谢谢助教。捞活了一整个寒假。吴爷爷就是最棒的！比心比心比心(づ ●─● )づ
188651,342,吴志祥,2024-01-19 12:50:28,7,7,0,wyy！你是我的神！！！真的好捞🥹\n\n讲课水平也很高 但是很快很容易跟不上 我只能智云回放 到最后也有好几节课没来得及听 最后只是把书上定理过了一遍 也有十几分没写 结果出分扣的比我没写的总分还少 感谢wyy🙏🏻
188653,342,吴志祥,2024-01-19 12:54:19,7,7,0,wyy是真神，配享太庙
188654,342,吴志祥,2024-01-19 13:02:14,5,5,0,很好的老师
188656,342,吴志祥,2024-01-19 13:05:01,4,5,1,超超超级好老师，大爱wyy
188660,342,吴志祥,2024-01-19 13:24:54,12,13,1,感谢吴志祥爷爷和盛鸿睿助教捞我，卡线5.0，吹爆两位老师\n\n吴爷爷讲课条理很清晰，并且要点齐全，听过以后整理一下基本就会了，虽然开始适应的时候会比较困难，把前面线性空间学好直接乱杀（线性空间是整本书的基础），后面直接用线性空间的思维理解就好了。\n\n反正吹爆两位老师，吴爷爷我的神！！！！！！！
188662,342,吴志祥,2024-01-19 13:25:53,6,6,0,学线性代数的同学千万不要相信了他的均绩！给分出人意料的好。
188663,342,吴志祥,2024-01-19 13:26:00,4,4,0,wyy你就是我的爹！！听课可以听谈神的智云，但是选课都给我选wyy！！而且如果线代有基础的人wyy应该还是挺适合的（笨人自己听不懂，但是班上的高手觉得wyy讲得特别好）
188715,342,吴志祥,2024-01-19 16:18:09,1,1,0,大爱老师！
188763,342,吴志祥,2024-01-20 01:22:01,0,2,2,上课好到极致，给分大捞特捞，不给十分天理难容。
188765,342,吴志祥,2024-01-20 01:40:18,1,2,1,强烈推荐
188770,342,吴志祥,2024-01-20 02:01:31,0,2,2,wyy就是我的神！
189281,342,吴志祥,2024-01-22 22:52:33,6,7,1,这个给分没什么好说的，海底捞的神
190848,342,吴志祥,2024-03-21 10:46:49,4,4,0,两个月之后回头看，再来补个十分
195186,342,吴志祥,2024-06-27 05:54:03,2,3,1,教的极好，概念清晰，如果希望这门课可以领悟的更加通透，最好加上适当的预习和复习。
195918,342,吴志祥,2024-07-01 00:55:56,0,1,1,真的捞啊，感谢wyy
196144,342,吴志祥,2024-07-02 00:39:03,5,8,3,之前就听说吴爷爷给分好，写了过程就给分\n\n现在觉得这是对吴爷爷赤裸裸的污蔑！\n\n吴爷爷分明是在卷子上看到墨迹就给分啊，只要不是交白卷，严重怀疑卷子上写满火星文吴爷爷都会给你高分！\n\n査老师为什么上限十分啊？！！\n\n我要给吴爷爷打100分怎么办？\n\n感谢吴爷爷，让一个线代2从来没学懂的可怜孩子获得有史以来最高的成绩呜呜呜
196157,342,吴志祥,2024-07-02 02:02:35,4,5,1,支持楼下说写火星文wyy都会只扣结果分的说法。而且wyy上课比隔壁清楚多了。
197049,342,吴志祥,2024-07-07 02:30:56,-10,5,15,wyy太捞了，做梦都没想到能卡线5.0，我学线代二最正确的选择就是选了wyy的课
197322,342,吴志祥,2024-07-11 02:13:31,2,3,1,神！！
197652,342,吴志祥,2024-07-24 08:07:12,0,1,1,伟大，无需多言
199029,342,吴志祥,2024-09-14 07:12:28,3,3,0,呜呜呜大一刚上线代（H）听不懂一点呜呜呜（我的问题），来评论求一个能让我听懂的脑子
199266,342,吴志祥,2024-09-20 06:26:43,3,5,2,期中挂了三题，助教给所有人放洪水一题扣一分（满分100）\n\n期末卷子比较简单，但没想到给分也很好（总评96）\n\n课下问老师问题，感觉老师很关心学生（叫吴爷爷名副其实）。课堂上有些同学会觉得吴老师有口音，但说实话，老师的讲课内容毋庸置疑的好。\n\n不多说，wyy永远的神！！！
199804,342,吴志祥,2024-09-30 04:21:20,3,4,1,星星相关？？？
201724,342,吴志祥,2024-11-05 15:57:05,2,2,0,欢迎选wyy的猩猩代数！！！
201910,342,吴志祥,2024-11-07 10:23:35,3,3,0,吴爷爷明天晚上的期中考都出我会的好不好呜呜呜，秋学期没好好听课现在恶补快哭了
205893,342,吴志祥,2024-12-12 13:23:36,1,1,0,期末补天，发现吴爷爷讲的实在是太好太清晰了，就是进度有点快，难怪我上课没听懂。回放拉来拉去可算是补天补上了
205917,342,吴志祥,2024-12-12 15:58:22,1,2,1,吴爷爷特别特别特别好！！！！！！！！我直接10分拉满\n\n简要说一下心路历程好了：\n\n  wyy讲话有口音，最初那两节课我还没同步他的语音包，真的听不懂一点（（甚至当时有点想换老师来着。。反正当时就觉得线代好难好难啊！！\n\n  后来自己看书补回来了一些之前的内容，也逐渐能听懂wyy的口音了。不得不说其实wyy上课的思路是很清晰的，前面讲的内容都有在为后面打下基础，顺着他讲的推下去就会感觉线代真是美丽又自然。\n\n  wyy布置的作业很少，而且基本上都是上课讲的题的变形（但是我这种笨比容易被硬控\n\n  wyy讲课笑眯眯的，氛围很轻松，坐第一排就不由自主地想跟他互动，互动多了他就会时不时对着你讲哈哈哈！下课去问他问题他也会挺有耐心地给你再推一遍。另外，他上下课真的准时，老一辈教师特有的零帧起手。。所以上完厕所赶快回来，错过一分钟包你后面听不懂的\n\n  另外，上课听不懂的不妨再听一遍智云，就会发现其实很好懂啊！上课没懂也许是你困了吧！（
206550,342,吴志祥,2024-12-16 03:40:41,3,3,0,我爱吴爷爷！！吴爷爷讲得太好啦！求求了下学期再让我上他的课吧🥺🥺
207579,342,吴志祥,2024-12-23 07:20:15,6,6,0,老师人很好，讲的很仔细，现在一听到星星影造就想笑哈哈哈
207716,342,吴志祥,2025-01-12 09:43:47,8,8,0,吴爷爷给分还是很不错的，但就是讲课属实让人听不懂
211739,342,吴志祥,2025-01-12 09:49:25,8,8,0,吴爷爷的恩情还不完🖐😭🖐🖐😭🖐
211760,342,吴志祥,2025-01-12 10:39:05,1,2,1,吴爷爷的口音有多不清晰，吴爷爷的讲课思路就有多清晰。伟大无需多言
211796,342,吴志祥,2025-01-12 12:44:31,-28,5,33,给分求是，态度还不好，千万别选，选了就后悔吧
212127,342,吴志祥,2025-01-13 08:30:10,3,3,0,吴爷爷的猩猩袋鼠讲的非常好！我也很幸运下学期的猩猩袋鼠还是他上（本来是大帝，但换成功了）。很可惜期末考他再捞也捞不动我了，但还是毫无疑问地给出10分！\n\n\n\n另：2025.01.12的那个骂他还劝退的希望你是骂错人了。
212183,342,吴志祥,2025-01-13 10:26:57,1,1,0,出分了，恩情还不完，讲课也好爆😇
212346,342,吴志祥,2025-01-14 01:53:07,1,1,0,伟大，无需多言！
213092,342,吴志祥,2025-01-16 03:45:00,4,6,2,吴爷爷！吹爆吴爷爷！！上课从不点名真的很好！！！而且作业也很少。\n\n但是，由于浓厚的口音，我基本上靠自学...我真的听不懂吴爷爷在说什么，一句话我要反应好几秒...
213162,342,吴志祥,2025-01-16 07:25:08,0,1,1,吴爷爷你是我的神
213735,342,吴志祥,2025-01-19 10:59:51,3,4,1,吴爷爷就是神！！
216334,342,吴志祥,2025-03-13 12:17:32,3,3,0,我爱吴爷爷。
218589,342,吴志祥,2025-04-25 12:20:14,2,2,0,非常好的老师！！！
220430,342,吴志祥,2025-06-18 02:32:45,4,4,0,先打10分，求求求求求求求捞
220452,342,吴志祥,2025-06-24 06:27:43,3,3,0,谁懂，1.5极限飘过的含金量（wyy教得好是我太菜）！！！wyy我爱死你了！！！
221495,342,吴志祥,2025-06-24 04:59:26,2,2,0,-如果没有吴爷爷捞我线代的话，哇↑达↓西↑——\n\n-你这个人，真是满脑子想的都是分数的事
221531,342,吴志祥,2025-06-24 09:02:43,0,0,0,问老师期末分数的时候老师直接打电话过来了，告诉我哪里写错了，负责没话说
221535,342,吴志祥,2025-06-24 09:39:07,1,1,0,问期末分数的时候，老师一个电话打过来，确实负责\n\n问完之后，原来是有一个班的助教过于逆天，原来写了很多有益的过程没做出来和啥都没写是一样的
221575,342,吴志祥,2025-06-24 14:38:55,0,0,0,吴爷爷恩情还不完
221581,342,吴志祥,2025-06-24 15:35:04,1,1,0,吴爷爷是我的神呜呜呜\n\n但是两个班的助教改卷差别真的很大
221725,342,吴志祥,2025-06-25 13:29:46,0,3,3,吴老师是真的值得10分！\n\n看到线代总评成绩的时候真的有点难受不满意的，于是私信了吴老师问具体的分数\n\n没想到吴老师直接一个电话打过来，一道道细讲哪里有问题应该怎么改，实在是负责到底啊！！\n\n\n\n关于捞没捞的话，吴老师肯定是捞了。但是主要原因是周三班的助教改卷过于严格（和周一班相比），查分的时候问到例如：格拉姆-施密特算错了一点就直接扣掉了五分（是助教改的）；然而最后一道最难的证明题有一小部分不完备伪证了只扣了我一分。（是吴老师改的）\n\n最后算下来期中期末都是 70+ 但是总评是 90+，因此撇开助教改卷极其严格，吴老师还是非常捞的！
221905,342,吴志祥,2025-06-27 10:09:34,0,0,0,谢谢吴爷爷~
222003,342,吴志祥,2025-06-28 13:19:57,0,0,0,谢谢吴爷爷！
22,390,贾厚玉,2015-03-14 15:26:54,18,22,4,老师讲的不快，不过老是一个调。。
183,390,贾厚玉,2015-03-14 16:33:54,17,17,0,长的很萌，讲课比较慢
725,390,贾厚玉,2015-03-16 04:51:05,-1,1,2,还好吧
1097,390,贾厚玉,2015-03-21 16:09:48,-7,7,14,全靠自习
2222,390,贾厚玉,2015-04-11 14:52:01,0,4,4,还不错，至少向他提问他都会耐心解答，就是可能要多靠自习
3149,390,贾厚玉,2015-05-18 02:10:55,8,8,0,还不错啦，萌萌哒老师
3509,390,贾厚玉,2015-06-17 01:24:21,10,12,2,老师讲的认真，不过真的很容易睡着或者走神啊！！
3681,390,贾厚玉,2015-06-17 02:13:53,6,6,0,老师很萌
3932,390,贾厚玉,2015-06-17 10:20:37,12,12,0,讲的很细致清楚。但是听久了容易困。
4969,390,贾厚玉,2015-07-01 16:10:54,11,17,6,微二微三都是他的，真心觉得他是个好老师。上课讲的很到位，很仔细，能听的懂，作业量也不多，最后一两节课的复习课也很有效果！\n\n只要上课认真听，绝对有收获。
5288,390,贾厚玉,2015-07-06 09:52:50,2,2,0,负责任 讲课细致
6002,390,贾厚玉,2015-07-10 07:18:36,4,6,2,上课比较平淡，一直是一个语调，感觉不太有激情，听着容易犯困。
7913,390,贾厚玉,2015-09-16 05:59:53,2,3,1,发现真的还算不错
10055,390,贾厚玉,2015-11-15 04:34:38,4,4,0,很棒！
13883,390,贾厚玉,2016-01-01 14:36:04,1,1,0,还可以
16555,390,贾厚玉,2016-01-18 11:03:28,4,4,0,棒棒哒
16705,390,贾厚玉,2016-01-19 00:01:41,2,2,0,非常好
18253,390,贾厚玉,2016-01-21 10:34:50,2,2,0,挺好的，上课上的不错
18359,390,贾厚玉,2016-01-21 13:20:08,7,8,1,讲课很好，耐心回答学生问题
19046,390,贾厚玉,2016-01-23 06:38:36,6,6,0,讲得超好，给分也好
19975,390,贾厚玉,2016-01-25 17:28:51,24,26,2,老师人如其名，长得挺“厚”的，给分也超厚道～其实挺好的，就是听课容易困哎
25861,390,贾厚玉,2016-06-12 12:29:39,7,7,0,老师挺萌的，讲课很细致认真，但是平时自己还要努力，师傅领进门，修行在个人。
29775,390,贾厚玉,2016-06-30 09:59:26,12,13,1,给分很厚道，数分的确是自己没学好，虽然老师讲课时我有时会觉得困
35010,390,贾厚玉,2016-10-29 11:03:28,56,66,10,萌萌哒老师，很喜欢，而且留作业特别爱留题号全为奇数或偶数的题，例如第13579道??
40753,390,贾厚玉,2017-01-17 06:47:56,2,3,1,课上得很不错，给分也很公正。这真的是我在大一上唯一可以听懂的主课了…
43929,390,贾厚玉,2017-01-17 06:37:27,12,12,0,讲课很认真到位 可惜我很困 一个学期没听进去\n\n给分厚道真的\n\n而且超萌 尤其是笑的时候还有在群里说话的时候233
43982,390,贾厚玉,2017-01-17 07:31:45,1,1,0,讲得不错，但给分…
44086,390,贾厚玉,2017-01-17 09:06:11,4,4,0,讲的很好，关键靠自己努力啊数分
49069,390,贾厚玉,2017-03-23 04:35:50,3,3,0,真心是好老师
53912,390,贾厚玉,2017-06-28 04:22:31,-5,0,5,困。
54387,390,贾厚玉,2017-06-29 08:42:15,2,2,0,讲得很清楚，给分不错
55940,390,贾厚玉,2017-07-02 17:02:23,0,2,2,谢谢贾老师让我数分1到2，绩点✘1.5嘿嘿嘿\n\n讲的真的很好啊，跟着思路慢慢来很稳哒
56021,390,贾厚玉,2017-07-03 02:42:32,12,15,3,绩点拯救者
56064,390,贾厚玉,2017-07-03 04:17:26,3,3,0,老师人是真的好，课上的也清楚。是我自己不努力T^T
58842,390,贾厚玉,2017-09-18 05:27:42,4,4,0,讲得不错
59121,390,贾厚玉,2017-09-20 00:09:58,2,2,0,讲得很好。
59878,390,贾厚玉,2019-07-02 18:25:12,-92,9,101,垃圾老师  说话都听不懂  ，全靠自学，讲课特别快，垃圾
60027,390,贾厚玉,2018-01-23 13:53:41,36,40,4,数分其实基础很重要，就数分1而言，个人认为其实基础方法、思想掌握的话，绩点很有可能上4的，毕竟还有调分。老师真的耐心，乐于与我们聊天，有幽默感，尽全力答疑。但是，摸索答题技巧是要靠自己的，比如说遇到困难的题理应先放下，回头再来看，不应当专门抠一道难题……\n\n多做题，找套路，这是靠自己的。老师耐心答疑，还在拯救绩点，已经做到老师方面的最好了……剩下的要靠自己努力...\n\n数分2，还是贾老师。贾老师作业不多，靠自己很重要……数分2会更难，加油吧……
64610,390,贾厚玉,2017-12-25 13:47:03,8,8,0,讲得很好，讲到难的东西也很刺激，觉得上课并不无聊
67897,390,贾厚玉,2018-01-22 09:16:05,4,4,0,跟老师聊天很有趣，超级萌
68595,390,贾厚玉,2018-01-23 12:24:43,18,20,2,感觉老师讲的真的很好啊，口音也特别可爱，上课的时候喜欢用“留在这里，到那边去，被那个出去”这组排比，哈哈哈哈真的太可爱了。给分挺感动的，两次小测都是倒数期末考也很凉竟然让我上2了…下学期还跟老师一起学，嗯一定会好好学习的！很喜欢这个数学老师！
75696,390,贾厚玉,2018-03-15 07:31:49,1,1,0,老师人真的超好，很耐心，PPT上的题也很好。最后的习题课真的很有效果。
76884,390,贾厚玉,2018-04-25 08:14:41,3,6,3,讲课速度合适，经常留一些附加题很有趣 而且老师好像从PPT改成板书了(特别喜欢板书的数学老师觉得很有范~)。ps:助教小姐姐也超厉害的，讲课刺激节奏紧凑，总讲一些一般人发现不了的问题，而且批作业和考试卷很有意思QuQ，我写作业懒得写步骤了就在作业本上卖萌也能拿A+(大家可以试试)
78736,390,贾厚玉,2018-05-15 02:34:25,5,7,2,ball ball老师用回屁屁踢……
78747,390,贾厚玉,2018-05-15 03:27:53,31,32,1,老师你真的不想上厕所吗，但是我们想呀
79758,390,贾厚玉,2018-06-13 09:42:58,3,3,0,超棒的老师
80163,390,贾厚玉,2018-06-21 01:16:04,36,38,2,师强我菜
82119,390,贾厚玉,2018-07-07 07:19:55,-45,2,47,两道积分不会，大题全乱写，乱蒙，还能4.5？数分二竟然。。。
83750,390,贾厚玉,2018-07-11 06:56:12,10,13,3,讲课挺好的，给的题也很棒，但是作为把吉米多刷满了天天坐前排听课的人3.0不太好接受。。
88787,390,贾厚玉,2018-11-08 05:27:45,3,3,0,好老师。和蔼可亲平易近人。喜欢在数分课上讲代数
89402,390,贾厚玉,2018-11-19 03:09:03,2,2,0,很好的老师，跟学生互动很多，唯一一个认识我的老师
94602,390,贾厚玉,2019-04-08 14:16:38,-73,3,76,一次5.0一次4.8\n\n虽然4.8那次是因为整个数分甲没有一个满级而老师您还不调分。。\n\n满级真难
95939,390,贾厚玉,2019-01-20 08:54:43,6,6,0,楼上太强了，求问楼上，我向你请教如何才能让我的数分像你一样高。不说满了，上4就行。
97634,390,贾厚玉,2019-01-22 12:25:44,0,2,2,好老师！给分超好
98763,390,贾厚玉,2019-01-24 02:01:09,2,2,0,如果你能抢到前三排，听课效果还是不错的。
102727,390,贾厚玉,2019-02-22 03:56:36,4,5,1,老师水平很高，讲数分又能讲得很详细让人很容易理解。给分也不错的
111741,390,贾厚玉,2019-07-02 20:54:17,14,19,5,恕我直言，数分二比数分一要简单，同意的送我上去
111874,390,贾厚玉,2019-07-03 01:45:36,4,6,2,好好练最后几章积分，数分二还是可以上四的。
111981,390,贾厚玉,2019-07-03 05:39:34,-46,6,52,他给我两个5.0，所以我给他一个10.0
112369,390,贾厚玉,2019-07-04 03:01:50,9,9,0,我这么垃圾的人，老师两学期数学分析都没有挂我，谢谢贾老师
112820,390,贾厚玉,2019-07-05 04:22:24,3,3,0,助教真的好！考前问问题及时回答且非常耐心！
113541,390,贾厚玉,2019-07-06 23:29:12,1,1,0,考试前复习全靠助教...助教xgg真的超棒啊，超级负责的
114527,390,贾厚玉,2019-07-10 10:42:30,2,2,0,虽然我很菜，但竟然两学期都没有挂，所以来这里表示感谢。助教也很好，习题课很认真，还把讲的内容整理成pdf，小测时总会尽量给分。
118786,390,贾厚玉,2019-11-05 17:27:57,25,28,3,"这学期ODE的助教真的无语\n\n首先是在群里发比高中作业还严格的格式标准，""每页大题1题，小题3题""""不许涂改""诸如此类。我？？？\n\n我觉得您要求高说明负责任也就罢了，可是我所有作业交上去都是一个钩怎么回事？可是有很多我明明不会只写了一半呐！敢情您格式要求高不是为了方便找出错误而是为了一页只打3个钩？\n\n而且，9月21日，唯一一次去答疑室，找不到人，只有隔壁班助教。\n\n占期末20%小测，我最后一题证明全瞎写居然给满分？第一题全对只是形式不一样0分？其他题目答案错全扣光？\n\n\n\n不过就算这样还是给了老师10分，可见贾老师教的多好！全程板书，思路清晰，简直是享受！"
120561,390,贾厚玉,2020-01-13 00:53:00,5,5,0,杰尼龟😂😂😂
120943,390,贾厚玉,2020-01-19 00:28:15,0,0,0,4.5开心
121027,390,贾厚玉,2020-01-19 09:27:59,3,3,0,ode\n\n19~20秋冬3.5学分应该是贾老师第一年给竺院开课，和张挺老师一起。\n\n老师的讲课内容比较清晰，如果是自学教材有困难的，听一下老师讲的课上手会比较快。老师讲的偏应用一些，顺序也和书上的不太一样，有一些复杂的证明考试不做要求但是老师还是会顺带讲到。总体上如果有提前预习，听懂课是问题不大。\n\n平时老师不点名，但是会有两次计分的小测和若干不计分只是作为点名的简单小测。计分小测应该是不安排补测，所以打探到消息时别旷课，最好是提前打听一下；简单的不计分小测是上课结束以后还剩时间就可能出一道简单题目用作检测和点名，做错了也没关系，但这就随缘多了。\n\n考试的内容一般以当学期讲的重点为主，跟往年卷子虽有一些相似，但是考察重点完全不一样，根据往年卷子推测新学期考点可能不太科学。考前最后两节课是复习课，老师讲了一遍前两年卷子。考试题目很多出自课后习题，还有老师说会考但是往年没考的边值问题，上课要听一下考点。\n\n助教确实对作业的规范程度有所要求，平时也不怎么答疑，当时引起过群里的很大不满，但是最后助教的捞人力度和老师的调分力度也是很给力的。十分推荐。
122257,390,贾厚玉,2020-02-21 10:10:21,0,0,0,贾老师PPT每次都会给，好好看会有用的，虽然我老是各种理由不看
122648,390,贾厚玉,2020-03-12 01:01:08,0,0,0,思路清晰
123502,390,贾厚玉,2020-06-09 07:46:23,0,0,0,真的好
126772,390,贾厚玉,2020-10-20 01:12:50,1,1,0,写字没有力气
127017,390,贾厚玉,2020-11-03 00:20:36,0,1,1,贾老师的数分讲得很好，不会照本宣科，而是自己做ppt，补充课本之外的证明！还有补充题，可以启发你的思维，也不太会犯困
131234,390,贾厚玉,2021-01-26 17:35:24,0,0,0,贾老师真的太好了，对于我这样的数分学的很菜的人也很友好！给分真的赞赞赞！下学期还是贾老师，我一定加油！
131255,390,贾厚玉,2021-01-27 00:29:23,0,0,0,老师人很好，但是讲课太困了
131269,390,贾厚玉,2021-01-27 02:12:43,6,6,0,给分超级赞\n\n不过说实在的，老师确实能将课本的一些神跳步证明解释得很清楚，而且有时候有比课本更清晰的证明过程\n\n听他的课还是比自己看书要有用很多\n\n平常小测验考砸了问题也不大，主要是期考一定要考好\n\n另外别跟他说捞，“再捞，就往下摁了”
131426,390,贾厚玉,2021-01-27 12:48:58,2,2,0,贾老师是一位非常优秀的数学老师。本人上贾老师的数学分析课，感觉老师思路清晰而严谨，还会做好课件放出来让大家预习复习，也非常前卫（大雾）。沉稳大气，给分也不错，总之10分好评！
131981,390,贾厚玉,2021-01-30 01:02:51,17,19,2,“再唠，就往下摁了”hhhhhh
132001,390,贾厚玉,2021-01-30 02:13:32,3,3,0,你变了😭
132072,390,贾厚玉,2021-01-30 06:00:07,1,2,1,最后一次课一定要去，就算不去也要随时打开qq，准备雷达点名。老师很可爱，捞人效率极高。
137280,390,贾厚玉,2021-07-03 01:42:37,1,2,1,数分H1、2。\n\n老师上课挺清晰的，有很多课本外的补充，收获很大，如果喜欢/想学的话，能学到很多东西。答疑也很耐心，人很可爱。\n\n期末总评不低于卷面成绩，（算是一颗定心丸）至少最后分数还能全部掌握在自己手里。\n\n虽然期末考定义写串了（对不起、、）
137281,390,贾厚玉,2021-07-03 01:42:37,-1,1,2,数分H1、2。\n\n老师上课挺清晰的，有很多课本外的补充，收获很大，如果喜欢/想学的话，能学到很多东西。答疑也很耐心，人很可爱。\n\n期末总评不低于卷面成绩，（算是一颗定心丸）至少最后分数还能全部掌握在自己手里。\n\n虽然期末考定义写串了（对不起、、）
137847,390,贾厚玉,2021-07-06 10:00:13,1,2,1,10分
139788,390,贾厚玉,2021-07-26 14:10:55,1,2,1,讲的不错，就是有点催眠
141437,390,贾厚玉,2021-10-09 03:48:17,1,1,0,就那样
142129,390,贾厚玉,2021-11-07 08:11:48,0,1,1,讲的挺好啊。
144269,390,贾厚玉,2021-12-21 03:43:24,0,2,2,常微分方程\n\n人nice，会关注学生跟不跟得上教学进度，发现学生没学过数学分析之后特意讲得易懂了一些\n\n每周作业也不多
147368,390,贾厚玉,2022-01-09 22:04:05,3,4,1,“考试的时候考的低，也得给你摁下去”，虽然这样说，可是老师还是会捞的！
147395,390,贾厚玉,2022-01-10 02:31:42,0,0,0,他真的，我哭死
148536,390,贾厚玉,2022-01-13 00:03:16,0,1,1,很好心很可爱的老师。\n\n态度摆正就能学好，还会捞人\n\n数分二和常微分都是他教的\n\n贾老师
148542,390,贾厚玉,2022-01-13 00:15:52,2,3,1,贾爹给分是真厚道
148597,390,贾厚玉,2022-01-13 02:58:10,2,3,1,数分12，常微分，12个学分的课都是贾爷爷上的。老师人很好，教的也很棒，出卷和给分都厚道。10分。
148816,390,贾厚玉,2022-01-13 15:03:39,1,2,1,最后两星期讲的内容在考试里占二十多分，咱就是说安排不好教学进度咱就不要讲这么多东西不行吗，稳定性理论和几何理论你要觉得重要就早点好好讲掉不好吗，还圣诞节那天补两个多小时的课，你是觉得考试周学生花大把时间学2学分的常微分方程吗。抛开教学进度问题，老师是个好老师，人也挺好，就是这安排属实无语了。
149214,390,贾厚玉,2022-01-14 23:29:08,0,2,2,至少没卡，谢谢您～
150958,390,贾厚玉,2022-02-21 10:40:43,-28,5,33,大家都说被捞，我感觉好求是啊，最后卷面80，作业小测基本没扣，结果4.2，呜呜
155428,390,贾厚玉,2022-06-12 14:45:41,6,7,1,贾老师人真的特别好\n\n出分之前评论的，期末答疑问个问题老师直接打钉钉电话来解答\n\n是大学期间收到的第一个来自任课老师的电话，在有点点因为数分崩溃的时候真的很感动\n\n三两句话给我讲明白了，瞬间emo扫除\n\n大爱贾老师！\n\n真的很感谢老师！\n\n出分后再来说学习相关的吧
155676,390,贾厚玉,2022-06-15 06:47:07,2,2,0,讲的很清楚。
156203,390,贾厚玉,2022-06-18 07:39:55,0,1,1,好老师！
157300,390,贾厚玉,2022-06-23 01:31:33,0,1,1,贾老师人是真好，但课对于没有基础的同学来说是真难\n\n建议没有基础的同学还是得多刷题，不然期末可能面临基本都会但是写不完的尴尬场面T_T
157316,390,贾厚玉,2022-06-23 02:48:55,1,2,1,贾老师讲课是真的很清晰，很多证明的思想都会涵盖，很有数院老师的风格
157341,390,贾厚玉,2022-06-23 04:03:24,1,2,1,给分好
157468,390,贾厚玉,2022-06-23 10:40:23,0,2,2,贾爹真的是大好人，人很和善，PPT很适合复习（就是PPT需要删掉很多重复的），给分也巨好！！
157481,390,贾厚玉,2022-06-23 11:21:52,0,1,1,讲的好，给课件，给分也棒！
157856,390,贾厚玉,2022-06-25 06:58:10,3,4,1,感谢贾爹和李奶奶期末大放水实变救我狗命！（平时划水没认真听有一些遗憾）
168777,390,贾厚玉,2023-02-22 07:08:29,1,2,1,好老师🥰🥰🥰🥰🥰🥰
169027,390,贾厚玉,2023-02-24 04:59:34,2,5,3,贾老师上课好玩的，比较注重逻辑推导和题目讲解，只要愿意认真听的话能学到很多东西。作业量个人觉得小多，大概在刚好能熟练对付考试的程度。真的很喜欢认真推导过程的老师！（啊对的对的对的啊不对不对不对啊对的对的对的.jpg）
174511,390,贾厚玉,2023-06-13 11:44:41,2,5,3,个人认为数分四个老师里面听课最舒服的
174761,390,贾厚玉,2023-06-27 09:53:48,-26,3,29,期末考试考70？反正每一题都会做的我是不信的。
175198,390,贾厚玉,2023-06-22 09:21:17,2,3,1,考前来拜
175588,390,贾厚玉,2023-06-25 16:19:14,-15,1,16,很好的老师，证明思路清晰\n\n数分一满绩飘过，数分二还没出，先来好评~
175971,390,贾厚玉,2023-06-27 09:52:22,0,1,1,给分跟预期差不多，很可爱的老师
175973,390,贾厚玉,2023-06-27 09:54:10,1,2,1,我这么菜的人老师都没挂我，感谢老师。以后一定好好做人
175983,390,贾厚玉,2023-06-27 10:19:03,4,4,0,感觉是目前专业课最会点名的老师\n\n捞人没感觉到(实变)感觉是按原分
176084,390,贾厚玉,2023-06-27 15:13:34,0,1,1,老师讲课很好，推到过程清晰，人也很好。给分中规中矩，不是很捞，应该只是期末稍微改松了一点？不过好像相对李奶奶给的也还好吧
176699,390,贾厚玉,2023-06-29 18:04:29,7,8,1,老师真的很好，jiahy老师和cjh老师都是我在浙大见到的最好的一批老师，只是希望这门课可以不要出现在非数学专业的课表上了。
176723,390,贾厚玉,2023-06-30 01:06:31,0,1,1,非常好的老师，大师风范
176744,390,贾厚玉,2023-06-30 03:32:13,0,1,1,老师很棒！
176791,390,贾厚玉,2023-06-30 07:03:13,1,2,1,贾老师，你是我的神！！！
176835,390,贾厚玉,2023-06-30 10:26:37,1,2,1,萌萌的厚玉老师\n\n虽然我的数学很垃圾\n\n但是数分H2比数分H1进步力\n\n谢谢老师
177265,390,贾厚玉,2023-07-02 13:02:01,1,3,2,厚厚老师太可爱了。个人很喜欢他讲的级数部分，证明清澈通透，多元函数部分有点不清楚，数分二H来说太难了就模糊处理了。人很好很好，答疑很及时。给分nice
177938,390,贾厚玉,2023-07-05 15:32:18,-22,2,24,非常喜欢厚厚老师的讲课方式 用词都很有数学的感觉哈哈哈 至少这学期给分很好 期末考也非常简单 但我错了至少四处 最后还被捞到4.8了
186362,390,贾厚玉,2024-01-10 15:29:02,2,2,0,爱厚厚！认真的很好很负责！从来没有见过这么负责任的老师！明天考试！祝我成功！
187241,390,贾厚玉,2024-01-15 09:55:59,1,4,3,他捞了！真的捞了！期末考觉得考得不咋样，最后还是被狠狠捞了！！\n\n课前会把ppt传上来，老师上课讲得很好，犯困是我的问题😪
187319,390,贾厚玉,2024-01-15 12:54:50,1,3,2,绩点三
190440,390,贾厚玉,2024-03-04 06:59:38,1,1,0,享受！给我一种数学很好玩的错觉hhh数学基础差的学生就无脑选贾老师吧，他的课真的很好！\n\n——来自一个高中数学不怎么样的学长
193316,390,贾厚玉,2024-06-06 07:30:29,1,1,0,老师上课很有逻辑，推理很严谨，讲得很透彻\n\n而且很萌呀\n\n快冲！
193924,390,贾厚玉,2024-06-21 00:57:56,3,3,0,本人学习习惯非常不好，基本只有不得不学的时候才会开始学，水平也不高，线下听hy老师会困感觉在坐牢。期末补天听智云发现讲的是真的好，思路非常清楚。只恨自己平常没认真学，跟着贾老师认真学肯定能学好的
194027,390,贾厚玉,2024-06-21 13:03:35,4,4,0,数分2（H），10/10，非常好的上课体验。\n\n\n\n贾老师上课思路很清晰。他的证明思路可能和书本上不一样，但是跟着他的节奏走就不难理解。PPT里的例题基本和课本例题不重复，所以你可以把课本里的题用于预习，或是课后巩固。\n\n\n\n贾老师上课的速度在数分的四位老师中算是偏快的，但我个人比较喜欢这种速度，因为不容易走神。\n\n\n\n总之，如果你需要学数学分析（H）这门课，那么贾厚玉老师是一个不错的选择。
194878,390,贾厚玉,2024-06-25 23:26:45,5,5,0,老师人真的很好，PPT加板书的形式既不缺乏分析的味道又有大量的例题，助教哥哥也很棒，很美好的一次数学体验！
194978,390,贾厚玉,2024-06-26 07:11:01,8,9,1,非常好的数学老师，数分2的听课体验是数分1的好几倍，最后给分也比数分一高一截。本人数学底子非常差，能得到这个分数已经相当满意。老师上课分析的很细致，几乎每个定理都会板书证明一遍，对分析方法、能力的锻炼很有帮助，一个学期下来跟着贾厚玉老师认真听认真学收获非常大，同时助教老师也是又帅又博学。只恨大一上数分一没有选上贾老师，真的不想和老师说再见，太遗憾了
195012,390,贾厚玉,2024-07-01 13:03:54,12,12,0,数分II(H)神中神😭讲课非常清晰（听不进是我数学太烂的原因），会采用PPT+板书的形式，本学期一共点名1次（学在浙大数字点名）。给分方面更是大捞特捞，成绩占比平时20两次小测20（每次学在浙大线上10道选择题开卷）期末60，本人本来一直在担心挂科结果出分发现甚至被捞到了3.6😭太感动了，论贾厚玉为什么是神！
195537,390,贾厚玉,2024-06-28 17:04:21,2,2,0,非常好的老师，大赞！！！！！！
195761,390,贾厚玉,2024-06-30 01:54:37,2,2,0,实变期末一道大题伪证了，两道题就写了两三行，前边有道题极限函数还粗心写错了，总评硬是捞到92
195789,390,贾厚玉,2024-06-30 02:58:28,1,1,0,神！伟大，无须多言
198068,390,贾厚玉,2024-08-28 04:41:06,1,1,0,神，伟大，无需多言
199265,390,贾厚玉,2024-09-20 06:22:39,1,3,2,好老师，很详细的PPT，讲课很清晰，还会专门和小测有问题的学生谈话。\n\n最后感谢贾老师的给分，数分2比数分1多了1.1的绩点（期末卷子有两道大题不确定，一道伪证，以为最多4.5了）
200452,390,贾厚玉,2024-10-17 07:03:27,1,1,0,老师是神！
205911,390,贾厚玉,2024-12-12 15:29:14,4,4,0,贾老师萌萌哒！！讲得其实挺清楚的，但是本人数学基础一般般，课堂上想完全跟上会有一些吃力，另外老师不是按上下课铃来课间休息的，长时间集中精神听讲会比较累。。。不过过后看ppt和回放是可以补回来的。老师上课会讲很多例题，就是一个定理给你证完马上放到题目里面去用，需要课后多去慢慢体会，理解做题思路。\n\n  老师的作业不多。另外我要吹爆助教超哥！有点人机，呆呆的但很萌，讲题讲得很清楚！！平时作业只要认真做了基本上都是给满分的
206935,390,贾厚玉,2024-12-18 14:29:34,3,3,0,师强我弱
208219,390,贾厚玉,2024-12-26 07:50:59,14,14,0,12月26日这节课真的全程爆笑\n\n建议智云课堂反复观看\n\n“你们可以自由安排的啊，怎么没人走呢，你们不走我也不好走啊”
210501,390,贾厚玉,2025-01-09 09:04:30,-26,3,29,神！满了！
213163,390,贾厚玉,2025-01-16 07:28:56,9,9,0,老师真的很好（钉钉问老师问题老师回的很快），给分也比较捞（可能是因为我比较菜），还有这学期助教真的很棒，不仅精心备课（讲一些扩展内容），小测完还给我们发巧克力吃，有点人机（没有别的意思真的很可爱2333）
221409,390,贾厚玉,2025-06-23 09:11:10,1,1,0,老师长得超级可爱，数分I没有选他，听得迷迷糊糊，数分II选他虽然也没听几节课但是听的那几节课感觉能够学到很多东西，最后给分II比I绩点高了2左右呜呜呜呜真的哭死！老师很好很幽默，最后一节课上得太有意思了——“不会做的题目怎么拿到几分？嗯你就把定义写出来，定理默写出来，推进一步，我们就可以给你一点分嗯”“这个为什么打在屏幕上呢？因为我不想讲”“我不能说这个不考的。反正你们要看一下，要了解的”“那个物理老师在给一个同学讲傅里叶级数。我说诶这个我不是都讲过的嘛他怎么一点不记得了呢”“及格率很高的。除非你没学。哦不过我相信大家有人没学。嗯不过我相信那几个人不在这里，所以他们也不知道我在说他们” 总之是教学水平超强又超为学生着想的神！
221447,390,贾厚玉,2025-06-23 14:06:29,1,1,0,不点名，很捞
221613,390,贾厚玉,2025-06-25 02:36:36,0,0,0,贾伯伯超级好，考试也很捞！
2418,393,叶兴德,2015-04-29 23:44:28,-1,7,8,照本宣科
2732,393,叶兴德,2015-05-06 09:29:50,10,18,8,给分低……
2831,393,叶兴德,2015-05-08 10:44:39,0,5,5,上课一般 靠自己 平时分很赞
3329,393,叶兴德,2015-06-02 11:01:06,22,43,21,有点口音，多数是照书讲，也有一点自己的东西，讲得还算清楚，一个学期的课里会有几次幽默……
4735,393,叶兴德,2015-07-15 05:02:34,1,5,4,无聊。分低。
4821,393,叶兴德,2015-06-29 08:41:09,6,13,7,感觉讲课时讲的都是很基本的东西没什么延伸……有时略有点无聊……老师人还是很棒的，给分也很好～～
5739,393,叶兴德,2015-07-09 08:22:18,0,3,3,老师的口音很好笑（≧∇≦）
5746,393,叶兴德,2015-07-09 08:28:34,10,17,7,口音挺重的，反正我是忍受不了。也因此课堂气氛会很沉闷，与学生的交流很少，听课会无聊。基本还是照书讲吧。
7566,393,叶兴德,2015-09-15 04:29:56,13,15,2,很好！
8486,393,叶兴德,2015-09-22 00:27:52,4,11,7,平时分低
8591,393,叶兴德,2015-09-23 01:47:31,0,3,3,有点口音，有点无聊
9389,393,叶兴德,2015-10-26 01:57:23,5,5,0,老师人很好~认真听会有收获的，学习主要还是靠自己吧
9454,393,叶兴德,2015-10-28 01:22:35,63,86,23,老师很呆萌啊！对我这种小学渣来说讲得很清楚啊！用投影投板书，看的很清楚！超级喜欢这老师！
10912,393,叶兴德,2015-11-23 09:05:22,24,30,6,最近越来越觉得这个老师蛮不错的啊，上课的例题都是自己找的，和书上不一样，挺好的呀
12058,393,叶兴德,2015-12-21 15:12:30,-1,0,1,老师炒鸡萌，喜欢他
12543,393,叶兴德,2015-12-23 12:28:07,0,0,0,不错，口音听习惯了还好
12970,393,叶兴德,2015-12-24 12:04:28,6,8,2,萌，然而并没有什么。。。
13213,393,叶兴德,2015-12-25 07:39:04,5,5,0,开始是有点无聊，但只要跟着他的思路走，你就会发现他其实还蛮好的，而且时不时会有点小幽默～不点名，平时分很给力～
13884,393,叶兴德,2016-01-01 14:37:36,0,0,0,可以可以\n\n
14253,393,叶兴德,2016-01-06 01:26:50,4,4,0,很好啊，讲的很清楚
14318,393,叶兴德,2016-01-06 08:04:08,2,5,3,老师挺可爱的，比较幽默。讲课方式采用投影下现场解题，跟得上节奏会很清楚，跟不上节奏就抓瞎了…愚笨如我，只好全靠自学，感觉对不起老师(;_;)
14766,393,叶兴德,2016-01-09 01:06:01,0,0,0,很好的
16033,393,叶兴德,2016-01-20 03:49:57,6,14,8,给分低
16724,393,叶兴德,2016-01-19 00:49:56,2,2,0,。。。可爱的
17287,393,叶兴德,2016-01-20 03:44:50,1,1,0,老师讲课很认真！经常会开开玩笑。挺好的
17322,393,叶兴德,2016-01-20 04:36:29,1,1,0,老师讲课很到位，给分也不错，重点在于自己啦，如果想要有所提高就一定要自己多做题，老师常常说的
17886,393,叶兴德,2016-01-21 03:26:52,1,1,0,真的很萌，但是都怪自己上课不认真期末没有得到好成绩，只要听了应该都会好的
18402,393,叶兴德,2016-01-21 14:22:57,0,0,0,师生情
18965,393,叶兴德,2016-01-23 00:54:48,5,10,5,其实平时分给得挺低的 大部分人只有90（仅限平时分） 最后的考试不难 但是题量超级超级大呀 基本没几个人可以做完的
19634,393,叶兴德,2016-01-25 03:37:13,0,0,0,我觉得特别好，讲得清楚，人超级好
20277,393,叶兴德,2016-01-27 01:39:10,1,1,0,浓浓师生情。老师挺有自己思想的。认真听可以学到很多。成绩还蛮意外的
21461,393,叶兴德,2016-04-29 14:09:06,9,14,5,给分太差
21544,393,叶兴德,2016-02-29 06:51:38,1,1,0,一般安
21871,393,叶兴德,2016-03-01 10:42:29,1,2,1,自己体会
23820,393,叶兴德,2016-04-18 03:57:41,0,0,0,如果你能坚持不睡觉，那一定很有收获
23992,393,叶兴德,2016-04-24 13:47:05,1,3,2,没意思
24033,393,叶兴德,2016-04-25 16:04:51,2,2,0,楼上说的不是真的(๑•̀ω•́๑)
24184,393,叶兴德,2016-04-28 07:03:02,0,0,0,老师很好的 口音听听就习惯了 偶尔幽默
24290,393,叶兴德,2016-04-29 07:14:11,-6,3,9,口音真的...但是习惯了也还好。上课节奏有点慢，容易睡着导致我基本没听课。期末给了4.2，师生情啊！
24396,393,叶兴德,2016-04-30 09:31:15,1,1,0,就想知道你平时分打了多少TT
25473,393,叶兴德,2016-05-21 10:49:20,0,1,1,口音真是醉了...
29810,393,叶兴德,2016-06-30 10:39:53,10,10,0,老师很呆萌，口音听习惯了我也觉得挺可爱的，蛮为学生着想的。\n\nPPT直接手写这个风格我超喜欢!看的比较清楚哈。
31735,393,叶兴德,2016-07-04 15:59:07,6,6,0,北方人表示口音很难受…
33367,393,叶兴德,2016-09-19 01:25:49,0,0,0,挺好的吧
36111,393,叶兴德,2016-11-10 12:37:04,0,0,0,老师很负责，手写板书很赞(/≧▽≦/)
36718,393,叶兴德,2016-11-15 13:39:25,3,4,1,上课基本按书的顺序讲，有时会有自己找的例题，可以不听书上题的证明自己看，额外的例题要听，挺有用的。有些口音，导数和倒数傻傻分不清……但不影响听课，总体来说是个不错的老师，还有一个好处就是如果你很困可以提前预习书本然后上课睡觉……
38992,393,叶兴德,2016-12-20 09:51:23,0,0,0,口音，表达能力可能因为是理科生有点捉急，但是人好，照书讲得还是不错的，投影清楚。
39760,393,叶兴德,2016-12-27 10:43:43,0,0,0,其实还是不错的\n\n
44139,393,叶兴德,2017-01-17 10:21:54,3,3,0,字略潦草
44161,393,叶兴德,2017-01-17 11:05:53,0,0,0,讲的较慢，但给分很好
44361,393,叶兴德,2017-01-17 16:05:50,0,1,1,老师好萌啊，考的差完全是自己的原因
45820,393,叶兴德,2017-07-02 15:26:04,4,4,0,老师讲的还行吧…可是给分时候的师生情呢[哭]
49105,393,叶兴德,2017-03-26 15:03:23,-1,0,1,为给课前做作业，人很好。\n\n
54311,393,叶兴德,2017-06-29 05:12:56,1,3,2,最差的一门数学课
55882,393,叶兴德,2017-07-02 14:14:09,5,8,3,几乎挂了，真是.....
55900,393,叶兴德,2017-07-02 15:02:40,1,2,1,2.4。。。 期末55
64445,393,叶兴德,2017-12-24 02:18:14,-1,0,1,讲的细致，认真听会有收获
68925,393,叶兴德,2018-01-24 06:11:29,10,12,2,良心老师，虽然口音有点重，但讲课还是很认真的。耐心答疑，老师很和蔼，记得有一次问老师问题的时候老师笑了笑，然后拍拍我的肩膀，随后便是耐心的解释，顿时觉得很温暖(｡･ω･｡)
69557,393,叶兴德,2018-01-25 03:58:30,2,4,2,人很温和=有点口音=我上的是微甲1=小测是点到=讲得很细=基本按书讲=作业很少=给分挺公正的=教务网查了过程分=就是小测成绩加上每次作业上交还有两次考试=
75961,393,叶兴德,2018-03-23 02:12:41,-1,1,2,老师真的很好啊，口音真的没有其他的老师重，关键是思路很清晰，速度也比较慢，强推
81302,393,叶兴德,2018-07-04 15:21:09,3,3,0,老师挺可爱…虽然我这学期大多数是在其他老师那里蹭课了…\n\n然后就是助教哥哥太可爱了!超棒der!
81887,393,叶兴德,2018-07-06 11:52:30,2,2,0,老师萌萌的超可爱！还有cq助教小哥哥超级超级超级超级超级超级好！！！最喜欢他了(*/ω＼*)！
86522,393,叶兴德,2018-09-17 04:29:40,0,0,0,课取消了是怎么回事
100411,393,叶兴德,2019-01-26 05:42:37,-1,0,1,还行吧，没怎么听。
111336,393,叶兴德,2019-07-01 03:26:50,2,3,1,给分低
116804,393,叶兴德,2019-09-16 03:01:15,2,3,1,催眠良药，尤其是三节大课，趴倒一片，口音也是绝了，ppt上写板书挺好的
117223,393,叶兴德,2019-09-20 12:38:47,0,1,1,有很多例题来帮助我们理解书本定义，口音有趣，很不错
117317,393,叶兴德,2019-09-23 02:05:58,0,1,1,老师的课讲得很慢，很基础，也很有耐心，数学基础不太好的童鞋可以考虑哦。
117551,393,叶兴德,2019-09-26 01:16:16,-1,0,1,太好了
119018,393,叶兴德,2019-11-09 13:18:56,-1,0,1,感觉还行
119152,393,叶兴德,2019-11-11 01:55:02,3,3,0,老师很可爱，老师很可爱，老师很可爱
119394,393,叶兴德,2019-11-12 14:53:07,4,4,0,助教小姐姐真的好好看啊
120401,393,叶兴德,2019-12-03 13:23:54,3,3,0,超可爱的老师，喜欢自嘲哈哈哈哈哈。口音比较重，但是这样也很有趣!
120524,393,叶兴德,2020-01-12 02:37:54,22,27,5,老师太好了，因为正态所以老师把我从91拉到89，但正态这事不能怪老师，绩点没变，说明老师认真帮我们算过分才打的
120541,393,叶兴德,2020-01-12 09:18:30,-1,1,2,超棒！给分很不错！
120729,393,叶兴德,2020-01-16 02:10:39,-1,2,3,给分好，会捞，老师也很可爱
126396,393,叶兴德,2020-09-25 01:55:49,-1,1,2,老师绝对的海底捞
128318,393,叶兴德,2020-12-18 07:24:57,-1,0,1,很萌的老头
129197,393,叶兴德,2020-12-31 05:38:32,1,1,0,口音听久了挺喜感的：D，平时上课节奏很好老师也比较有耐心讲的非常清楚，例外ppt+手写板的方式也很棒，作业点的也比较少
130648,393,叶兴德,2021-01-24 05:28:45,-1,1,2,老师讲的蛮不错的，有很多和书本上不一样滴题目，虽然有点悲惨地被卡绩了，但也依旧拿到了很不错的成绩！谢谢老师
130651,393,叶兴德,2021-01-24 05:35:30,0,4,4,谢谢老师给了我总评95！第一门满绩的课！老师口音可可爱爱，上课讲的也很清楚。不过助教答疑课讲的内容有点偏难了。
137491,393,叶兴德,2021-07-04 13:01:31,3,3,0,一生推！！！非常仔细！！慈祥幽默有点像我爷爷hhh
137500,393,叶兴德,2021-07-04 14:25:16,0,1,1,被卡绩了，不过没看到分项成绩，可能老师已经尽力了。不管怎样，10分，给叶老师！
140828,393,叶兴德,2021-09-16 14:16:35,-2,3,5,神催眠。。。\n\n讲课不可否认很认真，但是对于思维启发不大。\n\n上课如催眠，如此喜爱数学的我，第一次在数学课上睡着\n\n。。。
146756,393,叶兴德,2022-01-07 11:01:49,-1,1,2,数学学渣被海底捞起来了
146757,393,叶兴德,2022-01-07 11:08:09,-2,0,2,给分不错
146862,393,叶兴德,2022-01-07 18:41:44,1,1,0,算法交易+前沿数学专题讨论，两次大报告的给分感觉老师对我们的要求逐渐变低，稍微快乐了，但是明明还可以给更高的呜
146892,393,叶兴德,2022-01-08 02:44:48,-3,1,4,老师人超级无敌好 给分特别特别好 期末期中股份都85这样 小测也一般 老师捞到4.8
148065,393,叶兴德,2022-01-11 12:28:08,1,1,0,对数学基础一般的同学来说是很友好的 老师和助教人都很好 给分也不错 至于有评论说上课无聊我觉得要求太高了毕竟讲的是数学
150649,393,叶兴德,2022-02-09 07:00:47,1,1,0,很可爱的一个老师！
152300,393,叶兴德,2022-04-18 07:26:57,4,5,1,讲的很棒，就是有点催眠
154392,393,叶兴德,2022-05-31 13:55:11,-1,3,4,老师好呆萌
156631,393,叶兴德,2022-06-20 12:48:37,-1,2,3,给分真的很不错，小测和期中都马马虎虎总评92
156632,393,叶兴德,2022-06-20 12:41:08,-6,3,9,超棒，我拿到了4.5的绩点，超乎我意料了，本来以为最多3.6了，没想到，呜呜呜，老师好好
156700,393,叶兴德,2022-06-20 16:16:37,-3,4,7,上了叶老师的微甲1和微甲2，我都基本属于平时只做作业上课不怎么听，期末前一天补天的那种，但两次给分都特别不错（多少就不说了，怕被骂😂）。讲课可能确实有点无聊，带一点点口音（不过听久了就习惯了），不过毕竟是wjf，相对而言已经很有意思了。而且每一节课ppt最后都有知识点总结，补天特别舒适。签到基本就在两次小测的时候，其他时间好像有过一次签到，但也就那么一两次。总而言之，yxd老师真的蛮不错的，上课和给分都挺好，大爱！
156773,393,叶兴德,2022-06-21 02:48:40,1,2,1,没被捞呜呜呜呜，可能是自己没考好吧
157371,393,叶兴德,2022-06-23 05:24:03,1,2,1,感觉也没怎么捞，比预期低，然后去私戳问了老师发现总评就比期末卷面高一分，看了楼下以为最多3.6，然后出了4.5的仁兄就更不平衡了。不过感觉老师人还是挺好的，钉钉问也不会像有些老师已读不回。就是之前看到都说老师很捞预期高了一点吧，以为平时分会给满或者只扣个一分二分，然后出分以后就很失望
158100,393,叶兴德,2022-06-27 04:00:30,4,5,1,微甲上下都是叶老师的课，个人感觉，讲的可以，但略有口音，也有点小催眠，给分的话，差强人意吧，就那种勉强满意，感觉捞了，又感觉没捞，微甲上4.5，下3.9供参考。算是中规中矩的，但是他是很负责任的老师，这点毋庸置疑。
160124,393,叶兴德,2022-09-13 13:07:51,-1,1,2,大爱叶老师，讲的很清楚很好，板书也很清楚！！
161214,393,叶兴德,2022-11-01 00:50:33,-1,0,1,老师很好，讲得很清楚（对比限贷）
163589,393,叶兴德,2022-12-15 12:34:43,3,3,0,讲课清晰，好老师！
164420,393,叶兴德,2022-12-21 02:27:45,1,2,1,很仔细
168735,393,叶兴德,2023-02-21 13:47:44,-1,1,2,老师讲课很仔细，很重视细节和一些定理的证明，对于微积分的学习很有帮助，最后给分也很好，十分感谢老师的教导。
169079,393,叶兴德,2023-02-24 08:37:41,4,5,1,老师真挺认真的，助教哥哥也很好\n\n就是会催眠，后面去补矿爷的课了\n\n给分比想的高耶
169683,393,叶兴德,2023-02-27 10:58:57,3,3,0,yxd老师挺好的。讲的例题是自己找的，很清晰。回答我的问题的时候很和蔼！
169938,393,叶兴德,2023-02-28 14:10:19,-1,2,3,老师讲课非常耐心细致，给分也很好。
171758,393,叶兴德,2023-04-04 07:10:26,1,2,1,老师讲的很nice
175789,393,叶兴德,2023-06-26 15:07:35,4,4,0,叶老师真的很负责，很可爱的爷爷哈哈哈哈哈，出分前来评一波，但这次期末太炸裂了，不说了只希望叶老师捞捞呜呜呜
175920,393,叶兴德,2023-06-27 06:50:55,19,20,1,10分给站长\n\n站长真的是助教天花板了\n\n老师也很不错的 对基础很重视 基本都在讲知识点打基础 不会拓展很多 但是对掌握微积分还是帮助很大的 需要提高的话可以听一下cjh的智云或者做一些题目多积累一下
176066,393,叶兴德,2023-06-27 14:21:13,15,24,9,期中48，期末＜48，绩点1.8\n\n完全不讲理的猛捞\n\n不打10分愧对我的良心
176067,393,叶兴德,2023-06-27 14:21:27,10,10,0,23夏vjf出分来评😘 \n\n是很可爱的老师😘 ，例题都是自己找的，人很好，非小测一般不点名，点名前一节课还会通知大家真的好可爱啊啊啊啊🤩 有点小口音老师也课前说了，不过不影响听课\n\n（不过上课可能需要认真听，不然很容易睡觉或者跑神orz很惭愧的是我期中考后就基本补矿爷的网课自学了，可能是我自己课堂效率低的原因\n\n助教gg很好的！怒赞！作业认真写历年卷好好做最后4.5很满意啦😘 微积分很完美地结束了（🙇 ）
176068,393,叶兴德,2023-06-27 14:21:39,6,6,0,老师上课很亲切和蔼呀~授课内容和质量也完全没问题。不过语气有点软绵绵的，不习惯的同学可能会犯困~今年期末难，感觉大捞了一把，特来好评（
176072,393,叶兴德,2023-06-27 14:24:00,2,3,1,虽然绩点没上四但还是很喜欢叶老师
176074,393,叶兴德,2023-06-27 14:44:17,2,3,1,太可爱了，还是挺捞的，讲课很好，人很可爱，很负责，爱死叶爷爷了
179614,393,叶兴德,2023-09-19 00:46:00,1,9,8,这口音已经不是南方和北方的问题了，不看ppt根本听不懂啊
182481,393,叶兴德,2023-11-16 11:27:08,1,3,2,老师讲的很细很认真，还会出一些额外的例子，助教人也特别好
183221,393,叶兴德,2023-11-23 02:22:31,1,3,2,不错的老师
184506,393,叶兴德,2023-12-21 06:13:21,45,50,5,最伟大的一集，因为未签到同学太多，删除了点名记录，伟大，无需多言
185827,393,叶兴德,2024-01-04 15:58:00,2,3,1,可以的 很和蔼的老爷爷
187072,393,叶兴德,2024-01-14 10:34:14,-5,0,5,神中神，无敌
187078,393,叶兴德,2024-01-14 11:19:16,4,6,2,有点绩杀
187083,393,叶兴德,2024-01-14 11:29:40,1,1,0,感谢叶老师的教导
187092,393,叶兴德,2024-01-14 12:23:32,3,4,1,叶老师上课很温和，会有给大家准备训练题和习题。助教哥哥人超级好耐心答疑整学期，最终给分比预想的好！！
187093,393,叶兴德,2024-01-14 12:29:58,-5,3,8,今天微甲Ⅰ刚出分，在完全葬送了一个10分大题的情况下依旧拿下5.0，而且小测做得也不好……真的是太能捞了！每次都认真听课，感觉特别有收获:叶老师会讲很多例题，同时展示很多系统性的技巧、补充不少有用的结论，自觉对解题颇具指导性意义，当然你必须仔细留心他的每一句话才能把握住这些。叶老师是一个很有爱的小老头，甚至因为没到的人太多删除点名记录；每次找他问题目，他都会在细致讲解时不断拍我的肩膀，让开始有点紧张的我瞬间轻松下来。另外再感谢一下助教哥哥！一学期问了很多可能有点智障的问题，但他每次都秒回然后码很多很多的字来给我解惑。
187094,393,叶兴德,2024-01-14 12:44:19,0,2,2,老师讲的真好，真的狠狠的在捞了，感觉听课不是很认真有点对不起他，那一天因为太多人没来就把点名取消的我也没在，虽然最后3.9。但是感觉我问心有愧啊。真是好老师！
187123,393,叶兴德,2024-01-14 14:50:14,-5,1,6,叶爷爷基本不签到，ppt都是自己做的自己找的例题，助教gg也很好，期末给分真的很不错，狠狠点了！
187133,393,叶兴德,2024-01-14 16:08:48,-5,0,5,很可爱的老师，口音听着很带感，习惯就好。\n\n平时小测寄了，但期中期末都感觉良好，点名都有去，最后喜提4.8，感谢yxd爷爷猛猛捞呜呜呜呜呜呜呜呜
187168,393,叶兴德,2024-01-15 02:25:31,-21,4,25,刚出分来评价，卡线5.0，主要期中考太低了，期末扣的应该在五分以内吧。\n\n叶老师讲课很认真，口音有点严重，但ppt做的很细致，配合ppt上的公式基本能听懂。\n\n讲课进度稍微有点慢，后面的特殊函数积分和反常积分敛散性就过的有点粗略了。\n\n期中考平均分比别的班低十分，>95的几乎没有（随便问了个班有十个），所以打9分，1分扣给助教（无恶意但我真的不知道为什么我期中这么低）
187195,393,叶兴德,2024-01-15 04:18:59,1,2,1,虽然绩点跟预估有点差别，但老师还是很好的
187391,393,叶兴德,2024-01-16 01:33:52,-1,0,1,老师上课很认真，很赞
188453,393,叶兴德,2024-01-19 04:31:59,-1,0,1,老师很认真，可惜我不是很认真，但被捞捞了
188776,393,叶兴德,2024-01-20 02:23:26,-1,0,1,口音有点重，板书不太好看，但教得扎实
188993,393,叶兴德,2024-01-21 05:23:22,1,1,0,老师不错，助教期中较为求是，给分常规。
192275,393,叶兴德,2024-05-13 09:04:16,1,1,0,老师口音略重，需要适应
192732,393,叶兴德,2024-05-29 13:46:50,4,6,2,所咧 软 听懂的人已经泪流满面
194863,393,叶兴德,2024-06-25 18:07:52,19,20,1,微积分（甲）I+II助教评价（叶老师的课没怎么听  不做评价）\n\nI 老站长好评！！！问的问题当天就会回复 而且过程详细有耐心\n\nII dwl（不好意思没公布你全名？）为什么问你问题的回复就那么差劲呢？别的不说 你最好出来解释一下？？？为什么我们班期中的均分比隔壁低4分 比别的老师班低7分  是我们班水平非常差吗？为什么补交一次作业扣3分  哪个助教像你这么当的？\n\n\n\n没必要修改语气吧我觉得  下次学弟学妹选课之前麻烦先说一下自己是哪个班的助教 再公布一下自己班期中均分 习题课安排和作业规则就行了 这要求不高嘛对吧
194864,393,叶兴德,2024-06-25 18:16:39,10,10,0,只能说有点绩杀，微1在zjf班5.0，微2在yxd班喜提3.3，均绩直接泡汤
194865,393,叶兴德,2024-06-26 01:29:03,35,42,7,dwl助教太差，老师不捞。大四毕业生到课、作业拉满，期末过了斩杀线都要继续挂，真有你的
194869,393,叶兴德,2024-06-25 18:30:47,2,2,0,ppt小结好评\n\nzyz助教gg人好😋
194872,393,叶兴德,2024-06-26 17:27:05,12,14,2,老师口音有点重，其实讲的还不错。最后分数不好是因为期末确实没考好。\n\n一个学期签到6次，6次里有5次在就行\n\n就是遇上了一个抽象的助教，期中班级均分比老师另一个班还低好几分，更不用说和其他老师班比了
194887,393,叶兴德,2024-06-26 00:35:47,14,15,1,关于给分，根据我搜集到的信息，我这里给一个客观的说法：\n\n接近挂科的会稍微捞一捞，其他。。。看你自己实力强弱了，他不会捞的。\n\n对于大多数学生来说他算不上一个通俗意义上“给分好”的老师。\n\n如果你由于各种原因考得非常差，他可能（也只是可能）不会像xry那样直接把你送走。\n\n如果你想投入很多时间成本认真学，冲击4.8/5.0，谨慎一点吧，你一个小失误可能就无了。\n\n\n\n（当然你还要确保你选上的是一个好助教，比如yzgg！！！而不是另一个老大哥。。。）
194961,393,叶兴德,2024-06-26 05:25:45,8,10,2,上课中规中矩，比较无聊容易睡着，给分求是一点不捞（平时成绩与期末成绩直接相加，这个没什么好说的，捞是情分，不捞是本分，想要冲击4.8或者5.0的要注意！），雷达点名稀里糊涂（对按时到课的同学是否公平呢？左边门进来补签，右边门出去，点名的意义何在？？？）
195292,393,叶兴德,2024-06-27 15:42:48,2,4,2,点名次数不多可以补\n\n上课我觉得还可以滴有口音但是能听懂\n\n以及zyz 助教超级好啊啊啊❤️
195468,393,叶兴德,2024-06-28 07:34:05,-27,6,33,硬实力不够不要选。硬实力够了，如果和我一样期末翻车，那等着你的就是94/4.8，dwl助教实在不行。
195507,393,叶兴德,2024-06-28 12:03:37,10,18,8,就所有老师而言，还行。就微积分任课老师而言，几乎最差。
201219,393,叶兴德,2024-10-30 10:06:54,4,4,0,叶老师讲课是偏细致的类型 因此有些拓展题会放在PPT里让大家课后自行查阅 手写投影很清楚 对待教学还是蛮尽责的\n\n24级小登也要期中考了...在自己已尽最大努力的前提下 希望那位助教老师给分善良些 球球了qwq
202227,393,叶兴德,2024-11-11 02:54:35,16,17,1,老师很好，dwl助教零分，讲题不清楚，板书乱，给分差，期中平均分比隔壁tww老师低了不知道多少，我建议是dwl当不了助教就别当。
202386,393,叶兴德,2024-11-12 12:38:42,-1,0,1,中规中矩
202393,393,叶兴德,2024-11-12 09:53:13,22,23,1,期中助教批的让人一言难尽……
202408,393,叶兴德,2024-11-12 11:46:31,15,16,1,老师是好的，但dwl助教真的难评，微甲一期中给班里批成均分73……我不好说什么了，他被吐槽这么久了不能改一下吗。。
202518,393,叶兴德,2024-11-13 03:09:52,1,2,1,大一上的时候点名都会提前一节课说，而且早十的课每次下课都越来越早爱了爱了
202679,393,叶兴德,2024-11-14 00:35:17,15,16,1,老师满分，dwl助教零分
202816,393,叶兴德,2024-11-14 13:50:20,6,6,0,对擅长自学的人来说超级友好，老师上课不提问，助教课不想去就可以不去
203223,393,叶兴德,2024-11-18 06:50:41,11,14,3,期中考试改的比别的班能低十几分，建议实力强劲的uu 选他，老师很求是，讲的挺平淡挺好的
205215,393,叶兴德,2024-12-03 03:04:53,16,16,0,助教可能觉得求是给分有助于同学学好？但是在zju的竞争压力下像我这样的普通学生将只能得到低绩点...求求捞捞吧
205877,393,叶兴德,2024-12-12 11:58:46,10,11,1,上学期上的课，坐标微甲二，来补个分。\n\n老师讲课挺清晰细致的，不过感觉说话有点口音，给分求是。\n\n然后dwl助教比较难评，习题课讲课逻辑混乱，期中改卷平均分比别的平行教学班一般低十分左右。而且这位助教平时分扣得比较多？（据说一次作业不交就扣三分？不过这点我是道听途说。。身边的朋友包括我个人都感觉自己的分数比估计的差比较多。）\n\n建议实力硬的人选吧。
206178,393,叶兴德,2024-12-13 07:13:06,5,5,0,老师会点名，一个学期大概八次，然后因为你不知道什么时候，所以基本都去..老师上课有点口音，语调有点平淡，基本按课本讲，平板上写的字有点抽象，然后顺序可能有点颠倒，很容易睡着..我的问题。然后小测比我想象的低点。
207049,393,叶兴德,2024-12-19 05:28:57,2,2,0,挺好的，上课有点无聊
207097,393,叶兴德,2024-12-19 08:32:54,-6,3,9,老师上课既注重基础，也会给出一些提高的题，而且会讲一些加深理解的内容。小测期中的知识点课上其实基本囊括了。唯一缺点可能是期中改卷基调求是，但期末如果你离60只差一点会给你捞。再说说dwl助教，其实除了期中考平均分奇低以外挺好的，回复秒回（而且什么都可以问，他什么都答），作业网上交，答案对基本满分，习题课不签到，讲的咋样不太清楚，但能感受出有点东西。关于期中考改卷，我个人感觉他只是按照正常标准在改，是其它班改的过于水了，甚至有点弄虚作假（不过在绩点制度下没办法），拿个人经历，失误写错2个答案（只错答案），另一题一个部分有点问题，以为会很低，结果有94，很多人说比估分低很多可能是他们不注重步骤甚至步骤不严谨（其实就是全错），给自己就扣个答案分。在这个绩点制度下，我推荐一般同学避开。如果你是大佬，你不仅不会吃到黑利（因为期中考实在简单），还会吃到一系列红利（习题课不签到，上课有深度，有难题随时答疑，平时分很好拿满，因为很多人看到评论跑了导致班级总体实力偏弱，小测很好拿满），为什么不选？
207674,393,叶兴德,2024-12-25 12:56:34,0,1,1,老师感觉挺呆萌的 说到有趣的数学历史的时候会忍不住发笑
207878,393,叶兴德,2025-01-10 03:52:00,0,2,2,老师有点口音，课上的倒是挺不错\n\n上课也不太管，看到有些同学在自学hh\n\n但是助教打个问号，凭啥期中能比别的班低这么多？\n\n\n\n1.10补\n\n虽然还是给老师十分，但是看到卡绩真的很难受，我室友在另一个老师那里90被捞满了
209216,393,叶兴德,2025-01-05 05:08:47,8,9,1,追求不挂科的可以来，追求高绩点的建议速润。
210801,393,叶兴德,2025-01-10 03:40:26,2,3,1,上课讲得还行，就是给分太求是了，让88分的同学比较惋惜
210810,393,叶兴德,2025-01-10 03:55:56,9,12,3,老师你怎么变捞了
210811,393,叶兴德,2025-01-10 04:14:53,1,2,1,快挂科的话老师会捞\n\n我两次缺勤三次没交作业，小测巨低\n\n被捞及格了
210823,393,叶兴德,2025-01-10 04:37:05,3,3,0,叶老很呆萌，回答问题有耐心，说话有点口音不过影响不大\n\n老师课讲得挺细的，但有时候跟书本的顺序不大一样。期中给分比较求是，均分比其他老师的班低了很多，但期末大捞了一波简直不要太感谢😭\n\n这学期助教第一节课说习题课可以不去，本人就真的再也没去过，现在看也是完全没有影响💪🏻
210827,393,叶兴德,2025-01-10 04:45:47,2,3,1,期中60分小测50分总评被捞到八十多，感觉被捞了（）
210849,393,叶兴德,2025-01-10 05:41:39,4,4,0,口音确实比较重，我作为南方人也过了差不多一个月才习惯hhh抛开口音不谈讲课确实还是不错的，有基础也有提高，会讲很多例题。助教期中给分不太好也是事实，但作业分也是没有吝啬。总体来说这学期还是不错的体验。
210884,393,叶兴德,2025-01-10 05:57:54,0,0,0,上课还可以
210958,393,叶兴德,2025-01-10 08:40:46,2,2,0,给分求是，但是我就问个成绩为什么已读不回
210987,393,叶兴德,2025-01-10 09:34:53,1,1,0,有口音，不捞人
211100,393,叶兴德,2025-01-10 15:33:01,1,1,0,老师讲课水平很高的，课程难度也适中（就是我听课不太认真（）\n\n有口音，不过后来也就习惯了\n\n期中助教阅卷巨离谱，总评卡绩88，如果期中成绩和其他班差不多应该就能上一个档了吧qwq
211288,393,叶兴德,2025-01-11 06:36:10,2,2,0,老师上课很细致，不会跟不上，有点口音但影响不大，感觉老师很呆萌，而且感觉期末被捞了
211475,393,叶兴德,2025-01-11 14:29:58,1,2,1,没捞真的好伤心，给分很求是很求是，是不赋分的类型
211489,393,叶兴德,2025-01-11 15:40:22,4,4,0,24秋冬 微甲1\n\n分数构成：20%期中+40%期末+20%作业和点到（点到6次，到5次给满分，每次一分）+20%两次小测\n\n作业只需在学在浙大上交，一般交了就给满分\n\n期中、小测都是统一命题，小测每次10道不定项选择题，少选错选都不得分，最后赋分，小测记得一定要去看去年的智云，因为每年题都类似，有些刁钻的选择题没碰到过真得未必做得对\n\n期中助教批卷，dwl助教是非常求是的，把我们班的平均分比隔壁tww班批低了十几分（我想半个学期不至于实力有这么大差距吧），如果遇到他只能求自己实力硬了\n\nyxd讲课稍微有些无聊，讲的总体还能接受，但是众所周知数院老师平均讲课水平很高，相比之下yxd讲的就显得很一般了。\n\ndwl助教确实值得一说：习题课我只听了前几节，因为实在没法接受，板书写得太乱，讲题逻辑不太行。但是另一方面他习题课会补充课外知识，课后也会发手写的习题解答，看上去应该是认真准备过的，可能单纯是讲课能力还待提升。消息确实秒回（90%以上时间极快，你图片刚发还没来得及打字他就已读了），但是大多时候就回几个字，感觉是他一看到这个题的思路，有时未必真的能往下做，他也未必尝试过这样做。
211576,393,叶兴德,2025-01-12 02:53:36,3,4,1,两次小测40最后还能上4，但是是88有点惋惜，感觉还是有点捞的
212922,393,叶兴德,2025-01-15 09:13:59,0,0,0,老师的授课水平没有任何问题，讲的也是十分清晰易懂的，而且我们第一次签到好多同学不熟悉他还把第一次签到取消了，给分的话如果自己什么都没有学会的话就不要怪老师不捞你，老师说微积分期末考的及格线在35分左右，只要认真听课肯定不会挂的
213531,393,叶兴德,2025-01-18 05:36:11,3,3,0,可选，但是不推荐吧。\n\n点名挺多的。口音问题倒没那么严重，我一个北方来的都能听懂。\n\n讲课似乎都是课本上比较基础的内容。\n\n给分可能跟助教有点关系，主要是期中考试的成绩给的不好，平均分比其他班低很多。导致总评没达到预期。
213865,393,叶兴德,2025-01-20 14:28:02,5,5,0,dwl零分
214173,393,叶兴德,2025-01-27 01:53:04,2,2,0,据说点名因为没点的太多所以取消？那怎么期中成绩不能因为反馈的太多重批？怎么就平均分差那么多装不知道咩？非常“求是”的老师，讲得确实好但还是逃吧
217229,393,叶兴德,2025-04-05 09:24:31,0,2,2,真的不知道为什么这么低
218286,393,叶兴德,2025-04-22 10:58:34,2,2,0,不知道为什么这么低的那位，等出分的时候你就知道了
219417,393,叶兴德,2025-05-27 08:07:58,0,0,0,无需多言
219646,393,叶兴德,2025-06-03 04:18:44,2,2,0,25春夏vjf甲2，老师说只会雪中送碳，不会锦上添花，只有差几分及格的人可以捞，捞也只会捞签到分
220493,393,叶兴德,2025-06-18 08:37:37,3,3,0,级嗽！函嗽！嗽小！\n\n素咧搜念～\n\n辣嗝啷日～！
220606,393,叶兴德,2025-06-19 01:33:32,0,1,1,还差三分及格，这老师不会捞的
220610,393,叶兴德,2025-06-19 01:53:15,0,1,1,感谢叶老师雪中送炭把我捞及格了
220654,393,叶兴德,2025-06-19 05:39:46,1,2,1,上了老师两个学期的vjf，简单评价一下\n\n老师讲课讲得很好，会讲一些自己的补充题。第一学期点了六次名，五次签上即可拿满；第二学期点了五次，五次都要签上。小测必须到场，会开雷达点名（有次小测让纸质签名来着）。作业满分是十分，容易拿满。第一学期期中貌似压分了，均分比其他班低了将近十分，第二学期均分也不是很好看（）\n\n总评给分比较求是，真的只会捞及格边缘的（）
4173,483,邹卫华,2015-06-18 03:05:10,-2,2,4,绩点小天使
8437,483,邹卫华,2015-09-21 08:53:17,-2,0,2,…………被正太了
14553,483,邹卫华,2016-01-07 14:53:40,3,3,0,上了老师退休前最后一节课！
18278,483,邹卫华,2016-01-21 11:19:10,1,1,0,老师人很好，讲的也不错，很关注股市。
33332,483,邹卫华,2016-09-18 09:45:01,0,0,0,好^_^^_^
612,488,王成波,2015-03-15 07:17:35,2,18,16,讲成这样还给分低 啧啧啧 点根蜡烛
1469,488,王成波,2015-03-22 06:11:42,18,30,12,教的不好
4918,488,王成波,2015-07-01 00:20:04,34,42,8,老师科研很屌，人也很好，就是讲课有点。。。。。\n\n
5760,488,王成波,2015-07-09 08:48:11,1,9,8,给分差
5834,488,王成波,2015-07-09 14:46:10,3,12,9,教的好
12069,488,王成波,2015-12-21 15:36:51,-7,3,10,
13542,488,王成波,2016-01-07 01:49:49,1,10,9,好好好\n\n
14239,488,王成波,2016-01-05 14:43:31,2,9,7,好好好
14338,488,王成波,2016-01-06 11:57:53,2,9,7,好好好
14402,488,王成波,2016-01-07 01:49:49,2,8,6,好好好
14408,488,王成波,2016-01-07 02:16:50,79,86,7,老师很厉害，但不是适合教学，希望学校善用！
14532,488,王成波,2016-01-07 12:27:08,2,8,6,好好好
14864,488,王成波,2016-01-10 11:00:36,4,9,5,板书清楚点就好了
15173,488,王成波,2016-01-12 11:55:43,53,62,9,无讲课技巧，但用心在教学生，也很认真负责，而且个人科研水平非常高。\n\n反正我是成波哥哥脑残粉。
15589,488,王成波,2016-01-15 13:19:09,6,10,4,自学万岁
15722,488,王成波,2016-01-16 07:46:30,-4,4,8,讲课渣，但梗多，有趣
15815,488,王成波,2016-01-16 10:23:11,8,10,2,很流弊，但是我听不懂……
15871,488,王成波,2016-01-16 13:03:25,1,6,5,6666
16002,488,王成波,2016-01-19 05:40:18,1,6,5,666
16119,488,王成波,2016-01-17 08:50:09,-1,3,4,虽然给分不好 但我还是超爱成波的～
16204,488,王成波,2016-01-17 13:19:40,159,166,7,你根本不知道什么是真正的力量
17006,488,王成波,2016-01-19 12:23:40,43,47,4,你看见我的哈密顿系统了吗？
18724,488,王成波,2016-01-22 12:02:56,1,4,3,不知道什么是真正的力量╮（╯＿╰）╭\n\n他让我感觉常微好难T_T
19323,488,王成波,2016-01-24 01:38:11,3,8,5,你根本不知道什么是真正的力量。。
21743,488,王成波,2016-03-01 02:42:50,-2,1,3,讲的不好，但是课下交流还是很亲切的
22153,488,王成波,2016-03-02 15:20:51,2,6,4,好好好
23148,488,王成波,2016-03-20 08:00:54,1,5,4,666
24196,488,王成波,2016-04-28 07:39:22,4,10,6,老师自己说自己算的好像有点乱。\n\n确实很乱，野蜂飞舞。\n\n我反正给1分。
24212,488,王成波,2016-04-28 11:33:48,4,6,2,讲课稍显死板，但是个人水平高
25272,488,王成波,2016-05-09 06:56:28,3,5,2,好好好
25282,488,王成波,2018-01-17 13:59:32,-41,5,46,傻逼老师
25283,488,王成波,2016-05-09 07:39:10,7,8,1,老师很流弊，但是听不懂
25368,488,王成波,2016-05-16 05:55:04,-2,1,3,..ddd
25401,488,王成波,2016-05-17 07:40:05,1,6,5,讲得太好。十分细致。就是板书差了点
25883,488,王成波,2016-06-13 06:58:14,2,5,3,单词背了嘛？记得带本大英，别总水手机！
26643,488,王成波,2016-06-20 13:29:52,0,4,4,吊了一比，好老师，不多说
27040,488,王成波,2016-06-22 11:10:39,1,3,2,我想要体会真正的力量
29229,488,王成波,2016-06-29 12:55:01,1,2,1,老师很牛，但讲课听不懂..
29484,488,王成波,2016-06-30 01:11:36,-2,0,2,哈哈哈\n\n
29496,488,王成波,2016-06-30 01:40:20,-2,1,3,自学成才
30843,488,王成波,2018-01-17 11:03:50,5,6,1,老师人真的很好！
31839,488,王成波,2016-07-05 03:56:13,3,5,2,老师讲的不错人也帅还会问有什么问题么，跟得上估计感觉还好可是我比较水，最后分也就不好不过常微分比较靠自己的
31848,488,王成波,2016-07-05 04:13:22,0,4,4,讲道理，给分什么的，还不是看自己有没有好好学
31852,488,王成波,2016-07-05 04:21:49,0,3,3,喜欢记笔记的有福了，虽然不擅沟通，但我又可以做出笔记了，笔记控表示很开心
31853,488,王成波,2016-07-05 04:23:48,0,2,2,上课很有意思，幽默的老师
31870,488,王成波,2016-07-05 04:49:46,-9,5,14,老师真的很好，只要上课认真听，课后稍微看一看，做做作业，考前刷一下题，不会的问问老师，轻松90+
31881,488,王成波,2016-07-05 04:59:09,0,3,3,给分不错
31883,488,王成波,2016-07-05 05:07:55,2,3,1,人好，讲不太明白，出的题，才是真正的力量。。。反正我不会
31884,488,王成波,2016-07-05 05:14:52,0,0,0,不明觉厉
31885,488,王成波,2016-07-05 05:16:28,-1,0,1,。。。
31886,488,王成波,2017-09-17 10:11:53,-12,6,18,老师人挺好的，不过说实话讲课讲的不是很清楚，板书比较乱。给分挺好的，平时没学，最后学了一天给了90hhh
31889,488,王成波,2016-07-05 05:22:01,0,4,4,考成一坨屎，居然还有3.6超开心
31925,488,王成波,2016-07-05 07:22:35,1,2,1,讲得真的很棒，思路很清晰
32041,488,王成波,2016-07-05 12:55:53,-10,13,23,老师讲的很细致，还有总结和前两年试题解答在主页上。虽然可能上课有时候会出错算不出来。但是老师超级棒，会在课后更正。成波真是男神。期末考跪了以为要挂科竟然还有90，没怎么拉低绩点，太感动了
32527,488,王成波,2016-07-07 11:24:20,1,2,1,讲课不是很好，但老师很亲切，有种老学长的感觉
34371,488,王成波,2016-10-08 04:53:22,0,2,2,特别好
34545,488,王成波,2018-01-24 13:29:04,-12,15,27,不怕某些人骂我，就评判老师的标准来讲，此人实在是垃圾中的极品.
34878,488,王成波,2016-10-26 05:20:59,36,38,2,“有没有...问题？”
38693,488,王成波,2016-12-15 01:31:29,-16,6,22,老师讲课是不大好，比较沉闷，上个学期的小常微感觉自己真正听进去的就两三节课，但是老师很负责。关心学生，同时又有历年试题，还有很多私货。最后给分巨好，考试的时候我有一道题不会写，有两道题算错了最后居然得了4.8，简直感天动地
38972,488,王成波,2016-12-20 06:35:29,27,29,2,看见我的Arzela-Ascoli引理了吗？看见我的p判别法了吗？看见我的柯西存在唯一性定理了吗？
42601,488,王成波,2017-01-14 13:58:38,3,4,1,听不懂
43926,488,王成波,2017-01-17 06:31:34,28,30,2,讲真，，，，他讲课我完全听不懂，，，，什么哈密尔顿系统简直在逗我，，，听课是不可能听课了，复习什么的又不会，只能靠看看往年题维持学习的样子，，，然而，往年题的作用只有告诉你这些都不考，，，，反正最后是低分过了，，，常微真的好靠自己的，，，
43985,488,王成波,2017-01-17 07:34:27,9,11,2,上课听不懂，自己看书也不怎么懂，期末低分飘过，成绩被拉的很低，让我怀疑人生…如果你不是有良好预习习惯或者听课特别积极能跟进的慎选
44006,488,王成波,2017-01-17 07:54:27,33,36,3,王老师在出题方面清新脱俗，以此鼓励学生思考和挂科
44033,488,王成波,2017-01-17 08:32:49,14,14,0,平均分五十几分的卷子竟然没调分。。创下绩点新低的我一脸懵逼
44520,488,王成波,2017-01-18 02:20:04,12,12,0,虽然他很萌但是讲的差给分差是事实。
44607,488,王成波,2017-01-18 04:12:56,0,1,1,。。。
45352,488,王成波,2017-01-19 12:31:52,14,14,0,感觉是讲课中规中矩，吸引力一般般，坐在后排能认真听课的概率强收敛于0。这次小测和卷子都难，看在不是他出的卷，给8分吧……调分是没看出来，2.7路过，就这样。
46205,488,王成波,2017-01-21 02:18:43,2,3,1,老师人很亲切，像同学一样，科研水平极高，不过讲课确实比较沉闷，很难完全跟得上他的思路。虽然常微分这分数，也不能怪他太多了……
46809,488,王成波,2017-10-23 14:50:57,44,58,14,他差点挂了我女朋友
46946,488,王成波,2017-01-23 04:47:46,-1,1,2,平时分感人！！我爱波波！！！
52418,488,王成波,2017-06-20 02:42:14,1,2,1,波哥上课有点紧张，写的字如果不听肯定看不懂，不过人还是挺牛逼的
63748,488,王成波,2017-12-14 02:56:39,19,19,0,王老师很认真，也很厉害！但是！听不懂他的课！并不是因为常微分本身听不懂。。今天王老师出差换了张挺老师代课！妈耶醍醐灌顶！把我从半学期以来做晕车的状态解救了出来！只是抒发一下个人感受，对不久以后的王老师的继续代课和常微分考试感到瑟瑟发抖(*꒦ິ⌓꒦ີ)\n\n
64127,488,王成波,2017-12-21 04:43:27,4,7,3,助教小测乱改，习题讲不清楚经常被成波怼，评分不统一，上次小测还说：这道题用了定理太简单了，所以我们要先证明一下定理。我认为它并不适合当助教
67883,488,王成波,2018-01-22 08:46:04,16,16,0,距离下考还有10分钟，看看自己还有什么会的吗？\n\n你不用看别人的了，一不会，大家就都不会。就算你看到了，他也可能是错的。
67947,488,王成波,2018-01-22 11:05:16,7,8,1,考完2018数院大常微来评一下，看看这次调不调分…
69102,488,王成波,2018-01-24 08:25:55,4,6,2,波哥太帅了，虽然平时讲的可能有点难，但会把每节课的讲义都发到网上，给分很好?‍♀️
69270,488,王成波,2018-01-24 11:46:48,3,5,2,趁着常微出分前答，怕出分了太沮丧没心情评价了。。大概从第三章开始没有听懂过课，不管小测还是期末考都是凉凉，但还是很喜欢成波哥哥。成波哥哥真的很可爱＆有人格魅力，可能确实不怎么会教书，但是可以看出来他有很努力想教好我们，上课的时候也会想办法和下面的同学互动。。是成波哥哥的脑残粉啦(๑´ㅂ`๑)
69401,488,王成波,2018-01-24 15:09:28,10,10,0,一旦同学跟上wcbdl的节奏，他比同学还兴奋233
69616,488,王成波,2018-01-25 05:32:34,6,8,2,王成波爸爸对我太好了?  ?
69624,488,王成波,2018-01-25 05:43:02,4,6,2,上课比较深奥，考试调分了。
69795,488,王成波,2018-01-25 11:51:36,0,1,1,居然调分了你知道吗
69874,488,王成波,2018-01-25 15:07:08,8,8,0,给分也就那样吧。上他的课能体会到什么是天注定的。最后一节课讲去年的卷子，用了个很复杂的方法，看的我们一脸懵逼。他说:“其实我考试是能做出来的”，然后露出了诡异的笑容。这次期末考试，他说:“同学们，这次计算很简单，记得代回去检验一下。”我当时就觉得不对了，最后！果然是反话！！神他么说不考的广义幂也考了(当然用这个是能做出来的，我相信了他，没有用这个，最后果然没做出来)。人很有趣，只是讲课特别混沌，看看他的授课笔记自学就行，至于听课，你会发现你和他不是一个世界的，你能感受到什么是真正的力量。
72788,488,王成波,2018-01-31 05:34:31,15,15,0,数院吴朝晖...
73647,488,王成波,2018-02-02 09:17:40,2,2,0,很好的老师，每次去提问，感觉他都能清楚地理解我的问题，然后切中要害地回答。即使问题很幼稚，他也会耐心解答。上课虽然进度快，但是多和老师互动互动，自己努力一把，还是跟的上的，我数学水平一般，常微是为数不多的几门让我感觉收获颇丰的数学课。
73703,488,王成波,2018-02-02 17:49:18,0,6,6,对数院同学的劝告：老师水平真的很高，就是不太擅长表达，上课基本没听懂过，考试基本靠自己。平时有两次小测，期末会调分，建议选张挺的课。
75449,488,王成波,2018-03-12 03:23:24,3,3,0,别听就好
75461,488,王成波,2018-03-12 06:28:37,1,1,0,听不懂……
77009,488,王成波,2018-04-28 08:43:31,10,11,1,黑板演算堪比光速（崇拜脸
77093,488,王成波,2018-05-02 02:32:11,0,1,1,趁成绩没出来，给成波霸霸一个好评。\n\n讲道理认真听是能听懂的，虽然成波霸霸的语言表达能力可能不太好。\n\n但还是成波霸霸的脑残粉
77219,488,王成波,2018-05-04 02:08:00,2,3,1,听课一定要预习，这么好的老师不能荒废，不预习那你就是在听天书，老师水平很高，表达有点不够好，但是慢慢你会发现这是一个博学多才的老师，有魅力。\n\n
77257,488,王成波,2018-05-04 07:12:11,2,3,1,老师挺帅的啊。虽然讲课有点，，但很厉害（带点可爱）啊
77258,488,王成波,2018-05-04 07:24:33,7,7,0,老师很厉害没错 但是有一说一 上课根本听不懂 也没有调分
77262,488,王成波,2018-05-05 09:30:34,8,11,3,可能自己被上学期的微积分和线代老师惯坏了以为师生情是正常的，常微分考完虽然计算量很大导致还是没完全做完，但感觉卷面分应该比上学期微积分和线代高不少吧，然而绩点一出来刷新最低记录
77289,488,王成波,2018-05-04 11:08:03,3,7,4,刷新绩点新低！！！平时作业全部按时上交得分也全是A，没想到考完试绩点出来不是一般的低emmm，差点就挂掉了！感觉自己的努力都是白费
77293,488,王成波,2018-05-04 11:42:56,4,6,2,唉老师看着满和善的，分数给的低是自己的问题吧……不说了唉好好准备补考
77300,488,王成波,2018-05-04 12:35:37,-20,0,20,老师很可爱，作业全交了。\n\n没满。
77312,488,王成波,2018-06-28 02:24:06,3,7,4,讲的根本听不懂，毫无师生情，呵呵了
77538,488,王成波,2018-05-06 10:52:40,2,3,1,讲的还行，课后答疑也挺有耐心的。\n\n但是！平时分和其他老师比差好多。至于期末调分，考完第二天出成绩，自己体会。
77613,488,王成波,2018-05-07 02:15:42,-2,2,4,很有力量，教的不错。
77618,488,王成波,2018-05-07 02:29:31,4,4,0,你渴望力量吗
77811,488,王成波,2018-05-08 02:39:36,6,8,2,大概没有平时分。考几分给几分\n\n
78315,488,王成波,2018-05-11 01:12:57,2,6,4,十分。老师上课时说话有些磕磕绊绊，这确实对于听课的人来讲不太舒服。很多人说不知道他在讲什么，我是不认同的。我数学不好，但是我每一节课都尽力跟上他的思路。相信我，期末考试复习的时候，你会发现，他上课讲的许多神奇的思路简直超越课本许多。但这些思路需要你自己仔细听出来
79088,488,王成波,2018-05-22 12:07:15,3,4,1,老师还是很认真负责，虽然看得出来不大擅长讲课
84506,488,王成波,2018-07-13 04:21:36,-3,1,4,讲课确实一般 但课前预习下 课后作业认真做 考前背背公式 刷刷题 上四还是没问题的
91307,488,王成波,2018-12-05 10:23:19,5,5,0,本质上来说都是简单的【冷漠脸
91796,488,王成波,2018-12-20 08:00:17,2,3,1,一个还没期末考就让我抑制不住来打分的老师
93214,488,王成波,2019-01-08 06:48:48,3,4,1,彻底佛了，每次上课前好好看书想认真听懂，然后就听了20分钟就放弃了，彻底不知道他在干啥。
94745,488,王成波,2019-01-22 14:58:09,15,16,1,挂了。
94767,488,王成波,2019-01-18 05:41:02,12,12,0,王哥行行好，求求您调分\n\n
94951,488,王成波,2019-01-25 12:33:54,37,38,1,求问一下王成波同款墨镜（变色眼镜）哪里买的？
96026,488,王成波,2019-01-20 11:38:06,3,3,0,一定要预习，跟着王老师走，感觉老师延伸了一些东西，讲的还是很好的!希望给我一个不错的绩点，算是这一学期的回报。
96489,488,王成波,2019-01-21 05:10:01,0,0,0,调分也拯救不了我的常微分了……
97254,488,王成波,2019-01-22 07:29:26,3,3,0,调分也救不了的菜鸡飘过~
97270,488,王成波,2019-01-22 07:35:11,0,0,0,听了两节课放弃了...之后靠自学，讲课不明觉厉，实在听不懂，可能是我太菜了吧，说实话上课感觉没什么人在听啊。另外，期末不调分，挂了很多人，考前做了几套题还是可以飘过的吧（大概）
97290,488,王成波,2019-01-22 07:52:57,0,5,5,老师其实一直在尝试和大家互动，向老师请教问题老师也很热心。以及最后期末考看起来还是有调分的( ･᷄৺･᷅ )
97407,488,王成波,2019-01-22 08:40:34,10,10,0,期末考感觉还行啊，为什么最后分好低。。。还是我太菜了，wcb似乎不调分
97592,488,王成波,2019-01-22 11:45:16,-30,5,35,老师是好老师，就是期末出的太简单了。就没学习都能满绩。
97691,488,王成波,2019-01-22 13:39:55,2,3,1,能不能调一波分啊
97778,488,王成波,2019-01-22 15:53:58,7,12,5,感谢王老师的教学，王老师每次解答我的疑惑都很热情，这一学期花了很多时间学习常微分，因为一开始就听说很难，最后拿了个满绩，挺感动的，建议以后的学生可以考虑预习一下，王老师讲的比较快，可以提前看一看他的讲义，祝好。
98565,488,王成波,2019-01-23 15:00:21,4,4,0,q类ode 平时上课完全听不懂，到期末临时自救。看讲义才发现老师的思路无敌牛逼，怪自己菜。期末调分了，救我狗命。人超好。
98656,488,王成波,2019-01-23 16:46:12,10,10,0,2分求是的ODE，听课痛苦，不知所云。但其实老师还是有水平，不过不太适合教学吧。有些大佬不要误导风向，大多数两分的ODE的同学不会投入那么多的时间在ODE上，很多同学都是学不懂的状态。
99638,488,王成波,2019-01-25 04:22:34,2,2,0,老师人挺好挺厉害，就是听不懂，给分很求是不调分的
99831,488,王成波,2019-01-25 08:11:14,1,2,1,我本来是要打1分的因为课太难讲太差是我一学期的噩梦 。。。可在我小测比平均低20作业全是B的情况下竟然调了这么高的分？！浓浓师生情啊！
121669,488,王成波,2020-01-20 11:06:06,0,1,1,波波你泛函还没登完分吗，每天一点查得我好急啊
122909,488,王成波,2020-04-20 03:46:45,3,4,1,科研上，听王晓光老师说叶和溪老师已有成果被数学四大刊Annals接收。前面的评教，所谓“厉害”得改改了……
123139,488,王成波,2020-05-12 11:16:58,5,7,2,推荐 张挺老师的常微分
127863,488,王成波,2020-11-29 06:36:36,3,3,0,阿巴阿巴，太难顶了
144212,488,王成波,2021-12-20 13:01:20,0,0,0,000
145308,488,王成波,2022-01-08 15:50:43,9,9,0,给普通数学系教的ODE，实际上比张挺教的求数ODE内容还多，张挺那边习题课是助教讲的，王的习题课他自己讲，助教每周五会再直播半小时讲习题。\n\n如果说讲课（内容）水准，是我见过最高，最负责的。\n\n\n\n不过这次考试让Hahn-Banach成为了我永远的痛。
146231,488,王成波,2022-01-06 03:05:55,4,4,0,虽然说泛函上课挺有心的，但感觉对学生水平预估不足，期中助教瞎判，期末不考默写导致试卷难度较大，总之不太建议在他单独开课时选他
146373,488,王成波,2022-01-06 11:05:08,3,3,0,祝20级强基数学的学弟学妹们好运
146679,488,王成波,2022-01-07 07:44:47,6,6,0,喜提大学最低绩点，去年还是背诵默写，今年怎么就数学竞赛了
147352,488,王成波,2022-01-09 16:02:56,5,5,0,老师讲课很认真，讲义也很认真，但是太难了
147371,488,王成波,2022-01-10 00:50:49,20,20,0,忏悔时间到，我们一起来祷告
148457,488,王成波,2022-01-12 14:08:30,2,3,1,真的是水平很高的老师了，虽然上课经常性跟不上（是我自己的问题啦）最后期末给分还是不错的！
149698,488,王成波,2022-01-16 12:49:09,4,6,2,老师是好老师，skr助教却是神坑
150584,488,王成波,2022-01-31 07:00:56,5,5,0,虽然应该不至于，但还是提醒一下学弟学妹，常微分方程甲和泛函分析是秋冬和春夏都开课的，要是觉得老师不合适，润了问题不大
154635,488,王成波,2022-06-02 15:03:58,3,4,1,就是那个想润的，现在泛函只开一个学期了
156156,488,王成波,2022-06-18 03:42:06,3,4,1,常微分留：21年调分力度应该挺大？卷面有一个10分附加题，，以及“正确的作业序号将作为平时成绩的加分项”\n\n讲义很清晰，助教习题课和作业详细解答超级赞！！！
179740,488,王成波,2023-09-19 15:59:27,10,10,0,感觉讲得不清晰，板书看不懂
181875,488,王成波,2023-11-03 05:07:36,5,8,3,某助教是不是特别缺乏存在感？这么急
182288,488,王成波,2023-11-14 06:03:07,4,6,2,老师很好，zj……
183010,488,王成波,2023-11-21 12:07:23,4,5,1,感觉老师课讲得还行，但推荐ztgg
188828,488,王成波,2024-01-20 06:16:40,9,10,1,给个8分吧 老师很厉害 科研水平真的很高 能看出来对上课的认真 但教学时感觉大部分同学都不是听的很懂 板书也不是很清晰 最后给分应该时稍微捞了一下的 还是感谢老师一学期的教诲！
192892,488,王成波,2024-05-31 10:14:02,1,2,1,cb哥哥给分很好，讲课有点拉，说话有点含糊
193934,488,王成波,2024-06-21 02:18:57,1,1,0,试卷质量很好，明年再来。
207055,488,王成波,2024-12-19 06:01:23,2,3,1,讲课水平是真的低啊，上课跟催眠一样讲话口吃还含糊
218917,488,王成波,2025-05-13 08:39:13,0,0,0,为啥不开广义函数论了（只有22-23春开过一次）？我堂堂ZJU本科竟然开不出一门讲分布理论的课，说出去不是丢人吗？
490,498,钱英,2015-03-15 03:14:10,2,25,23,大学里的第一节课就是他的线代，清楚的记得他一上来就照着书念了一节课...略带口音
1550,498,钱英,2019-01-18 10:28:52,-46,42,88,最烂数学老师
4002,498,钱英,2015-06-17 13:11:37,-6,7,13,线代很惨。。。根本不知道学了点什么
4120,498,钱英,2015-06-18 00:21:12,-24,4,28,煎熬
4759,498,钱英,2015-06-27 15:14:31,-24,6,30,上过最垃圾的老师。\n\n
5530,498,钱英,2015-07-08 05:25:09,-7,10,17,没听过，自学的
5910,498,钱英,2015-07-10 01:54:34,-18,6,24,他把书按乱序读了一遍
5919,498,钱英,2015-07-10 02:32:13,2,18,16,上课语音语调很平，没有热情。但是估计到教学成果不行，给分还可以。
7352,498,钱英,2015-09-21 02:39:34,-7,5,12,你上了课，你就明白了。
7394,498,钱英,2015-09-14 07:01:10,9,11,2,前排说的对a
7669,498,钱英,2015-09-15 08:17:46,75,81,6,完全不看书本 流弊
7857,498,钱英,2015-09-15 23:47:58,6,9,3,大三重修了一次他的课，感觉比大一听他课时，讲得好了一些。。
8444,498,钱英,2015-09-21 10:04:27,33,40,7,老师讲得很好的，不喜勿喷
8789,498,钱英,2015-09-27 14:04:46,-22,4,26,这老师怎么会有4分呢？…讲道理的话我现在很苦恼评不了0分只好昧着良心打了1分，唉…
8955,498,钱英,2015-10-04 16:23:06,3,3,0,还好啦
8980,498,钱英,2015-10-08 03:19:19,2,3,1,困，但不水
9073,498,钱英,2015-10-12 06:13:29,12,13,1,下午第一节课，困，但课上的挺好。
9584,498,钱英,2015-11-02 07:26:42,39,51,12,竟然提前一节下课…
9918,498,钱英,2019-09-16 07:04:26,111,116,5,语调平平，但对学生很有耐心。教课也认真，仔细听的话还是学到不少
10849,498,钱英,2015-11-23 07:13:01,16,18,2,不水 很好
11298,498,钱英,2015-11-26 10:54:21,-20,1,21,废老師 再度
12027,498,钱英,2015-12-21 14:08:54,-11,4,15,睡吧少年，不怪你
12108,498,钱英,2015-12-23 03:50:13,24,26,2,线代其实都是这样了，本来就是新知识，自己学不好也不能怪老师啊～
12644,498,钱英,2015-12-23 18:31:03,63,67,4,还蛮温柔的一个老师啊，不愠不火的，在678节课将同学们催眠了也不能全怪他啦，其实讲的挺好的
12939,498,钱英,2015-12-24 11:04:46,27,32,5,给分好，作业要求不高，就是上课太催眠了
13086,498,钱英,2015-12-24 23:48:21,35,39,4,我怎么觉得老师很棒呢 给分也不错
13157,498,钱英,2018-08-24 12:53:12,256,287,31,如此给力的老师你们竟然给分这么低？！对得起老师平时只要交本子平时分满分的豁达，不看书都能讲的头头是道的水平么！
13168,498,钱英,2015-12-25 04:09:59,87,93,6,这明明是个不错的老师，不要因为你们不认真得了低分就说人家不好好吗！
13171,498,钱英,2015-12-25 04:17:17,32,36,4,这么赞的老师怎么能这么低分呢！！！？
13182,498,钱英,2015-12-25 05:33:19,-10,3,13,讲的太快，基本不考虑学生的死活，每次提前下课都比其他班上得快，不过作业是真不多
13347,498,钱英,2015-12-27 06:40:14,-5,1,6,呵呵哒
13420,498,钱英,2015-12-28 03:03:20,76,82,6,默写教材大王
13449,498,钱英,2015-12-28 06:05:46,18,18,0,虽然下午上课的时段比较容易困，不过克服了认真听还是有不小的收获的，问问题老师也能很耐心的解答，个人觉得钱老师很赞。
13463,498,钱英,2015-12-28 07:01:23,2,2,0,不用课本，有自己独特的思路，很棒
13465,498,钱英,2015-12-28 07:06:59,0,3,3,字写的不怎么好，后排完全看不清
13772,498,钱英,2015-12-30 23:51:58,-8,3,11,没有感情，没有条理，把课本乱序念了一遍，真是坑爹啊。
14477,498,钱英,2016-01-07 08:23:07,1,2,1,非常好的老师，水平很高
14934,498,钱英,2016-01-11 06:06:45,2,2,0,说的很有道理
14952,498,钱英,2016-01-11 08:09:42,-5,0,5,因缺思厅
15343,498,钱英,2016-01-14 03:24:38,-1,6,7,啊！周公！我又来了！在每一堂钱老师的课上与您准时相约！请原谅我第一堂课的爽约，可这以后的日子里，我们不都是不离不弃，不见不散的吗？！
15470,498,钱英,2016-01-14 14:08:20,13,13,0,Astar
16229,498,钱英,2016-01-17 14:06:48,0,1,1,上课挺好的，虽说语调平了点
16679,498,钱英,2016-01-18 17:31:08,2,2,0,老师人很好啊有目共睹   但是我自己没努力。。。考前概念都记不清。。最后3   不知道卷面所以不知道平时分给分怎样
16704,498,钱英,2016-01-18 23:57:30,3,4,1,讲的还行，复习课不错，给分好 就是678上课太催眠，有时候稍微有点啰嗦
16715,498,钱英,2016-01-19 00:28:16,1,1,0,给分挺好的老师，虽然没怎么听课
16763,498,钱英,2016-01-19 02:36:52,14,15,1,解答学生问题还是非常清晰有条理的 也很耐心 人很nice 上课我感觉也不错 就是语调太平淡了 不是很激情 可能有点催眠 总体上还是不错的老师
16817,498,钱英,2016-01-19 04:27:02,-18,0,18,不负责，问题解答不了，还抽烟
16877,498,钱英,2016-01-19 06:48:51,7,8,1,挺好的，作业不多，就是讲的有点快。
16922,498,钱英,2016-01-19 09:15:11,60,64,4,钱英老师伴我度过了残酷的大学第一学期，真的很感谢他这一学期的辛勤教导，最后一堂课一定要去听，讲了好多典型的试题。要想考的好，主要看自己努力
17186,498,钱英,2016-01-20 00:29:41,3,5,2,整个风格比较平淡吧，又是线代这样的课，所以的确有些枯燥。但老师还是很有耐心的，还经常提前下课。
17247,498,钱英,2016-01-20 02:35:40,3,3,0,上课很认真，讲的细致、连贯，答疑非常耐心，收获很大，很不错的老师。
17292,498,钱英,2016-01-20 03:47:15,3,3,0,老师上课讲得很认真，黑板板书写得很不错。给同学解答题目非常有耐心
17388,498,钱英,2016-01-20 07:16:39,2,2,0,除了有催眠效果都可以，良心老师。线代这门课学不好不能怪我老师，每个老师都一样的。
18562,498,钱英,2016-01-22 04:29:34,2,3,1,老师很好 自己要注意听 字有时候比较小 尽量往前坐效果好
18611,498,钱英,2016-01-22 06:21:54,-15,0,15,给分太不给力了。
18980,498,钱英,2016-01-23 02:00:04,5,6,1,上课就是把课本的东西讲一遍，但不会乱；多半靠自学，最后两节课听还是有意义的
20753,498,钱英,2016-01-31 03:24:10,7,9,2,老师你板书字能写大点吗。坐在课室后面一个都看不清楚地说.........
21753,498,钱英,2016-03-01 03:31:21,2,5,3,好老师。某些人别因为自己蠢或不努力分不高就怪老师行吗？跟你同班的那么多满绩的还不是一个老师教出来的
21922,498,钱英,2016-03-01 22:30:33,2,2,0,老师挺好的
21937,498,钱英,2016-03-02 00:53:03,2,2,0,nice
22076,498,钱英,2016-03-02 09:15:12,-7,2,9,太无聊了
23892,498,钱英,2016-04-20 09:07:59,1,2,1,讲的挺好 考的差别怪老师
26194,498,钱英,2016-06-16 08:03:17,3,6,3,刚开始听课的时侯觉得老师讲课通俗易懂，只是后面开始不听课了。自己认真的话这个老师很不错。最觉得感动的地方…每次没人带走的作业老师都会不嫌重地拿走，下次再拿来。。。
26764,498,钱英,2016-06-21 05:12:47,1,1,0,讲得很细致\n\n
28427,498,钱英,2016-06-28 08:57:17,0,2,2,课催眠，其他极好。自学成才\n\n
28856,498,钱英,2016-06-28 23:57:55,0,0,0,加油加油！
29908,498,钱英,2016-09-19 00:56:05,-8,3,11,不给我高分我怎么给他高分，就让那些所谓“聪明”的人给高分吧
30889,498,钱英,2016-07-27 03:11:00,50,50,0,没见过这么猛的师生情
31016,498,钱英,2016-07-03 06:15:40,0,0,0,回答问题很耐心的老师！虽然没怎么去过课，讲道理678的课很容易困。但是最后两节复习课还是很不错的。给分也很厚道。
31055,498,钱英,2016-07-03 07:23:56,1,1,0,老师挺好的，平时分好像都是给的满的、只要交本子就给分，讲课很认真，可能就是老师的音色比较平，确实有些催眠，而且会在最后几节课总复习，讲一些典型的例题，蛮不错的。
31327,498,钱英,2016-07-03 16:10:57,1,1,0,只要交了本子平时分就是满分，主要看自己的态度，好好学，最后结果不会差
31679,498,钱英,2016-07-04 12:51:42,2,2,0,老师挺好的！虽然我的线代基本靠自己补天
32592,498,钱英,2016-07-08 03:09:57,1,1,0,老师人很好 很和蔼 讲课不看课本 复习课都是经典。线代本身课也就是那样了 老师不错的
33404,498,钱英,2017-02-24 23:54:38,-3,0,3,平淡，会发困。
33441,498,钱英,2016-09-19 10:24:25,-2,1,3,上课照着课本念就算了，还乱跳章节。\n\n不过平时成绩是不错的
34029,498,钱英,2016-09-26 02:31:01,0,0,0,讲课纯手写，这样的好老师去哪里找。
34037,498,钱英,2016-09-26 03:15:18,1,1,0,上课略催眠哈哈哈哈，讲得挺好的完全可以不看书。
34044,498,钱英,2017-01-20 10:32:30,28,30,2,老师人真的很好很好！！没有小测直接算在平时分，只要你交作业期末的30分直接给你，以为会挂的线代拿了3的绩点。老师的水平也很高，真的很优秀的老师！
34714,498,钱英,2017-01-19 13:26:32,6,6,0,期末突然给了希望系列
34814,498,钱英,2016-10-24 02:44:28,0,0,0,老师很不错啊，默写书本也不是一般人可以做到的好吗…而且与书本上相比多了很多总结和自己的提醒啊…自己不认真心比天高还要怪老师吗…（认真听了跟紧老师步伐为什么会困呢…）
36056,498,钱英,2016-11-10 11:02:10,-5,0,5,五分是因为自己从来没认真听过一节课，所以不好评价。给分还可以，线性代数一定要认真学！
39256,498,钱英,2016-12-22 00:39:09,0,0,0,课讲的很详细。。。就是有点催眠。。。
39577,498,钱英,2016-12-25 12:33:57,-4,0,4,无语，除了作业少，没啥特别的地方
39604,498,钱英,2016-12-26 03:29:24,1,1,0,棒棒哒
39904,498,钱英,2016-12-28 06:54:54,1,1,0,老师很温柔，很好 人可好了
40010,498,钱英,2017-01-20 00:20:59,4,5,1,老师超好，平时作业有交平时分就给满，没有课堂测验！这块分数也是默认给满。期末我57肯定给我调分了，让我险过。浓浓师生情\n\n
40821,498,钱英,2017-01-06 00:06:25,1,1,0,一年多，过去了，没想到钱老师的分数飙升了挺快的。大一时候还是觉得太催眠了。不过还算没有太糟糕，我还是比较认真听的。最后给分不好说。虽然我考的不理想。但是应该还算可以的。
41070,498,钱英,2017-01-17 23:39:29,18,26,8,老师讲的很棒啊，好不好。。。  有人怪老师不用ppt  用板书。。。我只想呵呵了，16某大类的李jq同学，你凭什么这么说？！  说是只有中间的前几排看的清楚，有人怼 说那你早起占座啊。。  然后回复说早起困。。。呵呵呵，本人和你一个老师，我怎么看不到前面的占座的同学发困呢，这种事情还是自己找找原因吧。。呵呵呵，反正我认为老师讲的不错，虽然我可能要挂。。。  而且要是听老师不如自己看书的话，那你为什么每天还要上课呢。。呵呵呵   我对你这种人无奈了，（听说）史纲课就在群里恶意怼观察员，拜托，人家也是第一次当  好么？  至于那样么。。。呵呵呵
41085,498,钱英,2017-01-09 06:29:46,4,4,0,老师完全板书，不用 PPT，不用投影仪，喜欢这种讲课方式的孩子，老师很适合你。我觉得老师很好，不知道为什么分数没有上9，真的很好，总觉得老师长得像讲语文的先生，可是他数学教的真的很好，至于考试，你用心学了，自然满绩。不必责怪老师，线代这种客观性这么强的考试评判，对不对？
41252,498,钱英,2017-01-10 08:46:49,1,1,0,一学期的课上完了 钱老师真的是个好老师 不发火还会默写教材
41261,498,钱英,2017-01-10 09:23:27,89,89,0,很好的一个老师 在考试之前先来这边评个价 免得自己不争气地有了偏见 (((̨̡‾᷄ᗣ‾᷅)̧̢))（心疼地抱住脑子不好的自己）感觉是个很热爱数学的老师 小小只 认真负责 记性好 讲课条理清晰 偶尔腹黑（有时会怼一下学生的智商）常常说“连这个都不知道的话 那就 对不起了”hhhh 这段时间才发现在上课之前老师都会在门外弯着腰喝麦斯威 好Q哇(ˊᵒ̴̶̷̤ꇴᵒ̴̶̷̤ˋ)꒰   简直可爱到爆啊 不过也蛮心疼的 （感觉年龄也不轻了） 希望上他课的学生好好珍惜bia 也祝愿老师一切顺利 身体健康 常常怼我们也没关系的 \n\n嘤 不说了 感觉要落泪了
41334,498,钱英,2017-01-16 04:32:54,4,4,0,每次都是上个班拖课，我们班提早下课(ಡωಡ) 笔芯
42309,498,钱英,2017-06-30 16:21:19,6,6,0,没挂！谢谢！老师太好了！
42797,498,钱英,2017-01-15 07:13:29,21,21,0,萌萌的a11 还有萌萌的A shtar
44671,498,钱英,2017-01-18 05:53:54,3,3,0,老师很负责，期中期末都会有一节课拿来复习，整理题型，上课认真听还是会听懂的。
45469,498,钱英,2017-11-30 12:47:28,8,8,0,特别好的老师，平时分给满，复习课满满干货
45581,498,钱英,2017-06-12 06:24:29,3,3,0,认真耐心
45589,498,钱英,2017-03-02 12:11:55,6,8,2,好好好！
45685,498,钱英,2017-01-20 02:46:02,2,3,1,只要交了作业，平时分给满。但是线性代数本身这门课蛮抽象蛮难的，而且放在大一第一个学期，对我来说很吃力。最后分数不算太难看，还是满足的。
45721,498,钱英,2017-01-21 03:02:33,4,4,0,最后浓浓师生情给到了及格 老师总体不错\n\n板书字有点潦草 建议前排占座 然后讲课确实有点催眠 我不太适应他的风格 但说实在自己上课水考崩 然后题目又难 也不能怪他 还是感恩师生情
46018,498,钱英,2017-01-20 12:03:57,-5,6,11,老师上课不怎么看书，蛮厉害的。和高中的课不同，线代的体系可不容易讲清楚。最后期末，刷了往年期末题，过了一遍考验题，看了一遍书，4.8，也算没留遗憾
46309,498,钱英,2017-01-21 08:03:41,1,1,0,师生情
47050,498,钱英,2017-01-23 11:39:57,6,6,0,期末分数很想喷助教= =喷助教！不是老师！老师真的是好老师！对学生特别有耐心，每次问问题都会特别认真的回答，一直到讲明白为止，不管问题傻不傻= =期中期末还会带着我们复习，私下跟同学对比作业应该是线代老师中留的最少的了。真的是特别好老师。
47190,498,钱英,2017-01-24 11:07:33,3,3,0,老师讲课纯手写，不用课件，而且讲得很有逻辑，很细致清晰。对学生要求很少，平时只要交本子不管做没做平时分都给满分，认真学会很有收获的。
47638,498,钱英,2017-02-09 08:56:18,1,2,1,真心的好老师
48792,498,钱英,2017-03-13 06:22:12,1,1,0,一看就是认真的朴实的好老师
52473,498,钱英,2017-06-20 09:30:15,0,0,0,浙大网新总裁....
52633,498,钱英,2019-03-11 02:44:21,14,14,0,讲的好，人好，给分好，不挂之恩！
53647,498,钱英,2017-06-30 22:55:42,3,3,0,老师真是太棒了！给分真的好。
53655,498,钱英,2017-06-27 09:04:28,0,0,0,板书好老师
53661,498,钱英,2017-06-27 09:19:31,19,19,0,老师上课板书需要坐前排，虽然枯燥但是能感受到老师的付出，老师和大家讨论方法，对我们寄予希望。学不懂是背锅，老师绝对的好老师，考之前评论，完全凭着良心说的。挂科我也要给老师满分，尤其是上过某些老师的专业课后，钱老师朴素踏实更加令人印象深刻。
53681,498,钱英,2017-06-27 09:54:32,1,1,0,讲课很棒！线代求过呀老师?
55018,498,钱英,2017-06-30 16:07:55,0,0,0,特别好，如果你认真听的话觉得讲的很清楚。不点名不小测，交作业平时分就满了。
55034,498,钱英,2017-06-30 16:21:27,5,5,0,助教改卷也太严了吧
55035,498,钱英,2017-06-30 16:21:41,1,1,0,老师真的很好，上课慢条斯理，平时分只要按时交作业就能满，不能因为最后考试分数不好就怪老师
55040,498,钱英,2017-06-30 16:25:59,4,4,0,老师真的好，本来快挂的给了平时分满分，拉了我一把
55041,498,钱英,2017-06-30 16:29:30,3,3,0,老师人超级好！成绩出来你就会知道了TuT
55042,498,钱英,2017-06-30 16:31:01,6,6,0,太惊喜了！感谢老师不挂之恩！讲的也好，良心好老师！
55043,498,钱英,2017-06-30 16:32:20,6,6,0,浓浓师生情……只要作业交八次平时分就能满分…而且老师上课也很萌啊！！
55045,498,钱英,2017-06-30 16:34:05,5,5,0,老师人超棒的！平时分都给满的，只怪我平常不够努力，上课常常睡觉QAQ
55046,498,钱英,2017-07-03 09:42:06,19,19,0,不给十分对得住老师上课偶尔的邪魅一笑吗？对得住老师写三节课的板书吗？对得住老师最后只要作业都交平时分就给满吗？老师真的超级好啊。线代上课还是要好好听，老师期末和期中考试之前都会总结一些方法，都很有用的，超级棒啊。
55051,498,钱英,2017-06-30 16:37:26,1,1,0,师生情，谢谢老师
55059,498,钱英,2017-06-30 16:41:37,0,0,0,不点名且明确说了有事可以不上课，只要交作业平时分就满分，讲课也讲的挺好的，复习课很有收获。线性代数难度摆着，分普遍低也不是老师的问题，老师给分算好了。
55060,498,钱英,2017-06-30 16:41:59,0,0,0,讲得清楚给分好！
55061,498,钱英,2017-06-30 16:52:47,-1,1,2,助教给分真的不好
55063,498,钱英,2017-06-30 17:14:59,2,2,0,嘻嘻嘻，钱老师怕是数学系的可爱担当吧～人特别好～良心板书～感激老师～么么哒～期中期末都会特别复习全部讲过的知识～也不会忘了啥的嘻嘻嘻真可爱满分
55069,498,钱英,2017-06-30 18:01:16,1,1,0,说实话，如果你好好预习，好好巩固，线代不难的，难的是你做得到预习加复习吗，老师很棒
55085,498,钱英,2017-06-30 22:18:12,-3,1,4,以为会挂，竟然上4了。感谢老师师生情！钱英超级可爱的，上课有时候会冷幽默，写错了还会说不好意思什么的。线代不管什么老师，自己整理还是非常重要的！
55087,498,钱英,2017-06-30 22:56:38,1,1,0,老师人很好，讲课耐心，\n\n成绩差就怪自己哭唧唧
55088,498,钱英,2017-06-30 23:21:00,3,3,0,老师的课挺好的，会在黑板上把过程一步步推导下来，不过因为在黑板上写字所以一定要早点去占座啊！没有小测，而且平时分占比很大，把我从挂科边缘挽救回来而且绩点居然还不错，感谢老师?
55109,498,钱英,2017-07-01 00:25:51,3,3,0,讲课挺清楚的 但是在下午678上课真的好困啊 如果提前预习能紧跟老师思维的话 还是能够清醒跟住的 老师写板书很认真 就是有时候上课知识点横跨好几页 找老师在讲哪里会懵逼（其实书上都有 就是页数跨的有点大）讲课超级耐心的 老师说就要退休了 看起来瘦瘦小小还碰到他中午吃麦斯威解决午饭 莫名心疼
55114,498,钱英,2017-07-01 00:32:46,1,1,0,老师还挺可爱的，给分也贼好，学不好怪自己。
55150,498,钱英,2017-07-01 02:07:44,1,1,0,没小测，平时分给满的老师，你就说好不好
55264,498,钱英,2017-07-01 06:42:52,1,1,0,大爱钱英老师
55321,498,钱英,2017-07-01 09:09:16,3,3,0,老师很负责，也讲的很清楚，最后一节复习课的内容很重要。超喜欢老师的呀！！（穿衬衫很帅的！
55791,498,钱英,2017-07-02 11:26:32,0,0,0,真的太好了！
56011,498,钱英,2017-07-03 02:14:04,4,4,0,从小到大没有这么喜欢过一个数学老师/泪流满面
56077,498,钱英,2017-07-03 04:25:56,-1,0,1,老师很好，但是课时安排太坑了，也不坏老师，最后分是个均绩，满足了
58710,498,钱英,2017-09-15 10:32:30,0,0,0,太棒了，不看书，讲得很清楚，各种题型
58838,498,钱英,2017-09-18 05:14:25,0,0,0,棒，表白
59162,498,钱英,2017-09-20 04:22:25,0,0,0,爱！！！
59374,498,钱英,2017-09-21 05:34:20,0,0,0,老师讲课真的很好，不会困，作业留的相对较少，平易近人又负责的好老师。
59640,498,钱英,2017-09-25 06:14:54,0,0,0,讲的基本都是课本上的，讲得有一点点慢
59943,498,钱英,2017-09-28 15:13:48,0,0,0,讲的挺好的
60058,498,钱英,2017-10-09 04:21:00,0,0,0,nice啊\n\n舒服
60258,498,钱英,2017-10-16 02:19:38,0,0,0,好喜欢线代老师啊(๑>؂<๑）
60266,498,钱英,2017-10-16 07:40:29,0,0,0,男神啊～
60268,498,钱英,2018-03-05 06:28:42,0,0,0,老师很耐心，讲课也很高水平
60409,498,钱英,2017-10-19 07:23:21,1,1,0,好老师o(^o^)o，上课调理清晰，速度适中作业也不多。
60771,498,钱英,2017-10-30 02:43:44,0,3,3,照着课本讲，你上你也行。\n\n
60949,498,钱英,2017-11-04 16:20:34,3,3,0,超可爱！
62100,498,钱英,2017-11-22 11:30:48,1,1,0,好好好
62652,498,钱英,2017-11-26 09:29:07,6,6,0,师生情太浓了，只要交作业本平时分就给满，注意是作业本。选钱英老师的课不会后悔的。不吹不黑
62847,498,钱英,2017-11-27 06:44:18,3,3,0,讲得很不错，平时会在线答疑，幽默风趣。
62915,498,钱英,2018-01-14 08:07:29,5,5,0,如果你是一个喜欢问问题的人，那么老师真的很好很好，绝对会给你讲问题讲到你完全弄懂为止。（不过上课 真的很困
63335,498,钱英,2017-12-01 02:40:11,0,0,0,嘿嘿嘿
63873,498,钱英,2017-12-18 06:41:52,5,5,0,坐后面是看不见的，抱住可怜的自己
64558,498,钱英,2018-07-09 23:34:11,7,8,1,这么好的老师不明白为什么还有人不满意？？
64811,498,钱英,2017-12-27 08:20:57,14,14,0,很认真的老师，又有点萌。Astar ，自创一体。和室友讨论时说Astar 时感觉自己很强（他们都不知道什么是Astar），哈哈
65608,498,钱英,2018-01-07 06:27:48,3,3,0,超好的老师，只怪自己不争气
65662,498,钱英,2018-01-21 15:43:34,4,4,0,我爱老师
66298,498,钱英,2018-01-15 02:57:26,3,3,0,好老师 不解释
66299,498,钱英,2018-01-15 03:01:00,2,2,0,哈哈哈\n\n
66467,498,钱英,2018-01-17 02:02:40,7,7,0,我不听课但是打了10分。。老师上课挺好的，我只是爱睡觉才没听自学的。最后两节课的整理和讲例题很有用
66492,498,钱英,2018-01-17 03:45:20,8,8,0,老师很好，线性代数讲得也很有条理，我不知道为什么那么多人不喜欢，可能别的老师太好了？（我没听过别的老师的课）不过我觉得钱老师的线代课挺好的，我没学好全是自己不怎么认真学，平时常常在线答疑，难的问题简单的问题也是有空就答，最多上课的时候说“如果这个基础的东西你都掌握不了的话那对不起了hhh”这样的小幽默。上他的课挺值得的，只是自己有点对不住老师。期末了，先来给个好评。
66513,498,钱英,2018-01-17 05:37:35,5,5,0,作业少，讲题很仔细
66514,498,钱英,2018-01-21 15:44:37,12,12,0,老师真的很可爱，讲课很用心，感觉是个萌萌的小老头，偶尔课上鬼魅一笑，感觉真的是爱着数学的！
66516,498,钱英,2018-01-17 06:09:57,4,4,0,期末了，师生情。但要说，钱老师真是可爱呀，可以感受到他希望我们能够获得一种全新的思维模式，只可惜。。。自己太垃圾
66584,498,钱英,2018-01-17 11:49:30,3,3,0,水平真的强，很多时候要超前自学才能理解他所说的精华
66706,498,钱英,2018-01-18 11:56:47,7,7,0,老师很儒雅，
66867,498,钱英,2018-01-19 07:51:55,12,12,0,今天刚刚考完线代～老师很棒啊，上课完全不看书本，板书默写教材，炒鸡强！脑中有属于自己的线性代数的体系，有时不会按书本顺序讲，但是很有条理。复习课干货满满！最重要的是，老师很可爱啊～
67604,498,钱英,2018-01-21 22:51:55,3,3,0,老师超级棒
67627,498,钱英,2018-01-22 02:45:59,2,2,0,老师人超好，平时分超好
67662,498,钱英,2018-01-22 04:20:58,3,3,0,老师真的是好，讲的好，给分也好，交作业本就好了，做的质量不影响你的平时成绩的，老师讲的真的是很棒很棒啊！
67775,498,钱英,2018-01-22 07:04:15,0,4,4,真的催眠
67899,498,钱英,2018-01-22 09:23:34,4,5,1,从来都在最后一排自学线代 补上次的作业 从来没听过老师讲的啥 但是 莫名喜欢老师 愧对老师的高分 这么可爱的老师没认真听 后悔了
67966,498,钱英,2018-01-22 11:51:27,3,4,1,老师真的 超可爱哇
68000,498,钱英,2018-01-22 13:02:53,2,2,0,不点名，平时分作业只要交就满分，绩点崩了是自己太垃圾，老师还是很负责认真的
68152,498,钱英,2018-01-22 15:46:21,-13,1,14,体验极差，查分不给弄
68384,498,钱英,2018-01-23 05:52:49,2,2,0,老师是厉害的
68726,498,钱英,2018-01-23 16:11:23,4,4,0,超级好的老师\n\nAstar萌萌哒
69302,498,钱英,2018-01-24 12:26:31,3,3,0,讲真老师上课很好啊，平时成绩只要交作业就是满分，其余么就是靠自己考试了咯
69987,498,钱英,2018-01-26 01:34:15,5,5,0,老师敲可爱，萌萌哒。虽然我的绩点很悲惨，但是老师真的很厉害，背课本小能手。上课感觉很好。喜欢。为钱英老师打call。
71180,498,钱英,2018-01-28 06:05:45,6,6,0,老师真的很好，平时分给满了，讲得也很好，虽然最后考得不好呜呜呜~(>_<)~，不过还是谢谢老师“线性代数其实很简单，只是考试题有点难”hhhhh原话
72465,498,钱英,2018-01-30 07:11:36,8,8,0,A～～star~~~
73366,498,钱英,2018-02-01 12:21:54,1,1,0,老师真的很棒，会调分，帮助无数学子脱离补考重修之苦。上课不按教材来，跟着他的思路能理解会有很大收获。作业也比较少，绩点嘛就只能靠自己了，总之超棒！！！
73838,498,钱英,2018-02-03 08:35:03,2,2,0,背书大佬，我大一绩点最低课程
74900,498,钱英,2018-03-06 10:03:15,0,0,0,是好老师呀
77431,498,钱英,2018-05-05 13:36:28,0,0,0,超可爱的老师
78918,498,钱英,2018-05-17 01:29:43,4,4,0,说好的，期中考上了60就打10分QAQ。学渣默默哭泣......平时分给满的老师最可爱了。
79590,498,钱英,2018-06-11 03:19:53,0,0,0,最帅没有之一
80313,498,钱英,2018-06-25 03:56:24,1,1,0,有条理
80489,498,钱英,2018-06-27 04:31:19,4,4,0,交作业时看到黑板密密麻麻的板书和老师手上的粉笔灰，很有动力。
81980,498,钱英,2018-07-06 16:44:18,2,2,0,给选老师线代同学们一个建议，预习。不预习你就得一边翻书一边理解老师说啥，线代本来对高中来说是新的知识体系，老师上课讲的都比较精华，只有提前了解了思维方式，才有能听懂，才能集中精力。
82345,498,钱英,2018-07-08 02:58:49,1,1,0,钱老师真的很好，上课让人昏昏欲睡可能是不和老师的路子吧。反正很喜欢老师的讲课方式。有条不紊，给我充分的时间拓展思考。不管成绩如何，绝对10分！
83140,498,钱英,2018-07-09 22:57:38,0,0,0,萌萌的
83145,498,钱英,2018-07-09 23:41:19,2,2,0,可能是自己太菜，完全跟不上，真是如行云流水般快，适合大佬选！
83150,498,钱英,2018-07-10 00:12:14,4,4,0,老师很儒雅
83154,498,钱英,2018-07-10 00:20:27,7,7,0,没什么好说的 10分走起
83165,498,钱英,2018-07-10 00:45:11,9,9,0,（有人一出分把钱英老师的分数打低，自己学得一般考得不走运怎么能怪老师？？？）\n\n我是重修的同学，经历了两个老师，所以觉得自己有点发言权。第一次是汤*老师，他非常受欢迎，但是对我来说讲线代太快了我跟不上，一跟不上我就想睡觉。但是钱英老师讲得非常细致，虽然速度也不慢（只要当天part讲完还会提早下课hh），但真真解决了我听不懂的问题。钱老师不看讲义默写概念和知识点的时候超帅！怎么会有这么有魅力的数学老师?\n\n希望钱老师身体健康！对自己的数学没什么自信的同学请放心选钱老师，他不会让你失望～\n\n
83282,498,钱英,2018-07-10 04:17:18,3,4,1,唉.  还是很想知道分数扣在哪了
83287,498,钱英,2018-07-10 04:20:45,-4,1,5,考试要个参考答案都没有……
83311,498,钱英,2018-07-10 05:13:17,2,2,0,老师上的很仔细 在群里答疑也很认真及时！
84989,498,钱英,2018-07-15 01:33:10,0,1,1,老师人特别好 亲切 有点可爱 基本不用看书就能教学 很扎实的上课
86504,498,钱英,2018-09-17 14:53:55,0,1,1,很嗨很爽很开心
86506,498,钱英,2018-09-17 02:52:40,2,3,1,非常满意，重在参与嘛
86526,498,钱英,2018-09-17 04:50:27,1,2,1,第一次听，保持了我印象中帅气的数学老师形象
86583,498,钱英,2018-09-17 10:19:43,0,1,1,老师讲课讲得很好 人也很好\n\n
86666,498,钱英,2018-09-18 01:59:18,0,1,1,一个字爽
86775,498,钱英,2018-09-18 14:15:47,1,2,1,第一节课就讲飞起来…但很赞！
87262,498,钱英,2018-09-26 07:29:26,7,7,0,不论是外在还是气质都很儒雅的数学老师，讲课很专注，课后辅导很负责。
87824,498,钱英,2018-10-15 05:49:11,6,9,3,讲师之上，大师未满。
88086,498,钱英,2018-10-22 03:34:52,13,13,0,我们下节课要小测了，要计入平时分【大家突然紧张】，不以小测成绩计入，以参加没参加计入
88659,498,钱英,2018-11-05 06:04:47,1,2,1,老师超可爱嘤嘤嘤
88995,498,钱英,2018-11-13 13:23:19,2,3,1,敬业负责，偶尔小幽默，非常好的老师，感谢在大一遇见了你。
89017,498,钱英,2018-12-25 16:45:26,-14,5,19,垃圾老师\n\n
89033,498,钱英,2018-11-14 10:55:40,10,11,1,钱老师认真的很好呀！很晚了还会在微信群里答疑，人也很亲和，超级棒啦！虽然嘴上说着这个不会的话就对不起了但是还是会展开讲一下哦！虽然线代很难但是老师真的超级暖呀！给人把线代学好的动力！
89181,498,钱英,2018-11-16 11:22:00,2,3,1,老师上课非常认真，水平也非常高，不用看课本，平时很认真地答疑，虽然说字写有点不清楚，讲课略显无聊
89449,498,钱英,2018-11-19 07:28:33,2,3,1,为人师表
89923,498,钱英,2018-11-21 09:19:57,4,7,3,学线代不预习不复习听不懂就不要怪老师了，神仙都救不了你。钱英老师还是挺和蔼的，给人一种很冷静可靠的感觉。解答问题也很有耐心。但是上课语调比较平，容易困哈哈哈。
90769,498,钱英,2018-11-26 02:44:35,-5,6,11,垃圾 讲课太水
91642,498,钱英,2018-12-17 04:13:59,21,24,3,可能是我太弱，我觉得钱老师的课对我这样的弱者不太友好，经常跳章，也很少会交代前后联系、目的。少了一份李将云老师的“手把手，一起走”的感觉。另外一点是板书字太小，很多同学其实是在课上自习的?
91872,498,钱英,2018-12-24 02:43:22,-7,5,12,不会讲课
92056,498,钱英,2018-12-25 16:53:50,14,15,1,超可爱的老头!儒雅又不失幽默，稳中带皮。很负责，助教小哥哥也很萌。虽然讲课进度有点迷，老师声音太有磁性容易让人发困，但我还是为碰到这样的老师感到幸运
92654,498,钱英,2019-01-11 11:42:44,8,11,3,胡为助教的尬笑太可爱了hhhhhh
92878,498,钱英,2019-01-05 09:24:59,-6,0,6,点点点
93022,498,钱英,2019-01-07 03:17:08,0,1,1,迷迷迷
93068,498,钱英,2019-01-07 07:40:02,11,12,1,邪魅一笑很倾城
93083,498,钱英,2019-01-07 08:42:42,-10,2,12,就是默写教材
93141,498,钱英,2019-01-07 15:41:47,8,9,1,老师超级耐心的！每次讲完课都会在讲台上等很久回答大家的问题，有自己对于教材的理解，不过大家课前最好预习一下，因为钱老师的节奏比较快，然后课后多做题，钱老师上课主要是疏理概念的，练习题目要靠自己，有问题可以在课程群里问，助教和老师都会很认真地答疑！太喜欢钱老师啦！
93672,498,钱英,2019-01-11 11:43:16,-19,2,21,线性代数这门课真是毫无意义
93680,498,钱英,2019-01-11 12:57:03,18,20,2,线代讲述的体系是大多数同学未接触过的全新体系，肯定生涩难懂，上课不好理解是极可能的，不能将其归于老师。钱老师上课侃侃而谈，作业小测都是“\n\n重在参与”（上交即给分），考前还有复习课。平时同学遇到问题发到群里，钱老师和助教也会及时进行解答。另外助教在习题课上对题目的讲解也十分清晰。能选上钱老师的课真是我的幸运！
93855,498,钱英,2019-01-18 10:29:01,-28,0,28,我一会儿还有课，您能下课了吗
93865,498,钱英,2019-01-14 04:54:16,41,41,0,最后一节线代，老师平常从不拖堂这次却拖到快十二点半，可能真的是很想很想教给我们更多的知识吧。然后中午看到老师在麦斯威买了咖啡吃个面包就去接着上下午的课，突然泪目。老师真的很好的，大家一定一定要认真学呀...
93887,498,钱英,2019-01-14 07:17:29,18,18,0,那个骂钱老师的，能不能别过几天就刷一条。你不烦我都嫌烦。
93912,498,钱英,2019-01-14 08:33:02,23,23,0,最后一节线代课了，很感谢老师耐心的带完我一学期。\n\n印象最深的还是他第一节课讲的：作业你写不写没关系，交了就有分；小测怎么样没关系，来了就有分；上课来不来没关系，反正不点名。但是我还是每次作业都写，每次都认真小测，每次都按时听课。\n\n课程本身就很生涩，加上是下午678节课，总是容易犯困，睡过去就只能自习啦。但是如果可以认真听课，那老师还是讲的超好的，考前的最后一节课会手把手教你一些方法和思路。平时在群里问问题老师也会很快答复。\n\n不说多了，都快哭了。。。
95293,498,钱英,2019-01-19 06:58:03,4,4,0,老师很棒！！喜欢
95335,498,钱英,2019-01-19 08:41:05,2,2,0,除了板书的字看不清以外我给满分！
96961,498,钱英,2019-01-21 13:26:23,2,2,0,老师会调分，人很好，给分不错。记性好，半年把一本书背出来上课，助教很赞
96966,498,钱英,2019-01-21 13:31:40,-13,5,18,我期末卷面89分，幸亏老师平时分给满了，但这样我总评才94.5，老师又拉我一把，给我了总评95！！良心好老师啊啊啊啊啊啊！！！
96968,498,钱英,2019-01-21 13:33:33,1,2,1,钱老师上课不用课本，十分负责在群里几乎有问必答。作业只要交了就给满分，小测只要去了就给满分，说起来难以启齿，但我平日上课也没有很认真听（作业是认真做了）最后绩点也上4了。
96975,498,钱英,2019-01-21 13:41:54,4,4,0,老师知识很渊博，上课准备充分，基本不看书，思路有时不完全和课本一样，课前预习了的话效果很好，老师的A*，j等的读法很有特点，印象深刻，总是课余给同学们答疑到很晚，中午一般就没有时间吃午饭，助教小哥哥也很棒，长的帅，讲的题有方法，唯一一点就是老师的字有点小
96989,498,钱英,2019-01-21 13:59:10,2,2,0,超级帅！
96994,498,钱英,2019-01-21 14:05:29,4,4,0,线代跟着老师学没错啦～不过这门课很大程度上是需要事先预习的！
96998,498,钱英,2019-01-21 14:08:52,10,11,1,客观的讲，老师人还是不错的，课后解答问题很耐心，平时作业、小测也没有特别要求，考试前还会讲解知识框架和其他题目。但还是想说除了部分章节有补充和改变顺序，上课内容多在默写教材（也许是课程内容多而时间不够的缘故吧），上课很容易想睡觉。不预习上课听天书，预习后上课听念书。老师给分好，但还得多自学。
96999,498,钱英,2019-01-21 14:11:08,2,2,0,老师给分很好，平时分和小测都会给满\n\n
97009,498,钱英,2019-01-21 14:23:53,3,3,0,很开心的，很可爱的老师！重在参与^_^
97012,498,钱英,2019-01-21 14:35:27,5,5,0,老师上课很催眠，因为不怎么激情！但是手写板书，平时分给满，最后一节课还补了很多题。刚出成绩，没挂，感谢老师
97016,498,钱英,2019-01-21 14:41:59,7,7,0,兄弟们挺我上去，虽然上课坐远了听不懂，但大学本来就是很靠自学。平时分满分不是吹，只要作业交了，小测去了，就一定是满分！
97029,498,钱英,2019-01-21 15:01:08,13,13,0,平平淡淡才是真。
97034,498,钱英,2019-01-21 15:08:59,4,4,0,好老师，负责，讲课仔细，给分很好！特别感动！
97035,498,钱英,2019-01-21 15:10:05,3,4,1,没有让我感到很优秀，但也挑不出什么毛病
97053,498,钱英,2019-01-21 15:23:30,9,9,0,老师真的非常棒，讲课思路很清晰笔记整理起来也很方便，而且很可爱(一本正经的可爱)还有就是，两节课只隔一个小时老师都没办法好好吃饭，太辛苦了，很心疼。希望学校能调整调整? 平时分给满了，期中期末都有专门的复习课讲习题。成绩虽然没有达到自己要求但 是自己菜了? 老师真的很好很负责！10分不够想打100分！
97076,498,钱英,2019-01-21 15:46:26,5,5,0,可能线代这门课就是要靠自习的吧。老师人很好，解答很有耐心，平时分也都给满了。就是上课一定要坐前排，不然是听不懂的。因为老师板书太轻了，看不大清楚。上习题课之前最好把上节课的内容复习一遍。emmm是我没有好好学线代。最后绩点低不怪老师。
97081,498,钱英,2019-01-21 15:51:26,11,11,0,线代很大部分是真的需要提前看书和刷题……老师是很好的老师，成绩不够理想只能怪自己吧，不过有点小小建议，老师板书的时候字再写清楚一点点，因为常常眯着眼睛看有点难受，不过老师还是很可爱的，平时分都给满，会讲习题，不过限于学科内容嗯很大部分还是要靠自己……
97144,498,钱英,2019-01-21 18:22:41,27,27,0,喜欢听他的 A star
97166,498,钱英,2019-01-21 23:12:30,9,9,0,浓浓师生情，作业小测重在参与，平时分基本都是给满。\n\n上课不用PPT。字有点飘，有时候走神了，不知道老师有几个字写的是啥。上课比别的老师快一点，因为考试周前会有复习课，真的很棒。作业量也不多。\n\n老师真的很辛苦，上完第五节课，一般都会被有同学去问问题，然后去麦斯威吃个面包又要上第六节课。\n\n助教和老师都会在群里答疑的。
97256,498,钱英,2019-01-22 07:36:08,1,3,2,老师超棒\n\n助教小哥哥更棒！
97419,498,钱英,2019-01-22 08:47:57,2,2,0,给分挺好 是好老师 讲的也很细致 非常奈斯
97420,498,钱英,2019-01-22 08:48:03,6,6,0,虽然自己考崩了，但是平时分老师很好的给满了，挽救挂科边缘的我，感激无比
97582,498,钱英,2019-01-22 11:35:19,6,6,0,首先只要你作业都有交，小测都有参加，平时分就是满的！如果你想取得高分，课前要预习（大佬请忽视），书上的题目最好都做一下，想好好学的上课要做前排.最后，老师和助教都会在在群里答疑，非常负责.这么好的老师，你选它的课不好好学怎么对得起老师给你满分的平时分呢？
97938,498,钱英,2019-01-23 02:16:19,2,4,2,按照老师的规定\n\n作业按时交（不管有没有写完）\n\n小测到场（不管会不会写）\n\n那么平时分就会给满了\n\n因为自己不是一个很专注的人，老师讲课也比较平淡，所以上课基本都没有认真听（是我自己的问题）\n\n但是线代这门学科真的主要还是靠自己从头构建一个完整的知识体系。期末前半个月幡然醒悟把题目集从头到尾写了一遍最后还是拿了一个比较满意的成绩（90）希望大家都能够通过自己的努力收获高分\n\n
102450,498,钱英,2019-02-02 10:04:45,-13,2,15,给分呵呵 讲课一般
102808,498,钱英,2019-02-23 11:41:04,4,4,0,作业只要交了就有分
104611,498,钱英,2019-03-25 06:56:35,1,4,3,逻辑清晰，不一定按书上来，但听得懂
109337,498,钱英,2019-06-13 06:49:33,2,4,2,老师给分不太好而且上课让人昏昏欲睡，黑板字也写的不清楚。不喜欢这种讲课模式
109574,498,钱英,2019-06-17 07:12:29,2,2,0,是一个和蔼亲近的好老师
109579,498,钱英,2019-06-17 07:50:38,13,13,0,觉得老师是个很淡然的人，上课认真听可以学到很多，但是课前预习很重要，老师也说了一定要课前预习，其实什么学科都要课前预习，我们上了大学就把这个习惯丢了。不知道为什么，看着老师不算年轻，之前百度了一下老师的名字，发现好像是个讲师，并没有评什么教授副教授职称，而老师的讲课水平与为人态度的豁达是大家有目共睹的，所以我觉得老师很淡然。还有一点就是，老师的球鞋总是很干净，记得有一次以为老师穿了双新鞋子，非常干净，后来才发现老师每次穿鞋子都很干净，球鞋白边没有一点脏东西衣着也很干净，这可能也体现了这个老师一丝不苟却足够淡然的生活态度吧。总之，这个老师我是喜欢的，不管我考了几分，都给老师评10分。
111210,498,钱英,2019-06-30 14:57:05,1,1,0,老师很棒
111617,498,钱英,2019-07-02 07:48:51,1,1,0,太棒太棒啦！虽然分还没出，但是老师是真的良心！感恩！
112886,498,钱英,2019-07-05 08:55:38,4,4,0,钱英老师上课进度有些快，但也因此多了很多复习和整理思路的时间和空间。我的两次小测都不是很理想，但是最后平时分给满了！超级感动！感谢钱英老师！！（555献出了第一次查老师评价
112891,498,钱英,2019-07-05 09:00:10,7,7,0,很棒！但是我平时有些跟不上，主要是自己学，但是老师和助教哥哥真的人很好。平时分给满真的棒
112897,498,钱英,2019-07-05 09:15:22,5,5,0,老师挺好的，平时分也给满了。自己考得爆炸了，但还是感谢老师
112898,498,钱英,2019-07-05 09:19:02,5,5,0,感谢老师不挂之恩!\n\n如果板书能写的工整一些就更好了
112904,498,钱英,2019-07-05 09:44:24,5,5,0,老师真的很好！上课徒手默教材真的是一绝！而且助教哥哥真的很好很好很好！考前我做了套题发现我还有很多不会的知识点，麻烦了助教哥哥很久，他也很耐心的有解答！！！还给我说了好多重点让我着重复习。真的很感动了！！！期中42的水平期末能有85真的！很感动了！！！
112941,498,钱英,2019-07-05 13:45:10,10,10,0,初见钱老师，鹰隼般的眼神让我有种畏惧感；直到他在一次课上冒出一个冷笑话，底下虽然没反应，但我渐渐感受到了他的风趣。最后考试，看到他佝偻的背影，我竟有丝感动。感觉老师不是争抢之人，性情如水般柔和，儒雅学士。
113685,498,钱英,2019-07-07 03:56:33,5,5,0,给分无敌好，真的很感谢
113691,498,钱英,2019-07-07 04:04:01,4,4,0,期中考出的比较难，平均分听说五十不到，所以期末出的卷真的要温和很多，都是非常非常基本的题，所以考的比较好吧。期末占比又比较大，算是把期中考给拉上来了。老师很好，讲课很清晰，虽然容易睡觉，但确实很厉害。yj助教也很优秀。
114465,498,钱英,2019-07-10 04:32:16,5,6,1,老师真的洒脱豁达默写课本真的太厉害了，发现自己讲错了什么会认真道歉，偶尔会有点儿小幽默，瘦瘦小小的大概浓缩的都是精华，从学识到人品方方面面都很好啊！一下午的线代上下来很少会犯困，虽然有时候我自己没预习听着忽然脱节会没跟上听不懂，但还是可以听下去啊，认真听思路很清晰。顺带助教小哥哥也超好！讲题讲得太棒了！是我见过的最会讲题最会总结的助教！在这里夸他他能看到吗？
115296,498,钱英,2019-07-18 03:49:34,1,1,0,钱老师很nice！
116370,498,钱英,2019-09-09 23:25:11,1,1,0,轻松愉快
119391,498,钱英,2019-11-12 14:30:31,1,1,0,非常棒
120962,498,钱英,2020-01-19 04:32:46,0,0,0,被海底捞了上来，好开心
120986,498,钱英,2020-01-19 07:35:27,2,2,0,谢钱老师的海底捞
121059,498,钱英,2020-01-19 11:32:52,1,1,0,老师很厉害，上课不看书都能直接写，手写黑板不用ppt。讲课也很有逻辑，有深度，微信上问问题都会很耐心地回答讲解。非常有深度，我是听不大懂。绩点也很好很好，只要考的差不多就不会让你挂，善良又可爱。
122049,498,钱英,2020-02-07 14:58:57,1,1,0,老师讲的特别好，多上几节课会发现炒鸡和蔼并且平易近人！助教小哥哥会讲每一道课后题，认真听并且做整理会对理解知识点有很大帮助！
122288,498,钱英,2020-02-22 08:16:55,2,2,0,上课全部板书，从第一节课懵逼到最后一节课，什么都没听懂，声音磁性极其催眠；不过人挺好的；期末我总共做的题的分值不到40分，助教最后期末分数给了58，我也不知道怎么回事，实在太好了，加上平时分够过了，2.4绩点；助教很幽默
122438,498,钱英,2020-02-27 12:05:32,2,2,0,说老师板书字小的老师一块黑板一般都写三行自己早点来选个前排会看不清？？这种好老师我吹一辈子满了满了
122686,498,钱英,2020-03-19 01:39:00,5,5,0,喜欢秒回的助教小哥哥，老师讲的也超好
123589,498,钱英,2020-06-10 09:34:18,-1,0,1,上个学期记得钱老师的评分还没到9吧？秋冬学期结束后9.5以上了，因为我被捞了，海底捞！10分给了
126410,498,钱英,2020-09-25 07:09:18,0,0,0,超级好的老师，记得他开学说的一句话，“悲剧！学校花大代价配备了教室直播系统还不如钉钉”，真的很想亲自去教室听他的课。
1412,506,薛儒英,2019-09-14 02:13:46,215,302,87,很认真，听下去会有收获，问题是如何听下去…
1471,506,薛儒英,2015-03-22 06:19:08,31,41,10,很有条理的一位老师！
2572,506,薛儒英,2015-05-04 14:29:07,24,29,5,很认真上课的老师。
2728,506,薛儒英,2015-05-06 07:37:26,11,15,4,细致
4180,506,薛儒英,2015-06-18 03:16:02,76,86,10,呆萌
4299,506,薛儒英,2015-06-18 17:12:22,105,122,17,好老师！从不扯淡！课堂利用率100% 条理清晰  手把手教你 易懂  他对解题思维过程的演示很有特色！
5309,506,薛儒英,2015-07-06 13:07:25,33,49,16,满满的都是干货
5513,506,薛儒英,2017-08-29 02:26:47,15,17,2,老师讲课的风格很适合我，运气好，微二微三都是他。赞！
5993,506,薛儒英,2015-07-10 07:10:47,24,41,17,从微1-3都是他的课，上课不错，就是为啥我就是满不了/滑稽
7522,506,薛儒英,2015-09-15 01:49:35,10,13,3,特别赞
7531,506,薛儒英,2015-09-15 02:38:13,11,13,2,好
8085,506,薛儒英,2015-09-17 02:47:34,15,18,3,很认真，投影的板书，保证每个人都能看清，讲课也很细致
8421,506,薛儒英,2015-09-21 06:42:18,5,10,5,干干干
8979,506,薛儒英,2015-10-08 03:18:19,10,12,2,细致，
12107,506,薛儒英,2016-12-23 12:33:31,119,130,11,感觉他每次都自己在上面讲的很开心
12528,506,薛儒英,2015-12-23 12:03:58,12,13,1,呆萌～
12558,506,薛儒英,2015-12-23 13:09:48,167,183,16,上课前标志性的一句话“同学们，我们开始上课吧”
13517,506,薛儒英,2015-12-29 01:45:33,12,17,5,超可爱的老师 呆萌 讲得很有条理
14949,506,薛儒英,2016-01-11 07:36:46,10,13,3,负责好老师，讲的很好
15031,506,薛儒英,2016-01-11 14:50:01,13,15,2,老师超级好 非常有耐心 而且自己讲课很开心
15497,506,薛儒英,2016-01-15 00:43:48,7,9,2,很满意，不麻烦而且讲的好
16346,506,薛儒英,2016-01-18 03:24:54,2,9,7,老师很好，很可爱。\n\n
16381,506,薛儒英,2016-01-18 04:08:37,25,31,6,喜欢老师，微一是他的，微三也选上了他的。虽然微一绩点还没出，不过不得不说他是个好老师，和我考了多少无关……orz
18496,506,薛儒英,2016-01-22 00:12:56,1,10,9,很踏实 但给分不高
19722,506,薛儒英,2016-01-25 07:17:00,6,10,4,给分跪了
20666,506,薛儒英,2016-01-29 14:33:43,3,4,1,老师人不错的，呆萌
21716,506,薛儒英,2016-03-24 02:00:05,102,114,12,满分。\n\n上课形式：手写稿投影（一节课写好多，字很清楚），上课声音洪亮\n\n上课特点：条理清晰，进度稍慢，讲得仔细，略显枯燥（我上的微二）\n\n老师特点：呆萌，天然呆萌\n\n课后答疑：很棒，有不懂都可以问，耐心\n\n给分：自己努力才是决定性因素
21773,506,薛儒英,2016-03-01 05:27:42,3,4,1,太棒啦
21956,506,薛儒英,2016-03-02 02:09:03,11,15,4,好老师，上课用实物投影，最后一排也能看清。
22443,506,薛儒英,2016-03-06 02:54:36,0,3,3,讲道理，老师讲课调理清晰，充满激情，让人听着很开心也能听进去，给分也宽松！
22447,506,薛儒英,2016-03-06 05:49:24,11,14,3,老师呆萌，讲课有意思，但有些读音很逗
22820,506,薛儒英,2016-03-13 03:26:49,4,6,2,良心品质！
23294,506,薛儒英,2017-06-19 08:26:31,-72,8,80,垃圾！就是演顺口溜的！听不懂！\n\n
23356,506,薛儒英,2016-03-26 11:29:43,3,7,4,超可爱哈哈哈，最后师生情让我过了
23576,506,薛儒英,2016-04-07 01:45:47,13,15,2,按部就班的感觉很好，老师很呆萌，题目算不出来的老师更呆萌
23999,506,薛儒英,2016-04-25 02:28:00,5,9,4,不推荐前排，老师太呆萌，怕你听不进去，然后被萌一脸╮（╯＿╰）╭
24077,506,薛儒英,2016-04-26 14:11:23,1,5,4,没上9分不科学。每节课用投影手写，超级有逻辑。满满都是干货。
24281,506,薛儒英,2016-04-29 05:17:20,2,4,2,可能是我不够努力\n\n老师不错
25503,506,薛儒英,2016-05-24 00:20:40,2,3,1,不错不错
25647,506,薛儒英,2016-05-31 00:47:35,4,5,1,guodeyong是谁？
25911,506,薛儒英,2016-06-14 08:40:58,3,4,1,不错的老师 就是特别仔细认真的那种
25973,506,薛儒英,2016-06-14 16:22:27,5,6,1,薛老师上课很干，很负责的一个老师
27060,506,薛儒英,2016-06-22 13:39:47,4,8,4,很喜欢他，虽然我很渣，但是最后还是师生情让我过了TAT
28609,506,薛儒英,2016-06-28 10:58:58,5,5,0,很细致，有条理。但是略觉单调。
28959,506,薛儒英,2016-06-29 04:26:43,1,4,3,只要认真会收获\n\n
29128,506,薛儒英,2016-06-29 09:20:19,4,5,1,炒鸡认真负责的老师喔！上课用手写投影 大家都能看清楚。讲课也很细致和耐心，不管给分怎么样还是很喜欢这个老师！
29653,506,薛儒英,2016-06-30 06:42:10,3,4,1,少见的好老师，讲的很认真，很好，特别负责，从不瞎扯，上课一直讲一直讲，几乎不停嘴，但是就是听不腻
29660,506,薛儒英,2016-06-30 06:50:51,1,3,2,上课风格和节奏都蛮有味道的，给分也挺好。
29707,506,薛儒英,2016-06-30 08:12:18,1,4,3,昨天考了今天就出了。。这也有点太快了。。赶紧来评个分
29749,506,薛儒英,2016-06-30 09:27:16,2,3,1,好诶！
29900,506,薛儒英,2016-06-30 13:20:40,3,3,0,旁听了一学期的微三，最后达到了我微积分所有课程里的最高分。喜欢老师
30089,506,薛儒英,2016-07-01 02:16:58,4,4,0,老师很好，讲课特别清楚，有条理，手写投影板书，全教室360度无死角都能看清哈哈。上课不扯课外的，会提哪些是期末不要求但考研要求的。只要平时上课顺着老师思路认真听下去，应试基本没问题的。
30514,506,薛儒英,2016-07-01 23:22:07,-1,2,3,上课非常有思路
31001,506,薛儒英,2016-07-03 05:56:49,2,2,0,条理清晰，知识点充足，看得清听得到！
32855,506,薛儒英,2016-07-19 04:58:09,5,8,3,薛老师讲课真的很好，然而给分真的一点都不水，不调分的。没有师生情的老师，完全自己考成什么样就是什么样。
33506,506,薛儒英,2017-01-17 05:59:10,1,2,1,老师讲的很认真，解题也很有想法，以及很萌。期末师生情了，很开心。
33524,506,薛儒英,2016-11-15 15:40:59,2,3,1,声音特大\n\n讲得有点慢
33734,506,薛儒英,2016-09-21 08:16:24,1,1,0,很舒服的一个老师
33879,506,薛儒英,2016-09-22 08:40:55,3,3,0,补充的内容多  好棒
34217,506,薛儒英,2016-09-28 14:03:34,0,2,2,????
34328,506,薛儒英,2016-10-02 14:01:04,1,2,1,嘿呀！
34537,506,薛儒英,2016-10-13 02:44:43,6,7,1,老师口音听两节课就习惯了，是个萌点
35128,506,薛儒英,2017-01-17 03:58:56,3,4,1,感谢老师\n\n
35856,506,薛儒英,2017-01-17 04:36:05,-1,1,2,挺好的，就是会出神~
36283,506,薛儒英,2016-11-11 13:20:53,7,10,3,讲太慢了，讲太慢了，讲太慢了。手写很认真。
37956,506,薛儒英,2016-11-22 09:09:58,4,4,0,老师人很好，讲课认真，但是很容易睡着或者跑偏。期中考反正没考好，我觉得还是要预习，把书上其他题都做一做吧。老师布置作业只布置一部分的。\n\n
38885,506,薛儒英,2016-12-19 15:51:55,0,2,2,调理清楚，易于理解，不拘泥于课本，绝对的好老师！！！
39918,506,薛儒英,2016-12-28 07:34:16,1,2,1,好老师，讲课很认真
40050,506,薛儒英,2017-01-17 11:12:57,0,2,2,浓浓师生情！顶上去吧！
40335,506,薛儒英,2017-01-03 03:23:49,-1,0,1,想睡觉\n\n
40398,506,薛儒英,2017-01-03 07:08:35,0,1,1,超级好的老师\n\n不说废话\n\n但就是上课有一点枯燥\n\n口音很重\n\n但还是超级喜欢这个老师
40683,506,薛儒英,2017-02-28 04:04:53,6,7,1,老师很认真，每课都投影手写，讲课速度我也喜欢，只是我自己做题不多，期末考差了扯了绩点
40685,506,薛儒英,2017-01-05 03:43:43,1,2,1,有点无聊听不懂好像就是读下来，困死了。
41086,506,薛儒英,2017-01-09 06:31:02,-3,0,3,老师很好
41099,506,薛儒英,2017-02-28 05:41:32,0,1,1,超好，讲的调理清晰
41127,506,薛儒英,2017-01-09 10:21:58,1,2,1,超级棒
41692,506,薛儒英,2017-01-12 11:03:31,2,2,0,太感谢薛儒英老师了，课上的很棒，微二微三也终于都通过了！
42436,506,薛儒英,2017-01-14 08:14:04,1,2,1,很呆萌的小老头，讲得很细，但是有时题目会做错。
43831,506,薛儒英,2017-01-17 04:38:40,6,9,3,没有师生情了 再见.jpg
43851,506,薛儒英,2017-01-17 05:04:15,-1,1,2,低空飘过。。。。
43852,506,薛儒英,2017-01-17 05:04:59,2,3,1,老师真的就很负责\n\n本人期末考崩绩点2.4\n\n绩点是真的不高只能靠自己努力
44250,506,薛儒英,2017-07-03 01:08:22,-8,4,12,老师讲课效率特别高，口音听两次课就会习惯，关键是老师呆萌，和蔼可亲。给分不好是假的，给分真的超级超级棒！
44495,506,薛儒英,2017-01-18 01:30:28,3,4,1,挺好的老师，微积分让我过了呜呜呜好感动
44653,506,薛儒英,2017-01-18 05:33:10,-2,0,2,很棒的老师！！
46090,506,薛儒英,2017-01-20 15:06:05,17,24,7,期中考试老师没有讲完所有要考的内容，自己看了看但是效果不好，期中直接挂掉了，很糟心。而且这个学期遇到的助教期中期末一点过程分都没有。怎么说呢？每节课基本上都坐第一排，老师讲的还是很不错的，然而一点分都不调。微积分I算一种遗憾吧。
46221,506,薛儒英,2017-01-21 03:11:40,0,4,4,老师讲的螺旋棒 逻辑和方法螺旋棒 讲的很慢 建议做笔记否则要开小差的 期中助教SB坑了好多分 总之很棒！
46312,506,薛儒英,2017-01-21 08:07:29,2,3,1,虽然自己考得不怎么样，但老师上课真的很棒
47202,506,薛儒英,2017-01-24 12:08:34,1,1,0,讲课超好，很认真的老师。小测代替点名，不调分。
47569,506,薛儒英,2017-05-27 10:29:44,3,4,1,老师上课超级棒，超级棒，超级榜，重要的事说三遍^O^给分就。。。。我哭了
47975,506,薛儒英,2017-02-28 00:41:22,1,7,6,上课不错\n\n但是平时分给的很低 期末考缺考直接全部打零分 导致只能重修
48307,506,薛儒英,2017-07-01 07:11:36,8,22,14,没有师生情了，再见.jpg
48760,506,薛儒英,2017-03-12 08:20:32,1,5,4,“wa”老师萌萌哒！讲的真心好，能跟上记笔记，问问题从来都是很耐心！可惜自己数学太差才3.3
51476,506,薛儒英,2017-06-06 07:13:20,3,3,0,超可爱~
52409,506,薛儒英,2017-07-03 02:49:46,-1,4,5,ummmm……卡绩点了 差一点点就多0.3绩点 真的不调分啊好悲伤 还是谢谢老师吧辛苦了
52416,506,薛儒英,2017-06-20 02:33:16,25,29,4,在我看来 这是一位心系物理 但身困数学囚笼 终身抑郁不得志的大学数学老师 ……
52775,506,薛儒英,2017-06-22 23:51:40,2,2,0,很有条理，讲的很细，必须十分
52807,506,薛儒英,2017-06-23 03:48:19,4,5,1,很呆萌的一位老师，讲课很细，课堂利用100％，其他的关键看个人了
53078,506,薛儒英,2017-06-25 10:11:57,-7,1,8,感谢老师让我过了
54593,506,薛儒英,2017-06-29 23:46:16,-2,3,5,一级棒！
55597,506,薛儒英,2017-07-02 04:20:07,-37,1,38,出分满绩来报恩
55607,506,薛儒英,2017-07-02 04:40:37,2,4,2,老师上课不错，虽然有口音，但是听个一两节课也就习惯了。讲的很清楚，但是拓展不多，例题大部分还是书上的，包括课后习题，但胜在逻辑清晰讲的清楚解题方法多。但是如果对自己要求高的同学还是再考虑考虑吧。
55618,506,薛儒英,2017-07-02 05:07:50,30,47,17,不调分 期末考难居然没调分 给挂了 就差一点点
55648,506,薛儒英,2017-07-02 05:56:30,11,18,7,挂了。。
55859,506,薛儒英,2017-07-02 13:26:54,-1,1,2,非常好 很和蔼
55896,506,薛儒英,2017-07-02 14:59:28,19,28,9,还不错，就是不调分，差一点过了
55986,506,薛儒英,2017-07-03 01:20:16,20,33,13,没有师生情，再难不调分，平时分也不会给很多。作为文科的社科生真的很难过，这次题都这么难了?
55991,506,薛儒英,2017-07-03 01:28:08,9,16,7,一点分都不调  拉低均绩0.2 绝望
55993,506,薛儒英,2017-07-03 01:29:41,10,18,8,没有师生情，不会调分
56001,506,薛儒英,2017-07-03 01:45:23,20,29,9,是真的一点分都不调\n\n
56004,506,薛儒英,2017-07-03 01:57:04,0,3,3,很棒很萌的老师
56007,506,薛儒英,2017-07-03 02:01:33,15,25,10,期末这么难都不调分吗?差一点
56155,506,薛儒英,2017-07-03 10:40:50,9,13,4,期末考挂了
56673,506,薛儒英,2017-07-04 08:30:24,0,8,8,老师人很好啊，例题很多作业也不多，第二次小测直接给满了，话说调不调分是全校一起的吧，单个老师没权利吧？最多动一下平时分？老师讲课那么细致认真，虽然考得不是很好，但我也只能怪自己了......总之老师人很好，有些评论有点难听了......
57997,506,薛儒英,2018-03-08 03:00:59,-133,5,138,4.8路过，实力摆在那里，试卷再难也考不倒\n\n
58980,506,薛儒英,2017-09-19 03:37:48,1,2,1,很好的
60117,506,薛儒英,2017-10-11 03:51:05,5,5,0,好老师，绝对的好老师
60767,506,薛儒英,2017-10-30 02:20:10,-1,3,4,满分走起。大一最喜欢的老师，老师人超好，永远是面带微笑地讲课。作业也非常少，口音听习惯了会觉得很有意思。讲解题目很耐心，上课进度也不快，跟上进度很轻松。总之真的是很好的老师。
61095,506,薛儒英,2017-11-08 11:52:48,1,1,0,你不要就点一点
61097,506,薛儒英,2017-11-08 12:28:55,1,2,1,上课认真，老师很好
61609,506,薛儒英,2018-07-06 05:33:10,7,9,2,口音啊…… 调调没有起伏 让人沉睡
61782,506,薛儒英,2017-11-21 01:52:21,76,79,3,讲课超细\n\n“郭同学开始上课了……”
61805,506,薛儒英,2017-11-21 04:24:49,3,5,2,学霸不宜
64821,506,薛儒英,2017-12-27 08:54:41,4,4,0,老师很好，坐在后排也看得清
65474,506,薛儒英,2018-01-04 09:00:45,2,4,2,讲的很清楚，每个知识点例题较多让人更好的理解知识，认真听绝对对你有好处
65972,506,薛儒英,2018-01-10 13:23:39,0,2,2,薛老真的超级好呜呜呜讲课很清楚，用的投影写得超级详细，作业少，平时分给得多，人也超和蔼超可爱。好可惜下个学期没选上薛老的课。
67044,506,薛儒英,2018-01-20 06:36:58,1,3,2,最爱这种讲课慢的老师，真的是上过的第一节听的都希望他稍微讲快点数学课！！小测给分极好！
68293,506,薛儒英,2018-01-23 02:44:25,3,4,1,老师上课很用心，声音洪亮，满满的干货，就是不知道结果怎么样了
68459,506,薛儒英,2018-01-23 08:31:13,1,3,2,老师很呆萌，与学生无交流，像牛逼靠听课和自学。看个人。互动 无。理性分析的人。
68706,506,薛儒英,2018-01-23 15:49:28,1,4,3,喜欢！是很可爱的老师！讲得很清楚！作业量也很合适！
68709,506,薛儒英,2018-01-23 15:52:12,0,2,2,超喜欢老师，讲义写的很清楚，每个人都能看到，讲课速度也保证大家都能跟上，下学期又选了老师的课
68729,506,薛儒英,2018-01-23 16:16:27,1,3,2,平时分给得超级好 板书投影讲得很清楚 下个学期真的超级想选可惜选不上了
68734,506,薛儒英,2018-01-23 16:25:45,3,6,3,好老师！！虽然我考的不好，但是老师讲课真的很细致！但是期末不给调分，哭泣.......下个学期凭自己努力拿高分吧！
68771,506,薛儒英,2018-01-24 01:07:30,0,3,3,讲课很慢很有条理，很认真的老师，听他的了很有收获，今年应该是调分了，给分也不错，很赞?
68782,506,薛儒英,2018-01-24 01:29:45,-4,6,10,上课很无聊，给分极差，平时到课分都不会给满，根本不想再见到这种老师
68869,506,薛儒英,2018-01-24 04:13:10,-4,2,6,老师超萌哒，期末明明眼看要挂了，被师生情拯救上3。\n\n不调分完全无可指摘好吗，平时分都快满了……
69134,506,薛儒英,2018-01-24 08:51:49,4,4,0,微积分甲\n\n1、老师人超好，很萌很开心。\n\n2、上课讲的很仔细，有很多自己的例题，注重基础。\n\n3、没有点名，两次小测，不会提前通知，不交就没有点名分了。小测做得好给五分，差一点的给四分。\n\n4、每周两次课，一周交一次作业。期末统计不交作业超过三次扣作业分。\n\n5、不知道老师调不调分，反正这一次期末期中都没有调分。\n\n6、老师上课用手写讲义，投影，不需要占位置，最后一排也看得见。
69354,506,薛儒英,2018-01-24 14:01:01,4,6,2,上课超级棒，给分也吼吼\n\n
70595,506,薛儒英,2018-01-27 09:10:09,2,4,2,拉低绩点0.15，糟心死了，成绩出来比预计的低很多，但是也没考的很好所以觉得查分挺不好意思，而且老师出分就退群了什么操作啊，写邮件更不好意思啊.....过程分估计没给了
72221,506,薛儒英,2018-01-29 14:46:00,-20,8,28,楼下4.8不知道在装什么，这种水卷不拿5.0在我看来和1.5没什么区别
72717,506,薛儒英,2018-01-31 03:12:51,2,4,2,调理清楚，不紧不慢。认真听的话可以跟得上，作业量不大。虽然只有3.3，但没有调过分，这是我自己的水平。还是谢谢老师啦！
73407,506,薛儒英,2018-02-01 13:53:25,3,4,1,老师很可爱 上课感觉他很投入开心\n\n条理很清晰 适合做笔记的\n\n但是速度比较慢 看个人吧
73456,506,薛儒英,2018-02-01 14:51:10,8,9,1,老师很可爱(๑• . •๑)有点口音更可爱而且备课很认真（虽然没好好听）
74714,506,薛儒英,2018-03-05 08:53:37,5,7,2,讲课有点口音不过听两节课就无所谓了。说话声音很清晰，上得也不快，认真听基本都能听懂。总觉得一上课老师就很开心。
75174,506,薛儒英,2018-03-08 01:25:53,5,6,1,老师讲课很认真，上课用手写的讲义投影出来，会讲很多精致的例题，考试卷子也是亲自批改，出成绩也很快
75426,506,薛儒英,2018-03-11 16:46:45,-14,3,17,轻轻松松4.8，赞！
75655,506,薛儒英,2018-03-15 01:09:05,7,9,2,要崩溃了…听不来这么重的口音。老师讲的内容应该挺好的…吧，但是我的耳朵觉得很难过……
75857,506,薛儒英,2018-07-07 03:16:23,-24,6,30,期中不调分，跟别的班差了至少三分总评。很多人说老师不调分没啥，你想想自己期末考了多少分？考60分的看老师平时给满了就感激涕零，说老师这里好，那里好。但你让一个考90多的结果4.2的同学怎么想？在别的老师的班里 可能出现这样的情况吗？每个人的要求不一样，你用自己的标准去衡量别人，还质疑别人为什么难过，有道理吗？你期末考100给你总评90，你同意吗？
76654,506,薛儒英,2018-04-17 08:20:10,4,6,2,不知道这么可爱的老师为什么要喷他\n\n例题讲很多 备课也很认真 给分也很好
76705,506,薛儒英,2018-04-19 01:16:11,-2,1,3,讲课非常仔细~
76706,506,薛儒英,2018-04-19 01:22:25,5,6,1,临表涕零，不知所言
78610,506,薛儒英,2018-05-14 00:45:24,-3,1,4,看着这均绩，感觉像被自己拉低了一样。。。老师很赞
80162,506,薛儒英,2018-06-21 01:13:31,-1,0,1,暨杀
80571,506,薛儒英,2018-06-28 03:43:46,2,4,2,备课很认真  很喜欢上老师的课 讲的超级细 口音什么的习惯一两节课就好了  反正能听懂 讲的好  真的好
80942,506,薛儒英,2018-07-03 03:10:00,1,3,2,老师是那种你越听课多了越觉得他好的。
80995,506,薛儒英,2018-07-03 08:20:54,0,2,2,挡掉体检，佛山手链。
81747,506,薛儒英,2018-07-06 05:10:06,1,5,4,绩杀...不调分太低了
81753,506,薛儒英,2018-07-06 05:37:40,-3,3,6,不调分，惊了......过程分也没有的我感觉又吃瘪了\n\n
81754,506,薛儒英,2018-07-06 05:38:54,14,15,1,给老师满分 给自己零分
81757,506,薛儒英,2018-07-06 05:52:46,3,4,1,不调分……真的太难受了
81876,506,薛儒英,2018-07-13 09:53:48,210,251,41,虽然微二比微一退步了，但在薛老师的课堂上收获了一个男朋友，划得来!
81893,506,薛儒英,2018-07-06 12:32:05,-17,3,20,和别的班差了起码两档了解一下\n\n满绩的水平喜拿4.2\n\n还卡绩点\n\n开心
81953,506,薛儒英,2018-07-07 04:50:20,4,11,7,评论区装x的sb可真多，整天嚷嚷着调分，还非要特别指出自己90分，好像考得很好的样子，不烦吗？
81960,506,薛儒英,2018-07-06 15:41:07,3,7,4,我就想说，有的班助教瞎调分，真的公平吗???谁给了他们这样的权利?你们知道那种感受吗?辛苦努力了一学期，得到的成绩还没有助教随随便便调分得到的高? ? ? 。
81989,506,薛儒英,2018-07-06 17:28:36,1,4,3,昨天考今天出 微二挂了 虽然幽怨一下老师不调分 也是自己离及格线太远233333老师是个很好的老师！
82076,506,薛儒英,2018-07-07 04:38:40,6,11,5,刚刚及格…真的是自己的问题，给老师打十分，上课不够认真课后太敷衍都是自己的问题。老师特别负责，讲课总是笑呵呵的很和蔼，讲得非常非常详细，每个步骤都会讲。可能对于思维太强的同学来说进度偏慢吧。但是老师真的很尽职了，调不调分不是评判老师水平和品质的标准。我刚及格也是我自己一学期态度的结果，没什么好说老师的~
82162,506,薛儒英,2018-07-07 09:46:49,2,6,4,谁也没有说过难就必须要调分，这一点没有什么好怪老师的。像我这种刚及格的菜鸡只能怪自己：一是菜，二是运气也不好遇上不会调分的老师，就这么简单。
82187,506,薛儒英,2018-07-07 10:52:37,-1,4,5,和善的小老头，残酷的绩点，期末考卷子上啥都会，卷面60多分。这句  guo同xio我们开始上课   我估计忘不了了。
82330,506,薛儒英,2018-07-08 02:09:34,-1,7,8,微积分甲2的学生。评九分\n\n期中77（真的没考好，有自身的原因也有助教不调分的原因，这个成绩放在全校显得一般般，没有特别好）期末84，和自己估计得差不多。总评4.2，马马虎虎。\n\n老师是真的挺负责任的，毕竟作为男老师我觉得他挺负责的。上学期是童雯雯的微积分，相比之下在关心学生上比不上女老师，但男老师有男老师的好处，比如思维敏捷，说话实在，没有太多闲扯。虽然自己好几次没去上课，但是是觉得自己已经掌握了，对于觉得自己还没学好的还是去上课认真听的。至于评论区喊期末给分差的，应该客观一点看看自己是否真的有想的那么好，还是只是主观上觉得能考这些分。\n\n给老师九分，不太好的地方是有点自顾自讲课不关注学生的反应，还有口音真的重
82379,506,薛儒英,2018-07-08 04:42:48,52,57,5,听了老师一年的微积分 可能老师不认识我 但是我不会忘记老师\n\n是个可爱的小老头 每次上课都微笑着讲课 投影自己写的手稿 偶尔写一下板书\n\n说话有些口音 但并不妨碍讲课 喜欢拓展线性代数和应用常微分方程知识的解题思路 喜欢拓展数学知识的物理应用\n\n有人说老师总不调分 分数很低 我想说这一年下来我学的微甲1和2 我都能收获我心理预期甚至更高的成绩\n\n\n\n最后一节课老师说【我们就讲到这里】\n\n我突然想起每一节课老师的第一句话【郭同学我们上课了】 我想以后也不会忘记\n\n大一就这样结束了 谢谢老师一年的辛勤指导❤
83403,506,薛儒英,2018-07-10 08:16:41,6,10,4,老师人很好，上课也很细心，给老师十分不为过。刚进大学的时候给自己说，只要学到东西就好了，不必过分追求绩点。所以这学期也斗胆选了薛老师的课，人很nice，虽然不调分，但是我觉得这是应该的，自己有什么水平就应该拿什么样的分数。虽然考的不好，但是还是谢谢老师和助教小姐姐一个学期的辛勤付出。
84159,506,薛儒英,2019-01-17 04:09:10,-42,6,48,呵呵了，给分全网最低，小测比其他老师难几个档次，平时成绩给分差，口音重，说不好普通话去练啊
84687,506,薛儒英,2018-07-13 14:19:17,1,1,0,呆萌，人超好
86715,506,薛儒英,2018-09-18 06:03:02,5,6,1,上数学课的体验\n\n
87040,506,薛儒英,2018-09-20 05:13:06,0,2,2,真的很踏实 有充足时间记笔记 满满的安全感
87981,506,薛儒英,2018-10-19 07:57:54,-1,1,2,挺好的，很细心，知识点清楚明了。
88068,506,薛儒英,2018-12-26 03:56:28,1,3,2,老师什么都好，就是给分不好
88243,506,薛儒英,2018-10-25 00:39:35,-2,0,2,口音重，听不懂，说话比较啰嗦，重复，讲课进度慢。讲课完全陶醉于自己，不管学生反应。想学好，自学吧，已经绝望，这是逼我自学
89980,506,薛儒英,2018-11-21 12:31:32,-2,1,3,这个老师真的贼可爱啊哈哈哈哈哈哈哈哈哈口音很有趣讲的也细致！
90053,506,薛儒英,2018-11-22 03:30:24,0,2,2,数学脱口秀\n\n
91097,506,薛儒英,2018-11-30 01:29:55,-1,0,1,听不懂
91478,506,薛儒英,2018-12-11 07:38:21,2,5,3,老师有点口音，但是讲课非常认真非常仔细，老师超可爱\n\n娃1娃2（y1y2）迷之函数(幂指函数）\n\n“好同学们我们开始上课了昂”\n\n超好，建议选\n\n对了，好像考试不会给提分
91975,506,薛儒英,2018-12-25 06:52:31,0,3,3,薛老师上课很好的，就是语气比较平，重点要自己体会。
92007,506,薛儒英,2018-12-25 10:42:37,3,4,1,老师超可爱！讲的很细，呆萌！可能有时候会重复但是如果走神了就还有机会听一次鸭！！虽然还没有期末考 绩点也不知道 但是老师真的台可爱了！
92579,506,薛儒英,2019-01-03 03:54:43,8,10,2,郭同学开始上课了
92908,506,薛儒英,2019-01-05 13:37:27,9,10,1,老师挺好的，不会存在不适合某学生的情况，因为他总是乐呵呵的，确实像一位专注数学家。课件很好，题型很全。助教很好看。
92919,506,薛儒英,2019-01-05 15:24:36,3,9,6,助教上课声音太小了，根本听不清啊啊啊
93523,506,薛儒英,2019-01-10 07:33:22,6,9,3,好可爱的老师，说到难题时:这样的题目不是我们能做出来的:)滑稽
93578,506,薛儒英,2019-01-20 04:56:08,-6,4,10,出分我都惊了，4.5 老师给分太好了！
93626,506,薛儒英,2019-01-11 03:44:28,1,3,2,很真实，有一种脚踏实地的感觉，讲解问题从来不马马虎虎，能够从我们学生的角度来思考。
93842,506,薛儒英,2019-01-14 03:34:56,18,19,1,也许他不善言辞略有口音，但他试图告诉我们所有的题型和解题技巧；也许他讲课不是充满激情，但他的课件永远是准备的最充分的。专注数学，兢兢业业教书，确实是好老师。
94217,506,薛儒英,2019-01-16 01:55:15,3,5,2,十分！好老师 不解释
94218,506,薛儒英,2019-01-16 01:59:33,4,5,1,寒冬中的一股暖阳
94219,506,薛儒英,2019-01-16 02:00:42,1,3,2,师生情啊！感谢老师！！！
94220,506,薛儒英,2019-01-16 02:05:29,4,5,1,老师人超好，就很南方大伯伯的感觉
94221,506,薛儒英,2019-01-16 02:07:21,1,2,1,生趣，有听下去的动力
94222,506,薛儒英,2019-01-16 02:08:21,1,3,2,微二重修，靠薛老师才过的，再生父母呀
94223,506,薛儒英,2019-01-16 02:09:11,-2,0,2,很棒，很负责任的老师！\n\n
94224,506,薛儒英,2019-01-16 02:09:26,0,0,0,很好很负责！
94230,506,薛儒英,2019-01-16 02:31:55,2,2,0,非常棒，浓浓师生情
94236,506,薛儒英,2019-01-16 02:56:49,1,2,1,老师太好了！！！感恩老师给过?
94377,506,薛儒英,2019-01-16 08:56:08,2,2,0,讲的可以
94500,506,薛儒英,2019-01-17 03:04:33,5,5,0,太棒了 循补班很仁慈的 期末考不好但靠平时成绩拉到及格线
94970,506,薛儒英,2019-01-18 14:02:17,-1,1,2,很好啊，考试要考的的讲，考试不考的也讲。
95413,506,薛儒英,2019-01-19 10:47:48,4,4,0,循环补充班过的 真的谢谢老师对我们这些学渣还这么耐心 真的良心老师
95686,506,薛儒英,2019-01-20 01:38:21,2,4,2,老师呆萌呆萌的，讲的很详细，最后给分挺不错，平时分尽量给满，很体贴学生。
95687,506,薛儒英,2019-01-20 01:38:23,1,2,1,感谢社会主义师生情让我过了!
95689,506,薛儒英,2019-01-20 01:52:55,4,4,0,老师太好了，太好了，期中54，期末75，本来以为要挂了，结果老师平时分给的巨好，虽然自己太差有点被卡绩，不过还是超级开心了，没挂就好，老师太好了，吼吼
95695,506,薛儒英,2019-01-20 02:03:32,6,7,1,老师真的很可爱，讲得很细致，上课全程都是和善的笑容。考前讲了前三年的期末试卷，也有点到给分方式。平时分能满的几乎都给满了，助教小姐姐人也超好！
95697,506,薛儒英,2019-01-20 02:06:10,-1,3,4,感觉老师超级好，最后刚刚好89，4.5分。谢谢老师一学期的陪伴。老师人很nice，给分也好，期末还会给你们讲题目哦。
95699,506,薛儒英,2019-01-20 02:09:49,-1,0,1,老师讲的真心好，平时分给的也很高。虽然有地方的口音（wá jū）但真的认真负责
95702,506,薛儒英,2019-01-20 02:16:14,5,6,1,在浓浓的郭位同学中的开场白中度过最美好的每节课，选课选薛老师就对了
95706,506,薛儒英,2019-01-20 02:22:23,7,7,0,薛儒英老师真的真的超级棒!微积分对我来说真的感觉很难，但是最后老师给我调分了，让我不挂科，太爱老师!
95713,506,薛儒英,2019-01-21 06:31:30,0,1,1,不点名，上课也很有条理，学习只要用心就有好成绩
95714,506,薛儒英,2019-01-20 02:29:56,-1,2,3,口音很有味道，建议语言能力差的同学慎选。
95717,506,薛儒英,2019-01-20 02:36:30,3,4,1,爱老师爱助教，其他科目都被卡绩，唯有微积分刚好上档，希望老师一辈子都这么可爱ớ ₃ờ
95725,506,薛儒英,2019-01-20 02:47:30,3,3,0,很开心
95748,506,薛儒英,2019-01-20 03:36:11,-3,1,4,十分！！作为一个翘了无数节课的人，平时分居然还是满的！薛老师给分真的不错啊！
95760,506,薛儒英,2019-01-20 03:48:36,-3,0,3,萌萌哒老薛
95761,506,薛儒英,2019-01-20 03:50:31,-1,1,2,感谢薛老师！！！！我微积分期中60，期末基本不会，最后分高到我感动我哭了，浓浓师生情
95770,506,薛儒英,2019-01-20 04:23:12,1,1,0,老师好萌！
95777,506,薛儒英,2019-06-22 14:22:47,0,2,2,挺仔细的，如果认真听就能收获很多，口音有点重但是很可爱hhhhhhh
95781,506,薛儒英,2019-01-20 04:39:22,1,1,0,老师讲得特别好，特别详细。我都这么水了，还没挂，大爱薛儒英。
95783,506,薛儒英,2019-01-20 04:40:23,0,1,1,老师讲的很细，比较适合我这种不会自学能力不强的人…上课认真听真的收获会很大！谢谢老师反正
95784,506,薛儒英,2019-01-20 04:41:23,-2,0,2,薛老师太棒了，感谢不挂之恩
95789,506,薛儒英,2019-01-20 04:53:12,-1,0,1,老师炒鸡可爱！！
95795,506,薛儒英,2019-01-20 05:18:55,-25,1,26,不调分\n\n不调分\n\n不调分\n\n期中考炸了\n\n最后91.3\n\n光荣卡绩。\n\n相信我一分不调。\n\n讲的还是不错的。
95804,506,薛儒英,2019-01-20 05:29:03,0,1,1,谢谢老师，认真学习的话收获真的蛮大的
95806,506,薛儒英,2019-01-20 05:35:15,1,2,1,我爱他\n\n浪死不挂\n\n而且助教小姐姐也太好了吧\n\n最后一天补了两个月的作业平时分给满了\n\n55555太感动惹
95809,506,薛儒英,2019-01-20 05:45:14,8,9,1,老师的课十分细，会补充很多书上没有的例题，只是讲起来嘛，有点口音，也不是那种可以直接让你很想听的，但告诉自己“别水手机，多做笔记”上课收获满满。\n\n期末虽然不调分，(ps:个人其实并不太喜欢调分的存在，感觉这样只会让自己对自己要求越来越低)但平时分给的十分松，给分也算一个好老师了。尤其让我一个期末崩盘的人总成绩上4，真的已经十分感动了。
95812,506,薛儒英,2019-01-20 05:49:24,-1,2,3,已经离不开薛老师的口音了
95947,506,薛儒英,2019-01-20 09:10:03,1,3,2,老师真的超可爱！萌萌的！口音我觉得虽然是有但是是不会影响你听懂与否的鸭。期末会帮忙调分~
95970,506,薛儒英,2019-01-20 09:46:04,0,1,1,感谢老师，课件仔细讲解也到位，连记笔记的时间都刚好
95974,506,薛儒英,2019-01-20 09:49:36,1,3,2,感谢老师不杀之恩！！呜呜呜老师人超好(づ ●─● )づ
96004,506,薛儒英,2019-01-20 10:55:33,-1,1,2,爱您爱您❤️
96011,506,薛儒英,2019-01-20 11:15:23,-2,0,2,口音不是大问题啊！！很快就习惯了！老师超级超级可爱的 讲课也很细致 喜欢！期中炸了的我最后上4了 感谢老师！！
96017,506,薛儒英,2019-01-20 11:30:14,3,4,1,上了薛老师的微甲1感觉真的很好，上课条理非常清晰，口音一开始不习惯后来觉得特别可爱，老师呆呆萌萌的也特别可爱，只要好好努力会得到应有的分数的!!
96064,506,薛儒英,2019-01-20 12:12:28,-2,1,3,薛老师人真的超好！很可爱！！讲课比较偏重基础，逻辑清楚，适合我这种不是很有天赋的同学。
96287,506,薛儒英,2019-01-20 16:25:40,1,3,2,薛老师真的很棒！！上课通俗易懂，作业不多，助教小姐姐也超可爱！！！我吹爆！而且给分也好！！平时分都给满！
96349,506,薛儒英,2019-01-21 01:01:53,-1,1,2,老师很棒
96350,506,薛儒英,2019-01-21 01:01:53,0,2,2,老师很棒
96395,506,薛儒英,2019-01-21 02:17:04,0,2,2,太棒了！
96595,506,薛儒英,2019-01-21 07:12:42,2,3,1,老师很好，上课总是面带微笑，答疑也很耐心，讲解生动，例题丰富，只要认真听课，最后绩点肯定不低
96770,506,薛儒英,2019-03-06 23:55:39,3,6,3,干货满满的上课方式。\n\n推荐任何水平的同学来上薛老师的课。\n\n有一点点口音。\n\n笑起来很和蔼，让人如沐春风的那种，而且整节课始终挂着微笑。
96880,506,薛儒英,2019-01-21 11:35:50,4,8,4,老师标志性的两句话:上课前“同学们我们开始上课了”，下完课“那同学们我们继续上课吧”，请自动带上老师可爱的一点点口音。虽然老师亲口说不调分，但平时分基本给满啊！！！3.0的成绩已经出乎本菜鸡的意料了，毕竟上课控制不住自己睡觉，后半个学期老是迟到，好多次作业没写。。。虽然自己学得不好，但感觉老师上课讲得很好啊，条理清晰，用投影仪，坐后面也看得清，即使迟到了也总能在前排找到零散的空位，超适合我们这样起不来床的懒癌星人~
97713,506,薛儒英,2019-01-22 13:57:53,1,3,2,老师很好，很可爱，就不小心卡绩了，有点难过。我知道很正常，但毕竟是门五学分的大课。
98082,506,薛儒英,2019-01-23 05:05:17,-1,1,2,老师萌萌哒，讲课很有调理。
98092,506,薛儒英,2019-01-23 05:13:50,0,3,3,是一个很和蔼的老师，讲课思路也很清晰，个人感觉微积分成绩更多要靠自己课后吧，认真学的话绩点还是挺好的
99061,506,薛儒英,2019-01-24 08:09:47,-2,1,3,老师热情认真，平时分给的多，微二加油吧！
100574,506,薛儒英,2019-01-26 10:31:24,2,4,2,薛老师呆萌！助教小姐姐也很棒！平时分都给满了，虽然期中炸了，最后给分还行，至少对于一个一直不喜欢数学的人来说已经足够了！PS:现在自带薛老师的口音翻译的驱动程序了，哈哈哈
103064,506,薛儒英,2019-02-26 00:49:27,-1,4,5,比矿爷好，务实
103314,506,薛儒英,2019-02-27 08:49:46,-3,3,6,不调分是真的不调分！！真的要谨慎！特别是社科的文科生！！北方同学慎选！！口音真的听不懂而且昏昏欲睡！
103890,506,薛儒英,2019-03-07 03:47:56,-5,4,9,抱歉 单纯为口音打低分 南方人听惯了南方口音就别来了 这口音上过无数外地老师的课 第一次让我这么难受
104574,506,薛儒英,2019-03-24 03:06:58,2,4,2,讲课很有激情，而且讲的很细致。循环补充班一个上午一直都在讲，感觉好辛苦
104999,506,薛儒英,2019-04-02 03:45:21,-1,4,5,面带微笑一上午，讲得很细很有条理。和蔼亲切(^_^) 。只是要好好听课有丶累。
105507,506,薛儒英,2019-04-16 01:04:02,1,7,6,犹如念经
109474,506,薛儒英,2019-06-17 13:45:11,-2,2,4,非常好
110253,506,薛儒英,2019-06-25 09:45:32,-58,4,62,4.8路过，实力摆在那里，试卷再难也考不倒
110318,506,薛儒英,2019-06-25 15:07:07,3,8,5,循环班 作业基本完成 小测有形策缺了一次...期末尽自己可能写了大半...然后还是不及格..循环班平时分有多少为什么还是不给过....文科生已经崩溃了...
110397,506,薛儒英,2019-06-26 10:30:31,-14,3,17,平时分你是要自已留着用吗？
110466,506,薛儒英,2019-06-29 02:56:32,-4,8,12,听不清口音 上课无聊 不调分！！！\n\n慎选！！！
110512,506,薛儒英,2019-06-27 08:09:29,5,7,2,强力推荐啊 老师非常的好 讲课讲的也好 啊非常的可爱 真的是浓浓的师生情
110518,506,薛儒英,2019-06-27 08:44:38,7,9,2,郭同学～爱了
110703,506,薛儒英,2019-06-28 05:02:12,8,9,1,郭同学 我们开始上课啦
110982,506,薛儒英,2019-06-29 03:14:12,9,10,1,PPT非常好，讲课很有条理能听下去。平时分好好做会给满的，微一微二都是薛老师，好评
110999,506,薛儒英,2019-06-29 05:02:03,6,8,2,薛老师真的是又和蔼又可亲，教学还热情，一句郭同学，让我终身难忘
111020,506,薛儒英,2019-06-29 07:02:28,13,14,1,感谢薛老师不仅没有挂我还给我两次3.6微积分甲。\n\n\n\n【郭同学我们开始上扩】
111050,506,薛儒英,2019-06-29 10:30:35,-17,5,22,我上了老师的微积分（甲）二，最后4.8。老师讲课很系统而且详细，思路清楚，适合数学不太好的同学。但无论老师好坏，微积分这种课想要拿高分，还是要自己课下努力猛刷题的。
111159,506,薛儒英,2019-06-30 06:17:51,-1,1,2,嗯，挺好\n\n
111342,506,薛儒英,2019-07-01 03:42:10,6,7,1,4.8那个，你怎么没有5.0呢?还实力摆在那，xswl
111621,506,薛儒英,2019-07-02 08:19:43,3,4,1,期末炸了，呜呜呜，平时分给的挺好的，做了mooc基本能满，期末不调分，全看自己，然后上课还不错，我自己菜不能怪老师
112674,506,薛儒英,2019-07-05 00:11:05,7,10,3,上课明明说的是”果冻学”?
113745,506,薛儒英,2019-07-07 07:19:09,-48,4,52,老师真的不错，微甲2满绩了\n\n说不调分的还是自己没好好学，好好学是个人都能满绩
114419,506,薛儒英,2019-07-10 01:28:09,7,10,3,可爱的老薛
114529,506,薛儒英,2019-07-10 11:28:12,138,140,2,老师上课很认真，干货满满，知识点讲得都很仔细。平时分只要作业漏交不超过3次+慕课小测做完基本都给满了。期中期末考试不调分，最终只能靠自己。老师的口音其实习惯了还是很好玩的。“guōwèi（各位）tǒngyuē（同学）我们开始上kuò（课）吧。”“xiǔxiān（首先）把系数jiāo（加）到xiánmiàn（前面）。”“我们来求这个fǔlǐyègísù（傅里叶级数）。”“这样求多少mófán（麻烦）呢，这样做不就行了。”“这个土豆，我们把它劈成shùtiǎo（薯条），劈得足够细就能求出近似体积。”“解这个偏微分方程，x后面要跟上一个fi（φ）y。”“这个lú（ρ）就是无穷小量。”
115397,506,薛儒英,2019-07-21 04:37:50,3,4,1,老师真的很好，上课极为用心，给出的例题大多数书上没有并且非常有用，只要上课好好听，作业好好做，完全可以不用刷题
116716,506,薛儒英,2019-09-14 02:57:50,1,1,0,感谢老师，希望这学期可以过
116856,506,薛儒英,2019-09-17 00:42:27,1,3,2,从很基础开始哦，节奏不快很舒服
116869,506,薛儒英,2019-09-17 02:14:19,-1,1,2,老师是很好很可爱的老师，但是口音听起来真的稍微有点吃力，也导致了睡着十分容易……我是真的顶不住了
117150,506,薛儒英,2019-09-20 01:30:15,2,2,0,很和蔼，人很好，讲解细致，（有口音）
117508,506,薛儒英,2019-09-25 07:59:53,4,7,3,老师人很好讲课也很认真，助教姐姐也很漂亮
117592,506,薛儒英,2019-09-26 11:07:05,2,3,1,2.0绩点，实力摆在那里，不过老师上课真的好
118014,506,薛儒英,2019-10-19 00:18:07,32,34,2,管牢管牢
118625,506,薛儒英,2019-10-29 23:17:38,0,3,3,听说不调分……不过老师是真的好！
120859,506,薛儒英,2020-01-18 00:10:27,4,5,1,给我的第一印象：薛老师真的很喜欢很喜欢教数学，三节大课从不水，脸上的笑容真的让人很喜欢，给分的不错，方言的话习惯就好啦
121157,506,薛儒英,2020-01-20 01:22:13,1,1,0,老师好，是我菜
121304,506,薛儒英,2019-12-23 06:27:57,1,3,2,概念清晰 课件内容满满干货 永远挂着笑容的好老师
121499,506,薛儒英,2019-12-15 02:16:56,4,4,0,怎么会有这么可爱的老师啊
121551,506,薛儒英,2019-12-12 12:40:34,0,2,2,同学们，我们来上课吧\n\n
121762,506,薛儒英,2020-01-21 17:47:43,1,2,1,😲
121859,506,薛儒英,2020-01-22 15:58:06,3,5,2,绝对的好老师，三节课每次上得都很充实，个人感觉浙大遇到的老师中最负责，最值得感激的一位
122019,506,薛儒英,2020-02-01 05:58:10,4,4,0,老师很不错，有一点点口音
122412,506,薛儒英,2020-02-26 15:30:40,124,151,27,问一句，为什么薛老师的微积分甲二平均绩点比其他老师的低0.4-0.5？有点慌，看见的请顶我上去秋梨膏
123150,506,薛儒英,2020-05-13 09:57:03,0,1,1,super好老师
123561,506,薛儒英,2020-06-10 03:25:16,0,1,1,好好好好好
123571,506,薛儒英,2020-06-10 05:52:22,5,5,0,薛老师的课真的挺认真负责的。讲的很透彻。除了些许严重的口音
123579,506,薛儒英,2020-06-10 08:14:02,1,2,1,如果你能适应某些口音，薛老师的课是非常棒的！老师真的很可爱~
123621,506,薛儒英,2020-06-10 13:56:51,5,6,1,令人发噱的口音，反而有点魅力
125151,506,薛儒英,2020-09-02 09:13:42,1,2,1,讲课很认真，成绩不好的问题是我太菜了，哭
125206,506,薛儒英,2020-09-03 14:45:43,0,4,4,我的天哪 我室友只做出来一道题 竟然和我绩点一样 真的没想通我为什么会是这个成绩
125510,506,薛儒英,2020-09-10 17:28:16,1,2,1,上课讲得很好，但是略催眠（或许是网课的锅），给分非常求是
125917,506,薛儒英,2020-09-15 14:40:45,3,5,2,讲课很有激情，口音很有特色。\n\n饿分资怕，仿函数。。233
126301,506,薛儒英,2020-10-15 00:52:20,10,11,1,郭主任，我们开始上课吧
127703,506,薛儒英,2020-11-26 01:52:13,2,4,2,绝世好老师！！！上他的课的同学好好珍惜吧
127723,506,薛儒英,2020-11-26 05:38:59,2,5,3,老师讲的很充实，课上的很好，人也很好，助教小姐姐好看
128588,506,薛儒英,2020-12-24 08:20:05,3,3,0,老师上课很认真，条理清晰。天然呆萌。虽然进度会有点慢，但感觉学的很扎实。虽然略带口音，但习惯就好了。感觉很幸运微1遇到了薛老师。
128660,506,薛儒英,2020-12-25 02:53:16,5,5,0,真的超好！！！很可爱的老师。知识点讲得很细很扎实
129935,506,薛儒英,2021-01-14 00:34:05,6,11,5,薛教授真的好负责啊，就是口音有点重，但听多了还觉得不容易走神……\n\n再感慨一下助教xjj好漂亮
130229,506,薛儒英,2021-01-19 14:04:48,-1,1,2,上过他的1和2的循环补充，老师非常温和，讲课进度也很友好，ppt非常清晰，让我等数学菜鸡也过关了，真的很友好了
130549,506,薛儒英,2021-01-23 14:57:54,2,3,1,老师给分太好了！
130593,506,薛儒英,2021-01-24 01:34:20,3,11,8,平时分给满啊，上课很好也不点名，偶尔翘课不刷题，最后绩点4.5。\n\n以前怎么样不知道，现在薛老师应该是在积极捞人了\n\n选他，选他
130611,506,薛儒英,2021-01-24 02:59:45,-2,2,4,谢谢老师捞我！
130628,506,薛儒英,2021-01-24 04:43:10,4,8,4,喜欢老师，助教xgg人也超好！
130647,506,薛儒英,2021-01-24 05:28:30,0,2,2,总之选了绝对不会后悔系列
130652,506,薛儒英,2021-01-24 05:58:06,1,2,1,虽然有口音但是还是挺好的选他准没错
130944,506,薛儒英,2021-01-25 10:52:04,-2,1,3,真心好老师
132015,506,薛儒英,2021-01-30 02:56:06,5,6,1,智云选手bd
132036,506,薛儒英,2021-01-30 03:45:55,9,10,1,前面基本上都是评价普通班的。甲1甲2的循环补充班也都是薛老师上的，老师很认真，每种题型的方法都讲的很透彻，即使基础不好也能轻松掌握。\n\n平时分包括4次测试+每周作业，最后考试比正常班简单很多，多刷作业题即可通过。\n\n最后，感谢薛老师两个学期的辛勤教导！
132270,506,薛儒英,2021-01-31 12:19:31,3,7,4,薛儒英老师超级好！助教啸林小哥哥也超可爱！虽然我冬学期一节课也没去😂最后狗上4.2也是很满意的啦～
132461,506,薛儒英,2021-02-01 17:03:47,-20,12,32,好老师，不调分，不过我满了。\n\n微积分想满绩光上课听讲下课做作业没用的，起码得额外刷两本习题集。而且浙大的考试题又这么变态，建议做点数学分析提高一下，我用的是吉米多维奇，今年考试四个证明三个都是习题原题哈哈（思路一样，数值不一样）
132798,506,薛儒英,2021-02-03 16:36:03,4,4,0,老师讲课很有条理，知识点很扎实
134719,506,薛儒英,2021-04-12 03:49:49,7,8,1,严重被低估的好老师，讲课极其透彻，进度尽可能放慢就是为了让你听懂
135031,506,薛儒英,2021-04-27 10:28:21,18,21,3,讲课非常流畅，虽然有比较重的口音但是很容易让你听懂\n\n期末海底捞的能力真的没见过更优秀的了\n\n感谢大一上就预置到薛老师的课\n\n不会忘了那句“郭同学我们开si丧课吧”\n\n10分不解释
137175,506,薛儒英,2021-07-02 02:16:33,-3,1,4,111
137249,506,薛儒英,2021-07-02 14:13:37,-9,7,16,钉钉从来不回消息
137423,506,薛儒英,2021-07-04 05:31:51,-4,10,14,微二上的老师的课，老师讲的很细致，保姆级教学，真的手把手教后面的六种积分，总评91，虽然被卡了但是比微一高了超级多，感谢老师，吹爆老师！！！
137424,506,薛儒英,2021-07-04 05:44:20,9,9,0,老薛真的海底捞啊
137434,506,薛儒英,2021-07-04 07:09:14,0,2,2,海底捞啊太神了
137436,506,薛儒英,2021-07-04 07:14:22,4,5,1,吹爆xry老师啊啊啊！！
137445,506,薛儒英,2021-07-04 07:55:24,1,3,2,老师讲课非常好，备课很认真！
137482,506,薛儒英,2021-07-04 11:45:56,2,5,3,非常细致，根本不怕上课走神，认真听一会儿就又跟上节奏了！！
137495,506,薛儒英,2021-07-04 13:10:36,7,7,0,选他没错，给分超好超会捞
137659,506,薛儒英,2021-07-05 13:33:37,1,5,4,呜呜呜薛老师是浙江大学最好的老师，我这种死菜鸡居然有3.9，我真的配吗😭😭😭
138860,506,薛儒英,2021-07-11 10:17:02,0,2,2,海底捞！！！！！！
140583,506,薛儒英,2021-09-14 04:32:43,-1,0,1,非常非常非常好的老师！！
141086,506,薛儒英,2021-09-23 05:20:40,1,2,1,口音问题因人而异吧，我一北方人听得蛮清楚的
141141,506,薛儒英,2021-09-24 11:17:37,-1,1,2,好老师，个人感觉微积分讲得最好的一个
141305,506,薛儒英,2021-09-29 07:15:31,1,3,2,老师人超级nice 期末海底捞。大佬的话满绩有手就行，菜鸡也能拿一个不那么难看的绩点——比如我
141912,506,薛儒英,2021-10-31 11:00:44,-2,0,2,好老师，好的没话说
143165,506,薛儒英,2021-11-20 11:06:34,8,11,3,真的好，写不出什么东西但是为薛老师分数早日收敛于10做个贡献
144142,506,薛儒英,2021-12-19 13:19:37,2,4,2,真的真的好喜欢好喜欢薛老师，虽然我微积分学的很吃力，但是天天看到老师可爱地讲课就很开心~
144319,506,薛儒英,2021-12-21 05:53:27,-1,1,2,讲课超清晰条理，建议跟着老师讲的记笔记。超棒的老师！
144513,506,薛儒英,2021-12-22 03:37:16,10,10,0,明明上课听了，作业也认真做了，可是一到考试就不会做，老师讲得挺好的，可是我不能再选了，心态崩了
144626,506,薛儒英,2021-12-23 01:41:00,6,7,1,老师人超好，前一次忘了签到，后一次去补签老师也同意了
144716,506,薛儒英,2021-12-23 10:01:26,10,14,4,听他的课我真的体会到了什么叫人民教师，什么叫教育事业。他真的很爱很爱教书（虽然我vjf还是那么菜，感觉好对不起他）\n\nPS有一次早八网课前给我们放了一曲拉德斯基，直接把我从床上拽起来坐好认认真真听2333
144835,506,薛儒英,2021-12-25 05:00:05,6,10,4,老师超级好！我超级喜欢薛老师！人很亲和！课上的也很好！总是乐呵呵的！认真听课不会亏的！！！！墙裂推荐\n\n再来说说助教，助教xgg也很好的！我总是去问问题，他会给我找教材上的类似的题，人超好！\n\n不调分怎么了嘛，这样不也很好，push学习，本来就应该公平啊
144836,506,薛儒英,2021-12-25 05:17:22,7,7,0,真的很好很好的一个老师了555
146434,506,薛儒英,2022-01-06 14:51:44,1,4,3,老师真的很好(´｡✪ω✪｡｀)
146443,506,薛儒英,2022-01-06 14:57:00,3,5,2,老师讲的太好了！！\n\n本菜鸡拿到的分数也不错\n\n就是讲课有点口音，外地的同学可能一下子适应不过来
146445,506,薛儒英,2022-01-06 14:57:53,0,3,3,薛老师真的是个好老师，讲的很细致哈，每次都乐呵呵的，让我这种菜鸡也会慢慢爱上微积分😂，最后绩点还可以，虽然以后大概率不会见面了呜呜…
146446,506,薛儒英,2022-01-07 06:44:09,10,17,7,薛老师！我的超人！老师真的很和蔼很可爱🥰🥰\n\n薛老师上课很幽默，很有条理，绝对不会让人犯困。平时分好好学能轻松拿满。\n\n最后绩点4.8，谢谢薛老师和助教\n\n当然记忆最深的还是开局的那句【郭同学我们开始上课】😃
146455,506,薛儒英,2022-01-06 15:05:06,3,3,0,感谢薛老师!下学期还是你!
146464,506,薛儒英,2022-01-06 15:24:11,4,5,1,老师人真的很好，上课一直是笑眯眯的，交流的时候也很友好；上课讲的很细致，照顾理解能力差的同学；最后感谢老师捞我这个数学苦手
146465,506,薛儒英,2022-01-06 15:24:39,2,4,2,出分后专门过来感谢老师，期末捞了我一把，上课有条理，讲的蛮好的，很庆幸大一刚入学能遇到这么好的老师！
146468,506,薛儒英,2022-01-06 15:38:09,0,2,2,棒棒棒
146475,506,薛儒英,2022-01-06 15:55:30,4,8,4,微甲Ⅰ出分后来评价一波，虽然我绩点不太高，但薛老师的业务能力是毋庸置疑的：讲课循循善诱，而且一直面带微笑，平时分也给的很友好了，应该是我题做的太少，呜呜呜/(ㄒoㄒ)/~~而且作为一个外地人，老师的口音真的有一点点重，我适应了小半个学期。（建议大家课前预习一小下，否则可能有一点听不进去）
146477,506,薛儒英,2022-01-06 15:58:29,-1,4,5,老师讲课很清楚，平时分也给我这种vjf菜鸡拉满了，感谢老师！
146481,506,薛儒英,2022-01-06 16:08:50,0,1,1,这学期上的薛老师的微甲1，虽然有点小口音，不过总体来说还是可以听清楚的，讲课超级耐心。本人水了一个学期最后给分也特别好，微甲这东西平时更多还是要靠自己的，老师能捞的程度也是有限的。微甲2选到好遗憾（没法调时间的专业课和薛老师的课顶的死死的，也是没有办法啊）
146502,506,薛儒英,2022-01-06 17:38:00,3,4,1,薛老师人真的很好，虽然我真的没好好读微积分所以绩点不是很好看……但是老师讲课很有条理，只要认真听就会有收获😢
146515,506,薛儒英,2022-01-06 23:31:11,0,1,1,爱死薛老师了，上课极有调理，PPT真的很棒
146531,506,薛儒英,2022-01-07 01:06:43,5,6,1,可爱 认真 耐心 负责 热情 期末前会有两节课的复习时间，吹爆！！
146548,506,薛儒英,2022-01-07 01:58:28,1,2,1,给分真的好
146630,506,薛儒英,2022-01-07 06:01:26,8,10,2,老薛确实牛逼，教得好，人和蔼，平时成绩也仁慈，虽说那个绩点吧也许不那么漂亮，但关键是要能学到点东西对吧。
146636,506,薛儒英,2022-02-12 00:48:01,-42,10,52,综合考虑之下，薛老师真的是一名好老师。或者说，除了给分差这一点，简直是个完美的老师。我个人对薛老师的误解集中在给分上，我的一些朋友也是如此。但是如果真的客观来讲，薛儒英老师的评分，我可以给85/100（很高）。
146681,506,薛儒英,2022-01-07 07:48:37,1,5,4,实话实说，上课本身是一般般的，但是给分很好，PPT制作的很便于后期复习。自学能力强的同学强推，认真点可以满绩！
146703,506,薛儒英,2022-01-07 08:34:18,-3,0,3,老师很好，是我太菜，讲的很仔细！还有优秀的PPT～
146829,506,薛儒英,2022-01-07 14:12:05,2,3,1,老师真的是好老师，口音没有想象的严重，真的太捞了，快选他
146907,506,薛儒英,2022-01-08 03:54:01,-25,10,35,不作为的老师
147046,506,薛儒英,2022-01-08 13:55:51,2,8,6,薛老师特别可爱，虽然有一些口音，但千万不要被之前的评价吓到，本方言素养几乎为零的北方（某地）人经过一节课的适应后可以轻松听懂，而且不妨碍理解说话内容的口音本身也很可爱啊！下面进入正题（目前只上了微甲一，微甲二下学期再来补充--没错 又选了薛老师）：PPT优秀，利于复习；讲课比较细致，速度稍慢，但更利于消化理解，也便于能力强的同学利用课堂时间往后预习自学；至于给分，平时分的作业分只要认真做基本都会给满，点名看出勤，小测按等级赋分，做对80%就可以给满，剩下期中期末考的分，值得一提的是，这学期薛老师的两次小测都是选择题（最后多说一些，其实像微积分这种硬课可能看重的更是个人能力，比如学习理解能力应试技巧等等，所以调分空间较小，所以我认为各老师给分差距应该也不太大？）
147067,506,薛儒英,2022-01-08 14:28:38,3,5,2,挺捞的，讲的很仔细，好好上课看ppt会有很多收获
147593,506,薛儒英,2022-01-10 09:14:57,5,8,3,上课态度很好，但是客观地说，薛老师讲课很慢，布置的作业比较基础，比较适合平均水平较低的同学，建议基础好、能力较强的同学选别的老师的课，下面那位抱怨自己100水平总评80+的同学的感受可以理解，可以说不是凡。anyway，希望同学们理智看待各种老师底下的讨论，这种硬课就不要盲目追求评分高的老师了。
148203,506,薛儒英,2022-01-12 01:25:32,-61,7,68,微甲几乎没咋听课，最后因为期末考比较简单还是拿了满绩，老师是好老师，讲的很慢很细。
148204,506,薛儒英,2022-01-12 01:25:02,-61,6,67,微甲几乎没咋听课，最后因为期末考比较简单还是拿了满绩，老师是好老师，讲的很慢很细。
148205,506,薛儒英,2022-01-12 01:25:02,-67,3,70,微甲几乎没咋听课，最后因为期末考比较简单还是拿了满绩，老师是好老师，讲的很慢很细。
148260,506,薛儒英,2022-01-12 03:50:40,4,6,2,是好老师！ppt很优秀，能很清晰地看出条理来，配合的题目也很好。而且给分很好的！助教也是，平时分能拉的全拉满了感觉。\n\n看到有不少评论提及老师的口音问题，个人是感觉完全不受影响，反而是加分项！非常可爱！\n\n总之老师和助教都是很nice的人！推荐！
148945,506,薛儒英,2022-01-14 04:08:25,5,7,2,好老师，认真做作业听课就够了，不用自己加练，绩点肯定好看的，至于楼下那位不听课满绩的神仙，我就呵呵了，您到哪里都是满绩吧！
149339,506,薛儒英,2022-01-15 06:30:51,4,5,1,果断给了10分，数学成绩不高从初中就开始了，想改变也没那么容易，但是老师上课很认真敬业（连上一上午音量都不会变），用ppt对我来说比手写笔记更友好，最后老师会在期末考试公布平时分，当看到小测被捞了一把之后期末考试的信心也增强了捏🥰下学期上薛老师的课会会好好努力的!
150269,506,薛儒英,2022-01-21 07:16:16,6,7,1,除了绩点以外一起均好
151027,506,薛儒英,2022-02-22 04:35:49,0,2,2,今天第一节课老师的口音就给我留下了深刻的印象，外省人表示老师说话有一半听不懂，不过老师的课讲得很好，ppt很有内容，十分推荐！
151493,506,薛儒英,2022-03-05 03:26:14,1,2,1,非常好
151981,506,薛儒英,2022-03-22 11:13:48,1,3,2,微甲一是薛老师教的，微甲二预置到了矿爷。两个老师都讲得很好，但是薛老师的事情相对来说真的太少了呜呜呜，根本没有慕课啥的。好怀念
154176,506,薛儒英,2022-05-25 05:24:19,2,2,0,很好的老师
154205,506,薛儒英,2022-05-26 03:16:13,5,14,9,讲的是真的一般啊。有口音、进度慢、讲课也很不清晰。不懂为什么他的分这么高
154221,506,薛儒英,2022-05-26 07:08:21,3,3,0,哈哈哈
154233,506,薛儒英,2022-05-26 13:10:16,-14,8,22,个人认为一般，虽然讲得清晰但是说话语速太慢，听着很累\n\n不过助教姐姐好好看，尤其是腿！！！声音还很温柔！！！为了助教姐姐我要学好微积分！！！
154463,506,薛儒英,2022-06-18 05:44:34,53,57,4,薛老师挺偏心的，因为每次都只给郭同学讲课（郭同学我们开始上课）\n\n\n\n考完试补充：老师讲的内容比考试简单太多了，微甲2想拿高分自学很重要（血的教训），不过老师人很好，感觉他讲的自己也很投入，基础知识讲的很细适合基础一般的同学\n\n\n\n出完分补充：挺能捞的，小测8.0，9.0，期中80，期末45，总评71。有一句话要提醒未来学微甲2的同学，曲面积分和曲线积分占分非常大，我就是级数、简单的重积分没问题（所以小测和期中还可以），全死在曲线曲面积分了。
155671,506,薛儒英,2022-06-15 06:23:43,-1,2,3,老师是好老师\n\n但是菜是我太菜了\n\n求老师捞捞
156186,506,薛儒英,2022-06-18 05:54:59,0,2,2,好老师，耐心，和蔼
156199,506,薛儒英,2022-06-18 07:08:51,3,6,3,适合中下的人，不适合大佬
156504,506,薛儒英,2022-06-20 05:15:51,3,6,3,郭老师yyds！微甲1微甲2都是他的课。好老师一生推
157160,506,薛儒英,2022-06-22 05:59:45,-2,3,5,老师很好，看得出很热爱数学且对教育事业非常上心。出分很快，但是就是说，辣鸡的我成绩并不理想，老师与老师之间，给分是有差异的，上学期我明显感觉到室友比我强很多，最后期末我连跪3题，以为自己完了但最终居然和室友分数一样。因为这样幸运的经历，所以有了不切实际的幻想吧，感觉今年自己比去年复习的更充分，成绩应该不会更低吧。但是最终。。。老师是很公平的，给老师打10分了，我菜而已，至于老师和其他老师相比给分如何，本来就不应该是我在学习中应该考虑的事情吧
157284,506,薛儒英,2022-06-23 00:39:45,19,21,2,低分档会捞人，高分档给分不行，适合冲着不挂科去的人选
160004,506,薛儒英,2022-09-11 12:13:13,-2,2,4,老师讲课有热情也有耐心 助教jj超好~
161463,506,薛儒英,2022-11-07 07:24:30,6,11,5,口音重，而且为什么学生发消息永远是已读不回？考勤涉及到最终分数，有的人在教室但是点不上，跟老师反映了也不处理，真好好笑
163716,506,薛儒英,2022-12-16 04:09:27,14,16,2,随堂小测开始，请解释以下概念：\n\n\n\n郭同学我们开始上阔 \n\n这个题用酵母准则\n\n我们就求出了这个娃的值了\n\n这里要加上一个节对级
165015,506,薛儒英,2022-12-28 10:27:23,8,11,3,srds，“管牢”是什么意思阿？一学期下来也没听懂（
168794,506,薛儒英,2023-02-22 09:10:20,-1,4,5,快跑。。
168973,506,薛儒英,2023-02-24 01:56:36,1,3,2,老师上课有ppt，而且讲得也很细致，助教老师也不错。\n\n但是薛老师的口音确实很重，能不能接受可能就因人而异了。我刚开始好几节课都听得有点吃力，介意口音的话还是希望大家谨慎选择了。
169228,506,薛儒英,2023-02-25 01:25:29,4,7,3,口音真的听不懂……
170865,506,薛儒英,2023-03-10 17:21:02,12,13,1,PPT授课，加上口音问题，真的会让人很困。u1s1老师ppt做的相当细致，比较适合喜欢自学的同学。上课体验的话是真的很一般。给分会小小捞一下，平时不会放水的。\n\n总结一下，老师挺好的但个人觉得综合体验可能到不了现在的评分（尤其是感受了其他老师的微积分课程后
175472,506,薛儒英,2023-06-25 06:26:33,12,14,2,求是英
175473,506,薛儒英,2023-06-25 06:27:36,4,19,15,期末95 小测作业都认真做 嗯 最后2.4嗯嗯 傻逼期末考试 还一点不捞
175474,506,薛儒英,2023-06-25 06:28:33,3,5,2,上课放着四百页的ppt，真的老感动了，结果一看每页就加一句话，复习时候根本找不到内容。这么难的期末考 一点也不调 真求是，是个好老师
175491,506,薛儒英,2023-06-25 07:44:05,0,2,2,完全不捞，极其求是
175561,506,薛儒英,2023-06-25 13:27:09,1,2,1,u1s1，会捞，但不会给高分
175564,506,薛儒英,2023-06-25 13:38:49,8,18,10,非常坏老师，非常教条与死板，怀疑23的微甲二卷子是他出了一两道题，觉得自己出的挺好，所以完全没有调分捞人，在助教改完卷子后就直接拿走登记了，挂了11%的人，80分以上只有30%+。\n\n\n\n虽然上的是他的微甲一，不算被他破防的人群，不过我还是想感慨一句，查老师里面的绩点确实是有参考意义的。以后预置了这门老师课的人，能换就尽量换吧，念ppt+根本听不懂的口音+相当求是的作风，在这里不能体会到浙江大学高水平的数学学院教育，反而会被他硬拉绩点，错失评优与转专业经验
175630,506,薛儒英,2023-06-26 03:12:16,6,10,4,老师讲得很好很细致，很适合我这种数学思维很差的文科生听，上学期微一是tbk，因为tbk讲课烂加给分差，喜提2.1，这学期xry讲课好也比上学期学得认真很多，本来以为有个3.9或者4.2的，结果被期末考爆杀，确实薛老师也非常求是，只拿了3.0。唉，追求高绩点的慎选，可以来听听老师的课
175637,506,薛儒英,2023-06-26 03:41:03,6,6,0,给分真的很求是
175698,506,薛儒英,2023-06-26 08:33:44,0,2,2,老师认真负责，口音需要理解，给分过分求是了
175707,506,薛儒英,2023-06-26 09:01:58,-1,1,2,emmmmm，不捞啊😰😰😰
175735,506,薛儒英,2023-06-26 10:40:26,9,9,0,总评90分以上3.47%
175752,506,薛儒英,2023-06-26 12:08:41,11,21,10,期末出这么难你是一点分都不调啊，均绩比别的老师低0.8你上报成绩的时候良心不痛吗？在你班拿4.2的人在其他班随随便便满绩好吧，耽误学生！
175756,506,薛儒英,2023-06-26 12:10:19,0,1,1,。。。
175796,506,薛儒英,2023-06-26 15:54:30,0,0,0,讲课有些口音但讲课内容深度质量很高 就是很求是 看个人水平
175799,506,薛儒英,2023-06-26 16:48:21,1,5,4,不愧是求是英，捞是一点不捞哈，但是主要还是怪这个期末卷太难，22级真的实惨😢u1s1老师的ppt和讲课（不谈口音）还是可以的，上课也很有激情，每次看到他戴着老花镜看电脑，感觉自己没认真听课怪愧疚的，而且还在最后讲历年卷（虽然今年的卷子和历年卷关系不大🤯）助教xjj也挺好呀
176049,506,薛儒英,2023-06-27 13:47:19,4,5,1,有口音，会捞低分学生，但超过及格线的基本不捞(给分求是)。
176270,506,薛儒英,2023-06-28 08:10:37,21,23,2,不定期点名 频率较高 没签到可以下课补签 作业纸质习题课交 习题课不点名 这学期助教讲的一般\n\n给分求是 巨巨巨巨巨巨巨巨巨求求求求求求求求是\n\nppt很好 应该是所有老师里最好的（评论区有骂ppt的，其实老师是为了授课方便把每一步ppt都转成了pdf 你自己在notability或者福昕阅读器删重复页就好了 花不了几分钟 删下来一章也就100页而已 自己动手丰衣足食）\n\n但是按今年试题难度 光看ppt完全不够\n\n期中85 平时和小测满了 期末没做出来几道 总评75 复习只看了ppt和历年卷 这成绩算今年中位数水平了…\n\n讲课也算第一梯队 金华人 口音不重 北方人几节课以后能完全听懂 没有金银二老严重\n\n总的来说 今年试卷太难 遇到不捞的老师其实比较吃亏 但是也不能怪薛老师了\n\n\n\n其实捞这个定义就很怪 期中期末大家都是统一批卷的 也就只能捞加平时分了 薛老师平时分比较容易拿满 \n\n\n\n两次小测也是赋分 第一次可能70 80就满了 第二次感觉大家就在找各种办法作弊 第二次稍难 结果居然90才能满 只能说懂得都懂了 小测题作业帮查不到 但是牛的同学三五结伴 小测试交头接耳 有的同学据说还买了写手… 小测制度 见仁见智了\n\n\n\n\n\n比较好玩的是薛老师讲课：\n\n1.如果你不高心（意思是喜欢、想要）这么做，那就换成…（没想到或者20年第一次知道高兴也是及物动词😂😂😂）\n\n2.m和n 永远听起来不是m也不是n😂\n\n3.至今有很多听不懂的方言 但是就像英语做阅读题一样 碰到多了 就大概知道这个词汇在句子中是什么成分了😂😂😂
176397,506,薛儒英,2023-06-28 16:58:25,1,2,1,真一点不捞啊😨
176546,506,薛儒英,2023-06-29 08:42:02,1,2,1,有很详尽的ppt，适合期末复习\n\n但是貌似给分不太好，比较求是
176602,506,薛儒英,2023-06-29 11:46:42,-1,1,2,好老师，但是我自己太菜呜呜呜
176741,506,薛儒英,2023-06-30 03:28:59,13,15,2,课讲得很好，总是笑眯眯的，ppt也很详细，很和蔼的小老头，上课坐前排看他笑着讲课感觉都没那么困了，but，给分极为求是，捞的话只捞五十几分那种徘徊在及格边缘的同学，其实如果期末简单点他不给及格以上的同学调调分也没啥，主要是这次期末出得太难了，瞬间放大了同学们的悲伤，期中和小测均100，总评87，供参考；不过总的来说不后悔换到薛老师班，还是学到了很多东西。
178250,506,薛儒英,2023-07-09 01:24:05,2,5,3,不太好…
179467,506,薛儒英,2023-09-16 12:12:51,-2,0,2,dds
179485,506,薛儒英,2023-09-17 07:30:16,2,3,1,求是英
179834,506,薛儒英,2023-09-20 02:06:46,2,2,0,666
180909,506,薛儒英,2023-09-28 05:18:41,3,4,1,喜欢已读不回
183590,506,薛儒英,2023-11-27 13:29:43,0,6,6,很可爱的小老头，之前看查老师挺担心给分的，但目前为止感觉还是挺宽的。第一次小测10分基本大家都能拿到，期中考没怎么准备拿了88，真的有点受宠若惊(相比于我准备了很久却考的一塌糊涂的普化真的温柔太多了)，期末再观望一下，十分先给了。
183997,506,薛儒英,2023-12-06 02:08:30,-37,4,41,来浙大遇到过的最好的老师，捞分力度很大！！感觉期末只考了60几最后4.8！！
185034,506,薛儒英,2023-12-26 03:41:01,0,3,3,求是英
185255,506,薛儒英,2023-12-27 10:58:54,2,2,0,占个坑还没处分
186208,506,薛儒英,2024-01-09 11:55:19,3,5,2,一点不捞
186481,506,薛儒英,2024-01-11 09:23:31,1,3,2,薛老师好薛老师好薛老师好薛老师好 期末给我分高点期末给我分高点
186823,506,薛儒英,2024-01-13 07:45:32,-6,3,9,老师我爱你 给分太好了 让我很感动 一辈子都忘不了你
186825,506,薛儒英,2024-01-13 07:56:56,4,4,0,老师极其求是，追求满绩的同学就不建议考虑了
186831,506,薛儒英,2024-01-13 08:12:29,3,4,1,我爱你，老师；还有助教小姐姐wyh，我也爱你。
186835,506,薛儒英,2024-01-13 08:20:48,5,8,3,离谱啊 期末成绩给的真抽象
186837,506,薛儒英,2024-01-13 08:29:17,2,3,1,特别有意思的小老头
186847,506,薛儒英,2024-01-13 08:50:41,4,6,2,真的是一点都不捞啊，受不了了
186848,506,薛儒英,2024-01-13 08:51:03,4,5,1,你就是求是的代言人！！！！！！！！！！！！！！！！！！！！！！！！！！！！！！！！！！！！！
186866,506,薛儒英,2024-01-13 09:32:17,-2,1,3,和蔼的小老头，上课讲的挺细致的，会讲比较多例题，节奏适中；给分的话确实求是，但是助教姐姐改卷还是比较捞的~
186871,506,薛儒英,2024-01-14 13:29:08,0,5,5,好好学绩点自然高
186925,506,薛儒英,2024-01-13 14:29:49,7,9,2,出分很快😶
187080,506,薛儒英,2024-01-14 11:22:21,10,12,2,点名频率极高，口音浓度极高，求是态度极高~\n\n开玩笑，口音没问题，能听懂，为人比较和善的，不过给分确实求是......卡绩的痛
187140,506,薛儒英,2024-01-14 16:54:08,5,6,1,点名频繁，还有课中点名，诸位小心。\n\n狠狠赞一下助教小姐姐李娟，讲题快且清楚。线上拍了三次作业作业分也给满了。
188104,506,薛儒英,2024-01-18 07:58:53,2,3,1,教的很好，出分也很快
188300,506,薛儒英,2024-01-18 15:11:44,5,6,1,老师确实上的很好，但是这个给分求是的不能再求是了。。。我真的哭死。。微积分光荣的成为了我所有课最低的一门。。。老师捞捞人真的不会怎么样。。。
188842,506,薛儒英,2024-01-20 07:35:25,-9,2,11,薛老师确实挺求是的，4.8（卡绩了），但是讲课确实讲的好，ppt做得挺不错的，重难点也总结的很到位，自我感觉vjf是我学的最扎实的一门课。也表扬一下助教李娟小姐姐，人好看，课也讲的好，给分也大方，爱了爱了。
188907,506,薛儒英,2024-01-20 14:03:03,0,1,1,很可爱的老师！会笑眯眯讲很多例题PPT也很不错！！表白助教yhjj
190317,506,薛儒英,2024-02-28 02:51:34,7,8,1,讲得挺好听清楚的，表白助教李娟小姐姐！
190366,506,薛儒英,2024-02-28 13:02:31,-8,5,13,坑爹老师，谁选谁吃亏
192899,506,薛儒英,2024-05-31 11:14:05,2,4,2,非常好，个人认为比苏老师讲的还好
194423,506,薛儒英,2024-06-23 23:50:24,5,12,7,垃圾绩点，两个学期毁了我的转专业
194440,506,薛儒英,2024-06-24 02:51:30,-13,10,23,本人大一一年都是上xry老师的微积分甲课程，老师人很好，去问问题都会很热情回答，那些说给分不行的，想一想自己有没有好好学过这门课
194544,506,薛儒英,2024-06-24 09:56:17,6,9,3,这老师讲课很含糊有一点口音，而且根本不捞一点不捞，上传成绩永远最早，挂科永远最多......。。。。。尤其是在别的老师都捞的大环境下，显得尤其不公平
194545,506,薛儒英,2024-06-24 10:03:07,16,20,4,客观评价一下\n\n①老师人很好 很热情\n\n②上课的 PPT 做很好内容很丰富 雪灾浙大可以下载 自己看知识点+例题也很够了 \n\n③一学期至少点五次名（对应 5 平时分） 扫码签到 允许下课后找老师补签\n\n④上课口音比较重 听起来挺有意思的 讲课节奏不快 \n\n⑤期末给分很迷 微积分甲 II 和别的老师均绩可以差 0.6 以上 俺平时分 55 期末只有一道 10 分压轴不会 但卷面分应该是 60+ 确实不知道错哪了（死了）求是英是这样的 \n\n总结：一般人（大佬除外）想要拿个好绩点 还是不建议选的 但是可以在智云上听老师的课 讲的确实好\n\n————\n\n一个想转专业的小朋友悄悄碎了 道理我都懂 srds 确实还是对老师挺有怨言的(┬＿┬)
194561,506,薛儒英,2024-06-24 11:07:59,5,8,3,客观评价：老师讲课好 给分真的求是（查老师上的均绩低的离谱是真的） 严格按照给分规则一分不捞 各位可以选别的老师看他的ppt或智云
194831,506,薛儒英,2024-06-25 14:40:57,-4,4,8,尔比发言还是出现在了评论区
196206,506,薛儒英,2024-07-02 07:31:59,1,2,1,虽然说上课讲得很清晰生动，但是听课的人也不多，微Ⅱ认真听课真的好难，可能是因为老师讲得比较慢有点无聊，但实际上难度足够考试，好在紫色的教材很适合自学。作业很少，难度比较低，完全掌握知识要课后复习一下。平时分老师给的非常高，认真学高绩点也不是没有可能，当然换个老师就不用担心求是了。
197040,506,薛儒英,2024-07-07 01:44:00,2,7,5,讲课很好，给分巨烂，想学的好可以来，想拿高分赶紧润（别杠，杠就是你牛逼你大佬）
197418,506,薛儒英,2024-07-14 03:24:26,10,11,1,放在前面，老师的给分极其求是，在期末出分前平时成绩就公布了（你猜这还有机会捞吗）。老师上课是真的很好，例题很多，有些题方法一模一样他还是会耐心的再讲一遍，所以认真听课是真能学到东西的，但是相比于其他老师，给分真的一言难尽，不能说给分很烂，因为那就是你得到的分数，但是他不会像其他老师，把你的平时分捞满，所以给分看上去就很烂了。害，想要高绩点但不是大佬还是不要选他的课了（虽然他查老师评分很高）
201625,506,薛儒英,2024-11-05 03:16:19,0,5,5,作业太多了 每周都要写个七八页
205864,506,薛儒英,2024-12-12 11:05:13,-4,7,11,点名点名点名！一定不能翘\n\nlz翘课太多五次点名全错过，5分考勤全没得，最后55\n\n但是翘也是有原因的，语言不通啊\n\n级数=甲素，y=娃……这™真心听不下去啊。。。\n\n当然老师水平挺好的，而且很爱笑
206237,506,薛儒英,2024-12-13 10:20:01,0,1,1,给芬迪顶顶顶顶顶顶顶顶
206688,506,薛儒英,2024-12-17 05:44:04,6,6,0,求是英
207013,506,薛儒英,2024-12-19 03:28:35,-1,4,5,给分巨巨巨高！\n\n有实力，哪里都能拿高分\n\n给分很明确，想拿分就好好学
208316,506,薛儒英,2025-01-09 02:23:23,8,10,2,老师上课认真，本身也是呆萌呆萌的，口音没有你想得那么严重，其实老一辈的老师或多或少都会带一点小口音，但是绝对不会影响正常学习上课。老师讲题很详细，能跟上老师的节奏，虽然有的时候你会感觉讲得有点慢，但是绝对是可以讲完的。老师的PPT上题目比较多，比较经典有说服力，听xry的课是可以学到东西的(虽然我也兼修了矿爷的课，哈哈)。给分的话，非常求是，最早出发，基本上不会调分，但是平时分是会给满的(除非你摆烂不去上课，不写作业)。总之xry是个好老师，可冲可冲！
209531,506,薛儒英,2025-01-06 07:56:39,4,5,1,老师很好，求是英，助教非常非常非常好
209711,506,薛儒英,2025-01-07 01:02:49,1,3,2,还没出分先来评价\n\n老师上课讲的很好 有口音但是没这么难理解 老师不提问上课比较自由 作业也是xzzd拍照提交 习题课不点名 完全可以不去\n\n作业每次都交但是水水的 平时分给满了 助教很用心 真的很好 \n\n没有评论说的那么吓人 好好学用心学 一定能拿到应得的成绩的\n\n\n\n补：刚评论完就出分了.. 还能接受 只能说是自己应得的成绩吧
209727,506,薛儒英,2025-01-07 01:37:36,4,5,1,出分了，感谢老师，感谢助教，老师的ppt例题很多很详细，里面的小错误讲课的时候也会认真纠正。虽然口音有点重，但是听习惯了也还好（除了某些知道意思，但不知道具体说了什么的词汇）
209731,506,薛儒英,2025-01-07 01:49:25,7,8,1,老师很认真很可爱，老师，给下一届同学讲的时候最好可以说一下“管牢”是什么意思，听了一个学期也没听懂，虽然期末只给了我一点小分分，可以说非常求是，但我还是没忍心打九分
209739,506,薛儒英,2025-01-07 02:07:14,3,4,1,老师讲课很好，（虽然有点口音），认真听会很有收获，不过给分确实是非常非常求是的，如果想学点真东西又不是特别在乎绩点的话绝对是个好选择。\n\n（另外老师特别喜欢在早八点名，尤其是冬天的早八🙃，虽然可以马上出发下课补签，但是还是注意一下罢）
209770,506,薛儒英,2025-01-07 04:23:09,1,4,3,出分了，虽然平时分扣了点但最后满绩了。\n\n感谢老师和助教的辛勤付出，讲的非常全面仔细细致，助教也超级好，虽然求是，但给分非常棒，好好对待绝不会低。\n\n期末考试很多题老师都在复习提纲里面讲过类似的了，狠狠的点赞了！
209811,506,薛儒英,2025-01-07 07:06:30,4,6,2,刚查完成绩，谁在说老师求是？真的超级好的老师，课讲的很清楚人也很和蔼。助教老师zbx也超级好！谢谢老师和助教🥹
209828,506,薛儒英,2025-01-10 09:32:59,2,3,1,微积分甲（Ⅰ）。\n\n老师讲的速度比较适中，教学水平没得说，不过口音比较重需要适应/认真听。这学期的助教zbx也很好（人也很帅哈哈），给分也捞了，没有以前那么求是。\n\n薛老师很和蔼，人很好！
209865,506,薛儒英,2025-01-07 09:12:35,4,5,1,老师很可爱，讲的也挺好的，我一个数学小菜鸡都能听懂。之前听说他绩杀还挺害怕，但出分了感觉还可以（比我的心理预期高），整个班也没人挂，当然zbx这个好助教功不可没
209887,506,薛儒英,2025-01-07 10:22:36,0,1,1,他捞我了所以给10分
210189,506,薛儒英,2025-01-08 10:21:20,-31,2,33,10分给zbx助教 一分给老师 老师求是 但助教会发力 说实话这么为同学们成绩着想的助教哥哥在其他课程非常少见 助教的习题课讲解比老师讲得清楚（老师口音太重） 助教还会设置其他的标准来提升你的成绩（比如期末上90，期中就改成100分，本人有幸被改，真的十分感谢他）还比如作业允许同学少交一次，还有作业不会特别细看交了就是满分等等，这次期末考试我们班没人挂科，想必也是助教和功劳。说了这么多主要是助教是我上过的所有课程中最好的助教
210216,506,薛儒英,2025-01-08 11:54:28,6,8,2,微甲1出分了，来评论一下\n\n优点：一个和蔼可亲，笑眯眯的老头。上课认真负责，该讲的地方都会讲到，ppt上有很多例题，我觉得不用担心学不会做题，ppt上的一些小错误他也会在讲课的时候修改过来。认真跟他学的话肯定能学到不少。\n\n缺点：有点口音（但是听懂是没问题的），上课缺少与同学的互动，一节课听下来平平淡淡的。\n\n总之，我觉得有9.5+的评分完全没问题\n\n（另外感谢这学期的助教哥哥，简直是海底捞之神）
210217,506,薛儒英,2025-01-08 12:00:24,8,11,3,zbx哥哥我爱你，么么哒。天下怎么能少的了你这样的助教！不仅题讲得好，而且还大碗捞，海底捞，你永远做我的助教好不好！！！
210318,506,薛儒英,2025-01-09 04:29:50,13,13,0,讲课很周到细致，但是就是有一些口音。给分极其求是，想拿高分赶紧润，不然你会后悔的！(勿喷！)
210324,506,薛儒英,2025-01-09 02:15:30,11,12,1,薛老师的课内容都是干货，没有什么废话，就是有一点点的口音，如果希望冲满绩高分还得看自己。不过很适合听课，是一名好老师
210326,506,薛儒英,2025-01-09 02:18:08,11,11,0,薛儒英老师口音很重，教的还不错，对待同学态度很好很认真，每节课都会早早的来，写黑板书，一学期点五次名对应5分考勤，小测要签到，是一名人民的好老师
210342,506,薛儒英,2025-01-09 03:11:09,7,7,0,老师上课讲的很细致，讲得也很好，就是有点口音需要适应。标志性开头一句“郭（各位）同学，大家好，我们开始上课。”
210345,506,薛儒英,2025-01-09 03:25:32,3,4,1,老师比较认真仔细，上课会有点口音，不过听多了也觉得很有意思啊！ppt做的也很好，不过偶尔会有点小错误。点名不算多，看到很多人评价老师求是，但我觉得只要好好学也是可以拿高分的。习题课助教讲的也很细致，会带着我们复习学过的内容和讲解作业题，也会做一些拓展的题目。总之一学期下来感觉还是很好的，认真学了成绩真的不会差。
210351,506,薛儒英,2025-01-09 03:27:24,5,5,0,薛老师上课非常认真负责，每次讲完一个知识点后都会在课上相应的讲很多例题。同样的概念也会怕我们听不懂而反复讲很多次。但他是真的求是，点名的时候他都是现场让我们扫码，然后线上的同学因为码会变而扫不了。他在上课的时候基本是自顾自上的，没有与学生的互动，三节课的时候前两节课也是连着上的，很难不困啊。最后他在打分的时候只会去关注分数本身，实事求是的给每个同学相应的分数。只能说薛老师很认真，很求是，但如果追求高绩点的话那快逃吧
210388,506,薛儒英,2025-01-09 04:49:42,-2,1,3,虽然自己平时花了很长时间学习微积分，但是可能平时和期末都不咋地，最后总评。。。\n\n求是英不是白叫的好吧，追求高绩点的还是选其他老师吧
210420,506,薛儒英,2025-01-09 06:37:51,-1,2,3,非常好的老师，上课的PPT讲的十分细致，例题很多，方便课前课后的复习and预习，虽然平时分扣了些，但依旧拿到了大学的第一个满绩，完全不用担心过于求是的影响（助教太赞啦，全靠助教捞捞）
210433,506,薛儒英,2025-01-09 07:08:37,4,4,0,求是，出分早，课程很清晰，PPT也很全面，助教很好！
210705,506,薛儒英,2025-01-10 01:00:39,0,1,1,呆萌可爱的好老师
210991,506,薛儒英,2025-01-10 09:40:34,0,2,2,老师讲的挺好的，助教也超赞
211040,506,薛儒英,2025-01-10 11:36:51,1,2,1,老师和助教都很好，学了就会有收获
211507,506,薛儒英,2025-01-12 00:23:39,-4,4,8,郭同学，咱们开始桑扣咯\n\nx局和y局（）\n\n适应了一个学期的口音，虽然学的一般老师原分直出，但是zbx助教哥哥真的好捞！很好的助教，喜欢！\n\n期末差一点点达到92的（助教给捞满绩）线，下学期再战
216635,506,薛儒英,2025-03-19 14:24:00,1,1,0,终于想起来来评论了，首先薛老师课讲得很好！其次要忍不住夸夸秋冬学期的助教张bx，感觉这样认真负责的助教真的很难得！现在更是觉得以后可能很难遇到这么好的助教了哈哈...
217227,506,薛儒英,2025-04-05 08:27:42,-2,0,2,不是说给分求是吗，怎么微乙上平均绩点这么高，哎我又要怀疑自己上学期到底带没带脑子来上学了
218726,506,薛儒英,2025-04-29 13:52:41,1,1,0,讲课不错，给分还行
220425,506,薛儒英,2025-06-18 02:16:41,2,2,0,微1和微2都是4.2，微2成绩刚出，过来打个满分先\n\n本人微1微2（都是甲）均在薛老师班上，老师是个很和蔼的小老头，说话带点口音不过听习惯了还挺有趣的，而且课确实上的好。\n\n点名一共有五分（两学期都是刚好五次，两次小测也算），没签上可以下课找老师补签。作业一般是交了就有（不过这个可能更多看助教？），小测年级统一不多说\n\n给分方面，其实是大名鼎鼎的求是英，出分永远最快，下手毫不留情（只有助教有一点点操作空间）。如果是想来混高绩点不建议选，不过有一说一，微积分作为一门硬课大课，还是建议大家仔细认真学。\n\n就写这么多，顺便缅怀我马上结束的大一
220936,506,薛儒英,2025-06-20 11:39:23,1,1,0,10分给tzr助教哥哥，感谢期末捞捞💗
282,558,唐炳康,2015-03-15 00:12:03,226,313,87,老师讲课很认真。而且一直坚持粉笔手写。给分虽然不是特别好，但是如果认真不水，总能拿到不错的分数
562,558,唐炳康,2015-03-15 05:04:27,89,111,22,老师讲课很耐心，有种天然呆在里面～虽然很多人认为他是“绩杀”，但老师是想让每位同学都认真学好。很喜欢这位老师^_^
779,558,唐炳康,2015-03-17 02:03:00,20,32,12,真心不坑，超认真的老师呢
1329,558,唐炳康,2015-03-22 00:08:08,16,24,8,有方法有思路的老师
1348,558,唐炳康,2015-03-22 00:38:28,-35,28,63,讲的的东西基本上都是照本宣科，上的还超级快。不考虑学生是否能听懂。
1419,558,唐炳康,2015-03-22 02:20:34,18,23,5,讲课很到位
1585,558,唐炳康,2015-03-22 23:50:40,139,171,32,明明是个很好的老师，特别和蔼，而且上课一丝不苟纯手书。绩杀不绩杀只不过是我们自己有没有好好学的问题罢了。
1597,558,唐炳康,2015-03-23 01:04:40,54,68,14,老师超级棒，虽然口音带着点乡音，但听习惯就好
1699,558,唐炳康,2015-03-23 10:24:17,50,61,11,大爱唐老师的课。全过程板书，人也很和蔼。给分什么的努力总会不错的。
1925,558,唐炳康,2015-03-26 08:47:18,30,37,7,棒棒哒
2359,558,唐炳康,2015-04-27 13:17:36,80,94,14,爱死康康了!讲课超级有思路很少出现卡住的情况，板书很认真，所有题目都是一笔一划在黑板上解出来，在学习新课的过程中也会补充很多类型的习题。超级萌，天然呆
2492,558,唐炳康,2015-05-04 13:16:02,82,104,22,唐是令人尊敬的老师。规规矩矩地讲课，讲的很清楚就是了。但基本不会讲什么提神醒脑的段子，打分只是因为个人口味 喜欢有趣一点的老师啦
2682,558,唐炳康,2015-05-05 09:07:49,25,30,5,感觉老师人很好
2720,558,唐炳康,2015-05-06 04:12:33,23,25,2,特别喜欢老师纯手写板书！赞！虽然我的分不高那也是我自己上课太水QAQ老师上课还是棒的！
2876,558,唐炳康,2015-05-10 05:12:22,7,8,1,课是讲的挺好的，很认真～
3239,558,唐炳康,2015-05-22 13:48:14,7,9,2,讲得很清楚而且板书很棒，一直坚持手写，虽然讲的比较快但我觉得这个速度挺适合我的，就是带点口音听课不太easy
3363,558,唐炳康,2016-06-22 00:50:21,22,40,18,微三100分，绩杀什么的都得看自己。
3648,558,唐炳康,2015-06-17 02:01:47,7,8,1,很认真很负责的老师，真的
3708,558,唐炳康,2015-06-17 02:36:25,15,17,2,认真听课认真写作业绩点不会低的 太低的肯定是自己的原因
4508,558,唐炳康,2015-06-24 04:33:38,16,20,4,唐老师课讲的很认真，给分只能说很实在。
4776,558,唐炳康,2015-06-28 13:38:24,37,43,6,上课一丝不苟。'我微二没考好，发邮件询问情况，他也很快就回复了，还帮我找出试卷分析错误的地方。
4864,558,唐炳康,2015-06-30 02:27:18,29,33,4,老师讲课很好的，条理十分清楚，如果认真跟上老师的进度，复习的时候就可以省很多时间了，不过说他是绩杀，应该是他给分比较严格罢了
5009,558,唐炳康,2015-07-02 03:41:19,72,80,8,微二微三都是他，讲课炒鸡有条理，是他挽救了我对数学的信心。ps.微三最后一节课，来上课的不到三十号人(都是真爱)，结束时候全班鼓掌，康康那叫一个乐开了花啊~
5523,558,唐炳康,2015-07-08 04:48:52,8,8,0,挺好的老师，上课讲的很详细，板书总结的很好(^o^)
5679,558,唐炳康,2015-07-09 06:25:20,-9,3,12,哦\n\n
6952,558,唐炳康,2015-08-23 04:30:54,8,12,4,我只想说好好听课好好写作业给分还是很好的…我微一就是他上的…满了
6985,558,唐炳康,2015-08-23 15:53:22,3,3,0,认真
7205,558,唐炳康,2015-09-10 23:44:04,-22,5,27,不好
7280,558,唐炳康,2015-09-12 17:29:10,0,0,0,好老师
7354,558,唐炳康,2015-09-14 03:12:08,0,0,0,讲的蛮清楚
7378,558,唐炳康,2015-09-14 05:04:47,3,5,2,上课全手写
7399,558,唐炳康,2015-09-14 07:31:38,1,1,0,老师很认真，讲课就是规规矩矩照着课本上。
7858,558,唐炳康,2015-09-16 00:01:55,7,7,0,老师讲课很认真细心，很负责的老师，作业布置得也很少，真正的好老师！\n\n
7962,558,唐炳康,2015-09-16 08:47:10,0,0,0,讲的很好啊
8412,558,唐炳康,2015-09-21 05:41:37,3,3,0,微三是他的 好好听课独立做作业考前复习 没花别的时间 绩点比微一微二高 只要自己认真学就不会差
8653,558,唐炳康,2015-09-23 13:43:01,4,5,1,挺认真的，就是忍不住要睡。。。\n\n
8967,558,唐炳康,2015-10-07 05:50:07,7,9,2,纯手写板书的老师已经太少啦！
9210,558,唐炳康,2015-10-17 00:36:10,0,2,2,讲课认真，板书一丝不苟，就是觉得比较困，个人认为除了这个近乎完美\n\n
10832,558,唐炳康,2015-11-23 06:32:26,0,0,0,很棒\n\n
11312,558,唐炳康,2015-11-26 16:44:34,1,1,0,老师挺好的
11850,558,唐炳康,2015-12-18 02:32:55,1,1,0,喜欢老师这种一丝不苟的认真态度。
11909,558,唐炳康,2015-12-21 08:18:57,0,0,0,刚刚好\n\n
11953,558,唐炳康,2015-12-21 11:28:32,0,0,0,特别喜欢唐老师，萌翻了！！！超级喜欢他！！！
12358,558,唐炳康,2015-12-23 05:26:47,1,1,0,很认真的老师，全程板书。
12398,558,唐炳康,2015-12-23 07:48:56,0,0,0,老师真的很认真 讲课仔细 有问题都会很认真的解答
12489,558,唐炳康,2015-12-23 11:31:11,0,0,0,哈哈哈
12580,558,唐炳康,2015-12-23 14:03:28,0,0,0,虽然不会讲一些有趣的事，不过上课条理很清楚，挺喜欢的
12758,558,唐炳康,2015-12-24 03:20:05,0,0,0,超赞的老师
12940,558,唐炳康,2015-12-24 11:04:58,1,2,1,老师很认真！上课一直坚持用板书！满满的都是爱❤️微123都是老师的，后悔没有认真学
12944,558,唐炳康,2015-12-24 11:06:26,0,0,0,讲得特别好
13481,558,唐炳康,2015-12-28 09:40:52,0,0,0,QWQ
14248,558,唐炳康,2016-01-06 00:05:54,64,77,13,一直以为绩杀是乱给分 才知道正常给分都叫绩杀了 说不出啥感觉 对我浙的学风感到有点悲哀
14926,558,唐炳康,2016-01-11 04:01:32,1,1,0,讲课很认真很详细！\n\n
15218,558,唐炳康,2016-01-12 17:23:15,3,3,0,hhhhh老师真的超可爱，上课超认真仔细大家都会提早抢座起晚了就要坐在后排吃灰QAQ\n\n
15393,558,唐炳康,2016-01-14 08:06:51,0,0,0,非常好的老师
15770,558,唐炳康,2016-01-16 08:46:39,0,0,0,老师很可爱，虽然有点口音，不过听着听着就习惯了，讲题很细
16576,558,唐炳康,2016-01-18 13:34:25,4,4,0,好老师！
16976,558,唐炳康,2016-01-19 10:32:29,0,2,2,讲得超级好！就是我自己太水了～
17794,558,唐炳康,2016-01-21 01:44:15,0,1,1,特别特别好的老师！没有之一，我微一是他的，给分特别好，讲课很有深度！大爱糖饼！
17799,558,唐炳康,2016-01-21 01:54:18,0,0,0,好老师。。果断好老师
17802,558,唐炳康,2016-01-21 01:55:58,4,4,0,老师非常和蔼，回答问题非常耐心，发邮件很快就回了，不会也会一直讲清楚。上课全程板书，会提一些问题提神来让大家思考，感觉超棒，强推！
17803,558,唐炳康,2016-01-21 01:55:59,0,1,1,老师人真的超级好！上课手写很认真思路很清晰，别说他绩杀那是自己没好好学，下次还想上他的课！超级棒，爱死康康了
17805,558,唐炳康,2016-01-21 01:59:17,2,2,0,QWQ
17807,558,唐炳康,2016-02-03 03:18:57,-1,1,2,……。
17808,558,唐炳康,2016-01-21 02:02:07,4,6,2,超棒的老师！上课思路清晰 讲课细致。最后给分也棒 师生情满满！
17809,558,唐炳康,2016-01-21 02:04:41,0,1,1,糖饼老师讲课很认真...虽然有时候真的听不懂
17814,558,唐炳康,2016-01-21 02:11:44,4,4,0,老师上课好认真的呢而且也不是绩杀很可爱的
17816,558,唐炳康,2016-01-21 02:12:55,5,6,1,老师真的超好！！！不是绩杀！老师能照顾的都会照顾！主要看你自己是不是认真学！
17817,558,唐炳康,2016-01-21 02:13:05,1,1,0,老师挺好的~\(≧▽≦)/~，上课很认真的
17818,558,唐炳康,2016-01-21 02:13:08,3,4,1,给分非常好 邮件也会及时回复 讲课清晰有条理 个人觉得速度稍慢 也有自己对方法的总结！！总之老师真的超级好！
17820,558,唐炳康,2016-01-21 02:15:04,1,2,1,老师是好人，应该还是给了平时分
17823,558,唐炳康,2016-01-21 02:21:25,1,2,1,上课很好 给分低了点 不过也是我自己没考好
17829,558,唐炳康,2016-01-21 02:24:39,0,1,1,老师很认真
17831,558,唐炳康,2016-01-21 02:25:55,1,1,0,完美的老师。
17864,558,唐炳康,2016-01-21 03:04:51,0,1,1,很认真
17869,558,唐炳康,2016-01-21 03:09:33,0,1,1,认真负责
17912,558,唐炳康,2016-01-21 03:47:01,0,1,1,真不是绩杀啊！这分太让我感动了！不过确实要好好学才行啊，不然怎么对得起好老师呢！
17913,558,唐炳康,2016-01-21 03:55:45,0,1,1,上课还是很有启发的 板书给赞
17923,558,唐炳康,2016-01-21 04:05:22,11,12,1,根本就不是绩杀！明显有平时分233超认真的老师 可惜微二微三不是他了＠_＠
17927,558,唐炳康,2016-01-21 04:11:38,0,1,1,不错额
17934,558,唐炳康,2016-01-21 04:21:02,0,3,3,老师人超好，讲课也很认真啊，而且最重要的是，他并不是绩杀啊，没学好怪我咯
18021,558,唐炳康,2016-01-21 06:13:10,7,7,0,好老师很负责，讲课清楚，给分还是很好的
18211,558,唐炳康,2016-01-21 09:33:41,1,2,1,老师很好
18255,558,唐炳康,2016-01-21 10:38:03,1,2,1,~~o(>_<)o ~~
18509,558,唐炳康,2016-01-22 00:54:38,0,2,2,老师挺萌的，然而我太没用，微积分死学不起来，不过没挂，上课很正常，口音很不习惯，上课缺少提神的内容，真的好困啊，臣妾做不到啊
18814,558,唐炳康,2016-01-22 14:51:59,0,1,1,虽然有口音但是思路炒鸡清晰，给分也不像说的那么坑，关键看自己有没有好好学。
19389,558,唐炳康,2016-01-24 05:02:17,4,4,0,老师是真的负责 而且给人很真诚亲切的感觉 但是微1自己没有认真 有些老师平时分40%有觉得不公平 但是也有没有平时分的 拿的自己这个分数是服的 所以康康十分
19905,558,唐炳康,2016-01-25 14:15:18,0,3,3,肯定不是绩杀啊，微积分还是靠自己的，板书有的时候会看不清，上课有条理，讲解很耐心，口音有一点，上课高效一点认真完成作业，不会差的
19906,558,唐炳康,2016-01-25 14:16:26,1,1,0,讲课超级认真细致，还有点天然呆，很好的老师，上课认真听就好！
20065,558,唐炳康,2016-01-26 04:18:01,3,6,3,康康很六的！虽然开始听他是绩杀很害怕，但最后只要认真学分数一样很不错！而且据说康康半从良了？听说平时分给了20？反正呆萌呆萌的很有耐心
20333,558,唐炳康,2016-01-27 04:35:32,2,2,0,老师板书还是很认真的，就是知识点和例题全是书上的。
21078,558,唐炳康,2016-02-15 14:09:35,1,1,0,老师很可爱讲课很认真
21189,558,唐炳康,2016-02-26 03:02:00,2,2,0,好的啊
21503,558,唐炳康,2016-02-29 05:12:52,1,1,0,条理很清楚
21532,558,唐炳康,2016-02-29 06:24:44,1,1,0,老师很认真
21778,558,唐炳康,2016-03-01 05:57:47,5,5,0,上唐老师的课就是一种享受，绝对好评
21938,558,唐炳康,2016-03-02 01:00:57,-4,2,6,孙业顺的改进版，不知道为什么有那么高的分。\n\n数学本来就是靠自己。\n\n孙业顺和唐的唯一区别就是后者能理清思路而已。
22307,558,唐炳康,2016-03-03 11:35:29,1,4,3,手写点赞然而坐在后面什么都看不到啊！绩杀也是真的因为没有平时分！期末考多少就是多少！
22366,558,唐炳康,2016-03-04 02:45:31,-4,10,14,被前面的评论骗进去了，本来以为逃出了张则银的魔掌，结果发现又是一个绩杀，有人亲自问过老师平时分给多少，结果只有5-10分，微积分卷子难度大幅度增长，老师的平时分增长速度大大落后于其他老师，别的老师十几二十起码。（据说有平时分占40%的老师，不知可不可靠，有的话，衷心祝福学弟学妹选到他的课）说实话前几年的卷子，考满绩我Tm也可以，但是近几年出卷老师被葛军传染了。学弟学妹们千万要小心啊，不要被上面那些不知人间疾苦的人欺骗啊……
22485,558,唐炳康,2016-03-07 01:51:51,0,0,0,好老师。上课很负责，板书写写也很辛苦的！
23152,558,唐炳康,2016-03-20 10:30:47,0,0,0,超级认真
23157,558,唐炳康,2016-03-20 12:48:33,-3,1,4,讲课节奏慢死了，听了陈锦辉的课再听他的课真想睡觉
23249,558,唐炳康,2016-03-23 03:23:23,0,1,1,普通话好感人，讲的什么鬼，跟不上
23389,558,唐炳康,2016-11-25 02:24:31,8,12,4,很棒很棒的老师，上课认真记笔记，微积分没问题，上过他的微一和朱静芬的微二.讲真，一对比就出来了
24076,558,唐炳康,2016-04-26 13:47:02,1,1,0,蛮不错的老师，值得尊敬
24205,558,唐炳康,2016-04-28 09:31:57,1,1,0,非常清楚  按课本讲   坚持板书\n\n
24386,558,唐炳康,2016-04-30 07:48:58,0,1,1,老师很可爱很负责，虽然字潦草了一点，黑板白了一点，但他上课超级认真
24696,558,唐炳康,2016-05-03 06:39:49,1,1,0,很认真
25335,558,唐炳康,2016-05-15 08:48:14,0,1,1,认真听课才是王道
25486,558,唐炳康,2016-05-23 01:06:14,4,4,0,猜线
25763,558,唐炳康,2016-06-07 08:46:43,0,0,0,很认真哦
26707,558,唐炳康,2016-06-21 03:02:09,1,2,1,讲课很平淡，但是细致入微，不过不够认真的话很容易睡着_(:з」∠)_
27035,558,唐炳康,2016-06-22 10:39:14,0,0,0,老师讲的还是很详细的但是学渣表示根本集中不了注意力，数学类的课都这样T^T不够生动，不能提神
27222,558,唐炳康,2016-06-23 15:23:37,0,4,4,谁敢说唐爷坏话我第一个打死他，这么好的老师遇到真是幸运!
27987,558,唐炳康,2016-06-28 07:57:16,2,2,0,上课挺有条理的，不卡壳
28455,558,唐炳康,2016-06-28 09:04:55,0,0,0,没去上过课
28531,558,唐炳康,2016-06-28 09:55:33,2,3,1,老师讲的很好，是我学渣。
28645,558,唐炳康,2016-06-28 11:27:13,1,1,0,老师上课很认真，所有公式应用都讲得特别清楚，而且坚持手写，思路清晰，是个很赞的老师。
28685,558,唐炳康,2016-06-28 12:20:08,4,4,0,猜线～～
28803,558,唐炳康,2016-06-28 15:47:39,1,1,0,很好的老师 认真的板书 讲得很仔细 适合喜欢做笔记的孩纸
29404,558,唐炳康,2016-06-29 16:38:48,1,4,3,微积分四大名捕之一，发誓这辈子不选他的课了
29818,558,唐炳康,2016-06-30 11:03:45,-8,0,8,个人更喜欢金显 强推金显
30034,558,唐炳康,2016-07-01 00:12:29,2,2,0,老师讲的进度较慢啦。微三最后还是有师生情的。
30036,558,唐炳康,2016-07-01 00:20:20,2,4,2,很好奇他的平时分是怎么给的。。。明明最后考得还可以吧，最后分数好失望
30040,558,唐炳康,2016-07-01 00:34:30,1,1,0,十分棒
30083,558,唐炳康,2016-07-01 02:09:06,0,1,1,讲的挺细的
30117,558,唐炳康,2016-07-01 02:51:02,4,4,0,糖饼10分！
30144,558,唐炳康,2016-07-01 03:44:04,2,2,0,萌萌的口音 选cuan线 后平面
30187,558,唐炳康,2016-07-01 04:54:50,2,2,0,讲的很好，有时会蹦出点小段子。
30288,558,唐炳康,2016-07-01 07:53:21,3,3,0,给我过了，就给十分
30309,558,唐炳康,2016-07-02 00:24:27,1,3,2,微三满得我莫名其妙，特地前来感谢老师。。。
30571,558,唐炳康,2016-07-02 03:51:41,2,2,0,老师还是挺认真的。微一微三都是他的课，深刻体会到绩杀什么的确实和自己的认真程度有很大关系
30784,558,唐炳康,2016-07-02 13:05:36,2,2,0,讲实话让人感觉不是特别想听课。绩杀算不上吧
31329,558,唐炳康,2016-07-03 16:13:02,0,0,0,好好好
31775,558,唐炳康,2016-07-05 01:50:25,2,2,0,给分好低
32417,558,唐炳康,2016-07-06 15:32:31,-4,4,8,选课自诩自己数学底子强，最终还是啃出了绩杀的味道，微3只拿81发邮件问，唐老师还是坚定自己给出的分数，老师我敢说我真的不只81的水平
33804,558,唐炳康,2016-09-22 01:18:27,1,1,0,爽！老师讲得细，认真！大赞！
34182,558,唐炳康,2016-11-23 07:46:25,1,2,1,认真、一丝不苟的老师，上课讲的知识点很有条理，真心感谢老师！！！
35263,558,唐炳康,2016-11-07 12:15:25,2,2,0,上课很一丝不苟，非常和善的老师，微信群里有时候还会放歌让我们放松一下～至于成绩，这些基础课都得靠自己呢，老师已经很拼了
35424,558,唐炳康,2016-11-10 07:15:11,2,2,0,虽说现在还没知道成绩，不知道给分如何，但是上课真心好
35659,558,唐炳康,2016-11-10 07:39:44,-1,0,1,
35714,558,唐炳康,2016-11-10 07:51:37,1,2,1,很认真，作业不多，但是也都要做，
35721,558,唐炳康,2016-11-10 07:53:16,1,1,0,老师上课很认真 如果可以讲解课外题目就更好了<(￣︶￣)>
35816,558,唐炳康,2016-11-11 04:37:15,-6,0,6,微积分是门辣鸡课 老师不错 但是....大家自己懂就好
35872,558,唐炳康,2016-11-10 08:36:37,2,3,1,作为一个北方人，表示口音是个坎\n\n但老师讲课思路超清晰，全程不断
36023,558,唐炳康,2017-01-18 02:53:55,-14,4,18,绝对好玩的老师，耶和华信徒，满绩虽难上4.5还是很容易的
36064,558,唐炳康,2016-11-10 11:26:28,16,17,1,老师可爱啊。会在答疑群里放英文歌……\n\n
36069,558,唐炳康,2016-11-10 11:30:10,2,2,0,时不时来句亮点，老师很有意思，和蔼
36503,558,唐炳康,2016-11-14 10:09:36,16,18,2,最近期中考试老师连续几天一天到晚在微信群里给我们细心详细地解答，上课纯手写非常累。敬业负责爱学生，感动！
36530,558,唐炳康,2016-11-14 14:59:40,4,4,0,好棒的
38389,558,唐炳康,2016-12-01 16:22:21,0,1,1,老师讲课很细致，用粉笔手写，非常到位
38669,558,唐炳康,2016-12-14 04:20:16,8,8,0,喜欢他的注……
39541,558,唐炳康,2017-01-10 04:01:04,8,10,2,最后两堂，老师很善良的给我们讲解了期中试卷和上一届期末试卷，感谢老师！但，有一点必须得提出，那就是黑板太白了，什么都看不到，???两堂六节，听得我想死的心都有了，什么都看不清，听啥呢！
39981,558,唐炳康,2016-12-28 12:01:59,1,1,0,非常好
40135,558,唐炳康,2016-12-29 10:58:58,4,4,0,唐老师真的很好，超级认真可爱，底蕴也很不错，他总笑，很和蔼
41747,558,唐炳康,2017-01-17 10:05:41,0,0,0,和蔼，可亲，享受
42249,558,唐炳康,2017-01-14 03:07:11,0,0,0,仔细，认真\n\n
42609,558,唐炳康,2017-01-14 14:45:08,1,1,0,老师真的真的真的板书超级认真，讲课特别好，说绩杀自己不好好学还怪老师给分不好？
42700,558,唐炳康,2017-01-15 02:59:01,5,5,0,老师很好，只怪自己学的不好
42772,558,唐炳康,2017-01-17 09:24:28,0,0,0,真的很棒。
44063,558,唐炳康,2017-03-13 00:21:52,9,10,1,上到现在这个老师是我遇到对教学工作态度最好的老师，有板书，有理解。
44101,558,唐炳康,2017-01-17 09:22:14,2,3,1,这老师不调分啊
44145,558,唐炳康,2017-03-16 09:20:52,4,5,1,教授风骨
44155,558,唐炳康,2017-01-17 10:56:12,1,1,0,很少的段子，课程很平实。真诚，给分不错，适合努力的人选择
44172,558,唐炳康,2017-01-17 11:21:51,-3,3,6,唐老师超棒，并没有绩杀。本来以为自己要挂的，结果老师还是给了3.3。喜极而泣
44183,558,唐炳康,2017-01-17 11:40:35,1,1,0,哈哈哈
44222,558,唐炳康,2017-01-17 12:09:28,7,7,0,老师很仔细，在群里会放歌和小视频让我们调节心情
44286,558,唐炳康,2017-01-17 14:14:18,8,8,0,很认真的老师啊QAQ喜欢他的手写，而且答疑群里面都是他亲自一个人在答疑的，都没有助教答疑QAQ虽然最后我的绩点很低但是我还是觉得这是个超棒的老师！萌萌萌！
44423,558,唐炳康,2017-01-17 23:25:17,3,7,4,老师完全不调分啊微积分拉我绩点0.54心疼………
44489,558,唐炳康,2017-01-18 01:19:35,21,24,3,上学十几年，遇到了各种各样的老师。很高兴也很幸运大学的第一个学期能够选上唐老师的课。相处的时间短暂，然我获益匪浅，不仅是数学知识，更是一些能够受用终生的生活哲理与感悟。上老师的课就像多推开了一扇通往世界的窗，豁然开朗，容易体会到学习的快乐与真谛。老师真诚勤恳为人善良随和，用心对待课程对待我们学生，真的很让人尊敬。高中时候一直幻想大学课程大学老师会是怎么一副模样，上了老师的课，我想自己那时所期待的，便是如此。虽然最后没有取得一个非常优异的成绩，然而75的最终分让我这个曾经数学不算优秀的文科生已感到满足。感谢老师，这个学期的课堂经历，我想总会铭记一生了吧。
44490,558,唐炳康,2017-01-18 01:20:06,9,11,2,唐老师讲课水平很高，思路很清晰，除了有时候黑板没擦干净太白了以外跟着他上课听都能搞明白。但是为人还是有一点点教师常有的固执，期中有一题给我改错了，硬要强行解释，最后也没解释通也不给我改分。总成绩比预期低了一点，不调分和平行的其他班比有点虚，现在考试一年比一年难，随机性还是很大的。助教改作业很不认真，错的对的都给你对给A，作业量还是比较善良的。
45343,558,唐炳康,2017-01-19 11:41:17,1,2,1,谢老师不杀之恩呐啊啊啊啊啊啊啊啊
47812,558,唐炳康,2017-02-25 16:39:14,1,2,1,还不错
48123,558,唐炳康,2017-02-28 15:02:50,14,16,2,人很和蔼亲切，略带口音，坚持手写版书很敬业，特别感动的细节是每次发作业都在地上铺一层塑料布，每次看到都心暖暖，至于绩点我没好好学习就算了吧。
48584,558,唐炳康,2017-03-08 02:08:12,1,1,0,老实人很不错\n\n
49118,558,唐炳康,2017-03-27 05:10:23,3,3,0,老师讲题很耐心，知识点讲的也很细致，而且还会经常总结些方法
49302,558,唐炳康,2017-04-03 13:12:52,6,6,0,老师上课上的巨他妈好~
49407,558,唐炳康,2017-04-10 15:10:22,3,3,0,把我从陈锦辉的抢不到座位看不到黑板跟不上课中解救了出来
50464,558,唐炳康,2017-05-03 05:15:46,3,4,1,老师很好，助教极坑，基本没有步骤分。
51579,558,唐炳康,2017-06-07 09:26:51,3,3,0,很负责很耐心
52660,558,唐炳康,2017-06-22 03:52:26,3,3,0,非常棒，讲解很仔细，还没上完课就过来评满分
52732,558,唐炳康,2017-06-22 10:38:42,4,5,1,老师天然呆，一看就是搞数学的，穿着几乎没有改变，冬天一套，夏天一套衣服。上课一定得认真听，不然错过了很难补上去。
54152,558,唐炳康,2017-06-28 14:31:59,0,1,1,讲课真心好 思路清晰 还有归纳总结 就是板书可能会看不清 希望可以尝试一下投影仪
55263,558,唐炳康,2017-07-03 02:41:16,2,2,0,老师真真是极认真负责的，一心一意教学，看他全程手写板书，怎忍心不认真听讲啊！\n\n这可惜自己太差，愧对这样的好老师！
56015,558,唐炳康,2017-07-03 02:35:46,4,5,1,完全没有说唐老师不好的理由啊！超级好的老师！每节课都是很认真手写板书，而且课后或者微信群都一直在解答同学们的问题，超级耐心！根本没有所谓的绩杀好吗！期末我们自己考的不好还要辛苦老师拼命调分让大家过，真的非常感谢老师！（另外老师平时还会在群里发歌给我们听?很可爱的老师）
56017,558,唐炳康,2017-07-03 02:37:22,6,6,0,坚持手写版书，下课有问必答，很温柔体贴的老师，一学期收获很大，老师解答了很多问题，祝老师工作顺利身体健康
56019,558,唐炳康,2017-07-03 02:41:57,-3,4,7,真的是完全不调分嘛，平时讲的确实不错但期末低的离谱啊。
56020,558,唐炳康,2017-07-03 02:42:06,4,4,0,认真负责，和蔼可爱，这大概就是我眼中的唐老师吧！
56116,558,唐炳康,2017-07-03 05:59:31,6,6,0,"唐老师确实是一位非常好的老师。\n\n上课纯手写，一点一点，讲得很扎实。没有其他老师那么多的各种拓展，但该有的都没少，期末复习时边做历年题边看笔记，才发现考试的内容很多题型都是笔记上记的例题。例题不多，但精。认真听的话学起来不会很吃力。\n\n会在微信群里很耐心地解答，还会分享歌，比如期末前：《保护我的是耶和华》《每天的祷告》。出分后在微信群里:""努力学习了但期末没过的同学，我在此向您说一声抱歉了""。\n\n期末其实本该挂的，但给了很高的平时分，我勉强过了。我不是说让学生更容易的过的老师更好，但…至少唐老师不是那种不负责任、随意给分的老师。我假期会再好好补一下微积分，打好基础的。惭愧。感谢。\n\n"
56135,558,唐炳康,2017-07-03 06:37:24,0,0,0,老师真的很好，讲得很清楚。很负责，我问的问题很基础老师都细心引导我发现问题。至于微积分，只能希望大家好好领会了，老师教得很棒，修行靠个人呀，hhh
56322,558,唐炳康,2017-07-03 13:15:06,0,0,0,一年的微积分都是他，教学态度和为人很好，数学功底也很好，就是给分的话可能最后不会调分。
56422,558,唐炳康,2017-07-03 17:35:25,0,0,0,老师很认真负责呀 坚持手写 坚持自己答疑不用助教 平时分也都给啦 期末考太渣 题难是真 自己平时不够努力也是真
57158,558,唐炳康,2017-07-05 23:59:02,0,0,0,老师讲得很好。。。是我没认真学
57796,558,唐炳康,2017-07-15 23:35:06,0,1,1,没有见过更认真的老师了
59147,558,唐炳康,2017-09-20 02:58:53,1,2,1,讲课速度比较慢，是不是绩杀，看均绩就行了，对绩点要求高的慎选
59666,558,唐炳康,2017-09-25 13:19:24,-2,0,2,乡音太重\n\n
59685,558,唐炳康,2017-09-26 01:50:14,1,1,0,呆萌呆萌，认真负责。
59790,558,唐炳康,2017-09-27 03:38:14,1,1,0,可爱可爱
59854,558,唐炳康,2017-09-27 14:57:17,1,1,0,要预习
60014,558,唐炳康,2017-10-03 09:10:19,0,0,0,很复杂的老师
61684,558,唐炳康,2017-11-20 06:19:14,0,0,0,讲得好，给分好！
61685,558,唐炳康,2017-11-20 06:20:49,0,0,0,纯手写，挺好的\n\n
61687,558,唐炳康,2017-11-20 06:24:08,0,0,0,感谢老师
61690,558,唐炳康,2017-11-20 06:29:43,5,5,0,听唐老师的课是一种享受，老师很认真，第一次上课看到老师写板书写到衣服湿透。
63972,558,唐炳康,2017-12-20 09:42:30,2,2,0,粉笔板书，偶尔天然呆，微信详细答疑亲自答疑，对同学很亲切
64586,558,唐炳康,2017-12-25 11:00:02,2,2,0,讲的很清楚人也很呆萌啊！一个建议:听他的课坐前面不然板书看着是有点费劲
64771,558,唐炳康,2017-12-27 05:56:07,1,1,0,超爱上课手写的老师，还会在群里答疑，超级可爱了，学不好都是我的问题，微积分2换成他了，超开心的!
64961,558,唐炳康,2017-12-28 05:15:07,2,2,0,微积分甲I\n\n黑板板书，所以坐在教室后半段完全看不清，字终极潦草\n\n虽然照本宣科但是老师讲的很有条理，人也很好
66312,558,唐炳康,2018-01-15 04:09:41,2,2,0,老师很不错 讲课有条理 作业量也比较适中 但是有一点 我这节课很不幸遇到一个神人 求你不要在老师讲完一句就喊一句 正想着 突然就是一句tanx  你是复读机吗朋友 我们又不是不知道 不需要你一直重复！
66313,558,唐炳康,2018-01-15 04:13:16,4,4,0,老师很好，讲课特别认真，一节课写几黑板的粉笔字，然后用黑板擦擦过之后，黑板真的变成了白板！期末给了我们一些复习资料，还有考试真题，很不错啊！\n\n就是讲课有点太仔细了……
66378,558,唐炳康,2018-01-15 13:33:42,4,5,1,尽职负责的好老师！微信群答疑真的很及时，而且有问必答，期末还帮我们整理了很多习题和复习资料，不可多得的好老师！希望老师万事如意，也希望自己考个好成绩，不辜负老师。
69201,558,唐炳康,2018-01-24 10:00:08,2,2,0,为唐老师疯狂打电话！！！下学期微积分还是他的课，真的师生情！！！老师手写板书，在线答疑，真的不能再棒了！期末是我没有认真学，成绩不是很理想！下学期一定好好珍惜老师的课！\n\n感谢老师，再次为老师疯狂打电话！！！
69205,558,唐炳康,2018-01-24 10:06:47,0,0,0,非常好，只是有点口音
69217,558,唐炳康,2018-01-24 10:19:14,0,1,1,佛系课堂 舒服
69218,558,唐炳康,2018-01-24 10:21:18,4,4,0,老师人超级好，敬业负责，讲课很细，在线答疑也是很给力。就是口音重，北方同学可能吃力。全程手写板书很赞，但要坐前面不然看不清。最后学不好怪自己，多亏老师平时分给的多才没挂。很感激了！
69219,558,唐炳康,2018-01-24 10:21:26,2,2,0,唐老师很负责，令人尊敬。微信群里那么多人提问，老师总是耐心回答而且很及时。
69224,558,唐炳康,2018-01-24 10:27:47,1,1,0,讲课超级认真，给分也很好，会及时答疑，只要认真一点 妥妥的呀
69232,558,唐炳康,2018-01-24 10:36:51,-13,2,15,多谢老师微积分甲的满绩\n\n第一门满绩 上课认真、一丝不苟、不可多得的好老师
69234,558,唐炳康,2018-01-24 10:37:38,0,0,0,老师上课全程手写，跟着老师的思路会感觉听课很清晰 很耐心很棒的一个老师！\n\n感谢！！！！ \n\n只要平时好好对待，真的最后成绩不会差的！
69242,558,唐炳康,2018-01-24 10:48:05,0,0,0,老师还是很认真的，每节课坚持板书，手写。不过听课有点容易走神?
69300,558,唐炳康,2018-01-24 12:24:16,1,1,0,挺好的，绩点低也是我自作自受。唉。
69340,558,唐炳康,2018-01-24 13:33:35,0,0,0,喜欢写板书的老师！微信答疑很负责，给的平时分挽救了一下我的绩点。讲课比较细。我不是浙江人，但没感觉到下面说的口音重。
69579,558,唐炳康,2018-01-25 04:13:51,0,0,0,讲的略慢
70265,558,唐炳康,2018-01-26 10:17:01,1,3,2,强调一下卡当问题吧 唐老师可能是不太懂正态分布 会让比较多的人卡在绩点线下 讲课还不错 有一点点绩杀的感觉
71653,558,唐炳康,2018-01-29 00:04:58,0,0,0,和蔼可亲的爷爷
72174,558,唐炳康,2018-01-29 13:55:17,0,0,0,令人感动
74183,558,唐炳康,2018-02-06 06:31:30,1,1,0,课上得还比较认真
75101,558,唐炳康,2018-03-07 10:41:12,-3,5,8,95%讲课本，然后导致课堂很水。
75183,558,唐炳康,2018-03-08 01:50:28,0,0,0,讲得很详细，纯手写，上学期上完，这学期又换成他，喜欢
75907,558,唐炳康,2018-03-21 11:09:07,0,2,2,2017-18的春夏学期微积分甲二\n\n怎么说呢，感觉这个老师讲的真的很仔细，周一上完体育课后再上课也能勉强跟得上(就是会小睡一会)，从不卖弄，讲真的，能教书的老师肯定这些东西信手拈来，特别讨厌某些老师总说，这个东西这么简单自己推   搞的好像在炫耀一样，搞的好像你一开始学的时候就这个水平一样。\n\n不过话说回来，基本上说，这个老师讲基础，助教帮你提升，教你思想，真的爱上数学了，感觉微积分甲二没压力好吧
78970,558,唐炳康,2018-05-18 06:10:39,2,3,1,必须10分，让我过了
82164,558,唐炳康,2018-07-07 09:52:31,3,3,0,我要给老师打长途电话呀！！！唐老师拯救了我的微甲啊！！！激动到语无伦次！！！
82191,558,唐炳康,2018-07-07 10:55:02,4,4,0,微积分甲1、2都上的是唐老师的课，老师上课纯板书，讲得很仔细很耐心，夏天的时候，经常看到老师的汗水浸透了衬衫，是真的感到敬佩了，上课节奏可能会有些慢，老师思路还是比较容易跟得上的，这么好的老师当然10分了
82212,558,唐炳康,2018-07-07 12:21:14,-37,3,40,两次的绩点加起来就是老师的分数啦\n\n必须10分
82257,558,唐炳康,2018-07-07 15:03:51,0,0,0,棒棒哒，上课板书认真，补充很多题目，给分不错
82260,558,唐炳康,2018-07-07 15:06:11,-34,3,37,很棒的老师！上课非常细致，满满的板书到最后把黑板都写白了！！让我这个微一甲靠自学拿到4.5的渣渣微二还能继续保持4.5真的超级开心了！！感谢老师！
82289,558,唐炳康,2018-07-07 16:48:58,9,13,4,分低真的不怪您，是我们自己没学好，看老师在群里道歉就很扎心，只想说，老师真的很好
82290,558,唐炳康,2018-07-07 16:49:42,2,3,1,老师人真的超好，每次都讲的很认真，对同学的问题也超级认真。几节课下来一直坚持用粉笔手写，在台下看着都觉得老师很辛苦。微二的绩点确实挺低的，不过这种实打实的分数真的是只能说自己不好。希望以后有机会还能上老师的课，如果还有缘分的话≥﹏≤
82293,558,唐炳康,2018-07-07 17:23:55,0,2,2,一开始觉得老师讲得很乱，很零散。但是期末复习之后，再结合考卷回过头看时，唐老师讲的还是不错的。上课认真听，期末多做点题基本上能拿到个不错的绩点。
82360,558,唐炳康,2018-07-08 03:40:50,-1,2,3,不点名 讲的一般 平时分给的还可以 绩点还是靠自己期中期末考的吧
82404,558,唐炳康,2018-07-08 06:14:42,-4,2,6,微积分嘛，老师讲的很不错，自己再多做点题目，就算砸了期中期末的其中之一，也很容易上4的。
83080,558,唐炳康,2018-07-09 15:30:32,0,1,1,老师上课很认真 谢谢老师一个学期的付出！
83254,558,唐炳康,2018-07-10 03:36:15,1,3,2,唐老师的敬业，我不多说了，上过他课的都很清楚。虽然他讲课的趣味性和透彻度上可能略有不足，但是已经很棒了。
83361,558,唐炳康,2018-07-10 07:26:49,4,5,1,老师是个认真的老师，上课板书，有点可爱。但还是不得不说老师不会调分，给分严格，考多少就多少吧，另外，想吐槽助教。。。
83659,558,唐炳康,2018-07-11 03:03:17,3,4,1,老师讲课非常清晰，坚持板书，上课也很生动，不属于催眠型老师。但是不调分啊，容易挂科的慎选。
85743,558,唐炳康,2018-08-01 09:04:37,0,2,2,唐老师很敬业，讲得很用心，但是个人感觉内容偏简单，但这都没关系。还有回答问题的时候特别耐心，几乎什么问题都会回答。上了一个学期的课感谢老师，让我微积分再次拿到满绩。
86747,558,唐炳康,2018-09-18 09:08:14,1,2,1,开心，觉得很适合我
87138,558,唐炳康,2018-09-21 02:00:33,4,5,1,老师讲的很仔细，不过告诉后来者“代数函数”=对数函数，“有限次映射”=有限次运算，嗯，有可能之后某一天我会回来再加一些
87162,558,唐炳康,2018-09-21 04:25:32,5,5,0,只评上了副教授，太假了，连教授水平都是说少了。讲课可细可难，有水平的。有时有点数学家那种，自己懂跟别人讲不懂的玄乎，唐副教授好得一匹，我贼喜欢，你也值得拥有。
87515,558,唐炳康,2018-09-30 06:32:56,6,6,0,给老师打call！！！上课速度刚好 讲的很细 而且好可爱鸭
87654,558,唐炳康,2018-10-09 07:21:56,3,3,0,一开始很懵逼。后来感觉到了老师的讲课方式。
88182,558,唐炳康,2018-10-31 01:53:15,0,6,6,沙雕助教 没听懂过 \n\n我快自闭了
88432,558,唐炳康,2018-10-31 01:56:21,3,4,1,表白一下助教大叔！！！\n\n虽然肥宅了点 但是很欢乐哈哈哈哈哈\n\n在群里还是蛮有帮助的\n\n但是习题课确实有些听不懂\n\n楼上那位建议眼科脑科抉择\n\n
88470,558,唐炳康,2018-10-31 06:04:07,3,4,1,助教非常好，能学到很多东西，甚至有点想去念统计了
88504,558,唐炳康,2018-10-31 11:35:14,4,4,0,小测挺简单的，助教挺有深度的，老师人很nice
88686,558,唐炳康,2018-11-12 09:43:02,-2,1,3,老师讲的好，成绩给的高不点名。
88740,558,唐炳康,2018-11-07 04:46:37,0,0,0,已经两年多过去了\n\n微积分快忘的差不多了\n\n但仍然记得老师的那句“道法自然”
89075,558,唐炳康,2018-11-15 07:28:29,4,5,1,时隔几年，我觉得欠唐老师一个评论。老师超级好！不怕大家笑话，我高考数学考了130分，然而微积分却得了4.5点，可以说微积分这门学科真神了
89260,558,唐炳康,2018-11-17 15:25:23,9,10,1,助教是好人，讲义很好，改作业很仔细，会在作业本上写出秀气的字告诉你哪里错了。就是语速太快，我脑子转不过来，听不懂。不过看讲义还是能明白大部分。
90906,558,唐炳康,2018-11-27 08:42:38,1,2,1,很好很好的老师！
91402,558,唐炳康,2018-12-08 14:31:00,4,5,1,唐老师天下第一可爱！！！讲课也细致，最爱的老师了！！！(每次上完课都有来查老师上夸唐老师的冲动怎么办……)
92592,558,唐炳康,2019-01-03 05:08:36,1,2,1,棒!清楚!
92690,558,唐炳康,2019-01-03 17:02:00,2,2,0,每次板书都会写的很大字，并且讲的也很细致，不过同一个世界竟然不是同一个助教，而是两个助教（笑哭）
92840,558,唐炳康,2019-01-05 05:37:05,-3,2,5,emmm找队友占座很重要！！手写，后排根本看不到，声音也听不清。老师说话有口音。偶尔还会来句段子，幽默可爱。答疑也是很耐心了。个人觉得有些点讲的不是很清，而有的却过于详细。
94053,558,唐炳康,2019-01-15 05:03:26,5,5,0,555微积分上完了 好舍不得老师啊 唐老师真的好棒 本来对微积分没啥信心的 但是老师讲的很清楚 答疑也超有耐心！给老师打call！
94381,558,唐炳康,2019-01-16 09:10:16,-5,2,7,吐字不清，还带口音，字写的小看不见，听不懂。
94404,558,唐炳康,2019-01-16 10:23:05,7,7,0,糖糖真的超级超级可爱的，上课也真的超级超级棒，方言也相当可爱的。感觉认真听了就真的可以学到很多东西。下学期本来还想跟着糖糖学微乙，奈何糖糖去交微甲了。伤心啊。另外，表白助教宅子同学，希望宅子尽早脱单。有意者请联系啊。\n\n
94666,558,唐炳康,2019-01-17 15:50:47,2,2,0,有点口音，考不好怪自己
95104,558,唐炳康,2019-01-18 23:50:49,4,4,0,唐老师很可爱，呆呆的，上课也讲的特别清楚有条理，很佩服老师能不看讲义几下书本的那么多东西，还能有条不紊地讲出来 ，解题也是一步步写出过程，跟着老师做笔记做下来什么都会了，根本不会犯困，助教小哥哥人也超好，在答疑群里很活跃，有问题助教小哥哥一定耐心解答。微积分学得挺轻松的，不预习也能听懂，它是我目前在大学里上过的最有上课感的课了（好多其他课上过跟没上一样），本来下学期还想选唐老师的课的，可惜老师不开微乙了，口音问题的话我觉得没啥太大影响，唐老师可能带点江浙口音（可能大部分浙江的资历深的老老师都会有一点吧），但还是能轻松听懂的，甚至有点可爱
95629,558,唐炳康,2019-01-19 16:33:27,-3,0,3,一般般
95896,558,唐炳康,2019-01-20 07:47:38,1,1,0,老师让我及格啦
95901,558,唐炳康,2019-01-20 07:54:22,0,0,0,老师太好了！上课坚持手写，回答问题也很耐心，给绩点很好好好好
95908,558,唐炳康,2019-01-20 08:06:42,0,0,0,唐老师和助教都讲得很好。老师考前还给我们单独抽几节课复习，感谢老师!
95912,558,唐炳康,2019-01-20 08:14:01,2,2,0,唐老师上课讲得很细致，答疑也特别耐心，考试前一天在群里从下午答疑到11点，，，助教讲得没怎么听懂过...不过讲义整理得很清楚。）
95920,558,唐炳康,2019-01-20 08:21:55,0,0,0,老师人很好啊。卡绩有点难受。但我还是要给十分十分
95921,558,唐炳康,2019-01-20 08:24:02,-2,1,3,4.5 稳就完事儿了
95928,558,唐炳康,2019-01-20 08:32:40,2,2,0,啊啊啊啊啊老师我爱您！感谢老师感谢助教！虽然卡绩了，但是是自己能力的最好结果了！！！老师人真的很好，讲课很细心，群里会很认真地答疑。助教人也特别好，一个可爱的小哥哥～选就对了！！！！！赞！
95931,558,唐炳康,2019-01-20 08:36:34,0,1,1,老师超可爱，上课很认真，答疑也很耐心，助教也超棒，并没有绩杀，考得不好是自己的原因啦...
95941,558,唐炳康,2019-01-20 09:01:43,5,5,0,真的超级好！！！坚持板书这一点真是爱了！讲得超级仔细而且助教小哥哥真的太好了！批改作业认真教题也热心（就是讲得差了点）而且还超级体贴！！！常年麦斯威等同学交作业每次打分都极其人文关怀！“你们只管去考试，让你们及格是老师和助教的事”
95942,558,唐炳康,2019-01-20 09:02:14,2,2,0,把查老师的第一次评分贡献给唐老师啦。真的是很好的老师，平时坚持写板书(虽然有时候会看不清楚哈哈哈)，上课有时候萌萌的，在群里答疑或者下课问问题都会很耐心。虽然上去问太蠢的问题被老师问是不是没去上课and是不是没认真听课，但是老师还是很认真地回答了我的蠢问题哈哈哈。微积分这个东西其实还是要靠自己自觉的。再次谢谢唐老师啦，下学期老师就不教微乙了，可惜呀。先祝唐老师新年快乐啦～
95980,558,唐炳康,2019-01-20 10:11:11,0,0,0,唐老师真的讲的非常认真，上课逻辑也很清楚。不过微积分这个课更加看自己的刷题量吧，期末考前刷了一整套微甲的卷子，最后绩点还算过得去。
96070,558,唐炳康,2019-01-20 12:17:06,5,5,0,唐唐真的超级棒，大叔自带萌感，什么意念学习法啊笑死我了。大学才觉得学数学是件快乐的事情，比较有逻辑而且讲套路，可能还是老师思路比较清楚叭！还要点名表扬宅子助教，这么好的小哥哥怎么会没有对象呢？还要表扬微乙的群，大佬不仅多而且热心，我遇上的都是什么天使啊！虽然差0.7卡绩但是狗住了还是觉得很开心
96304,558,唐炳康,2019-01-20 18:12:09,-15,2,17,老师很好，给分抄好，满绩一枚
96403,558,唐炳康,2019-01-21 02:27:41,0,2,2,跪谢糖糖给过之恩，并没有绩杀，自己绩点不高因为考试太差，但是本来铁定是要挂科的
96414,558,唐炳康,2019-01-21 02:36:51,3,4,1,唐老师太棒惹，平时分和小测给分都超级好，上课也很有逻辑，讲解得超级仔细，本来还想上老师的微二的，但是老师下学期不教微乙了，总之很感谢老师了，理科菜鸡能拿到这样的分已经很满意了
96478,558,唐炳康,2019-01-21 04:57:07,2,4,2,老师超级好，给分也很好
96918,558,唐炳康,2019-01-21 12:23:45,-9,2,11,老师教的明白 助教就不了 还乱给分 太可怕
97212,558,唐炳康,2019-01-22 00:29:06,0,1,1,老师上的确实好，但是下面那位diss助教的是什么鬼？助教上的挺清楚的，你听不懂怕是在玩手机或者带着看不起的心态去对助教。唐老师的课很容易听懂，但是进度稍稍有点慢啦。作为一个高中苦逼竞赛党，上课自学的速度都能比肩甚至赶超老师?（当然老师是因为讲得又慢又好）。最后再赞一下唐老师认真严谨的上课态度，绩点什么的就不要去管了！
97678,558,唐炳康,2019-01-22 13:15:13,5,5,0,唐唐上课板书很有条理，非常适合跟着老师的思路做笔记hhh人有点可爱。而且答疑非常负责，鼓励同学在群里分享不懂得帮助大家一起解决。助教小哥也是看似蠢萌（偶尔说的话都感觉超搞笑），考前梳理还是挺清晰的。上课还是值得认真去听的。尽量坐前排吧因为黑板总是白花花的后排看的效果不清楚QAQ
97910,558,唐炳康,2019-01-23 01:37:27,2,3,1,特别好的一个老师，真的，上课都手写，虽然板书有时候不太清楚，但真的非常喜欢这个老师，给分?我觉得挺好，都是自己努力学的结果，也会捞人的。
98228,558,唐炳康,2019-01-23 08:23:51,0,1,1,老师上课备课特别充分，而且坚持手写，保证做笔记的同学跟得上他的速度。但是上课略催眠，如果不做笔记就特别催眠。
100100,558,唐炳康,2019-01-25 14:58:11,0,1,1,老师讲课真的很好，杭普听着也很亲切，群里问他问题他都会耐心解答，期末没考好分很低，只能怪自己
101762,558,唐炳康,2019-01-29 04:13:06,1,2,1,老师超好，我和他都叫康康
101778,558,唐炳康,2019-01-29 05:00:32,0,2,2,老师上课超级好！讲的很清楚，而且经常会拓展！只要好好听，分数就不低！
102651,558,唐炳康,2019-02-17 10:21:57,2,3,1,老师很可爱（为我们因为他自己也不知道的笑点全班笑出声而笑出声），讲课很细很棒！
103204,558,唐炳康,2019-02-27 00:00:11,3,6,3,听了两节课感觉几乎只是把书念了并解释了一遍，似乎有点太基础了。唐老师讲课一直都是这么基础简单的吗？希望能有拓展啊
103208,558,唐炳康,2019-02-27 00:45:44,-5,3,8,上课认真仔细，但很无聊，老师不会讲段子
103545,558,唐炳康,2019-03-01 03:06:12,-1,0,1,超级棒！！！
103661,558,唐炳康,2019-03-04 01:45:17,6,6,0,老师真的很认真，就像大家说的一样坚持手写。但是好希望教室多准备几块干净的黑板擦呀！老师擦了几次整个黑板都白白的了，坐在后面就更加看不清惹～
103663,558,唐炳康,2019-03-04 02:03:13,18,21,3,"“这个定理有点“曲径通幽""的味道"""
103805,558,唐炳康,2019-03-06 02:29:11,-47,5,52,亲亲，这里建议普通话不好的老师不要讲课哦
104046,558,唐炳康,2019-03-11 03:11:21,4,4,0,老师讲的挺好的，就是口音有点重，纯手写板书，我坐在第二排什么都看不清，有点惆怅?
104066,558,唐炳康,2019-03-11 09:19:17,8,8,0,难为情(≧∇≦)
104949,558,唐炳康,2019-04-01 00:58:22,14,14,0,唐老师应该一分为二去看，好的一面是上课一丝不苟，坚持板书，思路清晰有条理，不好的一面是，你必须坐前排，坐后排看不清也听不清，他口音很重，说话抓不住重点，容易让人困
104959,558,唐炳康,2019-04-01 03:27:03,18,21,3,我真是喜欢不起来… 上课讲概念很催眠…例题很少讲 讲的也只是简单题。字小看不懂 对后排同学很不友好
108703,558,唐炳康,2019-05-31 11:09:38,3,3,0,微积分能拿多少分数主要看平时付出多少吧。总之老师真的很好！
109235,558,唐炳康,2019-06-12 06:15:14,5,5,0,10分没毛病?
109641,558,唐炳康,2019-06-22 02:58:07,10,13,3,老师真的很尽职尽责，最后一节课看他讲得整件上衣都湿透了，很感动。不过我个人不适合板书的上课方式，不如PPT清晰有条理，也容易犯困。如果学弟学妹发现自己不适合他的上课方式，大可去蹭别的老师的课，唐也不点名，不要将就这听结果学不到什么，像我一样期末靠别的老师的PPT自学一遍。
109683,558,唐炳康,2019-06-18 11:18:11,6,7,1,老师对学生非常关心负责，让人非常感动。我不喜欢这个老师上课，每次都睡着，讲课无聊，比较平淡，没有段子，但我十分尊敬这位老师，所以给10分。老师呆呆的很有趣
111254,558,唐炳康,2019-09-26 17:21:42,-154,1,155,太菜了我，呜呜呜，跳楼了……?期末爆炸了，怎么才4.5......?
111269,558,唐炳康,2019-06-30 23:14:08,-9,8,17,绝对的绩杀
111291,558,唐炳康,2019-07-01 00:56:37,-30,6,36,就一垃圾，自己看着选吧
111297,558,唐炳康,2019-07-01 01:09:54,19,19,0,对不起老师 对不起爹妈 对不起自己\n\n
111300,558,唐炳康,2019-07-01 01:37:38,-5,9,14,不好不坏吧 老师很努力 但是……\n\n（但是能换的话建议还是换了…… 真的！\n\n讲真，查老师的评分有一点点坑，不少人都被骗了……
111315,558,唐炳康,2019-07-01 02:22:29,-15,2,17,好老师好老师，讲课很好，差一点就满了
111360,558,唐炳康,2019-07-01 04:46:21,1,1,0,老师很好，是自己的问题
111363,558,唐炳康,2019-07-01 04:55:53,0,1,1,粉笔板书细致，适合跟着记笔记，但是确实对后排同学不友好，需要抢前排才能看清黑板。\n\n至于分数，，微积分这种主要看自己吧，感觉期末能给的老师还是尽量给了。
111369,558,唐炳康,2019-07-01 05:15:54,2,3,1,老师很负责，考试前一直在群里答疑，除了有点口音，但是认真听，会发现老师讲的很透彻了，真的是超棒的老师了！
111411,558,唐炳康,2019-07-01 10:22:04,2,2,0,老师上课不用ppt，看不清黑板就凉了。。。
111436,558,唐炳康,2019-07-01 13:30:30,3,6,3,上学期是银爷的课，感觉难度很高，但是不懂装懂跟着银爷神游还蛮有意思的，不过泰勒之后就很少去了，最后期末补天比较简单绩4.5还可以\n\n这学期是唐老师的课，幂级数的时候感觉和极限差不多，老师也讲的蛮简单的就，，，没怎么听过，最后期中补天86，期中看补天效果还不错，加上自己比较懒，最后补天，结果一天真的学不完曲面积分，期末挂科靠平时分拉上了岸最后3.0\n\n有人说银爷课难，\n\n有人嫌康康简单，\n\n众口难调，老师和学生应该相互适应和交流不是吗？？\n\n银爷助教很皮，康康期末线上也有答疑\n\n(一边答疑，一边替学生担心。。。)\n\n尽职尽责我觉得真滴值十分！。
111552,558,唐炳康,2019-07-02 02:17:41,1,1,0,逻辑清晰，蛮好
111631,558,唐炳康,2019-07-02 09:01:29,3,3,0,好好好，老师人超好，
111656,558,唐炳康,2019-07-02 11:28:50,-4,4,8,不点名\n\n建议旁听别的老师的课
111704,558,唐炳康,2019-07-02 15:00:10,10,11,1,我觉得tbk老师是个特别谦卑的人啊，第一节课讲注意事项的时候最后一条居然是本周仍然可以换老师（当时觉得这才是求是啊），在楼道里碰见还会点一下头打个招呼什么的。虽然讲课达不到那种醍醐灌顶的感觉但是讲得很清楚啊，不预习也完全跟得上的那种。而且仔细听不会觉得无聊的，考完试这么久我还记得“任意分任意取只要细都一样”的三字经hhh偶尔还会冷幽默一小下。本人日常一二排但也坐过后排，手写板书其实能强制你集中注意力不要走神。而且口音没有想象的那么重啊，我一个北方人听懂完全不吃力的。
113315,558,唐炳康,2019-07-06 05:45:34,0,0,0,好好好
113637,558,唐炳康,2019-07-07 01:36:27,42,46,4,老师挺好的，下面那个4.5来装的，nmsl。
114062,558,唐炳康,2019-09-25 09:54:09,-102,6,108,唐老师非常非常棒！即使是上完课程1年之后，再请教他问题他仍然会回答！虽然对于我这种均绩只有4.5x的差生，一个3.3的微积分II会让我雪上加霜，直接变成4.4x，但还是无比感谢唐老师！
114440,558,唐炳康,2019-07-10 03:04:27,7,7,0,老师人很好，一般是讲书上的例题比较精透，期中和小测靠考前突击还好，结果期末复习发现曲面太难啦，那么多公式全都绕晕了，果然要平时好好学习！学弟学妹们要记住学姐的教训嘤嘤嘤，平时花功夫，多做习题，5学分的课可以是绩点的牵引机也可以是拖拉机。还建议可以找同学一起学，一个人感觉没啥动力嗯！
117725,558,唐炳康,2019-09-30 02:32:49,4,4,0,听唐老师讲课很舒服
118294,558,唐炳康,2019-10-24 10:40:40,4,4,0,老师讲课真的非常的用心，每一个字都是一笔一画写的，为了方便大家理解，都会把那些误区一个字一个字都写出来，非常的负责
119085,558,唐炳康,2019-11-10 07:12:38,2,2,0,老师的板书当然没话说，非常流畅认真，学习终究是自己的事情，想要成绩好自己要下功夫的
119362,558,唐炳康,2019-11-12 09:22:06,0,1,1,唐老师很可爱鸭！小测也很简单！唐老师是一直板书的，所以尽量坐前面会比较好哦！（虽然还是会睡）微积分真的好难，不过唐老师上课的时候节奏还是比较慢的，会举好几个例子来帮助理解！给唐唐老师满分！
119380,558,唐炳康,2019-11-12 12:32:37,6,7,1,生气，明明只错了一题，再错个三道证明题，总共也就24，给扣了21。还不跟我讲证明题错在哪，哭了哭了。考完心情蛮好，看到助教名单上的分数也还行，教务网上硬是多扣了十几分。qswl
120304,558,唐炳康,2019-11-28 01:26:20,0,3,3,期末4.5装逼那个今晚我就猎你?
120411,558,唐炳康,2019-12-04 03:32:03,0,0,0,老师讲的很认真
120481,558,唐炳康,2019-12-09 07:02:52,1,1,0,超级喜欢纯板书上课，速度刚好！期中没考好，发邮件问唐老师，老师很快就回复啦^-^，还在邮件里安慰我说期中没考好没关系！炒鸡感动，会继续好好学，抢前排座位听糖糖～
120581,558,唐炳康,2020-01-13 09:58:34,0,3,3,谢老师不挂之恩\n\n绩点看态度
120989,558,唐炳康,2020-01-19 07:37:55,-109,4,113,真的绩点看态度，感觉自己平时态度不太好，期末出来只有4.8，菜的一批，呜呜
120998,558,唐炳康,2020-01-19 08:20:47,38,43,5,老师很认真，但我真的不大习惯这种讲课方式🥱🥱🥱给分很实在的老师，不会捞人，大家要选的话还是慎重。另外，4.8在那呜呜呜的卖弱傻逼，大概能猜出你是谁，想和您说一句：你妈死了。
121376,558,唐炳康,2019-12-16 14:39:15,1,1,0,老师上课都用板书，思路清晰
121697,558,唐炳康,2020-01-21 02:13:12,1,1,0,老师讲的非常认真，就是我有点困
121713,558,唐炳康,2020-01-21 05:30:19,-26,1,27,老师人超级好，给分也合理，手写的老师不多了，虽然最后排的不太看得见，每节课都要举着个手机当望远镜，但还是阻挡不了他给我4.8的热情
122145,558,唐炳康,2020-02-17 09:39:29,0,0,0,老师非常的优秀，讲课面面俱到！
122233,558,唐炳康,2020-02-20 09:09:52,0,0,0,认真负责好老师
122496,558,唐炳康,2020-03-02 12:25:30,0,0,0,唐老师讲课有趣，作业少，棒
122558,558,唐炳康,2020-03-04 04:00:28,9,10,1,唐老师的教学风格感觉是偏向保守的，上课内容比较基础，但是实打实的，适合我这种高数苦手。总体上是非常谦逊且认真负责的老师，作业压力是舍友中最小的。期末给分还是看自己的基础功扎不扎实，计算题算没算错等等。最后再夸夸助教小姐姐，平易近人的好助教，经常和我们讨论问题，光是听到人家甜甜的声音就值了
123057,558,唐炳康,2020-05-07 03:35:47,6,6,0,唐老师上课非常认真，作业确实留得很少。就是口音很重啊，北方的同学们要做好准备。
123083,558,唐炳康,2020-05-09 01:11:41,2,4,2,认真负责的好老师，顺便表白助教xjj~
123106,558,唐炳康,2020-05-10 03:48:11,-1,11,12,不是很明白为什么要把平时分扣下去 两次小测都是满分 作业都交了 最后平时分拉下来卡绩\n\n讲课很认真 但是板书很脏 黑板白乎乎一片 口音也听不太清 能换个老师还是换个吧
125205,558,唐炳康,2020-09-03 14:31:08,4,4,0,讲课认真仔细，注重基础，会捞人～顺便表白助教xjj～
125207,558,唐炳康,2020-09-03 14:50:44,2,2,0,强推唐老师，给分好！！！！
125316,558,唐炳康,2020-09-06 13:13:35,1,1,0,唐老师讲课很认真，给分也很好
125407,558,唐炳康,2020-09-08 07:39:29,0,0,0,棒棒棒棒棒棒
127300,558,唐炳康,2020-11-20 01:46:42,2,2,0,板书真的很认真
128475,558,唐炳康,2020-12-23 10:47:20,2,2,0,真不错
129625,558,唐炳康,2021-01-09 06:57:23,2,3,1,坚持粉笔板书，认真，和蔼，（天然呆？）
130092,558,唐炳康,2021-01-16 15:50:37,2,2,0,中道崩殂
130745,558,唐炳康,2021-01-24 12:19:34,2,2,0,上课比较认真，作业也不多，但是真的容易让人犯困，而且板书看起来比较挣扎，建议抢前排座位，总体还不错的一个老师。
130758,558,唐炳康,2021-01-24 13:28:43,4,4,0,老师讲的很细致，年纪大了也能坚持手写板书，就是口音有点重（北方孩子真的有点听不懂wuwu）
131210,558,唐炳康,2021-01-26 13:58:02,3,3,0,唐老师讲课非常认真，期中，期末全天线上直播答疑（虽然我没怎么听过）。全程板书，讲课有点让人想睡觉，当然我自己的原因更多一点。不点名，可随便翘课，不过避免挂科，还是认真听课吧。。。
131288,558,唐炳康,2021-01-27 03:28:49,0,2,2,还行吧 就是讲的书上都有 容易让我走神\n\n最后自己好好学了 给分也还行
132600,558,唐炳康,2021-02-02 14:46:24,7,7,0,很喜欢唐老师讲课，全程板书，条理清晰，莫名可爱。绩点低是我太菜呜呜呜
133062,558,唐炳康,2021-02-07 11:56:50,5,5,0,认真负责、水平高超的好老师
133723,558,唐炳康,2021-03-04 08:09:23,5,5,0,老师非常好
133843,558,唐炳康,2021-03-08 04:23:29,14,15,1,无ppt无教案 书本全部记在脑子里 板书纯手写 超级牛逼！上了别的数学老师的课回来打十分 康康yyds 助教xgg也很很很好
133934,558,唐炳康,2021-03-10 04:14:15,6,7,1,有口音，讲不清楚诶😩
135673,558,唐炳康,2021-05-19 02:00:27,3,5,2,有口音 真的听不懂。。
136808,558,唐炳康,2021-06-25 03:12:34,2,2,0,很好的老师，
137464,558,唐炳康,2021-07-04 09:18:58,-60,10,70,虽然满了 但只有97？明明期中才扣一分都不到，作业也都交了，期末也很简单全写出来了，为什么给我多扣两分就不懂了。
137709,558,唐炳康,2021-07-05 17:01:28,4,4,0,讲课特别仔细，对思维慢的同学非常友好\n\n在康哥手下微积分大有进步，谢谢康哥还有马助教！
137720,558,唐炳康,2021-07-05 20:05:32,4,5,1,我学习态度极其不认真，不去上课，作业做的，不复习，期中50，考前学五天考试拿点公式分步骤分，期末考60多吧，最后2.7。像我这种时间花的不多，只求过的人来说，唐老师真是太tm好了，10分走起哈哈
138285,558,唐炳康,2021-07-08 10:34:40,2,4,2,唐老师口音较重，不用PPT，可能北方同学不大适应，但是给分比较好，建议有自学能力的同学选课
138329,558,唐炳康,2021-07-08 14:09:08,2,2,0,上课认真的好老师
138761,558,唐炳康,2021-07-10 16:54:19,4,6,2,微积分这课大家都懂，该划水的划水，该卷的卷。我几乎没去过几次课，期中七十几期末估计六十几，总评80，真的很好了。
139634,558,唐炳康,2021-07-18 15:20:14,0,2,2,讲课非常详细，慢条斯理，很适合思维慢一点的同学，喜欢自己钻研的听老师的课就不太听得下去。总的来说是很好的老师
139840,558,唐炳康,2021-07-31 07:31:59,-1,1,2,老师非常好
141746,558,唐炳康,2021-10-24 10:17:23,-1,0,1,老师讲课很细，速度不是很快，就是口音有点重，北方孩子表示上课还需要猜老师讲的是什么
142097,558,唐炳康,2021-11-05 14:54:33,30,34,4,生宝🤤，我的生宝🤤🤤\n\n康康🤤，我的康康🤤🤤
142741,558,唐炳康,2021-11-15 16:43:09,-124,4,128,虽然满了 但只有97？明明期中才扣一分都不到，作业也都交了，期末也很简单全写出来了，为什么给我多扣两分就不懂了。
144504,558,唐炳康,2021-12-22 02:26:22,3,3,0,老师用自己的手写稿讲课，非常认真，而且条理非常清晰易懂。很和蔼的老师。
146952,558,唐炳康,2022-01-08 07:04:39,5,5,0,蟹蟹生宝！！！
146971,558,唐炳康,2022-01-08 08:27:55,-13,3,16,出成绩了来评一波。谢谢唐老师和助教姐姐！\n\n   唐老师人很好，讲课仔细，对于同学下课后的问题会耐心解答。有一点口音，但影响不大，可以把他的讲稿拍一下。选到就是赚到。老师是用自己手写的讲稿讲课，所以要认真听课，开小差会导致困和拖欠课程（哭）。\n\n   助教lyl姐姐也很棒，超耐心和温柔。
146976,558,唐炳康,2022-01-08 09:03:41,2,2,0,是我太菜，挂了
146989,558,唐炳康,2022-01-08 10:08:27,1,2,1,老师很好，给分求是
147014,558,唐炳康,2022-01-08 12:25:50,2,2,0,谢谢生宝！谢谢康康！
147263,558,唐炳康,2022-01-09 10:18:44,-10,2,12,差一分满绩，虽然有点不爽，不过唐老师讲的不错，就是按照课本讲，有些内容不会去拓展（对标隔壁的达布定理啥的）
147552,558,唐炳康,2022-01-10 08:12:33,12,14,2,给分求是，讲解细致。\n\n助教嘛，一言难尽吧
147591,558,唐炳康,2022-01-10 09:12:37,0,0,0,老师的课讲的非常清晰，期末考完咨询老师分析问题也很耐心，是个非常好的老师
147663,558,唐炳康,2022-01-10 11:29:44,8,9,1,给分差
148410,558,唐炳康,2022-01-12 11:19:10,-26,6,32,出分前：糖糖讲的好清楚\n\n出分后：原来是个卡绩且绩杀的老师啊那没事了\n\n来自一个对绩点及其不满意的菜狗的吐槽\n\n期中92期末80多最后绩点3.9哭死
149185,558,唐炳康,2022-01-14 16:07:37,-12,2,14,虽然正好94被卡了，但是老师上课确实很认真，讲的也通俗易懂，生宝很可爱！
149332,558,唐炳康,2022-01-15 05:58:35,-10,5,15,正好94被卡+1，老师上课确实很认真。\n\n但是对我而言节奏有点慢，所以我后来就选择全程自学了。\n\n生宝对我们真的很好！
149628,558,唐炳康,2022-01-16 08:36:21,1,2,1,给分还可以，不太调分，讲解细致。
151911,558,唐炳康,2022-06-24 03:13:47,14,22,8,傻逼吧，尤其助教，五毒俱全
153016,558,唐炳康,2022-04-23 14:43:25,29,32,3,老师很好。\n\n就是。助教xjj。。可以通一点人情吗？\n\n很清楚捞不是一件应该非常被提倡的事情，但是。。和其他的教学班比起来落差特别大。。
153477,558,唐炳康,2022-05-01 08:07:07,16,18,2,助教lyl，真的，五毒俱全
154317,558,唐炳康,2022-05-30 03:51:35,16,18,2,助教实在过于sb。。。
155555,558,唐炳康,2022-06-14 09:13:15,28,31,3,老师讲课一般 照本宣科\n\n助教xjj真的太过于求是 可以多点人情味吗 认真学了一学期最后2.7谁都不舒服吧
155954,558,唐炳康,2022-06-21 01:51:55,43,47,4,唐老师很好  助教lyl快跑   期中期末分数相同的情况下能比其他班绩点低0.6
156436,558,唐炳康,2022-06-19 15:40:42,24,24,0,助教老师强强联手，绩杀狂魔\n\n学弟学妹们快选 感受社会的险恶
156479,558,唐炳康,2022-06-20 03:09:35,2,3,1,关于老师授课，客观地说趣味性不是很足，上课容易走神，也可以说照本宣科但实际上微积分好像真把本学会了也不会多差吧。老师很认真，答疑的话非常耐心，下课后可以直接去问，都会尽力回答。整个学期下来感觉有很多笔记，如果上课认真的话，凭这些笔记都很安心。\n\n个人感觉是比较好的微积分老师了。至于绩杀的话，微二确实难一些，但现在也还没出分，努力的话总不会太差，微二都有点这样。哭😭\n\n助教jj挺好说话，挺温柔的，不知道发生了啥。
156723,558,唐炳康,2022-06-20 21:03:41,6,6,0,老师讲课内容很仔细。\n\n微积分学习，一半靠自己，一半靠助教。感谢生宝一学期陪伴，十分替同学们着想（每周都会单独抽一下午和晚上再zjg答疑，助教能做到这样真的非常负责了）。\n\n是一位好助教，也不失为一位好的学长(*^ω^*)。
156735,558,唐炳康,2022-06-21 00:29:54,22,23,1,老师讲课很细致，不是很有意思但确实面面俱到，偶尔会比较容易犯困。助教姐姐怎么说呢，讲课讲得也很不错但是和唐老师一样比较求是。奋斗一学期拿到的绩点自己还算满意。。。就跟学弟学妹们分享一下唐老师一些比较难听清的南方口音（我是北方来的最开始的时候有一些发音真的完全靠自己猜什么意思）\n\nzai：z；          \n\nshai：算；\n\nze：这；\n\ngui二声：关于；\n\ncaiyu：参与；\n\nchai：穿；\n\nfei：φ；\n\nsei da：θ；\n\nkou：Q；\n\nlaozao：绕着。
156737,558,唐炳康,2022-06-21 00:32:25,15,15,0,上的微二，老师讲的很清楚，助教老师也是真的严。估计我分这么差平时分是一点没捞。微二比微一努力了那么多，但最后分更低了。但第一次小测普遍都比较惨，可能还是保留了原分？（猜测的）我不想去怨助教姐姐或者糖糖，但感觉一学期的努力得不到应有的回报真的很难受，唉。
156770,558,唐炳康,2022-06-21 02:39:27,3,6,3,微甲二出分了，来评论一波！我微一和微二都是唐老师的，老师上课很好，纯手写，讲课也挺好 就是助教(不是生宝的)有点难言，懂得都懂，很求是！
156778,558,唐炳康,2022-06-21 02:57:22,13,13,0,口音严重，上课以笔记展示为主，没有ppt，没有板书，难以理解。点名次数多，生宝非常好，但是唐老师不捞不调，给分很差
156789,558,唐炳康,2022-06-21 03:28:41,4,4,0,粗略算了下 第一次小测分数应该还是调整过的，但乘0.5+50可能还不如别的班赋分高，更别提有的班还能通过做慕课补小测的分数。然后平时分20应该是给满的。\n\n建议老师以后小测可以赋分，或者可以做慕课来补小测扣的分，这样和其他班给分就差不多了。\n\n上课还是挺不错的，手写讲课内容，然后用投影投出了看。至于口音可能因为我是本地人感觉问题不大。\n\n不过感觉绩点和考试影响更大，刚出分觉得绩点很低，问了下老师期末考，原来是考试拉了。可能考完感觉还行但实际上多算错很多个题，所以之后的同学还是要考试细心，多考点分。
156791,558,唐炳康,2022-06-21 03:22:16,12,15,3,真真的，一点不捞，真想剁了他的猪头，服辣
157166,558,唐炳康,2022-06-22 06:41:19,4,10,6,首先期中期末是统一批改的，老师没有办法参水，平时分也是助教给的，对老师的戾气大可不必这么重，要骂也把重点放在老师讲课的水平上。至于给分的问题，更看助教吧，只能说生宝我的超人，10分给生宝。
157355,558,唐炳康,2022-06-23 04:49:00,26,27,1,他的助教xgg已经毕业了\n\n没人捞你们了\n\n学弟学妹们\n\n自求多福吧\n\n在乎绩点就快跑\n\n不然期末让你体会什么叫世界的参差
157427,558,唐炳康,2022-06-23 07:58:02,10,10,0,基本上卷面分几分，最后总评就几分
157491,558,唐炳康,2022-06-23 12:11:53,-6,2,8,老师很负责，但是没有ppt，只有手写稿，字迹不算特别清楚。老师有点口音，但不影响听课，好好听一定是有收获的。微积分课后一定要多花时间，要多算，多刷题，个人认为老师不会起决定性作用。
157560,558,唐炳康,2022-06-23 17:04:07,7,8,1,讲课水平一言难尽，不如自学
157672,558,唐炳康,2022-06-24 09:35:09,-4,9,13,唐老师真的是我遇见过的老师里面数一数二的认真负责的老师。首先，他上课坚持手写，而且很少脱离手写稿件，在黑板上板书，这样不仅上课的时候学生需要关注的点很少，而且回看智云的时候也可以很快定位到正在讲解的部分，复习和补缺效率就很高。第二，唐老师对于讲课的速度有很不错的把控，简单易懂的地方讲得比较快，剩下时间细细讲解重难点，这一点对我这种基础比较薄弱的学生非常友好。第三，唐老师讲课的风格真的很舒适，精要的地方是很明显可以听出来语气的变化，而且整体讲课也是抑扬顿挫，就算不讲别的话题，只是讲解书本内容，听起来也是很有味道。不过，唐老师对小测和期末考的分数把控非常严格，考出来是多少就是多少，不调分，但只要认真学，分数一定不会低。
157936,558,唐炳康,2022-06-25 16:13:59,11,14,3,tbk的课你们也敢选？
158284,558,唐炳康,2022-06-28 05:10:56,25,26,1,老师有口音，但讲的不错，但是别选周一1.2的班，助教lyl是真nt，有一次钉钉问她还已读不回，态度还不好
158338,558,唐炳康,2022-06-28 12:19:56,19,20,1,女助教是真sb
160533,558,唐炳康,2022-09-26 10:10:57,12,15,3,真不知道这老师评分这么高，上课就只跟着书念，写的字也很丑，有时候甚至直接写错了，真的完全靠自学
160915,558,唐炳康,2022-10-19 13:54:55,8,8,0,助教xggsjs真的超级好！！！我吹爆xgg！！！唐老师的课怎么说呢，中规中矩，但是很细致，认真上收获颇多
163595,558,唐炳康,2022-12-15 12:57:07,13,14,1,上学期上的，这边来评价一下\n\n首先确实不捞人\n\n其次的话，他有两个助教，一个是cysxgg，还有一个不认识，cys非常好，另外一个助教非常离谱，一道题如果cys给你扣一两分她可以给你扣七八分\n\n坏消息是cys毕业了\n\n所以还是逃吧
163597,558,唐炳康,2022-12-20 08:07:38,9,9,0,这10分是给助教ggsjs的
163620,558,唐炳康,2022-12-15 21:04:21,17,18,1,老师人还是不错的，感觉骂的都是21－22学年的助教，我微1微2都是lyl助教，确实有些地方让人莫名其妙，她微1的时候鼓励学生提问题，说自己没时间回答，让学生发到钉群里，然后给回答的人加平时分？？？？这不是你的本质工作吗，怎么还反过来鼓励内卷了呢？？？😅😅我另一个同学微1也是她，有一次把她当做大计基助教问了大计基题目，结果她回复语气很严厉，怪我同学没看清楚。微2的时候同样有加平时分的内卷行为，虽然没多少人真的在群里问。然后微2的时候她自己家里发生了一些变故，甚至没时间批改作业了，200多本作业工作量也确实挺大的，她习题课也没怎么准备，觉得愧对我们就让我们不想听可以交完作业就走，（微1的时候习题课会讲一些拓展考试不考，我一开始听一下，后年也不听了），她就说作业没仔细改，就打了个阅，然后有一次拿到本子我发现我的作业本没有批改痕迹，担心助教漏改了，没登记我的上交情况，我去钉钉上找她，结果她已读不回😅（改没改但凡说一下也好吧），然后我又发了一个那个类似于天使祈求的大表情，还是已读不回，服了。
163807,558,唐炳康,2022-12-16 07:01:12,4,4,0,讲课就照着课本来，语速很慢，同样的话能重复好几遍，十分催眠，但知识点都讲清楚了
164511,558,唐炳康,2022-12-21 11:14:02,11,11,0,快跑吧。。。努力一学期：作业每次都自己认真做，期末有好好复习，历年题80%都会做，期末考就没做出来两题。感觉应该挺稳的了，最后3.9.只能说给分和其他班比不了......
164534,558,唐炳康,2022-12-21 13:08:50,18,19,1,看到你们都在骂助教lyl我就放心了\n\n态度不好，给分依托答辩
164932,558,唐炳康,2022-12-28 01:57:24,1,3,2,老师讲的还可以吧，不过微积分基本全靠自学是真的。。感觉重要的是助教好不好。这时候我就要狠狠夸一夸助教sjs呜呜呜呜我的神！！！
167232,558,唐炳康,2023-01-15 07:06:48,2,4,2,20年前上过康叔课的来评论下，康叔讲课全板书，知识点讲解的很细致耐心。还记得大夏天康叔穿一件衬衣在黑板前奋笔疾书，背上显现的“求是鹰”图案的汗迹。
168958,558,唐炳康,2023-06-09 02:43:31,23,24,1,绩点很求是，而且他应该是微积分中评分最低的老师了
169001,558,唐炳康,2023-02-24 03:20:35,-2,1,3,唐老师救我狗命
169044,558,唐炳康,2023-02-24 06:07:59,0,0,0,老师讲课十分详细，如果你高中数学掌握的不太好，那大可放心，老师都会铺垫到位的。所有证明过程都是一步一步呈现的，有任何问题也都能得到解答。当然，老师习惯于手写投影，自己适应了就好。
169150,558,唐炳康,2023-02-24 12:50:39,7,9,2,sjs助教给分过于求是了，一点都不调，和其他班没法比
169171,558,唐炳康,2023-02-24 13:46:36,4,4,0,给分低，达咩
169290,558,唐炳康,2023-02-25 08:50:35,11,11,0,过于求是
169366,558,唐炳康,2023-02-25 14:59:49,2,3,1,唐老师投影自己写的笔记上课，讲课十分细致，也比较有条理，能学到很多。（不过最后卡绩了，给分求是~）
169911,558,唐炳康,2023-02-28 10:29:33,0,0,0,微积分甲I。讲课很好，但是给分很求是。
170453,558,唐炳康,2023-03-05 06:09:19,10,12,2,助教lyl有毒。。。
170933,558,唐炳康,2023-03-12 15:49:12,3,5,2,讲课还可以，腔调有点怪。完全不捞，建议慎选
171467,558,唐炳康,2023-03-25 05:39:00,-6,1,7,给分求是感觉是之前的反噬，但也证明了老师的本性严谨科学，作为唐老师的老学生（甲1唐炳康，甲2听唐炳康），很喜欢他的讲课风格，而且也乐于解答问题
174235,558,唐炳康,2023-06-08 04:11:04,10,11,1,sb助教lyl
175293,558,唐炳康,2023-06-23 10:39:03,0,0,0,唐泽银不是比他还低吗，老师挺好的啊
175335,558,唐炳康,2023-06-24 04:04:50,8,8,0,助教zjw是真的好
175350,558,唐炳康,2023-06-24 13:35:16,14,15,1,这评分是给助教的，我直接绷不住了，什么呆子助教——lyl，讲个习题，真正做到了什么叫做完全不知道进度好吧，连我们学到哪，作业是什么都不知道的一个助教，习题课讲个锤子啊！你那么忙你直接不要来当助教了呀，那么抽象！我服了诶，给个评分也不调，秉承求是精神，这次期末本来就难，前面小测考多少算多少，我！
175525,558,唐炳康,2023-06-25 10:43:12,6,6,0,zjw助教真的好
175610,558,唐炳康,2023-06-26 01:56:23,16,16,0,助教是lyl的话就快润吧
175652,558,唐炳康,2023-06-26 04:57:40,11,12,1,过于求是了，总评按原始分算，一点不调，一点不捞，平时分57，总评73.期末确实好难考的也不好，但这也....
175666,558,唐炳康,2023-06-26 06:41:40,11,11,0,一点都不调分，过度求是了，很不为学生着想
175692,558,唐炳康,2023-06-26 08:09:49,2,3,1,这十分给的是jwgg!
175763,558,唐炳康,2023-06-26 12:55:34,6,6,0,考试根本捞不了一点
175768,558,唐炳康,2023-06-26 13:35:56,5,5,0,上课挺好的，给分一般
178340,558,唐炳康,2023-07-10 09:53:55,4,5,1,给分求是感觉是之前的反噬，但也证明了老师的本性严谨科学，作为唐老师的老学生（甲1唐炳康，甲2听唐炳康），很喜欢他的讲课风格，而且也乐于解答问题\n\n\n\n\n\n -3 \n\n\n\n\n\n发布于 2023.03.25  投诉\n\n\n\n回复：感觉期末考后怎么样（
179097,558,唐炳康,2023-08-27 16:13:45,1,1,0,不推荐外省的同学选这位老师的课哦，老师的口音很重
179175,558,唐炳康,2023-08-29 07:52:43,-17,0,17,神中神，无脑选，给分超级好
180638,558,唐炳康,2023-09-24 05:02:44,2,2,0,不调分
185376,558,唐炳康,2023-12-28 13:35:48,4,4,0,助教lyl不行
185904,558,唐炳康,2024-01-05 15:37:40,8,8,0,看到两年过去了，大家还在骂lyl我就放心了😋
151,577,杨海涛,2015-03-14 16:12:48,-2,10,12,很详细，作业多
893,577,杨海涛,2015-03-18 12:22:38,14,20,6,讲得好！
1629,577,杨海涛,2015-03-23 02:34:50,2,14,12,讲的还好 就是有点没有基情
1969,577,杨海涛,2015-03-27 06:47:47,12,15,3,淡淡的感觉 作业也不是很多。
2307,577,杨海涛,2015-04-19 11:53:53,25,25,0,很有条理，思路严谨
2756,577,杨海涛,2015-05-07 01:49:26,129,140,11,微一微二微三都选杨老师的我来给评价。老师人很好。讲课淡淡的。很不错。
2761,577,杨海涛,2015-05-07 02:15:29,8,10,2,很耐心很细致
2785,577,杨海涛,2015-06-18 09:32:07,9,19,10,讲的还行挺认真的。一个学期翘课加作业没交。最后补交了。结果99分。\n\n人好的真没话说。
2874,577,杨海涛,2015-05-10 01:07:54,15,17,2,人很好，给分棒
2990,577,杨海涛,2015-05-12 10:39:05,70,73,3,挺可爱的爷爷，讲的比较慢，很清晰，比矿爷更适合我
3587,577,杨海涛,2015-06-17 01:44:06,5,6,1,非常认真
3775,577,杨海涛,2015-06-17 04:08:28,3,6,3,超喜欢他 有时候会卖萌 我和我的小伙伴都很想微2再选他的 可惜没有余量了
3914,577,杨海涛,2015-06-17 08:22:22,-4,8,12,讲的还可以，但是他的课我挂科了，虽然我平时作业都交了。。。。。
3957,577,杨海涛,2015-06-17 11:08:19,13,16,3,虽然不是特别有激情，但杨老师和蔼认真，讲课清楚，是个好老师
3984,577,杨海涛,2015-06-17 12:04:04,44,45,1,老师讲课很细很慢，文科生听着也无压力~很可爱哈哈
4094,577,杨海涛,2019-06-12 02:44:34,93,104,11,细致。有时候萌萌哒，喜欢说：自不自然啊？  有同学玩手机噢！ 目前热评第一那位，海涛爷爷作业多？感觉超级少！
4432,577,杨海涛,2015-06-23 02:52:49,16,18,2,讲得灰常好，是我遇到最棒的老师了。我开学选课时居然把微3换掉了，后悔啊！
4474,577,杨海涛,2015-06-23 11:01:29,5,6,1,不错
4515,577,杨海涛,2015-06-24 05:41:53,3,5,2,认真负责 讲课清晰
4711,577,杨海涛,2015-10-14 13:43:46,53,56,3,听他讲课很稳，听完很踏实，心里有底，个人比较喜欢这位长得像汪涵的老师
6378,577,杨海涛,2015-07-13 10:50:45,6,7,1,微一微二微三都是他的 对涛哥感情很深 也觉得他讲的好！
6860,577,杨海涛,2015-07-26 15:29:38,36,41,5,觉得比矿爷都好
7454,577,杨海涛,2015-09-14 12:31:43,11,14,3,好好好好好好好好好好
7578,577,杨海涛,2015-09-15 05:20:02,1,4,3,海涛老师炒鸡萌，讲课很棒，赞赞赞
8247,577,杨海涛,2015-09-18 00:25:24,2,3,1,讲的挺仔细\n\n
8502,577,杨海涛,2015-09-22 02:18:07,4,4,0,喜欢喜欢
9712,577,杨海涛,2015-11-05 04:02:32,-24,3,27,超快的，绝对真实的评价，非学霸慎选
9892,577,杨海涛,2015-11-12 08:45:14,1,2,1,上过老师的复变，讲的超详细，而且人特别好，作业也不多，简直良心~
10327,577,杨海涛,2015-11-18 05:46:21,4,5,1,复变讲的挺好的，作业也不多，是好老师
10377,577,杨海涛,2015-11-18 10:12:15,2,3,1,实实在在的好老师，笔记可以跟上，很有高中老师的感觉，讲的很细，只要跟着老师思路微积分很简单的
11261,577,杨海涛,2015-11-26 03:42:09,0,1,1,老师讲的很好但是我一上课就困然后作业都是抄答案的=_=但是最后给分挺棒，满足=_=
11980,577,杨海涛,2015-12-21 12:22:22,6,9,3,讲课细致语速慢但进度快，每节课会提醒大家不要睡觉玩手机，喜欢听慢节奏的强烈推荐
12745,577,杨海涛,2015-12-24 03:05:43,2,2,0,微二微三因为冲突，选不上涛哥，超级伤心
12766,577,杨海涛,2015-12-24 03:27:52,2,3,1,萌萌的
12915,577,杨海涛,2015-12-24 10:04:51,5,5,0,老师人很好，有一种爷爷的感觉，唉下学期没选上他的课，我好舍不得他啊啊啊啊
12964,577,杨海涛,2015-12-24 11:54:00,44,47,3,这才是我心目中数学老师的样子，一只粉笔，不用课件，听完一节课一点都不无聊，知识梳理得很清晰。
13521,577,杨海涛,2015-12-29 02:24:45,3,4,1,感觉老师很好，经常提醒学生听课，有种又回到高中听数学课的感觉。建议大家选他的课。
16846,577,杨海涛,2016-01-22 08:44:24,3,3,0,爷爷炒鸡棒，帅
17619,577,杨海涛,2016-01-20 13:38:49,3,4,1,老师很负责，文科生听课也不需担心，好好上课会有好结果
17819,577,杨海涛,2016-01-21 02:14:01,1,2,1,人很好，给分和好
17832,577,杨海涛,2016-01-21 02:26:06,28,34,6,因为自己的问题上杨老师的课总犯迷瞪睡觉，也没有补，最后期末抱着绝对挂科的心态去考试…最后竟然给过了。老师您好不求是！只能给低分。9.9！只能取整吗？那就10吧
17903,577,杨海涛,2016-01-21 03:40:55,0,1,1,给分真好啊啊啊啊啊啊啊！
17911,577,杨海涛,2016-01-21 03:46:15,0,1,1,老师非常非常好！
17938,577,杨海涛,2016-01-21 04:29:23,4,5,1,微一不挂，全靠老师
18510,577,杨海涛,2016-01-22 01:00:39,2,2,0,老师上课讲的很详细，而且比较负责，萌萌哒~
18675,577,杨海涛,2016-01-22 09:17:25,4,4,0,炒鸡好的老师。。。给分棒，作业少，超有为人师表的风度。。。好喜欢，可惜微二选不上啊
19418,577,杨海涛,2016-01-24 07:23:31,1,5,4,微1满绩，虽说基本也是自学的，但是老师路引的很好，轻松理解概念，如何做题还需要自己下功夫。大赞。微3继续选上杨老师。
19460,577,杨海涛,2016-01-24 09:29:43,3,3,0,讲的很细致，很耐心
20039,577,杨海涛,2016-01-26 02:54:01,1,2,1,讲得非常棒
20781,577,杨海涛,2016-01-31 11:12:47,-1,1,2,作业不多，条理清晰，挺好的
21764,577,杨海涛,2016-03-01 04:30:18,1,1,0,老师很棒\n\n讲得很好
21981,577,杨海涛,2016-03-02 03:47:48,2,3,1,老师真的很耐心，人也很好，会提醒我们上课认真，讲课深入浅出，很容易懂，是个很负责的老师
22203,577,杨海涛,2016-03-03 02:21:08,5,6,1,语速略慢，对微积分成绩一般的同学帮助挺大，作业少，有些东西需要自己体会，一般来说预习了上他的课就是随心所欲，不预习上他的课也能轻松跟上
22387,577,杨海涛,2016-03-04 05:25:01,6,7,1,萌萌的老爷爷，问问题都耐心解答，语速比较慢，讲课淡淡的，带点四川口音～
22540,577,杨海涛,2016-03-08 00:31:57,4,5,1,老师讲得很细致，速度不快，挺适合我的
23089,577,杨海涛,2016-03-17 07:03:30,-9,5,14,没有九分那么高
23302,577,杨海涛,2016-03-24 02:18:02,-1,1,2,课讲的不错，但时不时喷麦，坐在后排耳膜爆炸！
23597,577,杨海涛,2016-04-08 07:53:23,3,4,1,讲的很好，会教你怎么做题目，还会提醒你上课不要睡觉玩手机～
23921,577,杨海涛,2016-04-21 07:30:28,2,2,0,很详细，老师真的超好人！！！听得懂，不会让你学得费尽
24151,577,杨海涛,2016-04-28 01:49:18,1,3,2,老师是好老师，但是不适合我，给10分吧
24380,577,杨海涛,2016-04-30 06:10:33,4,4,0,海涛哥真的是超级超级好的老师 上课超激情 对学生很负责 上课也很有意思
24401,577,杨海涛,2016-04-30 12:03:59,0,2,2,讲得很慢很细致，学渣也能听懂
24549,577,杨海涛,2016-06-28 08:40:20,2,3,1,老师萌萌哒，经常让底下玩手机的不要玩了，总能一句话把即将睡着的我惊醒。话筒声音有点大
24773,577,杨海涛,2016-05-03 13:20:41,2,2,0,很好\n\n
25129,577,杨海涛,2016-05-06 01:49:47,3,4,1,注重思路和方法的教授，讲课超级棒，预习不预习都可以听懂，老师也很萌，有时会讲一些题外话（哲理），很喜欢，强力推荐！！！
25316,577,杨海涛,2016-05-13 12:09:17,13,13,0,好老师好老师哇。虽然自己不争气最后分数不好，但是很感动。他是真心希望我们学生好啊，经常提醒我们回去一定要再看书再看书，上课少玩手机少睡觉。很负责很关心学生的老师。上课讲的基本都是例题，作业略多，快期末了还会从往年的卷子里挑几道题目给我们做。跟着杨老师的步子踏实地学，最后微二一定不错的！
25398,577,杨海涛,2016-05-17 07:02:42,13,13,0,同样的内容，他用更少的语言，更少的板书却讲得非常清楚，很喜欢这样的老师
25625,577,杨海涛,2016-05-30 01:00:14,-5,3,8,讲得很好，但是给分最后会有点杀，学得好考得好当然分高，但是考得不好的话还是别指望师生情了【毕竟讲的好和给分好一般不会兼得，兼得的和不兼得都会闻名】
25699,577,杨海涛,2016-09-30 01:07:07,5,5,0,好老师不解释
25975,577,杨海涛,2016-06-29 14:19:52,35,36,1,超级好的老师，很认真负责，比其他老师不知道高到哪里去了，还和学生们谈笑风生。
26523,577,杨海涛,2016-06-20 01:43:41,1,3,2,课讲得很好也很关心学生，这学期因为调课有一节课被吞掉所以有几节课会拖一会儿堂，作业都交分不会差
26539,577,杨海涛,2016-06-20 04:20:36,5,6,1,这道题看着简单，其实容易～
27384,577,杨海涛,2016-06-25 12:20:33,6,6,0,真正好的数学老师
28491,577,杨海涛,2016-06-28 09:28:29,3,5,2,就一个字，好
28535,577,杨海涛,2016-06-28 09:56:32,123,126,3,一年来唯一让我惦记的大学数学老师，身上透露着一股怀才不遇的颓废忧郁气质。总感觉是一位有故事的爷爷。
29092,577,杨海涛,2016-06-29 08:31:11,3,5,2,讲课很有热情，听课玩手机都不好意思
29197,577,杨海涛,2016-06-29 11:20:41,4,5,1,讲的非常清楚，课前不预习也能听懂。上节课的知识点忘了，下节课还会帮你回忆起来，还会像中学老师那样提醒我们注意听讲
30058,577,杨海涛,2016-07-01 01:16:22,2,8,6,挺好的，给分呵呵
30063,577,杨海涛,2016-07-01 01:33:58,-6,5,11,讲的是细，但是绩杀啊。。。
30067,577,杨海涛,2016-07-01 01:43:10,-1,5,6,感觉没有平时分，略坑
30099,577,杨海涛,2016-07-01 02:27:27,0,3,3,给分，，，呵呵了。
30118,577,杨海涛,2016-07-01 02:52:06,5,14,9,师生情呢？我平时作业都白写了吗QAQ考试感觉还不错啊不知道分为什么这么低
30344,577,杨海涛,2016-07-01 10:28:03,4,8,4,老师是挺好的，但是觉得自己考的也还好，给分怎么这么低啊呜呜呜呜
31624,577,杨海涛,2016-07-04 09:33:22,4,5,1,作为微一微二都没学好的孩子，微三也是补选上的杨老师的课。杨老师思路很清晰，上他的课节奏让人很舒服，能跟上他的节奏。平时作业也不多，学起来挺轻松的。杨老师平时还会提醒我们上课别睡觉别玩手机，感觉超级亲切，最后给分也很厚道。第一次这么认真地表扬一个老师，真心棒。
31769,577,杨海涛,2016-07-05 01:37:44,2,6,4,杨老师很好哒，上课很基础，很仔细，容易听懂。还会提醒玩手机睡觉的学生，也会和大家说要好好学习，有老一代教师的感觉，还碰到过杨老师排队买学霸餐，感觉并不比矿爷差。就是。。。如果听习惯了童雯雯老师的课再听杨老师的，可能会睡着。。。
33654,577,杨海涛,2016-09-21 01:09:58,0,2,2,超级超级好！
33922,577,杨海涛,2016-09-23 00:43:31,3,3,0,螺杆z
34538,577,杨海涛,2016-10-13 03:07:07,1,2,1,挺舒服的
35089,577,杨海涛,2016-11-02 01:34:30,3,3,0,很赞的老师
35456,577,杨海涛,2016-11-10 07:18:02,1,2,1,特别耐心 特别温柔 特别可爱 善良提醒大家不要玩手机
35478,577,杨海涛,2016-11-10 07:20:33,5,5,0,开心 这个过程是不是很自然啊
35534,577,杨海涛,2016-11-10 07:24:45,6,6,0,讲课很清楚，人很萌。他会上课的时候提醒你好好听讲不要玩手机哈哈哈哈哈哈
35766,577,杨海涛,2016-11-10 08:05:07,4,5,1,很萌啊。和室友画了好多老师的大头像。
36016,577,杨海涛,2016-11-10 10:05:05,7,7,0,一撇帅气的小胡子，一抹淡淡的忧伤
36200,577,杨海涛,2016-11-11 04:30:49,3,3,0,很棒的老师o(^o^)o
36209,577,杨海涛,2016-11-11 05:45:07,2,3,1,很喜欢老师，讲课好，有时候萌萌的。
36412,577,杨海涛,2016-11-13 07:09:06,-2,3,5,好老师，只求多给一分让我上4
36413,577,杨海涛,2016-11-13 07:26:23,3,4,1,杨爷爷人很和蔼，讲的很清楚~
36499,577,杨海涛,2016-11-14 09:45:15,-4,3,7,复变大绩杀
36746,577,杨海涛,2016-11-16 01:23:03,0,2,2,好的不行
36757,577,杨海涛,2016-11-16 02:19:55,2,2,0,真心好老师
37193,577,杨海涛,2016-11-18 01:17:59,2,2,0,教的很好，有条理，有种听故事娓娓道来的感觉，作业也不多。不过复变好像没调分…
39711,577,杨海涛,2016-12-27 05:56:14,-6,1,7,老师上课讲的确实很好，答疑也特别认真~但是最后给分感觉好像被从身后开了黑枪……
43604,577,杨海涛,2017-01-16 15:15:05,3,4,1,老师和助教人很好，认真学，不要辜负自己、学科和老师。
43793,577,杨海涛,2017-01-17 03:24:53,4,6,2,您是我亲爹！！！！平时分太给力了！！！几乎满分！
43855,577,杨海涛,2017-03-30 04:32:57,1,4,3,下课后已经买不到学霸餐了
44159,577,杨海涛,2017-01-17 11:02:13,2,3,1,感动啊！真的感谢杨老师！作业不多，上课特别照顾学生！最后给分超好！我本来以为要挂的～感动的要哭！谢谢老师！强烈推荐！
48661,577,杨海涛,2017-03-09 04:05:22,1,3,2,老师超萌，而且讲的很清楚\n\n
48685,577,杨海涛,2017-03-09 10:18:02,3,4,1,被意外的萌到了哈哈哈哈哈
49065,577,杨海涛,2017-04-24 08:45:34,-9,0,9,
49550,577,杨海涛,2017-04-18 08:00:43,9,11,2,老师真的好啊 有种特殊的人格魅力\n\n(老师课下一支烟真的潇洒)
51052,577,杨海涛,2017-05-15 07:22:59,1,2,1,讲得很好
51236,577,杨海涛,2017-05-25 02:07:31,4,4,0,上过他的常微，讲的细致清楚，一堂课听下来几乎不用复习就做作业了，很喜欢老师
51280,577,杨海涛,2017-06-05 06:38:11,-20,3,23,讲课按课本，讲课语速太慢了，语调拉的太长了，不习惯，远不及陈锦辉老师。
51836,577,杨海涛,2017-06-12 06:17:57,4,4,0,放下手机好好听课
51860,577,杨海涛,2017-06-13 01:24:45,7,11,4,超级感动\n\n因为微二积分太难了 有很多人放弃了\n\n老师一直劝我们“我相信考来浙大的同学逻辑上都没有问题 你们要认真听 总能听懂的”\n\n
52057,577,杨海涛,2017-06-14 11:13:19,2,2,0,老师超级温柔可爱的吖\n\n
52683,577,杨海涛,2017-06-22 06:42:59,-1,1,2,耐心细致
53398,577,杨海涛,2017-06-26 13:45:02,2,4,2,很细致 长得像汪涵 给分不知如何 常微分推荐
54233,577,杨海涛,2017-06-29 00:02:01,3,4,1,老师讲课太细致了，是不是还挺逗的。。
55003,577,杨海涛,2017-06-30 15:34:14,5,6,1,非常好，讲课有条理，会提醒学生不要玩手机，很好的老师
55498,577,杨海涛,2017-07-01 16:05:10,3,3,0,很好的老师 讲课很细 很淡，听久了没有觉得很累。
55956,577,杨海涛,2017-07-02 18:21:48,4,4,0,杨老师是个好老师，挺喜欢他的，推荐选他的课。
56299,577,杨海涛,2017-07-03 12:31:03,1,2,1,打不溜～
56309,577,杨海涛,2017-07-03 12:57:46,7,8,1,老师讲课很细致，(虽然有时拖堂)力推常微分方程这门课，老师给分很好，收获了大学第一个满绩
56331,577,杨海涛,2017-07-03 13:29:18,10,11,1,老师好萌呀，还会领着复习，爱海涛爷爷~\(≧▽≦)/~
56351,577,杨海涛,2017-07-03 14:21:22,2,3,1,从第一节课就觉得老师超级可爱超级棒，直到学期结束了这个想法还是没有变！！
56369,577,杨海涛,2017-07-03 14:55:33,2,3,1,跪求老师不给挂
56997,577,杨海涛,2017-07-05 06:21:26,0,2,2,感谢老师给过！浓浓师生情！
58776,577,杨海涛,2017-09-17 10:08:31,-36,3,39,上学期微积分不调分，呵呵，只给3.0，均绩2.8。万查，这算不算绩杀？\n\n
61934,577,杨海涛,2017-11-22 01:04:10,3,6,3,楼上的 凭什么要给你们调分
62634,577,杨海涛,2017-11-26 08:43:06,1,2,1,讲的很细致，板书很好，老师人特别好
69615,577,杨海涛,2018-01-25 05:29:38,5,5,0,老师人真的超级好，这学期重修班讲的很细致也很有重点，听老师的课真的是一种享受！！！条理思路非常清晰！负责到会让我们把重要的公式默写下来，也经常提醒上课玩手机的同学。本来之前只有60分的这次有90了（btw老师孙子很可爱哇2333
72542,577,杨海涛,2018-01-30 10:34:29,2,3,1,好！\n\n别的没了
72666,577,杨海涛,2018-01-30 17:24:32,14,15,1,教的好，偏微满了。
72675,577,杨海涛,2018-01-31 00:06:43,5,7,2,海涛爷爷超级赞，特别可爱，讲课清楚，每节课开始还会领着复习上次课内容，期末考试之前也会带着大家复习。偏微分满绩了，真的开心！
73102,577,杨海涛,2018-02-01 02:15:58,6,6,0,第一堂课迟到了，进去只有最后一排，下课休息的时候老师经过旁边突然又转身回来问我，坐在这后面看的清吗？我有点勉强的说了句还行。老师说:那我板书再写大点。真的讲课很认真的一个老师
73604,577,杨海涛,2018-02-02 05:33:49,0,3,3,好老师！“套路”很清楚，有大家风范
73857,577,杨海涛,2018-02-03 09:11:04,10,10,0,偏微分方程 讲得很清楚 不用看书也可以听懂
75605,577,杨海涛,2018-03-14 02:59:43,3,4,1,老师真的超赞?，强推，讲课很仔细认真，不好好听就对不起那么好的老师
76195,577,杨海涛,2018-03-29 00:13:09,16,17,1,每次老师课间去教室外抽烟都觉得他很酷
79984,577,杨海涛,2018-06-18 08:08:09,2,2,0,注重思路和推导，强调基础，应该是非常好了
81098,577,杨海涛,2018-07-04 02:24:37,3,3,0,老师的课真的很清楚，而且老师超负责的。有时候写错了板书都会和同学们道歉，真的超推荐了。
82169,577,杨海涛,2018-07-07 10:05:11,4,4,0,最后一节课上完走去车库拿车的时候眼眶都湿了  真的很不舍得很不舍得杨爷爷(╥_╥)   超级超级和蔼，知识点讲得很细也超级关心学生，最喜欢说的就是“学懂了才是最重要的”   很感谢这学期的微二有杨爷爷和助教姐姐❤
82180,577,杨海涛,2018-07-07 10:41:16,1,3,2,这个老师超级无敌好，这么说一点也不夸张。老师上课讲的不紧不慢，每一个公式知识点都给你循循善诱的诱出来，讲题目更是我觉得听过的老师里的一绝。每一步都好好的跟你讲是怎么推出来的，感觉就顺理成章的自己也得出了这个过程（当然如果是大佬可能会觉得讲的略慢哈）。每节课都认真听的老师，评高分妥妥的
82238,577,杨海涛,2018-07-07 14:07:18,4,5,1,超级喜欢海涛爷爷！！大热天空调坏了丝毫不影响讲课的激情，还鼓励同学们加油啊只有一节课了！真的很喜欢海涛爷爷
82309,577,杨海涛,2018-07-08 00:11:14,1,2,1,nice
82328,577,杨海涛,2018-07-08 01:58:08,-28,3,31,认真听，多做练习，我发挥有点失误，4.5这样吧！
87646,577,杨海涛,2018-10-09 05:22:40,3,3,0,老师讲的很细致
89714,577,杨海涛,2018-11-20 11:34:29,37,41,4,海涛爷爷超级好哇 讲课很细 数学小渣渣跟着也能听懂 虽然现在只听了半个学期但是真的觉得很棒（但是助教到底在干啥 为啥只会在黑板上抄答案而不会讲题？？？
92573,577,杨海涛,2019-01-03 03:44:38,5,5,0,老师太好了5555讲得很细对学生很负责 上他的课让我觉得微积分也没什么大不了的 舍不得可爱的杨老师
93197,577,杨海涛,2019-01-08 05:50:01,1,3,2,老师讲课很认真?
93232,577,杨海涛,2019-01-08 07:38:10,4,4,0,老师人好，很风趣，上课很有意思
93775,577,杨海涛,2019-01-13 12:55:33,36,36,0,他说，他讲得慢，是为了要让更多的同学可以学懂。老师会提醒大家不要玩手机，秉持对大家负责的态度，督促大家认真学习。老师的教学不完全按照书本，而是按照他的方式自然地呈现，认真听真的能听懂！但是微积分的学习还是需要刷一点题目，自己的工作要做到位，不然期末压力很大。顺便一说老师好萌，尤其是早上不梳头的时候?总之，海涛爷爷真的是超级棒班的数学老师啊！
94628,577,杨海涛,2019-01-17 12:31:08,7,7,0,海涛是全世界最可爱的海涛!!!日常上课会提醒你不要睡觉不要玩手机，是真的很希望每一个同学都能够学懂学透，经常说浙大的学生肯定能够学会的。真的是一位很慈祥很可爱的老爷爷，选他完全不会后悔!!!
94703,577,杨海涛,2019-01-18 02:29:14,6,7,1,老师是好老师，人好，教的好。呜呜呜呜刚刚考完微积分，是我自己太菜，求求老师让我不挂
95386,577,杨海涛,2019-01-19 09:49:18,12,12,0,杨老师五星好评！平稳有序的教学进程，细致耐心的推导讲解，条理清晰，思路严谨。老师本身很和蔼可亲，关心鼓励同学，对玩手机的童鞋会有积极的引导~❤ 感谢杨老师
95814,577,杨海涛,2019-01-20 05:50:39,2,2,0,老師教得很好！即使是我這種渣渣上課也能聽懂。期末不夠努力做卷時以為自己掛無疑了，感謝老師不掛之恩！！
95841,577,杨海涛,2019-01-20 06:11:37,4,8,4,呜呜呜真的很舍不得杨爷爷！老师超可爱的！经常提醒我们不要睡觉不要玩手机讲的也很好很细致了！然后小测一定要好好做！（期末被小测拉分的痛 期末加油就一定没问题的！最后成绩还是很好的！
95848,577,杨海涛,2019-01-20 06:21:16,5,5,0,海涛太可爱了啊啊啊啊啊啊给分也超好啊啊啊啊啊啊啊
95857,577,杨海涛,2019-01-20 06:33:46,-6,4,10,杨老师真的超级无敌温柔可爱！恰到好处的口音2333333而且助教也超级无敌棒！
95860,577,杨海涛,2019-01-20 06:44:55,2,4,2,上课看到水手机同学都会说，你再学学能听懂的，考试是真的很希望你过的那种。\n\n上课讲真的也真的很认真了\n\n最后感谢海涛爷爷让我过了
95864,577,杨海涛,2019-01-20 06:53:50,3,4,1,老师超级可爱(๑• . •๑)
95870,577,杨海涛,2019-01-20 07:06:25,0,1,1,简直完美
95882,577,杨海涛,2019-01-20 07:24:13,2,2,0,老师超级好，是目前大学里最喜欢的老师。讲课超级细心了，作业也不多，人也很好。
95891,577,杨海涛,2019-01-20 07:38:16,5,5,0,杨老师不错的，下个学期还是他的课
96005,577,杨海涛,2019-01-22 13:07:55,8,9,1,杨爷爷很棒鸭！但助教给分偏低
96032,577,杨海涛,2019-01-20 11:43:09,2,3,1,老师很萌，上课玩手机会被管\n\n讲的很慢很细致呢
96035,577,杨海涛,2019-01-20 11:44:52,-11,1,12,说实话老师讲话有点伤耳朵....声音太大了
96048,577,杨海涛,2019-01-20 12:02:32,0,2,2,超级好的老师！讲课非常细致，全程板书，为了照顾后面的同学会写的很大。经常提醒玩手机睡觉的同学，人真的超好。
96256,577,杨海涛,2019-01-20 15:15:56,10,11,1,涛涛超棒！超喜欢涛涛！虽然翘过早课，我是很后悔的！\n\n助教课讲得不清楚，作业改的也不太认真，随堂点名居然只算了一次小测成绩。期中和作业都是90+因为一次小测考了六分所以总评真的不太好，就是15%比例的分数我只有60分。总评比期末成绩低，难受。\n\n不管怎么说，没有后悔选涛涛的课。
98356,577,杨海涛,2019-01-23 11:03:51,3,4,1,涛哥的课真的很好，强烈推荐，上课会很细心的讲解，还会突然增大音量震醒睡觉的同学，也会提醒大家不要玩手机……期中没有好好学只考了60分左右，考前觉得自己要挂了，各种不安，但是最后结果还可以3。3，不但没挂绩点也不是那么低。感谢涛哥!
100303,577,杨海涛,2019-01-26 02:36:31,0,2,2,感谢老师偏微分出手相救！
100346,577,杨海涛,2019-01-26 03:20:03,1,1,0,讲的很清楚
100399,577,杨海涛,2019-01-26 05:13:56,-5,2,7,偏微只看期末，没有平时成绩，特别不合理
100449,577,杨海涛,2019-01-26 06:48:32,-2,0,2,讲得很清楚，感谢偏微出手相救\n\n
100491,577,杨海涛,2019-01-26 07:57:04,6,6,0,偏微分以为考差了结果4.8。老师讲课条理很清晰，每次听下来不用课本都能很好的理解。一堂课下来内容基本都能记住了。老师人超赞的
100875,577,杨海涛,2019-01-27 03:51:07,1,2,1,老师讲课真的没话说，太棒了！就是偏微均绩3.71？？真的假的，考得太难了呜呜呜，复习了好久还是破了最低绩点.....
101761,577,杨海涛,2019-01-29 04:12:20,3,4,1,喜欢杨爷爷，\n\n上大学以来唯一没困过的数学早课！\n\n坚持最前排！\n\n虽然期末分不是太高，但能看出来老师已经尽力捞了！\n\n多谢杨爷爷！
102744,577,杨海涛,2019-02-22 06:36:05,8,8,0,海涛爷爷超级可爱！！像只胖乎乎的大熊猫哈哈哈哈萌萌的
102939,577,杨海涛,2019-02-25 05:28:35,3,3,0,超级可爱！讲课节奏比较慢一点，很好理解！
103228,577,杨海涛,2019-02-27 02:27:14,2,3,1,杨老师巨好～ 答疑也很耐心，上课讲的很细，很有条理，对于数学不太好的我来说已经非常好了～ 可惜这学期没有选到杨爷爷的课，老师超萌！
103594,577,杨海涛,2019-03-02 03:37:45,7,7,0,老师我来了！！下周我来找您签条子了！！我好想念您！！请一定收下我！！
103772,577,杨海涛,2019-03-05 08:07:57,23,24,1,涛爷爷讲课太棒了，我文科生都听懂了，还有，助教雯雯姐也太太太太太可爱? 了8。
106686,577,杨海涛,2019-04-29 02:48:04,4,4,0,积你太美！
107579,577,杨海涛,2019-05-07 03:04:37,-10,2,12,只求您学会用话筒，音量小一点。我真的害怕一学期下来我要神经衰弱。\n\n但讲的真的好
107632,577,杨海涛,2019-05-08 00:26:35,1,2,1,非常棒
107759,577,杨海涛,2019-05-09 10:37:11,-1,1,2,超级好，很想念大一的微积分
107771,577,杨海涛,2019-05-09 10:54:20,0,1,1,很有耐心
107991,577,杨海涛,2019-05-12 14:39:16,1,3,2,真的超级棒！
109951,577,杨海涛,2019-06-20 12:47:06,1,2,1,求涛爷保我期末考5555
110333,577,杨海涛,2019-06-25 16:18:06,2,2,0,海涛爷爷超好
110645,577,杨海涛,2019-06-28 01:25:10,2,5,3,讲句实话，老师讲的耐心但是实在不深入，例题也很普通，要想学好考试拿高分自己课后要下很多功夫多研究定义多做难题
110923,577,杨海涛,2019-06-28 14:30:53,0,0,0,海涛爷爷真的超级可爱，上个学期上了他的微积分1以后就决定一定要上2。上课真的很有耐心，每个点都会仔细的领着你慢慢体会，属于那种如果上课偶尔发呆了然后赶紧回神的话还能听懂的!!!真的超棒超棒!虽然感觉自己这个学期学微积分没有上个学期用心，但是能听海涛爷爷讲一年的课真的很幸福了，最后绩点相信也不会很差，我爱海涛爷爷!!!
111202,577,杨海涛,2019-06-30 14:01:14,1,1,0,超级可爱的老师哈哈哈 助教小姐姐也很可爱
111206,577,杨海涛,2019-06-30 14:39:38,4,4,0,海涛爷爷真的超级照顾基础不好的同学，上课很慢讲的很细。每节课前会帮我们复习，总是让我们不要慌。\n\n还有，表白助教小姐姐，人美心善！
111322,577,杨海涛,2019-07-01 02:41:01,2,4,2,好喜欢海涛爷爷，听他上课真的很舒hu。微积分其实本身自学就占了很大很大的部分，所以也没有必要say老师讲的不够深入叭（虽然或许是有点）。以及表白助教xjj，人美心善，给分超级棒！
111415,577,杨海涛,2019-07-01 11:06:09,2,3,1,海涛爷爷讲课很细致，而且整个人有时候很可爱跟呆萌哈哈哈。微二最后平时分给满了，但是自己也没有下很大功夫学，绩点中规中矩吧
111687,577,杨海涛,2019-07-02 14:07:39,3,4,1,老师讲课很平淡，很慢，很仔细。\n\n上课的时候会鼓励我们好好学习。\n\n老师很可爱，每节课间都会抽烟。\n\n平时分卡绩了。。。不调分。。。助教差评。。。上学期选的。。。\n\n
112521,577,杨海涛,2019-07-04 16:30:39,3,3,0,(づ￣ ³￣)づ老师超棒的\n\n话说今年是不是期末考太难所以调分了？我有35分的题目不会。。。结果平时分比例比上学期上调了5%，期中下调5%，最后成绩差不多-_-||
114574,577,杨海涛,2019-07-10 19:44:06,-14,3,17,杨老师很好，就是助教，emmm，为了把我从上一档拉下来，平时作业和小测都99，关键每次小测都全对，平时作业都上交，无语?
117195,577,杨海涛,2019-09-20 07:37:23,0,2,2,真自然
118819,577,杨海涛,2019-11-06 14:14:10,-1,0,1,超级好！
118825,577,杨海涛,2019-11-06 15:10:02,4,4,0,靠
118953,577,杨海涛,2019-11-08 09:01:21,1,3,2,超级细致超级温柔的爷爷～希望复变的绩点给这门课画上圆满的句号啦！?
119558,577,杨海涛,2019-11-13 17:06:48,-1,0,1,谢不挂
119658,577,杨海涛,2019-11-14 15:10:41,0,1,1,老师好可爱5555讲课也很突出重点 作业不多 给分很好 大爱老师QAQ
119780,577,杨海涛,2019-11-15 23:23:50,-1,1,2,复变函数，我是另一个老师班的，实在听不下去，来旁听杨老师的课，讲得很棒！赞赞！
120728,577,杨海涛,2020-01-16 02:01:32,1,2,1,老师太棒了，超级棒！讲课也超级有意思！！最后拿了4.5  助教雯姐太漂亮了，讲课也贼棒！表白杨老师 表白雯姐！！
120765,577,杨海涛,2020-01-16 20:18:09,0,1,1,复变，很喜欢老师讲课的节奏。老师会把概念讲的比较细，很清楚，比书本好理解。题讲得相对少一点。我个人更喜欢这种能把概念讲好的老师。杨老师的课让我重拾了对数学的信心
120866,577,杨海涛,2020-01-18 00:24:20,1,1,0,老师上课讲得很认真啊！口音可可爱爱，一年就一次小测，很亲切的老爷爷~
120867,577,杨海涛,2020-01-18 00:28:15,-1,0,1,很轻松，很自然
120977,577,杨海涛,2020-01-19 06:20:54,1,2,1,杨老师讲课太有趣了！非常希望以后有机会再来上老师的课。
120999,577,杨海涛,2020-01-19 08:21:10,0,1,1,老师讲的很清晰 最后一节课真的很不舍
121396,577,杨海涛,2019-12-16 11:15:55,2,2,0,好可爱哦，强推
121544,577,杨海涛,2019-12-12 15:41:39,0,1,1,讲的挺细致的，速度很适合我，很容易懂。
127088,577,杨海涛,2020-11-06 08:12:07,1,1,0,老师很用心，很好！
128809,577,杨海涛,2020-12-25 13:18:49,5,5,0,老师人蛮好的，很温和的感觉，有时候也有趣。是我进入大学以来遇到的唯一一个会苦口婆心劝同学们别玩手机啊，以及提醒大家大学与高中的不一样，需要转变等等等等，感觉就很温暖
129067,577,杨海涛,2020-12-29 12:24:51,-1,0,1,可爱，和蔼
129214,577,杨海涛,2020-12-31 15:19:21,2,2,0,老师讲的超级好！好好听一定能考好的👌
130316,577,杨海涛,2021-01-20 15:09:40,2,2,0,节奏很容易跟上，很不错
130397,577,杨海涛,2021-01-22 02:58:06,5,7,2,很温暖，很可爱的老师！希望老师好好打理自己的头发哈哈哈哈哈，杨老师一生推！
130741,577,杨海涛,2021-01-24 12:12:13,12,12,0,我永远爱海涛爷爷！虽然微积分91差一点点就可以4.8啦，但是还是怪自己期末考没有再考高一点。虽然微积分是更多靠自己的科目，但是海涛爷爷真的讲的又清楚节奏又好！上课特别特别负责，还让我们不要玩sou机！期中期末前会讲复习，课下回答问题也很快，助教小哥哥人也很好期中考给分都往好了给。总之总之选他选他！下学期没有预置海涛爷爷还想听他网课，好老师一生推！！！
130852,577,杨海涛,2021-01-25 03:21:36,8,8,0,杨老师真的是以为非常有激情非常可爱非常耐心的好老师，对大家的学习很负责任，会强调自己刷题and好好听课的重要性。讲课节奏比较慢，但是进度是一点都不比别的班慢的，很神奇～数学基础弱也不会跟不上
130989,577,杨海涛,2021-01-25 13:21:45,0,3,3,老师可可爱爱，平时分一般大家都差不多且不给满
131061,577,杨海涛,2021-01-25 22:33:39,1,1,0,老师真的非常非常优秀和负责！刚开始学极限可能会有点懵，但老师讲得非常详细，坚持认真听结合PPT和书一起复习就一定可以学懂！助教老师期中给分也很好！
131912,577,杨海涛,2021-01-29 09:54:19,3,4,1,微乙1\n\n杨海涛爷爷是个非常可爱的人。上课节奏似乎很慢，但其实进度和其他班是一样的。感觉容易跟上。经常苦口婆心地叫同学们不要玩手机，会给学生们讲一些人生道理。\n\n成绩的话，虽然被平时分卡绩了，但自己也确实学的不是很好。\n\n推荐杨海涛爷爷，不过不推荐钉钉问老师问题，因为感觉老师不怎么看钉钉😂
132300,577,杨海涛,2021-01-31 15:17:15,1,3,2,讲课认真，而且深入浅出，给分高，人也好，我还有什么理由不给10分呢
133015,577,杨海涛,2021-02-06 07:35:37,0,2,2,适合像我一样基础一般数学偏弱的同学选！讲得很慢很细致！海涛爷爷很可爱！会提醒我们大学要比高中更认真，上课不要玩手机！平时把课后作业好好弄懂，平时分多拿，最后给分不会差的！考前一定要多复习复习！本数学废物虽然学的辛苦但也挺满足滴！
133231,577,杨海涛,2021-02-19 12:43:26,3,5,2,大一选的杨老师的微积分，讲的非常好，老师人也很可爱，上课时总有一种淡淡的忧伤。
133610,577,杨海涛,2021-03-03 01:05:37,47,47,0,再过n年，杨老师的评分也许就会收敛到10 *#*
135007,577,杨海涛,2021-04-26 13:20:50,5,6,1,海涛爷爷我好想你啊呜呜呜呜呜呜呜呜
135027,577,杨海涛,2021-04-27 10:16:38,4,6,2,超级好的老师啊，真后悔换老师了，比起其他老师，我觉得杨海涛老师讲的更细致，更让人能get到他的点，助教人也很好，讲的也比较有逻辑，问他题都是很快回的，微积分1绩点4.8
137425,577,杨海涛,2021-07-04 05:48:33,14,18,4,微II期中被助教捞到93，两次阶段考试97、98，最后这次期末挺难的本来以为绩点要不高了居然满绩了！！！谢谢海涛爷爷和lsh助教giegie～海涛爷爷很负责任很有耐心，讲课速度合适，脉络十分清晰，还会提醒同学不要玩手机～😀😀😀十分和蔼可亲的老爷爷，给分特别好，比较注重学习态度，下学期继续跟着海涛爷爷学偏微分咯咯咯
137430,577,杨海涛,2021-07-04 06:33:04,-42,4,46,虽然只有96，但满了
141804,577,杨海涛,2021-10-26 14:27:26,1,2,1,真的好
142194,577,杨海涛,2021-11-08 11:36:18,2,2,0,才上两个月，太喜欢杨老师了
143157,577,杨海涛,2021-11-20 08:51:05,6,11,5,复变是用来当个性的哈哈哈哈，最后如愿满绩了。很喜欢海涛爷爷，能够把复变的定义讲的特别清楚，制作的PPT也特别清晰，而且一点也不遮掩，小测和历年卷都会直接分享在群里，复习起来把海涛爷爷的资料都过一遍思路就会特别清晰，作业也不是很多，但是都是课后的精华题。冬学期因为课程缘故选不了偏微分方程，选上海涛爷爷课的uu们一定要好好珍惜好好学啊！！
143160,577,杨海涛,2021-11-20 10:27:17,-2,2,4,好的没话说
143734,577,杨海涛,2021-12-03 08:54:29,2,2,0,好得没话说
144239,577,杨海涛,2021-12-21 01:52:05,2,2,0,超级棒!
144455,577,杨海涛,2021-12-21 14:19:33,2,3,1,杨老师特别好，很可爱，很负责
144740,577,杨海涛,2021-12-23 11:21:47,3,3,0,超级喜欢的老师！
146781,577,杨海涛,2022-01-07 12:19:52,0,2,2,老师分数收敛到10吧，我这个垃圾分都能过，我原称他为海底捞之王。
146782,577,杨海涛,2022-01-07 12:20:11,3,3,0,老师捞我了！捞的狠的有点过头了～呜呜呜
146783,577,杨海涛,2022-01-07 12:23:45,-1,0,1,狠狠感谢海涛爷爷和助教哥哥，当时考完以为微积分彻底没了，没想到出分的时候直接上4了。
146787,577,杨海涛,2022-01-07 12:30:29,0,1,1,您是我再生父母啊！！！！！！！！！
146873,577,杨海涛,2022-01-08 00:48:51,3,3,0,这也太好了吧。
146890,577,杨海涛,2022-01-08 02:34:35,6,8,2,我这种垃圾也能过 海涛爷爷太好了😍😍
147089,577,杨海涛,2022-01-08 15:37:44,1,2,1,老师还挺亲切，认真学习，没有绩杀。
147320,577,杨海涛,2022-01-09 13:59:12,8,9,1,海涛爷爷是我长这么大以来遇到过的最好的数学老师了！！讲的真的太好了给分也超级好呜呜呜呜呜 希望海涛爷爷身体健康生活幸福 真的太喜欢您啦
149154,577,杨海涛,2022-01-14 14:41:05,3,4,1,海涛哥，深沉的声音和沉郁的气质，简直我的男神。教学深入浅出，基础差也能听个八九不离十，给分也是真的赞，飞飞飞
149900,577,杨海涛,2022-01-17 15:43:53,4,4,0,ht爷爷yyds，讲课耐心，勤勤恳恳。助教姐姐也超级认真负责，会把大家出错比较多的问题整理之后发解答在群里。吹爆ht爷爷的偏微分！
150472,577,杨海涛,2022-01-26 04:19:09,9,9,0,【复变函数与积分变换】杨老师讲得很好，这里给后来者提个建议，就是这门课在刚开学的时候学的东西会非常简单，然后在最后两章（保教映射和拉式变换）那些东西会比较新需要时间去掌握，并且后面两章跟前面没什么很大的关联，所以在一开始有空的时候可以提前自学最后两章，供参考
151007,577,杨海涛,2022-02-22 02:37:38,6,7,1,这10分还用解释？
152279,577,杨海涛,2022-04-01 07:41:03,4,5,1,复变和偏微，上个学期上的了，给分巨好，讲课很细致，和蔼可亲，和我高中数学老师太像了呜呜呜呜，海涛爷爷真正的好老师！！
152762,577,杨海涛,2022-04-19 10:38:43,1,2,1,助力十分
153359,577,杨海涛,2022-04-28 12:12:55,1,1,0,海涛爷爷上课真的很不错！！助教小姐姐期中考给分也很不错！！惊喜！！！🤤🤤🤤
153889,577,杨海涛,2022-05-16 00:10:04,1,3,2,杨海涛！你！是！我！的！神！
155058,577,杨海涛,2022-06-08 03:22:42,6,6,0,呜呜呜，不想离开海涛哥
155059,577,杨海涛,2022-06-08 03:22:40,2,4,2,呜呜呜，不想离开海涛哥
157266,577,杨海涛,2022-06-22 16:45:58,23,23,0,微h2挂科，修微乙，一晚重修期末大概做出来1.2题和3.4个半题，其他写写公式，3.0。谁要说一句杨老师的坏话先从我的尸体上踏过去
158730,577,杨海涛,2022-07-01 15:23:28,7,8,1,杨爷爷真的yyds!先说一下本人情况，高中纯文科生数学基础很烂，微乙一上的卢姥爷的课。卢姥爷讲得确实不错，给分也很好，但是对像我这样数学基础不好的人来说上课有时候真的很煎熬。感觉微乙一没怎么学明白。这学期上的海涛爷爷的微乙二。老师讲的超级认真负责，每节课也都会把PPT发到群里，上课会亲自演算很多习题（这一点真的吹爆）。关键讲得也不是很难，挺容易接受的。小测的话都是学在浙大的选择题，感觉难度适中。而且老师是真的海底捞。这学期期末很难，感觉卷面只有七十出头，当时感觉要凉了，最后被捞上了4.8。真的完全不敢相信。另外，助教小姐姐人美心善。总之，海涛爷爷真的很适合对自己数学不太自信的小朋友哦！
161646,577,杨海涛,2022-11-10 02:14:52,9,9,0,海涛爷爷看手机的样子永远那么萌，上课幽默诙谐，没谱。本人虽然考试从没及格，但这个是因为本人太懒，成绩差也不妨碍我的10分
161694,577,杨海涛,2022-11-10 14:13:53,4,4,0,作业很少的，会很耐心地回答问题。上课很轻松，可以跟上。
161915,577,杨海涛,2022-11-15 03:54:37,-1,0,1,太棒了，超赞/:strong /:strong/:strong/:strong/:strong/:strong/:strong/:strong/:strong/:strong/:strong /:strong/:strong/:strong/:strong/:strong/:strong/:strong/:strong/:strong/:strong/:strong/:strong/:strong/:strong/:strong/:strong/:strong/:strong/:strong/:strong/:strong/:strong/:strong/:strong/:strong/:strong/:strong/:strong/:strong/:strong/:strong/:strong/:strong/:strong/:strong/:strong/:strong/:strong/:strong/:strong/:strong/:strong/:strong/:strong/:st
162278,577,杨海涛,2022-11-19 03:15:18,2,2,0,究极好爷爷！！！！讲课和给分都超棒🤤
162280,577,杨海涛,2022-11-19 03:20:04,0,1,1,海底捞
162298,577,杨海涛,2022-11-20 06:20:57,5,7,2,世界上最能放水的两个人\n\n海涛爷爷\n\n宇智波鼬\n\n祝海涛爷爷好人长命百岁😭 😭 😭 😭 😭 😭 爱您
162317,577,杨海涛,2022-11-20 03:48:54,2,2,0,虽然还没上完但是！海涛爷爷真的超级可爱！！讲课很细致，比较慢，完全不会听不懂，也会经常鼓励大家，呜呜呜好喜欢
162577,577,杨海涛,2022-11-26 06:33:37,15,15,0,老师气质神似大卫·休里斯 哈哈！\n\n非常适合数学基础偏弱的学生！海涛爷爷真的非常非常好！
163254,577,杨海涛,2022-12-11 08:36:23,0,1,1,很好的老师
163585,577,杨海涛,2022-12-15 12:04:52,3,3,0,杨老师超级超级好的！特别基础简单的问题也会认真解答！而且丝毫不会介意问的问题多么没水平，总说不懂的大家讨论讨论就好了！我爱杨老师！
163621,577,杨海涛,2022-12-15 23:38:06,7,7,0,虽然我微积分没有学得很好，但是杨老师讲得很好！上课举的例子都讲解得很详细
163902,577,杨海涛,2022-12-16 13:13:54,-1,0,1,超级棒的讲课哦！
164587,577,杨海涛,2022-12-22 05:26:04,0,0,0,爱海涛爷爷！
164695,577,杨海涛,2022-12-23 12:29:58,1,3,2,虽然我因为专业培养方案以及自身实力问题弃修了，但是杨老师真的很好，幽默风趣、讲课细致，助教小哥哥也非常不错。
165216,577,杨海涛,2022-12-30 06:44:58,2,3,1,老师讲的挺好的，是我不专心
168180,577,杨海涛,2023-02-01 03:48:05,3,3,0,绝对好老师，儒雅风范
168687,577,杨海涛,2023-02-21 04:59:31,-1,2,3,杨海涛老师我爱你！！！！！！！！！！！！！！！！谢谢你！！！！！！！！！！！！！！！！！！！！
168699,577,杨海涛,2023-02-21 07:07:46,1,1,0,究极好爷爷！讲课有逻辑，讲题很详细，脾气好会鼓励，还会开可爱的玩笑🥹
169314,577,杨海涛,2023-02-25 11:08:13,-15,4,19,这次偏微分很难，我自认为全做出来了，并且考完和老师核对了思路，应该问题不大，但是分数并不是很理想，只能说老师给分很求是，扣了很多平时分
169788,577,杨海涛,2023-02-28 02:05:29,1,2,1,大爱海涛爷爷
170173,577,杨海涛,2023-03-02 00:34:34,2,2,0,好好好
170181,577,杨海涛,2023-03-02 01:41:59,-3,0,3,我爱你！！！
170216,577,杨海涛,2023-03-02 04:31:58,0,1,1,爱死海涛爷爷了
170584,577,杨海涛,2023-03-07 03:02:50,4,5,1,老师讲课很有耐心，助教哥哥非常负责任习题课是一种享受
170602,577,杨海涛,2023-03-07 05:30:43,5,5,0,入校第一个数学老师（vjf乙I）\n\n绝不后悔！
171095,577,杨海涛,2023-03-16 01:33:47,1,3,2,爱海涛爷爷
171636,577,杨海涛,2023-03-30 10:36:11,5,7,2,非常关心学生，会跟我们唠叨学习习惯。是我大学以来遇到的传授知识最清楚易懂的老师!
172457,577,杨海涛,2023-04-27 06:50:57,0,2,2,非常好的老师，来自微积分乙二，早知道，微积分一的时候就选择老师的课了，哭死。\n\n永远爱海涛
172803,577,杨海涛,2023-05-07 11:34:31,14,15,1,“大家的坐姿什么都可以随意，怎样上课都好，只有把课听进去才是最重要的”
173771,577,杨海涛,2023-06-02 13:09:40,0,0,0,就看见
173774,577,杨海涛,2023-06-02 13:17:52,0,1,1,wwww
174416,577,杨海涛,2023-06-12 05:05:19,1,2,1,杨海涛yyds
174445,577,杨海涛,2023-06-12 08:30:15,1,1,0,真的好
175079,577,杨海涛,2023-06-21 12:12:39,2,3,1,呜呜呜海涛爷爷，没有您我的vjf就活不下去
175677,577,杨海涛,2023-06-26 07:30:08,-2,0,2,我太爱你啦呜呜呜呜
175680,577,杨海涛,2023-06-26 07:31:46,3,4,1,海涛爷爷他真的，我哭死！🥹讲课很细致，很适合我这种微积分笨蛋（bushi）；给分也好好，不愧是马里亚纳海沟超级无敌海底捞（狗头）；而且我觉得海涛爷爷好有气质！会在课上讲一些很有教育意义的话～特别特别爱说“自不自然啊”，口头禅哈哈哈哈；选海涛爷爷没毛病！究极好爷爷～
175686,577,杨海涛,2023-06-26 07:44:04,-2,0,2,老师真的很好  海底捞  强烈推荐选该老师
175688,577,杨海涛,2023-06-26 07:52:01,1,1,0,杨海涛爷爷，你是我的神
175715,577,杨海涛,2023-06-26 09:45:45,-1,0,1,没有比这更好的老师
177171,577,杨海涛,2023-07-02 03:36:43,2,2,0,海涛爷爷太好了！他真的会关注学生的上课表现的（但是你不听也没啥事就是了），海底捞，太爱了！！！
177868,577,杨海涛,2023-07-05 06:49:19,2,2,0,超爱海涛老师和助教哥哥😘
179310,577,杨海涛,2023-09-09 09:20:18,3,5,2,超级好，很厉害，捞人力度之大，闻所未闻，下次，如果有需要，就还是杨老师
179457,577,杨海涛,2023-09-16 06:42:27,-1,0,1,太好了吧海涛爷爷
181569,577,杨海涛,2023-10-23 06:13:47,-1,0,1,微积分讲得特别特别好!!!
182118,577,杨海涛,2023-11-10 08:39:19,4,5,1,杨海涛是一个好老师，这很自然
182450,577,杨海涛,2023-11-16 06:06:30,13,15,2,给杨老师打10分，自不自然？这很自然！
182962,577,杨海涛,2023-11-21 08:35:13,0,0,0,好老师，讲的很仔细，虽然这次复变很难，还是被捞了！
182982,577,杨海涛,2023-11-21 09:51:40,3,3,0,感谢老师不挂之恩
183193,577,杨海涛,2023-11-22 14:58:27,4,4,0,复变，不点名，讲课清晰。\n\nPPT很好，会给历年参考题。\n\n改卷子不是很严，小测赋分作业按次数给分。会留时间复习，进度也控制较好。\n\n改卷的时候应该给了不少过程分！
185183,577,杨海涛,2023-12-27 03:06:30,1,3,2,微积分还没考绩点还没有，但是呜呜呜呜呜海涛爷爷他真的很温柔很可爱，站在讲台乖乖的又很儒雅，给老师10分“自不自然？这很自然！”
185646,577,杨海涛,2024-01-03 08:38:12,2,3,1,啊啊啊啊啊超爱海涛爷爷！！😘😘助教小李哥也很可爱捏❥(ゝω・✿ฺ)
185680,577,杨海涛,2024-01-03 13:09:09,0,1,1,大爱！！！！！
186654,577,杨海涛,2024-01-12 11:00:13,3,3,0,相比上半个学期出卷的老师，杨老师真的太温柔了大爱！！！
186949,577,杨海涛,2024-01-14 01:20:11,0,2,2,捞得飞起！！！！
186953,577,杨海涛,2024-01-14 01:35:19,1,2,1,上课讲的超级好！
186960,577,杨海涛,2024-01-14 02:35:23,4,4,0,非常负责的老师，会提醒同学们上课要好好听讲。讲课清晰，还会在期中考和期末考前留时间讲历年题。课后答疑也比较耐心，但是不建议在课间五分钟去问，htgg要享受这五分钟去抽根烟🤣总之，给杨老师10分符合逻辑，非常自然。
186965,577,杨海涛,2024-01-14 03:11:33,7,7,0,（这里是微乙Ⅰ）海涛爷爷超级可爱！！！黑板卡住了，他会说“这个黑板si了”；找不到黑板擦，他会穿过多媒体的投影布的后面去黑板那头找；以为红外光笔没电了，但后来发现是没有插接口，会“嘿嘿”的对着我们笑！！真的超级可爱！！而且期中期末都会抽出三节大课的大部分时间带我们做历年卷，今天出分，感觉被海底捞了！！我真的成绩一般般，两次小测都没眼看（是真的，能和别人差几十分），期中也不算好，期末也一般般，很怕自己挂了，但是海涛爷爷给我狠狠捞上了4.2www。助教哥哥也超级好超级帅（感觉是那种认真做了就会肯定你的努力的那种），夸夸！！而且他们俩都很听取意见！！期中的压轴（是的，那道远近闻名的200字小作文题），他们都仔细看了，然后有把字变大之类的改进！！有种爱有回音的感觉！！选上海涛爷爷的uu真的有福了！！
187032,577,杨海涛,2024-01-14 08:04:28,5,7,2,卡绩了，很难受，就报复性的给10分吧
188332,577,杨海涛,2024-01-18 15:49:13,1,2,1,喜欢老师！
190407,577,杨海涛,2024-03-01 05:47:18,-2,0,2,真正的神
190709,577,杨海涛,2024-03-15 11:04:33,1,1,0,浙大掌管微积分的神
192028,577,杨海涛,2024-05-08 02:53:53,0,1,1,超级好的老师，复变很好
192876,577,杨海涛,2024-05-31 07:36:02,-1,0,1,老师特别好
193796,577,杨海涛,2024-06-18 09:02:44,2,2,0,海涛爷爷10分不解释！
195327,577,杨海涛,2024-06-27 17:47:58,-2,1,3,海涛爷爷真的很好很好🥺微乙一二都是他，微二期末做的跟💩一样，大题一题都没完整做出来，以为过不了斩杀线要挂了，结果和微一一样的绩点甚至百分制还高一分，呜呜呜真的是很好很可爱的小老头啊😭还有两位助教gg也都可可爱爱帅帅的❤️给十分是很zhi然的事嘛！
195481,577,杨海涛,2024-06-28 08:56:35,2,3,1,微乙上下都是海涛爷爷！上课真的超级好！给分也是海底捞！给海涛爷爷打十分是很自然的事！！1
196272,577,杨海涛,2024-07-02 17:39:44,5,5,0,伟大，无需多言
197442,577,杨海涛,2024-07-15 09:02:40,2,4,2,讲课清晰而且很爱强调学习习惯让大家不要熬夜不要上课睡觉不要上课玩手机hhh\n\n最后绩点不高是我自己的菜的原因！给海涛爷爷无脑10分
198371,577,杨海涛,2024-09-08 07:41:13,0,2,2,好好好好好！！！！！
198545,577,杨海涛,2024-09-10 01:29:43,0,2,2,海涛爷爷——
199213,577,杨海涛,2024-09-19 08:32:18,-6,11,17,杨老师讲课水平一流，但是有个细节我很讨厌。九一八纪念鸣笛的时候，他居然让我们不要理会外面的警报认真听？？！！！我很不能接受，哪怕说一句“你们要好好学”也行啊。助教也很迷，习题课沉浸在自己的世界里，声音还小，无语😑
199620,577,杨海涛,2024-09-26 09:53:55,7,7,0,助教板书比我草稿纸还乱🥲
200381,577,杨海涛,2024-10-16 11:47:19,-1,7,8,神马币小测，如果是多选题但是只有一个答案一定要选（其他选项均不能选，就选此项）
200386,577,杨海涛,2024-10-16 12:16:15,-2,4,6,什么jb小测，恶心人
201257,577,杨海涛,2024-10-31 00:57:18,3,6,3,满分！
201263,577,杨海涛,2024-10-31 02:04:42,-1,1,2,很好的老师！
201300,577,杨海涛,2024-10-31 08:51:35,-29,5,34,不理解为什么这么高分。\n\n1.讲课中规中矩吧，90%时间在读PPT，PPT就是简略版教材而已。永远是咆哮式讲课，但你吼再大声也是读课件啊不知道有什么激动的...\n\n2.助教工作很认真，就是讲题的时候是给自己讲的\n\n3.小测。不管单选题还是多选题都标注成多选题，导致有了很多同学选了“如其他选项均不正确则选此项”来凑成多选。事后没有给分，解释是“常见错误，属于对题干理解不准确”。请问你把单选题也标成多选不就是错误吗？就不算你对单选/多选理解不正确了？是不是也应该扣你工资啊？
201825,577,杨海涛,2024-11-18 15:16:01,4,6,2,其实老师讲的真的挺好的，但是也没有想象中那么能捞，我这个烂绩点纯属赖我自己，早八就没去过几次，纯属活该；另：老师班里的大佬比较多，小测比较难，可能导致赋分情况不是很好
203034,577,杨海涛,2024-11-17 00:53:41,1,2,1,2024秋复变，老师讲得非常好，很适合工科学生学习的节奏，平时有一次小测需要好好准备，期末考爆了....老师给10分
203099,577,杨海涛,2024-11-16 19:12:54,5,7,2,复变给分不好
203136,577,杨海涛,2024-11-17 08:25:10,3,5,2,上的复变\n\n课程分数构成：作业30%+小测20%+期末50%\n\n老师上课体验：杨老师讲课很清楚，有一点口音，但整体影响不大。ppt很好，ppt是适合工科生来学数学课的！上课的时候也会补充很多，很多思想最后考试都有所涉及。保角映射和留数定理要好好听。大家学工科数学课还是要选经常开工科数学老师比较好，很多数院老师虽然在数院评价好但是可能由于上课偏重证明不适合工科生。另外，不点名，适合本智云党\n\n课程感想：这是一门需要微积分基础，但是难度比微积分简单许多的工科数学课。但是这门课的评价在工科数学课里面远远不如概统和微积分。这次期末考比较难，但是肯定没有去年难，我的期末考成绩比较好，考前付出确实比较多，但是也有运气成分。第五题最后十分钟才发现前面一个e×一个cos有点像欧拉公式，在时间这么紧急的情况下还把一个本性奇点的留数给算对了；保角映射第二个，也是一直卡在那里想不出来，最后尝试试了下前一天晚上刚看过的倒数映射，因为记不清楚也看不懂就在那里在那里用坐标法现推，感觉也不是特别确定，最后答案第一步也就是最关键的一步还真的就是倒数映射。感觉大家对于各种保角映射历年题和书上例题都要好好琢磨透！然后各种积分定理也要记好细节，我期末错的有一题就是忽视了八字形积分的方向直接夸夸算留数了。我最后的分数是94/4.8，期末应该是考的比较好了，但是小测发挥一般，最后卡绩了没能拿到满绩，大家还是要重视小测！
205745,577,杨海涛,2024-12-12 02:00:17,1,1,0,杨老师讲课真的是我感觉讲的最好的大学老师了
205937,577,杨海涛,2024-12-13 01:34:54,-1,1,2,不点名，讲课好，小测难
206156,577,杨海涛,2024-12-13 06:35:23,0,0,0,很好淡淡的
207725,577,杨海涛,2024-12-24 03:52:51,1,2,1,讲课进度有序，推导完整，做题方法明晰，还发了一套历年真题，和秋复变牢韩形成鲜明对比
208283,577,杨海涛,2024-12-26 13:11:09,4,5,1,微积分乙，老师讲课水平很好，节奏比较慢，很友好，而且很亲切。大学老师还会苦口婆心督促你不要玩手机上课认真听多刷题的真的只有海涛爷爷一个了扒，真的让我找到了高中班主任那种亲切又唠叨的感觉，可惜春夏学期就不是杨老师了，明天是最后一个早八了🥹
209920,577,杨海涛,2025-01-10 02:23:12,2,2,0,海底捞我爱你
209991,577,杨海涛,2025-01-08 00:09:26,1,2,1,好好好
210722,577,杨海涛,2025-01-10 01:19:43,-3,1,4,老师人很好，微乙期中85 期末最后一道大题完全不会还有4.2ε٩(๑> ₃ <)۶з
210783,577,杨海涛,2025-01-10 02:53:54,0,1,1,老师讲的也好人也捞而且很负责！
210784,577,杨海涛,2025-01-10 02:56:55,0,0,0,完全不点名，讲课节奏非常好，就是有点慢。\n\n会劝你认真学习，是真的有师德的好老师。\n\n但卡我绩点了，有点难受。
211328,577,杨海涛,2025-01-11 08:08:50,11,13,2,《怎么我第一次小测才60啊，这下是不是勉强拿4.2了》\n\n《半期考换算下来扣了1.8分，看看能不能冲4.8》\n\n《期末考最后一题死活想不出来，歇b了，能拿4.5就是胜利》\n\n《卧槽杨老师怎么给我5.0啊》
211532,577,杨海涛,2025-01-12 01:25:01,1,2,1,老师甚至愿意十一点钟给我打钉钉电话讲题，我哭了～～～
212280,577,杨海涛,2025-01-14 00:23:54,-2,0,2,感谢捞捞！拿到了4.5！
213169,577,杨海涛,2025-01-16 07:55:29,-1,0,1,呜呜感谢捞捞！！！
213767,577,杨海涛,2025-01-19 14:42:26,4,4,0,老学生了回来给htyy评价，特别棒的老师，很温柔儒雅，是想到“拉格朗日”这四个字就能纸面发语音的程度哈哈！
214292,577,杨海涛,2025-01-31 12:13:40,0,1,1,555
215579,577,杨海涛,2025-03-01 13:51:54,2,2,0,智云蹭课复变，讲得很好
216059,577,杨海涛,2025-03-10 05:23:38,1,1,0,课很容易懂
219130,577,杨海涛,2025-05-22 04:19:27,1,2,1,海涛爷爷你是永远的神
221026,577,杨海涛,2025-06-21 01:48:58,2,3,1,杨爷爷yyds\n\n今年微乙批卷组有大病，期末卷分数普遍偏低😢\n\n期中95综评85😇微乙2硬拽我0.1均绩
221033,577,杨海涛,2025-06-21 02:55:31,0,0,0,老师很好
221135,577,杨海涛,2025-06-21 11:23:49,0,0,0,海涛爷爷人真的很好，和蔼可亲，上课也很认真细致，听起来很舒服，给分也很不错，强烈推荐
221242,577,杨海涛,2025-06-22 07:20:18,0,0,0,老师人很不错讲的很好！
2567,597,李秉政,2015-05-04 14:19:07,44,54,10,我觉得李奶奶讲课挺好的。很细致。除了有时候有点慢
4705,597,李秉政,2015-06-26 10:04:20,65,88,23,李奶奶超和蔼呀
5897,597,李秉政,2015-07-10 00:44:17,0,5,5,听课是一种享受，但要跟上她的思维
8014,597,李秉政,2015-09-16 13:05:04,1,3,2,老师很好的……
9578,597,李秉政,2015-11-02 04:06:27,15,23,8,真的很温柔，会莫名来个很逗比的段子。不过学霸专业可能会觉得有点慢。
9595,597,李秉政,2015-11-02 11:16:38,4,9,5,讲的很细致，很沉静的老太太
10144,597,李秉政,2015-11-17 00:43:45,1,5,4,无语 会心一击
10808,597,李秉政,2015-11-23 05:45:13,1,4,3,不错哦，很关心学生
11220,597,李秉政,2015-11-25 09:41:07,1,3,2,老师讲的很细致，很好…而且很关心学生的
11915,597,李秉政,2015-12-21 10:35:12,1,3,2,老师讲的好好
12282,597,李秉政,2015-12-23 00:15:10,4,8,4,非常好
12943,597,李秉政,2015-12-24 11:05:39,1,4,3,爱李奶奶
13181,597,李秉政,2015-12-25 05:31:37,0,2,2,老师很和蔼！很仔细，就是上的略慢
13758,597,李秉政,2015-12-30 16:10:39,1,5,4,李奶奶，我爱您！为什么您没有微2微3呢，好难过的。。
14492,597,李秉政,2016-01-07 08:53:33,1,4,3,讲课会有一点慢，关心大一新生的学习。
15139,597,李秉政,2016-01-13 02:47:47,0,2,2,喜欢喜欢
15660,597,李秉政,2016-01-16 05:07:37,0,2,2,棒喜欢
16390,597,李秉政,2016-01-18 04:38:18,5,11,6,老师上课金句很多啊 有时不经意就会很好笑 讲课速度慢慢的 讲的很透彻啊 人也很好
17689,597,李秉政,2016-01-20 15:48:07,1,5,4,谢谢李老师！人超级可爱，而且我真的觉得自己会挂，没想到她还给我了我3+，快感动哭了！
17695,597,李秉政,2016-01-20 15:52:48,0,2,2,认真，和蔼，就是讲课有点慢，给分凭良心，不是绩杀
18054,597,李秉政,2016-01-21 07:13:16,-2,7,9,李奶奶太耐心了，只是我不想听，一直在睡觉，微积分还是自学比较好，自学绩点4.8，不过真的要听课还是要去占座比较好，在后面听课完全不想听的。
18910,597,李秉政,2016-01-22 18:22:11,1,6,5,给分不好，微积分是我最认真学的课，绩点却是最低的一门
19199,597,李秉政,2016-01-23 13:14:48,-2,1,3,李奶奶超好超和蔼的！
19345,597,李秉政,2016-01-24 02:36:30,14,19,5,讲课很清楚，但是不讲题！所以自己必须课外下狠功夫。。。'注意给分是非常低的，很低很低，自己小心
20932,597,李秉政,2016-02-04 09:44:36,-4,1,5,温柔而理性，非常有气质，讲课仔细严谨，速度适中，对学生很温和。每次看到李老师，都觉得很感动，真的是非常好的一位老师。
21477,597,李秉政,2016-02-29 03:21:38,1,3,2,李奶奶挺和蔼，不怎么点名，但是一听课就困啊，睡觉睡得自己都不好意思了，给分不太好但是所幸没挂
21669,597,李秉政,2016-02-29 13:52:41,-3,1,4,李奶奶超级超级超级棒啊，讲的好，人也超级和蔼，给分也很棒，没有微二微三太可惜啊
33368,597,李秉政,2016-09-19 01:47:45,6,6,0,有点慢
33682,597,李秉政,2016-09-21 03:55:35,0,3,3,老师特别可爱！
34020,597,李秉政,2017-01-17 11:50:47,0,5,5,老师讲课一般，人超级好，主动补课（上不上由你），还可以找他要资料。\n\n\n\n
34681,597,李秉政,2016-10-18 06:15:45,-2,0,2,很和蔼
34810,597,李秉政,2016-10-24 01:29:32,0,5,5,无聊透顶
34882,597,李秉政,2016-10-26 07:19:36,-2,0,2,很细致很用心，不批评学生。
37133,597,李秉政,2016-11-17 13:54:50,-1,1,2,超和蔼～
37384,597,李秉政,2016-11-18 15:14:58,3,7,4,请那些不尊重课堂的同学自重
37504,597,李秉政,2017-01-04 03:45:48,18,19,1,老师讲的贼慢\n\n巨慢\n\n特特么慢
37585,597,李秉政,2016-11-19 14:16:47,-2,1,3,。。。
38483,597,李秉政,2016-12-06 23:58:09,0,2,2,李奶奶除了上课有点慢，说话有些逗之外，都好！！！
38869,597,李秉政,2016-12-19 15:31:36,-3,0,3,超好的老太太，爱她
38907,597,李秉政,2016-12-19 23:47:23,0,2,2,老师很温柔，回答问题很耐心～给分明明很高，不要听楼下乱讲！亲测很高！
38951,597,李秉政,2016-12-20 03:37:50,0,1,1,老师挺温柔的，不过声音让我想睡觉，讲课比较慢，其他还好
39130,597,李秉政,2016-12-28 02:19:55,0,1,1,......
39701,597,李秉政,2016-12-27 04:49:07,3,3,0,一般吧，还好
39845,597,李秉政,2017-01-18 18:16:36,-3,1,4,谢谢老师引我入门
40052,597,李秉政,2016-12-29 02:57:25,-2,0,2,棒棒的
41191,597,李秉政,2017-01-10 02:46:16,-2,0,2,老师很棒棒
44162,597,李秉政,2017-01-18 04:32:48,1,4,3,李奶奶要给满，讲得很细很好，很和蔼，期末认真刷刷题不会太差。
44166,597,李秉政,2017-01-17 11:08:42,0,2,2,李奶奶讲的是很好的怪我自己不好好听课 讲的很详细还会组织解题方法讲座 是真的很棒
44168,597,李秉政,2017-01-22 09:03:40,2,3,1,老师很和蔼，讲的很清楚，基本上跟上是没有问题的，但上课速度真的有点慢。。。
44182,597,李秉政,2017-01-19 09:03:18,2,3,1,老师人很温柔的，讲的很慢也很细，就是我自己没有好好学微积分?
44249,597,李秉政,2017-01-17 13:05:50,-1,0,1,很和蔼\n\n
44260,597,李秉政,2017-01-17 13:22:32,0,2,2,李奶奶人超级好！微1讲课节奏偏慢但是可以抽这点时间记笔记。而且我在期末考试有致命失误之后还有一个满意的分数，真的要谢谢李老师！
44408,597,李秉政,2017-01-17 22:35:44,4,5,1,人还是蛮温柔的，毕竟老人家，讲的比较慢，课堂上的拓展不多，习惯快节奏的同学慎选
44429,597,李秉政,2017-01-17 23:39:25,-2,3,5,李奶奶超级耐心呀！\n\n特意把自己的时间压缩给我们上课！！\n\n很棒！\n\n这么负责的老婆有几个呢\n\n
44458,597,李秉政,2017-01-18 00:27:53,-1,1,2,老师挺好的，和蔼。
45128,597,李秉政,2017-01-19 04:12:22,0,2,2,讲得很仔细，很敬业，有时还有些幽默。让没学好的我感到愧疚
45533,597,李秉政,2017-01-19 16:42:25,4,6,2,是的 人好 但是 分低啊 低啊 啊 啊啊啊啊啊
46407,597,李秉政,2017-01-21 13:32:05,-3,1,4,老师，很慈祥，很认真，最后结果也还可以，谢谢慈祥的老奶奶
48247,597,李秉政,2017-03-01 11:53:02,-2,1,3,老师超好，上她的课学的很稳很踏实。
49022,597,李秉政,2017-04-19 01:16:19,20,38,18,为什么大家都说老师只是和蔼，而大家的成绩却不理想。难道大家没觉得她讲的很慢详略又不得当很喜欢拓展闲扯没用的东西。唉
53825,597,李秉政,2017-06-27 17:31:58,2,4,2,老师很认真，也想教好。但是进度实在太慢了…………
54594,597,李秉政,2017-10-27 06:58:36,20,39,19,"期末难度这么炸，几乎所有老师都调分了，然后这位老师不仅不调分还死扣平时分，曰：""谁的表现是完美的？""。我承认我菜，我承认微二一出绩点掉0.1是我水平不够，但我只希望付出同样的努力之后，老师能以与其他老师的同学一样的方式对待我们。总结成两个字：绩杀、绩杀、绩杀。另外老师的讲课风格我也非常不适应，速度太慢太过基础、重点不够突出。特别是在微二微三合并成新微二之后课程难度直升，老师讲课的缺点被完全放大……我是很受不了这个老师的风格了。微一比较水，可以选这个老师，微二看见这个老师就退了吧，太坑了。"
54717,597,李秉政,2017-06-30 05:35:53,-4,0,4,upupup\n\n
55996,597,李秉政,2017-07-03 01:35:53,-4,2,6,李奶奶很和蔼，上课很认真，对学生的要求也比较高，感觉是真的很想教好我们的老师。\n\n然而微二甲期末考真的好难啊……? 出分前先评了……希望李奶奶师生情能给多点OTZ
56459,597,李秉政,2017-07-04 01:00:54,15,15,0,小测每次都全做出 作业每次交 为什么平时分不给满啊？这次微积分这么难 平时分别的老师基本都是给满的啊……上课的话还可以，喜欢讲基础而且讲得比较细很耐心，但是希望能区分考试重点和非重点
56511,597,李秉政,2017-07-04 02:15:46,7,10,3,腊鸡不解释
56512,597,李秉政,2017-07-04 02:17:57,21,27,6,期末要占百分之六十，不调分。。。平时分也不给满，真的差劲，没什么好说的了。一分。
56516,597,李秉政,2017-07-04 02:28:24,21,24,3,微二这次期末考这么难也不肯调分 解释是你们平时谁是完美的 我：？？？ 然后上课讲得慢就算了 基本上没有重点 往往是不重要的东西拼命讲 讲到最后根本来不及 什么曲线曲面积分基本上一概而过了...然而考试基本上都考这些东西 整天要问为什么你们上课不听课 为什么你们上课不来 微积分还是选个给分高的老师吧
56520,597,李秉政,2017-07-04 06:10:44,3,7,4,很严厉 会直截了当指出不足  期末不调分
56540,597,李秉政,2017-07-11 12:39:34,17,18,1,新的微二一定要慎选，本来内容就多老师却讲的贼慢还是照着书念，不交作业的课一半人不去或者去了睡觉水手机，期末考炸不调分，平时分还不给满，隔壁dl因为平时分被挂科了，我也是醉了
57474,597,李秉政,2017-07-08 11:47:40,1,9,8,一分，别tm选了，蔫坏的，分巨低，反思一下为什么还是个副教授吧
57866,597,李秉政,2017-07-16 11:45:52,-12,0,12,人很好
60391,597,李秉政,2017-10-19 02:31:18,9,10,1,讲课真慢，睡一觉回来还跟得上
64070,597,李秉政,2017-12-21 01:51:09,2,3,1,于凌晨同学的福利
68466,597,李秉政,2018-01-23 08:44:12,2,6,4,平时分给的好。！！\n\n很有耐心。！！\n\n平易近人！！\n\n多去问题，收获蛮多的。\n\n
68469,597,李秉政,2018-01-23 08:44:51,0,1,1,虽然是念书但是效果不错!
68496,597,李秉政,2018-01-23 09:23:39,-4,5,9,数分让我的均?升了。  (｡ì _ í｡)
68522,597,李秉政,2018-01-23 10:04:08,0,2,2,数学分析，讲解按部就班，非常细致，不会出现听不懂的现象，很有耐心，非常好的老师
68617,597,李秉政,2018-01-23 13:05:12,0,1,1,讲的比较慢，但是很细致，适合我这样的学渣。平时分只要作业都交了就很好，最后的绩点让我的均绩。。。也提升了。。。数分真的与高代形成鲜明对比。我这样水平一般的有这样的老师真的很赞。
68728,597,李秉政,2018-01-23 16:15:38,-12,3,15,不知道为什么评论了很多人说给分低，数分1我冬学期5，6次没交作业，总共去上过四五次课，平时分93也不是很差，考试前不会积分，最终绩点3.9，感觉均绩像假的
69463,597,李秉政,2018-01-24 17:58:24,4,5,1,数分讲的吧基本是念书 看不进去书的跟她上课就行了 但也没什么多余的营养 平时分基本给到90分以上 我是渣渣 老师还可以
70385,597,李秉政,2018-01-26 14:21:36,0,2,2,超级负责的老师～上课很细致很有收获
78184,597,李秉政,2018-05-10 01:34:22,12,12,0,数学分析 每次交作业就好了。\n\n平时分也就扣1分吧 虽然不给满 但也差不多了。\n\n上课 有点催眠 几乎就是念书。看书看不进去的 可以选她。\n\n期末不调分 但批卷不太严。能给分就给分。\n\n作业有点多 偶尔有点点难。\n\n问她问题 她讲得很仔细 耐心，你问她的时候 她讲得比讲课时讲得好。\n\n基础好的同学 建议选mq老师 或者去选求数的课 李奶奶课上真的很基础。
85088,597,李秉政,2018-07-15 09:28:18,3,4,1,所以平时分为什么不给满，结果卡绩了。。
86850,597,李秉政,2018-09-19 06:20:28,7,8,1,慢，想睡
88440,597,李秉政,2018-10-31 03:33:31,9,9,0,一问三不知
88637,597,李秉政,2018-11-05 01:24:39,-1,1,2,逻辑非常严密
89689,597,李秉政,2018-11-20 09:24:19,15,16,1,数学与人类文明打卡 emm 课确实很水的 从未听过 大概就期末写篇论文就好 李奶奶的语速加上下午13点的上课时间 从头到尾昏昏欲睡
90696,597,李秉政,2018-11-25 10:15:38,2,4,2,数学与人类文明\n\n大水课\n\n大水课\n\n大水课\n\n除了出分慢之外。。。\n\n都还挺好的
91219,597,李秉政,2018-12-03 14:01:45,11,11,0,通识给分普通
91231,597,李秉政,2018-12-04 01:56:34,-6,3,9,李老师的数学与人类文明，讲课的确挺水哒，主要是声音太轻，让人昏昏欲睡，但是课堂展示好好做（老师挺认真的，把我们怼得很惨，但还是鼓励了我们），论文好好写的话给分不错，总之谢谢老师了。
91242,597,李秉政,2018-12-04 05:14:14,7,12,5,上课很普通，给分也很普通，写论文到图书馆借了两本相关书籍写了将近7k字依旧只有平平淡淡的4.2，或许是因为小组展示太一般了吧。有点失望了。
91305,597,李秉政,2018-12-05 09:28:54,10,10,0,困死了
91358,597,李秉政,2018-12-06 08:09:26,1,3,2,老师很好(✪▽✪)
91446,597,李秉政,2018-12-10 11:31:07,7,9,2,我不知道4.2绩点还意见很大的同学是什么想法，不过应该是大一的没经历过正太的恐惧，而且论文评分绝对不只是看字数的。
91537,597,李秉政,2018-12-13 01:27:20,1,5,4,数学与人类文明 课堂内容偏人类文明 我基本睡了一学期 老师人很好就是个人认为课堂内容没什么意思 有小组展示 期末有论文 最后三次课签到 只要论文好好写 绩点不会差
92030,597,李秉政,2018-12-25 13:05:45,2,2,0,没啥收获
92430,597,李秉政,2018-12-28 14:14:58,0,1,1,数学与人类文明：一次小组展示，一篇3000字以上论文，需要签到，没什么其他事，给分觉得还可以吧
92677,597,李秉政,2019-01-03 13:52:28,1,1,0,我上的是老师的数学与人类文明，听老师介绍数学家真的挺好玩的，有小组展示和一篇论文。虽然最后绩点不高，还是很喜欢老师。
93489,597,李秉政,2019-01-10 04:19:07,2,2,0,数分，李奶奶上的很细致，人很和蔼，讲的慢略催眠。是我自己学的不行……
95752,597,李秉政,2019-01-24 00:44:39,-3,2,5,谢老师数分|不杀之恩
96550,597,李秉政,2019-01-21 06:16:42,0,1,1,上的老师的数学与人类文明，老师人很好，虽然最后绩点不高，但是上课很有趣(也可以水)。要签到点名，有一次小组课堂展示，还有一篇论文，期末不考试。
98501,597,李秉政,2019-01-23 13:44:41,-1,3,4,人好，分低(Ｔ▽Ｔ)
101540,597,李秉政,2019-01-28 11:38:24,5,8,3,老师讲课讲得不错，适合基础一般的同学，听了很有收获。但是，不调分。虽然这也不是老师的问题。但是你期中考试，小测作业都比别人好，但最后别人的老师调分了绩点比你好多了的时候，觉得真的很不公平。
102363,597,李秉政,2019-02-01 08:21:58,3,5,2,为啥调不调分老师之间不能统一一下啊，真的很不公平啊
104147,597,李秉政,2019-03-13 03:20:03,1,3,2,数分很好，分析讲的很透彻
115495,597,李秉政,2019-07-28 23:08:57,-63,1,64,绩点5.0路过
121377,597,李秉政,2019-12-16 14:27:29,1,5,4,就1分（为啥打不了0分）
122845,597,李秉政,2020-04-14 06:23:36,2,4,2,只见数学，人类文明，不见两者之间的联系。讲得比较浅，水课的好选择，但如果是真的感兴趣可能会失望
125960,597,李秉政,2020-09-16 04:42:38,0,3,3,下课了问问题贼不耐烦
127345,597,李秉政,2020-11-20 14:23:04,0,1,1,还可以
128467,597,李秉政,2020-12-23 10:13:19,1,1,0,很细致，很和蔼！
128952,597,李秉政,2020-12-27 11:02:44,0,1,1,。。。
133224,597,李秉政,2021-02-19 08:00:01,2,5,3,数分上的太简单了
136035,597,李秉政,2021-06-10 02:34:46,-5,4,9,上课太慢了，建议去隔壁莫群
141424,597,李秉政,2021-10-08 03:01:00,-1,0,1,尴尬，不行
141985,597,李秉政,2022-01-12 06:51:20,0,5,5,考试不简单，应该调分了，或者过程分给的很多，三学期数分第一个也是唯一一个满绩留念。
143922,597,李秉政,2021-12-13 04:01:40,8,8,0,破防了，李奶奶太好了😭疫情网课的这段时间才发现她的好，讲课细致，不仅手把手教你数分，还时时关心大家的身心健康，很担心大家的生活被疫情打乱了。总是翘这么一位有温度有智慧的老师的课，我有罪😭
144373,597,李秉政,2021-12-21 08:33:26,0,0,0,。。。
144738,597,李秉政,2021-12-23 11:15:31,2,2,0,老师上课节奏比较慢，大多按着课本上的去讲解，偶尔会给额外的例题和课后思考题（完全思考过）\n\n不过对于我这种渣渣来说还算不错了，平常功课有做考试基本都是低空飞过，至少没挂
145162,597,李秉政,2021-12-28 02:30:01,4,5,1,李奶奶yyds\n\n就数学分析来说，李奶奶给分还是很好的。就我答的卷子，老师给这分我已经是感恩戴德了，过程分也给了挺多的了。老师一个学期差不多点1-2次名，作业每次都写了，点名每次都点了，平时分就基本上全给了。老师讲的是偏慢一些，但是很细致。感觉老师讲太慢的也可以自己看课本或者智云课堂倍速播放。李奶奶对每个学生都很耐心，也很好，欢迎提问，有需要（如补选）也可以和她讲，非常好说话。\n\n总而言之，李奶奶是我的梦中情师之一！\n\n（李奶奶唯一的小毛病就是作业有亿点点多，但是数分这种课吧，我觉得这个可以理解）
148426,597,李秉政,2022-01-12 12:12:45,2,2,0,期待老师下学期的实变
150639,597,李秉政,2022-02-07 03:22:19,-12,3,15,淑芬三绩点最低（要承认前一个学期的满绩让我飘了），李奶奶讲的很慢 ，留的一些思考题蛮好的，上她的课感觉学的比较扎实
150640,597,李秉政,2022-02-07 03:22:15,-15,3,18,淑芬三绩点最低（要承认前一个学期的满绩让我飘了），李奶奶讲的很慢 ，留的一些思考题蛮好的，上她的课感觉学的比较扎实
152542,597,李秉政,2022-04-14 09:40:11,11,12,1,绝对的好老师，没有异议。不论是数分还是实变，上课都非常细致，非常耐心，数学这种课就是需要时间慢慢思考慢慢积累，李奶奶上课真的会让人听课感觉很扎实，一点也不飘，脚踏实地的。而且也让我很佩服，一个年龄不再年轻的女老师，对于数学的琢磨那么细致，那么热爱，真的值得我们所有学生尊敬
154600,597,李秉政,2022-06-07 16:46:42,1,1,0,挺好的老师
157076,597,李秉政,2022-06-21 23:45:27,1,1,0,好好捏
157638,597,李秉政,2022-06-24 07:21:53,1,2,1,虽然实变只有3.9，但收获很大，很喜欢李奶奶上课!
163569,597,李秉政,2022-12-15 09:03:15,-8,5,13,救命真的别选数学与人类文明，简直绩杀，信息也已读不回，避雷了！！！
163799,597,李秉政,2022-12-16 06:30:45,2,2,0,数学与人类文明，事情少，分还可以，老师声音有点小加上是有早八的下午所以很好睡，清醒时听了一些感觉挺不错的
170140,597,李秉政,2023-03-01 13:48:51,2,2,0,。。。
170342,597,李秉政,2023-03-03 03:26:15,2,2,0,给分真的离谱
170357,597,李秉政,2023-03-03 05:53:01,0,1,1,老师很优秀，就是给分有点...
170435,597,李秉政,2023-03-04 14:47:56,0,0,0,李奶奶讲课确实挺好的，满清晰，但给分非常求是
173763,597,李秉政,2023-06-02 11:27:35,0,0,0,通识课数学与人类文明。我觉得我论文写的挺烂的，最后4.2
174002,597,李秉政,2023-06-05 13:41:39,0,0,0,数学与人类文明，讲得挺拉，但是课很水。作业要求一开始就会讲，但是并不会push所以如果遇到一群摆子组员的话很有可能你们到了倒数第二周才想起有期末展示要做。这个课好像有很多摆子，说实话还是慎选吧
174555,597,李秉政,2023-06-14 04:30:53,4,5,1,今天实变最后一节课，考前贷款打个分。感觉李奶奶算是数院上课最好的老师了，思路非常清楚，各种定理不仅会讲怎么证，还会讲为什么这么证，真的很重要。
175974,597,李秉政,2023-06-27 09:54:19,1,2,1,这学期上了李奶奶的实变函数。\n\n李奶奶真的是那种治学严谨的大师，非常和蔼，讲课是投影手写，虽然节奏不快但是很清楚，会帮我们完善书中那些被作者trivial带过的证明细节，还会引导我们思考为啥这么证，怎么去证。我有几天发烧了向她请假，她还会关心我叫我注意身体好好休养真的好感动www\n\nand表白助教ykgg，习题课主要由他来讲，平常解答问题也很耐心，并且人也好帅啊啊啊
176416,597,李秉政,2023-06-28 23:30:13,2,2,0,讲课是真的很好，目前在数院碰到的最好的老师，第一次让我感受到分析的魅力，但是给分真的烂，实变建议选另外一个老师听李老师的智云
183729,597,李秉政,2023-11-29 09:12:26,10,12,2,“你们在这样的年纪就能学这样的数学，真的应该好好享受！”\n\n李老师真的是非常热爱数学的，讲课也非常细致，真的能从她的课上体会到分析的魅力！
196367,597,李秉政,2024-07-03 06:28:25,5,6,1,你想要低绩点就选
199144,597,李秉政,2024-09-18 06:52:55,-1,0,1,人少事少！数学与人类文明真的很好！老师万岁！
201214,597,李秉政,2024-10-30 09:00:26,2,3,1,上的数学与人类文明。真心推荐。\n\n作为文科生，过去眼里的数学一直是噩梦，但是李老师让我看到了它的色彩。这里有印度《莉拉沃蒂》的诗篇，有阿贝尓的遗憾和迦罗瓦的疯狂，有《四元玉鉴》的韵律。原来数学真的可以与天下相关，与文明相关。\n\n至少对我是很不错的通识课。似乎只有最后三四节课会点名，作业只有期末一篇3000以上的论文。强推！
203360,597,李秉政,2024-11-19 10:40:20,3,3,0,数学与人类文明，绩慎
203484,597,李秉政,2024-11-20 00:01:41,3,3,0,数学与人类文明，事情确实不多，给分太差了…
203773,597,李秉政,2024-11-21 03:32:45,3,3,0,水课，但卡绩
206578,597,李秉政,2024-12-16 07:21:14,0,0,0,给分很求是
213045,597,李秉政,2025-01-16 01:12:54,0,0,0,讲得特别特别详细，如果认真听她的课，真的可以学到很多
213112,597,李秉政,2025-01-16 04:26:23,0,0,0,我的好奶奶😘😘😘 进度舒缓，每一个点讲得都特别清楚，特别适合智云二倍速播放🐶考前建议练练手速，微积分HⅡ和微积分甲Ⅱ就特别适合计算训练，不然考试计算量大有可能会出现心有余力不足的情况
220547,597,李秉政,2025-06-18 12:30:46,0,0,0,小波分析及其应用，老师讲得很好，任务不重，研究生课不太有绩点焦虑，半学期学得很开心
221644,597,李秉政,2025-06-25 05:01:56,0,0,0,实变函数，老师讲课讲的十分细致，还会补充一些材料，并且每节课都会简要回顾之前的内容。李老师的班级还会开设习题课，课后也愿意留下来给同学答疑。非常好老师，能选上实变函数是我的荣幸。
141,608,董浙,2015-03-14 16:07:46,-1,14,15,解答给力
2367,608,董浙,2015-04-27 13:41:55,17,36,19,上课就没听过……板书不敢恭维
2566,608,董浙,2015-05-04 14:17:29,12,24,12,感觉讲课并不是很清晰。推荐汪国军。
5653,608,董浙,2015-07-09 03:44:27,43,61,18,给分良心\n\n
5684,608,董浙,2015-07-15 05:01:56,1,7,6,良心
5756,608,董浙,2015-07-09 08:45:57,2,6,4,没听过课 但给分棒
8266,608,董浙,2015-10-10 03:05:41,3,10,7,老师不错...我自己不争气而已→_→老是睡觉
8271,608,董浙,2015-09-18 03:52:52,5,11,6,边写板书，边被课本的老师
8275,608,董浙,2015-09-18 02:41:14,1,9,8,认真上课，在浙大诸多水课中脱颖而出！
8490,608,董浙,2015-09-22 00:52:19,28,45,17,老师讲的太快，没有容易理解的解释，与学生没有课堂互动，自己讲自己的
8678,608,董浙,2015-11-06 03:55:43,28,37,9,老师的板书出神入化啊，，，，并不知道画了些什么
9328,608,董浙,2015-10-22 01:56:44,0,6,6,很痛苦
9510,608,董浙,2015-10-29 06:12:59,22,36,14,天了噜，速度飞起来，完全是自己讲自己的嘛。还有板书实在不敢恭维。
9773,608,董浙,2015-11-09 01:35:12,-7,5,12,板书特别好
10452,608,董浙,2015-11-19 01:51:07,6,17,11,板书草得不要不要的，课堂一声不响地开始，讲课自顾自地讲，不会进行互动。总结一句就是：呵呵。
10941,608,董浙,2015-11-23 11:36:25,2,5,3,作业批的好认真
11307,608,董浙,2015-11-26 13:40:14,6,11,5,自己讲自己的 唉....
11541,608,董浙,2015-12-04 02:49:38,7,12,5,老师是好老师，只是不会讲课
11607,608,董浙,2015-12-07 12:36:20,56,67,11,其实讲得还是不错的，而且没有多余的废话。不过基本没有互动，没有提问，就真的是自个讲得欢，也不管学生到底听懂了没。只能说学霸会很适应吧渣渣们就难受了
12711,608,董浙,2015-12-24 02:21:37,-1,3,4,很负责任
13124,608,董浙,2015-12-25 02:29:56,0,2,2,T^T
13208,608,董浙,2015-12-25 07:35:26,6,14,8,他讲课是为了自己在黑板上把题做一遍，而不在乎学生是否听懂
13455,608,董浙,2015-12-28 06:17:01,80,91,11,这是一个喜欢上课说悄悄话并在黑板上涂鸦的调皮的老师～(￣▽￣～)~
13759,608,董浙,2015-12-30 16:12:16,5,10,5,上课就是去自习，坐第一排也不知道他黑板上写的啥
14179,608,董浙,2016-01-05 07:20:03,4,11,7,好老师，真的是好老师
14369,608,董浙,2016-01-06 14:16:44,9,15,6,喜欢数学的建议选，只是为了绩点高不建议选
14414,608,董浙,2018-09-19 07:59:33,-36,10,46,这种老师就不要再祸害人了，大家翘课去自习吧
14592,608,董浙,2016-01-08 01:57:42,-3,3,6,好水。。。。
14594,608,董浙,2016-01-08 01:59:36,-10,5,15,差点就满绩点了
14732,608,董浙,2016-01-08 14:16:37,-6,4,10,不点名，没互动，给分低
14991,608,董浙,2016-01-11 12:30:00,6,11,5,上课基本什么都没学到，全凭自学，想学明白劝大家去蹭别的老师课
15041,608,董浙,2016-01-11 15:47:05,-2,5,7,很好呀 讲课很清楚 不过板书字很草 别走神
15087,608,董浙,2016-01-12 03:21:45,0,3,3,给分好，讲课嘛……线代靠自学不是吗？\n\n
15632,608,董浙,2016-01-16 01:52:04,4,6,2,好老师\n\n
15657,608,董浙,2016-01-16 05:01:11,8,11,3,上课不认真听很容易听不懂，不过老师挺好的！
15674,608,董浙,2016-01-16 05:46:53,2,4,2,还好啦
16492,608,董浙,2016-01-18 08:30:54,-3,6,9,老师人还是很好，认真学绩点还可以，考试估计80分但最后总分有90分，很不错
16499,608,董浙,2016-01-18 08:47:25,7,17,10,有自己的世界，跟同学们互动比较少，平时不点名，板书也有点难辨认，最后几节课会不停地说有平时分，稍微学一下就能及格，就是30.40分就能及格，平时作业一定要交。
16536,608,董浙,2016-01-18 10:23:56,5,10,5,认真尽责，板书是一大特色，只是声音不是很大，坐在后排就容易走神～还是不错的老师啦挺喜欢的～
16599,608,董浙,2016-01-18 13:06:12,5,9,4,上课认真负责，全程跟进肯定是跟的上的，我坐后面认认真真听了三节课发现完全听得懂甚至还觉得讲的挺慢的很仔细。给分平时作业都交的话，卷面三四十就能及格
16677,608,董浙,2016-01-18 17:27:13,-2,5,7,乱打分\n\n
16734,608,董浙,2016-01-19 01:22:01,2,8,6,老师人不错，但是上课一点激情都没有，板书写的很糟，但是给分不错。你问他题他都好好讲。
16936,608,董浙,2016-01-19 09:32:40,-1,1,2,老师人挺好哒，建议课前最好预习
16963,608,董浙,2016-01-19 10:13:33,0,2,2,老师讲课挺用心的，自己一直在说，只是不听课的话认不清板书写什么，给分良心。
17087,608,董浙,2016-01-19 14:39:17,1,3,2,老师讲课和我们没啥互动…容易走神 但是认真听一定没问题 给分良心
17095,608,董浙,2016-01-19 14:48:48,-2,5,7,板书字比较丑，讲得快，一不留神就坐飞机了
17192,608,董浙,2016-01-20 00:49:55,-1,1,2,上课的话基本上是读书吧，不过给分应该还好，上课帮我们算期末考考多少能不挂（好像40就不挂吧）。反正po主个人水平原因分就相当低了
17475,608,董浙,2016-01-20 09:29:34,3,5,2,十分好
17995,608,董浙,2016-01-21 05:40:35,-8,1,9,平时分只要作业都交了就会给满 但是上课还是没必要听的…
18865,608,董浙,2016-01-22 16:00:05,-2,4,6,上课就是自己把书上的东西抄到黑板上，字有点潦草，困啊啊啊，给分还是不错的，据老师自己说平时分就算少交2、3次也会给满分的
19855,608,董浙,2016-01-25 12:19:34,-2,1,3,只听了第一节课，后面的课都义无反顾的翘了，太没劲了。但是给分良心
20043,608,董浙,2016-01-26 02:56:14,-1,1,2,还不错
21075,608,董浙,2016-02-15 09:29:19,1,1,0,呵呵呵呵\n\n
21631,608,董浙,2016-02-29 11:06:02,0,2,2,挺好的啊 给分还算良心吧
22384,608,董浙,2016-03-04 05:02:34,15,20,5,给分超级好⊙▽⊙虽然上课速度很快，但是只要每次预习复习连滚带爬还是坚持下来了，结果很好哒~\n\nps.数学男的幽默你们见识过么~
23111,608,董浙,2016-03-18 02:44:33,1,2,1,好老师\n\n
23948,608,董浙,2016-04-22 04:49:36,6,10,4,作业批改认真，思维...相当敏捷...
24006,608,董浙,2016-04-25 05:39:33,2,3,1,很好的老师，沉浸在数学的世界里，很淳朴很用心的，是真正搞学术的老师～
26534,608,董浙,2016-06-20 03:01:06,-1,2,3,有三四次作业没交，其它时候也是简单抄抄答案会怎么样
27114,608,董浙,2016-06-23 03:55:01,0,0,0,讲得挺清楚的
27182,608,董浙,2016-06-23 12:38:31,3,3,0,上课速度有点快，板书有点看不清楚，但是人很可爱，而且给分不错哦
30831,608,董浙,2016-07-02 15:06:03,0,2,2,蛮好的
30842,608,董浙,2016-07-02 15:49:22,0,2,2,给分比想象好太多 听说卷面三四十就可以及格 感人！
30844,608,董浙,2016-07-02 15:50:49,1,3,2,老师上课可能不算精彩吧  但是人很好，而且平时分很多，不会卡绩点的。推荐喜欢自学的同学上，给分真良心啊
30846,608,董浙,2016-07-02 15:51:32,1,3,2,老师讲课，认真听还是很好的，我挺喜欢的就是板书出神入化，低一下头，发现黑板上的什么都看不懂。老师给分还是很好的，总是提前五分钟下课，吃午饭不挤???
30851,608,董浙,2016-07-02 16:02:28,-2,1,3,一定要坐在第一排，否则，跟不上老师讲课速度，不过讲真给分良心！！
30856,608,董浙,2016-07-02 16:28:21,-4,1,5,讲课有点快。不过给分真是良心，只要平时作业按时交，怒赞！！
30900,608,董浙,2016-07-03 00:27:51,1,3,2,能得到这样的分，已经很满足，毕竟自己也没有学懂线代，感谢老师，都怪线代太难懂。
30902,608,董浙,2016-07-03 00:54:15,1,2,1,不讲废话.嗯
31804,608,董浙,2016-07-05 02:40:13,-1,1,2,作业改得真的炒鸡认真啊，给分也良心
31904,608,董浙,2016-07-05 06:27:08,7,9,2,不要走神……声音很小板书巨潦草。不过只要跟得上他的节奏还是能弄懂的。
32023,608,董浙,2016-07-05 11:43:06,2,3,1,给分可以
32857,608,董浙,2016-07-19 05:02:30,3,4,1,讲课特别快，把黑板当草稿纸。感觉老师是用心的，只是我和他智商鸿沟太大难以逾越，线代纯靠自学了
33293,608,董浙,2016-09-18 02:29:04,-1,1,2,爽歪歪
33296,608,董浙,2016-09-18 02:40:13,-5,1,6,非常可以
33324,608,董浙,2016-09-18 07:40:46,2,3,1,讲得不错\n\n
33826,608,董浙,2016-09-22 03:28:51,-1,2,3,后排，听不清，看不清，自学中
33830,608,董浙,2016-09-22 03:52:09,-12,2,14,完全不管学生。自顾自讲。声音又很小。字又很差。哎又得自学一门。
33940,608,董浙,2016-09-23 03:14:04,0,1,1,是一种飞起来的体验。困飞，板书不吐槽。
34342,608,董浙,2016-10-05 03:40:55,0,1,1,老师自己讲自己的
34532,608,董浙,2016-10-13 01:53:18,95,108,13,董老师病了，希望赶快好起来\n\n
34659,608,董浙,2016-10-17 12:02:42,5,6,1,他对少数民族学生很关照
34979,608,董浙,2016-10-28 01:37:30,22,24,2,老师水平很高啊，说话声音板书什么的根本不是问题，自己努力跟就好了。老师生病还坚持工作直到手术，没有理由不称为好老师。
36459,608,董浙,2016-11-14 02:33:20,3,3,0,强推(⊙o⊙)哦
40067,608,董浙,2016-12-29 05:02:01,2,2,0,全程念书，不点名，不如自学。
46108,608,董浙,2017-01-20 15:18:19,1,2,1,给分好
46706,608,董浙,2017-01-22 07:38:58,0,3,3,董浙老师讲的怎样我不敢恭维。不过点名表扬一下代课的周青龙大哥，给分真是超级好啊
47565,608,董浙,2017-01-31 13:49:34,3,4,1,希望董老师快点康复！
58099,608,董浙,2017-07-30 17:02:37,1,2,1,讲的非常非常清晰，讲课逻辑性很强；另外给分好；希望董老师早日康复
58978,608,董浙,2017-09-19 03:28:14,0,2,2,板书龙飞凤舞，不带废话，
64063,608,董浙,2017-12-21 00:21:14,11,12,1,一个老师有8点多，说明确实有很多人打了9分10分的，上课别带手机，认真听，老师逻辑极其紧密，讲的很细的，都不用预习就能学会。
64401,608,董浙,2017-12-23 08:09:21,1,2,1,董老师很可爱啊！我觉得讲得挺好的，只要你是课前预习过，上课能坐稳三节课的，没啥理由听不懂声音看不懂板书什么的吧……老师很喜欢在句末加一个上扬的“是吧？”哈哈哈哈哈
65411,608,董浙,2018-01-03 17:13:31,4,5,1,很好的老师，水平很高，课讲得很细致，但真心挺快，而且和学生没啥互动，上课让人想睡觉。好吧，我自己水平低，修不好线代不怪老师。。。
67042,608,董浙,2018-01-20 06:31:00,1,1,0,上课非常有条理，逻辑很清晰，就是话比较少，讲的也比较快。
67350,608,董浙,2018-01-21 01:56:50,-1,1,2,稳稳的  讲课很系统  速度很快， 这门课就是前面很抽象 课时又少， 老师人很好
67698,608,董浙,2018-01-22 05:27:29,-2,0,2,体验就是，十点的课让我感觉好困(¦3[▓▓]。速度快，讲题对于我这种渣渣来说不太清晰。不过老师人很好。
67844,608,董浙,2018-01-22 08:12:37,2,3,1,老师还是很棒的
68643,608,董浙,2018-01-23 14:10:40,2,3,1,老师是认真的，但个人觉得讲课是真的很一般。期中期末出分贼快。哎，个人线代绩点真的低。
82199,608,董浙,2018-07-09 06:53:22,25,31,6,虽然还没考试 先给老师一个满分 很有趣的老师 经常会开开玩笑的 线代嘛 大家上完课不懂可以去b站搜视频呀 我觉得结合老师上课讲的 完全ok的(就是不知道明天考的怎么样了orz) 老师说可以在出成绩前给他发邮件 他帮你再看看能不能弄高点分hhh 我觉得他的邮箱大概要被塞满了hhh 总之我是超喜欢老师的啦 话说我线代课居然一个学期一堂课都没有睡过 简直太神奇了 隔壁微积分几乎堂堂困到昏厥orz 4.8哈哈哈哈哈哈哈哈哈哈哈 我超喜欢董老师！认真听老师的课搭配b站张宇的考研数学视频食用更佳 祝后来选董老师课的大家都可以满绩哦～
82790,608,董浙,2018-07-09 06:46:49,0,1,1,出分好快，老师人超级好
82795,608,董浙,2018-07-09 06:52:57,3,3,0,老师人很好，也很幽默，就是上课节奏略快，助教小姐姐很负责，有耐心。期末考的差，绩点低是我自己垃圾了。
82815,608,董浙,2018-07-09 07:26:12,6,7,1,只有感激！只有感激！
87164,608,董浙,2018-09-21 05:08:10,2,4,2,劝大家在上课前几天做好提前预习二十页课本的准备，上课进程贼快，提前预习好后，可以保留几个问题，上课再认真听自己想知道的。板书字很小，建议带着问题闭着眼睛听课，有点小细节。不预习的话，你会体验到完全跟不上的绝望，最后只好破罐子破摔，把上课改成自习。还有，董老师是不点名的。
87363,608,董浙,2018-09-27 11:53:40,4,4,0,这确实是一个喜欢上课说悄悄话并在黑板上涂鸦的调皮的老师
88809,608,董浙,2018-11-08 11:48:29,34,39,5,好喜欢助教蒋金泽小哥哥鸭
89029,608,董浙,2018-11-14 09:32:43,4,4,0,很好，至少都能听得懂如果在前排
89141,608,董浙,2018-11-16 04:58:08,2,4,2,讲课很利落 速度虽然快点吧 但能学到更多内容嘛不是hhh 新晋男神~
91377,608,董浙,2018-12-07 04:58:01,11,11,0,老师讲的很好，只是我没有预习的习惯，就会有点窒息...（看到有人表白金叔叔哈哈哈哈）
92284,608,董浙,2018-12-27 12:01:53,12,13,1,吹爆助教金叔叔?
92290,608,董浙,2018-12-27 12:47:12,9,12,3,表白助教蒋金泽小哥哥+1 很负责～
92355,608,董浙,2018-12-28 03:28:09,23,24,1,董老师牛逼，助教牛逼
92368,608,董浙,2018-12-28 05:11:48,8,11,3,讲得很好，有点小幽默。但是声音有点小，一定要坐前排。挺儒雅的一个老师，助教金叔叔（蒋金泽）超帅。
92699,608,董浙,2019-01-04 00:46:36,10,14,4,表白助教蒋金泽，又帅又有实力，怪自己太贪玩，线代没学好，辜负了董老师和金叔叔
93620,608,董浙,2019-01-11 03:25:23,3,5,2,感觉董老师的数学水平极其高超，上课的时候不知道被他甩了几条街……
94780,608,董浙,2019-01-18 06:22:09,15,16,1,数学艺术家
95230,608,董浙,2019-01-19 05:24:18,13,14,1,还没出成绩，不过我肯定满不了了…董老师人真的很好，我发邮件问他题目他都会回答。助教金叔叔也很好，习题课没有执着于题目，会把自己的一些对数学的理解和课本外的更高层的东西讲给你听。\n\n董老师课上只要不走神一直跟着他的思路，学线代是没问题的（董老师讲课很有逻辑的，全程思路非常清晰）。我上课的时候跟着董老师写笔记，自我感觉这种方式挺好的。\n\n没满绩真的很遗憾…但是这是我个人的问题了哎。
95292,608,董浙,2019-01-19 06:57:28,16,21,5,刚刚考完线代就来了！董老师10分10分！董老师是一个非常好的老师了呢！老师上课讲的很详细，虽然速度有一点点快。但是对于我这种线代菜狗来说还是听的懂的。老师小测之前也会告诉大家，小测一般也只有两题。董老师看起来是一个严肃的老师，但是完全不是这样，有这理科男特有的幽默！还有老师的助教金叔叔也超级有趣！金叔叔讲习题时会有自己的见解，超棒！
95371,608,董浙,2019-01-19 09:28:56,0,3,3,董老师真的超可爱超棒 虽然我理解线代总是理解不了 但是这是我的问题以及教材的编撰问题 总之董老师超棒！
96183,608,董浙,2019-01-20 14:08:05,5,5,0,有点快，但老师人很好呀，建议课前预习下
96188,608,董浙,2019-01-20 14:09:16,11,12,1,讲的稍微有点快（但是期末就不会像其他班一样那么赶），人很有趣，会给你调分，小测好轻松，金叔叔很有趣。可惜绩点没有上4，但是也过了。还挺不错的
96201,608,董浙,2019-01-20 14:19:32,6,7,1,吹爆金叔叔！！！
96204,608,董浙,2019-01-20 14:20:55,1,5,4,老师给分挺好的
96206,608,董浙,2019-01-20 14:21:46,0,3,3,老师是真的好
96207,608,董浙,2019-01-20 14:21:57,6,6,0,感谢没让我挂
96212,608,董浙,2019-01-20 14:31:40,1,3,2,半学期没上课没做作业啥都没干考前一晚上疯狂速成半本书还没挂\n\n吹爆金叔叔和董老师哈哈哈哈哈\n\n老师上课其实认真听挺不错的 助教小哥哥也很好玩 然后今年期末考真挺水的 好好学人人能满绩：）
96214,608,董浙,2019-01-20 14:33:04,1,1,0,给分应该还是公正的，最后低是我自己的问题唉
96221,608,董浙,2019-01-20 14:36:40,2,2,0,表白董老师和金叔叔哈哈哈！董老师讲的很好呀，emmmm虽然上课有点快，但预习一下妥妥能跟上并听懂…然后助教xgg真的超可爱！！！讲题也很清晰，绝对能听懂！
96260,608,董浙,2019-01-20 15:18:55,-2,0,2,吹爆金叔叔。董老师很可爱，喜欢把话筒别在腰间，你会觉得话筒只是个摆设。
96270,608,董浙,2019-01-20 15:49:11,1,2,1,老师助教都很棒，是我不争气，没学好
96319,608,董浙,2019-01-20 23:44:39,-16,7,23,本来以为自己这么简单一张试卷总可以满吧结果只有4.5 ，估计是自己太浪了错了许多不该错的。不过还是感谢董老师和蒋助教，上课你只要提前有预习并且坐前排一定有非常好的效果，感谢他们一学期的陪伴，10分不说
96494,608,董浙,2019-01-21 05:12:48,-1,0,1,好老师！很认真负责
97020,608,董浙,2019-01-21 14:47:33,-6,7,13,挺可惜没有满绩\n\n表白董哥和金叔叔！
98163,608,董浙,2019-01-23 06:41:49,10,11,1,老师上课超级快，一定要做好预习，并且上课要跟着走。虽然快，而且也没有很多粉饰性的幽默，但不知道为什么就是很有意思。老师人很可爱，字很飘逸，经常一本正经地开玩笑，上课上到一半突然扯一件其他事然后又扯回来就是声音很小，要学的同学一定要坐前排。老师和出卷的老师关系很好，对考试内容把握得很好，平时也会考一些历年的题，并且很注重基础。很乐于回答同学们的问题，发邮件回得也很快，有一次回答同学们的问题下课在教室留了四十分钟。\n\n       然后是助教金叔叔，我一定要吹爆。不拘泥于题目，而是注重方法和数学思想的讲解，听了的话帮助很大。而且又帅又皮，讲题炒鸡有意思，为了他我愿意上三个小时的习题课！\n\n
98343,608,董浙,2019-01-23 10:46:15,3,3,0,老师给分太善良了啊啊啊
98762,608,董浙,2019-01-24 01:59:58,2,2,0,声音小。。。
99372,608,董浙,2019-01-24 15:38:47,-1,1,2,听不到
99513,608,董浙,2019-01-25 01:47:45,-1,1,2,老师很好很可爱，就是讲课有些快，我又容易走神，所以其实一学期基本上都是自学的。
100031,608,董浙,2019-01-25 13:00:10,4,5,1,老师很认真负责，有问题问都会耐心解答，就是上课不用麦克风声音比较小，不坐前排听不清，而且板书比较小又有些潦草，不容易看清。讲课速度也比较快，如果不提前预习的话，比较难跟上，但预习后听会觉得思路框架很清晰。老师可爱的地方在于经常会自己悄悄碎碎念，还会课上讲一点佛经2333 另外助教金叔叔也很不错啊经常讲一些自己的理解
100805,608,董浙,2019-03-07 10:32:32,2,2,0,给分略显较少，不过线代都这样，上课老师喜欢跟你说悄悄话
103502,608,董浙,2019-02-28 14:58:02,2,5,3,我爱董老师，吹爆啊~另外，上董老师课的，老师每次都会在风味吃饭哦！可以预谋邂逅呀~
105723,608,董浙,2019-04-19 02:01:05,3,6,3,助教小姐姐太强了，感觉比老师讲的好！！
111691,608,董浙,2019-07-02 14:18:16,0,2,2,老师是很典型的老实理科男，字极粗犷、讲得快，习惯了也感觉蛮呆萌可爱的\n\n唐梦玥助教个子小小的，讲得比老师更易懂?可能女生比较细心吧
111701,608,董浙,2019-07-02 14:50:41,3,4,1,老师讲的好 但是这门课 课前必须必须必须要预习！不然就像听天书\n\n顺便夸爆唐梦玥助教小姐姐！！！！\n\n再感谢一下老师和助教姐姐捞我
112051,608,董浙,2019-07-03 09:50:46,1,3,2,老师挺好的，上学期修的，结果4.8
119208,608,董浙,2019-11-11 07:50:04,3,5,2,大神级的人物，讲课很认真，很有耐心，助教蒋金泽小哥哥很幽默^ω^
126286,608,董浙,2020-09-22 01:52:23,4,5,1,老师讲得很好！讲课很清晰很明白的，没有废话。老董值得一个十分！（不知为何我总觉得他很可爱啊
126657,608,董浙,2020-10-12 05:25:59,0,1,1,求求啦把板书写明白点讲慢点吧救救孩子
126675,608,董浙,2020-10-13 04:36:19,0,1,1,老师很好，讲课逻辑十分清晰。而且人真的非常和蔼，感觉可以毫无压力的相处。该讲的东西也都讲了，上课只要跟着他的思路会经常惊讶于神奇的证明思路。
126893,608,董浙,2020-10-27 02:32:46,24,24,0,佛学大师😎
127181,608,董浙,2020-11-12 04:22:04,9,9,0,虽然没到期末给分的时候，但是老师上课思路活跃，狂草板书也蛮可爱的，对没来同学的无奈萌点满满
129498,608,董浙,2021-01-06 10:26:53,4,6,2,哇哇哇董浙老师男神，去看看教务评价系统里的照片就知道了！！！上课真的超级好，水平就是超级高，喜欢思路清晰没有废话的老师，才能把线代听懂。。。
130380,608,董浙,2021-01-21 13:24:16,4,7,3,初中同学的爸爸必须给满
130819,608,董浙,2021-01-24 17:34:30,7,8,1,看了董老师以前和现在照片的差距就知道学数学掉头发了
132495,608,董浙,2021-02-02 03:32:12,1,6,5,不调分，不调卡绩的，特殊情况导致的多扣分也不会改。MOOC分给的不错。但是分数的确有点惨淡……一个班180人，没人满绩，4.8的四个人……董老师的均绩在各个线代老师里是比较低的，所以大家要慎重考虑
134241,608,董浙,2021-03-20 16:40:32,5,8,3,哇居然选到了董老师的课\n\n三生有幸！
135755,608,董浙,2021-05-23 21:12:36,-24,9,33,以下内容不针对董老师，仅为我个人在学习线代过程中的疑惑;\n\n1.行列式为何要如此定义，它除了解方程组还有什么作用？\n\n2.矩阵的本质是什么，矩阵乘法为何要定义为前一个矩阵的行与后一个矩阵的列对应元素相乘，它的几何意义是什么？\n\n3.为何我只觉得教材在空降概念，逆序数，矩阵的秩，特征矩阵莫不是如此？\n\n4.为何我觉得教材上的证明佶屈聱牙，思路清奇\n\n5.为何我一学期上下来根本不明白自己学的到底是什么，到底用来干什么的，因为它既不“线性”，也不“代数”\n\n如果自称中国高校TOP3的浙大所开设的一门80%的人都要上的一面基础数学课连这些我认为对初学者来说至关重要的问题都无法回答，甚至上完后除了会算行列式和矩阵外啥都不会，我是否可以断言这门课程的体系设置是很不合理的；同时我注意到本校的线代教材已经使用了20年，这是否意味着线代的教学体系几十年来基本就没变过。\n\n最后，请允许我说，编教材的人是猪，数学科学学院的领导，全是🐖
135983,608,董浙,2021-06-07 12:28:11,1,3,2,董老师很可爱，上课也上得挺好的，很喜欢他
137463,608,董浙,2021-07-04 09:05:07,14,17,3,老师年轻的时候好帅……偶像剧里的学霸天才男主……
139000,608,董浙,2021-07-12 06:52:17,7,7,0,期末考试卷面总共写的题目才65分 结果成绩出来居然有73分😂😂
139069,608,董浙,2021-07-12 11:16:53,2,3,1,还不错
139106,608,董浙,2021-07-13 00:05:46,5,7,2,董浙老师yyds！学弟学妹们上线代课之前一定要把书过一遍（至少往后看二三十页的样子），上课不预习是对老师水平的极大浪费！*v*
140779,608,董浙,2021-09-16 03:56:48,0,4,4,大概讲着讲着一个扭头，声音消失术，又经典错过重点。加上一只草书大师的手，成功让我学废了QAQ
143702,608,董浙,2021-12-02 04:04:23,3,5,2,这是一个上课会讲佛经的无敌草书板书怪(╥╯﹏╰╥)ง
144257,608,董浙,2022-01-06 02:48:51,-7,6,13,真无语，发消息不回，重要的东西也不通知.
144536,608,董浙,2021-12-22 07:11:23,7,8,1,真的太帅了呀，直男心动
144628,608,董浙,2021-12-23 02:03:52,4,5,1,哈哈哈老师好可爱\n\n爱了爱了
144657,608,董浙,2021-12-23 03:52:32,-2,1,3,是我不配，听不懂
144721,608,董浙,2021-12-23 10:21:46,2,3,1,dzyyds
144984,608,董浙,2021-12-26 08:05:06,10,11,1,为人不苟言笑，即使参透数学人生，也不忘柴米油盐酱醋茶。
145025,608,董浙,2021-12-26 15:10:05,2,3,1,从不点名。讲课认真听能懂，虽然板书一言难尽，还会整理所有学的思路（虽然对我没啥用），佛学家。
147958,608,董浙,2022-01-11 08:16:20,9,10,1,给老子吹爆董浙！！！
147962,608,董浙,2022-01-11 08:21:33,3,4,1,感谢董老师捞我
147966,608,董浙,2022-01-11 08:25:20,8,11,3,神中神，期中68总评89
147974,608,董浙,2022-01-11 08:42:16,5,6,1,上课比较快但是思路很清晰\n\n要记笔记（智云对于手写板书不是很友好）\n\n给分好！\n\n吹爆！
147985,608,董浙,2022-01-11 09:04:43,9,10,1,喜欢讲悄悄话和涂鸦的老师\n\n一开始很难跟上，后来跟舍友一起看MIT线代和3B1B搞懂了线代到底是在干什么，随后如鱼得水（他5.0我4.5）\n\n没听懂的话也可以看看HZD的慕课，再去问问董老师\n\nY1S1，董老师年轻时真帅
147990,608,董浙,2022-01-11 09:07:57,10,11,1,董老师真的真的很强，上课把每个定理都证得很彻底，但是你不想好好学的话就别选他了，他不会来管你懂不懂的，想搞明白就得百分百认真听课。\n\np.s.总感觉董老师讲课有大师的感觉，境界也很不一般呢～
148020,608,董浙,2022-01-11 10:32:27,1,3,2,期末给加分也太棒了吧！
148022,608,董浙,2022-01-11 10:38:54,2,3,1,董浙老师真的是一位非常优秀的老师，虽然上课比较快，但对每个定理性质几乎都会进行证明，期末也有时间来给同学整理题型，平时作业留的也很少。上董老师的线代一定要预习，上课也尽量跟牢，不然会看不懂老师的板书。
148030,608,董浙,2022-01-11 11:19:02,3,4,1,老师上课真的没有一句废话 这有不好（譬如对我来说一直听容易犯困、讲到下个点了还没回过神）但也挺好（干净利索，舒舒服服，而且……有种说不出来的魅力）\n\n作业极少，但感觉挑的题目很好 期末复习课理了一遍帮助挺大\n\n给了我预期里最高的分数！谢谢老师！
148088,608,董浙,2022-01-11 13:03:21,0,1,1,好老师呀！讲课认真，三观端正，捞人大师
148102,608,董浙,2022-01-11 13:35:11,4,4,0,最好的老师，不说第二遍，有批判性思维
148118,608,董浙,2022-01-11 14:09:04,3,4,1,我爱董浙！！！成功拉高我的绩点！！！老师衣品真的踩在了我的审美点上！作业很少，选题很好，建议先预习，听课会发现你的疑惑可以全部在课堂上解答！！！
148196,608,董浙,2022-01-12 00:39:27,1,4,3,好！期中90期末90小测80+70慕课80，已经做好吃4.2的准备了，总评竟然有90，感谢我菠萝菠萝蜜男神捞我！
148222,608,董浙,2022-01-12 01:59:53,11,11,0,事了拂身去，深藏功与名！
148433,608,董浙,2022-01-12 12:36:19,8,10,2,总体上老师讲得是很好的，不说废话，但是偶尔会开玩笑活跃气氛，平时对除了教学之外的事情好像不怎么在意。不过对数学基础不太好的同学来说，一个是字有些潦草，另一个是说话发音偶尔有时候会语气很轻带过，听不清说了什么。这个嘛，要是真想学好线代，有相当程度上跟自己的行动也是分不开的，老师毕竟只是一个因素。\n\n当然我觉得大部分人都不怎么在意这个，所以说正经的。老师给分很好，我的最终分数比我的每一次考试和平时分都高，直接被捞。
150837,608,董浙,2022-02-19 09:30:12,1,4,3,目前最喜欢的老师没有之一，讲的是思维，喜欢！
151387,608,董浙,2022-03-02 03:23:50,2,4,2,老师很有水平 我数学不好 但是我爱了 董老师牛逼
152525,608,董浙,2022-04-14 03:58:29,-3,3,6,董浙老师真的好啊！！！
155060,608,董浙,2022-06-08 03:24:43,-1,3,4,emmm老师的知识储备很丰富 能看出他的高水平 但是本菜鸡一学期实在没听懂几节课 每节课的体验其实不是太好 讲得好快 草书好难看懂 对数学大佬应该是一种享受
155651,608,董浙,2022-06-15 04:08:53,0,4,4,老师讲的好，给分也好，作业交一次平时分就直接给满。
156947,608,董浙,2022-06-21 11:42:57,5,6,1,老师太可爱啦！！！很温柔很博学很有气质~就是讲话有时候会听不清楚，但不妨碍我对他的喜爱！
156948,608,董浙,2022-06-21 11:46:55,2,3,1,老师狠狠捞我呜呜呜感谢🙏非常感谢一定捞的很辛苦
156949,608,董浙,2022-06-21 11:46:56,8,8,0,dz硬是把我捞起来了！
156950,608,董浙,2022-06-21 11:59:08,0,1,1,很好的老师，讲课非常清晰，很有层次，很能抓重点，没有一味讲解知识本身，兼顾了学生应试的需求，给分也不错
157017,608,董浙,2022-06-21 14:56:10,-8,4,12,给分不好，在线代上花了很长时间，期中班级前五，期末班级前二十，最后才勉强上4。而且慕课由于系统问题扣的分也没有加上，玉玉了。
157027,608,董浙,2022-06-21 15:28:42,3,3,0,老师真的很可爱！沉迷佛学 最后还在群里发自己写的小楷经书 给分也是会捞的！
161899,608,董浙,2022-11-15 01:54:41,0,2,2,老师挺好的
162004,608,董浙,2022-11-16 02:30:21,-1,0,1,老师还是不错的，努力听能跟得上的，一些小的地方老师也会讲
162311,608,董浙,2022-11-20 02:28:53,1,3,2,太难了
163863,608,董浙,2022-12-16 09:14:53,4,4,0,老师很好，讲课非常有意思，总之跟着思路走的话，学到的很系统的
164060,608,董浙,2022-12-17 14:24:07,4,6,2,个人意见 董老师真的讲课讲的超级快，并且真的只顾自己讲，早十的也课超级想睡，但是你一睡就不知所云了。认真听也有所收获吧，只写黑板字，我是感觉有点难看懂。
164155,608,董浙,2022-12-18 13:12:13,2,3,1,老师不错捏
168923,608,董浙,2023-02-23 13:26:02,0,1,1,董老师上课很有趣，不拘泥于课本，也会讲一些很有意思的结论，助教gg心地善良，很会捞人，选他准没错。
168928,608,董浙,2023-02-23 14:10:37,0,1,1,老师讲的挺仔细 但是上课有点催眠 认真听课 认真做作业能拿到不错的成绩的
168929,608,董浙,2023-02-23 14:12:33,9,11,2,是真一点都不捞
169032,608,董浙,2023-02-24 05:25:47,16,17,1,对及格线以下的死命捞，对及格线以上的是一分不捞啊，极其求是。
169379,608,董浙,2023-02-26 00:51:05,0,1,1,讲课一般注重在定理的证明，人挺好的，给分正常，就是不合格会捞一下，但合格的就基本上是给原分，所以正常。
169554,608,董浙,2023-02-27 01:54:02,1,2,1,董老师人很好，也很捞\n\n讲课讲得很好，认真听会很有收获
169654,608,董浙,2023-02-27 09:23:04,0,2,2,老师很好，助教很好
170564,608,董浙,2023-03-06 14:26:41,2,3,1,嘿嘿，可爱的小老头。
173626,608,董浙,2023-05-30 12:54:13,7,11,4,真的没有人吐槽这个助教吗……
176324,608,董浙,2023-06-28 11:31:37,9,11,2,上课比较随性，从说话语气到一桌打扮都很有数学大佬的松弛感，喜欢循序渐进地证明定理，重视思维方法。\n\n坚持手写板书，一次三节课下来手都白了哈哈哈，虽然黑板上的草书有点难认，但是给我们展示过他抄的佛经，还自己调侃说比上课的字好看多了。\n\n期中考试后被一些低分同学气到点了一次名，还是5分钟限时雷达点名。
177094,608,董浙,2023-07-01 15:37:01,3,4,1,董老师 水平高！
177218,608,董浙,2023-07-02 09:19:55,6,7,1,老师人很好，思维清晰，水平也高. 缺点可能是上课跟同学们互动比较少，有点自顾自讲的感觉，加上他板书比较草，非常容易走神，不太适合数学一般的同学. 建议上董老师前先预习. 线代给分普遍比较求是.  不过我分数低更多是自己的问题。
180870,608,董浙,2023-09-27 10:09:09,1,9,8,助教满分！zyw小哥人超好的！！
182059,608,董浙,2023-11-09 07:03:00,2,3,1,捞是真的会捞的
185064,608,董浙,2023-12-26 05:09:55,5,5,0,思路清晰，讲课我是一直记笔记跟着走，基本没什么问题，助教很捞，为🐟文打call，董✌🏻我爱惨了
185167,608,董浙,2023-12-27 02:12:50,17,18,1,在鱼文助教的习题课，你不仅能体会0和1之间的爱恨情仇，甚至有一年一度的线代纸飞机杯，唯一可惜的是没有细说舔狗无解的爱情故事
187353,608,董浙,2024-01-15 14:34:49,0,3,3,其实不感觉特别出彩，只能说一个合格的教师该做的他都做的很好，我后期基本就没咋听了靠自学啥的。\n\n板书很乱，如果不是一直紧紧跟着讲课那基本上就看不懂板书了。但是该讲的都讲到了，总体感觉属于很严肃的讲法，上起来很累。\n\n助教基本上是和同学们打成一片的，会给作业手写的解析，卡的也不严，还没出成绩，希望捞捞我（）
188974,608,董浙,2024-01-21 03:37:11,3,4,1,及格了一分不捞，卡死我
188983,608,董浙,2024-01-21 04:35:05,2,2,0,一开始觉得线代课很无聊 后来才慢慢发觉老师手写板书的用心以及冷不丁出现的幽默感 上课体验挺不错的（前提是不要睡着或玩手机）
189008,608,董浙,2024-01-21 08:23:10,0,2,2,董浙教授yyds
189496,608,董浙,2024-01-25 03:35:12,1,1,0,手写板书，如果能耐心地听他讲，肯定能学到很多，感觉基础非常扎实。但是问题在于，线代期末考的考题感觉跟他平时讲的有点“关系不大”“教考分离”的意味，我平时坐第一排认真听课，但是到了期末复习做压轴题时却感觉有点一头雾水，几乎从来没有见过这样的题，这可能也跟平时的作业以及小测难度偏低有关。总之，建议平时除了认真听之外，还要给自己加点难度才行
190486,608,董浙,2024-03-05 13:54:47,2,3,1,很幽默风趣的老师
193135,608,董浙,2024-06-04 03:10:20,0,3,3,我微甲上挂掉的水平 浙夜硬是把我线代捞及格了！！平时上课因为是板书潦草的缘故没太听过，期末看mooc别的学校的老师复习的
194376,608,董浙,2024-06-23 12:46:15,3,4,1,好有意思的老师，我上大学第一节课就是他的线代，当时上课时间由九点五十改成十点，他还没记住，九点五十就上课了，然后下课也是提前十分钟的，之后有人提醒他才改过来\n\n无ppt，全部手写板书，字迹也不算潦草的，认真听能看懂。副作用是比较抽象，至少我相当长的时间内是基本听不懂的，直到看了MIT的课程才懂。\n\n老师会捞，但只捞不及格的，60+的貌似不怎么管\n\n水平应该是非常高的，这可能也是讲课比较难懂的原因之一吧，老师的数学思维已经比较深入了，对于我刚上大学的程度来说，有些太高深。建议不会的下课多去问问，老师很耐心的。
197441,608,董浙,2024-07-15 09:00:22,8,10,2,板书有点飘逸，我脑子笨就有点跟不上，所以后面都在挂其他老师的智云，搞过一次一分钟雷达点名，所以建议不要翘。\n\n期末给分超出预期了，感谢老师狠狠捞我
198565,608,董浙,2024-09-10 03:14:42,0,2,2,很清晰的思路，很详细，听得懂
199414,608,董浙,2024-09-23 06:54:45,6,7,1,很好的老师，使我的大脑旋转
199459,608,董浙,2024-09-25 00:22:03,6,8,2,思路比较清晰，但讲太快了，板书也有点飘逸，一走神或一停下来思考就跟不上了
199490,608,董浙,2024-09-24 12:50:55,12,14,2,一次没跟上整个学期就可以准备自学了，建议把董老师当作世外高人而不是老师，特别困惑的问题可以请教，对于想学知识的同学没有多大帮助。
201670,608,董浙,2024-11-05 08:43:06,4,6,2,在百度上搜索“董浙”，你会遇到不一样的体验（doge）
202283,608,董浙,2024-11-11 07:44:13,13,14,1,他是怎么用淡淡的死感的语调突然说出点名这么吓人的话的（好像突然明白为什么说他幽默了），大抵是平静地产生一种无厘头的疯感
203305,608,董浙,2024-11-19 03:50:12,5,6,1,怎么说，上课是一个人的表演，不是很友好
204471,608,董浙,2024-11-26 05:43:16,5,5,0,讲课非常快，听不懂（/(ㄒoㄒ)/~~）
206561,608,董浙,2024-12-16 06:05:38,2,3,1,讲课快？但还是比相同教材的另一个班慢两周的课程……什么原因？
209987,608,董浙,2025-01-07 23:26:30,-1,2,3,上课要认真听讲才能跟上，小测有保底机制不用很担心考砸。上课也会有一些补充题，搞懂老师上课讲的每道题期末考试你也能手到擒来
210266,608,董浙,2025-01-08 15:17:10,-6,2,8,捞人的神
210269,608,董浙,2025-01-08 15:36:09,1,3,2,世外高人
211123,608,董浙,2025-01-11 15:00:09,4,6,2,线性代数（甲） 上课真的很难跟上节奏，听下来感觉讲得整个线性代数体系框架很不完善，很多时候靠自学，不挂科的基本不捞，给分求是
211124,608,董浙,2025-01-11 01:02:19,0,3,3,老师挺好的，水平很高，有时讲一讲冷笑话。但是板书有点乱（坐后排看不清），然后讲课速度有点快。有两次小测（小测赋分，去了就有6/10）。点名说了有两次，但我们只点了一次，另一次的分送给我们了。个人感觉比较适合大佬吧，像我这种cb课后可能要花时间自己补一补。最后成绩也过得去吧，我这种水平3.9可以接受了
211125,608,董浙,2025-01-11 01:02:59,-3,2,5,感谢dz捞我
211126,608,董浙,2025-01-11 01:03:26,-4,3,7,会捞人的，我期末考38分都过了，推荐学习能力弱的选
211166,608,董浙,2025-01-11 03:04:00,-2,3,5,海底捞，捞了10分，那我也打10分（doge）
211170,608,董浙,2025-01-11 03:10:45,1,3,2,板书潦草，为人和善，给分求是，所以卡绩
211262,608,董浙,2025-01-11 05:48:20,4,6,2,上课很难跟上+板书完全看不懂+不捞，选到就是赚到！
211289,608,董浙,2025-01-11 06:40:47,0,3,3,我觉得挺好的
211358,608,董浙,2025-01-11 08:43:21,1,2,1,老师上课板书确实比较抽象，不过因为讲的基本都是书上的题，所以我对照一下能看懂。\n\n线代这课定理很多，主要还是自己看书学习+练题目为主，推荐练些历年卷，期末考难的证明有可能找到灵感。\n\n第一遍知识基本也是跟着董老师过下来的，不过一周一次课自己的感受是很容易忘，所以小测和期末考前推荐还是多自己复习。
211362,608,董浙,2025-01-11 08:47:43,2,3,1,讲课很难，可能根本不是给我这种菜鸡听的😭，板书很乱，给分很求是，捞不了一点
211520,608,董浙,2025-01-12 00:59:37,-11,4,15,老师很好，能讲懂，可惜我对自己的线代太有自信，考前摆了，喜提最低绩点3.6
211559,608,董浙,2025-01-12 02:19:47,4,4,0,考试全靠自学…
211620,608,董浙,2025-01-12 04:36:00,3,4,1,认真听可以感觉到老师是有水平的，但感觉一分心就容易更不上。\n\n点名只点了一次占两分，小测一共有两次，赋六分到十分。\n\n习题课主要以补充课外内容为主，基本听不懂，不过貌似对考试影响不大\n\n不过不知道是线代这门课的问题还是老师的问题，感觉有点教考分离，平时还是要自己多练一些题目，不懂的可以去问助教，遇见的两位助教都很热心
212088,608,董浙,2025-01-13 07:16:48,1,4,3,点了一次名，另一次点名算全班都到，虽然板书有点飘逸但讲得挺好的。期末被捞了嘻嘻，大爱
212326,608,董浙,2025-01-14 01:32:38,-5,4,9,教的好，给分也不错
213246,608,董浙,2025-01-16 12:53:05,3,3,0,点了一次名，学习的看自己
215008,608,董浙,2025-02-20 05:10:23,0,2,2,给分求是，大二下学期了线代还是最低的一门\n\n板书潦草\n\n感觉有点教考分离
215626,608,董浙,2025-03-03 04:23:03,1,1,0,怎么说吧，我考的还算不错，大体上的学习模式是看一遍书+听一遍mit的网课+听董老师上课讲例题+课后做书上的题，其实董老师的思维确实挺好的，能跟上他讲课确实挺锻炼思维能力和注意力的。其是，线代这东西，在数学系的老师眼里就是一个工具，他们似乎认为只需要教给你怎么去用，不用教给你为什么这么用，所以基本国内的所有线代教材都不会去讲线性代数的几何意义和实际应用，想了解的话，可以去b站上学。
217464,608,董浙,2025-04-10 23:55:09,1,3,2,纯靠自学
217559,608,董浙,2025-04-13 06:49:26,0,1,1,老师其实讲得很好的。一些定理都会讲证明。我觉得听老师的课对考试还是有帮助的诶~
218265,608,董浙,2025-04-22 08:53:29,0,1,1,上课例题讲的很通透，对考试很有帮助
325,618,梁克维,2015-03-15 00:53:32,-7,10,17,男神！
1907,618,梁克维,2015-03-26 05:36:32,3,25,22,课会很水，学到的不多，基本没有什么作业所以……但是人很好，非常好。给分也不错
8056,618,梁克维,2015-09-21 05:15:02,-2,5,7,挺好的老师2333
8060,618,梁克维,2015-09-17 01:02:22,79,102,23,课件错误很多，强调的重点模糊。最致命的一点是  原本很简单的一个点老是弄得很复杂。
8561,618,梁克维,2015-09-22 10:49:36,-1,3,4,刚上过，还好\n\n
8562,618,梁克维,2015-09-22 10:50:39,1,10,9,没听过，不知道，就觉得很帅
8563,618,梁克维,2015-09-22 10:51:33,-4,1,5,学术型
8716,618,梁克维,2015-09-24 09:37:00,0,5,5,又慢又碎叨
9264,618,梁克维,2015-10-19 07:40:08,17,34,17,还可以吧，人挺好，作业也少，就是讲课方面重点有点模糊
9354,618,梁克维,2015-10-23 05:07:26,8,12,4,人很好，上课慢但感觉没什么东西
9625,618,梁克维,2015-11-03 07:15:33,-2,3,5,非常好
11301,618,梁克维,2015-11-26 11:08:19,-3,2,5,讲的很好 经常会复习之前的知识 很棒
12332,618,梁克维,2015-12-23 03:49:10,0,3,3,还可以
12495,618,梁克维,2015-12-23 11:39:22,-1,2,3,好\n\n哈哈哈\n\n
13574,618,梁克维,2015-12-29 11:31:45,0,7,7,我是觉得挺好的，上课很认真，感觉挺单纯的一个老师，认真听感觉会学到很多。下个学期没法选他的课，挺舍不得的。
14376,618,梁克维,2016-01-06 14:52:40,1,5,4,太娘，太啰嗦
14972,618,梁克维,2016-01-11 10:07:56,-1,4,5,还行吧
15349,618,梁克维,2016-01-14 03:44:39,1,3,2,有点萌有点萌 ，课的话，我觉得大神不要选，但是程度不好的像我这样的老师的讲课速度是非常吃得消的。
16541,618,梁克维,2016-01-18 10:37:27,2,8,6,认真负责，很细致，但是我觉得讲得太慢太琐碎了～～
17685,618,梁克维,2016-01-20 15:42:09,5,9,4,考得超级屁，老师给我过了，我感到幸福
17693,618,梁克维,2016-01-20 15:49:27,-2,4,6,善良！给分好！以为过不了的微积分竟然过了！感动！
17700,618,梁克维,2016-01-20 16:04:14,-1,5,6,人敲级棒 最后拉了一把.
17701,618,梁克维,2016-01-20 16:08:20,0,3,3,讲得太慢，最后级数都还不太熟悉就去考了。
17708,618,梁克维,2016-01-20 16:26:07,-3,1,4,很好的老师，赞！
17775,618,梁克维,2016-01-23 00:49:42,1,6,5,给分不错
17815,618,梁克维,2016-01-21 02:12:51,-3,2,5,讲的细致长得帅给分好我渣成那样子的微积分都给过了，棒棒哒
17841,618,梁克维,2016-01-21 02:31:44,-3,3,6,非常好，非常详细
17896,618,梁克维,2016-01-21 03:31:45,3,4,1,还行吧，主要自学\n\n
17990,618,梁克维,2016-01-21 05:35:08,-2,4,6,给分良心
18023,618,梁克维,2016-01-21 06:17:21,0,3,3,最后一节课点名
18686,618,梁克维,2016-01-22 17:06:43,0,3,3,比较无聊
19254,618,梁克维,2016-01-23 16:11:07,1,7,6,评分：8\n\n硬件：数学大牛（有个人网站）、会秀英语（发音挺标准）\n\n软件：一身正气\n\n课堂：比较水，基本靠自学；最后一节课务必来听\n\n给分：挺客观的
19641,618,梁克维,2016-01-25 03:56:17,2,3,1,居然过了.....
20824,618,梁克维,2016-02-01 09:17:02,7,11,4,给分不高，而且上课错误比较多
21722,618,梁克维,2016-03-01 01:53:11,59,73,14,梁老师很负责地让我微I挂了，也让我充实地度过了一个春节，几乎所有的时间都用在复习准备补考上了，谢谢老师！良心！
21816,618,梁克维,2016-03-01 07:18:19,2,5,3,最后一节课点名了…上课讲的不太好…靠自学吧还是
23297,618,梁克维,2016-03-24 01:22:53,3,5,2,耿直boy…其实讲得还好，成绩什么的因为我自己太懒(￣▽￣)数学基本都不怎样
23469,618,梁克维,2016-03-31 00:17:56,6,7,1,讲的很细，但是有的地方没必要讲那么细，导致讲课真的慢。
23531,618,梁克维,2016-04-07 00:45:39,4,7,3,没勇气没资本的尽量不要选•﹏•
23671,618,梁克维,2016-04-12 03:01:17,3,15,12,我想知道这个老师的平时分怎么样？给的好吗？是比较客观吗？作业是只要上交就行，还是质量也算。我在上他的微二，求知道的人指点
23675,618,梁克维,2016-04-12 03:51:46,5,8,3,上课好慢.....zzzz自己看书比他讲快了两章
24068,618,梁克维,2016-04-26 12:52:09,-2,3,5,良心老师
24916,618,梁克维,2016-05-04 10:26:29,-5,0,5,详细严谨认真
24996,618,梁克维,2016-05-04 17:25:19,-2,4,6,感觉微2给分不好，微1给分好
25017,618,梁克维,2016-05-06 01:56:34,21,26,5,给分极差
27425,618,梁克维,2016-06-26 06:36:58,23,26,3,讲得不好，思路混乱，简单的题目讲很久，以为学生学不好，以不挂科为基点。
31515,618,梁克维,2016-07-04 04:54:19,-4,3,7,挺好的，上的速度不是很快，适合我这种基础差的，老师讲的挺清楚的，给分挺好的，几乎没写出什么给了3
31631,618,梁克维,2016-07-04 09:47:06,4,8,4,这个老师极差 知识点模糊 不关心学生 教学态度差
31806,618,梁克维,2016-07-05 02:42:12,5,8,3,给分真的感觉是你考几分给几分啊，而且讲课真的是效率很低，有时候真的不如自学刷题
32501,618,梁克维,2016-07-07 07:39:06,-4,2,6,拖堂大王
32688,618,梁克维,2018-01-21 15:17:43,40,45,5,说他讲课慢的请来听听数学软件这门课程。相信你会把评论删掉
32779,618,梁克维,2016-07-13 05:52:44,-1,3,4,还可以，需要勇气
32796,618,梁克维,2016-07-14 09:00:43,2,8,6,很差劲的老师 上课讲的挺差的 给分极差极大  建议有基础的同学选数学软件\n\n至于挂科的那位 表示同情\n\n一个星期本来就不能学多少
32797,618,梁克维,2016-07-14 09:53:48,-12,7,19,老师很负责，问问题都会很详细的解答。另外，挂科的你问问你自己学了多少。
32799,618,梁克维,2016-07-14 08:45:02,-4,6,10,讲课一般，我觉得数学软件难度就该这样，都是数学系的，有些基础就该自己打好。
32807,618,梁克维,2016-07-15 00:55:47,6,6,0,坑。。。
32808,618,梁克维,2016-07-15 01:30:35,0,4,4,给分无语
32809,618,梁克维,2016-07-15 01:40:14,-10,6,16,短学期的数学软件上得如噩梦一般，上课讲得难，作业布置得太超前完全不会，考试虽然简单，但考的基本上全是上课没讲过的软件操作细节。\n\n不过给分确实不错，感觉自己作业考试都一般最后居然满了，打个8分吧。
32810,618,梁克维,2016-07-15 02:03:33,1,3,2,课不错，作业有难度
32811,618,梁克维,2016-07-15 02:11:04,-8,2,10,平时上得难，考试还是挺简单的。\n\n
32819,618,梁克维,2016-07-15 17:29:42,5,9,4,考试，作业都和上课内容关系不大，最后成绩考多少给多少，不知道他有没有看我们辛辛苦苦做的作业，建议后面想选数学软件的同学花点时间自学matlab就可以了，不用浪费时间在这门课上，还容易坑了自己的绩点
32876,618,梁克维,2016-07-20 08:15:14,3,10,7,讲真短学期的课作业真心痛苦。
32906,618,梁克维,2016-07-28 04:31:18,19,22,3,这个老师让我明白了什么是荒诞的人生。
37932,618,梁克维,2016-11-22 04:27:56,-3,4,7,自己不水的话老师绝对好老师
48756,618,梁克维,2017-03-11 16:16:39,10,15,5,if，你选上了梁老师的微二，上课别听，自己看课本，效率比听课高。选梁老师的课能锻炼自学能力，还是不错的(￢_￢)
56166,618,梁克维,2017-07-03 07:52:30,4,8,4,妥妥绩杀，辛苦奋斗一年的得来的绩点就被他给毁了。还有，微2微3合并真是要人命?
56482,618,梁克维,2017-07-04 01:26:37,4,6,2,自我感觉老师很不负责任，大作业没交就已经给成绩了，平常作业根本没用，就看考试，平常作业随便布置，想到什么做什么
59684,618,梁克维,2017-09-26 01:42:33,5,9,4,极度死板，一个重修免听死活不签字
59789,618,梁克维,2017-11-13 01:47:47,-15,5,20,改作业真的很仔细，讲的也很细。我觉得数学弱的同学选择梁老师是一种很不错的选择。为老师打call～
60554,618,梁克维,2017-10-24 03:40:02,7,15,8,毁人不倦梁克维
61239,618,梁克维,2017-11-13 01:47:18,6,12,6,上课没把考试内容讲完\n\n上课只会读讲义\n\n还会读错\n\n极其不负责任！\n\n顶上去让大家看见。\n\n
61438,618,梁克维,2017-11-17 08:21:45,11,15,4,不负责任 期中考试只讲了两章 把锅全甩给人家胡贤良...
61869,618,梁克维,2017-11-21 10:26:30,-5,2,7,老师很棒啊，上课很负责，给分也很棒
61898,618,梁克维,2017-11-21 12:43:35,4,6,2,常微分垃圾老师，考试题十道题出错了三道题，最后给分还比别的老师低很多，不要选，讲的还不好
62068,618,梁克维,2017-11-22 10:29:31,-3,3,6,非常好，非常清晰，我非常喜欢，非常适合我
65091,618,梁克维,2017-12-28 15:39:32,3,3,0,呵呵呵，怀念童姥姥
69406,618,梁克维,2018-01-24 15:17:40,-1,3,4,水平还行\n\n人挺好吧
74024,618,梁克维,2018-02-04 09:23:27,11,15,4,毁人不倦梁克维
74971,618,梁克维,2018-03-07 01:49:03,5,7,2,讲得比较菜
75453,618,梁克维,2018-03-12 04:13:10,3,5,2,感觉重点啥的都很模糊，听课时很难捋清来龙去脉，而且课上小错误比较多。
79276,618,梁克维,2018-07-07 15:11:25,6,9,3,垃圾老师?‍?
80463,618,梁克维,2018-06-27 01:07:19,8,10,2,上课没有深度，微2简单题能讲很久，感觉就是自己不熟，上课一直讲课本，重点不清，学生成绩不好，就从学生身上找问题，什么上课不认真听、迟到等等，但没有怀疑自己，感觉不好。
81335,618,梁克维,2018-07-04 23:01:52,4,6,2,科学计算 一个学期布置两次作业 服了
81364,618,梁克维,2018-07-05 02:20:27,0,6,6,讲的很好，期末考很基础，挺简单，但是我还是考差了，哭。老师，明年见。
81566,618,梁克维,2018-07-05 12:14:30,4,5,1,。。。
81617,618,梁克维,2018-07-05 14:30:45,13,17,4,目中无人，不知所云。来浙大听过最烂的课，没有之一。
81656,618,梁克维,2018-07-05 17:13:43,5,9,4,科学计算早上考晚上就出分，给分不怎么好，不会调分的。上课讲的也很模糊，主要靠自学，考前背公式。
81677,618,梁克维,2018-07-06 00:35:09,-1,3,4,考试很基础，主要靠背书
84885,618,梁克维,2018-07-14 07:47:35,25,31,6,贼差，数学软件每天作业这么多怎么写
85062,618,梁克维,2018-07-15 08:00:13,12,17,5,我倒了八辈子血霉选了数学软件不选数学史，甚至想选数学shi
85074,618,梁克维,2018-07-15 08:35:30,4,8,4,学弟学妹们！千万千万别选他的课！！！记住学长学姐的血泪教训！！！
85132,618,梁克维,2018-07-15 15:09:11,8,11,3,我现在流的泪，都是选课的时候脑子里进的水
85217,618,梁克维,2018-07-16 09:48:50,-14,4,18,整体感觉就是他在科普，而我们在把他讲的东西完全弄清楚。    念在今天作业减少，那就给个10分吧…?
85305,618,梁克维,2018-07-17 01:42:07,12,15,3,emm别的不想说，既然一定要我们来机房，老师或者助教好歹来一个吧，有问题想找人也找不到
85357,618,梁克维,2018-07-17 08:10:31,11,14,3,数学软件上课只有他一个人自说自话，下面一片茫然，他自己不尴尬的吗？对一个不懂回归分析，偏微分之类的菜鸡来说，上这种课简直是折磨，多到死的作业也就不说了吧
85398,618,梁克维,2018-07-17 11:41:03,16,17,1,千万不要选数学软件这门课，不如回去自学吧
85518,618,梁克维,2018-07-19 01:18:53,7,10,3,数学软件屁事一堆，又讲不清楚，课件错误还很多。
85521,618,梁克维,2018-07-19 01:55:32,24,25,1,学弟学妹选数学软件一定要慎重，千万不要为了多了一学分退数学史。先说上课，老师上课喜欢自嗨，一天讲完LaTeX，剩下时间讲几个大题目，但说实话讲得很快很随意，没有基础根本听不懂。再说作业，第一天布置LaTeX作业做他的备课笔记，后面一天一个小组作业，难度中偏上，但需要花很多很多时间。最后有一个大作业，题目说的模棱两可让同学鹅颈，还要去玉泉交纸质版报告。我不知道这么多作业老师或助教会不会看。最后说一句，老师因为看世界杯忘了传ppt，你们自己考虑吧。
85542,618,梁克维,2018-07-19 06:22:31,2,5,3,数学软件就是个坑
86337,618,梁克维,2018-09-13 12:08:26,6,8,2,学弟学妹乖乖去选数学史吧\n\n数学软件毁我人生\n\n
86346,618,梁克维,2019-09-23 00:09:12,13,16,3,你? ? ? ，崽种
86372,618,梁克维,2018-09-14 07:56:14,3,5,2,别选数学软件，坑死
86388,618,梁克维,2018-09-14 13:20:10,3,6,3,梁老师是魔鬼
86396,618,梁克维,2018-09-15 02:35:26,2,4,2,数学软件上课根本没用，就考你的matlab能力，上课难到死，考试跟上课没关系，反正是被坑死了，选数学史去吧
86776,618,梁克维,2018-09-18 14:30:19,2,3,1,简直无语，上课乱讲，作业随便布置，根本都不相关，千万不要选他的数学软件，一定不要选，一定不要选
87630,618,梁克维,2018-10-08 15:47:43,3,3,0,微二点两次名，后半学期。点名是早上上课前，上课截止，迟到就算旷课。我两次均迟到了，总分就没了五分。梁老师让我知道了按时到课的重要性。虽然我至今没改掉迟到的毛病，呵呵
87861,618,梁克维,2018-10-16 05:47:53,1,4,3,数学软件除了第一天介绍LaTeX全程懵逼。平时作业挺难的，大作业不知道让人写什么。但是（画重点），我觉得他给分并不看你的作业情况，只和考试有关。考试就是考LaTeX和matlab的基本操作。这么说吧，这门课你学不到什么，但是掌握了LaTeX和matlab的基本操作后考试好好考绩点就应该挺好的。
89309,618,梁克维,2018-11-18 09:13:38,1,2,1,垃圾?
96665,618,梁克维,2019-01-21 08:52:00,2,3,1,数学软件这均绩……是假的吧……被坑惨了
102367,618,梁克维,2019-02-01 08:59:03,5,7,2,莫名其妙，讲课经常卡顿问他问题敷衍了事，目中无人自以为是，以为自己一副有为青年的样子，给分完全看考试。嗯数学软件你们自己看着办吧
105051,618,梁克维,2019-06-12 02:41:09,-3,3,6,人还挺好的⑧
105052,618,梁克维,2019-04-03 02:48:25,5,9,4,感觉自己屌屌的是吗，感觉一页五张图和五页五张图不一样是吗，感觉matlab巨巨简单是吗。有为青年lkw nmsl哦
108776,618,梁克维,2019-06-02 02:38:21,1,3,2,呵，科学计算讲不清楚，感觉他自己理解的也不深
108964,618,梁克维,2019-06-05 00:25:38,-2,0,2,人生如梦
109549,618,梁克维,2019-06-17 02:34:48,6,7,1,老师上课经常有错误，而且解题证明速度极慢，感觉自己准备的不够充分，课后去和他讨论纠错他也不会再和同学澄清。微2整个班级大教室一共28个人，上课没什么氛围，主要靠自己看书。有时候讲的还可以但是和好的老师真的没法比。怎么说，希望老师上课更加认真一些吧，节奏也可以调整一下。(第一次差评。。。。)
109744,618,梁克维,2019-06-19 03:29:22,7,9,2,诸位来上科学计算，有两个问题要问问自己：老师上课讲了什么？老师期末讲到了哪里？
110459,618,梁克维,2019-06-27 02:28:30,1,3,2,微2结束了\n\n希望老师放过我给我一个愉快的暑假吧
112746,618,梁克维,2019-07-05 01:59:11,2,5,3,再好的学校也有垃圾老师
112766,618,梁克维,2019-07-05 02:46:31,2,4,2,不如中暑
113001,618,梁克维,2019-07-05 17:22:05,3,5,2,体验极差
113373,618,梁克维,2019-09-23 00:08:19,46,55,9,讲台上栓条狗都比他强
113932,618,梁克维,2019-07-08 01:22:09,4,7,3,老师请问你听得懂自己在讲什么吗？
113954,618,梁克维,2019-07-08 02:33:27,4,5,1,老师花一上午教你们pde降噪，你们却只记住了salt-pepper？
114418,618,梁克维,2019-07-10 01:25:52,7,7,0,你上你?的数学软件 明天之后老子和你死生不复相见
114485,618,梁克维,2019-07-10 05:24:58,3,5,2,您是魔鬼吗
114718,618,梁克维,2019-07-11 06:10:46,5,5,0,不如失学
114752,618,梁克维,2019-07-11 09:28:05,6,6,0,不要选他的课
115453,618,梁克维,2019-07-25 00:48:16,0,3,3,诸多槽点
115830,618,梁克维,2019-08-20 16:25:12,2,3,1,呵呵呵
115892,618,梁克维,2019-08-23 14:30:31,-1,1,2,我为什么不去写诗？
117298,618,梁克维,2019-09-22 23:18:22,1,3,2,数学软件很好啊，跟我们讲前沿的东西，告诉我们数学有什么用，发自内心地想让我们更好，还很乐意跟我们探讨问题，给分也很好！
117303,618,梁克维,2019-09-23 00:51:54,1,3,2,数学软件，不知所云，老师看起来好牛逼的亚子，老师讲的东西看起来好牛逼的亚子，老师布置的作业看起来好牛逼的亚子，可就是听不懂。。大佬们听懂了吗？给分似乎还可以？反正考试考的贼简单，大作业别抄就行了吧
117314,618,梁克维,2019-09-23 02:02:56,-1,3,4,讲的是真差 但给分还是不错的
117326,618,梁克维,2019-09-23 03:06:06,0,2,2,讲的是不咋地，上课貌似没点过名，今年作业比去年少了点，给分还不错
117463,618,梁克维,2019-09-24 23:13:43,-4,3,7,说说数学软件，上课确实涉及到偏微分等可能没学过的，但其实涉及的东西并不深，认真听还是不难理解的吧。作业量个人觉得还好，我做的不算快的，每天做完基本还有不少时间划划水。Matlab涉及的操作也是比较基本的。至于大作业，给的课题都有现成结果，最后没做出新花样给分也挺好。老师后边还会讲讲人工智能什么的拓展，可听可不听
125181,618,梁克维,2020-09-03 05:32:15,-1,3,4,就网课简单评价一下，上课节奏掌握比较不好，布置的作业明显简单于期末考试，综合说来就是教学水平相比其它老师有欠缺，但是人还是好的，就凭把我海底捞，给个9分
126847,618,梁克维,2020-10-23 15:45:10,1,2,1,上他的课从第二节开始就听不懂了，搞得我还要额外去蹭别的老师的课。他讲的很快，比别的老师快了整整一章！一章！根本就跟不上，一个很简单的知识点让他讲的很是麻烦。
128484,618,梁克维,2020-12-23 10:58:29,4,5,1,为什么只有你的微积分评分不及格
129839,618,梁克维,2021-01-13 01:33:28,3,5,2,恶心人，申请个免听都处处刁难人，本来学校都通知不需要纸质申请了，他偏不行，让人去盖章，好，章盖完了又耍人，又不行，这完全就是耍你刁难人，恶心的要死
130525,618,梁克维,2021-01-23 11:49:33,1,5,4,有一说一，这个lkw是真的不行，这里给大家提个醒，尽量别选他的课。当然，如果你们想自学来提高难度的话，我无话可说。
130906,618,梁克维,2021-01-25 08:05:40,4,6,2,给分可以的！
130998,618,梁克维,2021-01-25 13:34:56,16,20,4,梁克维老师，yysy，给分挺不错的，会捞人，考的不是太差不会挂科。数学素养非常好，数学能力非常强，适合搞科研，但是不太适合搞教学。作业特别少，没地方刷题，选择lkw，就是选择自学微积分。\n\n上过十大，可查询。（另附专属表情包一张）
131212,618,梁克维,2021-01-26 14:17:01,5,7,2,老师其实很负责任，人也不错，会和学生讨论问题，有问必答，至于讲课…微积分甲1我基本是自学的😂。认真学，分应该是可以的。（另：助教好评🙃）
131224,618,梁克维,2021-01-26 15:35:42,-1,2,3,真的水
131612,618,梁克维,2021-01-28 07:16:00,-3,0,3,老师很认真很负责，但是水平确实也不太行
131948,618,梁克维,2021-01-29 12:33:26,3,3,0,老师人真的挺好，但课感觉讲得很基础，没有拓展，PPT时不时也会有小错误，不怎么推荐。不过助教小姐姐超可爱！
132521,618,梁克维,2021-02-02 05:48:19,-2,2,4,fw。
132665,618,梁克维,2021-02-03 08:05:24,-6,0,6,恶心，你是机器人？死板的要死
133535,618,梁克维,2021-03-02 02:01:23,8,9,1,梁克维事少作业少，给分好，助教小姐姐好评\n\n只是需要自学
133683,618,梁克维,2021-03-03 16:01:39,-1,4,5,各位学弟学妹都是很聪明的，平时多抽点时间自学，刷刷题，能拿个很好的成绩，这课不听也罢了\n\n死活不给免听，三次点名不到不给平时成绩，不想说什么了
133699,618,梁克维,2021-03-04 03:14:33,2,4,2,选上他的课建议及时开始自学。给分其实很好，但是比较适合自学。
133989,618,梁克维,2021-03-11 09:19:37,3,8,5,之前这个老师其他课可能上的不好，但是这个老师的微积分是上的很好的，放心选就好，作业不多，上课讲的很清楚
134440,618,梁克维,2021-03-29 00:51:55,0,3,3,1分 不需要理由
136570,618,梁克维,2021-06-21 07:01:55,0,2,2,极度自以为是，以为自己讲的很好
140598,618,梁克维,2021-09-14 06:18:54,-2,1,3,无语了
141218,618,梁克维,2021-09-26 15:33:50,-7,3,10,实验课一次没去最后满绩，10分不解释
143971,618,梁克维,2021-12-14 16:21:13,-1,1,2,最低绩点，上课没有深度又乱七八糟，唯一的有点就是微积分作业少。
146981,618,梁克维,2022-01-08 09:28:42,4,6,2,老师很负责任，事情也少，作业也少，只要你平时作业认真做了，小测好好考，期中期末正常发挥，绩点上4.2一点也不难，我21届的，平时没卷过，每次考试前翻翻书，掌握一些公式，其实微积分挺简单的，选他没错！
152004,618,梁克维,2022-03-23 02:36:51,-1,1,2,上了四周，老师蛮负责的不知道为什么恶评那么多。至于教学水平不好，我微积分上选的还是评价很高的老师，照样自学补天。
154594,618,梁克维,2022-06-02 10:42:08,0,1,1,哈哈哈哈
157366,618,梁克维,2022-06-23 05:16:49,3,4,1,呵呵 给分有点离谱，而且上课就是念数分课本(搬进来ppt?)，例题顺序基本一样。历年题做完了小测期中都挺好，期末11证明题不会😓比不过平常不学期末突击一天的舍友
160668,618,梁克维,2022-09-30 02:12:44,2,4,2,怎么有水平这么差的老师？
160819,618,梁克维,2022-10-14 03:10:48,-2,1,3,fw.
168992,618,梁克维,2023-02-24 02:53:27,5,5,0,梁老师给我的感觉是一位态度很认真，很负责任的老师，评分不应该这么低分。
174335,618,梁克维,2023-06-09 15:52:22,1,2,1,基本上是书上的内容，偶尔会有拓展，想摆烂的可以尝试一下。但助教的习题课讲的真的很好
193857,618,梁克维,2024-06-20 09:21:07,-1,1,2,抽样调查给分太好了！
218497,618,梁克维,2025-04-24 04:43:49,0,1,1,讲机器学习自己都讲不明白，研究生课程还每节都位置签到，难平
50,629,蔡天新,2015-03-14 15:32:34,51,67,16,课很无趣
900,629,蔡天新,2015-03-18 13:29:40,14,21,7,真的很无趣
2548,629,蔡天新,2015-05-04 13:49:05,30,39,9,上课无聊，而且自我感觉良好。。。还有点不太负责任……
6942,629,蔡天新,2015-08-22 15:41:13,-14,7,21,还好，能听懂
21407,629,蔡天新,2016-02-28 15:13:59,24,29,5,无言以对
26043,629,蔡天新,2016-06-15 07:42:55,13,18,5,如此爱自吹 可惜同学们都在静静玩手机！
26062,629,蔡天新,2016-06-15 09:32:35,14,19,5,大学最坑爹的一门通识
26996,629,蔡天新,2016-06-22 06:04:04,7,14,7,老师不点名啊…考试是开卷，再一篇小论文
28479,629,蔡天新,2016-07-04 03:32:32,-15,7,22,还可以
28537,629,蔡天新,2016-06-28 09:59:43,-25,6,31,上的数论课，经常会讲一些探索性问题，认真听很有收获的。诗人还是挺好的。
29777,629,蔡天新,2016-06-30 10:01:31,-32,8,40,老师讲的很不错~但是数学与人类文明课上韩国留学生们素质堪忧…希望对老师多点尊重  哪怕只是一门绝大多数人想要水水过的通识 老师也是在用心讲 嗯
30427,629,蔡天新,2016-07-01 14:21:39,-11,7,18,数论课学到很多。就是最后给分低些。
30639,629,蔡天新,2016-07-02 06:05:36,13,17,4,数学与人类文明，给分真的低，2.7\n\n上课看ppt和视频，有点无聊。
31860,629,蔡天新,2016-07-05 04:31:31,13,19,6,很无聊。很分也很差。每节课就在讲自己的PPT，对想要做展示的同学选的主题百般挑剔，于是我直接不想做展示了…按他说的主题写的论文，分数还那么差…
32800,629,蔡天新,2016-12-28 04:11:16,7,13,6,无聊～
32818,629,蔡天新,2016-07-15 15:06:54,32,36,4,垃圾老师，枉我钱财，费我青春。35分钟让你写10道简答题，提前交卷加分，最后几名交卷扣分。\n\n真希望明年没有一个人选他的课。
38770,629,蔡天新,2017-01-04 11:02:50,26,30,4,上知乎你就知道他是一个怎样的人了，丢脸丢到国外去了
42068,629,蔡天新,2017-01-13 13:35:49,19,20,1,根本不像浙大的老师，极差！！！
55047,629,蔡天新,2017-06-30 16:34:56,-10,8,18,数论上的很好，经常会讲一些探索性的问题供同学思考
56392,629,蔡天新,2017-08-29 03:53:11,9,11,2,很绝望
56415,629,蔡天新,2017-07-06 01:18:40,12,17,5,最差劲老师，没有之一
57514,629,蔡天新,2017-07-09 05:26:21,-19,3,22,蔡天新老师声音很好听～
57744,629,蔡天新,2017-07-13 15:27:03,1,6,5,听蔡诗人吹牛是一种怎样的体验？
58243,629,蔡天新,2017-08-27 11:21:15,-20,2,22,还可以
59048,629,蔡天新,2017-09-19 08:07:21,8,12,4,一直按时交作业，期末考试我觉得考的也还不错(也可能是我自我感觉良好了hhh)，到最后给分真的……不知道发生了什么
60936,629,蔡天新,2017-11-03 08:39:30,13,17,4,胡吹乱侃，没有丝毫师德，上他的课就是浪费时间，很奇怪浙大怎么会有这样的人做老师
61738,629,蔡天新,2017-11-20 12:41:35,12,15,3,无聊自大，给分不好
61884,629,蔡天新,2017-11-21 11:12:18,7,9,2,无语了
65720,629,蔡天新,2018-01-17 22:55:20,3,12,9,上课真的很水，第一节课有发言环节的时候一定要积极，因为后面就没有了。然后接下来一个短学期的课就可以爱干嘛干嘛了，论文规定了上限2000字避免恶竞，所以楼上那个近万字的才会gg，最后一节课的时候会有随堂测验，开卷，之前把书翻一遍就可以了。最后绩点还不错。
65836,629,蔡天新,2018-11-21 00:45:34,-42,12,54,浙大最好的老师\n\n没有之一
66424,629,蔡天新,2018-01-16 08:28:10,-25,6,31,开心啊 第一门通识就4.8啦！！！！论文认真写，挑新颖的点子 开卷考认真看一遍书就很ok啦 期末考核很简单 课……很水哒！！！主要是如果你期末考提前交卷还会有加分的哦！！
66515,629,蔡天新,2018-01-17 06:09:43,4,7,3,绩点什么鬼。。。有毒吧。。。
66527,629,蔡天新,2018-01-17 07:22:44,41,54,13,这门课给了我很大的痛苦\n\n这门课上认识了前女友但最近分手，很不开心\n\n今天看到绩点，以后均绩上4无望了\n\n
66545,629,蔡天新,2018-01-17 08:26:36,-14,3,17,真的挺难受的，在小测验前进行了复习。用了两周的时间写论文，从主题到构思框架找分论点再到找文献找论据，一个字一个字的敲上去，论文写了将近一万字，最后绩点给的这么低，真的太难受了！！！为了论文的逻辑没问题，简直是连吃饭都在想写论文，最后给分怎么能这样呢！\n\n我用心去写论文，可是老师却看不到我的用心。我真心去欣赏老师的摄影与点滴，可是老师却无视我的努力！！！
66547,629,蔡天新,2018-01-17 08:28:21,6,9,3,绩杀。。。\n\n低到吓人。。。\n\n慎选。。。
66550,629,蔡天新,2018-01-17 08:34:20,-7,9,16,哈哈哈挺有趣的，一门历史与数学结合的课，布置的论文字数也不多，限制了上限2000字，避免了恶性竞争。最后的考试只要熟悉课本就能稳稳过啦。
66552,629,蔡天新,2018-01-17 08:35:23,9,12,3,给分我简直无语了，提前交卷还有加分，这是什么操作，上课还很无聊，给分极差3，绩杀
66553,629,蔡天新,2018-01-17 08:42:22,5,9,4,给分神奇
66570,629,蔡天新,2018-01-17 10:02:07,-3,5,8,上课其实不必怎么听，考前复习一下，然后论文认真写就可以了。
66703,629,蔡天新,2018-01-18 11:21:29,-13,7,20,不知怎么滴，考试的时候连题目都看不清，都有4.2。\n\n老师很有文化，广见博识，上课能学到很多，牛逼的一个老师
67567,629,蔡天新,2018-01-21 13:59:16,5,7,2,论文认真写了，第一节课也发言了，每节课也都到了，最后测验也认真做了，提前五分钟交卷..但是绩点真的...不是...特别...理想...有些难过.....
74295,629,蔡天新,2018-02-10 00:20:45,18,20,2,不愿动脑子做科研，所以哗众取宠，浙大的败类，为什么浙大比不过其他学校，就是这种垃圾起了作用
76143,629,蔡天新,2018-03-28 00:39:31,5,8,3,啥都不懂只靠吹，逼学生买他没用的恶心书
78885,629,蔡天新,2018-05-16 07:14:18,4,7,3,蔡天新水平真的很垃圾...一个混子
80756,629,蔡天新,2018-06-30 10:53:11,6,10,4,自吹自擂，极无耻，翻译剽窃老外数学史的书当自己著作。根本不懂数学。
81996,629,蔡天新,2018-07-06 20:35:33,4,7,3,令人恶心
81999,629,蔡天新,2018-07-06 22:45:46,7,7,0,千万不要选他的数论导引 给分乱给 极低无比 学生的GPA可以一瞬间被他毁掉 极不负责任的老师
82000,629,蔡天新,2018-07-15 07:05:59,6,9,3,讲的还行 给分差 刷绩点的别选
83130,629,蔡天新,2019-11-12 07:38:13,18,22,4,蔡诗人真的是数学系第一混子
83255,629,蔡天新,2018-07-10 03:37:43,6,7,1,啥也不说了，也不想说什么
85322,629,蔡天新,2018-07-17 04:02:15,7,10,3,给你一个眼神，自己体会?\n\n大学最迷的考试，没有之一。目测明年要重修数学史
86305,629,蔡天新,2018-09-13 04:22:48,-8,0,8,一般般
87535,629,蔡天新,2018-10-03 06:11:09,3,4,1,唉……
87538,629,蔡天新,2018-10-03 11:32:28,3,6,3,呵呵→_→
87563,629,蔡天新,2018-10-06 05:38:36,-11,3,14,数学史满了。上课从来没去过，写论文的经验是，找几本经典的不是他的数学史的书看看，挑感兴趣的topic就行了，同时语言最好有点诗意。毕竟是按论文给分的课。
89867,629,蔡天新,2018-11-21 05:26:56,19,21,2,第一节课就迟到 两百个人等您老人家一个？？？
93364,629,蔡天新,2019-01-09 07:49:37,5,6,1,老师是真的不好，但是作为一个数学的狂热爱好者，数学与人类文明本身还是很有意思的，串起了一整个数学知识体系
98201,629,蔡天新,2019-01-23 07:33:54,9,10,1,不好说，只是你为啥到现在还不出分数
99121,629,蔡天新,2019-01-24 09:45:54,2,5,3,垃圾老师，简直是浙大数学系的败类
99491,629,蔡天新,2019-01-25 01:04:43,3,7,4,真的垃圾，论文认真写，考试认真考，反手给一个2.4，拉低均绩0.15。浙大不配有这样的数学老师
99492,629,蔡天新,2019-01-25 01:04:55,-1,4,5,垃圾老师，毁我均绩
99496,629,蔡天新,2019-01-25 01:11:31,0,3,3,浪费青春，浪费时间
99501,629,蔡天新,2019-01-25 01:29:03,-1,4,5,我感觉到了，绩点肯定这样呀。意料之中的低呀。上课就是把自己写的书念一念。穿插自己的经历一点点吧。emmmmmm感谢我上3了，自己确实做的也不好，论文没有很好的写，最好考试也是稀里糊涂的，可能错的不少吧，我太渣了。
99505,629,蔡天新,2019-01-25 01:37:27,-6,3,9,什么狗 绩点被他拖成这样，什么都学不到还那么低
99507,629,蔡天新,2019-01-25 01:38:08,4,6,2,辣鸡 绩点3.3 还浪费钱买教材
99540,629,蔡天新,2019-01-25 02:28:15,3,6,3,垃圾的一匹上课无聊，还给自己贴金，给分烂得一匹，垃圾老师
99545,629,蔡天新,2019-01-25 02:33:11,-9,5,14,真的无语=_=，到考试周最后一天才出? 点，上课全是自己念PPT，炫耀自己的经历履历。客观的说，老师人还可以(ಥ_ಥ)，但是干活货真的很少(ಥ_ಥ)。3.9的? 点拉我均?
99547,629,蔡天新,2019-01-25 02:38:14,-14,5,19,为什么大家戾气都这么重啊 \n\n老师上课讲的内容挺好的呀\n\n你自己用心听了嘛！有点过分了奥！
99587,629,蔡天新,2019-01-25 03:51:55,0,3,3,果然绩杀\n\n
99614,629,蔡天新,2019-01-25 04:11:20,2,4,2,礼尚往来
99626,629,蔡天新,2019-01-25 04:17:05,4,8,4,上课内容详实，教材和视频相结合，偶尔讲一两个尴尬的笑话。考核形式:期末小测（开卷）+2000字论文。上课节奏一般是一次课讲一章，有时候三章并作两章讲。建议每次课前或课后把书过一遍，这对小测很有帮助。还有一定要用新版的书，别为了省钱买书店里的，否则可能出现小测的时候死活翻不到答案的情况。论文不可以水，要有自己的思想，不然就均绩伺候了。
99655,629,蔡天新,2019-01-25 04:33:10,-6,7,13,辣鸡蔡天新！均绩哐当一下下4了…
99679,629,蔡天新,2019-01-25 04:55:07,1,4,3,绩杀。
99695,629,蔡天新,2019-01-25 05:12:20,1,4,3,卡绩 心塞
100142,629,蔡天新,2019-01-25 15:38:42,3,4,1,很水的课，上课内容基本是按照他写得书来的。考试题目一言难尽。。。
100171,629,蔡天新,2019-01-25 16:36:14,6,8,2,认真写的论文 考试也认真做了 绩点3.3......
100923,629,蔡天新,2019-01-27 06:22:16,-1,1,2,数学与人类文明绩点真的低
101923,629,蔡天新,2019-01-29 16:45:15,0,2,2,老师讲的比较无趣，但是偶尔插播小故事还是挺有趣的，虽然期末给分不好，，Ծ^Ծ，，卡绩还很低
101995,629,蔡天新,2019-01-30 02:58:30,-2,1,3,绩杀，无话可说
102994,629,蔡天新,2019-02-25 09:00:22,2,2,0,很无聊
104313,629,蔡天新,2019-03-17 20:47:16,56,64,8,给分远低于预期，联系上他后，老师说我的名字很像韩国人，误以为我是韩国留学生了，拜托，韩国学生能知道中国有个大数学家祖冲之吗!他们分明会写韩国数学家祖冲之
106606,629,蔡天新,2019-04-28 10:07:02,1,3,2,愿好人一生平安，狗滚
107561,629,蔡天新,2019-05-06 14:08:14,3,3,0,辣鸡老师，辣鸡老师，辣鸡老师
109232,629,蔡天新,2019-06-12 05:59:00,2,4,2,嗯不错
109372,629,蔡天新,2019-06-13 12:04:33,-1,1,2,烂，数学与人类文明----史上最低通识课分数
111512,629,蔡天新,2019-07-02 00:14:22,1,3,2,数论导引 给分真的烂
111574,629,蔡天新,2019-07-02 04:06:54,-1,1,2,给分极差，感觉没有平时分，卷面几分就几分，不是提前交卷还要扣分，前往别选，给分极差
111577,629,蔡天新,2019-07-02 04:18:44,46,50,4,蔡徐坤与蔡天新的共同特点：1.年少成名；2.狂妄自大，目中无人（律师函or绩杀）；3.专业水平不够，流量来凑；4.自以为无所不能（ctr or 数学诗人旅行家作家）其实啥也不行，草包一个。如此，称ctx为数院cxk毫不为过，打篮球像cxk，搞科研教学像ctx。
111655,629,蔡天新,2019-07-02 11:23:58,2,4,2,一门课毁一学期的绩点的感受这回我是体会到了
112125,629,蔡天新,2019-07-03 17:06:00,4,4,0,垃圾机
112907,629,蔡天新,2019-07-05 10:19:14,0,3,3,数论导引还好，给分看期末考试吧～
114688,629,蔡天新,2019-07-11 04:00:38,2,5,3,听数学史的朋友请把他上课讲的每一句话都记住，鬼知道他会考什么边边角角细枝末节。
115470,629,蔡天新,2019-07-26 04:14:17,5,5,0,傻逼老师，听你的课简直是浪费生命，这种人也配教书？？？
117040,629,蔡天新,2019-09-18 13:36:29,1,3,2,欢迎想过一个快乐暑假的同学一起选蔡诗人（对比隔壁来的hhhhhhhhh
118247,629,蔡天新,2019-10-23 14:15:25,3,7,4,跟着蔡老师能走遍半个地球 走遍半个诗坛 走遍半个数学数学界
127945,629,蔡天新,2020-12-01 04:42:06,8,9,1,研究生想学真正求学的千万别跟蔡诗人
130294,629,蔡天新,2021-01-20 13:52:51,6,7,1,傻逼老师乱打分，能打出2分绩点，佩服
130584,629,蔡天新,2021-01-24 01:06:31,-18,4,22,论文：要求一千字写了一千二 没有浙大封面就一张纸，纸上还沾了一滴中饭的油，标题取得连自己都看不懂\n\n考试：之前翻了两次书，十道题四十分钟，我用一张纸写，前面五道答满，纸背面五道只写了三道，还有一道论述题直接空着\n\n第一节课：举手回答的时候举手了\n\n最后均绩4.8……我也不知道自己是怎么躲过绩杀的
133387,629,蔡天新,2021-02-26 12:13:26,8,9,1,选他的课不如去看高中数学教材选修3-1《数学史选讲》
134390,629,蔡天新,2021-03-26 04:10:27,4,6,2,其实，蔡老师是一个诗人。
135422,629,蔡天新,2021-05-10 06:27:38,5,7,2,在意绩点的不要选数学与人类文明，不听劝最后哭的人就是你自己。人均3.0你自己掂量掂量
162573,629,蔡天新,2022-11-25 16:50:58,1,6,5,咱就是说没有讲座的水平就别办讲座。科学人文与写作，这么有趣的命题被讲成了童年分享会。说了半天学会写作和学数学一点关系也没有。答非所问也就算了，什么叫“女生是要早成家的”？回人家问题的时候动脑子了吗？你把我们所认为的数学家的花边绯闻当专业，从事文学可以，但真不要挂数学的牌子了。
175490,629,蔡天新,2023-06-25 07:42:49,-3,3,6,上课怎么样不做评论，但是数论导引确实不错哇
177316,629,蔡天新,2023-07-03 01:25:44,2,3,1,rnmtq
177608,629,蔡天新,2023-07-04 02:13:52,1,3,2,哎……诗人能不能认真负责点啊
178086,629,蔡天新,2023-07-06 17:26:00,0,0,0,补选上的
189206,629,蔡天新,2024-01-22 10:18:03,-3,1,4,感觉还行，没想象的那么差
195087,629,蔡天新,2024-06-26 17:46:21,3,3,0,1分不谢
195344,629,蔡天新,2024-06-27 23:35:25,2,3,1,还可以，就是不来听课的有点多
197558,629,蔡天新,2024-07-19 03:08:32,3,5,2,给分太差了，数学史这门课根本没有良好的评定标准，不点名，最后给大家来个人均3.6不到的绩点，这门课的意义是什么？还有那论文，我请问老师您自己编的流水账书有什么思想呢。
197562,629,蔡天新,2024-07-19 07:24:46,1,4,3,真的是一坨，无透明评分标准，无点名，上课讲自己的旅游史，毫无营养，最后均绩给到3.4，我谢谢您
198414,629,蔡天新,2024-09-08 15:41:54,-4,3,7,感觉给分挺好的，不知道为什么这么多人骂，不过评分标准不透明可能确实是个问题。认真查阅了很多资料写了论文+复习课件准备期末考，最后给分超乎想象。
7,635,张南松,2015-03-14 01:30:59,16,53,37,松哥很萌的，你们不要黑他~
8,635,张南松,2019-05-30 05:14:22,154,197,43,你们记得别坐后排，坐后排要带书，别低头。要不然。松哥分分钟把你赶出去。
9,635,张南松,2015-03-14 01:32:34,21,32,11,每次礼拜一上过张南松的课总有一种心旷神怡的感觉。。。。。
10,635,张南松,2015-03-14 01:32:59,7,10,3,不要坐太靠前或者靠后。都会被叫到
11,635,张南松,2015-03-14 01:33:57,-2,29,31,大家不要老是黑他了。\n\n虽然我也听的不太懂，不过考前复复习，照样满绩了\n\n不能自己不好好学，成绩不好，到头来还怪老师吧？
28,635,张南松,2015-03-14 15:28:29,12,27,15,口音比较重，而且和学生的交流有代沟，不能很好地理解学生。不过给分比较高，大家看着办
347,635,张南松,2015-03-15 01:10:09,14,30,16,认真负责
356,635,张南松,2015-03-15 01:22:51,50,64,14,口音超级重。。
381,635,张南松,2015-03-15 01:42:56,8,10,2,听不懂
404,635,张南松,2019-04-30 23:38:13,56,64,8,真的是什么都听不懂 我就记得有次我听到张老师说个“棱大” 我以为是零点 半节课过去了我才反应过来他说的是lamda...
511,635,张南松,2019-04-12 05:44:18,74,123,49,他的课我上的最痛苦 完全听不懂他的普通话 好不容易听懂了 在讲什么社会主义市场经济 曾经以为要挂了 后来考前把书仔细看了两遍 刷了两套历年题 居然满绩了\n\n
523,635,张南松,2019-10-21 03:24:12,60,160,100,我很喜欢他，还选了他的多门课。他的不足是明显的，方言口音，但他明显热爱数学并对学生有殷切希望，而且诲人不倦。请不要因为他的口音而贬低他的教学！
619,635,张南松,2015-03-15 07:28:21,5,9,4,想好好学的，还是选其他老师查，口音完全听不懂，作为南方人也听不懂，当年选了他的课，还得其他老师的课在旁听一遍，最后给分还挺好的，好老师不建议选而已
658,635,张南松,2015-03-15 10:51:13,29,37,8,上课听不太懂，但给分挺好。反正都自学的嘛╮(╯▽╰)╭
769,635,张南松,2015-03-17 00:19:41,6,7,1,哭瞎
812,635,张南松,2015-03-17 11:21:43,46,54,8,北方人慎选...
1098,635,张南松,2015-03-21 16:09:59,-8,3,11,口音听不太懂，但是给分还不错…
1312,635,张南松,2015-03-21 23:40:40,17,18,1,最好坐中间的位置，前面最好有人挡着你，也不要坐旁边，这样能最大限度的减少你被叫到回答问题的概率(我就是这么干的→_→)
1417,635,张南松,2015-03-22 02:18:04,1,11,10,虽然有口音，但是认真听还是能听懂的，不专心听课不要怪老师嘛。玩着手机矿业的课也听不进去不是么？大家不要黑他，他还是对学生很负责的，所以上课得小心
1443,635,张南松,2015-03-22 04:10:16,-6,3,9,有口音但是就几个词听不懂虽然那几个词可能就是他要你记下来的关键词。个人感觉他的课上着还是蛮不错的，每次果断抢前排！
1522,635,张南松,2015-03-22 10:29:38,116,129,13,书上写一下，你们还是初学者，要多动笔，第三排穿红衣服那个男生，你写了吗，哦，写了啊，你呢，写一下写一下
1668,635,张南松,2015-03-23 07:13:23,114,119,5,外语授课的体验
1769,635,张南松,2015-03-24 07:29:50,58,62,4,听他课有种出国留学的感觉
2015,635,张南松,2015-03-28 16:42:59,0,4,4,哎，怎么评论这么不一。只有自己上过才知道，每个人刚觉不同啊
2119,635,张南松,2015-04-01 13:42:04,8,17,9,口音很重其次，关键是根本没好好上课。我不认为花一大半的上课时间检查学生有没有划重点是认真负责的表现。
2706,635,张南松,2015-05-05 16:45:49,6,8,2,哎，说话都听不懂
3401,635,张南松,2015-06-08 13:47:25,0,10,10,奇葩老师
3604,635,张南松,2015-06-17 01:48:01,21,26,5,记得有一次我正在认真做题，他却叫我别做了，他说他讲一句，我写一句，抄就行了，这我也是醉了！
3986,635,张南松,2015-06-17 12:07:11,4,6,2,听不懂
6194,635,张南松,2015-07-12 01:19:01,-4,8,12,老师拯救了我的绩点，毕竟我去年挂在赵敏智老师手里，本来对自己智商没什么信心了为了出国硬着头皮来重修，最后80+
6224,635,张南松,2015-07-12 06:32:56,-2,4,6,听吧就
6391,635,张南松,2015-07-13 13:27:05,7,7,0,无奈
6645,635,张南松,2015-07-17 03:04:36,-3,3,6,好像因为我们是老乡所以上课听他的口音没什么问题，他是那种说不出作为老师哪儿不负责任，但就是不想听他讲课，太烦了。不过好好学，给分就好
7366,635,张南松,2015-09-14 03:53:22,-10,1,11,好
7592,635,张南松,2015-09-15 06:17:27,-7,2,9,坐前排好
8279,635,张南松,2019-06-13 01:44:49,111,117,6,好久没听过这种浑然天成，自成一派的中文了。
8723,635,张南松,2015-09-24 11:56:02,-5,4,9,非常棒\n\n
9311,635,张南松,2015-10-21 05:18:19,-5,6,11,给分很高的，老师诲人不倦
10727,635,张南松,2015-11-23 03:32:40,10,14,4,超级差，几乎没什么用
10739,635,张南松,2015-11-23 03:57:09,10,12,2,真是一段悲惨的经历
11663,635,张南松,2015-12-09 13:57:50,23,29,6,外教老师超赞的！
11901,635,张南松,2015-12-21 03:31:39,4,6,2,教学模式好像高中老师orz
11985,635,张南松,2015-12-21 12:29:51,-12,3,15,还好吧
15703,635,张南松,2016-01-16 07:10:33,-8,6,14,除了标准的杭州话，真的是很可爱的老师，认真负责，对学生有很高的期望，即使有口音缺陷也很值得尊敬的老师，很喜欢他
16081,635,张南松,2016-01-17 06:56:44,-1,6,7,是一个很用心的好老师 虽然有口音 但是每一个认真的老师都值得我们尊重！
16411,635,张南松,2016-01-18 05:07:00,-14,4,18,其实还是很负责的啦 松哥萌萌哒
17347,635,张南松,2016-01-20 05:23:38,2,5,3,口音重，社会主义好，但真的是认真负责的老师，给分也厚道。上课经常巡视有没翻对书做笔记，手机不让放桌上。。orz
17425,635,张南松,2016-01-20 07:53:08,9,9,0,北方人表示听不懂
17622,635,张南松,2016-01-20 13:46:07,6,15,9,其实南松挺好的，他不适合教那种应试型的数学，但是听他的课我能感受到统计的思想性与科学性，如果我数学好的话，我想我大概会选统计学吧！反正数学应试，都是靠自学啊~
19514,635,张南松,2016-01-24 12:47:31,-18,1,19,张老师虽然口音重，但讲的全是有用的东西，包括他让你划的和补充的，思路和方法的引导真是一针见血。
21340,635,张南松,2016-02-28 05:39:17,13,14,1,拿学生当小学生
22074,635,张南松,2016-03-02 09:08:38,-14,2,16,老师很负责任，给分也很好，只是口音对于北方人来说有点难受，不过习惯了也还好
22361,635,张南松,2016-03-04 02:30:05,-6,2,8,很负责的老师！
23589,635,张南松,2016-04-08 02:13:38,-13,1,14,第一门满分。  上课完全听不下去。 考前刷刷题就没问题啦
23593,635,张南松,2016-04-08 04:19:14,30,37,7,三节课有一节半在问你们写没写。\n\n嗯。\n\n
23974,635,张南松,2016-04-23 10:02:15,20,23,3,作为一个土生土长的中国人真的听不懂他讲中国话，心疼旁边的俄罗斯姑娘，上课一直低着头玩手机
25454,635,张南松,2016-11-25 02:48:36,52,71,19,在再上他的课我吃shi！上课不知道在讲什么，而且讲的超慢，经常上完课才上到作业用到的知识(作业是张国奋定的，但是这老师讲的慢也不提的！)\n\n更搞笑的是第七章刚开头，他一拍脑袋就要上第八章，还tama是第八章第二节，作业却要照常做第七章的！\n\n上课三节课，一节课在问你记没记，然而那些东西书上都有！剩下俩节课就在瞎逼逼，根本不知道想表达什么！\n\n还经常嘲讽其他老师，说张国奋写书脑子里什么都没装，还说量子力学也没什么好研究的，他一星期看了多少多少书什么的。\n\n两个字，垃圾。
27010,635,张南松,2016-06-22 06:59:26,8,10,2,听神话。根本听不懂。
27440,635,张南松,2016-06-26 09:10:15,11,13,2,听别的老师讲课，边听边理解。听松哥讲课，边听边翻译。
28109,635,张南松,2016-06-28 08:07:07,11,15,4,应用统计学：就算我听得懂他的国语  也受不了他布置作业的随意态度 考试前一天还发邮件让我们组作业重做（大家都做得很用心） 而且考试的试卷就是个坑（全英文） 不到万不得已不要选这门应用统计学
28132,635,张南松,2016-07-01 07:41:40,9,13,4,抄的人分高，自己做的分低是吧？
28368,635,张南松,2016-12-30 02:09:31,-2,6,8,上课要听懂他的话挺困难，但每节课上课前会给你理重点，还会像管小学生一样让你记笔记。虽然真听不懂他在讲什么，但从他的课件和黑板上的东西来看，他对数学有着自己的热爱！最重要的是，概统这种课听别的老师上还会打瞌睡，听他上课保你睡不着！
29706,635,张南松,2016-06-30 08:11:59,3,7,4,人不错，可惜我听不懂
30139,635,张南松,2016-07-01 03:32:37,4,7,3,应用统计学 英语不好对统计学没有极大热情的慎选 给分比较坑
30154,635,张南松,2016-07-01 04:04:57,9,12,3,应用统计学千万别选。作业就三个等级，100，80，60。考试考什么变来变去，上课从来听不懂。7次课讲700页内容，一个组里?点没人上三，呵呵呵呵呵
30172,635,张南松,2016-07-01 04:33:52,5,8,3,学不到什么，作业还很无聊
30443,635,张南松,2017-09-19 05:12:55,32,51,19,听一次他的名字骂一次！！！！！这种老师就应该好好搞研究去，出来教书就等于祸害人间！！！！！
30640,635,张南松,2016-07-02 06:06:39,10,11,1,你说你倒是布置作业以及给什么重要通知时来个文字说明啊。应用统计学我承认数据挖掘没弄好，但是统计方面也不至于让我降到这种程度啊。还有，平时竟然小组的翻译作业一起做，你说有人做得认认真真的，后来被队友给坑了，这特么合理吗？总不能让我们再帮别人重新翻译一遍吧？
31306,635,张南松,2016-12-30 02:07:50,-3,15,18,概统最好老师，给分也超级好，上课讲的非常好，从来不小测点名，作业最少
32873,635,张南松,2016-07-20 03:40:08,-6,1,7,认真做作业分还可以啊
33236,635,张南松,2016-09-16 06:09:56,-2,1,3,想问这老师点名吗？
33938,635,张南松,2017-03-03 02:36:03,34,42,8,不解释
34119,635,张南松,2016-09-27 06:37:17,15,18,3,很无语的一个老师  口音太重 脾气急躁  答疑时候就不知道他在说什么  一塌糊涂  还有上课不让坐后面哟，坐后面他会让你要么选择出去要么选择往前排坐。。。。。
34292,635,张南松,2016-09-30 02:41:43,5,5,0,请做好课前预习  或者直接自学吧
34295,635,张南松,2016-11-30 00:40:11,4,6,2,极大地锻炼了自学能力。。。
34446,635,张南松,2016-10-10 23:41:07,9,9,0,不得不说，各种奇葩的作业布置方式，各种奇葩的小测验形式，各种听不懂不得不服的外国语
34575,635,张南松,2016-10-14 03:18:01,7,9,2,一句话，张老师，搞研究去吧，讲的好不好我不能评价，因为根本不知道说了什么
34776,635,张南松,2017-01-25 09:37:58,10,11,1,是我从幼儿园以来遇到口音最大最难懂的老师，没有之一。。建议有小语种学习能力的同学选这个老师，把其它老师的容量让给掌握语言<=3门的同学……
35188,635,张南松,2016-11-04 03:32:19,12,15,3,反正都是自学。。。老师自我感觉良好，用个beamer牛逼是吧。。。先学好tex语法再来装吧。。用了LaTeX排版，文档还是那么垃圾
37233,635,张南松,2016-11-18 03:33:19,14,15,1,老师讲课不只方言的问题啊，我感觉这老师完全不会讲课，考得好只是你花了更多时间，可是你选别的老师的课，上课就能把知识消化了，效率更高。。而且涉及到知识本质的东西，怎么更好去理解感觉老师不能讲得很清楚。
37781,635,张南松,2016-11-21 03:48:09,33,43,10,有口音的老师就不要开课了好吗？微一张泽银，概统又张南松，给分再好又如何，学的这么累，这么重的口音还上这种必选的课，替学生考虑下行吗？老师的作用就是要解疑答惑，屁都听不懂我来浙大干嘛?不如在家自学?
38116,635,张南松,2016-11-24 13:30:10,5,7,2,真的是绝望，无力。我也不想黑谁，但是真的听不懂啊。\n\n
38159,635,张南松,2016-11-25 03:30:25,6,8,2,松哥我真的听不懂你的扑通话
38229,635,张南松,2017-01-08 17:36:19,0,7,7,很好的老师，棒棒哦！
38582,635,张南松,2016-12-10 06:09:59,12,13,1,讲课听不懂我就不说了 前面的同志们说的很多了 我就说说留作业这件事 在课本作业之外留额外的题（他自己找的）没问题 我很欢迎（题也确实不错）但是你刚讲第七章就留第七第八章的综合题是几个意思？让我们预习？我们预习到那些题都会做了听你的课还有什么用（况且本来也听不懂）无可救药的老师，出门直走右转吴国祯老师的班欢迎你。
39065,635,张南松,2016-12-21 03:25:01,-1,2,3,美滋滋
40056,635,张南松,2016-12-29 03:23:37,-10,2,12,讲得好，喜欢聊天与补充
40203,635,张南松,2016-12-30 02:46:19,-5,4,9,老师实在苦口婆心，想方设法让我们学会，然而 口音太重 实在有理解困难 但还是给个十分 毕竟良心 给分良心
40204,635,张南松,2016-12-30 02:46:22,2,6,4,舌头有毛病不是最大问题，关键是脑子还有问题
41041,635,张南松,2017-01-08 14:47:16,23,29,6,听不懂，这学期都是听隔壁吴国桢老师的课
41057,635,张南松,2017-01-09 02:01:47,7,7,0,我觉得能上3分简直就是奇迹
41066,635,张南松,2017-01-09 03:10:05,3,7,4,很不负责任的一个人 不应该做老师 完全不站在学生的角度授课 课堂小测内容超范围吐字发音让人听不懂……上大学遇见最差的老师 没有之一 差评差评 一定要避雷此人
41183,635,张南松,2017-01-10 02:10:05,-6,3,9,老师很负责，值得选
41188,635,张南松,2017-01-10 02:43:36,6,7,1,我是出于怎样的自信没有退他的课:)\n\n现在分分钟想死\n\n上课叫了七个妹子回答问题妹子没答出来说她们是七仙女？？？可是根本没有听懂他问啥好吧\n\n剧毒
43631,635,张南松,2017-01-16 16:07:41,2,3,1,说的是鸟语
43693,635,张南松,2017-01-23 09:15:11,1,5,4,没想到松哥给分也这么好！\n\n
43870,635,张南松,2017-01-17 05:21:48,0,2,2,口音哪儿的
44756,635,张南松,2017-01-18 08:10:38,16,17,1,老师对教学好像很有热情，可是脑回路不太对，学生和老师之间沟通很困难，而且考试的时候为了作业序号叨叨了半小时(注意是考试期间)，感觉完全无法理解这个老师的行为。
45985,635,张南松,2017-01-20 10:44:05,6,6,0,上了一学期从来没听过课，因为听不懂
46283,635,张南松,2017-01-21 06:36:43,4,4,0,h h h h
46502,635,张南松,2017-01-22 01:19:15,0,6,6,一学期坐在第三排，表示听松哥的第一节课也感到绝望与懵逼，但在听一两节课就完全无障碍了，认真听几次就真的能熟悉他的发音方式。松哥算是好老师的，对学生负责，关心学生，上课思路跳跃但会给我们不断划重点。
46814,635,张南松,2017-01-22 11:15:42,8,10,2,还没出成绩提前来评个理\n\n南松负责是很负责，但是== \n\n口音是最大的交流障碍！ 这门课我这个学期全是自学的！我不想再上一门外语课！
47008,635,张南松,2017-01-23 09:13:52,3,6,3,说句公道话，南松爸爸讲课是认真负责的，就是口音我适应不了，所以听不懂去蹭其他老师的课了。但是最后给分是很良心的，平时分给的比其他老师多！?！
47009,635,张南松,2017-01-23 09:15:39,4,8,4,浙大怎么会有这种老师，我简直刷新了对老师的观念，一个学期什么都没有学到，可以说一个字没听懂，最后自学2天没挂我也知足了，这种老师希望永远再见！
47097,635,张南松,2017-01-24 09:09:07,-3,1,4,啊之前的评论居然修改后就没了了，重新说。听了一个学期的外语课，心好累。还好听学长的话，自己自学，去隔壁班蹭课，多亏了好助教，还是可以的。关于看成绩，去过程成绩查询的地方看就可以看到了。
47131,635,张南松,2017-01-24 03:36:33,1,3,2,周五班也没出分啊-。-
47251,635,张南松,2017-01-27 00:26:35,1,4,3,就因为老师您平常的点名小测，我没满?，您很有热情，责任感，但我真心听不懂，只能自学
47330,635,张南松,2017-01-25 09:31:31,3,6,3,傻逼。
47336,635,张南松,2017-01-25 10:33:20,-1,2,3,有口音我倒是听的懂，毕竟杭州人，但是他讲的跟课本也没什么关系啊，喜欢扯一些奇奇怪怪的，绩点还行，主要靠自学。\n\n
47355,635,张南松,2017-03-10 00:13:22,-7,7,14,好老师不解释
47378,635,张南松,2017-01-25 14:49:27,5,9,4,我一学期没听没有资格评论老师的教学水平。但是我真的尝试了真的听不懂。在自己课表空余的时间段插了别的老师的盖桶听。聪慧的小朋友自学也可但一定要认真学。真的如果连听都听不懂的话别想学到任何东西了。翘课难度也大虽然不点名但是每堂课都要交作业不定时小测交奇怪的小纸条什么的。最后考试的时候老师逼逼叨的确烦了点。。。但最后给分真的还不错。如果自己题目能做出的话真的不会被鸡杀。诚恳脸。虽然没有从松哥地方学到任何东西但是还是感恩吧。
47493,635,张南松,2017-01-28 05:11:53,21,22,1,对不起我认为口音不好就是教师的原罪啊，自己倒是满腹经纶但是却传授不出去依旧不能算是好老师。一个学期下来实在听不懂，纯自学。这个口音真的不是能够越过去的坎。张老师我还是很尊重您的，但是我实在是没从您这里学到什么东西
48146,635,张南松,2017-03-01 01:53:45,6,7,1,蛮绝望的。本来觉得评论可能夸大了...结果真的上课时真的...根本听不懂在讲什么ಥ_ಥ
48383,635,张南松,2017-03-02 13:09:33,3,4,1,口音不是问题。关键是——他在讲什么鬼/::< ???
48578,635,张南松,2017-03-07 16:31:55,3,3,0,上课一句都没听懂，在课表爆炸的学期，不出所料地挂掉了。。。
48648,635,张南松,2017-04-10 12:39:03,31,33,2,我上课就仿佛在听ФСЧРПЩЛЙËÇÍËÉÀÍÎÎキォィコァぅぁかぉがぁがぁきγλκμκπ
52063,635,张南松,2017-06-14 11:23:57,2,3,1,没有显式点名，但是有两次当堂做一些登记。第一节课没听懂几句话，现在已经完全能听懂了! 感觉自己的外语学习能力得到了很大提升
54690,635,张南松,2017-06-30 04:40:23,0,2,2,统计学的英文概念难懂
54898,635,张南松,2017-06-30 12:05:24,-1,2,3,应用统计学炸了 挂了...不明白为什么，只有34分搞不懂
54925,635,张南松,2017-06-30 12:58:06,6,9,3,为什么没有0分，通识课班里挂了一大半？？？
55099,635,张南松,2017-07-01 00:15:08,1,2,1,我真的不懂应用统计学是怎么给分的
55467,635,张南松,2017-07-01 14:10:58,2,2,0,给分还好。
59142,635,张南松,2017-09-20 02:36:43,7,9,2,Ай-ай-ай-ай-ай， чтосейчаспроизошло!
59155,635,张南松,2017-09-20 03:41:53,2,3,1,了吗，
59624,635,张南松,2017-09-25 03:30:07,8,12,4,讲的听不懂，去别的班蹭课还不准，每节课要随堂测试或者收草稿纸，有病吧！没见过这么烂的老师！
59780,635,张南松,2017-09-27 02:46:11,2,4,2,听两个学期他的课，都感受不到他的教学水平
59787,635,张南松,2017-09-27 03:18:59,7,10,3,不否认他的认真，但是太啰嗦了，而且只从学生身上找问题，有些人为什么不听课你心里难道没点那什么数吗？有人想听能听懂你说什么吗？
59796,635,张南松,2017-09-27 04:08:19,5,7,2,首先，他讲的不是杭州话，作为一个杭州土著很负责任的反驳某条评论。其次，这个老师真是我见过最差的数学老师，高中的数学老师一口萧普话，线代的吴志祥老师口音也不相上下，但是他们俩讲课很清楚板书也很清楚，跟张南松老师比起来好太多。上课只知道让你抄抄抄，老是讲一些无关紧要的东西，罗里吧嗦讲不零清。最低分不解释，每周还得额外去别的老师那蹭课听。为什么不能打负分？
59804,635,张南松,2017-09-27 06:16:05,0,2,2,老师讲的不是杭州话，很像绍兴话......
60120,635,张南松,2018-01-26 07:13:09,20,26,6,呵呵 垃圾老师
60261,635,张南松,2017-10-23 02:40:04,-1,5,6,数学老师中难得融会贯通的风范。
60352,635,张南松,2017-10-18 03:53:07,12,16,4,超垃圾的老师，啥也不讲，给你放一页PPT就过去了，也不告诉你怎么推出来的，全靠自学，幸好这学期还去蹭吴国桢老师的概统，要不然这门课铁定挂科
60496,635,张南松,2017-10-22 12:31:53,13,15,2,我不会因为张老师的口音贬低他，口音这种东西上两三节课就能习惯，但是真的慎选他的课。\n\n天天说讨厌唯分数论，结果自己就是按照唯分数论教学生。考试重点考什么就只讲什么，根本没法建立起完整的知识框架，都是我自己下课看书才发现了很多东西他都没讲。真的，是一个点一个点的讲课，没有体系可言，给的总结里也是一样。\n\n真的慎选！！！
60621,635,张南松,2017-10-25 10:11:26,5,7,2,#!#!!#，#vd?，动动笔*###，cm_*#*;把草稿纸交上来..真的是没一句话讲清楚的
60777,635,张南松,2017-10-30 03:33:35,46,48,2,感觉老师的口音反而掩盖了他讲课内容的不足。不喜欢这个老师决不是因为其口音。说着不应试讲的都是应试内容，整节课都是考xx分以上的同学看一下，大部分人不考这么高就别看了。而且讲课毫无逻辑，难点也从不推导，只是说这个公式看一下，写一下。作为一节数学课说数学语言的时间基本没有。当初是因为看评论说是一位有思想有学识的老师，以为只是口音才导致分低才没有退课的，如今大失所望。
60779,635,张南松,2017-10-30 03:37:20,15,19,4,请相信这里的几乎所有评价，不要高估自己的能力，不是慎选，是别选！
60877,635,张南松,2017-11-01 02:16:49,4,5,1,超差，不解释
60967,635,张南松,2017-11-06 02:22:32,-2,5,7,很喜欢这老师\n\n
61074,635,张南松,2017-11-08 03:41:26,5,6,1,什么样的破口音！什么样的教学质量！心里一点b数都没有么，哼\n\n
62075,635,张南松,2017-11-22 10:45:07,10,12,2,第一节课老师不来是什么操作？
62455,635,张南松,2017-11-25 09:54:14,-5,6,11,老师真的很负责，每次上课前对知识点总结帮助非常大\n\n
62961,635,张南松,2017-12-12 09:01:39,-4,5,9,我觉得很好
63232,635,张南松,2017-11-29 10:39:06,-8,4,12,推荐。给分好。课堂内容充实。
63245,635,张南松,2017-11-29 12:13:31,-3,1,4,恩，要微积分基础，我觉得太难了，听不懂啊，老师口音很重，事情也比较多，慎重
63859,635,张南松,2017-12-18 03:03:24,3,4,1,为什么要出来祸害学生。。。
63949,635,张南松,2017-12-20 03:39:16,8,8,0,辣鸡老师。如果概统选不上好老师，想随便选一个再去旁听别的老师的课，千万也别选这个老师。上他的课tm的就是浪费时间还糟心。不让做作业，要管你记笔记记在哪一页怎么记，写什么字都有规定。简直机器人制造商。
63981,635,张南松,2017-12-20 11:52:08,3,5,2,恶心恶心恶心恶心恶心恶心恶心恶心恶心恶心恶心恶心恶心恶心恶心恶心恶心恶心恶心恶心恶心恶心恶心恶心恶心恶心恶心
64539,635,张南松,2017-12-25 04:34:33,6,6,0,垃圾一个，旁听别的老师的课还得过去敷衍他，有意思吗？
64716,635,张南松,2017-12-27 01:48:36,7,7,0,去听隔壁吴国桢的吧
64732,635,张南松,2017-12-27 03:59:17,2,5,3,辣鸡老师课讲不明白，还总找你茬，刚换一张ppt没到五秒就指着你说为啥不记，一节课就盯着一个人怼，一学期下来，好几个学生受不了了直接怼回去。记下来还要把笔记收走，说他要看，想记笔记的同学就要记两遍。进度迷，每次作业都是没讲的知识点
64846,635,张南松,2017-12-27 11:47:32,1,2,1,讲的飞快，怀疑人生
65642,635,张南松,2018-01-08 02:57:36,1,3,2,真是毒瘤 口音很重 其他同学说的一点不夸张 记一下 坐前面 不然出去 一直在自嗨 不过说了这么多 老师人还是很可爱的 很有个性 毕竟哥也是上过周勇光工图的人 少见多怪 见多就好了
65647,635,张南松,2018-01-08 03:22:03,-1,2,3,口音重就算了，语速还快，课程却上得慢，作业叫我们学到哪做到哪却又不规定具体题目，有点难受
65704,635,张南松,2018-01-08 10:09:03,1,2,1,听老师的应用统计学，大部分时间在抄笔记，上课的时候很崩溃，不知道期末会怎样。
65932,635,张南松,2018-01-10 10:30:26,1,2,1,这老师不但口音十分重，而且十分难以交流（并不是口音上的难以交流）
66605,635,张南松,2018-12-27 06:10:49,34,37,3,就是因为他，我们吴国桢班的教室都被挤爆了
67370,635,张南松,2018-01-21 04:13:19,4,7,3,请相信这里的评价！不要高估自己！！！之前看到评论里说老师口音重 我还在想如果是口音的问题说不定我听听就习惯了..然而！这口音实在奇特！而且不仅仅是口音问题啊！课上的差！！！！全程让同学抄抄抄！然后每节课交草稿纸变相点名！想去旁听别的课都不行！！！！
69458,635,张南松,2018-01-24 17:27:16,4,4,0,出成绩超级慢，别的老师出成绩好几天了，他连期中成绩都还没挂上去；口音十分严重，完全听不懂，在自学还得要强迫你听他的课，不建议去上课，选上了去其他老师哪儿旁听吧
69641,635,张南松,2018-01-25 06:20:05,0,4,4,老师的口音真的很重，作为北方人完全听不懂，但一学期下来真的觉得他是个好老师，上课时会让你往前坐，其实他是真的希望我们能好好听，会督促你记东西，虽然由于听不懂我都是坐后面自学的……但老师真的很认真，会给你理重点，总结公式，考完好几天了，出成绩是真的慢，出成绩前来评一波，怕成绩出来太难过就不想给老师好评了哈哈，还是看个人吧，我挺喜欢老师的教学的，除了听不懂………
70139,635,张南松,2018-01-26 07:12:44,-1,7,8,只说说概统课。老师的口音是比较重，不过杭州绍兴宁波一带的人可能听起来无压力，而且如果多听几节课的话也是能适应的。然后说说老师的授课吧，说实话，有时候逻辑可能有点乱，也会讲错，但是老师真的是很负责的，希望我们好好听课，把重点都记下来，也会找不少国外的资料，把人赶到前排本意是为我们好，希望大家也能理解吧。老师上课有时候会提出一些教学的改进意见吧，细细想来也不无道理。总而言之，我挺喜欢老师的，也见仁见智吧，每个人的情况不一样，但是老师的水平是在的，也很负责，不能因为口音就一味否定老师，ps加之概统其实自学应对考试应该没问题，不要因为老师而放弃课本身。
70142,635,张南松,2018-01-26 07:15:42,-2,2,4,没感觉，反正我学统计的兴趣完全没了\n\n
70151,635,张南松,2018-01-26 07:32:21,6,7,1,真的烂，一点东西都学不到，给分还差，来浙大碰到的最差的老师
70182,635,张南松,2018-01-26 08:03:33,2,3,1,瞎给分...
70190,635,张南松,2018-01-26 08:10:41,0,4,4,评论有些真的太难听了，老师确实教学水平有待提高但是撇开这个不讲人确实很关心学生的……还是靠自己学吧……
70210,635,张南松,2018-01-26 08:44:47,2,4,2,为什么考试的时候要挨个找同学瞎叨叨！如果是因为要填序号，和助教姐姐一样拿个单子讲一下不就好了吗？还有上课的问题不仅是口音重，而且思维太跳。一不留神跳到习近平主席国家政策巴拉巴拉。慎选。
70216,635,张南松,2018-01-26 08:53:40,5,8,3,傻逼，别选。
70243,635,张南松,2018-01-26 09:32:35,1,4,3,罗列一下上课关键词，“生命科学”，“量子力学”，“机器学习”，“社会主义”，“习近平”。
70277,635,张南松,2018-01-26 10:37:30,0,5,5,给及格分。口音重；上课交草稿变相点名；讲课不讲要点东扯西拉；不过看出来期末老师也努力给我们调分了，老师人还不错，喜欢积极上进一点的学生，但是上课真的挺糟糕的。最后一节复习课教室里就稀稀拉拉二十来个人，一瞬间还是有点心疼老师的。
70660,635,张南松,2018-01-27 10:41:00,0,3,3,上他的课也不能说什么收获都没有，你可以收获到最差的绩点，感受到什么叫垃圾老师，知道其他老师对你有多好(手动微笑
72205,635,张南松,2018-01-29 14:30:19,3,5,2,这3分 2分给他和助教姐姐尽力帮我们调分，1分给他上课的激情和热情。其他七分，去吴国桢老师班上找回来吧。
72216,635,张南松,2018-01-29 14:42:18,4,6,2,只上过他四次课，其余都是在吴国桢班上度过，才知道什么叫做差距。口音比听bbc还难听懂，考试的时候一直在bb，我就不懂什么事情这么重要一定要在考试2小时一直说话影响考生，真的差评! 选上他的概统真心建议退课。
72516,635,张南松,2018-01-30 09:24:36,1,3,2,老师是挺负责任的，但是先不说这个口音问题。。。老师的逻辑我是真的服的，很久没听过这种意识流的创作了，讲什么讲到那里那就是思维所到之处无所不及。。（微笑脸）前半学期自学后半学期旁听的赵敏智老师的课，强推赵老师。
72623,635,张南松,2018-01-30 14:06:51,5,6,1,双语教学就是好\n\n坐在后面的同学要么坐前面来，要么出去\n\n你们有没有写，后排同学肯定不会写\n\n后排同学怎么就招惹他了\n\n说句公道话，概统真的不难，选上了的朋友自学吧，但是一定要去上课\n\n不听，多看书照样可以满绩的
73119,635,张南松,2018-02-01 02:56:27,10,12,2,真的是听他讲话就心烦，口音太重，中英文都听不太懂，讲话还很快...上的应用统计学，本来就不知道在讲什么了，这样讲话更听不懂了...建议学了概统的可以选这课水水，没学的千万别选...一节通识，只知道过一遍公式，然后就让我们抄笔记，根本不可能记住啊！绩点刷新历史最低，真是谢谢您嘞！
73756,635,张南松,2018-02-03 05:09:15,-7,3,10,口音太重了，不过态度不错
74251,635,张南松,2018-02-08 03:41:38,-1,1,2,很。。
74339,635,张南松,2018-02-11 15:25:26,-16,5,21,很喜欢的老师，别黑了好吗？
74484,635,张南松,2018-02-28 07:58:08,5,6,1,上课体验很差
75354,635,张南松,2018-03-09 06:21:10,3,4,1,辣鸡?
75860,635,张南松,2018-04-10 06:56:03,8,8,0,god will bless you
75863,635,张南松,2018-03-20 06:41:41,4,5,1,我宁愿听托福听力\n\n没有教学能力就不应该站在讲台上\n\n有没有热情，有没有思想，和有没有教学能力半毛钱都没关系
75926,635,张南松,2018-03-22 03:32:51,7,10,3,说他是老师是羞辱老师两个字\n\n
76115,635,张南松,2018-03-27 06:24:21,2,3,1,什么是真正的开口跪？这就是！！！\n\n来吧！放纵吧！过了这村就没这棵松了！
76329,635,张南松,2018-04-03 07:19:56,0,2,2,说话太难懂了。。我一定是假的中国人
76330,635,张南松,2018-04-03 07:33:42,-8,2,10,哎不能因为口音就看不到闪光点啊，这样热忱的老师那里找
77961,635,张南松,2018-05-09 03:46:40,7,8,1,爱我北大？搞事函数？我就不告诉你们他说的是αβ和高斯函数！（傲娇脸）\n\n虽然说老师很认真负责，但我觉得这个口音属于能力问题。你能因为一个车技不行的人非常爱车，而让他当赛车手吗？
82997,635,张南松,2018-07-09 12:28:26,-6,5,11,真的，以后谁黑张老师我就跟谁急！
83004,635,张南松,2018-07-09 12:41:53,1,1,0,呵呵呵\n\n
83379,635,张南松,2018-07-10 07:44:35,1,3,2,自学可以，给分很好，其实他教的很有热情，很希望学生能够学好，但是用错了方法。
86671,635,张南松,2018-09-18 02:19:56,4,5,1,我觉得应该建议老师英文讲课
87058,635,张南松,2018-09-29 07:23:12,2,3,1,我求求你以后别教书了，好好搞研究吧，别再害后来的学生了！！
87061,635,张南松,2018-09-26 00:50:36,6,7,1,What are you fucking saying?
87463,635,张南松,2018-09-29 06:12:48,3,4,1,不黑他，老师上课感觉挺认真的，曾经我以为学长说的口音问题有点夸张，结果发现是真的听不懂(=_=)，我自闭了
87471,635,张南松,2018-09-29 07:23:25,-1,2,3,不知道在说什么
87642,635,张南松,2018-10-09 03:25:45,30,35,5,上课上了一半忍不住又跑来评论了。前面几节课的时候我还拼命安慰自己听着听着会听懂的，确实，第三节课已经比原来听得清楚一点了……但是，但是\n\n真的基本上就是在说“你抄一下，你把什么抄一下”，“你为什么不抄”，“竟然还有同学坐在教室那么后面的，竟然还有再做别的事情的，效率很低的”，“旁边的同学帮忙敲一下，让他不要睡觉了”，三十多页突然讲到一百多页，作业到处布置，反正就是“写一下”“书上写一下”，救命啊。我也想好好听啊，可是我真的不知道听什么啊，要么就讲一些无关的(也许自以为有趣的丰富课堂的东西例子)……我真的是，再听到“每个同学都写一下”我我我我忍住我不哭我不怒。“好多同学还不写，前面同学写了后面同学好多都不写我不管你们了，你们要学就学，不学就算了……把这个也写一下”\n\n对不起大家，这么多字占了大家视线，我真的是……忍不住了。。
87643,635,张南松,2018-10-09 03:34:52,3,6,3,上节课一直说把这个公式gay一下gay一下。后来我才知道他说的是改一下。我想回家。
88135,635,张南松,2018-10-23 02:14:54,16,20,4,上大二没有了大英课以后，很好的一个学外语的机会。很有想法的老师，不愿意循规蹈矩，所以不按照书本的顺序上课，一下p50，一下p150，再翻到p70。上课动一下！动动笔哦！笔记连位置都给你规定好，连你怎么画线怎么框怎么圈老师都给你细心周到地想好了。而且很富有创新能力，开创拍笔记上传群相册签到点名法。这样的老师还有什么好说的？满分！
88386,635,张南松,2018-10-30 03:17:38,23,25,2,我大概明白这老师上课是怎么回事了：首先口音是真的重，话是真的难听懂；当你听过几次课，慢慢摸熟他说话的意思之后，你会发现他完全不会讲概念，他只会让你划书上的句子，记PPT上的文字，写一些题目。连概念定义都讲不清楚直接让你做题我是真的服了。\n\n假如没有预习没有自学，上他的课基本等于零收益。\n\n所以大家都在注意他的口音他的盯后排，却忽略了他根本没有在上课传授内容的事实。\n\n这也能叫上课？
88796,635,张南松,2018-11-08 07:03:21,7,10,3,完全听不懂，还变着法子点名，阻挡我去隔壁听课的道路.....心累
88799,635,张南松,2018-12-06 06:00:11,4,6,2,请问这是外语课吗？
90097,635,张南松,2018-11-22 06:22:56,8,8,0,cnm，听球不懂
90100,635,张南松,2018-11-22 06:24:44,5,7,2,我以为我作为南方人应该听得懂有口音的普通话的，我真傻，真的。
91234,635,张南松,2018-12-04 02:41:40,6,7,1,统计课讲历史故事，最后一排的男生你回答一下，这个女同学我可以看一下你的书吗？大半节课都在讲废话，重点不细讲
91237,635,张南松,2018-12-04 03:16:44,2,3,1,真的受不了。。
91349,635,张南松,2018-12-06 06:47:09,3,5,2,差，完全不会讲课
91519,635,张南松,2018-12-12 09:29:56,11,14,3,庸医。
91549,635,张南松,2018-12-13 03:04:37,2,4,2,痛不欲生\n\n听不懂他在说什么\n\n上课也没有重点\n\n就知道让学生记记记抄抄抄\n\n整天就想着怎么点名签到怎么做口头功夫 却不想想看如何提高自己的教学水平\n\n选了他的概统 就等于选择自学
91554,635,张南松,2019-01-10 05:43:52,3,6,3,抄一下抄一下 我抄nmlgb 烦不烦 话么讲不清楚
91556,635,张南松,2019-01-23 03:20:09,9,11,2,讲课讲的真的不好，但是但是给分真的太好了！！！期末总评调分会帮你往上拉一大截呀！！！
91684,635,张南松,2018-12-18 01:56:46,4,6,2,傻逼老师，问了他两次问题从来都不回答，什么问题就说看课件看课件，看看看看你麻痹啊，看课件就行那你上什么课啊，上课tm的就爱管闲事，重点又不认真讲，想去隔壁班上课么有事没事点名，为什么没人喜欢坐前排听你课你没点b数嘛
91691,635,张南松,2018-12-18 02:49:56,9,11,2,傻（咳）老师，别听他掰什么大家要积极和老师交流，他一定会跟你交流，那是放屁的，我认识了一堆人问问题，他没一次回答的。\n\n要知道，在他眼睛里学生都是垃圾，行政长官都是垃圾，全都是垃圾，都不懂他，他还要痛心疾首的说当老师的千万不能把学生当垃圾（wtf？？）\n\n上课质量就不要期待了，你可以学一门小语种，一节课一半时间翻ppt让你抄笔记，一半时间怼出书的老师，怼行政，怼学生，顺便抬高自己身价，不对，当说到什么重点的时候，莫名其妙就跟你说政治地理历史物理化学？？然后说完回来，重点就（咳咳）讲完了？这（咳咳）玄学领悟吧？？\n\n总而言之，个人素质极差，慎入，慎入，不要想着选了你能翘去其他班听课，他不仅会赶人，会抽人，还会检查你笔记，检查你的手有没有动起来，呵，傻（咳）
91699,635,张南松,2018-12-18 04:37:20,5,6,1,宁可不上概统课都别选张南松的课
91890,635,张南松,2018-12-24 10:57:18,4,5,1,真的差
92224,635,张南松,2018-12-27 06:13:49,6,7,1,上课疯狂作妖6666666666666
92239,635,张南松,2018-12-27 07:34:38,9,9,0,快退休吧，别出来教书了，成天让我们抄这个抄那个，抄了又不解释，也不说怎么用，自己以为很高大上，结果下面没几个人听得懂，浙大最差老师没有之一了
93497,635,张南松,2019-01-10 05:47:04,-2,2,4,b话真的多，还不能自己学
93508,635,张南松,2019-01-10 06:26:14,2,3,1,听他上课的就是折磨\n\n首先听不懂他在说什么\n\n听了好几次课 年前听懂一点点\n\n都是让人抄一下 只会让人抄一下\n\n什么也学不到 不如自学\n\n关键是他还要打断你自学\n\n跑下来问你写了没 为什么不写\n\n每次课后群里上传笔记的照片当作签到和平时分考核\n\n复习课也是让人抄一下 \n\n总而言之 听他的课就是一种折磨\n\n求学以来从来没见过这么差的老师
93804,635,张南松,2019-01-14 01:06:20,-2,0,2,双语教学
94034,635,张南松,2019-01-15 03:14:49,0,4,4,我认为张南松老师其实人很好，问题在于，一开始口音造成了沟通上的障碍，再加上他个人迫切地想进行教学上的改革，导致上课难度较大，且教学没有考虑学生实际情况，授课很跳跃等等，导致学生听课的困难进一步加大。然后又由于他本人十分负责，在随时都可能点名、小测的情况下，不允许学生自己默默看书，一直提醒大家“抄一下、写一下”“我看看你写了什么”“你在干什么，坐前面来”之云云，让人上他的课真的就相当的痛苦。
96565,635,张南松,2019-01-21 06:35:55,3,3,0,真的听不懂他在讲什么\n\n我为什么会选他的课\n\n后悔死了? \n\n
96606,635,张南松,2019-01-21 08:09:21,-1,0,1,不说了，你听得懂吗，一问三不知，事情还很多，我真的无法忍受
96687,635,张南松,2019-01-23 04:06:42,1,4,3,给分不错
96706,635,张南松,2019-01-23 04:10:55,6,7,1,上课体验极差，给分很好。唉
96717,635,张南松,2019-01-21 09:42:08,5,5,0,有同学约重修吗？
96795,635,张南松,2019-01-21 10:03:04,1,3,2,张老师上课有一些口音，然后呢会点名，建议大家做到前面。要学好这门课，关键还是要自己认真一点，老师上课的时候会让你写一些东西在书上，他比较反感上课玩手机睡觉，干别的事情的同学。课程内容比较难，应该比其他班要深，有很多国外的参考文献，其实给了我很多启发。
97997,635,张南松,2019-01-23 03:32:33,1,2,1,"虽然老师上课会特别""关注""在他看来不认真学习的同学，有时候也会在教室转半圈看看谁没做笔记，口音也有点重，但是只要坐到前排认真听，一个学期下来收获也很多(同时也能习惯他的口音) 很负责任很勤快的一个老师"
98013,635,张南松,2019-01-23 03:54:03,2,3,1,老师有口音，全靠自学，但最后调分真的爽
98023,635,张南松,2019-01-23 04:02:16,0,3,3,会点大概3次名，不要坐到后排。如果想在课上真正学东西不建议选。不过给分不错，考试前多做几套往年卷子，公式记清楚就行。平时不怎么听也没关系，反正听也听不懂orz
98024,635,张南松,2019-01-23 07:20:51,-4,2,6,一般吧
98025,635,张南松,2019-01-23 04:05:10,-1,2,3,口音需要时间去听懂，内容讲的还是很好的，给分也好
98027,635,张南松,2019-01-23 04:07:52,0,1,1,说实话，看你自己的选择，如果你选择坐后排那么请用功自学，做前排的话，不知道，没体验过 233
98031,635,张南松,2019-01-23 04:08:40,-3,2,5,什么都听不懂，别觉得是我不听还是什么的，是老师说话你根本听不懂，有一次老师对着我说了两句话，我都不知道他说的什么。而且上课事还很多，要下来看你们记没记笔记，笔记要拍照上传做签到，还要自己组织期中考试，做后面会被老师下来针对，做中间时不时的来看你写没写公式，做前面？找死那是
98033,635,张南松,2019-01-23 04:09:18,-3,2,5,北方来的小伙表示张老师虽然有点口音但听了两节课后基本和听普通话没什么区别了而且讲的很好 有时候严点 用心学可以学到很多有用的
98034,635,张南松,2019-01-23 04:09:34,6,6,0,作为一个北方人，听他的课真的很痛苦..上课经常让同学记他讲的东西，然而一般对考试都没太大帮助...给分还不错，要想成绩高的话还是考前多刷几套卷子比较实在
98035,635,张南松,2019-01-23 04:10:22,-1,2,3,建议选上果断退，上课完全听不懂，全程旁听别的老师，但是还是得去上他的课，因为不知道啥时候会点名。最后成绩各凭本事，会有调分，但是学习过程的确非常不友好。感觉老师空有激情但是没有上课的能力吧，他恨我们不听课，我们恨他讲不明白。
98038,635,张南松,2019-01-23 04:13:36,1,5,4,老师上课分分钟让我怀疑我是个假的中国人……数学菜鸡不适应老师的上课……但是谢谢老师最终捞了我一把qaq
98046,635,张南松,2019-01-23 04:19:21,4,10,6,老师上课其实挺有激情的，只是无奈口音太重，有点难听懂，很多时候要靠自学，不过最后给分确实挺好的。
98495,635,张南松,2019-01-23 13:41:04,-4,4,8,怎么没有零分这个选项，他妈的真想给他打零分
98752,635,张南松,2019-01-24 01:29:17,2,7,5,给分超级好\n\n
98967,635,张南松,2019-01-24 06:02:01,2,4,2,凉凉\n\n
99692,635,张南松,2019-01-25 05:09:40,14,20,6,我真的没想到浙大还有这种老师，算是开眼了……\n\n首先，上课差。别说什么口音不口音的了，播音腔都都救不了他的上课质量！整堂课就知道“诶！你你你！这个公式抄一下”“好多学生都不知道在干嘛！让你们抄公式啊”“公式都不抄！考出来都不知道是什么！”云云，然后扯一堆心灵鸡汤都算不上的废话。至于公式怎么来的，概念怎么解释的，半毛钱都不会提。\n\n其次，给分随意。每次作业认真写准时交，每节课准时到，忍受三节课他的废话和对全班的diss，以及各式各样名目繁多的点名（还有让你抄公式上交来签到的骚操作），小测也都认真完成。但最后平时分给得超差，完全没按学校标准来，感觉就是期末考考得好，平时分给的高，哪怕你没来上课；而期末考不好，一学期的努力就都给你否定掉。\n\n再次，素质超烂。永远在diss教材，diss学生，从来不在自己身上找原因。还喜欢自作主张，搞个期中小测什么的。而且信誉极低，说什么期中小测没考好不要紧，再给你们一次机会，回去重写一遍，分数会调高的云云……其实全是FP。\n\n总而言之，我不明白这样的老师为什么被往届学生举报那么多次还能继续上课。我们班好多人都跑别的老师班上听，还有人弃修了emmm\n\n我最后悔的就是没翘了他的课去听别的老师的，反正他也只看期末考嘛
103552,635,张南松,2019-03-01 03:31:57,-1,7,8,张老师的例子说明了，学生的打分，对老师来说影响也是很大的。我希望大家给老师打分的时候，能多多的考虑老师的教学态度。还有就是评论时候，有些人的戾气不要太重。
103564,635,张南松,2019-03-01 06:44:17,7,10,3,第一次上课之后选择退课。原因如下：1.上课基本不按教材上，且不说这本身有什么问题，教学方式不同可以理解，但是网上测试不是由他说了算的；2.有口音，但可以慢慢习惯，他对概统有自己的理解，他知道自己情商不高，这我们都能理解，但是上课他要求必须听课，做例题之后还要在名单上画圈打勾画五角星是什么操作？还说他认为平时表现好的五次以上平时给满分，可是评分标准很模糊！！！偏重于期末考试，可万一失手了呢，连平时一起否定吗？是，期末考得好得分不会差，但是模糊的标准让我们很不踏实，怕付出没有应有的回报！还一定要让你抄这个抄那个，书上都有，就算你知道这很重要，你强调一下不就完了吗，以为我们是小学生吗？这会让我们上课很累，我们有自己的学习方法不行吗？！反正不差这2.5学分，下学期再选，再见?     给他的建议：每个人的考试成绩自己会负责，知道自己有口音就踏实地上课，别整天整些没用的，还瞎掰些乱七八糟的，把规矩定定好，该说什么该做什么自己想想清楚！
103816,635,张南松,2019-03-06 04:06:16,8,13,5,我给老师打十分，因为他成功证明了，我通过一个学期的自学照样可以拿满绩
103868,635,张南松,2019-03-06 15:12:48,0,4,4,认真负责，虽然有口音，上课不那么自由，但是，给分炒鸡好，会抬两三档。
104863,635,张南松,2019-03-29 03:34:57,-4,0,4,性别歧视 无语
104873,635,张南松,2019-03-29 05:08:05,3,5,2,每节课听完就是一肚子气……
105412,635,张南松,2019-04-12 03:02:54,5,8,3,松哥上课几大重点：\n\n1.讲义上的东西记一下，抄一下\n\n2.后n排的同学要么往前坐，要么就出去\n\n3.同学上课都不听的，还给我打低分，害得我快要被辞退了\n\n4.麻省理工的学生。。。。。\n\n5.微积分老师把你们教傻了\n\n\n\n他滴全随机型授课顺序配上神鬼莫辨的普通话，根本妹有人能顶得住。\n\n强烈建议所以预制的都去退课换一个老师
105727,635,张南松,2019-04-19 03:26:10,1,5,4,开口跪
107419,635,张南松,2019-05-05 04:10:24,7,12,5,我猜是全浙大最差的老师。不能用正常人的思维来衡量。强制座位，侮辱学生，反复签到，蜜汁口音，毫无逻辑，强制笔记.....
107819,635,张南松,2019-05-17 02:30:16,0,5,5,我觉得吧，建议张老师还是在实验室里做做科研就够了。
110162,635,张南松,2019-06-24 04:07:13,5,6,1,只要点名有去，平时分全部送给你，天下哪有这么好的老师
111100,635,张南松,2019-06-29 15:58:02,5,7,2,上课很认真
111105,635,张南松,2019-06-29 18:45:28,0,2,2,经常点名
111161,635,张南松,2019-06-30 07:08:54,7,8,1,好老师，认真负责
111162,635,张南松,2019-06-30 07:09:54,4,8,4,铁汁们，这么好的老师去哪里找啊！哧溜~
111163,635,张南松,2019-06-30 07:13:17,3,7,4,张老师的课鞭辟入里，环环相扣，清晰明朗，让我受益匪浅。
111164,635,张南松,2019-06-30 07:20:16,3,6,3,认真负责  强烈推荐
112295,635,张南松,2019-07-04 01:04:18,1,3,2,我想重修了
112357,635,张南松,2019-07-04 02:37:46,2,3,1,给分不错
113320,635,张南松,2019-07-06 06:01:42,-1,1,2,呵呵呵→_→
115564,635,张南松,2019-08-04 13:24:58,1,6,5,第一门99分的课，必须要为张老师打call.\n\n虽然张老师有一些观点会比较激进，但是他其实讲课讲得很好，可能只是普通话不太标准，他的讲义都是自己准备的而不是用统一课件，对概念的分析透彻。最后一堂课手写满满8个黑板整理复习提纲，起到了考前提纲挈领的作用，考前如果能默背下他整理的提纲，就能拿一个不错的分数。
116354,635,张南松,2019-09-09 04:10:42,5,5,0,怎么会有这么垃圾的老师，真的无语
116805,635,张南松,2019-09-16 03:13:13,4,6,2,外语授课，爷真的佛了
116813,635,张南松,2019-09-16 04:35:18,-3,1,4,老师讲地超好哇
116814,635,张南松,2019-09-16 04:36:38,-10,4,14,老师很负责，真地超好哇⊙∀⊙！哭了，zns我男神
117127,635,张南松,2019-09-19 14:25:36,1,2,1,口音很重，慎选
117156,635,张南松,2019-09-20 02:26:43,3,6,3,草他妈的  这个老师不知道自己来干嘛的  浓浓的全她妈口音  这不重要  关键是上课讲个鸡儿  一直瞎比比别的东西 什么玩意都比较一下  还让你上课时间去登录网站  煞笔玩意  死活不讲课
117170,635,张南松,2019-09-20 03:40:08,-3,4,7,znssb \n\n\n\nsb\n\n\n\nsb\n\n\n\nsb\n\n\n\n公然鼓励鹅颈\n\n\n\n这种老师应该放他搞研究，\n\n给人上课就是误人子弟
117200,635,张南松,2019-09-20 08:20:12,4,7,3,还好吧，老师也有解释自己的方言。\n\n仔细听还是可以听懂的，感觉老师年纪很大？快退休了 大家努力适应一下也蛮有趣的。\n\n会督促学生往前站一点，虽然很强制，但是也是出于好心吧。\n\n但上课老讲些题外话就感觉真的有些不太好了（虽然老师的观点确实挺独特的，但概统也不是什么水课，这些东西可以课下聊好吧。\n\n（而且查老师匿名评论不要那么狠。。。。我就白莲花了！毕竟查老师不仅是给下一届学生看的 也是给予老师意见的一个通道。）
117234,635,张南松,2019-09-20 23:23:13,-6,2,8,如果所有老师都像您一样，在大学我们能学到更多知识。
117334,635,张南松,2019-10-19 07:52:15,17,21,4,说喜欢他还选了他的多门课的那条评论能有这么多赞？？？张南松买的水军吧？\n\n这个老师是我生平遇到的最差的老师，没有之一！！！这么喜欢垃圾分类，请您给您自己分个类
117634,635,张南松,2019-10-26 09:40:34,18,24,6,南松南松，南松南松。有一说一，老师属实8行。宁不喜欢我们的教材，这书上没有 那书是误导，宁能耐大宁怎么不自己编一本教材啊，在这哔哔赖赖的。整天日本台湾的，不知道的以为宁精日嗷。宁上课喜欢讲故事讲政治，宁做啥数学老师啊，宁怎么不去百家讲坛啊，易中天老师都没宁厉害啊。哦，抱歉，忘记了，宁说的不是普通话，是外语嗷，那百家讲坛不用去了。建议直接击毙嗷。@平安概率论与数理统计\n\n我又来二更啦！我真的非常想好好学概统，但每次我做到他的作业都一肚子火。
117686,635,张南松,2019-09-29 02:20:00,2,3,1,别问，问就听不懂。
117687,635,张南松,2019-09-29 02:20:00,2,4,2,别问，问就听不懂。
117688,635,张南松,2019-09-29 02:59:14,5,6,1,正在上课 心情暴躁 实在实在实在忍不住了来打低分 为什么没有0分的选项 我好难
117693,635,张南松,2019-09-29 03:23:04,3,4,1,生理不适
117722,635,张南松,2019-09-30 02:10:13,3,4,1,如果大学里多一些您这样的老师，我们的自学能力一定会更强。
117723,635,张南松,2019-09-30 02:28:13,6,8,2,滚nm的五角星
117724,635,张南松,2019-09-30 02:30:23,0,3,3,我以为我活过吴爷爷的线代课后已经百毒不侵，直到头铁选了他的概统……\n\n不过有一说一，感觉人还是不错的，对概率论很有热情，如果做好预习+半猜半蒙还是能跟上他上课节奏(的吧?)
117736,635,张南松,2019-09-30 04:03:08,2,4,2,这垃圾老师纯属浪费时间，相信我，去自学，不然成绩会很可惜，你完全弄不明白他的上课思路，还有就是一直让你写一写，又跟本不给你时间，连照本宣科都不配，真 辣 鸡
117854,635,张南松,2019-10-06 03:50:49,3,4,1,谜之尴尬谜之尴尬谜之尴尬
117997,635,张南松,2019-10-18 02:17:17,4,7,3,第一次在中国面对中国人遇到语言障碍
117998,635,张南松,2019-10-18 02:49:18,4,4,0,北方人的痛，就是我觉得点名这一点非常不好，因为听不懂语言想去别的班蹭蹭课，但是每节课花式点名真的扛不住！真的难过，恼火，懊恼，一肚子气……
118023,635,张南松,2019-10-19 03:10:15,0,3,3,一句话都别想听懂！
118028,635,张南松,2019-10-19 03:47:25,-2,1,3,建议自学
118030,635,张南松,2019-10-19 03:49:21,-1,2,3,听不懂
118093,635,张南松,2019-10-21 02:12:23,10,11,1,求你做个人吧上课不要毫无逻辑地跳来跳去，不会说中文就语速慢点讲啊有这么难吗？
118098,635,张南松,2019-10-21 02:30:04,8,10,2,学生需要考试，老师为什么不用考核?
118104,635,张南松,2019-10-21 03:23:28,1,2,1,选课请慎重
118115,635,张南松,2019-10-21 04:00:21,2,4,2,对他的数学造诣没资格评价，但讲课真的不行
118118,635,张南松,2019-10-21 04:05:20,-1,2,3,三个字
118464,635,张南松,2019-10-27 09:01:49,1,2,1,上课会说一百遍抄书，疯狂diss教材，还说别的老师只会让同学抄书
118465,635,张南松,2019-10-27 09:04:26,0,3,3,花式点名，疯狂让同学抄书，一节课可以从第三章翻到第六章抄到第四章讲回第二章。新课，不是复习课
118518,635,张南松,2019-10-28 02:49:24,2,3,1,这个评分这么高的zns是怎么回事
118666,635,张南松,2019-10-30 08:03:03,4,6,2,太垃圾了 让人生气
118778,635,张南松,2019-11-01 02:12:15,-2,2,4,？？？
118781,635,张南松,2019-11-01 03:19:02,3,6,3,上浙大以来遇到过最恶心的老师，没有之一
119159,635,张南松,2019-11-11 02:30:17,6,9,3,这个样子的也能高达3点几哦，水军是真的牛批。
119160,635,张南松,2019-11-11 02:32:54,2,4,2,一天天的瞎讲八讲 除了抄一下写一下还会讲个啥
119179,635,张南松,2019-11-11 04:17:14,4,6,2,方言授课这个事 往小了说是个人习惯不好 往大了说就是地域歧视\n\n但是现在，只有nmsl能表达我的心情
119184,635,张南松,2019-11-11 05:15:15,1,2,1,折磨啊
119218,635,张南松,2019-11-11 08:58:24,2,4,2,建议弃修
119508,635,张南松,2019-11-13 06:54:23,7,7,0,课下学概统，课上学方言
119637,635,张南松,2019-11-14 11:31:01,1,3,2,真的是垃圾
119638,635,张南松,2019-11-14 11:31:44,-2,0,2,呵呵。
120249,635,张南松,2019-11-26 07:42:01,-1,1,2,难听。
120261,635,张南松,2019-11-26 10:56:57,6,6,0,垃圾老师，毁我大一，两年过去了看到这个名字还是恶心
120262,635,张南松,2019-11-26 10:57:56,0,2,2,哪来的水军，他连一分都不配
120388,635,张南松,2019-12-02 10:30:01,5,5,0,让我想退学
120465,635,张南松,2019-12-09 03:51:14,2,2,0,选这个老师就做好完全自学+上课随时点名做小测的准备吧……
121259,635,张南松,2019-12-25 07:36:06,1,2,1,无语了
121420,635,张南松,2019-12-16 08:16:57,3,3,0,我是真的佛了 这里也有狗粉丝
121430,635,张南松,2019-12-16 07:03:09,0,2,2,痛不欲生，听不懂说的话
121695,635,张南松,2020-01-21 02:07:11,9,11,2,刚刚出分，挂了。慕课全刷，作业全交，上课全勤，但凡上课他讲的狗语能够听懂十分之一，也不至于会挂科。没天赋的人就别来这种纯靠自学的班了，真的痛不欲生。
121733,635,张南松,2020-01-21 09:26:49,12,13,1,上课很差，不是那种有口音的差，而是上课逻辑不清，上他的课绝不会犯困，只会听得脑壳疼。此外高频率无规律签字点名，逼的你只能来上课听。上完他的课我才明白，原来完全自学也可以满绩的
122887,635,张南松,2020-04-17 03:00:17,8,10,2,高校低质课堂的典型代表。中国高校论文导向的风气已经严重到畸形了吧？完全不管老师的教学水平？师者传道授业解惑，就这课堂质量，把这个定义抄一下，把那个公式抄一下，你不说，我还以为是哪个十八流培训机构的老师？你说你反对大纲的限制，但大纲限制的内容都教不好，谈什么发展？一直抄这个记那个，全程填鸭式教学，嘴上却扯着西方高校课堂的自由氛围？疫情期间西医贡献了多少力量，你究竟对医学懂多少，要去贬西医抬中医？人之所以言之凿凿，是因为知道的太少。真的很气很气，当还是要明确一点，我不是批他这个人不行，我是批他教学不行，他应该去做研究，不应该来教书的。
123853,635,张南松,2020-06-15 03:48:42,1,4,3,概统:希望老师明确一下评分标准，不要上课随随便便就给个满平时分了
125639,635,张南松,2020-09-12 13:49:26,4,7,3,张老师的课因为要记笔记所以特别认真\n\n实话，课件比书的内容难多了，老师自己编的题目很有质量，需要动脑子才能做出来\n\n时不时的停下来催我们做笔记也是真的哈哈哈\n\n对我来说，基本靠自学，课上找老师课件上的错误，怼老师，但是，老师一点脾气也没有，还说很感谢指出了错误，就是感觉老师好大度\n\n老师会点名，最后如果积极一点，老师会给平时分满\n\n另外，助教哥哥真好，赞赞赞，很耐心\n\n
127080,635,张南松,2020-11-05 15:29:47,1,2,1,千万别选，上课完全听不懂他在说啥呢，和自学没差别
127130,635,张南松,2020-11-09 12:38:48,3,3,0,我听不懂啊！方言太重了啊啊啊！！！
128651,635,张南松,2020-12-25 02:27:40,3,3,0,快逃快逃
128685,635,张南松,2020-12-25 04:15:36,0,3,3,每位同学写一下 书上写一下\n\n真的很悲愤…完全得靠自己\n\n上课的前一天还会加额外作业…我的学习计划每次都被打乱。大家快逃！！！
130013,635,张南松,2021-01-15 03:08:56,2,4,2,快逃！！！！！
130196,635,张南松,2021-01-19 02:21:48,1,4,3,垃圾狗！
130261,635,张南松,2021-01-20 10:03:17,-3,3,6,老师看重平时认真与参与程度，虽然事情有点多，但是可以看得出还是很用心的
133377,635,张南松,2021-02-26 11:27:29,0,1,1,快逃吧学弟学妹们，绝对不要对于自己的听音辨字过于自信了。
133792,635,张南松,2021-03-05 10:57:28,-1,1,2,不配当老师
134037,635,张南松,2021-03-13 06:26:32,1,1,0,不想多说什么，自学就是了。
134967,635,张南松,2021-04-25 10:52:30,2,3,1,快跑快跑快跑！！！！
144478,635,张南松,2021-12-22 00:14:07,3,3,0,嘬卵摁子
144662,635,张南松,2021-12-23 04:20:14,-2,2,4,毁我青春！！！快逃！！！不然会die得很难看！！！给两分，多的一分是偶尔温和的语气！
144694,635,张南松,2021-12-23 07:47:17,0,3,3,给分其实还行。。。。数学课嘛自学为主
144805,635,张南松,2021-12-24 04:00:00,4,4,0,请说中文。建议退休。
146682,635,张南松,2022-01-07 07:49:11,0,2,2,上课口音问题属实老生常谈的问题了，除了这个，今年疫情线上上课的时候，钉钉直播啥内容都不往屏幕上放，对着个黑板界面嘟嘟囔囔自己瞎讲一通，本来就听不懂讲的什么这下直接连个课件都没有，我寻思你这是除了嘴连脑子都忘带来了？
147685,635,张南松,2022-01-10 12:56:04,-2,10,12,真的是shabi老师，祝你赶紧患癌症死了
148631,635,张南松,2022-01-13 05:06:14,1,3,2,给学生划分等级，每天上课必说好的学生怎么怎么样，差的学生怎么怎么样
150638,635,张南松,2022-02-07 03:18:27,11,13,2,人生四大不幸事：zns的概统，tmq的大雾，ljj的oop，Mario的写作
152529,635,张南松,2022-04-14 05:51:59,2,4,2,快逃！
156500,635,张南松,2022-06-20 05:08:15,3,4,1,很傻b
157730,635,张南松,2022-06-24 13:08:36,-1,1,2,不大行
158632,635,张南松,2022-07-01 01:55:49,0,1,1,前人栽树，后人乘凉
160460,635,张南松,2022-09-23 04:20:37,-1,1,2,真的受不了，这口音，绝了……
161097,635,张南松,2022-10-26 20:45:51,2,3,1,只能说，数院三大低分老师（蔡天新2.44，王会英2.55，张南松3.28）没有一个冤
161717,635,张南松,2022-11-11 04:12:44,6,7,1,老师很认真，很想把课教好，奈何不对味……上课必须神经紧绷，但是却学不到多少有用的，还得抄这个抄那个，听不大清楚，也没多少联系，回去再看就不知道抄的啥了（指几页上面写几页什么的）很累……不值得
163425,635,张南松,2022-12-14 09:15:22,0,2,2,sb一个
163933,635,张南松,2022-12-16 15:21:39,5,6,1,我想，多年以后，面对等待处理的数据，我将会回想起张南松提问我们“概率是什么”的那个遥远的上午。
164606,635,张南松,2022-12-22 07:47:23,1,2,1,不想强迫学学习怎么记笔记，除了让大家抄抄抄貌似什么也不会，作为一个概率论老师不知道欧拉错排也是奇迹
169457,635,张南松,2023-02-26 08:50:27,2,2,0,出分了 客观评价一下老师 课讲的是真的烂 但是给分很可以的 自学高手可以选
169520,635,张南松,2023-02-26 15:14:54,-1,0,1,给分还好但是讲课是真的烂 老师是宁波人我听他的课有种重回高中听老教师讲课的感觉但是班上的其他同学都表示听不懂不过就算听懂了他讲的是什么话也听不进去 最后我是纯靠自学再加上刷历年卷最后分数我觉得也对得起我自学的努力吧
1902,648,王梦,2015-03-26 05:25:34,4,28,24,梦姐姐~课很棒
1944,648,王梦,2015-03-26 15:30:59,-6,12,18,讲课很棒，梦姐姐要求很高很认真
2180,648,王梦,2015-04-06 02:45:26,-6,7,13,很负责 有所得
2941,648,王梦,2015-05-11 10:25:37,-6,8,14,讲的很细心 超级棒
3448,648,王梦,2015-06-15 11:21:38,-6,8,14,女神讲课好极了
3745,648,王梦,2015-06-17 03:07:11,-3,18,21,太差，讲的太不仔细
4338,648,王梦,2015-06-19 06:50:57,-6,7,13,收获很多～
4880,648,王梦,2015-06-30 06:39:45,-3,10,13,上得很慢，讲的很基础
6973,648,王梦,2015-08-23 10:51:16,-1,11,12,注重思维，讲课慢但是细
8663,648,王梦,2015-11-20 18:56:45,5,16,11,用词不专业而且详略不恰当
8680,648,王梦,2015-09-24 02:42:41,5,13,8,老师讲的很仔细，都能理解，对问题耐心解答，脾气好
8954,648,王梦,2015-10-04 12:52:11,19,34,15,好乱啊。还拖堂……\n\n
9110,648,王梦,2015-10-13 06:59:21,5,16,11,想到哪讲哪 乱来
9161,648,王梦,2015-10-15 02:11:38,2,8,6,…只要打分不就好了为什么要评价\n\n
9428,648,王梦,2015-10-27 03:15:57,6,11,5,字写太轻了吧 坐后面的人怎么看额
9523,648,王梦,2015-10-29 07:37:12,0,9,9,讲的很细心，老师很负责
9722,648,王梦,2015-11-06 00:47:46,4,12,8,讲课很细，会详细讲一些定理的推到过程。不过就是讲课进度会比较慢，缺乏激情
10178,648,王梦,2015-11-17 06:56:56,13,21,8,太慢了
11963,648,王梦,2015-12-21 11:51:43,-2,1,3,哈哈哈
12142,648,王梦,2015-12-22 04:22:15,38,58,20,拖堂之王，不给下课，上她的课完全买不到便当┑(￣Д ￣)┍
12484,648,王梦,2015-12-23 11:27:46,-2,9,11,挺亲切的。很适合基础不太好的同学
12712,648,王梦,2015-12-24 02:22:19,4,6,2,。。。
13189,648,王梦,2015-12-25 05:46:06,-8,3,11,讲得很仔细，所以讲得很慢，每个人都能听懂。
13349,648,王梦,2015-12-27 06:48:36,-4,3,7,还是挺不错的，就是真的比较慢，
13528,648,王梦,2015-12-29 03:12:57,0,2,2,.............
14623,648,王梦,2016-01-08 03:41:09,-4,3,7,讲得挺好的，但很慢\n\n
17336,648,王梦,2016-01-23 15:46:52,20,28,8,不太听得进去
17486,648,王梦,2016-01-20 09:48:57,-11,4,15,很棒的老师啊
18677,648,王梦,2016-01-22 09:20:58,16,30,14,很无聊，一直在讲书上例题，讲的也很乱，不管是上课进度，还是期末出分速度，都是最慢的，拖课之王，重度拖延症患者。
18776,648,王梦,2016-01-22 13:33:52,-9,1,10,挺好的。
19235,648,王梦,2016-01-23 15:24:29,33,56,23,原以为只是讲课烂，没想到给分也烂，呵呵
19238,648,王梦,2016-01-23 15:35:57,-5,4,9,讲的很仔细，很基础，比较注重分析理解，认真听会有收获的！（就是进度稍微慢了点）
19241,648,王梦,2016-01-23 15:49:48,0,3,3,。。。
19243,648,王梦,2016-01-23 15:58:05,-5,6,11,上课挺无聊，很困，但老师很亲切，上得很细致，但也很慢，作业有时候很多，给分还可以
19319,648,王梦,2016-01-24 01:32:49,16,27,11,听说只按期末成绩给分哭死在厕所
19347,648,王梦,2016-01-24 02:39:37,16,24,8,没有平时分
20099,648,王梦,2016-01-26 05:31:57,-10,2,12,好好好好好好
20344,648,王梦,2016-01-27 05:34:55,-16,6,22,数学分析-讲课思路很清晰\n\n觉得梦姐姐上课讲的不好的一般都是学渣。
21205,648,王梦,2016-02-26 07:57:38,7,16,9,垃圾
21464,648,王梦,2017-07-08 00:43:59,3,17,14,傻逼
21755,648,王梦,2016-03-01 03:34:13,-11,4,15,给分蛮好的啊～讲课很细致，就是不适合我，有点听不进去。最坑的地方在于中午拖堂拖到没饭。。。综合感觉还可以
22117,648,王梦,2016-03-02 11:32:58,15,21,6,感觉就是按期末成绩给分。。。我这种大类选专业的被微积分坑害了不止一点点。。。室友平时也不错，居然不及格。。。
22166,648,王梦,2016-03-03 00:41:20,-3,4,7,比高中老师讲的还细...
22220,648,王梦,2016-03-03 03:34:46,7,12,5,讲得乱，拖堂，说不来上课可以但最后还是会扣分，大半时间是听不进去的
22556,648,王梦,2016-03-08 02:45:44,9,13,4,有随堂习题，进度非常慢
22756,648,王梦,2016-03-10 16:13:50,13,22,9,留给各位退课的时间不多了
22762,648,王梦,2016-03-11 01:29:05,5,15,10,辣鸡老师，毁我青春
22934,648,王梦,2016-03-15 02:49:58,7,15,8,想睡觉，绩点毁了。专业也毁了。\n\n
22943,648,王梦,2016-03-15 04:17:14,4,10,6,讲课很乱，完全没有节奏，喜欢拖课
23069,648,王梦,2016-03-17 01:43:26,8,14,6,无敌拖课王，王梦之后的课只能后排，经常拖了课还说，啊下课了，我怎么没听到铃声。
23208,648,王梦,2017-07-07 15:58:46,7,21,14,神慢神烦!一直在装逼，自我感觉良好，频频出错!唯一讨厌的老师!\n\n“你们抄课后解答啊，真不是说我鄙视你”\n\n对一个抱怨上课慢的男生说:“下节课不想再看到你出现在我的课上”\n\n害怕
23219,648,王梦,2016-03-22 04:13:35,7,12,5,慢，没条理，重点不突出，上课做题完全是浪费时间，想学的又快又好的还是别上她的课了。
23292,648,王梦,2016-03-24 00:38:28,8,14,6,把简单的东西复杂化
23347,648,王梦,2016-03-25 12:32:54,4,7,3,呵呵呵
23403,648,王梦,2016-03-29 02:55:38,2,9,7,垃圾\n\n
23532,648,王梦,2016-04-05 06:48:06,3,8,5,给分很烂…呵呵
23677,648,王梦,2016-04-12 04:11:35,3,5,2,不如自己看书
23728,648,王梦,2016-04-14 01:07:35,10,17,7,优点：脾气好，没见过发火；讲课有激情\n\n缺点：讲的慢（比隔壁慢了一周多的课程）；讲的乱（基本是想到哪讲到哪）；拖堂之王绝非浪得虚名（三节课只有一个两分钟课间，上厕所都不够；放学也会拖一会）\n\n总评：能换就换！！！！！血的教训！！！！！！
23797,648,王梦,2016-04-17 08:18:18,2,7,5,讲得很乱没有逻辑、翘课听别的老师（最好尽早、太慢了）
23831,648,王梦,2016-04-18 10:44:45,3,7,4,太可怕了，简单的东西能讲的很复杂……还拖课
23861,648,王梦,2016-04-19 03:27:55,2,5,3,额，还是自习吧
23969,648,王梦,2016-04-23 07:55:10,1,5,4,讲的十分差
24403,648,王梦,2016-04-30 12:33:23,3,7,4,呵呵呵
24405,648,王梦,2016-04-30 13:00:39,5,12,7,垃圾老师 毁我青春 讲课无头绪 还不如自学
24426,648,王梦,2016-04-30 13:35:39,1,9,8,垃圾，可以去死了
24441,648,王梦,2016-04-30 13:57:55,1,10,9,垃圾中的垃圾，课上的烂，给分还烂
24457,648,王梦,2016-04-30 14:24:43,-1,6,7,可能喜欢听课的人会还好吧，我这种纯靠自学的会比较被烦吧，老是打扰上课自学的人，不过人还是可以的，其实最后建议喜欢自学的人选评分低的老师
24644,648,王梦,2016-05-03 08:56:09,-3,5,8,同志们…还有一天退课时间大家抓紧了！
24752,648,王梦,2016-06-27 13:33:02,-26,5,31,老师非常烂 很烦 瞎鸡巴讲 不过我满绩
24822,648,王梦,2016-05-04 02:07:16,-1,2,3,………
25068,648,王梦,2016-05-05 06:31:46,-2,4,6,怎么没有0分
25363,648,王梦,2016-05-16 03:55:57,0,2,2,讲的特别高深，让人越听越慌。
25507,648,王梦,2016-06-28 04:19:42,0,7,7,非常之恶心，一辈子就这么毁了
25651,648,王梦,2016-05-31 02:58:57,5,9,4,作业好多……一边说你们可以去听别的老师的课，一边又布置附加题算平时分，让你不得不来上她的课，剧毒?
26297,648,王梦,2016-06-16 15:50:45,0,1,1,………………
26862,648,王梦,2017-01-10 08:45:36,1,8,7,毁人前途。
27561,648,王梦,2016-06-27 03:34:07,-1,8,9,感觉梦姐姐数分课教得很好啊，思路特别清晰，给分也很好…而且长得也好看啊啊啊
28290,648,王梦,2016-06-28 08:27:22,0,4,4,我微二微三自学成才(T＿T)
28850,648,王梦,2016-06-28 23:07:27,4,10,6,不知道为什么评分这么不好 。。。我觉得不错啊，我微积分一直和她学的，她讲的慢但是仔细，给分哪有这么差。。。诸君平时有好好学吗。。。
28899,648,王梦,2016-06-29 03:04:48,-2,3,5,不怎么样
28901,648,王梦,2016-06-29 03:05:56,2,5,3,无趣至极
30568,648,王梦,2016-07-02 03:40:07,-1,4,5,反正就是绩杀，别的不想说了\n\n
30573,648,王梦,2016-07-02 03:53:30,-1,5,6,垃圾，毁你一生
30598,648,王梦,2016-07-02 04:36:44,-2,7,9,全靠自学\n\n期末成绩只看卷面分，说因为平时的作业我们都是抄的解答\n\n微三考试前我把几乎所有例题和习题都做了一遍\n\n绩点低到让我震惊\n\n只能后悔当初没有不顾一切地退课
30602,648,王梦,2016-07-02 04:43:57,-1,6,7,辣鸡不解释
30636,648,王梦,2016-07-02 06:01:07,-1,6,7,绩杀，催眠有术
30781,648,王梦,2016-07-02 13:01:35,-2,8,10,呵呵呵呵辣鸡老师。只按卷面给。。醉了。。毁我专业课。创造了大一最低分！数学不好的话别选了！除非你能你卷面考很高?
31418,648,王梦,2016-07-04 01:41:17,4,16,12,王梦的微一1.8微二3.6。将云老师的微三4.5。上过别的老师的课才知道！什么是腊鸡老师…讲课很乱，很喜欢推导原理，用词不恰当。真是后悔当初没换老师。
31879,648,王梦,2016-07-05 04:56:54,-8,0,8,超级好老师\n\n讲的特别仔细\n\n出分也很仔细\n\n呵呵
33322,648,王梦,2016-09-18 07:11:17,-1,3,4,很可爱
38111,648,王梦,2016-11-24 10:40:42,-7,1,8,人很和蔼，但讲课真的不是很好。把简单的东西讲的很明白，难的东西却讲不明白。而且讲课进度超慢，微积分作为基础课还是尽量找个好老师吧
51177,648,王梦,2017-05-23 02:16:53,-5,2,7,辣鸡老师 给分差 作业多 经常拖课
56251,648,王梦,2017-07-03 10:30:15,4,4,0,实变给分还可以
56258,648,王梦,2017-07-03 10:39:21,6,7,1,老师给分超好 感觉没学好 以为挂了 没想到有80 哈哈哈再碰实变是狗
56259,648,王梦,2019-01-03 04:28:51,51,69,18,上课虽然有些小混乱，但深度足够，体系也算清晰。老师人很好，免费帮印书。期末早上考完，下午出分，效率很高，给分巨好。二话不说直接十分。15级求数的兄弟姐妹顶起。
56272,648,王梦,2017-07-03 11:12:07,4,4,0,给分感人
56284,648,王梦,2017-07-03 11:42:16,4,5,1,实变给分很好
64006,648,王梦,2017-12-20 13:32:09,12,13,1,很好，很认真
70930,648,王梦,2018-01-28 00:28:39,5,6,1,讲课确实是有些乱，建议预习之后自己列一套框架，然后去听她的课的时候把她补充的知识填进去，跟她思路跟不住的......期末调分跟平时表现关系很大，平时好好上课写作业，不要惹老师生气，最后应该也不会很差。
71471,648,王梦,2018-01-28 13:28:16,29,37,8,老师讲的难度很大，一定要多复习，然后课下也要做练习，仰慕lxy大佬
71477,648,王梦,2018-01-28 13:40:02,3,4,1,很关心学生的老师哦！
73331,648,王梦,2018-02-01 10:47:33,3,4,1,认真的好老师
74254,648,王梦,2018-02-08 05:37:35,7,8,1,ymlxydl
74371,648,王梦,2018-02-15 12:32:07,4,4,0,很棒棒
74438,648,王梦,2018-02-24 04:56:06,5,5,0,老师很负责啊
74447,648,王梦,2018-02-25 04:19:03,11,15,4,王梦讲课很好啊。我不知道评论区是这么鬼。我觉得是数院讲课最好的老师了，给分跟听课成正比啊，好好听课考试就能考好。
76208,648,王梦,2018-03-29 05:01:56,6,7,1,ymlxydl
86474,648,王梦,2018-09-16 23:53:37,8,8,0,wmjj人很好的，还会给我们报销去玉泉的出租车费，一定要选wmjj的课啊。
103583,648,王梦,2019-03-01 14:24:40,21,23,2,讲实话，老师讲课（至少数学专业课）是十分到位的，不管最后成绩怎样，我觉得这位好老师都值得称赞。
113503,648,王梦,2019-07-07 21:03:42,17,18,1,wmjj人真的超好，纯分析的课我觉得这种上课方式比那些只念书的老师更生动，虽然也更需要认真听和理解。
113859,648,王梦,2019-07-07 21:14:40,12,12,0,老师真的人很好，听课完全就是紧张的享受，是两年分析课以来，最清晰，最高级的了。
113877,648,王梦,2019-07-07 22:57:14,16,16,0,深度和广度都足够的分析课，太喜欢了！给wmjj打call。
113882,648,王梦,2019-07-07 23:05:02,18,19,1,wmjj讲课体验满分！吹爆！选到就是赚到！可惜的是wmjj不开泛函QAQ
113888,648,王梦,2019-07-07 23:28:09,22,25,3,上的是实变函数。完全不知道老师评分为什么这么低。学弟学妹千万不要看到老师评分就退老师的实变函数啊！\n\n1.上课条理非常清楚，有自己的扩展，讲的很仔细，上完课以后怕大家听不懂还会问同学她讲的是不是太快了。\n\n2.每周基本都会跑过来东区答疑，有不懂的的题目也可以直接在群里找她问她能不能上课讲解\n\n3.拖堂什么的不存在的，基本都准时下课\n\n4.最重要的是这么好的老师给分也特别好！因为上过另一位高分的分析基础能明显感觉到wmjj给分真的好！
113891,648,王梦,2019-07-07 23:44:18,12,12,0,wmjj讲实变课讲的真的很棒，条理清晰，内容也很有深度，碰到数学系最好的老师之一了
113905,648,王梦,2019-07-08 00:23:35,13,14,1,wmjj真的非常非常棒，她不一定会捞人什么的，但她的课无论是从条理性，整体性，以及进度把握来说都非常棒，就算我最终分数不够理想，但我完全觉得这是我的问题，她在教学上是非常非常优秀的。另外，声音真的很好听啊。不过wmjj会比较严格，这在大学里面其实已经很少见了不是吗？
113908,648,王梦,2019-07-08 00:26:53,27,30,3,实变选王梦！实变选王梦！实变选王梦！被查老师严重低估的老师！
113913,648,王梦,2019-07-08 00:30:19,10,10,0,老师很强，会问你数学分析学的怎么样，除了实变基本知识以外，还会讲很多更深层次的内容（虽然菜鸡听不懂），吹爆王梦老师。
113914,648,王梦,2019-07-08 00:31:42,6,6,0,王老师专业课上得非常好，实变上得不满，到期末刚好上完，平时也有习题课，几乎不拖课，强烈推荐！
113926,648,王梦,2019-07-08 00:56:25,4,4,0,听课感受一流
113929,648,王梦,2019-07-08 01:09:21,6,6,0,给分不错，讲课一流
113937,648,王梦,2019-07-08 01:30:51,5,5,0,很好的老师。实变会安排习题课，还会延伸课外知识，而且比较注重思想的培养。期末给分也很好。
113942,648,王梦,2019-07-08 01:50:39,15,15,0,我吹爆wmjj啊，上课十分认真有条理，不局限于课本（当然这是因为老师读过很多教材，基础牢固）。然后答疑超级热心，只要约老师，wmjj都会亲自到zjg东二麦斯威答疑。然后给分也超级好的嘤嘤嘤！数院学子一定要好好珍惜wmjj的课啊！（至于查老师分低，都是因为以前微积分讲得太深奥，工科同学不适应罢了……）我真的好爱wmjj啊！
113985,648,王梦,2019-07-08 05:58:50,5,6,1,上过王梦老师三学期的数分课，咕了一个学期过来写点评论叭\n\n比不上评论区的大佬们，我三学期的数分都没上4，而且一次比一次低，但这并不妨碍我吹爆wmjj\n\n首先上课，老师上课讲的足够清晰，且对于数分这一门重要的基础课程，有讲很多有意思的补充内容（后来上实变的时候才发现很多内容数分就讲过了2333），认真听一定能听得懂\n\n然后老师的要求确实蛮高...不过这对我们其实是好事情。学数分的时候要求我们做完课后的所有作业题，当时觉得苦不堪言，现在想想真的很后悔没有认真做...否则我数分就不会越来越差了...三学期数分的期末考试都蛮难，但感觉最后的分数完全和平时上课情况相关，平时认真学一般都不会太差的。\n\n最后老师人真的超好，超级负责，免费帮我们准备数分习题集，而且有任何疑问都可以随时去找老师，还记得18年元旦老师牺牲自己的休息时间来东区麦斯威给我们答疑。\n\n总之真的超好的...数学系的大家千万别被评分误导了...
117085,648,王梦,2019-09-19 05:27:49,6,6,0,评论啥玩意？不建议非数学系的选她，不过王老师现在应该只开数分和实变了
120434,648,王梦,2019-12-05 02:50:44,9,10,1,一个能激起你对实变函数以及高级的分析课程的兴趣的超级优秀的老师（ps：老师读过的实变教材是真的多
122115,648,王梦,2020-02-13 12:47:33,-18,0,18,不按上课讲过的方法证明就算错
125118,648,王梦,2020-09-01 08:36:48,-18,0,18,网课体验很不错，在学在浙大上用插件4倍速听课就很舒适
125346,648,王梦,2020-09-07 06:55:16,1,3,2,很不错的老师
125636,648,王梦,2020-09-12 13:43:29,4,9,5,人生第一门满分满绩是在王梦老师这里拿到的（数分II）...老师的课内容丰富讲解细致，作业补充题很有意思；老师为人也非常好，另外，老师的声音真的好好听啊。老师的助教姐姐和助教哥哥也好棒棒呢！
130931,648,王梦,2021-01-25 09:15:01,-15,2,17,期末直接调和函数走起，就没有几道题能做的，数分上的实在有特色
131810,648,王梦,2021-01-29 04:08:18,-20,3,23,期末这叫试卷?不好意思，我们没用心学，所以均绩二点几?
131853,648,王梦,2021-01-29 06:35:47,3,3,0,班上80分以上的只有30%，这波操作叫反正态？
133776,648,王梦,2021-03-05 03:49:08,4,4,0,我就是来说一下老师今天（2021年3月5日星期五）上课11:15左右写下的“A_λ≠∅”应该是“Λ≠∅”，即指标集不为空。我不能让老师知道我在看直播，所以就在这里说一下。
137739,648,王梦,2021-07-06 02:49:50,8,8,0,实变函数救我
137852,648,王梦,2021-07-06 10:53:53,9,9,0,wm，我的超人…
137926,648,王梦,2021-07-06 15:19:51,11,11,0,实变重修选手，去年被陈叔平坑惨了，今年毕业年选了王梦老师的课，但是感觉自己和去年比没啥变化，依然学不会。不过给分比陈叔平好，没让我再挂科，我就满足了，悬着的心终于放下来了。评分带主观色彩，请无视。只是想在这里感谢一下王梦老师和她的助教姚泽宇。
139200,648,王梦,2021-07-13 08:21:09,7,7,0,实变讲的挺好的
145397,648,王梦,2021-12-29 10:14:16,4,4,0,实变选王梦
151292,648,王梦,2022-02-28 01:49:17,8,8,0,众所周知，从20级开始，求数和强基的培养方案和以前相比有一些变化。许多变化是次要的；在我看来最重大的变化还是三学期的数分+一学期的实变融合为三学期的分析，总学分数从18.5减少到15，总课时数从352减少到约270（差不多减少1/4）。
154584,648,王梦,2022-06-02 08:30:29,-2,1,3,好老师，我绩点差我的问题
160046,648,王梦,2022-09-12 08:32:33,3,3,0,19级数分三被薄纱了，全班均绩2.8
160761,648,王梦,2022-10-10 05:41:37,-1,2,3,很爱她！超好的老师
161537,648,王梦,2022-11-08 09:59:38,9,10,1,被分析三虐的死去活来，wm老师上课很有条理，但是这作业量真的不在接受范围内啊......实变部分上的很快，课能跟上但打开作业一脸懵逼啥也不会，不说了明天还要交分析作业QAQ
170426,648,王梦,2023-03-04 13:02:57,1,10,9,上课讲得特别混乱，作业量巨多还特别难，期末不按套路出牌 只适合大佬来听，其他同学慎选，血的教训！
172454,648,王梦,2023-04-27 06:14:57,-1,6,7,王梦的实分析非常非常棒 真的 大一学的实变函数 大三听王梦的实分析感觉真的好舒服
172599,648,王梦,2023-05-01 12:32:38,7,7,0,思路是很好的，不过上课体验真心一般，一些地方过的很快，板书写的小，擦黑板又擦不干净，到后面直接完全看不清板书
177504,648,王梦,2023-07-03 13:38:28,10,16,6,研究生选的王梦的实分析，居然是和求数强基一起上的，也就罢了。\n\n讲课喜欢把各种性质罗列在一起，重结论轻证明；但期末考试基本又全是证明，只讲了一节多课的傅里叶变换考了整整55分，一个学期的认真听课勤记笔记换来了从本科以来所有课程得分的新下界。\n\n我觉得这应当是教学事故。
177567,648,王梦,2023-07-03 18:05:10,15,17,2,讲课不能说特别烂，但感觉思维比较混乱，经常一章讲了中间几节的那种。期末是一点不调分的，就嗯挂大三本来有保研资格的哥们（虽然我不知道大三下的课还会不会影响）期末考试也纯纯逆天，傅立叶学两节课作业一道不留然后期末考55分。我自认为还是学了一段时间（平时课确实有的没去但也在自己看书学，而且至少去了2/3的课吧）考试周主要精力都在学实分析。而且我自我感觉平时分析类的课程学的也都还算可以，最后喜提60整。凭我对期末卷子做答情况的感觉应该是没捞或者只捞了一点点。只能说慎选。
177685,648,王梦,2023-07-04 08:31:34,27,33,6,刚上完实分析，来说说我的评价：\n\n1.教学水平：\n\n（i）她的课完全不适合自学，上课经常形散神散，讲一会这一章这一节又跳到另一章另一节。只有注意力极其集中在课堂上才能跟着走，对喜欢自学的dl们极其不友好。\n\n（ii）前期讲的巨慢，导致后期草草带过证明细节而只提了性质和结论。而恰好又在期末考试考了55分的Fourier分析，但证明几乎没有讲，习题也没布置过。直接导致前期热情被测度理论消耗殆尽，后面又疯狂补天。\n\n（iii）板书凌乱无序，过于意识流，并且字偏小，后排完全看不清。以及黑板擦不干净（这个不知道是不是教室的原因），经常看不懂黑板上写的东西。\n\n2.给分情况：\n\n从期末考试讲起吧。整门课前半部分基本都是在讲一维的测度论，而考试考的是高维的。然后后面考了55分的傅立叶分析，关键是一环套一环，如果前面做不出来后面基本没法进行，况且后面的傅立叶分析本身就只讲了1-2节课，没有布置过作业。依我愚见这并不能够算作一份合格的期末考试试卷，完全做不到综合考察的学生分析能力。\n\n其次给分，在前面期末考试的基础上，完全没有调分，甚至于有大三下的同学挂科。而很大一部分同学分数低于3.3。作为一门核心选修课，给分如此离谱并且挂人（那个同学平时也有认真学，认真写作业，只是他的学习风格偏向自己看书，所以不适应wm的讲课模式与评价模式），我认为完全可以算作教学事故。我所不能接受的不是给分求是，这并不能算作一个缺点，毕竟各个老师有自己的一套标准。我所不能忍受的是在出了这么一份不合格的期末试卷后，丝毫不考虑学生的前途与命运，完全不调分以至于给挂。（btw，我前两年半里分析类课程没有低于4.8的，而这门实分析喜提2.4，我觉得我的分析能力绝不至于如此。并且求数基本全军覆没，完全可以认为是教学与评价机制的问题。）\n\n多的也无法细说，只能说极其慎选。我觉得作为数院老师如此对自己的学生我认为是不负责任的表现。
177687,648,王梦,2023-07-04 08:42:48,7,11,4,刚上完实分析，来说说我的评价：\n\n1.教学水平：\n\n（i）她的课完全不适合自学，上课经常形散神散，讲一会这一章这一节又跳到另一章另一节。只有注意力极其集中在课堂上才能跟着走，对喜欢自学的dl们极其不友好。\n\n（ii）前期讲的巨慢，导致后期草草带过证明细节而只提了性质和结论。而恰好又在期末考试考了55分的Fourier分析，但证明几乎没有讲，习题也没布置过。直接导致前期热情被测度理论消耗殆尽，后面又疯狂补天。\n\n（iii）板书凌乱无序，过于意识流，并且字偏小，后排完全看不清。以及黑板擦不干净（这个不知道是不是教室的原因），经常看不懂黑板上写的东西。\n\n2.给分情况：\n\n从期末考试讲起吧。整门课前半部分基本都是在讲一维的测度论，而考试考的是高维的。然后后面考了55分的傅立叶分析，关键是一环套一环，如果前面做不出来后面基本没法进行，况且后面的傅立叶分析本身就只讲了1-2节课，没有布置过作业。依我愚见这并不能够算作一份合格的期末考试试卷，完全做不到综合考察的学生分析能力。\n\n其次给分，在前面期末考试的基础上，完全没有调分，甚至于有大三下的同学挂科。而很大一部分同学分数低于3.3。作为一门核心选修课，给分如此离谱并且挂人（那个同学平时也有认真学，认真写作业，只是他的学习风格偏向自己看书，所以不适应wm的讲课模式与评价模式），我认为完全可以算作教学事故。我所不能接受的不是给分求是，这并不能算作一个缺点，毕竟各个老师有自己的一套标准。我所不能忍受的是在出了这么一份不合格的期末试卷后，丝毫不考虑学生的前途与命运，完全不调分以至于给挂。（btw，我前两年半里分析类课程没有低于4.8的，而这门实分析喜提2.4，我觉得我的分析能力绝不至于如此。并且求数基本全军覆没，完全可以认为是教学与评价机制的问题。）\n\n多的也无法细说，只能说极其慎选。我觉得作为数院老师如此对自己的学生我认为是不负责任的表现。
177934,648,王梦,2023-07-05 14:35:31,11,12,1,我只能说。无语
178332,648,王梦,2023-07-10 06:07:26,7,7,0,哎 老师 我谢谢你上课的时候一开始讲的慢给我补实变函数的时间 但是考试太 可以低分但是别挂人吧
178561,648,王梦,2023-07-14 13:22:43,3,5,2,为什么没有零分
182032,648,王梦,2023-11-08 12:56:25,10,12,2,傻逼一个，数学分析讲课和复旦大学l老师的书如出一辙，上课极其混乱，给分还不好，赶紧拜拜吧。
182697,648,王梦,2023-11-19 15:06:58,0,1,1,太好啦
182698,648,王梦,2023-11-19 15:08:58,4,5,1,能不能换一本书，选择复旦的书
182699,648,王梦,2023-11-19 15:09:12,3,3,0,喜欢自学的可以选这门课。
187273,648,王梦,2024-01-15 10:56:42,11,11,0,“学校要求把平时分纳入期末分数，我很不乐意。”\n\n你不乐意，我还不乐意呢
188149,648,王梦,2024-01-18 09:38:14,31,31,0,“我已经给了你们40的平时分了”
188206,648,王梦,2024-01-18 11:44:14,11,11,0,综合评价：上个jb\n\n讲课该讲的一笔带过，不该讲的讲半天，再扯点数学直观啥的，听得云里雾里，最后发现不如自学。总体课程进度先慢后快，慢是在讲超前或没用的，快是重点要掌握的讲的飞快。结果期末考的自学也不一定学的到，该会的跟期末部分题并无太大关联，自学也得寄。
188867,648,王梦,2024-01-20 10:24:27,0,1,1,讲课挺好的，教学设计上也有自己的思路，作业量大且困难，考核不予置评
189029,648,王梦,2024-01-21 10:05:35,0,4,4,wmjj开始捞人了
190866,648,王梦,2024-03-22 07:50:59,12,13,1,臭傻逼，老子恨你一辈子。
190889,648,王梦,2024-03-23 15:19:30,12,13,1,差不多得了😅每周都留这么多作业您恶心谁呢，合着大学是用来写作业的吗？
191371,648,王梦,2024-04-18 15:02:04,6,6,0,怎么分数还是这么高呢？大家给给力啊。
191725,648,王梦,2024-04-29 04:34:37,11,11,0,期中考完了打个低分先。
195125,648,王梦,2024-06-27 01:24:42,1,1,0,qaq
200585,648,王梦,2024-10-20 05:41:50,32,32,0,致敬传奇作业王\n\n2024.10.18-2024.10.20，运动会调休，这三天布置的作业做了整整两天，一共写了20页纸\n\n不愧是混乱邪恶
202104,648,王梦,2024-11-09 12:27:41,12,12,0,梦姐三肘：\n\n第一肘，上课讲的流畅到听不懂\n\n第二肘，看书发现没按书上讲\n\n第三肘，回去听回放，发现没声音
203302,648,王梦,2024-11-19 04:19:12,13,13,0,伊拓实
208335,648,王梦,2024-12-27 02:30:38,4,4,0,讲得不是一般的差👎
210327,648,王梦,2025-01-09 02:21:18,7,7,0,我是谁？我在哪？我在考什么？
210391,648,王梦,2025-01-09 05:02:03,5,5,0,人看上去挺和蔼…上课自成一套体系，必须严格按照她的思路走，不然进行不下去，而且知识点非常零散，有些符号都没学过就拿来用了，一晃眼整个黑板就看不懂了。\n\n作业也是恐怖，都是一些非常复杂繁琐，但我认为实际上对本章知识掌握没有太多帮助的题目。并且网上找不到答案\n\n上完她的课一整个就是恍惚，感觉脑袋空空。不适合初学者，不适合喜欢自学的人
210477,648,王梦,2025-01-09 08:26:11,6,6,0,考试出的很平，意思是都难，没有简单题，上课唯一的优点是不点名
210690,648,王梦,2025-01-09 23:55:14,3,3,0,回复楼上：她的作业题基本来源于楼红卫的书，然后lhw是出名的不写习题答案且什么乱七八糟题目都往里放，甚至open question不加标注。只能说希望她以后别再用这破书了…
211733,648,王梦,2025-01-12 09:41:19,1,2,1,好老师，在心中
212160,648,王梦,2025-01-13 09:32:23,1,1,0,作业太多
213595,648,王梦,2025-01-18 12:39:38,0,3,3,听说以后求数/强数的分析学I都是wm上了，作为一个上了3学期梦分析的小菜鸡，只能说祝愿以后的学弟学妹们都能争取熬过这一关。
216217,648,王梦,2025-03-12 13:34:11,0,1,1,混乱邪恶，有一些点讲的很有启发性，但是作业多的离谱，考试难死
220779,648,王梦,2025-06-19 15:52:04,0,0,0,燃烧数: 构造8449/4096\n\n① 0 ~ 0 = 1/2\n\n② 1/2 ~ 1/2 = 1\n\n③ 0 ~ 1/2 = 3/4\n\n④ 0 ~ 3/4 = 7/8\n\n⑤ 0 ~ 7/8 = 15/16\n\n⑥ 0 ~ 15/16 = 31/32\n\n⑦ 0 ~ 31/32 = 63/64\n\n⑧ 0 ~ 63/64 = 127/128\n\n⑨ 0 ~ 127/128 = 255/256\n\n⑩ 0 ~ 255/256 = 511/512\n\n①① 0 ~ 511/512 = 1023/1024\n\n①② 1/2 ~ 3/4 = 9/8\n\n①③ 9/8 ~ 15/16 = 49/32\n\n①④ 49/32 ~ 63/64 = 225/128\n\n①⑤ 225/128 ~ 255/256 = 961/512\n\n①⑥ 961/512 ~ 1023/1024 = 3969/2048\n\n①⑦ 1/2 ~ 7/8 = 19/16\n\n①⑧ 19/16 ~ 3969/2048 = 8449/4096
5525,650,张奕,2015-07-08 04:55:55,33,51,18,奕女神
6584,650,张奕,2015-07-16 01:54:45,11,13,2,可怕
13859,650,张奕,2016-01-01 10:54:35,0,7,7,好老师真的
14237,650,张奕,2016-01-05 14:38:34,0,6,6,奕女神
15284,650,张奕,2016-01-13 09:27:45,11,20,9,可怕的老师
16109,650,张奕,2016-01-17 08:24:11,4,10,6,好，讲得非常好\n\n
19182,650,张奕,2016-01-23 11:50:38,0,5,5,么么哒
25943,650,张奕,2016-06-14 13:24:22,2,3,1,呵呵呵\n\n
26460,650,张奕,2016-06-18 14:49:15,5,11,6,奕女神٩(๑òωó๑)۶
34255,650,张奕,2016-09-29 06:52:42,0,3,3,像哄小孩呵呵呵\n\n明白了吗\n\n说话段句有点奇怪
34370,650,张奕,2016-11-19 03:47:25,0,3,3,虽然不喜欢听课，但是这老师真的很不错，概率论给分也很好。喜欢这个老师
35129,650,张奕,2016-11-03 03:10:49,27,34,7,不错，郎平教练啊这可是
36179,650,张奕,2016-11-11 01:57:46,5,8,3,对同学非常和善。
36353,650,张奕,2016-11-12 07:04:57,0,4,4,好老师啦
36847,650,张奕,2016-11-16 08:38:52,0,3,3,很好的老师呀哈哈哈哈
37045,650,张奕,2016-11-17 07:21:57,0,2,2,老师人挺好的，然而概率论还是靠自学QAQ
37048,650,张奕,2016-11-17 07:30:58,1,3,2,一般般
37089,650,张奕,2016-11-17 10:38:14,4,6,2,前面讲得很详细，到后面没时间了，用来飞的
37092,650,张奕,2016-11-17 16:41:12,-11,6,17,讲的挺好的，干练，作业要按时交，不难，满绩了。
37168,650,张奕,2017-11-19 01:54:30,-3,3,6,我去年买了块表
37282,650,张奕,2016-11-18 07:40:35,0,2,2,老师人挺和善\n\n
37603,650,张奕,2017-01-25 04:48:55,1,2,1,唯一一门感兴趣的数学课，谢谢老师让我重拾对数学的兴趣
38804,650,张奕,2016-12-19 06:19:53,0,2,2,还可以
39610,650,张奕,2017-06-27 05:36:48,14,31,17,不要以为能用来代替高数的应用统计学简单。慎选！高数至少延续高中数学，应用统计学是新的体系，而且老师表达能力真的不好，讲不清楚，还经常讲错，听得很晕。作业不是每题都讲而且不给答案。上到学期末都没懂她在讲什么。后悔没选高数
40087,650,张奕,2016-12-29 06:25:03,0,2,2,老师挺好的
42740,650,张奕,2017-01-15 04:25:04,15,17,2,上的是今年新开的一门可以代替高数的应统课，我们算是第一批小白鼠吧。。。\n\n想用应统代替高数还是慎选，不要以为应统比高数简单。就难度而言，作为一个文科狗还是建议去学高数。\n\n不过从实用性角度来说，学应统还是挺有用的，可以自己用软件做做统计分析什么的。如果每节课都认真听不水手机，应该不至于太跟不上。\n\n老师人还算不错，讲课确实会有一些讲不太清楚的地方，感觉没学好大部分还是自己的问题。。就这样。
44967,650,张奕,2017-01-18 16:24:25,3,7,4,老师很负责，讲课很有用。应用统计要从开始好好听，不要落下就很简单！老师真的超好，别太作都会过
44968,650,张奕,2017-01-18 16:24:43,2,3,1,老师超级认真负责 女神！\n\n老师人也超好！\n\n表白老师！
45593,650,张奕,2017-04-21 13:03:13,2,6,4,不好说话
47816,650,张奕,2017-02-25 17:30:12,4,5,1,老师很负责，但是上课及做作业太痛苦
53544,650,张奕,2017-06-27 02:45:26,8,8,0,这个东西你们应该像初中生解方程那样熟练(┯_┯)
60847,650,张奕,2017-10-31 07:43:02,1,3,2,想念你的多元统计\n\n
64548,650,张奕,2017-12-25 06:11:39,11,11,0,老师思路非常奇怪，讲不清楚
65491,650,张奕,2018-01-04 13:35:32,5,7,2,老师很温柔，有问必答，就是讲得有些不清楚，但还是很喜欢她的课
70583,650,张奕,2018-01-27 08:57:03,26,29,3,1.拿应统代高数对于绩点君并不是明智的选择 不过相对于高数应统还是要有用很多2.每节课都要交作业算是点名了吧 3.上机作业要课上完成其实每次都写不完真的很难受 不过助教小哥哥给分还是超级好的 其实感觉只要大部分写完写得好就OK了 4.如果真的选了 平时要好好学 建议上课前预习一下不然其实一次理论课信息量有点大 上课一定要认真认真听 不认真听水过去期末复习会炸（老师可能会有些地方讲错了认真听就是了 老师自己会意识到哒 没必要太过牢骚XD）\n\n最后给老师打call 老师人真的超级超级好 会帮你调分（前提是平时要做好）每次作业的数据都提供 给老师发邮件问问题都会认真回复 需要什么课后练习的答案呀之类的老师也会给 最后还可以补交作业 真的超级棒  这门课的话认真学一定有收获哒 大概明白了统计学在做什么 虽然学的很浅显但是老师打开了一扇窗以后自己也会继续去类似的书籍资料orz\n\n希望老师的这门课能越来越好吧
70584,650,张奕,2018-01-27 08:59:24,2,6,4,先说一下应用统计学。个人觉得在高数和应统间选择应统，不是错误的选择。应用统计是一门较需要理解的学科，日常作业每周几道题，不怎么需要做题。期末还需要交一篇课程论文，但其实这是拯救成绩的好事啊。由于我们在座很多都是数理基础薄弱的文科生，许多公式和知识都不能懂也不会讲怎么推来的，所以理解上会有困难。不过学会怎么用，只要认真学多半没有问题，对于日后的阅读文献、调查研究等来说都有帮助，我以为是值得学习的。而且只要好好对待，成绩不会太难看。期中期末考卷出得还算良心(也说不上很简单)，而且还有课程论文救分。当然，如果是在高中阶段数学比较优秀的同学，以及习惯用刷题来学习理科的同学，我猜测高数可能更加适合。\n\n关于张老师，应该说是非常不错的老师了。始终抱有文科生、社科生以及许多领域的学生都需要学习统计，紧跟大数据时代步伐的想法，我以为这一点就很好。老师日常也比较照顾大家，课间会关心前排同学的学习情况，是否能接受等等。平日比较和蔼，但原则性的问题上会比较严格。当然，也如其它评价中所说，讲课不是最清楚，不过好好集中听讲还是能听懂的。课后如果老师当天不赶校车的话，也可以问问题。助教小哥哥也不错。
70869,650,张奕,2018-01-27 16:01:19,0,10,10,大爱张奕老师呀～这学期上了应用统计学，一开始许多人都对我说不要选应统，高数会比较简单，但真正认真去学了之后发现并不是这样滴。老师上课非常的仔细认真，也很可爱呢，真的很开心能遇到这样认真负责的统计学老师?应用统计学的内容也并不难，一开始的基本统计分析都是高中学过的，很简单。后面的内容的确有点难，需要理解以及记忆。但是只要认真听课理解，课后要去翻一翻看一看，要弄懂不是问题的。作为面向文科生的课，希望大家都能选择这门课，没有错哒～最后再表白一下张奕老师，给了我满绩❤️
71129,650,张奕,2018-01-28 04:01:16,0,3,3,很负责，理性，公正的老师，也蛮可爱的～是真的希望应用统计学能帮到大家，有用心在这门课程的设计和建设上。绩点低是自己没努力，老师是好老师呐。
71382,650,张奕,2018-01-28 11:21:08,0,6,6,应统还是很有用的人spss对写论文写调研报告确实用处很大 老师人很好 虽然讲课emmm 教材编得也emmm 但是自学基本没大问题 上课不点名 翘了几次课但是作业每次都交最后4.5很不错了  调分真的很厚道 期末试卷也很良心 助教人也超好
72459,650,张奕,2018-01-30 07:08:36,3,8,5,应统事情比高数要多很多了\n\n数学还不错的建议选高数吧 我是后悔的...（尤其是上机和写论文的时候...）\n\n但是给分不错 老师人很好 但讲的内容不求甚解....经常是记住就可以了\n\n虽然我是文科生 但我还是喜欢把知识弄懂 而不是单纯记忆公式
74481,650,张奕,2018-02-28 02:46:28,0,2,2,老师真的超级好！
74986,650,张奕,2018-03-07 02:12:46,0,1,1,挺好的 讲课一般 给分好
81842,650,张奕,2018-07-08 08:45:51,2,4,2,? ? ?
82679,650,张奕,2018-07-09 02:49:05,-4,6,10,讲的很好，出分也快，10点考完下午5点就出分了。感谢老师的99分！
83322,650,张奕,2018-07-10 05:45:51,2,7,5,应统的确能学到东西，很有用，但是对于数学基础不是很好的文科生特别是其他省份的，还是尽量不要选应统吧，里面一部分是高中理科数学学的，上课老师问了有哪些人没学过，举手的人不多就不讲了。老师性格很直，表达能力不是特别好，我基础也不好，上课听不懂，课下看书写作业一脸懵逼，还有上机作业和论文，很多题目需要上机操作，但是期中考期末考都是纸质做题。最后期末考拼死拼活，还是因为有论文，才没有挂科。
86339,650,张奕,2018-09-13 12:41:22,0,1,1,爽啊，没听过
87466,650,张奕,2018-09-29 06:51:20,7,12,5,差评。。。不用话筒抢不到前面位子听不见。。。。上课乱走，讲个SPSS什么也讲不清，就那么几个人能跟上。。。
93505,650,张奕,2019-01-10 06:23:02,16,19,3,干货很足的一门课，能学到很多东西，最关键的在于理解。作为一门新开的课程，老师正在不断努力完善之中。老师努力找更好的解释来让我们搞懂，耐心回答我们的疑问，也很乐意为学有余力地去同学拓展。老师真的非常nice！认真负责，上机课都在场指导。课上有很多有趣的统计学案例，老师也不断向我们传输统计学的严谨性精神：忠于数据。10分！
93638,650,张奕,2019-01-11 04:09:49,8,10,2,老师真的很可爱！解答问题的时候很耐心，虽然上课有时候会搞不懂但是课后通过提问和自己看书都可以明白！应用统计学是一门很有用的课，虽然学得很累，但真的很有用！！大爱奕女神❤️
95404,650,张奕,2019-01-19 10:39:02,-29,7,36,真的是垃圾老师，我每一次上课都在第一排，作业认真，预习复习从来不落下。高考数学我是浙江省146分，结果绩点呵呵呵，真的别选
101152,650,张奕,2019-01-27 23:18:16,0,4,4,应统4.5的我看着身边三个高数2.1、2.3的不禁笑出了声。建议人文的同学们别选高数，去选应统，虽然事情多，但给分好，而且比较实用，考试计算题不多，可以用计算器，对数学基础要求不高。安利。
101168,650,张奕,2019-01-28 00:34:00,2,3,1,课程非常有意思，最后出分老师用SPSS表示，简直看哭了
101169,650,张奕,2019-01-28 00:38:53,1,3,2,当初选这门课仅仅是因为它学分高，不过一个学期下来我觉得学到的东西非常实用，当初有些论文里没法看懂的数据，并知道了得出数据的方法，现在已经能看懂了许多！真的非常感谢老师！另外，有人说自己高考数学147？高考成绩和大学里的成绩有必然联系吗？没考好怪的了谁？自己扪心自问一下到底有没有花心思在里面吧！
101190,650,张奕,2019-01-28 01:44:39,3,4,1,老师人真的超好超贴心，还说要是我们参加比赛的话很乐意当我们的指导老师，考前还随我们问考试形式和范围，论文也是老师自己一篇篇看过去的，一百个人想想都很辛苦啊，应统这门课要是真的每次都预习复习绩点还不行，我绝对不信
101207,650,张奕,2019-01-28 02:04:46,3,6,3,本课是文科生的福音：\n\n不用刷题也能拿高分\n\n知识点基本靠理解\n\nspss比高数有用多了
101655,650,张奕,2019-01-28 23:38:45,0,0,0,超级棒的老师，认真负责
102035,650,张奕,2019-01-30 05:57:12,0,3,3,应用统计学主要是教你如何用SPSS这款统计软件！真的挺实用的！老师也是超级认真负责！上课进度可能稍微快了一些些。。但是课后自己多去整理理解，还是没有太大问题的！而且是不用刷题的一门课！！
102072,650,张奕,2019-01-30 09:32:10,1,2,1,老师非常好，spss也很实用，出分前还问我们对应的绩点尽量不给我们卡绩！表白
103348,650,张奕,2019-02-27 11:40:13,2,2,0,看了评论像郎平才来的，真的很棒的老师，优秀的职业女性
104490,650,张奕,2019-03-21 12:45:34,3,3,0,老师人挺好 但是感觉讲的不是很清楚 而且课件也有很多错误 上课速度略快 有些东西直接跳过去了 课后自己看的时候比较艰难
111208,650,张奕,2019-06-30 14:52:26,0,0,0,老师真的很棒呢！
112755,650,张奕,2019-07-05 02:19:11,4,5,1,看最近的事真实体会到老师“忠于数据”的学术态度。一年前也上过老师的课，张奕老师真的很好。
114623,650,张奕,2019-07-11 01:19:48,1,2,1,张老师人非常非常好了！虽然严格但是真的是在为学生着想了！希望老师不要受最近的事情影响！
123075,650,张奕,2020-05-08 15:44:32,0,2,2,其他课不太清楚，从精算这门课看，大量推导因为“太简单”跳过，讲的内容、题目内容、小测考试内容基本没啥关系，课件低级错误不要太多...
125626,650,张奕,2020-09-12 12:21:39,-1,0,1,老师很可爱
131035,650,张奕,2021-01-25 15:55:00,5,8,3,应用统计学每节上课交作业也算是变相点名了吧\n\n还有一个下午的课是真的吃不消\n\n老师人挺和善的，但是课是真的讲的不太好，教材也没有帮助理解某些公式，很多也要靠死记硬背。\n\n给分也是真的不太好，卡绩了。
131060,650,张奕,2021-01-25 22:29:59,1,2,1,老师性格真的非常可爱又善良，出分方式真的太有特色了！这门课真的还蛮难的，但确实非常实用，一学期下来收获很多。中间有一段时间上课听不懂，上机作业做不完，但最后感受到了使用SPSS假设检验、方差分析、回归分析的乐趣。真的非常感谢张奕老师和助教们，希望有缘还能食堂相遇～
131088,650,张奕,2021-01-26 01:33:23,1,4,3,老师人超好！！！！期末考不算难，就是要多背背公式，课本要看一遍，应统比高数要实用也是真的呐(//∇//)
131112,650,张奕,2021-01-26 04:27:25,2,4,2,痛并快乐着，爱应统！感谢老师和助教们！
131661,650,张奕,2021-01-28 10:30:06,-2,2,4,老师人很好，助教小哥哥也很好，两个人都可可爱爱的，平常作业好好做，报告好好写，考试其实不是很难，给分不会差的！
131859,650,张奕,2021-01-29 06:53:18,0,1,1,应统其实认真学还是挺简单的，虽然我的绩点也不高→_→怪我自己没有足够认真学，老师是很好的老师，助教也很认真负责，也及时的解决问题
132132,650,张奕,2021-01-30 12:28:52,1,3,2,老师是优秀的 当初没退课选高数也是后悔的
137784,650,张奕,2021-07-06 06:38:20,1,1,0,老师很认真和善，小测怕我们错过催了又催，被我们小测成绩怀疑自己水平，很沮丧的样子，有点可爱。教的水平还行，不过概统这门课成绩很大程度靠自己，自己整理好知识点后多刷题，和老师关系不大
145975,650,张奕,2022-01-04 17:41:39,1,1,0,如果想体验每节课都要花两个小时左右的上机作业+每节课的书面作业+学期中三次测验+期末论文大报告一份+期末闭卷考试+频繁点名+无聊的课堂，并能够持续对应用统计保持热爱的话就可以选。感觉这门课就是集所有考核方式于一身，别的数学课有的作业形式它有，别的数学课没有的作业形式它也有，实在压力山大。建议老师之后可以精简一下考核方式和作业形式，学生不只有你一门数学课的。
146805,650,张奕,2022-01-07 13:18:31,-9,2,11,真是个可爱的zjgg呢！很棒哦！
146806,650,张奕,2022-01-07 13:22:53,5,5,0,楼上的你应该是认错人了
148072,650,张奕,2022-01-11 12:36:07,2,2,0,概统出分了，我来给老师十分。光从上课来说，有很多人说老师念ppt，但我想说，老师的ppt其实非常清楚，一看就懂，而且也会举很多的例子。虽然老师基本每次都签到，但其实是应该想多督促同学们一些，平时分能多给就多给。作业题不会的上课也会讲，即使进度有些慢也仍然仔细认真的讲每个知识点，平时测验、互评都会提醒，可以说只要稍微花了点心思的，概统期末成绩不会难看的。我要吐槽的一点是，概统小测作弊的那些人，凭着自己引以为傲的关系网做得满分到处炫耀，搞人心态。希望概统恢复期中考试，给那些认真、自觉的同学一点公平。
149392,650,张奕,2022-01-15 08:22:55,0,0,0,出分啦！！老师也会尽力捞人，给分个人认为还是不错的，应统这门课的期末考试关键就是看书噢，难度不大，很多都是书上的原题~
150312,650,张奕,2022-01-22 07:57:34,2,2,0,线上学生慎选！上机课是没有直播的，上机作业需要自己摸索完成，即便是问了老师也会回答你上机课教过了，但重点在于线上学生根本没有机房直播课这回事，体验感非常不好。助教偶尔会已读不回。作业多但给分还行，期末考也不算难，认真复习没问题。
150484,650,张奕,2022-01-26 12:18:24,2,2,0,老师很温柔，上课讲得很清楚，课后钉钉上问询回复也非常快，非常鼓励学生去提问，真的是个非常好的老师（但打分也非常严谨，不过应用统计学并不难，上课上课认真听，论文认真写，课后抽一点点时间复习，没问题的）
151099,650,张奕,2022-02-23 03:55:07,1,1,0,出分神速，上课也很好
151276,650,张奕,2022-02-27 11:39:55,2,2,0,张奕老师很好的，上课讲的很慢很详细，会努力让大家听懂，拿满绩的要点就是看书，小测老师会取三次里面较高的两次取平均分，题大部分来自书本，期末考试基本上都是课本原题或者小改动，大题也不会难的，搞懂各个概念就可以了，大作业一定不能出现方法运用上的错误，区分单/多变量，定量/定向变量！！好好听课好好看书绩点不会差哒
153647,650,张奕,2022-05-07 02:23:31,1,1,0,大二快结束了，回想起自己大一上学期的应统学习过程，虽然作为文科生当时痛苦得要死，但老师的教材真的非常清晰，在她的课上努力学，上机课练习巩固，课后多复习，大一打下基础，之后再学统计课程会有底气很多！非常感谢张老师，教材牛，性格可爱，上机愿意指点学生，爱您！
156330,650,张奕,2022-06-19 08:16:48,7,10,3,作业四次没交，签到八次没签，最后给分4.2，非常求是。\n\n老师非常卷，非常敬业，考前最后一天还守着钉钉群回答问题。\n\n另外感觉老师有时候有点阴阳怪气。
169067,650,张奕,2023-02-24 07:46:55,0,0,0,概统，老师讲得蛮清楚的，ppt也很清楚
169093,650,张奕,2023-02-24 09:14:53,-2,1,3,比较重视签到，各种意义上的不给补签，要签满十次才不会扣这块的分数。\n\n上课刚开始为了大家能进入状态，讲得很慢，后面突然速度快得跟开飞机一样，有点猝不及防，需要全神贯注才跟得上。尤其是数理统计部分，建议先预习，不然会思考不过来老师在推导什么。\n\n三次小测难度逐级提升，按两次分高的算，错一题总评扣1分。作业量适中，最后应该是按前两次算的，没什么大错会给满。\n\n（讲一下我的情况：由于第一次小测比较简单拿到了100分就飘了，后面两次小测一次70一次60给我整得很难受，加上签到因为上厕所错过一次，希望老师补签但是因为实在拿不出证据并且智云也没有正面截图，总评损失了三四分，很绝望，因而数理统计部分没有好好学。这导致我补天补得很痛苦，但庆幸有一个寒假的时间复习，我也下了苦工，用期末考拉回了分数，最后很意外地95了，成了我罕见得高分的数学课。真的不到最后一刻不要放弃希望。
169890,650,张奕,2023-02-28 08:48:24,2,3,1,非常非常关注点名。\n\n考完以为自己挂了（学概统是真的摆烂，因为没有学微积分），但是没有挂。至少因为自己点名点满了，而且作业每次都交了。
171876,650,张奕,2023-04-10 06:02:40,0,0,0,234。
176429,650,张奕,2023-06-29 01:56:36,0,0,0,概统课程，老师给分很不错，平时分特别友好。讲课思路也很清晰，会很关注同学们的反应，及时做出反馈。
4114,660,程晓良,2015-06-17 23:41:51,0,5,5,温文尔雅儒士风范
22589,660,程晓良,2016-03-08 08:22:47,0,0,0,还不错
22896,660,程晓良,2016-03-14 10:49:52,-2,2,4,本身对人文知识了解欠缺，有时自己都讲不清楚
22901,660,程晓良,2016-03-14 11:55:36,1,7,6,问一下，数学与人类文明考试难不难啊
23768,660,程晓良,2016-04-15 13:58:47,0,1,1,一流的博导！
23935,660,程晓良,2016-04-22 01:27:08,-2,0,2,
24287,660,程晓良,2016-04-29 06:26:24,1,2,1,数学与人类文明给分不错。
24354,660,程晓良,2016-04-29 23:43:06,0,1,1,被正态了，建议论文功底不好的还是别选
25169,660,程晓良,2016-05-06 13:54:46,0,1,1,666666\n\n
28020,660,程晓良,2016-06-28 07:59:51,0,0,0,。。。听不懂
28519,660,程晓良,2016-06-28 09:46:05,0,1,1,可以的
28560,660,程晓良,2016-06-28 10:18:29,1,1,0,数学与人类文明给分不错，课有点无聊……
35154,660,程晓良,2016-11-03 07:18:26,2,4,2,离散数学讲的云里雾里，说不好一句完整的话，好气哦！
41020,660,程晓良,2017-01-08 08:15:31,2,4,2,离散课，好玩的数学～
43874,660,程晓良,2017-01-17 05:26:58,1,2,1,非常糟糕
44761,660,程晓良,2017-01-18 08:15:16,0,4,4,不是老师的错\n\n是离散太无聊\n\n反正我听不进去\n\n成绩不低因为太简单
44963,660,程晓良,2017-01-18 15:54:42,5,9,4,离散讲的一般 学的还比较简单 觉得卷子简单不过最后分数比预估低很多 不知道怎么回事
45479,660,程晓良,2017-01-19 15:08:59,16,19,3,离散挺简单，得分莫名感觉比考的低不知道为什么
51254,660,程晓良,2017-05-26 01:03:33,5,6,1,计算方法课，教学很用心，板书，很注重学生思维能力的培养，难得的好老师，有原则，酷！
65284,660,程晓良,2018-01-02 09:56:05,7,7,0,科算讲得挺好，算法的来龙去脉会讲出来
74185,660,程晓良,2018-02-06 08:25:00,2,3,1,这学期最后悔的一件事就是选了离散。\n\n
83295,660,程晓良,2018-07-10 04:54:28,5,5,0,科算挺好的，讲的清楚有时候还有补充。给分有师生情。不过科算这门课课时设置让人不满，课时太少内容太多，上机有和没有区别不大，要求掌握的内容和不要求的混在一块，很多地方一带而过，期末复习气哭。
100968,660,程晓良,2019-01-27 08:25:37,5,8,3,？？？给分也太差了吧？？
100975,660,程晓良,2019-01-27 08:32:02,2,2,0,可能太菜了感觉听不懂，也不知在讲什么
100976,660,程晓良,2019-01-27 08:32:07,1,1,0,感觉给分一般，是我太菜了么…哭了
105482,660,程晓良,2019-04-15 06:38:04,1,1,0,大教室 板书可以大一点吗 全是一点点大的下标看哭了
113502,660,程晓良,2019-07-07 21:05:06,4,5,1,老师必须十分！！！人超好
113823,660,程晓良,2019-07-07 17:14:20,0,1,1,老师人很好 科学计算讲的听清楚的 给分也挺好
113844,660,程晓良,2019-07-07 17:43:30,2,4,2,上了他的离散和科算，老师上课挺可爱的，考试的话对课程内容要求不高，反倒多了点考智商的感觉。个人认为给分好。
113858,660,程晓良,2019-07-07 21:11:51,5,5,0,是个好老师，总怕我们没弄明白，就再板书一次
113878,660,程晓良,2019-07-07 22:59:24,5,9,4,（科算）老师真的萌萌哒！是很厉害的人呐！上课之前建议预习，科算本身不是特别难懂的内容，根据课本再结合老师上课讲的内容打好基础跟其他课比起来还算是挺好学的了，考试前一定好好看ppt！反正努力了成绩就不会差！
113894,660,程晓良,2019-07-07 23:51:45,2,3,1,老师真的棒！讲的好，给分好，出分了还发红包！
113971,660,程晓良,2019-07-08 04:30:36,-3,3,6,给分是真的好
113992,660,程晓良,2019-07-08 06:28:03,4,4,0,呜呜呜有趣的灵魂，可惜我对科学计算这门课不感冒，所以成绩也不是很理想吧。
120761,660,程晓良,2020-01-16 17:19:29,11,11,0,这给分？？？exm？？？
120877,660,程晓良,2020-01-18 02:48:56,5,5,0,离散给分跟预期也差太多了吧。。
131519,660,程晓良,2021-01-28 01:31:46,0,0,0,疑惑了，感觉离散考试没有这么差啊？
133093,660,程晓良,2021-02-08 04:20:44,-13,0,13,给分太好了8www，没怎么听课，project最低要求划过，还有一次点名没到，考前学半天还拿了91。（从偶尔听的一点点课感觉老师水平很高，人也很好很可爱，还会和我们开玩笑）
136718,660,程晓良,2021-06-23 10:59:58,4,4,0,上课喜欢搓手
137623,660,程晓良,2021-07-05 10:15:03,1,2,1,给分一搬
137879,660,程晓良,2021-07-06 12:55:47,1,2,1,科学计算，这是一门不需要听的课，但是要自己认认真真写作业和代码就能拿高分的课。老实说老师倒是挺用心的，但是上课是真的无聊，只点过两次名，随机抽几个点名。第一次，XXX来了吗？没来啊，没来我下次再点一次。第二次：XXX上次没来这次来了吗？也没来啊？（手动滑稽）考前建议98多看看历年卷，帮助很大
149780,660,程晓良,2022-01-17 03:03:57,2,2,0,很求是不调分，期末有满的也有80以下的，不要觉得这课水。如果对应数没什么兴趣千万别选，会觉得没意思
156290,660,程晓良,2022-06-18 17:58:24,-2,1,3,老师给分真的太高了呜呜呜呜
156291,660,程晓良,2022-06-18 17:58:24,-4,1,5,老师给分真的太高了呜呜呜呜
156302,660,程晓良,2022-06-19 00:49:25,-6,1,7,这门课东西比较多，而且很散，老师上课会讲一些证明和推导，很努力的想让我们理解，认真的很好。最后一节课会划一下重点，非常好！感谢老师给了我大学生涯第一门满分的课！
159500,660,程晓良,2022-07-27 10:51:43,-1,1,2,给老师100分
175415,660,程晓良,2023-06-24 17:14:36,-7,1,8,谢谢老师，虽然被卡绩了，但给分还是很好的
177519,660,程晓良,2023-07-03 14:38:54,5,5,0,第二节课就纸质签到写名字和学号\n\n第二次点名抄PPT上证明\n\n出分感觉比预期低很多\n\n不知道是不是个体偏差
194472,660,程晓良,2024-06-24 05:31:28,10,12,2,感觉给分很迷，不知道前面说给分好的人是不是没上过给分好的课
195942,660,程晓良,2024-07-01 02:10:31,-4,3,7,某大佬觉得给分贼好，给分不高的一看就没好好学
196267,660,程晓良,2024-07-02 17:32:23,9,9,0,如果想得到大学数学最低绩点 选cxl绝对没错
210741,660,程晓良,2025-01-10 01:41:53,9,9,0,离散数学，是我太菜了（吐血）
220860,660,程晓良,2025-06-20 07:27:16,2,3,1,科学计算。老师人很好，水平高，是我学不会……祝老师退休愉快。
220927,660,程晓良,2025-06-20 11:05:52,2,3,1,科算给分不错，讲得很清楚，PPT也超级清晰。祝老师退休愉快！
221833,660,程晓良,2025-06-26 15:22:45,0,0,0,科学计算。非常好的老师，可惜退休了。
1908,676,苏中根,2015-03-26 05:37:38,6,12,6,每节课点名~
1995,676,苏中根,2015-03-28 06:23:42,34,41,7,感觉苏老师讲的还不错
2096,676,苏中根,2015-04-01 10:23:45,6,10,4,人好
2670,676,苏中根,2015-05-05 06:42:15,5,10,5,根根超级萌！上课最好的数学老师！\n\n
2885,676,苏中根,2015-05-10 10:24:32,0,0,0,点名
2954,676,苏中根,2015-05-11 15:23:56,0,4,4,很清晰！上课好好听，80多分没问题
13637,676,苏中根,2015-12-30 07:27:08,0,1,1,特别萌 爱点名 讲的很认真 ～
18625,676,苏中根,2016-01-22 06:58:14,0,2,2,我爱你！苏老师
19798,676,苏中根,2016-01-25 09:35:55,13,14,1,点名时最欢乐了
26877,676,苏中根,2016-06-21 12:13:20,0,1,1,很好的老师
27121,676,苏中根,2016-06-23 05:18:47,5,7,2,耿直boy不能更萌
27388,676,苏中根,2016-06-25 14:00:08,-13,1,14,无语。
28345,676,苏中根,2016-06-28 08:36:45,0,2,2,超级好的老师！
29036,676,苏中根,2016-06-29 07:00:38,1,3,2,苏老师人超级棒，讲课也好！而且太理论的东西也会照顾到同学们都是低年级的情况不会讲太难
30667,676,苏中根,2016-07-02 07:11:43,23,25,2,随机过程附带课程数学史
32707,676,苏中根,2016-07-10 17:02:32,0,1,1,数学史！
37009,676,苏中根,2016-11-17 05:56:31,0,1,1,太棒了
38978,676,苏中根,2016-12-20 06:53:31,0,1,1,莫名很萌
41814,676,苏中根,2017-01-13 01:20:28,0,0,0,这学期是678的课，说实话老师讲的语调让人犯困。但还是很不错的~
43770,676,苏中根,2017-01-17 02:52:07,0,2,2,老师人很萌 但是讲课有点无聊 给分正常吧
46431,676,苏中根,2017-01-21 14:02:23,-1,1,2,考试考成那样最后抬我一手 师生情啊呜呜呜
46678,676,苏中根,2017-01-22 06:49:49,9,11,2,苏老师专业水平过硬，人很亲切朴实，口音也很有特色，说话很萌很有趣。最后概率论比预想低不少，多半是自己原因吧。谢谢老师！
46942,676,苏中根,2017-01-23 04:41:40,1,4,3,说真的感觉上课不知道在讲啥，绩点也很低，大概是我太渣了_(:з」∠)_
47686,676,苏中根,2017-02-18 03:53:44,20,22,2,苏老师很明显就能让人感觉到专业素养极高，但是讲课可能稍显枯燥。另外苏老师的口音很迷的hh
48442,676,苏中根,2017-05-24 06:58:23,12,16,4,你不觉得他有点啰嗦吗0.0
48989,676,苏中根,2017-03-21 01:56:46,6,7,1,帕森过程\n\n布朗云盾\n\n我爱根叔
50354,676,苏中根,2017-05-02 12:15:32,2,3,1,教材写得很好，深入浅出( ´▽` )ﾉ
52718,676,苏中根,2017-06-22 09:50:32,0,1,1,超级萌的老师
53327,676,苏中根,2017-06-26 11:15:51,1,3,2,随机过程出分来评价一波\n\n跟着根叔做的srtp，根叔人超赞，口音是有些迷不过都能听懂233\n\n我随机过程学的很认真，出的分还是有点小失望吧……不过看在我这个日常计算错误率上，我想这只能是我自己的责任了~还是向大家推荐:根叔，很不错！
53329,676,苏中根,2017-06-27 14:40:03,0,7,7,只有我觉得给分坑吗？讲课也没什么特别的。
53338,676,苏中根,2017-06-27 06:55:26,1,3,2,三分天注定..我室友懂\n\n
53930,676,苏中根,2017-06-28 04:51:50,4,13,9,全是满绩的
54058,676,苏中根,2017-06-28 10:33:41,3,6,3,根叔人很好，很耐心；虽然很多人觉得他口音很迷。上课讲数学史真的是日常了，考试还挺简单
54066,676,苏中根,2017-06-28 11:07:06,0,3,3,享受吧
54078,676,苏中根,2017-06-28 11:48:20,1,4,3,根叔人好
54218,676,苏中根,2017-06-28 17:17:14,2,6,4,我觉得我上过的数学课里上课最好，每句话都经得起推敲的老师。（数学系讲课那么用心的老师很稀有啊啊啊）
58683,676,苏中根,2017-09-14 11:36:32,0,2,2,很有意思
64665,676,苏中根,2017-12-26 06:43:22,5,6,1,第一章不用听，后面讲得很好。\n\n那个同学，叫他一下。(睡觉)
66883,676,苏中根,2018-01-19 08:21:05,5,6,1,老师上课很用心，还经常吐槽黑板小，不方便他发挥。\n\n咱们投掷一枚谆run的硬币 正面给十分，反面给十分。
68785,676,苏中根,2018-01-24 03:34:05,9,13,4,上课好，但是给分……
68803,676,苏中根,2018-01-24 02:16:31,3,4,1,根叔讲课很好，对学生更是没话说。
68806,676,苏中根,2018-01-24 02:21:39,2,3,1,老师学术水平高，求是，是难得的好老师
68824,676,苏中根,2018-01-24 02:43:12,-5,5,10,给分好
68923,676,苏中根,2018-01-24 06:07:48,3,3,0,极其爱点名，上课不错，分数看个人努力程度了。
68935,676,苏中根,2018-01-24 06:42:23,-16,4,20,讲得不错。不调分。考试与平时认真程度无关，就看你能不能找到历年卷。反正会有30分左右一模一样的题目。平时认真做作业不如最后一考。
68955,676,苏中根,2018-01-24 07:04:18,2,3,1,概率论讲的蛮好的，随机过程也跟着根叔学
69049,676,苏中根,2018-11-09 02:01:40,2,2,0,一分耕耘，一分收获，老师非常耿直，给分格外求是，不调分，靠努力。
69063,676,苏中根,2018-01-24 07:56:11,0,1,1,老师口音有点粘糊，其他还好
69086,676,苏中根,2018-01-24 08:07:03,0,1,1,讲的内容和课本有时候顺序不同，但讲得是极好的
69187,676,苏中根,2018-01-24 09:47:42,-1,0,1,「:)」(ฅ́дฅ̀)(๓˙ϖ˙๓)
69190,676,苏中根,2018-01-24 09:49:30,15,23,8,我就想借楼问一下那位找到了历年试卷并且做过还很开心的课友。照你所说，我们的努力比不上你的交际圈吗？老师讲的很不错，我们也有努力学习一整个长学期，所以希望你在回答的同时，不要无视了没有历年卷同学的努力。
69235,676,苏中根,2018-01-24 10:43:29,-20,3,23,我是有点看不懂那个借楼的同学，你可真棒。头一次看个没做到往年卷的人，生怕被做过卷子的人贬低了努力。
69334,676,苏中根,2018-01-24 13:22:42,5,8,3,3.9飘过，只怪期中考试太浪。学习，重在过程;考试，重在参与。
69626,676,苏中根,2018-01-25 05:43:38,3,8,5,给分好呀，我错了一整道大题都能94。
69815,676,苏中根,2018-01-25 12:37:06,8,8,0,58分路过
70415,676,苏中根,2018-01-26 14:57:19,1,1,0,苏老师的概率论。。EMMM。。。完全不按书上顺序，建议别带书了，直接看他的ppt。。。不然即使不走神，到后面你又不知道他跳到哪里去了，吃了大亏啊，然后他又会不定期抽人回答问题，虽然这些问题很水，但你要是没跟上翻书基本找不到。。。开头几节课不造为啥讲了很久没用的数学史，忍住！苏老师很有干货，概率论也不简单，最后给分比想象中好，还是因为自己菜。
70872,676,苏中根,2018-01-27 16:04:20,0,1,1,萌系老师
71791,676,苏中根,2018-01-29 03:13:56,1,2,1,教学十分认真， 上课会比较强调数学的定义和概念， 会涉及概率论的来源，发展和应用意义。 但是似乎对于我们的数学分析(微积分)基础过于自信， 很多计算过程都跳过了， 还是尽量自己多做做计算题吧， 不然考试要跪的
73701,676,苏中根,2018-02-02 17:34:50,0,5,5,老师讲课口音贼有趣，尤其点名的时候，是整堂课最欢乐的时候了。给分感觉很不错！期中只有80，最终给了96。
81527,676,苏中根,2018-07-05 09:33:25,2,2,0,有幸听老师的概率论和随机过程，真的是个负责的好老师!
82568,676,苏中根,2018-07-08 13:54:08,0,0,0,普拉森过程 均值变逆行
93636,676,苏中根,2019-01-11 04:09:16,3,3,0,zenggege .....没来？？？？
96023,676,苏中根,2019-01-20 11:36:21,2,2,0,苏老师的口音，快乐源泉
99025,676,苏中根,2019-01-24 07:11:53,38,47,9,讲课真的挺好的，但我就想来问问，只有我觉得他绩杀吗？贼鸡儿杀的那种
99133,676,苏中根,2019-01-24 10:01:31,12,14,2,绩杀呵
99642,676,苏中根,2019-01-25 04:26:11,0,0,0,给分比较求是，讲的挺好
99647,676,苏中根,2019-01-25 04:28:48,0,3,3,讲的很好，但是要点名要抽人提问，不过点名每道好像问题也不大……\n\n老师经常说教室这么大，后面同学听不到也看不到，感到很抱歉，其实老师不用感到抱歉，应该感到抱歉的是那些课前一小时就放了半个教室位置的人，由于有早课，坐了一学期的后排，偶尔早到，教室没什么人前面全是书。\n\n老师还是很好的，给分也不错，十分感激。
100760,676,苏中根,2019-06-20 03:16:26,4,4,0,楼上别慌，我也觉得绩杀
101905,676,苏中根,2019-01-29 15:00:57,3,5,2,感觉期末考很简单，结果最后3.6，哭了
102767,676,苏中根,2019-02-22 15:07:33,0,0,0,老师真的好\n\n
103904,676,苏中根,2019-03-07 06:39:22,2,4,2,3分概率论：老师讲得不错，从概率论背景和发展讲起，概念都讲得很清楚。期末是简单，但期中考也有20%，一定要重视期中考，否则小心绩点低。总而言之还是看自己吧，说他绩杀有点过了吧（ps：平时不来了被点到可能会比较崩
108243,676,苏中根,2019-05-17 03:33:53,2,3,1,老师讲的很好，可是小测似乎凉了，随机过程真的是随机过吗？
111000,676,苏中根,2019-06-29 05:18:42,6,6,0,什么破试卷哦
111009,676,苏中根,2019-06-29 06:02:49,9,10,1,老师讲得很好，是我自己太菜
111055,676,苏中根,2019-06-29 11:17:09,-4,5,9,试卷没有问题，老师上课有说过难度会加大，但也控制的比较合理。上课有干货，平易近人。上课回点名，尽量不要缺勤。我给老师十分
113045,676,苏中根,2019-07-05 20:42:20,14,17,3,给分求是（绩杀），上课催睡。这老师评分高可能只是因为往年随机过程简单，给分高吧。呵，反正坑惨我们这一届了。我信你个鬼，选这门课
113064,676,苏中根,2019-07-05 22:14:50,3,3,0,根叔人很好，很求是，考前还安慰我们不要想期中考了
113104,676,苏中根,2019-07-05 23:30:47,6,6,0,给分太求是了，难受，期中本来应该送分的，但是反而被扣了不少
113113,676,苏中根,2019-07-05 23:39:46,4,4,0,讲的好，但是给分真的好求是啊...
113216,676,苏中根,2019-07-06 01:53:14,3,4,1,老师讲课不错，人也很好，除了要求严格给分求是之外没什么大缺点。不过讲道理老师平时分已经很宽容了（来了交了多少次作业就满），期中期末不调分只能说是数院课常态，也不能是给老师差评的理由，只能怪我自己太菜了。
121166,676,苏中根,2020-01-20 01:48:09,8,9,1,出那么难的题也不提前打声招呼 把我直接考懵逼了
125368,676,苏中根,2020-09-07 14:53:08,3,5,2,我的感受与前几楼同。期末不难，但还是有几题没写出来，也怕前面算错。还是担心给分太差。刚考完来评个1分，希望后面但人慎选
126475,676,苏中根,2020-09-28 03:06:29,1,1,0,讲课念课本，稳定点名
131054,676,苏中根,2021-01-25 17:14:55,5,5,0,苏老师真的人很好，问题目会很耐心，人也很可爱。回复及时，非常求是，比较严谨。助教小哥真的太好了！呜呜呜呜！
131069,676,苏中根,2021-01-26 00:11:11,0,3,3,前期讲课不好，后期好一些，期末绩杀
131156,676,苏中根,2021-01-26 08:42:19,2,3,1,点名多，上课无聊\n\n最最重要的是期末给分低出天际（概率论H）
131786,676,苏中根,2021-01-29 02:51:10,4,4,0,上课系统，讲课有一定趣味性，课前课后一定要自己看书，不然会有些概念搞不清楚，给分比较求是，期中考小测以及期末考都有一定难度。
133163,676,苏中根,2021-02-12 05:39:28,0,1,1,比大一的csp给分还低，别选。
133461,676,苏中根,2021-03-01 03:23:12,1,2,1,上的随机过程是专门给经济学院开的，也是三学分，讲得蛮好的，和赵老师各有千秋吧。就是有时候讲数学史，而且对着书本念。。。\n\n随机过程本身还挺难的，我们那一届考试比较简单，给分也还好。平时好好学吧，认真写作业，硬核课，没什么多说的。
133936,676,苏中根,2021-03-10 05:26:47,6,7,1,作业不会，助教划水，问老师，老师说你不会是正常。。谢谢哦
139895,676,苏中根,2021-08-13 06:52:54,1,1,0,随机过程还是去赵敏智老师班的吧，考试卷应该也是赵老师出，甚至可能出现zmz班作业原题
141732,676,苏中根,2021-10-23 09:24:56,1,3,2,研究生高等概率论讲得比本科概率论好太多了
141745,676,苏中根,2021-10-24 09:12:12,3,3,0,概率论点名每节课都有，网上点一次，还会拿着名单在重复点一些人的名。\n\n我不知道咋网上签到，问老师，他也不知道。\n\n我在玉泉赶过来上课的，车13:10到站，我13:13到教室，老师已经点了一些人的名字了。\n\n会讲些数学史，但是觉得讲得太多了，还是应该把时间用到加深概念上。\n\n随机过程最好选zmz的，她第一节课会带大家复习一遍概率论，比szg要细，讲师的理论功底是可以听出来的。
143228,676,苏中根,2022-01-11 17:30:08,2,8,6,概率论H来给个9分。\n\n老师口音挺可爱，讲课整体还不错，要是能别连讲四五页ppt的数学家小故事就更好了(´･Д･)」。早八课会在课前点名（GPS签到+交作业+抽一部分人口头点），甚至有时候还没上课就点了，挺怪的hhh。不过课间会开放补签，迟到了和老师说一声就没问题了。\n\n给分真心挺捞的，可能是今年只有一次简单小quiz的缘故，远没评论说的那么离谱。期末卷面50左右都给捞上3.9了。浓浓师生情了属于是。
143237,676,苏中根,2021-11-22 04:19:33,1,3,2,概率论讲的太慢了
143902,676,苏中根,2021-12-11 14:47:17,4,4,0,讲课还行。但是，ppt上错误好多啊！非常的难受，希望老师以后能注意一下。
144909,676,苏中根,2021-12-26 01:51:52,0,0,0,。。。
148161,676,苏中根,2022-01-11 17:09:39,1,1,0,给分太过于求是，慎选
148163,676,苏中根,2022-01-11 17:10:49,0,0,0,概率论H，老师口音很可爱~\n\n但是点名可能确实有点多了，数学史的内容也会让人有点昏昏欲睡……\n\n课讲的很清楚，但确实催眠，所以我也课上摸了大鱼，非常对不起老师\n\n最后期末考试一大堆离谱的计算错误，但是老师确实捞了，没有挂我，浓浓师生情\n\n总而言之评个九分，两分扣在太多的数学史和课前点名上，一分加给给分没有评论说的那么差~
148185,676,苏中根,2022-01-11 23:58:22,0,2,2,其实觉得老师喜欢点名无可厚非？难道来上课不是应该的吗…在看过查老师之后已经做好了充分的心理准备，没想到老师给分比想象中好不少，而且上课讲得很清楚
148323,676,苏中根,2022-01-12 06:44:28,15,15,0,概率论和概率论H难度差异可以这么大吗wwww，考试考的心态有点炸
148327,676,苏中根,2022-01-12 06:54:41,7,7,0,老师上课很一般，不如自学，有口音（虽然听起来挺可爱的）给分特别求是，考试很难，不捞。
148368,676,苏中根,2022-01-12 09:02:22,1,3,2,可以看出老师对数学爱的深沉，经常讲数学史。有点可爱的口音，上课比较无聊，很喜欢课前点名。就概率论来说建议自学然后刷往年卷，反正内容也不多。\n\n因为平时没有听课，考试周也没有复习好，卷面分我感觉最多50，然而老师还是捞上3了，至于说给分求是或许说的是高分段的？
149161,676,苏中根,2022-01-14 14:58:57,4,5,1,点名狂魔，每节课必点名，学在浙大gps签到+线下随机抽点\n\n感觉老师人比较古板，过于认真；讲课极其无聊，口音到可以容忍，但是说话真的啰嗦，讲一堆没用的数学史和大道理\n\n给分见仁见智，那些说捞的大概自己考的比较好而已，得高分很难；考试有几道送分水题（高中都会做那种），专门捞人用的，所以挂科也很难\n\n另外一定要找到历年卷，98上有，今年直接有一道一字不差的原题，没做血亏比别人差两档，离谱
154569,676,苏中根,2022-06-02 06:57:04,0,0,0,点名大狂魔，甚至有一次是线下签字签到\n\n不过人是nice人，作业也不错
156228,676,苏中根,2022-06-18 10:18:40,1,1,0,有水平，讲课认真，关心学生，但是给分实在太求是，来浙两年见到的最求是的，如果学院保研绩点计算不看非主修课程的话还是很推荐选的。给老师9分。
166321,676,苏中根,2023-01-12 02:38:02,2,2,0,一定会点名的老师，网课期间中途休息完也会点。其次还非常催眠，真的非常催眠。课件上的定理证明之类的讲得也不够清楚（概率论h）还是数院为数不多的坚持线上考试的老师
166326,676,苏中根,2023-01-12 03:10:47,2,2,0,确实每节课点名\n\n老师人感觉还算温和，不让人难受\n\n课是真的催眠，几乎每周的课都会睡过去……难的内容讲得不清楚，简单的内容翻来覆去讲就让人很困\n\n有些听不懂的东西也不会考就是了（大概率）\n\n考试还算简单吧，强推98历年卷（近一两年的就够，考得很类似，甚至有原题）\n\n考得简单所以给分也不错
178069,676,苏中根,2023-07-06 14:27:01,1,1,0,考完没人给差评我就来了哈，第二次给他打分，第一次分给得挺高的，这次直接拉满，课上得很不清楚，口齿不清，最后不调分，很求是，斗胆估计最后总平均分比zmz老师班低10分
182916,676,苏中根,2023-11-21 05:41:51,0,2,2,还可以
186911,676,苏中根,2024-01-17 12:12:20,15,15,0,概率论H今年考试巨难，都是非数学专业的学生不明白考这么难干什么..等出分再来细评\n\n-------------------------------\n\n出分了，给分巨烂，出题这么难你是一点不捞啊。非必要慎选😡可惜概率论H只有点名小子开。。。
187691,676,苏中根,2024-01-17 06:44:05,6,7,1,逆天卷子也给逆天分，您是一点不调分啊
187692,676,苏中根,2024-01-17 06:52:22,4,4,0,点名小子\n\n期末不捞\n\n考试还难
187693,676,苏中根,2024-01-17 06:52:27,3,3,0,讲课一般般，还每节课点名，今年概率论（H）期末巨难，哥们考前认认真真复习了一遍，两年历年卷做了一遍，考试基本都写满了，最后这么绩杀是吧。
187903,676,苏中根,2024-01-17 17:32:16,1,1,0,概率论（H）。今年考的比前两年难一些，老师也不怎么捞，最多是在改卷的时候放宽了一些标准。老师讲课水平还过得去，但口音比较重。以及老师是点名小子，每节课比雷达点名+加现场随机抽人读名字点名。
187940,676,苏中根,2024-01-18 00:48:32,3,4,1,是我太菜了TAT
188378,676,苏中根,2024-01-19 00:57:18,5,6,1,为什么考的什么难还不捞
189568,676,苏中根,2024-01-25 11:47:20,4,5,1,差点退院（
193822,676,苏中根,2024-06-20 03:03:54,4,4,0,“以后没有点名，只有牵挂”
209742,676,苏中根,2025-01-07 02:31:48,4,4,0,期末也太难了，这合理吗
214241,676,苏中根,2025-01-30 15:24:44,1,2,1,看了一眼今年概率论H的题目，好多都是往年概率论3.5学分的历年题直接拿来用了（摊手）
216166,676,苏中根,2025-03-11 11:23:24,1,1,0,老师讲的还可以，很认真，但是口音实在难以恭维，节节课点名，卷子极其难，而且给分非常求是，很难评价
219743,676,苏中根,2025-06-05 05:19:05,0,0,0,节节课点名\n\n期末难成史\n\n全靠助教捞\n\n最后六十整
12530,721,张立新,2017-09-12 06:25:05,43,57,14,天黑请闭眼
13302,721,张立新,2015-12-26 11:09:02,16,25,9,天黑请闭眼
13368,721,张立新,2015-12-27 09:56:10,19,27,8,天黑请闭眼\n\n
13493,721,张立新,2015-12-28 12:28:24,9,19,10,天黑请闭眼
13614,721,张立新,2015-12-30 05:16:23,24,33,9,天黑请闭眼，大神请睁眼
13698,721,张立新,2015-12-30 11:05:08,10,18,8,天黑请闭眼
14436,721,张立新,2016-01-07 05:31:30,10,18,8,天黑请闭眼。
18105,721,张立新,2019-09-07 05:53:38,23,37,14,听他的课和看课本自学有什么区别？\n\n答：有区别，课本是睁着眼睛的
18346,721,张立新,2016-01-21 13:05:32,6,14,8,厉害厉害
19159,721,张立新,2016-01-23 11:27:57,6,13,7,天黑请闭眼
21204,721,张立新,2016-02-26 07:33:43,3,10,7,天黑请闭眼
27276,721,张立新,2016-06-24 10:25:18,0,5,5,天黑请闭眼
28517,721,张立新,2016-06-28 09:44:29,1,4,3,天黑请闭眼
32148,721,张立新,2016-07-05 23:04:06,1,10,9,老师最后一节课会给大家说：不会做没关系，得零分就是咯～
33508,721,张立新,2016-09-20 01:43:47,1,5,4,白天在梦游
42675,721,张立新,2017-12-22 04:01:27,1,6,5,期末考比平时小测简单233322
75428,721,张立新,2018-03-12 01:06:15,3,6,3,无法睁开双眼吗
76013,721,张立新,2018-03-24 08:14:56,1,5,4,呵呵，太差了
79015,721,张立新,2018-05-21 00:06:27,3,4,1,小测好难……哭唧唧(´;︵;`)
79459,721,张立新,2018-06-06 01:18:21,3,5,2,小测考到心态爆炸，怀疑小测就能直接挂科了?
80654,721,张立新,2018-06-29 02:19:30,-3,3,6,还行...但没法跟黄炜比
81905,721,张立新,2018-07-07 02:34:13,0,6,6,上课很迷的老师。平时小测很难，难到根本没有学下去的勇气和动力。期末考试还可以，但是还是不会，小测给我的绝望有一部分原因，因此对待数理统计比较消极。明年大概还要再战吧，估计挂科预订了。明年绝对不选他了，都想把今年开学选课时候的自己打死。
83594,721,张立新,2018-07-10 17:16:40,-6,5,11,真的很烂，完全比不上黄炜\n\n
84140,721,张立新,2018-07-12 06:19:40,1,3,2,小测比期末难，不要丧失信心!
84194,721,张立新,2018-07-12 08:00:04,10,13,3,老师虽然上课感觉说话有点含糊，但是人很好，小测虽然很难，考试比小测简单一点（虽然还是不会），数理统计感觉老师真的有调分，一直担心要挂没想到老师真的超好，一万个赞！！！ps，早课人少的话老师会点名，每次都早起从玉泉赶到紫金港从不缺课，大概是毅力感动了老师，结果还挺好的。
84206,721,张立新,2018-07-12 08:22:02,0,3,3,上课和给分都不如黄炜，有一点点失望?
84834,721,张立新,2018-07-14 03:40:23,7,7,0,期末考试比小测简单，虽然小测考得真的很烂但是绩点竟然还行，老师大概是有调分吧。虽然绝大部分全靠自学，但是老师给分还可以的。
85237,721,张立新,2018-07-16 11:41:44,11,14,3,上课讲的比较难，小测10-20的一大片，问他问题解释了半天听不懂。但是我还是非常喜欢张老师，张老师真的很厉害，数院统计研究所扛buff✧*｡٩(^㉨^*)و✧*｡
111054,721,张立新,2019-06-29 11:15:42,10,13,3,数理统计课程结束了，一年以来跟zlx学完概统的课程，还是有不少体会。首先老师自己干货特别多，上课时会增加很多补充的知识点（虽然到期末时自己也不记得讲了哪些了233）。其次知识特别扎实，随便问他课件上或者书上任何一个问题，都是脱口而出地给你讲解，学者风范。希望数理统计的绩点能高一些，但无论给我多少，我都给老师10分！
111070,721,张立新,2019-06-29 12:29:18,0,0,0,老师真的很厉害，但是上课形式上可能会比较死板一些，容易水手机，平时小测很难，而且感觉期末的题也不简单题量蛮大的，求老师别挂?
111678,721,张立新,2019-07-02 13:38:30,0,0,0,怎么还不出分……
112233,721,张立新,2019-07-03 23:45:17,1,1,0,收获颇丰
112290,721,张立新,2019-07-04 00:52:53,7,7,0,老师水平很高，平时讲课会补充不少内容，对于统计学的入门课程来说是一件相当好的事情。虽然小测和作业有难度，不过期末考试题目要常规很多，就算之前平时分不高，好好复习同样能拿到体面的成绩。
125280,721,张立新,2020-09-05 11:58:49,2,4,2,数理统计这门课只要把他PPT和教材上的所有习题做一遍就能上4了，满绩也不是没可能。
129665,721,张立新,2021-01-10 11:23:12,1,1,0,PDF做得不错\n\n本人由于性格原因，以及上课划水没敢和老师交流……但是靠着PDF自学也还行\n\n作业少\n\n内容不错
138818,721,张立新,2021-07-11 04:32:24,1,2,1,祝20级强基数学的学弟学妹们好运
139083,721,张立新,2021-07-12 13:51:05,3,7,4,给分不如黄炜姐姐，不过我很敬重张先生。因为张先生是张先生啊。
139192,721,张立新,2021-07-13 07:58:26,7,7,0,感觉老师上课很好，虽然听不太懂，但后面会发现老师补充讲了很多东西。小测很难，而且改得很严。期末考大概是运气不好吧，卷子感觉也没有比小测简单很多，能做完的应该不多的。不过老师最后肯定有调分。总之，要是想学到更多的知识，并且不是特别特别在意分数的话，强烈推荐上老师的课!
143129,721,张立新,2021-11-19 11:59:38,1,1,0,好老师，虽然上课听不懂
145692,721,张立新,2021-12-31 08:20:46,2,6,4,给张老师打个十分吧，说实话，老师人确实不错，由于我一开始对概率论不太在意导致期末成了这个样子…几次小测分别拿了7，7，4分，满分十分。是我自己没好好学，有点愧对老师，真应了老师说的：“数学分析也没学好，概率论也没学好”。目前只希望能安然度过这个期末
149783,721,张立新,2022-01-17 03:06:05,1,1,0,数理统计良心好课
157594,721,张立新,2022-06-24 05:37:23,8,9,1,张老师给分真的很nice，小测并不高，期末的分数是没想到的。老师虽然平时上课几乎不睁眼😂，但是几乎人少就会点名
169580,721,张立新,2023-02-27 04:02:00,1,1,0,2023.2.27 记住了张老师只有在看课件时睁眼
180160,721,张立新,2023-09-20 12:10:11,3,3,0,再给我一次机会一定不会选这课。
210463,721,张立新,2025-01-09 08:00:14,1,4,3,小测的难度根本不合理…最后期末考还考了个公理证明，完全一脸懵。极大地打击了学概率论的热情
210891,721,张立新,2025-01-10 06:08:14,0,1,1,大家小心点，考试比较难，期末未必捞
789,829,胡贤良,2015-03-17 03:25:05,19,27,8,没有讲什么东西
1367,829,胡贤良,2019-01-12 11:12:33,72,94,22,隔壁就是苏德矿，半个班都去那里了
1553,829,胡贤良,2015-04-05 08:59:23,23,37,14,讲得很差，有些自己都不会，讲着讲着就停了
1580,829,胡贤良,2015-03-22 16:15:04,22,27,5,讲不出东西
1745,829,胡贤良,2015-03-24 03:22:48,21,36,15,做课堂作业点名，简直了！
2445,829,胡贤良,2015-05-02 15:23:25,-9,14,23,萌萌哒
2891,829,胡贤良,2015-05-10 12:38:37,14,16,2,挺无聊，昏昏欲睡。
2963,829,胡贤良,2015-06-09 01:32:19,8,13,5,垃圾
3175,829,胡贤良,2015-05-19 02:00:01,16,25,9,讲的真的烂…很多东西模模糊糊似乎他自己也没弄透
3177,829,胡贤良,2018-11-16 16:57:11,18,29,11,无趣，无聊，无能，无效。出分后再加一条：无耻。
3774,829,胡贤良,2015-06-17 04:06:51,13,20,7,课就是无聊想睡 关键给分惨 不知道是怎么回事微二做挺好3.9 你们自己看着办吧！！
4069,829,胡贤良,2015-06-17 15:52:49,2,15,13,垃圾 这种狗屁老师怎么混到浙大的 讲的像屎一样还点名测验 彻底的傻逼
4155,829,胡贤良,2017-12-22 04:21:28,6,12,6,给分烂！！
4169,829,胡贤良,2015-06-18 02:52:13,-13,7,20,好
4418,829,胡贤良,2015-06-22 11:48:37,-5,8,13,还不错，理论部分讲得一般，讲题还不错。主要是大家都跑去对面矿爷的课啦\n\n
4581,829,胡贤良,2015-06-24 16:32:08,1,6,5,逗我呢
4620,829,胡贤良,2015-06-25 07:01:05,6,14,8,大号安眠药
5316,829,胡贤良,2015-07-06 14:11:08,7,14,7,感觉像是自己和自己玩的很开心
5439,829,胡贤良,2015-07-13 01:15:55,7,17,10,这什么情况！我微二微三都是他，微二4.7微三2.1！！我真的是被他的给分惊呆了
6256,829,胡贤良,2015-07-12 11:14:48,0,8,8,差
6271,829,胡贤良,2015-07-12 14:11:55,3,10,7,讲得烂，给分烂，课堂测试，全靠自己，怀疑平时分他都给的0
6295,829,胡贤良,2015-07-12 22:37:52,0,4,4,切
6514,829,胡贤良,2015-07-14 15:09:28,4,7,3,讲的不太清楚╥﹏╥
8242,829,胡贤良,2015-09-17 23:53:40,-1,6,7,又水给分又差..
8638,829,胡贤良,2015-09-23 11:52:19,-5,5,10,专业课上的挺好的
11718,829,胡贤良,2015-12-12 09:30:16,-1,5,6,老师上课认真！
11852,829,胡贤良,2017-07-01 04:52:48,2,13,11,胡老师很认真的
11863,829,胡贤良,2015-12-18 10:21:25,-4,3,7,上课思路清晰
11864,829,胡贤良,2015-12-18 10:30:01,-4,5,9,是啊，是啊，题型々讲得还清楚
12105,829,胡贤良,2015-12-22 00:25:21,2,7,5,讲的烂，给分极差
12156,829,胡贤良,2015-12-22 06:03:13,-6,8,14,what 我觉得老师讲的挺好啊 提纲挈领 matlab入门导师
12687,829,胡贤良,2015-12-24 02:00:29,-2,5,7,很不错，很有提升
19619,829,胡贤良,2016-01-25 03:08:15,1,5,4,没有平时成绩
19652,829,胡贤良,2016-01-25 04:30:21,-5,4,9,专业课讲的蛮有想法 考试题出的很合理 而且笑起来萌萌哒
20520,829,胡贤良,2016-01-28 05:20:33,-4,5,9,老师很萌的 专业课讲的还是很有想法滴
21053,829,胡贤良,2016-02-13 23:12:37,1,10,9,给分好，上课好，男神啊
22682,829,胡贤良,2016-03-10 01:47:35,5,9,4,全班4节课以后，现在只有十多个人了，你们看着办
23305,829,胡贤良,2016-03-24 02:32:42,-3,4,7,挺认真的呀
23381,829,胡贤良,2016-03-28 05:42:19,3,7,4,呵呵哒
23767,829,胡贤良,2016-04-15 14:00:17,-7,6,13,胡老师是一位教学与治学严谨，学术水平一流的浙大数学教师！
23963,829,胡贤良,2016-04-23 00:00:36,-7,2,9,还好，客观来说内容都能讲清楚，试题也都在合理范围内。
24078,829,胡贤良,2016-04-26 14:19:21,4,7,3,给分极差，微二4.9，微三才2.7
24884,829,胡贤良,2016-05-04 08:17:41,0,5,5,微三给分差，讲课讲着讲着自己就算不出来了
25041,829,胡贤良,2016-05-05 02:53:44,12,13,1,良心老师，上课二三十人还开空调，睡得香
28111,829,胡贤良,2016-06-28 08:07:17,-3,2,5,666666
29492,829,胡贤良,2016-06-30 01:32:19,0,3,3,差差差
32233,829,胡贤良,2016-07-06 04:04:44,-6,4,10,首先，老师用quiz来做测验一学期就一次，而且就两道简单的作业题，就是为了看大家做不做作业。其次，老师平时分是有区别的，从来不交作业的平时分当然低。当然主要是看考试的，考得好分就高，这一点和别的老师没有区别。
34548,829,胡贤良,2017-07-01 13:02:28,1,7,6,讲得和屎一样
40600,829,胡贤良,2017-01-04 08:22:06,8,10,2,好得很，只要上课不抬头，绝对睡不着，打游戏比上课更有意思
41042,829,胡贤良,2017-01-08 14:57:00,2,5,3,辣鸡！
41043,829,胡贤良,2017-01-08 14:57:43,8,10,2,请取缔这位老师的微积分！
49014,829,胡贤良,2017-03-21 11:43:32,17,21,4,真的真的很不推荐没有matlab基础的同学去上他的计算方法…因为他 什么都不会讲…上课也没有气氛 不知所云…在群里和大佬谈笑风生却一点都不照顾第一次接触计算方法的同学…实验报告要以论文的形式上交…就这些吧…gg
51109,829,胡贤良,2017-05-17 13:17:43,0,1,1,求老师的心理阴影面积，全班只有五十几个人
51729,829,胡贤良,2017-06-08 20:02:44,12,17,5,仅就计算方法而言，这是我上大学来选的最后悔的一位老师了。他或许很认真在教，但我感觉他对我要求过高了。上机课点名，要交实验报告，要翻译英文文献。。。我感觉他是那对拿数学系的学生对待我了。如果你真的是大佬学霸，不妨试试吧，我也gg了。
55231,829,胡贤良,2017-07-01 04:54:42,1,4,3,预制计算方法的同学一定要换老师！一定要换老师！
55975,829,胡贤良,2017-07-03 00:56:53,5,6,1,特意来给老师打个10分，跪求老师不挂我微积分微积分不挂每日十分一直到放假回家。不过公道的说一句，选上胡贤良老师课的同学能退就退了吧，如果你想听课的话，讲的真心不好。因为班里人很少，所以上课很冷清，不容易睡着，但是是真的学不到东西。不过老师人蛮好的，挺萌的，唉跪求老师别挂我微积分！！
57491,829,胡贤良,2017-07-09 01:01:18,2,5,3,数学软件作业做完了上传完了提前走掉被扣分！？呵呵，上课讲的什么玩意，千万别选
57494,829,胡贤良,2017-07-09 01:02:32,-1,3,4,别教书了 要教先提升一下自己吧
57752,829,胡贤良,2017-07-14 03:52:39,0,4,4,老师上课基本无吸引力，再加上小学期无心学习。考试虽然送分但是送不到我这，挺后悔选这个课。数学软件还是自学靠谱
57907,829,胡贤良,2017-07-17 09:13:24,-2,3,5,就两个字，讨厌。数学软件你不想教我们也没想让你教，要他上还是别选数学软件了。活生生让人累死又恶心。
65126,829,胡贤良,2017-12-29 04:50:04,1,2,1,讲课丰富多彩，通俗易懂。
65127,829,胡贤良,2018-01-24 15:35:04,2,3,1,好老婆
65129,829,胡贤良,2017-12-29 07:13:05,3,5,2,好老师，数学本来就看兴趣的
65130,829,胡贤良,2017-12-29 05:08:00,2,2,0,很好，思路清晰
65135,829,胡贤良,2017-12-29 06:48:51,4,6,2,胡老师是个严师，严谨教学，严格教学，用心体会老师的良苦用心!
65186,829,胡贤良,2017-12-30 09:21:04,-1,1,2,很认真的老师
68990,829,胡贤良,2018-01-24 07:30:13,0,0,0,老师很耐心的
69055,829,胡贤良,2018-01-24 07:50:55,4,4,0,师生情让我过了
83294,829,胡贤良,2018-07-10 04:44:43,0,2,2,给分太差了。
112409,829,胡贤良,2019-07-04 04:31:34,-2,0,2,很好，津津有味一听就会！
122250,829,胡贤良,2020-02-21 02:52:04,-1,1,2,数学主要是靠自己自学的 老师给分不错
124886,829,胡贤良,2020-07-15 00:34:33,-1,1,2,我就是想知道胡贤良老师的大作业是啥啊，都看不懂要写什么。\n\n
138578,829,胡贤良,2021-07-10 02:24:03,5,5,0,讲课没有逻辑，ppt也没有顺序。。。
139472,829,胡贤良,2021-07-16 09:02:01,4,5,1,上课上的是什么牛马啊
140105,829,胡贤良,2021-08-26 01:57:34,4,5,1,给分真恶心
140106,829,胡贤良,2021-08-26 02:08:35,6,6,0,上课一共点5次名，最后一次口头点名，上机必须去，考试几乎不会
140212,829,胡贤良,2021-09-05 06:09:43,3,3,0,讲得没什么营养
141485,829,胡贤良,2021-10-12 01:28:50,5,6,1,我们是来上课学知识的，不是来听老师时不时自由发挥讲其他事的……\n\n\n\n不过话说回来就算认真听，计算机模拟这门课也是乏味枯燥的
144545,829,胡贤良,2021-12-22 07:51:31,4,4,0,为什么要手抄代码
157263,829,胡贤良,2022-06-22 16:29:12,0,5,5,老师超棒给分超好\n\n寝室三个人个个上90\n\n快去选\n\n助教小哥哥也很给力
157309,829,胡贤良,2022-06-23 01:49:57,0,2,2,润！！
157315,829,胡贤良,2022-06-23 02:38:36,1,2,1,微积分不点名，期末海底捞
158807,829,胡贤良,2022-07-02 11:24:36,-3,2,5,不点名 海底捞
180633,829,胡贤良,2023-09-24 03:21:58,0,2,2,手抄代码我愿称之为浙大最为失败的教学设计
181894,829,胡贤良,2023-11-03 14:51:13,9,9,0,计算机模拟什么比课，作业手抄代码和研究报告，上课和作业完全脱节，底子都没打就开始高要求，不会教可以不开课
181984,829,胡贤良,2023-11-07 09:12:04,3,4,1,计算机模拟学弟学妹千万别选 这可能是数学学院最答辩的课之一了
201320,829,胡贤良,2024-10-31 15:09:16,3,5,2,怀念卢姥爷，卢姥爷出差，他来带课。能让微积分课低头率达到90%也是有水平的
207523,829,胡贤良,2024-12-22 14:35:31,-1,1,2,写DBN红温了
210456,829,胡贤良,2025-01-09 07:57:30,2,3,1,绩杀 事多 点名 慎入\n\n支出和收益完全不成正比的课程.\n\n先不论别的 后四次(退火，遗传，物理系统模拟，MCMC)的作业 还有最后的DBN大作业合起来的学习成本和工作量能和窝其他课加起来一比\n\n特别是DBN大作业花了一个多礼拜，手推公式，设计结构。(窝上这门课之前完全就是ai小白，ml，bp，dl啥都不知道)\n\n冬学期开始四五周周周点到\n\n这个学期修了ADS和计算机模拟，最后计算机模拟绩点没ADS高，实在绷不住了\n\n上下来的感受是很累，出分的感受是很难绷\n\n突然感觉在这门课面前，ADS都是比较轻松的课了:\n\n考统计分析，考试需要考生代入计算机求随机数，考算法，还要考证明.真感觉比ADS还有操作感
220868,829,胡贤良,2025-06-20 08:11:06,-1,2,3,太好了，期末啥也不会被捞了没挂
614,832,孙方裕,2015-03-15 07:23:14,323,344,21,这老师挺可爱哒哈哈 还有他魔性的咳嗽声…
1108,832,孙方裕,2015-03-21 16:10:42,110,129,19,学过他的计算方法 上课特别萌 给分好 常常说这种公式我也记不住。。大家考前背出来就好，关键是要理解，以后工作科研遇到相关问题时要能回想起有这种方法
1395,832,孙方裕,2015-03-22 01:36:28,30,33,3,老师萌萌哒
1691,832,孙方裕,2015-03-23 09:05:29,63,63,0,很可爱哒
3559,832,孙方裕,2015-06-17 01:34:07,24,28,4,好
4851,832,孙方裕,2015-06-29 17:31:25,13,17,4,棒棒的
6705,832,孙方裕,2015-07-19 08:59:50,1,4,3,讲课还行
9745,832,孙方裕,2015-11-07 14:08:41,43,53,10,咳嗽好好听
12968,832,孙方裕,2015-12-24 12:03:58,11,12,1,老师好可爱~_~
13401,832,孙方裕,2015-12-28 00:34:12,12,13,1,善良的老师，棒棒哒！
13709,832,孙方裕,2015-12-30 11:21:39,0,1,1,希望会很好
14117,832,孙方裕,2016-01-04 12:28:09,18,23,5,棒的。数学与人类文明挺水
14400,832,孙方裕,2016-01-07 01:45:33,10,11,1,老师讲的很仔细，也从不怪罪同学翘课
15421,832,孙方裕,2016-01-14 10:28:49,2,4,2,从老师身上学到很多，成绩给的也不错
15422,832,孙方裕,2016-01-14 10:33:10,53,58,5,老师就是小天使呀 特别可爱 人也特别好
15469,832,孙方裕,2016-01-14 13:49:47,7,9,2,上的是数学与人类文明，喜欢的可以学到不少。
15474,832,孙方裕,2016-01-14 14:30:48,-44,11,55,不开心，只给了3.9的绩点
15522,832,孙方裕,2016-01-15 05:30:14,34,39,5,老师教的好，而且给分很好
15754,832,孙方裕,2016-01-16 08:29:35,4,5,1,有点……魔性的咳嗽
15873,832,孙方裕,2016-01-16 13:11:54,9,11,2,喜欢数学的朋友们千万不要错过数学与人类文明~
16740,832,孙方裕,2016-01-25 11:30:57,7,12,5,讲课讲的特别好，而且也特别负责任，关键是给分好啊(*^◎^*)
16883,832,孙方裕,2016-01-19 07:11:02,4,7,3,大部分按书讲的，也有一些老师自己补充的
17521,832,孙方裕,2016-01-20 10:27:14,-1,1,2,老师给分挺好的
19320,832,孙方裕,2016-01-24 01:33:35,2,3,1,好好好
19825,832,孙方裕,2016-01-25 10:37:10,5,8,3,给分很好！老师人很有魅力，讲的很细，很为学生考虑，有活力又可爱，十分不给都过意不去
19859,832,孙方裕,2016-01-25 12:24:00,47,50,3,一直没好好听很抱歉……老师人很好！很理解我们，给分也好，很负责任的！点赞！
20653,832,孙方裕,2016-01-29 12:14:39,10,14,4,老师每次准备课件都非常用心，对学生非常客气，能学到很多东西，而且老师萌萌哒
20812,832,孙方裕,2016-02-01 04:59:38,1,2,1,shan
20974,832,孙方裕,2016-02-06 02:27:03,-1,2,3,老师人好啊！
21230,832,孙方裕,2016-02-27 05:51:20,3,6,3,还不错
24229,832,孙方裕,2016-04-28 14:44:10,5,9,4,给分厚道
24515,832,孙方裕,2016-05-01 02:48:34,6,7,1,爱老师！！！
24519,832,孙方裕,2016-05-01 04:20:58,21,23,2,hhhhhh给满绩小能手
24554,832,孙方裕,2016-05-01 14:03:26,-13,11,24,不开心，感觉什么都很认真的做了，只给了70多分，通识都给这么低，好难过
25892,832,孙方裕,2016-06-13 15:29:31,-1,1,2,很有意思。
26137,832,孙方裕,2016-06-16 05:46:06,1,3,2,数学与人类文明是水课
28232,832,孙方裕,2016-06-28 08:18:56,3,4,1,很认真
29250,832,孙方裕,2016-06-29 13:35:28,2,3,1,讲课很好，给分也很好
30730,832,孙方裕,2016-07-02 10:24:14,0,3,3,教得可以\n\n给分很好
31712,832,孙方裕,2016-07-04 14:43:25,13,15,2,适当的咳嗽声挺有意思，哈哈，而且课也容易懂
33359,832,孙方裕,2016-09-19 00:49:16,3,3,0,那咳嗽声！
35097,832,孙方裕,2016-11-02 07:16:10,-1,1,2,很不错的老师
35541,832,孙方裕,2016-11-10 07:26:15,43,45,2,讲课很好不死板。。不过，孙方裕小盆友，您可以别卖萌了吗(๑• . •๑)
35554,832,孙方裕,2016-11-10 07:26:48,0,3,3,老师很好，给分很好，考不好全怪自己
35670,832,孙方裕,2017-01-20 11:29:19,6,8,2,老师很懂我们，很适合文科的同学
35918,832,孙方裕,2016-11-10 08:53:02,1,3,2,可爱的
35950,832,孙方裕,2016-11-10 09:03:16,0,2,2,很清楚
36297,832,孙方裕,2016-11-11 14:46:32,-2,5,7,嗯嗯，数学与人类文明，课真挺水。。。老师经常说，你们年轻人就要去冒险去尝试，我就不去了?
36553,832,孙方裕,2017-01-20 10:13:32,18,21,3,老师很有趣会卖萌.高数的确不难，但是也需要认真听课认真完成作业。老师讲的东西一定要听进去。满绩，开心啊。
36564,832,孙方裕,2016-11-15 01:54:07,1,2,1,老师特别萌⋯⋯只要认真做PPT和论文，给分很公道
36565,832,孙方裕,2016-11-15 02:01:04,8,8,0,3.9小能手\n\n萌是萌的～
36638,832,孙方裕,2016-11-15 07:03:44,4,5,1,表示虽然不用出勤不用复习也可以过，但这门课还是挺好玩的，孙老师萌萌哒*^_^*\n\n
36673,832,孙方裕,2016-11-15 09:34:24,4,5,1,老师人很好
36693,832,孙方裕,2016-11-15 11:50:08,35,46,11,老师小天使 数学与人类文明给分很好 出分也快 只有一次ppt展示一篇论文和开卷考试 事儿少分高建议选择
38666,832,孙方裕,2016-12-28 07:56:34,7,8,1,每次看见老师心情莫名好起来～
39041,832,孙方裕,2016-12-21 00:34:55,2,2,0,人好，真的很好哇
39525,832,孙方裕,2016-12-23 13:26:08,11,12,1,可到现在只缺过一次 而且在做练习前会提前通知 记得老师说他想去当小学老师 很可爱的一个人
39858,832,孙方裕,2016-12-28 04:39:59,32,34,2,老师超好，文科高数简单啊~老师很萌~每次小测前的那节课还会提醒大家告诉没来的同学要小测~老师会讲一些考试不要求的东西，比如某个定理具体的证明帮助大家理解。中间穿插着数学史。超赞！不要以为老师上课慢，你会发现不知不觉中他就上得比其他老师快了，而且大家都能理解，服气。
41222,832,孙方裕,2017-01-10 05:59:29,0,1,1,小测前一解渴还会提醒，良心
41370,832,孙方裕,2017-01-11 05:41:42,1,2,1,老师很给学生自由，讲课有趣!喜欢~~
41385,832,孙方裕,2017-01-11 07:55:28,2,3,1,讲课声音效果不错，给分也很好
41401,832,孙方裕,2017-01-11 09:32:05,2,3,1,第二次上孙老师的课了，人真的很好，很负责很耐心很善良，超级喜欢！
41447,832,孙方裕,2017-01-11 15:27:11,1,3,2,老师很好哒~我很喜欢他讲的内容
41585,832,孙方裕,2017-01-12 08:24:02,-1,1,2,数学与人类文明，人生感悟很多，PPT加开卷，4.2....
41626,832,孙方裕,2017-01-13 05:08:16,-4,7,11,没做ppt就不是好学生？？老师观念有问题吧
41732,832,孙方裕,2017-01-12 12:42:39,8,9,1,老师人很不错，可能是自己没有认真对待这么课吧，成绩不是很理想，但也是应得的。
42946,832,孙方裕,2017-01-15 13:04:58,0,2,2,老师讲课很认真很好
44775,832,孙方裕,2017-01-18 08:33:42,2,3,1,好好好
45929,832,孙方裕,2017-01-20 09:20:52,-2,1,3,虽然觉得太简单，但老师讲得还不错的
45947,832,孙方裕,2017-01-20 09:39:29,3,6,3,老师讲得还可以吧 其实高数真的很简单....我以为期末没考完。结果还是满绩了 开心 嘻嘻
45952,832,孙方裕,2017-01-20 09:45:36,1,1,0,好老师！\n\n咳嗽声因缺斯汀\n\n高数给分棒棒哒～
45966,832,孙方裕,2017-01-20 10:04:00,-1,1,2,老师敲可爱的 人超好 咳嗽声超动听！！
45974,832,孙方裕,2017-01-20 10:25:48,-1,0,1,好萌好萌的老师啊，总觉得就那么几件衣服！不提倡我们刷题，进度也很快的！就是棒\n\n
46125,832,孙方裕,2017-01-20 15:44:20,12,13,1,超级负责的老师！讲课讲的也很好！考试周前两周感冒了依然硬撑着给我们上课，听他咳嗽严重得讲不出话依然还是要讲 怪心疼的...总之就是很棒
46150,832,孙方裕,2017-01-20 17:45:08,3,3,0,挺好的 很棒啊
46430,832,孙方裕,2017-01-21 14:01:39,1,2,1,虽然一直很困但是老师很可爱很亲切给分也不错，作为一个文科渣渣挺开心
46862,832,孙方裕,2017-01-22 14:00:12,2,4,2,表白孙老师哦～人很谦虚，也很理解同学～喜欢讲数学的小故事喜欢自嘲。给分蛮好。还有那标志性的咳嗽声哈哈哈
47308,832,孙方裕,2017-09-20 10:49:14,-4,1,5,很耐心
47588,832,孙方裕,2017-02-04 07:59:42,1,2,1,很负责哦
47750,832,孙方裕,2017-02-23 07:43:11,8,8,0,很棒棒的天使老师啊 对我们的要求不是特别高 但给分很好 各种数学史，自己的小故事 点名会提前通知的，就是两次小测验 赞赞
48034,832,孙方裕,2017-02-28 05:58:39,2,4,2,很和蔼，不无聊
49974,832,孙方裕,2017-04-28 02:08:01,3,4,1,随和，很好的老师
51586,832,孙方裕,2017-06-07 10:17:38,0,2,2,超级棒
55362,832,孙方裕,2017-07-01 11:09:48,0,1,1,很好的老师，人很和蔼
56595,832,孙方裕,2017-07-04 05:20:22,0,2,2,计算方法很棒\n\n给分也很好
56598,832,孙方裕,2017-07-04 05:23:35,0,1,1,很不错的老师，给分挺好。
56603,832,孙方裕,2017-07-04 05:28:37,5,7,2,老师的计算方法很好~我这次考试很多，只花了考前3个多小时背公式，本来以为自己完蛋了，没想到考挺好的?
56606,832,孙方裕,2017-07-04 05:30:16,-1,2,3,上过计算方法，表示老师人真的很棒，但是上课水平感觉也就中上吧...
56938,832,孙方裕,2017-07-05 04:09:58,1,2,1,老师给分非常好
57788,832,孙方裕,2017-07-15 14:50:20,4,5,1,老师人好事少给分好
59967,832,孙方裕,2017-09-29 04:41:45,1,2,1,老师讲得很清楚，说话也很有意思，10分
60869,832,孙方裕,2017-10-31 16:25:14,-1,2,3,喜欢上他的课，很谦虚的老师，很可爱，选他没错
61043,832,孙方裕,2017-11-07 10:48:03,1,2,1,很棒的老师
61093,832,孙方裕,2017-11-08 11:34:07,2,2,0,我上的数学与人类文明，老师上课非常有趣，每次都坐第一排
61359,832,孙方裕,2017-11-15 08:10:32,-10,3,13,还没出分。先攒一点人品。课程很水。人不错。基本没去上课。希望给一个好的分数。
61386,832,孙方裕,2017-11-16 03:03:31,0,1,1,还好吧
61529,832,孙方裕,2017-11-18 09:18:49,3,3,0,数学与人类文明 课水事儿少分高\n\n认真听还挺有意思~
61592,832,孙方裕,2017-11-19 04:26:05,1,3,2,课水事少 1篇论文或1次展示+1次开卷课堂小测 典型的水课
61748,832,孙方裕,2017-11-20 14:08:31,-2,0,2,推荐数学与人类文明，上课可以一边水手机一边听课。老师上课按课本讲，讲的挺好，还有视频可以看。期末一次开卷小测，课外有ppt展示作业和小论文，二选一。自认为论文写得不算认真，最后3.9，觉得还可以。
62004,832,孙方裕,2017-11-22 06:17:55,-1,1,2,上的是数学与人类文明，课比较水，不点名，但讲的东西还是挺有意思的。作业是展示或论文，最后的考试也开卷，非常良心。感觉课上差点被咳嗽声洗脑了，哈哈。
62073,832,孙方裕,2017-11-22 10:37:40,0,1,1,特别喜欢的老师，很可爱很温柔
62262,832,孙方裕,2017-11-23 15:23:57,2,3,1,好棒的
62290,832,孙方裕,2017-11-24 04:02:06,2,3,1,好 很好
62340,832,孙方裕,2017-11-24 09:31:41,1,2,1,老师超可爱！！课讲得好，事少分高！！
62498,832,孙方裕,2017-11-25 13:48:50,-1,1,2,同学都羡慕我选了这么好的通识课！期末开卷考加一篇论文2000字或者ppt，老师上课很认真的，其实故事也很有趣哦，而且也很理解我们，人超好，给分高，比个小心心ヾ(❀╹◡╹)ﾉ~
63567,832,孙方裕,2017-12-07 03:26:24,2,3,1,超级温柔！！！超级好！
64399,832,孙方裕,2017-12-23 07:57:14,0,2,2,数学与人类文明，有论文或者展示，最后开卷考很水，老师人很和蔼
64516,832,孙方裕,2017-12-25 00:56:20,3,5,2,超级超级好的老师，问问题回答超级耐心
65535,832,孙方裕,2018-01-05 10:02:04,1,2,1,给分高 很水 考前把书看一遍就好了 老师讲课也挺有趣的
65632,832,孙方裕,2018-01-08 01:25:26,0,2,2,非常好的老师
66055,832,孙方裕,2018-01-11 07:44:18,3,3,0,魔性的小咳嗽哈哈哈哈 qiao棒
66162,832,孙方裕,2018-01-12 08:11:22,5,5,0,特别适合文科生上啊\n\n上课总是会冒出迷之萌点\n\n总之超赞啦
68379,832,孙方裕,2018-01-23 05:35:23,123,129,6,大学第一节课就被老师的一句“不希望你们人人满绩，不希望你们花太多时间在高数上，希望你们学好专业课”戳中泪点，虽然课讲得不是很清楚，但是一生粉。见过很多装b的老师，孙老师身上的谦逊和低调真的太喜欢了。助教也很可爱，会在考试前最后一次作业上鼓励大家期末加油，给分也很宽容。大学遇到的第一个发自内心尊敬的老师。
69574,832,孙方裕,2018-01-25 04:10:12,-1,2,3,老师人挺好的，讲课挺细的。但语速有些快。也许文科高数不适合医学生吧，上课总想睡
69635,832,孙方裕,2018-01-25 06:04:02,6,7,1,真的是个好人。不知道高数到底考怎么样过没过 但是方裕真的人好
69764,832,孙方裕,2018-01-25 10:34:10,2,7,5,感谢老师给了我人生第一个满绩！！！爱您！！！虽然等高数出分很漫长 很蓝瘦 但看到绩点的时候感觉还能再爱五百年！！！老师上课上的很棒 你有问题去找他 他会很耐心得教你 也很负责 炒鸡棒的老师！！！
69766,832,孙方裕,2018-01-25 10:45:23,1,3,2,超级可爱超级棒的老师！打10分不嫌多！跟着学就拿满绩！
69787,832,孙方裕,2018-01-25 11:37:44,0,7,7,期末粗心考差了，批卷应该比较松，平时硬碰硬的给分。很公平。最后4.8。对不起丢理科生的脸了，不管反正我现在学的是人文……就是和医学生一起学，老师会一直提你们学医的emmm，答疑挺认真的，会提醒你小测，高数翘课也没关系……就这么多吧，还是小遗憾。老师十分。
69855,832,孙方裕,2018-01-25 14:04:32,3,3,0,老师，比心心，太棒了，炒鸡和蔼惹
69864,832,孙方裕,2018-01-25 14:23:09,-2,1,3,emmmm
69868,832,孙方裕,2018-01-25 14:33:29,4,4,0,老师真的很可爱，讲课很仔细。老师领进门，但是修行靠个人，平时好好学，考试好好考，期末绩点不会让你失望的\n\n
70050,832,孙方裕,2018-01-26 04:59:45,0,4,4,喜欢，老师挺和蔼的，满绩呦
70246,832,孙方裕,2018-01-26 09:46:19,-3,0,3,老师真的超级好的！室友间比较了一下 觉得给分是真的很好很好了！把数学不好担心挂科的我拉回正常线！真的太好了！
70294,832,孙方裕,2018-01-26 11:26:27,2,3,1,老师还是很可爱哒
70770,832,孙方裕,2018-01-27 13:39:49,0,2,2,老师人超好！上高数课不点名还会让同学提醒没来上课的同学下节课小测hhh虽然上课还是非常容易走神没有认真听几节课 不过方法真的很棒！有收获！每次作业认真做最后期末认真刷课后题然后满绩啦开心！
71139,832,孙方裕,2018-01-28 04:20:27,1,2,1,浙大不会有第二个像孙老师一样负责的老师，希望老师身体健康！培育更多的人才！
71468,832,孙方裕,2018-01-28 13:26:42,-1,0,1,说是会点名，但其实也就是小测当点名，小测前会叫我们提醒没来的同学，感觉教的很慢，但其实教的进度比其他老师快，分数给的很好啊，我感觉自己分数不到，但是过了，老师魔性的咳嗽很酷，助教小姐姐人超好超负责
71508,832,孙方裕,2018-01-28 14:17:28,3,3,0,(文科高等数学)小测前一节课甚至会告知下节课要小测，人超好，上课不点名讲得也贼仔细(虽然文科高数靠自学就够了)
72610,832,孙方裕,2018-01-30 13:30:20,-1,1,2,一直没好好学数学，最后考的也很差才刚刚上4，但是孙老师那种爱生如子，谦逊低调让人感动，老师满分
73620,832,孙方裕,2018-02-02 06:42:19,1,3,2,第一节课相当不习惯老师的咳嗽不过后来就过滤了。老师上课比较清楚明白（可能因为我是理科生？不知道文科生什么感觉）只不过讲课按书，不知道好还是不好。然后每次小测都（相当于点名）会提醒大家互相转告，还是很棒的。
73741,832,孙方裕,2018-02-03 04:59:19,1,2,1,老师很好，商量余地很大，大佬很多，给分全靠自己。
73808,832,孙方裕,2018-02-03 06:25:49,-1,2,3,很谦虚的人老师，人很好哒～从来不点名，要小测还会提前通知，让来的同学给没来的同学带个信儿hhh就是上课的时候照着电脑念的，不过哪个老师不是这样呢～
74054,832,孙方裕,2018-02-04 14:47:01,1,4,3,老师很好，但这次期末考试相当坑
74097,832,孙方裕,2018-02-05 05:41:32,4,5,1,十分！老师人真的巨好还超可爱嘻嘻 两个班进度一样，不想去早课还可以问问老师上后面那节hhhh以及文科高数哪怕对文科生来说应该也真的很简单（不敢相信期末考的难度比课后题的中等难度还要低）大家选孙老师的课，认真做课后题，满还是妥妥的
74122,832,孙方裕,2018-02-05 10:01:55,10,13,3,老师人真的很好，对待教学非常认真，而且从不点名，有一天早课，又是冬天，全班两百二三十个人只来了六七十个，老师也只是开玩笑地替那些没来的同学给出了理由，说大家都在被窝里不想起来了，新课又教完了。老师很好，10分
74502,832,孙方裕,2018-03-02 01:07:03,0,1,1,很好很好的老师
74683,832,孙方裕,2018-03-05 05:44:07,0,2,2,喜欢老师！很善解人意！很佛性！讲得很好，很耐心！！！！
74888,832,孙方裕,2018-03-06 09:05:39,2,3,1,超级好的老师，能力一流，谦虚低调，平易近人，尊重学生！
75050,832,孙方裕,2018-03-07 06:47:21,-3,1,4,。。。
77488,832,孙方裕,2018-05-06 03:55:15,2,4,2,事少分高
77965,832,孙方裕,2018-05-09 03:58:34,2,4,2,数学与人类文明，典型的水课，事少给分好～
82362,832,孙方裕,2018-07-08 03:47:24,4,4,0,期末考一整道十分大题没做给分也超好！
82380,832,孙方裕,2018-07-08 04:46:08,0,1,1,老师课讲的很好，可以学到。\n\n可是被卡了一分，难受
82388,832,孙方裕,2018-07-08 05:03:26,-2,1,3,老师给分太好老了啊啊啊啊，都以为要挂了，最后老师给了4.2，强推孙老师
82410,832,孙方裕,2018-07-08 06:19:02,0,1,1,期末考试好多没写出来还是过了，老师真的是太太太太好了
82496,832,孙方裕,2018-07-08 10:44:59,1,2,1,强推！给分非常好哦。
82777,832,孙方裕,2018-07-09 06:06:21,1,2,1,强推！
83118,832,孙方裕,2018-07-09 17:31:01,0,1,1,真的很可爱了...
84475,832,孙方裕,2018-07-13 02:50:43,3,3,0,给分好，如果你平时作业都交了，上机也交了。平时分绝对不低。期末前一定要背公式，这门课技巧性不强，关键在于公式你要记得，套进去就好。期末考一定要带计算器，平时作业很少，两周一道上机，8周一交。真的好老师!有些愧对老师，上课不怎么认真听。期末考背公式也拿了不错的成绩。。。。
87250,832,孙方裕,2018-09-26 06:09:39,-3,0,3,好老师啊。
88319,832,孙方裕,2018-10-28 10:15:41,1,2,1,讲话不太清楚，讲的有点简单
88762,832,孙方裕,2018-11-07 11:54:58,2,4,2,特别喜欢上老师的课！老师真的特别好！
88775,832,孙方裕,2018-11-07 13:28:24,25,26,1,孙老师真的很好，人平时很谦逊，也不夸耀，常说自己很笨（可是早早就评上了教授），唯一一次也只是提了一下自己的儿子。看得出PPT也很用心，不管怎么说，总共8节课的数学与人类文明还是非常值得的，考试也开卷不难，上课展示的每个同学都会得到老师的鼓励，最后也可以用PPT代替论文，非常敬佩的老师。今天刚刚结束最后一节课，老师走出教室时我说的孙老师再见，甚至有点不舍。最后的最后，希望孙老师给个高分哈～
88856,832,孙方裕,2018-11-10 09:17:05,3,4,1,孙老师炒鸡好的，第一次听到那么魔性的咳嗽声可是听到最后却觉得很可爱。老师讲课很有趣，知道了很多数学的趣事，无论最后给分怎样我都强烈pick《数学与人类文明》！！！
89034,832,孙方裕,2018-11-14 11:27:44,-2,0,2,老师超级棒啊
89043,832,孙方裕,2018-11-14 14:17:23,9,11,2,数学与人类文明，讲的很不错，有牛顿与莱布尼茨的相爱相杀，有康托尔的苦逼人生，有伯努利家族的三代牛逼，恕我文科生不学无术只记得这些，不过还是很有趣的，而且，给分不错(๑•̀ㅂ•́)√
89054,832,孙方裕,2018-11-15 01:15:28,7,7,0,真的好老师啊o(^o^)o
89057,832,孙方裕,2018-11-15 02:02:37,-1,12,13,这么课一点都不水，学到了好多知识，老师超可爱，没有大道理却能给人指导迷津，考试没做完还拿了4.8，大爱方裕啊?
89113,832,孙方裕,2018-11-16 01:20:37,2,4,2,老师很好，高数和数学与人类文明都上的他的课，讲课细致而且很关心同学。
89176,832,孙方裕,2018-11-16 10:40:59,-1,2,3,事少分高
89295,832,孙方裕,2018-11-18 06:35:15,2,3,1,人挺好 思想开明 事少给分不错
89365,832,孙方裕,2018-11-18 22:35:08,0,1,1,孙老师nb！
89366,832,孙方裕,2018-11-18 23:53:09,0,1,1,超级可爱的老师！
89394,832,孙方裕,2018-11-19 02:39:02,2,3,1,事少分高
89484,832,孙方裕,2019-04-16 09:54:33,-1,8,9,大一第一门课满绩，谢谢老师。。很宽容很有人格魅力。
90671,832,孙方裕,2018-11-25 05:55:51,0,2,2,大推数学与人类文明
90978,832,孙方裕,2018-11-28 09:59:48,0,2,2,一言难尽
92256,832,孙方裕,2018-12-27 09:17:14,1,2,1,哈哈哈哈可爱
92538,832,孙方裕,2019-01-02 08:17:16,1,2,1,上课很轻松，老师人很好，咳嗽很有魔性
92605,832,孙方裕,2019-01-03 05:48:50,-2,1,3,超级棒
92928,832,孙方裕,2019-01-06 01:04:10,5,5,0,有上计算方法的工科同学吗，想问下这门数院开的课是不是特别难呀！
92963,832,孙方裕,2019-01-06 11:14:12,6,8,2,一开始因为兴趣选课，也没看什么评分。。。数学与人类文明课有趣，老师人也好，一篇论文一次考试4.5了（而且我自认为论文写得不咋地）课上不点名，听课凭兴趣。
93896,832,孙方裕,2019-01-14 07:43:04,1,1,0,为老师打电话打到爆！！
94145,832,孙方裕,2019-01-15 10:03:20,2,4,2,超级喜欢，超可爱
98334,832,孙方裕,2019-01-23 10:38:55,-1,1,2,爱上老师的咳嗽声
98336,832,孙方裕,2019-01-23 10:40:32,3,5,2,老师真的是好老师了 讲的东西很基础也很扎实 最后没考好还是怪我自己吧 还卡绩了… 老师很谦虚 还有魔性的咳嗽声 总之为孙老师打电话了
98348,832,孙方裕,2019-01-23 10:55:28,5,7,2,老师真的超级好。很谦虚很和蔼。\n\n数学与人类文明真·事少分高。一个展示和随堂小测就可以了。（不过个人觉得没有学到特别多东西，没有头脑焕然一新的感觉，但是当数学史听一听还是挺不错的。）\n\n高数也是上的老师的课。老师讲课很清楚，每一个知识点都讲得很详细，我这种数学基本没好过的纯文科生也能听明白。从来不点名，小测前还认认真真提醒“记得叫你们的同学下次要来上课”。虽然最后成绩不怎么好看，但是这确实是我自己水平不够。血泪教训：如果是数学不好的人一定要平时好好努力期中小测把分拉上来QAQ老师和助教都已经努力拉分了但是还是救不了我的凄惨绩点。助教张少杰小哥哥也超棒的，不厌其烦地在群里答疑。反正选孙老师的课没错的！
98349,832,孙方裕,2019-01-23 10:55:39,0,2,2,好课好老师，但是高数最重要的还是要自己多努力啊
98350,832,孙方裕,2019-01-23 10:56:07,0,2,2,老师人超好的，会提前通知要小测，本来我申请周三免听要错过交作业，结果老师就改了交作业的时间呜呜呜。今年高数比去年难没考好是我的锅，老师水平超好的。
98362,832,孙方裕,2019-01-23 11:19:28,3,6,3,呜呜呜孙老师太可爱惹！无条件十分！小测前一节课还会提醒同学们下次要小测！我的菜鸡成绩对不起老师呜呜呜呜
98438,832,孙方裕,2019-01-23 12:45:11,3,3,0,超喜欢孙老师
98504,832,孙方裕,2019-01-23 13:54:52,1,4,3,老师很可爱，虽然经常睡着
98882,832,孙方裕,2019-01-24 04:30:46,9,10,1,孙老师真的是特别好的一个老师，明明自己很大佬（教材主编）还特别平易近人，经常说：“这个我当年上数学系也不会，不会就算了吧”而且每次小测验也都各种安慰我们开卷不要怕，真的是把学生放在心上的感觉。讲课会有魔性的咳嗽声不过习惯就好，讲课思路基本上按照课本中规中矩稳扎稳打，很适合文科生?至于成绩，高数成绩其实跟老师是谁没太大关系，主要还是看自己的态度和努力程度吧，好好学就绝对不会被绩杀的。
98894,832,孙方裕,2019-01-24 04:38:30,1,3,2,超喜欢啊啊啊啊啊!!!因为我是数学渣，所以一直很怕数学，但是孙老师的数学课让我很开心，最后考试试卷虽然有点难，我感觉自己要挂科了，结果有3.9绩点，炒鸡开心。老师人很谦逊，这点真的很赚好感，还有就是老师很随和，一点都不凶，老是笑嘻嘻的。总之，超级棒!
99498,832,孙方裕,2019-01-25 01:17:42,-1,2,3,hhhhhh可爱死了呀！！！！！
100476,832,孙方裕,2019-01-26 07:34:17,5,5,0,老师是真的可爱！！！超爱孙男神！！！高数听了学姐的话，如愿选上，从上第一堂课开始就很舒心～本数学渣高数真的很走心念了，期末卷子做到差点崩溃然而绩点很亲切～唯一美中不足的是矩阵和概率那部分课老师讲的有一丢丢慢orz浙江学生吧这部分我是水过去的hhh下课自学其实也能学会。小测很easy，平时成绩相当亲切～最后刚刚卡在92～运气真滴好～下学期数学与人类文明我也会好好努力der！！！
103122,832,孙方裕,2019-02-26 05:10:48,4,5,1,数学与人类文明，选课不亏
103420,832,孙方裕,2019-02-28 04:10:52,-1,2,3,太棒惹，孙老师真的又谦逊又可爱，教的也好！！
106352,832,孙方裕,2019-04-26 14:13:46,2,5,3,老师超萌超可爱，很儒雅的一位老师，数学与人类文明作为通识课来拓展视野蛮好的，老师会给你讲一些人生的道理，事少给分也超好，4.5的一大堆，我水水过，3.9也知足了。
106356,832,孙方裕,2019-05-02 12:47:27,0,1,1,...
106359,832,孙方裕,2019-04-26 16:03:57,-1,1,2,老师真的是好老师，可也是好课。平时还是要好好听的，最后小测虽然开卷，但是也有难度。
106365,832,孙方裕,2019-04-26 17:17:03,6,7,1,数学与人类文明：事少分好，一个PPT或者论文+最后一节课测验就好了，PPT好好做，测验略麻烦，总体来说，想学东西好好听能对数学有焕然一新的认识，当做水课水过去也是一种选择
106472,832,孙方裕,2019-04-27 15:40:22,1,1,0,炒鸡可爱
106545,832,孙方裕,2019-04-28 05:13:40,2,5,3,给小天使疯狂打call，分好事少有情怀–––––话说只有我一个人觉得小天使和松重丰神似吗? (划掉)
106771,832,孙方裕,2019-04-29 11:25:03,0,2,2,老师真的非常非常好了，很体谅同学们啊，疯狂打call!
112113,832,孙方裕,2019-07-03 15:18:36,2,3,1,考试前夕求计算方法过
112121,832,孙方裕,2019-07-03 15:56:58,4,4,0,考试前夕求老师保佑我计算方法
114579,832,孙方裕,2019-07-10 22:21:34,1,2,1,老师简直太棒了！讲课认真给分又好，平时作业也不多，听他的课贼舒服！
114587,832,孙方裕,2019-07-10 23:07:57,3,4,1,这老师给分也太太太太好了叭
114622,832,孙方裕,2019-07-11 01:14:34,-2,0,2,作业少，给分好，咳嗽很魔性
114624,832,孙方裕,2019-07-11 01:24:10,3,4,1,老师讲得很好，给的讲义非常实用，给分超出预期非常多，感恩!
114628,832,孙方裕,2019-07-11 01:38:43,3,3,0,很好的老师
114658,832,孙方裕,2019-07-11 02:55:47,4,4,0,老师超和蔼，感觉是很温和、低调的那种人。给分也好。（但感觉自己真是中了一上数学课就想睡觉的恶咒....如果上课时间不是67节就好了，真的困\n\n再次说：老师真的很好
114696,832,孙方裕,2019-07-11 04:13:22,-3,1,4,老师真的很好(各种意义上)
115683,832,孙方裕,2019-08-18 11:51:49,5,5,0,选了孙老师的计算方法当个性，上完竟然有了一种想一直跟着孙老师学数学的冲动~以及给分真的无敌好了！
116511,832,孙方裕,2019-09-11 02:59:03,2,2,0,很棒很棒啊\n\n第一节课给我们讲了大半节高数历史\n\n很有耐心很关心同学的老师！\n\n点赞！
117915,832,孙方裕,2019-10-10 07:24:10,-1,1,2,你那么
118058,832,孙方裕,2019-10-20 03:07:51,0,2,2,啥话都没有，一个字，好，选就对了
118592,832,孙方裕,2019-10-29 05:15:36,4,5,1,讲课很有调理，是按着书讲的，不用预习也听得懂（当然最好是预习一下啦）。很和蔼的老师啦，而且最最重要的一点是体恤学生，知道这是一门通识，不会像某些老师一样像要求专业课一样给学生增加很多课业负担。
118915,832,孙方裕,2019-11-07 15:56:29,1,2,1,非常好的老师
118926,832,孙方裕,2019-11-08 01:24:40,0,3,3,老师讲课真的很有意思，给分也好，数学与人类文明课上真的感受到好多数学的美，推荐大二学过微积分再修
118932,832,孙方裕,2019-11-08 02:44:54,-27,7,34,数学与人类文明，垃圾课，给分低
118942,832,孙方裕,2019-11-08 06:39:42,7,10,3,好课！好老师！\n\n孙老师真的会给人一种学问人的感觉，作为数学老师了解很多的历史故事和人物，完全没有大教授的浮夸之风。\n\n上课从来不点名，可以做展示或者写论文，期末考试开卷八道题，第一次数院开的课满了。蟹蟹老师o(^o^)o！
118946,832,孙方裕,2019-11-08 07:42:13,1,2,1,数学与人类文明，可水可听，最后小测略难，主要时间不太够。
119114,832,孙方裕,2019-11-10 12:45:14,-1,1,2,老师讲课很细心，说话也很可爱！
120971,832,孙方裕,2020-01-19 05:49:16,0,2,2,啊啊啊啊谢谢孙老师海底捞！
121002,832,孙方裕,2020-01-19 08:26:39,2,4,2,虽然因为我太菜了所以常觉得老师上课讲得略快，但其实高数还得自己多努力。老师人很好，很和善，有时候会扯一些数学之外的东西哈哈哈。谢谢老师一学期的辛苦！
121040,832,孙方裕,2020-01-19 09:57:02,1,3,2,我永远爱孙老师
121062,832,孙方裕,2020-01-19 11:49:31,2,4,2,老师很可爱，很谦虚\n\n小测会提前通知，好好学了，难度也不大\n\n\n\n至于成绩么，高数其实还是看自己更多吧。我考前学了一天，拿的分数不高也不低，但满意啦
121158,832,孙方裕,2020-01-20 01:22:48,2,3,1,课上得一般，讲的题大部分是书上的，可以自学，人挺好的，会期末调分。感觉好好学拿个高绩点没问题
121182,832,孙方裕,2020-01-20 02:47:59,1,2,1,老师这么温柔，jbrgg好可爱
121601,832,孙方裕,2019-12-12 09:02:55,-1,2,3,我永远爱孙老师呜呜呜呜呜
122299,832,孙方裕,2020-02-23 07:58:02,-2,2,4,可可爱爱
122371,832,孙方裕,2020-02-25 23:46:44,3,5,2,由医试5+3学生构成的班级四分之一满绩😄，老师很可爱
122973,832,孙方裕,2020-04-27 06:31:50,0,2,2,非常非常有情怀的好老师！！大爱孙老师！！虽然我被正太！但是不妨碍我喜欢老师！！按头安利孙老师！
123190,832,孙方裕,2020-05-18 11:25:15,3,5,2,医试5+3的学生五分之四都满绩的，老师人很好，讲得很好!
123966,832,孙方裕,2020-06-18 08:21:46,2,4,2,数学与人类文明讲的很好，虽然给分不太好但还是10分！
124255,832,孙方裕,2020-06-28 05:29:56,6,7,1,计算方法，这课很适合外院同学补NA，讲得清楚，人也负责，咳嗽声挺可爱的...
126716,832,孙方裕,2020-10-15 03:05:05,14,15,1,笑嘻嘻，咳嗽嗽，可爱爱！！！
127142,832,孙方裕,2020-11-10 08:27:50,18,18,0,真的很好！每节课下课几百多个人都自发地给老师鼓掌，从无例外，老师也特别可爱谦逊得说谢谢，谢谢大家。\n\n讲课很细致很清晰，明白易懂，不太会做题是我自己太菜了orz\n\n总之是一个我还没上完秋学期的课就发自心底尊敬的老师。\n\n夸他夸他！孙老师辛苦了！
127298,832,孙方裕,2020-11-20 01:44:02,1,3,2,老师很棒，为学生考虑很多
127372,832,孙方裕,2020-11-21 12:30:28,4,6,2,老师人真的太好太好了！课也上得好！
127518,832,孙方裕,2020-11-24 00:49:14,5,7,2,有种想要跟老师学数学的冲动！太可爱了孙方裕老师，这样的数学老师请来给我一打！！
128454,832,孙方裕,2020-12-23 09:23:28,3,4,1,上课超棒，事不多，会有个人展示，绩点给的也比较好
128895,832,孙方裕,2020-12-26 13:29:46,7,7,0,数学与人类文明
129156,832,孙方裕,2020-12-30 16:33:17,1,5,4,老师年轻时候应该很帅\n\n喜欢穿搭风格\n\n虽然有时候上得很困 但应该是我自己的问题……
129158,832,孙方裕,2020-12-30 16:43:57,3,4,1,老师很棒啊，穿衣风格很赞啊，简直就是男神，因为他我有了学习高数的动力，虽然高数不是很好吧，但是吧老师真的很值得
129202,832,孙方裕,2020-12-31 06:17:15,4,6,2,不管我数学最后几点多少，孙老师绝对满分
130142,832,孙方裕,2021-01-18 04:34:14,4,6,2,老师上课非常有趣，非常非常有趣。非常非常非常非常有趣。而且老师上课进度非常快，会给你留下足够的复习时间。
132276,832,孙方裕,2021-01-31 12:57:55,5,6,1,如此能捞的老师，如此好的高数课，都给我选！
132290,832,孙方裕,2021-01-31 13:53:02,1,4,3,我爱sfy老师！最后4.8很满意了！
132323,832,孙方裕,2021-01-31 17:34:28,-1,2,3,老师很好，小测前还会提醒同学~
132683,832,孙方裕,2021-02-03 09:51:11,4,5,1,sfy老師yyds
140345,832,孙方裕,2021-09-10 01:50:24,0,1,1,啊啊啊
140573,832,孙方裕,2021-09-14 03:13:46,2,3,1,很好很有趣的老师
141573,832,孙方裕,2021-10-15 04:30:11,0,1,1,特别好！！！！特别可爱！！！！我真的超级喜欢他
141665,832,孙方裕,2021-10-19 09:20:46,5,5,0,是个很有激情的老师，他很爱自己做的事
142001,832,孙方裕,2021-11-03 11:17:11,-2,2,4,棒棒棒！
142346,832,孙方裕,2021-11-10 11:27:21,2,2,0,数学与人类文明还不错，老师上课也不会很严格，作业压力也不大，要求就是两千字论文或展示，加一个期末开卷水测，但不要妄想水到高绩点，高分还是要点力气
142347,832,孙方裕,2021-11-10 11:28:04,2,2,0,感谢老师！4.5，高兴高兴
142350,832,孙方裕,2021-11-10 11:53:26,1,6,5,大爱数学与人类文明，从不点名，事情很少，考前把书看一遍就可以4.8了，然后可以用ppt代替论文，上课很有趣，也一直说自己这个不懂那个不懂，但其实上是个超级大佬，必须满分
142373,832,孙方裕,2021-11-10 15:08:21,10,10,0,老师讲得很好，平时也很轻松，上课也挺有趣，但是论文好好写了，书也复习了，最后3.3，诶，看运气并且也是自己太菜了。
142643,832,孙方裕,2021-11-15 01:44:02,3,4,1,孙老师人真的超好，谦虚幽默，作为通识课真的很轻松，虽然平时上课水过去了，但是展示用心做，课后开卷考前把书好好看一遍，也拿了四点五，数学与人类文明，快冲
143049,832,孙方裕,2021-11-18 11:32:34,-1,3,4,必须给十分，我太喜欢孙老师了。特别可爱特别谦虚，讲的也很好。我爱孙老师我爱高数，耶！
144221,832,孙方裕,2021-12-20 14:48:56,0,2,2,123
144440,832,孙方裕,2021-12-21 13:29:38,0,2,2,老师好可爱呜呜呜\n\n讲课很容易听懂，人也特别好！虽然还没给分但先来打个十分
144553,832,孙方裕,2021-12-22 08:32:01,1,2,1,很好的一位老师
144594,832,孙方裕,2021-12-22 13:51:04,-2,1,3,数文，好好做pre或者写论文……毕竟占百分之五十
145197,832,孙方裕,2021-12-28 07:14:59,2,3,1,孙老师讲课基本就是按照书上的内容讲，可能大学老师都是这样？个人感觉孙老师人很慈祥，作业非常少，对于不太喜欢学数学的文科生来说感觉不错。给孙老师打了10分！！
145610,832,孙方裕,2021-12-30 15:29:05,0,2,2,就是说，孙老师就是对我们太好了～\n\n( ๑ŏ ﹏ ŏ๑ )超级可爱的老师
145644,832,孙方裕,2021-12-31 02:08:50,6,6,0,高数：孙老师相比其他的老师作业量可以算最少的吧，小测难度也不大，讲课按书上讲是因为教材就是他主编的吧哈哈哈哈哈。不管怎么样，孙老师真的非常可爱，人也很好，选他就对了。
145855,832,孙方裕,2022-01-03 11:20:33,19,21,2,我永远会折服于一些真诚谦逊的老师
145862,832,孙方裕,2022-01-03 12:08:57,1,3,2,太好了
147084,832,孙方裕,2022-01-08 15:27:54,2,3,1,老师人真的好！！
147621,832,孙方裕,2022-01-10 10:22:49,3,6,3,我爱孙方裕老师！！！！\n\n救了我的绩点\n\n人好有耐心\n\n还这么温柔\n\n此生难求QAQ
147627,832,孙方裕,2022-01-10 10:33:10,6,7,1,孙老师人超级好！！！很能捞，大家快选他！！！！孙老师我爱你(ღ♡‿♡ღ)上课很耐心，就是经常咳嗽，要保护嗓子呀！助教姐姐人也超级好，很温柔嘻嘻嘻
147635,832,孙方裕,2022-01-10 10:44:23,4,6,2,孙方裕老师！男神！大学第一门满绩！老师平时上课非常用心，平时作业也适量，没有花特别多时间，只要上课好好听一定能行！
147637,832,孙方裕,2022-01-10 10:44:54,7,7,0,好好好！最晚出分的老师，最能捞的老师！
147638,832,孙方裕,2022-01-10 10:45:11,3,4,1,什么也不说了，就是上课上得好，讲题讲的好，给分给的好，今年考前几天补天补起来的数学都过了，感谢sfy！鞠躬感谢🙏
147639,832,孙方裕,2022-01-10 10:46:48,5,8,3,大爱孙方裕老师！！！真正对数学充满了热爱，气质谦逊儒雅，做事条理清晰一丝不苟，完全是我想象中大学教授的样子！而且高数给分超级好！！！我愿称之为捞神！
147641,832,孙方裕,2022-01-10 10:50:20,4,5,1,谢谢老师的海底捞，考前真的很后悔，因为没听过课，很多都不会，但是老师真的太能捞了！
147652,832,孙方裕,2022-01-10 10:58:49,2,3,1,老师真的很谦逊，每次下课大家鼓掌都会说谢谢，没有架子。给分也很好，是真的有在为同学们着想！
147661,832,孙方裕,2022-01-10 11:25:08,1,2,1,孙方裕yyds
147662,832,孙方裕,2022-01-10 11:25:11,3,3,0,裕帝哥哥永远的神！教得好！老师可爱！给分好！想不出什么不打十分的理由！！！
147671,832,孙方裕,2022-01-10 11:53:14,14,15,1,我要向世界上所有人传递sfy教的教义🙏他在这个格外寒冷的冬天庇护着所有文科数学人，这本是我们的诅咒，而他让一切变成了至高无上的祝福🙏愿捞神之神sfy老师永被庇护，而我亦将终生为您祈祷🙏裕门\n\n\n\n认真讲的话就是上课认真听肯定无压力！老师讲得其实非常清楚，平时有三次小测，难度不算太大，各占总成绩15%。我是平时不听课考前突击，最后成绩已经出乎意料地好了，如果认真听会更好的！选了绝对不会亏！都给我狠狠地选他
147680,832,孙方裕,2022-01-10 12:31:36,-1,0,1,从不点名作业少
147730,832,孙方裕,2022-01-10 14:40:39,2,3,1,老师太好了，我高数不怎么样最后成绩也不错
147731,832,孙方裕,2022-01-10 14:47:18,0,2,2,孙老师真的太太太好了！！！非常温柔儒雅的老师！！！！我心中永远的男神！！！！选他！！！！
147751,832,孙方裕,2022-01-10 16:22:42,5,6,1,方裕\n\n\n\n创造一切的主，全知全能的神\n\n\n\n您是一切伟大的根源，您是开始，也是结束\n\n\n\n您是高数之神，您是海底捞的支配者\n\n\n\n您是文科生的保护者，您是数学老师之光辉\n\n\n\n以我之名义，赞美您！
147967,832,孙方裕,2022-01-11 08:26:59,3,4,1,孙方裕我爱你
148056,832,孙方裕,2022-01-11 12:13:57,4,5,1,上课不点名，作业量也不多，最后的成绩也很惊喜，sfy男神老师真的i了
148110,832,孙方裕,2022-01-11 13:55:21,4,4,0,孙方裕老师男神，yyds！相比其他老师作业少，小测简单！从不点名（只有小测的时候才会形式点名），很能捞，虽然没满（期末太拉，浪太久了），但也取得了不错的绩点！感恩感谢！祝孙老师身体健康，工作顺利～😍😘😘
149252,832,孙方裕,2022-01-15 01:23:31,1,3,2,老师超级可爱，人真的不错，给分goodgood！群里谢谢老师的绵延不绝hhh
149816,832,孙方裕,2022-01-17 06:27:06,0,2,2,太爱老师了 以一己之力拉高了我对数学的好感度
150070,832,孙方裕,2022-01-19 00:06:57,1,1,0,老师真的好好
150359,832,孙方裕,2022-01-23 05:39:45,2,3,1,老师太好了55555
150906,832,孙方裕,2022-02-21 02:58:23,3,6,3,讲的没有重点，一般般，不过不点名，靠自学，人很好很好，也很认真上课。魔性的咳嗽哈哈哈哈
151159,832,孙方裕,2022-02-23 16:03:44,8,8,0,楼上有uu说老师上课没重点，靠自学。但是感觉sfy老师真的很好，不局限于知识点和题目，还会涉及数学史之类的，还有某个式子的来龙去脉，所以才可能会有“没重点”这一说，但是这样真的很好哇，不会是刻板地“背掉公式”。很喜欢sfy老师，很厉害又很低调的老师。
151932,832,孙方裕,2022-03-21 05:36:43,2,4,2,好老师！
152832,832,孙方裕,2022-04-20 09:04:38,1,7,6,。。。
152980,832,孙方裕,2022-04-23 04:12:20,22,23,1,上的是2022年春学期的数学与人类文明，完全不点名。课程考核有两块，数学史相关的2000字打印稿论文（或者选择课堂展示，不过课堂展示给分如何不知道)占比50%，期末开卷考试占比50%，给分还不错，论文缝合怪+开卷考前过了一遍书和PPT就拿了4.2。上课内容毫无压力，孙老师讲得生动有趣，一学期下来还是学到了不少数学史的知识。\n\n   该课程唯一值得吐槽的是蔡诗人编的《数学与人类文明》教材，该教材妥妥的流水账，最大的缺点是抛行文逻辑与著述主线于不顾，想到哪里写哪里，完全未能体现数学的发展脉络，经常讲到一点，又由着性子无端地发散到另一点，比如说该书最常用的段首语是“现在我们来说说……”“我现在还想说说……”“说到这里，我们要说说……”，又如在讲近代数学时又花了两个大章节纯讲诗歌与美术（真的是不顾前后文的纯讲），在讲罗素的时候又跳到维特根斯坦……我理解蔡诗人很有“人文情怀”，非常想分享自己对艺术的见地，但既然是写数学史的书，至少要交代一下所写内容与数学的联系吧？现实是蔡诗人认为“讲到这里，我们又要说说……”就可以代替逻辑了。因此，楼上有uu认为“讲的没重点”并不是孙老师的错，而是因为该课程的教学框架是以蔡诗人的教材为基础搭建的。\n\n    现在市面上讲数学史、数学科普的好书也不少，比如说斯托加茨的《微积分的力量》，学校如果真想开一门数学史的通识课程，建议抛弃以蔡诗人教材为基础的教学体系，重新设计教学框架，效果一定更好。
153771,832,孙方裕,2022-05-10 12:47:44,-2,1,3,老师很好，几乎不点名，作业也很少，给分也很好。
154602,832,孙方裕,2022-06-02 11:23:25,9,12,3,呜呜呜，好老师，大学第一门满绩就是他给的，我爱方裕( •͈ᴗ⁃͈)ᓂ- - -♡﻿
155857,832,孙方裕,2022-06-16 10:08:00,-1,3,4,好怀念老师的高数课，都怪自己大一初入大学不懂得珍惜😩
156861,832,孙方裕,2022-06-21 07:45:17,6,7,1,老师会捞人的
156873,832,孙方裕,2022-06-21 08:29:13,1,4,3,很和善
160553,832,孙方裕,2022-09-27 00:40:42,3,6,3,孙方裕老师真的很好哇，上课很有趣作业也少，因为有你温暖了四季(๑`･ᴗ･´๑)
160592,832,孙方裕,2022-09-27 14:41:58,12,14,2,1.老师人很好\n\n2.咳嗽很糟糕\n\n3.上课点名提前说\n\n4.下课基本准时不拖堂\n\n5.讲的可能有些慢\n\n6.建议课前自学上课写作业
163734,832,孙方裕,2022-12-16 04:26:30,5,5,0,孙老师yyds！虽然还没期末但已经狠狠爱了
164290,832,孙方裕,2022-12-20 06:41:40,-25,9,34,就这老师还能10分，各位不要瞎了眼了
164407,832,孙方裕,2022-12-21 01:44:13,2,2,0,老师真的很好
164521,832,孙方裕,2022-12-21 12:03:56,5,5,0,好老师真的
164562,832,孙方裕,2022-12-22 02:07:27,3,5,2,超级可爱幽默的大叔！男神是有点子搞笑在身上的～上课时不时会有点子哲学思想暴露出来
165124,832,孙方裕,2022-12-29 08:42:51,0,2,2,好老师！！！！！！！！
165873,832,孙方裕,2023-01-10 07:48:00,2,3,1,讲课速度和难度对本理科蒟蒻很友好，超级无敌海底捞大师♡谢谢老师
165883,832,孙方裕,2023-01-10 08:15:13,1,3,2,老师人真的很好啦，虽然没有感觉被捞但是应该是线上考试题型的问题啦。还是爱老师滴，谢谢老师一直用心教我们高数，以后我这个理科菜鸡终于能和数学说掰掰啦
165945,832,孙方裕,2023-01-10 12:52:53,-1,1,2,爱死了
165961,832,孙方裕,2023-01-10 13:39:37,0,1,1,超级好的老师！！！
166011,832,孙方裕,2023-01-10 17:11:55,2,2,0,究极好老师
166461,832,孙方裕,2023-01-12 10:03:30,0,1,1,孙老师人很好，讲课也很清楚，作业也不多。助教感觉有点憨憨的，也很好，会耐心解答你的问题。就是最后出分我还是被伤了一下
166932,832,孙方裕,2023-01-14 09:12:27,-3,4,7,好老师给分好。上课咳嗽对想听课的同学可能有点困难，不过高数哪需要听课呢。
167360,832,孙方裕,2023-01-15 15:38:43,4,4,0,数学是一生的痛，但孙伯伯是我的挚爱💐
167755,832,孙方裕,2023-01-19 02:35:36,3,6,3,没听课（40%是老师嗓子不好的原因），没怎么学，最后拉了，我恨线上考试。不过老师人还是不错的。
168646,832,孙方裕,2023-02-20 14:02:09,4,9,5,缓考生报道，考前一晚通宵补天，给我捞到86/4.2，我哭死，感觉这个夜没白熬了......谢谢老师呜呜~
171025,832,孙方裕,2023-03-14 09:02:16,-41,5,46,老师很一般，上课让人只想睡觉，给分很差（本人3.9）
171692,832,孙方裕,2023-04-02 06:48:55,1,3,2,讲课不错，点名提前通知。
172379,832,孙方裕,2023-04-25 16:06:40,0,2,2,好好好
173817,832,孙方裕,2023-06-03 08:08:02,-1,1,2,孙老师，讲课，原理简单明了，确实锻炼了思维。
175946,832,孙方裕,2023-06-27 08:26:32,2,4,2,讲得很好，很喜欢他的上课风格\n\n虽然我高斯求积公式没复习\n\n老师捞捞
177084,832,孙方裕,2023-07-01 15:01:14,3,5,2,这学期计算方法没点过名捏\n\n唯一的缺点就是感觉老师嗓子不大好，有时候会听不清楚\n\n其他讲课都很清楚，最后一节复习课会讲很多考试的内容
177552,832,孙方裕,2023-07-03 16:12:34,7,9,2,老师的嗓子不太好
181468,832,孙方裕,2023-10-18 09:35:44,1,3,2,孙孙酱呆suki 咳嗽萌萌嘟 特别特别好的老师 爱爱
181469,832,孙方裕,2023-10-18 09:36:16,-2,2,4,小孙孙萌！我爱你 ꒰ᐢ⸝⸝•༝•⸝⸝ᐢ꒱～ 孙老师全世界最好的高数老师🤲🏻
182228,832,孙方裕,2023-11-13 03:23:38,-1,1,2,老师真的很好，很认真的解答问题，会一遍遍得讲直到弄懂为止
182342,832,孙方裕,2023-11-15 03:33:20,2,3,1,孙老师给的定心丸吃得真安心，表白孙老师！您配享太庙啊啊啊啊啊啊！考虑到所有人存在的差异性因材施教，谦虚敬业，有你是我的福气啊啊啊啊啊啊啊！
182492,832,孙方裕,2023-11-16 12:56:45,1,2,1,数学与人类文明，挺水的，但给分好像没有很好，可能是我写论文的原因吧....推荐大家做课堂展示........
182496,832,孙方裕,2023-11-16 14:15:23,0,1,1,sfy老师人很好，挺和蔼，挺水的，不水的同学也能学到很多知识
182515,832,孙方裕,2023-11-17 00:42:23,2,5,3,数学与人类文明 事少分高 不点名\n\n论文缝合怪4.5
182522,832,孙方裕,2023-11-17 03:15:09,-1,2,3,这给分。。。无语了
182548,832,孙方裕,2023-11-17 10:48:34,6,6,0,这个老师真的很可爱，他都快退休了，但是还是在讲台上，同学讲PPT尴尬了也会帮忙缓和，真的很可爱，选他不后悔，爱死了，真的真的，最后一节课考完试，看着他离开的背影，真的感觉有点点心酸，真的爱了
182549,832,孙方裕,2023-11-17 10:52:51,3,4,1,上过孙老师的数学与人类文明，老师事情很少并且不点名，成绩50%论文/pre+%50%期末开卷考。\n\n答主认认真真准备了pre，但是期末考前没怎么看书，幸好开卷考每个问题都找到答案了，最后4.8。\n\n孙老师的课认真听是能学到很多数学史的，而且讲课的思路和教材有区别，不是ppt全抄教材那种，总之好评！！！
182550,832,孙方裕,2023-11-17 10:52:53,4,4,0,选的数学与人类文明。全程没点过名。八次课只去了第一次和最后一次。事情也很少，就一次课堂展示或者一篇论文。考前大概过了遍ppt，最后4.8
182634,832,孙方裕,2023-11-18 15:22:38,0,4,4,课堂展示和论文应该没区别，老师主要看实质内容。本人课堂展示很水，考试没写全，故而只有3.9。虽然有点遗憾，但也知足了，毕竟态度摆在那里。。。。
182726,832,孙方裕,2023-11-20 02:24:13,4,6,2,孙老师很好，但是似乎评分是正态，所以是有可能拿到比意想低一些的分数的，论文和考试要稍微准备一下的
185929,832,孙方裕,2024-01-06 05:33:25,3,4,1,好喜欢好喜欢！！还想上孙老师的数学课！！
188772,832,孙方裕,2024-01-20 02:13:05,0,4,4,aaa好可爱的老师，最后一届教高数啦，答疑很耐心（顺便表白助教cjlxgg），高数付出和收获成正比，美美满绩啦！
188817,832,孙方裕,2024-01-20 05:12:12,4,6,2,很好的老师，很谦虚，期末给分好
188824,832,孙方裕,2024-01-20 06:02:06,1,4,3,一位曾经大一高数不及格的留学生笨人竟然可以在这次比较难的试卷上获得绩点3😭😭 比我预想的多了两倍啊啊啊啊！谢谢孙哥哥的不杀之恩！你问为什么要选孙哥哥？！他真的我哭死！作业最少！签到最少！小测开卷！让你在平时分上可以好好下功夫！应该是事最少的高数老师了😭（问了其他朋友选的老师以及结合自己大一选了其他老师的经验来说）
188884,832,孙方裕,2024-01-20 11:09:32,2,3,1,超级超级好老师！人很耐心讲课很专注，很温和！最后一年教书，就要退休了，我真的很舍不得他！本人数学比较差但也比较满意了！
189088,832,孙方裕,2024-01-21 15:44:49,-1,6,7,第一次满绩是高数啊。孙老师很有意思，平时事少不点名，小测开卷。\n\n期末考试可能是高数这门课的问题了，和作业小测不太一样。\n\n但是，孙老师真的非常好。（虽然高数平时上不上没关系，不点名，但是还是建议去听的嘞）
190014,832,孙方裕,2024-02-09 00:57:44,0,5,5,61，感谢老师
190197,832,孙方裕,2024-02-25 08:11:35,2,3,1,方裕giegie平易近人，十分谦和有礼。上学期给了老师俩橙子，他特别有礼貌地谢谢我哈哈哈哈哈哈哈反正很可爱就对了。虽然咳嗽有点魔性在，但是不妨碍讲课思路清晰，讲微商那会儿举经济学例子讲的比那个讲经济学基础的老师清晰多了！而且有一说一助教也很好，小测有疑义可以沟通捏
191634,832,孙方裕,2024-04-26 09:32:01,1,3,2,很好的小老头，不过已经退休啦
193648,832,孙方裕,2024-06-14 11:01:17,2,2,0,很可爱的老师，注意保护好嗓子
194226,832,孙方裕,2024-06-22 15:48:57,5,5,0,先是上了数学与人类文明，后面又上了计算方法，跟老师算挺有缘的。老师人很好，讲课很细心，而且不点到。
195550,832,孙方裕,2024-06-28 17:32:01,4,4,0,浓浓师生情，老师退休快乐！！！！
195555,832,孙方裕,2024-06-28 17:44:31,1,3,2,感谢孙老师，有幸上了您最后一届计算方法，祝您退休快乐！
195598,832,孙方裕,2024-06-29 03:17:44,4,7,3,第一次在查老师上评价，孙老师给了我大学里数理基础课第一个满绩，应该对我后面的人生都是莫大的鼓舞，看plq原来老师要退休了，那就祝可爱的孙老师退休快乐！注意保护嗓子
195637,832,孙方裕,2024-06-29 06:18:30,2,3,1,感谢孙老师，给分的神！！
197443,832,孙方裕,2024-07-15 09:05:03,0,2,2,有点口音有魔性咳嗽声的老师！人很和蔼平时不点名，小测开卷，作业也很少，而且被老师捞了！感恩！
216090,832,孙方裕,2025-03-10 09:25:56,0,0,0,很可爱的老师，上课从来不点名，有点口音可能听起来比较费劲，但老师人很好！期末考很多没写出来，但也被狠狠捞了。上完一年多了来补个评论，退休快乐呀
257,843,夏巧玲,2015-03-14 23:24:24,53,72,19,上过她的几何学，语速快是她的主要特点，大部分时候讲得还是比较清楚的，而且有习题课。最后考试卷子内容挺基础的，很多都是平时讲过的类似的习题。
1449,843,夏巧玲,2015-03-22 04:27:35,13,16,3,语速快
1602,843,夏巧玲,2015-03-23 01:17:11,7,12,5,特别喜欢老师的语速，很快，让你走神不得
4485,843,夏巧玲,2015-06-24 00:46:26,1,7,6,老师讲的很好
5631,843,夏巧玲,2015-07-08 23:05:22,1,5,4,讲得挺好的
6259,843,夏巧玲,2015-07-12 11:48:55,8,12,4,讲课语速很快，必须集中精神啊。给分不能更赞
6268,843,夏巧玲,2015-07-12 13:43:43,2,8,6,低分飘过，不明所以
6642,843,夏巧玲,2015-07-17 02:35:39,5,5,0,语速快
9708,843,夏巧玲,2015-11-05 02:36:17,1,4,3,讲的不错
14604,843,夏巧玲,2016-01-08 02:37:57,-1,4,5,必须上
19137,843,夏巧玲,2016-01-23 10:22:20,-2,2,4,哦哦哦
20053,843,夏巧玲,2016-01-26 03:30:17,1,4,3,666
20064,843,夏巧玲,2016-01-26 04:14:56,1,11,10,真绩杀！\n\n上课比较无聊，语速快；但进度老跟不上。真的大一别学几何学真话
20658,843,夏巧玲,2017-10-26 05:09:03,0,8,8,老师讲的很细致。只要重要公式很熟练，而且课后习题都认真做了，几何得高分并不难。
21044,843,夏巧玲,2016-02-13 08:05:55,1,9,8,反正我遇到的大一学几何的很少有高分。当然大神还是有的。最后考试其实不是非常难，和课后题水平差不多，但课后题也不是很简单……老师讲课还行，就是快了点。
25830,843,夏巧玲,2016-06-10 13:32:45,5,9,4,哎呀，这个你们以后学黎曼几何时候会学的，先让你们见识一下\n\n---------分割线------------\n\n不对，这要可数基➕hausdorff。
31029,843,夏巧玲,2016-07-03 06:31:53,7,11,4,还行吧，讲的蛮快给分略坑
31482,843,夏巧玲,2016-07-04 03:14:28,26,35,9,他跟wzx是一对儿！一家人虐了我的绩点！
34233,843,夏巧玲,2016-10-23 17:41:45,-4,5,9,语速太快，有点啰嗦
36167,843,夏巧玲,2016-11-10 17:45:04,3,6,3,讲得很好啊几何学
36986,843,夏巧玲,2016-11-17 02:56:26,-7,5,12,语速一点变化都没有，就像发射机关枪一样，只图讲得快有屁用！
39933,843,夏巧玲,2016-12-28 08:01:27,1,6,5,语速很快，讲得不错。几何还是大一选吧，好多和微积分高代重复的，你会觉得浪费时间的
40900,843,夏巧玲,2017-01-06 06:58:45,6,7,1,几何。语速确实快，但是条理挺清晰的，预习过再上课或者上课之后再过一下书本应该是没问题的。有习题课。
44820,843,夏巧玲,2017-01-18 09:49:53,6,13,7,绩杀 即使你好好学也考不好
46308,843,夏巧玲,2017-01-21 08:01:44,0,6,6,好好好
46338,843,夏巧玲,2017-01-21 09:10:43,0,6,6,讲课还可以，真的是绩杀，，，千万别选
46353,843,夏巧玲,2017-01-21 10:13:11,0,6,6,语速快，给分低
46698,843,夏巧玲,2017-01-22 07:31:44,2,6,4,讲的还行，给分....不敢恭维，感觉没平时分，都看考试
46859,843,夏巧玲,2017-10-26 05:14:31,-1,6,7,给分呵呵
46861,843,夏巧玲,2017-01-22 13:56:33,1,5,4,某位同学牛的一批啊
46944,843,夏巧玲,2017-01-23 04:46:38,-1,3,4,上课经常算错哈哈哈哈，平时分比重超低的，诶西
46990,843,夏巧玲,2017-01-23 08:40:08,3,6,3,几何给分真心坑客观讲讲课还是不错的，人也很负责任
47605,843,夏巧玲,2017-02-07 02:37:10,0,7,7,讲课超级慢，比较容易走神，最后试卷挺简单的，就是给分好低。。
47684,843,夏巧玲,2017-06-30 00:56:42,7,10,3,夏老师教的很好，平时学的也挺好的，本来觉得是所有数学课里学的最好的，但是这次微分几何题目真的跟作业相差好远，有点懵，成绩有点差，不过还是很感谢老师的
48385,843,夏巧玲,2017-03-02 14:37:02,-1,1,2,没怎么听过
49687,843,夏巧玲,2017-04-24 05:39:59,2,4,2,我觉得还好啊
53607,843,夏巧玲,2017-06-27 07:08:26,13,17,4,上课的确是语速快，但是只要不跑神水手机完全是跟得上的，两节课下来干货满满，而且每次课会有十五分钟左右的时间回顾上次课的内容，衔接很好！但是万万没想到考试会那么直接考全平均曲率是共形不变量的证明……
53667,843,夏巧玲,2017-06-27 09:30:40,10,13,3,出了一张复习和不复习没差别的微分几何卷子
53775,843,夏巧玲,2017-06-27 13:34:32,14,15,1,一分耕耘一分收获。绩杀就杀吧，学到知识也很重要啊
54285,843,夏巧玲,2017-06-29 03:17:18,6,10,4,这学期上的微分几何。我觉得是能讲清楚的，上课仔细听的话。语速快确实。老师的讲课思路很清楚的。就是内容太多记不住。给分差是因为考得差啊。不能光看给分差就给老师打分，这不公平的，毕竟觉大部分人真的没学好。题目基本上来自书上和课后习题。
54602,843,夏巧玲,2017-06-30 00:59:29,10,14,4,老师上课讲的很清楚，几何平时题目会做期末就没什么问题，微几考完觉得要1点几，但夏仙女走下神坛调了分。被夫妻双杀控制的恐惧。
54719,843,夏巧玲,2017-06-30 05:37:42,-1,3,4,微分几何让人心碎
55097,843,夏巧玲,2017-07-01 00:13:53,5,6,1,微分流形加油
56391,843,夏巧玲,2017-07-03 15:28:56,8,8,0,老师教的很好呀，条理清晰，容易接受。不要因为给分严格就评分低嘛。但微分几何让我们默写一个将近两页纸的证明也是够狠的?
60541,843,夏巧玲,2017-10-23 14:11:21,0,1,1,老师很认真。真的很认真。除了本弱渣作业不会做。其他都挺好。
66710,843,夏巧玲,2018-07-08 10:56:52,2,10,8,老师很复杂，备课十分认真！微分几何、黎曼几何都很精彩！学的不好是自己的过，为什么要怪辛勤劳动的老师？！你们扪心自问一下：上课记笔记了吗？！课后复习了吗？！作业 独自 思考了吗？！
72672,843,夏巧玲,2018-07-08 10:57:08,2,6,4,不得不说这是我在大学以来见过的最负责任的老师，上课最认真的老师，想给学生最多东西的老师，以及智商实在令我佩服的女老师，真的是超级超级崇拜了！人也超级好！！
72695,843,夏巧玲,2018-01-31 01:58:48,0,1,1,微分流形跪谢夏女神不挂之恩！虽然低分飘过???
73183,843,夏巧玲,2018-02-01 06:14:14,3,6,3,不质疑老师的授课水平和自身的学术实力，但是真的是完全没有师生情的一个老师，基本一学期下来就没有平时分 只有期中考和期末考，选了她的课一定要认真学 认真考，任何一个环节出问题绩点下3分分钟的事
73190,843,夏巧玲,2018-07-07 12:09:55,9,10,1,上了夏姐姐的几何学 微分几何 微分流形 几何学本身简单讲的也很清楚 虽然很多人说给分差但身边的都上4.5了 应该是纯看考试吧 卷子很简单但是几何学这种算错了应该扣得蛮多 微分几何讲的也挺好很认真 考试难 感觉调了一点点分但也不会大调 微分流形是真的课难 老师很负责但总觉得有些东西没有讲清楚 卷子不是很难 但是给分没什么师生情 应该也是看卷面 不过这么难的课八十几分也应该满足了 总体说来夏姐姐是我遇到过的数学系最负责的老师之一了
74318,843,夏巧玲,2018-02-21 17:23:48,0,3,3,呵呵呵
76084,843,夏巧玲,2018-07-08 10:57:17,5,11,6,老师耐心负责，备课非常认真，补充很多知识，讲课非常细致，无论微分几何还是黎曼几何。对学生很耐心。一帮浙大学渣学不好就说老师不好，真是让人气愤！你们认真记笔记，独立做作业，课后重新把书上的定理推一遍了吗？！！
81367,843,夏巧玲,2018-07-13 02:26:37,2,10,8,很负责的老师，备课非常认真，把书上知识点讲解非常清楚，最棒的是会按照自己的理解对教材作出很有益的补充，如黎曼几何和微分几何中的曲率张量等运算，不照本宣科。那些嚷嚷着老师差的数学学院的学渣们，到底是你们不好好听课、不好好复习、不好好做题，还是老师不行？！！！搞数学的就这么是非不分吗？！！！配学数学吗？！！！配做浙大人吗？！！！
86819,843,夏巧玲,2018-09-19 02:31:29,4,4,0,带病坚持上课，超级棒٩(๑`н´๑)۶
98280,843,夏巧玲,2019-01-23 09:08:23,-4,2,6,微分流形期末改卷好严，明明都做出来了最后才80出头
120958,843,夏巧玲,2020-01-19 03:49:27,-1,2,3,几何学满了。平时分扣了很多，好在期末考试满分。最后5.0
120961,843,夏巧玲,2020-01-19 04:20:01,0,0,0,夏奶奶的课听不懂，靠自学，小测得把书上的例题和习题都做一遍，才有可能算得出来，最后给分也比较差，不过好像给我调分了？
121010,843,夏巧玲,2020-01-19 08:40:24,2,2,0,【微分流形】夏奶奶上课很认真，但教材真的一言难尽……以后上课的学弟学妹多看看gtm218吧……期末出了40分的送命题，估计只有大佬才有可能做出来吧……最后给分很求是……菜是原罪！
122045,843,夏巧玲,2020-02-07 14:23:56,0,0,0,小测比其他老师难很多，而且语速一直快，但是重点不突出
122453,843,夏巧玲,2020-02-28 09:11:03,2,2,0,给个5分吧，上了夏奶奶的微分流形（理解），喜提三年最低分。微分流形本来就很难跟不上她讲课可能是我的问题，但是最后的考试卷子着实让人感到认真学了和不认真学，复习了和没复习没什么区别，至少不反映在考试成绩上。千万别选这门课。
130,860,徐林荣,2015-03-14 16:03:52,7,9,2,人很好，会发大礼包
319,860,徐林荣,2015-03-15 00:47:57,37,50,13,很负责的老师，很关心学生的学习情况，虽然严，但都是为了学生
383,860,徐林荣,2015-03-15 01:44:53,7,9,2,很负责任的老师，要求比较严格不过大半靠自觉
1125,860,徐林荣,2015-03-21 16:14:20,8,10,2,人很好，很负责，从来没有公邮，而是把邮件发到每个同学邮箱里，确保大家都能看到
1890,860,徐林荣,2015-03-26 04:12:06,4,6,2,讲课非常认真细致，人也很好。
2696,860,徐林荣,2015-05-05 12:15:58,8,11,3,讲得超细，会等大家都理解了才往下讲
3076,860,徐林荣,2015-05-13 11:42:15,3,6,3,徐老师很赞！
3936,860,徐林荣,2015-06-17 10:26:53,4,15,11,给分不好
5578,860,徐林荣,2015-07-08 12:20:05,3,6,3,老师真的超认真
23621,860,徐林荣,2016-04-10 08:57:14,-4,3,7,很锻炼自学能力
39347,860,徐林荣,2016-12-22 06:47:19,3,4,1,超级负责
39991,860,徐林荣,2016-12-28 12:59:16,1,2,1,数据库技术超级棒啊
52649,860,徐林荣,2017-06-22 01:50:15,2,3,1,老师人特别特别好
53091,860,徐林荣,2017-06-25 13:03:04,1,1,0,很好的老师
53597,860,徐林荣,2017-06-27 06:25:48,1,2,1,只能说数据库炸了，后面基本没分，坐等挂科
54783,860,徐林荣,2017-06-30 08:25:22,8,9,1,上大学以来遇到最负责任的老师
55525,860,徐林荣,2017-07-01 23:24:58,1,1,0,成绩刚出，过来写一下。老师人很好，会给我们准备资料，平常写作业、期末复习都很方便。就是平常作业有点多?认真学习的话给分也好。这次期末卷有点坑了＝＝
55535,860,徐林荣,2017-07-09 13:07:42,2,4,2,数据库技术，成绩刚出评论一波。 老师超认真，发各种资料，附带asp.net网页制作 。作业有点多，很多次都是干码农的活，我个人不太喜欢。 期末卷子写的手抽，题量真的是有点大…… 给分还不错，比我预期好多了
57593,860,徐林荣,2017-07-10 09:34:56,0,0,0,课堂比较有启发性
60020,860,徐林荣,2017-10-04 06:37:04,6,8,2,徐老师很好会准备资料发到每个同学邮箱，很有耐性，讲课仔细。
68050,860,徐林荣,2018-01-22 14:04:43,-7,0,7,气，我就不是你的学生了吗
71295,860,徐林荣,2018-01-28 08:55:17,0,0,0,给分不好！
76056,860,徐林荣,2018-03-26 05:18:55,2,3,1,老师真的是太太太太太认真了！
83456,860,徐林荣,2018-07-10 10:11:35,2,3,1,在浙大见过上课最认真的老师。数据库技术下午三节正课加两节上机，从头讲到尾。作业量偏多，大作业需要几天时间才能做好(可能我编程太菜了吧)。总之冲着认真，还是给老师个赞~不过呢，这课性质决定了听课可能会有一些无聊。
85616,860,徐林荣,2018-07-21 12:49:31,1,3,2,都大三了还这么难为学生的绩点何必呢
87497,860,徐林荣,2018-09-30 02:06:49,1,1,0,徐老师太细心温暖了！就像高中老师一样负责，依然还会和我们讲学习的方法和心态…上课深入浅出… 能上他的线代真是幸运
97723,860,徐林荣,2019-01-22 14:13:07,1,2,1,真的很认真负责，绝对10分，看到成绩，感动哭了
103771,860,徐林荣,2019-03-05 08:07:51,0,0,0,老师人很好，就是一连上五节课有点累啊…_(:3」∠)_
104107,860,徐林荣,2019-03-12 07:05:00,0,0,0,上的数据库技术。老师很负责也很细心！
113012,860,徐林荣,2019-07-05 17:31:05,8,10,2,数据库技术，平时上课有点小无聊，作业量偏多，大作业不太好做，期末难度不大，但是题量很大。老师很认真很细心，真想学可以学到很多东西。
113234,860,徐林荣,2019-07-06 02:23:46,0,0,0,老师人很好，上课比较闷，平时作业量也大，这门课不容易崩但是拿高分也不容易
114268,860,徐林荣,2019-07-09 13:53:46,1,2,1,上的数据库，老师人对学生很关注也比较严格，平时作业比较多但是认真做很有收获，期末考手写代码写的手抽TAT但难度中等吧（真的要注意时间ORZ），整体来说认真做成绩还是能看的。不过要拿高分可能大作业功夫得下一点
117329,860,徐林荣,2019-09-23 03:24:38,0,0,0,上课比较无聊，作业还行
117729,860,徐林荣,2019-09-30 03:01:24,0,7,7,选这老师的线性课准备自学。
118097,860,徐林荣,2019-10-21 02:30:03,1,1,0,其实线代讲得是认真的，虽然节奏慢而且有点无聊，但是老师很负责了。
120185,860,徐林荣,2019-11-18 04:09:21,0,0,0,认真仔细
125643,860,徐林荣,2020-09-12 14:02:24,1,1,0,数据库技术。徐老师上课很认真负责。就是语速慢了点……网课回放2倍速正好。平时正常听课，考前复习2-3天，主要复习例程。给分可以。98上有回忆卷可以看看。
133847,860,徐林荣,2021-03-08 06:02:08,-3,0,3,无话可说
134454,860,徐林荣,2021-03-29 06:02:51,9,18,9,忽然想到来评论，上学期修的线代，我觉得这门课很好地锻炼了我的自学能力
135498,860,徐林荣,2021-05-23 21:14:21,-36,10,46,以下内容不针对徐老师，仅为我个人在学习线代过程中的疑惑;\n\n1.行列式为何要如此定义，它除了解方程组还有什么作用？\n\n2.矩阵的本质是什么，矩阵乘法为何要定义为前一个矩阵的行与后一个矩阵的列对应元素相乘，它的几何意义是什么？\n\n3.为何我只觉得教材在空降概念，逆序数，矩阵的秩，特征矩阵莫不是如此？\n\n4.为何我觉得教材上的证明佶屈聱牙，思路清奇\n\n5.为何我一学期上下来根本不明白自己学的到底是什么，到底用来干什么的，因为它既不“线性”，也不“代数”\n\n如果自称中国高校TOP3的浙大所开设的一门80%的人都要上的一面基础数学课连这些我认为对初学者来说至关重要的问题都无法回答，甚至上完后除了会算行列式和矩阵外啥都不会，我是否可以断言这门课程的体系设置是很不合理的；同时我注意到本校的线代教材已经使用了20年，这是否意味着线代的教学体系几十年来基本就没变过。\n\n最后，请允许我说，编教材的人是猪，数学科学学院的领导，全是🐖
136702,860,徐林荣,2021-06-23 07:31:13,1,1,0,老师非常负责任
137196,860,徐林荣,2021-07-02 07:04:02,1,2,1,老师很负责，但是只是把课本内容放到电脑上然后讲一遍不如自己看课本，讲的真的一般
138107,860,徐林荣,2021-07-07 10:48:41,2,4,2,老师真的很负责，给的资料也很好。不过上课确实有点枯燥
138333,860,徐林荣,2021-07-08 14:16:23,1,2,1,老师人很好，讲课也很细致，很关心学生，线代我一直学不会考试也很拉垮但是老师给我捞上来了，感恩～
141772,860,徐林荣,2021-10-25 07:04:35,3,4,1,老师真的人超好，会在考试之前写小结用于同学们复习。
142529,860,徐林荣,2021-11-12 15:45:25,4,5,1,超级负责，超级认真，
142791,860,徐林荣,2021-11-16 06:38:24,3,4,1,老师超可爱
143656,860,徐林荣,2021-11-30 07:25:36,-10,0,10,选他的课不如自学
144612,860,徐林荣,2021-12-22 15:57:33,8,9,1,徐老师真的很认真负责，每一次线代课后都会发补充材料到群里，并且很细致的不断修改小错误，人也特别好！但是可能是课程性质的原因吧，课程容量有点大，所以讲的会很快
145200,860,徐林荣,2021-12-28 07:37:22,3,4,1,大学遇到的最负责的老师，负责到以至于我不想他“那”么负责。
145383,860,徐林荣,2021-12-29 09:14:34,2,3,1,我不管徐老师就是我的最爱
145990,860,徐林荣,2022-01-05 02:30:53,1,2,1,徐老师挺能捞的，感恩：）老师很负责认真，人也很好，上课的话线代平时还是得多花时间
146649,860,徐林荣,2022-01-07 07:03:47,1,2,1,很好，上课讲的仔细，但是速度比较慢
146844,860,徐林荣,2022-01-07 15:14:56,1,2,1,上课主要是把书上的定理证了一遍\n\n会发自己整理的资料，比较有用\n\n老师很温柔
146996,860,徐林荣,2022-01-08 10:59:45,1,2,1,挺不错的
147473,860,徐林荣,2022-01-10 05:09:51,4,6,2,上了徐老师的线性代数，怎么说呢，徐老师上课速度比较神奇。你说他讲的快吧，他讲的进度在几个班里也不是最快的。你说他讲的慢吧，上课又经常在赶进度。感觉主要还是因为线代课时比较少，徐老师又想补充一些内容所导致的。不过老师真的很认真负责，每节课都会写补充材料发在群里，经常深夜还在钉钉上给同学答疑，绝对是一位认真负责的好老师！
148083,860,徐林荣,2022-01-11 12:55:57,1,2,1,很负责很认真的老师～
148593,860,徐林荣,2022-01-13 02:41:14,5,6,1,超级负责，大学里第一次见赶着学生复习的老师\n\n平时会经常整理补充资料
149094,860,徐林荣,2022-01-14 11:16:02,1,3,2,感谢老师捞我!真的很能捞!虽然平时课不怎么听，小测和期中考都爆炸了，但是最后总评没想象的这么低!啊啊，不过接下来我还是会好好学数学的!
149095,860,徐林荣,2022-01-14 11:22:02,1,2,1,老师很负责，很nice
149109,860,徐林荣,2022-01-14 12:05:40,16,20,4,很好很好很好的老师，不知道为什么评分不高，评论也一般。每节课都有总结资料，别的线代老师都没有；上课内容讲得非常细致耐心，容易听懂；还注重拓展，线代考试其实会考很多课后习题的内容，有些老师是不讲的，但是徐老师都会讲，课后习题里比较重要的题型和定理他都会讲；钉钉私聊问他问题，他不会只回几个字敷衍过去，他会把完整的过程一点点写出来，连那种解释性的文字都写的很完整。没见过比他更认真的老师了。我学得很认真，最后也满了。
149397,860,徐林荣,2022-01-15 08:34:51,2,3,1,徐老师讲课真的一级棒，线代讲的很清楚，课后也会发补充材料，答疑很认真。我期中很拉，期末一般，给的绩点比我预计还是高，可惜下学期选不到徐老师的课。徐老师yyds!!!
149442,860,徐林荣,2022-01-15 10:58:11,2,2,0,老师非常认真负责，很关心学生，期末考试因为过程写的太简单了，第一小题十分一分没得，最后徐老师拿着我的试卷去找批卷老师询问，尽管没有加回来，但是非常感动。老师每节课后都会写小结，东西很多，很有用。尽管线代几乎是自学的，但是小结真的帮了我很大的忙。最后遗憾的是因为期末考试第一题的原因没有拿到满绩，但是感谢老师的付出！
149450,860,徐林荣,2022-01-15 11:16:56,0,3,3,老师很负责，教学质量还可以，但真的很求是，小测说会给赋分但感觉没给，给分真的不好，作业也多，投入付出不成正比
149457,860,徐林荣,2022-01-15 11:50:16,2,4,2,课后资料很棒，看得出来用心整理过。能够覆盖很多吉米多维奇没有的盲点。唯一的缺点可能是上课比较念书，不过应该也不算缺点，自己看书也不是坏事
149606,860,徐林荣,2022-01-16 07:42:17,0,1,1,这也太能捞了吧
149713,860,徐林荣,2022-01-16 14:06:22,1,1,0,给分不太友好…
150572,860,徐林荣,2022-01-30 15:02:38,1,1,0,会发大礼包；上课比较认真
150843,860,徐林荣,2022-02-19 10:11:33,-20,2,22,小测20分扣6分？！！！把我的96扣成90？！！谢谢了您呐
151038,860,徐林荣,2022-02-22 06:26:26,2,3,1,老师蛮好的，很关心学生，不过我感觉我自学成分挺多，下午的课真的太困了(๑-﹏-๑)平时作业做得一般，两次小测考得也不太好，但是期中考试考了91，慕课基本都对了，期末发挥也还行，最后绩点4.2感觉比我预期要高了
151154,860,徐林荣,2022-02-23 13:13:14,0,0,0,徐老师超级负责！！问的问题都会很耐心地解答。以前数学其实一直不怎么好，这是我第一次在数学这门学科上拿到一个好的分数！！认真学习会学到很多东西的～
152343,860,徐林荣,2022-04-05 11:47:21,0,0,0,老师很好
159490,860,徐林荣,2022-07-25 09:25:46,0,0,0,线代讲得挺好啊，不知道为什么有的同学说全靠自学。大学的课基本都要课后自学吧，光靠上课肯定不够。比较离谱的是我大一所有课线代分数最高。。
159835,860,徐林荣,2022-09-05 12:23:26,0,0,0,徐老师讲得超仔细，课后补充材料要认真看，跟上上课节奏一定不会太差，本文科数学渣渣线代是虽有数学课里最高的
161013,860,徐林荣,2022-10-23 16:31:00,0,0,0,目前上过所有课里面最负责的老师！
161965,860,徐林荣,2022-11-15 13:02:58,0,0,0,超级耐心的老师啊
163770,860,徐林荣,2022-12-16 05:39:11,1,1,0,知识点讲的很清楚  很可爱的老师
164313,860,徐林荣,2022-12-20 12:57:54,5,6,1,老师也太认真负责了吧，而且还憨憨的很可爱
168843,860,徐林荣,2023-02-22 16:12:55,2,2,0,老师教的很好很认真 学得也很认真  最后表白助教姐姐 助教姐姐真的太好啦 温柔善良又负责 🥹
168854,860,徐林荣,2023-02-23 03:18:57,1,1,0,好老师。
169174,860,徐林荣,2023-02-24 13:49:25,0,0,0,太负责了，课后资料很好！没考好只是我太菜了
169901,860,徐林荣,2023-02-28 09:17:25,2,3,1,徐老师努力想教会同学们线性代数了，但是他带的甲的挂科率真的好高，出分的时候看学在浙大上有20个没及格都，不过确信不是老师的原因，只能说今年改卷离谱。最后，好老师，10分
170457,860,徐林荣,2023-03-05 06:26:11,1,1,0,被卡绩了呜呜呜，老师虽然很认真负责但是上课确实学的很迷惑……讲课速度相对比较慢（是说话慢的意思，不是讲得清楚的意思……）
170460,860,徐林荣,2023-03-05 06:30:56,0,1,1,老师总是很关注大家的学习进度，也会在每次课后发很多的整理资料（真的很有用），但是不适合他的讲课节奏的可能就会上的痛苦（虽然本来线代就痛苦），劝大家一定要注重平时mooc和小测和期中，线代真的很难
173964,860,徐林荣,2023-06-05 08:59:17,2,2,0,老师真的好认真，课后资料真的很多而且很有用555。是真的很想教会学生！每次答疑也很有耐心！很好很负责的老师。
175699,860,徐林荣,2023-06-26 08:34:37,0,0,0,不是他们班的学生，但是一直听他的网课。感觉他讲的比较实用，通俗易懂。而且发了很多资料，用来复习很方便，有一种高中老师的负责和认真。期中补天看他的资料考得还行，期末还在补，徐老师保佑我
177169,860,徐林荣,2023-07-02 02:59:06,1,1,0,老师真的很认真负责，每节课都有补充资料，期末还有总复习提纲，在他的教导下我得到了数学课类的最高分呜呜
177244,860,徐林荣,2023-07-02 11:15:49,3,4,1,“期末考试结束你们再来叫我捞没用的，我平时一直在拼命捞你们了”\n\n老徐非常负责，非常温柔，平时很会去提醒成绩不好的同学注意学习，会下课后单独叫人谈话\n\n就线代乙的感觉看老师讲的很清楚了，逻辑性比较强，发的补充材料很有用，上课注重重点难点。线代真的是比较抽象，也需要课后不断吸收。\n\n给分的话感觉小测捞得很足了，大考还是靠自己吧，线代认真学基本题会做前面的分还是好拿的。\n\n入坑不亏
177827,860,徐林荣,2023-07-05 03:09:49,0,1,1,老师给的复习资料很多而且很有用，而且对慕课、考试之类的提醒特别多，基本不用担心因为忘记而痛失一大堆分数。但是最终分数……我尽力了，老师也尽力了，就这样吧……
179557,860,徐林荣,2023-09-18 08:06:18,7,8,1,老师超可爱！！一直笑眯眯的，今天上了第一节课感觉也没有特别难理解，开课前在群里把各种事情安排的清清楚楚，是一个很好的老师！超级负责！
181311,860,徐林荣,2023-10-14 02:43:09,2,2,0,老师上课很认真，从特殊到一般，每个点都讲的很细。平常作业易错也会提醒。作业也提醒，不拍忘记漏分。他脾气也很好，上课节奏适中，好评
184252,860,徐林荣,2023-12-14 03:35:47,-1,2,3,讲的好抽象好快
184673,860,徐林荣,2023-12-22 06:30:31,2,2,0,老师人品挺好的，上课很细致。但是我感觉有点过于细致了。老师上课大部分时间在证明课本上的定理，列式子的时候从来不“偷懒”。虽然很清楚，但是我感觉有点烦（个人认为）。小测难度很谜，9、10两节课的试卷难度差异有点大，前后几次的差距也有点大；我一次100，一次60多。。老师课后也会很耐心地给同学解答问题。感觉徐老师比较适合数学基础不太好的同学。课上认真听，课后去看3b1b的视频，可以加深对线性代数的理解。还有就是，线代的基本概念很多，上新课的时候一定要弄清楚，不然之后的课可能就听不懂了。
184738,860,徐林荣,2023-12-22 11:19:59,1,1,0,好好好好好好
185467,860,徐林荣,2023-12-29 21:10:17,1,1,0,goooooooood
186860,860,徐林荣,2024-01-13 09:24:37,2,2,0,一学期只点过一次名，虽然我几乎没有去教室上过课，但是隔着屏幕依旧能感觉到他的的和蔼\n\n总之\n\n十分十分
187144,860,徐林荣,2024-01-14 17:09:35,2,2,0,啊什么时候点过名
187893,860,徐林荣,2024-01-17 17:05:33,1,1,0,老师从来不点名，而且很认真负责，会发些整理的资料，可摸鱼给分高的老师选徐老师就对了！
188301,860,徐林荣,2024-01-18 15:13:38,7,8,1,你是我爹
188303,860,徐林荣,2024-01-18 15:14:59,1,1,0,老师讲课超级好！基本不点名（这学期唯一一次点名是因为老师觉得人有点少大家起哄点名才点的）然后给分也超级好！我感觉都要挂了结果成绩特别好（可能跟期末狠狠复习了也有关系）还会发复习的资料，每个单元都有！选他血赚！都给我选他！
188304,860,徐林荣,2024-01-18 15:15:27,1,1,0,感谢老师捞我于水火之中 这学期这么摆 有这绩点也是万分感谢了🙏🙏🙏
188309,860,徐林荣,2024-01-18 15:17:17,2,2,0,老师讲课非常细致，讲的证明比较多。\n\n整体听课体验还是很不错的，给分也不错。
188311,860,徐林荣,2024-01-18 15:18:26,2,3,1,10/10，徐爷爷我要给你磕100个！！！\n\n很和蔼的爷爷，经常笑眯眯的，很体贴学生，唯一一次点名是看不下去教室人太少了，甚至是第一节课通知第二节课点名，你说那个点完名当着徐老师面逃的你有没有良心？！\n\n上课兢兢业业，会给学生准备复习资料提纲，线代本来就抽象，加上浙大书烂，有这样一个老师你的线代会好学很多！\n\n给分非常非常非常非常非常非常好，我期末考感觉自己在胡言乱语最后总评四舍五入完刚好到了95，而且班级优秀率非常高，真的强烈推荐徐老师的课，预置能碰上徐老师真的是非常幸运了！！！！
188529,860,徐林荣,2024-01-19 07:24:20,1,1,0,徐老师上课水平是不错的，期末还会整理复习资料发给学生，助教也非常nice，基本提问马上就能回复，最后喜提4.8，也对得起这门这学期花的时间最多的课了
188607,860,徐林荣,2024-01-19 11:16:19,1,1,0,徐老师超棒！超可爱的爷爷！很和蔼，讲课笑眯眯的，讲课非常清晰，而且钉钉有问必答！平时有很详细的补充材料，主要是补充结论、证明、典型题和每单元会有知识点整理（超棒的福利！）期末考试捞到95最后总评四舍五入刚好满了，感谢老师和助教gg！（ps助教gg很耐心&信息秒回）
188906,860,徐林荣,2024-01-20 13:59:50,1,1,0,讲课好清晰！！发的复习资料也很有用超级敬业超级和蔼！！助教哥哥们也有问必答！海底捞海底捞海底捞选他选他选他
188997,860,徐林荣,2024-01-21 05:54:50,2,2,0,非常认真负责，为学生着想的好老师。每节课课前给出预习范围，课后会发补充材料，期末还发了复习题和讲义。MOOC和小测之类关系到期末成绩的事都会在群里反复提醒，生怕大家忘记。\n\n唯一的美中不足是这本教材真的编得不好，间接影响了老师的上课效果，但这个也不能怪徐老师。建议大家有空的话去网上看网课作为补充，比如MIT的线代公开课。\n\n老师的线代甲均绩是所有老师里最高的，未必是他给分有多捞，我更倾向于认为是他真的教得好。
189033,860,徐林荣,2024-01-21 10:09:15,1,1,0,相当认真负责，特别慈祥，好！
189279,860,徐林荣,2024-01-22 18:49:42,0,1,1,老师比较慈祥，课上的也不错，给分也好，上课的话建议看智云，因为线性代数太抽象有很多点直接听感觉听不明白，需要暂停一下。
189395,860,徐林荣,2024-01-23 23:47:05,1,1,0,老师我在这给您磕一个了
189396,860,徐林荣,2024-01-24 01:10:44,1,1,0,太能捞了！！！！
189410,860,徐林荣,2024-01-24 03:24:24,1,1,0,老师很好，很负责，讲课思路清晰，最好的线性代数老师之一
190988,860,徐林荣,2024-03-27 14:01:30,1,1,0,非常好
191002,860,徐林荣,2024-03-28 01:01:08,3,4,1,大学遇到最好的老师之一🥹讲课真的非常细致认真耐心详细，让我一个数学渣渣都学得很明白\n\n课后问题也超级耐心的回答，有问必答\n\n非常慈祥的徐老师\n\n而且老师每节课都会发补充材料 整理的超详细 期末也有专门的复习大纲和复习题\n\n让我真正在大学有醍醐灌顶的体验
195508,860,徐林荣,2024-06-28 12:05:37,0,0,0,好！！
195625,860,徐林荣,2024-06-29 05:27:32,-13,0,13,这种卡绩的勾东西能不能丝一下，谢谢
195857,860,徐林荣,2024-06-30 10:43:48,5,5,0,骂老师gdx的那个出生，你自己没个本事你就值那么点分，没卡绩一说，你就是莼菜而已。
197353,860,徐林荣,2024-07-11 07:52:24,0,0,0,神中神，平时分给满，上课也认真负责
198473,860,徐林荣,2024-09-09 06:35:54,0,0,0,徐老师真的超级超级好，问问题也会耐心解答，回复也很及时，对学生很负责，真的是很好的老师
211397,860,徐林荣,2025-01-11 10:20:45,0,0,0,永远的神，讲课节奏很慢，概念讲的很清晰，特别体谅学生，讲课还很有意思，带了点本地口音。最后也是喜提4.8，只是可惜徐老师退休了。
220494,860,徐林荣,2025-06-18 08:44:24,1,1,0,线信dei嗽！
1093,880,尹永成,2015-03-21 16:08:43,12,15,3,清楚明了，很有效果～
4075,880,尹永成,2015-06-17 16:07:05,10,11,1,好
8245,880,尹永成,2015-09-18 00:06:24,23,26,3,毕尹！
13250,880,尹永成,2015-12-25 16:07:12,12,12,0,老师非常nice 数学基本功底极强
13271,880,尹永成,2015-12-26 05:08:16,49,50,1,毕孔。
13732,880,尹永成,2015-12-30 12:36:31,25,26,1,毕孔。\n\n
18204,880,尹永成,2016-01-21 09:24:00,10,11,1,高山仰止！
21344,880,尹永成,2016-02-28 06:14:42,8,8,0,良师益友
21611,880,尹永成,2016-02-29 10:28:47,34,34,0,相当赞！神一般的老师。特别有民国老师的气质，而且平易近人。能听他的课真是人生一大乐事。\n\n
21688,880,尹永成,2016-02-29 15:36:32,14,15,1,毕王！
25827,880,尹永成,2016-06-10 13:20:30,10,10,0,毕王！
26256,880,尹永成,2016-06-16 12:12:43,8,8,0,毕孔！
29053,880,尹永成,2016-06-29 07:42:53,7,7,0,赞啊~
32149,880,尹永成,2016-07-05 23:06:40,13,13,0,浙大教分析最好的老师：备课非常认真，讲课十分清楚，对待同学相当热心
32798,880,尹永成,2016-07-14 06:10:03,9,9,0,我男神！
32892,880,尹永成,2016-07-24 07:10:48,12,12,0,尹老师能把知识讲明白，一听就是有水平。
38209,880,尹永成,2016-11-27 03:41:32,8,8,0,超级超级好的老师！！！讲课清楚人也和蔼是我见过最好的老师！！！送花
39026,880,尹永成,2016-12-20 15:10:37,7,7,0,毕孔~
54321,880,尹永成,2017-06-29 05:54:36,6,6,0,教学水平高、负责任的好老师
63764,880,尹永成,2017-12-14 06:45:29,5,5,0,风度翩翩
79245,880,尹永成,2018-05-28 12:15:22,4,4,0,真的男神。很有风度，教学质量极好。每次我懈怠的时候见到尹老师都会很惭愧。
81375,880,尹永成,2018-07-05 02:33:45,7,8,1,负责任的好老师！基本功很强！很乐于帮学生！复变教的不要太赞！自己组织的材料，不照本宣科，拓展了很多好玩的东西！
86938,880,尹永成,2018-09-19 12:25:29,2,2,0,人生一大幸事、乐事
109100,880,尹永成,2019-06-08 07:38:27,10,10,0,数学功底极强，讲课水平极高！\n\n风度翩翩，儒雅随和，课间甚至能和老师插科打诨，能上老师的课真是一大幸事！
130386,880,尹永成,2021-01-21 14:00:55,25,25,0,我这个学期上了尹老师的分析一，我是一个外校的，因为自己学校教学实在不可恭维于是很早就联系老师来浙大蹭课，老师帮我要了好几次通行证，真的很感谢老师，尹老师很好，对学生也很好，说真的，在尹老师这里我学到了很多东西，一个好的数分基础也是老师给我的，谢谢老师，谢谢浙大
134389,880,尹永成,2021-03-26 04:08:46,10,10,0,14， 16， 18， 20求数hh
136581,880,尹永成,2021-06-21 08:46:10,2,2,0,听老师讲课极其享受，老师很会融会贯通，把之前学过的都会串在一起，而且每节课前还会给你回顾一下上节课的内容，强推
137663,880,尹永成,2021-07-05 13:46:35,0,1,1,尹老师我男神好吧
140898,880,尹永成,2021-09-17 11:18:14,2,2,0,很和蔼！水平很高！
141299,880,尹永成,2021-09-29 03:57:33,17,17,0,原来在尹老师的数分班里旁听，后来remake进入fdu，上楼老师的数分。今天听楼老师讲函数迭代的时候提到了尹老师，并说这是zju尹老师的成果，感慨良深。怀念当时旁听求数课的日子了。
141984,880,尹永成,2021-11-03 03:27:33,3,3,0,听了三个学期，真舍不得这样的好老师
142005,880,尹永成,2021-11-03 13:13:15,3,3,0,顶级老师
142196,880,尹永成,2021-11-08 11:38:40,12,12,0,今天秋学期分析三考试结束，以后大约就不会再正式地上尹老师的课了，这一年多以来感触良多。尹老师真的是我上大学以来，或者说我这十八年里见过的最好的老师，上课十分认真的准备和讲解，将每个知识都由浅入深地讲清楚，真的很不容易。老师水平极高，数学分析的问题基本都是信手拈来，多元微积分里矩阵的计算也不含糊。我记得第一个学期最学不明白的时期，老师会拿一部分学生的作业去亲手批改，每个错误都仔细挑出来。上分析课总是最舒适的时候，看着老师将一个很困难的证明逐步解决确实让人愉悦。老师上课总会先带着学生复习一下上节课之前的内容，偶尔没听明白也可以迅速跟上。在考试上老师从来不为难学生，课上讲得虽然并不简单但是考试一般只要作业认真写了，上课认真听了，最后稍微复习一下都没什么问题。应该是要分开的时候才会感觉珍惜吧，老师不仅教了我数学分析，还一步步让我大致学会了数学学习的方法。如果我以后能坚持在这条道路上走下去，一定要感谢尹老师。
142229,880,尹永成,2021-11-09 02:41:19,3,3,0,分析最好的老师绝不为过，为数不多我会整整三节课认真听完，感觉疲倦但收获满满的课，现在再也听不到了伤心
147224,880,尹永成,2022-01-09 07:34:50,13,13,0,谦谦君子，授课大师。尹老师的数分不止有数学分析这么简单，他的课程上可以通过数学分析为主干引申到空间几何，高等代数，实变函数，微分流形，复变理论甚至测度论，动力系统各个领域。每一次课都可以让你切实的感觉到数学各个分支之间的联系和美感。同时他的授课可以把很多很困难的理论讲的十分清楚，在重难点上会特别停一停看我们是不是真的理解了。在各种概念理解上他也可以给出很多站在更高维度下的思考。他的授课让你感觉自己可以掌握这个理论，可以触碰到贤者思想同时又给你一定的思考题等待你去从更加现代的理论中寻找这一些基本概念更深层次的理解，可以说这真的是全面启发了我求知欲的老师。
169297,880,尹永成,2023-02-25 09:29:02,0,1,1,分析1考试题感觉不够全面，也没有讲给分细则，上课还是严谨的
170222,880,尹永成,2023-03-02 05:22:06,2,2,0,老师全部手写，不偷懒，太好了
170906,880,尹永成,2023-03-12 07:30:04,2,2,0,直接冲就完了，就是我心目中数学老师的样子
170907,880,尹永成,2023-03-12 07:30:04,2,2,0,直接冲就完了，就是我心目中数学老师的样子
179462,880,尹永成,2023-09-16 09:18:50,5,5,0,各种概念讲得极清楚，纯手写，节奏不快不慢，很合适。能遇到这么好的分析老师是真幸运
199662,880,尹永成,2024-09-27 06:44:22,4,4,0,尹老师让我看到了什么是真正的大家风范！\n\n备课非常到位，讲课不紧不慢，会根据学生反馈进行调整。\n\n上课的质量非常高，绝对算得上是一个好老师！
199800,880,尹永成,2024-09-30 04:11:25,3,3,0,必须满昏!
199808,880,尹永成,2024-09-30 04:29:16,1,1,0,怎么可能！居然完全没有缺点
201074,880,尹永成,2024-10-28 07:16:29,2,2,0,一名真正的老师
208380,880,尹永成,2024-12-27 09:09:26,1,1,0,好老师！
208567,880,尹永成,2024-12-29 13:39:44,4,4,0,尹老师太好太好太好！！！\n\n必须满分满分满分！！！\n\n祝老师以后的授课生涯和退休生活一帆风顺啊啊啊❤️❤️❤️
210858,880,尹永成,2025-01-10 05:38:02,5,5,0,这才是老师该有的样子！\n\n\n\n备课非常充分，看得出来老师是真的热爱教学。\n\n\n\n上课讲的的确很有深度，很有难度，给我们分析学打下坚实的基础。\n\n\n\n与此同时，期末考试却异常简单，为了捞我们出了快70分的计算+送分题。\n\n\n\n预置了尹永成老师的强数/求数er们就偷着乐吧！\n\n\n\n永远喜欢尹永成老师，祝老师退休后也能天天开心！
212732,880,尹永成,2025-01-14 15:37:03,1,1,0,神中神，可惜尹老师要退休了😭
212778,880,尹永成,2025-01-15 01:45:30,5,5,0,永远的爷爷呜呜呜\n尹老师讲课非常认真 思路清晰 会适当拓展分析二三的内容 板书从来都是自己一笔一笔地写 课后问爷爷题 他真的能给你讲懂 很细心很认真\n一定会珍惜下学期的每一节分析课的🥹
219135,880,尹永成,2025-05-22 05:49:48,0,0,0,无需多言
219857,880,尹永成,2025-06-09 04:29:26,3,3,0,尹神伟大！感谢尹尹！祝尹老师退休快乐~
220349,880,尹永成,2025-06-17 11:50:25,2,2,0,我愿称为全浙大top1老师！
113,893,李将云,2015-03-14 15:58:18,992,1222,230,非常耐心负责，常常停下来给我们时间记笔记。作业不多，只要交就好，不管对错什么的。考试之后因为对分数有疑问也非常客气地帮我查分，当时他还在手术恢复期，太感动。
349,893,李将云,2015-03-15 01:15:56,424,452,28,老师人很好，讲的也超级好～很详细～
474,893,李将云,2015-03-15 03:00:09,289,309,20,超级好 很系统 很认真 上课用word教 和蔼可亲
495,893,李将云,2015-03-15 03:22:12,200,208,8,上课很细，能帮助学生抓住重点，又不失风趣幽默。 很棒的老师
688,893,李将云,2015-03-15 12:19:44,343,364,21,感天动地好老师
704,893,李将云,2015-03-15 16:09:00,41,44,3,好老师
734,893,李将云,2015-03-16 06:10:58,150,159,9,强烈推荐嗷嗷嗷！！将云人超级好 讲的也好 认真负责
882,893,李将云,2015-03-18 10:20:39,90,95,5,听说老师带病坚持上课，挺严重的还，好老师！
895,893,李将云,2015-03-18 12:25:45,55,61,6,好老师
929,893,李将云,2015-03-19 06:32:34,41,43,2,人超好，讲的也好
1037,893,李将云,2015-03-21 12:19:52,33,33,0,果断好老师
1049,893,李将云,2015-03-22 01:53:04,63,70,7,好极了
1221,893,李将云,2015-03-21 16:45:56,34,38,4,感动！
1233,893,李将云,2015-03-21 16:50:57,216,224,8,如庖丁解牛
1380,893,李将云,2015-03-22 01:24:44,75,79,4,老师人超好 上课思路清晰易懂
1399,893,李将云,2015-03-22 01:43:15,47,49,2,爷爷讲知识点有轻重之分，而且很细致哒！
1418,893,李将云,2015-03-22 02:18:50,35,35,0,非常好的一个老师，非常非常好
1530,893,李将云,2015-03-22 11:08:35,47,51,4,讲解详略相当得当，和蔼，名副其实的好老师！！
1561,893,李将云,2015-03-22 14:23:59,109,112,3,微积分的老师，超爱！
1681,893,李将云,2015-03-23 08:11:46,28,29,1,很敬业
2141,893,李将云,2015-04-02 09:36:12,33,35,2,非常细致
2204,893,李将云,2015-04-08 06:26:30,25,27,2,公认的好老师，讲课很细致易懂，速度也适中，不能更赞！
2480,893,李将云,2015-05-04 13:08:38,21,22,1,很清楚 又有拓展
2487,893,李将云,2015-05-04 13:14:19,25,29,4,好老师！讲得清晰人也nice
2500,893,李将云,2015-05-04 13:17:45,28,28,0,上课会讲小故事
2591,893,李将云,2015-05-04 15:46:22,238,250,12,大学最喜欢老师之一！微三不是他的，但宁可翘了自己老师的课也要上他的！要是微一就认识他，我就会爱上微积分了！
2703,893,李将云,2015-05-05 15:43:19,82,108,26,李老师给了我100
3026,893,李将云,2015-05-13 04:56:33,29,32,3,会空出很多时间复习
3085,893,李将云,2015-05-14 00:13:31,12,17,5,耐心细致，语速很慢
3116,893,李将云,2015-05-15 01:53:20,11,13,2,好老师，不多说。
3152,893,李将云,2015-05-18 04:07:25,47,53,6,虽然自己考的很渣但是真心不怨老师啊……感觉好对不起他……55555
3206,893,李将云,2015-05-21 01:01:48,14,15,1,超赞啊!
3291,893,李将云,2015-05-27 11:03:08,22,27,5,将军是个很负责的人，虽然课后作业布置得很多，但是很有效，认真听课考试便不用担心了
3501,893,李将云,2015-06-17 01:22:41,17,17,0,超级棒 人很好 教的很系统
3751,893,李将云,2015-06-17 03:22:55,12,13,1,简直不能更好！见过的最好的老师！
3909,893,李将云,2015-06-17 08:05:06,12,14,2,最好的老师，没有之一
4029,893,李将云,2015-06-17 14:44:38,12,13,1,真心好老师
4185,893,李将云,2015-06-18 03:34:44,20,21,1,感天动地好老师+1
4324,893,李将云,2015-06-19 04:00:45,13,13,0,讲的很仔细，一般的同学都听得懂
4563,893,李将云,2015-06-24 12:00:32,35,36,1,微二微三都是，棒极了，前段时间又是带病上课，好老师啊\n\n而且感觉讲的不快，但不知不觉的进度要超过其他老师，复习时间很充足
4583,893,李将云,2015-06-24 16:35:33,13,13,0,老师讲课好，人也很好。。超级负责。。反正选他就是了，只是没那么容易选上sad
4586,893,李将云,2015-06-24 16:44:02,13,14,1,敬业且专业，讲的非常系统。有重点，有层次，我遇到的最好的微积分老师 ^_^
4704,893,李将云,2015-06-26 09:48:49,23,24,1,老师人超好，感冒发烧都会坚持给我们上课，真心是个尽职尽责的好老师！
4715,893,李将云,2015-06-26 12:09:00,14,15,1,很不错，适合各种基础的学生。
4884,893,李将云,2015-06-30 06:45:05,140,146,6,考不好会觉得对不起他的老师
5158,893,李将云,2015-07-05 11:05:31,16,16,0,最最最喜欢的老师了！
6111,893,李将云,2015-07-11 02:18:39,14,15,1,好老师呀
6228,893,李将云,2015-07-12 06:44:37,9,10,1,好
6280,893,李将云,2015-07-12 15:02:20,34,35,1,将云哥哥～真的好爱他呀！！！人又耐心，又负责，又为我们着想！微3上完了，好舍不得他( •̣̣̣̣̣̥́௰•̣̣̣̣̣̥̀ )
7002,893,李将云,2015-08-25 08:12:16,5,8,3,老师讲的很好，总结的东西很有用
7232,893,李将云,2015-09-11 15:41:30,6,9,3,棒棒哒
7304,893,李将云,2015-09-13 09:49:29,4,8,4,讲课很详细。
7342,893,李将云,2015-09-22 05:58:06,7,9,2,666好老师\n\n
7893,893,李将云,2015-09-16 03:35:50,5,7,2,好老师
8063,893,李将云,2015-09-17 01:16:43,2,5,3,好享受
8079,893,李将云,2015-09-17 02:23:51,5,7,2,微三比微一微二好很多啊，感激
8291,893,李将云,2015-09-18 03:58:27,5,6,1,感觉挺厉害～
8305,893,李将云,2015-09-18 05:42:38,6,8,2,很亲切，很易于接受。回答问题也很有热情，好老师！
8500,893,李将云,2015-09-22 02:03:25,3,6,3,非常到位！
8665,893,李将云,2015-09-24 00:49:10,10,14,4,讲的十分系统，微积分上他的课就对了！感天动地的业界好老师，不过作业挺难的。
9159,893,李将云,2015-10-15 00:50:05,87,95,8,感天动地好老师，下课来到走廊问学生听懂没，刚来到大学最敬佩的老师，没有之一
9250,893,李将云,2015-10-19 01:37:18,20,20,0,打了200字结果超出字数不能发，反正我爱李将云。
9346,893,李将云,2015-10-22 11:34:51,18,18,0,孩子，你慢慢来～
9347,893,李将云,2015-10-22 12:55:44,4,5,1,超有爱!很照顾听不太懂的同学，节奏很好。
9355,893,李将云,2015-10-23 05:09:02,1,3,2,超级好老师
9401,893,李将云,2015-10-26 06:48:08,3,6,3,好老师不解释
9431,893,李将云,2015-10-27 03:36:56,0,0,0,善解人意（一言难尽他的好）认真，速度适当
9547,893,李将云,2015-12-03 04:11:46,6,7,1,就是好
9711,893,李将云,2015-11-05 03:40:09,0,0,0,耐心负责讲的细，很棒
9974,893,李将云,2015-11-13 14:20:30,0,0,0,每周蹭他的课
10217,893,李将云,2015-11-17 12:41:28,-75,8,83,还可以
10419,893,李将云,2015-11-18 14:10:19,0,0,0,讲的很清楚，老师人很好，亲近
10560,893,李将云,2015-11-20 01:58:58,0,0,0,一个字，棒
10793,893,李将云,2015-11-23 05:25:33,2,2,0,讲解很仔细，还会留时间给做笔记的同学
10887,893,李将云,2015-11-23 08:13:55,2,3,1,怎么可能不满分
11427,893,李将云,2015-12-01 02:48:55,8,11,3,老师耐心且细心，期中考试卷居然是带回去做的。。。
11820,893,李将云,2015-12-16 07:10:12,3,5,2,好好好
11889,893,李将云,2015-12-20 11:01:06,0,0,0,好好好
11924,893,李将云,2015-12-21 10:45:52,0,0,0,浙大好老师
11972,893,李将云,2015-12-21 12:05:30,0,1,1,不多说，亲自体验，你会爱上他
12022,893,李将云,2015-12-21 14:00:11,0,0,0,幸福的体验
12026,893,李将云,2015-12-21 14:08:30,0,0,0,非行喜欢李老师！
12047,893,李将云,2015-12-21 14:55:39,-4,11,15,不说了，好老师，和蔼可亲人很好，棒棒棒，上课有课件，无需抢座
12245,893,李将云,2015-12-22 14:05:32,4,4,0,特别喜欢这样和蔼可亲，幽默，对学生负责的老师，老师的语气中从来都是满怀的亲近。课间还会主动询问大家有没有问题超赞！超级喜欢，自己很有幸可以遇到这样好的老师
12249,893,李将云,2015-12-22 14:20:42,1,2,1,听李老师的微积分，数学渣的我居然懂了，真的好感动。呜呜呜……
12353,893,李将云,2015-12-23 05:01:10,0,0,0,棒啊\n\n
12420,893,李将云,2015-12-23 08:41:02,0,0,0,讲得很细致，经常会给我们介绍学习经验。\n\n
12524,893,李将云,2015-12-23 12:02:43,4,5,1,好怕微2微3选不上将云的课
12526,893,李将云,2015-12-23 12:03:19,0,0,0,很透彻，书也很好，上课还会念文章\n\n
12586,893,李将云,2015-12-23 14:13:29,0,0,0,好，不多说
12701,893,李将云,2015-12-24 02:12:22,0,0,0,好到不行\n\n
12710,893,李将云,2015-12-24 02:20:16,1,4,3,做梦都想选上李老师的微二微三
12776,893,李将云,2015-12-24 03:46:28,5,5,0,上课很好，还会经常给学生喝心灵鸡汤，感天动地
12851,893,李将云,2015-12-24 06:34:48,90,95,5,"""今天是平安夜，祝同学们平安 快乐"""
12885,893,李将云,2015-12-24 07:24:19,2,3,1,让人从内心深处认可的好老师\n\n
13020,893,李将云,2015-12-24 14:08:26,23,26,3,“今天是平安夜，祝每位同学平安快乐。”\n\n老师，我们爱你！
13039,893,李将云,2015-12-24 15:05:26,0,0,0,超好的啦
13044,893,李将云,2015-12-24 15:28:30,2,2,0,马上上不了了，难过
13226,893,李将云,2015-12-25 09:03:07,2,2,0,将云伯伯特别好
13297,893,李将云,2015-12-26 10:13:49,2,3,1,绝对他妈中国好老师！
13754,893,李将云,2015-12-30 15:12:41,0,0,0,非常棒，会很耐心地讲解可能弄混的地方，人也很好
13773,893,李将云,2015-12-31 00:24:56,0,0,0,超级棒！无需多说！
14096,893,李将云,2016-01-05 10:39:31,0,0,0,我非常喜欢他的课 翘了自己的课跑来听
14139,893,李将云,2016-01-05 01:25:31,7,8,1,浙大最顶级的数学老师之一。唯一的美中不足是作业留的太少。。。没动力自学
14391,893,李将云,2016-01-07 00:00:13,0,0,0,好老师不解释
14626,893,李将云,2016-01-08 04:01:23,0,2,2,讲的非常好
14696,893,李将云,2016-01-08 11:04:11,1,1,0,真的很贴心的老师
14723,893,李将云,2016-01-21 04:13:57,3,3,0,好老师！
14739,893,李将云,2016-01-08 14:51:26,1,2,1,老师真心好，教的好人也好。作为他的课代表每次交作业都会跟我说辛苦了。
15481,893,李将云,2016-01-14 15:18:33,7,10,3,教学模式特别有意思，偶尔给我们介绍一些满绩学长学姐的学习方式（虽然都是一群无形装逼的大神）然后作业量适中，有时间做笔记，而且人很好。
15652,893,李将云,2016-01-16 04:48:10,0,1,1,喜欢老师！
16246,893,李将云,2016-01-17 14:33:21,1,1,0,好老师\n\n
16324,893,李将云,2016-01-18 02:48:43,2,2,0,超好的老师
16330,893,李将云,2016-01-18 03:03:45,2,2,0,讲得超好很有关怀心，过节日前放假前考试前都会关心问候学生问题也很耐心，超温柔魅力满满，爱死～
16426,893,李将云,2016-01-18 05:20:50,42,43,1,考试刚考完，成绩也没出，但不管好坏给李老师的肯定只有10分。虽然我课上很少跟他有交流互动，但李老师给人的感觉完美地诠释了如坐春风这个词。李老师保佑我出分高一点
16550,893,李将云,2016-01-18 10:51:25,4,5,1,巨巨巨巨巨好 非常耐心 会说大家肯定能理解 然后一点一点分析 真的感觉学到了很多 虽然考的不好 感觉超级对不起老师 特别棒 中国好老师 特别特别喜欢
16574,893,李将云,2017-12-28 05:38:38,121,147,26,浙大最佳数学老师，微积分如沐春风～～微二微三预置矿爷，果断退选，补上将云伯伯的课，结果运气爆棚全中了～～啦啦啦啦
17180,893,李将云,2016-01-20 00:14:23,4,4,0,微2微3选不上将云的课了 桑心
17181,893,李将云,2016-01-20 00:22:23,2,2,0,话不多说 超棒
17359,893,李将云,2016-01-20 05:43:27,0,1,1,注重思路，挺好的
18290,893,李将云,2016-01-21 11:41:17,0,1,1,超级好老师 而且给分也很好 讲的很棒 感觉一进大学微积分被他拯救了
18614,893,李将云,2016-01-22 06:29:49,0,0,0,666
18715,893,李将云,2016-01-22 11:47:32,1,1,0,希望微1不要挂，要不感觉对不起老师、、、
18729,893,李将云,2016-01-22 12:13:05,2,3,1,爽爆了
18795,893,李将云,2016-01-22 14:21:44,0,0,0,很棒的老师
18955,893,李将云,2016-01-23 00:28:52,0,0,0,下学期没选上老师的课
19227,893,李将云,2016-01-23 14:58:40,7,10,3,讲课没的说真是很好的老师。特别用心特别平易近人。但是出成绩慢！死！了！急！死！我！了！
19356,893,李将云,2016-01-24 02:51:44,-16,3,19,好老师  考前讲到了考试题我竟然没记住
19574,893,李将云,2016-01-24 18:23:18,55,56,1,与苏德矿老师相比 我倒是更喜欢李老师的风格。喜欢他用word的讲解 以及 令人印象深刻的《养壶》 好老师 必须顶！听闻李老师做了手术 望早日康复！
19624,893,李将云,2016-01-25 03:22:44,1,2,1,老师讲的好好给分也好 虽然数学很差不过很喜欢上老师的课 真是一个很好的老师T T
19666,893,李将云,2016-01-25 05:08:11,0,3,3,我的微积分1他教的 然后满了 果断10
19693,893,李将云,2016-01-25 05:53:44,8,9,1,可以的话，微积分123都选他的
19695,893,李将云,2016-01-25 06:06:25,0,2,2,超级耐心的老师，讲课也讲得清楚而且有意思，会归纳重点难点，作业也不多，超级喜欢他。
20979,893,李将云,2016-02-06 08:10:24,2,2,0,好老师\n\n
21140,893,李将云,2016-02-21 04:28:51,0,1,1,和蔼可亲的好老师。
21295,893,李将云,2016-02-28 03:20:27,3,4,1,最最最棒的微积分老师，没有之一，有机会真想把微二三都换成他的
21373,893,李将云,2016-02-28 10:36:01,15,15,0,这里不仅有来评价老师的，还有来这里秀满绩的！
21598,893,李将云,2016-05-03 09:19:07,1,2,1,很好喽
21616,893,李将云,2016-02-29 10:33:38,0,1,1,好！浙大各种数学课最喜欢的老师！
21678,893,李将云,2016-02-29 14:55:49,5,5,0,老师超级好，讲课仔细且不快，适合文科生。而且期末还会总结，棒棒哒
22171,893,李将云,2016-03-03 00:56:32,1,1,0,讲课仔细认真，非常好的老师
22230,893,李将云,2016-03-03 04:27:02,10,11,1,不能用一个好字来形容。不但课教的好，人品更是标杆。为人师表大概就是这样！很敬佩老师。
22561,893,李将云,2016-07-04 00:30:19,8,10,2,细致，可惜我没好好学，最后刷题还是没上4。老师讲的很好，上课一定要认真。
22690,893,李将云,2016-03-10 02:39:53,3,6,3,真的是良心老师，教学方式很适合我！上课节奏把握的很好，留下时间给你做笔记和思考  在他课上改掉了大学睡觉的习惯！这学期没结束就想来给个好评了。
23117,893,李将云,2016-05-04 12:36:09,2,3,1,巨好巨好，男神，不多说
23500,893,李将云,2016-04-01 07:21:40,9,11,2,看见李老师9.8分，学姐表示很开心，人帅，随便讲几句暗藏玄机，不知道比其他好多数学老师高到哪里去
23529,893,李将云,2016-04-05 04:02:26,2,2,0,温柔细致又耐心。虽然自己很不喜欢数学，但因为是他上课，也努力想把数学学好。太好太好的老师…选上他的微积分感觉用尽了人品
23653,893,李将云,2016-04-11 23:29:56,3,4,1,好老师   大家要珍惜！！\n\n
23670,893,李将云,2016-07-03 14:16:32,2,4,2,真的好 超级好 灰常灰常好！  微一学别的老师 期末2.4  微二微三 将军的  4.5和5.0  数据说话
23764,893,李将云,2016-04-15 06:59:42,5,5,0,平时不温不火一到关键时刻授真功！\n\n
23792,893,李将云,2016-04-17 03:20:01,1,1,0,很好哒
23918,893,李将云,2016-04-21 03:32:07,4,5,1,老师简直好到炸！！！！！！！
24107,893,李将云,2016-04-27 08:30:48,3,3,0,上课耐心深入浅出 关心同学 很喜欢
24110,893,李将云,2016-04-27 10:24:57,22,24,2,李老师对我们说：考前最重要的就是要吃好睡好，顿时就感觉老师棒棒哒。ps：老师，说好的两个人出卷难度会控制一下呢……
24152,893,李将云,2016-04-28 01:53:37,5,7,2,慕名来蹭课。虽然我不学微三，hhh，将军的课还是要蹭的！绝不后悔。。。\n\nPS听说对面就是矿爷啊，不管，还是要李将军(^з^)
24270,893,李将云,2016-04-29 04:28:55,0,1,1,好老师好老师好老师好老师！！！
24460,893,李将云,2016-05-07 09:24:31,1,3,2,很好的老师，尤其考试前鼓励同学，当时备受感动，虽然已经大三，仍旧希望能再听他的课。
24546,893,李将云,2016-05-01 11:24:40,0,0,0,真的上的很好
24556,893,李将云,2016-05-01 15:42:31,0,0,0,炒鸡棒！
24573,893,李将云,2016-05-02 01:54:38,3,4,1,很耐心 人也很可爱 不知道给分如何 静静等成绩
24606,893,李将云,2016-05-02 07:20:04,0,0,0,好，极好，真的好！
24651,893,李将云,2016-05-03 02:09:45,0,0,0,很仔细，很细心，上课会留时间给你思考
25009,893,李将云,2016-05-05 00:32:37,0,0,0,非常好的老师
25030,893,李将云,2016-05-05 02:20:27,0,3,3,出分太慢了。。。其他挺好\n\n
25092,893,李将云,2016-05-05 08:22:19,-12,13,25,出分超级慢，几乎是最后一个出。但是人超好！最后给了满绩 还是谢谢李老师！您辛苦啦！
25096,893,李将云,2016-05-05 08:40:17,4,4,0,讲的是真好！人也是太好！就是…前面那个叫将云爷爷的同学出来咱俩聊一聊…将云大哥哪里那么老
25109,893,李将云,2016-06-16 15:07:52,0,0,0,讲的太好了
25143,893,李将云,2016-05-06 06:39:47,5,8,3,好老师…楼上已经把如何好说的很透彻了…我也不赘述了。只想说微一挂掉的我跟着将云老师学习找回了学习的信心。老师的思路非常好，虽然我这个数学渣微二考得比不上那些大神们，不过八十分实在让我很欣慰。从此告别微积分，想想将军还挺难舍的。
25199,893,李将云,2016-05-07 13:52:46,0,1,1,老师讲课非常细致
25265,893,李将云,2016-05-09 06:02:38,10,13,3,我一个如此讨厌数学的人都大爱李老师，老师真的太好了，思路清晰，认真负责，人又特别和蔼可亲。最最让我感动的是，数学一直不好的我微2刚好60！老师真的太好了，没让我挂科
25312,893,李将云,2016-05-13 11:35:51,2,2,0,一个对学生非常好的老师
25336,893,李将云,2016-05-15 09:57:11,0,0,0,讲课不要太好！
25428,893,李将云,2016-05-18 15:54:12,0,0,0,老师人超级超级好！！！
25529,893,李将云,2016-05-24 13:22:18,0,0,0,真的是很好很好的老师
25588,893,李将云,2016-05-26 15:07:24,0,0,0,对最终成绩有疑问 李老师很耐心地帮你查分 理解学生对成绩和知识的需求 上课很仔细
25711,893,李将云,2016-06-04 09:29:20,0,0,0,细致清楚
25769,893,李将云,2016-06-07 13:25:51,0,0,0,老师人真的超级好啊！很幽默！课讲得也超级好！非常细致！
25942,893,李将云,2016-06-14 13:11:36,0,0,0,好轻松
25971,893,李将云,2016-06-14 16:06:42,0,1,1,爷爷最棒好吧
26001,893,李将云,2016-06-15 04:05:37,6,8,2,看着这些评论竟然有一些想哭，微一是将云伯伯的，果断喜欢上了。微二微三翘课去听他的课。目前为止遇到的最好的老师。马上大一就要结束了，有些不舍，感激之情无以言表。爱你将云伯伯?
26047,893,李将云,2016-06-15 08:21:18,0,1,1,获益匪浅
26186,893,李将云,2016-06-16 07:37:48,0,1,1,真的很好很好
26399,893,李将云,2016-06-17 16:29:29,1,2,1,大赞！最好的数学系老师，没有之一
26463,893,李将云,2016-06-18 15:07:00,2,2,0,非常非常好的一个老师
26611,893,李将云,2017-01-13 03:41:35,91,97,6,楼上说垃圾的我尊重你的看法，但请给个理由？不会是因为word不给你吧？？？如果是这个理由我服气，并为和我们一起学习的里面有你这样自私的学生感到悲哀。
26657,893,李将云,2016-06-20 15:59:44,2,2,0,强烈推荐...
27015,893,李将云,2016-06-22 07:36:08,3,3,0,超爱！大爱！温和儒雅，简单深刻。大学遇到的最好的老师！
27074,893,李将云,2016-06-22 16:17:01,6,8,2,老师不仅教我们怎么做题，更是在教真正的数学，难能可贵。认真听课的话，能下扎实的理论基础。听过其他老师的微积分，但感觉缺少了一些“本味”。
27519,893,李将云,2016-06-26 17:45:48,0,1,1,将云爷爷条例超清晰 总结超细致 旁听没差一节
27627,893,李将云,2016-06-29 08:31:14,3,5,2,这是我有生以来见过的最好的老师！！！微一和微三都是他的，觉得自己好幸运！最后一节课下课后他还挥手跟我告别...呜呜呜呜呜好不舍啊
27937,893,李将云,2016-06-28 06:39:21,6,7,1,儒雅气质绅士
27978,893,李将云,2016-06-28 07:56:34,0,0,0,hhh
28028,893,李将云,2016-06-28 08:00:26,0,0,0,好老师真的，学了他三门课
28317,893,李将云,2016-06-28 08:31:33,3,3,0,最爱的老师，没有之一
28436,893,李将云,2016-06-28 08:59:34,0,0,0,很和蔼的老师，上课会停下来让学生记笔记，给分好
29000,893,李将云,2016-06-29 05:46:59,1,2,1,微一微三都是他的，感觉自己好幸运。大学非常好的老师，把数学知识讲的很细致，人也很和蔼亲切，微积分只认李将云老师！
29381,893,李将云,2016-06-29 16:01:26,4,6,2,从未见过如此之好的数学老师 让我这个数月渣渣以后不用学微积分后因为不能再上李老师的课感到一丝丝难过，老师课程进度适当，上课有时间记笔记，一直都以一种很鼓励的方式教导我们微积分。而且真的很儒雅 非常非常喜欢李老师！
29663,893,李将云,2019-09-02 08:54:31,165,187,22,在他这里拿了三个5.0。说实话，微积分3分和5分的距离，就是一个李将云。
30129,893,李将云,2016-07-01 03:19:48,0,1,1,微一微二都是他，人超级好诶！！！
30922,893,李将云,2016-07-03 02:56:00,2,2,0,微1到微3都是他，讲得很清楚，还有时间整理要点。师生情也是浓浓的。好吧，我承认出分确实是慢了一点。
31282,893,李将云,2016-07-03 14:05:31,0,1,1,真的好老师，课讲的特别好
31291,893,李将云,2016-07-03 14:38:01,1,3,2,听了就能满绩的体验
31315,893,李将云,2016-07-03 15:45:10,0,1,1,超级好的老师，上课好、思路清晰、课后耐心、给分好。我真心微1微2都很渣，微3换了将云以后上课一点也不想睡觉，讲的特别清楚，听课以后能把知识很明白的搞懂，最后考前复习一下知识点，再刷刷题，成绩比前边好多了！绝对推荐！
31328,893,李将云,2016-07-03 16:11:10,2,2,0,大爱！讲课深入浅出，给时间做笔记，特别关心学生，耐心答疑，带大家复习，让我这个数学永远均绩徘徊的数学渣又找到了自信！微三比微一微二都高，最敬爱的老师没有之一！
31425,893,李将云,2016-07-04 01:55:12,1,1,0,非常好的老师！强推
31496,893,李将云,2016-07-04 03:32:45,0,1,1,将云爷爷真的超级负责
31508,893,李将云,2016-07-04 04:12:45,1,1,0,很轻松
31519,893,李将云,2016-07-04 05:00:05,0,1,1,真心好。。我的微三是微积分三个里面唯一上4的。。。。。
31657,893,李将云,2016-07-04 11:06:21,2,3,1,良心老师
32200,893,李将云,2016-07-06 02:51:42,3,4,1,讲课很细很基础，微123都是他的课，平时下课都不怎么学，就是上课跟着将云爷爷的思路走一遍，绩点上3很轻松，微3的时候觉得自己再这么做就太对不起将云爷爷了，课后认真学习了一把，最后上4了，嘿嘿，将云爷爷男神哟
32468,893,李将云,2016-07-07 04:08:49,2,4,2,很好，感觉比矿爷好得多
32581,893,李将云,2016-07-08 02:12:58,0,1,1,第一次把微积分讲得让我听懂\n\n可是绩点还是那么低...\n\n好老师，好好珍惜
32615,893,李将云,2016-07-08 04:52:36,2,2,0,给分好。
32718,893,李将云,2016-07-11 15:02:04,0,1,1,上李将云老师的课根本不怕微积分学不好
32763,893,李将云,2016-07-12 12:20:28,1,2,1,如果早点遇到李将云，我会爱上数学。老师讲课超级细致，学问醇厚。
32850,893,李将云,2016-07-18 14:13:42,0,0,0,棒棒嗒
33292,893,李将云,2016-09-18 02:28:13,0,0,0,很棒的老师
33360,893,李将云,2016-09-19 00:56:09,0,0,0,好人。\n\n
34185,893,李将云,2016-09-28 05:11:02,0,0,0,老师板书写的超级仔细，听不懂的时候问问题也会很耐心的解答。暖男??
34304,893,李将云,2016-09-30 07:12:00,1,2,1,很棒的老师，每次玩手机我都会觉得很愧疚
34439,893,李将云,2016-11-07 09:22:48,0,0,0,好
34516,893,李将云,2016-11-10 07:54:53,0,0,0,超级好，很耐心。上课一点都不像别的老师一样念书。
34580,893,李将云,2016-10-14 05:24:19,3,3,0,自从听了他用word教的课后，感觉一切ppt都是浮云。真的很棒！很耐心很和善，讲课不慢不快，很幸运能上他的课，最爱的老师（我是大一新生）
34744,893,李将云,2016-11-30 02:46:05,7,9,2,上课庖丁解牛 这才是大学应该有的样子 希望下学期也是爷爷的课
34800,893,李将云,2017-04-22 12:54:27,10,15,5,微2不是他的课，今天刷题发现但他强调过的东西一用就在耳朵边响起来了。现在还记得他指着黑板一遍一遍重复的样子。低调，温和，不可多得的好老师。
34816,893,李将云,2016-10-24 03:52:55,0,1,1,没别的原因，就是喜欢
34916,893,李将云,2016-10-26 11:45:14,0,0,0,超棒超可爱
35056,893,李将云,2016-11-01 03:09:23,0,0,0,灰常好
35158,893,李将云,2016-11-03 09:48:55,1,1,0,大学里最喜欢的老师
35193,893,李将云,2016-11-04 10:44:27,0,0,0,超级无敌好老师，耐心幽默可爱。虽然微积分不好，但是超级爱老师！
35195,893,李将云,2016-11-04 12:22:41,0,0,0,温和又很有耐心的老师
35353,893,李将云,2017-01-21 07:35:28,2,2,0,我只想说谢谢爷爷给我及格了……我懂得您的意思……不会再荒废了……对不起爷爷的课……谢谢您
35397,893,李将云,2016-11-10 01:54:15,0,0,0,男神李将云老师啊啊啊啊\n\n
35493,893,李将云,2016-11-10 07:21:26,3,5,2,老师很耐心，上课用的课件也很独特，是word，不是ppt，个人觉得效果会好一点，老师课上会停下来让我们记笔记，还会重复知识点，让我们记忆更加深刻，课后还会来找我们聊天，问我们对他讲课情况的意见，真的是很感动。虽然语速有些快，但是非常清晰，非常流利，听着很舒服。老师么么嗒！
35682,893,李将云,2016-11-10 09:10:19,0,0,0,非常好的一位老师，讲课详略得当，还会在课间时间询问同学们是否能听懂~
35699,893,李将云,2016-11-10 07:48:01,4,4,0,老师讲的很详细，注意了梯度，让我这种数学功底不是很好的学生也有学习数学的勇气，上课还会留意等记笔记的同学，真心是有师德，关心学生的老师
35700,893,李将云,2016-11-10 07:48:37,0,0,0,非常非常好的老师，上课给留时间记笔记，非常非常认真负责\n\n
35703,893,李将云,2016-11-22 03:15:21,5,7,2,真的非常细致 可能矿爷很神 但微积分毕竟还是要好好学的 需要一个人细致的引导 这是门硬课 真的要这样一个好的引领者
35715,893,李将云,2016-11-10 07:51:58,0,0,0,很好，很兴奋，上课条理清晰
35893,893,李将云,2016-11-10 08:45:43,2,2,0,老师讲课很清楚，步骤很详细，课堂上能解决大部分知识难点。老师非常关心同学，下课时会主动问一些同学是否听懂，并耐心讲解
35979,893,李将云,2017-03-10 06:54:05,3,6,3,我们班同学上课都非常认真！
36160,893,李将云,2016-11-10 16:14:42,5,6,1,好细心的老师！年轻的时候一定是个大帅哥！我是小迷妹！
36264,893,李将云,2016-11-11 10:47:48,0,0,0,老师特别棒
36307,893,李将云,2016-11-11 15:08:27,2,2,0,非常棒 老师讲课很认真 留时间记笔记 例子很典型 作业不多 非常非常棒的老师 强烈推荐
36409,893,李将云,2016-11-13 06:08:20,0,0,0,特别好的老师 真的
36463,893,李将云,2016-11-14 03:16:19,0,0,0,炒鸡好的老师！选上他的课真是荣幸！
36755,893,李将云,2016-11-16 02:09:18,4,4,0,细致，生动！！超级喜欢的老师！10分！
36778,893,李将云,2016-11-16 03:43:51,-9,3,12,其实我感觉他新开的线代课讲的节奏有一些快啊 其他的都还好
37212,893,李将云,2016-11-18 02:19:08,0,0,0,超级好超级好的老师\n\n
37836,893,李将云,2016-11-21 10:22:39,5,5,0,^_^选上的人就幸福了我
37888,893,李将云,2017-01-04 03:46:23,64,68,4,请问为什么老师的评分不是10分，9.89低了。\n\n
37994,893,李将云,2016-11-23 01:11:08,0,2,2,无敌好老师
38263,893,李将云,2016-11-28 12:27:22,0,1,1,很喜欢这个老师，觉得很亲切
38503,893,李将云,2016-12-07 07:43:37,3,4,1,将云大佬六的飞起
38739,893,李将云,2017-01-21 15:46:44,28,31,3,将云伯伯很多年以来第一次教线代，教得如此之好，令人叹服。第一节课我便迅速被Word课件圈粉~~李老师讲课讲得非常细致，但是进度比起其他老师来说总是不慢，尤其是他能复习四次线性空间简直强大！每节课课间他都能走下去问同学是否听懂，期末还会回复邮件给找过他的同学询问课程反馈，简直暖心！！遗憾的是我自己不太走心，线代没考好，不过李老师还是尽力帮我把分数调上去了，感谢老师！至今还为自己有几节课偷懒打瞌睡水手机感到后悔T^T
38888,893,李将云,2017-06-21 06:24:10,6,7,1,专门赶来打10分。非常非常好的老师。
39049,893,李将云,2016-12-21 01:04:34,-96,5,101,普通话不标准。用课堂小测代替点名。
39103,893,李将云,2016-12-21 07:28:29,1,2,1,感天动地好老师！！！！
39174,893,李将云,2016-12-21 12:38:30,0,1,1,感动(ಥ_ಥ)
39218,893,李将云,2016-12-21 15:45:31,0,1,1,老师超可爱！！超喜欢他！！极力推荐！
39263,893,李将云,2016-12-22 00:58:25,0,0,0,棒棒棒！
39297,893,李将云,2016-12-22 03:45:17,2,3,1,线代他的课 真的觉得考不好对不起他
39324,893,李将云,2016-12-22 05:46:27,0,0,0,非常棒
39475,893,李将云,2016-12-23 03:57:46,2,3,1,动不动灌鸡汤，各种风格随意切换，大爱
39656,893,李将云,2016-12-26 15:58:46,6,7,1,上大学以来最喜欢的老师！绝对没有之一！真的好喜欢他！学弟学妹们选上了将云的课一定要认真听讲！这样才对得起将云的爱呀！
39990,893,李将云,2016-12-28 12:47:29,0,0,0,老师超级超级超级可爱
40843,893,李将云,2017-01-06 02:19:49,2,3,1,考试前让我们吃好喝好，保持好心情
40862,893,李将云,2017-03-21 11:12:40,-30,3,33,上课太快
40877,893,李将云,2017-01-06 04:59:42,3,5,2,好老师，关心同学
41711,893,李将云,2019-06-20 06:04:27,-847,23,870,垃圾老师。浙大还有这种自私的老师
42296,893,李将云,2017-01-14 03:46:16,7,9,2,听个课愣是爱上了微积分
42437,893,李将云,2017-01-14 08:14:41,3,5,2,Best
42725,893,李将云,2017-01-15 03:55:28,8,10,2,期末告诉我们吃饱穿暖，保存微笑，注意休息，平时讲的真心好。
43999,893,李将云,2018-09-19 05:18:06,437,467,30,说李老师自私的同学我告诉你，有一个学期李老师动眼部手术，在没有恢复的情况下强行来上复习课，他对医生说：我的同学需要我。遇到李老师是你的幸运，尤其是大一刚进浙大的时候。
44221,893,李将云,2017-01-17 12:09:11,2,3,1,好老师哦
44324,893,李将云,2017-01-20 10:33:57,5,6,1,超神之旅
45662,893,李将云,2017-01-20 02:17:59,-37,10,47,对不起，将云爷爷，我后半学期没有认真对待微积分所以原本以为能满绩的微积分最后掉到了4.2，我发自内心地对我没有交过的这几次作业，为我有事情没来上的这几节课感到愧疚，真的很对不起你，也许以后不太有机会上你的课了，但你真的是个好老师我为我没有珍惜你感到痛心.再次抱歉
46038,893,李将云,2017-01-20 13:19:35,11,12,1,理转文，线性代数。个人觉得线性代数并不是单凭上课认真听讲课后做老师布置的几道题就可以理解通透的学科，但是李将云老师备课真的非常细致全面。他的每一节课都拉得比较快，概念讲解深入浅出，就像有人说的如庖丁解牛，还会配之以适当的习题，然后每章结束和期中期末会做比较全面的提纲式复习；我觉得他的课比较适合提前预习勾画重难点，做透课后的习题，上课才能跟上他的节奏，就会比较轻松。我数学从来就不太好（微积分甚至没上3），也没有刷过以前的卷子，今年的卷子也只是认真尽力去做，差一点点及格；但因为期中考试将近满分和比较认真的作业和小测，总评绩点也有3.3，没有挂科。这学期上他的课真是收获满满，希望大家都能珍惜他上课的机会，尽最大努力去学吧。
46220,893,李将云,2017-01-21 03:07:47,0,0,0,线代讲的超好，有耐心！
46356,893,李将云,2017-01-21 10:23:08,0,0,0,李将云老师课讲的超好，课后看一遍书基本就会了，而且期末给分超好
46458,893,李将云,2017-01-21 15:45:01,0,0,0,老师真的人很好，超级和蔼，下课经常会下来问我们能不能听懂。虽然我成绩不怎么好，不过感觉分数里还是有师生情哒。
46497,893,李将云,2017-01-22 01:14:06,0,0,0,灰常棒！
46765,893,李将云,2017-01-22 09:39:58,0,0,0,讲的超好
47170,893,李将云,2017-01-24 08:20:03,1,1,0,真的太棒
47199,893,李将云,2017-01-24 12:05:17,3,5,2,超级好的老师，讲的超好，还有充裕的时间给我们复习，回复邮件很及时，关心同学，小测也超棒，让我们回顾知识点，毫不为难。无论是为人，还是为师，都令我敬佩。一个字，棒！
48412,893,李将云,2017-03-03 03:01:22,4,5,1,什么都不说，好老师，顶上去！！
48718,893,李将云,2017-03-10 03:30:06,3,3,0,李老师真的超级和蔼，而且讲课特别清晰又有趣，超级喜欢，而且会停下来让同学抄笔记，还会问有没有跟不上的，喜欢他。
48930,893,李将云,2017-03-17 00:30:03,4,4,0,老师讲课很仔细，给分也很棒哦~
49220,893,李将云,2017-03-30 01:28:01,2,2,0,老师非常好
49631,893,李将云,2017-04-20 15:50:13,5,5,0,庖丁解牛 如沐春风
49650,893,李将云,2017-04-21 14:53:20,3,3,0,真的是很棒很棒的老师，非常重视学生的感受，李将云伯伯超级帅！
49663,893,李将云,2017-04-22 12:15:45,1,3,2,真心好老师，看了看评论，觉得老师更加好了，感动
49778,893,李将云,2017-04-26 01:21:52,0,0,0,棒棒棒
50784,893,李将云,2017-05-05 09:52:04,4,4,0,我浙最好老师，耐心，人好，没有之一，，只说相见恨晚……
50981,893,李将云,2017-05-11 02:23:02,15,19,4,看到楼下那个说老师自私的有那么多人踩我也就放心了 我浙应该只瞎了你一个
51061,893,李将云,2017-05-15 23:09:32,9,11,2,突然觉得楼上几乎每周刷一遍的差评该不会是反串吧hhhhh每周都刷一遍正常人怕是得有什么血债没还才会这样吧……
51153,893,李将云,2017-05-19 06:42:07,0,0,0,讲得很仔细。
51609,893,李将云,2017-08-08 01:36:03,-119,7,126,额，并没有觉得讲的特别好。
51944,893,李将云,2017-06-14 00:16:26,2,3,1,很棒，非常详细，每次下课大家都会鼓掌
52523,893,李将云,2017-06-21 01:09:56,0,2,2,老师人特别好，考前还特意为我们免费打印了历年的考试卷。
52554,893,李将云,2017-06-21 03:57:18,2,2,0,非常负责的好老师！
52928,893,李将云,2017-06-23 14:37:48,3,4,1,负责任的好老师，很耐心
52953,893,李将云,2017-06-24 05:17:37,1,2,1,感天动地啊
53042,893,李将云,2017-06-25 05:28:07,0,0,0,好老师，讲课非常细致。而且会经常给大家留时间记笔记。
53633,893,李将云,2017-06-27 08:04:13,0,2,2,完全是一种享受！爱将云
53637,893,李将云,2017-06-27 08:12:33,2,3,1,将云伯伯大法好 每次上课都来去自如 有真正的学者之风 大家风范 平易近人 讲的很好
53639,893,李将云,2017-06-27 08:13:27,3,3,0,很棒了，早课也不会睡着，很有耐心等我们理解和记笔记，在群里答疑和分享题目很认真！
53641,893,李将云,2017-06-27 08:23:32,6,7,1,很棒。(理直气壮的猜出两个特解直接写出通解……)\n\n(考前要心情好……)
53643,893,李将云,2017-06-27 08:32:54,1,2,1,老师讲课很清楚，上课记的笔记复习起来超方便，老师人超好的，期末考试前在微信群里不厌其烦的帮我们答疑，上课也很温柔和蔼，超可爱的老师。唉可惜我寄几太弱鸡惹。希望老师能给我及格_(:з」∠)_
53650,893,李将云,2017-06-27 08:45:55,1,1,0,早上在做(wan)作(shou)业(ji)的时候将云伯伯拍了我的背，很亲切地低下头问我(们)他讲的到底快不快。真的很贴心很贴心，而且最开始就把所有的解法讲给我们了，对于个人而言能有充分的时间去用它练笔，真的要谢谢将云伯伯！
53692,893,李将云,2017-06-27 10:09:46,2,2,0,来浙大以来遇到过的最好的老师，讲课非常有条理，会归纳知识点，非常关注学生的听课体验，在群里答疑，题没做出来问老师还鼓励我啊啊啊啊啊真男神不解释
54639,893,李将云,2017-06-30 03:03:08,0,0,0,高效！高效！
54990,893,李将云,2017-07-04 00:51:26,2,3,1,上了他的常微分，真棒！！！
55278,893,李将云,2017-07-01 07:48:59,0,0,0,很好的老师
55351,893,李将云,2017-07-01 10:32:35,0,1,1,老师超可爱 可爱可爱可爱
55389,893,李将云,2017-07-01 11:55:32,0,1,1,虽然自己不喜欢数学课，但是喜欢将云爸爸没有任何影响啊。\n\n很和蔼，很有条理的数学老师。\n\nPS.常微分简直最简单数学课了。
55972,893,李将云,2017-07-03 00:46:18,3,3,0,大佬中的大佬
56283,893,李将云,2017-07-03 11:36:48,7,7,0,李将云老师真的让我感觉到了来了大学以后很少感觉到的老师的关心。虽然微积分成绩很差，但是都是我自己的原因，莫名感觉愧对李将云老师。\n\n反正就超级棒。
56306,893,李将云,2017-07-03 12:48:22,2,2,0,最棒最棒的老师！
56307,893,李将云,2017-07-03 12:49:41,5,7,2,1.上课永远会照顾跟不上的同学，常常会在下课的时候询问我们有没有听懂\n\n2.上课时充满了热情，如沐春风\n\n3.条理清晰，很严谨，重点抓得也很好，\n\n常常会在群里跟同学们沟通，会发自己整理的例题的图片，备课极为用心，可以让人克服对数学的恐惧\n\n4.给分极好，人nice得不像话
56308,893,李将云,2017-07-03 12:50:45,3,3,0,棒棒棒
56324,893,李将云,2017-07-03 13:17:06,6,8,2,将云爷爷，真心的好老师。常微分讲的很清晰，哪里要记，哪里要掌握，都标的很清楚。不怎么会用微信的他在微信群里经常会给我们答疑到夜里十一点多，超感动。两节课间会走下来问问同学刚刚课上讲的有没有听懂。循循善诱，还会帮我们顺便复习微积分和线代。能上将云爷爷的课，人生之幸！
56327,893,李将云,2017-07-03 13:21:11,0,3,3,老师很负责，很平和，最后拿到分数也是皆大欢喜。
56359,893,李将云,2017-07-03 14:35:24,1,2,1,将云大佬超级认真啊，给我们准备很多练习还做了解答，群里答疑也非常多，浙大最喜欢的老师之一！
56365,893,李将云,2017-07-03 14:50:23,3,4,1,超级好的老师！认真听课常微分是可以满绩的！
56395,893,李将云,2017-07-03 15:32:13,0,1,1,超级棒的老师！\n\n
56402,893,李将云,2017-07-03 15:45:48,5,5,0,老师自己整理的题目道道都是精华！
56428,893,李将云,2017-07-03 19:28:56,1,1,0,老师讲课十分细心，虽然是早课，但是也不忍心打瞌睡
56439,893,李将云,2017-07-04 00:01:58,1,1,0,讲的还不错  等考完出分你就知道有多好了
56494,893,李将云,2017-07-04 01:53:11,2,4,2,认真负责，讲解细致有意思，非常好的老师。
56620,893,李将云,2017-07-04 05:59:55,2,2,0,很赞啊
56786,893,李将云,2017-07-04 15:37:50,2,3,1,选上老师的课是我的幸运！
56800,893,李将云,2017-07-04 15:50:14,3,4,1,好老师，太好了
56801,893,李将云,2017-07-04 15:50:43,4,5,1,好老师，润物无声
56806,893,李将云,2017-07-04 16:02:03,14,16,2,大一遇到老师是我认为最棒的事情！浙大欠老师N个永平奖
56813,893,李将云,2017-07-04 16:15:39,11,15,4,真的好老师没说的，能够选上他的课是我一生的幸运。第一年教改，期末巨难，周围一群人挂科，我也很怕，可是老师真的非常努力为我们的成绩着想。不仅给分好，而且上课讲的才是最重要的。会时不时停下来给我们一点反应时间，会有每章的知识点总结。微二积分类型很多，容易混起来，可是老师每节课都让我们分清积分类型，掌握计算方法。之前级数很难，每节课的作业都有课后的补充题，加强我们的印象。总而言之一句话，选上您的课是我一辈子最幸运的事情，真的没有比您还好的老师了！
56820,893,李将云,2017-07-04 16:52:31,3,3,0,完美！
56832,893,李将云,2017-07-04 23:19:26,45,49,4,李老师值100个永平奖学金
56833,893,李将云,2017-07-04 23:21:50,0,1,1,李爷爷是我男神
56836,893,李将云,2017-07-04 23:51:18,3,4,1,特别热心，讲的特别好，给分良心，无奈试卷太难……还是感谢将云伯伯，能选上您的课真的是幸运。
56849,893,李将云,2017-07-05 01:05:33,3,3,0,讲课非常有条理，对课堂内容的把控非常好，实在是非常棒的老师了！
56850,893,李将云,2017-07-05 01:07:19,2,4,2,老师是一个非常负责的老师，考试后总是客气的帮我们查分调分，讲课也很到位，虽然成绩不太好，但还是自己的问题，不能怪老师
56870,893,李将云,2017-07-05 01:55:38,4,5,1,将云霸霸真的超级棒，我大一上是将云霸霸的线代，大一下是将云霸霸的微积分。微积分超级难，自以为爆了，但是将云霸霸给我调分及格了！！！感天动地！！！将云霸霸不仅人好，上课细致又耐心，是我在浙大遇到的最好最棒的老师！！！
56922,893,李将云,2017-07-05 03:25:39,0,1,1,讲课好，重难点都理得很清楚。给分也赞。
56992,893,李将云,2017-07-05 06:05:38,9,11,2,此老师非扳必选
57071,893,李将云,2017-07-05 11:24:55,5,6,1,超喜欢爷爷的课！！！听爷爷的课觉得危机酚很有意思！
57097,893,李将云,2017-07-05 14:02:22,8,9,1,浙大最好的数学老师，其实把数学这个限定词去掉，也完全可以。上李老师的课，对绩点都不会那么在乎，因为是真的能收获体系的有效有意义的知识
57155,893,李将云,2017-07-05 23:46:45,91,96,5,还有啥好说的\n\n浙大只要有十分之一的老师像爷爷一样 \n\n建成世界一流不是分分钟的事情
57255,893,李将云,2017-07-06 07:46:56,0,1,1,很感动
57421,893,李将云,2017-07-07 12:56:55,1,6,5,关注同学们的感受，最感动的是去问他问题的时候，都会特别认真地听完我的问题，然后两句话就能让我听懂。 浙大欠老师一万个永平奖！
57647,893,李将云,2017-07-11 14:01:29,1,1,0,好好好\n\n
57912,893,李将云,2017-07-17 12:49:20,1,1,0,好老师不解释
57985,893,李将云,2017-07-20 05:15:54,2,2,0,特别好的老师，最爱
58012,893,李将云,2017-07-23 01:59:15,0,2,2,大爱将云男神~~~男神啊~~~
58013,893,李将云,2017-07-27 05:47:06,11,13,2,将云伯伯真的超级棒！对期末成绩有疑问给老师发邮件请求查卷，老师不仅帮我查了，还告诉了我每道小题的得分情况。虽然流水改卷成绩给的严了一些，没有大问题不能调分。回复里老师还关切地问军训的情况，啊啊啊好感动。将云伯伯之所以比其他上过的数学老师让我更喜欢，不仅在于他教学技术的精湛，更在于他十分负责。考不好真的不是老师的问题，是我学得不够尽力。必须10分。
58739,893,李将云,2017-09-16 09:52:52,3,4,1,如沐春风
59058,893,李将云,2017-09-19 08:52:59,2,3,1,将云大佬讲课真心好，授课时总是面带微笑，超喜欢将云大佬！！！
59110,893,李将云,2017-09-19 14:44:56,2,3,1,哇刷恶评的不至于一直更新哇！真是辜负将云大大的一片苦心
59169,893,李将云,2017-09-20 05:14:52,0,1,1,讲的很有调理，逻辑清晰，而且给分很好
59174,893,李将云,2017-09-20 05:37:44,2,2,0,超级好
59177,893,李将云,2017-09-20 05:59:16,1,1,0,真好的老师
59193,893,李将云,2017-09-20 06:55:16,1,1,0,真的好老师。。不必多言
59214,893,李将云,2017-09-20 07:50:30,2,2,0,完美。
59215,893,李将云,2017-09-20 07:56:39,3,3,0,思路十分清晰，按老师思路来能少走很多弯路。
59300,893,李将云,2017-09-20 14:48:59,0,0,0,循序渐进，由浅入深，感觉超棒
59354,893,李将云,2017-09-21 03:37:04,0,2,2,连绵不绝，不会让人睡觉
59646,893,李将云,2017-09-25 08:09:57,0,0,0,我遇到的最好的数学老师。
60088,893,李将云,2017-10-10 05:38:56,0,0,0,不解释
60101,893,李将云,2017-10-10 07:20:47,6,6,0,体贴学生的好老师！下课还会问我有没有听懂！
60134,893,李将云,2017-10-11 07:24:53,0,1,1,表白李将云大大\n\n
60327,893,李将云,2017-10-17 11:14:15,-62,10,72,说实话讲得也就那样。感觉他被神化了。
60346,893,李将云,2017-10-18 02:14:35,1,1,0,现在觉得很棒 很符合我的速度
60773,893,李将云,2017-10-30 02:46:43,0,1,1,好老师，一起送他到整十分，比矿爷还好
60882,893,李将云,2017-11-01 06:14:30,0,0,0,还是很好的
60993,893,李将云,2017-11-06 14:18:06,0,0,0,喜欢喜欢
61119,893,李将云,2017-11-08 15:52:07,3,4,1,以自己的思路讲述书本 醍醐灌顶的畅通感 每周都会说这样一句话“我给你们念一篇文章”（精心收集的学长学姐的学习经验）；要有代表“笑纳”的小人 大爱将云！
61310,893,李将云,2017-11-14 07:45:13,0,0,0,绝对的好老师\n\n听课很舒服！\n\n
61325,893,李将云,2017-11-14 12:53:29,1,2,1,能教会的好老师，总是强调走在学生后边，炒鸡棒
61372,893,李将云,2017-11-15 12:19:00,3,3,0,轻松充实愉快
61425,893,李将云,2017-11-17 04:17:06,1,2,1,真的非常耐心 不可多得的好老师
61627,893,李将云,2017-11-19 10:37:36,4,4,0,超级无敌好老师！！！
62014,893,李将云,2017-11-22 06:58:21,6,8,2,大一新生，工科，初学微积分，李老师是很好的引领者，带我们走进数学的知识殿堂，很感谢老师，让我有了学习数学的兴趣。解答疑惑非常耐心，上课很有重点，课件word非常棒，很独特，讲课幽默风趣，占座总是困难，老师基本不点名，经常夸同学们很认真。他是一名的非常非常好的人民教师，值得尊敬，敬佩！
62201,893,李将云,2017-11-23 06:16:46,12,13,1,哪个渣渣没给10，破坏队形，敢留下名字吗？想替将云老师查你水表。
62206,893,李将云,2017-11-23 06:58:30,0,1,1,厉害哦
63203,893,李将云,2017-11-29 06:58:53,4,5,1,讲课超级仔细，要记笔记会停下来等你，也很幽默，线代上的超级好，好像上老师的微积分和常微分方程?
63555,893,李将云,2017-12-06 14:51:02,2,3,1,学不好，绩点低\n\n自己面壁反思去。\n\n这么好的老师?
63650,893,李将云,2017-12-11 13:47:48,0,0,0,认真，负责，不时会介绍学长学姐的学习经验，作业量也适中。
63943,893,李将云,2017-12-20 03:14:39,0,2,2,超级耐心超级负责的老师！预置的微积分真的超级幸运了！
63967,893,李将云,2018-01-26 14:48:46,-7,8,15,李将云伯伯真的超级好!讲课讲的特别的好，由浅入深，作业也不多，但很精。\n\n最后期末发挥一般，但还是拿到了4.8，真的很满意，谢谢老师辛苦栽培!
64035,893,李将云,2017-12-20 15:08:50,0,0,0,太棒了 三生有幸遇到他
64083,893,李将云,2017-12-21 02:29:34,9,10,1,将云大大下课时的掌声永远是热烈的。我会因为作业没及时交，考试没考好而感到羞愧。十分没有任何异议
64084,893,李将云,2017-12-30 01:35:01,2,4,2,真的太太太太太太好了 舍不得 微二要翘课去听他的
64089,893,李将云,2018-01-26 14:58:38,5,5,0,李老师讲课深入浅出，这学期上课颓手机有点多...考得不好不怪老师，老师超级棒！
64144,893,李将云,2017-12-21 05:41:23,0,1,1,(^_^)v
64197,893,李将云,2017-12-21 10:45:04,0,1,1,浙大好老师，绝对好老师
64345,893,李将云,2017-12-22 15:22:53,2,2,0,幸福幸福幸福\n\n保佑我微二也能选上将云巴巴的课
64361,893,李将云,2017-12-23 02:51:12,1,1,0,老师讲课很详细，超级好，认真负责。上课很生动有趣，超喜欢老师，下学期一定要选上李老师的课，给老师打call
64699,893,李将云,2018-01-09 04:55:42,2,2,0,6666666
64703,893,李将云,2017-12-26 15:04:15,3,3,0,走楼梯的感觉，不知不觉就走得很高了
64715,893,李将云,2017-12-27 01:13:49,-60,11,71,这个老师人品很不错，但是教学水平我觉得有点过誉。我是上老师的线代，我个人觉得老师上课用word讲很大程度上只是将定理或者例题的逻辑关系理顺，却没有将其内在机理讲出，这样学生很可能只能记住某个定理他是这么推出来的(甚至很多人不记得怎么推出来的)，而无法得知为何这么推。以最近讲的二次型为例，老师在讲配方的时候明明可以涉及一下拉格朗日配方法的讲解，却只是讲题目的解法，这样的话如果学生聪明还好，可以通过题目得出套路，但是不聪明那过几日又忘了，而线性代数要学好是需要很多套路的，利益相关，李老师学生，期中96，期待期末后能满绩。。
64752,893,李将云,2017-12-27 04:59:31,0,1,1,差评，永远选不上他的课???
64835,893,李将云,2017-12-27 10:42:46,0,0,0,超级棒！
64896,893,李将云,2017-12-28 01:21:29,1,1,0,爱老师
64899,893,李将云,2017-12-28 01:46:09,0,0,0,老师讲得很详细，而且练习有梯度，能让你一点点提升，好老师。
65264,893,李将云,2018-01-02 06:38:13,2,3,1,虽然可能线代要挂科了，但还是想给老师打10分
65498,893,李将云,2018-01-04 15:29:04,103,117,14,微一最后一次作业的最后一题:\n\n你的作业本序号____\n\n上课时间____\n\n并想好考试当天还能正确写在卷子上的方法____\n\n\n\n填完 像毕业一样难受
65641,893,李将云,2018-01-08 02:49:48,0,0,0,好，讲的真的好
65842,893,李将云,2018-01-09 13:27:11,0,2,2,啊啊啊啊啊啊啊啊我真的好喜欢李将云粑粑，讲得超级好，好可惜微二不能听他的课暴风哭泣qwq
65878,893,李将云,2018-01-10 00:47:17,11,11,0,几fu是无孔不入\n\n一做微积分就想到可爱的李老师
65908,893,李将云,2018-01-10 06:33:38,3,4,1,能上将云的课，此生有幸
65918,893,李将云,2018-01-10 08:05:40,5,6,1,老师，伯伯，再见，我会想您的。
66132,893,李将云,2018-01-12 04:06:47,1,1,0,辣鸡彩票系统\n\n为什么微2常微分都不让我上老师的课\n\n
66135,893,李将云,2018-01-12 04:17:13,7,8,1,李将云老师是完全可以十分满分的老师，同时一定也是浙大最不错的老师之一，每节课都讲的很认真生动，会举很多例子，也会分享故事，我早在第一节课，就想着即使我的绩点不高，也会给10分，真的很感谢李老师，一切尽在不言中，看这突破天际的评分就懂了
66267,893,李将云,2018-01-14 10:51:47,1,1,0,好老师不多说
66606,893,李将云,2018-01-17 13:05:10,0,0,0,超级好老师
66607,893,李将云,2018-01-17 13:05:37,0,0,0,真的超级棒，没毛病
66754,893,李将云,2018-01-19 00:50:39,2,2,0,棒！！！
67081,893,李将云,2018-01-26 07:48:15,7,10,3,预置的将云伯伯线代，讲的特别棒，特别耐心，会停下来等我们消化、记笔记。每次上完课大家都会鼓掌的~\n\n虽然最后卡绩只有3.6，但也是自己最后期末砸了的原因\n\n预置到的就偷着乐吧！
67332,893,李将云,2018-01-21 00:27:46,31,32,1,每当遇到不开心的事情 想起将云粑粑word上的那个张开双手拥抱你的小人 想起他说的“无论何时 都要保持微笑”阴翳中 出现了一抹金光
67583,893,李将云,2018-01-21 15:02:33,1,2,1,老师人真的很好。会很耐心的熬夜给我们答疑。\n\n
67688,893,李将云,2018-01-22 05:18:13,0,0,0,很好的老师
67700,893,李将云,2018-01-22 05:30:35,2,2,0,超级爱将云！！将云的课真的是太棒了！！人也特别可爱！！还想再上老师的课！
67710,893,李将云,2018-01-22 05:38:27,0,1,1,多的话就不用说了 妥妥十分
67718,893,李将云,2018-01-22 05:51:46,1,1,0,老师真的非常好！！
67741,893,李将云,2018-01-22 06:21:54,1,1,0,超级好
67744,893,李将云,2018-01-22 06:25:12,2,2,0,第一次在查老师给老师评分，怎么说呢，我是预置的将云伯伯的课，今生无悔！好到让人泪目！
67760,893,李将云,2018-01-22 06:46:31,3,3,0,将云爷爷超级超级棒！上课word教学很清楚，有自己对题目的看法和许多新题，讲得很清楚有很多细节，时不时的还有习题课。答疑也很温柔，上课时也会走下来看看大家的情况。很nice，虽然微没选上，但我还是会来旁听的！
67780,893,李将云,2018-01-22 07:08:25,0,0,0,老师人很好，讲的清晰易懂。人也很风趣。
67792,893,李将云,2018-01-22 07:23:38,0,2,2,在出分之前就可以确信要在这里打十分的老师。
67809,893,李将云,2018-01-22 07:42:10,13,16,3,遇见的最好的老师，没有之一！上课讲得超级好，而且超级耐心负责！！！唯一有一个缺点，就是老师上课会经常性的卖萌，让你忍不住过分地喜欢他，所以认为自己选课不够欧的，一定要做好受打击和极度失望的准备~
67815,893,李将云,2018-01-22 07:46:16,18,19,1,将云爷爷实在是太太太太可爱了！浙大暖男数学老师！超级和蔼可亲细致认真。特别关心学生，上课也完全不会走神，是真的很想要好好学数学了
68001,893,李将云,2018-01-22 13:03:59,3,4,1,微积分考完\n\n感觉对不起老师
68012,893,李将云,2018-01-22 13:13:01,2,2,0,真的超级喜欢将云伯伯。上课调理清晰，节奏也掌握的很好，数学基础差的同学也能听懂。
68285,893,李将云,2018-01-23 02:34:02,3,3,0,将云爷爷上课真的很有趣，深入浅出，期末考前跟我们说拿到试卷一定要保持微笑。虽然我期末怕是要炸穿了，但还是要保持微笑，然后给将云爷爷10分。
68603,893,李将云,2018-01-23 12:50:14,0,0,0,考不好感觉对不起老师
69121,893,李将云,2018-01-24 08:44:08,1,1,0,1、老师的课注重基础，非常照顾同学，下课会走到下面来问听不听得懂。\n\n2、给分主要靠自己，考得高分就高分了。\n\n3、一周交一次作业
69239,893,李将云,2018-01-24 10:40:56,1,1,0,棒棒棒
69306,893,李将云,2018-01-24 12:30:00,0,0,0,
69379,893,李将云,2018-01-24 14:43:14,0,0,0,出分了..谢谢将云伯伯不挂之恩QAQ就算挂了也要给十分的 教的真好 老师我爱你 只是我太菜了啊啊啊 上你的课很舒服 真希望微积分也是你 可惜没选上?
69397,893,李将云,2018-01-24 15:04:15,2,2,0,真的是很好的老师 每次课都会帮大家复习之前的内容 每次作业的补充题也很有意义
69470,893,李将云,2018-01-24 22:41:15,0,1,1,上课很好，给分很棒，必须满分啊
69488,893,李将云,2018-01-25 00:46:31,0,1,1,这学期听的最认真的就是微积分，超喜欢李老师的课
69934,893,李将云,2018-01-25 16:38:37,0,1,1,喜欢！
70352,893,李将云,2018-01-26 13:38:47,4,4,0,老师讲的很棒啊啊啊啊！最终给分被拉了一把，谢谢善良的将云爷爷！
70355,893,李将云,2018-01-26 13:43:05,1,1,0,太！好！了！吧！好幸运下学期还是将云爷爷
70360,893,李将云,2018-01-26 13:46:55,5,7,2,浙大最好的数学老师，没有之一，筒子们把我顶上去
70362,893,李将云,2018-01-26 13:49:33,1,3,2,老师真的非常非常好 上课会看到大家把笔记抄完了再讲下一题 还会走到过道里问有没有听懂 很荣幸很听一学期老师的课虽然最后成绩不是很好不过还是怪自己没有认真学微积分
70365,893,李将云,2018-01-26 13:53:32,2,2,0,很好的老师，至今遇到最好的一位，没有之一！
70373,893,李将云,2018-01-26 14:10:02,-7,9,16,大学少有的非常好的老师，真诚的会为自己期末没考好而感到难过，期末考拉肚子，最后二十分钟趴在桌上答卷，对了答案计算题错一大堆，竟然还有4.5！真的开心，李老师我爱您！！！！！
70416,893,李将云,2018-01-26 14:58:33,1,2,1,真的很棒的老师！谁上过谁知道！给分太好了！\n\n老师，感谢您给了我大学继续学习数学的信心！
70459,893,李将云,2018-01-26 16:00:10,0,1,1,老师讲得非常耐心，而且我们笔记没抄完，老师也会停下来等我们一会，真的很贴心。只可惜下学期没选上老师的微二……
70488,893,李将云,2018-01-26 17:07:10,0,0,0,老师真的太好了，大恩不言谢
71095,893,李将云,2018-01-28 02:49:51,0,0,0,老师很负责，超和蔼
71133,893,李将云,2018-01-28 04:09:27,0,0,0,不多说了，我就蹭他的课
71343,893,李将云,2018-01-28 10:25:50,0,1,1,男神，不解释。上课超棒，讲的超级清楚，还会帮忙回顾梳理，有些事还经常戳中我的萌点。另外下半学期去听了老师的线代，真的挽救了好多，真的棒呆了！！！
71403,893,李将云,2018-01-28 11:46:50,5,5,0,李老师的课可以说非常棒了！底下评论都是真心的很有参考建议。只要课好好听作业及时做。满绩不是梦！微积分一点都不可怕！
71516,893,李将云,2018-01-28 14:33:39,0,0,0,听老师的课很舒服，一步一步上台阶，不知不觉就上高了。
71652,893,李将云,2018-01-29 00:01:20,2,2,0,大一上的爷爷的微积分。大二的回来刷一波评论。看评论看到哭系列
71826,893,李将云,2018-01-29 04:02:23,0,0,0,好的没话说
72292,893,李将云,2018-01-29 23:51:31,6,6,0,天下第一好老师，老师把能给的分都给满了，无奈自己考试成绩太低。。。只要跟着将云爸爸认真学，绝对满绩！
72565,893,李将云,2018-01-30 11:32:36,2,3,1,上老师的常微，真的是非常棒的老师啊，像我这种微积分挂了的人常微都上四了，要是我微积分遇上李将云我一定不让自己挂掉！
73053,893,李将云,2018-01-31 18:22:03,0,1,1,没得说
73496,893,李将云,2018-02-01 17:40:41,1,1,0,如庖丁解牛\n\n
73767,893,李将云,2018-02-03 05:16:32,1,1,0,他会给我们讲散文，鼓励我们积极面对人生。
73772,893,李将云,2018-02-03 05:21:45,-19,1,20,想睡觉
73773,893,李将云,2018-02-03 05:22:15,2,2,0,思维清晰，听不困系列
73970,893,李将云,2018-02-04 02:43:54,0,0,0,老师超级好。
74111,893,李将云,2018-02-05 08:36:42,0,0,0,\n\n大爱老师
74241,893,李将云,2018-02-07 15:20:25,0,2,2,就是这样的老师撑起了浙大的牌子
74505,893,李将云,2018-03-02 03:48:27,0,0,0,如沐春风
74668,893,李将云,2018-03-07 02:23:37,3,5,2,爽翻天的老师，感觉有趣生动，一定不会让你后悔的好老师\n\n
74727,893,李将云,2018-03-05 09:28:08,1,1,0,棒！将云伯伯我男神！
74951,893,李将云,2018-03-07 00:21:38,0,0,0,为什么不能给老师更高的分，我要给一百分
75126,893,李将云,2018-03-07 11:57:09,2,2,0,讲课仔细认真，回答问题很详细。你甚至可以在线代群问微积分。给分也很好，平时分基本给满。
75267,893,李将云,2018-03-08 09:18:49,6,6,0,退了老师的课怕是再也选不上了吧。
75329,893,李将云,2018-03-09 03:06:46,3,5,2,课间会来问「能听懂吗？」，「跟得上吗？」，「要不要慢一点？」，以学生为先，感天动地好老师。
75331,893,李将云,2018-03-09 03:08:42,0,0,0,风趣细致周到，预习复习都在课上完成，感天动地好老师。
75739,893,李将云,2018-03-16 02:35:02,3,3,0,炒鸡炒鸡喜欢李将云老师，老师讲课很有意思，老师很可爱，很有人格魅力
75812,893,李将云,2018-03-19 04:45:01,3,4,1,老师很萌，而且讲课很清晰，用word，坐后排也看得见
75813,893,李将云,2018-03-19 05:09:20,-27,1,28,um 不管怎么啊老师的确是好老师 微一是他的 然而我最认真学的微一却是我至今为止数学课最低 只有75分 我自认我别的课学的都没这么认真（因为将云老师很认真）然而我线代 微二微三常微分都是90左右微一却这么低 周围很多小伙伴满绩 感觉老师可能对我这种一般学生比较不友好 不是很明白反正 当然 老师人的确很好
75877,893,李将云,2018-03-20 12:01:47,0,0,0,超好的老师
75976,893,李将云,2018-03-23 03:23:58,10,12,2,上完课 学生会主动鼓掌
76141,893,李将云,2018-03-27 23:43:41,1,1,0,很好啊。
76230,893,李将云,2018-03-29 11:03:03,31,33,2,他真的很棒。会像中学老师一样关心学生有没有听懂，给学生留出抄笔记的时间，如果你一直一直水手机（特别是打游戏）被他看见了，他会很严肃地批评（我觉得他是痛心吧，高中毕业之后很久没见到这样的老师了）他值得每次下课大家给他的掌声。
76699,893,李将云,2018-04-18 14:07:05,2,3,1,很棒的
78528,893,李将云,2018-05-12 14:59:26,12,13,1,最爱将云伯伯的Word和补充题，听他的课你会觉得线代和微积分没有想象中那么难。上课学每一块内容都像是在走楼梯，跟着老师认真走，课上完回头一看才发现自己原来已经走到很高的地方了。他的课没别的不好，就是太难选了，选上的人真的很幸运。一个学期认真学下来，当你在作业里面认真写下“你如何保证你能在考试时正确地写下自己的作业本序号和上课时间”的回答时，你会觉得老师的课真的非常棒。
79094,893,李将云,2018-07-06 10:53:08,1,2,1,仙女粉和老巫婆紫，超级可爱和蔼的老师
79422,893,李将云,2018-06-04 06:51:20,2,3,1,一位每次课下课都能收获掌声的老师。
79423,893,李将云,2018-06-04 06:56:23,2,2,0,我觉得我能上将云爸爸的课就是三生有幸(●'◡'●)ﾉ❤
79668,893,李将云,2018-06-12 13:59:51,0,1,1,目前上过的最好的老师 感觉上课睡觉是种罪恶
79781,893,李将云,2018-06-13 12:59:58,1,1,0,听他的课有一种听戏既视感。
79963,893,李将云,2018-06-17 00:54:54,12,13,1,浙大欠老师十个永平奖\n\n（讲道理推选老师的时候为什么不问问我们的意见…）
80139,893,李将云,2018-06-20 12:38:01,3,3,0,10分，10分。传道授业解惑，是浙大最好的老师之一
80164,893,李将云,2018-06-21 02:04:13,4,4,0,我们都叫他将云爸爸
80216,893,李将云,2018-06-21 18:16:05,21,22,1,大三快结束了看到老师的名字还过来打了个满分
80487,893,李将云,2018-06-27 04:17:59,1,2,1,如沐春风
80568,893,李将云,2018-06-28 03:06:40,6,7,1,很遗憾没有选上李老师的微甲下。但是蹭了李老师整个学期的课。讲得真心好！！！有点小幽默，很照顾学生，注重基础，帮助学生阶梯式提升。讲授很细致，有还会帮助我们总结复习。很可爱的老师啊！！！
80651,893,李将云,2018-06-29 02:11:16,2,2,0,非常好！！！！
80702,893,李将云,2018-06-29 13:43:59,0,1,1,感动得要哭了老师真的很好很好很好
80706,893,李将云,2018-06-29 14:04:42,0,0,0,超幸运
80707,893,李将云,2018-06-29 14:05:21,1,1,0,老师真的非常棒，超级有耐心，也特别可爱!!!上课就没有睡着过，认真听收获很多!他会耐心等你记完笔记，有啥不懂的群里问会及时解答
80708,893,李将云,2018-06-29 14:09:49,3,4,1,将云老师的微积分是我来浙大以来收益最多的一门课了！老师不光讲得很透彻很详细，上课很有趣，还经常给学生进行归纳和复习，而且炒鸡和蔼炒鸡可爱，简直找不到更好的老师了！！非常感谢老师的每一堂课，非常感谢老师那么关心我们！最后，学不好真的不是老师的错(捂脸嘤嘤嘤)
80709,893,李将云,2018-06-29 14:09:49,1,1,0,超幸福
80710,893,李将云,2018-06-29 14:10:52,2,2,0,超幸福，选他绝不会后悔。\n\n
80712,893,李将云,2018-06-29 14:11:19,3,3,0,真的很感动！老师是真的很好的老师，是真的把教学当做大事做的，亲切可爱又不失威严，非常非常喜欢他！
80720,893,李将云,2018-06-29 16:42:59,3,4,1,“大家复习的同时要注意身体，不要经常熬夜”将云伯伯不仅课上的好，还很暖！能上将云伯伯的课是一种幸运
80722,893,李将云,2018-07-10 13:31:27,2,5,3,差一分满啊啊啊啊啊伤心
80723,893,李将云,2018-06-30 00:49:20,0,1,1,李老师讲课很有条理，主次分明，在重难点上会停下来给同学理解，强力推荐！
80725,893,李将云,2018-06-30 02:00:46,1,1,0,入迷春风 大汉淋漓！
80726,893,李将云,2018-06-30 02:11:27,0,0,0,老师真的好得没话说
80983,893,李将云,2018-07-03 07:30:44,0,0,0,深入浅出，循循善诱，大家风范，入微体贴。暂时遇到最棒的数学老师，没有之一。
81005,893,李将云,2018-07-03 09:25:34,0,0,0,大学遇到的最和蔼最负责最可爱的老师
81036,893,李将云,2018-07-03 11:30:55,1,2,1,虽然还没考试，但想来评一波。李老师真的超级好，讲的很细致，听他的课不会走神。要是上学期就遇到了，我的绩点会不会再高一些呢
81055,893,李将云,2018-07-03 13:02:33,0,0,0,非常好的老师
81103,893,李将云,2018-07-04 02:29:12,0,0,0,无敌棒
81286,893,李将云,2018-07-04 14:29:19,0,0,0,老师真的超级棒了！特别暖心！
81810,893,李将云,2018-07-06 08:32:33,0,0,0,非常好
81937,893,李将云,2018-07-06 13:55:59,0,0,0,：在。。
81957,893,李将云,2018-07-06 15:38:30,2,2,0,太爱了
81976,893,李将云,2018-07-09 17:20:35,-8,3,11,将云伯伯什么时候处分啊呜呜呜
82133,893,李将云,2018-07-07 07:47:02,0,0,0,将云伯伯真的是很负责，很体贴，很优秀的老师！！能上老师的课真的太幸运啦
82150,893,李将云,2018-07-07 08:37:01,0,0,0,好啊，好用多说吗，人好玩还负责。
82485,893,李将云,2018-07-08 10:22:11,0,0,0,秋冬学期上的线代，现在过来补个评论，真的不用多说，选上就是幸运
82678,893,李将云,2018-07-09 02:48:03,0,0,0,太强大了！\n\n
82748,893,李将云,2018-07-10 17:45:26,4,4,0,微积分基础并不好，然后选上了将云爸爸的微二，真的，老师讲的题我都能听懂，一开始老师总是讲简单的题目，让我有些急躁，但慢慢的，从简单到难的题目我能做了。记得将云爸爸说的，难题做不出来，一是基本的gay念没理清楚，二是出现了你没见过的方法。。感觉找到了之前数学一直学不好的原因。。。选上李老师课的同学，希望你们耐心听课，相信你们会收获很多！
83329,893,李将云,2018-07-10 06:23:40,0,1,1,好老师10分
83533,893,李将云,2018-07-10 14:00:28,1,1,0,老师真的很棒！看到了我想象中的大学老师的风骨，表白将云伯伯！还有助教小哥哥也非常棒！
83535,893,李将云,2018-07-16 23:23:01,19,21,2,啊。。。为什么永平奖没有将云爷爷呢？我好气啊
83606,893,李将云,2018-07-11 14:53:00,8,8,0,虽然微积分和常微分以及上学期的线代李老师给的绩点都不高，但仍然给李老师打10分，我仍记得有一次我去问问题的时候李老师对我说：“我真的特别喜欢你，把知识点一点一点梳理通。”，不怪老师，自己这学期确实太忙了，没时间静下来学。
83700,893,李将云,2018-07-11 04:32:29,1,2,1,连着两个学期微积分选上将云伯伯的课，是大一最幸福的事
83916,893,李将云,2018-07-11 13:49:31,2,2,0,将云伯伯我吹爆！
84114,893,李将云,2018-07-12 04:49:42,0,2,2,讲课透彻幽默，犹如醍醐灌顶，能选上李老师的课真是一种福气！
84188,893,李将云,2018-07-12 07:51:28,0,1,1,讲课很细很认真，很喜欢
84505,893,李将云,2018-07-13 04:18:04,1,2,1,棒棒棒
84953,893,李将云,2018-07-14 14:00:44,1,2,1,快乐，调分技巧高超
85699,893,李将云,2018-07-26 11:09:12,0,0,0,大爱将云爸爸\n\n
85735,893,李将云,2018-07-31 08:59:52,2,2,0,将云伯伯课上的很好，有深度，但是也会照顾进度慢的同学。可惜我只上了他的微1?
85823,893,李将云,2018-08-19 07:57:22,0,0,0,上了将云伯伯两个学期的课，非常幸运 感谢老师让我的数学能有提高
85825,893,李将云,2018-08-19 09:30:00,0,0,0,李老师拯救了我的数学
85892,893,李将云,2018-08-25 08:39:42,0,0,0,太好了
85972,893,李将云,2018-08-26 08:31:05,0,0,0,很享受
86311,893,李将云,2018-09-13 08:48:14,0,0,0,太赞了
86849,893,李将云,2018-09-19 05:11:51,0,1,1,优秀，不解释
86893,893,李将云,2018-10-04 02:01:01,5,6,1,老师超好!楼下的是不是评论错地方了
86957,893,李将云,2018-09-19 14:30:07,4,5,1,讲的还不错吧，也就比竺可桢差一点
86988,893,李将云,2018-09-20 01:33:45,0,0,0,将云爷爷简直神人也！大爱大爱！
87129,893,李将云,2018-09-21 00:27:19,1,1,0,能听将云伯伯的的课实乃今生之大幸
87146,893,李将云,2018-09-21 02:32:36,0,0,0,超级棒
87177,893,李将云,2018-09-21 08:49:06,0,0,0,很好啊啊啊啊
87202,893,李将云,2018-09-22 06:19:52,21,21,0,上课有一次有同学低血糖，老师立刻停下来去问情况，然后叫保安。保安在他讲课时把人带走时还不忘出去再看一眼问问情况。
87247,893,李将云,2018-09-26 05:40:16,1,4,3,10分，不解释。
87248,893,李将云,2018-09-26 06:02:12,2,2,0,老师实在是太可爱了，而且会看学生能不能理解，对我这种刚进大学不适应的同学来说，真的超级棒
87282,893,李将云,2018-09-26 13:18:23,0,0,0,超爽\n\n
87283,893,李将云,2018-09-26 13:18:45,0,0,0,超好哦
87388,893,李将云,2018-09-28 02:20:26,1,1,0,真的好老师，在群里也经常解答同学的问题
87404,893,李将云,2018-09-28 07:47:18,0,0,0,春風化雨
87406,893,李将云,2018-09-28 07:54:50,2,2,0,李将云特别幽默可爱！讲课很清晰，由浅入深。他说上课要保持一定的计算量，等我们做题的时候很耐心
87485,893,李将云,2018-09-29 12:44:28,0,1,1,老师循循善诱，教育境界炉火纯青，可能我有点渣，但是老师依然是我遇见过的最棒的数学老师，没有之一
87516,893,李将云,2019-01-23 15:11:47,47,54,7,期末卡绩，但真的完全怨不了云伯，承认自己菜了。以后跟我讲浙大微积分的招牌，不要提什么矿爷、何延、童雯雯，就是李将云一个人，浙大微积分唯一清流。这种做法绝非给将云papa招黑，实力就摆在那里了，黑子退散（等等，云伯能有黑子么？评论区里的那位，手不酸么？）。\n\n不多说了，先给个10分，打长评再加90分，给将云满分?。p.s.这里我想和刘助教说声抱歉，之前跟你赌气，但您真的是位很棒的助教。
87548,893,李将云,2018-10-04 07:41:14,0,0,0,太好了
87621,893,李将云,2018-10-08 12:23:59,0,0,0,很好的老师
87683,893,李将云,2018-10-10 04:02:58,5,5,0,微积分养壶
87891,893,李将云,2018-10-17 03:40:16,3,4,1,上课很好，老师会等待思维慢的同学。虽然自己还是很垃圾，但是确实很愿意学！
87897,893,李将云,2018-10-17 06:49:38,0,0,0,太棒了！
87964,893,李将云,2018-10-19 01:00:13,2,2,0,绝对的好老师！
88059,893,李将云,2018-10-21 09:16:18,7,8,1,将云伯伯很体谅学生。不像有些老师，自己讲得不清楚，还一个劲地说：这我就不讲了，这很简单的，我想大家都会了。然鹅，考试就考这些。将云伯伯不仅讲得循序渐进而且还会提醒我们及时复习，在学习过程中就会告诫我们难点所在，虽然课上题目不多，但是听者却理解很深。看评分就知道，10的好老师。同学助教也很用心，习题课上的很好，不会是简单的重复课上例题。选了不吃亏，不上当。
88111,893,李将云,2018-10-22 10:35:38,0,0,0,循循善诱
88195,893,李将云,2018-10-24 00:00:44,0,0,0,课讲得很仔细，超级好
88229,893,李将云,2018-10-24 12:42:39,0,1,1,非常好的老师
88230,893,李将云,2018-10-24 12:47:31,0,0,0,好玩开心有意义
88231,893,李将云,2018-10-24 12:49:18,1,1,0,老师超萌的！上课很有耐心，讲得也很清楚！感觉会帮我们把基础打得很牢！
88235,893,李将云,2018-10-24 14:57:54,1,1,0,如沐春风
88238,893,李将云,2018-10-24 16:09:41,2,2,0,没啥好说的，反手一个十分
88280,893,李将云,2018-10-25 15:37:30,2,3,1,养壶一样养微积分吧。将云伯伯给我一种我帮你我拉你，但我不会救你，你要自己救自己的感觉。真的很培养我的数学思维。
88287,893,李将云,2018-10-26 16:56:38,3,3,0,老师真的讲得非常非常好，学不好是我自己的问题，就觉得很对不起老师，他真的有在顾所有同学
88355,893,李将云,2018-10-29 09:11:46,0,1,1,上他的课我学到了很多，将云伯伯真的是超好的老师
88433,893,李将云,2018-10-31 02:21:28,20,21,1,将云爸爸的课真的非常非常非常好，但是讲的故事让单身狗非常的难受呜呜呜呜呜\n\n所以给将云爸爸扣一分只给10分\n\n因为无穷大量减有界量还是无穷大量嘛
88443,893,李将云,2018-10-31 03:54:27,0,0,0,老师讲的很细致
88445,893,李将云,2018-10-31 04:09:43,0,0,0,李伯伯很和蔼 还很有耐心
88446,893,李将云,2018-10-31 04:17:04,1,2,1,非常可爱的老师，会真正体谅学生，难的知识点和简单知识点放在一节课讲免得容量太大，上课时不时穿插一些课外话题教我们学数学的方法，为李伯伯疯狂打call！
88487,893,李将云,2018-10-31 08:32:54,0,0,0,舒服啊
88595,893,李将云,2018-11-02 14:59:52,3,4,1,有一种为了一个人去学好一门课的感觉
88852,893,李将云,2018-11-10 04:12:22,1,1,0,老师特别特别可爱，超级喜欢
88941,893,李将云,2018-11-12 12:33:12,4,5,1,作为同时选上将云老师的微积分和线代的大一新生，我只能默默接受来自同学们甚至是学长学姐们羡慕的目光
88965,893,李将云,2018-11-13 00:54:32,5,6,1,很耐心的老师 人非常好 还要选他的课
89244,893,李将云,2018-11-17 13:13:08,3,3,0,如沐春风，好老师
89450,893,李将云,2018-11-19 07:34:19,1,3,2,好老师！
89739,893,李将云,2018-11-20 13:10:28,2,2,0,很好哦
89743,893,李将云,2018-11-20 13:58:30,0,1,1,有幸预置了将云老师的微积分，感到会是进浙大以来最幸运的事了。将云老师上课非常认真，又不失风趣，其他同学表示想翘了自己的课来听。将云老师上课会有许多例题，非常的棒。
89770,893,李将云,2018-11-20 17:16:05,0,2,2,我吹爆将云爷爷!!!!!!!!!!!!!!!!!!!!!!!!!
90043,893,李将云,2018-11-22 02:16:13,0,1,1,非常精彩
90143,893,李将云,2018-11-22 08:08:04,1,1,0,吹爆将云爸爸！学不好是我的问题和他无关！
90145,893,李将云,2018-11-22 08:10:01,1,1,0,太好了，应该没人说他不好吧，要是有那可能是不太清醒~将云爸爸太棒了
90255,893,李将云,2018-11-23 00:24:44,0,0,0,很好的
90372,893,李将云,2018-11-23 09:45:10,8,10,2,楼下说老师自私的，您是巨婴吗？\n\n不不不，我不可以侮辱巨婴。
90509,893,李将云,2018-11-23 17:09:10,7,7,0,进浙大目前最敬佩的老师 学不好微积分感觉对不起他
90573,893,李将云,2018-11-24 07:18:24,7,9,2,李将云老师是大学遇到的最好的数学系老师，没有之一，他会照顾到每个人的进步，他总是提醒自己，我要走在学生的后面，给我们时间去思考，超级赞！！！\n\n  可惜微积分没遇到他，嘤嘤嘤！\n\n
90631,893,李将云,2018-11-24 15:34:49,2,2,0,超级棒
90711,893,李将云,2018-11-25 11:01:53,3,7,4,上课有很多重复内容，而且经常委屈学生(滑稽)
90927,893,李将云,2018-11-27 13:25:44,0,1,1,老师是太负责了\n\n喜欢他上课的文档很用心
91268,893,李将云,2018-12-04 15:04:35,1,1,0,没什么好说的，大一萌新很幸运能选上将云伯伯的课
91430,893,李将云,2018-12-10 03:19:36,4,5,1,老师是真的好，好喜欢这样的老师，必须给10分，虽然我线性代数不是很好，但是我学到了很多，希望下次微积分能选上老师的！
91504,893,李将云,2018-12-12 03:43:48,2,3,1,超喜欢将云papa
91656,893,李将云,2018-12-17 09:44:46,5,5,0,听完他的课，我爱上微积分了！！！！
91929,893,李将云,2018-12-25 03:50:43,3,5,2,楼上夸的都是实话
91940,893,李将云,2018-12-25 04:42:01,2,3,1,最好数学老师，没有之一
91994,893,李将云,2018-12-25 09:06:24,1,2,1,将云伯伯超级好啊
92147,893,李将云,2018-12-26 16:10:45,2,3,1,吹爆将云伯伯
92403,893,李将云,2018-12-28 09:25:53,3,5,2,是给我这种数学菜鸡的一次拯救吧！感觉在这里最幸运的事就是选上了李老师的线代课。从他第一次下课后走过来问我这节课听得怎么样的时候，就被彻底圈粉了。我上去问线代之余还会问问微积分的题，老师也会很耐心地教!直到后来我每次问完线代将云爸爸(看到你们有叫伯伯有叫爷爷的，我觉得最合适的难道不是爸爸嘛?如果有爸爸的话一定会是这样子的吧！)都会问一句你最近微积分学得怎么样(-o-)／虽然我微积分上得一次比一次辣鸡，但是心里还是暖暖的(｡･ω･｡)  还有还有，pick李老师的助教小哥，讲得实在是超赞(尤其是和其他某课对比的时候)，而且很负责，期中考之前明明没有习题课了还过来帮我们答疑(而且可以问别的数学)，每回都留到很晚才走，上课的时候会拓展很多内容。现在还没期末考我先来评价，不然的话知道成绩之后可能因为太菜而对老师和助教有情绪化的不好的评价。\n\n数学是很难，从小到大都让我痛苦╯﹏╰但是因为李老师，我的周三下午变成了一周最快乐的时光!真的非常感谢您!
92415,893,李将云,2018-12-28 11:49:45,19,22,3,除却将云不是云
92434,893,李将云,2018-12-28 14:31:48,2,2,0,非常好的老师！为他打call！！！
92456,893,李将云,2018-12-29 07:10:18,6,7,1,将云伯伯的课上一节少一节
92462,893,李将云,2018-12-29 08:50:15,0,1,1,好老师终生受教
92485,893,李将云,2018-12-30 09:39:14,4,4,0,就是非常感动，推了预置的微积分和线代就为了选将云爷爷的课!
92766,893,李将云,2019-01-04 08:46:49,3,4,1,在期末考试前把分给十分，不能再好了，非常和蔼的将云爸爸，下课也会笑眯眯的问你听懂了吗，为了上他的早课，七点就站在教室门口，他举的例子通俗易懂，还会停顿下来等你做笔记，来浙大的一大幸运就是预置了将云爸爸的课，真心希望大家都有机会去感受一下！
92800,893,李将云,2019-01-04 13:21:46,0,0,0,特别特别好上课好老师很暖心
93055,893,李将云,2019-01-07 07:00:23,4,6,2,好！好！好！见过最好的数学老师！
93361,893,李将云,2019-01-09 07:41:33,25,26,1,最后一节课，老师最后一次挥手，有一种莫名的伤感，感谢大学四年能够遇到这么好的老师！
93423,893,李将云,2019-01-09 13:03:48,35,39,4,唯一战胜了竺可桢的男人
93450,893,李将云,2019-01-09 18:52:31,3,4,1,好老师，讲的很细，没期末但绝对10分，下学期也是将云老师，只希望求求老师能让我及格！！
93593,893,李将云,2019-01-11 00:11:45,5,10,5,我真想在這裏懟一下那個在上課的時候吐痰的傢伙，請問可否將您的聲音放小一點？在教室的前後左右都能聽到您那放肆與收斂的咳痰的響亮的聲音，真的是太破壞將雲伯伯的上課的氣氛了吧。
93911,893,李将云,2019-01-14 08:32:45,0,0,0,炒鸡棒！
94188,893,李将云,2019-01-15 13:36:51,0,0,0,超级好的老师
94403,893,李将云,2019-01-16 10:22:27,3,4,1,在我心里，将云伯伯是浙大最可亲可爱的老师老师!没有之一!? ? ?
94577,893,李将云,2019-01-17 08:46:19,0,0,0,我也不知道我线代会考多少分但是将云真的让我爱上了这门课啊！！！超级认真负责，每节课都坚持坐第一排！超爱！
94634,893,李将云,2019-01-17 13:03:01,1,2,1,李将云老师！要是我的成绩接近打分的一半就好了！！李将云老师保佑啊！！！\n\n（12h后开考微积分，在此先拜一下）
94659,893,李将云,2019-01-17 14:55:19,9,10,1,李老师上课生动有趣，通过各种方式调动学生学习积极性，小测几乎没有，期末会有非常非常简单的小测。上课也不会点名。会和学生分享学长学姐的学习经验。
94873,893,李将云,2019-01-18 11:39:35,1,3,2,将云伯伯炒鸡好，但是我没认真学 我对不起他?
95209,893,李将云,2019-01-22 11:32:31,8,8,0,快要感动哭了quq！！！\n\n吹爆李老师和刘助教！！！\n\n期末没考好…但是及格了！！\n\n爱了！quq文科生哭了
95364,893,李将云,2019-01-19 09:14:44,5,5,0,一百分的老师！！！！没得差评，下课走晚了和老师一起出门，老师会亲切的问复习的怎么样了，真的超级感动啊啊啊。
95489,893,李将云,2019-01-19 12:58:30,4,4,0,好好好
95561,893,李将云,2019-01-19 15:19:19,2,3,1,老师超好！
95765,893,李将云,2019-01-20 03:56:39,1,2,1,老师太好了吧
95952,893,李将云,2019-01-20 09:20:18,2,2,0,太好的老师了!
95991,893,李将云,2019-01-20 10:29:24,5,6,1,老师真的很好很敬业很负责，有一次晚上十一点还给我回邮件回答我的问题，上课非常有条理，可以把微积分的思想讲的十分清晰，我感觉自己不仅学到了知识，更学到了老师那种认真踏实的精神。
96323,893,李将云,2019-01-21 00:10:15,2,2,0,除了爱我还能说什么呢
96324,893,李将云,2019-01-21 00:16:43,2,3,1,作为一名连续两学期预置了将云伯伯的微积分的学生，我只能默默接受其他同学羡慕的目光?
96578,893,李将云,2019-01-21 06:49:04,10,10,0,选上将云伯伯的课的上辈子都是小天使❤️
96839,893,李将云,2019-01-21 11:19:57,19,23,4,to某同学：请你别再秀了，你是有多自卑才天天在群里嚷嚷啊。或许你微积分真的学得很好，但如果你真的强无敌的话，为什么不在清华北大念书呢？请你明白：人外有人
96892,893,李将云,2019-01-21 12:07:12,3,4,1,我学不好微积分真的不是老师的错? 将云老师和助教哥哥真的特别负责任！
97037,893,李将云,2019-01-21 15:10:37,9,10,1,老学长来给将云哥哥打个十分\n\n祈祷哥哥不要把我npy的微1挂了
97044,893,李将云,2019-01-21 15:21:53,0,2,2,完美的老师 除了我菜 没别的毛病
97319,893,李将云,2019-01-22 08:05:48,3,3,0,吹爆云伯！上他的微积分是种享受！(就是出分慢了一点…
97577,893,李将云,2019-01-22 11:26:39,3,3,0,吹爆云伯伯 上课讲的超好(✪▽✪) 平时成绩给满了！！！
97578,893,李将云,2019-01-22 11:28:37,1,1,0,老师太好了，我爆哭(´;︵;`)
97579,893,李将云,2019-01-22 11:28:55,1,1,0,老师超级超级好！
97580,893,李将云,2019-01-22 11:29:30,0,1,1,感动 老师太好了
97581,893,李将云,2019-01-22 11:34:18,0,0,0,超爱李将云伯伯啊 给了我学好微积分的希望啊啊啊啊啊
97586,893,李将云,2019-01-22 11:38:41,0,0,0,跪谢李老师微积分不杀与怜悯之恩orz
97600,893,李将云,2019-01-22 11:52:18,6,6,0,将云伯伯绝对是不可多得的好老师，10分无疑！虽然顾及绝大多数同学需要老师讲得浅显易懂，但将云伯伯真的会注意传授给我们数学的思想和精神！同时将云伯伯也很风趣，时常会有一些经典语录惹得全班大笑！会传授学长姐经验，还告诉同学们要注意身体(⁄ ⁄•⁄ω⁄•⁄ ⁄)太可爱了w
97614,893,李将云,2019-01-22 12:06:39,0,0,0,跪谢将云叔不挂之恩，下个学期还选您QwQ暴风哭泣
97615,893,李将云,2019-01-22 12:07:04,5,5,0,李老师呀李老师，您说您这个数学老师怎么这么欠赞，欠我们打10分呢
97616,893,李将云,2019-01-22 12:09:41,1,2,1,线性代数】很负责，很耐心
97617,893,李将云,2019-01-22 12:10:18,2,2,0,老师上课很好，非常负责，同学有疑问都能一一解答。
97618,893,李将云,2019-01-22 12:11:28,3,4,1,老师太好了????下学期！下学期虽然不是老师的微甲2，但一定好好学微积分！！！
97620,893,李将云,2019-01-22 12:13:33,0,2,2,有这么一位老师，他会让你爱上微积分
97624,893,李将云,2019-01-22 12:14:14,2,2,0,感恩之情难以用言语形容
97641,893,李将云,2019-01-22 12:33:50,4,5,1,尽管下学期仍然很幸运地被预置了云伯的课，但是在这学期最后一节课下课的时候，云伯很真诚地跟所有同学说谢谢的时候，我真的泪目了……遇到云伯真是来浙大最幸运的事情了，没有之一。
97644,893,李将云,2019-01-22 12:38:56,0,1,1,超级负责感天动地好老师!
97653,893,李将云,2019-01-22 12:44:07,2,3,1,虽然没听过其他老师的课，不过我想把各种繁难的知识点讲的通俗易懂而又透彻有力，将微积分这门理工学科讲的富有艺术性，让多数同学都能领略其中的美感，这对老师来说并不容易，而云伯完美地做到了这一点。很惭愧前半个学期学习不认真，期末的成绩被期中拖累。此外对助教小哥哥认真负责的态度笔芯
97660,893,李将云,2019-01-22 12:51:33,3,4,1,我爱云伯，我爱云伯，我爱云伯，我是云伯的脑残粉(λಡ_ಡﾞ)
97673,893,李将云,2019-01-22 13:02:42,0,0,0,感谢老师不杀之恩
97680,893,李将云,2019-01-22 13:18:51,0,1,1,该说的都说完了，我无需赘言。
97697,893,李将云,2019-01-22 13:41:52,2,3,1,绩点在意料之中，还是怪自己平时不够努力吧，曾经有一堂将云伯伯的课摆在我的面前，我却没有认真听...呜呜呜下个学期一定好好做人
97720,893,李将云,2019-01-22 14:09:57,3,3,0,超级好超级好！\n\n超有条理 还会给时间做笔记
97934,893,李将云,2019-01-23 02:12:55,15,17,2,这是在为一个男人学数学
98351,893,李将云,2019-01-23 10:57:07,8,8,0,云伯常说自己上课爱“唠叨”，一个重要的知识点往往会重复多次，为了让同学记住。三节连着的课最后一节开始老师总会给大家读一些有趣的东西，有的是短文，有的是学长们的经验，确实感觉这样的课很有趣，微积分在老师的课堂上似乎从不枯燥...这是我在浙大见到的唯一一个下课之后同学们掌声雷动的老师
98413,893,李将云,2019-01-23 12:23:31,1,2,1,线代刚出，来这里评论一下。虽然被85卡绩了，超级难受，但说实话老师是一个非常好的老师，很负责，一学期下来也颇有收获，谢谢你，李老师！
98520,893,李将云,2019-01-23 14:13:09,0,0,0,和蔼可亲，很赞！
98732,893,李将云,2019-01-24 00:43:45,6,7,1,下学期没选上将云爷爷的课，很遗憾时间冲突，甚至连蹭课都做不到。来留个纪念。首先直接给十分。然后将云爷爷给分很好，虽然我卡绩了，但将云爷爷的平时分给满了，所以只能怨我自己，我也从没说“被”卡绩，因为卡我的实际上是我自己。然后将云爷爷的课讲的真的是很好很好，很细很细，人也很温柔很温柔。就这样，希望将云爷爷能够注意身体。
98799,893,李将云,2019-01-24 02:56:45,0,0,0,老师讲课非常用心，上课只要认真听，回去写完作业，微积分稳的一批。真的很喜欢将云伯伯，太用心了吧！
98871,893,李将云,2019-01-24 04:24:16,1,2,1,好老师！超级爱，可惜下学期没选上? ?
98878,893,李将云,2019-01-24 04:28:38,4,5,1,关心学生，学生上课玩手机也会教育他，讲课很有调理，课件太棒了，可惜被卡绩了，还是自己垃渣
98890,893,李将云,2019-01-24 04:35:30,0,0,0,上课节奏不快，作业嘛按部就班地来，人超级nice给分也好，个人太菜了不过及格了，感谢老师！！
98922,893,李将云,2019-01-24 05:15:17,1,1,0,我只能说，选上他的课是我最幸运的事情
98978,893,李将云,2019-01-24 06:11:56,0,0,0,老师讲的很好。\n\n很少见到这么负责的老师了。\n\n而且平时分满分很开心诶*罒▽罒*
99074,893,李将云,2019-01-24 08:31:08,0,1,1,mua
99100,893,李将云,2019-01-24 09:00:24,6,6,0,满分老师！！！！下个学期没选上真的是一大遗憾！！！！
99108,893,李将云,2019-01-24 09:13:51,2,2,0,吹不动了，将云绝对的好老师
99144,893,李将云,2019-01-24 10:22:04,2,2,0,将云伯伯新年快乐！
99398,893,李将云,2019-01-24 16:19:40,6,8,2,线性代数） 就一件事：每节下课教室里都会响起掌声??
99517,893,李将云,2019-01-25 01:54:37,0,0,0,预置将云爷爷的课 是这一年 最大的惊喜
100033,893,李将云,2019-01-25 13:01:04,3,3,0,将云伯伯的好已经不用我多说，无论是上课还是为人都太棒太棒。为了安排云伯的微积分退掉三门预置还是没有选上，自己很遗憾，但也觉得确实应该有更多的人去享受他的好~建议大家上课跟着云伯的思路去思考吧~
100313,893,李将云,2019-01-26 02:48:35,5,6,1,老师讲课特别好，还会给我们读优秀学长学姐的学习经验，期中46，期末40，居然没有挂科，老师和助教太好了，平时分给了满分，感谢=͟͟͞͞ʕ•̫͡•ʔ
100478,893,李将云,2019-01-26 07:36:51,0,2,2,啊啊啊啊啊啊这个老师实在是太棒了啊！课上讲解非常清楚，课后解答也非常耐心。是少有的那种会上微信群看看同学们有什么疑惑而且解答的老师！能选上他实在是太幸福了！
101635,893,李将云,2019-01-28 15:48:12,1,1,0,老师极其认真负责，简直是一种享受
102019,893,李将云,2019-01-30 04:32:34,1,2,1,李老师真的太好了，让我这个渣渣居然也有3.0，下学期还是他，太好了！
102703,893,李将云,2019-02-21 11:25:03,164,166,2,李将云老师，不用多说，是目前全校人气最高的老师。首先是他的教学能力，只要有听基本就可以听懂；其次是是他的个人魅力、行为举止，长相和蔼可亲，讲课幽默风趣；最后是他教学的热情，对同学的付出，前几年李老师做了眼部的手术，医生嘱咐要多休息，但他还是在第一时间重返课堂，回到学生的身边。能被他教到真的是我的荣幸。\n\n	李将云老师是一个非常有原则的老师，第一堂课就说明了课程的预计进度，选用的教材是没有详解的，凭着他多年的教学经验，他说到教材有没有详解，对于同学的成绩没有太大的影响，但是用没有详解的教材可以训练同学们独立思考的能力，这才是重要的。而从李老师的自我介绍就可以知道它的幽默风趣，在他的自我介绍中写道：{   性别：（一看就知道）；           爱好：爱喝水；      缺点：上课常出错。}    。就是这种魅力使得李老师可以轻松的抓住大家的注意力，使得同学可以持续的吸收李老师所教的知识。\n\n	李将云老师的授课方式是前几堂课主要用手写，算是高中到大学的衔接，之后主要用课件，课件是李老师用word打出来的比手写的要清楚，几乎不会跳步骤，而且每一行之间会先用换行隔开，李老师一边讲一边删换行，使得算法逐步的显示，效果比纯手写或ppt都好。而且还会夹杂这李老师的个人幽默，譬如，“不定积分的特点：认人，遇到勤奋的主，ssfd，举手投降。”还有我十分认同老师的一句话：“我都假设你们都不懂，从头讲起”，而我心里这是在想：“老师你不用假设，我是真的都不懂。”还有一句是：“我上课十分的啰嗦，同一个步骤要写好几句。”而我则是在想：“这样我才不会听不懂。”\n\n	最后我的积点是3.0，其中平时成绩是100分，非常感谢李伯让我上三。\n\n******结论******李将云是微积分老师的首选，能选上他的课是各位的荣幸，30分之一的机率。\n\n******喜欢就帮忙顶上去!!!\n\n
102818,893,李将云,2019-03-27 07:25:50,-5,2,7,，，，
103045,893,李将云,2019-02-25 15:17:45,0,0,0,话不多说，李爷爷万岁
103152,893,李将云,2019-02-26 08:08:59,2,4,2,大四老学长了，今天打开查老师，偶然想起了大一时候的微一老师，于是回来给老师补一个满分~
103272,893,李将云,2019-02-27 06:01:11,2,3,1,为我的微积分一二和常微分都是预置的将云爷爷而干杯?
103343,893,李将云,2019-02-27 11:14:34,3,3,0,老师讲课真的超级棒的，虽然最终成绩不是很理想（因为学的不用心不是老师的问题），但是我很享受听李老师的课
103449,893,李将云,2019-02-28 07:29:40,3,3,0,将云老师超级好，我这么菜最后考得都挺好
103494,893,李将云,2019-02-28 13:07:31,4,6,2,超级棒的老师，就和爸爸一样～对我们很负责，会斥责上课不认真的同学，但是其实脾气很好很好，平时分都给满，总之超级喜欢他
103527,893,李将云,2019-03-01 01:40:53,2,2,0,非常好
103531,893,李将云,2019-03-01 02:22:39,7,7,0,一个大三老狗慕评论而来 微二预置的云伯 无需多言 对于楼下无实例 无逻辑的断言污蔑 只能送上踩 举报 评论怼素质三连
103560,893,李将云,2019-03-01 05:48:20,20,21,1,我觉得饱受赞誉的将云伯伯并不少这一个十分
103973,893,李将云,2019-03-08 06:47:33,5,5,0,太～好～了～
103993,893,李将云,2019-03-08 13:09:06,5,6,1,神仙吧～～完美老师～整堂课不走神不水手机，体验极棒！
104136,893,李将云,2019-03-13 01:05:47,0,2,2,爱了。
104172,893,李将云,2019-03-13 10:51:10,1,2,1,老师讲得真好
104322,893,李将云,2019-03-18 02:16:40,1,1,0,好，，
104524,893,李将云,2019-03-22 12:02:10,3,4,1,今生有幸能上李老师的微积分课
104865,893,李将云,2019-03-29 03:51:11,3,5,2,不敢评论，怕表达不出上将云伯伯课的快感
104942,893,李将云,2019-03-31 13:46:38,2,2,0,wow将云爷爷10分了诶
105195,893,李将云,2019-04-07 10:48:50,1,1,0,讲得很好
105440,893,李将云,2019-04-13 07:44:39,0,1,1,好好好
105607,893,李将云,2019-04-17 06:32:24,3,4,1,老师的笑容，很喜欢。
105728,893,李将云,2019-04-19 04:15:10,4,4,0,微一遇见他是我的幸运
105762,893,李将云,2019-04-20 06:20:27,13,14,1,将云伯伯不必多说 助教xgg有、帅
105839,893,李将云,2019-06-27 12:10:02,7,8,1,爱您，云伯！
106060,893,李将云,2019-04-24 16:44:45,2,5,3,贴心的好老师，一直替学生想，上完课就怕你听不懂，有自己的一套成体系的东西，最高的数学老师
106096,893,李将云,2019-04-25 02:55:22,-5,8,13,菜鸡不建议选，将云伯伯讲的节奏还挺快的，适合基础不错的，而且教材作业没答案做起来挺郁闷的
106685,893,李将云,2019-04-29 02:47:25,2,4,2,积你太美！
107002,893,李将云,2019-07-05 16:15:48,-49,7,56,其他都还好，作业没答案差评
107358,893,李将云,2019-05-04 08:06:35,7,8,1,之前有人为了何延放弃李将云，我真的是fu...可恶你还我微甲二给李将云上啊！！！每个人都有自己的选择，但放弃将云papa我只能说你错过太多。
107406,893,李将云,2019-05-05 02:30:12,-21,2,23,好老师 讲课认真 会给总结 关心学生 神仙调分\n\n唯一美中不足的是声音不太好听? ?
107483,893,李将云,2019-05-05 16:05:27,3,3,0,ψ(｀∇´)ψ
107837,893,李将云,2019-05-10 10:27:42,4,4,0,太帅了
107909,893,李将云,2019-05-11 06:48:47,1,2,1,最喜欢的一个老师
108797,893,李将云,2019-06-02 15:25:12,2,3,1,很棒很棒
109242,893,李将云,2019-06-12 08:26:59,8,8,0,老师讲的很好。会强调很多细节和易错点。归纳总结也非常好。而且！老师吃小饼干的样子好可爱哦！嘻嘻(｡>∀<｡)
109323,893,李将云,2019-06-13 06:02:42,3,4,1,老师对学生的水平把握的非常好，知道哪里我们听起来有难度，会反复强调。语言通俗易懂。
109396,893,李将云,2019-06-14 00:32:54,1,2,1,好！！！
109407,893,李将云,2019-06-14 02:58:02,6,6,0,太可爱了
109924,893,李将云,2019-06-20 07:36:46,5,7,2,考前哼一首小曲 香甜入梦 你就能常微满绩
110381,893,李将云,2019-06-26 08:14:55,5,6,1,将云老师真的讲得特别好！很清楚，上课过程愉悦！两次都幸运地选上了将云老师的微积分，觉得真是太幸运了！老师人超好，超级舍不得！！！希望将云老师身体健康~
110499,893,李将云,2019-06-27 07:14:32,3,4,1,超级nice的老师\n\n
110667,893,李将云,2019-06-28 03:36:53,12,14,2,这么好的老师为什么才9.98
110998,893,李将云,2019-06-29 04:37:13,2,2,0,讲得很清楚。非常认真负责的一位老师。
111135,893,李将云,2019-06-30 04:19:53,13,15,2,云伯评分终于9.99了呜呜呜爱云伯
111147,893,李将云,2019-07-03 02:27:24,6,8,2,10分求过\n\n
111174,893,李将云,2019-07-10 23:36:27,6,8,2,常微分3.9是我现在所有数学类课程的巅峰了…谢谢将云伯伯仔细讲解，让数学小渣渣重拾信心
111200,893,李将云,2019-06-30 13:47:40,9,10,1,我的微甲一是何延老师教的，微甲二是将云伯伯教的。我比较喜欢慢慢讲话的老师，将云伯伯有时候讲话很快，所以一开始并不觉得将云伯伯有传说得那么厉害。但是后来发现，老师讲课很细致，强调的知识点都是重中之重。期末考前给我们整理知识点时，还强调了方向导数的定义，以及各种积分之间的转化，后来期末考试还真有一道题要用定义求方向导数。但是有一点不好的地方就是，同学们太热情了，前排位置有点难抢。?
111335,893,李将云,2019-07-01 03:26:19,2,2,0,将云爸爸真好！
111370,893,李将云,2019-07-01 05:19:34,4,5,1,超级幸运选上了云伯的课，大爱云伯！
111524,893,李将云,2019-07-02 01:05:24,7,7,0,是将云的常微分感觉自成体系，做了好多笔记…虽然期末考还是没算出来，但是是自己太菜了orz
111533,893,李将云,2019-07-02 01:26:18,3,3,0,老师很好
111538,893,李将云,2019-07-02 01:32:30,0,2,2,稳稳稳！
111606,893,李将云,2019-07-02 06:39:36,8,8,0,将云爸爸！！
111607,893,李将云,2019-07-02 06:40:20,5,6,1,好！!
112083,893,李将云,2019-07-03 12:26:28,6,8,2,听了几个微积分老师 感觉最舒服的一个
112328,893,李将云,2019-07-04 01:51:16,-62,4,66,挺差的
112450,893,李将云,2019-07-04 08:26:39,3,5,2,快出分啊云爷爷
112496,893,李将云,2019-07-04 13:13:21,1,1,0,很不错
112504,893,李将云,2019-07-04 15:02:35,7,7,0,将云老师无论是为人还是治学都是一个值得我们永远作为榜样的老师，希望后面的学弟学妹能在云伯退休之前，选上或蹭上云伯的课，让自己大学的数学课没有遗憾吧
112511,893,李将云,2019-07-04 16:02:04,5,6,1,其实我想说，这是我来浙大以来听的第一门每次下课有学生鼓掌的课
112530,893,李将云,2019-07-04 17:07:27,1,1,0,李老师真的好好… 数学菜鸡这学期好好听课了，觉得老师上课思路清晰，让人很能听懂！老师真的和蔼亲切幽默时不时还会来一句段子！虽然分数还没出，但李老师在我这里是满分十分的满分！老师辛苦啦！放假开心！
112960,893,李将云,2019-07-05 15:50:21,0,0,0,真的很棒
112965,893,李将云,2019-07-05 15:57:06,10,10,0,虽然没见过将云伯伯，但就凭这个61分，10分稳了。
112966,893,李将云,2019-07-05 16:03:59,1,3,2,上了老师一年的课，只能不舍地挥别了，老师的上课一定要好好听，将云伯伯很慈祥，问问题也耐心解答。感觉这一年挺对不起他的，上课总是掐点到，有时候还水手机，期末考得差也是罪有应得，所以希望告诫大家，一定要好好听课啊！老师的课件很棒，但不开源，建议上课也不要死记笔记、拍课件，关键是听他讲的和自己想的相互印证。期末好好考也是关键，最好要算的细心，想的周全！
112967,893,李将云,2019-07-05 16:11:54,3,4,1,我吹爆将云伯伯！！！期末严重失常发挥34分 将云伯伯最后没挂我 我吹爆啊啊啊啊啊
113070,893,李将云,2019-07-05 22:33:16,8,9,1,我没有努力学习，对不起将云伯伯?
113130,893,李将云,2019-07-11 06:21:56,4,4,0,就是好！超好！
113167,893,李将云,2019-07-06 01:00:21,1,2,1,怎么会有将云伯伯这种人好讲课好给分好的神仙老师啊！！！
113379,893,李将云,2019-07-06 13:06:06,10,12,2,将云不用多说，好老师，没有100分所以只能打10分了，但这学期的助教我真的不想说什么了，平时分给我狠狠地扣（作业都交了），而且是按时交的，然后最后82.45卡绩，但凡他给我加一分平时分我都不至于这样，我同学作业都交了，就因为期末考的差，作业分扣了10分？？？然后同学去问助教，助教回复是作业分都是看期末打分的，那这么说期末低的我死了海底捞他作业分要给高，期末高的人家作业分要给高，只有我们这种期末670的作业分就得狠狠地扣了？这是什么神逻辑？心里给这个助教0分。
113478,893,李将云,2019-07-06 18:09:09,1,1,0,虽然绩点爆炸，但真的很谢谢老师?
113659,893,李将云,2019-07-07 02:23:27,-7,6,13,将云爷爷讲的特别好，但想diss助教，习题课一般，而且作业全部交了，结果莫名被扣了分，只给90，导致我卡绩，不明白为什么。
113779,893,李将云,2019-07-07 12:07:26,7,9,2,路上打招呼会给你鞠躬的老师
114063,893,李将云,2019-07-08 15:23:11,0,4,4,其实说实话，微积分线代这种大课很大程度上还是要靠自己课后花时间学，不过平心而论，这个老师教学水平和给分真的都很不错。至于吐槽什么的，事实上只要你的水平高，哪个老师不会给你高分？
114456,893,李将云,2019-07-10 03:55:04,4,8,4,有幸微二和常微分都是将云伯伯的。将云伯伯真的太棒了，和蔼可亲，讲得超棒，上课时有李氏幽默，会很乐于和大家分享。伯伯的讲解很注重基础，对于一些基础部分和易错点会反复强调并进行强化。讲课和例题都很有体系化和代表性，一学习学下来感觉知识是浑然一体的，帮我们构建了完整的知识体系，例题也都很经典。还会讲很多拓展技巧，特别实用，不论是对学习数学还是考试都很有帮助。很注重数学思想的培养和启发，记得第一节课老师通过将叠牌的实际例子引入级数，让我感受到了高中学数学竞赛时的那种惊叹、好奇与趣味。每次下课伯伯还会和大家挥手告别，台下是掌声一片。最后一节课我专门录下了这掌声，共勉
114528,893,李将云,2019-09-19 03:05:37,5,5,0,将云伯伯真的超棒，上课节奏把握得很好，知识点能讲明白，对学生非常有耐心，很幸运能遇到这么好的老师。
114573,893,李将云,2019-07-10 19:40:03,1,1,0,很棒\n\n认真听不可能听不懂\n\n抓要点很到位
114577,893,李将云,2019-07-10 22:00:48,0,0,0,讲课很仔细，给分也好
114584,893,李将云,2019-07-10 22:59:36,1,1,0,将云爸爸实在太好了  上课讲的超级仔细 并且会停下来留时间给同学记笔记。
114600,893,李将云,2019-07-10 23:51:34,2,4,2,常微分98，老师讲得很有条理性，复习时给了我很大帮助
114603,893,李将云,2019-07-11 00:04:11,33,36,3,将云伯伯给了我100分 我却只能给他10分
114608,893,李将云,2019-07-11 00:26:04,2,4,2,老师很好！常微分学的很轻松！虽然卡了但还是比较开心的。。
114625,893,李将云,2019-07-11 01:25:49,0,0,0,好老师不多说
114734,893,李将云,2019-07-11 07:47:44,8,9,1,不应该是将云爷爷嘛，怎么成了将云爸爸。要统一口径啊
114742,893,李将云,2019-07-11 08:13:16,3,5,2,常微分上课超棒，下课不用怎么自学复习就可以满，将云爷爷nb！
114754,893,李将云,2019-07-11 09:30:31,13,15,2,哇，就像热心伯伯教你走路一样，一步一步，很系统很条理，有幸常微分被他教到，八次课下课都是一片掌声，他挥手与我们作别好似在说不用客气，真的超级喜欢他，感觉自己的常微分比室友好多了，都是将云伯伯的功劳哇哇，伟大教书匠，匠心感人
114844,893,李将云,2019-07-12 03:09:04,6,6,0,好老师！
115414,893,李将云,2020-02-24 07:01:10,-324,11,335,傻逼东西
115680,893,李将云,2019-08-18 10:35:35,0,1,1,测试一下
115988,893,李将云,2019-08-28 06:57:37,1,1,0,老师很好！
116341,893,李将云,2019-09-09 00:01:41,1,3,2,对于这个老师我真的不想多说了， 简直太好了，我超级喜欢
116585,893,李将云,2019-09-12 02:10:55,0,0,0,课讲的很细很好
116604,893,李将云,2019-09-12 03:34:41,2,2,0,爽爆了，对于一个喜欢数学的学生来说，太棒了，将云爸爸
116621,893,李将云,2019-09-12 05:18:01,0,0,0,很好玩
116833,893,李将云,2019-09-16 08:11:05,0,0,0,牛逼！
117028,893,李将云,2019-09-18 11:17:45,3,3,0,超级棒啊，李老师贼强，不服来战！他让我爱上了微积分。
117073,893,李将云,2019-09-19 03:05:53,0,0,0,太舒服了
117098,893,李将云,2019-09-19 07:00:26,1,1,0,老师很幽默，也很负责
117151,893,李将云,2019-09-20 01:36:23,1,1,0,超级无敌好
117207,893,李将云,2019-09-20 09:40:03,3,3,0,超级慈祥的老师
117236,893,李将云,2019-09-20 23:35:30,3,4,1,可爱！！
117419,893,李将云,2019-09-24 05:53:59,4,5,1,有哪些老师会让你觉得感动呢？会让你觉得学不好对不起他呢？
117470,893,李将云,2019-09-25 00:48:51,1,1,0,真的好
117491,893,李将云,2019-09-25 04:20:36,0,0,0,強無敵
118011,893,李将云,2019-10-18 12:16:57,1,1,0,老师讲的特别特别好(✪▽✪)
118136,893,李将云,2019-10-21 11:27:00,1,1,0,超级好
118597,893,李将云,2019-10-29 06:48:03,0,0,0,非常负责
118850,893,李将云,2019-11-07 04:05:42,0,0,0,超级棒
118894,893,李将云,2019-11-07 11:38:35,1,1,0,真的很开心
119113,893,李将云,2019-11-14 23:44:41,-78,12,90,人很好，教学水平其实过誉了
119282,893,李将云,2019-11-12 02:29:24,0,0,0,真的好有耐心啊…而且上课有趣的东西超多 从来没有睡过
119480,893,李将云,2019-11-13 04:17:04,0,0,0,老师很有耐心
120110,893,李将云,2019-11-17 13:03:22,2,3,1,这老师巨好，强推
120337,893,李将云,2019-11-29 01:40:50,0,0,0,快乐中学习
120376,893,李将云,2019-12-01 09:35:33,0,0,0,如沐春风
120405,893,李将云,2019-12-03 23:44:36,0,0,0,超级棒
120435,893,李将云,2019-12-05 06:19:10,3,4,1,太赞了 听他的线代课总是能精神百倍\n\n思路无敌清晰 上课又很幽默\n\n老师人超级负责，晚上11点多我在群里问了个问题，没想到老师还耐心解答啦
120517,893,李将云,2020-01-12 01:52:20,0,2,2,对不起他。。。
120731,893,李将云,2020-01-16 02:58:41,9,9,0,不定积分的特点：认人，遇到勤奋的主，ssfd，举手投降。\n\n李老师耐心幽默 上课还会停下来让你有充足的时间整理笔记和思路 超赞！！
120804,893,李将云,2020-01-17 09:43:36,0,1,1,老师超好
120959,893,李将云,2020-01-19 03:58:19,1,1,0,微甲上下选的都是李老师。感觉老师有点可爱嘻嘻。话说回来，我好想听听李老师的线代课呀hhh
121163,893,李将云,2020-01-20 01:35:36,7,9,2,李老师教的很好，但是平时分为什么给这么低，按时作业按时小测
121385,893,李将云,2019-12-16 12:30:17,5,8,3,为了将云老师，我退了三门预置。我仅仅是，想再一次，见到他啊!
121390,893,李将云,2019-12-16 11:50:50,1,2,1,爱了爱了
121397,893,李将云,2019-12-16 10:54:44,6,6,0,老师说这是最后一次作业了，我得省着点布置，当时眼眶就湿了
121480,893,李将云,2019-12-15 13:52:04,0,0,0,太好了
121532,893,李将云,2019-12-13 01:15:10,6,6,0,强推单超炳助教，我是他迷弟
121534,893,李将云,2019-12-13 00:08:25,0,0,0,课很好
121542,893,李将云,2019-12-12 15:48:25,14,14,0,看评论差点看哭，对自己一直以来上他的课感觉自责内疚。他上课真的很好，很用心，他不会像一些老师说题目简单不讲，他会说“我假装你们不懂，我从头再讲”“我这人特啰嗦”，他会反复反复讲一个一个阶梯带你走上去，你觉得他上的很慢但其实已经甩了别人一个单元。他独一无二的word真的可以看出来是花了很多心思。每次上课前一天，他都会说“同学们好，这是本周的作业”，每次下课全班鼓掌，他都会挥手跟我们告别。离期末还有几次课，不好好听课简直对不起这个老师。
121548,893,李将云,2019-12-12 14:41:27,0,0,0,真的太好了
121552,893,李将云,2019-12-12 12:34:10,1,2,1,强推的老师，上课思路特别清晰，讲课讲的超级好，进度快还能听的很明白，i了i了
121660,893,李将云,2019-12-10 03:55:21,1,1,0,ljynb。每次下课掌声！
121661,893,李将云,2019-12-10 03:46:50,0,0,0,爽翻了
121691,893,李将云,2020-01-21 01:35:38,11,13,2,平时都很好啊，助教最后这波操作。。。佛了
121716,893,李将云,2020-01-21 05:55:14,5,5,0,真真正正的好老师，选他的课一定不会后悔的。
121771,893,李将云,2020-01-21 19:00:59,10,11,1,老师讲的很好，但是助教是啥都整不明白吧，平时分基本上都是80分，直接啦0.3绩点我服了
121830,893,李将云,2020-01-22 07:46:31,-17,3,20,李将云老师很好，讲课很详细，但是语速太快了太快了。一次三节线代课过去，留下的是恍然大悟的室友和一脸懵逼的我。不过他的线代给分很棒期末考差了的我最后还是得了4.2。
122104,893,李将云,2020-02-13 11:09:43,1,3,2,我微积分1 2的老师，非常好的老师，授课清晰易懂，答疑解惑有耐心，为人师表。点赞！(2011级毕业生留言)
122182,893,李将云,2020-02-19 15:18:36,0,0,0,10分不解释
122290,893,李将云,2020-02-22 12:22:50,-15,14,29,10分不用说，绝对浙大好老师。不怎么刷题，不怎么看书的我，光听他的课，考前就重新看了一遍他的PPT就4.5了。因为老师水平太高了，估计只听课就满绩的人一大批。
122475,893,李将云,2020-02-29 05:46:08,4,4,0,隔壁何奶奶过来帮顶
123146,893,李将云,2020-05-13 03:37:25,0,0,0,非常好 将云伯伯～
123148,893,李将云,2020-05-13 05:48:34,2,2,0,李老师万岁≧▽≦
123351,893,李将云,2020-06-04 15:53:53,0,0,0,和那后
123430,893,李将云,2020-06-09 01:36:55,1,1,0,李老师挺好的。女助教声音很好听
123441,893,李将云,2020-06-09 03:00:47,3,3,0,老师讲课还是挺好的，只是我太菜了，只能说幸好网课能重复听吧。另外有一个不好的就是老师上课的例题比起课后习题都太简单了，上课的题很快就解出来了，但是遇到课后习题有时候会一脸懵逼。不过还是给10分吧，希望期末能手下留情
124029,893,李将云,2020-06-21 08:21:29,7,8,1,给李老师打10分是因为上限只有10分\n\nps：助教小姐姐声音太好听了，我好了（\n\n
125102,893,李将云,2020-08-31 13:35:38,0,3,3,好好好
125292,893,李将云,2020-09-05 17:07:45,0,3,3,老师讲得很好，助教姐姐声音听了会怀孕
125296,893,李将云,2020-09-05 23:03:07,5,6,1,真的，\n\n我信了，\n\n3.0和5.0的距离就是一个将云伯伯
125413,893,李将云,2020-09-08 09:02:13,1,1,0,细心温柔
125416,893,李将云,2020-09-08 09:42:31,-6,4,10,nb，虽然绩点很垃圾
125534,893,李将云,2020-09-11 04:33:22,1,3,2,上的挺好，虽然给分比我想想低
125728,893,李将云,2020-09-13 15:31:08,0,1,1,好好好
125962,893,李将云,2020-09-16 04:54:24,0,0,0,太好了
126014,893,李将云,2020-09-16 12:27:38,2,2,0,将云伯伯！
126138,893,李将云,2020-09-18 05:52:01,3,4,1,老师讲课特别好。对易错易混点会重复地细致地讲解，对难点会反复提醒并不断练习。有问必答。非常认真负责的好老师
126364,893,李将云,2020-09-24 01:36:06,1,2,1,绝对是个好老师，会特别提醒我们疑难点并着重讲，特别是李老师一字一字说的时候，太可爱了！！！
126421,893,李将云,2020-09-26 02:00:21,3,3,0,老师讲的真的很仔细很负责，说话也可爱。我那节的助教真的帅！想不到数院还有如此清秀的研究生。
126472,893,李将云,2020-09-28 02:14:12,1,2,1,李老师特别温柔，讲课仔细认真，特别照顾学生感受，人太好了
126535,893,李将云,2020-09-29 23:51:05,4,6,2,老师超超超超超级棒，但某H姓助教感觉让人窒息。（懂得都懂）
126598,893,李将云,2020-10-06 07:01:12,8,8,0,留学生的我表示：超级棒的老师
126822,893,李将云,2020-10-21 12:35:50,94,99,5,mlgb这么好的老师，我居然还在他的课上玩手机，我真tmd是个傻逼脑残狗日的东西
126990,893,李将云,2020-11-02 02:11:22,0,0,0,啊啊显示
127143,893,李将云,2020-11-10 09:59:33,0,0,0,111
127144,893,李将云,2020-11-10 11:55:06,2,2,0,将云伯伯必须是十分
127299,893,李将云,2020-11-20 01:46:16,2,2,0,李老师老可爱老可爱了，上课超级有耐心，备课也很认真，考前有时间会帮助同学们复习整理
127309,893,李将云,2020-11-20 02:40:44,5,6,1,李将云老师真的很仔细，而且一开始有人玩手机他还会教训，真的很负责！
127331,893,李将云,2020-11-20 07:15:04,1,1,0,超级负责重基础的老师
127471,893,李将云,2020-11-23 10:18:50,1,1,0,没选上伯伯的微积分，但是一节课不落的蹭完所有的课，吹爆！
127490,893,李将云,2020-11-23 12:19:30,1,1,0,两年过去了，每学期都有新的课程，新的老师，但那个能听将云伯伯念文章的课堂，再也回不去了啊
127550,893,李将云,2020-11-24 07:57:55,2,3,1,老师很棒棒！
127859,893,李将云,2020-11-29 03:25:25,14,15,1,“比如你想去一个地方旅游，想坐高铁去，但是没有高铁可以到那里，这并不是说你去不了，只是因为没有高铁而已，同样啊……（回到知识上）”老师经典语录。
128311,893,李将云,2020-12-18 01:00:02,3,4,1,针不戳
128464,893,李将云,2020-12-23 10:02:49,1,2,1,老师是真的好，又要选课了，希望能选上
128535,893,李将云,2020-12-23 15:45:44,3,3,0,上课幽默风趣，很负责任，作业不多但很精，非常细心，我们下课每次都会鼓掌。大一就能遇到这样子的好老师真的很幸运
128590,893,李将云,2020-12-24 08:27:44,6,6,0,桥越高，引桥越长。老师超棒！
128669,893,李将云,2020-12-25 03:27:45,1,1,0,老师讲得很好，思路清楚，进度适中，而且会留出时间专门用来复习
128699,893,李将云,2020-12-25 04:47:05,1,1,0,将云爷爷真的太棒了
128738,893,李将云,2020-12-25 06:16:39,1,1,0,将云爷爷yyds！十分不解释！
128768,893,李将云,2020-12-25 08:17:57,0,1,1,yyds
128816,893,李将云,2020-12-25 14:17:38,1,1,0,好老师无需多言
128905,893,李将云,2020-12-26 15:19:05,7,7,0,微一预置到将云伯伯是我最大的幸运
129125,893,李将云,2021-01-25 04:47:30,9,11,2,呜呜呜，将云伯伯很好，考试的时候他看到我还对我笑，主动打招呼，呜呜呜，是我太菜了，3.6是我太笨了没学好
129130,893,李将云,2020-12-30 08:45:56,1,1,0,救我于水火。
129382,893,李将云,2021-01-05 01:46:21,1,1,0,老师点名吗？有小测吗
129494,893,李将云,2021-01-06 08:53:16,1,2,1,将云伯伯真的炒鸡温柔. 好奇为啥还有人不去听课（比如我），下学期选不上他的课我都哭了(´;︵;`)，一生推
129761,893,李将云,2021-01-12 05:42:08,3,4,1,快选！
129768,893,李将云,2021-01-12 06:34:26,-11,10,21,老师人挺不错，但说句实话，教学水平有点过誉。讲得的确非常细致，但有时候显得拖沓了，上课节奏不连贯。微甲讲的例题也偏浅，这几年题目越来越难，其实可以增加一些难度大点的例题。
129855,893,李将云,2021-01-13 04:23:46,1,1,0,选就对了！老师讲的很好！是我太菜 呜呜呜
130004,893,李将云,2021-01-15 01:09:24,9,11,2,“所以我说，上好一门课真的很难，有那么多东西要学”
130272,893,李将云,2021-01-20 11:54:01,1,1,0,真正照顾学生的好老师，选不上课，上完将云伯伯的最后一堂课，都觉得有点舍不得
130389,893,李将云,2021-01-21 15:06:49,1,1,0,老师很好～
130393,893,李将云,2021-01-21 15:40:03,1,1,0,将云爸爸一生推！
130436,893,李将云,2021-01-22 10:33:40,6,9,3,超喜欢将云伯伯！上课讲的很仔细，Word课件做的很清楚，上课会给我们充足的时间记笔记。人超级好，重要的知识点总是要强调很多次，能让大家都跟上。作为一个数学菜鸡(期末估计60左右)，但是上将云伯伯的课我并不会感到太枯燥，反而会给我一个学下去的动力(讲真考那么差感觉挺对不起jy伯伯的)。还有就是每节课下课都会有掌声！
130672,893,李将云,2021-01-24 07:00:57,3,4,1,将云老师真的好啊。。。
130831,893,李将云,2021-01-25 01:42:29,1,2,1,非常好
130865,893,李将云,2021-01-25 04:48:02,15,22,7,虽然老师只给了我5分，但我要给老师10分
130866,893,李将云,2021-01-25 04:52:26,1,1,0,男神！！！！！我爱他！吹爆将云伯伯！！！！
130968,893,李将云,2021-01-25 12:19:45,1,1,0,将云伯伯永远滴神！拯救了我的微积分真是太感谢了
130986,893,李将云,2021-01-25 13:11:04,7,7,0,感谢助教xgg捞我
131495,893,李将云,2021-01-27 17:41:09,4,6,2,将云爸爸！我真的太爱他了！拯救了我的vjf啊！
133001,893,李将云,2021-02-06 05:28:36,3,4,1,将云yyds！
133212,893,李将云,2022-04-27 14:50:13,5,10,5,智云了老师的线代，最终总评97满了，感恩将云老师，期中考完还有幸和老师打了个招呼，真的很开心呀\n\n【更新】终于选上了老师的常微分，可以在线下见到老师了，常微分最终也满了，将云老师的课果然只要好好听，课后稍微刷一下题就能获得不错的绩点！
133556,893,李将云,2021-03-02 05:59:15,2,2,0,超级好
134034,893,李将云,2021-03-13 03:44:13,127,133,6,李老师的课严重影响了同学们自学能力的培养，使学生对老师养成了依赖性，以至我现在上其他老师的课根本听不懂。所以我不推荐你们选，这样我就能选上了。
134622,893,李将云,2021-04-06 05:55:46,24,25,1,这学期突然对学生严格起来了，会特意点名上课一直玩手机的同学。其实也是为了同学们着想，真的很好，讲的非常有体系也很有耐心
134964,893,李将云,2021-04-25 08:25:32,8,9,1,老师上课很好！而且wc助教也很负责！我的天！vjf真的有救了！
135419,893,李将云,2021-05-10 05:20:14,2,2,0,我有一次走在马路上，就像，这马路上怎么没有马呢？
135502,893,李将云,2021-05-12 06:43:44,10,10,0,yyds\n\n当年甲1不珍惜\n\n现在甲2听了其他老师的课才感受到差距\n\n下学期旷课听将云伯伯的录播了
135718,893,李将云,2021-05-20 15:23:47,4,6,2,进浙大以来最爱的老师之一！还有一位是刘召峰老师（咳咳偏题了）每次上完他的课同学们都会鼓掌(●°u°●)​ 」，没几位老师有这样的待遇了吧，说明将云伯伯真的是很好很好的老师！我永远爱李将云！！！
135754,893,李将云,2021-05-23 21:10:46,-46,14,60,以下内容不针对李老师，仅为我个人在学习线代过程中的疑惑;\n\n1.行列式为何要如此定义，它除了解方程组还有什么作用？\n\n2.矩阵的本质是什么，矩阵乘法为何要定义为前一个矩阵的行与后一个矩阵的列对应元素相乘，它的几何意义是什么？\n\n3.为何我只觉得教材在空降概念，逆序数，矩阵的秩，特征矩阵莫不是如此？\n\n4.为何我觉得教材上的证明佶屈聱牙，思路清奇\n\n5 为何我一学期上下来根本不明白自己学的到底是什么，到底用来干什么的，因为它既不“线性”，也不“代数”\n\n如果自称中国高校TOP3的浙大所开设的一门80%的人都要上的一面基础数学课连这些我认为对初学者来说至关重要的问题都无法回答，甚至上完后除了会算行列式和矩阵外啥都不会，我是否可以断言这门课程的体系设置是很不合理的；同时我注意到本校的线代教材已经使用了20年，这是否意味着线代的教学体系几十年来基本就没变过。\n\n最后，请允许我说，编教材的人是猪，数学科学学院的领导，全是🐖
135842,893,李将云,2021-05-29 05:18:45,6,7,1,很难受，大一刚进浙大的时候在李老师的带领下我是个很上进的学生，但现在大三了我感觉自己就是个废物，觉得很惭愧
135961,893,李将云,2021-06-06 02:12:13,-23,1,24,实在太好了感觉微甲2能上4.5
136671,893,李将云,2021-06-23 00:48:21,4,5,1,太好了呜呜实在太好了这个老师我遇到的最好的老师了
136863,893,李将云,2021-06-26 13:34:55,16,17,1,昨天上完了最后一节微积分课，下课的时候感觉真的很舍不得李将云老师。可惜以后上不了他的课了。\n\n\n\n上了他一学期的课，期末的时候你甚至能有一种不用复习的感觉(当然还是要的)
137187,893,李将云,2021-07-02 06:14:55,8,9,1,将云伯伯是我大学的光
137210,893,李将云,2021-07-02 09:31:20,5,5,0,很荣幸连续两个学期都能上将云伯伯的课......期末考完，让我再看您一眼吧
137255,893,李将云,2021-07-02 14:42:34,-11,4,15,微二讲的真的好，自己的老师一节课没去，临考前看了一周将云的word，今天考试全写出来了，感觉可以上4.8！！我爱将云
137490,893,李将云,2021-07-04 12:54:17,6,7,1,老师还是那么的好~~那么的可爱~~助教wcgg也超级负责。他们认真讲课的模样真的自带光芒，巨帅！！！！！
137848,893,李将云,2021-07-06 10:02:42,2,5,3,没见过讲课比他还好的了，给分也很好，大赞将云伯伯，绝对最好的老师之一，讲课十分细致清晰，还经常补充一些使用技巧，上他的课就是一种享受。
137865,893,李将云,2021-07-06 12:22:09,1,1,0,将云伯伯yyds
137961,893,李将云,2021-07-07 01:37:59,7,10,3,自己老师一学期没上，蹭了半年ljy的网课。最后期末98，满绩了。
138140,893,李将云,2021-07-07 13:05:50,9,10,1,没有微积分课了，以后看不到将云伯伯下课时和大家挥挥手了呜呜呜
138245,893,李将云,2021-07-08 06:39:55,36,39,3,你们都夸将云伯伯，俺偏要夸一夸玉玺giegie
138513,893,李将云,2021-07-09 15:16:49,0,1,1,好老师好老师！！讲解很透彻，真正的关心学生！十分快冲
138725,893,李将云,2021-07-10 13:58:22,9,9,0,李老师yyds！10分！玉玺giegie也是yyds！10分！（希望绩点四舍五入成功！！！！）
138869,893,李将云,2021-07-11 11:52:17,1,1,0,太好了呜呜，难以用言语表达
138903,893,李将云,2021-07-11 16:36:30,3,4,1,还想看他在下课时的挥手
139023,893,李将云,2021-07-12 08:14:13,1,1,0,真的谢谢将云老师，讲得好，给分也真的海底捞，我一个数学奇烂的人在跟老师学习的过程中感受到了学数学和一分耕耘一分收获的快乐
139375,893,李将云,2021-07-15 01:13:27,1,1,0,再也见不到将云伯伯的挥手了，难过
139563,893,李将云,2021-07-17 09:00:12,1,1,0,有一束光
140645,893,李将云,2021-09-14 15:30:45,0,0,0,智云一波，最后上4啦
140773,893,李将云,2021-09-16 03:11:01,7,8,1,选上了才发现用完了本学期所有的运气
141714,893,李将云,2021-10-21 11:41:27,1,1,0,必须满分！
141916,893,李将云,2021-11-01 00:07:22,1,1,0,讲课特别清晰，666点起来
142073,893,李将云,2021-11-05 05:36:51,3,3,0,虽然我微积分学得一塌糊涂，但是将云伯伯真的是很好很负责的老师，很和蔼可亲，会鼓励同学，讲得也很好，能选到他的课真的很幸运。
142288,893,李将云,2021-11-10 01:29:36,1,1,0,这可是李将云啊
143704,893,李将云,2022-01-10 09:07:16,3,4,1,给分太给力啦！
143821,893,李将云,2022-01-08 16:28:26,10,15,5,选啊！为什么不选？！这么好的课为什么不选？他奶奶滴！选！都给我选！！！
144000,893,李将云,2021-12-15 14:25:13,0,0,0,将云 不解释
144071,893,李将云,2021-12-17 08:06:33,1,2,1,他真的超级棒呜呜呜
144089,893,李将云,2021-12-17 11:00:36,1,2,1,封神的课了吧，表述非常之清晰，讲课深入浅出，小白友好，大佬也可以有所收获。
144238,893,李将云,2021-12-21 01:49:42,2,2,0,将云爷爷就是yyds，下个学期冲的课太多了不能选了呜呜
144284,893,李将云,2021-12-21 04:04:23,5,5,0,jybbyyds！！！
144366,893,李将云,2021-12-21 08:04:44,2,4,2,我们将云伯伯啊，虽然很惭愧我的微积分甲二和线代挺差，但是将云伯伯是在楼道里面遇到我都要问我昨天的课听懂了吗的老师。还有我的微积分二助教，我考试没考好，全靠老师捞了，zj哥哥还一直安慰我不要哭(虽然并没有)，不要就此失掉信心，要继续努力学习数学
144471,893,李将云,2021-12-21 16:12:15,1,2,1,超级好，小测让翻书
144793,893,李将云,2021-12-24 00:47:24,1,2,1,云爷讲的超有条理，人太好了呜呜
144850,893,李将云,2021-12-25 06:42:45,5,6,1,冲上十分！
144866,893,李将云,2021-12-25 09:15:22,5,8,3,将云伯伯真的太好了 教学水平一流 上课踏踏实实认真听他讲 绩点绝对上4 数学菜鸡微一3.3微二都被他救上4了\n\n除此之外 在路上和他打招呼 他能认出你 然后笑着回应你甚至还会微微鞠躬\n\n即使已经一学期没上他的课了 在选课系统里看到将云伯伯还是进来看看\n\n不多说了，要落泪了，将云真好155551
145143,893,李将云,2021-12-27 16:42:35,8,9,1,vjf12都是将云伯伯班的🥺 讲的真的特别好 将云伯伯YYDS ！！！\n\nwc助教也超级棒！（以后可能再也遇不到这么认真负责，上完课把作业解答发群里、还是一题多解的助教了🥺）
145760,893,李将云,2022-01-01 14:30:24,2,2,0,无敌好老师
145838,893,李将云,2022-01-03 08:04:35,3,4,1,真的超级好，尤其是微2，老师讲的清楚，助教捞的狠\n\n无敌巨好。（明天电路散点人品
146034,893,李将云,2022-01-05 07:03:02,6,8,2,为什么没有100分？
146050,893,李将云,2022-01-05 08:54:07,16,16,0,虽然是理科生，但是只是为了选专业走的路，初高中以来内心一直都对数学很恐惧呜呜。将云伯伯真的能让人觉得很安心！每节早八的微积分都会提前半个小时去坐前排，上课会认真听认真做笔记，虽然我解题还是比较菜，但期末完全没有补天什么都不会的无力感，自己再整理一下平时讲过的东西就可以直接上考场了。在考场上看到将云伯伯的时候考前的焦虑完全烟消云散了。\n\n——他好像在用全部的热情告诉我，不用怕。
146215,893,李将云,2022-01-11 07:35:44,31,35,4,找到将云老师的主页 爱好：爬山\n\n他带着我们爬过一座又一座高峰。\n\n这学期最对不起的就是将云老师，微积分给的时间相当少，而且后期都是在“云端”观课，困倦的我真的很对不起李将云老师\n\n还有我王灿兄弟\n\n在考后我问他这门课有没有正态，他说不知道。后来他在钉钉上问我本科生绩点评分机制是什么，我把表发给他时感觉我们全班人的命运都在那张表上了。\n\n接下来的几天里，他就根据那张表，把我们所有人都捞起来了。
146285,893,李将云,2022-01-06 06:48:13,7,8,1,每次下课贴心地提醒同学们注意天气，注意身体健康，李伯伯人真的很好！
146488,893,李将云,2022-01-06 16:22:55,10,10,0,我喜欢助教呜呜呜
146944,893,李将云,2022-01-08 06:32:29,8,12,4,哇😭 😭 😭 😭 凭什么换我预置，我还想要将云伯伯和灿宝，真的太好了
147069,893,李将云,2022-01-08 14:53:02,11,15,4,数学一直以来是硬伤，学得很没有自信。高中数学也不是很好，大学要学微积分也是很慌张，这学期刚入学就有幸选上了将云伯伯的课，一个喜欢拿word当ppt用的神奇老师哈哈哈哈。我承认自己对数学有点自暴自弃，纯靠考前补天，但是最后的最后，期末竟然还是拿了3+的绩点（因为看了解析我期末真的错的很多。。。我自己都觉得要挂了的程度，所以超过太多预期了）！！！！\n\n我相信我的数学水平很底层了，所以如果你稍微好好学，拿4+会比想象的轻松很多的\n\n真的很感谢助教灿宝和将云老师海底捞！！！我也感觉挺惭愧。遇到了很好的老师和助教，他们都希望我们不要因为数学不好而放弃数学。让我感觉到了好好学真的有希望的感觉。总之很感动，感觉很温暖，也没有哪一个助教会这么可爱了！！！！下学期时间冲突啦，不知道以后还会不会再见到，但是有了一股我能学好的动力！
147088,893,李将云,2022-01-08 15:37:38,7,8,1,真的讲的又好又清晰，还会专门停下来让你记完笔记，上课氛围很好，大家都很认真，最后真的会捞，被狠狠捞了一把，爱了
147093,893,李将云,2022-01-08 15:42:09,18,19,1,记得将云伯伯每次下课时都会朝我们挥挥手\n\n记得有次下课了我还在收拾书包 将云伯伯走过来 亲切的问我有没有听懂\n\n记得王灿助教为了我们 都会把本应四点半下课的习题课上到五点半甚至六点\n\n记得我也总是留到习题课的最后 抱着一堆问题去骚扰助教哥哥…\n\n很幸运的在大一上遇到将云伯伯和灿宝（预置！\n\n拯救了在微积分中痛苦且迷茫的我\n\n下学期的预置课已经不是将云伯伯的课了\n\n也许这会是很长一段时间的告别 但我和微积分的故事还在续写着\n\n带着将云伯伯&灿宝的鼓励 \n\n永远的 对微积分充满热情吧！！
147117,893,李将云,2022-01-08 18:47:06,8,8,0,给101分都不为过，将云老师太好了，选他正解！！！只能说自己非常幸运，没看查老师都能选中一个那么好的老师，最喜欢听李老师讲课啦！\n\n最幸运的是还遇到一位人美心善的女助教！老师每次上完课，还不忘把答案发群里，而且还是一题多解。遇到不会的还可以私信老师，非常给力！！希望接下来的大学三年都能遇见那么好的助教‼️感谢老师神助手给捞一把！ 微乙2还想选，可惜课程冲突，选不了李老师的课，难过😭
147118,893,李将云,2022-01-08 18:55:01,1,1,0,谢谢您李将云老师，我的海底捞英雄😭
147157,893,李将云,2022-01-09 02:30:19,0,2,2,yyds
147226,893,李将云,2022-01-09 07:43:46,21,24,3,在评价老师的网址看到老师的照片时，感触颇深，原来我们的将云伯伯也如此意气风发过，只不过如今他收起了万丈豪气，甘愿做一位先生，教书育人。他将所有的热情幻化对我们的悉心教导，凝聚成那一页页word和“我们的同学都很棒，笔记做得很清楚”、“天冷了，大家多穿衣服”。
147274,893,李将云,2022-01-09 11:00:48,3,7,4,爹！！
147518,893,李将云,2022-01-10 06:31:35,-5,8,13,怎么没有显示老师教微乙😍😍这学期见证了一次李老师发怒，因为课堂上有前排同学玩手机。老师真真真负责，不让任何一个同学落下。虽然我菜菜，只能捞一个4.2走人。
147595,893,李将云,2022-01-10 09:17:23,0,3,3,永远滴神
149750,893,李将云,2022-01-16 16:27:04,0,3,3,将云伯伯yyds无需解释！他用所有的热情和耐心告诉我们数学不用害怕，我们都可以！
150019,893,李将云,2022-01-18 09:45:35,0,3,3,我永远喜欢ljy和助教呜呜呜呜
150156,893,李将云,2022-01-19 14:00:18,6,11,5,超级喜欢李将云伯伯！！\n\n一直以来数学都不好，理解慢，算数也慢，早已习惯数学课跟不上节奏课下自己去补的日子。但是在将云伯伯的课上真的没有跟不上的情况！如果将云伯伯看到同学课堂例题没算出来有时还会专门停下来等！真的有被感动到！哪怕是笨学生也会被老师关心到啊😭\n\n以及大爱助教灿宝，讲题巨认真负责清楚！钉钉上问他题也读超快回答超认真！\n\n为了选伯伯和灿宝下学期的课几乎退光了预置课表，所幸选中啦！下学期要继续努力学习微积分！
150391,893,李将云,2022-01-24 06:06:32,1,4,3,把预置课表几乎全动了一遍就是为了选将云伯伯的微乙二（运气爆棚选上啦！）数学差了这么多年的理科生硬是因为他喜欢上了微积分。
150605,893,李将云,2022-02-03 13:32:32,-2,4,6,"{""launch_rec_request"": {""content"": {""extra_key"": ""cid=&lid=&mod_id=416&page_id=4&task_id=58279&task_owner=28&timestamp=1643878833652&vid=""， ""task_owner"": 28}}"
150726,893,李将云,2022-02-16 05:57:28,0,3,3,李老师真的很好 思路超级清晰 很懂学生的痛点在哪里 最后一节课他和我们告别的时候 反正我是有点想哭了
150940,893,李将云,2022-02-21 07:17:24,0,3,3,去年因为选不上好老师的线性代数甲，自己按照录播看的李将云老师的课，真的可以！最后大致能有个4.5（注：加上缺少的mooc分后，自己选上的老师连做mooc通知都没有，导致直接刷掉，0分）
151245,893,李将云,2022-02-25 10:15:04,0,3,3,很好的老师
151648,893,李将云,2022-03-10 08:20:08,0,3,3,我爱李老师！李伯伯yyds
151707,893,李将云,2022-03-13 06:54:02,27,30,3,“我请一个同学来回答一下……”\n\n！！！今天又要刀谁了？
153028,893,李将云,2022-04-25 12:55:38,9,13,4,58分，真的一点也不调。\n\n但是教学能力没的说\n\n所以还是给10分，\n\n常微分真的要好好学，144个人能挂掉17个。\n\n我只能来年重修了。
154922,893,李将云,2022-06-07 02:13:25,3,4,1,微一随便选然后运气爆棚选上将云\n\n微二把预置课表几乎全部动了一遍空出时间选上将云\n\n现在线性代数在刷他两年前的智云\n\n将云yyds!
155411,893,李将云,2022-06-12 09:17:02,3,5,2,两个学期的微积分都是将云伯伯上的 第一个学期很幸运地选上了 第二个学期被预置了其他老师 所以每节课都会爬到将云伯伯的智云里 这个学期的最后一节课 看到将云伯伯最后一次挥手的时候 我真的好难过 以后都看不到将云伯伯向我们挥手说再见了 将云伯伯真的真的是很好的老师 我最对不起他的一件事就是只能给他打十分
157180,893,李将云,2022-06-23 03:44:59,11,12,1,微乙2的菜鸡前来怒刷好评！期中考空间几何线代没学好考炸了，期末估分只有50以为要挂了，没想到被捞到上岸了呜呜呜呜\n\n对于数学基础薄弱的同学来说将云伯伯真的是保命神仙哇。上课思路清晰易懂新知识可以从零开始入门，大多数时候还是很和蔼的（除非你玩手机被抓，那实惨会被骂个两分钟吧），考前两周就不布置作业了让我们好好复习，最后两周都在讲重点的PPT，非常实用，差不多整本书都捋了一遍。如果选上的同学一定要好好珍惜哇，我都对自己的学习态度感到羞愧了配不上云伯伯和助教的善意，如果能重来真的不拿个3.9都对不起他们。\n\n对了还要表白一下助教姐姐，赵小姐姐真的人美心善，考期中就跟我们说别紧张自己很会捞人的（确实是海底捞），平时每次习题课的板书都很全面很细，听不懂的题下课直接去问她会很耐心地给你讲，作业来不及当天交也可以在钉钉上私发助教姐姐，真的好温柔又票酿！我都想找一个助教姐姐这样的npy了（想peach)。
157184,893,李将云,2022-06-22 08:00:27,3,4,1,两个学期的微乙都是将云伯伯的课，老师讲的条理清晰，节奏适中，内容深入浅出，最出名的就是那句桥越高引桥越长。上课只需要跟着老师PPT走就OK了，学不好真的只能是自己的问题，助教哥哥和小姐姐也贼棒，海底捞大师
157186,893,李将云,2022-06-22 08:09:16,1,1,0,将云伯伯真的很棒！上课会提醒玩手机的同学，知识点讲的很细致，我这种数学基础不好的菜菜也能够理解，如果上课笔记跟着记下来复习就没什么大问题了。总之就是很幸运能遇见将云伯伯和助教小姐姐～
157202,893,李将云,2022-06-22 09:00:47,0,0,0,将云伯伯一步一步带学生带的真的很贴心，让我梦回高中数学老师😭😭期末基本都没怎么复习全靠将云伯伯平时的监督和细心教导，今年卷子虽然很难但考的还不错，全是沾了伯伯的福气啊伯伯😭😭😭👊
157342,893,李将云,2022-06-23 04:11:27,8,9,1,我上辈子一定是拯救了世界，这辈子才能遇见将云伯伯这样的好老师和王灿gg这样的好助教🥺
157406,893,李将云,2022-06-23 06:40:20,4,4,0,好舍不得他！！将云伯伯真的很好很体贴，希望他身体健康生活快乐呀
157539,893,李将云,2022-06-23 16:11:24,9,10,1,微一微二都很幸运，预置到李将云老师×王灿哥哥的搭配。本人属于没有什么数学思维的类型，将云老师的讲课方式真的对我这种小白非常友好，而且抓玩手机的同学很严格，只要别玩手机分心，上课一步一步跟着老师走一定可以听懂。从微一期中刚刚及格，到微一期末被捞上四，再到大一下狠狠花时间学微二，最后满绩，没有将云老师和助教可能真的无法得到这么好的结果。想由衷地说一句，能遇到他们两位是我大一最幸运的事情了。
158449,893,李将云,2022-06-29 10:27:38,11,11,0,没有什么能形容将云伯伯的好。\n\n祝伯伯身体健康，万事如意～
158538,893,李将云,2022-06-30 05:43:21,6,8,2,谢谢您，在您的课堂上我顺利从高中过渡到大一。
159165,893,李将云,2022-07-07 08:34:17,11,12,1,为什么没有一百分，十分太少了吧
159748,893,李将云,2022-08-28 01:32:07,6,6,0,太强了
160217,893,李将云,2022-09-15 05:52:42,4,4,0,遇到这个老师，是我的幸运
160808,893,李将云,2022-10-13 07:29:15,0,1,1,666
161025,893,李将云,2022-10-24 07:40:04,1,1,0,何其有幸
161150,893,李将云,2022-10-29 13:04:06,14,15,1,他让我觉得浙大还有希望
161534,893,李将云,2022-11-08 08:59:25,12,14,2,写这条评论时我已经大三了，为了数学竞赛再一次翻开微积分的笔记，回忆起将云伯伯上课带我们强调的一个又一个知识点，我不禁赞叹李将云老师真的是我大学以来遇到的讲课最清晰的老师了，能在他的带领下走近数学的世界是我的幸运
162153,893,李将云,2022-11-17 06:27:26,0,0,0,课讲得非常清晰，人也非常好，好老师
162229,893,李将云,2022-11-18 03:59:00,0,0,0,太好的老师
162320,893,李将云,2022-11-20 04:14:40,1,2,1,给分超好，错七道大题最后87
162388,893,李将云,2022-11-21 11:30:08,5,6,1,李老师，祝您身体健康，万事顺意！
162624,893,李将云,2022-11-30 02:00:38,1,1,0,真的很幸运，选上您的课
163435,893,李将云,2022-12-14 09:47:13,9,9,0,真的很感谢在大一就遇到了将云伯伯，讲微乙特别清楚，很幸运下学期预置课也是他的。
163730,893,李将云,2022-12-16 04:22:52,1,1,0,和蔼幽默，上课非常非常用心，人也超级好，就很明显觉得老师是为了我们好
163790,893,李将云,2022-12-16 06:06:35,0,0,0,李老师人特别好，很和蔼，讲题讲的很细致，很照顾基础不好的同学。他在上课的时候还会用有趣的比喻来帮助同学理解。他是我最喜欢的老师，可惜，下一学期不能上他的课了。
164040,893,李将云,2022-12-17 11:36:00,1,1,0,数学稀烂，但是微积分成绩自认为很可以！特别喜欢李老师
164052,893,李将云,2022-12-17 12:44:28,4,6,2,超级好超级可爱的小老头！！！每次上课完还会和大家挥手再见！超级可爱超级可爱！！上课很认真也很细致！！！虽然我觉得我自己原因没有学的很好但是真的很感谢他！！！还有助教王老师也超级好超级捞！！！！！！！啊啊啊啊好爱他们呜呜呜呜
164214,893,李将云,2022-12-19 08:25:02,0,0,0,好喜欢将云老师的课
164476,893,李将云,2022-12-21 07:32:30,3,4,1,超级喜欢ljy的上课节奏，可惜下学期不能继续跟老师学了呜呜
164826,893,李将云,2022-12-26 11:30:51,7,9,2,将云真的很好很好，我大一觉得最幸运的事情之一就是选上了将云的微积分。还有助教wjxgg虽然看起来很高冷、、、但上课讲题什么的都很温柔，他们两个加起来就是真正的豪华升级版海底捞……我期中考试只全对了五六道题，只能说是全填满了，居然有84，他们真的，我哭死55
164948,893,李将云,2022-12-28 03:42:29,17,21,4,他不需要做什么很特别的事，但是一言一行一颦一笑都让你内心深处生发出细微的感动
164949,893,李将云,2022-12-28 03:42:29,2,4,2,他不需要做什么很特别的事，但是一言一行一颦一笑都让你内心深处生发出细微的感动
165180,893,李将云,2022-12-30 02:13:46,1,1,0,喜欢老师
165470,893,李将云,2023-01-06 15:11:30,12,13,1,为什么给10分？\n\n因为满分只有10分。
167593,893,李将云,2023-01-17 13:48:44,0,0,0,好喜欢老师！
168657,893,李将云,2023-02-20 15:29:36,1,1,0,ljy好呀！！！！
168658,893,李将云,2023-02-20 15:32:59,0,0,0,真的会捞人，老师和助教gg人都好好，我哭死😭😭😭
168731,893,李将云,2023-02-21 13:06:36,5,5,0,循循善诱，微乙的推进速度和讲课风格非常适合基础不好的社科生
168970,893,李将云,2023-02-24 01:36:46,1,2,1,老师真的超级认真负责，会提醒上课不认真听讲和睡觉的学生，从第三节课开始就再也没有人不认真听了。\n\n老师讲课思路很清晰，笔记很全，记好笔记之后基本不用看书，看笔记就行了。他会把重点反复讲好几遍，防止大家没听清。\n\n老师和助教都会很耐心地答疑。
169094,893,李将云,2023-02-24 09:18:50,2,2,0,听过都知道，yyds
169351,893,李将云,2023-02-25 13:54:11,7,9,2,一个从来没有上过他的课（甚至完全不认识他）的学生看了下面的评论决定再刷一个10分\n\n谢谢您让我用这种方式认识您\n\n希望我浙能有更多这样的老师
169371,893,李将云,2023-02-25 15:34:14,1,1,0,老师上课很认真很仔细，讲课很有节奏和魅力，不过切忌上课玩手机！感谢老师和助教，挺能捞的~将云伯伯俺不想离开你，俺还想上你的微积分二www
169570,893,李将云,2023-02-27 03:26:18,2,3,1,老师非常好，选上他的课是我的幸运啊啊啊
169614,893,李将云,2023-02-27 06:45:27,3,5,2,非常好的老师！发现有同学在课上玩手机会很凶，但对于自制力差的我来说真的很需要这样的老师。\n\n跟着将云伯伯一步步学微积分，数学渣渣竟然也上4了
169924,893,李将云,2023-02-28 11:53:07,0,0,0,很好的老师，助教也挺好的非常值得
170742,893,李将云,2023-03-09 03:15:18,1,1,0,没啥可说的，10分满上
170826,893,李将云,2023-03-10 06:27:10,0,0,0,太棒了
170838,893,李将云,2023-03-10 08:18:03,3,3,0,斯巴拉西，真的斯巴拉西
171180,893,李将云,2023-03-17 14:37:02,3,3,0,好想将云伯伯 呜呜
171390,893,李将云,2023-03-23 05:51:52,15,15,0,上了第一节课就知道为什么老师能有10分\n\n啊啊啊啊啊啊啊啊啊怎么会有这么好的数学老师😭😭😭\n\n不用预习不用看书，就跟着他的思路听课完全没有问题\n\n呜呜呜还是感慨——怎么会有这么好的老师😭😭😭怎么会😭……\n\n可惜将云伯伯这学期没开微甲呜呜呜，只剩四节课的常微分我好好珍惜呜呜呜呜
171423,893,李将云,2023-03-24 01:37:23,5,5,0,上学期学了将云哥哥的微乙，呜呜呜真的很喜欢他上课，本来我是数学特别垃圾的人，听他上课觉得好有意思，数学也慢慢学好了。老师助教给分也很好，很会捞😍
171572,893,李将云,2023-03-29 06:14:05,9,10,1,将云伯伯真的，我哭死\n\n上个学期选了他的微乙，让我这个刚进大学的小白顺顺利利学会了微积分\n\n刚刚在走廊上碰到他，他居然认出了我还跟我打招呼\n\n将云伯伯一定是世界上最好的数学老师\n\n好可惜他不开微甲aaa我真的还想上他的课
171775,893,李将云,2023-04-05 02:13:13,0,1,1,666
173190,893,李将云,2023-05-15 09:49:38,3,6,3,【常微分】老师是好的，出分是慢的，助教是不会捞的（一路看下来基本都卡绩）
173274,893,李将云,2023-05-17 10:45:11,1,1,0,很喜欢，讲课有风格，包会
173369,893,李将云,2023-05-21 16:13:02,0,0,0,老师太好了！常微分给分也很好，会捞的！而且他的课是我为数不多的能全程集中注意力的
173989,893,李将云,2023-06-05 13:08:12,0,0,0,李将云老师是一位非常优秀的老师，他讲课思路清晰，重点突出，只要认真听课，一定会大有收获
174404,893,李将云,2023-06-12 02:37:34,4,5,1,老师真的很认真负责，会批评学生上课玩手机，但是这样我才拿到了现在为止数学的最高分，感谢李老师！也希望李老师身体健康！
174763,893,李将云,2023-06-17 06:49:38,18,20,2,“感谢大家一个学期以来的陪伴，祝大家期末考试取得好成绩”说完像往常一样挥手告别，我在教室里一直没走，像无数次老师目送着我离开一样，目送着他给同学答疑完收拾好提包一步步走出去
174775,893,李将云,2023-06-17 12:24:53,1,2,1,上的常微分 只有一个春学期 时间比较少。但是依然能感觉到老师上课条理很清晰，很有目的性的那种 还会停下来让我们拍资料，真的非常好。
175353,893,李将云,2023-06-24 06:52:51,1,1,0,泰棒辣
175365,893,李将云,2023-06-24 08:38:04,8,8,0,最棒的老师 大学生活中唯一感觉到的那种老师把你真真切切当作是学生，会耐心的讲解 也会给一些人生的引领 好老师每次下课都会掌声一片
175627,893,李将云,2023-06-26 02:58:14,23,23,0,巨好巨好的老师\n\n1. 把每一名学生都当作自己的孩子看，像高中老师那样关心你（在走廊能认出来你+问问你上课能不能听懂）+督促你学习（上课刷手机会很严肃地批评）\n\n2. 上课极为用心（word课件非常细致，会列出每一节的大纲、每一节之前所有需要复习的东西、每一道例题的详细步骤，你完全可以不预习甚至不带书去他的课堂）\n\n3. 能够照顾到每一个学生的水平（时常说的一句话就是“我就当你们都没听懂，我再讲一遍”），就算没有数学思维，从头到尾跟下来他的课也没问题的\n\n4. 巨能捞！22-23春夏微积分期末前所未有的难（指和近四年历年卷一道原题甚至类似的题都没有+整张卷子全是难题），但是只要平时分不那么离谱的（指作业没交几次，小测缺考之类）最后一定一定都能捞及格的！www\n\n5. 22-23春夏开始点名了（用数字点名，因为将云伯伯知道有人在智云线上听），有将云伯伯这么好的老师大家真的听一听吧QAQ，能听出来早八到课率不到50%将云伯伯是很痛心的
175651,893,李将云,2023-06-26 04:52:19,14,16,2,jy伯伯真的很好啊😭😭😭😭😭😭😭😭上课很有引导性，然后会监督你不让你玩手机，讲的也非常明白，最后期末考的烂烂的也被捞了，助教gg也很好，微乙选jy伯伯绝对没错😭
175694,893,李将云,2023-06-26 08:12:05,-16,2,18,老师我上课真的听不进去，但是我不知道为什么
175783,893,李将云,2023-06-26 14:40:23,4,4,0,谢谢你李老师一学期的教导 祝李老师身体健康
177522,893,李将云,2023-07-03 14:47:30,6,8,2,李老师真的是一个很好很好很好的老师。我是文科生数学很烂，微一是x老师（另一个很求是的老师），学的不明白考的很烂，微二上的是李老师的班，李老师讲的超认真，很慢很详细，真的很适合像我这种数学基础不是很好的学生。成绩也有了很大的提升（这次微积分期末考很难，多亏了老师和助教捞捞）如果我在微一就遇见李老师就好了。\n\n总而言之，学弟学妹大胆选，将云伯伯入股绝对不亏！！！
178324,893,李将云,2023-07-10 04:55:14,5,7,2,将云伯伯我的爹爹
179416,893,李将云,2023-09-15 02:46:12,1,1,0,将云伯伯特别特别特别好！
179694,893,李将云,2023-09-19 10:55:48,1,2,1,将云爷爷特别特别好！！！！！！！！
180309,893,李将云,2023-09-21 05:12:00,2,2,0,将云伯伯是神！！！
180600,893,李将云,2023-09-23 09:27:07,0,0,0,李将云老师超赞，讲得清晰，作业难度不大
180711,893,李将云,2023-09-25 08:06:07,2,3,1,好老师啊
180874,893,李将云,2023-09-27 11:26:24,10,12,2,什么是好老师，就是连讲三节课下课的时候大家还是会自发地给他鼓掌，每次都如此。大家学了这么多年，还是能感受到什么样的老师是真正的为人师表，真正的为同学考虑。李老师，他真的，刚开始上课就已经为以后结课的告别感到伤感了，太可爱太温柔的老师，比我初中老师还要细心耐心！爱他！
181179,893,李将云,2023-10-11 02:48:02,-10,8,18,可能有点严厉
181199,893,李将云,2023-10-11 14:50:39,7,7,0,好老师啊
181450,893,李将云,2023-10-18 06:13:18,10,10,0,学不好会觉得对不起他的老师
181985,893,李将云,2023-11-07 09:12:06,3,6,3,李老师身体不好，经常检查完身体或者带病上课，非常负责，而且讲得超级好。让我选一万次我都选李老师的课
183291,893,李将云,2023-11-23 13:00:35,1,1,0,李老师真的特别负责！
183364,893,李将云,2023-11-24 05:55:30,1,2,1,只希望下半学期的课还能选到将云伯伯的课，课讲的也好人也好
183399,893,李将云,2023-11-25 02:27:37,6,8,2,将云我男神，浙大第一美男
184070,893,李将云,2023-12-08 00:20:15,8,8,0,相信我，微甲无脑冲童姥姥，微乙无脑冲将云伯伯
184126,893,李将云,2023-12-10 07:28:15,1,1,0,很认真很可爱
184365,893,李将云,2023-12-18 08:17:11,3,4,1,老师超级耐心超级好！！！讲课更是没得说~\n\n上课禁手机这件事让我好好听课，还会温柔地提醒同学们注意天气之类\n\n一整个爱住了
184442,893,李将云,2023-12-20 00:44:50,5,7,2,绝对对得起10.00
184690,893,李将云,2023-12-22 07:52:24,5,6,1,对微积分路转粉只需要将云老师的一节课
185140,893,李将云,2023-12-26 14:02:33,8,9,1,将云伯伯课讲得超级好，问问题也很耐心回答，就是上课绝对不要开小差或者玩手机，被抓到会比较惨。而且，他主要教微积分乙，选中他的课还是非常容易的。但是，我下个学期要学微积分甲了，只能期待常微分方程能再遇到他吧，衷心地感谢这位老师！（真的让我想起了藤野先生。。。。。。）
185179,893,李将云,2023-12-27 03:07:51,2,3,1,蒲cn助教哥哥真的太好啦！实在是不喜欢微积分所以对将云伯伯的讲课感触不大，但是特地来给助教哥哥评分，真的性格好负责任温柔善良聪明帅气（？）讲课认真半夜帮做题消息全回理解学生工作负责听取建议神仙助教！！！
185941,893,李将云,2024-01-06 08:34:07,5,7,2,啊啊啊啊啊将云伯伯是特别特别好的老师！！！运气很好预制了他的微乙一www老师上课讲解非常细致，笔记很多（u1s1），但是全程都跟上是完全可以听懂的，除了下课前半小时可能（猜测）需要赶进度而讲得有点快，特别特别好的老师www想打100/10，。最后一次课找老师签了个名，“考试顺利”！
186212,893,李将云,2024-01-09 12:33:27,6,6,0,非常好非常好的老师！！上课会问大家听不听得懂，还会经常重复他觉得重要的，经常说他自己是一个“很啰嗦”的人哈哈哈哈哈\n\n有时候有点幽默的\n\n最后一句话是“以上十组题，祝我们同学十全__美，旗开__胜，考试__利。”\n\n很浪漫很温柔的爷爷
186448,893,李将云,2024-01-11 06:33:13,3,4,1,李老师就是最棒的！
186656,893,李将云,2024-01-12 11:11:36,3,3,0,能上将云老师的课是一种幸运，上将云老师的课是一种享受。
186688,893,李将云,2024-01-12 13:31:11,1,1,0,爹！！！
186737,893,李将云,2024-01-13 01:23:33,0,3,3,不要担心，微积分每次将☁️伯伯的班级都是最后一批出分的，你猜将☁️伯伯在干什么
186898,893,李将云,2024-01-13 12:52:10,4,4,0,老师真的超级棒
187075,893,李将云,2024-01-14 10:43:30,1,2,1,好老师！
189081,893,李将云,2024-01-21 15:25:24,7,9,2,将云伯伯我的神orz\n\n上课经常强调，“我对同学们很苛刻”\n\n这样督促你学习的老师真不多见了\n\n讲得也超仔细
190710,893,李将云,2024-03-15 11:32:06,19,19,0,我的记性并不好，以下的话语恐怕与云伯伯的原句多有出入。\n\n“我对你们真的很苛刻。”\n\n“上课绝对要专心，不要摆弄手机。开始摆弄手机，到最后就只会摆弄手机。”\n\n“来，你来回答一下这个问题。”\n\n“我们的同学要基础扎实、掌握方法、见多识广。”\n\n“黄天荡之战，宋军围困金兀术，岳飞叫手下将领傅庆不要喝酒，他说我就要喝酒呀，最后就被杀了，金兀术也逃跑了。我们同学也要吸取教训。让你别用洛必达，你就不要用，基本概念先弄懂，不然你逻辑就是混乱的。”\n\n“求导就像从宿舍走到这里上课，积分就像从这里倒着走回寝室，一个不注意就掉进启真湖里了。积分的时候也要小心，一步一步走扎实。”\n\n我至今仍为那个早晨，在他的课上打了瞌睡而深感愧疚。
191364,893,李将云,2024-04-18 12:48:48,5,6,1,常微分方程，是很好的老师，大学第一次上两节课不看手机，发现原来90分钟可以学那么多东西，讲的很细致包听懂的，会从学生角度考虑，word文件会考虑到公式在一个界面放不下再写一遍，会尽可能让学生方便做笔记
191386,893,李将云,2024-04-19 03:44:59,16,17,1,雷达点名。\n\n以及，真的不要在他课上摆弄手机，会被叫起来回答问题（而且被叫起来的同学的确都回答不出来）但是真的很需要这样的老师啊啊啊，不然我一个学期只会摆弄手机……
191402,893,李将云,2024-04-19 10:59:16,8,10,2,教学质量浙大顶流。说的不知道是什么地方的口音，反正我听着很舒服，让人有种安心感。
191553,893,李将云,2024-04-24 17:16:42,3,6,3,求老师常微分捞一下吧
191602,893,李将云,2024-04-25 15:46:54,0,5,5,常微分，我死了，老师根本不捞，上课比较清楚，但很僵硬
191605,893,李将云,2024-04-25 16:09:11,-6,5,11,课上的很好，讲得很细致，很关心学生\n\n但人和助教太求是了点，这次期末常微分难成这样，一点也不捞，有点寒心了，不知道别的班会怎么样\n\n综合上述考虑，我给出8分\n\n建议基础好能自学的同学去学别的会捞的老师，基础较差的同学可以选李jy
191607,893,李将云,2024-04-25 18:23:06,0,1,1,老师好，常微分坏！
191609,893,李将云,2024-04-26 00:11:18,3,5,2,楼下2楼的寒心什么，捞是情分，不捞是本分。\n\n本人这学期常微分是lz老师，再结合gch老师、xx老师等班上的情况，可以负责的说，这学期常微分应该所有班都没有捞。所以“换一个捞一点的老师”这种说法就不存在。\n\n而且，或许这已经是捞了过后的结果了。谁都知道24春学期常微分期末考得有多变态。
191645,893,李将云,2024-04-26 13:00:51,2,3,1,常微分期中赋分，大概率倒赋分（虽然好像不止这个班）
191652,893,李将云,2024-04-27 01:27:57,3,3,0,上的是老师的常微分方程。\n\n课讲得非常好，思路非常清晰。上课不允许摆弄手机，否则会被暴击一节课（doge）冲冲冲！
191654,893,李将云,2024-04-27 07:03:58,0,4,4,干掉你ode的，不是难到爆的期末，而是简单到爆的期中
191819,893,李将云,2024-04-30 16:52:16,4,4,0,不得不承认，李将云伯伯讲课在众多老师里还是独具特色的，知识点也全面，清晰有重点，同样不得不承认的是，期末题目难，基本不给捞，绩点低，可能是常微分特色吧
191895,893,李将云,2024-05-04 07:04:41,0,0,0,将云伯伯我的男神！！！上课很清晰，听得最认真的数学课，虽然最后成绩不尽人意，也是师强我弱了哈哈哈
192273,893,李将云,2024-05-13 08:57:38,1,2,1,老师是真的负责，我常微是真的菜
192808,893,李将云,2024-05-30 15:37:44,0,0,0,非常好的老师
192810,893,李将云,2024-05-30 17:22:28,0,0,0,老师真的人超级好！课下对学生问问题超级有耐心，是一位和蔼可亲又幽默风趣的好老师！是真正的人民教师！在讲比较难的知识点时经常会那生活中的具体例子引入，课间也会主动去问同学们上课情况。选李老师的微积分绝对是入股不亏！
192964,893,李将云,2024-06-01 08:55:55,2,2,0,好 绝好 无需多言 刚上大一很迷茫，上老师的课感觉很爽，超级细致，讲课很容易懂
194139,893,李将云,2024-06-22 06:59:49,4,4,0,常微分上的超级好！很严格，上课迟到和玩手机都会被批评，但也是这样的环境下我才认真听了每一节课，才能考出不错的成绩。如果你想好好学常微分的话一定要选将云爷爷！
194148,893,李将云,2024-06-22 08:34:05,3,3,0,永远的好老师，永远的满分，如果早知道微积分一就选李伯伯了，选李伯伯，准没错！
194155,893,李将云,2024-06-22 09:05:06,1,1,0,好爱李伯伯！
194330,893,李将云,2024-06-23 08:50:46,1,1,0,真的很好很好很好很好！！！
194840,893,李将云,2024-06-25 15:58:33,0,0,0,很喜欢的老师！
194920,893,李将云,2024-06-26 02:35:57,1,1,0,老师很用心，虽然管得比较严格，但是课的质量很好
195515,893,李将云,2024-06-28 13:00:25,1,1,0,非常好的老师
195516,893,李将云,2024-06-28 13:30:06,5,5,0,微积分I，II都是他的课\n\n将云伯伯好，无需多言。
195974,893,李将云,2024-07-01 03:20:06,0,0,0,yyds，可惜不交微甲
197035,893,李将云,2024-07-07 00:39:34,6,6,0,师者风范
198228,893,李将云,2024-09-05 11:03:51,0,0,0,将云伯伯~
198385,893,李将云,2024-09-08 12:02:37,0,0,0,神，无需多言
198550,893,李将云,2024-09-10 02:02:10,0,0,0,好哦好哦
198992,893,李将云,2024-09-13 16:33:51,0,0,0,讲的很好
199280,893,李将云,2024-09-20 10:36:14,1,1,0,🥰🥰🥰🥰
199281,893,李将云,2024-09-20 10:37:22,2,3,1,泰国丸美
199428,893,李将云,2024-09-23 09:23:38,9,10,1,就凭将云伯伯在钉钉群里给我们疑难点的详细解答和一句句“同学们辛苦”，这10分我给定了
199872,893,李将云,2024-10-05 13:45:46,14,16,2,数列的～～～极限
200252,893,李将云,2024-10-15 07:04:50,3,5,2,必须十分，讲得特别好
201407,893,李将云,2024-11-02 03:31:31,0,1,1,老师真的好认真，好喜欢老师
201421,893,李将云,2024-11-02 11:20:03,0,2,2,将云伯伯真的很好！
201423,893,李将云,2024-11-02 11:24:40,0,2,2,真的很伟大很好的一位老师
201425,893,李将云,2024-11-02 11:36:47,6,8,2,特别认真特别负责，对课堂纪律要求很高，讲的也超级好，脑袋笨笨的也能听懂，还特别体贴学生，好多次上完课都问同学听不听得懂，助教xgg也超级好
201502,893,李将云,2024-11-04 02:49:09,1,3,2,好好好好好好好好好
201965,893,李将云,2024-11-08 00:40:26,0,2,2,唯一真神！无需反驳！
202195,893,李将云,2024-11-10 15:18:15,0,3,3,伟大无须多言
202276,893,李将云,2024-11-11 07:07:42,8,11,3,超级好的老师，我真的很感动，我真的非常喜欢他，差点忘记自己数学很烂的事实而转专业到数学学院
203857,893,李将云,2024-11-21 14:24:27,9,11,2,保姆级教学，负责的像高中班主任
204071,893,李将云,2024-11-23 14:47:10,2,4,2,伟大无需多言
204827,893,李将云,2024-11-28 05:05:23,3,5,2,伟大无需多言
205240,893,李将云,2024-12-03 06:38:09,2,3,1,超好的将云伯伯...!讲课特别细致，能让基础较为薄弱的同学也听懂！
205687,893,李将云,2024-12-11 07:31:13,8,10,2,人很好，讲的很细致，任何学生都能跟上，没错，是任何学生，只要上课不玩手机
205787,893,李将云,2024-12-12 03:55:55,3,4,1,特别好
205795,893,李将云,2024-12-12 04:28:48,2,4,2,很爱将云爷爷，讲得很好
206132,893,李将云,2024-12-13 06:07:16,6,7,1,李老师讲课非常细致非常认真，而且会留出很多时间给同学记笔记，每次在钉钉上问问题老师都耐心回答，非常好的老师
206222,893,李将云,2024-12-13 09:14:25,12,13,1,请珍惜，这很可能是你在大学里遇到的最后一个像高中老师的老师，神中神
206663,893,李将云,2024-12-17 03:59:44,7,10,3,上过 此生没有遗憾
206746,893,李将云,2024-12-17 10:53:50,8,9,1,神中神，超级负责任，会提醒你不要玩手机（不知道算优点还是缺点），反正超无敌好选就对了
207367,893,李将云,2024-12-21 02:49:40,10,11,1,“不要摆弄手机”\n\n伟大无需多言
207518,893,李将云,2024-12-22 14:05:07,5,6,1,再来打个10分，大学迄今为止最喜欢的老师没有之一
207767,893,李将云,2024-12-24 07:44:43,2,3,1,神中神！
207823,893,李将云,2024-12-24 11:54:06,2,4,2,儒者风范
208198,893,李将云,2024-12-26 07:12:15,1,4,3,神中神\n\n微积分没学好是我的问题\n\n一句“不要摆弄手机”无需多言
208638,893,李将云,2024-12-30 10:02:24,0,4,4,神中神｡ﾟ(ﾟ´ω`ﾟ)ﾟ｡超级超级负责！！！
208934,893,李将云,2025-01-03 12:41:56,0,4,4,神中神
208948,893,李将云,2025-01-03 13:34:19,0,3,3,伟大无需多言
209369,893,李将云,2025-01-05 15:50:22,0,3,3,还没出分，10分先给上~
209610,893,李将云,2025-01-06 12:04:37,1,5,4,必须十分，李老师讲课真的很好，让在高中对数学失去信心的我，在微积分课上重新获得成就感，真的太棒啦，下个学期还要继续上李老师的课
209611,893,李将云,2025-01-06 10:53:50,0,4,4,超级棒的老师！神中神
209619,893,李将云,2025-01-06 11:17:50,0,3,3,没考好真的会觉得对不起他的程度，下学期又预制到他，开心～
209621,893,李将云,2025-01-06 11:20:12,0,3,3,遇到过最最最好的数学老师，没有之一！只要跟着老师踏实学，vjf包没有问题的。
209797,893,李将云,2025-01-07 06:28:59,0,5,5,伟大无需多言！
209989,893,李将云,2025-01-07 23:52:26,1,4,3,好老师，无需多言，感动
209994,893,李将云,2025-01-08 00:53:10,4,7,3,虽然上课不许玩手机，也会制定一些规则，但是老师好的没话说，最后也是捞的，强推
210055,893,李将云,2025-01-08 04:42:40,3,7,4,10分，没商量。
210521,893,李将云,2025-01-09 09:57:35,3,9,6,虽然不可以玩手机，但是可以玩平板（反正看不见我在干什么）
210658,893,李将云,2025-01-09 14:48:10,2,5,3,真的是很负责的老师
212591,893,李将云,2025-01-14 08:56:33,0,3,3,神中神！无需多言！
212920,893,李将云,2025-01-15 09:09:32,1,4,3,把课上成了艺术，听课就是享受。最爱的老师，因为老师爱上数学不可自拔。
213263,893,李将云,2025-01-16 13:39:22,3,7,4,大爱将云老师，下学期微二我继续追随您！上课特别特别生动，根本睡不着一点。有时候我下课收拾东西走得晚还会过来问我听懂了没，难不难。总而言之特别好特别有耐心
213705,893,李将云,2025-01-19 08:21:13,1,5,4,讲课出神入化，能让人听到入迷的那种，10分！
214995,893,李将云,2025-02-20 02:24:32,0,4,4,真的特别好
215025,893,李将云,2025-02-20 06:10:16,1,5,4,我爱李将云。讲课太好了
215309,893,李将云,2025-02-25 05:37:26,8,11,3,毕业多年仍然对将云伯伯充满了感恩，只道当时是寻常。
215544,893,李将云,2025-02-28 03:54:54,9,12,3,云山苍苍，江水泱泱，先生之风，山高水长！
215576,893,李将云,2025-03-01 07:08:06,6,9,3,来上第一节课都是听不惯的，等学完了都是舍不得的（\n\n\n\n真的是手把手教，对自己的课堂把控度很高，上课讲什么作业就做什么，不会有没讲到的，而只要上课有一点不认真作业就绝对有你不会写的，教学节奏很清晰，很负责的老师
215749,893,李将云,2025-03-05 06:07:26,-45,19,64,清一色的造神评论区给我看懵了，以下仅代表个人观点，欢迎不喜者点踩。\n\n一、课堂\n\n1 进度慢，内容拖沓\n\n  一个简简单单的求和通项换下标，高中学了求和符号∑就应该知道的东西，居然颠来倒去讲上一节课。这样的教学方式导致别的老师一次课就能讲清楚的内容，他硬是能扯上两次课。\n\n2 内容深度广度不够\n\n  既然他同样的内容花了更多的课时，那么他的课堂内容是否让同学更扎实呢？我认为未必。个人认为他的课堂例题和作业题套路化、同质化严重，相当于搭建了一个信息茧房，会让很多同学产生“我懂了”“按他讲的例题套路就没问题”的错觉————你按他的例题套路去做他布置的作业题（他是少数不布置课本习题的老师）确实没问题，可是你但凡去做一下书本（卢姥爷和矿爷版本都可以）的课后习题，你会发现他的模式化方法会经常失效，只能解决少部分问题。\n\n3 对课堂严到过分的管控\n\n  在他的课上是不被允许使用手机的，前几节课就有不止一个同学因为这个被他针对性的连续叫起来回答问题，并且因为他答不上来大发雷霆：“上课还玩手机，你完蛋了！”\n\n  另外，当我们选择坐到最后一排时，意味着并不愿意认真听这堂课了（本人在他的第一次课后选择自学，坐到了后排）。但是他并不会放过这样的同学————今天他故意问最后一排同学“前面讲了几个例题”，然后因为同学答不上来就行给他贴上“学习障碍”的标签————人家很可能只是不想听你李将云的课罢了。\n\n  只能说，哪怕高中抓的紧，我也没见到过这么离谱的老师，更何况这是在大学里。\n\n二、作业\n\n  我曾天真地认为不布置课本习题、自行找题布置的老师是嫌弃课本习题质量，找了些更好的题————结果呢，是找了一堆同质化严重的题反复训练，呵呵。\n\n三、横向比较\n\n  除去他，本人仅听过戴俊飞（上学期微积分老师）、卢姥爷（微积分研讨班）和陈锦辉（听过智云课堂他的数分）的课。个人认为李将云弗如他们中的任何一个远甚！
215919,893,李将云,2025-03-07 09:58:42,12,15,3,助教你是真的敢给A-啊，先扣点分
216037,893,李将云,2025-03-10 00:06:40,-59,9,68,活久见，大学里还有这种逆天老头，不听课是要骂你的，玩手机是要针对你的\n\n评论区有种赛博水军的美感
216079,893,李将云,2025-03-13 02:34:16,-20,6,26,课上题目和拓展讲的很少
216197,893,李将云,2025-03-12 08:34:21,13,15,2,jy伯伯很少点名，而且人是非常负责很会教学的一个人，他是为数不多上课会管我们的老师。至于下面有人对他的课堂指指点点，那是不是某些人觉得自己水平太高了？jy伯伯讲课都是为了让我们更好理解，而且布置作业是用心的，至于某些人说什么造神评论区，jy伯伯就是我的神，让我从高中到大学更好地衔接微积分，某些人没上过不会教学的部分教师的课。不过有这些评论出现可能有两种可能性，就是上课玩手机被jy伯伯提醒了，然后心存怨恨，还有可能jy伯伯名声在外，免不了某些人妒忌
216342,893,李将云,2025-03-13 17:17:09,7,10,3,老师确实是非常认真负责的老师！对待作业和课堂都非常严肃。\n\n但确实知识点密度可能很大，老师的课堂又连贯性很强，很容易分神导致听不懂。自我感觉老师的课堂有时候确实不能根据难度分配适当的时间，比如我们大一偏微分还没学真的有几块理解起来很困难。\n\n最大的槽点算是第一节课，花一大把时间杀鸡儆猴。有点反感吧……\n\n打了9分，10分应该指的是适合绝大部分学生的课堂。个人色彩这么浓厚的老师确实会让不同的人产生两极分化的感受的，评论区不用再吵有没有造神啦。如果一个学生真的需要这样认真负责的老师，说ljy老师是唯一的白月光都不为过哈哈。
216493,893,李将云,2025-03-17 10:10:59,17,18,1,祝将云伯伯身体健康
216731,893,李将云,2025-03-23 08:12:05,30,32,2,有些评论踩还踩得义正严辞，随便一翻，果不其然无一例外地提到管手机太严  笑了，为了这碟醋包的饺子🤣\n\n我是说，有没有一种可能，在你高中结束之后，遇到上课抓你听课纪律的老师，你磕头都不为过？嫌课上得不好，大可寝室智云，结果来听了呢又不能有管手机，这能耐没有还叫的叭叭响，是不是有点又当又立了
217107,893,李将云,2025-04-02 02:42:25,11,11,0,非常适合我这种基础不牢的学生来听。非常适合我这种不求学精只求学到的人来听。非常适合我这种对数学不够感兴趣的人来听。非常适合我这种自控力不够的人来听。非常适合我这种脑子没有那么灵的人来听。如果没有更高的需求，将云伯伯的课堪称完美。\n\n上课脉络清晰，目标和重要程度会明确讲出，会反复强调重点，一遍走神也能再听两遍不会错过。涉及的基础知识也会带着再过一下，对基础差的人友好。听进去了就不可能困，而且因为管得严，不敢看手机就可以全程跟上，哪怕一时没看懂，也可以笔记先抄上，待课后甚至写作业用到的时候再想。会留出思考时间，留出抄笔记的时间，对于适应高中教学的人比如我，效果很好。\n\n布置的课后作业对于我这种基础不牢的人来说很有效。可能对于需要拓展和深入的同学来说不够有效，但是对于我来说，作业能让我巩固课上学过的知识，巩固过去的基础，能作为一种略带重复性的练习让我在反复中运用得越来越熟练，就很好了。\n\n我不太关注拓展和深度，不过助教在习题课上会给出一些有拓展性的题目。\n\n最后，上将云伯伯的课能让一个已经对数学失去信心的我重新有面对数学的胆量和能力。真的很庆幸之前一狠心给自己选了将云伯伯的课。他的课我真的能听懂，这对我来说就是莫大的安慰了。\n\n将云伯伯的教学固然有其风格，可以是优点也可以是缺点。但这种风格对我来说弥足珍贵。感谢将云伯伯！
217476,893,李将云,2025-04-11 03:26:45,4,4,0,伟大，无需多言
217478,893,李将云,2025-04-11 03:40:35,5,5,0,真的很负责很用心的老师，上课都是用word，一步步推导的特别清楚！
217560,893,李将云,2025-04-13 06:50:17,2,2,0,老师真的超级好，讲得特别特别仔细，对学生也超好\n\n呜呜呜我哭死
217633,893,李将云,2025-04-14 09:09:24,2,2,0,老师真的好啊！上课很有意思也很有效
217637,893,李将云,2025-04-14 10:38:33,2,2,0,伟大，无需多言
217751,893,李将云,2025-04-16 02:57:41,1,1,0,老师挺好的 虽然有点严格 但是感觉有捞
217754,893,李将云,2025-04-16 03:41:53,2,2,0,我是楼下那个骂助教作业给A-的，我将收回我的一切恶言并誓死追随这位助教。
217825,893,李将云,2025-04-17 03:54:41,2,3,1,老师讲的很好，作业量也比较合适，收获还是挺多的，只要在课上有较高的专注度和自律力，就可以学到好多
217832,893,李将云,2025-04-17 04:46:41,5,6,1,yyq我要做你的狗啊啊啊啊啊，本来以为自己要卡了被捞了一把。总得来说jy伯伯讲的很细也很清楚，PPT重点都标出来了而且也会重复一些比较关键的点，就是前几节课会特别强调听课。啊啊啊啊啊啊跪谢yyq助教的捞捞，平时批改作业很认真也会发反馈呜呜😭
217864,893,李将云,2025-04-17 08:35:31,4,4,0,讲的很不错，大学以来没有过这种上课体验👍🏿👍🏿👍🏿\n\n大家期中和平时作业一定要认真啊😭😭😭期末很蓝的啦😭😭😭
217988,893,李将云,2025-04-19 01:42:06,1,3,2,将云我爱你
218110,893,李将云,2025-04-21 07:20:06,3,3,0,最好的数学老师
218763,893,李将云,2025-05-03 03:41:08,1,2,1,作业不是给人算的
219778,893,李将云,2025-06-05 13:57:58,1,1,0,爱死他了呜呜呜呜，学弟学妹们都选他。虽然现在还没期末考，我也不知道我的最终成绩，但现在在复习突然有感而发，将云老师就是很客观的非常无敌好。信我，选他，你一定不会后悔。
220220,893,李将云,2025-06-16 11:57:06,0,0,0,非常好
220353,893,李将云,2025-06-17 12:13:48,-4,0,4,春学期修完的人回过来评价。我春学期学了老师的课，老师上课不让我们玩手机，所以我听得很认真，做了很多笔记，而且我夏学期的同学问了我一些常微分的问题，我觉得李将云老师很明晰考试会考的内容，让我们复习不至于什么偏僻的地方都去背（常微分的课本好多10）。期中考只赋了80分，但是期末之后总评97，拿到了一门难课的满绩，想学好这门课的同学建议冲，因为老师这个10.0就是冲着他讲课给的。
220367,893,李将云,2025-06-17 13:22:33,4,4,0,老师人超级好，这学期微乙2可能是卷子难，助教哥哥发力都没救回来，看到上一条满了差点心梗，一看是常微分(祝贺) 未来的学弟学妹们放心选李老师！别在第一节课上玩手机
220386,893,李将云,2025-06-17 14:35:22,-3,0,3,来给jy伯伯打call！！\n\n这学期预置上了jy伯伯的微乙课，从第一节课开始我就感觉jy伯伯的学习方法很有效，（课后及时复习，认真完成每一次的作业），又下定决心开始好好学微积分，认真对待每次作业小测和考试。（jy伯伯的课就是那种智云不开声只看ppt都是一大损失的感觉哈哈哈）\n\n期末的学习总结很认真的写了，也收到了很温暖的鼓励！！大爱！！\n\n感觉吃力的同学跟着jy伯伯走就没问题，比较好的同学也可以在作业的基础上刷课后题（部分课堂内容可以挑着听）\n\n刚刚出分总评也满了，特意来打个call！
220400,893,李将云,2025-06-17 16:24:08,1,2,1,jy伯伯很好，但是这个助教极其rz，差评！！！远不如上学期的pcngg。这个助教第一节课一道题目不讲，说自己不会讲，而且根本没有捞，上个学期总评90，这个学期只有72，期中93，期末41！！！
220674,893,李将云,2025-06-19 07:13:20,1,1,0,老师伟大我太渣，实在对不住他
221573,893,李将云,2025-06-24 14:21:13,0,0,0,李老师课上得非常好！讲课思路清晰，节奏紧凑，不过在他的课上最好不要开小差或玩手机（上过第一次课就知道为什么了）。\n\n老师好，是我太菜。。
285,955,刘康生,2015-03-15 00:15:24,34,42,8,逻辑不太清晰，主要靠自学。自学能力较强的同学可以考虑
363,955,刘康生,2019-01-23 15:43:09,60,74,14,作为文科生，我只想说从未跟上老师的思路；（太厉害太抽象以致于学生理解产生了困难）全靠自学(￣▽￣)
799,955,刘康生,2015-03-17 05:05:30,107,132,25,老师自身学术能力极强，只是不在学生的理解范围之内 若能听懂一定会受益匪浅
1442,955,刘康生,2015-03-22 04:06:49,29,39,10,呵呵了……完全不知道他在搞什么……
1997,955,刘康生,2015-03-28 07:06:59,58,64,6,抽象的不得了，讲课非常任性
2549,955,刘康生,2015-05-04 13:49:34,242,266,24,玄学
3456,955,刘康生,2019-09-23 13:01:25,35,63,28,讲得像屎一样
3792,955,刘康生,2015-08-01 18:56:26,37,46,9,听不懂，全自学，目前绩点的最低分
4393,955,刘康生,2015-09-22 03:25:21,46,63,17,老师讲课太任性，但如果反复钻研他上的内容的话会发现很有收获，因为其实老师自己是有一套非常清晰的理论体系的，只是有点表达不出来…
5376,955,刘康生,2015-07-07 05:02:17,45,50,5,绩杀
7319,955,刘康生,2015-09-13 12:06:02,29,32,3,每次都想坚持跟上他的思路。。然而。。。
7499,955,刘康生,2015-09-15 00:31:42,24,27,3,想睡觉啊
8508,955,刘康生,2015-11-26 06:19:31,36,49,13,讲课都差其他老师一大把就算了，给分也这样，已被其他老师的同届虐死
8512,955,刘康生,2015-09-22 03:19:46,28,35,7,这老师有毒...
8589,955,刘康生,2015-09-23 01:24:25,-15,6,21,还可以
8681,955,刘康生,2015-09-24 02:55:59,24,27,3,本来觉得自学线代是没什么可能的 然而讲的比书写的还抽象
8708,955,刘康生,2015-09-24 08:34:23,15,17,2,WTFFF
8887,955,刘康生,2015-09-29 14:42:34,105,110,5,我们的口号是：基于集合（Huo），数学表达！
9097,955,刘康生,2015-10-13 03:12:44,14,16,2,毒性太深\n\n
9109,955,刘康生,2015-10-13 06:59:06,24,27,3,我就两个字 呵呵
9168,955,刘康生,2015-10-15 03:28:04,46,58,12,他完全是脱离书本，讲得比书上的都难懂，我已经崩溃了，实在听不懂了就来打个分
9633,955,刘康生,2015-11-03 11:12:28,10,12,2,听不懂
9769,955,刘康生,2015-11-08 13:54:30,11,12,1,听不懂在说什么
9800,955,刘康生,2015-11-09 14:43:35,17,19,2,复变中的洗脚哥
9806,955,刘康生,2015-11-10 01:17:57,20,21,1,玄学。
9807,955,刘康生,2015-11-10 01:19:19,24,46,22,十分好，下届同学多多选！\n\n
9948,955,刘康生,2015-11-13 06:06:36,3,6,3,不好内有之一
10020,955,刘康生,2015-11-14 10:43:05,14,20,6,老师人很好～只是上课听不懂。。整本复变都是自学的。。。
10024,955,刘康生,2015-11-14 11:32:37,9,9,0,有毒啊
10349,955,刘康生,2015-11-18 07:46:08,6,6,0,没听。
10350,955,刘康生,2015-11-18 07:46:23,12,13,1,康生有毒
10351,955,刘康生,2015-11-18 07:47:12,9,9,0,玄学大师
10353,955,刘康生,2015-11-18 07:55:47,16,19,3,曾以为吴春明是我遇到的最差的老师，直到我遇到了康sir
10365,955,刘康生,2015-11-18 08:48:01,15,17,2,谨慎选课，不然后悔就来不及了
10370,955,刘康生,2015-11-18 09:36:33,11,13,2,我呵呵
10374,955,刘康生,2015-11-18 09:54:58,12,13,1,想屎！
10379,955,刘康生,2015-11-18 10:19:46,11,14,3,并不能说是绩杀，而是分数乱打
10402,955,刘康生,2015-11-18 12:24:44,-8,12,20,我觉得康sir讲得很好啊
10447,955,刘康生,2015-11-19 01:05:55,18,19,1,玄学大师
10568,955,刘康生,2015-11-20 03:16:18,9,10,1,绝对天书
10569,955,刘康生,2015-11-20 03:21:00,11,12,1,你在说什么鸟语
10613,955,刘康生,2015-11-20 15:11:39,9,11,2,为什么没有0分？
10670,955,刘康生,2015-11-22 07:12:00,23,28,5,讲的差就算了毕竟还能自学。这神给分就是没救了。别以为你自学成才有什么好下场，人老师打分能抵消你所有的努力。
10807,955,刘康生,2015-11-23 05:45:12,-15,4,19,虽然讲的一般，但是给分好啊(￣∇￣)
11830,955,刘康生,2015-12-17 02:33:26,7,8,1,呵呵呵
11919,955,刘康生,2016-01-03 08:37:15,-5,9,14,好老师，讲课清楚，给分好
12300,955,刘康生,2015-12-23 02:00:06,9,13,4,老师上课很有趣，但是对听课学生知识水平要求挺高的，被分类的人会感到听不懂很虚，但是“我验证了十多年了” 简直..霸道
12797,955,刘康生,2015-12-24 05:31:48,9,9,0,玄学也比他讲的好懂
12902,955,刘康生,2015-12-24 08:02:34,10,13,3,最开始觉得很玄学 特别第一节课讲什么什么 后面几节课比较正常 但觉得上得比较任性，不是很分先后顺序，会跳过新知识点的介绍，有几节课真的感觉自己听到的不是中国话
13031,955,刘康生,2015-12-24 14:32:31,7,8,1,听不懂，直接翘课自学
13210,955,刘康生,2015-12-25 07:37:01,4,5,1,刺激哟\n\n
13319,955,刘康生,2015-12-26 15:14:32,4,6,2,玄学大师
13532,955,刘康生,2018-12-17 09:58:20,201,229,28,“假如我的课有百分之九十的学生听懂了，那我就是在误人子弟”\n\n“我们是为了前百分之二十的人上课，而你们后面百分之八十的痛苦是值得的，因为将来你要以他们为荣”
14778,955,刘康生,2016-01-09 03:54:04,7,7,0,玄学大师
14811,955,刘康生,2016-01-09 12:42:23,3,14,11,十年后或者二十年后你才会感受到他是真的好老师
14909,955,刘康生,2016-01-11 02:42:01,5,6,1,会痛苦一生\n\n
14956,955,刘康生,2016-01-11 08:23:10,-1,7,8,好老师，强烈推荐。。。
15821,955,刘康生,2016-01-16 10:56:12,5,6,1,听不懂
15822,955,刘康生,2016-01-16 10:57:01,3,4,1,啥玩意
16056,955,刘康生,2016-01-17 05:42:38,3,4,1,呵呵呵
16096,955,刘康生,2016-01-27 03:53:20,1,4,3,完全听不懂，只能自学，然后绩点1.5，上康生大帝的课真是倒了八辈子霉了……
16181,955,刘康生,2016-01-17 12:01:46,1,3,2,痛苦。
16971,955,刘康生,2016-01-19 10:22:51,-1,2,3,他明明自己都不懂。。
17034,955,刘康生,2016-01-19 13:20:06,0,4,4,真希望可以打0分
17246,955,刘康生,2016-01-20 02:32:23,0,2,2,呵呵 分给得 你自己领会吧 不想被其他老师的同学超一大截 死都不要选他的课
17315,955,刘康生,2016-01-20 04:23:57,0,1,1,天书奇谈，我还是太嫩了，跟不上老师节奏
18606,955,刘康生,2016-01-22 06:09:55,0,4,4,其实不差……
19550,955,刘康生,2016-01-24 15:51:57,9,13,4,#一门课从国奖拉到退院系列#
19551,955,刘康生,2016-01-24 15:52:47,3,6,3,如果你听不懂我在讲什么，那就不要选择数学系，否则你会痛苦一生
19587,955,刘康生,2016-01-25 00:20:42,0,4,4,希望看到这条评论的人能成为他口中的百分之二十
19633,955,刘康生,2016-01-25 03:36:24,1,2,1,你们想清楚 玄学是形而上学 作为理科生的我 哲学通核都要比线代高一截 生无可恋jpg
19807,955,刘康生,2016-01-25 10:04:17,1,3,2,听了并听懂了你就是那20%
20211,955,刘康生,2016-01-26 14:04:47,0,5,5,哎 的确20比较重要 但是除了数学还有很多重要的啊… 而且这是大一的通识教育中的必修的课 不是你志向数学的人自己选的啊
20433,955,刘康生,2016-01-27 14:23:34,1,2,1,呵呵
20441,955,刘康生,2016-01-27 14:38:39,9,10,1,真是一门让你明白人生的好课
20527,955,刘康生,2016-01-28 06:51:29,0,6,6,其实给分没那么糟
20626,955,刘康生,2016-01-29 06:50:34,0,7,7,浙大最好的老师，没有之一
20760,955,刘康生,2016-01-31 05:49:29,-3,2,5,无耻之徒
21517,955,刘康生,2016-02-29 05:52:18,1,4,3,上课完全不听，本来以为要挂了，没想到还是20%的人。。。。。个人觉得自学能应付考试。
21709,955,刘康生,2016-03-01 00:55:18,4,7,3,给分好 上课好 你反正不用听懂
21710,955,刘康生,2016-03-01 06:00:16,9,12,3,真正成就者的思维启蒙师，愚蠢的跟风的欢迎来点杀！
21733,955,刘康生,2016-03-01 02:22:36,-6,1,7,矫情 任性\n\n
21772,955,刘康生,2016-03-01 05:22:10,-7,1,8,腊鸡辣鸡
21783,955,刘康生,2016-03-01 06:02:17,4,6,2,好老师！！！！
22468,955,刘康生,2016-03-06 13:03:23,8,8,0,当年康生唯一一次教高代1（懂的人自然自然知道第几届）一不小心拿了4.6。上课听不懂大大督促了我的学习。
22933,955,刘康生,2016-10-21 14:15:38,9,12,3,工信边淞强推，好老师
23314,955,刘康生,2016-09-22 05:11:36,-5,3,8,日常一分
25604,955,刘康生,2018-09-27 11:20:19,13,21,8,我是2015计科边淞，大家都叫我边爷，我真的很喜欢康sir，超好啊啊啊啊～男神➕梦中情人???
26267,955,刘康生,2016-11-23 04:49:55,0,6,6,老师貌似根本没有备课，总是看课本，有次提前预习过保角映射，再听他的课，发现老师对课本上的内容都没弄清楚就来给我们讲，别的我不知道，但是这一点他就不是一个合格的老师。而且给分好差，，
29260,955,刘康生,2016-06-29 13:50:06,1,1,0,666666
31936,955,刘康生,2016-07-05 07:55:06,4,5,1,专业课挺好的～能学到东西给分也好，老师也很愿意跟同学聊天互动
33347,955,刘康生,2016-09-18 14:44:17,0,0,0,g g
34179,955,刘康生,2017-01-18 00:52:53,19,26,7,老师人真的很好，上课讲的很认真，习题分析的挺详细，只要认真听真的能学好多。之前评分低是因为老师以前不知道可以调分，所以希望选上老师课的不要认为是玄学就放弃听课全靠自学，因为这样你会错过好多。
34180,955,刘康生,2017-01-17 17:34:33,2,5,3,老师超棒！人很体贴！除了讲课听不懂真的是位好老师！
34496,955,刘康生,2017-01-17 07:02:12,7,8,1,老师真的挺好的，线代课干货满满，只是我们理解的不到位罢了。
34708,955,刘康生,2016-10-19 02:26:29,3,3,0,Metaphysic
34777,955,刘康生,2016-10-21 14:15:42,7,8,1,计院吴朝晖强推
35705,955,刘康生,2016-11-10 07:49:45,-3,2,5,呵呵呵呵呵⊂((≧⊥≦))⊃
35913,955,刘康生,2017-01-12 04:41:57,1,2,1,玄之又玄
37941,955,刘康生,2016-11-22 06:33:58,6,7,1,刘老师上课很好啊 很有思想\n\n虽然有点口音\n\n但是很喜感\n\n觉得老师水平很高
37942,955,刘康生,2016-11-22 06:34:42,0,2,2,嘿嘿嘿嘿嘿嘿嘿嘿嘿嘿嘿嘿
40482,955,刘康生,2017-03-03 13:53:10,1,2,1,老师不错的，不要误解他
40658,955,刘康生,2017-01-04 16:40:10,1,1,0,基于集合 数学表达
40817,955,刘康生,2017-01-05 16:41:57,7,9,2,康生想讲的有很多，认真听还是收获很大的，从本质的思维开始，空间，变换，矩阵，不知道考试会怎么样，但是还是挺感谢康生的。
44364,955,刘康生,2017-01-17 16:10:58,92,126,34,大家都误会大帝了。他真的是一个很好的老师。如果你真的有好好预习，听进去，他的课是一种升华!据说的给分低 是一个天大的误会!!!他一直以为输入考卷分，系统会自动正太，知道今天才知道。所以他又晚上改分了，让他费心了。。他还加了班群，特别暖~可爱~! 记住:查老师永远没那么客观，你看见的经历的未必就是客观的!
44370,955,刘康生,2017-01-17 16:16:08,4,5,1,挺好的老师
44401,955,刘康生,2017-01-17 21:20:28,3,3,0,确实讲的难懂，但老师自身水平极高，人也好
44411,955,刘康生,2017-01-17 23:00:31,15,22,7,康生大帝真的很不容易，自身能力极好，讲的东西非常有技巧性，但是自己如果没有提前预习过的话上课真的会听不懂。所以大家以后选到康生一定不要觉得很坑，你们真的选到了一位好老师。期末考他也在很努力的帮大家拉分，能拉到及格的都非常努力地在拉了。希望大家可以公正的评价康生大帝，他人真的非常好，也很努力地在给大家传授知识。最后还是要提醒选到大帝课的学弟学妹，一定要在课前预习的呀!
44421,955,刘康生,2017-01-17 23:23:38,7,9,2,挺好的，我以为线代要挂了，但还是有3.3，康生昨晚一直在帮我们调分，很感人
44457,955,刘康生,2017-01-18 00:27:15,10,14,4,康生真的很好 他以前以为系统会分布的而已 希望以后的学弟学妹不要被查老师的分数误会了
44499,955,刘康生,2017-01-18 01:41:57,5,8,3,康生学问上是真强，只是少有学生能接受。老师其实很为学生着想，考前讲试卷分析例题，考完帮我们复卷，调分。自己是挺感激的，之前玄学的说法可能有点偏激了吧。
44521,955,刘康生,2017-01-18 02:20:13,2,2,0,真的是很善良很善良很可爱很可爱的老师！真的！
44576,955,刘康生,2017-01-18 03:25:25,4,5,1,老师其实人很好，课也讲的不错，但是因为线代本身很难，而老师教的时候并不一定按顺序来，所以一定要预习，这是我在复习时才发现的(눈_눈)
44700,955,刘康生,2017-01-18 06:30:10,5,10,5,大帝人很好，给分也好，此话发表为17年年初，大帝刚刚意识到系统不会自动改分。\n\n大帝是第二喜欢的老师，仅次于李浩然老师，这两位老师都是兼具学术性和艺术性的老师，顺便安利李浩然的普化。\n\n大帝讲课认真听和预习是完全可以懂的，恕我直言，楼上楼下那些说玄学的甚至不肯一天抽半个小时学线代。\n\n至于大帝之前的分数，确实低，大帝也觉得自己不对，不再赘述。\n\n大帝讲课还有一个有意思的地方就是你会了，不来也没关系?，交交作业就好了。?当然，我天天来也不怎么会。\n\n只有一个期末成绩和平时分。大帝还说，微信头像换啊照片加3分，让我能对上再加3分，最后再看一遍卷子，再加几分。\n\n恕我直言，大帝，我给10分#至少比隔壁某最后两节课开飞机的老师好。#\n\n
45642,955,刘康生,2017-01-20 01:42:38,1,1,0,给中评
47964,955,刘康生,2017-04-06 08:32:47,0,4,4,我觉得他有点过于自负了
48130,955,刘康生,2017-02-28 15:29:30,1,1,0,感觉很好，老师水平很高，确实有点玄学，但是只要认真听收获比其他老师还多。他在今年刚刚知道系统不会自动正态分数，还连夜帮同学提分，其实真的是很好的老师。
48257,955,刘康生,2017-03-01 13:23:36,14,16,2,针对评论有说学生自己不努力或者自己笨的，我只想问：一个能深入浅出、将深奥的知识通俗地讲解给所谓的笨学生使其都能听懂的老师，和一个不自学就听不懂他讲课、预习了发现他讲错的老师，孰优孰劣？\n\n成绩不好学生自己肯定要负责任，但是老师的教学水平也是摆在那里的，说白了聪明的人不管什么老师都能学好，毕竟这是一门基础课，但是高水平的老师能把大多数平庸的学生也教好。\n\n所谓的调分、科研能力、人好耐心等等是不能代替一个老师的教学能力的。\n\n另外提醒大家，老师讲H课的顺序跟课本不一致，建议买一本蓝皮线代可能进度更贴合一些。
48804,955,刘康生,2017-03-13 07:46:36,0,0,0,课虽然抽象，但老师很不错
48907,955,刘康生,2017-03-16 03:56:34,0,1,1,老师很好，就是这门课本身比较难吧。。。确实需要比较好的数学素养。
49555,955,刘康生,2017-04-18 10:26:37,1,2,1,如果能理解老师的体系，真的能获益匪浅，可惜我渣_(:з」∠)_不过真的是不错的学者。
50452,955,刘康生,2017-05-03 03:14:27,4,5,1,康生大帝，其实人很和蔼的，之前给分差是因为他以为系统会自动调分～后来知道了在群里说，改真实姓名➕3分，发照片➕3分，人和名字对上给高分！
52168,955,刘康生,2017-06-15 09:29:13,2,2,0,康生真的是...一直被误会的好老师
55066,955,刘康生,2017-06-30 17:20:15,3,3,0,听不懂，控制考前给复习题要认真做！！！
59102,955,刘康生,2017-09-19 12:51:38,0,0,0,很刺激
59103,955,刘康生,2017-09-19 12:55:05,1,1,0,很认真用心的老师，眼神犀利( *｀ω´)然而听不懂(・・?)
59482,955,刘康生,2017-09-22 01:21:08,0,0,0,来了来了
59485,955,刘康生,2017-10-11 07:49:15,2,2,0,高等代数全靠自习哈哈哈哈
59809,955,刘康生,2017-09-27 06:41:18,0,1,1,是个好老师 但上课前真的要好好预习
60081,955,刘康生,2017-10-10 02:01:54,4,4,0,奶茶大帝
60198,955,刘康生,2017-10-12 15:49:03,0,3,3,好老师，调分到凌晨为了不让我们退院，康生大帝辛苦了
60694,955,刘康生,2017-10-27 01:37:07,0,0,0,What???
60830,955,刘康生,2017-10-31 03:07:43,67,75,8,有一种迷幻的感觉，貌似自己吸了大麻，觉得世界不是原来的世界，数学也不是原来的数学了，一切都是那么雾蒙蒙的，什么都看不见，我只能在一片迷蒙中摸爬滚打，但最可怕的是，康生大帝还在前面用他爽朗（迷）的笑声激励（打击）着我们。也许过不了多久，我们都会沉沦（死亡）在他的笑声中，数学踏着我们的尸体悄悄地跟上了康生，而康生浑然不觉的继续向前走去，走去，走去......
60831,955,刘康生,2017-10-31 03:09:48,0,0,0,IIIIIII~I have become comfortably numb~~
61172,955,刘康生,2017-11-10 01:07:08,8,12,4,不是贬低老师的学术能力，只是他的讲课能力实在太差，有时候可以明显看出讲课之前没备课，两节课就讲两个问题还说不清楚，有时候一个简单问题自己说不明白还需要同学上台讲，真怀疑以前有没有教过高代。无论绩点如何都不建议选这门课，很难从他那里获取知识，如果选上了建议旁听其他老师或自学
61296,955,刘康生,2017-11-14 02:08:02,4,5,1,讲一句喝一口奶茶?
63481,955,刘康生,2017-12-05 02:32:37,2,2,0,我选择死亡
63521,955,刘康生,2017-12-06 02:40:51,3,4,1,康生大帝，名不虚传，传授玄学，天下第一。
63900,955,刘康生,2018-04-03 01:45:59,5,7,2,你开心就好
64003,955,刘康生,2017-12-20 13:24:04,9,11,2,迄今为止，我上大学以来最好的高代老师，奶茶王子，喝奶茶就进入正常状态，喝咖啡就进入暴走状态
64004,955,刘康生,2017-12-20 13:24:45,5,6,1,喝奶茶进入正常状态，喝咖啡进入暴走状态。
65478,955,刘康生,2018-01-22 16:14:09,10,11,1,绩杀，平时分给的很不好
68177,955,刘康生,2018-01-22 16:32:19,-3,5,8,老师表达能力不太好，所以大家调侃玄学都是应该的…期末自学啃书…还好题出得不难绩点还过得去
68197,955,刘康生,2018-01-22 22:28:54,3,5,2,为康生大帝疯狂打call
68204,955,刘康生,2018-01-22 23:21:15,4,6,2,真的是很好的老师 非常耐心地答疑 真的非常非常耐心 说听不懂可能是因为他讲的顺序和书本不同 符号系统也不太同 但是你可以看看其他书 比如线性代数应该这样学 你就会发现 他讲得是多么有内涵 还是很有耐心的好老师啊
68268,955,刘康生,2018-01-23 02:08:43,4,4,0,听不懂听不懂听不懂\n\n给分真的是  不想说了
68328,955,刘康生,2018-01-23 03:35:07,6,8,2,如果你是前10%的学生，请选他的课，你会学到很多。但如果不是，千万别选，不然你根本跟不上他的节奏。给分也奇差，还不调分。对于渣渣来说上课简直玄学。
68355,955,刘康生,2018-01-23 04:46:07,1,3,2,真的很后悔没有好好学高代，考试之前没有好好复习，老师很可爱我给十分
68366,955,刘康生,2018-01-23 05:16:08,0,2,2,海星，不知道会不会调分
68457,955,刘康生,2018-01-23 08:29:49,0,1,1,。。。
68655,955,刘康生,2018-01-23 14:27:52,3,4,1,我这学期一直是靠自学的，虽然最后绩点也不错。老师说过，班上的同学分为三波，我们所有人都要为前1/3的同学感到骄傲，很遗憾，我是中间的1/3。老师本身很和蔼，但是显然他讲课只是为了前1/3的同学。
71064,955,刘康生,2018-01-28 02:16:32,7,13,6,上大学以来碰到的最好的老师，没有之一，讲得非常好，跟那些只会读书的老师相比，康生的课是一种升华。还有助教哥哥也是我遇到的最好的，站在台上的那种从容许多教授都做不到。
71392,955,刘康生,2018-01-28 11:33:58,0,1,1,老师其实是一个很好的老师，虽说学生未必听得懂。。。努力学习的话还是能活过高代的！
72055,955,刘康生,2018-01-29 09:07:04,-4,4,8,垃圾，一分
75204,955,刘康生,2018-03-08 03:04:22,0,1,1,我觉得还行
75669,955,刘康生,2018-03-15 03:13:34,20,23,3,助教讲课完虐老师系列
75799,955,刘康生,2018-03-19 00:18:35,7,7,0,辣鸡老师，让我从此对代数有了恐惧心理。
76205,955,刘康生,2018-04-12 03:36:48,8,9,1,都快给我上自闭了…
76454,955,刘康生,2018-04-10 01:10:43,8,9,1,所谓他的很深奥的讲课，很玄学的讲课，好多是在用大二的基本知识在吓唬大一学生
77489,955,刘康生,2018-05-06 04:00:19,4,5,1,绝望。。
79114,955,刘康生,2018-05-23 07:56:16,4,5,1,不如杀了我好啦?是我太菜跟不上，只好去听隔壁的课。
79601,955,刘康生,2018-06-11 06:29:56,5,7,2,高代2最后一章，讲书本之外一倍的内容，涉及泛函分析，最后一周小测考书本之外内容，不做评价，各位自作斟酌
82731,955,刘康生,2018-07-09 04:42:01,0,0,0,收获颇丰
82733,955,刘康生,2018-07-09 04:47:38,4,4,0,听得懂还是收获很大的
82735,955,刘康生,2018-07-09 04:48:29,2,3,1,真的是好老师，脾气也很好，助教平时分也很好，给满分
82737,955,刘康生,2018-07-09 04:49:47,8,8,0,比黄正达老师更适合我，看你自己属于哪个层次吧。
83447,955,刘康生,2018-07-10 09:54:24,3,5,2,康生大帝讲课好像从来不备课……讲到一半，吭哧不下去了，停顿好久瞅一眼书……\n\n康生大帝的讲课宗旨：知识点离书本和考试越远，他讲的越多越兴奋开心\n\n所以康盛大帝的课主要靠自学\n\n不过康生大帝的助教小哥哥是真的棒，讲的东西超级全，甚至还压中了一到期末答题大题！
83675,955,刘康生,2018-07-11 03:41:45,0,0,0,讲课节奏很快很跳跃，不按照书上顺序讲+会超前讲一些东西（并小测）。个人不喜欢这个上课风格，但也有同学喜欢他的课，就看个人的水平吧。平时分会坑
84580,955,刘康生,2018-07-26 02:05:52,1,1,0,6666666666
84991,955,刘康生,2018-07-15 01:43:02,2,2,0,讲课很跳跃，听得很费劲，不过受益匪浅。
85046,955,刘康生,2018-07-15 06:02:14,3,3,0,讲课水平一般，而且个人很不喜欢他只为了前20%而后面同学要做出牺牲的言论
85689,955,刘康生,2018-07-26 02:06:27,-1,1,2,事少给分好
86516,955,刘康生,2018-09-17 03:55:21,0,0,0,略有语无伦次，总体海星
86520,955,刘康生,2019-01-06 16:21:50,0,1,1,听了一节课，感觉还行，后面不知道怎么样
86836,955,刘康生,2018-09-19 04:09:37,8,12,4,太简单了。我嘉霈满了\n\n
86837,955,刘康生,2018-09-19 04:24:04,11,15,4,太简单了，我嘉霈满了
87297,955,刘康生,2018-09-26 23:57:40,2,2,0,其实真的还挺好的。
87483,955,刘康生,2018-09-29 12:26:28,2,2,0,就像走在漆黑一片的路上，四面八方都看不到曙光，台上一个魔鬼呵呵呵地笑着，我浑身战栗不知归向
87814,955,刘康生,2018-10-15 02:37:21,8,8,0,太简单了，我云昊满了。
87950,955,刘康生,2018-10-18 11:50:39,2,2,0,康生讲的非常好，可惜讲的书上都有，而且我听不懂
88333,955,刘康生,2018-10-29 01:45:27,0,0,0,讲了这么多节课了 就没有一节课我能对上书本的
88635,955,刘康生,2018-11-05 00:16:18,1,2,1,唉，要退院了。
89049,955,刘康生,2018-11-14 15:24:48,0,2,2,不好意思，我黄瑞满了
90614,955,刘康生,2018-11-24 14:37:42,6,7,1,太简单了，我云昊满了。
90754,955,刘康生,2018-11-25 22:30:48,2,4,2,老师的课超好的，逻辑自成一体，可以使学生有深入了解，只是符号表达有时不太清晰。此外，上他的线代能见识到很多高代的内容，方便自学高代的同学。
91657,955,刘康生,2018-12-17 09:56:10,3,4,1,你认真学，他的课是一种升华；你要整天玩，他的课会让你升天
92669,955,刘康生,2019-01-03 12:41:54,5,5,0,刘老师分还没陈叔平高，实在有点低了。作为一名学渣，刚上刘老师课的时候，或者说整个前半学期，我都是一脸懵逼的感觉基本不按书本上的套路来。下半学期努力地啃书本，把书本基本啃透以后再听刘老师的课，发现真的是醍醐灌顶，把一些概念之间的联系讲的非常透彻。平心而论，刘老师的课的确更适合水平高的同学，但是哪怕我这样的学渣，只要努力都还是有所收获的。我觉得对于自己能力有信心，希望超过书本高度的同学们，刘老师是一个不错的选择。
92687,955,刘康生,2019-01-03 15:53:44,2,2,0,最有拓展性，还会千方百计给我这种菜的提高，真的好老师
92845,955,刘康生,2019-01-05 06:46:41,3,3,0,讲真的，那些说他讲的不好的都没好好听，所以你们听不懂，但只要你认真听了能学到很多东西
92995,955,刘康生,2019-01-06 16:20:11,3,3,0,刚开始看到康生大帝分数只有五点几，以为线代完蛋了，听了那么久以后感觉大帝讲的其实很不错，只要认真预习＋听讲收获是很大的（虽然我经常偷懒走神，但这并不妨碍我觉得他讲的好），感觉大帝的评分的确偏低许多，希望大家打分能客观一些吧……
93506,955,刘康生,2019-01-10 06:24:43,-8,0,8,课程简单无难度。我满了。
93569,955,刘康生,2019-01-10 12:37:22,1,1,0,大帝的课其实是很有内涵的，但前提条件是你已经对于书上的内容有初步的了解，如果你在充足的预习以后来上课可以收获很多，但要是你没有预习的习惯那就愉快的开始玩手机吧，总之大帝还是很负责的，讲课有很多自己的理解，以上是没出分以前的评价
93746,955,刘康生,2019-01-12 14:15:36,4,5,1,如果你是对线性代数有些兴趣，那么康生大帝绝对是你的最好人选；如果你想水过，请选书平哥，但我不太看好这种态度。大帝的课听起来是痛苦的，不可否认，但当你饱受自学瓶颈的束缚，难以再进一步提高的时候，听大帝的课又会有豁然开朗的感觉，我想这便是真正好的老师吧。另外，大帝课节奏很快，最后有四节课给我们猜题，复习，头发平时多掉点，考试周会长起来的。
94596,955,刘康生,2019-01-17 09:59:55,-11,3,14,太简单了，我鞠希来满了
94597,955,刘康生,2019-01-17 10:01:01,-13,2,15,太简单了，我吴行健满了
95531,955,刘康生,2019-01-19 14:15:03,0,0,0,其实除了难讲的让你不是很懂都挺好的...
95834,955,刘康生,2019-01-20 06:05:33,1,1,0,老师真的好 站在一个高度上讲课本 还有许多扩展
95838,955,刘康生,2019-01-20 06:08:28,5,5,0,绝对好老师，评分低的原因见热评，现在给分也提高了，这评分对不起他的水平
95839,955,刘康生,2019-01-20 06:09:05,3,3,0,大帝讲课有自己的一套逻辑体系和方法 且在一些看起来平凡的点上总可以深入到一定境界 给分也非常好 不要太相信查老师的评分 我相信每个人都有自己的判断 真的是一个非常好非常和蔼的老师 就是平时自己要多花时间预习一下 会有更好的效果
95851,955,刘康生,2019-01-20 06:24:25,2,2,0,对不起，真的夸不动，人是不错的，但是我听不懂，如果有同学和我一样会四十五分钟不知道他在干嘛，跟我一起看慕课吧，3.0告辞
95869,955,刘康生,2019-01-20 07:05:01,-2,2,4,两次小测全是倒数，期末考砸依然3.0，大帝太好了(๑>؂<๑）
95905,955,刘康生,2019-01-20 07:59:50,3,6,3,这学期上的刘老师的线代H；课讲的挺好的，和课本的顺序不太一样但有自己完整的知识体系，上课跟上老师的思路的话线代就没什么问题；主要是这学期给！分！超！好！啊！满绩很多，上4也容易；然后是一些小问题：老师在讲矩阵的时候有点过于追求严谨的表达，一开始可能会听的很懵；因为讲题目相对随意有时候会出错；以及对化学医学人社同学的态度似乎不太友好
95992,955,刘康生,2019-01-20 10:30:08,3,4,1,大帝真的很强，给分也超级好的，虽然有时候可能听不懂，但自学也没问题，吹爆大帝。由于查老师时效性，评分有时候真的不一定客观，只有亲自上了这门课，才知道大帝真的好。
96021,955,刘康生,2019-07-07 12:19:36,-41,8,49,卡我分数，99分，差评
96049,955,刘康生,2019-01-20 12:03:58,4,6,2,这个老师吧，让人又爱又恨。讲课是真的听不太懂，真的自学和mooc过来的。所幸自习还懂，花了很长时间来学这门课(线代H)重点是最后几节课要听。最后满绩，老师和助教蛮好的。
96135,955,刘康生,2019-01-20 13:19:25,7,7,0,课真的真的听不懂，第一次小测gg了，被留下，他语重心长地跟我们说要努力了，那时候就是我开始决定好好学线代的时候。由于比较晚才开始努力，最后考出了3.6，感觉很满意∽是个好老师。
96593,955,刘康生,2019-01-21 07:01:54,6,6,0,ksdd其实人很好的 你们不要误解他！很有收获
96722,955,刘康生,2019-01-21 09:45:58,2,3,1,讲的好，怪我不认真退院了。2.1路过
98583,955,刘康生,2019-01-23 15:17:27,3,3,0,康生牛逼！！！
98585,955,刘康生,2019-01-23 15:21:47,3,4,1,比隔壁陈叔平好多了，真的...虽然不太擅长讲课，但是是为学生着想的。嘴里说着你们不适合数学就别学了，到时候挂科了要退院不要找我哭之类的，其实就是个傲娇...至少不会给59卡绩orz
99249,955,刘康生,2019-01-24 13:31:56,5,5,0,之前真的一直错怪ksdd了，ksdd真的去年才学会调分。今年线代其实上课一直打瞌睡，直到考试周才开始狂补，老师还给了上三，真的很感激老师不挂之恩。对比隔壁csp，我只想说ksdd真的是个好老师～
99485,955,刘康生,2019-01-25 00:45:08,6,7,1,康生大帝真的学识渊博，我搞不懂为什么评分比较尴尬呢。只要你认真学习，一定会感受到线代的魅力。\n\n作为过来人，告诫你们一句，一定要认真预习。要听懂大帝的课，前提是你对这些知识有了解。
100735,955,刘康生,2019-01-26 16:09:57,1,3,2,其实ksdd的课还是很棒的，绩点也没那么夸张，还有刷平时分的政策，特别棒！
102722,955,刘康生,2019-02-22 03:51:39,1,2,1,老师的专业水平应该还是厉害的，但是不是个适合讲课的老师。他很有自己的思路，但经常我们会难跟上。
104856,955,刘康生,2019-03-29 02:03:14,1,2,1,ks大帝的课确实有些难懂，不过老师人还是不错的，可能是课程的原因。老师还是很认真的，助教不错（拯救听不懂大帝的我们）。\n\n基于集合！
105589,955,刘康生,2019-04-17 02:40:10,4,5,1,人很厉害，但是作为老师，我觉得有些遗憾
111683,955,刘康生,2019-07-02 13:58:36,3,3,0,刘老师其实很厉害，人也很好，希望大家客观看待！
112591,955,刘康生,2019-07-04 20:15:30,7,7,0,是线代H一个学期过去才过来评论，虽然最后绩点不高，但自己觉得应该是因为小测成绩不好。其实大帝讲课是很有一套逻辑的，努力去理解上课好好听，下课再梳理一下就发现变得特别清晰了，如果能预习一下就会有更好的效果，但遗憾的是我很后来才发现这件事，后来再看书才发现原来他把这些都融汇在一起讲过。而且第一次小测，他把不及格的同学都留下来说要进行补习，虽然其实最后也没有补习，但是给我好好学的动力，是个好老师的，是真的很热爱数学的老师
114842,955,刘康生,2019-07-12 02:57:13,3,4,1,太简单了，我胡思捷满了
116387,955,刘康生,2019-09-10 01:05:55,2,3,1,康生大帝群生生不息
116398,955,刘康生,2019-09-23 01:44:57,8,8,0,太简单了，我许哲文满了。
116403,955,刘康生,2019-09-10 01:52:17,0,0,0,楼下和楼下下下太甜了
116410,955,刘康生,2019-09-23 04:43:43,8,11,3,你们说满的都太蔡了，我程皓宇已经被康生找去读研了
116691,955,刘康生,2019-09-19 14:13:57,0,1,1,还行吧
116735,955,刘康生,2019-09-14 08:52:03,1,1,0,我听不懂。我太难了
117055,955,刘康生,2019-09-19 01:06:39,1,2,1,老师上课总说“如果我们要教计算机的话，就得blablabla”，但老师啊，我不是计算机啊
117060,955,刘康生,2019-09-19 01:32:08,-4,1,5,真的不是我的问题，这老师太师心自用，可以大概知道他为什么不去教竺院，教书理念就已经是错误的老师，真的没办法，哎！！？
117142,955,刘康生,2019-09-20 00:36:06,3,3,0,云里雾里
117550,955,刘康生,2019-09-26 01:10:42,3,3,0,我是傻逼
118060,955,刘康生,2019-10-20 03:22:46,4,8,4,我专业考试考高代居然考的另一个老师上课的内容？我就想问您上课是给自己上的吗
118062,955,刘康生,2019-10-20 03:36:15,3,6,3,我能接受老师对于教学有自己的看法所以不按照课本顺序授课，但是能不能顾及到学生的考试，考试范围内的东西都不教，是打算让我们都去自学吗？
118084,955,刘康生,2019-10-21 00:26:54,1,6,5,为什么不好好上课？上的是啥？
118108,955,刘康生,2019-10-21 03:36:44,4,9,5,我突然懂了为什么康生大帝的分上不去了，因为大家开学的时候都会来打1分，期末时候会回来打10分
121232,955,刘康生,2019-12-26 12:01:28,4,5,1,老师真的??嗷。感觉老师就像神仙一样，什么都懂，还能讲，就是我们太菜听不懂?。老师还很可爱，就是个宝藏啊。下学期还选大帝的课。
121371,955,刘康生,2019-12-17 11:04:42,-2,0,2,非常好
121418,955,刘康生,2019-12-16 08:49:13,1,2,1,挑战自我，老师很强，也认真，只是我太菜
121525,955,刘康生,2019-12-13 04:11:48,6,8,2,认真写一次。刚开始的时候觉得这就是一门鬼一样的课，选到大帝的课像撞了鬼一样，慢慢听下来感觉大帝的课极其nb，大帝按照1-4-7-2-3-5-6-8章的顺序讲，说实话这个让我对整个知识架构认识更深了，而且在上几何课的时候（尤其是坐标变换，标准方程）会用到很多高代的东西（隔壁黄正达的班因为讲的慢还没碰到二次型）。关于绩点，期中考试很简单，基本上看书能看明白就能满，平常小测也可以刷分（有时候课上会布置思考题，告诉我们如果做出来可以把小测刷成满分，把结果发到他的邮箱，只能发一次）。另外，对一些来边听课边玩手机、听一会玩一会再睡一会唠一会的人，这门课确实是个噩梦，我猜这就是为什么大帝评分这么低。我也很好奇，有人在喷大帝瞎讲的时候为啥不想想自己是咋学的（这里没有针对的意思，只是想让对大帝的评论更客观）。也可能是我比较喜欢这种老师，比较讨厌一些只会念书念ppt的老师吧。
123528,955,刘康生,2020-06-09 11:28:49,1,2,1,很好的老师，高代自己学就好，成绩不会太低
123802,955,刘康生,2020-06-14 10:04:12,1,3,2,好老师，吹爆吹爆
136179,955,刘康生,2021-06-12 03:55:00,4,4,0,太简单了，我胥啸虎满了！
136650,955,刘康生,2021-06-22 11:47:23,3,3,0,强迫自学好老师
136961,955,刘康生,2021-06-29 02:55:12,5,5,0,上课语速极慢，废话多，有时候还不备课，这样的讲课水平我也就呵呵了。评论有人说他有自己一套东西，但是你不能向同学讲清楚，不就和没有一样？数学这东西，有些思想自己真自学不来，好老师真的很重要（像谈神），血泪教训劝诫后来选课的同学。
136977,955,刘康生,2021-06-29 05:34:23,-1,3,4,刘老师上课一般默认同学们把书本提前看过一遍，然后从不同于书本的角度来理解数学体系，但是也会碰到讲不明白的时候。对于自学能力比较强的选手是好事，对于大多数同学比较折磨。\n\n\n\n刘老师讲课速度可快可慢，重点知识一节会讲好几周，不重要的知识一周一章地带过。做好心理准备。刘老师一般能把教材讲完，会比隔壁谈之奕老师快很多。\n\n\n\n不过刘老师布置的课后作业是很经典的，还会提供课外的思考题，收获很大。
138348,955,刘康生,2021-07-08 14:50:19,6,6,0,讲的啥根本听不懂，糊里糊涂的，完全没法让人理解。期中考小测不公布分数也不公布答案，作业也没有答案也不讲。也不说总分怎么计算，最后期末就打个特别特别低的分，大无语事件。我真的应该相信查老师，不该选这货的课。
138407,955,刘康生,2021-07-09 09:33:21,7,7,0,助教比老师严系列。老师呢，上课讲得不行。美曰其名为好的同学讲课。构成了一个完美的逻辑闭环。听不懂的就是学不好的呗。上学期别的老师的线代拿了4.5，我应该不差吧？结果刘的课就2.4？小测还有课后题目不给答案不给成绩。有一题：算正交矩阵P，使P-1AP=()的这种，考了两次，我还以为是重点呢。结果期末考试压根没考。助教更厉害了，小测比老师严，不给翻书。还是老师下场允许翻书。助教还强调：“你们解题思路类似的，我给你们打了100，但是实际上我平时分给你们0分哦。”怎么说呢，怪我，怪我相信学校的安排没有换成别的老师的课。听不懂的就是学不好的呗。没法怪刘。
138425,955,刘康生,2021-07-09 05:50:19,11,12,1,认真听课，独立完成作业，喜提1.8
138750,955,刘康生,2021-07-10 16:10:52,24,24,0,上学期线代5.0，这学期上大帝的课3.6，自认为听了课，认真写了作业还好好订正了，刷新题也做了，期末考感觉还不错。一直以为“学不好都是自己的原因，不能怪老师”，复习的时候看了隔壁谈神的智云课堂才知道，这些知识明明可以，也应该以一种更好的方式传授给学生。对不起，实在是没办法硬着头皮乖乖地说谢谢老师，我真的不知道从这堂课上收获到了什么，也许是努力自学却得不到回报的教训吧
139285,955,刘康生,2021-07-14 04:55:44,12,15,3,首先是给分问题，大帝给分（在原始分的基础上）是没话说的，人也是很好的（小测开卷，甚至可以课后写完），完全不比谈神差（甚至我认为会比谈神好）。\n\n关键是讲课问题。大帝讲课是默认你已经认真预习（甚至已经掌握书本内容）了的，如果对自己的数学即时学习能力和数学基础不自信建议快逃。而且由于人数问题和讲课进度问题（大帝讲得会比谈神快），期末考的范围由谈神班决定，这也会使考试方面大帝班同学处于不利地位。\n\n大帝主要喜欢讲课本上没有的东西。这些东西没有预习很难课堂上理解，理解了考试也不会考，或许以后也用不到。这就是大帝对数学一种理想主义的偏执，是大帝吸引人之处，也是致命的扣分点。如果愿意付出绩点的风险，愿意付出预习的时间代价，请来大帝这里见识线代的另一番面容吧。那是身在三本，仍然心向高远的光。（或许，旁听或者智云也是一种方法？）
140713,955,刘康生,2021-09-15 08:38:26,1,1,0,预习的话还行\n\n可惜一般人不会
140901,955,刘康生,2021-09-17 12:10:58,3,5,2,实在是不知道怎么到6.71分的，完全不知道上课在鬼叫什么
141120,955,刘康生,2021-09-24 02:51:02,4,6,2,上课完全照书念，而且跳着讲，很多东西就默认你学会了。落看一项就全程谜语，无法理解这种跳跃的教学进度。
141397,955,刘康生,2021-10-06 07:39:28,-1,2,3,基本架构没有，不知道上课按照什么模板讲，是随便翻几页挑个定理在黑板上写吗？看了其他老师的线代课，才知道真正的线代课应该什么水平。
141608,955,刘康生,2021-10-17 07:11:18,6,6,0,老师讲新知识完全按照你已经入门的状态讲，一开始听不懂他讲课就去听别的学校的网课了，听了一些之后又有人推荐跟着自己老师进度走才回来听他的课。用智云听他以前的课才发现讲的很对，但是初学者完全听不懂，上课语速也很慢，经常跳过一些感觉你应该会的点。\n\n只能说对于我这种数学不好的人很折磨
141626,955,刘康生,2021-10-18 05:07:05,2,4,2,助教xgg很帅
141805,955,刘康生,2021-10-27 00:44:51,0,3,3,老师人很好～
148342,955,刘康生,2022-01-12 07:43:56,11,15,4,傻逼老师\n\n课讲得贼拉\n\n考试题目改了也不说一声\n\n同意这老师是傻逼的送我上去
148417,955,刘康生,2022-01-12 11:44:34,9,12,3,期末卷这种重要的卷子出错了就在黑板上写了一行完事？说都不说一声？坐在后排完全没看到，12分直接扣完，最终喜提2.1。上课就不评价了建议自学吧，总之就是数学大佬无所谓，小白赶紧跑吧，不然真的要暴毙了！
149213,955,刘康生,2022-01-14 23:25:37,8,10,2,挤泡沫\n\n完全没捞\n\n诸位想想，自己是不是泡沫？\n\n有没有好好听课？\n\n配不配在ckc？
149541,955,刘康生,2022-05-07 11:04:00,1,5,4,不怎么样
150152,955,刘康生,2022-01-19 12:46:31,7,7,0,喜提1.8
152642,955,刘康生,2022-04-17 03:21:43,3,4,1,真的很差
154582,955,刘康生,2022-06-02 08:25:42,10,11,1,我给你1分是因为没有零分可打，你觉得给学生大家都打低分是挤泡沫，你有没有想过你的一个低分给学生带来的是什么？积点德吧
155529,955,刘康生,2022-06-14 04:26:55,6,7,1,教学相长，我想，这四个字是刘老是最应该反思的
156435,955,刘康生,2022-06-19 15:30:20,4,7,3,老师很有意思，就是课前需要预习一下可能听的更明白，喜提唯一一门100分满绩
160196,955,刘康生,2022-09-15 00:46:09,-2,0,2,讲得跟屎一样~
160314,955,刘康生,2022-09-26 03:38:35,3,3,0,建议大帝学一学怎么用公式编辑器
160315,955,刘康生,2022-09-19 02:49:05,-1,0,1,自学课
160323,955,刘康生,2022-09-19 05:24:05,-1,0,1,听不懂
160399,955,刘康生,2022-09-21 09:10:47,1,2,1,康生大帝：我等会可能要收到zf关怀\n\n太可爱了吧/手动狗头
160531,955,刘康生,2022-09-26 04:14:23,2,3,1,PPT做的跟shi一样，一对源代码根本不考虑学生能不能看懂。上他课这么吵还打扰我自学
160532,955,刘康生,2022-09-26 04:17:08,0,1,1,讲的好，给一分了
160873,955,刘康生,2022-10-17 16:24:03,0,1,1,不太行
161063,955,刘康生,2022-10-25 10:44:43,0,1,1,听个锤子
161173,955,刘康生,2022-10-31 03:26:23,1,2,1,希望大帝能专门花时间解释一下他的符号系统
161473,955,刘康生,2022-11-07 11:16:00,4,4,0,为什么老师肉眼可见的牛逼却会把线性代数上成“抽象”代数啊
161910,955,刘康生,2022-11-15 02:51:50,1,2,1,6
162495,955,刘康生,2022-11-23 11:49:15,1,2,1,听不懂，话都说不清楚
162603,955,刘康生,2022-11-28 05:32:35,2,3,1,真的能让一个普通话都不会好好讲的老师来上课吗。。。感觉上课越上越随便，甚至是自己跟自己讲课，话都含在喉咙里，丝毫不考虑同学的感受，十句话里九个“对不对”“是吧”，也不知道说的什么是什么。
162604,955,刘康生,2022-11-28 07:52:37,14,15,1,浙是一门显然的高水平课程，有一名显然的高水平老师，打着一堆显然的高水平比喻，讲解一些显然的高水平定理。高水平课程显然是不会捞低水平的我的，高水平老师显然是不会使用低水平的PPT的，高水平比喻显然不是低水平的我能彻悟的，高水平定理显然不是低水平的我能够驾驭的。
163303,955,刘康生,2022-12-12 11:01:00,2,3,1,大帝水平其实很高，但上课喜欢按自己的思路来，上他课的同学最好把要上的那一整章全部预习一下
163700,955,刘康生,2022-12-16 03:32:52,1,2,1,看完书听不懂他讲课
164138,955,刘康生,2022-12-18 10:31:15,7,7,0,线代2是他的在这里集合
164163,955,刘康生,2022-12-18 14:32:51,5,5,0,讲得很好，下次不要再讲了。基本靠自学
164261,955,刘康生,2022-12-20 05:09:07,2,2,0,完全听不懂，可能是我太菜了呜呜呜
164916,955,刘康生,2022-12-27 14:21:06,6,8,2,真。。。。无语，真的很想爆粗口，大学老师好歹也冠以老师二字吧，线代课几百人到最后一半人都没有，我真的都替你尴尬，怎么敢点名的呀？如果你上课只是给最前面的同学听的，那我们就不算人？嘴里叽里咕噜啥也讲不明白，真的很不理解，好好搞科研吧求求您了，我线代不想挂科。隔壁苏dk、卢xj这些数学老师上的那么好，真的不去反思一下吗？
168290,955,刘康生,2023-02-09 12:14:32,2,2,0,厉害了
168713,955,刘康生,2023-02-21 10:42:23,7,7,0,考完线代，作为一个普通学生来评价一下。1.讲课比较玄学，如果不仔细预习的话根本跟不上他的思路。2.老师大概在讲比较高的思想和观点，不会很细地讲一些知识点和定理证明，对普通学生不是很友好。3.老师人还是不错的，很和蔼。
168942,955,刘康生,2023-02-23 15:02:11,8,8,0,是同学们喜欢的形而上学
169352,955,刘康生,2023-02-26 03:01:53,14,15,1,上的什么破烂课，配不配当老师😅😅😅😅😅😅😅
169380,955,刘康生,2023-02-26 01:01:05,-7,3,10,很好的老师
169440,955,刘康生,2023-02-26 07:15:49,5,5,0,我只能说，可能是我数学太差了，差点没及格。大一就这样，不知道以后数学还能不能学下去了。
169668,955,刘康生,2023-02-27 10:03:45,-14,1,15,还是不错的，至少不是有些老师把什么都什么讲清楚，把各种东西直接灌输给你。
170083,955,刘康生,2023-03-01 10:11:57,2,2,0,老师人挺好的，就是讲课听不太懂。
171244,955,刘康生,2023-03-20 03:51:07,7,7,0,水平太高\n\n惭愧惭愧
171512,955,刘康生,2023-03-27 08:02:54,7,8,1,整节课不知所云，基础知识点完全不讲，讲着讲着会直接用后面某个章节的完全没学过的概念。板书的数学符号完全不会解释，全凭自学。要不是最低只能给1分，真是1分都不想给
171743,955,刘康生,2023-04-04 00:43:50,6,8,2,谁不相信谁验证，谁不相信谁去听
172219,955,刘康生,2023-04-22 14:23:54,2,2,0,老师讲课的基础是学生有基础，如果有提前预习会受益匪浅
173566,955,刘康生,2023-05-29 05:56:58,4,4,0,老师上课真的备课吗😇
173822,955,刘康生,2023-06-05 04:28:34,4,4,0,如果是佬当我没说，不是佬你多在ks班待一秒都是对他的侮辱。讲的太烂了。。。
174071,955,刘康生,2023-06-06 05:02:34,3,5,2,客观地说，刘老师的讲课水平还是可以的，只是需要预习才能听明白。不过，既然预习了，为什么不直接去自学呢？自学比听他讲课有意思多了。\n\n还有，吐槽一下 Linear Algebra Done Right 这一本书，真的需要你先去看一下别的书，再反过头来看。当然这不是 LADR 这本书的锅，毕竟前言里也写了是 Second Book for Linear Algebra.
174162,955,刘康生,2023-06-07 01:40:51,2,2,0,讲课烂
174397,955,刘康生,2023-06-12 02:02:43,-3,0,3,非常好
174398,955,刘康生,2023-07-06 09:55:55,26,40,14,非常的好 很多人谈说刘康生教的不好，但是我在这里想说，这都不是真的，他真的教的非常好 期望后来的学弟学妹选他
174487,955,刘康生,2023-06-13 04:00:05,3,3,0,等你下课
174538,955,刘康生,2023-06-14 01:15:04,-8,0,8,给分还不错
176200,955,刘康生,2023-06-28 04:44:47,24,24,0,线代是我大学第一门课，感谢ks让我认清浙大本科教育的质量
176323,955,刘康生,2023-06-28 11:22:53,-15,1,16,刘老师上课很有自己的体系，仔细听会比自学收获更大，也能掌握到知识的脉络（虽然后半学期跟不上了....但前期的上课体验还是很好的），而且线代2考前还给大家发了复习题，并让助教好好讲解了
176561,955,刘康生,2023-06-29 09:04:08,11,11,0,同学们能满🐔想必是老师教的好吧，呃呃
176579,955,刘康生,2023-06-29 09:50:29,10,11,1,全都是泡沫~只一刹的花火
176584,955,刘康生,2023-06-29 10:08:51,-26,1,27,老师好幽默，考完试群里真的好好玩，值得一个10分
176669,955,刘康生,2023-06-29 15:57:46,-11,2,13,给分很好！！
176927,955,刘康生,2023-06-30 18:00:01,38,38,0,大帝不知为何对学生有这么大的恶意。上了他两学期的线代，一节课没缺勤，我可以很负责任的说，一共能听懂的课不超过三节。在我看来，这位就是压根儿不会讲课，或者说明明知道自己讲课极其抽象却以此为荣，不想把课讲好，可能大帝认为把一门课讲得让大部分人可以听懂是对他的一种侮辱。上课说话含含糊糊，证明一个定理可以把自己挂在黑板上证明将近一节课，讲课的板书也是毫无逻辑，条件和结论分不清，各种自创符号满黑板飞，我在课后无论再怎么听回放，尝试去理解他的思路也基本上都是无用功。\n\n\n\n大帝的泡沫理论成功的在这学期体现了出来。他成功的将分数的分布曲线以一种全新的方式呈现。18.7%的满绩率，以及还有许多他称之为泡沫的一些人，也就是不及格。他对于大学本科教育的理解可能并不是让大多数人能够逐渐理解数学并运用，而是在一次次的提纯过程（挤泡沫）中留下那些很有天赋，精于数学的学生。也许这样做可以培养出更优秀的人才，但是对于我这样的数学废物而言，无疑是雪上加霜。\n\n\n\n浙江大学不是没有讲课好的老师，有些老师上课就可以很清晰地把定理说清楚，而不是像大帝一样含糊地一笔带过，去追求那些在课本之外的，他认为很有用的知识。这不应该是一门所谓数理基础课的目的。大帝就要退休了，经过我一年的线性代数的学习的经历，很难给大帝一个正面的评价。刘教授作为一位科研人员绝对是大佬中的大佬，但是这并不意味着他可以是一位好老师。作为进入求是园的第一门课，我悲观地认为它在我本就薄弱的数理基础上又凿出来了几个坑。
176928,955,刘康生,2023-06-30 18:00:30,15,15,0,对大部分人来讲，ks上课的时候应该是不知所云，虽然能感受到他似乎试图在教会我们什么。\n\n板书还是不错，不过经常出现没讲过的符号，同时极为糟糕的语言表达能力为听课带来了极大的困扰。\n\n最离谱的还是考试前另建群发所谓的作业题，不知老师考前“押”题的意义何在，是意识到自己讲课问题怕学生做不会？还是最后一届学生希望出高分满足下虚荣心？同时还在课程群里发表“泡沫来自图灵班”这样的言论，我们就是说，有没有一种可能，是您自己要求带图灵班的线代，自己教成这个样子的？难道您真的觉得如果不是课程冲突和预置课的问题，真的会有人选您的课？\n\n我从心里佩服那些真正学明白线性代数拿到高分的同学，但是想问问那些通过默写复习题而拿到高分的同学，你觉得这样的老师是你需要的么，这样的课程是你所追求的么？
176944,955,刘康生,2023-06-30 23:55:18,6,6,0,讲的高屋建瓴，谁不相信谁去听
176951,955,刘康生,2023-07-01 00:42:27,6,9,3,实话实说，去听刘老师讲课真的需要一点耐心的。因为一直是预置，对于刚进入大学的我来说，作为第一节主修课，这门课的上课体验让我有一种前途黑暗的感觉，我听不懂老师的口音，听不懂老师讲的内容。这是我从未想过的大学生活，我开始放弃听课，直到大一上学期期中之后，我偶然听了一节线代课，神奇的是，我跟上了整节课，这给了我很大的成就感，让我认识到我的进步，不过由于种种原因，成绩并不理想。到了线代二，由于上学期的经历，我对于这学期的学习并没有把握，所以我一直尝试润掉，不过很遗憾，没有成功，我开始有一种大不了自己多学点的态度，不过仅限于学期初第一节课，我坐在了第一排，但仅仅不到一个小时，我就跟不上老师的思路，因为我并没有预习。但坐在第一排，跟不上老师讲课，真的是很煎熬，所以，我开始坐在第二三排，甚至越来越往后。不过在课上，我开始记笔记，即使我跟不上，先记下来，不过后期基本不会看，但偶尔在晚上的课上会重新看一遍智云，在已经对知识有一定了解的情况下，我感觉刘老师的思路真的是很清晰连贯，真的让我感觉到学线代是一件很酷的事情。不过很遗憾，放眼整个学期，不预习的我只能跟上一节课的前一半，但后期其他课程开始上难度，我很少有时间去看回放认真听老师的课，只能上课记一下笔记，课后写作业却又只来得及看书。不过期末考前，我很认真的听了部分回放，看了一遍书，结果成绩也算是超出预估吧。对这门课，我是真心感觉收获满满，无论是挣扎着跟着听老师讲课，还是写作业前耐着性子看书，还有期末考前的认真复习。对于这门课来说，它确实不会适合很多学生，因为我个人听课的目的也很大程度是出于不想浪费一个下午，抱着能学点是点的态度打发一下时间，但效果还是蛮不错的，经常让我感觉到数学之美，虽然让写作业的时候根本没有这感觉哈哈哈。最后说一句，刘老师真的是一位好老师（虽然他对我们的认识不是很正确，我就是个废物，不要夸我求求了），两位助教也超级好！！！
177050,955,刘康生,2023-07-01 09:41:40,21,21,0,ksconstant：18.7%
177728,955,刘康生,2023-07-04 13:31:12,26,27,1,证明：泡沫子空间在图灵算子下是不变子空间。\n\n答：这是显然的，谁不相信谁验证
177763,955,刘康生,2023-07-04 16:44:02,0,5,5,很遗憾，认真学了一个学期的线代II，最后会收获这样的分数。刘老师还是很不错的，不过给分确实有一点失望。
183953,955,刘康生,2023-12-04 16:53:10,8,8,0,泡沫即将回归！请欣赏《泡沫：未竟之美》
184379,955,刘康生,2023-12-18 11:04:55,8,8,0,大帝打赢复活赛回归辣
184919,955,刘康生,2023-12-24 10:05:35,0,0,0,大部分人听不懂，快逃
186719,955,刘康生,2024-01-12 16:02:00,15,15,0,秽土转生了 希望下一届图灵学子在泡沫算子下可逆
187336,955,刘康生,2024-01-15 13:31:01,9,9,0,本来我为没有选上康生大帝的课而庆幸，后来发现我高兴早了。
190759,955,刘康生,2024-03-18 03:41:59,8,8,0,当我看到他的脸的时候我就知道这节课我要睡觉了，他就是古希腊掌管睡觉的神，睡神刘康生。他用生动的语言向我诠释了原来一个老师讲课能烂到这种地步，真不是听不懂，是他讲的实在是纷乱不堪不成体系，让人听完第一句就没有听第二句的欲望。上过谈神的线代之后就再也听不进这种粑粑课了。
190764,955,刘康生,2024-03-18 08:43:26,7,7,0,byd 习题课搞点名是吧，以折腾学生为乐吗？\n\n课教的让人昏昏沉沉，本来清晰的东西也讲的云里雾里；有自己的体系，所以基本听不懂，听懂了也品不出味道\n\n逆天，纯纯的逆天，很符合我对浙大本科教育质量的理解
190855,955,刘康生,2024-03-21 16:13:50,41,43,2,几把没我的大
190943,955,刘康生,2024-03-25 06:10:54,7,9,2,值得一选，因为大帝能让你知道上帝是否为你关上了抽象数学的大门！
194034,955,刘康生,2024-06-27 02:45:55,1,1,0,学的线代2（H），6或7分吧。\n\n\n\n刘老师学术水平肯定是很高的，但是语言表达能力比较堪忧，想要跟上老师的思路比较困难。\n\n\n\n这门课极其！极其需要你课前做好充足的预习，因为不预习的话听课完全听不懂，简直就是浪费时间。但是充分预习之后来听刘老师的课，也鲜有那种灵光一现、醍醐灌顶的感觉，让我有点失望。\n\n\n\n助教在习题课上雷达点名更是抽象至极。\n\n\n\n总之，如果课前充分预习、课上认真听讲、课后及时巩固，那么刘老师的这门课肯定能让你学到一点东西。但是，你的付出和回报是否成正比，刘老师的教学方式是否合理，选择其他老师的线代课是否有更高的性价比，都是值得思考的问题。\n\n\n\n（以上写于出分前）\n\n\n\n给分无敌，给大帝跪了
195116,955,刘康生,2024-06-27 00:13:10,3,4,1,你今年怎么变捞了？
195164,955,刘康生,2024-06-27 03:54:46,0,1,1,搞错了搞错了，我两次习题课缺勤，最后满绩，那个缺勤可能影响不大。给分是真好啊。
195192,955,刘康生,2024-06-27 05:58:45,0,0,0,点名严格，基本无法代签到。教课的维度很高，不是很容易理解。小测给分友善，这学期期末还是比较捞的
198474,955,刘康生,2024-09-09 06:45:10,0,0,0,刘帝曰：天地玄黄，宇宙洪荒……
199758,955,刘康生,2024-09-29 04:46:43,0,0,0,拜见康生大帝
200709,955,刘康生,2024-10-21 07:45:32,1,1,0,听不懂
201073,955,刘康生,2024-10-28 07:14:48,1,1,0,听不懂 斯密达
208486,955,刘康生,2024-12-28 09:12:12,3,3,0,我是泡沫，我是泡沫，我是最弱泡沫
210366,955,刘康生,2025-01-09 04:00:18,-4,0,4,ks大帝的学术水平确实很强，但是他的课有点两极分化，数佬听着比较有用的，虽然讲的速度应该是比较慢的，但是逻辑性稍微有点问题。上他的课想要听懂是要费点力气的，如果你不打算太认真地听，就不要选他，因为会懵，但是有数学优势的同学建议选他，满绩还是比较简单的。
210378,955,刘康生,2025-01-09 04:22:34,0,0,0,被挤泡沫了，，
210529,955,刘康生,2025-01-09 10:04:14,0,0,0,泡沫了
210765,955,刘康生,2025-01-10 02:22:26,0,0,0,不建议选，因为真的听的会懵，感觉老师人还是不错的，讲课风格就一言难尽了。如果你是奔着老师给高分比较慷慨去的，那请你先评估一下自己的线性代数水平（不一定是数学水平，因为数学也有很多方向），特别的，不要用高考的数学成绩去参考，这没有太大价值。
210945,955,刘康生,2025-01-10 08:23:55,-4,1,5,24级竺院小登，期末考大概错3题，给分89，给分很好我觉得。。因为\n\n线代这门课很多人只有2多3多\n\n老师给分很好，但是讲课，，，还是找隔壁谈神吧。。。。。
220377,955,刘康生,2025-06-17 13:55:45,2,2,0,lks是败坏了线代IIH教学水准的罪魁祸首\n\n古神的低语吹走了我这个泡沫
220401,955,刘康生,2025-06-17 16:54:29,-2,0,2,好
220437,955,刘康生,2025-06-18 02:44:24,1,1,0,泡沫践行者，反正态的坚定维护者
220439,955,刘康生,2025-06-18 02:48:36,2,2,0,全都是泡沫！只一刹的花火！
220472,955,刘康生,2025-06-18 06:14:27,1,1,0,能看得出来大帝确实是有水平的，但是口音语速语调音量等等因素让人难以理解他在讲什么。大帝上课很喜欢推行自己的一些记号和方法，印象深刻的比如把v+U写成v的等价类，在最后讲解析几何的时候力推自己的“正交分解”做法，但是没有涉及一点有利于记忆的距离公式啥的。如果选了大帝的课，建议在课前跟着B站上一个叫阿潘的up主的视频先预习一遍书上的定理也许会比较好，以及用好lalu。大帝也知道我们最关心的肯定是成绩，所以在最后会发一个复习题，这学期的期末考题和复习题涉及到的知识点和解题方法大部分都非常相似，除了最后一道抽象的正规算子极分解和奇异值分解杂糅的证明题（）如果能把复习题的每一题都搞懂的话肯定不会挂，如果底子好能再写出一些其他题目也许还能拿个比较高的绩点。总之我认为老师这学期表现出来的人品是不错的，讲课是依托的，成绩分布估计也是两点的（）
220856,955,刘康生,2025-06-20 06:40:22,0,0,0,好ex
117,968,黄正达,2015-03-14 15:58:49,37,50,13,老师很厉害
300,968,黄正达,2015-03-15 00:34:18,62,82,20,超级棒，很感谢黄老师……我现在大三了但还会遇到很多高代的问题，老师讲得很好让我还记得那些结论……
324,968,黄正达,2015-03-15 00:53:05,40,53,13,讲课很认真 对学生的问题的回答很走心 真的是在教思想和方法
422,968,黄正达,2015-03-15 02:10:30,23,33,10,老师很厉害，讲课很好，个人魅力很强
462,968,黄正达,2015-03-15 02:47:54,103,124,21,嗓门很大，中气十足，重点突出
736,968,黄正达,2015-03-16 06:22:22,20,30,10,是我遇到的讲的最好的数学老师了……
844,968,黄正达,2015-03-17 23:57:21,6,16,10,获益匪浅
1205,968,黄正达,2015-03-21 16:38:32,9,17,8,最爱的数学老师
1536,968,黄正达,2017-12-23 05:17:32,32,46,14,真正培养人才的好老师，对理论的讲述不能再到位了！
1601,968,黄正达,2015-03-23 01:15:47,8,17,9,老师思路很清楚，讲起来会让你觉得数学其实很有趣
1900,968,黄正达,2015-03-26 05:21:41,16,26,10,跟达爷，高代会学得很开心~
2126,968,黄正达,2015-04-02 01:49:59,19,30,11,很耐心，不会嫌弃笨小孩
2133,968,黄正达,2015-07-15 13:22:32,10,18,8,认真听一定会有收获...给分很好！
2253,968,黄正达,2015-04-14 02:20:41,6,15,9,是我遇到的最好的老师，能把很多知识讲得很透彻，很清楚
3841,968,黄正达,2015-06-17 05:53:29,13,18,5,老师声情并茂
4129,968,黄正达,2015-06-18 01:44:48,-1,8,9,上课挺好的
4171,968,黄正达,2015-06-18 02:56:47,23,35,12,讲得很好 非常清晰 喜欢装出作业很多的样子其实和别的老师相比也没多多少 喜欢显得自己很严格但其实很萌
4709,968,黄正达,2017-12-22 11:01:48,42,52,10,这道题大家回去要好好ze腾ze腾
6540,968,黄正达,2015-07-15 03:06:32,0,11,11,真的是进大学以来最喜欢的数学老师，每节课都认真听了，真的学到很多
7842,968,黄正达,2015-09-15 14:51:49,13,23,10,老师非常温和幽默，非常认真地告诉你，“这门课真的一点都不有趣”。喜欢举例子让你把已知知识和未知的线代联系起来，让你觉得线代也没那么可怕嘛～超赞！
8526,968,黄正达,2015-09-22 06:00:00,2,6,4,超级激情
8834,968,黄正达,2015-09-28 14:59:26,-2,5,7,zetengzeteng
9292,968,黄正达,2015-10-20 06:53:55,31,44,13,绝对好老师，专业水平过硬，讲课又好，黄老师之于线代高代如同矿爷之于微积分
11197,968,黄正达,2015-11-25 06:53:57,-2,2,4,课讲的不错 就是作业有点多
11266,968,黄正达,2015-11-26 05:49:19,2,4,2,反正很棒啦，不管不管\n\n(≧ω≦)
11837,968,黄正达,2015-12-17 04:58:06,0,3,3,老师讲得很好，可惜，线代真的太难了……
11966,968,黄正达,2015-12-21 12:01:20,24,34,10,有时候讲的太过理论化，不会有例题来让你消化\n\n
12153,968,黄正达,2015-12-22 05:53:31,1,5,4,老师超好，交给我们的不仅是知识\n\n
12259,968,黄正达,2015-12-22 15:10:02,-1,3,4,逻辑清晰，中气十足~
12347,968,黄正达,2015-12-23 04:28:21,18,27,9,八个字总结，曲高和寡，课前预习
13194,968,黄正达,2015-12-25 06:07:14,24,34,10,不预习不看书是不行的
13548,968,黄正达,2018-10-30 02:38:36,50,68,18,老师讲的很好，就是作业量真的是……╮（╯＿╰）╭。而且课前必须深入预习，否则在黄老师的课上你能跟上的概率恐怕不到10%，跟不上的很快就觉得不知所云。
13619,968,黄正达,2015-12-30 05:27:19,1,3,2,线代太难
14205,968,黄正达,2016-01-05 09:26:40,36,45,9,老师水平很高 但 不怎么讲例题 理论性太强了…然后一直不怎么预习的我就属于上课听不懂的那一类…
14210,968,黄正达,2016-01-05 11:12:47,2,6,4,良心好老师
14308,968,黄正达,2016-01-06 07:47:00,-1,5,6,好老师，很可爱
14380,968,黄正达,2016-01-06 15:35:01,3,5,2,上课虽然听不懂 但复习的时候一回想黄老师的上课场景就能悟出来
14535,968,黄正达,2016-01-16 09:43:24,-1,4,5,中气十足
14551,968,黄正达,2016-01-08 12:24:28,0,3,3,好好好啊
14802,968,黄正达,2016-01-09 09:59:04,0,2,2,本学期遇到的最好的老师！
15101,968,黄正达,2016-01-12 05:13:23,1,6,5,黄老师人很好！素质很高的老师！可惜我还是适合讲例题的类型，下学期选了童老师的，但是达达人格魅力很大！
15261,968,黄正达,2016-01-22 09:25:09,-1,9,10,学术水平真的高。。。跟着一定能学懂线代的，给分也不错。。但是作业真心多，讲的也快。。。大概预习复习的时间要花更多
15561,968,黄正达,2016-01-15 10:51:44,1,4,3,绝对好老师  认真负责
15606,968,黄正达,2016-01-15 15:25:52,2,10,8,真想追随您啊！！
16049,968,黄正达,2016-01-17 05:13:50,-2,1,3,好好好
16570,968,黄正达,2016-01-18 11:46:05,1,4,3,老师很投入，会从一种很逻辑的角度来讲课，虽然有时候并不是完全按照课本的顺序讲。可能对一部分同学来说会不太适应
16802,968,黄正达,2016-01-19 04:03:15,-2,2,4,达哥，萌萌哒*^_^*
16829,968,黄正达,2016-01-19 04:54:17,0,5,5,讲课很棒，人也好，很耐心，将我的线代绩点扶上4.5，感谢感谢。
18391,968,黄正达,2016-01-21 14:17:11,0,5,5,人很好水平很高，唯一可惜的是自己没努力…哎…
18708,968,黄正达,2016-01-22 11:24:13,1,3,2,喜欢达达 没理由
18778,968,黄正达,2016-01-22 13:39:59,0,3,3,超级超级好的老师！！！
18845,968,黄正达,2016-01-22 15:33:19,2,9,7,思维高度很高很高的老师
18875,968,黄正达,2016-01-22 16:07:57,-4,3,7,给分不如童女神
19017,968,黄正达,2016-01-23 04:23:47,5,12,7,好老师，真心谢谢他！只怪自己不预习，跟不上，呜呜呜
19031,968,黄正达,2016-01-23 05:42:47,-1,3,4,超级爱达达
19037,968,黄正达,2016-01-23 06:07:43,-1,6,7,老师很好 是我太渣
19322,968,黄正达,2016-01-24 01:36:59,-1,2,3,好好好
19352,968,黄正达,2016-11-07 06:48:11,1,4,3,上课好，给分一般
20656,968,黄正达,2016-01-29 12:22:25,5,6,1,一点点去引导你思考，绝不照本宣科，而且对学生负责。
21430,968,黄正达,2016-02-29 00:22:11,-1,5,6,妥妥的满分。达爷讲的超级棒。拯救了我的线代。
21637,968,黄正达,2016-02-29 11:18:53,0,2,2,上课有意思
22011,968,黄正达,2016-03-02 05:50:25,2,5,3,很负责任的老师，某一学期退了他的课到期末还给我打电话问为什么没有平时成绩。很关心学生。上课有自己的风格。高代的思路来讲线代
22669,968,黄正达,2016-03-09 15:19:20,4,5,1,好好好
22796,968,黄正达,2016-03-11 15:12:33,0,3,3,喜欢听
23067,968,黄正达,2016-03-17 01:24:33,9,14,5,不预习没得玩
23501,968,黄正达,2016-04-01 08:59:23,-1,7,8,真正有一位师者的风范\n\n更别提萌萌哒的课堂ヽ(•̀ω•́ )ゝ\n\n但是高代还是好难啊
23596,968,黄正达,2016-04-08 07:51:52,1,4,3,老师很棒，线性代数给分好
23641,968,黄正达,2016-04-11 10:18:20,1,2,1,嘿嘿嘿\n\n
23763,968,黄正达,2016-04-15 04:54:36,2,7,5,革命的红旗飘两边
24010,968,黄正达,2016-04-25 07:16:52,-3,3,6,系个马
27335,968,黄正达,2016-06-25 02:50:38,-7,3,10,想水请选童雯雯。想水请选童雯雯。想水请选童雯雯。重要的事情说三遍。我的平时分再见
27768,968,黄正达,2016-06-27 12:27:09,-2,1,3,好老师！
28216,968,黄正达,2016-06-28 08:16:57,1,4,3,水平很高，但我太渣…高代跟不上
31351,968,黄正达,2016-07-03 17:05:29,0,7,7,高代出分以后怎么没人评？卷子题太少，偶然性大！最坑的是没卷刷课后题没答案！朋友们，快献出你的智慧和力量完成高代答案，学弟学妹会献上膝盖的
33427,968,黄正达,2016-09-19 08:30:11,1,3,2,哇，好有趣！\n\n
33459,968,黄正达,2016-09-19 11:56:14,-1,5,6,绝对棒。超贴心。还会问后边的同学看不看得见
33876,968,黄正达,2016-09-22 08:10:40,3,7,4,讲得超级超级透彻！不止浮与知识的表面 会深入挖掘 而且经常发现课本的纰漏 又认真又幽默太喜欢啦啦啦
34571,968,黄正达,2016-10-14 02:45:49,2,6,4,上了老师的课人生圆满了…
34666,968,黄正达,2016-10-17 16:48:16,2,6,4,老师上课很认真 萌萌的大叔
34832,968,黄正达,2017-01-12 02:48:39,11,19,8,黄老师人很好的。但是讲课一脸懵逼…不知道他想干啥…基本一个学期自己学下来的。以及上课有位哥们真的超装x…
35243,968,黄正达,2017-01-30 05:37:59,-7,5,12,\n\n给分还好吧，随随便便平时分也全给。但是他上课我就头疼犯困，建议自己看书吧，不懂问问他，挺耐心的。助教差评！
37751,968,黄正达,2017-01-05 15:18:42,-21,9,30,为什么没有他的研究生给他评价，好像都只是本科生。我觉得一个老师是否真的对学生好不好，是怎样的人，需要长期与他接触的人，希望研究生哥哥姐姐给想留本校读博的人一点信息，毕竟读研需要长期接触。听说有些坑爹老师只对本科生好，一旦读研本性暴露，不知道是真是假，接触时间少能够装，长期就装不了了。表面一套，背地一套教授我也听说过。要是天天仁义道德的人背地是衣冠禽兽就太可怕了。
37954,968,黄正达,2016-11-22 08:41:52,-1,7,8,对他的言行有所不满
38029,968,黄正达,2017-03-23 02:53:28,-5,2,7,6666
38056,968,黄正达,2016-11-24 01:23:49,0,3,3,听课先预习
38218,968,黄正达,2016-11-27 10:12:25,-1,1,2,很棒很棒，嗓门很大，讲得很好，不点名，想一直和他学数学
38610,968,黄正达,2016-12-12 06:48:21,0,6,6,根本不知道在讲什么，基本全靠自学(  ･᷄д･᷅ )
38849,968,黄正达,2016-12-19 14:38:26,1,4,3,老师讲课讲的很清楚只要自己认真绝对学的很好
38920,968,黄正达,2016-12-20 01:27:11,4,8,4,让我们明白不是为了成绩而读书，对学生超级尊重交流都是您好您请。虽然作业多但是真的很爱他。真的教思想教方法
39293,968,黄正达,2016-12-22 03:36:55,-1,1,2,讲的很细很好，但是真的有点听不太懂，个人问题吧，感觉不适合自己
39345,968,黄正达,2017-01-20 12:55:45,3,7,4,我的男神！
40036,968,黄正达,2016-12-29 02:07:16,0,3,3,已经沉迷黄老师的声音！！！
40037,968,黄正达,2016-12-29 02:08:21,1,2,1,帅到炸裂！！
40039,968,黄正达,2017-01-17 02:55:48,1,13,12,为什么考试要出的这么难。工科生线性代数会做计算不就行了吗。真是不懂。
40041,968,黄正达,2016-12-29 02:38:58,4,6,2,不得了..中气十足加上激情的演讲
40053,968,黄正达,2016-12-29 02:58:39,0,5,5,超级好的老师，超级萌，上课讲得超级清楚，最好课后再自己看看书体会例题，反正超级喜欢赞一个~
40058,968,黄正达,2016-12-29 04:04:46,2,3,1,代课老师，超级好，好想选他的课
40733,968,黄正达,2017-01-05 07:26:17,-1,9,10,每一次布置作业都是1.2.3.4.5.6.7.8.9.10.11.12…这么布置 但是作业做了毕竟还是为了考试更顺手 还是很喜欢黄老师啊 老师上课超赞 虽然后来就再也没跟上过老师的节奏 一直都说你作业偶尔开两次天窗是没关系 不过建议老师换个笔 每次神游完了就看不懂了 不过听说下学期要用粉笔了？ 总之就是 很赞的老师呀
40878,968,黄正达,2017-01-06 05:01:20,0,3,3,有思想有激情，对学生和蔼，不过需要一点基础才能理解好。
41091,968,黄正达,2017-01-09 06:54:56,3,9,6,为什么动不动就想睡觉呢
41097,968,黄正达,2017-01-09 07:28:16,1,3,2,棒棒棒
41101,968,黄正达,2017-01-09 07:32:01,14,20,6,老师不错，很负责，只是上课除了老师的声音总能听到一个b哥的声音……就算你很想表现自己，也不能总打断别人的思路吧？
41103,968,黄正达,2017-01-19 16:06:36,3,8,5,棒棒棒
41110,968,黄正达,2017-01-09 08:10:00,4,13,9,只有我一个人觉得上课不知所云吗？讲真一学期的线代全靠自学 老师真的基本没什么用 可能是我太辣鸡了吧
42705,968,黄正达,2017-01-15 03:06:00,2,9,7,老师会用很多超级生动的比喻:工厂拉丝、猴子荡秋千、刺猬、天上的星星、打伞。。。老师真的很棒。是我太垃圾。不配做黄正达的学生。嗯
43431,968,黄正达,2019-11-10 18:13:20,336,442,106,我就是你们说的那个插嘴狂魔线代B哥 送我上100赞 下次如果我重修线代还选上黄老师的课我当场吃整栋楼的屎（包含女厕所）大家给我见证一下哈
44833,968,黄正达,2017-01-18 10:29:40,-3,1,4,呵呵呵
45714,968,黄正达,2017-01-20 03:35:00,1,8,7,给分很好
47694,968,黄正达,2017-02-18 12:54:05,1,7,6,老师讲课是有自己的一套的(ಡωಡ) 用很多有趣的比喻，不过如果听了三节课以后还是不知所云，那就快点下定决心自学。线代的理解要归根结底要靠自己。老师对人有点客气过头了以至于让人不适。嗯...那个B哥我认得，和我上工图的时候也是这样的，我宁愿相信他是真性情，麻烦楼上不要冒充。
50550,968,黄正达,2017-05-03 11:41:55,8,10,2,只说一点：我随堂测验两次都只有七八十，但是教务网上看到老师给了我100，最后绩点低只能怪自己期末考太差。
51503,968,黄正达,2017-06-06 15:41:21,-2,2,4,超级好的老师
51637,968,黄正达,2017-06-08 00:00:48,5,8,3,我爱黄正达黄正达爱我
53809,968,黄正达,2017-06-27 15:38:26,0,3,3,大学碰到的和卢兴江一样好的老师w！卢兴江教微积分他教我线代感觉真是太棒了！而且平时分会按期末考难度给，一般都会给满的，特别好！
54526,968,黄正达,2017-06-29 13:36:38,0,0,0,嗓门贼响，中气十足。但我还是有点想睡觉……\n\n上学期学的乙。据说这学期考试简单？感觉一丢丢亏。老师不错
55005,968,黄正达,2017-06-30 15:36:45,2,6,4,上老师的课感觉很自由，是个很认真的老师，很有激情，对学生也很好。
55008,968,黄正达,2017-06-30 15:45:19,3,4,1,黄老师真的很好，是我自己辣鸡
63680,968,黄正达,2017-12-12 13:29:40,1,2,1,坐第一排下课了以后会耳鸣
64753,968,黄正达,2017-12-27 05:01:00,7,12,5,老师一直在想办法把我们在中学形成的死刷题的思维纠正过来，强调要学会表达，也给了我很多启发。老师平时很萌，但是对不好好学的人比较严格。强烈建议数学系的人选黄正达老师的课。
66728,968,黄正达,2018-01-18 14:39:56,1,6,5,听不懂。书看不懂。教材坑爹
66729,968,黄正达,2018-01-18 14:40:33,15,25,10,辣鸡教材，毁我高代
68168,968,黄正达,2018-01-22 16:06:24,2,3,1,老师讲的很耐心，很为学生着想，讲的方法很好
69796,968,黄正达,2018-01-25 11:52:16,3,7,4,真的是好老师，板书详细，还会经常鼓励大家学习，给分也很棒。一次小测没去，还是给了很高的平时分。下学期继续努力！
70018,968,黄正达,2018-01-26 03:28:11,0,1,1,老师讲的很好，可惜书不太好，给分很好
74599,968,黄正达,2018-03-04 12:55:15,5,12,7,不管平时表现如何期中考试几分，只要期末考试95以上就是满绩！！！\n\n
74692,968,黄正达,2018-03-05 06:16:05,-1,1,2,很好的老师
74812,968,黄正达,2018-03-06 04:04:44,1,5,4,我爱达达
75189,968,黄正达,2018-03-08 02:28:49,-2,2,4,诲人不倦
76740,968,黄正达,2018-04-19 23:54:02,4,5,1,思路很清晰，比高代书还要好。因为书是他编的，听了课再看一遍书就有原来如此，是这个思路的感觉。而且不会直接给结论，会有根有据的推导出来，感觉每一步都走的很有道理。
76883,968,黄正达,2018-04-25 08:03:27,-1,1,2,讲得很到位，就是稍微慢了点
76917,968,黄正达,2018-04-26 02:17:02,-6,3,9,喜欢拿基础的东西吓唬人，感觉不适合数学系的人。
79321,968,黄正达,2018-05-31 03:26:05,0,1,1,好老师。
79832,968,黄正达,2018-06-14 06:45:26,3,5,2,信手拈来 谈笑风生
82423,968,黄正达,2018-07-12 12:20:09,-1,1,2,跟黄老师学高代很愉快～Emmm不过我的绩点对不起老师了
83569,968,黄正达,2018-07-10 15:23:12,1,6,5,黄老师很好，不过还是康sir适合老子。
83661,968,黄正达,2018-07-11 03:12:32,-1,0,1,数学态度超棒！讲课细致严谨(有点小慢)还很有意思
83663,968,黄正达,2018-07-11 03:18:26,0,3,3,助教人很好！评论完悄咪咪去加个微信\n\n黄老师无敌！这是我目前为止专业课最高的一门课，虽然被卡绩了，但也卡得开心哈哈哈！
83674,968,黄正达,2018-07-11 03:38:40,2,4,2,正达的课真的真的很好~是会把每个概念定理都讲得非常清楚的老师（非常适合我这种理解能力欠缺的同学），但自身能力强的同学可能会觉得有点慢。老师人也超级好，平时分作业给满，小测基本A起。期待正达教别的课我再去选啊~~~（and表白一波助教小姐姐）
84497,968,黄正达,2018-07-13 04:04:00,2,3,1,积极乐观 会对我们提出很多灵魂的拷问 但我还是适合上康生大帝的课 所以选老师不能只看评分
87149,968,黄正达,2018-09-21 02:36:12,2,3,1,老师真的讲得很细致很用心。也非常注意从学生角度出发，倾听你的问题并给予你解答（只要你是真心相求解）。能选上黄老师的课真是很棒！
87402,968,黄正达,2018-09-28 06:16:00,0,1,1,好好好
87647,968,黄正达,2018-10-09 05:45:31,-2,1,3,讲的非常好
87872,968,黄正达,2018-10-29 10:57:09,-2,1,3,黄正达我宣你！
88423,968,黄正达,2018-10-30 14:02:45,-1,1,2,谁听谁知道
91328,968,黄正达,2018-12-06 03:27:42,3,3,0,学不好都是我的错，跟老师没关系。
91670,968,黄正达,2018-12-17 13:35:01,1,3,2,可能是线代这门课的原因吧，我上课很难听懂。但黄老师教学很认真
92125,968,黄正达,2019-01-24 02:58:19,15,19,4,我绩点2.7，我菜到爆炸，但我知道老师是好老师，难得的好老师，选不上，你的悲哀。
93859,968,黄正达,2019-01-14 04:35:41,0,2,2,衷心的感谢
95224,968,黄正达,2019-01-19 05:17:53,3,6,3,老师很好，我的水平对不起你。
95289,968,黄正达,2019-01-19 06:55:36,6,9,3,呜呜呜，期末考对不起老师 老师人很好，但我是那种一句话没听明白就不想去听下面的人，导致一个学期几乎没听懂几节课。跟李方老师比起来，老师更注重思维的培养吧，李方老师比较注重基础，厉害的同学可以选择黄正达老师。
95337,968,黄正达,2019-01-19 08:42:53,65,75,10,听不懂，不过不怪老师。助教姐姐真的超级好，超棒，有时候翘正课但习题课必去，有点喜欢上助教小姐姐了。
95345,968,黄正达,2019-01-19 08:46:48,-1,1,2,很有收获
97295,968,黄正达,2019-01-22 07:55:33,2,3,1,超级超级好的老师，讲课注重逻辑性，经常打些生动的比方，期末给分也很好。不过上黄老师的课一定要做好预习工作不然你可能会跟不上。
97296,968,黄正达,2019-01-22 07:55:31,1,2,1,超级超级好的老师，讲课注重逻辑性，经常打些生动的比方，期末给分也很好。不过上黄老师的课一定要做好预习工作不然你可能会跟不上。
97662,968,黄正达,2019-01-22 12:51:57,1,3,2,老师超好超可爱，期末似乎还调分了嘻嘻嘻 ^_^
98269,968,黄正达,2019-01-23 08:55:29,2,6,4,黄老师风趣幽默，讲课很生动，而且非常务实，注重最终的学习效果，期末考好了平时分全给你，给分极其极其得好!!
98753,968,黄正达,2019-01-24 01:29:48,-1,1,2,老师很幽默 讲课生动
102417,968,黄正达,2019-02-01 15:45:16,0,1,1,老师的教学水平特别高，上课觉得特别好不过如果耳朵承受能力不好的话，建议不要坐前两排，因为说话的时候中气十足，声音有点响。另外能拜托给助教小姐姐也一个满分吗？
102820,968,黄正达,2019-02-23 13:19:47,1,2,1,，，，
102843,968,黄正达,2019-02-24 04:23:38,2,7,5,从不点名\n\n老师嗓门大\n\n脑袋圆圆的好可爱\n\n助教小姐姐太好看了\n\n讲课讲的也很好
103779,968,黄正达,2019-03-05 11:58:14,1,2,1,要预习
105256,968,黄正达,2019-05-15 07:15:02,-6,10,16,作业贼多\n\n个人感觉上课一般\n\n小测千万不能不去，下手贼狠\n\n
109891,968,黄正达,2019-06-20 05:07:09,-1,3,4,老师讲课真心好
109970,968,黄正达,2019-06-20 16:55:27,2,5,3,老师讲课非常好！非常明晰！建议上高等代数的同学上课前预习，黄老师有时候会按照自己的一套逻辑来展开内容，非常有收获！
111234,968,黄正达,2019-06-30 17:10:52,-1,4,5,老师讲的很好 就是听不大懂 高代二从第五章开始开火箭 可能是我太菜了吧
112056,968,黄正达,2019-07-03 10:30:29,0,4,4,我吹爆他！他讲的真的很不错，每节课都听的很好，但我学得太菜了555555，对不起老师您啊，最后期末还调分了，感谢老师，选他的课真心是很幸福的
112067,968,黄正达,2019-07-03 11:18:49,0,3,3,老师真的很可爱，助教小姐姐很棒很棒。
112950,968,黄正达,2019-07-05 15:04:15,1,5,4,老师水平很高，很注重思维的培养，不预习很快就听不懂了，黄老师平时分几乎都给满，这个超赞！！但忍不住小声bb，第一节课的时候，黄老师明明说，期末85以上就满绩，然而然而……\n\n但总的来说，老师水平高！人好！给分好！但一定要预习！！！
113887,968,黄正达,2019-07-07 23:27:48,7,11,4,莫名感觉黄老师一身江湖气
117490,968,黄正达,2019-09-25 04:13:45,3,5,2,人太好了
117663,968,黄正达,2019-09-28 08:20:17,-2,2,4,好好好
118263,968,黄正达,2019-10-24 04:43:35,1,2,1,激情四射
118951,968,黄正达,2019-11-08 08:46:09,1,4,3,一般般
119133,968,黄正达,2019-11-10 23:58:33,0,4,4,非常幽默，好！
122114,968,黄正达,2020-02-13 12:44:05,2,5,3,黄老师上课上的非常好！
122494,968,黄正达,2020-03-02 10:03:37,-1,3,4,老师人很赞，绝对是个好老师，对待学生认真负责
122918,968,黄正达,2020-04-21 01:42:53,-1,4,5,目前遇到讲解最认真，最投入的一个老师，真的非常棒。
123240,968,黄正达,2020-05-24 12:34:57,0,6,6,黄老师是个好老师，但我们高代的教材就算了。不是老师讲的不好，我们高代教材的思路就让我们难以理解，非常混乱，建议学弟学妹们高代和数分都看看复旦的教材，B站上也有对应的视频，把数学的基础打牢
125193,968,黄正达,2020-09-03 10:12:46,4,7,3,黄老师真的超级无敌好，是我太菜了，对不起老师。最后老师是狠狠捞了我一把
125239,968,黄正达,2020-09-04 08:42:59,-55,14,69,上课不认真，态度不好。老师没有人情味。后悔选了他的课。建议退选。
126209,968,黄正达,2020-09-19 15:16:47,96,106,10,19届老黄高代双满学长，趁还没有忘记前来分享经验>_<\n\n1.先说下辅导书的选择（高代确实需要辅导书）\n\n致想考满绩的学弟学妹：高代一：丘维声学习指导书上册或杨子胥（选一即可）；高代二：杨子胥（慎买丘维声）\n\n致想精通高代，愿意花大量时间的学弟学妹：高代二买丘维声\n\n2.学习方法\n\n高代一：高代一比较简单，大家学的时候应该不会有多大问题，线性映射那边注意点就行。上课注意认真听，课后作业的训练少了点，补充丘维声上册的知识点和习题，期末就会比较轻松\n\n高代二：高代二课本比较杂乱，不易于理解。你们学到中途可能觉得课本讲得不好，然后去看丘维声的视频或者辅导书，但是丘维声的视频和下册的辅导书难度偏大，可能更把你们弄得头大。在无法理解、搞不清整本书在讲什么的时候，最好的办法还是认真看课本，课本上没有的东西先不要扩展太多，先把课本上有的知识点搞懂，然后去做杨子胥，杨子胥上基本的题型都会覆盖，至少你们做了以后能搞懂这块知识点在讲什么\n\n3.值得注意的知识点\n\n高代一：线性映射的矩阵（分清楚单个向量和基的矩阵）、特征值&相似的产生\n\n高代二：jordan那里有两条线：根子空间分解证明了jordan的存在性（根子空间很难，但一般不会考），多项式矩阵的各种因子帮助计算jordan标准型。jordan标准型的意义在于用相似化简矩阵，在幂次、乘积等运算时更加方便。其他几个章节注意定义和基的分解运算即可\n\n由于篇幅有限，更多的内容我打算上传到github中，祝各位满绩！
126307,968,黄正达,2020-09-22 05:56:14,1,5,4,好老师啊，不困了不困了
127295,968,黄正达,2020-11-20 01:12:03,1,5,4,爱死黄老师了哈哈哈哈
127370,968,黄正达,2020-11-21 12:22:19,5,9,4,很好的老师，很有精神，强推。很会讲课育人的老师，很有耐心，教学水平和教学的方法都很nb
128951,968,黄正达,2020-12-27 11:02:01,2,6,4,。。。
130039,968,黄正达,2021-01-15 12:20:30,20,25,5,每次丁丁问他问题都是秒回，我tm还在他课上划水，我是傻逼
130118,968,黄正达,2021-01-17 11:03:02,3,5,2,很好的
130198,968,黄正达,2021-01-19 02:30:14,7,11,4,超级好超级可爱的老师！\n\n课前预习！课前预习！课前预习！\n\n重要的事情说三遍！
131119,968,黄正达,2021-01-26 04:46:11,6,10,4,老师水平真滴高，前后都能串着讲，对于不预习的我来说是真看不懂，所以说，上他的课一定要预习预习再预习。
131707,968,黄正达,2021-01-28 13:32:05,4,8,4,讲的很有激情，就是不预习根本听不懂
132234,968,黄正达,2021-01-31 07:27:21,25,29,4,老师的mooc评论区是我们的快乐来源
132236,968,黄正达,2021-01-31 07:47:39,2,8,6,给分太好了，黄正达yyds
133819,968,黄正达,2021-03-06 15:36:24,1,5,4,老师太好啦，讲课清晰 关爱学生
134061,968,黄正达,2021-03-14 17:27:48,6,11,5,“幽默”
134409,968,黄正达,2021-03-27 06:41:46,-1,5,6,讲课很棒，人很好，作业很多。
134652,968,黄正达,2021-04-07 16:29:49,3,8,5,有趣 但是讲的好慢
134941,968,黄正达,2021-04-24 07:04:23,10,17,7,讲课很棒 作业很多 有时会一本正经地yygq 不过还怪可爱的
135757,968,黄正达,2021-05-23 21:16:30,-63,40,103,以下内容不针对黄老师，仅为我个人在学习线代过程中的疑惑;\n\n1.行列式为何要如此定义，它除了解方程组还有什么作用？\n\n2.矩阵的本质是什么，矩阵乘法为何要定义为前一个矩阵的行与后一个矩阵的列对应元素相乘，它的几何意义是什么？\n\n3.为何我只觉得教材在空降概念，逆序数，矩阵的秩，特征矩阵莫不是如此？\n\n4.为何我觉得教材上的证明佶屈聱牙，思路清奇\n\n5.为何我一学期上下来根本不明白自己学的到底是什么，到底用来干什么的，因为它既不“线性”，也不“代数”\n\n如果自称中国高校TOP3的浙大所开设的一门80%的人都要上的一面基础数学课连这些我认为对初学者来说至关重要的问题都无法回答，甚至上完后除了会算行列式和矩阵外啥都不会，我是否可以断言这门课程的体系设置是很不合理的；同时我注意到本校的线代教材已经使用了20年，这是否意味着线代的教学体系几十年来基本就没变过。\n\n最后，请允许我说，编教材的人是猪，数学科学学院的领导，全是🐖
139401,968,黄正达,2021-07-15 07:33:10,-25,11,36,作业多不说了，上课还讲的乱，还不捞人
141865,968,黄正达,2021-10-28 07:50:24,-1,1,2,好好好
141866,968,黄正达,2021-10-28 07:50:11,-3,1,4,好好好
142417,968,黄正达,2021-11-11 07:12:29,0,4,4,这是个好老师
142418,968,黄正达,2021-11-11 07:12:28,2,5,3,这是个好老师
144058,968,黄正达,2021-12-17 06:30:54,0,2,2,除了不给我说题目怎么做别的嗯挺好
144129,968,黄正达,2021-12-19 05:46:34,-4,3,7,上课还错，其他不行
144562,968,黄正达,2021-12-22 09:55:50,-3,1,4,👍👍👍
145048,968,黄正达,2021-12-27 04:58:13,4,6,2,是好老师
145123,968,黄正达,2021-12-27 13:59:04,16,18,2,虽然我本人比较菜学不懂数学，但是我还是要吹爆黄正达老师，是真正的能够为学生着想的好老师，上课会举很多非常奇怪但是莫名贴合的例子哈哈哈哈哈，把矩阵的三秩合一比喻成三合一洗发水真是太有趣了，助教小哥哥也吹爆。
145183,968,黄正达,2021-12-28 06:02:49,0,4,4,黄老师，牛批plus
145411,968,黄正达,2021-12-29 12:19:35,10,14,4,星星不再是那个星星，正达还是那个正达
145645,968,黄正达,2021-12-31 02:20:02,2,5,3,讲的挺好
145646,968,黄正达,2021-12-31 05:56:01,-2,2,4,上课讲的很仔细，十分风趣
145722,968,黄正达,2022-01-01 02:15:27,12,13,1,老师讲课很认真，但是就比较铁面无私，而且对学生很严格。
145736,968,黄正达,2022-01-01 06:53:43,3,6,3,考前拜一拜，保我线代绩点上3.9。另外老师水平很高，但是编教材不给答案就很难受了。
145861,968,黄正达,2022-01-03 11:56:33,1,14,13,期末考试复习破防，在这里真的忍不住吐槽，老师能不能多讲讲考试会考到的一些常用结论…真的是完全靠自学啊。聪明的学生大胆选老师的课，不那么聪明的就稍微考虑一个讲得更平易近人的老师吧
145999,968,黄正达,2022-01-05 03:06:28,17,20,3,我认为黄老师是认认真真教学的，对学生也很好，如果各位来大学是学东西的，这样的老师是值得选的，黄老师是称的上一个负责任的好老师的，至于说什么听不懂，线性代数本来就很抽象，还是要自己努力，总之这不妨碍他是一个好老师
147498,968,黄正达,2022-01-10 05:49:01,85,115,30,老师上课一板一眼，大家都认为教的挺好的。但是给分实在是让我无法理解，本人因为家里老人去世赶回老家错过了一次小测，老师便将总成绩十分全部扣除。在后期沟通的时候甚至说“我没有允许你回家啊？谁会允许你因为私事回家，你是我教书四十年来遇到的第一个。”个人认为在公平公正面前还是需要一点人情的，如果教书育人只看学生成绩而对学生不管不顾，没有一点人情冷暖的话，我觉得这不是一个好老师。
148129,968,黄正达,2022-01-11 14:36:27,9,14,5,黄正达老师，感谢您，您是我爸爸！\n\n还有很厉害的汪yc助教，也感谢您，您也是我爸爸！\n\n感谢我的爸爸们！
148244,968,黄正达,2022-01-12 03:01:36,12,16,4,黄老师真心想教好学生，但是线性代数上课极少讲例题，作业压力很大，给分也比较求是。
149319,968,黄正达,2022-01-15 05:38:51,18,21,3,上的是线性代数甲，黄老师对学生真的非常负责，加微信咨询问题马上就通过验证了，回答也非常耐心，还有期末考的时候一个老师不认真清点试卷，黄老师直接开骂“我要对学生负责的！”，哈哈哈真的超级可爱……\n\n还有黄老师讲课思路清晰，会讲很多原理性的（貌似把高代的掺进去很多），不希望以考试为导向……不过也可以接受，如果平时搞懂书后习题，弄清楚概念，考试应该是没有问题的
149498,968,黄正达,2022-01-15 15:41:24,9,15,6,三合一洗发水hhh
150469,968,黄正达,2022-01-26 02:52:45,11,11,0,很认真，甚至说不讲情面的老师，在朋友圈里发了他的照片会被他打电话要求删除……\n\n会yygq，但很可爱，会很耐心解答问题\n\n顺便一提，总觉得工科的线性代数内容是不是少了点……寒假自己再看其他书感觉啥都没学过一样
150808,968,黄正达,2022-02-19 00:57:06,3,4,1,老师好可爱，专业知识很强，只是这门课真的太难了
150856,968,黄正达,2022-02-20 01:27:54,50,55,5,黄老师的学术水平应该是很高的，但是他似乎不是很擅长把线代讲明白，毕竟某乎某站讲的比他容易接受多了。他编的这本教材可以和同济版比烂了，顺序有问题，还没有答案，“有答案的线代书就不是好线代书”，那我还真不喜欢了。黄老师尊崇他自己的育人观念，嘴上说的多，落到实处少，可以说是有点固执甚至偏执。作业要查的，点名也有，捞的不多。助教小哥哥不错，认真备课，还有总结册，虽然是有点难。
151248,968,黄正达,2022-02-25 13:37:50,-21,4,25,教得很细，如果课前预习拿满绩很容易
151399,968,黄正达,2022-03-02 07:17:12,0,2,2,困死了呜呜
152210,968,黄正达,2022-03-30 12:50:51,6,8,2,黄老爷很好的人，很认真负责，就是偏向于素质教育的理念可能和现在大学的模式不符合。\n\n还有上学期汪助教真的很赞，有很多独特的见解
153228,968,黄正达,2022-04-27 01:35:17,1,2,1,唱歌CT
153626,968,黄正达,2022-05-06 11:11:27,-13,5,18,绝对的好老师，上课请预习，老师教得很详细，给分超级好，期末没有90也4.8
154356,968,黄正达,2022-05-31 03:11:21,20,21,1,预习要么在课前，要么就在课后
157064,968,黄正达,2022-06-21 22:42:45,2,5,3,老师上课内容虽然难了点，但是你要认真学他会耐心教你的，老师上课的原则性很强，最后给分也很不错
157089,968,黄正达,2022-06-22 01:30:24,28,29,1,先生脑海中有浩瀚宏大的数学宇宙，而我只能窥见几斑星辰。
157178,968,黄正达,2022-06-22 07:23:44,7,8,1,老师对学生很负责，但是给分真的非常求是了
157552,968,黄正达,2022-06-23 16:55:00,1,3,2,专业水平真的很高，可惜我太菜，对不起老师
158141,968,黄正达,2022-06-27 07:10:12,5,6,1,给分极其求是 讲的还很深奥
158155,968,黄正达,2022-06-27 09:09:56,4,5,1,除了ljq 见过最求是的老师...幸亏智云的是汤圆...
159427,968,黄正达,2022-07-18 16:44:20,9,10,1,大家可以听着黄老师的课，看着其它大学的课本（🤥黄老师编的线性代数课本反正我觉得不太好），必要时候可以找教高等代数与解析几何1的老师要一份高代的讲义。\n\n黄老师绝对是个好老师，特别负责任，尤其是在数院学籍管理这一块。
159561,968,黄正达,2022-08-10 02:44:46,-1,3,4,不适合我
160061,968,黄正达,2022-09-12 13:50:19,-5,2,7,老师人不错但是上课节奏较慢第一次上课居然想睡觉了
160153,968,黄正达,2022-09-14 02:15:07,3,4,1,大一上人社学生修线代甲居然觉得可爱
161335,968,黄正达,2022-11-04 08:16:44,1,3,2,在所有线代老师里面确实是最强的
162574,968,黄正达,2022-11-26 01:31:39,10,13,3,不会有人听得懂吧……
162642,968,黄正达,2022-12-01 03:21:12,-1,1,2,黄老师对学生的态度非常好
163211,968,黄正达,2022-12-10 02:51:52,0,2,2,人不错，课还行
163453,968,黄正达,2022-12-14 11:09:56,-2,1,3,老师态度巨好
163830,968,黄正达,2022-12-16 07:53:30,9,10,1,老师人很好，对学生态度非常好\n\n甚至好到对学生也是用“您”称呼，当时真的吓我一跳
164793,968,黄正达,2022-12-26 07:23:32,-1,3,4,线代绝不点名。老师无可挑剔，上课理论为主，我没学好只能怪我不努力。
165125,968,黄正达,2022-12-29 08:43:04,8,9,1,黄老师本身没有问题，但是他线性代数课程的内容和作业非常脱节，从来不讲做题会需要的结论技巧，非常钟爱自己编的书里面的内容和一些口头上让人听起来非常尴尬的比喻，而且可以说听不听课对作业的完成没有任何影响。只能说上课很简单，作业真的写得很辛苦。而且作业量真的挺大，有时候一次作业可以写到五六面A4纸的量，更不用说写不出来的。
166255,968,黄正达,2023-01-11 14:43:23,2,7,5,给十分吧，对本科生真的好，但有次小测助教提前开始他发好大的火....感觉老师是有原则的人，但是发火和他给人的感觉真的很不一样，吓死我了qwq，但是我不是助教，一学期下来感觉还不错，老师真的很关心学生啊，小测还有补测，每次通知都很及时，最重要的是，专业能力过硬，这才是浙大的好老师！赞！
168414,968,黄正达,2023-02-16 07:19:13,-1,1,2,好好好
168865,968,黄正达,2023-02-23 05:08:37,1,2,1,老师上课专业性和逻辑性非常强，又有点幽默，只要你课前做好预习（预习至少20页），会觉得老师讲的非常好，收获也会很大！（认真听的话，一个下午会很充实）\n\n老师的作业是挺多的，每次都是话一个乃至两个下午去完成的，可能线性代数的抽象性就体现在这里。但是只要把这些布置的题目给完成，就能收获理论与实际的双丰收！\n\n最后给分是按程序走的，期末90分以上就能有比较好的绩点。
168868,968,黄正达,2023-02-23 05:34:20,3,4,1,及其求是吧，但态度确实好，就是教学纯理论，与考试脱节，对于以成绩论的话不推荐
168877,968,黄正达,2023-02-23 07:48:13,3,4,1,老师mooc还算清楚，算比较有激情，适合预习。然后mooc上的选择题有些和第二次小测相似。
168934,968,黄正达,2023-02-23 14:21:47,0,2,2,太求是了
168936,968,黄正达,2023-02-23 14:26:13,2,4,2,黄老师是一个非常求是的老师，因此我也给个求是的分数。\n\n其实人挺好的，对同学的态度也不错（尤其是成绩好的）\n\n可惜这本教材给他减太多分了哈哈哈
168985,968,黄正达,2023-02-24 02:35:58,5,5,0,虽然我线代挂了，但是我还是给了9分，老师讲的很好，但是不预习的话很快就跟不上了，而且作业少交一两次也没关系，作业分给满了，只是老师比较求是，只捞一点点
169129,968,黄正达,2023-02-24 11:38:29,0,3,3,好老师，据说2022秋冬的线代有35%的人做了线性代数的MOOC但是没有加spoc班级（明明平时说到烂了），导致这些同学这一块成绩组成没分，黄老师硬是等他们来查分（而且态度还很好不摆架子！！！）\n\n虽然本人的线代算是寄了，不过只要你选到了黄老师就偷着乐吧
169202,968,黄正达,2023-02-24 15:39:40,3,4,1,黄正达老师你就是我的再生父母啊啊啊啊啊啊啊，线代总评差一点几分到六十，而且听说黄正达老师很求是，所以以为自己要挂了，但是出分60被捞了，呜呜呜呜老师真的太好了，都去选他的线代，讲的好，而且允许作业一学期差一两次没交，但是我自己后面听不懂了就没认真听，对不起老师，老师真的谢谢你呜呜呜
169252,968,黄正达,2023-02-25 04:06:06,15,17,2,我来说说吧，我是那个没有加入spoc班级的那个人，也是我主动找hzd去沟通，给hzd和辅导员之间搭桥的同学，其实说实话，我内心还是对他挺有意见的。\n\n首先，我得知自己没有加入spoc班级的时候，我很着急去寻找hzd，因为在开学时，我再三确认了我是否加入了正确的班级，然后他说对，但其实我加入的不是spoc班级，这事还不算什么，更绝的是，当时很多人mooc没成绩，问他解决方法，他说要找教务处，然后我们联系辅导员，辅导员说会和教务处联系，教务处给出的解决方法是老师申请就可以，但是之后反映到hzd那边的时候，hzd骂辅导员只会打江湖（这个词可能是杭州话），反正语气很凶，我就不理解了，辅导员有什么错，她们帮忙反映问题，还要挨骂？自己说的去和教务处反映，结果又不认账，这算什么？\n\n（我自己的一些怨气）
169270,968,黄正达,2023-02-25 06:27:31,3,4,1,极其求是
169386,968,黄正达,2023-02-26 01:39:15,8,8,0,老师不点名，是很有水平的好老师，对教学方面也很负责，但给分极其求是，差0.1能四舍五入上一档都不会捞的那种求是，数学水平一般想拿高分的话不建议选。。。
169422,968,黄正达,2023-02-26 05:46:24,4,6,2,怎么说呢，老师其实真的是非常好非常有激情的老师，平心而论，教学水平在所有老师中算是上乘，而且他用他自己的教材是有加成的！别的老师用都不一定很好，但是他用就知道自己的教材有什么没什么。另外他的课由于他自己的激情四射可以相较其他老师有更好的效果！（真的是对比出来的）其实说是听不懂的是因为线性代数真的很难很抽象，跟老师本身关系不大。另外那些说老师态度不好的人，其实是因为碰到了老师的逆鳞，因为我是跟黄老师交流比较多（大社牛一个），所以我知道他如果发现你问的是他讲过的事情并且他发现你真的是没有任何影响，他就会心情不好。然后他其实是一个非常在乎教学公平以及学生素质的老师。从第一次小测他怒斥助教（因为发卷子顺序导致不公平）到之后他解决关于SPOC课程的事情，其实他都是害怕损害到课程的公平性，害怕因为某些原因最后的分数并不能体现出学生的真实成绩。然后以至于最后老师并不调分数（我差0.3下一档）其实都是因为老师觉得这就是公平。我实在是觉得这无可厚非，而且其实很让我心服口服。而且在这里表白助教老师pzn和lad，两位老师尽职尽责，上习题课两节甚至内容都不一样，有梯度就导致两个老师都要备课，另外两个老师在大年三十都非常耐心地解决我的（弱智）问题，让我非常非常感动。所以我会坚定地给老师打10分，由于他的班上预置的是一半公管一半工信，在理科学习能力上有着明显的区别，但是老师已经很好的让两种学生都学到东西了，虽然难免有让同学不开心的地方，但是我愿称之为最好的线代老师。
169689,968,黄正达,2023-02-27 11:49:27,2,5,3,给分特别求是，如果是为了绩点建议再看一看，不过老师很认真，态度非常好，很敬业。
170253,968,黄正达,2023-03-02 08:42:27,7,15,8,讲课个人感觉没有水平很好，没有评论中的那么好，至少我自己是全程听不懂跟不上然后自学的【期末也考了快90分（卷面）】。这个可能是我个人问题不是老师的问题。但是！但是助教觉得小测太难，提前几分钟发卷子，你骂那么凶干什么？自己没当过学生吗？我觉得忍不住想替助教骂你两句。对学生态度倒还不错。给分就...呵呵。上大学第一门总评没有期末卷面高的课。听我说谢谢你。
170340,968,黄正达,2023-03-03 03:17:36,1,4,3,黄老师的课特点很清楚：\n\n1.专业水平高。\n\n2.给分极其求是\n\n\n\n因为平时分一点点都不会捞所以平时分反而显得更重要了。\n\n但是黄老师讲课还蛮好。
170442,968,黄正达,2023-03-05 03:21:43,4,8,4,首先是给分很求实，一点都不会捞。老师自身水平很高，但是讲课没有太好。lz上课基本都是自己看书自学，比听课效率高很多
170833,968,黄正达,2023-03-10 07:44:12,2,6,4,给分极其的求是，想要高绩点只能说快跑，哪怕是sys也好！
170866,968,黄正达,2023-03-10 17:35:02,8,9,1,讲课不多说了，老师水平是很高的但是三节连上的课真的没有讲的很详细易懂（当然能不能跟上也和个人水平有关\n\n老师的人品是真的钦佩。极其敬业，求是，严格，为了给同学改mooc成绩在办公室全天等候连着几天，不管什么时候问问题绝对12小时内答复，即使是看起来很蠢的问题。而且他真的是用一个平等的姿态看学生，对每个人都很尊重，也会仔细听你的观点。这种很有原则的老师即使不捞也称得上是一个好老师。
171122,968,黄正达,2023-03-16 08:22:29,9,13,4,老师人格魅力满分，有真正的学者气度。他会竭尽所能做到所有他认为应该尽的责任，也把学生当成一个个值得尊重的个体看待，在钉钉群里都用“您”来称呼学生（很真诚的那种），原则底线很明确——他保证做好自己职责内的事，而学生要按着规则来，一次小测助教发卷顺序有问题，他发了很大的火，因为他觉得这样很大影响了考试公平；一次教室后面的电子屏幕出了点小问题，他很严厉地跟一直修不好的工作人员说“学生的时间耽误不起，不能让后面的同学听不上课”。\n\n期末应该是没有捞的，但对交作业什么的比较宽容，作业允许补交，少交两到三次都会给满分。\n\n虽然我绩点很低，但是我的错，还是给老师打满分
171955,968,黄正达,2023-04-13 13:14:48,9,11,2,太求是
172086,968,黄正达,2023-04-19 06:26:32,-8,1,9,线代救星
172539,968,黄正达,2023-04-29 05:35:56,-12,5,17,楼下那个卷面90总评不高的在狗叫些什么，自己平时做不好怪老师？黄老师平时分给的还不宽松吗？小测作业MOOC都不算难拿分，期末考考好了就可以这么胡说八道了？
173908,968,黄正达,2023-06-04 10:44:43,11,16,5,课友家里有人去世了，小测想请假回家一趟，hzd还yygq不同意，而且不给补考的机会。你们自己去品吧他是什么样的人。
174198,968,黄正达,2023-06-07 08:39:05,7,10,3,给分求是，期末90+，期中80+被卡绩4.2
174559,968,黄正达,2023-06-14 05:20:19,5,9,4,黄老师对知识很有自己的看法，是个不折不扣有知识有涵养的学者，教学能力没话说。但是对学生会比较严格，而且很求是不捞人，小测也不太好水的。\n\n助教wxkgg我吹爆，他人真的超好！虽然板书有点不清楚，但他真的很认真的备习题课，而且很理解大家，是个不折不扣的憨憨好助教！
174758,968,黄正达,2023-06-17 05:09:24,4,9,5,如评论区所言，非常求是，一点不捞。如果不是对自己成绩非常自信，不建议看到老师分高就无脑冲。毕竟选别的老师也能选择听像黄老师这样好的的老师讲课，但是打分有可能就有较大差别了…
175479,968,黄正达,2023-06-25 07:12:45,5,8,3,给分求是，上课不知道在讲啥 哈哈哈
176888,968,黄正达,2023-06-30 14:20:57,1,10,9,我吹爆wxk助教小哥哥！真的超级好！
176986,968,黄正达,2023-07-05 08:25:26,11,15,4,我觉得黄老师十分正直，十分具有学者风范，每一次讲课都充满激情，对待学生所反应的问题也都能够进行一个及时地解决和处理。对于mooc，黄老师也是反复要求一定要加入spoc班级。这是由于平台因遵从国家法规屏蔽了学生的个人身份信息，只有学生加入spoc班级之后，才能取到学生的mooc成绩。不加入spoc班的学生的成绩就缺一块，就无法计算最后的分数。此外对于我们广泛存在地问题例如讨论区讨论了8次但没有完全计入分数的问题，黄老师并没有用规则搪塞我们，而是积极调查查看是否是一个共性问题，不怕麻烦地给大家订正。可能我们换位思考一下，我们的一点点要求积累起来就会给黄老师增加很大的工作量，老师还能对我们一一回复真的是不容易了。老师们只能从spoc班级提取到大家的成绩，这个成绩而且让大家在传入最终的教务系统之前进行了反复的核实。向教务部门申请改分，那个只能在最终分数出现差错时用，而不是查看是否从spoc中提取出来了数据。\n\n黄老师真是的是一个好老师，选到了就偷着乐吧。
177912,968,黄正达,2023-07-05 11:14:50,2,4,2,给分求是
179096,968,黄正达,2023-08-27 15:20:22,-4,1,5,好！好老师！
180392,968,黄正达,2023-09-21 10:54:52,-3,5,8,好老师，不知道评分为什么才9.7
181138,968,黄正达,2023-10-10 01:59:23,6,9,3,老师太可爱了！！\n\n“我们发作业本是按姓氏字母来的”\n\n“您贵姓啊？”“x？x还没叫呢”
181494,968,黄正达,2023-10-19 07:33:30,-6,4,10,上课节奏很快，不预习的话可能会跟不上\n\n给分很求是
182069,968,黄正达,2023-11-11 15:52:57,12,18,6,人很有学者风范，很礼貌，对学生用“您”，但讲课水平不敢恭维，3节课内容不如mooc二倍速讲的明白，上课还不讲例题，建议自学
182279,968,黄正达,2023-11-14 03:21:06,3,5,2,好云里雾里
183552,968,黄正达,2023-11-27 09:58:46,9,17,8,大三了，回来给黄老师打个10分。之后就很难再遇到（基本上没有）像黄老师这样手推公式的老师了（大部分老师属于是读ppt都读不明白）...... 黄老师的课给我的线代打下了很好的基础。建议暂时不要因为所谓的给分求是就给黄老师低分，如果能在黄老师的课上学到真知识的话对后面的其他专业课帮助远大于所谓被卡绩的代价
183965,968,黄正达,2023-12-05 04:16:11,9,18,9,编的书那么sb怎么能给这么高的分？
184104,968,黄正达,2023-12-09 09:09:04,13,26,13,编的书一坨屎，毫无逻辑，上课推导不知所云，远不如他自己录的mooc放2倍速，更不如汤树元老师的PPT逻辑清晰，知识与题目并重，助教wxk讲课水平也很差
184749,968,黄正达,2023-12-22 12:10:29,-1,5,6,上课态度极其认真负责，上课非常投入，声音洪亮，底气十足，虽说编的书略显抽象，但是这名老师对于教育的一腔热忱令我深受感动，满分
187360,968,黄正达,2024-01-15 15:11:37,6,10,4,用同济版的线代教材吧，谦虚一点，不是这么创新的
187557,968,黄正达,2024-01-16 14:27:36,-10,7,17,老师很棒，骂他的都是自己水平差
187572,968,黄正达,2024-01-16 15:11:13,0,4,4,老师讲的特别好
187598,968,黄正达,2024-01-16 17:17:36,-1,5,6,我觉得黄老师讲的也还不错，就是有点快了。另外我觉得我们的助教孙老师水平真的很好，也很耐心，还把一些讲解放到b站。菜菜龙可是帅帅龙哦
187603,968,黄正达,2024-01-16 17:50:04,0,4,4,给wxk助教gg打个满分！不管多蠢的问题都会耐心回答，而且会在卡绩的时候伸出援手。习题课上补充的内容也非常有用，能很好地与黄老师的课程相辅相成。
187680,968,黄正达,2024-01-17 05:38:19,17,19,2,辩证地讲，黄老师很有师风师德，对学生很用心礼貌，任何问题都会及时认真地回答，这点我给满分。但是实话讲，不愧是缑氏线代教材的主编之一，上课尽管嗓门大中气足却逻辑不清晰，让人难以把握重点；讲课一直纠结于定理的条条框框，应用几乎不提，而每周仅有一次的习题课显然难以覆盖考试所有的题型；可以说前半学期完全学不明白。\n\n还好老师不点名可以翘课，不如去听智云和b站的mit，当然各位每周记得交作业。\n\n最后再狠狠点赞wxk助教，认真负责还愿意捞，真的超级喜欢！
187802,968,黄正达,2024-01-17 13:37:07,0,5,5,不怎么听他的课最后满绩了助教很能捞，老师挺有趣但是上课很想睡
187803,968,黄正达,2024-01-17 13:37:07,-9,2,11,不怎么听他的课最后满绩了助教很能捞，老师挺有趣但是上课很想睡
188272,968,黄正达,2024-01-18 14:06:26,16,17,1,黄老师上课很认真，也很尊重学生。但是他的课对于期末考试和小测帮助不大，缺乏实用性，理论性太强。而且他编的教材实在不太行
188392,968,黄正达,2024-01-19 01:56:54,3,5,2,老师很认真，人品很好，但是不捞，讲课有些抽象
189359,968,黄正达,2024-01-23 11:29:56,20,21,1,黄老师人很好，对学生称呼“您”，上课很认真，比较严格。但是编的教材不敢恭维。
189994,968,黄正达,2024-02-07 04:19:29,14,19,5,您编的线代书您自己能看懂吗？
190789,968,黄正达,2024-03-19 06:59:06,-1,6,7,讲的细致清楚，会认真一步一步地推导公式，对证明题帮助很大。在老师身上感受到了学者风范，满足了我对大学教授的期待！
191599,968,黄正达,2024-04-25 15:37:28,2,3,1,黄老师很有学者风范，平时说话做事都很严谨认真，wxk助教也挺有趣的，平时的作业分慕课分都挺好拿，小测和最后的期末考就靠出题难度和考时的灵机了，不过老师应该是不捞人的（记得好像第一节课就明示了？）
193867,968,黄正达,2024-06-20 10:58:59,0,2,2,认真听课基本是听得懂的，比起其他的线代老师讲得已经非常好了，外加课后复习期末考不会太差，
196199,968,黄正达,2024-07-02 07:02:23,2,4,2,线代很努力学，最后证明题也完全不会，不过证明题不太影响分数，老师更是特别特别好，助教讲得也很好，好好学给分不差的。教材不适合学习，推荐吉米多维奇，对付小测很有用。
196327,968,黄正达,2024-07-03 02:00:54,21,23,2,黄老师这学期开始点名了，“为了把学生从寝室里赶出来”。\n\n一学期上下来的感觉是，黄老师确实是一个非常认真、负责的老师，会在考试前专门抽额外的时间借教室给我们答疑，钉钉上问问题也总是秒回。在这个层面上我认为他是一名好老师。\n\n但上课体验真的很差，夏天天气闷热，好几次听的人都有点恼火。也许是因为黄老师上课比较偏重理论，上课几乎不讲例题，侧重理论推导，而推导过程讲的也不甚清楚，听起来枯燥且令人困惑。就算点名到课的人数似乎也只有一半，全程听下来的同学少之又少，跟得住老师思维的寥寥无几。自己已经算是上课非常认真的那一类了，上到后面听完黄老师的课后还是半懂不懂，需要再听一遍tsy老师的智云或者是b站。\n\n选到黄老师的课这边建议是上课直接坐在教室里等点名听别的老师的智云即可，不要像我一样老老实实听了一学期自我折磨😩
199465,968,黄正达,2024-09-24 06:28:59,8,11,3,怎么说，我觉得同济的教材变得更好，从例子中逐步引出各种概念，至于黄老师的教材，不敢恭维
199673,968,黄正达,2024-09-27 08:51:16,15,16,1,黄老师的含金量绝对在Mooc，真的把复杂的概念讲的非常简明，而且对与行列式繁琐的证明在mooc上做到了相当直观的可视化，拯救了678节极其容易走神的我
199875,968,黄正达,2024-10-06 04:03:39,20,21,1,hzd编的的线性代数教材就是臭勾石，学的越深越觉得它屁都没讲
201344,968,黄正达,2024-11-01 02:44:05,17,20,3,编得什么辣鸡勾史教材
204721,968,黄正达,2024-11-27 13:25:52,3,4,1,其他不论，慕课满分
205483,968,黄正达,2024-12-07 12:42:49,21,21,0,助教hyz简直是神，备课认真，上课严谨，总是耐心回答同学问题，而且擅长海底捞！
207623,968,黄正达,2024-12-23 10:15:28,4,5,1,助教hyz哥哥实在太好了，传奇海底捞大师，习题课上的特别好
210281,968,黄正达,2025-01-08 16:55:37,4,6,2,期末卷好难
210491,968,黄正达,2025-01-09 08:44:10,5,8,3,教材编的太差了
210524,968,黄正达,2025-01-09 09:59:44,8,8,0,老师真的挺好，讲的很清晰，经常会给出让我耳目一新的逻辑思路，期末出分了，但还是求是地给老师一个十分。还有助教gg真的超级超级好，会给出很详细的答案，平时有问题问他钉钉回复也超级快，大爱hyzgg！
210578,968,黄正达,2025-01-09 11:32:31,4,6,2,老师非常负责，也十分关心学生，尽管课程压力很大，但老师在每章结束后会抽一点时间讲一下本章的习题。老师的水平非常高，并且会拓展一些跟计算数学有关的内容。助教哥哥非常友善，平时问问题也回复地很快。
210587,968,黄正达,2025-01-09 11:40:57,6,8,2,高代，非常好的老师。上课逻辑很清晰，讲得也很明白。同时也是一位非常负责任的老师。\n\n助教hyz也好好！
210635,968,黄正达,2025-01-09 13:50:46,5,5,0,很认真负责的老师，会捞低分，不卡绩
211036,968,黄正达,2025-01-10 11:32:32,7,10,3,老师人非常好，上课精气神十足，讲课思路和板书都逻辑清晰而且非常仔细，对我这种从不预习课本的人简直是太友善了。老师人非常好，会郑重地向指出板书错误的同学道谢，问问题的话会很认真的解答（本人曾经在周二问过一道题，然后老师又在周四课下把我叫住讲了另一种方法，真的是对教学非常上心）。但这次对于期末考试老师是真的生气了，虽然说今年题型大变，但其实都是教材里面的东西，只能说很多同学（也包括我）看书还是不够仔细认真吧。虽然考得不好，但还是希望老师捞一下。
211089,968,黄正达,2025-01-10 14:20:09,14,15,1,真的感觉有愧于hzd老师，这学期纯玩了，没有放太大精力在高代上，因此期末考也考得一团糟。老师教训的是。作为一个想转专业进入数院的人平日里却根本不碰数学，或许真应该想想我自己为什么要去数院了。
212550,968,黄正达,2025-01-14 07:32:37,0,2,2,非常好的老师
214296,968,黄正达,2025-01-31 12:13:35,0,1,1,555
218089,968,黄正达,2025-04-20 18:11:38,-1,0,1,123
218983,968,黄正达,2025-05-16 08:10:11,1,2,1,老师您教室的智云是真lj，经常音频缺失一段，或者卡一卡的，如果不是设备问题那可能是您时不时手持话筒误触把声音关掉，或者因为误触一会儿用手持话筒录声音，一会儿用讲台上的录。。。听的真的很崩溃啊啊啊啊啊啊啊啊啊啊啊啊啊啊啊
221690,968,黄正达,2025-06-25 08:59:14,1,1,0,平时从来不点名，小测隔位就坐，老师一般喜欢出课本上的习题或者定理证明，目的是要引导我们看书。个人感觉老师的课上的还不错，声音很洪亮所以不容易睡着，但是强烈建议在上课之前先预习一下课本，不然的话很有可能不知道老师在讲什么，上课体验不是很好，老师经常会上课讲一半，留一点问题给我们自己思考。而且他平时上课的顺序是他根据自己的理解来安排的，所以跟课本上的顺序很多时候都不一样，而且课本上有些内容他是不会讲的，或者是一下就带过去了，这点需要同学有一定的自学能力。
110,997,童雯雯,2015-03-14 15:57:05,25,38,13,老师教的很好
385,997,童雯雯,2016-06-15 05:55:27,371,417,46,童老师的课生动活泼。在紧张之余可以换换脑子。讲课很细致，学习效果很好
427,997,童雯雯,2015-03-15 02:14:45,24,31,7,很舒服，很快乐。题目很细致的。
447,997,童雯雯,2015-03-15 02:33:34,4,11,7,知识点清楚，课堂气氛又比较轻松，非常好。
601,997,童雯雯,2015-03-15 06:34:15,5,16,11,微三作业特别多
718,997,童雯雯,2015-03-16 02:23:41,36,46,10,很棒很关心同学，给分好
733,997,童雯雯,2015-03-16 06:09:39,-30,16,46,雯雯人是很好的～\n\n但是觉得讲的一般 真的……\n\n可能自己不太习惯于拿张纸念的数学课吧……
752,997,童雯雯,2015-03-16 09:02:47,188,203,15,渣成一片的微积分在她手里奇迹复活。。就是喜欢这种一本正经说笑的老师！
794,997,童雯雯,2015-03-17 04:26:31,67,74,7,真的是好，人好讲的也好！
824,997,童雯雯,2015-03-17 14:54:11,16,28,12,上课节奏挺好的 照着书本来的 一般认真点都能跟上 老师也挺有趣
876,997,童雯雯,2015-03-18 09:14:44,17,26,9,很好的老师
1010,997,童雯雯,2015-03-21 08:22:24,37,43,6,很幸运上她的课\n\n”
1300,997,童雯雯,2015-03-21 18:13:38,140,153,13,上课很耐心负责，虽然唠嗑她女儿，但真的很为我们找想
1381,997,童雯雯,2015-03-22 01:25:44,241,281,40,就像妈妈一样，对学生十分关心。大一上是她教的微积分，在她的不停鞭策下，认真学习。上课按她的说法是照本宣科，但是我觉得没什么不好，这样复习的时候看书就看懂了。
1652,997,童雯雯,2015-03-23 06:02:24,2,9,7,超级搞笑
1706,997,童雯雯,2015-03-23 10:34:05,2,8,6,很棒哦
1783,997,童雯雯,2015-03-24 14:56:32,61,70,9,童老师人特别好
2021,997,童雯雯,2015-03-29 13:45:23,6,11,5,讲得很细致，课堂氛围也很好
2072,997,童雯雯,2015-03-31 11:05:00,7,13,6,很好的老师
2968,997,童雯雯,2015-05-12 02:29:33,10,18,8,简直棒呆
3019,997,童雯雯,2015-05-13 02:28:48,30,38,8,老师很棒，女神啊
3123,997,童雯雯,2015-05-15 05:01:32,5,11,6,讲课认真负责 手把手教 上她的课很容易听懂
3779,997,童雯雯,2015-06-17 04:09:54,10,13,3,经常唠嗑~~@
3799,997,童雯雯,2017-12-24 09:54:55,52,84,32,黑矿爷。。。\n\n
4128,997,童雯雯,2015-06-18 01:44:16,1,6,5,条理十分清楚，抓的出每一处重点！
4280,997,童雯雯,2017-08-28 02:56:56,18,24,6,好老师啊，讲课很有趣，各种笑料，可惜微积分自己没学好，有点愧对她老人家
4313,997,童雯雯,2015-06-19 02:08:51,21,24,3,微一挂了 微二修的是她的课上4了
4430,997,童雯雯,2015-06-23 02:47:56,7,12,5,上课挺好玩儿的
5317,997,童雯雯,2015-07-06 14:17:24,0,4,4,赞
5331,997,童雯雯,2015-07-06 16:53:10,-1,2,3,教得很好
5535,997,童雯雯,2015-07-09 07:53:58,0,3,3,好老师\n\n
5559,997,童雯雯,2015-07-08 08:38:53,25,33,8,我只想说一句，大爱童雯雯！童雯雯炒鸡棒！如果你是学渣，童雯雯可以带你飞，真的。
5771,997,童雯雯,2015-07-09 09:39:33,1,3,2,好
5848,997,童雯雯,2015-07-09 15:04:44,-2,2,4,灰常有趣
6092,997,童雯雯,2015-09-15 08:41:05,-1,2,3,很棒的老师
6230,997,童雯雯,2015-07-12 07:14:51,1,6,5,童姥姥超级棒！！人也很有意思～逗乐。上课都很开心的✌️
6775,997,童雯雯,2015-07-23 01:42:57,5,15,10,尽管好评如潮，尽管上课的说书很有意思，但是上课节奏并不适合我，慎重选择
7235,997,童雯雯,2015-09-12 01:53:02,10,13,3,shuang，老师很好，当时就没好好学，空悲切
7260,997,童雯雯,2015-09-12 10:19:02,0,3,3,爱拉家常，很搞笑。上课也上的挺好
7264,997,童雯雯,2015-09-12 11:12:03,1,5,4,非常棒
7493,997,童雯雯,2015-09-15 00:06:42,7,11,4,很喜欢这种偶尔能闲扯几句的老师
7500,997,童雯雯,2015-09-15 00:43:22,3,6,3,真啰嗦，但我还是要打十分
7591,997,童雯雯,2015-09-15 06:17:00,24,29,5,听童姥姥讲过去的故事
7699,997,童雯雯,2015-09-15 09:59:55,3,6,3,不错 上课很活跃\n\n
7892,997,童雯雯,2015-10-08 03:32:39,5,11,6,真女神
8054,997,童雯雯,2015-09-17 00:22:02,1,5,4,講課細緻，像媽媽一樣\n\n
8098,997,童雯雯,2015-09-17 03:39:24,2,4,2,开心
8103,997,童雯雯,2015-09-17 04:22:41,3,5,2,上课不错\n\n
8190,997,童雯雯,2015-09-17 10:56:04,71,81,10,太棒辣。帮雯雯刷到10分。
8232,997,童雯雯,2015-09-17 15:34:02,0,6,6,一本八道的好老师。温暖的感觉。但学习自己要努力。
8262,997,童雯雯,2015-09-18 01:50:04,0,4,4,女神女神！超喜欢她！
8276,997,童雯雯,2015-09-18 02:41:21,11,14,3,果断好评啊！上课总是爱提她女儿外加黑矿爷 上课很有意思啊~
8308,997,童雯雯,2015-09-18 06:48:50,1,4,3,好好的老师
8380,997,童雯雯,2015-09-20 10:40:45,4,5,1,非常好哒
8484,997,童雯雯,2015-09-22 00:16:21,1,3,2,只能说好
8662,997,童雯雯,2015-11-09 15:16:12,-1,2,3,很棒的老师 特别喜欢她
8844,997,童雯雯,2015-09-29 01:23:10,-1,1,2,紧张之余也有放松的时候，讲得很仔细。\n\n
8982,997,童雯雯,2015-10-08 03:32:47,0,1,1,哈哈哈
9160,997,童雯雯,2015-10-15 06:33:38,0,1,1,非常好\n\n
9315,997,童雯雯,2015-10-21 06:25:32,3,10,7,真的很和蔼很亲切.原来到大学了还会有老师一直念叨说你们一定要好好学习作业要做要复习…瞬间感觉自己回到了高中感觉还被爱╮(╯▽╰)╭
9423,997,童雯雯,2015-10-27 01:43:44,1,3,2,简直就是一种享受，很有亲和力有良心的好老师
9543,997,童雯雯,2015-10-29 14:48:44,-9,5,14,老师闲话真的很多 可能是我自己不适应吧 老师能够专注课本内容讲的细致点就好了
9737,997,童雯雯,2015-11-06 14:55:33,-2,1,3,好老师\n\n
10192,997,童雯雯,2015-11-17 09:56:58,0,1,1,老师太可爱了
10356,997,童雯雯,2015-11-18 08:03:10,1,2,1,最喜欢的数学老师没有之一
10368,997,童雯雯,2015-11-18 09:15:43,1,3,2,老师很好，给人的体会很多，学到了很多东西
10872,997,童雯雯,2015-11-23 07:58:54,-1,1,2,很亲和，回邮件很认真，只要认真听肯定很透彻
10964,997,童雯雯,2015-11-23 13:35:51,2,7,5,美女数学家
11037,997,童雯雯,2015-11-24 03:14:26,-1,1,2,太幽默了，老黑杨海涛和矿爷
11420,997,童雯雯,2015-12-01 00:55:50,-1,1,2,很好的老师
11529,997,童雯雯,2015-12-03 16:26:22,2,4,2,真的讲故事
11612,997,童雯雯,2015-12-08 01:22:07,0,2,2,爽啊飞起来了
11660,997,童雯雯,2015-12-09 13:48:53,3,6,3,上课虽然快 但是经常鞭策我们去看书做题 很好
11703,997,童雯雯,2015-12-11 23:47:39,0,1,1,童老师讲课很细致
11934,997,童雯雯,2015-12-21 11:07:34,1,5,4,还想选
12117,997,童雯雯,2015-12-22 02:10:43,0,2,2,老师人超级好，超有爱～
12148,997,童雯雯,2015-12-22 05:28:18,1,3,2,老师人很好 跟她提建议 她一直用行动说明她是一个好老师
12527,997,童雯雯,2015-12-23 12:03:43,4,9,5,旷野是什么，能吃么，点名是什么，能吃么，迟到是什么，光荣啊
12600,997,童雯雯,2015-12-23 14:48:00,13,17,4,童姥姥，听了你绝对不会后悔。这是一个有故事的人。习题课是特色呦
12622,997,童雯雯,2015-12-23 15:45:56,-2,1,3,是个好老师
12677,997,童雯雯,2015-12-24 01:18:32,-1,3,4,是个好老师。推荐
13882,997,童雯雯,2016-01-01 14:29:50,0,2,2,雯雯必须10分，老师真的能带我们这种学渣飞
14269,997,童雯雯,2016-01-06 03:23:51,3,5,2,上了她的高代 上的神快 但是一直催我们好好学习 监督我们 非常好的一个老师 很关心学生 上课时会扯蛋 很逗
14955,997,童雯雯,2016-01-11 08:22:17,1,5,4,特别棒的一个老师\n\n
15165,997,童雯雯,2016-01-12 09:40:00,-1,3,4,上课很幽默很轻松
15188,997,童雯雯,2016-01-12 13:40:31,1,4,3,老师真心是给分小天使，人也超好，很关心学生！
16375,997,童雯雯,2016-01-18 04:01:57,1,4,3,非常好！
17007,997,童雯雯,2016-01-19 12:24:12,-1,2,3,好老师。仔细负责
17045,997,童雯雯,2016-01-19 13:51:30,2,4,2,童老师草鸡好，满满的师生情，给分很好…
17065,997,童雯雯,2016-01-19 14:09:12,0,3,3,完美！
17249,997,童雯雯,2016-01-20 02:39:45,0,2,2,很好的老师
17323,997,童雯雯,2016-01-20 04:36:31,0,2,2,文科生表示真的很喜欢童雯雯啊 微1最后也还可以 满足了
18613,997,童雯雯,2016-01-22 06:28:52,1,3,2,此生无憾
18817,997,童雯雯,2016-01-22 14:55:29,0,3,3,大爱童老师
18979,997,童雯雯,2016-01-23 08:09:58,1,3,2,作为文科生，能听懂的时候不多，但是如果认真预习，跟上节奏，会发现女神讲得实在不错。给分也比较仁慈，虽然自己成绩不好，但是个好老师
19618,997,童雯雯,2016-01-25 03:07:21,-1,1,2,棒就一个字 我只说一次  上课经常鸡汤  非常有趣  按她要求去做真的会有好结果的
20366,997,童雯雯,2016-01-27 07:16:27,2,3,1,讲的好
20761,997,童雯雯,2016-01-31 05:53:40,1,5,4,旷野是什么，能吃么，点名是什么，能吃么，迟到是什么，光荣啊666这么幽默的老师上课不会睡觉了hhh上课也上得好，必须10分
20904,997,童雯雯,2016-02-03 11:02:08,-2,2,4,老师棒棒嗒
21159,997,童雯雯,2016-02-23 09:54:27,0,2,2,童雯雯一生推，大爱我们的雯雯
21447,997,童雯雯,2016-02-29 01:33:27,0,3,3,老师对学生很关心，像妈妈一样。上课喜欢拉家常，讲得不错，没口音。
22053,997,童雯雯,2016-03-02 07:53:35,-1,1,2,挺好的，就是有点快
22199,997,童雯雯,2016-03-03 02:12:02,1,3,2,好好好
22352,997,童雯雯,2016-03-04 02:01:31,-6,9,15,上课废话太多了
22399,997,童雯雯,2016-03-04 08:23:48,3,4,1,非常棒！
22626,997,童雯雯,2016-03-09 02:18:41,0,3,3,像我这种渣渣都爱上她的微积分课
22698,997,童雯雯,2016-03-10 03:14:40,-1,5,6,学霸好无聊…
22701,997,童雯雯,2016-03-10 04:07:52,-1,3,4,童姥姥，就是那种就算给分不高，你也愿意去上，但是给分又炒鸡棒的姥姥
23204,997,童雯雯,2016-06-27 03:40:28,-13,6,19,打满分为期末考攒人品
23477,997,童雯雯,2016-03-31 02:41:18,0,0,0,好老师啊真可爱
23717,997,童雯雯,2016-04-13 11:06:38,1,1,0,挺nice的
23731,997,童雯雯,2016-04-14 02:09:20,127,133,6,2016年4月14日上午连上五节课，嗓子很难受，却坚持用“气声法”上了5节！心疼，不能再赞！
23736,997,童雯雯,2016-04-14 04:16:11,38,40,2,童老师人特别特别好！上课讲的很仔细，然后也很少讲课本外的东西这样复习看书就能懂了。上课会一本正经讲笑话，很有趣的。上课飞一样的快，但是会讲很多习题课，期末复习时间也很足，特别适合我们这些渣渣 (¯▽¯)~非常敬佩的是，她有个星期喉咙根本讲不出话了还是坚持上课。
23944,997,童雯雯,2016-04-22 03:15:09,50,54,4,讲的细致清楚，难点重点都会指出来，就这两点就比其他老师强。另外，会讲冷笑话~(往届学长的梗真是好多啊( ◞´•ω•`)◞)
24084,997,童雯雯,2016-04-26 15:49:42,1,2,1,超级赞
24153,997,童雯雯,2016-04-28 02:05:03,35,45,10,年轻时绝对是个大美女
24274,997,童雯雯,2016-04-29 04:41:20,0,2,2,上过的最好的微积分课。
24280,997,童雯雯,2016-04-29 05:20:02,0,0,0,讲课清楚细致，需要注意的点会反复强调。上课很有趣，都不舍得溜号，平时也很关心同学，真的比矿爷都好。应该满分！强烈推荐！
24286,997,童雯雯,2016-04-29 06:24:38,-16,6,22,给分垃圾，讲的很好。
24342,997,童雯雯,2016-04-29 14:56:31,1,3,2,简直不要更棒!人很好，给分也很好。何其有幸，上她的课。
24390,997,童雯雯,2016-04-30 08:27:53,1,4,3,好老师，微积分最高的一次，上课细致，偶偶讲冷笑话，很好的老师，可是微三没选上，
24470,997,童雯雯,2016-04-30 14:54:48,2,4,2,拯救了我因为微一而倍受打击的绩点
24816,997,童雯雯,2016-05-04 01:50:46,6,8,2,姥姥上课很有趣，可惜我是个数学渣渣，上数学会睡觉，最后绩点不高，但是认真听的人都会很好，微二微三时间冲突，遗憾
24944,997,童雯雯,2016-05-04 11:33:58,-2,2,4,微二微三都她的。论分数，微二学的还挺认真的，4.6，微三得意忘形几乎没听。。感觉很对不起她，不过还是给了60及格。论讲课，很详细吧，重点讲得清楚，而且乱入的吐槽也很有意思。不吹不黑，好老师。
24990,997,童雯雯,2016-05-04 16:32:41,-2,4,6,港真 微一陈锦辉 微二童雯雯 个人更喜欢陈锦辉式的数学思维拓展和题目联系 不喜欢照本宣科的就别选了吧 反正主要看个人咯 我微二不比微一 更喜欢有激情的拓难
25632,997,童雯雯,2016-05-30 04:22:15,2,4,2,现在不用学数学了，想念童雯雯老师，给分也很好！～
25648,997,童雯雯,2016-07-04 06:48:57,-4,8,12,微二微三都选的她的，结果一次比一次低
25897,997,童雯雯,2016-06-14 00:58:56,-1,1,2,………
25999,997,童雯雯,2016-06-15 03:53:13,-1,2,3,段子手
26112,997,童雯雯,2016-06-16 01:00:55,0,2,2,讲故事，关心学生，真的很棒！
26212,997,童雯雯,2016-06-16 09:01:16,4,5,1,我这样的学渣听高代二会懵
26427,997,童雯雯,2016-06-18 11:22:09,0,1,1,非常棒，还会讲故事，讲道理
26455,997,童雯雯,2016-06-18 14:14:12,1,1,0,棒棒哒
26774,997,童雯雯,2016-06-21 05:42:31,0,1,1,大爱女神
27061,997,童雯雯,2016-06-22 13:46:58,1,1,0,老师的课是有温度的，不会随课程而结束。能够上老师的课便已是幸福。\n\n
27088,997,童雯雯,2016-06-30 13:25:03,-11,3,14,不给我高分我怎么给她高分
28034,997,童雯雯,2016-07-06 10:11:47,6,6,0,照书讲的很细，所以很容易困，爱上课睡觉的同学要把控一下，否则真的睡的很香。
28214,997,童雯雯,2016-06-28 08:16:43,-1,0,1,超级喜欢超级喜欢她，从此高代不再是个梦
28314,997,童雯雯,2016-06-28 08:31:01,5,6,1,一本正经地说笑话
28567,997,童雯雯,2016-06-28 10:25:24,3,3,0,膜老冯
28844,997,童雯雯,2016-06-28 22:31:03,1,2,1,良心老师
28930,997,童雯雯,2016-06-29 03:43:43,-1,0,1,没什么好说的，好到极点
28961,997,童雯雯,2016-06-29 04:30:12,3,3,0,虽然感觉微积分还是得靠自己，但童老师确实很棒，上她的课是一种享受^_^
29648,997,童雯雯,2016-06-30 06:16:01,0,1,1,相当不错的老师，讲课很细致，
29764,997,童雯雯,2016-06-30 09:44:05,4,13,9,不懂为什么评分这么高…感觉老师人很好 责任心很强 但是对知识的理解深度实在有待提高 数学老师教的不能仅仅是套路 个人感觉思路 想法更重要
29957,997,童雯雯,2016-06-30 14:57:13,-1,2,3,段子手233
30574,997,童雯雯,2016-07-02 03:56:35,0,1,1,女神真的好
31011,997,童雯雯,2016-07-03 06:13:03,7,11,4,老师人很好 高代分很坑
31103,997,童雯雯,2016-07-03 08:18:53,1,2,1,很生动!
31579,997,童雯雯,2016-07-04 07:02:41,0,1,1,老师太可爱了噜噜噜
31692,997,童雯雯,2016-07-04 13:32:10,1,3,2,好老师。
31990,997,童雯雯,2016-07-05 10:32:53,4,6,2,高代2刚及格，我的心好痛……是自己不努力吗？还是要感谢老师，把我拉上及格线呢？
32295,997,童雯雯,2016-07-06 06:00:13,0,1,1,讲得不错\n\n很幽默
32643,997,童雯雯,2016-07-08 12:04:36,-1,0,1,强！无敌！给分好
32813,997,童雯雯,2016-07-15 04:25:44,1,2,1,心态很年轻
33237,997,童雯雯,2016-09-16 07:10:22,1,3,2,例题超详细很方便复习
33503,997,童雯雯,2017-01-16 06:00:04,2,4,2,老师特别可爱，虽然我还不知道绩点，但是我笨
33519,997,童雯雯,2016-09-20 02:10:50,-2,4,6,给人的感觉好像papi酱?
34448,997,童雯雯,2017-01-14 12:10:35,0,0,0,就很喜欢
34449,997,童雯雯,2017-05-05 14:00:32,5,14,9,作业好多，讲课挺快的，关键是一堂课硬塞了那么多知识，缺少庖丁解牛般的温火让学生充分置身于微积分的世界中。也许这就是童姥姥不如矿爷和将云大佬的很重要一点吧(PS，作业不是一般的多)
34702,997,童雯雯,2016-10-18 16:29:27,1,3,2,一脸严肃搞笑，课堂很轻松
34740,997,童雯雯,2016-10-20 01:41:34,0,1,1,爽到飞起
34947,997,童雯雯,2016-10-27 02:59:48,0,1,1,特别开心的，一本正经地开玩笑，女数学老师特有的幽默与对学生无微不至的关心
35122,997,童雯雯,2016-11-10 18:31:14,-1,1,2,讲得很细，上课很有意思的
35415,997,童雯雯,2016-11-10 07:14:36,1,2,1,超级爱姥姥
35531,997,童雯雯,2016-12-19 15:10:27,2,2,0,真的很好
35704,997,童雯雯,2017-01-20 03:41:20,2,3,1,绝对的好老师，真的是一个想让你学好的老师，超级可爱
35762,997,童雯雯,2016-11-10 08:04:40,-1,0,1,好老师！
35780,997,童雯雯,2017-01-19 14:28:27,8,9,1,姥姥讲的很有意思，让你觉得不学好这门课都不好意思。微二不再是姥姥了，可能和姥姥的缘分结束了。或许推荐学弟学妹选姥姥的课是我能做的最后一点表达对姥姥感激之情的事了。
35944,997,童雯雯,2017-01-16 14:55:09,-4,2,6,讲的东西很少，主要是课本。
36130,997,童雯雯,2016-11-10 14:00:51,1,1,0,讲的很细致，举例容易懂
36211,997,童雯雯,2016-11-11 05:45:52,1,1,0,很好的老师
36242,997,童雯雯,2017-01-19 15:00:32,3,3,0,好想继续上姥姥的课。谢谢姥姥！
36288,997,童雯雯,2017-01-05 05:05:09,3,4,1,姥姥姥姥，我是往届学长。\n\n
36293,997,童雯雯,2017-05-12 03:57:17,0,1,1,超级棒，关心学生
36320,997,童雯雯,2016-11-12 00:49:58,1,2,1,超级棒的老师，但是高代太难，老师讲的有点快，回去还要复习好久，老师介绍的学校方法还是很好的。
36323,997,童雯雯,2016-11-12 00:52:54,-1,1,2,绝对的好老师
36390,997,童雯雯,2016-11-12 22:57:39,0,0,0,好，真好
36665,997,童雯雯,2016-11-15 09:00:14,1,1,0,姥姥上课有种莫名的亲切感
36881,997,童雯雯,2016-11-16 10:39:02,0,1,1,great
38533,997,童雯雯,2016-12-08 03:54:26,94,102,8,妈妈，您太厉害了，您教的学生都能考上浙大！ 
38871,997,童雯雯,2017-01-16 15:56:12,5,7,2,老师人真的棒棒哒，而且讲的也很细很清楚，可惜我太懒了。
39224,997,童雯雯,2016-12-21 15:53:25,1,2,1,特别细致的老师
39273,997,童雯雯,2016-12-22 01:48:18,0,1,1,老师棒棒哒，大赞
39284,997,童雯雯,2016-12-22 02:42:52,3,3,0,超级关系学生身体的姥姥
39414,997,童雯雯,2016-12-22 13:42:51,1,2,1,老师真的很好！太喜欢她啦！会一本正经的讲个笑话！怎么这么喜欢她！
39911,997,童雯雯,2016-12-28 07:20:22,-1,0,1,可以让你不睡觉，不玩手机，吸引你一直听课！
40051,997,童雯雯,2016-12-29 02:57:11,50,51,1,我们终将成为她口中的往届学长
40326,997,童雯雯,2017-01-03 00:33:38,0,1,1,老师教的挺好的，只不过我没有好好听
40548,997,童雯雯,2017-01-04 04:27:40,3,5,2,童妈妈必须十分！\n\n而且童妈妈还喜欢猫！！！突然发现非常喜欢的老师和自己一样很喜欢猫真是太惊喜了！
40698,997,童雯雯,2017-01-05 04:58:56,-6,2,8,高代讲的真的不行
40769,997,童雯雯,2017-01-05 10:35:52,1,2,1,超级喜欢姥姥  非常棒的老师  超级喜欢
41535,997,童雯雯,2017-01-12 06:59:47,-5,2,7,上课进度 略慢\n\n给分不够高
42927,997,童雯雯,2017-01-15 12:21:48,2,2,0,仔细听你会学到很多。
45456,997,童雯雯,2017-01-21 16:01:26,0,2,2,老师很棒棒吖，有时候在上课讲点别的活跃一下气氛，然后就是下课很准时，有时候看快到点了就干脆不讲了，留到下堂课。课上有两次小测验(我都两道题只写出了一道)算是变相点名吧，这个要计入成绩的，不过是怎么计的就不知道了比重不太大吧。期中期末不知道是不是运气好我感觉都挺简单的，摸摸线代宝宝听说他们卷子很难。
45571,997,童雯雯,2017-01-19 23:05:46,2,2,0,老师的课准备得很认真 讲得也很清晰 重点突出 听起来很有收获 有时候还比较幽默 给分也不错 很推荐～
45878,997,童雯雯,2017-01-20 08:14:18,3,4,1,大爱童姥姥！
45979,997,童雯雯,2017-01-20 10:30:49,0,2,2,以为会挂的微积分拿了3.3，感天动地童姥姥我爱你呜呜呜呜
46257,997,童雯雯,2017-01-21 05:12:29,1,3,2,高代给分真心坑
47298,997,童雯雯,2017-01-25 06:55:59,4,5,1,老师是很认真负责，并且相当关心学生的平时生活，但是虽然讲课很细，都是自己手写的讲义，总结题型，但感觉没讲出背后的思维方法来，得不到一种提升，这样的课更像中学的感觉，并且老师好像定好的答疑时间总不来，管自己孩子很忙么，总之，老师人好，讲课像中学模式，得到提升不多，领悟不到精髓，学不透，但得到的其他人生小故事倒挺多，做为大一的同学，做为过渡还行
47636,997,童雯雯,2017-02-09 07:17:51,-2,0,2,大二回来评价童老师，真的是炒鸡好的老师，大一进来后的第一个大课微积分一是她的课，真的非常好，虽然不用PPT，但用手稿投影也可以讲得很好，作业不多，重点也抓得很准，虽然过了一年还是很怀念她的课
47719,997,童雯雯,2017-02-21 15:33:52,1,1,0,不知道
47974,997,童雯雯,2017-02-28 00:38:41,-1,0,1,一本正经讲段子
48121,997,童雯雯,2017-02-28 14:47:14,1,1,0,打鸡血！喜欢习题课！喜欢她！
52456,997,童雯雯,2017-06-20 08:01:34,-1,7,8,连着两节课点名了。点名的老师，数院有几个？\n\n讲的的确不错，很细致，但大家不要无脑洗地好不好，难道真的没有人觉得有些段子很尬吗？而且讲课时快时慢。
56368,997,童雯雯,2017-07-03 14:52:49,6,19,13,大家都说优点，我想说一些不好的地方。首先，老师上课的节奏确实是乱的，时快时慢对一些同学的学习非常有障碍。其次，平时分绝对算是数院老师里面扣的狠辣的，我自负小测不错，作业全A，照样扣分10分和12分。再者，老师曾承诺过期末考得好会把期中分数调高，也没兑现的。真实情况就是绝对不调分，批卷也不松，平时分较少。（也不要来反驳什么论据不足，小小的短评放不下）\n\n对自己数学有信心有把握的建议选，毕竟大佬间的互动是令人喜悦的。学习数学始终是一个快乐的探索的过程。太看重成绩终究是我肤浅了。
58947,997,童雯雯,2017-09-19 00:18:16,0,0,0,特别好
58957,997,童雯雯,2017-09-19 01:08:23,1,2,1,上课很条理，讲题也很详细，适合认真学习的同学。反应比较快的可能会觉得讲得慢。
59019,997,童雯雯,2017-09-19 06:46:08,4,4,0,很好的老师\n\n
59072,997,童雯雯,2017-09-19 10:18:49,1,3,2,老师讲课十分细致，虽然常听她唠嗑，但是都是为我们着想啊～
59311,997,童雯雯,2017-09-20 23:53:35,0,1,1,太棒了
59346,997,童雯雯,2017-09-21 03:15:03,2,4,2,会讲很多杂七杂八的事情，会自恋，很可爱很萌。
59348,997,童雯雯,2017-09-21 03:16:28,7,7,0,疯狂打call
59873,997,童雯雯,2017-09-28 02:51:26,1,4,3,上课经常瞎扯，笑声真多，有利于补觉。
59874,997,童雯雯,2017-09-28 02:52:43,0,1,1,轻松！\n\n
59875,997,童雯雯,2017-09-28 02:56:02,1,2,1,学微积分又可以相声?
59888,997,童雯雯,2017-09-28 05:31:25,2,2,0,非常好
59903,997,童雯雯,2017-09-28 06:06:54,2,3,1,童雯雯老师上课超赞的！！！！  讲的详细 虽然有点快  数学不是很好的同学一定要预习  而且老师喜欢开玩笑  上着上着就说起了自己以前读书时上课睡觉的经历……还传授男生撩妹技巧哈哈哈哈哈  一定要选童雯雯老师的课！！！！
60133,997,童雯雯,2017-10-11 07:19:15,3,3,0,童奶奶是个正直善良谦虚的好老师，果断给十分。
60158,997,童雯雯,2017-10-12 01:56:08,4,4,0,感觉对沉睡在内心深处的对数学的求知欲被激发了出来！听的过程中感觉很舒服，原本很想睡觉的，上课了就不知不觉地不想睡了，下课后内心还久久不能从课堂中走出来，有种余音绕梁之感！太爱你了，童姥姥?
60171,997,童雯雯,2017-10-12 05:42:56,3,5,2,如果满分是10分我要给他10，000分
60388,997,童雯雯,2017-10-19 00:16:10,5,7,2,像妈\n\n
60492,997,童雯雯,2017-10-22 11:58:15,1,2,1,老师说给我们上课是一种幸福\n\n我觉得上她的课也是一种幸福
60895,997,童雯雯,2017-11-02 00:17:24,3,4,1,老师棒棒哒
61470,997,童雯雯,2017-11-17 12:58:04,1,2,1,棒棒哒  很厉害的老师哟\n\n
61513,997,童雯雯,2017-11-18 05:33:03,-1,1,2,超级棒
62921,997,童雯雯,2017-11-27 10:59:34,95,101,6,三毒：\n\n在座各位\n\n往届学长\n\n我的女儿
63278,997,童雯雯,2017-11-30 03:18:52,3,4,1,女儿成长史
63973,997,童雯雯,2017-12-20 10:41:29,0,2,2,最喜欢童雯雯老师了！
64011,997,童雯雯,2017-12-20 13:47:44,-1,1,2,讲课真的很好，也是个厉害的段子手。
64103,997,童雯雯,2017-12-28 02:14:15,6,8,2,撸猫，嫌弃女儿，崇拜往届学长\n\n
64105,997,童雯雯,2017-12-21 03:47:11,1,1,0,童老师超级棒！老天保佑我微二一定要选上她的课?
64124,997,童雯雯,2017-12-21 04:33:14,0,0,0,上课很有意思，很关心同学
64128,997,童雯雯,2017-12-21 04:48:07,0,0,0,一不留神就点了十分。。\n\n
64340,997,童雯雯,2017-12-22 14:26:48,1,1,0,浙大的良心
64620,997,童雯雯,2017-12-25 14:42:28,1,2,1,老师会在上课途中突然讲起浙大的黑历史，或者她女儿的学习，幽默感十足。布置的作业很多，但对学习很有帮助，果断满分
64639,997,童雯雯,2017-12-26 01:26:19,61,63,2,食堂的馒头两块钱一个
65743,997,童雯雯,2018-01-09 00:35:43,2,3,1,童麻麻的习题课是真的棒 上课有些时候没听懂也没关系 习题课补上就可以了\n\n而且日常提醒我们养生 讲笑话 emmm超级了解学生心理了 比如 我复习怎么可以让别人看见呢，万一我考试还是没考好岂不是显得我很笨hhhhhh
66001,997,童雯雯,2018-01-11 01:54:36,0,1,1,特别好的老师
66223,997,童雯雯,2018-01-13 12:32:17,1,1,0,课堂很活泼，老师贼有趣。对你细致入微的关心令你有一种家的感觉，不学好都感觉对不起她。
66274,997,童雯雯,2018-01-14 12:53:22,2,3,1,很喜欢老师，但是很遗憾第二学期没选到她的课，只能抽空去旁听了。
67912,997,童雯雯,2018-01-22 09:48:25,8,8,0,必须满分！雯雯老师真的很关心同学，各方各面，不仅仅是学习。童姥姥的习题课让人收获很大。但最感动的是，在我期末离考试开始还有15分钟的时候，走错考场（西区到东区去了） ，突然想到老师说一定注意考场。\n\n原来，姥姥说的真的没错啊，老师上课说过的话，总会留下点印象的。\n\n虽然期末考凉了，但真的很幸运能遇到雯雯老师。
68116,997,童雯雯,2018-01-22 15:00:30,11,12,1,很细致，强调了许多细节，关心学生，特别好的老师!
69468,997,童雯雯,2018-01-24 20:29:27,-11,4,15,如果你想要一个好分数，那么童雯雯老师是不错的选择。但如果你真的爱数学，请君多虑。    from 一个上过童老师课，却认为自己数学素养毫无提升的学生
70039,997,童雯雯,2018-01-26 04:45:09,-8,3,11,这给分……感天动地啊。。。我估计期末最多70的结果有78，小测两次都是简单题没做对，作业有次没做完就交了还给满……虽然最后差一分就4.5了我还是很感激……我连3.9都配不上啊！！！讲课嘛，童老师也是很不错的(虽然我没怎么听)而且很幽默的。童老师我爱你！！！我考完微积分真的以为要下3了没想到4.2
70042,997,童雯雯,2018-01-26 04:51:50,3,3,0,我感觉猝不及防是童老师最大的亮点，非常棒的老师。
70060,997,童雯雯,2018-01-26 05:15:36,6,8,2,我爱童雯雯！我前半生的最后几天，收获了人生中的第一个满绩！希望越来越好吧能！我爱童雯雯！（下学期还是她的微积分！）
70088,997,童雯雯,2018-01-26 05:37:30,-1,0,1,童姥姥的还不错～虽然自己考得并不好还被卡档了
70112,997,童雯雯,2018-01-26 06:21:15,4,5,1,期末感觉60分都没有结果有3.9，叩谢老师不杀之恩
70168,997,童雯雯,2018-01-26 07:52:36,5,7,2,微积分成绩出来差点要哭了，太感谢童姥姥了！期末考前面6道4道不会，期中也不咋地，本以为要挂的，结果绩点上3了，感谢。哎，辜负了童姥姥的期望。
70985,997,童雯雯,2018-01-28 01:29:02,0,1,1,老师超好……不过期末差了0.05分被卡绩点……哭哭
71027,997,童雯雯,2018-01-28 01:58:43,-2,0,2,很好的老师，给分好，人也很温柔，平时上课还会和同学们讲一些有趣的故事\n\n
71461,997,童雯雯,2018-01-28 13:19:41,0,0,0,人超级好
72944,997,童雯雯,2018-01-31 11:58:11,2,3,1,童姥姥真的人超级棒 习题课真的很有用 跪谢老师不挂之恩
73356,997,童雯雯,2018-02-01 12:07:47,36,39,3,往届学长\n\n我的女儿就一学渣\n\n特别羡慕你们的爸爸妈妈\n\n心平气和，偷着乐\n\n数学是懒人的学问\n\n做微积分习题当作休息\n\n回去一定好好复习\n\n往届一个同学学习可用功了，成绩可好了\n\n注意晚上调焦\n\n多喝水，多穿衣服\n\n。。。。。。\n\n\n\n\n\n
73588,997,童雯雯,2018-02-02 04:26:12,0,0,0,好好好
73610,997,童雯雯,2018-02-02 05:50:06,-7,1,8,感谢童老师！上课很棒，顺着她的思路就能学的很好。习题课很有用，上课讲的很多东西其他老师都没有讲，然而考试就用到了。绩点很好，平时分基本给满了，虽然我期末考的超烂，一个四舍五入刚好92，?
74525,997,童雯雯,2018-03-03 02:47:52,1,2,1,老师上课讲的很好，但是助教给分实在是太不留情了...期末考砸了结果平时分还给我拉了两个档次室友的助教平时分都给满的（我每节都来上课，作业都做，小测做的不太好）
74775,997,童雯雯,2018-03-06 01:15:28,-1,0,1,！！！\n\n三个感叹号送给大一上最喜欢的老师之一
75104,997,童雯雯,2019-01-10 05:55:16,-87,4,91,感觉期末做的还行，以为能满绩的，结果才4.8，有点失望，不过还是感谢童老师！
75384,997,童雯雯,2018-03-10 02:14:58,3,5,2,心平气和 都是纸老虎 心里偷着乐儿
76023,997,童雯雯,2018-03-25 00:16:17,1,2,1,温柔的老师\n\n会慢慢的讲知识点\n\n用(……)的比喻\n\n喜欢讲她女儿的事
76388,997,童雯雯,2018-04-06 11:27:35,1,1,0,123
77784,997,童雯雯,2018-05-08 00:06:45,21,22,1,“听童妈妈一句话，看看你的前后左右，有没有你的另一半，以后回来参加集体婚礼——这和你期末微积分取得好成绩是一样重要的！”
78206,997,童雯雯,2018-05-10 03:47:06,-26,5,31,上课喜欢东扯西扯  一旦扯起来就是十分钟，进度贼慢  期中考前一节课拼命赶进度，各种定理跳过证明 差评 我来上课是听你瞎扯的?
79191,997,童雯雯,2018-05-26 16:08:21,-1,0,1,老师你好
81133,997,童雯雯,2018-07-04 06:02:53,3,3,0,虽然老师上课喜欢扯一些有的没的，但也是为了活泼一下课堂氛围。这个时候大佬们就可以做作业了。老师真的很负责，还告诉我们期末有什么不会的一定要问老师，说不定就告诉你了呢。这次期末倒数第三大题就是一个明证。
81962,997,童雯雯,2018-07-06 15:52:09,1,2,1,谢谢老师不挂之恩(≧∇≦)
82031,997,童雯雯,2018-07-07 01:58:34,-9,0,9,期末这么简单都没满  倒三倒是真的难...是不是一群人和我一样用曲线积分伪证了哈哈哈哈
82200,997,童雯雯,2018-07-07 11:16:59,4,4,0,大一最喜欢的一个老师，给人很温暖的感觉，平易近人，并且非常幽默。在老师课上能学到很多技巧，一不留神可能就错过了。照她的话说，她上课爱说闲话，但是也是从她的闲话里获得生活体验的呀！
82206,997,童雯雯,2018-07-07 11:44:38,1,3,2,讲故事贼有意思
82207,997,童雯雯,2018-07-07 11:45:02,-1,0,1,很喜欢她的课
85698,997,童雯雯,2018-07-26 11:07:09,0,0,0,不错\n\n
86384,997,童雯雯,2018-09-14 12:10:43,0,0,0,特别好
86630,997,童雯雯,2018-10-08 12:23:22,0,2,2,老师很好
86648,997,童雯雯,2018-09-20 02:22:27,2,4,2,童老师养生课
86701,997,童雯雯,2018-09-18 05:04:28,-3,1,4,哇哇哇看别人都打10分哈哈哈
86762,997,童雯雯,2018-09-18 11:43:22,0,1,1,真心不错
87172,997,童雯雯,2018-09-21 07:48:51,1,3,2,讲课确实有点慢了
87373,997,童雯雯,2018-09-27 17:24:24,-1,0,1,爽，听得懂，很有趣
87558,997,童雯雯,2018-10-05 09:41:17,1,1,0,速度比较快，但上课很轻松
87774,997,童雯雯,2018-10-12 04:17:53,4,6,2,看朋友圈QQ空间说上高数会犯困，但是上童老师的课根本不会啊。还知道了玉泉的无穷大雕像，紫金港的正弦曲线走廊。童老师几乎每节课都讲故事，甚至是上微积分的时候我都觉得时间过得特别快。可能除了矿爷就没人可以和她比了吧。超喜欢的
88232,997,童雯雯,2018-10-29 10:41:08,1,2,1,真好听，每次都要睡着
88374,997,童雯雯,2018-10-30 01:25:50,2,2,0,必须10分！！
88383,997,童雯雯,2018-10-30 02:30:53,6,9,3,男同学多吃蔬菜。
88532,997,童雯雯,2018-11-01 02:18:37,4,4,0,(´｡• ᵕ •｡`) ♡
88567,997,童雯雯,2018-11-01 14:02:01,36,37,1,首先具有超强的实力（包含了语文数学历史）。\n\n【童姥姥的语文课：\n\n用下列词语造句：\n\n1. 要多么……就有多么……\n\n例句：牛顿，真牛啊，要多么牛，就有多么牛！\n\n     这个函数和这条渐近线，要多么接近就有多么接近。\n\n2. 使劲\n\n例句：同学们要使劲保护眼睛！也要同样地运用到其他身体器官！】\n\n\n\n其次，人真的真的很好，天冷了提醒同学们多加衣服，昏昏欲睡了提醒同学们清醒，教我们怎么高效地自习。\n\n\n\n再次当然就是会有自己上的习题课（题量超大干货满满）和许多考试技巧。
88630,997,童雯雯,2018-11-04 15:03:45,3,4,1,上课真的太可爱啦！！经常聊天聊得忘记时间哈哈哈哈哈！！很负责任的老师o(^o^)o
88631,997,童雯雯,2018-11-04 15:10:04,0,0,0,太可爱啦老师！！
88912,997,童雯雯,2018-11-12 06:30:12,1,3,2,很讨厌微积分，但是特别喜欢上微积分课，就因为喜欢听童姥姥讲课
89505,997,童雯雯,2018-11-19 10:38:30,0,2,2,享受吧
89598,997,童雯雯,2018-11-20 01:56:53,8,8,0,讲的很认真，很仔细，有时会用错误答案遮住正确答案骗骗你（难忘翘起的小纸条），还会不时插入无关话题活跃气氛。
90549,997,童雯雯,2018-11-24 02:53:58,4,5,1,TWW的课超棒啊 童老师反正讲课也很认真然后人也超好很会关心同学们然后会很喜欢讲故事 反正绝对绝对绝对超级棒 ～
91457,997,童雯雯,2018-12-11 00:51:56,2,3,1,老师太棒了，课讲的好，人也很幽默风趣
91781,997,童雯雯,2018-12-20 03:12:07,0,2,2,太可爱了吧
91782,997,童雯雯,2018-12-20 03:12:21,3,4,1,超级多的“啰嗦”，超级多的故事，关于生活，关于学习，就像妈妈一样，特别可爱\n\n上课速度也很舒服，还有专门复习的习题课～
91977,997,童雯雯,2018-12-25 06:55:14,5,7,2,"下学期预置不是姥姥的课惹QWQ，想念童姥姥家的猫和小朋友（虽然""小朋友""现在已经工作了）童姥姥超棒！讲课又易懂，讲故事又好听。人如其名，童心♡满满！谢谢童老师！因为您，微积分对于我来说多了一份美好回忆。"
91979,997,童雯雯,2019-01-22 08:34:27,6,6,0,童姥姥太棒了
92050,997,童雯雯,2018-12-25 15:59:44,1,2,1,同意楼下 不上后悔 另外我要逆天改命一定要再选上童姥姥
92051,997,童雯雯,2018-12-25 16:00:35,5,6,1,童老师讲课超级好，下学期还要选她的课
92104,997,童雯雯,2018-12-26 11:33:47,1,1,0,童姥姥！太可爱了，她讲的故事简直让人无法走神！超级好玩的微积分课！
92174,997,童雯雯,2018-12-27 02:31:51,2,2,0,姥姥很温柔啊，特别喜欢讲故事
92195,997,童雯雯,2018-12-27 03:51:04,-2,1,3,舒服。。
92246,997,童雯雯,2018-12-27 08:32:36,2,4,2,晚上记得调焦
92280,997,童雯雯,2018-12-27 11:42:59,1,1,0,贼棒鸭
92283,997,童雯雯,2018-12-27 11:59:12,3,4,1,此生无悔选雯雯
92339,997,童雯雯,2018-12-28 01:55:33,3,3,0,非常有意思的微积分\n\n
92347,997,童雯雯,2018-12-28 02:39:22,3,5,2,觉得听童老师的课，很开心很开心(感觉不来给老师评论一番有违天地良心)，听完微I还想听老师的微II，一定要选上啊?
92644,997,童雯雯,2019-01-03 08:37:52,1,2,1,暖心的老师不能再赞了，虽然我学不好，但他人很好。方法，态度绝对是仙女。这老师不能再爱了。
93072,997,童雯雯,2019-01-07 07:54:37,1,5,4,17级微积分挂科的辣鸡说一下自己的感受吧。首先，童老师是个好老师，她的课很有趣很生动，她的确努力让大多数人都听明白了。但是她上课的地点真的是个坑，东区大教室只能抢前排，后排真的容易开小差。最后，微积分还是需要自己的努力，不然会挂科的?
93410,997,童雯雯,2019-01-22 09:59:35,-1,1,2,爱姥姥！超级棒！可惜下学期不是了想哭
93830,997,童雯雯,2019-01-14 03:04:11,0,1,1,上课是一种享受
93902,997,童雯雯,2019-01-14 07:59:03,1,3,2,老师人很好，但我数学很垃圾，老师讲的比较快啦跟不太上呜呜
94026,997,童雯雯,2019-01-15 02:54:44,-1,0,1,真的很棒
94027,997,童雯雯,2019-01-15 03:03:47,0,0,0,童姥姥超棒哒\n\n是一个沉淀下来的老师，上课节奏挺好的，有很多的习题课
94028,997,童雯雯,2019-01-15 03:04:52,4,4,0,恋爱大讲堂。
94031,997,童雯雯,2019-01-15 03:07:22,0,1,1,非常好(✪▽✪)
94032,997,童雯雯,2019-01-15 03:09:21,1,2,1,童老师超可爱！！！\n\n听老师的故事超有意思，笑起来超好看！！（就是不咋笑）\n\n板着脸讲冷笑话，超级萌！
94054,997,童雯雯,2019-01-15 05:09:26,1,1,0,像妈妈一样的感觉~
94055,997,童雯雯,2019-01-15 05:10:26,2,2,0,老师真的是个非常平易近人的人，具有强大的人格魅力。她会停下来照顾做笔记的同学，停的方式一般是讲一些小故事。这些小故事真的太可爱了，我还想听? 。而且很喜欢老师的习题课，总结的很系统，课后自习的时候，可以有助于形成自己的知识体系。感觉大一上她的课是最认真的了。墙裂安利啊!!!
94078,997,童雯雯,2019-01-15 06:29:00,2,3,1,最后一节课，课后，同老师聊天，那种心满意足的感觉，总让我觉得童姥姥啊，是童小姑娘，这么可爱的老师，100也不够表达的！贼好
94131,997,童雯雯,2019-01-15 08:59:40,1,1,0,怒刷10分～
94186,997,童雯雯,2019-01-15 13:16:24,2,2,0,没有遗憾\n\n
94190,997,童雯雯,2019-01-15 13:38:24,-1,1,2,特别喜欢听她讲段子
94203,997,童雯雯,2019-01-15 15:20:04,-1,1,2,帮童姥姥刷到十分呜呜呜呜呜\n\n老师真的是很好的老师啊！\n\n很可爱，一本正经地说笑，题目也讲得很清楚很细致！\n\n爱了爱了！
94766,997,童雯雯,2019-01-18 05:40:53,0,1,1,好老师，上课讲段子，十分关心学生
94871,997,童雯雯,2019-01-18 11:35:14,9,9,0,我没有好好学习，对不起童姥姥?
94918,997,童雯雯,2019-01-18 12:52:22,12,12,0,微积分爆炸了，童姥姥对不起?
94957,997,童雯雯,2019-01-18 13:51:25,3,4,1,您让我彻底爱上数学，还教会我不要在情感方面当条咸鱼！以后希望还能选上您的课！
95041,997,童雯雯,2019-01-18 15:30:14,0,1,1,上课认真有趣，有复习课，课上还有好多故事听，必须十分！
95504,997,童雯雯,2019-01-19 13:20:26,0,1,1,虽然我当时绩点不高 但我知道是我不努力，老师是真的好，难忘
95580,997,童雯雯,2019-01-19 15:49:32,5,5,0,刷到10无疑了…（不过好像也不用刷哈哈哈哈）我觉得老师年轻的时候肯定很有趣，有好看的皮囊也有有趣的灵魂，然后有习题课讲题算是弥补了我不知道怎么刷题的缺陷（虽然期中仍然爆炸），但是应该是自己的方法不对，嗯，总之童姥姥的课我还想上啊啊啊啊啊啊
95730,997,童雯雯,2019-01-20 02:51:57,1,1,0,巨可爱的老师
96983,997,童雯雯,2019-01-21 13:51:27,1,2,1,超级好的老师啦
97253,997,童雯雯,2019-01-22 07:28:57,1,3,2,刷十分就是了！
97257,997,童雯雯,2019-01-22 07:30:59,3,4,1,超级超级好的童姥姥～～
97258,997,童雯雯,2019-01-22 07:31:17,3,5,2,什么体验！！！完美啊！！！真的老师人超级超级好！上课会讲故事！让我们好好学微积分！偷着乐的做题！！想马克思一样放松一下做数学题！还会有复习题会很认真的讲，让我们拍照！让我们注意健康！最后一节课还给我们鞠躬！说实在的真的很感动，一个年级挺大很有学识的老师会给学生鞠躬，真的真的很感动！为人师表，一直很谦虚。爱她❤️
97259,997,童雯雯,2019-01-22 07:31:22,15,16,1,平时分给了我满分 哭了    奉劝在座的各位 期末考分数一定要高 占比特别大  哭了
97261,997,童雯雯,2019-01-22 07:31:48,4,4,0,讲课生动活泼，课后屁事不多，性格平易近人，最后给分还好
97263,997,童雯雯,2019-01-22 07:33:06,1,2,1,姥姥的课真的不会让人想睡觉的！！知识点又细又全，补充题也很不错（运气好还会押中你的考研题呢hhh女神！！！
97266,997,童雯雯,2019-01-22 07:34:32,2,2,0,老师挺好的，人很温柔，教案是手写的很工整。上课常会讲一些故事当做放松。也会给没考好的同学调分。不过也不是所有人都能适应老师的节奏，看自己吧！
97281,997,童雯雯,2019-01-22 07:46:56,0,1,1,大爱童姥姥 习题课很有用 人很好 偷着乐的做(◐‿◑)﻿
97283,997,童雯雯,2019-01-22 07:47:57,1,1,0,可以说是有趣了，上课经常会说些很有趣的故事，还经常关心我们。用她的话说是“耽误了大家的时间”，我觉得这样的上课氛围很好，紧张之余还能换换脑子，学起来更有趣。给分也不错，平时分给满!
97302,997,童雯雯,2019-01-22 07:57:05,-2,0,2,期末没考好，但童姥姥是真的好!上她的课你就偷着乐吧。
97312,997,童雯雯,2019-01-22 08:02:41,4,4,0,童老师的课真的很好，习题课很有用，讲得仔细，一些段子很搞笑呀。虽然我期末没考好，但平时分给的很高哇。总之，刷到十分就对了。
97317,997,童雯雯,2019-01-22 08:05:05,2,3,1,我一定要给童姥姥刷个十分！\n\n上课一定要好好听呀
97432,997,童雯雯,2019-01-22 08:58:05,0,1,1,上课轻松幽默，讲知识点的时候讲得特别清楚，每一章结束会有专门的习题课来帮我们复习，超级好的一位老师（关于往届学长学姐的段子特别多）
97465,997,童雯雯,2019-01-22 09:11:20,5,6,1,童姥姥和蔼亲切，情商很高，讲课也挺有趣。在我每次想睡的时候，她的故事总会使我重新专注于课堂。真的好老师，学的差也是我自己平时没有好好努力。
97506,997,童雯雯,2019-01-22 09:34:19,-2,1,3,童姥姥牛逼！！\n\n爱死姥姥的恋爱大讲堂了
97523,997,童雯雯,2019-01-22 09:51:48,3,5,2,期末爆炸了！对不起童姥姥！是我自己不用功的错
97526,997,童雯雯,2019-01-22 09:54:01,0,2,2,老师会复习的！！！！超级棒超级棒！！！给分也浓浓师生情！
97536,997,童雯雯,2019-01-22 10:12:35,4,4,0,真的是一个又亲切又谦逊又令人敬重的老师，选她没错的！像家里的长辈一样给予学生指导！
97738,997,童雯雯,2019-01-22 14:31:00,1,2,1,上课累了听故事是一种享受
97853,997,童雯雯,2019-01-23 00:12:40,1,1,0,老师的故事很有意思
98032,997,童雯雯,2019-01-23 04:09:11,7,8,1,简直不要太幸福，是我的成绩对不起童姥姥
98077,997,童雯雯,2019-01-23 05:01:46,6,6,0,老师真的很有趣，还很关心大家，助教xjj也很nice
98103,997,童雯雯,2019-01-23 05:21:33,30,33,3,那个男生就经常来找这个女生。女生说：“我有男朋友的。”男生说：“没关系，我就是想来找你。”\n\n渐渐的，那个女生就忘了他的男朋友。\n\n所以，男同学们啊，你想追的女生有没有男朋友，根本没关系的！男同学们，加油！\n\n哈哈哈哈哈哈哈哈哈哈哈哈哈哈哈
98261,997,童雯雯,2019-01-23 08:50:01,2,5,3,妈妈一样的老师
98516,997,童雯雯,2019-01-23 14:09:33,3,4,1,上课很轻松，学到的不仅仅是数学哦！
98642,997,童雯雯,2019-01-23 16:28:18,207,210,3,老师讲得很好，从微积分知识到宇宙人生，从学习方法到增减衣物，真的像母亲一般温柔。预置童姥姥的课的同学真是太幸福了！\n\n附上童姥姥语录：1.这种小菜，太一碟了！\n\n2.里大外小，越过越好！早年里大外小是个特别嘲笑的词，一听里大外小，哎呀太不好意思了！！现在里大外小是时尚！问孩子时尚是什么，时尚是妈妈的裤子越来越短！\n\n3.一个男生追一个女生，女生说她有男朋友了，男生说没事那也不妨碍我追你，咱们这样在一起挺开心的。后来那个女生就把他男朋友忘了。\n\n4.你跟人家说，做我女朋友吧。\n\n她答应，好的。\n\n她又没答应和你结婚。 \n\n5.失恋了没什么，那是上帝给我们做的练习题。\n\n6.失恋，让婚姻生活更美好。慢慢就积累经验了。\n\n7.以后男同学不要挨着坐，跟女同学挨着做吧，课堂上女同学有问题，多跟她解释解释。这样的男同学特有魅力。\n\n8.长得好，外面的结构好，说明里面的结构也好，脑子好（长得帅的人聪明）\n\n9.你不是仰慕别人吗？往旁边看看，都差不多嘛，要仰慕别人，就仰慕自己吧。\n\n10.我当学生时，老师在讲台上吃，我不能吃。现在我当老师了，看到学生在下面吃，我不能吃（QAQ）......\n\n11.领导说了，近似计算也是可以考的嘛！物理应用也是可以考的嘛！\n\n12.风乃百病之母，大家骑车带上帽子。\n\n13.过去洗澡的时候都是唱歌吧，你也别唱了，把手机放旁边，苏老师的声音一开。\n\n14.考试的时候，出题容易了，让人神清气爽。但真有往届考试，把学生考趴下了，“老师我不行了”，晕倒了，送医院。前无古人，后无来者的难。
99928,997,童雯雯,2019-01-25 10:02:35,1,3,2,太好了
99950,997,童雯雯,2019-01-25 10:35:29,3,4,1,真心觉得\n\n一个好的老师，她不仅教给你书本的知识，还会教你如何生活、如何成长，而后者的影响更是终身的。
99968,997,童雯雯,2019-01-25 11:09:58,4,6,2,大爱童姥姥
100474,997,童雯雯,2019-01-26 07:28:26,0,1,1,超级棒
101434,997,童雯雯,2019-01-28 07:57:22,11,12,1,累的时候就学学马克思，做做微积分习题
103057,997,童雯雯,2019-02-26 00:00:18,1,3,2,好硬气。。。
103218,997,童雯雯,2019-02-27 01:53:26,2,2,0,温柔的老师
103423,997,童雯雯,2019-02-28 04:35:55,8,9,1,睡觉一定要到课上来睡！
103506,997,童雯雯,2019-02-28 16:25:34,4,4,0,上课很轻松，虽然讲故事时间很久，但还能提前完成课，复习课真的太舒服了
103880,997,童雯雯,2019-03-07 02:24:36,2,2,0,挺好的哈哈哈
104604,997,童雯雯,2019-03-25 04:15:05,3,4,1,超级好的老师，上课不无聊，虽然我喜欢手写多一点，不太喜欢PPT，但是喜欢先手写再放映的同学可以试下哦
104612,997,童雯雯,2019-03-25 06:57:23,5,5,0,人生导师！
104829,997,童雯雯,2019-03-28 11:57:43,3,4,1,人生导师!
104987,997,童雯雯,2019-04-28 11:38:11,-44,11,55,上课跑火车真的让我很苦恼，我们班的进度差不多差了人家两节课，，还有丰富的语气词，哟~，仿佛在教导小学生，，听着就很难受（但是也是我个人的观点吧）
105467,997,童雯雯,2019-04-15 01:52:06,5,7,2,偷着乐
105782,997,童雯雯,2019-04-20 12:09:18,4,5,1,大一没好好听她的课，后悔死了
106499,997,童雯雯,2019-04-28 11:38:02,-12,16,28,先不说日常跑火车到底有没有用，可能会有人怼我认为这种鸡汤是课余的放松，但我觉得就是浪费时间。当然这不是最反感的，我主要是反感老师对课程进度把握的能力特别差，大概是我遇到的这么多老师里面最差的，有时一节课可以拥有别人两节课的效率，在发现超越别的班级太多就能做到三节课一节课的效率。我预料到大家会有人怼我但是至少跟其他几位老师相比，真的没法比，别问我怎么知道的，我就是知道，就这样。
106812,997,童雯雯,2019-04-30 00:36:14,1,12,11,看到我上两条评论真的是xswl 通篇一股傲慢的语气 请问是谁给您的底气让您连b脸都不要了？ 还”就这样”？“浪费时间”？”我就是知道”？您以为您算个什么东西？人老师读了多少年的书 钻研了多少东西 有过多少阅历 到您这边就成了浪费时间的了？ 微积分这么厉害怎么不去给您? 的坟积个分看看它有没有长高了 自己反感还非得跑来这里送?  着实佩服 哦对了 像您这么厉害的孤儿是不能在意流言与中伤的 最后给您一句 Never Mind Scandal and Liber
108255,997,童雯雯,2019-05-18 00:19:23,0,2,2,求说明微积分，不带甲是给什么专业上的
108710,997,童雯雯,2019-05-31 14:56:42,9,22,13,老师的敬业态度和趣味性给10分是没问题的，但是老师上课的不足之处，我想提一下:1.虽然微积分属于理工科学的应用数学，但是老师是否真正过于注重应用而忽略了留给数学证明的必要时间，个人认为证明过程有助于对数学公式的记忆和深入理解2.上课的时候的逻辑性是否有待加强，我每周五都去蹭李将云老师的课，他说过积分的核心在三个点，这个积分是用来干什么的，长什么样的，怎样计算的，童老师至始至终都没有搭建去积分的一个宏观框架，提纲挈领的语言是否有些过少。3.让大家拍照教学是否真的有利于增加效率，总感觉给学生的留下的思考时间过少，如果让学生只是套公式和背题未免有些缺乏学习的思想性，我觉得思想性是无论什么专业的学生都需要的。但是不得不说老师是好老师，对学生价值观的塑造很有帮助。
108845,997,童雯雯,2019-06-03 07:02:26,-1,1,2,nice！
109292,997,童雯雯,2019-06-13 02:58:32,1,3,2,好！！
109293,997,童雯雯,2019-06-13 02:58:35,7,8,1,老师唱歌特别好听，哈哈哈哈
109457,997,童雯雯,2019-06-15 07:12:13,5,7,2,馒头两块钱一个
109754,997,童雯雯,2019-06-19 04:01:11,30,31,1,大一上有幸选到童老师的微积分，到现在快两年了，还记着食堂包子是两块一个，遇到的难题都是纸老虎，要偷着乐
110648,997,童雯雯,2019-06-28 01:35:14,4,4,0,童老师真的超级可爱，上课讲各种段子，流露出她对生活的感悟和对同学的关心，知识点讲的很细，跟矿爷风格有点像
111673,997,童雯雯,2019-07-02 13:20:45,-1,1,2,听老师讲故事真是太有趣了哈哈哈哈哈哈哈！我好爱！
111682,997,童雯雯,2019-07-02 13:46:41,1,1,0,老师是好老师，期末考试均分是多少
111715,997,童雯雯,2019-07-02 15:46:49,2,4,2,老师是好老师，但期末考没有师生情哇 哭了
111754,997,童雯雯,2019-07-02 18:19:40,1,3,2,只是不适合
111974,997,童雯雯,2019-07-03 05:14:27,-34,1,35,老师特别好 4.2是我对不起tww 希望换个助教
112382,997,童雯雯,2019-07-04 03:21:20,7,7,0,班强我弱  是我太菜了
113227,997,童雯雯,2019-07-06 02:14:28,-20,9,29,感觉老师有点过誉了，个人觉得没有对微积分解读和ljy，cjh，lxj比还是差远了
115600,997,童雯雯,2019-08-07 13:21:29,0,0,0,很好的！
116316,997,童雯雯,2019-09-08 08:05:22,0,0,0,老师很棒！
116406,997,童雯雯,2019-09-10 02:35:53,1,2,1,太可爱了
116736,997,童雯雯,2019-09-14 09:22:22,1,2,1,哼唧！
116872,997,童雯雯,2019-09-17 02:37:30,27,27,0,“在座的很多同学，都听学长推荐到我这里来学的。大家知道为什么学长会推荐我吗？因为他们听我说‘好好学习’，听得热血沸腾。”
117253,997,童雯雯,2019-09-21 10:17:15,-1,0,1,很开心
117506,997,童雯雯,2019-09-25 07:38:06,3,3,0,童话故事
118160,997,童雯雯,2019-10-29 02:51:22,6,7,1,回去睡一觉就会了
118705,997,童雯雯,2019-10-31 02:10:35,44,47,3,“没拍到？怎么这么慢。别再问我要了！问问身边的同学，加个微信吧。一来二去，来浙大的任务不就完成了吗。两个人一起，效率特别高。苏老师给我介绍的一对儿助教，那是真的好，比苏老师说得好，还要好。有女朋友在边上的时候，她会管，那男生又勤奋又认真。我那两个助教啊，他们从大一就开始了。开始了以后啊，男生从大一就学着关心女同学，情商高。我问他怎么在一起的，他就给我说，当初他们两个人，英语特别差，然后考试以后分到一组，就一起学习，然后就成了，一起到大四，一起读研，一起读博，一起来给我当助教。所以啊，你们可要抓紧喽！”
118801,997,童雯雯,2019-11-06 07:27:59,8,11,3,一个被数学教学耽误的相声演员
118887,997,童雯雯,2019-11-07 11:15:11,0,1,1,真心可以
118912,997,童雯雯,2019-11-07 15:06:36,0,0,0,超级体贴 看似严厉但是真的是为学生找想 微积分再也没有枯燥过了
120120,997,童雯雯,2019-11-17 14:18:58,2,2,0,一开始因为讲太快感到害怕，但是渐渐跟住进度之后发现老师讲的真的超有逻辑！雯雯老师讲的习题课超级实用！超棒！听完超有收获！
120343,997,童雯雯,2019-11-29 10:58:40,5,5,0,童老师的课思路超级清晰，数学思维不好的自己也能很轻松的啃下这门课。童老师超级可爱!!!不仅仅是上课，会给我们分享很多有趣的事情，可爱的人说什么事情都是可爱的!!老师很关心学生，看到我脚扭曲了现在教室外面特地走过来，嘱咐我穿能包住脚趾的袜子，上课的时候坐在后面没人的位置，女儿把脚抬高转两圈...真的从学术水平到为人都特别好的老师啊!!
120653,997,童雯雯,2020-01-14 16:53:14,1,1,0,童老师不捞人不捞人，慎选，不过课是真的好
120798,997,童雯雯,2020-01-17 09:05:58,-1,0,1,不捞人 但人超级好 不捞人 不捞人
120904,997,童雯雯,2020-01-18 13:18:43,0,1,1,人超好，课也有趣，但是平时分很严！我中间有几次作业没有当周交，但是后面全补交好了，结果平时分刚过60，总评里平时分扣分比其他所有扣得还多(平时分占20%)，所以要做好准备，平时的作业一次也不能缺
121060,997,童雯雯,2020-01-19 11:36:50,0,2,2,上课非常有意思，老师会给你讲很多小故事，让你不犯困。还很关心学生，变天了或者是放假了注意安全身体什么的都会说一说，超级可爱，讲课也讲的很好，有逻辑而且很清晰，菜鸡大佬都适合。超级超级棒的一个老师。
121281,997,童雯雯,2019-12-24 07:39:45,0,0,0,课堂体验极佳
121474,997,童雯雯,2019-12-15 15:50:10,1,1,0,故事特别多??
121520,997,童雯雯,2019-12-13 07:20:05,2,2,0,故事大王爱了爱了
121554,997,童雯雯,2019-12-12 12:13:56,-2,0,2,太棒了
121585,997,童雯雯,2019-12-12 10:17:34,-1,0,1,非常好，相当好，老师课讲得好，也非常生动活泼，选她的课吧
122101,997,童雯雯,2020-02-13 10:53:55,0,1,1,很好得老师
122356,997,童雯雯,2020-02-25 06:39:03,3,7,4,最新猫和老鼠了解一下
123187,997,童雯雯,2020-05-18 03:40:50,3,5,2,典型班强我弱，但课不错hhh\n\n
123369,997,童雯雯,2020-06-06 11:52:24,16,16,0,上学期上的微积分，今天逛查老师突然想起来当时老师说有个同学第一学期上她的微1，第二学期把他对象带来一起上微2了。“到浙大的任务是什么？找一个浙大的对象。”就想到我现在还是单身，泪，流了下来。
126032,997,童雯雯,2020-09-16 23:38:09,1,2,1,大家要努力学习哦～
126291,997,童雯雯,2020-09-22 03:08:26,-5,4,9,老师人很好，但不是个好老师
126369,997,童雯雯,2020-09-24 02:52:11,0,0,0,超级赞，真的是遇到的非常善良的老师
126677,997,童雯雯,2020-10-13 05:08:46,1,2,1,童老师的课非常生动活泼，经常会用小故事来活跃课堂气氛，讲解也非常通俗易懂，是一位好老师。
126743,997,童雯雯,2020-10-18 00:45:10,1,2,1,有点严厉
126827,997,童雯雯,2020-10-22 01:27:04,-1,0,1,真心好
127091,997,童雯雯,2020-11-06 12:34:32,0,0,0,童老师真的太好了555，能选上她的课的同学都是幸福的小孩！！
128304,997,童雯雯,2020-12-17 06:09:22,1,2,1,确实是好老师，不过忽快忽慢的节奏。。有点适应不来
128493,997,童雯雯,2020-12-23 11:12:35,0,0,0,童雯雯老师真的真的超级棒！大爱ヽ(*´з｀*)ﾉ
129132,997,童雯雯,2020-12-30 08:59:56,1,2,1,真的好好，像妈妈一样~！
131483,997,童雯雯,2021-01-27 16:25:45,-1,1,2,太好了！
131508,997,童雯雯,2021-01-27 23:42:35,0,1,1,老師非常好，並且非常非常感謝助教wss小哥哥，可愛老師和助教太好了！
131532,997,童雯雯,2021-01-28 02:29:04,0,1,1,超级好，不仅关心学生学习，还会挂心学生生活和成长
131536,997,童雯雯,2021-01-28 02:51:51,3,8,5,童老师真的很棒！一开始有点不适应，到后来节奏适应了以后会提高很多，习题课是亮点也是精华，买的吉米多维奇一个字也没刷这学期就做了童老师布置的课后习题和认认真真复习了习题课的PPT，最后期末算错椭圆的情况下拿了4.8绩点，真的很想拿5.0回报童姥姥呜呜呜！童雯雯我吹爆！
131675,997,童雯雯,2021-01-28 11:13:36,1,2,1,好的，就是我菜的。从平时成绩来看，老师已经在很努力地捞我了，感谢
132377,997,童雯雯,2021-02-01 07:26:18,-1,1,2,课真的很好，作业认真做，平时分不会差，作业也是少且精华
132643,997,童雯雯,2021-02-03 05:21:20,-14,3,17,我服了。。我点名册第一个，几次点名都快快过了居然没记上，最后想要分也不给回复。。卡绩真好
133964,997,童雯雯,2021-03-11 00:35:51,-2,3,5,上学期是童老师的课，这学期选了三次没选上，上薛老师的课，我只能说高下立判，决定翘课过来听童老师了
134062,997,童雯雯,2021-03-15 01:12:07,0,2,2,已经开学半个月了 上个学期微甲1是童奶奶的课  这学期预置了矿爷  从心底还是喜欢听童奶奶的课哈哈哈哈哈哈  老师给人的印象很深 人真的也很好 上课很舒服 不说了 看童奶奶的常微分网课去了
136637,997,童雯雯,2021-07-12 01:33:59,13,15,2,人类的悲欢并不相通
136742,997,童雯雯,2021-06-24 01:20:05,-15,4,19,不讲道理
138091,997,童雯雯,2021-07-07 09:44:54,0,1,1,不多说 真的好
138092,997,童雯雯,2021-07-07 09:45:51,1,2,1,我爱童姥姥
138125,997,童雯雯,2021-07-07 12:01:21,7,12,5,呜呜呜，童老师捞我，期末1/3题都没有写出来或者完全算对 最后居然有4.2！！大家快选童姥姥啊啊啊啊啊！而且平时分也好满的～
138127,997,童雯雯,2021-07-07 12:03:00,4,6,2,和童姥姥上了一年的微积分啦，从微一的4.8到微二的5.0，敬佩老师对于浙大发自内心的热爱，也感恩有幸成为童老师的学生
138147,997,童雯雯,2021-07-07 13:47:13,-6,1,7,童姥姥，故事大王，yyds！\n\n微一渣成一片，微二奇迹复活4.8，讲课水平不用多说了吧？\n\n另外，最后几节课会点名哦，记得去一下（虽然最后成绩出来也不差这1分hhhh）
138242,997,童雯雯,2021-07-08 06:21:17,1,1,0,好老师 yyds
138955,997,童雯雯,2021-07-12 03:13:59,-1,2,3,错过了几次点名 我只说一件事，微1是薛老师的，给了79，3.3，微2选了童老师，给了80，3.6。就多了一分绩点多了0.3 我爱tww！虽然我确实没好好学 不过真的满意了 这不卡绩太舒服了
138984,997,童雯雯,2021-07-12 05:45:56,2,3,1,微积分老师，人生导师。
139391,997,童雯雯,2021-07-15 04:17:48,-1,1,2,yyds
139471,997,童雯雯,2021-07-16 09:01:22,0,1,1,ppt和讲解 yyds
139725,997,童雯雯,2021-07-21 13:13:49,0,0,0,有趣的老师
140560,997,童雯雯,2021-09-14 00:09:08,0,0,0,好绝了绝了！
140577,997,童雯雯,2021-09-14 03:48:15,1,1,0,牛逼！
140740,997,童雯雯,2021-09-15 13:58:11,2,2,0,绝对的好老师
140746,997,童雯雯,2021-09-15 14:53:21,-1,0,1,很好的
140759,997,童雯雯,2021-09-24 11:18:43,-26,5,31,上课没有半点干货，只有一个个故事
140882,997,童雯雯,2021-09-17 06:27:48,1,2,1,哈哈哈听姥姥讲故事就是一种享受
140884,997,童雯雯,2021-09-17 06:57:02,0,0,0,太好了！爱了爱了
141413,997,童雯雯,2021-10-07 12:34:16,0,0,0,雯雯老师是个非常有意思的老师，感觉得出来教学水平很高！\n\n希望在她的教导下能把微积分学好！！
141799,997,童雯雯,2021-10-26 11:22:59,1,1,0,好老师，虽然节奏慢
142083,997,童雯雯,2021-11-05 09:24:00,4,4,0,预置到您的课是我的荣幸。
142197,997,童雯雯,2021-11-08 11:41:06,1,2,1,老师真的好
142401,997,童雯雯,2021-11-11 04:20:46,-30,1,31,上课老讲故事和闲话，导致拖堂，至少拖五分钟，耽误大家吃饭，不太合适
143384,997,童雯雯,2021-11-24 16:43:13,2,3,1,可可爱爱一老师，让枯燥的微积分也变得活泼起来
143691,997,童雯雯,2021-12-02 01:27:23,-3,2,5,就是觉得有点在赶进度，讲的太快了，对于数学基础不好的有点跟不上
143773,997,童雯雯,2021-12-06 02:56:30,-1,1,2,能选到童姥姥的课真的幸运，上课幽默快乐，老师又十分细心，讲课超好，只要认真听课微积分就一点不难，唯一的不足就是有一点点拖课。
144085,997,童雯雯,2021-12-17 10:06:40,0,2,2,童雯雯老师yyds！真的大学一入学的微积分课是童老师上的真的超级lucky！讲课真的超级清晰！总结的超级棒！nice！老师人也特别特别可爱！选就完事了！
144426,997,童雯雯,2021-12-21 12:37:10,3,4,1,成绩还没出，先说一说听课体验（微甲1）\n\n1.童姥姥讲课是纯PPT的，对课后复习比较友好，u1s1个人会更喜欢旷爷的手写板书的数理课，这点看个人喜好吧\n\n2.上课故事会很很多，讲她的爸爸妈妈弟弟妹妹隔壁邻居，很有趣很可爱，还给你灌输各种人生哲理心灵鸡汤，弊端就是容易拖堂，“同学们，反正你们现在去也是排在最后了，那我们就再讲一会儿”，大家择需选择\n\n3.语速很慢，智云回放一般都是开二倍速听，所以连带反应就是进度比较慢，（日常赶进度，一点点容易犯困（然后就会有好玩的故事来调节课堂气氛\n\n4.助教xgg巨可爱还贼温柔，俩助教被狠狠磕到\n\n我不是很介意语速慢和拖堂，很喜欢童姥姥的有趣和母爱气息，也爱听故事，所以给10分啦
144487,997,童雯雯,2021-12-22 00:56:27,0,1,1,童姥姥的课是真的爱，根本睡不着
144571,997,童雯雯,2021-12-22 10:42:18,1,1,0,超级好
145167,997,童雯雯,2021-12-28 03:22:35,1,2,1,童妈妈童心不泯😍
145268,997,童雯雯,2021-12-28 14:54:55,-1,0,1,好好好好好好好好好好好好好好
145485,997,童雯雯,2021-12-30 03:23:36,0,3,3,课程主要特色是闲话和习题课，闲话可以保证上课睡不着，也挺有意思；习题课对做题帮助特别大。当然这样有个后果就是相对轻视证明。老师语速适中，用ppt，上课听懂比较容易。讲课速度相对不均匀，有时候赶进度搞大跃进，就需要课后补了。拖堂啥的问题不大
145521,997,童雯雯,2022-01-09 05:16:13,14,16,2,超好的老师，不多说了，直接10分！😍
146012,997,童雯雯,2022-01-05 04:02:45,4,6,2,童姥姥真的是会好好提醒你学习的好老师，听我的，选吧
146013,997,童雯雯,2022-01-05 04:04:21,6,6,0,老师课这么好，我不允许有人说她坏话
146016,997,童雯雯,2022-01-05 04:14:52,3,4,1,yyds！
146024,997,童雯雯,2022-01-05 05:27:14,0,0,0,喜欢雯雯姐的小故事
146029,997,童雯雯,2022-01-05 06:12:29,1,2,1,我只能说，大一就能遇见童老师真的太幸福了了！
146077,997,童雯雯,2022-01-05 11:16:48,6,7,1,微甲二为了选上雯雯老师特地斗胆进行了一次vjf大物换家（最后没有掉课还如愿选上了童老师的课），童老师的魅力就不用多说了吧
146497,997,童雯雯,2022-01-06 17:12:57,3,4,1,听童姥姥的课是种享受\n\n老师讲课由浅入深，有拓展也有细节。条理很清晰，很注重解题的逻辑和规范。\n\n只是这样吗？不！童姥姥的故事才是精髓！\n\n这样的好老师一定要狠狠bd！
146765,997,童雯雯,2022-01-07 11:35:49,7,7,0,如果董姥姥教我怎么我就满绩了
146811,997,童雯雯,2022-01-07 13:32:26,4,6,2,童姥姥 yyds，zygg yyds
146814,997,童雯雯,2022-01-07 13:37:13,5,6,1,绝对是最好的微积分老师，没有之一！上课也非常有意思，而且能把该学的题型都学到。如果你是预置的童老师的课，千万别换，不然会后悔的；没有预置就往这里给我选！
146816,997,童雯雯,2022-01-07 13:39:53,3,7,4,每天讲故事还能顺利结课就离谱，\n\n这你不帮顶？？？
147175,997,童雯雯,2022-01-09 03:52:45,1,3,2,超级超级超级推荐的好老师
147176,997,童雯雯,2022-01-09 03:52:24,5,5,0,超级超级超级推荐的好老师
147177,997,童雯雯,2022-01-09 03:52:24,2,2,0,超级超级超级推荐的好老师
147188,997,童雯雯,2022-01-09 04:37:27,4,7,3,妥妥女神了，只要上课认真听，整理笔记，下课认真写作业，批改作业，用一颗真心学习数学，考前认真复习，满绩不是梦！！！
147194,997,童雯雯,2022-01-09 05:06:42,-1,0,1,炒鸡好，兄弟姐妹们，快冲
147198,997,童雯雯,2022-01-09 05:17:28,0,2,2,爱死童姥姥了，人好，给分也好，微积分跟着童老师学肯定没问题
147205,997,童雯雯,2022-01-09 05:41:08,14,18,4,老师给我5.0，我双倍奉还
147208,997,童雯雯,2022-01-09 05:49:04,8,8,0,我永远爱童老师和伤老师
147211,997,童雯雯,2022-01-09 05:52:54,1,2,1,不错，感谢捞
147220,997,童雯雯,2022-01-09 06:50:15,2,3,1,童姥佬天下第一
147242,997,童雯雯,2022-01-09 08:17:20,22,24,2,期中考满分，期末总评5.0\n\n关于微积分的学习和童老师进行客观评价一下吧\n\n童老师的教育方式蛮像高中的应试教育，很细很细的讲，只要你认真听，没听懂回去想办法弄懂。书本认真看，把每道例题方法弄懂弄透，还有童老师自己上的习题课好好听，也是全部弄懂。这已经是最笨的学习的方法了，把别人呈现给你的知识点咬烂，就很容易满绩了。\n\n对于数学基础不是特别扎实，但又很想拿满绩的同学，还是比较推荐的。\n\n如果高中有基础的话，其实可以回去听智云课堂倍速去听，在思考的地方停下来去思考，这样效率会高一些。\n\n另外童老师给分也比较好，会给你平时分提分(比如改小测的成绩），给你分数提一提\n\n还是要注重平时，我个人觉得平时蛮重要的，虽然主要看最后一场考试，但是你平时弄得好，考试的时候失误一些童老师还是会给满绩的。比如我这次期末发挥很不好（就我个人实力而言），但是捞一捞还是能给个满绩的，可能是我期中考100分给老师留下了好的印象吧，因为教学班是两百多人，就十一个一百，而且我小测分数也蛮高的。\n\n以下是主观上评价\n\n童老师的课堂比较活跃，她经常会开一些玩笑，讲一些段子活跃课堂气氛，也讲讲自己家里的故事。让学习过程更加有滋味一些。我蛮喜欢这个老师的。下学期还是跟她学!
147255,997,童雯雯,2022-01-09 09:52:28,0,0,0,童女神，太好了
147266,997,童雯雯,2022-01-09 10:22:32,1,1,0,爱姥姥，微甲是姥姥教的，老师很负责很认真，但因为个人原因学的一般，不过结果还可。明年微甲2还是姥姥，要好好读书，改变一点个人习惯，好好努力了。\n\n总之，一个字：爱
147305,997,童雯雯,2022-01-09 12:39:01,1,2,1,童老师讲课真的非常细致，给分也好，强烈推荐
147330,997,童雯雯,2022-01-09 14:37:34,-1,0,1,好
147341,997,童雯雯,2022-01-09 15:28:12,0,0,0,童姥姥yyds！！！！！上课风趣幽默，习题课讲解细致，认真听课，踏踏实实跟着老师学，很容易拿到高绩点滴！
147344,997,童雯雯,2022-01-09 15:33:56,0,0,0,nvshen
147469,997,童雯雯,2022-01-10 05:06:21,1,1,0,超好的老师！
147939,997,童雯雯,2022-01-11 07:44:49,6,6,0,微甲二没能选上童老师，可惜了
149800,997,童雯雯,2022-01-17 03:57:32,-1,0,1,我寻思我也不用夸了，选就完事了
150839,997,童雯雯,2022-02-19 10:00:48,2,6,4,给分没有那么好吧
150944,997,童雯雯,2022-02-21 08:36:55,0,1,1,yyds
151323,997,童雯雯,2022-02-28 12:19:06,1,2,1,讲课细致，平易近人，关心学生，助教好评！
151425,997,童雯雯,2022-03-03 03:56:38,1,2,1,好好好ヾ ^_^♪
152862,997,童雯雯,2022-04-21 02:20:49,-36,4,40,不够数学\n\n如果真正想要理解数学而不是应付考试的话别上她的课。
153974,997,童雯雯,2022-05-18 09:37:32,16,18,2,从工科角度讲，浙大最厉害的微积分老师之一。微2修的另一女老师，差距高下立判。
154367,997,童雯雯,2022-05-31 06:27:16,10,12,2,微二好难微二好难微二好难🥺🥺🥺🥺😭😭😭😭😭😭😭😭😭
154577,997,童雯雯,2022-06-02 07:55:46,5,6,1,非常好
155302,997,童雯雯,2022-06-10 11:40:25,16,18,2,上姥姥的最后一节课好想哭，姥姥太关心我们了，还一直对我们说谢谢，说你们一定能过，说大家太不容易了，说还能再在路上碰见
155607,997,童雯雯,2022-06-14 15:16:02,3,4,1,很不错
155741,997,童雯雯,2022-06-15 12:23:11,3,3,0,雯雯好极啦，冲冲冲！
156304,997,童雯雯,2022-06-19 01:14:09,8,8,0,妈妈！
156463,997,童雯雯,2022-06-20 01:35:10,27,28,1,明天差不多就要出分了，所以我现在的评价应该说是完全不受绩点影响的。\n\n这学期很幸运预置了童姥姥和伤哥哥的微甲2，课程体验非常nice，童姥姥就是例题讲解大师！段子手！亲民！可爱！\n\n但是客观来说，童老师的授课方式偏于应试，这会让同学们成绩普遍强于其他班级（妙啊），但是数学思辨能力上有些欠缺，总体而言，瑕不掩瑜，一百分给满！什么？满分只有十分啊，那就只好委屈一下童姥姥了qwq。
157299,997,童雯雯,2022-06-23 01:29:10,6,7,1,童姥姥你是我的神！！！！！！
157311,997,童雯雯,2022-06-23 02:00:18,12,12,0,童姥姥最好的好吧（不接受反驳），讲课通俗易懂，不管基础怎么样都能听懂，很细心考虑各个同学的接受能力，平时也很关心同学，真的赞爆。上课课件里也有很多各章节的典型例题，对于上课型选手或者自学型选手都很友好。最后我也是如愿拿到满的，一路走来，无论上课还是考试，微积分能预置上童姥姥的课就是我最大的幸运！！！当然，我也要夸爆伤老师！
157402,997,童雯雯,2022-06-23 06:36:17,4,5,1,选上姥姥的课，做梦都能笑醒
158411,997,童雯雯,2022-06-29 05:17:16,1,2,1,麻麻一样的老师
158688,997,童雯雯,2022-07-01 09:40:52,2,2,0,童老师是我上过课的老师中最最让我感到亲切的，很幸运能选到童老师的课。最后，童老师和伤老师好捞，我比微甲一进步了！！！
159453,997,童雯雯,2022-07-21 06:21:08,3,4,1,感谢老师的mooc
159475,997,童雯雯,2022-07-23 15:04:20,2,4,2,世界上最善良人的代表
159494,997,童雯雯,2022-07-26 04:17:58,4,5,1,能选到童雯雯的课你就偷着乐吧
159502,997,童雯雯,2022-07-27 15:20:09,1,3,2,童姥姥，你是我的神！！！！
159564,997,童雯雯,2022-08-12 01:39:07,0,2,2,真的能捞我啊！
159597,997,童雯雯,2022-08-21 14:24:48,4,6,2,童妈妈我爱死你了爱死你了爱死你了！！！！！！！\n\n伤老师我也爱死你了！！！！！！\n\n同样的学习方法，微一没上4，微二满绩了\n\n选上你们真的是我一辈子的福气！！！
160141,997,童雯雯,2022-09-14 00:05:17,3,3,0,好老师，无需多言
160152,997,童雯雯,2022-09-14 02:02:35,0,1,1,必须10分
160396,997,童雯雯,2022-09-21 09:00:50,1,2,1,好好好
160685,997,童雯雯,2022-09-30 15:59:28,1,2,1,有时候老师一本正经的讲故事，但是真的很想笑，还有讲的真的好，但是早八真的催眠（我的问题）
160759,997,童雯雯,2022-10-10 03:25:30,1,1,0,很喜欢姥姥讲故事
161105,997,童雯雯,2022-10-27 04:43:23,-1,0,1,好喜欢姥姥！
161167,997,童雯雯,2022-10-30 13:23:21,0,0,0,taibangla!
161498,997,童雯雯,2022-11-08 00:24:02,9,10,1,“牛顿，把写微积分当做休息”\n\n😁
161656,997,童雯雯,2022-11-10 05:53:33,2,3,1,老师讲的超细！！！经常鼓励我们好好学微积分，生活上照顾好自己，助教也特别用心！捞分捞的特别高！爱死！！下学期也想选童老师的课！！！
163452,997,童雯雯,2022-12-14 11:08:41,0,0,0,童姥姥真的贼可爱 而且讲的很容易理解 超级好的老师
163568,997,童雯雯,2022-12-15 08:08:33,1,1,0,奈端，来本之！
163732,997,童雯雯,2022-12-16 04:24:25,1,2,1,伤伤！！！姥姥！！！
163897,997,童雯雯,2022-12-16 12:25:21,-1,0,1,很棒的老师
164070,997,童雯雯,2022-12-17 17:00:11,0,0,0,老师可爱捏
164079,997,童雯雯,2022-12-18 01:50:40,5,5,0,老师和助教真的很会捞！
165269,997,童雯雯,2022-12-30 14:56:38,0,0,0,非常好的老师\n\n助教很能捞
168151,997,童雯雯,2023-01-30 08:02:38,1,2,1,老师上课总会给我们讲很多故事，但也不耽误课程进度，而且特别和蔼，有的时候还有点憨憨，超级可爱！！！！
168475,997,童雯雯,2023-02-17 15:16:49,-1,0,1,太棒了
168796,997,童雯雯,2023-02-22 09:29:59,3,4,1,第一次满绩qwq
168798,997,童雯雯,2023-02-22 09:33:28,3,3,0,童姥姥可太好啦!
168801,997,童雯雯,2023-02-22 09:50:43,0,1,1,感谢童姥姥和伤伤把我菜到地里的vjf捞起来了
168802,997,童雯雯,2023-02-22 10:01:06,2,3,1,童姥姥你是我的女神！！！伤伤你是我的神！！！真的海底捞！！！
168832,997,童雯雯,2023-02-22 14:23:07,0,0,0,神中神！不用多说了好吗，都给我选童姥姥的课！上课讲例题，讲答题注意事项，最关键是给分超好，海底捞。微甲1满绩，微甲2继续选她的课喽
168848,997,童雯雯,2023-02-23 00:48:07,1,2,1,超爱姥姥和伤伤！
168860,997,童雯雯,2023-02-23 04:25:36,-1,0,1,一个字，棒！！
168953,997,童雯雯,2023-02-23 16:15:52,0,1,1,我永远爱童姥姥!!微积分直接闭眼选童姥姥好吧
169021,997,童雯雯,2023-02-24 04:21:31,1,4,3,童姥姥真的好，讲的非常清晰，真的是从零开始教。虽然我没被捞上四呜呜。提醒之后的小朋友一定一定一定要注意平时分，mooc小测都认真做认真考，不要以为期末会出的很简单或者等期末考拉分，期末翻车常有的事呜呜呜
169138,997,童雯雯,2023-02-24 12:11:02,2,2,0,讲课好还捞人，速来
169664,997,童雯雯,2023-02-27 09:44:50,7,7,0,吹爆伤老师，绝对海底捞
169928,997,童雯雯,2023-02-28 13:00:15,3,5,2,第一节课就爱上了童姥姥
170072,997,童雯雯,2023-03-01 08:32:26,5,6,1,我爱tww
170189,997,童雯雯,2023-03-02 02:35:57,7,8,1,上课喜欢讲故事，讲一会我瞌睡就好了，好耶，好喜欢这样，好有高中老师的样子，哈哈
170251,997,童雯雯,2023-03-02 08:17:23,4,5,1,请叫我童老师\n\n爱死雯雯姐姐
171825,997,童雯雯,2023-04-06 15:40:37,9,12,3,tww黑化了呜呜呜；一切要从2023年3月30日星期四的早八Z班开始说起【狗头】
172155,997,童雯雯,2023-04-21 01:29:21,14,16,2,转一则朵朵\n\n——\n\n什么年代了就要用传统点名[狗头]这么久课以来第一次见tww点名，直接对着名单念[笑哭]\n\n怎么说呢，下雨天+早八确实很压迫人，但童姥姥一直反对听智云，她说过“想睡觉也要来教室睡”这样的话，而且她不会批评迟到的人，只要来教室听课她都是欢迎的。\n\n还是希望这次闪击点名事件能让大家更加重视姥姥的课，作为从微甲1到微甲2都是tww课的孩子，童姥姥的课上的真的很生动易懂了[可怜]希望大家都能好好地来听姥姥的课，不要让她伤心。
174103,997,童雯雯,2023-06-06 08:09:07,4,5,1,呜呜很好的老师！还有助教也棒呆✌ 嘿嘿
174171,997,童雯雯,2023-06-07 03:31:22,6,7,1,宝藏老师，宝藏助教，为什么只教微积分啊呜呜呜
174678,997,童雯雯,2023-06-15 12:17:39,5,6,1,我爱tww
174841,997,童雯雯,2023-06-19 02:25:09,5,6,1,大爱tww老师
175498,997,童雯雯,2023-06-25 07:59:21,10,12,2,出分前来留评，希望捞我捞我捞我
177062,997,童雯雯,2023-07-01 11:40:04,3,6,3,童姐姐真的捞！伤老师真的很好！爱死了！能选到童老师的都给我选！！！
177064,997,童雯雯,2023-07-01 12:11:03,8,9,1,童姥姥，您就是我亲姥姥！
177069,997,童雯雯,2023-07-01 13:12:17,6,6,0,伤老师nb，童姥姥nb，童姥姥讲课特别好，不会让人瞌睡，而且给分真的巨好！第一个满绩
177078,997,童雯雯,2023-07-01 14:42:27,9,9,0,童姥姥干脆叫童捞捞吧，期末分数真的让我热泪盈眶！
177149,997,童雯雯,2023-07-02 01:57:37,4,5,1,爱死雯雯姐和伤老师了～
177198,997,童雯雯,2023-07-02 05:57:57,2,4,2,课讲得很仔细，很容易听懂，还时不时有些有趣的题外话。给分巨好，平时分基本拉满。也感谢童姥姥“好好学习”的激励，让我重拾了对学习的热情。选到绝对不亏！
177324,997,童雯雯,2023-07-03 02:24:51,1,1,0,童雯雯老师我的神仙
177456,997,童雯雯,2023-07-03 10:12:15,3,3,0,啊啊啊啊啊啊虽然上课听不懂，但是童老师讲的每个小笑话我都记住了！\n\n最后拿了61分啊61分，啊啊啊啊啊啊啊
178508,997,童雯雯,2023-07-13 05:02:33,0,0,0,最后微甲II 3.3，前来还愿
178720,997,童雯雯,2023-07-20 02:07:10,4,6,2,上课认真仔细，又很关心学生，还会狠狠地捞，真的好老师\n\n上过这么多门课了，第一次来查老师评论，感觉童姥姥很值得我的第一次好评\n\n绝对绝对绝对的好老师！！！！
179074,997,童雯雯,2023-08-27 12:13:21,0,0,0,很厉害
179075,997,童雯雯,2023-08-27 12:13:17,1,1,0,很厉害
179076,997,童雯雯,2023-08-27 12:13:17,1,2,1,很厉害
179194,997,童雯雯,2023-08-29 14:53:39,-1,1,2,很厉害
179338,997,童雯雯,2023-09-12 04:27:06,5,5,0,她真的，我好爱
179578,997,童雯雯,2023-09-18 11:30:41,0,0,0,好，很好，非常好
179629,997,童雯雯,2023-09-19 02:28:31,3,3,0,泰裤辣
180313,997,童雯雯,2023-09-21 05:24:39,0,1,1,很好的老师
180907,997,童雯雯,2023-09-28 04:26:58,3,5,2,对得起10.00
180908,997,童雯雯,2023-09-28 04:46:52,4,4,0,提前下课，必须满分
181173,997,童雯雯,2023-10-10 15:30:22,1,2,1,特别好
181437,997,童雯雯,2023-10-17 15:40:26,27,29,2,牛顿毕业那一年啊，伦敦发生了一件重要的事情——伦敦流行鼠疫，于是牛顿逃到乡下，你听听这个过程吧，这个属于鼠疫来的是非常及时的。如果没有这场鼠疫，牛顿留在伦敦城里，哪有苹果树呀？啊，然后呢，乡下他老家的苹果，听说牛顿要回来了，是欢欣鼓舞啊！苹果长在树上，站在高处，老远就等着牛顿回来了。然后站在最高的那个苹果，有一天就在地平线上看到了牛顿的身影，于是就把这个消息就告诉了全体苹果。牛顿走到了苹果树下，那棵苹果树，别提多激动了。大树爷爷高喊一声“砸”。就有一颗苹果，非常幸运的砸在了牛顿身上，于是就砸出了万有引力定律。
182280,997,童雯雯,2023-11-14 03:46:35,1,2,1,上课很有趣
183325,997,童雯雯,2023-11-23 23:55:21,38,41,3,童雯雯为什么还是讲师\n\n童雯雯还是讲师的原因是因为她的条件不够，评选条件是越来越高的，浙江大学的评选条件每年都在加码。连续多年参评一直都评不上，然后就伤心了，主动放弃了申报，甚至出现别人动员她申报，她也不去申报，或许是知道自己评选无望，或许是真的伤心了，决定一辈子都不参评了。\n\n\n\n我的童姥姥，呜呜
183618,997,童雯雯,2023-11-28 02:43:20,2,3,1,童老师真的赞！
183788,997,童雯雯,2023-11-30 06:27:30,1,2,1,最好的微积分老师
183996,997,童雯雯,2023-12-06 02:06:59,6,7,1,好老师，全程没怎么学都能1.5
184069,997,童雯雯,2023-12-08 00:20:00,6,6,0,相信我，微甲无脑冲童姥姥，微乙无脑冲将云伯伯
184188,997,童雯雯,2023-12-12 06:43:22,2,3,1,童姥姥我吹爆
184380,997,童雯雯,2023-12-18 11:51:22,3,4,1,特别特别好的一个老师
184387,997,童雯雯,2023-12-18 13:11:47,1,2,1,很棒的老师
184403,997,童雯雯,2023-12-19 02:45:33,4,6,2,满昏！助教也满昏！
184590,997,童雯雯,2023-12-22 02:06:59,4,4,0,很温暖的老师！会提醒学生天冷加衣戴口罩，习题课很好！
184724,997,童雯雯,2023-12-22 10:33:47,2,4,2,真的真的真的很好，满了
184831,997,童雯雯,2023-12-23 08:48:57,0,2,2,好得不得了，选她准没错
184853,997,童雯雯,2023-12-23 13:09:44,-1,0,1,可能年纪大了有些力不从心，但是对待学生还是相当认真的。非常好老师，使我的微积分大杀特杀。
184931,997,童雯雯,2023-12-24 12:06:17,4,5,1,我大学最喜欢最钦佩最敬爱的老师。感谢童老师！
185049,997,童雯雯,2023-12-26 04:25:04,7,7,0,老师这几年唯一一次点名是因为早八下雨不少人没去上课（我也在）。当时很生气，说要给不到的扣五分，但最后显然没有扣。23年春夏微积分比较困难，但老师真的尽可能给大家打分了，而且复习课上评讲过零几年的题目，和考试一道难题思路也很像，可以说很用心在让学生接触更多类型的题。感谢tww和伤老师
185127,997,童雯雯,2023-12-26 11:56:08,5,6,1,是我妈
185132,997,童雯雯,2023-12-26 12:56:44,1,3,2,老师真的很好，很喜欢听她的课，喜欢听她的各种小故事，可惜当初不努力😂😭
185320,997,童雯雯,2023-12-28 01:30:27,18,20,2,食堂的馒头两块钱一个
185913,997,童雯雯,2024-01-06 02:43:02,5,5,0,还有啥好说的？选她就对了，选上就偷着乐吧
185932,997,童雯雯,2024-01-06 06:32:09,0,0,0,太好了，就是现在要点名了
185933,997,童雯雯,2024-01-06 06:41:07,21,24,3,然而就是童姥姥评职称因为zju条件加码好几年一直没评上，最后一辈子只能停在讲师\n\n现在zju发推文宣传童姥姥\n\n哎想起来奥本海默最后一段...
185984,997,童雯雯,2024-01-07 06:03:23,0,0,0,棒棒哒
186331,997,童雯雯,2024-01-10 13:55:49,1,2,1,真的是一个好老师，感觉就像妈妈一样亲切，非常关心学生！可惜v2不是tww了...上课难度不会特别大，只要认真听了都可以学懂的，助教xgg也很好，必须满分！
186360,997,童雯雯,2024-01-10 15:23:08,3,5,2,遇上tww老师和zy助教是我大一最棒的运气
186450,997,童雯雯,2024-01-11 07:09:07,5,7,2,妈妈我爱你！
186585,997,童雯雯,2024-01-12 03:21:13,3,5,2,童姥姥真的无脑冲。作业量正常，上课讲的很细，每章结束了还会讲习题。在学习之外还会关心大家的生活。\n\n助教伤伤我超爱，才貌双全，吟诗作唱，数学小王子。
186596,997,童雯雯,2024-01-12 03:59:16,3,4,1,没出分也要打满10分
186638,997,童雯雯,2024-01-12 09:13:46,1,2,1,谢谢童姥姥
186667,997,童雯雯,2024-01-16 17:27:18,2,3,1,10分不解释！可惜下学期微二被预置了其他的老师的课啦 （有分她是真的会捞啊5555感动 超预期）
187329,997,童雯雯,2024-01-15 13:20:09,5,5,0,tww一生推！！！大一刚进来就能选上童姥姥的课是最幸运的事！讲课讲的也很好，还很关心学生，像妈妈一样。可惜微二没选上呜呜
187335,997,童雯雯,2024-01-15 13:27:10,2,2,0,童老师是天使(づ ●─● )づ
187341,997,童雯雯,2024-01-15 13:52:33,-1,1,2,童姥姥我的神！！！！！！！！！
187344,997,童雯雯,2024-01-15 13:57:02,3,3,0,神中神，本来以为要挂了，给从马里亚纳海沟捞起来了
187345,997,童雯雯,2024-01-15 13:58:31,0,1,1,超爱童姥姥！！！可惜微甲Ⅱ不是她了π_π
187346,997,童雯雯,2024-01-15 14:06:25,1,1,0,神中之神
187349,997,童雯雯,2024-01-15 14:15:56,4,5,1,全世界最好的微积分老师没有之一！可惜下个学期没选上童姥姥的课555
187370,997,童雯雯,2024-01-15 15:28:34,2,3,1,十分！！给我选！！
187375,997,童雯雯,2024-01-15 16:33:17,4,5,1,童老师就是神，上课幽默风趣，每章结束的习题课期末复习是绝佳的资料。伤老师也很好
187383,997,童雯雯,2024-01-15 23:17:04,2,2,0,神中神
187407,997,童雯雯,2024-01-16 03:02:05,6,6,0,有什么好说选上你就乐着吧 tww呜呜呜太爱了 还有伤爱爱爱爱 为什么二选不上呜呜呜呜
187409,997,童雯雯,2024-01-16 03:03:02,0,2,2,老师人超级好，也很温柔。平时还会叫我们多穿衣服ww。讲课也很耐心，听不懂确实是我自己的问题了。助教gg人也很好。最后被海底捞了。哭死
187415,997,童雯雯,2024-01-16 04:12:10,3,4,1,无脑冲，tll巨好
187727,997,童雯雯,2024-01-17 08:23:41,1,2,1,能在大一上童雯雯老师的课是我上辈子积了德！
187738,997,童雯雯,2024-01-17 09:21:54,2,2,0,伟大，无需多言！老师真的很好！
187918,997,童雯雯,2024-01-17 21:48:44,0,1,1,童姥姥，您就是古希腊负责捞人的神！！！助教哥哥lgh也超级好！无脑冲就完了！
188255,997,童雯雯,2024-01-18 13:37:55,6,6,0,童老师真的很好！唯一遗憾的是微甲2没能选上童老师的课。
188297,997,童雯雯,2024-01-18 15:02:41,1,1,0,我的神
188849,997,童雯雯,2024-01-20 08:24:09,2,3,1,tll巨好，我自认为平时学习没有很认真，只是完成作业也没有额外刷题，考前一天复习了做题方法最后期末还行，lml!
188912,997,童雯雯,2024-01-20 14:23:12,2,3,1,姥姥和助教哥哥lgh都非常非常非常非常好！
189169,997,童雯雯,2024-01-22 08:21:51,18,18,0,童老师上课超级好，思路清晰，习题课更是童姥姥的一大特色，每一个单元结束之后童姥姥会花几节课梳理知识点，讲解习题，这些习题在复习的时候是很好的资料。童姥姥上课的时候会讲一些幽默的话来活跃气氛，时不时讲往届学长和自己女儿的故事，有时候的单口相声更是令人拍案叫绝。童姥姥经常提醒我们多喝热水，不要着凉，照顾好自己，期中期末之前都在钉钉发了一些话来鼓励我们。童姥姥的作业量不是很多，但是认真完成基本可以保证学懂微积分。这学期开始童姥姥学会了雷达点名和数字点名，所以这学期开始童姥姥应该会每学期点几次名了。童姥姥是少有的几个需要完成MOOC的老师，但是MOOC认真完成很容易拿到较高的平时分的。助教伤老师我愿称为最好的助教，平时习题课会挑一些重点题讲解而不是讲作业，会建一个充满欢乐的小群，平时上课也很不错，期中的时候阅卷尺度会比较松。伤老师还会在最后一节课唱歌哦！平常朵朵上也经常可以看到伤老师。浙大官微都开始宣传伤老师和童姥姥了，童姥姥分数不到10分我是不满意的。
190482,997,童雯雯,2024-03-05 13:45:14,3,4,1,伟大无需多言
190524,997,童雯雯,2024-03-07 03:11:39,-75,3,78,很抽象，没那么好
190557,997,童雯雯,2024-03-08 10:20:12,4,5,1,童姥姥我的神
190613,997,童雯雯,2024-03-11 15:21:06,15,15,0,想念微积分一上童姥姥的课。。。感觉她讲的好通透，好细致，而且童姥姥真的好可爱。。
191852,997,童雯雯,2024-05-02 05:01:10,4,5,1,不点名作业少讲的好
192394,997,童雯雯,2024-05-17 11:51:11,-1,0,1,讲课好
192488,997,童雯雯,2024-05-22 01:52:30,0,0,0,天下无双的老师
192896,997,童雯雯,2024-05-31 10:53:29,0,1,1,神中神
192942,997,童雯雯,2024-06-01 03:58:13,1,1,0,太好了！！
193998,997,童雯雯,2024-06-21 09:18:58,1,2,1,伟大无需多言·
194138,997,童雯雯,2024-06-22 06:55:34,2,3,1,超级超级好的童老师和超级超级好的伤老师！
194251,997,童雯雯,2024-06-23 01:32:13,0,2,2,很好的老师
195456,997,童雯雯,2024-06-28 06:19:00,5,5,0,平时分应该给的不错，但是主要看期末吧，期末不会调分的，考多少是多少，这是捞不起来的，也不怪老师
195647,997,童雯雯,2024-06-29 06:58:09,3,4,1,神中神
196380,997,童雯雯,2024-07-03 07:29:30,7,7,0,tll是我亲姥姥呀！
196516,997,童雯雯,2024-07-04 01:38:19,7,8,1,老师好，助教好。tww是我在大学里，碰到的最亲和的老师。没有老师的架子，会分享自己的故事。讲课很清晰，但的确难度不高(相较于lxj的教学)。但期中是真的能捞，疑罪从无，沃靠，真就无敌了。
196853,997,童雯雯,2024-07-05 13:18:17,1,1,0,表白tww，表白伤老师！！！tll上课节奏比较慢，内容也不是很深，适合我这种菜鸟；助教gg习题课补充的内容超实用，歌声也动人；总评烂大概率是因为我菜，有尽力捞
197753,997,童雯雯,2024-08-09 07:53:04,3,4,1,很好啊
197926,997,童雯雯,2024-08-21 05:50:14,1,3,2,好得很
198580,997,童雯雯,2024-09-10 05:13:37,4,5,1,tll天底下最好的老师
198633,997,童雯雯,2024-09-10 09:44:46,6,7,1,Reminding me of 叶文洁.
198828,997,童雯雯,2024-09-12 03:33:48,4,4,0,教的好
198940,997,童雯雯,2024-09-13 07:44:54,56,59,3,童老师语录：你们不要欺负助教老师，说她是助教，其实也不就比你们大了几岁吗，能干一点的男同学都可以做她男朋友了
200610,997,童雯雯,2024-10-20 09:42:04,0,1,1,选到tww老师的课就偷着乐吧
201182,997,童雯雯,2024-10-29 15:41:32,2,4,2,好幽默的老师，虽然平时讲课像念经，但是会穿插一些小笑话，让课堂变得有趣，而且很亲切，最最重要的是，会在考试周给你上习题课巩固知识点
201456,997,童雯雯,2024-11-03 08:39:08,0,1,1,tww老师真的是非常好老师，让我想坐第一排那种，就是作业布置的有丶动漫量
201794,997,童雯雯,2024-11-06 10:56:27,1,1,0,超级好超级好！
202034,997,童雯雯,2024-11-08 12:41:00,3,3,0,太好的老师，看教师门户上的照片以为童姥姥是个年轻的老师，奇怪为什么还要叫姥姥，一算时间，还真是姥姥的岁数
203273,997,童雯雯,2024-11-18 17:02:48,5,6,1,神，我会努力的
204803,997,童雯雯,2024-11-28 02:53:45,5,6,1,“tww教你微积分你还学不好啊？”
205270,997,童雯雯,2024-12-03 14:03:37,4,5,1,选上童老师的课你就偷着乐吧
205810,997,童雯雯,2024-12-12 06:02:30,2,2,0,一年之后来评论 tll我爱你
205919,997,童雯雯,2024-12-12 16:12:02,34,34,0,老师讲的很好，但是有个傻逼一直喜欢接话
206091,997,童雯雯,2024-12-13 05:12:58,10,10,0,亲妈！
206171,997,童雯雯,2024-12-13 06:59:50,2,4,2,不懂童姥姥的人只能度过一个相对不完美的人生，我说的！\n\n还有童姥姥为什么不是十分！在座各位都应该反思！！！！\n\n讲课超级细致，习题课更是完美符合我这种菜狗文科生的需要\n\n总之我爱你啊童姥姥
206961,997,童雯雯,2024-12-19 01:33:59,37,40,3,童姥姥满分，天天坐前排 还喜欢坐在女生旁边 然后天天接话抢答 上课前啃苹果的那个沙茶零分
206979,997,童雯雯,2024-12-19 02:22:02,2,2,0,顶级微积分老师
207343,997,童雯雯,2024-12-20 15:59:05,2,3,1,我爱童姥姥！
207375,997,童雯雯,2025-01-29 14:49:37,10,10,0,真心话，特别好的老师，但是我也要泼一盆冷水，你不认真学，姥姥照样挂你科，别以为老师大捞特捞就可以肆无忌惮，绩点低于三的大有人在哦。微积分是整个大一最重要的课，学不好之后真的会寸步难行的，一定要好好学
207448,997,童雯雯,2024-12-21 16:15:59,-1,1,2,童姥姥就是神!
207577,997,童雯雯,2024-12-23 07:17:51,0,2,2,超级还
207766,997,童雯雯,2024-12-24 07:44:18,3,3,0,我爱童姥姥！！！！！！！
207802,997,童雯雯,2024-12-24 10:34:21,1,2,1,大爱tww
207982,997,童雯雯,2024-12-25 06:27:19,20,20,0,原来不止我一个人注意到那个爱接话的脑蝉，还踏马爱抖腿，导致坐在他四周的桌子永不安宁。
208128,997,童雯雯,2024-12-26 01:09:07,6,7,1,伟大无需多言
208160,997,童雯雯,2024-12-26 04:13:27,7,7,0,如果没上过童老师的课，\n\n那与没上过浙大有什么区别
208161,997,童雯雯,2024-12-26 04:17:45,5,5,0,非常好的老师 使我微积分快乐地学习
208229,997,童雯雯,2025-01-11 01:21:14,12,13,1,真的超好的老师，上课认真、每一章会带着你做题，选上童姥姥的课你就偷着乐吧（当然助教姐姐也是超好的😆）满了～
208264,997,童雯雯,2024-12-26 11:56:16,4,6,2,大爱tww 但表白助教zhr！！！作业少海底捞！！！
208301,997,童雯雯,2024-12-26 15:03:44,5,6,1,鲁迅先生曾说自己有点想偷懒时时会想到藤野先生，上完tww的课也是这种感觉，鞭笞这我们，有感化力，她关心我们的生活与学习，并且对一些易错点与考试心态认识深刻，例如解决完最难的部分就容易出错。老师会用生动的例子说明许多东西，令人印象深刻
209334,997,童雯雯,2025-01-11 04:17:28,7,9,2,微甲一，吹爆童老师，认真负责讲题细致体贴学生，神中神，出分刚好满绩是真的开心啊(｡•o•｡∩)和她分享喜悦还会祝你未来更上一层楼人真的好好啊
209741,997,童雯雯,2025-01-07 02:31:11,4,5,1,还没出分 先打个10分攒攒功德🥹\n\n不管分数高低 tll绝对是我上大学以来见过最好的老师🥹🥹🥹
209857,997,童雯雯,2025-01-07 09:05:23,3,4,1,tww太好了！微积分是我这学期几门硬课里学得最认真的了，虽然期末考傻不拉叽没看到还有一道大题😭mooc忘记八个讨论😭是我愚蠢错误犯的最多的课，大家千万引以为戒！！！但是！童姥姥就是最好的！习题课、易错点整理什么的对我来说太友好了！希望绩点不要太低啊🙏
209867,997,童雯雯,2025-01-07 09:14:59,2,3,1,童姥姥是最好的老师呜呜呜呜呜呜呜呜一呜呜呜呜呜呜呜呜呜，太喜欢童姥姥了，真的有鼓励到我这个数学渣渣！好温暖好温暖的老师
210381,997,童雯雯,2025-01-09 04:30:56,4,4,0,无脑10分！
210560,997,童雯雯,2025-01-09 10:54:30,1,2,1,童姥姥永远爱❤️❤️
210702,997,童雯雯,2025-01-10 00:50:07,4,4,0,必须刷满分
210895,997,童雯雯,2025-01-10 06:12:52,5,5,0,出分前评一个 童老师特别特别特别好 真的给了文科生很多鼓励很多信心 可惜接下来没法上童老师的课了 泪目
211122,997,童雯雯,2025-01-11 00:58:01,9,9,0,讲课有趣给分好，祝童老师长生不老，10分奉上：）
211129,997,童雯雯,2025-01-11 01:11:40,2,5,3,微积分上满绩前来还愿。童姥姥真的特别特别好，讲课细致，还有各种小口诀，小故事倾情放送。同时她十分关心学生，身体啊，学业啊，恋爱啊…跟着她你学到的绝对不止是微积分知识，还有一分面对成长的淡然。2024秋冬学期东二教学楼的上课铃声响起，我遇了童姥姥，下学期没那么幸运听不了童姥姥的课了。希望选上她课的同学一定一定认真听讲好好做作业，习题课务必课后反复做上面的题目，你一定能感受到童老师的好，你一定能学好微积分！
211135,997,童雯雯,2025-01-11 01:24:30,3,3,0,童老师的课是真的好，例题很充足，讲解的也清晰，记笔记记的很舒服，最后考试的时候也会捞，选到无脑开冲
211139,997,童雯雯,2025-01-11 01:34:23,0,1,1,大爱童老师!
211144,997,童雯雯,2025-01-11 01:44:06,0,0,0,tww！我们喜欢你🫶
211155,997,童雯雯,2025-01-11 02:26:47,1,1,0,童姥姥我爱你！！！
211158,997,童雯雯,2025-01-11 15:02:14,1,1,0,tww教你微积分你还学不好啊？早日收敛到10！98还愿
211182,997,童雯雯,2025-01-11 03:35:43,-1,0,1,感谢老师捞捞
211194,997,童雯雯,2025-01-11 04:02:17,2,2,0,10/10\n\n老师真的很好很好很好，讲的很细，速度不快，文科生上课也跟得上；PPT很清楚，考前的习题课也是一绝\n\n上课气氛很活跃，童姥姥动不动讲段子，完全就是个被数学老师耽误的单口相声演员(x\n\n另外童姥姥也非常平易近人关心学生！！会提醒我们多穿衣服多吃食堂啥的\n\n无脑冲就对了！！\n\n感觉给分也不错，我只有4.5绝对是我的问题而不是童姥姥的问题哈哈哈哈
211246,997,童雯雯,2025-01-11 05:15:23,2,2,0,童姥姥我们敬爱您口牙！！！
211298,997,童雯雯,2025-01-11 07:11:24,-1,0,1,奶奶您就是我亲奶奶，给您磕两个
211302,997,童雯雯,2025-01-11 07:15:23,1,1,0,4.5收官打卡！童姥姥我们下学期见！
211331,997,童雯雯,2025-01-11 08:12:45,4,4,0,99满绩前来还愿 给分和讲课都是一级棒 童姥姥我的神
211406,997,童雯雯,2025-01-11 10:40:24,-4,0,4,个人感觉不够严肃。。。。。。，因为我之前是跟ljy伯伯上的课，然后大二从乙改甲的，但是感觉还是很好，绩点也给的好，也很少点名
211476,997,童雯雯,2025-01-11 14:38:43,0,0,0,童姥姥我爱你
211597,997,童雯雯,2025-01-12 03:38:40,2,2,0,只能说没考好是我的问题，吹爆童姥姥！
211647,997,童雯雯,2025-01-12 06:01:11,2,2,0,老师上课讲的很详细。就算有几节课没听还是可以无缝衔接她讲的内容。自己上的习题课干货满满。上课很有意思，对于我这种上课很容易睡着的人来说，老师上课穿插进来的笑话真的是救星了。
211683,997,童雯雯,2025-01-12 07:12:19,0,1,1,真的很好，适合应试，老师也很贴心，爱！
211716,997,童雯雯,2025-01-12 09:01:14,-6,2,8,超爱😘\n\n期中期末应该都捞高了一些，最后成功满绩了😍
211935,997,童雯雯,2025-01-13 02:08:23,1,1,0,超级好超级好！
212222,997,童雯雯,2025-01-13 12:37:49,2,2,0,唯一真神
212795,997,童雯雯,2025-01-15 02:34:48,1,2,1,上课有趣，给分超好！！！
212977,997,童雯雯,2025-01-15 11:48:13,2,2,0,神中之神！！\n\n选上了童老师的课就偷着乐吧！\n\n上课有趣，给分超级无敌好！
212997,997,童雯雯,2025-01-15 13:19:50,1,1,0,十分，无需多言
214725,997,童雯雯,2025-02-17 06:08:52,1,1,0,无敌童姥姥
215203,997,童雯雯,2025-02-24 07:33:00,1,1,0,超级捞！！！
215263,997,童雯雯,2025-02-25 02:47:34,1,1,0,伟大的vjf之神
215691,997,童雯雯,2025-03-04 06:02:58,2,2,0,童雯雯老师讲的太好了，真的遗憾微积分下没选上她的课......
215861,997,童雯雯,2025-03-06 05:49:08,0,1,1,不太熟悉
216107,997,童雯雯,2025-03-10 10:16:44,1,1,0,在b站上老师常微分的课，讲的真的太好了，为什么我微积分没有选童老师😭
216117,997,童雯雯,2025-03-10 13:27:41,1,1,0,童姥姥我的神
216807,997,童雯雯,2025-03-26 02:19:15,1,1,0,好！！！
217294,997,童雯雯,2025-04-08 00:20:03,1,1,0,好老师！
217760,997,童雯雯,2025-04-16 06:23:33,2,2,0,超级幽默，讲课也很清楚，作业不多，给分很好！
219918,997,童雯雯,2025-06-11 04:59:51,0,0,0,讲课上：讲的清楚，重点分明，没的说的满分，给分也好\n\n老师还很幽默，有的段子到现在我也记忆犹新，真希望能再选上童姥姥其他的课继续听段子，可惜老师只开微积分
220128,997,童雯雯,2025-06-15 07:44:05,3,3,0,童老师真的是非常好的老师，上课讲的内容非常仔细，面向考试，只要你认真听课就会有非常大的收获，平时还会回忆往事来调节课堂节奏，在学习和生活上都教会我很多！\n\n助教姐姐也非常好！平时会很认真的答疑，习题课也讲的非常好！10分！
220549,997,童雯雯,2025-06-18 12:33:29,1,1,0,讲课幽默，会告诉什么爱考
221185,997,童雯雯,2025-06-22 01:07:47,1,1,0,好好好好好，爱死你了童老师，呜呜呜，以后没有你可怎么办呀
221218,997,童雯雯,2025-06-22 04:55:50,1,1,0,这种讲课又幽默又深入浅出，还超级关心学生，还无敌海底捞的老师有啥理由不10分呢
221221,997,童雯雯,2025-06-22 05:31:59,1,1,0,童老师我们喜欢你！！！！！！
221382,997,童雯雯,2025-06-23 07:03:21,1,1,0,童姥姥太强了
221441,997,童雯雯,2025-06-23 12:58:42,1,1,0,10分，无需多言
221558,997,童雯雯,2025-06-24 12:40:52,0,0,0,上课真的无敌
57,1011,郑志浩,2015-03-14 15:33:45,15,20,5,上他的概统 讲的挺有趣的
177,1011,郑志浩,2015-03-14 16:25:09,64,72,8,上课只讲考试要考的。给分好
216,1011,郑志浩,2015-03-14 16:57:36,40,45,5,上课讲的很生动，会举有趣的例子，也会讲解典型例题，甚好！不过有时会讲的太快课上跟不上…不过这也和教学大纲进度太快有关吧…
329,1011,郑志浩,2015-03-15 00:55:51,26,27,1,炒鸡好的老师，听他讲课挺有趣的～
1464,1011,郑志浩,2015-03-22 05:38:52,31,34,3,讲课很清楚，重难点都会一步步讲。而且总是说一些很好笑的笑话。
1674,1011,郑志浩,2015-03-23 07:28:22,9,10,1,讲课还不错
1931,1011,郑志浩,2015-03-26 10:34:23,2,3,1,讲得很清楚
4192,1011,郑志浩,2015-06-18 04:10:18,2,3,1,讲的挺好，考试重点都会提，偶尔拖堂
8128,1011,郑志浩,2017-06-30 04:26:49,148,152,4,感觉老师长得有点像黄渤...
9522,1011,郑志浩,2015-10-29 07:25:04,2,3,1,一开始讲的太慢了
12176,1011,郑志浩,2015-12-22 07:08:16,22,25,3,像黄渤啊啊啊！我男神！而且讲的超好 每次必坐前三排 有种我要满级的感觉（可能是错觉……
15121,1011,郑志浩,2016-01-12 06:56:43,1,2,1,老师人超好讲课超级幽默
15172,1011,郑志浩,2016-01-12 11:29:27,7,11,4,给10分，求4.2+
15633,1011,郑志浩,2016-01-16 01:57:01,0,2,2,讲的好，给分一定很好
15730,1011,郑志浩,2016-01-16 07:57:56,2,3,1,讲得很清楚，板书写得超好，人特别好
15833,1011,郑志浩,2016-01-16 11:44:54,0,0,0,interesting
15880,1011,郑志浩,2016-01-16 13:30:37,1,2,1,说实话挺好的
16067,1011,郑志浩,2016-01-20 15:45:53,2,4,2,讲解挺有耐心的
16978,1011,郑志浩,2016-01-19 10:46:07,-1,0,1,超级好的老师，讲得很有重点\n\n
17366,1011,郑志浩,2016-01-20 06:12:55,2,3,1,老师人超好的，就是出分有点慢呀，好心急TAT
17665,1011,郑志浩,2016-02-25 08:35:21,0,2,2,讲课重点突出，给分也挺好\n\n
17950,1011,郑志浩,2016-01-21 04:42:22,1,2,1,幽默风趣 讲得也好 重点清晰
18168,1011,郑志浩,2016-01-21 08:29:19,0,1,1,非常好！
18305,1011,郑志浩,2016-01-21 12:01:27,3,4,1,讲的满好\n\n
25909,1011,郑志浩,2016-06-14 07:38:52,25,26,1,老师是中国球迷啊hhh，??整天讲国足。老师好棒，要是我微积分线代也是他教就好了！喜欢老师的讲课思路！
27482,1011,郑志浩,2016-06-26 12:32:37,0,1,1,h不错哦
28805,1011,郑志浩,2016-06-28 15:49:58,-5,4,9,因为懒作业交了两次，最后给了我93，超级棒的老师
28857,1011,郑志浩,2016-06-29 00:12:07,1,2,1,给分超好的老师啦啦啦
28873,1011,郑志浩,2016-06-29 02:07:13,0,2,2,讲得清楚 挺有意思
28963,1011,郑志浩,2016-06-29 04:31:11,0,0,0,老师讲课很全面的，好好听考试肯定没问题
29335,1011,郑志浩,2016-06-29 15:22:28,0,2,2,好\n\n满分
29340,1011,郑志浩,2016-10-09 09:18:47,4,6,2,好啊，想听的时候发现讲得很好，顺便给分好，寝室三个满绩
30014,1011,郑志浩,2016-06-30 18:01:35,0,1,1,老师讲课很清楚，最喜欢看每一章第一页ppt上的动图，特别有趣(重点错==)
30695,1011,郑志浩,2016-07-02 08:26:51,1,3,2,找PPT里的例题经常会翻很久哈哈，挺有趣的老师
33353,1011,郑志浩,2016-09-18 16:48:28,0,0,0,老师很可爱
34510,1011,郑志浩,2016-10-12 08:25:43,113,116,3,眨眼频率与中国交流电平齐
34574,1011,郑志浩,2016-10-14 03:16:02,0,1,1,上课超仔细，板书写的好清楚，大爱老师！
34942,1011,郑志浩,2016-10-27 01:55:14,-8,0,8,在第一排玩你画我猜
46707,1011,郑志浩,2017-01-22 07:47:33,3,3,0,老师讲课思路清晰！必须赞！
46708,1011,郑志浩,2017-01-22 07:48:20,-28,0,28,填空错俩 最后一题做出一半 居然满了
46717,1011,郑志浩,2017-01-22 08:16:35,2,4,2,讲的很清楚 喜欢用四字词语哈哈哈哈 给分超级好
46719,1011,郑志浩,2017-01-22 08:20:43,0,1,1,绝对好老师，就是上课时候人太多，好挤
46725,1011,郑志浩,2017-01-22 08:29:17,3,5,2,老师人很好，上课很认真，不会讲和重点偏离的东西，有两次小测，都是做一道题在作业本上就好，知识点比较难的话还是需要自己多花些时间哒
46769,1011,郑志浩,2017-01-22 09:49:14,5,7,2,表白！讲得好给分好   选上老师的课很幸运
46873,1011,郑志浩,2017-01-22 15:04:45,-21,2,23,讲得确实好，给分也很棒(虽然差1分满绩)
46926,1011,郑志浩,2017-01-23 02:37:03,-33,4,37,不知道为什么98分.....感觉没错啊
46939,1011,郑志浩,2017-01-23 04:06:41,-7,8,15,老师倒是不错，但不建议文科生选，批卷特别严，错了绝对一分都不给，绝对不会给调分。要是数学大神随意，要是小白还是小心吧，反正和我水平一样别的老师班的学生比我高了十分多，我就是得了我错了全扣除的最低最低的考试分。
46995,1011,郑志浩,2017-01-23 08:54:29,-24,1,25,填空有题不会胡乱写的\n\n倒数第二题写成了合并\n\n最后一题不会就随便写了点东西凑数\n\n这样居然95了，谢谢老师
47465,1011,郑志浩,2017-01-27 06:35:16,2,3,1,老师很棒，讲的很仔细，上课进度比其他老师的都要慢，但是就是为了给大家讲解清楚，思路炒鸡清晰，其他老师的课不听特地过来蹭课的。男神啊~
48680,1011,郑志浩,2017-03-09 07:38:24,2,2,0,我给黄渤老师打满分！上课爽爽爽！
50992,1011,郑志浩,2017-05-25 07:16:36,0,0,0,喜欢公交站的老师
51137,1011,郑志浩,2017-05-18 08:45:12,0,1,1,春风化雨，能把知识点讲的接地气。
54601,1011,郑志浩,2017-06-30 00:47:37,2,2,0,他让我觉得概统很简单！
55306,1011,郑志浩,2017-07-01 08:41:52,0,1,1,哈哈哈哈哈哈哈真的很像黄渤啊  老师眼睛还迷之望向远方  眨眼晃脑的好好玩  上课也很有趣  讲的很通俗易懂  一般数学课我都会产生厌恶心理  越听越烦  但是上他的课我竟然有种想听下去的感觉（虽然听了也不一定懂
55417,1011,郑志浩,2017-07-01 12:53:24,0,0,0,老师自带萌点哈哈哈
56476,1011,郑志浩,2017-07-04 01:20:38,2,3,1,老师超级超级超级棒棒棒啊，概统是我这学期少数几门上课不睡觉也不玩手机的课了，老师讲课讲的很好，声音没有像以前经历的一些老师一样自带催眠功能，讲课很有条理思路很清晰，上课认真听下课好好做作业考试前努力总结刷题就一定能学好的。期中之前还是没好好学，期末努力了一把，考得还不错，也算是对得起老师和自己了。超喜欢郑老师了！
56986,1011,郑志浩,2017-07-05 05:54:33,2,3,1,满分满分，我满绩了哈哈哈哈哈，老师给分太好！
56998,1011,郑志浩,2017-07-05 06:23:40,2,3,1,老师很可爱，讲课的内容与考试高度相关，我能说我考前来不及看书吗……老师给分超级好，期中考下90都能满真的神奇.....好好听课好好写作业...平时能拿到满分的..
57169,1011,郑志浩,2017-07-06 00:56:58,0,1,1,同满～老师人好教得好
57495,1011,郑志浩,2017-07-09 01:27:48,1,2,1,男神！
57766,1011,郑志浩,2017-07-14 12:27:12,9,13,4,真的是好老师。上课条理清楚 尤其是前半本概率论部分讲的非常清晰，私以为上课精华全在老师额外补充的例题，对于深入理解知识非常有帮助。后半本数理统计讲的有点快，个人感觉还是需要自己多看看书吧，尤其要注意前后章节的联系，最后学完以后突然发现都是相通的。平时学的扎实，考前刷刷题就可以了。本人最后满绩，真心谢谢老师。
59561,1011,郑志浩,2017-09-22 18:33:33,1,3,2,还行吧 老师认真的很好，写字的方式有点有趣，哈哈\n\n
59922,1011,郑志浩,2017-09-28 07:37:20,2,3,1,帮就一个字我只说一次\n\n
66793,1011,郑志浩,2018-01-19 05:33:03,-9,6,15,老师真的讲的特别好，是很少数我从不翘课开小差的课了，一学期记了满满一本笔记本。平时认真些，gay统不难的。刚考完就来评论了，求4.8+
68720,1011,郑志浩,2018-01-23 16:01:34,1,6,5,遇到讲课这么清楚的老师还不能学好的话，真的应该反省反省了
70381,1011,郑志浩,2019-02-25 00:43:14,-94,5,99,额，还有人没有满绩吗......
70387,1011,郑志浩,2018-01-26 14:24:54,-3,2,5,老师上课很清楚，偶尔有金句，最适合概统这样的课，满了，感谢老师一个学期的辛苦付出
70408,1011,郑志浩,2018-01-26 14:48:37,2,6,4,老师人上课确实蛮好的，只是出分相对比其他老师慢了一些 。。。可能是助教改卷子比较严谨认真吧。。。。没满，哎，虽然小测每次满分不知道为何平时分还扣了0.5?  ? 不过老师确实是真心赞。
70419,1011,郑志浩,2018-01-26 15:03:41,1,2,1,好老师，很棒
70420,1011,郑志浩,2018-01-26 15:04:07,2,4,2,好老师，数学基础较差还是上了4，推荐大一没好好学习的同学哈哈
70443,1011,郑志浩,2018-01-26 15:38:59,5,10,5,老师讲课真的是太清楚了，我真的一个数学学渣，特别喜欢听老师上课。可能是恰巧老师的讲课风格特别适合我，思路很清楚。加上今年题目比较简单，满绩啦。
70481,1011,郑志浩,2018-01-26 16:37:56,5,8,3,满绩啦，老师讲课可以说是非常清晰了，推荐上课听志浩大佬讲。第7.8章上课重点不是很多，套路都是一样的，考试时形式比较单一可以略听重点。只要好好做课后习题，再做几套历年考题，相信大家都能取得好成绩。嘤嘤嘤，祝大家门门满绩。
70494,1011,郑志浩,2018-01-26 18:28:08,4,8,4,很棒的老师…以及我作业没怎么交，平时分居然满了…
70993,1011,郑志浩,2018-01-28 01:34:18,1,2,1,简直不要更棒
74221,1011,郑志浩,2018-02-07 04:35:16,3,4,1,反正感觉概统每节课都上的很开心，会举例子，最后一节课还会讲容易错的题
75900,1011,郑志浩,2018-03-21 09:51:35,3,5,2,城院学生，最后摇号的时候上了他的微积分II，真的特别负责，全程板书，就是位置很难抢要提前半小时去抢位。
83632,1011,郑志浩,2018-07-11 01:01:36,13,17,4,大一学生，这学期同时上了微积分、常微分、概统三门数学课，微积分和常微老师上课实在太催眠了，课基本没听过，课下还花了不少时间自学。郑老师的课是唯一在听的，上课很有趣也有很多收获，课上好好听，课下完成作业和网测，考前背下公式刷两套题就能取得不错的成绩（本来第一次网测忘了参加还有点担心，出成绩了发现老师是四次取了两次最高分记入的，笔芯）
87072,1011,郑志浩,2018-09-20 06:50:02,14,15,1,胡一桶？
87318,1011,郑志浩,2018-09-27 03:54:49,5,6,1,好好好
93574,1011,郑志浩,2019-01-10 13:04:38,1,1,0,一个字 好
100729,1011,郑志浩,2019-01-26 15:48:42,3,6,3,这门课大一就可以修掉 老师上课讲得比较清楚 老师人也超好 平时花一点时间 考试前建议刷历年考试题就能满\n\n 就是考试周一上午考完数分和概统有点痛苦
100739,1011,郑志浩,2019-01-26 16:19:40,4,4,0,老师hin好，讲的都是要考的，适合突击学习，BTH，要是再给一分就更好了
100745,1011,郑志浩,2019-01-26 16:31:14,2,3,1,卡绩有点难受啊
100832,1011,郑志浩,2019-01-27 01:50:53,3,6,3,卡绩了…老师人好讲课好\n\n就是怎么卡绩了呢…\n\n
100833,1011,郑志浩,2019-01-27 01:56:47,18,19,1,疯狂眨眼交流电，欲与黄渤试比高。讲课一流听着爽，师生情足给分好。
100850,1011,郑志浩,2019-01-27 02:58:44,2,5,3,老师超好 讲的也很清晰！最后一节课还会讲易错点 ！ 但是88老师能不能多给一分qwwwq
101057,1011,郑志浩,2019-02-25 07:42:58,5,16,11,为啥大家都说这个老师这么好？每次写黑板字都看不清，坐后排被挡住坐前排黑板又反光，上课话筒回音又贼困，讲课虽然挺有激情但感觉就是自顾自地讲，根本不顾学生懂了没。概统全靠自学……是我高考太垃圾无法领悟所以学不会?反正老师是不调分的。
101150,1011,郑志浩,2019-01-27 23:07:27,1,1,0,老师讲课很清楚，很后悔没有认真听到底，不过最后还是考的很满意的。但是还是有几个问题，比如没有建群，所以不能很及时收课件，需要去拷，还有就是老师板书能不能再大一点。。。
101232,1011,郑志浩,2019-01-28 02:33:30,-20,1,21,填空好多不会最后瞎蒙的，最后还是满了哈哈哈哈哈哈哈，给郑老师疯狂打call，在关键时刻拯救了我的绩点啦啦啦
101557,1011,郑志浩,2019-02-25 07:43:08,2,8,6,不觉得老师好，讲课拖沓让人犯困，平时一副甩手掌柜的样子。期末觉得自己成绩有问题，给老师发邮件读了不回，主页电话也打不通。OKfine，我自认倒霉。以及一点没觉得给分好，我觉得我得到的分数和我应得的差得有点多，无奈老师不给我沟通的机会。真的真的真的不知道老师那么高的评价是哪来的。
101558,1011,郑志浩,2019-01-28 12:22:05,2,7,5,不知道这个9点9分的评价怎么算的，选这个老师的课就是个坑
101938,1011,郑志浩,2019-01-30 00:04:49,2,2,0,老师的板书真的好看\n\n
103513,1011,郑志浩,2019-02-28 23:45:35,1,1,0,超级好的老师。我这个数学学渣都不愁
111371,1011,郑志浩,2019-07-01 05:20:20,1,1,0,老师的常微分一级棒\n\n
113055,1011,郑志浩,2019-07-05 21:56:36,-5,2,7,常微分讲得很清楚，可我最后临场算错了欧拉方程那题，怪自己喽。不过老师挺棒的，就是周四早八上常微分有点困，不知道是老师讲的问题还是我的问题？
113168,1011,郑志浩,2019-07-06 01:01:05,5,6,1,确实感觉像黄渤
113232,1011,郑志浩,2019-09-18 04:01:00,-115,4,119,概统还有人没满?
113667,1011,郑志浩,2019-09-18 04:00:43,-233,5,238,常微分没满分暴风哭泣，99的我自闭了老久。倒数第二题没加常数被扣了一分，果然一个下午的复习还是有点缺陷。老师上课是真的好，常微分方程本来知识点就算少了，考的主要是积分，老师讲的算是很细致很认真了，算是真的很清楚了，吹爆郑老师
121912,1011,郑志浩,2020-01-23 17:16:32,11,14,3,大年三十出成绩，不调分，上课挺不错的\n\n不过概统这课听不听都一个样，关键看期末\n\n把整本书过一遍+刷历年卷，每年考的内容差不多\n\n我满了，给10分
125278,1011,郑志浩,2020-09-05 11:35:10,0,0,0,超级棒
129953,1011,郑志浩,2021-01-14 05:53:31,2,2,0,选就对了
132706,1011,郑志浩,2021-02-03 11:35:51,0,1,1,讲的太好了 让我感觉概统很简单~
138001,1011,郑志浩,2021-07-07 04:53:47,1,2,1,蚌埠住了，给分还行吧
139014,1011,郑志浩,2021-07-12 07:51:48,1,1,0,好老师，选就完事
145747,1011,郑志浩,2022-01-01 08:43:25,2,2,0,还行吧
146893,1011,郑志浩,2022-01-08 02:48:36,7,7,0,老师我给你十分，让我过吧
148447,1011,郑志浩,2022-01-12 13:06:04,5,6,1,一个字：牛！放心选
148892,1011,郑志浩,2022-01-14 01:47:26,5,6,1,居然98hhhhh
149051,1011,郑志浩,2022-01-14 08:17:16,1,1,0,讲课很棒 不过不调分 自己得努力学 期末小测都很重要\n\n认真听课还是很有收获的
149556,1011,郑志浩,2022-01-16 02:43:35,2,2,0,好好好
150042,1011,郑志浩,2022-01-18 13:25:44,1,2,1,讲课很棒，很有激情，yyds！
154729,1011,郑志浩,2022-06-04 10:21:25,10,10,0,板书的字有点独特，字很大，而且写法也很独特，我看着不太舒服，讲课很好，给9分
155190,1011,郑志浩,2022-06-09 07:15:01,-18,3,21,虽然讲的还挺不错的，但是一直不停的啊啊啊啊，好好好好好，这一类的语气词，真的很打断思路，很刺耳不舒服
157749,1011,郑志浩,2022-06-24 15:39:10,2,2,0,概统上的很清晰，很有激情！一个学期跟着老师听下来最后成绩很好，钉钉问老师问题老师回的很及时！\n\n好老师不解释
157866,1011,郑志浩,2022-06-25 08:13:44,4,4,0,讲的超好，就是板书有点迷😂
157925,1011,郑志浩,2022-06-25 15:20:36,8,8,0,讲课速度不慢却让人听得如此舒服，竟然没有很多数学课那种催眠感，上过听课效果最好的数学课
158072,1011,郑志浩,2022-06-26 16:12:38,4,4,0,常微分，平时不用听课，写写作业就好，期末考前做两张卷，最后满了，老师上课很有激情
163532,1011,郑志浩,2022-12-15 02:19:04,48,48,0,89路公交车站贯穿全学期
163557,1011,郑志浩,2022-12-15 06:27:05,7,7,0,态度好，关心学生，但是他的助教摆了，不批作业\n\n讲课虽然很有激情，但还是容易听着听着就困得不行，我每次做第一排都困\n\n说话每句话结尾有非常大概率带上一个“啊”
167774,1011,郑志浩,2023-01-19 04:12:08,8,8,0,老师真的很好，课后回答问题特别及时，给我写了一整张纸的解答，超级感动😭。作业相比其他班略多一些。PS：助教确实挺摆的。
168356,1011,郑志浩,2023-02-13 12:53:15,12,15,3,老师还行，不过概统小测不给参与分有点可惜。8分\n\n助教纯种摆子啥b，-10分
168666,1011,郑志浩,2023-02-20 17:17:04,13,13,0,好老师！谢谢老师 让我过吧 求求了 谢谢老师！
169271,1011,郑志浩,2023-02-25 06:28:32,4,5,1,老师很好，就是助教太离谱了，换我去至少不会全已读不回😰
169431,1011,郑志浩,2023-02-26 06:42:19,11,11,0,深藏功与名，出分后还来不及感谢老师群就被老师解散了。总之还是谢谢老师
169465,1011,郑志浩,2023-02-26 10:16:54,4,4,0,虽然大家都说助教挺摆的，但我有时错过作业去补交时候助教都改了，平时分出的时候我有问题找了助教，助教反应很快的，把漏算的分补上了，另外概统给分真的不错
171495,1011,郑志浩,2023-03-26 14:18:56,28,29,1,作业量为其他所有科目作业量总和，之前的那些人都没有反映的吗？
171537,1011,郑志浩,2023-03-28 02:09:07,16,16,0,一节课可以说200次“啊！”
171587,1011,郑志浩,2023-03-29 13:21:48,6,7,1,明明很像凯歌（）
176415,1011,郑志浩,2023-06-28 22:52:33,5,5,0,老师作业挺多的，其他还行
181426,1011,郑志浩,2023-10-17 12:08:23,4,4,0,作业多的离谱阿啊啊啊啊啊阿啊啊啊啊啊阿啊啊啊啊啊阿
181770,1011,郑志浩,2023-10-31 07:47:21,4,4,0,老师还说作业题简单，不用花多少时间，结果好家伙，写作业连计算器都来不及摁，题太多了，一直在那写（考试周破防体）
181801,1011,郑志浩,2023-11-01 05:55:29,1,4,3,老师不点名，人特别好\n\n讲课也很好\n\n就是作业来讲，都是书上的习题，相对其他老师来讲，布置的比较多，任务量比较大\n\n人都做傻了，给个5分
181819,1011,郑志浩,2023-11-01 16:27:00,2,2,0,讲课很棒，但这作业题是真多，每次都破大防\n\n第一次见每周二十多道题题号能满满排三行的作业
181993,1011,郑志浩,2023-11-07 12:57:21,8,9,1,虽然作业真的很多多多多多多*n\n\n但是我还是愿意给这个和蔼可亲的大叔给10分
188560,1011,郑志浩,2024-01-19 08:55:03,5,5,0,作业确实多，但是老师讲课还是很好的，而且点名会提前说，这次还给了第三次机会。只是一出分 群聊就被解散了（深藏功与名），所以在这里谢谢老师和助教！
188565,1011,郑志浩,2024-01-19 09:08:26,5,5,0,zzhyyds！\n\n在我以为要挂的时候给我了3.9\n\n出分后直接解散群聊，深藏功与名\n\nzzhyyds！
188768,1011,郑志浩,2024-01-20 01:54:09,3,3,0,今年点名如楼上所言，三中二即可\n\n作业确实有点多\n\n真的能捞，谢谢老师和助教\n\n才发现群被解散了。\n\n谢谢老师
189102,1011,郑志浩,2024-01-22 02:08:16,4,5,1,老师讲课还挺好的，能把一门数学课在下午前三节课讲得让我不犯困也是一种本事hhh。三次点名三次小测好像都是三取二。给分我感觉也还行，没有特别捞感觉和我估的分数差不多，不过我自己不行不能怪老师，老师人还是很好的！唯一的缺点是平常作业太多了，概率论部分每周二十多道题有点难顶
189502,1011,郑志浩,2024-01-25 04:00:16,2,3,1,老师很有水平，师强我菜，但是还是打10分
191780,1011,郑志浩,2024-04-30 06:05:46,-20,4,24,避雷避雷，不知道为什么分这么高，作业量巨多多多多多多多多，是其他老师的两三倍，根本没有时间做
192687,1011,郑志浩,2024-05-28 08:25:06,1,4,3,作业太多了，真的抄破防了。。。
195794,1011,郑志浩,2024-06-30 03:16:03,7,8,1,老师人很好，讲课也不错（我只听了他的，对考试完全够了），而且他还有习题课，都是历年的真题，质量很高。\n\n本学期几乎每节课都点名，是第一节课进行手写签名（发一张纸传下来）。所以其实可以上完第一节就走哈哈哈哈哈哈哈哈哈哈哈哈。\n\n现在成绩还没有公布，但是私戳了老师，我满了，老师还祝我前程似锦哦！给十分啦！
196079,1011,郑志浩,2024-07-01 12:34:35,3,3,0,好老师，不必多说。
196103,1011,郑志浩,2024-07-01 15:52:32,0,0,0,本来想着选一个平时作业多的老师，期末可以更从容一点，没想到最后考试条件概率都不会算哈哈哈……\n\n\n\n不过竟然被捞到了4.2？伟大，无需多言
208542,1011,郑志浩,2025-01-13 11:05:30,7,7,0,其实是最好的概率论与数理统计老师！平时成绩是小测+作业+签到，老师的作业比其他班要多，但都是重点练习题（大家一样来不及复习的情况下平时多刷一点题增加熟练度也还可以接受，本人感觉全靠平时的做作业...期末根本来不及复习...)老师上课特别好，板书很清楚有条理，讲得很清楚，节奏不快不慢，上课会拿历年题分析，会给很多补充题，真的很适合没时间期末刷题的同学（2024秋冬真的太紧了！！）今年概统期末有点难（堪比春学期常微分、春学期大物期中、秋学期复变函数），但是还是被老师捞到了很多！！超过预期！！！老师，我爱你一辈子！
210008,1011,郑志浩,2025-01-08 01:56:30,6,6,0,老师二月红前来求过
211361,1011,郑志浩,2025-01-11 08:46:38,0,0,0,老师上课挺好的，人也挺好的，作业确实偏多，虽然我学得不好，但不管给我几分也是我咎由自取，老师是好老师
211784,1011,郑志浩,2025-01-12 12:07:19,3,3,0,今年概统太难了，但不管我考多少分，都给老师10分。\n\n板书清晰工整，上课会强调考点会讲历年题，说话清楚逻辑清晰。讲课节奏不快不慢，举例形象生动。会关心绩点，有调分意识。概统复习纯看他的智云课堂就够了，真心是好老师。
212021,1011,郑志浩,2025-01-13 13:55:10,4,4,0,啊～啊～车比雪夫大数定理～（狗头）
212191,1011,郑志浩,2025-01-13 10:44:52,2,3,1,神明一般的存在！！报您的课是我的幸运！老师太帅了
212195,1011,郑志浩,2025-01-13 10:49:30,3,3,0,非常好老师，讲课非常清楚，给分也很好
212200,1011,郑志浩,2025-01-13 10:56:19,5,5,0,我承认之前关于作业多是我叫得太大声了，黄渤是真捞啊
212201,1011,郑志浩,2025-01-13 11:03:00,3,3,0,真神，无须多言
212204,1011,郑志浩,2025-01-13 11:11:24,2,2,0,爹爹爹
212215,1011,郑志浩,2025-01-13 11:54:30,2,2,0,爹！zzh真的超级超级好！
212218,1011,郑志浩,2025-01-13 12:00:01,2,2,0,zzh你就是我的大爹我的神～亲爱的黄渤老师～捞麻了！
212258,1011,郑志浩,2025-01-13 14:55:15,3,3,0,全体成员禁言不是拒绝，而是无需多言
212438,1011,郑志浩,2025-01-14 04:07:40,8,9,1,老师上课不错，作业量较大，但跟着老师走考试不会有不会的题目，我只完成了作业题，没有做额外的练习，最后总评也拿了99，给老师打10分！
213194,1011,郑志浩,2025-01-16 09:07:26,2,2,0,无敌，伟大无脑推荐
213298,1011,郑志浩,2025-01-17 01:34:16,0,0,0,老师爱看足球
213343,1011,郑志浩,2025-01-17 04:18:33,0,0,0,哈哈哈哈哈哈哈哈好老师
213351,1011,郑志浩,2025-01-17 04:25:01,0,0,0,好好好
213590,1011,郑志浩,2025-01-18 12:06:24,1,1,0,伟大，概统的神
213764,1011,郑志浩,2025-01-19 14:16:46,1,1,0,男神！
213830,1011,郑志浩,2025-01-20 07:46:11,8,8,0,今年的概统实在是太难太难了\n\n我期末复习了很久做历年卷感觉胸有成竹\n\n然后在考场上直接哭出来了\n\n一直担心自己挂了\n\n结果出来发现老师你太捞了！！！！！！\n\n老师讲课也很好，会很清楚的讲知识点\n\n作业好像确实比较多（但是我都是抄的，抄的手都要断了，不敢想象自己做有多崩溃）\n\n但是老师真的很好！！！！！！！！！\n\n考完试我在群里发了个“老师菜菜捞捞”，结果老师把群禁言了，出成绩了才知道\n\n禁言不是让我们闭嘴，而是孩子你无需多言！
214066,1011,郑志浩,2025-01-23 11:45:13,1,1,0,好老师！大家一致认为的有目共睹的好老师！虽然作业很多，但如果认真做作业，即使上课不听也能掌握七八成，更何况老师讲课讲的蛮好的，推荐！
219623,1011,郑志浩,2025-06-01 15:14:16,1,1,0,给分好到无敌！闭眼选就对了
690,1022,孙业顺,2015-03-15 12:39:14,102,132,30,听课不如自己看书╮(╯▽╰)╭
731,1022,孙业顺,2015-03-16 05:27:00,4,13,9,老师很认真负责，
1249,1022,孙业顺,2015-03-21 17:03:03,53,58,5,跳变的逻辑
2786,1022,孙业顺,2015-05-07 08:31:24,0,15,15,感觉像是不备课。。听课感觉很凌乱。。给分倒是不错。。。
7356,1022,孙业顺,2015-09-18 05:14:28,0,1,1,上课逻辑混乱
7369,1022,孙业顺,2015-09-14 04:01:53,47,61,14,听他讲课还不如自己看书，完全不知道他讲的重点在哪里。思路乱得很。
7385,1022,孙业顺,2015-09-14 06:02:21,332,413,81,我以为他说自己讲课乱只是说说…
7398,1022,孙业顺,2015-09-14 07:30:52,18,22,4,他讲课纯属自由飞翔的思路。。。
7409,1022,孙业顺,2015-09-21 08:33:27,25,35,10,老师人还是很好的，不过上他课前一定要预习
7463,1022,孙业顺,2015-09-14 13:40:42,0,4,4,自己有时候都搞不清楚，有些赶进度，上课思路混乱，虽然他自己在很努力地讲吧。
7481,1022,孙业顺,2015-09-14 16:21:58,77,85,8,有点乱，但是感觉他在尽力讲，课前一定要预习，要不然听天书
7599,1022,孙业顺,2015-09-21 11:47:52,13,19,6,其实老师很热心，讲得挺努力的
7641,1022,孙业顺,2015-09-15 07:08:59,0,0,0,还行吧 虽然有点跳跳的\n\n
7678,1022,孙业顺,2016-06-29 22:18:45,-1,1,2,虽然课有点乱。。但起码还是能听明白
7708,1022,孙业顺,2015-09-15 10:23:46,0,2,2,名师啊
7912,1022,孙业顺,2015-09-16 05:53:06,0,0,0,困死了
7919,1022,孙业顺,2015-11-09 04:19:11,2,4,2,哈哈哈
7956,1022,孙业顺,2015-09-16 08:31:23,16,22,6,要预习！要预习！要预习！重要的事说三遍！
8047,1022,孙业顺,2015-09-16 22:32:14,1,3,2,有时候很简单的讲半天，有些难的却很随意地过去了，人还是挺随和的，自学与听课的比重大概三七吧。
8048,1022,孙业顺,2015-09-16 22:34:47,0,2,2,天马行空，不给学生留活路
8519,1022,孙业顺,2015-09-22 04:54:25,2,5,3,按课本讲，完全按课本讲
8604,1022,孙业顺,2015-09-23 05:16:47,0,2,2,无语
8614,1022,孙业顺,2015-09-23 07:05:31,0,0,0,困困困
9247,1022,孙业顺,2015-10-18 15:05:16,0,3,3,太尼玛跳变了吧，千万不要选，会被坑死。
9397,1022,孙业顺,2017-12-23 06:59:43,34,42,8,我知道老师已经尽力把课上好了，然而。。。还是多体谅一下吧。
9407,1022,孙业顺,2015-10-26 08:58:58,-1,1,2,还好吧，就是一听就想睡觉
9743,1022,孙业顺,2015-11-07 08:49:13,0,0,0,预习……
9954,1022,孙业顺,2015-11-13 07:38:13,3,6,3,虽然不喜欢他讲课不过老师辛苦了给满分 唔讲课嘛 自由飞翔
10676,1022,孙业顺,2015-11-22 10:07:23,0,0,0,醉醉的
10710,1022,孙业顺,2015-11-30 02:23:27,0,2,2,讲一道题纠缠好久做不出来就敷衍了事了
10835,1022,孙业顺,2015-11-23 06:46:16,59,63,4,线代一定要预习！尤其是下午第一节课！这不是开玩笑！切记，切记！
11205,1022,孙业顺,2015-11-25 07:38:03,2,12,10,你不用来了，直接去图书馆吧，自己看效率是他的100倍
11495,1022,孙业顺,2015-12-02 15:04:58,67,93,26,孙老师非常严谨细致；好学生会喜欢他。跟他能学到真东西。虽然深入发现有深刻的内涵，就是缺乏活泼的气氛。楼上有说“敷衍了事”，完全不同意啊！孙老师很认真的！！
11711,1022,孙业顺,2015-12-12 06:14:55,0,3,3,哈哈蛤，他实在耍猴吗
11851,1022,孙业顺,2015-12-18 02:33:58,21,29,8,讲课真心乱，但是态度真的很认真。喜欢他的态度，不过上课基本不用听……反正也听不懂
12189,1022,孙业顺,2015-12-22 08:58:08,1,3,2,上课都是什么鬼，听了和没听差不多
12410,1022,孙业顺,2015-12-23 08:04:10,1,1,0,老师讲课真的很用心，然而我还是要看书。
12488,1022,孙业顺,2017-10-09 00:07:02,299,344,45,虽然讲的有点乱，但是能够看出来真的很努力在讲，有次上课黑板擦被打湿了擦不干净，直接用自己的眼镜布擦。被他的敬业感动到。
12590,1022,孙业顺,2015-12-23 14:25:05,2,3,1,老师很努力，但水平有限。想培养自学能力的同学就来吧
12688,1022,孙业顺,2015-12-24 02:02:00,1,1,0,老师人还是不错的，感觉想尽力讲好
13623,1022,孙业顺,2015-12-30 06:16:55,7,14,7,满分！老师讲的很认真，很认真，很仔细。虽然说一般的人听不懂。但我听懂了。
13849,1022,孙业顺,2016-01-01 10:09:08,1,1,0,这一学期感觉他的讲课有在一点点地进步，确实是一个很认真的老师！
13920,1022,孙业顺,2016-01-02 10:41:20,-15,2,17,一节课都没去居然满绩了好老师
14123,1022,孙业顺,2016-01-04 14:40:04,2,2,0,老师其实很认真的，讲的也不错！
14565,1022,孙业顺,2016-01-20 11:05:31,1,6,5,均绩真的有3.84吗？表示不信
14587,1022,孙业顺,2016-01-08 01:20:13,0,1,1,讲课真心不咋样 但讲的很认真老师人也很好 说不去自习也没关系的 我就是一学期自习的线代
14868,1022,孙业顺,2016-01-10 11:50:27,-1,2,3,完全照着书本念，而且上课没有激情，不管台下倒下了几排，他都装作没看见按自己的方式继续讲下去。
14927,1022,孙业顺,2016-01-20 07:25:55,1,1,0,0.0
15249,1022,孙业顺,2016-01-13 03:37:49,1,1,0,其实老师很用心了
15291,1022,孙业顺,2016-01-13 11:09:03,1,2,1,感觉如果不是下午第一节课的话会好很多
15687,1022,孙业顺,2016-01-16 06:38:16,1,1,0,特别认真
16148,1022,孙业顺,2016-01-17 10:28:31,-1,3,4,我觉得孙老师的课讲得确实不很脉络清晰，不过孙老师课备得很好，讲知识前还会讲那个东西的应用。而且老师人很好。
16257,1022,孙业顺,2016-01-17 14:57:47,-1,0,1,很努力在讲，但讲的真的是混乱
16527,1022,孙业顺,2016-01-18 10:08:14,0,0,0,人很好，但是就是有点催眠。。。态度超棒，没有架子。
16796,1022,孙业顺,2016-01-20 08:23:26,1,3,2,自己看看书靠谱
17376,1022,孙业顺,2016-01-20 06:51:24,3,7,4,给分坑
17380,1022,孙业顺,2016-01-20 06:56:49,0,1,1,老师讲课好乱啊例题全是课本上的也不拓展一点，进度还超慢，慢了其他老师好多。。。最后只给了75伤心死了
17383,1022,孙业顺,2016-01-20 07:04:02,2,4,2,老师人真的超级好，教学也非常认真仔细，只能怪自己没有认真对待线代
17393,1022,孙业顺,2016-01-20 07:24:38,2,7,5,选他的课 自取灭亡
17394,1022,孙业顺,2016-01-20 07:25:40,1,2,1,自取灭亡
17418,1022,孙业顺,2016-01-20 07:43:08,4,12,8,讲课乱，大绩杀
17471,1022,孙业顺,2016-01-20 09:03:40,-6,3,9,我他妈还能说点什么 分明考满了给杀到3 作业没少交过
17479,1022,孙业顺,2016-01-20 09:32:43,1,1,0,还可以
17504,1022,孙业顺,2016-01-20 10:13:53,0,4,4,给分太低。思维太乱。
17517,1022,孙业顺,2016-01-20 10:24:56,0,3,3,给分太低
17554,1022,孙业顺,2016-01-20 11:51:05,-1,0,1,翘了很多，没怎么去上过
17580,1022,孙业顺,2016-01-20 12:28:12,0,5,5,老师讲课其实还可以，但是真绩杀，一不小心就挂了，对平时作业要求还很高。
17633,1022,孙业顺,2016-01-20 14:03:48,0,3,3,给分不高
17680,1022,孙业顺,2016-01-20 15:38:50,1,3,2,给分坑
17716,1022,孙业顺,2016-01-20 17:13:13,2,3,1,感觉预习很重要！！！！课上最好听老师讲，推荐一个应用—学堂在线，山东大学，秦静老师讲的线性代数可以辅助学习，秦静老师讲的很有调理！！！
17813,1022,孙业顺,2016-01-21 02:09:11,-1,3,4,课讲的非常凌乱，给分也超坑，绩点二点多一大片，绝对绩杀。
17877,1022,孙业顺,2016-01-21 03:20:45,0,0,0,自由飞翔
17983,1022,孙业顺,2016-01-21 05:28:10,1,2,1,给分坑，讲课坑，没有平时分！正态师生情！
18529,1022,孙业顺,2016-01-22 02:10:54,-1,0,1,就这样
18823,1022,孙业顺,2016-01-22 15:13:33,4,6,2,虽然课不咋样 我也曾睡过 但是他真的很用心去教 给分也很高
18909,1022,孙业顺,2016-01-22 17:51:52,0,3,3,没有平时分，给分坑
19311,1022,孙业顺,2016-01-24 00:51:52,1,2,1,老师很用心的
19350,1022,孙业顺,2016-01-24 02:41:37,-1,2,3,请翘课然后去自习，给分还不错是唯一亮点，本学期我就去听过三次课，我也可以很自豪的说我自学了整本线代能不挂也是不错了
19612,1022,孙业顺,2016-01-25 02:54:10,0,2,2,他的课我就没怎么去听过……线代靠自学
19867,1022,孙业顺,2016-01-25 12:32:24,-1,0,1,自习绩点更高，但老师上课挺幽默的
19945,1022,孙业顺,2016-01-25 15:18:26,-1,0,1,能换尽量换吧。
20341,1022,孙业顺,2016-01-27 05:20:30,2,3,1,老师很努力敬业。平时作业很重要！平时作业很重要！作业做不好，最后成绩会低的！
20400,1022,孙业顺,2016-01-27 13:15:12,0,2,2,评分真的没这么高，上课真不如自习
21115,1022,孙业顺,2016-02-18 00:35:11,-1,0,1,能把自己讲晕我服
21372,1022,孙业顺,2016-02-28 10:25:44,1,7,6,钱英说是绩杀结果给分很好 孙业顺看着慈眉善目绩杀的要死 线代这学期平均分2.8还教的差 自己掂量吧
22376,1022,孙业顺,2016-03-04 03:41:10,-1,0,1,坑 分
23584,1022,孙业顺,2016-04-07 08:24:34,4,4,0,不错啊，很负责，讲课很认真
24743,1022,孙业顺,2016-05-03 09:32:30,1,2,1,我挂了
29001,1022,孙业顺,2016-06-29 05:48:22,-1,0,1,给我换课啊 好人呐
29258,1022,孙业顺,2016-06-29 13:49:01,1,2,1,我挂了
31115,1022,孙业顺,2016-07-03 08:41:21,0,1,1,劝大家自学。
32258,1022,孙业顺,2016-07-06 05:15:18,3,4,1,师生情真的有。
33373,1022,孙业顺,2016-09-19 02:36:34,0,3,3,记得抢最后一排
33415,1022,孙业顺,2017-01-20 02:39:23,-12,5,17,为什么查老师没有零分???
33948,1022,孙业顺,2016-09-23 10:50:30,0,1,1,真的思路太乱了…没预习根本不知道说了些什么
34418,1022,孙业顺,2016-11-10 09:28:40,-7,1,8,听他的课和自学的区别：听课还得抵抗他讲课的噪音。
34433,1022,孙业顺,2016-10-10 09:02:46,-3,4,7,数学本是美妙的小提琴乐曲，孙老师将演绎锯实木床腿
34653,1022,孙业顺,2016-10-17 10:22:18,0,4,4,选他要自己好好听   不然你就完了。然而。。。。。。。。。选了于飞的话，你真的就完了，浙大为撒会选于飞做老师？？？智障
34817,1022,孙业顺,2016-10-24 04:00:38,1,2,1,听不懂
34820,1022,孙业顺,2016-10-24 06:00:48,11,12,1,真的很敬业，虽然听不懂。但是感觉人很好。
35634,1022,孙业顺,2016-11-10 07:36:39,1,2,1,完全听不懂老师在讲什么，思维跳跃是在是太大，但是老师真的是讲的很认真很认真，虽然是这样，但是真的很想在这儿吐槽下孙老师上课时跳变的逻辑
35743,1022,孙业顺,2016-11-10 07:58:58,2,2,0,老师很可爱，真的非常认真负责，课前要预习，会问学生有没有听懂
36172,1022,孙业顺,2016-11-10 19:53:25,2,2,0,很认真的老师！讲课很细心
37087,1022,孙业顺,2016-11-17 10:17:29,0,0,0,！！！
38878,1022,孙业顺,2016-12-19 15:42:12,16,21,5,选课前看到这个老师的评分，想说再不疯狂我们就老了，趁年轻挑战一把，然后发现我还真怼不过他。学线代救不了中国人，不过学他的线代应该能治失眠，建议选下午的课，睡午觉感觉比早上睡回笼觉舒服。
38881,1022,孙业顺,2016-12-19 15:48:49,5,6,1,希望大家能课前预习，实在不行的话，课后预习也行呀。
39358,1022,孙业顺,2016-12-22 07:35:51,0,1,1,hao lao shi
39466,1022,孙业顺,2016-12-23 02:51:32,144,164,20,我希望浙大学生更多有独立思考的能力，不要先入为主，比如看到这个老师分低就认为教的不好，然后给低分然后死循环。不吹不黑的说，孙老师水平很高，但是教学效果并不跟他水平正比。不过总的来说还行，所谓讲课乱也只是开始那一部分乱而已，后面还是有条理的。此外老师人挺好说话，也很敬业。缺点有，一，上课缺乏激情，有点让人犯困，二，书本外题目讲得较少，拓展比较少，三，板书有点乱，坐中后容易看不太清楚。
39606,1022,孙业顺,2016-12-26 03:45:48,-1,0,1,呵呵，自学吧，什么都不说了
39625,1022,孙业顺,2016-12-26 07:34:11,2,3,1,还是谢谢老师，虽然上课没有逻辑，不过老师很敬业啊，不拖堂，态度和蔼，只是可怜了我的线代
39715,1022,孙业顺,2016-12-27 06:24:52,5,7,2,这是一种你难以忘怀的体验！\n\n感觉整个世界都离你而去\n\n你的脑海里只有一句话\n\n\n\n\n\n\n\n他在讲什么鬼\n\n\n\n\n\n
41206,1022,孙业顺,2017-03-13 03:44:24,3,4,1,老师真的很认真地在讲课，只是可能自己比较辣鸡
43435,1022,孙业顺,2017-01-16 09:09:46,15,17,2,为他的态度给了10分
43539,1022,孙业顺,2017-02-28 05:07:47,22,28,6,凭良心说真的很认真，老师呆萌
43759,1022,孙业顺,2017-01-17 02:33:17,3,4,1,老师好努力，和蔼可亲↖(^ω^)↗，虽然期末跪了，但还是好喜欢
45667,1022,孙业顺,2017-01-20 02:25:04,9,12,3,这学期的线代一定给调分了，幸亏调分我才没挂，感谢老师
45680,1022,孙业顺,2017-01-20 02:42:29,1,4,3,老师水平还是有的，虽然讲课有点儿乱。可能是自己太辣鸡了，上课从来听不懂，于是自己看书期末补天，恰好这次考试特别难，只会做一两道，结果没挂！！感谢老师调分救了我
46189,1022,孙业顺,2017-01-21 01:26:43,4,5,1,老师很敬业，人好得不得了。讲课有点乱，说话有点怪，但是做题的思维是有的，但他不该来当老师的。这个学期给的平时分略少。
47396,1022,孙业顺,2017-01-26 03:39:15,12,20,8,老师真的很敬业，线性代数最后3.9，老师也努力调分了，孙老师真的很认真地教课，只想说这学期线性代数期末考试实在太难。。。
47746,1022,孙业顺,2017-02-23 06:08:00,3,4,1,老师讲课很认真
47935,1022,孙业顺,2017-02-27 11:03:07,2,2,0,还是不错的老师
48975,1022,孙业顺,2017-03-20 03:21:27,3,6,3,我觉得他不应该来当老师 自己搞科研就够了
50892,1022,孙业顺,2017-05-08 05:44:12,13,13,0,看得出这是个良心老师，努力想对我们负责；有功底也有智慧。就是拜托再讲得细一点吧，多讲点题目
51467,1022,孙业顺,2017-06-06 06:12:05,3,3,0,看得出来老师很努力，但是。。。
53023,1022,孙业顺,2017-06-25 01:03:10,1,1,0,很棒噢
54286,1022,孙业顺,2017-06-29 03:19:29,11,11,0,老师很负责任，很努力。这学期点集拓扑，常常提前给我们讲习题。本来点集拓扑确实烧脑，考试后面几个题偏难了。给分正常。
54637,1022,孙业顺,2017-06-30 03:02:33,2,3,1,老师人很好，讲课没怎么听不评价，助教不错，小测的平时分给的低了点
54658,1022,孙业顺,2017-06-30 03:28:33,11,11,0,老师真的很棒！很努力的讲课！经常满头大汗！数学这种课应该要自己下功夫，不能指期望老师给高分！感谢老师！看的出老师很认真！非常负责！
54981,1022,孙业顺,2017-06-30 14:11:23,25,26,1,之前看到老师评分低以为自己会很痛苦，但是懒得换就坚持选他了，讲真老师真的真的真的很认真，上课真的是在很认真的讲，写黑板，但是。。嗯。。他的例题都是书上的。。有时候还会把自己讲懵? 不过人很好呀，例题和讲的顺序和书上会有轻微的不同，认真听的话还是不会睡着的 ?
58823,1022,孙业顺,2017-09-18 04:02:56,1,2,1,老师很努力在讲，我也很努力在听，但是听不懂
58849,1022,孙业顺,2018-01-22 15:43:37,2,3,1,.....
59039,1022,孙业顺,2017-09-19 07:36:37,2,2,0,无论是说话还是作图，都很抽象，如果不预习并自己好好感受，就是天书
59044,1022,孙业顺,2017-09-19 07:51:59,-3,1,4,烂，心累，根本不知道他在说什么
59045,1022,孙业顺,2017-09-19 07:54:41,1,2,1,听天书
59049,1022,孙业顺,2017-09-19 08:07:52,10,11,1,老师很用心\n\n给有些人一个忠告吧，不要觉得老师不对你的口味就是差老师。想想自己有没有用心，而不是先入为主一概拒绝接受？
59104,1022,孙业顺,2018-01-22 10:16:00,1,2,1,自学没挂
59590,1022,孙业顺,2017-09-24 08:08:19,3,3,0,讲课有些乱，课前要做好预习工作。上课一定要注意力集中，不然就完全跟不上了。\n\n
59995,1022,孙业顺,2017-09-30 11:03:43,-1,1,2,蛮不错的，只要你认真听，不仅听得懂，还会有一些启发。
60097,1022,孙业顺,2017-10-10 06:28:45,-1,1,2,预习就会有收获
60334,1022,孙业顺,2017-10-17 15:02:50,-1,0,1,觉得老师很认真地在讲课，感觉很好，很舒服。
60347,1022,孙业顺,2017-10-18 02:33:19,-1,1,2,可以的，蛮认真
60470,1022,孙业顺,2017-10-22 01:19:02,1,2,1,emmmm，有自信的自己预习听听看，没自信的溜出去左转钱英李将云
60709,1022,孙业顺,2017-10-27 09:30:40,-1,0,1,老师上课很认真，认真听的话，可以学到很多的，
61031,1022,孙业顺,2017-11-07 07:19:05,-1,1,2,讲得很努力，需要认真听
61638,1022,孙业顺,2018-01-28 02:45:32,5,8,3,不如自学
62402,1022,孙业顺,2017-11-25 01:28:21,0,1,1,我没仔细听过他的课，因为跟不上。。但可以看出他是一个很负责的老师，希望他能改变一下自己的教学方法。
62404,1022,孙业顺,2017-11-25 01:41:21,1,4,3,刚出分，跑来评论一下。\n\n我是孙老师的复变，5.0，给8分。\n\n孙老师上课真的很认真，上课全程板书，就是不太清楚后排同学能不能看清，然后讲课讲得还行，按照书上的顺序，讲书上的例子，条理还算清晰。书本上的内容以外的扩展也有，但是比较少，如果能多一点就更好了（例题也是）。\n\n讲真复变这种数学课还是要靠大家自身的努力，不然都是上课听得懂，做题做得懵。如果你找老师答疑他也会很可以给你解惑的。所以打个8分拉一下平均分吧。\n\n（BTW我觉得老师挺可爱的hhhhhhhh）
62407,1022,孙业顺,2017-11-25 02:07:00,-19,3,22,只考了94的人很惭愧...孙业顺真是我大学里见过最有趣的数学老师了！虽然嘲讽他是人型复读机，上课还是很敬业负责的。半学期的课不能要求更多了。
62409,1022,孙业顺,2017-11-25 02:17:16,-1,3,4,控制学子来打卡，表示控制学子很喜欢孙老师，老师很认真地教书，我们也很认真学习，最终绩点都不会差的
62428,1022,孙业顺,2017-11-25 07:46:31,0,2,2,老师上课真的很认真，虽然完全跟不上他的节奏\n\n
62494,1022,孙业顺,2017-11-25 12:32:34,-2,1,3,( ′◔ ‸◔`)
63255,1022,孙业顺,2017-11-29 13:36:01,0,1,1,挺好的
63472,1022,孙业顺,2018-01-22 22:50:02,6,8,2,上课讲的比较混乱，跟不上节奏一定要预习，那些说老师这里垃圾那里垃圾的人……算了，自己体会吧。大学还指望老师，我只能说比较丢三本人的脸
63635,1022,孙业顺,2017-12-11 04:03:50,0,1,1,gg\n\n
63929,1022,孙业顺,2017-12-19 14:58:21,2,4,2,工信17届：emmm…老师讲得没那么乱，而且关心学生，乐于帮我们解答问题。尽管听他讲课可能有点迷。但我认为这应该是我个人的问题。PS：个人认为线代课后听听网易公开课有一定帮助（最好先看一下矩阵）。如果你适应老师的讲课方式，认真听课；如果不太适应，自己看书自学，提问也可以。
64533,1022,孙业顺,2017-12-25 03:20:40,1,3,2,态度认真，能力不足
64675,1022,孙业顺,2017-12-26 08:00:03,0,1,1,虽然老师的课会有点枯燥，但是老师真的教的很认真，并且有同学问问题时他也会很耐心地解答，总之，我觉得老师人很好!
65288,1022,孙业顺,2018-01-02 11:03:55,1,2,1,每次现代上课都是活下去的动力，好得还有什么说的呢？
65566,1022,孙业顺,2018-01-06 06:50:53,1,2,1,超级负责 很可爱的老师 很敬业
65639,1022,孙业顺,2018-01-08 02:46:05,0,1,1,建议老师用用多媒体，也不至于思路这么混乱
65650,1022,孙业顺,2018-01-25 00:43:45,11,23,12,线代甲 小测一共占十分 给了3.5分。我不明白，我小测明明8分，为什么写3.5分。向老师发了邮件，老师说是助教登的分他只是汇总，我不觉得助教会故意登错分。已经把小测照片成绩发给老师，但是感觉老师一直在逃避正面回复。我不明白，别的人，小测作弊，对答案，拿十分，我尽心尽力学，考试无愧于心，考个8分还只给我3.5。本来线代已经够拖绩点了，还有这种强制绩杀吗，呵呵
65774,1022,孙业顺,2018-01-09 05:26:37,2,2,0,绝对的好老师，知识渊博。但是讲课跨度大。听他讲课要好好预习，并且全程不走神才行。
66289,1022,孙业顺,2018-01-15 02:09:00,39,41,2,会说对不起的老师。
66401,1022,孙业顺,2018-01-16 04:45:32,1,2,1,同意大多数人的看法
66613,1022,孙业顺,2018-01-17 13:32:01,0,2,2,真的是自顾自讲
67934,1022,孙业顺,2018-01-22 10:36:09,9,13,4,老师确实挺认真负责，但是讲课确实不怎么样。讲课慢+思路乱+只讲书上基础题，考试的时候难题根本不会写。(也可能是我题目做少了吧orz)  总评六十几低空飞过，给个6分吧，以后不用再学线代了。
67940,1022,孙业顺,2018-01-22 10:47:38,1,1,0,说一下老师的线代（甲）:老师是很认真，但是其实因为总是讲书上的内容，没有太多的方法和要点就很难过，期末调分有点坑吧，全看命好不好。当然dalao还是能自学成才，只不过花的力气就有点大了。
67941,1022,孙业顺,2018-01-22 10:53:57,3,4,1,救了我一命
67943,1022,孙业顺,2018-01-22 10:56:43,4,4,0,老师讲得认真，但太基础了，考试又难
67950,1022,孙业顺,2018-01-22 11:24:02,1,2,1,感觉是研究型的，不是教学型的。教的很认真，但是确实效果不好。
67991,1022,孙业顺,2018-01-22 12:29:56,1,5,4,我爱孙业顺，满满师生情！
67996,1022,孙业顺,2018-01-22 12:53:29,20,23,3,和女票一个老师的线代课，期中分数加起来100～
68010,1022,孙业顺,2018-01-22 13:09:50,0,0,0,虽然上课没怎么听懂，但也只能怪自己没预习，上课没认真听了。最后感谢老师浓浓的师生情，让我过了。
68016,1022,孙业顺,2018-01-22 13:19:07,1,1,0,只能说一句感谢不挂之恩。
68042,1022,孙业顺,2018-01-22 13:51:18,1,1,0,你能拿多少分和考试分数没有必然联系。
68085,1022,孙业顺,2018-01-22 14:44:53,1,1,0,老师讲得真的超认真，夏天的风时候后背都是湿的，很感动，每次都写好几黑板的板书。可是……怪自己怪自己?
68636,1022,孙业顺,2018-01-23 13:53:39,0,0,0,老师很认真是没错了，怪我自己上课觉得自己听不懂就没听课了，考试也一团糟，绩点也是确实低了，不想说什么，看到成绩一下子就蔫了。
68647,1022,孙业顺,2018-01-23 14:12:46,5,5,0,万不得已别选
69743,1022,孙业顺,2018-01-25 10:01:46,3,4,1,课堂太基础了，上课不如自学，但是线性代数自学效果不好，不建议选
70853,1022,孙业顺,2018-01-27 15:43:17,0,3,3,老师真的很认真，数学本来就自学才是自己的，怨不得别人。
76239,1022,孙业顺,2018-03-30 00:47:00,1,2,1,态度好
77960,1022,孙业顺,2018-05-09 03:45:16,3,4,1,线代自学比较难，难题动不了，别的不讲，老师是真的负责，很努力了，但是讲的实在基础，而且缺乏激情，每次全程不走神的，你可以满绩了（建议真的要课外辅助多看其他教学视频，或听听其他老师的课，你再来体会一下吧）
80645,1022,孙业顺,2018-06-29 01:19:52,-2,0,2,听不懂\n\n
80878,1022,孙业顺,2018-07-02 08:26:07,0,1,1,老师真的很认真 认真听还是有收获的
82278,1022,孙业顺,2018-07-11 13:22:20,-4,4,8,勉强给个五分吧\n\n我觉得没有调分 太狠心了\n\n差评
82453,1022,孙业顺,2018-07-08 08:23:54,10,10,0,很简单的题目，接近填空题和几行证明题→几乎都不会。
82454,1022,孙业顺,2018-07-08 08:25:30,10,11,1,以后再也不敢胡乱选数学系的课了。。
84586,1022,孙业顺,2018-07-13 08:49:27,5,6,1,呵呵 给我一百万我也不会再选这个老师了。谁选谁遭殃
84591,1022,孙业顺,2018-07-13 09:05:22,1,2,1,老师讲课还是很认真的。感谢老师没有挂我吧。
84614,1022,孙业顺,2018-07-13 10:27:26,2,2,0,物理系的慎选点集拓扑
84625,1022,孙业顺,2018-07-13 10:56:13,1,2,1,点拓卷面就会做三十多分，考完就觉得自己要挂了，结果出来了出乎意料。老师一定调分了，谢谢老师！！
84836,1022,孙业顺,2018-07-14 04:02:12,0,0,0,菜鸡给老师调分调及格了，爱老师爱助教。
86600,1022,孙业顺,2018-09-17 11:47:11,1,2,1,为了他感动到我的敬业特地来评分。
86684,1022,孙业顺,2018-10-08 07:42:26,4,5,1,分数低是有原因的……
87325,1022,孙业顺,2018-09-27 04:49:27,0,1,1,好老师，真的是个好老师，超级可爱
87827,1022,孙业顺,2018-10-15 06:21:57,2,3,1,很好  老师真的很努力
87833,1022,孙业顺,2018-11-19 08:42:35,9,10,1,觉得如果老师多讲点例题就好了
87854,1022,孙业顺,2018-10-16 02:16:46,1,2,1,讲的有点简单...有点犯困...
88141,1022,孙业顺,2018-10-23 03:21:01,9,12,3,老师很认真，很努力在讲课，但是效果却让人睡觉并且不知所云有点乱……还有就是每次老师看到黑板反光都会去拉反方向的窗帘……然后会发现反了，就跑到另一边把两边都拉起来。。老师跑来跑去辛苦了。好了我该努力听课了
88380,1022,孙业顺,2018-10-30 02:05:23,6,6,0,還可以吧，沒有想象中的那麽差
88695,1022,孙业顺,2018-11-06 03:18:10,10,10,0,老师真的很敬业，晚课过后还给放掉课的同学补课，真的就只有四个同学老师还又讲了两节课的内容，真的很敬业，而且线代这种东西不管老师讲多好还是靠自己对吧，谁交都是一样的。但是老师真的真的很好～
89432,1022,孙业顺,2018-11-19 06:21:39,6,6,0,老师上课真的炒鸡认真 但是确实不如自学
91437,1022,孙业顺,2018-12-10 07:15:40,3,3,0,全靠自学-_-||
91565,1022,孙业顺,2018-12-13 11:12:06,12,13,1,正課就算了吧……不如自學……但是習題課還是很好的，助教講的還不錯。
91747,1022,孙业顺,2018-12-19 08:10:01,4,4,0,睡得很香
91953,1022,孙业顺,2018-12-25 05:44:46,9,9,0,看着就像呆呆的大佬
93036,1022,孙业顺,2019-01-07 05:27:25,4,4,0,其实老师还行，只是他可能有时候一下子不能完全表达自己的想法，就会显得语言比较混乱。
94986,1022,孙业顺,2019-01-18 14:16:55,22,23,1,和其他人的评价差不多，老师很努力很认真地在教，但是他上课一般只讲课本上的内容，前后的条理比较欠缺（同时diss一下线代教材），容易听不懂，做题的方法基本不讲，全靠助教xjj（疯狂打call）的习题课才能学到做题方法。上课也有点慢，最后一节课才把课上完，没有复习。不课外看点东西考试挺危险的。\n\n大一新生预置了孙老师的线代课，如果是dl自便，其他人建议还是退了选别的老师的课，不要信教务网说的什么“建议不要退选预置课”，都是假的，选上别的老师的课概率很大的。实在不行可以去蹭同一时间段其他老师的课，老师不会点名的，课后也都会把作业发在群里。\n\n
96870,1022,孙业顺,2019-01-21 11:07:26,3,3,0,讲课是真的乱。。。书看懂了听他的课又不懂了
97245,1022,孙业顺,2019-01-22 05:51:45,0,0,0,。。。。
97375,1022,孙业顺,2019-01-22 08:27:10,5,7,2,成绩出来后  来评价了。分数最终还是看考试，考试的话就和老师之前是怎么教的关系比较大。说一下我的感受：老师讲课很认真努力，但他讲的就只有书本上最最最基础的东西，和考试会差得非常远；讲的水平不高，听他讲和自己看书基本一样（我去上课基本上就是找个这样的氛围来学习）；线代的学习需要多刷题，多见识一些方法，局限于书是远不够的。\n\n最后，我想说，数学水平不高的就别选了，选其它老师吧～\n\n表白我们的助教xjj，人美聪明耐心教了我们很多很多!
97395,1022,孙业顺,2019-01-22 08:35:11,12,12,0,首先，我线代成绩还是不错的仅供参考x\n\n老师讲课非常认真细心只要耐心听跟上还是很容易的。老师本身也是十分友善但是上课涉猎的超脱教材的部分不多，比较基础。\n\n但是线代考试你能把教材吃透，把课内习题课后习题既有结论全部了然于胸，考试绝不会有任何问题。\n\n简言之，学习靠自己，老师很好了，归罪老师的话只是因为自己还不够努力却不想承认罢了。老师已经非常非常棒了。\n\n助教xjj会教我们很多解题方法习题课认真听会很棒。\n\n大一预置到孙老师很开心，感谢陪伴，如果看的话XD
98000,1022,孙业顺,2019-01-23 03:33:45,5,5,0,正课直接翘课 习题课必须来
98014,1022,孙业顺,2019-01-23 03:54:29,2,2,0,我听力有些不好，感觉一学期没听懂多少东西……只能说控制不住自己的别选孙老师了，老师讲的东西不错，但能不能听进去看个人能力。另外，习题课必去，表白助教xjj，太可爱了，讲课生动有趣，知识点也不少（感觉每周习题课学的比正课多），平时也很平易近人。最后感谢下老师和助教！给分挺好(´▽`ʃƪ)
99313,1022,孙业顺,2019-01-24 14:39:00,3,3,0,能感觉到老师的认真……但讲的也确实有些乱
101931,1022,孙业顺,2019-01-29 20:12:52,34,41,7,我一学期没听课 期中考前一天速成 期末考前两天速成 第六章没看过去考了 结果4.2 不得不说不听孙老师的课效果还是很好的 就冲不点到这个必须10分 希望后来的同学 能有空去听听汤树元老师的课 真的救我
102397,1022,孙业顺,2019-02-01 11:45:46,0,1,1,老师讲课有点无聊吧，跟书上内容基本一模一样，给的例题数字都完全没差那种，不过老师上课还是蛮认真的，我觉得还好啦，就是平时自己要多看看书。还有我们助教挺不错的，讲题很清晰改作业认真，还会给我们补充例题，表白助教小姐姐
103310,1022,孙业顺,2019-02-27 08:21:54,2,3,1,讲课奇乱，思想顽固，还瞧不起学线代乙的同学，哭了
103844,1022,孙业顺,2019-03-06 08:10:35,6,6,0,线代可以翘\n\n线代习题课别翘\n\n(表白助教)
103952,1022,孙业顺,2019-03-08 02:13:49,4,4,0,讲的乱七八糟，思维跳跃，要不是有zjxjj讲的好就退课了
112522,1022,孙业顺,2019-07-04 16:31:50,-37,5,42,期中全班第一，期末满分，居然平时作业会被扣分？！数学课是怎么回事，每次都被卡绩，难受难受难受? 。但是咱有一说一，对于高中vector学得比较扎实的人来说，听老师讲课海星。大类课的liner algebra 就是在matrix理论下对线性方程组，线性空间和二次型的求解罢了。想深入学习还是安利高代。。。
112999,1022,孙业顺,2019-07-05 17:21:42,1,1,0,点集拓扑……的给分……………我吐血了………
113230,1022,孙业顺,2019-07-06 02:16:08,3,3,0,老师讲的很用心，海底捞感人
115143,1022,孙业顺,2019-07-16 05:25:38,4,4,0,前面那个，线性代数是linear algebra?
115418,1022,孙业顺,2019-09-06 03:57:26,2,2,0,想不到期中比平均分高40分的我居然期末翻车，不过自作孽不可活。老师讲课就一般吧，反正都是自学，不过助教小姐姐很耐心细致，我室友被她迷的神魂颠倒?
116380,1022,孙业顺,2019-09-19 00:34:08,5,8,3,简直灾难。。
116471,1022,孙业顺,2019-09-11 01:19:09,-1,1,2,敬业。但是有点乱。比想象好吧
116579,1022,孙业顺,2019-09-12 01:21:05,3,3,0,这课听得我难受啊，语速和音量都让我不舒服
116880,1022,孙业顺,2019-09-17 03:31:09,1,2,1,针对复变函数 他是个热爱数学的人 上课时补充了一些有趣的数学猜想和证明 上课前给我们放了3b1b的视频解释欧拉公式好评 但是他上课没有课件 不利于课后复盘思路差评
116910,1022,孙业顺,2019-09-17 06:59:59,2,3,1,乱七八糟
117056,1022,孙业顺,2019-09-19 01:09:13,10,10,0,汗流浃背，不知所云
117139,1022,孙业顺,2019-11-16 16:42:34,-11,8,19,sb讲得垃圾的一逼还给分差，早知道退课保平安
117140,1022,孙业顺,2019-09-20 00:35:45,5,5,0,上课不知道他想说什么 还是自学吧
117143,1022,孙业顺,2019-09-20 00:38:59,1,3,2,唉，怎么说呢，老师是好老师，也不是好老师，态度认真，很想讲好，但我觉得可能没什么当老师的天赋吧，一个他觉得自己讲的很自己的定义，我们还是全都没听懂，还是多把经历放在研究上吧，少开点课。给个六分吧，毕竟我们学生也不能仅仅因为态度好就能得高分，想得高分还是需要实力的。
117144,1022,孙业顺,2019-09-27 00:37:59,5,5,0,真的不想听
117424,1022,孙业顺,2019-09-24 06:50:40,17,18,1,老师极大地激发了我的自学能力。
117429,1022,孙业顺,2019-09-24 07:31:54,0,2,2,老师业务还是很有，水平的提前预习带着问题去听可能会豁然开朗，但不预习基本不要想听懂
117680,1022,孙业顺,2019-09-29 01:05:16,0,2,2,老师讲课有些含糊不清，但是的确很努力，如果能够坚持听下他讲的，还是很有帮助的
117820,1022,孙业顺,2019-10-03 03:49:51,9,9,0,讲课固然认真 但逻辑太跳跃 听他课很费劲
117830,1022,孙业顺,2019-10-04 03:29:29,-4,1,5,真的是个认真负责的老师
118175,1022,孙业顺,2019-10-22 04:15:34,8,9,1,重要的证明轻描淡写，无所谓的计算过程写一大堆，而且还写不清楚。
118196,1022,孙业顺,2019-10-22 14:32:49,4,6,2,把爷整蒙了。
118604,1022,孙业顺,2019-10-29 09:37:37,1,3,2,老师真的在很努力讲清楚了，虽然还是很欠缺，但他真的很努力了?可能是我高中数学老师就是这样，所以能跟上他，但是一定要认真听，不然就懵了?
118771,1022,孙业顺,2019-11-01 00:12:47,1,1,0,。。。
118793,1022,孙业顺,2019-11-15 07:14:54,5,6,1,不好意思楼下那位99的同学，最后一题0的情况我分开讨论了，没什么问题。其它计算题跟同学对过答案，他满了，我自己的试卷估分还需要您来帮我质疑吗？
118824,1022,孙业顺,2019-11-06 14:58:40,8,8,0,老师解散了班级群吗？考完试发现班级群不见了有点困惑。
119291,1022,孙业顺,2019-11-12 03:07:19,1,3,2,下面那个大一的，建议把尾巴收起来，另外vector向量，linear algebra线性代数，matrix矩阵，不知道插这三个弱智单词是想显摆什么
119482,1022,孙业顺,2019-11-13 04:20:38,2,3,1,好像在和数学家对话
119592,1022,孙业顺,2019-11-14 03:32:05,5,8,3,什么时候出分呀
119692,1022,孙业顺,2019-11-17 02:54:24,-9,5,14,有一说一，菜是原罪
119716,1022,孙业顺,2019-11-15 03:21:29,4,7,3,我的天，我们是考多少就给多少分吗？
119721,1022,孙业顺,2019-11-15 03:32:14,2,2,0,不懂就问，这次复变到底平均分是多少
119728,1022,孙业顺,2019-11-15 03:53:49,1,1,0,有一说一，老师上课确实一般。但是会建群，答疑也积极也挺好，，还是靠自学吧
119730,1022,孙业顺,2019-11-15 03:57:39,-1,0,1,听了头两次课之后绝望的去蹭了隔壁yht的复变...不过老师貌似会调分？
119732,1022,孙业顺,2019-11-15 04:32:43,3,3,0,好！我感觉我没被调分
119734,1022,孙业顺,2019-11-15 04:59:16,0,3,3,被卡绩，感觉就像拉完屎没擦屁股一样难受，，，多给一分会死系列老师
119744,1022,孙业顺,2019-11-15 09:08:12,-5,3,8,害同学我也不好跟你说什么，老师给分肯定是公平公正，你要是不接受我的观点我也没有什么办法，毕竟你的分也不是我给的。关于考试的内容也不太想和你争论，成绩毕竟摆在那里了。所以只能希望你冬学期继续加油考出自己理想的分数了?
119746,1022,孙业顺,2019-11-15 06:52:53,-3,0,3,这门课自学满绩，孙老师会适当调分，这点很nice。
119747,1022,孙业顺,2019-11-15 06:57:02,-2,0,2,我4.5，但怎么感觉大家都有4.5呢
119749,1022,孙业顺,2019-11-15 07:48:17,12,12,0,在查老师里说话的同学大多是成绩比较满意的，这给大家一种众人皆dl的假象。客观来讲，我认为孙老师的复变函数平均绩点不会超过3.8（手动滑稽）
119750,1022,孙业顺,2019-11-15 08:14:22,-2,0,2,师生情 ?️
119810,1022,孙业顺,2019-11-16 02:01:46,-2,0,2,呜呜呜呜呜我的复变
119864,1022,孙业顺,2019-11-16 11:31:08,2,5,3,讲课是真的很乱，缺乏逻辑，学生建议使用PPT了，相信以后讲课会更好。感觉人是超可爱的，自己讲课停顿不流畅了都可以感受到那种紧张，然后越紧张就讲的越乱? 。平常很认真的回答学生的问题，给分也挺好的。至于学习内容，回去多看看书或网课，结果不会很差的
119898,1022,孙业顺,2019-11-16 23:30:41,3,3,0,虽然老师讲的有点跳，但是认真听了一两节课我就习惯了。老师讲的东西还是挺有启发性的，尤其是保角映射那一章。虽然没mj，但只能说明我太菜了，于老师无瓜。我想那些考不好就怪老师的人，上课估计没好好听，下了课也没怎么学，考得好才怪。。。
120027,1022,孙业顺,2019-11-17 06:02:41,38,39,1,一个好老师要给学生一滴水，自己必须要有一桶水。感觉这个老师可能是有一桶水的，但是是散装的矿泉水，有时候自己也分不清要用哪瓶，然后就乱倒了。
120061,1022,孙业顺,2019-11-17 08:58:55,0,1,1,老师很努力
121213,1022,孙业顺,2019-12-28 11:57:43,-1,0,1,呜呜呜呜\n\n
121392,1022,孙业顺,2019-12-16 11:41:47,1,1,0,老师很可爱啊
121575,1022,孙业顺,2019-12-12 11:09:42,0,0,0,我觉得还行
121607,1022,孙业顺,2019-12-12 08:42:57,-1,1,2,乱，准备自修
121841,1022,孙业顺,2020-01-22 09:49:34,10,14,4,孙老师的课堂的确不行 个人感觉是因为老师一直照着教材讲 然而浙大的这本线代教材真是一坨屎。给了9分是因为老师很负责每次都把作业发群里而且从来不点名。期中期末应该都是向上调分了，而且调的幅度很大。最后给分非常好（因为期末调分了
122122,1022,孙业顺,2020-02-15 04:35:41,4,6,2,大一线代是孙老师的课，感觉孙老师很可爱啊，孙老师讲课证明从不含糊也很有逻辑条理，有时也会引入补充一些线代以外的知识当科普，讲课速度也不快，而且老师真的挺可爱的。
122614,1022,孙业顺,2020-03-08 09:38:58,0,0,0,还行啦
122795,1022,孙业顺,2020-04-07 13:19:32,1,3,2,不点名，预置后可以翘课听别的老师的
123980,1022,孙业顺,2020-06-18 11:33:53,3,3,0,老师挺可爱的，上课很认真，但是讲的有些乱。给分不怪老师，是我水了。
125916,1022,孙业顺,2020-09-15 14:38:47,0,2,2,第一次听他上课，讲课真的太乱了。。。反正热门评论第一第三条已经很能说明问题了。。。
126452,1022,孙业顺,2020-09-27 07:52:18,3,5,2,敬业！
126484,1022,孙业顺,2020-09-28 06:30:59,6,9,3,现在就在他课上 忍不住来吐槽 讲课是真的乱 有点口吃 问题是今天他还用了平板写字 极为不熟练 讲新课无法获取连贯的知识 一会ppt一会平板写字 切app很慢 思路断断续续 很难获取重要的内容 时间都浪费了 建议不要选 能退则退.
126693,1022,孙业顺,2020-10-14 05:15:16,25,30,5,老师讲课很认真，讲的思路也挺清楚的，我觉得没有评论说的那么离谱。就是有时候在一些运算方面可能讲的速度有点慢，算是小瑕疵吧。
126763,1022,孙业顺,2020-10-19 07:23:50,0,2,2,luan gao
126821,1022,孙业顺,2020-10-21 11:57:07,3,3,0,人很好，很认真在讲，但不预习上课真的折磨
126898,1022,孙业顺,2020-10-27 04:03:59,2,4,2,可能是我个人原因吧反正上课真的听不懂。有的时候就努力想去跟上他的节奏，但就是听不懂
127046,1022,孙业顺,2020-11-04 06:34:58,3,5,2,真的听不懂求求大家别选
127101,1022,孙业顺,2020-11-07 11:25:28,5,6,1,可以去蹭蹭对面tsy老师的课
127585,1022,孙业顺,2020-11-24 16:50:05,3,4,1,真的好老师，认真负责，讲课节奏有些慢但可以适应。工科复变正常不预习也可以跟得上，点拓的话还是自己多看看。老师对拓扑研究和理解的真的挺好的只是可能嘴比较笨不太会讲出来。认真听会有收获的，给分也很好了
128117,1022,孙业顺,2020-12-08 02:10:03,-1,0,1,复变给分不错的，老师也挺认真的，只是老师没有ppt。
128168,1022,孙业顺,2020-12-09 07:52:49,7,8,1,老师很认真负责，绝对敬业，但是不太能跟上也是真的，我也去旁听了别的老师的课，认为比较重要的原因就是不使用ppt，有的计算没必要写但还是一步步算了就挺浪费时间，还有就是书写的话可能看的不是很清楚，希望老师制作一个ppt会更有条理，不必完全按照教材。
128451,1022,孙业顺,2020-12-23 09:18:02,2,2,0,讲课很细致
128514,1022,孙业顺,2020-12-23 12:29:53,0,0,0,难得的会教课外知识的老师。博士生水平很高，预习了就能听懂。
128737,1022,孙业顺,2020-12-25 06:14:53,3,3,0,字迹有点草，板书看不懂。。\n\n讲话也有点含糊\n\n真的一定要预习再上课！！\n\n老师还是认真负责的！！
129093,1022,孙业顺,2020-12-30 06:17:16,0,1,1,彳亍，
129357,1022,孙业顺,2021-01-04 12:59:27,2,2,0,很好很敬业的老师，虽然复变大家都不怎么听，包括我。。
129372,1022,孙业顺,2021-01-04 23:08:53,6,6,0,老师确实很用心认真。但也确实口齿不清，讲得很乱，还不用ppt\n\n偶尔很认真专注听发现讲的某些东西还挺深入……不过抱歉老师大部分时候听不下去啊\n\n作业布置较少，建议自己自觉加大刷题量\n\n助教xjj貌似被我们这群自习课摸鱼不反馈的冷漠学生消磨得快没积极性了。解题很快但有时候好像不大情愿解答。问问题要有颗大心脏
129438,1022,孙业顺,2021-01-05 10:49:00,1,4,3,讲的是真的乱，全靠智云蹭听
129865,1022,孙业顺,2021-01-13 05:29:50,-4,3,7,老师在很认真的讲，但是可能要多活跃气氛。另外希望加点名，因为从学期初到学期末来上课的人越来越少。
129891,1022,孙业顺,2021-01-13 08:31:04,6,6,0,孙老师从不点名，来不来都随你。孙老师上课其实逻辑性很强，就是偶尔会冒出一些超出大一新生知识范围的名词，而且对重点突出不够。但是如果全程认真听，不预习也听得懂。另外老师对数学见解很深刻，有些很高的观点。是个很好的老师
129992,1022,孙业顺,2021-01-14 16:12:07,5,5,0,（线代）老师人还是很好的，只不过有的时候喜欢引出一些超纲内容，线代还是要靠自己努力学的。
130495,1022,孙业顺,2021-01-23 04:14:12,8,9,1,助教实在是不能令人满意，钉钉问题要么已读不回 要么就一直未读。
131117,1022,孙业顺,2021-01-26 04:38:04,0,3,3,讲课没重点，不如看书
132842,1022,孙业顺,2021-02-04 05:55:50,0,1,1,捞人真的强，超爱
132848,1022,孙业顺,2021-02-04 07:08:49,1,2,1,孙老师挺捞的，我半学期没听课最后3.3
132850,1022,孙业顺,2021-02-04 07:18:28,1,1,0,本来觉得挺低的...看了期末考试分...老师已经捞到极限了
132896,1022,孙业顺,2021-02-04 16:30:54,0,0,0,挺好的呀
135550,1022,孙业顺,2021-05-13 09:04:15,2,2,0,一定要预习！
135624,1022,孙业顺,2021-05-17 06:24:58,0,2,2,不知道在讲什么，现在还要点名，不溜去听别的老师怎么学的会？
136123,1022,孙业顺,2021-06-11 05:39:59,1,1,0,那个大一秀三个单词的，就是脑残，滚吧
136218,1022,孙业顺,2021-06-13 02:42:00,2,4,2,虽然被讲得很困，但是可以感觉到老师已经很努力在讲了，老师加油
138433,1022,孙业顺,2021-07-09 06:48:59,0,1,1,老师虽然讲课可能让人听不懂，但自学完全OK，关键给分超好
140486,1022,孙业顺,2021-09-18 02:11:28,0,0,0,睡着了
140863,1022,孙业顺,2021-09-17 02:53:03,0,2,2,孙老师水平高，人品好！讲的过程中会想到什么其他数学知识就一起拉出来说说（可能这就是很多同学说老师讲得乱的原因吧），不管怎么样，我喜欢😍
140935,1022,孙业顺,2021-09-18 03:01:25,2,4,2,感觉他每次讲课都讲的好努力......很认真的一个老师，虽然讲的不太好.......但是这个态度我还是要给十分
141023,1022,孙业顺,2021-09-22 01:29:55,2,3,1,嘟囔嘟囔嘟囔……完全就是在自言自语，话都说不囫囵\n\n顺便大一飙英语装逼的那个哥们，线性代数是linear algebra。liner是个啥？
141270,1022,孙业顺,2021-09-28 03:05:16,3,3,0,他真的。。。反正我听不懂
141911,1022,孙业顺,2021-10-31 10:59:13,2,3,1,上课不讲段子，还讲的很慢，例题也不讲，作业根本不会做
142648,1022,孙业顺,2021-11-15 01:58:35,7,9,2,真的听不懂，劝退。看Mooc黄正达两倍速都听得懂，听孙讲一倍速也听不懂🥲
143030,1022,孙业顺,2021-11-18 09:05:31,6,7,1,在下课5min我去上厕所的时候点名，中招了。
143182,1022,孙业顺,2021-11-21 02:00:29,5,6,1,老师上课是真的乱，建议自学但是给分也是真的好\n\n期末92，其他全部拉满.最后总评满了
143194,1022,孙业顺,2021-11-21 08:31:31,-1,1,2,孙业顺yyds！！！
143212,1022,孙业顺,2021-11-21 12:15:47,7,8,1,上得不好，给分还很求是。。。。\n\n慎选，真的。
143396,1022,孙业顺,2021-11-25 03:43:57,2,3,1,敬佩老师上课的认真与敬业\n\n个人感觉比前几年的评论所示已经有一定改善了，虽然在讲课的结构上仍然有一些地方会比较乱（可能是我个人水平有限，没能get到老师的点哈哈）\n\n祝孙老师越讲越好！
143578,1022,孙业顺,2021-11-27 13:12:16,6,7,1,讲课很认真了，写板书写的很认真，看到有同学说讲课乱，可能是因为他比较习惯把一个知识点相关的拓展讲一些，导致很多时候会叉开去。整体上感觉还是个不错的老师，认真听还是能听懂的。
143805,1022,孙业顺,2021-12-07 07:49:35,1,1,0,蚌埠住了
144390,1022,孙业顺,2021-12-21 10:02:58,1,1,0,很可爱的老师，人很好
144484,1022,孙业顺,2021-12-22 00:53:12,4,5,1,课上的挺没逻辑的
144558,1022,孙业顺,2021-12-22 09:04:56,3,6,3,本人线性代数甲，水平一般，孙老师的课偶尔听听但学不进去，但我打了十分。\n\n\n\n\n\n\n\n总之就是非常可爱！\n\n业顺冲你笑嘻嘻意思就是必过！
145111,1022,孙业顺,2021-12-27 12:36:34,0,4,4,感觉老师上课超认真，人也很好，认真听还是有收获的
148466,1022,孙业顺,2022-01-12 14:47:06,-2,1,3,教得好！
148484,1022,孙业顺,2022-01-12 15:49:16,-5,5,10,老师人很好，很和蔼，回答问题也耐心，但确实上课比较乱，建议自学，给分还不错，94点几给拉满绩，针不戳。（最后感谢佳旭gg的耐心帮助。）
148749,1022,孙业顺,2022-01-13 12:04:41,-2,14,16,这个老师自己评分项目不清楚的。mooc要做题目没通知过，反应，回复：承认错误在我，你不能说我没通知（他就没通知），导致我成绩90起步的。4.2-4.5变成3.3.
148752,1022,孙业顺,2022-01-13 12:12:44,8,9,1,不会讲课、给分贼低。
149432,1022,孙业顺,2022-01-15 10:04:07,1,2,1,看看查老师评论就理解了。
150770,1022,孙业顺,2022-02-18 05:29:51,-1,0,1,好老师，虽然是真的讲课有点乱
150934,1022,孙业顺,2022-02-21 06:54:08,-3,2,5,以公正为准绳，不建议选。
151496,1022,孙业顺,2022-03-05 05:10:17,11,12,1,2022.1.13的那位，孙老师是说过的，考的不好就别找借口了
151703,1022,孙业顺,2022-03-13 03:26:40,0,1,1,不知所云
153202,1022,孙业顺,2022-04-26 14:55:15,4,4,0,大爱sys，狂粉sys，sys就是我的神！！\n\nLove！
153204,1022,孙业顺,2022-04-26 15:09:02,3,4,1,讲课可能确实有点不那么清楚（不过肯定比评论区前几年的情况好转很多了），老师上课会有自己的讲稿，还自己写板书。不过大爱老师捞我！！！老师真的很能捞，人也很好！！！
153216,1022,孙业顺,2022-04-26 23:53:29,-15,3,18,这老师给分好差，大家避雷
154455,1022,孙业顺,2022-06-01 15:06:44,3,4,1,老师上课板书....
154502,1022,孙业顺,2022-06-02 02:36:16,4,5,1,常微分方程\n\n老师挺不错的 上课也没有那么乱了 但是确实会发现好多地方逻辑有问题 是跳跃往复的\n\n留的作业少 小测 点名啥的都会提前告诉 非常温柔 \n\n提醒大家好好复习 真的挺温柔的 \n\n但是我因为第一节课没怎么听进去 后面纯自学了
154829,1022,孙业顺,2022-06-06 03:27:26,-3,2,5,。。。害得我大二才上复变
155460,1022,孙业顺,2022-06-13 05:57:17,3,5,2,太难了，期末考前硬补好几天常微分，期末除了一小题都做出来了，结果绩点3点多，顺爷，真的一点不捞我捏，难啊
157153,1022,孙业顺,2022-06-22 05:34:52,-2,1,3,老师给分很好 谢谢
157682,1022,孙业顺,2022-06-24 10:03:56,6,7,1,感觉数学水平高，但讲课水平着实不咋滴。。。
159680,1022,孙业顺,2022-08-23 06:13:02,0,1,1,感动感动，瑕不掩瑜
159869,1022,孙业顺,2022-09-07 04:37:53,3,4,1,我爱孙业顺
160040,1022,孙业顺,2022-09-12 07:22:45,0,0,0,讲课挺乱，不贵能感受到他的智慧
160378,1022,孙业顺,2022-09-21 01:24:10,0,1,1,乱到没法说
160469,1022,孙业顺,2022-09-23 08:33:36,0,0,0,好爱孙哥
160778,1022,孙业顺,2022-10-11 04:12:23,7,7,0,老师讲的课很认真的，非常敬业的一个老师，除了上课有点乱。。。。
161240,1022,孙业顺,2022-11-02 01:45:47,3,3,0,孙老师是一位非常敬业的老师，很体贴学生，上课的时候犯困都会下课过来问你是不是最近太累，提醒你不要那么累。
161732,1022,孙业顺,2022-11-11 12:47:09,9,9,0,孙老师很敬业，尽管我听不懂他在讲什么
161734,1022,孙业顺,2022-11-11 13:54:23,-31,4,35,好老师，特别棒，线代如果不是这个老师教的建议退掉选孙老师的。
161884,1022,孙业顺,2022-11-15 00:09:55,0,0,0,课前最好最好先预习，看一下这一章的慕课，否则就是听天书。
163648,1022,孙业顺,2022-12-16 01:58:14,7,7,0,讲课缺乏技巧，但人真的非常好
163873,1022,孙业顺,2022-12-16 10:32:00,3,3,0,速退，听不懂
164080,1022,孙业顺,2022-12-18 01:52:45,6,7,1,能感觉到孙老师很强，但是听完一节课之后，问问自己学到了什么、还记得什么，nothing。。听课全靠MOOC，但是助教人很好！
164934,1022,孙业顺,2022-12-28 02:01:16,3,4,1,没必要听课，mooc＋做题＋多问问题。助教cs非常非常非常nice！！！！！！！！！！！！
165241,1022,孙业顺,2022-12-30 12:57:45,3,3,0,真的听不懂😔
168976,1022,孙业顺,2023-02-24 02:08:54,4,4,0,真的乱，而且没人情
169030,1022,孙业顺,2023-02-24 05:08:54,4,5,1,赶紧跑吧，不信看看最后能剩下几个人听他课
169036,1022,孙业顺,2023-02-24 05:29:03,0,1,1,课很难，但似乎捞了？
169038,1022,孙业顺,2023-02-24 06:45:30,11,13,2,讲的差，给分一般，卡绩，慎选
169107,1022,孙业顺,2023-02-24 10:07:40,0,1,1,emmmm
169244,1022,孙业顺,2023-02-25 03:19:32,15,16,1,老师人很好，是我睡得最香的课程
169264,1022,孙业顺,2023-02-25 06:04:08,7,8,1,点名超级多 讲课很认真但讲不明白 给分不行
169361,1022,孙业顺,2023-02-25 14:46:35,9,9,0,认真写看不懂的板书，认真教听不懂的课。建议不用听
169367,1022,孙业顺,2023-02-25 15:06:21,5,6,1,老师人很好，也很用心讲课。不过讲得确实比较乱。\n\n助教cs讲课清晰易懂，做事认真负责。目前遇到过最好的助教！！！
169545,1022,孙业顺,2023-02-27 01:32:22,3,3,0,靠自学，给分感觉没捞😭😭😭
169564,1022,孙业顺,2023-02-27 03:05:16,3,3,0,线代选上sys的建议听tsy的智云…上半学期听他的课期中考差点没及格，期末前用的汤圆的智云最终4.5
169637,1022,孙业顺,2023-02-27 08:28:31,1,1,0,没听过sys老师的课，智云跟着汤树元上的，很清晰，助教人很好，耐心解答，寒假里问题也很快回复，最后4.5
169699,1022,孙业顺,2023-02-27 12:39:26,-31,1,32,老师讲的很好，认为自己是聪明人的来，蠢人就不要来了，不要到时候怪老师
170033,1022,孙业顺,2023-03-01 05:28:19,0,0,0,恩比。
171376,1022,孙业顺,2023-03-23 00:21:42,1,1,0,想自学的，可以来，但也要签到
171491,1022,孙业顺,2023-03-26 10:48:54,3,4,1,助教很帅
172022,1022,孙业顺,2023-04-17 15:40:52,75,88,13,数学课不选孙业顺，如同玩游戏不玩原神
172614,1022,孙业顺,2023-05-02 06:28:13,1,1,0,老师讲的很努力
173132,1022,孙业顺,2023-05-14 06:06:11,2,2,0,教的不好\n\n每节课雷达点名\n\n平时分不会捞\n\n就是人挺客气的
173135,1022,孙业顺,2023-05-14 07:52:36,9,9,0,是个好人，不是个好老师
173370,1022,孙业顺,2023-05-22 02:44:12,4,4,0,人很好，很亲切有什么问题都会回答，钉钉上问也会快速回复。签到多，但你没签上，下次去说一声就行，他几乎是无条件信任的。\n\n水平有，但讲课水平确实一般，但能看得出来已经尽力了。如果是常微分我觉得可以选，线代建议先看看有没有更好的
173750,1022,孙业顺,2023-06-02 08:34:24,-1,2,3,常微分满绩还愿，老师真的温和，讲的虽然有点乱但自己看看书就能做题，每节课都点名但和他说声补签都会补。特别棒！
173770,1022,孙业顺,2023-06-02 13:08:34,-1,0,1,急急急
173894,1022,孙业顺,2023-06-04 07:30:00,0,1,1,11111
174088,1022,孙业顺,2023-06-06 07:02:34,10,10,0,老师虽然讲的不怎么样，但人很善良很通情达理，给分也很好。课可以直接跟老师说一声去蹭隔壁tsy的线代课老师也不会说什么。是个不可多得的通情达理的好老师！钉钉老师读了就会回，而且回的很快！是个值得十分的老师
174170,1022,孙业顺,2023-06-07 03:27:33,9,9,0,孙哥蛮厉害的，上他的常微分，黑板上面各种炫技，可惜我是小菜鸡听不懂，最后靠网课4.2飘过\n\n如果你自己很厉害的话，去听孙哥的课应该会打开新思路，还能这样做\n\n如果你从零开始的话，其实孙哥并不能算一个好“老师”，而且上课节奏很快，板书很乱，虽然没有口音，但是也让人听不懂\n\n好在孙哥没有造作的“自尊”，并不会逮着你的签到和作业批斗你，他的雷达点名范围很大，懂我意思吧……
176433,1022,孙业顺,2023-06-29 01:58:57,-1,0,1,666
176893,1022,孙业顺,2023-06-30 14:41:52,10,10,0,孙老师人很好，只是讲课不太好而已
177230,1022,孙业顺,2023-07-02 10:39:29,0,2,2,常微分满啦
177231,1022,孙业顺,2023-07-02 10:49:58,4,6,2,老师人很好，除了上课听不懂，给分签到都是超级好的
177707,1022,孙业顺,2023-07-04 11:26:59,6,6,0,老师每节课都会点名\n\n怎么说感觉老师其实是很负责很认真的 但是讲课不成体系也是真的。。。\n\n其实老师看着自己每节课到的人越来越少也很无奈吧。。。但是确实讲的比较乱。。。我感觉我都没怎么听懂。。。所以绩点也确实不好看。。。
178591,1022,孙业顺,2023-07-16 02:28:27,1,3,2,我觉得老师讲课还行吧，没有很多人说的那么差
180390,1022,孙业顺,2023-09-21 10:49:09,5,8,3,虽然讲的确实很乱，但是他的知识能力和敬业没得说。看着他讲到衣服被汗水湿透，感动之余只能嫌弃自己太菜。如果你的数学不错的话，听他的课肯定是超级有帮助的哦
180465,1022,孙业顺,2023-09-22 00:53:11,4,4,0,讲的很好，让我吃灰的mooc又一次活跃了起来😓上课根本不需要听，也听不懂，只能课后刷mooc学
181466,1022,孙业顺,2023-10-18 08:21:30,12,15,3,满分给美女助教
181537,1022,孙业顺,2023-10-22 02:53:16,1,4,3,刚开始听孙老师的线性代数课，确实是听不懂，感觉老师想表达的东西没法准确用语言表达出来。但是听一段时间后，理解老师一些表达的意思后，会觉得老师讲的很好！还是很推荐的！
182317,1022,孙业顺,2023-11-14 13:08:57,6,8,2,讲课不算顶级，不过老师确实认真准备了，而且感觉讲的也比较有条理，估计老师也一直在改进。\n\n从说话中看出来是很有师德的老师，很和蔼\n\n每节课都会点名（复变函数与积分变换），不过都是一上课就点名\n\n希望大家还是尊重老师吧\n\n给分还不清楚，希望老师给我个好分，哈哈
182823,1022,孙业顺,2023-11-20 13:03:44,-5,2,7,给你10分，业顺你捞捞我吧，这个期末真的想死了，业顺，看在我没翘过你一节课的份上，呜呜呜呜呜
182884,1022,孙业顺,2023-11-21 02:39:36,7,9,2,给孙老师10分 期末考试笔没水了 监考老师不情愿帮我借 孙老师很热心帮我借了笔！孙老师人非常好 讲课也很认真！
183134,1022,孙业顺,2023-11-22 10:55:51,9,11,2,sys，复变期末难成这样你是真的一点都不捞一下啊，亏别人还说你给分好😰
183517,1022,孙业顺,2023-11-27 05:16:31,14,18,4,无语了。。出的这么慢给分还一点不改，真不知道干嘛去了，有种不捞人，怎么没种该挂就挂呢，是不是因为要写挂科太多的理由啊😅
183521,1022,孙业顺,2023-11-27 04:35:41,18,27,9,nmlgbd建议不要再从事教学行业了OK？
183522,1022,孙业顺,2023-11-27 04:35:48,14,18,4,期末出分这么慢让我觉得他在捞我们，但是实际上只是在捞不及格的，及格的分数是一点不多给啊，期末难成这个样子都不管的
183523,1022,孙业顺,2023-11-27 04:40:38,6,8,2,6.。。
183525,1022,孙业顺,2023-11-27 05:09:48,15,20,5,讲课烂，给分差，节节课点名，出分慢，能避雷就避雷，能跑就快跑！他也就短暂当过海底捞，已经不捞人了。。。。顺便，这种一大半人都没及格的情况下，你不调分凭什么捞总评不及格的人呢，谁不是在挂科边缘的，人不该被挂，我活该低分是吧，真谢谢您
183527,1022,孙业顺,2023-11-27 05:07:46,32,33,1,真该给磕头哥挂了，跟个小丑一样在那里跳
183535,1022,孙业顺,2023-11-27 07:07:55,10,13,3,点名每节点，抽象还是我原神；傻软出分拖一万年，先放成绩后装傻，6。另复变尼玛的给我继续难，大家还统一改卷呢，改尼玛？
183537,1022,孙业顺,2023-11-27 07:19:33,5,7,2,nmlgb
183539,1022,孙业顺,2023-11-27 07:56:13,4,7,3,真的烂，每次课前点名，讲课一坨，所谓的捞人也根本没有，该多少就多少
183542,1022,孙业顺,2023-11-27 08:11:33,4,6,2,艾斯比
183553,1022,孙业顺,2023-11-27 10:06:54,9,10,1,孙老师啊，这复变还不调分？不调分？？？真就只捞60以下的是吧
183555,1022,孙业顺,2023-11-27 10:10:41,12,15,3,节节课都点名，且在期末考超难的情况下给分求是。\n\n除非总评低于60会捞（少数很低分的会调分）\n\n期末卷面七十多（排名前1/8）总评上不了4。
183558,1022,孙业顺,2023-11-27 10:26:46,3,4,1,烂烂烂
183594,1022,孙业顺,2023-11-27 14:16:04,3,4,1,大大滴好，不选你会后悔一辈子
183671,1022,孙业顺,2023-11-28 10:17:32,14,15,1,怎么说呢，这次期末考试是难，孙老师的给分也不是很公平，既然捞了不及格的，但却对及格的同学不做任何处理，照常给分。但不谈考试，孙老师人还是很好的，很有师德，上课很认真，课后也会很积极回答同学问题。\n\n只能说这次考试太难了吧。要怪还是得怪出卷老师。
183712,1022,孙业顺,2023-11-29 05:04:13,-35,4,39,给分不错，我4.5
183736,1022,孙业顺,2023-11-29 10:52:43,22,24,2,讲课是十分抽象的\n\n点名是每次都点的\n\n成绩是极其求是的\n\n出分是几乎最慢的\n\n\n\n客观来说没啥优点，可能人还不错\n\n建议大家谨慎选择吧
183812,1022,孙业顺,2023-11-30 09:21:12,0,0,0,emmm。。。
183823,1022,孙业顺,2023-11-30 12:49:17,-35,17,52,菜 就多练\n\n不想学就别学\n\n数学是数学 工科是工科\n\n你要总拿工科专业课当数学专业课上\n\n哥们你怎么不来读数学啊\n\n\n\n复制一下zt老师下边的评价，一个老师兢兢业业上课，因为触犯了你那60来分的自己作来的成绩在这个地方被你们喷，哪里来的脸？
183853,1022,孙业顺,2023-12-01 08:37:07,24,24,0,事少分高讲得好这三样总得沾点边啊我的业顺……
183991,1022,孙业顺,2023-12-05 13:38:35,1,1,0,。。。
184498,1022,孙业顺,2023-12-21 02:34:22,0,1,1,麻了。。。
184573,1022,孙业顺,2023-12-22 01:09:10,2,2,0,当真听不懂
184658,1022,孙业顺,2023-12-22 06:10:15,-4,3,7,孙老师人真的很好很好，讲课很认真，只不过可能节奏会有点快，加上线代这门课本来就很难，所以我觉得没必要将最后分数不好全怪在老师头上。我当时也听汤老师的，但是说实话也会觉得难。好好学习，多花时间，最后孙老师给分其实还是能反映努力程度的，认真学了不会太差。在这里感谢孙老师，之前问他题能感受到他真的很用心教书育人。
184911,1022,孙业顺,2023-12-24 09:52:13,1,2,1,态度认真，但讲的不好，早八的课点名，唉
185081,1022,孙业顺,2023-12-26 06:27:59,0,1,1,上网课吧直接
185308,1022,孙业顺,2023-12-27 16:52:10,0,2,2,老师人是好人，
185882,1022,孙业顺,2024-01-05 09:38:12,0,1,1,基本上每节课一开始雷达，老师很认真，但是确实有点乱
186270,1022,孙业顺,2024-01-10 09:31:02,9,10,1,看到秋冬两学期难度天壤之别的复变，默默地打个差评（zt是课讲的好但给分烂，ys哥是课讲的烂这次给分也烂；且zt出分早被喷，但sys以出分慢躲过了朵朵十大的讨伐）
186744,1022,孙业顺,2024-01-13 01:57:31,1,1,0,每节课雷达点名+纯跟教材+难理解的课上思路=sys\n\n虽然讲课很认真，但我只能说，ys能做到让我在直到向量空间都还在记笔记的情况下，向量空间小测喜提52\n\n上课记笔记，等于在找寄
187152,1022,孙业顺,2024-01-15 00:08:51,1,2,1,线代每节课都点名。有一次我发现之前忘签了一次，孙老师也帮我补上了，也没有怀疑我，当时感觉心里很暖。每周他都会固定时间在办公室等学生来交流，不限于课程内容。\n\n他讲的东西基本都是课本上的，偶尔会拓展一些更深入的数学原理，全程亲手板书，至少让人感觉很认真。\n\n不管怎么样，我觉得孙老师是一个好人。
187735,1022,孙业顺,2024-01-17 09:10:24,7,8,1,瞎jb乱给分，史中史
188977,1022,孙业顺,2024-01-21 03:57:46,1,2,1,孙老师的线性代数课要听懂还是要一些难度的，一是孙老师讲话可能有时有点绕舌让人听不太清楚，二是孙老师讲课的思路可能比较跳跃。能看出孙老师自身的数学水平是非常高的，他非常有想法也会上课讲一些课本外的例子。孙老师上课也是真的很认真，每次课都是黑板满满的笔记，写满了就自己擦黑板，擦好了再写。可能由于线性代数这本书的教材，是真的抽象，例子都没几个，一点都不适合自学；可能是由于孙老师上课比较随性，思路确实不是特别清晰；加上很多同学都是第一次接触到这么抽象的线性空间，确实非常的难学。所以，如果自己不去预习，直接来听孙老师的课，大概率你会非常挣扎，但是如果你比较擅长线性代数，在孙老师的课上你应该会感到如鱼得水。
189124,1022,孙业顺,2024-01-22 05:05:59,-42,6,48,上课很少去纯自学但是出分4.8感谢老师海底捞😭😭😭
189130,1022,孙业顺,2024-01-22 05:35:48,5,5,0,23秋冬上的线代（甲）\n\n点名是每节课都点的，但是一定在上课开始的5分钟，不想听课的同学可以打卡跑路\n\n只听他上课肯定是不行的，智云/MOOC/B站大门为你敞开\n\n孙老师是上课很认真的老师，但不是很会上课的老师[ac01]\n\n工科的线代的确只要做题就够了，课本题+历年题就够了（让我看看是谁买了吉米多维奇然后空白到期末），但是想增加理解、掌握得更好，建议B站的3B1B、MIT18.06\n\n23秋冬没有期中考，代之以3次小测，占总评30分。小测成绩赋分制（至少wsy助教是这样的），大家均分都是五六十的，想赋高分容易的，考前看看课本题就够\n\n期末考试好好考，我们的sys同志只捞不及格的同学（不过这学期给分好像有改善？）\n\n最后，点名表扬wsy助教，习题课上课认真且答疑、讲评作业小测各方面都很用心，给分也好（真是人美分甜？）\n\n祝学习线代的uu们取得好成绩！
189211,1022,孙业顺,2024-01-22 10:43:03,-11,3,14,给分好
189880,1022,孙业顺,2024-02-01 04:44:09,0,0,0,上课非常认真，但讲起来会有点乱，很难听懂，但不可否认孙老师真的人非常好，上学期有两次在教室忘记签到，期末跟老师反映情况，老师一点没怀疑直接补签了，当时真的感觉特别暖心，认真学期末给分不会差的
189951,1022,孙业顺,2024-02-03 12:40:16,0,1,1,老师很好，但是线代这门课实在是太抽象了。上孙老师的课，最好且一定要预习，这样才会有好的效果。最后主教姐姐也很好，会在习题课上讲扩展内容，问问题回消息也很及时。
190256,1022,孙业顺,2024-02-26 14:03:36,9,10,1,一个字，史
190760,1022,孙业顺,2024-03-18 03:48:43,3,4,1,老师讲课补充的不少，思维虽然跳，但是还是有意思的……每次听他讲例题都感觉他对这个题很无语哈哈哈哈哈哈，反正真的得预习，因为推导过程也跳。但是老师人超温柔!上课签到忘了和他说，立马帮我补上了啊啊啊啊啊
190857,1022,孙业顺,2024-03-22 01:17:27,2,3,1,避雷，讲课讲的一坨还每节课都要雷达签到，作业也不让补交
191387,1022,孙业顺,2024-04-19 04:22:00,9,10,1,每次看到复变2.7就想上来骂一顿
191641,1022,孙业顺,2024-04-26 11:49:08,21,21,0,考试周实在无聊，又想起了上学期的复变。雷达点名是一次不落，课是一节都讲不明白。期末批卷统分最快，先在学在浙大上更新了期末成绩，然后说是烟雾弹，大家不要紧张，不是总评成绩，然后一直不出分。哥们跟你心连心，你跟哥们绕脑筋，以为是在海底捞，实则是在海底捞。等到教师打分结束了开始出分，分数也很耀眼，确实不用担心之前发的分数，不是总评成绩，但tm实实在在是期末卷面分，一分不差的都给你
191646,1022,孙业顺,2024-04-26 14:18:35,5,5,0,去年复变3.3路过，暑假开始学的复变，最后一坨。这个老师很认真是确实的，问他问题什么的都很负责，感觉上课也有精心准备，但是他好像就是那种不太擅长讲课的人吧，反正我第三节课开始纯自学了。
194395,1022,孙业顺,2024-06-23 15:18:29,-22,2,24,就凭他让我小测补测我给他十分
194411,1022,孙业顺,2024-06-23 16:56:53,2,2,0,具体水平我这个级别看不出来，教得一般，要学线代不如看宋浩
194701,1022,孙业顺,2024-06-25 03:09:33,7,9,2,线代期末改的这么严还不调分，我的建议是大家快跑
194703,1022,孙业顺,2024-06-25 03:20:17,16,17,1,我菜。但孙老师你也不咋地。
195967,1022,孙业顺,2024-07-01 03:00:08,5,7,2,节节点名，还给我卡绩，那你教的班平均分期末40多分我也算高过了30多分结果连个4.5都不给我也不知道你想干啥，当然，线代连高斯消元法都讲不明白我是真的服
197288,1022,孙业顺,2024-07-10 10:11:59,9,9,0,每节课雷达点名，期末一出分立马登分一分不调，你们在谢什么，我问你们在谢什么？
198338,1022,孙业顺,2024-09-07 10:16:21,0,2,2,烂烂烂
198433,1022,孙业顺,2024-09-09 02:32:39,2,4,2,uu们，自学吧
198446,1022,孙业顺,2024-09-09 03:44:22,-7,1,8,我爱孙老师！
199026,1022,孙业顺,2024-09-14 06:40:39,6,7,1,上到第三节课就绷不住过来评分了……没见过讲课水平这么低的老师，口齿不清一半话都听不清，上课思路也乱七八糟根本不知道在讲什么，大概率是要自学了
199045,1022,孙业顺,2024-09-14 10:16:00,2,3,1,感觉老师其实给分还不错，人也很好，讲课可能更多是线代本身就挺抽象的。
199323,1022,孙业顺,2024-09-21 03:31:48,11,16,5,上课像唐氏综合征发作这里抽一下那里抽一下不知道在讲什么东西。
199338,1022,孙业顺,2024-09-21 08:55:29,14,14,0,吹爆邵博gg
199404,1022,孙业顺,2024-09-23 03:30:18,17,17,0,爱死孙老师，上课完全不用听
199454,1022,孙业顺,2024-09-24 02:46:12,1,1,0,讲课乱听不懂000
199803,1022,孙业顺,2024-09-30 04:20:40,0,0,0,有点乱
200138,1022,孙业顺,2024-10-14 02:28:23,5,6,1,这个学期线代貌似是不是没点过名
200218,1022,孙业顺,2024-10-15 02:46:59,10,10,0,大二复变毁我青春
200580,1022,孙业顺,2024-11-12 07:49:30,20,20,0,抛开讲课质量不谈，sys人还是和蔼的😋只是抛不开
201140,1022,孙业顺,2024-10-29 08:50:01,12,12,0,我为助教举大旗 谁胆敢与他为敌
201497,1022,孙业顺,2024-11-04 02:26:31,0,1,1,线代讲的烂还点名，你无敌了
201511,1022,孙业顺,2024-11-04 03:55:19,3,3,0,业顺哥哥还是不错的，最好学之前预习一下，回过头来再听课会发现他讲的还是挺丰富的
201661,1022,孙业顺,2024-11-05 07:48:50,36,36,0,大家都是孙老师的学生，但都有不同的老师。
201886,1022,孙业顺,2024-11-07 07:44:52,2,2,0,孙老师的课我上过线代和复变，老师坚持用板书真的很难绷，特别是大课早八。但是线代的体验还是挺好的，预习过一遍上了完全能跟上，而且非常丰富。总体不建议选
202037,1022,孙业顺,2024-11-17 01:30:20,2,3,1,666
202248,1022,孙业顺,2024-11-11 04:03:09,0,0,0,有点乱讲的快不管学生懂不懂
202466,1022,孙业顺,2024-11-13 00:50:03,8,8,0,邵博gg牛B
202644,1022,孙业顺,2024-11-14 12:37:53,0,0,0,真的认真，和蔼可亲，棒！为他的上课点赞哦。额
203064,1022,孙业顺,2024-11-16 07:47:37,1,1,0,哎 本来想好好听的 无奈听不懂老师的思路 助教好
203102,1022,孙业顺,2024-11-17 00:15:01,0,1,1,感谢老师捞我
203103,1022,孙业顺,2024-11-17 00:23:59,2,2,0,老师你怎么卡绩呢。。。
203104,1022,孙业顺,2024-11-17 00:42:28,0,0,0,。。。
203108,1022,孙业顺,2024-11-17 01:37:34,5,5,0,不是，老师你给分是真实在啊，是一点儿都不往高的给啊
203137,1022,孙业顺,2024-11-17 08:38:10,1,2,1,每次在后排看杨海涛的网课，休息一下一抬头业顺哥哥就卡住了。我和业顺哥哥是不是量子纠缠了？
203163,1022,孙业顺,2024-11-17 13:30:13,7,7,0,我是2024-2025秋学期上孙老师复变函数的学生。孙老师讲课确实比较混乱，没有预习或者基础不是很好的同学很难听懂，而且一直使用黑板授课，后排同学很难看清楚板书。但是看得出来，孙老师有非常认真地准备自己的每一堂课，只是可能因为自己不太擅长教导别人吧，效果不是很好。\n\n但是孙老师人很和蔼，问问题他会比较快地回复（不论这个问题有多蠢）。而且平时分据说也是给得最好的那一档——作业交了就给分，小测赋分制。总之感谢老师捞我，谢谢。
203514,1022,孙业顺,2024-11-20 02:17:18,2,2,0,捞我😋就是讲课讲得不太行
204117,1022,孙业顺,2024-11-24 11:23:28,1,2,1,虽然很用心，但是讲课真的乱，时不时杀个回马枪，让你根本不知道讲到哪里了，还没有标题说明，板书也乱。真的是，只顾着自己呢…（？）（指他的板书），选到的还是使用智云课堂看其他老师的课吧
204476,1022,孙业顺,2024-11-26 06:38:00,7,8,1,点名很多，对低分（挂科边缘线）同学很好，可以保不挂科，但是对于高分段同学真的不是很友好。这学期上他复变，别的老师基本都是写了并允许一些错误给满分，如果错的多一些可能就是100满分给90-95上下，但是sys班这个sb助教dh（真想挂助教），有错就扣分，而且还是作业满分5分只给4分，这平时分被扣死了，最后刚好卡在88。只能说老师还行，但是这个助教是真sb
205148,1022,孙业顺,2024-12-02 07:05:03,4,4,0,上课真的有点听不懂 一定要预习哈
205231,1022,孙业顺,2024-12-03 03:58:56,3,4,1,线代讲课💩中💩，学了这么多年数学从来没有概念如此，混乱过，谁选谁沙币
205371,1022,孙业顺,2024-12-05 07:28:39,-4,2,6,春夏学的线代甲，sys天天雷达点名，但是门口打个卡也就可以翘课了。为什么翘课呢？因为听他讲课就属于浪费时间，他讲不明白，但会写到一半悲天悯人地叹气。\n\n预置的，不太想学，习题课也翘了，助教很mean，扣分贼严格。\n\n小测水一下，期末考前学一遍李天意，也能过。过了就行了。
206134,1022,孙业顺,2024-12-13 06:06:21,4,4,0,老师讲课比较混论，助教讲的都比老师讲的清晰明了，建议可以直接线下去汪国军的课上听，两个老师的教室离的近，雷达点名也可以点上。
206499,1022,孙业顺,2025-01-11 09:53:38,8,9,1,上课可以听出来孙老师的知识确实是很渊博的，而且非常负责，一个黑板一个黑板地手书，但讲课会很跳跃，所以不太容易听懂，一定要预习（我就没有）这样听起来会受益匪浅。助教是真nb，堪称助教中的汪国军。总体来说可以选。（分出来追评：孙爸爸和助教太能捞了啊啊啊啊啊）
206841,1022,孙业顺,2024-12-18 01:59:48,0,0,0,给分真的...全班期末平均分40多，卷子出难了也不给调分，上课板书也太抽象了
208015,1022,孙业顺,2024-12-25 08:16:46,0,0,0,可以自己网课\n\n选孙老师就在于孙老师负责任
208805,1022,孙业顺,2025-01-02 05:50:46,1,1,0,孙哥复变讲的是真不行，估计他自己也知道。\n\n也不咋捞人。\n\n总结：能换就换。\n\n但确实不忍心打低分，人品没问题，也算负责。谁叫我这一学期专业课老师更抽象呢，相比之下，师德没问题这一点已经超越一大半老师了。这就是高等教育现状。
209364,1022,孙业顺,2025-01-05 15:37:51,6,6,0,可爱捏，香香的
209627,1022,孙业顺,2025-01-06 11:31:37,0,0,0,很负责的老师，答疑会很认真答。但是上课实在有点混沌……签上到就可以翘了，去智云听汤树元！
211150,1022,孙业顺,2025-01-11 02:09:15,4,4,0,没话说，上课实在太乱了，感觉像是想到哪讲到哪，事实上孙老师应该是心里有规划的，但是实际听起来体验真的不好，能不选就不要选吧，实在没得选了孙老师也是挺负责的
211389,1022,孙业顺,2025-01-11 10:09:00,4,6,2,线代\n\n会点名，上课板书确实很难理解，需要搭配网课使用\n\n但是很负责，私信答疑快，和其他老师比起来也绝对不应该只有6.+，所以打了10拉一下\n\n线代虽然点名点的勤，但是期末也是真的捞\n\n我原本担心挂科的结果最后给了80
211395,1022,孙业顺,2025-01-11 10:18:34,1,3,2,24秋冬线代甲喜提满绩后来评分:老师其实人很好，一直笑眯眯的，从课堂来看积累也很深厚，对数学很有热爱（ccw助教也很好），缺点也基本被说过了，主要就是板书确实乱，给分确实求是（但这次貌似捞了？）。总之上孙老师课还是得靠自己，大不（了）自（己）多（学一点）
211409,1022,孙业顺,2025-01-11 10:47:43,0,1,1,非常棒的老师，我爱死孙老师了！！！感谢期末海底捞！
211411,1022,孙业顺,2025-01-11 10:49:41,1,2,1,讲课水平先不论，感谢海底捞
211413,1022,孙业顺,2025-01-11 10:53:44,1,2,1,比上不足，比下有余。\n\n怎么说呢？平时确实挺和蔼的，线代课，上课就是踏踏实实上课，下课有问题还是会回答。\n\n但是比较死板不擅长变通。明明期末挺难的就应该调高一点平时分调松一点改卷形式，但是没有。真不太捞，助教也不捞，就是老老实实按着原本的改卷模式改。而且上课讲的依托，逻辑很混乱，口齿不清，没听过的可以先去听听他的智云课堂，听不出他讲的内容确实会很难受。\n\n总之，想追求高分甚至满绩的人都快润，去其它课讲的好而且给分好的老师课堂，别来听他的课。
211459,1022,孙业顺,2025-01-11 13:34:08,-1,1,2,卡我绩差评
211464,1022,孙业顺,2025-01-11 13:49:38,-1,0,1,很捞，好老师
211486,1022,孙业顺,2025-01-11 15:23:53,0,1,1,线代\n\n感觉有被捞，期末好几个题不会但是上4了，感谢感谢感谢\n\n老师确实有很认真地讲，也会很耐心地给讲题，签到在课前(方便签完开溜)但是对我来说有点跳脱混乱，所以我选择雷达签到之后听wgj老师的智云\n\n但是lsb助教真的超级超级超级好，习题课他会给你很有条理地复习一遍知识点，讲的很清楚而且幽默(要补交作业的请在2024年交上来(bushi))\n\n总之还是，因人而异慎重选择
211631,1022,孙业顺,2025-01-12 05:21:09,6,6,0,签到都在上课之前 方便溜\n\n助教lsb真真真好啊
211967,1022,孙业顺,2025-01-13 03:01:20,-3,2,5,捞神！给我捞到4.2了
212724,1022,孙业顺,2025-01-14 15:07:52,1,3,2,老师会捞的，线代不怎么会也是能被捞到3以上的。就是老师讲课会有点乱，但回消息和答疑都是很及时很耐心的，一些网站上的问题他自己不知道的都会一直放心上去帮你问出来。总之六点几分打的低了，孙老师比一般七分的老师都好一点。
213004,1022,孙业顺,2025-01-15 14:16:28,-13,1,14,95分啊啊啊啊\n\n严格照期初给的评分标准来看我应该是到不了95的，期末考了90+，但是小测烂得很\n\n感觉是会往上捞捞了\n\n不过老师上课确实讲得不太通俗哈
214836,1022,孙业顺,2025-02-18 06:44:07,0,0,0,老师讲的好乱😭
216199,1022,孙业顺,2025-03-12 08:47:21,2,2,0,牢孙这个学期目前还没点过名，我觉得主要问题出在讲课上，这是最大的问题，哪怕牢孙是多么耐心的人，我上课没听懂不就g了吗，我自学了几节课wgj老师的课，感觉牢孙差在从简单到抽象，也不解释课本也不用ppt，感觉就很混乱
218530,1022,孙业顺,2025-04-24 08:24:48,1,1,0,老师上课很认真，问问题也会耐心讲解，但课上得比较无聊
218750,1022,孙业顺,2025-05-01 07:49:16,0,0,0,优点：\n\n孙业顺老师讲课很认真\n\n缺点：\n\n真的催眠，我到现在没记住老师的样子
218896,1022,孙业顺,2025-05-12 03:38:20,1,1,0,除了讲课 其他都好
219518,1022,孙业顺,2025-05-29 06:32:12,3,3,0,25年春夏的业顺伯伯线代乙 还没到期末考试的时候 所以无关乎老师给分怎么样 单纯谈谈上课感受 业顺伯伯上课确实是不用PPT 不解释教材 所有有时候会有点乱 也有时候会站在讲台上左脑攻击右脑 但是相对于之前看查老师上的评论来讲 业顺伯伯绝对改进了 现在在讲哪节也会写在黑板上并且提示一下 例题和定义也都是按书上来并且 其实你认真听几节课下来就会发现其实业顺伯伯的讲课逻辑是很固定的 还有就是业顺伯伯讲话慢慢的 说话的时候总是笑眯眯的 就算有没听懂的地方翻两下教材也就能看懂了 所以我个人认为完全不用在上课之前就否定业顺伯伯 个人认为如果能做到课前翻翻书浅浅预习一下 课后翻翻书好好复习一下 业顺伯伯绝对是够的 最后再说一点非上课内容 主播特别喜欢上课笑眯眯的老师 业顺伯伯就是那种看起来憨憨的（非贬义 很可爱那种老师 老父亲感... 有次课业顺伯伯好像不舒服 坐在讲台上用iPad写了一节课 但是我们的观感不太好 业顺伯伯剩下两节课又站着在黑板上写了TAT 查老师上业顺伯伯分有点低 故来中和一下 希望期末捞捞哇！
840,1067,何延,2015-03-17 17:10:51,144,151,7,课件非常棒！讲课思路清晰
917,1067,何延,2015-03-21 16:41:37,86,92,6,很慈祥，上课也很好，课件做得常棒！
1347,1067,何延,2015-03-22 00:38:27,32,35,3,看课件
1424,1067,何延,2015-03-22 04:43:26,63,67,4,很細，很適合數學基礎不是很好的同學
1901,1067,何延,2015-03-26 05:24:02,39,42,3,课件非常好，老师非常好。
2858,1067,何延,2015-05-09 03:01:04,67,73,6,老师讲得很清楚，课件真是好，题目很精辟，感谢教务网让我微积分1，2，3都预置她的课
4133,1067,何延,2017-08-29 03:53:15,26,28,2,课件666666
4150,1067,何延,2015-06-18 02:11:14,13,17,4,很和善的老师
4537,1067,何延,2015-06-24 08:01:21,12,15,3,很好！
4919,1067,何延,2015-07-01 01:44:29,33,36,3,超级好的老师！又温柔又认真！上课超级棒！！！！
5600,1067,何延,2015-07-08 15:17:02,14,16,2,超级棒，老师很温柔，人也很好，ppt做的很用心。
5820,1067,何延,2015-07-09 13:53:31,21,23,2,清晰
5860,1067,何延,2015-07-09 15:45:55,27,28,1,ppt做的很好，讲课也很认真
6093,1067,何延,2015-07-11 00:41:09,49,55,6,何奶奶人很和善，很慈祥，PPT真的是超级棒，而且每一个知识点都是稳扎稳打，步步为营，很不错的!
6719,1067,何延,2015-07-20 03:32:11,19,22,3,好老师，讲得很清楚
8034,1067,何延,2015-09-16 15:15:02,20,23,3,很和蔼
8039,1067,何延,2015-09-16 15:34:25,28,33,5,虽然没有个性拓展，只是按教材，但比较容易懂
8101,1067,何延,2015-09-17 04:11:51,28,39,11,感觉完全按教材，自认为大神的还是不要选她的课，不过数学基础薄弱一些的可以试试，很详细，易懂
8263,1067,何延,2015-10-28 01:44:18,21,27,6,老师人很好，ppt做的很棒(๑•̀ㅂ•́)و✧，讲得很仔细，也比较基础，非常容易懂。微积分不好的小伙伴可以听，但大神还是算了
8265,1067,何延,2015-09-18 01:56:33,11,13,2,很清晰，很仔细
8900,1067,何延,2015-09-30 04:03:32,8,10,2,非常棒
9093,1067,何延,2015-10-13 01:56:12,20,25,5,讲得很好，还有课件，我觉着zju第二吧
9128,1067,何延,2015-10-14 00:53:05,10,12,2,课件真心不错
9456,1067,何延,2017-08-29 03:52:10,11,13,2,真心不错
9513,1067,何延,2015-10-29 06:18:15,7,10,3,老师超级棒，讲课超级好(✪▽✪)
9720,1067,何延,2015-11-17 07:08:57,19,23,4,炒鸡喜欢何奶奶。。。很好的老师，细心，认真，
10090,1067,何延,2015-11-15 15:32:29,-27,3,30,去的不早也能坐第一排，开心
10510,1067,何延,2015-11-19 10:14:35,8,9,1,非常和蔼的老师
11308,1067,何延,2015-11-26 13:42:21,6,10,4,同意以上所有评价
11319,1067,何延,2015-11-27 01:30:30,5,8,3,棒棒的
11536,1067,何延,2015-12-04 00:55:01,-22,1,23,他的教室对面就是陈锦辉，你说呢？？
11537,1067,何延,2015-12-04 00:56:07,-28,3,31,根本不用抢座位 对面陈锦辉每天几十个 这里就几条人
11783,1067,何延,2015-12-15 07:42:30,6,8,2,和蔼的老师
11912,1067,何延,2015-12-21 10:27:13,3,6,3,有趣啊
12000,1067,何延,2015-12-21 13:08:33,7,7,0,何奶奶，很慈祥的好老师！
12030,1067,何延,2015-12-21 14:27:40,4,6,2,讲的思路很清晰，配合课件学很好
12038,1067,何延,2015-12-21 14:38:27,8,9,1,老师超好，上课用ppt，所以不用占座后排也能看见，讲得略快但是老师人很慈祥
12090,1067,何延,2015-12-21 16:47:27,7,8,1,好老师，讲课细心
12250,1067,何延,2015-12-22 14:21:05,3,5,2,非常细致，非常和蔼
12418,1067,何延,2015-12-23 08:34:42,9,10,1,讲得很仔细，微2选不上何奶奶好难过\n\n
12525,1067,何延,2015-12-23 12:03:18,4,5,1,可以的
12629,1067,何延,2015-12-23 16:06:56,1,4,3,非常好！绝对能听懂，PPT也很细致！
12718,1067,何延,2015-12-24 02:25:44,5,6,1,好好好
12752,1067,何延,2015-12-24 03:15:18,3,5,2,渣渣也表示讲的很好
12870,1067,何延,2015-12-24 07:09:05,6,7,1,期末考还没考过，先来评论了，老师是真的好，PPT做的很好，讲得很仔细，解题思路很清晰，总之是个超棒的老师！适合基础差一点的人
13003,1067,何延,2015-12-24 13:12:02,5,5,0,何奶奶
13328,1067,何延,2015-12-26 18:20:18,2,3,1,讲的很清楚，例题分析每个人都能懂，很棒很棒的老师！
13553,1067,何延,2015-12-29 07:26:37,6,8,2,老师讲的挺清楚的，嗯(´-ω-`)，喜欢
13691,1067,何延,2015-12-30 10:53:48,7,7,0,超级棒
13928,1067,何延,2016-01-02 11:46:27,6,7,1,很耐心细致的老师
14263,1067,何延,2016-01-06 02:45:44,9,10,1,真的超级爱何奶奶  超级耐心   超级好
14336,1067,何延,2016-01-06 11:28:22,5,11,6,老师人超好!PPT炒鸡棒!像我这种翘课大神，靠ppt都完全可以学懂。
14588,1067,何延,2016-01-18 05:10:26,6,8,2,听起来真的很有很有很有很有很有很有味道，老师也很有人格魅力，只是微二微三换不上她了。
14633,1067,何延,2016-01-21 03:35:27,5,7,2,老师人很和蔼讲课很棒ppt也超清楚给分也超好！！只能说选上她的课真的是荣幸
14655,1067,何延,2016-01-08 06:08:57,7,7,0,何老师很棒
14729,1067,何延,2016-01-08 13:45:15,4,6,2,慈祥的何奶奶
17038,1067,何延,2016-01-19 13:29:48,5,6,1,巨好  是老师的课代表   老师人超nice
17878,1067,何延,2016-01-21 03:21:54,3,5,2,超级棒 浓浓师生情
17879,1067,何延,2016-01-21 03:23:21,4,5,1,何老师真的非常赞啊 女神女神
17882,1067,何延,2016-01-21 03:25:50,5,6,1,良心老师...上课有课件复习帮了好大忙  讲课思路清晰给分也好
17883,1067,何延,2016-01-21 03:25:55,2,5,3,何奶奶很慈祥，上课很棒，给分也好，能选上她的课真是我幸运的事。
17884,1067,何延,2016-01-21 03:26:19,5,9,4,何奶奶人超级好！课讲的比隔壁陈锦辉好多了！特别是对于我这种基础很差的人。PPT做的特别好，适合上课没听懂的课后补。。。
17887,1067,何延,2016-01-21 03:27:00,4,4,0,老师讲的很清晰，很棒
17888,1067,何延,2016-01-21 03:27:21,1,3,2,十分不解释
17889,1067,何延,2016-01-21 03:28:12,5,5,0,讲得好，ppt很详细，给分也好●▽●
17893,1067,何延,2016-01-21 03:29:43,3,4,1,真心赞！！！课讲得好，课件详细，答疑耐心~~
17897,1067,何延,2016-01-21 03:32:52,2,4,2,课件很棒，老师温柔。是我渣
17906,1067,何延,2016-01-21 09:06:29,6,7,1,老师不错的 给分不错\n\n
17914,1067,何延,2016-01-21 03:56:03,-11,5,16,4.8  感谢何奶奶
17928,1067,何延,2016-01-21 04:11:57,1,3,2,老师上课上的好，给分也超好，很和蔼的一个老师！大爱何老师
17933,1067,何延,2016-01-21 04:18:54,4,5,1,棒棒棒
17935,1067,何延,2016-01-21 04:21:04,0,3,3,老师特别好 耐心  课件也很好！清晰！有条理！超级喜欢！！
17936,1067,何延,2016-01-21 07:31:45,4,4,0,要顺着老师思路一直做题目
17943,1067,何延,2016-01-21 04:36:46,2,4,2,老师人超好，大爱呀，hhhh
17980,1067,何延,2016-01-21 05:19:03,4,5,1,何老师真心好，讲得好，给分也好。ppt尤其棒，书上有的例题会标明页码，补充的例题也都很经典！
17984,1067,何延,2016-01-21 05:29:15,3,4,1,老师讲课很清楚啊٩(๑❛ᴗ❛๑)۶很棒哦
17998,1067,何延,2016-01-21 05:43:56,1,6,5,作为一个数学渣，智商低，简直非常喜欢何老师的课！细致！有耐心！最后还满绩了……~\(≧▽≦)/~
18006,1067,何延,2016-01-21 05:52:50,6,6,0,老师很慈祥，讲课很清晰，成绩出来很开心
18150,1067,何延,2016-01-21 08:24:01,3,5,2,感谢我这么垃圾也没让我挂。何奶奶讲课很好但是我还是忍不住没听。。。
18183,1067,何延,2016-01-21 08:48:17,4,4,0,慈祥的老师
18187,1067,何延,2016-01-21 08:58:48,4,6,2,课件超棒！讲得很好！心平气和！和蔼可亲！给分超高！超赞的！顶上去！！
18285,1067,何延,2016-01-21 11:35:17,3,4,1,讲得很清楚，很慈祥，注重基础，最主要是给分很好！
18312,1067,何延,2016-01-21 12:31:35,3,4,1,老师讲课很清楚，课件做的超级用心
18368,1067,何延,2016-01-21 13:35:45,2,4,2,很棒，PPT思路很清楚:)
18550,1067,何延,2016-01-22 03:51:56,6,6,0,何奶奶讲课超温柔，给分也很好，大爱何奶奶
18605,1067,何延,2016-01-22 06:09:18,2,3,1,考砸我的锅 老师是好的⋯⋯
18707,1067,何延,2016-01-22 11:23:05,4,5,1,讲课很仔细，ppt会传到公邮 很方便学习
19035,1067,何延,2016-01-23 06:06:15,19,20,1,何奶奶会魔性笑声噢
19189,1067,何延,2016-01-23 12:30:45,3,4,1,老师很好，课件很棒
19339,1067,何延,2016-01-24 02:06:34,-34,3,37,内容是好，但是上课很枯燥诶…这种老师放到高中都是最不受欢迎的那类…而且我去问她问题她就从来没讲明白过…绩点4.5说的过去，毕竟计算题还是可能算错的
19412,1067,何延,2016-01-24 06:27:05,-21,3,24,对答案全对，最后90，让我情何以堪
19463,1067,何延,2016-01-24 09:36:16,5,5,0,课件太好了，针针见血，特别喜欢何奶奶！
19507,1067,何延,2016-01-24 12:05:37,0,2,2,好老师！！！
19529,1067,何延,2016-01-24 14:32:32,2,4,2,老师ppt好评
19959,1067,何延,2016-01-25 16:20:33,2,2,0,真心好
20511,1067,何延,2016-01-28 03:52:32,3,3,0,何奶奶我的女神！
21403,1067,何延,2016-02-28 14:58:56,0,1,1,非常非常好！！！
21419,1067,何延,2016-02-28 22:25:56,1,3,2,何奶奶超级好 讲课也超级好 一点也不无聊（不明白那些说无聊的什么心态）  习题课选的题都很经典  PPT真的太棒了  有整个思路在上面   最后满绩了  微三还是她  遗憾的是微二没选上她的课
21448,1067,何延,2016-02-29 01:40:39,-1,0,1,何奶奶很慈祥，PPT赞！
21749,1067,何延,2016-03-01 03:15:56,-1,1,2,例题很多，对理解很有帮助
22240,1067,何延,2016-03-03 05:12:45,-7,4,11,数学水平高的同学可以不用听还是自学的好
23435,1067,何延,2016-03-30 00:55:02,-1,1,2,好爱何延奶奶~
23591,1067,何延,2016-04-08 03:05:28,1,2,1,超级好的老师，爱死她
23611,1067,何延,2016-05-18 13:15:17,3,3,0,很细致很好
24425,1067,何延,2016-04-30 13:32:09,1,2,1,课件真心赞
24488,1067,何延,2016-04-30 15:53:47,0,2,2,最爱何延奶奶，没有之一！
24531,1067,何延,2016-05-01 07:11:46,2,3,1,超级棒的老师~对待学生特别认真
24627,1067,何延,2016-05-02 10:46:49,3,4,1,微二是我绩点最高的一门课，但我居然没上平均分！
24754,1067,何延,2016-05-03 11:22:10,2,4,2,例题很多，ppt很好，就是一直讲讲讲，讲的很快，可能会听不懂，但是真的适合文科生和基础较差的同学！大赞！
26827,1067,何延,2016-06-21 08:20:29,1,2,1,微1 2 3全是何奶奶，非常不错的好老师！
26941,1067,何延,2016-06-22 00:28:50,2,2,0,良心老师，微2微3都是她的，真的很好
26968,1067,何延,2016-06-22 02:55:12,0,2,2,娓娓道来，有条有理，语速稍稍慢了些，很棒\n\n
27886,1067,何延,2016-06-28 03:15:22,0,1,1,中国好老师，浓浓师生情
28166,1067,何延,2016-06-28 08:11:39,1,3,2,期末刷一遍老师的ppt的例题就好辣，亲测满绩
28304,1067,何延,2016-06-28 08:29:18,4,4,0,超级慈祥的老师课件很棒适合基础不太好的同学
30445,1067,何延,2016-07-01 15:21:12,1,1,0,给分好
30456,1067,何延,2016-07-01 15:41:26,1,2,1,非常好啊，微积分123都是何奶奶的，超级棒，给分也不错
30457,1067,何延,2016-07-01 15:48:16,-3,0,3,微一微二没上四的我 居然微三4.5都因为可爱的何奶奶！
30461,1067,何延,2016-07-01 15:57:55,0,1,1,用课件讲题目讲得超级好，思路也很清晰，基础弱一点的也能跟上，基础好的也不会觉得无聊
30524,1067,何延,2016-07-02 00:02:20,-2,1,3,老师讲课思路清晰，会在课后把PPT放上公邮以便同学们下载复习，最后考的不太好有点对不起老师
31043,1067,何延,2016-07-03 06:55:57,2,3,1,微1，微2，微3都是何奶奶的。讲课超好，逻辑思路清晰。而且最重要的是课件超级棒！
33124,1067,何延,2016-09-13 09:01:19,-1,1,2,好老师，亲测
33284,1067,何延,2016-09-18 00:53:41,0,2,2,不点名太棒了
33285,1067,何延,2017-01-15 16:07:45,3,4,1,挺好的，真的感觉上了她的课，想挂科都难\n\n
33289,1067,何延,2016-09-18 01:44:53,-1,0,1,很认真
34579,1067,何延,2017-01-04 10:02:19,0,1,1,老师炒鸡好，思路清晰，课件详细
35608,1067,何延,2016-11-10 07:32:36,-1,1,2,好！！！！！永远上她的课也好的
36015,1067,何延,2016-11-10 10:05:04,2,3,1,讲的很好，回答问题也很认真。我在浙大遇到的几个女老师都很棒，讲文学的潘一禾老师，英语的闻人行老师，还有微积分的何延老师。
36112,1067,何延,2016-11-10 12:37:12,1,1,0,非常耐心 思路清楚的老师
36441,1067,何延,2016-11-13 14:12:37,2,4,2,喜欢何太婆\n\n
38562,1067,何延,2016-12-09 01:49:43,1,2,1,哈哈哈哈哈哈哈哈哈哈哈哈哈哈\n\n好好好好好好好，挺好
39000,1067,何延,2016-12-20 11:31:13,-1,1,2,真的很棒\n\n
39037,1067,何延,2016-12-23 02:31:13,-2,1,3,何老师超级超级好！！循循善诱特别和蔼！上课不快不慢，有自己的节奏，一步步来，让我本来开始还跟不上的人现在听的很开心！！题目讲的也超棒！从来只抢前排坐听课！！我下学期预置不是她，哭晕了。。还没有余量给我选……不管期末考几分绩点多少，都是我的问题，我认定老师了！
40365,1067,何延,2017-01-03 05:35:03,1,1,0,和蔼亲切，讲课非常棒。
41098,1067,何延,2017-01-09 07:29:16,-1,1,2,好好好
43863,1067,何延,2017-01-17 05:15:32,1,2,1,讲课很详细，ppt特别好
44459,1067,何延,2017-01-18 00:33:59,0,1,1,虽然老师讲的很慢，但内容很详细呀.
44482,1067,何延,2017-01-18 01:06:45,3,3,0,我是旁听老师一学期的课，非常棒。如果自己老师不是特别好的话可以找同学要到老师邮箱，跟着看ppt也会提高很多。尽管我分很差……但必须给老师满分
44888,1067,何延,2017-01-18 12:41:47,-2,1,3,何延老師上課認真人又溫柔又好\n\n濃濃的師生情讓我這個數學白吃過了\n\n謝謝老師 感恩您 萬分感謝
44903,1067,何延,2017-01-18 12:59:22,2,5,3,非常，非常，好，的，老师
44913,1067,何延,2017-01-18 13:31:27,7,8,1,还好吧 ppt不错 口音迷人 上课容易睡觉(应该怪我自己…
44919,1067,何延,2017-01-18 13:45:59,0,2,2,第一次考了70完了来重修…还是70……
45167,1067,何延,2017-01-19 05:33:42,1,2,1,好好好，何奶奶棒棒的，认证负责给分好
45668,1067,何延,2017-01-20 02:26:10,2,4,2,可惜微二没选上何老师QAQ
45971,1067,何延,2017-01-20 10:15:18,22,27,5,个人认为用ppt.讲课有一个缺点就是不同程度的学生理解消化的速度不同，何老师有时候ppt过得太快你可能这一页没看懂她就跳到下一页 然后你就连环懵逼了…所以推荐老师课前就可以把ppt先传上公邮而不是课后。不喜勿喷。
46267,1067,何延,2017-01-21 05:47:12,-2,0,2,特别好的老师，下课可以看ppt复习，上课思路清晰，例题特别棒
46531,1067,何延,2017-01-22 01:56:00,0,0,0,就算上课有不懂的，也可以课后看ppt非常好！
46889,1067,何延,2017-01-22 17:22:01,0,2,2,超棒的何奶奶
47922,1067,何延,2017-02-27 10:15:35,1,3,2,老师非常好！太喜欢老师的ppt了，非常随和。
48154,1067,何延,2017-03-01 02:50:32,-1,1,2,太棒了，虽然只上了一节课，但感觉真心好
48703,1067,何延,2017-03-10 01:05:04,2,3,1,天了噜，讲得太清楚惹，还时不时会回顾一下，有不懂的也马上就懂了，好棒ヽ(´▽｀)ノ满分好评
54643,1067,何延,2017-06-30 03:06:17,4,5,1,何奶奶人简直太好了，好的我自己都不好意思…由于社团的事作业没好好做，助教还每次都批A，真让我十分愧疚⁄(⁄ ⁄ ⁄ω⁄ ⁄ ⁄)⁄ 刚考完微（下），考的不咋地，空了几道题，但不管怎么说，还是感谢何延老师。祝您身体健康吧！
55800,1067,何延,2017-07-12 01:32:51,-1,1,2,挺好的，很清晰
55874,1067,何延,2017-07-02 14:02:30,0,1,1,还不错
58115,1067,何延,2017-08-02 01:27:54,5,6,1,很细心很仔细 人很温柔\n\n两次小测都会提前告诉你时间，有时候做不出她直接给提示哈哈哈（然后哗啦哗啦有些题目就给出解答就差没告诉你答案\n\n
60876,1067,何延,2017-11-01 01:50:25,3,4,1,很棒，一步一步稳扎稳打，适合基础不太好的
60950,1067,何延,2017-11-05 02:28:08,1,4,3,慈祥、认真、负责、例题很有价值，ppt做的非常好
65879,1067,何延,2018-01-10 01:27:27,-1,1,2,好喜欢何延老师呀！很温柔，很宽容，天生的微笑唇，真的炒鸡棒！上课也很耐心细致，哇咔咔，我要给她满分，满分！！！
67767,1067,何延,2018-01-22 06:52:15,2,2,0,超级好的老奶奶！满分！
67974,1067,何延,2018-01-22 12:02:26,0,2,2,老师的ppt真的非常优秀，坐最后一排都能看清楚，步骤清晰，老师思路也清晰，跟着一起学是肯定能学懂的。
68292,1067,何延,2018-01-23 02:43:46,1,2,1,老师真的很亲切，课间真的超级nice
69666,1067,何延,2018-01-25 07:35:17,1,2,1,满分！何奶奶人真的超级好ppt也做的很好语速慢讲的清晰 可能很难有拓展但是比较适合文科生 给分也挺好的浓浓师生情！
69725,1067,何延,2018-01-25 09:22:00,-1,0,1,浓浓师生情.jpg
69758,1067,何延,2018-01-25 10:28:05,3,4,1,感谢老师不挂之恩\n\n
69760,1067,何延,2018-01-25 10:29:21,4,4,0,ppt做的好，讲课思路清晰，解题思路易懂 ，分给的高，老师真的太棒了!
69763,1067,何延,2018-01-25 10:33:36,2,3,1,老师讲得相当细致，ppt十分好，基本上上课都能听懂，知识点都梳理得很到位，认真听，做好作业绝对没问题，可能是我考试前有点浪了，期末考炸了，但还是感谢老师，下学期我还是您的课。
69859,1067,何延,2018-01-25 14:30:52,0,2,2,老师讲课节奏适中，课件很棒，人也很和蔼。
69873,1067,何延,2018-01-25 15:05:46,2,3,1,大爱何奶奶，虽然数学基础薄弱，很多听不太明白，课件加教材还是讲的比较清楚的，给分也不错。以我的渣数学水平不能强求太多，比均绩高一丢丢已是一大幸事了。
69908,1067,何延,2018-01-25 15:50:09,3,3,0,老师很不错的！
69918,1067,何延,2018-01-25 16:06:06,1,3,2,老师很温柔，人很好，上课也挺清晰的，只要跟着老师好好学，一定可以的！表白老师和助教?
69960,1067,何延,2018-01-26 00:22:54,6,7,1,很适合我的老师，讲的很好，课上虽然听不懂但ppt真的棒炸了，适合课后再来一通恶补。期末考一塌糊涂出来怀疑人生居然最后也挺好的。谢谢老师让我知道努力还是有结果的，不是所有事情都靠智商。
70847,1067,何延,2018-01-27 15:39:34,1,1,0,非常好的老师！幸运！
73811,1067,何延,2018-02-03 06:34:09,2,3,1,超级好，就是有时候会感觉有些困...应该说是大多时候
73888,1067,何延,2018-02-03 10:51:32,3,4,1,挺好的(૭ ᐕ)૭
75018,1067,何延,2018-03-07 04:10:17,-1,1,2,好，很好
75468,1067,何延,2018-03-12 07:22:33,0,1,1,超级好的老师
75560,1067,何延,2018-03-13 08:47:50,-13,3,16,好多人没找到习题课教室，说的不清楚，生气了
80254,1067,何延,2018-06-23 06:57:55,-2,0,2,呵呵两次小测被助教扣了5分的平时分
80638,1067,何延,2018-06-28 15:21:19,1,2,1,课件超神
80892,1067,何延,2018-07-02 11:35:55,0,1,1,很舒服
82126,1067,何延,2018-07-07 07:36:01,0,2,2,对于上课听不进的人来说，是一个很好的福音，PPT真的很不错，但就是不知道怎么的，没有感觉特别能跟上何奶奶的步伐（感觉语速或者讲课方式不太习惯），但还是挺不错的老师啦！
82131,1067,何延,2018-07-07 07:44:03,1,2,1,谢谢老师！
82134,1067,何延,2018-07-07 07:48:02,3,3,0,和蔼的何奶奶，浓浓的师生情。\n\n铭记老师的不挂之恩！
82139,1067,何延,2018-07-07 08:08:20,-2,1,3,第二次了，老师很好，但卡绩真的难受
82140,1067,何延,2018-07-07 08:15:56,1,2,1,挺好的，PPT尤其不错，平时作业不多，各种问题类型都会讲到，上课认真听例题期末保你不挂。
82255,1067,何延,2018-07-07 15:01:10,-1,1,2,真的喜欢何老师，微一微二都是她，好舍不得~
82451,1067,何延,2018-07-08 08:23:46,2,2,0,。。。
82482,1067,何延,2018-07-08 10:11:50,0,2,2,很好的老师
83546,1067,何延,2018-07-10 14:44:46,8,8,0,课件做得用心，讲题很细，讲的速度偏慢，只要用心听例题，解题方法基本都能掌握，不过对于基础好的同学可能讲的有点偏浅了。人超温柔，给分又好，点名只在小测的时候点，平时分基本都满，不愧是大家爱戴的何奶奶。
83667,1067,何延,2018-07-11 03:26:47,0,2,2,两次微积分都是何奶奶的课，老师很慈祥，课件非常棒，讲课思路清晰，关心学生，就是略催眠，第三节课忍不住趴一会儿
84504,1067,何延,2018-07-13 04:17:33,2,2,0,棒棒棒
87132,1067,何延,2018-09-21 01:29:14,3,3,0,人超好
87495,1067,何延,2018-11-23 12:01:33,-23,6,29,读ppt辣鸡
87669,1067,何延,2018-10-10 01:22:33,-3,3,6,是好老师 但我求求你不要给题目就秒讲，导致上课的练习根本没有思考时间
88202,1067,何延,2018-10-24 03:15:07,4,4,0,讨厌了～
88237,1067,何延,2018-10-24 15:55:03,-1,0,1,一开始不是很跟得上，但后来觉得她讲的好好
88641,1067,何延,2018-11-05 02:06:38,-1,1,2,讲得很细很清楚，适合认真的女生鸭～
88913,1067,何延,2018-11-12 06:44:06,-2,0,2,超级棒！
89185,1067,何延,2018-11-16 11:31:50,5,7,2,唉呀妈呀，，这老师也太好了吧，，上课还会卖萌，，ppt有问题，改了几次不行，哎呀讨厌～～～～～
90156,1067,何延,2018-11-22 08:49:15,2,4,2,ppt女神
90408,1067,何延,2018-11-23 12:01:08,0,1,1,很棒啊
90863,1067,何延,2018-11-26 22:55:34,1,5,4,期中59分 我心碎了
91566,1067,何延,2018-12-13 11:17:59,14,15,1,助教学姐很漂亮
91934,1067,何延,2018-12-25 04:17:37,15,17,2,明人不说暗话，助教小姐姐好漂亮
91978,1067,何延,2018-12-25 06:58:09,4,5,1,超仔细，超耐心的好老师！
92775,1067,何延,2019-01-04 10:37:39,5,6,1,微积分(甲)I 老师超可爱的，讲的很清晰，作业一般多，只有小测的时候会点名，而且小测都会提前通知，不会搞偷袭，为人很和蔼。课件也很详细。
93215,1067,何延,2019-01-21 09:23:26,2,3,1,太感謝何老師了，
93268,1067,何延,2019-01-25 04:35:34,7,7,0,十分十分！！课件超棒！讲得也清楚！\n\n还有 吹爆助教xjj！人很nice课上选的题目也很典型！！！太爱了太爱了
93913,1067,何延,2019-01-14 08:33:35,1,3,2,为大一没有认真听课深深忏悔中
94099,1067,何延,2019-01-15 07:43:19,6,7,1,很和蔼的老师，讲得很详细，后悔自己没有认真听课。助教小姐姐好漂亮。
94950,1067,何延,2019-01-18 13:33:46,-2,0,2,good
95651,1067,何延,2019-01-21 10:34:24,3,4,1,好老师，给分好
96702,1067,何延,2019-01-21 09:57:55,10,11,1,浓浓师生情
96715,1067,何延,2019-01-21 09:40:10,1,2,1,老师讲课很棒！ppt很有用！给分很好！
96723,1067,何延,2019-01-21 09:47:36,4,4,0,给分远超预期感人肺腑！谢老师不挂之恩！
96724,1067,何延,2019-01-21 09:49:05,2,3,1,人好不解释
96725,1067,何延,2019-01-21 09:49:08,2,2,0,何老师超级好的呜呜呜，下学期又预置了她的课，幸福
96726,1067,何延,2019-01-21 09:49:39,4,4,0,啊啊啊啊啊啊啊爱死何奶奶了
96728,1067,何延,2019-01-21 09:50:16,4,5,1,大爱何奶奶
96729,1067,何延,2019-01-21 09:50:33,1,2,1,！！！！大爱何延奶奶！！！强烈推荐！！！！！！PPT很棒人美声甜！！！助教小姐姐也都超级好看！！！！！！
96730,1067,何延,2019-01-21 09:50:41,3,4,1,我爱何老师！！感谢两次预制都是她！！人炒鸡nice，顺便助教小姐姐好漂亮～
96731,1067,何延,2019-01-21 09:50:44,5,6,1,上了微甲I。讲课好，PPT很赞，对题目的解答也很详尽。过程分也给的很高，基本上给满。助教也很负责。庆幸预置了何奶奶的课。(可惜下学期微甲II冲突辽TwT)
96732,1067,何延,2019-01-21 09:50:53,3,4,1,何奶奶给分超级好，多谢何奶奶不挂之恩啊啊啊啊啊
96733,1067,何延,2019-01-21 09:51:09,1,3,2,平时分很高啊。
96734,1067,何延,2019-01-21 09:51:10,-1,2,3,讲课超级好，给分也很善良
96735,1067,何延,2019-01-21 09:51:14,2,4,2,课件超级用心！讲课很好很慈祥很有耐心！备课认真严谨！给分超级棒！大爱何奶奶！
96737,1067,何延,2019-01-21 09:51:34,4,5,1,非常非常亲切 讲课非常非常棒 ppt非常非常好 我觉得给10分不足以刻画 如果满分是10 我想给何奶奶100
96741,1067,何延,2019-01-21 09:51:59,3,3,0,10分不解释
96742,1067,何延,2019-01-21 09:52:04,6,7,1,何奶奶和助教小姐姐人超好呀，下学期没有何奶奶课了，想去偷课件，再一次谢老师不挂之恩（平时分几乎给满了）
96743,1067,何延,2019-01-21 09:52:06,3,4,1,最好的数学老师！
96744,1067,何延,2019-01-21 09:53:04,4,5,1,我的妈！有慈祥又和蔼又棒棒
96745,1067,何延,2019-01-21 09:53:26,7,10,3,老师太棒了!!!哪怕是我这种数学辣鸡最后也能绩点上3 感谢！！！ 还有助教小姐姐太棒了!!!人美心善!!!
96746,1067,何延,2019-01-21 09:53:34,2,3,1,人挺好的 老师的ppt非常出色。希望下学期还能听到这个老师的课。认真听会有很大收获。
96748,1067,何延,2019-01-21 12:35:22,-16,9,25,老师真的很好 给分也很好。
96749,1067,何延,2019-01-21 09:54:05,10,13,3,大爱何奶奶！平时分都给满了，讲课很好！ppt思路非常清晰！浓浓师生情！爱何奶奶！10分都太少了！今天出成绩把我感动坏了……? ?
96750,1067,何延,2019-01-21 09:54:20,2,4,2,何老师讲课条理很清楚，PPT也做的超级详细！
96751,1067,何延,2019-01-21 09:54:26,5,5,0,老师讲的超级好！给分也超级好！平时分直接给满！
96752,1067,何延,2019-01-21 09:55:57,0,3,3,思路清晰，何奶奶很慈祥，课件很棒，助教小姐姐温柔漂亮！！！
96754,1067,何延,2019-01-21 09:55:06,0,4,4,非常棒 可以不听课
96755,1067,何延,2019-01-21 09:55:55,3,4,1,下学期不是她的课了好难过.........\n\n
96757,1067,何延,2019-01-21 09:56:08,1,3,2,感谢何老师不挂之恩，助教小姐姐温柔又漂亮
96759,1067,何延,2019-01-21 09:57:20,3,4,1,非常好，老师讲的特别详细，给分也很好
96760,1067,何延,2019-01-21 09:57:24,9,11,2,超棒！吹爆何延奶奶和漂亮的助教小姐姐～(￣▽￣～)~
96761,1067,何延,2019-01-21 15:29:37,13,14,1,感动天 感动地 感动何奶奶的PPT\n\n完全可以代替书的PPT去哪里找 超赞了
96762,1067,何延,2019-01-21 10:01:34,3,5,2,nice
96763,1067,何延,2019-01-21 09:57:34,11,13,2,我爱老师！！！\n\n考试两小时\n\n调分3整天！！！\n\n平时分都给满了！！！\n\n我爱何奶奶！！！！！！！！
96765,1067,何延,2019-01-21 09:57:38,6,6,0,老师真的是天使!!给分太好了吧!我爱她!!!而且讲的也无敌好!!!
96766,1067,何延,2019-01-21 09:58:18,2,4,2,非常棒！
96767,1067,何延,2019-01-21 09:57:51,5,5,0,很仔细，收获很多
96768,1067,何延,2019-01-21 09:58:25,4,4,0,讲课思路清晰 ppt制作很用心
96769,1067,何延,2019-01-21 09:58:28,1,3,2,表白何奶奶和助教xjj！
96771,1067,何延,2019-01-21 09:58:37,8,9,1,讲的挺好的，有一定的延伸，学到了很多，虽然最后没有达到自己的要求…不过还是10分，助教xjj也挺好
96772,1067,何延,2019-01-21 10:00:28,5,6,1,感谢何奶奶的不挂之恩！！！超喜欢何奶奶和助教小姐姐
96773,1067,何延,2019-01-21 09:59:05,2,4,2,何奶奶超棒的啊  人超好  讲课清晰  PPT很棒  给分超级好  助教小姐姐也超级nice
96776,1067,何延,2019-01-21 09:59:43,15,15,0,都说是何奶奶，第一节课幻想了一个白发苍苍的老奶奶，结果！何奶奶有一头乌黑秀发，一颗未泯童心。爱了爱了，虽然温柔的语调有点小催眠，怪我，何奶奶PPT超棒，给分超好！
96777,1067,何延,2019-01-21 10:00:14,4,5,1,我爱何奶奶！！！！\n\n谢谢您！！！还有漂亮的助教小姐姐！！太幸运选到何老师的课了！！
96778,1067,何延,2019-01-21 10:00:15,4,6,2,何奶奶太棒了呜呜呜 平时上课ppt超级详细 私底下也特别和蔼负责。本来以为会挂 结果上3了 助教小姐姐也超级美丽超级善良 平时分一般都会给满(不要欠作业 所以不用担心挂科什么的
96779,1067,何延,2019-01-21 10:00:22,4,4,0,爱上何奶奶
96780,1067,何延,2019-01-21 10:00:40,13,14,1,爱死老师了，期中考了30，最后居然过了，虽然只有1.5，但过了，过了！！！
96781,1067,何延,2019-01-21 10:00:49,2,3,1,超级好啊 ppt无比清晰 思路也超级棒
96782,1067,何延,2019-01-21 10:00:55,1,3,2,何老师人超级好！\n\n大爱！！
96783,1067,何延,2019-01-21 10:01:01,1,2,1,啊啊啊啊啊啊啊啊啊啊啊何奶奶人超好的！！！！！！
96784,1067,何延,2019-01-21 10:01:12,6,6,0,超级好，绩点低是我自己菜了，老师人很好，助教小姐姐也超级棒，上课讲的很清楚，还能对着PPT复习，大爱何奶奶✪ω✪
96785,1067,何延,2019-01-21 10:01:56,5,9,4,过程分和小测给满\n\n最后4.8\n\n虽然还是有点遗憾，但是大爱何奶奶
96787,1067,何延,2019-01-21 10:01:29,0,2,2,挺好的\n\n平时分没给满但是3也超出预想了
96789,1067,何延,2019-01-21 10:01:44,2,2,0,给分是真的好，不过自己还是实力不够吧，成绩没达到预期
96790,1067,何延,2019-01-21 10:01:58,3,3,0,思路异常清晰，非常清楚，细节与能力并行，非常棒的微积分老师，相信我，跟着何老师，过程与结果都很美
96791,1067,何延,2019-01-21 10:02:12,3,3,0,何奶奶人超级好！！！！wwww也不会卡绩给分超棒 ppt超级好！
96793,1067,何延,2019-01-21 10:02:20,0,1,1,感谢何奶奶让我这个菜鸡及格了，感动ing\n\n还有还有，何奶奶的ppt超棒的呀!
96796,1067,何延,2019-01-21 10:03:32,-2,1,3,爱何奶奶 mua！开心 \n\n
96797,1067,何延,2019-01-21 10:03:36,1,3,2,ppt强无敌，给分超好
96798,1067,何延,2019-01-21 10:04:23,8,8,0,超级好老师，平时分几乎满了，有PPT可以自习复习，就小测点点名。怒给10分
96801,1067,何延,2019-01-21 10:04:56,0,2,2,超级棒！
96802,1067,何延,2019-01-21 10:04:57,1,3,2,讲的很清晰，非常棒！！！
96803,1067,何延,2019-01-21 10:05:29,3,4,1,何老师真是太好了，平时分几乎都给满了，只能怪我太菜了
96804,1067,何延,2019-01-21 10:05:51,2,3,1,讲得超好给分也超nice！！
96806,1067,何延,2019-01-21 10:06:24,3,4,1,好老师呀 很和蔼可亲 助教小姐姐也超好超好 习题课从不点名
96807,1067,何延,2019-01-21 10:06:59,4,4,0,老师课讲的很细致，ppt做的真的很好
96815,1067,何延,2019-01-21 10:08:55,1,1,0,挺好的！
96816,1067,何延,2019-01-21 10:09:16,-19,3,22,讲得清晰流畅，何奶奶亲切可爱? ~重点是平时分和小测几乎给满！94.75四舍五入刚好满绩了咔咔咔
96817,1067,何延,2019-01-21 10:10:07,4,4,0,理由大家都说了不赘述了，我就是跑过来给个10分的。
96819,1067,何延,2019-01-21 10:12:12,-1,2,3,好人一生平安
96820,1067,何延,2019-01-21 10:13:22,0,1,1,Ppt特别细致
96822,1067,何延,2019-01-21 10:14:39,-3,0,3,非常棒
96831,1067,何延,2019-01-21 10:20:20,2,2,0,可爱又温柔
96832,1067,何延,2019-01-21 10:20:42,-1,1,2,浑身爽
96836,1067,何延,2019-01-21 10:22:34,2,3,1,老师真的好，平时分给满，讲课很清晰，ppt也做得超棒的
96837,1067,何延,2019-01-21 10:23:13,1,2,1,老师讲课和ppt一样清晰！看着ppt都能自学那种！
96849,1067,何延,2019-01-21 10:39:29,2,3,1,何延奶奶的PPT做得也太好了叭~~考试把PPT看一遍就和开了挂一样.助教姐姐也好看.
96854,1067,何延,2019-01-21 10:48:12,0,2,2,何奶奶大爱了！上课认真，ppt炒鸡仔细，复习必备啊！而且平时分都打满了开心
96859,1067,何延,2019-01-21 10:55:37,3,3,0,虽然有点容易走神，但是何奶奶认真负责，pp又非常棒，所以，提起精神听课，微积分高分是可以做到的！为何奶奶打电话！！！? ? ?
96862,1067,何延,2019-01-21 10:59:01,1,3,2,何老师真的超级超级棒！感觉是非常认真和善的老师。点名也只在小测点名，最后的成绩占比也超级贴心，成功让我这个期中61的社科小菜鸡最后还能绩点上4。为课件疯狂打call！虽然下学期预置的老师不是她了，依然很想再来旁听老师的课?
96868,1067,何延,2019-01-21 11:06:55,0,2,2,很爽！
96876,1067,何延,2019-01-21 11:24:17,2,3,1,超级棒的，可爱的，慈祥的，何奶奶！\n\n微甲2，不是她的，好可惜
96878,1067,何延,2019-01-21 11:28:21,6,6,0,何奶奶我爱你！！！！！！下学期还是何奶奶的课！！！！开心！！！！
96882,1067,何延,2019-01-21 11:43:34,3,4,1,讲的很细致，缓慢的语调中不乏优雅与变通。有入沐春风之感
96930,1067,何延,2019-01-21 12:40:41,1,2,1,讲的不快不慢，思路清晰，想学一定能学好的。就是听久了容易睡着。。。助教xjj也非常棒，有补充题。
96940,1067,何延,2019-01-21 12:59:35,3,4,1,我爱她！！！
96946,1067,何延,2019-01-21 13:06:42,1,3,2,PPT超棒!讲课清晰，给分小天使
96956,1067,何延,2019-01-21 13:23:40,0,3,3,感谢何奶奶！！虽然有点被卡绩了平时分也没有满。不过第一次小测确实考的不好也接受啦！能有这样的成绩很感谢助教和老师！下学期要认真学微二！争取满绩不辜负这么好的老师
96980,1067,何延,2019-01-21 13:47:47,-1,1,2,何奶奶很和蔼 会笑着回答我的白痴问题 ppt也是上课睡觉同学的好帮手 绩点差是我菜 呜呜呜
96986,1067,何延,2019-01-21 13:55:46,2,3,1,老师真的非常和蔼，耐心回答问题
97025,1067,何延,2019-01-21 14:54:08,4,6,2,永远保持端庄。永远不会生气。超级好的修养。平时分给满。
97066,1067,何延,2019-01-21 15:35:11,3,4,1,我真的超级喜欢何奶奶55555但是微甲2课程时间疯狂冲突没办法选。上课会讲很多例题，课件特别棒。只要上课好好听，期中期末卷面拿到80+不成问题。难得一遇的好老师
97132,1067,何延,2019-01-21 17:03:47,5,7,2,最大的印象:和蔼。ps:老师年轻的时候一定是女神
97163,1067,何延,2019-01-21 23:00:23,1,2,1,老师真的很可爱，PPT做得很细致，复习的时候很好用的。平时分基本给满。小测会提前通知，而且题目不是很难，五道题做对四道题就算满分，只有小测的时候会点名。\n\n助教小姐姐好漂亮啊啊啊！\n\n作业量也还好，如果作业里有比较难的题目还会给一些提示。
97199,1067,何延,2019-01-22 00:07:40,5,5,0,何老师很耐心，PPT超级详细，期末全靠PPT；助教小姐姐超级可爱，板书很好看，而且习题课从不点到；最重要的是平时分都给满惹，不打个十分说不过去
98460,1067,何延,2019-01-23 13:07:11,2,3,1,超级棒！
98493,1067,何延,2019-01-23 13:40:18,-1,2,3,对不起，何奶奶我给满！
98615,1067,何延,2019-01-23 15:52:47,2,4,2,助教奶奶好漂亮 何姐姐教得好好
98724,1067,何延,2019-01-24 00:29:55,0,2,2,何老师讲得很细很清楚 助教小姐姐超nice  给分也很好www
98777,1067,何延,2019-01-24 02:25:33,-5,4,9,何奶奶人很好w上课很耐心，ppt也很棒复习的时候简直就是大法宝～～～助教小姐姐好好看～只是有一点点可惜差点满绩诶嘿嘿，退了将云爷爷的课成功选上下个学期的何奶奶哦耶～～～
100702,1067,何延,2019-01-26 14:58:00,5,5,0,何奶奶超好，PPT女神。还有，我好喜欢助教小JJ     匿名表白
101751,1067,何延,2019-01-29 03:55:57,2,5,3,老师讲的很仔细！课件是一绝，期末复习好帮手！比板书手写清晰很多！期末讲解前两年的真题也很仔细！要认真听做笔记。最后会把平时分加满，但绩点当然还是靠两次考试成绩...
102003,1067,何延,2019-01-30 03:28:28,1,3,2,有一次下课了向老师请教问题。何老师在听我描述问题的时候，是很真诚地看着我的眼睛听的，那一瞬间真的能感受到，我们在“交流”。永远喜欢何老师。
102956,1067,何延,2019-02-25 06:11:00,1,1,0,超级棒！
103269,1067,何延,2019-02-27 05:50:44,0,1,1,??
103415,1067,何延,2019-02-28 03:58:11,3,3,0,超棒！温柔！讲的细！ppt也太厉害了吧！助教小姐姐也超温柔超可爱！也很负责！讲的题也很棒！
103474,1067,何延,2019-02-28 10:13:37,0,2,2,拿到何奶奶的PPT，再看看书，基本OK了，PPT真的棒
109411,1067,何延,2019-06-14 03:34:00,1,3,2,喜欢何奶奶，这学期没选上她的课 但还是要来旁听！
109646,1067,何延,2019-06-18 06:47:40,-2,0,2,老师很好
109772,1067,何延,2019-06-19 06:21:57,-1,4,5,主要侧重于讲题，基本上没有板书，全程用PPT，从头到尾一张讲个不停，对基本的概念定理没有很重视，但确实是个一丝不苟的老师
110164,1067,何延,2019-06-24 04:15:23,3,4,1,何奶奶太可爱了!简直不要太清晰!层次分明循循善诱，好老师!
111221,1067,何延,2019-06-30 15:45:32,4,4,0,老师人太好了，平时分救我
111242,1067,何延,2019-06-30 17:36:42,3,4,1,虽然我挂了但我还是要说，老师是个好老师，很温柔讲得很细。【555要是我平时分满的话就过了】
111314,1067,何延,2019-07-01 09:14:29,-16,6,22,微甲一4.8，甲二5\n\n啥都不说了，爱就对了٩( •̀㉨•́ )و
111398,1067,何延,2019-07-01 06:29:53,2,3,1,虽然考的没有理想中的好，但还是谢谢老师
111409,1067,何延,2019-07-01 09:29:21,2,3,1,吹爆hy奶奶和无敌可爱的助教小姐姐！！！虽然有时候也很不争气的上课睡着，但是屁屁踢是这么棒！呜呜呜救回了我的成绩
111460,1067,何延,2019-07-01 15:11:23,4,6,2,抱走xjyxjj，你们都别跟我抢
111804,1067,何延,2019-07-02 23:39:05,5,6,1,成绩差是我自己不努力读书，老师还是很好的。就是这个学期老是在假期的习题课小测
112979,1067,何延,2019-07-05 17:12:12,3,5,2,甲1是何奶奶 2是将云伯伯 对不起我真的 更爱何奶奶5555深夜后悔
116962,1067,何延,2019-09-18 00:23:25,0,2,2,真好！！
120002,1067,何延,2019-11-17 04:24:14,-1,0,1,何奶奶口音太可爱了
120650,1067,何延,2020-01-14 16:29:32,0,1,1,何奶奶人太好了，平时分都给满了，还有漂亮的助教小姐姐，太爱了！
120651,1067,何延,2020-01-14 16:29:49,1,1,0,人特别和蔼，讲课也非常耐心。微积分学不好是我自己的问题，老师是真的好老师
120661,1067,何延,2020-01-14 22:23:38,-3,0,3,老师上课讲得很仔细，适合像我这种数学基础较薄弱的选手，还有，感谢老师的海底捞，让我的成绩没有太难看。
120667,1067,何延,2020-01-15 00:26:46,1,2,1,奶奶！太感谢您了！期末崩了居然都能上4！浓浓师生情
121137,1067,何延,2020-01-20 00:31:06,0,1,1,老师给分巨好，ppt做的也超棒超详细，适合基础薄弱的同学
122259,1067,何延,2020-02-21 10:26:59,-1,1,2,超级好
122268,1067,何延,2020-02-21 13:01:32,-1,0,1,老师上课很认真，作业全交平时分就满了，ppt真的很好。
2076,1077,蔺宏伟,2015-04-01 00:14:54,11,28,17,自习就好
5729,1077,蔺宏伟,2015-07-09 08:03:42,5,16,11,可怕
6109,1077,蔺宏伟,2015-07-11 02:10:38,10,18,8,不错
6781,1077,蔺宏伟,2019-05-18 04:16:18,5,13,8,讲课说话都连不起来
6971,1077,蔺宏伟,2015-08-23 10:49:38,0,6,6,上课自习就好，最后给分佳
7571,1077,蔺宏伟,2015-09-15 04:51:54,10,16,6,还可以吧，比较认真
8813,1077,蔺宏伟,2015-09-28 06:54:05,4,7,3,给个高分，至少可以安慰一下自己
8933,1077,蔺宏伟,2015-10-02 10:11:09,8,13,5,自习氛围良好。
9200,1077,蔺宏伟,2015-10-16 12:02:46,0,4,4,自习就好
9211,1077,蔺宏伟,2015-12-06 16:40:37,2,6,4,好评。
9654,1077,蔺宏伟,2015-11-04 00:29:20,4,6,2,。。。。自习就好，基本照课本讲的
11241,1077,蔺宏伟,2015-11-25 14:30:20,6,11,5,挺认真的老师，不过课讲不太好
11710,1077,蔺宏伟,2015-12-12 03:51:59,0,3,3,老师讲的很明白，要认真听才能体会
11712,1077,蔺宏伟,2015-12-12 06:18:32,0,4,4,蔺老师的课讲的比较深，学到了很多东西，特別是一些数学思想和方法，感谢蔺老师
11749,1077,蔺宏伟,2015-12-14 05:18:57,3,6,3,讲的很认真细心 只是讲课水平一般
11753,1077,蔺宏伟,2015-12-14 04:41:53,0,1,1,老师上课很认真
11822,1077,蔺宏伟,2015-12-16 07:43:21,0,2,2,讲得挺好
11855,1077,蔺宏伟,2015-12-18 05:35:59,0,2,2,讲的挺好
11997,1077,蔺宏伟,2015-12-21 12:56:05,0,2,2,好好好
12083,1077,蔺宏伟,2015-12-21 16:11:10,1,3,2,老师很认真
12483,1077,蔺宏伟,2015-12-23 11:22:34,0,2,2,可以的。
12796,1077,蔺宏伟,2015-12-24 05:30:40,4,10,6,有点结巴。。。
13418,1077,蔺宏伟,2015-12-28 02:47:51,9,13,4,老师人超好，虽然讲的一般般，但真的很认真
14688,1077,蔺宏伟,2016-01-08 10:07:48,0,2,2,好！草鸡棒！
14921,1077,蔺宏伟,2016-01-11 03:36:58,7,10,3,其实这老师讲课挺认真的，而且真的很负责，脾气很好。可能就是管的不严好多人就睡了，虽然我也睡了好多堂课，但是真心觉得老师挺好的！
15503,1077,蔺宏伟,2016-01-15 02:17:29,2,6,4,其实他讲的还是很认真的……就是有点结巴……
15688,1077,蔺宏伟,2016-01-16 06:38:44,0,2,2,好认真
16161,1077,蔺宏伟,2016-01-17 10:58:16,1,4,3,讲的不错的呀～～～～～～～～脾气也好好～～
17373,1077,蔺宏伟,2018-12-25 02:54:51,41,64,23,老师讲课确实照书念，不过有些地方确实讲很好，对于有些类型的同学很适合吧！学霸在他班自习就好！另外，这是一个评分从3.17变到6.19的神奇老师
17582,1077,蔺宏伟,2016-01-20 12:35:42,2,6,4,讲课认真 就是说话不大连贯  人是真的挺好的 很负责很认真 给分也可以
18219,1077,蔺宏伟,2016-01-21 09:43:08,0,1,1,啊啊啊反正老师没让我挂！！！\n\n人好！虽然听不太懂上课（自身原因）\n\n
20726,1077,蔺宏伟,2016-01-30 10:04:39,0,2,2,讲课很好
23048,1077,蔺宏伟,2016-03-16 12:55:59,0,1,1,可以可以
23515,1077,蔺宏伟,2016-04-03 13:08:08,0,1,1,好好好
33378,1077,蔺宏伟,2016-09-19 02:55:46,-1,3,4,。。。不要选
33379,1077,蔺宏伟,2016-11-10 01:53:56,0,1,1,老师很认真，挺好，用心听可以收获很多
34305,1077,蔺宏伟,2017-03-15 02:51:38,-4,3,7,不好啊
34412,1077,蔺宏伟,2016-10-10 02:49:06,0,1,1,想睡觉，完全对着书读
35412,1077,蔺宏伟,2016-11-10 07:14:08,0,1,1,只会拿课本习题讲解，而且有时还给学生纠正
35538,1077,蔺宏伟,2016-11-10 07:25:06,0,1,1,深度催眠
35625,1077,蔺宏伟,2017-01-16 02:22:47,2,5,3,老师其实很负责，只要认真学一定会好
36489,1077,蔺宏伟,2017-01-19 23:46:58,8,10,2,老师人很好，虽然喜欢对着教材讲，但是全程手写，不用PPT，很辛苦敬业的。而且教材本来就是很根本的
36764,1077,蔺宏伟,2016-12-19 05:13:30,0,2,2,课本课本课本一直念书。。念书还会忘记。。催眠。。。反正自习咯。。绩点就不知道了。。
36835,1077,蔺宏伟,2016-11-16 07:32:09,0,1,1,酸爽严肃
37287,1077,蔺宏伟,2016-11-18 07:56:54,0,2,2,老师很认真负责，讲课虽然基本照书但是也很明白，挺好的老师
38796,1077,蔺宏伟,2019-05-18 04:16:09,-6,4,10,给分差！！！太差了！！！上课全念书！！！催眠。。
38798,1077,蔺宏伟,2016-12-19 05:42:03,0,2,2,听不下去
38826,1077,蔺宏伟,2016-12-19 10:26:52,0,1,1,嘿嘿嘿
39052,1077,蔺宏伟,2016-12-21 01:33:41,0,0,0,照着书本讲课，讲的内容弱爆了，自己看书就好
39309,1077,蔺宏伟,2017-01-17 11:28:34,-1,0,1,老师没让我挂，考前超级虚，考场一脸懵逼～最后给分爽到爆。。。不过确实是自习的让人要睡觉。。。
39586,1077,蔺宏伟,2016-12-26 01:17:34,1,3,2,老师特别好！长的萌。我天，那个胖嘟嘟的脸，好可爱啊。啊哈哈哈哈哈哈
39616,1077,蔺宏伟,2016-12-26 06:58:42,0,1,1,比较照本宣科基本靠自学\n\n但老师态度很好很认真
39809,1077,蔺宏伟,2017-01-17 10:24:28,0,0,0,老师人很认真，超级可爱呢，对于大佬来说可能讲的有点慢，但老师没让我这个渣渣挂掉哎。
39821,1077,蔺宏伟,2017-01-04 07:58:14,1,2,1,虽然老师上课不好玩，但是老师很负责认真的，没好好学对不起他
41817,1077,蔺宏伟,2017-01-18 14:27:24,0,0,0,好好好
43585,1077,蔺宏伟,2017-01-16 14:48:35,2,3,1,很认真很可爱默默自己擦黑板，虽然结巴然后题目有时会讲错，摊手
44016,1077,蔺宏伟,2017-01-17 08:09:38,1,2,1,老师治学态度很好的，人也很好，上课不太引人可能是因为他不讲段子吧！我这种微积分渣渣，作业百分之八十依靠学习解答，考前超级虚的，但是老师没让我挂！
44134,1077,蔺宏伟,2017-01-17 10:06:26,0,2,2,老师很认真。可能对于大神来说，听他的课嫌慢，但是！水平普通的同学，听他的课，一节课接受那么多内容也刚好吸收。
44503,1077,蔺宏伟,2017-01-18 01:51:14,3,6,3,老师其实不太会讲课，但他确实注重书本知识，谁让期中考经常拿书本的题来考.上课的时候不用怕遗漏东西，因为上课纯粹按照书本讲，错过了回去再看一遍就可以了.你给我满绩了，我一定要给你满分！
44693,1077,蔺宏伟,2017-01-18 06:28:15,0,1,1,其实老师上课都一样，但是我真的听这个老师的课想睡觉。其实吧，微积分都看自学的，分数低也不能怪老师。老师人挺好的，有时有点可爱，对待作业很负责，是个还不错的老师
44707,1077,蔺宏伟,2017-01-25 04:42:39,0,0,0,自习就好。全靠自学~~
58817,1077,蔺宏伟,2017-09-18 03:32:28,0,0,0,挺好的，老师超级认真
59116,1077,蔺宏伟,2017-09-19 23:58:13,0,0,0,挺认真的
59629,1077,蔺宏伟,2017-09-25 04:20:38,3,3,0,照着书本读一遍，hhhhhh\n\n
63544,1077,蔺宏伟,2017-12-06 11:12:32,0,1,1,上课只会照书念。。。不如自己看书
66300,1077,蔺宏伟,2018-01-23 10:39:10,2,2,0,很棒的老师
68477,1077,蔺宏伟,2018-01-23 08:59:42,0,0,0,自习不错
68482,1077,蔺宏伟,2018-01-23 09:03:04,3,4,1,老师人很好，尽管有时候会照着书念，条理还是挺清晰的。是我自己没有很认真地学习，但老师没让我挂，很感激
68490,1077,蔺宏伟,2018-01-23 09:16:27,3,4,1,这老师很认真的哇，可能拓展的没那么多。给分也挺好的。
68703,1077,蔺宏伟,2018-01-23 15:48:46,2,4,2,上课就是念课本，拓展东西很少或者说没有，不过确实很认真，客观的评论老师，确实可能能力比较强，备课也很认真，态度很好，但是确实不太会讲课，讲课能力确实和其他老师差了一些。不能说不好，只能说不太会教。
69158,1077,蔺宏伟,2018-01-24 09:10:23,4,4,0,不点名 但是 就算生病也千万别在小测完之前缺课  不然小测分会很低  上课基本是把书上的东西手写一遍 有时候会有几道不是书上的题 可能老师更适合做研究吧
70003,1077,蔺宏伟,2018-01-26 02:37:02,4,5,1,老师好人
86797,1077,蔺宏伟,2018-09-19 01:08:48,1,2,1,老师还是挺认真的，人也很好，就是有时候有点井张（挺可爱的qwq），讲得挺慢的（不过我喜欢）。
88855,1077,蔺宏伟,2018-11-10 06:19:29,1,1,0,自习吧
92528,1077,蔺宏伟,2019-01-02 03:25:51,2,2,0,对于基础不好的人挺好的。上课也没有什么拓展就是课本，给分也还行
94001,1077,蔺宏伟,2019-01-14 23:55:30,4,4,0,老师很用心，虽然我感觉自己不太适合这样的教法，所以上课有时也没认真听，但是老师确实是很认真，打了10分
94505,1077,蔺宏伟,2019-01-17 03:45:47,1,1,0,上课按书讲，但是听老师讲比自己看书更有效率
95295,1077,蔺宏伟,2019-01-19 07:07:21,2,3,1,老师是非常认真的呢！但是确实有照书念的现象，拓展的东西比较少。老师讲课还是比较详细比较慢的，适合我这种数学渣渣。老师小测前也会跟大家说。挺好的。还有老师是真的备课很认真，会自己打印讲课要用的图之类的。希望我微积分能有个好成绩！
95881,1077,蔺宏伟,2019-01-20 07:21:26,1,1,0,虽然就讲课本，但还可以说实话。然后老师讲的说，大学就是为了让你以后遇到这个东西的时候知道是在哪里学的去查资料就可以了。真有道理蛤蛤蛤蛤希望微积分有个好成绩给助教满分助教超好看的也会邮件教你做题目!!
96372,1077,蔺宏伟,2019-01-21 01:25:59,1,1,0,我觉的老师说的没错呀，你课本上的东西都不清楚，为什么还总要老师拓展呢，
96373,1077,蔺宏伟,2019-01-21 01:29:17,1,3,2,老师真的挺好的给人一种憨厚老实的感觉。上课就是课本对于像我这种基础不好的同学来讲还是挺不错的。期末考试考差了最后绩点还有4.5真的挺惊喜的。选上预置的同学可以考虑去听一听。在这谢谢老师了！
96386,1077,蔺宏伟,2019-05-18 03:36:59,-11,5,16,期末估分92  绩点只有4.2   建议不选，自习效果更好
96446,1077,蔺宏伟,2019-01-21 04:05:25,6,6,0,最后卡绩了不过也没办法吧……期末考了67分，老师平时分都给满的，小测以为很差助教似乎也调分了。上课讲的其实够了，老师人也很好，能选就选吧。
96549,1077,蔺宏伟,2019-01-21 06:15:19,1,2,1,上课讲的比较仔细 课堂氛围比较闷 但是仔细听是能听懂的（但是我还是睡过了很多课）老师都是手写的 很认真 感觉是很踏实的教学方式 所以比较适合基础不太好的同学 \n\n助教xgg真的超级好 又帅给分又好 赞他❤️\n\n
96555,1077,蔺宏伟,2019-01-21 06:23:04,2,2,0,老师人很和蔼的那种，上课看到你睡觉玩手机有时会说一句，但不会生气。虽然的确照书念，但是讲的很细致。期中62期末59(个人原因，真的不会)，平时分给满，没挂科，最后绩点3.0，谢谢老师，谢谢帅气的助教。
96559,1077,蔺宏伟,2019-01-21 06:29:56,-1,2,3,老师基本上是照书讲的，但是我觉得想要考好的话不拓展其他内容也没什么问题，我期末的时候就是把书上所有习题都过了一遍，4.5很容易，平时上课也很轻松，基础好的可以自己往后自学做题，有些不明白的老师讲的时候听一下就好。
98159,1077,蔺宏伟,2019-01-23 06:33:19,2,2,0,老师确实几乎照办书本，而且讲课有点小口吃，时常让人为他着急，但总的来说还是有点可爱的，最后一节课还和同学皮。主要是课堂氛围太沉闷了，不过这并不是有的同学不好好听课的理由吧。对于绝大多数同学来说，听课的效果绝对比单纯自习好。助教xgg帅，给分也好，但就是和老师一样佛系，也是照着讲。个人觉得平时分给分好未必是件好事吧，有点违背初衷。
98310,1077,蔺宏伟,2019-01-23 09:58:52,1,1,0,老师虽然是大部分照着书讲，但是超级认真的，而且课本确实是应该好好掌握的。对于一些同学还是很有帮助的。而且，助教超帅哇。
102307,1077,蔺宏伟,2019-02-01 01:21:45,0,0,0,老师很认真的? 。就是确实延伸拓展的东西不多。最后绩点低也是因为我菜啦。。。
102782,1077,蔺宏伟,2019-02-23 03:57:18,-1,0,1,其实老师很认真的，但考试还是要看自己。。。。
105574,1077,蔺宏伟,2019-04-17 01:06:25,-2,0,2,如果你微积分不需要听课，还是可以选他的课的。
106573,1077,蔺宏伟,2019-04-28 07:01:11,2,2,0,老师其实很可爱的，也超级负责
108256,1077,蔺宏伟,2019-05-18 03:41:14,3,3,0,老师讲课超认真的，有点小口吃，很可爱啊啊啊啊啊啊。\n\n
108257,1077,蔺宏伟,2019-05-18 04:16:54,1,1,0,很认真的老师
109193,1077,蔺宏伟,2019-06-11 11:36:49,2,2,0,其实老师很有想法
109667,1077,蔺宏伟,2019-06-19 00:31:54,3,3,0,老师的字有点潦草。想认真听，看板书也看不懂。。。还没有课程群。但我觉得他应该是个好老师
110458,1077,蔺宏伟,2019-06-27 02:25:34,8,9,1,老师其实很认真地每节课在讲，上课从不点名，虽然对那些大佬们来说枯燥无味了一些，但是对数学水平还行的同学来说，每节课跟着思路走应该也能学好的。当然微积分其实到最后都是自学了，因为课堂真的无法解决所有问题，而同学们所追求的高分，关键在于做题技巧，老师只能是以知识点为主、技巧为辅。助教也很认真，小测每次在考前一星期，一学期两次，都是简单题目，帮助回忆一下知识点。老师说过：学习本来就是痛苦的。很对不起老师，我没能坚持下去，期末考面对卷子很多题几乎写不出一个字。老师考试的时候在看大家答卷，提醒大家多写点步骤。其实真的很感谢老师，但是挂科应该是必然了，是自己没努力的结果，希望下次重修的时候自己能坚持住。
111177,1077,蔺宏伟,2019-06-30 10:07:04,6,6,0,老师很认真，从来不点名，想自习或者翘的都随意，感觉其实老师讲得也还行啊，不知道之前为什么只有三点几，助教板书很整齐，平时分的话小测不会给满但是会调分的，最后感谢助教抬我一手
125952,1077,蔺宏伟,2020-09-16 03:32:49,7,7,0,网课不错，开2倍速条理清晰。但是我是真没想到微2的试卷这么难orz
136992,1077,蔺宏伟,2021-06-29 08:08:04,13,15,2,老师很和蔼 其实上课上的也挺好的 人真的很好啊
151340,1077,蔺宏伟,2022-03-01 01:15:32,-14,2,16,听课感觉很不好😞老师教得很认真，但授课模式、语调和内容感觉让人无法顺利领会知识点，听课的时候很难集中注意力很痛苦。果然vjf还是要靠自学吗
157286,1077,蔺宏伟,2022-06-23 00:48:48,4,5,1,老师人温吞吞的，很耐心很可爱，最神奇的是期中不及格的我竟然被捞起来了！！！
157290,1077,蔺宏伟,2022-06-23 01:08:14,2,3,1,海底捞
157291,1077,蔺宏伟,2022-06-23 01:09:19,2,3,1,老师超可爱，真的海底捞！！！
157293,1077,蔺宏伟,2022-06-23 01:13:11,2,3,1,被狠狠海底捞了爱死lhw了
157294,1077,蔺宏伟,2022-06-23 11:04:19,0,3,3,老师从不点名，我自学的，但是学得不太行，期中应该没及格，小测基本靠蒙，期末把能做的做了，写了的题都不到75，他给我总评捞到77了，3.3，是真厉害啊！本来跟室友开玩笑说他让我及格他就是我爹，现在他就是我！的！神！\n\n如果要给点经验的话，就是助教哥哥水平跟我们不太一样，他不知道我们需要什么，所以可以多问助教，而且助教非常耐心，还秒回！他有点小嘚瑟还怪可爱的哈哈哈哈哈
157295,1077,蔺宏伟,2022-06-23 01:20:27,4,5,1,谢谢老师 真的被捞到了 然后老师人很好呀
157298,1077,蔺宏伟,2022-06-23 01:27:35,3,4,1,老师太可爱了吧！！！讲得很细很认真，可能不太适合大佬，但是对我来说刚刚好，原是我太菜，也就这点水平，但老师真的很可爱！！！
157362,1077,蔺宏伟,2022-06-23 04:56:25,0,1,1,感谢老师不挂之恩！！！
157727,1077,蔺宏伟,2022-06-24 13:00:22,15,15,0,给分好，不点名，助教和老师都会捞\n\n听课的话都是听半截，因为略显无聊，习题课很有价值，会讲解题方法，但是数学课应该都是全靠自己的\n\n老师学术水平很高，应该是研究型教师。助教比较有趣，还很捞\n\n应该是把我往上捞了，我是上一档绩点最低分
193535,1077,蔺宏伟,2024-06-12 12:51:25,1,1,0,拓扑数据处理讲的还行（毕竟浙大就他一个人讲），可惜不合我的口味。有志于计算拓扑的同学冲就对了。非数学系跨专业的同学选这个也行，但不是非常推荐。
2928,1080,朱建新,2015-05-11 08:20:42,10,27,17,老师讲的很好，只是最后绩点为何这么低，不太明白。上机试验他都在，会与大家私下交流
3980,1080,朱建新,2015-06-17 11:51:28,5,15,10,给分太低，上课不错
6796,1080,朱建新,2015-07-23 03:41:40,-21,20,41,讲课还可以，但是给分太低了吧！！！一门通识课就让我和国奖无缘了
19255,1080,朱建新,2016-01-23 16:12:33,0,1,1,幽默风趣的老师…就是不太听得懂
19434,1080,朱建新,2016-01-24 08:17:20,5,8,3,坑坑坑
19439,1080,朱建新,2016-01-24 08:21:37,7,11,4,坑死老子了，随便打1.5
19441,1080,朱建新,2016-01-24 08:26:51,6,9,3,呵呵，怎么变等级制了
19448,1080,朱建新,2016-01-24 08:42:26,6,9,3,给分太太太太太低
19454,1080,朱建新,2016-01-24 09:05:01,9,11,2,能不能好好打分，别乱打个等级
19505,1080,朱建新,2016-01-24 12:24:19,6,9,3,有史以来第一次在数学建模课上体验到了绩杀的感觉!这么给你们说吧，最终成绩与你数分高代的成绩是没有关系的，就1.5。适合旁听，但不适合上课!学弟学妹慎选!
19705,1080,朱建新,2016-01-25 06:29:43,-9,8,17,超级好的老师，科算给满了，通识课不听拿1.5怪谁？
19979,1080,朱建新,2016-01-25 18:44:54,3,4,1,数学建模通识是一门绩点与知识二选一的课。不可兼得。从某种意义上说，老师期望值过高。补充一句：即便是听了，也不一定拿高分。特别对大一大二数学底子薄的同学。
20555,1080,朱建新,2017-01-03 04:55:44,3,5,2,呵呵，完全听不懂，给分超低，收获了第一门60分，再见
23149,1080,朱建新,2016-03-20 08:02:02,1,1,0,666
26350,1080,朱建新,2016-06-17 04:56:38,12,14,2,不提通识课，就专业课来说，讲道理朱建新老师真的是一个好老师，科学计算上的很好啊，而且风趣幽默，分数这么低有点说不过去
26878,1080,朱建新,2016-06-21 12:14:22,-1,0,1,讲得好
27113,1080,朱建新,2016-06-23 03:40:29,2,4,2,我个人比较偏向于课的内容 不是很在意绩点 所以我对朱老师十分满意！建模课非常有料 不像微积分那样简单而死板无聊 而且老师幽默人特好！～
29203,1080,朱建新,2016-06-29 11:53:07,1,3,2,卧槽，给分这么低是要死啊，认真复习还被杀，上大学第一次被杀！真心绩杀啊
29572,1080,朱建新,2016-06-30 03:54:44,3,9,6,老师讲课挺好的。那篇建模的作业好好写，平时认真听讲，考试前把讲过的内容过一遍，最后自然就是优秀。那些说绩杀的大部分是平时没怎么付出，因为这门课不水，给分偏低也是正常的，所以和其他的水课也不能相提并论。
30049,1080,朱建新,2016-07-01 00:59:09,2,3,1,给分呵呵
30757,1080,朱建新,2016-07-02 11:43:19,2,3,1,朱老师上课好好的，但是这个等级制而且最后的成绩真的是服啦，慎重选择适合旁听
37965,1080,朱建新,2016-11-22 10:46:02,0,1,1,上课认真 给分看你付出程度了
41324,1080,朱建新,2017-01-10 14:50:53,1,3,2,科学计算上的很好！讲课也很风趣幽默的说，最后给划重点，希望出分好～还有通识自己没好好学拿个低分能怪谁..
41540,1080,朱建新,2017-01-12 07:04:51,3,4,1,老师画的重点都考了，考不考的好就看命了，老师是我见过浙大里比较认真负责的老师，还是很喜欢老师的
43529,1080,朱建新,2017-01-16 12:35:28,2,3,1,太恶心了，我文科生，三轮低定点选课没办法才选了，建模作业四千多字，考试七题里只会三题（不一定对），直接不及格，通识课挂了呵呵，发邮件想问问详细原因，完全不理人。
43532,1080,朱建新,2017-01-16 13:31:35,0,1,1,老师很有趣 给分超级低 超级低 超级低
43785,1080,朱建新,2017-01-17 08:30:51,-1,1,2,好像从良了？
45165,1080,朱建新,2017-02-01 00:55:51,8,14,6,上课笑嘻嘻，考试给分低，浙大一垃圾！
45174,1080,朱建新,2017-01-19 05:42:12,-1,3,4,wcnmlgb
45259,1080,朱建新,2017-01-20 14:26:16,1,4,3,有些人什么素质啊，自己考不好就来骂老师？有病吧，是不是不知道教养这两个字怎么写啊。虽然我期末分也很低，但是朱建新老师确实是个好老师，上课很有趣，也很认真负责，对数学在工程上的应用很有心得。
46391,1080,朱建新,2017-01-21 12:47:21,0,1,1,老师上课真的很棒 讲的很清楚 也很负责 但是给分确实不好 期末考试几乎没错也只有4.2 身边最高也不过4.5
65978,1080,朱建新,2018-01-10 14:41:51,0,0,0,给我一种相当数学家的冲动
108445,1080,朱建新,2019-05-24 07:25:26,0,0,0,写的教材好烂。。。。\n\n
123852,1080,朱建新,2020-06-15 03:36:06,0,0,0,给分不正常
74,1180,应文隆,2017-12-22 09:07:59,49,79,30,该老师的课很给力，上课干货多，学生能听懂，给分不赖，而且不点名～～～
76,1180,应文隆,2015-03-14 15:40:36,26,42,16,很负责任
121,1180,应文隆,2015-03-14 16:00:50,170,194,24,循循善诱，懂得怎样能让学生听懂。举一反三，态度严谨，是个好老师。
139,1180,应文隆,2015-03-14 16:06:47,8,26,18,讲课非常清楚，认真听必得满绩！
519,1180,应文隆,2015-03-15 04:07:18,72,106,34,条理清晰～只要认真听课加做作业偏微就满了。老师经验很丰富
1087,1180,应文隆,2017-07-02 14:45:08,4,11,7,棒！思路很清晰
1518,1180,应文隆,2015-03-22 10:03:43,-18,21,39,讲得不怎么好，
1718,1180,应文隆,2015-03-23 12:42:36,1,11,10,老师讲课清楚  微二  还是很好的
1774,1180,应文隆,2015-03-24 09:32:05,11,19,8,绝壁良心，没有之一
1831,1180,应文隆,2015-03-26 01:20:59,1,7,6,真心好老师
2219,1180,应文隆,2015-04-10 09:08:13,-6,23,29,给分不怎么样啊。
2714,1180,应文隆,2015-05-06 03:25:34,11,18,7,可以把课程讲得很容易听懂，干货很多，蛮可爱的一个老师(・ω・)ノ
3527,1180,应文隆,2015-06-17 01:28:40,2,6,4,很认真的老师
3768,1180,应文隆,2015-06-17 03:48:46,1,7,6,一个好老师，条理清楚
3882,1180,应文隆,2015-06-17 07:21:52,-16,17,33,微积分讲得不咋地\n\n
4021,1180,应文隆,2015-06-17 14:07:04,1,5,4,上课很好
4431,1180,应文隆,2015-06-23 02:53:00,-21,13,34,给分好，但课不是很有条理
4658,1180,应文隆,2015-06-25 16:55:11,0,4,4,好
6565,1180,应文隆,2015-07-15 09:25:45,7,11,4,绝对好老师！赞一个
7550,1180,应文隆,2015-09-15 03:26:56,4,10,6,老师很谦虚人也很好 有的时候喜欢调侃自己 上课很平静有耐心 喜欢他的课
7833,1180,应文隆,2015-09-15 14:25:06,2,7,5,不错，讲解清楚
9676,1180,应文隆,2015-11-04 07:28:56,2,8,6,好！好！好！
9729,1180,应文隆,2015-11-06 05:24:48,132,151,19,真心希望有些年轻教师多向这样的老教师学习学习。另外，也希望这样的好教师能得到更好的待遇（而不是一个“讲师”的职称）。
9966,1180,应文隆,2015-11-13 09:50:36,-4,4,8,很清楚
9971,1180,应文隆,2015-11-13 13:02:02,-1,4,5,老师讲的很好，不过上复变睡了好多次，对不起老师....π_π
10063,1180,应文隆,2015-11-15 07:29:15,6,10,4,严肃 认真负责，好老师！
11046,1180,应文隆,2015-11-24 03:58:59,12,17,5,分数还没出，我要炸了
11252,1180,应文隆,2017-01-23 01:34:15,17,27,10,感觉应老师给分很求是，出分虽然慢，但给分蛮好，讲课思路很清晰，讲课水平高。
11254,1180,应文隆,2015-11-26 02:57:19,6,10,4,超好的老师
11281,1180,应文隆,2015-11-26 08:24:42,0,5,5,给分超好，讲课也很棒！
11373,1180,应文隆,2015-11-29 09:31:37,7,11,4,挺好的   主要自己太笨
14036,1180,应文隆,2016-01-04 02:29:40,10,15,5,体贴而细致\n\n
16668,1180,应文隆,2016-01-18 16:35:42,-3,3,6,还没上过，感觉不错
18704,1180,应文隆,2016-01-22 11:12:24,-2,5,7,超级认真负责的老师 讲得非常清楚仔细 就是棒
19296,1180,应文隆,2016-01-23 23:43:22,-2,5,7,超级好的老师
20272,1180,应文隆,2016-01-31 12:04:17,10,14,4,………
20276,1180,应文隆,2016-01-27 01:36:06,-2,5,7,学到很多，很有经验的老师～
20457,1180,应文隆,2016-01-27 15:23:34,1,4,3,啊啊啊啊啊啊啊啊啊啊啊啊啊啊啊啊啊啊啊 别让我挂什么都好说
20458,1180,应文隆,2017-12-22 11:19:39,5,13,8,日了购了的。。。。。\n\n
20463,1180,应文隆,2016-01-27 16:09:39,0,5,5,好老师，认真听，很无压力
20561,1180,应文隆,2016-01-28 10:59:02,-2,4,6,非常好！希望给分也一样的好 \n\n
20566,1180,应文隆,2016-01-28 12:27:05,16,21,5,偏微还木有出分啊啊啊啊.....
20636,1180,应文隆,2016-01-31 15:51:35,13,21,8,楼下挂科的兄弟估计是做出来的也错了，老师给分蛮好的，完完整整做出来两道题就及格了，其他题写写步骤也就上4了，毕竟偏微这门课均绩都3.86，老师很仁慈了
20645,1180,应文隆,2016-01-29 09:51:48,0,4,4,应老师讲课很棒，会站在同学的角度去思考，是个好老师。
20686,1180,应文隆,2017-09-18 13:04:10,23,37,14,是死是活给个痛快的 出分能快点吗\n\n
20696,1180,应文隆,2016-01-30 02:32:36,0,4,4,真的好！
20766,1180,应文隆,2016-01-31 08:00:58,11,15,4,讲真，讲的超清楚，只是等待出成绩实在煎熬，毕竟偏微怕挂
20784,1180,应文隆,2016-01-31 11:50:28,2,6,4,虽然老师上课的风格我不太喜欢，出分也挺慢，但还是要跪谢老师让我偏微没挂
20785,1180,应文隆,2016-01-31 11:50:36,6,9,3,给分求是………
20786,1180,应文隆,2016-01-31 11:50:46,-2,2,4,老师讲得很清楚
20787,1180,应文隆,2016-01-31 13:14:25,0,7,7,老师讲课很认真，不以考试为目的，不过考试的重点也提示到了，虽然出分比较慢但给分真的很好，只做出了一半题的我也有4。
20795,1180,应文隆,2016-01-31 13:04:38,7,15,8,求老师联系方式，我考试的时候估过分，绝对不可能挂呀，怎么会只有40几，求求求，大力求
20800,1180,应文隆,2016-02-01 01:23:26,2,6,4,系里一部分是他的偏微分 给分明显没有另一个老师好 心碎
21023,1180,应文隆,2016-02-10 11:25:42,15,23,8,我想知道为什么老师的微3平均绩点这么低。谁能告诉我？
23161,1180,应文隆,2016-03-21 00:20:42,5,9,4,很棒的老师，能讲课，会自嘲，有趣又有货
23640,1180,应文隆,2016-04-11 09:16:59,8,12,4,好老师。鼓励学生问问题，即使是一些看起来很傻的问题也会仔细解释。
23697,1180,应文隆,2016-04-13 01:51:30,-16,11,27,想不明白学习帝评分为何如此高，这老师讲课明明烂的一b，板书胡画，不知所云
23706,1180,应文隆,2016-04-13 05:28:09,0,3,3,老师很好，很认真，超喜欢，很亲切
23883,1180,应文隆,2016-04-20 01:38:36,0,3,3,好好好
23909,1180,应文隆,2016-04-21 01:10:40,1,5,4,老师超级好。。如果挂科，那只能是我自己的问题了= =
24174,1180,应文隆,2016-04-28 05:47:15,1,2,1,还好吧
24496,1180,应文隆,2016-04-30 21:43:36,5,8,3,出分慢
24534,1180,应文隆,2016-05-01 07:22:39,17,24,7,出分能再慢一点吗
24652,1180,应文隆,2016-05-03 02:15:05,3,14,11,脑子有问题。给分烂到一种境界，讲课不所云。
24657,1180,应文隆,2016-05-03 02:49:03,7,9,2,老师应该是蛮好的，很和蔼？不过最后的成绩自认为不是很满意，多半应该是我自己的问题，但是老师给分应该也是没说的那么好，因为我觉得平时分应该给的不高。不过还是得靠自己吧，反正平时也不是很努力气，没挂就谢天谢地了。
24659,1180,应文隆,2016-05-03 02:58:33,11,21,10,有谁觉得平时分给的超低的吗？？\n\n成绩出来我不敢相信！！！
24669,1180,应文隆,2017-01-22 04:20:55,1,6,5,\n\n\n\n\n\n
24676,1180,应文隆,2016-05-03 04:35:36,0,3,3,老师很谦虚，很为学生着想，微二上得很好，感觉重点很明确
24677,1180,应文隆,2016-05-03 04:36:44,-6,3,9,这老师慢吞吞的，但是给分超棒！
24717,1180,应文隆,2016-05-03 07:44:35,0,1,1,感觉，给分，对得起自己。
24719,1180,应文隆,2016-05-03 08:01:26,0,1,1,好老师，很负责
24724,1180,应文隆,2016-05-03 08:07:08,0,2,2,老师讲得很仔细，给分超好，人也超好，最后复习会给思路，我觉得挺好的～
24779,1180,应文隆,2016-05-03 14:26:19,0,1,1,老师很棒，态度谦和，讲话慢条斯理的，但丝毫不影响进度，还有种莫名喜感，喜欢！
25214,1180,应文隆,2016-05-08 10:52:35,21,24,3,老师非常谦逊，又很有耐心，一道题连着两个礼拜都在讲，因为总有同学没听懂来问老师。给分也好，自己又很有实力，这样的老师上哪找去！为应老师赞一个！
25359,1180,应文隆,2016-05-16 03:11:12,5,8,3,原来不是金显啊
25781,1180,应文隆,2016-06-08 04:35:18,6,8,2,不管，就是要给十分
25789,1180,应文隆,2016-06-08 09:14:21,9,11,2,满分不解释 越来越喜欢
26021,1180,应文隆,2016-06-15 05:50:20,1,2,1,还比较负责任，挺好的
26086,1180,应文隆,2016-06-15 14:16:46,1,2,1,只要认真听，收获满满，好评
26221,1180,应文隆,2016-06-16 09:53:37,14,20,6,好老师，虽然只是讲师，但我觉得他可能是不屑于评职称，童雯雯也一样吧，讲课水平也都是一流，如果上应老师的课还挂科肯定是自己的问题
26227,1180,应文隆,2016-06-16 10:04:49,-5,4,9,不适合偏微就别讲
26309,1180,应文隆,2016-06-16 18:56:47,3,12,9,我也很奇怪……为什么评分这么高……微积分讲得是真不怎么样……学生也没有积极性……而且今年微二均绩好低>3<hhhhh
26385,1180,应文隆,2016-07-03 08:12:41,0,3,3,微二微三都是他，微三考得比微二还要好，开心！讲课超赞\n\n
26991,1180,应文隆,2016-06-22 05:26:54,1,1,0,老师很有耐心会来比较早和你交流，而且给分好
27141,1180,应文隆,2016-06-23 07:08:37,2,2,0,???
27749,1180,应文隆,2016-06-27 10:52:13,1,1,0,很认真的好老师
28202,1180,应文隆,2016-06-28 08:15:35,1,1,0,上应老师的数学课真的很享受啊，逻辑思路清晰，会举一反三，复变和常微都上的很舒服
28396,1180,应文隆,2016-11-10 08:55:02,0,2,2,讲课节奏很适合学生接受，给分也不错，问问题也耐心回答，好老师！
28415,1180,应文隆,2016-06-28 08:54:30,3,4,1,老师人好，课也讲得好，可能偶尔会想睡觉，不过醒着真的收获满满，就算学渣也能理解的！
28580,1180,应文隆,2016-06-28 10:36:12,3,4,1,老师真的很好！因为老师而重新爱上了微积分，以后还要去旁听老师的课。
28810,1180,应文隆,2016-06-28 15:58:56,1,1,0,老师讲课很细致 循循善诱 经常让我们自己去推导公式不要硬背
29363,1180,应文隆,2016-06-29 15:44:07,0,2,2,好老师 该讲的技巧都讲了 而且十分有用
30768,1180,应文隆,2016-07-02 12:25:05,3,3,0,啥也不说了，求快出成绩～另外问问微三只完整做出六道题，其他两三道没写到底能及格么～心里好慌…听说还没有平时分？
30967,1180,应文隆,2016-07-03 04:43:00,0,1,1,可爱的老师
31069,1180,应文隆,2016-07-03 07:41:45,3,3,0,微3的均绩也太低了吧，给分什么情况啊
31082,1180,应文隆,2017-01-21 04:56:46,4,6,2,偏微第一门考的诶…倒是赶紧出分啊！
31085,1180,应文隆,2016-07-03 08:06:01,0,1,1,大爱～本来以为微三会习惯不了上课风格，但是每一节课都听的超认真，因为老师讲的棒棒哒！！
31241,1180,应文隆,2017-01-22 09:16:31,4,5,1,不服啊\n\n
32015,1180,应文隆,2016-07-05 11:19:55,1,2,1,讲的不错，感觉微三给分差
32186,1180,应文隆,2016-07-06 01:53:52,0,2,2,讲的不错
32484,1180,应文隆,2016-07-07 05:28:57,1,2,1,有点缺乏激情。。
32714,1180,应文隆,2016-07-11 07:03:12,3,4,1,除了给分不好，其他都还OK
32887,1180,应文隆,2016-07-22 12:00:53,-3,1,4,微积分老师中难得的一股清流
33990,1180,应文隆,2016-09-24 13:36:20,5,6,1,不否认老师是个好老师，但是老师上复变函数没有课件呀，习惯于于课后课件复习的同学慎选
35362,1180,应文隆,2016-11-09 07:04:24,-3,0,3,讲课认真细致，思路清晰，态度温和，绝对的好老师！！！
35390,1180,应文隆,2016-11-09 16:30:48,0,2,2,好老师。。。。
35518,1180,应文隆,2016-11-20 13:48:11,26,31,5,老师讲的倒是挺好，但是给分。。。。至少我觉得我考的并没有那么差
35555,1180,应文隆,2017-01-21 06:59:17,3,6,3,隆哥求出分
35664,1180,应文隆,2016-11-10 07:40:52,-3,0,3,真的好老师，有时候还有一点萌hhh
35697,1180,应文隆,2016-11-10 07:47:53,-2,0,2,老师特别亲切 讲的也很清楚
36212,1180,应文隆,2016-11-11 05:47:47,-2,2,4,老师很耐心，循循善诱，超好
37738,1180,应文隆,2016-11-20 13:07:56,8,15,7,复变课上的一般般，比起大一的微积分好老师们感觉差太多，而且出分慢还给分不好，至少我觉得考试成绩没有那么惨
37750,1180,应文隆,2016-11-20 16:13:47,1,3,2,上课挺好的吧，只是怪我太渣。但这出分速度真是慢啊！！
37797,1180,应文隆,2016-11-21 06:06:13,0,2,2,就是出分慢，其他都好，上课证明讲的很详细
37825,1180,应文隆,2016-11-21 08:44:58,-4,0,4,讲得超级好！
37903,1180,应文隆,2017-01-26 09:34:36,2,5,3,出分出的慢就算了，还没有平时分，exm？？？这也太不公平了吧！！！
38324,1180,应文隆,2016-11-30 02:49:55,6,8,2,根本没有平时分。。
38404,1180,应文隆,2016-12-02 09:42:24,2,3,1,黑粉底
38746,1180,应文隆,2016-12-16 12:07:36,0,2,2,挺好的，有内涵的幽默的老师
38774,1180,应文隆,2016-12-19 01:17:51,5,20,15,评论里都把这老师夸上天了……\n\n为什么来上课的人越来越少？为什么上课的也有近三分之二在玩手机？为什么作业有近半数是抄答案（老师统计的）？\n\n我相信这绝不仅仅是因为偏微分比较难，老师确实讲课缺乏激情，太死板太没劲。难道就因为最后给分客观就要给这老师这么高的评价？或许是学霸的世界我们不懂……
39558,1180,应文隆,2016-12-24 14:53:05,-1,4,5,非常感激老师！复变和偏微都是老师教的，复变自己没怎么学，偏微决定好好学了，才发现老师讲的太好了，经验丰富，讲得非常容易理解，让我少走了很多弯路。偏微把微积分、常微、复变综合了，可以说应老师是学习数学的大一统者。
40651,1180,应文隆,2017-01-13 05:18:25,4,6,2,刚考完偏微，来拜一波，求不挂
44470,1180,应文隆,2017-01-18 00:52:19,3,3,0,老师人很不错，但是课真的太难了，不过出分据说到过年
46037,1180,应文隆,2017-01-20 13:02:59,6,6,0,绝对好老师，但请出分快一点
46335,1180,应文隆,2017-01-22 10:19:53,13,15,2,考试往死里考，往满了考，别指望师生情让你满绩
46741,1180,应文隆,2017-01-22 08:58:32,8,10,2,课上的好，但是。。。。感觉给分好烂啊。。。
46750,1180,应文隆,2017-01-22 09:16:22,4,7,3,给分有问题。有的人好好学了做了不少还是低，有的人根本没好好学所以给的分好，所以才会有人说给分好吧？根本不求是。
46755,1180,应文隆,2017-01-22 09:22:31,4,6,2,创下了我数学类课程的最低分尽管自己觉得偏微分学的很好老师出分能跟慢一点吗
46766,1180,应文隆,2017-01-22 09:40:18,6,11,5,这种出分速度配上这种xx的给分我也是醉了，学的认真却没能得一个好分数，心塞\n\n
46767,1180,应文隆,2017-01-22 09:41:36,4,5,1,所以真的没有平时分？分和我估的卷面分差不多诶。好想发个信息给老师问问。
46806,1180,应文隆,2017-01-22 11:01:46,-6,4,10,垃圾老师垃圾课
46880,1180,应文隆,2017-01-22 15:37:23,0,3,3,可以看出来老师是很有内涵的，集大学数学之大成，上课也会注意一般同学的感受，建议后面比较坑的数学科技就选他的好啦，比较能够适应
46886,1180,应文隆,2017-01-22 16:19:53,-9,1,10,只要听，哪怕一次课，也能过。\n\n
46912,1180,应文隆,2017-01-23 01:35:45,-4,3,7,我觉得老师给分很好啊..讲的也好 复变偏微分都是他
48851,1180,应文隆,2017-03-15 01:54:49,0,2,2,感觉老师超级温柔的呀 慢悠悠的 思路辣么清楚～但一点也不会让我感到困倦～超级喜欢～
49047,1180,应文隆,2017-03-22 12:10:46,3,3,0,666666666
51543,1180,应文隆,2017-06-07 03:59:52,0,1,1,讲课很有条理
52019,1180,应文隆,2017-06-14 07:17:32,0,1,1,多重积分那块讲了些有关怎么想图形的技巧和方法。讲课有很多使用的技巧，并不是公式定理的堆砌。比较容易理解。
52389,1180,应文隆,2017-06-19 12:04:13,0,3,3,数科院我最尊重的老师，很谦虚，很有实力，会和学生交流
52539,1180,应文隆,2017-06-21 03:02:21,0,1,1,这个老师上课真的很棒啊。就是声音有点让人想睡觉。上课讲的很棒！
54221,1180,应文隆,2017-06-28 17:49:40,1,3,2,以一种学者的风度讲课，深入浅出，循循善诱。除了讲课水平，还被老师那种旧时学者的风范打动。。。
56239,1180,应文隆,2017-07-03 10:03:40,0,2,2,极佳，人超级棒，逻辑清晰，为人和蔼坦诚，好老师～\n\n
56248,1180,应文隆,2017-07-03 10:22:24,14,16,2,隆隆很厉害，人狠话不多。实力贼强，有种世外高人的感觉。还很会卖萌ớ ₃ờ，口头禅“我再啰嗦几句”。最后分不好不能怪老师，是自己太菜期末考分低。
56273,1180,应文隆,2017-07-03 11:15:17,4,7,3,微二成绩哭晕在厕所，但老师讲课是讲得真好，下学期是他的复变，好好学，争取上4。。？
56314,1180,应文隆,2017-07-03 13:06:10,4,7,3,预置的老师的微二，当时很多人让我换老师，我没换。半年下来，真的觉得自己的决定是正确的。老师讲的真的很好，人很和善，很谦逊。星期一的课都会先讲评上星期的作业。最后还是自己不努力，勉强才过。但是讲真心话，应老师真的是好老师，真心希望学校给他的不仅仅是个讲师的职称。
56921,1180,应文隆,2017-07-05 03:24:03,3,4,1,上课干货足，注意听的话收获会很大。虽然有时候讲课有些无聊。
57139,1180,应文隆,2017-07-05 15:52:56,-3,5,8,给分真的真的很低
58064,1180,应文隆,2017-07-28 02:54:06,2,11,9,不明白为什么老师评分这么高。大家自己看看，微甲二均绩才2.6\n\n老师讲课我不评价，给分只能说绩杀。\n\n能选陈锦辉还是选陈锦辉吧
58830,1180,应文隆,2017-09-18 04:27:43,0,1,1,认真听还是有收获的吧...
61225,1180,应文隆,2017-11-12 15:08:07,12,14,2,我觉得他是我见到过的最稳的数学老师
61597,1180,应文隆,2018-03-01 01:38:21,9,11,2,超级棒的老师，好评
61639,1180,应文隆,2017-11-19 13:13:00,9,10,1,虽然我可能天生和数学八字不合五行相冲，但是听应老师的课真的很舒服，这在我遇见的所有数学老师里面是第一个，给应老师打call！
61889,1180,应文隆,2017-11-21 11:30:43,5,5,0,话不多说，应文隆老师就是我男神!
62298,1180,应文隆,2017-11-24 04:48:55,1,1,0,出分是真的慢
62836,1180,应文隆,2017-11-27 06:24:54,1,2,1,老师真的讲的好，从学生的立场出发，从学生的角度思考，笑话也很冷。。上学期微积分也是应老师的，但是自己没考好，这学期复变也是他的，考的很好。。
62837,1180,应文隆,2017-11-27 06:25:30,0,1,1,讲的有条理，很清楚，就是出分略慢
62869,1180,应文隆,2017-11-27 07:45:52,1,2,1,挺好的老师
62885,1180,应文隆,2017-11-27 08:43:19,1,1,0,老师好啊好老师（出分慢主要是因为老师班多）
63513,1180,应文隆,2017-12-05 14:50:23,1,1,0,真的好老师，复变讲的特别特别好，强势安利
63518,1180,应文隆,2017-12-06 01:44:57,1,2,1,偏微分讲的超好 很有条理
63645,1180,应文隆,2018-01-15 07:36:56,2,5,3,虽然老师给了我3.3，但是我还是要给他打10分！！！！！讲课超好！！！\n\n一个字，稳！！！！！！！
63735,1180,应文隆,2017-12-13 15:41:46,0,1,1,特别好的一位老师，循循善诱，特别有耐心，不是他班上的学生，答疑去问问题他都特别耐心的讲解。上课超认真，为人很谦逊
65096,1180,应文隆,2017-12-28 17:09:34,2,5,3,大概是经历过所有数学课的老师中，我最能接受他讲课方式的一位好老师了！除了出分慢这个大bug…
65118,1180,应文隆,2018-01-05 02:25:55,1,4,3,满分满分！如果我的微积分是老师上的话，估计绩点就不会那么辣鸡了……讲得很清楚，对于我来说，完全不会让人犯困
69374,1180,应文隆,2018-01-24 14:33:06,0,1,1,
71600,1180,应文隆,2018-01-28 16:26:22,1,1,0,
72002,1180,应文隆,2018-01-29 07:50:38,1,3,2,偏微还没出分，但是觉得老师讲得真的很好。有些当时上课听不懂的东西，后来在复习时遇到困惑一翻笔记就发现当时没理解的东西正是这些容易产生困惑的地方。不过工科偏微考得内容少，所以有些不考的地方上课没仔细听……所以我考完了还没弄明白老师最后两堂课讲的格林函数什么的θ..θ
73458,1180,应文隆,2018-02-01 14:58:04,3,5,2,讲的是不错；但是总评分=卷面分？(大概的猜测，因为没看到过最后批改的试卷)
73460,1180,应文隆,2018-02-01 15:01:41,3,6,3,之前数学一直不好，也没好好学。听老师的课总有种很自然，很亲切的感觉。应老师和陈锦辉老师是我上过的感觉上最自然，最负责，最能让人听懂的老师。习题不多，每题做透就好！强烈推荐！！！（ps:我上的是复变和偏微分\n\n）
73477,1180,应文隆,2018-02-01 15:37:09,7,7,0,考试没考好，难过
73502,1180,应文隆,2018-02-01 23:40:42,4,7,3,上的是老师的偏微分，讲的太好了，作业也不多，重点是讲的思路，每节课都很有收获，真的超喜欢老师，工科的偏微分考试的内容比较少，也比较容易，就是我没考好，难过，但是并不影响我给老师打十分！
74349,1180,应文隆,2018-02-13 03:25:52,1,4,3,给分挺好的
75404,1180,应文隆,2018-03-11 02:12:07,4,7,3,循循善诱，有问有答，让人能冷静思考
76423,1180,应文隆,2018-04-09 01:58:12,-3,10,13,感觉他上课我都活在梦里\n\n还是上学期微一的老师讲的清楚给分好
77958,1180,应文隆,2018-05-09 03:25:45,4,10,6,最良心的老师没有之一。大二才遇到是我的损失了...听完他的偏微不过瘾，又特地跑来旁听微积分.jpg
79310,1180,应文隆,2018-05-30 16:17:34,2,12,10,可能我不适应他讲课  我觉得特别无聊而且讲得不清楚 一节课认真听还是听不懂 和cjh老师还是有差距。
79407,1180,应文隆,2018-06-04 02:19:07,4,7,3,节奏太慢了
81106,1180,应文隆,2018-07-04 02:53:30,3,5,2,老师是真的特别好。但是，老师对不起，我拖后腿了，真的很抱歉。如果再给我一次机会，我一定好好听你的每一节课。
82399,1180,应文隆,2018-07-08 06:18:38,4,6,2,嘤老师出分真慢。。\n\n\n\n\n\n\n\n\n\n\n\n\n\n\n\n\n\n10分好老师！
82402,1180,应文隆,2018-07-08 16:09:42,8,13,5,小测不给满 期中不调分 …我…
82570,1180,应文隆,2018-07-08 14:03:28,2,5,3,助教小姐姐认真负责好看，平时分，小测4道题目，做对一道给满
82591,1180,应文隆,2018-07-08 15:28:11,10,13,3,微积分 完全不感觉老师讲的好 可能是我不适应这个老师讲课风格吧 助教期末给分迷… 哇的一声哭出来。
82599,1180,应文隆,2018-07-08 16:01:46,4,7,3,纯个人看法：老师是个好人。但是课还有助教，就，没意思。【微甲二 哇
82604,1180,应文隆,2018-07-08 16:21:48,-5,3,8,老师人很好，给分也很好。
82609,1180,应文隆,2018-07-08 16:57:59,0,9,9,老师上课确实不咋滴，听了一节课后就果断弃课，去蹭了一个学期将云伯伯的微二，结果期末考试卷面成绩上90了，但平时分惨不忍睹，所以别相信tm的什么师生情吧，一切靠自己，这种老师给分真的很迷……
82622,1180,应文隆,2018-07-08 22:27:38,5,8,3,平时成绩只有67的了解一下？\n\n作业小测每次都去\n\n小测满了一次 还有一次没满\n\n平时成绩67\n\n感觉很不公平 \n\n微二甲
82630,1180,应文隆,2018-07-09 00:49:03,5,6,1,老师人很好，上课也不错，但感觉助教……（小测成绩会登错，而且小测是自己撕一张纸做的，不是写在作业本上，所以那张纸一定要保管好……）然后，给分很严谨，真的很严谨，不要抱有任何幻想。期中期末考得好就行。
82662,1180,应文隆,2018-07-09 02:30:47,-1,1,2,感谢老师微积分不杀之恩
82697,1180,应文隆,2018-07-09 03:35:02,-3,8,11,老师讲的调理清楚，助教姐姐也很认真负责。哪些说老师和助教不好的同学大多数是自己的原因。老师和助教都尽量给我们好的分数，但自己做的太不好了神也没办法，不要怪别人，你自己考试考好了，上课和作业认真做了怎么会成绩不好？？？
82703,1180,应文隆,2018-07-09 03:43:24,3,4,1,平时分给分好迷啊....
83172,1180,应文隆,2018-07-10 01:05:41,2,2,0,能接受老师讲课方式的就听，听不懂的就自学。（唉老师真的很辛苦了，下面一堆玩手机的）
83833,1180,应文隆,2018-07-11 09:29:10,-30,1,31,自己渣不要怪老师。助教习题课几乎点名，老师上课也从不点名。小测四道题写两道出来就满分。这老师怎么不好了啊?我平时分满分，微二第一次满绩!谢谢老师
85323,1180,应文隆,2018-07-17 04:36:01,12,17,5,应老师为人很谦逊，讲课没得说，毕竟是从教多年的老教师了，也很尊重学生，值得尊敬的好老师。应试方面，期末的时候也很认真的在答疑，微信上单聊也是有问必回。真的不懂一些人，数学学了也有十几年了吧，应该明白学好数学，从来都是“师傅领进门，修行靠自身”。自己不花心思，成绩不好了怪老师不调分，考试完了寄希望于不劳而获。想必诸君还记得校训那笃笃定定的二字：求是。与君共勉。
87361,1180,应文隆,2018-09-27 11:49:31,7,11,4,讲课感觉有点飘，不太注重基础和推导。感觉是因为觉得学生都很厉害
89028,1180,应文隆,2018-11-14 09:16:31,3,4,1,有点听不懂
89416,1180,应文隆,2018-11-19 03:53:34,0,2,2,老师人很好 讲得很棒 但是为什么还不出分啊?
90170,1180,应文隆,2018-11-22 10:11:05,0,1,1,666
90376,1180,应文隆,2019-01-26 16:54:23,-46,7,53,说偏微分很简单预习了半天就满了的那个SB求求你要点b脸吧，别出来丢人了
90390,1180,应文隆,2018-11-23 10:38:08,-54,2,56,不明白为啥只给我99，明明考试全对
90483,1180,应文隆,2018-11-23 15:45:57,14,23,9,楼下4.8那个，装逼很有意思吗?那我告诉你为啥只有4.8，因为你菜，我认识的人一大把5.0的。你以为你4.8装了个好逼?对不起，你这个b没装起来。
90562,1180,应文隆,2018-11-24 05:41:55,3,4,1,感天动地好老师\n\n
90739,1180,应文隆,2018-11-25 13:52:31,-23,3,26,应老师讲课不注重基本的概念，一节课上来直接就开始探讨所谓“最难“的问题，最“关键”的问题，所以可能只适合课前能把书比较好的预习过的同学。      而且应老师推导的时候总是指代不清，东提一句西提一句，用”这个“、”那个“来指代他写在黑板上的式子，让人看得云里雾里。    总的来说，就是一种把新课给上成了复习课的感觉，学起来很费劲。     应老师是儒雅的，说话也很克制，有时带点幽默，因此能给同学们留下较好的印象，可是这改变不了应老师其实并没有很好的完成教学任务这一事实。
91074,1180,应文隆,2018-11-29 13:47:03,2,2,0,找老师问了一道题，循循善诱，让我自己去做一遍，很好的老师
91271,1180,应文隆,2018-12-04 15:20:04,2,2,0,这么好的老师怎么能不打十分呢！很尽责 而且会反思自己的教学 答疑很仔细
91599,1180,应文隆,2018-12-15 07:49:24,4,4,0,能把数学课上的那么清晰明白，我真的佩服老师，给老师比心心
93831,1180,应文隆,2019-01-14 03:06:25,19,19,0,今天上完老师最后一课，我觉得自己还是比较有发言权的。大一上老师的微二，觉得这老师慢慢悠悠东扯一句西扯一句，真的很差，每节课都睡觉。半学期过去，偶然一次没睡着，听了一节课，发现老师思路清晰，讲的通俗易懂，悔恨不该睡了老师那么多课。大二上了老师的复变和偏微，每节课都差不多是享受，老师把所有内容了然于心，还每堂课说和大家今天讨论讨论。在我心里，老师不是一位大师，但绝对是一位优秀的讲师。至于分数，这是自己争取到的，不在我评价老师的考虑范围之内。愿看到我这条评论，有心努力的学弟学妹不要错过这位好老师。
100338,1180,应文隆,2019-01-26 03:17:37,2,4,2,老师给分太好了\n\n
100355,1180,应文隆,2019-01-26 03:35:52,2,3,1,讲得太好了！以前看到说给分求是，但是这次感觉给分太好了吧！虽然被卡绩但是也很开心了！
100362,1180,应文隆,2019-01-26 03:46:47,3,3,0,很仔细
100385,1180,应文隆,2019-01-26 04:33:34,-4,1,5,给分真好！本来以为要挂了最后结果却很惊喜，谢谢老师！
100389,1180,应文隆,2019-01-26 04:51:49,-12,3,15,老师给分太感人了叭呜呜呜，考完偏微分觉得自己要挂了，太伤心了连着几天都开心不起来，原本不打算看成绩了，但为了看看自己寒假要不要复习还是去看了一眼成绩，结果！！！！！4.8?啊啊啊啊！爱老师，谢谢老师！老师讲的特别好，复变和偏微分都是老师的课，一座难求，但是老师讲得很有针对性，他知道考试的重点是什么，知道我们易犯话的错误是什么。真的感谢老师，年度最大惊喜。
100704,1180,应文隆,2019-01-26 18:25:53,3,4,1,楼下那个，虽然我也觉得偏微分挺难的，但是你自己菜就不允许别人强???我认识的同学中也有好几个满绩的。你这种心态活该你菜。
100982,1180,应文隆,2019-01-27 08:39:26,1,2,1,老师很棒呀！
103694,1180,应文隆,2019-03-04 08:12:45,0,0,0,刚上这门课 但是感觉跟上学期学数学分析比起来 学微积分2真的很好理解了55555 老师讲得很细 对于基础一般的我来说能接受 助教小姐姐很可爱(๑• . •๑)
103955,1180,应文隆,2019-03-08 02:39:16,4,4,0,老师人很好，就是上课慢悠悠东扯西拉……可能我不适合老师讲课的风格
104137,1180,应文隆,2019-03-13 01:25:30,1,4,3,不知道为什么评分这么高，可能我不习惯老师的讲课方式。上课很无聊，懂得依然懂，不懂得听了依然不懂。好像东扯一句西扯一句…很多出的题给的解答也是草草几句。但是助教小姐姐超好！人美声音好听热心善良水平高！我要表白她！
104142,1180,应文隆,2019-03-13 02:51:34,0,0,0,good
104304,1180,应文隆,2019-03-17 09:13:11,0,0,0,讲得不错 给十分
108965,1180,应文隆,2019-06-05 00:42:29,5,5,0,实不相瞒，我是老师的画图粉
109489,1180,应文隆,2019-06-19 03:26:06,2,2,0,挺好的老师
109566,1180,应文隆,2019-07-02 14:54:15,4,4,0,感动啊。。。平时和作业给的很高，谢谢老师海底捞
111080,1180,应文隆,2019-06-29 13:29:18,0,0,0,老师脾气挺好的
111669,1180,应文隆,2019-07-02 13:17:54,0,0,0,真的挺好的，不过建议上课前预习一下。老师很好的，偶尔像高中老师一样唠叨一会，挺可爱的呢
111698,1180,应文隆,2019-07-02 14:44:18,0,1,1,老师讲课很好 感谢老师 我太菜了 最后感谢老师和助教姐姐捞我
111843,1180,应文隆,2019-07-03 01:00:14,1,1,0,很好额
112808,1180,应文隆,2019-07-05 03:50:27,4,4,0,老师讲课循循善诱，会像高中老师一样唠叨学生的学习，挺可爱哒。可惜老师要退休了，学弟学妹选不上啦
119833,1180,应文隆,2019-11-16 03:33:13,5,6,1,别的不评价，微二循环是天坑
122061,1180,应文隆,2020-02-10 21:06:16,0,0,0,讲课比较接地气
122102,1180,应文隆,2020-02-13 10:55:37,-1,0,1,这个老师真的好
155656,1180,应文隆,2022-06-15 05:02:38,0,0,0,不错噢
123,1211,方道元,2015-03-14 16:01:18,12,47,35,教真正的思想，培养真正的人才
281,1211,方道元,2015-03-15 00:06:41,99,131,32,太严格 迟到一下会被骂死 上课偶尔出去也会被骂死
1370,1211,方道元,2015-03-22 01:17:07,-13,25,38,教自以为是的思想，谈不切实际的培养
1728,1211,方道元,2015-03-24 00:27:49,-6,9,15,管太多
2479,1211,方道元,2015-05-04 13:07:23,11,18,7,严厉\n\n
2620,1211,方道元,2015-05-04 23:58:07,10,14,4,太凶\n\n
2695,1211,方道元,2015-05-05 12:14:36,50,86,36,把1分的常微分讲出了4分常微甲的感觉，只有这样才能培养出不止会算题的人才
2709,1211,方道元,2015-05-06 01:48:43,75,82,7,数学思想的洗礼，让我觉得不知所云…
2723,1211,方道元,2015-05-06 05:37:24,9,17,8,老师很好，可惜没有好好珍惜
2724,1211,方道元,2015-05-06 06:31:25,26,54,28,相比于其他某些同学的评价而言，我认为方老师是一个好老师，他教给我们的是真正的数学，而不仅仅是做题。当然他也很严厉。
2790,1211,方道元,2015-05-07 09:04:30,11,25,14,好老师，也很负责。
4666,1211,方道元,2015-06-26 01:18:56,5,9,4,上课听着很累
8256,1211,方道元,2015-09-18 01:05:08,-1,9,10,好老师，助教也很好哒
13367,1211,方道元,2015-12-27 09:55:02,10,16,6,毕方\n\n
14405,1211,方道元,2016-01-07 02:12:08,-1,6,7,好好好
19328,1211,方道元,2016-01-24 01:43:41,-2,10,12,课好给分高
23082,1211,方道元,2016-03-17 04:00:46,-1,5,6,老师男神
24135,1211,方道元,2016-04-28 00:06:30,-1,5,6,真的是教人才的好老师，很感激能遇到方道元老师\n\n
24140,1211,方道元,2016-04-28 00:43:01,-7,3,10,听不清 听不懂 给分还不错
24146,1211,方道元,2016-04-28 01:11:35,-1,5,6,回味无穷\n\n
24149,1211,方道元,2016-04-28 01:19:32,22,23,1,诶...给分不咋
24150,1211,方道元,2016-04-28 01:41:58,1,6,5,很有高中数学老师的感觉，怀念
24157,1211,方道元,2016-04-28 02:10:11,30,70,40,我觉得是真的很好的老师，上课要求不迟到不水手机怎么了？难道你们迟到水手机还有道理了吗。不是很死板地讲，是有推理过程的，很综合性地讲，有原则有造诣的好老师，虽然有几节课学渣的我听不懂…
24160,1211,方道元,2016-04-28 02:39:54,2,8,6,良心好老师，挺凶的，会骂人，但是讲的真好，非常好，特别好
24240,1211,方道元,2016-04-28 16:54:15,2,5,3,助教蛮好
24464,1211,方道元,2016-04-30 14:43:50,8,16,8,老师真的很好，也很严厉，虽然看起来令人生畏，但是如果你有问题他会很耐心。友情提示，不要迟到早退，不要上课时随意走动，不要上课吃东西，不要水手机，最重要的是！自己每节课以后一定要复习加做习题！
24896,1211,方道元,2016-05-04 08:54:38,25,29,4,一个蛮严格的老师，我上课听不懂！但是反正靠自己看书背公式
25273,1211,方道元,2016-05-09 07:18:02,-1,5,6,常微。老师讲的真的很好，很清楚！让人真正去理解数学。虽然会有点严厉，不过其实是在要求一些基本的尊重。
29741,1211,方道元,2016-06-30 09:13:22,-1,3,4,"都培养出""绝世双骄""了，还能培养出下一个么？"
48005,1211,方道元,2017-02-28 03:28:00,2,4,2,耿直的好老师，虽然我听不懂\n\n\n\n
49149,1211,方道元,2017-03-28 00:36:09,5,6,1,说不清话
49213,1211,方道元,2017-03-29 15:09:45,9,10,1,听不懂
49410,1211,方道元,2017-04-11 01:28:37,2,9,7,这个老师好是好，在浙大很少有老师会如此严格要求你，但是我觉得我的数学还不够好，他上课讲的在书上很难找到，所以听的很懵逼
49749,1211,方道元,2017-04-25 11:00:07,24,36,12,是个好老师 但是还是自学吧
49750,1211,方道元,2017-04-25 10:35:45,69,72,3,全靠自学
49751,1211,方道元,2017-04-25 10:47:28,43,52,9,恩，学术能力很强，但是会觉得我们和他一样厉害。上课听不太懂，整个学期几乎都靠自学。而且这次考试太难了，计算量大，并且，一点都没有调分……我知道的人都考的很伤心。
49752,1211,方道元,2017-04-25 10:58:52,11,19,8,出分了 首先评价老师 老师水平很高但我觉得适合有整体知识构架的大佬和老师神交 也很有情怀 总和我们说希望大家能了解数学最有意思的一面 但显然这就不适合基础较差的同学了 我自认自学能力不错 没有跟老师而是自己看书刷题 最后考试按自己套路来就好
49763,1211,方道元,2017-04-25 14:05:05,5,5,0,讲课不适合考试
49783,1211,方道元,2017-04-26 02:38:22,24,25,1,老师讲的内容不适合考试，怎么说呢，个人来讲不是很喜欢这种风格。有时候人总会有一些傻问题想不通，这也很正常。但是老师似乎没耐心解答，所以，真心不是很推荐
49871,1211,方道元,2017-04-26 15:36:46,38,45,7,千万别选 助教是天坑
49880,1211,方道元,2017-04-27 00:51:45,6,7,1,主角有毒
49886,1211,方道元,2017-04-27 02:00:20,-15,2,17,别相信那些大佬的评论，最理智的做法是上春学期的，然后自学，4.2飘过
49905,1211,方道元,2017-04-27 04:49:54,5,9,4,自以为是的老师，还说这次考试是有史以来最简单的，考过的大家都知道难度，而且一点调分都没，严厉死板，上课迟到或者中途出去会被喷的老师我也是第一次遇到。
49913,1211,方道元,2017-04-27 06:16:49,8,14,6,老师的教学方式可能真的和许多同学说的那样不是很适合基础薄弱的同学，毕竟不是像初高中老师那样手把手教学的，而是更侧重整体的知识架构，并且也不是按部就班地顺着书本章节讲。至于说老师喷上课迟到、中途离开教室之类的，老师确实有些古板严厉甚至有一丢丢凶，但这也确实是某些同学自己的问题。还有，数学之类的课真的很大程度得靠自己，别指望调分什么的，毕竟不是每个老师都那么有体谅心且好说话。
49973,1211,方道元,2017-04-28 02:03:03,7,8,1,扯，凶，害怕
49995,1211,方道元,2017-04-28 08:27:55,9,13,4,老师确实很学术，但是也确实靠自学，而且这次考试很难，分数却还是那个制度（这我就很无语了）……感觉受到了数学打击！应该是我水平比较臭吧
50092,1211,方道元,2017-04-29 13:07:02,6,8,2,天坑………
50770,1211,方道元,2017-05-05 05:58:57,5,12,7,讲的跟考试没卵用，这门课建议全程自学，给分实事求是，最后考试有一道题做不出4.8
50937,1211,方道元,2017-05-09 11:48:19,0,5,5,很凶很暴力很认真萌萌哒…至于成绩我被杀了orz绝望…老师是个好老师…就是讲的有点不明白，然后我比较弱
51527,1211,方道元,2017-06-07 03:12:03,0,5,5,方老师讲的数学原理简单易懂，认真听课的话真的有浑身舒畅的感觉，虽然很严格也挺凶，但是我觉得对于接受能力较好的同学可以选他。
55414,1211,方道元,2017-07-01 12:46:25,5,9,4,“一分常微分讲出四分感觉”这句超传神，老师讲的很好，当然人也很凶。小菜鸡自己选着玩虽然神拉绩点但是感觉对微积分和普物很有帮助。春学期题（助教太坑？）太难认识的好多人都挂了。老师很强调规矩，估计是不会调分的…可能更适合旁听
58092,1211,方道元,2017-07-29 11:32:36,4,5,1,春学期天坑，感觉学得还不错但最后成绩不好。据说我们班均绩2点几
65754,1211,方道元,2018-01-09 03:58:16,-1,3,4,特别好的老师嘿嘿
74782,1211,方道元,2018-03-08 08:19:53,-1,3,4,严格 但是我喜欢\n\n
75243,1211,方道元,2018-03-08 06:52:48,-1,2,3,很严格 但我喜欢。
75520,1211,方道元,2018-03-13 02:08:52,5,6,1,太垃圾了，千万别选
75691,1211,方道元,2018-03-15 07:06:30,5,5,0,神的课程，全靠自学
75693,1211,方道元,2018-03-15 07:19:02,-2,4,6,老师很严格，不允许迟到，\n\n刚开始听课的时候有些不习惯，后来就好了，开始的思路很清晰，很好，能够成一个很好的知识体系，，等学完了这学期再来评
75702,1211,方道元,2018-03-15 08:05:55,7,8,1,第一次见按座位签到的老师，您在开团总支大会吗
75704,1211,方道元,2018-03-15 08:37:55,15,17,2,很好的老师\n\n然后\n\n建议自学
75709,1211,方道元,2018-03-15 09:07:20,2,4,2,严格，但是他们喜欢，我也没办法。
75851,1211,方道元,2018-03-20 02:18:13,14,16,2,巨坑 宁愿退课也别选他的课
75858,1211,方道元,2018-04-07 12:25:09,9,12,3,老师水平的确很高。\n\n但是我想说的是，把主要知识点讲的让大部分人听起来都通俗易懂，才是一个授课老师的主要目的吧。
76106,1211,方道元,2018-03-27 02:54:06,4,7,3,老师很NB，可以去百度搜搜看。但是我是真的不适应这位老师的授课方式，对学渣很不友好。对于微积分和线代基础扎实者，我很推荐这位老师
76220,1211,方道元,2018-04-10 01:49:25,10,17,7,阿方真的很严格
76221,1211,方道元,2019-03-21 06:57:24,62,62,0,巨坑，全靠自学
76223,1211,方道元,2018-03-29 08:17:05,-8,1,9,挺抽象的，很费脑。老师确实有水平～我上的常微分。
76236,1211,方道元,2018-04-02 06:56:46,10,13,3,你根本不知道什么是真正的力量
76257,1211,方道元,2018-03-31 01:49:19,5,6,1,有点坑\n\n
76266,1211,方道元,2018-04-01 07:56:48,8,13,5,为什么没有零分？？？上课毫无章法可言，乱七八糟想到哪儿将哪儿，从不讲概念，作业老是布置上课根本就没提到过的！没见过这种老师！给1分都是多的
76268,1211,方道元,2018-05-04 07:09:49,1,7,6,感谢助教\n\n老师垃圾\n\n给分垃圾
76295,1211,方道元,2018-04-02 07:09:41,9,10,1,上他的课就是没有任何体验。
76301,1211,方道元,2018-04-03 00:56:41,8,9,1,听的我心力交瘁。
76311,1211,方道元,2018-04-03 02:27:24,6,13,7,上课不知道在干什么，毫无条理，听了和\n\n没听并没有区别，想要认真学习的人千万不要来
76316,1211,方道元,2018-04-03 02:27:47,8,9,1,啥玩意儿
76465,1211,方道元,2018-04-10 07:50:02,4,4,0,老师水平高\n\n只为应试的我还是自学吧\n\n一分的常微分会又不用证明
76519,1211,方道元,2018-04-12 05:25:59,6,6,0,我太菜了，上课听不懂，听出了天书的味道，全要自学
76572,1211,方道元,2018-04-15 11:38:10,6,6,0,全靠自学
76582,1211,方道元,2018-04-15 15:37:45,6,7,1,怎么没有零分
76719,1211,方道元,2018-04-19 05:36:20,8,9,1,真的，上课听了，我真的认真听了……但还是啥都没懂啊，所以，我给您打低分请不要怪我，好不好，方老师
76926,1211,方道元,2018-05-04 10:11:26,6,12,6,都自学的，据说没调分，那么考出来的都是自己的实力了，与老师教的无关
77161,1211,方道元,2018-05-03 08:30:52,-5,0,5,很充实
77202,1211,方道元,2018-05-03 14:52:23,-9,0,9,非常负责，很值得听
77244,1211,方道元,2018-05-04 06:05:50,-4,0,4,*。٩(ˊωˋ*)و✧\n\n
77247,1211,方道元,2018-05-04 06:09:47,-10,2,12,老师水平没话说，1分的常微分方程内容不多，自学足以，有能力的人跟上节奏也挺好。
77248,1211,方道元,2019-02-28 16:40:59,-102,8,110,上4易如反掌，像我，就5
77252,1211,方道元,2018-05-04 06:45:37,12,12,0,给分是真的残忍
77254,1211,方道元,2018-05-04 06:52:08,-21,6,27,第一节课听了老师讲后果断放弃听讲，然后自学。平时作业没太认真对待，平时分估计不高，最后考试一道题目不会积分，一题差一点点做完，最后4.5。数学好的话，选这个老师吧，最后你会收获很大，如果不是数学特好的话，却选上了他的课，建议你还是自学吧。最后还是给9分，有8分是给助教戴维的，非常负责，但是我并没有从方道元老师身上学到什么（当然是跟这个课有关的东西），当然这只是我根据自己的经历给出的评价，不喜勿喷。
77255,1211,方道元,2018-05-04 07:04:45,-16,5,21,上课听得迷迷糊糊，主要其实还是自学，不过老师讲得很……哲学？听一听有好处的吧。平时作业老老实实写，考前知识点认认真真过，试卷一张一张刷，我一个数学能力相当辣鸡的人也能4.2，师父领进门，修行在个人。
77259,1211,方道元,2018-05-04 07:25:39,1,2,1,总的还行，不过很跳。\n\n讲一会第一章就跳到第三章\n\n开始一脸懵逼
77260,1211,方道元,2018-05-04 07:28:09,10,10,0,坑巨坑\n\n
77261,1211,方道元,2018-05-04 07:29:41,5,6,1,听方老师的课就是完全没有体验。
77264,1211,方道元,2018-05-04 07:38:17,5,6,1,怎么说呢，第一次听老师的课，完全就是在听天书，到后面自学了一点点，发现老师课讲的还不错，可惜那是最后一堂课了还有助教戴维真的很负责
77265,1211,方道元,2018-05-04 07:47:35,13,13,0,不调分，挂了就挂了
77266,1211,方道元,2018-05-04 08:00:19,8,8,0,真的很坑\n\n别选\n\n
77269,1211,方道元,2018-05-04 08:44:17,7,13,6,老师学术实力有(可百度)，要求严格，但教学实力不敢恭维，解释起来让人摸不着头脑。助教真不是东西，在群里问题从来不理，没有调分。
77271,1211,方道元,2018-05-04 08:51:27,-6,0,6,老师很敬业
77273,1211,方道元,2018-05-04 09:10:47,0,3,3,老师挺好吧，考试就看运气了，有时简单有时难，这个没办法
77290,1211,方道元,2018-05-04 11:18:42,5,6,1,卡绩！卡绩！！卡绩！！！气死了！！！！
77291,1211,方道元,2018-05-04 11:31:46,6,6,0,自学吧
77298,1211,方道元,2018-05-04 11:56:57,0,9,9,为什么打9分呢   因为8分是给助教大大的\n\n老师的学术能力可能很强，但原谅我们这些弱鸡真的听不懂……希望老师能不能考虑下学生们的普遍水平\n\n助教大大是真的认真负责，每节课后和期末都会有自己的整理（居然还是pdf，好感动好感动），每次问问题也是有求必应，解答详细，感觉很强（滑稽）\n\n最后建议上课听不进去的朋友们自学吧，还好内容不能算很多…
77308,1211,方道元,2018-05-07 09:45:47,5,8,3,我鲲都9999级了，绩杀1.5什么的早不想了
77321,1211,方道元,2018-05-04 15:25:10,3,5,2,老师水平很高，是我太菜了。课随便听听就好，不要指望能听进去多少，课后自己慢慢啃吧。
77341,1211,方道元,2018-05-07 15:17:26,-40,3,43,给分好
77371,1211,方道元,2018-07-04 14:46:27,18,23,5,快期末考试了，首先祝大家取得一个好成绩。我还是想吐槽一下春学期的助教。给分极其极其辣鸡，平时分扣的还很严，期末还不调分，导致全班均绩特别特别低。这么说吧，我春学期学的ode，学的很认真，考前很自信，第二天考的也很好，对了一下答案，只有第一题错了(第一题确实有点难)，觉得4.8/5.0稳了，结果4.2，感觉一学期努力白费了。问了问几个方老师班的其他学生，都有这样的情况，比别的班低了好多。各位好自为之吧。
77388,1211,方道元,2018-05-05 08:32:10,-28,2,30,老师上课讲的还好就是容易不知所云……考试前复习就满了
77411,1211,方道元,2018-05-08 03:12:15,11,14,3,质疑一下分数。。。对完答案，期末90+，最后绩点3.9\n\n我。。。。。。
77476,1211,方道元,2018-05-06 02:54:40,-17,4,21,上课自学，课后自学。考前系统复习一下，90OK的。
77563,1211,方道元,2018-05-06 13:46:52,9,10,1,老师上课天方夜谭，课后努力自学，期末考试做了80分的题，最后2.1\n\n辣鸡方xx！
77640,1211,方道元,2018-05-07 04:39:59,9,12,3,非常垃圾的老师 讲课乱七八糟毫无章法 助教真的神坑 给分极差 比其他班均绩低1以上\n\n
77751,1211,方道元,2018-05-07 15:27:32,8,9,1,你要想听懂方老师的课或是对他的上课内容产生兴趣甚至有所收获的话，在课前对常微分的理解至少要达到 平常听完其他老师讲课后的水平。不然，听两节课也是白听。总之，大佬或是喜欢预习的同学可以听，他真的可以给你讲一些与其他老师不同的东西。助教戴维很好，私聊的问题都会回答。这节课关键靠自学，上课课时很短，真的讲不了什么东西。\n\n\n\n
77758,1211,方道元,2018-05-07 14:45:55,8,12,4,全班三分之一的人不及格，及格的人里一半没上70，是的你没有看错这是一学分的常微分方程。你觉得自己有满绩点的实力？别太高看自己了，明明去其他老师那里能多拿几分为什么不多拿几分，又不是没有认真学。说上的好是过誉了，有那功夫不如看公开课。
77760,1211,方道元,2018-05-07 15:03:34,4,10,6,不吹不黑的说，方老师是很好的老师了，他会很认真的给你讲题，本来按照课本内容教就比较抽象，所以真心建议多讲点例题，但是课时短是个问题，所以真的要自己课后习题复习，不然考差了不能怪老师。课程原因，说实话方老师很负责了。然后助教也很好，会有总结发出来，重点还是靠自学做题领悟，上课认真听还是能有收获的。给分不调分是个问题，反正方老师的课一定会有收获，只要你硬着头皮听。我反正不后悔就是了。
77763,1211,方道元,2018-05-07 15:22:41,5,6,1,魔鲲算什么，被方老师1.5的大圣一口咬掉
77817,1211,方道元,2018-05-08 03:03:03,28,36,8,给分有多低，大概各位也知道了。本人数学不错，不卖弱。和别人一起对的答案，我比他做得好，他不是方老师班的，他4.8，我4.2，各位自己体会。我就没见过这么垃圾的助教。
77843,1211,方道元,2018-05-08 05:57:44,15,16,1,老师可还好，就是严了点。\n\n\n\n\n\n给分是个什么东西玩意儿？？？\n\n你想把我们常微分均绩拉到2才满意吗？？？\n\n\n\n\n\n给分和自己能力完全不成正比，我看去你的吧。
77847,1211,方道元,2018-05-08 06:28:38,1,3,2,哲学 哲学
77903,1211,方道元,2018-05-08 12:21:36,10,11,1,给分就不说了，没对答案也不知道自己什么样，没听说整个班上怎么样，出分快估计不调分。就是讲讲方老师上课的时候跨度感觉有点大，因为没有固定的顺序可能一晃神就不知道在讲些什么了。另外，1分的常微分考试只有计算，感觉挺看脸的……
77963,1211,方道元,2018-05-09 03:54:51,11,11,0,给分好低\n\n
78573,1211,方道元,2018-05-13 08:16:06,0,1,1,听不太懂，看不太清字
80298,1211,方道元,2018-06-24 15:01:05,0,2,2,讲得很好，但听懂需预习
81306,1211,方道元,2018-07-04 15:27:33,-19,5,24,春学期 96 \n\n助教人很好 每节课都有去 作业有教\n\n不过是自学的 考完只有第一题错了\n\n不知道你们在吐槽给分什么
82805,1211,方道元,2018-07-09 07:07:33,5,7,2,怎么没有零分
83060,1211,方道元,2018-07-09 14:45:20,-8,0,8,老师讲的很精髓，重在思想，正课不很强调方法，所以你要是不认真听就会漏掉很多
86803,1211,方道元,2018-09-19 01:41:39,7,8,1,你几年级啊？
96903,1211,方道元,2019-01-21 12:08:54,5,6,1,听不懂，给分差
102761,1211,方道元,2019-02-22 12:19:00,3,6,3,戴维nb 吹爆戴维
103517,1211,方道元,2019-03-01 00:53:00,1,2,1,不知所云
103535,1211,方道元,2019-03-01 02:24:13,4,5,1,太凶了，一上来就各种劝退，严格的很
103588,1211,方道元,2019-05-07 02:28:38,38,44,6,很有意思的现象:考试前评论主流:上课听不懂，全靠自学，作业布置迷;考试后:老师还是好老师，就是我太菜了;出分后:我的分数还行，老师是好老师;真的是同一批人在评论吗？
103589,1211,方道元,2019-03-02 01:48:50,3,4,1,小组签到又是什么操作？
103604,1211,方道元,2019-03-02 06:19:11,3,4,1,天马行空
103612,1211,方道元,2019-03-02 09:45:00,9,11,2,查老师首评送给方老师。首先我对方老师没有任何人格上的不尊重。只是想说，方老师名不虚传。其实上课不许迟到早退我都OK，课讲的烂我也认了，但是您课讲的烂还点名剥夺学生旁听其他老师课的机会就有点无自知之明了吧。而且是谁给你的认知认为大多数人听不懂就是您讲的高妙啊！！
103689,1211,方道元,2019-03-04 07:33:47,10,12,2,我 方璎珞 天生脾气暴不好惹\n\n谁 敢迟到 建议你直接退课\n\n（第一堂课提了五次退课…刚到炸裂…
103871,1211,方道元,2019-03-07 00:26:39,8,10,2,为什么查老师没有零分这个选项
103881,1211,方道元,2019-03-07 02:35:43,9,11,2,他讲他?呢
103897,1211,方道元,2019-03-07 05:32:29,1,4,3,选了三个老师，结果却中他的课，上课一直提退课，课讲得不是很好，而且很严。
103920,1211,方道元,2019-03-07 08:51:56,6,9,3,怎么说呢。\n\n严格和对学生凶是两码事\n\n这个老师都有\n\n前者倒是对的\n\n但是搞得那么凶只能说没必要\n\n大学生又不是小学生\n\n有同学问他问题 即使是很基础 当着全班的面说这个问题多么蠢不该问他\n\n这总归是不合适的吧\n\n当然性格上大概是无法改变的\n\n选了就好好学吧
103937,1211,方道元,2019-03-07 15:48:01,16,22,6,老师脾气很好，课讲的也很细致，不强制要求到课，作业特别少还准时下课，平时能与同学们亲密交流沟通，与我们打成一片，绝对是浙大乃至全国一流的教师！所以我给一分。
103949,1211,方道元,2019-03-08 01:42:58,-27,4,31,吹爆方道元，一学分的课大家就以学到点东西为目的吧，不要计较太多了吧，老师真的给我们讲了很多东西，常微分方程的理论，数学甚至生活的一些思想，虽然可能严格了点但是不同年代的人应该互相包容，去欣赏别人好的地方啊。况且要求上课不能迟到早退没毛病吧。
103950,1211,方道元,2019-03-08 01:48:44,20,22,2,大学四年能碰上这么一个老师真特么上辈子造孽
103958,1211,方道元,2019-03-08 03:01:36,-13,4,17,说上辈子作孽的那个同学，你在其他课可以睡觉玩手机真的是你上辈子修来的
103970,1211,方道元,2019-03-08 05:38:53,19,20,1,不知所云，没讲到的课就留作业，你咋不把整本书的作业都留了呢？
103981,1211,方道元,2019-03-30 06:39:06,44,47,3,写完这周作业再来发一次。当时选课看分数8.9换到了方老师，没想到进入了无穷无尽的自学之中。上课讲一点点内容，其他都是抽象的数学思想，作业会不会写就看能自学多少。上课还没讲到方程组解法，甚至直接跳过第二章方程的解法就布置了一堆题让我们看着办。既然我要周末自习两章的内容又何必去上课呢？既然都让我们自习，上课是不是不重要了呢？既然不重要为什么5分钟上厕所回来晚了还要喷呢？是不是错过什么重要的不得了的东西呢？不玩手机迟到确实是尊重，但是我们好歹也要学到点什么东西不是？
103988,1211,方道元,2019-04-29 04:00:42,22,23,1,表白春学期周五12节助教xgg～
104001,1211,方道元,2019-03-09 02:26:31,14,18,4,说上辈子修来那个，要是你有一个不把学生当人看的老师是你上辈子修来的福分的话那我也没什么话好说的。
104124,1211,方道元,2019-03-12 12:23:27,10,10,0,第一节课开始劝退，上课大谈哲学，课本宛如没有，作业多且超纲。1学分的常微分胜似5分的微积分，还有小组点名服务。真棒!
104169,1211,方道元,2019-03-13 10:31:08,7,7,0,讲的很玄，不太按课本，这都无所谓了，但作业布置的实在是超前太多了。。。。完全是在上全微甲嘛~
104198,1211,方道元,2019-03-14 00:21:34,8,8,0,不说了，大家记得退课啊！
104241,1211,方道元,2019-03-29 00:01:06,18,19,1,下面让把整本书留了的同学，他已经把整本书的作业留了，你有什么说的? ?
104249,1211,方道元,2019-03-15 00:10:52,-6,0,6,比较坑，上课略乱，但感觉整体的框架还是有的
104250,1211,方道元,2019-03-15 00:20:24,7,7,0,辣鸡老师，不如自学
104252,1211,方道元,2019-03-15 00:37:53,7,7,0,微积分本质上是一种哲学
104253,1211,方道元,2019-03-15 00:38:58,2,2,0,完蛋，这学期常微分要自学了
104257,1211,方道元,2019-03-15 02:43:38,2,2,0,方道元哲学家
104445,1211,方道元,2019-03-21 00:37:32,7,8,1,what the fuck\n\n
104447,1211,方道元,2019-03-21 00:56:29,3,3,0,这尼玛讲的啥？
104488,1211,方道元,2019-03-21 12:36:46,6,7,1,脾气差，讲的云里雾里。\n\n能退就退。
104580,1211,方道元,2019-03-24 06:57:27,5,5,0,反正我什么也听不懂
104648,1211,方道元,2019-03-26 01:38:21,7,7,0,毫无听课体验
104708,1211,方道元,2019-03-26 08:59:03,14,14,0,讲课总是感觉自己老吊了\n\n实话跟你说吧方老师 你不及李将云伯伯的万分之一呐
104837,1211,方道元,2019-03-28 14:35:38,7,7,0,为什么没有0分。。。劝各位及时退课。
104846,1211,方道元,2019-05-01 13:48:21,11,13,2,认真学了一学期 每节课都在前几排听 平时自己下功夫 虽然不知道哪一项对我的作用最大 但绩点很好看\n\n我觉得你可以抱怨老师讲课不好 但考的很差还是怪自己吧\n\n最后吹爆戴维和助教们
104857,1211,方道元,2019-03-29 02:07:27,-7,2,9,严格，\n\n一分的课，也希望我们\n\n能把不会的变成会的\n\n能培养解决没有答案的问题的能力\n\n不为了考试
104872,1211,方道元,2019-03-29 04:49:22,11,12,1,适合已经掌握常微分且理解深刻的同学
104880,1211,方道元,2019-04-29 01:20:25,29,33,4,看了评论，果然大家只在意最后的分数，老师讲课如何在绩点面前都显得不那么重要。我并不是不在意分数，我只是感觉某些人前后说的话很有意思。
104974,1211,方道元,2019-04-01 11:37:00,6,6,0,说真的 别选 选了你只会后悔
105080,1211,方道元,2019-04-03 08:22:22,14,15,1,老师独创意识流讲课法，令人叹为观止。课堂纪律方面的严格要求更是令人无话可说。可能是我境界太低，无法适应这阳春白雪吧。
105107,1211,方道元,2019-04-04 00:22:58,7,7,0,哲学家
105110,1211,方道元,2019-04-04 00:41:56,7,7,0,哲学家呀～莫选莫选，全靠自学。但是助教小哥哥极棒，方老师失业预警～
105174,1211,方道元,2019-04-06 03:50:55,7,7,0,退课请乘早
105207,1211,方道元,2019-04-07 12:00:17,42,42,0,刚开始觉得，老师有点东西啊，讲得很玄学，站在制高点上的感觉！但随着课程深入，变成了真玄学，我？？作业布置下来一看，课堂自学＋课下自学？？？当我以为常微分就这样了的时候，中间有一节别的老师来代课，瞬间觉得讲得好清爽啊！方法真好用啊！没有对比就没有伤害。这老师的课不是天才上不起，我辈还是drl。。。
105366,1211,方道元,2019-04-10 16:16:17,11,12,1,老师，求你快点退休吧！
105375,1211,方道元,2019-04-11 03:29:41,-11,4,15,如果你有微积分线代的基础而且基础很好。\n\n这么说吧\n\n这是我知道的最有水平的常微分课\n\n老师的很多观点 醍醐灌顶 \n\n确实很严\n\n所以就是适合数学好的人选啊\n\n比如竞赛党
105406,1211,方道元,2019-04-12 01:06:30,19,19,0,数学版的王建江...
105411,1211,方道元,2019-04-12 02:32:17,19,21,2,太理论化了，一分的常微分这样有什么意义呢？讲课讲给学生，你这么讲考虑过学生感受吗？
105414,1211,方道元,2019-04-12 03:25:28,21,21,0,从胎教到大学见过的最差的老师，没有之一
105444,1211,方道元,2019-04-27 09:15:34,16,20,4,听课不如自学，再见吧哲学叫兽。
105511,1211,方道元,2019-04-16 01:53:09,8,8,0,完全听不懂
105582,1211,方道元,2019-04-17 01:42:18,12,12,0,哲学家，自学好难
106035,1211,方道元,2019-04-24 12:44:20,3,3,0,云里雾里，不知所云
106059,1211,方道元,2019-04-24 16:00:56,7,7,0,额，先声明我是数学渣渣，大佬可以忽略这条评论。开学时候7.98，现在5.11。严格可以理解，但麻烦好好讲课好不好。黑板上字太丑，而且有比较小，跟不上思路就没办法了。全靠自学，基础不好的同学慎选。
106065,1211,方道元,2019-04-24 17:45:46,6,7,1,能退就退吧...除了自学能力非常强的人...一个来自明天常微分考试现在仍在预习的人...
106077,1211,方道元,2019-04-25 01:55:01,7,7,0,能退的还是退了吧，认真的，老师要求不能迟到早退啊什么的都没啥，应该的，可是上课混乱听不懂就真的无解啊，整个学期都在自学，上他这个课有什么用？
106105,1211,方道元,2019-04-25 03:32:09,24,26,2,我在学? 呢\n\n哦不对，你在教? 呢\n\n咦这现在怎么讲到这里了？\n\n看了看考纲第二章好像是重点，仔细听听\n\n诶上课怎么跳过第二章了？这讲到哪里去了啊。\n\n啊好多证明好难啊这个结构我不会证啊！\n\n诶考试怎么全都是计算题原来没有证明题的，真好嘻嘻。\n\n诶不对啊上课从来没讲过计算题啊考试考的内容和我学的知识怎么不是一个东西啊\n\n啊啊啊救命啊
106139,1211,方道元,2019-04-27 05:09:14,-7,6,13,给调分了赞！果然自己刷题看书整理是正道，亲测考前一周速成可
106188,1211,方道元,2019-04-25 12:41:58,3,5,2,明天就要考试了，完全自学的我慌得一批
106202,1211,方道元,2019-04-25 13:43:08,1,1,0,。。。
106203,1211,方道元,2019-04-25 13:44:33,12,12,0,简直灭霸
106216,1211,方道元,2019-04-25 15:43:43,6,7,1,明天就要考试，现在还在预习
106222,1211,方道元,2019-04-25 21:19:20,3,4,1,这么说吧，我是靠着b站张宇考研数学中的微分方程自学完前两章，在自己看书学完第三章，就看挂不挂了……绝望
106235,1211,方道元,2019-04-26 02:08:40,3,5,2,哲学家，全程自学，还不调分，彻底自闭
106236,1211,方道元,2019-04-26 02:22:45,5,7,2,真的白瞎我75块钱/手动再见，凉凉预定
106240,1211,方道元,2019-04-26 02:20:59,0,1,1,垃圾。
106241,1211,方道元,2019-04-26 02:22:16,0,1,1,不多说，迷
106246,1211,方道元,2019-04-26 02:39:35,0,3,3,方老师，为了不让你骄傲，我就给个1分吧
106247,1211,方道元,2019-04-26 02:41:35,3,6,3,我想打死他\n\n意识流-真玄学\n\n我真学不明白\n\n对不起我考试啥啥不会
106253,1211,方道元,2019-04-26 02:58:14,0,4,4,怎么说呢，方老师上课可能不像其他老师一样照着书或PPT的思路讲。他想将数学思想传递给我们，会给我们介绍方程的解法是怎么来的，也就是会重视证明过程。但可能语言表达得不是特别清晰，思路比较跳跃，虽然他想讲为什么却没能讲得很清楚。而且会在未通知我们的情况下跳过第二章直接讲第三章导致许多人听得比较糊涂对于前后课时的联系不够明晰。不过常微分其实解题就几个公式几类形式+刷历年卷（老师上课很少讲题）一定要整理几个类型的公式，早点开始刷历年卷。至于课听不听得懂，关系不大。书上有些证明的东西看不懂可以看mooc或跳过，直接对着题目学习解法
106261,1211,方道元,2019-04-26 03:22:46,0,4,4,方老师虽然不按教材但是其实要考的内容全部都讲到了，期末考的时候去别的班问问考试范围毕竟老师上课不像别的班老师一样明确到哪哪哪不考或者考，但是即便常微分方程的解法来去就那么多种考试的时候依旧被题目打懵，计算量有够大的和往年卷相比，但至于评论里有人说啥都不会的那就是你自己的问题了，好好上课不说考高分，还是会解一些基本的题目的吧。
106271,1211,方道元,2019-04-27 05:02:53,2,7,5,助教可以，今年给调分了，5分
106286,1211,方道元,2019-04-26 06:43:02,0,0,0,哈哈哈
106293,1211,方道元,2019-04-26 07:25:52,9,10,1,希望客观的评价一下老师。\n\n        方老师确实是一个严厉的老师，不能迟到早退玩手机我觉得应该是起码要求，也算是对老师的尊重，不能上厕所这个可能确实有点过\n\n       方老师的教学注重理论构建，对数学思维的培养很有帮助，和书上的不太一样，但是你可能需要预习才能有比较好的听课体验\n\n很多人因为听不懂而骂老师，我觉得主要是不愿意为这一学分的课花费太多精力，而方老师讲课的话你必须花两学分力气得到两点五学分的收获，每个老师有自己的风格，我觉得不能苛责，不习惯旁听别的老师的课就好了\n\n        至于讲课内容不适合考试，常微分考的思维本来就不难，只是计算量很大，这个老师给你讲的仔细也没有用…我没刷题我照样考砸了…不调分是有点难受，但也无可厚非\n\n        所以我还是给了九分…
106296,1211,方道元,2019-04-26 07:47:09,2,2,0,哲学带师兄
106297,1211,方道元,2019-04-26 08:16:17,2,2,0,我佛辣
106331,1211,方道元,2019-04-26 11:25:32,1,1,0,没上过
106400,1211,方道元,2019-04-27 05:09:44,5,5,0,要认真的评论一下方道元老师。刚开始看了评论还是挺害怕的，但是觉得重新选课麻烦于是还是去听了老师的课。老师很严是真的，上课点名，不允许上厕所玩手机也没错。起初几节课真的没听懂他在讲些啥，觉得很玄，但认真学下来发现老师讲的真的很好(除了例题讲的少。但是要注意：老师不按书上套路讲课，最好课前预习一下，作业也要认真写。考前再做做历年题基本成绩就不会难看。另外老师其实人很好的，我坐第一排上课有点打瞌睡，他下课居然来问我听懂了没有，还笑的可开心了～
106401,1211,方道元,2019-04-27 05:13:12,1,1,0,上课签到，老师不调分但助教可能会放你一马，题目还是比较简单的，刷两遍卷子就差不多了。老师水平很高，教书的节奏可能跟不太上，也有可能是因为他按照自己写的那本教而学校用的不是他的版本。
106402,1211,方道元,2019-04-27 05:27:21,0,1,1,老师给过了，谢不杀之恩。虽然老师讲课确实不怎么样，但是同意楼上，老师的确还算和蔼，希望老师以后能调整一下自己的讲课方法吧。
106403,1211,方道元,2019-04-27 05:30:31,0,0,0,听方老师讲课特别难懂hhh～
106404,1211,方道元,2019-04-27 05:33:35,1,1,0,有点坑
106405,1211,方道元,2019-04-27 05:41:04,5,5,0,听课吧，不是很懂，本来一学分的课也很难讲什么的，就当听听数学思维就好了，反正我只知道两天可以速成，给分不错的，助教很棒
106406,1211,方道元,2019-04-27 05:51:25,10,11,1,我要认真评论一下，两个方面，人品和教书。首先，老师对学生虽然严格，比如上课不要迟到，不要玩手机啥的，有时候看见学生上课时走进来会评论几句，“那我刚才讲的不都白讲了吗”，但是我看得出他是真心爱护学生的，有几次上别的课经过他另外一节课的教室都能看见他一脸笑意地望着同学进教室。有时会说应试教育不好，批判应试教育之风，有点出淤泥不染的意味，可看出老师还是一个比较有风骨的人。再一个老师学术成就很高，期间带队去日本交流，还跟我们小小吹嘘了一下。然后是教学，很惭愧八周的常微分课我只认真听了一两次，因为真的听不懂，当他跳过第二章上第三章的时候，第二节课我才知道他讲的是第三章，从此上课不听然后自己看书。而且作业布置得也很迷，没有上的内容也给布置了，当时内心很绝望，上课高深认为我们啥都懂，总是把“对吗 对吗”挂在嘴边，但实际上我真的不知道对不对啊……他应该是不想死板地照着书讲，想让我们明白原理从而感受数学的美妙，但我连基础知识都不懂我是没有能力品味数学的哲学的。所以综上，我认为老师适合去带研究生，本科生教学不是很适合，常微分春学期全靠自学和考前刷题；老师学术很高，教学还需改进；老师人不错，感觉他对同学们希冀很大。最后，春学期助教应该是调分了，感谢助教！！！！
106407,1211,方道元,2019-05-02 06:32:42,-32,5,37,诶，是不是给分比隔壁gch要好
106411,1211,方道元,2019-04-27 06:15:04,-12,1,13,两天半速成，上四了。。。
106420,1211,方道元,2019-04-27 07:44:00,-1,2,3,老师会以自己的方式关心你。
106427,1211,方道元,2019-04-27 10:01:17,0,4,4,怎么说呢。自学上4.5，但是感觉对于课程内容老师对我的帮助不大，上课很哲学。老师可能是一个好教授，但对于常微分，他并不算一个好的本科讲师。\n\n这边建议选老师常微分的同学:1.全程自学，上课可以无视老师；2.课前大量预习（老师可能不按课本讲），然后上课听老师bb，或许有不错的收获。
106451,1211,方道元,2019-04-27 12:59:14,5,6,1,给助教小哥哥的十分…\n\n老师是好老师，人很严厉，也很有个性。但是上课方式真的不适合我们哇…\n\n平时还是自己对照作业自学叭，好好看书，常微分都是计算题，方法掌握了还是好学的，选上了方老师的课就靠自己叭。学成微积分还是有机会四以上的。\n\n\n\n
106492,1211,方道元,2019-04-28 01:47:43,2,5,3,完全自学，从没听过，认真总结的话还是可以90+的。。。但老师，一言难尽
106498,1211,方道元,2019-04-28 02:32:50,2,3,1,老师挺严的
106535,1211,方道元,2019-04-28 04:49:25,-5,3,8,其实老师讲的很好，用心学能学到东西，而且老师给平时分，给调分的。
106550,1211,方道元,2019-04-28 05:22:52,-5,3,8,上课没听，一天速成4.2，期末证明没写，其他差不多会写，助教给分好
106595,1211,方道元,2019-04-28 09:18:31,2,5,3,每节课必点名，给分很低。我所在的班8.6%的挂科率，60分的也有5%左右。老师讲课太抽象，根本听不懂。
106613,1211,方道元,2019-04-28 10:36:05,-1,6,7,全靠自学，两天自学4.2。
106617,1211,方道元,2019-04-28 10:54:33,7,9,2,老师确实挺严格的，也很认真，感觉水平非常高。评论里大家普遍反映听不懂的现象也确实存在。老师已经上年纪了，感觉他的教学思维和方法还保留着上个世纪的模式，所以和大家难免有各种各样的冲突。\n\n如果第一二节课觉得自己没听懂，那之后就靠自学吧，这门课靠自学其实也不是特别吃力的，最后祝大家这门课拿个好成绩。
106662,1211,方道元,2019-04-29 00:45:25,-1,2,3,一般般，也没有别人说的那么差，其实大学主要还是靠自学的
106663,1211,方道元,2019-04-29 01:08:10,-2,4,6,自学4.2 我尽力了
106732,1211,方道元,2019-04-29 06:52:00,1,2,1,哲学家
106780,1211,方道元,2019-04-29 11:52:43,9,9,0,现在的大学生都喜欢讲师上课，而不喜欢教授，大概是教授们在本科教学上或不够重视，或方法不当。教授们有自己卓越的学术成就，但是以不恰当的方式来给学生们授课，还是会让我们一头雾水。不过说实话，老师确实没有教我们怎么写题，但是却给了很多概念更加广阔的数学背景。真正想学习知识，而不是拿绩点的人，推荐这门课。毕竟老师也在抨击应试教育，就不太管应试了（尬笑）（其实最后一道证明题老师提到过...不然老师干嘛先讲第三章再讲第二章）
106782,1211,方道元,2019-04-29 12:02:34,2,4,2,平衡一下分数
106884,1211,方道元,2019-04-30 06:58:52,5,5,0,想挂就选
106897,1211,方道元,2019-04-30 07:30:36,1,1,0,还行\n\n自学还行
107247,1211,方道元,2019-05-02 15:03:42,-32,1,33,常微分嘛，很轻松的，数学嘛，满分确实非常困难，但是自己稍微一努力总能满绩的。
109228,1211,方道元,2019-06-12 05:06:16,1,1,0,方老师的课是我大一的阴影，工学类的数学课上成数学类专业课。上课听了作业也完全不会做。
109758,1211,方道元,2019-06-19 05:09:39,1,1,0,其实还行
110031,1211,方道元,2019-06-21 12:47:55,0,1,1,给? 逗乐了
110150,1211,方道元,2019-06-24 02:36:15,1,2,1,全靠自学，想自学的就去吧，最后不管考几分，周五三四节助教都会用平时分把所有人的分数调低（他自己说的），\n\n巨坑的老师，迟到一下会被骂死，上课不知所云，去问个问题会摆出很高的姿态，搞不懂搞不懂\n\n是我输了
112454,1211,方道元,2019-07-04 08:35:45,2,2,0,方老师讲的东西确实有点太过于理论化，而且有的时候没有考虑到同学能否真正接受的问题。听老师的课必须要高度专心，而且需要自己可能课后摸索。适合对数学方面很感兴趣并且自学能力较强的同学选
114519,1211,方道元,2019-07-10 09:38:21,2,2,0,老师的课不是照教材应试性的 是真的在教我们数学 慎选 老师对课程本身要求比较高吧 我觉得要求不迟到不水手机并不过分
116940,1211,方道元,2019-09-17 12:00:21,2,4,2,极好极好，高山仰止，景行行止，张弛有度，为方老师抱不平。\n\n微分方程是现代数学与工业生产，金融运筹，控制自动化息息相关的学科，老师为我们由演绎推理出发，系统地，本源地还原了众多知名方程的解法，传递思想，增长见识\n\n大哥们，数学课就是要靠自学的啊！！！
118516,1211,方道元,2019-10-28 01:34:46,2,2,0,为什么写教材不带着解析
122602,1211,方道元,2020-03-07 02:33:21,2,3,1,为方老师抱不平+1，方老师讲数学思想，讲思维方法，教我们解决问题的思路。答疑也很耐心。
122780,1211,方道元,2020-04-04 07:18:03,2,4,2,疫情期间听他的网课还是反复看了几遍，越看感觉越清楚（平时上课可能就没办法了）。其实我觉得老师上课有点像Gilbert Strang讲线性代数（特别是讲第三章线性方程组的求法，感觉就是如出一辙），把来龙去脉讲清楚了，而不是直接给出定理。我觉得老师这样的上课风格可能更适合做成网课[笑]
126661,1211,方道元,2020-10-12 08:03:25,1,1,0,自学不香吗？
133166,1211,方道元,2021-02-12 08:40:57,2,2,0,常微分千万别选这个老师
133167,1211,方道元,2021-02-12 08:41:48,2,2,0,很糟糕，别选
133674,1211,方道元,2021-03-03 13:10:38,1,1,0,班上除1人4.8外最高3.9
134508,1211,方道元,2021-03-30 11:57:12,3,3,0,自学成才，然后挂科
134705,1211,方道元,2021-04-11 07:54:18,1,1,0,你什么意思
139413,1211,方道元,2021-07-15 08:49:20,0,0,0,C E♭ G; B♭ D F; A♭ C E♭; G B♭ D
141625,1211,方道元,2021-10-18 04:59:38,0,0,0,有没有同学帮我总结一下拓扑性质中哪些是局部性质，哪些是整体性质？常见的局部性质有：T_1，第一可数，局部连通，局部道路连通，局部紧致；常见整体性质有：Hausdorff，第二可数，连通，道路连通，紧致
141987,1211,方道元,2021-11-03 04:15:13,0,0,0,对任何内积空间的子空间A， A直和A的正交补都是一个子空间
151146,1211,方道元,2022-02-23 11:46:12,0,0,0,我校数学课自编教材:\n\n微积分：sdk/lxj/wdg\n\n线代：hzd等\n\n概统：zgf\n\n数分：无（使用复旦教材）\n\n高代：hzd等\n\n几何：swm等\n\n抽代：wzx\n\node：fdy等\n\npde：kdx\n\n概率论：zlx等\n\n随机过程：szg\n\n数理统计：无（使用科大教材）\n\n实变：无（使用南开教材）\n\n复变：无\n\n微分几何：syb等，或使用北大教材\n\n泛函：无（使用南大教材）\n\n微分流形/黎曼几何：bzg等
219454,1211,方道元,2025-05-27 20:27:14,0,0,0,桥牌被誉为人类发明的最聪明的游戏，那最像桥牌的双升就是中国人发明的最聪明的（纸牌）游戏。而且双升比桥牌有一个好处，就是桥牌花色个数4很难改变，同时要求不同的点数必须是奇数个（例如13）以实现一定有一方获得墩数更多，用法国塔罗牌就玩不了；而双升中的花色个数和点数个数都是可以变化的。当然，双升需要用到两种不同的王而桥牌不需要，这是后者的一条优势。注意升级不能是三副牌，会有连张优先/同张优先、AAKKK如何判定甩牌的问题。
7865,1261,杨勋年,2016-09-19 00:57:09,3,10,7,老师没有激情，第一节课就睡着了。
7920,1261,杨勋年,2015-09-16 06:40:13,1,6,5,讲课质量大概和李俊杰差不多，算是可以讲明白但是挺平淡的。
8297,1261,杨勋年,2015-09-18 04:19:37,11,15,4,完全提不起劲。。。
8586,1261,杨勋年,2015-09-23 00:19:07,0,4,4,上课水平很差，没有条理
8592,1261,杨勋年,2015-09-23 01:52:50,12,16,4,无聊爆了，催眠
8838,1261,杨勋年,2015-09-29 00:43:38,43,51,8,作业一半是没学过的，但可以自己看书呀
9140,1261,杨勋年,2015-10-14 08:56:07,5,8,3,简直错位rap... 为什么作业不能就位呢
9449,1261,杨勋年,2015-10-27 12:17:02,-4,5,9,棒棒哒
9771,1261,杨勋年,2015-11-08 14:41:53,155,192,37,老师讲课很好，全外语授课，因为听不懂。他完全不用看教案，因为和书没什么卵关系。说实话，老师讲的很有条理，只要你顺着老师的节奏听下来，基本都可以睡个安稳觉。
9840,1261,杨勋年,2015-11-14 07:25:55,7,9,2,真的是不如看书。
10286,1261,杨勋年,2015-11-18 02:06:19,-5,12,17,不错，那些说容易睡觉的基本上什么课都会睡吧，
10530,1261,杨勋年,2015-11-19 11:48:47,3,5,2,自学完全可以
10892,1261,杨勋年,2015-11-23 08:19:27,21,22,1,本来就是靠自学的课给分好的老师也不错啊
11290,1261,杨勋年,2015-11-26 09:27:59,0,0,0,还好哦
16619,1261,杨勋年,2016-01-23 10:20:49,3,4,1,讲得还蛮清楚的。。。就是作业总是超前布置，压力山大
19917,1261,杨勋年,2016-01-25 14:22:44,0,1,1,给分不错\n\n
23973,1261,杨勋年,2016-04-23 09:57:48,-1,0,1,什么鬼
33361,1261,杨勋年,2016-09-19 00:57:35,2,2,0,不如看书
33664,1261,杨勋年,2016-09-21 02:14:27,3,6,3,你问我听老师的课是什么体验？\n\n不好意思我从来没听清过他说了什么
34154,1261,杨勋年,2016-09-28 01:04:54,0,3,3,讲的真心烂，基本靠自学
34487,1261,杨勋年,2016-10-12 02:10:06,0,3,3,从来不会笑，一次也没见过，上课脸上只有眼皮和嘴唇会动。
34567,1261,杨勋年,2016-11-16 10:18:35,3,6,3,给分好\n\n
35224,1261,杨勋年,2016-11-07 01:52:53,5,7,2,作业简直了\n\n不知道是按照进度来还是按照章节来\n\n有没有合适的表情包告诉复变他妈炸了
35648,1261,杨勋年,2016-11-10 07:38:48,0,1,1,完全听不清
35701,1261,杨勋年,2016-11-10 07:49:05,6,9,3,像是听一台收音机在播天气预报，上课铃响开始播放，下课铃响暂停播放。节奏非常的“平稳”，微笑
35862,1261,杨勋年,2016-11-10 08:34:31,1,4,3,摸着良心打了个及格分...老师人还不错的，课后问问题解答很清楚也很巧妙...日了狗的是上课简直了（参照别的评价），作业多到爆炸，真的全靠自学。
36183,1261,杨勋年,2016-11-11 02:12:35,0,2,2,讲课的确平淡，但只要坚持坐在前排跟着老师板书做笔记还是很好的。课后问题解答确乎耐心，但上课这一关有点难度。
36184,1261,杨勋年,2016-11-11 02:20:58,0,3,3,作为一个数学渣，我觉得杨勋年爸爸上课还是蛮好的，就是讲课顺序有点凌乱…但是坐在前排仔细听还是能听懂的，建议以后选他的课最好事先预习一下……
36782,1261,杨勋年,2016-11-16 04:13:17,1,3,2,感谢不挂
36785,1261,杨勋年,2016-11-16 04:26:56,14,17,3,给分很好\n\n真的以为要挂了\n\n但是出分慢而且给分好\n\n好像写了的还没六十分而且还有错的\n\n最后给了七十几
36790,1261,杨勋年,2016-11-16 04:56:47,6,7,1,不错的老师，给分也不错呀
36791,1261,杨勋年,2016-11-16 05:07:58,-3,0,3,给分比较低
36795,1261,杨勋年,2017-06-07 15:24:20,-30,5,35,还可以。。。不过复变本来就简单。。。最后4.8。。。。
36805,1261,杨勋年,2016-11-16 06:04:36,3,4,1,给分很好哦！虽然全是自学的
36826,1261,杨勋年,2016-11-16 06:58:25,2,3,1,\n\n负责\n\n
36837,1261,杨勋年,2016-11-16 07:47:29,19,21,2,上课可以前排认真听 也可以自学刷题 老师给分挺不错的
36841,1261,杨勋年,2016-11-16 08:24:48,3,4,1,给分很好，基本自学
36843,1261,杨勋年,2016-11-16 08:31:56,3,5,2,感谢勋年爸爸
36867,1261,杨勋年,2016-11-16 10:01:39,0,2,2,虽然上课听不懂，但是给分真心赞。感觉只能考80分，最后硬是上了90
58879,1261,杨勋年,2017-09-22 01:33:22,0,0,0,听不清 讲给自己听
59586,1261,杨勋年,2017-09-24 07:21:20,6,8,2,一个自称拉普拉斯的男人！
59949,1261,杨勋年,2018-11-18 07:57:52,0,0,0,想睡觉
59950,1261,杨勋年,2017-09-29 01:13:41,0,1,1,无聊。
59960,1261,杨勋年,2017-09-29 03:19:41,39,42,3,老师上课自我沉浸，他拿的其实不是话筒，是他的仙女棒。可能老师内心有个小公举 然而不坐前排根本什么都听不见
60061,1261,杨勋年,2017-10-09 06:31:26,-1,1,2,蛮好的
60923,1261,杨勋年,2017-11-27 06:40:04,-17,5,22,怎么都说给分好...我觉得给分挺低的...
61045,1261,杨勋年,2017-11-07 11:06:48,0,1,1,上课全程自嗨，除了第一节课的前二十分钟，我就没有听过课，然而这又如何？\n\n我是听说给分好才选他的
61179,1261,杨勋年,2017-11-23 01:35:27,2,5,3,老师真的很好，去问过问题或者找他答疑的人都知道杨老师多么耐心负责
61854,1261,杨勋年,2017-11-21 08:57:14,8,11,3,老师上课的确乏味了一些。不过如果事先预习的话还是比较有收获的。很多书上省略的证明都会细细给出。课下问问题，会非常耐心地讲解（包括课上已经强调的问题）。也不知道这门课怎么上才是最好的，我觉得已经可以了。
62267,1261,杨勋年,2017-11-23 23:16:02,3,5,2,(눈_눈)耐下来心就听课，耐不下心就刷题(눈_눈)\n\n
62269,1261,杨勋年,2017-11-23 23:25:18,2,4,2,感谢勋年爸爸，给分确实不错
62270,1261,杨勋年,2017-11-23 23:41:13,-3,3,6,老师课上的不怎么样，但是给分好啊，数学课不是完全可以自学的么
62276,1261,杨勋年,2017-11-24 02:00:03,0,4,4,确实是一门自学的课，老师讲的虽然条理不清晰但不可否认还是对自学有一点帮助。给分好应该是真的吧。-----来自一个上课在后排斗地主成绩理想的…
62277,1261,杨勋年,2017-11-24 02:12:25,2,4,2,讲课没激情，全凭自学，不过给分好
62297,1261,杨勋年,2017-11-24 04:37:19,3,7,4,老师负责打高分，我负责自学，没毛病。听课后排根本听不到，考完觉得跪给分是惊喜...我也不知道怎么评价。
62359,1261,杨勋年,2017-11-24 11:25:41,19,21,2,对于不看PPT不看书也能把定理公式证明和知识点讲得很清楚的老师我都是很服的 语调几乎不变确实是一个梗 不过我觉得老师还是不错的
62367,1261,杨勋年,2017-11-24 12:20:24,1,3,2,讲的思路很清晰
62396,1261,杨勋年,2017-11-24 23:51:15,7,10,3,老师上课真的很好，不过确实有点口音，声音轻了点，但是讲课真的是很好的，真的不懂那些说催眠的什么心态…
62430,1261,杨勋年,2017-11-25 07:50:09,-4,1,5,对于这门课来说考的并不难，老师给分很好，完全自学也能考个不错的成绩
62688,1261,杨勋年,2017-11-26 11:31:26,-5,5,10,嘿嘿，虽然一节课没听过，但看在满绩的份上给老师10分
75959,1261,杨勋年,2018-03-23 01:49:25,-1,1,2,讲课一般。。。靠自学
76243,1261,杨勋年,2018-03-30 02:23:17,0,2,2,老师讲课存在内在逻辑，只是不直接说明，认真听就会发现，还是很不错的！
76537,1261,杨勋年,2018-04-13 02:33:16,0,2,2,一般吧。
76760,1261,杨勋年,2018-04-21 12:18:16,2,4,2,全靠自学呀全靠自学！每次上完课都布置一些还没讲的内容的作业，为了完成作业就要自学！然后下节课老师再把你自学的讲一遍然后重复下一轮自学。。。讲课还行吧，因为自学都会了所以感觉还是讲的挺清楚的。。。
76888,1261,杨勋年,2018-04-25 09:06:58,0,2,2,老师上课讲的很有意思，可以睡个安稳觉。\n\n
76889,1261,杨勋年,2018-04-25 09:07:41,0,3,3,老师上课讲的很有意思，这时候再配上一曲安眠曲 你一定睡得很香，作业什么的不用担心，上不上课都不用担心，因为作业都是自学，给分不用担心，完全不用担心，因为都是自学
76980,1261,杨勋年,2018-04-27 03:23:46,4,6,2,声音很好听，但是不至于催眠，很享受他的课堂
77279,1261,杨勋年,2018-05-04 10:00:07,16,19,3,尽管成绩还没出，良心评价，希望各位能顶上去，跪谢，首先我就问各位一个问题，在大学你见过几个老师是板书讲课，恐怕没几个吧！只要你认真听，自己真的看重把这门课学好，做好，再加上课前预习（尽管我有时候也做不到）首先听课质量很高，老师讲的很清楚（源于板书，好多用PPT真心很难提高效率）在做适当的课后练习当然不要局限于课本，这样自然学的好，最后成绩也不用说！
77299,1261,杨勋年,2018-05-04 12:07:00,0,3,3,成绩还没出来，但是先给个9分，老师真的不错，唯一可以称为缺点的就是语调，但认真听都能接受，至于那些想不听就会的，谁也救不了。
77440,1261,杨勋年,2018-05-05 14:34:55,1,1,0,很舒服的老师。
77583,1261,杨勋年,2018-05-06 16:09:29,9,12,3,老师还好吧，常微分不管哪个老师主要还是自学吧。蓝田文印店全场最佳。
77586,1261,杨勋年,2019-01-27 00:59:30,8,14,6,讲课水平稍low，全程自学；但是老师好像改卷稍微宽松考完后感觉情况和室友差不多。他是别的班的，结果第二天出分，91；我等到了第六天才出分，结果93，应该是老师多给了一些过程分。以上为常微体验。
77591,1261,杨勋年,2018-05-06 23:46:04,2,4,2,常微分 不点名不小测 我只去上过第一次课 后面都是交个作业就溜了(作业会发到邮箱里) 我负责自学 老师负责给分好 不错的老师
77595,1261,杨勋年,2018-05-07 01:05:40,3,5,2,对于常微分这门听课也没用靠刷题起飞的数学课，我觉得老师给分很好了…
77601,1261,杨勋年,2018-11-19 13:26:27,-39,6,45,课是听不懂的，但是没关系啊，给分好呀。怎么算都没有98....
77608,1261,杨勋年,2018-05-07 02:01:08,2,5,3,毕竟是自学的课，感觉老师很不错。给分很好。
77719,1261,杨勋年,2018-05-07 11:48:12,-1,2,3,不如用半节课自学，然后睡觉
77737,1261,杨勋年,2018-05-07 12:31:46,-8,3,11,上课没有逻辑全靠自学还专门卡绩点的老师了解一下。
77750,1261,杨勋年,2018-05-07 14:02:44,18,26,8,上课怎么样不知道，交了作业就走，从来没听课，基本自学。反正我满了。那些课不听，作业不做，书不看，试卷都没做完还说老师差的滚一边去。任何老师您能上4算我输。老师给你及格你还不说声谢谢。
77765,1261,杨勋年,2018-05-07 15:16:06,4,6,2,没上过，听说调分，而且调的挺高的，隔壁班哭出来
79890,1261,杨勋年,2018-06-15 02:38:27,2,3,1,常微分方程：不点名不小测 考核只看作业和期末考 每次作业都放在邮箱 正常上课不怎么互动 我上课的时候都是抄上周的作业一直没听 对上课的内容也无法评价 但考前答疑有一个积分积不来去问了老师 感觉老师真的很温和热心 不像上课那么不苟言笑 然后考前预习了三天 出分4.5 下学期复变还是杨老师 希望自己能抓紧写作业 认真听课??
80325,1261,杨勋年,2018-06-25 06:40:02,0,1,1,没听过课的表示，上课真的很无聊而且讲的没啥逻辑可言，但是自学刷一下打印店的试卷。给分很慢但是估计是在调分吧，我自己估计4.5的样子最后老师给4.8了，给分真的不错。
81346,1261,杨勋年,2018-07-05 00:55:41,0,1,1,听课蒙蔽，给分不糙\n\n
84710,1261,杨勋年,2018-07-13 15:01:30,0,2,2,给分超好(✪▽✪)
87217,1261,杨勋年,2018-09-26 00:05:37,0,2,2,第一次课说清楚什么时候交作业不行么。。。
87301,1261,杨勋年,2018-09-27 00:50:09,0,2,2,坐在后面看不清，听不见，听课体验极差
88429,1261,杨勋年,2018-10-31 01:16:03,0,3,3,一个学期没听过今天试着听一下，结果十分钟就睡着。。。只看讲课的话只能拿六分。。
89232,1261,杨勋年,2018-11-17 07:08:57,2,2,0,很可爱的老师，考试发挥一般，希望给分不要太差
89483,1261,杨勋年,2018-11-19 09:43:23,2,2,0,偶尔听到的一两句话总是那么有用。
89485,1261,杨勋年,2018-11-19 09:49:49,18,21,3,想满绩  找勋年
89496,1261,杨勋年,2018-11-19 10:16:20,1,1,0,老师其实挺好的，也很负责的啦，除了讲话有回声引人入眠，给分很好，就虽然听不进去课，但只要复习刷刷题肯定不会挂
89498,1261,杨勋年,2018-11-19 10:24:43,1,1,0,老师讲的...完全自学。不过给分感觉不错
89549,1261,杨勋年,2018-11-19 12:53:57,-1,0,1,日常睡觉
89570,1261,杨勋年,2018-11-19 15:45:54,1,1,0,给分好。。。真的好，讲课听不听没什么关系
89871,1261,杨勋年,2018-11-21 05:57:29,1,1,0,老师真的给分超好！因为听不进去老师上课，全程自学＋蹭别的老师课，没想到老师给分这么好
90079,1261,杨勋年,2018-11-22 05:30:19,2,3,1,...为什么完全没感觉给分好:-I
113851,1261,杨勋年,2019-07-07 18:20:23,2,3,1,上课真的催眠，给分真的不错。\n\n数据结构平时不点名但是偶尔有小测(提前一星期告知)，期末没有难题，只要你肯背，三道算法题甚至出了一道小测考过的。。。其他两题都是书上或者讲义里原封不动的内容。另外，基本知识还是要看看的，比如什么是数据结构(捂脸)他真的会考。。。
113867,1261,杨勋年,2019-07-07 22:18:18,0,1,1,挺迷的老师，但是给分真的不错o
113869,1261,杨勋年,2019-07-07 22:22:17,1,2,1,点名的话...就是靠小测喽\n\n考试不难....基础知识一定要会..\n\n什么是数据结构？逻辑结构？\n\n这种经常容易被忽略的知识点一定要看（我就没看，反而在背各种算法）\n\n\n\n上课贼无聊，完全可以自学\n\nproject 画图的特别坑...（可能我很菜，我同学貌似可以画出来...我画了整个周末还是失败告终，最后下载插件投机取巧画的）\n\n\n\n木有大作业！\n\n给分挺好！\n\n算法题一定要全写...毕竟不是上机，写了怎么都有分（别太过分！）\n\n\n\n勋年爸爸还是不错的...感觉数据结构比数据结构基础难，但是还有门高级数据结构？那难度自然没法和计院大佬比！
113917,1261,杨勋年,2019-07-08 00:35:32,-1,1,2,讲课迷，给分差
116348,1261,杨勋年,2019-09-09 00:49:58,5,6,1,一人血书求老师换个话筒\n\n不然一个短学期下来耳膜顶不住啊
116755,1261,杨勋年,2019-09-26 00:21:00,8,9,1,早八催眠曲
117615,1261,杨勋年,2019-09-26 17:37:33,8,9,1,说句公道话，条理清晰，讲得不错
117955,1261,杨勋年,2019-11-11 17:31:54,2,6,4,绩杀绩杀
118533,1261,杨勋年,2019-10-28 07:54:03,2,2,0,也就是说话声音催眠了一些，上的他的数据结构，讲的还是挺清楚的。
118569,1261,杨勋年,2019-10-28 15:24:29,3,3,0,讲的挺好的 很清楚细致 就是语速过于平稳hhh
118576,1261,杨勋年,2019-11-12 00:44:09,8,9,1,复变讲的还可
118785,1261,杨勋年,2019-11-13 08:09:04,-5,11,16,感谢xnbb！数分12线代全73的我这门复变96，感动哭了T﹏T
118920,1261,杨勋年,2019-11-07 23:38:20,5,5,0,跪求老师可以让过
119246,1261,杨勋年,2019-11-11 22:58:43,3,3,0,感谢老师捞我
119247,1261,杨勋年,2019-11-11 23:05:56,0,1,1,上课好好听，作业认真做，老师不会绩杀的
119249,1261,杨勋年,2019-11-11 23:30:48,-2,4,6,勋年男神！！！勋年nb！！！万万没想到这门数学课成为了我数学课的最高分！！！
119252,1261,杨勋年,2019-11-13 00:00:33,2,10,8,xnbb水平很高 人也很棒 说老师讲课混乱的 怕是自己跟不上吧……
119256,1261,杨勋年,2019-11-12 00:34:09,-90,4,94,92 被绩杀了 没什么好说的
119257,1261,杨勋年,2019-11-12 00:34:30,-3,1,4,高分！
119264,1261,杨勋年,2019-11-12 00:52:22,1,1,0,感谢xnbb海底捞！
119266,1261,杨勋年,2019-11-12 01:03:55,0,0,0,挺不错的
119277,1261,杨勋年,2019-11-12 02:04:31,2,2,0,好老师，好课，好助教，好菜的我? ?
119289,1261,杨勋年,2019-11-12 02:56:39,0,0,0,海底捞
119298,1261,杨勋年,2019-11-12 03:30:34,0,0,0,复变靠自学
119311,1261,杨勋年,2019-11-12 04:30:53,0,0,0,数学差不多都是以自学为主吧。反正有fdy那味。不过老师每节课前会把上一节课的主要内容（公式定理什么的）回顾一边，基本每次上课，都只听这一部分。然后开始睡觉或者预习上一节课的内容。
119327,1261,杨勋年,2019-11-12 05:48:07,1,2,1,老师讲的还行吧。。是我太菜了，喜提数学最低绩点，差点挂了，不确定是老师把我捞起来还是发生了什么。。。感觉也没错这么多。。。
119344,1261,杨勋年,2019-11-12 07:21:45,2,2,0,反对楼上和fdy类比，讲得真的挺好的
119360,1261,杨勋年,2019-11-12 08:46:30,0,4,4,说实话，不是很喜欢老师的讲课方式，虽然说写板书可能是一个老师的好习惯。但是写板书往往觉得有些混乱，再加上老师的语速，让人很难投入到其中，总是努力想集中精力好好听老师讲课结果没一会儿就听不进去，可能也是我自己太差的原因吧。
119369,1261,杨勋年,2019-11-12 10:41:02,4,5,1,老师其实讲得挺仔细的，我感觉老师的评分低主要是因为复变这门课本身像常微分一般比较玄，不像微积分那样在高中已有的系统之上去构建。\n\n个人感觉期末考试比平时的作业要简单（尽管如此我还是考出了数学类课程的最低成绩，可能是很多题目算错了吧QAQ），不管自学还是听课，平时注意跟进度，不然临近考试手忙脚乱。\n\n最后祝大家成绩理想。拜拜了复变。
120263,1261,杨勋年,2019-11-26 13:18:07,1,1,0,非常不错
123137,1261,杨勋年,2020-05-12 04:20:59,-24,4,28,据有限的接触认为，这位老师通过给分好来讨好学生，能力一般，却喜欢处处摆架子为难学生
125125,1261,杨勋年,2020-09-01 11:15:39,1,1,0,xnbb太好了！！！！！！数据结构给分真的太厚道了！！！！！而且考的也很基础。我爱xnbb！！！！！！！
126127,1261,杨勋年,2020-09-18 02:02:28,4,4,0,感觉杨老师不止8分
127369,1261,杨勋年,2020-11-21 11:52:56,7,7,0,这老师9分出头是肯定有的，给分也很好，不知为什么这么多人喷
127375,1261,杨勋年,2020-11-21 15:07:24,1,1,0,给分好
127385,1261,杨勋年,2020-11-22 06:54:09,6,6,0,老师很不错呀，讲课条理清晰，板书很好（方便记笔记）
127403,1261,杨勋年,2020-11-22 14:05:39,-1,1,2,讲课真的无聊，给分真的不错
127444,1261,杨勋年,2020-11-25 03:28:33,3,3,0,xnbb我爱你
127467,1261,杨勋年,2020-11-23 08:51:00,3,3,0,老师不点名，给分好
129571,1261,杨勋年,2021-01-07 14:06:35,1,1,0,老师讲课声音有点小，其他都好
137200,1261,杨勋年,2021-07-02 07:53:19,3,5,2,上课实在是讲的云山雾罩，听不进去听不懂，全靠b站自学
137881,1261,杨勋年,2021-07-06 12:58:56,4,4,0,老师讲的真的一般\n\n声音有点小\n\n但是常微分可以看书自学\n\n最后绩点还不错
137984,1261,杨勋年,2021-07-07 04:03:21,-1,0,1,xnbb真的太好了！！！海底捞，讲课也很认真(可能是我太菜听不懂。。。)给分很高
139157,1261,杨勋年,2021-07-13 04:02:12,1,1,0,啊啊啊
142591,1261,杨勋年,2021-11-14 02:30:55,3,3,0,老师，十分给你打好了，剩下的就靠你了
142592,1261,杨勋年,2021-11-14 03:35:21,4,5,1,讲的不好就是讲的不好 是事实\n\n不过好处是他不点名 可以翘课去自己看网课学
142945,1261,杨勋年,2021-11-17 16:27:45,6,9,3,从不点名，给分超好\n\n我都不知道怎么被捞到这个分数的，小测估计对了一半，考试两个保角映射全错外加证明题空白……
142953,1261,杨勋年,2021-11-17 23:53:58,1,2,1,出分很快，一点没捞，很求是，小测比其他老师难
142967,1261,杨勋年,2021-11-18 02:03:30,4,4,0,给分好
142968,1261,杨勋年,2021-11-18 01:32:39,3,3,0,给分好
142970,1261,杨勋年,2021-11-18 01:49:28,1,4,3,老师给分超好（lz期末考目测80左右被拉到满绩），不过上课怎么说呢，中规中矩吧。老师的确按教材讲下来，所有知识点都覆盖了，但本人感觉他题目讲的不多，而且确实不是那种饱含激情的老师。不过结合一下自己的努力，他也是很不错的一个老师
142985,1261,杨勋年,2021-11-18 03:48:54,3,3,0,勋年勋年，我滴超人！
142987,1261,杨勋年,2021-11-18 04:02:18,2,2,0,神中神，世界第一给分（表示愧对这个分数）
143035,1261,杨勋年,2021-11-18 09:24:19,1,1,0,给分非常好，平时课堂上也比较宽松，但是上课板书，坐在后排可能看不见。
143040,1261,杨勋年,2021-11-18 10:24:37,-1,0,1,给分超好，顺带给助教哥哥打个五星好评/doge
143082,1261,杨勋年,2021-11-18 23:58:56,4,5,1,真心好老师，坐前排会发现讲课非常清晰，完全板书，讲课进度也很靠谱，第五章讲完会有一次小测，不过老师今年小测貌似没有把握好题量，但是捞的真的很厉害，不太擅长数学且自我感觉考的很差的选手竟然满了。
152781,1261,杨勋年,2022-04-19 16:46:07,3,3,0,这学期好像也在带常微分，给分相当不错！
152818,1261,杨勋年,2022-04-20 06:33:51,2,2,0,老师很有魅力！讲课很认真负责~
152824,1261,杨勋年,2022-04-20 07:36:54,2,2,0,给分真的好
152870,1261,杨勋年,2022-04-21 04:56:01,1,1,0,给分真的好
152901,1261,杨勋年,2022-04-21 12:08:37,1,1,0,给分超级好！！！！！！
153017,1261,杨勋年,2022-04-23 15:09:58,3,3,0,给分真的很好，你想不到的好。\n\n老师真的很认真负责，讲课其实挺好的，但是没预习的话听课确实有点困难。
161122,1261,杨勋年,2022-10-27 15:30:17,1,1,0,超有气质\n\n我是男生，但我恋爱了
162172,1261,杨勋年,2022-11-17 08:45:36,-1,0,1,又帅、又有魅力、给分超好\n\n我的神！
162173,1261,杨勋年,2022-11-17 08:46:04,-1,0,1,给分真的巨好
162188,1261,杨勋年,2022-11-17 11:47:23,-1,0,1,勋年伯伯我大爹呜呜呜
163421,1261,杨勋年,2022-12-14 09:06:33,0,1,1,给分好
168817,1261,杨勋年,2023-02-22 12:37:24,-1,0,1,给分好，满了
170020,1261,杨勋年,2023-03-01 04:02:42,0,0,0,影流之主
173773,1261,杨勋年,2023-06-02 13:13:22,0,0,0,拒绝拒绝
176438,1261,杨勋年,2023-06-29 02:17:47,3,4,1,我再爬回来打个10分
182545,1261,杨勋年,2023-11-17 10:22:35,-9,2,11,复变函数讲的很乱，问小测相关问题还爱答不理，问了三句，回复我两个字，基本等于没学
182735,1261,杨勋年,2023-11-21 04:07:30,11,13,2,讲得很好，但秋学期复变期末挺难的，还没出分，来打个10分，不想因为出分后分数不理想给老师低分。老师上课很负责，板书很工整，非常棒。\n\n———————————————-\n\n出分了，4.8，和预期差不多，还是非常感谢老师。
182827,1261,杨勋年,2023-11-20 13:15:42,2,5,3,从来不点名，超级捞超级捞，期末试卷没几道会的最后4.8
182837,1261,杨勋年,2023-11-20 14:14:23,4,5,1,杨勋年你是我爹
182838,1261,杨勋年,2023-11-20 14:15:56,0,0,0,上课不点名，纯板书，小测考到留数，坐中排靠后基本上就听不到老师讲什么了，想自学的可以坐到后排，基本上每周都做好作业，考试前做好复习都能过关，对微积分学得好的同学还是很友好的。考试题型一般会有两道保角映射，两道拉普拉斯变换，留数相对于微积分来说是比较新且重要且难的点，一定要把握住留数。本人上课摸鱼没听过，课后作业认真做，期末考前看历年题，最后考得对于摆烂的本人来说拿到了3.9绩点，个人觉得还不错。当然这只是给个本人的视角，能力足够的同学可以往上冲
182850,1261,杨勋年,2023-11-20 15:37:23,2,2,0,讲课明白，有种娓娓道来的美感
182925,1261,杨勋年,2023-11-21 06:15:24,2,2,0,给分超级超级好，我的神！
183543,1261,杨勋年,2023-11-27 08:42:02,2,2,0,你们负责好好学，我负责给分好
183658,1261,杨勋年,2023-11-28 07:47:46,2,2,0,爹，真的爹，别的不说了
186671,1261,杨勋年,2024-01-12 11:58:39,4,4,0,每节课都上，然后坐在第一排，超认真的学，几乎所有的时间都花在微积分上\n\n老师上课就照教材按部就班的讲，只能说一般但绝对不差（如果你能控制自己不要走神）\n\n助教zck是真的习题课感觉准备很多但非常水\n\n但是我觉得这个绩点配不上我的努力和时间啊啊啊啊啊啊啊啊啊啊啊
191574,1261,杨勋年,2024-04-25 07:39:44,7,7,0,老师课间纸质点名，且课间进来的不给补
192617,1261,杨勋年,2024-05-25 06:43:53,4,5,1,不上课比上课的收获更多
194281,1261,杨勋年,2024-06-23 05:54:25,3,4,1,作业超多 给分很求是 看着选吧
199792,1261,杨勋年,2024-09-30 02:48:40,0,0,0,微积分不太行。
200671,1261,杨勋年,2024-10-21 00:28:51,7,7,0,讲课是坨屎，语气平淡没起伏，还根本不管学生听不听得懂，自己讲自己的，没话说
202450,1261,杨勋年,2024-11-12 23:49:06,-4,1,5,复变教的很好，认真听了发现老师讲的很深入浅出。期末补天看智云有感。
202489,1261,杨勋年,2024-11-13 02:02:21,3,5,2,复变给分尚可，不点名，不过讲的实在有点一般，还不用ppt…
207608,1261,杨勋年,2024-12-23 08:36:57,1,1,0,不点名，去不去上课无所谓，有一次小测但是和前几年的相似度非常高（98上能找到）
208114,1261,杨勋年,2024-12-25 15:48:42,0,1,1,好老师，事少分高，无需多言(虽然作业比较多，讲课一般般，但是短学期嘛，主要靠自学，而且老师平时分拉满，真心不错
213693,1261,杨勋年,2025-01-19 07:21:08,0,1,1,自学友好型老师，上课从不点名，除了期中小测以外的课都可以不去。期中小测和历年的重合度很高，建议去98找找、做一遍，平时分基本就没问题了。总的来说，老师还是挺捞的，事少分高，建议选！
219796,1261,杨勋年,2025-06-06 12:09:16,1,1,0,作业多，讲课一般，不过只点一次名，斟酌着选吧
220084,1261,杨勋年,2025-06-14 21:47:15,1,1,0,点过一次名，老师人很好，成绩还没出，希望老师能网开一面给我个救赎的机会
48,1265,吴国桢,2015-03-14 15:31:48,66,80,14,负责
2023,1265,吴国桢,2018-09-19 15:47:43,30,40,10,讲的有条理，人很好
2241,1265,吴国桢,2015-04-13 15:59:10,27,32,5,答疑认真有耐心 长得也好~
3194,1265,吴国桢,2015-05-20 02:41:31,-49,14,63,自以为是的老师，去上个厕所说我旷课
6778,1265,吴国桢,2015-07-23 01:47:10,-28,13,41,大一上吴国祯老师的概统，然后满了…\n\n讲的蛮不错的，上课节奏很合适，就是如果学校放假啥的不会牺牲自己的时间为学生考虑的…
8391,1265,吴国桢,2015-09-21 02:23:04,6,13,7,讲得蛮好
9527,1265,吴国桢,2015-10-29 08:17:13,18,22,4,讲得好！我觉得他长得帅
12569,1265,吴国桢,2015-12-23 13:39:37,9,14,5,上课风趣～易于理解
13471,1265,吴国桢,2015-12-28 07:53:25,1,7,6,讲得很仔细，主要上课认真听很容易学好
14076,1265,吴国桢,2016-01-04 06:08:31,-1,1,2,\n\n
14889,1265,吴国桢,2016-01-10 16:53:33,-14,2,16,会让你不停去听幕客然后和他ppt一模一样
18016,1265,吴国桢,2016-01-21 06:08:29,-2,4,6,上课还真没听懂过几次哎。。。出分好慢 快点啊
18240,1265,吴国桢,2016-01-21 10:26:02,5,9,4,老师我爱你！
18241,1265,吴国桢,2016-01-21 10:27:48,0,9,9,满了，哈哈！！！
18244,1265,吴国桢,2016-01-21 10:29:51,0,2,2,老师讲得很详细，也很幽默，给分也很好，大爱！！！
18247,1265,吴国桢,2016-01-21 10:31:00,1,4,3,讲概统的好老师，讲课很好很负责，课后认真答疑，老师的PPT很好，建议可以好好看一看！
18269,1265,吴国桢,2016-01-21 10:56:27,0,3,3,讲的很细致，适合文科背景的学生。
18282,1265,吴国桢,2016-01-21 11:28:07,1,4,3,老师讲课超赞的，但是下课要自己看（毕竟数学课没有不用看书的），很负责任的老师\n\n
18328,1265,吴国桢,2016-01-21 12:48:29,1,2,1,人很好 主要看考试
18355,1265,吴国桢,2016-01-21 13:15:42,1,12,11,满了哈哈哈 在几个概统老师里面算好的！最后估计调分了，概统期末刷题要满不难
18572,1265,吴国桢,2016-01-22 04:47:27,1,3,2,感觉是这几个概统老师中讲得最好的老师了，大爱吴老师
19063,1265,吴国桢,2016-01-23 07:29:44,1,2,1,讲得比较清楚，靠谱
19144,1265,吴国桢,2016-01-23 10:53:58,1,2,1,很不错的老师
19262,1265,吴国桢,2016-01-25 08:49:55,-1,1,2,
19293,1265,吴国桢,2016-01-23 23:34:31,1,2,1,条理清晰，很有逻辑
19595,1265,吴国桢,2016-01-25 01:12:37,0,2,2,老师讲的特别好～很多其他班的同学还特意来听
20359,1265,吴国桢,2016-01-27 06:58:00,0,2,2,讲得很好
28198,1265,吴国桢,2016-06-28 08:15:10,0,2,2,讲课有条理
28421,1265,吴国桢,2016-06-28 08:55:43,3,5,2,草鸡好的老师，概率论学的好轻松
32159,1265,吴国桢,2016-07-06 00:13:58,1,5,4,自己渣不能怪老师。。。10分
38394,1265,吴国桢,2016-12-02 02:28:38,-1,5,6,讲得很好 很细 有条理
41148,1265,吴国桢,2017-01-09 13:31:31,30,33,3,吴老师教概统还是不错的，隔壁张南松的学生都喜欢来蹭课
44474,1265,吴国桢,2017-01-18 00:56:06,4,6,2,嗯，认真学了一学期最后因为自己状态不行脑子短路感觉要挂，老师人真的很不错，跪求师生情！分数没出来前祈祷一下
45913,1265,吴国桢,2017-01-20 09:02:26,0,1,1,谢老师不挂之恩
46036,1265,吴国桢,2017-01-20 13:02:57,0,3,3,教的很棒，人很nice，给分也不错！！
46050,1265,吴国桢,2017-01-20 13:42:53,0,3,3,好老师。很负责任。后面的课还给我们复习。老师很亲切，很好。
46061,1265,吴国桢,2017-01-20 14:05:54,2,5,3,我遇到过讲课最有条理的老师之一，上课上的很好。我觉得上课能跟住老师，概统就没什么问题，课后不需要花很多时间。给分的话比较严格吧。
46073,1265,吴国桢,2017-01-20 14:39:14,2,5,3,为什么大家都说概统简单?不过老师很好啊
46193,1265,吴国桢,2017-01-21 01:48:45,0,1,1,讲得挺好的，幽默风趣，平时成绩给的不错\n\n\n\n\n\n
46385,1265,吴国桢,2017-01-21 12:21:31,1,2,1,讲的炒鸡好，负责认真
46568,1265,吴国桢,2017-01-22 03:00:54,0,1,1,老师讲的很细致很不错的，给分的话就是严格按照他的一套标准吧，只要好好学还是能拿到很好的分数的
46772,1265,吴国桢,2017-01-22 09:54:08,0,2,2,思路清晰，没有口音！敲重点！！没有口音！！！给分还不错，很求是
47016,1265,吴国桢,2017-01-23 09:40:23,-2,2,4,教改就严格按平时成绩期中期末给了，不知道和老师关系多少了。毕竟很多隔壁南松的同学来旁听嘛，大家都懂。
47040,1265,吴国桢,2017-01-23 10:29:06,0,3,3,老师讲得很棒呀～有的帅哈哈哈
47773,1265,吴国桢,2017-02-24 08:14:41,-10,3,13,能过得给挂哦 这老师很棒哦
48552,1265,吴国桢,2017-03-07 07:23:11,1,2,1,男神我爱你
52238,1265,吴国桢,2017-06-16 08:55:16,18,23,5,概统难度适中，老师讲课思路清晰，但是成绩嘛……下学期会再选他的概统的……
55639,1265,吴国桢,2017-07-02 05:29:06,-8,5,13,讲课是还好，可是总分比期末考试分还低是几个意思？平时作业漏交是因为生病也说明情况了，交的作业里大多数都是A，然后作业分就给85？真心好奇满分标准是什么。
55939,1265,吴国桢,2017-07-02 16:51:31,0,1,1,逻辑挺清楚，人很负责，期末发邮件查卷面成绩题目错在哪里仔仔细细的都回，满分
56144,1265,吴国桢,2017-07-03 06:48:30,1,1,0,讲得稍微有点快
58866,1265,吴国桢,2017-09-18 06:32:10,34,36,2,nlchcg
58896,1265,吴国桢,2017-09-18 10:21:50,-5,2,7,恶竞严重
59560,1265,吴国桢,2017-09-22 18:30:55,0,1,1,真的很棒的老师\n\n
66468,1265,吴国桢,2018-01-17 02:03:28,4,6,2,老师超级像家有喜事里面的黄百鸣
66483,1265,吴国桢,2018-01-17 03:23:35,13,16,3,zns班上来的，跟着wgz蹭了一学期的概统，只是遗憾查老师不能打100分。
66699,1265,吴国桢,2018-01-18 10:42:23,0,1,1,条理清晰，认真负责
66845,1265,吴国桢,2018-01-19 07:30:24,3,6,3,谢老师不挂之恩
68602,1265,吴国桢,2018-01-23 12:49:50,2,3,1,谢谢老师！在大雾爆炸的今天给了我安慰。
68605,1265,吴国桢,2018-01-23 12:52:10,1,2,1,老师太棒啦！讲课条理清晰，对学生耐心负责！给分还好！
68931,1265,吴国桢,2018-01-24 06:33:12,15,16,1,努力才会成功
69119,1265,吴国桢,2018-01-24 08:42:39,-7,5,12,上课表情有时候有点猥琐，但是讲的超级无敌好，认真做作业5.0 so easy！
69152,1265,吴国桢,2018-01-24 09:04:25,2,5,3,好好好好，终于有一门数学超过学科均绩了
69806,1265,吴国桢,2018-01-25 12:17:28,1,1,0,老师幽默风趣，而且讲的也很清晰透彻，强推。
70037,1265,吴国桢,2018-01-26 04:43:26,2,4,2,满了！从来没想过数学会满！讲的超级仔细！认真听的话收获很大！吴老师真的很好很好！期末的ppt也整理得很棒！多刷历年卷做好课后题的话 概统学得会很棒的！谢谢男神！
70913,1265,吴国桢,2018-01-28 00:09:48,0,1,1,很棒的老师，思路清晰！
71790,1265,吴国桢,2018-01-29 03:12:35,2,3,1,很细致的老师，而且是个excel高手?
72350,1265,吴国桢,2018-01-30 02:50:10,2,4,2,跟着老师好好学，否则你会错过一门满绩
74811,1265,吴国桢,2018-03-06 04:04:07,1,2,1,非常好非常好
85808,1265,吴国桢,2018-08-15 05:14:11,0,1,1,讲课很好
99935,1265,吴国桢,2019-01-25 10:10:40,9,10,1,老师的PPT是真的不错啊，看了PPT再看教材发现那个书真的太乱了，emmm，缺点大概是出分好慢。。不过估计在调分？希望如此。(还没出成绩的我来评论一波)
100915,1265,吴国桢,2019-01-27 06:01:21,4,6,2,没出分前先来评论一波，老师简直就是我男神，希望给分也好！
101176,1265,吴国桢,2019-01-28 01:13:19,-1,4,5,考了个稀巴烂老师还是给了不错的分呜呜呜...谢谢老师！
101179,1265,吴国桢,2019-01-28 01:19:56,0,8,8,老师真的很负责 讲课很有条理 微积分濒临挂科边缘的我概统竟然上4了 谢谢老师 要是老师也上微积分就好了
101189,1265,吴国桢,2019-01-28 01:43:36,-31,4,35,ppt很有条理，讲得很清楚，例子也多。\n\n考试明知已错题，老师出分稍慢，但是竟然98？！
101208,1265,吴国桢,2019-01-28 02:05:46,-34,1,35,上课有条理，逻辑清晰，只是下来问他问题感觉很敷衍。给分看个人努力，概统课本来考试就很简单，不存在调分的。不过只要稍微用点心，很容易就满绩了
104712,1265,吴国桢,2019-03-26 10:08:48,1,3,2,好老师！很棒！
111776,1265,吴国桢,2019-07-02 22:39:38,-15,5,20,学习攻略：历年卷+背公式。概统很简单的，稍微努力一下就能满了
111879,1265,吴国桢,2019-07-03 01:51:28,-24,1,25,老师讲课略快 但是调理清晰 考前看一遍书刷刷题就满了?
111989,1265,吴国桢,2019-07-03 05:56:36,1,4,3,这课分低分高看自己吧有一说一毕竟在数学科目里算简单了
112150,1265,吴国桢,2019-07-03 17:38:53,5,12,7,老师没有师生情，真的会挂...
120975,1265,吴国桢,2020-01-19 06:13:55,0,2,2,上课准备非常充分，而且思路十分连贯。虽然概统的内容决定了这门课有些无趣，但是认真听老师讲还是很有收获的。
125277,1265,吴国桢,2020-09-05 10:29:38,8,12,4,在吴老师班上满了。第一次上的是zzh的课，数理统计部分没怎么听懂，考试也没复习好拉胯的不行就2.4，在吴老师这里认真听了也做了题就，最终5.0。概统不难，但一定要认真听课和刷题，相信这样拿个高绩点不难的。
125285,1265,吴国桢,2020-09-05 13:45:47,1,2,1,老师好棒，真的条理清楚逻辑清晰，ppt就像我的第二本教材，还是带笔记的那种
131818,1265,吴国桢,2021-01-29 04:15:40,3,4,1,讲的很清楚，给分好
131937,1265,吴国桢,2021-01-29 10:54:28,-4,0,4,感谢老师！ppt特别清晰 例题很全 复习的时候认真看一遍基本就都能懂了的 给分也很好 第一门满的数学 太感动了
141344,1265,吴国桢,2021-09-30 05:48:38,2,3,1,虽然只上了没几节课，但我觉得吴老师真的很耐心，很细致。
145215,1265,吴国桢,2021-12-28 09:04:39,3,4,1,老师是真的好老师，是我太菜了哈哈哈，不管怎样感谢老师的耐心指导
148687,1265,吴国桢,2022-01-13 08:20:23,4,7,3,除了差点进概统出分决赛圈以外\n\n老师很棒\n\nppt真的很nice 复习的时候甚至都没过书\n\n全看ppt的\n\n满了～
148688,1265,吴国桢,2022-01-13 08:24:05,-61,4,65,上课令人昏昏欲睡，给分玄学，跟室友差不多水平他4.2我2.7，直接破防
148697,1265,吴国桢,2022-01-13 08:45:25,2,2,0,选！给我选！及格了！
149539,1265,吴国桢,2022-01-16 02:05:20,-35,5,40,概统根本没用过书hhhh我觉得吴老师的ppt非常清晰易懂。上课内容基本上是知识点公式+20多道例题。概统期末大约复习了12个小时，最后满了～谢谢老师
155793,1265,吴国桢,2022-06-16 04:24:41,2,3,1,老师我给您打了10分，可千万别挂我呜呜，期末考太差了我
156394,1265,吴国桢,2022-06-19 10:38:17,4,4,0,吴老师讲课很清晰！认真听结果必不会差！！！很温柔的来事课下答疑也很耐心！钉钉回复也及时！
156423,1265,吴国桢,2022-06-19 14:26:28,-1,0,1,上课体验还是不错的，尽量会把概统的一些理论细节讲清楚（虽然这些也不怎么考\n\n这个学期出分倒是很快，考完三天就出分了~
168961,1265,吴国桢,2023-02-24 00:23:40,8,13,5,趁没出分前先来道个歉，吴老师对不起，翘了你一学期的课和作业，期末考老师收卷的时候我还在问您的名字，奢望您最后能捞捞～-～
169160,1265,吴国桢,2023-02-24 13:16:15,4,4,0,帅哥，负责任，给分也很好，这样的好老师还不速冲吗
169179,1265,吴国桢,2023-02-24 14:02:42,0,0,0,老师很好，我很菜，呜呜
169205,1265,吴国桢,2023-02-24 15:47:46,1,1,0,捞了一手
169309,1265,吴国桢,2023-02-25 10:46:14,4,4,0,老师上课讲得很好 题型讲得很全 期末也捞了我呜呜呜
169421,1265,吴国桢,2023-02-26 05:40:17,3,3,0,讲的好给分好
169750,1265,吴国桢,2023-02-27 15:57:35,7,11,4,上课好给分好，微积分和线代学的无比废物的我，概统都能直接满绩
175807,1265,吴国桢,2023-06-26 23:20:11,4,4,0,认真负责，授课水平很高，讲课非常有条理，但却也特别关心同学，题目怎么拿分，答题步骤，知识点会给你整理得井井有条，总是在提醒小测和讨论，生怕大家错过，私下去问问题会很耐心的解答，真的超好的老师
177162,1265,吴国桢,2023-07-02 02:29:32,0,0,0,老师讲课非常细致，很容易接受
186097,1265,吴国桢,2024-01-08 10:39:46,2,2,0,吴老师最后一节概统了。确实是好老师，希望老师退休之后能够身体健康，万事如意！
186303,1265,吴国桢,2024-01-10 11:54:14,2,3,1,老师真的好声音洪亮但脾气又好，讲的生动形象！虽然讲课看上去不苟言笑，但是总是能讲得很幽默风趣，适合结伴听课，听到有趣的地方可以相视一笑。你们如果能选上一定一定要认真听讲！不然对不起这彩票运气！
186695,1265,吴国桢,2024-01-12 14:01:12,2,2,0,老师讲课很好，希望期末考试可以捞捞🥹
186864,1265,吴国桢,2024-01-13 09:30:38,2,2,0,老师真的讲的很好很细致，小菜狗也能跟得上，不过作为一个数学天赋平平的人，还是建议课后也花一点功夫，不然就会像我这样，在没出分前跑过来，求老师捞捞
187954,1265,吴国桢,2024-01-18 01:46:56,1,1,0,gz爷爷真的超好，直接把我捞过斩杀线 爱死了
188946,1265,吴国桢,2024-01-20 17:27:00,0,0,0,讲课条理清晰，给分的话概统课程应该都没什么差别，不太确定老师真的捞了吗（）
189167,1265,吴国桢,2024-01-22 08:13:05,4,5,1,数学无比的废物，因为ckc，饱受数学一年半摧残和折磨，真的学不懂。\n\n但是！！！老师无比好！！！上课ppt很有条理，也很幽默，非常和善。最关键的是！！！我期末考卷面也就三十来分的样子，竟然把我捞及格了啊！！！！！！您就是永远的红太阳！！！永远感激您！！！\n\n捞王\n\n可惜听说老师马上退休了，完全看不出老师已经到退休年龄了，看上去只有四十多岁的样子。反正，感激您！！！因为有您，我才得以没有挂科！！！
189252,1265,吴国桢,2024-01-22 15:17:04,0,0,0,海底捞
190056,1265,吴国桢,2024-02-17 14:12:19,2,2,0,我爱你
195695,1265,吴国桢,2024-06-29 15:43:46,2,2,0,如果你选上吴老师的课，那么你遇到一个好老师的概率一定是100%
196076,1265,吴国桢,2024-07-01 12:29:34,1,1,0,好老师，ppt结合题型和做题方法，思路清晰的不谈。课前点名，持续时间很长。
196581,1265,吴国桢,2024-07-04 06:22:02,2,2,0,老师真的很希望大家学好概统\n\n在需要微积分运算的地方都会细细地推导，对于每个统计量是干啥的都有很清楚的逻辑\n\n选上吴老师是我的幸运 给分也好
197258,1265,吴国桢,2024-07-10 03:16:22,2,2,0,我遇到过的最好的数院老师!
199462,1265,吴国桢,2024-09-24 05:25:46,5,5,0,老师长得好像尊者啊
204465,1265,吴国桢,2024-11-26 05:20:41,-28,1,29,作业多
209781,1265,吴国桢,2025-01-07 05:45:12,0,0,0,老师我给您磕了，求您千万不要挂我，先把10分给您奉上😭
210383,1265,吴国桢,2025-01-09 04:33:12,1,1,0,求捞 10分先奉上
211573,1265,吴国桢,2025-01-12 02:47:37,6,6,0,神中神，本来以为要挂了，结果捞的比想象中高很多😭大爹给您磕一个
211584,1265,吴国桢,2025-01-12 03:05:59,1,1,0,老师讲的好，人也好，巨捞！！！
211588,1265,吴国桢,2025-01-12 03:20:49,1,3,2,平时分只要你每次签到都去，作业每次都写，5个讨论都参加就能拿满。30分小测和40分期末看自己实力了，老师捞不了。没仔细上过老师的课，最后靠自己自学到了4.8
211596,1265,吴国桢,2025-01-12 03:35:58,1,1,0,gz爷爷真是海底捞吧😋😋😋
211598,1265,吴国桢,2025-01-12 03:46:02,0,0,0,上课体验特别好，出分也捞，yyds～
211615,1265,吴国桢,2025-01-12 04:20:10,2,2,0,吴国桢老师上课认真负责，给分也很好
211617,1265,吴国桢,2025-01-12 04:25:57,0,0,0,讲得很好，给分也好，今年期末改卷应该是比较松的。好老师，很推荐
211625,1265,吴国桢,2025-01-19 00:51:30,-54,4,58,无敌了，平时分扣一分，出分99，这什么捞王实力！吴爹受我一拜(这期末有什么难的，真没高考难吧。。。)
211669,1265,吴国桢,2025-01-12 06:36:37,1,1,0,上课上得很好，ppt也做得很好，而且捞王！期末根本没做出来几个题，以为要挂了结果被捞到七十几了我哭死
212443,1265,吴国桢,2025-01-14 04:13:16,0,0,0,老师第一次点名会提前通知，讲课很好，给分也很好，今年概统很难，小测还丢了几分，但最后还是被捞上4了。
212687,1265,吴国桢,2025-01-14 13:00:52,0,0,0,无敌好老师，概统捞王，必须满分
213344,1265,吴国桢,2025-01-17 04:18:43,0,0,0,多的不说，wgz你是我老爸
214053,1265,吴国桢,2025-01-23 10:07:50,2,3,1,事实证明，是有斩杀线的，期末考前一天补天失败了。。。59挂了，隔壁zzh斩杀线以下都捞起来了，老吴可能不会这样吧。没事，开学补考见
214553,1265,吴国桢,2025-02-12 14:26:57,0,0,0,老师超级好！
218932,1265,吴国桢,2025-05-13 14:34:12,3,4,1,课程改革和老师的小测恶趣味毁了概统这门课！
219242,1265,吴国桢,2025-05-23 09:34:35,-3,2,5,纯cs，每节课都小测，还不提前通知。还在课上临时调节小测的安排，一会说测一会说不测的，千万别选
219472,1265,吴国桢,2025-05-28 06:37:39,1,1,0,虽然老师是传奇小测王（指由于学在浙大崩盘这届开始改为线下小测，规定测两次，但是老师到现在为止测了五次，三次小测前还不提前通知，并且上课感觉时间来不及还可能不测，小测时间也比较紧张，小测堪比大物，有过之而无不及）\n\n但是老师讲课水平确实高，ppt做的也很详细，小测也是赋分，个人感觉不会太影响最后的平时分，但是测试不提前通知太累了，经常就是连着小测，有几次几周都连续测试真的累了（），还没期末考，看看老师给分如何。
219608,1265,吴国桢,2025-05-31 14:04:19,0,0,0,老师太好了🥹🥹🥹
221329,1265,吴国桢,2025-06-23 03:30:19,5,5,0,吴连测的求是精神，吴底捞的人文关怀\n\n概统的魅力何尝不是置信度再高的不小测估计都会遇到老师放荡不羁的P值呢
221339,1265,吴国桢,2025-06-23 04:05:27,0,0,0,老师人超好
4020,1299,卢涤明,2015-06-17 14:06:09,3,8,5,爽！
4112,1299,卢涤明,2015-06-17 23:03:06,7,9,2,好
5743,1299,卢涤明,2015-07-09 08:26:43,2,5,3,超级赞
7696,1299,卢涤明,2015-09-15 09:42:30,-15,1,16,一般
7945,1299,卢涤明,2015-09-16 07:30:55,-2,3,5,讲太快
8290,1299,卢涤明,2015-09-18 03:58:09,-4,8,12,考试写错也不扣分的！！！大家平常跟他搞好关系
8324,1299,卢涤明,2015-09-18 10:08:42,24,29,5,毕卢！
8341,1299,卢涤明,2019-07-03 12:40:11,-35,8,43,不知道为什么会有那么高的分数，很多知识点都讲错了，讲的主次不分颠三倒四。线性代数只能靠自学。
11701,1299,卢涤明,2015-12-11 16:30:23,-22,1,23,不怎么样
13074,1299,卢涤明,2015-12-24 17:13:25,-3,2,5,讲课有时候会听不懂口音。。板书必须得跟着听才能看懂，拍下来再看就懵了。
13149,1299,卢涤明,2015-12-25 03:23:58,0,4,4,看书看得挺明白的，但老是被他讲晕。。不过挺和蔼的。。
13272,1299,卢涤明,2015-12-26 05:10:35,31,36,5,毕颙！
13301,1299,卢涤明,2015-12-26 11:06:42,21,26,5,毕顒
13485,1299,卢涤明,2015-12-28 10:44:10,1,3,2,很清楚，乐意回答问题
13510,1299,卢涤明,2015-12-29 00:03:57,6,8,2,见过的最好的线代老师
14134,1299,卢涤明,2016-01-05 00:44:10,13,14,1,讲得超级清楚 走在路上会特别和蔼地和你打招呼 最喜欢的老师
14135,1299,卢涤明,2016-01-05 00:47:58,4,5,1,讲课很细心，答疑也很仔细，上课就是一种享受～还是一个超级萌的人～
14182,1299,卢涤明,2016-01-05 07:54:24,2,3,1,不错啊
14771,1299,卢涤明,2016-01-09 02:26:57,5,7,2,年轻时候肯定是帅哥一枚
18851,1299,卢涤明,2016-01-22 15:36:58,4,6,2,线代II讲的中规中矩吧，没有98上评论的那么不堪，卢老师对老黄的评价也蛮高的，也挺喜欢跟学生聊天
19085,1299,卢涤明,2016-01-23 08:36:28,0,1,1,好好好
19100,1299,卢涤明,2016-01-23 09:03:47,3,4,1,涤明男神！！后悔没选他线代2
19111,1299,卢涤明,2016-01-23 09:20:52,-2,3,5,线代一均绩明明2.9\n\n
19112,1299,卢涤明,2016-01-28 02:59:20,2,3,1,卢老师讲得很好，也很博学，很耐心
19114,1299,卢涤明,2016-01-23 09:33:26,7,8,1,老师人超好 然而线代以普遍给分低也没办法
20244,1299,卢涤明,2016-01-26 16:00:23,0,3,3,老师很赞啊~给分不错。回答问题超认真，多问问题再发发邮件他就会记住你啦
20488,1299,卢涤明,2016-01-28 00:23:23,0,1,1,老师讲课真的很好，我跟喜欢
21380,1299,卢涤明,2016-02-28 11:15:37,2,3,1,毕卢！
23791,1299,卢涤明,2016-04-17 01:05:59,1,2,1,老师的课太好玩了，尤其是老师太萌了
24223,1299,卢涤明,2016-04-28 14:12:47,1,2,1,老师把复杂的线性代数讲得深入浅出，非常棒！
24226,1299,卢涤明,2016-04-28 14:36:48,1,2,1,老师上课很亲切，可以让所有人都听得很认真，考试内容比讲课内容简单很多，还是非常贴心的。
24230,1299,卢涤明,2016-04-28 14:53:48,1,2,1,很明白
24247,1299,卢涤明,2016-04-29 00:23:58,-48,1,49,上课一直在玩手机游戏居然还有4.8，线代二不能更水
24248,1299,卢涤明,2016-04-29 00:22:58,-11,5,16,作业又少考试又简单 轻轻松松满绩
25204,1299,卢涤明,2016-05-08 01:47:47,5,7,2,那个说线代二不能更水的是个私下里特别刻苦的学霸，所以请一定踩她谢谢。老师讲得很好，题目是平常做过的。
26511,1299,卢涤明,2016-06-19 13:07:17,1,2,1,非常棒
26613,1299,卢涤明,2016-06-20 11:05:40,0,1,1,讲的思路非常清晰，把抽象的知识讲得很具体
28350,1299,卢涤明,2016-06-28 08:38:29,7,8,1,踩掉出题简单的一定都是学线代一的吧……线代二确实是出题简单给分好的。卢老师是我听过的讲数学最清晰最有条理的老师，虽然证明定理时偶尔会挂在黑板。但是上他的课收获的绝对是高视角，Linear Algebra Done Right这本书被他这么一讲，才显得名不虚传。
47154,1299,卢涤明,2019-03-26 01:04:09,-100,3,103,这个老师就是个傻逼
59120,1299,卢涤明,2017-09-20 00:08:27,3,3,0,很和蔼的一个老师。
60872,1299,卢涤明,2017-11-01 01:03:00,15,16,1,蹭课党表示：如果说隔壁班是干涸的河水，这里简直是知识的海洋。
61775,1299,卢涤明,2017-11-21 01:07:32,13,14,1,隔壁陈叔平班的蹭课党表示卢老师的课真的太感人了，太好了。
61939,1299,卢涤明,2017-11-22 01:31:04,23,24,1,柯西施瓦茨 脱鞋穿袜子
63550,1299,卢涤明,2017-12-06 12:26:41,1,2,1,老师这么可爱\n\n楼下那位同学是迟到被关了吧←_←
64161,1299,卢涤明,2017-12-21 06:40:21,7,7,0,超级超级好的线代老师，隔壁班非常羡慕
64248,1299,卢涤明,2017-12-22 02:22:53,13,13,0,讲课清楚！而且老师从来不用投影，每节课都手写十几个黑板，我觉得这是数学老师该有的态度
66678,1299,卢涤明,2018-01-18 07:36:54,15,15,0,期末一个人给同学答疑一整天、这样的老师能有几位？
67612,1299,卢涤明,2018-01-22 01:13:48,-14,1,15,emmm差一分满ji
67615,1299,卢涤明,2018-01-22 01:51:20,34,34,0,真心的线代好老师，也是大学老师的榜样人物。手写n个黑板，举例子几乎是自己编的题，采用自己的方法。回答问题绝对耐心，讲到直到你明白为止。11:25下课就答疑到12:15，和我们一起吃学霸餐，据说还是要赶回玉泉。一次忘带作业，老师允许我补交。考试题目也不是让人窒息的难，也许可以让我续命。后悔没选线代2，内心好难过……\n\n这位老师是大学教师的一股清流，他真心是在做一位尽职的老师，对学生负责，与其他官僚主义教师形成鲜明对比。\n\n反对官僚主义，应当指明暖心负责的老师。线代非卢导也许真无他人，绝对推荐。\n\n
67625,1299,卢涤明,2018-01-22 04:33:40,3,3,0,讲课条理清晰，每次下课都超级耐心地答疑。好老师！
67661,1299,卢涤明,2018-01-22 04:19:09,1,1,0,卢老师人超好，就是可能跟我自己的思维逻辑不太一致orz。助教优秀！
67714,1299,卢涤明,2018-01-22 05:41:21,3,3,0,老师超级负责认真的 是我们没好学辜负老师啦 还好下学期选上了老师的线代二 一定要努力哇！！
68091,1299,卢涤明,2018-01-22 14:45:54,6,8,2,讲真，卢老师的均绩没有这么低的，我是他的课代表，强烈建议大家一定要多多问老师题，如果可以要争取做课代表哦，老师emmm会有一定加分的。
68193,1299,卢涤明,2018-01-22 17:14:34,5,5,0,听不懂也不能阻止我成为老师小迷妹\n\n负责任的老师
71503,1299,卢涤明,2018-01-28 14:09:02,0,0,0,...
72191,1299,卢涤明,2018-01-29 14:12:54,0,0,0,上课超好，板书写的非常工整，对学生很和蔼，再简单的问题也会耐心的解答。人长的还帅，年轻时一定是个男神。
72896,1299,卢涤明,2018-01-31 09:29:10,0,0,0,老师很可爱~
75349,1299,卢涤明,2018-03-09 04:55:05,-19,6,25,线代一非常轻松，作业少，给分好，老师和蔼，讲课答疑清晰。人生第一门满绩，万分感谢老师。但是上学期期末线代h出题有点简单，建议增加考试难度，不要被院外比下去啊……（虽然院外难度大，但是我们没有调分啊……）
82275,1299,卢涤明,2018-07-07 15:40:07,0,2,2,老师为什么在讲线性证明课呢？
83187,1299,卢涤明,2018-07-10 01:51:39,2,2,0,逻辑清晰，内容详尽，不预习也能听懂
83219,1299,卢涤明,2018-07-10 02:47:32,2,2,0,卢老师真的炒鸡奈斯！！！
83302,1299,卢涤明,2018-07-10 04:59:52,2,2,0,强推老师的线性代数2，课业轻松，考试基础，能拿比较高的分数。但线代1就相对来说比较硬了，对于没有基础的同学来说需要仔细地弄。
83367,1299,卢涤明,2018-07-10 07:32:00,4,4,0,给分好，讲课清晰，虽然时常挂黑板但也是炒鸡可爱了！作业不多而且都是重点会带着把这节课回顾一遍，而且线代二这门课就是很有趣啊~
83684,1299,卢涤明,2018-07-11 03:54:04,0,0,0,负责，讲课清楚
84118,1299,卢涤明,2018-07-12 05:01:30,7,7,0,这个学期上的是卢老师的线代2H，上课有条理，讲课思路清晰。早上8点的课，无论我多早来卢老师已经在教室了，后面三节课还会在专门的教室等同学答疑。多跟卢老师交流，学习线代是一件很快乐的事！
85387,1299,卢涤明,2018-07-17 10:58:16,0,0,0,卢老师的课很有条理的，能在课上把书上的证明讲清楚，可以说是很不容易了
86059,1299,卢涤明,2018-09-01 09:22:17,5,5,0,卢老师还送了我一本Stephen.H.Friedberg的linear algebra，真没想到的！医学生要转去学数学了！
114231,1299,卢涤明,2019-07-09 07:47:04,1,1,0,求数高代 感觉就是需要自学 有时候自己做着做着题做不下去了就留成思考题了 不过期末考很简单 两年的高代 需要自学哦
118838,1299,卢涤明,2019-11-07 02:03:15,-1,1,2,其实听不太懂，一个班人太多
120535,1299,卢涤明,2020-01-12 08:43:44,0,0,0,一个字，好
122258,1299,卢涤明,2020-02-21 10:16:21,1,1,0,老师很帅，而且对待学生很关心也很有耐心，讲解的语速和语调都听的十分舒适，很有调理，但是线代后面的内容我觉得有点难，没有完全听懂。\n\n但是老师讲的是非常好的。\n\n老师人非常正直和正直，也努力地使大家都获得一个较好的分数。
123834,1299,卢涤明,2020-06-15 01:51:01,3,3,0,很好的老师！只是我线代太菜了呜呜…\n\n老师要退休了，在上最后一节课。
125432,1299,卢涤明,2020-09-09 01:27:42,4,4,0,一学期复习一个全天 最后4.8 感谢老师！你是真正的大师！
125433,1299,卢涤明,2020-09-09 01:28:30,2,2,0,绝对的好老师，考前速成一天，考试又简单，宿舍绩点最低4.8
125434,1299,卢涤明,2020-09-09 01:29:29,2,2,0,绝世好老师，线代2考前复习一天，成绩5.0，楼下二楼都是室友，宿舍最低4.8
125435,1299,卢涤明,2020-09-09 02:02:56,-3,0,3,给分挺好的。作业也少，就是讲的差一点。
125467,1299,卢涤明,2020-09-09 16:45:17,0,0,0,卢姥爷线代2超棒～
134,1307,卢兴江,2019-04-05 10:47:24,120,146,26,卢兴江好棒！
201,1307,卢兴江,2015-03-14 16:47:38,504,572,68,老师很帅 上课讲的很清楚 老师更儒雅了！
267,1307,卢兴江,2015-03-14 23:45:09,346,394,48,有深度，个人感觉比矿爷讲的好
301,1307,卢兴江,2015-03-15 00:34:23,75,84,9,一种享受
337,1307,卢兴江,2015-03-15 01:01:08,254,275,21,男神，永远的男神
366,1307,卢兴江,2015-03-15 01:28:34,115,128,13,有趣又有范儿！！！求开其他数学课程！！！
414,1307,卢兴江,2015-03-15 02:06:21,152,165,13,我心中永远的男神！！上课细致！主动关心学生！代沟哗啦啦都不见了！
430,1307,卢兴江,2015-03-15 02:17:48,201,223,22,至今为止 在浙大见到的最好的老师
449,1307,卢兴江,2015-03-15 02:36:12,13,22,9,舒服
481,1307,卢兴江,2015-03-15 03:08:15,177,202,25,深入浅出  讲解数学原理 告诉你为什么是这样 这一点比矿爷的摘抄式教学好
504,1307,卢兴江,2015-03-15 03:38:18,22,30,8,人超级好 关心每一个学生 上他的课从来没困过
563,1307,卢兴江,2015-03-15 05:06:12,61,68,7,知识点讲的比较清楚，也能大概知道学生易犯的错误。语调也不错，上课紧凑。
621,1307,卢兴江,2015-03-15 07:31:34,238,254,16,永远的男神！上课写黑板字很漂亮很悦目！和同学们关系超好！讲的很清楚很有条理！也很幽默！总之超喜欢！
633,1307,卢兴江,2015-03-15 08:51:13,75,87,12,果断微积分123都是他的
679,1307,卢兴江,2015-03-15 11:52:33,20,26,6,男神，幽默风趣，讲解清晰，很喜欢
707,1307,卢兴江,2017-09-18 12:43:40,18,26,8,棒棒的～～
845,1307,卢兴江,2015-03-26 10:38:38,-2,7,9,哦
871,1307,卢兴江,2015-03-18 07:12:48,61,76,15,荣誉课难 但是考试中等难度 预习后听 爽
878,1307,卢兴江,2015-03-18 10:12:53,20,31,11,比矿爷好\n\n
901,1307,卢兴江,2015-03-18 15:13:57,7,13,6,讲的好\n\n
933,1307,卢兴江,2015-03-19 07:51:52,13,18,5,棒棒哒
1029,1307,卢兴江,2015-03-21 11:57:34,4,12,8,球打得不错
1075,1307,卢兴江,2015-03-21 16:05:20,39,49,10,男神超级帅！超级可爱！上他的课经常笑到不行，完全不困，而且听的很懂！
1090,1307,卢兴江,2015-03-21 16:07:52,35,46,11,我爱他
1335,1307,卢兴江,2015-03-22 00:19:48,17,22,5,棒棒哒
1365,1307,卢兴江,2015-03-22 01:08:45,43,55,12,我的爱我的男神T^T
1389,1307,卢兴江,2015-03-22 01:28:27,14,21,7,男神！！！男神！！！男神！！！
1441,1307,卢兴江,2015-03-22 03:57:08,9,16,7,卢男神，带我飞！！
1482,1307,卢兴江,2015-03-22 07:18:08,28,37,9,帅！喜欢！
1525,1307,卢兴江,2015-03-22 10:34:19,7,15,8,男神讲课超级好∪･ω･∪
1534,1307,卢兴江,2019-11-06 15:40:09,26,46,20,师奶杀手
1535,1307,卢兴江,2015-03-22 11:16:10,1,9,8,可惜微2微3都没选上他的
1577,1307,卢兴江,2015-03-22 16:07:14,50,62,12,你几乎能遇到的 最优秀的老师
1621,1307,卢兴江,2015-03-23 02:17:43,3,7,4,非常棒棒哒
1693,1307,卢兴江,2015-03-23 09:24:10,4,11,7,好可惜2，3不是他
1720,1307,卢兴江,2015-03-23 14:31:26,8,13,5,老师很幽默人也很帅 绝对的男神
1836,1307,卢兴江,2015-03-26 01:30:51,-1,6,7,不会犯困~风趣幽默~
1840,1307,卢兴江,2015-03-26 01:43:07,39,51,12,金刚禅
1998,1307,卢兴江,2015-03-28 07:07:53,5,11,6,卢男神！！！
2055,1307,卢兴江,2015-03-30 12:26:52,5,11,6,深刻的幽默
2161,1307,卢兴江,2015-04-03 13:00:23,1,6,5,我喜欢
2238,1307,卢兴江,2015-04-13 09:45:41,4,8,4,讲的清楚！
2315,1307,卢兴江,2015-04-20 13:01:27,5,11,6,快听完微二的时候觉得还能听微三真他妈幸福。
2357,1307,卢兴江,2015-04-27 12:26:35,2,8,6,卢男神讲得好！有趣而引人入胜\n\n
2365,1307,卢兴江,2015-04-27 13:40:50,1,6,5,听课很舒服
2539,1307,卢兴江,2015-05-04 13:42:58,6,12,6,老师超级好啊 上课挺有趣 逮七逮八 只会在最后一节课点名
2608,1307,卢兴江,2015-05-04 16:53:59,9,17,8,想学到真东西的孩子，别去听矿爷了来他的课吧
2613,1307,卢兴江,2015-05-04 17:28:22,61,75,14,认真写字超好看！人也很有意思啊 可惜最后的答疑时间没碰到他 给分还好吧 很有才华 会不经间来一句数学老师特有的冷笑话
2678,1307,卢兴江,2015-05-05 07:38:22,0,6,6,超级棒！简直男神！！可是微2和微3和专业预制课冲突不能选男神的课ಥ_ಥ
2960,1307,卢兴江,2015-05-11 23:23:54,80,93,13,男神段子手
3048,1307,卢兴江,2015-05-13 06:58:36,1,6,5,开心，幽默
3360,1307,卢兴江,2015-06-05 02:30:12,6,11,5,果断微III蹭他的，颜值高讲得好，而且我觉得他画图画得不错。
3470,1307,卢兴江,2015-06-16 07:25:30,2,8,6,讲的不错\n\n
3655,1307,卢兴江,2015-06-17 02:03:45,2,7,5,男神！
3814,1307,卢兴江,2015-06-17 04:59:05,0,6,6,有趣！
3850,1307,卢兴江,2015-06-17 06:21:12,6,10,4,很懂学生，有调理\n\n
3955,1307,卢兴江,2015-06-17 11:05:47,2,7,5,超级棒！绝对有趣又有料，让你分分钟爱上危机婚
4151,1307,卢兴江,2015-06-18 02:11:44,3,10,7,给9分。那一分扣在课本上。跟苏版提纲差不多。
4165,1307,卢兴江,2015-06-18 02:46:25,-1,5,6,讲解系统，条理分明，幽默风趣，蠢萌蠢萌，大学听过的最清楚的课，不用预习，给分也不错
4231,1307,卢兴江,2015-06-18 08:12:27,3,7,4,段子手
4352,1307,卢兴江,2015-06-19 09:44:30,0,6,6,讲得清楚 思路清晰 节奏紧凑 绝对卢男神 真的喜欢上微积分了
4378,1307,卢兴江,2015-06-20 01:37:54,-1,6,7,男神
4388,1307,卢兴江,2015-06-21 03:04:21,-1,6,7,听他的课是一种享受！
4444,1307,卢兴江,2015-06-23 07:06:41,1,6,5,当初不得已退了他的课的时候我的心在滴血
4530,1307,卢兴江,2015-06-24 07:32:15,1,8,7,微二不是他，我就睡了半个学期
4579,1307,卢兴江,2015-06-24 16:03:04,-1,5,6,幽默讲得又好
4667,1307,卢兴江,2015-06-26 01:58:15,0,5,5,超棒！见过最棒的老师！
4687,1307,卢兴江,2015-06-26 05:15:23,1,6,5,启发引导
4783,1307,卢兴江,2015-06-29 00:22:50,2,8,6,会因为他的幽默 谦虚 对学生的关心爱上他 绝对的男神！
4901,1307,卢兴江,2015-06-30 06:59:56,1,7,6,能讲知识能卖萌，课堂气氛好
5219,1307,卢兴江,2015-07-06 01:55:24,-2,8,10,还好吧
5245,1307,卢兴江,2015-07-06 03:36:15,2,7,5,给分好，讲课好..
5379,1307,卢兴江,2015-07-07 05:15:44,-2,5,7,男神
5436,1307,卢兴江,2015-07-07 12:46:36,-1,5,6,好老师，男神，讲课好，给分好
5895,1307,卢兴江,2015-07-10 00:40:22,0,5,5,听完还想听，讲得太好了
6219,1307,卢兴江,2015-07-12 06:15:32,1,8,7,就是感觉人品很好，认真上课而且上得很好，而且有气质
6752,1307,卢兴江,2015-07-21 10:34:06,3,7,4,上课很有趣哇
6767,1307,卢兴江,2015-07-22 13:37:29,4,9,5,讲课条理清晰，待人温和，男神级
6918,1307,卢兴江,2015-08-09 09:26:52,-1,6,7,条理清晰，有趣
7222,1307,卢兴江,2015-09-11 06:57:23,3,8,5,卢男神上课经常搞笑，还是蛮好玩的
7234,1307,卢兴江,2015-09-12 00:52:41,-1,6,7,超级赞
7327,1307,卢兴江,2015-09-13 14:28:56,10,19,9,考题难，灵活，适合吃透要点的同学，出的试卷与矿爷考原题那种考不出水平的试卷形成鲜明对比。讲的快，人很好笑，很活跃。看完均绩才发现自己微三考的有多好。
7350,1307,卢兴江,2015-09-14 02:43:39,0,7,7,上课是一种享受啊。
7886,1307,卢兴江,2015-09-16 03:08:20,1,7,6,完全不想睡觉，上的爽爆了
8664,1307,卢兴江,2015-09-24 00:40:13,2,9,7,男神 为了他 一定要拼命压倒微积分
8833,1307,卢兴江,2015-09-28 14:56:05,1,7,6,好好好
9042,1307,卢兴江,2015-10-11 08:18:49,2,8,6,老师讲得特别好，特别幽默。我补充一个特点，他的进度比较慢，然而讲得最为细致，最终收益的是我们！
9181,1307,卢兴江,2015-10-15 10:59:55,3,9,6,在上男神的课，哈哈，男神被一道习题困住了。。。。。。
9237,1307,卢兴江,2015-10-18 11:13:37,-1,8,9,卢男神
9274,1307,卢兴江,2015-10-19 11:58:38,0,6,6,老师很负责
9512,1307,卢兴江,2015-10-29 06:17:41,-1,5,6,很幽默很可爱。讲的也很细致。男神好帅(≧ω≦)
9585,1307,卢兴江,2015-11-02 09:02:16,0,7,7,遇到的好老师
9709,1307,卢兴江,2015-11-05 03:28:50,1,8,7,听卢老师讲课是一种享受
9741,1307,卢兴江,2015-11-07 02:31:07,0,7,7,没架子，萌萌哒
9748,1307,卢兴江,2015-11-08 03:43:40,1,7,6,就是爽\n\n
10194,1307,卢兴江,2015-11-17 10:02:09,2,10,8,条理清晰，幽默风趣\n\n
10712,1307,卢兴江,2015-11-24 01:58:59,1,8,7,老师幽默风趣，讲的超棒，还有责任心！！！！
11462,1307,卢兴江,2015-12-02 05:59:29,23,29,6,忘不了男神在麦斯威门口长椅做题的身影，认真的男人最帅
11640,1307,卢兴江,2015-12-09 05:21:05,-1,6,7,不错不错
11705,1307,卢兴江,2015-12-12 01:50:06,2,7,5,讲解很清楚，也很风趣，虽然数学不好还是觉得上他的课很棒。
11709,1307,卢兴江,2015-12-12 03:32:56,-1,7,8,很不错
12132,1307,卢兴江,2016-01-06 06:33:58,1,7,6,非常好
12149,1307,卢兴江,2015-12-22 05:31:10,2,7,5,绝对是男神！经常会分享一些有趣的小故事！讲得很认真，很耐心！
12256,1307,卢兴江,2015-12-22 14:39:59,0,7,7,男神，清楚明白
12286,1307,卢兴江,2015-12-23 00:36:24,-1,7,8,真的超棒，没得讲\n\n
12325,1307,卢兴江,2015-12-23 03:23:46,0,6,6,棒棒哒！超爱卢男神！！！
12490,1307,卢兴江,2015-12-23 11:33:55,-56,13,69,不好一点都不好
12779,1307,卢兴江,2015-12-24 03:58:23,2,9,7,浙大数学系第一男神！\n\n
12962,1307,卢兴江,2015-12-24 11:49:30,0,7,7,男神哟
13308,1307,卢兴江,2015-12-26 12:56:28,1,8,7,炒鸡棒，比矿爷好
13501,1307,卢兴江,2015-12-28 14:36:17,-3,6,9,老师真的很好，很负责！！！
13700,1307,卢兴江,2015-12-30 11:06:19,-2,6,8,老师很好，讲得特别清楚，男神
13878,1307,卢兴江,2016-01-01 13:23:53,1,7,6,卢老师超级男神！！很幽默，讲原理，点赞！！！……
14002,1307,卢兴江,2016-01-03 14:03:33,3,8,5,讲的很清楚~男神不解释
14491,1307,卢兴江,2016-01-07 08:47:53,1,6,5,江哥绝世好老师
14556,1307,卢兴江,2016-01-20 23:58:57,1,7,6,给分好，爱死你了
14683,1307,卢兴江,2016-01-08 09:40:35,-1,5,6,微二微三退了去选他的课选不上
14790,1307,卢兴江,2016-01-09 07:00:00,-1,5,6,超级好！
14804,1307,卢兴江,2016-01-13 09:19:22,2,7,5,
15151,1307,卢兴江,2016-01-12 08:22:30,3,7,4,挺好的\n\n
15682,1307,卢兴江,2016-01-16 06:19:07,10,15,5,太棒了，前面说我爱他那个，给我下来
15884,1307,卢兴江,2016-01-16 13:45:15,-1,5,6,帅帅帅
16071,1307,卢兴江,2016-01-17 06:34:05,4,9,5,讲的很清楚，幽默风趣，迟到要唱歌
16255,1307,卢兴江,2016-01-17 14:56:16,0,6,6,很棒的老师
16420,1307,卢兴江,2016-01-18 05:12:40,2,7,5,享受！
16801,1307,卢兴江,2016-01-19 03:58:01,-1,5,6,男神！听课超级认真
16818,1307,卢兴江,2016-01-19 04:27:55,0,6,6,男神妥妥儿的
16996,1307,卢兴江,2016-01-19 11:55:58,2,7,5,老师超级棒，自己却没有考好。很后悔很后悔，应该更珍惜的
17076,1307,卢兴江,2016-01-19 14:38:18,0,5,5,非常棒的老师，最佳段子手。
17126,1307,卢兴江,2016-01-19 15:34:27,1,6,5,男神男神男神
17137,1307,卢兴江,2016-01-19 16:21:14,1,6,5,男神男神
17593,1307,卢兴江,2016-01-20 12:46:52,1,7,6,真心好老师
17738,1307,卢兴江,2016-01-20 23:11:27,-1,13,14,大爱男神 男神好帅！！！       给分也厚道。算平时分。 本来以为期末考烂 结果还有5.0。讲课超级好！可惜微二和专业课冲突选不了了。
17786,1307,卢兴江,2016-01-21 01:32:30,-2,4,6,老师讲课超级负责  相当喜欢
18019,1307,卢兴江,2016-01-21 06:10:52,-1,5,6,棒棒棒棒 可惜下学期没选上
18228,1307,卢兴江,2016-01-21 10:02:07,-2,4,6,最喜欢的老师，听课超级有意思
18485,1307,卢兴江,2016-01-21 23:07:56,0,5,5,讲得超好，定理使用需要注意的，怎么推来的都讲的十分清楚，上课时讲各种故事，例题超棒！男神绝对的男神！
18840,1307,卢兴江,2016-01-22 15:30:44,-1,5,6,打开了数学的大门。。
19008,1307,卢兴江,2016-01-23 03:34:01,0,5,5,上了卢男神的微一 讲得很好，而且有加深的地方。人也很风趣幽默，微信上问问题都会认真解答。总之你值得拥有。
19920,1307,卢兴江,2016-01-25 14:24:48,2,6,4,男神！！！\n\n人好课好给分好！\n\n像我这种数学渣渣都妥妥地过了
19964,1307,卢兴江,2016-01-25 16:38:32,0,7,7,好老师。真的好
20201,1307,卢兴江,2016-01-26 13:45:15,0,5,5,我已经给卢男神打了好几次分了，每次都是十分！老师是我人生到目前为止见到的最好的数学老师！
20992,1307,卢兴江,2017-08-25 10:01:30,11,30,19,我只想问，那个傻逼也配当卢老师的助教？！
21431,1307,卢兴江,2016-02-29 00:23:01,1,5,4,太棒了
21432,1307,卢兴江,2016-04-13 00:01:59,1,6,5,男神 讲课讲的很细致
21457,1307,卢兴江,2016-02-29 02:04:47,3,7,4,讲得循序渐进，最好的老师而且是最佳段子手
21490,1307,卢兴江,2016-02-29 04:46:55,-1,5,6,非常好，其他就不用多说了
22059,1307,卢兴江,2016-03-02 08:23:32,3,7,4,有趣！
22403,1307,卢兴江,2016-03-04 10:33:08,-1,4,5,比矿业好
23194,1307,卢兴江,2016-09-19 00:05:15,-6,5,11,很好的老师
23337,1307,卢兴江,2016-03-25 02:38:09,0,4,4,老师讲的循循善诱、内容充实，如果浙大多一些这样的老师，少一点水水的老师，那该多好！
23447,1307,卢兴江,2016-03-30 04:56:14,0,5,5,想想哄堂大笑的数学课是什么样子就可以了
23900,1307,卢兴江,2016-04-20 12:12:25,-2,4,6,概念讲的特别清晰，问问题时也十分热情，讲解详细，真心男神！
23989,1307,卢兴江,2016-04-24 09:30:03,1,5,4,棒！特别！【满三字
24052,1307,卢兴江,2016-04-26 07:31:30,-1,4,5,形势与政策是什么鬼
24228,1307,卢兴江,2016-04-28 14:41:17,2,6,4,给了5
24322,1307,卢兴江,2016-04-29 11:27:31,-2,3,5,讲的还是不错啦，然而给分。。。
24415,1307,卢兴江,2016-04-30 13:26:47,-5,4,9,班主任兼微积分老师，分分钟5.0
25634,1307,卢兴江,2016-05-30 06:13:37,-33,6,39,人还行，书编得一坨屎，半成品的书为什么要拿来当教材？相比苏版的微积分少了很多内容，看得我一愣一愣的。
25916,1307,卢兴江,2016-06-20 07:22:01,-1,4,5,男神~
25926,1307,卢兴江,2016-06-14 10:58:24,1,5,4,儒雅幽默
26120,1307,卢兴江,2016-06-16 02:52:31,-1,4,5,这个学校里我最最喜欢的老师，没有之一。
26143,1307,卢兴江,2016-06-16 05:54:51,0,5,5,帅！非常帅！我的男神！
26280,1307,卢兴江,2016-06-16 13:29:01,-1,4,5,讲的好
26372,1307,卢兴江,2016-06-17 08:00:07,1,5,4,卢老师超级幽默 上课绝对不会无聊 跟矿爷相比 是个低调的好老师
26682,1307,卢兴江,2016-06-21 02:06:03,-1,4,5,男神 讲课清楚 萌萌哒
26763,1307,卢兴江,2016-06-21 05:12:18,1,6,5,个人魅力爆表！又帅上课又好！
27082,1307,卢兴江,2016-06-23 00:28:46,0,5,5,一生难忘
28040,1307,卢兴江,2016-06-28 08:01:13,-4,4,8,感觉男神不是我的菜，给9分
28267,1307,卢兴江,2016-06-28 08:23:29,-1,4,5,啦啦啦
28302,1307,卢兴江,2016-06-28 08:29:15,0,4,4,喜欢卢男神！
28530,1307,卢兴江,2016-06-28 09:54:56,1,5,4,不管怎么样看着这样一个老师心情就好了，有几天的穿着乍一眼都没看出来是老师
29017,1307,卢兴江,2016-06-29 06:35:07,-1,5,6,非常好
29464,1307,卢兴江,2016-06-30 00:26:29,-64,7,71,老师很棒 可能是全校微积分教的最好的老师了。但是微3H试卷好难555，感觉要下4.5了
29752,1307,卢兴江,2016-06-30 09:33:03,-2,4,6,很清楚
29903,1307,卢兴江,2016-06-30 13:22:39,1,5,4,男神啊
30342,1307,卢兴江,2016-07-01 10:23:30,-1,4,5,讲的很有条理，非常负责任
30551,1307,卢兴江,2016-07-02 02:35:05,-1,3,4,板书整齐美观，一定要课下自己认真做题
30691,1307,卢兴江,2016-07-02 08:20:29,8,14,6,卢男神是我大学遇见的第一个男神级老师！！讲课超级清楚，喜欢自己用投影写笔记，不怎么用ppt，举很多例题帮助理解。而且有时候看我们困了，会讲一点有趣的事提提神。这真是遇见了会被花光所有运气的男神啊。
30701,1307,卢兴江,2016-07-02 09:02:43,-3,2,5,能有一个签到还是蛮以外的，讲课不错只是我习惯睡觉，好评老师～
30720,1307,卢兴江,2016-07-02 10:11:42,2,6,4,棒棒棒
31173,1307,卢兴江,2016-07-03 10:40:47,-1,4,5,如果你们遇到了一个叫培根的助教，恭喜你微三不怕挂了！
31992,1307,卢兴江,2016-07-05 10:34:25,0,6,6,男神不解释！第一次微积分满绩！尤其是，每个礼拜四有研讨班，试问，哪个微积分老师能做到这样？
32542,1307,卢兴江,2016-07-07 12:30:23,0,4,4,真男神，不愧是数学学院院长
32567,1307,卢兴江,2016-07-08 00:28:05,2,8,6,你说一个会说段子还是灵魂画手的老师多难得啊。。！老师好好好，我还是太水了对不住他
33438,1307,卢兴江,2016-09-19 09:37:59,-14,1,15,额 还好
33753,1307,卢兴江,2016-09-21 10:40:58,7,11,4,人长的帅就不说了，从本质上去解释微积分什么的真的超级厉害，有种剥丝抽茧醍醐灌顶的感觉！给分也很慈祥呀，时不时的冷笑话也超级萌的～
33786,1307,卢兴江,2016-09-21 15:14:10,0,5,5,满分不解释
34023,1307,卢兴江,2016-12-21 00:23:47,1,6,5,老师真的贼好。
34026,1307,卢兴江,2016-09-26 02:13:10,1,5,4,讲的超细超棒
34153,1307,卢兴江,2016-11-15 06:51:41,-1,4,5,男神。
34161,1307,卢兴江,2016-09-28 01:34:39,2,7,5,老师很耐心，很认真，很和蔼的老师。
34552,1307,卢兴江,2016-10-13 09:05:20,-2,4,6,厉hello word老卢
35419,1307,卢兴江,2016-11-10 07:15:00,-1,4,5,如沐春风，整个人都被洗涤了，对我们教育数学有忧患意识，很有思考⋯⋯
35444,1307,卢兴江,2016-11-10 07:16:50,-1,3,4,卢男神！讲课超级好！人也超级棒！
35452,1307,卢兴江,2016-11-10 07:17:36,0,4,4,讲得很清楚，有趣可爱
35485,1307,卢兴江,2016-11-10 07:21:01,0,5,5,超级棒！！！！！！！！
35607,1307,卢兴江,2016-11-10 07:32:25,-1,4,5,讲课很有深度 很会教人 强烈推荐
35620,1307,卢兴江,2016-11-10 07:34:31,1,5,4,卢男神上课可逗了，讲的也很好，就是我自己懒，没学好(ಥ_ಥ)
35835,1307,卢兴江,2016-11-10 08:24:53,-1,4,5,超级幽默，课上得很好，很清楚，会运用简单易懂的例子。上他的课很开心?
35930,1307,卢兴江,2016-11-10 08:54:55,2,6,4,老师教的生动有趣，还很考虑学生的理解能力，并且创立江边微风研讨班帮助同学更好地学习微积分，赞一个！
35959,1307,卢兴江,2016-11-10 09:10:10,-2,4,6,虽然很棒但没预习过真的听不懂
36166,1307,卢兴江,2016-11-10 16:59:02,1,5,4,男神哦
36226,1307,卢兴江,2016-11-11 06:52:01,-1,5,6,大爱～尤其上康生大帝线代的同学会觉得卢老师像天使一样～( • ̀ω•́ )✧
36263,1307,卢兴江,2016-11-11 10:20:58,0,5,5,老师讲的是好，怪我没去上过他一节课\n\n
36559,1307,卢兴江,2017-02-28 01:11:27,-2,4,6,男神男神男神男神男神！！！
37748,1307,卢兴江,2017-01-21 09:32:45,1,5,4,至今最好
38308,1307,卢兴江,2017-01-14 14:30:09,-1,4,5,有赤子之心的老师，很好，很关心学生
38384,1307,卢兴江,2016-12-01 13:59:34,3,7,4,啊啊啊啊啊啊啊\n\n男神\n\n啊啊啊啊啊啊啊\n\n男神\n\n长得超级帅\n\n超级有风度\n\n讲得超级好\n\n字超好看\n\n永远的男神\n\n
38550,1307,卢兴江,2016-12-08 10:22:33,-1,4,5,男神！！！超级可爱的男神！！！
38821,1307,卢兴江,2016-12-19 08:50:31,0,10,10,卢老师实在是太太太棒啦，真的，简直是男神男神啊，上课各种举好玩的例子，把函数面积比作烤红薯 甜甜圈 夏威夷果 榛子…表白男神，男神教的真的很用心，笔芯\n\n就是课后习题没有答案，如果什么时候出一本答案解析那就完美了。
38895,1307,卢兴江,2017-04-22 15:52:49,0,4,4,感觉自己无所不能！\n\n老师好棒，会举生动的例子，还有段子[斜眼笑]（防止大家打瞌睡）
38960,1307,卢兴江,2016-12-20 04:03:09,1,5,4,男神很可爱，讲课很棒，有时候很风趣
39158,1307,卢兴江,2016-12-21 11:42:58,0,5,5,老师很幽默 很有魅力 男神哦
39840,1307,卢兴江,2016-12-28 03:18:01,-1,5,6,男神男神男神～
39843,1307,卢兴江,2016-12-28 03:24:15,2,6,4,看男神
40226,1307,卢兴江,2016-12-30 09:01:09,-1,4,5,太棒了。
42593,1307,卢兴江,2017-01-14 13:40:39,-1,6,7,爽死了
42748,1307,卢兴江,2017-03-06 05:04:09,0,5,5,老师人超棒好吗！！听微积分课真是一种享受……
43505,1307,卢兴江,2017-01-16 11:34:38,0,5,5,好老师，男神
44956,1307,卢兴江,2017-01-18 15:20:17,0,4,4,很棒很可爱的教的很好老师哟，字很好看，认真学，爱上微积分！
45419,1307,卢兴江,2017-01-19 14:03:05,1,5,4,感谢男神！把我从不及格边缘拉回来。很后悔没好好学。
45504,1307,卢兴江,2017-01-19 15:43:26,1,6,5,男神的课最好了啊没有之一！！！！！！！
45641,1307,卢兴江,2017-01-20 01:42:03,-2,5,7,老师很棒给分低怪我
46587,1307,卢兴江,2017-01-22 03:19:46,-1,4,5,真的男神！！真的很可惜微二不是男神上的了qaq
47890,1307,卢兴江,2017-02-27 04:14:55,1,5,4,卢老师简直就是男神，上课耐心，认真，讲题目也好\n\n
48040,1307,卢兴江,2017-02-28 06:05:36,2,7,5,好好好
49443,1307,卢兴江,2017-04-23 03:16:12,-1,5,6,觉得老师有一种独属于数学人的幽默。
49875,1307,卢兴江,2017-04-26 16:42:24,0,5,5,。。。
49889,1307,卢兴江,2017-04-27 02:43:31,-1,4,5,超级棒，男神
52907,1307,卢兴江,2017-06-23 12:40:31,1,5,4,男神不解释
53503,1307,卢兴江,2017-06-27 01:08:08,-1,4,5,卢老师是我学微积分的动力_(:з」∠)_
55935,1307,卢兴江,2017-07-02 16:41:35,2,6,4,老师超级男神
56373,1307,卢兴江,2017-08-09 12:00:36,-1,4,5,卢老师很棒啊，人长得帅，讲课有趣，画图漂亮，听说还要开硬笔书法课哈哈哈，期末试卷难还调了分真的棒棒棒，男神么么哒~~~
58159,1307,卢兴江,2017-08-11 07:53:54,0,4,4,男神十分了都！！！！
58219,1307,卢兴江,2017-08-25 10:02:51,1,6,5,助教哥哥人很好
58245,1307,卢兴江,2017-08-27 15:43:32,0,5,5,the best
58889,1307,卢兴江,2017-09-18 09:15:33,2,6,4,单口相声很不错
58890,1307,卢兴江,2017-09-18 09:16:36,-1,5,6,大师气质
58891,1307,卢兴江,2017-09-18 09:17:01,1,5,4,风趣，激发了我对数学课的兴趣
58984,1307,卢兴江,2017-09-19 03:44:43,-1,4,5,字怎么写的这么好看呢？ 人感觉有些严格正派，但课堂上还是会调节气氛。 给分还可以，我自己数学不好，但他应该调分了。
59075,1307,卢兴江,2017-09-19 10:35:36,4,11,7,太棒了～！感觉微积分稳了哈哈～
59818,1307,卢兴江,2017-09-27 07:33:07,0,6,6,数学老师特有的幽默
60167,1307,卢兴江,2017-10-12 05:14:31,-2,5,7,只上过老师的微三，但还是深深地爱上了。。。很遗憾微一微二不是他的，虽然朱静芬老师也很优秀。。。真的很爱很爱卢男神。。。想哭是怎么回事。。。
60357,1307,卢兴江,2017-10-18 05:53:05,-1,4,5,哈哈哈
60795,1307,卢兴江,2017-10-30 08:48:40,0,5,5,容易听懂而且很有趣，颜美腿长，把微积分都拉高魅力值，儒雅而痞帅，perfect！
61051,1307,卢兴江,2017-11-07 12:36:13,1,6,5,还不错，段子手
61379,1307,卢兴江,2017-11-15 19:54:29,1,7,6,明天微积分期中?卢男神还是很棒的
61464,1307,卢兴江,2017-11-17 12:20:19,2,7,5,大二了上别的数学课还是会想起卢男神哇???真的大爱
61679,1307,卢兴江,2017-11-20 06:11:04,-1,6,7,卢老师是真的男神，处处为我们考虑，上课幽默风趣，很细致，为人很好！
61983,1307,卢兴江,2017-11-22 04:45:46,-10,1,11,。。。
63206,1307,卢兴江,2017-11-29 07:28:26,0,6,6,非常好。
63576,1307,卢兴江,2017-12-07 06:41:07,-10,5,15,就还好吧 没觉得特别好
63886,1307,卢兴江,2017-12-18 14:24:38,-1,6,7,卢男神真的超级帅，大长腿，内容讲的超级清楚，而且风趣幽默，真的真的超级超级好，大爱男神
64031,1307,卢兴江,2017-12-20 14:55:33,3,8,5,美滋滋
64043,1307,卢兴江,2017-12-20 16:02:52,-1,7,8,开心\n\n
64566,1307,卢兴江,2017-12-25 09:23:47,-1,6,7,幽默大师
64921,1307,卢兴江,2017-12-28 03:16:52,0,7,7,兴江男神！
65255,1307,卢兴江,2018-01-02 05:30:55,-2,6,8,舍不得舍不得舍不得
65529,1307,卢兴江,2018-01-05 07:27:25,0,7,7,老师真的特别棒 上课很开心 可是我是人文学渣强行上微积分 听的懵逼都怪我自己 但是还是要吐槽一下教材 真的太简短了 我每次都要靠苏版答案强行自学才能做作业
65686,1307,卢兴江,2018-01-16 21:19:26,1,8,7,卢老师男神
65907,1307,卢兴江,2018-01-10 06:32:48,-2,4,6,真的讲得超级清楚啊 超喜欢老师的
66053,1307,卢兴江,2018-01-11 07:41:37,-2,10,12,不知道同学们高中课堂压力太大还是什么，反正他上课开的玩笑我是一点不觉得好笑，老师还可以吧，反正助教蛮好的。
66535,1307,卢兴江,2018-01-17 07:50:59,-1,6,7,男神男神，太帅了
67972,1307,卢兴江,2018-01-22 12:00:37,1,7,6,人都这么帅了还有什么可说的呢
68183,1307,卢兴江,2018-01-22 16:52:11,-1,5,6,好老师！
68539,1307,卢兴江,2018-01-23 10:27:34,8,14,6,太爱卢兴江男神，在浙上课一年半啦遇到认可的好老师不到五个，几乎都是数学系的.....卢兴江老师无敌男神级别好吗！！经常委屈嘟囔超级超级可爱，每天上课就坐在下面痴汉笑啊，而且能把原理讲得深入浅出，印象最深的就是洛必达中间的不严格等号、拉朗推广和老师讲无穷的时候讲的小故事，但是期末发烧了就没好好复习啦基础的全忘光了特别是考试的时候老师在我旁边感觉他都要气死了，我有骨气地默默用草稿纸遮住了答案，然后被他扯开哈哈哈哈哈自己学艺不精可是他好像一直告诉我们如果看到他的学生学得很差会很伤心对不起啦但您真是个好老师哎鞠躬（就是有种想考您的研究生的冲动可惜本猪不是数学系的真学渣
68678,1307,卢兴江,2018-01-23 15:10:05,-1,6,7,课好的不行！！但是期末考不知道是哪个垃圾出卷老师，题目死难，基本靠人品了
68776,1307,卢兴江,2018-01-24 01:22:04,1,6,5,老师讲课思路特别特别清楚！！超级棒的！！又很幽默！！\n\n就是上课节奏偏快，像我这种理解比较慢的就回出现跟不上的情况……
69273,1307,卢兴江,2018-01-25 05:59:54,-44,7,51,10分不解释，好老师，可惜期末只拿了4.2，还是自己水平不够啊
69394,1307,卢兴江,2018-01-24 15:01:59,-1,6,7,卢兴江男神啊，课讲得很好，字好看！！！\n\n
69423,1307,卢兴江,2018-01-24 15:39:19,2,8,6,江哥是男神！！！上课很好，很用心。助教也很优秀！
69427,1307,卢兴江,2018-01-24 15:49:41,-1,7,8,男神，男神，男神！
69433,1307,卢兴江,2018-01-24 15:59:20,-4,4,8,很喜欢老师呀，优点其他人都说了，补充一点：三节课的时候会让助教先讲20min之前的作业题，每次作业上的问题都可以及时得到解决，基础打得很扎实！
69443,1307,卢兴江,2018-01-24 16:12:08,0,6,6,字真的非常好看了！ppt深藏不露！难得一做的时候一鸣惊人啊！！讲解非常有条理很细致！平时上课掌握了做做课后题就可以了！平时也会穿插一些自己的趣事啊真的很可爱的老师！！！！
69462,1307,卢兴江,2018-01-31 03:53:08,50,62,12,卢老师上课条理清晰，例题典型，作业题目少而精，高效不拖堂。刚上完一个学期的课，印象较深的有以下几点:1.字写得好看。在求幂函数和函数时需补充三个不加证明的定理，卢老师特意拿出了他去年写好的“书法作品”2.关心学生。老师加学生微信本来就是个很有勇气的决定，因为会被学生的问题骚扰...何况还要百忙之中抽时间回复3.讲概念透彻。例如洛必达法则他会告诉你为什么求导后极限不存在而原极限仍可能存在，因为ξ不一定连续逼近...自己看书恐怕不会想这个问题吧，反正当时这问题问到我我是有点蒙。(写到这里突然想提醒大家注意洛必达法则在用是是要分子分母都在空心邻域内连续可导的，这个老师也会强调多遍，挺重要的_(:з」∠)_)4.不拘泥于考试的知识。比如卢老师会在课堂上证明weierstrass定理，讲解欧拉公式，重要的不是让我们掌握，重要的是给我们一把开门的钥匙。5.研讨班。这个真的很不容易了，非常花老师的时间...如果很不巧地和自己的课程冲突那真是太倒霉了。我很幸运地恰巧那个时间段没课，就是第一堂课没去，第二堂课上课前半小时才发现有研讨题这个东西0.0，不过后面都去了_(:з」∠)_6.还会写诗。我一般看到会写诗的人只能低头? 7.这...基本就是全能了吧...
69495,1307,卢兴江,2018-01-25 01:14:09,0,7,7,逗逼可爱课又讲的好到难以抵抗的男神老师！
69602,1307,卢兴江,2018-01-25 05:09:11,2,8,6,嗷嗷，男神男神，超级幽默风趣，给分也很棒，微积分讲的超好，很有耐心
69694,1307,卢兴江,2018-01-25 08:29:53,-6,6,12,超棒！有时候会批评传统应试教育。上课很有逻辑，面面俱到，即使是微乙的同学也会很认真很负责的上课
70256,1307,卢兴江,2018-01-26 09:57:33,-7,7,14,什么叫“就算是微乙的同学也会很认真地上课”…嗯哼？
70541,1307,卢兴江,2018-01-27 01:11:11,-4,5,9,老师有一种儒雅的气质 上课也是很幽默了 下学期不能上老师的课 很难过
71876,1307,卢兴江,2018-01-29 05:02:59,0,8,8,卢老师超级棒！幽默风趣课讲的也很好！是个能让你爱上微积分真正可以学好数学的好老师！听卢老师的课真的超有意思超享受！而且老师照顾同学，超级体贴！超级棒的老师！
74198,1307,卢兴江,2018-02-06 13:39:58,-2,7,9,Nice \n\n
75474,1307,卢兴江,2018-03-12 08:24:10,1,9,8,帅！幽默！才华横溢！可爱！赞！助教优秀！！！
75529,1307,卢兴江,2018-03-13 03:29:03,-1,7,8,超级有趣
76114,1307,卢兴江,2018-03-27 05:54:44,1,8,7,怎么可以这么帅。
76531,1307,卢兴江,2018-04-12 15:57:26,1,11,10,卢老师超级超级超级棒！！虽然这学期只过去一半就已经忍不住要来打满分了！超级关心学生，每周三晚上明明很辛苦的上完两节课还能继续不辞辛苦的上研讨班。本人数学小弱鸡，? 明明很简单的题目，卢老师依旧能够耐心的一步一步指导讲解，帮我理清楚思路。简直超级棒！不过这学期是因为比较晚的缘故吗？研讨班的人很少。。。希望大家都能来上研讨班！
77338,1307,卢兴江,2018-05-04 23:21:45,-1,8,9,豁然开朗你懂吗
77391,1307,卢兴江,2018-05-05 09:19:09,-3,6,9,很棒很棒
81062,1307,卢兴江,2018-07-03 13:36:39,-12,3,15,……还行吧
81172,1307,卢兴江,2018-07-04 08:03:12,-2,7,9,很棒的老师，希望老师顾念师生情不挂(๑°3°๑)
81192,1307,卢兴江,2018-07-04 08:46:48,0,11,11,上了老师整整一学年的微积分课  老师真的是我遇到过的最棒的数学老师！一直在强调数学学习要理解 很懂教学！也很懂学生！ 上课有趣 很随和很可爱 很喜欢老师 最后期末考前还手写题目和知识点提纲给我们 真的很棒！
81855,1307,卢兴江,2018-07-06 10:10:50,0,9,9,老师讲的很好！人很热心！
81895,1307,卢兴江,2018-07-06 12:38:21,0,9,9,真的超级棒!讲课非常好，有节奏，能够跟着走，能够感受到数学的精彩
82082,1307,卢兴江,2018-07-07 05:06:04,-3,10,13,真的特别特别好，后悔大一上没有上他的课
82132,1307,卢兴江,2018-07-07 07:46:08,1,16,15,男神啊啊啊啊！大学遇到这么完美的微积分老师是一件何其幸运的事情啊！
85538,1307,卢兴江,2019-09-17 07:52:39,11,94,83,今天听到卢老师的故事，真是太渣了，表里不一，禽兽不如！替我女神不值
85564,1307,卢兴江,2018-07-19 15:30:19,5,34,29,卢老师课讲得真的好，但是人 实在是太渣了！！！
85676,1307,卢兴江,2018-07-25 03:36:09,-1,30,31,是渣男
85727,1307,卢兴江,2019-08-19 10:36:50,28,92,64,上课不错，但是私生活真的很渣...有所耳闻，太可怕了。人品才是立人之本把。
85744,1307,卢兴江,2019-03-19 02:30:26,-5,53,58,上课好又怎么样，人品差到这种地步也真是绝了，浙大怎么会有这种老师！渣渣渣！
85828,1307,卢兴江,2018-08-26 15:17:56,-8,34,42,浙大的败类，太渣了，人品极差
85831,1307,卢兴江,2018-08-26 15:18:06,-3,34,37,私生活极渣
86039,1307,卢兴江,2019-03-19 02:30:19,-18,44,62,为人师表方可授人以渔。会教好数学的老师千千万，德教兼备的老师如今却难得，和苏德矿老师相比，人家才是男神，你是渣男。
86060,1307,卢兴江,2018-09-01 09:35:08,-6,32,38,每位在查老师发言的同学都要对自己的话负责任，每位看查老师的同学都只能把此当作参考，老师是什么样的人要亲自接触了才知道……而作为学生，更应善于取人所长……\n\n若果为真，因为过于尊敬，所以痛心；因为自认为还算了解老师的为人，所以想必有难以言说的苦衷，所以宽容……
86221,1307,卢兴江,2018-09-10 18:48:31,-21,26,47,很渣啊，卢老师简直渣男一个，不！这种没担当没责任心的人，练男人都不算！
86422,1307,卢兴江,2018-09-15 18:30:54,-12,41,53,有些东西没说出来是给你面子，表面演的特别好，暗地里做了多么恶心的事情，真的渣都不能形容你，你们上他的课觉得他人好那是表面，他做了多对不起别人的事自己心里清楚，果然就算在浙大教书，有些东西你也是永远洗不白的。以前敬你为男神，现在真的很看不起你！
86495,1307,卢兴江,2018-09-17 01:50:24,2,10,8,人很好\n\n
86512,1307,卢兴江,2018-09-17 03:07:27,0,8,8,段子手 幽默得不行\n\n
87118,1307,卢兴江,2018-09-20 13:50:20,0,7,7,超赞的！选到赚到！
87517,1307,卢兴江,2019-03-19 02:30:22,-2,41,43,真的太让人失望了，本以为作为浙大名师，没责任没担当已经很让人大跌眼镜了，结果这仅是冰山一角？？
87519,1307,卢兴江,2018-10-19 03:06:44,-11,19,30,确实渣
87526,1307,卢兴江,2019-10-30 00:46:24,-14,67,81,楼上的不知道为什么渣男，帮你们科普一下，这个渣男背着老婆同时和很多其他女人搞在一起，欺骗她们。你们口口声声说他好，我就问问师德都没有配为老师么？浙大的悲哀。
88000,1307,卢兴江,2018-10-20 08:35:34,-28,10,38,不配为师
88001,1307,卢兴江,2018-11-08 00:44:06,-46,22,68,德不配位，衣冠禽兽。
88483,1307,卢兴江,2018-10-31 07:38:44,-2,4,6,帅一起来
88678,1307,卢兴江,2018-11-05 14:18:01,2,2,0,，，，
88781,1307,卢兴江,2018-11-08 00:46:18,6,10,4,当你庆幸没有小测的时候，可能小测就是点名，千万别翘课！
89937,1307,卢兴江,2019-03-20 14:17:13,2,6,4,非常好
90972,1307,卢兴江,2018-11-28 08:21:04,32,58,26,额。。。卢兴江老师到底干了什么？？？（⊙㉨⊙）
91923,1307,卢兴江,2018-12-25 03:00:12,3,5,2,真的讲的很好，老师人也很好，啊啊啊啊啊！
91956,1307,卢兴江,2018-12-25 06:10:11,7,12,5,大家是在哪听说的啊?
91964,1307,卢兴江,2018-12-25 06:25:18,4,7,3,把我一个男的圈粉了，男神，男神，男神。微甲2一定要是他啊！
92461,1307,卢兴江,2019-01-19 17:40:59,4,10,6,下学期无缘在卢老师的班上了?
92552,1307,卢兴江,2019-01-02 14:32:38,9,11,2,有多少好？:就是第一学期听了他的课，第二学期毫不犹豫退掉预置的课选了卢老师的课，十分的满足
93196,1307,卢兴江,2019-01-08 05:48:42,14,14,0,气质儒雅，很耐心，字又好看，晚上十一点半同学在群里问问题，他快十二点的时候把手写答案解析发上来，尽管问的人已经睡了。这样的老师不多。
93774,1307,卢兴江,2019-03-19 02:30:43,35,55,20,希望大家不要以讹传讹，道听途说。现在喷子和键盘侠太多了。如果不了解情况，至少不要描黑。如果你是完全知情者，那么你想骂也拦不住，如果只是听别人说的，在这儿来谩骂，请你长个脑子，做个人吧。
93827,1307,卢兴江,2019-01-14 02:52:27,3,3,0,永远的男神!
93833,1307,卢兴江,2019-01-14 03:17:21,16,21,5,卢老师还有助教可爱路老师，都很有趣的
96050,1307,卢兴江,2019-01-20 12:04:25,18,18,0,很棒，我个人很喜欢上课手写讲稿的数学老师。然后夸夸助教徐思路，超级负责，还很可爱
96052,1307,卢兴江,2019-01-20 12:05:11,1,3,2,超棒(´▽｀)ノ♪
96101,1307,卢兴江,2019-01-25 14:36:25,35,38,3,爽 还有路路老师太可爱了
96138,1307,卢兴江,2019-01-20 13:23:21,8,9,1,老师超级好，助教也真的很好，感谢他们的付出?
96147,1307,卢兴江,2019-01-20 13:29:59,18,18,0,卢老师真的很好很好啊，选上他的课真的是幸运！人很幽默风趣，课讲的也很清楚！路哥也很好哈哈（但是下学期没选上好难过啊）
96181,1307,卢兴江,2019-01-20 14:05:20,15,18,3,老师超级好，人格魅力爆炸，讲课很清楚，平常在群里也都会认真答疑，给分也好，真的是让你觉得学不会都怪自己，超爱老师!然后超级幸运有一个超好的助教仙女路!真的觉得自己选上这门课超幸运!
96231,1307,卢兴江,2019-01-20 14:45:06,32,34,2,卢老师上课真的超棒啊！可惜微二不是他了，忧伤QAQ好想去蹭课啊~然后，助教路哥也超好啊，之前因为听不懂他讲题一直不喜欢上习题课，但因为一套又一套的模拟题、一次发零食、公众号上的答疑、带仙女棒祝我们过等等，看到助教真的很用心，最后两节课感动到哭！！都怪我我自己没好好学T_T再次感谢卢老师和路仙女hhh
96259,1307,卢兴江,2019-03-20 14:17:05,-64,30,94,渣男，私生活作风极差，为我女神感到不值！
96313,1307,卢兴江,2019-01-20 23:11:54,5,7,2,卢老师的课讲得很好，虽然被老师骂过，当时很不爽，但老师人是真的好，最后没能选上他的微2，默默流泪啊！确认过眼神，是性情中人；确认过眼神，是学数学的人。
96317,1307,卢兴江,2019-01-20 23:42:29,7,13,6,吹爆卢老师和路哥\n\n\n\n现在还在带节奏的是睿智么？群号多少？我也想赚钱
96325,1307,卢兴江,2019-01-21 00:12:16,26,31,5,期中73，期末92。为卢老师和路哥疯狂打call
96525,1307,卢兴江,2019-01-21 05:31:05,3,7,4,路路真棒这条一顿烧烤
96672,1307,卢兴江,2019-01-21 08:55:12,5,16,11,我不知道为什么下面这么多刷老师是渣男什么的，我只知道老师上课教的好，人很儒雅细心，待人和善，上课也并没有传播什么负能量的东西。我们以老师的一面来评价他
96864,1307,卢兴江,2019-01-21 11:02:05,1,3,2,老师很棒！绩点低是因为我自己太菜
96899,1307,卢兴江,2019-01-21 12:04:29,3,5,2,极好！
96939,1307,卢兴江,2019-01-21 12:57:46,4,5,1,讲的很清楚
97377,1307,卢兴江,2019-01-22 08:27:21,14,17,3,非常幸运能够在大一上到卢老师的微甲，上课真的是十分有意思，会打很多比方，举很多例子来帮助你理解，也能和大家一起开个玩笑，有时也会和我们讲一些有趣的事情。还有也要吹爆我路哥，真的是非常非常好的助教，自己花时间帮我们找题目，期末的时候还出了三份模拟卷，最后一节课上大家都很感动。这学期给分也是真的好，至少我的平时分是基本打满了，就是期中考稍微差了一点。。。不过可惜的是下学期没选上卢老师的课，有机会一定去蹭课，也谢谢卢老师和路哥陪我们度过了大一上的微甲。
97565,1307,卢兴江,2019-01-22 10:54:49,5,8,3,老师讲课很清晰有趣，本人也很有风度，仅从为师角度来说是当之无愧的好老师；关于私生活风评，如果不是有靠谱的信息渠道还是持保留态度吧。
98047,1307,卢兴江,2019-01-23 04:22:34,4,5,1,老师的水平是没得说了，也会经常和学生互动。重要的是，老师作为数学专业的佼佼者，文采也是很不错的。可惜春学期不是他的课……
98958,1307,卢兴江,2019-01-24 05:56:59,1,4,3,老师教得贼棒，助教也贼棒，期末平时分给满了！非常感谢！
99163,1307,卢兴江,2019-01-24 10:52:52,8,11,3,路哥宇宙第一帅值不值一顿海底捞
99528,1307,卢兴江,2019-03-20 14:16:37,-1,3,4,超级好
99821,1307,卢兴江,2019-01-25 08:01:52,6,7,1,老师很棒，助教路哥是一个看起来很不靠谱但其实很贴心很负责的人。可惜我本身太菜。
99905,1307,卢兴江,2019-01-25 09:25:12,2,5,3,我是来表白路路老师的
100092,1307,卢兴江,2019-01-25 14:35:52,6,7,1,卢老师：我很幽默，但我自己不知道
100094,1307,卢兴江,2019-01-25 14:40:04,2,4,2,太棒啦，上课讲的条理清晰，只要认真听，成绩就稳稳的
100256,1307,卢兴江,2019-01-26 01:06:39,9,11,2,匿名表白路路老师
102039,1307,卢兴江,2019-01-30 06:21:27,-6,21,27,给分好就帮他洗白？你不了解不说OK，但有什么资格不让别人说？有几位的逻辑真服了
102066,1307,卢兴江,2019-01-30 09:04:41,4,5,1,概念讲得很清楚
102330,1307,卢兴江,2019-02-01 02:52:15,21,30,9,能问下卢兴江老师到达发生了什么吗？
103226,1307,卢兴江,2019-02-27 02:16:49,7,8,1,太极生两仪，两仪生四象，四象生八卦，八卦生微积分? ? ?
104048,1307,卢兴江,2019-03-11 03:53:58,2,3,1,好好好
104312,1307,卢兴江,2019-04-19 04:31:56,-22,53,75,偷情\n\n和另一个c姓已婚老师，职规老师\n\n然后被数学学院撤职书记\n\n以上\n\n业务能力的确强，人品差不能说吗?
104348,1307,卢兴江,2019-03-19 02:30:30,10,11,1,非常有趣，时不时讲一些幽默的段子，温柔儒雅，但是强烈建议老师做一份教材习题的详解，题很不错，就是做不出来的时候非常难受? (膜拜卢老师)
104483,1307,卢兴江,2019-03-21 10:09:59,14,18,4,评论的人怎么都跟被洗脑了一样？？
104640,1307,卢兴江,2019-03-25 22:55:57,53,77,24,我们是大学生了，应该自己有判断力。不可随意去评价一个老师，更不能随意谩骂攻击去伤害一个这么受学生欢迎的好老师。自认为我们学生阅历太浅，有些事情太难理解和懂得，特别是涉及感情的问题。
104725,1307,卢兴江,2019-03-26 13:57:18,0,2,2,老师好帅啊
105048,1307,卢兴江,2019-04-03 02:12:34,1,2,1,没有体验
105292,1307,卢兴江,2019-04-09 08:32:14,6,12,6,助教上课好尴尬
105301,1307,卢兴江,2019-04-09 12:11:19,6,7,1,卢兴江！卢兴江！老师真的太认真太可爱了！！打call！！
105429,1307,卢兴江,2019-04-12 22:50:10,2,10,8,烏雲遮不住太陽，是金子总會闪光的！
105984,1307,卢兴江,2019-04-24 04:15:56,-1,21,22,有丑闻
106687,1307,卢兴江,2019-04-29 02:48:26,-2,9,11,积你太美！
107038,1307,卢兴江,2019-05-01 03:33:27,7,22,15,天日昭昭！师德何在？
109540,1307,卢兴江,2019-06-16 22:48:26,3,6,3,前来吃瓜
109621,1307,卢兴江,2019-06-18 02:57:24,7,8,1,这是我在大学里遇到的最好的一个老师，上课是一种享受，我愿意每节课都早起去抢第一排的位子，虽然自己学的很菜，但我真的学的相当快乐。
109798,1307,卢兴江,2019-06-19 08:54:27,5,8,3,微积分一是卢老师上的，感觉老师好好啊\n\n微积分二不是卢老师的，感觉卢老师不是好，是太太太太太太太太太太好了啊\n\n这学期最大的遗憾就是不是他的微积分\n\n不同老师上同一门课感觉怎么能差这么大
109849,1307,卢兴江,2019-06-19 16:43:16,-33,13,46,只有我一个人不喜欢卢兴江吗
110374,1307,卢兴江,2019-06-26 07:36:19,4,6,2,卢老师上课有自己的逻辑，注重启发思维，板书漂亮，上课水平客观上应该很不错。但我个人反而喜欢上个学期一位年轻老师的微积分1，他的课严格按照书本，适合我这种菜鸡。卢老师的课更适合数学很好的同学，所以安排他上荣誉课也是很正确的。
110460,1307,卢兴江,2019-06-27 02:29:08,8,10,2,字好给分好一学期能记住3/4学生名字和人 私生活不清楚 但就上课而言绝对是个好老师
110473,1307,卢兴江,2019-06-27 04:32:48,5,10,5,表白路助教，我女神
111241,1307,卢兴江,2019-06-30 17:31:40,11,13,2,爱了爱了\n\n记住名字这点就很爱\n\n还会画刺猬\n\n上课有时候看我们困了就会讲段子提神让我们不困\n\n真的很好很好
111249,1307,卢兴江,2019-06-30 18:28:50,3,6,3,可捞人的老师，都懂吧？
111433,1307,卢兴江,2019-07-01 13:04:14,-55,5,60,微I，微II都是卢老师上的，平时随便学学，期末用点功，两个4.8，懂我意思吧
111440,1307,卢兴江,2019-07-01 13:45:40,5,5,0,谢谢卢老师。老师讲课真的很棒，条理清晰，我一个数学菜鸟，也能被教会，不谈成绩，自认为水平提升了很多！另外老师很儒雅。
111447,1307,卢兴江,2019-07-01 14:04:13,11,11,0,没说得，10分太少了怎么配得上老师。但是提醒大家一下，最后一堂课可能会点名，一！定！要！去！
111562,1307,卢兴江,2019-07-02 03:31:46,9,10,1,上课超级好！！讲的清晰，板书也很好！！期末还捞了我一手！！很风趣的老师！！\n\n\n\n顺便表白助教路哥
114168,1307,卢兴江,2019-07-09 02:22:41,0,1,1,男神不用解释了，样样都会哇
114897,1307,卢兴江,2019-07-12 14:58:43,1,2,1,讲课讲得真的好
115673,1307,卢兴江,2019-08-17 12:49:42,-1,0,1,很棒的老师，特别好！
116280,1307,卢兴江,2019-09-07 09:38:07,3,3,0,超棒的
116759,1307,卢兴江,2019-09-15 07:19:49,4,4,0,超级享受
117304,1307,卢兴江,2019-09-23 01:03:20,-1,1,2,卢老师上课真的很精彩，而且十分负责，会及时回答学生问题
117323,1307,卢兴江,2019-09-23 02:49:04,8,12,4,贩卖碟片，哈哈哈哈哈哈哈
118879,1307,卢兴江,2019-11-07 09:59:45,1,2,1,特别有趣
118910,1307,卢兴江,2019-11-07 14:05:32,0,3,3,卢老师太棒了！！还有路姐姐也超级好！！
119375,1307,卢兴江,2019-11-12 11:38:37,-2,2,4,老师讲得很好，可我还是睡了
119615,1307,卢兴江,2019-11-14 06:34:34,3,8,5,我没上过他的课，但是，嵊州nb！
120592,1307,卢兴江,2020-01-13 13:39:19,2,5,3,我真的吹爆卢老师！！！虽然是出分以后才评论，但是老师讲课真的很好！！！条理清晰，作业还行，按时交作业上课认真听讲不旷课是真的不会挂。学的不好是我太菜了。
121426,1307,卢兴江,2019-12-16 07:20:13,1,4,3,来这里给卢男神评个十分能让我下学期选上他的课吗嘤嘤嘤，预置换成银老我真的哭了
121555,1307,卢兴江,2019-12-12 12:12:51,-1,1,2,老师很儒雅，作业也不算多，助教姐姐非常有趣（嘻嘻）。超级喜欢。
121584,1307,卢兴江,2019-12-12 10:21:32,2,2,0,舒服，大一秋冬学期预置。一开始就遇到这么好的老师，让我以后怎么将就！
121828,1307,卢兴江,2020-01-22 07:35:05,4,7,3,卢老师讲课很幽默，说些说着就是一个让人捧腹大笑的段子，我与老师一起交流过一次，发现他是一个朴实坦诚的很有意思的人。最让我印象深刻的就是最后一节课PPT里面的可爱猫咪啦哇哈哈哈！！
122212,1307,卢兴江,2020-02-20 04:13:14,7,8,1,是个很棒的老师，很不错
122432,1307,卢兴江,2020-03-03 13:58:21,140,170,30,给卢兴江老师十分，但是某蒋姓助教着实牛逼嗷。我承认你改作业认真，教学负责。但是路助教不认真吗？不负责吗？真的一对比素质的差距就来了。还有，你很牛逼是吧，你能有卢老师牛逼？？？我看卢老师也是挺和蔼一人啊。我只能说，你本科和研究生是哈佛的吧，这么牛逼。
122446,1307,卢兴江,2020-02-28 02:51:20,33,40,7,10给老师，0给某助教。
122467,1307,卢兴江,2020-02-29 03:22:03,11,11,0,给分总体来说很不错哒\n\n上课有点可可爱爱的口音\n\n比矿爷讲的速度快一点\n\n但是其实有时候也讲的不是很清楚哈哈哈哈\n\n如果有预习去听卢老师的课就很舒适！
122474,1307,卢兴江,2020-02-29 05:44:53,62,71,9,满分给卢老师，9分给路姐姐。0分给蒋赉，认真批作业值5分，情商-5分。
122523,1307,卢兴江,2020-03-03 08:33:22,8,8,0,感觉很不错
122524,1307,卢兴江,2020-03-03 08:37:32,9,11,2,卢老师讲课真的很好很认真，期待早点回到紫金港在教室里听老师讲课！～
122526,1307,卢兴江,2020-03-03 08:46:48,35,45,10,蒋助教真的相对来说，拉低了卢老师的评分，体验很不好
122528,1307,卢兴江,2020-03-28 14:59:00,54,64,10,极品助教
122529,1307,卢兴江,2020-03-03 09:24:44,44,50,6,某助教直播语录\n\n学生：能把手机架高点吗看不全\n\n“下次一定”\n\n\n\n学生：直播屏幕倒了能转一下吗\n\n“下次一定”\n\n\n\n某助教 “你们交作业的时候好歹给我旋转好吧”\n\n下次一定\n\n\n\n（没恶意打分别来绑架我，原来当众处刑嘲讽只有一次就可以当没事发生呢，自己戾气重就不要怪别人了，道德卫士去期待你们更好的某助教吧
122530,1307,卢兴江,2020-03-04 02:26:56,97,116,19,想问问群里某些发言的人：你们这样捧着他，是因为你们喜欢这样的为人方式、讲课方式，还是仅仅因为他是助教？
122531,1307,卢兴江,2020-03-03 10:04:56,39,43,4,给卢老师20分，听课体验非常好。\n\n倒是希望蒋某助教约束一下自己的行为，我们是来学微积分的，不是来给你骂的，你那么强，建议不要当微积分助教，毕竟您字写得好看，直播也能180°倒着播呢。\n\n不希望卢老师因为这个助教分被拉低，所以给助教-10分，最后打10分。
122537,1307,卢兴江,2020-03-03 11:47:16,-28,22,50,既然谈到蒋助教的事情了，我就说句公道话。蒋助教在我遇到的助教里可以算最负责的一类了，毕竟现在能认认真真批改作业记分还要求我们订正反交的助教几乎没有，说句真话的确是为我们好。但蒋助教的说话方式和态度或许有待商榷，一可能是第一次当助教没有经验，二有可能是个性如此，或者说话习惯的问题。总之我觉得蒋助教的出发点是好的，但说话的方式需要改进，改掉身上的戾气，平民一点，不要说让学生掉面子或者难堪的话，不要一时口嗨就伤害了别人。毕竟蒋助教你自己也是很要面子的我们看得出来，设身处地为同学们想一想。还是祝愿蒋助教能成功转变成人人喜爱的助教吧。
122541,1307,卢兴江,2020-03-04 10:11:15,26,32,6,卢老师很好
122545,1307,卢兴江,2020-03-04 09:05:19,28,30,2,卢老师很好
122546,1307,卢兴江,2020-03-03 13:26:40,54,60,6,我们应该用什么标准评价助教？客观来说，就助教岗位而言，业务能力和工作态度是首要的，性格、沟通能力其次。就某助教而言，施压、嘲讽的态势，此为第一印象；语气中流露强硬和戾气，既不谦逊，亦无耐性，此为其二；对人吹毛求疵，业务能力却不过关，讲题风卷残云，字迹潦草，更难让人信服。我们可以说他是好助教吗？单论批改作业的“负责”，是的；但很遗憾，仅限于此，并且这种“负责”也以令人难以接受的方式表现出来。坏事也可能源于善的念头，我们不应该过度放大行为背后的“初衷”。唯正己可以化人，唯尽己可以服人。如果是教学、评价形式不够好，大家也不至于心生忿懑。但显然，助教的工作，既关乎能力，也关乎人心。
122547,1307,卢兴江,2020-03-03 13:35:39,103,114,11,话也说在最前面，我也想说句公道话，我本来是这次助教事件中的一位吃瓜网友（毕竟我不属于被表扬的那几位，也不属于被拎出来的那十几位），但看了蒋助教的回应和楼下几位的评论后真的很气愤。首先蒋助教认真负责完全没问题，认真到标点都可以改正，这很值得肯定。但认真就可以是上课说脏话，带有明显嘲讽态度的借口？是是是，有人说还是个研究生，第一次当老师，谁没年轻气盛过。活了20多年了那你总听过老师讲课吧。摸着自己的良心想想自己面对着400人的直播课说的话都合理吗？还有，楼下说的，尽管“谁不是从小被批评到大的”这句话有待商榷（ZJUer从小被骂到大？），但我还是祝福你这样内心强大的人收到带脏话字样的评价而感到欢喜雀跃。其实最令我失望的是蒋助教的态度，都说蒋助教的话忠言逆耳，那我们的话呢？引起群愤是因为大家想让您看见，希望看到您的态度，希望您转变。您回应的三个“呗”字令我无话可说，专门发到无法匿名的钉钉我也无话可说。我还记得您第二节课开始讲习题，明显是看到了争论后的一句话“你们不就想看点炫的东西吗”（是我幻听了吗），然后开始写的奇快无比，讲的“简单又迅速”，我全程黑人问号。这是您作为一名研究生助教该有的态度吗。助教助教，好歹一个“教”字，做事做人，希望您能明白。\n\n卢老师是好老师，课是好课，共勉。
122551,1307,卢兴江,2020-03-04 00:23:30,54,65,11,那些说助教批作业认真的，你们就是被临幸的那些学霸吧，还有被助教一直调戏的那个女生。我们确实确实不如你们，我们成绩不好，所以我们的作业就活该被一笔带过。助教不想在我们这里浪费时间，而是很负责地花两个小时批两位学霸作业。我们跟你们不是一个世界的人。我们弱，我们该死，我们不配有助教的平等待遇。弱肉强食嘛。
122554,1307,卢兴江,2020-03-04 02:44:53,50,55,5,给老师20分 某助教-10分 原本不是很想发表评论 他确实认真负责 也确实有一些做的不够完美的地方 但今天他的言论着实把我逗笑了 想道歉就好好道歉 装什么白莲花呢？ 居然还特意去数了一下昨天群里多少个匿名呢 还默认把他们归入了“不想好好学习”之列 表面上说的话看起来很可怜呢 实际上心底里并没有纠正呢☺️
122557,1307,卢兴江,2020-03-04 03:09:07,-124,23,147,某些人不要太过分嗷。某助教第一次开课的确高高在上说话刺耳，这是共识。但人家破例肯放下面子好好给你们道歉，非要说是别人装白莲花，那你就是脑子有病了嗷。390个人难道是一个一个数匿名出来的吗？谁能数390个匿名不重复地统计下来的，最强大脑欢迎你，留下来给我好好当助教不许走，好吧。助教是不对，但你这样一棍子打死，对他而言是多大的伤害你知道吗？今天的我不是明天的我，我相信人是可以改变的。至少应该留给助教改变的时间。助教也是人，别TM揪着一个错误不放，得理不饶人，给脸不要脸嗷。人都会犯错的，第一次当助教，难免有些不对的地方（虽然有可能不是这个关系）。我不评价助教的做人，但至少单论道歉这一事，值得肯定。道个歉都要指指点点，太不把人当人了嗷。
122561,1307,卢兴江,2020-03-04 05:50:43,50,57,7,卢老师10+\n\n路姐姐9.9+\n\n蒋某人🐶
122607,1307,卢兴江,2020-03-07 10:54:55,43,48,5,卢老师真的好，但是某助教的语气能不能改一改。。。。
122809,1307,卢兴江,2020-04-08 13:13:19,33,38,5,蒋助教太极品 10分给老师 想退课
122988,1307,卢兴江,2020-04-27 23:50:20,39,43,4,老师很好\n\n蒋助教脑子被驴踢了
123081,1307,卢兴江,2020-05-08 16:35:29,17,20,3,十分给卢老师。蒋助教，希望你赶紧换学校，浙大配不这么牛逼的你，赶紧回到你的母校哈佛。
123087,1307,卢兴江,2020-05-09 02:04:04,21,26,5,卢老师10分，路老师9分，何老师9分，蒋助教-18分，总评10分
123089,1307,卢兴江,2020-05-09 05:56:03,5,7,2,老师上课非常有意思，是那种希望把一切传授给你的老师。\n\n而且会打一些很可爱的比方，上课趣味多多。\n\n虽然我自己学得不太扎实，很多时候会不明白，但是我知道自己的老师是这样温柔的一个老师，我完全不会害怕啦，很让人安心。\n\n是一个值得你尊敬的好老师，千万不要因为某些人某些事对他产生影响。
123429,1307,卢兴江,2020-06-09 01:35:25,2,4,2,卢老师很好。微信私发题目也会很耐心地解答。至于那个蒋姓助教么……呵呵！
123565,1307,卢兴江,2020-06-10 04:28:46,15,17,2,下学期蒋助教不会再带微积分了 毕竟微积分助教这五个字也配不上他 卢老师真的炒鸡炒鸡棒 铁汁们都给我冲！
123590,1307,卢兴江,2020-06-10 10:01:20,8,8,0,卢老师真的是很用心、很负责的好老师。上课总是笑脸相迎，而且遇到不懂的地方会举一些简单通俗的例子。时不时讲个段子，讲个笑话什么的。很和蔼可亲的老师，很理解学生的老师。给卢老师点赞！！！
123942,1307,卢兴江,2020-06-17 08:56:43,6,6,0,绝好的卢姥爷！
125257,1307,卢兴江,2020-09-04 23:23:03,2,3,1,卢老师永远滴神！
125392,1307,卢兴江,2020-09-08 05:36:50,12,17,5,傻逼蒋赉
125452,1307,卢兴江,2020-09-09 09:33:39,12,15,3,傻逼蒋赉
125797,1307,卢兴江,2020-09-14 10:44:34,3,3,0,卢老师真的很好！！！
126546,1307,卢兴江,2020-09-30 04:58:52,9,9,0,积分教学段子手，卢本伟楼最风流
126794,1307,卢兴江,2020-10-20 08:01:34,2,4,2,讲的很清晰，节奏也把握得很好，课挺好跟上的
127041,1307,卢兴江,2020-11-04 05:51:55,-1,1,2,超级赞的老师
127059,1307,卢兴江,2020-11-04 12:50:49,12,12,0,md，这不是10分谁10分
127341,1307,卢兴江,2020-11-20 12:18:50,3,3,0,不多说了，牛逼
127433,1307,卢兴江,2020-11-23 03:35:38,10,12,2,今天你的名字带雨吗
127634,1307,卢兴江,2020-11-25 06:35:58,6,7,1,永远的男神！！！！超级用心超级亲切，会在课上把推导和证明讲得非常清楚！来龙去脉讲得很明白，体系很清晰！完全挽救了我对数学的抗拒哇！真的爱！！！选到就是赚到！
128176,1307,卢兴江,2020-12-10 08:32:37,4,5,1,帅帅帅
128470,1307,卢兴江,2020-12-23 10:30:59,4,5,1,超爱卢老师，只可惜下学期见不到了
128510,1307,卢兴江,2020-12-23 12:18:42,0,1,1,好，非常好
128512,1307,卢兴江,2020-12-23 12:21:31,-1,0,1,超级好
128522,1307,卢兴江,2020-12-23 13:45:28,0,1,1,好好好！
128626,1307,卢兴江,2020-12-25 00:53:52,1,6,5,一句话:气死我了！！！明年没有预制卢姥爷的课我心态都崩了  (我们班几乎所有人都想推掉预制去选卢姥爷的微积分2)
128716,1307,卢兴江,2020-12-25 05:27:03,1,3,2,太爱卢老师了，上课非常有趣而且很有耐心，注重和学生的互动，爱上微积分
128803,1307,卢兴江,2020-12-25 12:37:33,1,2,1,超级好的老师，让我一个数学渣愿意学数学
128911,1307,卢兴江,2020-12-26 16:57:58,0,1,1,老师很有趣
128999,1307,卢兴江,2020-12-28 07:32:24,2,3,1,炒鸡好，讲课思路清晰，既有数学原理的辨析，又有做题技巧的讲解，每堂课都有小故事，超有趣。
129181,1307,卢兴江,2020-12-31 02:56:37,7,9,2,我也算卢老师的学生，虽然卢老师这学期不教微甲挺遗憾的。\n\n卢老师每周二晚上的微积分研讨班我都去，真的氛围特别好，跟各路大佬讨论题目，听卢老师的点拨真不错。\n\n真的强推江边微风研讨班，，上过一学期以后觉得学到了很多卢老师说的“自然”的想法，现在还没期末，但是期中的分也到95了，真的很感谢卢老师能开出这个班给我们这些学微甲的一个机会。
130116,1307,卢兴江,2021-01-17 10:39:56,1,2,1,真的超级好的
130404,1307,卢兴江,2021-01-22 04:56:54,6,7,1,帮老师分数收敛于10 求求老师能不能让我1.5啊啊啊啊啊
130504,1307,卢兴江,2021-01-23 06:58:22,3,3,0,我爱死卢老师了呜呜呜，从来没发现学数学是如此快落
130641,1307,卢兴江,2021-01-24 05:14:41,2,2,0,太对了哥
131079,1307,卢兴江,2021-01-26 01:14:32,-1,2,3,老师很可爱很负责!\n\n课上喜欢推导证明，思路清晰，偶尔会分享些有趣小故事\n\n课下也会加学生微信（勇气max），耐心解惑，偶尔还会微信步数点赞（手动滑稽）
131192,1307,卢兴江,2021-01-26 13:01:12,0,2,2,我爱卢爷爷
131198,1307,卢兴江,2021-01-26 13:17:23,4,5,1,卢老师是很好很好的老师！上课会讲笑话，不困，而且加他微信，会很耐心地讲题目！
131214,1307,卢兴江,2021-01-26 14:29:11,2,2,0,讲课很好的老师
131216,1307,卢兴江,2021-01-26 14:31:44,3,3,0,卢老师上课绝对的赞！幽默风趣，把微积分上的非常清晰，对学生非常积极负责，人也很帅，男神！\n\n但微积分果然还是要多练，像老师说的要把它完全理解啊，一知半解难以拿到好的分数TAT\n\n（来自一个考前很有信心然考试时才发现自己果然还是没完全弄懂结果惨遭被虐的文科菜鸡）
131229,1307,卢兴江,2021-01-26 17:10:07,2,3,1,卢老师捞我了！！！QAQ
131313,1307,卢兴江,2021-01-27 05:00:30,0,2,2,卢老师男神！
131509,1307,卢兴江,2021-01-27 23:57:29,-2,0,2,男神不必多说
131889,1307,卢兴江,2021-01-29 08:38:48,-1,0,1,卢老师，yyds。
132085,1307,卢兴江,2021-01-30 07:14:17,0,0,0,真难过 没选到
132227,1307,卢兴江,2021-01-31 05:52:18,1,1,0,我爱你
132678,1307,卢兴江,2021-02-03 09:41:39,1,3,2,慕名看过矿爷的MOOC，上了卢老师的课感觉也没什么差别，而且感觉卢老师更有趣点。对辽，卢老师捞术感人！！
132779,1307,卢兴江,2021-02-03 14:24:24,-1,0,1,老师上课很有趣，虽然进度快但讲得细致到位，很好的老师！
133534,1307,卢兴江,2021-03-02 01:47:32,1,1,0,男神！！
133849,1307,卢兴江,2021-03-08 06:48:52,3,3,0,卢爷爷的课是真的好啊啊啊啊啊啊快选他！
133875,1307,卢兴江,2021-03-08 13:49:00,2,3,1,老师的书有点难。。。
134133,1307,卢兴江,2021-03-17 00:44:51,-1,2,3,三生有幸
134134,1307,卢兴江,2021-03-17 00:51:12,0,2,2,大爱卢兴江，好负责的老师，孩子感动哭了
134651,1307,卢兴江,2021-04-07 16:27:27,7,7,0,老师很好很负责\n\n但是他的教材习题是找不到详解答案的，数学不好的慎选，做作业会很痛苦……
135607,1307,卢兴江,2021-05-17 02:20:45,1,3,2,卢老师是侧重原理和证明的上课风格，适合大佬冲，\n\n作为小菜鸡，觉得教材没答案还蛮痛苦的
135790,1307,卢兴江,2021-05-26 00:47:05,5,6,1,卢老师快回来吧呜呜呜呜   为什么就出差了呢呜呜呜
136059,1307,卢兴江,2021-06-10 13:57:22,3,5,2,卢老师战神！卢老师战神！卢老师战神！
136159,1307,卢兴江,2021-06-11 13:04:10,10,12,2,卢老师去出高考题？
136436,1307,卢兴江,2021-06-18 02:35:11,6,8,2,卢兴江老师就是yyds！来大学最幸运的就是认识了卢姥爷！
136907,1307,卢兴江,2021-06-28 06:04:21,-26,6,32,感觉有被神话
137870,1307,卢兴江,2021-07-06 12:28:48,2,4,2,卢老师真的是带我爱上数学的老师，微积分H满绩是自己绝对没想到的，选择数学专业也是因为卢老师，感觉到了数学的美妙！为什么都是讨论助教的，那我来提一嘴H课的助教张一萱小姐姐，长的好看而且负责认真！
138052,1307,卢兴江,2021-07-07 08:00:19,20,22,2,微一H微二H都是卢老师上的\n\n【讲课】清晰有条理，善于举例与类比\n\n【给分】强力海底捞，微二期中只有56，期末考完觉得自己铁定挂了，在考虑被退院之后该怎办了。结果老师在海底坐着核潜艇找到了我的踪迹，给了我60分，让我不退院，感激不尽！！！！！！！！！！！！！！！！！！！\n\n对学生好，上课好，我心目中的NO.1\n\n老卢，我的超人～
138144,1307,卢兴江,2021-07-07 13:38:43,-1,1,2,选到就是赚到，江哥天下无敌
138284,1307,卢兴江,2021-07-08 10:27:37,1,1,0,好老师！
138431,1307,卢兴江,2021-07-09 06:27:05,2,2,0,爱了爱了
138959,1307,卢兴江,2021-07-12 03:26:26,5,6,1,微积分结束啦再来评价一次！江边庐yyds！会很耐心地回你微信里问的问题，还会发很可爱的表情，上课很清晰有条理！
139085,1307,卢兴江,2021-07-12 14:34:08,-1,0,1,哈哈哈哈哈
139343,1307,卢兴江,2021-07-14 12:51:55,4,4,0,不多说了，卢兴江yyds！
139558,1307,卢兴江,2021-07-17 08:17:49,3,4,1,老师课讲的真不错，很有启发，很注重数学思维训练，虽然平时作业确实有难度但平时成绩给的很高。
141006,1307,卢兴江,2021-09-21 04:27:32,0,1,1,男神！！！讲课有趣又清楚！！！
142222,1307,卢兴江,2021-11-09 01:31:21,7,10,3,同学们，四月份开始不要学语文了
144146,1307,卢兴江,2021-12-19 14:46:05,3,3,0,讲课可以引导学生理解新的知识
144186,1307,卢兴江,2021-12-20 07:20:36,4,4,0,卢兴江真的很好，幽默的老帅哥，板书很漂亮，多才多艺，下学期他不教微乙了，我哭
144304,1307,卢兴江,2022-01-05 09:08:57,0,0,0,我爱他我爱他
144783,1307,卢兴江,2021-12-23 14:48:41,1,2,1,卢老师真的太好了
144801,1307,卢兴江,2021-12-24 03:06:20,-1,1,2,卢老师，爱了爱了！！！
145105,1307,卢兴江,2021-12-27 11:57:07,75,81,6,同学们，跟你们说个事\n\n\n\n我同学好像魔怔了\n\n\n\n整天兴江兴江的喊，连做梦都在喊\n\n\n\n没事的时候就喜欢拽着别人给兴江打10分\n\n\n\n我们班一半的人都中招了\n\n\n\n现在一有点风吹草丛，他们就在那鬼哭狼嚎的 \n\n\n\n“兴江😭😭😭兴江😭😭😭” \n\n\n\n太哈人了😰😰😰我现在怀疑兴江是个什么传销组织\n\n\n\n他们的人说话都跟猜谜一样\n\n\n\n完全看不懂\n\n\n\n但我又不敢报警\n\n\n\n我同学威胁我说，要是我不给兴江打10分\n\n\n\n就把我扔到江里去\n\n\n\n所以说....\n\n\n\n等等\n\n\n\n等等\n\n\n\n江里.....江......\n\n\n\n江...兴江...兴江！\n\n\n\n兴江我真的好喜欢🥰🥰....兴江到底是谁啊\n\n\n\n有没有懂哥....兴江🥰🥰兴江🥵🥵....给我讲一下\n\n\n\n兴江🥰🥰到底是🥵🥵是....是....\n\n\n\n.....................兴江是我superman捏~🥰🥰\n\ntnnd  竺院  你就是歌姬吧\n\n为什么给我预制到矿爷的课里去，我还选不了兴江的课，竺院你罪大恶极，兴江🥰我的兴江~~~我不想离开你
145231,1307,卢兴江,2021-12-28 11:16:39,1,2,1,讲解很清楚也很有重点，做题方法上会给人一些小惊喜，而且很注重思维的培养。反正总之入股不亏~
145344,1307,卢兴江,2021-12-29 06:35:23,-2,1,3,老师真的讲的很好，我一个数学很差的人都能听得懂，上课幽默有风度，板书条理清晰，看着是一种享受。男神！我爱他！！！
145704,1307,卢兴江,2021-12-31 11:13:44,-1,0,1,太喜欢了
145705,1307,卢兴江,2022-01-12 03:09:07,4,4,0,卢老师我的男神啊啊啊啊啊啊啊啊啊啊啊啊啊啊啊啊啊啊啊啊啊啊啊啊啊啊啊啊
145706,1307,卢兴江,2021-12-31 11:22:12,1,3,2,江江我的超人，怎么不教微乙了呜呜呜呜，江江的期末复习屁屁踢太可爱了我爱江江
145709,1307,卢兴江,2021-12-31 11:34:35,-1,0,1,卢老师yyds
145765,1307,卢兴江,2022-01-01 15:07:49,8,10,2,真的巨帅
146685,1307,卢兴江,2022-01-07 07:52:53,0,1,1,吃瓜哦
147310,1307,卢兴江,2022-01-09 12:51:36,0,4,4,老师非常棒，水平很高，还很幽默!是我资质不高，有点跟不上节奏……建议数学思维好的同学选修。
147311,1307,卢兴江,2022-01-09 12:54:15,2,2,0,男神!!!
147334,1307,卢兴江,2022-01-10 10:17:02,5,8,3,字数上限八百字，所以我分两个设备发。\n\n\n\n微积分这个课是没有正态的，成绩一方面反映出的是学生个人水平，另一方面也能反映出老师的教学水平，还有老师捞人的力度。\n\n\n\n你看卢老师的学生，想夸卢老师却发现词都被前人用完了，你就会知道，选卢老师的课准没错。颜值高、衣品好、讲课水平高什么的大家都提过了，作为卢老师的头号铁粉，我来讲点不一样的，我来讲讲为什么我想从矿H班跳到卢老师班。\n\n\n\n先说说卢老师的课程安排。卢老师整个学期会有一次点名，目的是督促学生的到课率，20年在taylor公式那一节，21年在不定积分展开前，也就是差不多期中前后。\n\n\n\n我本人是缺勤了的，缺勤之后一度陷入恐慌而险些弃修，因为仰慕卢老师的人格魅力，毅然决定留下来，哪怕因为这个最后平时分扣光吃3.3我也认了。但是卢老师给总评的时候显然把这件事忽略了...(笑)我就知道我没看错这个男人的温柔。这大概是我在浙大做得最正确的一件事。\n\n\n\n21届，整个学期会有三次小测，微乙班两次线上一次线下，微H班一次线上两次线下。线下小测题目质量和难度远远高于其他老师(勿喷，不吹不黑)，但是卢老师很清楚这一点，所以小测是赋分制的。\n\n\n\n到场即得50分，最高分是30分，那么30分就是100分。总共划5个档给分。从微乙班的情况来看，你即便小测次次卷面30分，只要你认真上课，认真听课，期末考试卷面达到90分以上，依然能得到4.8和5.0这样的总评。\n\n\n\n卢老师对于数学命题的理解非常之高，是足以主持高考出卷工作的水平(不是瞎猜，看看卢老师的出差时间你就知道了...)。
147335,1307,卢兴江,2022-01-09 15:07:40,2,6,4,大爱卢兴江和助教卢文亮小哥哥～大一学微积分乙，觉得好难好难，上课也不太认真，甚至还不止一次在课上睡着过。期中没有复习，成绩六十多点刚刚及格，期末卢姥爷会开一节课带我们复习，就自己也没怎么复习，跟着卢姥爷的PPT盘了一遍，最后4.5。助教小哥哥也很好，很细心，会回答私聊问的问题，很温柔。而且，少交一两次作业会帮你满上。给分真的很好哦！
147892,1307,卢兴江,2022-01-11 05:53:33,5,6,1,小卢宝（lwl)和大卢宝（lxj)，我爱死你们啦
148167,1307,卢兴江,2022-01-11 17:21:07,-1,0,1,卢兴江，我的超人
148194,1307,卢兴江,2022-01-12 00:28:52,0,5,5,谢谢卢老师！超级无敌海底捞，其实平时感觉微积分还不错，但期末考试脑子里就跟进了水一样，考完感觉肯定要挂了，准备收拾东西退院了，没想到卢老师直接乘着下一代蛟龙号把我从马里亚纳海沟打捞起啊，谢谢卢老师！
148211,1307,卢兴江,2022-01-12 01:38:15,5,8,3,卢老师拉满拉满，大一最好的老师。\n\n不摆了，各方面拉满，讲课生动有趣有深度又幽默风趣，微积分研讨班里和同学们讨论难题，总之一切好老师的素质都具备。\n\n我学微积分非常努力，花了最多的时间，做了整一本书很多套题。可惜的是期末考试前一直在做线性代数，微积分熟练度下降结果大失误，最后结果不是很满意。\n\n有一个问题就是小测作弊成风。看到别人作弊比自己高，当时感觉就付出没有回报，很失落很难过。虽然这么做可能是为了大家绩点好看一点，但我觉得这对认真学习的同学真的打击很大。
148219,1307,卢兴江,2022-01-12 01:53:35,1,2,1,卢老师上课幽默风趣，同时令人对知识印象深刻学到很多，跟这卢姥爷真的可以激起对微积分的兴趣！yyds!
148220,1307,卢兴江,2022-01-12 01:54:39,2,2,0,卢老师！我滴超人！！！
150551,1307,卢兴江,2022-01-30 06:40:38,15,19,4,谢谢卢姥爷\n\n但是平心而论，卢姥爷的书后作业这个设计，没有答案和详解，学生自己学习的时候非常困难。同时这学期没有习题课的时间，助教姐姐虽然人美心善但说实在讲的很差，讲课能力和代课的助教真的是鲜明对比，而且由于时间原因没有在课堂上给出正确答案，对于订正其实帮助很少
150606,1307,卢兴江,2022-02-04 02:38:19,12,16,4,以前有上过卢老师课的同学说卢老师上课水平比矿爷高，我觉得可能是风格不同给学生带来的感觉上的差异。矿爷上课比较四平八稳、循循善诱，卢老师上课激情澎湃，特别强调思维含量，每节重点课都会提出极有思考价值的思考题。你如果认真做了课后思考，这些题很可能会成为你期末破局的胜负手。就我个人而言，我更喜欢卢老师的课，也许是因为矿爷把他所讲的全部内容都放在了MOOC里，而对我来说，卢老师的课却常听常新，百听不厌。\n\n\n\n鉴于卢老师的上课风格，我建议大一的同学们一定要亲自到场听课。水课、通识课你翘了也就翘了，卢老师的课翘掉每一节都是不一样的损失。在现场听课的感觉和听智云的感觉是完全不一样的。\n\n\n\n这里我也要额外说几句微积分这门课的特征。在现场听课，你的思维是活跃的，你会产生许多有益的思考来打扎实你的知识结构，而这些弥足珍贵的思考，一旦失去，除非重修，否则你再也没有机会挽回。即便你拥有考4.8、5.0的实力，你在复习期间依然会觉得自己知识体系充满了漏洞，而这种恐惧是你不想再经历第二次的。(本人惨痛教训)\n\n\n\n最后期末考试，如老师所说，都是平时做过的题，对吧？我们这届微H班是填空+大题，考察面很广，很细，定积分的物理应用这样的题也会考，据我所知这个点微甲微乙是不考的。\n\n\n\n微乙班是8道计算(很简单，但是你没练过或者熟练度低就完蛋了，别想拿分)和四道证明，前两道证明难度不大，思维比较顺(同样是没练过别想拿分。浙大的微积分普通课更接近工科数学分析，荣誉课则更侧重计算)，第三道对构造要求略高，第四道证明延拓之后的结论比证明原结论更简单。\n\n\n\n微积分这门课面前没有天才，你最后的总评绝对对得起你的努力。在卢老师的班上更是如此，因为平时严格要求，最后总评普遍都比较高(前八道计算虽然大家都说是送分，但是事实上，这八道都做对就不可能低于4.2了...)。
150991,1307,卢兴江,2022-02-21 16:09:11,1,10,9,我真的很想吃瓜。。
151329,1307,卢兴江,2022-02-28 13:53:08,4,5,1,浙江大学最有魅力的男人
151358,1307,卢兴江,2022-03-01 09:09:29,1,9,8,老师真的很好\n\n但还是希望老师的小测能稍微严格一点
151665,1307,卢兴江,2022-03-11 00:53:45,2,2,0,江江无敌！\n\n人格魅力极高！\n\n数学之美！
151803,1307,卢兴江,2022-03-16 08:28:02,-1,0,1,江江怎么可能让我不爱，呜呜呜....
152299,1307,卢兴江,2022-04-02 06:01:37,5,5,0,3个字
152690,1307,卢兴江,2022-04-18 10:57:55,6,6,0,每天爱卢老师一万遍！
153311,1307,卢兴江,2022-04-28 01:55:09,3,4,1,男神！！！
153791,1307,卢兴江,2022-05-11 06:56:04,7,11,4,上到一半要离开我们去改卷了呜呜呜
153802,1307,卢兴江,2022-05-11 14:22:22,16,18,2,不是去改卷，是去出高考卷……
154426,1307,卢兴江,2022-06-01 08:06:46,16,22,6,不是针对老师，这学期下半季卢老师出卷去了，小测居然就考一道题，班上那些小测明目张胆作弊的，拿着卡西欧算积分的，对答案的，到了最后交卷拖了十分钟还讨论的，对完答案再交的。这样的小测有什么意义?还赋分，公平呢？
154517,1307,卢兴江,2022-06-02 03:22:56,6,6,0,很好的老师，有情怀，有热情，有耐心，讲课很清晰，给满分
154791,1307,卢兴江,2022-06-05 11:43:17,3,3,0,123
154827,1307,卢兴江,2022-06-06 03:02:36,7,7,0,大一遇到的最好的老师之一
154847,1307,卢兴江,2022-06-06 07:17:44,1,3,2,卢老师，男神！！！
154895,1307,卢兴江,2022-06-06 14:51:40,-1,2,3,卢老师可以说是我坚持上微积分课的唯一理由
155780,1307,卢兴江,2022-06-16 02:31:10,0,2,2,讲课讲的很好\n\n评论区看得我一愣一愣的
155971,1307,卢兴江,2022-06-17 02:34:13,8,8,0,大爱江江！这学期虽然在矿爷班但是坚持听完了江江的智云~
156235,1307,卢兴江,2022-06-18 11:37:27,28,30,2,2022年6月18日朵朵校友圈十大记录:\n\n\n\n\n\n就算掉码我也要和大家炫耀：\n\n昨天拍了荷花的照片发在了pyq，卢兴江给它画了幅画。\n\n这个男人真的！！too handsome\n\n\n\n（热评第一:与此同时有三十万人为他辗转反侧[狗头]
157497,1307,卢兴江,2022-06-23 12:48:39,13,15,2,给分很好吗我怎么没感觉到5555
157522,1307,卢兴江,2022-06-23 14:45:41,0,2,2,男神男神，太有魅力了啊
157960,1307,卢兴江,2022-06-25 22:42:20,3,5,2,男神一样的存在。上课有趣，作业不多，还拼命捞你，快点选卢姥爷的课
158634,1307,卢兴江,2022-07-01 02:01:06,-75,12,87,给分真的太好了 使劲的捞\n\n出成绩很晚 好像就是在捞人\n\n期中估分70 期末最后三道大题都没做出 满了
159483,1307,卢兴江,2022-07-25 07:25:46,1,4,3,唉
160294,1307,卢兴江,2022-09-17 07:32:25,3,7,4,“你只要不用毛笔答题，都会给你好好改”太可爱了卢老师
160379,1307,卢兴江,2022-09-21 01:56:57,2,5,3,卢姥爷，爱你
160463,1307,卢兴江,2022-09-23 05:51:48,-11,5,16,感觉不好
160663,1307,卢兴江,2022-09-29 18:24:27,0,5,5,啊啊啊老师好好
160933,1307,卢兴江,2022-10-20 06:15:55,1,2,1,哦哦哦
160977,1307,卢兴江,2022-10-22 09:32:14,1,3,2,遇到过的最好的老师，没有之一
161256,1307,卢兴江,2022-11-02 10:36:00,-2,2,4,强强强
161459,1307,卢兴江,2022-11-07 05:29:06,-1,2,3,爱死啦男神
161497,1307,卢兴江,2022-11-08 00:09:23,10,12,2,表白gyt助教，太好了
161775,1307,卢兴江,2022-11-13 03:05:27,2,4,2,江边庐大爱
162271,1307,卢兴江,2022-11-18 19:18:57,-17,3,20,短暂接触过老师，不喜欢
163225,1307,卢兴江,2022-12-14 11:41:17,4,4,0,好好好
163328,1307,卢兴江,2022-12-13 05:31:02,-23,3,26,不好，给分也不好
163594,1307,卢兴江,2022-12-15 12:52:04,-1,2,3,卢姥爷男神
163795,1307,卢兴江,2022-12-16 06:18:38,8,9,1,从小到大遇见的最好的老师！！！板书非常漂亮，绝对练过书法和绘画，无论公式还是画图都非常清晰，讲课也是完全不需要预习都能完全听懂的那种。他完全知道学生在哪里会不理解，并且用自己的方式让学生有更加深刻的理解，即使数学不好听课也比较轻松！马上就要离开江边卢老师了呜呜，真的很想退课强卢老师的课选啊！！
163917,1307,卢兴江,2022-12-16 14:16:09,0,3,3,卢姥爷不仅课讲的清晰板书工整，而且超级幽默
164194,1307,卢兴江,2022-12-19 05:52:46,-1,2,3,bdbdbd
164392,1307,卢兴江,2022-12-20 14:08:43,0,2,2,神仙老师，爱了
164663,1307,卢兴江,2022-12-22 16:31:10,16,17,1,“人为什么要学数学”这个问题，卢姥爷看似没有回答，其实无时无刻不在回答。
166367,1307,卢兴江,2023-01-12 05:51:50,2,3,1,好好好
167043,1307,卢兴江,2023-01-14 17:11:57,2,4,2,是个会画画的微积分老师喔\n\n人非常和蔼，知识也十分扎实，有问必答
168032,1307,卢兴江,2023-01-23 06:40:45,3,5,2,虽然距离我结课已经一年了，但是还是想来说一句：\n\n这个男人会给我发新年快乐诶！
168439,1307,卢兴江,2023-02-16 13:36:26,2,4,2,宝贝，你太强了。信卢，爱卢。
168539,1307,卢兴江,2023-02-19 08:51:27,0,2,2,没得说，牛B
168616,1307,卢兴江,2023-02-20 09:28:52,10,10,0,老师改试卷的时候注意少碰点冷水，洗头发洗完了一定要立刻吹干，晚上记得按时睡觉，按时吃饭，不能太劳累，不能吃生冷的食物，要保持心情舒畅，注意保暖，晚上睡觉一定要盖好被子别着凉，忌喝冷饮，浇澡最好用淋浴，少吃油炸食品，别饮酒最好每天保证睡足八小时少吃生冷寒凉咸辣的食物，衣服要穿厚点，多吃点饭，别剧烈运动别乱跑，改试卷期问大家不在老师身边，老师要照顾好自己，我们一直在想着你，最后记得捞我，谢谢老师
168910,1307,卢兴江,2023-02-23 11:04:31,4,5,1,真的海底捞 这个老师也太好了 讲课认真 绘画技术高超 评分接近10的好老师
168972,1307,卢兴江,2023-02-24 01:50:56,-4,13,17,男神，大一的第一个满绩，非常的儒雅，字写得很漂亮，讲课很清晰，上课还会现场作画
168981,1307,卢兴江,2023-02-24 02:27:41,45,48,3,误入数院的绘画高手，蛰伏浙大的书法天才，神秘消失的高考命题人，果断出手的海底捞之王，思路清奇的数学大佬，论证严谨的微积分大师……\n\n他有许多名字，但我们喜欢叫他卢姥爷\n\n\n\n学微积分不听卢姥爷的课，就像四大名著不看红楼梦，说明这个人文学造诣和自我修养不足，他理解不了这种内在的阳春白雪的高雅艺术，他只能看到外表的辞藻堆砌，参不透其中深奥的精神内核，他整个人的绩点就卡在这里了，只能度过一个相对失败的人生
169025,1307,卢兴江,2023-02-24 04:48:55,13,14,1,老师水平没得说，讲的好，有才，老帅哥，给分贼能捞。奈何苯人数学实在是开不了窍，加上在400人的蒙民伟楼里经常犯困，最后绩点不太行。和矿爷相比思维含量更高启发性更强，而矿爷更加细致，这点从两人的教材中就能看出来，当然两位都是很好的老师。至于某些教学之外的事，听过算过，不予置评。
169063,1307,卢兴江,2023-02-24 07:31:59,7,8,1,老师的确是好老师，上课有知识，课下答疑也做得很好。但是后面要选这门课的学弟学妹需要注意下是不是选的400人的课堂，实话实说，蒙民伟楼的大教室不一定适合每一个人，特别又是数学这样的硬课。
169072,1307,卢兴江,2023-02-24 07:59:06,-3,1,4,绩点给的很客气，但是不够客气（）
169294,1307,卢兴江,2023-02-25 09:27:16,1,2,1,卢姥爷 yyds\n\n谢谢方学长捞捞
169648,1307,卢兴江,2023-02-27 08:59:39,3,3,0,使劲捞啊真的！！！！！！！卢姥爷！！！！ytgg！！！！
169702,1307,卢兴江,2023-02-27 12:44:15,-1,0,1,老师很不错，讲课很清晰
169794,1307,卢兴江,2023-02-28 02:20:19,-1,0,1,会画画！！讲课巨好！！
169964,1307,卢兴江,2023-02-28 17:44:36,1,1,0,特别好的老师啊啊啊啊神来之捞！都给我选！
170042,1307,卢兴江,2023-03-01 06:06:04,4,4,0,江老师还是蛮好的，虽然我最后2.7那是因为没好好学
170085,1307,卢兴江,2023-03-01 10:25:28,1,2,1,6666
170116,1307,卢兴江,2023-03-01 11:50:09,-1,1,2,啊啊啊啊啊男神！
170398,1307,卢兴江,2023-03-03 15:51:27,27,39,12,我想吃瓜捏…可以有人给我科普一下嘛
170827,1307,卢兴江,2023-03-10 06:48:50,5,7,2,忠!诚！
176372,1307,卢兴江,2023-06-28 14:45:48,1,4,3,卢姥爷是真能捞！！！！！！\n\n人超级好，幽默风趣爱学生，讲课深入浅出，是我自上学以来最好的数学老师！！\n\n磕一个TAT
176375,1307,卢兴江,2023-06-28 14:56:27,0,3,3,卢爹！无敌！
176381,1307,卢兴江,2023-06-28 15:26:02,2,3,1,卢姥爷讲课好，也很捞，是我自己没好好学，学弟学妹们不管怎样，平时认真听，认真思考总结，好好做作业、别敷衍别抄答案，学明白，总比临时抱佛脚强！ε(┬┬﹏┬┬)3
176515,1307,卢兴江,2023-06-29 07:24:12,0,3,3,给姥爷磕个头，
176810,1307,卢兴江,2023-06-30 08:39:37,13,16,3,他甚至还说挂科的同学对不起是他关心不够
177063,1307,卢兴江,2023-07-01 12:02:00,5,7,2,真的特别特别感动能遇到这样的好老师，不仅会让你学会微积分，更会教你怎样去学数学。他不仅仅局限于微甲的考点，而是会更深入地让我们理解和掌握知识。“江边微风”研讨班也吸引真正热爱数学的学生，一个学期坚持做下来。希望更多的人在上了卢老师的课之后不仅能考好试，更能在接下来的人生中继续敬畏数学，保持数学学习的热忱之心。
177263,1307,卢兴江,2023-07-02 12:59:30,2,4,2,太能捞了 大爹
178122,1307,卢兴江,2023-07-07 05:05:55,13,14,1,蒙民伟楼的早八微积分实在是太好睡了 非常非常对不起卢老师 以及感觉高分段没怎么捞55
179512,1307,卢兴江,2023-09-18 01:06:00,0,3,3,好好好
179645,1307,卢兴江,2023-09-19 04:39:02,2,4,2,真的好爱
179690,1307,卢兴江,2023-09-19 09:52:44,3,7,4,是大一新生，大学生涯第一节课就是他的早八，爱死了，已经是我的男神了
179814,1307,卢兴江,2023-09-20 01:35:56,4,8,4,大家努努力，把卢姥爷的评分冲到9.99
180669,1307,卢兴江,2023-09-24 15:44:26,-2,0,2,好好好
180731,1307,卢兴江,2023-09-25 11:30:29,3,7,4,江边生百草，独喜一枝芦
180772,1307,卢兴江,2023-09-26 04:45:54,-1,0,1,老乡）
180805,1307,卢兴江,2023-09-26 12:00:22,1,3,2,男神！！！
180879,1307,卢兴江,2023-09-27 13:29:17,5,10,5,冲冲冲把卢姥爷搞到9.99
181334,1307,卢兴江,2023-10-15 03:21:47,-2,1,3,卢老爷冲冲冲！
181395,1307,卢兴江,2023-10-16 16:24:25,8,12,4,今天卢老爷连点三个人回答问题，都没人站起来，最后发现是拿错花名册了hhhhh，好有意思的老师。
181648,1307,卢兴江,2023-10-25 07:35:06,3,6,3,有co就是负，没有co就是正，卢老爷太可爱了
181817,1307,卢兴江,2023-11-01 15:20:29,3,6,3,讲课很有意思，人也很有意思。
181934,1307,卢兴江,2023-11-05 15:22:04,1,5,4,老师温柔不失风度，讲课很地道
182002,1307,卢兴江,2023-11-07 17:56:05,-24,15,39,蒙民伟楼的环境相比普通教室不那么适合学习，老师也被严重过誉了，讲的既不细致也不深入
182112,1307,卢兴江,2023-11-10 06:41:36,-19,14,33,感觉过誉了，不细致而且很快赶进度，没有他出差来给我们代课的老师讲得好（我不知道是哪一位）
182168,1307,卢兴江,2023-11-11 08:57:48,-2,2,4,卢爷冲冲冲！
182397,1307,卢兴江,2023-11-15 13:05:30,16,17,1,老师很帅，讲的很好，很清晰，人也很幽默。还有助教gg也很好，很认真很负责 🥹🥹表白张沛晨助教呜呜呜，人很可爱，认真负责，讲的很好，每节习题课都有错题情况整理和答案发出来，讲完错题还会讲补充知识点，尊的很好
182821,1307,卢兴江,2023-11-20 12:24:17,1,3,2,卢姥爷真的帅
183186,1307,卢兴江,2023-11-22 14:21:20,-1,2,3,好好好
183580,1307,卢兴江,2023-11-27 12:36:21,4,8,4,早日收敛到10
184112,1307,卢兴江,2023-12-09 15:59:39,0,2,2,讲的非常清楚，连我这样的数学白痴也能听得懂写会题目。感谢老师。人很有趣。
184308,1307,卢兴江,2023-12-16 11:51:36,-1,0,1,上课非常清晰
184358,1307,卢兴江,2023-12-18 07:08:13,1,1,0,优秀的老师！讲课通俗易懂，细致入微！
184458,1307,卢兴江,2023-12-20 04:36:38,3,3,0,讲的很清晰很好👍老师人也很幽默很有意思
184660,1307,卢兴江,2023-12-22 06:12:02,6,7,1,老师很幽默，上课会开玩笑活跃气氛；性格也很好，从来没看见他发火。卢老师上课喜欢用笔在纸上写题目，用投影仪投到大屏幕上。老师很大方，我两三次看见一个女生下课后找老师要板书，老师直接把自己课上写的题目送她了。老师讲题目很细致，解题要用的方法基本都有讲到过。老师上课偶尔点名，也常常会随机抽同学回答问题。人好、课上得好，这样的老师选到就是赚到。不给10分我良心都过不去。
184662,1307,卢兴江,2023-12-22 06:15:53,5,7,2,呜呜呜爱死卢姥爷了，上课特别好，答疑也特别有耐心啊啊啊啊啊
185060,1307,卢兴江,2023-12-26 04:53:53,2,5,3,好老师！
185219,1307,卢兴江,2023-12-27 06:13:49,23,25,2,不要选卢姥爷，不然你就会和我一样，在结课的时候因为舍不得而哭成泪人
185378,1307,卢兴江,2023-12-28 13:57:27,9,11,2,浙大或许不是世界一流大学，但卢姥爷一定是世界一流老师。讲课不是shut up and calculate，而是会解释为什么这样想，往什么方向思考，很能帮助我们建立正确的数学直觉。他的课对数学基础一般的同学和数竞生都有极大帮助，这也是他国际化的体现。总之，有卢选卢，没卢乱选，所有人适用。想抱怨一下选课系统，下学期为什么会换老师[怒]，教材都不一样
185625,1307,卢兴江,2024-01-03 05:39:59,7,8,1,卢姥爷真的是我大学以来遇到的最好的老师，不仅数学极好，书法和绘画也很厉害，天冷了会提醒大家注意保暖，蒙民伟楼凳子坏了会去找来塑料凳子，进度确实比别的快，但是讲得深入浅出生动有趣，最关键的到了期末卢姥爷还会花时间复习。真的是最好的微积分老师，选他！
186393,1307,卢兴江,2024-01-11 02:38:19,-1,2,3,太棒了 江江
187099,1307,卢兴江,2024-01-14 12:52:39,2,4,2,卢姥爷真的是我男神！！！我真的吹爆啊啊啊——虽然我才大一  但他绝对是我目前遇到的最好的老师！！讲课条理非常清楚 说话清晰  幽默风趣（有时候会讲故事或者开玩笑来活跃气氛  真的特别有意思！）慈祥 有风度  \n\n 作业量不算多但也不算少吧....难度适中  *但是卢姥爷上课比较喜欢点名和让人上去写东西（但他绝对不会为难你！如果你不会他会很耐心地指导你！） 选到的uu你就偷着乐吧  没选到的uu可以放心无脑冲！！\n\n（悄悄说一句我卢姥爷满命了（真的））/捂脸
187104,1307,卢兴江,2024-01-14 13:09:18,0,0,0,江江捞捞，太棒啦
187111,1307,卢兴江,2024-01-14 13:27:03,0,2,2,终于还是体会到了
187112,1307,卢兴江,2024-01-14 13:28:01,-1,0,1,兴江，俺的兴江！
187141,1307,卢兴江,2024-01-14 16:54:33,4,4,0,虽然被卡绩，还是十分奉上
187190,1307,卢兴江,2024-01-15 03:54:04,4,5,1,出分了来评一下\n\n卢老师讲得真的好，能让人听懂弄懂，还有助教cygg也很好！\n\n最后4.8\n\n满昏！
187217,1307,卢兴江,2024-01-15 06:00:21,2,5,3,舍不得卢姥爷，微II换老师了，卢姥爷的课跟我其他课时间冲突。微积分I是大学以来第一门满绩，我想只要上课认真听讲，有不明白的趁早问，多刷些题目，就都可以取得比较满意的成绩，感恩遇到这么好的老师
187430,1307,卢兴江,2024-01-16 06:24:39,1,1,0,真的好爱卢老师！！！！给了我微积分生的希望
187490,1307,卢兴江,2024-01-16 10:54:59,3,5,2,真的很感动，课讲的好，作业也不多，给分好，真的是一个好老师，浙大数院之光！！！
187506,1307,卢兴江,2024-01-16 11:57:11,4,4,0,真的吹爆卢姥爷，认真负责，讲解课程清楚，手写文稿真的很好。在蒙民伟楼上课，会去找凳子让学生可以坐到前排（不过蒙民伟楼真的不适合上这种硬课）。对学生是有感情，有人情味的。
187520,1307,卢兴江,2024-01-16 12:27:46,1,1,0,老师真的很棒，上课很有意思，讲的很透彻，给分还超好，助教很负责，就是有的时候听不懂。
187548,1307,卢兴江,2024-01-16 13:58:04,1,5,4,10分不解释，冲就完了！！！
187551,1307,卢兴江,2024-01-16 14:05:52,6,6,0,出分了，自己对待学习的态度和对学习的付出对得起这个绩点，卢老师是一位非常好的老师，很有幸在第一个学期就遇到这么好的老师，卢老师早日收敛到10分吧
187677,1307,卢兴江,2024-01-17 05:26:37,3,6,3,卢公若不弃，某愿拜为义父！
187809,1307,卢兴江,2024-01-17 13:48:00,7,8,1,上课：我不喜欢上课。但其实老师讲得还可以。但400人大课\n\n绩点：期中96，期末两个大题不会，4.8，很满意。
187953,1307,卢兴江,2024-01-18 01:41:32,-1,3,4,理性与感性的完美结合
188078,1307,卢兴江,2024-01-18 07:19:03,2,2,0,挺好的老师
188116,1307,卢兴江,2024-01-18 08:34:14,14,18,4,有人质疑他被严重过誉？不好意思，卢老师就是神！
188325,1307,卢兴江,2024-01-18 15:43:23,1,2,1,上课风度翩翩，讲课有深度，做人儒雅，写得一手好书法，必须十分
188533,1307,卢兴江,2024-01-19 07:33:24,2,4,2,我为什么甲1和甲2不能都是卢姥爷
188537,1307,卢兴江,2024-01-19 07:46:32,-53,9,62,就是过誉了，后半学期没听过课，靠sdk的mooc照样满绩，比卢老师讲的好多了
188645,1307,卢兴江,2024-01-19 12:46:42,-1,4,5,啊啊啊啊啊啊！我爱卢姥爷！卢姥爷是神！
188933,1307,卢兴江,2024-01-20 17:04:07,0,2,2,老师讲的好，我微积分不好是我的问题
189282,1307,卢兴江,2024-01-22 22:53:29,5,5,0,性格很可爱，讲的也很生动
189346,1307,卢兴江,2024-01-23 10:15:59,14,17,3,爱死卢姥爷了！！！下学期依然选了他的课。课讲得好，有启发性，课间时不时有点特别节目，还会书法和画画，儒雅至极！！！十分是查老师的极限，但不是卢姥爷的极限！！！
189432,1307,卢兴江,2024-01-24 06:14:40,-32,0,32,666
189638,1307,卢兴江,2024-01-26 08:14:10,-73,6,79,好个der
189851,1307,卢兴江,2024-01-31 07:44:07,18,21,3,或许有的人会不喜欢卢姥爷的课，说过誉了，但是我想说众口难调。卢姥爷是真的从学生视角教你怎么学好微积分，他真的是想让我们理解并学会微积分而不是把微积分当成一门仅仅套用定理和公式的课程，所以他的课上不乏从定义开始的证明以及精妙的例题。卢姥爷是真的在从我们的角度让我们理解微积分，或许这才是真正学好微积分的方式吧！
190231,1307,卢兴江,2024-02-26 06:14:40,17,17,0,“你也可以骂我”
190677,1307,卢兴江,2024-03-14 05:13:20,2,12,10,上了苏德矿的课后，果断给出10分
190687,1307,卢兴江,2024-03-14 12:35:38,20,25,5,本来打10分，上了sdk的课后回来又打了一次10分
190735,1307,卢兴江,2024-03-16 12:54:08,10,21,11,怎么说，上兴江的课可以让你真正爱上数学，但上矿的课最多只能让你获得一个良好的成绩，甚至还不如上江课来得良好。今天听到兴江老师的一句话，非常触动，他说学数学的只有两种人，一种是爱数学的，一种是不了解数学的，因为只要了解了一定会爱。听了只觉好浪漫，只觉兴江老师对数学真正抱有一腔滚烫的热情！
191399,1307,卢兴江,2024-04-19 07:33:50,-11,10,21,老师牛逼，说不行的基本都是没马关心想来找骂的，自动忽略就行。
194010,1307,卢兴江,2024-06-21 10:57:26,4,7,3,健达奇趣蛋（doge），是真的很有趣讲课也很好的老师，深入浅出，数学很烂的我也能额外弄明白很多
194083,1307,卢兴江,2024-06-22 02:16:37,7,9,2,老师好到我觉得我学得对不起老师，是我从小到大遇到最好的数学老师，如果我早点遇到老师说不定真的会喜欢数学，上课会互动，我觉得老师很可爱，助教也很好，卢姥爷赛高！他有真正的学者的气质，无论是生活还是数学都被他诠释成了艺术。
194940,1307,卢兴江,2024-06-26 03:49:13,7,8,1,如果不在蒙民伟楼上体验更好，好老师无需多言！！！
195028,1307,卢兴江,2024-06-26 11:48:28,3,5,2,微甲1是卢姥爷，微甲2是yxd，微甲2出分后过来追加一个10.0
195063,1307,卢兴江,2024-06-26 14:37:16,2,3,1,出分前来给个10分，卢姥爷一定要捞捞孩子啊
195081,1307,卢兴江,2024-06-26 17:20:41,1,2,1,幽默有趣
195106,1307,卢兴江,2024-06-26 23:45:41,2,3,1,没什么好说的，神，学到现在唯一一个记住我名字的老师，真的很用心
195890,1307,卢兴江,2024-06-30 14:27:08,-10,5,15,还是被求是了，没矿爷捞
196491,1307,卢兴江,2024-07-03 17:56:02,11,11,0,算了一下，老师给分比较求是，但是微(H)Ⅱ绩点不高是我的问题，期末和小测确实太烂了。\n\n也奉劝一下下一届的大一xpy，微积分二和一学起来的感觉完全不同，微二想拿高绩点平时一定要上心，光靠考前补天没用了。\n\n卢兴江老师人真的很不错，课讲得也不错，是我在浙大目前为止见过上课最认真的老师之一，真的强推，微积分能选他一定要选！
197077,1307,卢兴江,2024-07-07 09:24:24,4,4,0,好强的
197467,1307,卢兴江,2024-07-16 06:41:55,6,6,0,唯一真神！！！\n\n微2全靠卢老师智云救命！
197474,1307,卢兴江,2024-07-16 09:38:10,0,3,3,真的很棒的
197579,1307,卢兴江,2024-07-20 05:26:55,3,4,1,妙手回春！
198448,1307,卢兴江,2024-09-09 03:57:27,11,15,4,满分送上，上课非常有趣，会讲一些段子\n\n当时我的微2是卢姥爷，上第一节课讲笑话“有的同学说诶呦老师我卡绩了，我怎么知道你卡绩了，那怎么办我再帮你扣掉一分，这样不就不卡绩了”笑了半天
198695,1307,卢兴江,2024-09-11 02:53:16,1,4,3,伟大，无需多言。\n\n可以把昏昏欲睡的我讲到精神抖擞
198718,1307,卢兴江,2024-09-11 06:01:01,3,3,0,捞我的神
199083,1307,卢兴江,2024-09-16 09:12:49,4,4,0,儒雅幽默又随和，神！
199484,1307,卢兴江,2024-09-24 11:57:57,4,5,1,此乃数学恐怖分子耶！
199485,1307,卢兴江,2024-09-26 07:13:38,9,9,0,有束星北的风范
199500,1307,卢兴江,2024-09-24 15:03:16,1,2,1,神！伟大无需多言！
199839,1307,卢兴江,2024-10-02 09:05:29,0,1,1,很好的老师
200160,1307,卢兴江,2024-10-14 07:38:44,2,3,1,江爷就是神！！！
200161,1307,卢兴江,2024-10-14 07:38:56,2,2,0,伟大无须多言
200250,1307,卢兴江,2024-10-15 06:52:23,5,6,1,卢姥爷真的是我目前为止心中的number1，上课有趣幽默，知识讲得通俗易懂，作业也很合理。关键是他还会送自己制作的绝美书签给同学啊，虽然我还没拿到呜呜。能预置上卢姥爷真的是我开学以来最快乐的事情！！！
200297,1307,卢兴江,2024-10-15 13:31:35,6,6,0,首先，卢老师讲课虽然带口音，但是其幽默生动的内容配上口音让你欲罢不能，同时讲课过程通俗易懂，回答问题还有小礼物赠送，万里挑一的好老师！
200546,1307,卢兴江,2024-10-18 13:50:08,7,9,2,今天分流面试遇到卢老师，老爷子狠狠拷打了当时在黑板前不知所措的我，虽然当时觉得很尴尬，但是时候觉得，这就是一个求是的数学人该有的样子，感谢您的一课！
201043,1307,卢兴江,2024-10-28 01:44:13,3,5,2,偶然间参加了卢老师的微积分研讨课，第一次见面就被圈粉，直接成为男神！！！短短两个小时，就能看出来真的是一位纯粹，真诚，善良，严谨，认真负责的好老师！！！
201224,1307,卢兴江,2024-10-30 11:48:10,0,2,2,讲得太好了
201336,1307,卢兴江,2024-11-01 01:38:12,2,2,0,男神！
201337,1307,卢兴江,2024-11-01 01:44:46,3,3,0,太喜欢老师了！讲的真好！永远的男神！
201353,1307,卢兴江,2024-11-01 04:50:08,1,3,2,卢姥爷值得一选！超赞的老师，讲课有趣而且有深度，时不时会插两个笑话。我就问哪个老师会自愿零收费创立微积分研讨班鼓励学生讨论研究难题？
201994,1307,卢兴江,2024-11-08 04:00:29,3,3,0,YYDS！
202539,1307,卢兴江,2024-11-13 04:11:58,1,2,1,好好好
202758,1307,卢兴江,2024-11-14 07:26:18,9,9,0,助教xgg好羞涩，解答耐心，讲课清楚！ysh我爱你~
203158,1307,卢兴江,2024-11-21 05:32:28,4,5,1,卢兴江老师永远的神！从先修课看到卢姥爷开始就喜欢上了！讲课讲的特别好！卢姥爷出差我们甚是想念啊啊啊啊啊啊啊啊\n\n\n\n11.21补充:卢姥爷：你也不会啊 那我叫个大神 费孝通！
203436,1307,卢兴江,2024-11-19 14:02:43,0,0,0,来打个高分
203594,1307,卢兴江,2024-11-20 06:28:36,3,3,0,课程质量神中神，让我学懂微积分，上课好玩，上他的课我从来不犯困（声音魔性也是一方面哈哈哈哈），人风趣幽默，反正非常厉害！（语言匮乏ing）\n\n\n\n其实很少点名，但是每次点名都是突击点名，而且是拿点名册念名字喊到这种点名\n\n（“哎呀今天突然想点名，点个名吧”然后点了十几分钟名哈哈哈哈）
204725,1307,卢兴江,2024-11-27 13:44:08,1,1,0,微积分真神
204992,1307,卢兴江,2024-11-29 09:26:37,0,1,1,讲课讲的很好，课堂上会时不时逗我们笑\n\n最喜欢的老师！
205146,1307,卢兴江,2024-12-02 07:03:27,-2,0,2,非常好👍
205410,1307,卢兴江,2024-12-06 03:03:17,-1,0,1,我男神！
205501,1307,卢兴江,2024-12-08 05:39:06,0,0,0,为卢老爷打call
205824,1307,卢兴江,2024-12-12 06:46:16,1,1,0,不打10分就是对男神的不尊重！
205832,1307,卢兴江,2024-12-12 07:01:19,3,4,1,江边庐，降落茫茫人世间……
205933,1307,卢兴江,2024-12-13 01:14:02,0,1,1,没别的就是好，纯好
206086,1307,卢兴江,2024-12-13 05:06:18,4,5,1,我真的超爱🥹可惜下学期就不是卢老师的课了
206113,1307,卢兴江,2024-12-13 05:38:46,0,0,0,其实说点名实际上是他有时候会帮忙发作业会点啊哈哈
206670,1307,卢兴江,2024-12-17 04:19:33,2,3,1,人超级好，课很有意思，讲的很好，是不是给大家讲故事，非常有意思的老师
206751,1307,卢兴江,2024-12-17 11:17:42,0,2,2,卢新疆 新疆人表示亲切哈（）
206759,1307,卢兴江,2024-12-17 11:46:26,4,6,2,卢老师字超好看讲课有一种可以让人不开小差的魔力！\n\n顺便表白助教ysh小哥哥解答及时讲课清楚而且人超可爱☺️
206771,1307,卢兴江,2024-12-17 12:54:07,0,1,1,老师深入浅出，太喜欢卢姥爷的课啦
206773,1307,卢兴江,2024-12-17 12:56:24,1,1,0,我嘞个，卢兴江老师太好了，上课简单易懂，人还易懂，爱了爱了
206944,1307,卢兴江,2024-12-18 15:57:16,7,8,1,满分没得说，自创研讨班确实值得敬佩。另外助教zzy必须表扬，认真负责，太爱了
207102,1307,卢兴江,2024-12-19 08:51:35,2,3,1,10分无需多言
207130,1307,卢兴江,2024-12-19 10:49:16,2,2,0,思路清晰，儒雅随和，幽默风趣
207185,1307,卢兴江,2024-12-19 15:21:26,9,9,0,表白卢姥爷，表白助教zzy🤤😍
207386,1307,卢兴江,2024-12-21 06:05:16,2,3,1,想兴江爷爷了😭
207528,1307,卢兴江,2024-12-22 23:19:18,4,4,0,冲冲冲
207812,1307,卢兴江,2024-12-24 11:11:31,0,1,1,满昏！
207904,1307,卢兴江,2024-12-25 02:17:54,1,3,2,我男神
207928,1307,卢兴江,2024-12-25 03:40:12,4,4,0,当之无愧的好老师😭😭😭😭下辈子还选您的课\n\n\n\n最后一节课同学们排队要签名和合照哈哈哈哈哈明星见面会
208194,1307,卢兴江,2024-12-26 06:50:09,0,1,1,男神不解释
208423,1307,卢兴江,2024-12-31 08:21:34,0,6,6,看了楼下的评论已修改，确实不算什么大事，而且没对学生下手已经超过一大堆老师。lxj教学和给分尚可，可以放心选。
208461,1307,卢兴江,2024-12-28 06:14:01,4,4,0,大教室困🥱
208707,1307,卢兴江,2024-12-31 06:26:35,5,9,4,关于楼下说卢老师出轨的事，不可否认确有此事，但是这和他的教学水平高超以及对待学生亲切并不矛盾，不能因为他的私德有亏就否定他在教学上的优秀水平，而查老师是一个评价老师教学水平的网站，因此我觉得卢老师的10分当之无愧
209543,1307,卢兴江,2025-01-06 08:19:51,0,2,2,大教室的桌板有点小
210482,1307,卢兴江,2025-01-09 08:51:15,2,4,2,卢姥爷的课没怎么听过，但是大爱助教zzy，人太好了，又好又强的助教！
210522,1307,卢兴江,2025-01-09 09:57:41,0,0,0,上课的神，给分的神
210678,1307,卢兴江,2025-01-09 16:02:10,1,2,1,表白助教哥哥，吃苦也有收获，谢谢您的分享
210758,1307,卢兴江,2025-01-10 02:15:25,1,1,0,伟大，无需多言。课是真的难，讲得是真的好
210860,1307,卢兴江,2025-01-10 05:39:29,2,2,0,老师讲课很有趣，水平也很高，上课节奏很紧凑到最后都慢慢讲了哈哈哈，最后复习课和心得交流课好评，就是卡绩了有点小遗憾
211146,1307,卢兴江,2025-01-11 01:50:51,0,1,1,伟大，无需多言！\n\n第一次小测40分最后满绩，谢谢卢姥爷
211184,1307,卢兴江,2025-01-11 03:43:43,7,8,1,伟大无需多言，这个学期参加了卢姥爷的研讨班，并且也是研讨小组的成员真的收获很大，最后也是收获了99分，真的很感谢卢姥爷一学期的陪伴，卢姥爷的课堂会随机点一两次名，都是抽同学回答问题，不过回答不出来不要紧。卢姥爷的上课讲的很细，节奏适中，个人是会课前讲内容先大致预习一遍，然后课上听讲效率会很高。课后当时是做了一些吉米多维奇的题目（不过是做那本题量超级大的，不过那本真的题目质量参差不齐），期末卢姥爷预留了两节课带大家复习，真的很好。研讨班还是很推荐参加，卢姥爷有时会亲自出题目，而且会有同学不同想法碰撞。助教老师也很负责任，最后几节课帮助我们复习期末考试，平时批作业也很细致（不过还是要注意质量的，否则可能会被打B）两次小测题目坑挺多的，要注意一下洛必达法则的条件类似这种细节。其他不说了反正10分
211247,1307,卢兴江,2025-01-11 05:16:58,2,2,0,伟大，无需多言！\n\n上课讲得很好也很有意思，还会送同学自己做的国画书签（真的很好看啊啊啊）。而且给分特别好。
211313,1307,卢兴江,2025-01-11 07:38:15,0,2,2,老师特别好！
211354,1307,卢兴江,2025-01-11 08:34:29,0,1,1,伟大，无需多言！\n\n卢老师上课讲的很好，课上给我们补充了很多例题，感觉对复习积分的方法很有帮助。\n\n虽然抽人回答问题很刺激，不过在讲台上写卢老师还会送手工的小书签，很精美。\n\n感谢卢老师一个学期的陪伴。
211357,1307,卢兴江,2025-01-11 08:41:25,1,3,2,老师人很好，讲课也讲的很透彻，当之无愧的好老师！（虽然最后94卡绩了😭）
211419,1307,卢兴江,2025-01-12 06:09:18,3,4,1,非常好的老师，讲的特别好，给分特别好，小测40-50最后期末还算错两道大题，最后绩点上4了还，超级好的老师，上课有趣，还会给学生自己写的书签，可惜下学期时间冲突选不了卢老师的课了
211574,1307,卢兴江,2025-01-12 02:51:04,0,1,1,两次小测40还能上4，虽然有点被卡绩了但还是伟大
212089,1307,卢兴江,2025-01-13 07:19:12,2,3,1,好想要卢姥爷的书签....好想要卢姥爷的书签
212187,1307,卢兴江,2025-01-13 10:34:59,2,2,0,卢老师是好老师，可惜我不是好学生TAT
212644,1307,卢兴江,2025-01-14 10:30:13,0,2,2,这个是真的神了
212854,1307,卢兴江,2025-01-15 05:16:08,0,1,1,伟大无需多言
213160,1307,卢兴江,2025-01-16 07:16:47,1,2,1,讲课很好给分也很好
213616,1307,卢兴江,2025-01-18 15:04:11,5,5,0,听得懂，我基本没额外学给分也可以，无脑冲就完事了（前提是能选的上哈哈哈）。另外表白一下zzy助教，每次考前全靠助教的资料抱佛脚，谢谢助教！
214762,1307,卢兴江,2025-02-17 13:48:16,0,0,0,超级好的老师，预制的就偷着乐吧
215000,1307,卢兴江,2025-02-20 03:07:56,3,3,0,卢老师人超级好，讲得很好，同时不失幽默风趣。另外助教zzy特别特别特别特别特别特别特别特别特别特别特别特别好，人帅心好负责任，贴贴🥹
215770,1307,卢兴江,2025-03-05 11:16:45,4,4,0,为什么我的微甲一不是卢老师给我上的😭😭😭
218780,1307,卢兴江,2025-05-04 15:42:10,0,0,0,讲课深入浅出，幽默风趣，非常好
219374,1307,卢兴江,2025-05-26 05:27:37,1,1,0,真的很棒！
220271,1307,卢兴江,2025-06-17 04:31:09,6,7,1,客观评价一下\n\n1.在大教室上课，只有小桌板，对于爱记笔记的同学不太友好\n\n2.对于题目，只讲基础中档的题目，不太爱补充题\n\n3.讲课幽默风趣，知识点讲的很清楚透彻\n\n4.助教可能不太好，不负责任，lz这个助教超级摆
745,1363,王会英,2015-03-16 07:31:48,18,32,14,萌萌哒
1050,1363,王会英,2015-03-21 15:02:27,23,44,21,讲课真的听不懂，靠自学了。。不过人很好很负责的
1401,1363,王会英,2015-03-22 01:44:15,23,34,11,除了课讲的不咋地其他都还行，傻萌傻萌的老师
1598,1363,王会英,2015-03-23 01:12:35,7,13,6,老师太能卖萌。
1637,1363,王会英,2015-03-23 03:21:17,5,8,3,哎      太水
2112,1363,王会英,2015-04-01 12:36:21,3,10,7,发邮件查分，不理睬
2601,1363,王会英,2015-05-04 16:29:33,6,10,4,据说给分算高的，不过讲课吗，呵呵。
2857,1363,王会英,2015-05-09 02:51:42,14,15,1,讲课真的呵呵哒～
2958,1363,王会英,2015-05-11 16:10:39,5,7,2,呵呵哒
3015,1363,王会英,2015-05-13 01:01:21,36,38,2,可以培养自学能力→_→
3359,1363,王会英,2015-06-05 02:26:01,0,4,4,上课云里雾里……
3378,1363,王会英,2015-06-08 04:11:49,5,12,7,讲课烂，人好
3488,1363,王会英,2015-06-16 13:41:11,6,8,2,上课听不懂，还经常讲错
3686,1363,王会英,2015-06-17 02:15:59,6,9,3,不是我不想听，是实在听不懂。
4219,1363,王会英,2015-06-18 06:39:36,4,5,1,上课是一种讨论，茶话会式的
4243,1363,王会英,2018-12-28 11:54:08,7,18,11,垃圾
4244,1363,王会英,2015-06-18 09:10:07,-5,7,12,垃圾
4517,1363,王会英,2015-06-24 06:00:55,-3,6,9,讲的差还点名
4600,1363,王会英,2015-06-25 02:26:58,4,7,3,看你愿不愿意听了，仔细听的话讲的确实很清楚，但是总是听不进去。但是人很好，很乐于答疑
4798,1363,王会英,2015-06-29 02:57:29,2,6,4,听不懂
4799,1363,王会英,2015-06-29 03:01:51,2,6,4,课差题多
5198,1363,王会英,2015-07-05 18:23:17,5,7,2,除了讲课不行另外真的都很好 老师人好而且超负责！！！！口语还比一般英语老师好
5226,1363,王会英,2015-07-06 02:13:32,4,8,4,课上其实讲的挺一般的，有时还有点小迷糊。但老师真的很不错，认真负责，基本能解决同学们课下一切问题。而且给分好
5974,1363,王会英,2015-07-10 05:37:41,-2,2,4,真的是一个很负责的呆萌的好老师
6367,1363,王会英,2015-07-13 08:47:00,1,9,8,今天常微出分，群里都要被刷屏了，老师给分太好了，大爱会英姐姐
6381,1363,王会英,2015-07-13 11:20:15,1,4,3,其实老师讲的真的挺好的，只要你认真听一般都能听懂，而且给分很好，萌萌哒老师，么么哒。
6696,1363,王会英,2015-07-19 04:46:20,-4,3,7,人好。
6998,1363,王会英,2015-08-25 05:23:03,-4,1,5,可以的
7805,1363,王会英,2015-09-15 13:33:31,2,6,4,垃圾
7806,1363,王会英,2015-09-15 13:33:46,-1,2,3,好
7807,1363,王会英,2015-09-15 13:33:57,3,5,2,听不懂
8934,1363,王会英,2015-10-02 11:21:37,6,9,3,给分低。但是蛮认真。然而上课不知道在讲什么。
8947,1363,王会英,2015-10-04 00:47:49,1,5,4,讲的差给分好的范例…
9201,1363,王会英,2015-10-16 12:03:57,-2,3,5,不喜欢太厉害的人
24605,1363,王会英,2016-05-02 07:16:38,8,11,3,宝宝作业也好好做了，平时测试也好好考了，考试时虽然身体出了状况，但是起码及格呀@！为什么
49401,1363,王会英,2017-04-10 08:54:34,0,4,4,重点什么都不讲
50479,1363,王会英,2017-05-03 05:55:11,18,22,4,Honestly 真的要靠自学。\n\n老师在误人子弟，留学生班虽然我过了，但很多人真的不知道如何学习，然后不及格了，很多差点及格的也不让过。\n\n讲了太多道理和理论。例子根本没有人知道如何做。每次的举手提问也没有人会。\n\n跟老师反应过，但她态度...。\n\n在这里的评论是希望老师能够大大地改进和改变，不然真的在浪费大家的时间和误人子弟。
50963,1363,王会英,2017-05-10 07:40:46,1,3,2,上的是微二三基础，我觉得老师上课很有耐心啊，题都讲得很细，本来申请了免听也在专业课下课就过来听。但这种模式只适合基础班吧。。
52252,1363,王会英,2017-06-16 11:40:54,2,5,3,这老师真的很赞，我因为课程冲突所以没能去听课，老师就请我到她家里去，亲自辅导我
52381,1363,王会英,2017-06-19 09:34:17,113,131,18,first of all， the teachers attitude is horrible， always comparing international students with the Chinese students， she doesn't care if we learn or not， in this class you actually need to study everything by yourself， bought the book for nothing， we never used it， wish the university can improve the way of teaching and realize how difficult is to learn for international students  with this kind of teacher
58697,1363,王会英,2017-09-15 05:29:11,5,6,1,人糊里糊涂的，感觉有点不正常，讲课也不是很好，脾气也阴晴不定。总是想讲一些大道理，讲着讲着能把自己讲晕。但感觉挺负责的，可能是能力有限吧。
60417,1363,王会英,2017-10-19 11:41:08,13,17,4,真的垃圾
65007,1363,王会英,2018-01-25 09:20:17,13,16,3,微积分留学生班如果全程听，考试拿高分基本没什么问题，但是绩点只有1.5，把作业都搞明白就可以去考试了\n\n老师会挑作业中最难的题目并把里面的数字调整的很复杂以使考试中的计算过程变得麻烦，想让不专心学习的留学生挂科，我不明白为什么绩点只有1.5还有故意刁难留学生，迷
75360,1363,王会英,2018-03-09 08:13:23,8,8,0,课程冲突就别选了，人家故意刁难你课程冲突的人。课程冲突平时分没有课件作业不给，考试差一点都不给过，写邮件问能不能稍稍通融一下还要嘲讽你想得美。
75459,1363,王会英,2018-03-12 06:14:19,7,10,3,老师很幽默，这是她最大的特点，除了这个你永远受不了她，在课堂上我只想去死，真的毫无意义，千万不要跟她说话，她只会骂你，这种教育太失败了，你懂的，好了，好了，我无话可说
76021,1363,王会英,2018-12-28 11:53:14,29,35,6,ㄱ 씹 뜨 루ㅞ 기교우수니임 제으바알 수욱제에 가즤고 모롸하지 마세요우 배우낀노움 차읏느은 다고우 혀업바악 하지이좀 마세요우우우우우우
79063,1363,王会英,2018-05-22 02:14:57,3,5,2,。。。无话可说
79931,1363,王会英,2018-06-15 10:43:01,9,11,2,很差…各种歧视学生
83476,1363,王会英,2018-07-10 11:03:03,-13,3,16,萌！！
89908,1363,王会英,2018-11-21 08:03:31,19,21,2,听说三年没上偏微分了？？
90031,1363,王会英,2018-11-22 00:35:28,29,32,3,讲课全是没用的话，半节课一句有用的没讲，总是试图用幽默掩饰她专业知识的缺失。这样的人也能讲偏微分，真是醉了。
91001,1363,王会英,2018-11-29 00:31:33,20,20,0,求求你说一句有用的话吧。
91423,1363,王会英,2019-01-27 15:04:19,20,28,8,老师讲单个知识点有点迷，但是不管怎么说，老师没有遗漏知识点，剩下的自学看书也可以。老师至少建群了，所以不应质疑老师的态度。出分稍慢，我慌的一批，但是给分还好，竟然99！？（我只是强行写上答案的，都没来得及检查的啊……）
91424,1363,王会英,2018-12-10 00:07:36,21,25,4,作为一名教师，事不过三，上课连续迟到三次，还敢说同学们原谅我一下？？？？
91771,1363,王会英,2018-12-20 00:05:20,15,16,1,上课不会讲也就算了，天天上课迟到，真不知道在想什么？
91772,1363,王会英,2018-12-20 00:11:32,10,14,4,真的生气了，冬学期才冬五周，已经迟到第五次了，今天直接迟到十分钟多，早课起这么早感觉来浪费时间，然后就占用大家的下课时间加拖堂，之后都用东区的课的人真的很不爽啊！希望老师时间观念能强一点，不要浪费大家的时间了。
91773,1363,王会英,2018-12-20 00:12:06,15,16,1,我求求你不要迟到了
91789,1363,王会英,2018-12-20 05:51:57,13,17,4,两节课90分钟讲了一道题，也是人才
91867,1363,王会英,2018-12-24 00:31:55,7,9,2,半个小时一句有用的话没讲
91871,1363,王会英,2018-12-24 02:00:05,13,13,0,一节课，一道题，你从未享受过的船新体验。
92161,1363,王会英,2018-12-27 00:53:42,8,10,2,没有体验，下一个方道元吧。\n\n
97973,1363,王会英,2019-01-23 03:06:03,0,3,3,就两个字不好，考前也没有安排固定答疑时间，群里学生问问题也不回，指望着大佬同学来答疑吗，考前答疑，说十点会去，十一点才说到了呵呵了
98408,1363,王会英,2019-01-23 12:19:49,0,3,3,好好的话不会好好的说，百般刁难学生，瞧不起学生，说话随时带嘲讽
99733,1363,王会英,2019-01-25 05:56:13,9,10,1,一分都不想给她 呵呵
100220,1363,王会英,2019-01-25 23:35:04,3,8,5,讲课差到极点，给分不知道怎么样
101111,1363,王会英,2019-01-27 14:10:54,2,5,3,老师谢谢您，您给分真好
101115,1363,王会英,2019-01-27 14:24:09,-1,2,3,给分是真的好 期末觉得自己挂了捞我一手\n\n
101118,1363,王会英,2019-01-27 14:33:08,-3,2,5,讲课略迷，给分倒是真的好
101119,1363,王会英,2019-01-27 14:33:32,1,4,3,为什么期末给分这么差
101120,1363,王会英,2019-01-27 14:36:22,-1,4,5,课讲的不咋地，但给分真的好
101130,1363,王会英,2019-01-27 15:20:48,-2,3,5,给分不错
101139,1363,王会英,2019-01-27 15:52:37,10,11,1,emm虽然最后给分很好 我也很感激老师 但是我并不想因为这个就给老师打高分。。。
101369,1363,王会英,2019-01-28 05:59:28,9,11,2,彻底无语=_=希望老师早日退休
101452,1363,王会英,2019-01-28 08:25:50,4,5,1,卡了，难受。希望老师不要老是迟到
101736,1363,王会英,2019-01-29 03:03:14,-8,4,12,谢谢老师的满绩
102503,1363,王会英,2019-02-03 14:55:36,0,4,4,给分不好
106655,1363,王会英,2019-04-28 16:29:32,11,13,2,为什么微积分留学生班只有这位老师。老师讲什么都听不懂，有时候感觉她讲的自己都晕了。经常会说如果有问题问她，但是问了她就会骂你。还有每次讲的不一样，感觉心情变得太快了，好复杂的人。如果挂科说会辅导你，感觉她故意的不让你过为了辅导。考试前也没有答疑，在群里也不会回复。
106656,1363,王会英,2019-04-28 17:51:55,4,5,1,垃圾老师 查卷一直不让查，带宝宝之类的话，让暑假去找她。而且没有一个教授考试前不给答疑吧。讲课时人不错，还一直歧视留学生数学短板，每个国家数学教育过程不一样。 留学生班为何存在?
108712,1363,王会英,2019-05-31 15:47:58,10,11,1,老师的考核方式不合理。讲课的能力太差。对浙江大学来说非常羞耻的一个老师。希望有一天这个老师会被发现并处理。
115884,1363,王会英,2019-08-23 05:23:24,-6,2,8,很好的老师，负责
116409,1363,王会英,2019-09-10 03:21:09,0,1,1,呵呵。
116575,1363,王会英,2019-09-12 00:56:40,1,3,2,无语了 整节课都在说奇怪的话 开学两天我就不想上数学课了 完全就是自学课程 还不能睡觉 希望大家避避这个大风
117952,1363,王会英,2019-10-17 00:35:47,2,3,1,听不懂
120247,1363,王会英,2019-11-26 05:26:05,3,4,1,不让查分 说你挂了就是挂了 非常糟糕的一个人
121939,1363,王会英,2020-01-24 17:15:36,4,4,0,无语 瞎评分
130709,1363,王会英,2021-01-24 10:23:15,2,4,2,我服了，俩小时 废话骂人一个半小时
133455,1363,王会英,2021-03-01 02:41:27,0,3,3,太垃圾了 讲的特别差不说 还针对学生 又情绪化 希望有新的老师来教微积分基础
133902,1363,王会英,2021-03-09 08:17:37,5,7,2,如果有零分 我我会打给她。并且用枪打死她两次，爱记仇，情绪化，废话多，讲课内容太垃圾。总之，同学们，别选别选别选！ 真的恶心。
135554,1363,王会英,2021-05-13 11:10:08,3,5,2,tmd 恶心死了 怎么会有这种老师 真的千万别选
136443,1363,王会英,2021-06-18 03:19:49,3,4,1,xswl 能值三分？
136445,1363,王会英,2021-06-18 03:30:25,-1,2,3,无f#*k说
136849,1363,王会英,2021-06-25 17:59:03,10,12,2,留学生选择基础班的原因就是因为基础不好才选的，而老师除了数落学生基础不好之外，还会用讽刺的语气调侃学生。如果刚好当天心情不好就会骂人骂几十分钟。如果老师教得好的话，学生可能不会那么计较这些数落，但重点是也教得太差了吧。每节课都会问“这题有谁会做”，“你怎么不认真听课”，“这题有谁做对的举手”，“我看你是要不及格了”，“这是高中的知识，你们高中没学好”，把时间花在这些没有意义的批评上，也不想想是不是自己的教学方式是不是有问题。求换个老师来教。
140716,1363,王会英,2021-09-15 09:07:16,9,11,2,成功培养了我的自学能力，真🐂🍺。被教师这个职业耽误的歌手，天天把课室当舞台在那唱歌，xswl。
141657,1363,王会英,2021-10-19 08:09:41,15,17,2,极少骂人有病，但这老师真的有病，课不好好上，成天想着秀歌声，上了一个月什么都没有学会，真的醉了
141849,1363,王会英,2021-10-27 21:25:38,2,4,2,傻逼玩意
142098,1363,王会英,2021-12-09 07:56:23,4,5,1,讲的挺好的
144021,1363,王会英,2021-12-16 05:21:11,1,4,3,误人子弟 败坏教师风气 教学质量极差还喜欢跟同学摆谱
144087,1363,王会英,2021-12-17 10:19:05,2,6,4,能选其他微积分的就不要选这门课
144419,1363,王会英,2021-12-21 11:41:35,-1,3,4,世界上最垃圾的老师
145896,1363,王会英,2022-01-04 01:52:56,5,7,2,watching musical
145910,1363,王会英,2022-01-04 07:51:49,2,5,3,一直不知道为什么上课要唱歌跳舞 看回放时候几乎40分钟都在讲废话 当你有问题问她 她永远不会耐心教你
147455,1363,王会英,2022-01-10 04:36:35,0,3,3,这老师，我真是无语😓
148119,1363,王会英,2022-01-11 14:16:57,3,6,3,如果有其他选择，我给你-∞，这一分是我给你的恩赐。
148946,1363,王会英,2022-01-14 04:09:00,5,5,0,成绩出来了 还算满意 但是就真的是自学 上课都比较没有重点 但基础班的确会比较容易
149044,1363,王会英,2022-01-14 08:02:36,1,2,1,没人性
149673,1363,王会英,2022-01-16 09:49:44,6,7,1,sbdx
151565,1363,王会英,2022-03-08 02:23:10,0,2,2,我真服了
151967,1363,王会英,2022-03-22 04:39:25,7,10,3,大中午的在教室用话筒唱歌是何种行为？
154696,1363,王会英,2022-06-03 14:53:10,3,4,1,能不选就不选，如果选了那就祝福你
154966,1363,王会英,2022-06-07 07:10:47,2,3,1,无语😓
158075,1363,王会英,2022-06-26 21:14:01,3,3,0,上课体验一般，但老师上课的时候真的很用心，有不明白的地方只要提出来老师都会仔细讲
158342,1363,王会英,2022-06-28 13:11:59,1,3,2,我服了 受不了
158918,1363,王会英,2022-07-03 09:02:51,5,5,0,微1和微2都拿的why老师，比起上个学期老师其实已经好很多啦，也可能是课程比较赶的原因，老师很耐心的解答每一道问题，并且考题和平时的测验都很相似甚至是一样，好好学肯定可以过的。微积分基础班最高分也只有3.6，并且分数根据排名分布，想拿高分的话就别选基础班啦，想拿3.6至少考试只能错1-2道题，老师很好了，勿喷。
159076,1363,王会英,2022-07-05 16:38:08,0,2,2,回复楼上：这课是用五级制评分的，所以最高（B等）是3.5不是3.6
166881,1363,王会英,2023-01-14 05:27:01,-9,5,14,优秀的老师❤️💖💝
179470,1363,王会英,2023-09-16 12:59:28,0,5,5,真的别选她，本来留学生基础就不好，还一天到晚的嘲讽，上课讲的也不是很好，真的不明白为什么留学生班只有她一个老师的选项
184625,1363,王会英,2023-12-22 03:48:20,-1,2,3,不好不好不好，快跑
190655,1363,王会英,2024-03-13 11:44:37,1,3,2,故意针对同学，十分差劲的老师
191530,1363,王会英,2024-04-24 10:41:06,6,7,1,可以不要用教室话筒唱歌吗。。。很打扰教室附近自习的同学
196765,1363,王会英,2024-07-05 04:01:55,-1,3,4,呜呜呜呜呜谢谢您老师，谢谢老师捞捞我，通过微积分真的好开心。老师平时也教的有些部内容慢的有些快。还有都让我们多多练习那个作业、quiz因为考试都是从那里出题的，但她会改一些数字，改了也挺难的但只有多多练习复习肯定能做到的。最后真的非常感谢老师！
196840,1363,王会英,2024-07-05 14:50:57,3,3,0,非常感谢会英姐姐🫶
199099,1363,王会英,2024-09-17 07:57:34,1,2,1,害 一道题可以讲三节课
207298,1363,王会英,2024-12-20 08:15:35,-4,1,5,好老师bdbd！！！不知道为什么分这么低
208269,1363,王会英,2024-12-26 12:22:02,3,5,2,我觉得老师讲课还是挺清楚的，但是上的实在太慢了，但是你问题她会解答的，不管是钉钉还是线下问都可以，已经打败了50%的老师\n\n（生姜人别选！！！！！！！不要怕跟不上普通的，大家都一样，这门课前半学期只是在上高中的知识，无敌基础，很浪费时间！！！！！绩点也不咋样，别相信班主任或者辅导员说的为我们好，根本就是浪费时间）
212277,1363,王会英,2025-01-13 23:10:10,6,8,2,他妈的，45分钟课，点名就花个半小时，剩15分钟还给我们唱歌，不及格就别怪我吧🤣🤣🤣
212914,1363,王会英,2025-01-15 08:56:56,-1,1,2,讲的不如不讲，基本靠自学，虽然是基础课，但是分也不能这么低啊
212935,1363,王会英,2025-01-15 09:44:36,1,4,3,老师不会教，只会唱歌。唱歌又不好听。每次点名也会花很长的时间，讲课不清楚，每次讲课的时候会闹关于她孩子啊，不知道教啥呀。
212963,1363,王会英,2025-01-15 10:50:38,2,3,1,其实老师讲课讲得挺好。主要的是同学们听课，一定会好好地通过期末考试。
214410,1363,王会英,2025-02-02 15:00:56,1,1,0,555
214982,1363,王会英,2025-02-19 15:51:10,0,0,0,民族生真的别选这个老师，我也是被辅导员骗过去，结果这个老师讲课屎一样，纯纯浪费时间，最后绩点又给的贼低，后面上了大三我重修了微积分甲，结果甲的绩点竟然都比这个微积分基础的高，我也不是什么特别卷或数学好的，但真的我感觉还不如跟着微甲的卢老爷扎扎实实地学，绝对能考的比基础还高
215969,1363,王会英,2025-03-26 10:44:59,-2,1,3,怎么每节课都拿话筒唱歌，教室不是你的KTV啊大姐
219066,1363,王会英,2025-05-20 08:40:20,0,0,0,我想要\n\n1. 栢龙五皇牌\n\n2. 哈利波特中英对照版
219453,1363,王会英,2025-05-27 18:33:52,0,1,1,老师备课认真，唱得也很好，课堂讲解细致，课后还耐心解答我们的问题。即使是很基础的内容，我不知道为什么会有人挂科。选这个课肯定不后悔的。课很水，老师给的几点也很高。非常推荐！！！！
219496,1363,王会英,2025-05-28 16:37:17,4,5,1,河南（左）和深圳（右）中考对比：\n\n语文 120 120\n\n数学 120 100\n\n英语 120 100\n\n物理 70 70\n\n化学 50 50\n\n历史 50 70\n\n政治 70 50\n\n物理实验 15 10\n\n化学实验 15 10\n\n体育理论 30 14\n\n体育考试 70 36\n\n总分 730 630
219733,1363,王会英,2025-06-05 03:03:11,0,0,0,Nd-144 (Neodymium-144) is the standard isotope used in Sm-Nd dating
219909,1363,王会英,2025-06-10 23:28:14,0,1,1,我们知道哈利波特中英对照版的4、5、6、7都是分成上下册的，那么每本书在哪里分开呢？我来大胆猜测一下：\n\n4上：19章，4下：18章\n\n5上：19章，5下：19章\n\n6上：15章，6下：15章\n\n7上：19章，7下：18章\n\n作为对比：\n\n1：17章\n\n2：18章\n\n3：22章
221753,1363,王会英,2025-06-26 03:18:09,2,2,0,sb老师 讲课差 给分差 唱歌难听 数学院换个老师来教好吗
587,1377,黄炜,2015-03-15 06:08:02,78,85,7,萌萌哒 讲解清楚 难度超过课考试要求 仔细听讲能学到很多
749,1377,黄炜,2015-03-16 07:36:38,38,45,7,超好~给分也好~
858,1377,黄炜,2018-09-17 07:32:31,193,220,27,讲解超好，老师人也很漂亮～
1719,1377,黄炜,2015-03-23 13:32:09,60,63,3,黄老师可萌..
3190,1377,黄炜,2015-05-19 23:08:35,41,42,1,亲切自然，让你不经意张开思考想象的翅膀……
4347,1377,黄炜,2015-06-19 08:15:43,49,51,2,绝对难得的好老师，讲的透彻，学渣都能听懂的概统~
4355,1377,黄炜,2015-06-19 11:09:26,42,43,1,很赞的老师。超可爱又萌萌的数学老师。
4652,1377,黄炜,2015-06-25 15:05:44,66,71,5,黄老师的概统是目前人生唯一满绩的课=u=人超级可爱超级萌 讲的也很好很负责～每次下课都有人问问题但从来都没有不耐烦 中间会有一次quiz但是对成绩并没有影响～
5351,1377,黄炜,2015-07-07 02:07:36,26,33,7,因为生病错过quiz但最后得了99分 好人！
6299,1377,黄炜,2015-07-12 23:49:17,28,30,2,人非常和善，而且上课也很认真
6832,1377,黄炜,2015-07-23 12:23:09,24,26,2,讲的炒鸡清晰
6913,1377,黄炜,2015-08-06 03:03:30,11,14,3,好的没得说
7553,1377,黄炜,2015-09-15 03:34:49,9,11,2,爽
7908,1377,黄炜,2015-09-16 05:34:44,13,16,3,有趣\n\n
7991,1377,黄炜,2015-09-16 11:50:57,18,20,2,好的没话说
8078,1377,黄炜,2015-09-17 02:21:22,19,23,4,讲话像杨幂
9763,1377,黄炜,2015-11-08 12:00:13,161,192,31,听老师的课感觉学习有动力，将来学好了就能取到像黄老师一样的好媳妇。
10646,1377,黄炜,2015-11-21 10:56:06,10,11,1,没法和别的老师比较，但真的很喜欢！
11304,1377,黄炜,2015-11-26 12:37:20,30,31,1,老衲女神，没有之一\n\n
11813,1377,黄炜,2015-12-16 05:17:26,5,7,2,好好好
11816,1377,黄炜,2015-12-16 05:42:27,4,7,3,老师超赞！
12055,1377,黄炜,2015-12-21 15:09:09,16,19,3,讲课认真，条理清晰，能学到很多东西，最后，绝对我女神\n\n
13443,1377,黄炜,2015-12-28 04:53:35,52,55,3,都长得这么萌了还能再多要求么
13444,1377,黄炜,2015-12-28 04:53:53,7,8,1,气质一级棒
14231,1377,黄炜,2016-01-05 13:23:59,15,18,3,到目前为止遇到的浙大最好的老师
15566,1377,黄炜,2016-01-15 11:22:31,6,7,1,好赞!
15923,1377,黄炜,2016-01-16 15:28:04,5,8,3,给满绩吧 摸摸大～
16310,1377,黄炜,2016-01-18 02:09:34,17,18,1,老师经常有笑，感觉很好，上课也很仔细，助教改作业也很认真，赞一个
18256,1377,黄炜,2016-01-21 10:36:09,4,6,2,老师超好超温柔，就是笑点太低，不过非常有意思
18262,1377,黄炜,2016-01-21 10:42:32,7,8,1,老师的声音萌萌哒
18271,1377,黄炜,2016-01-21 11:00:46,9,11,2,老师人长得好，又萌，课讲得超棒，关键是给了我满绩
18298,1377,黄炜,2016-01-21 11:51:37,11,13,2,黄老师可棒可萌啦，讲的很清楚，上课好好听收获大。
18302,1377,黄炜,2016-01-21 11:59:55,6,7,1,声音甜，讲课清楚，脾气好，问问题很耐心，给分超好！完美！
18438,1377,黄炜,2016-01-21 15:41:54,5,6,1,拯救了文科狗的概统
19012,1377,黄炜,2016-01-23 03:51:45,6,7,1,太好了，黄老师真棒\n\n
20477,1377,黄炜,2018-03-10 16:06:36,-33,6,39,上课傻笑\n\n
20517,1377,黄炜,2016-01-28 04:41:57,37,39,2,长得漂亮，声音好听，是我女神。每次上课我都坐在前两排，女神对我也有点眼熟，期末恰好她监考我，对我笑，看我的名字，害我激动了半天！最后虽然没满，女神依旧！
20694,1377,黄炜,2016-01-30 02:18:40,5,5,0,老师人很好
22681,1377,黄炜,2016-03-10 01:14:40,6,6,0,老师人很好，讲课很清楚
23952,1377,黄炜,2016-04-22 07:07:11,4,5,1,棒棒哒 人漂亮给分好
24055,1377,黄炜,2016-04-26 08:09:28,5,5,0,很好！！！
24935,1377,黄炜,2016-05-04 11:14:24,4,5,1,老师人美讲得好
26515,1377,黄炜,2016-06-19 15:31:17,6,7,1,只要课堂没反应，老师会重复讲，如此详细，
28158,1377,黄炜,2016-06-28 08:10:40,4,4,0,讲课很清楚认真
31414,1377,黄炜,2016-07-04 01:31:11,5,5,0,好老师，绝对
32770,1377,黄炜,2016-07-12 16:44:47,39,42,3,你们这样一个个都夸她，我点赞很累的
32773,1377,黄炜,2016-07-13 01:06:37,3,4,1,超萌的老师。课好分也好
33579,1377,黄炜,2017-01-03 07:49:03,4,6,2,上大学以来第一个能让我这么专注地听基础课的老师
38639,1377,黄炜,2016-12-13 05:47:25,13,15,2,x弯弯～
40436,1377,黄炜,2017-01-03 09:45:58,3,3,0,挺好的^_^
40571,1377,黄炜,2017-01-04 06:10:38,1,2,1,好好好
40827,1377,黄炜,2017-01-06 01:04:43,3,3,0,超级萌，
41212,1377,黄炜,2017-01-10 05:27:09,1,1,0,h h h
43257,1377,黄炜,2017-01-16 04:56:17,4,4,0,大爱美女老师
43883,1377,黄炜,2017-01-17 05:31:27,6,7,1,超级喜欢她，课程讲得很清楚，而且也很幽默，又负责任，感觉可是说是浙大遇到的最好的老师了
44206,1377,黄炜,2017-01-17 11:56:36,5,5,0,老师好萌，声音好甜，一直以为老师才20多，简直不老女神
46244,1377,黄炜,2017-03-29 14:14:17,3,4,1,很好很好
46573,1377,黄炜,2017-01-22 03:05:22,6,6,0,一个字，好，与分数无关
46857,1377,黄炜,2017-01-22 13:45:37,2,4,2,真的是好老师\n\n没满很心碎
46898,1377,黄炜,2017-01-22 23:01:34,4,5,1,谢谢女神 女神给分超好 挽救了挂科狗
46968,1377,黄炜,2017-01-23 06:01:37,5,5,0,老师讲的很好，课堂很享受，回答问题很耐心，还会拓展思考，问老师问题也是种享受
47017,1377,黄炜,2017-01-23 09:40:38,4,6,2,本来以为自己概统要挂了结果出分竟然还好！谢老师不挂之恩~黄老师上课是真得讲得好，反正就是会让你想好好学的老师！
47044,1377,黄炜,2017-01-23 10:55:29,2,3,1,人超好，讲课超清晰，很负责，虽然听老师的笑声经常让我感到尴尬哈哈
47161,1377,黄炜,2017-01-24 06:57:35,4,4,0,长得很漂亮，上课也炒鸡棒，很爱笑的好老师
47245,1377,黄炜,2017-01-25 00:42:28,6,6,0,很好的老师，数学课也能这么有趣
47452,1377,黄炜,2017-01-26 17:01:36,2,2,0,讲课好   给分也好   强烈推荐
47972,1377,黄炜,2017-02-27 23:52:34,2,3,1,老师很萌啊\n\n
49080,1377,黄炜,2017-03-23 12:05:29,5,5,0,很好的体验
49192,1377,黄炜,2017-03-29 03:20:33,9,11,2,X弯弯说的太萌了
49417,1377,黄炜,2017-04-11 08:06:31,7,8,1,没什么好说的 除了10分不知道怎样表达我的心情
49419,1377,黄炜,2017-04-11 09:13:57,3,4,1,完美，模范老师加老婆婆
49421,1377,黄炜,2017-04-11 16:49:41,4,5,1,超喜欢的
51916,1377,黄炜,2017-06-13 13:16:30,5,6,1,女神不多说
52096,1377,黄炜,2017-06-14 16:03:03,6,7,1,人长得好看，声音甜死，讲课炒鸡棒，给分也很好～数院的女神！！
52528,1377,黄炜,2017-06-21 01:58:27,11,14,3,x弯弯～简直不能更萌了?
52774,1377,黄炜,2017-06-22 23:26:56,6,7,1,X弯弯哈哈哈哈
57321,1377,黄炜,2017-07-06 15:44:43,5,6,1,黄炜老师是真的女神！！
57327,1377,黄炜,2017-07-06 16:23:22,6,7,1,颜值高，讲课好，声音柔，态度佳，负责任，有耐心。真女神，不解释！
59298,1377,黄炜,2017-09-20 14:39:13,4,6,2,女神~~
60090,1377,黄炜,2017-10-10 06:03:39,5,6,1,么么哒 萌萌的
60091,1377,黄炜,2017-10-10 06:04:02,6,9,3,讲的太过清晰，不够抽象！
61557,1377,黄炜,2018-01-23 22:54:24,12,14,2,老师说 我是个夜猫子 可能半夜一两点出分 于是 真的半夜出分 哈哈哈哈哈哈哈哈哈哈
63395,1377,黄炜,2018-01-23 22:05:36,8,10,2,绝对女神，讲课思路清晰，自带萌点，每节课都跟着她的思路走课后真的不用花什么时间自学啦，谢谢老师的99
65250,1377,黄炜,2018-01-02 04:54:55,3,5,2,考试前来给老师打个十分w老师讲得真的不错啊，但课时少导致上课讲得比较快，于是我只要一次在课上补作业就再也跟不上了（如果课后不自己看书的话）但我希望在最后几天补补天，希望老师能拯救我的均绩QAQ
65756,1377,黄炜,2018-01-25 04:45:41,16,20,4,珍惜愿意放出历年考卷的课程
65817,1377,黄炜,2018-01-26 23:29:05,104,110,6,考前答疑老师给我讲了一个多小时，最后理清了概念，也发现了很多问题，还会很暖心地鼓励我（和每一个同学），超nice~
66014,1377,黄炜,2018-01-11 02:48:49,7,8,1,因为概统，我爱上了她
66332,1377,黄炜,2018-01-19 23:46:37,8,9,1,从2006年开始，教务网上学生给老师的评价 都是优！秀！！
66764,1377,黄炜,2018-01-19 02:39:31,4,5,1,考完概统qwq有点凉，因为考前生病所以书才看了小半本就去考了，希望老师平时分帮我拉一拉，保佑能及格啊呜呜
66770,1377,黄炜,2018-01-24 03:15:05,12,13,1,哇谢谢老师给满～老师讲课真是如庖丁解牛！
67315,1377,黄炜,2018-01-20 16:59:21,5,5,0,概统好老师
68382,1377,黄炜,2018-01-23 05:39:48,6,7,1,超级喜欢她的概统~真的可以因为一个老师爱上这门课~
68745,1377,黄炜,2018-01-23 17:34:31,22,24,2,黄炜老师再年轻几岁我一定要去追她。
68759,1377,黄炜,2018-01-24 00:03:35,7,8,1,大清早起来一刷求是潮结果出分了！！震惊！！竟然满绩，顿时整个人都完全清醒了！！！
68764,1377,黄炜,2018-01-24 00:41:27,6,8,2,太棒了！我遇到的教数学的最好的女老师！讲的非常清楚！还可爱！感谢！！
68768,1377,黄炜,2018-01-24 00:45:23,10,11,1,不知道是因为老师爱上了概统，还是因为概统爱上了老师，绝对的满分^o^
68779,1377,黄炜,2018-01-24 01:26:26,14,15,1,老师太太太棒了!!!!!!概统真的被她教的一点都不难!!!!!!
68836,1377,黄炜,2018-01-24 03:00:46,8,9,1,老师超级棒 讲课很清楚 于是满绩啦 我\n\n数学基础不怎么样但是老师教的好！
68851,1377,黄炜,2018-01-24 03:36:16,10,11,1,超喜欢老师
68968,1377,黄炜,2018-01-24 07:20:22,8,10,2,老师讲课太厉害了
69093,1377,黄炜,2018-01-24 08:10:57,7,9,2,老师真的超可爱！数学基础不好但是平时认真听课（虽然因为下午第一节课经常犯困）做作业就不会差的！
69511,1377,黄炜,2018-01-25 01:51:32,9,10,1,老师超可爱 讲的也很好 超喜欢
69831,1377,黄炜,2018-01-25 13:18:43,5,6,1,老实人很好，讲的很好，给分也好
69970,1377,黄炜,2018-01-26 00:59:56,17,17,0,老师的声音真是太甜了!!声控表示都要听醉了!!有这么一个漂亮老师不好好听课对得起她吗？？
70078,1377,黄炜,2018-01-26 05:28:59,4,5,1,恭喜你 选到了黄老师的课 满?在向你招手
70339,1377,黄炜,2018-01-26 13:09:05,1,4,3,老师给我满分，我也给老师满分，很公平，就酱～
70591,1377,黄炜,2018-01-27 09:06:34,8,9,1,黄老师更多注重我们能把概率论和数理统计应用到生活和之后的学习中，而不只是为了考试。超棒！\n\nX弯弯～
72475,1377,黄炜,2018-01-30 07:56:27,-3,3,6,作为大二唯一听得懂的数学课\n\n作业很多次得B，小测没满，但是满了\n\n
72554,1377,黄炜,2018-01-30 11:08:21,9,10,1,真的把一门课讲得 科学与艺术并存 的老师！
73086,1377,黄炜,2018-02-01 01:47:29,3,3,0,好难过啊，以后就见不到女神了(>_<)
74223,1377,黄炜,2018-02-07 05:12:55,4,6,2,讲解细致，联系实际，态度负责。人美声甜~
74382,1377,黄炜,2018-09-18 01:42:01,-88,13,101,得了十几门满绩 第一次得了满分 谢谢老师 棒棒的
75314,1377,黄炜,2018-03-09 01:46:08,4,4,0,太美了吧?
75402,1377,黄炜,2018-03-10 16:07:56,22,23,1,“炜”字寓意“光明”――是她点亮了我的大学时光。感恩、难忘！
76342,1377,黄炜,2018-04-04 00:51:02,2,2,0,她真的特别特别好
79028,1377,黄炜,2018-06-15 01:43:48,0,1,1,数院女神
79458,1377,黄炜,2018-06-06 01:07:08,1,2,1,特别能理解我们上课会觉得困难的点，很耐心很认真的女神～
79610,1377,黄炜,2018-07-22 16:15:06,46,48,2,让人很想听课的感觉！\n\n哪怕前面有一丢丢内容跟不上，只要想听，老师一定能（把接下来的知识）讲到你明白！（前面那一丢丢也很好补了！）不管大小问题都会耐心解答！老师还特别会鼓励同学~\n\n请学弟学妹们一定珍惜啊！！！
80751,1377,黄炜,2018-06-30 10:07:19,3,3,0,最喜欢的老师没有之一\n\n给黄老师打电话
81871,1377,黄炜,2018-07-06 10:38:49,6,8,2,前面说最喜欢黄老师没有之一的兄弟，\n\n这也是我最喜欢的老师！
83093,1377,黄炜,2018-07-09 16:01:59,1,1,0,很喜欢！
83360,1377,黄炜,2018-07-10 07:26:47,1,2,1,超级无敌棒
83586,1377,黄炜,2018-07-10 16:22:36,5,5,0,期中有一篇论文要写，老师居然每一个人都回复，而且会很认真的写意见。我第一次收到老师这么认真的回复，点评了小调查的优点提出改进意见，真的，很感动
83590,1377,黄炜,2018-07-10 16:33:18,3,4,1,我错过黄炜老师上课一分钟都后悔，打死我都不会走神，讲的超清楚又明白，人又超好，说好又好听，超喜欢上她课的～论文回复我从来没见过这么认真的老师。老师只开数理统计太遗憾了，还想上她课！！！❤️ ❤️ ❤️ ❤️ ?
83593,1377,黄炜,2018-07-10 17:12:17,2,3,1,老师讲课太棒了！
84459,1377,黄炜,2018-07-22 16:14:52,-25,1,26,这老师考前会几乎泄题一样的划重点?
84925,1377,黄炜,2018-07-14 11:35:51,3,3,0,人美声甜 讲课十分有条理 看不出来已经四十多岁了 改论文很认真 给分好
86068,1377,黄炜,2018-09-03 11:54:21,3,4,1,为什么不是满分！
86690,1377,黄炜,2018-09-18 03:27:49,2,2,0,老师的课听了\n\n再累都不会想睡觉\n\n条理清晰声音明亮\n\n来了你会爱上她
86718,1377,黄炜,2018-09-18 06:08:18,2,3,1,人美声甜，超级nice!
87640,1377,黄炜,2018-10-09 02:20:44,3,3,0,声优福利\n\n
88683,1377,黄炜,2018-11-05 17:04:53,0,2,2,人美声甜的大姐姐，有什么理由不喜欢！
90520,1377,黄炜,2018-11-23 23:34:42,2,2,0,想念黄老师！
92464,1377,黄炜,2018-12-29 09:44:39,4,4,0,真的喜欢。。女神老师
98248,1377,黄炜,2019-01-23 08:44:20,4,4,0,为什么女神不是满分
98996,1377,黄炜,2019-01-24 13:01:02,3,4,1,吹爆黄老师！真的超级好呀！人美声甜！讲课很细致！不过要是在线小测能拿满分就能拿满绩了2333唯一一门上四的数学课！贼开心了！
99143,1377,黄炜,2019-01-24 10:22:02,6,6,0,我大学一来第一次主课满绩，黄炜老师真的教的好，概统也得自己做题找找感觉，真心赞!!!
99151,1377,黄炜,2019-01-24 10:28:26,5,5,0,美女老师，讲课超棒！强推
99167,1377,黄炜,2019-01-24 10:59:41,20,22,2,吹爆X弯弯～大爱老师
99195,1377,黄炜,2019-01-24 11:36:15,3,4,1,好老师！
99244,1377,黄炜,2019-01-24 13:23:32,5,6,1,啊啊啊啊啊啊啊我吹爆老师！！！4.8的绩点，像做梦一样，本来以为小测满分20一共才拿了8分肯定凉凉了。。。\n\n而且老师讲的真的很棒很棒很棒，3节课听下来真的不会觉得累。
99267,1377,黄炜,2019-01-24 14:06:14,4,9,5,好棒！本来觉得小测满分20拿了17满绩就悬了，结果竟然99！老师上课真的超棒的！教的很仔细，讲的题目也很典型，超赞！！！
99462,1377,黄炜,2019-01-25 00:17:35,2,5,3,两次小测20只拿了4分最后4.8你敢信？人美声甜的大姐姐～
99768,1377,黄炜,2019-01-25 06:49:55,7,9,2,两次小测总共拿了两分也能满??
106697,1377,黄炜,2019-04-29 03:27:08,-13,7,20,第一次见到这么喜欢拖课的老师
108137,1377,黄炜,2019-05-15 13:52:51,5,7,2,女神老师
112552,1377,黄炜,2019-09-19 09:58:16,11,14,3,作为大二弃修张立新老师数理统计的人，告诉大家，黄炜老师才真的能让你感受到这门课的魅力！！
112606,1377,黄炜,2019-07-04 22:20:46,4,5,1,我永远爱黄炜
112608,1377,黄炜,2019-07-04 22:25:47,7,7,0,我永远热爱黄炜老师
112622,1377,黄炜,2019-07-04 22:56:33,5,5,0,吹爆黄炜老师
112624,1377,黄炜,2019-07-04 23:02:07,6,6,0,老师我爱你！！！！！！！
112654,1377,黄炜,2019-07-04 23:42:57,8,11,3,呜呜呜呜两次小测满分四十只拿了一半的分最后能有97哎呜呜呜我太激动了菜鸡从没这么高过，老师超级可爱，讲课超级好！超级无敌好！（助教姐姐也很好！）
112682,1377,黄炜,2019-07-05 00:23:51,4,4,0,好老师，不解释，比起隔壁的天黑请闭眼，真的是把知识讲得十分透彻
112801,1377,黄炜,2019-07-05 03:34:05,3,4,1,魔术调分！\n\n女神我吹爆！\n\n不调分都要吹爆！\n\n
112835,1377,黄炜,2019-07-05 05:12:30,4,4,0,没啥说的，果断十分\n\n
113907,1377,黄炜,2019-07-08 00:26:35,3,3,0,老师真的超好的，给分也很好，真的是神了，表白黄炜老师☺
113910,1377,黄炜,2019-07-08 00:29:17,3,4,1,吹爆hwjj，女神级别的老师啊！！而且更重要的是，hwjj上课很有趣，不容易走神，条理性和主次的划分也很棒，还会经常问到是否有讲快了的问题。给分也超级好，，吹爆！！！！
113927,1377,黄炜,2019-07-08 01:00:12,5,5,0,上课略难，考试简单，讲得挺好
113988,1377,黄炜,2019-07-08 06:21:20,6,7,1,啊可爱人美心善的黄炜姐姐，说x弯弯的时候心真的都要化了！然后上课真的好好好啊，认真细致，很清楚地知道学生会在什么地方有问题。然后有一次活动遇见我，我跟她打招呼，hwxjj没认出来，之后还跟我道歉。真的太可爱了！作为数理统计的入门带领者，真的很棒！
115430,1377,黄炜,2019-07-23 09:03:41,0,1,1,慕课也很棒！
116826,1377,黄炜,2019-09-16 06:14:13,2,3,1,真的是女神，太可爱了。
118094,1377,黄炜,2019-10-21 02:13:18,1,2,1,超级可爱！！！超级温柔！！！讲课很有热情 讲的也超清楚 我这个弱智都能听懂 呜呜呜呜我好爱她
122015,1377,黄炜,2020-02-01 05:52:45,2,2,0,老师很棒
123505,1377,黄炜,2020-06-09 08:01:13,6,6,0,老师好好！真的很好！网课也这么棒！
124962,1377,黄炜,2020-07-26 11:41:32,1,1,0,女神！概统讲的超级无敌好！人也好！
125283,1377,黄炜,2020-09-05 13:18:11,7,7,0,数理统计讲得真的很清晰，态度严谨、重点分明，因为网课只能在考试的时候见老师一面感觉十分遗憾。
126788,1377,黄炜,2020-10-20 04:04:40,5,5,0,棒！好老师！给分好！
127976,1377,黄炜,2020-12-02 03:55:50,4,4,0,好！\n\n好！\n\n好！
128710,1377,黄炜,2020-12-25 05:13:10,8,8,0,老师真的很好，不过那个姓叶的助教真的八星，没啥水平拿着鸡毛当令箭，态度极差
129504,1377,黄炜,2021-01-06 10:53:23,2,3,1,呜呜呜太爱黄老师了，最后一节课了真舍不得
130388,1377,黄炜,2021-01-21 14:56:49,2,3,1,呜呜呜，概统能上黄女神的课却还是没好好学，期末只能靠捞了
131965,1377,黄炜,2021-01-29 15:39:09,7,11,4,合成大西瓜的时候收到一堆谢谢老师，才发现自己满了，滚去继续合成那一个半🍉喽
131967,1377,黄炜,2021-01-29 15:46:19,4,5,1,hw我真的吹爆，讲解细致，人也很可爱，最重要的是，简直就是魔术调分啊！！！！
131969,1377,黄炜,2021-01-29 16:01:23,3,4,1,老师专业水平一流，人又温柔善良可爱，核卷超级认真，尽可能地将每个人的绩点拉到最高，再也不会遇到这么用心的概统老师了www\n\n\n\n\n\n\n\n\n\n\n\n\n\n老师，对不起😔
132023,1377,黄炜,2021-01-30 03:14:06,1,10,9,请原谅本sp上课看着黄姐姐胡思乱想🐶
132293,1377,黄炜,2021-01-31 14:21:14,9,9,0,老师人美心善，讲课非常棒，很有条理。拿到了大学里第一次主课满绩
135329,1377,黄炜,2021-05-08 06:27:14,0,2,2,很好的老师
137699,1377,黄炜,2021-07-05 15:52:20,2,3,1,讲的超棒
138383,1377,黄炜,2021-07-09 00:15:06,13,14,1,统计系同学你好，请选黄炜老师的课。
138548,1377,黄炜,2021-07-09 16:59:53,3,5,2,不建议外专业选。看了评论觉得自己就是炮灰
139985,1377,黄炜,2021-08-22 17:49:37,1,2,1,快进到9.99分
140350,1377,黄炜,2021-09-10 02:43:58,3,4,1,爱老师！！！！！！11
142969,1377,黄炜,2021-11-18 01:46:53,4,4,0,太好了
144278,1377,黄炜,2021-12-21 03:55:43,5,6,1,是对教学有热情的老师
144822,1377,黄炜,2021-12-25 00:43:32,7,8,1,她真是我女神老师！题不会了，她会打电话来讲，特别耐心！爱死
145363,1377,黄炜,2021-12-29 07:32:15,2,3,1,tql
147605,1377,黄炜,2022-01-10 09:36:22,8,8,0,绝对满分的老师
149485,1377,黄炜,2022-01-15 14:33:48,5,5,0,虽然还没出分，但还是要来夸夸老师，讲课清晰人也很nice，考前有不懂，直接一个电话打过来讲解到懂为止，太感动了
149697,1377,黄炜,2022-01-16 12:46:50,4,5,1,9.99
149710,1377,黄炜,2022-01-16 14:03:08,4,4,0,hw女神，超级温柔，上课幽默，给分很好，助教也很认真负责。
149711,1377,黄炜,2022-01-16 14:03:38,0,1,1,讲的好 声音甜 给分高
149716,1377,黄炜,2022-01-16 14:10:46,-1,1,2,黄炜女神！！一直担心自己要挂科，结果出来比挂科好太多！！谢谢老师！！
149745,1377,黄炜,2022-01-16 15:54:25,2,2,0,好好好！
151249,1377,黄炜,2022-02-25 14:54:23,7,8,1,统计学学子的福音，谁能拒绝人美声甜业务水平极好的黄炜姐姐呢
151370,1377,黄炜,2022-03-01 13:28:09,-28,6,34,客观评价：是也只是一个热心教学的好老师。优点就是真的爱教学，缺点就是太爱教学了，会忽略一些教学之外有价值的东西。
154810,1377,黄炜,2022-06-05 15:12:35,-9,1,10,。。。
156486,1377,黄炜,2022-06-20 03:25:58,4,4,0,女神讲课很用心
157482,1377,黄炜,2022-06-23 11:24:02,6,9,3,黄炜老师嘴上说着不调分，最后还是调分了，感激！
157483,1377,黄炜,2022-06-23 11:31:59,3,5,2,最爱hwjj了，听数理统计就像享受一样！（开心）期末考试错了两题心态炸裂，最后还是调分了！感谢
157627,1377,黄炜,2022-06-24 05:41:32,3,3,0,太好的老师！讲得又好，还捞人
160167,1377,黄炜,2022-09-14 06:00:35,16,16,0,我雷某实名冲浪表白黄老师！
163405,1377,黄炜,2022-12-14 08:27:05,0,1,1,萌萌哒的老师，讲的超好，还没期末考，分数不行肯定是我自己的问题，zju超级无敌好老师
164824,1377,黄炜,2022-12-26 10:42:50,0,2,2,黄老师唯一真神，大学四年碰见过的最好的老师
165213,1377,黄炜,2022-12-30 06:39:59,3,3,0,黄姐姐绝绝子。但是就是上课一个哥们太吵，影响我听黄姐姐的课了
168650,1377,黄炜,2023-02-20 14:26:16,4,4,0,黄姐姐人美心善呜呜呜，这学期后半段线上太可惜了
168826,1377,黄炜,2023-02-22 14:04:08,3,5,2,出分前先给黄老师10分！\n\n在大学里遇到教学如此循循善诱的老师真的很难得！！！
169080,1377,黄炜,2023-02-24 08:39:13,0,2,2,老师讲的很清晰，特别是数理统计部分，真的豁然开朗。可能是本人水平问题吧，小测答得很烂，但是整体学习感受真的胜过以往所有的数学课，感谢老师。
169233,1377,黄炜,2023-02-25 01:49:52,5,6,1,上课无敌清晰，让我在最后期末复习的时候也能如鱼得水，轻松许多。感觉老师上课讲话的声音就像百灵鸟一样，如沐春风
169326,1377,黄炜,2023-02-25 12:07:21,0,2,2,讲课清晰易懂，ppt也做得很方便。
169336,1377,黄炜,2023-02-25 12:41:11,0,2,2,老师人超好
169966,1377,黄炜,2023-03-01 00:10:00,6,7,1,非常非常非常好的老师！上课声音温柔有条理，最后一节课嗓子不好还给我们加了70分钟的复习总结！跟着黄炜姐姐学概统，学的特别明白，最后取得很满意的成绩！我爱黄炜姐姐！
184155,1377,黄炜,2023-12-11 11:17:07,9,11,2,hwjj获得大家的好评是一个必然事件。
184198,1377,黄炜,2023-12-12 16:41:22,0,3,3,太喜欢了
186008,1377,黄炜,2024-01-07 13:35:10,2,3,1,选到了就偷着乐吧
186630,1377,黄炜,2024-01-12 08:17:24,1,3,2,老师满分，下次还选
186703,1377,黄炜,2024-01-12 14:30:04,0,2,2,超级好的老师啊啊啊啊，讲的真的很有条理！！！
186901,1377,黄炜,2024-01-13 13:14:00,0,3,3,hwjj人美心善，讲得清楚给分又好
188098,1377,黄炜,2024-01-18 07:53:09,0,3,3,女神！
188552,1377,黄炜,2024-01-19 08:25:13,0,2,2,不多说了，yyds！
188778,1377,黄炜,2024-01-20 02:28:43,2,4,2,大爱hwjj！！\n\n讲课非常好！人也非常负责！！！！
188923,1377,黄炜,2024-01-20 16:07:19,1,3,2,女神！
188960,1377,黄炜,2024-01-21 00:36:58,4,6,2,hwjj😭
189005,1377,黄炜,2024-01-21 07:35:44,-4,1,5,满昏!
189738,1377,黄炜,2024-01-28 05:09:12,0,2,2,hwjj真的非常好！！！大爱！！！
189916,1377,黄炜,2024-02-02 10:34:10,0,1,1,人美心善，讲课清晰！\n\n大爱黄炜姐姐！！
190551,1377,黄炜,2024-03-08 06:58:03,12,14,2,在图书馆钉钉问老师一个小问题，直接一个电话打过来
190639,1377,黄炜,2024-03-13 00:26:00,6,7,1,伟大，无需多言
191422,1377,黄炜,2024-04-21 15:22:11,0,1,1,最好的数学课老师！
191782,1377,黄炜,2024-04-30 06:29:15,1,4,3,小测发下来自闭了orz
191858,1377,黄炜,2024-05-02 07:33:08,1,4,3,女神！！！
192987,1377,黄炜,2024-06-01 17:25:04,1,3,2,吹爆hwjj，统计能上她的课真的很幸福
193466,1377,黄炜,2024-06-11 07:16:44,0,2,2,老师讲得真的很仔细，很适合我这个上学期概率论没学好的fw。
194534,1377,黄炜,2024-06-29 17:58:24,5,7,2,小测巨难，经常点名，给分好像大家都很好但是我的确实很低…可能是我个人的问题吧…仅供参考
194735,1377,黄炜,2024-06-25 07:20:10,0,3,3,伟大，无需多言
195562,1377,黄炜,2024-06-28 18:21:17,0,4,4,选上了黄炜老师的课你就偷着乐吧
195705,1377,黄炜,2024-06-29 17:05:53,0,4,4,md 创下数学课系列最高绩点 激动疯了我靠我要 虽然不高，但我数学真的很烂 自己超级无敌知足了 hwjj我爱你我爱你我爱你我爱你我爱你
195787,1377,黄炜,2024-06-30 02:56:17,-1,5,6,神中神！温柔大姐姐，半夜12点还会认真帮学生解答问题的超级好老师，给分超好，选上偷着乐吧
198430,1377,黄炜,2024-09-09 02:15:44,0,1,1,老师很和善
199177,1377,黄炜,2024-09-18 15:50:11,3,7,4,现在查老师更新了均绩，至少新爬到的数据是很准的（也许会有旧数据的干扰但肯定越来越少）。\n\n在很多老师都有小测保底分，作业交了做得还行就满分，期末统一改卷的情况下，hwjj的均绩却如此高——这可是一门数学课\n\n原因为何？\n\n无他，讲课太好了！（当然也许也有一点点老师会把所有卷子看完再登分以防止改错的原因，不过由于动卷面要签好多字，不是真的改错也不会去动主要还是讲课好）
200184,1377,黄炜,2024-10-14 15:32:12,-6,11,17,不敢相信评论区好评这么整齐，而且只有30+%的人认为会点名有些搞笑了。
202022,1377,黄炜,2024-11-08 08:54:31,2,4,2,随机点名……可能在课前还可能在下课\n\n不要相信那个点名的百分比
202807,1377,黄炜,2024-11-14 13:04:43,4,6,2,hwjj人美心善讲课超级棒\n\n当然点名也是会点的哈哈哈\n\n老师一般第一节课就说点名随机时间随机方式\n\n不过去年hwjj点名次数很少，没到有同学问她她说扣一分
205650,1377,黄炜,2024-12-10 16:27:14,0,2,2,认真负责的好老师！PPT做得非常好，而且真的会在23点多时回答我的问题，非常喜欢黄老师的课！
211495,1377,黄炜,2025-01-11 16:54:38,1,4,3,黄老师真的是特别好的老师，PPT清楚讲课也很好\n\n一学期大概会点三次名\n\n可惜这个学期期末太难了，我考的很烂
211812,1377,黄炜,2025-01-12 14:19:12,-1,1,2,很耐心很温柔的女老师，感觉真的好像自己的妈妈一样温和，有不定期点名，但很少，讲课超级好也很细致，适合基础一般的学生。给分这块概统老师都差不多，黄老师胜在平时上课的体验感好，跟着老师认真学还是能得到一个满意的分数的。
212101,1377,黄炜,2025-01-13 07:33:17,0,2,2,黄老师很温柔，也会及时提醒大家小测讨论的截止时间，讲课的节奏和内容都很适合我这种数学小菜鸡，整堂课跟下来基本上都能搞懂，不用课后再恶补自学之类的，个人认为选上黄老师的课后认真听课就足矣。签到频率还是蛮高的，主要集中在期中前后，而且有时候会在下课的时候签到
212296,1377,黄炜,2025-01-14 01:00:40,0,3,3,没啥好说的，10分超好老师！！！\n\n1.上课有水平，讲解细致。\n\n2.语气非常和蔼温柔，是真的在认认真真教会我们，上课速度合适，容易跟上。\n\n3.期末非常地捞，大题就算你最后忘了怎么算，只要有思路和一部分步骤，应该都是给了一部分分的。\n\n4.点名前一周会提醒，不偷袭。
212768,1377,黄炜,2025-01-15 01:12:11,0,3,3,hw老师，海底捞的神🥳
212845,1377,黄炜,2025-01-15 05:01:46,0,1,1,谢谢老师，老师就是我的女神
212900,1377,黄炜,2025-01-15 08:00:21,1,3,2,老师女神+海底捞。其实老师比较喜欢拖堂，作业也比较多，不过讲得无敌好，人也温柔漂亮可爱有趣。\n\n关于“和”：线下小测很难，记得提前翻智云（主要是用F(x，y)=F(x)F(y)判断独立性，条件分布注意x和y的限制关系）。线上小测多刷历年题，很多重复的。作业尽量保证正确。“和”考前更推荐书后的测试题B，而不是“与”的历年卷。虽然上面说起来扣分点很多，但老师是真的捞，比心心。
213165,1377,黄炜,2025-01-16 07:32:18,0,3,3,hwjj是我的女神🥹🥹🥹上完概（和）统已经在期待数理统计了\n\nhwjj讲课很好，答疑很有耐心，点名提前说，期末海底捞，而且人也很可爱！！
214143,1377,黄炜,2025-01-25 08:49:51,-1,1,2,非常温柔的好老师！
215935,1377,黄炜,2025-03-07 15:46:39,0,4,4,期末考完出成绩很晚了还会和我解释错在哪里，这真的是独一份\n\n\n\n但是签到也是会随机掉落的，课前/下课时都有
219058,1377,黄炜,2025-05-20 10:25:15,1,3,2,对本科生好
219068,1377,黄炜,2025-05-20 09:22:43,7,9,2,事儿妈事儿妈\n\n也就只会用高分骗骗学生了\n\n真相处下来你就知道有多事儿妈了
219772,1377,黄炜,2025-06-05 12:17:59,3,4,1,史史史史史史史史史史史史史\n\n课上相见终觉浅，绝知此人要躬行\n\n　　　 fﾆヽ\n\n　　　 |_||\n\n　　　 |= |\n\n　　　 |_ |\n\n　　　 |||\n\n　　/⌒|~ |⌒i-、\n\n　 /|　|　|　| ｜\n\n　｜(　(　(　(　｜\n\n　｜　　　　　 ｜\n\n　 ＼　　　　　/\n\n　　 ＼
69,1534,李胜宏,2015-03-14 15:37:29,-7,7,14,课有点水，给分好
411,1534,李胜宏,2015-03-15 02:04:17,24,31,7,上课深入浅出。人好。
5776,1534,李胜宏,2015-07-09 10:21:00,-3,2,5,上课有点水，不过你问他还是回答很好的
7031,1534,李胜宏,2015-08-31 05:13:33,1,2,1,好！
7150,1534,李胜宏,2015-09-08 10:32:17,4,8,4,口音略重，但确实厉害
13867,1534,李胜宏,2017-06-29 13:17:16,-54,4,58,考试不复习就可以满
20541,1534,李胜宏,2016-01-28 08:44:42,-14,5,19,非数学系千万别选数分III。作为一个偏微复变概统数分I和II全部上4.5的非数学系的，数分III只拿了3.0！关键还是4学分！各位千万别作死
25796,1534,李胜宏,2016-06-08 11:19:32,1,3,2,点燃了我对数分的热情
28036,1534,李胜宏,2016-06-28 08:00:57,-2,8,10,数分三期末十题就做完2题，4.7。楼上拿3.0的是交白卷了吗？
31433,1534,李胜宏,2016-07-04 02:08:43,-3,1,4,有口音但是个人觉得蛮容易适应的。讲课很好
31509,1534,李胜宏,2016-07-04 04:22:56,19,19,0,谁来拯救我的数分2
32102,1534,李胜宏,2016-07-05 15:30:59,-3,10,13,后悔没有退了去补选张振跃老师。真的。
32176,1534,李胜宏,2016-07-06 00:59:56,-2,7,9,和隔壁zzy的给分差了几个档次
33543,1534,李胜宏,2016-10-04 23:13:34,3,5,2,人好，忽略口音。。。
33913,1534,李胜宏,2016-09-22 14:41:53,-2,4,6,一点都不想打瞌睡……真心不错ꉂ ೭(˵¯̴͒ꇴ¯̴͒˵)౨”
34838,1534,李胜宏,2016-10-24 13:12:16,11,15,4,觉得老师上课讲得不是很清楚，自己看书有好多看不懂的地方??
36253,1534,李胜宏,2016-11-11 09:14:35,1,2,1,老师很厉害
37921,1534,李胜宏,2017-01-21 11:05:30,16,18,2,李爷爷超棒，助教仙子万岁万岁万万岁！
38498,1534,李胜宏,2016-12-07 06:49:00,3,6,3,他还是比较适合教高中竞赛
39008,1534,李胜宏,2016-12-20 12:33:01,10,13,3,谁能告诉我金融数学怎么考？上课除了知道他几个博士生去了哪里高就以外啥也不知道
39689,1534,李胜宏,2016-12-27 03:23:03,87,91,4,助教大大特别好～
42488,1534,李胜宏,2017-01-14 09:27:31,-3,2,5,稀里糊涂
42524,1534,李胜宏,2017-01-14 11:01:08,4,5,1,数分求4以上！！！
42903,1534,李胜宏,2017-01-15 11:43:12,28,33,5,别一天张振跃东张振跃西的，李爷爷还不够好吗？时常露出老顽童般的可爱，考试也很照顾上课听的同学。祝李爷爷一生平安?
44082,1534,李胜宏,2017-01-17 09:04:24,23,25,2,老师人很好，助教大大人超赞。老师讲课带口音，有的同学可能不适应，但是不要让听不懂课成为你不好好学习的理由，只要课后努力学，成绩不会差。
44110,1534,李胜宏,2017-01-17 09:34:25,42,47,5,虽然有口音，上课听不太清楚，不过人真的超级好，非常鼓励我们问问题！（ps:助教仙子的习题课是精华中的精华，你值得拥有 ( •ิ_• ิ)）
44144,1534,李胜宏,2017-01-17 10:34:12,10,13,3,人很好～助教大大也不错，关键是，调分感人…虽然绩点不高，下学期加油\n\n
47289,1534,李胜宏,2017-01-25 05:36:44,-4,2,6,口齿不清
47479,1534,李胜宏,2017-01-27 16:46:00,3,3,0,李爷爷人很好啊，很厉害，虽然有口音，但慢慢就能适应的。而且，助教大大超好的！
47594,1534,李胜宏,2017-02-05 09:41:36,1,1,0,我就一个字：好！
49996,1534,李胜宏,2017-04-28 09:06:02,7,8,1,助教哒哒简直好上天 开习题课多 讲的也清楚 也关心同学 水群了解学生情况 李老师上课上得快的时候他还帮忙说让上慢一点
51782,1534,李胜宏,2017-06-10 01:46:31,44,46,2,17届来ym高考数学命题组组长
53877,1534,李胜宏,2017-06-28 02:46:41,-1,4,5,从助教的水平可以想见老师的水平。
54702,1534,李胜宏,2017-06-30 05:10:56,-13,1,14,别选 绩点坑死你
55926,1534,李胜宏,2017-07-02 16:12:39,0,1,1,李爷爷大好人，虽然上课听懂有点难，但是人是真好\n\n
55927,1534,李胜宏,2017-07-02 16:13:45,3,3,0,唉，要出成绩了，好难受，李爷爷真的好，怪自己学的差，希望绩点好看点吧
55928,1534,李胜宏,2017-07-02 16:14:08,2,3,1,李爷爷真的是个好人，上课讲的很好，考试也是满满的师生情，大学以来遇到的最好的老师，没有之一
55930,1534,李胜宏,2017-07-03 04:38:37,1,1,0,非常好的老师
55937,1534,李胜宏,2017-07-02 16:49:40,7,7,0,真的很好的老师，其实是我们自己考得差，但是老师找的是自己的原因，还非常认真的给我们改卷。助教大大也非常好！
56003,1534,李胜宏,2017-07-03 01:56:48,16,16,0,老师人真的特别好，还有一个仙子一般的助教大大，期末虽然考的差，但是李爷爷硬用函数把20%的学生拉到90以上，好老师一生推！
56884,1534,李胜宏,2017-07-05 02:15:32,5,5,0,很好的老师，很好的助教。可惜助教就要毕业了。
57784,1534,李胜宏,2017-07-15 14:38:09,5,5,0,李爷爷，人超好的，助教大大也超好的！
58220,1534,李胜宏,2017-08-25 12:42:51,2,2,0,数分乙好评enm
58613,1534,李胜宏,2017-09-09 10:23:08,1,1,0,很棒的老师\n\n
59497,1534,李胜宏,2017-09-22 02:24:36,2,2,0,助教哒哒和李爷爷都超好人啊
60356,1534,李胜宏,2017-10-18 05:51:03,14,14,0,想来也算是旧相识了，高二时在夏令营里听过李老师讲代数?整个高中买过李老师编的好多奥赛辅导书，淘宝一搜一大堆，国家队总领队，很牛很牛。没想到后来考到了浙大正式成了李老师的学生哈哈哈哈哈哈。
60487,1534,李胜宏,2017-10-22 10:53:22,-3,0,3,然马菇东
61138,1534,李胜宏,2017-11-09 03:24:47,-3,0,3,李爷爷除了听不懂以外其它都还好...主要是要做好笔记听不懂都是其次的
64743,1534,李胜宏,2017-12-27 04:35:31,3,3,0,虽然有口音但真的讲的蛮好，助教仙子的习题课一定要去听！！
64905,1534,李胜宏,2017-12-28 02:00:17,2,2,0,李爷爷人很好的！像个老小孩...还有一个非常厉害的助教大大，听上一节习题课，胜读一个月的书...
65202,1534,李胜宏,2017-12-30 17:33:43,1,1,0,萌萌的老教授！ 数学功底极强，思维很赞。 助教仙子不解释。
66318,1534,李胜宏,2018-01-15 04:20:04,1,1,0,助教特别特别棒
66405,1534,李胜宏,2018-01-16 05:18:17,3,3,0,数学奥赛国家队总领队，李爷爷超级好
67017,1534,李胜宏,2018-01-20 02:58:56,3,3,0,数分三考完了，谢谢李爷爷了。\n\n
67609,1534,李胜宏,2018-01-22 00:25:47,4,6,2,李爷爷上课讲的超好，时不时出点相当有意思的小题目让我们上去做，就算不会也可以跑上去做，平时分就这样加高高，给分的话，我没见过那么好的老师，我班上1/4的同学满绩！助教大大的习题课可以说是另一项值得称赞的了，像我这种数学不是很好的也没太大关系，上课认真听，课后多花时间，然后就是，习题课一定要把每到题都弄懂！习题课的题都是相当经典的，虽说不是太难，但要是完全掌握了的话，考试可以拿个相当高的分数了，还有啊，我拖了我们班的后腿，拉低了满绩率，我收拾收拾就退学.jpg
67664,1534,李胜宏,2018-01-22 04:28:24,2,2,0,助教大大超级好，就是可惜明年就要毕业了，希望校方把助教大大留校任教( ͡° ͜ʖ ͡°)✧
67713,1534,李胜宏,2018-01-22 05:40:04,2,4,2,李老师教的很好，一直都鼓励学生。虽然我智障，但李老师一直都很耐心。还有！我永远喜欢助教林炜哥哥！！！开习题课让我收获很大，给分也很好，人超级温柔还帅！
67728,1534,李胜宏,2018-01-22 06:04:12,5,5,0,期末了，我也客观评价一下老师和这门课吧。李爷爷上课真的很好，虽然刚开始口音有点听不懂，但是对待学生非常认真，平时不怎么点名，因为我们都很主动地上黑板做题，助教大大也超级好，非常关心同学们的学习和成长，可惜今年就要毕业了，数分课我遇到了一个学期最好的老师和助教，绝对绝对是最佳良心课，以为自己考得很差但给分还是很好的～不过数学分析确实是一个需要花很多时间的科目，而且对以后的学习和个人思维的提高非常重要，千万不能懈怠了
67739,1534,李胜宏,2018-01-22 06:20:55,5,7,2,坐在第一排  老师看见我眼神疑惑就叫我有问题直接问   这才是大学课堂应该有的气氛！助教大大好棒！  但是他今年要毕业了(´;︵;`)  最重要的是  我数分乙满了是！！
67764,1534,李胜宏,2018-01-22 06:48:48,0,0,0,李爷爷讲的好！！！助教大大人超好！！！习题课超级有用！！
67770,1534,李胜宏,2018-01-22 06:56:07,2,2,0,棒极了
67776,1534,李胜宏,2018-01-22 07:06:31,0,0,0,很棒的体验！助教大大也超级棒！给分很好！
67779,1534,李胜宏,2018-01-22 07:07:19,1,1,0,可惜助教大大要毕业了
67784,1534,李胜宏,2018-01-22 07:11:50,1,1,0,李爷爷很棒，人也超级好，总说你们不懂的上来问啊，助教很棒，人很直率也很尽职，总是给我们开习题课，也会给我们讲一些大道理，嗯呢，真的很棒!!!
67839,1534,李胜宏,2018-01-22 08:07:55,0,0,0,good nice
67879,1534,李胜宏,2018-01-22 08:41:56,6,6,0,给李爷爷和助教大大疯狂打call！！！♪───Ｏ（≧∇≦）Ｏ────♪\n\n刚进大学就能遇见这么好的助教和老师真的非常幸运!ʕ •ᴥ•ʔ\n\n李爷爷炒鸡和蔼啊啊啊啊！讲的虽然有点快 ，但是只要说没听懂，跟不上，都会很耐心的放慢速度(˶‾᷄ ⁻̫ ‾᷅˵)\n\n助教大大也非常认真负责，习题课我不介意多来几次(｡ì _ í｡)\n\n为自己赶上助教大大毕业前的最后一次而感到荣幸(⁎⁍̴̛ᴗ⁍̴̛⁎)
67889,1534,李胜宏,2018-01-22 08:57:57,0,0,0,听不懂，但助教小哥哥很棒，可惜再后来人就享受不到了，哇哈哈哈哈
68022,1534,李胜宏,2018-01-22 13:28:31,2,2,0,数分渣渣以为要凉然而竟然上三了超感动 然而明年就没有助教大大了
68312,1534,李胜宏,2018-01-23 03:11:28,1,1,0,方言听着有点费劲，但并不妨碍我喜欢李爷爷，课上真的很有意思，不得不提起助教小哥哥，太牛了，谁碰到他简直是三生有幸，习题课太精彩，心地超级善良，给分好，总之为这门课打call!!!
69064,1534,李胜宏,2018-01-24 07:56:30,0,0,0,助教大大超棒
69221,1534,李胜宏,2018-01-24 10:22:38,0,0,0,享受啊
69367,1534,李胜宏,2018-01-24 14:27:31,1,1,0,李爷爷数分3蜜汁爱点名\n\n不过数分三，真的不得不服气与李爷爷的智商
70231,1534,李胜宏,2018-01-26 09:13:12,1,2,1,助教哥哥特别友善，人生导师～～不过最后一年了，要走还真的舍不得
70529,1534,李胜宏,2018-01-27 00:49:45,1,1,0,李爷爷讲课真心细致。助教大大爱你，期末跪成那样还有3.6。
71499,1534,李胜宏,2018-01-28 14:07:37,1,2,1,...\n\n
71736,1534,李胜宏,2018-01-29 02:17:09,-1,1,2,给分好好！
72259,1534,李胜宏,2018-01-29 16:03:44,1,1,0,老师上课口音很重，但是认真听还是听得懂的，老师很可爱很萌，讲的也很好。助教大大超级认真负责，助教大大的习题课水平不比李老师差，但是感觉助教有些喧宾夺主了（我很喜欢助教大大）。
72339,1534,李胜宏,2018-01-30 02:31:40,0,1,1,老师超级可爱，经常询问学生的意见，助教的习题课也超级赞的*^o^*
72401,1534,李胜宏,2018-01-30 05:14:12,0,2,2,课程：数学分析（乙）I\n\n体验：虽然是乙班，但是李胜宏老师的数学分析难度和甲班基本是没什么差别的。老师讲课略有口音，认真听的话，基本上可以听懂。课程恶竞很严重，占座从第一天一直持续到最后一天，不过这也说明了老师讲得的确很好。整体而言，课本上的重点难点都会涉及到，还会有许多拓展的内容。另外，助教小哥哥十分认真负责（也很可爱），每学期会开很多节习题课，课上满满的都是干货，一节习题课能收获许多。
73070,1534,李胜宏,2018-02-01 01:01:19,0,0,0,李爷爷超级棒的啊!助教毕业之后要好好喜欢男(划掉)孩子哦
74233,1534,李胜宏,2018-02-07 10:14:18,1,1,0,李爷爷真的超级棒
74266,1534,李胜宏,2018-02-08 11:53:38,0,0,0,菜鸟前来拜一拜，下学期一定认真学数分！
76361,1534,李胜宏,2018-04-07 08:37:04,2,5,3,感觉非数学系的学数分真的没卵用……技巧性太强了
76816,1534,李胜宏,2018-04-24 05:29:56,0,0,0,老师喜欢雨果
78389,1534,李胜宏,2018-05-11 08:53:03,3,4,1,李爷爷又去出高考卷了呢，变成助教大大上课了
80307,1534,李胜宏,2018-06-25 03:26:28,1,6,5,助教大大好。李爷爷就算了吧，没有一节课不想睡觉，又不是小学生了还要把题写到黑板上叫人来做...尴尬
80507,1534,李胜宏,2018-06-27 07:42:55,6,7,1,最后一节课上完啦！李爷爷的数分虽然难，但是要上他的课的人大概真的都需要这样的难道来磨砺一下，助教大大今年毕业啦，下一届再也遇不到这样好的助教了（可能）。课程难但是给分还是很好啦，都是尽量按排名给我们高分（洗完拿到两年满绩）\n\n助教大大真的需要加个鸡腿
81138,1534,李胜宏,2018-07-06 17:15:09,10,14,4,退院了。
81326,1534,李胜宏,2018-07-04 17:18:11,-1,2,3,一学期上完，数分半本书不考。虽然学数分按理说不应该是为了考试，但考试不应该是测试学生对数分的掌握程度的么？难道级数不重要？尽管如此，李爷爷还是满分的数分老师。
81973,1534,李胜宏,2018-07-06 16:28:44,4,5,1,李爷爷讲课真的特别好，而且助教大大也特别好……虽然这是助教大大的最后一届了，有点伤心/:break
81982,1534,李胜宏,2018-07-06 16:46:21,0,0,0,李爷爷很关心学生。非常温柔！虽然口音需要一段时间适应。讲题的思路很清晰，而且对难度的把控很到位！
81988,1534,李胜宏,2018-07-06 17:18:43,0,2,2,如沐春风
82090,1534,李胜宏,2018-07-07 05:33:17,98,99,1,退院之前评一波，首先老师和助教大大人都特别好。但我真的学的很吃力很痛苦，听不懂李爷爷的口音，前半句还好，后半句emmmm表示听不清楚也听不太懂，体验就是上课经常经历：今天一定好好听课-妈耶好难-woc又听不懂了-算了，不挣扎了点个外卖吧。。。我必须承认数分学不好这个锅在于我自己。班上有很多优秀的同学，真的很敬佩你们。误入竺院大概是我离大神们最近的时候（物理距离）。总之我从来没有也永远不会觉得李爷爷和助教小哥哥有哪里不好，这段经历的价值是我必须坦诚面对，自己不够好也不够努力。即将退出竺院，作为一个渣渣真的由衷地感到解脱，但不意味着我以后要继续这样焦虑忙碌又没有收获的咸鱼生活。祝李爷爷身体健康，工作顺利。祝小哥哥前程似锦，万事胜意。祝竺院的同届大佬们前程似锦，不要强行卖弱了你们真的都很优秀！！也祝我自己，退出竺院以后重新找回自己。
82109,1534,李胜宏,2018-07-07 15:41:15,-5,3,8,老师真好  jujiao也灰常好
82424,1534,李胜宏,2018-07-08 07:12:07,2,3,1,满分不解释，助教大大也非常好，考完数分真的有些不舍呢。当然数分还是要靠自己的，努力了一学期高了成绩高了0.6，已经非常满意了
85395,1534,李胜宏,2018-07-17 11:29:35,-3,0,3,老师点名一定要去，有点口音讲课也没什么逻辑，但是助教大大超级好的，可以这学期毕业了，大家看着选吧2333
87291,1534,李胜宏,2018-09-26 15:29:27,10,10,0,18届表示没有听过课，但是出高考卷的老师，膜拜一番
87501,1534,李胜宏,2018-09-30 02:41:58,0,0,0,棒棒哒
88566,1534,李胜宏,2018-11-01 13:31:01,0,0,0,李爷爷笑眯眯的样子很可爱 问他问题时他也十分的耐心，他自身也是个很厉害的老师。当然助教大大也真的很好很好 他很耐心 担心我们学不会就会再讲一遍 吹爆我们助教大大～ 可惜你要出国了 保重呀～
91505,1534,李胜宏,2018-12-12 03:59:03,1,1,0,慈祥的李爷爷
92977,1534,李胜宏,2019-01-06 12:45:38,2,2,0,李爷爷人还是很不错的，上课能学到东西。就是有、快啊
97213,1534,李胜宏,2019-01-23 00:21:01,2,3,1,李爷爷超级可爱的！也很慈祥！上课还会跟我们分享他前一天晚上看挑战不可能看到很晚的事情～真的太可爱了～专业水平也很高！
97231,1534,李胜宏,2019-01-22 00:53:50,3,4,1,这学期上的数分（乙）I。老师人挺萌的，但讲课水平一般；助教小仙子已经出国读博了，大家慎选吧（不过新的助教小姐姐也会尽力讲好习题课的）；上课有时候会叫同学去黑板上做题，相当于点名，注意一下出勤率吧（如果只是一次点到你没来的话也没什么关系）；给了十分，因为李爷爷今年期末出了一张本渣也能及格的卷子qaq（平心而论，这卷子过分简单了一点
99418,1534,李胜宏,2019-01-24 20:13:21,1,3,2,我能说什么，助教都很好，老师蜜汁笑容总是让我觉得他时刻想着坑人，但真的为学生着想，一颗赤子丹心。撇开口音不谈，满分只为师品
99419,1534,李胜宏,2019-01-24 21:41:18,-1,1,2,好老师！
99420,1534,李胜宏,2019-01-24 21:46:52,-2,1,3,16%的人满绩！
99426,1534,李胜宏,2019-01-24 22:42:13,0,2,2,啊李老师给分真心好啊！炒鸡善良的老爷爷！虽然口音听不懂，但是你努力是可以做到的！
99431,1534,李胜宏,2019-01-25 07:22:35,3,7,4,分析乙的确是竺院智商筛选课 但老师人太善良 筛下去的不是做不出题的 是听不懂课的 只要课上好好听 把课上东西弄明白了 考试就能有还不错的成绩！而且真的能学到东西 能感受到分析的乐趣！希望跟我一样数学基础没有那么好的竺院同学 看了这段话之后能心情放轻松一点！希望下学期能再接再厉 至少整个4.5呜呜
99432,1534,李胜宏,2019-01-24 22:58:55,0,2,2,感谢李老师!考完试我已经绝望了，没想到还能及格。期中考试之前每节课都在水手机，期中考试之后认真听了半个学期，真的很后悔前半学期没有好好学。李老师讲的超棒的，而且超级负责任，每次上课前后都在隔壁教室答疑（虽然我没去问过）。感谢李老师!
99446,1534,李胜宏,2019-01-24 23:45:34,0,2,2,李爷爷超级好的，超级可爱!!虽然有口音但是个人觉得听的很清楚。(听几次就习惯了)特别喜欢李爷爷扩展的题目，给人耳目一新的感觉，能学到很多东西。给分很好(好像是期末考考得好就只看期末考，考的不好再算平时成绩拯救么)上课经常喜欢叫同学上去做题，对期末考信心不足的同学要多上去呀。大爱李爷爷
99449,1534,李胜宏,2019-01-24 23:51:49,0,2,2,超级超级好的老师～～～
99453,1534,李胜宏,2019-01-25 00:04:10,5,5,0,勉强上三，应该不会退院了，爱李爷爷，下学期一定好好学ヾ ^_^♪
99456,1534,李胜宏,2019-01-25 00:06:36,-1,0,1,非常好
99458,1534,李胜宏,2019-01-25 00:08:20,-1,0,1,讲的非常好
99467,1534,李胜宏,2019-01-25 00:25:29,-2,0,2,李爷爷真的超级超级超级好，备课非常认真，真的超级慈祥和蔼。给分也很好，讲题非常耐心，关注每一位同学的发展，真的超级超级超级超级超级超级超级超级超级超级超级超级好!
99474,1534,李胜宏,2019-01-25 00:35:33,2,3,1,李爷爷很可爱，讲课很用心。是不是露出可爱的微笑，很温暖的。最重要的是，给分超级好，超级好。虽然刚开始因为他的口音听得吃力，但后来会好的，只要认真听，一定有很多收获。
99762,1534,李胜宏,2019-01-25 06:39:17,2,3,1,上课一共一学期点3次名，虽然是前国家队领队的水平但是没有一点架子！非常负责，讲课讲的也很好！平时出的题目很难，但是考试的时候很仁慈（卷子出的稍微偏简单了些）。可能是之前出魔鬼考试题的助教走了吧...但是新助教也是很不错的
100897,1534,李胜宏,2019-01-27 05:02:23,7,9,2,祝李爷爷福如东海，寿比南山，祝我金数不翻车? ?
101563,1534,李胜宏,2019-01-28 12:34:23,2,4,2,人超好，慈祥和蔼，对所有学生一视同仁，上课讲得多，练题也多，年纪这么大了还认真滴再改口音，虽然最后绩点比预想的要低但也很不错了，确实能学到东西，超赞
101610,1534,李胜宏,2019-01-28 15:01:04,2,3,1,金数咋还没出分呀
102170,1534,李胜宏,2019-01-31 04:45:54,2,4,2,难以用语言描绘老师的好?
102175,1534,李胜宏,2019-01-31 05:10:10,-4,5,9,金融数学给的什么破分？？？侮辱我智商还是咋的？？？
102193,1534,李胜宏,2019-01-31 09:07:15,-4,3,7,金融数学讲的真的差
102438,1534,李胜宏,2019-02-02 04:19:11,4,5,1,这是......这个
109080,1534,李胜宏,2019-06-07 11:34:39,71,79,8,老师听说今年高考题是您出的？
109085,1534,李胜宏,2019-06-08 02:06:49,-25,7,32,今年数学卷太水了拉不开差距\n\n我150别人也有149 感觉高中几年努力都晾凉在这儿了
109097,1534,李胜宏,2019-06-08 06:23:54,-24,6,30,哎，这高考卷，有毒吧这么简单，就算照顾文科生也得有区分度吧，我这一个班估分一半145以上，考场三分之一提前交卷，最后语文定胜负？
109101,1534,李胜宏,2019-06-09 13:00:18,-19,7,26,今年的数学也太简单了\n\n最后三题问了问旁边的朋友大家都会做\n\n根本拉不开差距好烦哦\n\n希望以后的卷子更有区分度一些
109103,1534,李胜宏,2019-06-08 10:44:19,-24,4,28,今年数学太简单了吧，感觉浙大稳了呀，多谢李老师手下留情
109124,1534,李胜宏,2019-06-09 10:15:09,-19,6,25,今年高考卷什么玩意，太简单了吧!大家都150，我同桌考了149都想跳楼了，现在他在楼顶，一群人在下面劝都劝不下来。
109160,1534,李胜宏,2019-06-10 13:56:13,-6,3,9,真的，我tm全做出来了，结果闭在了选择题第四题，我恨
113938,1534,李胜宏,2019-07-08 01:34:32,4,4,0,淑芬二是又多又难?李爷爷心里也清楚?助教小哥哥也是越讲越好?(声音不太大，自习也舒服?)最后真的在考卷上看到了浓浓师生情吧??
114034,1534,李胜宏,2019-07-08 12:05:00,2,3,1,李爷爷的课，听不听是另一回事，课后习题和上课他抄的题目绝对要记下来。
114764,1534,李胜宏,2019-07-11 12:01:56,4,4,0,千秋万代，一统江山
115302,1534,李胜宏,2019-07-18 05:35:38,1,1,0,李爷爷人超好，要珍惜听课的机会呀！
116320,1534,李胜宏,2019-09-08 09:31:30,15,15,0,死于浙江卷数学....???
116633,1534,李胜宏,2019-09-12 06:03:13,8,8,0,膜拜一下考死我的出卷老师
116797,1534,李胜宏,2019-09-16 02:28:31,1,1,0,口音听不懂、
126811,1534,李胜宏,2020-10-21 07:14:48,1,1,0,卷子好难
146768,1534,李胜宏,2022-01-07 11:45:44,9,9,0,写的书：数学物理方程，通篇错别字、错误公式，垃圾
167295,1534,李胜宏,2023-01-15 11:56:37,-1,0,1,https://max.book118.com/html/2021/0227/8060044053003053.shtm
203954,1534,李胜宏,2024-11-22 08:14:44,0,0,0,我还以为你叫李胜
218988,1534,李胜宏,2025-05-16 13:00:09,1,1,0,浙江初中副科:\n\n科学 6本\n\n道德与法治 6本\n\n历史 6本\n\n地理 4本\n\n\n\n其它省份:\n\n物理 3本\n\n化学 2本\n\n道德与法治 6本\n\n历史 6本
12064,1550,张挺,2015-12-21 15:29:24,0,13,13,123
13314,1550,张挺,2015-12-26 13:46:04,0,0,0,我和你
13686,1550,张挺,2015-12-30 10:43:05,0,0,0,，，，，，，，
14407,1550,张挺,2016-01-07 02:15:36,0,0,0,必修课
15212,1550,张挺,2016-01-12 15:55:44,1,1,0,讲题思路很清晰
15814,1550,张挺,2016-01-16 10:22:55,0,4,4,给的也太低了点吧
16459,1550,张挺,2016-01-18 06:39:22,1,3,2,说实话，认真负责，分给的一般
16518,1550,张挺,2016-01-18 09:45:47,0,0,0,恰好及格。。。
16581,1550,张挺,2016-01-18 12:25:25,0,0,0,分应该就是按比例折算完给的，感觉没太往上调，比较负责，讲的一般
16985,1550,张挺,2016-01-19 11:20:44,2,4,2,我还能说什么。。。28开就是巨坑啊
17313,1550,张挺,2016-01-20 04:22:50,2,2,0,完全是自己渣，老师还是可以的。
20807,1550,张挺,2016-02-01 02:59:32,2,3,1,讲的很细很好
21704,1550,张挺,2016-03-01 00:29:47,8,12,4,分咋没了
21720,1550,张挺,2016-03-01 01:47:39,1,2,1,内心是崩溃的
22175,1550,张挺,2016-03-10 04:47:46,5,7,2,课前有复习，上课讲得细，还能提前十分钟下课，看得出来是有好好准备的
22212,1550,张挺,2016-03-03 03:07:02,0,3,3,没有PPT，讲的挺慢的，人还不错，认真负责
22358,1550,张挺,2016-03-17 02:10:50,26,29,3,蜜汁破音233
22930,1550,张挺,2016-03-15 02:36:46,0,1,1,还可以
23307,1550,张挺,2016-03-24 02:58:00,18,23,5,不错的不错的！鄙人听过矿爷，张挺，张泽银，金显的课，觉得张挺老师讲的最详细，也非常好玩！
23735,1550,张挺,2016-04-14 03:51:34,4,5,1,讲得很认真\n\n
23753,1550,张挺,2016-12-20 01:45:13,28,42,14,课前复习真心不错 但是助教为啥作业给分这么低呀 不对答案不能做人了是吧⋯⋯
24356,1550,张挺,2016-04-30 01:29:35,0,1,1,分出的慢
24385,1550,张挺,2016-04-30 07:47:55,2,5,3,没什么感觉，微积分一开始简单的讲的巨慢，后来内容变难了讲的反而快。每节课开始前的复习很不错，悲伤地等微二成绩。
24420,1550,张挺,2016-04-30 13:31:32,1,2,1,讲的很详细 也挺慢的 认真负责 不知道给分咋样
24537,1550,张挺,2016-05-01 08:14:11,0,2,2,很认真，课前的复习还是蛮不错的
24574,1550,张挺,2016-05-02 02:26:03,3,11,8,微二上课…不想说了…蜜汁逻辑混乱，经常讲错，而且难的地方反而讲得快…还有就是助教蜜汁严格…微二给分也给得太低了吧\n\n
24580,1550,张挺,2016-05-02 03:37:37,0,1,1,很棒的老师，认真复习
24582,1550,张挺,2016-05-02 03:48:15,2,4,2,微2给分还能这么低，服了
24599,1550,张挺,2016-05-02 06:11:08,2,3,1,老师负责，讲的细。板书多。蜜汁破音
24693,1550,张挺,2016-05-03 06:16:15,1,2,1,老师讲的很认真，课前有复习，给分其实还是看考试的吧
24941,1550,张挺,2016-05-04 11:25:51,0,0,0,讲挺好的……
24991,1550,张挺,2016-05-04 16:32:55,2,2,0,微二，师生情，你在哪…
25005,1550,张挺,2016-05-05 00:10:53,3,3,0,我可怜的微二。。
25151,1550,张挺,2016-05-06 09:22:36,0,0,0,还不错
25174,1550,张挺,2016-05-06 16:10:56,0,0,0,微II 课前有回顾 老师讲课很细
25210,1550,张挺,2016-05-08 07:43:02,-1,1,2,微二可以这么低。。
26666,1550,张挺,2019-05-31 05:11:36,115,135,20,张老师讲课比矿爷好，然而不知为何，听他的课总会蜜汁勃起(微笑脸)
27077,1550,张挺,2016-06-22 16:56:50,2,2,0,讲课其实还不错，微二有教学安排，认真负责吧，不会有特意的调分，并且微二考得确实比以前难...数学类课程很大一部分是看期末考试的，期末考得好老师也不会说硬要给算低。（还有老师总会让我想起高中时的数学老师hhh）
27634,1550,张挺,2016-06-27 05:56:58,15,16,1,给分⋯⋯跪  感觉并没有什么平时分  不过上课还可以的 条理基本清楚 课前回顾这个环节我喜欢
30167,1550,张挺,2016-07-01 04:30:10,0,1,1,微二是他的，一开始觉得讲的无聊，后来觉得这老师还是很实在的，讲的很详细，题目和内容都讲的多，很认真，很负责。破音是讲的嗓子都不好了。给分也还是可以的。
32230,1550,张挺,2016-07-06 03:57:19,1,1,0,我觉得老师很负责，每次备课都很认真，例题多，还讲作业题，而且问问题都会耐心解答。
39925,1550,张挺,2016-12-28 07:49:46,2,2,0,讲得超级棒，不过常微听不懂只能怪自己了
40024,1550,张挺,2018-01-22 05:41:13,18,19,1,老师讲得很仔细很认真，很多人听不懂主要是常微这门课本身就不容易，最好上课认真记笔记，老师讲的比教材好很多，教材写的很复杂，老师说的很明白，爱他么么哒
42821,1550,张挺,2017-01-19 02:20:14,3,4,1,浓浓师生情，感谢助教让我过年
45077,1550,张挺,2017-01-19 02:34:24,0,2,2,上课比较好，会有课前复习，讲的也很清楚。就是给分一般般，自认为期末至少没有空大题，结果勉强上3
45106,1550,张挺,2017-01-19 03:45:31,12,12,0,谢谢张老师不挂之恩！能过个好年了！
45235,1550,张挺,2017-01-19 07:50:55,-1,1,2,给分很差...
45254,1550,张挺,2017-01-19 08:14:34,3,3,0,老师人很好，讲得不错，每节课还会回顾一下上节课的内容。但是常微分太难了，唉
54622,1550,张挺,2017-06-30 02:41:02,4,5,1,进浙大以来遇到的最好的数学老师，课前会回顾上节课的内容，所以尽管上课节奏很快，但完全不用担心听课跟不上，常微分并不是很难，记住公式多练习就好。绩点也是很高。
54627,1550,张挺,2017-06-30 02:44:20,3,3,0,讲的很仔细 给分也不错嘛( ¨̮ )总之感觉很不错
54629,1550,张挺,2017-06-30 02:48:17,2,2,0,老师还不错 每次课前会抽出节分钟给你回复一下上节课讲的东西 给我的分我觉得超出我预期 感恩
54642,1550,张挺,2017-06-30 03:05:04,2,3,1,感谢挺爷的99！
54670,1550,张挺,2017-06-30 03:53:02,4,4,0,不能说上得很好吧，中规中矩，是因为旁听了将云爷爷的课吧。当然还是要感谢老师给我的高分。
54676,1550,张挺,2017-06-30 04:02:39,1,1,0,超好的老师
54707,1550,张挺,2017-06-30 05:21:06,0,0,0,老师本身是研究微分方程的，自身水平很高多动动脑跟上会有大收获！
54718,1550,张挺,2017-06-30 05:37:15,1,1,0,老师上课还是很好的，条理也很清楚，认真听就可以了。另外，给分很好…因为我上课听不进考前晚上才把书看了一遍，结果成绩也不低，很满意啦。
54722,1550,张挺,2017-06-30 05:45:25,6,8,2,第一个满，老师确实讲的鞭辟入里，大学见过最好的老师之一。
55015,1550,张挺,2017-06-30 16:06:59,7,8,1,老师真的是好老师，每节课上课之前都复习一下，常微分的方法种类多而且清楚。\n\n都怪我自己最后有个智障的大题没答对唉估计是按照期末考试给的分……
55175,1550,张挺,2017-07-01 02:47:26,3,8,5,常微分讲的挺好的，每节课上会复习一下上节课的内容。给分不错，满了。。。。
55219,1550,张挺,2017-07-01 04:13:31,3,3,0,每节课都会有回顾，好评。而且给分是真心好！
56006,1550,张挺,2017-07-03 01:58:56,3,3,0,老师人很好啊，上课有那么一点点快，需要课后自己再去整理一下，经常自己傻傻的嘿嘿笑。
57026,1550,张挺,2017-07-05 08:26:54,2,3,1,不说了，大赞
60631,1550,张挺,2017-10-25 12:51:04,1,1,0,太赞了\n\n
63428,1550,张挺,2017-12-04 01:27:38,8,8,0,课前不预习还是别去了，记笔记没有用的。老师讲起来是不带喘气的，很迅速的，只要有一句话听不懂，后面基本就全完了。
67945,1550,张挺,2018-01-22 10:59:55,11,13,2,老师调调分吧
68075,1550,张挺,2018-01-22 14:40:01,1,1,0,张老师四分的常微，今天考完还没出分来评一波。老师讲课是很不错的，去问问题也会耐心解答。数学课感觉还是多跟老师助教交流一下吧。
69628,1550,张挺,2018-01-25 05:48:08,1,2,1,讲的比课本好，也比成波好。给分不错，因为自己努力了一学期吧
69649,1550,张挺,2018-01-25 06:47:39,0,1,1,师生情
69650,1550,张挺,2018-01-25 06:54:46,4,4,0,挂了吖
69687,1550,张挺,2018-01-25 08:12:11,2,2,0,谢老师不挂之恩了...(自己菜咯...但是确实把我从云里雾里的教材里拯救出来了...
69872,1550,张挺,2018-01-25 14:49:10,0,0,0,讲得其实挺清楚，不过内容多一定要跟紧，一晃神之后内容就gg。谢不挂之恩。
70875,1550,张挺,2018-01-27 16:07:29,0,0,0,讲的很清楚
71789,1550,张挺,2018-01-29 03:08:24,-1,1,2,讲课似乎比隔壁成波好 语速快而且句句都是重点 记笔记是跟不上的 建议课前预习课后复习要跟上 考试考的太差会调分。
77054,1550,张挺,2018-04-30 06:30:07,0,0,0,优秀的
94883,1550,张挺,2019-01-18 12:03:27,0,0,0,老师讲课很好，平时学习的时候借鉴隔壁神奇小子的讲义效果更佳。
97252,1550,张挺,2019-01-22 07:29:23,0,3,3,不调分呵呵
97346,1550,张挺,2019-01-22 08:18:54,0,0,0,讲的可以，考试不调分，跟竺院大佬一块上课ssfd。只能怪自己起不来抢不到座位听不下去，哎，，，
97408,1550,张挺,2019-01-22 08:40:41,0,1,1,老师讲课风格我是超级喜欢的 而且跟着听也不会太难…emmm没上4是我自己太菜了……
97417,1550,张挺,2019-01-22 08:46:06,2,2,0,讲的真的很有很有条理，尤其配上辣鸡教材……一定要好好听好好记笔记，不调分…唉，还算公正吧
97424,1550,张挺,2019-01-22 08:49:09,1,3,2,强推张老师的课呀，张老师讲课思路清晰、鞭辟入里，方法都讲得清楚明白，只要你上课不走神，认真记笔记，绝对比看书学到得多得多。考卷题量挺大的，也不算简单。感觉老师还是有调了分的，菜鸡感谢老师～
97435,1550,张挺,2019-01-22 08:59:52,0,2,2,老师讲课讲得非常好！可以完全不看课本里面复杂的讲解直接听老师的就好！课上讲的弄懂，课后作业按时完成也都弄懂，学好拿个不错的绩点还是没问题的！
97552,1550,张挺,2019-01-22 10:34:36,0,0,0,讲完课去看教材有一种不一样的感受。不过确实走神容易跟不上。
97575,1550,张挺,2019-01-22 11:24:58,1,1,0,不错啊
98390,1550,张挺,2019-01-23 11:47:47,9,10,1,老师讲的很好的，每次课开始前会带着复习一下上一堂课的内容，每章结束之后会统一的复习一下。小测的话是不提前通知的，一般在习题课上进行。考试的话，不调分，结果出来爽歪歪，貌似有17％的挂科率，把这学期的绩点拉低了0.3，再次感谢老师和助教，十分给了   (ಥ㉨ಥ)
99422,1550,张挺,2019-01-24 22:02:49,3,3,0,讲课是真的好，我给十分！挺哥nb！
103903,1550,张挺,2019-03-07 06:35:44,2,2,0,讲课好。但常微分这种课，学得清楚不一定考得好，平时不练熟考试肯定gg
120512,1550,张挺,2020-01-12 01:11:11,3,3,0,很好的老师，常微分方程比书上容易懂（但是极不推荐非竺院大一同学学习 因为上课会仍然听不懂，涉及数学分析和高等代数）给分很好，助教也很好
120918,1550,张挺,2020-01-18 17:49:11,0,3,3,讲得非常好，给分非常高，我们大一的去上课都能获得高绩点
121746,1550,张挺,2020-01-21 13:06:55,5,5,0,上的是两学分的常微分方程_1老师本人：人很好（感觉很帅），正气凛然的样子，普通话很准，声音很有磁性。\n\n_2上课体验：上课的话觉得讲的很清楚，但是后半学期用了ppt之后感觉上课速度加快了很多，有点跟不上，需要花一些时间课后好好琢磨。\n\n_3上课要求：就是最简单的作业+两次突击小测+期末考。我中规中矩，期末好好复习了，期末考试前半段的解微分方程有一个没有解出来，后半段的证明题瞎写了一堆，给分还挺不错的，符合预期了。\n\n_4总结：师强我菜，好老师，值得一选
125551,1550,张挺,2020-09-11 09:20:58,1,3,2,救命恩人！十分必须给足！
129687,1550,张挺,2021-01-11 02:28:54,-3,4,7,quiz上瘾了是不？
132005,1550,张挺,2021-01-30 02:26:22,6,7,1,呜呜呜，感谢张老师救命！\n\n老师上课有复习，课后有总结，小测比较多，算是扎扎实实给大家搞ode了！\n\n期末考今年比较简单，小测可以开卷，作业好好做。不知道有没有调分，但是已经很满意了。在前几天甚至觉得自己会挂科。\n\n另外，上课会被老师的戒指闪到，感觉老师很顾家！\n\n谢谢张老师！！！！
132659,1550,张挺,2021-02-03 07:24:31,3,3,0,我真的吹爆张挺！！！上课思路无敌清晰！声音洪亮！不会让人犯困！每节课会花一些时间复习上节课的内容，然后常微分方程的计算方法/奇点分析等等之类需要分类总结的地方都会讲的很清楚。就是不定期小测有点恐怖，但是都是开卷，可以翻翻笔记(如果来得及)。就是真的很好呜呜呜，谢谢老师和助教姐姐！
132916,1550,张挺,2021-02-05 02:51:02,1,1,0,挺哥的ODE不错，助教姐姐很负责，结课后看到钉钉群里助教姐姐亲手写的每次作业的解答，甚是感动。感谢挺哥！
133146,1550,张挺,2021-02-10 09:49:55,1,1,0,不错的
133222,1550,张挺,2021-02-19 07:56:58,1,1,0,上课有效率，不错
141306,1550,张挺,2021-09-29 07:26:15,3,3,0,非常好
144369,1550,张挺,2021-12-21 08:29:54,0,0,0,。 。。
145693,1550,张挺,2021-12-31 08:22:08,5,5,0,老师讲课是真的快，他写字比我记笔记和他说话都快不少。。。这一个学期讲得东西太多了，期末考前来评分吧，不管成绩如何，张老师在我这里都是十分。
148331,1550,张挺,2022-01-12 06:58:31,2,2,0,挺哥讲课底气十分足，不容易睡着，很好很好！！
148441,1550,张挺,2022-01-12 12:52:14,2,2,0,给分好，讲得好，助教也很好\n\n今年ode我有三个计算题没做完\n\n证明两题马马虎虎乱写\n\n最后给分超出预期
148928,1550,张挺,2022-01-14 03:26:54,1,1,0,老师讲得真的很好很好!期末真的好难，谢老师不挂之恩！
150648,1550,张挺,2022-02-09 06:51:07,3,3,0,老师期末好像没有调分诶……
151297,1550,张挺,2022-02-28 05:07:17,4,4,0,上课非常棒！对同学的问题讲解的也是十分到位，不过常微还是需要自己多花时间思考！收获很大！
153776,1550,张挺,2022-05-10 13:40:03,38,39,1,我是工科生，智云旁听了张挺老师2020年和2021年的常微分方程。\n\n\n\n2020年张老师对着蓝绿相间的PPT，讲课略显青涩，2021年张老师不用PPT，全程板书手撕各种方程通解推导，尽显大师风范。\n\n\n\n震惊于居然有老师竟然能在隔了一年的两次开课之间实现如此惊人的进步，心生敬意，特来查老师网给老师打10分。\n\n\n\n若我浙每位老师都有张老师这样的治学态度，世界一流指日可待。
162568,1550,张挺,2022-11-25 13:37:02,1,1,0,老师人很好，我太菜了
164551,1550,张挺,2022-12-21 21:23:08,3,3,0,lf交换代数 4.87/7人，zt 现代pde 4.55/8人，果然小班给分是真神
168703,1550,张挺,2023-02-21 08:33:46,4,4,0,挺哥教的很好，助教很负责，就是有点快
168704,1550,张挺,2023-02-21 08:37:00,6,7,1,老师讲得挺好的，助教gg也每次作业都手写答案发在群里（小测成绩挺不错的，结果寒假回来考试感觉大寄特寄，最后成绩竟然不错，属于被老师狠狠捞了）推荐推荐
168705,1550,张挺,2023-02-21 08:49:10,11,11,0,老师和助教都很好很负责，我自己期中考得稀烂（刚好60），最后期末大努力，结果没有太难看。个人感觉常微分方程真的蛮难的，还是得自己多思考啊
168706,1550,张挺,2023-02-21 09:05:11,5,5,0,ode分数好低…可能是真的没考好吧TAT
168720,1550,张挺,2023-02-21 11:18:54,4,4,0,给分太好了，感谢挺哥不挂之恩
168784,1550,张挺,2023-02-22 07:37:14,2,2,0,挺哥战斗力满满
169768,1550,张挺,2023-02-28 00:24:44,1,2,1,挺哥我的神！太捞了太捞了 捞王代言人 吹爆助教ydgg
171001,1550,张挺,2023-03-14 03:11:42,3,4,1,挺哥你是我的神！上课讲的好，平时又耐心，最后还海底捞！这样的老师哪里找？
173775,1550,张挺,2023-06-04 07:18:51,0,1,1,1111
177127,1550,张挺,2023-07-02 00:25:39,1,2,1,期末卷子出得牛逼，做得怀疑人生😇
180954,1550,张挺,2023-09-29 04:06:50,3,4,1,复变很丝滑
181182,1550,张挺,2023-10-11 03:27:22,1,2,1,强的一批
181777,1550,张挺,2023-10-31 09:36:01,-2,6,8,我喜欢他。
182556,1550,张挺,2023-11-17 11:42:55,-2,3,5,老师讲得很好，是我不努力，明天考试求过
183122,1550,张挺,2023-11-22 10:05:25,6,10,4,给分像勾石
183124,1550,张挺,2023-11-22 10:24:31,22,28,6,慎选。23秋是一点没捞。\n\n本人认真学习复习，然后喜提大学最低绩点
183132,1550,张挺,2023-11-22 10:51:45,18,22,4,复变给分真的无敌烂，应该就是平时分拉满之后，期末考按卷面分直接折算。如果试卷难度正常的话，我觉得选zt跟选其他老师没什么区别，因为复变通常本身就不难；但当试卷比较难的时候，选zt的同学就要忍受别的班被捞，而自己只能得到低绩点的痛苦。
183142,1550,张挺,2023-11-22 11:20:13,10,16,6,就这张卷子平时听没听有什么区别吗，平时好好听了，作业好好写了，复习认真复习了，这卷子能看出来吗？别的老师都在捞，您清高，您求是，但是有没有想过这样的绩点差异完全体现不了能力和学习情况，我们确实是来学东西的，但最后衡量我们的是绩点啊，现在居然变成运气以及选老师的眼光了……上课讲的和课后作业和这卷子是一个水平吗，，，，不得不说选上了真点背
183187,1550,张挺,2023-11-22 14:24:50,10,15,5,复变出分了 好奇楼下那个说喜欢他的现在还喜欢他吗
183192,1550,张挺,2023-11-22 14:54:00,9,16,7,1分不解释，头铁你就来
183203,1550,张挺,2023-11-23 00:07:32,4,10,6,非数院小朋友别被9.0以上的分骗了，老师不捞的靠
183215,1550,张挺,2023-11-23 01:35:37,17,21,4,23秋复变给分真的太烂了，烂出天际，一张期末卷面86％不及格的卷子一点不捞不调真的太夸张了，绩点是别的班的一半，避雷吧
183216,1550,张挺,2023-11-23 01:43:48,8,11,3,复变给分相当烂\n\n一点不调\n\n这是我最低的绩点
183219,1550,张挺,2023-11-23 02:06:24,5,7,2,给分太严格了吧
183410,1550,张挺,2023-11-25 08:09:23,-15,17,32,23秋复变4.8飘过，给个9分平衡一下
183563,1550,张挺,2023-11-27 11:27:53,1,5,4,老师给分很差很差，期中满分，期末被薄纱，最后只有3.3
183783,1550,张挺,2023-11-30 06:21:41,-15,12,27,菜 就多练\n\n不想学就别学\n\n数学是数学 工科是工科\n\n你要总拿工科专业课当数学专业课上\n\n哥们你怎么不来读数学啊
183798,1550,张挺,2023-11-30 07:10:03,0,5,5,一点不捞
183810,1550,张挺,2023-11-30 08:59:37,-19,6,25,工科的摆子ssw，真给看流汗了
183813,1550,张挺,2023-11-30 10:00:33,13,17,4,上的“挺”好的，但不捞，听智云就好了，没必要选他。选择和努力都重要，工科er选了他只能让你在考的难的时候获得一个低绩点，还要被数院的人ob一句，菜就多练
183821,1550,张挺,2023-11-30 12:19:27,-3,1,4,平衡一下
183842,1550,张挺,2023-12-01 04:06:23,24,27,3,捞人是情分不捞是本分没错，赞同\n\n但要是真的有的老师捞有的老师不捞，并且有足够证据表明在这个老师班的绩点能比别的班老师低一两档甚至更多\n\n那被喷我觉得也不冤
183938,1550,张挺,2023-12-04 06:45:19,0,4,4,讲课水平高，ph
184650,1550,张挺,2023-12-22 05:20:49,7,8,1,上的常微分，挺哥讲课非常简洁，经常“这个地方……（停顿）……是吧，啊……就是这样，就证出来了”我非常相信挺哥的实力，相信挺哥在脑子里过了一遍证明，但奈何我太菜了接收不到挺哥的脑电波。。。挺哥还是很贴心的，怕我们觉得上课太快了，专门不用ipad而写黑板。但是每次在挺哥讲得挺嗨，持续不停输出的时候，一看周围都在低头看书，看来大家都跟我一样不上挺哥的速度，我就安心了。当然挺哥还是很不错的，建议大家去选常微分方程，感受一下泥浙ode天花板。。上完大家都在感叹：厉不厉害你挺哥
185816,1550,张挺,2024-01-04 14:39:32,-1,2,3,挺哥ode给分不错，上课节奏很快。建议提前预习了过后全程跟着挺哥走。
188896,1550,张挺,2024-01-20 12:35:16,7,7,0,ODE爆炸了。总之还是来给zt老师评价吧，希望能给以后学ode的人一些参考。\n\n论讲课的内容和本人的知识水平，挺哥的优秀是毫无疑问的，毕竟是公认的ode top。但对于我这种菜鸡，挺哥的上课风格实在是太疯狂了。挺哥讲课很快这点，想必大家都不会否认。此外，私以为，挺哥的上课的「快」不是致命的，致命的是他呈现一种「匀速的快」，无论简单还是难都是同一个速度，会导致简单的内容走神，难的就听不明白的情况；再此外，挺哥上课的板书，很喜欢缩写、简写、跳写，他很喜欢talk through，而一旦出现口误，或者语速过快你不小心没听清，就会导致这一块的知识点全部疑惑的情况。正如另外的回答所说，上挺哥的课预习是很重要的。因为一旦你一个点没跟上，你就会一片都跟不上，这对专注度和理解力的要求实在是太高了，甚至不太给你思考的空间，你只能follow。当然大佬另当别论。\n\n论及挺哥上课的内容，绝对比看书充实很多，也融会贯通很多。所以我觉得挺哥的课最佳归宿是智云👉👈另外，挺哥似乎是小测喜欢拖课，这学期3次小测拖了2次课，所以两节的双周课后最好不要有别的重要的课。
189199,1550,张挺,2024-01-22 10:09:50,15,22,7,看到冬学期复变分数都那么高\n\n秋学期复变人真的要落泪了\n\n整个学期的努力，折戟于此\n\n\n\n还要被数院的人在98上阴阳\n\n😓
189526,1550,张挺,2024-01-25 07:50:54,1,17,16,看了98和评论，感觉数院人多少有点魔怔
197276,1550,张挺,2024-07-10 07:13:50,3,3,0,上了挺哥的3.5分ode\n\n教的挺好的，板书非常清晰，手撕计算也太强了！\n\nand表白助教gg呜呜呜\n\n当然给10分\n\n\n\nbtw提一点意见，期末适定性部分考查的太少了，并且考的还有一道CMC原题……希望加大这部分比例。
200527,1550,张挺,2024-10-18 09:05:11,2,2,0,这学期ODE课还没上完，先给老师10分，在我很艰难的时刻拉了我一把，让我久违地感受到了来自老师的温暖，这种感觉太陌生了，希望其他冷血的老师能向ztgg看齐。
206814,1550,张挺,2024-12-17 16:26:00,3,3,0,现代偏微分方程历史上课人数13，均绩4.64，计算可知总绩点60.3。估计应该只有5.0 4.8 4.5吧，那可能是没有5.0、6个4.8、7个4.5，或者3个5.0、1个4.8、9个4.5。\n\n希望下次开课（dream一手25-26秋冬就有）能有多点人选吧
210273,1550,张挺,2025-01-08 15:41:31,1,1,0,讲课很清楚，就是速度略快。因此我上课常常不听看智云。zt老师的授课水平10分。至于期末试卷，我只能说是神卷。
211979,1550,张挺,2025-01-13 03:18:56,5,5,0,上大学以来遇到的讲课最好的数学老师，各种手撕ode证明，讲课及其流畅。缺点就是可能速度略快，而且讲课会跳过一些他觉得显然的东西。给分看起来应该是捞了，谢谢挺哥
212574,1550,张挺,2025-01-14 08:22:41,5,5,0,老师讲课水平很高，给分方面我个人感觉比较求是，学的最认真的一门数学课最后总评在所有数学课里面是最低的，不理解为什么那么多人说给分好
213258,1550,张挺,2025-01-16 13:17:01,4,4,0,出分了，虽然不是很高但是还是来给张挺老师打十分！\n\n感觉老师对ode的理解很深刻，比如先讲偏计算的第四章再回来讲第三章的证明，这样为一些定理的结论提供了很好的例子，比如对一些重要的结论反复强调，张老师刚讲到第二章就提到了好几次Picard迭代序列，当时对它的理解很不深刻，但是老师在后面的讲课过程中多次渗透，到了第三章再证明的时候就很清楚了。\n\ncydgg也非常捞！\n\n就是大家上课前要预习一下，不然很可能跟不上......\n\n提升计算能力也很重要，期末考试大部分都是计算题，不要跟我一样算不完考后哀嚎.......
217933,1550,张挺,2025-04-18 06:41:56,1,1,0,挺哥我的神，无需多言，nb就是nb
218170,1550,张挺,2025-04-22 01:02:56,0,0,0,给了我满绩欧耶
218512,1550,张挺,2025-04-24 05:42:57,0,0,0,常微分1学分 89 4.5\n\n讲的蛮好的，课后答疑也很有耐心。\n\n但是好像感觉扣分比较狠（助教会扣作业分，考试感觉也比较求是）
218676,1550,张挺,2025-04-28 15:22:08,-1,0,1,3.9的ode，哭了，感觉给分是不是哪里给岔了，点名都在，考试的话和室友一校对也基本都对，最后这个分数还是有点失望\n\n老师当然是好老师，讲课条理清晰，几个证明和公式也都讲的很明白，例题也会当场手写讲解\n\n还是有点残念。。。。。。
220798,1550,张挺,2025-06-19 19:08:51,0,0,0,（复变）补个评价：背景23年复变，评价就是史中史（虽然可能要被踩，但是气是一定要出的）。目前为止都是最低绩点（大四也没啥课了），同学期只有一门课4.2，其他都在4.5以上。只有这门课2.7，无敌。早知道就不该学，等杨海涛老师开的班（亚运志愿者血亏）
221066,1550,张挺,2025-06-21 05:34:20,0,0,0,挺哥的课适合学霸学（老师是真强，我也是真的菜，经常一个点没搞懂后面就听不下去了），而且挺哥给分比较求是，对自己实力比较自信的可以来。（ode学习后期我都在看童姥姥的mooc（这是可以说的吗）
255,1551,金显,2015-03-14 23:18:43,34,65,31,喜欢的人说他讲得细致，不喜欢的人觉得他上课极枯燥没有激情，只是在念讲义，而我属于后者。上的是他的微积分I，有三节课的时候，很多时候撑不下去。
748,1551,金显,2015-03-16 07:36:04,16,26,10,好严谨的老师，讲得超级细
781,1551,金显,2015-03-17 02:12:07,0,6,6,念书居多，还有点口音……
1404,1551,金显,2015-03-22 01:48:15,159,184,25,上老师的微二 其实真的不是绩杀 老师很认真 讲得很仔细
1642,1551,金显,2015-03-23 05:16:55,7,13,6,很好很细致，讲得很清楚
1643,1551,金显,2015-03-23 05:20:13,5,9,4,容易睡过去，还是很不错的老公公。
1730,1551,金显,2015-03-24 01:05:05,6,9,3,挺仔细的
1789,1551,金显,2015-03-25 01:41:00,27,39,12,讲得细，但是容易困。会详细讲解例题，思路清晰
2171,1551,金显,2015-04-04 10:19:00,5,9,4,不错的老师
2438,1551,金显,2015-05-01 13:36:57,69,79,10,觉得金老师很严谨很有条理，至于上课睡觉哈哈，我觉得不是老师的过，是微积分本身。
2532,1551,金显,2015-05-04 13:34:39,13,20,7,感觉很喜欢老师的讲课方式吧。。。微二换了个老师不习惯。。。微三又换回来了。。。
2633,1551,金显,2015-05-05 01:53:59,4,10,6,很求是的老师，讲的很好，结合习题也会讲方法，虽然开始可能不适应他的口音，也被列为四大名捕给分不高，但是真心很赞
2672,1551,金显,2015-05-05 07:10:53,3,13,10,喜欢喜欢喜欢。比苏德矿好
2846,1551,金显,2015-05-08 15:18:03,0,5,5,老师讲课一级棒，微一蹭课，微二退了别人的选了他的，会补充很多课外的题目，不过我还是水了很多。。。
3788,1551,金显,2015-06-17 04:19:45,0,3,3,教的很仔细，认真，也不像某些考试说的话因为口音都听不懂
4036,1551,金显,2015-06-17 14:51:15,3,8,5,解题方法很明确，考得好的话真不是绩杀
4554,1551,金显,2015-06-24 11:07:41,0,5,5,上课讲的所有例题都是选的书本外的，讲的也很细致，很喜欢
4790,1551,金显,2015-06-29 01:59:47,0,2,2,仔细
4934,1551,金显,2015-07-01 07:15:16,0,6,6,很认真的老师，好好学真的不是绩杀
5591,1551,金显,2015-07-08 13:37:29,0,2,2,没有认真好好学微三 但老师还是给及格了 很和蔼的老师啊*\(^o^)/*
6693,1551,金显,2015-07-19 04:42:22,0,1,1,是个好人。
7711,1551,金显,2015-09-15 10:24:59,0,1,1,魔性老师
7878,1551,金显,2015-09-16 02:06:53,3,6,3,有比较才知道老师多好，选到的请珍惜，我旁听都觉得幸福(≧▽≦)
8378,1551,金显,2015-09-20 08:57:39,0,0,0,棒棒棒
9058,1551,金显,2015-10-12 02:37:36,0,3,3,认真有条理 其实并不枯燥 你仔细思考还容易睡吗
11544,1551,金显,2015-12-04 04:19:40,0,0,0,感觉是个好老师
11570,1551,金显,2015-12-06 07:54:06,0,2,2,仔细，认真，真心点赞
12019,1551,金显,2016-01-01 04:12:22,0,0,0,简直棒
12119,1551,金显,2015-12-22 02:15:15,0,2,2,真的很容易困，但讲解很清楚，不会跳跃式讲解，人不错
13104,1551,金显,2015-12-25 01:25:28,0,0,0,很喜欢
13676,1551,金显,2015-12-30 09:57:20,0,0,0,好好的
13848,1551,金显,2016-01-01 10:06:21,0,3,3,课讲得好，偶尔还幽默一下！
13904,1551,金显,2016-01-02 06:47:34,0,0,0,哈哈哈哈
13961,1551,金显,2016-01-03 05:22:22,4,9,5,认真听老师的课真的能培养很严谨的思维方式～
13977,1551,金显,2016-01-03 08:33:05,0,2,2,力推金显！
14268,1551,金显,2016-01-06 03:22:25,1,3,2,老师上课讲得很细 很有条理 至于绩不绩杀都不是重点 好好学就好了
14457,1551,金显,2016-01-07 07:07:21,27,35,8,金老师是良心好老师，讲的很仔细，很严谨，认真听超有收获的！题目全是自己找的，总结的详细而实用。很喜欢他，微二退了别人的课也选不上他，真是伤心~
14482,1551,金显,2016-01-07 08:33:31,0,0,0,好好好
14892,1551,金显,2016-01-11 00:41:02,-2,2,4,不是绩杀
14897,1551,金显,2016-01-11 01:35:58,0,2,2,微一老师讲的很好，微二微三都换成了金显~~
16414,1551,金显,2016-01-18 05:08:16,0,2,2,语气太 平缓了………
16567,1551,金显,2016-01-18 11:37:36,4,7,3,课很好，微一是他的，我有自己做作业，期末也有刷题，然后，就没有然后了，还是我太蠢T_T
17071,1551,金显,2016-01-19 14:18:58,9,21,12,绝对的绩杀啊，期末考多少就给多少分！一点没平时分啊！
17112,1551,金显,2016-01-19 15:10:29,13,38,25,请记住他不会调分 期末考砸了就是砸了  平常怎样都无所谓 水平有没有他不管 一考定输赢 没有平时分 慎选
17115,1551,金显,2016-01-19 15:16:48,0,2,2,有条理，有时也理解学生，不错
17361,1551,金显,2016-01-20 05:51:42,0,1,1,老师真心讲课特别细致、而且脾气很好！最主要的是，给分不坑的
18013,1551,金显,2016-01-21 06:02:15,15,26,11,对自己的实力有信心再选\n\n我说的是很有信心的那种\n\nps考得好肯定不觉得是绩杀啊 但是如果没考好呢 别的老师会给你调分 但他不会 也没有平时分 慎重
18307,1551,金显,2016-01-21 12:10:05,9,17,8,我觉得金老师这种考多少就是多少的做法很好（我考的并不高） 一方面是告诉你这学期你学的怎样 另一方面是警告你这学期学的怎样
18454,1551,金显,2016-01-21 16:00:48,7,11,4,问题是你想不劳而获还是想真正收获一点什么，如果是想不劳而获那么就是绩杀，
19380,1551,金显,2016-01-24 04:03:01,23,28,5,很有条理，有时下课还早，口头禅:麻烦死了
21098,1551,金显,2018-01-22 12:32:07,15,19,4,上课思路清晰有条理，从不拖堂，有时心情好还小幽默一下～而且认真负责。PS：老师真的不是绩杀啊
21397,1551,金显,2016-02-28 13:26:44,2,3,1,真是善良的老爷爷，重修狗期末考试还是考得不行，也仁慈地给过了。
21466,1551,金显,2016-02-29 02:52:19,0,3,3,数学需要严谨
22048,1551,金显,2016-03-02 07:23:47,0,2,2,挺好的 讲的很认真
22394,1551,金显,2016-03-04 05:53:58,2,4,2,金显一生推。好老师
22617,1551,金显,2016-03-09 01:10:20,0,1,1,备课仔细，讲课认真，思路清晰，好老师！
22636,1551,金显,2017-11-01 01:47:38,126,141,15,独创伪PPT教学模式，你值得拥有。
22872,1551,金显,2016-03-14 02:53:03,-3,2,5,昏昏欲睡
23164,1551,金显,2016-03-21 01:16:07,0,5,5,思路清晰，有补充例题和注意点，完全不是绩杀
23616,1551,金显,2016-04-10 07:12:09,3,4,1,仔细严谨
24232,1551,金显,2016-04-28 15:38:55,2,5,3,好 就一个字 好
24255,1551,金显,2016-04-29 03:05:36,-23,7,30,没平时分，讲得很仔细，有种莫名的萌感。你自己学不好别怪他绩杀，反正我满绩hh
24260,1551,金显,2016-04-29 03:31:12,4,4,0,给分任性。
24262,1551,金显,2016-05-05 00:01:56,12,19,7,欢迎入坑
24268,1551,金显,2016-04-29 04:15:23,6,14,8,老师很认真很仔细，课上都是用手抄的课件。可惜最终成绩不加平时分
24277,1551,金显,2016-04-29 04:59:15,5,9,4,老师讲的很细语调平稳，会补充很多例题，有高中老师的风格，但我觉得并不适合我…因为我通常撑不下去那么多节课，比较需要老师的激情带着听，容易犯困…另外…没有平时分QAQ
24378,1551,金显,2016-09-10 06:21:30,0,10,10,我微1 4.5的狼，微2在金显手里3.0，自己考虑吧，不吹不黑，真的绩杀。
24421,1551,金显,2016-04-30 13:32:38,4,8,4,真绩杀…我微1上4了 微2比微一低0.6´_>`欲哭无泪 一点平时分都不给
24437,1551,金显,2016-04-30 13:54:31,7,13,6,出分倒是快，因为没有平时分
24508,1551,金显,2016-05-01 01:26:30,0,0,0,挺细的
24539,1551,金显,2016-05-03 12:36:44,2,2,0,嗯。。。。
24623,1551,金显,2019-01-03 03:05:25,14,24,10,微一是张泽银的，结果微二比微一还低，讲的真的不错，但绩杀也不假。
24645,1551,金显,2016-05-03 01:09:07,4,7,3,讲课方面不绩杀，给分方面真绩杀。
24790,1551,金显,2016-09-10 06:21:59,-5,9,14,相当无聊  真不知道那些人在想什么  拿着以前写的纸一点点的往下挪 课堂体验简直为0！！！！！完全没有激情从来不给平时分，说的给分会好都是骗人的
24824,1551,金显,2016-05-04 02:18:50,-1,0,1,老师课讲得很好，并不觉得怎么绩杀，平时认真听考试好好考的话他给分不会低
24856,1551,金显,2016-05-04 05:25:51,3,4,1,不怎么喜欢
24868,1551,金显,2016-05-04 05:55:24,0,0,0,老师讲课棒棒哒，虽然有点凶
25366,1551,金显,2016-07-03 07:27:29,-6,7,13,不怕某些人骂。 抛开绩点来看，所有说金显大神讲课讲的好的人都是弱智。（认真脸，手动拜拜）
26522,1551,金显,2016-06-20 01:27:52,0,1,1,老师是极好的
26768,1551,金显,2016-06-21 05:20:23,0,2,2,讲得很有条理，思路清晰，然而自身数学素养太差。。
26957,1551,金显,2016-06-22 02:09:18,2,3,1,上课很细心，有充分例题
27132,1551,金显,2016-06-23 06:49:22,0,1,1,老师很认真，讲了很多例题，但是听老师讲课容易睡着。
27332,1551,金显,2016-06-25 02:41:23,0,1,1,显显老头冷幽默我很喜欢他。就是自己没好好学…\n\n
28306,1551,金显,2016-06-28 08:29:29,0,2,2,老师上课其实不错，但是没有平时分的话，成绩会差很多的。
29301,1551,金显,2016-06-29 14:43:15,1,1,0,听不进去
29747,1551,金显,2016-06-30 09:25:44,1,2,1,微三感觉考得乱七八糟的要挂了也没有很低。。。。老师上课就是讲题 我比较蠢感觉有点跟不上思路＠_＠
29753,1551,金显,2016-06-30 09:34:06,-3,3,6,讲课的思路清晰推理严谨而且注重细节 有经验有责任心而且有爱的老伯伯~微二微三都选了他的~最后一节课真的好舍不得~强推金显 真的能让人感受到大学老师的情怀  而且真的不是绩杀…我绩点低我学渣…给分很不错了已经
29754,1551,金显,2016-06-30 09:35:42,0,3,3,没有平时分，讲得不好…
29760,1551,金显,2016-06-30 09:40:21,1,3,2,超级杀
29826,1551,金显,2016-06-30 11:13:07,-5,4,9,老师讲课很详细，很有耐心，出分了也没有感觉绩杀。说绩杀的你们自己问问自己在微积分上花了多少工夫，整天想不劳而获当然每个老师都是绩杀。
29904,1551,金显,2019-01-19 17:20:15,-21,5,26,不给我高分我怎么给他高分
29914,1551,金显,2016-06-30 13:39:43,2,2,0,还不错，认真，但是有点古板
30059,1551,金显,2016-07-01 01:19:16,0,5,5,你们那些数学很好、考得很好、绩点很高的人别总以为别人都不用功。毕竟还有一些用了功花了心思也考不了你们那么好的人。你们都能考满还说什么绩不绩杀……金显老师讲课很不错(如果你不困的话)，给分的话我个人来看偏低。总体情况不明。
30557,1551,金显,2016-07-02 02:48:01,1,3,2,老师讲得很细，也很好，根本不是绩杀好吗
30966,1551,金显,2016-07-03 04:40:54,0,0,0,老师的那个讲话的调调没适应的时候真的感觉好催眠、、适应了其实讲的很好呀
32375,1551,金显,2016-07-06 10:09:40,0,0,0,讲的真的很细很好，经常补充课外习题。
33522,1551,金显,2016-09-20 02:16:57,-1,2,3,讲得知识很干，很适合理工科学生听。
33685,1551,金显,2017-04-12 03:56:00,26,30,4,金显画的真6！
34713,1551,金显,2016-10-19 03:30:42,-8,2,10,无聊到意识模糊
35673,1551,金显,2016-11-10 07:42:54,1,2,1,老师思路很清晰的，讲的也很细，真的很好
35910,1551,金显,2016-11-10 08:50:39,0,1,1,很好的
39050,1551,金显,2016-12-21 01:15:20,0,1,1,非常细致，听不懂的是自己不愿听。跟高中老师的风格很像，绝对算是良心老师，他的评分不上9？！不科学。
39464,1551,金显,2016-12-23 02:46:00,0,1,1,讲得还是很详细的，缺点是缺乏激情，有点让人犯困。总的来说教学还是不错的。给分目前没领会到。
43641,1551,金显,2017-02-27 05:01:22,-11,2,13,mdzz
43645,1551,金显,2017-01-16 16:33:24,2,3,1,一分没多给，就是考多少是多少。自己考了60果然就一科阵亡全科爆炸了。老师讲课很棒，考得不好怪自己笨，尽管我尽力了。老师的解答也是很耐心，满分!
43679,1551,金显,2017-01-16 22:45:59,1,3,2,独创纸质版PPT，一步一步讲给你，只要好好听，就没问题\n\n
43685,1551,金显,2017-01-16 23:19:52,1,3,2,讲课很好，但是给分。。。我考试感觉做的挺好的，分数还是很低。
43691,1551,金显,2017-03-20 01:01:05,2,3,1,讲得很清楚，很仔细，会强调一些概念上的误区，好好跟着老师能学得很扎实
43695,1551,金显,2017-01-16 23:46:02,0,0,0,个人认为老师讲课很棒
43697,1551,金显,2017-01-16 23:46:37,0,2,2,绩杀。
43699,1551,金显,2017-03-09 06:01:10,11,12,1,非常棒！！！真的，我上学期最后平时分都满了，真的不是绩杀！
43703,1551,金显,2017-01-17 00:06:10,11,12,1,给分略低，但讲课真的是踏踏实实讲，是一个好老师，怪自己不争气而已。有些评论说的话太难听......
43716,1551,金显,2017-01-17 01:09:47,0,0,0,认真严谨，上课模式独特，容易接受\n\n
43734,1551,金显,2017-01-17 01:52:38,0,0,0,好老师 喜欢
43835,1551,金显,2017-01-17 04:52:27,2,2,0,老师讲解很细致，讲得不快，能跟上思路。虽然自己成绩很一般，但是感觉金老师很好哒?。
44113,1551,金显,2017-01-17 09:38:53,0,0,0,老师上课上得是挺好的，就是自己不好好听课。还是祝老师新年快乐吧…
44152,1551,金显,2017-01-17 10:54:30,1,1,0,老师讲的很细致，好老师，不绩杀
44160,1551,金显,2017-01-17 11:05:13,1,1,0,靠自觉吧。老师讲的挺详细de
44442,1551,金显,2017-01-18 00:05:44,4,5,1,现在有平时分，应该都给满分，但考试不调分，出分贼快。
44908,1551,金显,2017-01-18 13:08:39,7,10,3,真心是好老师，讲的超级棒适合我这种没基础的人。每次上他课都做第一排正中间，笔记记了整整一厚本，课后作业也认真写，不过老师确实不给调分，最先出分，虽然我绩点3.0，但是我不后悔成为金老师的学生，学到了真东西，我的水平也就这样了。。。想好好学没基础的建议选，要是只看成绩还是慎选吧。。。
44936,1551,金显,2017-01-18 14:34:55,1,1,0,期末考没及格，但是平时分基本给满了，谢谢老师了。
45973,1551,金显,2017-01-20 10:24:24,1,1,0,金显不是?杀\n\n张培敏才是
46159,1551,金显,2017-01-20 23:46:44,-2,1,3,不适合我，平铺直叙，有些无聊，绩点2.几，看着办吧！找适合自己的老师！当然也是我辣鸡
47434,1551,金显,2017-01-26 10:03:21,0,1,1,老师讲课还好，重基础，就是拓展不够，听了特别特别让人瞌睡，要对自己有足够的信心，否则会挂的很惨……\n\n
47496,1551,金显,2017-07-03 05:12:48,9,12,3,哇，老师太好啦，期末也放了水，谁说是绩杀，成绩什么的还是靠自己吧！
47848,1551,金显,2017-02-26 09:05:21,3,3,0,讲得不错，但是讲课语调一致，让人听着听着就想睡觉。
49494,1551,金显,2017-04-17 04:06:44,2,2,0,清晰详细，有深度讲课
51417,1551,金显,2017-06-05 08:14:24,3,3,0,金老师很好
51986,1551,金显,2017-06-14 04:12:17,2,2,0,挺好的啊
55503,1551,金显,2017-07-01 16:15:48,4,5,1,语调一致让人犯困。其实用PPT更好。最后，讲课细致，备课和责任都做到位了。
55823,1551,金显,2018-05-16 03:11:23,-41,7,48,真绩杀！微二期末全做出来了  给我75分！这tm也是真狠了！不建微信群 什么都不知道 真是憋不住自己的脏话了
55863,1551,金显,2017-07-02 16:14:46,0,3,3,非常好的老师，本来考完试感觉微二挂了，没想到分数意外的高，应该是如果两次小测都是A（小测4道题，对三道就是A），而且作业都交的话，平时分就是100分。
55867,1551,金显,2017-07-02 13:53:31,-6,1,7,给他评一个我的绩点吧。\n\n
55891,1551,金显,2017-07-02 14:45:17,2,2,0,平时分都是给满的，或者平时分给的很好，从这一点看，老师不是绩杀。另外，金老师讲课讲的细，适合小白。微积分主要还是看自学，不能单看老师。
55915,1551,金显,2017-07-02 15:47:53,1,1,0,算是从良了，可惜考试太难外加不争气，算了\n\n
55951,1551,金显,2017-07-02 17:44:27,2,2,0,老师讲课用投影，没有PPT; 讲的挺细致的，会讲不少题。从这学期来看，老师可以摆脱绩杀的称号了，平时分给满，期末阅卷也像放了点水。
55971,1551,金显,2017-07-03 00:45:45,2,2,0,老师讲的很好，非常仔细认真，奈何我悟性差
55976,1551,金显,2017-07-03 01:02:16,6,6,0,好老师，不解释
55998,1551,金显,2017-07-03 01:37:54,8,12,4,老师讲课很细致，跟高中老师讲课差不多，会讲例题。平常上课都用的投影仪，不用ppt，也没有群和公邮，所以有什么重要的事一定要记住……\n\n平常也不点名。之前有人说是绩杀，没太看出来……因为查过程成绩，他平时分都给满了，考试成绩自然靠自己。
56440,1551,金显,2017-07-04 00:08:34,4,4,0,讲课略无聊  但是很细致  适合小白上课  给分也还好  平时分是满的  不是绩杀
56782,1551,金显,2017-07-04 15:25:50,-6,5,11,呵呵，绩杀。平时分不高，判的严，今年这么难还不会放水调分。其他老师比他仁慈多了！！\n\n最后让我挂了，就差一分
58071,1551,金显,2017-07-28 07:21:04,1,2,1,喜欢金老说话的口音~有时候还会悄咪咪吸一吸鼻涕~\n\n他不是油头叶教授~\n\n懂他黑历史的人都叫他金杀for sure~\n\n同学~你不要玩手机~\n\n等等他伪PPT翻过一面你跟不上来~\n\n只怕你挂得太快~\n\n明天还要来查老师收惊拜拜~\n\n选课的手~你要指向哪里~\n\n这里东二~102~金显~等你~\n\n我爱数学~数学爱我~\n\n对我来说张泽银算什么~\n\n我爱积分~积分爱我~\n\n对我来说苏德矿算什么~
58800,1551,金显,2017-09-18 01:53:11,0,1,1,特别好
59154,1551,金显,2017-09-20 03:38:55,0,0,0,好好好
60116,1551,金显,2017-10-11 03:27:25,3,3,0,前一天晚上千万别修仙。别看老师讲的似乎很慢很细，一走神你就漏了一大堆。
60205,1551,金显,2017-10-13 02:08:23,0,0,0,要是数学课都是他的 就很棒了
60511,1551,金显,2017-10-23 03:09:58,0,0,0,认真复习、认真做作业的话上课会觉得特别好玩的
63604,1551,金显,2017-12-08 13:19:36,-4,3,7,垃圾老师，上课讲的很烂，还不如自学
65828,1551,金显,2018-01-09 11:52:18,0,1,1,好困好困啊
69287,1551,金显,2018-01-24 12:00:02,1,1,0,上课节奏很好，给分也不错。
69317,1551,金显,2018-01-24 12:50:11,4,5,1,其实他真不绩杀 出的题目和考试题目很接近 比如这次倒数第二题他就上课讲过 总之很好的老师 改卷会给过程分 给他十分！
69489,1551,金显,2018-01-25 00:49:40,4,4,0,金老真的不是绩杀不是绩杀不是绩杀\n\n作业交了小测做了平时分就差不多给满了\n\n期末改卷有过程分有过程分有过程分\n\n真的很不错的老师\n\n感谢金老给了我一次重新做人的机会
69620,1551,金显,2018-01-25 05:38:55,0,0,0,老师讲的真的超级棒，教学计划规划地超级合理。真正的好老师。
70196,1551,金显,2018-03-10 12:10:32,0,1,1,感觉金老的评价有点两极分化啊。金老其实不是照搬他的伪ppt，他会把他认为关键的地方讲的很透。数学天赋好的人嫌他啰嗦可以理解，但是咸鱼抱怨课无聊我觉得没有道理。至于绩点的问题，金老不调分，所以考试难度上来了就比较呵呵，不过平时分一般是给满的，就这样。
72481,1551,金显,2018-01-30 08:19:57,0,0,0,老师上课很认真，很耐心，虽然可能有慢，但对于我这种渣渣来说真的很棒。还有，不绩杀，不绩杀，不绩杀，担心了那么久微积分会不会挂科，出成绩感动哭了，谢谢老师！
73901,1551,金显,2018-02-03 12:36:20,-3,1,4,老师很好，给分不错。传说中的绩杀也许是……
75007,1551,金显,2018-03-07 03:24:42,0,0,0,有高中学习的感觉，很好
75891,1551,金显,2018-03-21 04:23:56,0,1,1,讲的挺慢挺细，很适合我这种学渣。。
77401,1551,金显,2018-05-05 11:06:04,-5,5,10,一副霸道样子，狗屁
78811,1551,金显,2018-05-15 09:04:40,1,8,7,谁说不是绩杀的？？？？？？别的班九十分以上二十个我们班八十以上没几个。是您教的菜还是您给分菜呢？？？？回答我啊？您选哪一个啊？？？？？
78820,1551,金显,2018-05-15 10:11:54,6,9,3,强烈推荐，上这个老师的课可以一换五。至于能不能考好，看你自己本事，反正我不能[逃]\n\n点名，测试都在习题课，每周多出大把的时间
79085,1551,金显,2018-05-22 10:35:45,2,6,4,微2甲 改后的上习题课 提前排雷 助教很坑 期中助教自己改的卷子 很严很难肥肠严 跟别的普通班大概有5-10分分差 跟给分好的班有10-20分差 80以上5个 反正我看几乎全是40 50 60的 再一问别的班成绩真的呵呵 小测改成习题课上测 并不是给满 看做出来(完全做对一点不差)的题 每次点名 助教很… 但真正…的是老师的给分制度 我是菜 但我请不要差异化这么大好吗 请求一个公正
79545,1551,金显,2018-06-09 01:28:53,2,2,0,老师上课节奏比较慢，但是例题很有价值。喷助教批卷没有意义，期中卷又不是助教一个人批的，打铁还需自身硬。我觉得分数比较真实，不知道调分是什么操作。
80383,1551,金显,2018-06-26 01:47:37,7,9,2,金显牛逼！
80683,1551,金显,2018-06-29 05:47:56,2,2,0,讲的很细致，鸭口笔行列色(Jacob)是坠吼的(
80806,1551,金显,2018-07-01 09:06:29,6,8,2,老师讲课很慢，对我这种睡眠不足的人很容易催眠但讲真有时认真听也是蛮好的\n\n助教姐姐好看声音好听就是批卷太严也太毒舌了....
81109,1551,金显,2018-07-04 02:55:54,2,3,1,老师真的很好，思路清晰，细致，能通俗地讲到原理的深度，让我喜欢上了数学，我很喜欢这个老师，也很喜欢陪伴了我整个大一的微积分:)
81922,1551,金显,2018-07-06 13:19:22,0,1,1,讲得很仔细～认真听的话很受用
82051,1551,金显,2018-07-07 02:53:41,1,2,1,感谢老师的师生情给我那么多平时分让我及格。。。虽然我感觉自己期末考的不错但是分数有点吓人，还好老师给了一堆平时分没让我挂
82060,1551,金显,2018-07-07 03:57:48,0,1,1,平时分还行 毕竟我第二次小测c\n\n老师讲课挺好的 期末考能上70真的还行\n\n毕竟平时都不听课 就听了最后一堂
82079,1551,金显,2018-07-07 04:54:14,0,0,0,谢谢老师的平时分让我这个期中期末都炸裂的人还能及格（痛哭
82112,1551,金显,2018-07-07 06:48:50,2,2,0,老师讲得超细超清晰，字也很好看，例题简直好评，难得的好老师
82182,1551,金显,2018-07-07 10:41:42,0,0,0,其实平心而论，老师给的平时分差一点就满。但期中期末不调分就有些难过，大佬不说什么。但对于我这种一般的咸鱼，真的和其他班差很多。期中人家班上八九十一堆，我们班就五个？我室友的调过后的期中是我班上top3。。。\n\n讲课很细致，而且早八的课七点五十第一排还有座，对起不来的孩子很友好。\n\n总之，讲课水平不差，给分自行体会
82256,1551,金显,2018-07-07 15:03:48,3,3,0,金显老师真的讲例题讲得特别仔细，期末考试前还有一次课讲了历年卷子，然后从来不查人，特别棒的老师！！一定要选，不要错过！！！
82417,1551,金显,2018-07-08 06:47:42,4,6,2,节奏很慢...讲课的语速，伪PPT上挥动着的笔，很容易让人犯困...但是睡一会起来后会发现还在讲同一个东西！
84745,1551,金显,2018-07-13 17:14:38,1,1,0,讲的很细致。好老师
84973,1551,金显,2018-07-14 17:54:42,1,1,0,老师很好的
86953,1551,金显,2018-09-19 13:58:07,2,3,1,困zszs
87682,1551,金显,2018-10-10 04:00:47,2,3,1,困?
87820,1551,金显,2018-10-15 04:26:29,0,0,0,严谨踏实
88720,1551,金显,2018-11-06 12:33:09,0,0,0,很细心，也很耐心，速度不快。
88923,1551,金显,2018-11-12 10:51:05,4,5,1,不如自学课本
91525,1551,金显,2018-12-12 13:58:06,0,1,1,又详细又耐心又全面
91552,1551,金显,2018-12-13 04:48:45,-1,0,1,美妙动听
92849,1551,金显,2019-01-05 07:18:31,2,3,1,很无聊，容易睡着\n\n平心而论老师人品很好，手指受伤缝针还在给我们讲课\n\n但是真的一般般，感觉和自己看书没区别
93925,1551,金显,2019-01-14 10:13:32,-1,1,2,困啊。。
94641,1551,金显,2019-01-17 13:32:40,-1,1,2,无聊无聊金银双杀可不是闹着玩的
95559,1551,金显,2019-01-19 15:16:40,3,5,2,没让我挂科
95572,1551,金显,2019-01-19 15:44:31,9,11,2,鬼的绩杀，上的金老师的微一，平时分小测90，到课99，基本都满了，只是自己最后期末太菜，好老师！
95575,1551,金显,2019-01-19 15:48:12,8,9,1,金老师超级好呀，助教小姐姐也超级好超级可爱，讲课不点名，然后平时分给的很高，让我一个期中考30多分的人都没挂科，超棒的老师！！
95576,1551,金显,2019-01-19 15:48:23,6,6,0,老师上课讲的非常清晰，手写投影也非常清楚工整，都怪我自己不努力，没有好好学习，但是老师和助教学姐真的超级好，没有让我挂科
95577,1551,金显,2019-01-19 15:48:26,2,2,0,还不错
95578,1551,金显,2019-01-19 15:48:31,2,2,0,老师很仔细，人很好
95579,1551,金显,2019-01-19 15:48:53,5,5,0,爱金老师！！爱超可爱的助教学姐！出了分的我感动想哭。平时分除了期中全给满，如果说有什么差别，我想那大概是平时分0.3的差别哈哈哈哈…至于期中，只占15%的成绩比例真的拯救我！老师上课很细致很喜欢金老师！十分！
95582,1551,金显,2019-01-19 15:50:22,10,12,2,老师讲课很仔细，很严谨，微积分这种学科，最后成绩都是看自己的真实水平，老师都是实打实的给分，只要你真的认真学了，该做的都做了，成绩不会差，老师很好，没有绩杀这一说的，为金老师打call！
95584,1551,金显,2019-01-19 15:50:48,14,17,3,（很无聊，容易睡着 平心而论老师人品很好，手指受伤缝针还在给我们讲课 但是真的一般般，感觉和自己看书没区别）这是我之前的评价。\n\n今天出了期末考试的成绩，我再来追评\n\n我的期中期末考试都没及格，\n\n但是！\n\n老师给我平时分、小测分都几乎满了！\n\n我没挂科！我过了！居然没挂科！\n\n金老师真的不是绩杀，不是绩杀\n\n金显老师的大恩大德永生难忘！\n\nps微积分虽然难但是一定要好好学
95585,1551,金显,2019-01-19 15:51:11,3,3,0,老师人超级好!!给分好讲课细致!
95586,1551,金显,2019-01-19 15:51:43,4,4,0,啊啊啊啊感谢老师不杀之恩\n\n真的很对不起老师经常上课睡着了抬头对上您的眼睛
95588,1551,金显,2019-01-19 15:51:55,3,3,0,金老师和麦斯威更配哦(´-ω-`)
95589,1551,金显,2019-01-19 15:52:10,2,2,0,老师真的讲得很好 一点都不绩杀
95590,1551,金显,2019-01-19 15:55:05,2,2,0,金老师简直是男神！讲课很细致认真，平时分基本都给满了，超棒！
95591,1551,金显,2019-01-19 15:55:41,2,2,0,吹爆金老师，给分超仁慈
95592,1551,金显,2019-01-19 15:55:57,1,1,0,太棒了！平时分给的好高！我这么菜都没挂！谢谢老师！谢谢助教！
95596,1551,金显,2019-01-19 15:57:50,3,3,0,老师的课非常好，时不时还会说一些轻松的段子活跃一下气氛，教学模式很有个性，是一个非常非常好的考试，我这么菜的居然都没有挂科，太感谢老师了，平时分给分超级赞哦。
95599,1551,金显,2019-01-19 16:01:54,7,9,2,上的金老的微甲I，上课总做靠近他第二排还玩手机真的很对不起他(总被时不时盯两眼)。。。期末两道题(10分)不会做随便写了点，最后4.5，肯定像高考仔细找得分了，感动！伪PPT感觉讲的很详细，把书上有些晦涩的话提炼翻译出来，真的很强！感谢金老师~
95600,1551,金显,2019-02-25 00:49:15,-60,7,67,他给了我98，抱歉我只能给他10分，夜月明同学在此感谢金老师
95602,1551,金显,2019-01-19 16:04:37,3,3,0,老师挺好的，讲的很详细，不是绩杀，别信前几年的评论
95604,1551,金显,2019-01-19 16:05:05,3,3,0,老师讲课很细致严谨，助教学姐也好严谨好棒，非常有逻辑，平时分给分超级好，微一微二都是他?
95606,1551,金显,2019-01-19 16:07:13,3,3,0,上课真的很仔细啊，也会讲一些书上没有的习题，不会特别难。金老师上课不会有太多拓展的东西，但基础一定会打扎实。有时候还会吐槽一下教材和考卷哈哈哈。
95608,1551,金显,2019-01-19 16:09:04,4,4,0,真的不是绩杀!真的不是绩杀!\n\n平时分占比例高而且给分很好\n\n期末考试当然全凭自己了\n\n但是和曾经说的不一样\n\n老师上课很好 而且不是绩杀（重点）
95612,1551,金显,2019-01-19 16:13:13,4,4,0,太妙了 感谢老师大恩大德\n\n谢谢老师 谢谢助教学姐
95615,1551,金显,2019-01-19 16:14:02,4,4,0,感谢老师让我不挂\n\n虽然真的很催眠但是讲课质量是真的好\n\n画图超厉害 正经地搞笑\n\n伪PPT教学 认真负责\n\n
95616,1551,金显,2019-01-19 16:14:56,6,6,0,这学期微一听过别的老师的课，对比下来金老师表达清晰，内容完整，节奏很舒服的，笔记强迫症一本满足。（上4感恩～）
95617,1551,金显,2019-01-19 16:16:00,5,6,1,男神金老 把我从挂科边缘救了回来  自己菜 老师很好  大恩大德没齿难忘
95624,1551,金显,2019-01-19 16:24:03,4,4,0,10分不解释。平时分很稳，明显调过分了。冬学期明显没有秋学期认真，感谢老师不杀之恩，今后会脚踏实地日日清的
95645,1551,金显,2019-01-19 22:39:02,3,3,0,平时分真的高！其实学的不是很好，没有挂科，谢谢老师！
95656,1551,金显,2019-01-19 23:17:31,2,2,0,听他的课就感觉踏实
95657,1551,金显,2019-01-19 23:40:01,4,4,0,是很好的老师，上课会很耐心的讲题目，而且是一步一步讲，比较忠于课本。就是有时候真的很好睡，，而且微甲拓展思维和题目的比较少，如果微甲想拿高绩点还是要自己下挺大功夫。是很好的老师，上4真的挺开心的ε-(´∀｀; )
95658,1551,金显,2019-01-19 23:43:01,3,3,0,平时分给的很高！是好老师
95670,1551,金显,2019-01-20 00:32:13,3,4,1,大爱金显老师和助教学姐，老师讲课敲级有耐心的，而且学姐总会在麦斯威等着迟到的作业本，很对不起老师这学期没好好学，但老师还是让我过了，还好下学期依然是金显老师的微二（自己偷偷换的，嘻嘻）老师，下学期再见哦(´-ω-`)
95673,1551,金显,2019-01-20 00:34:08,4,5,1,老师讲的很认真，平时分给的也很高，可惜我被卡绩了，但还是很感谢老师，还有助教学姐超可爱，人超好，给老师十分。
95679,1551,金显,2019-01-20 01:16:55,2,3,1,绝对不是绩杀，拿头保证
95681,1551,金显,2019-01-20 01:21:42,1,2,1,太好了没有挂科！
95688,1551,金显,2019-01-20 01:38:57,0,1,1,严谨而认真，给分很好
95716,1551,金显,2019-01-20 02:32:06,-1,1,2,金老师真的好
95727,1551,金显,2019-01-20 02:48:18,1,3,2,讲得比较清晰。但有点慢，让人想睡觉，睡过去之后醒过来还是在讲那个。\n\n不绩杀。
95728,1551,金显,2019-01-20 02:49:13,1,3,2,唉，被卡在线下的孩子很伤心。虽然自己的确学得不怎么样，但是老师真的铁面无私啊，拉一把是不存在的。我习题课也没缺作业从来不迟交平时分还是扣了，不过上课讲的也不错，很仔细，可能比其他班级稍稍有点慢。
95736,1551,金显,2019-01-20 03:02:41,0,3,3,这是高考命题组组长?
95745,1551,金显,2019-01-20 03:31:01,0,2,2,老师给分很好，平时分都满了，小测考的很差分数都很好，老师讲的也很好吹爆
95793,1551,金显,2019-01-20 05:10:22,1,2,1,这么说吧我大一上很不乖冬学期没上过课只学到了微分最后期末也没预习抱着必挂的心甚至不想去考试结果被室友拖去（这样！我都没挂！）所以很感动了平时分几乎给满了！期末凭着高中的基础写了一些积分～还是很不错的！下学期还是金老师很开心～～
95874,1551,金显,2019-01-20 07:11:20,-6,0,6,老师平时分给的超好的orz感动哭了竟然上4了 谢谢老师谢谢助教
95937,1551,金显,2019-01-20 08:53:31,-1,1,2,老师再也不是传闻中的绩杀了！平时分超高！上课超详细！(就是有点困(இдஇ;))有时还会一本正经地讲些很有趣的东西，助教学姐超可爱！
95959,1551,金显,2019-01-20 09:28:28,-1,0,1,感觉不错
96253,1551,金显,2019-01-20 15:13:12,2,3,1,可能我不太适合老师的风格吧 渣渣文科生 讲定义什么的听着实在有点困（我尽力了）不过讲例题什么讲的挺好的 基本靠自己吧 老师真的是好老师 讲的也很细 有很多自己的内容 不过我太弱 期中期末也仅仅是没挂科而已...真的还是自己要好好学（flag）\n\n划重点！！！老师的平时分给的挺不错的，是个可爱的老公公！谢谢金老师了
97758,1551,金显,2019-01-22 15:19:02,0,1,1,还不错
102250,1551,金显,2019-01-31 15:19:41,2,3,1,讲课比较细致，助教学姐不错
103489,1551,金显,2019-02-28 11:48:18,0,3,3,老师上课上的很仔细，例题有很多，但是语调有点小催眠，给分很好，助教小姐姐炒鸡? ，微积分群里还有夜月明这种dl，很有意思！！！\n\n
104800,1551,金显,2019-03-28 02:59:27,1,2,1,真的很好~讲东西很慢很细致~很喜欢的老师了~而且不点名
105561,1551,金显,2019-04-17 00:46:21,2,3,1,“这个就是这个”\n\n我觉得有点可爱？
105688,1551,金显,2019-04-18 11:59:49,-1,0,1,金金金
105749,1551,金显,2019-04-19 16:44:51,0,1,1,就。。很棒
109206,1551,金显,2019-07-01 03:37:56,8,10,2,给了老师9分，纯粹因为他讲的很好\n\n但这边我还是想讲讲其他方面的不满\n\n其实当初敢选金显几乎已经可以说做好挂科的准备了，但学期末发现学分不够可能领退警所以还是努力年了下，虽然最后苟过了但是分数是真的差。\n\n今天助教说没调分是因为老师不准，心疼本班助教xjj，并且对老师的做法不甚理解，如果期末难度比这学期期中难一些不调分那当然没问题，可是这次考试太难了（客观上来说，学校几乎没有90分以上的人）。\n\n不调分对我们这些已经苟过的人也就是绩点的问题，但对于那些挂科的同学来说就是直接少了5学分啊！希望老师还是放宽点，给那些有努力但运气/实力不够的同学一条生机吧
110522,1551,金显,2019-06-27 09:16:11,0,1,1,很困   但是老师讲的真的很仔细 跟着老师真的能学到好东西
110952,1551,金显,2019-06-30 15:19:40,4,6,2,助教小哥哥 数院最帅?
111136,1551,金显,2019-06-30 04:26:26,5,5,0,讲的很细是很好   但是真的不调分
111141,1551,金显,2019-06-30 05:13:24,0,1,1,我真的很喜欢金老师！期末没考好但是也没卡，拿了正中间的75…下次再来哈……
111149,1551,金显,2019-06-30 05:50:39,-1,0,1,老师很好啊，讲得很仔细，慢慢的，虽然我两次小测都写得不好，但平时分也将近满分
111156,1551,金显,2019-06-30 05:57:08,2,3,1,老师讲课很基础，很不错，也很风趣
111157,1551,金显,2019-06-30 05:57:57,8,8,0,完全不调分，试卷难就绩杀本质了
111189,1551,金显,2019-06-30 12:15:53,8,9,1,课一般般，内容全面。但是不大喜欢全程严肃的气氛，这样的气氛效率真心不高。而且提醒一下，绩杀是真的（dl请绕道），还是要选一个给分好的老师才靠谱，卷子难度和改卷松紧不同，不要轻易高估自己！
111204,1551,金显,2019-07-02 05:47:42,7,8,1,。。。
111323,1551,金显,2019-09-11 02:12:06,4,11,7,?杀不解释 谁选谁知道
111503,1551,金显,2019-07-01 23:34:49,-6,0,6,给金老师9分。老师上课讲的很细很认真，虽然有点犯困但例题什么的都挺棒的。期末成绩自己觉得和预期得差不多，确实是期末考试考多少就是多少，没有调分，我觉得这只能说老师给分客观，谈不上绩杀。而且貌似现在已经不存在调分的操作了？还是多加油一点吧?。
111522,1551,金显,2019-07-02 00:59:04,0,4,4,很喜欢老师呢，首先最重要的是讲课对数学不好的忍很友好，认真听就可以听懂，其次老师也很负责，助教小哥哥也很好，还会发红包哈哈哈。当然最后绩点不高怪自己吧，毕竟大多数分数还是靠自己。
111557,1551,金显,2019-07-02 02:58:03,-4,3,7,好老师 课轻松很多
111581,1551,金显,2019-07-02 04:48:29,1,3,2,?杀，助教cjhxgg人超好，感谢助教
111589,1551,金显,2019-07-02 06:00:50,9,13,4,这么高评分是他自己找人刷的吧？
111595,1551,金显,2019-07-02 05:44:10,9,11,2,不仅不捞人，还踹人…
111596,1551,金显,2019-07-02 05:44:15,7,10,3,不仅不捞人，还把人踹下了及格线
111700,1551,金显,2019-07-02 14:50:23,3,11,8,我不明白为什么那么多人因为不调分对老师表示不满，已经有助教说明过了调分都是臆测，微积分期末都是统一阅卷，卷面是不可能改分的，期中考试也是定死了的，只能在平时分上调高一点，这个情况对每个老师都是一样的，不是说只有金老师不调成绩。这样一来，我并不认为会有同学因为被多扣了平时分挂科的。其实想说的是，老师调分是情分，不调分是本分，自己对自己的水平和付出没有数吗？成绩出问题唯一能怪的人只能是自己。今后共勉吧。
117134,1551,金显,2019-09-19 23:17:40,0,2,2,\n\n给十分吧，老师特别用心，但特别困。大不自多（大不了自己多学些吧）。
117309,1551,金显,2019-09-23 01:42:48,0,1,1,老师真的很认真负责，讲的很细致（虽然可能一二堂会犯困），重要的东西会强调好多遍，给以后微积分学习打了很好的基础！
120384,1551,金显,2019-12-02 03:22:31,2,2,0,困死了
120662,1551,金显,2020-01-14 22:31:43,2,4,2,讲的还行 但是老师可能是真的不会用电子设备，分都不给调的吗...
120691,1551,金显,2020-01-15 09:49:10,-1,3,4,【微积分（甲）】课有点无聊，期末无调分，平时分几乎给满，感谢老师捞我
121291,1551,金显,2019-12-23 11:48:33,-1,4,5,系统叫我至少写三个字。好吧，我就写三个。金显推。
121851,1551,金显,2020-01-22 14:24:56,1,2,1,老师讲的很仔细，很容易听懂，但可能会犯困，期末好像不调分
123458,1551,金显,2020-06-09 04:15:51,-5,2,7,可以的，疫情期间许多老师可能不适应，但金老师用制作的手写PPT，讲课很清晰，教学效果很好。
125093,1551,金显,2020-09-07 06:34:03,-4,8,12,怎么说呢，这个老师配不上9分以上，六七分比较适合他。水平很高，但讲课就是在念，催眠效果不错。\n\n但过程成绩不能查，成绩组成不透明，有同学想问问卷面分数，想知道自己为什么得这个分，怎么了？就直接在群里开怼？我就是很菜，但这老师真的头一次见，呵呵。教学班成绩不理想，在学生身上用了多少心自己心里没数吗？
125210,1551,金显,2020-09-03 16:00:35,10,10,0,嘲讽学生怎么说？
125211,1551,金显,2020-09-03 16:05:49,13,20,7,考试成绩低无所谓，自己学没学习自己清楚，无话可说；不调分也无所谓，顶多成绩难看点，至少保证从挂科里捞起来了。可是：“考试卷子都是统一批的，有什么好查分的？做一个浙大学生天天对那点分数计较，也不看看自己都学了什么”，tm几个意思？成绩高低和想看分数有关系吗？和想知道自己各个板块的得分有关系吗？我tm不计较分数我干啥要学你这破玩意啊？学生不计较分数，只看学到什么？这tm哪个人信啊？就算我期末均绩被严重拉低了（我就是没学习），我也不会如此动怒（毕竟及格万岁的心里），但是难道想看看分数有错吗？再说了，就算计较得分，你又不批卷子，和你有个毛的关系？凭什么想看看分数要被这么指责？
125213,1551,金显,2020-09-03 17:40:11,9,10,1,总评分如同期末分，撑死捞到及格，有时候还会踹人，就是这么有原则的好老师，因为坚持原则还会挖苦并没有违反原则，什么都没有做错的学生。可惜这样的老师我不能接受
125230,1551,金显,2020-09-04 05:30:39,6,7,1,上课不困的是神仙吧。。不调分，给分算不上差，中上游同学建议绕路，不然以为自己能被调满结果只是一般就很难受。
125235,1551,金显,2020-09-04 06:59:38,7,8,1,lj nt ex
125245,1551,金显,2020-09-04 11:22:41,9,10,1,就期末这回复凭什么9.5分 5.9我都嫌高
125311,1551,金显,2020-09-06 09:15:59,10,12,2,冲他在期末的那段群发消息就给他打1分，平时分也扣的离谱
125342,1551,金显,2020-09-07 06:24:10,-6,5,11,老师虽然严格，而且有时候讲话有点冲，但是实际上微积分就是自己考出来的。讲课条理清晰，就是有点容易催眠。
126310,1551,金显,2020-09-22 06:37:02,3,4,1,上面说成绩不透明的，我也不知道是怎么回事，但是我上I的时候小分是可查的。
126818,1551,金显,2020-10-21 08:28:37,8,10,2,不会吧不会吧，难道这么多学弟妹都没有学长姐提醒他们微积分的金银二老吗？不说了作为被坑过的我现在学习心态很好，每科只求及格
130609,1551,金显,2021-01-24 02:52:26,3,3,0,老师人超好，也会捞人的！可能会有点催眠，但真的很细致啊喂。
130613,1551,金显,2021-01-24 03:06:57,2,2,0,我觉得这门课的最终成绩和助教关系更大，不应该用绩点来评价老师。单从上课方式来讲，老师用投影仪，相比ppt更能体现数学特色，对后排同学十分友好
133687,1551,金显,2021-03-03 23:09:11,1,3,2,挺喜欢他的自创PPT，而且平时分几乎是给满的
135398,1551,金显,2021-05-10 00:16:06,3,6,3,请问这老师是急着退休吗讲课跟赛跑一样，笔记党原地去世
137408,1551,金显,2021-07-04 03:17:43,0,0,0,老师很好啊！讲的真的很细致！而且助教也特别棒，金老师在讲课方面比我去年的某高分微积分老师精彩多了！选到就是赚到
137462,1551,金显,2021-07-04 09:02:58,3,3,0,金显老师真的很好，上课用的是A4纸伪PPT讲解，虽然课后无法用PPT复习，但是老师上课讲解的例题都很具有典型性和深度。老师可能讲课有些枯燥，但是老师讲的很到位，小测出的也很有深度，可以加深对于书上概念的一些理解。助教小哥哥人也很好滴，善解人意。总之，特别好啦！
137466,1551,金显,2021-07-04 09:27:51,3,3,0,助教天成哥哥天下第一！
137467,1551,金显,2021-07-04 09:29:54,1,1,0,课件是用A4纸，很清楚，讲的其实很好，只是我被卡了，很难受。
137606,1551,金显,2021-07-05 09:11:39,4,4,0,老师讲的很认真很细致（就是语速有点催困hh）。另外，吹爆rtc助教xgg！助教老师人超好的！！！
137854,1551,金显,2021-07-06 11:12:10,1,1,0,感觉给分挺好的，不像之前说的那么恐怖
138223,1551,金显,2021-07-08 04:07:19,3,3,0,讲得很细致，10分给助教
138592,1551,金显,2021-07-10 02:43:52,4,4,0,老师的伪ppt讲解让我这种基础不好的同学也能听的比较清楚，也会找几道典型的例题给我们加深印象，虽然有时候讲的有点快，但是课后再去复习也能搞清楚，强推。\n\n给分方面：给分相当不错，完全不绩杀。\n\n最后吹爆助教rtcgg！
139397,1551,金显,2021-07-15 06:07:59,5,5,0,好\n\n别被之前的评论吓到
139721,1551,金显,2021-07-21 08:21:45,1,1,0,从来不点名 给分特别好 选就完了
142774,1551,金显,2021-11-16 04:19:58,1,1,0,上课很认真啊，感觉对考试看得很轻\n\n很喜欢他
145463,1551,金显,2021-12-30 01:11:22,2,2,0,好，不点名，对考试态度很轻松。冲！伪ppt真的好可爱哈哈
145939,1551,金显,2022-01-04 13:36:05,1,1,0,选就对了
146433,1551,金显,2022-01-06 14:51:39,1,1,0,很好的老师
146441,1551,金显,2022-01-06 14:56:03,4,4,0,金老师好人啊！平时上课从不点名，给分超好，没有慕课，作业我们助教说写了就好，平时小测也挺照顾的，讲的更是没得说，非常好！真希望继续在老师的课上学下去！
146456,1551,金显,2022-01-06 15:08:06,1,1,0,金老师怎么说呢，听他的课很犯困，尽管他讲得很干货，可能是因为语调很平没有激情吧。但是老师捞人很给力呜呜呜
146457,1551,金显,2022-01-06 15:12:05,4,4,0,老师讲课很认真，手写的讲义，其实上课犯困是课本身的原因，老师真的很用心的在讲，人也很好，会捞的，助教rtc哥哥很好，会很认真的回答你的问题，甚至还会给你找类似的题目，不是绩杀！选！
146459,1551,金显,2022-01-06 15:14:58,4,4,0,金老师真的好棒~助教小哥哥也好好，上课虽然会用投影仪上课，但是老师真的讲的很认真，助教小哥哥也真的好温柔，我哭死。
146894,1551,金显,2022-01-08 02:48:46,2,4,2,满绩了 哈哈
146999,1551,金显,2022-01-08 11:10:40,3,3,0,金老师退休快乐！\n\n上他的课真的很有收获（20年上的微1现在才想起来评价= =
147349,1551,金显,2022-01-09 15:54:18,2,2,0,怎么说呢，很慈祥的老师，但是确实不会捞感觉，很求是反正。然后也不点名平时。但是有一个点我不是很喜欢，就是出分之后我想查期末卷面成绩，结果被拒绝了，我挺不理解的，其他课的老师明明都能查。\n\n助教rtc哥哥很棒！！！
147798,1551,金显,2022-01-11 01:10:30,4,4,0,老师很慈祥，伪ppt+比较慢的讲课速度对大部分学生还是蛮友好的，讲课不错，给分求是，毕竟vjf主要还是靠自己努力啊！好像老师快退休了，祝好！
147885,1551,金显,2022-01-11 05:40:48,1,1,0,金老师人好好，上课不太快但是很清楚，从来不点名，作业助教xgg也说交了就行。虽然好像不太捞人，但是毕竟是我自己没考好，老师还是好棒，rtc助教小哥哥也好棒！
147978,1551,金显,2022-01-11 08:44:15,2,2,0,金老师讲课蛮好的我觉得\n\n很适合做笔记\n\n就是可能确实容易犯困\n\n因为老师讲的是比较缓的\n\n蛮可爱的老师
148911,1551,金显,2022-01-14 02:37:28,13,13,0,无意间在退休教职工名单上看到了金显老师，来评论一下。\n\n很可爱的老师，讲课有些慢，手写的教案和小测题目，字很好看，画图也很令人舒服，思路非常清晰，也会自己找很多其他的习题来补充。如果课前可以预习一下的话效果肯定很好，但来不及预习也不是跟不上，总之很令人舒服。\n\n平时总觉得他对考试的描述很轻描淡写，把小测说成“做个练习”，期中期末的时候“你们就来考一下么好了”，说实话很难把他和从不捞人这样的形象联系在一起，不过谁知道呢XD\n\n很有幸每节课都能坐在第一排5号座位，一直和他保持眼神接触的话其实甚至会觉得上课很有意思（笑），当然也不是没有水过手机，也有在他面前仰头睡过一节课。\n\n期末其实也没考的多好，至少自己考完出来是心态崩了，但最后应该还是把我捞上去了。\n\n助教rtc人也很好，讲题有条不紊，讲完一道题经常加上什么“我也不知道对不对”啥的，很可爱，回想起来也很感动。也很感激助教把我这个菜鸡捞上去了吧。\n\n总之，祝老师退休快乐。
149191,1551,金显,2022-01-14 16:37:16,3,3,0,感谢在大一遇到金老师～
150858,1551,金显,2022-02-20 01:38:13,1,1,0,金老师的课很困啊，伪ppt很催眠。从不点名，超级会捞。想水课的可以选他。
156845,1551,金显,2022-06-21 06:33:30,0,0,0,金老师好棒的！
65377,1578,罗炜,2018-01-03 12:23:10,-2,0,2,完全听不懂
122292,1578,罗炜,2020-02-23 02:46:49,1,1,0,奥赛金牌，在线讲课
123849,1578,罗炜,2020-06-15 03:31:34,0,0,0,很温柔
890,1587,谈之奕,2015-03-18 11:15:46,2,11,9,讲得还不错，但是线代的给分，芸芸众生都哭了…
2380,1587,谈之奕,2018-01-09 13:39:52,15,29,14,讲得很不错，听他上课会上瘾哦(´-ω-`)
2888,1587,谈之奕,2015-05-10 11:44:35,1,3,2,没感觉……
4105,1587,谈之奕,2015-06-17 17:28:01,76,91,15,男神
5123,1587,谈之奕,2015-07-04 09:10:36,2,6,4,一直坐在后排...
6628,1587,谈之奕,2018-12-29 11:23:11,16,28,12,讲的很好，口头禅是吧
13389,1587,谈之奕,2015-12-27 14:29:03,2,6,4,讲得超级棒
16027,1587,谈之奕,2016-01-17 04:50:45,-46,12,58,讲的一般，就是在念PPT，不过书写的很好。不建议选他的课，巨坑无比，有时间还不如看看书自习
20675,1587,谈之奕,2016-01-29 15:09:01,8,13,5,谈神太可爱
22608,1587,谈之奕,2016-03-08 16:13:33,5,7,2,行云流水逻辑严密
23139,1587,谈之奕,2017-12-23 10:19:41,3,6,3,讲得不错
23811,1587,谈之奕,2016-04-17 17:47:19,1,3,2,陶醉 入迷
24658,1587,谈之奕,2016-05-03 03:02:04,10,14,4,很好的一个老师，到浙大上过最不水的通识课
28835,1587,谈之奕,2016-06-28 17:53:31,2,4,2,讲得很好，深入浅出，学到许多有用的东西。
28953,1587,谈之奕,2016-06-29 04:19:35,3,5,2,有意思有挑战
29034,1587,谈之奕,2016-06-29 06:58:31,18,24,6,应用运筹学?智商不够以至于成绩很差\n\n不过讲道理这种不水的课应该成为通识典范，需要认真听好好复习才可以的
30475,1587,谈之奕,2016-07-01 16:30:31,9,11,2,讲的不错，给分不好
40689,1587,谈之奕,2017-01-05 04:14:31,47,60,13,数学学院智商测试课，向谈神低头
43875,1587,谈之奕,2017-01-17 05:29:17,3,6,3,讲得好
46705,1587,谈之奕,2017-01-22 07:37:41,8,11,3,讲的东西很不错，但是考试就..智商被完爆TAT
46744,1587,谈之奕,2017-01-22 09:05:38,6,8,2,算法优化的大神\n\n虽然语速太快，学的还是很爽的\n\n给分一般，值得旁听
47637,1587,谈之奕,2017-02-09 08:36:47,2,6,4,教课科研都非常牛的好老师
49049,1587,谈之奕,2017-03-22 13:17:02,3,5,2,怎么会有这么可爱的数学老师！
49435,1587,谈之奕,2017-04-12 09:14:26,12,17,5,自high型授课。。没有基础不要选他的数学建模
49592,1587,谈之奕,2017-04-19 13:13:41,2,6,4,讲的有货，但不枯燥，上过最有价值的通识课
49705,1587,谈之奕,2017-04-24 13:13:09,11,12,1,智商被虐了，感谢点醒我。
50077,1587,谈之奕,2017-04-29 08:43:55,9,15,6,应用运筹学给分也太低了吧\n\n\n\n不水的智商课\n\n文科生想哭
50080,1587,谈之奕,2017-04-29 08:56:04,3,7,4,。。。。总之3.3，上课也听了。。。
50107,1587,谈之奕,2017-04-30 16:28:38,4,7,3,老师很可爱\n\n
50149,1587,谈之奕,2017-04-30 10:11:10,3,4,1,认真听能学到很多东西的
50182,1587,谈之奕,2018-01-09 07:00:07,1,8,7,不要选
50184,1587,谈之奕,2017-05-01 02:21:38,28,35,7,完全不点名。期末有一个类似于论文翻译的作业，可做可不做。平时没作业，可不去，主要还是看考试。一共上四章，期末四道题，平均25分一道。开卷。玩的就是心跳。\n\n给分嘛，就是看考试吧。
50195,1587,谈之奕,2017-05-01 06:18:16,-22,8,30,论文有好好写，考试也尽力了，最后1.8历史最低成绩…你们看着办吧…上课的时候还脱鞋…
50282,1587,谈之奕,2017-05-02 06:30:30,5,8,3,通识学分够了，就是奔着真正学东西选的他的运筹学，很喜欢这样的课，逻辑严谨内容丰富。事实证明不水掉，多思考思考，还是能拿到比较不错的分数的\n\n思考方式与角度是这门课给我最大的收获
52785,1587,谈之奕,2019-02-27 07:54:28,-13,10,23,说他讲课好的人，他真的讲清楚过你们想不明白的东西吗？
54244,1587,谈之奕,2017-06-29 01:26:20,9,11,2,讲课真的很好，语速语音都不催眠，逻辑也清晰，课下回答问题也反应很快，思维敏捷，容易沟通，数学系的老师做到这些已经很不容易了吧。数学东西懂没懂不能全怪老师的吧，实在不懂可以去问啊…\n\n给分真的惨了一批人，不过考虑到自己的智商水平和卷面状况，估计大家平时五十分都调满了，卷面也给分超级松，可能还有全班加分调整，不然哪有这么多人及格。
54287,1587,谈之奕,2017-06-29 03:20:45,3,4,1,唉～应用运筹学的绩点奇低……考试挺难的，怪自己咯
56641,1587,谈之奕,2017-07-04 06:31:38,-1,4,5,数学建模课真心水\n\n给分好
56642,1587,谈之奕,2017-07-04 06:33:08,18,25,7,上的数学建模（H）四道大题考智商，上80分已经满足了，大概只有30分的卷面。感谢谈神，上课板书极其极其细小，坐第一排都有可能看不清楚。而且每次都有同学们的讨论，很讨厌这种形式，因为同学讲不好的太多了，ppt上大段英文就跳上去讲，基本上听不下去，老师讲ppt还是可以的，除了板书。
56646,1587,谈之奕,2018-02-09 05:53:39,5,7,2,谈神666
56647,1587,谈之奕,2017-07-04 06:48:07,24,29,5,“教导组要求分数正太分布\n\n\n\n但没有说均值和方差”\n\n\n\n给分好，课上的好
56665,1587,谈之奕,2017-07-04 08:11:33,-2,3,5,给分太好了，高达百分之八十的翘课率，非数学专业能有4.2心满意足！
58655,1587,谈之奕,2017-09-12 15:35:20,0,2,2,谈神，人很好，讲课也不错。btw，他的课考验智商和自学能力。
60009,1587,谈之奕,2017-10-03 04:03:41,3,4,1,好老师，给分看个人
60964,1587,谈之奕,2017-11-05 15:07:52,1,4,3,不知所云
66032,1587,谈之奕,2018-01-11 05:08:44,9,12,3,听课上瘾的我已经举报了
67387,1587,谈之奕,2018-02-06 00:17:18,-7,4,11,组合优化听课给分都挺愉快的，希望下个学期请多多指教！(*/ω＼*)
70870,1587,谈之奕,2018-01-27 16:02:03,0,2,2,向男神学习
72151,1587,谈之奕,2018-01-29 13:10:45,-6,4,10,谈老师真的给分太好了\n\n组合优化完整地写了两道题\n\n卷面最多60居然也上4了\n\n想来男神对我们的智商充满了怜悯
74222,1587,谈之奕,2018-02-07 04:37:42,10,11,1,不好意思，还是觉得数学建模期末考试形式很不合理
78151,1587,谈之奕,2018-05-09 13:52:02,-2,1,3,超级棒
78155,1587,谈之奕,2018-05-09 14:28:41,1,4,3,应用运筹学还行还行，这卷面目测不超过50的期末考，居然还有3.9，。。上课时反正是不知道在说啥。。。
78161,1587,谈之奕,2018-05-09 15:54:42,-29,1,30,翘课的我，考试前发现一堆人交论文\n\n“什么？！竟然还有作业！难道是我翘掉的那几节。。。。”\n\n做好挂科准备的我最后老师给了90分\n\n我TM膜爆，谢谢谈神
78170,1587,谈之奕,2018-05-09 23:02:08,14,16,2,有一天，学渣想起了被谈神和大佬们支配的恐惧。\n\n
78185,1587,谈之奕,2018-05-10 01:39:24,-3,1,4,谈神真的牛逼啊...感谢谈神！春学期并没有很认真听，但是结果出乎意料！十分感谢！
78259,1587,谈之奕,2018-05-10 08:22:15,5,8,3,给分………算了………很想死了………智商不够非常捉急…………直接拉低均绩………
85095,1587,谈之奕,2018-07-15 22:35:05,8,12,4,深夜出分，谈神给分很好，虽然复习的时候一脸懵逼但是考试认真做的话问题不大的。感谢谈神！
85736,1587,谈之奕,2019-05-02 09:37:58,-163,10,173,ZhenShiSB\n\n
86462,1587,谈之奕,2018-09-16 12:58:00,1,1,0,？？？
86544,1587,谈之奕,2018-09-17 06:22:01,1,2,1,很好的老师
90991,1587,谈之奕,2018-11-28 13:32:39,0,1,1,优秀啊
91958,1587,谈之奕,2018-12-25 06:12:55,6,7,1,神\n\n他连口误都没有
92068,1587,谈之奕,2018-12-26 00:32:28,0,1,1,谈老师太棒啦
93021,1587,谈之奕,2019-01-07 03:16:35,1,3,2,这个……这个……这个……
95915,1587,谈之奕,2019-01-25 16:10:24,13,15,2,老师很好是我太渣了，看楼上各位的评论是都满绩了吧
96222,1587,谈之奕,2019-01-25 03:22:56,4,6,2,谈神，数分都出分了谈神，忐忑求分
96355,1587,谈之奕,2019-01-21 01:06:30,-1,0,1,还行吧把
97200,1587,谈之奕,2019-01-25 15:19:42,8,11,3,真男神啊！！！超级喜欢谈神的风格！我给老师满分！上课板书极其认真，讲课也特别投入，眼神中透露着睿智。“这玩意儿是为什么呢？啊是显然的～”俩胳膊往两边一摊，身子靠着黑板一仰。太有感觉了哈哈哈！下学期争取补上谈神的通识。
99958,1587,谈之奕,2019-01-25 10:51:17,1,2,1,求分，不想退院。
100048,1587,谈之奕,2019-01-25 13:19:18,0,3,3,给谈神打call，出分慢但是分超好
100061,1587,谈之奕,2019-01-25 13:30:51,-1,2,3,谈神谈神，人超好  超可爱  只是超级渊博 上课认真听认真做笔记  考试前认真复习一下  绩点会很不错的  给分也很好  大爱谈神
100062,1587,谈之奕,2019-02-21 07:19:41,-2,4,6,上课轻描淡写举重若轻，上线代Ⅰ（H）紧扣课本，不像康生大帝那般跳脱，但适合我这样思维不够敏捷的学生.第一节课推荐了北大版高代，做完作业再作为补充很有意义.期末主要考察了特征值的计算还有向量组线性相关性，平时基础扎实必能满绩！
100081,1587,谈之奕,2019-01-25 14:09:40,49,55,6,上课三大困难：\n\n板书看不清；\n\n声音听不见；\n\n看清听见了也听不懂。\n\n\n\n谈神三大（可爱）操作：\n\n可爱地挠头.gif  \n\n是吧.mp3  \n\n这个.mp3（循环播放?）\n\n
100238,1587,谈之奕,2019-01-26 00:16:10,5,7,2,对不起是我太菜了，老师很好的，比比隔壁csp简直不是一个档次
100257,1587,谈之奕,2019-01-26 01:08:50,0,1,1,讲得特别细致易懂，语速是快了点，但毕竟课时摆在那儿，我觉得很好了
100575,1587,谈之奕,2019-01-26 10:33:32,79,89,10,线代H的同学送我上去，给后几届竺院的萌新们留个话：如果你对自己的数学没有足够的自信，尽可能选谈神吧。至于其他两个老师。。。不好意思本人水平有限。。。
101541,1587,谈之奕,2019-01-28 11:39:23,-1,0,1,很和蔼可亲，谢谢老师
101580,1587,谈之奕,2019-01-28 13:26:06,0,2,2,给分还挺好的，讲课主要偏数学，和实际建模还是有点区别的
101644,1587,谈之奕,2019-01-28 16:33:30,7,7,0,数模3.6报个道，美赛还没完呢就彻底枯了
101650,1587,谈之奕,2019-01-28 20:12:36,0,1,1,线代（H）给分好
101903,1587,谈之奕,2019-01-29 14:56:45,3,4,1,组合优化3.0，主要是自己太菜了，但试卷真的尽力答了，难度还好，可能是因为作业随便凑和一下就交上去了
101913,1587,谈之奕,2019-01-29 15:47:13,1,3,2,智商高\n\n组合优化真的是数院玄学课程\n\n无论给分还是平时还是考试\n\n
103907,1587,谈之奕,2019-03-07 06:45:18,10,13,3,组合优化：我觉得这才是真正的数学课，考得是思维，尤其是对于经典问题和算法的理解，而不是背概念或计算能力。很多重要的思路老师上课都讲过，建议下课还是要自己多思考，思维千万不要懒惰。（ps：智商不够又不想花功夫深入思考的同学还是不要选了
104410,1587,谈之奕,2019-03-20 02:31:30,-5,2,7,虽然最后因为自己太菜了还是没考好，但是老师讲课真的超级清楚啊
106890,1587,谈之奕,2019-06-05 11:22:38,4,7,3,四楼晚课上课会主动关门 素质老师 尊敬
107037,1587,谈之奕,2019-05-01 03:51:20,1,2,1,我透，怎么还不出分啊！
107052,1587,谈之奕,2019-05-01 06:50:13,-10,2,12,3.9数学建模，应该算菜了
107054,1587,谈之奕,2019-05-01 07:18:46,4,7,3,讲道理，新开的数学建模通识课，这个给分也太差了吧，平时上课认真听（虽然听不很懂），给的论文翻译作业也花了很长时间做，只是因为考试确实做不出就给这么低的分，我感觉有点难以接受，老师讲课还是不错的。
107060,1587,谈之奕,2019-05-01 08:24:05,-3,1,4,事少给分好
107061,1587,谈之奕,2019-05-01 08:26:10,1,2,1,数模通识课的给分也太真实了吧…
107063,1587,谈之奕,2019-05-01 08:48:54,0,1,1,考试占比大 也能学到东西 建议根据自己的数学水平选课
107069,1587,谈之奕,2019-05-01 09:46:13,-1,0,1,敢问楼上真实是什么意思？
107071,1587,谈之奕,2019-05-01 10:01:30,-1,3,4,数学建模通识课 给分海星 上课太水 讲的都没什么意思 就是微积分应用题 逻辑应用题  本来想着会讲一些算法的 结果...啥都没有
107088,1587,谈之奕,2019-05-03 05:54:56,22,34,12,运筹与决策3.3及以下
107091,1587,谈之奕,2019-05-01 12:46:36,3,5,2,通识课咋给分的啊？数学建模作业做了，组合优化作业没做，组合优化还翘了两节课，考试感觉俩答的都差不多一个水平，结果数学建模比组合优化低？作业拉低分数？还是随即抽奖正态法？迷
107092,1587,谈之奕,2019-05-01 12:48:11,-16,12,28,数学建模通识课，老师考虑班级大多数同学的水平，讲的很基础，没什么干货和算法，不过思维不错的，毕竟谈神嘛，以及 这课3.9以上的右边赞一下，以下的踩一下，我想知道给分到底怎样
107116,1587,谈之奕,2019-05-01 16:32:29,-21,2,23,我是ikun，平时上课刷坤坤微博，考前约坤坤打了场球，刷一波cxknmsl，结果就满了，这门课真呀么真神了！
107135,1587,谈之奕,2019-05-02 01:17:45,-9,5,14,运筹与决策才3.9，我服了
107150,1587,谈之奕,2019-05-02 02:33:10,7,10,3,这通识课。。给分也太差了吧。并且感觉上课讲的内容与考试内容联系不够紧密
107195,1587,谈之奕,2019-05-02 07:50:02,2,6,4,数学建模，呵呵了，上课认真听了，论文认真写了，考试认真考了，最后成绩出来直接拉低均绩0.13，也不知道给分怎么给的，期末考对大一新生不怎么友好，注重gpa的慎选吧，不过上课认真听还是能学到一定东西的
107216,1587,谈之奕,2019-05-02 09:41:39,-74,5,79,数学建模燃起了我对数学的希望。不怕大家笑话，我高考数学才129分，但数学建模在两次平时作业都没有完成的情况下，不但满绩，而且只差一分就满分了。可以说，这门学科才是对思维的考验，而不是像高考一样，一些思维愚钝的人也可以拿高分。这门学科真是太神奇了，我喜欢。
107416,1587,谈之奕,2019-05-05 03:41:39,-16,3,19,运筹与决策4.5\n\n论文没有认真写，不过考试有好好考\n\n谈神上课思路很清晰，数学建模课请多多指教!
107609,1587,谈之奕,2019-05-07 14:56:21,-36,6,42,不点名\n\n通识的数学建模其实内容不多，科普为主\n\n但是给分极好\n\n期末考难度不大\n\n98分飞过...
112602,1587,谈之奕,2019-07-04 22:18:52,1,2,1,感谢谈神不挂之恩!
112660,1587,谈之奕,2019-07-04 23:51:09,0,1,1,谈神！
112739,1587,谈之奕,2019-07-05 01:45:52,3,5,2,三学分建模课程上课是思维挑战，虽说考试真的难，和一般的课不一样，考试要考好平时真的要多用上课的方法看看建模题多思考。不过老师期末会调分的（幅度应该还挺大），给分放心只要好好学。
113206,1587,谈之奕,2019-07-06 01:35:46,6,11,5,【数学建模(H)】课上可以被科普挺多东西，可以学到挺多，期末考试很难，会调分，可以
116726,1587,谈之奕,2019-09-14 07:06:37,0,1,1,谈神? ? ！
116728,1587,谈之奕,2019-09-14 07:37:38,16,20,4,这个这个这个这个这个这个这个?
121777,1587,谈之奕,2020-01-22 01:03:57,3,3,0,组合优化成为压倒绩点最后一根稻草
122852,1587,谈之奕,2020-04-14 14:01:59,0,1,1,谈神好可爱，隔着屏幕好想面基，可惜只有春学期的课
126194,1587,谈之奕,2020-09-19 02:46:23,4,5,1,线代给分可以，运筹与决策慎选（3.0飘过）
128413,1587,谈之奕,2020-12-22 13:32:25,1,3,2,线代1H  内容讲的真的好清楚啊 、老师好可爱
128795,1587,谈之奕,2020-12-25 10:55:27,10,11,1,好老师，能讲的天花乱坠\n\n            ——2020年12月
131867,1587,谈之奕,2021-01-29 07:10:16,0,2,2,能够被称为卡密的男人——谈神\n\n讲课十分清晰，给分也很给力，认真上他的课是真的能学到东西！\n\n【板书有点小，上课常常要拿出手机放大看不过无伤大雅
131980,1587,谈之奕,2021-01-30 01:00:24,-1,1,2,超赞，谈神yyds。
132348,1587,谈之奕,2021-02-01 03:41:43,-9,4,13,谈神讲课浅显易懂，真的是我等菜鸡的福音（大佬请自觉忽视），觉得自己已经弱到极点，但平时也很尽力在学（虽然很多没学会），但最后被捞到4.8，真的是太感谢了
133041,1587,谈之奕,2021-02-07 02:37:58,-15,2,17,谈老师巨可爱，讲课浅显易懂，卷心菜的福音，一学期在线代的打击下摸爬滚打最后给了4.8，呜呜太开心了
133291,1587,谈之奕,2021-02-23 13:12:30,-26,3,29,谈神yyds！讲课清晰！唯一不足字有点小。虽然不知道为什么线代IH没满……
135086,1587,谈之奕,2021-04-29 14:19:42,0,1,1,运筹与决策通识：个人认为只要上课认真听，而不是像有些通识课一样全程划水，通识课的内容理解是没有问题的，期末考试也不需要怎么复习，课上也能收获很多东西，然后智慧树平台的网课也给了很多的很好的学习资源，收获很大。今天考完，题目难度和课上讲的例题个人认为差不多。但定位在通识课，有不少内容点到为止，还是没弄明白，下学期数模课再好好学（
135212,1587,谈之奕,2021-05-06 04:50:17,3,5,2,上了谈之奕老师的运筹与决策的课程。\n\n老师讲课生动形象，风趣幽默。或许作为做数学的老师表达能力不如文科老师好，口头禅“对吧”“对啊”，但不影响内容理解。\n\n期末考题目很灵活，基本是在考智商。\n\n最后卡绩4.5，估计是因为组合优化课程才75分就被制裁了... \n\n最后感谢谈之奕老师。
136850,1587,谈之奕,2021-06-26 01:27:59,-1,1,2,谈神yyds
137176,1587,谈之奕,2021-07-02 02:27:22,0,2,2,谈神yyds\n\n但我建模感觉要没了
137683,1587,谈之奕,2021-07-05 14:57:55,1,2,1,谈神yyds！线代2逻辑讲的非常透彻！
137889,1587,谈之奕,2021-07-06 13:07:16,8,11,3,线代二盯着谈神选准没错( ´▽` )ﾉ\n\n是按照五八六七的顺序讲的书，个人感觉会比原顺序的思路清晰很多。整门课可以理解成换一种视角去看线性代数这门学科，书上习题很难，但做出来会有那种独特的玄妙感。\n\n线代二考点不多，再加上谈神会把每个证明都讲的很仔细，每节课还会花时间回顾上学期的内容，所以整体速度算慢的（如果对自己水平有足够信心并想挑战极限可以考虑隔壁康生班）。期中略有难度，但今年期末卷相当水，谈神也是出名的能捞，总之是一门能同时收获知识和绩点的好课。\n\n唯一的问题是助教好像不太行，作业瞎批，期中考能扣的分全扣了（20分的题答案全对给2分，过程几乎全对答案算错直接给了0）。挺气的。
138752,1587,谈之奕,2021-07-10 16:13:53,11,12,1,线代2狗都不学！快逃！！
138773,1587,谈之奕,2021-07-11 07:40:41,3,6,3,线代2给分极低，我猜有一点错就都给你抹杀了整个题的分
138781,1587,谈之奕,2021-07-11 00:18:04,11,13,2,谈老师上课的水平我不好说什么，但老师的助教实在是让人大无语。期末考试一张比较简单的卷子，硬是改到全员七八十往下，就找到一个扣分点就往死里扣呗
138804,1587,谈之奕,2021-07-11 02:45:14,7,7,0,谈神上课是真的很清晰，知识点讲的很清楚。问题在于线代2这门课！没什么平时分，期末题目感觉不难，但是结果真的直接把我送走！是不是批改的过于严格了呢？（哭哭）
138848,1587,谈之奕,2021-07-11 07:40:54,7,8,1,老师期中考试考了不占比\n\n根本不捞人，甚至还压人，挂科极多
138995,1587,谈之奕,2021-07-12 06:32:05,2,5,3,线代2根本不调分，有一点错就扣全分，而且平时不给满，期中也占比
143752,1587,谈之奕,2021-12-04 10:44:40,-2,0,2,谈神，yyds!
144401,1587,谈之奕,2021-12-21 10:57:39,-2,0,2,...
144918,1587,谈之奕,2021-12-26 02:28:23,7,8,1,所有课用的是同一套课件，欢迎喜欢智商测试的同学选修
144944,1587,谈之奕,2021-12-26 04:09:42,0,0,0,。。。
149930,1587,谈之奕,2022-01-18 00:45:45,7,8,1,真.智商测试\n\n补充一下4.5学分数模的相关情况：\n\n6次小作业 1个组队大作业 1个期末考试\n\n小作业有些题目可以在历年卷答案里找到hh\n\n大作业我们是任选题目 期末考试后ddl\n\n期末考试回忆卷98上有 比较玄\n\n考试和平时关联性不大，可以把图论 博弈论 数学规划 这些内容考前突击一下 平时听不懂也没有关系\n\n最后给分不好不坏，感觉谈神有捞过
149942,1587,谈之奕,2022-01-18 02:32:26,2,3,1,4.5分数模。上课内容上面有人讲过了，大作业可以找人提前做起来。\n\n上课内容更多感觉是介绍类的知识，喜欢的可以听。为了考试的话建议做期末发的练习题，看看前几年最后一两次课的智云也很有帮助。重点是微分方程、博弈论、动态规划、数学规划。
150966,1587,谈之奕,2022-02-21 11:40:34,-1,0,1,强烈推荐
155946,1587,谈之奕,2022-06-16 16:20:00,6,6,0,谈神！！！\n\n虽然去上课的次数不多，但是每次去都感叹 谈神的智商碾压。一些问题的求解在他的讲述下都非常自然，在这门课上真正感受到了把自己所选的有限的数学知识真正运用好了，也能解决这么多实际问题。\n\n考试前来评论，希望谈神给个好分。
156155,1587,谈之奕,2022-06-18 03:37:58,26,26,0,留给大一的同学，线代1H一定一定无脑选谈神！！！
160328,1587,谈之奕,2022-09-19 05:57:47,5,6,1,新生刚上谈老师的课，单轮讲课的话，谈老师真的魅力和气质爆炸，太戳啦，而且讲得还算易懂的，当然讲的比较快，只要不开小差认真听就好。
169201,1587,谈之奕,2023-02-24 15:35:19,-1,1,2,谈神yyds！
169360,1587,谈之奕,2023-02-25 14:44:33,8,9,1,谈神 只能是神 每节课上课前甚至还会带着大家复习上节课的内容 在他的课上 只要你想听懂 就不可能不懂 给分也很不错（前提是自己真的努力学过了）
169444,1587,谈之奕,2023-02-26 07:48:52,-6,0,6,讲课简单易懂
169478,1587,谈之奕,2023-02-26 11:11:45,1,2,1,谈神很和蔼可亲，讲课也不错，非常认真负责。谢谢谈老师！
170004,1587,谈之奕,2023-03-01 03:21:47,3,5,2,谈神上课不点名，作业认真做就行，都是历年期末卷的题，做不出来问题也不大。\n\n组合优化期末考开卷，但考的都是谈神自己出的新题，也就是说基本不用复习，因为复习了也没啥用，该不会还是不会。\n\n最后还是拿到了不错的分数，感谢谈神！
171272,1587,谈之奕,2023-03-20 09:42:02,16,19,3,谈神今年怎么不开线代2H了 没有你我可怎么活啊
173912,1587,谈之奕,2023-06-04 11:57:08,3,5,2,通识课 运筹与博弈\n\n认真听其实挺有意思的，但真的很难一直认真听下去，会很累，而且难度不低。\n\n一次名也没点过，作业也期末才留一次而且可写可不写，所以平时成绩怎么给完全不知道，让考试显得无比重要。\n\n期末考没复习资料，没往年题。本人专业cs，有一小点信竞基础，仍然不觉得简单。\n\n第一道数学规划很水。第二道动态规划感觉比普通的背包问题难。第三道纳什均衡从2*2到4*4最后推广到n*n，考前认真复习认为应该完全做出来了。第四道图论，我还以为自己原来图论就学得不错，但最后一道题除了画图外几乎就不怎么会...\n\n最后出分4.8，完全出乎意料，因为完全没有参考指标。所以写这些，当个指标来参考。没点过名，没交最后那次的作业，考试情况和分如上。希望多些数据能得出一个标准。\n\n不过谈神确实是个好老师，讲课条理清楚也比较有意思，也体谅同学。
177623,1587,谈之奕,2023-07-04 03:02:41,1,4,3,课讲的很好，但数学建模这个课靠的是智商，呜呜呜
186098,1587,谈之奕,2024-01-08 10:40:53,6,7,1,谈神水平真的很高，可惜我确实太菜了呜呜
189186,1587,谈之奕,2024-01-22 09:32:14,1,1,0,谈神牛逼
189213,1587,谈之奕,2024-01-22 10:57:40,14,14,0,思路清楚 和蔼可亲\n\n我知道我期末考一坨狗屎 \n\n谢谢谈大神不挂之恩\n\n下学期必好好学线代\n\nlks我来了hhh
189287,1587,谈之奕,2024-01-23 01:29:29,0,0,0,呜呜呜
189431,1587,谈之奕,2024-01-24 06:14:35,9,9,0,谈神讲课很牛，思路超级清晰。然而我也确实没太学明白线代，期末考了一坨，谢谢谈神把我捞过退院线TAT
189589,1587,谈之奕,2024-01-25 13:05:12,0,0,0,谈神水平高，但我太菜了
190025,1587,谈之奕,2024-02-11 03:25:53,-2,5,7,线代1H\n\n好老师，虽然期末wyy出难卷，考的低于预期（4.2，88卡绩了），但还是很喜欢上老师的课。谈神为人和蔼质朴，让我见识了浙大老师和科研工作者的作风。\n\n最后表白助教姐姐肖老师！（人超级好～！）
190230,1587,谈之奕,2024-02-26 06:13:17,-1,2,3,卡了 但还是谢谢
190336,1587,谈之奕,2024-02-28 07:09:26,0,2,2,老师水平很高，教的应该比隔壁好？\n\n但是给分奇烂无比，可能是因为卷子很难并且不调分，隔壁班看起来是调过分的
190763,1587,谈之奕,2024-03-18 08:39:18,1,2,1,从不点名，课教的清楚。难得可贵。
195933,1587,谈之奕,2024-07-01 01:56:05,1,1,0,老师不错，别选他的通识课
196527,1587,谈之奕,2024-07-04 02:25:18,0,0,0,线性代数时没有选到谈老师，听说讲的不错，所以选了这学期的运筹学，课上的确实不错，不过考试很难，除了一道上课讲过的原题以外剩下四个题基本上不是很会，最后给分也相对比较差。可以学到知识，不过专业主干课压力较大没有太多时间投入，而且对于绩点有着比较高的追求的同学慎选。
196970,1587,谈之奕,2024-07-06 06:56:04,3,5,2,首先是好老师给10分\n\n但数模H大家都多少啊😥大家都说很捞，就我感觉给分异常求是😭上四的佬请踩我
196994,1587,谈之奕,2024-07-06 11:39:35,6,6,0,数学建模（H）：上课认真听可以学到很多东西，但感觉和建模并不是强相关(?)\n\n作业很难，给分很玄学，期末限时2h做四道题，平常认不认真学感觉并不会影响你能不能做出题来。\n\n妥妥智商课
197111,1587,谈之奕,2024-07-08 01:03:09,0,1,1,数学建模（H），给分好（实话说没学懂太多）
199623,1587,谈之奕,2024-09-26 10:35:23,0,0,0,课讲得很好
203600,1587,谈之奕,2024-11-20 06:38:15,1,1,0,讲得很好，但是好困（）
204788,1587,谈之奕,2024-11-28 02:06:43,0,0,0,very good
211757,1587,谈之奕,2025-01-12 10:28:09,1,1,0,老师线代课讲得很好，虽然我分巨低，但还是谢谢老师。10分。
211762,1587,谈之奕,2025-01-12 10:52:07,0,0,0,老师上课讲的还挺抽象的，如果不提前预习基本上无法听懂。老师没有ppt，只有板书，不坐前两排基本看不见。老师上课从来不点名，但是期末考试，他是一点都不捞啊，考出来多少就如实算入总分，又因为期末考比例达到了惊人的60%，所以，这门课的绩点我只获得了3.0（本人微积分4.8）（不过可能确实是学不太来线性代数）
211788,1587,谈之奕,2025-01-12 13:43:18,0,0,0,线性代数。讲课听起来很舒适，平时管理比较佛系，给分据说比较求是，但我的分数还不错。
211992,1587,谈之奕,2025-01-13 04:02:36,1,1,0,讲课条理非常清晰，且会省略很多偏难一点的内容，适合数学基础一般的同学。虽然大多数内容来自于课本，但谈神有时会调整讲解顺序，因此想在课上完全跟上需要预习过，不然就只能回去补智云了（yysy感觉听智云更能从整体上感受到老师的水平）。本学期无点名，无小测，期中练习未计分，期末占比大，据说给分求是不过最后结果还行（确实复习花了挺多时间的）。
212185,1587,谈之奕,2025-01-13 10:32:21,1,1,0,平时上课感觉讲的条理清晰但是挺散的，期末复习的时候看智云觉得讲的是真的很好。但是期末成绩占比很大且不调分，给分比较求是QAQ但是老师是个好老师，讲的很好！
212642,1587,谈之奕,2025-01-14 10:29:22,2,2,0,上课讲的很清楚就是有点催眠，给分可以
212713,1587,谈之奕,2025-01-14 14:20:22,0,0,0,讲得很好 老师很好 给分求是
218562,1587,谈之奕,2025-04-24 14:53:43,1,1,0,老师很好，讲课好，声音比较小，可能需要坐前排，上过组合优化和数学建模，不点名
368,1656,陈志国,2015-03-15 01:33:56,7,21,14,自言自语的状态很多啊，靠自学吧，听明白比较困难
401,1656,陈志国,2015-03-15 01:57:17,4,12,8,不是很有逻辑啊
419,1656,陈志国,2015-03-15 02:09:11,25,75,50,为人很好，也很关心学生。只是讲课能力上不是很好。
924,1656,陈志国,2015-03-19 02:48:08,2,13,11,讲得不好
1089,1656,陈志国,2015-03-21 16:07:50,-5,16,21,上的挺好的
1402,1656,陈志国,2015-03-22 01:45:08,13,33,20,不适合讲课
1970,1656,陈志国,2015-03-27 09:56:12,18,48,30,不适合教数学..适合哲学吧...讲课就像是自言自语地做了三节课的题
1971,1656,陈志国,2015-03-27 10:00:04,7,19,12,反正后来去听汪国军的课了...想试试看的就来吧
1981,1656,陈志国,2015-03-27 23:40:36,0,9,9,跟得上老师节奏的话考满分没什么问题。
2091,1656,陈志国,2015-04-01 09:21:42,-1,2,3,讲数学不好，到学到挺多
2556,1656,陈志国,2015-05-04 13:59:05,3,9,6,真的很瞎啊\n\n=.=讲的不好给分也不好\n\n线代跪
2679,1656,陈志国,2015-05-05 07:59:29,5,14,9,听不懂T_T
3828,1656,陈志国,2015-06-17 05:30:58,7,25,18,血的教训……千万不要选陈志国线代
3913,1656,陈志国,2015-06-17 08:17:57,3,10,7,这老师上课真心不行\n\n一个班有六个同学，三个去上边的老师的课，剩下三个全挂
4544,1656,陈志国,2015-06-24 08:30:12,19,29,10,不管你们说讲得咋样反正我喜欢这个老师就是觉得很好，最后评分打满分下午老师保我线代不挂！！！
5873,1656,陈志国,2015-07-09 16:53:24,9,12,3,老师人很好\n\n
5918,1656,陈志国,2015-07-10 02:31:12,3,10,7,线代跪啊。。事实上也将得不怎样。。考试感觉还行啊怎么分数那么低。。老师给分真严格，不知是好事还是坏事
5926,1656,陈志国,2015-07-10 02:50:36,3,11,8,老师还会讲哲学！而且给分很棒，给了好多平时分！
5986,1656,陈志国,2015-07-10 06:30:44,-1,6,7,不适合上课，根本不知道在讲什么。声音让人想睡觉，平时分还很少，给分不好
6048,1656,陈志国,2015-07-10 12:59:47,14,20,6,感觉一开始那几章不怎么样，后面越听越顺了
6516,1656,陈志国,2015-07-14 15:14:02,3,4,1,据说是数分的老师，节奏有点快，跟不上
7404,1656,陈志国,2015-09-14 08:15:23,-1,1,2,讲课不行
8084,1656,陈志国,2015-09-17 02:44:52,1,3,2,为什么选课时没看他的评分T.T上了一节才后悔
8094,1656,陈志国,2015-09-17 03:25:56,-1,2,3,老师是个好老师，人挺好关心学生，但就是讲课的技术不怎么样。
8221,1656,陈志国,2015-09-18 03:51:16,1,3,2,第一次就睡觉了 然后讲哲学
8280,1656,陈志国,2015-09-18 02:58:45,-1,3,4,老师不错\n\n
9220,1656,陈志国,2015-10-17 12:27:23,-3,0,3,挺棒的
9724,1656,陈志国,2015-11-06 02:00:04,1,2,1,貌似给分神坑
10539,1656,陈志国,2018-11-19 00:21:15,44,51,7,老师人很好。不管你们觉得好不好，我觉得很棒。
10571,1656,陈志国,2015-11-20 04:02:20,4,10,6,水平很高，也很有趣，就是我太菜了，听不懂。
11231,1656,陈志国,2017-01-04 11:06:13,0,4,4,简直是最好的线代老师～
11232,1656,陈志国,2015-11-25 12:15:27,3,6,3,讲课确实不擅长\n\n人还是不错的
11752,1656,陈志国,2015-12-14 04:25:30,2,2,0,听不懂
12089,1656,陈志国,2015-12-21 16:34:10,0,1,1,上课没人鸟。人不错，但是。我从考试前一个月开始从头自习线代，你们觉得爽不爽。已经上船的朋友，推荐教辅《线性代数学习指导和习题剖析》，比文印店的答案好用多了
12518,1656,陈志国,2015-12-23 11:57:00,-2,1,3,良心老师毁我人生
12584,1656,陈志国,2015-12-23 14:11:43,4,6,2,陈老师上的非常好！
12585,1656,陈志国,2015-12-23 14:13:13,1,1,0,期待后来人
12760,1656,陈志国,2015-12-24 03:21:18,4,6,2,讲得超级有趣 很有教学经验
12974,1656,陈志国,2015-12-24 12:09:51,-2,3,5,人很和蔼，上课真心不行
13128,1656,陈志国,2016-11-01 12:11:05,-1,2,3,老师很和蔼 也不会要求我们先交作业 所以每次线代作业都是在课上做完的
13365,1656,陈志国,2015-12-27 09:25:07,80,95,15,讲课真的好，真的，不明白为什么这么多人黑他。绝对好老师。
15075,1656,陈志国,2016-01-12 02:06:31,9,12,3,很好的老师呀\n\n
15253,1656,陈志国,2016-01-13 04:16:54,7,11,4,挺好哒！只是有时跟不上，因为没预习吧~
15272,1656,陈志国,2016-01-13 07:04:13,0,4,4,讲的特别好，特别负责，不知道为啥大家都黑他
15634,1656,陈志国,2016-01-16 02:04:00,25,31,6,老师人很好！水平很高！只是无法明白地表达～ 线代考前膜陈老师 保佑我取得好成绩！
15744,1656,陈志国,2016-01-16 08:20:49,-1,1,2,好好学吧，还是可以学到很多的
16291,1656,陈志国,2016-01-17 18:51:15,1,2,1,人好，但适合学术。
16862,1656,陈志国,2016-01-19 06:00:24,7,10,3,必须好评i
16875,1656,陈志国,2016-01-19 06:37:28,39,47,8,陈志国名言:这题嘛，就是请你笑纳的嘛
16882,1656,陈志国,2016-01-19 07:03:45,0,2,2,讲课很好，为人也好，只是不知道为什么我的总分比自己算出来的卷面分低。。。这不科学。。。。求解释
16942,1656,陈志国,2016-01-19 09:39:59,-3,2,5,为什么给分这么低呢？因为觉得自己卷面是不错的，平时也都勤勤恳恳，最后的绩点呵呵哒
16951,1656,陈志国,2016-01-19 09:56:35,2,4,2,给分奇坑
17019,1656,陈志国,2016-01-19 12:51:24,-1,2,3,一般般吧
17068,1656,陈志国,2016-01-19 14:12:08,-3,0,3,老师讲得挺好的，感觉挺容易懂
17135,1656,陈志国,2016-01-19 15:52:59,114,141,27,真的是很好的老师，选到陈志国老师的同学千万不要被前面的评论吓慌了，学线代本来就需要自身努力，你不努力，就请不要把锅丢在陈老师头上；用心听，你会鼓掌的。
17151,1656,陈志国,2016-01-19 16:44:46,0,2,2,老师有水平\n\n
17183,1656,陈志国,2016-01-20 00:23:48,1,2,1,适合自学   但还是精心准备过
17396,1656,陈志国,2016-01-20 07:27:59,0,1,1,普通老师
17424,1656,陈志国,2016-01-20 07:52:00,0,1,1,一开始听不懂…其实人挺好的~有时候会讲讲哲学~课件公邮里面还有康德的纯粹理性批判…
17632,1656,陈志国,2016-01-20 14:01:21,2,5,3,明明感觉自己考得挺好的分数还是很低
17663,1656,陈志国,2016-01-20 15:03:39,4,7,3,不要被前面的评论吓到了其实 线代全校学生都是靠自学的。。这门课本身就很难 。。
18242,1656,陈志国,2016-01-21 10:28:41,6,8,2,学术素养高
18775,1656,陈志国,2016-01-22 13:33:30,2,5,3,学线代还是靠自己吧
18888,1656,陈志国,2016-01-22 16:48:41,4,8,4,靠自学
19438,1656,陈志国,2016-01-24 08:20:34,2,4,2,如果你想自学完整本《线性代数》就勇敢地选吧。自己刷下题考个60+还是不会挂的。祝你好运^_^
19941,1656,陈志国,2016-01-25 14:58:41,4,4,0,怎么说呢，他讲课我跟不上。一直都是云里雾里。最后成了这学期绩点最低的课，有点小难过。
20097,1656,陈志国,2016-01-26 05:30:58,0,1,1,就是感觉很好，没理由
21061,1656,陈志国,2016-02-14 06:10:55,0,2,2,老师给分很好的！！！
21180,1656,陈志国,2016-02-25 15:34:40,0,0,0,啦啦啦
21346,1656,陈志国,2016-02-28 06:25:52,-1,0,1,给分棒！！
22241,1656,陈志国,2016-03-03 05:17:43,1,2,1,为人挺好的老师。希望你不要因为现有的评价对他有偏见。点赞
23006,1656,陈志国,2016-03-16 04:12:04,4,8,4,对不对？对！（连贯）
23072,1656,陈志国,2016-03-17 01:51:30,0,1,1,挺喜欢的，老师很关心学生
25600,1656,陈志国,2016-05-27 05:01:28,0,1,1,绝对好老师
27779,1656,陈志国,2018-01-12 08:12:32,11,19,8,别受那些学渣们的抱怨的影响，跟上老师节奏满绩很轻松
33535,1656,陈志国,2016-09-20 03:18:53,-2,1,3,你们知道一个新生第一次上课听了微积分，计科，c程之后一脸懵忽然遇到一个可以听得懂的课是多么激动吗？不过老师口音有点逗，但语速慢时可以听清。
33544,1656,陈志国,2016-09-20 03:58:57,1,4,3,是不是？是！
34097,1656,陈志国,2017-04-18 10:18:36,-8,1,9,好恶心啊\n\n
34687,1656,陈志国,2016-12-27 07:28:14,0,2,2,老师挺好的 线性代数学不好是你自己的原因 开始我也觉得老师不好，但一个学期下来 你会发现其实老师很好
35065,1656,陈志国,2016-11-01 06:26:50,1,1,0,稍微有点催眠，一定要认真听，一走神就会跟不上节奏
35685,1656,陈志国,2017-01-25 04:44:11,3,4,1,线代一个学期没上课没交作业没参加quiz。只考了期中期末居然没挂！
35982,1656,陈志国,2017-01-18 14:13:45,3,3,0,老师是好老师，但是我自己的原因。。。全程听不懂。。。全部是自学过来的。。。给我挂掉了
36519,1656,陈志国,2017-01-19 02:13:53,1,1,0,如果听不懂，就翘课自习或蹭课，陈老师不会为难你
36716,1656,陈志国,2016-11-15 13:35:26,0,0,0,不错的老师，上课不是按书本顺序上的，所以要认真听。有些题的证明过程上课可能一时不懂，回去要思考。总的来说还是比较有条理，目前还不知道给分如何
37917,1656,陈志国,2016-11-22 03:04:31,1,2,1,是不是？是~
39308,1656,陈志国,2016-12-22 04:11:50,0,0,0,老师挺好，口音和表情都很可爱，线代本来不容易懂，也不能怪老师
39670,1656,陈志国,2016-12-27 02:30:43,0,0,0,老师上课很好啊
39703,1656,陈志国,2016-12-27 04:51:46,0,0,0,特别好的老师，完全没有听不懂的感觉，只要认真听很棒
39723,1656,陈志国,2016-12-27 07:28:43,0,0,0,老师人很好
39725,1656,陈志国,2016-12-27 07:33:16,0,0,0,特别好
39917,1656,陈志国,2016-12-28 07:33:07,-1,0,1,靠自学吧\n\n
40374,1656,陈志国,2017-01-03 06:14:55,1,1,0,其实挺好的吧，性子比较慢，也比较温和，跟着老师走还是能听懂的，老师有时也挺风趣的：
40391,1656,陈志国,2017-01-03 06:47:21,1,1,0,老师很可爱
40483,1656,陈志国,2017-01-03 15:39:45,1,1,0,好不好～好。。。对不对～对\n\n老师挺好的，有时会自问自答。。。\n\n答疑很耐心。
40498,1656,陈志国,2017-01-04 04:13:27,70,78,8,"首先陈老师的个人功底真的很高，他解题真的十分简捷熟练，可谓鬼斧神工，真的挺崇拜的，但是，他讲作业的时候实在太快了，我预习复习很长时间后有时候依旧跟不上节奏，而且思维跳的十分快，有些步骤初看莫名其妙，仔细想想时确有其理，想必陈老师对线性代数尤其是矩阵的理解十分高深了吧！       陈老师上课喜欢称呼同学们“各位”。        陈老师讲课经常说的几句话：""是不是？是！（无缝衔接）""“今天我给大家轻松一下”""哎呀，这真是太轻松了！""       秋学期小测试是计算题，很简单，冬学期小测试是几道证明题，挺难的，但是对于我们对线性代数的理解以及明白自己的不足还是很有帮助的。     总而言之是好老师 。"
40628,1656,陈志国,2017-01-04 11:06:54,0,0,0,666
40747,1656,陈志国,2017-01-05 08:08:24,3,4,1,当初看了前面的评论有点怕，结果上课以后才发现他是好老师。上课有重点，讲解详细，你问问题他也认真解答。另外，线代的确是很难，没有自己的努力，想单靠老师讲解就像拿高分是不可能的！
43216,1656,陈志国,2017-01-16 03:48:34,0,1,1,老师人不错的，虽然我得分挺低，但是主要是自己没好好学
43400,1656,陈志国,2017-01-16 08:15:21,0,0,0,呵呵呵\n\n
44229,1656,陈志国,2017-01-18 15:34:58,3,3,0,浓浓师生情，期末竟然及格了，老师我爱你
44886,1656,陈志国,2017-01-18 12:38:41,1,1,0,老师上课很认真很有意思
44938,1656,陈志国,2017-01-18 14:38:40,0,0,0,上课真的不咋地。可是期末的时候平时分都给足了。
44942,1656,陈志国,2017-01-20 04:53:55,8,11,3,作为一名数学家十分出色，作为一名哲学大师也有造诣，但上帝为你打开一扇门必关一扇窗，陈老师为人那么出色，但就是不适合教线代
44949,1656,陈志国,2017-01-18 15:02:31,0,0,0,老师人挺好的，给分也不错
45067,1656,陈志国,2017-01-19 02:25:01,1,1,0,老师很厉害啊\n\n只是自己太菜了\n\n课前多预习
45108,1656,陈志国,2017-01-19 03:48:36,1,1,0,也许是自己蠢，但期末真心难
45126,1656,陈志国,2017-01-19 04:10:50,1,1,0,老师不点名，作业没怎么交过，小测也不会做。这两个竟然都给了我满分，真的良心。我只能说老师已经能给的分都给了，期中期末考试真的靠自己
45222,1656,陈志国,2017-01-19 07:35:33,0,2,2,自言自语：对不对？对！
45240,1656,陈志国,2017-01-19 07:59:13,5,7,2,上陈老师的课要认真听，跟上他的节奏，期末给分不错（对于我这种学得很吃力的人毕竟上4了），口音的话，一开始可能不习惯，听了几节就好，不是什么问题。老师很和蔼，很热心地解答问题，有一次我问了他问题他没有来得及解答后来还主动找我；可以看的出来老师是很尽力想把课上的生动活泼，把东西讲清楚。线代课下要花很多时间，线代如果课下不多刷题，不总结，光靠老师上课讲，不能把考不好的责任推到老师身上。另外不要对老师有先入为主的偏见，更不要因为觉得老师评分不高就觉得自己学不好这门课，以我这个学期的经验，大学里主要还是自学，老师的讲解只是辅助的，不管什么科目，主要靠自己。
45492,1656,陈志国,2017-01-19 15:30:57,0,0,0,听着很想睡觉，其他都还好。
45854,1656,陈志国,2017-01-20 07:30:44,-7,1,8,虽然上课很烂，但给分很好
47400,1656,陈志国,2017-01-26 04:19:33,1,1,0,师生情
56805,1656,陈志国,2017-07-04 15:59:30,1,2,1,救人一命，胜造七级浮屠
58936,1656,陈志国,2017-09-18 14:28:12,1,1,0,还不错。。。
59340,1656,陈志国,2017-09-21 02:54:01,-11,0,11,讲的太慢，太慢，会把自己的思维都带慢
60443,1656,陈志国,2017-10-20 03:57:23,-1,0,1,听不懂
60523,1656,陈志国,2017-10-23 07:13:22,14,15,1,感觉陈老师人很可爱，上课也很好。不要被底下乱七八糟的评论吓到！普通话很标准，不存在口音问题。线性代数本来就要自己多刷题的，题目做少了到第二个个星期上星期知识点忘光了这种事情怎么能甩锅给老师？
60613,1656,陈志国,2017-10-25 08:29:27,2,2,0,老师人很好 水平高 课后问题目很有耐心
60846,1656,陈志国,2017-10-31 07:40:33,0,0,0,打到的
61177,1656,陈志国,2017-11-10 03:03:33,13,16,3,思维不能飞起来的同学千万不要上他的课，他会让你感觉坐上了火箭
61278,1656,陈志国,2017-11-13 11:15:07,4,5,1,绝对是好老师啊，不仅水平高，做事也很严谨！是真正学者的形象
63393,1656,陈志国,2018-01-19 02:12:34,13,14,1,水平高，人好，但是上的太快了\n\n
63588,1656,陈志国,2017-12-08 03:01:40,2,3,1,人很幽默 而且非常温柔
63621,1656,陈志国,2017-12-10 03:22:24,3,4,1,超喜欢陈老师，感觉讲课真的好有趣。。。
63801,1656,陈志国,2017-12-15 04:04:20,1,1,0,陈老师的课讲的真的很好，对学生也是没得说，给分也高。
64565,1656,陈志国,2017-12-25 08:33:40,0,0,0,还好的
64718,1656,陈志国,2017-12-27 02:12:38,0,0,0,不怎么样
65730,1656,陈志国,2018-01-23 08:23:40,7,8,1,没想到期末自己那么渣67，心痛后悔
66121,1656,陈志国,2018-01-12 03:07:58,8,9,1,最后一节课老师飞起来了，完全跟不上节奏，让备考的我心态崩了
66130,1656,陈志国,2018-01-23 15:42:12,33,36,3,我小测没满，结果老师平时分（算小测）居然也可以给满，期末考试也感觉挺简单的，老师人挺好的，10分必须的
66146,1656,陈志国,2018-01-12 06:00:14,0,1,1,线代还是靠自学吧，讲得再好的老师也不能帮助你的
66173,1656,陈志国,2018-01-19 05:42:20,2,4,2,好老师，谢谢老师一个学期的指导，不管是从讲课能力还是水平上来说，都无可挑剔，如果以后有机会还上您的课。
66178,1656,陈志国,2018-01-12 13:14:05,0,1,1,老师特别认真也特别可爱，讲课很清楚很耐心，超级棒的老师
66229,1656,陈志国,2018-01-13 14:24:57,4,4,0,我觉得讲的挺好的，有时候还会开开玩笑，不过绩点嘛还是要看自己的（哭）
66704,1656,陈志国,2018-01-18 11:30:27,4,4,0,老师水平很高，因此他的课相对其他老师是快的，但是你学的东西也比其他的多，上课记得别做太多笔记，先听完，课后再重新做笔记，就很完美了
66838,1656,陈志国,2018-01-23 08:51:46,14,17,3,老师人很好！给分也很好！本来以为要挂了，浓浓师生情呀！
67568,1656,陈志国,2018-01-21 13:59:16,4,7,3,线代车神 陈志国老师 人很好 谢谢陈老师一个学期的指导！
68100,1656,陈志国,2018-01-22 14:50:32,4,5,1,太棒了
68421,1656,陈志国,2018-01-23 07:42:07,10,11,1,好棒的，讲的很有趣，给分也挺好
68422,1656,陈志国,2018-01-23 07:42:38,10,12,2,给分超级好！
68423,1656,陈志国,2018-01-23 07:49:53,6,14,8,给分是真的好啊，本来以为期末要挂了，结果出来4.5，舍友3个都4.0以上！！！！！刷上去
68427,1656,陈志国,2018-01-23 07:51:15,2,2,0,不说别的，真心好老师！
68434,1656,陈志国,2018-01-23 08:00:41,4,5,1,浓浓师生情，话不多说，感谢老师
68437,1656,陈志国,2018-01-23 08:02:27,0,1,1,极度绝望
68460,1656,陈志国,2018-01-23 08:32:10,2,3,1,有意思，虽然不大跟得上但老师人确实好，水平也高。
68461,1656,陈志国,2018-01-23 08:33:12,4,5,1,老师人真的超级好，很耐心，很负责！自己课后多下点功夫就好！喜欢老师！
68468,1656,陈志国,2018-01-23 08:44:32,9,10,1,老师给分巨好(✪▽✪)\n\n感激(›´ω`‹ )
68474,1656,陈志国,2018-01-23 08:56:49,-4,3,7,全部满绩
68485,1656,陈志国,2018-01-23 09:06:07,25,26,1,这是我上大学以来遇到的我认为最聪明的老师！每次都能看到他骑着单车来上课，人真的很好！
68491,1656,陈志国,2018-01-23 09:19:15,15,16,1,老师很好的，平时分直接给满。因为周学时比较少，所以老师上课节奏很快，请不要把锅甩到老师身上，想要学好，还是靠平时自己努力
68508,1656,陈志国,2018-01-23 09:35:56,4,7,3,感谢老师给了我4.8
68518,1656,陈志国,2018-01-23 09:51:26,5,6,1,讲的很好，老师很有智慧，给分也好。
68560,1656,陈志国,2018-01-23 11:04:13,0,0,0,em m
68737,1656,陈志国,2018-01-23 16:28:14,26,27,1,给陈老师打满分。陈老师是个很好的老师，非常帅，水平非常高。我有一次作业交不上，老师还安慰我，说慢慢来，一点点熟悉这些概念。陈老师还在微信群里鼓励大家面对挫折。但是我的水平太菜了。我实在是太菜了。浓浓师生情，作业我交的不好，但是作业和平时成绩都打了满分。期末卷面只有47分，绩点是2.1。成绩不好只能怪自己。陈老师是一个特别好的老师，听不懂课不要着急，自己找一点途径跟上，把理论体系建立起来就好了。我到快期末考试才发现，B站上有很多线性代数的视频，推荐听不明白的同学去看一看，先把理论体系建立起来，之后你会享受整个课程的。给陈老师打满分。
69662,1656,陈志国,2018-01-25 07:30:23,35,39,4,浙大好老师，你能感觉到老师身上洋溢着满满的父爱，上他的课感觉到很温暖，只是我太渣，辜负了老师。
71069,1656,陈志国,2018-01-28 02:22:02,3,3,0,也许老师就是那种水平很高但不适合讲课的人吧，大多要靠自学了。最后一节课讲习题，有人在老师的微信群里说:“老师你已经飞起来了”。
73018,1656,陈志国,2018-01-31 15:12:55,1,1,0,真的是好老师
73587,1656,陈志国,2018-02-02 04:25:37,20,21,1,陈老师真的是个特别慈祥的父亲呀！他在群里给他女儿拉票真的是太有爱啦！陈老师的平时分是给满的，小测也超级简单只是检验你来不来上课的作用！虽然考的不大好但素还是不能否认陈老师炒鸡好啦！
76169,1656,陈志国,2018-03-28 07:42:32,2,2,0,老师超级好
78627,1656,陈志国,2018-05-14 03:16:26,0,6,6,感谢陈老师 线代甲期中91 期末95 满了
80191,1656,陈志国,2018-06-21 08:59:29,0,1,1,老师人挺好，就是讲的笼统，可能我不是数学大神吧，老师有点吃力。。。
83124,1656,陈志国,2018-07-09 18:59:08,-8,4,12,在只有及格和不及格的留学生班出了很多证明题，也没有展示大家的平时分，对于考试后大家的疑问选择逃避，非常无语。平常看来的人少就会点名，有各种点名方式，所以平常一定要去，要问清楚老师考什么题型和题型范围，不然会收益与付出不相关，因为到头来还是只有1.5，留学生就应该只用掌握计算，根本不需要也没那个能力掌握证明，不知道他怎么想的
86883,1656,陈志国,2018-09-19 07:00:54,25,28,3,czg我男神！\n\n怒打10分！见过数学课如此激情澎湃生怕自己没讲清楚还会留可爱的小问题的老师吗？见过数学课“我们来画个n维的球……ball啊！”经常冒出可爱的英文的老师吗？“文科高数并不难，文科高数太有趣了”是他的教学目标；数学哲学英文神学结合真的是快乐的课堂。超级有趣，超级厉害！只上了一节课，实力圈粉！绝对的好老师！快点选！
88580,1656,陈志国,2018-11-02 02:47:16,-5,1,6,无聊 困 严格
89803,1656,陈志国,2018-11-21 01:30:52,10,12,2,以后想找个陈志国老师这样可爱又帅气的迷人数学系男友呜呜呜呜\n\n讲得很好很明白，最开始一两节课可能听不太懂，但越到后面越觉得水到渠成！
91490,1656,陈志国,2018-12-11 15:04:51,36,44,8,老师，有一个问题一直困扰着我。今天，我终于鼓起勇气，想向您请教！请问您和陈志坚老师、陈志强老师是什么关系呢？
91723,1656,陈志国,2018-12-19 01:09:53,0,1,1,很棒很温柔的老师!
92335,1656,陈志国,2018-12-28 01:48:38,0,1,1,超级喜欢陈老师，很可爱的老师
92904,1656,陈志国,2019-01-05 12:50:48,0,1,1,讲的有些快，但小测比较简单，跟得上的话能学到很多。\n\n老师很可爱！
92905,1656,陈志国,2019-01-05 12:54:10,4,5,1,讲得很快很难，但老师好可爱，自带萌感。经常讲着讲着就突然谈起哲学问题和数学之美，有种古希腊的集数学家和哲学家为一身的风范。
93484,1656,陈志国,2019-01-10 04:01:53,1,2,1,老师人真的很好！！水平也真的很高！！
94115,1656,陈志国,2019-01-23 03:21:55,2,3,1,出分前来给个十分\n\n老师人超级好超级可爱！
94146,1656,陈志国,2019-01-15 10:11:39,-1,0,1,哈哈哈哼
94798,1656,陈志国,2019-01-18 07:48:46,0,1,1,老师人超级超级好！课讲的很好，人也很有趣！
95228,1656,陈志国,2019-01-19 05:20:33,4,6,2,老师讲课真的超级好，非常照顾我们，男神♪～(´ε｀　)。嗯，今年期末很难，成绩没出，我先来赞一下老师，希望数学再爱我一次。如果不幸 明年还来选老师的课。还记得冬学期小测，本来以为死定了，但老师只扣了一点点的分? 感动(ಥ_ಥ  大爱? 老师
95382,1656,陈志国,2019-01-19 09:43:40,4,6,2,呜呜呜呜我要吹爆陈老师！！可爱又迷人实锤！！个人感觉其实老师上课节奏挺好的呀 “有人说我上课跳跃，那这个，那他怎么不说教材跳跃呢？”哈哈哈哈哈哈哈哈哈！文科女孩数学之旅大概就此结束了，感谢陈老师！！
98101,1656,陈志国,2019-01-23 05:20:29,1,2,1,老师萌帅萌帅的！讲课也不算很快，而且也很好听懂。我舍友的老师讲课比陈老师总要快一章……后来不好好学是我的锅呜呜呜，下学期还来选您的课！
98113,1656,陈志国,2019-01-23 09:44:11,4,5,1,真的好老师，能控制的平时成绩都给学生满了，小测也不难。期末考靠自己，如果没考好不能怪老师了
98121,1656,陈志国,2019-01-23 05:45:27,-1,1,2,老师上课很生动，而且老师好可爱啊!!!
98126,1656,陈志国,2019-01-23 05:49:34,1,3,2,老师超级好，给分也很好
98132,1656,陈志国,2019-01-23 05:57:42,2,4,2,上的是陈老师的高数。老师人是真的很好，温和，有礼，博学，体谅学生。老师上课细致，很照顾学生进度，期末给分也好，好好学好好考，成事在自己。
98137,1656,陈志国,2019-01-23 06:03:54,-4,3,7,这学期唯一一次点名都错过的我，居然平时分拿满了！今年高数很难，我好多不会做，还是得了3.9。老师像大家的长辈一样，非常可爱非常和蔼！痛恨数学但是喜欢老师！赶紧给老师刷10分！助教态度也特别好！另外我终于再也不用学数学了哈哈哈哈哈哈哈～
98157,1656,陈志国,2019-01-23 06:32:23,2,3,1,老师很细心，给分很好(高数)\n\n没拿到好学分的只不过是自己没有好好复习没有听课而已。。\n\n
98169,1656,陈志国,2019-01-23 06:48:49,1,2,1,陈老师真的很好很好！\n\n超级喜欢了?\n\n必须十分！！
98202,1656,陈志国,2019-01-23 07:34:14,-7,1,8,高等数学：难道是我期末考试实在太差了吗?自我感觉还不至于吧。。。平时每次作业都交，小测也很好，我和室友期中考试卷面差3分，，，期末最后我79她88。。。???
98265,1656,陈志国,2019-01-23 08:52:51,2,3,1,老师人好课有趣，数学男神。
98376,1656,陈志国,2019-01-23 11:32:01,1,2,1,老师真的很好很可爱啦 高数有不懂的问题脾气也特别好 但是我上课不太认真太水了完全没料到期末这么难呀
98823,1656,陈志国,2019-01-24 03:38:35,1,2,1,老师真的很好，只是其实上高数的大部分同学都挺难跟上的，老师上课好快，但毕竟课程内容那么多，慢了也就讲不完了。我虽然在高数上付出很多时间 最后低分飘过，但是老师真的很好啦
98836,1656,陈志国,2019-01-24 03:51:51,-1,1,2,老师很棒，多谢平时分给满
99114,1656,陈志国,2019-01-24 09:29:58,4,5,1,期末考试成绩三十多分也没挂科 多亏老师平时分给了满分 老师教得好 是我太菜了55555这么差的分数感觉对不起老师
99436,1656,陈志国,2019-01-24 23:10:48,2,3,1,老师很可爱，上课也还可以。给分可以说是很温暖了。
101560,1656,陈志国,2019-01-28 12:31:06,39,41,2,我实名吹爆陈老师，虽然我绩点是所有课里面最低的哭唧唧(´;︵;`)但老师真的很好!!是我太不争气了，数学是我永远的痛。。。老师有历史、哲学素养，很有风度，是你能想象中的那种学者姿态。我觉得把一个学科学到高深处就会有学科交杂的思考了吧，陈老师应该就是这样的。他还夸文科生聪明，开心～\n\n讲课节奏真的算合适的了，我基本跟的上，我室友跟着我旁听了一节，说他们老师太快了跟不上哈哈\n\n还有老师的各种小细节老是戳到我，感觉很感动。最后说一句：老师长得好像我爷爷，我对老师天然好感度就很高【我没有说您年纪大的意思，顶锅盖跑走】
102862,1656,陈志国,2019-02-24 11:41:20,0,2,2,真的是好老师，而且是唯数不多的出分后还会安慰没考好童鞋的
102895,1656,陈志国,2019-02-25 00:31:31,9,12,3,博士了，每每回想起本科，永远忘不了陈志国老师！！浓浓师生情，保护了一个当时在挂科阴影中的孩子
103846,1656,陈志国,2019-03-06 08:36:02,1,2,1,老师超级好
104022,1656,陈志国,2019-03-10 11:36:19,2,4,2,老师好可爱！
105439,1656,陈志国,2019-04-13 06:21:22,4,6,2,我哭了！！我好怀念大一秋冬上陈老师高数课的日子啊QAQ
117157,1656,陈志国,2019-09-20 09:14:58,5,6,1,两节课讲50页的老师呜呜
117158,1656,陈志国,2019-09-20 02:42:01,1,4,3,好跳跃 根本跟不上好吗
117159,1656,陈志国,2019-10-23 00:18:20,3,4,1,我要加油加油
117822,1656,陈志国,2019-10-03 15:39:18,3,3,0,害，好想念跟着陈老师学高数的日子！说节奏快的学弟学妹们，相信听到后来一定会适应然后变好的呀，陈老师真的好好呜呜呜呜呜想念！！！
118773,1656,陈志国,2019-11-01 01:14:46,5,5,0,特别温暖的高数课堂 让文科生有踏实的感觉\n\n讲课很好啊 语言也很风趣 很照顾我们！
118977,1656,陈志国,2019-11-09 01:33:12,11,11,0,老师贼好，整天笑眯眯的。我觉得他说话讲课很有趣，就是会莫名戳中我笑点的那种，很可爱，满分(｡･ω･｡)ﾉ♡
119630,1656,陈志国,2019-11-14 10:40:08,5,5,0,学的高数，老师炒鸡帅哒，人也很温柔很耐心，满分！他还喜欢新鲜空气哈哈哈哈。
120853,1656,陈志国,2020-01-17 22:12:35,6,7,1,很棒的老师，人很好，平时分直接给满
121223,1656,陈志国,2019-12-27 02:39:28,7,7,0,作为一个数学功底不那么好的文科生\n\n听老师的课真的可以学到很多\n\n老师虽然很大佬但是还是很负责任一个个知识点讲解\n\n解答问题的时候也是很耐心的。
121808,1656,陈志国,2020-01-22 03:14:16,5,5,0,重点突出，幽默风趣。但要取得好成绩，就要认真写作业，做练习
121835,1656,陈志国,2020-01-22 09:14:26,18,18,0,高数，陈大仙超级帅，讲的也超级好，对学生耐心细致，就是期中考试后讲的有点快（毕竟这学期少了一个多星期不怪老师），纸质作业比别的班电脑上作业靠谱多了。这学期遇到最有魅力的老师。高数一定多刷题，不然学不好
121996,1656,陈志国,2020-01-29 14:58:59,6,6,0,最开始觉得他讲的一般，后来觉得他人好课也好，很好的老师，高数满绩超开心哈哈～想拿高分平时还是要自己练习哦，不会的题目搞搞懂就好啦
124427,1656,陈志国,2020-07-01 03:31:48,6,6,0,神仙数学老师！\n\n讲课节奏和风格都很好
128543,1656,陈志国,2020-12-23 16:53:02,3,3,0,讲课很好 高等数学很棒
128624,1656,陈志国,2020-12-25 00:43:18,2,2,0,很细致的老师
130939,1656,陈志国,2021-01-25 16:32:56,2,3,1,老师会捞人！！！选！！！
132126,1656,陈志国,2021-01-30 12:11:47,1,2,1,呜呜，卡绩了
132158,1656,陈志国,2021-01-30 17:23:49,1,2,1,老师没捞还卡绩了呜呜呜 期末卷子题型也没说清楚呜呜呜 菜鸡哭了
133399,1656,陈志国,2021-02-27 03:33:06,1,2,1,陈老师我i！！！！！！又帅又可爱 为了陈老师我还想再上一年数学！！！！
140184,1656,陈志国,2021-09-03 11:03:28,1,1,0,努力即可
141685,1656,陈志国,2021-10-20 02:35:42,6,7,1,又帅又可爱，认真又有趣！\n\n虽然不听课，但是很喜欢！\n\n极其友好！！怒打十分！！\n\n老师值得！！！！！！！！
141875,1656,陈志国,2021-10-29 02:21:19,18,20,2,“快快地”
142737,1656,陈志国,2021-11-15 15:41:20,-5,2,7,是好老师 但我太菜了 跟不上老师的思路 如果和我一样有数学很渣的 可以选孙方裕老师 听说讲的很详细
143978,1656,陈志国,2021-12-15 02:01:10,-15,3,18,古板的要死，有的同学做小测因为摄像头没开成绩就被拿掉，并且我的摄像头一直都开着，他那边没显示就算没开，怎么解释都不听，无语至极。
145641,1656,陈志国,2021-12-31 01:41:00,4,5,1,老师人很可爱，虽然上课没有怎么听他讲，但真的是能感到老师很用心很用心的在讲，课后的作业都是课本上的 ，小测也比其他班简单，值得选呐
145756,1656,陈志国,2022-01-01 12:16:24,13,14,1,能从老师现在的影子中看出当年一定是男神！\n\n很负责的老师，大过节的还特意开了直播接着讲往年的期末考试卷子，隔壁室友都馋哭了（bushi\n\n学完这学期就跟高数再见了，要不是能力有限真的还想继续上老师的课呜呜
146019,1656,陈志国,2022-01-05 04:26:42,6,8,2,超级棒的老师！都选他选他！考前还会给我们讲历年卷自己加班呜呜老师超好
147007,1656,陈志国,2022-01-08 11:38:57,5,6,1,纵使仍未出分，我也已经按捺不住，想来给陈老师打个高分，也希望陈老师能给我打个高分，笑。\n\n大学开始染上了手机瘾，上课也总是刷两下手机，导致学习沉不下心。但高数课被陈老师的一次小怒给点醒了。这么好的老师在台上兢兢业业地付出，我却在下面耗费光阴，想来愧疚万分。\n\n我爱陈老师。这里也和数学告个别吧！
147061,1656,陈志国,2022-01-08 14:12:54,3,4,1,陈老师真的很好，高数开始上的可能有些快，毕竟是有课程要求的（但是陈老师已经很慢了），认真听还是可以听懂，然后老师自己很热爱数学，课上给我们讲他以前的故事很有成就感，觉得这份赤忱很感染人
147487,1656,陈志国,2022-01-10 05:24:38,3,3,0,最爱阿国！！！和蔼慈祥敬业负责，还很关心学生
147505,1656,陈志国,2022-01-10 05:58:04,3,4,1,老师人很好，唯一的不足就是他是教数学的，我恨数学，但是我比较喜欢陈老师
147510,1656,陈志国,2022-01-10 06:18:55,0,1,1,谢谢陈老师，非常非常好的老师，和蔼慈祥！！！
147606,1656,陈志国,2022-01-10 09:36:29,0,1,1,我男神
147610,1656,陈志国,2022-01-10 09:41:49,4,5,1,好老师！选他！耐心又负责，考前还在钉钉群额外讲解历年试卷，考完为了算分出分忙到傍晚午饭都没吃。人文学生最后一次学数学，很感谢遇到了好老师（当然平时自己也要认真学），算是和数学比较满意地告别了。
147674,1656,陈志国,2022-01-10 12:02:18,3,4,1,感谢老师的满绩
147735,1656,陈志国,2022-01-10 14:54:05,0,1,1,非常好👍！！！
148282,1656,陈志国,2022-01-12 05:04:23,2,3,1,老师太可爱了\n\n讲课也很亲切，给分也很好
148343,1656,陈志国,2022-01-12 07:43:57,5,6,1,真的是大师级别的老师，思路很快，人很和蔼，考高数前给我们讲了历年卷，最后绩点4.8，简直男神！
148775,1656,陈志国,2022-01-13 13:02:44,2,4,2,老师人很好，考前带着我们做历年卷（买不到的那种），认真听的话最后考试会很顺利。平时小测也不难，作业量可能稍微比其他班大一点，但学习效果还是很好滴！10分献上～
148976,1656,陈志国,2022-01-14 05:35:47,5,7,2,非常幽默的老师（老师从未想过走搞笑路线，但不知道为什么整个人就是看起来很搞笑）!上的是陈爷爷的高数，感觉是可以听得懂的，节奏还可以，课后好好做作业，绩点不会低的。
149386,1656,陈志国,2022-01-15 08:11:15,0,2,2,超级认真负责的老师，我一个数学渣渣最后也收获了高绩点。老师还在考前给我们讲真题卷，甚至牺牲周末时间线上开课分析历年卷。都给我选他!
152891,1656,陈志国,2022-04-21 08:51:27,0,2,2,10分的好老师！！
153102,1656,陈志国,2022-04-25 13:12:40,-1,0,1,老师很好很负责 就是口音有点重哈哈 我数学不好 也被捞到了2.4 已经很开心了 满意了
153256,1656,陈志国,2022-04-27 07:11:07,0,1,1,老师讲课挺好的，有耐心也挺细心的，即使上网课也能很好的照顾到线上的同学～
153688,1656,陈志国,2022-05-08 08:44:34,3,4,1,老师！！人！！真好！！分！真高！！选爆他！！！！
155082,1656,陈志国,2022-06-08 06:00:03,6,8,2,不是选的陈老师的高数，但是有必要来夸他一下。\n\n老师很负责任，有点名什么的，期末前为班里的同学讲解历年卷。为了复习我就智云了一下他的课，感觉对我复习和期末考都很有帮助。
156051,1656,陈志国,2022-06-17 08:51:43,-15,3,18,线代不要选他，期末出的什么恶心题目
157367,1656,陈志国,2022-06-23 05:19:18,2,3,1,选了线代导论，作为线上同学，老师很负责任，也很关心线下同学的进度，课上也和线上的互动。数学课的作业量还是有的，但认真复习准备多做模拟卷，考试肯定没问题，最后的最后，得到了满意的分数！
157781,1656,陈志国,2022-06-24 22:59:36,3,4,1,老师人很好，很负责
157841,1656,陈志国,2022-06-25 05:41:43,1,3,2,老师蛮好蛮可爱的！但是期末考卷对线上来说设计太多概念题了 还是希望给我们解数学多一些好一些。给分算蛮好的，老师也很照顾线上学生，有问题也会及时回复同学。
160968,1656,陈志国,2022-10-21 06:49:54,3,4,1,爱死，放心选
160969,1656,陈志国,2022-10-21 06:49:54,3,4,1,爱死，放心选
161051,1656,陈志国,2022-10-25 03:21:51,4,5,1,很温柔很可爱的数学老师
161381,1656,陈志国,2022-11-05 13:12:38,-27,3,30,不负责，混日子，等退休，没乐趣
161719,1656,陈志国,2022-11-11 05:10:23,5,6,1,特别可爱，特别喜欢听老师的课。很好的数学爷爷，很亲切
163708,1656,陈志国,2022-12-16 03:38:44,3,5,2,陈志国老师真的很可爱！！！！！
163872,1656,陈志国,2022-12-16 10:27:21,1,3,2,真的很喜欢陈老师
165189,1656,陈志国,2022-12-30 02:56:58,-22,4,26,只针对教学水平：教学极不负责，上课只会念ppt，例题都讲不清楚，全宿舍的人都靠b站自学\n\n当然人还是挺好的
165888,1656,陈志国,2023-01-10 08:38:18,3,6,3,陈老师人很好的，课讲的也不错的，举的例子生动有趣，可能高数不是特别难，没因为学不会对老师产生不满情绪……老师会点名的，不敢翘课。给分好像也是会捞的。陈老师可能没有叶老师帅，没有孙老有趣，但是预制上陈老师完全没有必要换，能不能学会还是自己的原因多一些，老师讲的绝对没有问题。老师应该快退休了，相信我，选上陈老师的课绝对能从高数课堂中得到知识上的收获和心灵上的慰藉。
166721,1656,陈志国,2023-01-13 10:05:00,4,5,1,讲课很好呢，老师很可爱，小测不为难学生
166847,1656,陈志国,2023-01-14 02:12:30,3,5,2,很好的老师！非常和蔼哈哈，水平也很高。虽然讲课可能是进度挺快的，需要自己课后再整理。三次小测都是基础的题，“小测的话我觉得你只要来了听了90肯定没问题”。最后给分也很好！
166938,1656,陈志国,2023-01-14 09:51:03,5,7,2,老师的高数小测都很简单，上课偶尔一些通俗易懂的解释也很有趣。好好学 最后谢谢老师的满绩！！
167663,1656,陈志国,2023-01-18 07:35:29,7,8,1,阿国真的很耐心！！！期末前还会讲历年卷！！！给分也很好！！！
167807,1656,陈志国,2023-01-19 07:23:15,-5,3,8,小测非常简单，缺点是经常点名。。。讲课水平一般般
168852,1656,陈志国,2023-02-23 02:59:09,-1,0,1,很喜欢的一位老师
169006,1656,陈志国,2023-02-24 03:31:05,0,1,1,文科高数。陈爷爷讲课很慢很耐心，经常会问我们有没有听懂。出卷很厚道，给分也好，平时作业也蛮基础的。认真学一定会有高分。
169009,1656,陈志国,2023-02-24 03:35:57,0,1,1,真的很爱！有时候会有点想活跃课堂氛围的小幽默，小测和考试平时认真学就能高分！
169010,1656,陈志国,2023-02-24 03:37:29,2,3,1,陈志国大好人！！！
169011,1656,陈志国,2023-02-24 03:37:55,0,1,1,好喜欢他 给分好好 文高出题也简单🥹🥹
169018,1656,陈志国,2023-02-24 04:13:40,7,9,2,文科高数，能看出来老师是好人，但是压低考试90分以上同学的平时成绩是不是不太合适啊，大多数90分以上的同学平时作业也是花很大心思的，有可能不压低平时分就上了一个档次呢
169026,1656,陈志国,2023-02-24 04:55:53,0,2,2,好老师，数学一直不好，通过努力拿到了4.8！
169098,1656,陈志国,2023-02-24 09:26:04,-1,0,1,强推！这学期的课中体验感top3！很和蔼的老爷爷，讲课个人觉得还不错，可能对大佬们而言节奏会慢
169196,1656,陈志国,2023-02-24 15:03:33,-1,0,1,好老师!因为老师爱上了数学并且拿到了满绩
169393,1656,陈志国,2023-02-26 02:29:11,0,1,1,超级喜欢陈爷爷，上课节奏慢，还很可爱！
169460,1656,陈志国,2023-02-26 09:20:32,3,4,1,志国爷爷真的很好，上课很体谅文科同学的数学水平，感觉在很努力的放慢进度。我一节课没听，甚至翘了两节课，考前突击自学复习，最后4.8。我平等的热爱每一个不点名的老师。
169508,1656,陈志国,2023-02-26 13:48:27,5,7,2,讲课很认真，讲的也很好不生硬能让数学基础薄弱的人也很容易理解。\n\n最重要的是老师真的会捞！！！\n\n学数学没有czg，就像西方失去了耶路撒冷！
169576,1656,陈志国,2023-02-27 03:54:31,-1,1,2,超爱的老师
169916,1656,陈志国,2023-02-28 11:21:22,0,3,3,人超级好，谁懂啊！！！！！！赶紧选他，不管多烂都会捞你的！！！！人也温柔，会耐心讲题，真的很棒！！！！
170040,1656,陈志国,2023-03-01 06:01:20,-2,1,3,超级赞！有点名  也有小测  老师讲课节奏还可以，会很照顾同学们  给分好
170723,1656,陈志国,2023-03-08 14:43:03,-1,3,4,超级喜欢志国老师！！人也很好给分也很高！
171395,1656,陈志国,2023-03-23 08:38:51,-3,0,3,感谢老师
179718,1656,陈志国,2023-09-19 13:10:27,-2,1,3,很喜欢 真老师
180713,1656,陈志国,2023-09-25 08:35:08,-1,2,3,陈老师真的很温柔
180758,1656,陈志国,2023-09-26 01:32:24,0,3,3,很会站在学生的角度思考问题，很随和，提问都会解答
181223,1656,陈志国,2023-10-12 03:11:07,-2,2,4,老师好和蔼，好可爱
182144,1656,陈志国,2023-11-10 14:42:06,-2,2,4,老师很温柔很和蔼的哦
182446,1656,陈志国,2023-11-16 05:18:24,0,4,4,挺好的老师，我是文科生，只要认真听也能听懂。特别幽默哈哈，上课讲话慢吞吞的很好玩。一直洛必达~快乐地洛必达~
184199,1656,陈志国,2023-12-12 17:34:55,6,10,4,这学期数字点名快有10多次了 总算硬气起来了 真的太夸张了阿伟 一个文科高数 一周就4节课 又没让你回答问题啥的 一半人不来上课 让苦b室友帮忙签到 还有和老师撒谎网卡的 被老师戳穿了还在群里吐槽。。这素质也是没谁了😅😅
184215,1656,陈志国,2023-12-13 06:49:33,0,4,4,爱志国哥哥
184216,1656,陈志国,2023-12-13 07:04:12,0,4,4,十分，没话说！
184612,1656,陈志国,2023-12-22 02:59:45,-2,2,4,老师教课很棒，解题思路清晰，简单易学。上课轻松讲课有趣。
185483,1656,陈志国,2023-12-30 09:50:16,-2,9,11,每次上课不知所云，高等数学一本书我全靠自学，讲课枯燥乏味，速度还很慢，自学都比听他讲课效率高
185914,1656,陈志国,2024-01-06 03:23:14,-3,2,5,高数。老师真的循循善诱，讲原理深入浅出。认真学习课程以后发现老师上课的体系非常完善，对知识点框架的建构是精雕细琢的；在细节内容上也详略得当，虽然小部分有时候会一笔带过来着，但是关键的部分真的讲得非常透彻。认真聆听和思考的话，课堂真的非常生动有趣，怎么说呢，感觉老师和数学很默契，作为学生有时候聆听时真的对此感到心潮澎湃......学习过程中收获了很多思维上的启发，能体会到很多必要和意义，非常充实。
186544,1656,陈志国,2024-01-11 14:58:44,-2,2,4,绝对的好老师，和蔼可亲
187061,1656,陈志国,2024-01-14 09:38:09,-3,1,4,上课很好，体谅学生，绩点还行。
187515,1656,陈志国,2024-01-16 12:21:14,-3,1,4,感谢老师海底捞，老师真的很好😭😭😭😭😭😭
187617,1656,陈志国,2024-01-17 01:11:00,-3,2,5,我爱你
188292,1656,陈志国,2024-01-18 14:55:33,3,6,3,说真的，给分不给看，怎么给分也不知道，莫名其妙，给分不好呵呵^_^
189070,1656,陈志国,2024-01-21 14:45:42,5,5,0,很和蔼也很讲道理，但是说真的上课节奏很迷……建议是自学，效率更高。
189200,1656,陈志国,2024-01-22 10:09:50,6,7,1,讲课不行，不如自学。总评比期末卷面低很多，还卡绩。平时分出分前也不公布，不知道您怎么想的捏。
189653,1656,陈志国,2024-01-26 09:26:13,-1,4,5,陈老师讲课水平非常高，而且知识面非常广，文学哲学等等，确实是真正的学者姿态！\n\n只不过有时候讲的太快啦，只能听回放才能跟上并且弄懂，文科高数还是要自己课下多多下功夫\n\nps：真的不要翘课也不要迟到，水平这么高岁数又挺大的的老师在讲台上一遍一遍对人名，每次签到完都有一堆人又围上去补签，让老师非常无奈而且不满，在底下看着也很不是滋味…
190103,1656,陈志国,2024-02-21 16:50:44,9,12,3,文科高数。给分很迷，问了同学，一堆3.几的，主要是平时分迷惑也不会公布，期末的话不捞，很求是
190122,1656,陈志国,2024-02-23 03:40:03,-4,1,5,陈老师是特别好的高数老师，原本我高中数学不好，也非常害怕微积分这些东西，陈老师说微积分可以“玩”，听了课以后也慢慢感受到了这种解谜的快乐。期末考试卷子很难，出分以后感动死了，谢谢老师捞😭
190207,1656,陈志国,2024-02-25 11:31:10,4,5,1,懂的都懂
190353,1656,陈志国,2024-02-28 10:36:24,1,6,5,先生之风，山高水长。
190355,1656,陈志国,2024-02-28 11:01:53,6,8,2,老师人好，给分迷惑。。。
190630,1656,陈志国,2024-03-12 09:01:19,15,18,3,文科高数变了 给分不再是人均4.2那种了 给后来的学弟学妹提醒一下 一定要好好学！！
194999,1656,陈志国,2024-06-26 08:00:13,-1,5,6,一分不是我的极限，而是打分系统的极限；\n\n学弟学妹们在看教师评价的时候呢，要点击最新评论，老师是可以“黑化”的，人是动态可变的。\n\n难评的是，之前老师给分好，所以査老师系统分高；\n\n现在我想说的是，你自己讲课是真不行，上课拿出你那个八百年压箱底的ppt；\n\n两节课一个半小时，你还不如我自学20分钟学的多；\n\n教学不行，给分还不好，那我们也不客气了。
196763,1656,陈志国,2024-07-05 03:50:00,0,3,3,呜呜呜呜呜我好爱陈老师，他真的很捞同学啊啊啊啊啊，谢谢你教我线性代数这门课程变得有趣，比想象中没那么难。老师每一节课都出题让同学做，我觉得这样很好的能让我们练习练习，考试也都是他教我们的公式。最后非常感谢老师出考试题能让同学可以做的，不出那么难！谢谢您。
201988,1656,陈志国,2024-11-08 03:19:31,1,1,0,高数课几乎每次点名，室友的文高从没点过，本来数字签到一早起来听智云，结果突然改成了纸质签到
202519,1656,陈志国,2024-11-13 03:14:14,5,5,0,陈老师，我被圈粉了，虽然文高学的真的比较浅，但是老师上课真的很细心。写练习的时候还会下来给没有草稿纸的同学发草稿纸，被陈老师狠狠圈粉🤲
203527,1656,陈志国,2024-11-20 02:48:30,7,7,0,“快快地做，快快地报答案～”
205703,1656,陈志国,2024-12-11 11:06:36,3,3,0,【高等数学】老师很和蔼，上课水水的很安心，不小心睡着了也无事发生。\n\n但是去年期末教考分离比较严重，上课讲的太浅。期末有些超纲（可以移步98查找）
207314,1656,陈志国,2024-12-20 10:36:15,0,0,0,老师讲课非常关心学生！反正是非常非常好！
207926,1656,陈志国,2024-12-25 03:37:05,0,0,0,好好好好得没话说TT
208500,1656,陈志国,2024-12-28 12:26:47,0,1,1,(文科高数)因身体不适在钉钉上跟老师请假，结果老师一直未读。。。。。
210362,1656,陈志国,2025-01-09 03:52:30,0,0,0,老师上课不知道怎么样，因为大一小登是真的不太听课，老师点名比较多，还是上课时点名，防不胜防，一定要注意听课，不然就像我一样到场了但是没签到。但老师给分真的很好，像我挂了一次小测，期末也很一般，签到基本没签 绩点居然还有3.9，浓浓的师生情啊😭😭😭
210367,1656,陈志国,2025-01-09 04:02:15,1,1,0,高数是第一门满绩的课～老师讲得很好，就是差不多每堂课都点名
210389,1656,陈志国,2025-01-09 04:53:17,0,0,0,海底捞
210450,1656,陈志国,2025-01-09 07:41:42,0,0,0,啊啊啊啊啊啊超好的老师！
211075,1656,陈志国,2025-01-10 13:39:06,0,0,0,【高数】老师讲得很好，很会为学生着想，非常和蔼的老师
211317,1656,陈志国,2025-01-11 07:43:32,1,1,0,爷爷很温柔，讲的很好…我自己能力不太好…TT\n\n上课只记得小朋友你快快的写
213570,1656,陈志国,2025-01-18 09:49:56,2,2,0,文科高数\n\n陈老师真的是很有学者风范的好老师🥺\n\n老师很温柔，给分很好！\n\n教学很用心很认真，看得出来是真的很热爱数学并且乐于传播自己的知识！\n\n这学期上课点了四次名，非雷达签到\n\n有两次小测不算难（主要是我不会\n\n助教回消息很快，人也很好很负责！\n\n选课的话，墙裂推荐！
213573,1656,陈志国,2025-01-18 10:11:24,2,2,0,谢谢czg！！！\n\n很慈祥的老师 看到你没带书还会给学生自己的教案当草稿纸\n\n文高大家可以多看看PPT 上面知识挺全的\n\n“快快地写”“快快地报答案”（狗头）
213583,1656,陈志国,2025-01-18 10:35:36,2,2,0,陈老师很幽默，期末考试复习教材完全够用
213624,1656,陈志国,2025-01-18 15:30:01,0,1,1,之前小测没满，但是算上期末竟然也能给满，而且期末考试特别简单，陈老师人也特别的幽默随和，知识渊博
213701,1656,陈志国,2025-01-19 08:17:53,1,1,0,超级好的一个老师!!!很可爱，文科高数讲的通俗易懂，考前还会划重点。大家要注意第二次小测，我因为第一次小测太简单就直接裸考第二次了，结果贼垃圾，虽然是赋分但是甚至没有及格。。最后还是满绩了，感谢感谢，大爱陈爷爷
213725,1656,陈志国,2025-01-19 09:23:34,1,1,0,陈老师上课很和蔼，然后也很为学生着想，钉钉上的消息不管是助教还是老师都会及时回复。
219451,1656,陈志国,2025-05-27 14:40:07,0,0,0,感觉就是教数学通识课的老师中的平均水平
1670,1750,韩刚,2015-06-21 13:58:10,1,8,7,还不错
5445,1750,韩刚,2015-07-07 13:42:49,0,10,10,给分太刁
17675,1750,韩刚,2016-01-20 15:20:17,1,3,2,6666
27053,1750,韩刚,2016-06-22 13:03:02,4,8,4,低音炮，简直迷醉
28123,1750,韩刚,2016-06-28 08:08:01,48,54,6,教过我的最帅的数学老师……
28340,1750,韩刚,2016-06-28 08:36:05,2,5,3,挺喜欢他的，很帅长的，教课也很好，虽然抽代基本不是数院的话没人敢选。
28347,1750,韩刚,2016-06-28 08:37:48,4,7,3,上过韩哥哥两门课，很严谨，课讲的不错，人也很好~
29232,1750,韩刚,2016-06-29 12:56:35,32,34,2,老师人有耐心，斯文没脾气，讲的清楚，就是我们自己懒有些东西记不住所以后来跟着有点难。考试是真没做出来..虽然感觉没做出来的也不至于那么多吧TAT..给分就不要挑了 这种课本来考试就，难得分低，老师只是不调而已。
29256,1750,韩刚,2016-06-29 13:47:58,3,5,2,很好很好
29362,1750,韩刚,2016-06-29 15:40:35,0,2,2,不明白这次抽代期末考试的成绩大家为什么都这么惨，卷面做下来明明感觉还好……
29442,1750,韩刚,2016-07-01 12:34:47,0,1,1,唉，师生情。。。
29588,1750,韩刚,2016-06-30 04:24:55,0,3,3,讲课仔细认真，给分好
30431,1750,韩刚,2016-07-04 01:30:37,-1,1,2,6666
42789,1750,韩刚,2017-01-15 05:30:16,6,8,2,韩老师尽力了\n\n可是我渣啊555
51175,1750,韩刚,2017-05-23 01:32:26,1,6,5,不够生动，因此有点催眠
52404,1750,韩刚,2017-06-20 00:44:39,16,17,1,坐我旁边的哥们说这是他上大学以来听的最懂的一门课……上学期线代被奇葩老师坑的真的惨( ๑ŏ ﹏ ŏ๑ ) 老师又帅讲得又好以后能不能接着选啊啊
54326,1750,韩刚,2017-06-29 05:57:27,3,4,1,韩刚老师真的是个好人，讲课讲得很棒，人很和蔼，还满满的师生情。
54330,1750,韩刚,2017-06-29 05:59:19,9,13,4,老师是真的好，课难确实只是因为自己太菜。期末考试满满师生情。不管最后多少分，好评是给定了
54378,1750,韩刚,2017-06-29 08:24:51,8,12,4,老师讲的很好，一直是手写板书不用PPT，人也hin耐心。
54457,1750,韩刚,2017-06-30 01:41:30,1,5,4,(线代)讲课清楚，绩点拯救者。
54693,1750,韩刚,2017-06-30 04:53:22,0,2,2,会挂人，没有师生情。
55138,1750,韩刚,2017-07-01 01:47:55,1,2,1,讲解仔细，人很好的
55708,1750,韩刚,2017-07-02 08:36:00,-1,1,2,棒！！！
55799,1750,韩刚,2017-07-02 11:37:21,1,1,0,老师讲的不错，也挺认真，但是就是给我们做的题目不够多，然后作业答案也不完整，然后就学不好了，创造最低绩点，诶
57461,1750,韩刚,2017-07-08 06:21:16,116,134,18,全浙江大学最好的数学老师。没有之一。绝对不是乱评论的。不赶进度。一个点一个点讲得十分详细十分清楚。作业所有问题答疑十分清晰。这才是大学老师！香港大学高材生。 信基督。经常一个人在老和山下走路想问题。真学者！\n\n  下学期韩老师给大一开微积分，作为大二的我打算再去旁听。最好的数学老师。\n\n   请浙江大学所有数学老师向他看齐。
58020,1750,韩刚,2017-07-23 09:23:58,2,3,1,老师讲的很仔细，会把课本上跳过的证明步骤补充上，而且全部手写，经常一黑板一黑板的写板书。
58026,1750,韩刚,2017-07-24 04:08:39,0,1,1,韩老师特别好，而且感觉好可爱啊hhhhhh线代期末感觉答的挺好的，可是呜呜呜感觉自己没学好吧呜呜呜
59127,1750,韩刚,2017-09-20 00:44:00,3,3,0,讲课很清楚
59356,1750,韩刚,2017-09-28 02:42:19,18,20,2,很好，很有耐心，经常下来问我们课讲得快不快，坐在后排的同学能不能看到黑板，不赶进度。手写板书，真的感觉超喜欢
59899,1750,韩刚,2017-09-28 05:56:24,18,18,0,韩老师的课适合不太喜欢又害怕数学的同学，老师很帅气，有一种热爱数学的人拥有的气质。很仔细，很认真，总会关心大家是否能听懂。虽然评分没有到八，但在我心中他就是100分！微积分
59912,1750,韩刚,2017-09-28 06:45:42,4,4,0,爽，舒畅，通透
59925,1750,韩刚,2017-09-28 08:29:45,3,3,0,上过老师的线代二，不得不说这是我大学见过的的最好的数学老师，特别是和这学期的抽代形成了鲜明对比。。。他让我一个非数学专业的对代数产生了浓厚的兴趣，希望以后还有机会再听到他的课。
60640,1750,韩刚,2017-12-28 12:20:33,-11,2,13,无聊烦闷
61018,1750,韩刚,2017-11-07 03:41:42,3,4,1,挺好的 男神\n\n
61240,1750,韩刚,2017-11-13 01:57:20,4,4,0,真的超好的老师
61656,1750,韩刚,2017-11-20 01:02:42,4,4,0,老师讲课认真，逻辑清晰，证明严谨，人也很帅很温柔
64080,1750,韩刚,2017-12-21 02:10:52,7,7,0,老师讲课很有条理，我是大一，在上微积分，老师真的超级棒，选的助教脾气跟老师一样好(✪▽✪)，真想再选他的课。
64582,1750,韩刚,2017-12-25 10:41:19,1,2,1,很好的老师\n\n
64640,1750,韩刚,2017-12-26 01:31:14,-2,4,6,老师讲123，做作业做45，考试考78910
64931,1750,韩刚,2017-12-28 03:45:35,7,7,0,有耐心，讲的细，低音炮
65805,1750,韩刚,2018-01-09 07:56:26,43,45,2,"虽然老师讲课只讲书上的东西，延展不多，韩老师人真的超级好，斯文而温柔，适合曾对数学有心理阴影的孩子。\n\nPS.他还主动和同学打招呼。本以为是课上的一直小透明，韩老师不会认识我，但他居然主动，""欸，你好。""我还能说什么呢？不好意思和一点点的温心。10分。"
65840,1750,韩刚,2018-01-09 13:26:31,8,8,0,好课好老师，听韩老师上课是种享受，非常棒的老师，讲课细致入微，课外扩展丰富。真正带领学生走向数学。
65886,1750,韩刚,2018-01-10 02:31:30,13,13,0,老师上课真的非常好，很照顾到数学比较弱的同学的感受，而且没啥脾气，又长得帅，简直就是完美数学老师
65999,1750,韩刚,2018-01-11 01:49:36,7,7,0,讲的很细啊，语速慢，刚好让我们有时间边听边思考，很棒的呀\n\n
66031,1750,韩刚,2018-01-11 04:26:30,24,25,1,认同第一条评论 老师真的是学者 平时不赶进度，经常怕我们没有听懂 仔仔细细地讲了每一节课每一个知识点 偶尔会抽人回答问题，但是会一直鼓励你 结课时送了我们莱布尼茨的一句话 真的很好的老师
68478,1750,韩刚,2018-01-23 12:43:03,3,3,0,好
68527,1750,韩刚,2018-01-23 10:09:19,5,5,0,讲课很细，不调分，平时分不给满，30分平时分包括小测和作业，小测如果不是满分的话就是结结实实扣掉了。没有师生情，非常实诚的老师……
68549,1750,韩刚,2018-01-23 10:50:54,6,9,3,意想不到地挂了啊
68586,1750,韩刚,2018-01-23 11:50:05,8,8,0,老师上微积分课讲得蛮仔细的，不赶进度，也很帅气，像个大哥哥。课间还会串串教室，问问同学上课进度是否过快了，是否能跟得上，是否能看得清黑板……挺好的老师，但是自己却没有好好把握，学得不咋地，绩点自然也就不高了。平常也会抽同学回答问题，问的问题挺简单，只要好好预习就OK的;微积分小测其实也是比较容易的，多是书上的经典题型。只要好好学习，掌握得好了就比较轻松啦！
68741,1750,韩刚,2018-01-23 16:51:41,-18,1,19,给老师打10分。讲的细致，基本按课本的内容来，作业量很大。不调平时分，完全是该扣就扣，微积分差一分4.8也是心塞。
68751,1750,韩刚,2018-01-23 22:43:36,-2,1,3,老师很好，不论是态度还是能力，只是不会轻易让同学谁满平时分，非大佬慎选。\n\n
69050,1750,韩刚,2018-01-24 07:49:21,4,4,0,很好，给分超好
69954,1750,韩刚,2018-01-25 23:53:52,4,4,0,韩老师真的很好，认真严谨。第一次上大学还看到有老师补课的，十分认真负责。有时还会有思维拓展。是真的学者。只要好好学，就一定会学好
70567,1750,韩刚,2018-01-27 08:26:54,4,4,0,特别好的老师，讲课不赶进度，把每一个问题都很仔细地推导。最后的成绩虽然不高，但是心满意足
71976,1750,韩刚,2018-01-29 07:14:29,2,2,0,讲的清楚
73084,1750,韩刚,2018-02-01 01:45:01,2,2,0,太棒了
74649,1750,韩刚,2018-03-05 03:13:22,1,1,0,献身数学 质朴的老师
75380,1750,韩刚,2018-03-09 14:16:38,4,4,0,我要表白韩老师(〃ω〃)他让我开始期待这学期的微积分课
75843,1750,韩刚,2018-03-20 00:34:57,6,7,1,老师也太男神了吧。这学期微积分课前一天就开始开心了哈哈哈。讲课不紧不慢，还能把各种问题讲清楚，别的老师只讲个结论，他会把道理浅显的讲给你，声音还特别好听。微二课上讲行列式的时候，把几何背景都讲了！真的是谦谦君子哟。听他的课太享受了！
76322,1750,韩刚,2018-04-03 03:23:17,-3,5,8,完全没有拓展
79352,1750,韩刚,2018-05-31 11:04:43,0,2,2,助教讲太好了！习题课还有方法的总结！满满干活！强烈建议习题课抢个好位置呀！体验巨佳！
80167,1750,韩刚,2018-06-21 02:23:33,-2,3,5,每次上课都快睡着了。。。。安神
80576,1750,韩刚,2018-06-28 04:21:19,1,1,0,匿名赞同最高票答案
80589,1750,韩刚,2018-06-28 06:01:12,6,7,1,emmmm和老师上了一学期的微积分2，怎么说呢，我一直没怎么听课，但是偶尔抬头时会发现老师真的很认真。至于我为什么不怎么听课，因为可能老师讲的比较基础，不怎么拓展。但这也很好呀！只是不太适合我，但是绝对不否认是个好老师！而且老师真的超级超级帅呢！
80621,1750,韩刚,2018-06-28 10:50:17,11,11,0,好难受啊今天上完最后一节课了 考试的时候也不是韩老师监考 这个学期的微积分上的真的很开心了 老师人特别好 讲课确实是完全按课本 但我觉得比某些脱离教材跳来跳去的老师好多了 可能因为我比较菜吧哈哈哈 老师还经常讲一些定理背后的数学家的逸闻趣事什么的hhh 韩老师让我觉得数学是美的 是有趣的
81135,1750,韩刚,2018-07-06 23:56:40,9,10,1,不太知道大家平时情况 反正我平时分满了 而且应该本来就是满的 韩老师的微积分平时分挺好满 两次小测都比较简单 可以拿满分的那种 作业按时交 然后emm应该就满了吧 \n\n我..吹一波韩刚！我上4了啊啊啊啊啊啊啊啊啊啊啊我爱他
81631,1750,韩刚,2018-07-05 15:17:19,8,8,0,手写板书，咬字清晰。最后一节课还对我们说有些同学积极性不高是他的原因。真的非常娇羞了hhhhh
81847,1750,韩刚,2018-07-06 09:57:28,7,7,0,老师真的超好人，讲课很耐心，还会关心同学们听课的感受，绝对男神级别的老师，平时分也会给满。感谢老师
81851,1750,韩刚,2018-09-19 06:13:53,-6,1,7,
81878,1750,韩刚,2018-07-06 11:00:03,13,14,1,无敌好老师，平时分直接给满，态度太好，老师你可以凶一点
85709,1750,韩刚,2018-07-27 06:26:19,8,8,0,真的好老师！教的很细致，哪怕你数学底子很差，认真听也能听懂，很关心学生，会主动跟学生打招呼，好多次在外面主动和我打招呼，超感动！人也帅！听刚哥的课绝对不后悔！
87656,1750,韩刚,2018-10-09 08:41:02,4,4,0,最最最喜欢韩老师的课了，解答问题时超级耐心
87835,1750,韩刚,2018-10-15 09:03:51,5,5,0,最好的数学老师
89506,1750,韩刚,2018-11-19 10:47:46,3,3,0,老师很耐心
91498,1750,韩刚,2018-12-12 01:51:50,1,1,0,老师很朴素，有学者风范，对学生很好，尊重学生。这样的老师，才是真的好老师!
91563,1750,韩刚,2018-12-13 08:48:10,2,2,0,大一上的微积分老师，真的太好了。上次在东区碰见了他，很怀念他的课
91700,1750,韩刚,2018-12-18 04:53:54,0,2,2,本来想给10分的，就是教室投影仪真的太差了，坐后面看不见，全程不抬头只听(自学)
91922,1750,韩刚,2018-12-25 02:49:56,2,2,0,老师真的很好！
92787,1750,韩刚,2019-01-04 12:06:01,3,5,2,韩老师认真负责，有学者风范。10分！\n\n（线代教材编得太差！）
92946,1750,韩刚,2019-01-06 07:05:53,0,0,0,大二 数学课已经上完了 现在专业课的老师都非常差 非常想念韩老师：(这学期本来想去蹭线代 奈何没有时间 老师好温柔好温柔啊 真的好喜欢老师 希望还能有机会和老师见面
94043,1750,韩刚,2019-01-15 03:49:03,3,3,0,两个字：吹爆
94102,1750,韩刚,2019-01-15 07:49:24,3,3,0,这才是我理想的大学老师啊！韩老师对于教学真的非常用心严谨，看得出有的人在群里的无心之论让他有点伤心...我觉得自己没好好读线代都对不起他
96391,1750,韩刚,2019-01-26 09:20:08,0,5,5,上边说自己次次交作业几乎全对仍然被扣很多分的，我认为你应该申诉而不是在这里说你的一面之词。说小测不调分的，我认为如果你不认可这个早已说过的规则、考核方式，大可在开学时换一个老师。来这里抱怨平时分低，还说自己有平时多么多么辛苦，如果全班都拿一样的平时分，对我们勤勤恳恳地交作业并认真反思订正，即使是小测前也努力复习的同学公平吗？
96392,1750,韩刚,2019-01-21 02:13:04,0,0,0,老师很好\n\n就是不调分啊 难受
96429,1750,韩刚,2019-01-21 03:27:49,0,0,0,不仅知识点细致而且知识面广，走心的好老师
96443,1750,韩刚,2019-01-21 03:54:26,0,3,3,给韩老师10分，学者风范，爱数学的人也太可爱了！不过平时兢兢业业，作业没有缺过，猪脚只给了85，直接下来一个档，不知道这个分正不正常呀。。。
96449,1750,韩刚,2019-01-21 04:08:58,0,2,2,老师超用心！学的差分低是我的锅.......对不起老师......
96471,1750,韩刚,2019-01-21 13:51:46,5,5,0,平时分确实给的不高，但是老师平时讲课挺慢的，挺温柔的。给我们留思考时间。
96486,1750,韩刚,2019-01-21 05:04:17,1,1,0,不调分真的真的有点痛苦，呜呜呜是我太菜，老师真的很好……
96502,1750,韩刚,2019-01-21 05:20:41,-5,3,8,老师真的很好啊，认真负责，特别和蔼，特别有学者的气质，经常看到他自言自语想问题，老师课件间还会经常询问我们听懂没有，不赶进度。最后，感谢老师给我上4哈哈。
96524,1750,韩刚,2019-01-21 05:29:59,3,4,1,老师真的超好！是我太菜了所以绩点低
96558,1750,韩刚,2019-01-21 06:26:58,2,2,0,很适合我这种基础差的
96602,1750,韩刚,2019-01-21 07:25:09,3,4,1,挺好的，就是期末考有点炸，怎么办呢
96800,1750,韩刚,2019-01-21 10:05:49,1,1,0,韩刚老师特别好
96834,1750,韩刚,2019-01-21 10:21:49,2,3,1,最帅的老师。\n\n上课真的很充实，如果你想要学到一点东西的话。
96874,1750,韩刚,2019-01-21 11:18:56,0,0,0,老师真的很好
96978,1750,韩刚,2019-01-21 13:45:27,5,8,3,老师非常好 认真负责 讲课细致 并且不拘于教材 给同学们介绍更多的知识 帮助大家好好理解而不是只去计算 但是助教是个弟弟 隔壁平时分都给满 您就要扣下去个10几分？ 作业全都对着答案抄肯定能都对 有意义吗 扣这么多作业分
97052,1750,韩刚,2019-01-21 15:23:26,-2,3,5,老师很好，助教小哥哥也很好！平时分给满了！！
97116,1750,韩刚,2019-01-21 16:20:42,3,3,0,韩老师很温柔啊
97442,1750,韩刚,2019-01-22 09:01:24,6,7,1,上课很细致 老师很温柔 助教很emmmm 平时分不太好 和其他班期末考差不多的同学绩点差很多
97806,1750,韩刚,2019-01-22 17:40:46,8,8,0,1.老师。首先讲一下老师吧，给10分绝对值得。韩老师是非常优秀的老师。每节课前都有上节的复习，上课内容也讲得很细致，注重证明过程，遇到难点甚至会讲两遍，也有一部分额外的拓展。可以说是对基础差的很友好，对学有余力、对数学感兴趣的同学也很适合。建议同学根据自己的情况适应上课节奏。2.平时分。很多人都在讲平时分的问题。我所在的班作业分是根据作业完成情况和有没有交定的，小测也是根据小测实际情况确定，如韩老师所说是一视同仁的。可能会造成好生分高，差生分低两极分化明显，但可以说同一个老师下是公平的。也许有其他老师平时分都给满，造成一部分同学对于“明明我和他/她水平差不多，为什么绩点低了0.6这么多”的情况有所不满。3.出成绩的时候可能大家情绪都比较激动。但是不要忘了，你学到的东西应该比你获得的绩点更重要。
97821,1750,韩刚,2019-01-22 22:45:48,3,5,2,老师讲课基本按着课本来 思路清晰 就是平时每次作业都兢兢业业做了结果平时分只有85 硬是少了0.3就很气 辣鸡助教
98821,1750,韩刚,2019-01-24 03:36:50,3,5,2,线代\n\n老师讲的很仔细\n\n关键来了。\n\n平时分感人\n\n小测分感人\n\n别人班小测签到8分，我们班出了一份题，考多少给多少。\n\n别人班平时分基本给满，扣也不扣多少。\n\n我们班平时分人均80。我作业全交。有时候错一半道，就扣这么多啊。还经常有判错的题。最后被差0.几被卡绩，平时分扣了总评快2。真是佛了。。。。\n\n
98921,1750,韩刚,2019-01-24 05:14:37,1,6,5,韩老师值得满分，但是助教绝了，小测考多少给多少，作业次次交，几乎都是全对，20%的平时分扣十多分？？？讲课没逻辑、听不见，水平不高给分的脾气还不小，花了最多的时间在线代上，结果因为平时分死拖均绩，您想想这样对学生们公平吗，因为你的一念之差让我们的努力付之东流，痛心。
100738,1750,韩刚,2019-01-26 16:19:19,2,5,3,平时分，不想多说。
101889,1750,韩刚,2019-01-29 12:46:57,1,1,0,老师上课会提问，平时课上的很好，老师人也很好很好，助教学长也很有耐心，很棒
103578,1750,韩刚,2019-03-01 12:08:12,1,2,1,答疑很负责。
103922,1750,韩刚,2019-03-07 08:55:00,4,10,6,感觉像直播自己做题，给个6分
104465,1750,韩刚,2019-03-21 04:09:50,3,4,1,多听几个老师的线代你就能知道老师有多好。
104991,1750,韩刚,2019-04-02 01:07:25,2,4,2,18秋冬 线性代数 助教大绩杀....
106441,1750,韩刚,2019-09-23 08:04:10,-58,8,66,凭什么就调分，调分对我这种努力学习满绩的学生多不公平。菜还菜出理由了，真实无理取闹，哗众取宠。
111949,1750,韩刚,2019-07-03 04:09:07,-3,3,6,深度不够
111960,1750,韩刚,2019-07-03 04:32:53,2,2,0,韩老师下课会找同学聊天的～助教小姐姐很可爱（虽然我有时候不知道助教在讲什么…）谢谢老师捞我！！！
112840,1750,韩刚,2019-07-05 05:38:33,4,5,1,老师很男神，讲的很明白，线代助教小姐姐超好，真的不调分(^_^)a
113077,1750,韩刚,2019-07-05 22:48:52,3,4,1,18秋冬的出来冒个泡，王树一助教好坑
113360,1750,韩刚,2019-07-06 09:50:51,3,6,3,见证老师的评分从5到9+
113813,1750,韩刚,2019-07-07 16:59:39,2,3,1,学的线代甲。老师很认真，问问题会耐心解答，下课还会问下面的学生听不听得懂，后排看不看得见。考试的时候亲自跑来考场，提醒时间。助教小姐姐也很好(唔，其实小姐姐很优秀的，但习题课上一紧张容易卡壳)，两次小测，10分满分你来了就8分，周四一上午坐在休息室等着来补交作业的学生。至于讲课水平，我觉得中规中矩，课外还是要自己花点时间。(这不是必然的吗)
115589,1750,韩刚,2019-08-06 02:52:20,1,1,0,emmm，怎么说呢，老师讲得好！但我上课一直容易打盹。老师很友好，可能会下课找你聊天哈哈
118582,1750,韩刚,2019-10-29 01:45:53,0,0,0,讲得比较细\n\n非常负责认真
118791,1750,韩刚,2019-11-06 02:13:49,1,1,0,温文尔雅
119425,1750,韩刚,2019-11-13 00:15:56,2,2,0,讲课速度合适，思路超级清晰，声音好听，很有学者气质
120463,1750,韩刚,2019-12-09 03:29:27,3,3,0,讲课真棒
120585,1750,韩刚,2020-01-13 12:09:32,2,2,0,韩刚老师真的是好好好好好好好好好
120623,1750,韩刚,2020-01-14 01:36:54,2,2,0,非常好
122447,1750,韩刚,2020-02-28 03:36:26,3,5,2,本人亲测，很适合文科生，强力推荐哦(´-ω-`)！！！
122661,1750,韩刚,2020-03-13 07:02:52,-3,2,5,老师人是真的好，交个作业的时候笑嘻嘻地问我期中考是星期几来着，他忘了😂\n\n但是老师上课讲得实在太基础，基本上都是讲课本，没有拓展，而且最后mooc平时分统计出了问题，导致很多同学分偏低，其他老师都更正了，但韩老师说他不注重成绩这些，就没有统一更正\n\n总之还是要看自己吧，线代这东西得下来花很多时间，光听韩老师的课是不行的。并且老师不调分，拉低绩点确实有点难受
125408,1750,韩刚,2020-09-08 07:40:12,1,1,0,帅啊啊啊啊啊啊啊啊啊啊！！！！
127346,1750,韩刚,2020-11-20 14:23:34,0,0,0,男神！！！
128720,1750,韩刚,2020-12-25 05:37:41,2,2,0,时过一年前来评分，记得我选课的时候，预置韩老师的线代，那时候评分八点多，刚来浙大没敢退课。结果一学期上完老师评分飙升至今，实在是太幸运了！给10分！
129011,1750,韩刚,2020-12-28 09:15:34,0,0,0,老师性格很好，讲的超棒
129358,1750,韩刚,2021-01-04 13:06:45,0,0,0,非常好 真的很帅233
132019,1750,韩刚,2021-01-30 03:06:20,0,1,1,老师帅且有气质。\n\n每节课最后会谢谢大家，太温柔了。\n\n在校外遇到他打招呼，他不认识我还会说不好意思呜呜。\n\n上课比较慢节奏，也很少引申，大多书本上内容。对于小白来说很友好啦！
132349,1750,韩刚,2021-02-01 03:46:20,4,4,0,这还有的说，十分给满啊！我平时大一不知道平时分的厉害，以为考试考好就行，结果期末算下来我铁挂，老师平时分直接给我加满了！！！人太好了！！！感谢给我重新改造的机会，下学期一定好好交作业！
132356,1750,韩刚,2021-02-01 05:04:43,2,2,0,超级棒！很耐心给分好，特别温柔，十分关心学生。韩刚老师yyds
132655,1750,韩刚,2021-02-03 06:58:41,0,1,1,好老师啊，人帅课好还和善，必须高分
133451,1750,韩刚,2021-03-01 02:13:20,0,1,1,十分十分，有什么可说的
142557,1750,韩刚,2021-11-13 08:19:51,0,1,1,韩刚老师，我的超人！
146947,1750,韩刚,2022-01-08 06:52:17,2,3,1,捞我了啊i love u 我滴超人👍🏻👍🏻👍🏻👍🏻👍🏻👍🏻👍🏻👍🏻😍😍😍😍😍
152287,1750,韩刚,2022-04-01 11:55:54,1,3,2,非常敬业的老师，讲课也很透彻仔细
157462,1750,韩刚,2022-06-23 10:16:48,6,8,2,优点：讲课好 习题多 测验难 给分好\n\n缺点：无\n\n\n\n非常推荐给非学霸 讲课思路很清晰 听了很舒服
160491,1750,韩刚,2022-09-24 10:59:14,1,1,0,韩老师讲课的强度很高，目测是王枫老师的1.5倍。\n\n\n\n然而仅仅上王老师的课就能让我脑袋一边装水一遍漏了。\n\n\n\n但我认为这是韩老师的优点。
160711,1750,韩刚,2022-10-04 06:57:37,4,4,0,声音好像大司马
160935,1750,韩刚,2022-10-20 07:24:53,5,5,0,韩刚老师真的是浙大男神！！！上课白衬衫，讲课非常有条理，有点难的东西会重新讲一遍。感觉他是个真正做学问的人，没有一些花里胡哨的东西，会去图书馆看书，静下心来研究（本人有幸遇见过）。
164798,1750,韩刚,2022-12-26 07:45:47,3,3,0,讲得很好，声音不是那种吸铁石的磁性，一点都不催眠，老师人也很好
181000,1750,韩刚,2023-10-01 15:16:50,2,2,0,来刷一波10分
181057,1750,韩刚,2023-10-07 03:56:32,0,0,0,老师超棒
181653,1750,韩刚,2023-10-25 09:27:05,0,0,0,好好好好好好好
182301,1750,韩刚,2023-11-14 09:21:03,0,0,0,非常细致，必须十分
182419,1750,韩刚,2023-11-16 02:14:58,3,3,0,太帅了
183856,1750,韩刚,2023-12-01 09:01:17,2,2,0,老师太帅了，声音真好听
186899,1750,韩刚,2024-01-13 13:02:23,0,0,0,细致舒适，声音好听！
187305,1750,韩刚,2024-01-15 12:32:42,0,0,0,爱死韩刚老师啦～
187493,1750,韩刚,2024-01-16 10:53:49,0,0,0,老师上课很细致！超级喜欢！给分也不错🥰🥰🥰
189506,1750,韩刚,2024-01-25 04:16:21,0,1,1,超好的老师！给我捞到4.5了，大爱韩刚！
195906,1750,韩刚,2024-06-30 18:33:58,8,10,2,老师还行，但是要避雷助教尹杨杰！！
195940,1750,韩刚,2024-07-02 05:48:31,8,11,3,老师真的很棒！尹助教也不能说不好吧，但总感觉有那么一点，一言难尽……\n\n\n\n更新：尹助教在群里给出了相关解释，个人表示理解，不过给分已成定局还是很难受，希望以后尹助教能做更好吧。
196006,1750,韩刚,2024-07-01 05:59:17,7,7,0,给了十分，是给韩老师的，和助教无关\n\n本人两个学期都是韩刚老师的高代，第一学期4.5，第二学期3.6（确实难了很多而且自己期末发挥的不好），感觉老师讲课时构建的知识体系很完备，比书上详细，而且对于一些题目还有自己独到的证明方法，非常好的老师，点赞，唯一的问题是作业有点多。。。
196013,1750,韩刚,2024-07-01 06:55:20,11,12,1,高代12都是上的hg老师的课，老师讲课一直思路都很清晰，只要能跟下来期末考应该不会很差（但我没跟下来。。），上课气氛略微催眠，配合着早八让我痛不欲生，但请注意，如果发现自己助教是某yyj的话，请尽快出门左转wj班，真的太求是了，主要是和wj班评价标准不同还不早说，整天在群里说着捞捞捞然后批卷子下手比谁都死，不想骂脏话，言尽于此，希望后来的学弟学妹们谨慎考虑。
196056,1750,韩刚,2024-07-01 10:12:26,5,9,4,首先，10分给hg老师，老师课上得真的很好，把高代二抽象的线性代数那边全讲懂了。\n\n再来说说助教吧。看到楼下都在喷yyj助教，应该都是因为助教平时分数扣得比较多所以不满。但个人认为，yyj助教还有一些挺好的地方。首先是答疑消息秒回，题目会给你讲懂。其次是期末的时候问助教能不能把所有作业的答案上传。yyj助教说他很忙，但会尽量上传。期末考试前他把所有手写答案上传了给我们复习参考。然后有时候作业会迟交，助教也会给一些宽限的时间。我认为yyj助教的给分是一方面，但是他的其他方面也是值得一提。希望大家莫踩我，我进行客观的描述。
196233,1750,韩刚,2024-07-02 11:01:51,-3,3,6,十分不解释~老师上课真的非常好，定理证明讲得很清楚而且会引入很多和书上不同的方法，同时老师也会调整课本章节顺序来讲，补充很多有用的结论。下课的时候偶尔会走下来问问你有没有听不懂的地方，平常在路上遇到你的时候还会和你打招呼，真的很符合我心中学者的形象。至于给分问题跟老师本身没有什么关系，这个主要看助教；当然真的不要因为这次高代给分的问题去过分人身攻击yyj助教，助教已经在群里解释过了，我也相信助教以后会越来越好的。
196420,1750,韩刚,2024-07-03 09:10:39,10,14,4,一句话，傻逼尹杨杰，什么东西
199972,1750,韩刚,2024-10-10 03:58:36,-5,2,7,听了四周孙业顺老师的复变，转过来听韩老师的智云，真有一种如听仙乐耳暂明的感觉
202452,1750,韩刚,2024-11-13 00:54:19,11,11,0,复变讲的还可以，就是教学时间安排是不是有点小问题？简单的前三章上了非常久，导致后面难的五六七章开飞机一样三周秒了，一节课一堆定理公式，直接晕头转向
202462,1750,韩刚,2024-11-13 00:31:26,12,12,0,复变课程安排出问题了？后面速度起飞
202463,1750,韩刚,2024-11-13 00:38:30,7,9,2,不适合本科工科生。上课进度慢，没有延伸，解题方法一点不教\n\n确实不用ppt，但是pdf的视觉感受还不如ppt，又不是黑板手写
202475,1750,韩刚,2024-11-13 01:12:54,12,12,0,上课爱证明定理，不讲做题方法，给分求是，不适合工科生
202478,1750,韩刚,2024-11-13 01:21:03,14,14,0,我原本真的对韩老师抱有很高的期待，在复变课程开设之前，我通过査老师的评论了解到韩老师是一位认真负责，讲课清楚，富有人格魅力的好老师，我以为我复变稳了，结果没想到复变稳稳地寄了，我就很想知道为什么要花三周的时间讲完内容量不到两周的前三章，然后一周时间给你把留数和保角秒了，当我翻开作业本发现一周要写两周作业的时候我人都傻了，作为一门注重考查学生对复变函数的处理和计算能力的课程，我很难理解为什么有接近百分之六十的时间用来给工科生讲数学证明。同学们作业有点多坚持一下，然后反手给拉普拉斯变换秒了，只能说很感谢老师的教导，但把我们作为课程的第一批小白鼠是否多少有些缺乏责任感了，加上今年期末卷子之抽象，放大了这次教学里的瑕疵，起码我认为这次课程里的韩老师值这1分。
202498,1750,韩刚,2024-11-13 02:21:09,8,8,0,人还是可以的，只不过是以前教数院的，教工科有点生搬硬套了😇\n\n首先就是讲课节奏控制不好，后面保角映射和拉普拉斯都是一节课直接讲掉，例题几乎没有。但是前面讲的很慢然后证明全部讲掉，问题是这个考试完全不考啊\n\n其次作业布置很多，然后作业做错题目还要扣分，平时分也很差\n\n总而言之，教考分离，给分求是，作业多。人虽然好，但是只能说瑜不掩瑕🙃
202540,1750,韩刚,2024-11-13 04:31:18,6,6,0,工科复变快逃
202608,1750,韩刚,2024-11-13 10:35:28,4,4,0,第一年教工科吧
202705,1750,韩刚,2024-11-14 02:36:45,9,9,0,工科复变：课上基本大部分时间都在讲证明，计算方法讲的较少，与考试对接度很差。课程进度安排极其迷惑，前三章内容讲了很久，然后一周秒掉留数和保角，拉普拉斯变换也被秒掉了。任务较重，作业非常多，错题还要扣分，而且后期会出现一周要写两周任务量的情况，平时分给分极其迷惑，费力不讨好。就这次课程而言，完全值这1分。
202780,1750,韩刚,2024-11-14 10:10:35,4,4,0,工科复变快逃
206826,1750,韩刚,2024-12-17 19:00:01,2,2,0,此处评价数学专业基础课程《高等代数与解析几何》:单论上课是非常好的，该证明的都会证明，当然不可避免地会觉得上下来有点逻辑混乱，个人认为是浙大高代教材编排不合理导致，老师也有在努力做出调整了；作业稍多，不过问过两个班也都差不多这样，可能是两个学期上完高代和解几对进度的要求导致的；给分问题基本是全取决于助教的，数学专业课的规矩基本也是不捞的；所以作为数学专业课角度韩老师无疑是很好的老师，也在大一一年激发我对代数的兴趣\n\n当然也看到不少上了工科复变的同学评价很低……所以我的建议是数学专业课(尤其代数方向)无脑冲吧(当然遇到隔壁老师给分很好的话也值得斟酌)，开面向工科的课程那就慎重吧\n\n以及因为工科复变对韩老师意见很大的人别踩我这楼，去你们自己开喷的那几个楼顶上去就行了
213187,1750,韩刚,2025-01-16 09:01:32,2,2,0,单论复变，灾难般的课程安排进度，前期龟速，后期两节课留数定理，一节课保角映射，一节课laplace变换，不过好在是不点名
221214,1750,韩刚,2025-06-22 04:22:20,0,0,0,韩老师为人文雅，《线性代数》适合对数学感兴趣的非数同学去听。
49,1753,张振跃,2015-03-14 15:32:34,3,7,4,帅
142,1753,张振跃,2015-03-14 16:07:53,12,13,1,享受
237,1753,张振跃,2015-03-14 17:21:09,24,26,2,很详细，但是有些像高中老师
369,1753,张振跃,2015-03-15 01:34:11,42,44,2,超级棒的老师~很严谨，有时候也很可爱~
456,1753,张振跃,2015-03-15 02:40:57,79,88,9,语速快，偶尔鄙视智商，但是讲得很好⊙▽⊙萌萌哒
887,1753,张振跃,2015-03-18 11:09:43,23,23,0,超详细超认真，语速略快
1136,1753,张振跃,2015-03-21 16:15:58,27,28,1,讲课十分细致！听他批评现在的大学生，自己也觉得愧疚。话说国家副主席是他大学同学。。。
1452,1753,张振跃,2015-03-22 04:52:17,11,13,2,细致认真，板书工整，风趣幽默。
1541,1753,张振跃,2015-03-22 11:38:10,8,9,1,讲的很好
3461,1753,张振跃,2015-06-16 05:36:18,7,7,0,太快了\n\n
3538,1753,张振跃,2015-06-17 01:29:44,5,7,2,快
3653,1753,张振跃,2015-06-17 02:03:40,6,8,2,很棒的体验，赞\(≧▽≦)/
4531,1753,张振跃,2015-06-24 07:33:08,24,25,1,老师很有激情 很幽默～讲课很认真负责 不枯燥～给分也超好～回复邮件很快～
5688,1753,张振跃,2015-07-09 07:03:52,19,19,0,好老师，真的，讲的非常好，就是有点快，但是重点会讲很多次，没问题哒
5696,1753,张振跃,2015-07-09 07:23:14,3,3,0,迷醉
5775,1753,张振跃,2015-07-09 10:18:44,16,16,0,老师思维敏捷，思路清晰，挺不错的
5990,1753,张振跃,2015-07-10 07:07:57,17,19,2,真心男神！数分二考试考得是全部主课中最差的(实在太难)，但给分是所有主课中最好的，老师调分实在太给力了！讲得还超级棒棒棒！！！
6091,1753,张振跃,2015-07-11 00:32:45,52,52,0,教学幽默风趣，细致认真，课前准备充分，课后纠正习题常见错误，思维敏捷，顺便带你温习一下线代
6627,1753,张振跃,2015-07-16 15:23:30,3,4,1,老师很好
6735,1753,张振跃,2015-07-20 07:39:59,4,6,2,条理清晰，有时会很有趣，能结合生活中一些有趣的事活跃课堂氛围
6951,1753,张振跃,2015-08-23 03:31:55,0,2,2,张百万
7946,1753,张振跃,2015-09-16 07:31:52,2,2,0,认真幽默
8870,1753,张振跃,2015-09-29 06:35:22,1,2,1,老师讲得有点快，有时候不容易跟上
11940,1753,张振跃,2015-12-21 11:17:27,2,2,0,不能更好了
12372,1753,张振跃,2015-12-23 06:44:39,3,4,1,就两个字！男神！绝对良心老师！！！
13218,1753,张振跃,2015-12-25 08:30:46,0,1,1,3个字
13322,1753,张振跃,2015-12-26 15:34:10,2,2,0,讲得很好
14192,1753,张振跃,2016-01-05 08:12:47,1,2,1,男神。讲得快。
14770,1753,张振跃,2016-01-21 15:00:15,3,6,3,我男神，讲课给分都很棒
16282,1753,张振跃,2016-01-17 16:02:31,3,3,0,男神，萌萌哒，逻辑清楚讲课仔细，非常非常认真，超级好
16315,1753,张振跃,2016-01-18 02:29:53,2,2,0,男神，很可爱
17599,1753,张振跃,2016-01-20 12:55:01,3,3,0,很可爱的老师，上课偶尔会插一些笑话，很好的老师。
18399,1753,张振跃,2016-01-21 14:21:38,2,2,0,张老师真的是很好的老师.上课深入浅出，而且在思维上很有启发，有助于数学思维的培养，是不可多得的好老师.
18415,1753,张振跃,2016-01-21 14:46:54,3,3,0,数学家 讲课超棒
18456,1753,张振跃,2016-01-21 16:07:47,2,3,1,永远男神！
18472,1753,张振跃,2016-01-21 16:56:07,4,4,0,爱振跃，always and forever
18483,1753,张振跃,2016-01-21 22:22:40,6,7,1,给分简直是雪中送炭，力挽狂澜
19117,1753,张振跃,2016-01-23 09:43:08,2,2,0,很棒的老师\n\n
20227,1753,张振跃,2016-01-26 15:16:54,2,2,0,认真负责
26321,1753,张振跃,2016-07-06 06:29:43,1,1,0,男神！！讲课超萌
26779,1753,张振跃,2016-06-21 05:55:59,1,1,0,大爱，一生推
27069,1753,张振跃,2016-06-22 14:54:28,1,1,0,很好的老师
28318,1753,张振跃,2016-06-28 08:31:40,14,15,1,男神啊。我是不会告诉你老师年轻的时候弹得一手吉他，练得一手书法，还经常去跑步的。嗯，听说现在在带外孙女～讲课当然没得说，莫比乌斯环现场版演示。
29271,1753,张振跃,2016-06-29 14:01:55,0,0,0,振跃男神。
29821,1753,张振跃,2016-06-30 11:11:42,1,1,0,享受，男神，zzy我最服
30084,1753,张振跃,2016-07-01 02:08:08,0,0,0,浙大讲课最好的老师之一
31465,1753,张振跃,2016-07-04 02:47:53,1,1,0,老师真男神啊啊啊觉得自己整个大学都不会再碰到这么好的老师了最后冲上去要签名也是感动
32178,1753,张振跃,2016-07-06 01:22:29,3,3,0,男神，这个学期没好好上课，然后竟然上3了，浓浓师生情，老师讲的很好，很细致，可惜我没好好听_(:з」∠)_
32179,1753,张振跃,2016-07-06 01:23:49,0,0,0,挺细致的 也喜欢引导学生独立思考 很有数学修养 偶尔鄙视智商加一
32180,1753,张振跃,2016-07-06 01:29:35,0,0,0,男神！男神！
32205,1753,张振跃,2016-07-06 03:06:32,1,1,0,给个十分，表示一下感谢
32207,1753,张振跃,2016-07-06 03:07:14,4,4,0,感谢老师！老师不仅讲课很认真，而且?。在关键时候挽救了我的绩点！
32261,1753,张振跃,2016-07-06 05:16:04,0,0,0,相当imba，语速惊人，萌出天际
32328,1753,张振跃,2016-07-06 07:19:30,1,1,0,男神男神～上课的时候很可爱，虽然有的时候会变得暴躁，但是只要你们不要问太蠢的问题就好了；给分超棒
34455,1753,张振跃,2016-12-23 10:59:01,1,1,0,棒棒棒棒!学数分2根本不想换老师\n\n
35591,1753,张振跃,2016-11-10 08:33:18,0,0,0,老师很好玩，讲的也很全很深。好评
38928,1753,张振跃,2016-12-20 02:10:55,0,2,2,无敌棒的老师!
39251,1753,张振跃,2016-12-22 00:30:35,-1,0,1,~~~
39348,1753,张振跃,2016-12-22 06:48:23,6,9,3,超级棒~来自号称建国以来最强班级的复旦82数学系，同学包括国家副主席等…巨牛
46602,1753,张振跃,2017-01-22 03:41:30,6,7,1,板书超级棒，时间紧了会加速，时间多了会扯皮讲段子 (*^▽^*)  据说老师大学专业课平均分96。膜~
47628,1753,张振跃,2017-02-09 05:32:48,1,1,0,讲的好
49524,1753,张振跃,2017-04-18 02:03:20,0,0,0,太棒了
51934,1753,张振跃,2017-07-03 13:45:40,4,4,0,给分超好
54638,1753,张振跃,2017-06-30 03:02:51,1,5,4,振岳男神求师生情……
55832,1753,张振跃,2017-07-02 12:34:21,3,4,1,说实话楼上老师名字都打错神tm师生情＝。＝
55879,1753,张振跃,2017-07-02 14:11:29,0,0,0,棒棒棒
55929,1753,张振跃,2017-07-02 16:14:44,2,2,0,一个学期，学到很多东西，完成了自己的小目标，老师很大佬，学弟学妹们要听老师的话
56289,1753,张振跃,2017-07-03 11:56:12,5,5,0,被智商碾压了……尽管基本跟不上老师的进度，但是还是觉得老师很好，可惜自己是真的没学好。btw，助教大大很不错
60317,1753,张振跃,2017-10-17 07:28:37,0,0,0,老师特别负责，有问必回
64160,1753,张振跃,2017-12-21 06:38:28,0,0,0,超级超级好的老师，也有耐心，超级萌
65582,1753,张振跃,2018-01-06 13:29:28,1,2,1,超级可爱的老师，学不好怪自己咯
67309,1753,张振跃,2018-01-20 16:07:11,0,0,0,男神男神男神！！！
69215,1753,张振跃,2018-01-24 10:19:05,2,2,0,对于反应慢的同学来说很难跟上，必须要提前预习。程度好的同学受益匪浅。
69426,1753,张振跃,2018-01-24 15:42:52,11,11,0,脑残粉，神推。\n\n之前不懂什么叫力挽狂澜，z这就叫力挽狂澜\n\n化腐朽为神奇
69445,1753,张振跃,2018-01-24 16:14:17,3,6,3,张老师讲课很有激情，很幽默，(本身科研也很有成绩)，曾经被评为最受欢迎老师(好像得了100w？)。最重要的是，我本来对数分绝望了，期末考试只会一半的题，他给了我3.6～虽然不高，但我很满足～谢谢老师，下学期还是您教，我一定继续努力，争取上4
72899,1753,张振跃,2018-01-31 09:31:34,0,0,0,超级好的老师！
73393,1753,张振跃,2018-02-01 13:15:53,0,0,0,超赞!
73440,1753,张振跃,2018-02-01 14:39:30,-36,7,43,男神不解释！！！第一个满绩！！！\n\n
75574,1753,张振跃,2018-03-13 12:10:48,1,1,0,真的很棒\n\n
78842,1753,张振跃,2018-05-15 15:45:47,7,7,0,来到浙大前后接触过五个数学老师，最好的一个不用质疑！多开几门课吧老师…想一直做您的学生！
82381,1753,张振跃,2018-07-08 04:48:36,3,3,0,数学分析讲的很好很好，虽然数分II得分比数分I差，但依然很感激张老师
83749,1753,张振跃,2018-07-11 06:54:25,1,1,0,超级棒的老师(虽然会鄙视人)
87633,1753,张振跃,2018-10-11 10:31:37,3,3,0,作业超多超多超多！\n\n
92146,1753,张振跃,2018-12-26 16:06:47,8,8,0,幸福地被他骂\n\n幸福地听不懂\n\n“这次是真的很简单”\n\n我就喜欢你 直白地鄙视我的智商和逻辑的样子\n\n
93473,1753,张振跃,2019-01-10 02:49:05,7,7,0,"绝对的好老师。专业水平高，讲课严密，细致，幽默，而且十分负责。每次小测完我们考的不好他总会生气得像个孩子，嘴里说着""很惭愧没有教会大家""。快期末了想想真是惭愧。感觉考不好的话真的对不起他这么好的老师。"
95610,1753,张振跃,2019-01-19 16:10:15,6,7,1,深夜评分，数分求跃跃保佑
96133,1753,张振跃,2019-01-22 08:19:51,2,5,3,感谢老师，看到分数的一刻都快哭出来了，手都抖的，真是觉得一学期没白学，没白付出，感谢这门课竟然还能把绩点往上拽，感谢张老师不厌其烦地回答我的智障问题……
97201,1753,张振跃,2019-01-25 15:27:56,7,7,0,老师真的是很爱数学，从数学中读到了美，感受到了趣味。
97267,1753,张振跃,2019-01-22 07:34:34,-1,6,7,赶来评价~张老师讲课真的能看出来十分博学，偶尔撒个娇卖个萌说一句政治不正确真的太可爱了…(雾)平时不预习不复习上课爱走神感觉超对不起老师给的分数…作业也没好好写全靠考前激情刷夜和高中竞赛底子…下学期洗心革命好好学数分2呜呜呜！另外助教小哥哥也超帅超有爱(感觉和傲娇张老师配一脸w
97337,1753,张振跃,2019-01-22 08:16:11,4,4,0,老师很有趣很有耐心啊，人超级好。\n\n经常说老师很厉害，只是我水平不够。。。(感觉有点对不起老师呢)不管怎么说，老师真的很好，最后分数也还可以。下学期一定重新改造好好做人。
97402,1753,张振跃,2019-01-22 08:40:00,2,2,0,感谢老师不杀之恩
97746,1753,张振跃,2019-01-22 14:52:07,17,17,0,“线性代数是很有用的，有空我给你们好好上上线性代数。”张老师于数分课上如是言。
98555,1753,张振跃,2019-01-23 14:49:56,4,5,1,期末数学分析考砸了，我活该，对不起张爷爷 下学期我一定好好预习复习 哭了
100117,1753,张振跃,2019-01-25 15:18:26,9,9,0,老师非常负责任，小测考的不好，他会给予提醒，还要求主动去找他。课下问问题几乎是有问必答，更重要的是一眼就能看出破绽，然后再一语道破……给分更是没得说，好的不得了，只可惜下学期换了老师。
101538,1753,张振跃,2019-01-28 11:37:36,2,2,0,舒坦，调分上了3.0
103508,1753,张振跃,2019-02-28 16:39:58,7,7,0,作业量炸裂
107789,1753,张振跃,2019-05-09 16:49:00,26,28,2,欢迎来到本期百家讲坛栏目。本期节目由浙江大学数学科学学院教授张振跃老师带你品读三十六计之——声东击西
108250,1753,张振跃,2019-05-17 14:08:49,3,9,6,老师师德好的没话说，但学生提两点小小的建议，恳请老师小测别再出错题了，还有，要求傅里叶级数恳请老师直说，别搞这种“体现了某种最优性”搞得学生确实迷茫。。\n\n10分
109928,1753,张振跃,2019-06-30 19:18:21,7,7,0,求上三。。。出分后来还愿呜呜呜
110705,1753,张振跃,2019-06-28 05:04:27,4,4,0,夸一波
110737,1753,张振跃,2019-07-03 00:07:23,1,6,5,呜呜呜老师宁可给我一档里的低分也不要给我高分呀卡绩真的桑心呜呜呜呜
111746,1753,张振跃,2019-07-02 17:58:20,5,5,0,谢不退院之恩
111748,1753,张振跃,2019-07-02 17:55:39,-2,3,5,楼下没有让老师失望，只是让自己失望罢了
111765,1753,张振跃,2019-07-02 21:42:07,1,2,1,数分一到数分二，虽然自己没考好，但是老师真是天使绩点拯救者呜呜呜
111799,1753,张振跃,2019-07-02 23:29:01,3,3,0,非常喜欢老师！虽然数分绩点不太好，但是是自己考试没考好的问题！真的非常喜欢老师的课！
111844,1753,张振跃,2019-07-03 01:00:33,3,3,0,老师上课讲得好，准备得很好而且会活跃课堂气氛！好！
111845,1753,张振跃,2019-07-03 01:01:37,2,2,0,萌萌哒
111977,1753,张振跃,2019-07-03 05:27:01,6,6,0,不说了 如果我当皇帝 今天就是卡?元年?
112737,1753,张振跃,2019-07-05 01:43:34,3,3,0,非常好的老师
116574,1753,张振跃,2019-09-12 00:49:16,3,3,0,上课体验绝佳\n\n就是脑筋在少数时候转得有点慢
120564,1753,张振跃,2020-01-13 01:08:49,2,2,0,感谢张老师捞我啊啊啊\n\n太好了谢谢谢谢
121743,1753,张振跃,2020-01-21 11:53:27,0,0,0,很享受
125216,1753,张振跃,2020-09-03 23:45:51,2,2,0,出发以后人都傻了，我爱张老师
125264,1753,张振跃,2020-09-05 04:46:10,1,1,0,捞人捞得太狠啦，感动感动
125320,1753,张振跃,2020-09-06 16:19:19,1,1,0,老师讲得挺好，就是我太菜了
128173,1753,张振跃,2020-12-10 02:27:48,3,3,0,就一句话，张老师，永远滴神！！！
128589,1753,张振跃,2020-12-24 08:23:52,35,35,0,非常非常好的老师，对数学理解非常透彻，讲解很细致，会讲书上没有的方法来锻炼思维；两个助教也非常认真负责，作业批改细致，每次有反馈；作业好多好多好多，每每写到三点……\n\n“很可惜我下学期不会教大家了。我下学期退休了。啊，所以你们是我的最后的一届学生（带笑意）。（掌声）有时候，有时候讲到这里，该来的总要来的，对吧，该来的总要来该退休总要退休。按心里上我是不太愿意退休，无论是精力，无论是资历，无论什么都可以。但是规定就是规定，那么就顺其自然啊，顺其自然。总、总有这一天的，啊。三十多年了，总有这一天的。啊不管它啦，说得多了反而有点伤感。（笑）”\n\n非常幸运进入大学的第一年能碰到张振跃老师。祝福您。
130159,1753,张振跃,2021-01-18 08:15:18,5,6,1,老师教的太好了，这个学期靠张老师智云活下来的，可惜退休了……
131042,1753,张振跃,2021-01-25 16:09:20,-8,0,8,被挂了
131238,1753,张振跃,2021-01-26 18:30:07,7,7,0,对不起老师，虽然老师讲的真的很好很好...我还是计算题都不会几道。\n\n我是老师的最后一届了。叹气。感觉像老师这样讲课水平很高，脾气也很好的老师，大学四年能遇见一个也是一种福气啊。\n\n老师把我捞上来了，可能是想治病救人吧。\n\n下个学期就算是为了老师捞我这一把，我也不能再躺下去了。\n\n希望老师退休生活安详。(像我这样的菜鸡也只能这样祝福了。)
131683,1753,张振跃,2021-01-28 11:53:12,7,7,0,以后浙大又少了一个好老师，好难过
131730,1753,张振跃,2021-01-28 15:19:05,7,7,0,关门弟子班合影留恋，张振跃老师yyds！
131822,1753,张振跃,2021-01-29 04:17:59,1,1,0,张老师真的是一个好老师，感谢老师捞我
156713,1753,张振跃,2022-06-20 17:20:38,4,4,0,大二快结束了，好想跃跃
8126,1775,翟健,2015-09-17 05:53:36,36,39,3,老师头发挺好看
11273,1775,翟健,2015-11-26 06:41:53,18,21,3,祝老师早日康复
13862,1775,翟健,2016-01-01 10:49:15,-12,9,21,挺不错\n\n
20878,1775,翟健,2016-02-02 20:52:54,27,30,3,背书大赛
20950,1775,翟健,2016-02-05 04:32:46,8,11,3,想睡觉
27417,1775,翟健,2016-06-26 03:39:31,18,21,3,不如自学，听他课简直就是浪费时间
34789,1775,翟健,2016-10-22 15:53:30,9,15,6,垃圾！
41990,1775,翟健,2017-01-13 11:18:40,-3,2,5,哈哈哈哈哈哈哈哈
42280,1775,翟健,2017-01-14 03:22:59,9,14,5,太烂了
46691,1775,翟健,2017-01-22 07:21:40,12,14,2,自学为主，泛函全靠背，成绩GG TAT
47458,1775,翟健,2017-01-27 01:16:45,11,16,5,你们不要这样说翟老师啊，可能老师自己也不会啊，所以只能让我们背书了
47584,1775,翟健,2017-02-03 02:55:51,12,17,5,这学期之前泛函均绩2.99，这学期结束泛函均绩.2.92。再想到之前数据人数基于200+，此次可想而知…
47633,1775,翟健,2017-02-09 07:06:13,12,15,3,数学题靠默写，套路深的巨坑
55989,1775,翟健,2017-07-03 01:26:50,3,7,4,期末考试最后一题作业题，不会太长的那种。前几题都是定理默写，课件上都有（泛函偏微都一样），不幸选了这门垃圾课的朋友就照这个复习吧。\n\n其实推荐选数理方法代替这课（血泪教训）
56638,1775,翟健,2017-07-17 09:48:32,0,4,4,偏微分的数据感觉没更新，反正我挺低的
56726,1775,翟健,2017-07-04 12:40:33,-4,7,11,翟老师泛函讲的整体上还是比较有逻辑，而偏微就有些混乱了。 非常不强调计算，基本上课证定理，下课作业证定理，考试默写定理，非常不好。 给分吧就看你背的好不好。 总体上不推荐，不论他科研好不好，他真的不是讲课的料。
59637,1775,翟健,2017-09-25 05:52:56,0,10,10,垃圾中的垃圾
60188,1775,翟健,2017-10-12 12:47:12,10,11,1,不信我证给你看！！！(傲娇脸
60540,1775,翟健,2017-10-23 14:08:15,-1,8,9,泛函老师讲的很好啊。虽然觉得好难。估计因为太渣，听课才能懂。
60937,1775,翟健,2017-11-03 08:47:58,-1,10,11,垃圾，师德败坏
72869,1775,翟健,2018-01-31 08:25:07,-2,3,5,改完卷子能不能快点出分！！！等得急死了
73353,1775,翟健,2018-02-01 12:02:51,1,8,7,老师讲泛函讲的挺清楚的呀 虽然确实容易走神 但强制自己不玩手机认真听听会觉得还不错 期末考告诉了30分的答案 那两道题挺长的 提前背好就行 其他的除了最后一道题都是书上证明 而且都不长 给分还算不错
73358,1775,翟健,2018-02-01 12:12:28,1,4,3,老师给分的确不错，估计最后抢救了一下
73377,1775,翟健,2018-02-01 12:47:40,3,4,1,老师还挺和蔼的，但是泛函分析成为背书课的话，，值得反思。
74294,1775,翟健,2018-02-10 00:16:13,1,6,5,浙大最不要脸老师，只害好学生，师德败坏的垃圾人
76142,1775,翟健,2018-03-28 00:36:13,2,4,2,极品垃圾，专坑好学生
84814,1775,翟健,2018-07-14 03:02:39,3,4,1,啥也不会的老师，混天的
84816,1775,翟健,2018-07-14 03:06:04,0,2,2,数学让学生背书，说明他啥也不会，浙大咋会有这种人？
87508,1775,翟健,2018-09-30 03:52:32,3,5,2,啥也不会，念ppt还跳着念。天坑。
108352,1775,翟健,2019-05-22 00:34:32,0,4,4,考试还有必考题三十分\n\n说出去浙大数学系的脸要被丢死\n\n
117076,1775,翟健,2019-09-19 03:33:48,-2,1,3,讲课不好
118709,1775,翟健,2019-10-31 02:53:32,-1,2,3,您到底是不会讲课还是不会泛函？？？那好歹也讲慢点啊
118957,1775,翟健,2019-11-08 10:43:05,2,2,0,挺好的！
123854,1775,翟健,2020-06-15 03:50:15,2,3,1,这门课比较特殊，大部分人都听不懂(你行你上）。只能考默写，不然考啥？
131952,1775,翟健,2021-01-29 13:45:26,3,4,1,前沿数学专题讨论：成绩根据两次讲课的评分给定的，缺勤一次扣0.5（五级计分）。呵呵。
214403,1775,翟健,2025-02-02 15:00:55,0,0,0,555
3,1811,苏德矿,2015-03-13 04:48:08,753,876,123,矿哥会给大伙唱歌的
16,1811,苏德矿,2015-03-14 15:17:59,52,67,15,矿爷威武！！
33,1811,苏德矿,2015-03-14 15:29:34,6,8,2,苏爷爷威武
101,1811,苏德矿,2015-03-14 15:52:08,5,20,15,作为南方人无法理解北方人的痛苦
133,1811,苏德矿,2017-04-14 13:49:54,72,90,18,没正式选上过，很遗憾
205,1811,苏德矿,2015-03-14 16:49:20,4,10,6,矿爷真的很可爱 很体贴
334,1811,苏德矿,2015-03-15 00:59:14,297,441,144,老师很可爱，不点名，会上课叫人回答问题。问题不难。答对通常有加分。\n\n只是不适合我吧………他的课不适合我。上课让我觉得节奏不适应。\n\n所以也不一定适合所有人。
392,1811,苏德矿,2015-03-15 01:52:14,45,50,5,很细致，很真诚
409,1811,苏德矿,2015-03-15 02:00:38,238,280,42,我的数学被他带入了前所未有的境界。。。。。被拯救了
436,1811,苏德矿,2015-03-15 02:23:16,76,88,12,很和蔼  时不时来一句潮流句子
796,1811,苏德矿,2015-03-17 04:52:28,20,26,6,很耐心，很细心，对学生超好
807,1811,苏德矿,2015-03-17 08:47:53,13,20,7,能让人学懂数学的老师！
839,1811,苏德矿,2017-07-15 21:23:07,540,663,123,当年我们期末考微三的时候是矿哥监考，只见他在门口踱来踱去，有些许心事的样子，然后口中突然哼起一支曲子，竟然是浙大校歌啊
1061,1811,苏德矿,2015-03-21 16:03:36,8,10,2,很棒！学数学学得很开心
1095,1811,苏德矿,2018-11-19 07:27:41,138,165,27,最经典的一句话：同志们啊。有天上课发困突然听他说一句，那个同志…吓哭了都。
1727,1811,苏德矿,2015-03-24 00:20:04,5,7,2,讲得十分细致，总结的好！
1953,1811,苏德矿,2017-12-27 13:45:21,94,116,22,很细致 容易困
1999,1811,苏德矿,2015-03-28 07:08:27,14,17,3,矿爷讲的特别认真！
2198,1811,苏德矿,2015-04-07 15:44:20,2,5,3,上课前会放节目
2612,1811,苏德矿,2015-05-04 17:19:05,7,7,0,老师很有个性
2665,1811,苏德矿,2015-05-05 04:32:15,31,57,26,不上矿爷的课会是大学里最大的遗憾
3161,1811,苏德矿,2015-06-17 02:29:21,2,5,3,好
3871,1811,苏德矿,2015-06-17 07:07:53,2,4,2,讲课方式很独特，上课有趣味
3897,1811,苏德矿,2015-06-17 07:44:45,22,27,5,虽然我是不听课的学渣。。但感觉老师还是很用心在讲
4108,1811,苏德矿,2015-06-17 17:47:12,3,5,2,很好
4296,1811,苏德矿,2015-06-18 16:32:10,5,6,1,拍视频。。
4726,1811,苏德矿,2016-12-13 06:39:55,21,21,0,非常轻松就学会了 是享受 矿爷人超好
5002,1811,苏德矿,2015-07-02 02:46:03,3,5,2,教的确实好
5662,1811,苏德矿,2015-07-09 04:43:27,-1,13,14,讲课虽好，给分呵呵。
5908,1811,苏德矿,2015-07-10 01:53:35,0,5,5,真诚的老师
5964,1811,苏德矿,2016-06-23 07:35:09,167,300,133,虽然像神话，但感觉一般，比他讲的好的老师大有人在
6949,1811,苏德矿,2019-09-11 03:40:53,193,414,221,浙大过誉的老师之一
7165,1811,苏德矿,2015-09-09 10:38:00,0,4,4,很幽默
7206,1811,苏德矿,2015-09-10 23:44:49,3,5,2,很带劲\n\n
7272,1811,苏德矿,2015-09-12 13:30:41,62,121,59,沒有傳說那麼神
7281,1811,苏德矿,2015-09-17 05:14:29,3,4,1,很好很幽默
7527,1811,苏德矿,2015-09-15 02:07:25,4,4,0,好
7723,1811,苏德矿,2015-09-15 10:52:03,1,3,2,棒棒哒
7731,1811,苏德矿,2015-09-15 11:09:43,-11,1,12,还行吧
7976,1811,苏德矿,2015-09-16 10:26:58,1,5,4,啊好好好好好好好好好好
8058,1811,苏德矿,2015-09-17 00:44:54,4,8,4,值得尊敬的老师
8075,1811,苏德矿,2015-09-17 02:05:07,6,11,5,重修班终于是矿爷的课大概也是圆满了？。
8109,1811,苏德矿,2015-09-17 05:10:28,5,8,3,比较慢，但是极细致，好人，矿爷万岁！
8335,1811,苏德矿,2015-09-18 12:31:37,-2,3,5,讲的慢
8337,1811,苏德矿,2015-09-18 12:41:34,2,11,9,我室友都快被他搞疯了
8340,1811,苏德矿,2015-09-18 14:07:17,131,201,70,不是对苏老师贬低，但是我认为他的套路去教高中或考研辅导班会取得更大的成就。
8489,1811,苏德矿,2015-09-22 00:51:07,1,3,2,感觉老师超级幽默，而且讲课蛮细致的
8660,1811,苏德矿,2015-09-23 23:52:48,4,6,2,矿爷超可爱
8720,1811,苏德矿,2015-09-24 11:38:46,4,6,2,非常好
8778,1811,苏德矿,2015-09-26 11:57:27,2,6,4,矿爷真棒
9545,1811,苏德矿,2015-10-29 23:14:33,2,4,2,很棒很幽默很喜剧\n\n
9603,1811,苏德矿,2015-11-02 15:08:55,-1,4,5,清楚仔细
9932,1811,苏德矿,2016-08-04 04:17:12,59,66,7,老师人好，但学不学的好微积分还看个人
10205,1811,苏德矿,2015-11-17 11:14:06,-18,21,39,言过其实，学术水平太低，像中学老师
11485,1811,苏德矿,2015-12-02 11:26:46,-15,2,17,呵呵，我没上过
11518,1811,苏德矿,2015-12-03 10:44:54,6,9,3,只能听懂矿爷的课
11845,1811,苏德矿,2015-12-17 12:55:56,2,5,3,听老师的课不仅学到知识，而且是人生导师。
12018,1811,苏德矿,2015-12-21 13:48:11,6,8,2,矿爷威武
12321,1811,苏德矿,2015-12-23 03:16:58,3,10,7,好棒的老师，虽然有点催眠
12387,1811,苏德矿,2015-12-23 07:22:05,5,8,3,很棒哦
12443,1811,苏德矿,2015-12-23 09:32:15,3,5,2,很有趣
12499,1811,苏德矿,2015-12-23 11:41:30,-30,11,41,差差差
12534,1811,苏德矿,2015-12-23 12:12:27,0,4,4,好好好
12734,1811,苏德矿,2015-12-24 02:50:12,5,6,1,一句话，很好
12985,1811,苏德矿,2015-12-24 12:36:05,3,5,2,讲的细，重点分明，对学生好
13712,1811,苏德矿,2015-12-30 11:26:44,-7,3,10,哈哈哈，我没上过他的课
13943,1811,苏德矿,2016-01-02 16:42:07,-6,1,7,，，，，，，，1
14285,1811,苏德矿,2016-01-06 05:47:42,7,9,2,真心浙大招牌好老师
14564,1811,苏德矿,2016-01-07 15:45:58,0,3,3,好老师。
14801,1811,苏德矿,2016-01-09 09:55:14,1,5,4,终于选上他的课啦！
15097,1811,苏德矿,2016-01-12 04:33:14,5,10,5,论好老师的重要性，不水手机微积分绝对不用操心了。上课细致，平易近人，没有教授的架子。能选一定要选！
15342,1811,苏德矿,2016-01-14 03:19:34,1,4,3,好老师，讲课负责
15527,1811,苏德矿,2016-01-15 06:08:06,-11,3,14,还行吧
15552,1811,苏德矿,2016-01-15 09:51:32,-5,1,6,hhh
15673,1811,苏德矿,2016-01-16 05:42:51,-1,1,2,。。。
16144,1811,苏德矿,2016-01-17 10:04:00,3,9,6,就是喜欢矿爷啊啊啊啊啊啊均绩低什么的都不算事儿
16216,1811,苏德矿,2016-01-17 13:43:14,1,10,9,给了十分，但是建议底子比较好的理科生选矿爷的课，因为个人觉得上课节奏有点不适合我这样基础差的文科生……比起课堂网上矿爷讲课的视频更细致一些
17650,1811,苏德矿,2016-01-20 14:37:31,1,2,1,认真负责
17654,1811,苏德矿,2016-01-20 14:48:36,-1,2,3,老师比我还了解八卦，有趣。很风趣很活泼，是我自己上课没怎么听所以勉强及格了
17672,1811,苏德矿,2016-01-20 15:15:42,2,5,3,感谢矿爷让我过了
18252,1811,苏德矿,2016-01-23 02:29:00,-9,8,17,收获人生第一个满绩，矿爷我爱你～
18444,1811,苏德矿,2016-01-21 15:53:43,6,8,2,认真的老师总要给他点个赞
18540,1811,苏德矿,2016-01-22 03:20:03,0,4,4,讲的很细致。
19302,1811,苏德矿,2016-01-24 00:23:49,38,46,8,上课非常细致，节奏很慢，很易理解。适合文科生。对于那些数学本来就非常逆天的家伙来说不合适。很爱卖萌。
19987,1811,苏德矿,2016-01-26 00:25:12,2,10,8,一般的体验，许多老师都可以做到
20020,1811,苏德矿,2016-01-26 02:12:09,46,50,4,其实矿爷最大的成就是微积分课程一套详细完整的在线资料……
20473,1811,苏德矿,2016-01-27 16:59:49,3,15,12,过誉了
20647,1811,苏德矿,2016-01-29 10:28:25,2,4,2,好好好
20850,1811,苏德矿,2016-02-02 07:18:53,0,3,3,讲的很细致，老师的精神特别让人感动。
21898,1811,苏德矿,2016-03-01 13:14:28,4,5,1,好好好！
21899,1811,苏德矿,2016-03-01 13:13:38,4,7,3,无论是听得还是看得都很清楚，很耐心，好老师啊！同志们，要学会珍惜！
21900,1811,苏德矿,2016-03-01 13:16:29,-1,2,3,一听还想听
21907,1811,苏德矿,2016-03-01 14:18:01,52,94,42,其实感觉大家捧的太严重了
22168,1811,苏德矿,2016-03-03 00:44:46,0,6,6,没有传说中那么好，可能不适合我
22404,1811,苏德矿,2016-03-04 10:36:52,-10,10,20,和高中的老师一个档次
23632,1811,苏德矿,2016-04-11 07:47:25,4,5,1,好厉害\n\n
23809,1811,苏德矿,2016-04-17 13:28:56,1,4,3,\^O^/(*^ω^*)^ω^(^_^)^ω^
24163,1811,苏德矿,2016-04-28 02:54:14,1,5,4,终于选上了，不遗憾了\n\n
24204,1811,苏德矿,2016-04-28 09:10:56,1,12,11,荣誉课的试卷比普通的简单了不止一星半点 对不起字母H啊
24323,1811,苏德矿,2016-04-29 11:29:22,-2,1,3,题好多
24637,1811,苏德矿,2016-05-02 14:03:54,2,4,2,挺好的挺不错
25212,1811,苏德矿,2016-05-08 10:38:30,1,4,3,矿爷威武！
25467,1811,苏德矿,2016-05-21 07:11:28,2,6,4,矿爷是我学微积分的动力
25510,1811,苏德矿,2016-05-24 03:58:00,2,5,3,一般，延长时间，不是让你讲的更慢T_T
25639,1811,苏德矿,2016-05-30 10:31:30,3,7,4,微三不是让你一周五节课的?
26126,1811,苏德矿,2016-06-16 05:14:47,3,5,2,不听是遗憾
26231,1811,苏德矿,2016-06-16 10:17:25,-1,4,5,一般般，
26322,1811,苏德矿,2016-06-17 01:29:11,2,13,11,徒有虚名的感觉
26860,1811,苏德矿,2016-06-21 10:57:26,0,3,3,...
26967,1811,苏德矿,2016-06-22 02:52:18,-1,2,3,顶矿爷
28013,1811,苏德矿,2016-06-28 07:59:07,-1,3,4,对不起老师，其实上课都没听
28021,1811,苏德矿,2016-06-28 07:59:54,3,5,2,非常有意思
28098,1811,苏德矿,2016-06-28 08:06:31,-1,2,3,66666
28155,1811,苏德矿,2016-06-28 08:10:33,1,4,3,其实矿爷不一定适合所有人，但是他很认真
28278,1811,苏德矿,2016-06-28 08:25:24,0,3,3,讲课很幽默，思路清晰，很快就能接受
28420,1811,苏德矿,2016-06-28 08:55:35,5,6,1,赞赞赞
28695,1811,苏德矿,2016-06-28 12:28:40,1,4,3,很好的老师，关心学生
28725,1811,苏德矿,2016-06-28 13:15:59,-2,6,8,因为老师有名很荣幸选上他的课，但是总感觉老师在推销他的书，买了两本书，一本还是新的一个都没碰。
28751,1811,苏德矿,2016-06-28 13:55:10,172,190,18,对于一些理科同学来说可能觉得矿爷的课不适合自己，但是，矿爷真的是数学不那么好的文科生的救星啊！！！而且非常负责任。他的学术水平也许不像其他数学教授那么高，但是作为一个老师矿爷绝对是最称职的。
29665,1811,苏德矿,2016-06-30 07:05:57,1,5,4,从文科生角度来说 我觉得矿爷讲的很仔细也很认真 而且也很关心学生 给分也还不错
30343,1811,苏德矿,2016-07-01 10:25:08,2,7,5,见面不如闻名
31194,1811,苏德矿,2016-07-03 11:07:32,0,4,4,老师再好也拯救不了我的微积分。。。
31907,1811,苏德矿,2016-07-05 06:43:46,4,6,2,讲道理，矿爷讲的挺好的尤其复习课很有用。
32294,1811,苏德矿,2016-07-06 05:58:26,2,4,2,超级棒，不愧矿爷
32386,1811,苏德矿,2016-07-06 11:36:53,2,3,1,矿爷的复习课还是很有用的。
33052,1811,苏德矿,2016-09-11 08:08:03,10,12,2,听矿矿的课是一种享受！唯一的槽点在于那有点欲盖弥彰的教案?
33072,1811,苏德矿,2017-04-06 06:38:05,-18,36,54,真的不是什么好老师 完全不知道为什么吹的那么神 完全不是在讲数学 只是拿一些东西做噱头 逗学生开心 哗众取宠 如果浙大的学生们能多一些评判能力 完全不会把这样的老师称为好老师
33338,1811,苏德矿,2017-01-23 09:24:31,3,4,1,很认真的老师^ω^
33821,1811,苏德矿,2016-09-22 02:50:25,2,5,3,听得清楚
34313,1811,苏德矿,2017-01-18 05:24:54,7,8,1,ym矿爷!万岁!
34531,1811,苏德矿,2016-10-13 01:49:06,3,3,0,超级可爱的老师，非常敬业
35455,1811,苏德矿,2016-11-10 07:18:00,0,2,2,讲课细致有趣
35542,1811,苏德矿,2016-11-10 07:25:24,4,14,10,不知道为什么都说他的课很好，反正我一听就想睡觉，不是因为微积分难，就是听不进去他讲的
35643,1811,苏德矿,2017-01-18 11:37:40,22,27,5,矿爷爷的课，杠杠的，好好学习天天向上
35847,1811,苏德矿,2017-01-18 12:06:06,7,10,3,谢矿爷不挂之恩！
35956,1811,苏德矿,2016-11-10 09:09:29,3,4,1,受益良多\n\n
35961,1811,苏德矿,2017-01-23 00:10:58,3,9,6,微1满绩，很棒的体验
36046,1811,苏德矿,2016-11-10 10:50:42,4,5,1,满满正能量～矿爷萌萌哒～～赞赞赞
36057,1811,苏德矿,2016-11-10 11:04:55,1,3,2,很有趣，又讲的很清楚
36203,1811,苏德矿,2016-11-11 04:55:42,10,12,2,上课讲段子，比我们还潮\n\n\n\n
36609,1811,苏德矿,2017-01-18 11:25:19,2,4,2,很棒！！！
37677,1811,苏德矿,2016-11-20 05:25:36,1,2,1,很好的老师
38009,1811,苏德矿,2016-11-23 04:49:12,1,3,2,进度较慢，讲的比较清楚，经常说娱乐圈
38219,1811,苏德矿,2017-01-19 00:29:11,1,4,3,很爱矿爷 但是没学好 自己的问题吧 下学期再努力 虽然下学期换老师了?
38460,1811,苏德矿,2019-09-02 02:07:02,160,170,10,老师真的很用心，非常关心大家的学习！每次他都是要用10分钟吃完学霸餐然后去赶车，上次买学霸餐他来迟了，没有位置坐，就拿着学霸餐站在阶梯上吃，5分钟就吃完了~当时我看着真的很感动~这样的老师我很服气的！！虽然他上课很细心以至于我觉得太慢，但并不影响我很喜欢这个老师！！！
38721,1811,苏德矿,2017-01-18 13:58:25,-1,1,2,哈哈哈
44281,1811,苏德矿,2017-01-17 14:05:11,2,4,2,老师讲的好，问题耐心解答，可惜自己太渣
44282,1811,苏德矿,2017-01-17 14:05:49,8,8,0,很幽默，很风趣。讲课也很有逻辑。给分也比较照顾同学
44839,1811,苏德矿,2017-01-19 06:19:43,4,5,1,爱矿爷！矿爷真好！
44842,1811,苏德矿,2017-01-18 11:17:28,6,6,0,矿爷很可爱的 讲课也好！虽然本人学渣差点挂科 但是矿爷讲课真的很好！
44844,1811,苏德矿,2017-01-18 11:20:08,2,3,1,大学第一个数学老师，棒棒，，
44845,1811,苏德矿,2017-01-18 11:20:39,4,5,1,是个很好的老师，满满的师生情。
44850,1811,苏德矿,2017-01-18 11:32:56,7,8,1,矿爷贼稳，认真听能学到很多
44860,1811,苏德矿,2017-01-18 11:51:57,-1,4,5,上课很仔细，讲课的时候生动形象有许多栗子，课前会放歌。
44885,1811,苏德矿,2017-01-18 12:38:27,2,3,1,矿爷很棒呀
44890,1811,苏德矿,2017-01-18 12:42:20,5,6,1,感谢矿爷不挂之恩，矿爷讲课还是准备得很很认真仔细的
45123,1811,苏德矿,2017-01-19 04:07:52,0,2,2,很好的老师\n\n
46215,1811,苏德矿,2017-01-21 02:51:11,5,7,2,简单平实 适合理解比较慢的同学
48063,1811,苏德矿,2017-02-28 08:38:45,3,3,0,很快乐
48460,1811,苏德矿,2017-03-05 07:58:23,3,4,1,棒棒哒
48681,1811,苏德矿,2019-04-15 16:30:49,88,93,5,找老师签了条子去数学开课办被那个老师骂出来 微博私信矿爷 他让我打电话给他 安慰并向我解释情况～真的很暖（我并不是补选他的课，之前也和他不认识）
48917,1811,苏德矿,2017-03-16 07:49:26,0,3,3,好好好
49103,1811,苏德矿,2017-03-26 13:32:08,0,1,1,很棒棒
49235,1811,苏德矿,2017-03-30 08:02:15,1,4,3,好老师一生平安
50143,1811,苏德矿,2017-04-30 08:14:38,1,4,3,矿爷很好，上课很认真很努力地想要解释清楚，不过还是不适合我吧，最后一次上矿爷的课了，谢谢矿爷~
51069,1811,苏德矿,2017-05-16 02:53:59,8,26,18,老师上的太简单 还不如自学 效率更高
52408,1811,苏德矿,2017-06-20 01:32:08,10,29,19,过誉了。老师人不错。有那时间关心直播卡不卡观众能不能听懂粉丝多不多不如多关注关注课堂质量和作业情况。
52481,1811,苏德矿,2017-06-20 11:20:35,-3,5,8,很棒  有很多补充内容\n\n
55180,1811,苏德矿,2017-07-01 02:56:37,-2,13,15,不过是名不副实的老师
56463,1811,苏德矿,2017-07-04 00:59:57,11,18,7,觉得老师花太多时间在直播上了，期末复习到三重积分让大家去找直播复习，课堂上就花了一节课过了一遍
56491,1811,苏德矿,2017-07-04 01:43:33,5,8,3,期末好难啊，苏老师平时答疑绝对的第一好，期末是自己考的太崩了。微积分gg，下学期再战吧
56848,1811,苏德矿,2017-07-05 01:05:13,-1,5,6,真的感谢老师救了一把，没有挂科，老师很好很认真，感谢
58180,1811,苏德矿,2017-08-16 03:45:48,3,5,2,首先，先感谢老师不挂之恩。矿爷真的很细心认真，但是自己没好好学，有点辜负了老师的期望，希望还能有机会上老师的课。谢谢矿爷！
58375,1811,苏德矿,2017-08-30 05:32:04,-3,1,4,。。。
58950,1811,苏德矿,2017-09-19 00:45:22,-1,5,6,苏吹，德吹，矿吹
59001,1811,苏德矿,2017-09-19 05:18:45,2,5,3,没有传说中的那么神，但上课的确很有趣
59355,1811,苏德矿,2017-09-21 03:37:16,1,10,9,就像骑自行车上坡的感觉，缓慢、无力，还是向往高中的淦哥，那速度简直起飞。客观地说一句，大家还是把位子让给文科生吧。
59442,1811,苏德矿,2017-09-21 11:00:18,1,2,1,我觉得OK
59605,1811,苏德矿,2017-09-25 00:54:13,4,5,1,非常好
60023,1811,苏德矿,2017-10-05 02:16:04,2,5,3,选上矿爷的课真是太幸运了！认真负责，节奏适中，让我对数学又燃起了信心啦！✪ω✪打call! 希望以后能多听到矿爷唱歌?
60083,1811,苏德矿,2017-10-10 02:25:29,0,7,7,没劲！
60107,1811,苏德矿,2017-10-10 11:08:40,-1,1,2,非常好
60236,1811,苏德矿,2017-10-15 06:20:27,-1,10,11,过誉的老师，不解释
60591,1811,苏德矿,2017-10-24 23:20:10,11,13,2,老师会把上课内容挂到微博上让其它人学习? 。而且我在微信群上问的问题都会很快得到回应。做的事都是为了让学生们学的更好。是个非常尽职尽责的老师！
61004,1811,苏德矿,2017-11-07 01:48:46,2,8,6,平凡的老师，平凡的课堂。
62949,1811,苏德矿,2017-11-27 12:17:54,2,3,1,挺不错
63829,1811,苏德矿,2017-12-16 10:42:00,0,1,1,很好！
64701,1811,苏德矿,2017-12-26 13:18:50,3,4,1,矿爷超可耐(●'◡'●)ﾉ❤
65429,1811,苏德矿,2018-01-04 01:58:52,9,11,2,担当大任，认真负责，名不虚传！
66013,1811,苏德矿,2018-07-10 13:31:38,-50,12,62,说实话，微积分不就是给文科生之类的或者数学要求比较低的专业吗，想挑战难度去学数学分析啊
66642,1811,苏德矿,2018-01-18 02:41:54,4,4,0,讲得很细，很有条理，认真做笔记就可以了，课下多做做矿业推荐的题，困难不是太大，但讲例题的时候真的容易睡着。学期末会有复习课，课下有小测，期末就最好不要旷课看直播了
67528,1811,苏德矿,2018-01-21 12:24:02,0,2,2,爽歪歪
68373,1811,苏德矿,2018-01-23 05:30:08,3,5,2,希望老师念及我们的师生情
68858,1811,苏德矿,2018-01-24 03:45:35,1,2,1,上课好，给分好，人也超好，超赞，带我学完整个微积分，在这里表示衷心的感谢！
68860,1811,苏德矿,2018-01-24 03:50:13,-2,1,3,浓浓师生情，舍不得矿爷！
68875,1811,苏德矿,2018-01-24 04:32:17,1,3,2,谢矿爷
68882,1811,苏德矿,2018-01-24 05:01:32,-10,5,15,矿爷是真的好老师，平时分都给满啊哈哈，虽然我一开始没有认真听课，落下很多，不过经过冬学期的努力还是拿到了4.5，真的感谢您的陪伴，矿爷
68904,1811,苏德矿,2018-01-24 05:40:59,1,5,4,老师超好，而且平时分给满。老师平时讲的比较细而且最后有蛮多时间来复习。作业量可能会多，但是这样你至少期末不会挂。
69034,1811,苏德矿,2018-01-24 07:44:48,3,9,6,老师还不错 但是给分完全不调分的 差0.15分绩点从3.9到4.2 毕竟是一门大课 学分真的不少啊\n\n
70184,1811,苏德矿,2018-01-26 08:04:12,-3,1,4,上课讲的很细，但真的容易犯困 不过如果认真听的话，都是能听懂的 老师上课不点名 但如果你没有拿走批好的作业 他会当做你没有来扣平时分的....
70887,1811,苏德矿,2018-01-27 17:24:49,5,6,1,礦爺謝謝你\n\n
71615,1811,苏德矿,2018-01-28 17:02:22,-22,3,25,轻轻松松4.8，赞！
71765,1811,苏德矿,2018-01-29 02:51:43,-1,2,3,老师很好讲的很细致\n\n
72868,1811,苏德矿,2018-01-31 08:24:25,-8,2,10,矿爷平时没有专门的点名，一般点名和小测都是一起来的，小测题不会为难人，都是基础题。给分真的超级棒！像我这种觉得要挂科的渣渣都能上4，听矿爷的话，多刷题，就不会挂。
73895,1811,苏德矿,2018-02-03 11:14:23,37,46,9,这么说吧，苏老师的学生水平明显低于卢老师的，但是苏老师的学生绩点可能比卢老师的高，以前是卷子简单，现在统一试卷了，苏老师的学生反应很大，但是两个老师各自批卷的啊，卢老师出分之后，苏老师还在努力解救广大文科生，最后苏老师班绩点都好的。
74297,1811,苏德矿,2018-02-10 02:21:10,6,10,4,过誉了
74534,1811,苏德矿,2018-03-03 05:30:35,3,5,2,不在乎课怎么样，矿爷真的是展现了为人师表的情怀，崇敬至极，给满分。
74892,1811,苏德矿,2018-03-06 09:26:55,1,2,1,em m
75878,1811,苏德矿,2018-03-20 13:02:23,2,4,2,挺好的啊\n\n老是无敌\n\n\n\n
75913,1811,苏德矿,2018-03-21 13:38:17,-1,2,3,非常棒的老师
76640,1811,苏德矿,2018-04-17 03:57:34,2,4,2,谢谢矿爷爷
77274,1811,苏德矿,2018-05-04 09:14:49,4,5,1,就是非常细致，把基础概念弄懂，后面就腾飞了
77307,1811,苏德矿,2018-05-04 13:14:29,6,10,4,有时候还挺想睡觉的，感觉被严重过誉了，不过可能是文科生不适合学数学吧
78172,1811,苏德矿,2018-05-09 23:49:21,0,1,1,似乎微二(H)调分调得不是很顺利啊，比卢老师班低很多，而且还有很多卡绩。虽然我们班比卢老师班级差很多，但我想厉害的也还是有的吧！
79408,1811,苏德矿,2018-06-04 02:41:51,-2,7,9,说实话，教材编的不好
80360,1811,苏德矿,2018-06-25 12:27:25,0,2,2,好呀好呀
80393,1811,苏德矿,2018-06-26 04:28:33,-1,1,2,矿爷超可爱
80769,1811,苏德矿,2018-06-30 13:44:36,2,2,0,很负责任呀！还有语音
81102,1811,苏德矿,2018-07-04 02:29:04,17,19,2,考完来评个分，确实大学教授里能像苏老师这么尽职尽责的不多了。上课讲的很详细而且期末为我们准备了充足的复习视频和资料。真的给10分嫌少?
81124,1811,苏德矿,2018-07-04 05:16:16,3,3,0,老师人很好，为学生着想，给分也还不错，
81542,1811,苏德矿,2018-07-05 10:38:54,1,3,2,讲得超级清楚
83863,1811,苏德矿,2018-07-11 10:47:43,0,3,3,给分不太好
84432,1811,苏德矿,2018-07-13 00:02:12,1,3,2,苏老师的课就是挺中规中矩的那种类型，带好笔记本，听懂每一道例题，不懂的话可以课后看微博直播视频。我觉得要拿高分还是需要刷题刷题刷题，题刷的多了自然就会了，可惜这个道理我没在高中悟出来。
84699,1811,苏德矿,2018-07-13 14:45:37,-4,8,12,非常棒，我比微1还高，吹爆！轻松上4
84952,1811,苏德矿,2018-07-14 13:52:48,8,9,1,很荣幸上了矿爷一个学年的课！矿爷讲课非常细致啊，简直是文科生的福音。我的微积分成绩从微一到微二到微三一直在涨啊！真心感谢老师！当然自己努力多做题多复习总结也是很重要的！
86193,1811,苏德矿,2018-09-10 08:28:50,4,5,1,老师，节日快乐！啊啊啊
87029,1811,苏德矿,2018-09-20 04:04:54,-1,1,2,唠嗑时间
88515,1811,苏德矿,2018-10-31 15:02:57,1,2,1,讲课细致入微，课后有直播与慕课，感觉学微积分一点也不费劲了。大爱矿爷！
88518,1811,苏德矿,2018-10-31 15:47:28,15,16,1,一个是被矿爷的人品打动了，另一方面是矿爷对学生的理解。矿爷真的非常理解我们，而且三观很正，很为我们着想。
88776,1811,苏德矿,2018-11-07 14:01:35,2,2,0,老师节奏很棒！认真听课基本知识掌握的差不多辽！
88892,1811,苏德矿,2018-11-12 00:45:04,2,4,2,课前好好预习，课中好好记笔记，课后多做题，听老师的话，会有很多收获的。很好?
89796,1811,苏德矿,2018-11-21 00:59:47,-2,0,2,棒棒的
90841,1811,苏德矿,2018-11-26 12:14:26,2,4,2,离开矿爷的半个学期，想他，人这么好的老师真的不多
90901,1811,苏德矿,2018-11-27 07:41:56,1,3,2,谢谢老师
91346,1811,苏德矿,2018-12-06 06:35:01,-1,2,3,我微分要上4.2!!!矿爷罩我!期末后回来还愿!!
91394,1811,苏德矿,2018-12-08 02:48:22,0,2,2,很好w
91754,1811,苏德矿,2019-06-20 14:35:57,124,127,3,上了一年矿爷的课了，我真的很感谢他这一年教授我微积分。矿爷今年六十多了，上课还是很幽默很有活力，想努力让大家对微积分有兴趣（但微积分下确实难而枯燥，微积分上还好），而且每一个定理一定要给你证明，有的东西一再而反复地强调，甚至矿爷有时候调侃自己都觉得啰嗦，目的就是让同学们理解并记住。明明眼睛已经高度近视到「伸手不见五指」，却仍然坚持在各个平台上帮助同学们。不敢说是一种以天下为己任的胸怀，但绝对受心里的责任感驱使。最近在中国大学mooc上的开课广受好评，至少在我的身边，「拯救」了我的一些听不懂自己学校高数课的高中同学。矿爷不是神，本身草根出身，能取得如今的成就真的不容易，他的微积分课不能说是浙大最好的，但是矿爷这个人绝对是我最感激而最钦佩的数学老师。谢谢矿爷。
92044,1811,苏德矿,2018-12-25 15:27:21,1,1,0,老师超级棒！
92637,1811,苏德矿,2019-01-03 08:16:00,-1,1,2,矿爷棒棒！
93252,1811,苏德矿,2019-01-08 11:48:37,5,5,0,好老师，上他的课提不起精神，但是课后会找他的视频来看，助教人也挺可爱
94191,1811,苏德矿,2019-01-15 13:41:28,0,2,2,矿爷的课简单易懂
94476,1811,苏德矿,2019-01-16 16:52:54,11,11,0,我爱矿矿！我是专业矿吹
94829,1811,苏德矿,2019-01-18 09:24:25,-2,0,2,为什么这个没人评论？
98393,1811,苏德矿,2019-01-23 11:50:01,-24,3,27,讲的还行，但绩杀。觉得我们考太高生生往低里调分。感觉白学了。
98402,1811,苏德矿,2019-01-23 12:04:38,0,1,1,矿爷太棒了
98404,1811,苏德矿,2019-01-23 12:04:59,4,5,1,矿爷太好了鸭，平时分直接给满了！
98409,1811,苏德矿,2019-01-23 12:20:25,-23,3,26,矿爷很可爱！！但是绩杀啊?
98410,1811,苏德矿,2019-01-23 12:21:46,2,5,3,吹爆矿爷 平时分直接给满
98426,1811,苏德矿,2019-01-23 12:35:51,3,4,1,萌萌哒
98436,1811,苏德矿,2019-01-23 12:41:42,3,6,3,给分超级好，吹爆我矿爷!
98447,1811,苏德矿,2019-01-23 12:52:34,1,3,2,感谢矿爷和助教小姐姐?
98448,1811,苏德矿,2019-01-23 12:52:39,6,8,2,学渣爱矿爷
98470,1811,苏德矿,2019-01-23 13:15:44,5,5,0,感谢不挂
98481,1811,苏德矿,2019-01-23 13:21:59,2,3,1,棒棒哒
98484,1811,苏德矿,2019-01-23 13:25:33,3,4,1,给分超级棒
98506,1811,苏德矿,2019-01-23 13:55:34,-12,8,20,人很好，就是作为理科生觉得他讲的有点慢，不太有激情，学不学的好全看个人吧，平时分都给满了，最后4.5很开心了
98530,1811,苏德矿,2019-01-23 14:31:52,-36,10,46,刚刚出微积分成绩，表示只要上课认真去听是不会听不懂的，然后助教也hin棒，然后真的可以拯救我们这种数学中下游的学生，一个算式会一个个数值往里带慢慢算出来，很清晰。投影仪讲课也很值得其他老师借鉴，苏老师真的是很讲究教学方法，很接地气，坐第一排睡觉会点醒你，他的目光时常定格在第三排靠走廊正对着他的位置，别问为什么，因为这是我的专座哈哈。考前复习了两天，题目没刷过，只是复习了所有知识点和题型，平时作业认真完成，然后就受宠若惊地4.5本来以为会2点几的，大爱矿爷，我会好好学微积分的！！！
98619,1811,苏德矿,2019-01-23 16:01:08,-54,5,59,4.8
99002,1811,苏德矿,2019-01-24 06:42:16,16,19,3,感觉有一点高中老师的风格。虽然真的没有传的那么神吧，但矿爷备课和上课很认真，绝对对得起大多数同学给他的10分
99937,1811,苏德矿,2019-01-25 10:13:33,8,10,2,讲的偏基础
101053,1811,苏德矿,2019-01-27 10:50:46,3,5,2,话太多……有点迷
101893,1811,苏德矿,2019-01-29 13:20:48,-1,2,3,非常吼
102573,1811,苏德矿,2019-02-09 12:36:33,0,3,3,。。。
102915,1811,苏德矿,2019-02-25 03:20:46,-3,1,4,给分太狠了
103921,1811,苏德矿,2019-03-07 08:54:49,6,22,16,也就那样吧，过于注重自己所谓的“网红”了
104161,1811,苏德矿,2019-03-13 07:41:24,1,6,5,感觉很棒，很适合自己吧
104197,1811,苏德矿,2019-03-13 23:40:42,4,9,5,矿爷讲课真的特别详细，特别适合我这种数学不好的人。人也很可爱。反正只要上课认真听讲，课后作业弄懂的话4.2以上应该不成问题。
104849,1811,苏德矿,2019-07-03 10:17:11,6,10,4,给分挺求是的。作业多，还要做慕课的题目，不过期末时终于明白矿爷的心了，这么多作业的确给我打下了不错的基础(๑•ั็ω•็ั๑)
104882,1811,苏德矿,2019-03-29 10:00:23,18,22,4,十分 谢谢矿爷的网课 帮我更好地学习了微积分
105166,1811,苏德矿,2019-04-27 13:48:47,-46,8,54,满?太简单了
105333,1811,苏德矿,2019-04-20 08:27:40,-69,10,79,那个刷ikun的同学是不是有问题，查老师用来黑人的吗？不要脸敢黑kunkun！我们几千万粉丝不是盖的！
105334,1811,苏德矿,2019-04-10 03:52:29,-15,9,24,刷ikun怎么了，忽略不就好了？恕我直言前面同学多管闲事感觉才有问题！
105651,1811,苏德矿,2019-04-18 02:04:55,10,16,6,手写的讲稿字大，但是屏幕上显示的东西很少，连续性不强；上课确实有点幽默；说话抑扬顿挫，但是只是念讲稿；最主要的就是手写的讲稿让我脑子里连续不起来（个人观点
105767,1811,苏德矿,2019-04-20 07:58:23,2,3,1,我爱苏老师
106684,1811,苏德矿,2019-04-29 02:46:54,27,28,1,积你太美！
108544,1811,苏德矿,2019-05-28 05:02:26,-15,7,22,为什么不是蔡徐坤来教我微积分
108607,1811,苏德矿,2019-05-29 14:38:51,-2,1,3,? ? ?
108684,1811,苏德矿,2019-05-31 06:37:28,7,11,4,啥都好，就是作业太多，是别的老师布置的两倍以上。
109162,1811,苏德矿,2019-07-05 17:15:22,-4,11,15,老师海底捞我
109336,1811,苏德矿,2019-06-13 06:48:36,-9,10,19,矿爷讲的真的一般……
109384,1811,苏德矿,2019-07-02 05:39:46,-14,8,22,挺好的，给分挺好
109471,1811,苏德矿,2019-06-15 12:44:39,2,3,1,老师讲课真好，专心听很有收获
109971,1811,苏德矿,2019-06-20 16:56:21,0,4,4,好好好
110755,1811,苏德矿,2019-07-04 02:30:21,0,2,2,正好被捞了起来 谢谢矿爷和小姐姐
111052,1811,苏德矿,2019-06-29 10:59:49,3,6,3,前面说小测怎样的同学，自己菜别怨别人
111575,1811,苏德矿,2019-07-02 04:12:01,-1,2,3,期末考的分有点低，不过助教平时分什么的都给满了，给分还不错
111582,1811,苏德矿,2019-07-02 04:48:38,4,6,2,老师人很好没错\n\n但讲东西实在有点无趣 听不下去
111711,1811,苏德矿,2019-07-02 15:31:40,0,3,3,矿爷是负责的老师，但这次平时分没给满诶。期末绩点爆炸了?
111726,1811,苏德矿,2019-07-02 16:19:40,1,3,2,继续给矿爷十分吧！期末考只能说还是自己的问题考前太紧张没发挥好，还是自己水平不够心又太高吧。不过好在有期中考和助教给的神仙平时分，非常感谢陪我两个学期微积分的矿爷和助教xjj！！
112355,1811,苏德矿,2019-07-04 02:35:18,2,3,1,还是十分吧！虽然这学期绩点又炸又卡，比1低了好多，但矿爷和助教xjj超好。期末考好难；mooc当小测 也比较难
112364,1811,苏德矿,2019-07-04 02:55:45,1,5,4,这期末考…是微积分还是数分？这么多证明题，格林公式还不能用？
112404,1811,苏德矿,2019-07-04 04:19:14,3,3,0,看完网课，期末没挂，前来拜谢
112430,1811,苏德矿,2019-07-04 06:34:49,-1,0,1,mooc对复习有帮助但是有点儿麻烦
113008,1811,苏德矿,2019-07-05 17:27:33,6,11,5,感谢苏老师孜孜不倦三个学期都卡我绩点
113021,1811,苏德矿,2019-07-05 17:50:41,0,1,1,小测分算的是mooc所以没有给满，上学期卢兴江是给满的555，不过老师还是很有趣
113563,1811,苏德矿,2019-07-07 00:05:04,9,10,1,上了矿爷一年微积分。希望他的课可以有两倍速。三观很正，也是我喜欢的讲课风格，虽然身边的人都觉得矿爷没有那么好，但我觉得矿爷很好，值得我的10分。微积分其实做做课后题，记住公式，并会用，就能拿不低的分数。
113703,1811,苏德矿,2019-07-07 04:35:03,1,2,1,唉╯﹏╰噩梦微积分，积你太美
114700,1811,苏德矿,2019-07-11 04:18:32,11,13,2,矿爷是不是很喜欢赵雅芝
115163,1811,苏德矿,2019-07-16 12:53:29,-3,3,6,全按课本讲，完全不想听，还是cjh好
115328,1811,苏德矿,2019-07-18 16:55:30,4,4,0,很细致
115396,1811,苏德矿,2019-07-21 04:32:22,-6,11,17,很多人说他好，但是个人认为真的过誉了……上课全按课本，不冷不热干巴巴的段子占了课堂一半时间，并且总是有些自以为是（或者自恋？）作业好多，给分还行……如果你是慕名而来，那么真的会失望的，建议去选李将云，陈锦辉和薛儒英
115662,1811,苏德矿,2019-08-16 11:29:51,9,9,0,选过矿爷的微积分，感觉还行，可能不像大家传的那么神，但是对学生特别负责，我挺喜欢的。
115832,1811,苏德矿,2019-08-20 16:49:57,-1,1,2,太好了\n\n
115990,1811,苏德矿,2019-08-28 08:19:53,5,7,2,讲课还不错，作业有点多，慕课也要做。不过得亏作业多，期末复习少忙活。
116369,1811,苏德矿,2019-09-09 23:09:03,2,3,1,棒棒哒萌萌哒
117292,1811,苏德矿,2019-09-22 12:14:07,0,2,2,挺好的老师
117295,1811,苏德矿,2019-09-22 14:18:00,12,14,2,听了矿爷的微课，二倍速食用，感觉极佳
117382,1811,苏德矿,2019-09-23 15:36:35,-18,5,23,真的是名过其实，讲课讲不清楚，讲的是真的快，作业也是真的多，唉～?
117755,1811,苏德矿,2019-09-30 08:05:41,1,3,2,我太爱矿爷了
117774,1811,苏德矿,2019-10-01 07:57:50,0,3,3,虽说被过誉但真的还是很喜欢矿爷，真的很认真负责。祝矿爷身体早日恢复
117967,1811,苏德矿,2019-10-17 06:04:40,0,1,1,棒极了
118170,1811,苏德矿,2019-10-22 03:19:16,3,11,8,老师人很好 但讲得真的太催眠了 适合文科生 对于理科生来讲节奏慢了 而且真的没太大意思
118712,1811,苏德矿,2019-10-31 03:06:37,38,40,2,十分！老师特别有学问，最让我感动的是老师讲到费马定理、罗尔定理、拉格朗日定理的时候说了一句：很多数学家都是站在巨人的肩膀上得到了新的结论，我还是站起来讲吧。六十多岁了。
118792,1811,苏德矿,2019-11-06 02:57:43,0,1,1,严格，幽默
118917,1811,苏德矿,2019-11-07 16:32:02,2,6,4,我上的是苏老师的网课，强烈安利，拯救了我的微积分期中考！适合女孩子！
119481,1811,苏德矿,2019-11-13 04:17:55,4,11,7,没有李将云老师好
120363,1811,苏德矿,2019-12-01 03:49:09,1,2,1,hhh
120856,1811,苏德矿,2020-01-17 23:38:56,0,1,1,真的非常感谢矿爷！！
121526,1811,苏德矿,2019-12-13 04:06:04,-27,11,38,大一上是矿爷的课，算是目前为止到浙大最幸运的一件事了。\n\n在我看来，浙大讲课像矿爷这样细致生动的老师其实很多，但是博学，敬业，给同学温暖与关怀……同时有这些品质的老师，矿爷是我在浙大见到的第一个。好的老师，传授的不仅仅是知识。\n\n害，下学期微积分是卢兴江。失望，沮丧
122025,1811,苏德矿,2020-02-01 13:59:43,4,6,2,这几天在家看老师的MOOC 这也太香了
122204,1811,苏德矿,2020-02-20 03:10:53,18,19,1,H期末平均50，不调分
122688,1811,苏德矿,2020-03-19 04:04:22,12,15,3,矿爷不再是以前的矿爷了，期末不调分，年纪大了脾气没以前好了，不过在负责认真上，他一如既往。平时作业挺多的有好处，不要幻想期末调分
123490,1811,苏德矿,2020-06-09 06:50:48,13,14,1,讲课细致，人很可爱，没有传说中那么神，但总体来说还是很棒的。好好交作业做mooc测试平时分就能满（在我跟苏老师学微积分的同时，我南京大学的同学如获至宝地跟我推荐了苏老师的mooc，我………手动滑稽）
123716,1811,苏德矿,2020-06-12 10:55:21,2,4,2,手写笔记狂魔！不过还是感觉李将云和卢兴江比较好。
123766,1811,苏德矿,2020-06-14 02:32:05,2,2,0,很幽默很可爱的老师！
123893,1811,苏德矿,2020-06-15 20:02:18,3,4,1,别的老师讲课听不懂的时候，可以从mooc听听他的课有利于打好基础，矿爷好老师
125243,1811,苏德矿,2020-09-04 09:49:04,-1,1,2,谢矿爷捞我之恩
125244,1811,苏德矿,2020-09-04 11:05:16,0,2,2,大学里的第一位数学老师，上了老师一年的课，学到的东西不止于数学，虽然矿爷期末不调分，但还是超级超级喜欢矿爷！
125260,1811,苏德矿,2020-09-05 02:51:17,2,3,1,矿爷yyds，上课讲的特别细，还帮着复习，真的有很大的帮助，最后的成绩也比预期的高，也许老师调了分？
125274,1811,苏德矿,2020-09-05 07:55:14,-1,5,6,几乎不点名~线下偶尔会小测点名。超爱矿爷，可可爱爱讲得东西也条理清晰，强推www
125464,1811,苏德矿,2020-09-09 15:36:17,7,9,2,老师上学期一节课点三次名
125864,1811,苏德矿,2020-09-15 04:02:42,0,5,5,矿爷的课不是短短几行评论说的清的，只能说你如果没听过他的课枉来zju。至于给分，只能说你只要努力分数一定好
126219,1811,苏德矿,2020-09-20 03:25:48,1,4,3,我是个新生，听老师的网课，太好了，他为啥不上课，啊啊啊啊
126337,1811,苏德矿,2020-09-23 05:25:28,13,14,1,H课友，矿爷讲课肯定是没问题的，毕竟那么多人靠着他的mooc学好了数学😢给分啥的我也不清楚啥调不调分的，没挂就好了，123分别70 91 80，作为一个菜鸡已经很满意了
126789,1811,苏德矿,2020-10-20 04:32:38,2,2,0,wfe
126949,1811,苏德矿,2020-10-29 08:42:52,3,4,1,实事求是
127556,1811,苏德矿,2020-11-24 10:29:46,-2,1,3,很好的
128957,1811,苏德矿,2020-12-27 12:07:44,0,4,4,文科生不太学得会微积分
129573,1811,苏德矿,2021-01-07 14:10:53,-1,2,3,讲课很细很清楚
130032,1811,苏德矿,2021-01-15 07:52:20,1,2,1,yyds
130734,1811,苏德矿,2021-01-24 11:56:40,-8,7,15,没有卢兴江老师讲的好，全都是基础题根本不能应对期末考试
130961,1811,苏德矿,2021-01-25 11:40:51,7,7,0,矿爷总体来说针不戳！！！很有耐心，上课也很有趣！但比较重视定义和公式的推导，对题目讲的没那么多（可能本人太菜），而且H没有习题课，学弟学妹们自己做点题或者多看看答案
131235,1811,苏德矿,2021-01-26 17:38:32,-27,8,35,过誉了
132084,1811,苏德矿,2021-01-30 07:12:59,3,5,2,啧啧啧
132844,1811,苏德矿,2021-02-04 06:27:48,2,4,2,矿爷yyds！！\n\n很注重基础~在平时讲课时会注重灌输数学思想 易理解！\n\n给分也很好！ 满了\n\n大爱~~ 【微博留言去了~】
133213,1811,苏德矿,2021-02-18 06:02:40,12,12,0,老师的MOOC拯救了微积分
133364,1811,苏德矿,2021-02-26 10:11:34,124,137,13,有的人，别成天过誉过誉，脚踏实地，干好自己
134025,1811,苏德矿,2021-03-12 06:01:34,28,29,1,矿爷依旧坚守在教学一线，甚至期末出分后还让大家给他提提建议，“希望自己能教得更好！”，六十四岁的矿爷就是一面旗帜，飘扬在空中，永不褪色！
135206,1811,苏德矿,2021-05-06 02:53:38,3,5,2,矿爷竟然没满分
135551,1811,苏德矿,2021-05-13 09:21:59,15,17,2,大一的时候上矿爷的课，没有什么过多的感觉，今年准备考研，回过头再看矿爷的mooc，有些知识点真的感到醍醐灌顶，感觉自己大一的时候低估了矿爷的讲课水平，矿爷出圈除了因为他的段子，我觉得更因为他对概念上的理解运用太深刻了，把定理一气呵成、水到渠成地推出来的讲课方式真的妙。
136228,1811,苏德矿,2021-06-13 06:46:21,4,6,2,微积分上下都是苏老师上的，很棒
137190,1811,苏德矿,2021-07-02 06:29:53,40,42,2,没有传说中那么神。但是上课上的也够好，职业态度好，备课认真。还很了解实事，经常分享一些八卦，哈哈哈。很难想象这是一位已经64岁高龄的老师，强推
137237,1811,苏德矿,2021-07-02 13:16:06,17,18,1,不敢说矿爷的敬业达到了感动中国的水平，但是我愿意称他为我心中的标兵\n\n今天刚考完期末，就算没被捞我也要给他打10分
137954,1811,苏德矿,2021-07-07 00:47:17,4,5,1,矿爷又敬业又可爱
138385,1811,苏德矿,2021-07-09 00:24:40,7,11,4,矿宝必须满分
138400,1811,苏德矿,2021-07-09 02:39:14,5,5,0,老师很好的，讲课特别地细。
138552,1811,苏德矿,2021-07-09 17:42:56,1,10,9,老师人很好，感觉上课没有传说中那么好吧（可能只有我一个这么觉得？）。。。
139635,1811,苏德矿,2021-07-18 15:23:47,32,35,3,微甲Ⅰ是矿矿教当时我像评论里很多人一样觉得这个老师不过尔尔。微甲Ⅱ换了另一个老师，虽然查老师评分不比矿矿低但是水平差距还是肉眼可见。想来自己半年前的观点真是暴论，只能劝各位学弟学妹珍惜苏德矿老师。
140142,1811,苏德矿,2021-08-29 03:49:25,5,6,1,矿爷yyds
141172,1811,苏德矿,2021-09-25 15:12:57,2,3,1,矿爷yyds
141562,1811,苏德矿,2021-10-14 15:01:20,4,4,0,矿爷yyds
141565,1811,苏德矿,2021-10-15 00:12:23,8,8,0,矿爷慕课学生。虽然有不少学生说矿爷过誉，但我觉得他真的很不错，打牢基础，理解清晰，真的是我听过的最让人踏实的课。而且矿爷板书还挺好看，写字擦黑板也挺快，每次几乎就是上台就滔滔不绝，可以说是很负责的老师了。
143397,1811,苏德矿,2021-11-25 03:30:26,5,9,4,虽然矿爷上课是挺好，但是事情实在太多了，慕课问答之类的事情真的很让人头疼
143700,1811,苏德矿,2021-12-02 03:45:26,-12,5,17,过誉了。。。
143949,1811,苏德矿,2021-12-14 01:50:47,5,7,2,矿爷yyds！！真的是讲得好有热情还很负责，虽然网课放的是之前的视频但还是会一直陪着我们解答问题！！\n\n下学期还选您的课
144868,1811,苏德矿,2021-12-25 09:23:19,6,7,1,对微积分毫无兴趣\n\n矿爷拯救了我的微积分\n\n还教了我其他很多\n\n感谢您挽救了我濒危的兴趣
145027,1811,苏德矿,2021-12-26 15:59:16,8,11,3,助教giegie🤤🤤🤤我的助教giegie🤤🤤🤤🤤
145400,1811,苏德矿,2021-12-29 10:22:08,2,5,3,点了几次名\n\n感觉蛮好的 在纸上手写上课要讲的内容，大家都可以看的清楚，讲课调理也清晰。\n\n然后就是 嘿嘿🤤🤤 助教哥哥我的助教哥哥🤤🤤
145562,1811,苏德矿,2021-12-30 08:41:13,6,9,3,表白热心又负责的助教，别拦我，我要做giegie的狗🤤🤤🤤🤤🤤
145665,1811,苏德矿,2021-12-31 04:02:30,9,9,0,给十分是因为最高只有十分\n\n不管最后给多少绩点矿爷永远我的超人\n\n以及表白助教giegie！！
146265,1811,苏德矿,2022-01-06 05:27:03,0,4,4,老师，捞捞孩子吧，大二了啊，真的不想退院
146516,1811,苏德矿,2022-01-06 23:32:00,10,11,1,期末完来评分，虽然成绩还没出，但不得不说老师讲得确实很好，很细致，很多定理也会证明给同学们看，加深大家对定理的理解。至于投影自己手写的稿件，确实屏幕上显示的字比较少，但是矿爷课后都会把上课讲的内容都拍照发在钉钉群里。这学期的助教小哥哥人也很好，很可爱也很有耐心。然后就是老师给分真的也好，只要平时认真听课，好好写作业，平时分都给得挺高的。以上。
146766,1811,苏德矿,2022-01-07 11:37:42,10,10,0,老师是好老师，助教是好助教，能捞我就更好了
146767,1811,苏德矿,2022-01-07 11:37:27,6,6,0,老师是好老师，助教是好助教，能捞我就更好了
146786,1811,苏德矿,2022-01-07 12:27:27,-5,7,12,老师挺和善，助教哥哥也超级好，拿到了第一个满绩，👍
146905,1811,苏德矿,2022-01-08 03:38:11,7,8,1,我爱矿爷，我爱助教！
147436,1811,苏德矿,2022-01-10 03:38:48,3,4,1,好老师好助教，认真负责讲课轻松有趣
148217,1811,苏德矿,2022-01-12 01:46:02,4,6,2,矿爷yyds！
148464,1811,苏德矿,2022-01-12 14:43:31,3,5,2,感谢矿矿和助教给我一个这么好的绩点啊啊啊 真的是把我从考试周崩溃边缘拉回来了！！！！
149052,1811,苏德矿,2022-01-14 08:19:28,-53,6,59,一年前上的课，现在想起来补个评分。就个微积分，事情是真他丫的多！
151130,1811,苏德矿,2022-02-23 09:26:34,-1,3,4,矿爷yyds
151350,1811,苏德矿,2022-03-01 05:02:32,3,10,7,作业又多又难，上课讲的很细致但对作业帮助不是特别大。
151832,1811,苏德矿,2022-03-17 03:26:56,-12,5,17,事情很多，无语
152660,1811,苏德矿,2022-04-17 15:44:49,19,20,1,矿爷老了，讲的也没有mooc中那样好了\n\n但矿爷始终认真负责地对待每一个学生，这是我可以肯定的
152727,1811,苏德矿,2022-04-19 03:07:05,1,3,2,老师很好，讲课很细，时不时会用些同学考研的经历鼓励大家。微积分学不好是我菜
153445,1811,苏德矿,2022-04-29 23:06:14,11,11,0,这才是教育者
154219,1811,苏德矿,2022-05-26 05:47:50,14,16,2,来给矿爷刷到满，越往后越感觉矿爷讲得是真的好，能把很难的东西讲得很简单
155191,1811,苏德矿,2022-06-21 03:09:20,5,7,2,爱矿矿呜呜呜呜呜
155245,1811,苏德矿,2022-06-09 17:44:48,6,7,1,矿矿为了教会我们真的是不遗余力……对不起ಥ_ಥ
155584,1811,苏德矿,2022-06-14 12:49:46,0,1,1,永远的神
155936,1811,苏德矿,2022-06-16 15:27:13,0,2,2,幽默风趣～
156236,1811,苏德矿,2022-06-21 13:42:53,3,5,2,爱矿爷！！
156744,1811,苏德矿,2022-06-21 01:14:56,17,19,2,咋还没出分呀 闲着没事来给矿爷评一下\n\n微二H 老师喜欢用讲稿投影的方式。讲得非常非常细！！！我觉得有种把新课和习题课结合在一起的感觉，上课经常会总结做题的方法，听完矿爷的课感觉也不需要听助教的习题课了。不过老师上课语速非常慢，太困了听不下去我就会听慕课（老师上课内容和慕课一模一样，连例题都一样）。总之老师上课内容无敌好，但语速实在很慢，听不下去的可以试试慕课doge\n\n老师有偶尔会用奇怪的方式点名（比如课中点名，把数字写在纸上传着看防止智云的人听到）\n\n然后说点别的。矿爷亲自给我们直播了大概五次习题课，每一次都有两到三个小时，甚至还录了两节常微分的课给我们选着听，花的都是他本可以拿来休息的时间。诚然看这么多课确实给比较占用时间，但是能感受到矿爷为教学花费的巨大精力。矿爷年纪也大了，但他对学生耐心关爱的态度从来没变，对教学不遗余力的态度也从来没变。能遇到这样的老师，是我幸运。\n\n一介书生，无以为报，十分满上，祝矿爷身体安康，永远少年。
156786,1811,苏德矿,2022-06-21 03:10:26,7,10,3,我必须给矿矿满分！！今天去出分啦好激动好激动！微1也就3.6 微2能有4.5真的出乎我的意料我真的哭死！！矿矿其实很适合数学一般的文科生（比如我）他每个步骤都会讲得很细，而且期中期末考试前也会在周末直播讲一些典型例题，真的很有帮助！！
156837,1811,苏德矿,2022-06-21 05:34:26,8,10,2,矿爷给了我98，可惜我只能给他打10分。注：矿爷点名是吓吓我们的，点名分实际上每个人都给满！
156913,1811,苏德矿,2022-06-21 10:29:30,4,4,0,感谢矿爷
156956,1811,苏德矿,2022-06-21 12:15:45,-1,1,2,矿爷，额滴神~~
157227,1811,苏德矿,2022-06-22 12:26:17,8,11,3,上课既仔细又幽默，还会在考前亲自给我们直播习题课，听完之后连我这种数学小垃圾都感觉豁然开朗。能跟着矿爷学一整年的微积分，是我在ckc遇到的最大幸事之一！愿有趣的灵魂永远年轻！
157285,1811,苏德矿,2022-06-23 00:43:16,2,3,1,数学小垃圾亲测体验超级良好！！！大爱矿矿！！！
157701,1811,苏德矿,2022-06-24 11:39:30,9,11,2,上了矿爷的微H②，比我在卢姥爷微H1的绩点稍高一些（也可能是教学内容差异导致的）。总的来看，矿爷讲的比较慢，会反复强调细节，对于基础差的同学比较友好。但是对基础好的同学来说很容易睡着。肉眼可见一学期过去，教室里越来越空，还是挺心疼矿爷的。平时周末会给我们开直播复习，但是时间会比较长。
158887,1811,苏德矿,2022-07-03 04:33:02,-8,1,9,我真的爱死矿爷和助教gg了，估分3.6出分4.2...真的好能捞哇，我很怀疑有些自己估扣6的题都只扣了两分
159310,1811,苏德矿,2022-07-12 04:10:37,9,11,2,“我不说你都知道”
159522,1811,苏德矿,2022-08-02 08:22:34,7,8,1,矿爷人真的超好，讲课很细致，从微一3.6到微二4.8，算是给一年的微积分学习画上了圆满的句号
159526,1811,苏德矿,2022-08-03 09:55:58,5,8,3,开二倍速依然那么清晰易懂
159549,1811,苏德矿,2022-08-08 14:34:25,7,8,1,矿爷慕课，适合预习
160817,1811,苏德矿,2022-10-14 01:56:44,-3,0,3,超级好
160893,1811,苏德矿,2022-10-18 14:43:39,0,0,0,可以夸夸捏
161091,1811,苏德矿,2022-10-26 10:47:01,-7,3,10,作业留的太多了，根本写不完。讲课讲的很好，但是他出的教辅过程太晦涩，用麻烦的方法，有很多没用的步骤，为了追求美观写天书
161225,1811,苏德矿,2022-11-01 07:25:46,2,4,2,卡绩了捏🤯矿矿🥺🥺😭😭
161411,1811,苏德矿,2022-11-06 14:38:42,1,2,1,真的很好，会很认真的给同学回答问题
161462,1811,苏德矿,2022-11-07 07:12:52,2,2,0,666
161723,1811,苏德矿,2022-11-11 07:54:03,2,3,1,矿爷最高
161759,1811,苏德矿,2022-11-12 10:54:40,4,9,5,当年跟着姥爷学微积分1绩点3.6，跟着矿爷学微2喜提满绩 真的想哭 矿宝矿宝矿宝！
161994,1811,苏德矿,2022-11-16 00:57:01,0,2,2,矿爷yyds
163064,1811,苏德矿,2022-12-07 04:51:04,0,1,1,矿！！！！！！！！！！！！！！！！！！！！
163709,1811,苏德矿,2022-12-16 03:39:51,-2,1,3,矿爷yyds
166581,1811,苏德矿,2023-01-13 01:52:07,0,1,1,很爱很爱！
167932,1811,苏德矿,2023-01-20 11:53:54,6,9,3,讲课最大的特点就是很细致很细致，会一个定理一个定理地推导，从基础知识讲到拓展的知识，很全面，很细致。对于数学不好的人来说是很不错的选择。\n\n要做mooc，有点麻烦。\n\n会在群里发上课的讲义和整理的基本公式，也会在群里回答同学提出的问题。\n\n很喜欢“站起来就说，说对的加分”，上网课之后“第一个找出错误的，加分”，但每次都是那几个人站起来讲。
168198,1811,苏德矿,2023-02-01 13:37:33,9,10,1,不敢说是学术水平最高的研究员，但作为一个老师，矿爷真的是做的很好了，认真负责的态度真的是无可挑剔，而且上网课睡过头了矿爷也会帮忙补签hhhh(就这一点就值十分）讲课真的超级细致，（有点犯困hhh）但不影响是个好老师，理科的同学可能觉得有点无聊hhhh，喜欢讲课细致老师的同学强推
168415,1811,苏德矿,2023-02-15 14:33:03,13,14,1,苏老师真的很认真负责，绝对称得上是大学数学的引路人。\n\n或许有些人认为矿爷讲的太慢太细，不及其他老师。私以为，苏老师讲的慢是事实，但是一方面是出于严谨，另一方面是对广大学生的负责。不可否认即使在浙大课堂中也存在明显的水平差异，老师的选择只能是让大部分人听懂。在这方面，苏老师绝对是当仁不让的好老师。\n\n不管数学系内部怎样看待，拥有B站、微博的百万粉丝苏老师，照亮了很多人学数学的路。
168556,1811,苏德矿,2023-02-19 10:26:37,3,4,1,真的很好😭老师 但我学的有点烂 下学期会好好学的
168625,1811,苏德矿,2023-02-20 11:15:20,4,6,2,矿爷的授课水平毋庸置疑，感觉只要认真听课，就可以学的比较扎实\n\n而且吧，矿爷给分比较好，感谢矿爷捞我一手
168701,1811,苏德矿,2023-02-21 07:37:08,16,21,5,矿爷六十多岁了还在一线教学，他对我们学生是真的用心，认真，负责。他的敬业的态度令人敬佩。dwl助教也很认真负责，每次作业都会仔细批改，不过今年的给分貌似有点求是…？
168869,1811,苏德矿,2023-02-23 05:40:17,28,29,1,矿爷人很好，但是就是dwl给分太…
168916,1811,苏德矿,2023-02-23 11:49:14,14,16,2,矿爷yyds，助教给分过于求是了
168954,1811,苏德矿,2023-02-27 05:34:10,-19,10,29,罕见的不催眠的微积分课（）
169373,1811,苏德矿,2023-02-25 15:51:47,14,15,1,苏德矿老师是好老师，认真、用心、负责。dwl助教也很认真负责，仔细批改每一次作业，不过今年给分挺求是的。。。
169733,1811,苏德矿,2023-02-27 14:58:10,8,10,2,矿爷是我见过最耐心的数学老师，把微积分Ⅱ讲的特别清楚特别容易理解，简直是文科生数学救星！矿爷教学态度超级认真，会在周末开作业直播课，让我想起高中数学老师那种非常负责的气质55555上课也特别有趣，会给大家分享生活趣事还有励志的话哈哈哈哈哈，超级超级喜欢矿爷！！
169802,1811,苏德矿,2023-02-28 02:52:11,-1,1,2,感觉很好
170002,1811,苏德矿,2023-03-01 03:18:05,2,3,1,友好型课程
170119,1811,苏德矿,2023-03-01 11:51:46,10,20,10,是个认真负责的好老师，但水平着实没有外界吹捧的那么高
171923,1811,苏德矿,2023-04-12 14:38:27,8,9,1,说实话，老师讲的是真的细，不过可能也是因为年龄比较大了，说话可能啰嗦一点，不过讲的还是非常不错的。不过可能不适合快节奏的学生，上着上着课能睡着
172247,1811,苏德矿,2023-04-23 16:01:19,0,2,2,非常好
174484,1811,苏德矿,2023-06-13 03:18:06,44,45,1,这助教dwl真无语………………
175073,1811,苏德矿,2023-06-21 11:20:45,32,33,1,远离dwl助教的班
175427,1811,苏德矿,2023-06-25 01:00:32,18,21,3,我永远喜欢汤yt助教姐姐!!!
175755,1811,苏德矿,2023-06-26 12:09:12,31,34,3,代汶利是真的伞兵，远离她，不然会变得不幸
176206,1811,苏德矿,2023-06-28 05:01:59,28,33,5,远离dwl远离dwl远离dwl这个助教
176282,1811,苏德矿,2023-06-28 08:35:09,5,12,7,22-23春夏 微甲2地狱难度\n\n喜提史低3.3\n\n我对老师没有任何不好的感觉 dwl姐姐也非常好\n\n但是真的很想要吐槽一下这张卷子
177360,1811,苏德矿,2023-07-03 04:24:41,23,25,2,首先我想说的是，矿爷人挺好，不过课程不适合快节奏的人上，如果你的数学非常不错，建议直接听慕课，因为听他的课真的容易睡着；其次，助教给分太过于求是了，校风恪守的是真的好啊（阴阳怪气），明明今年的题难一些，不知道正态分布是吧？是一点也不捞啊，就想问问有几个人能拿到90分？几个人能4绩点以上？真是当助教当傻了！
178572,1811,苏德矿,2023-07-15 06:30:41,23,26,3,远离dwl，太恨了。矿爷怎么说，感觉廉颇老矣。
178606,1811,苏德矿,2023-07-16 14:44:11,44,53,9,建议助教也上査老师系统。\n\n不患寡而患不均。md你一个助教给分比其他班给分低这么多，你这已经不能说严格要求了，你不觉得是纯纯耽误学生吗？你良心不痛吗??????!!!!!!!????!!
180771,1811,苏德矿,2023-09-26 04:41:56,1,2,1,真的好
180981,1811,苏德矿,2023-09-30 12:15:47,21,27,6,大一新生刚听了四次课，感觉矿爷讲的挺好，但是在dwl班上，有没有学长学姐细说一下为啥她不好，有点害怕。。。
184300,1811,苏德矿,2023-12-16 04:24:20,6,7,1,1.5-2倍速的mooc通俗易懂，很适合预习
184350,1811,苏德矿,2023-12-18 05:59:46,6,10,4,矿爷课讲得真的很细，他参与编写的教材和课堂上也有很多例子帮助理解；不过习惯快节奏的同学们可以选择慕课，上矿爷的课我打过好几次瞌睡）而且上课有时候还会讲点故事哈哈哈\n\ndwl助教老师习题课也很负责，给分从平时分和期中（23-24秋冬）来看还是可以的
185144,1811,苏德矿,2023-12-26 15:56:36,2,5,3,我天天上矿爷网课，不打十分过不去了
185482,1811,苏德矿,2023-12-30 09:41:37,-1,3,4,太棒了
185669,1811,苏德矿,2024-01-03 11:47:56,1,3,2,矿爷yyds
186081,1811,苏德矿,2024-01-08 08:14:03,3,6,3,速度慢，有点催眠
187120,1811,苏德矿,2024-01-14 14:45:09,0,3,3,谢矿爷救命之恩！
187279,1811,苏德矿,2024-01-15 11:36:56,3,11,8,老师人很好，点名没去可以改过来，但是课上的一般，上课放手写的ppt，实在是催眠。给分也一般，只捞了快挂的，最后我总评和两次考试卷面分持平。
187350,1811,苏德矿,2024-01-15 14:19:16,23,30,7,代汶利sb，简直脑瘫
187622,1811,苏德矿,2024-01-17 01:27:30,-2,7,9,怎么评分只有10分，不然给100分
187773,1811,苏德矿,2024-01-17 11:09:57,1,5,4,真的很棒，课上讲的习题很具有代表性，再次点赞
188338,1811,苏德矿,2024-01-18 16:16:01,5,8,3,矿爷讲课很清楚，H课的助教人也很好，期末还被捞的，超棒哦
188474,1811,苏德矿,2024-01-19 05:10:33,2,8,6,矿✌yyds！
188908,1811,苏德矿,2024-01-20 14:04:30,19,23,4,讲课比较慢，不适合所有人。对于个人来说，不如自己看书。
189885,1811,苏德矿,2024-02-01 06:19:21,2,8,6,讲课慢，但仔细，有意思，直接满昏
190702,1811,苏德矿,2024-03-15 06:24:08,12,19,7,苏老师讲得很好很清楚。只是dwl助教简直了，教导主任上身了，9分一分扣给助教。
193378,1811,苏德矿,2024-06-08 03:28:09,0,2,2,老师超级好，矿爷简直我的神
194086,1811,苏德矿,2024-06-22 02:19:02,2,8,6,老师讲得有点缺乏条理，一个点说太久导致思路不明晰，还有课前喜欢毒鸡汤有点不太受得了，很潮的一个小老头，观念也有一点封建。
194238,1811,苏德矿,2024-06-23 00:46:01,-12,6,18,给分不错，讲得一般
194240,1811,苏德矿,2024-06-23 01:02:48,15,18,3,给分一般，上课比较有意思，不过最近感觉状态没有自己在MOOC上讲得好了
194339,1811,苏德矿,2024-06-23 09:06:48,-5,2,7,给分好求是
194583,1811,苏德矿,2024-06-24 12:32:50,0,4,4,一开始害怕助教太狠甚至想要退了滴定，最后还是上了。其实最后分还是不错的，比我微甲1还高。助教可能没有其他人那么捞但是这学期客观来讲给分最起码也算正常了，可能平时有时候难说话一点，但你只要按规矩来她不会乱扣你的分（至少这学期是这样的）。矿爷讲的很慢很细，虽然简单的地方有些催眠，但是对于这种比较基础的考试很对口。总的来说是一次不错的体验。
194900,1811,苏德矿,2024-06-26 01:38:20,5,16,11,H课，我更喜欢卢姥爷的上课风格（哭）
195181,1811,苏德矿,2024-06-27 05:40:45,-4,5,9,老师好，但是助教。。。
195506,1811,苏德矿,2024-06-28 12:01:36,-28,6,34,讲课慢，思路差
196242,1811,苏德矿,2024-07-02 13:10:54,1,10,9,期中给分很好，但期末很求是。个人不太能接受苏老师的讲课风格
197469,1811,苏德矿,2024-07-16 06:49:03,4,8,4,上课风格个人不太喜欢，但23-24春夏H的助教姐姐挺好的，很负责，批卷子很快（bushi
198570,1811,苏德矿,2024-09-10 03:56:00,2,3,1,太好辣
198585,1811,苏德矿,2024-09-10 05:36:19,4,4,0,好好好
199013,1811,苏德矿,2024-09-14 03:13:27,0,2,2,喜欢，很爽，讲得挺好
199523,1811,苏德矿,2024-09-25 02:44:35,7,8,1,讲得好！
202903,1811,苏德矿,2024-11-15 05:31:31,6,8,2,感谢矿✌️将我从xry的课堂中把我救赎
203321,1811,苏德矿,2024-11-19 06:38:09,9,9,0,矿爷手动版PPTyyds
205578,1811,苏德矿,2024-12-09 11:46:38,4,5,1,老师好可爱，快乐小老头嘿嘿
206446,1811,苏德矿,2024-12-15 06:52:04,9,12,3,助教沈姐姐简直天使，非常非常非常负责，讲的超级清晰，手写讲义很方便课后复习，没有她活不下去啊🥺
207862,1811,苏德矿,2024-12-24 14:20:40,-7,6,13,矿爷10分，避雷代汶利助教
209686,1811,苏德矿,2025-01-06 14:12:03,1,3,2,矿爷我爱你
209701,1811,苏德矿,2025-01-06 15:56:08,11,12,1,今天晚上刚刚出分\n\n满绩拿下\n\n苏老师真的很好 上课质量很好 只要跟上思路 上课一定是受益匪浅的 重视原理和思维逻辑\n\n（虽然我听的不多 感觉还是吃高中竞赛老本。）\n\n代助教也不至于被喷\n\n一个长学期就那点工资你还指望人家给你提供什么 而且我认为给分还是可以的 习题课的选题也还是蛮有新意的 只要好好学都还是很不错的\n\n（虽然一个月去一次。）\n\n没必要说老师的不对
209714,1811,苏德矿,2025-01-07 00:16:46,-9,5,14,虽然感觉讲的很有条理而且最后出分也还可以，但是避雷助教所以下个学期就先不选了👍
209812,1811,苏德矿,2025-01-07 08:12:52,11,15,4,谁骂dwl助教啊？助教不是挺好的，会捞！苏老师讲课虽然比较慢，但很细致，不会让人昏昏欲睡，认真听课绝对能听懂。代助教也挺好的，习题课会讲拓展内容（有些确实会有点难），给分又好，为什么会有人骂？
209813,1811,苏德矿,2025-01-07 07:17:03,10,13,3,dwl助教很好，海底捞，矿爷讲课也很好
209821,1811,苏德矿,2025-01-07 07:39:20,7,8,1,感谢苏老师，感谢助教姐姐🥰我只能说10分不是老师的极限啊😭
209823,1811,苏德矿,2025-01-07 07:39:55,11,11,0,你给我5.0，我给你10.0，神，无需多言。
209827,1811,苏德矿,2025-01-07 07:46:20,6,6,0,助教姐姐海底捞啊，呜呜呜
209873,1811,苏德矿,2025-01-07 09:44:02,0,1,1,微积分1H 出分94 感觉老师上课讲得确实很细但是似乎有一些慢（当然慢也不是绝对的，毕竟参照量是lxj ，这可能真的太快了）前半段课程听得很认真后半段听得比较划水 另外助教sjw是神 伟大无需多言
209967,1811,苏德矿,2025-01-07 15:04:23,4,6,2,矿✌是我的神！虽然vjf学得稍许辛苦（作业有点多而且还要抄题），但是最终的分数还是很好的！课上讲题会有很多例题便于理解，dwl助教也很好哇，讲题很细致而且很有耐心的
210390,1811,苏德矿,2025-01-12 12:27:09,6,7,1,微积分甲。讲课很细，给分很好。唯一的缺陷是助教的习题课有些过于深奥。
210699,1811,苏德矿,2025-01-10 00:48:07,-13,1,14,你们认为2027年新疆西藏作为最后两个省份会开始第一届新高考吗？认为会请赞我，认为不会请踩我
210703,1811,苏德矿,2025-01-12 09:50:03,7,7,0,苏老师讲得虽然慢，但确实很有趣，而且不会影响你自己的节奏，外加助教沈姐姐好评（后期矿爷迷恋上了点名这种神秘的力量）
210851,1811,苏德矿,2025-01-10 05:33:16,3,3,0,真的好，强推
211425,1811,苏德矿,2025-01-11 11:14:48,2,2,0,虽然翘了但是老师真的很好啊给分也很好
211633,1811,苏德矿,2025-01-12 05:36:41,2,4,2,好好好
213071,1811,苏德矿,2025-01-16 02:21:24,1,2,1,sjm助教救我狗命，我其实觉得助教是一个很严谨的姐姐，每次问她问题她基本都是秒回，最后补天的时候助教jj没少帮我回答问题。她帮我超级多，习题课如果认真听能发现她的选题都很有代表性。\n\n矿爷不必多说，很有趣，讲课非常明白，是让我这种小菜狗能get到并且能应用的。
213108,1811,苏德矿,2025-01-16 04:10:45,1,2,1,微I H\n\n高速冲浪的sdk，稍微带点抽象，人很好，讲课挺清晰的，直接看手写版的课件也能看懂，很详细。\n\n助教沈姐姐很好！！最后还捞了我一把，真的好好，感动！！！
213264,1811,苏德矿,2025-01-16 13:45:20,0,3,3,特别好的老师。微积分甲一的期末有两小题没做出来，没想到最后还是满绩了
213476,1811,苏德矿,2025-01-17 15:38:31,1,1,0,助教哥哥第一次让我尝到了不苦的苦瓜😍
214465,1811,苏德矿,2025-02-06 03:23:54,2,2,0,钉上问矿爷会秒回，伟大，无需多言
214964,1811,苏德矿,2025-02-19 13:11:49,0,0,0,好好好好
215336,1811,苏德矿,2025-02-25 08:13:49,1,1,0,我是矿爷的微乙赛博学生，伟大，无需多言
216396,1811,苏德矿,2025-03-15 11:25:08,8,9,1,我不想做作业还要抄题目😭
216514,1811,苏德矿,2025-03-18 01:54:00,0,0,0,上课有趣，认真，生活态度乐观，对待学生耐心
218065,1811,苏德矿,2025-04-20 06:41:51,3,4,1,老师人真的很好，但是作业太多了吧
218852,1811,苏德矿,2025-05-08 12:12:12,0,1,1,中规中矩
220237,1811,苏德矿,2025-06-23 14:49:31,2,2,0,矿爷无敌了，上过矿爷的课可以吹一辈子了哈哈哈哈！微积分（H）一直上是矿爷上的，两次的助教都是SJW姐姐，她也是讲课超级好，改作业和期中期末试卷效律奇高，还很捞分！！！
220242,1811,苏德矿,2025-06-16 15:04:11,1,1,0,矿爷讲课很细致比较慢，比较适合基础比较差理解能力不强的人。另外H的助教sjw姐姐真的人超好，改卷超级捞，效率也很快
912,1817,陈叔平,2015-03-18 15:58:42,52,72,20,烂到透!
976,1817,陈叔平,2019-01-08 12:34:19,81,109,28,Sucks.
1179,1817,陈叔平,2015-03-21 16:25:43,-27,36,63,讲的绝对好 水平非常高 要求严格 有quiz 学到很多东西 \n\n老师也非常亲切 非常好交流沟通 乐于帮助指导同学 难得的好老师 贵州大学校长 多年系主任
1180,1817,陈叔平,2015-03-21 16:25:47,22,36,14,飞一般
2033,1817,陈叔平,2015-03-30 01:18:37,42,67,25,当过校长的数学系主任，态度相当傲慢。
2034,1817,陈叔平,2015-07-09 00:09:28,113,163,50,下面说喜欢这种不迁就的老师。敢问老师存在的意义难道不是教会学生知识吗？他特立独行有自己的教学方法，但是学生并不能从中获益，还要用高标准给学生低绩点。
4252,1817,陈叔平,2015-07-13 13:05:14,1,13,12,忍了
4808,1817,陈叔平,2015-07-09 07:27:05,8,19,11,搞siao
4977,1817,陈叔平,2015-07-02 00:49:40,11,45,34,1. 无作业，每周一节课用来考试。因助教出卷，所以难度尚可会做例题基本就接近满分2.不预习上课无用，但预习了他是少有能把整个知识网络讲清楚的老师。
5374,1817,陈叔平,2015-07-07 04:46:16,3,16,13,坑
5385,1817,陈叔平,2015-07-07 05:47:58,-16,20,36,讲课很有深度，出发的层面很高。这也意味着听的人自己要有一些了解，起码做做预习。自己不提前看的话很难听懂。这样不迁就学生的老师在我看来是好老师。
9017,1817,陈叔平,2015-10-09 11:11:10,1,12,11,免费加课
10054,1817,陈叔平,2015-11-15 04:32:23,-12,17,29,超好的老师！
10320,1817,陈叔平,2015-11-18 05:26:39,-13,12,25,棒，，
12477,1817,陈叔平,2015-12-29 11:50:14,-9,15,24,真正的数学思想。
13294,1817,陈叔平,2015-12-26 08:18:15,-22,15,37,听不懂陈老师的课说明你不适合学数学，学好的陈老师的数学分析，你有可能是下一个菲尔兹奖
17390,1817,陈叔平,2016-01-20 07:19:54,0,18,18,心疼陈老师
18428,1817,陈叔平,2016-01-21 15:13:07,11,17,6,再见！
18928,1817,陈叔平,2017-03-06 02:16:26,-35,13,48,绩点奇高
21528,1817,陈叔平,2016-02-29 06:11:07,11,19,8,垃圾堆
25862,1817,陈叔平,2016-06-12 12:37:59,-6,26,32,作为老师，能为学生传道受业解惑，能描绘出清晰的知识框架，把知识中内在的联系讲出来。作为学者，热爱数学，学以致用，不曾止步。作为教育家，认真负责，教学思想比部分老师不知道高到哪里去了。好老师，走过路过不能错过。
29076,1817,陈叔平,2017-05-02 15:51:53,12,25,13,傻逼 傻逼
29570,1817,陈叔平,2017-01-19 11:55:50,19,25,6,妈的下学期学实变的，你们自己看着办
30272,1817,陈叔平,2016-07-01 07:16:54,-12,9,21,讲课快，故事好。
32036,1817,陈叔平,2016-07-05 12:38:52,16,23,7,傻比老师不解释，觉得应该让他退休了别出来祸害人
32514,1817,陈叔平,2016-07-07 09:59:26,12,21,9,浙大傻逼！
33377,1817,陈叔平,2016-09-19 02:54:21,13,17,4,讲得很糟糕，又要装得很厉害
33909,1817,陈叔平,2016-09-22 12:36:17,-12,13,25,很好的老师，我期末绩点也很难看，但我始终感激大一遇到的第一位老师是他
40303,1817,陈叔平,2017-01-02 04:06:05,9,14,5,没有人情分，不适合学渣
45534,1817,陈叔平,2018-01-06 12:11:07,75,85,10,陈老师 您回家走夜路吗
45860,1817,陈叔平,2017-01-20 07:52:48,92,111,19,我觉得陈叔平的课可以不听，但自己不能不学，千万别被上课扯的淡麻痹了，不然就是血淋淋的下场，此役教训甚深，该翘课就得翘
49351,1817,陈叔平,2017-04-07 03:23:41,11,18,7,整节课整节课地讲方法论，课堂效率极低
54704,1817,陈叔平,2017-07-05 10:33:56,12,20,8,请问有人知道陈老师的家庭地址吗？？
57063,1817,陈叔平,2017-07-05 10:32:06,9,14,5,学渣还是不要选的比较好，学不起，学不起。
57064,1817,陈叔平,2017-07-05 10:38:19,13,15,2,不要选
59129,1817,陈叔平,2017-09-20 01:08:55,14,17,3,装腔作势
59130,1817,陈叔平,2017-09-28 06:16:49,67,71,4,他办公室在蒙民伟楼103
59491,1817,陈叔平,2017-09-22 02:16:16,10,15,5,不知道在扯什么鬼，还是自习比较好，作业可以5看隔壁那个老师布置的，总之就靠自己，还能怎么办？？？
59495,1817,陈叔平,2017-09-22 02:22:21,10,12,2,老师到底在干什么呢，，各种例子，然后还问你明不明白，，不如自习
59506,1817,陈叔平,2017-09-22 02:39:45,67,76,9,mmp真受不了了，直接改名自然哲学的数学原理吧
59518,1817,陈叔平,2017-09-22 03:46:57,0,9,9,下课时问问题，回答很有耐心，挺感动的。
59761,1817,陈叔平,2017-09-27 01:00:34,26,31,5,果然是语文老师，根本不是数学思维。按自己的思路讲的开心，下面全靠自学
59764,1817,陈叔平,2019-01-14 09:25:03,63,70,7,台上穷开心，台下如傻B。
59767,1817,陈叔平,2017-09-27 01:15:52,-18,13,31,学渣就不要再喷了好吧，你们不想上就别选啊
59806,1817,陈叔平,2017-09-27 06:23:00,10,12,2,不喜欢。。
59954,1817,陈叔平,2017-09-29 02:27:15,4,7,3,不预习就去上课的话，还不如不去
59957,1817,陈叔平,2017-09-29 02:51:23,19,21,2,几乎每说一句话都要写到黑板上，上课如同写日记。。。
59984,1817,陈叔平,2017-09-30 01:53:28,8,15,7,感觉吃了屎
59985,1817,陈叔平,2017-09-30 01:56:50,5,10,5,什么鬼？？？？？
60154,1817,陈叔平,2017-10-12 00:34:21,29,37,8,垃圾，一节大课只讲10分钟数学，就知道吹逼，考试却跟你抠每一分，老是考试，问他问题就会讽刺你，呵呵当过领导很牛是吧，郑校前任，但郑校远比他好得多!不如自学，也只能自学。。。
60364,1817,陈叔平,2017-10-18 06:47:14,11,12,1,gross!！！！！问问题千万不要找他，找助教！！！！
60436,1817,陈叔平,2017-12-30 17:52:52,4,9,5,sucks
60480,1817,陈叔平,2017-10-22 10:26:28,-3,10,13,老师很可爱，很慈祥
60488,1817,陈叔平,2017-10-22 10:55:09,-10,5,15,讲了很多乱七八糟的东西。不过体系很清楚
60927,1817,陈叔平,2017-11-03 02:43:57,8,12,4,他应该去教哲学 什么有用东西都学不到 听他的课=浪费时间、浪费生命
61770,1817,陈叔平,2017-11-21 00:43:01,10,14,4,简直是线代史纲要！太差了!该翘的课还是得翘！上课就会讲一些看似哲理的故事，每次上完课都不知道这节课讲了啥，重点是啥。课后提问也是给你讲故事讲半个小时，咋不去教思修啊
61933,1817,陈叔平,2017-11-22 01:02:18,6,9,3,呵呵呵呵上课没有任何听的欲望，如同念经
63264,1817,陈叔平,2017-11-29 15:49:57,-2,9,11,老师人很好
63359,1817,陈叔平,2017-12-01 12:20:34,-4,10,14,其实并不差。选课的时候看了这里的评论，感觉很绝望，都不想去上课了。但其实认真听的话还是有收获的。至少这个老师能把我想不清楚的地方讲明白，还能偶尔惊艳到我，这是很多老师都做不到的。
63517,1817,陈叔平,2017-12-06 00:51:34,0,5,5,不预习学不了，但是预习了一章网络十分清晰，对学生的提前自学能力要求较高
63532,1817,陈叔平,2017-12-06 06:13:30,1,10,9,陈老师虽然上课喜欢讲道理，但他上课内容框架清楚，脉络清晰，课前最好先预习。老师为人态度也很好，很热情。
63789,1817,陈叔平,2017-12-15 02:48:49,2,9,7,段子手里面的长者\n\n我要用共享卫生纸！！
64546,1817,陈叔平,2017-12-25 06:05:53,-10,5,15,老师水平真的很高，但不是一般人能懂的，课下需要大把时间学习，总之不错
64709,1817,陈叔平,2017-12-27 01:32:06,-8,8,16,老师不主张我们去背，主张我们自己去推导公式，还说，如果考试时，想要多写半小时行不行，老师是允许的，只要是自己去推导公式，这么好的老师哪里找
64761,1817,陈叔平,2017-12-27 05:16:51,-4,7,11,这学期课还没上完，但老师人很好的
64867,1817,陈叔平,2017-12-27 13:46:39,30,36,6,看到有个评论说他水平高，我想说他身为一个老师的水平不只体现在能力知识水平上，更在于其教学水平。试问一个全班一大半都跑去蹭隔壁课的老师，他的教学水平体现在哪里？自学之后条理脉络清晰？你都自己学完一遍了看慕课看教辅都能把脉络理清吧，然后用两节课听他讲“怎样学好数学”听他说“感兴趣、弄明白、会做题、会应用”？关于不调分的做法好听点说是有原则，不好听就是执拗顽固。（不吹不黑，语文还是讲的挺好的）
64871,1817,陈叔平,2017-12-27 13:59:28,8,12,4,最美语文教师\n\n最佳自习现场\n\n玩关灯游戏？\n\n是的，上完课我都要瞎了
64887,1817,陈叔平,2017-12-27 15:53:21,-11,2,13,很好！\n\n教的也很好！\n\n适合享受数学过程的同学！
65119,1817,陈叔平,2017-12-29 02:48:50,-2,1,3,lab
65200,1817,陈叔平,2017-12-30 17:16:50,6,7,1,想死，好好自学吧
65203,1817,陈叔平,2017-12-30 17:34:17,38,38,0,线性代数史纲要
65219,1817,陈叔平,2018-01-01 07:17:46,11,13,2,令人绝望
65321,1817,陈叔平,2018-01-03 03:42:07,12,15,3,是个很好的老师，不过应该教语文。
65400,1817,陈叔平,2018-01-03 15:15:24,4,9,5,老师只会瞎吹牛！没有干货！
65572,1817,陈叔平,2018-01-22 11:09:23,4,12,8,明天出分，用老师讲语文的时间自习，然后用10分的注意力听他讲知识点，一定能学好，整整一学期摸索出的套路可惜我凉了…讲知识网络一定一定要认真听！！！真的棒
66416,1817,陈叔平,2018-01-16 07:38:17,2,5,3,基本自学，真心希望把研究型人才和教学型人才区分一下，不然老师学生都受罪
66440,1817,陈叔平,2018-01-16 12:38:26,1,4,3,ljj
66643,1817,陈叔平,2018-01-18 02:43:01,5,7,2,烂的一笔，这种人还来浙大，还能带竺院的课
66795,1817,陈叔平,2018-01-19 05:59:19,-9,5,14,陈叔叔讲题好好啊，给你评10分，让我上3.0  TOT
67977,1817,陈叔平,2018-01-22 12:04:28,3,5,2,不点名，但是讲得太系统了，而且不提倡调分
67998,1817,陈叔平,2018-01-22 12:56:18,0,5,5,老师的课不好评价，因为本人水平实在太低，入不了门讷。但是为助教小哥哥们强力打call，简直太棒了。多亏他们才没挂。助教小哥哥们太棒了！！
68043,1817,陈叔平,2018-01-22 13:52:13,-1,4,5,我觉得老师上课其实很认真…真的很认真在教…但是让人听不大懂也是真的qaq总之线代还是要自己认真去学 课后要花时间 不然的确惨(对了助教小哥哥贼可爱)
68224,1817,陈叔平,2018-01-23 00:45:28,1,8,7,老师很负责任 当初看查老师评分这么低对老师还心存偏见来着 但是其实很负责任 虽然教学上的确有种让人雾里看花的感觉 但是复习的时候翻之前老师说的笔记你会发现很有道理 当初不懂只是自己水平不够 而且老师还免费为我们加习题课 大晚上的年纪这么大了特地赶一个半小时的路就为了来答疑解惑 希望大家真的尊重老师 他很棒
68350,1817,陈叔平,2018-01-23 04:39:50,2,7,5,陈老师的课虽然充满玄学气息，基本靠自学，但助教哥哥给分还是不错的，把我捞了起来……
69261,1817,陈叔平,2018-01-24 11:31:11,2,5,3,上课除了思维拓展以外没学到啥，完全靠自学，一个学期下来越学越混乱。期末也认真复习了，该掌握的点自认为也掌握了，结果绩杀。毁灭了我对线代的一腔热情。
69269,1817,陈叔平,2018-01-24 11:46:32,-9,4,13,主要看助教。平时上课从来不听，期末前复习了一周，居然4.5，给8分全是给助教的
70409,1817,陈叔平,2018-01-26 14:48:28,-1,5,6,老师上课非常迷……emmmm就讲知识点，时间太紧也不怎么证明啥的……就很神奇的教学风格。虽然绩点不咋地(因为考试一个题从头写错……)但是助教小哥哥真的很好的，答疑非常认真。老师虽然讲课有点迷，但感觉也有很努力讲了，挺负责的
70526,1817,陈叔平,2018-01-27 00:48:22,5,8,3,陈老师，我知道什么叫成功了。
72338,1817,陈叔平,2018-01-30 02:30:12,1,5,4,陈老师的教学思路是没问题的，只是太相信学生们的自学能力和自控能力了。如果上课之前全部自学了内容，听懂还是不成问题的:）
72390,1817,陈叔平,2018-01-30 04:44:39,-1,7,8,必须给好评啊，上课其实蛮清晰的，证明写的很好。我上的线代H，预习倒是不必要，课前一定要把上次课的内容消化掉不然容易听不懂。老师是放羊式管理，平时不布置作业，建议自己挑题做，但是必须要坚持做，小测两三周一次，虽然可以翻书但是最好是测前复习一下，看看定理，期末考前复习压力就不会很大。最后，真的不要听前面的话，如果选了一定要认真学，最后期末给分也蛮好的，不要因为有一点听不懂就逃课不做作业！！！
72407,1817,陈叔平,2018-01-30 05:25:52,3,11,8,课程：线性代数（H）I\n\n    体验：陈叔平老师是一个很有想法的老师，他很少在上课的时候着重的进行知识点的普及，而是努力地把各个章节的各个知识点连接在一起，再对一些重难点内容进行剖析研究。此外，为了课程的趣味性，他的讲课内容中会把许多语文的观点与故事和数学无缝衔接在一起，听故事的时候走神很容易漏掉重要内容。整体来讲，对于大多数习惯于课堂接受知识的同学，陈老师的课是相当不友好的。但是如果肯花时间在课下先把知识点过一遍，他的课会让你理清整个课程的脉络，并且印象深刻。
72408,1817,陈叔平,2019-01-23 16:53:22,-12,9,21,陈老师从不点名，所以每次上课人数都不到一半。最搞不懂的是一些打分的人自己就没上过几节陈老师的课。讲真陈老师的课讲的是不错的，不算很好但也没有评论里说的那么差。有些人因为看了查老师有先入为主的观念之后就没有听前面的课，后面的课自然就听不懂了。
73074,1817,陈叔平,2018-02-01 01:03:03,6,8,2,呵呵呵呵……所有人(除了他)都知道他上课令人稀里糊涂。后来我才发现，他只能讲总体框架，细节根本讲不清楚(所谓境界高)
73783,1817,陈叔平,2018-02-03 05:33:20,3,7,4,出题看助教，所以讲的和考的不一致，可以不去听。老师理解很深刻，想让你自己探究所以只点播疑惑、介绍视角，告诉你们怎么思考；有幸听过卢老师的课，他讲课面面俱到，和高中差不多。
74025,1817,陈叔平,2018-02-04 09:25:52,-16,2,18,老师很棒。。。感觉很认真教～虽然我都听的隔壁老师的课～～最后满了还是挺开心的
74110,1817,陈叔平,2018-02-05 08:17:23,3,6,3,作为每次都去听课的人， 真的没觉得有多大收获。两节课有大把时间在扯哲学、语文，书上重要概念只是简单的提到一下就算结束。但是老师对整本书的知识脉络了解的很深刻，虽然无法准确传达。还是自学吧。
74113,1817,陈叔平,2018-02-05 09:08:29,2,4,2,有的时候能收获一点，不过主要靠自己学
74115,1817,陈叔平,2018-02-05 09:23:11,1,3,2,上课前要预习
74149,1817,陈叔平,2018-02-05 21:53:35,6,8,2,在数学的课堂上感受语文的奥妙\n\n让你意识到自己智商无下限\n\n感谢助教小哥哥捡回人社班学生的命\n\n讲的太棒 就是不知在讲点啥 还给人社挂
74234,1817,陈叔平,2018-02-07 10:17:33,0,4,4,一个100多个人上的课一半都不会去上，全靠自学，课堂效率非常低下
74264,1817,陈叔平,2018-02-08 11:44:32,4,5,1,自然哲学的数学原理
74409,1817,陈叔平,2018-02-20 01:36:35,0,5,5,人很温柔，但是不想绩点上不了三的，从现在开始自学吧
75663,1817,陈叔平,2018-03-15 02:03:27,9,11,2,以后实变函数改名叫思修吧~
76202,1817,陈叔平,2018-03-29 02:28:09,-2,3,5,呵呵…
76484,1817,陈叔平,2018-04-11 01:32:02,2,4,2,线代二听不懂了，来找您还愿了（微笑脸）
76715,1817,陈叔平,2018-04-19 03:12:44,7,13,6,不得不说，老师除了梳理章节结构的时候，讲课思路十分混乱。\n\n至于有人说讲人生道理之类的，我倒是觉得还在控制范围内，没有觉得过分。不过讲课节奏很慢，一个定理磨来磨去讲的是一样的东西。
76920,1817,陈叔平,2018-04-26 02:58:35,5,7,2,下定决心听课就会睡着。。
79581,1817,陈叔平,2018-06-11 00:10:21,2,5,3,内心崩溃 实变思修课 上课条理有点不懂
79858,1817,陈叔平,2018-06-14 11:35:47,2,4,2,实在是折磨 自学太累了
84812,1817,陈叔平,2018-07-14 02:29:03,7,8,1,看到分数让人崩溃。。能不选还是不要选吧:)
84817,1817,陈叔平,2019-01-24 04:06:13,-54,15,69,给分很好\n\n谢谢老师\n\n那些嫌分数不好的都是自己菜\n\n
84822,1817,陈叔平,2018-07-14 02:48:26,14,17,3,实变老师微博找到了@带带陈叔平，无恶不作，建议击毙，@平安实变
84824,1817,陈叔平,2018-07-14 02:51:46,7,8,1,建议回贵州大学当校长好吗¿¿¿
84831,1817,陈叔平,2018-07-14 03:19:34,4,5,1,呵呵呵
84856,1817,陈叔平,2018-07-14 05:37:52,11,15,4,能跑路还是跑路吧，我后悔没听老人言了
84946,1817,陈叔平,2018-07-14 12:53:52,0,5,5,陈老师很适合当人生导师，他的考虑可能比别的老师要长远的多。听了他的课一学期觉得学到的人生哲理比实变函数还要多:-)
84983,1817,陈叔平,2018-07-15 00:30:57,1,5,4,问了老师一个问题......他居然和我说谢谢。。。他的一些话永远都不会忘。。\n\n也永远都不会忘记这个老师
85361,1817,陈叔平,2018-07-17 08:36:33,0,5,5,很不负责任的老师
86531,1817,陈叔平,2018-09-17 05:07:25,-2,6,8,不错的
86796,1817,陈叔平,2018-09-19 00:57:07,-2,0,2,鸡掰哦
87221,1817,陈叔平,2019-01-23 14:36:31,38,44,6,课程评分标准是什么？？
87445,1817,陈叔平,2018-09-29 03:28:59,1,2,1,实变均绩2.7是真的，无比残暴，选了的重修预定。
87541,1817,陈叔平,2018-10-04 01:44:50,3,4,1,线性思修
87812,1817,陈叔平,2018-10-15 01:58:40,13,15,2,本来以为竺院预置的课都是比较科学合理的，上了几个礼拜感觉线性代数跟没学过一样
87887,1817,陈叔平,2018-10-17 01:56:40,1,3,2,还不如自学
87931,1817,陈叔平,2018-10-18 03:26:54,3,5,2,绝望，这是哲学课，不是数学课。
87932,1817,陈叔平,2018-10-18 03:27:25,-1,2,3,很绝望
88364,1817,陈叔平,2018-10-29 12:26:37,6,10,4,怎么说呢，陈老师课有个让你睡神附体的buff，还有个让你走神的buff，但是只要你强迫自己不睡觉不走神，你会发现，他讲的真的很好，很具体很系统。（个人体验，不吹不黑）\n\n但是真的特别容易睡着（小声）
88394,1817,陈叔平,2018-10-30 05:15:29,9,11,2,听谈之奕老师的课建议提前占座
88864,1817,陈叔平,2018-11-10 16:02:45,-1,1,2,不点名 谈谈人生哲理
88899,1817,陈叔平,2018-11-12 02:57:07,-1,5,6,感觉讲得很好啊！！！
88900,1817,陈叔平,2018-11-12 02:59:11,2,4,2,_(:3」∠❀)_
92065,1817,陈叔平,2018-12-26 00:05:34,7,11,4,千万别选，真的，赶紧退了。上课全在扯语文，中间不下课还拖堂。可以不听他的课但千万不能不学。前面半个学期都在扯淡讲第二章，现在还剩4节课落后别人3章内容我也是呵呵了。为什么浙大还会有这样的老师在上这么重要的课...难道真的没人看得到查老师的评论么？
92624,1817,陈叔平,2019-01-03 06:54:15,0,1,1,。都懂
92630,1817,陈叔平,2019-01-03 07:18:39,1,4,3,线性语文陈叔平
92988,1817,陈叔平,2019-01-06 15:43:22,-1,4,5,老师很好，建议选择，讲得细致，走路也好
93006,1817,陈叔平,2019-01-07 01:41:01,0,7,7,去年这个时候陈爷爷带我们的线代，最后的复习课真的真的真的讲的超级好！思路清晰，通俗易懂！（前提是你已经自学了，建议平时好好翘课，听其他老师的也好，自学也好，总之线性代数非常重要
93025,1817,陈叔平,2019-01-23 15:16:31,173,193,20,助教都不知道评分细则，老师SB一个，同意的送我上去
93040,1817,陈叔平,2019-01-07 05:44:55,148,160,12,陈叔平\n\n“快考试了 但是我还有一整章没有讲”\n\n“你以为我会赶进度？”\n\n“不可能的 陈老师不可能赶进度”\n\n“我教书这么多年 最大的特点就是”\n\n“从容”\n\n“我希望你们跟我学的不只是数学”\n\n“还有从容 以及后面的平常心”\n\n“为什么从容”\n\n“因为我没有功利心 才能从容不迫地做自己的事”\n\n（可是你又不考试）
93041,1817,陈叔平,2019-01-07 05:51:04,-6,5,11,讲的很好啊emmm，虽然我上课有时候会水，但下课把拍下来的板书看一看，不懂的题很容易就懂了，而且问老师问题他从来不会拒绝，很负责任，就是很玄学很哲学，，，
93054,1817,陈叔平,2019-01-07 06:53:01,9,12,3,别的老师的课：怎么办我翘课了要完蛋了\n\n陈叔叔的课：woc我竟然没翘课好愧疚～\n\n讲真，翘掉去别的老师那儿或者自习的性价比比上陈叔叔的课高～\n\n
93715,1817,陈叔平,2019-01-12 08:05:25,4,6,2,线代学不完了
93846,1817,陈叔平,2019-01-14 03:46:02,5,7,2,学会了从容
93864,1817,陈叔平,2019-01-14 04:52:56,2,8,6,老师人很好也很从容，对哲学与人生充满洞见。
96337,1817,陈叔平,2019-01-24 00:45:22,-26,5,31,挺好的啊
98298,1817,陈叔平,2019-01-23 09:33:35,14,15,1,让你考试周体验三天自学速成线代的感觉
98527,1817,陈叔平,2019-01-23 14:29:18,10,13,3,要从容（手动微笑）
98533,1817,陈叔平,2019-01-23 15:11:30,17,21,4,这是个什么jb老师
98534,1817,陈叔平,2019-01-23 14:36:50,57,60,3,从容你妹 这么晚出成绩以为你调分呢 搞什么几百 按卷面赋分了您
98535,1817,陈叔平,2019-01-23 14:35:24,22,25,3,啥都不说了 课上得咋样自己心里有数 我不是他的课 为我室友抱不平 平时也小测了 很多次 不算平时成绩 校领导找过很多次 他还是要挂人 室友复习了很多天 真的学的很好很好 就是考试考得不好 结果直接给人挂了？ 对对对您有自己的看法 您从容 课上不完还从容 考试的不是您 你贵大校长当了回来了 能了是吧 浙大怎么会有这样的老师 也不给课程评分标准…
98536,1817,陈叔平,2019-01-23 14:35:35,16,19,3,求求你 别卡绩了行么 多少人卡1分给挂了??
98539,1817,陈叔平,2019-01-23 14:37:22,38,42,4,为什么没有零分，他是不知道这个分数对于这群上他课学生的意义吗？？他是傻逼吗，你说你不在乎成绩，但是又没有想过成绩对于我们意味着什么？当其他老师都在调分，我们却只能默默滚蛋，这有多不公平！傻逼老师，尽早退课吧
98540,1817,陈叔平,2019-01-23 14:38:02,44,48,4,别上 上课爱扯淡 不细致 不调分 \n\n后辈们死都给我选吴志祥
98543,1817,陈叔平,2019-01-23 15:08:37,30,38,8,我统计下挂了的人数。
98548,1817,陈叔平,2019-01-23 14:43:13,12,17,5,给分非常低，绝对绩杀
98559,1817,陈叔平,2019-01-23 14:54:26,22,25,3,同给室友抱不平\n\n室友认真复习了很久，考试之前一直都泡在自习室里面，认真复习了这么久结果呢？给绩点这么低???真的看不下去\n\n当时考试前就听说这边的课有一整章都没上，还从容?从什么容?\n\n笑死我了，就这你还想咋的?室友辛苦自学，每天都在问我题目，这不算老师的问题?教不好还给分低，我呵呵了
98564,1817,陈叔平,2019-01-23 15:00:20,44,49,5,从容地退院。
98566,1817,陈叔平,2019-01-23 15:01:25,12,14,2,大爱我康生大帝
98576,1817,陈叔平,2019-01-23 15:09:37,38,43,5,我是真的不信邪我选了他，结果，真的，，绩杀了。公道点讲吧，老师上课系统性更强，不细致，更适合上复习课。就是说，你上过这块内容知道他在讲啥，没上过就不知道了。所以他很好的锻炼了我的自学能力。最后期末考试题都做了，平时小测也都还行，可是最后绩点还是不尽如人意。我没对答案，也不知道对错，只是感觉付出了没有相应的回报。建议自学能力强的大佬选，然后再去别的班旁听（反正他不点名），这样就能满绩了。菜鸡还是选吴志祥吧，他调分。csp不调分。。。挂了好多人。学弟学妹们，千万别不信邪！
98578,1817,陈叔平,2019-01-23 15:12:59,5,6,1,给室友抱不平+1
98584,1817,陈叔平,2019-01-23 16:02:11,8,15,7,真的，平心而论，陈老师真的还不错，我绩点低是我自己平时没有好好学习，我承认，但身边那么多人挂了是不是有点过了，59分挂科，听起来都像个段子。
98586,1817,陈叔平,2019-01-23 15:22:38,8,11,3,压倒退院的最后一门课喽，没什么好说的，均绩比别的老师低0.7分也没什么好说的喽，要从容嘛毕竟，二次型不考嘛毕竟，只要脑子里有一点不懂的都不考嘛毕竟，拜拜了您内陈叔叔
98590,1817,陈叔平,2019-01-25 09:59:53,31,40,9,不管怎么样，感谢老师调分，捞回了几个挂了的同学。
98594,1817,陈叔平,2019-01-23 15:28:20,-17,10,27,舍友一直旷他课，然后满了(ಥ_ಥ)
98597,1817,陈叔平,2019-01-23 15:31:20,8,10,2,呵呵呵
98599,1817,陈叔平,2019-01-23 15:33:07,3,7,4,手机真好玩
98600,1817,陈叔平,2019-01-23 15:34:32,9,12,3,史纲课
98602,1817,陈叔平,2019-01-23 15:37:58,8,10,2,线性语文
98604,1817,陈叔平,2019-01-23 15:39:22,9,11,2,听说陈老师班出分了？特地赶来为老师献上一份大礼?
98606,1817,陈叔平,2019-01-23 15:40:07,43,45,2,跪求陈老师重回行政岗位
98612,1817,陈叔平,2019-01-24 00:44:46,-48,7,55,老师给分挺好的，这是大学不是高中，可能你现在觉得陈老师不好，那只是你还没上过其他的数学课，还没适应新的学习方式，老师不可能永远当奶妈，拿低绩点的人不妨想下自己为什么会低，为什么其他人很高
98613,1817,陈叔平,2019-01-23 15:51:52,3,7,4,我是预置陈叔平吧，当时嫌麻烦也没再调，想去蹭课也没坚持，每次小测抄书，最后两周速成线代，给我的绩点我认了，自己没付出怪不了别人。想想归根结底还是自己的问题，其他课程遇到的好老师照样上课忍不住睡觉水手机。大一上饶过自己了，大一下自己看着办?
98614,1817,陈叔平,2019-01-24 00:44:53,-68,6,74,满绩了嘿嘿嘿，表白陈叔叔
98617,1817,陈叔平,2019-01-23 15:55:15,6,11,5,选了他的课，一定要退掉，退不掉一定要去其他班蹭课。学弟学妹们记好了。呵呵呵呵。
98634,1817,陈叔平,2019-01-23 16:22:07,17,24,7,这个老师是真的好，我想给十分，分十次给：-）
98637,1817,陈叔平,2019-01-23 16:22:51,4,7,3,真滴垃圾
98639,1817,陈叔平,2019-01-23 16:24:01,6,8,2,为室友抱不平，，，室友真的很优秀结果被卡了。
98643,1817,陈叔平,2019-01-23 16:28:51,12,19,7,首先表示老师说给59分是因为考的实在太低不想让挂的太难看。其次，是真的特别看不惯考的很好的还在逼逼的人，死全家吧。这个打分已经很有水分了，跟另外两个班级比真的是什么都没学到，那些分数高的人自己心里也没点逼数吗？最后就是，垃圾陈叔平，不想多说。
98658,1817,陈叔平,2019-01-23 16:53:04,13,15,2,祸害学生、什么都不想说了
98683,1817,陈叔平,2019-01-23 20:20:10,19,24,5,大家宁愿退课也不要选他的课，一个班半班人因为他而退院。他上课只会讲哲学历史语文，好不容易讲到数学了，结果只讲知识结构，而且只有结构没有知识。跟着他上课，这辈子都毁了。
98693,1817,陈叔平,2019-01-23 23:08:24,15,18,3,最后成绩按卷面分走我塌?也是*了汪了，根本没有什么平时成绩，去塌?什么鬼老师！还教线代2（H） 回家养老吧
98706,1817,陈叔平,2019-01-23 23:51:56,14,17,3,记得第一节上课时就说评分标准，最终成绩等于平时成绩乘一个权重加上期末成绩乘一个权重，但就是死活不说权重是多少。现在知道了，原来平时成绩只占0%啊。
98707,1817,陈叔平,2019-01-24 00:00:27,4,8,4,教会了我很多人生道理，呵呵，从容
98714,1817,陈叔平,2019-01-24 00:13:04,64,72,8,18级竺院公管班一共20个人，八个人挂了，公管创办第一年因为陈叔平直接集体暴毙
98749,1817,陈叔平,2019-01-24 01:21:56,1,3,2,给朋友抱不平加一
98757,1817,陈叔平,2019-01-24 01:43:20,4,4,0,不说了
98803,1817,陈叔平,2019-01-24 03:00:10,5,6,1,旷课吧
98885,1817,陈叔平,2019-01-24 04:40:09,10,11,1,老师上课讲哲学很好，催眠效果很好。翘课去听别的老师的课真的很有必要，别管他生不生气，自己最重要，除了小测一定要出去自己学。。复习课讲了一堆没用的，问他题他只会扯开话题。。。真的是好老师啊
99028,1817,陈叔平,2019-01-24 07:14:37,2,5,3,体验极差
99070,1817,陈叔平,2019-01-24 08:26:34,1,2,1,? ? ? ? ? ? ? ? ? ? ? ? ? ? ? ? ? ?
99129,1817,陈叔平,2019-01-24 09:56:05,4,4,0,挂了呵呵
99410,1817,陈叔平,2019-01-24 17:55:00,2,3,1,...
99451,1817,陈叔平,2019-01-24 23:59:58,3,4,1,不要挑战命运，建议退
99461,1817,陈叔平,2019-01-25 00:10:12,3,3,0,无fuck说
99757,1817,陈叔平,2019-01-25 06:31:03,0,1,1,趁早自己学！忠告！
99944,1817,陈叔平,2019-01-25 10:24:32,-10,6,16,讲道理陈叔叔真的是一个非常负责任的老师，平时上课确实只讲知识框架，充分展示了什么叫做“师傅领进门，修行靠个人”。平时上课确实不太讲题，学生理解可能确实会有点困难，但是陈叔叔的负责任的地方在于只要你去问问题，他肯定会和你讲解，不会推托。如果一定要说的话，陈老师上课可能确实有个问题，就是课程进度安排可能有点问题，上到学期末进度很赶，但陈叔叔真的是个好老师（吹爆帮忙调分的助教xgg，虽然平时不太见得到他，，，）
100354,1817,陈叔平,2019-01-26 03:29:21,7,11,4,上课铺垫的、扯部分太多，讲题有些关键步骤一语带过，教学进度太慢，考试前第七章整章没讲多少。考试主要靠自己自学，如果预置了他实在换不了，建议临近考试周多刷刷网课，把整个知识点搞清楚。历年题目别问助教，助教什么都没有，可以去蓝田打印店买院外的线性代数题目做，练练手。个人考试体验是院内的这门考题比较倾向于知识点的理解和贯通，证明题比较多，当然计算是基础；院外的只刷了三套左右，感觉可能更偏向计算一点。这本教材的课后习题尽量多做，习题和例题中有一些重要结论自己推导过后最好能记住，考试会有很大帮助。最后，问他问题请做好准备，把题目表述清楚，想问什么也要讲清楚，不然…会被骂，嗯。
102266,1817,陈叔平,2019-01-31 15:41:11,-3,2,5,老师讲课挺好玩的，就是直接相关的数学不多噫，从容！（）
103003,1817,陈叔平,2019-02-25 10:03:37,-6,0,6,人好  给分低
103519,1817,陈叔平,2019-03-01 01:01:38,3,5,2,吃屎一样
104164,1817,陈叔平,2019-03-13 07:57:20,23,24,1,58，所以退院了，ckc拜拜?
104532,1817,陈叔平,2019-04-03 01:27:36,5,6,1,
104650,1817,陈叔平,2019-03-26 01:40:56,2,4,2,分数刷新了，再来打个1分
104654,1817,陈叔平,2019-03-26 01:46:23,10,10,0,早上7点半小测也是醉了?
104758,1817,陈叔平,2019-03-27 06:50:11,1,4,3,此老师出现在选课系统中是个祸害，导致其他老师的课选不上！还好我的随机过程二选一不是他，要不然tnnd……还有，我本来想要今年修线代二H的，想要H课学分，结果今年只剩他了！？那么我宁可还是别选了。我也只好感叹，原来浙大的数学老师真的不都是靠谱的，虽说有时可以自学，但是真的心累啊……
104888,1817,陈叔平,2019-04-01 15:55:43,4,4,0,打个一分平衡一下\n\n
104980,1817,陈叔平,2019-04-01 14:46:39,2,7,5,唯一一个让我问心无愧地觉得他是傻逼的老师
104981,1817,陈叔平,2019-04-02 05:45:30,6,7,1,***就是个铁??\n\n\n\n
105118,1817,陈叔平,2019-04-04 02:04:03,1,4,3,陈叔叔…
105261,1817,陈叔平,2019-04-08 16:30:40,27,27,0,非常非常非常不建议选！我上完这门他的线代课已经一年多了，当时大一不懂事，凭最后疯狂抱佛脚没有挂掉，现在看来，就算不是单纯为了绩点考虑也不应该选这个课。学弟学妹们，线代是一门非常重要的基础课程，在之后的课程中无论是工科理科都经常要用到！！csp最可怕的不仅仅是他会给低绩点，而且在线代知识上的漏洞会变成之后学习的巨大遗毒！托他的福，我现在看到矩阵，行列式就会有难以磨灭的抵触感，就像完全没学过一样。。
105407,1817,陈叔平,2019-04-12 01:08:58,6,7,1,自学吧。别指望老师了。? ? ?
105750,1817,陈叔平,2019-04-19 17:00:19,0,2,2,纯宰种
106137,1817,陈叔平,2019-04-25 06:57:30,-1,4,5,有时候来了会后悔懂吗?
107380,1817,陈叔平,2019-05-04 14:43:12,-5,1,6,躲过了线代一躲不过线代二，思想线代csp连带助教都是ljgs
107401,1817,陈叔平,2019-05-13 10:09:12,27,32,5,能不能不要喷助教？抵抗力差的人要是csp的助教现在估计都在启真湖底泡着了。
107441,1817,陈叔平,2019-05-05 08:01:16,9,13,4,老师很差劲，但是这学期的助教小姐姐可爱温柔又有责任心，大家不要为难助教小姐姐啊(´-ω-`)\n\n老师0分，助教10分！
107458,1817,陈叔平,2019-06-15 13:01:26,18,21,3,大家骂老师就好啦～不要迁怒助教啊\n\n助教可是两个很可爱有好看的小姐姐呢，他们摊上这样的老师他们招谁惹谁了
107543,1817,陈叔平,2019-05-06 11:06:07,7,9,2,永远忘不了您教的线代，现在学数分都要用到线代，要是当初退了您的课选别的老师，小太爷我数分就过2了，mdzz
107992,1817,陈叔平,2019-05-12 15:27:04,0,4,4,一分都不想给，坑课，预置的自认倒霉得了。相比退课唯一的好处是为了拿到绩点，逼你自学学到一些东西hh
107993,1817,陈叔平,2019-05-12 17:07:38,4,7,3,不太喜欢这个老师，讲课水平一般还经常讲课外毫无关联的知识，师德也有些问题
108022,1817,陈叔平,2019-05-13 04:51:25,-28,5,33,看到这么多骂老师的，我想来说一说。陈叔叔的课其实讲的还是不错的，只是他需要学生课下自己去看课本，因为他认为“老师上课就不应该教学生自己看得懂的东西”，我认为他上课的时候更多的是在把最关键的东西呈现出来，并且试图帮我们构建一个体系。还有一点，他上课并不是喜欢扯淡讲故事，而是要把“我们为什么需要这个概念”的背景讲清楚，认真听他的课收获还是很多的，而且他人也很好，很愿意帮助学生的（当然不包括你求他调分）不过，只想混个绩点的人慎入，想认真学点东西又愿意付出努力的推荐选他的课。
108023,1817,陈叔平,2019-05-13 05:14:30,-4,2,6,陈叔叔的课 爽到爆
108044,1817,陈叔平,2019-05-14 00:47:33,5,5,0,垃圾啊
108135,1817,陈叔平,2019-05-15 13:50:48,5,6,1,永远忘不了您教的线代，现在学数分都要用到线代，要是当初退了您的课选别的老师，小太爷我数分又怎么会卡在1.8?mdzz
108222,1817,陈叔平,2019-07-10 05:32:21,11,16,5,
108224,1817,陈叔平,2019-05-17 00:15:46,5,6,1,从未见过如此厚颜无耻之人
108241,1817,陈叔平,2019-05-17 03:13:12,13,15,2,在浙大，官位越高，讲课水平越差
108299,1817,陈叔平,2019-05-20 13:50:06,-2,0,2,人生哲理讲得挺好
108351,1817,陈叔平,2019-05-22 00:32:46,1,2,1,反正我挂了\n\n你自己看着办吧
108441,1817,陈叔平,2019-05-24 04:23:07,0,3,3,神坑，不是神仙不要选\n\n
108520,1817,陈叔平,2019-05-27 14:02:56,2,2,0,让我们从光鲜亮丽的彩笔变成了灰头土脸的死人
108542,1817,陈叔平,2019-05-28 04:58:06,3,5,2,我喜欢蔡徐坤
109046,1817,陈叔平,2019-06-06 06:23:41,20,22,2,"""我教了几十年书，唯一一件不干的事就是点名，你们觉得我讲的不行，自己学没关系的。""\n\n“从下节课开始，人数没到2/3点名。”"
109119,1817,陈叔平,2019-06-09 08:28:09,1,4,3,老师对学生要求极高，但是上课完全只讲个框架，没啥收获。原本说小测可以让我们知道自己的课后题证明严不严谨，但是完全没有反馈，不知道老师心中的标准答案是什么，也不知道自己到底写得怎么样！！！
109393,1817,陈叔平,2019-07-11 00:59:35,-10,10,20,老师从良了
109643,1817,陈叔平,2019-07-10 08:14:56,0,6,6,你们有见过总评比卷面还低的吗 选他让他告诉你
109852,1817,陈叔平,2019-07-13 03:02:30,-34,14,48,讲得特别好，我舍友都满了，推荐选
109961,1817,陈叔平,2019-06-20 14:10:46,3,5,2,上课讲哲学，啥也学不到，还规定必须用固定的方法固定的步骤，每一步多少分。然而线代2只有他在开。弃修了
110154,1817,陈叔平,2019-06-24 03:03:32,18,18,0,我一竺院同学写的：\n\n讲的又烂 逼事还多\n\n全程自学 内心担忧\n\n选上随过 算我脑抽
110182,1817,陈叔平,2019-06-24 08:41:52,2,4,2,楼下好诗
111425,1817,陈叔平,2019-07-09 17:18:50,-4,6,10,线代二H，我觉得他可能从良了
111482,1817,陈叔平,2019-07-09 22:31:36,27,29,2,挂了他的线代二退院了
112524,1817,陈叔平,2019-07-04 16:39:03,10,12,2,上的随机过程，我觉得如果老师本身上课内容质量过关能学到东西的话，提倡一下所谓的“自由度”和“素质教育”是挺好的，但是上课就讲一些水的要命的东西，然后冠以“给我们思考空间”的名头，恕我直言我真的只能认为您水平不行，要么您就按您的套路取消考试，毕竟考试的存在不也是应试教育？要么您就好好上课，讲的东西不说100%和考试有关，简直30%都没有，最后拿来考试，我只能说素质个头啊？我学数学是靠灵感的吗？真的超级超级超级超级超级超级超级超级超级无语。另外助教还在群里发贵老师另一门课上的学生吹老师彩虹屁的小作文，我就说一句：不可以，没必要，数学也不是吹彩虹屁就吹出来的。最后，是我没听查老师上各位的劝，头铁选了他，希望不要有人重蹈覆辙，能退赶紧退。大学三年最奇葩的老师，这个称号他当之无愧。
112818,1817,陈叔平,2019-07-05 04:16:22,11,13,2,您课讲不清楚\n\n评分标准都讲不清楚吗？？\n\n上课上的什么玩意？您喜欢讲思想，不讲书上的内容，可是您思想也没讲清楚啊。没有基础的铺垫，谈什么思想。 \n\n传道授业解惑，我觉得您一条都没有做好。\n\n助教是陈叔叔舔狗吗，发一篇某同学写的表扬陈老师教的好的同学的小作文。说他讲的差的你怎么不发呢。\n\n全程自学随机过程，太累了。有的老师上课会让你对一门学科产生兴趣。而有的老师，会让你无助，暴躁，绝望，痛苦，自我怀疑。这是一个老师的失败
113994,1817,陈叔平,2019-07-09 20:26:46,9,11,2,获得60分整  应该是提过的  简直比我这学期的满绩更令人激动 不用退院了呜呜呜
114021,1817,陈叔平,2019-07-11 08:31:44,16,20,4,来，我们一起来帮陈叔叔刷到一分\n\n我刷了，你呢？
114317,1817,陈叔平,2019-07-09 18:16:05,1,3,2,
114323,1817,陈叔平,2019-07-09 19:05:31,6,8,2,卡绩，等线代成绩真是每天让我担忧，陈叔叔，终于不用再见到你了，永别了
114330,1817,陈叔平,2019-07-09 22:01:44,4,6,2,恕我直言，这老师就是一个傻逼，课程知识教得乱七八糟，每天扯着自己的人生哲理，成绩出了也不知道评分标准。
114337,1817,陈叔平,2019-07-09 22:50:32,11,14,3,谢谢您一科让我努力了一个学期的大一下泡汤，退院的好处就是再也不会见到这种垃圾老师了
114357,1817,陈叔平,2019-07-09 23:42:22,7,11,4,我来分享一下随机过程感受。首先这个老师不适合教书，搞研究或者带硕士生都比教本科生课好。主要问题在于，上课讲的东西太重复，本来结合事例倒无妨，但是一个事例能讲三四遍，这样给人教学不系统的印象。除此呢，上课有效时间太少，理论加单遍事例只有20-40％。其余时间基本可以不听。但最主要的问题在于，启发思路固然没错，但是我理论都没搞懂我明白思路我就是不会应用。。。这点感觉超出实际。我也跟老师当面聊天直接指出这些缺点，老师的回复是他也知道，但总改不好。老师毕竟年纪大，还可以理解。但我推荐这种课可以不听，但去还是基本礼貌，大不了上课疯狂刷题，平时作业我就只交课后习题。只要书上所有习题都掌握了，成绩不会差，虽然上课听讲并不会做题，但只要自己刷，最后绩点还行。
114396,1817,陈叔平,2019-07-10 00:44:19,3,5,2,只讲结构，不讲知识，他觉得是培养了数学思维，学生只会觉得一脸懵逼不知道他在逼逼什么东西，做题更是一头雾水
114401,1817,陈叔平,2019-07-10 00:58:05,1,5,4,真的是臭s13
114421,1817,陈叔平,2019-07-10 01:40:29,9,13,4,当面解答问题非常不耐心，说我表达的不清楚，明明就是刚刚才讲过的题目我问个小问题就算我表达的再不清楚也能听懂个大概吧！非要让我发邮件，这都是套什么架子，明明当面可以解决，非得用邮件这么效率低下的形式来回答问题，摆架子有意思是吗！而且平时分极其不透明，说得好听，谁知道你怎么打的分
114438,1817,陈叔平,2019-07-10 03:03:20,2,6,4,我没有觉得老师从良了。他居然还点名了(线代ⅡH)
114444,1817,陈叔平,2019-07-10 03:12:22,-2,4,6,唉一言难尽
114520,1817,陈叔平,2019-07-10 09:44:13,-1,4,5,我的妈老师再见。
114825,1817,陈叔平,2019-07-12 01:19:17,4,8,4,傻逼老师傻逼助教
114903,1817,陈叔平,2019-07-12 15:59:32,-1,0,1,不赶进度
114904,1817,陈叔平,2019-07-12 16:01:55,2,3,1,线代一不赶进度，20分钟讲完38页重点考察章节。sucks
114961,1817,陈叔平,2019-07-13 04:42:51,10,11,1,快逃！
115633,1817,陈叔平,2019-08-12 23:08:19,7,7,0,快开学了，特来看看陈叔叔
115655,1817,陈叔平,2019-08-16 02:03:29,0,3,3,人不错，课很烂。
116367,1817,陈叔平,2019-09-09 22:55:09,3,3,0,只会扯淡的辣鸡
116388,1817,陈叔平,2019-09-10 01:09:38,8,11,3,10分，分十次给
116810,1817,陈叔平,2019-09-16 04:14:43,10,11,1,老师真的“好”，讲课“幽默风趣”，经常与课堂无关，拓宽了视野，增强了我的诗词文化，是一位不可多得的优秀“语文教师”
116943,1817,陈叔平,2019-09-17 12:32:35,-23,4,27,世间有太多的不公，您给了我100分，可我只能给您10分
116991,1817,陈叔平,2019-09-18 04:37:22,16,19,3,作业1\n\n网约 外卖 共享单车 社交网络\n\n1. 你觉得能获得哪些数据资料（说明可获得性）\n\n2. 这些数据资料能构成哪些有意义的集合（说明意义）\n\n3. 这些集合中能定义哪些结构：如运算、关系、序、映射\n\n4. 集合之间有哪些关系，（并，交，差，补等）或能产生什么新的集合：如乘积集合\n\n5. 你觉得一个经营者，管理者会关心什么，上述四点可以起什么作用\n\n要求：请大家自己思考，只要不是文不对题，尽可能发挥自己创造力即可。尽可能采用数学符号作简洁的表达。\n\n这是第一次作业呵呵呵qnmb
116992,1817,陈叔平,2019-09-18 04:42:06,2,4,2,sb，确确实实sb
117128,1817,陈叔平,2019-09-19 14:27:44,4,4,0,每节课讲的内容都和第一节课差不多
117225,1817,陈叔平,2019-09-23 01:21:16,-24,7,31,坦白讲，去年上的陈叔叔的线代I，从不点名，四次小测均有预先通知，内容均是书上习题且，且开卷可抄答案，平时分即为小测分数，所以大部分人平时分都接近满分。最后的考试难度中等。一开始按三七开给分挂了好多人，后来老师听取意见改为四六开，捞回来不少。应该说老师教什么固然重要，但线性代数作为一门重中之重的基础课，自己学也很重要。最终给到大家的成绩还算客观公正，也基本符合对自身水平的量度。
117811,1817,陈叔平,2019-10-02 08:57:31,5,5,0,
118048,1817,陈叔平,2019-10-19 11:32:32,8,10,2,这学期被迫去参加听他的科学的精神讲座，我只听到了玄学的精神，用高中课本科学家小故事和名人名言拼成，求求教务处千万别让csp开科学的精神的通识课啊！秋梨膏！
118138,1817,陈叔平,2019-10-21 12:20:33,-1,9,10,老师人挺好
118885,1817,陈叔平,2019-11-07 10:56:25,1,1,0,RUN
118958,1817,陈叔平,2019-11-08 10:47:30,11,13,2,感谢csp让我不怀愧意的翘课看我男朋友去
120381,1817,陈叔平,2019-12-02 00:26:03,3,4,1,垃圾傻逼
120538,1817,陈叔平,2020-01-12 09:08:09,2,4,2,只上过第一节课和最后一节课
120851,1817,陈叔平,2020-01-17 21:26:34,5,7,2,太难受
120916,1817,陈叔平,2020-01-18 17:35:36,3,5,2,着实无感
121256,1817,陈叔平,2019-12-25 08:41:52,6,7,1,我陈叔平没什么别的本事，就是很有自知之明。
122344,1817,陈叔平,2020-02-25 00:40:54,8,9,1,你以为我没讲课，其实我讲了。这波啊，这波是数学与哲学结合，芜湖呼哈哈哈哈哈哈哈哈，起飞～
122957,1817,陈叔平,2020-04-25 15:47:18,0,2,2,个人魅力展示课
123332,1817,陈叔平,2020-06-03 12:13:54,8,8,0,小测前评个分，线上线下同时闭卷小测，占平时成绩很大一部分，据说会严格改，但考的是课后习题，也没有什么视频会议等监督线上考试的手段，老师称之为公平？本人平时不怎么打1分的，因为觉得教不教得好不一定是老师的锅，但这次真的忍不了了。
123759,1817,陈叔平,2020-06-13 17:10:48,3,6,3,csp老师是一个不会讲课的老师，他是极其不负责任的。
124759,1817,陈叔平,2020-07-08 08:26:42,1,5,4,sbsbsbsbsb
124760,1817,陈叔平,2020-07-08 09:50:33,3,5,2,这老师脑子可能有点什么毛病，这种人也能当老师？?我吐了，想选他课的同学听我一句劝，千万别选，谁选谁后悔
125607,1817,陈叔平,2020-09-12 10:03:41,-8,1,9,老师作业布置的不多。上课很有意思，给分不错。上课有时还会讲段子。
125756,1817,陈叔平,2020-09-14 04:14:56,2,3,1,好歹是给过了= =，但讲课是真的难受
126339,1817,陈叔平,2020-09-23 05:57:49,4,6,2,上过最恶心的一门课了，科学精神千万别选，第一次遇到这么不要脸的老师，上课只会吹牛，说自己多么多么厉害，一直在贬低学生，说我们有多么差，明明自己连作业都布置不明白，一共写四份论文或者说学习报告，都是老师主观打分，而且总是挑一些奇奇怪怪的点，根本学不到什么东西，垃圾老师，垃圾课，别在浙大害人了
126646,1817,陈叔平,2020-10-11 10:18:27,1,3,2,额呵呵呵
126964,1817,陈叔平,2020-10-30 12:06:27,0,1,1,听说他退休了
128308,1817,陈叔平,2020-12-17 09:41:17,4,5,1,哼，恶臭。
129103,1817,陈叔平,2020-12-30 06:39:46,4,4,0,他的课真好啊，上一次就不想再上了.
133215,1817,陈叔平,2021-02-18 16:25:33,6,6,0,他的故事永远流传……
134294,1817,陈叔平,2021-03-23 02:41:45,-2,0,2,呵呵呵
136739,1817,陈叔平,2021-06-24 00:31:42,0,1,1,这是个教语文的，不是教数学的
140203,1817,陈叔平,2021-09-04 16:16:24,0,2,2,老师有思想，但不喜欢与学生交流，完全不明白取得好成绩也是学生选课的重要目标之一
152440,1817,陈叔平,2022-04-11 10:32:49,-13,2,15,评论里自己考的低就骂绩点高的是什么素质，别人客观说出自己的感受还要被你问候家人……真是低分低能，啧啧啧
214407,1817,陈叔平,2025-02-02 15:00:51,0,0,0,555
321,1842,吴庆标,2015-03-15 00:49:30,8,8,0,上课就是读书嘛。。。
1491,1842,吴庆标,2015-03-22 07:43:19,3,4,1,念PPT
1493,1842,吴庆标,2015-03-22 07:48:13,8,8,0,感觉自学比较靠谱
11853,1842,吴庆标,2015-12-18 03:43:18,-2,4,6,老师很认真的
12159,1842,吴庆标,2015-12-22 06:16:31,8,9,1,老师会自嗨
29121,1842,吴庆标,2016-06-29 09:04:51,8,8,0,上课好像讲了很多的样子其实什么都没讲
38773,1842,吴庆标,2016-12-19 00:29:49,7,7,0,念的不知道多少年前的ppt
42459,1842,吴庆标,2017-01-14 08:54:26,3,3,0,关掉他的屁屁提，我打赌标爷一句话都讲不出来。关掉屁屁提他还知道怎么上课吗？
42477,1842,吴庆标,2017-01-14 09:21:35,3,3,0,不好不好
46694,1842,吴庆标,2017-01-22 07:27:45,6,7,1,上课感觉就是照着ppt念，给人一种啥都不会的感觉，期末就是背书，考试给分倒还算不错的
65974,1842,吴庆标,2018-01-10 13:52:27,2,2,0,该课程催眠效果极好
65975,1842,吴庆标,2018-01-10 13:56:03,30,33,3,建议学弟学妹不要上他的课，信计可以选微分方程数值解方向。MFC是一项过时技术也就算了，上课只会读PPT上机交给助教也就算了，作为一门编程课，没有大作业，签到作业机考总共占30%，笔试占70%简直无法想象。想水过去的，建议多背背书和答案，不想水的，建议自学，实在想学新知识的，建议学Qt。
66171,1842,吴庆标,2018-01-12 09:41:40,8,8,0,这门课更像是一门过时的计算机理论课(╯‵□′)╯︵┻━┻沉迷于过时的MFC课件给的API函数代码又不能在新版软件运行(╯‵□′)╯︵┻━┻
67080,1842,吴庆标,2018-01-20 08:40:12,0,2,2,老师超级可爱!
79404,1842,吴庆标,2018-06-03 12:20:16,1,1,0,好好好
84075,1842,吴庆标,2018-07-12 03:21:39,3,3,0,给人一种他什么都不会的感觉
85080,1842,吴庆标,2018-07-15 09:09:56,8,9,1,【评价】\n\n1 人很好，非常热情和蔼，会拍着肩膀鼓励你。\n\n2 科研水平不清楚不评价，讲课水平给负分，我上我也行。\n\n3 科普课，营养很很很低，学不到东西。\n\n4 复习不存在的，划重点也不存在的。\n\n5 卷子出的巨傻，数学系的课跟马原似的，背就完事了。开考一支笔，答题全靠背。\n\n6 给分方面，我选了两个月学期吴老师的课，两个学期所有课里最低，比泛函都低，寻思寻思吧。\n\n【总结】\n\n1 想学东西，别选。\n\n2 想刷成绩，别选。\n\n3 想拜把子，请便。
85084,1842,吴庆标,2018-07-15 09:21:35,1,2,1,是真的可惜没有0分
85100,1842,吴庆标,2018-07-15 10:35:10,6,6,0,这老师真的是全数院最傻逼的老师，求求大家醒醒不要选了，一选课误终身，啥也不会拿着屎一样的荧光色PPT上了一学期
85104,1842,吴庆标,2018-07-15 11:04:33,2,3,1,信计同学：选这门课的话主要就是凑凑学分，如果你擅长背书还可以尝试刷一下绩点。希望学些干货的，请选计算科学方向，那里有信计最好的老师和靠谱的教材以及善解人意的期末考。\n\n其他专业的同学：建议不要选。\n\n原因：楼上都说了。补充一点，图形学方向两本教材都是03年的。\n\n另外，切忌期望过高：不要因为这门课的名字，就认为选这门课就能做些有趣的东西出来。我曾经也是这么认为的。
91633,1842,吴庆标,2018-12-17 00:17:27,1,1,0,讲的太差全靠自学
102576,1842,吴庆标,2019-02-09 18:30:05,13,18,5,这学期上完了可视化编程，首先劝大家理性选老师，比如我喜欢这个方向，我就上这门课，很多人都去微分方程数值解，那个方向的老师讲的好不好我不知道，但是上面那些喷吴老师的，我只想说，教材早一些不代表不能用，虽然你觉得过时了但是这些都是基础，就好比不管学什么脚本语言都最好了解一下古老的C语言。另外，你怎么知道其他方向的课用的公式是不是几百年前发明的？吴老师讲课水平确实很一般，但是我相信每个人都会写for循环，switch循环，你们刚开始学觉得很难，后来你们就会发现，代码开头结尾基本上都是不变的，毕竟每一个程序都是窗口，而那些你看起来很高端的其他代码可能只是一个封装的函数，不必大惊小怪，C语言里面的结构，指针等等统统不用，仔细上网搜还有所有答案不愁做作业，微分方程数值解大作业难度就不用说了吧，信息安全方向的书全是英文你懂我意思吧。当然，最好程序题全都自己做，问答题抄下来背答案。期末考试笔试占70，别害怕，你只要平时作业按我说的做，你会发现代码都能很熟练背出来，简答题写的差不多就可以满分了。期末考试有很多人提前一小时交卷了。吴老师很伤心，很多人并没有选计算机图形学的课，我猜是因为编程没花功夫，吓到了，然后怪老师讲的不好。我寒假看了看下学期的书，不难，我专业排名倒数，我都说不难，你们怕什么。总之，方向课给了你们按兴趣选择的机会，三个方向都很好！都很有前途！别被别人误导了！
134118,1842,吴庆标,2021-03-16 08:56:51,5,5,0,吴老师人很好，虽然上的内容一言难尽基本没有实际价值。但是讲的图形学方法(B样条什么的)现在还在用，和电子工业的那个计算机图形学教材内容其实差不多。跟计院计算机图形学比起来主要作业差别很大。吴老师要求用MFC框架编程（10年前用的框架），而计算机学院使用的是OPENGL。（我两个计算机图形学都上过)我们上的时候是有用B样条建模的大作业的，不知道现在有没有。给分我记得给的很好，当时我们班十几个人我问过的都是4+的绩点（可视化和图形学都是)。\n\n作业随便做做，考试考作业题，基本上是手写作业里的代码和作业题。上机课会点到。\n\n总结一下就是水课，给分不错（因为考原作业题)，不知道这个统计分数统计的哪一年的数据有点怪。在我们那一级打算保研外校和出国的都选了图形学（水+高绩点）。
154483,1842,吴庆标,2022-06-02 01:46:29,0,0,0,。。。
165924,1842,吴庆标,2023-01-10 11:37:25,5,6,1,给老师打个10分，主要因为在老师这里我再一次收获了一个5.0（bushi）。\n\n机缘巧合之下选了吴老师的计算机图形学，一个学期下来我的感受如下，供学弟学妹们参考：\n\n1、教材是零几年的，并且错别字、错的数学符号巨多，一段程序代码也会漏掉一些逗号什么的，看得我都看不下去了。\n\n2、老师上课用的PPT，后面我复习时看的时候也发现一些错别字（老师上课的水平我在此不做评价，我觉得这个问题我没有资格去评判）。\n\n3、老师人很和蔼，因为人少我们几个人他基本上最后全能叫出名字。在第一次课之前，我一直以为他会是一个比较严肃的老教授。\n\n4、作业题都是教材上的题，助教比较随意，基本上我做了直接给100分，所以平时成绩轻松拉满，没有花费很多时间。\n\n5、考试题巨水，因为疫情取消了上机考，理论考就是默写书本概念+默写书本的代码，简单地说就是背诵默写，如果是我我也会出这种题。\n\n6、但是不得不说，教材其实虽然是零几年，但我自我感觉有一些知识，现在还有一些学习它的价值，就像B样条这种。\n\n7、每节课都点名，就像体育课一样，作为平时成绩的一部分。\n\n总而言之，在吴老师这里学了一个学期，虽然有一点点不太好的体验，但总体好大于坏，并且最后给的分还是相当好的，我估计其他几个课友应该给分也不错。（请注意我用的是几个，因为真的只有个位数的人在学这门课）\n\n大家既然都希望课水绩点高，那么其实吴老师的课未尝不是一个好的选择呢。\n\nPS：课否上计算机图形学的绩点那么低，我猜可能是几年前的？我想今年我们几个人的均绩估计起码有4.5吧。
187264,1842,吴庆标,2024-01-15 10:35:55,0,0,0,作业和考试有点水，期末考前背就行了，给分很好
187517,1842,吴庆标,2024-01-16 12:23:10,0,0,0,义父，为什么没有早点遇到你
196543,1842,吴庆标,2024-07-04 04:08:07,0,0,0,上他的《人工神经网络模型与算法》感觉还不如自己看书有效，所幸开卷考试，不需要拼命复习也能取得不错的分数（考试比较水）
216069,1842,吴庆标,2025-03-10 07:03:19,9,9,0,如果是计算机图形学，我只能说，孩子们，快跑，从这个学期开始，助教就要搞改革了，上机课理论课双重纸质签到，双重讲课，理论课老师用C艹，上机课助教用Python，讲的也是完全不同的东西。理论课和上机课还各自有一份作业，尤其是助教的上机课任务量超重，超级超级重，三节课让你从零开始造火箭，收获超绝体验\n\n\n\n相信我 快跑
216109,1842,吴庆标,2025-03-10 10:18:59,9,9,0,补充一下，cg快跑那一条，最重要的是助教在上机课上讲的课确实没法让我学会任何东西，但是我们却要完成非常非常多的作业。。。
220340,1842,吴庆标,2025-06-17 10:27:57,3,3,0,本学期的两个査老师评价是本人写的，今天计算机图形学出分了，回顾一下一学期的体验，我觉得上两个评论有失偏颇，还是得回来再讲讲整个学期的课程的体验的感受。\n\n\n\n首先对于这门课来说，我觉得确实不太适合想要学到很多东西的同学，吴老师过于陈旧的PPT，和助教哥哥布置的略显繁琐的任务，并不太适合一个不太闲的同学，很有可能会导致一个学期学下来按部就班但是没有太大收获，或者甚至于完全失去了学这门课的兴趣，这是我要劝退部分同学的地方。\n\n\n\n其次，不可否认的是，吴老师确乎是在认真上这门课的，也确确实实对同学们比较宽容，早八的课，堂堂都要签到，但是即使你在课中走进来，甚至于九点之后再到教室，吴老师也不会不让你签到。我能感受到吴老师确乎是希望同学们好，学到东西，虽然确实没学到什么（bushi）；再讲讲助教，我之前的言论是有些过于偏激的、带有情绪化的，所以在这里要向助教哥哥道个歉。一学期上下来其实真的能感受到助教哥哥想搞一些改革，想让我们学到一点计算机图形学比较跟得上时代的东西，或者想把我们稍微地引入一下图形学的门，但是我个人在任务安排和上机课教学上确实没能很好地适应，我想大部分的同学也是如此体验，导致这样的改革最终没能实施，但问题出在哪呢？我也想不明白，可能是如今过于功利化的潮流？可能是上机课短短的教学和尚不完善的教学体系并不足以支撑我们学会？抑或是志趣本就不在图形学？可能吧，原因千千万万，但最终结果就是如此。\n\n\n\n最后，这门课的给分确乎很好，所以后来者也权衡利弊吧，我个人觉得没法学到太多的东西，但是最后花个四五天突击一下期末理论考试，还是能取得很不错的成绩（虽然突击一整个学期的内容真的挺痛苦的）
9850,1910,庞天晓,2015-11-11 06:08:01,54,62,8,水平很高～上课很棒\n\n
13860,1910,庞天晓,2016-01-01 10:47:18,4,7,3,非常好\n\n
15957,1910,庞天晓,2016-01-16 18:34:51,8,15,7,人很好。很用心
16300,1910,庞天晓,2016-01-17 23:54:03,5,10,5,好好好
17676,1910,庞天晓,2016-01-20 15:23:14,3,4,1,66666
17796,1910,庞天晓,2016-01-21 01:46:33,4,8,4,给分很nice
18697,1910,庞天晓,2016-01-22 10:47:12,-11,4,15,很无聊
18718,1910,庞天晓,2016-01-22 11:52:48,2,5,3,讲课还好，一般吧\n\n给分不错\n\n然而好多同学概率论似乎都血崩了……
19324,1910,庞天晓,2016-01-24 01:39:46,-1,0,1,课好给分好
20165,1910,庞天晓,2016-01-26 10:47:57,-3,4,7,上课一般
21494,1910,庞天晓,2018-12-26 07:53:26,4,6,2,听起来挺好的
25279,1910,庞天晓,2016-05-09 07:28:52,-1,1,2,讲的很详细，水平高
27594,1910,庞天晓,2016-06-27 04:40:59,4,6,2,老师很认真~\(≧▽≦)/~PPT加工整的板书(证明过程一般会板书推导，很细致)，认真听绝对受益匪浅!
29447,1910,庞天晓,2016-06-29 23:59:40,0,0,0,不错的老师。讲题很清晰。不过自学很要紧
33856,1910,庞天晓,2016-09-22 06:15:16,13,15,2,金三胖既视感...
34984,1910,庞天晓,2016-10-28 02:46:11,2,4,2,老师人很好，问问题都会及时详细地回复。回归分析开始有点难，不过后面第三章开始就讲得挺慢的，都能听懂?
39710,1910,庞天晓,2016-12-27 05:55:40,0,1,1,很有趣的老师
39931,1910,庞天晓,2016-12-28 07:57:20,4,6,2,老师会玩幽默，水平绝对高，证明信手拈来（虽然有时候会粗心算错），不过概率论，呵呵，我是该先学实变吗？为啥总会莫名听到些不知道的名词？
40009,1910,庞天晓,2016-12-28 15:59:24,1,2,1,木有人觉得老师讲话快么。
43886,1910,庞天晓,2017-01-17 05:34:57,2,3,1,讲得好\n\n
46911,1910,庞天晓,2017-01-23 01:30:16,1,3,2,回归给分感人
55456,1910,庞天晓,2017-07-01 13:47:01,0,1,1,老师讲课讲的很清楚，人很好的
55962,1910,庞天晓,2017-07-02 22:29:41,3,9,6,好老师。大学里最后最后一门满绩的数学课。让我哭一会。
55965,1910,庞天晓,2017-07-02 22:58:44,5,5,0,老师上课很耐心很有条理，概统听下来都比较顺利！两次小测不难！很棒的老师！
58155,1910,庞天晓,2017-08-09 07:31:48,-5,2,7,一般般
66763,1910,庞天晓,2018-01-19 02:38:29,22,24,2,很好的老师，但是概率论炸了，怪我自己不努力(哭)
72247,1910,庞天晓,2018-01-29 15:31:59,2,2,0,老师上课真的超级认真超级nice，对学生也很温柔www
72248,1910,庞天晓,2018-01-29 15:32:35,0,1,1,庞老师，课讲的好，给分又好，简直就是人间的珍宝！超棒！
72307,1910,庞天晓,2018-01-30 01:24:59,0,0,0,棒！！！
79234,1910,庞天晓,2019-06-18 03:16:05,12,13,1,感觉老师给分主要看期末 期末崩了就没有师生情……
95800,1910,庞天晓,2019-01-20 05:25:32,0,2,2,人超好啊 讲课也很细致 数院老师都这么友好就好了...
95807,1910,庞天晓,2019-01-20 05:35:30,12,12,0,考试都是ppt上有的证明，可惜我背诵太差一坐下什么都忘了，枯了
97286,1910,庞天晓,2019-01-22 12:24:39,41,43,2,这成绩给的低的我都不信了。。难道算错了好几题？佛了
97321,1910,庞天晓,2019-01-22 08:06:30,24,26,2,考完以为不满也4.8，最后成绩。。不知道是怎么改的。。
97517,1910,庞天晓,2019-01-22 09:46:05,20,20,0,大家觉得给分怎么样？评论都说给分好，是我太菜了吗？
97546,1910,庞天晓,2019-01-22 10:28:53,18,19,1,老师人挺好，讲的也不错，期末考比较简单就是估计一点不调分，平时分也给的比较严吧，反正看到成绩我哭了...
99224,1910,庞天晓,2019-01-24 12:48:01,-11,6,17,回归出了来评论一下。就Jp统计量那道题没炫出来就被压到了85，有点小难受。应该还是其他题太简单了。老师讲课很好，思路非常清晰的那种，还是给10分吧！
99227,1910,庞天晓,2019-01-24 12:55:13,-24,2,26,好评！最后记错了box没扣太多。老师人不错的
99234,1910,庞天晓,2019-01-24 13:08:49,18,19,1,呵呵?
99237,1910,庞天晓,2019-01-24 13:13:18,29,30,1,成绩比预想的要低_(´ཀ`」 ∠)_
99241,1910,庞天晓,2019-01-24 13:20:33,26,26,0,背诵式考试。。。
99256,1910,庞天晓,2019-01-24 13:47:44,24,25,1,回归分析也太低了吧..
99294,1910,庞天晓,2019-01-24 14:21:13,21,22,1,不敢相信这么低，哭了
99875,1910,庞天晓,2019-01-25 08:57:06,14,15,1,?点这么低哭了哭了
100944,1910,庞天晓,2019-01-27 07:28:52,6,7,1,回归分析简直全部都要背.....\n\n
101228,1910,庞天晓,2019-01-28 02:25:03,2,6,4,老师人很好，讲课很有条理，收获很大，但考试形式我觉得有待改进，考试全是背诵式考试，对于突击很有利，但对于一学期努力学习的人很不公平，个人认为大学教育应该尽最大努力改掉学生突击的毛病，而不是鼓励
108968,1910,庞天晓,2019-06-05 01:02:45,1,1,0,超级棒！
112656,1910,庞天晓,2019-07-04 23:46:38,1,2,1,给分。。。真的好吗?
112732,1910,庞天晓,2019-07-05 01:35:15,2,2,0,老师讲的很细致，声音是很沉稳，虽然讲课节奏快，但讲的很用心很全面，认真听一定能学好的老师，给分也很好！
112842,1910,庞天晓,2019-07-05 05:39:38,1,1,0,老师讲的很好啊
116068,1910,庞天晓,2019-09-02 09:21:51,-1,1,2,讲道理GAI桶期末刷一波题就好 反正也不点名 几乎没怎么来上课 老师讲的还是有点慢 线上小测 帮带作业 就给满
121953,1910,庞天晓,2020-01-25 12:27:51,2,2,0,好老师，上课思路清晰
131296,1910,庞天晓,2021-01-27 03:47:01,1,1,0,讲课不错，但是考试真的很难，慎选
131431,1910,庞天晓,2021-01-27 13:01:06,0,0,0,10分
131619,1910,庞天晓,2021-01-28 08:03:58,29,29,0,概率论考后还在群里分析试题的好老师不多了\n\n庞老师上课有激情，算功扎实😂，课后答疑没有架子，同学问问题都会笑着回答的。\n\n至于绩杀，去年修过隔壁苏中根老师的来评价一句——比隔壁班的好多了，应该是调过的了
131705,1910,庞天晓,2021-01-28 13:29:38,4,7,3,还不错，不点名，课上还会调侃怎么今天教室又是空荡荡的，作业少平均每个星期就6道题
133223,1910,庞天晓,2021-02-19 07:58:41,4,4,0,可以的，就是上课有点简单，就是书本推导。期末还是不简单的
137329,1910,庞天晓,2021-07-03 08:39:42,4,5,1,概统 认真负责，上课有活力（虽然我没能认真听） 讲的很认真\n\n只要听老师的重点满绩不是梦
142163,1910,庞天晓,2021-11-08 03:40:39,0,0,0,有没有20级统计的学弟学妹们说说上课体验啊
147571,1910,庞天晓,2022-01-10 08:41:07,6,8,2,20统计 概率论H\n\n老师上课讲的清楚，板书推导很细致，听课体验还是挺好的。作业每周七题，觉得遗憾的是觉得助教那边不是很负责，平时更多只能自己对答案、和同学讨论。和常微分放在一个学期，概率论很容易被忽略啊啊啊，然后最后懊悔不已…pps，个人觉得作业比上课难，考试比作业难，到期末复习有点小崩溃
148164,1910,庞天晓,2022-01-11 17:18:21,2,2,0,老师上课整体来说思路还是很清晰的，虽然有时候有些概念讲得有点抽象还需要自己多想，最后考试确实把我考懵了，但是分数太有师生情了，太感动了！谢谢老师！
148229,1910,庞天晓,2022-01-12 02:09:11,14,15,1,群里一连串谢谢老师\n\n期末有点失误，给分正常吧\n\n唉感觉统计很卷
148301,1910,庞天晓,2022-01-12 05:54:39,2,2,0,老师感觉就是很干练的那种，上课没什么废话，板书也很清楚\n\n给分这学期不知道为啥，和苏中根一起好像都开始会捞了，总之思路对了老师给的应该不少，出乎意料的成绩\n\n总之还是很推荐的
150222,1910,庞天晓,2022-01-20 15:41:21,3,3,0,推导流畅，课下要花时间将它们内化实践，回归分析期末主要考ppt推导。10分
159266,1910,庞天晓,2022-07-10 02:26:22,0,0,0,。。。
167570,1910,庞天晓,2023-01-17 11:41:01,-1,0,1,概率论内容还是需要自己领悟
168736,1910,庞天晓,2023-02-21 13:55:12,-5,1,6,老师推导过程很清楚，很流畅，给分也还行，概率论还是得自己多看书
168758,1910,庞天晓,2023-02-21 23:46:26,7,8,1,上课声音雄厚，有精气神，干练\n\n但最后分数有点不如预期
168772,1910,庞天晓,2023-02-22 05:25:46,1,1,0,😭😭😭
168995,1910,庞天晓,2023-02-24 02:57:06,9,9,0,看来统计学子每年都是被回归分析薄纱，然后被多元安慰一些受伤的心灵。\n\n不是很能理解考试出的除了送分的题目大多来自没有一道作业题涉及的知识点，完全是背诵式考试，证明过程（也就是计算过程）基本得80%背下来（对我而言）才可能在考场上能写出来，当然我做不到。讲义大概两面的计算证明出了两道，其中也有不少拆分化简的技巧，对于我这样平庸的学生不靠背诵不可能写得出来。不可否认，庞老师讲课讲得很好很清晰，平时的作业就是讲义的习题，只是自己概率论+回归考的算是专业课最烂的两门，也许是自己太菜了哎，还没出分留，能不能有师生情呜呜呜呜呜呜。
169272,1910,庞天晓,2023-02-25 06:33:57,6,6,0,😭
169273,1910,庞天晓,2023-02-25 07:18:46,7,8,1,这个分我是真服了
169281,1910,庞天晓,2023-02-25 08:05:21,6,6,0,。。。
169342,1910,庞天晓,2023-02-25 12:52:25,8,8,0,被回归薄纱，期末感觉很难，给分也好求是。。。
169372,1910,庞天晓,2023-02-25 15:45:26,5,5,0,哇今年这个概率论，真的过分求是，本来卷子就比往年难不少，还被薄纱。。。说好的给分不错呢？呜呜呜呜
169677,1910,庞天晓,2023-02-27 10:43:01,4,4,0,可能是我自己太菜，但是庞老师的课绩点都很寄来着……课确实上的挺好，讲的推导的都很细，也可能是我不适合学数学，完全考不起来……
169765,1910,庞天晓,2023-02-28 00:18:11,3,4,1,有一次上课认真听了听 发现讲的其实很清晰 但考试那是真的莫名其妙就分贼低…………555 不过还是爱天晓哥 希望回归不要杀我
169872,1910,庞天晓,2023-02-28 07:24:27,9,9,0,ptx老师的概率论H和回归，成绩显著的低于其他所有专业课，是我的问题吗。。。好像也不是吧。。\n\n数院的考试比平时作业难那么多的还有什么课。。。\n\n回归分析平时作业不用动脑子就能做，考试呢hhhh不知道这么搞有什么意思。。。
171004,1910,庞天晓,2023-03-14 03:17:54,6,6,0,讲句实话老师不看成绩非常完美，看成绩...绩杀啊啊啊啊啊啊！
174644,1910,庞天晓,2023-06-15 04:05:06,0,2,2,分数给的好求是，甚至做对了还扣过程分。。。。。
178343,1910,庞天晓,2023-07-10 10:34:44,4,4,0,概率论H到回归到现代概率论…\n\n讲得很贴合教材，证明的部分尤其是构造性证明（指现代概率论）不太讲证明思路，跟上进度比较困难；\n\n回归考得容易偏，概率论H考察范围比较稳定。\n\n三门课给分都很求是，需要多花时间准备
178361,1910,庞天晓,2023-07-11 02:04:18,3,3,0,不赞成有评论说比szg老师班给分好的，身边20级修过ptx老师概率论的 有考的好拿高分的，但也有不少低分的那是真的很低，szg老师班面向同学不包括数院学生，基本都是竺院各类班的，之前也跟ptx老师一样严格…求是…好像23年秋冬卷子出得比较松整体考得挺好
186987,1910,庞天晓,2024-01-14 04:32:17,13,15,2,考试前背书背背背背到要吐，出分时低低低低到紫砂，我可去他的吧
187011,1910,庞天晓,2024-01-14 06:39:11,4,4,0,出分被爆杀，但是必修，好好好
187021,1910,庞天晓,2024-01-14 07:22:38,1,1,0,庞老师讲课确实清晰，上课体验感很好，但考试题着实要对讲义上的推导过程和常见技巧特别熟悉才行（考前至少要手推一遍），而且给分求是不调分
187101,1910,庞天晓,2024-01-14 12:55:40,21,21,0,最后一门专业课出分了，60分每一分都是老师的关怀，感恩老师让我顺利毕业！总之感谢浙大让我度过了人生中目前为止最充实快乐的四年，拿了奖学金、当过团支书、谈过恋爱、打游戏看小说，有了很多不可思议的经历终于从高考前填鸭式学习的后劲儿中缓过神来。虽然从别人口中的绩优生变成了差等生，但大学是一个所有想法都会得到最宽恕的谅解的地方，它专为你的跌跌撞撞凝结了一段岁月。
187119,1910,庞天晓,2024-01-14 14:44:44,3,3,0,讲课好好，给分差差，求是好老师
187863,1910,庞天晓,2024-01-17 15:24:12,3,4,1,调一点分好不好哇好不好哇😭
195904,1910,庞天晓,2024-06-30 17:15:57,1,1,0,上的是概统，老师讲得非常好，答疑非常耐心，谢谢老师
196432,1910,庞天晓,2024-07-03 10:16:36,-7,4,11,纯纯nt，要不要看看你出的什么卷子给的什么分
204318,1910,庞天晓,2024-11-25 08:08:48,0,1,1,谢谢老师，人太好了
209972,1910,庞天晓,2025-01-07 15:39:22,22,22,0,抛开今年的出题不谈先来写下评论\n\n首先虽然是数院的概率论 但是这门课相比其他专业课也是极弱理论证明 偏废结论和计算的 ptx已经是上课尽可能的多讲些证明来尽可能弥补浙大这版教材的诸多疏漏和改善这门课看上去实在是不像数学专业课的现状\n\n他讲证明是真的太熟练了 就跟zt讲ode一样真的一眼看出来这课他们确实教了十多年 然而伴随的问题就是讲的很快（可能他自己也知道这不是考察重点）ppt不适合复习没有重点和板书实在是太轻太轻看不见 起码中间第四排是看不见的 智云回放也是看不见的 我觉得跟这个西教最缺电费的教室也有关系👎\n\n概率论这课也是真的极其无聊 首先罪魁祸首就是这个教材 可以说跟学校自编的高代一样💩或者说更💩 要知识点没知识点要重点没重点要习题没习题 还tmd说是国家选定的优秀高校教材 纯属是想赚钱想疯了脸都不要了 说句zz不正确的不如隔壁蛋蛋的概统教材一根 老师能做的也就是💩上雕花 我觉得ptx已经尽可能的发挥出这门课全部的价值了\n\n至于今年的出题和ptx一向的求是给分 我好话已经替大家说完了方便后面诸君激情开麦
211527,1910,庞天晓,2025-01-12 01:10:14,7,7,0,讲课很好，不摆架子的好老师，但是小心期末考试\n\nQAQ
211553,1910,庞天晓,2025-01-12 02:00:43,13,13,0,以为能有4.8结果只有3.9中。。。我恨你ptx。。。不过老师讲课挺好的，就是给分很难评😭
211570,1910,庞天晓,2025-01-12 02:38:54,14,14,0,明明概率论是这个学期上的很认真的一门课，出分还是低到离谱
212107,1910,庞天晓,2025-01-13 07:42:45,8,9,1,被绩杀。。上课挺好的，但是期末卷子不简单，改卷还很严格。。
212156,1910,庞天晓,2025-01-13 09:21:44,-19,3,22,老师很好，很有风范，卷子也不算难，给分的话见仁见智，对我来说符合预期吧。\n\n但是。。。那个和预估差了0.9的真的是老师的问题吗，会不会是对自己实力太过自信了？我最后4.8和我npy聊概率论的时候也没预估过4.8。。。
221152,1910,庞天晓,2025-06-21 13:48:54,2,2,0,概统 卧槽ptx我太爱你了 期末拿得稳的只有20几分 平时小测两次20 在考场上都做好补考的准备了 结果这也过了 我将永远拥护ptx老师！！！
67,1951,吴翔,2015-03-14 15:37:08,8,21,13,听天书
308,1951,吴翔,2015-03-15 00:37:04,0,29,29,翔一般的体验
849,1951,吴翔,2015-03-18 00:51:27,26,36,10,吴老师挺风趣的
1695,1951,吴翔,2015-03-23 09:27:57,-5,8,13,电脑各种卡..已经弃坑旁听别的老师
3682,1951,吴翔,2015-06-17 02:14:12,-5,11,16,完全是在换个形式念书
3732,1951,吴翔,2015-08-23 06:44:47,-12,15,27,微二微三都是他讲，全满了
4048,1951,吴翔,2015-06-17 15:26:21,1,18,17,就念一遍书。。。
4071,1951,吴翔,2019-04-10 08:02:24,-110,18,128,垃圾 上课一半时间在修电脑 八个卦限能讲半个小时 吃翔长大的吧
4498,1951,吴翔,2015-06-24 03:26:37,32,43,11,恩，其实我觉得他讲得听清楚的，也很有耐心，不过要预习过后听课效果比较好
5243,1951,吴翔,2015-07-06 03:32:02,9,13,4,翔哥威武
6541,1951,吴翔,2015-07-15 03:08:39,1,6,5,至少给分还是不错的
7178,1951,吴翔,2015-09-09 18:52:00,1,20,19,文科高数讲得很清楚的，听不懂的是自己渣。别抱怨。
7547,1951,吴翔,2015-11-10 02:08:30,37,46,9,上课喜欢讲他和余华的故事。。。
7862,1951,吴翔,2015-09-16 00:20:55,8,11,3,知识面很广啊
7887,1951,吴翔,2015-09-16 03:11:10,-11,4,15,稀烂
8062,1951,吴翔,2015-09-17 01:16:04,-7,7,14,翔一般的体验是真的～\n\n
8241,1951,吴翔,2015-09-17 23:35:20,-11,3,14,课如其名
8853,1951,吴翔,2015-09-29 03:05:57,62,75,13,从诗词歌赋谈到人生理想，无聊可以听中国近代史，还有余华哟
9132,1951,吴翔,2015-10-14 02:36:36,24,33,9,翔哥有那么烂吗？
10769,1951,吴翔,2015-11-23 04:54:33,-3,5,8,天马行空，爽
11499,1951,吴翔,2015-12-02 15:30:35,-10,4,14,不好不好不好
11798,1951,吴翔,2015-12-16 00:54:49,-4,3,7,心好塞
12246,1951,吴翔,2015-12-22 14:07:55,7,9,2,吴老师很耐心人很好，棒
12301,1951,吴翔,2015-12-23 02:02:25,-20,3,23,人如其名
13601,1951,吴翔,2015-12-30 03:13:51,-2,5,7,发现有人在这里秀优越
13723,1951,吴翔,2015-12-30 12:01:51,-3,5,8,自由飞翔！
14127,1951,吴翔,2016-01-04 16:05:52,33,37,4,上课好玩 为什么那么多人给翔哥评那么低的分啊
14467,1951,吴翔,2016-01-07 07:20:56,11,18,7,作业少，上课一直都讲他和余华的故事，还有非诚勿扰什么的
15062,1951,吴翔,2016-01-12 00:13:19,6,7,1,还挺可以的
15906,1951,吴翔,2016-01-27 02:12:34,3,4,1,其实讲得很认真啊，好好听就可以啦
16168,1951,吴翔,2016-01-17 11:17:29,7,7,0,老师讲的挺仔细的 挺好的
16955,1951,吴翔,2016-01-19 10:01:28,24,26,2,从不点名，很贴心，讲的题都是要考的，还都考到了！
17203,1951,吴翔,2016-01-20 01:03:40,39,44,5,从余华谈到快递，从吴清源谈到他女儿，从九号电池谈到林徽因……知识面草鸡广，讲真听翔哥的课太搞笑了
17699,1951,吴翔,2016-01-20 16:03:40,10,12,2,数学渣判断不出课质量好坏，反正比我自习好多了。。听翔哥讲话就觉得好笑。。
19993,1951,吴翔,2016-01-26 00:46:07,0,1,1,高数＠_＠
20140,1951,吴翔,2016-01-26 08:09:05,0,1,1,
20245,1951,吴翔,2016-01-26 16:01:11,4,5,1,老师讲课还是不错的.认真听总会有收获的.
20256,1951,吴翔,2016-01-26 16:15:35,-7,8,15,给分超坑！！讲不清楚！经常讲错，他自己都搞不清楚...无语...
20259,1951,吴翔,2016-01-26 17:16:11,1,6,5,给分好坑呜呜呜呜呜呜呜呜
20291,1951,吴翔,2018-12-27 12:41:46,13,14,1,我觉得老师还行吧，可能他有时候会扯到他身边的人发生的故事上去了。我反正还是上课跟着老师。然后，现在群里一大堆拜谢老师不挂之恩，你懂的。
20320,1951,吴翔,2016-01-27 04:06:37,2,3,1,可以的
20613,1951,吴翔,2016-01-29 04:22:04,6,6,0,感觉老师还行啊，不知道为什么这么多人说不好，数学多做题就没问题啊
20702,1951,吴翔,2016-01-30 03:45:53,9,24,15,上的高数，希望给一个中肯的评价，翔爷上课该上的都会上，偶尔会扯题外话；不足是重点不够明朗，语速拖沓，课堂略沉闷，讲了较多不需要的证明。给分基本上就是实际水平
20732,1951,吴翔,2018-03-22 09:28:17,-26,5,31,翔一样
21136,1951,吴翔,2016-02-20 15:10:42,7,9,2,我觉得高数最主要还是自己刷题，吴老师虽然讲课有很多题外的话，讲题目时稍微有些枯燥（也有人说他就是念一遍书），但也没有某些同学说的那么糟，他的给分还是很公正的。
22993,1951,吴翔,2016-04-11 09:29:01,43,50,7,我就不明白了，老师讲的认真，有错题分析，会讲解知识的结构，还会用onenote讲题，怎么才这么点分？自己学不好别怪老师OK？
23376,1951,吴翔,2016-03-28 01:51:04,11,13,2,感觉老师蛮好  不知道为何这么多人黑他
24309,1951,吴翔,2016-04-29 09:36:42,-4,6,10,绩杀还是绩杀，没平时分而且考卷随便改乱扣分
24472,1951,吴翔,2016-04-30 15:00:57,-1,2,3,犯困，就两个字
24819,1951,吴翔,2016-05-04 02:02:53,-11,1,12,sb哦
24821,1951,吴翔,2018-03-22 09:28:23,-24,5,29,翔一样
24943,1951,吴翔,2016-05-04 11:28:16,-8,4,12,上课自己把自己绕糊涂了。然后自言自语一通。。。。最后黑给分不能再坑。。成绩出来群里都炸了。。
25098,1951,吴翔,2016-05-05 08:56:04,5,5,0,上课讲电子版的教材
27451,1951,吴翔,2016-06-26 09:39:50,4,5,1,老爷子很萌！
29618,1951,吴翔,2016-06-30 05:09:34,4,5,1,觉得老师人超好的！
30374,1951,吴翔,2016-07-01 12:25:38,2,3,1,其实老师挺好的 上课有时还会讲故事 j
31611,1951,吴翔,2016-07-04 09:12:18,-1,1,2,没评论说的这么差，认真学总会好的，不过上课确实照本宣科
33214,1951,吴翔,2017-01-20 15:14:54,-11,4,15,自学，满了。。。
33527,1951,吴翔,2017-01-15 03:00:27,45,52,7,没办法形容 真的人太好了  助教也帅也耐心  能遇到这样的兼顾学问和教学的老师真的很少见
33803,1951,吴翔,2016-09-22 01:12:26,0,1,1,听不懂的普通话
34238,1951,吴翔,2017-01-20 15:12:09,18,22,4,老师很可爱，虽然讲课没怎么听过…但真的很可爱，上课叫车、讲女儿的专业选择、说文科好、接到电话直接拒绝简直翔哥四大特色！期中期末考前突击，80分满意！
34763,1951,吴翔,2016-10-20 11:17:19,22,25,3,认真地听了老师的课之后才来评价，老师讲课讲得很清楚很详细而且自带萌点，上课从来没有讲过无关课程的话，同学都一致认为老师课讲得很好，真的不明白有些评价是怎么来的
34796,1951,吴翔,2016-10-23 09:26:12,4,6,2,真的，对比之下他讲得真的挺细的，你别睡就好……
35432,1951,吴翔,2016-11-10 07:16:02,5,7,2,我觉得很有趣啊 虽然进度好像比别的班慢一点
35712,1951,吴翔,2016-11-10 07:50:53,5,6,1,老师讲的很细很全，语速也不快，认真负责，就是作为北方人一开始不太适应他口音，后来好一些
35745,1951,吴翔,2017-02-28 07:40:19,30,33,3,翔哥人超好玩超萌！讲题也清楚啊，节奏对我来说很合适。
38050,1951,吴翔,2016-11-23 16:34:08,5,6,1,该讲的都讲了，上课也很有意思
38053,1951,吴翔,2016-11-24 00:36:04,20,22,2,萌死我了
39247,1951,吴翔,2016-12-22 00:27:07,10,11,1,挺好的啊 挺清楚的 都自己做题 不知道为什么评分那么低 数学还是要多靠自己吧
39278,1951,吴翔,2016-12-22 02:14:51,10,11,1,很亲切，很可爱
42701,1951,吴翔,2017-01-15 03:04:02,2,6,4,读课本
42706,1951,吴翔,2017-01-15 03:08:17,16,19,3,浓浓师生情
42708,1951,吴翔,2017-01-15 03:10:03,-3,5,8,不管上课怎么样，但是监考的时候一直在前面和其他老师聊天这点，我就不想打高分。
42735,1951,吴翔,2017-01-15 04:15:38,5,6,1,爱您 哦
45535,1951,吴翔,2017-01-19 16:44:04,1,5,4,文科高数，觉得老师还不错啊，上课节奏挺慢挺清楚，就是容易困( •̀∀•́ )
46039,1951,吴翔,2017-01-20 13:19:55,4,5,1,老師很好啊，給發客觀，全看你自己認真程度，老師講的很細心。還有，我覺得老師挺萌的哈哈。
46040,1951,吴翔,2017-01-20 13:20:11,4,5,1,老师人超级无敌好，超级耐心会给你讲题，也很可爱啊顺风车哈哈哈哈！然后从不点名啊！数学嘛，还是自学吧老师已经很好了！
46041,1951,吴翔,2017-01-20 13:22:15,6,7,1,基本没听靠自学，及格了。谢老师不杀之恩?
46047,1951,吴翔,2017-01-20 13:30:49,4,5,1,老师人真的很好 讲课也很仔细 自己要是更努力就好了
46048,1951,吴翔,2017-01-20 13:31:51,1,2,1,妙手回春。 自己悟
46049,1951,吴翔,2017-01-21 08:57:03,8,15,7,老师很萌 但数学还是要靠自己多刷题 \n\n说自己满绩绝对不是得瑟 \n\n毕竟学校处处是大佬\n\n只是想给学弟学妹们一份信心 \n\n只要你认真 在吴老师这里满绩不是梦
46079,1951,吴翔,2017-01-20 14:44:29,4,5,1,老师讲得很认真，给分很好——至少大大超出了一个本以为可能会挂的数学渣的预估。我上课应该是认真听的，然而似乎并没有听到过余华???
46083,1951,吴翔,2017-01-20 14:53:19,4,5,1,人超级好，很有耐心
46087,1951,吴翔,2017-01-20 15:14:44,-5,4,9,很萌的老师 很亲切 很有耐心 考前突击 满了.....
46102,1951,吴翔,2017-01-20 15:13:23,3,10,7,说自己满绩的人不出来得瑟会死吗?这是评价老师的地方 不是秀成绩的地方
46132,1951,吴翔,2017-01-20 16:01:47,9,10,1,翔哥真的好啊，会用onenote，上课时不时来点金句，考前还会划重点，给分还不错，大爱！
46269,1951,吴翔,2017-01-21 06:01:27,7,8,1,不点名不签到，人很好。绩点感人。谢吴老师不挂之恩
46343,1951,吴翔,2017-01-21 09:31:34,2,3,1,浓浓师生情
46462,1951,吴翔,2017-01-21 16:47:12,3,4,1,超级可爱，上到一半突然叫个顺风车哈哈哈哈，还最后一节课复习
47071,1951,吴翔,2017-01-23 14:12:40,7,8,1,吴翔爸爸救了我的高数啊???
47243,1951,吴翔,2017-01-25 00:17:25,6,9,3,老师最后给我调了分，认真写作业就有高分的好老师。我最后考试至少扣了25分，绩点还是有4.2
52406,1951,吴翔,2017-06-20 01:22:11,2,3,1,剖析详细，关心学生，微积分讲的真的很好，一步一步讲解，十分耐心
52621,1951,吴翔,2017-06-21 13:57:04,5,6,1,吴翔老师很好啊，讲课节奏很适合中等程度的学生，和蔼可亲而且不点名，反正我给老师满分～
55733,1951,吴翔,2017-07-02 09:49:06,5,6,1,说老师不好的人上课听了吗?反正我觉得老师很好，讲课速度适合中等学生，大课人多，想好好听课的就早点去占个座。期末好好复习，刷刷题，平时作业好好交绝对没问题。不努点力老师想给分都没有依据不是吗？
56773,1951,吴翔,2017-07-04 15:00:07,-2,3,5,不吹不黑真不咋样没说的那么好
56831,1951,吴翔,2017-07-04 21:56:41,2,2,0,反正老师很赞
57001,1951,吴翔,2017-07-05 06:30:47,39,43,4,不接受所有对吴老师的批评。\n\n这么大年龄会用onenote讲课。\n\n最后一次微三考试为了能让大家过的更多出题难度比往年降了那么多。\n\n用平时分拉一大堆人到及格。\n\n有问必答，讲的细到不能再细。\n\n我不知道还想要老师怎样。10086个赞
57493,1951,吴翔,2018-01-20 02:53:09,-33,2,35,傻逼老师
59031,1951,吴翔,2017-09-19 07:11:45,3,3,0,每节课都叫车，全班一起笑。口音很有趣哈哈
59138,1951,吴翔,2017-09-20 02:26:51,6,6,0,第一次上吴老师的课 声音听着很逗 比较水吧 上课很开心…Z
59781,1951,吴翔,2017-09-27 02:50:55,-10,3,13,上的高数，平心而论，讲的真的不咋地，水的不行，抓不住重点，拖沓的要死，天天在那里扯什么信号不好显示不出来就不会自己去做ppt么？
59987,1951,吴翔,2017-10-18 05:50:08,1,1,0,挺好的老师，有一点口音
61081,1951,吴翔,2017-11-08 06:56:25,1,1,0,老师课讲的挺好的，人也很负责。喜欢他的高数课。
62826,1951,吴翔,2017-11-27 05:55:30,3,4,1,老师上课很好，但是不给看过程成绩很烦
63338,1951,吴翔,2017-12-01 02:45:39,3,4,1,果然讲起了和余华的故事
63795,1951,吴翔,2017-12-15 03:17:54,10,10,0,老师好萌啊 莫名觉得他短短的身材穿衣服很有感觉 作业总是喜欢留单数 偶尔会提前下课讲些小故事 就很萌\(//∇//)\
65892,1951,吴翔,2018-01-10 03:17:22,4,4,0,可棒可棒
65984,1951,吴翔,2018-01-10 15:35:51,7,7,0,老师真的特别可爱，课也讲得很好，还很幽默
66548,1951,吴翔,2018-01-17 08:30:03,7,7,0,老师上课会讲段子。（*/∇＼*）觉得老师经常上淘宝只有我一个人吗？
67015,1951,吴翔,2018-01-20 02:44:14,10,10,0,超級喜歡老師啊！\n\n老師超讚的！\n\n上課也經常講故事活跃气氛\n\n表白老師！\n\n高數求過不想重修啊啊啊啊啊?
67016,1951,吴翔,2018-01-20 02:45:20,11,11,0,吴老师是好老师，但是我自己低估了高数的难度，非常后悔没有好好上课，希望以后引以为戒。没有最好的老师，但是可以让自己成为更好的自己。
67626,1951,吴翔,2018-01-22 02:39:59,0,0,0,很好啊
69691,1951,吴翔,2018-01-25 08:25:27,-2,1,3,感觉老师帮我们调分了 谢谢
69699,1951,吴翔,2018-01-25 08:38:48,6,7,1,就我一个分很低吗？\n\n难受\n\n求大佬别炫自己分高。
69704,1951,吴翔,2018-01-25 08:40:45,-8,3,11,老师幽默讲得好，还有点小傲娇，人生中第一个满绩来自高数，哈哈哈哈哈，绝对十分
69709,1951,吴翔,2018-01-25 08:49:30,5,5,0,文科高数本质还是数学  还是要好好学
69877,1951,吴翔,2018-01-25 15:36:10,-2,4,6,老师挺有意思的，讲课很细致，还会讲点段子什么的，上课不点名，平时分超高，人生中第一个满绩哎嘿嘿超开心
70536,1951,吴翔,2018-01-27 01:00:28,1,3,2,真的很有趣啊 会讲很多他的故事的同时 还是很认真的用他永远都是电量低状态的平板讲课 虽然自己有时候水手机 小测也不好 但是期末还是可以绝杀的
70786,1951,吴翔,2018-01-27 13:50:17,0,2,2,上他的高数，人真的超萌穿插各种有趣题外话2333但是呢讲话略有点听不清啦
71079,1951,吴翔,2018-01-28 02:30:59,3,3,0,挺细致的。
71184,1951,吴翔,2018-01-28 06:11:35,0,1,1,炒鸡赞
72770,1951,吴翔,2018-01-31 05:13:04,5,6,1,上的高数 不点名 老师人很可爱 绩点低怪自己没有好好学
76649,1951,吴翔,2018-04-17 06:55:01,1,2,1,讲得很细致，有同学说是在念书，可是当你这样想的时候就错过了很多细的技巧
79260,1951,吴翔,2018-05-29 07:02:44,-6,4,10,讲得好烂
79345,1951,吴翔,2018-05-31 08:22:35,-5,2,7,本来就抽象的数学被讲得更抽象了，，听不下去
83932,1951,吴翔,2018-07-11 14:17:16,1,1,0,老师真的很好很好，不点名，作业按时交就好，讲课比较清晰，给分也不错
86617,1951,吴翔,2018-09-17 12:52:10,1,1,0,吴老师很好的，给分也好
86896,1951,吴翔,2018-09-19 09:25:35,0,0,0,稳稳稳
87015,1951,吴翔,2018-09-20 02:59:17,4,4,0,老师人超级好，很照顾文科同学感受，讲课也超级棒，会用one note讲题诶各位！
92075,1951,吴翔,2018-12-26 03:59:03,1,1,0,太舒服了
92240,1951,吴翔,2018-12-27 07:35:05,7,7,0,历史房地产，余华小故事，课前唠嗑，作业看态度，第一堂课电脑必打不开……作为一个文科生，真的很喜欢吴翔老师了(*╹▽╹*)
92709,1951,吴翔,2019-01-04 02:25:56,2,3,1,有没有哪位老哥可以告诉我常微分3.2军鸡是真实的吗(ಥ_ಥ)
94830,1951,吴翔,2019-01-18 09:24:45,1,1,0,呵呵呵
95154,1951,吴翔,2019-01-19 02:02:57,4,4,0,骂老师的只能让我怀疑你们是怎么长大的。不过我最爱听的还是老师讲的跟课本无关的故事
96383,1951,吴翔,2019-01-21 01:51:55,1,1,0,老师很可爱很亲切啊，认真听真的有用哒
97608,1951,吴翔,2019-01-22 11:59:46,2,2,0,老师人很好，讲的也很细，还有小故事听哦～
100485,1951,吴翔,2019-01-26 07:43:13,1,3,2,老师不错 自己太菜 期末真的太难了 直接一个3 原地爆炸
100731,1951,吴翔,2019-01-26 15:50:09,9,9,0,给分非常严格，考几分就是几分，不会调分。适合数学强的同学选，数学弱的别指望他调分了（他完全按卷面给分）……调分的话还是其他几位老师比较好。
100831,1951,吴翔,2019-01-27 01:46:46,5,6,1,虽然老师不调分，但是数学本来就是要靠自己学的嘛，老师答疑什么的都很好，不会的题平时群里的dl也会很热情地回答的，还是很喜欢这个萌萌的老师！
101632,1951,吴翔,2019-01-28 15:43:43,3,4,1,老师很有意思，上课也不无聊。可能因为本身就是文科生，接触到这种偏理科的数学总会有点困难，反正老师肯定是没话说，真的非常好，成绩的话平时成绩也是尽量给的高了，但毕竟一半分数都在期末，而且感觉一次比一次出的题难啊。绩点真的看自己学的程度了，怪不到老师。老师卷子都是自己批，不劳烦助教都，所以出分慢，也可见老师调分的辛苦。
104570,1951,吴翔,2019-03-24 00:14:48,3,3,0,吹爆吴翔老师的课！太可爱了！
105346,1951,吴翔,2019-04-10 08:29:03,8,8,0,"一节课上开始讲他同学的糗事 讲到最后来了句""他叫余华。""\n\n吴老师简直是个宝藏男孩。"
105608,1951,吴翔,2019-04-17 06:59:48,6,6,0,老师上课幽默风趣，和蔼可亲，对学生非常好，还是余华的同学！
105717,1951,吴翔,2019-04-19 01:05:12,0,0,0,点点点
107384,1951,吴翔,2019-05-04 15:43:02,1,2,1,有耐心的老师～
107438,1951,吴翔,2019-05-05 07:29:45,1,1,0,上大学来第一个喜欢的老师 虽然我很菜
107442,1951,吴翔,2019-05-05 08:04:35,1,2,1,10分，上的老师的常微分，老师的涉猎面真的很广，余华的故事(hhh)，助教也很耐心，最后出分过了很久，虽然最后不是很满意(也过得去了)，但是选吴老师一定没错了。
107443,1951,吴翔,2019-05-05 08:06:09,0,0,0,谢谢老师
107446,1951,吴翔,2019-05-05 08:15:59,1,1,0,老师很负责，声音很好听，关键靠自己。
107447,1951,吴翔,2019-05-05 08:16:50,1,1,0,老师人很好，讲课很细心，对作业的要求也没有很苛刻，平常也很乐意去答疑。就是好像快退休了。
107449,1951,吴翔,2019-05-05 08:45:52,1,2,1,上课读书，但也梳理的很清晰，最后复习课帮助很大。出成绩慢，估计是在调分。老师快退休了
107459,1951,吴翔,2019-05-05 09:51:41,-8,1,9,老师很好，给分很棒，刷新了最高绩点
107472,1951,吴翔,2019-05-05 12:40:39,0,1,1,好老师，能感觉到他讲的很好，但知识它就是不进脑袋。
107518,1951,吴翔,2019-05-06 06:50:29,1,2,1,吴翔男神牛啤！！！
107645,1951,吴翔,2019-05-08 02:44:34,1,2,1,老师好可爱！上课超细超认真，还有故事听hhh
108966,1951,吴翔,2019-06-05 00:52:40,-3,1,4,老师很可爱！上课超级嗨！讲的也很细！满分满分\n\n
108967,1951,吴翔,2019-06-19 01:28:57,0,2,2,超级可爱的老师！唯一 一学期第一排的数学课
109340,1951,吴翔,2019-06-13 06:52:27,3,4,1,给分差而且讲的也差，和书里的一模一样，上什么课
112556,1951,吴翔,2019-07-04 17:39:16,1,2,1,老师讲课很认真很仔细，但是美中不足的是没有太多拓展性的知识讲解
112610,1951,吴翔,2019-07-04 22:29:35,4,5,1,课还行，但是给分差。\n\n
112617,1951,吴翔,2019-07-04 22:46:18,0,2,2,老师拿话筒?️的方式很别致
112643,1951,吴翔,2019-07-04 23:29:27,4,4,0,绩绩绩绩绩杀啊……
112681,1951,吴翔,2019-07-05 00:19:59,3,5,2,老师讲得的就是书上的内容，完全没有拓展。虽然感觉老师平时人还可以，讲课催眠，但最后的给分…真的只有呵呵? 上过另一个老师的课的人表示，在另一个老师课上一节课能学到的东西是吴老师一节课的2-3倍。总之，不推荐选这个老师，知识与分数，二者皆无。(这是上大学以来遇见的第一个不得不打低分的老师…
112692,1951,吴翔,2019-07-05 00:36:00,0,4,4,绩杀，谨慎选，没见过整个群没人说谢谢老师，大家一起求核分的老师
112717,1951,吴翔,2019-07-05 01:07:32,2,5,3,绩杀…
112719,1951,吴翔,2019-07-05 01:09:17,3,5,2,绩杀老师
112724,1951,吴翔,2019-07-05 01:15:13,3,5,2,老师人挺和蔼  但是给分…一言难尽
112745,1951,吴翔,2019-07-05 01:57:22,2,2,0,马马虎虎，确实只讲书上的内容，希望老师能在保证书上内容讲清楚的前提下再拓展一小部分
112834,1951,吴翔,2019-07-05 05:08:58,1,4,3,群里没人说谢谢老师，大家都在要求核分。
112912,1951,吴翔,2019-07-05 10:39:43,5,5,0,我本人是只追求分数的凡夫俗子。感觉老师上课讲的还算清楚，有重点。可能是同期的其他课老师太差了。至于分数，常微分的解题方法很死板，作业熟了就好。
113771,1951,吴翔,2019-07-07 11:45:59,2,3,1,春夏考完以为自己可以满了，结果只有4.2，虽然比自己预想的低，但还能接受
114728,1951,吴翔,2019-07-11 07:29:20,2,2,0,老师课讲的还行，但是我寻思着期末我貌似只错了一点啊，excuse me?\n\n可能还是自己菜吧？\n\n
115660,1951,吴翔,2019-08-16 09:52:07,1,1,0,非常好的
119125,1951,吴翔,2019-11-10 15:05:50,-3,1,4,我是18-19夏学期的，我觉得绩杀真的不至于，想想你们自己到底做出了多少题吧，我期末考试全部做出来了，最后5.0\n\n老师调分是情分，但不是本分\n\n理工科的课，还是看自己的硬实力吧
197495,1951,吴翔,2024-07-17 08:42:48,1,1,0,老师很不错，余华老师的好知己\n\n我是文科生，认真学了高数，认真完成作业，最后94/4.8
346,1956,戴俊飞,2015-03-15 01:10:03,4,17,13,#我的老师是个段子手#讲课不错的，很有趣
561,1956,戴俊飞,2015-03-15 05:00:56,0,9,9,很欢乐啊～飞哥真男神～
583,1956,戴俊飞,2015-03-15 06:03:51,15,27,12,幽默 脑残粉
860,1956,戴俊飞,2015-03-18 02:16:53,2,7,5,good
883,1956,戴俊飞,2015-03-18 10:27:16,1,7,6,爽
1073,1956,戴俊飞,2015-03-22 06:27:36,1,13,12,拯救了我的数学的感觉
1337,1956,戴俊飞,2018-04-10 23:55:18,12,54,42,不太喜欢感觉有点太喜欢扯淡。题报告的不是太懂！
1640,1956,戴俊飞,2018-12-25 02:43:27,16,23,7,逻辑很清晰，课也有意思
1729,1956,戴俊飞,2015-03-24 00:57:21,1,10,9,幽默风趣 作业少 力荐！！！
1990,1956,戴俊飞,2015-03-28 03:57:04,6,11,5,以前不点名的时代没赶上
1996,1956,戴俊飞,2015-06-17 01:38:44,1,7,6,欢脱！
2129,1956,戴俊飞,2015-04-02 08:24:52,12,54,42,不是很喜欢，有点扯淡，不踏实的感觉
2770,1956,戴俊飞,2015-05-07 05:08:28,52,94,42,绝对的段子手，上课超级幽默，会让枯燥的难懂的我微积分变得很有趣，而且作业很少很少。但现在开始实行一些高压政策了，作业变成课后习题全部都写，还实行连坐制度
2797,1956,戴俊飞,2015-05-07 12:12:26,0,8,8,课上简直异性交友平台
2852,1956,戴俊飞,2015-05-09 01:43:27,0,6,6,飞哥最棒！！
2934,1956,戴俊飞,2015-05-11 09:50:11,0,8,8,上课真的真的真的很好玩，从来不会打瞌睡，老师非常幽默，逗比，知识方面讲解的很有条理，也就是因为他，才爱上微积分
3255,1956,戴俊飞,2015-05-24 07:19:23,1,10,9,讲课真的很棒，很逗比但又不仅仅是逗比，很会帮大家形成一套知识体系，微1就是他教的绩点很高。
4614,1956,戴俊飞,2015-06-25 04:06:34,-10,6,16,超级坑爹，如果底子不太好，不建议选。
5564,1956,戴俊飞,2015-07-08 09:24:43,-4,6,10,力荐段子手
5603,1956,戴俊飞,2015-07-08 15:35:28,-1,9,10,虽然我微一最差，微二微三平均95，但我还是给飞哥10分吧，当时是我没学好
5901,1956,戴俊飞,2018-04-10 23:56:31,1,25,24,有一半以上的时间闲扯以及复习，剩下时间略略讲些新课。其他老师早讲完，上了好几次复习课，他还有好多内容没讲。管女生都叫美女。每次课传播负能量，给人消极的心理暗示
5914,1956,戴俊飞,2015-07-10 02:06:14,-5,21,26,就一傻逼老师基本都在闲扯，可真是把课堂气氛弄得不错，那些说他好的你们是来课上和他开茶话会了还是来学东西了？一群人傻不拉叽跟一个疯子胡闹，可真是被他哄的挺开心
6120,1956,戴俊飞,2015-07-11 04:37:17,15,21,6,浓浓师生情
6776,1956,戴俊飞,2016-06-08 11:21:52,26,39,13,相当好说话，非常支持你去旁听别的老师，唯一不好的是讲的慢。然而讲的很透彻
7430,1956,戴俊飞,2015-09-14 10:56:46,-1,6,7,反正我微积分退了预制选的飞哥\n\n
8053,1956,戴俊飞,2015-09-17 00:04:32,0,5,5,大爱飞哥！
9503,1956,戴俊飞,2015-10-29 04:11:05,-1,3,4,各种段子 233333
11012,1956,戴俊飞,2015-11-24 00:36:03,0,10,10,总是挖苦人，为难人
11419,1956,戴俊飞,2015-12-01 00:54:50,-5,4,9,没事喜欢拿学生开涮 无聊
11613,1956,戴俊飞,2015-12-08 03:15:03,-1,0,1,还行吧
12414,1956,戴俊飞,2015-12-23 08:22:49,-1,8,9,一节课半节都在瞎bb，虽然说段子手吧，有时候讲也挺好的，但是微积分这种课怎么能这样子教啊。最重要的内容往往在下课前15min讲，这是其他老师要讲好久的内容啊。
12844,1956,戴俊飞,2015-12-24 06:23:41,1,4,3,非常幽默，每节课都复习上节课的知识，上课慢，作业不多，题目讲的不多
13164,1956,戴俊飞,2015-12-25 04:02:06,2,18,16,缺乏一个数学工作者应有的严谨，题目讲解不够细致，有些玩笑略带挖苦，进度缓慢，每节课前20分钟都是水过去的都。
13333,1956,戴俊飞,2015-12-27 01:38:02,4,15,11,太扯了，和讲的好的老师还是没法比，不喜欢不严谨的老师
13687,1956,戴俊飞,2015-12-30 10:43:44,0,0,0,，，，，，，，
14349,1956,戴俊飞,2016-01-06 12:37:10,1,2,1,讲课很幽默，很细致，段子手
15200,1956,戴俊飞,2016-01-12 15:08:13,-2,1,3,段（子手戴）俊飞，除了废话多什么都好
15713,1956,戴俊飞,2016-01-16 07:26:08,50,56,6,大学时代最喜欢的数学老师
17067,1956,戴俊飞,2016-01-19 14:09:42,43,50,7,段子很合心意。比较注重学生的课后复习巩固。知识点讲的透所以会感觉教学进度赶。但这样期末复习的时候印象会比较深。平时分根本不用担心。
17088,1956,戴俊飞,2016-01-19 14:42:51,1,4,3,幽默，看着他就想笑。
17483,1956,戴俊飞,2016-01-20 09:36:39,-1,1,2,每节课都会先复习上节课的内容，平时分一般都给30，教得不错。
18082,1956,戴俊飞,2016-01-21 07:26:19,-2,0,2,不知道为什么总能被他点到起来回答问题，但是我还是挺喜欢飞哥的
20293,1956,戴俊飞,2016-01-27 03:08:45,-4,1,5,段子手，回答问题时气氛蜜汁恐怖，不过也非常有趣，上课会稍微复习一下，挺好的。
21209,1956,戴俊飞,2016-02-26 08:51:14,0,2,2,渣渣不懂大神的……
21861,1956,戴俊飞,2016-03-01 10:21:47,-11,0,11,有点恶心，不过的确幽默
21928,1956,戴俊飞,2016-03-02 00:07:16,2,5,3,红红火火恍恍惚惚
22088,1956,戴俊飞,2016-03-02 09:57:01,0,4,4,讲的很细致，知识点学的比较透彻，就是讲的比其他班慢很多……最后一次课才把新课上完，不过因为之前总在复习，差不多很快的过了一遍。老师还是蛮平易近人的。最后感谢师生情
22200,1956,戴俊飞,2016-03-03 02:12:50,-7,1,8,他的声音像极了时光
22216,1956,戴俊飞,2016-05-03 06:10:27,-1,5,6,超级段子手。总会莫名其妙的开始讲段子，还是挺有趣的。非常了解学生的心理，作业布置的也很随意，除了上课略慢以为还是很不错的。
22544,1956,戴俊飞,2016-10-26 01:52:57,-7,7,14,傻逼一个
23919,1956,戴俊飞,2016-04-21 03:57:32,-4,3,7,上他的课往往需要很强的自学能力，你们看着办吧
24116,1956,戴俊飞,2016-04-27 12:21:50,-1,2,3,好老师，上课时不时扯下学校的各种事情，课堂很轻松。
24227,1956,戴俊飞,2016-04-28 14:37:56,1,5,4,戴老师会讲很多书本之外的东西，比如那个梯度和方导数的理解我就觉得很好很好，我觉得真正的数学应该是这样的，不能仅仅局限在书本
24238,1956,戴俊飞,2016-04-28 16:18:46,6,12,6,段子手。作业和平时分无关。可迟到因为第一节课用来扯淡。
24239,1956,戴俊飞,2016-04-28 16:22:58,0,5,5,给分不好
24246,1956,戴俊飞,2016-04-29 00:05:11,0,5,5,基本翘了
24341,1956,戴俊飞,2016-04-29 14:46:10,0,6,6,说老师太扯淡不严谨的都是naive啊 呵呵
24768,1956,戴俊飞,2016-05-03 12:47:41,0,3,3,好老师，思想有深度。听笑话的人是听不出来的
25332,1956,戴俊飞,2016-10-26 01:52:30,-8,4,12,不错，总共给了10分吧\n\n\n\n\n\n\n\n\n\n第10次评分了\n\n老师真傻逼
25430,1956,戴俊飞,2016-05-19 02:00:21,-2,4,6,一上课就开喷，没啥深度。
25431,1956,戴俊飞,2016-05-19 02:15:24,0,3,3,#如果你这个问题（数不来）做不来，那就是智商问题了##反正找不到女朋友了不如学好微积分#
25496,1956,戴俊飞,2016-05-23 13:49:09,1,3,2,拯救我的微积分
25598,1956,戴俊飞,2016-05-27 03:26:00,1,2,1,非常好的老师
25697,1956,戴俊飞,2016-06-03 10:00:19,-2,1,3,个人不是很喜欢\n\n
26025,1956,戴俊飞,2016-06-15 06:27:51,1,2,1,目前我遇到的浙大最好的老师
26207,1956,戴俊飞,2016-06-16 08:51:31,1,2,1,挺好的呀，上课有趣不容易睡觉…为什么那么多人黑他…
26861,1956,戴俊飞,2016-06-21 11:05:46,-8,5,13,每节课都要嘲讽这个嘲讽那个…
26945,1956,戴俊飞,2016-06-22 00:46:51,56,64,8,王尼玛怎么把头套摘了？
27086,1956,戴俊飞,2016-06-23 01:00:44,-2,2,4,总说我们学业要完蛋！
27087,1956,戴俊飞,2016-06-23 01:00:44,-2,4,6,真不知道这样的人是怎么进的浙大
28877,1956,戴俊飞,2016-06-29 02:23:43,1,3,2,说老师不严谨的，老师真的严谨起来肯定又会说太严肃 你们啊 naive
29875,1956,戴俊飞,2016-06-30 12:34:10,0,3,3,戴老师，人很好，不但鼓励我们学习，而且课也通俗易懂，是个好老师。希望学弟学妹都能选戴老师的课，给分极好。
29888,1956,戴俊飞,2016-06-30 13:10:14,-1,0,1,给分好
29889,1956,戴俊飞,2016-12-28 12:29:34,-10,3,13,我也不知道他怎么样 毕竟一直在睡觉 虽然最后我满了
29901,1956,戴俊飞,2016-06-30 13:20:42,31,35,4,上课讲得很清晰，每节课前会回顾，就是略微有点慢；关于调侃玩笑什么的，调节气氛还是可以的，不过比较敏感的同学可能会觉得有点不舒服；不考的内容也会讲，总之我能感受到老师想上好课，真正教会微积分，也能感觉到他的一些失望不满，所以有时候有点地图炮；应该说个人还是比较喜欢的，不过不一定适合所有人
29925,1956,戴俊飞,2016-06-30 13:57:28,2,7,5,就这样我大学第一次挂科了
29933,1956,戴俊飞,2016-06-30 14:14:13,0,4,4,听完感觉像是没有上课一样，讲题没有重点，上课老是挖苦学生，给分也不好，不是对数学有热爱的人慎选。
29938,1956,戴俊飞,2016-06-30 14:22:04,0,0,0,好老师，讲得很明白，就是自己要自觉写作业\n\n
30199,1956,戴俊飞,2016-07-01 05:07:30,-1,3,4,听他上课讲段子我老感觉全世界都欠他点什么...
30226,1956,戴俊飞,2016-07-01 05:49:34,24,30,6,微积分什么的主要靠自学，老师上课很欢乐，上课的有些嘲讽我觉得可以接受啊，也很搞笑，有些人玻璃心不要怪老师。\n\n从一到三坚持选择戴俊飞
30992,1956,戴俊飞,2016-07-03 05:50:46,-5,3,8,说实话，讲得还行，但老是讽刺学生，到处传播负能量……
32697,1956,戴俊飞,2016-07-10 03:41:23,1,2,1,我觉得戴老师是真正想着怎样把知识教给我们而不是为了考试，反正我在他手上微积分是最高的一次
32759,1956,戴俊飞,2016-07-12 10:46:37,1,1,0,上课内容也就那样，每个人看法不一样，有些人适合有些人不适合。给分确实有师生情。
34090,1956,戴俊飞,2016-09-27 02:11:06,0,0,0,挺好玩的
34226,1956,戴俊飞,2016-09-29 01:17:37,-3,0,3,“学微积分有助于找女朋友”
39223,1956,戴俊飞,2016-12-21 15:51:45,-1,0,1,坠爱老师啦！
60571,1956,戴俊飞,2017-10-24 08:45:46,-1,0,1,极好的
60662,1956,戴俊飞,2017-10-26 06:49:23,-4,0,4,对待大学生像对待高中生一样\n\n垃圾老师
63475,1956,戴俊飞,2017-12-05 01:21:59,0,2,2,很搞笑，讲课很强?，附带有鸡汤
64313,1956,戴俊飞,2017-12-22 10:33:09,0,1,1,戴俊飞老师脑残粉
65407,1956,戴俊飞,2018-01-03 16:43:29,1,5,4,正在修，还没到期末，打分与成绩无关。很多人说他很幽默会讲段子，但我想说他的课讲得真不咋地，确实很不踏实，段子让人很不爽啊，虽然我不是他嘲讽的那类人，但也觉得这样真有点不尊重学生。
65470,1956,戴俊飞,2018-01-04 07:50:01,0,1,1,老师的速度刚刚好 感觉很踏实
66275,1956,戴俊飞,2018-01-14 13:12:16,-4,0,4,骚猪，但是讲的真的好
68620,1956,戴俊飞,2018-01-23 13:10:53,0,0,0,老师超棒的哇，还会讲大学生活的各种事情，糙喜欢的！
68725,1956,戴俊飞,2018-01-23 16:10:08,0,0,0,老师还不错
68816,1956,戴俊飞,2018-01-24 02:35:03,0,0,0,真的很好，给分也超棒。不过考试什么的还得靠自己。觉得老师上课很棒的，很有趣。
68918,1956,戴俊飞,2018-01-24 05:58:47,0,0,0,题目讲解比较少，但是书本内容讲解很仔细呀。而且老师本身也很有趣。\n\n
69214,1956,戴俊飞,2018-01-24 10:18:19,2,2,0,老师是个好老师，学生不是个好学生。挂科男有泪说
70323,1956,戴俊飞,2018-01-26 12:37:52,-1,0,1,上课节奏慢 课本有些部分会比较详细 其他部分会挪一部分时间讲段子（脱口就来）作业有一次超多 在期末还在补 一般比较正常 关心同学的高中到大学的衔接  用调侃的方式让我们自省 劝告我们好好学习不要堕落 emmm课堂不会那么枯燥 但有时候觉得太慢了 不紧凑
79895,1956,戴俊飞,2018-06-15 03:06:40,1,2,1,不如自学
80668,1956,戴俊飞,2018-06-29 03:49:57,2,4,2,。。。
80672,1956,戴俊飞,2018-07-06 10:02:23,2,4,2,是个好老师，只是我没有调整好学习的方法，不太适应
80677,1956,戴俊飞,2018-06-29 04:35:58,1,3,2,非常喜欢这个老师!
81296,1956,戴俊飞,2018-07-04 15:01:59,2,3,1,戴老师人特别好，讲课很清楚，段子也很有趣，出分速度特别快
81297,1956,戴俊飞,2018-07-04 15:04:01,15,17,2,老师是个好老师，可我不是个好学生…两次都没及格全靠老师师生情拉上来了，谢谢老师
81299,1956,戴俊飞,2018-07-04 15:09:49,2,3,1,考的烂怪自己平时练的不够多，老师讲的是很好的，评分公正！
81371,1956,戴俊飞,2018-07-05 02:29:09,4,6,2,老师很有想法，但有时过于理想，跟高中老师的教学方法差距很大。老师喜欢启发式教学，也很用心但听课总感觉他讲的没啥效率。
81776,1956,戴俊飞,2018-07-06 07:12:33,17,17,0,我个人是很喜欢戴老师的课的，可能因为我数学底子不好，戴老师讲的比较仔细，注重基础，对我学习很有帮助。虽然有同学吐槽他喜欢“讽刺挖苦”，但是我觉得不是，只是说话比较直接而已，而且我的专业也是他上课重点揶揄对象哈哈哈。（其实是因为有我们专业的同学没来上课被他发现了，而且专业名字比较特别，他就一直记着了）最后考完试戴老师发在群里的一段话，真的让我很有感触，戴老师其实还是非常为学生着想的，不然也不必总在课上费口舌劝我们好好读书。（但我自己也还是学得不认真，诶。）
81965,1956,戴俊飞,2018-07-06 16:00:11,2,2,0,其实老师挺好的。说实在话，平时讲课板书不多，但是思路很清晰，认真跟老师的思路走肯定能懂的。确实如果玻璃心可能会吐槽，但是仔细想想都很有道理，不只是教学习，更是教怎么做个读书人。
82500,1956,戴俊飞,2018-07-08 11:03:24,0,1,1,我觉得老师很棒!会把每个知识点讲的很透彻～上了老师的课之后一学期没硬背公式啦～
82954,1956,戴俊飞,2018-07-09 10:57:17,2,3,1,很好，思路清晰，课堂有趣生动，习题分析到位。
87722,1956,戴俊飞,2018-10-11 01:17:10,3,4,1,难得的一个让我听得懂微积分的老师！喜欢他的课
89182,1956,戴俊飞,2018-11-16 11:23:52,-1,1,2,老师很注重知识体系和理解，但对于那些定义定理太过于纠结
92166,1956,戴俊飞,2018-12-27 01:32:38,20,23,3,这么说吧，上完微1还想上他的微2，讲课注重逻辑证明，认真听干货满满。
92194,1956,戴俊飞,2018-12-27 03:45:17,2,3,1,你要知道为什么学微积分
92451,1956,戴俊飞,2019-01-20 00:03:30,-9,9,18,老师给分还是很良心的，平时分几乎都给满了感觉，但是讲课比较慢
92647,1956,戴俊飞,2019-01-03 08:53:30,1,2,1,非常有意思的课
93186,1956,戴俊飞,2019-01-08 05:02:06,12,13,1,听他的课就像听高中老师讲课一样，没有疏离感，超级棒！
93187,1956,戴俊飞,2019-01-08 05:07:07,16,17,1,人生导师，幽默风趣，助教姐姐很好经常答疑\n\n
93188,1956,戴俊飞,2019-01-08 05:08:03,8,9,1,如果你能用心学习，真的会感觉戴老师很好的，助教姐姐也很好的。老师嘲讽真的是为了我们的学习，不努力学习自然不想听了。有时候多想想自己的问题，而不是老师的问题。
93564,1956,戴俊飞,2019-01-10 11:48:09,9,11,2,戴老师是个好老师，课上得很好。所谓的讽刺，听听就行，其实很多人或多或少都有他说的问题吧。戴老师是希望我们不仅仅是为了考试去学习数学。我是很敬重他的，可惜下学期时间冲了选不了他的微积分。
94030,1956,戴俊飞,2019-01-15 03:07:22,1,2,1,轻松，但进度慢
94052,1956,戴俊飞,2019-01-15 05:02:46,136,145,9,个人感觉，戴老师是我上大学到现在遇到的最好的老师，很有个性。开学看查老师上评论嘲讽学生，慌的一匹，后来才发现根本就是放屁，那也能叫嘲讽?只是偶尔调侃一下，有点恨铁不成钢的感觉，能感受到戴老师是真的想把微积分课讲好，教我们真正有用的知识，而不仅仅是为了应付考试，而且有个细节，戴老师有个习惯，每次上完课都会自己把黑板擦干净才会离开。总之，确认过眼神，是个优秀的微积分老师！
94206,1956,戴俊飞,2019-01-15 15:50:20,19,21,2,戴俊飞 带我飞
94818,1956,戴俊飞,2019-01-18 08:53:00,38,40,2,“插一句，我已经在启真湖底冻成狗了，你们人呢？”
95512,1956,戴俊飞,2019-01-19 13:34:01,36,40,4,人真的好，大家别被骗了，真的不叫嘲讽，就是开开玩笑，我不知道为什么会有同学认为那是嘲讽，上课一本正经多没意思啊，是不.给分也好，助教小姐姐贼棒
95513,1956,戴俊飞,2019-01-19 13:34:55,6,8,2,好老师！\n\n上课很认真，课堂上也气氛蛮愉快的！\n\n虽然有时候戴老师会嘲讽噗哈哈哈哈哈！\n\n预置微乙结果作死来学了微甲.但是绩点还不错啊！挺意外的.平常一直感觉自己啥都不会结果还有这绩点！\n\n吹爆戴老师和助教姐姐！
95516,1956,戴俊飞,2019-01-19 13:49:33,5,6,1,老师真的很好啊！一点也不觉得是嘲讽，老师是希望我们好好读书，下学期时间冲突了选不上戴老师的课了很难过，给分很快也很好！吹爆！
95551,1956,戴俊飞,2019-01-19 14:49:25,3,5,2,幽默风趣，很适合我，给分也好
95647,1956,戴俊飞,2019-01-19 22:45:57,7,9,2,超级棒的老师！思路非常清晰，而且给我一些人生启迪，受益匪浅。真想下学期还上戴老师的微甲，可是和一些课冲突了…真心喜欢这个老师
95649,1956,戴俊飞,2019-01-19 22:52:55,8,12,4,必须好评\n\n讲得非常清晰\n\n每节课画在黑板上的知识体系太棒了\n\n期末对着看一遍效果神好\n\n助教也很给力\n\n期末都给调分了\n\n总之各种好\n\n10分好评
95669,1956,戴俊飞,2019-01-20 00:28:18,8,10,2,不要被原来的评论骗了，老师绝对是好老师
95710,1956,戴俊飞,2019-01-20 02:25:50,5,6,1,听戴老师的课，一定要做好课前预习。老师上课速度稍快，但是补充的有用的知识点还是蛮多的，这就是课前预习显得比较重要了。总之，其实只要上课认真听，课后认真完成习题，绩点不会差的。对了，助教姐姐也是很棒的！
95925,1956,戴俊飞,2019-01-20 08:28:20,4,4,0,老师挺好的，讲的也以懂，好好学，绩点不会低的
96171,1956,戴俊飞,2019-01-20 14:01:44,1,3,2,老师会讲一些人生道理，然后讲讲段子，一个函数微一下然后再积一下就没了，所以微积分学到最后啥也没学，呃助教也超赞，然后期末最后给分超好
96596,1956,戴俊飞,2019-01-21 07:15:21,-12,7,19,上课一般般，讲得也不够清晰透彻，微甲全靠自学，给分真的差，不是大佬不要选。别的老师期中考平均分80，他都不及格了，期中考不是统一阅卷的，想一想就知道是为什么了。不过助教姐姐还是很棒的啦。
97328,1956,戴俊飞,2019-01-22 08:10:36,5,6,1,太好了！！！听戴老师的课真的很有意思！！！出分快给分好，助教小姐姐也好。
97654,1956,戴俊飞,2019-01-22 12:44:32,2,3,1,老师贼好，上课贼有意思
98068,1956,戴俊飞,2019-01-23 04:44:41,-23,2,25,期中考全都写出来了，但是成绩只有80，期末考统一阅卷90+才拯救了我的绩点，期末平时分会调，也请老师不要把学生都想象成不努力读书的样子。
103621,1956,戴俊飞,2019-03-02 12:57:28,-28,6,34,来评论一下…...我真的不明白为什么说这个老师好。。。上课扯淡特别多，重点知识讲的一点也不透彻，说得好听是点到为止，说得难听就是浮皮潦草。而且给分真的差到爆好吗，作为文科生真的学得很艰辛，期中起码写出了一大半的题，居然没有及格，期末（统一阅卷）比期中难多了结果我还高了不少。。。而且哪里调分了呢？？平时我真的很认真，笔记做的很全，课后习题也经常在做，最后才2点几？？这才第一学期，微积分一出我的均?掉了快1.0！！！崩溃，劝大家别选。唯一的亮点就是助教小姐姐很好吧。
103992,1956,戴俊飞,2019-03-08 12:40:22,3,5,2,我和上面的同学就不一样了，我觉得跟着老师学的很轻松（但确实有的时候知识点讲不细），平时是要多做题，可真正领悟数学的内涵才对，数学又不是做多少题目做多少笔记就百分百出分高的，我就经常抱数院dl的腿，也有看过他们的数学分析，有的时候真的觉得自己思维都没有他们缜密，学数学还是be humble才对，出分4.2
103996,1956,戴俊飞,2019-03-08 17:40:00,4,5,1,楼下那位同学跟我经历很相似啊，我也是个菜鸡文科生期中考不及格，还是离及格差很多的那种，谁还记得开学戴老师讲辅导员谈心梗的那段，妈呀我当时狂笑的时候可没想到这是我的剧本55555\n\n关于讲课，确实比较多的题外话，不过基本都是督促学习的那种，我一个班级垫底的菜鸡也没感觉很讽刺，恰恰相反，感觉挺一针见血的，至少对我而言有很多警醒和鼓励吧，每个人感觉不一样。还有知识点，前半学期专注睡觉并没有听讲，后半学期听了感觉是这样的：我觉得简单的地方讲的很慢，难的又一笔带过让我们课后自己整理，比较偏向融会贯通，让我们理解教材和框架的感觉，不提倡刷题？\n\n关于调分：小测分调到满了不是调？还要怎样呢，白白加10分20分？加权？确实比其它班期中15％的方式这种调分对我没有太大作用（如果期中15我的绩点可以高一档，小测我分还行），但是给调了至少感恩一下吧。\n\n总之，微积分这种科目，别怪老师给的少，每一分都是自己赚来的，低只能说明emmm大家都明白，我期末考前一周女娲补天也有个平均3.多的绩点已经知足了，要不是调分我平时分还真没卷面高，很感谢老师和助教啦。
104509,1956,戴俊飞,2019-03-22 03:07:24,0,1,1,老师讲课很有趣\n\n
104623,1956,戴俊飞,2019-03-25 08:32:27,0,1,1,非一般的体验！！！！！！超级好的老师啊啊啊啊啊啊啊啊巨喜欢嘤嘤嘤嘤嘤
104994,1956,戴俊飞,2019-07-06 00:46:49,7,8,1,骚话王戴老师，不需要解释了吧
105105,1956,戴俊飞,2019-04-03 23:32:22,1,2,1,666
107580,1956,戴俊飞,2019-06-29 02:51:07,-38,5,43,上面的评论都是买的吧 你们拿了他多少钱?\n\n嘲讽学生辣鸡 看不起女生 点名提问 不好好讲课\n\n一副愤懑的油腻样子\n\n听课巨他妈憋屈
108508,1956,戴俊飞,2019-05-27 07:56:02,4,4,0,骚话王，会幽默地提醒你改掉不好的学习习惯
109281,1956,戴俊飞,2019-06-12 23:57:11,0,0,0,真的好
110942,1956,戴俊飞,2019-06-28 15:43:46,1,1,0,老师超级超级好！虽然最后考的不好，但是那是自己的原因。能学到很多，不仅仅只是知识，很开心能选到两个学期的戴老师的课。
111032,1956,戴俊飞,2019-06-29 08:44:32,2,3,1,戴老师真好，助教小姐姐真好，听他的课我都不好意思水手机，戴老师有种恨铁不成钢的感觉，我觉得讲课思路也很清楚啊，平时分也都给满了，我狂吹！
111165,1956,戴俊飞,2019-06-30 07:26:36,0,1,1,(╥﹏╥)
112695,1956,戴俊飞,2019-07-05 00:51:43,3,3,0,戴老师最大的特点是——这节课正式讲课前总不忘带学生复习上节课见过的内容，带大家梳理知识结构，关键是随机找同学回答问题，问题都是关于上节课及之前学过的内容。同学回答的出来他很高兴，回答不上也没关系，不算平时成绩，只要你来了就好，老师目的是提醒同学跟上课堂节奏，学习主动一些。最后奉上老师的一句话:如果你真想好好学习，把智能手机砸了(有点夸张，意思是劝同学理性使用手机)
112963,1956,戴俊飞,2019-07-05 15:53:26,2,2,0,大一上上完没评分 大一下上完其它老师的才意识到戴老师是真的好
113619,1956,戴俊飞,2019-07-07 01:19:50,4,4,0,题目讲的少，注重基本概念和方法的理解，但对于有些人可能不适合。\n\n但助教小姐姐是真的好！
116616,1956,戴俊飞,2019-09-12 04:41:46,2,3,1,逻辑清晰，风趣有意思，难的内容都给我讲懂
117453,1956,戴俊飞,2019-09-24 13:18:01,5,5,0,老师超幽默，把数学讲得很生动，很喜欢戴老师！
117572,1956,戴俊飞,2019-09-26 05:58:09,4,4,0,真的有意思
118723,1956,戴俊飞,2019-10-31 07:28:00,4,5,1,我超喜欢的，戴老师真的好，讲的好，人也好，总是笑着的，亲切还有趣，老师长得也可爱，放心选，真的好
118853,1956,戴俊飞,2019-11-07 04:29:02,3,4,1,我觉得老师超棒啊！！吹爆！下次我还要选！！
118901,1956,戴俊飞,2019-11-07 12:46:56,1,1,0,有层次，有节奏
118903,1956,戴俊飞,2019-11-07 12:56:04,1,1,0,答疑超有耐心，也很有趣！
119174,1956,戴俊飞,2019-11-11 04:00:35,4,4,0,老师真的很好，上课敲幽默，至于说嘲讽学生，你是心灵多脆弱?偶尔跟你开个玩笑，点你起来回答一些很基本的问题，没答上，就调侃几句，那就叫嘲讽?然后作业是真心不多好不好，偶尔多一点也是确实需要练习，求导题不做你指望能考试时公式都记得?总体来看大多数情况每次留的作业半小时以内都能完成，真的是很好的老师了!
119307,1956,戴俊飞,2019-11-12 04:10:46,-8,2,10,上课嘲讽我\n\n
120278,1956,戴俊飞,2019-11-27 10:11:42,2,2,0,很棒棒
120302,1956,戴俊飞,2019-11-28 00:52:56,11,12,1,啊哈哈哈哈哈上课仿佛听相声，顽梗高手（反正比我会），时常（毒）鸡汤，最后以颜天明证明我们的存在嘿嘿嘿，希望继续选上老师的课～
120984,1956,戴俊飞,2020-01-19 07:33:38,3,3,0,太强了
121439,1956,戴俊飞,2019-12-16 06:24:36,2,2,0,飞哥…在这么多老师里，是真正有老师的样子的一个。大一应该去听飞哥的课。会告诉你应该如何学习，用什么样的心态学习。\n\n但忠告一句，真心喜欢数学的就来选。想拼命抬高绩点的就去听别人的吧。飞哥很少讲多余的题。
121820,1956,戴俊飞,2020-01-22 06:21:38,4,4,0,超级会说骚话哈哈哈，看着飞哥就想笑，玩梗高手。讲课进度比较慢，每次课上都会复习前面，作业也不多，可以有时间自己补弱。比较适合菜鸡，节奏快做题多的大佬去别处吧。。还有，给分超好，只要期末卷面差不多，老师平时分都给满了。（会有小测，两次取最高成绩。作业的话，虽然期中考试以后就没怎么交过作业但平时分还是满了，和期末有关系）反正老师会尽力捞的。什么都不学期末考50分不到，老师也没办法是不是，微积分还是要自己多用功。总之很好的老师了，良心
122534,1956,戴俊飞,2020-03-03 10:22:08,3,3,0,人生导师，捞分能手
122555,1956,戴俊飞,2020-03-04 02:50:11,3,3,0,讲的很仔细很幽默！绩点不高纯属我自己没学😂
123633,1956,戴俊飞,2020-06-11 01:46:06,2,2,0,条理清晰，逻辑性强。
125148,1956,戴俊飞,2020-09-02 08:30:00,8,9,1,想知道什么是真正的海底捞吗？选他！！
125221,1956,戴俊飞,2020-09-04 01:40:38,2,3,1,戴俊飞，带君飞～
126128,1956,戴俊飞,2020-09-18 02:29:30,2,3,1,戴老师有两个孩子了
127329,1956,戴俊飞,2020-11-20 07:07:29,2,2,0,上课讲解的很清楚，说话也比较有趣，感觉戴老师认识得比较通透明白，他没有建议买什么额外的资料，建议把书弄通透，把定义、背后的原理弄透，让我们不要太在乎成绩，只是一次体验而已~反正很喜欢老师
128217,1956,戴俊飞,2020-12-14 02:06:35,-22,4,26,把一堆自以为是的道理大讲特讲，一点教授的风范都没有\n\n有这个时间你不如多讲点微积分，讲深入一点，讲清楚一点，成天到晚扯那一套早已不适合现代大学的道理干什么？
128770,1956,戴俊飞,2020-12-25 08:25:27,5,5,0,非常萌的老师，上课节奏很稳，妥妥地跟着超级舒服……实在忍不住想夸夸他，也不怕他小骄傲了。戴老师有三好：一是脾气好就像你高中邻座的男学霸，幽默调侃让你舍不得睡着；二是节奏好讲微积分理论设的小台阶跳一跳就能轻易跟上，认真听课成绩不会少；三是理念好，注重学习本身，但是虽然嘴上说着对考试不屑一顾的亚子但是会很认真分析卷子和答疑，知道学生们都很爱绩点（就是很典型的努力让你不关注成绩但是自己却很关心你的成绩）不要错过他，他是个好老师
130459,1956,戴俊飞,2021-01-22 14:07:51,8,9,1,感谢老师让我迈过了数学这道坎，数学没有以前那么讨厌了，浙江高考数学没考到120的孩子微积分乙上了3.9，谢谢老师！
130487,1956,戴俊飞,2021-01-23 02:53:49,3,3,0,特别实在，坦诚，真实，幽默的好老师！给分也很好！我爱戴老师
130983,1956,戴俊飞,2021-01-25 12:58:21,2,4,2,肯定能让你听明白，但是恕我直言这个班学生能力真的奇差无比，但老师捞人也很可以，平时分按ABCD给，D基本也有90分，所以某些小测只考了20分的同学真是舒服至极
133109,1956,戴俊飞,2021-02-08 13:30:06,2,2,0,大二了再来打一个10分.
133995,1956,戴俊飞,2021-03-11 14:29:01,0,0,0,值得一听
135003,1956,戴俊飞,2021-04-26 11:33:45,2,2,0,好可爱的老师，上课讲的很清楚还有点小幽默，就是会在一些很基础的问题上停留很久（因为没有人回答他(ಥ_ಥ)），令人捉急。
135786,1956,戴俊飞,2021-05-26 00:31:51,-23,2,25,讲课稀烂，还拖沓，重点是搞点名搞得很严格，老子不想听你瞎扯不行吗。
135789,1956,戴俊飞,2021-05-26 00:44:18,2,2,0,代课  听了三节课后不想听他的课了 结果点名了
136343,1956,戴俊飞,2021-06-16 14:38:27,0,1,1,啥也别说，上课有趣，幽默之中述说道理，理智一点都知道是为我们好。有自己的特色，很不错的微积分老师。
136789,1956,戴俊飞,2021-06-24 13:00:09,2,3,1,学弟们，可能你上课感受不出来戴老师怎么地，但相信我，他期末能把你捞上4的时候你会恨不得叫声爸爸的
136807,1956,戴俊飞,2021-06-25 03:11:31,5,5,0,是把微积分讲的最浅显易懂的老师，非常后悔之前没有选他。
136878,1956,戴俊飞,2021-06-27 08:21:14,2,2,0,讲得非常缓慢以及清楚，不错子。
137288,1956,戴俊飞,2021-07-03 02:26:36,3,3,0,好老师，非常羞愧自己其实没有好好听课，在此留言，希望学弟学妹们珍惜这样的好老师
137290,1956,戴俊飞,2021-07-03 02:28:21,12,12,0,微积分重修选手，在戴老师的拯救下从0变到3点几，我觉得我是很有发言权的，戴老师不论是在教书上还是在育人上都是极好的老师，课程内容教学上真的是讲的很通透，好好听都能顺着他的思路听懂，他会在课堂上“抱怨”恨铁不成钢，但其实这是一种反向激励，他更多的是给与我们帮助，建立信心，看到自己成绩的时候，瞬间回想起老师的点点滴滴，老师的循循善诱，突然间微积分这只大怪兽就好像被驯化成了小猫咪，没那么可怕了，真的很感谢戴老师TT
137294,1956,戴俊飞,2021-07-03 02:49:18,8,8,0,时至今日坚持不用ppt，坚持板书的老师不多了吧。戴俊飞老师四个字可以写满一片黑板足见为人之大气👍 \n\n戴老师的数学课，成语辈出，文采斐然，不禁让人怀疑走进了语文课堂（哦，djf这完美的语文素养）。\n\n上课节奏确实偏慢，但是能够把一个知识点讲的很透彻。戴老师似乎很反对应试教育下的刷题行为，一再向我们强调思考的重要性。甚至期末复习也不鼓励我们刷题，而希望我们思考透彻，搞懂数学思想就好。评价内卷更是通俗易懂，鞭辟入里。\n\n很后悔平时没有每时每刻好好听戴老师的课，但老师期末考真的海底捞，“带君飞”！\n\n上课的时候老师提问同学不知，甚至上到书上第几页也不知道，让老师心凉还是感到挺遗憾的。希望大家都能认真上微积分课吧！
137295,1956,戴俊飞,2021-07-03 02:56:48,2,2,0,老师好能捞！！！怪我不争气
137597,1956,戴俊飞,2021-07-05 08:39:12,1,1,0,老师很好，很有想法，更注重知识的传播而不是分数。期末考大家考的都不好，老师很伤心，但是还是把大家都往上捞捞捞！老师的板书很棒，讲课也是比较慢的
140052,1956,戴俊飞,2021-08-24 07:15:57,4,4,0,老师人很好
145960,1956,戴俊飞,2022-01-04 15:54:51,1,1,0,一个带我飞的数学老师，人很好，从课本知识到文化素养，用课堂告诉我们作为浙大的人荣誉感和责任感。课堂文采飞扬，幽默风趣。一个充满文学素养的数学家谁不爱？
146284,1956,戴俊飞,2022-01-06 06:45:12,3,3,0,偶尔点名，老师超级能捞！！感谢老师捞我！！4.5了！强推戴俊飞老师，上课之前都会花十几二十分钟巩固一下学过的知识，上课幽默风趣！
146294,1956,戴俊飞,2022-01-06 07:08:37,3,3,0,微积分乙4.2，下学期也选了老师的课，很喜欢的一个老师！
146299,1956,戴俊飞,2022-01-06 07:15:04,2,2,0,好!!!海底捞!!!～～
146301,1956,戴俊飞,2022-01-06 07:23:27,1,1,0,上课讲得很清楚，非常nice！
146323,1956,戴俊飞,2022-01-06 08:20:33,0,2,2,特别好的老师！很会捞！给分很棒！
146346,1956,戴俊飞,2022-01-06 09:34:16,1,1,0,好能捞！！！捞的好努力！！！love！！！
146575,1956,戴俊飞,2022-01-07 03:25:06,3,3,0,很好的老师，反正我很喜欢。老师很注重思维，虽然进度比较慢但很适合人文社科的学生。批卷很快，给分也真不错。
146730,1956,戴俊飞,2022-01-07 09:36:28,0,0,0,上课有趣幽默，讲的也很详细，作业也有时比较少，不拖堂。很好的一个老师
146824,1956,戴俊飞,2022-01-07 13:57:10,-22,2,24,给分非常非常非常差，离谱
146908,1956,戴俊飞,2022-01-08 03:54:20,1,1,0,很好的老师
147092,1956,戴俊飞,2022-01-08 15:39:18,4,5,1,戴老师真的超好，虽然上课是严厉了点，但终究是为了我们学好。\n\n他最后期末给分超级好哦
151625,1956,戴俊飞,2022-03-10 02:24:21,2,2,0,绝对满分，很通透的老师，受益良多
154003,1956,戴俊飞,2022-05-19 00:02:46,3,4,1,老师讲的其实很好，讲究理解原理，上课也是妥妥的段子手，很有趣。期末考试还没考，先给老师打个10分
154826,1956,戴俊飞,2022-06-06 02:57:24,1,1,0,来代课
154924,1956,戴俊飞,2022-06-07 02:18:25,-47,0,47,总是喜欢从最差的方面想学生，自以为很幽默，要yue了
155237,1956,戴俊飞,2022-06-09 15:21:18,9,10,1,虽然选的不是戴老师的课，\n\n是卢老师出卷去戴老师代课，\n\n也算是他的学生了。\n\n课讲得很透彻，\n\n坚持只用板书的老师也很难得，\n\n人很不错，教学风格也好，\n\n不知道上一条“只会往最差的方面想学生”是什么意思，\n\n诽谤可不是浙大学子应该做得出来的事，\n\n请你给出证据。
155655,1956,戴俊飞,2022-06-15 04:23:46,2,2,0,带君飞～～
156183,1956,戴俊飞,2022-06-22 15:42:27,-1,10,11,意料之外的🈵️了 感觉微乙主要平时作业自己做了刷刷历年题就可以获得还不错的成绩 也离不开老师平时分给的很好😭😭😭😭谢谢戴老师
157213,1956,戴俊飞,2022-06-22 10:13:38,1,1,0,我爱老师！！
157256,1956,戴俊飞,2022-06-22 15:17:52,1,1,0,爱爱爱！！！
161619,1956,戴俊飞,2022-11-09 12:52:26,5,6,1,我给老师打了十分，为人十分风趣。但教学，怎么说呢，感觉不太适合我，我可能会更喜欢矿爷的教学方式。\n\n预置课被排到他的同学蛮幸运的，他会捞人，助教也很有耐心很nice。\n\n如果听不懂建议和我一样大家去听矿爷的网课。
162792,1956,戴俊飞,2022-12-06 05:24:38,1,1,0,太强了
163579,1956,戴俊飞,2022-12-15 11:16:01,7,7,0,他超有趣 而且会督促学生学习 网课期间“你没听课的话选A或B 听了的话把你的答案打出来”的选择题和“认真听课的不用签到 没听的签一下”真的很好玩！
163600,1956,戴俊飞,2022-12-15 13:32:35,3,3,0,戴老上课逻辑非常清晰，可以很轻松get到他的知识体系，让我这个这么讨厌数学的人都体会到了数学背后逻辑思维的魅力。
165331,1956,戴俊飞,2023-01-01 09:40:35,28,28,0,之前说新校长是djf 差点以为是你了（doge
168651,1956,戴俊飞,2023-02-20 14:29:02,1,2,1,www，伟大的戴老板
171329,1956,戴俊飞,2023-03-22 00:29:05,1,1,0,人有趣，讲话又好听
175364,1956,戴俊飞,2023-06-24 08:31:24,1,1,0,老师我爱您、、、
175411,1956,戴俊飞,2023-06-24 16:22:21,2,2,0,出分好快好捞
175489,1956,戴俊飞,2023-06-25 07:40:24,0,1,1,幽默风趣，条理清晰，适合基础较差的同学
175705,1956,戴俊飞,2023-06-26 08:56:54,3,3,0,真的，太感谢戴老师啦，平时从不点名，只有小测会点两次次（小测肯定得来教室），平时分给的很好，基本上是海底捞啦。我数学菜菜微积分1/2都及格啦哈哈哈
175908,1956,戴俊飞,2023-06-27 05:55:48,7,7,0,老师太有意思了！！讲课的时候幽默风趣，并且也不用PPT，全靠板书梳理，微积分知识脉络也很清晰，给分也巨捞！！很幸运两个学期都预置到了老师的微乙呀 (ૢ˃ꌂ˂⁎)
181851,1956,戴俊飞,2023-11-02 08:47:59,1,1,0,哇，爆率真的很高
184466,1956,戴俊飞,2023-12-20 07:40:16,2,2,0,超喜欢！！！！手写粉笔板书真的哭死！！！！！
186599,1956,戴俊飞,2024-01-12 04:17:53,4,4,0,老师教得很好，也很负责，大赞！
186603,1956,戴俊飞,2024-01-12 04:51:37,11,12,1,说真的，预制到了djf的课就偷着乐吧wwwww真的特别喜欢老师，老师上课挺幽默的，会有一些梗，喜欢开玩笑。我是真心没想到有人会觉得被冒犯到了，大多数就是说我们学习不如高三认真，但是这也很正常吧，反正我本来就是大一比高中摸鱼摸多了。老师这么说我我还觉得说轻了呢。。挺喜欢他开这样的有点阴阳的玩笑啊很可爱上课也有趣。而且绩点给的那么高。比那些笑面虎关心，最后绩杀的老师简直不要好太多好吗～助教也很好，作业时间过了可以补交，人特别温柔，平时分给的很好～不点名，上课进度适中，讲的很有条理也很透彻，重点挺明了哒。我一学期正常上课写作业，也没有额外去卷，最后喜提4.5～谢谢老师！！！！！！！
186604,1956,戴俊飞,2024-01-12 04:54:37,0,0,0,好好好
186608,1956,戴俊飞,2024-01-12 05:13:16,6,6,0,飞哥我爱你（大哭）讲课非常清晰，好好听不用课后投奔矿爷，每节课还有回顾他真我哭。非常幽默，喜欢说启动还要一脸纯良的问大家为什么笑hhhhhhhhh而且真的很为大一xpy的未来着想，现在还记得老师在课上说的希望你们能找到自己喜欢做的事情，虽然不一定是微积分（笑。总之冲就完了！！下学期还是飞哥的vjf，希望也能拿个好绩点学点有用的东西！！
186709,1956,戴俊飞,2024-01-12 14:44:08,16,16,0,我是戴俊飞的狗
186736,1956,戴俊飞,2024-01-13 01:18:49,3,4,1,老师真的超级好的，说话方式也很幽默。上课也很充实，真的能学到很多东西。最重要的捞人啊，一个学期没好好珍惜都没怎么听过课，就是期末补天的时候认真听了几节智云，考试的时候感觉稀里糊涂，最后都不想挣扎了，但老师给我的绩点让我感觉明显捞了一大截。谢谢老师
186919,1956,戴俊飞,2024-01-13 14:00:23,1,1,0,戴老师真的很好！！！讲课也很好！
194264,1956,戴俊飞,2024-06-23 02:59:33,1,3,2,给分超好的老师，全班三分之二90分以上
196969,1956,戴俊飞,2024-07-06 06:50:12,1,1,0,好老师！
198730,1956,戴俊飞,2024-09-11 06:58:44,0,1,1,大爱djf
199790,1956,戴俊飞,2024-09-30 02:39:08,0,0,0,很好的老师 使我的微积分得救
201355,1956,戴俊飞,2024-11-01 04:59:01,2,2,0,戴老师的课真的无可挑剔
202602,1956,戴俊飞,2024-11-13 10:11:09,7,7,0,老师卖的螃蟹很好吃！大家都去买，老师很有信誉！
205431,1956,戴俊飞,2024-12-06 06:35:29,10,10,0,看了一圈预置课表都没有找到djf，结果查询开课情况发现明年春夏教微甲Ⅱ而不是微乙😭😭😭😭😭😭想念djf
208913,1956,戴俊飞,2025-01-03 10:47:13,3,4,1,上了几次课感觉真的很nice 希望老师期末能海底捞捞❤️❤️
209339,1956,戴俊飞,2025-01-09 03:48:32,8,9,1,省流：\n\n给分好，上课细致且幽默，课后作业也很少，都来选！！！\n\n细说：\n\n戴老师太棒辣～～～男神！！！\n\n玩梗高手，上课幽默风趣，课后作业少。\n\n那些说嘲讽学生的评论是认真的吗，还是你太习惯于以小人之心度君子之腹了呢？他开个玩笑鼓励我们，你觉得是嘲讽你，要是遇上一个一板一眼讲课的老师，你又说上课枯燥乏味想睡觉，那你还是别学微积分了罢～\n\n------分隔符------\n\n喜提大一第一门满绩！！！我期末大题错了两个小题，总评仍然有96，应该是男神把我平时分给满了罢～
209428,1956,戴俊飞,2025-01-06 02:42:25,5,5,0,djf老师我们喜欢你😘😘😘，谢谢你捞我，虽然两次小测和期中考考得不怎么样，但是期末绩点还是水灵灵地上4了，呜呜呜
209429,1956,戴俊飞,2025-01-06 02:44:38,5,5,0,戴俊飞简直是我爹！！！给分究极无敌巨好！！！
209430,1956,戴俊飞,2025-01-06 02:46:35,5,5,0,从来没有见过这么完美的老师啊啊啊啊啊啊！！！期末考试考的一塌糊涂最后还有4.8！！！不需任何人忤逆飞飞男神！！！完美男神！！！把可怜的我从马里亚纳海沟捞起来啦！！！
209437,1956,戴俊飞,2025-01-06 02:59:40,4,4,0,好！！大学有幸在第一学期遇到戴老师教微积分，真的上课很清晰很符合我的感觉。（给个tip老师一般只在小测那天点名）唉可惜微2不是戴老师教了实属可惜。。
209441,1956,戴俊飞,2025-01-06 03:10:46,3,3,0,好老师是我微积分有救
209446,1956,戴俊飞,2025-01-06 03:19:48,3,3,0,上课只有小测之前点名\n\n幽默风趣 课前会带着回顾上节课的知识\n\n感觉应该有被捞哈哈 自我感觉数学不是特别好 期末绩点挺满意的\n\n可以放心选\n\n可惜春夏学期老师不教微乙二了 不然一定选老师
209451,1956,戴俊飞,2025-01-06 03:35:03,8,8,0,绩点4.8前来还愿！\n\n上课是风趣的，作业是不多的，给分是超好的，点名是很少的，水平是很高的，讲题是很耐心的，对学术是严谨热爱的，十分感谢！
209458,1956,戴俊飞,2025-01-06 04:09:33,4,4,0,戴老师的微乙真的上得很好，平时讲课也很幽默，看同学无聊也会讲讲笑话，给分也特别特别好！
209464,1956,戴俊飞,2025-01-06 04:36:52,3,3,0,真的是很好很好的老师，讲的很清楚很仔细，数学基础很一般的也能听得很明白，期中期末给分都很好，小测还会捞。
209477,1956,戴俊飞,2025-01-06 05:05:51,6,6,0,飞😭😭🎶⚡️我们还能不能能不能再见面我在佛前苦苦求了几千年⚡️🎶除非有小测否则从来不点名，从来不，早八教室里就十几二十个人他问我们是不是很想点名呀我们说想想想，他摇摇头说算了。上课很努力地想活跃气氛看得人都有点心疼了，选上他的课的人一定要对他好点多去教室里坐坐多接一接他的冷笑话😭我不允许任何人薄待你⚡️👊🏻飞😭就这样美美地被捞……
209556,1956,戴俊飞,2025-01-06 08:48:21,2,2,0,挺适合新生的
209563,1956,戴俊飞,2025-01-06 08:53:46,2,2,0,老师和助教都很好，可惜我太菜了😭\n\n都来听戴老师淡淡的吐槽哈哈哈
209746,1956,戴俊飞,2025-01-07 02:56:42,6,6,0,老师上课框架很清晰，方法总结只要认真听都会觉得受益匪浅。别人都在b站上找老师狂吐槽的时候，我智云全勤作业微做不额外做题能拿下4.5，海面捞且讲的清楚且不点名，还有什么理由不十分啊啊啊啊啊，预置到他你就偷着乐吧
209785,1956,戴俊飞,2025-01-07 06:04:59,5,5,0,无敌！无脑冲飞哥
209795,1956,戴俊飞,2025-01-07 06:18:46,4,4,0,超棒！我感觉我是挺摆烂的了，周三下午的课会去但是一般是玩手机，周五早八期中考后基本没咋去过了，作业基本也是照着答案写的，第一次小测才30分，期中补天了一下90+，后面又一直不学了，第二次小测也才70+，期末再次女娲补天，不过也就在图书馆泡了一天，最后考试基本也都写出来了，收获4.5\n\n老师认真的很好，上课讲的很清楚，也很幽默，而且真的没点过名，除了小测，想水的想认真学的都很适配啊，强推\n\n可惜下学期不能是老师教了（心碎了
210110,1956,戴俊飞,2025-01-08 07:24:17,4,4,0,大爱戴老师，上课认真负责，感谢戴老师带来的第一门满绩!
213872,1956,戴俊飞,2025-01-21 01:00:35,3,3,0,伟大无需多言
214692,1956,戴俊飞,2025-02-17 00:46:03,1,1,0,神，无需多言
214693,1956,戴俊飞,2025-02-17 00:50:34,2,2,0,神中神
214883,1956,戴俊飞,2025-02-19 00:20:00,10,10,0,总觉得戴老师的声音很熟悉 今天上课的时候突然想起 很像雷军啊啊啊啊啊 甚至连笑起来都很像
215751,1956,戴俊飞,2025-03-05 07:07:28,0,2,2,作业是真多 但是课讲的是真好
216872,1956,戴俊飞,2025-03-27 20:42:58,4,4,0,戴老师人很好的，小测会拉满的(不管你考了多少)。真心建议数学不好的选他，一定会让你过的
217188,1956,戴俊飞,2025-04-03 10:04:34,5,5,0,神中神
217279,1956,戴俊飞,2025-04-07 11:18:40,4,4,0,牢戴我男神😘
217600,1956,戴俊飞,2025-04-14 03:54:50,5,5,0,选到就是赚到，味大无需多盐
219747,1956,戴俊飞,2025-06-05 05:55:31,2,2,0,给分好，讲课更好，个人觉得上戴老师的课比上卢ls的课更舒服
220240,1956,戴俊飞,2025-06-16 14:47:31,2,2,0,为什么djf是神😉上上他的课就知道了
220382,1956,戴俊飞,2025-06-17 14:21:59,0,1,1,只有小测点名+作业贼多+加总评除期中期末拉满
220602,1956,戴俊飞,2025-06-19 01:17:18,0,0,0,只有小测会雷达点名，且提前通知\n\n作业有点多，不过照着答案抄也无所谓\n\n给分很好，伟大无需多言，能接受作业多无脑冲就行
220603,1956,戴俊飞,2025-06-19 01:19:31,2,2,0,带君飞！真的是好老师
220640,1956,戴俊飞,2025-06-19 04:32:43,1,1,0,老师太好了，上课幽默风趣，给分也好
220734,1956,戴俊飞,2025-06-19 11:18:32,0,0,0,欧耶，满满的绩！感谢老师
220736,1956,戴俊飞,2025-06-19 11:37:25,3,3,0,戴老师真的是我遇到过最好的数学老师了，讲课特别有体系，每次怕我们隔太久忘了上次课学的东西还会有向前的回顾，每次章节之前会做前瞻，每次讲完还有总结。上课时冷不丁的小幽默恰到好处，课堂体验非常非常好！戴老师课上偶尔会说自己的教育理念，从他的话真的可以感受到他希望我们有真才实学，但也知道未来我们毕业之后很少会用到现在学的这些知识，相比分数会更希望我们能够过好人生（但与此同时也是我遇到过所有老师中给分最好的，助教gg也非好）。\n\n在戴老师的课上总是会有那么几个瞬间突然地感动，学本来让我很痛苦的数学也会产生很幸福的感觉。\n\n最后一节课结束的时候，我知道我以后不会再这样认真学数学了。\n\n感谢戴老师给我留下对微积分美好的记忆，期待再次相见！
220745,1956,戴俊飞,2025-06-19 12:55:28,1,1,0,给分很好，对教学有自己的思考的好老师
220801,1956,戴俊飞,2025-06-20 01:18:37,0,0,0,真正意义上的海底捞，捞人能力在zju首屈一指，平时从来不点名，只有小测的时候会雷达点名，美中不足的是平时作业量多到怀疑人生，除此之外找不到任何能喷的点
221689,1956,戴俊飞,2025-06-25 08:55:51,0,0,0,伟大无需多言，放心冲就行了
221846,1956,戴俊飞,2025-06-27 00:33:46,0,0,0,你都选上带君飞了这辈子还需要什么，伟大！
345,1997,吴彪,2019-08-20 09:23:07,30,42,12,非常耐心的老师，口音萌萌的，以至于微23翘了自己老师的课去听他的
940,1997,吴彪,2015-05-07 05:50:26,25,36,11,彪哥哥板书超级认真，水平很高，讲课特别赞\(≧▽≦)/
1240,1997,吴彪,2015-03-21 16:58:05,17,22,5,很成熟很稳重的老师，微二上的第一节课就变成了脑残粉
1542,1997,吴彪,2015-03-22 11:40:04,2,7,5,非常棒！进度稍微有一点慢
1850,1997,吴彪,2017-01-09 08:07:50,-44,6,50,挺无聊的 翘了他的课去听别的老师的了
1917,1997,吴彪,2015-03-26 07:31:35,22,28,6,板书感到，亲切清晰
2148,1997,吴彪,2016-12-28 13:46:28,47,62,15,祝彪老师早日康复！\n\n
2186,1997,吴彪,2017-09-18 05:29:08,12,18,6,很好的老师
2188,1997,吴彪,2016-11-08 06:59:46,-33,3,36,不知道他在讲什么
4159,1997,吴彪,2015-06-18 02:36:34,22,27,5,严谨 系统 教的是数学而不是怎么做数学题 非常幽默温和
4425,1997,吴彪,2015-06-22 16:55:55,12,14,2,彪歌人真的很好
7163,1997,吴彪,2015-09-09 05:01:41,17,19,2,板书很好看 严谨但很亲切 心目中大学教授的标准形象
7291,1997,吴彪,2015-09-13 04:04:56,22,28,6,大学上过最好的课。彪哥非常负责任，讲的也很明白。不看第一个评论，是生病了吗 求赶快好起来吧！
7560,1997,吴彪,2015-09-15 04:06:01,13,15,2,彪哥脑残粉 微123都是他的！赞！\n\n
7606,1997,吴彪,2015-09-15 06:29:47,-15,0,15,唉\n\n………
12739,1997,吴彪,2015-12-24 02:57:21,14,17,3,超级好老师，本来微一微二微三都是他，后来教完微二养病去了，跟学弟妹推荐老师只推他，不过似乎还没康复没有开课，愿老师早日康复
23255,1997,吴彪,2016-03-23 04:28:49,7,8,1,彪哥哥~
26646,1997,吴彪,2016-06-20 14:12:12,4,4,0,彪哥给学生上课真的超级认真，每次上课都是黑板上从头写到尾，方法巧妙，很有深度，有时候还能听出点人生哲理，好老师！
30171,1997,吴彪,2016-07-01 04:33:26,4,5,1,12年学的微一，转眼已经毕业。我至今还记得彪哥最后一节课说的一句话，七九六十多，应该能及格
32742,1997,吴彪,2016-07-12 07:44:12,6,7,1,这么好的老师为什么评分还没有到9……
33317,1997,吴彪,2016-09-18 05:50:14,6,6,0,不用PPT，感动\n\n
33695,1997,吴彪,2016-12-21 15:44:28,8,8,0,老师板书好认真，大学很喜欢的一节课，老师很耐心，推荐
33956,1997,吴彪,2016-09-23 14:21:43,4,7,3,老师超好老师超好超好说三遍。板书很好很好很好，虽然我听不懂微积分但是他真的超棒！
33988,1997,吴彪,2016-09-24 12:27:15,4,4,0,超级超级好，温柔，耐心，可爱的老师
34639,1997,吴彪,2016-10-17 05:18:13,8,8,0,虽然微积分很难，但是老师真的很好，每次写板书都很辛苦，彪爷，爱你
35656,1997,吴彪,2016-12-08 10:11:26,7,8,1,课好音苏
36134,1997,吴彪,2016-11-10 14:06:13,-24,0,24,口音不太适应了，感觉一节课都在摆题
36336,1997,吴彪,2017-01-17 07:06:13,2,2,0,讲课清晰 人也很萌
36774,1997,吴彪,2016-11-16 03:14:10,2,2,0,超级认真，题型全部能讲到，考试的时候会轻松很多～
37012,1997,吴彪,2016-11-17 05:58:46,2,2,0,很认真！
37017,1997,吴彪,2016-11-17 06:38:58,2,3,1,很帅，我理想中的数学课老师。
38007,1997,吴彪,2016-11-23 04:36:02,9,11,2,还不错呢，书上的例子太绕，老师就给个简单的。书上的证明过程太难懂，老师也会给个更好的。 今天讲完泰勒公式，感觉出乎意料，没看懂书上的，听懂了老师讲的。我居然学会了这神奇的公式。。。都是彪哥的功劳╮(╯▽╰)╭
39458,1997,吴彪,2016-12-23 02:09:11,3,3,0,超棒！！\n\n
40423,1997,吴彪,2017-01-18 05:12:55,2,4,2,讲得挺好的很认真。进度可能有点慢。人很好，很热心
41211,1997,吴彪,2017-01-10 05:06:26,3,3,0,暖男，喜欢，超级好
42719,1997,吴彪,2017-01-15 03:35:19,3,3,0,彪老师好棒！\n\n
42773,1997,吴彪,2017-01-15 05:09:50,1,2,1,超级超级超级好的老师，讲的很仔细，很清晰。我是他的脑残粉～～
43599,1997,吴彪,2017-01-16 15:03:14,12,14,2,和心中教授的形象完全吻合。好老师，不解释。
43656,1997,吴彪,2017-01-16 16:49:10,3,3,0,吴老师真得是一个很有经验的老师，上他的课不用预习也可以听得懂，而且会给人一种很严谨认真的感觉，赞一个！
43830,1997,吴彪,2017-01-17 04:38:22,10,11,1,彪老师真的超级棒，一直用板书，很严谨，教学很认真。虽然微积分是真的难，但是如果做好预习的话跟着老师的思路还是可以理解的。老师又帅声音又好听简直男神，下学期没能选上他的课好难过，虽然自己微积分成绩很烂但是都是自己的错，老师是真的好老师
43945,1997,吴彪,2017-01-17 06:52:31,1,2,1,彪哥人超好～声音好听长得正气。没考好是我自己的问题，不关老师的事
44002,1997,吴彪,2017-01-17 07:50:22,4,4,0,虽然我不怎么听课但是还是可以感受到老师讲课很用心很认真 每次作业都改 人特别好不会为难学生 总之是个很棒的老师
44046,1997,吴彪,2017-01-17 08:43:13,3,3,0,彪哥真的好棒
46001,1997,吴彪,2017-01-20 11:12:16,4,4,0,很好的老师
47855,1997,吴彪,2017-02-26 12:00:08,18,21,3,神似梁朝伟！！某次上课发现之后就再也不能好好听课了
48936,1997,吴彪,2017-03-17 02:40:08,2,2,0,老师从不用幻灯片，一直板书，感觉十分敬业，而且老师课上经常讲解例子来例证定理，相比书本而言好理解很多，微二选的还是吴老师的课，给个赞！
49963,1997,吴彪,2017-04-27 16:53:44,2,2,0,完美符合大学老师特质
52779,1997,吴彪,2017-06-23 00:34:44,2,2,0,听老师讲课超级棒的，声音好苏，脾气超好。
52780,1997,吴彪,2017-06-23 00:39:45,2,2,0,男神，给分超级好
55575,1997,吴彪,2017-07-02 03:00:56,4,4,0,哎出分了，难过
55583,1997,吴彪,2017-07-02 03:16:49,8,8,0,吴老师备课充分，上课认真负责、脉络清晰、娓娓道来，如果一直认真听讲肯定能在吴老师的教导下事半功倍地学好；不为难学生，事儿少，给分好；语调比较平淡，有点催眠；文质彬彬的帅气！
63160,1997,吴彪,2017-11-29 00:49:22,2,2,0,超棒超温柔
64041,1997,吴彪,2017-12-20 15:34:50,2,2,0,老师超级负责阿 我真的好喜欢 虽然我成绩很烂但是人非常耐心
64092,1997,吴彪,2017-12-21 03:09:53,4,4,0,非常棒，虽然我的数学一向扶不上墙
64188,1997,吴彪,2017-12-21 08:41:12,3,3,0,10分都嫌少
64379,1997,吴彪,2017-12-23 05:30:25,3,3,0,非常好的老师！和蔼可亲，回答问题很耐心，会写在纸上qq拍过来给你。板书写的很清晰，萌萌的感觉！给分应该也还不错！强推！选到吴彪老师课的同学千万别换了呀
64755,1997,吴彪,2017-12-27 05:05:50,3,3,0,男神啊啊！每次都写满满的板书，超级认真负责，对学生很亲切。还想上他的课，可惜下学期换老师了哭
67545,1997,吴彪,2018-01-21 13:21:04,8,8,0,真心十分喜欢吴老师，是否每次都是在要告别的时候才感到可惜。吴老师板书清晰，每一步都在黑板上推算。QQ群上同学提出的问题，每个都亲笔写在草稿纸上耐心解答。真的是一位非常不错的好老师。明天就要考微积分了，为自己之前没有好好学而羞愧，希望考出的成绩能对得起吴老师。
68451,1997,吴彪,2018-01-23 08:23:13,1,1,0,彪哥温柔而且讲课清晰!
68817,1997,吴彪,2018-01-24 02:36:14,2,2,0,超级好的老师，且神似梁朝伟，你值得拥有
68844,1997,吴彪,2018-01-24 03:27:44,1,1,0,超棒给分很好 讲得很好 只要好好学期末上4没问题
68847,1997,吴彪,2018-01-24 03:32:51,0,0,0,老师讲课好，人也好，反正微乙没挂我非常非常开心，一万个爱老师
68854,1997,吴彪,2018-01-24 03:41:17,1,1,0,老师人真的好，给分也好，选到他一定要好好学
68873,1997,吴彪,2018-01-24 04:30:35,0,0,0,彪哥真的很好 不管是上课还是对大家都很好 板书认真 讲课有条理 问问题的时候很耐心 可惜怪我自己没好好学习绩点低 感恩老师
68915,1997,吴彪,2018-01-24 05:53:09,0,1,1,老师很好，彪哥上课虽然有时候我会很困，但是不得不承认老师的课还是很有意思的，而且微积分我过了  (´▽`ʃƪ)
68916,1997,吴彪,2018-01-24 05:57:50,1,1,0,老师超级好，哪哪都好！！！
69561,1997,吴彪,2018-01-25 03:54:12,0,0,0,老师人超级超级好超超级好，讲课也很好，就是声音有点小，争取要坐前排，本来以为上不了三的，结果上三了，开心哇！
73716,1997,吴彪,2018-02-03 02:38:15,6,6,0,老师真的很不错，长得很像陈冠希啊！
75526,1997,吴彪,2018-03-13 02:42:16,0,0,0,爽?！
76906,1997,吴彪,2018-04-25 23:31:15,0,0,0,超棒的不解释
79749,1997,吴彪,2018-06-13 08:25:01,25,26,1,老师真的是太棒了我吹爆！作为一个他每节课都睡着（因为听得很认真就很累什么的）的学生，问他问题还超认真解答，考完期中考还问我考得如何，作为一个浙大老师骑一辆破破的自行车，去食堂吃饭还牵着师母的手，板书很认真讲解很详细，喜欢～
81002,1997,吴彪,2018-07-03 09:11:13,5,5,0,是我想象中大学老师的样子
81509,1997,吴彪,2018-07-05 08:52:15,2,2,0,老师很好但是个人有点不太适应老师的温吞声音小的风格\n\n
81515,1997,吴彪,2018-07-05 09:03:39,-2,1,3,老师挺好的，虽然成绩跟自己预想的有差距，大概是自己粗心了吧
81538,1997,吴彪,2018-07-05 10:30:46,65,65,0,为了上彪哥的微2，把预置课表调了一半。一年下收获很大，彪哥的板书非常清楚整洁，是老一辈数学人的那种坚守；解答问题都会很耐心的回答，现场问基本都能秒答，线上会手写好给你拍照；为人又很温柔，特别帅然后可爱(重点)！！给分也很不错；小测比较松，会提前告诉你题目从里面抽。真的非常符合我心目中大学老师的形象了！！可能唯一缺点就是话筒用不好hh~以及表白助教赵静小姐姐，虽然讲题很快，但是人好又漂亮！
81992,1997,吴彪,2018-07-06 18:11:43,3,3,0,真的像梁朝伟！！！！！我爱他5555555
84758,1997,吴彪,2018-07-13 22:22:47,2,2,0,真的超棒！微一微二都是他的课，带我爱上了数学！
88288,1997,吴彪,2018-10-27 02:35:53,3,3,0,超棒！真的是彪哥的脑残粉了！
88594,1997,吴彪,2018-11-02 14:58:26,2,2,0,真的超级棒的老师！！！！超级喜欢！！！讲课很认真，板书很仔细，答疑很耐心，很负责！！！因为他，超喜欢微积分！！！
88980,1997,吴彪,2018-11-13 08:07:34,2,2,0,苏苏苏苏炸天\n\n一开始睡过几堂课真是抱歉……\n\n后来听进去了就觉得真的很棒\n\n周五早课能把你说醒的那种好老师\n\n浑身散发着智慧的光芒\n\n上完三节神采奕奕
89294,1997,吴彪,2018-11-18 06:32:28,2,2,0,没啥好说的！满分！
90260,1997,吴彪,2018-11-23 01:06:15,2,2,0,满分满分！！！
91294,1997,吴彪,2018-12-05 06:27:04,1,1,0,怀念。
91947,1997,吴彪,2019-01-11 00:20:33,6,6,0,给吴老师疯狂打call！下学期还想选他的课不知道选不选得上。。。思路清晰讲解透彻为人幽默，非常值得赞扬的老师！因为他更爱数学！
92815,1997,吴彪,2019-01-04 14:55:26,0,1,1,很爽 很舒服 建议习题课结束去占座位
92825,1997,吴彪,2019-01-05 01:16:38,3,3,0,超级棒的老师，是一个在小测前会默默透露题目给你，在期末考前把去年试卷发给你的老师！！超级可爱(๑• . •๑)答疑也很耐心
93336,1997,吴彪,2019-01-09 05:10:39,10,10,0,来浙大，彪哥的课一定要听一听
93603,1997,吴彪,2019-01-11 01:59:31,1,1,0,偶像。
93980,1997,吴彪,2019-01-14 14:24:31,2,2,0,被学姐安利了这个老师，选了绝不会后悔，下学期又选上了吴老师的课，开心！
96400,1997,吴彪,2019-01-21 02:25:25,2,2,0,上课很有趣，给分很给力
96409,1997,吴彪,2019-01-21 02:32:20,4,4,0,谢老师不挂之恩。太感动了啊啊啊啊啊啊啊啊啊啊啊啊啊啊啊啊啊啊啊啊啊啊啊啊啊啊爸爸！！
96413,1997,吴彪,2019-01-21 02:36:05,3,3,0,老师真的超级超级超级棒。上课风趣幽默，讲题清晰透彻，态度认真负责，给分不会挂科。
96419,1997,吴彪,2019-01-21 02:53:42,2,2,0,我爱彪哥！超级可爱又专业的老师
96423,1997,吴彪,2019-01-21 03:07:44,-3,2,5,老师超级好，讲得很清晰，虽然有一丢丢口音但是完全不影响。感恩拿到了大学第一个满绩。下学期继续选老师的课
96641,1997,吴彪,2019-01-21 08:23:29,1,1,0,老师特别特别可爱(๑• . •๑)关心学生，有时会点后排同学上去写题，担心我们跟不上，温柔地劝我们别抄答案emm，但我还是会看点答案啦。助教也超级好。我的垃圾数学能有这个水平已经很满意了
96886,1997,吴彪,2019-01-21 11:48:08,4,4,0,老师超级棒啊，虽然平时分没满被卡绩了，但，，还是很喜欢老师鸭。
96908,1997,吴彪,2019-01-21 12:15:39,1,1,0,老师上课超认真！给分超级好！
96912,1997,吴彪,2019-01-21 12:19:02,0,1,1,老师讲课很有自己的风格 对同学很亲切 题目讲得很细 \n\n还要特别特别特别感谢老师不挂之恩T^T\n\n选他 ！！！
97126,1997,吴彪,2019-01-21 16:39:21,1,1,0,炒鸡好炒鸡好炒鸡好！！！
97845,1997,吴彪,2019-01-22 23:48:07,1,1,0,吹爆吹爆，选他绝对没错！讲的清晰到位！
100233,1997,吴彪,2019-01-26 00:03:43,1,1,0,jaingdehenhao
102849,1997,吴彪,2019-02-24 05:50:28,1,1,0,上彪爺的微積分（乙），謝謝彪爺讓小弟過了。老師給分超好比預期高很多。大贊
104606,1997,吴彪,2019-03-25 05:09:02,1,1,0,nice
107738,1997,吴彪,2019-05-08 23:36:07,2,2,0,试问谁不想嫁给一个彪哥一样的男人呢
110581,1997,吴彪,2019-06-27 13:56:03,1,1,0,简直是理想的人生伴侣，第一节课就开始犯花痴了，真羡慕他妻子，有这么一个丈夫。hhh尽管还没出分，还是先给老师打个10分，真的值得，老师超赞。
110901,1997,吴彪,2019-06-28 13:35:30,1,1,0,呜呜呜呜我这个菜鸡居然最后3.6 呜呜呜呜谢谢老师！
110904,1997,吴彪,2019-06-28 13:42:32,1,1,0,我爱吴彪老师Σ>―(〃°ω°〃)♡→
110947,1997,吴彪,2019-06-28 16:20:55,1,1,0,虽然最后成绩不是很理想，但吴老师真的是一个好老师o(^o^)o（其实微积分乙给分和老师也没有很大关系，考多少给多少）
110991,1997,吴彪,2019-06-29 03:51:27,1,2,1,我爱吴彪老师！！！！超级温柔也超帅，讲课不紧不慢有自己的节奏，会说超多例题，然后期末考很难，老师也尽量给分了，男神男神，选他选他选他！
111088,1997,吴彪,2019-06-29 14:26:44,0,0,0,很温和的老帅哥，虽然有时候头发很乱...\n\n微二给分有点严格...
111718,1997,吴彪,2019-07-02 16:03:02,0,0,0,老师很帅，助教人很好！但是我太菜了……
117835,1997,吴彪,2019-10-04 08:40:53,1,1,0,超赞的一个老帅哥
118421,1997,吴彪,2019-10-27 02:24:56,3,3,0,帅，讲的好！没话说！
118422,1997,吴彪,2019-10-27 02:26:08,2,2,0,大学遇到最好的老师没有之一！！！
118605,1997,吴彪,2019-10-29 09:53:35,4,4,0,彪哥，期中求放过……QAQ但不管怎么样一定10分老师！
119379,1997,吴彪,2019-11-12 12:24:43,1,1,0,感谢老师不杀之恩 ?
120001,1997,吴彪,2019-11-17 04:23:10,1,1,0,喜欢慢慢板书的彪哥
120802,1997,吴彪,2020-01-17 09:27:52,-20,0,20,吴老师讲课很好(虽然没听)，但94的总分让我相当难受。
121151,1997,吴彪,2020-01-20 01:15:47,1,2,1,吴彪老师太好了，助教小哥哥太好了！
127316,1997,吴彪,2020-11-20 04:08:21,1,2,1,老师和助教小哥哥人又好又帅！呜呜呜\n\n有的时候可能跟不太上但是老师和助教老师都好温柔，会很耐心讲解\n\n不会的问题一定要问！求是求是！精神一定要有！不会辜负老师的
130631,1997,吴彪,2021-01-24 04:51:10,-10,2,12,讲课超细致，思路超清晰，很庆幸自己能一直碰到敬业的数学老师，这次虽然只有4.8，下学期一定争取满绩!
130640,1997,吴彪,2021-01-24 05:12:58,2,3,1,如果老师能不弄MOOC小测就好了。哭哭T﹏T
130661,1997,吴彪,2021-01-24 06:32:28,-8,1,9,spoc小测非常没有意义 有题库抄答案就行 我老老实实做 结果平时测验根本不捞人 因为这个平时测验只有88 被卡在4.5 无话可说。
130712,1997,吴彪,2021-01-24 10:30:33,0,0,0,老师应该捞我了叭👀
130744,1997,吴彪,2021-01-24 12:17:02,3,4,1,吴彪老师超级好，助教小哥很好，习题课虽然字比较小但是很认真的讲，每次习题课的时候都会梳理一下彪哥讲的知识点，然后期末考前还会告诉我们哪些要复习，助教平时分给的很高，老师上课板书很认真很清晰，布置的作业不算多，不经常点名（大概一个长学期两次的样子），缺勤也没事。总之老师很好快选
130782,1997,吴彪,2021-01-24 14:22:55,4,4,0,思路还是很清晰的，板书仔细认还是能看懂的，唯一的不足是讲话声音太小（而且经常不拿话筒），除此之外都还好
131892,1997,吴彪,2021-01-29 08:58:25,-17,1,18,卡绩太难受。这次综评成绩94.45，然鹅其中平时分扣0.5，小测扣0.6，我就不太理解了。上课速度偏慢。作为社科的学生，总之我很难受。
134191,1997,吴彪,2021-03-18 13:44:52,0,0,0,真的非常想念吴彪老师的微积分！
135882,1997,吴彪,2021-06-01 01:05:48,0,0,0,虽然总是听不清老师讲什么，不过微积分自学就好，上课划水，给分还不错
137355,1997,吴彪,2021-07-03 11:39:51,0,0,0,微乙二求过！刷个十分在这里了！
137528,1997,吴彪,2021-07-05 03:02:36,1,1,0,吴彪老师简直太好了，讲课十分认真，全程手写板书，上课有一种如沐春风的感觉！感谢彪爷捞我！
138139,1997,吴彪,2021-07-07 13:05:35,1,1,0,讲课很清晰，课间还会和学生聊聊天，很亲切的老师
140075,1997,吴彪,2021-08-25 01:02:46,4,4,0,彪哥退休了5555
1849,2044,郭正初,2015-03-26 02:02:31,-44,8,52,上得不怎么样，给分也不好
5373,2044,郭正初,2015-07-13 13:06:15,5,10,5,还好
5731,2044,郭正初,2015-07-09 08:04:39,50,53,3,态度不错 接近学生
6580,2044,郭正初,2015-07-15 20:56:39,28,30,2,还可以吧。挺谦虚的小哥。
7037,2044,郭正初,2015-08-31 13:25:43,3,3,0,恩
7038,2044,郭正初,2015-09-14 22:18:44,15,16,1,负责
7248,2044,郭正初,2015-09-12 06:32:33,4,4,0,还好
7502,2044,郭正初,2015-09-15 00:50:17,38,38,0,帅气的老师，在谦卑中微笑
8118,2044,郭正初,2015-10-08 12:47:26,25,26,1,帅锅啊！
8344,2044,郭正初,2015-09-18 16:16:42,4,4,0,谦虚的小哥
8845,2044,郭正初,2015-09-29 01:26:17,-18,3,21,口齿不清
9039,2044,郭正初,2015-10-11 08:14:45,23,24,1,帅爆了 而且还总是自黑
9631,2044,郭正初,2015-11-03 11:01:28,5,9,4,就是太犹豫，上课太慢
9798,2044,郭正初,2015-11-09 12:54:40,12,14,2,老师人很好，一点架子都没有
11415,2044,郭正初,2015-12-02 11:18:14,10,10,0,男神，帅
11443,2044,郭正初,2015-12-01 10:27:35,4,4,0,虽然我学院自测一般般 不过我会努力的啦啊啊啊 老师很好的！
11961,2044,郭正初,2015-12-21 11:47:06,32,39,7,萌萌哒男神，很体贴学生感受，学生给他提意见他都会听。不过2015年秋冬学期刚刚开始教微积分，讲课经验不太够。但是人超级好啊！
12199,2044,郭正初,2015-12-22 09:43:52,2,2,0,上的很认真，会把不懂的地方多强调，郭男神～
13200,2044,郭正初,2015-12-25 07:08:32,14,16,2,男神!哪里不会考哪里!群里特地开匿名让我们水，去问问题会笑眯眯地耐心解答。
13520,2044,郭正初,2015-12-29 02:23:48,10,13,3,人很好很谦虚\n\n但是上课经验不足 进度把握以及课外补充相对弱一些
13757,2044,郭正初,2015-12-30 16:04:51,11,11,0,男神级别的
14014,2044,郭正初,2016-01-03 16:05:53,2,2,0,比较谦虚 我喜欢
14439,2044,郭正初,2016-01-07 06:05:50,10,11,1,要不是帅锅下学期不开课一定还选他的微积昏～
16239,2044,郭正初,2016-01-17 14:24:52,1,1,0,帅帅帅
17093,2044,郭正初,2016-01-19 14:46:13,3,3,0,新老师，人很好，就是讲得太慢，经验欠缺一点
17146,2044,郭正初,2016-01-19 16:36:41,1,1,0,真心不错 很低调
17197,2044,郭正初,2016-01-20 00:54:04,7,7,0,男神，绝赞，给我的分比我的心理预期高太多
17233,2044,郭正初,2016-01-20 02:18:57,3,3,0,长得帅，上课抄书，给分好
17234,2044,郭正初,2016-01-20 02:19:25,0,3,3,长得帅 新老师 上课方法有点欠缺 但人真的非常非常好
17298,2044,郭正初,2016-01-20 03:58:51,1,2,1,给分棒
17423,2044,郭正初,2016-01-20 07:50:37,5,5,0,男神级的好老师，只怪我太渣\n\n
17437,2044,郭正初,2016-01-20 08:01:01,4,4,0,我好喜欢老郭！
17476,2044,郭正初,2016-01-20 09:27:33,4,4,0,老师人好，上课的水平在一步一步提高。有点呆萌的
17523,2044,郭正初,2016-01-20 10:34:56,-11,0,11,给了满绩
17562,2044,郭正初,2016-01-20 12:01:33,1,3,2,老郭男神！老师人很好，上课喜欢板书。给分棒！
17579,2044,郭正初,2016-01-20 12:27:51,4,5,1,帅气逼人
18560,2044,郭正初,2016-01-22 04:26:03,3,3,0,老师很善良
18862,2044,郭正初,2016-01-22 15:57:51,10,10,0,老郭真的超级好。帅帅哒萌萌哒最后大家绩点也靠着他上去好多。第一年交微积分书本讲的很细，很耐心。我匿名发邮件问他问题他回复的都超长超仔细。
27889,2044,郭正初,2016-06-28 03:19:20,1,2,1,男神！
34957,2044,郭正初,2016-10-27 06:00:40,1,2,1,顶郭爷！
37926,2044,郭正初,2016-11-22 03:59:12,13,13,0,选了郭老师当硕士导师?接触下来觉得老师各种好，各种没架子～anyway没听过课我也要来打10分
44688,2044,郭正初,2017-01-18 06:24:34,2,2,0,男神，帅帅的，喜欢～
44690,2044,郭正初,2017-01-18 06:26:25,3,3,0,正初男神真的超级和蔼超级谦虚 上课很有条理 作业不多 讲的很细致 最重要的是 给分真的超级好超级好 我是因为他才没挂呢 建议各位多选正初男神的课\n\n
44691,2044,郭正初,2017-01-18 06:27:34,15,15,0,老师人很好很负责~(•͈˽•͈)\n\n真的是一个超级可爱的老师，超级喜欢，可惜没有师生恋的可能了唉:-(\n\n虽然上课有点像抄书(ಥ﹏ಥ)\n\n不过学的不好也怪自己不努力，谢谢老师不挂之恩。
44692,2044,郭正初,2017-01-18 06:28:18,25,25,0,我只想说，老师真的很棒，上课特别认真，为人特别谦和有礼。只是我大一上学期太渣，没有好好听课，也没有好好做作业，没有好好对待微积分。本来抱着必挂的信念，还是感谢老师感念师生情，没有让我挂！大学的课，真的不能放松，虽然不至于像高中那样努力，但至少课还是要好好听的，作业还是要好好写的，考试还是要认真准备的。最后，真的是很棒的老师！
44694,2044,郭正初,2017-01-18 06:28:15,3,3,0,老师人超好！可爱！善良！还帅！开始的时候语速有点快，后来习惯了就能跟上。上课讲得很仔细，啊啊啊可惜没好好学但是老师还是给过了啊。再给一次机会一定珍惜这么好的老师。表白老郭！~
44696,2044,郭正初,2017-01-18 06:28:30,3,3,0,超级萌，谦虚。明明年纪不大却非说自己老，讲课很认真，很注重学生的感受。是我自己的问题，没有好好学微积分，大学里注重的除了上课的效率还有课堂外的自觉性。老师很胖胖，我自己比较渣渣，大家要自觉呀（老师作业确实比较少，自己注意多做做）
44697,2044,郭正初,2017-01-18 06:29:59,5,6,1,老师很好很帅很可爱，还总是询问学生意见，很谦虚的小哥。有时候作业题目稍微多一点自己还会不好意思哈哈哈。学渣跪谢不挂之恩!
44978,2044,郭正初,2017-01-18 16:43:52,1,2,1,老师很谦虚，给分也很好，作业多的时候还会不断纠结再删两道，其实真的对微积分这门课而言不多，超棒棒，很幸运大一可以遇到这样一个亲近学生的老师！\n\n\n\n
48261,2044,郭正初,2017-03-01 14:29:38,0,0,0,还行吧
48379,2044,郭正初,2017-03-02 12:42:35,2,3,1,恕我直言，真的非常帅。和我卢男神有得一拼。眼睛会笑（划重点），少女已溺死在男神的笑容里。看到他的脸就想学微积分。
55627,2044,郭正初,2017-07-02 05:18:01,1,1,0,自己不努力，很难过
55634,2044,郭正初,2017-07-02 05:25:13,1,2,1,讲的很细，给分好，最重要的是长得帅呀
55644,2044,郭正初,2017-07-02 05:51:35,1,1,0,表白老师！！！
55691,2044,郭正初,2017-07-02 07:53:01,1,3,2,老师讲得很仔细，无奈自己平时刷题少，考试差，这个绩点怪不得老师，老师平时分是给满的。老师很年轻，也十分谦虚，10分好评(๑• . •๑)
55720,2044,郭正初,2017-07-02 09:18:23,0,0,0,老师人挺好的，但是一直都是讲课本......
55880,2044,郭正初,2017-07-02 14:12:07,1,1,0,老师超级棒，上课很好，给分也高
57234,2044,郭正初,2017-07-06 05:34:41,0,0,0,很帅很温柔，而且还幽默。
60136,2044,郭正初,2017-10-11 07:31:47,4,5,1,人太可爱了！！！超级温柔超级有耐心！问他什么傻逼问题他都超认真地回答你还怕你听不懂！！而且很端肃的感觉这才叫师表诶呜呜呜呜呜呜是不是只能打一次分啊要是我只后又想夸他了怎么办！！大概就是好到这种程度的老师了
60589,2044,郭正初,2017-10-24 15:15:03,1,2,1,语速好快，但是老师为人谦虚待人真诚，有问必答，由于学生问问题迟到别的事而背着书包快跑，老师萌萌哒。做事很民主，喜欢
60880,2044,郭正初,2017-11-01 03:14:13,3,3,0,哇大一的男神老师啊，上课还会考虑是不是打扰到同学睡觉！！！老郭的课至少书本的内容绝对讲得很细，推荐推荐
62053,2044,郭正初,2017-11-22 09:20:21,2,2,0,很好的老师，超级温柔，全程微笑，如果你玩手机睡觉却对上他的眼神那你就会被数学打动了，很认真很负责很好很棒\n\n
64190,2044,郭正初,2017-12-21 08:56:37,2,2,0,老师真的很和蔼，作业也不多，偶尔多一点儿自己还会不好意思，可以说是敲可爱了。是自己上课没好好听，分低真的和老师没关系。
68810,2044,郭正初,2018-01-24 02:28:48,21,27,6,中国好老师。为了帮我答疑错过了公交车，至今不知道老师是怎么回去的。感动极了。期中考的差，老师给了我许多鼓励，经过不懈的努力，终于让我从跟不上，到绩点上了4。老师的耐心、包容、高超的讲课水平……算了不多说了，上过老郭的课都说好。
68831,2044,郭正初,2018-01-24 02:52:35,2,2,0,感谢老师，虽然讲课经验还要在提升，不要背书式讲课，但是真的人格魅力满分，给分emmm很善良了（希望再给1分不被卡档）课程中规中矩，谦虚温和性格满分，长得也很可爱嘻嘻
74425,2044,郭正初,2018-02-21 12:50:03,2,2,0,郭男神超级棒！上课也不点名，我有几次睡过头了也没被发现(手动滑稽)，微积分自己多做题，有问题问男神他都能回复，给分也很亚撒西
74700,2044,郭正初,2018-03-05 07:29:03,3,3,0,超级喜欢老师啦，很可爱，讲课也很细。
76282,2044,郭正初,2018-04-02 01:50:49,0,2,2,好啊好啊好啊
79090,2044,郭正初,2018-05-22 14:02:57,7,8,1,老师挺好的，就是助教有毒
79488,2044,郭正初,2018-06-07 00:22:59,6,7,1,老师非常可爱，讲课认真而且易懂，非常有礼貌图画不好竟然会说对不起，可以说是很nice的老师了，而且颜值也不错哦
81068,2044,郭正初,2018-07-03 13:55:41,3,4,1,老郭很可爱
81749,2044,郭正初,2018-07-06 05:26:09,6,7,1,老师语速很快，略萌，感谢不挂之恩
81804,2044,郭正初,2018-07-06 08:21:06,1,14,13,虽然很敬业很体贴 但是个人不太赞同老师这种上课完全复制课本的方式，导致我微二的时候对数学完全失去兴趣……
82357,2044,郭正初,2018-07-08 03:34:43,8,10,2,郭男神上的课很好，很关心我们，非常认真，助教小哥哥很逗很可爱。很幸运选上了郭老师的课！
82428,2044,郭正初,2018-07-08 07:18:23,8,11,3,超级帅气可爱的老师啦～给打100分！！我们的助教小哥哥也很好，超喜欢我们方方！！
83039,2044,郭正初,2018-07-09 14:06:00,3,4,1,态度好
84249,2044,郭正初,2018-07-12 10:41:57,9,9,0,选了老郭的课一个学年，很谦逊很棒的老师，会很热心讲解习题，因为老郭爱上了微积分，以后没有老郭的课了有点遗憾
84444,2044,郭正初,2018-07-13 01:17:45,9,9,0,老师很负责，上课也讲的很仔细，作业少！老师和助教都非常热心答疑！
90893,2044,郭正初,2018-11-27 06:21:13,9,9,0,极其可爱啊啊啊   你们上了就知道了
91686,2044,郭正初,2018-12-18 02:20:21,-6,5,11,“什么意思呢？就是说是啊”“就是啊”
95843,2044,郭正初,2019-01-20 06:18:22,3,3,0,老师上课就根据课本来的，课外知识可能比较少，所以相对来说可能不是那么有趣，不好过微积分这种课也有趣不起来吧，不过老师人真的很好很温柔，（）
96074,2044,郭正初,2019-01-20 12:26:02,21,21,0,老师真的很有气质很随和很帅气，我一个男的都快爱上郭老师了，上课总是盯着他看。上课内容讲的很慢很详细（可能有点容易上课分心），但只要不水手机，就一定听得懂。满绩啦～\n\n
96077,2044,郭正初,2019-01-20 12:25:59,4,4,0,我期末这样的成绩他都能给我拉到及格。太神奇啦！
96130,2044,郭正初,2019-01-20 13:16:04,6,6,0,我真的太喜欢这个老师了！！！还有助教小哥哥！！讲得很细，上课认真听就不会听不懂，之前对数学充满了恐惧，现在就是完全爱上了啊！！下学期甚至想退了预置老师的课来听他的课！！助教也超级负责！给分真的太太太太好了！！
96142,2044,郭正初,2019-01-20 13:24:55,3,4,1,原来数学也可以这么享受么
96239,2044,郭正初,2019-01-20 14:50:53,6,6,0,郭老师太体贴了。\n\n各种为学生着想，会亲切地给你解答问题。群里开匿名怕学生不敢问题，详细地解答每一步过程。\n\n讲的真的很好啦。\n\n最后绩点超级满意了，群里一片欢呼。\n\n表白郭老师和超级温柔帅气的助教小哥哥。\n\n大学第一个满绩，开森。
96283,2044,郭正初,2019-01-20 16:14:55,3,4,1,老师超好 助教超好 超好超好超好 给分也超好 差点蹦起来的那种好\n\n微积分嘛，我是不求老师讲的有趣的。但老师可爱啊，于是每节课都会向课友露出心领神会的微笑。\n\n放心选吧同志们。
96477,2044,郭正初,2019-01-21 04:56:21,1,1,0,郭老师很好的！讲课的话比较慢，讲的是课本内容，但考前会在群里发历年卷让我们做，上课再讲，一题一题很细心地讲。这学期的助教人也很好，习题课超赞，不过听说以后不当了...
98081,2044,郭正初,2019-01-23 05:04:29,3,3,0,老师和助教人都超好，上课很认真而且在群里也经常答疑，让我这个数学菜鸡居然得了一个不错的成绩！！
98219,2044,郭正初,2019-01-23 08:04:53,3,3,0,超级棒的老师，而且很谦虚，很可爱
99706,2044,郭正初,2019-01-25 05:23:43,2,3,1,上完张南松的概统回来，发现郭老师真的好的不能再好了！首先，讲课详细，尽管他自己也觉得“对不对”这样的口语习惯有些拖沓；然后，态度负责，问他题目一定会给你认真解答，哪怕问的题目很傻；最后，给分超好！什么叫尽力调分？郭老师这样的才叫尽力调分，真的很用心在给每个学生一个好年了！大爱郭老师，青年才俊，男神气质，慈母（开玩笑）风范！
100588,2044,郭正初,2019-01-26 11:05:29,3,3,0,男神！给分好！
109678,2044,郭正初,2019-06-18 10:15:06,-2,2,4,总体来说老郭不像一个老师。上课严格按照课本上，风格像上习题课。平时关心学生学习进度，敦促我们预习已经讲过的知识。对待学生提问态度也很热情，人非常好。  程度一般的同学值得考虑，如果不习惯上慢课不喜欢按课本上课的同学也值得考虑，就只听上课前15min老师复习上节课讲得知识点剩下时间水手机自习就好了。
110979,2044,郭正初,2019-06-29 02:58:44,4,4,0,吹爆！都给我选！
110995,2044,郭正初,2019-06-29 04:23:41,1,1,0,超级耐心超级可爱的老师
111031,2044,郭正初,2019-06-29 08:42:51,2,2,0,老郭人超好，超级可爱，上课会把书上的例题都讲一遍，上的很仔细，平时答疑也很认真，语速稍微有点快哈哈，但是这样我就不会睡着啦～呜呜呜期中考也很重要也要考好，这次我就是期中考没考好。男神!十分必须的!
111049,2044,郭正初,2019-06-29 10:29:46,4,4,0,老师人是真的好，没一点架子，很可爱而且也很谦虚。觉得老师讲的很细，跟着课本来，很有条理。
111205,2044,郭正初,2019-06-30 14:13:48,-4,4,8,呜呜呜呜太感动了，平时分和小测都给满了，微积分能4.5真的感动到爆炸了，虽然是因为微二比较简单，但是老师和助教都超级认真负责给分又好呜呜呜呜！！！
111216,2044,郭正初,2019-06-30 15:26:49,4,4,0,棒棒哒
112038,2044,郭正初,2019-07-03 09:09:42,3,3,0,老师帅帅哒，果然男人四十一支花，希望老师永远是男神
112278,2044,郭正初,2019-07-04 00:38:41,4,4,0,老师真的超级有耐心超级负责任啊，还特别谦虚
112377,2044,郭正初,2019-07-04 03:15:48,4,4,0,郭老真男神♪～(´ε｀　)
115417,2044,郭正初,2019-07-22 09:58:36,6,6,0,老郭好啊，宅子（助教）也好，给分也好，大家都好
116868,2044,郭正初,2019-09-17 02:05:13,-4,2,6,致留学生\n\n请你们慎选这老师 他讲课就像驾飞机那样 你还在原地理解时 他已经飞得十万八千里远了 ，微积分基础不好的 除非你自己私下好好努力学 不然第一堂课你就会懵懵懵
117219,2044,郭正初,2019-09-20 12:06:14,7,7,0,太强了
117409,2044,郭正初,2019-09-24 03:55:46,10,10,0,老师人很好 考虑学生的感受 有人没听懂会耐心说
118172,2044,郭正初,2019-10-22 03:32:13,7,7,0,好好好
118848,2044,郭正初,2019-11-07 03:44:09,18,18,0,巨可爱一帅哥，四川年轻帅小哥语速快幽默搞笑，经典场合有下课铃响说“啊下课了？” “这题【很简单 à】” “大家有复习吗？很多同学是预习对吧” “期中考没关系期末考好就好了（请问如何做到？？？）”以及刚开始的时候有同学跟不上就反复检讨自己心急语速太快。呜呜呜太可爱了！为了老郭我愿意忍受微积分之苦！and助教也很可爱！
119548,2044,郭正初,2019-11-13 12:08:10,6,6,0,很可爱的老师 有时候看他下课了还替别的同学解答 然后要迟到了就奔跑去上下一节课?心疼心疼
119559,2044,郭正初,2019-11-13 23:02:52,8,8,0,呜呜呜呜呜呜呜呜老郭可爱
120572,2044,郭正初,2020-01-13 02:46:33,5,5,0,帅气温柔又超可爱的老师!每一天都在戳老师和助教他们也都会耐心回答!敲棒（๑ `▽´๑)۶
121025,2044,郭正初,2020-01-19 09:14:14,5,5,0,微一上完听说别人的微积分老师平时分绝不给满我就更加认识到老郭的好～太好一个老师了平时分小测都会全部给满 人超级可爱超级好 理工男的偶尔刻意幽默真的超可爱无法抵抗（看得出来老师是个真实帅哥只是因为标准理工男打扮束缚了他的颜值） 上课不听其实问题不大 本人分数还不错 上课也没怎么听过 主要是能把平时分给满真的很感动 可惜不用再学微积分了不然认准老郭
122001,2044,郭正初,2020-01-29 15:29:46,7,7,0,怎么会有这么好的老师啊啊啊啊！我真的暴风哭泣！讲课细致 解答温柔！！神仙下凡！！！
122027,2044,郭正初,2020-02-02 02:33:05,8,8,0,太帅了太帅了太帅了男神男神男神好温柔好温柔讲课好好好好给分好好好好好！我爱你！😄
122193,2044,郭正初,2020-02-20 01:30:26,7,7,0,可可爱爱的老郭，上课讲题细致，认真听课分不会差的
122308,2044,郭正初,2020-02-24 02:13:02,5,5,0,老师又帅声音又好听，讲课很扎实，照顾学生感受，完美！
125052,2044,郭正初,2020-08-21 04:18:19,5,5,0,哈哈，老郭何时怎么变成四川小哥了，他是弗兰（湖南）小哥
125131,2044,郭正初,2020-09-01 13:52:07,5,5,0,太好了
125507,2044,郭正初,2020-09-10 16:28:50,6,6,0,永远的神
129171,2044,郭正初,2020-12-31 01:59:50,2,5,3,上课基本是带着解例题，有点无聊，但给分很好！疫情期间上的看不到具体分，我以为我期末凉了还是被捞上来233
140508,2044,郭正初,2021-09-13 06:51:52,2,2,0,太棒了
140920,2044,郭正初,2021-09-18 01:30:39,2,2,0,帅郭哈哈哈
142147,2044,郭正初,2021-11-08 00:57:54,4,4,0,我爱郭老师！！
144451,2044,郭正初,2021-12-21 14:10:21,5,5,0,能问下郭老师点名吗？
145211,2044,郭正初,2022-01-06 12:23:17,6,6,0,正哥超好超好超好！！！有颜值有情商风趣幽默讲课清晰，最重要的是我一个躺平人期末抱了几天佛脚最后被正哥捞到了4以上！！我爱正哥呜呜
146383,2044,郭正初,2022-01-06 11:45:14,1,1,0,正哥我爱你啊啊啊啊啊啊啊啊啊啊啊啊啊啊啊啊啊啊啊
146384,2044,郭正初,2022-01-06 11:45:55,3,3,0,啊啊啊啊啊特别温和的一个人！老是跟我们说对不起不好意思耽误大家时间了，在群里也很可爱！很负责很认真的老师
146388,2044,郭正初,2022-01-06 12:08:15,3,3,0,我艹，我都没想到我能拿到这么高JI。啊啊啊，老师爱你
146393,2044,郭正初,2022-01-06 12:29:29,3,3,0,男神级老师，又帅又温柔讲课好给分也好
146419,2044,郭正初,2022-01-06 14:31:09,3,3,0,郭老师真是又萌又不失风度。听他讲课，体验感非常好！
146431,2044,郭正初,2022-01-06 14:50:26,0,0,0,郭老师我的超人
146541,2044,郭正初,2022-01-07 01:39:08,6,6,0,正哥！从来没想过微积分能拿这么高的绩点！老师人超可爱！
146589,2044,郭正初,2022-01-07 04:01:05,2,2,0,老师真的很好很温柔，海底捞的力度很大
147284,2044,郭正初,2022-01-09 11:35:40,3,3,0,vjf给分好好呜呜呜！！！狠狠海底捞了❗️❗️❗️❗️❗️
157584,2044,郭正初,2022-06-24 02:32:07,-7,3,10,每节课都来的\n\n出分之后意识到，还不如不来\n\n因为不点名。然后考试前自学下就好了\n\n还有就是因为：没来的成绩也不见得考试考的比来的人差
157629,2044,郭正初,2022-06-24 05:50:36,4,6,2,男神，数据建模没几个人来，依然不点名，感觉好谦卑，给分也不错。
159528,2044,郭正初,2022-08-03 09:58:08,2,2,0,较细致
176459,2044,郭正初,2023-06-29 03:22:03,1,2,1,上课很好，给分也好，超可爱的老师~
176465,2044,郭正初,2023-06-29 04:04:53,-6,4,10,好老师，但是绩杀
184322,2044,郭正初,2023-12-17 04:40:18,2,2,0,最好的数学老师，很有耐心
186720,2044,郭正初,2024-01-12 16:33:13,2,2,0,给分真的超级超级超级好！
186735,2044,郭正初,2024-01-13 01:17:36,1,1,0,微乙I出分，感谢郭老师捞，前来打个满分
187139,2044,郭正初,2024-01-14 16:52:49,1,1,0,上的是微乙。点名是两次小测各点一次。老师讲课挺好的。就是自己太摆烂了，期中炸掉，后期补天可是还是没有成功，最后挂了。但还是很感谢老师，答疑的时候很有耐心。来年再战！还要选郭正初老师
187578,2044,郭正初,2024-01-16 15:50:01,3,3,0,微积分乙，只有两次小测前点名，很温柔的一个老师，会很耐心的回答问题
193259,2044,郭正初,2024-06-05 08:47:41,1,1,0,特别好的老师
194732,2044,郭正初,2024-06-25 06:35:32,4,4,0,上的郭老师的数据建模与分析；给分很好！考试也一点不为难学生！！推荐！！！
195094,2044,郭正初,2024-06-26 18:20:07,0,2,2,不点名
195631,2044,郭正初,2024-06-29 06:01:30,8,8,0,好老师！数据建模与分析更是好课，内容有趣也挺有用的
221194,2044,郭正初,2025-06-22 02:11:36,2,2,0,这学期数据建模给分奇低，当然可能是自己发挥的原因，但感觉无论如何给这个分数都算是偏低了。大家慎选，老师应该是希望选的人少一些，不过说不定下学期就恢复从前的给分情况了QAQ
221204,2044,郭正初,2025-06-22 03:07:59,0,2,2,首先承认课程本身内容充实有用，老师讲的也很好。但是和之前的高赞评论 “上的郭老师的数据建模与分析；给分很好！考试也一点不为难学生！！推荐！！！”（https://ibb.co/ycWPMMYK）形成鲜明对比，今年考试显然地比前几年有回忆卷的题目难，而且评判严苛。\n\n\n\n如果真如传的“希望选的人少一些”，限制容量不行吗？期末出难一点就算了，结果看起来没有给什么情面。期末周开始就开始复习，考试也基本写完了（8道简答题，一个6分，占用大概 3/5 的时间），最后成绩比去掉不确定的分数后还低（权且算我计算错了也好，那就是能不给的就基本没给），最后还在群里说“有好几个满绩的”，有意义吗？
221460,2044,郭正初,2025-06-24 01:03:03,0,1,1,郭老师上课内容难但充实，一学期学到了很多东西！但是平时上课到课率甚至没有10%，感觉能看出来郭老师有点伤心了。个人给分挺好的，代码作业，论文作业和期末考试都有好好完成。希望学弟学妹可以多多去上课，给老师一点回应吧
80,2061,陈军杰,2015-03-14 15:42:13,10,27,17,作业多的要命！上课用手写的投影，感觉讲的一般…
695,2061,陈军杰,2015-03-15 15:12:00,13,61,48,完全不好玩
788,2061,陈军杰,2015-03-17 03:21:50,1,16,15,枯燥无味
865,2061,陈军杰,2017-02-28 02:22:06,5,37,32,没有逻辑废话连篇完全不想听
884,2061,陈军杰,2015-03-18 10:28:42,45,74,29,讲课思路不是非常清楚，但说好听点可以是不拘泥于书本，所以对有一定基础的同学而言提供了较多的开阔思路的内容。我只是觉得上面的评价太偏颇了，所以给点正能量。7分
939,2061,陈军杰,2015-04-09 05:06:23,0,9,9,呵呵
1140,2061,陈军杰,2015-04-02 01:51:35,15,43,28,一开始好好的，突然就完全不造他在干嘛了，人也越来越少
1330,2061,陈军杰,2015-03-22 00:08:54,8,27,19,真心听 不 懂  准备好自学吧…
1872,2061,陈军杰,2015-03-26 03:08:42,-2,8,10,索然无味，建议何延或陈景辉
1894,2061,陈军杰,2015-03-26 04:41:59,6,22,16,微积分1挂了，绩点从4+变成了3.5+。口音特别重，开始几周听不懂，他讲得很深入，展示他研究的高深内容(我认为浪费时间)适合能力好的同学，思维跳跃。总体折中
2056,2061,陈军杰,2015-03-31 02:40:37,0,9,9,逻辑混乱，吐字不清还说那么快，投影看不清，写的字又不清楚，醉了……不过还是挺认真讲的。
2059,2061,陈军杰,2015-03-31 03:56:51,1,9,8,坑爹(￣∇￣)已准备自学
2193,2061,陈军杰,2015-04-07 08:52:03,-11,15,26,老师课外能讲很多，让你对微积分理解更深入！适合认真学习的学生
2300,2061,陈军杰,2015-04-17 09:36:16,-6,9,15,认真的听，其实老师讲的不错。
2439,2061,陈军杰,2015-05-02 01:23:35,1,12,11,有深度，但前提是你得认真听，否则要自学喽~
2669,2061,陈军杰,2015-05-05 05:16:08,-29,18,47,好老师啊，我微一满绩
2762,2061,陈军杰,2015-05-07 02:56:16,-3,8,11,微一微二都是他的。微一的时候感觉还行，就是上课前需要预习不然很容易不知道他在讲什么。微二……无力吐槽突然开始逻辑混乱语无伦次……
2895,2061,陈军杰,2015-05-10 13:25:49,2,11,9,不造他在讲什么
2972,2061,陈军杰,2015-05-12 02:53:07,0,10,10,废话特别多，自以为自己的上课方法很好，下面听得快烦炸
3000,2061,陈军杰,2015-05-12 14:34:06,-3,12,15,讲得很拓宽学生的眼界，不拘泥课本，有自己的一套方法，有时候确实有一点混乱，但是和老师讲的无关，一道题能够归纳总结出很多方法，很认真！
3134,2061,陈军杰,2015-05-16 02:23:31,-1,10,11,上课比学生都能水手机的老师也算奇葩一朵，注意是上课
3233,2061,陈军杰,2015-05-22 01:25:26,-1,22,23,上课炒股的老师啊！说好的为人师表呢！你平时炒股没人管，上课动不动就抛出一个无聊的问题，然后开始低头炒股啊！每次为了抢开盘就9：30就下课，能不能别这么坑！
3415,2061,陈军杰,2015-06-11 06:29:52,-2,6,8,讲课思路混乱，极差，给分极低!
3466,2061,陈军杰,2015-06-16 06:32:32,3,7,4,给分好就够了
3487,2061,陈军杰,2016-12-08 00:27:25,0,29,29,整天说:我们来玩一下～玩你妹啊！根本不按书上讲，讲一堆其他的！老子书本知识都没弄懂，你教的可是微一啊！基础好吗？就不能靠谱地把知识点讲清楚?
3586,2061,陈军杰,2015-06-17 01:44:06,1,5,4,听不懂在说什么…
3761,2061,陈军杰,2015-06-17 03:33:24,-1,4,5,很不好\n\n
3929,2061,陈军杰,2015-06-17 10:14:33,0,9,9,口音重 耳朵难受 没有逻辑
4125,2061,陈军杰,2015-06-18 01:21:11,1,11,10,上课总讲些没用的，还自以为很厉害
4713,2061,陈军杰,2015-06-26 12:07:16,60,81,21,虽然大多数人不喜欢陈老师的课堂，但如果真心想学数学的话，他的课堂还是不错的。讲得有深度，网盘里还有各种证明与练习(包括老师自己的一些数学思想)，还是不错的。
5856,2061,陈军杰,2015-07-09 15:37:25,1,4,3,无
7537,2061,陈军杰,2015-09-15 02:51:12,1,6,5,疯了才会听，果断跑路
7540,2061,陈军杰,2015-10-20 02:42:42,-3,1,4,炒股大师LCPY
7543,2061,陈军杰,2015-09-15 03:07:58,0,5,5,吐血
7565,2061,陈军杰,2015-09-15 04:26:59,-2,5,7,坑啊
7684,2061,陈军杰,2015-09-15 09:00:35,-2,7,9,炒股老师，建议开除
7720,2061,陈军杰,2015-09-15 10:47:19,-2,6,8,预置了就算自己踩到狗屎了吧
7763,2061,陈军杰,2015-09-15 12:41:56,-1,1,2,还好
7963,2061,陈军杰,2015-09-16 08:49:00,0,3,3,大一狗表示听不懂
8515,2061,陈军杰,2015-09-22 04:33:06,0,3,3,职业坑
8532,2061,陈军杰,2015-09-22 07:04:55,2,5,3,不知所云
8547,2061,陈军杰,2015-09-22 07:52:29,-1,4,5,完全不知道在说什么
8846,2061,陈军杰,2015-09-29 02:09:43,1,5,4,人真是越来越少了啊……
8847,2061,陈军杰,2015-09-29 02:11:25,-1,3,4,听不懂\n\n
8952,2061,陈军杰,2015-10-04 04:50:00,0,8,8,之前听他课之前一直听说他讲得不怎么样，但是听了之后发现，事实不是这样的，真相是——\n\n\n\n\n\n\n\n\n\n\n\n\n\n\n\n\n\n\n\n\n\n\n\n\n\n\n\n\n\n你确定他在讲课？
8974,2061,陈军杰,2015-10-07 17:12:16,-1,3,4,真是坑
9094,2061,陈军杰,2015-10-13 02:57:31,0,5,5,一上课就想睡觉
9194,2061,陈军杰,2015-11-23 10:05:01,-1,1,2,………………
9430,2061,陈军杰,2015-10-27 03:31:53,7,11,4,感觉很有意思啊，是个好老师
10854,2061,陈军杰,2015-11-23 07:16:29,16,20,4,其实是个好老师
11557,2061,陈军杰,2015-12-05 03:33:24,-4,2,6,再也没去过
12144,2061,陈军杰,2015-12-22 05:07:31,2,6,4,退课保平安
12228,2061,陈军杰,2015-12-22 12:01:01,0,3,3,535656
12672,2061,陈军杰,2015-12-24 00:57:49,3,4,1,哈哈哈
13538,2061,陈军杰,2015-12-29 04:40:24,-2,4,6,妈蛋听了一个学期就不知道他讲课的思路在哪里
15521,2061,陈军杰,2016-01-15 05:29:00,0,1,1,还行吧
16275,2061,陈军杰,2016-01-17 15:50:59,1,4,3,口音让人醉！
16317,2061,陈军杰,2016-01-18 02:42:50,1,6,5,垃圾老师，毁我微一………………SB得要命，退课保平安，\n\n
16325,2061,陈军杰,2018-08-25 06:22:50,232,327,95,陈老师，当初总是给你打一分，是我的不对，直到今天考试，你告诉我们哪题简单，才发现你那么关心我们，虽然我还是挂了，但这次，我给你10分
17499,2061,陈军杰,2016-01-20 10:11:10,8,9,1,好好好\n\n
17500,2061,陈军杰,2016-01-20 10:11:33,4,7,3,没功劳也有苦劳。。
17833,2061,陈军杰,2016-01-21 02:26:53,6,8,2,非常好
18348,2061,陈军杰,2016-01-21 13:09:04,21,28,7,那些说他毁你们微1的，呵呵\n\n个人觉得jjchen讲得很好啊，玩家做法嘛\n\n真的好。
19395,2061,陈军杰,2016-01-24 05:22:23,-3,5,8,辣鸡老师，乱给分！就一分都不给！气死我了
19430,2061,陈军杰,2016-01-24 08:08:42,6,11,5,老师给分很好的，虽然讲课讲的不好，需要自学，但给分很不错，好好自学吧，最好不要问问题。
21327,2061,陈军杰,2016-02-28 04:36:01,-1,3,4,每次都是 来 我们来玩一下 适合于有很好基础的人 预置了就好好预习自习吧
21756,2061,陈军杰,2016-03-01 03:37:24,-1,4,5,差评哦
21757,2061,陈军杰,2016-03-01 03:38:13,-1,3,4,可怜可怜吧
21785,2061,陈军杰,2016-03-01 06:04:46,5,6,1,超级好玩！
21786,2061,陈军杰,2016-03-14 03:30:12,8,10,2,好老师！！！
21964,2061,陈军杰,2016-03-02 02:43:09,-3,1,4,。。。
21986,2061,陈军杰,2016-03-02 04:21:07,0,3,3,不想说什么了。。。简直。。。能换尽量换吧
22450,2061,陈军杰,2016-03-06 06:34:03,1,3,2,。。。
22702,2061,陈军杰,2016-03-10 04:17:11,0,3,3,听了还不如看书 讲得乱七八糟
22944,2061,陈军杰,2016-03-15 04:15:36,0,2,2,不怎么样
22981,2061,陈军杰,2016-03-15 23:56:12,2,5,3,我们来玩一下~
23060,2061,陈军杰,2016-03-17 00:11:27,1,2,1,老师上课的时间表情丰富夸张
23279,2061,陈军杰,2016-03-23 12:12:28,0,3,3,作业多的爆炸，上课逻辑混乱不知道在讲什么
23474,2061,陈军杰,2016-03-31 02:04:13,-1,2,3,拿着话筒讲课常常突然就提高音量，非常吵
23478,2061,陈军杰,2016-03-31 03:43:10,1,3,2,讲课靠吼，声音超级大，听着很难受
23794,2061,陈军杰,2016-04-17 05:00:33,-2,1,3,巨坑巨坑
23847,2061,陈军杰,2016-04-18 15:37:40,6,6,0,他完全沉浸在自己的数学世界里，跟不上他……但是是一个很负责任的老师，也很有思想
24093,2061,陈军杰,2016-04-27 03:03:49,32,38,6,浓浓师生情，老师很负责。想上天跟他飞。\n\n
24224,2061,陈军杰,2016-10-08 01:23:29,111,137,26,我觉得大家的评价都太过了，我只上过陈老师的微2，老师讲得非常清楚，说什么突然提高音量的，对玩一下有意见的，你真的是在上课吗？我怀疑就是找个理由喷老师。更何况这些不能算问题的问题都不过是偶尔出现，这些不过是老师的讲课风格。至于炒股，可能是经过提醒吧，我上完微二也没见过一次上课炒股或者为了炒股提早下课的情况发生。反而有时为了完整的讲完一个问题而拖堂，而上课让我们做题目一共没有几次，每次都没怎么想呢老师就讲了，我还巴不得老师炒炒股让我多想几分钟。各位不要被顶高的评价骗了，我这里就是为陈老师正名，我很高兴我能有这运气上到陈老师的课
24291,2061,陈军杰,2016-04-29 07:24:17,7,9,2,坐等微二成绩，给9分
24453,2061,陈军杰,2016-04-30 14:19:28,66,89,23,很好的老师，怎么个好法呢？一，你可以不来上课，二，想好好学的人前三排随便坐，适合有基础的人，而非混日子的人。三，人品好，四，现在上课不炒股（若非看到学习帝以前的评论，谁会信老师炒股？书里夹过一张写有股票的纸，全班也就我留心过，没人知道他曾经上课炒股，五，我竟然不知道老师的分那么低，我觉得满分，六，手写的投影，一些常见字你需要认识，高中某些老师写板书也这样，简笔，异体字，不过你看不懂就，数字，符号都可以，汉字个别要猜，不过应该好懂了，七，口语，浙江口音，相比上学期我的大计基老师，陈老师好多啦!能听懂的，八，“玩一玩”口头语而已，不必太在意，九，突然大声，否则你会走神，会睡觉，有啥不好的？我当天上午，微二和大物一起上，大物总睡，微二从未睡过。十，你需要提前预习，好好复习，作业还好，不多，还会有一些拓展的思考题（不算作业）。很好的。我说的是真心的。
24461,2061,陈军杰,2016-04-30 14:38:19,13,20,7,其实陈老师挺好的，我上了他的微二，虽然上课完全根据自己的进度安排，但是还是很有逻辑的，预习挺重要的，这样就能很好的跟进老师的进度。最喜欢的是复习阶段老师会给我们总结很多东西。还有很喜欢的是，老师总会补充课外的知识，比如纬圆法求曲面方程，感觉学到了很多课本以外的知识，都是老师自己总结的。总之，也可能微二比较简单，觉得陈老师教的很好，大家不要看评分低就以偏概全吧。(而且上陈老师的课从来不用起很早去占座⊙▽⊙，超级开心∩_∩)
24465,2061,陈军杰,2016-04-30 14:45:56,23,28,5,其实感觉老师蛮好的，也没有什么评论里的上课炒股巴拉巴拉的一堆。感觉是蛮负责的人，上课前不好好复习会有点跟不上，也会分享各种思考题。以及确实有口音问题，有时候反应不过来他说的什么。总的来说老师真的蛮好的～各位不要被评论吓坏～放心选陈老师吧～
24493,2061,陈军杰,2016-04-30 16:15:26,10,13,3,考试前一天还在微信群里答疑 感动
24514,2061,陈军杰,2016-05-01 02:48:27,-2,4,6,作业太多。。别的班的几倍吧 不点名 上课从来没去过 投影仪上字太丑 不知道在讲什么 微二完全自学
24579,2061,陈军杰,2016-05-02 03:34:15,-2,5,7,没逻辑 想起什么讲什么\n\n用投影 对面教室快炸了这边前五排基本没人\n\n教的差就算了绩点还奇低  微二3.9的去哭了
24595,2061,陈军杰,2016-05-02 05:20:41,-1,2,3,(¬､¬);;; 一脸懵逼
27766,2061,陈军杰,2016-06-27 12:21:59,1,3,2,还不错。
27906,2061,陈军杰,2016-06-28 04:16:58,-1,1,2,，，\n\n
28900,2061,陈军杰,2016-12-07 09:28:58,2,4,2,挺好的\n\n
28902,2061,陈军杰,2016-06-29 03:06:53,7,7,0,上了别的老师的课，才知道陈老师才是有追求的好老师啊
28906,2061,陈军杰,2016-06-29 03:08:01,0,2,2,自由学习
30707,2061,陈军杰,2016-07-02 09:18:51,3,6,3,微二微三都是他。之前微二时候不太适应，就是他讲的很深入，补充内容看似很多的样子又好像很难很刁钻。但是上了一个学期之后适应了，认真自学加听他上课看他的题目会发现他真的很厉害，教你的方法很好用的。虽然因为之前评价差班里只有十来个人，但他还是很认真的在讲课。希望大家不要被评论吓到大胆选认真学，另外他平时分给的很好是真的。
33388,2061,陈军杰,2016-09-19 04:11:49,7,7,0,老师上的非常好
33547,2061,陈军杰,2016-09-20 04:40:21,4,4,0,还好吧
33799,2061,陈军杰,2016-09-22 00:45:39,5,6,1,挺好的啊，很认真的人。
34098,2061,陈军杰,2016-12-22 00:30:19,-1,2,3,没有对比就没有伤害
34451,2061,陈军杰,2016-10-11 02:04:55,0,1,1,。。。
34530,2061,陈军杰,2017-03-02 03:27:57,1,3,2,我……\n\n\n\n
34736,2061,陈军杰,2017-01-05 07:13:55,5,7,2,非常好，很负责
35189,2061,陈军杰,2016-11-04 03:58:27,2,4,2,作業真的超級多好嗎。。有一次佈置了30道題「微笑」，上課的音量變化挺大，但是好想讓我睡覺，可能是我自己的原因。真的需要預習複習，要不然跟不上，上課速度超級快，我們都要學完了別人才講到一半的那種。
35618,2061,陈军杰,2016-11-10 07:34:07,1,3,2,不错的老师，不过自己也要有毅力。
35890,2061,陈军杰,2017-01-19 01:44:03,11,11,0,感谢陈老师不挂之恩
36054,2061,陈军杰,2016-11-10 10:58:23,0,4,4,大四了，大一微三满分，大学唯一一个满分，从来没听过他上课
37216,2061,陈军杰,2016-12-20 01:50:32,5,6,1,其实真心不错
38527,2061,陈军杰,2017-03-15 19:09:46,2,3,1,预习的话应该是不错的体验，上课完全可以训练你的思维。我觉得老师挺好的，下次上课前我先预习好。
38899,2061,陈军杰,2016-12-19 17:13:05,4,8,4,军杰男神。
38921,2061,陈军杰,2016-12-20 01:41:18,9,10,1,老师很不错，只要你是爱学习的学生，都没问题。老师真的是在讲知识，不拘泥于考试得高分，我们应该有正确的价值观。那些混日子的，肯定跟不上啊！好老师！
38946,2061,陈军杰,2016-12-20 03:09:09,11,14,3,好老师，很有思想，考前也会有自己弄的练习题提供，对考试帮助挺大，讲的也还不错，只是稍微有一点口音，很快就会习惯的
39048,2061,陈军杰,2016-12-21 00:57:17,10,15,5,陈老师真的很好，虽然我不知道为什么他的分数这么低，但我还是觉得这是一个很有思想的老师，只要认真听收获真的挺大的，只是有些人可能不习惯他的讲课方式罢了吧。
39318,2061,陈军杰,2016-12-22 05:30:04,8,10,2,挺好哒
39362,2061,陈军杰,2016-12-22 07:48:40,-7,4,11,你们好愚蠢 竟然不懂什么叫炒股 这么瞎逼逼 突然提高声音 还经常玩玩 只能呵呵 愚蠢 low and cheap and boring
40296,2061,陈军杰,2017-01-01 15:49:23,25,27,2,虽然我自己学的不怎么样，但陈老师真是很负责
40345,2061,陈军杰,2017-01-03 04:02:37,21,22,1,绝对好老师，很负责
40771,2061,陈军杰,2017-01-05 10:46:43,3,5,2,好老师，课上会讲一些老师独特的想法，认真预习过再听会很有收获，考前老师会提供很有用的复习题。
42611,2061,陈军杰,2017-01-14 14:48:30,6,7,1,挺好的，补充内容挺多的
42718,2061,陈军杰,2017-01-15 03:35:15,2,8,6,浙大最好的微积分老师
43182,2061,陈军杰,2017-01-16 02:57:39,6,6,0,挺好的，认真负责
44629,2061,陈军杰,2017-01-18 05:01:11,3,5,2,老师很认真负责啊，除了上课有一点口音其他都挺好的
45028,2061,陈军杰,2017-01-19 00:28:43,4,6,2,陈老师上课很有特色，更多的是培养学生的数学思维，而不是按部就班地念课本，还有，老师真的是很负责啊，给同学们提供大量练习题，在微信上为同学们答疑，而且在考前会专门留出一次复习课。真的是很好的老师！
45034,2061,陈军杰,2017-01-19 00:41:08,2,4,2,文科生基础不好的学生一定要做好预习做好预习做好预习……
48088,2061,陈军杰,2017-02-28 11:02:41,-2,6,8,是他改过自新了  还是请水军了  我感觉和我当年微一不是一个老师
48235,2061,陈军杰,2017-03-01 11:11:24,4,5,1,很棒的老师，浙大最负责的微积分老师之一
48735,2061,陈军杰,2017-04-24 13:06:50,3,4,1,陈老师超级棒啊，考前会给你好多资料和题目，很尽心的老师。好好听课还是有很多收获的。
49667,2061,陈军杰,2017-04-23 04:40:34,-3,1,4,nice， kind， helpful
51645,2061,陈军杰,2017-06-08 02:43:45,-1,4,5,不喜欢他的讲课方式
51651,2061,陈军杰,2017-06-08 03:26:33,4,5,1,非常负责的老师，不要因为评价先入为主。不妨自己听一下再评价。
52423,2061,陈军杰,2017-06-20 02:56:20,0,2,2,老师负责就是听不懂
54869,2061,陈军杰,2017-06-30 10:51:38,4,5,1,很好的老师
55696,2061,陈军杰,2017-07-02 08:00:50,35,38,3,写在出分前，两个学期上的都是陈老师的课。老师口音确实有一些，作为北方人一开始听课有点吃力，后来逐渐适应后感觉如果认真听真的会有很多收获。陈老师上课会出一些很新颖的思考题，注重培养同学的思考能力，会拓展很多实用的方法，一看就是很认真的备过课，绝对不像很多数学老师就会默写课本。从考试来讲，陈老师对历年试题研究的也很透彻，平时会发资料，考前会发针对性的练习题，把可能考察的点跟同学讲明白。人无完人，陈老师上课有时会讲的跳跃。这点老师自己也承认过，说怕想讲的话过会就忘了，所以随时会插话。由于经常拓展，基本内容可能会讲的少一些，基础不好的同学课下应多注重自主学习，毕竟都大学生了。总之，很感谢在大一遇到了这么好的老师，祝陈老师和各位同学前程似锦。
56894,2061,陈军杰,2017-07-05 02:45:20,11,13,2,老师超级负责，会提供很多资料，非硬性规定要求（虽然个人比较懒惰没怎么做过，但很有针对性），还有上课都好好备课，内容丰富，但好多人自己不好好上课就诋毁老师真的过了。
58580,2061,陈军杰,2017-09-05 14:31:57,-1,1,2,……123
58785,2061,陈军杰,2017-09-17 12:23:05,0,3,3,非常好
58973,2061,陈军杰,2017-09-19 03:05:53,0,4,4,心中有一千万个妈卖麻批不知道当讲不当讲的感觉……\n\n一点逻辑性也没有！！！口齿不清
58998,2061,陈军杰,2017-09-19 04:58:56,1,3,2,已准备好自学
59319,2061,陈军杰,2017-09-21 00:51:33,1,3,2,困死了
59336,2061,陈军杰,2017-09-21 02:44:52,-1,4,5,他让我放弃了微积分
59341,2061,陈军杰,2017-09-21 02:56:03,1,4,3,上了第一节课，又很多我们高中没讲过的东西叫我们自学，听不懂
59703,2061,陈军杰,2017-09-26 03:47:50,2,7,5,让我明白自学的重要
59706,2061,陈军杰,2017-09-26 04:16:07,2,4,2,讲这么快？？基础都不打…………听不懂……已准备自学……
59859,2061,陈军杰,2017-09-27 23:43:14,3,6,3,哭死在他飞快跳跃的节奏上，上节课默默地听到他说他难得讲的这么慢，微积分可能不适合我，哭泣…
59896,2061,陈军杰,2017-09-28 05:55:22,17,19,2,上第一节课的时候觉得老师真的上的飞起，但是后面几节课我感觉真的上的很好。觉得陈老师是会默默看我们发到微信群里的建议的，后来讲课都会有意慢一点。没错，老师上课是有点跳，但是做好预习就会觉得老师的思路还挺合理的。作业也不多，正常的江浙口音。
61020,2061,陈军杰,2017-11-07 04:23:49,-1,3,4,拖课那么久 我中午只有40分钟时间你知道吗 下午还要做实验
61021,2061,陈军杰,2017-11-07 04:23:55,0,3,3,天天拖堂，我就呵呵
61022,2061,陈军杰,2017-11-07 04:24:30,1,5,4,拖课严重，讲课无聊。能不选就别选他
61347,2061,陈军杰,2017-11-16 02:55:03,39,45,6,凌晨还在答疑
63746,2061,陈军杰,2017-12-14 02:31:52,2,6,4,好老师，负责任 思想深刻 有时候还会开玩笑\n\n
65585,2061,陈军杰,2018-01-06 14:30:21,0,7,7,听不懂，再见
65613,2061,陈军杰,2018-01-07 08:58:15,5,10,5,不知道那些喷老师的人是怎样的想法，自己不好好预习上课听不懂看不懂就要怪老师，这还是幼儿园小朋友的思想。陈老师很负责，考试类型的题目也大部分都讲过，还有一些拓展思维帮忙理清思路的，实话，你看懂了，预习了，那么就是玩一玩的事！必须给10分！
65696,2061,陈军杰,2018-01-08 09:27:53,8,11,3,我给陈老师十分，很负责任，想水的不适合陈老师的课。陈老师全程手写，而且还会提供课后提高的题目与答案，全是手写。我给十分
65758,2061,陈军杰,2018-01-09 04:35:11,5,8,3,陈老师的课确实是纯手写 辛苦他了 但是他的字迹看起来很累 不管是讲课的内容还是课下小练习题 字迹真的看上去超累的\n\n毕竟我是菜狗 陈老师的课不适合我 大佬自便吧 \n\n同时期上了李将云的线代 对比十分鲜明 很遗憾下学期没有选上将云伯伯的微积分 很庆幸不再是陈老师的微积分
68297,2061,陈军杰,2018-01-26 14:25:29,6,8,2,出完成绩认真评一发，成绩很烂因为自己平时不是很努力，但是客观地讲老师非常认真负责，微信群会经常发好题，认真做一定有收获。考前在群里答疑，考后在群里核对小测分期中分，可以说是非常照顾同学了。上课的话有一点浙江口音，讲得应该是很不错的，但是比较跳跃，适合思维活跃或者做过预习工作的同学。上课听了一定很有帮助，可是我这学期没认真听，还是很后悔的TAT总之老师不错的，但是最好自己努力或者说基础ok的同学选。
68494,2061,陈军杰,2018-01-23 09:22:34,2,6,4,GOOD
68861,2061,陈军杰,2018-01-24 03:50:54,3,6,3,很棒的微积分老师，知识体系独到，认真听会有很大收获。很可惜微I没有考好，下学期还是老师的课，希望再接再厉。
69130,2061,陈军杰,2018-01-26 13:33:02,4,6,2,讲课会教一些有深度的内容，可能会感觉思维比较跳跃，在最后的总评中不会在平时小测的分上放水全给满分，但个人感觉教的真的很好
69163,2061,陈军杰,2018-01-24 09:16:18,5,7,2,给九分，认真听了他两周的课真心听不懂（高中学过微积分），怒退。但没退他的群。一学期下来发现老师非常认真给学生发资料发答案答疑。人真的很好，也许讲课风格不适合大多数学生吧，尤其是比较挑老师的。
70358,2061,陈军杰,2018-01-26 13:46:25,0,2,2,认真听会有不少收获
70371,2061,陈军杰,2018-01-26 13:59:47,3,6,3,老师很和蔼也很亲切，会在微信群里关注同学们的问题并且一一回答，最后期末的时候核对也很认真，下学期还是老师的课，认真听会有收获。
70393,2061,陈军杰,2018-01-26 14:33:55,4,8,4,怎么说呢，可以看出老师很认真，尤其是整理的网盘资源和课外题都特别好。但是，老师有点口音，话筒也时好时坏，有时候莫名的自嗨，听课效果不行，可能坐前两排好一些，综上所述，不吹不黑，7-8分吧差不多。
70398,2061,陈军杰,2018-01-26 14:40:44,12,15,3,我上的是老师的微一。老师真的很好，有丰富的习题供自由选择，知识体系独到，需要一两节课的时间适应。非常认真负责，资料全是一张一张手写的，考前还在答疑，考后帮同学们校对分数。不懂为什么老师分这么低。。。很幸运微二还是陈老师的，希望再接再厉。
70424,2061,陈军杰,2018-01-26 15:07:50,3,7,4,老师的课很有趣，而且老师会在课后很耐心的帮助我们，还给我们习题，很好的一个老师。
70544,2061,陈军杰,2018-01-27 01:18:52,-8,4,12,虽然期末考不咋滴也有82，谢谢老师
70828,2061,陈军杰,2018-01-27 14:49:04,-3,1,4,想睡觉
73077,2061,陈军杰,2018-02-01 01:16:42,1,2,1,讲课有深度，自学内容多，适合优秀学子！
73955,2061,陈军杰,2018-02-03 23:16:11,1,2,1,谢老师不挂之恩
74586,2061,陈军杰,2018-03-04 06:13:28,6,10,4,说真的，自己刚开始也不喜欢陈老师，觉得他讲课不清楚，还经常不是重点。后来，我发现真的是自己个人的问题。我不敢说陈老师是讲的最好的，但我敢保证，只要按照陈老师的要求学了的，数学基础有文科中等水平的，都能取得好成绩！！！而且，陈老师很为学生考虑！！！特别负责！！！真的是位德才兼备的好老师！！！
74896,2061,陈军杰,2018-03-06 09:48:57,0,0,0,习题课。。
75145,2061,陈军杰,2018-03-07 13:46:44,5,5,0,很不错
75230,2061,陈军杰,2018-03-08 06:05:08,3,5,2,之前看到查老师的评分把我吓了一跳，但上了他的课才觉得陈老师讲得很好啊。讲课思路很清晰，也有新意。课堂不沉闷，知识点都是先引入再深入。很喜欢他对于数学的思维。在这里我给陈老师10分。口音什么的专心一点也没什么的哈哈
75420,2061,陈军杰,2018-03-11 13:37:17,7,8,1,很负责任的老师啊，不是很清楚为什么分数会这么低…
76136,2061,陈军杰,2018-05-22 08:22:09,12,15,3,其实老师作业和别的老师差不多。可能是微二相较于微一是多一些。但是微二比较难，多写写题还是有好处的。
76304,2061,陈军杰,2018-04-02 09:40:54,77,87,10,老师干货太多 助教太棒\n\n给中国好助教打电话\n\n（杜先生 奶思）
76312,2061,陈军杰,2018-05-22 00:55:42,3,9,6,讲课声音太大有时候都听不清，上课没什么内容，课后发的补充材料还行
76459,2061,陈军杰,2018-04-10 04:07:51,4,8,4,基本靠自己看书吧哈哈哈
77058,2061,陈军杰,2018-04-30 10:26:29,4,6,2,好！
77159,2061,陈军杰,2018-05-03 08:38:48,2,3,1,流年不利啊，这题目出得，考的是智商吧
77163,2061,陈军杰,2018-05-03 08:38:31,4,5,1,给老师10分赞赞人品
77166,2061,陈军杰,2018-05-03 08:47:26,1,1,0,求老师保我
77342,2061,陈军杰,2018-05-05 00:34:31,1,3,2,虽然老师讲的我听不懂，但是老师真的很负责，也很可爱。虽然作业很多。有时候还拖堂。
79497,2061,陈军杰,2018-06-07 05:45:44,4,10,6,老师非常负责，上课听不懂的人主要是因为没预习，老师上课有深度，不照本宣科，喜欢同济教材，我觉得很棒！而且他准备的材料非常好，不论是习题课的材料还是考试复习的材料，都很棒！还有就是老师人非常好！给我的感觉就是他非常希望我们拿高分，两次小测，第二次小测为了让我们拿高分，不仅题出得相对简单，而且还弄了道算入记分的附加题，真的很感激陈老师！
79799,2061,陈军杰,2018-06-14 00:27:07,12,12,0,给陈老师正名
80171,2061,陈军杰,2018-06-21 02:58:29,2,8,6,老师自己讲得很high\n\n但是能不能多顾及一下学生。。。
80488,2061,陈军杰,2018-06-27 04:25:20,13,13,0,玩家级别，不是玩家玩不起，上课就一直仰望他那种高端玩家
80791,2061,陈军杰,2018-07-01 06:04:59,5,6,1,老师很好！给十分！
81053,2061,陈军杰,2018-07-03 12:51:26,6,9,3,真的真的很喜欢陈老师啊！微积分上和下都选了他的课，会给我们提供特别多的资料和题目，对我们真的很好，小测也都是为了让我们多拿分！上课明明就很有意思啊，偶尔会冒出金句，很能调动课上的气氛，就算是早课也没有让我有一点困意～而且每次不小心拖堂都会和我们说不好意思又欠了大家几分钟。真的是人品上课都很棒的老师，上课节奏虽然紧凑但是认真听真的能学到特别多！
81069,2061,陈军杰,2018-07-03 13:56:37,5,7,2,老师是真的好老师，我不配学微积分
81070,2061,陈军杰,2018-07-03 13:58:56,6,6,0,老师真的认真负责有意思，资料给的全，可惜我不配做他的学生。
81082,2061,陈军杰,2018-07-03 15:52:36,5,7,2,考前给老师打个十分\n\n老师讲的很棒\n\n只求老师顾及师生情不要让我挂科(〒︿〒)
81112,2061,陈军杰,2018-07-04 03:11:24,7,9,2,难得有灵性的老师。学生要去适应老师，最开始觉得用手写投影这点很奇葩，后来觉得这样很数学很古典。\n\nPS陈老师真的对整理资料很有一套，上他的课绝对能把十年之内的题见过一圈。老师自己还有多年以来总结的精华。\n\n 满分。
81122,2061,陈军杰,2018-07-04 05:14:58,16,23,7,写在出分前：\n\n1.老师讲课的确听不懂，这个问题是存在的，建议去听隔壁陈景辉老师的课（因为选不上只能旁听了，陈景辉思路清楚一点，学起来比较轻松），不然基本靠自学，自学效率因人而异，不过总之很累。2.老师好在虽然上课讲的你听不懂，但是不点名，小测会提前说，资料整理的很齐全，定期在群里发复习资料，而且在群里答疑。不去上课的话注意关注群里的通知，而且多问问去上课的同学（万一点到了呢，虽然从来没有过）3.平时分不水，小测不是随随便便能拿满分的，但是老师也不是故意不让你拿分，会有附加题，好好学还是可以拿到满意的分数。
81205,2061,陈军杰,2018-07-09 04:16:57,30,33,3,头号玩家陈军杰
81206,2061,陈军杰,2018-07-04 09:45:20,3,4,1,老师讲的很有深度，还会提供很多资料。
81207,2061,陈军杰,2018-07-04 09:46:19,6,6,0,老师给的学习资料特别多 认真负责 很优秀
81212,2061,陈军杰,2018-07-04 09:50:48,10,12,2,陈老师是很棒的微积分老师。首先非常负责，资料全手写，会提供很多的习题供你选择，平时会密切关注微信群，经常在群里达疑。对于很多题型也能提出比较系统的解决方案。非常幸运我的微一和微二都是陈老师。另外陈老师出题思路很活，期中就被虐了，还要继续努力啊。希望陈老师的学生都能成为头号玩家！
81214,2061,陈军杰,2018-07-04 09:52:06,3,5,2,最强玩家JJ陈！
81216,2061,陈军杰,2018-07-09 07:35:28,13,18,5,有一种老师是他用发自内心的热爱去教学的，jjchen就是这样一位好老师，跟着他好好学吧
81219,2061,陈军杰,2018-07-04 10:20:33,14,15,1,感觉老师还是很认真负责的，会给我们按模块整理往年有价值的试题（感觉做完老师给的题比一套套刷试卷要有效率），上课用的是实物投影(是很认真的手写)，偶尔PPT。解题思路会有自己的思考和创新，网盘里也有很丰富的复习资料，这学期还经常性讲得投入到舍不得下课。另外助教小哥哥也很认真负责，而且人很nice。（最后跪求微甲下不挂）
81222,2061,陈军杰,2018-07-04 10:41:40,2,3,1,老师很棒的
81227,2061,陈军杰,2018-07-04 11:01:13,-2,1,3,，，。
81239,2061,陈军杰,2018-07-04 11:53:56,2,3,1,你永远可以做到好位置只要你想听课
81255,2061,陈军杰,2018-07-04 12:45:56,4,5,1,头号玩家！我觉得能把微积分拿来玩的才是真dl，才是自己真的热爱这份工作并享受其中，也只有这样，能够上陈老师的课，收获颇丰！助教小哥哥也超级厉害，疯狂打call！习题课永远上不够！祝自己微2不挂以上
81267,2061,陈军杰,2018-07-04 13:10:12,5,6,1,祝老师身体健康万事如意（试图通过给老师打10分的方式攒人品）求及格啊啊啊（虽然理智告诉我不可能及格，但是还是想通过师生情挣扎一下）
81435,2061,陈军杰,2018-07-05 05:39:19,9,12,3,jjchen老师真的是个好老师，别看查老师上他的评分不高。学习微积分就是一个玩的过程（? ） 微一微二都做了他的玩家，但深深觉得我这个玩家还玩得太没有水准。  陈老师会提供很多多多多资料，线上的公邮+手写整理的各种题目 也会在微信群积极回复同学的问题和疑问等等 还会结合其他高数教材拓展视野 只要你好好学 好好做 好好听课 一定能在陈老师手中收获颇丰  十分献给我心中最棒的微积分老师。 以及助教小哥哥也超级认真人超级好qaq  （因为老师提供的资料真的很多很棒 但是因为个人原因很多都没及时做...也求期末不挂呜呜呜呜呜呜）  最后墙裂表白微积分和陈军杰和助教小哥哥！！！
81750,2061,陈军杰,2018-07-06 05:32:08,4,4,0,老师真的很认真很负责，群上有问题会第一时间出来解答，资料的整理真的很完整
81993,2061,陈军杰,2018-07-06 18:18:01,31,33,2,真的不知道陈老师的分数会这么低，也许大多数人是看了查老师上的分数不由自主地对陈老师产生偏见不去上课吧（其实我也一样）。但事实上，陈老师真的是很负责任，也很幽默风趣，讲课也是没的说。我不知道怎么去定义一个好老师，但如果当这门课结束后，能在群里收到几十句祝福的老师，一定不会差。最后也希望以后的同学们能别过于受查老师印象的影响，而错过像陈老师这样的好老师。
82636,2061,陈军杰,2018-07-09 01:21:47,0,2,2,很好的老师。。虽然我很差。。希望能过啊。。。
82771,2061,陈军杰,2018-07-09 05:49:48,2,3,1,还可以
82773,2061,陈军杰,2018-07-09 05:50:17,14,15,1,陈老师真的是一个很负责任的老师，当初选微1的时候是因为其他热门老师的课选不上才只能勉强挑了查老师上评分是6点多的jjchen，但是听了整个学期额的课之后发现陈老师很认真也很负责，平时自己会分模块总结历年来的期中考和期末考题，公邮里面的资料和很详细，会认真看群里我们发的题目并且一个一个艾特问题目的同学给大家解答，上课也很风趣经常会有金句（下面给大家提供的是玩家级别的做法?\n\n最后第二年微2还是陈老师的课，也get了很多新思路和新方法。总结：好老师，很负责，给分也还不错，强推。
82846,2061,陈军杰,2018-07-09 08:10:43,5,5,0,老师真的是好老师。。。还是我太菜吧。给分就实在，唉，一言难尽。也许是期末的分数登记有问题吧。老师真的是很负责任的这个毋庸置疑。
84638,2061,陈军杰,2018-07-13 12:10:20,-1,0,1,不清楚老师的评分标准是怎样的。
84838,2061,陈军杰,2018-07-14 04:05:08,3,4,1,陈老师真的是好老师啊，非常认真负责，只要好好听会有很多收获的
84839,2061,陈军杰,2018-07-14 04:09:23,4,4,0,跟上老师的步伐 及时做老师提供的历年题 不会差的 ?
84933,2061,陈军杰,2018-07-14 12:21:24,9,10,1,陈老师很认真很负责毋庸置疑。对历年题很有研究，能提供很多干货。\n\n另外陈老师期末是不会调分的，小测、期中、期末，你考多少就是多少，最后总成绩算出来是58、59就是58、59，不会调到60的。\n\n另外，要听懂陈老师讲课是需要一定水平的，至少得预习吧。\n\n总之，我还是建议大佬选陈老师的课，基础不太好的不建议选。\n\n
85894,2061,陈军杰,2018-08-25 09:00:59,6,6,0,助教牛逼呵呵
86778,2061,陈军杰,2018-09-18 15:46:07,5,5,0,老师的期末解答帮我过了，谢谢老师
87223,2061,陈军杰,2018-09-26 01:36:35,8,12,4,完完全全听不懂 没有重点 讲的太草率了 应该在重要点多讲一会
87303,2061,陈军杰,2018-09-27 00:52:10,1,4,3,陈老师是真的很负责，但是奈何他口音有点重呀，作为北方人的我稍微有点听不懂
87324,2061,陈军杰,2018-09-27 04:48:13,3,5,2,老师其实讲的挺好，就是稍微快了点，我感觉还行\n\n
88692,2061,陈军杰,2018-11-06 02:42:26,9,9,0,陈老师很好啊 课讲的很有激情 很负责任 而且有很多思考题...
91397,2061,陈军杰,2018-12-08 03:41:38,4,7,3,老师讲的真的很好啊，我每次都坐第一排，能看出来老师是真的热爱数学
91916,2061,陈军杰,2018-12-25 02:14:02,12,13,1,好老师呀，\n\n讲的都很有用，是认真研究数学的人，\n\nplus，陈老师的手机铃声真的很逗(≧∇≦)/
92234,2061,陈军杰,2018-12-27 07:11:24,7,9,2,我不知道这么好的老师评分为何这么低，陈老师的课让我受益匪浅，10分
92424,2061,陈军杰,2018-12-28 13:21:06,11,12,1,非常好的老师呀，真的很负责，受益匪浅
92728,2061,陈军杰,2019-01-04 04:14:09,14,14,0,真正的好老师，认真负责，耐心细致，强推！
93472,2061,陈军杰,2019-01-10 02:33:49,10,12,2,老师确实是好老师，公邮里资料也非常全面，就是我自己太菜?
93754,2061,陈军杰,2019-01-13 07:23:35,10,12,2,老师真的很好，很认真负责，会给学生找题目做，每次习题课的题目都是老师手写的，期中期末考试前也会找题目给学生做，真的是一位认真负责的好老师，老师讲得也十分清楚。
94713,2061,陈军杰,2019-01-18 02:47:28,11,12,1,真的是很好的老师，老师肯定不止这个分数，他真的很负责任
95787,2061,陈军杰,2019-01-20 04:48:37,11,13,2,老师很好，经常在群里解答和发试题.但是上课思维比较跳跃，要提前做好预习（不怎么重视基础）上课直接上题目.总的来说真的是个好老师！
96166,2061,陈军杰,2019-01-20 13:49:30,20,21,1,老师讲的很棒 平时练习还会手写发到群里 最后绩点4.5 满意啦 谢谢老师
96168,2061,陈军杰,2019-01-20 13:52:07,9,11,2,老师真的很棒啊?
96173,2061,陈军杰,2019-01-20 13:56:48,7,10,3,很负责的一个老师。
96178,2061,陈军杰,2019-01-20 14:03:33,18,19,1,最负责老师没错了，真的超级负责，习题课含金量很高，都是老师为大家准备的题目
96180,2061,陈军杰,2019-01-20 14:04:46,10,11,1,老师人很好。教的也很好
96185,2061,陈军杰,2019-01-20 14:08:36,69,71,2,老师原话：我平时教得很简单，你们学学很容易，考试都不会，有什么用？我宁愿你们对我评价差一点。老师是真的在为学生着想。他的课堂很有深度，很有思想，甚至不是应试的风格，会有不少课外的内容，他是想把自己会的都告诉学生。不过要是想水的话还是别选他了吧。
96194,2061,陈军杰,2019-01-20 14:13:00,26,31,5,太幸福了，只要你学，就不可能差，再次提醒以后选老师课的同学，一定要完成老师布置的每一样任务，干货满满，可惜我没好好学，如今悔不当初，但相信我，选陈老师，你觉不会后悔，预置课时，我看到以前的学长学姐们评论很好，老师分却不高，上了陈老师的课后明白了评论好的原因，至于评分，那不是真的。               \n\n                                   来自一个没好好却仍十分崇拜老师的同学
96196,2061,陈军杰,2019-01-20 14:14:46,16,17,1,首先声明我是留学生，陈老师讲课很清晰，提前预习绝对能跟得上老师的进度（留学生都没问题，大家应该没问题），我竟然没挂科，真的太谢谢老师了\n\n庆幸下学期微2已经选了陈老师！！
96199,2061,陈军杰,2019-01-20 14:18:19,16,19,3,陈老师上课很认真负责的啊，平时在群里也经常和大家交流答疑，不明白为什么评分才六点几……
96220,2061,陈军杰,2019-01-20 14:36:16,-5,3,8,老师尽心尽力，就是有点逻辑问题
96229,2061,陈军杰,2019-01-20 14:43:03,8,8,0,太棒了
96244,2061,陈军杰,2019-01-20 14:53:40,15,15,0,一个字：赞！所有教学内容都是手写，经常自己出题给我们做，偶尔过节还会出题目庆祝，哈哈哈很有意思啦。不存在卡绩的，分低还是找找自己原因吧～
96281,2061,陈军杰,2019-01-20 16:07:43,3,5,2,老师超棒的～建议大家选陈老师的课
97338,2061,陈军杰,2019-01-22 08:16:13,7,7,0,上陈老师的课...需要诸君与其一同上天遨游，一览微积分的奇幻瑰丽（高级别的玩家）...但是，一走神就摔地上了（笑）
102614,2061,陈军杰,2019-02-13 13:12:43,3,5,2,太好了 老师人是真的好 讲课也好 感觉我们班优秀率超高的呀
102732,2061,陈军杰,2019-02-22 04:53:28,8,11,3,退预置，调课程，选上陈老师
102999,2061,陈军杰,2019-02-25 09:27:58,1,3,2,好老师！
103001,2061,陈军杰,2019-02-25 09:40:17,-1,0,1,，，，
103240,2061,陈军杰,2019-02-27 02:54:01,5,7,2,陈老师分数这么低完全不合理，没有上课炒股的情况，资料也很详细，考试前的复习也非常有针对性，是要平时认真学一定能拿到好成绩的！\n\n强推jjchen！
103619,2061,陈军杰,2019-03-02 12:10:48,4,5,1,6.4是什么情况，感觉至少9.5分吧
103733,2061,陈军杰,2019-03-05 00:17:59,2,3,1,讲的很棒，为什么分低
103885,2061,陈军杰,2019-03-21 04:16:49,0,4,4,几乎没有休息而且没有一节课不会拖堂
103998,2061,陈军杰,2019-03-08 23:40:22,5,5,0,最炫数学风\n\n以后群里不发网文
104280,2061,陈军杰,2019-07-01 13:52:49,12,14,2,陈老师真的超级好啊！！戏提，课都是精心准备的历年真题！助教小姐姐也很认真负责啊！你
104375,2061,陈军杰,2019-04-16 10:48:44,9,14,5,表白助教小姐姐，，批作业会认真的帮你把每一个错都找出来QAQ
104690,2061,陈军杰,2019-03-26 03:57:40,3,5,2,十分十分十分十分
104783,2061,陈军杰,2019-03-28 01:50:02,2,4,2,作业略多。。。
105059,2061,陈军杰,2019-04-03 03:34:51,2,6,4,老师挺好
105373,2061,陈军杰,2019-04-11 02:43:09,3,8,5,这么说呢……当初我也是看评论觉得老师可能还挺好，但是我自己上下来的感觉就是，老师不太适合我。我个人比较适应朴实刚健慢慢来的学法，老师上课喜欢做一些“高级”的东西。对老师有什么意见的话，就是字写清楚一点，我是看不清的，每理解一个字都很困难，完全失去了手写的意义，不如做ppt；还有就是声音小一点，讲话慢一点清楚一点，东扯一下西讲一下我是跟不上的，太零碎了，不如一条线讲下去。确实会拖堂，除了吃不上饭也没什么太大关系。最后给学弟学妹一点建议：觉得自己行有余力可以选一下陈老师的课，老师会教“深刻”的做法，如果像我一样不太喜欢花里胡哨的做法的，推荐一下蔺宏伟老师。
106805,2061,陈军杰,2019-04-29 16:18:29,6,7,1,表白助教小姐姐
107042,2061,陈军杰,2019-05-01 03:52:21,0,3,3,如果能听得下去的话老师还是挺好的，不过我不喜欢老师的上课方式，身为一个外省人，如果不认真听的话根本听不懂老师在说什么，。另外，我不太喜欢老师讲一些不重要的东西，废话有点多，自己幽默不起来还想装幽默。。。
107523,2061,陈军杰,2019-05-06 08:05:44,3,4,1,挺好的。
107734,2061,陈军杰,2019-05-08 16:44:08,8,11,3,不尬吹哈 我只希望老师能多顾及一下跟不上你思路的同学... 上课逻辑能不能清楚一点... 有时候东一下西一下真的很迷
108460,2061,陈军杰,2019-05-25 05:03:01,6,11,5,别的先不说，光是各种手写的资料，有多少老师能有陈老师这么用心的？
108535,2061,陈军杰,2019-05-28 02:12:20,3,5,2,老师讲的内容是很丰富的，但总感觉老师上课像是在自嗨。
109878,2061,陈军杰,2019-06-20 03:35:40,12,14,2,经典台词：如果你是个玩家的话，...\n\n那我换成15次呢，你是不是见鬼啦\n\n这个题目是不是很凶残？
110427,2061,陈军杰,2019-06-26 14:53:57,10,10,0,看着老师的评分终于上去了，我好开心呀~微积分上是陈老师的，感谢老师让我对微积分产生兴趣~陈老师真的很好，很负责，学弟学妹们千万不要错过呀！
110528,2061,陈军杰,2019-07-01 23:27:13,4,6,2,感谢老师不挂之恩
111021,2061,陈军杰,2019-06-29 07:02:30,1,4,3,为什么楼上能发语音
111426,2061,陈军杰,2019-07-01 12:39:55,4,6,2,看到陈老师的分终于上去了好开心吖，虽说这学期没有好好听课有些对不起他，但是还是强推jjchen！
111445,2061,陈军杰,2019-07-01 14:00:13,1,3,2,微甲二好难 绩点不好看地飘过了。微甲上下都是陈老师的课 陈老师非常认真 非常投入 非常严谨 微信群每天都可以看到陈老师发各种手写资料和细致回答学生问题。上课的时候是头号玩家chenjj。强推陈老师。\n\n害 说什么呢 都怪自己没学懂。
111892,2061,陈军杰,2019-07-03 02:15:52,-2,5,7,邮件都不回？
114467,2061,陈军杰,2019-07-10 04:44:43,9,12,3,当初得知我预制陈老师的课时我朋友笑着和我说，你不换的话可要做好一个学期哭着听完的准备啊，我这个数学渣渣听着胆战心惊，滚上查老师看了一眼吓得更惨。但终究是没有换掉，我也很庆幸最终阴差阳错地留了下来。上课体验比预想中好太多。来得再迟都任君挑选的前三排、干货满满的课堂、整理得清楚分明的补充资料、可爱的助教小姐姐……我万万没有料到啊，陈老师真的非常非常认真负责。虽然我因为自己课太多没空预习水平也不行经常会听不懂课，但是听过的多多少少都明白一些，课后写作业再看一遍书大致也是明白了，课上补充的内容听得一知半解课后整理整理能消化多少算多少，学到了就是你的，何乐不为。微一绩点都没上四的我居然微二绩点上四了，大概这样的教学方法不适合数学基础差的同学这样的说法并不成立，没有什么适合不适合，只有你愿意还是不愿意学。所以如果预制了陈老师的课请安心，不要觉得很可怕会需要哭着听完还是什么，请好好珍惜，只要你愿意就会学到很多的，比你预想中的还要多。
115048,2061,陈军杰,2019-07-15 00:44:48,2,4,2,评分上来了好多耶～老师其实蛮负责的，就是需要适应一段时间节奏吧，关键不要自我放弃！然后超级喜欢助教小姐姐，人真的很好，解答超耐心！
116879,2061,陈军杰,2019-09-17 03:16:04,2,8,6,完全听不懂 普通话没学好不说 讲的还巨快 建议大家不是大佬的不要选他的课
117546,2061,陈军杰,2019-09-26 00:23:36,4,6,2,呵呵。
119503,2061,陈军杰,2019-11-13 06:21:57,6,9,3,我觉得陈老师挺好的。他也许不是一个激情澎湃的演讲家，但他一定是一个充满热情和温情的数学老师。初听陈老师的课肯定或多或少会有不适应，但经过一段时间后你就能理解陈老师的苦心，看到他的认真负责。上陈老师的课，你学到的将不仅仅是知识，更是一种思维，一种智慧。
120624,2061,陈军杰,2020-01-14 01:41:54,8,13,5,陈老师是一位特别负责的老师，习题课的资料特别全，能很好的巩固所学知识，考试前一天还在群里发复习资料，考试前一个小时还在群里答疑。给分也很好，我一个文科生绩点4.5，很满意了。
121217,2061,陈军杰,2019-12-27 15:44:27,2,8,6,陈老师是一位很负责的老师，课程邮箱的资料很齐全，平时也会发群里很多资料，讲课思路清晰，凌晨还在为学生答疑，我很庆幸能够遇到陈老师这么好的老师！
121353,2061,陈军杰,2019-12-18 10:35:18,2,7,5,我觉得杰叔叔的课真的很棒，布置的作业都很恰当，可以很好的巩固所学知识。
121956,2061,陈军杰,2020-01-26 02:11:17,0,2,2,课件是同济教材
122287,2061,陈军杰,2020-02-22 08:13:46,-2,3,5,上课有点催眠，课件都是手写然后投影仪的；干货比较多，虽然看不懂；助教非常好，应用数学专业的蒋助教
122717,2061,陈军杰,2020-03-24 03:38:29,1,6,5,我喜欢
123152,2061,陈军杰,2020-05-13 10:44:28,1,9,8,挺好一老师
123638,2061,陈军杰,2020-06-11 03:48:17,3,7,4,陈老师真是太好了， 考试前发历年考卷，还会总结考点规律
125252,2061,陈军杰,2020-09-04 15:23:27,-1,9,10,陈军杰老师太棒啦，人长得和蔼，教书又棒，助教小哥哥又温柔又帅气，最重要的是这个班微积分平均分特高！\n\n
125593,2061,陈军杰,2020-09-12 05:16:13,5,12,7,果断满分，好老师啊！开始选课的时候想随便选一个就好了（之前挂过一次微2了）看其他老师都没名额了就随便选个没人选的陈老师，上了他的课发现老师讲课很好啊，虽然口音有点重对北方学生不友好，但是讲课很实在，也很有趣，这题不是随便玩玩的吗？有时还会扯一点口罩这种生活中的事就当放松了，人很好关心学生。讲课比教材的内容安排得好，还会从微1出发推到微2，后悔之前没遇到这么好的老师。
126057,2061,陈军杰,2020-09-17 03:51:22,3,6,3,好处：会发历年题及解答，习题课会自己另外准备题目（题目较课后题有提高，但认真做有收获）\n\n不好的地方：老师口音难听懂。
126516,2061,陈军杰,2020-09-29 04:17:23,13,16,3,拖到没饭吃
126705,2061,陈军杰,2020-10-14 12:28:24,16,21,5,作业多得要死，上课废话特别多，口音令人不愉快\n\n重点是作业巨多无比！！！！
127083,2061,陈军杰,2020-11-06 01:55:00,1,10,9,挺好一老师\n\n1. 上课喜欢使用手写稿+投影，字挺好看，基本没有（偶尔会有）涂改页、字堆积难以看清的情况\n\n2. 会布置自己搜索的额外习题（习题课讲评，不强制要求上交），额外习题和作业题全认真做的话作业确实不会少，不过微积分嘛多刷题没啥坏处，而且题目质量不错\n\n3. 作为浙江学生我对老师的口音完全无感，都记不得哪些特别口音的词语，可能一些外地学生难听懂吧。（倒是线代老师整天“几（矩）阵”）\n\n\n\n建议预置选到别换。
127201,2061,陈军杰,2020-11-12 14:29:28,-3,12,15,不懂为什么老师分不如别的老师，后来的学弟学妹看到陈老师的评分千万不要感到不开心。老师人真的超好，课里干货很多。我去问过他几次问题，就经常在线上问我搞懂没有……
127226,2061,陈军杰,2020-11-16 03:49:13,-4,7,11,非常敬业
127662,2061,陈军杰,2020-11-25 13:22:22,17,30,13,看到期中分数反手一个一分，全班平均分不到60，傻逼助教不会改卷，憨批老师不会调分，看看别班平均分再看看我们班，不想说什么了。珍惜自己绩点的建议一定别进这个班，免得被气个半死
127888,2061,陈军杰,2020-11-30 01:00:34,7,12,5,这老师吧，对学生要求很高。要是自己不牛逼，根本跟不上，他布置那么多难题根本就不会。但是如果自己有决心一周学几十个小时微积分，他还是很可以的。可惜我不是。
128181,2061,陈军杰,2020-12-10 13:53:58,-8,8,16,超级超级超级喜欢陈老师!!此生无悔学vjf，此生无悔听陈老师的课。他的题真得很有很有启发性，引导你去深入思考一个问题的本质，从而可以衍生出各种各样的问题命题。听了他的课更觉得数学的博大精深!\n\n不翻前面的评价还不知道老师炒股，不过看到了某次他手机里跳出来的同花顺。。
128519,2061,陈军杰,2020-12-23 13:09:39,10,18,8,废话与作业一样多，只知道课后发东西（而且很凌乱）
128587,2061,陈军杰,2020-12-24 08:13:22,4,12,8,期中考全班半数不及格，大家可以参考一下这个数据。剩下也没啥好说了
128916,2061,陈军杰,2020-12-26 18:11:51,5,8,3,只能说文科生慎选........\n\n自认为高中数学还挺不错的我上cjj的课即使在充分预习的情况下也有些困难，\n\n还有就是口音很重需要花时间适应，\n\n再者就是发太多材料和作业了，反而显得杂乱无章。。。。\n\n适合有一定基础的竞赛生dl吧
129032,2061,陈军杰,2020-12-29 03:14:24,7,13,6,强烈建议选择这老师！与助教真是绝配。只要参加两次小测就是到课率了，所以大胆地翘课吧。选他就能比别人多两次大课和一次习题课的自由时间！
129753,2061,陈军杰,2021-01-12 04:19:02,6,9,3,拖堂拖到没饭吃\n\n上课废话好多，而且很喜欢吹自己
129993,2061,陈军杰,2021-01-14 16:13:12,5,9,4,没啥好说的，他上课是怎么做到自我感觉如此良好的？
130002,2061,陈军杰,2021-01-31 08:26:25,4,7,3,他是一个真心认真搞学术的人
130057,2061,陈军杰,2021-01-16 03:23:14,3,8,5,不考虑学生感受
131063,2061,陈军杰,2021-02-02 01:24:53,-1,7,8,当他说出我们班有超过％40期末总评上80分的时候我笑出了声，顺带回来改了下打分和评论，抱歉真的有点忍不住
131096,2061,陈军杰,2021-01-26 02:42:50,-4,4,8,出分了，感谢陈老师狠狠捞我的平时分，4.5
131110,2061,陈军杰,2021-01-26 04:21:35,0,6,6,棒棒棒！
131264,2061,陈军杰,2021-01-27 01:40:00,6,10,4,老师居然一分不捞\n\n也是牛的
131393,2061,陈军杰,2021-01-31 01:07:49,4,5,1,该说的楼上楼下也说得差不多了\n\n\n\n有一定实力且愿意认真学微积分的强烈建议选\n\n不自信或只想水过的赶紧跑
131464,2061,陈军杰,2021-01-27 15:09:29,3,7,4,陈老师真的是超级超级负责，他是那种口头上不表示，用行动温暖学生的人。每次课堂都有课前预习思考题，课后补充作业，课后思考作业让我们选做，不管是基础好还是基础不太好的同学都能学到很多东西。这次期末考试陈老师知道的出题老师后还紧急出了一套适应出题人风格的模拟题让我们选做，真的超级超级负责。wjf也成功上4
131499,2061,陈军杰,2021-01-27 17:51:15,1,6,5,老师真的非常负责，手写资料，整理习题，拓展方法。我上的老师的微1，第一次知道大学还有老师在考完试后还会给同学解剖考试答案的！！！但老师上了确实需要你提前预习过才能跟上，所以打9分！！！
131611,2061,陈军杰,2021-01-28 07:09:04,2,3,1,陈老师的微积分课如果没预习真的挺难跟上思路的(我就没预习过于是上课经常听不下去了开始水手机)，我平时作业有认真在做，习题课的作业由于时间不够没有去做(加上我不太喜欢助教讲课)。保持这样的状态直到期中考，考试很懵，由于基础不扎实，第一题的极限定义证明我都不会，又遇上了一个严格改卷的助教，期中考班级平均分58，我七十几，当初看了看Excel自己的班级排名，30几，甚至有点沾沾自喜。但了解到其他班平均分接近八十，还是有点抱怨老师和助教的。第一次小测在期中考后半个月，直到小测出成绩我才醒悟过来，老师口中的“第一次小测比期中考简单很多”，但我的成绩没有什么变化，感觉如果保持这样的状态，最后只能拿个2.几的绩点低空飘过。于是后半学期就跟着矿爷的慕课，补了下期中考前各种极限的计算、定理的证明，每次课后搞不懂的知识也会去看网课相应的内容，自己在第二次小测前也梳理了一遍书的框架，总算清楚了很多。老师说第二次小测会比期中考要难，我却上了九十，这给了我挺大的自信的。期末考前刷历年卷，发现自己其实还是有许多的知识缺漏，但也由于时间不够没法补得很全了。考完怀着一颗忐忑的心，边复习其他科目边等待微积分成绩，最后成绩上四了。总而言之，只要自己努力还是有挺大的改变的（感觉自己写了一篇流水账）。感谢老师平时的努力（老师真的在群里发了很多手写资料）（虽然我不太能听懂你的课）。谢谢助教（希望你改下讲课的风格，字写大一点，我坐在前几排都看不清你的字）
132117,2061,陈军杰,2021-01-30 11:37:41,-1,0,1,无事来评分
132834,2061,陈军杰,2021-02-04 04:41:45,9,14,5,总评成绩出了已经快10天了，他还在群里发一些vjf拓展的东西。
132953,2061,陈军杰,2021-02-05 10:50:05,0,3,3,不错子
133026,2061,陈军杰,2021-02-06 14:38:09,2,6,4,陈老师真棒！
133351,2061,陈军杰,2021-02-26 06:15:15,14,18,4,评论里两极分化是因为陈老师的教学方式并不是适合一类人。陈老师水平特别高，教学方式很独特，如果认真学习的一定能收获别的老师那里学不到的技巧和方法。摸鱼人慎选。有良好基础的强烈推荐。最后一句话：微积分主要看个人而不是老师。
133454,2061,陈军杰,2021-03-01 02:33:23,2,5,3,呵呵呵
133824,2061,陈军杰,2021-03-07 02:18:25,3,4,1,陈老师很负责，我给十分
134951,2061,陈军杰,2021-04-25 00:57:20,-7,8,15,上课回答问题期末总成绩至少加五分，您搁这刷猴呢
134999,2061,陈军杰,2021-04-26 11:05:58,7,8,1,每到考试的时候都能想起陈老师的好
136595,2061,陈军杰,2021-06-21 14:20:07,-2,1,3,老师很负责，助教超级漂亮，全班成绩很低
137439,2061,陈军杰,2021-07-04 07:26:26,3,4,1,好老师  会提供你很多题目做
137647,2061,陈军杰,2021-07-05 12:58:43,4,4,0,老师不点名，不强制要求到课。而且老师上课干货很多，可以学到很多知识。老师现在给分非常好。
137693,2061,陈军杰,2021-07-05 15:36:10,20,23,3,出分了回来打个分\n\n我觉得查老师评价偏低了，老师非常好非常好，至少也应该有九分，每次上课看教室里只来十几个人就很替老师难过，上课有口音语调忽高忽低都是事实，但是老师上课是有条理的，课后会发很多的习题和资料供自学，课后回答问题也很热心，陈老师对微积分的讲解是有深刻性的，怎么说呢，老师是喜欢大家提一些有“深刻”的思想，助教xgg也很nice！总之选上不亏
137694,2061,陈军杰,2021-07-05 15:36:12,2,3,1,讲课确实很认真，给分也客观，还会在考前告诉那几题比较难，除了作业多了点以外，是一个很好的老师
137706,2061,陈军杰,2021-07-05 16:43:16,4,4,0,很用心，很希望我们好，给分不错。一直在努力教好学生的老师
137725,2061,陈军杰,2021-07-06 00:09:12,4,7,3,陈老师真的很好！！讲课听不懂是事实（是我水平菜啦）但是课后发的题真的又多又好！！感觉vjf被拯救啦！！超喜欢陈老师！！
137948,2061,陈军杰,2021-07-06 22:25:29,0,2,2,建议喜欢自学的同学上，从不点名，小测提前通知。
138186,2061,陈军杰,2021-07-07 23:58:36,9,10,1,陈老师真得很认真很负责，他能带领你去热爱上一门学科，让你真真正正体悟到数学的美妙。他或许不善讲课，但他看似杂乱的手写稿里依旧潜在着一条线索，贯穿起讲课的内容。其实，基本的内容靠得更多的是自学，更重要的是思维的拓展与启迪，这才能让vjf的学习更接近其本质，而这一点正是陈老师所独有的，亦显得尤为可贵。\n\n每每看到雨天的早八、濒临考试之际只坐十几个人的教室，就尤为心疼陈老师！
139426,2061,陈军杰,2021-07-15 11:12:17,0,3,3,陈老师真的好，适合我这种自学选手
141493,2061,陈军杰,2021-10-12 04:39:02,-25,4,29,这老师师风师德有问题，勾搭女同学！r
141835,2061,陈军杰,2021-10-27 09:05:43,3,5,2,陈老师真的很认真很负责，能感受到他水平很高。下学期的微积分也要学陈老师的课！
142242,2061,陈军杰,2021-11-09 07:13:56,7,7,0,上他的课，你需要课前好好预习，上课时候把书扔掉跟着他的思路走就好了，老师很好很好，不知道为啥评分低（对微积分老师而言算非常低了）
144184,2061,陈军杰,2021-12-20 07:09:20,5,5,0,老师特别好
145159,2061,陈军杰,2021-12-28 02:10:39,2,4,2,cjjyyds
145160,2061,陈军杰,2021-12-28 02:10:40,5,6,1,cjjyyds
145883,2061,陈军杰,2022-01-03 15:09:21,3,4,1,好认真负责啊
146033,2061,陈军杰,2022-01-05 06:39:18,1,3,2,很负责的老师
146080,2061,陈军杰,2022-01-05 11:33:48,5,7,2,今天考完期末考试啦。不得不说，陈老师超认真负责！他是真的希望我们能学懂，并且能深刻理解。平时练习题也发了很多，凡是发了的题都会有详细解答。jjchenyyds！
146658,2061,陈军杰,2022-01-07 07:17:22,-1,0,1,我爱了
146675,2061,陈军杰,2022-01-07 07:36:28,3,4,1,微积分答疑群里真的太负责了，是个超好的老师，不知道为啥评分低呢
148108,2061,陈军杰,2022-01-11 13:42:29,1,3,2,yyds，海底捞！！！是我自己沒好好学！对不起老师
148109,2061,陈军杰,2022-01-11 13:47:16,4,4,0,陈老师yyds
148113,2061,陈军杰,2022-01-11 14:00:08,6,6,0,老师真的很负责，经常会在群里面发思考题。有几次老师还单独找过我，让我做题，然后把做题过程发给他，然后给我找出错误的地方，感觉老师真的很用心在教书，在这上面花了很多时间。出绩点之前，老师还让我们确认自己的平时分还有期末考的最后四题分数上没有问题，在我大一上的这个学期他是唯一一个在出绩点前让我们确认分数的老师。在期末考试的时候，老师在剩下半个小时的时候跟我们说最后面的哪些题比较简单，可以先做，总之在考试的时候会有引导，期中考的时候也是。
148132,2061,陈军杰,2022-01-11 14:46:54,6,6,0,头号玩家
148133,2061,陈军杰,2022-01-11 14:47:08,2,3,1,cjjyyds
148179,2061,陈军杰,2022-01-11 22:59:34,3,4,1,老师有一颗负责的心，但不会调分，和别班的拿到的分数比起来狠狠伤心了。
149545,2061,陈军杰,2022-01-16 02:23:03,-24,0,24,有一说一老师很复责，会发很多材料在群里，但是emm不太喜欢调整分数，总评94绩点4.8，有点可惜了属于是
150891,2061,陈军杰,2022-02-21 00:56:02,1,4,3,感觉非常好
151241,2061,陈军杰,2022-02-25 07:35:54,4,5,1,老师人很好，认真负责，会准备很多思考题，会讲得比较深刻，给分感觉也还不错。经常在群里发很多题目，也会拓展一些内容。\n\n但是菜鸡表示有点跟不上，还有个人感觉老师有点口音，总体听课很困难，应该是我自己的原因吧。
151524,2061,陈军杰,2022-03-07 01:26:43,-1,4,5,上课讲的快的要死，不跟学生有任何交流，自顾自地讲。板书还乱，还是矿爷的慕课好。
151710,2061,陈军杰,2022-03-13 08:40:23,8,9,1,一周的作业大概要把一个作业本写完，离大谱。
152011,2061,陈军杰,2022-03-23 04:27:54,1,2,1,感谢陈老师让我感受到了高中以后的拖课
152232,2061,陈军杰,2022-03-31 03:13:43,6,9,3,直到我到第二学期老师作业布置的贼少，上课的内容就是念ppt时才想起jj给我们精心准备题目，讲他自己的思维的好。他是真正热爱数学，研究数学的，对数学有自己思想的老师。\n\n\n\nps\n\n做完他给的题目，考试肯定不会差。
152362,2061,陈军杰,2022-04-06 15:08:58,2,4,2,即使不上他的课了，也能继续收到陈老师的资料\n\n老师非常热爱数学！
154896,2061,陈军杰,2022-06-06 15:03:48,4,6,2,老师真的很好，评分低可能是口音和板书的原因吧。注重数学的本质和思维的开阔，不仅仅是应试，让人能感觉到他真的爱数学有研究数学，课后会发很多的资料。
155019,2061,陈军杰,2022-06-07 13:34:51,11,14,3,当你发现突然听不懂老师讲课的思路的时候，你就已经晚了，因为老师没有PPT，平时智云的话，老师板书很潦草，效果很不佳。上课逻辑思路很乱，需要预习，上课从来都是先拓展课外知识然后再讲基础概念，没有任何的知识体系(只能说老师知识渊博，想到什么就说什么)\n\n一句话概括：如果你是凶猛的野兽，他能带你学到不一样的微积分；如果你是像我一样温顺的羔羊，那么军杰不会管你，等着被微积分折磨支配吧。
155289,2061,陈军杰,2022-06-10 08:28:07,6,9,3,想学好微积分的人选他就没错
155313,2061,陈军杰,2022-06-10 14:42:10,0,4,4,傻逼才给低分
156429,2061,陈军杰,2022-06-22 02:21:32,2,5,3,老师真的很负责，跟着他学vjf收获很多
157032,2061,陈军杰,2022-06-21 23:13:44,8,9,1,老师人还是蛮负责的，但是就是不会捞人
157035,2061,陈军杰,2022-06-21 16:21:35,4,7,3,老师真的很好，认真负责。真心地希望同学们能学好微积分（数学），会分享很多预习资料和课后习题，考前也会针对重难点就行分析（钉群分享资料），甚至会在周末进行线上补课。是我摸鱼了，谢谢陈老师和助教哥哥！
157036,2061,陈军杰,2022-06-21 16:27:06,20,21,1,结果论概括：两极分化；\n\n这学期上了cjj老师的微积分下。不可否认，cjj老师上课的确一腔热血，热爱微积分，课后给的拓展资料非常多，有助于提升水平；但是作为一个初学者来说，我认为更重要的是上课的传达清晰度和化繁为简的能力，那么没有PPT的纯手写上课模式是需要一定的预习和学科基础才能较好的理解的。如果你不能够自觉预习，课后巩固及时自主复习，希望速成，cjj老师的vjf班级不适合你，加上严格的期末批卷模式，你也很难吃到红利。\n\n如果想轻松入门微积分，不要选cjj，补选更换有PPT老师的预置课班级;如果自学能力强、铁了心就是肝5.0绩点去的，cjj的vif课程也可以是你的不二之选。
157038,2061,陈军杰,2022-06-21 16:54:45,6,6,0,老师是真的热爱数学，上课非常认真，认认真真把发的题目做完还是能收获很多的，教的一些方法也都很好。但是不预习上课是真得很难跟上吧，每次看智云回放的时候确实是能实实在在感受到老师的数学思维的。
157894,2061,陈军杰,2022-06-25 10:42:56,-9,5,14,陈老师作业相对别的老师多一点，但对于希望提升能力考高分的同学很有好处，微1在别的老师那拿到4.5，在这里期末卷面94，拿到了5.0，确实很大一部分是陈老师的功劳
159392,2061,陈军杰,2022-07-15 17:29:37,5,8,3,陈军杰老师是真正的喜欢数学，微积分教得比较深刻且很负责，配合预习效果更好一些
159394,2061,陈军杰,2022-07-15 18:49:57,3,5,2,浙大最负责的微积分老师之一，讲课有深刻性
159464,2061,陈军杰,2022-07-22 06:26:28,10,14,4,推荐真心想学好vjf的选cjj！\n\n老师很负责任，平常会发各种练习题，还有自己建的交流群供我们探讨，对于开拓视野真的很有帮助\n\n\n\n如果只求水过去那就别选
159573,2061,陈军杰,2022-08-16 07:23:09,5,6,1,非常负责人的老师
159674,2061,陈军杰,2022-08-23 04:59:26,3,4,1,很负责任的老师
160200,2061,陈军杰,2022-09-15 02:16:01,3,3,0,老师语速有点快，还有一点口音，，不过是个好老师哦
160308,2061,陈军杰,2022-09-18 13:30:35,2,3,1,两极分化
160320,2061,陈军杰,2022-09-19 04:04:58,-3,1,4,海底捞
160620,2061,陈军杰,2022-09-28 09:26:06,7,10,3,建议低血压人群去学
160746,2061,陈军杰,2022-10-09 05:12:52,-1,0,1,哈哈哈
160775,2061,陈军杰,2022-10-11 02:53:40,18,22,4,讲课体验无穷大量\n\n听课体验无穷小量\n\n上课毫无头绪\n\n研究水平高\n\n讲课水平差
160938,2061,陈军杰,2022-10-20 10:40:54,7,9,2,上课思路丝毫不清晰，课下给你一堆没整理的资料，任务量极大，对能力提升帮助不大，教学水平欠佳。总之正常人别选就对了。
161355,2061,陈军杰,2022-11-04 14:19:37,0,2,2,作业量让我感动
161618,2061,陈军杰,2022-11-09 12:48:25,0,4,4,老师真的很好啊，微积分这种课更多还是看自己愿不愿意学吧
161674,2061,陈军杰,2022-11-10 08:42:41,4,6,2,自学能力强有基础的非常推荐，只求水过的别选！
161962,2061,陈军杰,2022-11-15 12:52:26,12,14,2,作业量十分大，而且上课手写ppt要认真辩识，讲课也没有体系，基本想到哪里说到哪里，建议还是选择别的老师会让你的微积分学习不那么迷茫。
161963,2061,陈军杰,2022-11-15 12:55:26,1,3,2,很负责任的老师，平常提供的资料和题目很多
162078,2061,陈军杰,2022-11-16 13:43:31,8,10,2,老师讲课很有激情，不强制要求到课，适合有一定基础自学想拿高绩点的同学；但对于只想混的同学来说，可能老师的讲课逻辑会使你感到难以适应。综上，推荐玩家选他的课；混就算了吧。
162391,2061,陈军杰,2022-11-21 11:34:03,-1,1,2,加油吧
162557,2061,陈军杰,2022-11-25 09:06:49,1,3,2,很负责任的老师
163836,2061,陈军杰,2022-12-16 07:58:30,5,8,3,别的且不论，每次作业手写这点我很赞赏，但是每次作业都能治好我的颈椎病，您发群的时候能不能把图正过来啊！！！！！！
164199,2061,陈军杰,2022-12-19 07:14:16,3,5,2,超级负责任的老师！
164301,2061,陈军杰,2022-12-20 07:29:03,1,2,1,听不懂
164370,2061,陈军杰,2022-12-20 12:55:58,6,6,0,不点名，不强制到课，作业量个人感觉较大，应对比较吃力，但是给你的作业也确实能让你实实在在学到东西。\n\n个人主要依靠智云回放加老师提供的大量参考资料自学（老师对不起我是真的菜得听不进去课QAQ），老师是真的会提供巨量教辅资料，你根本看不完的那种。。。有一说一对考试用处有限（不如集中做往年真题），但长远上势必有它的意义。\n\n适合真心想要钻研学好数学并且自学能力强的同学。想水课或需要老师时常点拨慎选。
164393,2061,陈军杰,2022-12-20 14:16:08,17,20,3,摸鱼摆烂请往他处 认真努力请入斯门
164556,2061,陈军杰,2022-12-22 00:58:32,11,15,4,十分赞同“摸鱼摆烂请往他处 认真努力请入斯门”
165037,2061,陈军杰,2022-12-28 14:20:34,5,5,0,好老师捏
169105,2061,陈军杰,2023-02-24 10:01:08,0,5,5,给分喜欢卡点
169111,2061,陈军杰,2023-02-24 10:17:34,-6,3,9,2b 2
169140,2061,陈军杰,2023-02-24 12:16:45,31,33,2,上他的课一开始确实会有点失望后悔，就是想作业为什么这么多，为啥会发这么多纸质手写作业，有点看不下去支持不住，而且上课也摸不着门道，很有点痛苦。（但其实这是因为你没有适应大学）但是到了下半学期慢慢就发现cjj的微甲确实是个需要努力才能学好的课程，而且如果天赋不行只能靠卷的同学真的真的非常适合cjj老师，因为他认真负责而且昼伏夜出（晚上11:30开始活动），回答问题不留面子（但是能让你一波记住），另外表白助教gg大年三十回答我问题~。所以其实当你把时间调整清楚了完全适应大学了，cjj老师的课程绝对是最适合努力的同学的地方。因为所有题目都是他精心挑选的，然后所有的历年卷他都有研究，绝对可以帮你避开所有不应该浪费时间的残题，做的题目虽然多，但是质量很高，可以给人节省很多时间。只能说在这个地方，真正努力的人才能看到他的好，才能懂他的用心，他也是个秉持着学习进步理念的人，看到成绩在上升的同学会不自觉的打高。所以选他的课不要放弃坚持做题就可以了。其实给分挺好，就是两极分化总能伤到一部分人。
169280,2061,陈军杰,2023-02-25 07:51:12,0,0,0,666
169288,2061,陈军杰,2023-02-25 08:45:35,2,3,1,题目虽然多，但确实有效，讲课很棒，愿意听的绩点会很满意的
169378,2061,陈军杰,2023-02-26 00:47:36,2,3,1,本人上了他的微甲1，他确实会发很多额外的资料，也是一位非常负责任的老师。但是他的作业量也很大，讲课比较没有系统，而且有点口音。如果你比较想混，或者比较在意老师的讲课水平，又或者你本来就打算自学，那真的千万不要选！！！如果不是，那你可以考虑。
169416,2061,陈军杰,2023-02-26 04:41:45,1,1,0,老师人很好，习题量有点大，讲课需要预习，对历年题研究很透彻。\n\n认真跟下来，绩点不会差。\n\n两极分化看上去确实严重，但老师也确实认真负责。
169656,2061,陈军杰,2023-02-27 09:26:12,2,2,0,认真负责的老师，我放假他都不放假，想学到东西找他准没错
169814,2061,陈军杰,2023-02-28 03:47:43,4,4,0,优点：讲得有深度难度，课下很负责，会给很多材料\n\n缺点：思维跳跃，需要提前自学
169987,2061,陈军杰,2023-03-01 02:10:53,10,10,0,陈老师的讲课风格比较独特，比较看学生的水平，对于基础不错的同学来说，叫不局限于课本，拓展多；但对于基础较差的同学，可能会感觉到缺乏逻辑。但不管怎么说，陈老师非常负责任，为我们提供了很多拔高的习题。推荐想拿高分的同学选择。
170021,2061,陈军杰,2023-03-01 04:16:34,2,4,2,好好好
170730,2061,陈军杰,2023-03-09 00:41:30,3,5,2,撅向求导（喜）
171176,2061,陈军杰,2023-03-17 12:45:57,13,16,3,讲的天马行空，也没有PPT，讲的不是很系统，我觉得不适合很多人，不是认真听就一定能行的
171884,2061,陈军杰,2023-04-11 01:29:30,8,11,3,不要看评论里一堆努力者来这里，上课授课考投影手写没有PPT，课前很要求程度深的预习不然上课听不懂，课后作业量挺大不过作业大是有好处的，总之就是如果你能做到课前预习课后作业多在别的讲的细致，有PPT那里的老师也能学的更好，综上，不推荐选。
171940,2061,陈军杰,2023-04-13 04:24:46,7,8,1,认真负责没得说，但是上课是真的一般，不用ppt写的字草得看不懂，不幸预置的建议自学
172180,2061,陈军杰,2023-04-21 07:52:20,3,5,2,讲得还可以，但是注意一定要自己预习，上课不要走神。如果想自学的话，他是基本不点名的（习题课要点名还是去一下）
172427,2061,陈军杰,2023-04-27 00:04:16,9,10,1,上课提醒我们疫情防护，还给我们提供口罩，真的是关心学生的好老师
172967,2061,陈军杰,2023-05-10 12:44:59,12,14,2,老师确实是好老师，很负责任，但讲课的时候真的难顶，思维有时候非常跳跃而且手写的字不是很端正，另外课后作业也巨多，发的资料对应试基本没有帮助，不推荐像我这样的菜🐔选\n\n我对cjj的感觉就像是包办婚姻给你别人给你凑的对象，确实在某些方面做得尽心尽力但就是与我合不来，我是绝对说不上喜欢的
174111,2061,陈军杰,2023-06-06 09:38:34,0,3,3,作为22级的第一次写评价，第一个给出满分的老师。\n\n上课干货满满，只要跟着他的思路走就能收获许多，而且为人认真负责还特别温柔，有什么理由不给高分呢？\n\n虽然作为北方人一开始有点不适应口音，但这也不是老师的问题吧，真的是一个很希望我们能学到东西的老师，能在大一遇到他属于一大幸运
174792,2061,陈军杰,2023-06-18 05:58:40,1,2,1,cjj老师是好老师🥹 虽然有时候会因为个人原因犯困 每节课都坐在第二排
175184,2061,陈军杰,2023-06-22 07:53:59,3,4,1,我觉得陈军杰老师是一位很负责任的老师，他给你提供了比其他老师多的多的练习与例题，并且这些题目好好看的话，绝对能够给你起到很大的提升作用，然后这里给你一个小小的提示，一定一定要预习，只有预习了你才不会觉得老师讲的内容晦涩难懂。
176898,2061,陈军杰,2023-06-30 15:22:48,17,21,4,浙大还有像这样教书比我读书认真的老师吗？
176979,2061,陈军杰,2023-07-01 02:48:13,7,8,1,受课程组影响，这学期点名，但正课点名提前通知。耐心负责，资料多。\n\n给分好而不调，主要是赋分会比原始分高一些，但赋完后就不调了，比隔壁求是的老师给分还是好一点。（高分段多一分，低分段多五分，一般是这样）\n\n上课可能清晰连贯度不如隔壁tww，主要是比较散，拓展多而知识本身讲得少。\n\n因此建议高手选，冲满绩选，想参加竞赛的选，作业多，想速成的请立即退掉。\n\n我自己微积分不强，在老师捞了我的情况下，甲1 84，甲2 80。老师很负责，可惜我没有完成老师的全部任务达不到他的要求。跟他上一年课的有云峰十佳大学生，有转到CS的大佬，但两极分化也确实厉害。\n\n第一节课记得举手回答问题，你的总评会多一点点。
177311,2061,陈军杰,2023-07-03 00:56:23,1,5,4,好好预习！特别好的老师，帮了我很多很多！！微甲一满分，微甲二被捞到了4.8wwww，爱jjchen！
179297,2061,陈军杰,2023-09-08 03:50:15,1,3,2,挺好的，会引导我们思考书本上没有的东西。
179609,2061,陈军杰,2023-09-18 23:53:34,-2,1,3,真的好
180345,2061,陈军杰,2023-09-21 07:19:18,-2,2,4,老师很努力很认真。一定要预习！
180596,2061,陈军杰,2023-09-23 08:02:48,9,11,2,讲不清
180658,2061,陈军杰,2023-09-24 10:58:17,36,36,0,老师课外内容非常多，甚至凌晨十二点半了在床上被他钉群里发的资料消息震醒，上课用手写讲义投影，讲课逻辑不突出，认真学的(花大把时间看他的几十个文件和几十个各种网课视频的人)和有竞赛基础的同学比较跟得上而且收获会很多，时间不多和基础一般的同学学得很痛苦。不是针对考试的讲课，他希望同学们都去竞赛(哭)，可是我这种数学渣渣只是想把基础内容学明白、学扎实啊(大哭)，希望老师可以考虑一下数学渣渣的感受
180820,2061,陈军杰,2023-09-27 01:45:56,11,18,7,课本知识讲不明白，喜欢拓展一些对应试无用的东西（说得难听点好多资料和思考题对大部分学生来说都是在做无用功），还爱装逼
181020,2061,陈军杰,2023-10-03 07:41:59,-6,2,8,我爱陈老师
181032,2061,陈军杰,2023-10-05 14:21:59,8,9,1,作业多，而且对自学要求很高
181050,2061,陈军杰,2023-10-07 02:43:58,4,5,1,听不懂
181059,2061,陈军杰,2023-10-07 04:13:21,6,8,2,很认真，但是对自学要求太高了，上课有点摸不着头脑，东一下西一下，好b溃
181142,2061,陈军杰,2023-10-10 03:00:51,6,6,0,太跳跃了，有点难跟上
181222,2061,陈军杰,2023-10-12 02:39:52,9,10,1,如果…，那么你问题很大
181286,2061,陈军杰,2023-10-13 03:15:48,2,2,0,老师要求自学，对我这种菜鸡很不友好，上课不讲基础，给分也很一般
181336,2061,陈军杰,2023-10-15 05:22:30,15,16,1,对于一个普通人，很头疼。老师讲课逻辑不强，我没有高数基础，上课基本听不懂。作业很多，对于我，每周都要花至少一下午来完成此作业，时间是舍友两倍（均没基础），加上自学网课一天就出去了。总之，高中没有竞赛基础的，大一建议尽量换老师，不然将会体验上课一遍、网课一遍、作业一遍的三倍微积分学习时间。
181587,2061,陈军杰,2023-10-23 15:58:57,8,11,3,很认真，竞赛资料很多，作业也很多，数学学渣根本跟不上，基本每周要花两三个晚上写完作业。上课手写投影，基础内容的讲解有点欠缺，适合自学能力超强的竞赛佬，我这种学渣就自求多福了吧😔。
182008,2061,陈军杰,2023-11-08 02:50:06,2,4,2,实际上老师蛮好的，而且讲得很深刻，就是有点跳跃，拓展的东西很多。需要你提前预习，而且要巩固。想学数学的人真的能学到很多东西。作业多这确实有点，但老师很认真，还是给你打十分。
182315,2061,陈军杰,2023-11-14 12:31:51,11,12,1,上了两个月的课再回来评价一次，要加一分。\n\ncjj老师确实蛮负责的，课外资料和思考题非常多，同时作业也非常多。我这种课多、效率低、自由时间少、不够自律的学生学起来挺费劲的。但是老师上课其实讲得没有隔壁班快，因为他会拓展比较多的点，这些点个人感觉对于应试来说还是挺有用的，他会重点反复讲一些可能考到的拓展点。但是老师上课手写讲义比较抽象，而且讲课思路有点跳跃，授课内容不够有逻辑比较散，稍微不集中注意力就有点难跟上，因此建议按照老师的要求预习（当然对于我来说不太可能。。。）。如果认真学完全可以成为微积分大佬，再不济只要比较跟得上，应该也能应付考试的大多数变式题型。老师东西还是很多的，每周都有答疑时间，因此要加一分，还有一分不给是因为我实在有点跟不上。
182567,2061,陈军杰,2023-11-17 14:33:23,28,34,6,太爱陈军杰老师了，因为他的课和童雯雯老师同一时段，大家都可以去听童雯雯老师的课了
182654,2061,陈军杰,2023-11-19 03:27:22,9,11,2,cjj讲的很好吧，而且最最重要的就是很负责任，每天钉钉消息有多半是他发的习题资料考试信息
184262,2061,陈军杰,2023-12-14 08:29:52,26,31,5,1.基础很好，搞竞赛的来\n\n2.极其自律且有大量空闲时间的来\n\n3.其他的不要来
184697,2061,陈军杰,2023-12-22 08:12:45,10,10,0,1.老师发的东西非常多，而且对考试蛮有帮助的。（我曾经以为我能足够自律，后来发现属实想多了，抽不出时间做老师发的东西。）\n\n2.讲课自成体系，最好跟着他的节奏\n\n3.讲得快又散，拓展多。有可能强者更强，弱者更弱……   \n\n不过老师还是很负责的，对数学有自信的大可来
185236,2061,陈军杰,2023-12-27 08:04:22,4,5,1,很负责的老师，会提供很多复习资料
185321,2061,陈军杰,2023-12-28 01:36:42,8,8,0,建议数学基础好的同学选。但是陈老师很负责教的内容也很拔高。给的课外资料也不少。
185507,2061,陈军杰,2023-12-31 15:39:29,13,13,0,中肯评价：适合超级大爹和很空的大爷，提升多竞赛多，资料无穷作业偏多，讲课脱离课本而且讲稿很散，完全符合一不小心就听不懂。\n\n但是听完收获很多，做了作业也感觉有提升，讲得好的\n\n为了陈老师看了几十个小时智云课堂（QWQ），回放可以有效梳理思路，选上的同学多看看罢。
185883,2061,陈军杰,2024-01-05 09:48:08,27,30,3,老师的上课方式是古老的，作业量是现代化的，难度是自由的，点名是随缘的，MOOC是没有的，课外资料是超级加倍的
186923,2061,陈军杰,2024-01-13 14:14:23,7,7,0,出分前来个军杰打个分，军杰是个好老师，但是确实不推荐没有自制力的来学，大佬来或许会比较好。上课很认真，然后也很关心学生，资料发的也很全。但是作业压力会比较大，所以大家看自己的需求吧。认真听肯定能学到东西（虽然我没学。。。）
188409,2061,陈军杰,2024-01-19 02:44:26,4,6,2,陈老师真的特别特别负责任，从来没有遇到这么负责任的老师，可惜我也没有好好珍惜，不管最后出分多少，老师是真的很好，如果成绩不好的话也只能怪自己。希望选上老师课的同学可以认真对待老师的课后资料以及课前预习的任务（因为真的很重要！），课堂也是一定要跟着老师的思路走，不然就很容易听不懂。老师课上的佬很多，不会的可以在答疑群里问，大家都特别热情！
188577,2061,陈军杰,2024-01-19 09:48:28,1,2,1,爹你是我的神
188579,2061,陈军杰,2024-01-19 09:56:29,4,9,5,10/10\n\n微甲一97\n\n强烈推荐！！！！除了资料多来不及看没有任何缺点！（资料多本身超级优点）\n\n很细致，讲得很认真，很可爱的老师，熟悉一下手写板书就可以很好适应。\n\n最后，您是我爹！
188582,2061,陈军杰,2024-01-19 10:05:43,2,3,1,老师你是我的神
188608,2061,陈军杰,2024-01-19 11:18:48,3,4,1,陈老师，你是我的神！
188756,2061,陈军杰,2024-01-20 00:42:20,1,3,2,JJChen太好啦！！！
188766,2061,陈军杰,2024-01-20 01:44:27,2,5,3,老师很负责，给分超级好，数学废物也能捞到4.8
188796,2061,陈军杰,2024-01-20 03:29:32,-1,1,2,听不懂就下去自学的，看了很久mooc，加上老师发的题目一起，也能获得较好的学习效果。老师真的很负责
188947,2061,陈军杰,2024-01-20 17:55:41,3,4,1,头号玩家（滑稽）
189046,2061,陈军杰,2024-01-21 12:09:27,-9,2,11,满绩了，感觉捞了一点点
189191,2061,陈军杰,2024-01-22 09:42:37,5,8,3,微积分的玩家
189850,2061,陈军杰,2024-01-31 07:07:57,12,12,0,玩家我给你跪了\n\n真神！！！
190177,2061,陈军杰,2024-02-24 09:13:46,1,2,1,谢谢玩家，微积分甲I可以选，可能需要预习\n\n甲II还没上
190204,2061,陈军杰,2024-02-25 10:43:51,10,11,1,头号玩家cjj，变个样子你就不会玩了？
190282,2061,陈军杰,2024-02-27 06:38:30,3,6,3,老师超级负责，钉钉群里发了很多资料，感觉很适合基础好的同学自学（基本上课不听考试的时候复习一下过一遍老师的资料就能取得不错的成绩）作业稍多，基本上没点过名，给分也很好，感谢老师，被捞到满绩哩
191118,2061,陈军杰,2024-04-05 12:07:42,6,9,3,陈老师啊，你真的好能布置作业啊，我都写哭了还写不完
192669,2061,陈军杰,2024-05-27 12:02:27,10,10,0,我为cjj举大旗，超级好的老师，不会循规蹈矩地只讲书上的内容，会引导我们打开思路，玩法高端(老师真的很聪明呀)，会分享很多资料，干货超级多，极其认真负责，给分还很好，不敢想象如果一开始就上他的微积分我将是多么快乐的一个小女孩，爱cjj
192735,2061,陈军杰,2024-05-29 18:38:58,5,6,1,头号玩家（
193013,2061,陈军杰,2024-06-02 12:13:01,4,5,1,陈老师钉钉群里分享的资料很多，对自学的同学很友好。但是平时作业也很多，半个学期我就写完了3个小本本QAQ。老师上课喜欢用投影放自己写的纸给我们看（我觉得老师的书写有些潦草，至少我不能很轻松地认出每一个字），不过我觉得老师上课上得一般，一个点有时候会重复讲；所以我经常润到隔壁听苏德矿（doge）。（cjj老师的微积分甲进度貌似比sdk的微积分H要快一些……\n\n总之，喜欢自学的可以冲，怕作业多的同学赶紧跑。
193692,2061,陈军杰,2024-06-15 12:21:24,10,11,1,作业很多，上课水平一般，会在钉钉群发无数的资料，每节课必定拖堂5分钟\n\n实事求是讲，很适合热爱数学、能力很强、非常自律的卷王，但对大多数人来说上他的课体验感挺糟糕的\n\n大家参考个人情况，谨慎选择
194246,2061,陈军杰,2024-06-23 01:17:19,5,6,1,作业非常多，适合自学，高手可来
195571,2061,陈军杰,2024-06-28 23:46:25,2,6,4,很认真负责的老师，期末狠狠捞，平常上课只要提前预习课后多写老师布置的练习基本没什么问题，课堂也很有趣。微甲一二都选的JJChen，我宣布我现在是cjj吹子！
195594,2061,陈军杰,2024-06-29 03:00:43,7,10,3,军杰gg爱捞会捞，给的成绩非常顶，上课也很认真（srds手写体有点难看），上课比较发散，需要提前预习才能知道他想阐述什么，上课有时候会讲题外话（比如和你介绍一下怎么捞你 hhh）\n\n作业非常多！一学期三本作业本是不够用的，但相应的如果平常认真做作业最后复习会很轻松，他还会布置自己选的思考题\n\n总的来说大爱jjchen，满分奉上
195616,2061,陈军杰,2024-06-29 04:53:05,0,2,2,陈老师真的很好，好好听课肯定有收获
195643,2061,陈军杰,2024-06-29 06:53:35,2,4,2,非常好
195659,2061,陈军杰,2024-06-29 09:40:50,1,5,4,我的微甲一二选的都是陈老师，一开始刚上陈老师的课可能会不适应，甚至很难受。但是适应了这样的授课节奏后，并且在提前预习的条件下，你会发现陈老师上课讲得挺好的，而且会给很多切中肯綮的例子，有助于我们更深入地理解定理，而且思路很灵活，让人能够深刻地感受到数学的美。虽然老师题目确实有点多，但是写完后会发现自己得到了很大的提升，对考前复习也很有帮助。除此以外，老师真的上课很认真，发资料很及时。总之头号玩家yyds！
196448,2061,陈军杰,2024-07-03 13:06:14,7,10,3,双满绩，jjchen牛逼
196777,2061,陈军杰,2024-07-05 05:43:38,9,9,0,上课是听不太懂的但课是和tww老师同时段的（），给分是捞的，作业的数量和老师的敬业指数成正比：）
198467,2061,陈军杰,2024-09-09 06:16:02,-1,3,4,非常水，给分好
198468,2061,陈军杰,2024-09-09 06:16:31,2,3,1,捞王
198834,2061,陈军杰,2024-09-12 04:37:51,11,11,0,我嘞个事儿多啊
199095,2061,陈军杰,2024-09-17 06:52:13,3,6,3,老师很热心，事情也是真的多
199618,2061,陈军杰,2024-09-26 09:31:44,23,31,8,为什么我上了他的课跟吞了shi一样难受……好吧我承认cjj会提供很充足的资料，甚至中秋假期还在钉钉里说同学们月饼我就不发了，给你们一些资料吧（???）他会在课前询问你有没有看他发的一堆PPT，视频，手写稿，文档，你说看了他要问考你问题，你说没看他就痛心疾首地说你本来是顶级985水平，过了几天变成末流985，后来变成211水平，最后和大专没区别（???）但我上课真的听不懂啊。你看看有几个人在听课。玩手机，睡觉，做作业的都有，你敢说你自己没有哪怕一点问题。你能不能多用PPT啊。不是每个人都看得懂你的手写稿。你能不能别总是讲你竞赛带了多少多少一等奖，最后花5分钟讲完30多张PPT还得意洋洋，念PPT谁TM不会啊。你能不能体谅一下大多数同学啊，好好把基础讲好，在给我们做难题。你能不能先告诉我们你今天到底要教什么，不要漫无边际的说几个知识点，做几道题。你能不能不要总是吓我们不好好听就再也听不懂了，你会讲，谁TM不想好好听啊。你也许确实数学水平高，你也许确实是个勤恳的老师，但你不会用适合大多数人的方式教授知识。
200073,2061,陈军杰,2024-10-12 09:57:50,14,16,2,口音重、语速快、听不懂，真的有在很努力听，但是真的听不懂啊啊啊啊。我一度怀疑是自己智商太低，直到听了tww 的智云才知道我智商是正常的。建议没选上tww 课的同学上课带耳机听tww 直播课。
200111,2061,陈军杰,2024-10-13 08:10:47,6,10,4,拿着复旦的课本讲，学生在下面翻来翻去找不到讲的啥
200201,2061,陈军杰,2024-10-15 01:10:04,13,14,1,口音听不懂，讲的内容也听不懂，作业超级多。虽然老师很负责任，每天都在群里发很多资料，但是上课上得真的很难受，建议自己看书，刷题。
200819,2061,陈军杰,2024-10-23 02:34:51,7,12,5,作业真的很多，每次看到都有点绝望。这个不是最扎心的，关键是上课真的存在很大问题。感觉每次上课漫无边际，群里发的一堆东西也是毫无逻辑。预习?上百张纸，你从哪儿开始预习。就算预习了，感觉准备很充分，你会发现???上课在讲啥?没有顺序。抓不到老师的教学逻辑和体系，几乎没有收获。不可否认，老师真的很敬业，水平也很高。但是真的就是学不到东西。
200868,2061,陈军杰,2024-10-23 15:52:25,7,14,7,选cjj老师的同学们，你们有福了，陈老师有如下优点：\n\n1.陈老师的微积分有极其浓郁的地方特色，听不懂陈老师家乡话的大概率上不了课，听懂的会感到家一般的温暖\n\n2.陈老师的微积分适合有一定自学能力的同学来上，原因有二：①陈老师说：预习和复习是大学生最基本的素质，所以他上课不会讲课，需要你自己学习②如果你用工预习了，那么恭喜你，苏德矿老师在b站大学等你，你有福了\n\n3.陈老师有深厚的书法功底，上课没有课件，全靠手写，手写出来的全是狂草。虽然我只认真听了陈老师的一节课，但是我抄作业的时候已经可以将陈老师那股狂放不羁的草书运用的无比自如。显然助教老师已经习惯了陈老师龙飞凤舞的笔记，于是每次给我的作业都打A+。啊！伟大的陈老师啊！您真是我书法道路的一盏明灯！您真是我数学道路的一盏“冥灯”！\n\n4.陈老师在微积分届就像ljj老师在c程届一样伟大。喜欢写题的小朋友你们好啊，我是cjj，我已经留了你需要抄一个小时的作业，哈哈（无慈悲）！\n\nJust避雷~避雷~
200883,2061,陈军杰,2024-10-24 05:10:15,4,9,5,你是什么东西，敢黑sdk
200994,2061,陈军杰,2024-10-28 16:26:28,7,9,2,好狠的作业量\n\n你怎么知道我前7周的作业用完了3本练习本？
201128,2061,陈军杰,2024-10-29 06:13:31,8,9,1,81道求导题外加同济教材补充题，两次作业用了我12面习题本。唉~，就看他给分还不好了。
201187,2061,陈军杰,2024-10-30 01:27:58,3,5,2,干货满满，需要自己勇敢探索的
201226,2061,陈军杰,2024-10-30 12:25:26,4,7,3,其实下面拿个把cjj比作ljj的大可不必，cjj班的90分有几次超过30%的，小测赋分也是比较好的。\n\n虽然我也不赞同布置那么多的导数题目（以前还是自己做现在怎么听说要交了），但是cjj的作业能认真做完微积分不会低，至于你说值不值得5学分我觉得考得好还是值得的，因为一般同期硬课就是工图、大物、线代、C程之二，所以看个人吧！
201276,2061,陈军杰,2024-10-31 03:52:42,15,17,2,1.有足够的数学天赋\n\n2.有非常充足的时间\n\n3.超级热爱数学学科\n\n不能同时满足以上条件的话，趁早退课吧，不然你会非常痛苦😣
201397,2061,陈军杰,2024-11-01 16:01:10,4,12,8,虽然作业真的很多，上课讲得有点深奥，但是我真得爱他！！！！！他真的人超级超级好，超级超级可爱啊啊啊啊啊！！！！🥰🥰🥰🥰🥰🥰🥰🥰🥰🥰
201944,2061,陈军杰,2024-11-07 14:38:12,-30,0,30,很想引用著名ctf大神香香xnn的一句话：\n\n你问问他🐴几岁了。。。\n\n明年能+1岁不。。。
202162,2061,陈军杰,2024-11-10 07:33:08,9,12,3,看到好多最新评论和ljj对比，大可不必，根本没有可比性好吧（叠甲，不了解ljj，个人观点）\n\njjChen作业多，没话说；可是这是数学课欸，孰能生巧我觉得是很重要的（作业是多，但是你会发现交作业即满分哦）\n\n而且而且，等到考试周的时候你就知道了，jjChen的作业和复习资料有多重要，刚考完的复变怎么说呢哎，一学期听下来老师只讲了个皮毛，有些考试考得根本不是这点皮毛，特怀念jjChen\n\n\n\n其实我觉得cjj的讲课算是有条理的，你会发现他其实是沿着一根线讲的（为什么会有同学觉得跳跃有的时候我觉得cjj是想通过类比，比如在xxx地方用的这种方法在另一个地方讲的时候突然被提及，这里也是用这种方法来实现这个定理的，我觉得这样讲其实很好的，这种方法论的感觉）\n\n\n\n至于口音，我觉得好像多听听就熟悉了吧，辨识度挺高的，主要就是几个字容易听混（我感觉）\n\n\n\n至于什么预习，我觉得你就当他说说好了，会有谁真的详细的预习呢，看看他发的ppt倒也还好，其实预习不预习都差不多的\n\n\n\n而且助教gg人也超级好的，最后给分很好，你会发现小测分数只会给你看一次的，而且jjChen也没有慕课，你猜是怎么捞的呢\n\n\n\n上学期课代表矫正下风评（陈老师的风评两级分化是正常现象了但其实你会发现jjChen有点“可爱”的，人不错的）（😂）
202847,2061,陈军杰,2024-11-15 01:13:42,1,13,12,时隔两年看到新同学的评论忍不住再来评价\n\n先说结论：在微积分老师里算比较差的，至少排不到中上档\n\n诚然，cjj教学态度还是很认真的，但这并不能掩盖他让大部分学生学不懂、跟不上、压力大的事实。\n\n第一，上课思路跳跃，很有自己的想法，总是拿个草稿纸想到什么讲什么。第一，这样的逻辑和条理让学生与上其他老师的课相比要多投入更多的精力去跟，甚至还得课后看回放看网课去补，最幽默的是在我上微积分课哪一届课外的东西讲得太多了让同学去自学拉格朗日定理那一节。第二，讲的拓展知识不乏一些考试可能根本不会涉及的内容。大部分人上这个课应该也就是希望学会课本内容，考试考个好成绩，本身课程难度就比较大，额外的知识可能都腾不出时间去应付。打个比方，语文题名著题让你解读《红楼梦》，正常老师都是背个公式大纲往上怎么套着写吧，结果你发现有个人就喜欢就这个题目跟你探讨红学，未免有点冗余了吧\n\n第二，作业非常多。就我个人而言还是能比较好地巩固微积分知识的，但是和第一条结合起来就非常爆炸了，一般的学生压力和花费的时间会非常大。\n\n我想这个时候肯定会有大佬要来攻击我，那么我先叠甲：我数学确实不咋样，和以前高中的尖子生或者参加过数竞的同学根本是天上地下。但是，我认为一个好的老师应该是去调整自己去适应学生，教懂大部分学生，而不是让学生去死命地跟上他天才般的思路。打个比方，你拿教竞赛班的数学思路去教普通班，学生们不难受吗？我是会觉得这个老师教学水平不咋滴。cjj显然和大部分老师的微积分教学脱节，让大部分学生跟的很难受。别跟我说什么那是你自己水平不行，你去上下别的老师的微积分课就知道他们思路有多清晰了，学微积分基础知识舒服太多。\n\n综上所述，如果你是那种初中走提前批高中数竞或者数学尖子生这类的数学天才，选。一般人别来沾边，你会生不如死最后还得是靠着宋浩老师吊着一口气。
203716,2061,陈军杰,2024-11-20 18:17:22,9,13,4,横向对比一下其他班你就会发现jjchen班期中考改的真的很松吧...感谢助教哥哥！
203801,2061,陈军杰,2024-11-21 06:18:36,11,12,1,大二了回来再评价。大一微甲1预置cjj，微甲2预置lxj，对比之下cjj作业多很多，但是拓展的内容很多，包括习题课有很多额外习题，虽然事多但是对于巩固很有帮助，不像lxj的习题课甚至不如自己看答案来的效率高，能感觉到cjj对于每一个学生的关注。重要的是给分好，巨捞无比，同样是班级中等偏后水平，cjj微甲1给我88，lxj微甲2只有81，一个差一分4.5，一个3.6，不用多说了吧。
204714,2061,陈军杰,2024-11-27 12:58:34,0,5,5,刚上半学期，先10分求捞🥹
205198,2061,陈军杰,2024-12-02 14:13:37,63,65,2,2024年12月1日 21：55\n\n[Dingtalk]陈JUN杰：今天是世界防艾日，艾滋防治，人人有责。
205804,2061,陈军杰,2024-12-12 05:24:14,18,19,1,说真的，我觉得完全配得上10分的，老师有硬实力，讲课的内容有拓展，很丰富，认真听的话真的能学到很多东西，每一节课都能给我收获满满的感觉。当然，我觉得lwz助教老师是真的天使好吧，平时分基本每个人都会给满20，期中考也会狠狠地捞，平均分能巨高，而且平时讲课也很温柔，真的超级好。不过好像助教老师下学期不做助教了，悲~
206186,2061,陈军杰,2024-12-13 07:32:20,8,8,0,作业真的是致死量，但是认真写也能学到很多技巧和真东西，上课思维跳转太快了，个人感觉有些吃力，不预习的话很难跟上；助教人很好，作业只要认真完成就给你A，讲题也比较清楚
206608,2061,陈军杰,2024-12-16 12:12:52,9,9,0,俩室友一两个月之后就没去上过他的课😡
206617,2061,陈军杰,2024-12-16 14:21:40,0,2,2,给老师打个八分，真的很敬业，资料很足，但是像我这么菜的小登真的看不过来
207418,2061,陈军杰,2024-12-22 07:52:25,6,7,1,jjchen 老师超可爱的。\n\n上课很有激情，扯得很多；很热心，给的资料巨多。\n\n他希望他的学生都去打竞赛。\n\n平时分拉满的。\n\n有基础者可选，计划CMC者可选，时间多想花大力气学者可选，擅自学者可选。\n\n虽然我投奔了 B 站大学苏德矿，但打一个 10 分。
207651,2061,陈军杰,2024-12-23 12:16:22,3,5,2,emmm，非大佬还是跑去隔壁听童老师的课吧（反正他每次点名都会提前通知）\n\n看你是喜欢平行班一般的学生听得更舒服的老教师还是更喜欢教竞赛的数学疯子了
208467,2061,陈军杰,2024-12-28 06:37:09,4,7,3,jjchen！\n\n上课天马行空\n\n作业超级多\n\n（才知道只有他vjf一周两次作业）\n\n但除了小测不点名\n\n习题课点名助教会写在黑板上\n\n平时分也是拉满\n\n最后选了他就代表你可以去智云听任何一个你喜欢的老师的vjf
208485,2061,陈军杰,2024-12-28 09:07:40,12,14,2,期中考试的时候jjchen来考场告诉我们题很难，再上课他说其实题很简单，自己当时是故意那么说的。jjchen确实在用自己的方式照顾学生心态了。一个学期坐在他的教室里上课，基本上只有他说题外话和讲笑话的时候在听。最后，微积分补豪玩🤓☝，希望期末考试能活着回来（ps:关于jjchen的口音，他会把厕所叫成刺所，感兴趣的来听吧！）
211483,2061,陈军杰,2025-01-11 15:07:42,4,4,0,老师比较适合有一定基础和自学能力的同学，上课深度还是比较深的，资料也很充足——最重要的是！！给分巨无敌好啊啊啊啊啊啊啊啊！！！！10分好评！！！
211720,2061,陈军杰,2025-01-12 09:10:02,4,5,1,不去上课，自学满绩，平时分全部拉满，伟大，无需多言
211864,2061,陈军杰,2025-01-13 00:42:15,8,10,2,半个班上90分，适合追求高绩的自学型选手。只会在小测时顺便点名，伟大！！！
211879,2061,陈军杰,2025-01-13 01:04:03,16,16,0,你是其他班两三倍的作业\n\n也是其他班两三倍的优秀率（90+）\n\n虽然讲课跳脱，但期末可以保证给一个应得的成绩（会仔细审核卷子改错会上报）\n\n嫌事多勿选此班，请自学选手速来！
211895,2061,陈军杰,2025-01-13 01:21:19,1,1,0,伟大无需多言
211901,2061,陈军杰,2025-01-13 01:26:54,2,3,1,虽然平时作业多，但他是真的海底捞啊啊啊
211903,2061,陈军杰,2025-01-13 01:30:25,3,4,1,目前jjchen评分不是那么高绝大部分原因是作业多。但问题是作业真的是有用的，跟着jjchen学是真的能学到东西的。并且jjchen给分真的巨捞（优秀率超一半）。所以别犹豫，选到jjchen就偷着乐吧，我打10分！
211904,2061,陈军杰,2025-01-13 01:31:58,0,2,2,cjj，你是我的神！！！！
211911,2061,陈军杰,2025-01-13 01:42:30,2,2,0,真的没想到微积分能满绩，陈老师的课需要花很大功夫去把他给的资料看完，但是看完真的很有收获！
211930,2061,陈军杰,2025-01-13 02:02:58,2,2,0,捞捞🥰只要听智云自学就好了
211934,2061,陈军杰,2025-01-13 02:08:06,1,2,1,适合自学的捞神
211937,2061,陈军杰,2025-01-13 02:11:31,3,3,0,捞王，但是卡绩了，但是陈老师巨捞
211949,2061,陈军杰,2025-01-13 02:39:37,1,3,2,普遍看起来确实很捞，但感觉自己没被捞到……不知道为什么
211965,2061,陈军杰,2025-01-13 02:58:44,1,2,1,伟大无需多言
211970,2061,陈军杰,2025-01-13 03:01:50,5,6,1,资料多✓\n\n不点名✓\n\n给分好✓\n\n讲课好×\n\n很好的JJ Chen，使我满绩
211986,2061,陈军杰,2025-01-13 03:44:46,-1,1,2,伟大无需多言
212044,2061,陈军杰,2025-01-13 05:44:50,5,5,0,作业很多，但是我每一道题都写了，最后期末周周围人都在写微积分的时候我感觉没什么压力，感觉都会了，期末考感觉也很轻松，最后97满绩，强推！
212053,2061,陈军杰,2025-01-13 06:05:46,0,1,1,很一般
212141,2061,陈军杰,2025-01-13 09:09:53,1,3,2,男神，无需多言，99/5.0
212169,2061,陈军杰,2025-01-13 09:59:17,1,1,0,JJChen捞神
212179,2061,陈军杰,2025-01-13 10:13:59,4,4,0,作业有点多但是给分真的无敌好，数学fw都能捞上4，jjchen真的神中神
212418,2061,陈军杰,2025-01-14 03:26:26,11,12,1,给jjchen10分！\n\n大玩家班里一半人总评上90，伟大无需多言\n\n上课只有小测的时候签到，其他都是习题课签到会提前写在黑板上\n\n小测成绩从来不公布(懂得都懂伟大无需多言)\n\n有两点招黑：1.作业多，但是笨人觉得vjf应该可以算大一秋冬的硬课之一，而且适当练习确实可以加深理解，不然很容易过两天就忘\n\n2.会给很多很多资料，建议自己整理一下再食用，或者说挑一些食用(大佬当我没说，笨人水平有限)\n\n总之，给分好超级捞
212919,2061,陈军杰,2025-01-15 09:07:44,3,4,1,头号玩家
213025,2061,陈军杰,2025-01-15 16:03:38,1,3,2,超负责任，且热爱数学，资料作业巨多但很捞，如果你是数学玩家，很建议选。
213150,2061,陈军杰,2025-01-16 06:39:57,2,3,1,真的不要太好，给分极其宽松，认真负责，讲得也很耐心细致
213468,2061,陈军杰,2025-03-04 08:41:59,-64,9,73,呵呵，52%优秀率，严重破坏公平性，你小心有人看你不爽直接举报了\n\n还有下面那个，老子总评99，是你菜还是我菜？靠着老师拿高分，你算老几？
213502,2061,陈军杰,2025-01-18 02:42:03,3,3,0,作业多，不得不黑一下，但是确实有用，签到大部分在习题课（所以我两次没签上），会发很多资料，大部分也是有用，就是上课体验不太好，课后绝对是个好老师，最后总评95满绩，我感觉签到那里应该捞了我一下
214191,2061,陈军杰,2025-01-27 12:52:40,6,6,0,陈老师实力极强，但是课后作业实在太多，而且需要课下预习的补充资料也很多，只有效率很高的同学或者真的很热爱数学的同学才能适合，不过给分真的很捞（我5.0）。我个人认为不能因为自己跟不上就评低分。（再补充一点，老师口音很重，有时可能反应不过来他在说什么。
214456,2061,陈军杰,2025-02-05 07:38:10,4,5,1,很好的JJChen，使我总评99，资料多但是很有启发性，后期不管大考还是小考都是满分。
215001,2061,陈军杰,2025-02-20 03:17:50,6,9,3,下面那个叫不公平的，菜就多练，输不起就别学
215066,2061,陈军杰,2025-02-20 13:05:19,1,1,0,男神无需多言
215206,2061,陈军杰,2025-02-24 08:30:57,9,9,0,陈老师对AI工具很有热情啊～(￣▽￣～)~
215293,2061,陈军杰,2025-02-25 04:16:34,5,5,0,很好的老师，资料给的是真的多，给分也很好
215712,2061,陈军杰,2025-03-04 13:31:09,2,3,1,JJking！
215741,2061,陈军杰,2025-03-05 04:31:14,8,10,2,微1和微2都是陈老师的课，我也有时不听，有时也上课玩手机，但是根本不是老师的问题，你觉得他讲的不好你听不懂，那为什么他提前两周就发了让你预习的东西，你看都不看一眼。用老师说过的话就是：“我可以讲简单，但是考难了你们不会那有什么用”，以后遇到问题了，你解决不了，那他教了有什么用，而且教我们要使用专业软件和AI来学习和解决实际问题，这不好吗？作业多不应该吗？微积分9学分啊，不该吗？上课不听，下课还不练，挂了难道怪老师吗？习题课是自己准备好的题目，还会自己给解答，又不是作业，希望可以多给我们讲一些，人还超级好，答疑特别认真。
216086,2061,陈军杰,2025-03-10 09:22:21,6,6,0,我是这学期刚上陈老师的课，在上课之前总是听说作业很多，资料很多，有点害怕来着哈哈。但上课之后我发现，陈老师是一位真正热爱教学与微积分的老师，课上干货满满，跟着老师的思路下来很有收获（我天天坐第一排），也是真正开始了热爱微积分。上学期刚上大一，对数学很害怕，但是现在可以说我真的热爱数学与微积分。
216415,2061,陈军杰,2025-03-16 08:56:57,-12,2,14,1分嘻嘻
216758,2061,陈军杰,2025-03-24 06:41:19,-7,3,10,作业太多，拖课严重，讲的一点逻辑没有，第一周的课讲了三节小课的DeepSeek，课的内容草草带过，真服了，他是教人工智能的吗？之后就去听zjf的课了
216821,2061,陈军杰,2025-03-26 06:53:54,-7,7,14,微积分甲II\n\n黑化了开始点名了；作业比上个学期的多很多，每周的作业抄都要抄一两个小时。总而言之慎重慎重 :P
217498,2061,陈军杰,2025-04-11 11:28:26,5,5,0,期中考试了，老师发了好多有用的资料，是一个认真负责的好老师
217773,2061,陈军杰,2025-04-16 08:26:34,3,3,0,上课作业很多，资料也很多。陈军杰老师是一位热爱教学的老师，我现在对微积分的热爱也不只是因为考试了。感谢老师!
218783,2061,陈军杰,2025-05-05 05:04:12,0,0,0,呜呜呜不要点名呜呜呜
219226,2061,陈军杰,2025-05-23 08:08:26,1,1,0,陈军杰老师和蔼可亲，教学态度嘎嘎认真，平时会在班级群里发很多学习资料（本人时常因为没有看而感到十分愧疚）。乐于解答学生的疑问，微积分两部分都是听他的，上学期绩点还是给得很好的。
221227,2061,陈军杰,2025-06-22 05:58:04,4,4,0,头号玩家jjchen
221240,2061,陈军杰,2025-06-22 07:16:43,1,2,1,嘻嘻，满分满绩了呀
221245,2061,陈军杰,2025-06-22 07:43:48,1,1,0,上课你可以永远相信一高数，考试你可以永远相信cjj，我错了军杰大人，我以后不会允许任何人忤逆您(⩌⩊⩌)
221251,2061,陈军杰,2025-06-22 08:34:04,0,0,0,给分好
221273,2061,陈军杰,2025-06-22 11:31:01,1,1,0,我的天哪cjj大人
221334,2061,陈军杰,2025-06-23 03:57:27,2,2,0,虽然讲课有点口音听不懂，但是给分好啊，选不上热门老师的话，可以冲，然后去其他班听课
221439,2061,陈军杰,2025-06-23 12:43:31,1,1,0,作业我个人认为也不算很多。我感觉学习微积分这种科目本身就是需要进行足够的练习的。比起来选择作业少一点但是给分不太好的老师，我个人更偏向于平时多花一点时间换一个好些的成绩。捞神，伟大的捞神！！！
291,2117,陈明飞,2015-03-15 00:20:03,31,93,62,浓重口音，基本抄书，最重要，平时分基本化浮云
2451,2117,陈明飞,2015-05-03 10:21:24,2,12,10,我只能感谢微一没挂。不用担心座位问题。
3077,2117,陈明飞,2015-05-13 11:52:28,0,4,4,老师是好老师，但是不和我口味\n\n
3113,2117,陈明飞,2015-05-15 01:04:01,-9,3,12,真的不喜欢
3885,2117,陈明飞,2015-06-17 07:25:33,6,15,9,自学者可以选，不点名不点名不点名一次都不点名。老师人蛮好的，但是是照本宣科的，自学者选很好，能考好就行。
3996,2117,陈明飞,2015-06-17 12:45:23,23,39,16,老师人很好，讲课其实很细致书上的题都会讲。有一点口音，从不点名。写黑板不用投影
4939,2117,陈明飞,2015-07-01 08:01:29,9,12,3,老师人很好，讲得比较慢比较清楚，也好说话
5838,2117,陈明飞,2015-07-09 14:54:28,5,6,1,讲的挺好，而且比较细致，节奏比较慢，容易听懂
6056,2117,陈明飞,2015-07-10 13:50:39,-9,14,23,我微一100分
6141,2117,陈明飞,2015-07-11 07:48:16,-3,3,6,给分好坑啊……
6822,2117,陈明飞,2015-07-23 08:04:12,0,4,4,坑。。。。
7491,2117,陈明飞,2015-09-14 23:48:30,0,3,3,咦
7516,2117,陈明飞,2015-09-15 01:34:58,16,16,0,很好
7559,2117,陈明飞,2015-09-17 01:21:33,0,4,4,习惯就好
8283,2117,陈明飞,2015-09-18 03:15:09,17,30,13,老师讲课很慢，非常适合我这种理解能力很差的人，我23都是陈老师的课，比起微一，我23的绩点要高很多
8505,2117,陈明飞,2015-09-22 02:39:26,18,20,2,老师人超好，讲得细致。
8558,2117,陈明飞,2015-09-22 10:47:18,16,18,2,人很好
8559,2117,陈明飞,2015-09-24 01:22:25,15,15,0,人很好
8560,2117,陈明飞,2015-09-22 10:48:46,0,1,1,没听过，不知道
8855,2117,陈明飞,2015-09-29 03:58:49,6,6,0,讲的很清楚
9092,2117,陈明飞,2015-10-13 01:51:44,2,5,3,声音不大 口音可以接受 作业多或者难T T      讲课很细致
9177,2117,陈明飞,2015-10-15 07:05:58,6,6,0,好老师啊
9205,2117,陈明飞,2015-10-16 14:49:48,14,14,0,很好的老师
9439,2117,陈明飞,2015-10-27 07:09:02,11,13,2,萌萌哒的老师。很喜欢。从来不点名！！
11969,2117,陈明飞,2015-12-29 08:59:02,0,2,2,很棒！！\n\n
12072,2117,陈明飞,2015-12-21 15:44:00,0,0,0,
12073,2117,陈明飞,2015-12-21 15:44:24,4,5,1,很好呀
12088,2117,陈明飞,2015-12-21 16:25:08,18,26,8,有口音，刚开始很难受，后来接受了。我基本是自学的。中规中矩的老师，就像一个沉默的父亲。自学党的选择，闲杂人等勿入。
13137,2117,陈明飞,2015-12-25 02:45:58,4,4,0,好好哈
14093,2117,陈明飞,2016-01-04 08:28:41,4,5,1,真的很好
14353,2117,陈明飞,2016-01-06 12:47:27,2,3,1,讲的很清楚，但是完全是按照书本讲的，深度不够呢（不听课完全自己看书也差别不大）。不点名，想要学好得自己自觉找额外的练习
14635,2117,陈明飞,2016-01-20 13:50:16,6,6,0,不错啊
17677,2117,陈明飞,2016-01-21 07:53:04,1,3,2,不点名，教的真的不好。但是给分还可以
18124,2117,陈明飞,2016-01-21 08:02:10,0,1,1,太刺激了
18821,2117,陈明飞,2016-01-22 15:10:14,1,1,0,给分很高！
20249,2117,陈明飞,2016-01-26 16:08:44,15,16,1,虽然微积分炸掉了，但是老师是好老师
21185,2117,陈明飞,2016-02-26 02:39:55,0,0,0,好得很
21426,2117,陈明飞,2016-02-29 00:13:02,0,2,2,哈哈哈
21741,2117,陈明飞,2016-03-01 02:41:39,5,5,0,老师讲的慢，很适合理解能力稍差的学生，比如我(>_<)
22172,2117,陈明飞,2016-03-03 00:57:29,-1,1,2,习惯就好
22228,2117,陈明飞,2016-03-03 04:24:30,-3,6,9,作为一个普通话标准（非播音腔）的浙江人，觉得老师上课没有口音。而且萌萌哒，讲解细致，容易理解。很喜欢。
22940,2117,陈明飞,2016-03-15 03:56:56,0,3,3,上的太烂
23530,2117,陈明飞,2016-04-05 04:18:46,1,5,4,不是他的课 但是！每次下了课都要等基友好久 别那么爱拖课啊
23910,2117,陈明飞,2016-04-21 01:44:19,0,1,1,很萌很好的老师 之前基本会去听 考前几节翘掉自习去啦 但是真的觉得老师人很好啊！
24112,2117,陈明飞,2016-04-29 05:44:09,0,0,0,很好的老师。
24120,2117,陈明飞,2016-04-30 06:36:17,2,2,0,微II还是可以的
24377,2117,陈明飞,2016-04-30 04:55:54,1,1,0,从来不听课，自学吧，反正微二基本不用听，老师人还不错
24436,2117,陈明飞,2016-04-30 13:50:39,-2,0,2,老师真的很好，虽然讲课有些时候不太吸引人，但是讲的清楚明白，很喜欢陈老师。
25011,2117,陈明飞,2016-09-11 11:44:47,-9,4,13,垃圾老师
25093,2117,陈明飞,2016-05-05 08:21:47,4,4,0,紧贴课本，讲课细致节奏较慢，略萌
25630,2117,陈明飞,2016-09-26 04:14:58,0,2,2,老师好萌
31121,2117,陈明飞,2016-07-03 08:46:41,-2,1,3,给分差?
31447,2117,陈明飞,2016-07-04 02:22:50,1,1,0,给分还不错，很容易过的
33520,2117,陈明飞,2017-01-18 07:35:55,2,3,1,全靠自学
33548,2117,陈明飞,2016-10-12 12:34:53,0,1,1,老师超棒的，他非常的朴实细致，很亲切，我觉得那些上课不认真听的人很对不起这么优秀的老师。
33796,2117,陈明飞,2017-01-20 03:34:32,1,2,1,上课内容都是书本  适合自学党  平时分被扣得有点惨  不会拉分  就是完全自己的成绩
34094,2117,陈明飞,2016-09-27 02:32:06,0,1,1,太慢了
34096,2117,陈明飞,2017-01-05 00:50:35,0,0,0,不点名
35895,2117,陈明飞,2016-11-10 08:46:27,1,1,0,老师基本上就把书本上的内容说一遍，例题也都是书上的。\n\n但是…有时候讲错了啊，比如左连续…玫瑰线等等
36055,2117,陈明飞,2016-11-14 09:42:25,2,2,0,不太想听，但是很喜欢他
36820,2117,陈明飞,2016-11-16 06:52:59,3,3,0,课不知道怎么评判，但是人太萌了
39847,2117,陈明飞,2016-12-28 03:48:13,1,1,0,好老师，朴实无华
40025,2117,陈明飞,2016-12-29 01:08:44,0,0,0,讲的很认真啊，挺好的，玩了半节课手机发现只讲了一道半例题，口音听不懂。
40696,2117,陈明飞,2017-01-05 04:32:18,27,32,5,讲课例题基本来自书上，概念的定义和定理的证明和书上无太大出入，但这本来就是《微积分》而不是《数学分析》，只要例题会了，剩下的就可以举一反三了，老师讲课很好，语速也挺慢，计算步骤一步一步写出来（偶尔算错了没人指出挺心疼）。至于秋冬学期的小测试，全部都是计算题，没有证明题，很适合非数学专业的学生，而且都是十分典型的题目，认真学的话都没问题的。
42516,2117,陈明飞,2017-01-14 10:11:53,0,0,0,老师讲的是书上的东西，要是自信，翘课也没关系。老师人是很好的，不点名，会鼓励学生，很好的老师，不过还是说，数学这东西靠自己的。
42547,2117,陈明飞,2017-01-14 12:17:21,1,1,0,老师讲课很慢。适合自学。
44709,2117,陈明飞,2017-01-18 06:36:53,1,1,0,好老师，给分好，无敌
44715,2117,陈明飞,2017-01-18 06:48:29,0,0,0,给分好啊 好老师
44738,2117,陈明飞,2017-01-18 08:16:17,0,0,0,老师口音很阔爱，讲课也很慢，给分也不错，上课认真听肯定能拿好分数\n\n
46135,2117,陈明飞,2017-01-20 16:10:36,-3,1,4,感觉平时分基本浮云
46808,2117,陈明飞,2017-01-22 11:06:07,4,5,1,老师不错。人和蔼，讲话稍微带一些口音，作为在浙江生活比较久的外省一只，感觉可以听得懂，没有重到被人吐槽的程度，有问题会很热心解答。上课不用ppt和投影仪，全手写（这点很棒哦），内容基本上是课本范围，但是讲的很细，定理的证明啊都很清楚。不会点名，作业的要求也是比较低，不会布置很多。经常叫同学们不要抄答案，不会做就和同学讨论，即使不做也不要抄答案。感觉真心想让学生学好。总之，好老师，建议选。
47834,2117,陈明飞,2017-02-26 03:27:07,0,0,0,好老师！
49470,2117,陈明飞,2017-04-15 08:50:33,3,3,0,别的都挺好，作业实在太多了啊啊啊啊啊真的可怕
53715,2117,陈明飞,2017-07-03 10:01:07,4,4,0,平时分可以说是浓浓师生情了，然而还是没过
56465,2117,陈明飞,2017-07-04 01:00:57,4,4,0,和蔼可亲！甚至有些萌！“举个栗子…”不会刁难学生！期末考难度大…平时分体现师生情！好老师！加油！
58226,2117,陈明飞,2017-08-25 23:47:31,0,3,3,上课睡觉挺内疚的
64104,2117,陈明飞,2017-12-21 03:45:33,0,0,0,很和蔼
66357,2117,陈明飞,2018-01-15 09:58:30,1,1,0,挺好的老师，只要交作业就算到课，讲的比较平稳吧
66585,2117,陈明飞,2018-01-17 11:51:46,0,0,0,感觉讲课节奏太慢，好想睡觉
69819,2117,陈明飞,2018-01-25 12:51:17,37,37,0,很慈祥的老师 有一次校车迟到 从玉泉骑自行车过来 上课上了几分钟受不了了看得出来超难受 唉很感动
69826,2117,陈明飞,2018-01-25 13:11:15,7,8,1,很慈祥的老爷爷，略萌，对学生也比较耐心。就上课来说略微有些平淡。口音方面，我觉得不重，完全能接受。平时分方面，虽然不说都给满，但是还是可以看出师生情的。总的来说，老师还是不错的。
69827,2117,陈明飞,2018-01-25 13:15:24,0,0,0,给分好
69942,2117,陈明飞,2018-01-25 20:23:35,7,7,0,定积分之前完全没听，后醒悟听课。老师很好，一点点把例题给你讲清楚，基础概念扎扎实实。期末复习了一下以前的卷子就没挂。追求难度请往他处，讲究创新勿入此门。但对我来说很够了！谢谢老师。下学期还选了您的课，这次会从一开始就好好念书的。
70055,2117,陈明飞,2018-01-26 05:06:57,2,3,1,很和蔼的老师，上课节奏非常适合我这种数学不大好的同学，给分也很棒！至于口音什么的我身为浙江人毫无压力＞_＜
70924,2117,陈明飞,2018-01-28 00:24:36,1,1,0,好人！
75950,2117,陈明飞,2018-03-22 16:17:47,1,3,2,你是我的小阿飞 我是你的小蝴蝶～～??\n\n明飞是一个很可爱尽责的老师啦\n\n作业布置得比较多 基本上都是跟着课本教\n\n我还记得有一次 老师迟了五分钟小跑着进来 然后气还没喘过来就立刻上课 上到一半突然呼吸困难 说:我喘一下哈 校车迟了一点  心疼～～\n\n山东腔刚开始听不惯 后来越听越可爱哈哈哈哈 谢谢老师!!\n\n
79271,2117,陈明飞,2018-07-07 11:23:00,2,3,1,两次点名都没去 平时分还满了\n\n谢谢老师谢谢助教！有缘再见
80160,2117,陈明飞,2018-06-21 01:00:53,1,1,0,老师学会点名了啊！猝不及防突然点名！拍照加登记座位号，感觉平时分要凉凉
80544,2117,陈明飞,2018-07-07 06:42:54,5,6,1,老师太好了啊啊啊啊啊啊 点了几次名我一次都没到 然后平时分100给了我99
81060,2117,陈明飞,2018-07-03 13:36:00,4,4,0,我觉得老师挺好的 还有，作为浙江人我想说！！！老师这是浙江口音！！！不是山东口音！！！
82108,2117,陈明飞,2018-07-07 06:42:32,2,2,0,很亲切的老师，人很好，给分也很好，期末平时分几乎满了！刚刚查完成绩，超级感动
82113,2117,陈明飞,2018-07-07 06:57:40,1,1,0,讲的挺细致的，适合数学一般的同学
82135,2117,陈明飞,2018-07-07 07:53:33,2,2,0,好的哈
82231,2117,陈明飞,2018-07-07 13:54:05,2,2,0,老师讲课还是很认真的 一般不点名 课上人少会点名 平时分基本给满 多谢老师给了及格
82393,2117,陈明飞,2018-07-08 05:17:49,-21,1,22,醉了，平时作业也按时交，签到也签，小测也还不错，平时分给的那么差，讲的还不怎么样，让那个人睡着，没有激情，那么多好评是刷的吗，一点都感觉不到你们讲的这个老师的好
82590,2117,陈明飞,2018-07-08 15:21:07,7,8,1,老师很认真的，助教超nice
84994,2117,陈明飞,2018-07-15 02:05:01,4,4,0,平时和小测都给了99，把我拖上了及格线，真棒！
86693,2117,陈明飞,2018-09-18 04:08:20,-3,0,3,。。。
86966,2117,陈明飞,2018-09-19 23:20:36,2,2,0,老爷子太可爱了
86969,2117,陈明飞,2018-09-20 00:02:12,-12,0,12,国庆不让人回家 订票的都退了 回去上他习题课
86986,2117,陈明飞,2018-09-20 01:27:34,-4,1,5,老师口音太严重
88701,2117,陈明飞,2018-11-06 04:06:32,4,4,0,老师很谦逊，很喜欢爬山，会从泰勒公式讲到人生哲理。虽然会抄书，但是会努力把内容讲清楚，也很愿意和学生交流。
89173,2117,陈明飞,2018-11-16 10:18:43,32,34,2,我不管....反正助教小哥哥就是炒鸡好
92306,2117,陈明飞,2018-12-27 14:50:38,9,10,1,老师很认真，上课不时会有爽朗的笑声，很棒。最主要讲解很清晰，很乐于解答同学们的问题，上课认真听，作业及时做就OK。还有助教老可爱了，刚开始觉得字有点草，但跟着他的思路也都问题不大，建议选陈老师滴课，哈哈！
92827,2117,陈明飞,2019-01-05 01:55:47,32,34,2,助教炒鸡好
92830,2117,陈明飞,2019-01-05 02:42:54,3,3,0,老师超级棒
94048,2117,陈明飞,2019-01-15 04:21:01,12,12,0,陈老师是好老师，今天上完了秋冬最后一节微积分，在考前评价一波。认真负责，作业挺多，上课就是讲书上的题，很可爱的老师，助教也超可爱。还有，下学期我一定好好学微积分??
94726,2117,陈明飞,2019-01-18 03:22:31,42,47,5,助教超级好…老师和助教期末考再多给点分就更好了
96174,2117,陈明飞,2019-01-20 13:56:50,29,31,2,助教小哥哥快脱单
96177,2117,陈明飞,2019-01-20 14:03:31,7,7,0,适合自学，想靠听课学习的不要选。不过会调分，老师很和蔼。
96179,2117,陈明飞,2019-01-20 14:03:51,8,10,2,助教小哥哥太好了！
96202,2117,陈明飞,2019-01-20 14:19:40,19,19,0,首先，陈老师的课适合对自己基础没有太大信心，比较习惯于上课认真听课的孩纸……但平心而论，陈老师确实人特别好，作业布置的量我觉得刚好（会有一些压力但做下来也没费上一晚上），有问题也会慢慢帮你解答。\n\n然后，选陈老师的微甲还有一个优点：\n\n\n\n\n\n哇！！！助教小哥哥是真的好呀！！！讲题答疑个个完美，耍帅可爱样样都行！逢年过节还会发礼物！真的值得拥有！\n\n（最后祝助教脱单！）
96210,2117,陈明飞,2019-01-20 14:25:40,10,10,0,出成绩前客观评一波，老师课讲的很细，拓展的知识比较少但课内的会讲得很清楚，而且老师人超级好呀，超级和蔼。助教xgg也超级棒，经常在群里和大家聊天，期末还发吃的哈哈哈
96265,2117,陈明飞,2019-01-20 15:36:09,8,8,0,老师超级可爱 助教也炒鸡炒鸡好 既可卖萌又可耍帅 为xgg疯狂打call  在线征婚！
96480,2117,陈明飞,2019-01-21 04:59:46,3,3,0,哈哈哈哈哈哈谢谢老师给我的平时分～
96493,2117,陈明飞,2019-01-21 05:12:05,6,6,0,有口音，易催眠，但平时分真的浓浓师生情!吹爆老师和助教小哥哥!!
96497,2117,陈明飞,2019-01-21 05:13:28,2,4,2,老师上课很一般，但是助教小哥哥人超级棒！
96519,2117,陈明飞,2019-01-21 05:27:04,4,4,0,出成绩了再评一次，老师和助教真的超级棒！浓浓师生情啊，平时和小测都给满了！！下学期没法继续跟着你们太可惜了！！
96520,2117,陈明飞,2019-01-21 05:27:08,5,5,0,浓浓师生情。另外，吹爆助教大可爱(๑• . •๑)
96528,2117,陈明飞,2019-01-21 05:33:54,4,4,0,老实人超好，平时分都是给满的，然后上课是讲书上的，讲的非常的细致，尤其是助教小哥哥，真的是太可爱了，给分也超棒
96536,2117,陈明飞,2019-01-21 05:42:17,2,2,0,讲的很详细，平时分很好
96537,2117,陈明飞,2019-01-21 05:42:25,7,7,0,老师是一个很可爱的伯伯，讲课经常自己把自己逗笑了。有点自娱自乐的感觉，不是很有吸引力啦。本来数学底子就差，最后神奇地没有挂科完全是因为助教。助教真的超级好！值得拥有！耐心温柔有水平！夸不完的好哇哈哈哈！！我们的群超有气氛der，大家日常讨论题目&求助教脱单哈哈哈。虽然绩点很低但是是我自己的问题……
96548,2117,陈明飞,2019-01-21 06:14:01,4,4,0,老师人超好，平时分浓浓的师生情，助教小哥哥超可爱，建议选建议选建议选
96556,2117,陈明飞,2019-01-21 06:23:44,10,10,0,实话说讲课并没有多出色，但是平时分几乎给满分啊，而且有个超级好的助教小哥哥，而且单身哦，希望早日脱单呀，吹爆这个老师
96574,2117,陈明飞,2019-01-21 06:43:20,5,5,0,老师人超好，讲的都是书上的讲的很慢（平时上课基本没怎么听过，也不是大佬，作业认真做期中期末也都蛮高的，不点名，平时小测基本给99，关键是助教很可爱，大可爱！
96579,2117,陈明飞,2019-01-21 06:49:56,4,4,0,老师的课真的挺困的2333但是是个很温柔的伯伯呀！口音的话我没怎么听出来可能是因为浙江人从小听惯了各种老师的口音？身为一个菜鸡没挂科真是太开心了呜呜呜！最后吹爆助教小哥哥！
96679,2117,陈明飞,2019-04-22 13:29:32,-6,0,6,白百何
96884,2117,陈明飞,2019-01-21 11:44:55,3,3,0,唔其实刚开始觉得有点无聊……但老师上得超仔细超认真！！！并且全程板书（感觉字挺清楚的=)平时分很高只要认真学一定考很好！助教小哥哥也特别特别棒！！！备课超用心(o^^o)祝早日脱单嘻嘻
96991,2117,陈明飞,2019-01-21 13:59:18,0,0,0,上课挺无聊的，讲的也很慢，容易睡着，但助教很好，而且给分也不错
97005,2117,陈明飞,2019-01-21 14:18:31,0,0,0,老师棒，人好
97007,2117,陈明飞,2019-01-21 14:20:53,1,1,0,老师很认真，就是我很容易睡着。然后就是，助教太可爱了(๑• . •๑)。
97128,2117,陈明飞,2019-01-21 16:49:47,2,2,0,喜欢助教小哥哥啊啊真的太可爱了\n\n老师也特别好推荐选陈老师\n\n然而我下学期不是哭死
105988,2117,陈明飞,2019-04-24 04:47:10,9,9,0,老师就不多说了 助教小哥哥超好呜呜呜 人美心善速度快 期中阅卷超快而且习题课充实人也可爱(语无伦次)不管反正助教大可爱就是好呜呜呜
106486,2117,陈明飞,2019-06-12 00:37:00,7,8,1,助教大可爱脱单啦
111219,2117,陈明飞,2019-06-30 15:41:25,0,0,0,老师是好老师。是我自己的问题，没学好，我真的好难过。
111220,2117,陈明飞,2019-06-30 15:44:06,6,6,0,陈明飞老师好温柔好温柔，我经常坐前排玩手机他也只无奈的望望我。期中之前比较努力所以考的好，期末考的比较差，才30几分，竟然还没挂。我下学期一定改邪归正。助教小哥哥太爱你了，你一定要幸福，好人有好报，佛祖保佑您。将来有机会也会去陈明飞老师的班上听课的。爱你们。
111224,2117,陈明飞,2019-06-30 16:02:20,3,3,0,陈老师讲课细致，助教大可爱人超耐心超好！说实话好几次上课没去(心虚)，慕课也是压ddl补的(心虚)，作业经常迟交甚至有一次搁了四本在助教那儿…(我竟然还没被打死哈哈哈哈)最后总评80+了很开心，感谢陈老师和助教小哥哥一学期相伴！
111225,2117,陈明飞,2019-06-30 16:09:49,2,2,0,好好好 平时分满了 没挂
111228,2117,陈明飞,2019-06-30 16:13:59,3,3,0,老师是一个很好的老师，上课全程按电话，老师也很无奈，看得我都心虚了，但是得承认听课还是对学习有用的，很棒的老师！！
111229,2117,陈明飞,2019-06-30 16:26:03,1,1,0,老师真的非常温柔了，助教小哥哥也超好，谢谢期末平时分捞我啊！
111237,2117,陈明飞,2019-06-30 17:20:55,1,3,2,说实话，老师讲课不咋的，有点乏味，全班也没有多少人在认真听（可能我不喜欢这种慢悠悠的风格）。但是，老师人真的很好，很和蔼，我去问问题也耐心给我解答，助教大可爱炒鸡好，很认真，过节还发吃的。虽然这学期微积分全程自学，但是成绩结果也还行，最后祝大可爱和xjj幸福呀！！
111263,2117,陈明飞,2019-06-30 22:54:28,3,3,0,我个人觉得老师更注重帮助我们进行基础知识的积累，特别是结合譬如线代这样的学科来讲解微积分一些难点，有着与众不同的效果!好老师，不多说了!
111312,2117,陈明飞,2019-07-01 02:08:55,2,2,0,超级好的老师
111368,2117,陈明飞,2019-07-01 05:08:58,5,5,0,陈老师为人很随和，总是在微笑。出分了我真的超级感谢....这样也及格了。不说了，下学期好好学习，不过以后终于不用碰微积分了hhh
112285,2117,陈明飞,2019-07-04 00:46:08,6,6,0,老师真的很可爱..是我这学期自暴自弃搞成这个亚子，但也还是很感恩，知道被救了呜呜呜呜。
116786,2117,陈明飞,2019-09-16 01:14:42,3,3,0,和蔼可亲
118559,2117,陈明飞,2019-10-28 12:48:31,4,4,0,还不错，是好老师，不过上课要坐前排才行。
118631,2117,陈明飞,2019-10-30 00:16:27,4,5,1,\n\n可能是个人原因，我觉得听完老师的课我仍然不会做题，自我感觉特别不清晰，第一个学期的微甲Ⅰ是抓住一个学长问了整整一个周末才明白一点，基础弱的可能不太建议
119161,2117,陈明飞,2019-11-11 02:35:43,3,6,3,口音太重，黑板板书，后排看不清，听不懂。而且基本只讲书上的东西，上课也缺乏一些趣味。人的确挺和蔼，但是教学水平不敢恭维。
119353,2117,陈明飞,2019-11-12 08:08:41,2,2,0,助教小姐姐超级认真可爱，给分很仁慈了～老师也很爱笑，萌萌哒，敬业的好老师～
120178,2117,陈明飞,2019-11-18 03:09:54,0,3,3,老师人很好，但是讲的真的不怎么好，无聊还有点逻辑混乱
126576,2117,陈明飞,2020-10-02 10:11:18,0,1,1,老师很好，讲题很清楚、很认真，知识点都会覆盖到。
126685,2117,陈明飞,2020-10-13 14:31:56,9,10,1,你们助教小哥哥是谁啊 …我感觉我们助教讲题好乱完全沉浸在自己的世界中\n\n不过老师是真的和蔼可亲，讲的还挺细致。
129184,2117,陈明飞,2020-12-31 03:00:51,2,7,5,其实老师上课也算无功无过吧\n\n但是闫姓助教真的好！\n\n助教每次习题都很用心得思考我们的薄弱点，一直在追求给我们带来一些有意义的东西，新年还给我们发了巧克力！给分也很不错！
129991,2117,陈明飞,2021-01-14 16:10:27,2,2,0,（微甲一）老师人很好，我的助教也很nice，只不过微积分这门课还是很靠自己的。
130822,2117,陈明飞,2021-01-25 00:21:08,-19,2,21,助教和老师都超级好，平时分都给满的.剩下的就要靠自己了，好好学，期末考试老师也会捞人，我就勉强卡了个95.
131067,2117,陈明飞,2021-01-25 23:26:17,0,0,0,老师讲的很全面，很认真，课下再消化消化就行，给分还是不错的
131168,2117,陈明飞,2021-01-26 10:35:47,6,6,0,老师人很好的，点名作业什么的都很好，不过感觉上课太平淡，实在做不到不困…虽然最后绩点有点卡，但是微积分这种课还是主要看自己吧，助教老师也很负责
133877,2117,陈明飞,2021-03-08 23:46:28,1,1,0,老师人很好，助教xgg更不错
134058,2117,陈明飞,2021-03-14 14:03:16,1,1,0,课上的非常扎实，助教老师也特别好，特别有耐心，知识点讲的很清楚。虽然最终期末考崩了，虽然老师全力捞我绩点拿的还是很低，但是是我自己期末考状态不好学艺不精。老师还是很棒很好的老师，感谢遇见！
139094,2117,陈明飞,2021-07-12 16:37:43,2,2,0,其实讲的挺好...拓展的地方会讲的很细致...题目过的贼快...没跟上容易犯困
141484,2117,陈明飞,2021-10-11 15:05:16,4,4,0,老师人很好的，平时不怎么点名，助教也很耐心，不管怎样这门课都可以说是很让人满意的。\n\nPS：最重要的事情说给喜欢认真听老师讲课的同学，这里是方言高级班，没有修过初级班的同学慎选。
142121,2117,陈明飞,2021-11-06 13:09:57,0,0,0,慈祥 和蔼可亲
142217,2117,陈明飞,2021-11-08 15:22:59,0,0,0,老师上课好，可以配合3b1b和可汗学院的课程学多变量微积分。
143511,2117,陈明飞,2022-01-23 13:59:25,8,9,1,老师很慈祥，很可爱，上了一个学期之后感觉好舍不得啊呜呜呜。\n\n讲的很细致，虽然有时候感觉在念ppt（笑）。\n\n但他已经把课本上的内容讲明白了说。\n\n很推荐很推荐。\n\n我给10分。\n\n助教小哥哥也很好！！！！
144619,2117,陈明飞,2021-12-23 08:03:28,1,1,0,老师很和蔼慈祥，很可爱，有点方言，但是上了一节课我就习惯啦。上课概念讲得细致入微，有时候例题讲得稍微有点快，要更认真听才能跟上。另外，作业布置得相对较少，开始还觉得有点纳闷，后来才发现没布置的题有一部分在上课就已经作为例题讲过了，经典题型一定要认真听啊
146804,2117,陈明飞,2022-01-07 13:18:25,2,2,0,上课念念ppt，有很强的催眠效果
146969,2117,陈明飞,2022-01-08 08:23:08,0,0,0,不错哦⊙∀⊙！
146993,2117,陈明飞,2022-01-08 10:38:48,1,1,0,老师和蔼可亲，讲课也很有条理，有条不紊，就是听着容易犯困(笑)。助教也很好，经常扩展一些数分知识(虽然本菜鸡听不懂……)。最后给分也不错！
149492,2117,陈明飞,2022-01-15 15:21:45,1,1,0,好慈祥啊
151052,2117,陈明飞,2022-02-22 10:07:32,0,0,0,好老师。
156468,2117,陈明飞,2022-06-20 01:47:09,2,3,1,谢谢老师捞我
156470,2117,陈明飞,2022-06-20 02:18:10,0,0,0,捞的我都泪目了
156506,2117,陈明飞,2022-06-20 05:20:38,2,3,1,不用说，先打十分❤️！\n\n1.性格：超级慈祥和蔼，超级好！下课去问问题老师态度特别好！\n\n2.讲课：老师上课讲ppt，布局很清晰，定理方法例题，认真学多总结，微积分肯定OK！（就是有点困🥱）\n\n3.给分：老师给分很好！太爱了！\n\n4.建议：老师会点名，但不用做慕课，所以老师上课一定要去，记得有次迟到了，下课老师还是帮我点了qwq谢谢老师\n\n5.总结：选就对了！老师真的好！吹爆cmf老师！
156727,2117,陈明飞,2022-06-20 23:30:52,1,1,0,老师人很好，很温柔很慈祥，但是上课困是真的，我只能说我没听过老师的几节课，但是老师真的很好，如果上课本来就容易困的同学不建议选。\n\n另外老师平时分给的很好，期中期末是直接折合计入总评的（不知道是不是所有老师都这样），所以想拿高绩点的话期中期末不能低。\n\n总体来讲十分，确实是个好老师
156728,2117,陈明飞,2022-06-20 23:37:56,-3,1,4,平时分真的扣死，和室友差不多一样的期末期中，一个3.9一个2.7
161001,2117,陈明飞,2022-10-23 16:17:29,0,0,0,老师还是挺好的，就是上课有点听不进去hhhhhhh
31,2142,朱静芬,2015-03-14 15:29:18,97,114,17,拓展很多，有ppt却又不拘泥于ppt和书上例题，ppt题几乎是新的，不同于书上的题，看得出来老师精心选过……而且对我们也很好……
513,2142,朱静芬,2015-03-15 03:53:50,270,304,34,老师上课很激情，还有神奇的颜艺。
630,2142,朱静芬,2015-03-15 08:37:17,100,118,18,上课有激情，不容易打瞌睡，ppt内容精美详细
1070,2142,朱静芬,2015-03-21 16:04:46,25,33,8,讲课生动细致！
1309,2142,朱静芬,2015-03-21 22:41:16,18,23,5,大学里遇到最好的数学老师
1391,2142,朱静芬,2015-03-22 01:31:28,24,30,6,讲课认真负责不会犯困
1975,2142,朱静芬,2015-03-27 11:18:32,-1,8,9,是谁~
2132,2142,朱静芬,2015-04-02 08:33:03,9,11,2,用PPT，感觉上课速度有点快，开小差了以后就跟不上了
2327,2142,朱静芬,2015-04-22 05:18:12,12,16,4,绝对好老师，讲课很好，不容易困，认真听就能拿高分
2351,2142,朱静芬,2019-11-13 15:41:05,83,137,54,不错，我就是她的微一，满绩
2722,2142,朱静芬,2015-05-06 05:24:58,28,35,7,良心好老师！虽然我一直做最后一排听课，但我都不会走神的，讲课很清楚，很有活力，也特别认真，对学生很好的好老师！
2956,2142,朱静芬,2015-05-11 15:57:27,11,11,0,不瞌睡，好老师
2999,2142,朱静芬,2015-05-12 14:14:51,20,24,4,棒死了！为学生着想！讨厌数学 但爱她！
3612,2142,朱静芬,2015-06-17 01:49:03,41,51,10,超喜欢朱老师的课~
4812,2142,朱静芬,2015-06-29 06:24:30,4,7,3,好
7188,2142,朱静芬,2015-09-10 06:34:36,22,27,5,上课超级有激情的老师，大赞
7293,2142,朱静芬,2015-09-13 05:14:00,22,27,5,讲课很清楚，还会讲故事
7345,2142,朱静芬,2015-09-14 02:07:35,18,21,3,大学第一节课，不错的体验
7466,2142,朱静芬,2015-09-14 13:56:49,4,7,3,好
8065,2142,朱静芬,2015-09-17 01:22:23,3,4,1,很有调理，不容易打瞌睡，好评
8743,2142,朱静芬,2015-09-25 07:08:19,6,8,2,老师讲课易懂，普通话标准清晰
8895,2142,朱静芬,2015-09-30 02:51:00,57,64,7,碰到这样的老师，你们是有多少幸福啊\n\n(⊙o⊙)！老师上课无比热情，简直无发比。\n\n我旁听过无数微积分老师，这个最赞！！！！
9172,2142,朱静芬,2015-10-15 04:20:43,10,13,3,上课草鸡棒啊！
9231,2142,朱静芬,2015-11-27 01:00:49,10,11,1,上课激情的好老师
9396,2142,朱静芬,2015-10-26 05:52:31,34,41,7,富有激情，还很萌很可爱，给十分！
9477,2142,朱静芬,2015-10-28 11:53:11,5,7,2,很有想法  很有活力的老师  又很亲切  好
9485,2142,朱静芬,2015-10-28 13:32:43,4,7,3,讲课激情
9953,2142,朱静芬,2015-11-13 07:36:42,2,5,3,很喜欢
10483,2142,朱静芬,2015-11-19 05:26:08,6,8,2,老师人很好，上课时不时讲故事，很有趣，不会睡觉
10590,2142,朱静芬,2015-11-20 09:25:18,5,8,3,很神奇。
10759,2142,朱静芬,2015-11-23 04:48:59,4,6,2,非常不错
11146,2142,朱静芬,2015-11-24 16:04:15,6,7,1,喜欢她的PPT，老师人也很好
11699,2142,朱静芬,2015-12-11 15:38:05,3,5,2,老师对我们尽心负责，讲课清晰
12021,2142,朱静芬,2015-12-21 13:58:07,3,4,1,老师，很棒
12085,2142,朱静芬,2015-12-21 16:15:08,8,10,2,虽然没认真听，但随便听几句也能学的不错。
12262,2142,朱静芬,2015-12-22 15:18:49,0,3,3,我爱静芬老师~~
12265,2142,朱静芬,2015-12-22 15:33:50,2,3,1,很赞的老师
12291,2142,朱静芬,2015-12-23 00:58:00,3,4,1,绝对不困，讲课非常有意思。有故事的人（误），给分棒！十分！
12292,2142,朱静芬,2015-12-23 00:59:32,4,5,1,特别对胃口
12303,2142,朱静芬,2015-12-23 02:10:44,4,5,1,喜欢讲故事，但是很有趣，教的很好\n\n
12356,2142,朱静芬,2015-12-23 05:15:47,7,7,0,静芬姐姐讲课很有自己的思想，超级喜欢
12541,2142,朱静芬,2015-12-23 12:23:55,5,5,0,超和蔼的老师，喜欢
12619,2142,朱静芬,2015-12-23 15:39:34,1,4,3,好，有激情，还有每章复习题
12966,2142,朱静芬,2015-12-24 11:57:53,66,74,8,非常爽，根本睡不着啊！绝逼能听懂！还有她女儿的故事hhh
12993,2142,朱静芬,2015-12-24 12:48:05,2,3,1,很有感染力，讲课很清晰，课件很完善的老师，看微二选课时候待定的人就知道她有多好了
13059,2142,朱静芬,2015-12-24 16:18:47,3,6,3,讲的真的很有激情，还会讲故事，很不错的老师
14198,2142,朱静芬,2016-01-05 09:06:10,-1,1,2,老师课讲的超级棒，人也特别好
14561,2142,朱静芬,2016-01-07 15:20:39,1,1,0,好好好，，大爱
14917,2142,朱静芬,2016-01-11 03:17:14,1,2,1,好老师，上课有激情
15569,2142,朱静芬,2016-01-15 11:34:22,5,8,3,非常有激情的老师，很不错
16546,2142,朱静芬,2016-01-20 13:24:44,20,25,5,老师上的很好，没学好怪我自己，微积分太变态了T_T，ToT
16634,2142,朱静芬,2016-01-18 14:45:18,-2,1,3,超级棒
16878,2142,朱静芬,2016-01-19 06:51:25,2,4,2,上课很有激情的，很有活力！赞一个
17389,2142,朱静芬,2016-01-20 07:17:05,2,6,4,求不挂
17645,2142,朱静芬,2016-01-20 14:29:04,3,3,0,真的是好老师！但是不听课也只能怪自己了。老师ppt上讲的题期末考有考到。
17844,2142,朱静芬,2016-01-21 02:32:32,2,3,1,喜欢听老师讲故事～
17872,2142,朱静芬,2016-01-21 03:11:13,7,8,1,一个字棒！成绩还没出，但是真的是好老师，就算最后绩点不高那也是我自己的问题！强烈推荐！
18390,2142,朱静芬,2016-01-21 14:15:28,0,1,1,好老师，上课讲的好，给分也好
18879,2142,朱静芬,2016-01-22 16:21:39,8,10,2,真的是很棒的一个老师，非常负责，可惜微二没有选上，但是我会去旁听的。而且老师上课幽默风趣，在无形中教会很多，棒。
18882,2142,朱静芬,2016-01-22 16:28:16,0,1,1,好老师有激情给分好！！！！
18889,2142,朱静芬,2016-01-22 16:49:43,3,4,1,就一个字，赞！
18916,2142,朱静芬,2016-01-22 20:05:28,0,2,2,啥都不说了，老师我爱您！！！
18920,2142,朱静芬,2016-01-22 22:26:59,1,3,2,炒鸡棒啊！
18927,2142,朱静芬,2016-01-22 23:13:04,2,4,2,真的很为学生着想，选到朱老师真是太幸福了
18995,2142,朱静芬,2016-01-23 02:27:16,0,4,4,最好的大学考试，没有之一
19040,2142,朱静芬,2016-01-23 06:11:47,1,4,3,好好好
19048,2142,朱静芬,2016-01-23 06:41:54,1,3,2,爽，给分好到无敌，会给同学找分
19102,2142,朱静芬,2016-01-23 09:08:45,-3,3,6,。。。。。。
19195,2142,朱静芬,2016-01-23 12:51:17,1,3,2,上课用ppt，语速快，容易跟不上，感觉自己看书也差不多，不适合基础不好的。不点名。但是，老师人好，而且给分超级好！
19364,2142,朱静芬,2016-01-24 03:03:11,2,4,2,绝对是好老师，上课有激情，和同学们关系好，考试拼命给你找得分点，谢谢老师！
19765,2142,朱静芬,2016-01-25 08:55:05,2,2,0,
19854,2142,朱静芬,2016-01-25 12:17:43,-2,1,3,老师上课超棒，喜欢聊一些时事。期末评卷评的特认真，争取给我们多弄分。业界良心
21446,2142,朱静芬,2016-02-29 01:30:25,7,7,0,手舞足蹈的老师
21931,2142,朱静芬,2016-03-02 00:22:00,-1,0,1,超级好
21955,2142,朱静芬,2016-04-18 02:37:58,-1,1,2,非常好的一位老师
22121,2142,朱静芬,2016-03-02 11:41:48,3,3,0,非常有活力的数学老师，很有个人魅力，给分好，PPT良心制作，喜欢也佩服讲数学的女老师。
22177,2142,朱静芬,2016-03-03 01:27:17,1,2,1,很棒的
22471,2142,朱静芬,2016-03-06 16:04:36,0,2,2,很负责
23277,2142,朱静芬,2016-03-23 12:11:29,-3,2,5,嗯嗯嗯
23553,2142,朱静芬,2016-04-06 02:30:26,-4,1,5,11111
23816,2142,朱静芬,2016-04-18 02:39:12,0,1,1,非常棒～好有激情的老师！
23817,2142,朱静芬,2016-04-18 02:38:33,0,1,1,老师很好，课讲的很有激情，但可惜我是一条咸鱼，都在水手机。
23818,2142,朱静芬,2016-04-18 02:39:05,1,1,0,好好好
24480,2142,朱静芬,2016-04-30 15:31:57,3,3,0,上课有激情，PPT做的很用心，性格超可爱，给分充满师生情^ω^～
24485,2142,朱静芬,2016-04-30 15:41:54,4,4,0,老师超级棒，微二基本上是满的，谢谢老师(๑• . •๑)
24489,2142,朱静芬,2016-04-30 16:00:09,1,4,3,老师很好 最后没上4还是自己不努力吧(ಥ_ಥ)
24505,2142,朱静芬,2016-05-01 01:05:49,5,8,3,朱老师的ppt很精美，不是照本宣科。可惜她不教微3，真想再上她的课啊
24526,2142,朱静芬,2016-05-01 06:07:27,-2,3,5,给分很好哦
24552,2142,朱静芬,2016-05-01 13:31:35,-1,1,2,棒厉害\n\n\n\n\n\n
24675,2142,朱静芬,2016-05-03 04:35:02,-1,0,1,很好的老师
24704,2142,朱静芬,2016-05-03 07:08:58,0,0,0,老师上课很激动，让你觉得不好好学都对不起她，很棒的老师。
24777,2142,朱静芬,2016-05-03 13:59:48,1,1,0,超级好
24834,2142,朱静芬,2016-05-04 02:54:08,2,3,1,超爱她 感谢她
24844,2142,朱静芬,2016-05-04 04:00:07,0,4,4,老师很认真，也很能为学生着想。不过仅仅从微积分教学来说，个人感觉缺乏一定的系统性，某些概念的讲解也不够透彻
25158,2142,朱静芬,2016-05-06 13:07:20,2,2,0,绝对的好老师，满满的都是师生情
25289,2142,朱静芬,2016-05-09 09:00:01,0,2,2,有激情 认真负责 可爱的老师
25658,2142,朱静芬,2016-05-31 07:55:00,-2,4,6,单从教学水平上来说，确实不怎么样，个人经验，糖饼康比她要上的好
26567,2142,朱静芬,2016-06-20 06:35:57,0,1,1,老师人超好！上课也很有激情！如果微I也是她上我肯定不会挂科的QAQ
27999,2142,朱静芬,2016-06-28 07:58:11,1,2,1,很喜欢，微二是我自己没努力，只要自己认真给分很好
29719,2142,朱静芬,2016-06-30 08:32:52,-12,6,18,口音大 上课不知道她在BB什么 给分不好
33466,2142,朱静芬,2017-03-01 01:55:35,-2,2,4,讲课很有激情，人也还好
33504,2142,朱静芬,2017-01-15 03:08:50,2,3,1,好好好
34479,2142,朱静芬,2016-10-11 13:37:47,3,3,0,超级好老师
34483,2142,朱静芬,2016-10-12 00:35:26,1,2,1,很有激情，讲得很超清楚！！！！
35324,2142,朱静芬,2016-11-08 09:53:22,4,5,1,超级好，发烧给我们上课，感动
35858,2142,朱静芬,2017-01-17 15:07:46,2,4,2,老师超级棒！没挂科哦 大爱朱老师 上课超好很温柔
35969,2142,朱静芬,2017-01-17 15:05:45,1,4,3,微积分不难的，考试刷题就好，老师会考虑绩点给大家调分数，人真心好！上课也不错啦，PPT蛮好的
36041,2142,朱静芬,2017-12-25 11:32:37,-14,8,22,辣鸡战斗机，上课开飞机
36053,2142,朱静芬,2016-11-10 10:55:46,-1,0,1,超级棒的老师，无限激情，强大教学方式，教书耐心
36083,2142,朱静芬,2017-02-27 04:03:38,1,4,3,老师讲课超有激情\n\n
36118,2142,朱静芬,2016-11-10 12:46:45,2,3,1,好老师，选上她的课你们就偷着乐去吧～～～
36416,2142,朱静芬,2016-11-13 09:59:26,2,2,0,很棒，很关心学生，给分好，讲的很棒
37770,2142,朱静芬,2016-12-29 01:22:54,-1,2,3,超级棒
37991,2142,朱静芬,2016-12-15 03:32:19,-7,7,14,不知道为什么有这么多人捧，上课基本不写黑板，就知道嘴上讲，谁知道怎么算出来的
37998,2142,朱静芬,2017-01-19 04:19:22,0,4,4,绝对的好老师，后悔后面几节课没好好听
38284,2142,朱静芬,2017-01-17 14:56:44,0,1,1,老师是一个关爱学生的老师
38822,2142,朱静芬,2016-12-19 08:50:36,0,1,1,喜欢哦
39947,2142,朱静芬,2016-12-28 09:08:39,1,1,0,老师讲的很细，很有趣，而且很有活力，不时还会查些家常和新闻，喜欢
40552,2142,朱静芬,2017-01-04 04:36:55,4,4,0,超级有趣的老师，上课不会睡。PPT准备得很好。小测也不为难我们。
41071,2142,朱静芬,2017-01-17 15:06:17,3,3,0,超级赞\n\n讲的好也为学生考虑
41322,2142,朱静芬,2017-01-10 14:34:41,14,16,2,不要太赞了好吗？微积分强推朱老师。作业不是很多，上课也很有激情，会在课上分享新闻。老师讲课很细致，最重要的是有ppt，对我这样的猹真的很合适。
44312,2142,朱静芬,2017-01-17 15:06:54,1,2,1,很好，但是我是渣。
44313,2142,朱静芬,2017-01-17 15:04:15,-1,2,3,太棒了。女神！给分高！作业少。课堂有趣
44314,2142,朱静芬,2017-01-17 15:04:59,1,1,0,人好，教的更好，很有活力，超级亲切的老师。
44316,2142,朱静芬,2017-01-17 18:19:11,1,3,2,上课很和蔼，有PPT，下课有时候会陪我们聊天，给分也好。
44317,2142,朱静芬,2017-01-17 15:06:00,5,6,1,微积分一期末考的一塌糊涂最好还4.2的绩点，给分真的超好～谢谢老师了\n\n\n\n另外客观的来说，平常上课很认真，而且有ppt。上完之后可以看ppt复习。真的很棒
44318,2142,朱静芬,2017-01-17 15:06:50,2,3,1,好！！！
44319,2142,朱静芬,2017-01-17 15:07:12,-1,1,2,老师真的蛮有趣 上课认真负责条理清晰 PPT都会无私地分享给我们  抱着必挂的心态刷着qsc 结果竟然没挂 谢谢老师了 ❤么么哒(ˊᵒ̴̶̷̤ꇴᵒ̴̶̷̤ˋ)꒰
44322,2142,朱静芬,2017-01-19 06:05:14,2,5,3,好老师，自己垃圾而已
44323,2142,朱静芬,2017-01-17 15:09:54,0,1,1,真的用心啊
44325,2142,朱静芬,2017-01-17 15:10:46,5,5,0,真的超好的老师！课上得很好 然后很替学生着想。然后课上会有小故事听。
44329,2142,朱静芬,2017-07-03 04:56:01,-1,2,3,平时分一般都给满
44330,2142,朱静芬,2017-01-17 15:13:49,0,1,1,超级棒，平时分和小测分都是满分
44334,2142,朱静芬,2017-01-17 15:15:28,-3,0,3,老师上课讲的很仔细，对于学生知识点掌握很有帮助，而且也挺有趣的！！！
44341,2142,朱静芬,2017-01-17 15:45:25,1,1,0,大概除了最后绩点玩了把心跳之外，其实这老师挺好的……
44346,2142,朱静芬,2017-01-17 15:49:34,1,2,1,好老师～
44365,2142,朱静芬,2017-01-17 16:11:23,0,2,2,好老师！
44448,2142,朱静芬,2017-01-18 00:14:44,2,3,1,认真学给分一定不会低。
44449,2142,朱静芬,2017-01-18 00:14:47,2,6,4,老师人好！最后为了绩点把我的期中分都加上去了！对学生真的好！上课有ppt，回去可以复习。美中不足是觉得讲题不是很透。
44473,2142,朱静芬,2017-01-18 00:54:50,0,2,2,老师人很好，特别为学生着想，课讲得很细
44541,2142,朱静芬,2017-01-18 02:41:57,-2,2,4,老师课上的真的很好，讲的很细，有很多例题，不会像有些老师讲的很快。老师上课还会和我们聊天，不会枯燥。平时分基本都给了，不点名，只有一次小测。
44669,2142,朱静芬,2017-01-18 05:51:33,1,3,2,老师上课很有激情，内容很充实，既重基础，也有提升题，每章结束还有复习题，能选上老师的课真的很好。
44725,2142,朱静芬,2017-01-18 07:07:29,-1,1,2,超级棒 微二接着加油！
44851,2142,朱静芬,2017-01-18 11:40:11,-1,1,2,老师萌萌哒，上课非常敬业！！ppt精美！！非常为学生着想，大一上我遇到的最好的老师没有之一！！
44988,2142,朱静芬,2017-01-18 17:39:50,10,15,5,真的不错的老师 讲的很6 ppt良心制作还会发给大家 虽说不点名但是有一次小测（本猹就是天真地以为最后几次课了 应该没点名了就没去）不过就算没去也给了我5分 跪谢老师 期中考最后还给大家调分了 但老师很不注意身体的样子 要多注意身体啊
45539,2142,朱静芬,2017-01-19 16:55:18,2,3,1,很好的老师呐，很体贴学生，可惜自己期末考太差了。老师确是不错的！
45558,2142,朱静芬,2017-01-19 21:02:48,0,8,8,我这种渣渣微一都能拿4.5……出成绩那一刻感觉世界都亮了  不来拜谢一波朱老师还来拜谢谁    送老师一朵大红花～再送一朵～再再补一朵～
46597,2142,朱静芬,2017-01-22 03:33:18,0,2,2,老师好棒
47140,2142,朱静芬,2017-01-24 04:15:27,1,3,2,棒棒棒
47543,2142,朱静芬,2017-01-30 08:40:48,3,4,1,没办法，谁让自己不努力呢
47765,2142,朱静芬,2017-02-24 04:36:38,3,12,9,很冷漠
48418,2142,朱静芬,2017-03-03 03:42:14,1,4,3,上课不困
48862,2142,朱静芬,2017-03-15 04:02:01,6,12,6,不要拖堂好吧
51786,2142,朱静芬,2017-06-10 07:14:23,-12,8,20,作业多
51827,2142,朱静芬,2017-06-11 17:26:31,-24,6,30,╮(╯﹏╰)╭腊鸡
53638,2142,朱静芬,2017-06-27 08:13:20,-1,1,2,老师上课挺有趣的  给分也很不错的
55129,2142,朱静芬,2017-07-01 01:18:10,3,3,0,这次真的要靠老师了
56401,2142,朱静芬,2017-07-03 15:44:31,3,6,3,朱老师课间会讲讲自己和女儿之间的故事已及她对最近发生的新闻的看法，老师上课也很有激情很细致，真的是很棒的一位老师。
56513,2142,朱静芬,2017-07-04 02:19:54,4,7,3,上课还不错 关键是给分真的是所有微积分老师里最好的一个了 我微一是她上的 不仅平时分会给你弄满 期中考还最后还会帮你加上去几分
59671,2142,朱静芬,2017-09-25 23:34:51,0,1,1,赞\(≧▽≦)/
59998,2142,朱静芬,2017-09-30 20:34:50,-2,0,2,有人知道老师的课件怎么下载吗
60360,2142,朱静芬,2017-10-18 06:18:02,1,1,0,很棒的老师
60619,2142,朱静芬,2017-10-25 09:54:18,-1,1,2,超级好
62981,2142,朱静芬,2017-11-27 16:28:22,-2,0,2,有一次真的太困了，上课一直瞌睡，感觉和老师对视了好多次，虽然很愧疚但是生理实在控制不住了，但是每次老师的眼神都不是那种嫌弃的感觉，我能感受到老师的鼓励，决定以后再也不在微积分前熬夜了。
63331,2142,朱静芬,2017-12-01 02:16:00,1,1,0,老师讲得很好，对学生也很好。
63844,2142,朱静芬,2017-12-17 11:53:23,2,3,1,老师人超好，上课也不打瞌睡，感觉微积分有救了，多谢多谢老师
64036,2142,朱静芬,2017-12-20 15:16:45,0,1,1,老师讲的真心好，给十分
64125,2142,朱静芬,2017-12-21 04:40:42,1,1,0,老师上课超级有趣，而且还很认真，每次都会上传自己的课件，很负责。
64141,2142,朱静芬,2017-12-21 05:34:58,4,4,0,这老师是我见过的最有激情的数学老师，讲的非常棒\n\n
64212,2142,朱静芬,2018-01-26 15:44:14,4,6,2,我知道自己小测做的确实不好，但是老师为了我让我们回家开心过年，小测给满了，这就是浓浓师生情
64239,2142,朱静芬,2017-12-22 01:28:50,0,3,3,大一上半学期就是朱老师带着，朱老师上课真的超棒，可惜下半学期因为冲突不能选老师的课了，但还是点赞，老师真的超棒
64355,2142,朱静芬,2017-12-23 01:12:15,2,3,1,超级棒，有激情，PPT内容非常棒
64605,2142,朱静芬,2017-12-25 13:12:33,2,2,0,没听过。。。
65768,2142,朱静芬,2018-01-09 05:13:54,6,6,0,老师演艺满分，经常让我想睡也睡不了
66259,2142,朱静芬,2018-01-14 08:29:05,-2,2,4,超喜欢的老师，虽然还没有考试。上课真的很生动活泼，学的不好可能怪自己吧
66486,2142,朱静芬,2018-01-17 03:36:05,3,3,0,会给PPT，自学起来很方便(๑•̀ㅁ•́ฅ)
66953,2142,朱静芬,2018-01-19 12:17:53,11,11,0,老师认真的超好的 课上的超级棒 特别有激情 不容易犯困 看到很多人困的时候会讲女儿的故事 以及其他一些有意思的事情 瞬间就不困了 课后会给ppt ppt上的题目也都很好 最爱朱老师....虽然我还没上过其他老师的课 可惜 大一下选不到朱老师的课了 哭唧唧
67617,2142,朱静芬,2018-01-26 15:51:29,8,9,1,芬姐，爱您
67857,2142,朱静芬,2018-01-22 08:19:49,1,3,2,好老师，上课有激情，不会强行互动，上课很舒心( •̀∀•́ )
68481,2142,朱静芬,2018-01-23 09:01:39,-1,0,1,很有意思
70392,2142,朱静芬,2018-01-26 14:32:51,2,5,3,出了成绩来评价一波朱老师。上课很有激情，也很关心学生，有时候看课堂沉闷还会和我们讲故事调节一下。课堂内容讲得很详细，还会放上很多例题，结合起来加深理解。上完课后，都会尽可能早得把PPT发给我们用于复习。小测差了，还会提醒大家要好好复习。最后，为了大家不挂，老师也做了很多努力。满分无误了。
70394,2142,朱静芬,2018-01-26 14:34:15,6,7,1,听过这样激情洋溢的讲课，其他都变成了将就。
70395,2142,朱静芬,2018-01-26 14:36:20,4,5,1,老师特别好！ppt很用心！给分也很好！
70396,2142,朱静芬,2018-01-26 14:36:48,6,8,2,一直在替我们操心，平常上完课就会发ppt到群里，下课时间会和同学有交流，期末前的小测班里情况不是很好，替我们发愁。期末考前鼓励我们。总之真的是一个超棒的老师。
70401,2142,朱静芬,2018-01-26 14:42:11,3,5,2,超级有激情的老师，上课会讲各种小故事来防止你睡觉。解答问题也很耐心！下学期选不上朱老师的课了TAT
70412,2142,朱静芬,2018-01-26 14:56:05,0,2,2,老师讲课超赞
70450,2142,朱静芬,2018-01-26 15:50:04,0,1,1,上课清晰！课好，给分好。谢谢老师~
70507,2142,朱静芬,2018-01-26 23:28:20,1,1,0,朱老师上课超级有激情，讲得很精彩，上课不会犯困的；很多考题上课都讲过，所以期末考试复习会有很多材料。今年期末出的很难，老师很认真的给分了，希望提升每个人的绩点。虽说数学很差，但绩点还是可以的。但下学期选不上了...唉
70647,2142,朱静芬,2018-01-27 10:27:48,1,1,0,超好的老师，很关心学生
71691,2142,朱静芬,2018-01-29 01:12:11,2,3,1,特别好的老师，讲课有激情！在意细节，平常资料都会放出来，特别体谅学生。平时成绩很棒，虽然最后绩点没有上4，但还是十分感谢老师！！因为我自己没有好好复习～～
71848,2142,朱静芬,2018-01-29 04:30:17,-1,1,2,小测老师追求真实，但最后会适当调分的。所以小测尽力就好。哇哇哇！最后老师没让我挂！many thanks
72322,2142,朱静芬,2018-01-30 02:02:00,-1,1,2,超喜欢静静！讲课的时候充满活力又富有激情。讲的内容完全能听得懂。
72363,2142,朱静芬,2018-01-30 03:16:54,0,1,1,老师讲的太好了
72847,2142,朱静芬,2018-01-31 07:50:55,3,3,0,评论是真的
73187,2142,朱静芬,2018-02-01 06:28:27,-1,1,2,老师很好，就是自己不争气。
74572,2142,朱静芬,2018-03-04 01:28:59,-6,2,8,客观来说，老师人很不错，会根据期末分调平时分。期中考批分有点松，拉不开差距，大家都是90+。上课比较轻松，节奏有点点慢，不听课的在这儿不评价了。我们这次史上最难的期末考试很多是书上原题改编，但题量有点大来不及做。我上的是微甲上。
74662,2142,朱静芬,2018-04-04 00:22:02,0,1,1,平时分满的。老师很好。
75580,2142,朱静芬,2018-03-13 13:11:41,2,4,2,很清晰
77949,2142,朱静芬,2018-05-09 02:50:58,7,9,2,给分超好，顺便表白林秋强助教！
78940,2142,朱静芬,2018-05-17 06:46:04,0,4,4,老师很棒 给分很好
80959,2142,朱静芬,2018-07-03 04:46:43,0,3,3,老师讲课十分有激情，内容很详细也很丰富、ppt内容全面，还很可爱?
81325,2142,朱静芬,2018-07-04 17:10:02,1,2,1,遗憾不是您的微二，愈发想您
81534,2142,朱静芬,2018-07-05 10:00:17,5,8,3,这个老师大家自己看着办吧……我也不知道该怎么说，微积分上微积分下都是她交的，真心不敢讲什么，没什么好点拔的，我唯一能够做，能够用来泄愤的事情就是大大的给她……一个10分。不能再高了。
82688,2142,朱静芬,2018-07-09 03:23:39,2,4,2,世界上怎么会有给分这么好的老师！！！\n\n老师，爱您！！
82709,2142,朱静芬,2018-07-09 03:58:15,-2,2,4,老师超级好，ppt很棒，赞一个
82757,2142,朱静芬,2018-07-09 05:22:07,1,3,2,非常可爱的老师，讲课很细致，下课会和同学们聊天，了解大家的学习情况和助教的情况，很负责任，很有活力
82904,2142,朱静芬,2018-07-09 09:37:43,1,3,2,给老师疯狂打call！
87224,2142,朱静芬,2018-09-26 01:42:58,-1,0,1,作业量太感人了啊啊啊啊啊啊啊
87816,2142,朱静芬,2018-10-15 03:00:03,4,5,1,神一般的体验，上课越上越精神，上课有激情，有感染力，超级棒！！！！！！！！
88204,2142,朱静芬,2018-10-24 03:22:45,-1,0,1,嘻嘻嘻嘻
88205,2142,朱静芬,2018-10-24 03:23:07,2,2,0,好好好
88206,2142,朱静芬,2018-10-24 03:23:35,0,1,1,十分幸运
88207,2142,朱静芬,2018-10-24 03:25:30,-1,1,2,体验不错，老师语速有点快，ppt都是宝贝，讲得真的很好了
88412,2142,朱静芬,2018-10-30 09:42:10,-3,0,3,超级好
88893,2142,朱静芬,2018-11-12 00:56:28,0,0,0,哈哈哈哈很好很好\n\n老师敲可爱
90862,2142,朱静芬,2018-11-26 21:20:43,7,8,1,老师每次都是笑容满面的上课来的！！jiu s q不知道为啥我总是会睡着并且无法醒来......
92005,2142,朱静芬,2018-12-25 10:40:00,3,3,0,很舒服
92111,2142,朱静芬,2018-12-26 12:24:06,0,1,1,很棒的 不吹
92207,2142,朱静芬,2018-12-27 04:55:26,1,1,0,朱老师讲课真的超好，给我们讲有趣的故事，教学非常仔细水平很高呀超棒
92216,2142,朱静芬,2018-12-27 05:36:08,1,4,3,上课真的很认真 微二选不上了 难受
92264,2142,朱静芬,2018-12-27 10:29:43,0,2,2,不多说，超级棒。选到算你走运
92384,2142,朱静芬,2018-12-28 07:25:53,1,2,1,就凭老师的笑容（和演艺）也要给10
92680,2142,朱静芬,2019-01-03 14:44:32,2,4,2,老师上课很有活力，ppt上都是干货，幽默风趣，人格魅力超级强！
92949,2142,朱静芬,2019-01-06 07:47:15,-4,0,4,很棒的老师，选呀
93140,2142,朱静芬,2019-01-07 15:34:56,1,2,1,就一个字。好！
93464,2142,朱静芬,2019-01-10 01:41:36,2,3,1,热情饱满，上的细致，节奏相对其他老师会慢一些，适合慢节奏、重基础的同学听
94783,2142,朱静芬,2019-01-18 06:32:35,5,7,2,求求老师千万别让我挂科！！！
94993,2142,朱静芬,2019-01-18 14:32:07,2,3,1,老师是真的很不错
95140,2142,朱静芬,2019-01-19 01:16:17,5,5,0,老师真的特别好！！
95593,2142,朱静芬,2019-01-19 15:56:15,0,3,3,超级喜欢的老师超级可爱\n\n希望能给我好成绩呜呜呜
96045,2142,朱静芬,2019-01-20 11:59:55,-1,1,2,超好的老师\n\n希望绩点能满意(^･ｪ･^)
96827,2142,朱静芬,2019-01-21 10:18:03,-2,0,2,好！好！好！
98071,2142,朱静芬,2019-01-23 04:49:48,2,3,1,老师太好了呜呜呜……人可爱，讲的好，给分好，ppt也好……我当初是有多欧选上了这么好的老师的课！！
98084,2142,朱静芬,2019-01-23 05:08:59,0,2,2,谢老师不挂之恩❤️
98096,2142,朱静芬,2019-01-23 05:17:21,3,5,2,老师超级好！会帮你调分，平时成绩也给的不错，我小测第一次没及格给了96。上课很清楚，PPT很赞。我是有多欧预置了这门课。
98123,2142,朱静芬,2019-01-23 05:47:47,1,1,0,老师上课有激情，尽管微积分很难，但是努力为学生着想。老师和助教都很好。助教也认真负责任。
98141,2142,朱静芬,2019-01-23 06:13:31,1,3,2,老师上课很有激情，也会想尽办法帮我们学好，ppt超赞，给分也超好啊！助教也很负责，很有趣。可惜微甲2没选上朱老师。桑心
98182,2142,朱静芬,2019-01-23 07:02:24,0,1,1,上课超认真 收获很大 \n\n给分很不错\n\n
98199,2142,朱静芬,2019-01-23 07:32:35,3,3,0,老师人真的超级好！考前有复习课，然后会把所有课件都给我们，复习的时候，照着复习课件复习一遍下来绝对没问题的。虽然出分挺慢的，但是老师肯定是在为我们疯狂调分嘛！爱您！mua
98215,2142,朱静芬,2019-01-23 07:56:43,-1,1,2,非常棒
98221,2142,朱静芬,2019-01-23 08:06:17,2,3,1,老师上课很有激情，也会想尽办法帮我们学好，ppt超赞，给分也超好啊！助教也很负责，很有趣。可惜微甲2没选上朱老师。桑心
98425,2142,朱静芬,2019-01-23 12:34:27,1,2,1,无可挑剔，学不好我怪我自己
99230,2142,朱静芬,2019-01-24 12:59:17,2,3,1,讲的挺好吧，人也不错
99980,2142,朱静芬,2019-01-25 11:35:31,-1,1,2,非常好的老师(つ°ヮ°)つ
100235,2142,朱静芬,2019-01-26 00:05:11,2,3,1,来自一名大二狗，朱老师的课真的棒。我已经学过了高数和微积分下，所以几乎全程没听过课，只是自己在最后一排做练习。但有时候还会听朱老师讲故事，还有经典习题，讲的认真负责，太棒了。\n\n给分呢？我第一次小测没满，老师最后给满了，平时分都满，对比我大一下上薛某的课。。。好的不是一点半点。期中86，期末87，最后91.4，哭了，老师也没帮我调高0.1分。差0.1分4.8，只能说还是怨自己期末考太差吧。\n\n总之微积分还是要好好做练习，不要轻敌！不要轻敌！不要轻敌！拿高绩点没啥问题的
100692,2142,朱静芬,2019-01-26 14:41:08,0,2,2,老师讲课那就没得说，比想象中细致很多，很照顾我这种弱鸡了。而且老师很亲切，非常喜欢聊一些切合时间的话题（容易讲很久hhh），老师一些小动作也很萌\(//∇//)\非常棒的老师
101160,2142,朱静芬,2019-01-27 23:38:06,1,3,2,(〜￣▽￣)〜
101231,2142,朱静芬,2019-01-28 02:31:05,3,4,1,老师负责任课也上的好！3.9我超满意了
101891,2142,朱静芬,2019-01-29 12:49:53,-1,2,3,老师上课上的很好！
102034,2142,朱静芬,2019-01-30 05:52:02,3,3,0,朱老师超级棒，平时分都给满，讲课很不错鸭！
102058,2142,朱静芬,2019-01-30 08:40:58,0,2,2,老师讲课很有激情，ppt也非常好，听了之后收获很大！
102172,2142,朱静芬,2019-01-31 04:52:09,5,7,2,不管从哪个角度都是好老师，回答问题特别细心，ppt也非常仔细，考前还有复习题的ppt。可惜期末考试不小心考差了，感觉对不起朱老师。上课有激情，我是越听越精神的。微甲二本来预置不是朱老师，退掉之后选上了，开心。
102394,2142,朱静芬,2019-02-01 11:37:16,1,2,1,老师上课超棒的，特别有热情的感觉，让我这个经常瞌睡要靠咖啡听课的感到惭愧。老师期中给我们发历年卷子和答案，期末还有自己做的复习PPT，非常感动了。虽然最后绩点略惨，但都是因为我自己太菜了呜呜呜呜呜，不是老师的锅
102871,2142,朱静芬,2019-02-24 13:20:10,3,4,1,老师真的挺棒的\n\n上课挺有活力\n\n微积分学的极其渣\n\n在挂科的边缘老师捞了一把\n\n真的感动
102897,2142,朱静芬,2019-02-25 00:50:45,1,1,0,老师超级好
103277,2142,朱静芬,2019-02-27 06:17:01,4,4,0,非常好
105399,2142,朱静芬,2019-04-11 15:46:30,0,1,1,太可爱了！
106056,2142,朱静芬,2019-04-24 15:40:46,4,5,1,老师超级好，大一上我没太适应，觉得微一超级难。期末给老师写了一首诗，然后过了。平时作业有认真做，课上讲得也很明白，会讲女儿的故事。感谢朱老师！
109526,2142,朱静芬,2019-07-05 14:46:24,13,15,2,上课是很愉快，这次老师可能有什么事情出分比较慢。但是期末考和自己想的差的有点大，还卡绩了，emmm对结果还是不满意吧，过程还是很好的，老师上课很好，很有激情绝对值得选
112053,2142,朱静芬,2019-07-17 23:38:32,-2,9,11,垃圾给分
112942,2142,朱静芬,2019-09-10 13:23:46,8,12,4,草草草
112947,2142,朱静芬,2019-07-05 16:04:12,9,11,2,我觉得朱老师是没问题的 \n\n毕竟老师也要考虑下自己\n\n我微积分甲上下测都是她班上的\n\n这次貌似没调分 上学期调了 我觉得老师挺不错的是值得选的\n\n\n\n主要问题是在助教上 感觉助教是新来的 讲题目讲不清楚 特别是刚开始（后来虽然有进步了 但还是不行） 和朱老师班上学期的助教差了十万八千里\n\n\n\n总之吧，老师是值得选的。但给分还是靠自己吧，毕竟微积分和以后的课关系挺大的
112952,2142,朱静芬,2019-07-05 15:17:24,7,17,10,老师上课很激情 但是期末莫名低分 还卡绩（真的第一次知道这种课居然会卡绩） 小测的分也不太对被多扣了6分 唉算了算了我已经心灰意冷了（最后说一嘴助教呵呵哒）
112957,2142,朱静芬,2019-07-05 16:00:54,6,18,12,期末给分非常糟糕\n\n非常胆小怕事 发张期中期末卷都觉得自己违反学校规定\n\n平时事情非常多 小测要在线上做七次\n\n还有傻逼助教nmsl 习题课完全就是在浪费时间 讲起话来也是满嘴跑火车
112962,2142,朱静芬,2019-07-05 15:51:21,6,23,17,给分稀烂。讲课还行但是重点反而快，容易的反而慢，讲一半居然开始将自己的故事我也？？？？慎选。而且出分很慢。事情很多。小测做了7套网上的卷子，一分一分严格扣，绝不会提分。人有点怎么说呢……不愿意以自己的任何风险来为学生提供便利吧。课件会撤回，历年卷也说“唉不能给你们看因为我违规了。”可是别人班老师直接发在班群里好吧？私戳问题目也不会回答。总之是一个有水平但是不让我喜欢的老师。
112969,2142,朱静芬,2019-07-05 16:38:12,1,4,3,老师挺好，上课也很有意思，助教...
113073,2142,朱静芬,2019-07-05 22:34:52,2,5,3,期末给分，我：？？？\n\n事情很多，严格扣分，不调分，我以为出分慢是在调分，结果：？？？
113427,2142,朱静芬,2019-07-06 17:17:10,4,6,2,不调分，事情还多，也没感觉课讲得有多好，体验极差
113829,2142,朱静芬,2019-07-07 17:16:18,2,3,1,助教是真的**
113968,2142,朱静芬,2019-07-08 04:04:10,0,7,7,很垃圾的老师，对学生不负责任，小测在mooc上做的满分，出分后在总评里小测直接少了5分多，0.6的绩点啊！？上课全到，作业全交平时分竟然没满？！还有期末考试蜜汁给分……很心寒，上课没重点，让助教批作业只批一半等等就不说了，唉，心里哇凉哇凉的，这可是5分的微积分呀！希望我这情况只是个偶然。
113999,2142,朱静芬,2019-07-08 07:24:22,2,5,3,大一春夏预置朱老师的微甲二。就老师本身来说确实是位好老师，课讲的很有激情，上课也不时会分享自己和女儿的故事。中间有一两个星期嗓子坏了但还是坚持给我们讲课，很感动哇！前面评论说她撤课件，不发历年卷，但是我想说这是可以理解的好吧？再说了出了课件自己及时保存不就好了？大不了不会找别的同学要吗？而且历年卷，老师可是一道题一道题在课堂上讲过一遍了好吧。关于助教，我只能说从来没听她讲过。一次作业只改一半是正常操作（之前上的别的班的一也是这样）。但是！！！期末给分是什么操作？？嗯嗯？？mooc七次小测题都做了，加起来错了5，6个，平时作业全交只有一个B，最后出分被扣了10分？？（占比15%）而且最后被卡绩3.9？？别的老师期末考都调分的啊？！像这样一门5分的课这样给分很影响保研的好嘛？（我的意思是不同班调不调分给保研分数造成不同评判标准的不公平，不是成绩低的本身不公平）而且期末考试还不简单。上课全到，无缺课的我给学弟学妹们留下的建议就是……上课不用去了。。不点名，听老师讲不如自学（指在速度和效率上，老师本身讲的很好），因为老师讲的所有内容课本上都有。最后考试注意复习微分学和积分学吧。比如这次，平常自己侧重于练积分学（因为很难）然而最后大篇幅微分学，我：？？？？唉。不说了，难过。
114200,2142,朱静芬,2019-07-09 04:06:34,0,3,3,很有意思
115387,2142,朱静芬,2019-07-20 15:38:48,5,8,3,给分的确出乎意料之外，讲课很好。不过为了你的GPA着想，请出门右转何奶奶
115410,2142,朱静芬,2019-07-22 01:37:22,-17,14,31,说实话，感觉她的水平对不起这个评分，上课基本就对着ppt念，感觉没有自己的理解，重点也讲不清楚。和其他一些差不多评分的老师相差甚远。感觉大家给她评分高是因为原本评分就高吧。但是真的不值这个评分。
115548,2142,朱静芬,2019-08-02 11:49:11,3,3,0,哈哈，助教
117381,2142,朱静芬,2019-09-23 15:00:25,1,2,1,很棒鸭
117689,2142,朱静芬,2019-09-29 02:54:41,-1,1,2,开心，爽！！！！！！！
117690,2142,朱静芬,2019-09-29 02:55:24,1,1,0,老师上课很有趣，睡不着的
117699,2142,朱静芬,2019-09-29 06:30:35,-2,0,2,不瞌睡
117837,2142,朱静芬,2019-10-04 15:37:02,1,3,2,文科生还是找矿爷叭
118987,2142,朱静芬,2019-11-09 03:22:41,-2,1,3,很棒，下学期也希望还是她
119012,2142,朱静芬,2019-11-09 10:59:27,0,0,0,不会瞌睡
121008,2142,朱静芬,2020-01-19 08:37:45,2,4,2,不点名 助教可爱负责 老师也很认真负责 今年卷子简单 感觉大家拿到的绩点都很不错.冲冲冲！可惜微二不是朱老师了
121278,2142,朱静芬,2019-12-24 10:31:51,1,1,0,真的是激情四射
121519,2142,朱静芬,2019-12-13 09:12:32,2,2,0,老师真的超级好，上课会讲好多好玩的，为了我们的平时分真的操碎了心，可惜下学期没有继续预置她的课，只能寄希望于逆天改命了。
122601,2142,朱静芬,2020-03-06 22:47:19,-1,1,2,好老师，从不点名，有利于自学，给分很棒
124336,2142,朱静芬,2020-06-29 11:01:28,6,7,1,mooc讨论次数至少8次了然后只给我算一次讨论，希望期末的时候能把分调过来
125382,2142,朱静芬,2020-09-08 02:51:58,4,6,2,好老师，期末捞人的会（前提是平时mooc上面的东东好好做）
126996,2142,朱静芬,2020-11-02 04:07:34,2,4,2,真不戳
127306,2142,朱静芬,2020-11-20 02:17:12,2,4,2,讲课很激情，对本渣来说稍有点快，但真是非常好的老师
127881,2142,朱静芬,2020-11-29 16:17:07,5,5,0,芬姐永远的神！
128258,2142,朱静芬,2020-12-15 10:19:54,3,4,1,芬姐永远的神
128479,2142,朱静芬,2021-01-30 05:28:00,13,15,2,感谢老师捞我！\n\n我以为要挂，结果3.0！\n\nzjf，yyds！
129126,2142,朱静芬,2020-12-30 08:26:28,3,5,2,老师是好老师，可惜我学的太烂了
129726,2142,朱静芬,2021-01-11 13:21:08,3,5,2,hao
129777,2142,朱静芬,2021-01-12 07:59:29,4,4,0,很庆幸遇到了这样的老师
130524,2142,朱静芬,2021-01-23 11:49:19,0,5,5,老师超级好呜呜呜真的太好了！！\n\n呜呜呜这么好的老师上到就是赚到！！
132033,2142,朱静芬,2021-01-30 03:40:03,-5,6,11,讲课有激情，重点都到位了，并无很大亮点。出分为何这么慢。
132131,2142,朱静芬,2021-01-30 12:23:36,7,8,1,上课很热情也比较详细 人很好很可爱 没小测 数学太烂期中四十不到期末六十被捞到2.4 感动
132235,2142,朱静芬,2021-01-31 07:40:06,11,14,3,一定要好好学，五学分的微积分很重要的！血与泪的教训……老师很好
132237,2142,朱静芬,2021-01-31 07:52:25,7,8,1,业务能力很强，激情满满。下学期还是朱老师，好耶！
134144,2142,朱静芬,2021-03-17 04:04:44,-1,6,7,超棒qwq
134344,2142,朱静芬,2021-03-24 11:30:06,0,13,13,删回放\n\nppt翻的飞快
134450,2142,朱静芬,2021-03-29 04:45:18,-3,14,17,不体谅学生的莫名其妙的老师
134514,2142,朱静芬,2021-03-31 03:42:07,-23,17,40,大学了竟还有强迫学生听课的老师？\n\nppt都要过两天发？\n\n就您这上课水平，凭什么觉得自学会没用？
134516,2142,朱静芬,2021-03-31 04:41:24,5,15,10,微甲一微甲二都十分幸运地选上了朱姐的课！上课有激情，上课超级好 ！（中午课十二点钟多一点就放了哦）一的时候无小测，取而代之的是spoc测试（两次答题机会，建议慎重再慎重），考前匀课出来集体复习。确实朱姐会删回放，但课上稍微跟紧一点+课后看看spoc上别的回放也足够了叭～不会吧不会吧，不会真的有同学想一点不学就拿满绩吧QwQ
134578,2142,朱静芬,2021-04-02 12:37:39,-5,6,11,一般般
134761,2142,朱静芬,2021-04-14 04:12:52,-5,7,12,一般般
134773,2142,朱静芬,2021-07-06 17:53:06,9,18,9,老师讲课很有激情的，不容易犯困，讲的方式也不错，有一个缺点就是不太体谅学生，换句话就是固执己见吧。多私聊下就能感觉到
135014,2142,朱静芬,2021-04-27 03:21:11,3,12,9,不给PPT就离谱，PPT又翻的很快，钉钉上或者私下交流明显感觉到她很不耐烦。有一次问关于课程的事情，就和助教互相踢皮球。评分高的很大一部分原因应该是有MOOC没有小测吧。
135501,2142,朱静芬,2021-05-12 06:17:37,-14,7,21,没什么水平
136507,2142,朱静芬,2021-06-19 14:23:41,-16,3,19,都没几个人来了
136672,2142,朱静芬,2021-06-23 00:52:51,1,7,6,上的朱老师的微甲2，老师讲的非常细致超级容易听懂还不容易分心！想要认真学好微积分的选她就完事了！
137174,2142,朱静芬,2021-07-02 02:14:56,2,3,1,感谢老师
137180,2142,朱静芬,2021-07-02 03:01:12,14,29,15,1.助教讨论成绩导入半天没倒出个明白，上习题课课满嘴跑火车\n\n2.老师上课讲完课删回放，ppt不能下载并且过两天才上传，历年卷不发，讲课速度真的是风驰电掣，ppt翻得飞快。我上课听一遍就都能听懂？听不懂课下怎么学？\n\n3.助教和老师互相踢皮球，评分标准半天不发，有同学在群里问问题半天不回，给助教助教已读不回，我是来上课的还是来当孙子的？\n\n4.跟老师问个问题跟欠了她钱一样，回答非常敷衍，跟以上评论说的一样非常不体谅学生。\n\n\n\n优点：\n\n上课非常有激情，面面俱到，重点过的很全面\n\n课堂内容讲得很详细，还会放上很多例题\n\n\n\n就这样吧，虽然分高，慎选
137537,2142,朱静芬,2021-07-05 04:15:32,8,9,1,怎么还不出分
138491,2142,朱静芬,2021-07-09 13:45:58,4,5,1,大一上下两学期选的都是朱老师的课，最终获得4.8的绩点。老师上课非常有激情，平时分通过mooc进行，相对得分较高。当然自己的努力也很重要，希望大家都能获得理想的成绩吧！
138702,2142,朱静芬,2021-07-10 11:58:25,5,8,3,老师课讲的挺有激情，但这个助教给分不大行。期中考班级均分明显比其他班低一截，最后期末还被卡绩了，无语子
140717,2142,朱静芬,2021-09-15 09:49:03,1,2,1,朱老师yyds
140932,2142,朱静芬,2021-09-18 02:44:08,3,6,3,朱老师讲的课通俗易懂，激动时喜欢金鸡独立，联系现实讲数学，个人觉得满分
141697,2142,朱静芬,2021-10-20 10:56:10,1,2,1,特别好！
142604,2142,朱静芬,2021-11-14 08:52:30,4,4,0,为什么期中成绩还不出来啊啊啊啊啊啊啊啊啊啊啊啊啊啊啊啊啊啊啊啊啊啊啊啊啊啊啊
144219,2142,朱静芬,2021-12-20 14:20:13,2,2,0,这个老师特别好
144449,2142,朱静芬,2021-12-21 14:01:51,2,4,2,超级棒！！！
145827,2142,朱静芬,2022-01-03 04:49:17,3,5,2,课讲的好，已读不回坏文明
146700,2142,朱静芬,2022-01-07 08:28:38,5,8,3,就是说……平时作业怎么给分啊……感觉隔壁其他老师都直接给满的。朱静芬姐姐真的要求好严格，每次都分ABCD等级。欸…………
146753,2142,朱静芬,2022-01-07 10:30:09,1,2,1,我可能不太习惯老师讲课的方式但是老师很负责上课很有激情
147101,2142,朱静芬,2022-01-08 16:54:20,2,3,1,朱老师真的是一位很可爱的老师
147554,2142,朱静芬,2022-01-10 08:14:56,6,6,0,老师很有意思，给我们讲了自己炒股亏钱的故事\n\n上课讲的很细\n\n强烈推荐！！
147558,2142,朱静芬,2022-01-10 08:22:31,3,3,0,感谢老师捞我。朱老师yyds
147566,2142,朱静芬,2022-01-10 08:36:36,-1,2,3,老师课讲得很好，给分也超级棒，作业也很体贴我们。不说了老师nb！
147597,2142,朱静芬,2022-01-10 09:27:34,0,1,1,zjf我的女神yyds
147604,2142,朱静芬,2022-01-10 09:30:31,1,4,3,朱老师讲课很有激情，回答问题很耐心，跟着朱老师认真学了一个学期，顺利拿到大学第一个满绩！朱老师，yyds！
147618,2142,朱静芬,2022-01-10 10:14:21,3,4,1,老师很认真！讲得很到位！老师上课很有活力所以跟其他数学课比起来不容易困一些\n\n可惜下学期没选上朱老师的课（哭）\n\n顺便吹爆助教giegie
147628,2142,朱静芬,2022-01-10 10:33:48,0,6,6,上课比较有激情，但是课后实属不太行，一到出分就助教老师互相踢皮球，钉钉经常已读不回，助教态度不说亲切吧，简直堪称不耐烦，一问三不知…反正课后体验不太好。给9分是看在最后给分还不错的份上
147632,2142,朱静芬,2022-01-10 10:40:21,8,8,0,真的海底捞，都给我选！
147820,2142,朱静芬,2022-01-11 02:55:54,-7,0,7,aaa
147832,2142,朱静芬,2022-01-11 16:05:05,4,6,2,就是说…算了如果作业分满是91.85 \n\n结果老师扣了作业分…\n\n\n\n老师真的很看平时…到希望她看考试一点…
147969,2142,朱静芬,2022-01-11 08:34:42,6,6,0,为什么不能给期末翻盘的人一个机会害
149282,2142,朱静芬,2022-01-15 03:35:06,4,5,1,老师很有激情，上课非常好！给分只能说很求是，真实反映你的掌握情况…
149456,2142,朱静芬,2022-01-15 11:48:25,2,4,2,讲课好，助教也好，可惜下一届就不是这个助教了
149578,2142,朱静芬,2022-01-16 04:36:18,4,6,2,讲课不错，但是给分挺迷
149819,2142,朱静芬,2022-01-17 06:58:33,1,4,3,绝对的好老师，我大一上，期中52分，小测也才一半的分数，最后摆烂补天就这样总评还能有70多😘
150801,2142,朱静芬,2022-02-19 00:38:59,2,3,1,老师讲课让人容易理解
151805,2142,朱静芬,2022-03-16 09:23:50,6,8,2,zjf姐姐讲的好好的！助教giegie好帅！
152444,2142,朱静芬,2022-04-11 12:19:04,4,8,4,讲课好，课件好，助教giegie帅，捞
153240,2142,朱静芬,2022-04-27 03:46:25,7,7,0,zjf姐姐超棒！\n\n选她就完了
153254,2142,朱静芬,2022-04-27 06:33:55,4,5,1,讲课很有激情，例题充足，给分好
155199,2142,朱静芬,2022-06-09 08:20:27,5,5,0,讲得很清晰，ppt好评
155312,2142,朱静芬,2022-06-21 03:56:23,0,9,9,讲课和给分都好
155694,2142,朱静芬,2022-06-15 08:23:56,138,190,52,jf姐姐求求你捞捞我吧我真的不想挂科呀呀呀\n\n助教giegie好帅，想和他papapa
155817,2142,朱静芬,2022-06-16 06:06:20,35,42,7,我爱jfjj🤤🤤🤤🤤🤤🤤（我是说俊锋jj）
155818,2142,朱静芬,2022-06-16 06:11:56,30,47,17,我也想和hjf助教papapa🤤
155829,2142,朱静芬,2022-06-16 07:06:30,25,28,3,jfjj和jfgg我都好爱呜呜呜\n\n助教....嘿嘿嘿嘿.....我的助教
155831,2142,朱静芬,2022-06-16 07:13:31,27,31,4,要是人生有五次就好了。这样的话我五次都要住在不同的城镇，五次都要吃不同的东西，吃的饱饱的，五次都要做不同的工作……然后五次都要，上zjf老师的课，爱上jfgg🤤🤤🤤
155836,2142,朱静芬,2022-06-16 07:29:17,27,35,8,小偷日记  🌙\n\n👴🏻偷偷潜入hjfgiegie 家里，看着正在熟睡的hjfgiegie，我愣住了，当小偷这多年，第一次被偷走了❤️
155874,2142,朱静芬,2022-06-16 11:09:10,25,30,5,今天我点了KFC，过了一会我听见敲门声，就去开门，结果这人不是送外卖的，他说我落网了。我一想，我什么都没干怎么就落网了呢？后来我突然想明白了，我早就落入jfgg的情网了🥵🥵🥵
156033,2142,朱静芬,2022-06-17 07:40:39,59,70,11,jfgg\n\n为了你😨😨😨\n\n我变成狼人摸样🐺🐺🐺\n\n为了你😱😱😱\n\n染上了疯狂🤡🤡🤡\n\n为了你😰😰😰\n\n穿上厚厚的伪装👹👹👹\n\n为了你🤗🤗🤗\n\n换了心肠💀💀💀\n\n我们还能不能再见面🥺🥺🥺\n\n我在佛前苦苦求了几千年🙇‍♂️🙇‍♂️🙇‍♂️\n\n愿意用几世🥰🥰🥰\n\n换我们一世情缘💞💞💞\n\n希望可以感动上天😭😭😭\n\n我们还能不能能不能再见面🥺🥺🥺\n\n我在佛前苦苦求了几千年🙇‍♂️🙇‍♂️🙇‍♂️\n\n但我在踏过这座奈何桥之前🎭🎭🎭\n\n让我再吻一吻你的脸😘😘😘 ​
156733,2142,朱静芬,2022-06-21 00:23:04,21,22,1,一直身在上海和我们没见上几面的某个朱女士，求求你不要挂我
156951,2142,朱静芬,2022-06-21 12:07:53,2,5,3,给分真的很好嘛、感觉给分不是很清楚啊
157360,2142,朱静芬,2022-06-23 04:54:53,9,12,3,怒赞！
157363,2142,朱静芬,2022-06-23 05:10:41,15,19,4,刚出分就来打个10分。讲课清晰，平时不点名，给分很好，真的捞王！！！绩点比我预算的高了两个档次，实际按照我的得分绝对没有现在这么高（慕课要好好写，大于等于85可以在小测还是总评（不太清楚）里面加6分，加满为止）。还有助教giegie hjf（嘿嘿，我的jf~）人很好，平时分也很能捞。jfgg，jfjj你们都是我滴神！！！怒赞！！！都给我选！！！！！
157365,2142,朱静芬,2022-06-23 05:15:42,11,14,3,zjf和hjf一起拯救我的vjf呜呜呜
157369,2142,朱静芬,2022-06-23 05:20:04,14,15,1,本以为应该撑死4.2，结果4.8。\n\n老师讲课很认真，通俗易懂，助教人超好，活泼风趣，还很能捞。\n\n反正就是很幸运预置了朱老师的微甲2，学的也清晰，绩点也好看。\n\n真的是让我爱上微积分的学习经历。
157372,2142,朱静芬,2022-06-23 05:25:31,10,10,0,给分真的超好，助教哥哥也很棒，jfjj和jfgg都是我滴神！！！！！！
157373,2142,朱静芬,2022-06-23 05:28:11,1,4,3,老师给分真好，一学期的网课都是挂机课下自学，习题课也是交作业就溜，最后还有4.5，真的感谢老师
157374,2142,朱静芬,2022-06-23 05:40:04,5,8,3,朱老师妈妈妈妈妈妈妈妈妈妈妈妈妈\n\n助教爸爸爸爸爸爸爸爸爸爸爸爸爸爸
157383,2142,朱静芬,2022-06-23 05:40:23,6,6,0,想给老师磕个响的
157384,2142,朱静芬,2022-06-23 05:45:42,10,12,2,刚刚出分，前来怒赞一波。现在的心情就是在屏幕前对着朱老师磕二十个响头喊一百声亲妈🌹\n\n客观评价一波，上课不点名，上课的节奏刚刚好，课堂教学目前来说上过最好的一位，把我这个傻子都教会了。\n\n作业量大，但是助教老师作业批改很认真，即使没有时间认真完成，依然给了很好的分数。\n\n朱老师给分真的真的真的特别特别好！强力推荐！！！\n\n最后怒赞一波助教虎哥 小虎🤤嘿嘿🤤我的小虎
157389,2142,朱静芬,2022-06-23 06:08:33,6,6,0,呜呜呜呜呜呜呜呜芬妈 我的神，真的好会捞呜呜呜呜呜，拯救我的微甲二，课上的也很好，ppt的例题基本都是新的，很有激情很有意思，可惜芬妈这学期被关在上海了，都没什么机会上线下的课
157403,2142,朱静芬,2022-06-23 06:38:22,3,5,2,俊峰带我走吧😭😭😭没有你我怎么活啊😭😭😭😭
157413,2142,朱静芬,2022-06-23 07:13:27,3,4,1,神捞，神中神
157416,2142,朱静芬,2022-06-23 07:18:46,4,6,2,朱静芬老师和hjf助教就是神orz
157419,2142,朱静芬,2022-06-23 07:32:27,4,5,1,捞，太捞了\n\n实在是太能捞了\n\n别的老师是游泳捞你\n\n厉害点的用潜艇捞你\n\njfjj是把海都给你抽干\n\n以为自己快烂了\n\n实际自己快满了\n\n顺便：助教小虎也是神中神\n\n两人态度都很好，讲课都很认真，质量很高\n\n选！都给我选！\n\n不选我就挂死你
157424,2142,朱静芬,2022-06-23 07:53:42,1,4,3,被老师狠狠地捞了 这个成绩真的不敢想 老师上课ppt做得很好 就算上课没有认真听错过了也可以通过ppt来补充笔记
157501,2142,朱静芬,2022-06-23 12:45:17,2,3,1,朱姐你是我的神！海底捞，选！
157502,2142,朱静芬,2022-06-23 12:48:38,2,3,1,给朱姐怒磕一个！海底捞。都给我选！
157518,2142,朱静芬,2022-06-23 14:39:48,-1,3,4,我确实得了老师很多好处，感觉被捞了很多。给分这一块朱老师和助教应该没有一丝吝啬。\n\n但可能在这里还是想说一些别的，希望这里能容纳一些不一样的声音。\n\n老师讲的内容还是可以的，形式比较激情慷慨，不容易犯困，是很负责任的老师\n\n这个学期老师在上海，在较为困难的情况下担当志愿者的同时为同学授课非常感动。\n\n但课堂效果说实话比较一般（可能也有网课影响），其实比较缺乏逻辑性与总结性的话语。\n\n证明讲解很到位，但是非常拖沓，常常看懂每一步，串起来不知道在讲什么。\n\n例题作为“例”，其典型性突出的也不是很明显。此外就是ppt略略凌乱。\n\n总的说，这个课未必适合做题家，但比较适合数学思维好的同学，以上，8分。
157588,2142,朱静芬,2022-06-24 01:22:46,4,5,1,好喜欢老师，平时讲课生动有激情，最后给分还非常非常好，你是我的神！
157868,2142,朱静芬,2022-06-25 08:19:21,3,4,1,老师讲课很清晰很好，而且真的很会捞。平时认认真真完成作业就行啦。
158402,2142,朱静芬,2022-06-29 04:17:28,3,3,0,朱老师人真的太好了555我哭死
159467,2142,朱静芬,2022-07-22 06:34:47,12,19,7,jf姐姐给分真的超级好！特别是微二的助教jfgiegie也是超级能捞。很幸运两学期都预置了芬姐的课，作为浙江卷高考不到125的人，最终微1 4.8，微2 5.0，10个学分直接拯救了大一的均绩。老师讲课也很清晰，ppt做得很棒（可惜不能下载）。微2几乎整个学期芬姐都被困在上海，一直在上网课，上课没好好听，摸鱼摸得太多了，难度也比微1大，一度学得非常糟糕，最后靠着智云和ppt和矿爷的mooc补回来了。总之，相比起给分很严格的大雾，大二的电原数电模电这些硬核课，微积分算是很好拿高分的了，但要建立在认真学习的基础上，选芬姐就对了！
160479,2142,朱静芬,2022-09-23 13:47:14,2,3,1,太棒了
161130,2142,朱静芬,2022-10-28 04:03:24,0,1,1,好捏好呢
163389,2142,朱静芬,2022-12-14 07:57:33,5,5,0,非常有意思
163422,2142,朱静芬,2022-12-14 09:07:23,1,3,2,特别好的老师
163427,2142,朱静芬,2022-12-14 09:15:34,3,6,3,jf姐姐真的很暖心，封校期间每次上课都会先问问我们的情况再上课
164111,2142,朱静芬,2022-12-18 06:53:35,0,2,2,讲的太清晰了
164348,2142,朱静芬,2022-12-20 11:03:27,7,7,0,大爱jf姐姐
164604,2142,朱静芬,2022-12-22 07:40:49,3,5,2,很好很好的老师，预置是她是我的幸运
165534,2142,朱静芬,2023-01-08 05:30:07,5,6,1,老师上课很有意思
168472,2142,朱静芬,2023-02-17 13:29:27,7,7,0,老师真的很好，只怪我自己没有好好学
168857,2142,朱静芬,2023-02-23 04:00:33,4,5,1,非常好非常好\n\n可惜课表原因甲二不能选她的课
168914,2142,朱静芬,2023-02-23 11:37:10,1,2,1,yyds
168915,2142,朱静芬,2023-02-23 11:44:24,2,4,2,老师上课讲的超级细心，给分超好
168917,2142,朱静芬,2023-02-23 11:51:39,1,4,3,jfjj是我的神，査老师首评献给jfjj！\n\n上课讲得很好，阳了之后也依然坚持着给我们上课，每天下课的时候还会和我们聊天，疫情期间上课前会先问问我们的状况，真的很暖！\n\n爱死她了，微II也选中了她的课，真的很幸福。\n\n只要好好学最终肯定绩点不会低的！
168919,2142,朱静芬,2023-02-23 11:58:23,1,3,2,老师捞捞
168922,2142,朱静芬,2023-02-23 12:34:45,3,3,0,真的超喜欢jf姐姐的微积分课！！！老师人很好而且上课有趣，会讲很多不同的例题，疫情期间也很关心大家的身体状况，自己阳了也坚持给我们上课，超感动呜呜呜！！！本来觉得自己的绩点能上4就很高兴了，结果老师给了我4.8，谁懂啊！！！当然前提是你要认真学哦。微甲2没有预置上jf姐姐的课实属可惜了。。。
168930,2142,朱静芬,2023-02-23 14:14:17,4,5,1,zjf老师是真的捞人😭😭😭
168937,2142,朱静芬,2023-02-23 14:28:06,2,2,0,挺不错的，值得
168941,2142,朱静芬,2023-07-04 01:26:06,-2,8,10,讲得好，给分也确实好\n\n觉得给分差是少数吧。我期末肯定没及格总评70，估计有些人就是70分的水平还总想着老师会给到85。
168962,2142,朱静芬,2023-02-24 00:30:27,2,7,5,巨夸张，课讲得好也就算了，给分居然也这么好。夸张
168963,2142,朱静芬,2023-02-24 00:35:28,-1,6,7,真的超爱jf姐姐，我疫情回家学的有点摆，感觉达不到现在的成绩，所以谢谢jf姐姐，打分真的很好
168964,2142,朱静芬,2023-02-24 01:10:20,4,9,5,神！\n\n神中神！
169016,2142,朱静芬,2023-02-24 03:55:56,3,7,4,jf姐姐讲课很激情也很仔细，给分巨好，超乎想象的好（狠狠落泪）
169029,2142,朱静芬,2023-02-24 05:02:21,1,5,4,光打分特别好就值得这个10分
169035,2142,朱静芬,2023-02-24 05:28:37,5,6,1,jf姐姐上课很有激情，会蹦蹦跳跳的，就算是早八也会被老师的活力感染，一点也不像睡觉，和隔壁线代形成了鲜明对比......老师偶尔还会和同学们聊天，讲她儿子女儿的有趣故事，很有趣的。最后，给分是真的好！！！神中神，海底捞！！！！！
169117,2142,朱静芬,2023-02-24 11:08:56,5,8,3,只能说老师给分太好了，虽然我的分数不高，三开头，但是这是在我都没怎么认真听课的前提下，给了完全超出想象的分数，没认真学挺愧疚的，下个学期不是朱老师教了，遗憾
169159,2142,朱静芬,2023-02-24 13:14:11,3,6,3,巨捞，上课水平也一流，含泪bd
169325,2142,朱静芬,2023-02-25 12:00:55,6,10,4,老师超级棒，上课清晰易懂，并且给分超级好。收获进大学以来第一个满绩！
169370,2142,朱静芬,2023-02-25 15:29:25,6,9,3,特别特别特别特别特别特别特别好的老师！会给我们讲故事，推荐我们去各个校区玩，会很关心我们的身体和心理，我最喜欢的老师之一，一想到下学期不能再上静芬姐姐的课（没选上，就是这么非）真的好难过啊！我能从她的课上感到很多人文关怀！其实她可能都不认识我，但我就是感觉得到她对学生的关心。给分也还不错！绩点虽然不是特别满意，但我觉得是我自己的问题！总之选上她你们就偷着可吧呜呜呜🥹我没选上，难过晕了🥹🥲
169385,2142,朱静芬,2023-02-26 01:35:48,4,9,5,必须十分！！上课生动有趣，也非常关心体贴学生，期末也捞捞！！下个学期预置的还是朱老师哈哈哈哈哈
169496,2142,朱静芬,2023-02-26 12:29:44,5,10,5,很为我们着想
169823,2142,朱静芬,2023-02-28 05:11:23,0,11,11,jf姐姐必须10分！
169880,2142,朱静芬,2023-02-28 08:06:14,0,9,9,最喜欢的一个老师 目前为止讲课讲的最好的一位 10分不多说
170057,2142,朱静芬,2023-03-01 07:04:00,-3,7,10,很棒啊
170172,2142,朱静芬,2023-03-02 00:29:13,2,13,11,朱姐海底捞
170818,2142,朱静芬,2023-03-10 04:33:19,24,78,54,把别人车撞出坑来是吧 胡搅蛮缠 师风师德问题严重 98观光团到此一游
170819,2142,朱静芬,2023-03-10 04:42:19,-11,24,35,傻逼老师
170821,2142,朱静芬,2023-03-10 05:14:38,40,57,17,你们确定那个是zjf老师吗哪里有露脸啊
170825,2142,朱静芬,2023-03-10 06:22:08,-1,15,16,车刮了？
170843,2142,朱静芬,2023-03-10 09:14:44,-5,16,21,师德师风堪忧
170848,2142,朱静芬,2023-03-10 10:52:47,2,21,19,剐蹭学生车辆 不认账
170854,2142,朱静芬,2023-03-10 13:05:58,-4,17,21,zju师德师风就是被这种老师败坏的
170859,2142,朱静芬,2023-03-10 14:37:25,0,22,22,精致的利己主义者，仗着自己是老师就可以赖账了?
170884,2142,朱静芬,2023-03-11 09:22:35,-30,14,44,师风师德有严重问题，您就是这其中的一份子
170887,2142,朱静芬,2023-03-11 09:35:09,-5,18,23,不要天真地以为上课上得好 在其他方面做人就好 不要怀疑是不是她撞车不认了 不过也很能理解大一小朋友的心情 的确人性是复杂的
171120,2142,朱静芬,2023-03-16 07:23:34,-7,2,9,。。。
171927,2142,朱静芬,2023-04-12 15:43:14,16,20,4,好老师，没有实锤之前，乱网暴？这就是求是精神吗，这就是竺校长教我们的求是精神吗？
171928,2142,朱静芬,2023-04-12 15:43:28,9,12,3,是一位好老师，你们到底是怎么开盒开出来zjf老师的？课上的也好，98上面声音听着也不像，所以你们是怎么开盒的？
171990,2142,朱静芬,2023-07-02 01:10:40,9,22,13,后面的同学小心一点，感觉这个老师给分并没有那么好，甚至这学期大家互相问下来，可能给分算差的\n\n当然上课确实不错，但是微积分老师又有哪一个上课很差的呢\n\n而且老师性格很古怪，上课的时候甚至提过要把智云课堂关了，出分后你去问他平时分，期中期末的得分都不会告诉你的（我上的别的数学课的老师至少会告诉你各项折合的得分，有的也会帮你查卷），从这点来看，她干出撞车不认的事也挺正常（而且从当时被撞车主po出的照片来看，照片角落的那位很明显就是这个老师），确实是师德师风堪忧。
172139,2142,朱静芬,2023-04-20 10:13:03,1,3,2,老师非常好
173410,2142,朱静芬,2023-05-23 13:06:09,4,7,3,讲课真的是宝宝级教学，是只要听基本上就可以听懂的那种
174068,2142,朱静芬,2023-06-06 04:50:21,1,5,4,讲课挺有趣的，课上也有较多例题呈现，昏昏的早八都能保持精神，赞！
175534,2142,朱静芬,2023-06-25 11:18:34,12,16,4,这学期xry老师的微甲二出完分来给jfjj补个10分😭😭😭谁懂？！谁懂？！选好老师对期末绩点有多重要（对于我这样平时基础不牢期末补天补地的人来说😭）
175754,2142,朱静芬,2023-06-26 12:08:11,2,3,1,宝藏老师
176399,2142,朱静芬,2023-06-28 17:03:31,3,4,1,求捞！！！！！！！！！！！！！！！！！！
177085,2142,朱静芬,2023-07-01 15:12:28,-6,8,14,22级微积分甲2，期末三道不会，（虽然填满了）居然还能被捞到96，只能说朱老师太好了。在大一遇到朱老师是我的幸运
177088,2142,朱静芬,2023-07-01 15:21:04,5,6,1,可能是出分太迟给了我她会捞很多的不切实际的幻想
177093,2142,朱静芬,2023-07-01 15:27:49,1,4,3,平时事有点多，但是在22年期末考爆了的情况下给我们海底捞，给jf姐姐10分是应该的
177225,2142,朱静芬,2023-07-07 11:09:38,9,12,3,回复下面的评论 给分就是求是啊\n\n期末考跟室友还有98对了答案 卷面60分左右 最后出来77 平时分估计是一分没调 说求是有错吗 按占分比例算一算 觉得她捞你了感觉不如相信这是自己应得的分数
177335,2142,朱静芬,2023-07-03 02:55:51,2,6,4,朱老师上课特别有热情，老师人也很有亲和力，很乐意和同学们交流！最后成绩虽然有的不理想但是主要还是自己期末没发挥好，朱老师和助教姐姐应该也努力捞过了。另一方面我感觉在朱老师的带领下微甲二我学得比一扎实了不少，很感谢朱老师！
177766,2142,朱静芬,2023-07-04 17:02:21,14,15,1,上过朱老师的vjf1/2的来说几句，下半学期的vkf2跟vjf1比确实求是了很多。vjf1出分的时候朵朵上夸她的都夸爆了，这次vjf2结合我和室友的情况和大家评论上也能看出来，跟其他老师比确实算求是了
177835,2142,朱静芬,2023-07-05 03:26:32,-1,6,7,讲课细致清晰，给分很好，这届期末考极其恶心，难度跟往年没什么可比性，那些说老师给分一般的自己期末考什么水平自己心里没点数吗，朱老师为了捞大家平时分基本都快满了吧，老师也没办法去修改期末卷面分，我觉得朱老师还是非常体贴学生非常好的一位老师，还是那句话，选上就偷着乐吧
178952,2142,朱静芬,2023-08-05 05:08:16,0,8,8,回应楼下，总评难道不就应该是你应得的吗？老师求是是本分，捞人是情分，幻想老师捞不如想想自己付出了多少努力
179001,2142,朱静芬,2023-08-18 02:35:26,-48,10,58,刚看了下微甲2，97满了
183069,2142,朱静芬,2023-11-22 04:19:22,3,3,0,讲的很好！！！！！
184526,2142,朱静芬,2023-12-21 11:44:09,0,1,1,讲的很好，使我大脑旋转
184975,2142,朱静芬,2023-12-25 03:59:01,2,2,0,微积分，我只听朱老师的，神中神，不必多言，选就完了
186289,2142,朱静芬,2024-01-10 10:54:57,0,3,3,zjf老师上课讲的很好，偏重于基础，对于基础不好的同学很友善，但是对于难题涉及较少，期末考试应付起来不太够
186363,2142,朱静芬,2024-01-10 15:29:05,0,1,1,冲就完了，好老师不用多说
186966,2142,朱静芬,2024-01-14 03:11:57,-2,0,2,非常好的老师！虽然我考的不好，但我觉得是我的问题。
187618,2142,朱静芬,2024-01-17 01:11:37,3,3,0,上课很有激情！在枯燥的微积分课上会和你分享日常生活！而且期末特别能捞！吹爆！
187619,2142,朱静芬,2024-01-17 01:14:32,3,4,1,朱老师超级超级好，上课也很好，人也很好，助教gg的人也特别特别好❤
187805,2142,朱静芬,2024-01-17 13:38:50,1,2,1,难得不想睡觉的数学课老师上课很有激情，给分也比较好
188043,2142,朱静芬,2024-01-18 05:24:24,4,5,1,老师讲的是真好，从来没遇到过这么好的老师，对于数学基础不好的学生也十分的友好，至于给分，就这么说吧，我都不知道自己的分数是怎么来的
188192,2142,朱静芬,2024-01-18 11:24:31,8,8,0,事少给分好，yyds
188243,2142,朱静芬,2024-01-18 13:20:15,1,5,4,朱老师上课超有激情，非常具有表演性的动作和手势，只要是愿意认真听课的同学，老师可以很好地抓住大家的注意力，很难走神。朱老师基于课本，讲得很细致透彻；又不拘泥于课本，补充了很多有用的例题和方法，并且循循善诱、思路很清楚。老师课下回答问题也很热心详细。助教哥哥的习题课准备得也相当认真，讲得也相当好。这学期在朱老师手下拿了满绩，下学期已选，果断继续跟着老师混！
188307,2142,朱静芬,2024-01-18 15:17:00,2,3,1,jf老师就是我的神
188463,2142,朱静芬,2024-01-19 04:41:53,1,2,1,女神我爱你呜呜呜呜呜呜呜呜呜被狠狠打捞了啊啊啊啊啊啊上课很好请公主王子放心上
188587,2142,朱静芬,2024-01-19 10:21:03,7,7,0,人特别好，课讲得很好，给分也很好
190463,2142,朱静芬,2024-03-05 03:04:12,0,1,1,太棒啦
191600,2142,朱静芬,2024-04-25 15:40:01,2,2,0,老师讲课很有激情，助教逍遥gg也特别好！！！
191718,2142,朱静芬,2024-04-29 03:26:30,1,8,7,老师已读不回
194299,2142,朱静芬,2024-06-23 07:18:02,4,5,1,上了朱老师一年的微积分课，只想说，您是我的恩师，以此表达我最崇高的敬意
194449,2142,朱静芬,2024-06-24 03:39:42,-1,1,2,老师超级好，上课很有激情(๑•̀ㅂ•́)و✧
194849,2142,朱静芬,2024-06-25 17:09:31,2,3,1,老师很好，我太菜了呜呜呜
194851,2142,朱静芬,2024-06-25 17:12:21,3,3,0,老师超级好，给分也超级好！
194853,2142,朱静芬,2024-06-25 17:14:55,2,4,2,老师平时分给的真好，拿了满绩前来还愿！
194880,2142,朱静芬,2024-06-25 23:37:20,6,7,1,上课除了小测不点名，期末是古希腊掌管捞捞的神，有什么理由不选呢？
194891,2142,朱静芬,2024-06-26 00:49:59,3,4,1,太能捞了！助教哥哥讲的也很好，老师上课很激情这是毋庸置疑的，助教习题课也能学到很多东西！
194914,2142,朱静芬,2024-06-26 02:26:21,3,4,1,古希腊掌管捞捞的神！！！墙裂推荐！
195045,2142,朱静芬,2024-06-26 13:34:38,0,1,1,老师真的超级好，巨捞
195341,2142,朱静芬,2024-06-27 22:45:52,1,4,3,选到就是赚到。
195529,2142,朱静芬,2024-06-28 15:24:20,2,2,0,朱老师上课很有激情，不管是证明还是计算都讲的比较详细（但可能太详细了感觉没时间复习一直在赶进度）。两个助教小哥哥性格反差好大。。。一个好e的感觉另一个好i，不过还是谢谢助教和老师捞我啦！
196235,2142,朱静芬,2024-07-02 11:11:38,2,3,1,教学水平极高
197450,2142,朱静芬,2024-07-15 10:36:59,9,9,0,看到zjf老师给分这么好，隔壁xry的再一次破防了
197475,2142,朱静芬,2024-07-16 09:38:43,4,5,1,好好好
198425,2142,朱静芬,2024-09-09 01:46:02,-14,9,23,讲课主要是读PPT，其实我是喜欢像卢兴江老师那样边讲边写的。\n\n给分无敌，拿满了。
199660,2142,朱静芬,2024-09-27 06:26:27,0,2,2,非常好的老师
199935,2142,朱静芬,2024-10-09 00:39:59,3,9,6,感觉还行吧，查老师评分虚高了吧，我也更喜欢卢姥爷的风格。
200484,2142,朱静芬,2024-10-17 13:56:15,6,7,1,芬芬老师很照顾同学，怕大家在钉钉群里实名不敢发言，还专门建立了qq群让同学们尽情讨论。包给满分的！包给满分的。包给满分的。(重要的事情说三遍)
201817,2142,朱静芬,2024-11-11 02:55:06,0,3,3,老师太好了
201993,2142,朱静芬,2024-11-08 04:00:05,1,1,0,超级棒的老师！微积分的神！
203194,2142,朱静芬,2024-11-18 01:53:55,-2,0,2,讲课非常细致，课堂氛围很轻松😉\n\n还有数学知识以外的东西\n\n必须给满分的呀
203988,2142,朱静芬,2024-11-22 12:55:56,7,7,0,天鹅：终于找到心有灵犀的老师了🦢
204221,2142,朱静芬,2024-11-25 03:48:19,1,2,1,去年学的微积分甲I，学完后最后悔没选她微积分甲II；伟大，无需多言
204609,2142,朱静芬,2024-11-27 04:14:55,-1,0,1,还行吧
204841,2142,朱静芬,2024-11-28 05:51:21,2,2,0,真的神
205825,2142,朱静芬,2024-12-12 06:47:54,0,2,2,必须狠狠地好评！神中神！
205983,2142,朱静芬,2024-12-13 02:35:50,2,2,0,老师真的很好，讲课非常细致，人很活泼，上朱老师的微积分太幸福辣
206968,2142,朱静芬,2024-12-19 01:53:54,-1,1,2,朱老师讲课超级细致又不失幽默风趣，评分也很好，推荐推荐！
208394,2142,朱静芬,2024-12-27 10:40:28,2,2,0,非常棒
208970,2142,朱静芬,2025-01-03 21:35:20,3,4,1,老师，老师，老师😭老师我通宵了几个晚上了，别让我挂求求你了求求你了😭😭😭
209242,2142,朱静芬,2025-01-05 07:30:53,0,1,1,非常非常非常非常非常棒棒棒就对了
209962,2142,朱静芬,2025-01-07 14:44:58,2,3,1,这是真伟大，10分，必须给10分
210125,2142,朱静芬,2025-01-08 07:54:27,1,2,1,神！！！
211127,2142,朱静芬,2025-02-17 00:59:58,9,10,1,讲课超级棒，很有激情，还有各种互动和小故事。还有那个匿名的QQ群也很好，我经常在群里问大佬问题（包括线代的题目）。除了小测不点名，小测完情况不理想还会操心我们的绩点。给分也很好，看历年均绩就知道了
211143,2142,朱静芬,2025-01-11 01:41:36,1,3,2,静芬姐姐我们喜欢你🥰
211148,2142,朱静芬,2025-01-11 02:06:11,2,2,0,讲课好给分好，伟大无需多言！！\n\n本人期中期末考得不错但小测一般，本来没有奢求太高的绩点，但最终成绩出来着实超乎预料了！
211149,2142,朱静芬,2025-01-11 02:06:13,0,1,1,神\n\n海底捞的神\n\n绝世的好老师，讲课很清晰，补充题很准。\n\n女神😭我会永远追随你
211151,2142,朱静芬,2025-01-11 02:14:25,1,2,1,伟大，无需多言！！！
211152,2142,朱静芬,2025-01-11 02:17:37,0,3,3,女神，我真是要夸你了，期中考得不好，最后4.8，女神
211153,2142,朱静芬,2025-01-11 02:17:42,3,5,2,上课清晰有条理，互动频繁且风趣。\n\n作业量少深度高，还有精美PPT。\n\n更赞助教太给力，每周都有拓展题。\n\n期末狠捞暂不论，无人能敌有颜艺。
211162,2142,朱静芬,2025-01-11 02:58:10,0,1,1,朱老师就是神！！！
211189,2142,朱静芬,2025-01-11 03:52:28,1,1,0,静芬姐姐就是捞神！！！而且讲课讲得巨好，平时还会跟我们聊聊家常人很亲和！！不让我们发菜菜捞捞但是人巨捞！！预置了她的课就等着享福吧！！！
211201,2142,朱静芬,2025-01-11 04:08:35,4,4,0,朱姐不愧是古希腊掌管捞捞的神🥰🥰\n\nlz期中不到80，期末堪堪80出头，硬是被拉到了4.2嘿嘿\n\n评分赶紧收敛于10吧
211491,2142,朱静芬,2025-01-11 15:52:16,4,5,1,作为一名新生，朱老师让我明白了什么何为真正的“师之大者”。\n\n教学细致入微，对学生照顾有佳，作业合适给分好什么的我就不赘述了，还是有很多优秀的老师对学生好的。\n\n但是朱老师会为了帮一个学生可能考砸的期末考返校查卷，会安慰一位期末滑铁卢大一新生崩溃的心，会鼓励你下学期继续一起加油…\n\n我的感激真的不是上述文字所能表述的，真的感谢朱老师！！！\n\n10.0是打分的极限，不是朱老师的极限！\n\n永远大爱朱老师！
211606,2142,朱静芬,2025-01-12 04:01:29,1,2,1,很好的老师
211675,2142,朱静芬,2025-01-12 06:53:16,1,1,0,讲课很清晰很有逻辑 给分的神 选到就是赚到
211787,2142,朱静芬,2025-01-12 12:18:42,-4,3,7,满绩了，谢谢朱老师！
212057,2142,朱静芬,2025-01-13 06:51:28,4,5,1,讲的很好，就是有些时候个别ppt放的有点快。\n\n小测，期中期末感觉批卷蛮好的，最后也是快乐的96啦\n\n微甲II还是zjf，赞美
212196,2142,朱静芬,2025-01-13 10:50:12,1,4,3,呜呜呜我太菜了被卡绩了，不怪老师怪我没多考几分，怎么说呢，微积分这种数理课不要太指望老师捞了，都是考几分是几分的课，好好学就对啦
212966,2142,朱静芬,2025-01-15 10:59:00,0,1,1,jfjj讲得特别好！也是真的很捞 期中期末都考垮了还是给我捞到了80+呜呜呜呜呜呜呜微甲2还是jfjj开心！！！
213154,2142,朱静芬,2025-01-16 06:54:22,-22,1,23,本人微积分渣渣，两次小测一次60，一次70，期中86，最后能被捞到4.8，真是爱死朱老师了。
213245,2142,朱静芬,2025-01-16 12:52:18,3,4,1,满绩路过，只点了两次名（小测）
214411,2142,朱静芬,2025-02-02 15:00:48,0,0,0,555
215420,2142,朱静芬,2025-02-26 04:28:50,3,3,0,我只能说全是享受😎
216679,2142,朱静芬,2025-03-20 19:54:32,8,8,0,有一点不得不提：\n\n朱老师的口齿超级清晰，智云即便没有字幕，开两倍速也都能无压力听清每个字。台词功底秒杀绝大部分青年演员
216706,2142,朱静芬,2025-03-21 12:13:08,2,2,0,ppt特别清楚\n\n讲课有条理\n\n给分好\n\n宝藏老师
217914,2142,朱静芬,2025-04-18 02:15:13,3,3,0,想念静芬姐姐了 过去大学里两年遇到过最好的老师
219442,2142,朱静芬,2025-05-27 09:40:09,0,0,0,超级好的老师
220030,2142,朱静芬,2025-06-13 18:24:47,2,2,0,老师再爱我一次，捞捞
220545,2142,朱静芬,2025-06-18 12:29:18,0,0,0,求捞捞求捞捞，平时分请你打高
220933,2142,朱静芬,2025-06-20 11:31:52,-2,3,5,微1微2都是朱老师，全部满绩了，朱老师特别可爱有活力，讲课也很细致，非常推荐！！！
221311,2142,朱静芬,2025-06-23 01:31:10,-1,1,2,jfjj我爱你😘\n\n我是jfjj的狗
221312,2142,朱静芬,2025-06-23 01:39:48,1,3,2,伟大，无需多言
221314,2142,朱静芬,2025-06-23 01:52:33,0,1,1,高分段没有那么捞，但是包不挂科
221324,2142,朱静芬,2025-06-23 03:09:33,0,5,5,数院被过誉的老师之一，感觉除了那几个最差的老师外都比她好，讲课不行，感觉没什么听的欲望，有时候还要拿点名恐吓学生（虽然没签），给分也体感不是很好，期中考班级平均分感觉不如其他班，我还以为会像其他老师一样期中改的严，期末调分，没想到这么求是。我上学期是cjh老师，老师讲得好＋给分不错拿了5.0，这学期在zjf这拿了个4.5还卡绩，我同学在cjj那上学期4.8，在zjf这这学期4.2，可能会捞低分段的人吧，总体来说感觉给分不如其他老师好。结论是，如果预置了zjf可以考虑要不要留，如果是预置了其他老师要换老师建议不要选zjf老师的班。
221346,2142,朱静芬,2025-06-23 04:11:59,4,5,1,低分段捞，高分段比较求是，除小测外基本不点名
221350,2142,朱静芬,2025-06-23 04:14:22,0,0,0,还是捞的
221366,2142,朱静芬,2025-06-23 05:29:40,0,0,0,讲课和给分都很可以了，强推！！
221403,2142,朱静芬,2025-06-23 08:35:17,1,2,1,过誉了，高分段不捞，甚至有些求是\n\n个人认为zjf老师的上课水平并没有查老师的评价这么突出，但她对低分段还是很捞的
221478,2142,朱静芬,2025-06-24 04:14:47,4,4,0,感觉最新的评价是满中肯的，现在的zjf有点求是，我的室友都是djf老师，他讲课也不错，给分应该比zjf好，zjf上课是很不错的
221548,2142,朱静芬,2025-06-24 11:49:20,-4,0,4,讲课很好，高分段也是捞了的，至少我没卡绩非常非常好
221562,2142,朱静芬,2025-06-24 14:11:58,-2,0,2,朱老师上课特别富有热情，在讲台上蹦来蹦去（？）比下面的学生还有活人感，一节课的运动量极大。即使像我这种菜菜上早八也很少犯困。老师上课对数理基础一般的同学特别友好，基本上是手把手带着你做题！\n\n给分是在求是的基础上捞一点，还不错
222041,2142,朱静芬,2025-06-29 07:00:19,0,0,0,上学期还可以，但是这学期开始感觉风格有点变化。。。感觉也不怎么捞了
1492,2167,王何宇,2015-03-22 07:44:51,101,113,12,颜值太好
6205,2167,王何宇,2015-07-12 03:34:31,61,67,6,帅
9441,2167,王何宇,2015-10-27 07:19:08,37,41,4,男神！！
12157,2167,王何宇,2015-12-22 06:06:35,45,48,3,逗的不行
12754,2167,王何宇,2015-12-24 03:15:55,26,31,5,不老男神
14201,2167,王何宇,2016-01-05 09:20:11,20,23,3,讲得好颜值高幽默又亲切
14217,2167,王何宇,2016-01-05 12:14:10,9,12,3,逗的不行
15020,2167,王何宇,2016-01-11 14:12:03,6,9,3,好。。
15452,2167,王何宇,2016-01-14 12:35:47,7,8,1,男神！
16746,2167,王何宇,2016-01-19 01:47:42,-3,4,7,
19261,2167,王何宇,2016-01-23 16:18:47,35,38,3,男神不仅讲的好，而且给分善，不愧我院颜值担当
20849,2167,王何宇,2016-02-02 06:38:01,0,1,1,666
22310,2167,王何宇,2016-03-03 11:46:19,27,32,5,为他搞基
25745,2167,王何宇,2018-12-27 03:49:31,22,27,5,老师太赞了不解释，平时还愿意装装逼什么的也是萌，目前唯一一门满绩呜呜呜爱老师！
26516,2167,王何宇,2016-06-19 15:33:55,7,8,1,你会觉得数学课也能这么有趣\n\n
26786,2167,王何宇,2016-06-21 06:08:19,2,5,3,老师颜值超高，人也很逗，你会觉得数学课也很有趣！
27739,2167,王何宇,2016-06-27 10:28:24,1,1,0,感动啊。
27799,2167,王何宇,2016-06-27 15:27:09,1,1,0,真的好老师良心
27907,2167,王何宇,2016-06-28 04:26:23,0,2,2,66666
28070,2167,王何宇,2016-06-28 08:03:52,31,36,5,数学系数他最萌 段子抖的不重样\n\n人美幽默有内涵给分还巨好\n\n已经不可自拔的爱上了他\n\n是的没错就是这样
28120,2167,王何宇,2017-01-15 05:28:58,17,21,4,每年都说“不会比去年更水”233\n\n老妖毕竟男神，绩点又高，不喜欢都不行\n\n（虽然说实话算法语言是有点太水了……）
28197,2167,王何宇,2016-06-28 08:15:08,2,3,1,不老男神
28599,2167,王何宇,2017-01-12 08:10:24,1,3,2,666\n\n
28663,2167,王何宇,2016-06-28 11:51:48,2,3,1,好听又好玩~讲课讲的很清晰，而且爆笑。给分超好
29345,2167,王何宇,2016-06-29 15:25:05,0,1,1,讲课幽默也很认真。还是很有用的一门课，考试不太难。
30478,2167,王何宇,2016-07-01 16:32:53,17,22,5,算法语言课，段子界大拿，还会讲数学方面的笑话，班上几乎都是数学系的，所以经常会爆发群体性大笑。算法课讲的就是算法，不重编程，期末考试只要能表达清楚算法意思随你怎么写。给分真的超级赞啊啊啊啊啊啊，成绩单中第一个满绩٩(๑´3｀๑)۶，感觉应该上课听了按部就班做作业分就不会低⊙ω⊙   以及！老师又帅又萌，一头小卷毛，简直理想型。
30746,2167,王何宇,2016-07-02 10:57:33,0,2,2,实在是赞的不需要解释！
32011,2167,王何宇,2016-07-05 11:05:40,3,7,4,遇见过最完美的男神老师，处处站在学生的角度着想，人很好很好很热情。\n\n最重要的是。长的帅极了！！！不说是老师里见过最帅的，就算撇开老师这个分类，也是难得的帅哥！！！
32706,2167,王何宇,2016-07-10 17:01:41,-1,1,2,6666老妖
32812,2167,王何宇,2016-07-15 02:11:55,1,3,2,赞赞赞
38993,2167,王何宇,2016-12-20 10:01:10,2,5,3,老妖是我心目中最最最理想的理工男！！！太帅了！！！
46207,2167,王何宇,2017-01-21 02:20:38,8,12,4,有一种老师，叫完美型老师，优点都被你们都说了，我就默默给个10分
47561,2167,王何宇,2017-01-31 06:39:11,0,2,2,看到下学期有别的课跟老妖的课冲突的时候，心痛到无法呼吸
48788,2167,王何宇,2017-03-13 05:11:40,-1,1,2,男神！
48912,2167,王何宇,2017-03-16 07:10:42,1,2,1,老师你去开常微分吧，我是认真的\n\n
51943,2167,王何宇,2017-06-13 23:43:37,0,1,1,科学计算，作为一个非数学系的也上了4，感谢老妖栽培~
52227,2167,王何宇,2017-06-16 06:31:50,4,5,1,社会我妖哥，人壕话不多
52506,2167,王何宇,2017-06-20 14:41:11,-1,0,1,超善良
53702,2167,王何宇,2018-03-13 09:10:39,-60,5,65,上过最烂的课 没有之一
53744,2167,王何宇,2017-06-27 12:57:24,8,11,3,拉到底也没找到一个差评 但是还是有些想说的 仅仅针对算法语言 如果你是冲着给分来的 很好不用看我接下去说的了 但是 如果是数院想学一些计算机的东西 强烈推荐计院的课 很实在 这个课有点浪费你的时间 毕竟一周也有五节课 还会影响你选其他的课 不太划算 有人大概会说 可以学到python啊 确实是 但个人觉得不值得选这门课花那么大的代价 当然了 老妖上课还是有趣的
54288,2167,王何宇,2017-06-29 03:24:27,0,2,2,老妖男神，课讲的好，给分也好，处处为学生着想！
54514,2167,王何宇,2017-06-29 13:00:06,-1,0,1,么么哒
54517,2167,王何宇,2017-06-29 13:03:13,-1,1,2,男神！男神！男神！｛花痴脸｝
55574,2167,王何宇,2017-07-02 02:59:39,3,7,4,这学期上了老妖的算法语言还有优化实用算法，给分都巨不错，被分析实变折磨过的数院人都懂，只有老妖的课期末复习压力不大，出分前还可以和助教argue查卷子。讲道理老妖是数院的良心老师兼男神，上课之余还会灌灌鸡汤讲讲专业前景，在课程群里也和大家谈笑风生。不过据说下学期开始算法语言又要提升难度了，非数院学生没有编程基础或者没有经历过数院考试风格还是慎重啊，毕竟老妖开的还是数学课……不过数院兄弟姐妹们，本科四年不选老妖的课简直是人生一大遗憾啊！
57756,2167,王何宇,2017-07-14 04:04:46,6,6,0,上课很水，复习重点划偏了，考试卷子题目不够正规，说好考试送分结果送不到我这。不过看在教材很有趣和python入门效果不错外，给个9分吧。还有就是能不能不要再出数据结构的题目了，学过和没学过差别还是很大的。
60384,2167,王何宇,2017-10-18 15:19:44,-1,1,2,讲的太快啊啊啊，作业不会啊啊啊啊啊
64556,2167,王何宇,2017-12-25 07:05:18,3,5,2,男神！没话说！圣诞节还给全班同学带了糖果！有一种糖果超搞笑夹心酸的脸都抽在一起了哈哈哈倒是不犯困了！巨帅！贼厉害！好像是说他8岁就自己设计了一个小游戏来着？总之超帅！嘿嘿嘿(º﹃º )
64784,2167,王何宇,2017-12-27 06:22:04,-2,0,2,男神不多说
71208,2167,王何宇,2018-01-28 06:42:36,9,14,5,甲：听说你在浙大教算法\n\n老王：是啊，怎么了\n\n甲：你在浙大教算法居然不给他们讲tensoeflow，是不是有点对不起党国的栽培？\n\n老王：@？@？？……发奋自学了一下午开始讲课
71796,2167,王何宇,2018-01-29 03:19:45,1,2,1,课水， 干货都在扩展的讲义里， 不看就太亏了。 \n\n——算法语言想满绩还是不容易的_翻车的菜鸡
75546,2167,王何宇,2018-03-13 06:47:19,0,1,1,帅
76170,2167,王何宇,2018-03-28 07:55:41,2,18,16,不知道为啥都说男神……老师帅我承认，可是这个给分……难道是前几年给分都很高，到我这级大家都很低才导致我们一个学姐期末考了七十多最后总评硬生生因为正态被学渣们抬到了90+？真的不懂你们说的满绩的人为什么那么多，我们这级满绩没大有，挂科的倒有几个……当然了，确实是大家学的水了点，但是我觉得肯定还是有很多人看了查老师觉得很容易过关才上课不听的吧……
81303,2167,王何宇,2018-07-04 15:23:52,-1,1,2,我爱老妖！虽然性别男。
81304,2167,王何宇,2018-07-04 15:24:23,-1,0,1,老师不错，\n\n但这门课从现在开始可能就不那么水了。想水水过的，要考虑一下了。
81913,2167,王何宇,2018-07-06 13:06:40,-9,3,12,水平一般，上课讲的笑话也挺无聊的
82495,2167,王何宇,2018-07-08 10:37:02,0,1,1,我觉得老妖适合上比较正经的课 优化上的还是很好的 算法真的太差了 我觉得学不到什么 可能是我真的不适合老妖的课吧
82507,2167,王何宇,2018-07-08 11:18:56,2,3,1,妖化实用算法！
88076,2167,王何宇,2018-10-21 15:42:11,0,1,1,听不懂，似乎好幽默的样子
93873,2167,王何宇,2019-05-14 10:28:40,62,66,4,才知道cc98是老妖建的
99853,2167,王何宇,2019-01-25 08:32:51,-2,0,2,老师真的好帅！给分也超级好！上课还超级有趣，真的是数院男神呀！
99956,2167,王何宇,2019-01-25 10:43:54,-1,0,1,贼帅了
99961,2167,王何宇,2019-01-25 10:51:01,4,7,3,为啥我感觉也就正常给分......你们觉得呢
100042,2167,王何宇,2019-01-25 13:10:24,-1,0,1,讲的很硬核，但是给分好啊
108264,2167,王何宇,2019-05-18 11:46:05,-42,5,47,张庆海的舔狗
112542,2167,王何宇,2019-07-04 17:20:28,-1,0,1,....
112909,2167,王何宇,2019-07-05 10:25:58,-1,1,2,优化这门课本身教学内容还是有点难的，但是被老仙讲得特别生动。最后考试也很替学生着想，复杂的都划掉了。给分看均? 就知道啦啦啦啦～
120457,2167,王何宇,2019-12-09 03:05:11,-1,0,1,赞?
120736,2167,王何宇,2020-01-16 04:16:15,0,1,1,男神！
122345,2167,王何宇,2020-02-25 00:50:52,0,1,1,10分不解释好吧
127626,2167,王何宇,2020-11-25 05:52:14,0,3,3,老妖上课有点水，但是很帅
132241,2167,王何宇,2021-01-31 08:04:03,0,2,2,王何宇男神！！！爱了！！！上课幽默风趣 群里和大家打成一片 给分又好又帅！！！为什么不能打100分？（听说98前身是他个人答疑网站真的惊了哈哈哈）
132657,2167,王何宇,2021-02-03 07:17:09,4,7,3,老师人很好，印象中好像90%的课都是穿着小西装上的哈哈哈(奇怪的关注点)。虽然上课之前一直在强调自己的课很硬核，劝数院以外的同学退课，但是一学期上下来感觉老师还是很仁慈的。具体上课的话，就还行，对新手挺友好的，有给Linux安装和使用教程，(也没有强制使用(可以用vscode)，平时上课也会带着大家写写C++。考试之前也会说明考点。(水平中等偏上的同学可能会觉得老师讲的比较简单，需要自己加一些难度？)，但是老师人格魅力无限！
135767,2167,王何宇,2021-05-24 11:51:20,1,3,2,哦吼98
139429,2167,王何宇,2021-07-15 11:56:05,-2,0,2,海妖yyds！
140459,2167,王何宇,2021-09-12 10:18:53,-2,1,3,好老师真好
146175,2167,王何宇,2022-01-05 15:35:32,11,16,5,上午考完，晚上出分，属实牛逼\n\nds讲的很好，还额外介绍了许多学习方法和现代学习工具（不点名好评）\n\n\n\n期末第一题答案1919810开幕雷击（逃
147074,2167,王何宇,2022-01-08 14:59:21,2,3,1,能活！
151609,2167,王何宇,2022-03-09 09:23:24,3,4,1,😍😍😍😍😍
154697,2167,王何宇,2022-06-03 14:58:20,12,14,2,我爱死何宇先生了🤤\n\n线代还没考，先来贷款评个分\n\n来上课之前就听说线代难书又很抽象\n\n但是上他的课没怎么感觉到\n\n（除了有点困\n\n前面会讲比较慢\n\n并且会用python等工具辅助教学\n\n告诉你一些本质的东西和一般套路\n\n一开始作业量有点大 后面很快就有调整\n\n平时分公开透明豪爽地我都不好意思\n\n老师帅死了 那天戴个墨镜像迈克尔杰克逊\n\n号称数学不好 人文素养倒很好 不愧杭高er\n\n关心同学 热爱伯爵拿铁 同学们放心选\n\n(疯狂狗头
155708,2167,王何宇,2022-06-15 09:13:18,0,2,2,非常好
158620,2167,王何宇,2022-06-30 18:55:56,39,45,6,数学软件我真的上崩溃了，老师很好，但是我真的不知道多少年脑血栓才能想出让大一大二大三一起上这个课，你哪怕分个班呢？大二大三轻轻松松就水过去了，大一的我天天晚上两点睡还是破防。高等代数数学分析这些硬课我都痛苦过，但是数学软件，我现在是哭着打下评论。
159138,2167,王何宇,2022-07-06 15:50:09,-1,0,1,好好好
159293,2167,王何宇,2022-07-11 03:27:10,4,9,5,数学软件讲的内容在很有用（很羡慕能在上ds之前先上数学软件的学弟学妹）
159403,2167,王何宇,2022-07-16 10:55:30,-47,6,53,大一，喜提满绩，作业及其水。\n\n不像上面的说的那样，只要会正常玩电脑，老师上课听一半，自己下面看一看那几个资料就足够了
160999,2167,王何宇,2022-10-23 16:13:13,9,10,1,大一暑假，为了填补期末考试与另一门短学期课程的空白选了数学软件。上课的那几天累成狗，之后慢慢回味才发觉这可能是来浙大之后上过的最好的课了。教的知识都很实用，给分又特别好，虽然学习强度可能大了一点，但是这并不妨碍这门课的优秀。快选！
162324,2167,王何宇,2022-11-20 05:27:10,3,6,3,ds破防人到此一游
163360,2167,王何宇,2022-12-13 15:31:11,0,2,2,偏微分上课听不懂 \n\n最终还是走了当时王老师上课自谦\n\n说的自学方法「鈔書」的道路\n\n在抄“分离变量法”时竟然找回了当时你讲\n\n向量空间和线性空间时的那种\n\n数学的宏伟贯通感 \n\n\n\n我好崇拜王老师\n\n感觉我的命数和你有\n\n那么一点点的「暗合之處」\n\n我要加油！
165626,2167,王何宇,2023-01-09 04:59:57,7,10,3,ds还不出分，助教gg让我好折磨，我胆小我不敢直接问😭
169632,2167,王何宇,2023-02-27 08:07:49,16,18,2,微积分乙助教们好认真，强烈推荐！
171003,2167,王何宇,2023-03-14 03:16:46,17,19,2,打个8分吧，上课节奏太快了还喜欢扯东扯西，讲真单论上课老师水平不太行...作业对个人能力提升很大，不过要花不少时间。不过胡双助教哥哥真的好耐心啊！给助教giegie打call！老师给分其实还是很好的～
174741,2167,王何宇,2023-06-16 13:02:36,1,5,4,王重阳！！！
178953,2167,王何宇,2023-08-05 06:02:50,-3,0,3,数据结构和算法值得一选
181866,2167,王何宇,2023-11-02 16:46:34,12,16,4,祝cc98创始人生日快乐！
181870,2167,王何宇,2023-11-03 02:35:32,1,5,4,cc98
184385,2167,王何宇,2023-12-18 12:38:45,-1,3,4,好老师！
190979,2167,王何宇,2024-03-27 07:56:30,-4,2,6,作业太多\n\n长得太帅
193018,2167,王何宇,2024-06-02 13:40:01,6,10,4,不知道王老师小学二年纪经历了什么
193608,2167,王何宇,2024-06-13 23:36:29,-2,2,4,老家伙人虽然时常卖现挂，人还是很不错的
194421,2167,王何宇,2024-06-23 22:01:05,1,3,2,伟大不必多言。坐标微乙下，虽然他平时讲课很难听的下去，也不点名，去听的人越来越少（不过lz是全勤，暂时没有养成逃课的习惯😂）但是，期末他是真的捞啊，我所有题目都知道思路，能写，但是都算不出答案，甚至还有几题完全算错了，我差点以为我要2开头了，没想到都能被他捞上4.2，真的比我预期好了特别特别多，微积分上期末的时候是我感觉都写出来了，但是错了几题，最后87，微积分下期末是我感觉都写不出来，但是拿了88，why就是我的神😍😍😍😍😍
202186,2167,王何宇,2024-11-10 12:47:40,-21,14,35,老师讲的很好，但是有一位助教态度极差\n\n我都来上这门课了，他当我是计算机系大四的吗？\n\n查个成绩都要专门写个程序，让别人都看到他极高的编程水准\n\n其让人感到匪夷所思的加密水准让人很难不怀疑他是不是曾经有过成绩自卑情结\n\n同学们之中有人不懂的东西比较多，他都可以义正言辞的问“我是不是可以认为你没有思考”\n\n装b装到钉钉群里，让人怀疑他是不是经常被装b犯突脸\n\n只能说王何宇gg还是对助教品行把把关吧
202817,2167,王何宇,2024-11-14 13:57:30,10,20,10,首先我觉得黄wc助教的品行并没有问题，黄wc学长确实是很厉害的一名学长，似乎本身就是OI的银牌，并且拿过ICPC EC Final金，所以我不知道楼下那位成绩自卑情结从何而来。其次对于ds这门课，本身确实是需要很多的思考，这与数院众多课程是不一样的，提问也有很多艺术，如果提问的东西本就是网上随意能查到的或者问GPT就能得知的，那这种提问确乎没有什么意义，我不觉得这是一种不负责任的表现。还有就是，这门课很多入门的东西，并不是计算机大四学生才掌握的东西，恰恰相反是很多很早就需要具备的基础知识。关于hwc学长制作一个查分的程序，我也不懂你为什么会有这么恶意的想法，反而我觉得这在ds课上是一个很有特色的东西，虽然称不上非常有趣，但是遭到你这么歹毒的评价也是有点始料未及。\n\n\n\n扯远了，王何宇老师讲课很风趣幽默，十分好评！
205089,2167,王何宇,2024-12-01 08:46:40,-12,8,20,下面评论助教品行不行的，送你四个字，菜就多练
207085,2167,王何宇,2024-12-19 07:37:31,-6,5,11,满昏！个人感觉收获很大的一门课
212285,2167,王何宇,2025-01-14 00:40:03,2,5,3,宝你不是说10号登分吗🤡
212416,2167,王何宇,2025-01-14 03:21:50,5,6,1,云里雾里
212420,2167,王何宇,2025-01-14 03:29:36,-10,1,11,楼下说助教问题的，我只能说菜就多练，输不起就别选
213275,2167,王何宇,2025-01-16 15:05:23,1,2,1,老师人挺好，讲课比较风趣幽默，虽然我的分不是很高还是觉得给分不错了，不过跨专业选手还是慎重考虑一下他第一节课提到的劝退问题，本人计算机相关的能力比较差，虽然这门课比较水，还是学的很痛苦......
214896,2167,王何宇,2025-02-19 03:09:20,0,4,4,好老师666
220505,2167,王何宇,2025-06-18 10:05:52,4,6,2,为什么说数学软件是神？\n\n给不想学的同学充分的摆烂空间\n\n同时也给想钻研的同学充分的钻研空间\n\n\n\n数学软件（×）\n\nC程序设计专题，面向对象的程序设计（✔️）
220530,2167,王何宇,2025-06-18 11:35:37,5,5,0,数学软件不赖🥵🥵🥵
220608,2167,王何宇,2025-06-19 01:43:11,3,3,0,今年的数学软件就是神，不点名给分全看作业，(到课率实在感人，100个人的班没哪次多于20个人，去了的基本也是拿笔记本搞作业)有那个心的话不带电脑到教室听挺舒服的，正确使用ai可以很容易完成作业的附加项目，听说明年开始要加小测和期末了
220861,2167,王何宇,2025-06-20 07:27:37,2,3,1,今年的数软神中神中神
220869,2167,王何宇,2025-06-20 08:29:46,3,3,0,强烈推荐数学软件，老师幽默风趣，如果想听课可以去教室学到有意思的观点，如果不想听课，自己学也完全OK，项目和平时作业都很有价值，也鼓励大家用AI来学习和辅助作业
221096,2167,王何宇,2025-06-21 08:31:12,1,1,0,感觉数软最大的帮助是让我学会怎么使用ai，一些项目管理的习惯、论文、命令行相信以后也都会有用。lz和认识的上这门课的uu都是满绩。如此好课怎能不爱！
1903,2195,阮火军,2018-12-25 10:56:30,14,23,9,基本是书上的逻辑，课后作业比较多。老师很儒雅~课后题也会课上讲，能学得到思路。
6087,2195,阮火军,2015-07-10 19:44:46,-1,3,4,讲得好，帅！
8888,2195,阮火军,2015-09-29 16:24:59,9,15,6,很细，不懂的地方都会解释清楚。
13629,2195,阮火军,2015-12-30 06:55:49,1,3,2,还不错
15213,2195,阮火军,2016-01-12 15:59:48,0,2,2,很规矩的讲课方法…
16211,2195,阮火军,2016-01-17 13:31:59,0,2,2,老师还可以，我上课总是走神只能怪自己喽〒_〒
17460,2195,阮火军,2016-01-20 08:49:44,3,4,1,呃呃呃
17766,2195,阮火军,2016-01-21 00:40:36,3,5,2,讲的非常清楚，思路有的时候和课本上也不一样，总能把课本上的逻辑点提炼出来
19799,2195,阮火军,2016-01-25 09:37:06,12,25,13,老师超级好，和前排混的很熟\n\n
20768,2195,阮火军,2018-12-22 16:39:31,-88,12,100,讲的差 给分差 数学系奇葩
21775,2195,阮火军,2016-03-01 05:44:38,9,13,4,老师是个好老师，讲课很细，会挑一些比较难的作业题讲。但老师给分比较严格，没有很强的实力拿不到好分数。
30160,2195,阮火军,2016-07-01 04:12:41,-2,3,5,好人，上课讲习题
34025,2195,阮火军,2016-09-26 02:02:03,1,3,2,长得好萌
39927,2195,阮火军,2016-12-28 07:52:23,-3,2,5,分析基础全部按照书上的思路，像我这样的渣渣会很喜欢，不过大神估计要睡觉了
40773,2195,阮火军,2017-01-05 11:02:09,2,3,1,老师很认真！
44603,2195,阮火军,2017-01-18 04:06:20,1,2,1,能学到知识，不过考试和作业好像没什么关系……考完数分好像感觉白学了...
45803,2195,阮火军,2017-01-20 06:19:35,0,2,2,老师讲课很细致，真心推荐！
46197,2195,阮火军,2017-01-21 01:55:53,3,6,3,老师萌萌的人很好 考试内容特别简单但是对细节要求很高 好好写证明过程成绩不会差
46745,2195,阮火军,2017-01-22 09:09:03,3,4,1,很好的老师
49622,2195,阮火军,2017-04-20 14:13:46,-7,3,10,讲得什么鬼
55511,2195,阮火军,2017-07-01 16:43:17,-18,7,25,我怀疑老师从不给满绩的，我真的已经学到头了，也尽力了，还是这样。不高不低的成绩很难受
66037,2195,阮火军,2018-01-11 06:24:26,5,5,0,老师上课思路很清晰，对学生很负责，能清晰地回答出同学们的问题，下课后还会和留下来的同学交流沟通，真的很棒。而且老师很亲切，很有礼貌，没有高高在上的架子。我还没有考试，还是挺客观的，当然最后没考好也跟老师没关系，怪我自己不够努力
66039,2195,阮火军,2018-01-11 06:27:07,3,3,0,虽然听不懂，但是觉得严格的老师多半是对学生好的
71770,2195,阮火军,2018-01-29 02:56:51,3,3,0,老师非常负责，上课的思路非常清晰，不可多得的好老师!
71794,2195,阮火军,2018-01-29 03:17:29,6,6,0,分析基础：\n\n上课会补充更多的细节， 扩展更多的内容。 课下也认真答疑， 补充内容， 很乐意与学生交流， 给分也很不错。 分析基础是很值得认真学习的大课..  遇见这样的老师是非常幸运的
72231,2195,阮火军,2018-01-29 15:06:01,6,7,1,老师分析讲的很棒！证明思路讲的很好！不过卷子判的比较严格，大家还是要多磨炼证明的严谨性
84048,2195,阮火军,2018-07-12 02:35:38,1,2,1,老师的实变讲的可以说很好了，也不赶进度，每节课大多数内容都能听懂。最后考试也会尽可能抬大家一手，活菌超棒。
84071,2195,阮火军,2018-07-12 03:13:48,3,3,0,老师真的很好，很朴实，跟同学保持很亲近的关系，讲的很仔细，最后出题也尽量让我们好拿分，但是实变真的太难了！！！我这个渣渣勉强过了。。。
86772,2195,阮火军,2018-09-18 13:42:47,8,15,7,今天上了阮老师的课，我大一新生选的分析基础，问了老师，老师让我赶紧退了，要不然会不及格，就冲这救命之恩，10分都不够，有100分都打给你！！
99369,2195,阮火军,2019-01-24 15:36:38,7,10,3,老师人是真的超级好，讲课水平也很高！不管最后结果如何我都给这十分！当然我内心是希望调调分的...老师给数院学子灰色大二加点色彩吧！！！
100475,2195,阮火军,2019-01-26 07:32:37,4,7,3,真的绩杀啊
100481,2195,阮火军,2019-01-26 07:40:52,4,6,2,绩杀了好难受
100484,2195,阮火军,2019-01-26 07:42:27,1,3,2,讲得非常详细 老师十分可爱(๑• . •๑)
100500,2195,阮火军,2019-01-26 08:12:22,-3,6,9,阮老师是我遇见过最好的老师之一了，他人特别好，微信群里有什么问题他都会耐心解答。老师也在努力让我们绩点高一点了，期中考的不是很好，对期末影响不大的。那些说老师绩杀的人不如考虑一下，自己在这门5学分的大课上花了多少时间，期末考试已经不是很难了，批卷也很松，85分基本都是书上原来的定理，这都不会做还怪老师。
100514,2195,阮火军,2019-01-26 08:36:45,2,5,3,老师上课讲的很清楚很有耐心，人超级好给分超级棒
100518,2195,阮火军,2019-01-26 08:39:06,1,3,2,听老师的课是一种享受！
100618,2195,阮火军,2019-01-26 12:11:20,2,4,2,老师讲课讲得很清楚，很详细。而且还会建微信群反馈作业情况，回答问题也很积极，很负责。认真学期末给分也很好。非常高兴分析基础能遇到老师。妥妥10分。
104268,2195,阮火军,2019-03-15 10:48:10,1,3,2,很开心，很开心，很开心，互动感觉特别爽，两节课一直在不停思考，老师很随和啊，上课听不懂都可以问，超级棒的。
113592,2195,阮火军,2019-07-07 00:41:23,4,7,3,老师上课讲的很清楚，实变期末考试基本都是书上的定理和原题，但是不知道为什么成绩比预计低特别多，感觉也比其他平行班的同学要低，可能是老师对细节的要求比较高？或者是用了什么调分函数。总之实变这门课最后的成绩感觉有点对不起自己一个学期的努力，只能说老师给分比较严格了，呵呵
113623,2195,阮火军,2019-07-07 01:23:23,1,4,3,(实变)老师我爱了！上课讲得很详细，作业比较难的题会挑出来在课上讲，人特别随和特别好，期末考题基本都见过，认真努力成绩不会差！
113709,2195,阮火军,2019-07-07 05:21:41,-1,4,5,虽然他让我均绩直降0.06，到我还是要给他十分！好老师，很亲切讲课也清晰，一点架子都没有，可能是实变本来就很难吧，考试要把证明步骤写清楚，不能假写了
113777,2195,阮火军,2019-07-07 12:06:12,5,5,0,讲课不会让人犯困。考完我向老师问哪里错了，老师把每处错误和分析都发了我，好长一段话。公正严格。
131289,2195,阮火军,2021-01-27 03:34:28,5,6,1,老师是好老师\n\n但是给分好低\n\n实变和泛函都是1. 5飘过\n\n（也可能是我真的很菜很菜，老师还在捞我吧，但绩点确实有点出乎意料\n\n还是给十分\n\n数院学子加油鸭
137138,2195,阮火军,2021-07-01 11:59:47,6,6,0,老师，菜菜，捞捞，呜呜
137177,2195,阮火军,2021-07-02 02:33:12,1,2,1,我知道都是常规题，我只是不会做而已。\n\n第一个评分献给捞捞😭
137553,2195,阮火军,2021-07-05 07:04:40,6,10,4,上课只照着PPT读。
137556,2195,阮火军,2021-07-05 05:34:43,17,28,11,太烂了想要绩点的快逃，一堆一点几二点几的比别的班普遍低多了。真吐了，要不是预置谁上这nt的课
137572,2195,阮火军,2021-07-05 06:50:12,7,13,6,老师课程讲的很好，上课很激情。给分很求是\n\n言外之意就是老师不会捞人\n\n如果自己基础不是很好的话，去jhy班可能更好一点\n\n（我当初为什么要换jhy的预置）
137573,2195,阮火军,2021-07-05 06:56:38,25,44,19,给分比别的老师低1左右，数分基本没有上4的，一堆2以下的
137587,2195,阮火军,2021-07-05 07:54:15,11,14,3,私下问他题目看得出老师是很有水平的，不知道为什么上课基本没人听得进去，最后这给分对不起老师也对不起学生
137603,2195,阮火军,2021-07-05 09:32:31,3,7,4,老师上课比较直接抽象，给分非常求是，均绩直降0.34……\n\n但是是一次警钟吧，以后会更认真
137611,2195,阮火军,2021-07-05 09:37:48,-17,8,25,我室友4.8
137614,2195,阮火军,2021-07-05 09:52:16,-3,2,5,老师讲课很清楚，给分可能改卷严一点
137690,2195,阮火军,2021-07-05 15:31:25,-5,9,14,抛开给分这种利益关系不谈，单从老师讲课来说，我觉得老师讲课是很用心的。你可以看到老师时不时会纠正他之前板书的错误或者修改写得不清楚不严谨的地方，可以看出老师也在一边思考。虽然大多数时间用于推导定理，题目做得比较少，听起来挺抽象，但解决了很多我之前只能感叹“这就是数分的魅力吧”的问题。某些人说讲得不好，呃呃……请不要把自己的无知推到老师头上，不要听不懂或者根本就没听就说老师讲得不好。民科还反相对论呢不是吗
137744,2195,阮火军,2021-07-06 03:02:44,24,39,15,上课就按照书本定理一道道例题抄下来，没有什么扩展内容，给分还贼烂，学出来还比上学期数分成绩低了1个绩点。要学数分2的同学快逃！
138252,2195,阮火军,2021-07-08 07:21:03,14,20,6,“班级之间有差异是很正常的”
138546,2195,阮火军,2021-07-09 16:44:43,12,19,7,真的无语了，自己教的没别的班好，批卷子还严，最后报复式地给所有人打了低绩点
138582,2195,阮火军,2021-07-10 02:29:31,21,30,9,数分2，大家心里都有数，几个平行班就你一个什么都不调，不知道怎么评价
138584,2195,阮火军,2021-07-10 02:32:33,4,9,5,数学分析二，讲课不好给分也不好，你凭什么九分？
138800,2195,阮火军,2021-07-11 02:07:25,-19,8,27,老师讲的很好，非常认真负责，关心同学。数分二强烈建议选择阮老师，其他对于给分低的评价大部分是个人问题。
139003,2195,阮火军,2021-07-12 07:11:14,-7,18,25,说实话老师调分是情分 并不是本分\n\n不调分也无可厚非\n\n绩点说到底还是用自己的实力来说话的\n\n之所以反响那么大 主要不是因为老师给分低\n\n而是其他几个班的老师进行了调分 给分高了一些\n\n又或许是你问绩点的人本来就学的好 所以绩点高\n\n怎么直截了当地开始怪罪老师了啊\n\n如果都是低分估计也没人会来这里这样骂\n\n数分二难度摆在那边\n\n与其指责老师 不如反思自己提升硬实力\n\n什么均绩比别的班低很多…\n\n很多都是主观臆测的 也有人拿到了3.9 4.2以及以上的成绩 \n\n绩点这件事 平时喊老师捞啥的都是开玩笑的吧\n\n主要还是靠自己努力的 老师给你调分了 你会从1.8 2.1或者2.4蹦到3.6 3.9？ 或者说可以从3.3 3.6跳到4.2 4.5？\n\n大部分原因都是在自己身上的吧 来指责老师其实挺病态的…\n\n（所有没有表现出批评老师的倾向的评论都被踩了 说实话这个也挺离谱的 斤斤计较真没啥意思…）
139280,2195,阮火军,2021-07-14 04:32:34,8,9,1,数学课就全靠自学，得分全靠运气，调分全看老师，建议大家选得分高的老师(9.8+的)，一般都会调分，但是火老师不会调
139298,2195,阮火军,2021-07-14 05:57:08,4,5,1,上课念书，给分太低
139377,2195,阮火军,2021-07-15 02:11:30,26,32,6,老师上课有点催眠，如果对自己数学分析能力不自信的话建议不要选这个老师，像我这种菜鸡全靠自学只有1.8（差点退院），当然有能力的话还是可以很高的，总之就是量力而行吧，别指望老师给你调分
139705,2195,阮火军,2021-07-20 13:43:12,6,7,1,多谢老师没给我挂掉...可惜终究是自己太菜了，数分1.5终究是退院的最后一根稻草
139893,2195,阮火军,2021-08-12 09:33:34,7,10,3,绩杀 读课本 别选
139909,2195,阮火军,2021-08-17 07:59:10,7,7,0,上学期上zzy的课，这学期的课。。。不能说有点差距，是差距太大了。
141381,2195,阮火军,2021-10-04 06:54:12,1,4,3,呜呜呜我觉得rhj超级好 非常关心同学 也很有水平
144691,2195,阮火军,2021-12-23 07:30:02,-5,5,10,个人感觉老师讲得还可以，虽然不调分，但是数分这种课程就是需要多学多花功夫，而不是靠老师捞，稍微认真一点应该成绩不会很不好看，4.5飘过
144829,2195,阮火军,2021-12-25 04:22:38,1,3,2,不多说，十倍根号x
145989,2195,阮火军,2022-01-05 02:28:44,2,3,1,老师的板书非常清晰，很适合我这种什么都不懂的“伸手党”。
146009,2195,阮火军,2022-01-05 03:53:24,87,95,8,我好想做被火老师捞上岸的🐕啊。\n\n可是火老师喜欢的是🐱，我哭了。\n\n我知道既不是🐕也不是🐱的我为什么要哭。因为我其实是一只🐀。\n\n我从没奢望火老师能给我调分。我明白的，所有数分老师都喜欢理解余裕上手天才的卷卷的🐕🐕或者🐱🐱，没有人会喜欢积不出来的🐀🐀。\n\n但我还是问了火老师：“我能不能做一条被你捞上岸的🐕？”\n\n我知道我是注定做不了被火老师捞上来的🐕的。但如果火老师喜欢捞的是🐕，我就可以一直在及格线边上看着火老师了，哪怕他捞的永远都是🐕。\n\n可是火老师说他喜欢的是🐱。\n\n他现在还改着我的卷子，还在安慰我挂科不容易，是因为满绩的🐱还没有出现，只有我这🐀每天蹑手蹑脚地从宿舍的床上爬出来，远远地和火老师对视。\n\n等他喜欢的满绩的🐱🐱来了的时候，我就该滚回我的洞了吧。\n\n但我还是好喜欢火老师，火老师能在我还在竹园的时候多看我几眼吗？\n\n火老师说接下来的数分2也要和大家一起过。我不知道大家指哪些人。好希望这个集合能对我进行一次胞吞。\n\n🐱🐱还在害怕着火老师不给满绩。\n\n我会去把🐱🐱引来的。\n\n我知道稍有不慎，我就会被🐱🐱卷死。\n\n那时候火老师大概会把我的成绩单和我的身子好好地装起来沉到启真湖底吧。\n\n那我就成了一包鼠条，嘻嘻。\n\n我喜欢火老师能把我沉得浅一点，因为我还是好喜欢火老师。会一直喜欢下去的。\n\n我的灵魂透过窗户向里面看去，挂在火老师衣领上的话筒在轻轻呜响，火老师满面笑容地站在黑板前。表现得听懂了的🐱正坐在讲台下。🐱热烈的目光照在火老师的脸庞，我冻僵的心脏在启真湖底里微微发烫。
150812,2195,阮火军,2022-02-19 01:46:06,5,5,0,绩杀我哭了
151060,2195,阮火军,2022-02-22 12:03:44,0,4,4,火老师人还是好的，就是不调分，之前打分错了，我重新打一个
151470,2195,阮火军,2022-03-04 04:50:29,0,2,2,讲的认真
154553,2195,阮火军,2022-06-02 06:12:40,0,4,4,很喜欢，数分1给分很好
157422,2195,阮火军,2022-06-23 07:46:36,-36,2,38,说绩点比别的班低的真的只是自己不努力学，自己菜。这个学期成绩98绩点5。老师教的不错的
158393,2195,阮火军,2022-06-29 03:05:17,-1,1,2,火火~~~我的火火~~~呵呵呵呵呵
168714,2195,阮火军,2023-02-21 10:45:17,8,8,0,火老师儒雅和蔼，上课非常注重基础，会仔细证明书上的定理，对普通学生比较友好。讲课清楚，也会认真回答同学的问题。唯一的缺点可能是有点催眠（但感觉能把数学课讲的很有趣的老师也没有几个
168783,2195,阮火军,2023-02-22 07:35:09,3,4,1,老师讲课非常认真，非常有激情并且很投入，答疑尽心尽力，但火火来浙大只做三件事，求是，求是，还是tmd求是，对绩点比较在意的建议去jiahy老师班上（鼠鼠我啊，被火火干碎辣）
168791,2195,阮火军,2023-02-22 08:37:57,6,7,1,认真评论。\n\n大一刚进来，对数分（H)没什么概念，尤其是一个概念的表述从文字变成了符号的时候，纷繁复杂的概念给我的冲击还是比较大的。也算学得比较迷吧，两次小测，共计在总评中占比百分之二十，我呢70+70，反正就感觉这门课学起来没什么感觉，心里总是空空的，不踏实。\n\n火老师对于概念的讲解是非常到位的（尽管我承认火老师讲课很催眠）。我没有上过数分（H)另外两位老师的课，但在我看来火老师讲得已经很到位了。另外，火老师人品很好，感觉有一种大师风范，彬彬有礼的那种。他讲解问题也很有耐心，会很认真地答疑，即使你问他一个很简单的问题。
168989,2195,阮火军,2023-02-24 02:41:52,0,1,1,上的数分1  给分还是可以的，而且上课讲的很细腻，主要还是要自己课后努力
169229,2195,阮火军,2023-02-25 01:26:05,1,1,0,上课讲得很仔细，思路很清晰，偏爱讲证明，补充内容较少；人也很好，很有耐心，很认真的解答学生的问题；给分好像挺正常的（？）总之如果基础不好可以试试火老师，但是如果思维比较活跃可能会觉得无聊
169912,2195,阮火军,2023-02-28 11:05:10,0,1,1,火火~
170922,2195,阮火军,2023-03-12 12:40:06,0,1,1,好老师！！！上课不紧不慢，对基础较弱的同学很友好，很耐心地回答问题，很负责任，板书也很清晰，期末成功被捞~~
171744,2195,阮火军,2023-04-04 00:46:53,0,1,1,火老师我的神哇哇哇
174207,2195,阮火军,2023-06-07 11:30:53,0,1,1,火老师对于分析的理解真的很到位，讲得特别好，大师风范。
176697,2195,阮火军,2023-06-29 17:57:40,4,6,2,虽然我分不是很高 自己的原因啦，但是感觉老师真的挺好的，上课很清晰都是一直顺着下去的，好几次去答疑问问题老师都很认真地回答，很喜欢火老师！
176715,2195,阮火军,2023-06-30 00:28:06,5,7,2,火老师啊，我爱你啊。一天不做淑芬，想死你啊。嘻\n\n不多说，10分
184861,2195,阮火军,2023-12-23 13:57:15,0,0,0,好老师！！
187156,2195,阮火军,2024-01-15 00:27:13,1,3,2,谦虚细心的好老师
187233,2195,阮火军,2024-01-15 08:45:41,6,10,4,期末被火神捞上及格线，特来感谢。
187248,2195,阮火军,2024-01-15 10:06:26,3,6,3,火老师上课真的很认真很儒雅并且我这种菜菜也能听懂🥺可惜数学太烂听懂了也不会做题TAT不过期末还是成功被捞上来了😇非常感谢火老师！！
187328,2195,阮火军,2024-01-15 13:18:24,6,8,2,火老师啊我爱你啊，讲的非常好，很有大师风范，期末海底捞给哥们儿这种菜狗捞及格了，感谢火老师，恩情一辈子不能忘！
188381,2195,阮火军,2024-01-19 01:21:24,4,8,4,23级数学分析H\n\n老师自身水平还可以（比起数院来代课的老师），但给分很求是，尤其是成绩中位的学生，感觉还不如裸绩求绩点。低分段会捞，但也有不及格的。高分同学根据往年经验可以拿到比较好的分数。\n\n很多身边期末考完感觉至少4.2的，出分一圈都是3，不知道是不是老师证明扣太严格\n\n小测和签到对综评基本没有帮助，期末60％会直接斩杀\n\n比较难绷的是高烧还要我去上课
188658,2195,阮火军,2024-01-19 13:11:22,0,0,0,上课幽默，板书美炸，答疑耐心，随手打捞起了我hhh很好的老师
189185,2195,阮火军,2024-01-22 09:30:50,3,7,4,火火老师的数分I。\n\n就个人体验来说板书写的一级棒，声音挺洪亮，中间走神了看板书也基本能追回来，讲的过程会给我一种我懂了的感觉，虽然题还是不会，但那是我的问题XD。\n\n有两次小测，对我来说都挺难的，每次都在均分以下，好在期末考试为了捞人难度有下调。特别提醒老师在小测前是一定会点名的不要翘！！\n\n最后期末考试提醒大家记得复习讲课过程中定理的证明，这次考了好几个。
189822,2195,阮火军,2024-01-30 08:24:26,-2,8,10,数分其他老师都能选的情况下，不建议rhj\n\n人还好，就是不调分\n\n（线代感觉爆炸最后还有4.2，数分直接3.9成为我最低的科目。我寻思裸分都比这个高？？？（平时小测基本拿满））\n\n老师是很有水平的而且认真负责（备课的稿纸密密麻麻），但不知道为什么听得进去课的人不多。最后给分感觉对不起许多平时很努力的同学。
189967,2195,阮火军,2024-02-04 08:29:56,1,3,2,已读不回
190649,2195,阮火军,2024-03-13 05:46:20,6,7,1,和jhy没法比
195075,2195,阮火军,2024-06-26 17:09:28,1,1,0,捞捞，伟大，无需多言。\n\n正如前人所说，老师上课证明很详实，语音很富有激情。
195100,2195,阮火军,2024-06-26 20:53:06,0,2,2,对差生不友好，别选！
200891,2195,阮火军,2024-10-24 06:16:52,4,4,0,小测才点名，他真的，我哭死
203680,2195,阮火军,2024-11-20 12:33:31,0,4,4,淑芬1rhj，3.9\n\n淑芬2贾hy，5，0\n\n私以为淑芬2投入比不过淑芬1（因为混合CS大一下培养方案比大一上忙很多）\n\n不多说了，有点南平
208142,2195,阮火军,2024-12-26 02:19:20,1,4,3,讲课很水，最后一节课还要点名，给分糟糕，避雷
210718,2195,阮火军,2025-01-10 02:22:12,5,5,0,讲课很好，就是小测和最后一次课点名。今年给分超好！力推我火哥！！！！！
210727,2195,阮火军,2025-01-10 01:21:30,1,3,2,好评10分！数分4.8拿下！
210731,2195,阮火军,2025-01-10 01:28:20,1,3,2,首先有点愧对老师，这学期都没有好好学数分，就期末学了一两天居然有4.8。感谢老师捞我
210739,2195,阮火军,2025-01-10 01:41:03,5,5,0,期末出分前来感谢老师🫶🫶🫶\n\n数分感觉付出和收获是成正比的，老师板书容易跟上进度，🔥老师今年给分也超好！我爱🔥老师😭
210744,2195,阮火军,2025-01-10 01:44:37,2,3,1,点名三次 两次小测和最后一节课\n\n今年改过自新了 改卷海底捞 选 rhj 不亏！
210764,2195,阮火军,2025-01-10 02:46:31,5,5,0,老师讲课好，给分巨好，简直海底捞，让我一个处于挂科边缘的人绩点上了四！我是属于每次课都很认真听，坐在前排，但下课完全摆烂的人。老师讲课真的很仔细，板书能比的上他的应该不多。🔥神我爱你！
210775,2195,阮火军,2025-01-10 02:40:40,3,3,0,🔥军！！！！！谢谢捞捞☺️
210797,2195,阮火军,2025-01-10 03:25:53,3,3,0,男神海底捞，无须多言！
211640,2195,阮火军,2025-01-12 05:53:40,6,7,1,啊啊啊啊🔥老师会调分的，新大一小灯，今年🔥老师给分超级好，一起上课的两个朋友一个4.8一个4.5。我是因为今年沉迷社团所以分数不好，但是🔥老师真的超级超级超级好！和前排关系很好，而且认得到人，经常上课坐前排的朋友，🔥老师给她说捞也会捞上及格的，🔥老师真的超级超级好！！！\n\n而且讲的也很不错，认真听听得懂，会补充课外的习题，也会讲书上的例题\n\n真的，选他不亏！
212275,2195,阮火军,2025-01-13 20:43:06,1,2,1,老师我爱你
212712,2195,阮火军,2025-01-14 14:19:19,1,1,0,讲课很好 人也很好 给分很好
221408,2195,阮火军,2025-06-23 09:07:59,0,0,0,老师很好
221516,2195,阮火军,2025-06-24 07:13:24,4,4,0,老师实在太好了，一般是只有小测点名，但是人来太少还是会点一下名的（15分钟时间，足以赶到教室，并且可以下课签到）\n\n此外最后一节课点名，来了加分，不来不扣分\n\n老师非常捞，我期末因为计算错了3道题，老师看我会做，尽全力捞我，给我把3道计算题扣的分限制在了5分以内\n\n老师备课非常认真，每次上课写了满满一纸笔记，讲的分析证明也很严谨深入，逻辑清晰（特别是傅立叶级数那里）\n\n🔥老师我会想您的
4420,2218,徐翔,2015-06-22 12:51:58,-6,16,22,别报他的课，不要问我为什么
5027,2218,徐翔,2015-07-02 08:33:02,39,58,19,老师挺好的啊…最后一节课给整理
6533,2218,徐翔,2015-07-15 01:57:48,1,4,3,打瞌睡
6714,2218,徐翔,2015-07-19 11:19:20,-9,9,18,我考成屎的微积分1拜他所赐，虽然老师本身很负责，但是教学能力有待加强
10044,2218,徐翔,2015-11-14 18:28:02,5,10,5,其实还好吧
13512,2218,徐翔,2015-12-29 00:33:44,1,4,3,大神老师
13621,2218,徐翔,2015-12-30 05:39:10,0,1,1,\n\n
14141,2218,徐翔,2016-01-05 01:51:11,3,7,4,老师讲课一般，但很认真负责。别的课不了解，但偏微教得还挺清楚的，就是略无聊。
18526,2218,徐翔,2016-01-22 02:04:27,1,2,1,考试前来刷 求一波及格
19972,2218,徐翔,2016-01-25 17:19:44,1,2,1,好好好
20327,2218,徐翔,2018-09-16 23:35:18,74,90,16,浙大好老师不多，徐翔绝对算一个，本来都放弃希望的课了，徐翔给的分都把我感动哭了。
20329,2218,徐翔,2016-01-27 04:22:29,3,7,4,给分超赞!
20330,2218,徐翔,2016-01-27 04:25:14,0,2,2,老师超好
20335,2218,徐翔,2016-01-27 04:53:09,0,2,2,很不错 讲的认真
20358,2218,徐翔,2016-01-27 06:42:55,0,4,4,给分很好哦
20383,2218,徐翔,2016-01-27 09:27:13,3,5,2,偏微分没挂，感动
20394,2218,徐翔,2016-01-27 12:15:03,19,28,9,感觉是年轻有为的好老师一开始看到之前评分很差还差点退了结果发现其实老师蛮好的上课假装小测结果却只是点名虚惊一场
20425,2218,徐翔,2016-01-27 14:13:17,2,3,1,爽炸了，已过。
20430,2218,徐翔,2016-01-27 14:18:47,0,2,2,点赞，最后一节课还给梳理知识点！
20434,2218,徐翔,2016-01-27 14:23:39,0,2,2,感动的
20469,2218,徐翔,2016-01-27 16:53:03,0,3,3,只能说，给分爆好！！
20759,2218,徐翔,2016-01-31 05:46:31,1,3,2,好老师！！！！！！！！！！！！！！！！！！！
25420,2218,徐翔,2016-05-18 06:52:20,40,52,12,上课板书，长得很帅，屁股很sexy(你是变态吗
25544,2218,徐翔,2016-05-25 03:36:10,6,8,2,老师笑容超级治愈啊(≧▽≦)
25786,2218,徐翔,2016-06-08 07:38:25,6,6,0,高估我们了，上太快
26974,2218,徐翔,2016-06-22 03:14:19,3,5,2,讲课一般，自己时常懵逼
27005,2218,徐翔,2016-06-22 06:39:02,0,4,4,感觉很想告诉我们常微分的魅力，但是永远活在他的世界中。还有说他复习课好的，你出来。把原来懂的我搞得一脸懵逼。
27018,2218,徐翔,2016-06-22 07:39:46,2,3,1,老师萌萌的，最后梳理一遍还是不错的?，
28625,2218,徐翔,2016-06-28 11:12:51,0,3,3,穿得好年轻，帅的一笔
29107,2218,徐翔,2016-06-29 08:46:24,4,5,1,老师人很好，我觉得还是课程设置有问题，一脸懵逼
29488,2218,徐翔,2016-06-30 01:18:35,3,4,1,常微分求过\n\n
32462,2218,徐翔,2016-11-28 05:13:42,7,9,2,讲课一如既往地无聊，但是颜为什么还越来越丑了啊！！
32464,2218,徐翔,2016-07-07 03:30:18,-8,4,12,这怎么不设置0分！
32465,2218,徐翔,2016-07-07 03:39:28,0,1,1,常微分讲得不错的
32493,2218,徐翔,2016-07-07 06:04:47,1,2,1,长的比较帅，给分也还不错
32494,2218,徐翔,2016-07-07 06:10:49,-8,5,13,感天动地好老师，几乎就没听过课，平时作业都是抄的，考前3天把书看了一遍，做了课后题，最后考试感觉也没怎么考好，居然有4.5！！！！
32499,2218,徐翔,2016-07-07 07:03:12,0,0,0,讲得很清楚。思路(套路)清晰
32519,2218,徐翔,2016-07-07 10:55:00,0,1,1,讲真，给分太好了
32544,2218,徐翔,2016-07-07 12:59:12,-1,0,1,给分真棒，徐老师我爱你
32680,2218,徐翔,2016-07-09 09:23:26,0,2,2,一次都没来过课 基本放弃考试的我居然过了
33957,2218,徐翔,2016-09-23 14:54:14,0,1,1,不建议选课
34364,2218,徐翔,2016-10-08 00:36:10,4,12,8,复变讲的和他名一样。
34365,2218,徐翔,2016-10-08 00:46:59,1,2,1,不喜欢爱用代词的老师，总是爱说这个，那个，这样，那样来指代所讲的内容
35325,2218,徐翔,2016-11-08 10:27:35,-2,0,2,好老师啊
35610,2218,徐翔,2016-11-10 07:32:44,0,3,3,表白徐翔\n\n
36071,2218,徐翔,2016-11-10 11:31:29,-2,0,2,挺好的！
36117,2218,徐翔,2016-11-10 12:46:35,-1,1,2,老师其实挺有趣，但奈何课时少所以也只能照着ppt教
36219,2218,徐翔,2016-11-11 06:23:54,-4,0,4,老师其实挺好的啊\n\n“宽大为怀”
36751,2218,徐翔,2016-11-18 12:13:05,5,17,12,给分差
37273,2218,徐翔,2016-11-18 06:42:14,-4,0,4,很耐心的老师
37279,2218,徐翔,2016-11-18 07:11:42,8,14,6,给分太差
37301,2218,徐翔,2016-11-18 08:57:46,-1,4,5,给分还好吧，鉴于平时上课都是睡过去的
37497,2218,徐翔,2016-11-19 06:36:30,2,3,1,给分坑比别的老师低太多了
37550,2218,徐翔,2017-01-22 15:13:42,1,5,4,老师给分很好，倒数第二题没有做完还是有4.8。但是客观讲，给老师讲课打分的话，5分不能再多。上到勒让德方程以后，就感觉他一直沉浸在自己的世界里面，完全不知道他要表达什么。如果喜欢自学还想撞运气得高分的话可以选他试试。
37707,2218,徐翔,2016-11-20 10:26:51,0,0,0,给分。。。还好吧，就是上课有点无趣，最后还是基本靠自己复习，上课其实可以不听，听了也不一定懂。。。
39359,2218,徐翔,2016-12-22 07:36:31,0,0,0,好老师\n\n
40828,2218,徐翔,2017-01-06 01:07:11,0,0,0,讲得很高深，想好好学的一定要好好听，不只是为了考试而讲课
41011,2218,徐翔,2017-01-08 03:45:12,8,14,6,人如其名。说浙大好老师不多的，你这句话说出来可信度就没了
46186,2218,徐翔,2017-01-21 01:17:15,1,1,0,。。。。
46293,2218,徐翔,2017-01-21 06:57:53,8,9,1,给分慢啊，还不知道分数，大家保佑我
46475,2218,徐翔,2017-01-22 00:28:29,6,8,2,上老师的偏微\n\n怎么说呢，刚开始几节课还是不错的，但是讲到bessel函数那后面一系列感觉老师自己也不是很能把他想表达的说清楚\n\n还有就是 怎么还不出分我好慌啊…
46841,2218,徐翔,2017-01-22 12:47:55,3,5,2,给分真的好坑啊，感觉完全就是卷面分，这家伙没有平时分吗？
46842,2218,徐翔,2017-01-22 12:31:41,1,1,0,我以为自己要挂了，老师给的分感动哭了，赞一个
46843,2218,徐翔,2017-01-22 12:36:48,-25,0,25,94、就不能再多给一分？
46845,2218,徐翔,2017-01-22 12:40:19,-1,1,2,给分实在太差。。。无法接受，比预期还差
46855,2218,徐翔,2017-01-22 13:42:45,-6,3,9,客观评分，最多给6。一学期勤勤恳恳，最后92，刚好4.8，考试时倒数第二大题没有做出来，没有满绩有点遗憾。\n\n徐翔长得挺帅，有种邻家大哥哥的感觉，是我喜欢的类型(???)\n\n上课嘛，真的一般，最后几节课因为不在考试范围，所以我也没仔细听，但是真的觉得讲得很乱，都是照着屁屁踢读，还有讲错的。\n\n反正数学课大多还是靠自己领悟和做题，特别是面向工科的数学课。\n\n总之一句话，徐翔很帅。出分很慢。
46933,2218,徐翔,2017-01-23 03:30:57,1,1,0,浙大好老师，给分真的可以
46959,2218,徐翔,2017-01-23 05:38:03,-1,0,1,老师挺好的我觉得
52337,2218,徐翔,2017-06-18 14:30:28,0,0,0,给分好
59680,2218,徐翔,2017-09-26 01:21:49,3,3,0,比较一般吧，和之前微积分线代的老师明显两个档次
60155,2218,徐翔,2017-10-12 00:35:29,3,3,0,基本靠自学
61601,2218,徐翔,2017-12-05 00:38:16,-1,1,2,给跪。
61902,2218,徐翔,2017-11-21 13:11:27,1,3,2,虽然没上4，但是男神老师真是太帅了！表白老师?‍?
61906,2218,徐翔,2017-11-21 13:56:03,0,0,0,老师上课中规中矩，仔细听也会有收获的，给分也好评
61907,2218,徐翔,2017-11-21 14:02:02,5,6,1,帅确实帅，讲课平铺直叙，挺好的，工科数学还是靠自己多一些。不过上偏微才告诉我们复变能用的公邮有点太……
62077,2218,徐翔,2017-11-22 10:46:45,0,0,0,很喜欢这个老师哇，上课用surface OneNote手写。可能稍稍有些慢，但是考试涉及的点很多都讲过啦。讲的很清楚！
62235,2218,徐翔,2017-11-23 10:30:37,3,3,0,我觉得我没考那么差啊qwq
64638,2218,徐翔,2017-12-26 00:57:38,3,4,1,老师特别特别特别帅！！！
65140,2218,徐翔,2018-01-26 14:10:08,14,19,5,杨佳霖老师必须好啊，中间有个老师来代课，明显感觉不如佳霖老师，他上课极稳，只是不按课本来，听好他的课需要吃功夫。预习复习什么的不能落。
72525,2218,徐翔,2018-01-30 09:35:55,13,13,0,成绩怎么还没出…
73530,2218,徐翔,2018-02-02 01:50:34,11,11,0,出分太慢了吧
73826,2218,徐翔,2018-02-03 23:30:25,11,12,1,平时分呢？
73912,2218,徐翔,2018-02-03 13:53:15,2,2,0,那个……你敢不敢出分\n\n
73929,2218,徐翔,2018-02-03 15:14:44,4,5,1,徐翔大佬终于记起来还有登成绩这件事情了
73962,2218,徐翔,2018-02-04 00:37:03,1,2,1,一天半速成的偏微分果然是这学期最低绩点。
73966,2218,徐翔,2018-02-04 02:26:19,0,1,1,老师其实还好吧，谈不上顶尖但绝对不差，上课挺顺畅，自身水平还是比较高的。有时确实不够生动，好多同学提不起兴趣，不过数学课大多都这样吧。
73969,2218,徐翔,2018-02-04 02:31:10,0,1,1,讲课7分，给分10分，慢点就慢点吧。老师讲课确实是平铺直叙，还会有很多铺垫，听起来确实有点无聊，但是认真听了再自学还是不错的。\n\n
74030,2218,徐翔,2018-02-04 10:15:08,-1,3,4,偏微和复变都没有满，真的好气，总觉得偏微的平时分没有给满
74261,2218,徐翔,2018-02-08 10:33:23,-5,1,6,给分真的不好，平时分绝对没有给满分 我只是有一次作业A-，期末考试六道题全部都会(包括幂级数)，最后94分。考试难度已经很难了，哪怕有计算错误，思路对就应该少扣分吧。隔壁应文隆老师给分就真的很好，且讲课完爆徐翔，同学是应文隆班的，期末考试最后两道大题都不会，只是随便写了些步骤，没有结果，最后4.2，最后两道大题卷面分可是40分。反观徐翔，只能呵呵。希望学弟学妹被预制到徐翔的能改选应文隆老师吧。
74590,2218,徐翔,2018-03-04 08:29:06,-1,0,1,感觉没有平时分。。。。。
76071,2218,徐翔,2018-05-22 10:05:11,-23,2,25,千万别选这个老师\n\n跟他名字一样恶心
76294,2218,徐翔,2018-04-02 07:08:06,-7,0,7,这老师上课怎么完全不带脑子啊
76438,2218,徐翔,2018-05-06 08:14:11,6,8,2,常微分方程徐老师讲的和其他老师比算很正常了，预习了认真听课还是能听懂的。最后给分很棒哈，总评明显比考试的分要高很多。
77509,2218,徐翔,2018-05-06 07:21:11,4,4,0,给分可以
77511,2218,徐翔,2018-05-06 07:28:28,3,4,1,给分不错
77517,2218,徐翔,2018-05-06 08:23:15,0,1,1,给分挺好的，上课怎么说呢，中规中矩吧。
77521,2218,徐翔,2018-05-06 08:30:56,4,4,0,老师超帅\n\n用OneNote上课超爽\n\n超棒
77523,2218,徐翔,2018-05-06 08:43:20,3,3,0,太感动了，感谢老师
77525,2218,徐翔,2018-05-06 08:50:49,4,4,0,魔性的笑，给分超好
77532,2218,徐翔,2018-05-06 09:49:50,2,2,0,仅限于常微分这一门课，讲课不算太好的老师恰恰促进我常看课本。徐翔老师怎么说，很有原则。。。人帅，最后，谢谢老师。棒棒哒
77539,2218,徐翔,2018-05-06 10:53:01,3,3,0,给分超级好。
77546,2218,徐翔,2018-05-06 11:23:49,4,4,0,感谢老师让我没挂，而且给分超级好！
77567,2218,徐翔,2018-05-06 14:06:32,3,3,0,真的是个好老师，讲得耐心，课后问他题目留在教室很久也会很耐心的讲明白，给分也好，强烈推荐！
77602,2218,徐翔,2018-05-07 01:53:18,3,3,0,老师挺好的
77616,2218,徐翔,2018-05-07 02:18:02,2,2,0,给分还可以，就是不知道评分的标准是什么，可能还是主要看最后考试成绩吧
77686,2218,徐翔,2018-05-07 09:12:56,6,6,0,讲的挺不错 集中注意力听的话都跟得上的   课外拓展可能少一点 就比如没有讲求积分因子的那种方法 给分还不错 虽然被卡了一下绩点
77721,2218,徐翔,2018-05-07 11:53:33,4,6,2,具体分怎么给不清楚，讲课一般，不坑也没什么亮点，中规中矩那种，最后考试两道题不太会只写了一点，结果4.2自己也算满意了吧，毕竟自己付出的时间太少，考前也没好好复习。
77807,2218,徐翔,2018-05-08 02:16:49,3,4,1,给分很好，长得很帅\n\n讲着讲着就会露出秘制微笑\n\n
77939,2218,徐翔,2018-05-08 23:57:35,5,5,0,不点名，很温柔。本想退课夏学期再上常微分的，结果被老师的颜值征服了。虽然上课的时候老想睡觉，但是老师讲一半，自己学一半，然后再好好复习，本学渣也能拿到4.5TAT\n\n记得答疑那天，老师晚走了一个小时，走的时候笑起来和我们说明天考试顺利的时候，真的温柔杀~
79032,2218,徐翔,2018-05-21 06:44:03,-1,0,1,一般吧。。
79080,2218,徐翔,2018-05-22 08:02:17,2,2,0,徐翔老师特别特别特别厉害！而且对于学生也超级超级超级认真负责！
79465,2218,徐翔,2018-06-06 02:36:27,2,2,0,上课日常蜜汁微笑，老师讲的还是不错的  常微分均绩怎么这么低啊…谁能公正评价一下常微分的给分啊…
79556,2218,徐翔,2018-06-09 05:53:49,0,0,0,浙大好老师!!!!!!!\n\n
79724,2218,徐翔,2018-06-13 05:11:56,-2,1,3,老师很棒，不小测，常微分虽然一听就犯困，但估计给调分了，最后满绩? ?
84111,2218,徐翔,2018-07-12 04:42:13,7,8,1,不点名，讲课清楚但感觉有点无聊，有点照本宣科的感觉。。，但是最后一节课给复习。基本是自己背公式考前刷刷题，不得不说给分好到爆，比方道元不知道好到哪里去了。给九分
84184,2218,徐翔,2018-07-12 07:43:15,1,1,0,是心动的感觉\n\n
84195,2218,徐翔,2018-07-12 08:02:56,-1,1,2,平时作业得好好写，这样平时分才能高，像我就是平时分低而总评不理想者。
85799,2218,徐翔,2018-08-10 13:14:09,1,2,1,常微分是徐老师上的，感觉有付出就有回报吧，老师上课很有风度
86902,2218,徐翔,2018-09-19 10:24:49,0,2,2,稳稳稳
86975,2218,徐翔,2018-09-29 01:14:07,1,2,1,这老师讲课有时候不用话筒，听起来累死。\n\n我服了。
88829,2218,徐翔,2018-11-09 08:28:34,-2,1,3,课如其名，人如其名，给的板书也是。。。
89097,2218,徐翔,2018-11-15 12:48:44,9,9,0,人好讲课一般，欸…好多老师都是这样，我们看这些老师，就像老师看着努力学习而总是学不好的我们一样。
89147,2218,徐翔,2018-11-16 05:08:12,0,1,1,复变讲的有丶。。一言难尽
89153,2218,徐翔,2018-11-16 05:36:52,2,3,1,真的 很好
89227,2218,徐翔,2018-11-17 05:54:08,9,10,1,偏微分冬学期的课突然不开了？什么鬼？
89369,2218,徐翔,2018-11-19 01:02:40,13,13,0,为什么突然换成另一个老师啊，逗我玩呢？要是这个老师我至于选这个时间？？
89554,2218,徐翔,2018-11-19 13:58:17,15,16,1,据说徐翔大佬出分需要十天
89969,2218,徐翔,2018-11-21 11:56:50,8,8,0,老师人不错，但是课听的很迷，基本都是自学，冬学期的偏微分也说不开就不开了。\n\n但大学的东西本来就要多靠自己吧，总的来说很不错的老师。
89972,2218,徐翔,2018-11-21 12:06:22,7,7,0,虽然课无聊了点，但是给分真的好
89983,2218,徐翔,2018-11-21 12:40:43,3,4,1,前排表白徐翔，好老师一个，虽然我翘课两节感觉很对不起他
89986,2218,徐翔,2018-11-21 12:50:58,5,5,0,浓浓的师生情啊！
89987,2218,徐翔,2018-11-21 12:52:59,3,4,1,给分是真的好呀 但是还是主要靠自学吧 扣两分是突然不上偏微分了换了个很迷的\n\n老师
89991,2218,徐翔,2018-11-21 13:07:34,4,4,0,老师讲课很温和，我上的是复变函数，挺好的。听说貌似说老师给分好，考完直接emmm，是真的好啊
89993,2218,徐翔,2018-11-21 13:14:50,4,4,0,妈耶本来以为低空飞过    给分感动哭了（虽然卡绩）
89995,2218,徐翔,2019-02-10 10:13:33,-89,4,93,老师讲得其实蛮清楚了，气质也不错，犯困只是早课的锅。复变考的太简单了……然鹅我却不明白为什么只有97，怕不是在压分，虽说没太有关系；偏微换了老师，我一开始有点难受，新换的老师讲课水平明显偏低。不过后来老师给分不错，给了我99??，老师勿挂念，我们没亏太多。
89998,2218,徐翔,2018-11-21 13:33:40,1,1,0,在浙大的一次转折 多谢翔哥
90029,2218,徐翔,2018-11-21 23:59:58,-5,4,9,97太感动了，不过新换的老师是什么鬼
93743,2218,徐翔,2019-01-12 13:56:48,3,5,2,上过徐翔老师两堂数学课，全都满绩！！！本来偏微也是徐大神的，为啥教务处要把老师要换掉呢。。哭辽
103307,2218,徐翔,2019-02-27 08:11:57,-3,0,3,课如其名，但最终给分貌似不错，虽然被卡绩了。。。
110899,2218,徐翔,2019-06-28 13:26:18,1,1,0,hhhh
127638,2218,徐翔,2020-11-25 07:36:43,2,2,0,给分感动
127640,2218,徐翔,2020-11-25 07:49:17,3,3,0,徐翔真的好人，给分好，主要我不怎么喜欢听课，喜欢自己看书，只听了前两节课感觉讲的还不错
127646,2218,徐翔,2020-11-25 08:41:37,3,3,0,给分很好，讲得很有思路，特别棒的老师！
127671,2218,徐翔,2020-11-25 15:18:22,0,0,0,给分也太好了 xx上课有时候声音有点小 但总体来说 教得挺不错的
127934,2218,徐翔,2020-11-30 13:40:05,0,0,0,真的不错
131199,2218,徐翔,2021-01-26 13:18:25,0,1,1,快快出分！
135664,2218,徐翔,2021-05-18 10:39:08,0,1,1,上个学期的偏微分方程，老师很帅，关键是讲课很清晰！
141524,2218,徐翔,2021-10-13 07:33:48,1,1,0,老师讲得好
153899,2218,徐翔,2022-05-16 07:57:27,-4,2,6,常微分，老师讲得很好，小测解五个方程，分别是变量代换方程，一阶非齐次线性方程，伯努利方程，积分因子法全微分方程，第三类可降阶二阶方程。\n\n\n\n比作业题简单但是不好拿分，我没熟练度就去世了。
154831,2218,徐翔,2022-06-06 04:05:12,2,2,0,已读不回
155444,2218,徐翔,2022-06-23 07:33:43,14,17,3,优化给分感动
155538,2218,徐翔,2022-06-14 06:08:03,13,14,1,针对优化实用算法，光是那个ppt那真的是一言难尽，一页分成6、7张ppt，每次看到后面想回去看一下前面的知识点要翻很久很久…而且上课讲得也挺emmmm，总是纠结在大量的证明上面(事实上最后考试也考了很多证明题…)，我寻思这种课程不应该更多地偏向应用吗，每次学完一个东西都不知道这东西是怎么来的，又能用来解决什么问题…总之慎重选择（好像也没得选），老妖yyds.
158115,2218,徐翔,2022-06-27 05:18:04,-15,1,16,nnd，什么时候出分
158116,2218,徐翔,2022-06-27 05:18:04,-13,1,14,nnd，什么时候出分
158215,2218,徐翔,2022-06-27 13:49:13,-11,0,11,nnd，什么时候出分
158243,2218,徐翔,2022-06-28 11:30:25,-11,11,22,建议非预置的、外专业的和转专业的不要选这个老师，他会按照你的专业来决定你的成绩结构。如果他认为你这门课不算你专业的主修，他会把你平时分压低以给主修学生更高的分数。\n\n\n\n你可以看下这个老师查老师网上的历史评论，你会发现有一部分人给他很差的风评（人如其名、给分差）而另一部分人对他评价极好（还说浙大没几个好老师），就是这个原因。\n\n\n\n我今年转专业转入bme的，然后他那边显示的是我高考录取的大类，把我当成了不需要学常微的学生，我期末卷面81小测90，助教给我47.6/50的平时分，结果他给了我总评81。供参考。
158259,2218,徐翔,2022-06-28 01:21:15,7,14,7,作业少 讲课生动有趣 对微分方程的理解已臻化境。只要跟着他的授课节奏，1学分的ODE拿4.8没有问题。\n\n\n\n留一段徐翔老师的话共省：“其实方程理论是很有趣的，不应该只是教解方程。可是我不知道为什么我们会把常微分方程这课最终上成这个样子……”
158261,2218,徐翔,2022-06-28 01:30:44,-9,1,10,好老师讲得好不点名，常微分满绩
158451,2218,徐翔,2022-06-29 10:41:26,-3,2,5,好，真是太好了！
161271,2218,徐翔,2022-11-18 07:37:23,2,5,3,给分好，不点名，但讲课烂，需要自学。
161771,2218,徐翔,2022-11-13 02:17:06,2,2,0,徐翔老师我先给你打个十分，本来想给你打100分的，可惜最高只有十分，那你给我60分应该不过分吧😭😭😭
162231,2218,徐翔,2022-11-18 04:12:36,1,3,2,给分真的好
162235,2218,徐翔,2022-11-18 05:00:00,6,6,0,老师人很好，刚开始钉钉班级没转进去，老师很迅速地帮我处理好了。老师第一节课说，因为有些同学会在智云上看，又不能算他们没上课，所以不点到，结果真的一学期都没点名过。事少分高出分快，大家都来选🌹🌹
162251,2218,徐翔,2022-12-19 06:33:28,7,8,1,复变：不点名，给分好\n\n声音比较催眠，但如果听得进去（也就是早八不困）的话还好——不过工科数学一般都是自学\n\n课件补天利器，没听课的可以靠课件速成
162255,2218,徐翔,2022-11-18 10:58:46,0,1,1,不点名，复变讲课一般，小测题量大但难度相比其他班较低，最后给分还不错
172801,2218,徐翔,2023-05-23 16:33:47,1,4,3,你怎么不唠了
173276,2218,徐翔,2023-05-17 12:24:53,1,1,0,选他是因为和高中有个语文老师同名；老师人真的很好，我很喜欢的上课风格
173772,2218,徐翔,2023-06-02 13:11:25,1,1,0,哈呵呵
173895,2218,徐翔,2023-06-04 07:32:55,2,2,0,1111
174095,2218,徐翔,2023-06-06 07:39:19,-1,2,3,常微分方程给分不错，讲的其实还可以（不过工科生数学都是自学的doge
174117,2218,徐翔,2023-06-06 10:30:27,-4,0,4,好老师！给分巨好！但是必须要自学（上课听不太懂）
174846,2218,徐翔,2023-06-19 03:28:49,0,5,5,给分差的要死，小测考得很好平时分扣十几（看作业给分，评分标准是个谜，反正不是正确率，看你及格了就不捞），什么幸存者偏差，给分压根就不好，上课也就一般，主要靠自学
175129,2218,徐翔,2023-06-21 16:50:45,-2,1,3,讲课听一半的，听不太下去。个人感觉这位老师给分并不是非常友好，当然也可能是自身问题
175373,2218,徐翔,2023-06-24 09:23:55,3,3,0,春学期一学分常微分方程补评。老师这种风格我个人挺喜欢，但确实很多人都会觉得没意思听不进。这个课内容不算多，可以自学，但建议上课尽量多听，我有一段没听自学以后感觉没有上课划算。小测挺简单，期末背出了公式也没问题的。
175657,2218,徐翔,2023-06-26 05:39:32,-8,0,8,老师很好，给分也很好（99），基本就课上听讲做好作业，期末刷了两套历年卷，一学分常微分本身就不难，老师讲得也很好
180974,2218,徐翔,2023-09-30 08:07:24,0,1,1,优化实用算法确实折磨，感觉需要自己花更多功夫自学。期末考试难度挺离谱的，考完直接心态爆炸，提的知识点都复习了，然后发现考的和想象中完全不一样，直接自闭。幸好最后给分很好，但也确实搞心态T-T
181799,2218,徐翔,2023-11-01 03:33:56,4,4,0,永不点名徐翔翔\n\n\n\n还有三节课，坚持住🙏🏻
182466,2218,徐翔,2023-11-16 08:19:53,4,4,0,永不点名徐翔.jpg\n\n对自学者比较友好。嗯。
182706,2218,徐翔,2023-11-19 16:09:16,1,2,1,很喜欢老师的上课风格，只不过复变这课课时太少，而且最重要的内容都在最后一两周仓促上完。不过今年考试实在太难，比任何一张往年试卷都要难不少，已经对绩点不抱什么期待了……趁还没出分先给打个10分（）
183367,2218,徐翔,2023-11-24 07:14:39,3,3,0,从不点名徐翔，但期末考试难度太大了，趁还没出分，先来打个十分，希望您可以捞一下我😢
183447,2218,徐翔,2023-11-26 10:36:19,4,4,0,刚刚午睡梦到自己变成了汤助教，改自己的复变卷子，是真捞不了一点。。。这次复变太难了，希望以后学弟学妹们不要遇到这种卷子。
183650,2218,徐翔,2023-11-28 07:12:47,2,2,0,复变被捞了，真诚感谢徐翔。\n\n好老师！
183653,2218,徐翔,2023-11-28 07:27:09,2,2,0,太爱翔哥了
183654,2218,徐翔,2023-11-28 07:32:10,5,5,0,感谢xx不杀之恩
183659,2218,徐翔,2023-11-28 08:08:10,-11,3,14,虽然不点名，会捞低分。但是不捞及格的同学，给分不太行。
183660,2218,徐翔,2023-11-28 08:10:29,3,4,1,徐翔老师你是我爹，真牛蛙！！
183661,2218,徐翔,2023-11-28 08:10:36,5,5,0,拉满了，真的拉满了！22级复变的我只想说：徐翔我的神！！
183672,2218,徐翔,2023-11-28 10:20:48,5,5,0,我有一句爹不知道当讲不当讲（不是楼下说的及格的不捞）
183686,2218,徐翔,2023-11-28 13:40:36,0,0,0,xx无敌，看得出来有在捞捞
183695,2218,徐翔,2023-11-29 00:38:55,5,5,0,谢谢翔哥不杀之恩
183756,2218,徐翔,2023-11-29 16:00:55,1,1,0,翔哥，yyds！！！人是真的好。谢谢您。考完复变一直睡不好。出分那一刻真的很感动，谢谢翔哥！！！
183969,2218,徐翔,2023-12-05 06:49:42,2,2,0,大爹，绝对捞低分，人帅事少(讲的可能有点快？)，狠狠冲就完事了！
184221,2218,徐翔,2023-12-13 10:01:55,2,2,0,回来bd一手翔哥，yyds！（手动滑稽）
189106,2218,徐翔,2024-01-22 02:21:58,1,2,1,老师人帅讲课不错（就是有点快），从来没点过名给分还好，我狠狠bd！
191582,2218,徐翔,2024-04-25 10:19:50,9,10,1,上课：个人觉得比较一般，再加上早八，所以一学期就只去过小测那节课，但是不点名；\n\n给分：个人觉得老师和助教都挺好的，看得出来平时分被捞过；\n\n考试：个人认为24春的ode有难度的，建议大家提前一点时间复习，多刷点题，看到题干可以判断出大概用什么方法解；\n\n总结：可选（尤其比较适合自学能力不错的
196594,2218,徐翔,2024-07-04 07:36:23,-11,3,14,2024最恶心人的老师，没有之一
196603,2218,徐翔,2024-07-04 08:08:08,-4,4,8,纯纯牛马老师 就是完全开盲盒坑学生
196660,2218,徐翔,2024-07-04 15:36:37,1,2,1,徐翔是我义父！！
213491,2218,徐翔,2025-01-18 00:48:03,0,2,2,优化实用算法给分唯一真神！
218174,2218,徐翔,2025-04-22 01:53:35,3,3,0,活爹😭😭😭
218175,2218,徐翔,2025-04-22 01:53:47,1,1,0,被捞了
218176,2218,徐翔,2025-04-22 02:05:03,0,0,0,ODE应该是被狠捞了
218182,2218,徐翔,2025-04-22 02:27:31,0,0,0,大恩不言谢
218191,2218,徐翔,2025-04-22 03:20:39,1,1,0,这学期上了徐老师的常微分方程，老师人特别好，讲课很温柔也很善良，很喜欢听老师讲课，老师总是会从他的讲义里摘抄一些题目写在黑板上，并且一步步地和同学一起推算，感觉就是对非数学系的学生非常友好啊，只是感觉有些地方讲的没那么清楚，也是课时所限没什么办法，总体来说徐老师炒鸡推荐！！是好老师！！！
218288,2218,徐翔,2025-04-22 11:03:38,1,1,0,虽然被卡绩，但应该被捞过的，好老师👍👍👍
218320,2218,徐翔,2025-04-22 13:32:10,0,0,0,一般般
218326,2218,徐翔,2025-04-22 14:53:27,3,3,0,常微分满绩选手前来还愿。\n\n老师人很好，蛮和蔼的，客观来讲上课水平一般，但是1学分的常微分基本背公式自学就行了。（误）\n\n作业30%+期中20%+期末50%\n\n期中一共五道题，都是很基础的类型，认真学了的话90没问题的。期末的ode卷子出的向来emm，建议是把公式背熟+练题刷历年题。\n\n老师最后感觉是捞了的，可以放心选🆗
218330,2218,徐翔,2025-04-22 15:32:20,1,2,1,不是，讲课真的听不懂，给分也不是很好，感觉很中庸吧😅
218549,2218,徐翔,2025-04-24 12:33:29,-12,2,14,满了，虽然意料之中，毕竟期中满分期末也应该是全对了，但还是挺开心的。ode不难，但想要拿高分还是需要提前学习多刷刷历年题的。老师讲的也很好。
220795,2218,徐翔,2025-06-26 08:57:58,0,0,0,（常微分）补个评价：工科的常微分感觉背就完了，题型都掌握。多做题，把手感练出来，考试直接疯狂写。具体很多推导，如果不感兴趣，可以直接略过。不会影响做题。最后老师感觉给分也是不错的
221193,2218,徐翔,2025-06-22 01:54:51,0,0,0,ode老师讲得很清晰，快慢节奏会根据同学们听课情况调节，上课前会带着同学们快速过一遍上节课的知识点，前后课程内容衔接很好，作业题量不多但覆盖面广，平时自己动手做作业的期末复习压力小很多，建议大家平时投入一些时间去听课动笔，这门课可以不用堆到考前再去背，平时做作业做着做着就会理解公式，还能应对变式。
221637,2218,徐翔,2025-06-25 04:45:18,0,0,0,常微分方程，期中卷面估计也就十多分，最后总评82，给分神中神
221895,2218,徐翔,2025-06-27 08:21:48,0,0,0,给分好
4061,2282,王枫   ,2015-06-17 15:42:01,-11,14,25,也许是因为老师是新来的，讲课比较差
4523,2282,王枫   ,2015-06-24 07:02:25,-19,3,22,完全不知道特么在讲什么
4540,2282,王枫   ,2015-06-24 08:10:05,-21,4,25,垃圾
4679,2282,王枫   ,2015-06-26 04:39:08,-19,4,23,烂
4727,2282,王枫   ,2015-06-26 15:17:19,3,18,15,老师既然招到浙大来的，水平应该不错，而且感觉自己懂得的确很多，但是经验真是硬伤，抓不住重点，无法准确表示自己的想法
5003,2282,王枫   ,2015-07-02 03:07:00,-13,10,23,老师应该是刚刚博士毕业吧，太没有经验了，常微分就是照着书讲，语速超快，而且常常自以为大家都听懂了，有时候扯一些物理，生物，感觉懂得是比较多，但是讲课真的不好
5594,2282,王枫   ,2015-07-08 14:29:47,-14,2,16,哦
5649,2282,王枫   ,2015-07-09 02:51:02,-11,4,15,老师比较年轻，讲课经验不足。
5759,2282,王枫   ,2018-08-11 13:28:05,65,75,10,好老师，考试时还给我们提示信息
6053,2282,王枫   ,2015-07-10 13:34:50,-6,4,10,老师比较年轻 明显感觉经验不足 不能够很好的表达 听课有点云里雾里的
6218,2282,王枫   ,2015-07-12 06:04:03,-19,5,24,烂
6222,2282,王枫   ,2015-07-12 06:27:45,-8,3,11,经验不足
6225,2282,王枫   ,2015-07-12 06:35:34,-17,4,21,你上课到底在讲什么……
6240,2282,王枫   ,2015-09-18 08:50:56,-12,1,13,不知道在说什么
7771,2282,王枫   ,2015-09-15 13:17:17,7,10,3,好
13755,2282,王枫   ,2015-12-30 15:46:05,29,33,4,好老师，学生垃圾不解释
14261,2282,王枫   ,2016-01-06 02:36:13,48,53,5,收获颇丰，讲了很多分支的联系，很深刻\n\n浙大就是要请这样的老师，不然浙大数学没救了
16777,2282,王枫   ,2016-01-19 02:54:14,-23,2,25,垃圾 垃圾
16896,2282,王枫   ,2016-01-19 08:06:11,13,18,5,思维比较快，喜欢的人会很喜欢
19925,2282,王枫   ,2016-01-25 14:31:34,1,7,6,教学经验还需积累
24690,2282,王枫   ,2016-05-03 06:12:17,1,5,4,说话像自言自语
25125,2282,王枫   ,2016-05-06 00:46:46,-14,2,16,Chaos
25245,2282,王枫   ,2016-05-17 11:26:26,55,59,4,好老师 效率高 废话少 讲课逻辑清晰  表达还可以再加强     觉得烂的基本都是水习惯了 遇上不水的老师不适应吧？
25302,2282,王枫   ,2016-05-13 06:32:26,16,20,4,那些说老师不好的人应该自己反思一下 老师自己说话语速快 你如果说混乱的话你要先反思自己是不是全身心的投入课堂再说 老师的证明逻辑性很强 语速快 更有利于让学生全神贯注而没有时间去水手机以致于让课堂变得紧凑 绝对好老师
26007,2282,王枫   ,2016-06-15 04:14:37,4,6,2,老师讲得挺好的，还加了许多课外的东西
26324,2282,王枫   ,2016-06-17 01:48:51,20,23,3,特意在考试前来给老师打个分…因为这样就不涉及给分问题（给分你们去看别人的）了…王枫弟弟贼可爱啊…虽然口齿不清但是上课思路很清晰，而且会和书上的方法比较给出自己的建议，最后一节课会帮大家复习梳理所有知识，笔记也让你拍，只能说最后考不好是自己不认真吧~当然我还是想考好的233
29075,2282,王枫   ,2016-06-29 08:10:38,3,5,2,拓扑上课跟上思路就还好.
29619,2282,王枫   ,2016-06-30 05:11:34,5,6,1,适合喜欢快节奏的人 感觉老师的教学水平相对之前同学的评价有所提高
29718,2282,王枫   ,2016-06-30 08:31:40,1,4,3,酣畅淋漓，思路清晰
30269,2282,王枫   ,2016-07-01 07:12:38,5,9,4,见过的水平最高的老师。集训队大神！
31841,2282,王枫   ,2016-07-05 03:58:10,5,8,3,老师人超好啊啊一开始看起来就超年轻啊啊啊！我一直以为我常微分要挂科了最后还给了我七十几感动到哭???还会很耐心解答问题！\n\n
31862,2282,王枫   ,2016-07-05 04:32:08,6,8,2,点集拓扑调分感人
31877,2282,王枫   ,2016-07-05 04:55:14,-6,1,7,讲真口齿不是特别清楚，思路很快但是不太系统，个人觉得答疑比较适合他。。。不过给分不错
31991,2282,王枫   ,2016-07-05 10:33:20,5,7,2,上课会提供很多解题的好方法，作业也比较少
32129,2282,王枫   ,2016-07-05 16:30:36,4,5,1,好老师，挺聪明，思维敏捷，无敌
32234,2282,王枫   ,2016-07-06 04:11:52,5,7,2,好老师，讲的好还给了很高分
32290,2282,王枫   ,2016-07-06 05:56:56,2,3,1,好老师，不解释
32780,2282,王枫   ,2016-07-13 06:13:48,2,3,1,不错啦
33025,2282,王枫   ,2016-09-10 06:11:47,-3,1,4,感觉老师很聪明很厉害，但口齿有点不清啊TAT
59178,2282,王枫   ,2017-09-20 06:01:04,5,7,2,老师口齿不清，但思路清晰，逻辑性强。今天的几何虽然听不太懂，但老师确实有东西。讲课经验不足也是事实，估计大神级人物可以明白在讲什么，渣渣的我跪了。总体确实挺不错的。
60108,2282,王枫   ,2017-10-10 11:57:23,1,2,1,王枫超可爱的，讲课思路特别清晰，还会给我们拓展很多相关的知识，学起来就特别轻松，感觉上完他的课妈妈再也不用担心我的数学了！
60137,2282,王枫   ,2017-10-11 07:48:01,2,3,1,老师有时候会给你往课外延伸一些知识，很有趣哈哈
60605,2282,王枫   ,2017-10-25 06:06:17,4,6,2,像王枫老师这样用黑板板书的大学老师现在不多见了，好好珍惜吧！老师水平很高讲的也很清楚。不过对于多数同学来说一定要做好预习，因为老师上课讲的很快而且有时候可能会听不清。我觉得老师还是很可爱的!!
65191,2282,王枫   ,2017-12-30 11:30:04,2,3,1,老师水平好，讲课快，需要认真听讲
65677,2282,王枫   ,2018-01-08 07:30:16,34,38,4,讲课很快，老师水平很高，而且讲课的时候总是老师自己会莫名傻笑，据说是北大数学系博士，在博士阶段研究做得很好被浙大挖过来的，很好的老师
66342,2282,王枫   ,2018-01-15 07:40:32,9,13,4,哈哈哈哈哈哈老师讲到平面三点式不住傻乐“这名字起的有点怪”
68354,2282,王枫   ,2018-01-23 04:43:54,0,1,1,老师人很好^o^
68819,2282,王枫   ,2018-01-24 02:36:43,0,1,1,超级棒的老师！
69220,2282,王枫   ,2018-01-24 10:22:09,0,1,1,老师思路很快，是一位好老师
69231,2282,王枫   ,2018-01-24 10:34:59,11,13,2,数院智商担当，讲的很棒，很喜欢
69607,2282,王枫   ,2018-01-25 05:24:14,2,5,3,几何挂科预定
69818,2282,王枫   ,2018-01-25 12:50:59,9,11,2,几何不挂求几何不挂......这试卷再给我一天我也做不了......没想到那么喜欢老师还学得那么差劲.....唉.....考完整个人抑郁   老师的语速真的太喜欢  但是为什么感觉今天考的跟上课内容没多大关系....大概我智障
70025,2282,王枫   ,2018-01-26 03:53:56,1,3,2,好老师，很有水平，亲和力也很强
70361,2282,王枫   ,2018-01-26 13:49:16,0,3,3,老师其实还好\n\n但是给分。。。
70372,2282,王枫   ,2018-01-26 14:00:50,13,18,5,给了十分，几何学刚出，给分很好，看来王老师是调了分的哈哈哈。王老师真的是一个超好的男神老师，知识渊博人又好又随和，就是语速有点快而且有时候没有完全按课本的东西讲，所以听王老师的课一定要做好预习啊，上课也要认真听讲，王老师真的超级棒的！
70382,2282,王枫   ,2018-01-26 14:20:33,-1,1,2,老师真的水平很高呐！思路很清晰 就是语速有点快呐
70473,2282,王枫   ,2018-01-26 16:25:01,1,3,2,目前为止浙大最喜欢的数学老师
70475,2282,王枫   ,2018-01-26 16:28:04,-3,0,3,老师人挺好的，水平也高，虽然经常听不懂......最后给分...感觉还好...正常阅卷吧……
70528,2282,王枫   ,2018-01-27 00:49:23,7,9,2,老师很棒。上课确实有时候会傻笑……课讲的很紧凑，每节课都感觉收获很多，虽然自己还是不会……给分真的好。
70539,2282,王枫   ,2018-01-27 01:06:26,0,2,2,老师很认真负责，上课思维清晰，最后给分也很好
70579,2282,王枫   ,2018-01-27 08:51:26,0,2,2,老师讲的清晰，思路很棒，语速快反而让课堂很有节奏，都说给分好但是我的分很低可能是自己的原因了…
70986,2282,王枫   ,2018-01-28 01:29:30,-1,1,2,老师真的很好哟，只是小测考的太差。。。平时分相当低
72021,2282,王枫   ,2018-01-29 08:16:11,1,2,1,讲课很生动，不拘泥于课本，经常给我们讲一些数学其他领域的内容，给分也好
72269,2282,王枫   ,2018-01-29 16:12:43,1,3,2,老师讲课的时候思路很清晰，几何学讲的非常好，但需要时刻认真听，一旦有一会儿不注意后面就很难跟上了。前面同学说的口齿不清什么的这学期我都没有感觉出来。
72342,2282,王枫   ,2018-01-30 02:32:54,0,2,2,老师上课思路清晰，语速很快，需要全神贯注才能跟上，一点都不水
73612,2282,王枫   ,2018-02-02 05:53:44,-2,0,2,讲的挺好
74465,2282,王枫   ,2018-02-26 15:43:21,2,2,0,为班主任打call
74939,2282,王枫   ,2018-03-06 15:40:31,6,9,3,我班主任，好老师
75343,2282,王枫   ,2018-03-09 04:13:45,0,2,2,语速超快
78388,2282,王枫   ,2018-05-11 08:52:13,0,2,2,语速和思维真心快，认真听他上课会很爽
79348,2282,王枫   ,2018-05-31 09:04:36,1,4,3,条理性低，所以看书比较好
79842,2282,王枫   ,2018-06-14 08:43:28,3,5,2,自学效果好
81319,2282,王枫   ,2018-07-04 16:30:13,0,2,2,王枫贼可爱！
84308,2282,王枫   ,2018-07-12 13:36:53,0,7,7,说实话，不管科研水平如何，教的是真不怎么样。语速很快，没有思路推演这已经让人很抓狂了。
91785,2282,王枫   ,2018-12-20 03:59:45,1,4,3,可能是我比较菜吧，个人觉得几何学，实在是讲得太快了！整整三节课一直往下讲，根本不给学生一点点思考的空间！
93749,2282,王枫   ,2019-01-12 14:58:47,8,10,2,"看评论有人说王枫老师讲课差特来评。我思考了一下，也许大家认为王老师讲得不好的一个原因是过多看似没用的拓展？比如，会把一些高中里感觉是公理的东西花很大力气来证明。一开始我也认为没什么意思，但是真正抛弃高中时初等数学的观念，慢慢产生高等数学的严谨思维的时候，便后悔自己没有认真听那些""无谓""的内容。之后每堂课认真听，王枫老师对于自己讲的一些很抽象的概念毫不含糊，一点都没有卡壳的情况，所以听课的时候只要足够专注，思维就不会中断，两个半小时会过得很充实很满足。"
95794,2282,王枫   ,2019-01-20 05:18:39,2,5,3,考后来评价一下，个性修的几何学，老师是我目前最喜欢的一位老师，个子小小只但讲课很有活力，整个人都超级可爱，（有“OK”的语癖关注一下会发现特别好玩hhhh）认真听他的课能收获到很多几何学之外的数学知识，如果要选几何学的话强力推荐选他。但是几何学真的难，没想到才入学可能就要过早体验挂科的滋味，不太建议个性修这门课。王枫老师任教的其它课应该都与我无缘了，希望在校园瞎逛的时候还能再偶遇他吧。提前祝老师2019新年快乐♡
95909,2282,王枫   ,2019-01-20 08:06:49,2,5,3,（我写这条评论的时候几何学分还没出，我可能要挂了\n\n但王枫真的是好老师，上课思路严谨，思维很快，他花在推演公理体系上的时间如果好好听的话是有收获的（虽然我没听……）\n\n顺便奉劝学弟学妹们几何学平时别看着书写作业，不然就像我一样……能不能留院全看wfgg能不能把我从及格线下捞上来了˙Ꙫ˙
96440,2282,王枫   ,2019-01-21 03:42:39,3,6,3,每次上课都感受到了智商上的绝对压制
96716,2282,王枫   ,2019-01-21 09:42:05,3,6,3,老师讲的好，怪我太菜不认真要退院了，但是老师押的题一道都没考emmm扎心了
98571,2282,王枫   ,2019-01-28 10:20:35,7,10,3,几何评分emmmm
98591,2282,王枫   ,2019-01-23 15:26:38,3,6,3,还没出分。\n\n先评论先\n\n王枫老师 真的是好老师 思维缜密 逻辑清楚\n\n我几何学得不好 纯属自己原因\n\n大家一定要把几何当回事 \n\n虽然期末题大家都说不难\n\n但我还是在及格线挣扎\n\n希望王枫老师能捞我一手吧.\n\n但是王枫真的是特别棒的老师!!
98622,2282,王枫   ,2019-01-23 16:07:55,1,4,3,老师很好很可爱 后悔自己没有好好听好好完成作业 真是对不住老师了。
99710,2282,王枫   ,2019-01-25 05:29:20,3,6,3,几何出分前来评一波\n\n老师是好老师，但我没好好学也是真的。\n\n一直有人像我一样抱着几何学用不上，随便学学的那种想法，总之现在就是很后悔\n\n绩点肯定是低的，只求不挂吧。\n\n希望以后的学弟学妹们可以重视每一门课
101505,2282,王枫   ,2019-01-28 10:18:07,15,17,2,啊真的挂了。。是我的错老师，但是感觉平时不管是交作业还是小测都挺好的呀，期末考试凉了就，，凉了的吗。真是抱歉\n\n
101510,2282,王枫   ,2019-02-09 12:33:54,16,17,1,几何课是紧张 崩溃 而快乐的…
101513,2282,王枫   ,2019-01-28 10:46:00,8,10,2,唉╯﹏╰心都碎了
101534,2282,王枫   ,2019-01-28 11:13:57,16,18,2,怎么说呢。。。创造最低绩点记录～也是我付出不够，能力不足吧。上课有点不太跟得上，当然老师还是好老师，用心应该就会学得好。老师给分我觉得不算太好，毕竟也认真了平时付出还挺多的，真的给分太苍凉了。
101537,2282,王枫   ,2019-01-28 11:37:25,21,23,2,我感觉考试发挥的不错鸭，等了这么久才出分，怎么才六十几分，绩点军阵亡(ﾉಥ益ಥ)
101539,2282,王枫   ,2019-01-28 11:38:15,19,21,2,来补充一些给分特点：挂科很难，上4也很难（1.5我很满足了
101559,2282,王枫   ,2019-01-28 12:29:30,7,8,1,老师教得很好，怪我旷课还不提前预习呜呜呜，刚刚没挂科而已，也确实是自己考出来的分数，，以后学弟学妹一定要认真对待这门课呜呜呜。
101606,2282,王枫   ,2019-01-28 14:50:15,20,21,1,虽然挂了，还是给十分。希望老师您能告诉我怎么挂的。?
101649,2282,王枫   ,2019-01-28 18:16:21,2,10,8,数院智商担当
101665,2282,王枫   ,2019-01-29 16:15:25,9,10,1,怀疑没有平时分..为什么这么低..
101709,2282,王枫   ,2019-01-29 02:03:18,16,21,5,这给分我真的服了，不仅没调分，感觉比预计的还低
101808,2282,王枫   ,2019-01-29 06:56:46,9,10,1,老师讲课没问题的，逻辑清晰，就是课程太紧，给学生思维留白不够，只能提前预习。还有……希望两位老师一致啊，一起调分啊！这个班的分数绩点和另一个班完全比不了……
102023,2282,王枫   ,2019-01-30 04:43:01,8,10,2,天堂到地狱莫过于此，我只想知道为什么几何学没有过程成绩，感觉改卷很严，虽然老师上课水平可以，但给分实在太酸爽\n\n
103975,2282,王枫   ,2019-03-08 07:24:47,-4,2,6,给分差差差差
105791,2282,王枫   ,2019-04-20 13:46:35,2,2,0,挺好的鸭
105795,2282,王枫   ,2019-04-20 14:53:42,6,6,0,王枫老师人很可爱，讲课很清楚思路清晰【不看书】，但是但是，期末考试前能不能不要提供虚假消息呀orz
107348,2282,王枫   ,2019-05-04 05:56:06,32,32,0,一年多前上的几何学，当时的查老师戾气还没有那么重，我们一个寝室都是他的迷妹，智商 思维 讲课水平都完爆数院大部分老师，尤其是这么年轻，很好交流，也知道怎样满足大一刚接触大学数学的本科生的接受能力，最后出分的时候整个寝室都没上3，大家一起认真学了，能力如此而已，老师也不乱打分，只想说这样的好老师 让我的大学四年煎熬的数学生涯有了一个很美好的开端，和鼓励的回忆
114303,2282,王枫   ,2019-07-09 17:32:29,0,1,1,点集拓扑调分真的感人
116795,2282,王枫   ,2019-09-19 11:52:56,1,2,1,讲课速度快、讲的也不错、但给分很垃圾
125380,2282,王枫   ,2020-09-08 02:18:06,3,5,2,拓扑这种东西需要天赋，哎，老师讲得还是很细的，节奏很紧凑。线上直播授课时课件笔记里字写得不忍直视，不预习的话上课难跟上。特地在出分前来评，个人能力有限，不指望成绩了。
130527,2282,王枫   ,2021-01-23 12:25:40,6,6,0,老师的课特别好，智商情商高，博闻强记，知识面大，竺院第一优秀！
135721,2282,王枫   ,2021-05-20 15:41:32,0,2,2,不知道评论的怎么了，今年ckc的真的累的没时间了，枫拓扑那么快，大家都在讲和自学没区别，不想说了
135783,2282,王枫   ,2021-05-25 16:00:50,2,3,1,上的快还是慢不过是3学分班和2学分班的区别，关ckc什么事？
137664,2282,王枫   ,2021-07-05 13:49:04,7,7,0,王枫gg我男神好吧
137668,2282,王枫   ,2021-07-05 14:02:26,7,7,0,说今年3学分拓扑讲的快我可以理解，说跟自学没区别的我想应该是上课没怎么听课加上自己预习不充分吧？客观评价老师讲的还是很好的，上课非常紧凑，基本上不讲什么废话
138720,2282,王枫   ,2021-07-10 13:21:22,7,7,0,真的不错！虽然平时上课听不太懂，但是感觉wfgg上课很有逻辑，最后给分也挺好的了，虽然不高，但也主要怪自己没怎么学明白。wfgg，yyds！
138973,2282,王枫   ,2021-07-12 05:06:29,9,9,0,好老师，讲得很有条理。点集拓扑上课前一定要预习，不然上课的时候会错过一些重要例子。作业和小测难，期末考试比较简单，最后给分也挺好的。
140190,2282,王枫   ,2021-09-04 00:59:30,2,3,1,旁听一学期点集拓扑然后就爱上了，王老师讲课真是超级好，清楚明白，也很有思想性
141057,2282,王枫   ,2021-09-22 11:42:28,16,17,1,上了yf的代数拓扑之后，我才悟到wfgg的3学分点集拓扑讲得是多么有条理。
143180,2282,王枫   ,2021-11-21 01:01:46,1,9,8,他的微分流形课很瑟情，狗都不上
144377,2282,王枫   ,2021-12-21 08:52:26,1,1,0,。..
145124,2282,王枫   ,2021-12-27 14:04:23,1,2,1,男神！几何学，用一种高的观点，给了很多的启发
147525,2282,王枫   ,2022-01-10 06:51:31,0,1,1,我的男神！！！讲的很透彻，逻辑清晰，是难得的好老师
148929,2282,王枫   ,2022-01-14 03:28:41,-2,1,3,感谢wfgg几何学期末放海！爱宁到永久
149244,2282,王枫   ,2022-01-15 01:10:15,0,5,5,微分流行给分真的有问题，学这门课我只能说努力了和收获不成正比，而且还不只一个人是这样
149779,2282,王枫   ,2022-01-17 03:17:25,4,5,1,微分流形这课性价比太低，花了大量的时间不一定能取得高分。后面的学弟学妹们，七选四我要劝退一波这课
151987,2282,王枫   ,2022-03-22 12:32:31,0,2,2,爽爽爽
152416,2282,王枫   ,2022-04-16 01:51:54,11,17,6,老师很好（经验明显不足），但助教是🐷🐶🐮🐴，平时作业是不是和答案不一样就算错？甚至和拍照搜题一样的答案都打错，助教脑子有病吧？？？
153650,2282,王枫   ,2022-05-07 03:30:41,4,5,1,绝对的好老师，数学教育的楷模，奈何教授课程本身难度极高，学不好应该多想想自己的问题，┭┮﹏┭┮。老师的思路清晰，水平极高，而且上课也很认真，这是毋庸置疑的
154028,2282,王枫   ,2022-05-19 15:26:17,3,4,1,慎选，难度非常夸张
154134,2282,王枫   ,2022-05-24 09:01:36,5,5,0,完全听不进去。
154516,2282,王枫   ,2022-06-02 03:20:52,0,2,2,学生垃圾不解释
154728,2282,王枫   ,2022-06-04 08:28:39,3,4,1,老师很好，我很垃圾。
155079,2282,王枫   ,2022-06-08 05:44:18,0,1,1,。。。
155819,2282,王枫   ,2022-06-16 06:12:56,8,10,2,wf是我爹
155872,2282,王枫   ,2022-06-16 10:51:55,3,5,2,wfgg是我的男神，浙大需要这种用心教学的好老师！
157171,2282,王枫   ,2022-06-22 07:04:33,1,3,2,啊枫真厉害
157332,2282,王枫   ,2022-06-23 03:45:24,1,2,1,上的点拓课\n\n老师讲得很好，也很清晰\n\n是我学不会了
158038,2282,王枫   ,2022-06-26 11:05:47,3,5,2,点拓选wf就对了
158927,2282,王枫   ,2022-07-03 11:52:19,4,6,2,讲课体验很好
160662,2282,王枫   ,2022-09-29 16:54:07,1,3,2,要是所有的数学老师都像王枫老师就好了。\n\n\n\n讲课节奏比较快，每节课都能吸收到很多知识。（点拓和代拓）\n\n\n\n但是流形好像讲得比较慢，我能看到我旁边的同学在从上课开始就玩手机。课堂内容只能勉强让他们睡不着。。。\n\n\n\n要学流形的话。。。建议先把点拓H全部学完（千万不要学网课一半不学了），商拓扑那部分普通班点拓好像不讲。。。\n\n\n\n分析学III最好也学下，普通班的数分III的多元微积分那块知识对于流形来说非常不充分。。。
161146,2282,王枫   ,2022-10-29 09:01:10,0,1,1,我只能说，王枫代拓3.65的均绩才是真实的
162693,2282,王枫   ,2022-12-09 10:02:42,1,1,0,期中的Quiz是惟一的一次点名。\n\n所以严格来说老师还是点名的。\n\n\n\n不过我这次评论的主要目的是：\n\n\n\n微分流形还好，代数拓扑要学不会了呀o(╥﹏╥)o，谁能救救我\n\n\n\n还有3.65那位我想还是太乐观了，我连作业都困难。
165359,2282,王枫   ,2023-01-02 14:24:46,4,4,0,讲课很认真，这样优秀的老师，是我来大学学习的意义
170079,2282,王枫   ,2023-03-01 09:34:11,6,6,0,22年上的wfgg的点拓，刚开始听觉得很有趣也较为简单，后面就跟不上了，没听课了，作业也就基本抄的了...但是期中、期末考试前两天把wfgg的课回放认真看了一遍，感觉他真的上的很好！而且其实点拓也没有整本书上完，算在考试范围内的内容还是比较少的。真的很不错！也没有卡绩！虽然我的绩点没有特别高，但我觉得给分真的很不错了！
171699,2282,王枫   ,2023-04-02 11:35:50,8,8,0,超级强
175591,2282,王枫   ,2023-06-25 16:32:00,7,8,1,上课很细致，定理证明几乎都讲，很耐心地叙述。期中有一次小测，满分20分，三道题大概，去了就给10分。奈何今年卷子太难，老师很求是，基本没捞，卷面分估计60几，出成绩之后也确实就60几……
175597,2282,王枫   ,2023-06-25 18:36:02,7,9,2,这学期选了2学分的点集拓扑作为跨专业。\n\n老师讲课思路一直很清晰，节奏个人感觉是偏快吧，不过只要认真听跟着wfgg思路来不会有太大问题的。从不点名，有个20分小测，你去签到就算你来点名有10分了；今年期末有些离谱，但从身边统计学来看wfgg也是尽可能地捞了。\n\n然后助教lxgg也超好，非常详细的答案还细心地附了参考文献，供我们自主学习加深理解。\n\n最后评价一下这个课程本身吧。我觉得zju的点集拓扑可以推到大二下学期与实变函数一起上。之前学实变有个“R^n中的紧集和有界闭集等价”我就一直不明白为啥还要专门搞一个紧集的概念，后来学到紧致性才知道Hausdorff空间才具有这个性质。我也和隔壁那位观点一样：二者融会贯通学起来更有体会一些。\n\n不管怎么说，最后能拿到满绩很开心，吹爆wfgg，10分:)（btw有认出我的请装作不认识我qwq）
175650,2282,王枫   ,2023-06-26 04:40:57,5,5,0,谢谢王枫gg捞我，点集选王枫gg，品质保障
177907,2282,王枫   ,2023-07-05 11:03:34,2,2,0,上课质量很高，虽然我很少听，但最后突击的时候听他呢智云就对了，会有很好的收获（虽然期末可能还是考不好）hhh，不过老师巨捞就对啦
178035,2282,王枫   ,2023-07-06 10:30:10,2,2,0,上课质量很高期末很难，但是海底捞
178948,2282,王枫   ,2023-08-04 03:40:01,1,2,1,wfgg很好很好的老师，很关心学生。\n\n讲的知识全面详细，高观点。\n\n简直就是完美的老师！
179553,2282,王枫   ,2023-09-18 06:57:09,14,14,0,难的东西唯一的问题就是难，但难不是他的问题而是你的问题（
180477,2282,王枫   ,2023-09-22 02:19:27,-19,1,20,说实话，老师语速确实好快，几乎来不及反应，而且还有ok的口头禅，我觉得还是会影响上课的效果的，个人受不了某一个词语的频繁出现
221071,2282,王枫   ,2025-06-21 05:58:19,1,1,0,wfgg海底捞！！特地前来感恩！！！！！
221104,2282,王枫   ,2025-06-21 09:08:33,2,2,0,真神，海底捞，虽然被卡，但还是很感激
3694,2424,林智,2015-06-17 02:21:10,18,55,37,老师气质太帅！上课绝对不会睡着！\n\n
3826,2424,林智,2015-06-17 05:30:09,0,7,7,感觉常微分老师都很水啊。反正都自学……
4255,2424,林智,2015-06-18 10:54:06,10,23,13,会讲一些相关课外，有趣的东西，对学习挺有帮助的
5645,2424,林智,2015-07-09 02:25:43,2,5,3,老师讲得很详细
6543,2424,林智,2015-07-15 03:16:51,5,9,4,讲的课外的东西感觉好高深
19090,2424,林智,2016-01-23 08:50:52,8,21,13,长得帅呀，数学这种都得看自己学的好不好，老师还是非常好的
24691,2424,林智,2016-05-03 06:11:10,24,37,13,电脑贴不错
24702,2424,林智,2016-05-03 07:02:23,5,12,7,谁说不会睡着的，超想睡的好吗？
25590,2424,林智,2016-05-26 15:11:02,24,41,17,一股学霸学长的气质
26580,2424,林智,2016-06-20 07:25:18,8,14,6,听常微分一定要坐前排不然看不到板书 老师讲的很详细就是偶尔口胡 冷笑话也会讲不过很少
26846,2424,林智,2016-06-21 09:42:15,4,7,3,就是专门来打分哒。同意楼上“学霸学长的气质”。
26952,2424,林智,2016-06-22 01:42:01,-2,0,2,膜 仰慕\n\n
27933,2424,林智,2016-06-28 06:01:27,4,5,1,只是很渊博，无奈作为数学渣想在课上听的很懂真的无力……
28445,2424,林智,2016-06-28 09:01:16,1,2,1,老师水平很高，就是讲得有点快，跟不上QAQ
28461,2424,林智,2016-06-28 09:06:20,13,19,6,普及一些课外知识，非常好的老师。可能是经验不足吧，总是觉得表达上不是非常清楚。板书从未看清过，虽然用ppt……不是，LaTeX打出来的PDF（老师玩得好高端）讲，不影响什么。
28617,2424,林智,2016-07-07 02:52:18,-2,0,2,棒棒哒！
29058,2424,林智,2017-01-18 01:47:23,-15,8,23,期末考的很差劲，老师却给了4.5，真的惊喜。之前看他偏微分均绩那么低以为给分很严格，真的惊喜！谢谢林智粑粑^3^
29219,2424,林智,2016-06-29 12:22:18,16,24,8,作为男生，对他没什么感觉，完全是自习的
29453,2424,林智,2016-06-30 00:13:10,5,16,11,林智是男神啊，hhh，来自一只迷妹。
32450,2424,林智,2016-07-07 02:15:10,1,3,2,喜欢这种干脆利落的强老师
32457,2424,林智,2016-07-07 02:41:52,-2,6,8,给分怎么这么好，我怀疑是不是录错了……
32460,2424,林智,2016-07-07 03:11:38,-2,3,5,给分超级好。\n\n
32461,2424,林智,2016-07-07 03:11:51,-2,3,5,给分不错
32473,2424,林智,2016-07-07 04:25:24,0,1,1,良心老师，虽然年轻但是讲的非常有条理，给分赞。
32516,2424,林智,2016-07-07 10:13:31,1,4,3,没让我挂科，简直是恩人
32612,2424,林智,2016-07-08 04:50:20,-1,1,2,会讲一些课外知识，是个还老师，给分也不错。
33805,2424,林智,2016-09-22 01:18:47,4,9,5,我是老师的迷弟！老师口音带着台湾腔，而且时不时会有幽默，太帅了！
34640,2424,林智,2016-10-17 05:45:00,0,4,4,也许是个学霸 但是讲课花式结巴，讲不清楚。
34691,2424,林智,2016-10-18 07:58:41,-1,1,2,特别好的老师
35214,2424,林智,2016-11-06 03:33:20,1,4,3,厚道\n\n
35777,2424,林智,2016-11-10 08:07:18,-3,2,5,和徐翔一样，评分有颜值年龄加成，徐翔是阳光大男孩，林智长得像?，保佑我复变?
36758,2424,林智,2016-11-16 02:37:45,2,4,2,很遗憾复变和常微分不是他的
37095,2424,林智,2016-11-17 11:43:13,-2,1,3,老师很好?从来没做到过前两排的位置
37096,2424,林智,2016-11-17 11:43:35,-2,3,5,林智爸爸，其实是学长一样的大男孩啦，真的是一个好老师，不时会有一些口误却也让生硬的课堂有了一丝趣味，重要的是给分真的好棒啊！！！
37097,2424,林智,2016-11-17 11:44:22,-2,1,3,给分好，猴子学长
37098,2424,林智,2016-11-17 11:47:00,-2,1,3,超级棒
37100,2424,林智,2016-11-17 11:55:07,-2,2,4,一个字 帅！
37101,2424,林智,2016-11-17 11:55:36,-3,3,6,老师上课讲的很认真，有多的时间还会讲课堂外的东西拓宽视野，给分也很好呀，复变等了很久，一定是想办法送分的！！！！大爱林智爸爸！！！
37102,2424,林智,2016-11-17 11:56:52,-3,4,7,真是太喜欢林智男神啦=w=做错了一道保角映射，还是满了。是一个很有风度的男人hhhh
37103,2424,林智,2016-11-17 11:58:30,-2,2,4,男神老师，给分超级棒！
37251,2424,林智,2016-11-18 04:38:58,14,27,13,上课前看这里的评论，“老师好帅” \n\n在课堂上第一眼看到老师觉得，“这也能称之为帅？”\n\n张嘴讲课之后，“woc 怎么有讲起课来这么帅的老师”\n\n讲的很清晰，稳
37411,2424,林智,2016-11-18 16:24:19,-1,2,3,超棒的老师 会讲课外的知识 长得也很帅
37485,2424,林智,2016-11-19 04:54:29,0,1,1,讲解清晰
37673,2424,林智,2016-11-20 05:01:57,-3,6,9,我的成绩4.5，室友4.8。难过的是自己平时不认真，作业扣了0.3。用心学，其实林智老师还是很负责的。不过比较坑的是，他不收补觉的作业！！！
37728,2424,林智,2017-01-19 02:34:30,-3,2,5,不多说，智哥稳
38492,2424,林智,2016-12-07 02:40:57,0,3,3,总感觉老师的小胡子茬很性感
38665,2424,林智,2016-12-14 02:24:52,0,1,1,浓浓的学神气息，基本跟不上思路。
39168,2424,林智,2016-12-21 12:08:24,0,0,0,讲得很好，无奈偏微分太变态
42682,2424,林智,2017-04-30 02:27:25,21,40,19,坑b啊我操
44554,2424,林智,2017-01-18 02:54:08,3,8,5,谢林爸爸不杀之恩，本学渣上八十了……\n\n林爸爸可是三十就在美国教偏微的人
44609,2424,林智,2017-01-18 04:12:35,-2,3,5,感谢智爸爸不杀之恩
44617,2424,林智,2017-01-18 04:31:36,-4,4,8,上课还行吧，邮件里看出是一个非常自以为是的人，鄙视否认不同的价值观。
44646,2424,林智,2017-01-18 05:21:08,2,8,6,林智是真男神!!给分超好!!
45194,2424,林智,2017-01-19 06:28:14,5,7,2,考试周之前早点开始自学刷题就对了。。。
46230,2424,林智,2017-01-21 03:33:12,-2,0,2,还不错
46247,2424,林智,2017-01-21 04:44:14,-1,3,4,老师有学霸学长的气质，对于偏微这种课听不进去完全只能怪知识太难，期末考试老师的给分还是很仁慈的。
47987,2424,林智,2017-04-30 12:58:11,31,50,19,真的是考得比给分好，天知道绩点出来怎么这么低，都什么鬼啊？感觉基本没有讲过技巧我考试都是自己看书看的，不知道那群人在表白什么。
48991,2424,林智,2017-03-30 07:25:49,8,12,4,自学呗，老师讲课是那种竞赛同学的节奏
49643,2424,林智,2017-04-21 08:47:42,39,50,11,。我破个节奏，感觉老师表达能力欠佳，知识讲得不透彻，抓不到知识重点，很多例题他自己也稀里糊涂，总之一定要学清楚自己看书。但老师人挺好的。
49711,2424,林智,2017-04-24 14:17:01,-2,3,5,老师气质帅，长腿。期末没考好，希望老师会调分
49785,2424,林智,2017-04-26 03:26:30,-3,1,4,超级好的老师，如果用心听课会学到很多知识！
50095,2424,林智,2017-04-29 13:37:50,28,33,5,自认为考得比分数好。。身边好几个都如此。蓝瘦香菇。\n\n讲课的话，没有查老师上说的那么神，只能说尚可，且快
50101,2424,林智,2017-04-29 23:38:06,2,5,3,老师讲课节奏比较快，但很注重思维，也比较系统;做题技巧方面不会涉及太多，自己复习很重要。绩点比预想要低，不过也不能怪老师，数学要靠自己，只不过老师不太会在成绩上额外帮你就是了。
50121,2424,林智,2017-04-30 03:22:54,44,58,14,期末不加平时分的？？？？？
50123,2424,林智,2017-04-30 03:36:05,-8,5,13,伯努利的100代传人。。虽然上课没听懂过，但常微是出乎意料的高。。
50162,2424,林智,2017-04-30 12:25:32,67,87,20,给分很差，基本没有师生情吧\n\n
50221,2424,林智,2017-05-01 12:40:33,7,13,6,感觉最终出的分是卷面分的话还是合理的，不过真的没有平时分嘛？？？楼上那么多不是都说给分好的嘛。。。难道真的是考试炸了？讲课还是可以的主要还是帅
50294,2424,林智,2017-05-02 08:07:12,2,5,3,是我自己太渣，不怪老师
50357,2424,林智,2017-05-02 12:29:11,3,4,1,老师很好呀
50417,2424,林智,2017-07-03 04:18:13,5,9,4,常微分自学很重要也完全可以的，不懂的地方问老师。
50536,2424,林智,2017-05-03 10:13:51,0,1,1,。。。。
50851,2424,林智,2017-05-07 04:14:12,4,10,6,给8分。讲的很好，但是因为冲突课程又要点名又要小测。扣的2分是因为2017年春学期考试周卷子出太难【滑稽】不过谢谢林智爸爸给拉到及格，要是在隔壁班铁挂了。
50853,2424,林智,2017-05-07 05:18:47,-3,4,7,很差劲
51273,2424,林智,2017-05-27 01:51:11,0,4,4,讲得太快了 简直自学
51288,2424,林智,2017-05-27 12:42:18,-3,4,7,玄学\n\n差评
51289,2424,林智,2017-05-27 12:42:41,-2,5,7,人帅智商高但是我们太愚笨了
51457,2424,林智,2017-06-06 01:34:19,0,3,3,听不懂，完全自学
51615,2424,林智,2019-01-06 06:07:43,1,11,10,第二次给老师评分，三个室友都上过他的课，真的.. 很厄.. 疑惑为什么有8.7分  完全意识流  在讲些什么 全程听完  什么都没get到  每次课都认真听了 都没get到东西 自学吧
53323,2424,林智,2017-06-26 11:04:39,-2,1,3,给分坑
53630,2424,林智,2017-06-27 07:56:47,1,4,3,不知道说给分好的是什么想法。。。
54585,2424,林智,2017-06-29 18:32:24,-1,2,3,水平很高 教课能力很差
54814,2424,林智,2017-06-30 09:04:09,1,1,0,助教改作业很水，其实老师是很负责的，给老师发的邮件老师总会很快回复，只是平时分给的很严格，平时作业一定要好好做。
54968,2424,林智,2017-06-30 13:43:04,-3,1,4,没有之前说的那么好吧。。。上课确实。。意识流，ppt也比较差，嗯胜在人帅hhh
55013,2424,林智,2017-06-30 16:05:52,1,1,0,给老师跪下了
55089,2424,林智,2017-06-30 23:42:40,1,3,2,教得好还有拓展，在林老师这我拿了大学第一个满分！
55132,2424,林智,2017-07-01 01:22:02,0,3,3,大学第一次拿了100分
55428,2424,林智,2017-07-01 13:11:45,0,1,1,常微分啊，靠自学
55576,2424,林智,2017-07-02 03:01:05,0,0,0,你们的常微都出分了吗。。。
55999,2424,林智,2017-07-03 01:43:05,8,12,4,老师长得帅，气质好....上课也很有感觉，大学第一个满绩，其实只要认真复习成绩还是很可以的
56008,2424,林智,2017-07-03 02:09:27,0,0,0,哈哈哈
56009,2424,林智,2017-07-03 02:08:55,2,4,2,林老师很好的，气质很帅很年轻…我还以为是助教…他上课节奏比较快，但是课后如果认真研读课本再去理解他的例子和话，就会感觉豁然开朗。
56022,2424,林智,2017-07-03 02:44:33,0,6,6,虽然被卡一分没满绩，不过对于微一3.3的我来说已经很满意了啊，感谢智爸爸！人帅讲课好给分高！
56082,2424,林智,2017-07-03 04:39:36,-7,2,9,第一次一百分，好激动\n\n
57008,2424,林智,2017-07-05 06:55:33,3,4,1,长得帅，感觉稍稍有点台湾口音？讲课讲的也很清楚。上课部分讲完之后也会给同学们补充一些例子和证明，积极和同学互动，讲课也很有趣啦！比某些提前一节课下课的老师好太多了呵呵呵
57351,2424,林智,2017-07-07 03:17:37,-2,3,5,负责任，水平高，给分也不错
57352,2424,林智,2017-07-07 03:19:31,-1,3,4,挺好的，还会再选
57460,2424,林智,2017-07-08 06:13:36,-24,3,27,反正我满绩
59112,2424,林智,2017-09-19 15:30:18,0,3,3,满分。。。因为我满分了，所以也给老师满分，老师很棒的，自己抱着一堆作业回办公室。
61733,2424,林智,2017-11-20 11:51:51,1,3,2,上课没听懂过，牛逼是牛逼，就是讲得太深了，没听懂过，也没觉得哪里帅。给分一般
63601,2424,林智,2017-12-23 10:26:39,-21,6,27,垃圾老师，从来不管学生接受的怎么样，只管自己讲，死板的学术狗
77000,2424,林智,2018-04-28 01:49:17,0,2,2,有收获
84165,2424,林智,2018-07-12 07:14:43,3,8,5,给分根本没有师生情，强烈不推荐。研究生的课给挂，真是太过分了。我除了每天做实验，其他的时候我都在学这门课，投入的精力并不少。研究生本来做实验就很忙了，现在给了挂科还要重修，真的烦的要死。
103524,2424,林智,2019-03-15 15:47:00,2,4,2,真的不怎么样
104854,2424,林智,2019-03-29 00:04:15,3,6,3,就说说对学生的态度吧，讲课态度尚且不谈，发作业不编号，每次找作业巨痛苦，撅个屁股在讲台上找作业，我也是醉了。
105716,2424,林智,2019-05-02 03:01:10,11,14,3,是不是出卷老师不能调分？
106244,2424,林智,2019-04-26 02:36:35,5,8,3,睿智一个
106263,2424,林智,2019-04-26 03:32:12,1,5,4,虽然老师话说不好，但是教的还不错啊，教了挺多技巧的，还会教你怎么用常微分证明开普勒定律
106410,2424,林智,2019-05-07 02:34:07,20,24,4,隔壁fdy班的来稍微说一下，我们给分是助教调，和老师无关。批卷子是统一的，试卷很难，后面部分给分都挺不好的，我知道大家都很伤心。旁听过林老师的课，感觉一般。希望以后查老师的评论大家还是多关注一些实际的。
106569,2424,林智,2019-04-28 06:54:47,3,4,1,老师你的卷子有点难啊
106817,2424,林智,2019-04-30 01:42:22,2,2,0,还不出成绩，哭了
107112,2424,林智,2019-05-01 16:08:38,2,2,0,。。。谁听了谁知道
107121,2424,林智,2019-05-02 07:35:10,12,14,2,给分比预期低好多。。。似乎是结果错的、没算完的一分不给
107123,2424,林智,2019-05-01 23:55:55,15,16,1,难以想象分数怎么给的\n\n是不是对就满分，错就零分？
107140,2424,林智,2019-05-05 07:24:51,2,6,4,反观隔壁方道元出分后的评价，不多谈
107156,2424,林智,2019-05-02 02:53:40,4,5,1,讲得挺好挺好挺透彻，给分超垃圾。
107158,2424,林智,2019-05-02 03:01:09,14,16,2,最后一节课提前下课的老师。。。目测不给步骤分
107172,2424,林智,2019-05-02 04:49:18,3,4,1,讲课也还行，毕竟常微分这门课要求较低，自学会解方程都行。但是给分是真的没想到的低，真的懵逼。
107176,2424,林智,2019-05-02 05:37:28,2,2,0,老师声音洪亮又很好听 作业不多 只可惜我太菜 批卷我猜比较严
107217,2424,林智,2019-05-02 09:56:27,3,4,1,给分差
107239,2424,林智,2019-05-02 14:17:02,10,17,7,不知道前面说老师帅的是啥心态，上课是看老师样貌的?？感觉上课不知道讲啥，基本上是课后自己学的......还是靠自己的多......而且这是我见过的第一个没有组织qq群微信群的老师orz......
107292,2424,林智,2019-05-31 17:00:38,-72,18,90,我给10分。前面说给分差就算了，说考的没给的好什么意思？自己考成什么样子心里没一点逼数吗？说到底还是自己没努力够，成绩太烂就找老师发泄，扪心自问一下是不是这样 \n\n?（回复楼下：我不仅满绩，而且满分，你不服吗，论智力谁蠢？（笑））\n\n（另外你感觉到的所谓的“阶级背叛”只能说明你思考问题多么的幼稚）
107339,2424,林智,2019-05-04 04:37:14,4,4,0,选的是常微分方程\n\n给分很迷啊，没有过程分查询，又没有班级群可以问（服了）\n\n上课讲得比较随意，总感觉他有点散漫，就是按照流程走，然后提前下课（考验自学的能力）\n\n不帅，称不上男神（高亮的大骗子啊）\n\n个人观点，不喜勿喷\n\n
107409,2424,林智,2019-05-05 02:53:44,0,1,1,给分不太好
107473,2424,林智,2019-05-05 12:41:35,0,2,2,这几天看着老师的评分从9.1降到了8.5略略路
108395,2424,林智,2019-05-30 11:17:47,-40,6,46,说给分差的，自己扪心自问努力了多少。满绩的人又不是没有(反正我满了)，都是考进来的，自己想想为什么，都是成年人，多找找自己的原因。
108697,2424,林智,2019-05-31 09:59:53,3,4,1,常微分上他的课，作业本又不编号，期末考试发邮件又不回，课讲的又不清楚，什么老师。
108720,2424,林智,2019-05-31 16:59:42,0,1,1,讲课不错，出题太狠了
109536,2424,林智,2019-06-16 16:06:48,1,3,2,大型屁股决定脑袋现场。。。
115553,2424,林智,2019-08-03 08:10:02,0,2,2,讲课确实有些结巴，但是比起fdy真的算讲的不错的了。。
118823,2424,林智,2019-11-06 14:55:54,20,24,4,上过他的常微分方程。他是一个很好的老师，讲课没有那么意识流吧，感觉他也为了讲课做过很多准备，特别是他的课件就很不错，完全开源，即点即下，太让人感动了。我的复变老师不是他，但是上课前看了他的课件预习，就挺精炼地概括了一些知识点。针对常微分方程，他应该也看了很多微分方程方面的科普和公开课来更好地讲课，还记得他在常微分方程课的第一节上就给我们演示了他用软件做出来的向量场图像和其中一条积分曲线，真的令人印象深刻，时隔半年我还记得，让我对常微分有了一个形象的理解，结果后来我看了MIT的微分方程公开课，发现那位老师第一节课也是这样讲的，也说明林智确实为上课做了很多准备，至少在常微分课上是这样。
119621,2424,林智,2019-11-14 07:46:11,1,1,0,老师很有魅力 努力学习偏微分 努力跟上?
121875,2424,林智,2020-01-23 04:57:04,4,7,3,真tm。。。第三周以后补交作业不给算分数是什么鬼，平时分30多分一共包括就6次作业，一次作业多少分自己算算就知道了
122904,2424,林智,2020-04-19 14:05:53,3,4,1,感觉评分有点虚高啊…上课感觉不预习根本跟不上啊…而且感觉高估了我们的微积分和线代水平…讲题还是很清晰的，但感觉理论部分有点过于提纲挈领了…
125357,2424,林智,2020-09-07 11:21:50,2,3,1,谢老师海底捞，巨深的那种！好老师，不解释。
125371,2424,林智,2020-09-07 23:35:27,0,1,1,给分很差
125377,2424,林智,2020-09-08 01:46:01,2,7,5,常微分，一学分的短学期课，花了一整天时间复习，考试只有最后一题没写，绩点3.0，可能批卷比较严格？或许就是我太菜了叭！老师人挺不错，但是可能给分不太好。
125393,2424,林智,2020-09-08 05:44:07,1,2,1,复习了两天，历年卷基本刷完了。考试的时候都写出来了结果第二天出分分数有点难以接受，可能是哪题算错了吧。老师人挺好，但是听他上课会因为线性代数和微积分的一些知识感觉比较困难吧，需要自己多课后学。
125401,2424,林智,2020-09-08 16:41:36,-1,1,2,上课还行，给分不好
127156,2424,林智,2020-11-11 07:19:43,2,3,1,上课不证明定理。。。真的是太高估我们了，难顶。。。
133891,2424,林智,2021-03-09 06:30:19,2,3,1,不知所云
135809,2424,林智,2021-05-27 03:14:56,5,8,3,常微分小测考大题不好吗
136452,2424,林智,2021-06-18 05:11:10,2,4,2,为什么不能补交作业？？一次不小心忘交，总评差不多4分就没了？？
137474,2424,林智,2021-07-04 10:16:40,2,2,0,不是特别喜欢
138369,2424,林智,2021-07-08 22:03:13,3,7,4,讲课思路挺清晰，可以对学生太苛刻了，没有情分。作业因为学在浙大的bug没有上交成功就不能重新提交(有截图展示在截止日期前写完），认认真真写的东西就这么被冷落。期中考试占比20%就5个选择题，错了一道题总成绩直接下一个半档。错了三个题直接凉凉。不知道为什么自己错了总感觉题有问题，问他他也不说也只说自己回去想想。我真都不知道自己怎么死的，期末考试全部做完检查了一半，总评还只有84。莫名其妙就被绩杀这种感觉真的不太好，希望林智老师能把我们当成会犯错误的人来看待。
138520,2424,林智,2021-07-09 15:27:26,4,7,3,我 的 常 微 分 没 有 挂！！而且不是低分飘过呜呜呜考试的时候真的人没了
139803,2424,林智,2021-07-28 04:43:00,12,17,5,老师思路很清晰啊，可能只是每个人的习惯不一样吧。至于成绩么，数理课不都靠自己吗……做错了就是做错了，别真的以为把你捞上一个高的成绩就是你学得更好了，上完课学会了什么自己心里有数。
139805,2424,林智,2021-07-28 05:18:54,4,7,3,老师给分很好
139861,2424,林智,2021-08-03 16:01:07,4,9,5,老师给分挺好的。我小测在满分100分的情况下只有60，作业基本是满分，最后复习阶段用了半天来复习，感觉自己期末考的挺好的，最后也给了4.8。如果按照原本小测分数占的比例折算，我是绝对拿不到4.8的，老师应该也有调分的。\n\n另，看到老师在钉钉群里发的消息有点难过，想说一句，起码在我心里，我觉得林智老师是很棒的老师！
141467,2424,林智,2021-10-10 17:38:07,2,2,0,呵呵呵
141736,2424,林智,2021-10-23 13:18:20,2,4,2,老师好帅啊啊啊啊啊
142588,2424,林智,2021-11-14 02:15:06,10,10,0,希望能和其他老师一样调一下分，让大家保持公平
142621,2424,林智,2021-11-14 15:47:14,7,8,1,lz的复变吧，真的是一言难尽。有时候上课真的是听不明白他在讲啥，但是课后自己花时间之后其实能弄明白。就是上课体验很差，想好好听课课后少花时间的基本就是在做梦了。老师人其实还是不错的偶尔问两个问题回答的还是比较专业的。反正就是慎选吧，现在依然记得有几节课听得很痛苦 。。。。
142834,2424,林智,2021-11-16 17:30:56,-1,3,4,上课一般，很困。分还没出。不过老师比较平易近人，对学生比较宽容。舍友小测睡过了还给安排了一次补考。
143264,2424,林智,2021-11-22 15:41:58,0,0,0,害行吧
143265,2424,林智,2021-11-22 15:45:45,1,1,0,讲课一般，但老师的课是认真准备了，讲得很认真，给分也很好！！
143266,2424,林智,2021-11-22 15:46:37,2,2,0,谢谢老师捞我
143271,2424,林智,2021-11-22 15:53:01,14,16,2,father
143273,2424,林智,2021-11-22 15:58:44,2,2,0,感谢老师海底捞！！！
143274,2424,林智,2021-11-22 16:09:40,3,3,0,总是向你索取却不曾说谢谢你~
143280,2424,林智,2021-11-23 00:50:05,0,1,1,海底捞
143283,2424,林智,2021-11-23 01:27:13,1,2,1,老师今年捞人了，还是海底捞
143286,2424,林智,2021-11-23 01:54:45,0,1,1,非常感谢林老师捞我上来
143350,2424,林智,2021-11-24 01:35:54,0,2,2,给分极好
143621,2424,林智,2021-11-29 05:33:08,-7,2,9,坐标2021年秋学期，林智老师海底捞！复变期末考两道大题基本上空着，其他大题计算错一大片依旧被老师捞上4，感谢老师呜呜呜！今年不是拖延出分砍人了，今年是捞人！有过程就只扣一两分那种！
144311,2424,林智,2021-12-21 05:30:11,3,4,1,老师除了小测以外不点名，讲课很认真，我认真在卷了，但是最后出来成绩一般般，可惜
150062,2424,林智,2022-01-18 15:44:45,6,7,1,坐标冬学期！老师偏微分海底捞！
150081,2424,林智,2022-01-19 01:49:41,0,1,1,给分挺好啊\n\n上课讲的比较有深度，不认真听会跟不上，认真听了就ok
150093,2424,林智,2022-01-19 03:56:54,15,16,1,老师从不捞人 给分很差
152875,2424,林智,2022-04-21 06:37:32,6,7,1,这学期老师用全外文授课，不知道老师是一直都这样还是这学期开始改革的啊？对于一个英语菜鸟来说，不得不承认这是个十足的挑战，呜呜
152970,2424,林智,2022-04-22 14:14:35,0,2,2,感谢林老师和助教！我期末考试的时候想不起来一个重要的解法，好多题目算不出来，还有一些题目空着，但是林老师和助教还是把我捞上来了，谢谢！！！
157549,2424,林智,2022-06-23 16:52:02,0,1,1,复变函数给分真的好，捞人厉害，最后满了，感谢老师让我拿到大学第一个满绩
169191,2424,林智,2023-02-24 14:34:44,7,8,1,老师我爱你呀，能把我这样的捞起来，真的谢谢老师！祝老师身体健康长命百岁！
169209,2424,林智,2023-02-24 15:56:49,4,4,0,高分段比较求是
170758,2424,林智,2023-03-09 06:30:18,3,3,0,常微分自己看书学完全可以跟的上他讲的，英语听不懂也没关系，书本是可以看懂的
171421,2424,林智,2023-03-24 01:26:15,3,3,0,体验极差！
171881,2424,林智,2023-04-10 11:28:25,0,0,0,稍微认真一点听还是有点东西的
172802,2424,林智,2023-05-07 11:14:47,9,9,0,【国际化课程的常微分】作为一个想选中文常微分但是选错硬着头皮听课的人，想说说自己的体会和经历吧。\n\n1.教材与中文班级是不同的，讲课的顺序会与课本有一定的不同，但是预习的话是没问题可以跟上的。\n\n2.在上课的时候老师讲得不是很快，感觉和英语能力没有太大的关系，数学的专用语听一两节课就熟悉了。而且林老师在讲解知识点之后会有举例，这就没什么大问题了。\n\n3.上完课自己一定要会总结，不然听到后面几节课的时候会把知识点和一些微分方程的形式与解法混淆，最后会眼花缭乱不知所云。\n\n4.作业认真做，及时及时及时订正，林老师会在学在浙大上把做得好的同学的作业展示出来，我觉得是一种很好的方式，思路会清晰很多。\n\n5.如果期末欠下了太多漏洞，可以选择直接啃英文版的教材（我觉得是可以理解的）或者倍速看别的老师的智云。感觉有些知识点比如高阶微分方程的特征方程的解法上课好像没讲（可能我上课没听见）可以参考中文教材。\n\n其实是很用心的一位老师啦
173083,2424,林智,2023-05-12 15:48:23,0,0,0,老师人挺好的 作业不是很多 不会故意来克扣你一些分数 能给的分都会给的\n\n主要还是看期末考试吧\n\n1学分的常微分内容很少 没几个公式 背一背就能应付考试了\n\n总的来说可以选
173112,2424,林智,2023-05-13 15:45:25,0,1,1,老师上课很有深度，给分虽然比较求是，但真心不错。
173122,2424,林智,2023-05-14 03:00:24,0,1,1,非国际班老师很能捞，大爱lz老师
173155,2424,林智,2023-05-14 13:27:24,0,1,1,感谢老师不挂之恩
173240,2424,林智,2023-05-16 12:58:28,0,1,1,很好的老师
173907,2424,林智,2023-06-04 10:39:02,0,0,0,上课听不懂
176475,2424,林智,2023-06-29 04:41:35,1,2,1,垃圾助教
177744,2424,林智,2023-07-04 14:23:27,9,12,3,林老师平心而论，讲课是很清晰而且很用心的，跟着课后再复习一遍基本全都会了，但我就是不明白为啥给分这么低。。。平时分没怎么扣期末基本全做出来了最后只有3.0，我不理解。期末考怕不是算错的一分过程分都没有吧？？？
177987,2424,林智,2023-07-06 03:22:45,2,3,1,ode上课有点听不懂，但是给分很好
178291,2424,林智,2023-07-09 14:41:10,-34,8,42,不好评价，两次小测，一次睡过头了直接算0分，小测占比还贼大，总评58挂科，一点都不捞（助教考完期末咨询也是已读不回，服了
187743,2424,林智,2024-01-17 09:40:28,3,3,0,好老师 十分
187832,2424,林智,2024-01-17 14:12:38,-2,2,4,上了林老师的pde，老师人挺好的，平时讲课逻辑也很清楚，上课很多时候会以讲题为主，习题课开了半个月的样子，也会放讲例题的视频课件，讲的也很清楚，复习的时候能救大命，期末全靠老师救回来了，只做全一道大题本来以为真的要挂科了结果总评给了80+，真的非常感谢老师。
187936,2424,林智,2024-01-18 00:29:23,0,0,0,林智老师我的神！！！！本来以为偏微分挂定了，最后捞到了60！感谢老师能让我回家过个好年！而且老师讲课思路挺清晰的感觉，确实是我花的功夫不够😮‍💨
187990,2424,林智,2024-01-18 02:55:31,0,0,0,伟大，无需多盐
188808,2424,林智,2024-01-20 04:48:29,1,2,1,老师讲课好给分好
190596,2424,林智,2024-03-11 05:26:36,8,9,1,他双手插兜的时候总有种绝世高手的感觉......
191354,2424,林智,2024-04-18 10:03:30,4,4,0,很好要是在英文班上说中文就更好啦⊙
191406,2424,林智,2024-04-19 11:33:49,1,2,1,上的是ode，老师很用心也很认真，但客观来说上课结构不是很清晰，有时候会想到什么突然去讲，本意是想串联知识但体验上来说有时候会乱掉，不过老师人还是非常棒呐，而且常微分也主要是记住有限的几个推导和推导的结论。
191520,2424,林智,2024-04-24 07:24:51,4,6,2,常微分2.1。。。
191521,2424,林智,2024-04-24 07:31:04,-2,0,2,讲课思路是清晰的，只不过这门课程需要线性代数的基础，线代不好中间有些地方会有点吃力。给分挺求是的，但平时分好拿也是真的，只要平时作业每道题都写，期中考（线上用手机测）稍微用点技巧分数拿高点也差不多的。期末考的难易程度对分数影响太大的，我试卷比较难，复习比较充分也只会做三道题。期末考老师是没办法调的，也只能认命。常微分背背公式，剩下的就是祈祷试卷简单了。
191523,2424,林智,2024-04-24 07:42:30,2,2,0,给分比较求是，自我感觉学的还可以，考试也还可以但是分数就比较低。。。。。
191597,2424,林智,2024-04-25 15:16:14,3,3,0,教得还算认真，但是给分很低，不捞人（可能只捞快挂的），在乎绩点的不建议选
191598,2424,林智,2024-04-25 15:28:11,0,0,0,全英常微分，点名很少（好像只点过2次），本人英语不好所以没怎么听课，不过自己看中文课本应付平时作业还是基本可以拿满的。两次小测每次都有不会写的题，最后期末全靠狂背公式考时爆算还是没完卷，应该挺求是不调分吧（卡绩了）
191637,2424,林智,2024-04-26 10:39:16,2,4,2,全英文，点名只在小测点，两次小测，都是上课内容。\n\n英文教材有小部分没有覆盖到上课内容。\n\n讲课的话，比较深刻，英文其实可以听懂。\n\n不捞，给分求是
191657,2424,林智,2024-04-27 03:51:54,-33,8,41,还行，刚好满了
191701,2424,林智,2024-04-28 11:23:42,2,3,1,给分看人，讲课还行
191735,2424,林智,2024-04-29 07:56:17,0,3,3,林老师还是挺好的，可能是我太菜了吧。\n\n首先讲课方面，我个人认为还是比较清晰的，但不是接地气的那种讲课方式。\n\n其次给分方面，我平时作业有几次都被扣了1分，后来发现是一些小的细节没注意，个人认为老师在这里的给分有点严格了，当然也包括自己一开始并没有想到平时作业的给分竟然那么严格；小测中规中矩，赋分给分；考试听闻这次试卷难的情况下批卷还是比较严格。\n\n个人的建议是以后常微分的学习不只是背公式了，以前的历年卷主要考察思维，比如这个方程如何通过一些技巧或者公式转化为可以求解的方程，但今年的试卷在包含这方面考察的情况下，陡然增加了对计算能力的考察，最直接的就是特征方程的根不是简单的猜解就能解决的了，我就是两个方程都没解出来，最终的成绩自然不会好看
192518,2424,林智,2024-05-23 00:34:36,3,4,1,自认为学得不差，给分很求是…….一点都不捞的水平，努力成绩不对等吧
193864,2424,林智,2024-06-20 10:29:43,1,10,9,垃圾老师，没点师生情谊
193931,2424,林智,2024-06-21 02:03:17,-1,7,8,讲课不清楚，上了白上还不如自己看视频，期末考试不讲范围，上课总讲一些课外的东西对考试没有帮助，建议面向考试学习的同学不要选讲的真的很一般非常一般
193954,2424,林智,2024-06-21 05:20:09,-1,0,1,求捞及格
194773,2424,林智,2024-06-25 11:16:06,2,4,2,因为跟不上老师的上课节奏所以是自己在b站上学的，但是中间小测考的稀烂（57分），最后总评90老师应该有捞吧，不点名，只在小测的时候点了一次，如果能跟上老师节奏讲的应该是挺好的
194804,2424,林智,2024-06-26 06:19:47,-7,4,11,上的工科ode，其实讲的还行，虽然重点不突出且讲的比较快，但认真学问题还是不大的，中间小测86分，最后期末总评93，还是要面向历年卷复习
194943,2424,林智,2024-06-26 03:59:04,5,9,4,老师给分超级差，感觉根本没有加平时分
195792,2424,林智,2024-06-30 03:12:23,-3,5,8,全英文其实还好，给分也有照顾
197426,2424,林智,2024-07-14 14:52:59,-10,6,16,给分不错
198549,2424,林智,2024-09-10 01:52:34,-7,5,12,常微分方程讲课清晰有条理，很好的老师
198852,2424,林智,2024-09-12 07:35:28,15,17,2,你暑期学校都能这样给分是真没谁了。
198856,2424,林智,2024-09-12 07:41:11,12,14,2,连自己的助教都控制不了，助教给低分你就给低分是吧
201678,2424,林智,2024-11-05 10:46:06,5,6,1,24春学期英文班，给分真的很差😭
210717,2424,林智,2025-01-10 01:11:32,5,6,1,我以为我学懂了常微分。给分好低。\n\n老师上课讲的挺好的。就是是不是给分的时候忘记加平时分了。
212293,2424,林智,2025-01-14 00:56:21,3,7,4,建议自己自学，与其上课听他说得稀里糊涂的，课下再自学，不如直接自学，省事儿。\n\n期末不捞人，记得算出来最后答案，基本不给步骤分。
216687,2424,林智,2025-03-21 02:55:25,2,5,3,一拖四，自学都比听这课强。\n\n小时候看这集直接把全英常微分方程的🐴超市了
217573,2424,林智,2025-04-13 14:22:26,1,4,3,讲课真的是一言难尽，听了也不会做，连积分因子的求法都不讲，真不如自己学
217946,2424,林智,2025-04-18 08:10:59,0,2,2,被卡ji了😅
217957,2424,林智,2025-04-18 10:04:09,-12,2,14,拿到了满绩😍
217984,2424,林智,2025-04-19 09:45:05,5,10,5,常微分方程 全英文 1.5学分 2025春 点名都在小测的时候，讲的深度会比中文班难一点，最后期末考也是。老师课后答疑和处出分前回复钉钉很及时，很有耐心，最后给分更看重思路，答案正确与否扣分很少，感觉只要找对方向，正确的推导过程写上就能拿到大部分分数。因为是但单独命题，老师最后发了完整试题答案，比估分高了一大截，估计是过程分给的还是挺多的。
217986,2424,林智,2025-04-19 01:10:48,-1,5,6,全英文授课真是没话讲。。低得要命 还会阴阳 快润
217987,2424,林智,2025-04-19 01:28:41,0,2,2,基本靠自学，硬啃了全英的课本，在这门课上花的时间比微积分大物还多，主要是语言障碍吧我觉得，最后的得分也对得起前面的努力\n\n林老师只有小测时点名
217990,2424,林智,2025-04-19 03:03:05,1,4,3,1.5ode给分好低，应该是期末考没考好的缘故，平时投入的时间很多，和回报不太对等
218001,2424,林智,2025-04-19 04:54:07,0,0,0,还好，没寄
218111,2424,林智,2025-04-21 07:28:31,3,4,1,吹爆林老师，总体来说全英课程还是很硬的，但是真的用心学可以学到很多，课后问老师问题也会回答！
218158,2424,林智,2025-04-21 14:29:34,9,9,0,不捞，建议自学，人不坏，还有点幽默，有想法，比较追求公正
218660,2424,林智,2025-04-28 11:07:41,0,1,1,我是采集，英文听不懂，讲课节奏快，刚反应过来讲了啥发现已经跟不上节奏了。给分跟大英有的一拼，如果自学也得有一定英语基础，不然会难受的很。还有期末考比小测难很多，我感觉是没有多少过程分的。
218704,2424,林智,2025-04-29 07:09:59,0,1,1,好难……
218717,2424,林智,2025-04-29 12:01:29,0,1,1,课讲得能听懂，但这门课自学很重要。期末考试占50%。不要指望他能从中分捞到高分，选他的课最好别抱侥幸心理，非必要尽量别选。
219826,2424,林智,2025-06-08 05:19:39,2,2,0,全英文，太恐怖，绩点低，拼命自学无法战胜
220073,2424,林智,2025-06-14 14:24:14,-2,0,2,常微分讲课感觉很不清楚，ppt上的例题从来没有答案，知识点写的也很不清楚，完全只能靠自己。记得有同学在群里提出了一些对答案的疑惑，他甚至直接说他不看答案，尤其是会做的题。大无语...
220796,2424,林智,2025-06-19 18:35:23,0,0,0,（偏微分）补个评价：跟工科的常微分差不多，背+刷题就完了。课听不听其实感觉都无所谓，最后能背下来公式就行。然后个人猜测的话，给分就是纯求是了吧，应该也不会怎么调分数（根据楼下评论和个人分数推断）
221201,2424,林智,2025-06-22 02:45:09,-1,2,3,小测通知，不小测不点名，开放包容，负责又捞，我满了😃选他就行
221483,2424,林智,2025-06-24 04:21:45,0,0,0,绝对的好老师，在课程结束后也长文表达了自己的想法，很真诚很复责任的人
221638,2424,林智,2025-06-25 04:46:40,0,0,0,给分挺好的
18275,2667,张荣茂,2016-01-21 11:15:54,1,3,2,老师讲得很好，口音很可爱
28260,2667,张荣茂,2016-06-28 08:22:40,1,1,0,老师课讲的很好，考试也不是很难，给分还不错
30128,2667,张荣茂,2016-07-01 03:19:30,0,0,0,赞~\n\n
34958,2667,张荣茂,2016-10-27 06:10:10,2,2,0,口音萌萌哒
44623,2667,张荣茂,2017-01-18 04:45:02,20,25,5,保险考完就想杀过来给张荣茂大大评价了 讲的这么好竟然没人评分简直不科学 可能是因为只带专业课了？上课第一句永远是 今天的内容很简单 这都没有什么新知识 这都没有什么难的 公式符号真的有点多呀 讲课一级棒 手写板书还有上节课回顾 每个新知识都有例题 最后还有复习 还会体谅我们不想听他讲其他内容早下课 人又亲切有和善上课讲的超清楚还会和大家互动 被指出错误也一点架子没有 考试没有例题难 老师真真好 下学期继续见！
44952,2667,张荣茂,2017-01-18 15:12:03,0,3,3,一个字 值
53807,2667,张荣茂,2017-06-27 15:33:59,5,5,0,很亲切 很有帮助哦
56731,2667,张荣茂,2017-07-04 12:44:42,12,12,0,荣茂大大真是一个很nice的老师！一学期金融风险管理下来收获颇丰，好好好记笔记好好做作业好好复习就会有很好的结果！
67628,2667,张荣茂,2018-01-22 02:46:03,3,3,0,老师很好 是我太菜
67649,2667,张荣茂,2018-01-22 03:56:31,14,15,1,张老师讲课是极其认真的，备课非常的充分，在数学课整体玄学的大环境下，依旧能够达到听课的效果远远大于自习，如果认真听讲的话会发现比书的编排还要有逻辑，有体系。其次是张老师会在课中喜欢和大家分享他的思考和见解，不光拘泥于课本本身。最后是给分实事求是，对平时作业的要求仅仅是完成就好，对同学不会的难懂的都很有耐心。
73791,2667,张荣茂,2018-02-03 05:48:55,0,0,0,老师超级棒！下学期继续您的课！
79232,2667,张荣茂,2018-05-28 06:52:42,0,1,1,张老师人超好的！寿险感觉期末没答好但还是给了个均分
79973,2667,张荣茂,2018-06-18 04:42:52,2,2,0,给张老师满分！
82457,2667,张荣茂,2018-07-08 08:46:21,0,0,0,这很基本
82468,2667,张荣茂,2018-07-08 09:27:11,-8,3,11,我不太喜欢他这种风格，虽然很多人说数学就靠自学，但是大部分基础数学的老师你去问他问题你给他一个计算过程他至少不会让你自己看书去验算吧。而且说实话他能讲懂的东西确实寥寥可数，大多数东西都是自己能够验算出来的东西听他讲一遍，或者是他讲了不明白的东西自己课后去验算。最后考的东西也很无聊，背了书就只要计算好就好了
82471,2667,张荣茂,2018-07-08 09:35:48,1,11,10,这辈子都不想上他的课了\n\n老师个人水平应该很不错 经济模型信手拈来 各种估计量检验统计量张口就来 完全不管学生听不听得懂 虽然会问有问题吗 但他默认学生掌握了很多应用知识 事实是我们什么都不知道\n\n另外金融风险管理没有一套完整的配合上课用的讲义 课后除了看课上抄的不知所云的笔记之外一点办法都没有 老师布置的上机作业也只能百度解决 根据课上讲的内容根本没法做 课程难度本来应该并不大 但是被讲的东一块西一块 稀里糊涂 在基础模型没掌握的时候就直接开讲高阶的复杂情况 结果就是连基础知识都没掌握 \n\n我觉得张荣茂老师非常负责 为人和善 但他的课我真听不懂 一个学期下来除了期末考试背的公式什么也没学到 学到的东西基本靠百度
88699,2667,张荣茂,2018-11-06 03:57:33,15,15,0,scale掉哦
98779,2667,张荣茂,2019-01-24 02:26:01,14,14,0,膜拜张老师！保我多元！
99487,2667,张荣茂,2019-01-25 00:45:55,9,9,0,刚上他的课会不习惯。。后面会非常喜欢 。。一个水平很高的讲座型老师。。。不同于很多老师，他非常注重实用性\n\n非常喜欢rm zhang
100873,2667,张荣茂,2019-01-27 03:50:30,2,3,1,被隔壁回归杀了，求求荣茂大大啾救救我的多元?
100882,2667,张荣茂,2019-01-27 04:15:00,2,3,1,给分好，讲课好 ，数院最潮rm zhang！
100883,2667,张荣茂,2019-01-27 04:15:50,2,4,2,本来觉得多元要完，因为我真的巨多没复习，没想到最后考卷这么仁慈出分也比考前预期高好多（只是相对高不是绝对高!!）我爱zrm
100886,2667,张荣茂,2019-01-27 04:17:43,0,4,4,2天速成多元，以为要炸，没想到绩点还挺高的，给zrm老师满分
101027,2667,张荣茂,2019-01-27 09:28:37,0,0,0,张老师人超级好，多元可能是因为第一次上最开始讲的有点深，后来就越来越好啦， 老师讲课其实很有自己的逻辑的，只不过要认真听认真整理。复习课真的很有用，会完整的回顾可能考到的知识点，还准备了例题，期末考试也考的很正，一点都不偏。感谢老师啦！
101741,2667,张荣茂,2019-01-29 03:07:47,2,2,0,讲课会比较深，不过考试很友好
117087,2667,张荣茂,2019-09-19 05:31:52,1,1,0,什么时候自己基础差还要怪老师了？寿险+金融风险感觉张老师都是由浅入深，收货满满啊
120847,2667,张荣茂,2020-01-17 20:28:20,0,1,1,给分真的好，第一次有数学课上4
121952,2667,张荣茂,2020-01-25 12:27:02,0,0,0,虽然上课有点迷但给分真的好
122126,2667,张荣茂,2020-02-15 12:29:33,3,4,1,我爱rm zhang！！！！多元讲的真的很棒！学到了超多的干货。复习课超级超级有用！考试特别正（考的基本都是复习课讲的东西），给分特别好（绝对好）！
126525,2667,张荣茂,2020-09-29 06:38:31,1,1,0,在张老师的课上评论的，这才第三周多元就有点起飞了呜呜呜还是自己太菜
146074,2667,张荣茂,2022-01-05 11:09:22,10,10,0,这些都不是新的哈
150223,2667,张荣茂,2022-01-20 15:42:31,0,1,1,考点是复习课讲过的，也是重点。给张老师评分拉满
154192,2667,张荣茂,2022-05-25 16:28:05,0,1,1,张老师讲课水平高，给分也好
169596,2667,张荣茂,2023-02-27 05:05:48,0,0,0,考卷很简单，给分非常不错
184022,2667,张荣茂,2023-12-06 11:29:59,0,0,0,认真负责，适合想学到东西的同学
188703,2667,张荣茂,2024-01-19 15:22:15,0,0,0,外专业来评价一下，老师讲课风格有点抽象，有些跟不上（也许是因为我菜），但多元考试非常简单，给分也非常好！没带脑子去考试，算错了好多题，都有91分，超级好的老师！
202364,2667,张荣茂,2024-11-12 05:27:51,0,1,1,有没有～
3880,2680,吴建军,2015-06-17 07:21:16,1,16,15,老师开心就好\n\n
3953,2680,吴建军,2015-06-17 11:03:31,-29,28,57,老师很认真负责，超级好的老师，给分也很好，很多典型例题，有吴老师概统没问题
4547,2680,吴建军,2019-01-28 10:07:43,128,165,37,省了买安眠药的钱，大爱！
8506,2680,吴建军,2015-09-22 02:47:47,-5,7,12,老师讲课细心，挺好
8535,2680,吴建军,2015-09-22 07:19:58,25,33,8,已经准备翘课去听其他老师的概统。
9528,2680,吴建军,2015-10-29 08:18:30,-2,8,10,常微分方程讲得还不错的
11101,2680,吴建军,2015-11-24 07:09:30,36,46,10,讲课确实很认真卖力，但是有些东西不是认真就可以弥补的。语言表达能力有待加强。
11292,2680,吴建军,2015-11-29 10:08:28,5,9,4,上课语速快，没表情，睡了！
11807,2680,吴建军,2015-12-16 02:46:40,-2,4,6,点名都能点出花样，花样作死
14058,2680,吴建军,2016-01-04 04:13:01,-1,2,3,除了睡就是翘了
14176,2680,吴建军,2016-01-05 07:05:43,2,7,5,很负责很敬业的老师\n\n
15003,2680,吴建军,2016-01-11 13:11:30,0,2,2,还行 不要睡着了
16134,2680,吴建军,2016-01-17 09:19:44,0,4,4,语速过人，比较投入
18118,2680,吴建军,2019-04-26 02:54:58,30,33,3,成绩怎么还没出来
19006,2680,吴建军,2016-01-23 03:27:42,13,15,2,大家成绩出来吗\n\n
19747,2680,吴建军,2016-01-25 08:20:01,-12,3,15,老师讲课很催眠，我从大数定律之后就出于听不懂的状态了，全靠考试前突击。给分不错。这点五分好评！hhh
21212,2680,吴建军,2016-02-26 09:20:27,22,26,4,给分非常不好。老师很努力，但是真的讲得不好。
24650,2680,吴建军,2016-05-03 02:06:03,5,9,4,很努力在把课上好
24655,2680,吴建军,2016-05-03 02:37:57,42,46,4,上课的感觉就是，他一直在说说说说说，可是我就是什么都听不进去
25756,2680,吴建军,2016-06-07 01:12:21,3,4,1,常微分一个例子都不举，题也不讲
26195,2680,吴建军,2016-06-16 08:03:27,3,4,1,把数学系的和环资学院的老师混在一起了
29013,2680,吴建军,2016-06-29 06:23:37,3,5,2,语速很快并且说话没间隔，但是上课进度不快，好了你们知道了
29406,2680,吴建军,2016-06-29 16:46:34,-5,1,6,啊，自己品位吧，老师差不多都一个样，关键看自己。
29642,2680,吴建军,2017-01-25 10:06:23,3,7,4,兄弟你啥时候出分啊？
32442,2680,吴建军,2016-07-07 00:30:38,0,1,1,还没出分?
32466,2680,吴建军,2017-01-03 05:56:24,12,19,7,小测成绩哭出来了。加在一起仿佛少来了一次考试。有点想放弃了
32467,2680,吴建军,2016-07-07 04:05:43,-3,12,15,垃圾 全部做出来只给80+ 我历年卷全刷完难道就这么白刷？
32480,2680,吴建军,2016-07-07 05:20:16,-2,4,6,给分烂到爆
32757,2680,吴建军,2016-07-12 09:20:30,-5,2,7,听了半个学期感觉要跪，转去听黄炜女神然后满了
33594,2680,吴建军,2016-09-20 07:46:50,-8,1,9,就喜欢这种高效率的课堂
34191,2680,吴建军,2016-09-28 06:18:34,-4,1,5,概统课后排啥都听不清，常微分给分很意外...
38455,2680,吴建军,2017-01-26 14:03:11,0,3,3,老师上课语速快而不清晰，特别懒。\n\n\n\n
38468,2680,吴建军,2017-03-20 11:33:39,-2,19,21,浙大会招这种档次的概统老师\n\n恕我直言\n\n这一千年也别想脱离三流大学的队伍。
39749,2680,吴建军,2017-01-26 11:28:01,20,25,5,老师平时分都给挺高了，操蛋的quiz也鸽掉了，大家就不要太责怪老师出分慢了吧～
43361,2680,吴建军,2017-01-16 07:40:48,1,3,2,我觉得还是自学来的稳
46436,2680,吴建军,2017-01-21 14:11:57,43,46,3,出分很慢。
46998,2680,吴建军,2017-01-23 08:58:19,-35,1,36,填空错俩\n\n倒数二合并\n\n最后题只会一半\n\n居然满了
47179,2680,吴建军,2017-01-28 22:27:57,8,15,7,概统好像是每个老师自己改的，不是一起改的，倒二合并的话给了全错？南松只扣两分，你扣十分说不过去吧。
47233,2680,吴建军,2017-01-24 20:38:06,0,2,2,去了两次quiz
47248,2680,吴建军,2017-01-25 01:53:57,13,16,3,课讲的一般我也就忍了，出个成绩还这么墨迹，难道要在年后出成绩吗？
47262,2680,吴建军,2018-09-18 01:46:32,16,19,3,为什么还不出成绩…好焦心好捉急…
47360,2680,吴建军,2017-01-25 12:07:45,9,11,2,老师真的很用心，但是讲课确实也有点问题，但是问问题都是比较热心回答的，周二下的概桶分数到现在还没出，希望是老师在帮忙给大家提成绩吧！！！
47392,2680,吴建军,2017-01-26 01:27:33,15,17,2,什么时候出分？？？只想问什么时候出分（微笑）连做梦都梦到出分的时候老师还在讲台上讲卷子真是要疯了
47432,2680,吴建军,2017-01-26 09:36:15,-1,6,7,出分快一点的话，我说不定会给你2分
47433,2680,吴建军,2017-02-19 09:08:25,-5,5,10,很垃圾
47445,2680,吴建军,2017-01-26 11:41:04,0,2,2,好评！终于学完了 还不用补考 (o_o)
47447,2680,吴建军,2017-01-26 12:41:04,1,4,3,感谢师生情
47455,2680,吴建军,2017-03-09 02:51:57,2,12,10,别的老师讲得好就算了，小测都是送分题，建军你的送命小测给分烂到爆。期末考试考得确实不好，但这么低的成绩也不太对。老师人挺热心的，但是讲的真的…逻辑混乱无敌催眠。确实不是任何事情都是努力认真可以弥补的
47466,2680,吴建军,2017-01-27 07:46:53,3,6,3,老师人其实很好，但是上课讲得略快尤其语速略快，有的魔音贯耳的催眠效果。但是自己复习的时候回想起来觉得老师讲的还是很到点的。第二次quiz略难大家也不要怪老师啦，可以看教务网的过程成绩，只有作业分没有quiz分了。概统主要还是靠自己吧~
47487,2680,吴建军,2017-01-28 00:41:15,3,8,5,本来以为过年出成绩会送礼，没想到仍然是绩杀
47499,2680,吴建军,2017-01-28 07:38:05,0,7,7,我不知道为什么觉得做的对的题，刷题练过多少遍了，期末还考72
47537,2680,吴建军,2017-01-30 05:52:13,3,4,1,虽然我没有好好学习，但老师讲的确实不好，希望能够改变一下方式。
48550,2680,吴建军,2017-03-07 06:26:56,0,2,2,一言难尽
52110,2680,吴建军,2017-06-15 01:47:36,-1,0,1,。。。。
57676,2680,吴建军,2017-07-12 06:23:36,-1,1,2,给分很好的，平时成绩比较死板啦
59255,2680,吴建军,2017-09-20 11:21:19,2,2,0,老师说话就像是赶火车呀。。。太快了。。。稍微慢一点行不，谢谢……
61034,2680,吴建军,2017-11-07 07:44:27,1,1,0,老师讲课有点快，有点催眠，有点……zzz……
61318,2680,吴建军,2017-11-14 09:53:35,0,1,1,感觉老师还是很可爱的 萌萌的
61575,2680,吴建军,2017-11-18 23:27:48,-1,3,4,这个老师出了一本计算机的教材，此外已经翘了他的微积分去听童雯雯老师的课了
63603,2680,吴建军,2017-12-08 13:15:09,-3,4,7,垃圾老师，讲的差也就算了，声音还这么小
65275,2680,吴建军,2018-01-25 08:52:15,-7,4,11,
66684,2680,吴建军,2018-01-18 08:11:37,5,9,4,其实老师还是挺好的，讲得很清楚，很乐意给同学们答疑，讲课时偶尔还会有小幽默，唯一的不足就是感觉有点催眠（也有可能是因为我上午满课的原因），建议上课前先小睡一会儿
69523,2680,吴建军,2018-01-25 02:34:46,8,11,3,啥时候出分？
70571,2680,吴建军,2018-01-27 08:34:22,7,8,1,处分好慢啊
71193,2680,吴建军,2018-01-28 06:20:37,2,2,0,不会要等到过年吧
71315,2680,吴建军,2018-01-28 09:28:23,2,2,0,真真不适合教概统
71722,2680,吴建军,2018-01-29 01:52:22,2,3,1,为什么还没有出成绩？？？？我是不是挂科了
71797,2680,吴建军,2018-01-29 05:30:43,1,2,1,出分虽然慢了点，但老师人还是很好的，不过还是自学为主(捂脸)
71915,2680,吴建军,2018-01-29 05:38:21,-18,4,22,老师课还是很不错的，概统也不难，主要还是自学，我觉得至少不算很差，5.多分是被恶意刷的吧，反正就冲老师给我满绩我就给他一个九分
71967,2680,吴建军,2018-01-29 07:03:50,-5,2,7,老师人还是很好的，也很耐心地答疑，平时分给满了，期中期末靠自己，分数也是自己考出来的硬的
71989,2680,吴建军,2018-01-29 07:32:03,-8,4,12,老师讲课有点催眠……其实认真听觉得讲得不错，就是蜜汁催眠? 给分师生情~期中六十多期末还是给上四了……感谢！
72051,2680,吴建军,2018-01-29 09:05:38,-12,4,16,老师讲课其实挺好的，至于是否催眠取决于自己的态度吧，概统本身也不难，稍微认真学满绩不是问题。。
72359,2680,吴建军,2018-01-30 03:10:26,0,3,3,课前一杯麦斯威，上课不睡
72572,2680,吴建军,2018-01-30 11:58:06,4,9,5,[概统]老师讲课会有点小幽默，但是也催眠，如果你能保持全程不掉线，那你就是要满绩的男人了。老师会拖堂5-10分钟，如果要跑其他教学区上课的就别选了。
73977,2680,吴建军,2018-02-04 02:52:16,-14,0,14,思路相当清晰，在前排听课可以紧跟着老师思路走，不过讲得有些慢
75431,2680,吴建军,2018-03-12 01:32:51,-5,1,6,老师挺好的，就是语速有点快，不过适应了一段时间就习惯了。
80337,2680,吴建军,2018-06-25 08:39:00,-1,1,2,(\#-_-)\┯━┯\n\n(ﾉಥ益ಥ)\n\n☄ฺ(◣д◢)☄ฺ
80494,2680,吴建军,2018-06-27 06:16:39,-1,1,2,老师人很好 适合基础不好的同学
87251,2680,吴建军,2018-09-26 06:25:00,3,3,0,听着听着就睡着了，好香好香的
87362,2680,吴建军,2018-09-27 11:50:10,1,2,1,这口才还是算了
90969,2680,吴建军,2018-11-28 07:37:13,3,5,2,还是去听网课吧
91709,2680,吴建军,2018-12-18 08:00:16,-14,2,16,上课睡着是你们资金周转的问题吧……我觉得老师讲得其实挺不错的啊
92955,2680,吴建军,2019-01-06 08:41:28,0,0,0,啊哈哈
93343,2680,吴建军,2019-01-09 05:41:40,0,2,2,呵呵呵
93433,2680,吴建军,2019-01-09 14:11:59,-13,1,14,老师很好啊 我觉得在浙大的老师里算很负责的了 而且讲课没评论的那样这么困  可能我一直坐在前面几排的缘故吧
93451,2680,吴建军,2019-01-09 22:58:47,-11,1,12,老师人很好，解答疑惑，非常用心！上课确实有点儿催眠，可能是6.7.8节的缘故。但是认真听，没有关系的！自己学，来填坑还是很累的，工作量非常大！
93654,2680,吴建军,2019-01-11 07:15:11,20,22,2,选一次吴老师的课对自学能力的提升是相当有帮助的，一定要在第一节课就把他的PPT全部拷来，不然绝对凉
95273,2680,吴建军,2019-01-19 06:29:36,5,7,2,家里出事 想请他缓考不要把我的成绩登记上去 微信不加 在答疑的地方等着也不知道什么时候才来 无话可说
101016,2680,吴建军,2019-01-27 09:17:31,15,16,1,出分真的很慢，现在都没出
101274,2680,吴建军,2019-01-28 13:59:49,3,7,4,真好呵呵
101934,2680,吴建军,2019-01-29 23:18:40,2,4,2,数学课向来靠自学，每次小测及时复习自己做，期末不会差的。
101947,2680,吴建军,2019-01-30 00:54:36,1,4,3,分这么晚才出，以为他一直在调分，结果出来给卡绩，您是魔鬼吗呵呵呵
101953,2680,吴建军,2019-01-30 01:10:46,2,4,2,小测好好做，平时尽量坐前排，上课说实话容易让人走神，出分慢但是给分还行。考前刷一下小测平台的网课，做下历年卷和课后题就行。考试一定要带计算器。
101954,2680,吴建军,2019-01-30 01:12:43,5,5,0,无语了
101966,2680,吴建军,2019-01-30 01:31:46,-9,0,9,期末所有大题都没有写上，过了
101999,2680,吴建军,2019-01-30 03:11:39,1,1,0,老实人还是挺和善的，当然学习的话可能需要靠自己或者听别的老师的课。
102020,2680,吴建军,2019-05-05 09:54:18,-67,5,72,概率论与数理统计，让我重新燃起了对数学的希望。不怕大家笑话，我高考数学才133分，但是概统轻松满绩了哈哈哈哈哈哈，这门学科真神了，真呀么真神了！
102038,2680,吴建军,2019-01-30 06:07:13,-4,4,8,sb呵呵
102045,2680,吴建军,2019-01-30 06:45:07,17,20,3,每道题都写出来了填空有两个不会，挂了。考前家里出事，查出慢性病，发邮件解释不回。真的一点师生情不讲，但是也至少让我知道怎么死的吧？大四挂科真的伤不起。
102112,2680,吴建军,2019-01-30 13:45:01,-7,1,8,出分很慢，但是给分好呀(●°u°●)​ 」
102122,2680,吴建军,2019-02-25 04:01:46,3,6,3,服了，上课认真听，作业非常认真地写，四次小测都满了，自己讲课讲不懂，最后给我2.1！？
103829,2680,吴建军,2019-03-06 07:03:42,3,3,0,老师讲课确实很努力\n\n但是确实听不下去\n\n不过数学一般也就靠自学\n\n自己加油吧\n\n
104563,2680,吴建军,2019-03-23 16:39:55,-6,5,11,我是ikun，反正我满了
105202,2680,吴建军,2019-05-30 05:16:51,-23,9,32,我是ikun反正我满了，你们呢弟弟们？
105605,2680,吴建军,2019-04-17 06:25:30,0,0,0,还行，给7分吧\n\n读PPT很生动
105759,2680,吴建军,2019-05-05 07:00:33,-4,2,6,老师挺好的，平时好好上课写作业，考试前按照老师说的刷够五六套往年卷基本就OK了，考试时一道计算题写了三分之一，证明题写的乱七八糟，最后总评96。不确定老师给分是不是巨好那种，但是绝对不坑！
106877,2680,吴建军,2019-04-30 06:17:02,0,2,2,很好哦
107391,2680,吴建军,2019-05-04 23:45:27,2,3,1,个人觉得吴建军老师很好，讲课很认真，但听课时一旦错过一点，感觉之后的就有些听不懂了，方法总结很全面，给分也挺不错的。
107400,2680,吴建军,2019-05-05 01:12:29,-14,5,19,老师讲课很卖力，但是确实难以听下去。\n\n我前两三节课去了，实在听不下去就再也没听过。第二章第三章没听也没自己看过，考试前几天才开始看书，最后4.5。不是装，是想告诉大家，最终成绩并不在老师，而是在你自己努不努力。
107866,2680,吴建军,2019-05-10 15:44:24,0,0,0,老师很认真给分好
108754,2680,吴建军,2019-06-01 11:33:45,8,10,2,ikun连B站考试都通不过，怎么可能满绩
109326,2680,吴建军,2019-06-13 06:19:27,1,2,1,听的难受
112720,2680,吴建军,2019-07-05 01:09:39,-123,9,132,老师讲课很卖力，但是确实难以听下去。 我前一节课去了，实在听不下去就再也没听过。第二章第三章没听也没自己看过，考试前一天晚上才开始看书，最后5.0。不是装，是想告诉大家，最终成绩并不在老师，也不在你努不努力，而是在你自己智商高不高。\n\n
113495,2680,吴建军,2019-07-06 18:50:07,55,60,5,那一天杭州冻得让我发抖，我看到吴老师用手写板书写得汗流浃背。且不论水准，教学态度真的很棒。
114260,2680,吴建军,2019-07-09 12:09:32,5,12,7,常微分方程自己考前参照学长学姐的题型整理，把公式背熟会用，再练一张历年卷，满绩不难。吴老师上课很认真，给分客观。
116886,2680,吴建军,2019-09-17 03:52:26,8,9,1,老师讲课很认真啊，还会板书，比只会翻ppt的老师好多了呀。讲课语速声音都还好。长的也挺好看的。
116898,2680,吴建军,2019-09-17 05:55:45,1,2,1,说句公道话把，老师讲课认真听的话是挺不错的，可能有些同学觉得语速比较快，而且坐在后面也确实觉得催眠。还是因人而异吧
117451,2680,吴建军,2019-09-24 12:42:37,0,0,0,我是概统c班的，看了群名一言难尽，jjc? 以后可以光明正大的去jjc了
117750,2680,吴建军,2019-09-30 07:34:41,0,0,0,语速是平的，不带抑扬顿挫的，也不带暂停让同学思考的，这样下午连着三节是真的容易困啊老师
123399,2680,吴建军,2020-06-08 06:54:32,3,4,1,这种有点痞上课风格太喜欢了。\n\n“现在我们就可以硬着头皮干了。”\n\n“现在我们来搞一下常系数。”
123709,2680,吴建军,2020-06-12 06:09:16,0,1,1,线上的课，感觉老师很不错。
132620,2680,吴建军,2021-02-03 01:25:03,-6,3,9,这老师，讲课讲不清楚，语速贼快。出分慢到极致。学生对自己的分数有疑惑，想知道错哪儿，还不给学生查分，理都不理……
134566,2680,吴建军,2021-04-02 00:17:59,3,3,0,吴老师的常微分方程。就讲课水平而言，我认为最少9分，讲得很好很细，会说许多有用的解题思路，条理清晰，思路明确。唯一缺点就是讲得很快，不集中注意力就完蛋了
135197,2680,吴建军,2021-05-06 01:00:03,4,13,9,吴老师的常微分方程。有点名，除了前几次之后几乎都是次次上课都点名；有一次小测，在上完第一章之后，小测内容自然是第一章的，我们考了三道求常微分方程解的题目，很简单，比作业还简单。期末考试中规中矩吧，比平时作业稍稍难一点。我个人认为，吴老师讲课水平没得黑，讲的非常好，只是语速快，需要集中注意力。有人说讲课犯困，反正我觉得并没有，除非你本来就不抱着听课的打算来的。注意点名都到，小测好好准备一下（考点不多的），还有作业一定要好好写！！！不要迟交！公式好好背，考前做几套历年卷题目（老师会给出历年卷的，很贴心），我5.0.
135515,2680,吴建军,2021-05-12 10:16:56,15,15,0,“这种问题就是这么玩er的”\n\n“现在我们就可以来搞它了”\n\n“常数变易法说白了就是猜，瞎猫碰上死耗子”
135647,2680,吴建军,2021-05-18 04:24:51,0,1,1,老师真的非常认真负责了
137789,2680,吴建军,2021-07-06 06:48:50,4,5,1,出分很慢
144683,2680,吴建军,2021-12-23 06:11:53,2,2,0,其实老师还是很认真负责的\n\n可能只是语音语调的问题让大家听的有点困
145295,2680,吴建军,2022-01-12 13:24:36,0,1,1,老师挺好的 ！非常认真！就是咬字不太清楚
147834,2680,吴建军,2022-01-11 03:23:08,3,3,0,这讲得还不好，经常举一些生活中的例子，教学态度很认真。
149957,2680,吴建军,2022-01-18 04:47:07,5,5,0,老师其实讲得还不错，认真负责，考试前也会带着大家复习一下，强调一些内容。但可能语调太平了，要认真听才行。\n\n出分是真的慢.....10天了还没出
149988,2680,吴建军,2022-01-18 07:38:07,3,3,0,老师挺负责的，就是有点口音以及 出分确实慢了点，我学得挺认真，收获了挺多，希望分数出来不让我失望
150120,2680,吴建军,2022-01-19 08:05:56,4,4,0,出生真的很慢，最后还被卡绩了。。。但可能也怪我自己吧！老师上课还是比较认真的，听的话还是能有很大收获的。
150273,2680,吴建军,2022-01-21 07:58:17,6,6,0,缺点：出分慢，问题目已读不回，问成绩已读不回，讲课很烂，点名时长就1分钟\n\n优点：讲课认真
153259,2680,吴建军,2022-04-27 07:32:04,2,3,1,上课语速很快，每节课必睡着。\n\n钉钉群消息已读不回，有同学问考试要不要带计算器，开考一小时后回复不用。\n\nPPT偶尔有些凌乱，课本有些印刷错误，上课没听懂的建议结合书本一起看。\n\n不过最后的考试很简单，比打印店卖的回忆卷简单太多。
153347,2680,吴建军,2022-04-28 09:39:54,-28,2,30,卡绩是真的恶心死了，最后卷子那么简单你tm还给我卡绩，真服了你个老六，恶心！！
154809,2680,吴建军,2022-06-05 15:05:13,1,1,0,。。。
158139,2680,吴建军,2022-06-27 06:51:40,-3,0,3,快出分吧大哥！
159463,2680,吴建军,2022-07-22 06:08:41,6,6,0,评价下概统吧\n\n优点：上课很认真，经常举生活中的例子帮助理解，期末考前有复习课\n\n缺点：可能比较波澜不惊（？）容易催眠，建议坐前排
169234,2680,吴建军,2023-02-25 01:51:20,4,6,2,概统：讲的蛮认真的，但是有点口音；PPT做的很详细，老师不点名，上课很随性；感觉概统这课很大程度上也就是靠自学，考前把PPT和历年卷刷了一遍，考试有一些不太确定的题随便写了写点，感觉老师是捞了，95。给9分吧
169512,2680,吴建军,2023-02-26 14:08:02,3,5,2,老师讲课最好坐前排认真听，不然稍不留神很容易睡过去。如果认真听进去的话收获会很大。\n\n老师上课从不点名。期末考试的话把书本，老师的课件和历年题刷一下，题型都是很固定的，\n\n我开始上老师的课他评分也比较低，我还比较担心成绩。现在觉得努努力还是可以取得不错的成绩的，老师出分不算慢，会捞一点。
169547,2680,吴建军,2023-02-27 01:36:36,2,2,0,给分挺好的
170847,2680,吴建军,2023-03-10 10:11:33,3,3,0,感谢老师！老师上课讲解很细致，考试之前会划定范围，给同学们历年卷，让同学们复习得有框架。老师也会在群里回答问题，及时回复。平时感觉不太点名，但是一个学期还是会有几次的
174752,2680,吴建军,2023-06-16 17:39:50,1,1,0,老师讲的很好，人也超级好的！！！
176436,2680,吴建军,2023-06-29 02:13:56,0,0,0,常微分主要靠自学的，老师讲课也很认真
178242,2680,吴建军,2023-07-08 12:53:50,1,1,0,出分很慢，但是给分很好，海底捞
179248,2680,吴建军,2023-09-03 16:47:24,0,0,0,给分超好！
179851,2680,吴建军,2023-09-20 02:13:07,0,1,1,普通话都说不明白，，
181644,2680,吴建军,2023-10-25 06:19:46,1,3,2,你怎么连话都说不清楚～\n\n真的很无语
185135,2680,吴建军,2023-12-26 13:38:19,3,3,0,老师很棒，可以选！
185434,2680,吴建军,2023-12-29 08:38:07,0,0,0,老师讲的挺好的呀。。。
189419,2680,吴建军,2024-01-24 04:16:28,10,11,1,出分确实慢，给分还好，一个很敬业的小老头
189433,2680,吴建军,2024-01-24 06:14:55,4,4,0,给分还行，出分真慢，概统听课建议吴国桢老师
192514,2680,吴建军,2024-05-22 10:56:12,-5,3,8,同学在群里问这周有没有小测，老师可能是年纪大了没有看到（但愿是这样）一直没回，直到小测前一天晚上才发了通知？你觉得你这样做很酷吗？助教也跟着装死不回。起不到一个沟通的作用要你这个破助教干嘛？
193110,2680,吴建军,2024-06-03 15:21:47,3,3,0,超级好的老师 真的有些评价片面了 特别好的小老头
195461,2680,吴建军,2024-06-28 06:53:11,2,2,0,一个字，好！
195493,2680,吴建军,2024-06-28 10:51:48,0,0,0,好，很认真的小老头，上课还会写板书，常微分只要把几种类型学会就行
195880,2680,吴建军,2024-06-30 13:55:49,5,5,0,挺好的一老师，上课也挺认真的，虽然有点催眠
197764,2680,吴建军,2024-08-11 09:33:39,1,1,0,写板书写得汗流浃背，挺认真的一个老师
203221,2680,吴建军,2024-11-18 06:31:31,1,1,0,语言表达能力不行，语速很快带点口音但又断断续续的，反正听起来很不适也很不清晰，态度还行，就是不常用钉钉，问问题很久不回，回了也不会给一个明确的答案，作业布置地也很慢，总之不太建议，八分是对他教学态度的认可，剩下的两分确实是有明显的不足
208346,2680,吴建军,2024-12-27 03:10:25,0,1,1,讲课非常认真！认真听下来肯定很有收获。\n\n但是真的超级催眠啊……\n\n另外几乎每节课必点名，一学期16节课点了13次名。不要看现在只有22%的人说他会点名，实际上他的点名频率是我见过最高的
212220,2680,吴建军,2025-01-13 12:25:56,3,3,0,标准杭州城区的杭普 听起来非常舒服。老师比较保守
212769,2680,吴建军,2025-01-15 01:38:48,-2,0,2,老师你到底啥时候出分啊啊啊煎熬.jpg
213357,2680,吴建军,2025-01-17 05:02:50,0,1,1,缺点：几乎每节课都点名，普通话不太标准且讲课速度很快，出分非常慢。\n\n优点：上课讲得很认真，给分还不错。
213520,2680,吴建军,2025-01-18 04:30:21,0,0,0,老师上课声音比较小。\n\n上课还行，后面数理统计部分听了一点感觉挺有条理的。历年卷就做了两份填空，最后给分还不错。其实主要还是自己注意点计算吧。
221837,2680,吴建军,2025-06-26 15:41:44,0,0,0,讲课不太行，给分很不错，建议选
256,2721,朱克娅,2015-03-14 23:21:02,32,55,23,上过朱克娅老师的线性代数，觉得她讲的时候思路很清晰，而且进度很快。往往两节半课就提前下课了，但是可能缺少更深的拓展，对考试不利。
968,2721,朱克娅,2015-03-19 16:23:47,3,17,14,呵呵哒
3346,2721,朱克娅,2015-06-03 16:44:05,7,18,11,思路清晰，教学要求明确。\n\n
3403,2721,朱克娅,2015-06-09 08:08:05,197,231,34,鲁迅先生说过，浪费别人的时间等于谋财害命。那么，朱老师无疑是国手神医。
4091,2721,朱克娅,2015-06-17 16:41:36,35,38,3,节奏有点快，一走神就...
4825,2721,朱克娅,2015-06-29 08:47:29,20,48,28,绩点杀手
7207,2721,朱克娅,2015-09-11 01:09:30,29,50,21,上过常微分，是很有经验的老师，教程合理，有适当回顾以及分类整理，至于绩点杀手，反正我们这个班大家还都挺满意的，希望一楼不要随意抹黑\n\n
8459,2721,朱克娅,2015-09-21 10:55:09,17,23,6,讲的很耐心应该不太有听不懂得能课外延伸就好了，人很温柔
9176,2721,朱克娅,2015-10-15 06:39:01,7,19,12,上课那么久的课第一次碰到这么无聊的老师，坐在前三排都有一堆睡觉的人，上课大部分时间是在抄矩阵，题目大部分全是课本里的。学费全白交，考试靠自修。
9714,2721,朱克娅,2015-11-05 05:15:37,2,10,8,老师真的好通情达理！！
10843,2721,朱克娅,2015-11-23 07:02:54,10,22,12,太绩杀了
11265,2721,朱克娅,2015-11-26 05:48:24,13,14,1,到底为什么要特地选和书上不一样的字母讲课啊啊啊啊啊啊啊
12234,2721,朱克娅,2015-12-22 12:30:00,19,28,9,听课还不如自习
12853,2721,朱克娅,2015-12-24 06:36:02,0,4,4,可以提早一个小时下课，一般一星期上两节，进度安排的很轻松，不过很遗憾在拓展方面有点少，书讲的很透
13784,2721,朱克娅,2015-12-31 02:43:22,11,13,2,靠自习：（
13972,2721,朱克娅,2017-07-02 17:00:01,-20,3,23,傻逼一个
15222,2721,朱克娅,2016-01-19 15:31:58,2,9,7,哎。真的一点师生情都没有么。平时分没什么用啊
15836,2721,朱克娅,2016-01-30 08:32:00,2,10,8,课从不上满，也许有人能听懂吧，关键是绩杀，注意，绩杀！！
16366,2721,朱克娅,2016-01-18 03:54:40,0,5,5,还好啊
16572,2721,朱克娅,2016-01-18 11:50:46,16,22,6,老师人好，温柔，没脾气，细心。但是讲的快，线代貌似从未上满三节课，通常第二节课上一会就下课了～～而且声音太温柔，催眠功能……
17085,2721,朱克娅,2016-01-19 14:37:15,2,6,4,这个老师上课没什么好听的，把书照读一遍，还不讲师生情！！！
17086,2721,朱克娅,2016-01-19 14:38:37,1,7,6,下课早，但是绩杀不解释
17114,2721,朱克娅,2016-01-24 12:29:07,-2,4,6,比黄正达好一点!至少你们问她问题会耐心做的，虽然有的题她可能一时想不出来。绩点什么的找黄正达吧！老师给分死板!其他也不好说她什么
17150,2721,朱克娅,2016-01-19 16:44:37,1,11,10,舍友59都没给过...我也是醉了
17176,2721,朱克娅,2016-01-19 23:50:13,-26,4,30,考多少分给多少分，我只得了83，qnmlgb
17201,2721,朱克娅,2018-07-08 02:56:19,8,15,7,大绩杀，上课讲的内容也很少，讲完两节内容就下课，讲课就是念教案，有时甚至提前一个小时一个半小时下课。学不到东西还绩杀。
17558,2721,朱克娅,2016-01-20 11:58:51,-10,4,14,给分好
19767,2721,朱克娅,2016-01-25 08:57:36,0,8,8,老师讲课思路很清晰，每节课都会提前下课，而且听她的课不会犯困。虽然讲的有点浅但是自己多练练就没什么问题，特别喜欢朱老师所以常微分又选了她的~
20703,2721,朱克娅,2016-01-30 04:15:13,-1,1,2,浪费时间\n\n
20746,2721,朱克娅,2016-01-31 00:48:14,67,74,7,迟到的人刚坐下她就下课了。哈哈哈哈哈哈哈hi
21350,2721,朱克娅,2016-02-28 07:11:09,1,2,1,线代可能真没有好老师了吧…反正我是趴过来的，毕竟只能靠自学
24705,2721,朱克娅,2017-01-13 08:52:48,47,65,18,朱老师声音太甜了，同意的顶我上前排
24712,2721,朱克娅,2016-05-03 07:41:20,10,13,3,不觉得哪里不好，老师很温柔，思路很清晰。求不喷。\n\n
25130,2721,朱克娅,2016-05-06 01:50:13,-17,5,22,绩杀手里拿满绩！！
25396,2721,朱克娅,2016-05-17 06:48:12,1,4,3,讲课死气沉沉，基本就是念教案。第一排都能睡着，听课体验太差
25452,2721,朱克娅,2016-05-20 00:17:07,-1,1,2,全程念教案无聊到瞎 声音催眠技能加点max
25592,2721,朱克娅,2016-05-27 00:15:56,0,3,3,念完内容就下课 你说呢
25665,2721,朱克娅,2016-06-01 01:43:58,-9,5,14,老师讲的可好了！反正我线代4.5
25707,2721,朱克娅,2016-06-04 02:53:03,-6,4,10,讲课快并不是因为语速块，而是因为教案没要求或者选讲的就直接跳过……这种教学生只重视考试的功利做法我觉得不应该出现在老师当中，说好的科学素养和数学素质呢？另外，许多理工科以后都要用到常微分，假如没有奠定很好的基础，将来的学习还不知道要遇到什么样的困难……要想有所收获，那我真的不推荐选朱老师的课。
26181,2721,朱克娅,2018-03-06 04:38:37,4,14,10,国手神医硬生生把我搞挂了
26805,2721,朱克娅,2016-06-21 06:49:11,1,6,5,魔音穿耳，没有激情
27781,2721,朱克娅,2016-06-27 13:35:09,2,5,3,声音超级好
28738,2721,朱克娅,2016-06-28 13:34:04,3,6,3,声音甜美，是不是绩杀还不知道
28957,2721,朱克娅,2016-06-29 04:21:56,-3,0,3,挺好的\n\n
29154,2721,朱克娅,2017-01-16 05:06:38,11,15,4,头一次碰到用扫描的手写pdf上课的老师，坐后面一点也看不清，拜托老师用个ppt或者板书好么，不仔细看就找不到在讲哪里。就算要手写，干嘛不像矿爷一样，边讲边写。本人常微分是她，然后只好自学3多一点。。偏微分还是她，感到崩溃，再自学，有时候还去应文隆老师那里蹭课。唯一的帮助是锻炼了纯自学能力，笑哭、摊手。建议：慎选，除非自己本事强，或者对绩点要求不高。
32181,2721,朱克娅,2016-07-07 06:53:45,1,6,5,我以为助教死了呢
32183,2721,朱克娅,2016-07-06 01:43:23,1,5,4,老师 出分好吗
32191,2721,朱克娅,2016-07-06 02:06:55,0,4,4,老师出分奇慢，上课各种快各种乱，千万别选
32277,2721,朱克娅,2016-11-19 00:15:20,1,6,5,老师哪里绩杀了。。常微分给分挺好的。。上课其实也不错。。
32517,2721,朱克娅,2016-07-07 10:22:22,-3,2,5,给分不好
32546,2721,朱克娅,2016-07-07 14:05:07,7,11,4,洗白！讲道理给分真的挺好的！！考完以后一直以为自己肯定会挂，看了老师的评论说是鸡杀就更慌了，然而最后给分真的超好！
32557,2721,朱克娅,2016-07-07 17:42:17,-2,2,4,讲真，老师确实讲得没有激情，然而我觉得给分不错啊，只要你认真做作业，分数还是不错的，嗯，老师人也不错【讲得快是真的，不要迟到，会等于翘课的】
32565,2721,朱克娅,2016-07-08 00:23:38,-2,1,3,虽然上课不怎么听得懂，但是给分不错
32577,2721,朱克娅,2016-07-08 01:52:47,-1,2,3,确实国手神医，但并没有传说中那么绩杀（数学就等于自学，考前开天辟地即可，因为上课并没有什么卵用）
32875,2721,朱克娅,2016-10-20 04:30:25,7,11,4,我不知道她以前给分怎么样，但我那次给分真的超级好，出分后大家都在感谢老师
32953,2721,朱克娅,2016-11-04 14:28:27,29,63,34,什么绩杀不绩杀的，这种专业课的分数本来就是按照平时分和期末卷面分给的，自己考的差，做不出题目，在这里说是绩杀，不觉得羞愧吗？扪心自问一下自己到底有没有努力，自己到底考的怎样，作业做的怎样，好吗？当然，不排除有同学考的确实不错，因为阅卷出错导致分数很低，而且也没有查分。还是那句话，我出分80，查分之后99，老师也道歉了，这是所谓的绩杀给出的分数吗？什么室友59分跪了，我也是服了，这只是说明其实原本就没有59分，这点道理不懂吗？老师有必要故意让你差一分吗？只不过最高最高只能给到59分了！再怎么给分，也上不了60，ok？
35240,2721,朱克娅,2016-11-19 04:53:47,0,6,6,老师给分挺好的
35876,2721,朱克娅,2016-11-10 08:38:46,1,3,2,不会点名的好老师
36249,2721,朱克娅,2016-11-11 08:44:53,1,2,1,其实老师挺好的，只是自己没学好
36366,2721,朱克娅,2016-11-12 10:46:53,0,2,2,上课节奏挺快的，走神的话就可能跟不上，但讲的的确是简单的，1分的常微就是教怎么解，教完就会下课，每次课后会有十道题当作业
37328,2721,朱克娅,2016-11-18 10:13:29,1,4,3,上课还好，只想问什么时候出成绩啊
37423,2721,朱克娅,2016-11-18 16:57:12,0,3,3,给分很好的老师～觉得一分的常微这样讲很好啊 讲的很清楚考前多做做题就好 就是每次上课前都要喝咖啡不然会睡着…声音催眠…
37425,2721,朱克娅,2016-11-18 17:32:28,7,10,3,真心觉得1学分的常微分这么讲就够了，这个课也不是面向数学系开的，很多东西不需要拓展，把基础讲清楚就好了。给分情况也还好，和估计的卷面分数差不多。总体赞一个。
37427,2721,朱克娅,2016-11-18 22:07:21,4,6,2,嘿嘿嘿，蛮可爱的老师，讲课很清楚，还是比较容易理解的。常微分这短学期的一学分的课本身侧重的就是计算技巧，多算算就好了。我这个数学渣没少刷题最后妥妥上八，真是数学成绩的大飞跃，谢谢朱老师。
37440,2721,朱克娅,2016-11-19 00:05:06,1,4,3,给分还是挺好的。考完出来我都感觉要跪了，没想到还可以，谢谢老师
37795,2721,朱克娅,2016-11-21 05:59:05,10,14,4,常微不如自学，真的，老师声音太像初中语文老师，鸡皮疙瘩一地。不过考完觉得自己要挂了然后3.9的心情你懂吗！！！谢zky全家
37872,2721,朱克娅,2016-11-21 12:48:42,8,9,1,讲的还好，声音确实挺甜，赞同迟到等于翘课的说法，那些说绩杀的可能没认真学吧，这学期上的常微分，认真学了，给分就很不错啊\n\n
38212,2721,朱克娅,2016-11-27 05:33:44,0,2,2,常微分讲得还可以
39807,2721,朱克娅,2016-12-28 00:31:30,20,36,16,上面有个评论真的没道理，能把你考到的分数不打折扣的给你就不是绩杀了？那哪个数学课老师是绩杀？难不成还有老师故意扣你实打实的成绩？可调可不调的分数都不调，就是绩杀了。不然均绩低这么多是因为选她班的学生都比其他班学生差？你要是足够厉害没有什么绩杀难的住你，但不可能人人都像你一样，他们就连想自己分数高一点的想法都不能有了？你分数高觉得老师好可以理解，别把别人正常的评价上纲上线弄的像别人恶意报复OK？对于自己不理解的群体的处境自以为是的妄加揣测然后批判一番所谓不够努力云云，倒是有一番指点江山的雄心。
41259,2721,朱克娅,2017-01-10 09:11:28,0,2,2,相信自己自学能力还不错的同学可以一试
41513,2721,朱克娅,2017-01-12 05:43:50,0,1,1,怎么说呢，我上课就一直犯困。
41857,2721,朱克娅,2017-01-22 08:20:13,8,10,2,偏微分来的......谢谢老师不挂
45078,2721,朱克娅,2017-09-21 07:16:53,-1,4,5,我只想说为啥没有0分选项。。只能打一分了
46271,2721,朱克娅,2017-01-22 09:37:21,0,1,1,完全自学
46724,2721,朱克娅,2017-01-22 08:23:35,4,5,1,老师人很好，讲课是比较直接的点知识点，用自己的讲义的。最后给分比想象中好！
46746,2721,朱克娅,2017-01-22 09:09:47,-2,0,2,老师常微分讲的还不错，虽然下课早，偏微自己加油
46747,2721,朱克娅,2017-01-22 09:11:43,-6,3,9,平时分基本都不给的？少交了几次作业期末及格线附近就挂了？
46751,2721,朱克娅,2017-01-22 09:17:18,3,5,2,偏微及格了我就来了
46792,2721,朱克娅,2017-01-22 10:20:50,1,4,3,老师给分挺好的啊…感谢老师
46807,2721,朱克娅,2017-01-22 11:02:22,0,1,1,听老师的课真的能学到什么吗
46810,2721,朱克娅,2017-06-14 04:15:16,-11,4,15,没有师生情注意了！没有师生情！我开天辟地到四五点觉得还可以能及格了才敢去睡觉然后告诉我挂了。就一分。59。挂了。我寒假书都没有带回来。年都不用过了，我谢谢她。59啊呵呵呵。59
46822,2721,朱克娅,2017-01-22 11:25:22,0,5,5,老师已经不是绩杀了，现在zky偏微都开始调分了！
46838,2721,朱克娅,2017-01-22 12:33:16,-7,2,9,这货挂了我两次，不想再说什么了，千万别选她的课，能不选就别选
47011,2721,朱克娅,2017-01-23 09:28:00,5,6,1,犹记得克娅姐姐偏微考试前对我的蜜汁一笑…虽然偏微两道大题不会写但是最后给分还是蛮好的。她上课其实我也翘过…但是课后答疑真得很耐心的。
47065,2721,朱克娅,2017-01-23 13:28:23,1,4,3,能不选尽量不选\n\n
47525,2721,朱克娅,2017-01-29 09:10:41,1,3,2,绩点杀手简直呵呵
51146,2721,朱克娅,2017-05-19 00:30:48,-1,2,3,声音实在太让人难受了…读PDF和照着书本读感觉差不多啊也太偷懒了吧……
51885,2721,朱克娅,2017-06-13 06:58:20,0,2,2,国手神医
56872,2721,朱克娅,2017-07-05 01:58:38,3,3,0,老师人很好 提前下课 常微分真的只要这样学就可以了 十道题认真做 考试前把公式记住套一下
56965,2721,朱克娅,2017-07-05 05:00:57,-2,2,4,emmm.....满绩了 但是 完完全全因为试卷简单 真心想学的同学 不建议选她的课.....
57009,2721,朱克娅,2017-07-05 06:57:31,1,6,5,典型的打卡下班型老师，能提早下课绝不多讲一分钟，把书上定义念一遍之后讲两道例题就下课，工科生预制她的常微和偏微建议退了重选，除非你对自己的自学能力非常自信
57976,2721,朱克娅,2017-07-19 07:30:47,11,15,4,看到楼上说各种绩杀什么的 我只想说朱老师的常微分虽然堂堂课都提前半小时下课，但是所有的知识点都讲的很清楚，考前过一遍老师的pdf认真刷一遍文印店的题目就轻松满绩了。至于给分，我看到的是每堂课都有迟到40分钟+的人，甚至第二堂课开始就到课率就直线下降到最后估计有一半的人都翘课，这种态度还希望老师救你一把？至少朱老师保证了所有认真学的同学拿到自己满意的绩点，也没必要去讨好那些不认真的人
59195,2721,朱克娅,2017-09-20 07:01:07,3,5,2,没感觉老师讲课怎么不好啊 虽然讲的少但讲的很清楚 难道像中学老师一直看着你吗？第一个满绩的课 不明白为什么有人黑老师\n\n
59898,2721,朱克娅,2017-09-28 05:55:40,0,1,1,逆向生长好吧
63875,2721,朱克娅,2017-12-18 07:26:03,1,2,1,上节课的作业还没补完，她就下课了。
64145,2721,朱克娅,2017-12-21 05:41:38,-1,1,2,听课不如自学
64147,2721,朱克娅,2017-12-21 05:45:24,1,3,2,好老师，认真负责，就是我太困了(o^^o)
64967,2721,朱克娅,2017-12-28 05:33:28,-2,2,4,真的绩杀
68601,2721,朱克娅,2018-01-23 12:48:12,4,5,1,感觉老师很像一个幼儿园老师（emmm迷）
68625,2721,朱克娅,2018-01-23 13:15:56,-7,1,8,垃圾，真的差
69595,2721,朱克娅,2018-01-25 04:47:53,-1,1,2,呵呵呵，讲得超级快，自以为大家都懂了一样。
71286,2721,朱克娅,2018-01-28 08:47:27,-12,1,13,偏微分和老师没关系，反正都靠自学，另外感谢今年出卷老师出了这么简单的试卷
71319,2721,朱克娅,2018-01-28 09:33:00,0,0,0,这是什么？
74099,2721,朱克娅,2018-02-05 05:48:58,2,4,2,声音好听，讲课也还好。
74191,2721,朱克娅,2018-02-06 12:04:09,1,3,2,上课念教材 真的一点都不夸张 还好偏微套路多 靠自学吧
74194,2721,朱克娅,2018-02-06 12:08:31,-28,2,30,偏微。。。。。竟然。。。。满了？
74195,2721,朱克娅,2018-02-06 12:41:08,5,6,1,自己好好学偏微分，不然还是会很惨的
74212,2721,朱克娅,2018-02-06 16:08:32,13,15,2,挂了确实是自己的锅，但可以不要打59吗?
74253,2721,朱克娅,2018-02-08 04:00:16,0,1,1,没话好说 谁选谁知道 趁早退了吧
74260,2721,朱克娅,2018-02-08 09:33:52,0,2,2,有点坑\n\n
75829,2721,朱克娅,2018-03-19 09:52:23,-1,2,3,烂到爆  课件手抄课本呗   只说课本上简单的题   师生情也没有 再见
76328,2721,朱克娅,2018-04-03 06:16:44,6,6,0,来蹭了老师线性代数，客观来讲上课讲的很细，速度不快（我当时是汤树元老师的，感觉他进度更快内容更丰满）。东西讲的还算明白，但是会把简单的东西复杂化，而且不是很让我有听课的欲望orz对不起老师…相比于之前我上课丝毫没有看手机的欲望，这个…也可能是上过一次线代导致的吧。总的来说老师很认真，讲的真的不算好。而老师讲的好不好对学生的听课效率和欲望影响是很大的！（相比于蹭过课的李将云老师、陈锦辉老师和汪国军老师，还是差太远了）
77442,2721,朱克娅,2018-05-05 14:44:42,4,6,2,首先，朱老师的声音真的好好听啊。萌萌的。再说一遍好吧，声音真的好甜美啊。\n\n老师上课很有耐心。我们教室的投影仪占了整个黑板，老师有时候要具体演算的时候总会很不厌其烦地收起投影仪慢慢的写板书，线代的板书你说烦不烦。\n\n\n\n另外，给我们安排的助教也好好啊。啊真是羞煞我也线代还是很差。
78753,2721,朱克娅,2018-05-15 04:28:28,0,0,0,建议学过高代的来选这门课，安全
78810,2721,朱克娅,2018-05-15 08:59:03,2,2,0,老师很细致\n\n
79426,2721,朱克娅,2018-06-04 09:11:00,2,3,1,说实话……作业太多了……其他班一次作业两三道题朱老师一次布置十几道题.\n\n说实话作为一门一学分的课没必要布置这么多作业，重复繁杂的计算没有意义，对考试也没有帮助.
79445,2721,朱克娅,2018-06-05 08:22:13,7,7,0,常微分小测了解一下
79460,2721,朱克娅,2018-06-06 01:53:06,3,3,0,妙啊，最好的老师最好的助教，这不是表扬
80731,2721,朱克娅,2018-07-06 14:37:17,7,7,0,跪求调分。
80850,2721,朱克娅,2018-07-02 04:52:28,7,7,0,上30分钟就下课真开心
81931,2721,朱克娅,2018-07-06 13:31:21,0,2,2,很温柔的老师
84524,2721,朱克娅,2018-07-13 07:50:59,0,1,1,又被卡绩，难受。
84565,2721,朱克娅,2018-07-13 07:44:26,0,2,2,rnm的卡绩
84566,2721,朱克娅,2018-07-13 07:50:09,1,2,1,求求你安静让我睡一觉吧
84665,2721,朱克娅,2018-07-13 12:55:26,1,1,0,这平时分………\n\n
84726,2721,朱克娅,2018-07-13 15:42:39,1,1,0,光听课还是很水的，平时分99会尽量给高，但感觉就是讲了课本上的例子和概念。应该主要靠自学和平时及时梳理吧。感觉课堂上也没有多少人听。
84820,2721,朱克娅,2018-07-14 02:41:52,-4,3,7,不是？？59分，一分没调是什么操作？？？？真的很服，明明平时分85多给5分就及格了，硬是……真的很服，还不是绩杀呢？？？？？
85857,2721,朱克娅,2018-08-23 06:41:56,0,0,0,讲太快....
86075,2721,朱克娅,2018-09-04 03:18:00,2,2,0,听老师的课，影响最深的就是“伯努利方程”。
87230,2721,朱克娅,2018-09-26 02:32:17,2,2,0,上课=完成任务
87421,2721,朱克娅,2018-09-29 00:44:03,5,5,0,催眠效果好的一批啊
87720,2721,朱克娅,2018-10-11 00:41:17,5,6,1,复变课，上课和自学一样
88966,2721,朱克娅,2018-11-13 01:38:08,4,5,1,最后一节复习课就在你以为可以自己翘课复习时考试突然点名，不来扣分，惊不惊喜，意不意外，刺不刺激？\n\n老师本身还不错，不过不调分，平时分考试之前就会给出。所以挂了就真挂了，加油吧，骚年。
90505,2721,朱克娅,2018-11-23 16:27:18,0,0,0,咕咕咕
90526,2721,朱克娅,2018-11-24 00:17:05,1,2,1,老师该跳过的地方会跳过，该仔细讲的地方会仔细讲，人挺好的～
90538,2721,朱克娅,2018-11-24 01:32:01,-5,0,5,上课念经一样就算了，能别卡绩吗
90545,2721,朱克娅,2018-11-24 02:13:13,2,4,2,从复变来的，怎么说呢，这课绩点和另一门期中简单的微甲I一样并列数学课第一(虽然也不高，我本人也比较菜)，所以觉得老师还行吧，早期的评价其实对于上课方式上还是很写实的，但是也是大部分大学教员的常态，以后这种人多的很，早点学会和此类打交道也是一种走向社会的演练吧。\n\n其实她也就讲点很基本的东西，ppt上的内容书上全都有，但是仔细听会发现其实对于概念剖析很细致，确实不需要题海战术。考前我就做了3套题。也听过一些上课比较强势的老师的课，节奏普遍偏快，我很难跟上他们的思维，朱老师这种不紧不慢的节奏我反而能消化，学的比较好吧。
91173,2721,朱克娅,2018-12-02 14:50:09,0,5,5,满了，谢谢老师，老师思路清晰讲课快，但是助教改作业太细了。。。
97103,2721,朱克娅,2019-01-21 16:06:05,2,4,2,极其绩杀，不会调任何分，并且每次作业还会在完全写完只是写错的情况下扣分，老实说对于很多同学来说学线代就已经很艰难了，一个学期累积下来四五分真的很多，小测成绩登错，平时分加小测误扣一共扣了我五分，最后59把我挂了，当时想死的心情都有了，多番沟通无果，现在看到二楼的评价觉得真是极其讽刺
104746,2721,朱克娅,2019-03-27 03:32:27,0,1,1,回来评分，我觉得老师讲得挺好的
977,2823,莫群,2015-03-20 00:52:44,-13,13,26,太好了
1150,2823,莫群,2016-09-26 04:01:15,11,43,32,中国好老师
1164,2823,莫群,2015-03-21 16:22:42,-9,8,17,水水的
1528,2823,莫群,2015-03-22 11:06:50,-4,19,23,业界良心
2000,2823,莫群,2015-03-28 08:45:07,-10,13,23,中国好老师
4258,2823,莫群,2015-06-18 11:03:44,-11,15,26,绝对师生恋，绝对业界良心
4981,2823,莫群,2015-07-02 01:18:04,-15,13,28,给分很好，但上课真的很水，讲课是抄书，基本靠自学咯。 性格还是好哒。
8793,2823,莫群,2015-09-28 01:45:57,-13,7,20,绝对为学生考虑好老师\n\n
8899,2823,莫群,2015-09-30 03:43:04,-14,4,18,好好好
10066,2823,莫群,2015-11-15 10:24:17,-14,7,21,上课水水的
10448,2823,莫群,2015-11-19 01:17:22,-12,5,17,好好好\n\n
11468,2823,莫群,2015-12-02 10:34:13,-13,9,22,给分太棒了！老师超和善，上课总会留一定时间答疑，而且萌萌哒~强烈推荐！
11471,2823,莫群,2015-12-02 11:10:44,-13,5,18,给分很好，上课简明认真
11500,2823,莫群,2015-12-03 01:03:34,-26,7,33,来浙大第一门满绩的课
11505,2823,莫群,2015-12-03 05:19:01,-11,8,19,绝对业界良心，只要自己够努力，基本可满
11513,2823,莫群,2015-12-03 09:03:18,-13,6,19,特别理解学生，先讲解法，简单易懂
11532,2823,莫群,2015-12-04 00:12:49,-13,5,18,老师超级好，上课认真，每天提前下课
11584,2823,莫群,2015-12-07 03:04:50,-12,6,18,不点名，常微上课很好，给分很好，老师自己出的结业试卷第三题出错了T_T
11592,2823,莫群,2015-12-07 07:03:32,-12,7,19,水水哒，好老师，真心男神！
11668,2823,莫群,2015-12-10 00:01:13,-16,10,26,自己出卷简直良心，只刷了课本习题的我表示很满意。给分也不错。
11841,2823,莫群,2018-04-19 15:46:11,27,71,44,。。没看出来这老师哪好，赶上他第一次教偏微，就是抄书，还经常不备课，考试内容都不知道……算我们倒霉吧
12487,2823,莫群,2015-12-23 11:29:22,-15,8,23,给分好，他出试卷，试卷会很简单
12934,2823,莫群,2015-12-24 11:00:59,-15,3,18,好老师，良心老师
13644,2823,莫群,2015-12-30 08:00:12,-14,7,21,给分超好！很照顾文科生！不过基本靠自学了…
13746,2823,莫群,2015-12-30 13:45:02,-14,5,19,有这样一个数学老师很重要～
14840,2823,莫群,2016-01-27 13:32:13,9,23,14,上课只会念书，给分差
16355,2823,莫群,2016-01-18 03:43:32,-17,4,21,师生恋
18973,2823,莫群,2016-01-23 01:32:09,-15,6,21,他让好多人常微满绩
20402,2823,莫群,2018-04-19 15:46:08,30,70,40,上偏微分者死
20403,2823,莫群,2016-01-27 13:29:19,16,37,21,辣鸡超级辣鸡
20404,2823,莫群,2016-01-27 13:31:35,10,19,9,念课本\n\n
20406,2823,莫群,2016-01-27 13:32:18,27,64,37,愚蠢。第一门挂科。莫群一生黑。别选偏微。
20407,2823,莫群,2016-01-27 13:33:08,26,108,82,要是能给0分我就给0了，信电的来点赞！
20409,2823,莫群,2016-01-27 13:57:46,16,34,18,太差了
20410,2823,莫群,2016-01-28 00:29:30,17,39,22,不想说什么了……被毁了
20413,2823,莫群,2016-01-27 13:41:07,15,25,10,活久见
20414,2823,莫群,2016-01-27 13:42:03,21,49,28,就这样吧。。2015冬偏微分留
20415,2823,莫群,2016-01-27 13:43:51,13,21,8,呵呵呵呵……别作死
20416,2823,莫群,2016-01-27 13:45:21,17,46,29,为什么不能给0分？上课讲成屎最后给分还不调，挂了一堆。第一节课还说除非学生作死，不然不会挂的！我再也不相信他的鬼话了
20417,2823,莫群,2016-01-27 13:46:25,14,24,10,只会按书讲，经常讲着讲着自己也不会了
20418,2823,莫群,2016-01-28 04:58:04,-15,5,20,好好好
20419,2823,莫群,2016-01-27 14:00:17,17,30,13,按书讲，不如自学，给分新低。跟考点无关
20421,2823,莫群,2016-01-27 14:02:28,16,26,10,上课念书
20423,2823,莫群,2016-01-29 06:34:25,18,40,22,为什么不能给0分？偏微分天坑！
20424,2823,莫群,2016-01-27 14:12:20,11,19,8,上课念书
20426,2823,莫群,2016-01-27 14:15:53,13,24,11,无底天坑
20435,2823,莫群,2016-01-27 14:24:03,13,23,10,其实我觉得没他们讲的那么过分，挂科其实是我自己没学好，但是他讲的我听不懂也是事实，没重点念课本也是事实\n\n
20436,2823,莫群,2016-01-27 14:26:03,26,52,26,上过秋学期的刘康生的复变后，感觉浙大没有比刘sir更次的老师了。直到冬学期上了莫群的偏微后，发现当时真是太天真，还真TM有更次的。别教偏微了，好好教你常微吧。
20444,2823,莫群,2016-01-27 14:44:34,6,12,6,呵呵呵
20445,2823,莫群,2016-01-27 14:46:18,-11,4,15,老师好不好是其次，关键还是看个人能力
20446,2823,莫群,2016-01-27 14:47:28,6,12,6,呵呵\n\n
20447,2823,莫群,2016-01-27 14:52:07,13,22,9,呵呵呵，老师你咋不上天呢？大学历史新低。
20449,2823,莫群,2016-01-27 14:54:25,2,7,5,
20450,2823,莫群,2016-01-27 14:58:50,18,37,19,信电被坑。求说法
20452,2823,莫群,2016-01-27 15:16:57,18,36,18,我叫信电学子:)
20453,2823,莫群,2016-01-27 15:18:08,-8,5,13,实话讲 老师讲的不错的
20454,2823,莫群,2016-01-27 15:19:53,13,24,11,挂了，无可奈何
20455,2823,莫群,2016-01-27 15:20:26,14,24,10,室友的国奖没了▄█▀█●给跪了\n\n
20462,2823,莫群,2016-01-27 16:05:38,16,30,14,分很低。大约这学期之前评的同学是上的莫群的通识或者数分一那个均分奇高的课。偏微坑了，室友挂了，另一个室友不是他的，学得没我好，比我高我也是不服气的。
20480,2823,莫群,2016-01-27 17:25:57,15,24,9,我TM服了，信电被他搞残了
20481,2823,莫群,2016-01-27 18:15:04,6,10,4,我是来看评论的。\n\n
20504,2823,莫群,2016-01-28 03:10:36,9,16,7,第三次来评。1分不过分。
20509,2823,莫群,2016-01-28 03:32:24,10,17,7,学期均绩掉了0.4，总均绩掉了0.1。莫群一生黑
20523,2823,莫群,2016-01-28 05:36:36,3,7,4,呵呵哒
20579,2823,莫群,2017-09-17 08:52:13,1,11,10,莫莫大，傻逼
20621,2823,莫群,2016-01-29 05:46:10,0,10,10,每日1分。前来报到。
20714,2823,莫群,2016-01-30 06:46:00,2,4,2,伤感情
20756,2823,莫群,2016-01-31 05:13:15,5,11,6,偏微一出天下惊
20757,2823,莫群,2016-02-14 14:47:17,2,4,2,草草草
20920,2823,莫群,2016-02-04 04:11:38,4,10,6,过年了，1分拜个年
20945,2823,莫群,2016-02-05 01:13:28,1,5,4,。。。老师其实还好
20953,2823,莫群,2016-02-05 08:09:42,5,7,2,莫呆呆
21221,2823,莫群,2016-02-26 11:40:39,2,3,1,辣鸡
21272,2823,莫群,2016-03-02 09:12:27,2,7,5,腊鸡辣鸡
21827,2823,莫群,2016-03-01 07:27:06,0,4,4,后台不知道被谁改过了，本来都5点几现在又9点几都不知道怎么弄得
22042,2823,莫群,2016-03-02 07:02:26,2,3,1,。。。
22045,2823,莫群,2016-03-02 07:11:16,2,4,2,日狗头\n\n了，
22047,2823,莫群,2016-03-02 07:13:59,2,6,4,原来评分消失了，所以再来打个分，0分！！！
24430,2823,莫群,2016-04-30 13:43:44,0,2,2,被坑了
24511,2823,莫群,2016-05-01 02:01:43,-1,1,2,后台出问题了？？9.24我不信
26135,2823,莫群,2016-11-10 07:38:23,0,3,3,终于不教偏微了
26958,2823,莫群,2016-11-10 07:37:37,0,3,3,作为信电人我要给莫群老师十分，不为什么，为了学弟学妹！
27452,2823,莫群,2016-06-28 15:26:05,19,31,12,背景：老师之前没上过偏微分，一直教的常微分。\n\n上偏微分之前，查老师莫群是8/9分的样子，下面评论全说老师给分好。\n\n上偏微分之后，查老师变成了4/5分，下面评论也就变成了你们看到的这个样子。不仅一片差评，还把曾经的好评全刷负了。\n\n结论：老师一定是常微教多了，把偏微当常微一样给分了（手动再见）。常微选莫群者活，偏微选莫群者死。（呵呵哒）\n\n本来几乎所有课都过了4.5，结果最后GPA4.4，一门偏微把其他所有4.5+的课全拉下来了，心痛！
29469,2823,莫群,2016-06-30 00:31:32,0,2,2,辣鸡辣鸡
29608,2823,莫群,2016-07-06 16:34:04,0,2,2,不如自学
33118,2823,莫群,2016-09-13 07:24:56,-1,1,2,太辣鸡
33138,2823,莫群,2016-09-13 16:37:34,0,0,0,
33384,2823,莫群,2016-09-19 03:25:42,0,0,0,感觉就是在读书\n\n
33385,2823,莫群,2016-09-19 03:26:29,-3,0,3,懵懵懂懂，痴痴傻傻
33479,2823,莫群,2016-09-26 03:59:12,-1,2,3,我靠，，一直在抄课本！！！！！不知他在说什么。。。。。声音又小！还催眠！！！！！
33872,2823,莫群,2017-07-12 22:09:59,51,59,8,很好的老师 讲课认真清晰\n\n数分I ， 数分II都是莫群老师的\n\n好好听课认真作业考前看看书\n\n最后绩点4.2， 5.0 给分很好\n\n-----------\n\n信电的请别乱黑了
34375,2823,莫群,2016-10-08 06:49:54,5,7,2,感觉老师人还不错，只是上课容易水到别处去……有点对着书讲。最喜欢说，这个要证明……哎呀这个证明在好后面。
34631,2823,莫群,2016-10-17 03:51:31,0,0,0,？。。。。。
34758,2823,莫群,2016-11-17 01:58:53,19,21,2,人挺好，数学分析，不管怎么说，我顶一波
35892,2823,莫群,2016-11-10 08:45:21,-2,0,2,水！！
38511,2823,莫群,2016-12-07 08:59:23,-2,0,2,还可以
40092,2823,莫群,2016-12-29 06:40:33,2,6,4,剩下的你们自学吧……?
40459,2823,莫群,2017-01-04 04:19:47,5,5,0,还不错
40480,2823,莫群,2017-01-03 14:46:18,-1,1,2,呵呵呵
42267,2823,莫群,2017-01-14 03:18:08,11,13,2,风趣幽默
42271,2823,莫群,2017-01-14 03:20:04,0,2,2,风趣幽默
42294,2823,莫群,2017-01-14 03:45:30,0,2,2,完全靠自学
46591,2823,莫群,2017-01-23 08:47:23,5,5,0,给分不错
46987,2823,莫群,2017-01-23 08:34:47,8,8,0,老师上课不咋的，但是水平不错，人很好，给分也超级好der
46992,2823,莫群,2017-12-20 13:29:48,93,102,9,数学分析，一开始觉得老师总在强调莫名其妙的东西，比如说什么根号二要证之类的，也会觉得老师有点抄书，但越往后学，就越习惯也越理解老师的讲课风格，明白老师是想培养大家的一种严谨的习惯，尤其老师可以用自己的理解讲一些书上复杂的证明，很容易懂，他的思路也让我受益匪浅，总会留出时间让同学们答疑，很耐心，很真诚，几乎每次都会早来半个小时以上，给成绩也很关心同学，真的很棒！有时上课讲一点自己对社会热点的看法，老师呆萌的样子经常逗得大家捧腹大笑。大家不要被评论干扰，评论里的负面都是针对偏微，但数分强推！
46996,2823,莫群,2017-01-23 13:14:09,5,5,0,挺好的数分
47269,2823,莫群,2017-01-25 04:37:26,0,2,2,讲得挺慢的，挺好的，很细，老师很有水平\n\n
47290,2823,莫群,2017-01-25 05:46:17,0,1,1,老师人很好 喜欢闲谈 很爱笑
47716,2823,莫群,2017-03-18 09:07:29,5,6,1,不小心点进来了，不小心评了个分，给太低内心过不去，给个十分吧
47958,2823,莫群,2017-02-27 14:25:14,0,1,1,老师超级棒 浓浓师生情
47971,2823,莫群,2017-02-28 03:03:11,-6,0,6,呵呵蛤
48823,2823,莫群,2017-03-14 03:44:42,1,2,1,哦哦哦
50585,2823,莫群,2017-05-03 16:32:21,3,4,1,? 自学无敌
51946,2823,莫群,2017-06-14 00:55:31,8,8,0,老莫很认真，负责。上课很有思想，跟着老莫学数分才叫学数学，讲的很细致。给分也很不错，都知道数学学院考试难，老莫主动调分，基本不会挂的。
52546,2823,莫群,2017-06-21 03:17:29,-2,0,2,老师上课很有想法，也很亲和。就是有时候重点有点歪……
52805,2823,莫群,2017-06-23 03:39:55,8,9,1,12468...
53330,2823,莫群,2017-06-26 11:29:55,6,7,1,对不公正的评分进行平衡
57669,2823,莫群,2017-07-12 03:32:46,4,5,1,个人感觉老师讲课一般，进度略慢，自己得好好自学。考试会调分。
57670,2823,莫群,2017-07-12 04:42:16,-2,1,3,说好的调分呢？……
58797,2823,莫群,2017-09-18 01:32:26,-1,0,1,哈哈哈哈哈没听过
58836,2823,莫群,2017-09-18 04:59:58,4,4,0,风趣幽默
59979,2823,莫群,2017-09-29 15:12:23,16,17,1,你会看到他真的是很认真的再讲，很严肃的在构建一个完备，健全的体系，然后教着一种简明和美的解题模式
60649,2823,莫群,2017-10-26 03:29:43,-1,0,1,......
61508,2823,莫群,2017-11-18 03:47:12,18,18,0,上的数学分析，老师讲的很细致，会在学函数的时候告诉我们不能用对数证明，因为我们还不能证明对数的存在。诸如此类，老师真的很强调数学的严谨性，会告诉我们作业中证明过程的一些纰漏。数分真的好评。
62060,2823,莫群,2017-11-22 10:14:11,8,8,0,数分讲的不错的
68167,2823,莫群,2018-01-22 16:05:26,4,5,1,老师很耐心，很和善
68502,2823,莫群,2018-01-23 09:30:27,4,5,1,好老师^ - ^
70227,2823,莫群,2018-01-26 09:09:08,-3,1,4,就是在那念书
72122,2823,莫群,2018-01-29 11:44:44,-5,0,5,人不错，但水平不是很高。
72649,2823,莫群,2018-01-30 15:47:26,15,17,2,老师的数分真的强推，他会帮你调分到深夜，只为了不让你卡绩点！这是我唯一一门压着绩点线过的科目，大爱莫群老师！
74184,2823,莫群,2018-02-06 07:44:13,6,6,0,老师水平很高，只是有时候感觉他表达不出来。脾气很好，解答题目很热情，给分也棒棒哒！
74694,2823,莫群,2018-03-05 06:16:50,7,7,0,数分真的上的挺好的...人也很好...
75393,2823,莫群,2018-03-10 09:54:05,1,2,1,挺好的，为人和善
75422,2823,莫群,2018-03-11 14:16:39,4,4,0,数分挺好的
75888,2823,莫群,2018-03-21 02:48:48,11,11,0,强推数分！老师给我印象最深的是在第一节课的时候，说根号二，ln2，e，π之类的东西不是有理数这件事并不是显然的，都要证。他希望我们数学系的学生一开始就养成严谨的习惯。而且他上课的时候也偶尔聊点闲天，特别可爱。
76362,2823,莫群,2018-04-04 08:33:04,-1,0,1,莫水水
77541,2823,莫群,2018-05-06 11:02:14,1,2,1,不点名，作业还好，关键是最后考试我自己算算怎么都不及格结果最后总评分还是80
78632,2823,莫群,2018-05-14 04:18:41,6,6,0,莫老师认真的很好，很重学术，也很关心同学，上课经常和我们聊“闲天”，上数分上的很棒！希望评论可以更客观一些，不要因为一门课不好就开始黑老师。
79837,2823,莫群,2018-06-14 08:08:37,9,9,0,莫老爷子是个好人，你们不能这样黑他(ಡωಡ)
80207,2823,莫群,2018-06-21 13:54:49,9,9,0,啊都在说他的偏微……不过说真的要给他的数分说说话了，学弟学妹们可以放心选他的数分的呀，他的数分课上的还是很好的，人也很不错。这里李奶奶和他的课都上过，如果是说数分的话其实两边真的都很好的！
84312,2823,莫群,2018-07-12 13:49:18,5,6,1,莫老师很重学术，而且人也非常的好！不要被评论骗了，很喜欢莫老师！
84318,2823,莫群,2018-07-12 14:05:33,6,6,0,需要自学 需要自学 但是老师给分真的好～～
84325,2823,莫群,2018-07-12 14:40:35,6,7,1,我爱莫老师和助教小姐姐！！！\n\n
84366,2823,莫群,2018-07-12 15:53:41,15,18,3,表白！！！把顶老师的评论都顶上去！！！顶他妈的！\n\n莫老师怎么能不十分？？！
84461,2823,莫群,2018-07-13 02:23:06,7,10,3,老师的数学分析讲的真的很清楚！！而且会和大家聊闲天超可爱！得知大家大雾考不好还说我觉得学数学的人大概都不怎么写得好物理233333！上学期就因为低评分错过了老师希望学弟学妹不要被评分误导啊！！还有就是，我的期末卷子！四道大题不会写！结果居然调到了4.2！老师真的太棒啦！
84496,2823,莫群,2018-07-13 04:01:39,24,26,2,他反对应试教育 总会不自觉地沉浸入自己的数学世界里 是个为学生着想的老师 会分享最近的科研 这才是大学老师应有的模样
88417,2823,莫群,2018-10-30 12:31:52,-19,5,24,老师真的太死板了，上课真的很没意思，开学初就有学长说数分可以选择自习了。而且思想极其古板，以世俗观念评价一个学生，妄自定义一个学生是否优秀。
88442,2823,莫群,2018-10-31 03:47:53,23,23,0,不好好学数分，以后肯定会后悔的
88447,2823,莫群,2018-11-19 01:00:07,123,144,21,看到创青春聊天截图前来给老师态度点赞。某些同学报名时无视志愿者时间安排，课么想翘，小测分数么还想要，简直浙三本毒瘤
88448,2823,莫群,2018-10-31 04:20:29,117,122,5,就冲那句“你有选择的自由”
88449,2823,莫群,2018-10-31 04:23:03,60,63,3,莫老爷子是个好人，怕某些事给他招黑刷个好评
88450,2823,莫群,2018-10-31 04:24:28,93,98,5,冲老师那一句“你有选择的自由”来点赞，十分。某些学生还真是太年轻
88451,2823,莫群,2018-10-31 04:31:41,63,64,1,聊天截图xswl，莫群路转粉
88452,2823,莫群,2018-10-31 04:33:10,30,30,0,特地来打10分
88453,2823,莫群,2018-10-31 04:35:03,34,35,1,老师人超级好\n\n有些所谓志愿者的同学自己不要太作
88454,2823,莫群,2018-10-31 04:43:38,23,25,2,你有选择的自由 十分
88455,2823,莫群,2018-10-31 04:46:09,23,24,1,你有选择的自由
88457,2823,莫群,2018-10-31 04:51:38,6,7,1,天咯啦啦
88458,2823,莫群,2018-10-31 04:52:40,23,24,1,你有选择的自由。
88459,2823,莫群,2018-10-31 04:53:35,24,24,0,人生导师
88460,2823,莫群,2018-10-31 04:53:51,46,47,1,你有选择的权利\n\n但你的将来，也许会因为你以前的选择，而丧失这种权利
88461,2823,莫群,2018-10-31 04:57:29,40,41,1,你有选择的权利 人生导师
88463,2823,莫群,2018-10-31 04:59:53,33,33,0,老师真是实在  就需要这样讲大实话的老师
88464,2823,莫群,2018-10-31 05:31:54,70,77,7,本来根本不知道这个老师 因为10.31创青春事件路转粉 特地来打个十分 没有上过他的课不知道人怎么样 但是翻看一下差评基本是因为给分差而非其他原因 分数呢每个老师都有自己的判断标准 有的老师松喜欢把正态分布均值设定为3.9 有的老师呢可能不知道调分或者要求严格 仅此而已 当一门课有两个老师开的时候 我也会尽量选择给分好的老师 但是如果没办法只能上绩杀老师课的话 我会因此而更努力更认真来弥补这个差距 但是最后还是分很低的话只能怪自己不够优秀 毕竟给分再低的课总会有高分的存在 为什么不是我高分 那是因为我自己的原因还是老师的原因 那些又没努力又想拿高分的同学 你可以选择另外给分好的老师呀 既然你没有选而选了这个老师 就做好准备不要看见分数后跟吃屎一样前来咆哮给零 据我所知志愿者跟课程冲突时可以选择退出 就算没有替补也只能怪为什么报名时自己没有想到 你在翘小测和履行你所谓的责任中可以选择 但如果你选择去小测就应该认真地跟举办方道歉 选择去志愿者就应该认真地跟老师道歉 把自己摆在道德制高点上为了所谓浙大的形象 对着老师用你而不是您 就算我拿零分也要去参加志愿者活动 就这个态度我觉得老师完全可以很生气 是你鸽了老师不是老师对不起你 但是老师没有很生气而是淡淡地你有选择的自由 你还在那里跟老师犟嘴你一直有 “不一定的比如你以后可能没有优秀同学选择那样的自由” 真的是人生导师 希望你能因此事而更成熟一些 感谢这位老师吧
88466,2823,莫群,2018-10-31 05:59:19,38,40,2,本来根本不知道这个老师 因为10.31创青春事件路转粉 特地来打个十分 没有上过他的课不知道人怎么样 但是翻看一下差评基本是因为给分差而非其他原因 分数呢每个老师都有自己的判断标准 有的老师松喜欢把正态分布均值设定为3.9 有的老师呢可能不知道调分或者要求严格 仅此而已 当一门课有两个老师开的时候 我也会尽量选择给分好的老师 但是如果没办法只能上绩杀老师课的话 我会因此而更努力更认真来弥补这个差距 但是最后还是分很低的话只能怪自己不够优秀 毕竟给分再低的课总会有高分的存在 为什么不是我高分 那是因为我自己的原因还是老师的原因 那些又没努力又想拿高分的同学 你可以选择另外给分好的老师呀 既然你没有选而选了这个老师 就做好准备不要看见分数后跟吃屎一样前来咆哮给零 据我所知志愿者跟课程冲突时可以选择退出 就算没有替补也只能怪为什么报名时自己没有想到 你在翘小测和履行你所谓的责任中可以选择 但如果你选择去小测就应该认真地跟举办方道歉 选择去志愿者就应该认真地跟老师道歉 把自己摆在道德制高点上为了所谓浙大的形象 对着老师用你而不是您 就算我拿零分也要去参加志愿者活动 就这个态度我觉得老师完全可以很生气 是你鸽了老师不是老师对不起你 但是老师没有很生气而是淡淡地你有选择的自由 你还在那里跟老师犟嘴你一直有 “不一定的比如你以后可能没有优秀同学选择那样的自由” 真的是人生导师 希望你能因此事而更成熟一些 感谢这位老师吧
88467,2823,莫群,2018-10-31 05:33:32,33,33,0,虽然没上过莫老师的课，但莫群老师真是霸气侧漏，10.31的浙大创青春志愿者事件，的确学校有些考虑不当。但是，我想说的是，就如同莫老师所说每个人都有选择的权利，可是行使权利的背后需要的是什么？是责任！是义务！你要对自己负责，更要对在你的成长道路上提供帮助的老师负责！你有什么理由为了一个明明可以不去的志愿活动而翘掉一节小测？？？你要知道老师对每一个学生的分数都是非常重视的，可这并不代表着你可以利用这一份感情去威胁老师，站在道德制高点你就可以为所欲为了？？对不起既然你选择对自己不负责，又有什么资格要求别人对你的成绩负责？又有什么资格以冠冕堂皇的所谓浙大的荣誉来掩盖你内心那龌龊的思想？现在你可以逞口舌之快，没问题以后有你哭的时候，给莫老师点赞，不愧人生导师！
88473,2823,莫群,2018-10-31 06:20:25,10,10,0,人生导师\n\n
88474,2823,莫群,2018-10-31 06:28:27,9,19,10,我觉得大家还是别骂那位同学了吧 这件事的起因就是那位同学特别喜欢志愿活动 而被老师说志愿活动重要性远不如学习 才会一时冲动说话没有分寸 事实上那位同学随后也很诚恳的道歉了 你们看到的聊天记录并没有截全 刚上大一的学弟 以后还有很多人生的道理需要慢慢体悟
88476,2823,莫群,2018-10-31 07:07:38,18,18,0,你有选择的自由
88484,2823,莫群,2018-10-31 08:11:44,15,16,1,创青春，路转粉
88491,2823,莫群,2018-10-31 08:56:58,6,6,0,不要为了黑而黑
88514,2823,莫群,2018-10-31 14:53:05,9,9,0,截图粉上了
88516,2823,莫群,2018-10-31 15:09:08,6,6,0,可以不错\n\n\n\n
88517,2823,莫群,2018-10-31 15:13:27,21,22,1,冲那句“以后你就没有成绩优秀的同学的选择自由”点赞，老师是个明白人啊，18级的小学弟学妹有些还是拎不清啊，老学姐含泪告诉你，成绩就是最重要的！
88520,2823,莫群,2018-10-31 23:42:56,22,22,0,莫老师现在班里的学生，为老师微信群里的话点赞
88524,2823,莫群,2018-11-01 00:36:20,10,10,0,10.31创青春事件为老师点赞
88530,2823,莫群,2018-11-01 02:11:29,17,18,1,看了创青春的聊天截图 有点感动 敢说实话的老师 对讲课水平不评价 但那几句话说的真不错 “你有选择的权利” 在这个为了一个所谓创青春大赛点亮很少点亮的求是灯 各种封楼调课 搞得大家都鸡犬不宁的时候 老师能这么说 很棒了
88534,2823,莫群,2018-11-01 03:17:22,4,4,0,路转粉
88535,2823,莫群,2018-11-01 03:24:22,5,5,0,真不错
88540,2823,莫群,2018-11-01 04:09:17,5,5,0,路转粉
88547,2823,莫群,2018-11-01 07:53:56,4,4,0,路转粉
88551,2823,莫群,2018-11-01 08:21:29,4,4,0,路转粉
88557,2823,莫群,2018-11-01 10:06:18,2,3,1,学术严谨，人生导师
88558,2823,莫群,2018-11-01 10:29:43,3,4,1,为老师的耿直打十分，数分课越来越有意思了。
88564,2823,莫群,2018-11-01 12:34:58,5,5,0,如何创造青春，老师心里自有答案
88565,2823,莫群,2018-11-01 13:15:07,0,1,1,你有选择的权利。
88568,2823,莫群,2018-11-01 15:09:53,0,1,1,人生导师
88570,2823,莫群,2018-11-01 16:23:57,0,0,0,没上过老师的课，但看其他评价就知道，他是一位好老师。
88586,2823,莫群,2018-11-02 05:15:44,0,0,0,创青春圈粉
88600,2823,莫群,2018-11-03 07:08:21,0,0,0,喜欢老师
88702,2823,莫群,2018-11-06 04:25:06,0,2,2,为了选择的自由
89650,2823,莫群,2018-11-20 06:45:09,2,4,2,下面的评论看了很多 很想去上莫群老师的课 因为我觉得现在的生活 没有青春的快乐 skr
90572,2823,莫群,2018-11-24 07:14:12,0,2,2,被圈粉
90872,2823,莫群,2018-11-27 02:22:32,0,1,1,刷分的
90967,2823,莫群,2018-11-28 07:01:26,0,1,1,skr
91267,2823,莫群,2018-12-04 13:50:46,0,2,2,好得很，人生导师
91329,2823,莫群,2018-12-06 03:29:37,-2,2,4,不想听。
94194,2823,莫群,2019-01-15 13:56:59,0,2,2,莫老师好萌(✪▽✪)
100700,2823,莫群,2019-01-26 14:53:38,0,1,1,zsbd
100843,2823,莫群,2019-01-27 02:26:35,1,3,2,给分超好……老师上课会讲一些书上没有的东西，比如欧拉公式，复数域上函数的解之类的，有些讲的慢但是真的因为是基础需要打牢，总之是好老师
101041,2823,莫群,2019-01-27 10:07:31,2,2,0,给分好。期末考难了一点，莫老师主动调分!
103324,2823,莫群,2019-02-27 10:05:35,13,14,1,“你们还很年轻，不知道死亡是什么概念，而我已经半截入土了，死亡对我来讲就是一种休闲。”——莫群
103430,2823,莫群,2019-02-28 05:23:49,0,2,2,不知道那些给老师打低分的兄弟在想什么。虽然本人这门课分数不高。但是莫群老师是个很有趣的老师。数分课上的也很好。打低分的话见仁见智吧。
103534,2823,莫群,2019-03-01 02:22:55,0,2,2,给分好，上课有趣，会讲一些额外的东西。
103538,2823,莫群,2019-03-01 02:35:13,2,4,2,老师竟然建议本科生不学stolze定理。。。。
105793,2823,莫群,2019-04-20 14:49:06,6,7,1,反对应试教育，扯点闲话好评
107403,2823,莫群,2019-05-05 01:54:32,2,3,1,期中考我觉得是开根号乘十了*^_^*
108427,2823,莫群,2019-05-24 01:47:00,10,10,0,老师布置作业有套路 ，1、2、4、6。希望老师能布置一些横线下面的数分习题
108461,2823,莫群,2019-05-25 06:22:01,2,4,2,老师的课很有思想内涵
109765,2823,莫群,2019-06-19 05:47:56,4,5,1,我开始不是很能适应莫老师的讲课方式，觉得他做什么都有些不紧不慢，一个定理会花很久去证明。慢慢适应之后觉对老师越来越能理解，觉得数分就是要这么上。\n\n老师重视数学的基础，想让我们从根本上理解数学，我对数学也有了新的认识，数分课强推。
109972,2823,莫群,2019-06-20 16:59:43,4,5,1,只听了一个学期...第二个学期去了李奶奶班。莫老师真的好老师！
112862,2823,莫群,2019-07-05 06:56:40,2,4,2,人生导师，需要一些自学能力，总体上不错
113371,2823,莫群,2019-07-06 10:56:24,1,3,2,希望老师布置点横线下方的习题orz
113576,2823,莫群,2019-07-07 00:22:53,6,7,1,之前那个5点几分是怎么回事，这么好的老师……
116807,2823,莫群,2019-09-16 03:25:19,-1,7,8,讲得什么鬼
117569,2823,莫群,2019-09-26 05:00:55,2,4,2,真心好老师
125752,2823,莫群,2020-09-14 03:01:51,2,4,2,老师非常好，推荐
126192,2823,莫群,2020-09-19 01:19:41,-2,3,5,挺尊重学生的一老师\n\n但总评57给挂？怎么没0分的选项？？？
127151,2823,莫群,2020-11-11 03:07:27,19,22,3,"老师比较认真，可惜讲的是真不行，真不行.\n\n不怎么备课，喜欢扯得比较远(这点让人很难受)看似讲的比较高深，喜欢讲""故事""，实则学不到多少知识.\n\n他之前评分高是因为什么创青春的事，老师人品还行，有思想，但是讲课水平是真的不行，基本上就是讲定理证明，理解性的东西不怎么讲，数学基础不好的同学很不建议选!\n\n奉劝各位新生听我一句劝，去听李秉政的吧!否则真的全都得靠自学!\n\n以上评论都是实事求是比较中肯的评论，不是为了黑而黑，只是为了选课同学们好!\n\n"
127153,2823,莫群,2020-11-11 03:11:07,9,9,0,老师讲课非常认真，总是自我陶醉，沉浸在自己的世界里，重要事不怎么备课，新生慎用啊！！！
127786,2823,莫群,2020-11-27 03:24:35,4,4,0,好老师，推荐李奶奶！
128246,2823,莫群,2020-12-15 04:40:01,4,5,1,好老师，可惜别选
128613,2823,莫群,2020-12-24 15:37:21,0,2,2,对于课本内容，他会说“这不是我想讲的”（其实有的时候这句话挺气人），他会讲一些课本上没有的东西，感觉确实有用。在他的课上我培养了对数学的兴趣。也会说一些（有时说很久）数学之外的事情。个人挺喜欢他的风格的。
128686,2823,莫群,2020-12-25 04:16:42,2,4,2,莫老爷子冲冲冲
132024,2823,莫群,2021-01-30 03:15:29,10,12,2,上课喜欢扯东扯西。\n\n可能有人喜欢这种风格，但我早八顶着寒风来真不是来听你的胖瘦美丑观念的……\n\n有的同学问比较简单的问题，他竟然当着所有人的面说“下次先搞懂定义再来问我问题”…\n\n还在课上说“每年新生的质量在稳定地下降”…在开学不久说这个真的不合适吧老师。\n\n但是老师给分挺不错，目测没做出来的题也给了过程分。
132479,2823,莫群,2021-02-02 01:48:50,0,2,2,个人挺喜欢莫老师的上课风格的，上了一会后吹个逼来活跃下氛围，也讲了很多课外的东西。助教人也超级好，声音也好听。最后也满了，感觉这学期学到了不少东西。
132759,2823,莫群,2021-02-03 12:43:19,8,10,2,老师的名字好帅
140048,2823,莫群,2021-08-24 06:21:16,3,4,1,很棒的老师，我超喜欢，自由与自律
142416,2823,莫群,2021-11-11 07:09:02,9,9,0,好厉害推荐大不了自学嘛
144059,2823,莫群,2021-12-17 06:31:12,-3,1,4,再怎么说，莫老师的课非我这种凡夫俗子能听懂。
144306,2823,莫群,2021-12-21 05:18:13,5,5,0,作业太多了8
144442,2823,莫群,2021-12-21 13:37:18,-1,3,4,他其实很厉害的，就是讲课太跳脱了。比较适合数学思维比较好的同学或者很有数学功底的同学吧……\n\n就是说他基本上不怎么按照课本来讲就是了，而且还经常拓展拓展而且发散的很多
144743,2823,莫群,2021-12-23 11:32:03,2,4,2,淑芬还不错，老师给分很公正（属于是在你应当的范围里的最高分）上课时不会带你学书上的知识点，需要自己预习，他更多是补充说明和讲解思路的来龙去脉。属于是真正可以开拓眼界，培养数学思维的教学方法。平时也很认真负责。
147197,2823,莫群,2022-01-09 05:14:51,4,4,0,大哥能不能快点出分啊
149511,2823,莫群,2022-01-15 16:30:53,3,3,0,讲课有很强的个人特点，看个人，但给分较为求是，被卡绩了
152073,2823,莫群,2022-03-25 02:16:37,-2,8,10,数学分析小测默写定义。不如去教高等数学。
152295,2823,莫群,2022-04-02 02:53:55,2,5,3,不仅仅是数学老师，也是人生导师。眼界非常开阔
153192,2823,莫群,2022-04-26 13:18:52,4,4,0,老师整体还是挺好的，就是讲课节奏比较慢，而且注重数学思维培养，不注重做题，需要自己课后努力
157919,2823,莫群,2022-06-25 14:41:49,1,4,3,海底捞！
157946,2823,莫群,2022-06-25 17:14:00,-4,7,11,莫老爷子真的，我哭死。我自认比较笨。第一学期好好学，满了。第二学期感觉有点划水，题也考的难，最后都担心会不会挂了，最后给捞到八十多了。大家一定要好好学数分orz另外，从不点名，有时候会讲点小故事，挺扯把子的。大家都来选!!!
163974,2823,莫群,2022-12-17 04:21:05,1,2,1,很好的人生导师，讲课进度偏慢
169500,2823,莫群,2023-02-26 13:10:35,1,2,1,讲课贼好！思路很流畅！速度把控得也很好！！！超级无敌喜欢他！！！！！
171774,2823,莫群,2023-04-04 18:45:40,0,3,3,快跑！
174593,2823,莫群,2023-06-14 10:14:18,-2,3,5,感觉讲课水平一般，比较照本宣科
177548,2823,莫群,2023-07-03 16:01:52,0,3,3,莫群太好了，大一遇到最好的老师之一，上课有小故事听，特别好
177549,2823,莫群,2023-07-03 16:01:24,0,1,1,老师上课有很多小故事分享给我们～幽默风趣～给分超好！速选！！！
178029,2823,莫群,2023-07-06 10:15:26,4,4,0,首先是海底捞，数分2给分很不错！上课节奏很好，详略有安排，重点讲的地方要好好听，很精彩！莫老师虽然上课有些内容不讲，但只要你去问，他答疑还是很认真的，而且水平很高，一句话就让我醍醐灌顶！最后，上课会讲故事，很有意思！
178551,2823,莫群,2023-07-14 08:34:16,0,1,1,好老师好老师
184339,2823,莫群,2023-12-18 05:19:58,1,1,0,很好的老师
184343,2823,莫群,2023-12-18 05:32:42,2,2,0,老师讲的内容很深刻，多多听听可以学到很多好玩的内容，而且还有小故事，小测也简单，就是希望期末能捞捞
185294,2823,莫群,2023-12-27 15:23:23,0,0,0,莫群好有趣
189507,2823,莫群,2024-01-25 04:18:37,4,4,0,老师都给你十分了，能不能快点出数分成绩，孩子要焦虑死了啊啊啊啊。
189833,2823,莫群,2024-01-30 12:06:17,6,6,0,还行吧，批试卷很慢，应该挺认真细致的
196231,2823,莫群,2024-07-02 10:55:51,6,7,1,就数分没出了先来给个10分，请老师捞我——（跪下）
198442,2823,莫群,2024-09-09 03:03:03,6,6,0,就这个点名相关的事，我先给一个10分。希望补选能上
201241,2823,莫群,2024-10-30 14:50:55,31,31,0,既然讲到这了我就再扯点闲篇
201961,2823,莫群,2024-11-08 00:18:55,4,5,1,认真负责
203489,2823,莫群,2024-11-20 00:27:48,-22,2,24,跟另一位数分老师比起来相形见绌
203561,2823,莫群,2024-12-06 09:32:41,14,15,1,上课会讲小故事，放霍元甲的老师\n\n早八数分\n\n“看到有同学打磕睡，我挺愧疚的，应该讲几个小故事的……”
205133,2823,莫群,2024-12-02 04:16:16,10,11,1,小测太友好了 不低于五分之一的正确率就不综评扣分 他真的 我哭死
205165,2823,莫群,2024-12-02 10:21:37,4,4,0,很严谨
211765,2823,莫群,2025-01-12 10:59:27,2,2,0,莫老师上课会讲小故事让同学们不犯困，小测也很友好，总之是非常好的老师，数分2还来上您的课！
214180,2823,莫群,2025-01-27 02:25:14,7,8,1,老师快出成绩啊啊啊啊啊啊啊
214859,2823,莫群,2025-02-18 10:17:37,2,2,0,给分严但是够捞（两者并不冲突）\n\n小测只要不是没学一般都能记满分\n\n会补充很多东西\n\n会讲小故事来提神\n\n就是打算选课的uu要做好寒假末才能出成绩的打算
215418,2823,莫群,2025-02-26 04:21:07,2,3,1,我曾经错过了一个很好的女孩~
216193,2823,莫群,2025-03-12 06:00:26,0,0,0,非常好
668,2916,张朋,2015-03-15 11:21:13,12,49,37,张老师讲的很好，还可以顺便复习英语
11672,2916,张朋,2017-10-12 05:20:36,41,55,14,无聊的要死。根本不知道讲的啥。上课就是水，睡觉最好。
11677,2916,张朋,2016-01-02 14:31:09,15,19,4,概率论能讲成这样真是服了
13930,2916,张朋,2016-01-02 12:09:54,6,11,5,感觉还可以╮(￣▽￣)╭有时进度太慢例子太多不想听，无聊了就做自己的事，还是靠期末刷题。
14609,2916,张朋,2016-01-20 05:25:29,5,8,3,不好，
15926,2916,张朋,2016-01-16 15:39:30,4,8,4,普通话清晰
17343,2916,张朋,2016-01-20 05:13:23,4,8,4,适合自学。
17354,2916,张朋,2016-01-20 05:35:57,6,11,5,挺可爱的老师，但还是得靠自学
17422,2916,张朋,2016-01-20 07:50:01,-1,8,9,很认真负责的好老师
17443,2916,张朋,2016-01-20 08:17:19,0,4,4,挺可爱的，但就是有点无聊，需要自学
17541,2916,张朋,2016-01-20 11:20:26,0,4,4,感觉是绩杀。。
18288,2916,张朋,2016-01-21 11:38:27,8,9,1,英语不错
21281,2916,张朋,2016-02-28 03:07:07,5,10,5,非常差 千万要退课
23964,2916,张朋,2016-04-23 00:32:46,0,1,1,就想看看有十几个人评分为啥分数是零？
39887,2916,张朋,2016-12-28 06:16:57,3,6,3,真的是玄学
40393,2916,张朋,2017-01-03 07:07:25,1,2,1,好吧划重点了
42652,2916,张朋,2017-01-17 06:01:55,0,3,3,给分确实不错....上课例子讲的多了一点.......
43817,2916,张朋,2017-01-17 04:00:37,2,3,1,给分不好\n\n
43827,2916,张朋,2017-01-17 04:36:41,0,2,2,爽，必须选朋哥的课
43828,2916,张朋,2017-01-17 04:36:41,7,9,2,爽翻，我跟你讲，必须选我朋哥的课啊
43856,2916,张朋,2017-01-17 05:07:59,5,8,3,多元统计分析。\n\n怎么说呢……人是不错的，但是讲课真的真的真的不敢恭维。觉得他自己都处于游离状态……\n\n给分还好……
43873,2916,张朋,2017-01-17 05:25:16,2,3,1,非常糟糕\n\n
52179,2916,张朋,2017-06-15 12:51:41,2,3,1,很不好
59492,2916,张朋,2017-09-22 02:19:37,8,11,3,老师声音很好听，像播音员 很和蔼
59530,2916,张朋,2017-09-22 06:36:54,1,3,2,挺好的，主要是不点名
60225,2916,张朋,2017-10-14 06:21:46,0,5,5,活在梦里
60991,2916,张朋,2017-11-06 14:10:26,9,13,4,声音好听，见过的普通话最标准的老师
65603,2916,张朋,2018-01-07 03:17:33,5,5,0,概统：普通话非常标准，英文发音也很标准。只要交作业做小测考期中考就好，不点名。能感觉得到老师希望能和学生互动，但是老师讲课水平不是太高就很难让学生有兴趣听他的课，讲课也是只讲ppt所以基本没有笔记只能看ppt……
66264,2916,张朋,2018-01-14 10:35:20,3,3,0,概统，觉得老师温文尔雅 很认真很可爱 但好像因为多年在国外 不太有教学经验 时常会因为不知道一个词中文是什么想很久 表达不太行 可能专业上还是很强的 觉得教概统有点大材小用了
67001,2916,张朋,2018-01-23 01:17:59,0,3,3,感觉多元给分不给力啊？莫非是学院90以上0\n\n.3的要求？
67769,2916,张朋,2018-01-23 03:35:42,5,6,1,老师声音很温柔，普通话标准。认真负责，有问必答。给分也好，人很和蔼。
67906,2916,张朋,2018-01-22 09:35:10,0,4,4,希望给0分
68009,2916,张朋,2018-01-22 13:07:58,4,6,2,朋哥人很好，但为啥给分这么低。。
68052,2916,张朋,2018-01-22 14:16:42,0,2,2,概统给分真的是差，绩杀啊
68311,2916,张朋,2018-01-23 03:10:15,0,4,4,多元上课只会讲讲例子，时不时还要卡一下，感觉他从来不备课；考试还算简单但是给分真的是烂，bullshit
68319,2916,张朋,2018-01-23 03:22:57,3,3,0,概统靠自己，老师讲的挺好，自己不努力均绩都没到，有缘再见
68600,2916,张朋,2018-01-23 12:44:23,0,3,3,给分还可以挺水的，纯自学4.8
68892,2916,张朋,2018-01-24 08:21:07,7,8,1,老师很和气\n\n讲课也很认真\n\n概统这种课嘛，本来也没有很多技巧性可言吧
68893,2916,张朋,2018-01-24 05:19:27,2,4,2,上课没听过，平时上机作业很多，费时间，考试很简单，自己都不用怎么算，复杂的计算都帮我们算好写在卷子上了，给分也不错，要混学分可以选。
70129,2916,张朋,2018-01-26 06:59:46,2,2,0,18年1月概统很多人满绩，这究竟是因为题太简单了？还是因为大家比较厉害？我怎么觉得历年题难易程度一样啊
70496,2916,张朋,2018-01-26 19:25:28,6,6,0,每次努力想听课，总是半节课后就不知所云。有时候忍不住想吐槽，看着他这么可爱又不忍心了。多元给分并没有想象中给力，给个6分吧。
71292,2916,张朋,2018-01-28 08:52:59,4,5,1,分怎么没了。。。
71380,2916,张朋,2018-01-28 11:19:14,8,11,3,给8分吧，另外我想知道我的分怎么消失了
72090,2916,张朋,2018-01-29 10:20:37,8,9,1,我很无奈这学期，真的，老师上的课程内容落后于作业一周的内容，每次都是，为此少交一次作业弄齐进度，结果期末平时分给我扣了5分？exm?
72250,2916,张朋,2018-01-29 15:36:00,3,3,0,张朋老师超好！知识面超广，人也很和蔼，给分超好！考前画重点一定要听！
72528,2916,张朋,2018-01-30 09:44:33,0,1,1,不知所云，平时分还不给满。\n\n
74043,2916,张朋,2018-02-04 12:15:32,5,7,2,为什么不能给零分…
74074,2916,张朋,2018-02-05 01:36:47,2,3,1,说大材小用的那个学弟或者学妹是在做梦吧？还是真的没学过几节数学专业课？
75098,2916,张朋,2018-03-07 10:37:26,0,0,0,概统靠自觉\n\n
79233,2916,张朋,2018-05-28 06:54:16,0,0,0,多元虽然上课……了一点，但期末给分好呀
84291,2916,张朋,2018-07-12 12:45:55,0,3,3,无聊，作业贼多又毫无意义
84467,2916,张朋,2018-07-13 02:39:04,0,4,4,再见了 这就是个弟弟
85632,2916,张朋,2018-07-23 06:40:45,-8,6,14,张老师 我人生之光 拿到了大学最后一个满绩
103679,2916,张朋,2019-03-04 06:38:36,5,6,1,讲的是个毛线啊 这都有6分
110310,2916,张朋,2019-06-25 13:00:27,11,12,1,上课的PPT全是直接“拿来主义”，自己都没看过，上课还要查PPT上的英文单词。考试连个范围都不说，真服气
112768,2916,张朋,2019-07-05 02:46:57,1,1,0,可可爱爱
112769,2916,张朋,2019-07-05 02:47:10,2,4,2,风趣幽默，可爱的老师～
112833,2916,张朋,2019-07-05 05:07:41,0,2,2,事多 话多 讲的东西没用 上课还拉广告
113375,2916,张朋,2019-07-06 12:34:28,0,3,3,辣鸡老师 讲的烂给分差不说 还强制让学生下辣鸡软件挣外快 我呸
113830,2916,张朋,2019-07-07 17:16:36,4,4,0,老师很佛系，给分不错，但是卡绩就很难受了? 怪我考试没有考好。平时上课很轻松，作业相较数院其他课比较少，统计学习内容相对没有那么深入，学的比较浅。
113868,2916,张朋,2019-07-07 22:19:52,2,2,0,我朋哥上课迷，但是给分还是8错的
114179,2916,张朋,2019-07-09 03:14:14,1,1,0,作业ddl前几个小时突然告诉你这作业一会儿要交，惊不惊喜？！
114325,2916,张朋,2019-07-09 19:36:19,9,10,1,**老师、上课念ppt自己还念不明白、一边念英文一边翻译、翻译水平比谷歌翻译还烂、很不严谨怀疑其分析能力、不过给分还行……\n\nps 这老师好像是h同学的擦屁股老师
114417,2916,张朋,2019-09-18 04:58:12,9,11,2,看他给分这么好的份上我原谅他小学期上的一塌糊涂
114885,2916,张朋,2019-07-12 10:05:35,11,12,1,数院最水老师
115477,2916,张朋,2019-07-27 13:14:16,5,5,0,啊啊啊，为啥还不出分啊
116750,2916,张朋,2019-09-17 17:05:00,5,5,0,老师给分也太好了吧！！
116959,2916,张朋,2019-09-17 17:06:14,4,4,0,原来大家真的都在熬夜等短学期成绩?
122915,2916,张朋,2020-04-20 07:47:32,2,2,0,醉了，，，，，念书达人
128367,2916,张朋,2020-12-21 10:00:22,1,1,0,前排为助教xgg打call！！！！超帅人超好！！！！！！！！
128368,2916,张朋,2020-12-21 10:00:52,7,8,1,冲助教xgg去上的，又帅教的又好，人还敲温柔，超推荐！！！每节习题课都去！非数院的都选了！！
136481,2916,张朋,2021-06-18 13:28:52,0,1,1,夫是法国
138946,2916,张朋,2021-07-12 02:19:01,0,0,0,数学实践，你在教你卡裆
144463,2916,张朋,2021-12-21 15:28:08,4,4,0,讲jb
158236,2916,张朋,2022-06-27 16:08:31,20,21,1,上课时误解zp，复习时怒斥zp，出分时怀念zp。\n\n失眠的同学可以找找老师的智云课堂回放，比褪黑素有用，效果约等于地西泮。
159419,2916,张朋,2022-07-18 12:07:46,1,1,0,数学实践，给分的神！
159421,2916,张朋,2022-07-18 13:02:22,1,1,0,PPT挺管用的
159501,2916,张朋,2022-07-27 10:55:30,1,1,0,数学实践我要吹爆！我学的最爽的一门课。
172855,2916,张朋,2023-05-08 15:15:03,0,0,0,讲的一般，靠自学
176718,2916,张朋,2023-06-30 00:39:28,-1,0,1,朋哥厉害
177784,2916,张朋,2023-07-05 00:28:20,7,7,0,精通英译中，excellent PPT reader
198464,2916,张朋,2024-09-09 05:58:47,1,1,0,有点大一上c程的味道了，他是真想教会我
204434,2916,张朋,2024-11-26 01:48:42,0,0,0,特别特别亲和的老师，除了听不太懂以外没什么问题（但是其实如果不懂的话也可以和老师交流）
221748,2916,张朋,2025-06-26 01:37:29,0,0,0,老师很好啊，而且给分超好
17158,2966,孔德兴,2016-01-19 17:20:16,1,7,6,讲的好 人好～
28546,2966,孔德兴,2016-06-28 10:01:33,-2,3,5,给分特别好
33136,2966,孔德兴,2017-02-23 03:28:13,-3,1,4,你值得拥有
65806,2966,孔德兴,2018-01-09 08:13:28,-3,2,5,老师懂得蛮多的
65810,2966,孔德兴,2018-01-09 09:02:15,-2,1,3,上课深入浅出 人很好
94205,2966,孔德兴,2019-01-15 15:42:34,14,24,10,原本以为老师完全是自己写的教材，结果好多都是抄的…对比一下他的《偏微分方程》和谷超豪先生的《数学物理方程》就知道了。发现这点以后我对老师的评价直线下降，抄来抄去真的没啥意思。
95092,2966,孔德兴,2019-01-18 21:08:41,-6,0,6,我爱这个老师?
109117,2966,孔德兴,2019-06-09 03:21:48,4,7,3,没见过带毕设这么不负责的老师...
126198,2966,孔德兴,2020-09-19 08:26:11,13,15,2,学术水平不以致评，我只想知道说人很好的是认真的吗
126950,2966,孔德兴,2020-10-29 08:57:49,2,3,1,笑里藏刀的老师
128048,2966,孔德兴,2020-12-04 11:16:02,0,2,2,孔老师的数据驱动与建模课程非常有用，值得推荐！以后做CEO或董事长一定用得到！
132243,2966,孔德兴,2021-01-31 08:06:35,3,6,3,老师的偏微分讲的特别好，详细而且很有思想，给分也很慈祥（画重点的时候疯狂暗示 最后一节课一定要去）大学数学课最喜欢的老师了！
134529,2966,孔德兴,2021-03-31 11:59:34,4,4,0,呵呵呵🙄
136391,2966,孔德兴,2021-06-17 09:52:18,10,16,6,作为他的研究生 懂得都懂好吧
136421,2966,孔德兴,2021-06-18 03:52:11,2,4,2,多少沾点
136478,2966,孔德兴,2021-06-18 12:41:22,8,8,0,竟然有7分，我呕了
136484,2966,孔德兴,2021-06-18 14:47:06,6,7,1,这老师不会有你们说的那么差吧 不会吧不会吧
148613,2966,孔德兴,2022-01-13 04:04:03,0,0,0,。。。
149105,2966,孔德兴,2022-01-14 11:47:32,-2,3,5,孔老师的偏微分教的很好，自己有自己的教学节奏，上课不是念书，而是讲思想性的东西，老师也把物理学结合的很好，可以理解偏微分方程背后的物理知识，最后考试虽然有点难，但是给分很好！
149407,2966,孔德兴,2022-01-15 08:54:22,3,6,3,1.老师上pde是真的想让大家理解思想和方法\n\n2.作业每周三道左右，要认真做，期末考试会有作业题的，思考题尽量做，可以额外加平时分，老师偶尔会布置一些数学难题，解决出来可以免考\n\n3.偶尔会点名，一定要去上课\n\n4.老师给分很好，但也是有原则的打分
149493,2966,孔德兴,2022-01-15 15:23:43,0,0,0,期末瞎给分
149787,2966,孔德兴,2022-01-17 03:18:09,2,2,0,遇到他开pde就逃吧，选张挺！
159030,2966,孔德兴,2022-07-05 01:24:29,0,0,0,垃圾老师
169088,2966,孔德兴,2023-02-24 08:56:15,3,3,0,开始讲课的时候感觉还可以，讲得挺细的，又有一定的拓展。后面慢慢就开始划水了，逐渐变成念课本，和搞翻转课堂（学生来讲）。（颇有一种我上我也行的错觉）\n\n课本用他自己署名的课本，但基本是抄谷超豪老师的那本书，习题也不改一下。（课本我觉得不太行）\n\n总体感觉不如数理方法里的pde部分。
170277,2966,孔德兴,2023-03-02 11:43:04,0,1,1,nnd还不出分
170566,2966,孔德兴,2023-03-06 15:37:52,0,0,0,想学东西选王伟，想划水+拿高分选孔德兴
170596,2966,孔德兴,2023-03-07 05:05:39,2,2,0,pde体验：一开始讲得很细，后来就纯纯念课本、迟到早退，甚至直接打开课本pdf念，让学生来讲题。用的是自己写的教材，教材很多都是抄的另一本数理方法。相比于用周蜀林教材的班pde难度要降低很多，最后给分大放水，查分的时候感觉他放了一个太平洋。\n\n总结：老师划水但是轻松给分高。
170706,2966,孔德兴,2023-03-08 08:04:16,1,1,0,事少：老师讲两节课就下课\n\n给分好：个人猜测是都是助教给的，因为助教很nice
173749,2966,孔德兴,2023-06-02 08:29:26,0,0,0,...
185492,2966,孔德兴,2023-12-31 02:10:20,1,2,1,上课不太认真，经常提早下课
186332,2966,孔德兴,2024-01-10 13:58:42,5,5,0,逆天助教
186570,2966,孔德兴,2024-01-12 01:11:36,7,7,0,这一年的助教确实...
187790,2966,孔德兴,2024-01-17 12:46:50,5,5,0,助教zjs，读三年书了没见过这种人。。。
189324,2966,孔德兴,2024-01-23 08:44:47,1,1,0,谢谢捞我
189468,2966,孔德兴,2024-01-24 14:12:06,8,10,2,给孔老师10分！小数点往前点一位！！！嘻嘻嘻
200031,2966,孔德兴,2024-10-11 10:41:41,1,2,1,讲课讲的一坨
206952,2966,孔德兴,2024-12-18 21:27:44,2,3,1,你那个教材是照人家谷超豪抄的吧，省略了好多内容都看不懂，可别教pde了
210140,2966,孔德兴,2025-01-08 08:21:39,7,7,0,幽默强极值原理，根本没看证明。
210182,2966,孔德兴,2025-01-08 10:04:48,2,3,1,狗屎授课，天天上一个小时就走了，狗屎试卷，计算复杂的要死，完全设计不来试卷
210672,2966,孔德兴,2025-01-09 15:19:51,0,1,1,还是要好好复习老师讲过的内容，用那几个公式，考试差不多习题难度。
212753,2966,孔德兴,2025-01-15 00:45:19,11,11,0,出分前是牢孔，上课爱点名，说是讲思路却常常讲得不清楚，细节更是一笔带过。\n\n出分后，孔爷！🧎🧎🧎
212762,2966,孔德兴,2025-01-15 01:05:59,0,1,1,妈呀，老师捞死我了，好好面对历年卷复习，期末是有惊喜的！
212865,2966,孔德兴,2025-01-15 05:54:04,-2,0,2,给分挺迷的。。
212969,2966,孔德兴,2025-01-15 11:10:20,2,2,0,不管怎么说，给分无敌
215706,2966,孔德兴,2025-03-04 11:30:18,0,0,0,给分神中神
216703,2966,孔德兴,2025-03-21 10:10:38,0,0,0,孔爷给分很好呀
218989,2966,孔德兴,2025-05-16 13:00:59,-1,0,1,给大家介绍一下法国塔罗牌的计分\n\n\n\n所有的K: 9分\n\n所有的Q: 7分\n\n所有的C: 5分\n\n所有的J: 3分\n\n所有的A-10、数字2-20: 1分\n\n数字1、数字21、愚人: 19分，但获得愚人的玩家需交还1分给当墩牌大者\n\n结算时， 拿到三张19分牌中多数的一分+10分\n\n双方分值总和 = 222分 (若有一方全收， 即为222分 vs 0分)\n\n\n\n分数计算:\n\n庄方的目标是拿到多于防方的分数， 即至少112分\n\n若庄方总得分 >= 112分， 则庄方局分 = 庄方总得分 - 62 = -(防方总得分 - 160)\n\n若庄方总得分 < 112分， 则庄方局分 = 庄方总得分 - 162 = -(防方总得分 - 60)\n\n庄方最终得分 = 庄方局分*倍率*防方人数， 防方最终得分 = -庄方局分*倍率*庄方人数\n\n\n\n\n\n注意事项:\n\n①倍率为1， 2， 3， 4， 6， 其中1， 2， 3看底、换底， 4， 6不看底、不换底\n\n②倍率1， 2， 3， 4底牌分归庄家所有， 倍率6底牌分归防方所有\n\n③倍率1， 2， 3换底时不允许下K和19分牌\n\n④若为最后一墩， 则牌大者获得愚人\n\n⑤一局游戏过程中每个人独立计分; 在结算分数前， 所有人得分总和=212-底牌分， 最后结算底牌分+10分三张牌分\n\n\n\n\n\n计分表:\n\n局数 | 庄方总得分 | 防方总得分 | 庄家局分 | 倍率 | A最终得分 | ...
692,3034,赵敏智,2015-03-15 13:22:54,29,32,3,认真负责
724,3034,赵敏智,2015-03-16 04:40:56,55,57,2,好老师！耐心细致！
1336,3034,赵敏智,2015-03-22 00:20:46,113,127,14,赵老师教学非常用心，知识点讲解透彻。对同学的提问很耐心常常能看到她为了解答同学们的问题而顾不上吃饭，只在麦思威买杯奶茶。为了我们的赵老师，大家好好学习概统吧！
2993,3034,赵敏智,2015-05-12 10:54:55,27,28,1,是真的好老师，非常耐心负责，讲解透彻
3101,3034,赵敏智,2015-05-14 07:27:03,-64,6,70,最后一节课听一下概统就满了……脾气很好～很细心
3462,3034,赵敏智,2015-06-16 05:39:00,13,14,1,脾气好
4979,3034,赵敏智,2015-07-02 01:02:05,-41,6,47,助教不负责，老师也不管
7875,3034,赵敏智,2015-09-16 01:41:13,3,6,3,给分怎么样啊
7975,3034,赵敏智,2015-09-16 10:24:42,-41,5,46,感觉像教初中生。听课很被动。
8918,3034,赵敏智,2015-09-30 10:45:37,12,14,2,蛮有耐心的老师
8961,3034,赵敏智,2015-10-06 12:14:50,10,11,1,很好的老师。自己努力，成绩不会差的。
9065,3034,赵敏智,2015-10-12 03:29:36,14,15,1,讲的太详细了，她的课很有趣
11635,3034,赵敏智,2015-12-09 03:52:31,1,4,3,有没有挂科的？
12570,3034,赵敏智,2015-12-23 13:43:24,7,9,2,老师特别好，很耐心解答问题，教得也很赞，实在喜欢。
12937,3034,赵敏智,2015-12-24 11:01:59,-8,1,9,
13638,3034,赵敏智,2015-12-30 07:32:46,21,23,2,讲课很细致，回答问题很负责任。萌萌的赵老师每次在黑板上写字都要踮脚(○'ω'○)
13639,3034,赵敏智,2015-12-30 07:40:14,0,1,1,讲的很好 ，平易近人
15359,3034,赵敏智,2016-01-14 03:59:02,2,3,1,讲的很细致很易懂
17055,3034,赵敏智,2016-01-19 13:58:29,9,9,0,真的是业界良心  老师很认真  上课也不无聊  最后给分也不错  赞赞赞
17078,3034,赵敏智,2016-01-19 14:31:26,5,6,1,好老师，本学渣上80了
17125,3034,赵敏智,2016-01-19 15:31:36,7,8,1,老师很好，前排听课效果更佳哦～\n\n
17162,3034,赵敏智,2016-01-19 18:43:08,0,1,1,四个字。认真负责。
17167,3034,赵敏智,2016-01-19 23:18:52,1,4,3,老师很良心 如果数学不好平时作业要认真上交 老师会给很多平时分哒~
17321,3034,赵敏智,2016-01-20 04:30:42,3,3,0,感觉到浓浓的师生情
17526,3034,赵敏智,2016-01-20 10:36:58,1,2,1,老师讲得挺好的吧  可惜我没认真听  浪费了唉
18644,3034,赵敏智,2016-01-22 07:46:16,3,3,0,3点40下课可以被追问到4点15，如此有耐心。
18935,3034,赵敏智,2016-01-22 23:44:28,3,4,1,很耐心，讲课很好，给分不错
20187,3034,赵敏智,2016-01-26 12:50:12,2,2,0,业界良心的赵老师！！爱爱爱
21453,3034,赵敏智,2016-02-29 02:03:34,1,1,0,讲的很好，答疑也很细致！赞！
26979,3034,赵敏智,2016-06-22 03:43:08,2,2,0,，爽。
29830,3034,赵敏智,2016-06-30 11:18:48,0,1,1,超好！讲的很细致，非常有耐心！看得出来很热爱教学
29876,3034,赵敏智,2016-06-30 12:40:15,2,2,0,感谢老师不杀之恩
33814,3034,赵敏智,2016-09-22 01:54:59,1,2,1,蓝色和绿色分不清楚，太萌了
37026,3034,赵敏智,2016-11-17 07:03:20,3,3,0,老师超级萌！讲的超级好！
38539,3034,赵敏智,2016-12-08 06:02:04,0,4,4,上课会听见迷之憨笑
39368,3034,赵敏智,2017-01-26 08:53:15,48,49,1,用查老师打分，对有些老师来说觉得为什么最低只能打0分，但对赵老师来说真心觉得为什么最高只能打10分
40711,3034,赵敏智,2017-01-05 05:38:47,2,3,1,好老师，不解释
40809,3034,赵敏智,2017-01-05 14:47:26,0,2,2,上大学以来碰到的讲课讲的最好的数学老师，没有之一！
43567,3034,赵敏智,2017-01-16 14:26:38,2,3,1,好老师，考前攒人品
44385,3034,赵敏智,2017-01-23 02:36:01,4,5,1,炒鸡可爱的老师
46632,3034,赵敏智,2017-01-22 04:29:43,4,5,1,感觉老师不要太好(✪▽✪)
47120,3034,赵敏智,2017-01-24 02:44:08,13,14,1,出分前攒rp# 老师真的超棒的！讲得很清楚，思路很清晰。但是快出分好嘛等到好心累QAQ
47177,3034,赵敏智,2017-01-24 09:51:58,1,5,4,老师人真的贼好 就是出分颇慢 攒一波人品
47427,3034,赵敏智,2017-01-26 08:42:11,1,3,2,善良的赵老师
47438,3034,赵敏智,2017-01-26 10:46:39,8,10,2,老师超棒，我分低是自己比较渣期末考差啦不怪老师。大学碰见的第一个数学讲得如此透彻的老师是将云爷爷，第二个就是赵老师，感觉自己很幸运。明天大年三十了，感谢赵老师二十九出了成绩让我心里踏实了。感谢不挂之恩，祝您鸡年大吉。
47444,3034,赵敏智,2017-01-26 11:29:48,2,3,1,赵老师超级好，很温柔很可爱~喜欢她！
52457,3034,赵敏智,2017-06-20 08:05:40,2,2,0,思路清晰 很有激情
54529,3034,赵敏智,2017-06-29 13:51:25,3,4,1,随机过程赵老师讲的超棒的 老师还会手写解答 ppt也很好
54537,3034,赵敏智,2017-06-29 14:19:00,6,9,3,老师是好，人好，还有复习稿\n\n 但是随机好低哦QAQ哭了，不是说均绩4.2吗
54544,3034,赵敏智,2017-06-29 14:53:10,0,1,1,好老师！
54556,3034,赵敏智,2017-06-29 15:16:42,1,1,0,讲解非常细致，满分老师
54573,3034,赵敏智,2017-06-29 16:03:58,1,1,0,绝对好老师！
54738,3034,赵敏智,2017-06-30 06:23:37,5,5,0,老师教的不错 ，课后作业量也不多。人很nice，课下问她问题，她还引导我举一反三。还有一些同学课后和老师聊时间序列、金融保险，都得到了很好的反馈。这学期考试试卷略难，计算量大，我考的很差。老师说这学期换了教材，内容变多了，所以试卷难度也增加了。平时只做作业，考前刷了假试卷的我考场上做题很不熟练。以后选的同学还是要把书上习题全都做上一遍，从前老试卷上的一些填空题也值得一做。
55418,3034,赵敏智,2017-07-01 12:53:50,-1,0,1,好啊！
59168,3034,赵敏智,2017-09-20 05:14:24,0,1,1,很棒\n\n
59257,3034,赵敏智,2017-09-20 11:22:21,2,2,0,旁听的我真的谢谢老师。。。
60849,3034,赵敏智,2017-10-31 07:55:26,1,1,0,非常耐心，人超级好。人生榜样，职业标杆。
65896,3034,赵敏智,2018-01-10 03:54:49,2,2,0,难的课，但是最好的老师，考试都没考，直接过来评分了，不管绩点如何，老师依旧最棒
66195,3034,赵敏智,2018-01-13 02:15:16,1,2,1,常规答疑遇到了赵老师！\n\n非常温柔非常耐心细致而且思路很清晰！！感谢赵老师o(^o^)o
66765,3034,赵敏智,2018-01-19 02:45:00,3,4,1,老师长得超可爱！上课也很仔细，上大学以来考试最有信心的数学课！(ง •̀_•́)ง
66940,3034,赵敏智,2018-01-19 11:19:30,3,3,0,好老师！考完来攒人品
68397,3034,赵敏智,2018-01-23 06:21:57,1,2,1,很好的老师，难得大课还能有老师记得我的，一学期没有白互动，赵老师上得好，我这么菜都上90了。
68529,3034,赵敏智,2018-01-23 10:11:43,3,3,0,好老师 给我坚持学下去的动力。最后93 虽然我原本还对满?抱有一点点期待 但是也算满意。谢谢老师！
68553,3034,赵敏智,2018-01-23 10:52:21,3,3,0,给分好～讲得好～
68563,3034,赵敏智,2018-01-23 11:09:51,5,6,1,老师讲得超级棒，会带着我们过思路。老师也很可爱～一开始还以为是个体育老师哈哈哈
68598,3034,赵敏智,2018-01-23 12:41:31,28,30,2,匿一下来感激一波赵老师。我期中考的很不好，就是在大家都考满分的时候我考的无敌烂。中午下了课找老师帮我分析卷子，她没吃饭带着我一道道分析错题，最后到快两点才走，还鼓励我要有自信。虽然期末考的也还是没有各位dalao那么好，但对我来说是有很大提升，老师的耐心让我真的很感激，一定十分啊！
68653,3034,赵敏智,2018-01-23 14:23:32,0,2,2,让我重拾信心，感谢，第一门满绩的课
68783,3034,赵敏智,2018-01-24 01:30:59,0,3,3,赵老师教的非常好，作业也不多，最后满了，概统就选赵老师，很棒很棒
68796,3034,赵敏智,2018-01-24 02:03:46,6,8,2,浙大第一个每节课上课前还会给你复习的老师
68963,3034,赵敏智,2018-01-24 07:18:33,4,5,1,老师上课上的实在是好，大一被微积分线代虐死的我概统竟然能满，这都是老师教的好吧！哈哈哈当然也有可能概统比前两门数学课简单哦，不过老师讲课思路确实清晰，大赞大赞！
70287,3034,赵敏智,2018-01-26 10:54:21,1,1,0,是真的好老师，概统条理清晰，每节课前还会带着复习，作业也很少，超喜欢赵老师
71248,3034,赵敏智,2018-01-28 07:52:48,-1,0,1,老师讲的超细致，给分也不错！概统不难的，自己要好好学，很可爱的老师，平时作业也不多，就是讲课语速快了一点，不要走神哦……
72775,3034,赵敏智,2018-01-31 05:21:01,2,2,0,虽然最后差一分很可惜没满，但是还是表白赵老师！思路清晰有条理！
73832,3034,赵敏智,2018-02-03 07:45:41,0,0,0,后半学期一直在旁听老师的课，真的太好了！每次去问老师问题，都非常耐心的帮我解答，真的是特别特别好的老师，强推！
74648,3034,赵敏智,2018-03-05 03:11:10,2,2,0,非常耐心和人好的老师
76431,3034,赵敏智,2018-04-09 06:14:20,3,3,0,苏老师和赵老师的课我都听过，就问标普，细致，耐心你想不想拥有?
80744,3034,赵敏智,2018-06-30 07:00:27,-1,0,1,超级好的老师，讲解得清楚细致不枯燥，随机过程大概是我上课听得最认真的数学课了。
80921,3034,赵敏智,2018-07-02 17:13:43,1,1,0,老师认真的很好很好了 讲的很清楚
81840,3034,赵敏智,2018-07-06 09:49:33,2,2,0,老师真的很好！讲的也很细致
81849,3034,赵敏智,2018-07-06 10:03:25,12,13,1,随过课上点名是随机的，期中只有51的我，最后有3.9真是谢谢赵老师了。\n\n老师的ppt里是有表情包的hhhh
81853,3034,赵敏智,2018-07-06 10:10:04,0,1,1,大爱赵老师！讲课真的特别好！
81891,3034,赵敏智,2018-07-06 12:14:25,1,1,0,讲课挺好的，比书上难，就是最后给分不解
81932,3034,赵敏智,2018-07-06 13:38:42,1,2,1,上课讲的很细致了，最后一节课还会带大家一起复习知识，所以复习什么的也很方便了。最好最后！给人超好哒！！
82498,3034,赵敏智,2018-07-08 11:01:33,1,2,1,赵老师真的是个非常认真负责的好老师！对本科生非常耐心细致，3:40下课有时候会答疑到五点钟。讲课也很好，能够看得出老师对课程内容的熟练程度真的是信手拈来，思路非常清晰。能看得出老师学术严谨，还有小测要好好准备，是真的会占分的，有可能会往下拉成绩…
83304,3034,赵敏智,2019-01-22 00:07:44,0,1,1,让随机成为我所有数学课里最爱的一门\n\n讲的真好-w-
97198,3034,赵敏智,2019-01-22 00:07:34,2,2,0,讲课很清楚，好老师。
100649,3034,赵敏智,2019-01-26 13:26:02,0,1,1,赵老师超好 可以为什么还没出分呀慌张
100761,3034,赵敏智,2019-01-26 21:03:00,-1,1,2,前一节课在东区，然后赶到西区，基本在最后一排，上课上一节课，听听有什么重要的。就走了～测验就拿了12分，作业有一半没交。最后考试周前花了一个周突击，还拿了3的绩点～满意了
100763,3034,赵敏智,2019-01-26 21:45:23,2,3,1,(概统)这是什么神仙女神老师啊，都给我选! 不点名，性格好，每节课都有复习，期末有复习课。最后，给分也太好了吧，挽救了我大二一学期的GPA啊!
100768,3034,赵敏智,2019-01-26 23:17:25,1,2,1,好老师\n\n虽然由于个人学习习惯，这一学期没太听课\n\n但可以感觉得出来老师讲得很细致\n\n期末地时候问答老师真的很耐心\n\n对于我很蠢的问题也耐心解答\n\n唯一可吐槽的可能就是出分略慢\n\n
100774,3034,赵敏智,2019-01-26 23:59:51,4,4,0,赵老师讲得超好，是浙大很难得的负责任的老师了，每节课刚开始会花10分钟复习上节课的内容，课后答疑能和你说很久。给分还行吧，只是凌晨2点出分有点厉害。
100775,3034,赵敏智,2019-01-27 00:02:41,4,4,0,业界良心。 老师认真到我觉得不认真听很羞愧，很负责很可爱的老师，小测反复提醒我们不要忘做，感动！希望老师猪年大吉！
100781,3034,赵敏智,2019-01-27 00:17:20,5,5,0,虽然平时十分努力，自己因期末复习没有时间考试炸掉，但选上老师的课是我一生的骄傲。什么也不i不夸了，感激之情无法言表。老师是天使(×_×#。怎么会有这么好的老师呜呜呜
100825,3034,赵敏智,2019-01-27 01:25:34,2,2,0,老师真的好好
100844,3034,赵敏智,2019-01-27 02:27:02,2,3,1,赵敏智老师平时讲课很好，期末给分也很好，主要人性格感觉也很好，10分
100924,3034,赵敏智,2019-01-27 06:22:41,4,4,0,敏智老师真的太好了，期末发邮件问老师试卷里存在的问题，老师会一题一题给你指出来，平时上课调理十分清晰，每次课前会带我们一起复习上次课的知识点，课后答疑也是超级有耐心，经常答到很晚很晚，还总是面带微笑呢，总之，真的超级暖心，给分好那自然不必说，这学期是补选上老师的课的，感觉超幸运，在老师身上感受到了浓浓的母爱，哈哈哈哈~
100926,3034,赵敏智,2019-01-27 06:26:14,1,2,1,老师真的很好～耐心细致给分也好！
100930,3034,赵敏智,2019-01-27 06:46:11,50,50,0,试卷上写上作业编号，如果不记得，做一个点估计或者区间估计。? ?
101811,3034,赵敏智,2019-01-29 07:06:29,3,3,0,不用预习\n\n
102930,3034,赵敏智,2019-02-25 04:19:00,0,0,0,老师真的很认真，作业也很少，讲的非常细，数学不太好的可以选一选，跟上老师的节奏一定能学好。后悔没认真听...
103110,3034,赵敏智,2019-02-26 03:54:27,1,1,0,给分好
104388,3034,赵敏智,2019-03-19 07:35:58,2,2,0,太喜欢了，给我一种高中老师的亲切感
111472,3034,赵敏智,2019-07-01 16:05:23,-18,0,18,好好听课，写作业，考前看一遍PPT，很轻松就能满哦
113046,3034,赵敏智,2019-07-05 21:09:05,-14,2,16,满了，但一点也不轻松哦
113156,3034,赵敏智,2019-07-06 00:40:08,3,4,1,赵老师讲的真的太好了！我强烈建议选苏中根的课然后来旁听赵老师的！真的是我上大学以来遇到的最负责任讲的最好的数学老师！可惜自己智商有限吧，期末考的不是很好，绩点也平平，但是无法否认老师的教学水平确实很棒！至少自己是觉得收获了很多，给赵老师笔芯
113231,3034,赵敏智,2019-07-06 02:19:06,6,7,1,老师真的超级超级好！大学难得碰到一个对学生这么耐心的老师！上课只要认真听成绩根本不是问题！
113987,3034,赵敏智,2019-07-08 06:17:02,4,4,0,赵老师真的很会深入浅出地讲课，随机过程上课不拖沓，例子多，知识点梳理很透彻。回答问题的时候有种高中老师的亲切感，真的太棒了！吹爆呜呜呜（ps：隔壁苏老师也很棒哦）
118985,3034,赵敏智,2019-11-09 03:02:19,0,1,1,期中打分
121249,3034,赵敏智,2019-12-25 13:49:07,1,2,1,超级好的老师！每章作业会耐心写解答(手写！)然后QQ问问题也会认真回！我太喜欢她了！！！
122029,3034,赵敏智,2020-02-02 11:15:38,3,3,0,赵敏智老师我吹爆她！逻辑清晰连贯，讲课好懂循序渐进，课后耐心回答同学问题，即使问了很弱智的问题她也不会嫌不耐烦，网上小测要求比较低很容易就拿满分了，超级和蔼的老师，超级感激能遇到这么好的老师！选她没错！冲冲冲！
122038,3034,赵敏智,2020-02-03 13:35:15,5,5,0,概统课程组基本是把小测20分送到手里了，30分拿20分就能满。剩下15分作业（赵老师不点名）基本也可以拿满，剩下65分期末考试。\n\n这学期相对之前几学期期末变难了，几个特殊分布的灵活应用比较难想到。概统难点主要在于二元分布，卡方，t，F三种分布的形式变换，然后如果你这三种能理解置信区间和假设检验可以自己推，推不出来需要背几十个公式，我建议是考前大致背一下然后考场现推。\n\n赵老师讲的很好，也不接受考后邮件求情，在我们考试的时候就把群解散了233。但出分后感觉是有调过分的，具体不太清楚。
122076,3034,赵敏智,2020-02-11 07:34:07,-12,3,15,吹爆老师，讲课条理清晰，作业简明扼要，估计是我太菜，没有拿到满绩。总之概统选她没商量！
122361,3034,赵敏智,2020-02-25 12:21:35,19,19,0,来到浙大最佩服和尊敬的三位数学老师之一 讲课清楚到极致 进度却还不落下  下课找她问问题 总是无比无比耐心地解答 甚至还会延伸到其他各个知识点 各种举例只为了让你绝对的理解和明白 经常让人都不忍心打断和离开 讲台之下尚且如此 遑论台上
129340,3034,赵敏智,2021-01-04 10:23:16,2,2,0,！！！！
130850,3034,赵敏智,2021-01-25 03:16:04,1,1,0,老师超好的!
131149,3034,赵敏智,2021-01-26 07:38:15,15,15,0,赵老师授课极好，颇为细致，又从不点名，spoc截止时间等数次提醒，答疑态度认真，值得10分评价！
131159,3034,赵敏智,2021-01-26 09:26:15,9,9,0,老师真的很好！概统公式多但理解了就不用硬背。整个学期就在矩估计和极大似然估计那节课抽了几十个同学点了次名，说可以通过样本估计全班的到课率hhh
134141,3034,赵敏智,2021-03-17 03:21:42,3,3,0,超好的老师，对线上上课的同学也非常关心！老师每次上课前都会来一个复习，效果还蛮好的！
135834,3034,赵敏智,2021-05-28 11:00:40,0,0,0,好老师，解答问题也很耐心
136261,3034,赵敏智,2021-06-14 11:25:04,2,2,0,老师爱笑
139777,3034,赵敏智,2021-07-26 08:37:57,0,1,1,温暖人心，好老师！
139821,3034,赵敏智,2021-07-28 14:28:04,1,2,1,赵敏智老师真的超级好
140671,3034,赵敏智,2021-09-15 04:13:05,2,2,0,老师讲得也太好了，听了一节课就爱上了！
145373,3034,赵敏智,2021-12-29 08:05:19,3,3,0,刚上完老师最后一节课，真的是好老师，大家也公认老师知识点讲评得是真的透彻，确实是讲得太好了，老师也很有趣，是位课堂上和学生有交流互动的老师，其他的具体内容等期末考考完再来补充一波~
146931,3034,赵敏智,2022-01-08 05:49:04,4,4,0,超棒的！
148833,3034,赵敏智,2022-01-13 15:57:57,6,6,0,必须10分，小测只拿了60%的分，期末也没考好，赵老师给分讲课都太好了，没想到还能上3，呜呜
148838,3034,赵敏智,2022-01-13 16:39:35,3,4,1,呜呜呜我爱老师，超出预期很多，感谢老师
148840,3034,赵敏智,2022-01-13 16:49:04,5,6,1,我！爱！敏！智！麻！麻！\n\n祝女神天天开心
148864,3034,赵敏智,2022-01-13 23:40:33,0,1,1,好老师就是上课听的舒心，学的快乐，考完出成绩更快乐，爱死赵老师了！！！
148873,3034,赵敏智,2022-01-14 00:33:33,13,13,0,这学期最幸运的事就是遇到了赵老师
148874,3034,赵敏智,2022-01-14 00:34:20,1,2,1,虽然卡了但是\n\n老师真的讲的非常清楚，上了三个学期的数学课了，真正把每个知识点都讲的很清楚的就是赵敏智老师了\n\n奈何下个学期1.5的随过不能上老师的课\n\nAnyway概统就快冲赵老师！！！
148951,3034,赵敏智,2022-01-14 04:14:45,1,1,0,老师是真的很好很好，授课讲的非常好，课下很耐心，选上赵老师的课太幸运了。虽然成绩没太好，期中考试拉垮后摆烂了。但是真的是上过的数学课里最好最好的老师
149057,3034,赵敏智,2022-01-14 09:07:49,0,1,1,什么都不说了，赵老师我的女神😭她太太太太太好了😭
149128,3034,赵敏智,2022-01-14 13:21:27,2,3,1,这学期遇见的唯一好老师（没办法自己专业的老师太拉跨），很幸运选上这门课，老师讲课很有活力与激情，而且能够感受到老师对概率论的热爱。
149901,3034,赵敏智,2022-01-17 15:48:40,0,2,2,老师人真的超好，问问题基本看到都是秒回，还会在群里发鼓励大家的话！呜呜吹爆mz麻麻！
150831,3034,赵敏智,2022-02-19 07:58:32,13,16,3,（出分后的一些感想和经验）\n\n刚刚出分了，感觉比自己预想还好些，真的是一学期收获了很多了，很感激老师，每节课都是能感觉到老师讲评的用心和仔细，细节的知识点会反复强调，像是联合分布决定边际分布，但是边际不能决定联合，又或者是不相关不一定独立，独立一定不相关，我不夸张说，课后只要在上课前一晚上把老师讲课内容回顾一遍，或者自己跟着书本回顾老师讲课内容做下相应笔记，平时上课笔记就只用记一点点没听懂的知识，其余时间只要努力专注得听讲，因为老师课讲得实在透彻，新的知识点也让人觉得讲得很明白了，而且每次课堂开始时候老师会有10min左右进行一个复习上节课内容，可以结合自己昨天回顾再进行一遍巩固，把遗漏知识点再补全。\n\n至于可能要多花时间理解的，也就是\n\n1.	二元分布函数，条件密度函数，Z=X+Y的分布。\n\n因为它的公式推导和计算用到二重积分知识，可能得复习下微积分'\n\n2.协方差和相关系数。主要期望方差有高中基础好理解，但之后协方差和相关系数就有点难懂，主要是他们的计算快捷公式，不相关与独立的关系，如老师所说其实这些都是期望，Var(X)=E(X²)-E²(X)，Cov(X，Y)=E(XY)-E(X)E(Y)，举例就是因为我开始看到这些定义时候觉得完全不知道怎么算'但其实不用慌 \n\n3.马尔科夫尼和切比雪夫不等式，大数定律还有中心极限定律这块。很多不等式啥的，就是也要花点时间理解，不过后面要到相合性准则那计算时候才可能用，关键是切比雪夫不等式和收敛到期望的那个中心极限定律 \n\n4.似然估计，几大估计准则，置信区间和假设检验。这都是最后几章内容，也都是较难的知识点我认为，就是课上第一次接触到难以跟上思路的那种，这部分就真要花时间因为考试必有大题是求极大似然以及拟合检验的，填空题也考到很多置信区间部分，值得一提今年最后一道考到了第一类错误的概率，要理解为什么μ取μ0时候概率取到最大
150832,3034,赵敏智,2022-02-19 07:59:55,9,12,3,（承接上个评价再写点上课经验吧，最多800字写不下了，也确实是我上得最开心的课所以有很多想写的了QAQ）\n\n首先就是感觉课后花时间必要但还是其次，然后关键还是每周一次的连续3堂课认真得听，记得带点水在中途渴的时候缓一缓听了很久课后的脑袋，课下也可以出去走动一下（甚至已经摸清楚老师每次第二节下课都会上厕所了😂自己也跟着习惯了）课上自己偶尔会听久犯困睡着不过一般睡20分钟问题不是很大，醒来喝口水之后听课效率还是杠杠的。\n\n\n\n可以说每一周这三节课都是我最享受和最充实的三节，课后都能有学到丰富知识的那种快乐而且毫无疲惫感觉吧，可以说老师让我喜欢上了概统也喜欢上了老师，对于老师教学态度和方法很感动，这学期有幸能坐在老师第一排的位置并且没有再动过，也是唯一一门没有迟到任何一节的课，对我来说真的是大学以来真的是唯一一门这样子做到的课，而最后没有达成满绩的分数，也达成了93分的总评和94分期末成绩，而对过程，也学得真的很高兴与满足了。\n\n//还有寒假后再来补充的一点点(〃´-ω･)\n\n后面我去问老师期末考试分数，老师直接打电话过来和我说了，而且是详细地告诉了我错在了什么地方，现在记得应该是填空题错了一道，还有最后一题第二小题。填空题是算概率搞成对立事件概率了，就变成1-答案；计算题是算拟合优度检验卡方分布自由度时候，因为λ题目给了但是我实际算时候是用极大似然估计值带进去的，所以自由度多加了1，后来取到的就不对了。感觉在大学这样子和老师交流也还是第一次，就像是回到高中那个时候一样了，老师是真的很用心啦！10分好评奉上(￣▽￣)
152193,3034,赵敏智,2022-03-30 02:32:56,9,9,0,讲课质量是我大一大二所有老师里面最好的
155228,3034,赵敏智,2022-06-09 13:13:40,2,2,0,老师真的超级好很耐心！！！
156245,3034,赵敏智,2022-06-18 12:58:37,0,2,2,敏智麻麻太好了，必须十分，她真的，我哭死
156249,3034,赵敏智,2022-06-18 13:10:21,1,1,0,yyds
156295,3034,赵敏智,2022-06-18 21:53:33,34,34,0,一学期的随机过程学习，最让我印象深刻的是老师每节课的手写，即使是当最后一次课老师忘带手写板也能信手拈来地在黑板上板书，从来没有一个老师能够如此流畅地将三个课时的课满满当当地传授如此多的知识，随机过程细碎而繁杂的知识点在马尔科夫链的时候达到了极端，记得自己当时学的很痛苦，后来跟着赵老师一步一步地证明理解归纳总结，可以说是才有后来的熟练程度。\n\n        最让我感动的是每个周二下午的405，和同学一起在教室休息室向老师请教不懂的问题，我们的问题或许浅薄，但老师始终以热心与耐心的态度予以化解，信手拈来举出好多反例和例证，老师很爱笑，所以无论是课上还是课下都很好相处，丝毫没有副教授的疏离感。一学期下来，林林总总安排了近18次的答疑，老师总是辛辛苦苦地从玉泉赶来，然后在教室休息室待到比预计晚很多很多，只是为了让所有的学生答疑清楚，我总是在想，赵老师真的对学生太好了，甚至到了有点过分的程度。听说老师在21级又当了统计的班主任，有赵老师引路真的是太好了，真的如同母亲一样。\n\n        仅以这篇小作文总结一学期的随机过程学习，学起来有过坎有过想要中断的念头，每每想到赵老师仿佛又有了无限动力。无论是上学期的黄炜姐姐，还是这学期的敏智妈妈，能够遇到概率与统计研究所的这些好老师们，真的是来到浙江大学以后数一数二的人生幸事。
156329,3034,赵敏智,2022-06-19 05:49:01,10,10,0,虽然被卡绩了ww，但能上敏智老师的课何其荣幸！希望21级统计班学生好好珍惜赵老师做班主任哇！
169274,3034,赵敏智,2023-02-25 07:25:37,5,6,1,麻麻！！！
169302,3034,赵敏智,2023-02-25 09:51:36,0,0,0,zmz女神！！！！！\n\n讲课非常详细，重点会反复讲、经常强调，小测、讨论也给大家反复确认，是希望学生都能拿高分的。
169409,3034,赵敏智,2023-02-26 03:52:02,3,4,1,老师很好，对概统讲解很透彻，对同学的每一个问题也都非常细致地解答！
169410,3034,赵敏智,2023-02-26 03:52:48,1,2,1,给分大好，讲的也好，很细致，深入浅出，课堂例题都很经典，保证一听就懂，作业少
169767,3034,赵敏智,2023-02-28 00:23:04,2,2,0,超喜欢敏智老师，因为她喜欢上了概统这门课！~她讲课深入浅出，对待学生超级好呜呜呜呜
176949,3034,赵敏智,2023-07-01 00:26:08,15,16,1,浙江大学何其有幸培养出了这样一位好的老师，本硕博皆浙大，留校任教，教学工作如此出色
177310,3034,赵敏智,2023-07-03 00:56:00,3,3,0,出分了，给mzmm10分，无关成绩，真的很幸运能在大学遇上赵老师这样以为热心的老师，老师答疑很热情，耐心，上课也很好，非常熟练。我们有什么问题都会很热心地帮我们解决
177319,3034,赵敏智,2023-07-03 01:40:42,1,2,1,因为我自己的原因，期末没有考出理想的成绩，能看来mzjj在努力的捞我了TT，mzjj真的很好，同学们选就完事了，不要犹豫
177349,3034,赵敏智,2023-07-03 03:28:53,5,5,0,老师算是课讲得很好了，就是我上课太困了……\n\n课后会给同学们答疑，考试前会提醒大家别忘了考试时间\n\n小测和点名都会提前通知\n\n给分很好，肯定是赋分或者调过了，不然就我那个小测成绩（笑哭）
183814,3034,赵敏智,2023-11-30 14:43:20,1,1,0,一个人不止有一个妈妈，赵妈我爱你！
184881,3034,赵敏智,2023-12-24 02:42:54,2,2,0,超级超级好的老师！！！平时经常抽时间回答同学的问题，讲解的也特别清晰！！！爱死敏智妈妈了～
188092,3034,赵敏智,2024-01-18 07:47:19,0,1,1,爱死zmz老师，讲课耐心细致，每周都有答疑，重修选了她以为要挂结果还上3了，海底捞大师！都选！
188101,3034,赵敏智,2024-01-18 07:55:07,1,1,0,好好好！！！
188118,3034,赵敏智,2024-01-18 08:36:33,0,1,1,老师人很好，讲课很精练（虽然下午听课容易会犯困），平时作业不多，期末蛮捞的\n\n我单方面宣布zmz就是概统的神
188124,3034,赵敏智,2024-01-18 08:40:52,3,3,0,神！\n\n讲课时真的很细致，而且穿插了很多老师自己对内容的理解，很多东西看教材抓耳挠腮但上课时老师总是能用清楚简单的方式概括出来，一学期以来基本上完课回来就能直接动手写作业，我觉得能够仅靠上课就把学生教会的老师在今天已经非常可贵了！！！\n\n更何况老师每周答疑，认真负责有耐心，给分也好，还有什么理由不打10分呢
188183,3034,赵敏智,2024-01-18 11:02:56,0,1,1,老师太好了，讲课清晰，点名会提前通知，时刻在群里关心同学，概统出分给我感动哭了
188293,3034,赵敏智,2024-01-18 15:00:01,4,4,0,十分好老师，使我脑袋旋转。\n\n上课偶尔点名，但点名之前一定在钉群通知。\n\n每周课后都答疑，是竭尽全力希望学生学到知识的好老师。\n\n会经常提醒学生拿到不该丢掉的平时分。\n\n海底捞，我期末没有一道大题是完整写出来的，本来以为要挂了，但出分居然还能有2.7，是我自己不用心学怪不了老师，我知道老师非常努力捞了，心怀感激。\n\n希望后来的同学不要像我一样，辜负老师的信任，努力考高分吧
188370,3034,赵敏智,2024-01-18 23:54:09,2,2,0,老师好捞😭点名会提前通知 上课很清晰 虽然我没怎么听dbq 特别特别好的老师
188434,3034,赵敏智,2024-01-19 03:47:34,2,2,0,好好好
188460,3034,赵敏智,2024-01-19 04:39:18,1,2,1,虽然会点名，但会提前告诉大家，还会提醒大家交作业。上课思路超级清晰，讲题也很耐心很细致，好爱mzjj！最后4.8已经很满意了！我宣布mzjj是我最喜欢的数学老师！
188548,3034,赵敏智,2024-01-19 08:22:08,0,1,1,点名但一定说且次数少，神中神，老师人超级nice
189584,3034,赵敏智,2024-01-25 12:56:22,3,3,0,上课讲得太好了，而且答疑真的是有问必答而且还非常详细非常有耐心，大学碰到的最好的老师！！！！！！
189591,3034,赵敏智,2024-01-25 13:08:14,1,1,0,敏智姐姐是神！上课讲的非常好，经常有答疑学在浙大还上传作业讲解视频，提醒小测提醒学在浙大讨论题，太感动了。
190142,3034,赵敏智,2024-02-23 16:40:08,3,3,0,赵老师精心备课，专心授课；《概统》课程内容丰富，上课气氛活跃；老师讲解思路清晰，方法巧妙。她认真负责，经常安排课后定时定点的答疑；且老师能为学生着想，善于帮助学生解决问题。老师课后一般作业布置6道左右的题目，作业量比较合理；一学期安排3次左右小测，取其中成绩最高两次之分数计；且老师点名之前一般会提前通知。如果学习此课程尚有希望补充之处，可以有慕课作为补充。期末考试题目有一定难度，但平时掌握了相应的知识概念，熟悉了相关题目，还是不难拿到比较理想的成绩的。
191303,3034,赵敏智,2024-04-17 06:15:52,-45,3,48,不是，为什么要先上课才小测，这样的安排好奇怪... 就好像叫军人先去健身，消耗了大部分体力后，再上战场一样，而且还不给休息，要教课又要小测，学生真的会谢...
195962,3034,赵敏智,2024-07-01 02:54:45,3,5,2,老师人超级超级好！！！成绩分布主要是 作业 小测 学在浙大讨论 期末，三次小测取两次的高分，认真准备前两次就行，作业布置的很少，相比隔壁老师每次布置十几道，赵老师只布置六七道，学在浙大讨论在临近期末的时候多次提醒我们在ddl之前讨论以免丢分，每次要点名都提前通知（但是过了半个学期之后因为去的人太少了很伤心，宣布不再提前通知，但是也在群里说了以后点名不再提前通知，而不是突袭点名），课讲得好，解答同学问题耐心！！！
195965,3034,赵敏智,2024-07-01 02:59:24,2,3,1,好老师不必多说！
196118,3034,赵敏智,2024-07-01 17:11:56,1,4,3,mzmm，这学期最喜欢的老师，随机过程每节课都特别享受，特别特别幸福，特别特别喜欢老师的性格，特别特别喜欢老师，必然10分，mzmm我好喜欢你呜呜呜呜呜呜呜呜呜呜呜呜
196137,3034,赵敏智,2024-07-02 00:01:22,1,2,1,10分，必须10分！
196139,3034,赵敏智,2024-07-02 00:19:57,2,2,0,很好的老师～
196148,3034,赵敏智,2024-07-02 01:07:14,0,2,2,神！感谢老师，让我收获了大学首个100分
196209,3034,赵敏智,2024-07-02 07:49:30,3,5,2,赵妈！必须10分\n\n\n\n就上课方面来说，赵妈的PPT非常简洁清晰，例题量适中而且典型，难度也够的；赵妈上课从来不会对着PPT念，即使有PPT，每次也都是亲自用手写板一点一点写，可以有效防止睡着（dbq虽然我还是上课打瞌睡，早上连着五节数学课实在难顶）可以说是非常用心啦！而且讲的是真的好，非常细致而且通透，每次上课前先简单过一下上节课讲的内容，然后开始下节课的新课。知识点之间衔接的也是非常好的，不会像线代一样一堆概念全给你抛出来。总之从一个概念到另一个概念之间的过渡还是比较自然的\n\n\n\n答疑方面，赵妈每次线下答疑都会去；线上提问的话，基本上每次都会非常认真的回答，之前我提问，解释完我还没懂的时候，赵妈还会耐心的发语音或者手写详解，可以说是非常非常耐心了！很多老师已读未回，或者没懂但是就不接着解释了\n\n\n\n给分的话，其他方面应该都拉满了，非常奈斯\n\n\n\n点名会通知，ddl会多次提醒\n\n\n\n总之就是很好的赵妈！！！
196470,3034,赵敏智,2024-07-03 15:21:02,2,2,0,老师讲得很好，给分也很好，随机过程拿下大学第一门专业课满绩
197147,3034,赵敏智,2024-07-08 06:51:42,2,3,1,这么无敌的老师我真的哭死，世界上所有赞美的词加起来也形容不了赵妈，选上她的课你就偷着乐吧！\n\n给分超好，讲得超好，脾气超好，很关心学生
201986,3034,赵敏智,2024-11-08 03:11:24,5,5,0,猪猪侠..嘿嘿..我爱猪猪侠😍😍
202009,3034,赵敏智,2024-11-08 06:50:53,0,0,0,怎么会有这么好的老师啊，哭死了\n\n爱mzjj！
204973,3034,赵敏智,2024-11-29 05:39:16,1,1,0,非常好
208813,3034,赵敏智,2025-01-02 08:00:57,8,8,0,极好极好的老师。赵老师课的作业负担轻（横向对比），同时她的课上得特别好。重点难点讲得非常透彻，逻辑性极强，说话不啰嗦，语言通俗。老师人也特别好，会因为xzzd的拉垮与同学们当面致歉、、\n\n浙大有这样的老师是浙大的幸运。
211015,3034,赵敏智,2025-01-10 10:39:38,1,1,0,讲得很好，作业量也不多，真神！
211817,3034,赵敏智,2025-01-12 14:44:32,2,2,0,给分不错
211834,3034,赵敏智,2025-01-12 16:04:26,1,1,0,赵妈讲的特别细，给分也很好，她真的尽量不卡绩了，选就对了！！！
211991,3034,赵敏智,2025-01-20 12:01:57,6,9,3,概率论与数理统计   2.5学分\n\n课程老师：赵敏智\n\n课程分数构成：小测30+期末40+学在浙大讨论5+考勤5+作业20\n\n老师上课体验：掌管概统的神！上课很清晰，而且手写题目防止我走神，跟的上思路。在讲分布函数的时候还会带我们重新复习一下微积分。平时上课会举很多例子，有助于我深入理解。平时作业量很少。老师人也很好，第一节课说每节课点名的概率服从随机分布，事实上每次点名都提前通知。答疑也很积极，甚至还会因为学在浙大的问题给我们道歉。最后给分也应该是极好的。\n\n课程学习体验：大概是我大学学过的最轻松、体验最好的数学课了。考试只有计算没有证明感觉对工科生很友好！整个课程感觉也没有特别难的点，都是比较好理解的。这次期末考试计算量大，其实思维含量还是比较一般。如果历年卷写的比较多加上微积分基础好的，应该做下来还是比较顺的！小测的话98上已经有很多资料了，可以直接面向历年题复习，这次第一次测试学在浙大崩了，后来换了新的系统，三次取最高的两次，小测的分还是比较好拿的。
213697,3034,赵敏智,2025-01-19 07:58:33,2,2,0,毫不犹豫来打10分，老师无敌好！非常认真负责，上课讲的也很通透。助教也很尽职尽责，每次都会把手写的作业详解发到群里。\n\n关于平时分：说是随机点名，其实每次点名前都会通知（她真的我哭死）；今年的三次小测由于幽默的学在浙大系统问题，改为了新网站新题库。\n\n本人这学期忙到都没怎么听概统课（其实挺愧疚的，赵老师上的这么好），期末临时复习一天半，最后写得依托史，还是被海底捞了（好像今年概统各班都挺捞的？）\n\n总之，ZMZ是各方各面无可挑剔的好，无脑选就对了！
213858,3034,赵敏智,2025-01-20 13:28:18,2,2,0,选得不是赵妈，但是我的老师从第三章讲得我就听不懂了，听了一学期赵妈的智云，发现概统并没有传说中的那么难，虽然被期末题背刺了\n\n吹爆赵妈
216721,3034,赵敏智,2025-03-22 13:07:58,11,11,0,老师是不是给橙留香和猪猪侠配过音呀，国宝级配音演员声线😍
219181,3034,赵敏智,2025-05-23 01:07:46,1,1,0,赵老师是我的大学班主任，何其有幸
219317,3034,赵敏智,2025-05-25 05:37:57,1,2,1,感觉只要是带过通识课的数院老师 就讲课水平而言比只带数院专业课的老师要高几个level（就授课而言 数院挺多9.9还是比较虚的 更多是老师的其他方面加分）然而随机过程上的我第一次知道数学课也能获得这样的听课体验\n\n概率论有多粉碎我的学习热情 随机过程和数理统计就救回来多少 感激不尽zmz和hw
220649,3034,赵敏智,2025-06-19 05:11:06,1,1,0,大学少数考上课学习的课含金量你懂得
221062,3034,赵敏智,2025-06-21 05:25:20,0,0,0,上大学以来遇到过的最好的老师！赵妈上课会手写笔记防止走神，平时会放作业讲解在学在浙大上，答疑很快很快（她是真的想让你学会东西），简直是亲妈级别的老师，强烈推荐！
3404,3138,李冲,2019-09-12 05:08:53,42,73,31,理直气壮地犯各种错误，犯各种懒，懒到自己不来上课而让助教顶替。。。
3425,3138,李冲,2016-12-06 06:32:41,14,31,17,讲题目几乎是做一步错一步，讲新课的话根本听不懂在讲什么，我已经打算自学了，你们看着办吧
3728,3138,李冲,2015-06-17 02:44:59,-4,18,22,超级亲切的老师啊
3822,3138,李冲,2018-10-08 06:53:52,8,26,18,讲课这么烂，这位怎么当上浙大老师的？。我很费解。
3938,3138,李冲,2015-07-20 03:28:24,5,18,13,大一一年遇到的最烂老师，没有之一（虽然最后绩点还行）
5365,3138,李冲,2015-07-07 03:56:43,7,14,7,呵呵了，八周的常微分我一节课也没有听。
5784,3138,李冲,2015-07-09 10:46:18,6,12,6,根本就是自学
6403,3138,李冲,2015-07-13 15:43:55,0,10,10,给分低，讲得差，绩杀
6414,3138,李冲,2015-07-14 00:11:22,3,8,5,很爽，上课听懂略微困难，讲题步骤一般抄书，当然也有抄错的时候，给分很低很刺激。
11810,3138,李冲,2015-12-16 03:17:33,1,5,4,教你们开车
25645,3138,李冲,2016-05-30 14:45:01,1,2,1,可以。
27412,3138,李冲,2016-06-26 02:25:07,0,6,6,冲哥讲课中规中矩，考试还算简单
27908,3138,李冲,2016-06-28 04:28:12,-1,3,4,差差差
28107,3138,李冲,2016-06-28 08:07:03,8,11,3,说他不好的人，是你们自己学得差。
28138,3138,李冲,2016-06-28 08:09:17,0,4,4,呵呵。差差差\n\n
30705,3138,李冲,2016-07-02 09:17:16,-1,1,2,...
30711,3138,李冲,2016-08-30 08:38:29,-19,6,25,讲的好，给分好
30722,3138,李冲,2016-07-02 13:38:23,28,35,7,回楼上那个。呵呵，不论老师给分怎么样，你诅咒别人老婆也太没品了。难道分数值得一个人这么恶毒。如果你觉得有问题，你大可以发邮件查试卷。
30728,3138,李冲,2016-07-02 10:22:20,10,12,2,此评送给学实变的学渣。听课是很难听懂了，但这不要紧，老师上课讲的课后题记下来，背下来。书上定义定理背下来，考试多写一些。一定要给老师发个邮件（亲测很有效）。李冲是个良心老师，大三重修终于过了，这次给个赞！
30740,3138,李冲,2016-07-02 10:51:52,3,4,1,技不如人，甘拜下风
30744,3138,李冲,2019-06-13 09:38:42,13,31,18,必须得说句公道话，李老师实变讲的还是很好的，自身水平也很高。至于考的怎么样，那是看自己学的怎么样，楼上那个自己考的不好就来骂老师的人，你实在是太过分了，祝你全家死光都不为过。
30752,3138,李冲,2016-12-06 06:33:41,17,21,4,虽然实变不是很好懂，但是跟着老师学肯定是可以的。另外那个同学说的话也太过分了吧，读了这么多年书连做人最起码的素质和对别人的尊重都没有吗？真是枉为浙大人，但凡明点事理的人都不会说出这种话的。冲哥人挺好的，就算你不喜欢也别在这里因为一点分数诅咒别人。
30912,3138,李冲,2016-07-03 02:30:29,3,4,1,就一句忠告，冲哥说简单，千万别信?
31935,3138,李冲,2016-07-05 07:54:45,4,4,0,冲哥很好的，实变确实难
32013,3138,李冲,2016-07-05 11:09:44,9,9,0,虽然有时候冲哥上课会讲错，但是他基本很少拿稿子啊，都是直接上的。这很难得了吧。\n\n另外，冲哥人真的很好。我很喜欢这个老师。
32782,3138,李冲,2016-07-13 06:25:25,12,16,4,老师挺好的啊，考试范围内容什么的也讲的很清楚，平常上课证明思路也会讲，虽然偶尔有小错但是也很正常…不懂有些人那么恶毒是为什么？大学就教你这个？您这种心性考得好才让人吃惊
32990,3138,李冲,2016-09-10 04:21:33,1,2,1,常微分简直呵呵
40012,3138,李冲,2016-12-28 16:18:14,-3,0,3,自学吧\n\n
40688,3138,李冲,2017-01-05 04:12:36,6,8,2,再过3年我就到李冲当副教授的年纪了
51564,3138,李冲,2017-06-07 07:04:19,3,3,0,老师人还是挺好的
58634,3138,李冲,2017-09-11 12:34:45,3,3,0,其实还可以，反正都是自学
59884,3138,李冲,2017-09-28 04:05:30,8,8,0,老师讲的很清楚，看到这样的评分终于不再相信查老师了！
60414,3138,李冲,2017-10-19 09:12:02,10,12,2,上的老师的gay桶 大三狗来重修了…感觉老师讲的蛮好的人比起吴建军来说要好得多的多
60695,3138,李冲,2017-10-27 01:48:41,-2,0,2,(●—●)
63747,3138,李冲,2017-12-14 02:53:25,5,5,0,挺好的不明白评分为什么这么低
64966,3138,李冲,2017-12-28 05:31:30,19,23,4,李老师还是挺好的啊，上的他的概统，上课还是可以的，偶尔还会讲一下笑话之类的，没有查老师上说的那么差啊～
66172,3138,李冲,2018-01-12 10:22:10,10,12,2,我上的李老师的概统。不知道为什么查老师上面的评分会这么低，我觉得李老师讲得挺好的啊，讲得也很细，不快不慢，我感觉就很舒服，而且偶尔还会说说题外话，讲讲段子，挺不错的。
66760,3138,李冲,2018-01-19 02:07:45,-1,0,1,？？？？？？？？？？？
68558,3138,李冲,2018-01-23 10:58:46,-2,0,2,可能是我自己菜，也可能是老师辣鸡
68926,3138,李冲,2018-01-24 06:13:15,8,9,1,觉得李老师概统讲的挺不错的
69655,3138,李冲,2018-01-25 07:09:14,2,3,1,老师很好啊，上课也会讲讲段子，给分也可以
69677,3138,李冲,2018-01-25 07:53:39,12,15,3,虽然冲哥到课率没我高，但是还是要给个10分
69678,3138,李冲,2018-01-25 07:56:37,-2,1,3,我觉得老师讲得挺好的，最起码普通话很标准，而且还会讲段子，哈哈哈哈。期中期末会让助教来上几节习题课，也没什么。主要还是看自己吧，考的好自然绩点也高，考的不好老师也没办法啊
69682,3138,李冲,2018-01-25 08:08:22,1,1,0,看到说普通话标准的…忍不住笑了?
69773,3138,李冲,2018-01-25 11:06:31,1,1,0,概统还是靠自己 反正平时分给满了 上课也还可以 就是有点懒
69823,3138,李冲,2018-01-25 13:00:50,1,2,1,普通话标准？？？我最想吐槽的就是他的口音，古迹直古迹直到现在都在耳边循环……而且我觉得我期末答的没问题呀，怎么分比预想的低了点……
70108,3138,李冲,2018-01-26 06:15:06,0,0,0,还可以，平时讲课还蛮卖力气的，就是习题课助教来上，平时作业好几次A-作业都给满了，还是不错的～
70391,3138,李冲,2018-01-26 14:31:54,2,2,0,助教比老师负责系列，哈哈开玩笑的，老师也不错
71370,3138,李冲,2018-01-28 11:02:45,3,3,0,虽然概统差不多是自习…但是我觉得老师讲课很舒服，不是那种听不进去的，偶尔幽默。
73222,3138,李冲,2018-02-01 07:55:28,0,1,1,老师还行吧，算下来课也就去了5次，概统这东西基本靠自学吧，，
75538,3138,李冲,2018-03-13 05:35:27,0,0,0,不错的
86695,3138,李冲,2018-12-03 13:42:27,5,5,0,概统李老师讲得很好呀
87608,3138,李冲,2018-10-08 06:54:47,0,0,0,还不错
89438,3138,李冲,2018-11-19 06:53:00,1,1,0,概统很好
90797,3138,李冲,2018-11-26 06:00:50,5,5,0,振聋发聩 声音可以传遍整栋教学楼
91220,3138,李冲,2018-12-03 14:12:35,3,3,0,“我讲的你们肯定懂，概率论没什么，你们不会做是微积分没学好”这话能说100遍。
93720,3138,李冲,2019-01-12 09:10:52,1,2,1,还可以吧，概统讲的速度和难度都还能接受，主要看自己
93821,3138,李冲,2019-01-14 02:23:21,3,4,1,老师概统讲得挺好的啊，感觉比网课的张国奋好啊
93829,3138,李冲,2019-01-14 02:54:03,0,1,1,思路不清，逻辑混乱，听课就是自找苦吃，还是自学吧。
95376,3138,李冲,2019-01-19 09:33:48,3,3,0,对老师不做评价 但是这一学期的助教小哥哥真的太耐心太好了 可以私戳可以在群里问 都会回答 ！一级棒 虽然不知道最后能考啥样 但还是给助教打call
98263,3138,李冲,2019-01-23 08:50:48,1,1,0,老师还是挺好的啦
98268,3138,李冲,2019-01-26 12:25:08,-71,5,76,满绩什么的还是很容易的，只不过觉得期末考的有点太简单了，拉不开差距，希望以后能加大难度
98275,3138,李冲,2019-01-23 09:05:25,2,2,0,没觉得这么烂啊 上课段子贼多 概统本来也没啥东西
98378,3138,李冲,2019-01-23 11:54:23,1,5,4,一门概统毁了一个学期的努力
98394,3138,李冲,2019-01-23 11:51:50,3,3,0,助教小哥哥很好 虽然最后只有3.0\n\n但是找助教查卷子心服口服
98587,3138,李冲,2019-01-23 15:24:42,0,0,0,老师段子讲的好多，令人印象深刻的是掏粪boy的段子。但是讲课思路有点混乱，讲题目的时候经常会说“这样这样所以这样”（所以到底是哪样啊……）。可能自己想的东西没办法很好用言语表达吧，但水平是有的，期末发了两张练习卷，对考试挺有用。
98754,3138,李冲,2019-01-24 01:38:40,1,1,0,老师还是敬业的，但听课还不如拿听课时间自习，概统知识量有限，自学也可以过
99389,3138,李冲,2019-01-24 16:01:04,0,1,1,10分给助教，助教小姐姐真是进浙大以来遇到最负责的助教。老师还是可以的，只是每周日晚都要熬夜第二天一早困得不行听不进去课，老师的课从第二章开始就没听，期末自学勉强上四。
99648,3138,李冲,2019-01-25 04:28:50,0,0,0,自学课程 老师讲的一般 助教小哥哥敲认真！每次作业逐题写详细解答发群里 频繁回答同学们的问题 遇到过最棒的助教了！
99997,3138,李冲,2019-01-25 12:12:51,-51,2,53,满绩什么的还是很容易的，只不过觉得期末考的有点太简单了，拉不开差距，希望以后能加大难度
102401,3138,李冲,2019-02-01 12:11:39,-16,2,18,我不得不说老师还是很认真的，尤其是答疑的时候，很关心问问题的同学是不是真的理解了~另外助教是真的超级棒！这学期唯一一门满绩的课了~
117091,3138,李冲,2019-09-19 07:52:11,3,5,2,讲得很乱\n\n
117109,3138,李冲,2019-09-19 07:36:21,0,2,2,口误太多
118719,3138,李冲,2019-10-31 07:19:45,8,10,2,讲话毫无逻辑，不明白为什么举什么例子都想要牵强符合地举夫妻的例子，越讲越乱，上课进度还慢，他到底在干什么…
118722,3138,李冲,2019-10-31 07:26:46,-2,3,5,不是很好
120845,3138,李冲,2020-01-17 18:48:39,-12,3,15,老师上年纪了，有点迷糊，但是人很好。给分也好，平时没听课，一天速成3.9
120898,3138,李冲,2020-01-18 11:10:39,4,4,0,群里一直卖弱的大佬好烦。。
122041,3138,李冲,2020-02-04 10:29:28,2,3,1,概统靠自学，推荐张帼奋老师(*^ω^*)
131163,3138,李冲,2021-01-26 09:53:28,2,2,0,讲课一般，给分是真的好
131663,3138,李冲,2021-01-28 10:31:50,0,2,2,老师挺好的，讲课有点乱，给分是真的真的很好
131794,3138,李冲,2021-01-29 03:44:28,6,6,0,在概统收获了大学以来绩点第二低的成绩，出来的那天很伤心，当然，这更多的是我自己的问题，平时因为老师不点名翘了不少课，考前虽然认真熬夜拼命复习，但是没想到今年考了很多概率论部分的东西，做的时候因为不熟悉前面部分的题型失误很大，总体来说，老师讲课中上水平的，人也不错，至少不会照着念PPT，但是前期比较简单的讲课比较拖，后面内容较难老师又比较赶，这是存在的问题之一，所以建议后来的学弟学妹们前期进度稍微比老师快一点，千万别因为前面内容简单就暂时放下这门课，除非你是DL，也总不会人人都这么DL的。
132444,3138,李冲,2021-02-01 15:33:19,6,7,1,看到有同学说拿了大学以来第二低的绩点，但是这门课老师其实不太参与给分，平时分20分小测，完全靠自己赚，2分讨论，完全白送你的，3分excel作业，也靠自己赚，15分作业，也是靠你自己，60%期末也是靠你自己，所以就不评价老师的给分了，说上课吧。老师不点名，很随性，上课有内容、有段子，但是节奏的掌握稍有缺憾，概率论部分非常非常慢，主要是概率论部分以理解为主，慢也是有道理的；数理统计部分的速度直接起飞，刷刷刷就过去了，虽说数理统计没什么需要理解的，背公式就完事了，但是你也不能这么快啊大哥。。。
149653,3138,李冲,2022-01-16 09:21:37,2,4,2,讲课和给分都挺好的，就是前半部分讲得有点慢，可以在学期初提前自学一下最后两章。然后上课有几次点名性质的额外小测，交了平时分就全满
161654,3138,李冲,2022-11-11 16:41:47,2,4,2,您当然可以按照自己的想象去揣测学生
162019,3138,李冲,2022-11-16 04:20:40,0,1,1,你这上课进度我是真的无语
162333,3138,李冲,2022-11-20 07:48:18,0,1,1,别来祸害学生了，求求你
162523,3138,李冲,2022-11-24 08:12:16,0,1,1,讲课无趣无聊无意义 点名很死板
162567,3138,李冲,2022-11-25 13:12:37,-1,2,3,有一说一，讲课算很好的。奉劝大家千万不要因为老师讲的慢，就上课干别的事。书上和老师讲的范围会有不一样的地方，老师的例题讲解也蛮好的，听课是效率很高的学习行为。
163367,3138,李冲,2022-12-14 02:20:56,1,3,2,网课期间只放ppt，上了那么多节课一个字没写过。。。。。。
166023,3138,李冲,2023-01-11 00:49:27,-1,1,2,口误太多，懒
168315,3138,李冲,2023-02-11 04:03:52,-1,0,1,7分，只能说mediocre，讲课按照基本要求讲了，偶尔也能听到一点具有启发性的理解（但实在是非常少，前面概率论还有一点，后面几乎没有）讲得很困，基本就是过书过例题。上课无聊四处张望了一下，前四排估计听他讲的只有两个。
169112,3138,李冲,2023-02-24 10:31:28,22,24,2,出分前：冲便\n\n出分后：冲神！！
169113,3138,李冲,2023-02-24 10:40:18,2,2,0,李老师还是很负责的，上课也挺仔细，PPT有用
169115,3138,李冲,2023-02-24 14:18:33,18,22,4,我承认我出分前说话有点大声
169130,3138,李冲,2023-02-24 12:18:30,4,4,0,感觉老师给分不错
169139,3138,李冲,2023-02-24 12:15:26,4,6,2,好老师\n\n讲课清晰 认真负责 平时分很高 期末会捞\n\n李老师其实人很好 不像查老师上打分这么低 完全可冲
169141,3138,李冲,2023-02-24 12:19:27,3,3,0,我爱你！
169145,3138,李冲,2023-02-24 12:21:57,4,4,0,wwwww谢谢李老师捞我www
169146,3138,李冲,2023-02-24 12:26:57,0,1,1,好老师 给分高 上课有意思\n\n不该分数这么低 完全可冲！
169147,3138,李冲,2023-02-24 12:27:30,3,3,0,爹爹爹你是我大爹很能捞nice
169148,3138,李冲,2023-02-24 12:38:56,1,1,0,讲课虽然无聊，但是给分真的好
169154,3138,李冲,2023-02-24 13:09:02,1,1,0,复习课真的讲的好好啊
169168,3138,李冲,2023-02-24 13:36:41,1,1,0,你给我满绩，我给你满分。
169173,3138,李冲,2023-02-24 13:47:18,2,2,0,冲神他是懂海底捞的
169181,3138,李冲,2023-02-24 14:09:12,1,1,0,我爱你！！！！！
169262,3138,李冲,2023-02-25 05:37:49,1,2,1,给分确实不错。讲课有点慢，前面吃老本的部分太慢了导致我没听。不过老师人还挺好的
169368,3138,李冲,2023-02-25 15:06:30,4,5,1,追求高分的人一定要来！听课？没必要，找个讲课好的概统老师听网课就行了，比如zzh，强烈推荐。严重怀疑最后给总评的时候，给考试考的好人人直接按卷面分给分了，鄙人小测就扣了三分结果总评97，自己都吓坏了。\n\n考试干货：概统和微积分现代比起来，真的简单很多（相对），平时认真听课，把课后题刷一遍，考试前根据自己备考时间选择性复习一下，我是建议看书+刷历年卷，概统考试的区分项还是前六章的内容，第七第八纯背诵就行了。\n\n李冲yyds
169390,3138,李冲,2023-02-26 01:54:01,8,9,1,面向绩点学习者速来，想靠课堂学习的不建议选
169739,3138,李冲,2023-02-27 15:10:58,3,3,0,会有花里胡哨的点名方式，老师人挺好，有的地方讲的不错，但是教学前期慢后期快，节奏有点怪，有时候还口齿不清的。不过概统这门课真的很简单，想学好去听隔壁张gf的网课即可。
169954,3138,李冲,2023-02-28 15:26:41,0,1,1,很捞很捞
175899,3138,李冲,2023-06-27 05:44:08,0,2,2,给分无敌差
183883,3138,李冲,2023-12-02 12:42:04,2,2,0,666
184176,3138,李冲,2023-12-12 02:23:59,3,5,2,史，，
187892,3138,李冲,2024-01-17 17:05:25,0,1,1,讲课稀烂，真的听不下去\n\n随机雷达点名\n\n时间随机\n\n名义点5min\n\n实际上3min关闭
187984,3138,李冲,2024-01-18 02:47:36,3,3,0,吹爆老师，给分很好
187991,3138,李冲,2024-01-18 02:56:05,2,2,0,超级好老师！上课会举很多有意思的例子，也很为学生着想。点名允许有一两次缺勤的“概率误差”。
188025,3138,李冲,2024-01-18 04:42:02,1,1,0,把分打上去！\n\n冲神！！！\n\n谢谢冲神救我一条🐶命！！
188063,3138,李冲,2024-01-18 06:27:12,0,0,0,给分很不错！
188696,3138,李冲,2024-01-19 15:00:50,0,0,0,讲课水平一般，课程比较无聊，点名很出其不意，但我给他10分因为期末大捞特捞
192035,3138,李冲,2024-05-08 04:02:22,-13,3,16,全程没咋听课，期末考试简单自己看看历年题就会了。小测还是要好好做，最后因为小测才拿了4.8
212545,3138,李冲,2025-01-14 07:19:46,0,0,0,简直就是捞神 期末没几道写出答案的全是过程
212824,3138,李冲,2025-01-15 03:59:10,5,5,0,小测学在浙大网站崩溃两次，却在群里装死一句话不说，后来第一次取消和第二次换网站都是从别的班得到的消息，浪费学生等待的时间。我觉得作为一个任课老师，及时传达这些信息是基本要求吧，基本要求都做不到在我看来作为主讲老师是完全不合格的。上课讲得不怎么样，至于给分我觉得大家考多少分靠的不是自己吗，卷子也是统一改的，无所谓捞不捞的。总之上他的概统体验极差，大家自己看着选吧。
214514,3138,李冲,2025-02-10 10:48:55,0,0,0,居然没挂 好捞
459,3140,武俊德,2015-03-15 02:44:42,13,16,3,风趣幽默萌萌哒
8740,3140,武俊德,2015-09-25 04:32:18,0,4,4,棒棒哒
23727,3140,武俊德,2016-04-14 00:06:04,12,13,1,是不是这样？是！
32314,3140,武俊德,2016-07-06 06:52:49,7,8,1,讲课有趣，虽说条理不是很清晰。重点是人好给分好
64807,3140,武俊德,2017-12-27 07:58:03,0,2,2,超级棒
91249,3140,武俊德,2018-12-04 07:31:34,15,18,3,研究生课的泛函分析，要哭了，上课总是跑偏说些奇怪的话题耽误时间，说话口音重又讲得不系统，发的教材是老师东抄一半西抄一半凑的（老师亲口说的，似乎还很骄傲），排版辣鸡而且很没逻辑……直接找本GTM印不好么……真大佬应该都是自学的吧，但我这种辣鸡是真不知道我的泛函该怎么办了……
131498,3140,武俊德,2021-01-27 17:50:18,3,4,1,量子信息与量子计算，老师一本正经讲段子，给分超好，不期末考试
131618,3140,武俊德,2021-01-28 07:49:35,3,5,2,量子信息与量子计算后半段讲课听不懂😭\n\n但是给分真的好好
149292,3140,武俊德,2022-01-15 04:01:49,4,6,2,给分莫名其妙，快逃
149414,3140,武俊德,2022-01-15 09:00:26,0,3,3,哈哈哈哈武老师好可爱，和老父亲一样催我们学习和报名参加一些讲座，给分很好，人也很慈祥
154812,3140,武俊德,2022-06-05 15:29:45,-1,1,2,很不错
167956,3140,武俊德,2023-01-20 16:28:04,1,1,0,可冲（doge）
176895,3140,武俊德,2023-06-30 14:55:26,5,5,0,可是为什么2023年春夏的量子算法评分只有优良及了...
178329,3140,武俊德,2023-07-10 05:51:40,0,0,0,量子算法给分超好
189577,3140,武俊德,2024-01-25 12:35:31,0,0,0,量子算法，给分不错，三次作业有难度的，最后是期末论文，这四个东西一定要认真，一定
195755,3140,武俊德,2024-06-30 01:32:47,0,0,0,量子算法给分神中神 假如不是五级给分就狠狠选！
195976,3140,武俊德,2024-07-01 03:24:32,3,3,0,味大，无需多盐！！
217938,3140,武俊德,2025-04-18 07:18:58,0,0,0,。。。
167,3248,郜传厚,2015-03-14 16:21:29,19,23,4,萌萌的。性代数讲得很细，特别喜欢听他讲作业题~
407,3248,郜传厚,2015-03-15 01:59:36,-3,4,7,听不懂
426,3248,郜传厚,2015-03-15 02:13:41,-1,12,13,讲的很负责，就是口音略重
4010,3248,郜传厚,2015-07-02 00:40:19,69,89,20,蛮好的，跟上节奏别走神
6363,3248,郜传厚,2015-07-13 08:21:14,1,12,11,看他教的平均绩点还不能说明问题吗？
7233,3248,郜传厚,2015-09-11 16:36:31,32,38,6,上的是他的肠胃分，讲的很细致，令人惊讶的是作业居然隔一周交一次，期末考做出的题不是很多，但还是给了我70多
7652,3248,郜传厚,2015-09-15 07:35:44,0,5,5,最后一章没时间讲了感觉是糊弄过去的
7844,3248,郜传厚,2015-09-15 14:53:27,44,56,12,人好哭了，考试感觉做出来的题不多还有70+
9435,3248,郜传厚,2015-10-27 06:28:54,0,3,3,還不錯
13140,3248,郜传厚,2015-12-25 02:53:58,36,46,10,常微线代都是他的，人好哭了，讲的也超好，给分也好，已被圈粉，五星好评
13196,3248,郜传厚,2018-03-03 15:30:50,13,18,5,老师讲得很仔细很清楚，每节课上课之前会回顾一下上节课的知识点，下课之后提问也超级耐心～超喜欢的老师！
16326,3248,郜传厚,2016-01-20 15:31:20,6,12,6,老师超级超级厚道，好老师，讲课细心，给分究极厚道
17550,3248,郜传厚,2016-01-20 11:35:31,-6,8,14,感觉没有平时分，线代课喜欢讲证明，听课特吃力，个人感受。看均绩也知道了，全班2.18呵呵
17560,3248,郜传厚,2016-01-20 12:00:58,27,35,8,因为给我过了 我就给10分
17763,3248,郜传厚,2016-01-21 00:30:39,-5,1,6,。。。z
18005,3248,郜传厚,2016-01-21 05:50:21,1,5,4,老师教的很不错，很有耐心
19715,3248,郜传厚,2016-01-25 06:56:50,-2,8,10,给分真低，比其他班低一个档次
25356,3248,郜传厚,2016-05-16 01:05:55,5,14,9,上课不给玩电脑
26680,3248,郜传厚,2016-06-21 01:47:49,9,9,0,跟上节奏就没有问题！超级喜欢他的课前复习！
29073,3248,郜传厚,2016-06-29 08:09:32,20,21,1,一次作业10分
30583,3248,郜传厚,2016-07-02 04:10:11,3,4,1,老师坚持板书，当高中数学听就可以
31386,3248,郜传厚,2016-07-03 23:53:03,3,8,5,非常好的一个老师。真的超级棒！上课很有节奏，跟着走上4没有问题
31592,3248,郜传厚,2016-07-04 08:49:24,14,16,2,老师讲的真的不错的，只是自己没考好...
31664,3248,郜传厚,2016-07-04 11:20:20,7,10,3,老师讲的很好 期末题目很坑...
31669,3248,郜传厚,2017-01-03 14:03:09,-5,9,14,确实，基本都做出就只有3.3
31720,3248,郜传厚,2016-07-04 15:03:30,-7,3,10,两道不会3.9，伤心。。
31736,3248,郜传厚,2016-07-04 16:00:00,1,2,1,讲的挺仔细的
32016,3248,郜传厚,2016-07-05 11:21:06,-1,2,3,挺好哒
32039,3248,郜传厚,2016-07-05 12:52:13,-4,5,9,一道不会3.6。。
32072,3248,郜传厚,2016-07-05 14:26:18,21,26,5,4道半不会给了我70+，感谢师生情
32482,3248,郜传厚,2016-07-07 05:26:04,-1,3,4,老师的常微分讲的还是很有节奏很清楚的。（虽然不知为何绩点有点低sad）
32541,3248,郜传厚,2016-07-07 12:27:34,1,3,2,老师讲得还不错
35108,3248,郜传厚,2018-09-27 06:23:05,4,6,2,人好 上课条理清晰
37829,3248,郜传厚,2016-11-21 09:37:17,0,2,2,上课讲的十分细致
44294,3248,郜传厚,2017-01-17 14:24:41,4,7,3,讲课等认真负责，就是讲证明步骤太多。\n\n言语不多，但可以知道非常关心同学。
44506,3248,郜传厚,2017-02-15 12:49:18,2,6,4,课讲的是不错，有一两句口音也蛮有趣的，但是给分是什么鬼…
44513,3248,郜传厚,2017-01-18 02:12:44,-1,2,3,老师很好呀，上课听课，期末早点复习考试完全不是问题hhhh
44516,3248,郜传厚,2017-01-18 02:17:41,-3,2,5,哈哈哈哈哈上课认真听作业自己做就差不多了 老师讲的挺清楚的 哈哈哈哈哈认真以后加上卷子简单满了
44528,3248,郜传厚,2017-01-18 02:28:57,-2,2,4,老师人很好给过了 给10分
44539,3248,郜传厚,2017-01-18 02:40:40,-3,1,4,老师超级好！上课讲得很细致，而且最后给分也超级好！
44544,3248,郜传厚,2017-01-18 02:42:42,-3,2,5,好老师 讲课挺好的 给分也不错
44551,3248,郜传厚,2017-01-18 02:49:34,1,3,2,。。。。。。
44559,3248,郜传厚,2017-01-18 03:04:35,15,18,3,老师上课坚持板书，真的很耐心很细心！！每节课都听的话真的能学好线代的～最后给分也还不错啦，比预期高了很多！赞
44567,3248,郜传厚,2017-01-18 03:11:08,-9,5,14,我不管，线代给我满了我就是喜欢他??
44570,3248,郜传厚,2017-01-18 03:13:13,5,9,4,哈哈哈哈哈爱老师 平时分高上课棒人也很好 就是中文板书有点难看懂…但是绝对好老师啊
44737,3248,郜传厚,2017-01-18 07:32:48,3,5,2,老师讲课很细致，最后给的分也和自己努力成正比了，很棒
44925,3248,郜传厚,2017-01-18 14:00:28,0,1,1,人真的好哭了，学渣也可以带你飞
47528,3248,郜传厚,2017-01-29 14:21:42,13,14,1,老师讲课重点突出，还会复习上节课内容。
48699,3248,郜传厚,2017-03-10 00:35:16,2,4,2,棒棒哒，很贴心！讲的很细致！
49806,3248,郜传厚,2017-04-26 07:41:38,6,7,1,人长的帅，讲的又好，每节课还会复习上节课的知识，去的稍微晚一点就只能坐在最后了，好想再上一次他的课啊～
50016,3248,郜传厚,2017-04-29 00:48:02,20,26,6,郜老师真的没有像上面评论说的那样，我考的春学期的常微分，论试卷难度应该是没有往年夏学期的难，比往年春学期计算量大，但是郜老师是很为学生考虑的，不管什么题问他都会耐心解答，至于板书糊是真的，所以以后选他课的同学建议一定要跟上上课的节奏，最后课也上完了，老师还说如果考试难平时分会多给一些，反正我是觉得老师给分还好啦，两道不会也上4了，骂老师，说老师绩杀的可能自己有许多题没有算对吧，主要还是看自己，值得一选的老师！
50018,3248,郜传厚,2017-04-28 14:50:12,-1,4,5,不错的老师，讲的很透彻。给分一般。人挺帅
50019,3248,郜传厚,2017-04-28 15:12:00,1,8,7,板书很糊，还绩杀，差点就挂了不想说什么，
50026,3248,郜传厚,2017-04-30 02:19:47,-1,6,7,楼下都是jl  但我们不是啊 怕是你们站着说话不腰疼吧 这难度和平时讲的完全不一样好么
50027,3248,郜传厚,2017-04-28 15:36:09,-1,3,4,讲不完课\n\n
50028,3248,郜传厚,2017-04-28 15:41:26,9,10,1,给挂了，还是怪我自己吧
50029,3248,郜传厚,2017-04-28 15:47:42,9,14,5,我听的常微分，讲得很好，下课不用怎么学，考前刷刷题就好，不要听前面的人胡说老师不好，是他们自己学的不咋的，还怪老师，老师很好，认真学分不会低。
50055,3248,郜传厚,2017-04-29 03:09:42,6,7,1,给分挺好的吧，推荐选春学期啊，虽然还是有一道题没做出来，但是比我微积分，线代都要高，感激。
50087,3248,郜传厚,2017-06-27 09:06:51,2,5,3,挺好的呀
50099,3248,郜传厚,2017-04-30 02:20:26,0,4,4,老师讲课很认真
50141,3248,郜传厚,2017-04-30 08:09:41,1,5,4,等等我有点慌，平时作业按时交都做完，考试满分90分的卷子空了一题错了半题，结果总评72？
50148,3248,郜传厚,2017-04-30 09:16:26,0,4,4,别的都好，但是这板书过分了吧……
50160,3248,郜传厚,2017-04-30 12:11:35,-4,3,7,评分还好啦，我不会的就有三道，最后3.9。平常我也不认真学常微分（上课基本是走神的，课后应付作业，只在考前某天复习了套路，看了几套试卷）。
50303,3248,郜传厚,2017-05-02 08:48:20,-2,1,3,还好啦
50742,3248,郜传厚,2017-05-05 00:23:43,15,15,0,上课没怎么听懂过，复习光看书，不做题还是不行，考试几乎没做出什么，大家要吸取教训，但是老师给过了，真是感谢老师，谢谢。
52154,3248,郜传厚,2017-06-15 07:49:27,14,16,2,郜老师的常微分是我上大学到现在唯一能听进去的数学课。\n\n怎么说呢…老师可能不像一些别的老师一样上课会插科打诨地讲点别的什么，但是真的非常兢兢业业，十分细致耐心而且有条理地讲解每个知识点。如果上课能够听进去，真的不需要课本。很喜欢这种温和细致的风格！
52163,3248,郜传厚,2017-06-15 08:47:14,1,2,1,刚上完老师的常微分过来评价 讲的真的很好 很清楚
52164,3248,郜传厚,2017-06-15 09:07:03,3,3,0,老师讲的挺好的
52241,3248,郜传厚,2017-06-16 09:23:37,2,4,2,1.板书字太难认\n\n2.讲课没得说，负责仔细，思路清晰，还会带着复习\n\n3.希望能有个不错的成绩吧，如果考不好应该是自己的问题
54809,3248,郜传厚,2017-06-30 08:57:37,-1,1,2,好！！！
54823,3248,郜传厚,2017-06-30 09:11:39,0,1,1,老师很清爽！
54825,3248,郜传厚,2017-07-01 08:31:57,-2,0,2,给分很好\n\n
54849,3248,郜传厚,2017-06-30 10:11:14,1,2,1,老师几乎完美啊 脾气好给分好教的好 口音稍微有一点 但是完全不影响呀 大家上过就知道了
54882,3248,郜传厚,2017-06-30 11:16:46,-1,1,2,如果一直跟着老师节奏完全能听懂啊，我觉得讲的很细致，如果大家是很懵的状态他会讲第二次。
54982,3248,郜传厚,2017-06-30 14:14:10,1,2,1,给分蛮好的
55158,3248,郜传厚,2017-07-01 02:19:45,0,5,5,老师男神，上课认真听期末轻松满绩
55207,3248,郜传厚,2017-07-01 03:41:48,2,4,2,今年常微太简单混了个满?...表示老师上课讲的很认真很努力，但我实在看不清板书导致基本没听...如果选他的课一定要坐前排。
55271,3248,郜传厚,2017-07-01 07:17:25,0,0,0,很好很好
55653,3248,郜传厚,2017-07-02 06:08:43,6,9,3,嘿，常微分满了，满了。\n\n三次作业，讲的比较慢，但很细致，一切靠自己。
55830,3248,郜传厚,2017-07-02 12:32:53,2,2,0,给分超级好，讲课认真仔细！非常负责的老师！就是板书很快~
56074,3248,郜传厚,2017-07-03 04:24:44,5,5,0,上的很好，常微知识不多，最后一节课一梳理很清晰。
56215,3248,郜传厚,2017-07-03 09:08:47,-3,0,3,给分好好好好好好
56789,3248,郜传厚,2017-07-04 15:39:01,-1,1,2,选上老师的课是我的幸运！
59364,3248,郜传厚,2017-09-21 04:21:54,4,4,0,口音有点迷 讲课思路极其清晰 跟上节奏 效率高 10分
59534,3248,郜传厚,2017-09-22 08:25:13,0,4,4,讲得慢，讲得很细，声音很温柔，人很好?
59876,3248,郜传厚,2017-09-28 03:01:06,1,3,2,口音还好吧，和我是老乡，口音不是问题～(￣▽￣～)~
59910,3248,郜传厚,2017-09-28 06:32:35,4,5,1,上课超爽！！！！！\n\n
59955,3248,郜传厚,2017-09-29 02:38:17,3,4,1,讲课超细致，人很好。
60512,3248,郜传厚,2017-10-23 03:10:37,2,3,1,特别特别特别好！！！！！！
63678,3248,郜传厚,2017-12-12 13:02:23,1,3,2,不能更好?
65014,3248,郜传厚,2017-12-28 08:09:22,4,6,2,虽然有口音但完全不妨碍听课～\n\n超级好超级萌的老师啊！\n\n看到台下蠢萌蠢萌的眼神会给我们再讲一遍～\n\n十分不解释
65598,3248,郜传厚,2018-01-07 02:15:27,2,4,2,又到了郜老师的猜字谜时间
66379,3248,郜传厚,2018-01-15 13:37:23,1,1,0,说真的，我不太听得懂，不过老师还是负责的，因人而异吧
66562,3248,郜传厚,2018-01-17 09:21:23,13,15,2,超级可爱的老师，大眼忽闪忽闪的，而且认真负责，一道题一个概念换各种方法讲，虽然辣鸡的我还是不懂，每节课板书要擦一万次，真的心疼课上到一半就全白的手，对书上习题都不屑一顾，信手拈来，自己底子是真的硬！但是眼睛里揉不了沙子，不允许有人上课开笔记本，我觉得这是优点，真的很负责了，而且还会安排习题课，小测也水得一批，总之学不好都是我的锅
67675,3248,郜传厚,2018-01-22 04:53:23,-1,1,2,课讲得很好！还给我过了。就10分
67919,3248,郜传厚,2018-01-22 10:07:06,4,5,1,呵呵哈哈哈哈哈哈哈哈哈哈哈哈哈哈
68004,3248,郜传厚,2018-01-22 13:06:22,-21,1,22,老师真的好哭了！\n\n小测不管你做没做对，平时肯定给你满！\n\n给分真的太好了！\n\n一直以为自己挂了，结果上4了！
68007,3248,郜传厚,2018-01-22 15:21:23,5,7,2,上4那个还说的过去，没那么伤。
68008,3248,郜传厚,2018-01-22 13:07:09,3,3,0,期末期中都考的烂的一匹，老师还是给及格了，老师很棒
68011,3248,郜传厚,2018-01-22 13:10:46,3,3,0,郜老师讲课讲得很细致，就是写字龙飞凤舞，如果走神了就得看书补上去。线代还是得预习，不然容易跟不上节奏。个人感觉很和善，有时也会提醒后排同学把笔记本电脑放下去听课。然后，给分是很好的。期中成绩拖到期末出，相信老师也是用心良苦怕大家挂了吧。
68015,3248,郜传厚,2018-01-22 13:18:09,3,5,2,出成绩的那一瞬间真的泪目了\n\n呜呜呜老师我对不起您给的分数\n\n您是我男神
68018,3248,郜传厚,2018-01-22 13:20:57,1,3,2,虽然讲的很快但是思路很清晰的，平时分让人感动，真的感动(๑>؂<๑）谢谢老师给我一条生路。
68019,3248,郜传厚,2018-01-22 13:22:23,4,4,0,谢谢老师不挂之恩！期中期末考的都不好！平时分给满了！最后没挂！
68020,3248,郜传厚,2018-01-22 13:23:54,-1,1,2,谢谢老师不挂之恩，表白男神
68023,3248,郜传厚,2018-01-22 13:28:59,2,3,1,人超好的强行给我过了
68026,3248,郜传厚,2018-01-22 13:31:22,3,4,1,郜老师太好了！期末感觉答的特别不好 结果老师给过了！讲课也特别细致特别认真！郜老师特别好！感谢老师！
68030,3248,郜传厚,2018-01-22 13:36:36,2,4,2,虽然才3.3，但是老师人真的很好。不一定要预习，老师上课很有逻辑的。另外，水土不服就服郜哥狂草，板书比说话还快。十分十分～
68031,3248,郜传厚,2018-01-22 13:36:53,1,2,1,师生情
68033,3248,郜传厚,2018-01-22 13:38:48,6,8,2,师生情谊深似海??，作业交了吗，小测去了吗，去了，好的。无论考试咋样，只要做对三道半，轻松过。\n\n\n\n
68045,3248,郜传厚,2018-01-22 13:57:08,0,2,2,有点照课本念，催眠，不过人真的特别好，很赞
68073,3248,郜传厚,2018-01-22 14:38:40,11,13,2,我挂了，我对不起老师，是我自己的问题。
68074,3248,郜传厚,2018-01-22 14:38:43,0,5,5,老师，我对不起你……考差了。不过还是谢谢您一学期的认真教诲。\n\n我以后再不好好学习，就真的愧为浙大学子了。
68082,3248,郜传厚,2018-01-22 14:43:27,0,1,1,线代：上课有自己的顺序，字比较潦草，但是老师挺好的，拉了平时分，数学还是要好好学，下功夫。
68083,3248,郜传厚,2018-01-22 14:43:42,5,7,2,分数这么高 大概是因为他是调分大佬吧\n\n上课很认真\n\n适合怕挂科的童鞋
68104,3248,郜传厚,2018-01-22 14:52:28,1,2,1,人超好强行不挂。上课超好
68107,3248,郜传厚,2018-01-22 14:55:19,-2,1,3,老师上课很负责，详细讲到了每个知识点，考烂很对不起老师
68114,3248,郜传厚,2018-01-22 14:59:51,3,4,1,喜欢老师，虽然绩点低，但绝对是我自己问题，老师会尽量给平时分，超棒的老师啊！
68126,3248,郜传厚,2018-01-22 15:20:17,-35,6,41,才4.5，贼难受了
68130,3248,郜传厚,2018-01-22 15:27:13,-1,2,3,考的不好是我自己的问题，老师真的很好
68203,3248,郜传厚,2018-01-22 23:17:05,1,2,1,平时分给满了
68233,3248,郜传厚,2018-01-23 01:22:25,2,4,2,老师上课讲的很细，手写一步一步推导，只是自己上课要跟好老师的思路别走神，平时分都给满了，很棒!
68249,3248,郜传厚,2018-01-23 01:36:06,0,3,3,太棒了，其他的话我说不出来也不想再说
68294,3248,郜传厚,2018-01-23 02:46:00,-1,1,2,老师人超好，什么都会板书，证明什么的都会写的超级详细，期末考的不好，但是是个人原因吧。
68295,3248,郜传厚,2018-01-23 02:46:06,1,3,2,人很好，男神，给分真的好
68299,3248,郜传厚,2018-01-23 02:52:08,-2,1,3,老师人真的好，讲的非常清楚，非常可爱又敬业！虽然我不高，不过是因为自己没有好好学，老师平时分还是给的很高的！谢谢老师！
68331,3248,郜传厚,2018-01-23 03:37:21,3,6,3,老师人真的很好，处在挂科边缘但因为平时分给满了才免于挂科，上课很负责，但由于我第一个学期无心向学才导致分数很低，如果可以，还想上老师的常微分！！
68637,3248,郜传厚,2018-01-23 13:55:06,0,1,1,感人，段考期考都没及格还是给我过了，只可惜没有抢到他的常微分。
68982,3248,郜传厚,2018-01-24 07:25:52,-1,3,4,童鞋们真的要认真听啊，老师也许很松，作业很简单，但是要对自己负责
68984,3248,郜传厚,2018-01-24 07:28:31,-2,0,2,非常非常好
71850,3248,郜传厚,2018-01-29 04:32:47,2,4,2,老师给过了，十分感谢。讲课用板书，每节课都有规划的。
71925,3248,郜传厚,2018-01-29 05:49:41,2,4,2,口音有点重，蜜汁爱结（i、j），感觉像是双语教学，有点费解，但是老师讲课讲得好啊，每次放学必定全场掌声，常微分没选上老师的，有点伤心。
72872,3248,郜传厚,2018-01-31 08:27:00,0,2,2,线代对我来说就是天书，老师讲的很好，很细致，不过例题不是很多，没有郜老师可能真的要挂。
73555,3248,郜传厚,2018-02-02 03:13:34,3,4,1,感谢老师不挂之恩
74777,3248,郜传厚,2018-03-06 01:17:21,-3,0,3,讲课是有些沉闷，答疑有些懵逼，但是人非常好呀！！跟着他还是学到了不少线代的思想
74960,3248,郜传厚,2018-03-07 01:03:28,1,3,2,首先，老师上课是相当负责 即能回顾知识点，也能提醒我们认真听（然而我上课基本水手机自学）\n\n人也蛮帅，还有小肚子（捂脸\n\n可能字略。。不过看多了就有识别度了\n\n线代认真听课，认真听课，认真听课
75325,3248,郜传厚,2018-03-09 02:39:58,-1,1,2,老师棒棒哒
76296,3248,郜传厚,2018-04-02 07:20:42,0,2,2,上学期上的老师的线代，这算是我上学期听得最认真的课之一，因为老师讲得实在好。然而这学期没选上老师的常微分，伤心?
76657,3248,郜传厚,2018-05-07 07:30:11,8,13,5,给老师十分满分并且点赞，但是考试题真的…超范围我还不会。重修吧…复习感觉简单的要死，考试发现自己菜的要死，1.5划过
77207,3248,郜传厚,2018-05-03 16:44:51,2,4,2,写在出分前：鄙人数学课挂了两次了……但是因为常微分是每周两节的 所以存心想学好 自己考前也觉得是尽力局了。老师讲的真的挺好的 比书上要详细得多 建议动手记笔记。考前的复习会把整个脉络都给把一遍 虽然字不太看得懂 很踏实的数学老师了 棒
77448,3248,郜传厚,2018-05-05 15:16:20,1,5,4,郜老师是真的好 笔芯
77664,3248,郜传厚,2018-05-07 07:29:23,1,5,4,中国好老师！讲的好！！！！！
77671,3248,郜传厚,2018-05-07 08:13:30,5,7,2,过啦过啦 放烟花～～
77688,3248,郜传厚,2018-05-07 09:21:53,2,5,3,谢老师不挂之恩
77695,3248,郜传厚,2018-08-28 00:43:05,-99,2,101,4.2? 给分没有想象的好
77741,3248,郜传厚,2018-05-07 12:54:54,6,9,3,这两年都是春学期的卷子难度比预想的大 计算量不友好 但是老师人很好给10分
77745,3248,郜传厚,2018-05-21 01:26:53,-45,7,52,老师很好，就是卡绩点，差一分就满了。。呜呜
77840,3248,郜传厚,2018-05-08 05:22:32,-2,3,5,老师很好，非常细致，坚持板书，其实觉得老师的字还挺好看的，不过写得快了就会有点连笔，但是跟上节奏就不会看不懂啦，春学期卷子有点难……
78608,3248,郜传厚,2018-05-14 00:37:41,0,3,3,老师讲得认真，好好听给分还不错
80301,3248,郜传厚,2018-06-25 01:19:14,3,3,0,上课板书，没有ppt。但是看不清楚他的字，太飘逸了，每次上课都很吃力的认字
81250,3248,郜传厚,2018-07-04 12:22:13,0,4,4,没见过这么好的老师
81308,3248,郜传厚,2018-07-04 15:28:37,-1,3,4,秋冬学期线代补评，老师讲课很细致，感觉棒的，还调分|ω・）
81832,3248,郜传厚,2018-07-06 09:32:15,-20,5,25,超给力，讲课清楚，随便听绩点都能上四，老师賊六
81843,3248,郜传厚,2018-07-06 09:50:50,2,4,2,老师讲课真的好，非常后悔没有好好听了，导致期末复习的时候是自己预习的，有点吃力。上课好好听的话应该会比较轻松
81910,3248,郜传厚,2018-07-06 13:04:10,4,8,4,老师讲课没得说 但是说他给分好我是不认同的 常微分第一天考完第二天就出成绩 而且还被卡了绩点 很明显是直接把卷面分就当最终分数了(求各位大佬不要说数学课都靠自己了 会调分的老师跟不会调分的差距真的很大好吗)
82058,3248,郜传厚,2018-07-07 03:37:58,-2,6,8,夏学期的常微分，老师上课很认真，而且认真备课。但由于本来就是半学期的课又只有一学分导致有的同学不重视。其实这门课难度不是很大，态度认真点的考试也不会觉得太难。不过夏学期的考试运算量偏大。考了个很一般的分数，只有80+，主要运算偏大而且各种难算?
82161,3248,郜传厚,2018-07-07 09:42:21,1,4,3,老师讲课讲的很好，有框架也有节奏。下课如果有不懂的地方还会很耐心地解答。常微分一个学期就交三次作业。这次考炸完全是自己的锅，怪平时没有花太多时间\n\n诶。但和老师一点关系都没。
84806,3248,郜传厚,2018-07-14 02:22:12,2,4,2,上课讲得很清楚，给发也好
84879,3248,郜传厚,2018-07-14 07:12:15,-11,3,14,老师我只有79分对不起你上课上的那么好，虽然我复习地很充分刷了很多题还是分很低，对不起老师。
105732,3248,郜传厚,2019-04-19 06:26:07,52,63,11,我们至今仍未知道1学分的常微分考试究竟是春学期的难还是夏学期的难
105894,3248,郜传厚,2019-04-23 00:47:55,5,7,2,来自方道元老师班级的旁听生，郜郜老师简直就是小天使，讲课思路非常清晰，只要不走神，听懂没有太大的压力。没有对比就没有伤害啊。
106242,3248,郜传厚,2019-04-26 02:27:56,7,11,4,我已经要选夏学期常微分了\n\n我感觉我要挂了
106255,3248,郜传厚,2019-04-26 02:59:21,0,5,5,老师真的很好很好很好，但是我太菜了，也没好好复习，以为可以了 结果考试还是不行，对不起老师，老师每次讲课都那么认真的，所以在出分前来给老师打分，无关成绩，只是想说这是一个非常好的老师，如果有机会，希望以后还能听您的课。
106265,3248,郜传厚,2019-04-26 04:10:30,-3,4,7,老师上课讲的很好，但是星期五塌了节课，有的内容没有上完（但是老师就算没上完也请您给下正确的考试范围行吗?总体体验还是很好的
106412,3248,郜传厚,2019-04-27 06:39:38,10,14,4,隔壁fdy已经公示成绩了……我只想说，老师多给点分吧，自己感觉考试还是挺难的嘤嘤嘤
106814,3248,郜传厚,2019-04-30 00:55:46,8,9,1,还行，，常微分其实蛮死的，背背公式就ok
107096,3248,郜传厚,2019-05-01 14:11:19,6,8,2,感动哭了，会做的题就50分左右，其他的就默写了些公式上去，最后给了74分，绝对真实，感谢老师！
107098,3248,郜传厚,2019-05-01 14:17:06,-1,1,2,我爱你 传厚哥哥!
107099,3248,郜传厚,2019-05-01 14:21:03,4,5,1,老师真的超级好，旁听的人也很多！感觉上课思路清晰，人也很萌~老师是绝对很好的，就是我比较菜啦。
107100,3248,郜传厚,2019-05-01 14:22:48,5,7,2,郜老师真的上课讲的特别好！非常细致，也都能听得懂，常微分上课别走神，课下不用多做题，认认真真把课后练习做好，期末一定会有回报的！作为一个非常害怕数学的人，大学数学以常微分结尾真的非常圆满！
107101,3248,郜传厚,2019-05-01 14:26:15,4,5,1,太好了！！！！所有人都给我去选！！！
107106,3248,郜传厚,2019-05-01 14:55:52,1,3,2,吹爆郜爷！！
107111,3248,郜传厚,2019-05-01 16:06:52,0,2,2,很好的老师，思路清晰，上课从不拖泥带水，没有废话，非常紧凑。每节课前也都有上节课的复习，考前复习一下记记公式绝对没问题的。
107118,3248,郜传厚,2019-05-01 17:45:07,-7,1,8,阿伟死了
107120,3248,郜传厚,2019-05-03 04:15:17,-35,7,42,老师给分真好，最好总评全按期末来，平时分不看，不给那些抱着水课心态的同学活路。
107124,3248,郜传厚,2019-05-01 23:59:16,1,3,2,谢老师不杀之恩！！！
107127,3248,郜传厚,2019-05-02 00:18:56,-8,6,14,为什么我全写出来了结果最后只有85？？还卡绩？我好伤心
107128,3248,郜传厚,2019-05-02 00:28:16,3,5,2,老师很好，不过被卡绩了……
107131,3248,郜传厚,2019-05-02 01:05:26,7,10,3,一般吧。太过注重证明导致后面的课都上的很仓促
107134,3248,郜传厚,2019-05-04 06:17:54,-1,7,8,。。。
107136,3248,郜传厚,2019-05-02 01:23:19,3,4,1,老师讲课挺好的，思路清晰。大概是我自己没复习好吧，绩点不是很满意，但是不是老师的问题。希望大家不要学我，好好复习8
107141,3248,郜传厚,2019-05-02 01:58:03,4,5,1,感谢老师不挂之恩！
107175,3248,郜传厚,2019-05-02 05:29:11,2,6,4,虽然我被卡绩了 但其实就1学分 之前的同学也不要太纠结了 有这点心思苦恼不如多学学c程 上学期被c搞死
107181,3248,郜传厚,2019-05-02 05:59:24,0,3,3,老师讲课挺好的，可惜我到后面没有认真听，三天突击最后绩点还挺惊喜的，谢谢老师！
107186,3248,郜传厚,2019-05-02 06:48:18,-31,3,34,给分极其好，期末三道没做出4.5
107193,3248,郜传厚,2019-05-02 07:44:12,0,3,3,谢不挂之恩
107197,3248,郜传厚,2019-05-02 07:56:45,46,56,10,注意几点，送我上去：\n\n1.老师不用PPT和投影，只用黑板手写，西区的大教室很暗，后面啥也看不见。不过无所谓，即使不看跟着他的思路走也没问题。我就是每节课最后一排。\n\n2.期末考试最后一道是10分的证明题，只把矩阵写出来了，很难受。记得复习证明题。\n\n3.刘维尔公式特解猜解很恶心，这次考试是不常规的一个特解，一定要小心！\n\n4.其他题计算量很大很大！但是思考起来不难。
107205,3248,郜传厚,2019-05-02 08:21:19,0,4,4,老师很好 就是太注重理论了 解方程教的不多 4.2 就这样吧
107302,3248,郜传厚,2019-05-03 08:32:04,0,3,3,感谢老师不挂之恩！
107350,3248,郜传厚,2019-05-04 06:38:27,-13,9,22,最后不调分 考多少给多少 差评
107411,3248,郜传厚,2019-05-05 03:06:54,-49,3,52,4.8 94卡?
108700,3248,郜传厚,2019-05-31 10:42:57,-1,1,2,板书好评\n\n
109880,3248,郜传厚,2019-06-20 03:43:56,0,2,2,老师真的很认真！春学期的八次课被冲掉一次，老师还是讲完了内容！！感人！！讲得很好！！给分也很好！！
111158,3248,郜传厚,2019-06-30 06:04:03,1,4,3,板书较潦草。
111443,3248,郜传厚,2019-07-01 13:51:21,4,5,1,老师上课挺好的，但成绩好像主要就是考试，所以要好好复习鸭
112563,3248,郜传厚,2019-07-04 17:47:04,2,9,7,上课一般般，非常重视证明，不太重视计算，对考试有些不利。讲课中规中矩，容易让人发困。常微分这门课更多靠自己，好好背公式期末考好一切没问题，我就常微分复习得不充分，绩点只有3.3，历史最低绩点给了一门数学课……
112598,3248,郜传厚,2019-07-04 22:06:52,5,6,1,老师上课不用PPT，但是我听过最思路清晰的数学课，前后的逻辑也很连贯，认真听成绩一定不错而且会很有收获。感谢郜老师的指导，为郜老师笔芯。
112612,3248,郜传厚,2019-07-04 22:33:03,3,4,1,老师上课很稳，几乎所有知识信手拈来。我上课做了笔记，每节课后自己做书后习题，考试成绩还好
112648,3248,郜传厚,2019-07-04 23:38:12,5,5,0,很耐心的老师！真的很赞
112704,3248,郜传厚,2019-07-05 00:51:47,2,4,2,老师挺好的！除了第二章的证明听得比较枯燥，给分挺好的
112740,3248,郜传厚,2019-07-05 01:52:10,2,3,1,老师不强求收作业，还是两周一收。讲课十分生动，数学再烂的人都能听懂，很体谅学生。给分很好。
112882,3248,郜传厚,2019-07-05 08:36:13,7,8,1,师强我渣系列
113023,3248,郜传厚,2019-07-05 17:54:01,-4,1,5,常微分，教的很好，重视定理的证明过程，作业不多，交的次数也少，最后给分也不错，我一个晚上补天最后上3了
113223,3248,郜传厚,2019-07-06 02:10:20,-6,4,10,还行吧，听完课只会解方程，别的啥也不会，但是满了，方程不解错就行
113814,3248,郜传厚,2019-07-07 17:04:00,8,8,0,学的常微分。老师的课是我大一听数学课听的感受最好的了，讲课水平挺好的，课上主要在讲方法和定理的推导，题目讲的不是很多。建议课前先大概看看书，考前还是好好学，别因为课简单就轻视了。
114588,3248,郜传厚,2019-07-10 23:14:55,11,14,3,上课没得说。但是给分好是真的不敢恭维，常微分好像没有平时分吧
114845,3248,郜传厚,2019-07-12 03:10:25,1,4,3,好老师！
125533,3248,郜传厚,2020-09-11 04:30:42,-6,3,9,好老师o(^o^)o给分合理
128974,3248,郜传厚,2020-12-27 14:47:13,-59,18,77,95，满绩了，好耶！（踩我的人，他急了他急了）
128975,3248,郜传厚,2020-12-27 14:47:14,-80,5,85,99分卡绩了难受😭
128976,3248,郜传厚,2020-12-27 14:49:16,-27,5,32,考试很容易啊，轻松100分
128979,3248,郜传厚,2020-12-27 14:55:49,-32,9,41,不会吧，不会吧，不会真的有人觉得95分是高分吧
135228,3248,郜传厚,2021-05-06 08:34:13,-83,3,86,99分被卡了
135408,3248,郜传厚,2021-05-10 02:54:49,3,4,1,老师讲的很仔细，很认真，最后也好能捞啊，真的太棒了
135416,3248,郜传厚,2021-05-10 04:18:01,-10,7,17,期末98 来答谢啦！
135417,3248,郜传厚,2021-05-10 04:39:41,3,5,2,讲课很好，建议大家学了线代再上常微分，不然听起来有一点吃力。非常感谢老师海底捞❤️
135454,3248,郜传厚,2021-05-11 02:38:04,-78,4,82,好老师，就是不知道为什么卷子全写出来了，总评莫名其妙给我扣2分
135488,3248,郜传厚,2021-05-11 10:26:39,2,3,1,大意了没有闪
138271,3248,郜传厚,2021-07-08 09:17:55,-179,12,191,无语了，只有97分，明明都写出来了。
138272,3248,郜传厚,2021-07-08 09:26:09,25,47,22,提前一小时写完试卷\n\n最后轻松100回来报恩
138281,3248,郜传厚,2021-07-08 10:20:06,1,3,2,常微分感觉给分很好 讲课也很细致 上课用板书且思路清晰  是个很棒的老师
148871,3248,郜传厚,2022-01-14 00:25:37,10,12,2,郜老师您就是我们的大爹，我代表全体海底捞同学给您砰砰磕头了
148986,3248,郜传厚,2022-01-14 06:00:32,0,2,2,上课全靠板书，想听课务必坐前排。讲课水平不错，平时给分也比较好。
150253,3248,郜传厚,2022-01-21 03:13:13,3,5,2,老师是吃捞王长大的吗\n\n人太好了\n\n讲课也清晰
152413,3248,郜传厚,2022-04-09 13:22:10,10,11,1,为什么总是超前布置作业，不会。。。
153008,3248,郜传厚,2022-04-23 13:37:48,-43,8,51,老师上的课很好，讲得很仔细，在教务网上给老师打了5.0，没想到老师最后也给了我5.0，开心！！
153009,3248,郜传厚,2022-04-23 13:39:49,8,11,3,老师讲得很好，但是真的有捞人吗🥲
153010,3248,郜传厚,2022-04-23 14:11:42,4,4,0,好老师呜呜呜
153027,3248,郜传厚,2022-04-24 01:40:58,-12,3,15,很能捞 期末考试炸掉了还能上八十
153030,3248,郜传厚,2022-04-24 03:11:21,-2,2,4,好老师(´｡✪ω✪｡｀)
153031,3248,郜传厚,2022-04-24 03:41:15,-1,2,3,好老师，思路清晰，完全不用讲稿直接讲的，要认真听好好学哦
153337,3248,郜传厚,2022-04-28 08:11:40,0,2,2,谢谢郜爸
153676,3248,郜传厚,2022-05-21 06:32:09,1,6,5,讲得好，给分好，不点名
156182,3248,郜传厚,2022-06-18 05:26:27,4,7,3,刚考完试，表示老师很好，讲的挺细，也能跟上，但是平时只做留的作业的话还是不够用的，考试题要灵活很多，因此考试炸裂，求求捞我起来，别挂就行，别挂就行。
157587,3248,郜传厚,2022-06-24 02:25:56,2,5,3,讲课好，思路清晰，给分也好，不点名，人又帅气又可爱
157592,3248,郜传厚,2022-06-24 01:41:41,6,9,3,老师很好，思路特别清晰，板书略有潦草但还是能看懂，就是总评卡绩有点难受。。
157610,3248,郜传厚,2022-06-24 03:10:42,14,20,6,给分好像不太好
164652,3248,郜传厚,2022-12-22 14:14:58,-1,2,3,very good
168630,3248,郜传厚,2023-02-20 12:13:50,0,3,3,给老师上香，希望老师捞捞我
168879,3248,郜传厚,2023-02-23 08:12:42,10,12,2,线代甲，不点名，作业两周交一次。老师人很好，很可爱，讲的比较细致，就是板书实在难以辨认。xmm助教很漂亮很负责，人很好。但是问了期中期末分数发现最后给分真的一点没捞。就是把期中期末mooc的分扣掉剩多少是多少
172214,3248,郜传厚,2023-04-22 11:49:19,4,5,1,很温柔的老师，目前为止上过最开心的课就是郜老师的常微分方程
172582,3248,郜传厚,2023-05-01 01:58:24,2,5,3,板书有点抽象
172788,3248,郜传厚,2023-05-07 05:28:14,1,2,1,上课的东西都没讲完，考试还考了，真的哭了
173068,3248,郜传厚,2023-05-12 08:52:48,0,1,1,常微分方程，不点名，期末50，作业30，小测20。我小测有一道化为全微分的没化出，但我总平时分好像就是扣了两分，只能说老师会宽松的给小测和作业分，但宽松给完平时分后算总评还是求是的，卡绩是不调的。\n\n另外老师上课手写板书，态度认真负责。1学分常微分本身公式背熟考试也不难，老师讲课也很好。
173069,3248,郜传厚,2023-05-12 09:26:38,1,2,1,老师ode讲的真的很好，但是前面讲的时间比较长，导致后面讲的比较仓促，建议最后几节课听别的老师的网课。
173071,3248,郜传厚,2023-05-12 10:06:13,1,2,1,一直很喜欢自己写板书的老师，因为他们思路都很清晰。郜老师每次课还会花几分钟复习上次课讲的内容，不用担心忘记上节课的知识导致这节课跟不上的情况，真的狠狠戳中我的点了。另外，板书潦草的，一直跟着老师思路不存在理解不了的问题。只能说，满分老师，满分助教(虽然无缘见面，但是很少敬业很客气，给分好)。快来选吧!
173077,3248,郜传厚,2023-05-12 12:01:00,-3,1,4,好多题没写出来都捞起来了，老师真的很好
173079,3248,郜传厚,2023-05-12 13:07:55,-1,1,2,讲课非常细致，思路也很清晰，按照他期末总结的题型去复习，结果不会太差
173099,3248,郜传厚,2023-05-13 10:56:47,-2,1,3,虽然卡绩，但课好没得说
173144,3248,郜传厚,2023-05-14 10:56:37,7,10,3,不太行（个人认为\n\n纯板书，板书难认，有一定影响（有些字不开声音听真认不出，挺草书的行书都不够\n\n作业和讲课略有脱节，群里也有人向助教提出这次还没学到哪里哪里。小测不反馈\n\n\n\n自学大佬忽略这一条吧
177453,3248,郜传厚,2023-07-03 10:03:13,-1,2,3,真不太行感觉，助教啥都不回复，老师课也……还行，但助教真的无语，老师不捞很求是，但你两节课小测难度差别那么大？？？真nm不理解
177455,3248,郜传厚,2023-07-03 10:04:18,3,5,2,不点名\n\n板书有点难认\n\n卡绩\n\n慎选
178521,3248,郜传厚,2023-07-13 09:30:23,0,1,1,不点名，期末考多少分就是多少分，个人感觉作业交了就有满分，教学大纲上写小测是赋分制，20分两分一档，我小测四道题有一道不怎么会随便写了一点最后平时分扣了2分，也因此不幸卡绩。只能说平时分给的不错但总体求是，另外板书是潦草的，不过在前排然后专注一点也能看清，且ode主要也是背公式，推导没听太懂不影响大局。
178979,3248,郜传厚,2023-08-11 03:43:49,2,4,2,88/4.2选手分享一学分常微分经验\n\n老师是纯板书的\n\n会在每一节课都复习上一节的所有内容\n\n不点名\n\n只去过小测和最后一节\n\n平时都是智云1.25倍数（省时间＋周五全天假哈哈）\n\n个人很喜欢老师纯手写推导的过程\n\n并不是很枯燥的推导\n\n讲课没得说\n\n自己纯花智云课堂时间\n\n考试周复习了两个小时，知识基本掌握了\n\n最后就是\n\n期末考试最后一道证明题没做出来\n\n小测90分\n\n如各位同学一致评价——\n\n卡分，不调\n\n另外，助教会答疑呀
188606,3248,郜传厚,2024-01-19 11:16:16,4,6,2,温柔 细致 谦卑 很有魅力的老师！
188886,3248,郜传厚,2024-01-20 11:12:56,2,4,2,10分给助教和老师！
191546,3248,郜传厚,2024-04-24 13:23:13,9,9,0,ode 只捞及格不捞卡绩 10分因为我被捞及格了
191547,3248,郜传厚,2024-04-24 13:31:26,14,16,2,老师讲得很好，但考试试卷真的史一样难，而且期末成绩考多少就是多少，一点不调分数。上课很认真听，教的方法也都熟练掌握了，但考试根本用不上，属于教考分离的典范。如果报了这位老师的常微分，建议对这门课的成绩别抱多高期望。
191548,3248,郜传厚,2024-04-24 13:32:04,6,8,2,讲课用板书，建议大家都去买一个高倍瞄准镜，期末一分不捞（今年卷子难的和屎一样），给分求是，是个不错的好老师哦！
191555,3248,郜传厚,2024-04-24 23:07:04,6,7,1,给分巨差
191557,3248,郜传厚,2024-04-25 01:22:17,7,7,0,常微分，不点名，纯板书，但智云上也看的清楚，郜老师讲的真的很清晰，很好的老师，常微分学起来压力也不算大，但最后是真不调分 ，有点子难受。
191564,3248,郜传厚,2024-04-25 05:27:21,12,15,3,常微分，不点名，无ppt纯板书，讲的还行。今年难出天际，但完全不捞。上课讲的难度跟考试完全是两回事，教考分离的典范。\n\n期末一定多看往年卷感受一下，最好课外再学一点，因为只有半学期，不同教学班上课内容差距其实很大。
191572,3248,郜传厚,2024-04-25 07:18:00,3,4,1,老师很好，平时很优雅讲得也很清晰，但是今年试卷好难最后不调分，给分比较求是，但是真的很喜欢上老师的课qwq
191617,3248,郜传厚,2024-04-26 02:15:55,8,8,0,郜老师认真负责，讲课清晰、耐心答疑、作业题量合理；然则考试对数学能力之要求较高，比课堂内容之难度“更上一层楼”，给分比较“求是”。
191762,3248,郜传厚,2024-04-30 01:34:21,3,9,6,绩杀，run
192101,3248,郜传厚,2024-05-09 06:09:29,5,8,3,ode上课从不点名，只有小测一节去了，其他都智云。老师讲的很清楚明白，不用花其他时间即可掌握，就是进度略显拖沓，总之非常不错，最后也会总结知识，助教会答疑，最后满了，感谢老师和助教！
193959,3248,郜传厚,2024-06-23 21:40:50,-5,4,9,教考分离严重，板书靠智云基本看不明白\n\n最后给分也比较一般，中规中矩吧
194346,3248,郜传厚,2024-06-23 09:49:29,-2,3,5,老师我爱你，没有您我就要挂科了
194352,3248,郜传厚,2024-06-23 10:30:44,1,1,0,不点名。老师上课思路挺清晰的，但是要一直跟着听，因为板书有点抽象。期末考感觉基本上学的方法都用了。
194361,3248,郜传厚,2024-07-07 13:16:01,-94,10,104,100分有手就行
194381,3248,郜传厚,2024-06-23 13:10:05,0,1,1,不点名，一次没点，期末估分80，总评87，平时分加期中扣三分也能接受吧。但回消息挺慢，打个9分吧。
194495,3248,郜传厚,2024-06-24 07:23:27,-30,3,33,纯自学 4.5
195190,3248,郜传厚,2024-06-27 05:57:13,2,6,4,老师教的很用心，但感觉很多问题没解释清楚。我后来把ljy的网课重新听了一遍后感觉茅塞顿开。给分嘛，就别抱什么期望了，出了名的求是。春学期考试巨难的情况下一份不调。
198581,3248,郜传厚,2024-09-10 05:13:56,4,10,6,讲的思路清晰细致认真，说跟不上的绝对是没认真听讲，线性代数高中没接触过趋势对一些学生会比较难，但是只要自己课下努力没有学不会的。喜欢这种兢兢业业稍微传统一些的老师，课下答疑的时候思路转的很快，很年轻，很有干劲，而且下课时间卡的很好，即使没讲完也不拖堂，很钦佩这样有原则有实力的老师！
200193,3248,郜传厚,2024-10-15 00:21:45,3,4,1,耶耶耶
205322,3248,郜传厚,2024-12-04 10:09:51,0,1,1,真的郜神
206980,3248,郜传厚,2024-12-19 02:23:40,-2,1,3,顶级线代老师
207472,3248,郜传厚,2024-12-22 06:50:50,-1,2,3,老师讲课真的细致，建议选。不过线代这种课还是需要自己好好复习练习，听完不会做题还是挺正常的。
207816,3248,郜传厚,2024-12-24 11:25:12,2,2,0,老师上课手写版书 有时候容易跟不上 但是线代这门课实际上理解了就会大半了 提前学一点就能比较好地掌握 郜老师上课一开始还会带大家复习 挺不错的 人品没得说 会耐心解答问题 还会问你“过来了吗” 钉钉也会回复 相比于大部分的老师来讲算快了 助教备课也挺认真的 放心选
207923,3248,郜传厚,2024-12-25 03:26:51,1,3,2,从不点名。作业极少。上课非常细致。助教也很棒。10分
208130,3248,郜传厚,2024-12-26 01:11:41,3,4,1,老师非常好，但线代我是真写不来啊啊啊啊啊
208203,3248,郜传厚,2025-01-16 12:06:50,10,19,9,绩点稀烂，和微积分天壤之别，建议别选。上课就是对着课本顺序讲下来，几乎没有教你怎么做题，小测期末都稀烂，自学选手可选，需要老师带路的快点逃跑。还卡绩真是麻了 \n\n以及，上面那个让别人菜就多练的sb有没有想过，老师如果教和不教没有区别为什么我要给老师高分，你最好自己永远100分有手就行，nt东西
209961,3248,郜传厚,2025-01-07 14:41:49,0,3,3,老师十分有水平，助教也人都很好，讲解也很挺细心的，虽然我是真觉得难学。小测的话分也不出感觉是在捞人，这个还蛮人性化的，而且作业感觉也不多，给个10分助力一下
210519,3248,郜传厚,2025-01-09 09:55:24,5,8,3,郜老师神中神无需多言！！！给分很捞！助教gg也都很好！！！原来以为自己要挂了…已经在感恩了…再造父母！！！
210928,3248,郜传厚,2025-01-10 07:42:49,1,6,5,虽然我期末考试都不太会做，但老师给我捞起来了，伟大无需多言
210930,3248,郜传厚,2025-01-10 07:49:15,1,5,4,郜老师神中之神，海底捞之王，上课清晰，助教给分真的好
210932,3248,郜传厚,2025-01-10 07:57:22,10,12,2,给个8分好了。课程基本上是讲基础，好处是把基本原理推导过程讲清楚了，坏处是对做题基本没什么帮助。给分感觉很求是，线代期末统一改卷好像不给过程分，平时小测是赋分的但没有公布，感觉被绩杀了。
210934,3248,郜传厚,2025-01-10 08:01:45,4,6,2,不点名，作业少，讲课很清晰而且给分特别好！！
210935,3248,郜传厚,2025-01-10 08:02:24,2,5,3,郜爹海底捞，大爱郜神！三分天注定，七分靠打拼，剩下九十分看郜神qwq
210939,3248,郜传厚,2025-01-10 08:13:31,2,6,4,上课从不点名 习题课也没有点名 可以放心翘 一共两次小测，会有一次难度比较大但是都是赋分\n\n上课也没怎么听 都是靠自习 看结果老师应该挺捞的
210947,3248,郜传厚,2025-01-10 08:37:18,1,6,5,郜老师真的超好呀！助教也很好！每次习题课都会讲很多有用的东西。期末考试有一点点难，但是感觉真的被狠狠捞了。最后拿了4.8，真的已经很满意了！
210948,3248,郜传厚,2025-01-10 08:34:48,-1,3,4,超级好的老师 讲课很有水平有体系 虽然三节连堂会很累 有点听不懂 但是是自己水平的问题 给分特别好 绝对是捞了 本来以为三点几的绩点居然上了4 选到不亏～
210953,3248,郜传厚,2025-01-10 08:32:31,6,6,0,被卡绩了很难过
210955,3248,郜传厚,2025-01-10 08:47:26,4,7,3,卡绩，我的一生之敌。上课就是把书上的东西复述一遍，线代基本靠自学。讲得不好还卡绩，我真的找不出夸他的理由。
210962,3248,郜传厚,2025-01-10 08:46:34,1,3,2,整個學期都沒聽懂 出分還有7開頭\n\n感謝郜老師不殺之恩TAT
210970,3248,郜传厚,2025-01-10 08:56:30,0,3,3,大爱gch老师！
210974,3248,郜传厚,2025-01-10 09:06:10,-4,1,5,老师太能捞了^ω^\n\n我都以为我要挂科了，，Ծ^Ծ，，\n\n没错，我现在什么都不会\n\n放假了我一定好好补
211010,3248,郜传厚,2025-01-10 10:26:03,2,6,4,出分了来感谢郜老师一波🌹🌹🌹\n\n线代这么课概念确实好多好杂，老师讲课非常清楚，只要你跟着听就应该能大部分听懂，听完老师的课再过一遍课本，就感觉老师就相当于把课本完完整整地带你预习了一遍，再去理解课本上的内容会方便很多🤗那么问题也在于课程要求交的内容太多了，对题目的讲解不够，所以需要大家自己多看课本上的例题，这样才能应付考试。老师上课还蛮幽默的，而且从来不点名，可以自己听智云课堂自己安排时间。\n\n期末感觉老师肯定还是捞了一把的，一开始听说他给分很求是还有点慌。出分了，感觉给分挺好的，老师期末也在群里发一个笑脸很可爱，总之感谢郜老师🌹🌹🌹
211054,3248,郜传厚,2025-01-10 12:21:58,0,3,3,线代期末考都不太会做也被捞起来了，郜爹神中神！！！
211061,3248,郜传厚,2025-01-10 12:33:32,-1,2,3,感觉老师讲课比较注重推导之类的，不怎么讲例题，就会比较抽象（当然也有可能是我比较菜(ಥ﹏ಥ)）当然老师讲得还是很好滴（建议像我一样抽象思维比较弱的同学在听讲之余可以看看书上的例题辅助理解）老师给分应该说中规中矩，感觉没有很捞但给分还可以，感谢老师的辛苦付出～结课快乐⁽⁽ଘ( ˊᵕˋ )ଓ⁾⁾
211076,3248,郜传厚,2025-01-10 13:43:28,0,3,3,【线代】老师从来不点名，看到教室里只有一半人也只是说一下。两位助教都非常负责。因为课容量比较大，上课只来得及讲书上的知识和证明，不是很注重题目的讲解。本文科生都能被捞到3.9，感谢老师和助教的捞捞。
211082,3248,郜传厚,2025-01-12 06:06:44,5,6,1,不点名，作业还行，上课讲的也还好，能听懂，挺基础的，不过难题不会做，期末挺难的就不会了，最后给分感觉也就那样子，小测题个人感觉挺难的，诶
211091,3248,郜传厚,2025-01-10 15:01:25,3,4,1,被卡绩了呜呜呜
211261,3248,郜传厚,2025-01-11 05:43:42,0,5,5,谁说这老师卡绩的 这老师太棒了👏👏
211283,3248,郜传厚,2025-01-11 06:21:17,-1,4,5,满绩还愿，楼上说的教考分离确实存在，课时限制也没办法渗透课本以外的东西，所以课下自学那些小结论显得尤为重要，课本脉络掌握清晰是重点，线代体系比较复杂，很多人学到期末了就忘掉前面学过什么，对着课本或笔记完整看一遍能解决问题，我是记了本电子笔记把定义全截图下来配上关键词概括和易错点梳理，功能性是关键，比课本薄但内容覆盖多，学解那本书挺不错常用结论都覆盖了基本，再刷多几套历年卷其实就可以啊
211490,3248,郜传厚,2025-01-11 15:51:39,2,3,1,24秋冬 线代甲\n\n分数构成：作业20%+小测两次20%+MOOC10%+期末50%\n\n郜老师上课不用ppt，完全靠板书，上课基本是把书上基础知识讲一遍，概念、定理都会详细解释，个人觉得他讲基础知识还是讲得非常不错的，我以前没学过线代在不预习的情况下也能一遍听明白。\n\n最大的问题是郜老师平时完全不讲习题，考前最后一两节课会将一部分书上的习题和历年卷里的题，但能明显感觉到他讲习题是没有讲知识点讲得好的，或许是平时讲题做题比较少生疏了\n\n小测在习题课上进行，全是大题，是赋分，考后不会公布分数；作业一般交了就给满分\n\n习题课两位助教都讲得非常棒，尤其是jrl助教，感觉他讲习题讲得特别好，课后答疑也很到位。\n\n给分个人感觉还不错？我期末考最后两道大题几乎全没做出来，最后绩点还可以
212937,3248,郜传厚,2025-01-29 14:45:24,-18,5,23,线代认真学了满绩真不难吧，老师讲的都挺好，考不起来也只能怪自己。常微分做好心理准备，期末考除了证明题一点过程分都没有，然后小测因为小测很简单，一大堆人满分，所以会倒赋，4倒大题，满分20错一道原始分考15会赋成12
214129,3248,郜传厚,2025-01-25 03:17:03,4,5,1,老师很好，但也确实求是，我两次小测稀烂，即使最后期末发挥很好绩点也不算理想（当然这是我自己平时摆烂的缘故）不过自学能力不强，对小测没有把握的人还是慎选
214242,3248,郜传厚,2025-01-30 16:32:42,0,3,3,有人说教考分离，老师几乎没有教我们如何做题是事实，但老师也说过“理解线性代数的知识体系和逻辑框架，比会做题更重要”，我觉得这更符合大学的教学模式，而不是高中那样的应试型教育，况且想要会做题，可以自己下来刷。综合下来我认为老师是很不错的
221100,3248,郜传厚,2025-06-21 08:44:02,-1,0,1,常微分方程，老师上课非常认真，上课是用板书的，不过板书字很大，坐在后排也可以看见。中间有一次小测非常简单，可以看出来老师教学经验是很丰富的，讲课水平也还好，唯一略有不足的可能是教考分离，所以可能需要自己在课下仔细阅读教材，做例题来补充相关做题技巧。助教学长也很好，钉钉上问他的题目都可以及时解答。\n\n总而言之，郜老师是一位非常认真负责的老师，10分！
221113,3248,郜传厚,2025-06-21 09:33:52,1,1,0,不点名，板书，给分求是
221140,3248,郜传厚,2025-06-21 12:15:35,-2,0,2,老师常微分讲的很好，但给分好求是…
221147,3248,郜传厚,2025-06-21 13:21:51,0,1,1,ode：郜老师讲课真的超级好，听过其他老师的智云，但个人感觉郜老师是ode讲的最好的一位，讲课逻辑清晰，重点突出。完全不点名，小测是xzzd线上提交(其实也可以不去...但不太好)。缺点是课上例题讲的比较简单基础，但布置的作业难度完美弥补了这点，有些时候会超前布置作业(应该是老师一直存在的一个小问题了)，不过这样貌似也可以间接督促本懒狗预习一下QAQ，好坏也就见仁见智吧。郜老师求是，不怎么捞，但考的不好是我的问题，而不是老师的问题。且ode这门课本身较为抽象，教考分离比较严重，尤其这次夏学期可以感觉到考试题目越来越活，但单纯解微分方程的题目套路也越来越明显了(拟合历年卷可以完全覆盖)，证明题难度略大，夏学期有一道证明题比较吃微积分基础(多元微分t次齐次函数的性质)。
221153,3248,郜传厚,2025-06-21 13:49:44,-1,0,1,老师上课比较好的，最后一节课也会总结考试的内容\n\n不过十分求是，看到了一个全是卡绩的评论区（或许也和幸存者偏差有关）
221167,3248,郜传厚,2025-06-21 15:58:03,-1,0,1,讲课讲的非常好，不点名，中间小测我这个班很难（我期末一个小时做完了小测做的很吃力），另一个班很简单，小测赋分，板书，有点糊，求是不捞最后卡了94
221237,3248,郜传厚,2025-06-22 06:45:39,-2,0,2,小测错一道，期末错一道，拿了3.9，不是很懂哦😲 老师讲课还可以，可能是我太菜了。
16664,3542,汪国昭,2016-01-18 16:29:27,6,7,1,自学吧
16729,3542,汪国昭,2016-01-19 01:11:30,3,3,0,一个老爷爷
17357,3542,汪国昭,2016-01-20 05:40:39,1,2,1,讲的比较慢比较细致，有时候会突然很萌
17497,3542,汪国昭,2016-01-20 10:10:07,3,3,0,老爷爷还是挺好的，就是好像不太听得懂。。。
17559,3542,汪国昭,2016-01-20 11:59:18,0,2,2,是个很可爱很萌的老爷爷，就是上课不太听得懂，我们是秋学期以后老师有事情所以他来接的课，感觉他棒棒的
17653,3542,汪国昭,2016-01-20 14:43:14,1,1,0,听不懂
17734,3542,汪国昭,2016-01-20 22:39:03,4,4,0,老爷爷讲的很清楚，基本都是提前了半个小时来准备，就是有些时候想表达的和写出来的不一样....不过超可爱的\n\n
17751,3542,汪国昭,2016-01-21 00:01:40,2,2,0,老师上课真的超级认真  每次上课都来得很早。
17754,3542,汪国昭,2016-01-21 00:07:05,1,1,0,老师很认真 每次都提前到 \n\n
17780,3542,汪国昭,2016-01-21 01:17:54,2,2,0,老爷爷很萌……可是听不懂啊…有时候会写错 心疼
18063,3542,汪国昭,2016-01-21 07:16:24,0,0,0,很认真的老师，讲数学很注重思维
18410,3542,汪国昭,2016-01-21 14:43:52,2,2,0,我挂了，泪飙
20870,3542,汪国昭,2016-02-02 18:17:30,2,2,0,大自然的搬运工，声音难听，给分不好，不要选
21287,3542,汪国昭,2016-02-28 03:09:58,0,0,0,满绩节奏
21614,3542,汪国昭,2016-02-29 10:32:49,1,1,0,嗯... 很萌很认真的老爷爷 就是听不懂
25753,3542,汪国昭,2016-06-06 12:29:54,0,0,0,负责又可爱
60325,3542,汪国昭,2017-10-17 10:46:25,0,0,0,汪老师是梁友栋先生的学生，梁友栋是苏步青先生的学生，同学们呐，好好珍惜吧，你们都成苏步青的“徒曾孙”了。
25934,3669,杨利平,2016-06-29 11:28:04,21,27,6,？？？
32961,3669,杨利平,2019-03-04 07:16:09,-57,13,70,和蔼可亲！有事找老师帮忙都很乐于提供帮助！
47665,3669,杨利平,2017-02-15 08:23:06,15,20,5,叽叽歪歪
48193,3669,杨利平,2017-03-01 06:45:47,10,16,6,不想说脏话。
51393,3669,杨利平,2017-06-04 10:41:29,15,19,4,深水老太婆
51419,3669,杨利平,2017-06-05 08:33:51,12,14,2,看到评分和评论我就放心了
54121,3669,杨利平,2017-06-28 13:38:35,15,20,5,野蛮无理?
57908,3669,杨利平,2017-07-17 09:35:51,14,18,4,深井冰
57979,3669,杨利平,2017-07-19 09:44:58,8,11,3,什么鬼？？
58522,3669,杨利平,2017-09-21 16:21:29,7,10,3,友善度
59754,3669,杨利平,2017-09-26 18:15:47,13,16,3,深受其害
59997,3669,杨利平,2017-09-30 12:59:59,24,27,3,数院特色之唧唧歪歪杨老师，，，
64669,3669,杨利平,2017-12-26 08:06:35,10,11,1,怎么没有零分
65856,3669,杨利平,2018-01-18 11:41:27,14,16,2,阻止学生学习
65876,3669,杨利平,2018-01-10 00:42:13,13,17,4,以为难学生为准则管理选课
70840,3669,杨利平,2018-01-27 15:24:01,11,14,3,我是新来的，请问直接喷还是走流程
73720,3669,杨利平,2018-02-03 03:09:52,12,13,1,为什么称呼她老师？？\n\n
75418,3669,杨利平,2018-03-11 12:26:37,7,10,3,看到评论我就不自我怀疑了
79793,3669,杨利平,2018-06-13 15:38:30,8,10,2,真的很震撼数学系有这样迷的老师 怀疑人生 院弱我弱
79859,3669,杨利平,2018-06-14 11:49:59,11,16,5,真的想骂死这个选课老师，不走流程直接喷。根据自己的判断影响学生的选择，明明有余量偏偏各种为难学生。希望后面的同学一定坚定自己的想法，别被她搞了
85428,3669,杨利平,2018-07-17 17:40:01,22,24,2,她骗我，骗我说数学软件这门课很水的，所以我只能给她1分
102756,3669,杨利平,2019-02-22 10:06:51,-5,9,14,老师人超nice，很和蔼，超级负责
102757,3669,杨利平,2019-02-22 10:07:50,-7,6,13,超奈斯
103546,3669,杨利平,2019-03-01 03:13:06,32,35,3,大家要是被杨利平刁难，就去找分管教学的副院长盛为民老师，他会帮你解决的，官大一级压死人！
103683,3669,杨利平,2019-03-04 07:15:26,3,6,3,选课故意为难学生很有意思吗？？？
108877,3669,杨利平,2019-06-03 12:49:53,7,10,3,一己之力拉低我对数院的情感
109170,3669,杨利平,2019-06-11 03:42:29,-7,8,15,作为一名数院学子，我只想说: 我永远喜欢杨利平(.jpg)
122794,3669,杨利平,2020-04-07 13:16:54,-21,22,43,傻逼老太婆，老子鸡巴塞你嘴里，把你的逼给射遍
126495,3669,杨利平,2020-09-28 09:01:22,10,13,3,西2-406
129427,3669,杨利平,2021-01-05 08:07:47,15,16,1,疯了一样的老太婆，大家千万别听她跟你逼逼什么，坚持自己的诉求不放松！！
133730,3669,杨利平,2021-03-04 09:07:01,4,8,4,不明白这个老师是经受过多大的恶意要这么为难学生？？？说的话还有这么大恶意？？？
145754,3669,杨利平,2022-01-01 11:41:27,-5,6,11,杨老师人很好啊。。。。
156552,3669,杨利平,2022-06-20 08:52:18,-5,5,10,不至于这么大恶意吧，我也去补选课了，先看了查老师的评论，怀着极其忐忑不安的心情，结果人老师不到一分钟就给我办好了，也没对我怎么说教啊，而且还有个小插曲，我办事的时候又进来个大概是她学生的人，她还细致地告诉了别人去哪做核酸，因为那学生估计刚从玉泉来，还问他有没有校车票，这样看来老师也不至于受这么大的怨气吧。～
158015,3669,杨利平,2022-06-26 08:09:38,5,8,3,卧槽了这几把他妈的我日
159048,3669,杨利平,2022-07-05 06:55:23,4,6,2,总是刁难学生颐指气使，无语！
171306,3669,杨利平,2023-03-21 08:44:56,9,11,2,行政服务人员要牢固树立为学生服务的意识，而不是像这种货色一样回避问题，大摆脸色
173382,3669,杨利平,2023-05-22 11:31:48,3,8,5,臭婊子
174590,3669,杨利平,2023-06-14 10:03:00,0,3,3,sjb
174746,3669,杨利平,2023-06-16 13:48:57,8,11,3,老太婆怎么还不退休啊
174939,3669,杨利平,2023-06-20 07:21:09,-13,1,14,老师特别温柔，特别和蔼可亲。
175403,3669,杨利平,2023-06-24 15:12:44,1,2,1,无语。。。
179417,3669,杨利平,2023-09-15 03:29:58,6,6,0,装nm装呢？sb东西
180893,3669,杨利平,2023-09-28 01:56:54,3,7,4,对男生态度挺好的，对女生非常刁难，找各种事儿指责人，很没素质，不像个老师，像骂街妇女，是有点大病在身上的。去找她的提前做好准备，她人挺sb的
181731,3669,杨利平,2023-10-30 06:04:49,-12,5,17,打过交道，人很好很友善好相处
184429,3669,杨利平,2023-12-19 13:00:57,7,13,6,哈批玩意，数竞之后有人调侃一句“数院感谢你的捐款”，它就破防了“这钱都给数学会，跟数院没关系，我是打工的，你说话负点责任”，然后没多久直接解散数竞群，过一段时间估计是忘了没公布成绩，又把将近一千个人拉了群回来，在学生询问拉群目的时，它啥回应也没有然后直接禁言了，傻鸟玩意
186166,3669,杨利平,2024-01-09 06:46:31,13,13,0,只能说，楼上骂的好。
190694,3669,杨利平,2024-03-18 02:35:26,9,11,2,以刁难学生为乐，死老太婆赶紧进棺材吧😇
198215,3669,杨利平,2024-09-05 07:21:15,-8,3,11,对新生选课有很好的建议 也很热情❤️\n\n不过今年9月就退休了
214907,3669,杨利平,2025-02-19 04:24:29,0,0,0,。。。
217051,3669,杨利平,2025-04-01 02:25:20,2,2,0,恭喜退休！
16666,3671,蔡云,2019-07-13 12:38:12,135,155,20,好老师，的确
17496,3671,蔡云,2017-01-04 05:26:29,33,43,10,好好好好好，虽然后来因为忙换老师了
17527,3671,蔡云,2019-07-13 12:40:30,48,55,7,超级和蔼幽默，还很体谅人，超级好的老师\n\n
17555,3671,蔡云,2016-01-20 11:51:18,27,34,7,老师超级幽默，人也特别好
17731,3671,蔡云,2017-06-09 07:36:25,84,96,12,超级好和可爱的老师 喜欢
17733,3671,蔡云,2016-01-21 03:31:01,53,70,17,目前没有儿子！瞎说什么！以后的儿子肯定也可爱
17735,3671,蔡云,2016-01-20 22:53:25,34,41,7,老师人太好了，讲得又清楚，喜欢！遇到的最好的老师！
17737,3671,蔡云,2016-12-29 10:10:54,30,34,4,老师人好 老师的儿子和女儿很可爱~
17744,3671,蔡云,2016-01-20 23:36:46,24,30,6,老师特别可爱～～～
17748,3671,蔡云,2016-01-20 23:56:25,25,29,4,老师为人幽默。为学生着想。 女儿很可爱。哈哈哈
17753,3671,蔡云,2016-01-21 00:06:05,22,28,6,老师超好。超级幽默 同学们，起床啦~
17755,3671,蔡云,2016-01-21 00:07:44,16,21,5,后来有事被叼走了
17757,3671,蔡云,2016-01-21 00:12:27,17,18,1,老师讲的很详细，人超级好，很喜欢\n\n
17762,3671,蔡云,2016-01-21 00:30:20,17,18,1,挺赞的\n\n
17771,3671,蔡云,2016-01-21 00:52:05,90,102,12,赞，毕竟竺奖
17777,3671,蔡云,2017-01-04 05:27:03,14,19,5,讲的超级好
17781,3671,蔡云,2016-01-21 01:19:11,34,40,6,老师很好！虽然最后微积分差点挂……但是是我的问题 老师很和蔼 会在群里解答问题 很萌很萌
17785,3671,蔡云,2016-01-21 01:31:27,91,100,9,蔡老师就像温暖又幽默的大姐姐，真的很好。讲完习题会让我们休息，会叫我们起床，会讲故事给我们听，不懂还会耐心地解释。多希望微积分都是她教，我一定好好学微积分！
17792,3671,蔡云,2016-01-21 02:20:57,12,16,4,讲得挺细的
17797,3671,蔡云,2016-01-21 01:49:51,13,16,3,女儿超可爱
17826,3671,蔡云,2016-01-21 02:20:21,14,16,2,讲课深入而有趣 让人爱上数学
17834,3671,蔡云,2016-01-21 02:27:13,13,18,5,哎虽然差点挂了，然而老师还是棒棒哒
17836,3671,蔡云,2016-01-21 02:28:05,13,14,1,老师很幽默，很有耐心，人也很好！女儿也可爱！女儿也可爱！女儿也可爱！
17840,3671,蔡云,2016-01-21 02:31:39,10,13,3,非常有爱的老师，虽然中间换人了。。。
17842,3671,蔡云,2016-01-21 02:31:46,10,12,2,萌炸人超好
17846,3671,蔡云,2016-01-21 02:34:47,14,16,2,老师好棒 讲得很清晰 人很可爱 和蔼可亲 关键人美有没有！！！
17861,3671,蔡云,2016-01-21 03:00:01,13,15,2,蔡老师就像大姐姐，人很好\n\n
17876,3671,蔡云,2016-01-21 03:20:15,9,12,3,蔡老师满分。
17881,3671,蔡云,2016-01-21 03:36:37,15,17,2,明明不点名啊
17904,3671,蔡云,2016-01-21 03:42:10,15,16,1,蔡老师超级赞，幽默风趣人也很好，可惜只教了半学期，大爱蔡老师啊
17908,3671,蔡云,2016-01-21 03:45:22,11,13,2,棒棒棒
17909,3671,蔡云,2016-01-21 03:45:37,10,13,3,老师超级棒，讲得很细致，是手写投影的，这样来得及做笔记。然而后面换了老师TAT于是我挂了……
17917,3671,蔡云,2016-01-21 03:59:27,6,8,2,老师人超级好，关键是上课不会睡着！
17937,3671,蔡云,2016-01-21 04:28:56,7,9,2,老师非常好～真的不点名！
17940,3671,蔡云,2016-01-21 04:32:56,7,11,4,老师讲课讲得特别好，会举很多例子来帮助理解，超级喜欢蔡老师~~~还会陪我们水群
18035,3671,蔡云,2016-01-21 07:06:55,14,17,3,炒鸡好的老师，反正期末考她讲的我都会做
20543,3671,蔡云,2016-01-28 09:09:16,3,7,4,特棒，老师特别贴心。
20871,3671,蔡云,2016-02-02 18:19:28,7,9,2,特别好的老师，不过以后估计没机会选她的课了
21303,3671,蔡云,2016-02-28 03:25:41,7,7,0,老师人太好啦
21325,3671,蔡云,2016-02-28 04:32:12,6,7,1,超级好
21480,3671,蔡云,2016-02-29 03:27:03,8,9,1,超级赞
21602,3671,蔡云,2016-02-29 10:20:39,5,8,3,超级棒
21895,3671,蔡云,2016-03-01 12:50:42,5,6,1,老师很随和
22760,3671,蔡云,2016-03-11 00:40:38,4,6,2,真的真的好老师
23386,3671,蔡云,2016-03-28 10:16:48,5,6,1,超级好，讲得很清楚，人也非常好
23934,3671,蔡云,2016-04-21 15:56:11,6,8,2,微1的老师。很好。讲得好还幽默
24506,3671,蔡云,2016-05-01 01:14:50,2,4,2,幽默，很细致
25334,3671,蔡云,2016-05-15 08:46:44,4,6,2,老师人很漂亮，又细心教学～
25474,3671,蔡云,2016-05-22 05:58:54,2,4,2,非常非常好！
25752,3671,蔡云,2016-06-06 12:28:58,6,8,2,超级棒^_^给了我4.8
27278,3671,蔡云,2016-06-24 10:59:16,3,4,1,特别好的老师，最喜欢的老师，没有之一
27551,3671,蔡云,2016-06-27 03:21:15,4,5,1,美女老师！真的很棒！还会讲故事给我们听呢～虽然她只教了我半个学期的微一，但我已经打心底里爱上她了哈哈～
38163,3671,蔡云,2017-01-06 06:53:01,6,8,2,超喜欢，很为我们着想
38738,3671,蔡云,2016-12-16 03:18:40,5,7,2,太好了
40851,3671,蔡云,2017-01-06 03:17:09,8,10,2,思修能让全班全勤的神级老师，快期末了有数学辅导绝对满分\n\n
40852,3671,蔡云,2017-01-06 03:27:36,3,5,2,确实很棒
40853,3671,蔡云,2017-01-06 06:24:30,4,6,2,老师真的很好很好人，各种体贴，各种关心，思修课后还给我们讲一些数学知识。
40854,3671,蔡云,2017-01-06 03:28:25,2,4,2,超棒的
40855,3671,蔡云,2017-01-06 03:28:30,5,5,0,真是爽
40856,3671,蔡云,2017-01-06 03:29:33,3,5,2,愉快啊
40857,3671,蔡云,2017-01-06 03:33:24,5,6,1,666
40858,3671,蔡云,2017-01-06 03:37:44,7,9,2,太太太太太棒棒啦！！！！！
40859,3671,蔡云,2017-01-06 03:42:13,7,9,2,超好的老师，温柔可爱，善解人意，风趣幽默。听了她的思修课后，我还想选她的职业与规划课！
40861,3671,蔡云,2017-01-06 07:08:44,4,7,3,思修。人真的好，和气又萌，关心学生，而且是真的尊重学生的意见和需要，说话特别实诚。工作也很认真，生病了还坚持上课。
40863,3671,蔡云,2017-01-06 03:55:16,4,7,3,棒棒答
40866,3671,蔡云,2017-01-06 04:10:10,6,8,2,绝对的好老师、必须的！亲切 温文尔雅 慈祥和蔼 怎么夸都不为过 能上她的课绝对是一种幸福！
40867,3671,蔡云,2017-01-06 04:10:44,2,5,3,别的不多说，史上最好思修课。
40871,3671,蔡云,2017-01-06 04:19:34,5,7,2,很好的老师，像个亲切的学姐一样的老师，好沟通，打分也高，很负责的老师
40875,3671,蔡云,2017-01-06 04:49:25,4,6,2,满分，好老师
40892,3671,蔡云,2017-01-06 06:33:31,9,12,3,虽然教形策但最后期末还会提供微积分复习资料，很贴心
40941,3671,蔡云,2017-01-06 15:11:54,8,9,1,边听思修边听微积分，不错！
41151,3671,蔡云,2017-01-09 13:48:42,3,5,2,老师很棒(⊙o⊙)哦~人也很好
42132,3671,蔡云,2017-01-13 15:45:57,5,7,2,老师真的好\n\n
43571,3671,蔡云,2017-01-16 14:32:48,3,6,3,老师超级好
44855,3671,蔡云,2017-01-18 11:47:20,6,8,2,有生以来见过的最好的大学老师
44873,3671,蔡云,2017-01-18 12:09:25,4,7,3,老师给分很好
46029,3671,蔡云,2017-01-20 12:26:35,5,6,1,好老师  给分好
49755,3671,蔡云,2017-04-25 12:52:05,7,8,1,职规课也很棒哟
51548,3671,蔡云,2017-06-07 05:04:07,3,8,5,很喜欢蔡老师的职规课，很有收获的那种
52151,3671,蔡云,2017-06-15 07:29:37,5,6,1,老师真的太棒了，超用心，最后一节课还发糖～～～人超好的
52155,3671,蔡云,2017-06-15 08:01:05,3,5,2,老师超级好\n\n\n\n
52180,3671,蔡云,2017-06-15 12:59:08,6,8,2,老师人真的超好的~推荐大家选这门J类！
52184,3671,蔡云,2017-06-15 14:48:48,26,32,6,自愿为老师刷分，希望早日到9.99?职规课真的很好玩的，可以收获很多！墙裂推荐！
52185,3671,蔡云,2017-06-15 15:13:33,8,10,2,职规超级温暖
52194,3671,蔡云,2017-06-15 16:53:27,31,34,3,云姐真的太好了！强烈推荐职规课~第一次碰到让学生自主选择作业的老师~真心为学生考虑 反正我已经安利好几个小伙伴选了这课了上过的都说好~最后一节课还会发糖！
52196,3671,蔡云,2017-06-15 18:05:45,7,10,3,蔡云老师的课，真的收获颇丰
52441,3671,蔡云,2017-06-20 05:42:42,11,14,3,那除了满分  还有别的选择吗？到哪里找这么好的J类课啊。
52472,3671,蔡云,2017-06-20 09:26:35,8,10,2,完美的职规 干货父母 课程丰富 老师超级好
55750,3671,蔡云,2017-07-02 10:25:05,30,38,8,J类一定要选蔡云姐姐的职规！！！
55819,3671,蔡云,2019-05-12 15:58:49,121,137,16,强推蔡云老师的职规，课不水事情少，不点名考试早，人很好给分高！！爱老师
55825,3671,蔡云,2017-07-02 12:27:37,9,10,1,讲课赞！给分棒！
55827,3671,蔡云,2017-07-02 12:30:27,9,13,4,老师是真的好老师，超级为学生着想，虽然对自己未来的职业还是有一些迷茫的地方，不过感谢老师在很多方面都给了我启发。笔芯
55829,3671,蔡云,2017-07-02 12:31:33,18,23,5,给分好到不得了，人生第一个满绩
55833,3671,蔡云,2017-07-02 12:35:56,6,9,3,好老师，很不错
55838,3671,蔡云,2017-07-02 12:42:25,7,11,4,炒鸡棒的老师ʅ(｡Ő౪Ő｡)ʃ
55846,3671,蔡云,2017-07-02 12:51:22,5,9,4,蔡老师我女神！
55851,3671,蔡云,2017-07-02 13:08:57,9,10,1,老师和蔼可亲漂亮大方，课事儿少，给分高，同学间关系搞得还好。呵呵，哪会有这样的老师，除了蔡老师？
55865,3671,蔡云,2017-07-02 13:51:38,4,7,3,老师人真的超级好，对学生相当体贴，可以说是很让人感动了！大爱蔡老师！
55923,3671,蔡云,2017-07-02 16:07:31,5,7,2,蔡老师超级好啊！有干货容易满
55966,3671,蔡云,2017-07-02 23:26:28,6,9,3,老师很棒
56014,3671,蔡云,2017-07-03 02:17:44,4,7,3,超级好
57804,3671,蔡云,2017-07-16 02:26:41,4,7,3,干货很多，看得出老师蛮用心的，并且也体谅学生！很棒！
59237,3671,蔡云,2017-09-20 10:35:48,1,5,4,女神!女神!
60452,3671,蔡云,2017-10-20 15:13:09,2,4,2,很好呀感觉很温馨、
60988,3671,蔡云,2017-11-06 13:02:28,15,17,2,真幸运大一就选上云姐的课!每一节课都有很多收获，最后一节课给每个人发自制的棒棒糖。
61114,3671,蔡云,2019-02-28 06:45:26,496,557,61,超级爱你 而且表白下滕彬钰班长 人暖，萌，对大家都很负责，想问下你缺个男朋友么
61125,3671,蔡云,2017-11-09 01:18:17,1,5,4,云姐超好的!
61349,3671,蔡云,2017-12-22 07:25:05,7,10,3,好棒?
61350,3671,蔡云,2017-11-15 04:48:17,4,7,3,云姐太棒啦！
61351,3671,蔡云,2017-11-15 04:49:28,5,7,2,老师超级棒，上课很认真，上的东西都是对我们很有价值的，作业很少但很有意义，老师很温柔，通情达理，是我上过最棒的课之一了
61485,3671,蔡云,2017-11-17 14:29:13,7,9,2,云姐真滴是太可爱了哈哈哈哈\n\n人超级好！超负责！！
61509,3671,蔡云,2017-11-18 03:48:16,2,5,3,老师好！
61550,3671,蔡云,2017-11-18 12:45:24,2,7,5,超棒的老师，每节课都会去认真准备，能学到怎么求职面试、怎么写简历～干货满满～第一节课会给每个人准备好名牌，最后一节课甚至有小礼物（具体是什么就不透露啦）期末考核也特别有意思，整个教室充满了笑声！给分也特别棒！最后说一遍，职规强推蔡云老师！
61551,3671,蔡云,2017-11-18 12:48:08,3,6,3,表白云姐
61552,3671,蔡云,2017-11-18 12:49:24,3,5,2,课上畅所欲言，课后自由讨论。云姐不仅帮你职规，更能在数学上助你一臂之力。一个学期下来收获颇多，强烈为云姐打call.call。
61554,3671,蔡云,2017-11-18 12:50:30,4,8,4,天哪老师超好的好吗！喜欢老师上课的态度和想法，最后一节电影课很棒！
61555,3671,蔡云,2017-11-18 12:51:23,5,7,2,云姐真的是超好的老师 每次上课都很用心 感觉把每个学生都放在心里 特别会为学生考虑 职规课必须强推！！
61558,3671,蔡云,2017-11-18 13:22:20,0,5,5,给分！！太好了！！
61559,3671,蔡云,2017-11-18 13:36:03,2,5,3,强烈推荐，讲的内容很好，关键是给分超好
61561,3671,蔡云,2017-11-18 14:17:37,-1,5,6,强推职规课。干货多，杂事少，给分高。
61713,3671,蔡云,2017-11-20 08:32:34,-7,11,18,虽然感觉职规课上之前和之后没什么差，但是能拿到高分啊！！
61755,3671,蔡云,2017-11-20 15:20:49,-2,5,7,人很爱数学
61796,3671,蔡云,2017-11-21 03:21:40,2,6,4,竺奖姐，优秀，给分好的不像话，更能有思辨性地讲些人生道理
61892,3671,蔡云,2017-11-21 11:48:40,0,5,5,超级棒的老师 真的好的没话说，能选上云姐的课是运气爆棚的结果
63511,3671,蔡云,2017-12-05 14:29:12,1,6,5,炒鸡暖
63512,3671,蔡云,2017-12-05 14:32:48,-3,3,6,幸好没错过
63515,3671,蔡云,2017-12-05 15:29:02,-1,4,5,老师啥也不说了我爱你
63516,3671,蔡云,2017-12-05 15:48:45,0,4,4,非常棒的老师啦！
63551,3671,蔡云,2017-12-06 14:15:55,1,5,4,非常爽
63870,3671,蔡云,2017-12-18 05:14:00,8,12,4,老师人很好很好，很可爱，很有趣的。作业不多，绩点高，关键在她的课上我还找到了男朋友*^_^*
64086,3671,蔡云,2017-12-21 02:51:35,-2,4,6,能让学生日常主动来帮着刷分的老师
64295,3671,蔡云,2017-12-22 09:12:12,-2,3,5,老师人非常好，好可爱
64412,3671,蔡云,2017-12-26 02:12:24,-1,3,4,很棒的
64481,3671,蔡云,2017-12-24 11:59:17,3,6,3,老师太太太太好啦。据说还开了KAB的课，想上！
64683,3671,蔡云,2018-01-20 12:48:31,5,7,2,对蔡老师只能佩服。人好，上课好，希望以后能像她一样优秀！！！
64770,3671,蔡云,2017-12-27 05:48:05,3,6,3,真的棒
64808,3671,蔡云,2017-12-27 08:02:50,0,4,4,超级棒，给分超级好，课不水事少
65476,3671,蔡云,2018-01-04 09:20:23,1,4,3,课水事不多，关键给分好   ٩(๑^o^๑)۶
65969,3671,蔡云,2018-01-10 13:03:28,-1,3,4,很有收获
66331,3671,蔡云,2018-01-15 06:43:26,4,6,2,超级棒！！！强烈推荐J类职规！！每节课都很有趣而且还有国王与天使的游戏！！！
66612,3671,蔡云,2018-01-17 13:31:00,6,7,1,真的真的很喜欢蔡云老师了！职规课一定要上她的课！
67187,3671,蔡云,2018-01-20 12:15:17,4,7,3,好老师，不用多说
67190,3671,蔡云,2018-01-20 12:22:52,7,9,2,让人不得不上查老师的老师
67192,3671,蔡云,2018-01-20 12:35:02,11,11,0,谢谢老师，我可能再也不会遇到这么好老师了。对自己人生观，价值观影响很大。
67196,3671,蔡云,2018-01-21 04:56:13,2,6,4,强烈推荐！受益匪浅！
67199,3671,蔡云,2018-01-20 12:40:51,11,16,5,每年改变浙大10%的学生
67200,3671,蔡云,2018-01-20 12:41:29,15,17,2,刚刚上完最后一节职规课，蔡老师给我们讲了她有些坎坷的人生经历。我想蔡老师已经很努力地在让自己靠近教育的真谛了。祝蔡老师前途坦荡，永远幸福！
67203,3671,蔡云,2018-01-20 12:42:52,3,5,2,从不上查老师评价，但蔡云老师的职规课真的强推，真的是好老师！！！
67206,3671,蔡云,2018-01-20 12:46:33,5,8,3,除了职规\n\n老师应该开一门课叫爱情规划\n\n
67218,3671,蔡云,2018-01-20 13:07:28,8,8,0,让我们一起帮云姐刷上十分！！能上蔡老师的职规真的是幸运的！！！
67228,3671,蔡云,2018-01-20 13:18:58,67,79,12,“你们来算一笔账，职规课每个班七十多个人，两个班就是一百五十个，一年开四个短学期就是六百个，就是十分之一的浙大学生，还不带重样的，我的课如果每年能让十分之一的浙大学生有那么一点收益，你们说这是一个伟大的工程吗？” 这真的不仅仅是一门课好事少给分高的J类课，上完课你会真正感受到老师希望给我们的的人生的“一点点收益”有多大
67229,3671,蔡云,2018-01-20 13:19:13,6,7,1,完美蔡女神
67232,3671,蔡云,2018-09-19 16:09:33,10,12,2,人生导师
67233,3671,蔡云,2018-01-20 13:27:52,8,12,4,老师真的很用心，很认真！希望老师能继续把自己的“宏伟事业”开拓下去！很多人只讲现实，却对情怀嗤之以鼻，但是在您这里，教给了我们情怀，教给了我们格局！
67234,3671,蔡云,2018-01-20 13:30:11,9,10,1,真的太好了 蔡老师\n\n至今感受到的最有温情的老师
67259,3671,蔡云,2018-01-20 14:17:32,6,9,3,太喜欢蔡云老师太喜欢职规课了！！希望老师能一直幸福~
67304,3671,蔡云,2018-01-20 15:51:02,1,5,4,老师真的完美
67321,3671,蔡云,2018-01-20 23:21:59,3,5,2,真心好\n\n
67351,3671,蔡云,2018-01-21 02:01:29,4,7,3,非常好的老师，强推
67388,3671,蔡云,2018-01-21 05:18:41,4,7,3,10%
67562,3671,蔡云,2018-01-21 13:53:02,2,5,3,老师真的是女神！
67800,3671,蔡云,2019-08-19 12:41:58,239,270,31,我是滕彬钰男票 大家别想了！
68348,3671,蔡云,2018-01-23 04:38:09,5,9,4,职规是我大学以来听过的对自己帮助最大的课！云姐说她现在干的事比上微积分还要伟大，因为每年有十分之一的浙大同学会因为她的职规改变那么一点点～（虽然我是改变超级巨大！）
70236,3671,蔡云,2018-01-26 09:15:38,1,4,3,收获很多~
70630,3671,蔡云,2018-01-27 10:12:05,5,7,2,职业生涯规划课。虽然事情多但是对我启发真的很大，比如毕业后的所能从事的岗位是我之前从来没有细想过的。老师是女神级别的，给分还高。
72341,3671,蔡云,2018-01-30 02:32:03,7,10,3,职规非ban必选，前提是你能选上
72491,3671,蔡云,2018-01-30 08:31:22,6,7,1,听完职规想听云姐的微积分
74902,3671,蔡云,2018-03-06 10:29:39,3,4,1,很幸运遇见老师o(^o^)o
76022,3671,蔡云,2018-03-24 14:49:41,4,5,1,爽爽爽
76194,3671,蔡云,2018-03-28 23:38:16,20,24,4,表白助教DJ小姐姐
76896,3671,蔡云,2018-04-25 12:38:36,5,7,2,反正我是没睡过觉
76922,3671,蔡云,2018-04-26 03:01:14,2,5,3,超赞，这学期新开了kab，总觉得她把这门快死掉的课救活了。。助教团也很萌！！\n\n
77157,3671,蔡云,2018-05-03 06:12:32,3,5,2,很好的老师
77160,3671,蔡云,2018-05-03 08:27:21,8,12,4,非常非常愉快的一次通识课体验~蔡云老师每节课的授课方式都很有趣而且不重样，最后老师还给我们带了超级少女心的棒棒糖！感觉真的收获很多，朋友也好，知识也好。如果有机会的话，想上老师的其他课。\n\nps:表白助教tby小姐姐~
77167,3671,蔡云,2018-05-03 08:54:04,6,8,2,kab课刺激，真心刺激。有团队叠杯比赛，沙漠求生游戏。还有和队友们头脑风暴商业点子，一起刚商业计划书。还能听到干货特别多的校友的讲座。一节好课该有的都有了。还不快选？？？
77336,3671,蔡云,2018-05-04 17:57:29,3,5,2,绝对超幸福的体验～
77378,3671,蔡云,2018-05-05 06:51:05,34,37,3,很棒的一节课，表白蔡云老师。然后必须表白滕彬钰助教，平时和大家打成一片，一点架子都没有，第一次讨论就很谦虚跟我们说不要把他当助教，他也想从大家身上多学点东西。他会用正能量感化大家，而且很关心自己的学生，不仅是平时讨论还是课外生活，都会力所能及帮大家，而且期末会尽力给大家最好的分数，有什么自己觉得不好的地方还会给大家道歉，是我上大学以来真的最让我感动的一位助教，能碰到这样一位助教真的十分幸运，以后其他人碰到了记得珍惜！希望你能看到，短短半个学期的相处真的你的正能量感染到了我。很用心写的这段话，而且其他几位助教不太了解，但是肯定也很棒.结课了，突然有点舍不得..
77422,3671,蔡云,2018-05-05 13:03:36,-1,3,4,老师很好，上课方式十分有趣
77423,3671,蔡云,2018-05-05 14:12:14,10,12,2,云姐是个超级好的大姐姐，每周一的职规因为她都让人充满期待，迷茫的人也能从她的课上找到动力和方向，真的超级喜欢云姐，她自己难过的时候还来给我们上课的时候超级心疼她，希望云姐天天开心。助教小姐姐们超级可爱，真诚对待每一个人，结课时候的分享给人很大的触动，钰姐姐的分享超棒的！希望这群可爱的人都可以一直幸福，成为想成为的他们自己。爱云姐，爱助教小姐姐们，爱最最可爱的组员小姐姐们！
77424,3671,蔡云,2018-05-05 13:04:26,1,4,3,超级棒！
77425,3671,蔡云,2018-05-05 13:07:37,0,14,14,我觉得我这学期表现得不错啊，课堂展示也有。老师开学的时候说人人都有好绩点，我还幻想着能上一次4，结果一看只有3.5，我真的搞不懂我哪里做的不好，感觉努力都白费了，罢了。
77437,3671,蔡云,2018-05-05 14:31:11,10,12,2,Anyway，体制问题。给了3.5. 还是常怀一颗感恩的心。还是给个10分吧。滕讲的有点道理吧。看中过程而不是结果。但是我要尊重自己对于这么课就是只想一个结果的内心哈哈哈哈。楼下吐槽自己绩点的我也能理解。也就1.5的绩点。专业课还不是分分钟拉回来。哈哈哈哈哈哈
77472,3671,蔡云,2018-05-06 02:26:18,4,7,3,结课之后，回想起当初能选上职规这门课，我也确实是很幸运了。云姐，助教团，课程内容等等都不会让人失望，在这里也认识了不少可爱的小伙伴。除去云姐带来的收获、朋友的鼓励之外，我也是很幸运地获得了一些对自我价值观的理解与肯定，在此，我还是要衷心地感谢助教小姐姐为我点亮了那一盏灯。
77499,3671,蔡云,2018-05-06 04:44:37,2,5,3,...
77629,3671,蔡云,2018-05-07 03:40:20,3,5,2,在老师和助教的带领下，职规课真的是一个有爱的大家庭
78128,3671,蔡云,2018-05-09 12:23:44,0,3,3,除了棒，还是棒！
78160,3671,蔡云,2018-05-09 15:45:46,5,7,2,超级好的一个老师，选到蔡老师的职规课已经是很幸运了。
78563,3671,蔡云,2018-05-13 05:33:11,2,4,2,虽然听各种同学安利什么什么课很好，但是蔡云老师的课！！！真的是好到无法用语言描述了！
78642,3671,蔡云,2018-05-14 05:51:39,2,5,3,女神｡◕‿◕｡\n\n上课体验超棒！！！！小组活动丰富，国王和天使每周写信，整个氛围好棒！最后轻松满级ヾ(❀╹◡╹)ﾉ~
79194,3671,蔡云,2018-05-27 02:16:57,-2,3,5,老师超级无敌螺旋棒！
79633,3671,蔡云,2018-06-12 01:10:43,4,4,0,真的不能更欣赏老师了！人格魅力爆棚
79642,3671,蔡云,2018-06-12 07:47:42,0,2,2,人超好!而且上职规对大学生活真的有指导作用。
79802,3671,蔡云,2018-06-14 01:12:15,2,4,2,浙大一门真正学到心里的课 云姐太好了
80250,3671,蔡云,2018-06-23 03:53:46,6,8,2,想在这里请问下，有没有大三的学生还上职规的?
80808,3671,蔡云,2018-07-01 09:10:11,1,4,3,小朵是我的！
80863,3671,蔡云,2018-07-02 05:38:43,4,6,2,QAQ真的太喜欢老师了，第一节课就表白老师了。上了老师的KAB创业基础！老师上课的风格真的特别有趣，特别能调动大家的积极性，还会有各种有趣的活动和游戏，能让小组成员都仅仅团结在一起呐。最后一节课还有满满的温馨和感动！
80867,3671,蔡云,2018-09-16 11:43:23,3,6,3,老师人真的很好！但KAB说实话事情还是挺多的 不建议冬学期或者夏学期选 积极参与讨论做任务给分不会差的！
80903,3671,蔡云,2018-07-02 14:04:14,3,4,1,上的kab 老师真的很好 碰到了不大靠谱的组长 啥都不干 以后如果大家碰到这种组长一定要跟助教反映噢！然后真的付出有回报 自己以为心急所以做了很多活 最后给分超好！
83496,3671,蔡云,2018-07-10 12:19:45,7,8,1,云姐女神！给分好！上课能收获到很多，虽然每周的小组讨论会占用大家一点点时间，但是对自己的生涯规划还是很有帮助的
83498,3671,蔡云,2018-07-10 12:27:59,3,6,3,10%的浙大学生来这报道，始于绩点，终于颜（ren）值（ping），想要成为雲少年阿
83500,3671,蔡云,2018-07-10 12:32:01,7,7,0,10分起步(doge)
83501,3671,蔡云,2018-07-10 12:35:58,4,6,2,给女神疯狂打call
83523,3671,蔡云,2018-07-10 13:32:06,16,20,4,滕彬钰正牌男友在此，前面的都往后稍稍！
83536,3671,蔡云,2018-07-10 14:03:11,4,6,2,虽然打了10分，因为老师太棒了遇见的他们也太棒了，但小小地发一下牢骚:真心心疼我们每一个组员，因为他们都很棒，他们真的比5.0更值得。老师很努力在给高分，我们感受得到，但是我眼中，工作量、完成度、参与度等各方面几位同学都非常优秀时，不得不拉开0.5的差距就有些尴尬了。不过总之，相遇一场，最值得。
83538,3671,蔡云,2018-07-10 14:25:33,3,6,3,不说别的，我给10分，你们自己体会一下
86406,3671,蔡云,2018-09-15 07:56:49,1,3,2,very nice
86418,3671,蔡云,2018-09-15 17:43:18,5,7,2,很不错，但自我感觉小组作业和个人做的工作都还是不错的，所以个人分数对比预计有一点低，不过老师还是很棒的
86956,3671,蔡云,2018-09-19 14:11:19,2,5,3,灰常好
87518,3671,蔡云,2018-09-30 15:42:51,0,2,2,神仙姐姐
87662,3671,蔡云,2018-10-09 10:53:51,4,5,1,老师人超级好\n\n课不水有意思\n\n每节课都能学到东西\n\n职规书不强制\n\n怕我们考试周忙提前结课\n\n考试周电影赏析\n\n最后一节课还发糖\n\n上完课好久了群里大家还是能很融洽的聊天\n\n反正就是超赞！！！
88561,3671,蔡云,2018-11-01 11:25:32,1,4,3,听说喜欢喝奶茶的女生都很可爱\n\n上着上着大家就都变成舔?了
88871,3671,蔡云,2018-11-11 07:41:08,7,8,1,自愿为老师和滕彬钰助教打call刷分，云姐和钰姐姐真的太棒了！一个短学期下来真的好舍不得啊，虽然成绩没出，但是云姐课上带给我们的和钰姐姐课后带给我们的简直不能再赞，谢谢钰姐姐最后给大家送的奶茶！
89032,3671,蔡云,2018-11-14 10:44:20,8,8,0,表白助教钰姐姐，别的都不说了，就是好啦，，，
89061,3671,蔡云,2019-06-16 16:03:36,-51,19,70,老师很多规则都没有讲清楚 互评什么的...之前并没有说有计入总评....有些组就没有互评.....不知道最后是谁瞎写上...交上去了...\n\n任务都是组长安排...大家的贡献基本都是差不多的...就一两个可能多劳......真的没有必要.........................\n\n（我也不为就这个1.5学分的绩点纠结来纠结去的...比起专业课真的一点不算什么
89067,3671,蔡云,2018-11-15 05:10:56,5,7,2,云姐的课真的超超超级好 内容很有趣也干货满满 而且云姐安排的助教团也非常的棒！事也是职规课中相对少的啦 只要自己够积极 一定能有好成绩！表白云姐和王博助教！
89078,3671,蔡云,2019-01-18 07:56:00,-112,19,131,垃圾到无语…
89079,3671,蔡云,2018-11-15 08:03:02,27,30,3,最开始得知自己的助教是钰姐姐：卧槽，查老师霸屏写的不都是钰姐姐么，不是还各种男朋友么，怎么是个这么可爱的男孩子，怎么回事，小老弟？\n\n一个学期相处之后：卧槽，也太...了吧，可以肛他么？！\n\n哦对了，他在课后讨论说自己已经脱单了，各位备胎还是排号吧。
89084,3671,蔡云,2018-11-15 09:21:41,2,4,2,非常非常棒，很有收获的。另外，助教小哥哥很暖
89087,3671,蔡云,2018-11-15 10:01:36,3,6,3,给分也太好了吧。
89091,3671,蔡云,2018-11-15 11:11:38,8,9,1,好课好老师好助教，融洽的气氛包容大家真正找寻自己的职业方向和未来规划。所以说为什么每年每年那么多人抢一门儿课呢，因为这才是j类该有的模样。也祝愿选到云姐课的能再碰上钰姐姐，完美。
89101,3671,蔡云,2018-11-15 13:41:38,7,10,3,表白云姐&波波助教，课上有趣不无聊，对自己的性格和职业方向有了更清晰的一个了解。课后的小组讨论也值得，很幸运遇到了职规小组炒鸡棒的一群小伙伴～表白八元一次方程组(*ฅ́˘ฅ̀*)♡\n\n国王与天使的游戏也很好玩，写信回信好像又回到从前慢的年代。\n\n如果认真付出的话，总会得到回报的～
89104,3671,蔡云,2018-11-15 15:05:25,8,8,0,10分！其他不多说了！为云姐打call！
89106,3671,蔡云,2018-11-15 15:42:52,12,15,3,睿智而淡然，温柔而强大，是一个眼里有光的大人。
89107,3671,蔡云,2018-11-15 15:50:30,6,9,3,云姐讲课就很舒服的感觉～\n\n上课的互动游戏讨论都超有趣的！\n\n云姐人也超好(✪▽✪)\n\n平时事情不算多职规书也是选做\n\n但收获超级大的！\n\n然后笔芯云姐和助教dj老奶奶还有组员小伙伴！认识大家超开心！！\n\n给分真好啊竟然满了隔壁同学羡慕哭了！！(裹上鸡蛋液和面包糠放进油锅～
89120,3671,蔡云,2018-11-16 02:16:21,54,55,1,除了感谢蔡云老师每堂职规课都这么用心的准备和设计，还想在这里和想选这门课的同学提醒一句不要因为蔡云老师人美心善给分好就觉得只要选上了这门课就会理所当然得获得高绩点的，从课上思考、小组讨论以及最后的合作展示分享都需要付出真正的努力才值得那个分数。\n\n而我个人觉得云姐之所以打分好是不想因为一两次考试随便给个正态分数，而是真的花时间花精力从每节课每次讨论中看到每个同学的努力和真诚，如果连努力和真诚都做不到的话，就不要想白白得到高分。\n\n职规均?是很高，但那是用心的老师和在乎的同学一起创造的，不是一些同学不想付出努力却想用来刷绩点的课。\n\n希望想选课的大家认真努力对待蔡云老师的职规课，也祝愿大家有个配得起自己努力的成绩！\n\n\n\n
89122,3671,蔡云,2019-03-26 01:21:23,18,24,6,说老师没说规则的最后一节课没听吧，自己没听到怪到老师头上有些过分吧？怎么最近评论这么戾气？通识本来就要正态，你自己努力说明别人就不努力么？楼外楼天外天，我分也很低，但是有的时候别老是从别人那里找原因，刚刚打开查老师看到“垃圾到无语”这条评论，想问你素质呢？这种人给3.3都是高攀了。
89123,3671,蔡云,2018-11-16 02:41:03,6,7,1,nice
89134,3671,蔡云,2018-11-16 03:21:16,11,22,11,有些同学，根本就没有好好听课，连评分标准评分规则都没弄清楚，就在埋怨分数低。既然你这么在意分数，你怎么能连分数的构成都不知道呢？老师讲得这么清楚，第一节课就讲了，PPT上也有，倒数第二节课还拿时间给大家小组互评，互评前也讲了规则，没好好听课请不要怪老师没说清楚。
89166,3671,蔡云,2018-11-16 07:25:01,5,7,2,太赞了
89171,3671,蔡云,2018-11-16 10:01:54,4,5,1,超级棒！
89195,3671,蔡云,2018-11-16 14:56:12,5,9,4,大爱云姐，顺便表白美丽的姗辰助教小姐姐。
89205,3671,蔡云,2018-11-16 18:08:13,9,10,1,云姐真的好漂亮啊 光颜值就能迷倒一片
89241,3671,蔡云,2018-11-17 11:26:49,12,13,1,通过2018-2019学年秋学期《职业生涯规划》课程的学习，我收获颇多，包括满足最初“为了修J类课学分”、“见到女神蔡云姐姐”的心愿，以及之后的、之前没有预料到的收获。课堂上，我学习到了性格、价值观、能力、求职辅导、生涯决策等方面的专业知识技能。我在课前小展示与小组课题调研的过程中，进一步提升了查阅资料、与人交流、辩证地思考的能力，还锻炼了自我表达与演讲能力，收获到了满满的可迁移技能，在我以后的生涯中都将受用。在课程结束之际，我与小组其他六位小伙伴结下了深厚的友谊，此外，我也交到了两位挚友——我的国王与天使，毫无疑问，我的自我管理技能也在其中得到了提升。这样的课程，谁不爱呢？
89289,3671,蔡云,2018-11-18 05:41:57,20,23,3,xbb助教实名表白DJ老大哥
89367,3671,蔡云,2018-11-19 00:07:50,2,5,3,真的超赞啊
89603,3671,蔡云,2018-11-20 02:35:43,7,9,2,老师不但颜值高，且温柔
89929,3671,蔡云,2018-11-21 10:04:43,3,6,3,特别棒的老师，助教团也很可爱
89944,3671,蔡云,2018-11-21 10:46:29,4,5,1,太赞了 表白云姐
89976,3671,蔡云,2018-11-21 12:23:20,7,8,1,超级温柔好看！！！
91233,3671,蔡云,2019-01-04 17:28:44,6,7,1,好好好!
91281,3671,蔡云,2019-02-17 00:08:04,12,16,4,老师的缺点：我妈问我说，你们上课是听课还是看老师了??
91480,3671,蔡云,2018-12-11 08:27:55,5,8,3,新头像好美
91788,3671,蔡云,2018-12-20 05:51:16,2,7,5,听课很舒服…就是认认真真做作业被正态了挺震惊的
92588,3671,蔡云,2019-01-03 04:37:09,5,6,1,爱你 女神
94287,3671,蔡云,2019-01-16 05:54:55,7,9,2,嘤嘤嘤，云姐居然已经有孩子了！一点也不像！
94560,3671,蔡云,2019-01-17 08:16:31,4,7,3,KAB 最后一节课上完才知道有组内正态这种东西，老师上课非常轻松，对于经管院或者学过相关内容的同学比较友好。来自不同专业的同学有时候想法会差别比较大，一学期的磨合也是一种考验。
94565,3671,蔡云,2019-01-17 08:24:45,3,8,5,吹爆！蔡云永远是我爸爸！课的性质决定了事情有点多！但是！kab创业基础好好干活认真干锅，组内配合好，真的结果不会失望的！真的喜出望外了这个给分！
94878,3671,蔡云,2019-01-18 11:53:13,5,9,4,KAB要想拿高绩点，请厚着脸皮在组内拼命抢锅干，明着抢暗着也得抢，还要拼命给助教留下深刻印象，商业计划书的分工上你的名字一定要多，哪怕别人已经做好了，你改一改也能加个名字，不然被正太的就是你。老师是好老师，就是课程的分数设置不合理。
95496,3671,蔡云,2019-01-19 13:09:22,-1,2,3,真的是好课好老师
96712,3671,蔡云,2019-01-21 09:37:42,0,2,2,太赞了
97920,3671,蔡云,2019-01-23 01:48:07,3,5,2,老师太好了，人也很有趣。当组长事情多一点！相应回报我人生第一个满绩
97996,3671,蔡云,2019-01-23 03:32:04,3,3,0,我爱云姐！超级好的老师，事情不多也很和蔼，最后一节课还请大家吃了东西，有困难的时候找云姐也会帮助解决，好好参加小组讨论跟助教搞好关系，职规书认真写，给分不错的！感天动地
98200,3671,蔡云,2019-01-23 07:32:46,-2,21,23,只适合那些喜欢展示自己的积极份子，如果你性格内向等着拉绩点吧……呵呵
98691,3671,蔡云,2019-01-23 22:57:05,4,4,0,不能再好～
102362,3671,蔡云,2019-02-01 08:13:23,2,4,2,老师是真的很好的，像大姐姐一样，通过kab课程也学到了很多，不过给分有点怪，付出了很多，最后被正态了。
102570,3671,蔡云,2019-02-09 09:21:29,6,7,1,绩点分数啥的都不重要，不重要，我就当送给组里其他同学了，感谢他们上课没打扰我看女神。
103614,3671,蔡云,2019-03-02 10:00:43,9,11,2,云姐是什么宝藏女孩哈哈哈哈哈哈哈哈哈，居然在浙大开车群里看到了她！
103642,3671,蔡云,2019-03-03 11:41:38,1,2,1,老师很和蔼很亲切，上完云姐的课真的很感动
103822,3671,蔡云,2019-03-06 06:05:09,5,6,1,云姐太有魅力了，我爱她爱的深沉..
104385,3671,蔡云,2019-03-19 07:11:10,4,4,0,是我目前上的最快乐的课 很享受
104393,3671,蔡云,2019-03-19 10:19:12,3,4,1,课堂允许大家很随意。很放松的课
104836,3671,蔡云,2019-03-28 13:54:30,1,4,3,写信天使小姐姐好漂亮，可惜也没聊上几句，哎。
104877,3671,蔡云,2019-03-29 08:22:33,4,6,2,云姐真是太平易近人啦，一起聊天代沟什么的根本不存在啊！人美心善，夸！
105330,3671,蔡云,2019-04-10 03:40:10,-22,10,32,我是ikun，考前刷蔡徐坤nmsl和看一场坤坤的顶级球赛，反正我满了\n\n
105626,3671,蔡云,2019-04-17 12:12:14,1,4,3,老师很温柔！！超棒的！！
105818,3671,蔡云,2019-04-21 08:46:42,5,7,2,云姐太棒了！上课有一种社团活动的轻松感，但是也不水。最后一次课上助教请我们吃蛋糕hh.还有在西区草坪上上课的时光。很棒哦
106009,3671,蔡云,2019-04-24 08:46:09,1,3,2,超棒的
106039,3671,蔡云,2019-04-24 13:21:07,2,3,1,太棒了555555泪流满面 必修!
106066,3671,蔡云,2019-04-24 18:24:11,5,8,3,只可以打十分吗？在此感谢DJxjj，也表白云姐。
106067,3671,蔡云,2019-04-24 18:26:29,9,9,0,表白dj小姐姐，人真的超级好！怎么会有这么好的助教小姐姐！可惜她大四了马上就要出国了！(T_T)职规课真的给我带来了好多！大家一定要选云姐的职规啊！！！
106068,3671,蔡云,2019-04-24 19:06:09,2,4,2,感谢职规小组 感谢DJ 感谢云姐 真的很幸运。
106069,3671,蔡云,2019-04-24 23:12:48,7,8,1,非常感谢云姐和助教团！\n\n遇到了最好的小组，每周讨论每次都是欢声笑语忘记时间，一起做的展示，一起吃的夜宵，太太太喜欢这门课啦！！
106076,3671,蔡云,2019-04-25 01:50:10,-1,2,3,太棒了！交到了好多志同道合的好朋友还拿了高绩！！云姐牛皮！！
106078,3671,蔡云,2019-04-25 01:59:17,-1,1,2,表白云姐和梦欣助教小姐姐！上课有趣又超棒！可以看出每次都是很认真在准备的！小组成员也都很投机很积极超有自己的想法！和大家一起上课很开心而且真的能学到很多！
106095,3671,蔡云,2019-04-25 02:45:57,8,21,13,真的不知道为什么会有这么高的评分，上课很多游戏，对于不喜欢游戏的人来说很折磨。每周一次线下讨论。生涯采访好像可行性不是很大（对于有些专业）。
106100,3671,蔡云,2019-04-25 03:18:46,-1,3,4,先对老师的美貌夸赞一波（真的超级好看der最后一节课真的给了我很多思考，也解决了很多迷茫吧。超级感谢云姐和hjy助教姐姐～(￣▽￣～)~
106101,3671,蔡云,2019-04-25 03:19:02,3,5,2,虽然有点希望自己的绩点再高一点点...但是不可否认，蔡雲姐姐真的是很棒很棒了！基本算是一门无可挑剔的课程呀！
106102,3671,蔡云,2019-04-25 03:21:05,4,5,1,感谢云姐和助教xgg，这门课真的很棒，交到了很多好朋友，上课也非常轻松愉快，认真地写了职规书，小组展示准备地很认真，最后满了
106103,3671,蔡云,2019-04-25 03:30:27,2,4,2,撇去给分高不说 蔡老师的课让我想起了自己高中里的生涯导师，感动，并且有点想哭
106104,3671,蔡云,2019-04-25 03:30:45,3,5,2,老师上课很不错，嗯嗯嗯，反正选就对了，? ? ? 。老师上课事情可能有点多，但确实很有意思，并且大部分都很有趣，还有助教小哥哥小姐姐也很棒鸭！
106108,3671,蔡云,2019-04-25 03:41:38,0,3,3,云姐啥啥都好，就是泰坦尼克让我哭崩了嘤嘤嘤
106117,3671,蔡云,2019-04-25 04:19:14,3,5,2,就一个字，太好了！
106122,3671,蔡云,2019-04-25 04:43:59,0,4,4,雲姐真的超级棒啊！！！职规课虽然事确实不少，但是好好参与会很有收获，满绩也不会难。
106126,3671,蔡云,2019-04-25 04:58:46,12,15,3,上云姐职规的有两个问题应该自己问问：我是怎么选上这门课的？浙大是怎么请到这么好的老师的？
106245,3671,蔡云,2019-04-26 02:38:19,6,9,3,满了。云姐看得到自己的用心
106360,3671,蔡云,2019-04-28 01:27:05,6,13,7,给分很好，我们小组我问的人都满啦！人生第一个5.0！我不是组长也没疯狂发言！介绍一下具体要求吧，每周要课下讨论，要把讨论内容做成一本小册子，最后要交的！还有最后的课堂展示，戏剧形式，小组工程；最后是职业生涯规划书，如果没什么实习经验好写的还可以替换成生涯人物采访！（蔡老师独有好处一）并且规划书正文为了防止恶竞，还限制了字数最高五千！（好处二）规划书的底，要求，已经引导语老师都写的清清楚楚，就是一个叙述清晰的表格让你一步步填写（好处三）这三个好处都是其他职规课老师所没有的！只从作业来说就体会到蔡老师为了把本来事多的职规课做的生动有趣而去减轻学生负担的苦心！也表白下周之溶助教！
106496,3671,蔡云,2019-04-28 02:01:07,5,7,2,蔡老师人真的超好!KAB课很有趣，很多小组合作和小游戏环节，不忍走神!课后小组讨论，老师也不遗余力亲自参与，真的很感动!我BP没有恶竞，平时pre啊发言什么的积极一些，满了hh
106923,3671,蔡云,2019-04-30 08:56:38,-4,1,5,女神啊！
107946,3671,蔡云,2019-05-12 09:20:22,4,7,3,朵朵校友圈打卡观光。顺便期待自己选上蔡云老师课！
108618,3671,蔡云,2019-05-30 02:39:09,-3,1,4,好好好
108927,3671,蔡云,2019-07-04 23:31:49,2,5,3,在食堂遇到老师 老师还在打电话帮学生解决问题ᶘ ᵒᴥᵒᶅ辛苦啦
109705,3671,蔡云,2019-06-18 14:13:29,0,3,3,蔡老师人很好，课程安排非常有趣。绩点无所谓。最重要的，是我的同组同学呀。她（他）们真的很好很好，和他们相处真的很有意思，很舍不得课程要结束了。这门课是我一个学年最让我留念的课了，就因为亲爱的组员呀！很怀念和他们一起每周讨论，一起打商战，一起排练节目。永远爱你们，不忘记你们～
109905,3671,蔡云,2019-07-06 03:11:37,9,12,3,作业都做的很认真，还做了presentation，上课还积极和老师互动，上课、讨论都没有翘过…最后绩点只有3.3，不知道为什么_(:3」∠)_
110124,3671,蔡云,2019-06-23 09:45:46,0,4,4,分还没出，按捺不住了先来评价一波。10分毫无疑问的。我觉得这个课最大的魅力就在于，它给我们提供了一个和别人真正毫无顾忌地交流心里最真实的想法的机会，每周的小组讨论，跟一群原本陌生的组员聊心里话的时候一点都不会觉得尴尬，不会觉得傻，也正是这样的过程让我们熟悉起来。至少我上大学以来，没有在别的场合有过这种交流体验，更多的是拘谨的尬聊和无聊的商业互吹。还有国王与天使，大家都很认真，不论天使还是国王。明明只有短短8周，不知道为什么，最后一节课是真的真的好感动。
112540,3671,蔡云,2019-07-04 17:17:43,1,4,3,云姐和助教们都人超好！上课氛围超级棒！很开心能选上云姐的职规，一个短学期的课程，平时事情虽然挺多，但是用心做起来也很快就能完成！最后表白xbb，希望下次能吃个更大一点的汉堡
112561,3671,蔡云,2019-07-04 17:43:47,4,6,2,出成绩了，我爱了！云姐和助教钰姐姐是什么神仙？钰公主大人最后一节分享真的超级棒的！大家不要错过云姐的职规，也不要错过助教tby，浙大神课，必须吹！
112568,3671,蔡云,2019-07-04 17:57:32,-6,6,12,第一个满绩，给老师刷波满分
112584,3671,蔡云,2019-07-12 00:53:37,3,8,5,云姐超级好，但是我觉得分给低了。。。
112596,3671,蔡云,2019-07-04 21:47:51,-6,6,12,云姐我爱了!第一门满绩。
112601,3671,蔡云,2019-07-04 22:18:38,-2,4,6,蔡老师的课真的是一种享受，虽然最后绩点只有3.3，还是要给蔡老师10分
112625,3671,蔡云,2019-07-04 23:02:49,1,3,2,分数都到9.96了，是不是很难再刷高。同学们，要补选记得去看一下云姐的公众号芸云如是，会提前筛一遍，就不影响你过后自己补选其他班了。
112639,3671,蔡云,2019-07-04 23:23:36,2,3,1,上课又有趣，说话又好听，给分又公平，我超喜欢
112675,3671,蔡云,2019-07-05 00:11:08,1,3,2,很喜欢云姐和她的课。职规课上的很有趣，上课可以认真地听，可以收获不少，课下也会自己做简历，分析自己的性格啊什么的等等，小组展示要有新意，和主题一定要契合！最后的绩点也是很公平了。\n\n但是我要特别感谢云姐给我转专业的指导，让我没有那么迷茫。\n\n总之是很好的老师，很好的课。祝老师的课可以让更多浙大学子受益！
112725,3671,蔡云,2019-07-05 01:17:03,-2,0,2,我爱蔡☁️ ，别跟我抢
112738,3671,蔡云,2019-07-08 05:04:01,7,20,13,老师是挺好的，打10分。但我还是搞不懂自己为啥3.3，不知是哪里得罪助教了 听说有人喷我，那我也来回复下。我承认说得罪确实有点过了，但你不是我们组，你就没资格说话，就1.5分的课，动脑子想想，犯得着讨好谁吗。给我3.3我本来也无所谓。但小组讨论助教几乎次次迟到，很多人的发言都没听到，这就是你所说的公平与公正？平时作业虽算不上优秀，但也按要求认真完成，难道非要恶竞才能不被正态？我是不敢苟同。
112774,3671,蔡云,2019-07-05 02:50:08,4,8,4,我3.3 但是我给老师打10分
112787,3671,蔡云,2019-07-05 03:11:07,2,4,2,玉姐姐太好了，最后会拉绩点，是门中彩票才能选上的课
112823,3671,蔡云,2019-07-05 04:35:18,5,7,2,人很好助教也很暖，上课有趣，不过这是我做事.花心思最多的通识课，最后却只有3.3，未免还是有点失望，但是云姐是真的很暖，就像邻家大姐姐一样
112846,3671,蔡云,2019-07-05 05:50:15,7,10,3,云姐超级好，课程事多且无太大用处，但老师超好。有恶竞成分，但老师很好。被正太了但老师好。
113398,3671,蔡云,2019-07-06 16:38:59,5,11,6,老师人挺好的，很用心。但是请问给分为什么会那么差，全程按照要求做，尽心尽力，最后莫名其妙的3.3？\n\n？？？头大\n\n10分给老师，0分给这个分数
113726,3671,蔡云,2019-07-07 06:03:13,1,10,9,楼下说不知道哪里得罪助教的同学，我觉得说出这句话大概就是你拿3.3的原因吧，大概你还停留在和助教搞好关系就能拿分的层次上。老师第一次课就强调过成绩构成，而且是一遍遍强调，助教也会强调，老师要求的三次作业才是最最最最重要的，能拿到3.3说明你的作业水平在全班里是很差的了，助教对于你个人在课后小组讨论或者期末展示中扮演的角色的评价只是辅助性的，更多的是锦上添花或者负上加负，我不认为连作业都做得很烂的同学能对于课程有什么积极的态度。还有我虽然是组长，自认为作业做得也很不错，但我也没能满绩，我向老师询问过分数，只能说其他人更棒而已，而且老师看到了他们的用心。
113925,3671,蔡云,2019-07-08 00:56:13,5,6,1,别的不说，就冲云姐如此用心地给我们准备各种认识自己，和别人交流的游戏，我觉得就配得上10分。平时的作业和小组讨论，认真对待了，给分就不会差（说不定还能给你一个卡下限的惊喜）
114614,3671,蔡云,2019-07-11 00:54:14,-2,1,3,感谢云姐，第一个满绩
114973,3671,蔡云,2019-07-13 12:40:01,-1,2,3,好的28⃣ aken
115329,3671,蔡云,2019-10-20 23:13:17,-4,9,13,诚恳地说一点自己的感想吧……说实话最后小组内打分的时候我被正太了（就是组内贡献最低）感觉自己凉了，主要也是夏学期总有各种意想不到的事情导致讨论咕了两次错过了组内很多重要的事情qwq所以我想着3.3也认了……but我没有想到自己最后竟然有4.5（真的没有炫耀的意思），回想了一下整个过程，可能是作业做得比较认真，不是恶竞，是真的感觉云姐布置的这些作业对自己未来的规划以及个人提升有用才认真做的。这门课说实话对我未来的专业方向选择没有任何帮助，但是它确实让我整理了自己的目前状态并且向着一个更好的方向前进。
115964,3671,蔡云,2019-08-27 12:39:44,6,7,1,希望能给我们开一节数学课啊啊啊啊！展现一下真正的实力！1学分的常微分也行～
116153,3671,蔡云,2019-09-04 15:59:05,3,7,4,一般般吧
116610,3671,蔡云,2019-09-12 04:00:42,2,3,1,老师超级niceヾ(❀╹◡╹)ﾉ~自愿的职业生涯规划最好还是写一写，其他的作业正常完成，成绩不会低的
117705,3671,蔡云,2019-09-29 12:43:40,0,2,2,表白zzr助教！好可爱的人儿！
118762,3671,蔡云,2019-10-31 14:09:27,13,15,2,自愿为云姐和钰姐姐刷分，能选上云姐职规已经是锦鲤了，还能碰到查老师热评钰姐姐当助教真的是惊喜！为什么这个学期只有七周啊啊啊啊，舍不得组员和钰姐姐，真的很希望以后职规可以变成长学期的课，课后讨论真的非常解压，浙大神课！
118821,3671,蔡云,2019-11-06 14:36:03,-1,3,4,老师真的超级好！强推
119090,3671,蔡云,2019-11-10 08:24:10,0,3,3,钰姐姐最棒！云姐最美！
119245,3671,蔡云,2019-11-11 19:43:22,4,7,3,给分超级超级好，半夜码代码的我看到绩点开心死了。老师人也超好，一直强调不要鹅颈然后作业也不硬性要求，但还是会希望把她的作业做好。10分给好给满
119253,3671,蔡云,2019-11-11 23:53:44,0,17,17,屁事多的要死，1.5的课整得特么比专业课都忙，用蔡老师第一节课说的话来评价这门课：每周上一晚上幼儿园，还有一周的高三。
119254,3671,蔡云,2019-11-12 00:14:05,-1,6,7,云姐和助教团都超好！云姐的职规小组氛围也很好！在别人悲惨的写生涯规划书的时候，咱们班很轻松的就拿到了高绩点～作业不多只要认真完成，分数会有的，收获也会有的。再次表白云姐❤️
119262,3671,蔡云,2019-11-12 00:43:42,3,19,16,客观说句良心话。真正的好课课程结束后应该留下的是知识，而不是很好看的绩点。不得不说云姐课鹅颈很严重，而且在课程逐渐流程化后确实感受不到老师的用心，反而像是走流程一样。绩点很好，体验一般。
119265,3671,蔡云,2019-11-12 00:55:53,10,12,2,云姐很用心安排课程内容，付出多少，得到多少收获，很感谢云姐和助教团，一学期下来确实明确了很多方向，也感谢小组成员，课后分享很解压。
119272,3671,蔡云,2019-11-12 01:49:33,2,7,5,嘤嘤嘤，事情其实也不少，因为呢；选上雲姐职规的估计都鹅颈本性哈哈哈。但职规课应该事情都很多吧。\n\n专业分析报告和简历真的写到头秃，但真的很有用\n\n满啦满啦大家快来选人美心善的雲姐，和人骚心软的彬哥哥钰姐姐，这对cp我先磕为敬
119279,3671,蔡云,2019-11-12 02:10:18,3,5,2,
119308,3671,蔡云,2019-11-12 04:13:26,4,7,3,蔡云老师的职规课，有一说一，事情不算少，但职规课事情都不少啊，相比起来也就少了。虽然职规课事情略多，但老师和助教都很好啊！老师又漂亮又有趣给分还好，实在是妙啊！
119309,3671,蔡云,2019-11-12 04:14:57,-3,4,7,tby xjj太棒了！又是请我们吃付小姐又是bg奶茶！她还好可爱，老夫的少男心呐，如果我没有npy的话，我真的会考虑一下的！
119310,3671,蔡云,2019-11-12 04:16:46,7,11,4,先来夸爆美丽温柔可爱大方的云姐和善良可爱的钰姐姐！！最开始选课的时候没有选上，后来看到推文就打算填一下补选表，没想到最后真的补选上了！！感觉这门课对自己的意义很大，比如各种课上游戏以及课下的志愿者活动、专业分析报告、个人简历，这些对以后都是非常有用的！最最关键的是收获了一群超级喜欢的职规小伙伴们！尤其是钰姐姐，每次小组讨论结束之后都会请大家吃夜宵，小组展示课的时候还请大家吃了麦当劳，幸福感max！！！
119542,3671,蔡云,2019-11-13 11:16:03,7,12,5,评论区人均满绩...看来3.3的我是唯一菜的吧……上课认真听，任务用心完成 ，唯一就是小组讨论不爱说话罢了。
119566,3671,蔡云,2019-11-14 00:20:40,4,7,3,云姐讲得挺好的，课堂氛围和小组氛围挺好，不过鹅颈的确有些严重。毕竟一门通识课，还是要正态分布的。评论区人均满分，当然我没有满，主要是讨论是时候组员更积极吧，专业分析报告和简历emmm感觉还好。不过事情是真的多。好像其他职规老师事情没有云姐多_(:з」∠)_
120171,3671,蔡云,2019-11-18 02:41:16,1,4,3,短学期j类职规 事情有一点多 但老师超温柔 课堂干货多又有趣 个人的大作业做好高分妥妥的 满了的飘过
120599,3671,蔡云,2020-01-13 16:12:04,-3,3,6,感觉大学还是有趣的
120899,3671,蔡云,2020-01-18 11:26:13,21,24,3,助教戴f恺哥哥有npy吗？
120992,3671,蔡云,2020-01-19 08:04:34,1,8,7,超级棒！课下小组讨论虽然花时间，但还有点收获的，给分也超级好，也没有规划书，任务量还行
121469,3671,蔡云,2019-12-16 01:24:25,6,11,5,一学期没有收获
122408,3671,蔡云,2020-02-26 11:44:34,10,11,1,事情有点多
122428,3671,蔡云,2020-02-27 07:02:22,-1,5,6,超！棒！
122520,3671,蔡云,2020-03-03 07:26:27,-3,2,5,哈哈哈哈哈
122623,3671,蔡云,2020-03-09 04:46:23,-6,5,11,助教戴fk哥哥有npy了咯，非诚勿扰
122950,3671,蔡云,2020-04-24 14:22:31,16,20,4,云姐给10分。3.3，沉默，心凉，我就是那种对自己未来不闻不问，没有方向的人，即使上了职规，多的也只是更多的问号罢了，活该是吗？这么让大家讨厌么。哈哈哈哈哈哈哈哈哈哈哈哈哈哈哈哈哈哈哈。
122960,3671,蔡云,2020-04-26 03:33:10,2,6,4,云姐真的超棒！助教姐姐也超棒！
123414,3671,蔡云,2020-06-08 12:13:36,1,6,5,吹爆云姐！
123547,3671,蔡云,2020-06-09 15:42:51,-3,6,9,这个老师超级好，人好，给分高。
123952,3671,蔡云,2020-06-17 14:51:50,5,9,4,来自百年一遇的网课时代评价——云姐真的特别好！助教xgg也很好！感觉整个课程氛围和大家的积极性真的是在好好参与这样一门说实话 必修但其实不算很有用的课（毕竟你写了职规书和你的未来关系也不一定很大对吧）我们组是那种全体人发言都特别少的很佛的组 我没有刷发言职规书字数也没有恶竞（甚至写不够QAQ） 就非常正常的上了这样一门课 最后绩点4.5供大家参考
123953,3671,蔡云,2020-06-17 14:57:55,17,19,2,我有点迷茫，我每节课都积极参与讨论，写职规作业也是所有课程里面最认真的，我甚至还手抄模板。课程总结也写了差不多一千字，从来没水过，最后三点三，我这是人品问题吗，现在唯一给正太的居然是这个课程。害，不过职规课算是比较开心吧，奈何运气如此背
123959,3671,蔡云,2020-06-17 16:55:50,-2,5,7,老师超好，负责且幽默，给分也很好。
123981,3671,蔡云,2020-06-18 11:43:24,4,9,5,超级喜欢云姐！因为上的是网课也没有感觉课后作业有多麻烦，小组讨论也认识了一批非常可爱的小伙伴，已经相约疫情后返校约饭了！我个人感觉收获超级多，云姐也经常在课堂上和大家聊天，助教团骚话巨多，可能是我性格问题，在云姐面前存在感挺好，最后职规书和ppt也做得巨认真，拿了满绩，真得是非常开心的体验啦！我爱云姐！
123984,3671,蔡云,2020-06-19 00:35:31,0,11,11,上课生动，感觉云姐很喜欢水群hhh给分超好！
123985,3671,蔡云,2020-06-19 00:58:28,7,14,7,出乎意料的高绩点，感谢人美心善的云姐姐！
124039,3671,蔡云,2020-06-22 05:38:52,-5,7,12,云姐人超好\n\n
124138,3671,蔡云,2020-06-25 05:22:36,25,47,22,你让我掉了0.1，我也让你掉0.1，反正有快乐的人回来给你补上，我就靠自己的睡眠补上了。
124141,3671,蔡云,2020-06-25 07:08:25,-2,10,12,吹爆云姐，没话说
124182,3671,蔡云,2020-06-26 14:02:55,28,41,13,这门通识课的作业，花的时间比我大一上的所有通识课的事还多，几乎跟我花在大英的时间差不多。结果绩点倒是最低，大英还有3.6，这个才3.3
124222,3671,蔡云,2020-06-27 11:11:36,-26,12,38,职规B：事少分高吹爆！云姐已经好到没有进步空间了！！想当她的助教嘤嘤嘤～
124239,3671,蔡云,2020-07-04 23:22:27,5,14,9,写得不好不如抄得好。抄，都可以抄，谁还不能有相同的“理想”了呢。呵呵哒。
125707,3671,蔡云,2020-09-13 11:02:44,-2,5,7,好好好
127111,3671,蔡云,2020-11-09 02:09:57,28,42,14,我一直不清楚职规课是所有老师都有这么庞大的助教团的还是只有这个老师这样。如果是后者的话这是不是一种搞特殊？在加上助教口中的“云姐会请客”之类的话这是不是一种资源浪费？难道是老师自掏腰包请客以及付工资的？我不知道。微积分大课批作业和习题课也就只有一个助教。\n\n\n\n    职规课请这么多助教当然气氛活泼，但是一学期上下来老师几乎啥也没教，就只起了一个串场的作用。而且频繁的小组讨论也只利于那些活泼外向的同学，小组边缘人物哪怕职规书累死累活写了，分数也不会好看。
127204,3671,蔡云,2020-11-13 01:41:34,3,5,2,云姐永远滴神，虽然我是后来补选进的，少了两次课，但就其余六次上下来来说，收获是真的很大，人好事少，课堂很欢乐，也吹爆助教
127287,3671,蔡云,2020-11-19 14:42:14,-1,5,6,职业生涯规划B是一个很好玩的课！\n\n进入大学的第一个绩点是4.5还是很开心的！\n\n谢谢老师！
127313,3671,蔡云,2020-11-20 03:22:13,-1,6,7,真的棒！学的到东西，交的到朋友，玩的很开心。虽然平时小组作业有点多，但是还是很开心！最后是满绩啊啊啊啊！
127332,3671,蔡云,2020-11-20 08:17:01,-2,5,7,云姐超级棒！上课有干货，氛围好不算，有意思。作业绝对不算多的。给分又很棒。
127350,3671,蔡云,2020-11-20 16:34:46,-1,3,4,课程欢乐之余，还是学到了很多东西的。另外，职规的小组真是我上过所有课程的小组里面最好的！！可能是因为每周都要进行讨论，所以彼此之间交流很多，八周下来，收获了一群朋友。\n\n至于课程的考核，期末的小组展示很重要！个人感觉这门课涉及到小组的作业都很重要，然后简历和行业分析报告这些认真写就行啦
127432,3671,蔡云,2020-11-23 03:34:58,-4,12,16,云姐！yyds！我的第一个满绩！哭了哭了！！\n\n认真说说这门课：\n\n首先老师不用说的，选云姐没错的！很亲切很好看，吹爆！\n\n其次任务也确实多的，每周课后都要花真·半天时间在小组讨论上，但是也因此收获了一群好朋友！这是我所有课里最喜欢的小组了！\n\n职规B是写简历和行业分析报告，这些按云姐上课说的一步步来都不会差的，和小组成员多交流改进，向助教学习一些经验就好了！\n\n云姐的课很轻松，干货也蛮多（虽然我觉得相较之下还是有点少了），但瑕不掩瑜，满分！
127495,3671,蔡云,2020-11-23 14:34:47,21,22,1,满怀希望来，略留遗憾去。
127661,3671,蔡云,2020-11-25 12:54:48,8,12,4,课本身挺好的。云姐也很好。但成了我入学后第一门下八十的课。可能我的职业规划就是一个错误。并且在此立下flag：再也不选有小组讨论的课了……………
128033,3671,蔡云,2020-12-03 14:43:53,-4,3,7,人美课好，吹爆云姐
128096,3671,蔡云,2020-12-07 06:43:28,-1,4,5,喜欢蔡云老师
128190,3671,蔡云,2020-12-11 09:27:39,19,24,5,球球了…再也别让我小组讨论了…
128697,3671,蔡云,2020-12-25 04:46:01,1,4,3,云姐的课太有意思了，主要上课是以小组合作的形式的，快期末交一个行业调研报告就可以了。课后讨论的题目也很有意思。有一节课会专门拿出来玩一个类似桌游的东西，就很有意思。
128705,3671,蔡云,2020-12-25 05:06:46,-3,4,7,强推云姐！！！
128706,3671,蔡云,2020-12-25 05:06:46,2,4,2,强推云姐！！！
128805,3671,蔡云,2020-12-25 12:38:16,-3,8,11,云姐第一次课就会讲这门课需要每节课课后有小组讨论，同时也给了大家退课的选择，那既然你选择了留在这个班上，那就应该接受这样的规则啊~
128835,3671,蔡云,2020-12-26 01:11:01,8,11,3,希望云姐平安喜乐，真诚的愿望
129442,3671,蔡云,2021-01-05 11:36:24,3,7,4,不需要点名\n\n因为没有人不会来
129617,3671,蔡云,2021-01-09 02:50:34,9,12,3,教学之外的东西太多了
129941,3671,蔡云,2021-01-14 03:05:33,3,7,4,众所周知10分是有理由的
130207,3671,蔡云,2021-01-19 04:18:54,1,8,7,蔡云小姐姐的职规Byyds!第一节课她就直言任务多开始劝退，然后我感知的范围内没人愿意退……能选上就是福音！任务多是多，但相对别的同类课也是福音！给分很好，人也很nice，任务做了会有真正的收获感，上课可以摸鱼但是完全没有摸鱼欲望！能选上这门课就是人生赢家！
131942,3671,蔡云,2021-01-29 11:35:08,0,5,5,云姐真的好好呀 感谢云姐
131951,3671,蔡云,2021-01-29 13:30:49,2,5,3,云姐人美心善路子野，我愿意称其为永远的女神(´，，•ω•，，)♡
132017,3671,蔡云,2021-01-30 03:03:31,4,7,3,云姐人美心善，有时能在朵圈上捕捉到云姐，她是真懂年轻人，每节课就像是录制现场综艺，是我残酷冬学期每周最大的快乐。最后的小组展示真精彩，忘不了女装大佬转转转。云姐反对鹅颈，事偏多，但高成本高收益。
132087,3671,蔡云,2021-01-30 07:20:41,22,33,11,职规b，事情可能比3个学分还要多，而且分不一定高。很有可能跟我一样做了一大堆事最后只有3.3。
132433,3671,蔡云,2021-02-01 14:20:36,44,55,11,去年疫情期间上的职规网课，实话说课程安排很模式化，没有感受到多大的生涯规划方面的启示，把“雲姐”捧上神坛的个人崇拜氛围也让我感觉很压抑。
133919,3671,蔡云,2021-03-09 12:05:22,13,16,3,老师人好归好，最后的展示分给得太低了。虽然比起其他组那么夸张的演技来说，确实黯然失色了一点，不过我们组确实真的尽力了。看到最后的绩点简直想哭
133950,3671,蔡云,2021-03-10 11:04:20,0,4,4,好老师好老师
134561,3671,蔡云,2021-04-01 13:12:13,9,17,8,事太多很无聊
134887,3671,蔡云,2021-04-20 14:11:59,22,29,7,过誉了
135081,3671,蔡云,2021-04-29 10:17:23,2,6,4,事多但是很值得～谢谢老师 受益匪浅
135090,3671,蔡云,2021-04-30 04:07:51,1,4,3,爱云姐，选她就对了，别犹豫~
135817,3671,蔡云,2021-05-27 11:33:54,3,15,12,很烦人
135836,3671,蔡云,2021-05-28 14:21:49,8,11,3,老师人很好的 非常关心学生 和大家打成一片\n\n不过职规课程讲真没什么收获 不太明白为什么有些人说收获满满\n\n事情挺多的 不过听说是职规里面事很少的老师
135959,3671,蔡云,2021-06-05 14:01:30,30,32,2,有点像…幼儿园？反正社恐慎选。
140077,3671,蔡云,2021-08-25 02:36:21,-2,2,4,选了两年没选上，希望这次能彩票上啊
140975,3671,蔡云,2021-09-19 01:17:13,0,1,1,大爱云姐彬姐
141066,3671,蔡云,2021-09-22 12:34:52,2,5,3,不参加后悔终身，参加受益终身
142004,3671,蔡云,2021-11-03 13:03:20,4,5,1,职规课结束，爷青结，再见云姐。
142132,3671,蔡云,2021-11-07 10:30:21,1,4,3,上课思路清晰，课堂参与度高，气氛活跃，作业少给分高。云姐YYDS！上完她的职规课真的收获很多。
142135,3671,蔡云,2021-11-07 11:10:22,1,3,2,哈哈哈
142136,3671,蔡云,2021-11-07 11:14:56,8,9,1,大赞云姐，我能选上真是太幸运了，虽然每周都会有课后讨论，但是据说比起别的职规事情算少的了，给分真的不戳
142139,3671,蔡云,2021-11-07 12:41:14,2,6,4,实话说云姐真的超棒，我是21年秋学期的课，昨天刚刚结课，毕竟期末考不是写试卷哈哈，真的很有收获，也不枉我七十七进一选上这门课，虽然最后只有4.2，但依然感恩
142141,3671,蔡云,2021-11-07 14:39:59,6,8,2,云姐和51好棒啊！职规真的是一门只要好好用心、努力就会得到相应回报的课，虽然花了很多时间，但是仍然觉得自己很幸运！
142156,3671,蔡云,2021-11-08 02:58:20,3,5,2,努力都是有所回报的！
142157,3671,蔡云,2021-11-08 03:07:45,3,8,5,这学期课程内容应该已经减负了不少！！！职业分析报告不用写5000论文报告了，平常课后会有讨论，作业是一份简历，一个合作的职业分析报告，一个期末情景剧，其实最后也会忙一阵，但努力是有回报的！！
142164,3671,蔡云,2021-11-08 03:42:17,-2,7,9,虽然不能理解自己如此积极用心上这门课还会被绩杀3.3，但还是非常推荐这门课，能学到很多知识，交到挚友，云姐很和蔼，也向我指出了不足之处（小小地希望不要按一两次作业给绩点，平时活动参与几乎0权重）9分
142170,3671,蔡云,2021-11-08 06:01:23,-49,13,62,回报啥？大家都超高分满绩？事情这么少，这么水，结果大家分数都这么高，对其他班的人公平吗？对这么课程尊重吗？还记得浙大校训吗？胡乱给高分，没有任何可取之处。
142236,3671,蔡云,2021-11-09 06:28:27,4,5,1,云姐就是yyds！！！虽然每周小组讨论但是收获也真的超级多，给分也超级好，助教小哥哥小姐姐也都超级奈斯，总之入股不亏！！
142244,3671,蔡云,2021-11-09 07:57:57,-4,2,6,云姐yyds
142362,3671,蔡云,2021-11-10 12:42:47,10,14,4,云姐人很好，但我绩点只有3.3，目前沉浸在悲痛中，说不出话来🌚
142405,3671,蔡云,2021-11-11 05:02:11,0,4,4,课上收获一般，可能是因为我本身就没有太清晰的蓝图吧……课后跟云姐聊天还是很有收获的。\n\n事情是真的很多 每周都有小组讨论 时间真的占了很多\n\n最后做专业分析报告跟朋友一起访谈老师学长做的很认真 可能小组展示很一般吧 但是分数也算满意的\n\n还是谢谢云姐！！！！
142523,3671,蔡云,2021-11-12 14:51:11,-2,5,7,云姐的课是目前上过来最开心的课
142747,3671,蔡云,2021-11-16 00:49:45,1,13,12,不当组长就不给高分
142912,3671,蔡云,2021-11-17 10:09:52,-1,5,6,不是组长，发言2次（都是搞笑类整活发言），最后情景剧演了个喜剧人，满绩。云姐yyds!
143398,3671,蔡云,2021-11-25 04:36:03,-1,1,2,云姐！
144125,3671,蔡云,2021-12-18 15:59:24,2,3,1,被学姐推荐来的。老师的职规蛮有意思，就是小组讨论有点花时间。由于意外情况不得不缺席期末展示，老师非常善良地捞上了4.5，感谢。
144525,3671,蔡云,2021-12-22 05:32:52,-3,2,5,真的在玩耍中学会了好多！
146052,3671,蔡云,2022-01-05 09:12:23,0,5,5,大一非常幸运的选上了云姐的课，给分超级好，老师人也特别好，强推！
146055,3671,蔡云,2022-01-05 09:25:17,5,10,5,确实学到很多，，有趣生动，但是给分真的很迷，选不上就算了吧
146062,3671,蔡云,2022-01-05 09:46:12,0,3,3,好喜欢好喜欢云姐！
146069,3671,蔡云,2022-01-05 10:25:10,3,4,1,… … …
146210,3671,蔡云,2022-01-06 00:58:00,4,6,2,yyds不多说选到就偷着乐吧
146260,3671,蔡云,2022-01-06 05:19:14,10,15,5,只能说这课是社牛福音吧，课下讨论就是在跟一群不感兴趣的人瞎聊天，上课啥也学不到，说实话真想了解这些东西的自己早就去查了听这课也没啥用，也就混个学分罢了
146549,3671,蔡云,2022-01-07 01:59:49,-2,3,5,云姐就是人好，课程体验非常不错，小组组员们也都非常好非常可爱
146601,3671,蔡云,2022-01-07 04:57:45,-1,4,5,云姐yyds！\n\n选上云姐的课是最大的幸运！\n\n有干货\n\n可以水\n\n认真讨论展示+小作业4.5\n\n大爱
146840,3671,蔡云,2022-01-07 14:58:03,5,6,1,事确实不多，但是如果都很平均的话，分数也不好看，感觉是有正态的......
146860,3671,蔡云,2022-01-07 18:13:13,-3,1,4,老师超好，小组也很快乐！平时的讨论内容准备起来比较多，但都让人有种冲动自觉完成！（记得在食堂聚餐时念自己给自己写的墓志铭2333）社恐也别怕，让社牛感染一下就行了哈哈哈（老师的分组会保证的噢）还有，大家齐心协力，不要拖ddl！
147167,3671,蔡云,2022-01-13 17:14:55,17,20,3,职规真的水，学不到有用的东西
147228,3671,蔡云,2022-01-09 07:46:02,22,31,9,过誉了，能学到个啥？扪心自问一下
148556,3671,蔡云,2022-01-13 01:13:02,1,4,3,吹爆云姐，云姐超级无敌好，但职规课事情普遍较多，并且比较适合社牛的同学，但如果不社牛，像我就有点社恐，也没关系，只要认真参加讨论，主动揽活，绩点也不会差的，冲吧！！！
149719,3671,蔡云,2022-01-16 14:15:13,5,8,3,课程：职规B\n\n打分：10/10\n\n优点：老师人很温和，助教xgg、xjj都是人美心善，只要好好干活，给分确实好（收获了大学第一个满绩(｀・ω・´)）\n\n缺点：职规课事情是真的多，每周要开会；每周要给“国王”写信；期末要安排舞台剧；主要大作业是一份简历、一份专业分析报告，本来还有一个100字的职业体验（就是参加招聘会之类的活动然后写心得），最后也改成给助教拍照证明自己参加活动了就可以
149899,3671,蔡云,2022-01-17 15:41:44,1,4,3,云姐上课气氛很活跃，体验还可以。职规这门课事情还是比较多的，特别是简历和专业认知报告这两份作业对最终成绩应该非常重要，要认真做一做。
149989,3671,蔡云,2022-01-18 07:39:24,-4,4,8,云姐nb
150153,3671,蔡云,2022-01-19 12:59:52,-3,2,5,谢谢雲姐，我的第一个满绩
150485,3671,蔡云,2022-01-26 12:28:59,13,17,4,只能说社恐慎选吧
152190,3671,蔡云,2022-03-30 00:44:40,-23,23,46,没有任何实质性的内容，学不到任何东西，用一些网络段子之类的东西吸引人注意，上课体验和小组展示很大程度上取决于小组成员怎么样，最后的互评被组长一个人评掉了，认真完成所有作业最后3.3，大概是小组展示太糟糕了，这个不怪老师\n\n但是老师真的非常庸俗非常肤浅，没有什么涵养，从第一次课就可以看出来，这个老师大概从来没有看过一本书吧。最最失望的是职业规划这门课并没有能够给我太多生涯规划的帮助
152674,3671,蔡云,2022-04-18 05:21:58,-1,1,2,非常好的老师
152800,3671,蔡云,2022-04-20 03:44:06,0,3,3,课堂有趣，让本来想写作业的我情不自禁的开始听课，上这门课与其他课的感受明显不一样，又有了高中那种一家人的感觉，云姐一生推好吧（）单从课堂内容来说虽然事情会略有点多，但是绝对会让你流连其中，然后，给分真的超好！！！！！！！！收获第一个满绩！好课快选！
152829,3671,蔡云,2022-04-20 08:00:21,2,4,2,云姐yyds！！！能选上她的课多幸运哇(yysy事请确实多)不过结果好，过程也学到了东西，整体体验nice 吹爆云姐！！
152897,3671,蔡云,2022-04-21 10:42:22,11,15,4,给分真的迷
153045,3671,蔡云,2022-04-24 07:59:24,2,3,1,谢谢云姐 得到了军训以来的第一个满绩！
153164,3671,蔡云,2022-04-26 10:25:56,0,5,5,助力云姐满分大业！\n\n虽然我没有满绩。\n\n这个课有多好呢，这里建议改为公共基础课呢。
154145,3671,蔡云,2022-05-24 13:26:41,1,20,19,请各位扪心自问，学完这门课程收获了什么。当然，不完全是老师的问题，跟课程设置有关。但是老师上课讲了一些什么呢，不过是用一些肤浅琐碎的东西来吸人眼球。
154551,3671,蔡云,2022-06-02 06:10:04,-1,4,5,老师人很好，讲得细致，干货满满
154606,3671,蔡云,2022-06-03 12:11:58,5,8,3,我爱云姐！！！！！！！！！！顺便借楼表白助教wy和fr！
154777,3671,蔡云,2022-06-05 06:18:41,-2,5,7,真好啊
155737,3671,蔡云,2022-06-15 12:18:08,-3,8,11,事多，上课无聊，考试周还要上课搞什么分享会，无语
157577,3671,蔡云,2022-07-18 02:08:48,6,12,6,建议想混绩点的同学不要来选课，因为云姐的职规无论上课还是课后都不可能让人水的。如果把上课时间、作业时间和讨论时间均摊到每一周，那么每周大约要花5个半小时。当然，付出与回报是绝对成正比的（就绩点而言）~
157593,3671,蔡云,2022-06-24 02:06:07,9,10,1,蔡云老师的职规课不是门水课，相比其他1.5学分的课要事多很多，想要学到足够的东西课后也要自己花时间。但是付出和回报真的是成正比的，给分很好，而且学的东西真的有用。
157595,3671,蔡云,2022-06-24 02:19:05,2,3,1,事情不算少，但是认真做下来收获还是挺大的，给分也很好~
157611,3671,蔡云,2022-06-24 03:22:08,3,6,3,话说这课有拿4.8的吗
158460,3671,蔡云,2022-06-29 12:45:47,19,21,2,给分好大家看得见 但是一样要正态 代价是花时间 而且卷 个人观点 这门课只适合心智还不成熟的人去上 对于已经有自己的世界观和方法论的人来说就是在浪费时间 听一些粗浅的普遍性道理和玩一些小朋友的游戏是真的难绷 对于其他课程压力大的人每周还要额外花几个小时去开个会是真的折磨 准备舞台剧还要一周开好几次 或许相比其他创新创业课是比较好的了 但仍无法摆脱这些课程学不到东西还浪费时间的特点 最后的小组互评还可以让小朋友们认识一下人心险恶是什么意思 不是无脑选 选不选看个人 不做评价
159921,3671,蔡云,2022-09-09 04:17:27,0,3,3,表白一手sjc小哥哥，人实在是太帅了，还温柔，他真的，我哭死！
160146,3671,蔡云,2022-09-14 00:45:05,-2,8,10,其实是不是社恐真的没啥关系，本人就是社恐，上课无发言，参与了情景剧，简历也很认真地写，反复修改了三四次，最后的职规书也花了不少时间。但是社恐也能在平时的讨论中表现良好，你可以不必说太多的话，但是态度必须积极认真。我们小组，每一个人的课后小结都是接近一千字甚至更多。想告诉你的是，社恐也能满绩，主要看你认不认真，用不用心
160754,3671,蔡云,2022-10-09 13:39:19,16,21,5,事情多，认真做了真的有没有收获我不清楚，痛苦是挺多的\n\n不建议对未来没有事先规划的同学来学，不然真的很折磨，不想仔细思考只能编一个\n\n其实对未来职业的认识是船到桥头自然直的，随着专业知识的增加与年纪成长，个人阅历提升，对职业就会有自己的见解，不需要这门课来揠苗助长了
161895,3671,蔡云,2022-11-15 01:37:28,2,7,5,我觉得挺有收获的。每周开会效率高一点，也不用评论里其他人所说的“五个半小时”吧？云姐好像规定时间是不少于2个小时就行。我们组每周该分享、讨论的东西讲完，也差不多就是这么久。作业也挺简单，每周发的材料半个小时能做完，课程大作业：简历、生涯人物访谈、参加招聘会/预约咨询。简历我写了一下午，生涯人物访谈小半天，参加招聘会就拍个照坐着摸鱼就好，这样还能算事多吗？我们组都是大二、大三的，感觉也都有些收获，最后成绩也很好。云姐上课风趣幽默，上课有趣，强推！
163451,3671,蔡云,2022-12-14 11:08:06,0,4,4,给分无敌好，会交到一些朋友，课程作业也不会太太多！社恐人士到后来就会适应氛围啦
163617,3671,蔡云,2022-12-15 17:19:42,7,12,5,为云姐打call！！请收下我的十分\n\n浙大少有的每次课后都有掌声的课——云姐的职规\n\n上课可以水，云姐不会说你；作业提前布置，准备时间充分；唯一麻烦的课后讨论，看助教吧，至少有次我们助教没来我们小组水掉了，基本没说要求交流的内容。\n\n云姐的职规没有期末！没有期末！没有期末！期末是小组表演八分钟自编自导的剧本，认真排练两次都能过，时间有限制但影响不大（正负半分钟时间单项满分，超出或不足每十秒0.1分，懂的都懂），考试周前一次上课完成，那节课还是蛮有趣的，考试那天正常上一节课签个到就行。\n\n云姐的职规真的有用，写简历、做决策都能帮你（简历技巧帮助了我的专业分流简历），生涯人物访谈真的是大一选专业的福音。用作业帮助选择专业的课不多吧。某节课带头上课睡觉十分钟，然后意犹未尽。带头上课玩游戏，玩完就能下课（提前了半个小时）。\n\n自评互评没有正态，可以全满，只是期末被正态政策限制了，4.5，我组里两个满绩，都懂吧。\n\n另外，云姐喜欢群里发夜宵“勾引”吃货；国王与天使据说帮助学生脱单；群里日常很活跃；最后一次课满满的仪式感，还和云姐拍了合照哈哈哈。明年要报云姐的助教！
163684,3671,蔡云,2022-12-16 02:54:02,-1,6,7,爱云姐么么么
164635,3671,蔡云,2022-12-22 10:35:50,0,3,3,好老师
164834,3671,蔡云,2022-12-26 13:38:19,1,4,3,我的神
165168,3671,蔡云,2022-12-29 14:57:42,3,8,5,美好且值得珍藏的回忆，明确且有用的指导，快乐但不缺乏内容的讨论，圆满且绝对不会失望的结果。
165663,3671,蔡云,2023-01-09 07:25:26,-11,15,26,云姐真的我的神！\n\n事情不算少，但是给分真的很好\n\n每周的小组讨论也很有意思（虽然冬学期因为疫情后半个学期没有小组讨论）\n\n感谢云姐给了我大学第一个满绩
165869,3671,蔡云,2023-01-10 07:47:47,7,10,3,小组互评也太。。。
168549,3671,蔡云,2023-02-19 10:11:12,-2,2,4,只要肯卷，就能给满了。没什么毛病。多抢着举手，给老师留下印象分数肯定高的
170105,3671,蔡云,2023-03-01 11:13:36,1,4,3,事不少，给分挺好，课很有意思
170655,3671,蔡云,2023-03-07 15:37:38,1,5,4,云姐职规太香了！！！
170984,3671,蔡云,2023-03-13 23:12:42,-1,17,18,挺失望的，完全没有传说中的那么好，更多的时候在用myth与sterotype进行一些意义不大的教育与劝诫，总的来说不太能令人满意。当然，我没有上过其他老师的职规课，可能云姐在矮子堆里充高个也说不定？只是不太有机会验证
171326,3671,蔡云,2023-03-21 15:58:39,1,3,2,满分，开阔眼界，找寻自我
171557,3671,蔡云,2023-03-28 14:28:46,6,10,4,上学期上的，吹爆云姐，顺道：ycgg好帅，想问一下他有没有npy（花痴脸）
171558,3671,蔡云,2023-03-28 15:07:03,8,15,7,表白云姐！和蔼可亲大姐姐！\n\n表白助教姐姐孟sh！人美麝牛爱拍照活力满满😍姐姐有男朋友吗，看看我好吗好吗😍😍😍我的联系方式：10987654321😍兄弟们顶我上去🤓
171559,3671,蔡云,2023-03-28 15:08:18,0,7,7,云姐知性大姐姐啊啊啊啊\n\n简历和职规书都给我好多帮助\n\n同时吹爆我的助教csy小姐姐\n\n😭😭😭为了你😨😨😨我变成狼人模样🐺🐺🐺为了你😱😱😱染上疯狂🤡🤡🤡为了你😰😰😰穿上厚厚的伪装👹👹👹为了你🤗🤗🤗换了心肠💀💀💀我们还能不能再见面🥺🥺🥺我在佛前苦苦求了几千年🙇🏻♂️🙇🏻♂️🙇🏻♂️🙇🏻♂️愿意用几世🥰🥰🥰换我们一世情缘💕💕💕 希望可以感动上天😭😭😭 我们还能不能能不能再见面🥺🥺🥺我在佛前苦苦求了几千年🙇🏻♂️🙇🏻♂️🙇🏻♂️🙇🏻♂️ 但我在踏过这座奈何桥之前🎭🎭🎭让我再吻一吻你的脸😘😘😘
171945,3671,蔡云,2023-04-13 07:03:54,5,8,3,珍惜吧，2023年夏学期就是云姐最后一次教职规了，接下来她就不教书了。云姐亲口跟我说的555
172067,3671,蔡云,2023-04-18 14:42:31,2,4,2,云姐职规好好好
172300,3671,蔡云,2023-04-24 12:59:18,0,2,2,正在上课哈哈哈哈
172305,3671,蔡云,2023-04-24 15:56:23,2,6,4,云姐给了我满绩，我却只能给她10分！强推不亏，选到就是赚到！感谢助教lyc姐姐，成功认识了一群值得相交的好朋友，也真的对自己的职业生涯规划很有启发。除了感谢，唯有感谢！
173814,3671,蔡云,2023-06-04 05:13:08,0,3,3,蔡云老师很好！听说之后不开职规了？\n\n很开心可以选上这门课，认识了特别特别好的助教老师和小组成员，爱你们～嘻嘻（*/∇＼*）应该没有组员看到吧
174323,3671,蔡云,2023-06-09 12:51:01,4,11,7,职业生涯规划，个人觉得没那么神仙，讲的对我来说不是很有用。\n\n每节课都去了，发言+小组代表+获奖发言+最后情景剧主持，感觉做的应该还算可以，但是最后绩点也就4.2，听身边人大多都是5有点失望……呜呜。\n\n听说蔡云老师可以和你像朋友一样聊天，我没试过，不过真这样的话是很不错哒。\n\n给分7吧，感觉很好，但是也没那么神仙
175422,3671,蔡云,2023-06-25 00:18:52,0,2,2,很好的老师！
175685,3671,蔡云,2023-06-26 07:43:16,1,4,3,春学期上的~雲姐人真的很好，在这里表白助教Cindy姐姐！虽然一个人要带两组但是基本没缺席过小组讨论，每次都特别认真地对待工作，人超美超可爱大大滴甜妹真的吹爆！雲姐上课也很有意思，真的学到了好多东西~\n\n可能很多人觉得职规课事情很多，我感觉其实只有每周的小组讨论和情景剧比较麻烦，作业量其实还好。遇到很好的组员真的很重要，遇到脑残组员可能真的会郁闷吧.....\n\n总之很感谢职规课带给我的所有精彩！
176933,3671,蔡云,2023-06-30 18:37:42,4,6,2,没有想象中的好，事多给分不错
177046,3671,蔡云,2023-07-01 09:22:18,0,2,2,最重要的是收获了弥足珍贵的友谊~\n\n当然也学到了职业规划的技巧~\n\n结果是4.8分
177383,3671,蔡云,2023-07-03 05:51:44,0,2,2,啊啊啊啊啊好爱蔡云姐姐！！！真的非常非常好而且上课讲的很多东西个人感觉是很有用的！！！而且我觉得事情也不太多……？也许是这学期比较空闲ww总之非常荣幸在cy老师最后一次上课的时候选上了她的课，也非常感谢我的小组同学们！！遇到大家超级幸运~
177647,3671,蔡云,2023-07-04 04:35:48,-33,10,43,艾斯比
179167,3671,蔡云,2023-08-29 05:24:59,4,6,2,云姐的职规课很出名，选了绝对不亏，不过今年好像不开了。\n\n说实话，给分我是有些失望的，我自己感觉是尽力了，但只拿到4.2，当然这也不能怪老师，可能还是自己比较社恐，完成的作业也不够好吧。\n\n职规课总体还是有耗费挺多时间的，相对于其它通识课，云姐的课大家参与度极高。因此花相同的精力，在其它通识课可能可以拿到4.8，在云姐的课上可能就只有4.2，4.5了。\n\n但话说回来，如果有朝一日，云姐重新开职规课，冲就对了！！！收获与众不同的绝佳体验与友情！！！
191487,3671,蔡云,2024-04-23 13:02:03,-12,8,20,大学失败的开始
201172,3671,蔡云,2024-10-29 14:28:11,2,2,0,上的是蔡老师的大学生朋辈心理辅导课！！团辅的体验很不错，老师特别温柔！！虽然还不知道给分））但是狠狠给老师点个赞先！！
202497,3671,蔡云,2024-11-13 02:20:32,2,2,0,大学生朋辈心理辅导\n\n蔡云姐姐人超级好！好温柔！\n\n事情不算多，只要组织一次团辅最后小组pre，期末会有线上期末考和案例分析考试。平时的课都很有意思，本i人也是乐在其中，最后给分也超级超级超级好！推荐，可冲！
207694,3671,蔡云,2024-12-24 01:32:04,4,4,0,好老师，无需多言
209382,3671,蔡云,2025-01-06 00:44:31,4,4,0,很好的老师
209388,3671,蔡云,2025-01-06 01:02:33,3,3,0,好老師
209393,3671,蔡云,2025-01-06 01:47:07,2,3,1,今日出分，大学第一个满🐔，云姐我爱你
209433,3671,蔡云,2025-01-06 02:55:15,-2,1,3,好老师，上德法课真的有被感化到（当然指的不是课本内容。。），也是拿下了满绩，大爱云姐！
209439,3671,蔡云,2025-01-06 03:06:45,1,3,2,这是老师上多年职规课之后第一次上的德法课，从课程本身来说思政课普遍无聊。但是从课程设计来看，无论是课程组集体推的ai教学还是老师自己准备的“私活”都能见得用心。老师不是传统意义上的那种随随便便就事少分高，而是老师最后打出来的分数是真正真正能配得上你花的时间的。除了课程组统一的要求外，老师要求每个小组要有助教参与的强制小组讨论，其实一学期老师开头说的是4次，实际只强制了2次，最后一节课还给大家发礼物了，真的真的很好很好的老师！细水长流一般真正在乎上课，真正关心学生的好老师！
209584,3671,蔡云,2025-01-06 09:48:50,0,2,2,云姐的德法课我吹爆！给分真的好好，而且上课也很好。伟大无须多言。
209632,3671,蔡云,2025-01-06 11:35:37,0,1,1,4.5满意了……蔡老师超好……顺便提一嘴ta编过浙大数学教材
209702,3671,蔡云,2025-01-06 16:03:47,1,1,0,满绩！爱了爱了。贼好滴老师
209784,3671,蔡云,2025-01-07 06:00:24,0,1,1,无脑选 天使老师
209870,3671,蔡云,2025-01-07 09:38:09,2,2,0,24秋冬 思想道德与法治\n\n蔡云老师以前是教数学的，现在在学校教学处做行政工作，兼上德法课\n\n分数构成：研究性学习（小组完成课题）25%+志愿者活动总结10%+读书报告10%+现场教学心得5%+课堂表现20%（到课情况）\n\n上课几乎不讲书上内容，融入了很多她之前上职规课的内容，算是比较有趣的（因为这课本来上课就没必要听书上的内容\n\n期末考是开卷，基本只要考前几个小时过一遍书上的小标题就行，考的时候记得多写点\n\n比别的老师事情稍多一些，一学期有两三次要求的小组研讨（可选线上/线下），然后我们这学期还有一次课外研学，周末大半天集体到思政教育基地学习（抵掉一次课的时间）。每节课小组都要统计到课人数。\n\n但是给分很好\n\n蔡老师特别能提供情绪价值，就像特别能理解同学想法的大姐姐，最后一节课还送了每位同学一份25年日历，上面有小组每次课的合照\n\n是很好的老师啦
214571,3671,蔡云,2025-02-13 10:05:32,1,2,1,伟大，无需多言
217728,3671,蔡云,2025-04-15 14:08:59,0,0,0,伟大无需多言
30554,3701,吴洁,2016-07-02 02:36:26,-21,13,34,很棒的老师～出卷特别按套路
31816,3701,吴洁,2016-07-05 03:06:38,1,14,13,真的好老师
31828,3701,吴洁,2016-07-05 03:23:17,-7,13,20,老师人太好了\^O^/
31845,3701,吴洁,2016-07-05 04:10:12,-2,12,14,没见过如此胡乱出卷加胡乱给分的老师。神坑
32059,3701,吴洁,2016-07-05 13:53:59,-2,8,10,坑，。
32262,3701,吴洁,2016-07-06 05:16:55,1,10,9,真的无语。来年重修吧。
32496,3701,吴洁,2016-07-07 06:39:03,7,14,7,老师还不错，新来的，讲课基本可以接受。但是但是但是！出卷为啥这么难！一定是我太渣了又不好好复习！只能来年重修了
32761,3701,吴洁,2016-07-12 12:14:49,5,23,18,上课一般，考试说好了计算为主，结果基本上是证明!最后几节课粗略讲的内容占了考试主要部分!还能吐槽什么呢?只能呵呵哒。。。。
33808,3701,吴洁,2017-01-20 14:50:21,24,40,16,我觉得老师讲的不算很有趣 但是该讲的都讲到了 期末考试也比较容易 给分也还好 我这学期边上线代边上几何 几何基本靠自学 最后成绩也蛮不错的 所以还是要靠自己 怪不得老师 嫌弃她讲的不好的 出门左转绩杀夏巧玲
33827,3701,吴洁,2016-10-08 04:06:53,-6,5,11,刷书，一顿狂刷，我只能表示什么都学不到。还不如自学，不要选。
34234,3701,吴洁,2016-12-22 02:13:16,-3,4,7,不如睡觉
34399,3701,吴洁,2016-10-09 07:32:16,1,8,7,挺好的呀
35196,3701,吴洁,2016-11-04 13:05:43,-4,3,7,无语了
38970,3701,吴洁,2017-05-06 09:22:16,1,5,4,挺好的，几何学
39307,3701,吴洁,2016-12-22 04:07:40,-8,4,12,老师上课总是很急的状态，猛讲书上证明习题，学了和没学一样，不明白干嘛要预制这门课，后悔没退，劝诫学弟
41474,3701,吴洁,2017-01-12 01:58:15,10,16,6,看到大家都在吐槽，你们不觉得老师很可爱嘛→_→虽然上课总是严肃脸，另外没想到微分几何均绩那么低……
43774,3701,吴洁,2017-01-20 14:24:45,4,6,2,挺好的讲道理，上面那些人应该是没认真
46062,3701,吴洁,2017-01-20 14:07:07,2,5,3,给分可以啊，不是很差
46096,3701,吴洁,2017-01-20 15:12:19,-5,1,6,我只想问一句为什么几何成绩是分级制？？？搞什么啊
46130,3701,吴洁,2017-03-20 08:13:35,2,8,6,几何确实不怎么听得懂 但是自学嘛应付考试还是够的 给分不错啊
46277,3701,吴洁,2017-01-21 06:15:51,5,8,3,蛮一般吧\n\n不过在几何老师里算不错了
46368,3701,吴洁,2017-01-21 11:01:43,15,18,3,新老师讲课可能没那么好，但我觉得挺不错了，几何老师教我线代，给分真的，真的很好，膜评论里满绩的。当然你可以出门左转绩杀夏姐姐(微笑)
47041,3701,吴洁,2017-01-23 10:32:13,2,3,1,上课确实有点无聊，但出卷不算难，给分也不错
47478,3701,吴洁,2017-01-27 16:41:23,10,13,3,老师是新来的，没什么经验，不过该讲的都讲了，都讲明白了，你还想怎样？至于给分的问题，可能这学期吴洁老师觉得应该多给一点 ，所以，看评论要注意看时间，不过不知道下届给分会怎么样。还是那句话，不满意，请出门左转绩杀巧玲姐。
52050,3701,吴洁,2017-06-14 10:45:38,1,3,2,老师挺可爱的，虽然上课比较按部就班没太大新意，但人家毕竟新老师嘛
64485,3701,吴洁,2017-12-24 12:39:43,-2,1,3,我喜欢
70338,3701,吴洁,2018-01-26 13:08:40,0,0,0,………………
70433,3701,吴洁,2018-01-26 15:18:28,3,4,1,好老师，给分高，还很萌
70522,3701,吴洁,2018-01-27 00:30:55,2,2,0,讲课条理清晰，还是能学到很多。人超级耐心，大家大一没有学过线代结果几何老师把线代讲了一遍。重点，给分巨好呀！
74963,3701,吴洁,2018-03-07 01:07:24,-2,1,3,云里雾里
80940,3701,吴洁,2018-07-03 02:38:02,1,4,3,考试太不按套路了 ?
81574,3701,吴洁,2018-07-05 12:35:36,2,6,4,给分好\n\n颜值高
81586,3701,吴洁,2018-07-05 12:56:35,2,4,2,给分真的是好我觉得
82617,3701,吴洁,2018-07-08 18:19:06,1,2,1,讲的还清楚，就是板书实在是看不清楚\n\n考试范围很迷
91330,3701,吴洁,2018-12-06 03:30:45,5,6,1,复读机。
95542,3701,吴洁,2019-01-19 14:37:51,9,12,3,几何要挂了，五道题一道二十分这个分布我真的搞不懂
95778,3701,吴洁,2019-01-20 04:35:26,2,3,1,老师超级超级负责 有问必答 想学好，肯定没问题的 但 几何学不重视，最后考试结果不会好看的，这跟老师关系不大。
101040,3701,吴洁,2019-01-27 10:04:01,7,12,5,给分差，靠自学
101448,3701,吴洁,2019-01-28 08:17:25,3,9,6,自学一学期 得有史以来最低绩点
111095,3701,吴洁,2019-06-29 15:18:38,2,2,0,老师真的超级好！
113838,3701,吴洁,2019-07-07 17:30:32,6,6,0,我是wjjj的超级迷弟啊。wjjj声线太温柔了，讲课也很清晰，作业也还好。反正不管，我就是要吹爆wjjj的微分几何。
114707,3701,吴洁,2019-07-11 04:36:59,-2,6,8,几何3.9，微分几何5.0，感动哭了
114758,3701,吴洁,2019-07-11 11:13:03,10,12,2,wjjj声音超级好听，人超级温柔又很负责，板书很好看！上课主要是把课本内容梳理一遍，建议不用再抄一遍笔记跟着思路看懂理解课本效果会比较好，作业要认真做，考试题目基本都是跟作业相关的还会有原题，好好准备绩点不会差哦。wjjj用的教材是陈维桓版的《微分几何》（北大出版社的），可能跟预定的教材不一样，可以提前把课本买好！
115027,3701,吴洁,2019-07-14 10:28:46,2,3,1,吴姐姐声音好好听，吴姐姐好好看，，吴姐姐讲课好负责，吴姐姐给分超级好。
121775,3701,吴洁,2020-01-21 23:59:30,2,3,1,给分挺好的，虽然我很菜
123483,3701,吴洁,2020-06-09 06:18:22,2,3,1,老师温柔，给分公正
125354,3701,吴洁,2020-09-07 10:33:21,0,2,2,老师温柔，给分不错
125355,3701,吴洁,2020-09-07 10:33:43,2,2,0,谢谢老师不挂之恩！
125818,3701,吴洁,2020-09-14 12:16:06,-2,6,8,吴洁老师讲的很清楚，微分几何给分过于感动了，轻松满绩
127947,3701,吴洁,2020-12-01 05:19:27,3,4,1,讲得还行吧，但缺少互动
131329,3701,吴洁,2021-02-01 15:47:50,3,9,6,吴老师完美符合我对于女神的憧憬，可惜我只是个渣渣本科生\n\n但是给分差差
132478,3701,吴洁,2021-02-02 01:42:42,-49,7,56,个人听不惯吴洁老师的课，基本都在教室后面几排做数分作业，但是最后两节课好好听了感觉也还不错。\n\n期末考试还行，满了满了
142421,3701,吴洁,2021-11-11 07:43:32,3,4,1,挺喜欢这个老师的
145581,3701,吴洁,2021-12-30 10:36:02,4,8,4,上课比较平淡，给分一般般
148679,3701,吴洁,2022-01-13 07:53:17,23,26,3,【高等代数与解析几何1】\n\n吴姐老师真的是一位很负责、用心的老师，不过她的上课方式略显平淡，比较容易走神，所以上课前一定要好好预习，吴洁老师语速比较快、上课速度比较快，不预习真的很容易就整堂课迷迷糊糊，仿佛听懂了又仿佛没听懂【仅针对没有学习过数学竞赛的同学而言】\n\n整体来说中规中矩，没有什么太大的槽点，也没有什么闪光点，很符合典型的大学数学老师的形象，不过总体来说是一位很温柔的老师。
153320,3701,吴洁,2022-04-28 03:34:03,-2,4,6,人艰不拆，表白姐姐
154026,3701,吴洁,2022-05-19 15:28:42,5,6,1,挺好的，是我自己不争气TT
154027,3701,吴洁,2022-05-19 15:28:52,0,5,5,别删评论啊别删评论啊别删评论啊别删评论啊别删评论啊别删评论啊别删评论啊别删评论啊别删评论啊别删评论啊别删评论啊别删评论啊别删评论啊别删评论啊别删评论啊别删评论啊别删评论啊别删评论啊别删评论啊别删评论啊别删评论啊别删评论啊别删评论啊别删评论啊别删评论啊别删评论啊别删评论啊别删评论啊别删评论啊别删评论啊别删评论啊别删评论啊别删评论啊别删评论啊别删评论啊别删评论啊别删评论啊别删评论啊别删评论啊别删评论啊别删评论啊别删评论啊别删评论啊别删评论啊别删评论啊别删评论啊别删评论啊别删评论啊别删评论啊别删评论啊别删评论啊别删评论啊别删评论啊别删评论啊别删评论啊别删评论啊别删评论啊别删评论啊别删评论啊别删评论啊别删评论啊别删评论啊别删评论啊别删评论啊别删评论啊别删评论啊别删评论啊别删评论啊别删评论啊别删评论啊别删评论啊别删评论啊别删评论啊别删评论啊别删评论啊别删评论啊别删评论啊别删评论啊别删评论啊别删
164674,3701,吴洁,2022-12-23 05:58:54,48,51,3,很好的老师，讲课很细致，但是浙大高等代数的教材编的像shi一样
169499,3701,吴洁,2023-02-26 13:09:41,0,3,3,我哭，耐心温柔还给分好，很喜欢她！！！
170237,3701,吴洁,2023-03-02 06:26:30,-4,1,5,非常好的老师，给分很好
174158,3701,吴洁,2023-06-07 01:33:26,0,0,0,人美心善
177869,3701,吴洁,2023-07-05 06:55:17,8,8,0,姐姐啊姐姐 怎么今年不调一档啊 期中期末这么难，哭死了 肯定是隔壁那个男人唆使的 呜呜呜呜呜
177903,3701,吴洁,2023-07-05 10:57:07,1,1,0,人美心善，不点名。有次看人少了，点了个名给来的人加一分😍😍
178034,3701,吴洁,2023-07-06 10:23:33,-2,3,5,老师上课的思绪很清晰，证明很严谨，但语音语调略显平淡，且语速比较快。老师也是人美心善，小测想尽办法送分，最后给分不错，平时分应该基本给满了。
181591,3701,吴洁,2023-10-24 00:52:18,3,5,2,上课真的不行，基本靠自学，考试给分还不错
184459,3701,吴洁,2023-12-20 05:02:57,10,11,1,讲课讲的很迷，基本靠自学，很难听懂她讲啥，但是人挺好的，不过给分非常求是
185048,3701,吴洁,2023-12-26 04:20:07,5,5,0,美女老师🥹🥹🥹
187303,3701,吴洁,2024-01-15 17:42:52,0,1,1,爱死你了，wj老师
187501,3701,吴洁,2024-01-16 11:42:11,3,3,0,对着教材讲，会把课本整理一下，一些难的证明听了老师的课就会了，上课温柔，比较平淡。\n\n给分很求是，不会捞。
187580,3701,吴洁,2024-01-16 16:21:13,3,3,0,讲课基本是念书 拓展比较少 比较平淡\n\n老师很年轻 人美心善 不过高代这门课本身就是不太捞的
194814,3701,吴洁,2024-06-25 13:36:25,5,5,0,打个10分吧，9分给老师，11分给助教，希望高代不要太低
194819,3701,吴洁,2024-06-25 13:56:06,2,2,0,助教哥哥真的超级好，真的太帅了，非常认真负责
196227,3701,吴洁,2024-07-02 10:37:29,3,3,0,10分送给zjgg
196568,3701,吴洁,2024-07-04 05:54:02,2,2,0,感恩助教哥哥，上课没怎么听懂都是习题课学的。老师会捞人，至少我的分数超过预期。
203232,3701,吴洁,2024-11-18 07:42:31,4,7,3,［高代解几2］我本该在出分后就该在这写下评论，一直拖到了秋冬学期，经历了新的学期的课程，才体会到wjjj的好。首先纵容翘课，曰大学生本该就有自己的规划，点赞👍。作业交了就有分且允许漏交两次，写作业时不用在乎正确率而天马行空般地写下自己的证明，这种感觉真的很棒。我是一直坐在前排复写wj老师的笔记的，一个学期下来写了一百页左右，其实老师的板书很清楚，一节课几个定理加证明，不偷懒绝对可以搞懂。感谢wj，可惜在高代2后我才意识到已经很少能遇到这么好的老师了。
210282,3701,吴洁,2025-01-09 14:44:28,8,8,0,吴洁姐姐，你会捞我的对吗\n\n已好评莫辜负！\n\n补：wjjj 真的海底捞啊，拿到了这辈子都不敢想的分数，我要当吴洁姐姐的一条狗
210582,3701,吴洁,2025-01-09 11:35:09,4,4,0,wjjj和xrjj最好了\n\n一定要捞我啊啊啊啊啊啊啊我爱你们
210622,3701,吴洁,2025-01-09 12:56:22,6,6,0,wjjj上课思路十分清晰，对学生十分宽容，最后出分也十分捞，十分送给十分认真的老师和助教。
210623,3701,吴洁,2025-01-09 12:56:08,6,6,0,上的wjjj的高等代数与解析几何一。wjjj超级漂亮，讲课也很好，书中的例题基本都会讲，板书也很工整。平时小测稍微会比隔壁黄老师的难一些，不过最后期末也很捞。
210627,3701,吴洁,2025-01-09 13:07:35,2,2,0,老师声音很温柔，讲课也还可以，有时感觉有点迷，但一半是因为我蠢。\n\n期末最后捞了，60！！！！！！
210815,3701,吴洁,2025-01-10 04:15:23,4,4,0,海底捞！\n\n老师人美心善，上课可能有点容易困，但笔记很工整！\n\n助教姐姐也很认真负责，改卷相对宽松，水平也很高。
210835,3701,吴洁,2025-01-10 05:08:29,4,4,0,女神！！不点名，海底捞！
210950,3701,吴洁,2025-01-10 08:29:33,1,1,0,吴洁姐姐神中神，感觉高代弱分析很多，但期末远超预期。笔记超级好，小测难度也很适中，爱了
211377,3701,吴洁,2025-01-12 08:15:31,0,1,1,三个字
211439,3701,吴洁,2025-01-11 11:58:29,-1,1,2,wjjj和xrjj都十分！！
214857,3701,吴洁,2025-02-18 10:14:49,0,0,0,海底捞！！！\n\n我宣布我是wj的忠实追随者\n\n讲课略显平淡，学子多需注意
221123,3701,吴洁,2025-06-23 11:15:14,0,0,0,出分前给吴洁姐姐打个好评！吴洁姐姐我们喜欢你❤️\n\n后续：给孩子捞麻了，吴洁姐姐我要追随你一辈子😘表白 wjjj
221172,3701,吴洁,2025-06-21 16:39:29,0,0,0,老师，菜菜，捞捞，呜呜
221427,3701,吴洁,2025-06-23 10:50:54,0,0,0,老师很好，海底捞无需多言，助教gg讲题也非常易懂。老师高代上课语速比较快，有的时候会跟不上。但是老师的笔记还是相当好的，及时预习和复习的话期末补天会轻松很多。
58339,3713,景荣荣,2017-08-29 04:10:55,0,0,0,！！！
117058,3713,景荣荣,2019-09-19 01:12:06,0,0,0,老师上课很好，很有耐心，讲的也很细致
32936,3728,刘东文,2016-08-09 13:22:31,17,20,3,挺博学的，青年千人，水平极高。
38857,3728,刘东文,2016-12-19 14:57:34,6,8,2,还不错
42344,3728,刘东文,2017-01-14 05:00:47,6,12,6,浙大最厉害的数学老师
48702,3728,刘东文,2017-03-10 00:46:01,8,11,3,觉得老师挺好的，还带一点自然萌嘿嘿\n\n
48935,3728,刘东文,2017-04-24 13:02:57,21,24,3,老师有趣！助教也特别有趣！好完美的线代课！
48937,3728,刘东文,2017-03-17 02:50:14,12,13,1,不错，清流
49084,3728,刘东文,2017-03-24 02:33:51,17,18,1,再过几年就是浙大名教授
49250,3728,刘东文,2017-03-31 02:17:09,-20,6,26,小鲜肉。还需要历练
49251,3728,刘东文,2017-03-31 02:17:56,-26,1,27,小鲜肉，还是太年轻
49252,3728,刘东文,2017-03-31 02:45:27,43,47,4,字写得很大
49356,3728,刘东文,2017-04-27 08:21:58,9,10,1,可爱死了！(ღˇ◡ˇღ)\n\n\n\n
49507,3728,刘东文,2017-04-28 03:07:24,20,21,1,老师很好⊙▽⊙，讲课很棒，老师是青年千人哦，优秀是绝对的，老师也有另一面，他会用大家熟悉的QQ和大家讨论问题，也会各种开玩笑水群，有机会上他的课，真的很幸运
49632,3728,刘东文,2017-04-20 15:58:49,26,29,3,老师好可爱啊老师好可爱啊老师好可爱还会水群真的好可爱啊！给大家拜个早年啦！
49639,3728,刘东文,2019-01-20 13:43:21,16,18,2,老师超好超萌超可爱
49895,3728,刘东文,2017-04-27 04:20:10,6,6,0,字很大
49896,3728,刘东文,2017-04-27 04:24:46,13,13,0,超可爱，和助教大大一起演相声哈哈哈
49897,3728,刘东文,2017-04-27 04:24:49,9,9,0,老师很可爱的啦\n\n水群表情包随便来\n\n上课也很清楚\n\n
49898,3728,刘东文,2017-04-27 04:24:53,10,10,0,老师和助教都很棒～(๑•́ω•̀๑)
49899,3728,刘东文,2017-04-27 04:25:09,6,6,0,很萌⋯⋯
49900,3728,刘东文,2017-04-27 04:25:38,37,41,4,很爽，良师益友，超喜欢，都快要师生恋了！
49917,3728,刘东文,2017-04-27 06:33:54,26,27,1,老师上课节奏比较慢，会考虑同学们的接受能力，不预习一样听得懂。老师很年轻，很萌，很有爱，经常和同学们水群，没有年龄差距感。老师还喜欢撸猫，上课比较腼腆。
49922,3728,刘东文,2017-04-27 07:51:16,6,6,0,老师人特别好，关键长得帅，还很会讲课，很腼腆，超可爱，萌萌哒
49971,3728,刘东文,2017-04-28 01:59:55,10,10,0,人帅，没有老师架子，讲课讲的明白，喜欢水群表情包丰富，超级可爱，大赞！
49982,3728,刘东文,2017-04-28 03:08:42,7,7,0,好老师，，
50427,3728,刘东文,2017-05-05 02:10:11,10,10,0,老师上课很好\n\n进度合适\n\n第一节课就说他不点名\n\n上课不看讲义\n\n讲得很好
50679,3728,刘东文,2017-05-04 07:51:07,13,14,1,老师人超级好 助教也超级好 我觉得我上的一定不是线代课 不然怎么会觉得想笑 很可爱的老师和助教哈哈哈哈哈哈
50756,3728,刘东文,2017-05-05 02:07:40,9,9,0,爽爽爽\n\n
50763,3728,刘东文,2017-05-05 03:24:11,10,10,0,我有一句好老师，不知当讲不当讲！
50781,3728,刘东文,2017-05-05 09:12:11,18,19,1,我是一个刘吹！刚进群，请问要按程序吹，还是直接吹？算了我直接吹吧！刘老师是一个非常棒的老师！！！大爱！
51150,3728,刘东文,2017-05-19 03:16:46,10,10,0,讲的超好
52187,3728,刘东文,2017-06-15 15:19:25,8,8,0,老师超级超级好，即年轻又可爱！\n\n浙大第一个喜欢的老师哈哈哈哈哈！
52188,3728,刘东文,2017-06-15 15:31:54,10,11,1,老师你袜子上有小兔子！！！被我发现啦哈哈哈哈哈
52503,3728,刘东文,2017-06-20 14:38:48,9,9,0,不上这老师的课是一种遗憾
53534,3728,刘东文,2017-06-27 02:00:00,7,7,0,自带萌点，声音好听，从不点名，小测容易，考试前会出考前指导炒鸡可爱！
54223,3728,刘东文,2017-06-28 18:05:39,5,5,0,超级棒的老师！！！上他的课你会有一种被宠坏了的感觉！！！\n\n板书清楚，上课讲的也好~
54391,3728,刘东文,2017-06-29 08:45:19,7,7,0,ym我的dwls
54778,3728,刘东文,2017-06-30 14:59:07,4,5,1,可爱死啦
55363,3728,刘东文,2017-07-01 11:09:59,5,5,0,老师超棒的！这学期的助教也超棒。讲课清楚，会在群里答疑聊天。超可爱！
55391,3728,刘东文,2017-07-01 12:05:54,6,7,1,woc 老师是真的太棒了 当时预置的时候查老师查不到还有点担心 现在老师依旧9.83了 哈哈哈 棒的没话说 助教也好棒 怪我期中后没好好听课 不然认真听课估计期末就满?了吧
55409,3728,刘东文,2017-07-01 12:39:23,6,6,0,感觉不听课都对不起老师
56561,3728,刘东文,2017-07-04 03:42:18,5,5,0,很好的老师
56628,3728,刘东文,2017-07-04 06:12:26,4,5,1,讲课的时候有点腼腆 平时回答问题很有耐心 很会水群 表情包都是萌点 喜欢晒自己养的猫 （可能是吃可爱酥长大的吧）\n\n良师益友 好感度爆棚
57060,3728,刘东文,2017-07-05 10:21:11,5,5,0,水平很高 很耐心 平易近人
63386,3728,刘东文,2017-12-02 07:55:15,4,4,0,老师超好的
65392,3728,刘东文,2018-01-03 14:37:08,3,3,0,对待学生的问题特别耐心和热情！
76544,3728,刘东文,2018-04-13 10:59:31,4,4,0,备课认真负责，讲课逻辑清楚，水平非常高！
81377,3728,刘东文,2018-07-05 02:42:57,4,4,0,水平很高！上课能讲出很多自己的东西。专业课的作业会公布老师自己做的答案，可以看出老师真的很用心！而且对学生特别好，如果去找他，他一定很乐意私下了指导你数学！
81665,3728,刘东文,2018-07-05 22:01:54,1,2,1,给分简直不要太好
85590,3728,刘东文,2018-07-20 03:16:30,1,2,1,最喜欢他了
87624,3728,刘东文,2018-10-08 12:41:13,5,6,1,求您继续教代数拓扑吧Orz
91155,3728,刘东文,2019-01-25 02:13:34,28,31,3,我想嫁给他！\n\n我想嫁给他！\n\n我想嫁给他！
91471,3728,刘东文,2018-12-11 05:49:28,2,2,0,刘老师超温柔的，超级喜欢
93316,3728,刘东文,2019-01-09 03:41:39,9,9,0,讲的很细致 抽代一定要选他啊！
99615,3728,刘东文,2019-01-25 04:10:05,3,3,0,好老师，讲的仔细容易跟得上
99630,3728,刘东文,2019-01-25 04:19:42,3,3,0,老师很好，讲得超认真，就算听不懂也要认真记笔记，可惜没好好学期末崩了
99637,3728,刘东文,2019-01-25 04:22:27,9,9,0,抽代讲的很清楚，基本听一遍就能懂
102101,3728,刘东文,2019-01-30 12:36:37,14,14,0,（抽象代数）老师是一个超级厉害的人呐！而且超级温柔声音超级好听的！给分也超级好的哇！期中才69的我最后竟然87！真的哭了！抽代一定要选老师呀！是不容错过的一门课！
105800,3728,刘东文,2019-04-20 17:16:55,9,10,1,5555我是男生我也想嫁给他
110818,3728,刘东文,2019-06-28 09:16:05,2,4,2,字写得不大
114744,3728,刘东文,2019-07-11 08:36:19,7,8,1,老师好得不得了\n\n而且老师已经结婚了。大家死心吧?
140943,3728,刘东文,2021-09-18 05:36:03,2,3,1,好的不得了，代数课选ldw绝对没错，嗯嗯
141982,3728,刘东文,2021-11-03 02:21:24,3,3,0,很想你
154583,3728,刘东文,2022-06-02 08:28:54,2,3,1,太爽了我很爱，代数学必选！！！
154878,3728,刘东文,2022-06-06 11:28:11,2,3,1,东文老师的课从未让人失望
155043,3728,刘东文,2022-06-08 01:40:55,6,6,0,永远想念你
169417,3728,刘东文,2023-02-26 04:50:10,3,3,0,数院废物三个学期的代数都被他捞起来了！！！大爱东文！！！！！
180408,3728,刘东文,2023-09-21 12:44:47,0,0,0,好好好
181218,3728,刘东文,2023-10-12 02:04:41,0,0,0,哈哈哈
184657,3728,刘东文,2023-12-22 06:09:23,5,5,0,虽然还没期末考试，但刘老师讲课很好，备课也很充分，笔记简直是艺术
185990,3728,刘东文,2024-01-07 07:36:23,4,4,0,太赞了dwgg必须十分拉满！
187544,3728,刘东文,2024-01-16 13:51:48,1,1,0,讲得很好，板书清晰易懂，老师人也超好
187612,3728,刘东文,2024-01-16 23:51:50,1,1,0,谢谢老师！你是我的神！！！
187684,3728,刘东文,2024-01-17 06:29:43,3,3,0,上完老师的抽代，出了成绩谁不说一句，刘老师是神！！上课思路清晰，给分也超好！
187840,3728,刘东文,2024-01-17 14:41:57,1,1,0,男神！！！
190316,3728,刘东文,2024-02-28 02:51:33,9,10,1,期末有八十分作业题
190321,3728,刘东文,2024-02-28 02:57:25,3,3,0,伟大，无需多言
196016,3728,刘东文,2024-07-01 07:06:00,1,1,0,dwgg我爱你
196234,3728,刘东文,2024-07-02 11:05:35,4,4,0,这学期上了dwgg的点拓，老师上课很认真，定理证明讲得很仔细，也会补充很多例子辅助理解，每次作业交上去之后都会上传自己写的答案（个人感觉比Munkres网站上答案更简洁易懂吧）然后期末考前把好多不考的知识点都ban掉了真的好感动——最后分不高也是我自己菜的原因（周围同学分数都远超预期啦），总之dwgg的课请放心选——
196938,3728,刘东文,2024-07-06 03:51:41,5,6,1,点集拓扑这门课太难顶了，自认为一个学期都在认真学但是学懂的寥寥无几，但这是我自己菜的问题，和东文gg无关，老师上课笔记清晰易懂，重点明确突出，唯一的问题是上课容量比较大，需要时刻跟紧老师的思路！
197172,3728,刘东文,2024-07-08 13:43:04,-25,3,28,给分确实很好，但恕我直言，一整个学期才讲完两章也实在太慢了吧，太迁就那些学不懂的人了吧？我认为一个好的一学期拓扑课应当上完munkres2，3，4章加上代数拓扑入门
205485,3728,刘东文,2024-12-07 13:01:48,1,1,0,老师讲的很好，自己大致了解到了老师做的方向。
210606,3728,刘东文,2025-01-09 12:15:00,6,6,0,我宣布 dwgg是我来浙的第一位男神！！！伟大无需多言😭
210859,3728,刘东文,2025-01-10 05:39:25,1,1,0,东文gg真的好！\n\n\n\n讲课很清楚，教材也是自己写的，考试一样会给高分，捞人力度很大。
211673,3728,刘东文,2025-01-12 06:49:06,2,2,0,神！神！神！
211710,3728,刘东文,2025-01-12 08:42:30,2,2,0,dwgg男神中的男神！是真的会捞人。\n\n小登下限卡绩5.0致谢，全班没有挂的，冲冲冲！
212623,3728,刘东文,2025-01-14 09:48:55,1,1,0,24-25秋冬上完代数学I来评价一下：dwgg 讲课清晰明快，干练清爽，上课如沐春风；钉钉回消息特别及时；作业 30%，期中 20%，期末 50%，改卷很捞，某题伪证了只扣了4分；整个教学班都被捞及格。
214259,3728,刘东文,2025-01-31 04:04:14,1,1,0,课上的比较慢不会让人听不懂
216081,3728,刘东文,2025-03-10 08:26:05,2,2,0,东文男神无需多言。讲得清楚明白
38534,3737,于飞,2017-01-22 01:46:53,3,26,23,老师超可爱的啊，给分也好好，上课也好萌，反正超可爱，笔芯！
38544,3737,于飞,2017-02-24 12:28:54,22,46,24,给分良心良心良心不能再好就我一命qwq
38631,3737,于飞,2016-12-13 02:42:30,2,13,11,老师还是naive
38635,3737,于飞,2017-01-05 01:45:27,16,29,13,good
38664,3737,于飞,2016-12-14 02:18:18,-1,10,11,能力不错，上课总感觉有些迷糊......还是太年轻
38673,3737,于飞,2016-12-27 05:35:12,-17,19,36,非常好
38685,3737,于飞,2016-12-29 02:12:24,4,10,6,好好好
38686,3737,于飞,2016-12-14 12:48:52,13,18,5,举例子
38706,3737,于飞,2016-12-15 06:57:37,9,15,6,认真听，还是很有意思的
38708,3737,于飞,2017-01-26 07:43:19,8,12,4,很好哦
38710,3737,于飞,2016-12-20 04:38:19,6,11,5,老师好负责的哦还专门来问我期中多少分平时跟不跟的上?
38711,3737,于飞,2017-01-04 05:28:35,34,60,26,老师简直不能再好了，讲课深入浅出，抽象的内容总能找到简单易懂的例子，而且老师每节课必喝可乐，萌萌的老师
38712,3737,于飞,2016-12-15 07:12:52,7,20,13,老师讲课很棒棒哦
38713,3737,于飞,2016-12-26 14:20:20,21,26,5,从此是我们爱上了小小酥+可乐
38714,3737,于飞,2017-01-08 16:37:16,9,16,7,很厉害……
38715,3737,于飞,2016-12-15 07:12:52,38,47,9,不在自习中爆发，就在自习中死亡。?
38716,3737,于飞,2016-12-15 07:13:06,28,50,22,老师其实很负责啊，而且很可爱，每次上课都小小酥+可乐。不过课前一定要预习要预习要预习，课后一定要复习要复习要复习。不然会跟不上。
38717,3737,于飞,2017-01-17 16:01:25,14,18,4,可以带你飞
38718,3737,于飞,2016-12-15 07:16:07,14,23,9,很舒服，能学到很多
38719,3737,于飞,2017-01-04 14:09:20,28,44,16,老师人真的不错。就是他是新老师，讲课方面还有需要提高的地方。数学不好的同学可能会跟不上。因为比较跳。建议预习。否则就等着GG吧。最后资瓷一下于飞大佬。还有，可乐什么的还是少喝点吧。。。
38720,3737,于飞,2017-01-22 01:45:26,80,117,37,给分爽到不能呼吸
38722,3737,于飞,2016-12-15 08:22:31,17,24,7,老师很萌
38725,3737,于飞,2016-12-15 13:29:38,55,107,52,老师敲萌的！讲课如此有风格着实少见，我觉得比对着ppt照本宣科高到不知道哪里去啦。虽然有时候思维会比较跳跃，但是只要认真预习肯定可以跟上的。线代本来就是大家接触到的第一门比较抽象的课程，会有难度，需要自己下功夫，但是不能随便说老师不好哟～
38726,3737,于飞,2017-01-03 05:04:36,1,8,7,评论也是厉害
38727,3737,于飞,2016-12-15 14:10:14,3,12,9,未来可能会有进步吧
38786,3737,于飞,2016-12-19 03:18:20,4,7,3,萌萌的老师
38848,3737,于飞,2017-01-22 01:45:05,28,43,15,今年的给分超级棒。竟然没挂！浓浓师生情！
38891,3737,于飞,2016-12-22 01:53:11,2,12,10,说实话 老师还是too young ……建议大佬选他的课 渣渣我实在跟不上……给10分支持一下吧
38955,3737,于飞,2016-12-29 02:43:06,58,75,17,口头禅：好  我不管了啊  好吧！
38956,3737,于飞,2016-12-20 03:49:46,41,59,18,黎曼几何动力学领域于飞的猜想（手动滑稽）
38994,3737,于飞,2016-12-20 10:13:15,-3,17,20,讲得很不好
39010,3737,于飞,2017-01-08 14:18:46,3,10,7,很好的老师\n\n
39022,3737,于飞,2016-12-20 14:42:15,7,10,3,好6的
39024,3737,于飞,2017-02-27 13:48:51,20,22,2,如果不预习，上课就和听天书一样，就算预习了，上课还是一脸萌比。但是老师炒鸡可爱超级帅，最后给分还是不错的
39029,3737,于飞,2016-12-29 02:27:30,-5,8,13,老师人很好，思维很活跃，上课喜欢用例子说很抽象的理论，感觉很不错。强推
39072,3737,于飞,2016-12-21 03:35:01,4,7,3,于老师是新老师 希望他能教得更好
39080,3737,于飞,2016-12-21 04:28:28,5,8,3,吊，强，牛！
39085,3737,于飞,2016-12-21 04:59:47,6,8,2,很好很好
39169,3737,于飞,2016-12-21 12:12:21,30,40,10,上课听了懵，不听也懵，板书有时看不清，莫名的笑点和笑声，作业少，冬天到了可乐喝的也少了。
39257,3737,于飞,2016-12-22 00:45:50,3,10,7,简直爽的不行！强推\n\n
39259,3737,于飞,2016-12-22 00:46:47,8,16,8,胜利属于兄弟会
39265,3737,于飞,2016-12-22 01:14:40,11,19,8,反正我是自学的
39272,3737,于飞,2017-01-22 02:45:45,8,12,4,给分好
39274,3737,于飞,2016-12-22 02:00:13,10,11,1,棒棒的嘻嘻
39275,3737,于飞,2016-12-22 02:02:11,57,73,16,飞哥日常换电池
39277,3737,于飞,2016-12-22 02:03:45,14,18,4,讲的不错 例子生动  小小酥看起来很好吃
39280,3737,于飞,2016-12-22 02:21:38,7,9,2,超级好\n\n
39281,3737,于飞,2016-12-22 02:25:58,0,4,4,预习复习自习，就能跟上。
39292,3737,于飞,2017-01-22 01:56:44,19,28,9,给分好！
39294,3737,于飞,2016-12-22 03:39:16,-9,2,11,还行吧？
39661,3737,于飞,2016-12-27 02:01:22,4,9,5,老师很厉害
39666,3737,于飞,2017-01-22 02:30:05,3,12,9,老师给分太好了，期末考没考好，期中考只有70分，最后成绩居然有84分，感谢
39705,3737,于飞,2016-12-27 04:56:54,9,11,2,生活就是这样美好
39754,3737,于飞,2016-12-27 10:02:05,5,9,4,看你自己了
39787,3737,于飞,2016-12-29 03:02:27,-3,30,33,厦大扛把子，讲课实力实在不敢恭维，查老师评分这么高我也真是醉，总之以后再看查老师我一定会把评论看到底，我不知道热衷于把老师的分顶高的人是怎么想的，还在群里说为了学弟学妹的幸福，这明显就是恶作剧无疑
39816,3737,于飞,2016-12-29 02:57:14,-5,13,18,大爱于飞。唯一一门预置满意的课程
39923,3737,于飞,2016-12-28 07:40:29,2,5,3,很厉害
39969,3737,于飞,2016-12-28 11:04:22,16,21,5,其实我不是于飞的线代，我的室友预置的都是于飞老师的课，他们至少还活着呀。
40011,3737,于飞,2016-12-28 16:12:19,17,20,3,他有个猜想，和可乐
40023,3737,于飞,2017-01-22 09:39:01,1,8,7,给分行
40038,3737,于飞,2016-12-29 02:15:17,5,9,4,厉害了我的飞
40044,3737,于飞,2016-12-29 02:43:25,3,7,4,于飞超级可爱哒！
40060,3737,于飞,2016-12-29 04:19:06,6,13,7,老师特别好啊，学弟学妹快来选..
40069,3737,于飞,2016-12-29 05:05:13,2,5,3,别走神！别走神！别走神！！！
40076,3737,于飞,2016-12-29 05:43:11,17,21,4,简直是小公举，移动的表情包。讲课都是掐着腰的，可能有些经验不足，但是如果预习的话会有很多意想不到的惊喜，当然你上课听不懂就品不出来了。记得坐前排，教室太大人太多，你坐后面就看不见。\n\n
40122,3737,于飞,2016-12-29 09:49:56,2,5,3,上课上的很很充实
40129,3737,于飞,2017-01-04 05:29:59,30,37,7,祝您自学愉快
40186,3737,于飞,2016-12-30 00:52:55,-1,5,6,超厉害，超认真，不报太可惜了
40188,3737,于飞,2016-12-30 01:02:31,0,5,5,非常好
40189,3737,于飞,2016-12-30 01:02:54,-1,5,6,草鸡开心
40211,3737,于飞,2016-12-30 04:19:24,3,5,2,666\n\n
40228,3737,于飞,2016-12-30 09:04:17,1,15,14,你们这样坑小朋友给高分真的好吗？
40236,3737,于飞,2017-01-24 12:54:49,-8,9,17,还好吧
40275,3737,于飞,2016-12-31 10:47:15,5,5,0,例子生动形象，很幽默
40308,3737,于飞,2017-01-16 14:32:41,1,25,24,绝对垃圾。千万不要选。上面夸他的人只是想让你们入这个坑。选了他的课。你线代就等着自学吧！
40319,3737,于飞,2017-01-02 13:32:17,2,5,3,你听说过于飞猜想吗？于飞就是那么厉害
40669,3737,于飞,2017-01-09 05:16:46,7,11,4,勇气与智力兼备的选择
40670,3737,于飞,2017-01-05 01:53:07,4,6,2,很棒棒
41039,3737,于飞,2017-01-08 14:19:38,0,4,4,超级棒哒～萌萌哒～～
41047,3737,于飞,2017-01-08 16:39:50,4,10,6,室友夸老师夸的我都跑去蹭课了，听了近两个月感觉真心不错
41055,3737,于飞,2017-01-09 01:50:04,5,11,6,听不懂
41102,3737,于飞,2017-01-09 07:34:04,1,5,4,。。。
43181,3737,于飞,2017-01-16 02:57:11,-5,18,23,以后看查老师一定要看到底了，不知道把老师分顶这么高有什么居心，这样坑学弟学妹良心过得去么2333333不怕遭报应嘛
43745,3737,于飞,2017-01-17 02:13:48,11,16,5,老师讲的很好，人又帅，问的问题都会认真回答，学得很开心，明年还会再来的！
43754,3737,于飞,2017-01-17 02:28:33,2,3,1,哈哈哈
45657,3737,于飞,2017-01-20 02:11:49,1,2,1,老师很可爱
46260,3737,于飞,2017-01-21 05:21:03,-3,1,4,中国好老师
46317,3737,于飞,2017-01-21 08:20:29,0,3,3,必须预习，然后就飞了，说不好的绝对没预习。确实有点跳，但是绝对讲清楚，预习了就行。
46519,3737,于飞,2017-01-22 01:43:42,2,4,2,感谢飞哥，期中很炸，期末更炸，还是过了。
46520,3737,于飞,2017-01-22 01:47:14,0,4,4,上课萌！给分好！十分！
46523,3737,于飞,2017-01-22 01:47:42,7,8,1,大概就是一种 感觉自己都要爆炸 结果感觉自己配不上这个绩点的感觉吧
46529,3737,于飞,2017-01-22 01:53:33,6,9,3,绩点全靠师生情……\n\n学弟学妹用心学，老师真的特别用心！
46538,3737,于飞,2017-01-22 02:12:18,2,4,2,好的呀
47079,3737,于飞,2017-01-23 14:39:29,1,4,3,半听半自学，感觉讲得还可以就是有点快，课后自己再看一下就好了。
47143,3737,于飞,2017-01-24 04:18:23,1,4,3,给分好 但是讲的真心不好啊 后排基本看不清老师的板书 蜜汁潦草
47491,3737,于飞,2017-01-28 03:02:52,2,7,5,大佬的讲课水平十分有限。
47808,3737,于飞,2017-02-25 10:20:53,3,6,3,还不错，就是文科生可能觉得有点跳，那个尽量预习复习，上课认真听，不要翘课，尽量坐前排！！！
48048,3737,于飞,2017-02-28 06:34:23,2,4,2,超耐心的老师
48824,3737,于飞,2017-03-14 05:50:28,1,4,3,很奇怪\n\n
51450,3737,于飞,2017-06-05 21:48:11,3,6,3,啊？我抄错了是不是。。。啊不管了。。就这么个意思啊。。。
51472,3737,于飞,2017-06-23 07:23:15,-4,2,6,懂了吧！\n\n
53268,3737,于飞,2017-06-26 09:22:30,4,7,3,给分超好，16年冬学期难到爆炸依然拿到不错的成绩，大爱男神!
55160,3737,于飞,2017-07-01 02:23:47,5,5,0,爽啊 你懂的
56729,3737,于飞,2017-07-27 12:25:43,4,6,2,老师太棒了
56733,3737,于飞,2017-07-04 12:52:55,6,7,1,无法用语言描述老师的好???
58252,3737,于飞,2017-08-28 01:55:21,-4,4,8,不多说了，一学期没学还能上四，老师真的太好了
58884,3737,于飞,2017-09-18 08:40:17,3,7,4,老师……长得超级帅的啊_(:з」∠)_
59182,3737,于飞,2017-09-20 06:07:46,3,10,7,找了一个超级烂的老师替课。辣鸡。线代只能自学了
59183,3737,于飞,2017-09-20 06:12:13,-1,5,6,听不见\n\n
59184,3737,于飞,2017-09-20 06:13:08,-1,7,8,这课怕是要爆炸了 后面根本听不见 讲课真的没条理（不是于飞 是代课的老师 第一节课就这样真的绝望
59185,3737,于飞,2017-09-20 06:17:55,-3,7,10,遇到一学期的助教 线代怎么学
59186,3737,于飞,2017-09-20 06:27:22,-5,7,12,呵，挂着于飞的名，找新老师代课，萌新真的瑟瑟发抖。
59194,3737,于飞,2017-09-20 06:56:37,0,5,5,老师急需练习黑板字的书写
59204,3737,于飞,2017-09-20 07:26:11,-8,9,17,mmp，不是他上的课，一个特垃圾的代课老师，而且据说他的评分是刷出来的。。。正在考虑线代怎么办了，貌似只能自学了
59296,3737,于飞,2017-09-20 14:23:53,3,3,0,hhh
59513,3737,于飞,2017-09-22 03:06:30,4,5,1,爽翻了
59855,3737,于飞,2017-09-27 15:27:59,5,5,0,可爱(๑• . •๑)
59938,3737,于飞,2018-01-20 11:42:42,0,4,4,好，好到不行！！！
60127,3737,于飞,2017-10-11 05:55:49,-4,2,6,卧槽卧槽\n\n
60703,3737,于飞,2017-10-27 05:30:01,9,11,2,给飞飞八分让他不要骄傲哈。这学期代数拓扑创造了每周三十页的惊人速度。想跟上习题进度是不可能的，但课后猛学的话上课听懂不少问题。讲法博采众长，rotman+hatcher，代数推导+几何直观非常贴心^_^。希望多挑几个好的习题，因为本宝宝懒得自己去看^_^
63720,3737,于飞,2017-12-13 12:12:12,-11,1,12,搞科研还行，讲课一般。
65393,3737,于飞,2018-01-03 14:42:59,2,4,2,老师特别热心，会主动帮助同学！
66977,3737,于飞,2018-01-19 13:35:13,6,7,1,抽代考前划重点简直良心!\n\n给老师打call！
68575,3737,于飞,2018-01-23 11:29:32,7,9,2,说要自学的人是怎么听课的呀，我觉得于飞讲课真的棒！就是那种中午没时间吃饭也要去占个前排的那种！非常可爱给分又好！又萌又傻期末94他懵懵地录了个4.9的绩点上去哈哈哈
70311,3737,于飞,2018-01-26 12:08:57,4,6,2,代数拓扑教材是Rotman的代数拓扑导论(GTM119)和Hatcher的代数拓扑，GTM119老师给每个人送了一本。平时的话一节课讲几十页根本学不过来，觉得药丸，还好期末考决定开卷考，出分也贼高，比我想象中高了很多，特地顶一波！
70629,3737,于飞,2018-01-27 10:08:00,5,6,1,给分超级超级好啊啊啊啊啊啊
70866,3737,于飞,2018-01-27 16:00:39,6,6,0,老师讲课很认真，很体谅学生，给分炒鸡炒鸡炒鸡炒鸡好(✪▽✪)
75221,3737,于飞,2018-03-08 05:24:17,1,3,2,real耿直...
76545,3737,于飞,2018-04-13 11:03:15,3,4,1,老师对学生特别热情，会主动帮助学生，水平很高！
79354,3737,于飞,2018-05-31 14:43:21,6,7,1,“医生让我少喝一点可乐”  老师真的太可爱了吧
81379,3737,于飞,2018-07-05 02:56:31,3,4,1,讲课很棒，有很多直观的例子！水平很高，而且很乐意帮助学生。
83357,3737,于飞,2018-07-10 07:24:19,3,5,2,表白小飞飞～
83505,3737,于飞,2018-07-12 17:39:10,-1,1,2,么么哒
84360,3737,于飞,2018-07-12 15:45:13,5,5,0,他给我满\n\n我给他满
84762,3737,于飞,2018-07-13 22:51:08,12,13,1,于飞老师很看态度，会细致的划考试重点。并且改卷基本上只看思路，你懂的话就写，就算有点错，一般也不会扣分的，还是强烈推荐吧，不过上他的课自己还是要花更多的时间，毕竟只是为了考试太对不起你自己。
87770,3737,于飞,2018-10-12 02:44:09,2,4,2,讲的非常棒！就算是比较简单的知识点也能细致地讲，非常关心同学，文科的也能听懂hh
88155,3737,于飞,2019-06-03 10:20:37,25,28,3,老师长得好像懒羊羊哈哈哈哈哈哈ヾﾉ≧∀≦)o
91672,3737,于飞,2018-12-17 13:48:18,-6,7,13,照着课本念例题，不会细讲。基础不好的还是自学吧，听了等于没听。
93307,3737,于飞,2019-01-09 02:58:48,14,15,1,太可爱了吧！！没有人觉得老师长的很像旺仔嘛hhhhh
94005,3737,于飞,2019-01-15 00:40:40,22,26,4,于飞真的是太可爱了，第一次小测的时候还问：“诶，平常坐第一排的那些同学们呢？”哈哈哈真是可爱啊。而且很细心每个定理都要领着证明一遍，发了一些其他版本高数的电子书让我们自学。顺便夸夸助教程金华！！
95036,3737,于飞,2019-01-18 15:26:29,8,8,0,老师也太可爱了吧，偶尔穿插几句笑话，上课很生动，回答问题也很细心...实力表白
95719,3737,于飞,2019-01-20 02:40:23,8,9,1,和旺仔一样   很棒
96096,3737,于飞,2019-01-20 12:47:33,8,9,1,好可爱鸭
96108,3737,于飞,2019-01-20 12:59:54,4,5,1,老师超可爱！
96110,3737,于飞,2019-01-20 13:02:02,4,5,1,老师超级萌！普通话也很标准！
96111,3737,于飞,2019-01-20 13:01:24,6,8,2,老师很棒！助教也棒！可乐更棒！（滑稽！）
96112,3737,于飞,2019-01-20 13:01:33,4,5,1,老师太棒啦！
96114,3737,于飞,2019-01-20 13:02:13,5,6,1,老师太可爱了吧\n\n
96115,3737,于飞,2019-01-20 13:02:36,7,9,2,看着老师喝可乐是最享受的。不过这学期貌似从良和矿泉水了。
96116,3737,于飞,2019-01-20 13:02:46,9,9,0,听课是不成的，老师讲课速度贼快，不过大多按照课本来，所以自学非常重要。但是上于飞老师的课可以让你不那么讨厌数学，因为老师太萌了\(//∇//)\
96117,3737,于飞,2019-01-20 13:04:03,5,6,1,老师超好人超萌的，听他讲课能听懂。
96119,3737,于飞,2019-01-20 13:05:14,10,12,2,红红火火恍恍惚惚哈哈哈哈好老师一枚\n\n顺便夸夸逗比助教程金华
96120,3737,于飞,2019-01-20 13:05:45,2,4,2,老师超棒
96122,3737,于飞,2019-01-20 13:08:05,12,13,1,于老师超赞的，人萌萌哒，问题目也会很耐心的解答，即便是和上课内容无关的问题（前提是数学问题）也会认真解答。顺带点赞程金华助教，虽然神龙见首不见尾，但是还是感觉挺温和可爱的
96123,3737,于飞,2019-01-20 13:09:32,5,5,0,高数，课前推荐先预习，因为老师讲内容快慢跟该内容页数成正比，所以我很多时候感觉一个简单的概念和天书一样的公式讲课时间是一样的[笑哭]老师可爱的。助教也可爱的，微信朋友圈有时会发一些看起来有点中二(？)的话。为助教程金华小哥哥疯狂打call！(可惜没见过嘤嘤嘤)
96128,3737,于飞,2019-01-20 13:15:33,6,7,1,表白老师！表白助教！呜呜呜呜呜呜呜从小就喜欢数学，喜欢计算，享受抽丝剥茧的过程，享受豁然开朗的喜悦。老师和助教都超Nice，记着我还没弄懂的问题，关心我受伤后的课业。虽然我偶尔也会走神，也打瞌睡，也听不懂，但真的很开心上这一学期的数学。高数结课后，可能真的要和数学再见了，但我会记得室友说我做出积分的样子就好像范进中举，会记得那个曾经面对数学题双眼发光的自己，会永远怀念这段最后的数学时光（说不定，未来微积分江湖再见呢？）……
96129,3737,于飞,2019-01-20 13:15:35,3,4,1,老师简直太赞了！一直觉得老师萌萌的像吉娃娃看了评论发现果然更像旺仔！鸡冻拍桌！！
96132,3737,于飞,2019-01-20 13:17:24,3,4,1,美死我了~~
96144,3737,于飞,2019-01-20 13:28:32,1,1,0,老师很耐心，课上讲定理很仔细，还有老师的nl不分的口音真的是很可爱啦。课后问老师问题，老师会很快解答，非常好的一位老师。感谢老师一学期的辛苦教导啦！（还有认真的助教小哥哥）
96149,3737,于飞,2019-01-20 13:31:13,3,6,3,老师教课很好，上课也有意思。老师最后知道难 阅卷松，让我期末卷面分满分。助教真的很棒，点赞。以后数学可能正式结束了，我觉的不深入学一下数学对不起我对这门课程的热爱。\n\n这下学期想要学一下微积分2(但不是于飞老师教让我很伤心），也为我转专业提供有力的保障。\n\n必须打十分
96159,3737,于飞,2019-01-20 13:41:56,7,9,2,说等着自学的。老师还能怎样? 不管是什么课，你自己不学，怎么着都不行的呀。真的，文科高数，高中学过数学的，不预习，跟着老师也绝对能听懂，就算基础不怎么好，你预个习又能怎么着。还有老师从来也没点过名，给分很仁慈，也会给证一些书上的定理什么的，但有时候他讲题真的很不严谨，大概是觉着文科高数随便一点也行吧。于飞? 的，还有一个猜想叫于飞猜想呢！老师长得特可爱，眼还大。人也好。助教程金华，emmm，他删过我们的微信，绝对是因为太受欢迎，同学们很多都加了他，他都不知道谁是谁了，哈哈，跟同学的互动也确实有意思? 。最后说一句，文科高数选于飞不会亏。
96161,3737,于飞,2019-01-20 13:43:30,1,3,2,老师实在是太可爱了，太可爱了，太可爱了，重要的事情说三遍
96169,3737,于飞,2019-01-25 15:41:23,5,7,2,老师人很好啊，憨厚朴实可爱的外表下隐藏着大佬的本质。
96251,3737,于飞,2019-01-20 15:12:02,2,3,1,老师真的很可爱哈哈哈。我数学蛮差的连文科高数一开始都听的很懵逼那种，但是老师后面讲的慢一点了清楚一点了，自己先看看书课后好好做作业还是可以跟上的。期中期末分都超过了预期，很感谢老师！助教程金华虽然很神秘哈哈哈哈但是人很好有问题都会回答，总之文科高数选于老师不后悔啦～
100165,3737,于飞,2019-01-25 16:26:53,0,1,1,喜欢老师萌萌大大眼睛
100330,3737,于飞,2019-01-26 03:11:12,0,2,2,老师眼睛好大啊\n\n助教到底长啥样？
100600,3737,于飞,2019-01-26 11:25:11,4,5,1,喜欢老师，太感动了，平时分全给满。长得那么可爱，买可乐也可爱，平时上课也可爱，群里和大家的互动也可爱，我我我我太喜欢于飞老师了！！！！
100604,3737,于飞,2019-01-26 11:27:34,2,2,0,大爱旺仔于飞～
100786,3737,于飞,2019-01-27 00:23:20,-2,0,2,老师人太好了，是真的可爱啊啊啊
100901,3737,于飞,2019-01-27 05:12:23,0,2,2,老师好可爱鸭～超级喜欢了！
102735,3737,于飞,2019-02-22 05:23:42,1,2,1,老师真的超级可爱ớ ₃ờ!!!很少小测就期末考试前小测过几次，而且人很温柔!!上他的课每错!:
105336,3737,于飞,2019-04-10 04:45:39,2,3,1,超级好
105541,3737,于飞,2019-04-16 09:52:29,22,23,1,单从给数院开的复变来讲...基本是抄书 主要靠自学 虽然人很好但我真的觉得没这么高分...
108313,3737,于飞,2019-05-21 00:58:39,2,3,1,喜欢?
108341,3737,于飞,2019-05-21 10:07:03,-1,1,2,我觉得老师人超级棒，可是讲课呜呜呜呜呜
109177,3737,于飞,2019-06-11 06:52:20,11,11,0,我懒得证了，你们自己看一下书就可以了
109651,3737,于飞,2019-06-18 06:54:18,11,12,1,评论区里感觉很少有上他的复变的啊，上课就是照着书念一遍，期末居然念完了这么多一本书。
113404,3737,于飞,2019-07-06 17:01:56,1,1,0,于飞爸爸给分也太好吧
113421,3737,于飞,2019-07-06 17:13:48,3,3,0,“成绩是人定的” 我吹爆于飞爸爸的给分
113560,3737,于飞,2019-07-07 00:00:42,1,3,2,你给的给的让我觉得我配不上
113561,3737,于飞,2019-07-07 00:00:42,3,5,2,你给的给的让我觉得我配不上
113579,3737,于飞,2019-07-07 00:26:16,3,4,1,于飞的复变函数，因为他讲的课你也听不懂，所以他期末会捞你
113697,3737,于飞,2019-07-07 04:11:30,5,5,0,其实给分好确实没话说，对大多数同学来说都可以拉拉绩点，但可能有的学的真的很好的同学，对他们来说会存在不公平，但也可以理解，老师也不想为难大家，所以理性看待吧
114174,3737,于飞,2019-07-09 02:55:27,4,6,2,（复变）给分吧，确实好，但让我觉得我配不上这个成绩。平时上课基本都是抄书，也会解释一些书里不那么容易一下看懂的东西，教材选得挺好，为大家的自学提供了诸多便利。考试的话，记忆力好，你就赢了。然而不可否认的是，yfgg是很萌萌哒！
114621,3737,于飞,2019-07-11 01:12:53,2,3,1,复变函数，五星好评，老师捞人很厉害~
121678,3737,于飞,2020-01-20 17:30:19,1,4,3,（高数）虽然差一分满绩，但还是要给老师10分，讲课还不错，给分好，重要的是人长得帅
125190,3737,于飞,2020-09-03 08:38:38,2,3,1,给分爽到不能呼吸\n\n考前有考纲\n\n认真负责\n\n好老师！
126629,3737,于飞,2020-10-09 12:57:50,10,12,2,“同学们明天记得要上课啊！”\n\n“今天我们出了一个教学事故”\n\n懂的都懂【ac_01】\n\n很可爱的老师，线性代数概念很多，需要这样活泼的老师效果才好
126695,3737,于飞,2020-10-14 07:15:15,13,14,1,别念课本了呜呜呜，再发展下去都要成qh了
126724,3737,于飞,2020-10-16 00:35:33,5,7,2,qh老师震怒
130009,3737,于飞,2021-01-15 01:44:04,9,13,4,上课完美朗诵PPT，PPT完美复制书上原文，复习课整节课念习题导引上的答案，甚至有时候还卡住看不懂答案，上课还点名，对于希望从老师那里学到东西的同学简直就是噩梦，对于不希望上课喜欢自己自学的同学也是噩梦，难道这么高的分数都是那两门课给分高拉上去的吗，难道那些人都是看到自己分数高就沾沾自喜而不是因为学到东西而感到快了吗
130055,3737,于飞,2021-01-16 03:17:02,4,6,2,全念书真是……
131106,3737,于飞,2021-01-26 03:27:34,5,5,0,上课感觉不太妙
133052,3737,于飞,2021-02-07 08:29:16,2,4,2,上课不要再念书了呀
137079,3737,于飞,2021-06-30 14:04:38,5,6,1,前边默写送了70分，然后那30分就要不起了
137391,3737,于飞,2021-07-03 17:10:24,3,6,3,说句公道话吧，老师教书可能的确没你想的那么好，但是是一个好老师，有水平的，而且可能是英文教材的缘故，但是复变给分有一说一是真的好，不论期末考是差还是好，都会调分的，总之绩点还是蛮高的，但是要想学到东西还是要靠自己，毕竟上课是真的难以听懂。
139186,3737,于飞,2021-07-13 07:25:39,3,5,2,给了老师9分。秋冬学期线代I（H）的学生，最近在评其他老师的时候突然想起来还没有评过于老师，来补一个。\n\n于老师人非常耐心，我们听不懂线性空间他就拿三维的给我们举例子，非常努力地想把抽象的东西具象下来。还有一次，有一位同学约了老师答疑，然后老师提早到了那位同学却没来（心疼老师1s），也说明老师对学生是负责的。\n\n给分真的爽到不能呼吸，平时分几乎都直接拉满，出分的时候还会解释班级人太多了没有办法统一处理卡绩，真的很nice了！\n\n扣的那1分跟其他同学说的类似吧，就是老师上课真的就只是在念书……希望老师能提升一下教学水平吧！\n\n总的来说还是很推荐的！
141698,3737,于飞,2021-10-20 11:50:45,-1,2,3,上课迟到了可能会被说呦
142061,3737,于飞,2022-01-02 06:03:35,7,10,3,讲课讲不到重点，很多感觉要细讲的三言两语直接跳过，导致课后又要重新自学。同时上课节奏忽慢忽快，慢的地方导致容易犯困，这个时候就要小心他要讲快了。\n\n-------------------------------------------\n\n12.7\n\n前面群论讲得一般，就是阿巴阿巴的感觉，第七章的作业基本靠网上的答案。\n\n不过环论和现在的模论就感觉有点攒劲了，比之前清晰得多。\n\n-------------------------------------------\n\n22.1.2 考前一天\n\n思前想后，唉不行。（原评论让我反复笑喷，毕竟情感积压太久了）\n\n或许是Aritn的习题真的很难，虽然于飞老师群论后面至少是讲清楚了，但下文不特指于飞老师：\n\n\n\n我见过很多老教师，他们领导课程小组，上他们的课会收获很多。\n\n我也见过很多年轻教师，他们能抓住学生想要高分的兴奋点，然而课堂上后浪反而摆烂，依靠点名和作业来圈住学生，以“态度”为名。\n\n殊不知仅仅态度不是真正的意义。\n\n职规之类的就算了，但这里是专业课。
145040,3737,于飞,2021-12-27 03:05:21,2,4,2,啥也学不到啊
145321,3737,于飞,2021-12-29 04:21:32,4,5,1,唉不行
145787,3737,于飞,2022-01-02 09:44:09,0,2,2,看到代数拓扑均绩4.62我还以为老师真的是人帅心善呢，结果原来是因为去年（2020-2021秋冬）的代数拓扑80分作业原题，期末考占比60%，背一下就有40+80*0.6=88分，后面只要拿1分就有4.5。今年的这一出实在是把我整蒙了，我以后绝对要劝退任何人选代数拓扑
147952,3737,于飞,2022-01-11 08:00:47,0,2,2,抽代期末给分真心不错！
148359,3737,于飞,2022-01-12 08:31:13,4,4,0,来还愿了，于飞是我的再生父母（❌）\n\n给老师打了10分——因为给分太好了，考前觉得要挂，但最后的给分真的太好了\n\n但老师的上课水平确实一言难尽，建议自学（）
149289,3737,于飞,2022-01-15 03:50:00,2,2,0,代数拓扑期末60分作业题，后面40分，大概是我太菜了，根本没有我能做的题。不过没关系，我猜于飞的给分方案是最高分100最低分90，中间线性赋分。所以怎么样都能混个90。但我觉得，一份真正好的试卷应该是在考查基础知识的前提下适当增加一点难题，而不是出卷无厘头，调分无章法。这和开盲盒有什么区别？成绩出来前，自己也不知道会得满绩、90分、80分还是挂科，而且还什么也没学到。
149894,3737,于飞,2022-01-17 15:22:21,2,4,2,只能说给分太好了。上一学期是wfgg的点拓，这学期是yfgg的代拓。但是代数拓扑怎么说呢。。。相比点拓内容太多了，难度也高，只念书来不及，老师要好好编排一下内容啊。。。。把一些经典的证明好好板书一下，把前面一些很困难的和细枝末节的部分去掉，把上同调的内容再补充一点，我觉得会更有收获的。
150400,3737,于飞,2022-01-24 12:06:47,7,10,3,王枫你什么时候来教代数拓扑（哭
151184,3737,于飞,2022-02-24 05:47:44,-2,0,2,exact
153750,3737,于飞,2022-05-10 05:05:40,6,6,0,同调代数上得不是一般的烂，选他的同调前三思，上课不仅是浪费时间，而且真地会消磨热情和耐心。\n\n\n\n一定要上就做好自学的准备，一路走到底。
154563,3737,于飞,2022-06-02 06:52:19,5,5,0,太可怕了，听老师的《抽象代数》把人给听抽象了，听了比没听还糟。虽然脾气很好也很谦虚，但是还是欢迎大家选课。
154788,3737,于飞,2022-06-05 10:48:38,1,3,2,yhgg超我！🤤🤤🤤
160312,3737,于飞,2022-09-19 00:58:04,12,14,2,大飞老师讲课是能把人气笑的
160774,3737,于飞,2022-10-11 02:25:21,24,25,1,飞哥精通pdf转ppt技术
162254,3737,于飞,2022-11-18 10:14:07,12,13,1,话都说不明白 不知道在讲什么
163150,3737,于飞,2022-12-08 07:01:49,6,6,0,我服了
168224,3737,于飞,2023-02-23 07:28:33,1,3,2,我抽代，代拓（其中一节课）上的是飞哥的。\n\n他讲课十分喜欢跳过（他认为）简单的结论（的证明），甚至这些结论本身都会简略得过分的带过。\n\n然后他抽代还喜欢布置难题，他黎曼曲面上说过他不会布置平凡的题目。\n\n我抽代做作业的时候由于课堂上讲的太快就得看书复习知识，但是不保证看书能看懂。书看不懂后面的作业那不更是。。。\n\n所以很有挫败感，感觉学到的东西不多。\n\n\n\n——————————————————\n\n\n\n原文“反驳楼上发言。人家都说了后面比前面简单。如果因为是新题就不会做是你个人问题”引用结束。\n\n\n\n我当年学抽代的时候，每份作业都有好多题是查网上答案的。我想很多同学都会是这样的情况。你不反思反思这是什么原因吗？\n\n\n\n你们有没有过这样的体验“这次作业的每一道题我都能想出来，虽然废了很大的劲。”，这才是正常的学习。\n\n\n\n抽代很重要的，掌握的深度对于后面的代数拓扑（自由群，上同调环），代数数论（伽罗瓦理论）和表示论都有致命性的影响。正因此，跟你不同，抽代应该熟练的像喝水一样！\n\n\n\n不要只学过他的抽代就对他所有课程的教学风格妄加评论。
168669,3737,于飞,2023-02-21 00:03:44,8,11,3,抽代 考试大放水，给你60分原题和定理让你去背。\n\n但是吧咱出题能不能稍微有点区分度，这卷子我前面60分默写完了，后面题一个字都写不出来？
168727,3737,于飞,2023-02-21 12:57:14,3,5,2,反驳楼上发言。人家都说了后面比前面简单。如果因为是新题就不会做是你个人问题
169066,3737,于飞,2023-02-24 07:40:06,5,7,2,给分极好，能不能学到东西就是另一回事了
171351,3737,于飞,2023-03-22 07:31:17,7,9,2,照本宣科，依托答辩，如果给分好另当别论
172109,3737,于飞,2023-04-19 16:23:13,8,9,1,不适合授课，各位自学吧，我反正被害惨了
173262,3737,于飞,2023-05-17 07:15:22,0,1,1,旁听了几节代数几何课，怎么说呢，选的教材比较的好读，但老师上课是真的听不明白，全靠自学。
174561,3737,于飞,2023-06-14 05:36:11,11,12,1,依托答辩，尽讲些有的没的
177703,3737,于飞,2023-07-04 11:10:05,14,16,2,捞是真的捞，烂也是真的烂
177705,3737,于飞,2023-07-04 11:12:51,3,8,5,讲得是真的烂，但捞也是真的捞[功德]
177746,3737,于飞,2023-07-04 14:26:13,0,2,2,老师很捞
181266,3737,于飞,2023-10-12 12:43:03,2,6,4,第一次上于飞老师的代数课，听了两节就再也不想选他上的课了
182327,3737,于飞,2023-11-14 15:39:46,7,9,2,线性代数。老师在期中考前才发现那本书的内容不用全讲，然后他已经快把整个学期的内容讲完了。。。\n\n之前听说老师精通PDF转PPT技术，现在是都懒得转了。\n\n上得非常烂，但给分不错，擅长自学的朋友们可以冲。
196602,3737,于飞,2024-07-04 08:00:23,1,4,3,虽然上课水，但捞是真捞
198596,3737,于飞,2024-09-10 06:54:08,20,22,2,今天线代第一节课，真的听不懂
198598,3737,于飞,2024-09-10 07:05:08,10,11,1,嗯，讲得感觉一般
198671,3737,于飞,2024-09-10 14:14:46,21,25,4,讲得是个啥玩意 像tm喝醉酒了再来上课 教学大纲写了吗 wc说一句话都说不明白
199021,3737,于飞,2024-09-29 12:00:44,18,25,7,听他上课就像吃屎
199332,3737,于飞,2024-09-21 06:59:30,10,12,2,非常好的老师，把下课挂嘴边
199791,3737,于飞,2024-09-30 02:47:20,17,20,3,千万别来上线甲，来就死
199914,3737,于飞,2024-10-08 07:51:38,10,12,2,上课真的坐牢，听得让人怀疑自己理解能力😰
200059,3737,于飞,2024-10-12 03:39:03,16,18,2,叽里咕噜不知道在讲什么，当老师不用考普通话是中国应试教育最大的错误之一
200390,3737,于飞,2024-10-16 13:10:29,43,47,4,智云课堂识别出来的于飞课堂：啊，嗯，啊，这个这个，啊，好吧
201054,3737,于飞,2024-10-28 03:38:34,11,11,0,打开评论区又不知道该说什么了，难评
201159,3737,于飞,2024-10-29 12:13:17,9,10,1,大学 大不了自学。
202825,3737,于飞,2024-11-14 14:59:36,14,15,1,大不（了我）自（己）多（学一点）
203325,3737,于飞,2024-12-03 10:04:14,19,20,1,线代甲，根本听不懂ಥ_ಥ
204120,3737,于飞,2024-11-24 11:59:23,4,9,5,24新生，✔🔟老师，全部念书照本宣科，恰巧教材又是一坨，慎选
204750,3737,于飞,2024-11-27 15:27:28,11,13,2,今天小测回来给你打十分，这小测简直放海了纯粹送分题，感谢你恩师
205130,3737,于飞,2024-12-02 03:55:32,9,11,2,神仙老师，反向拖堂不点名。线代这个教材质量感觉哪个老师都教不好吧，自学好了🤔
205257,3737,于飞,2024-12-03 10:17:25,8,9,1,不出意外我应该是要G了
205552,3737,于飞,2024-12-09 06:59:20,0,3,3,老师给你九分，求你期末狠狠捞我，求求了。
205630,3737,于飞,2024-12-10 09:19:46,6,7,1,不点名，真心给十分好评，求绩点好看一点
205676,3737,于飞,2024-12-11 05:26:52,4,6,2,好好好
205889,3737,于飞,2024-12-12 12:48:07,6,9,3,大不（了我）自（己）多（学一点）\n\n至少他不点名啊
206514,3737,于飞,2024-12-15 15:37:20,3,6,3,第一节课就说 我们这个教室慢慢会空)确实应验了 也从来不点名\n\n老师最大的优点)据说是给分捞 但是至于为什么要落到人人都要被捞的地步老师就不会给你回答了\n\n还是原话 大不自多
207420,3737,于飞,2024-12-21 12:32:11,7,8,1,一开始我怀疑是不是我自己理解能力太烂了，直到我听了别的线代老师的智云才知道yf讲的有多烂
207423,3737,于飞,2024-12-21 13:08:25,5,5,0,听不懂。讲课思路不清晰
208468,3737,于飞,2024-12-28 06:38:14,8,10,2,不点名，给分好，作业不多\n\n但选他的课就准备好上网课吧
209526,3737,于飞,2025-01-06 07:50:40,3,9,6,人很和善，不点名，巨能捞，考试都不能说放水得叫放海，放完海还会给你捞两下，往上捞一档，绝不会让你卡绩。\n\n但不要指望选他的课能学到东西，他讲课是真的摆，打开wiki和pdf在那里画画写写，一学期下来，你这课约等于白学。\n\n只能说讲课方式和评分标准相适应。
209624,3737,于飞,2025-01-15 09:51:13,3,14,11,上课教的不行，不捞，快逃！
210074,3737,于飞,2025-01-15 11:53:19,12,35,23,于飞哥哥我错了，我不该骂你的，你是刀子嘴豆腐心啊，本来只能考90分的、没想到你给我捞到4.8了 谢谢你🙏
210078,3737,于飞,2025-01-08 07:19:39,12,17,5,讲课讲的不是很好，不捞人，不微调，绩点由系统来定
210083,3737,于飞,2025-01-08 06:11:48,1,2,1,菜菜，捞捞
210107,3737,于飞,2025-01-15 11:08:29,9,15,6,讲得烂 不捞
210145,3737,于飞,2025-01-08 08:40:22,14,18,4,我一整个学期没评过yf的分，就是为了等结果出来再评。客观来说，首先，yf的小测挺简单的(虽然我还是做得不好，这是我的问题)，其次，yf讲的确实很烂，相当于把教材读了一遍，而且大部分人根本听不懂跟不上他的节奏。我的建议是，如果你自学能力OK，而且追求特别高的绩点，那么yf可冲，并且我的建议是，上课不需要听讲，自己上网课就行(智云课堂我强烈安利汤树元老师的23-24课，讲得比yf好10000倍)，习题课还是去一下，要交作业，如果你是自学能力不怎么行，不想花额外时间自学，那么别上他的课，选别的老师比选yf要明智得多。线性代数这门课并没有大家想的那么困难挑战，如果你能在学习的过程中有所思考，结果一定不会太差。然后我的建议是，一定要做历年题，记住是一定，因为考试和历年题总是有一定关联，做题做不出来很正常，先想然后看答案思路，线代题型不多，做来做去就是那几种题，努力总是会有回报的。还有就是，如果你想加强自己的能力，建议买一本《李永乐线代辅导讲义》，这本书建议在学了特征向量，也就是差不多学完的时候买来做，上面的题适合考研，而且也能应对泥浙的题(还能教你一些好方法)言而总之，yf的线代现在看起来不会特别捞，但是小测更简单，线代多刷题，多积累知识点，一定能取得好成绩
210339,3737,于飞,2025-01-09 03:03:28,2,6,4,呵呵，垃圾
210601,3737,于飞,2025-01-09 11:57:16,6,7,1,谁说他捞的
210721,3737,于飞,2025-01-10 01:17:36,-17,1,18,认真的好老师～
210734,3737,于飞,2025-01-10 01:35:04,38,39,1,你是不是黑化了
210802,3737,于飞,2025-01-10 03:42:01,7,8,1,建议速润
210984,3737,于飞,2025-01-10 09:22:57,8,9,1,捞个锤子
210989,3737,于飞,2025-01-10 09:36:10,3,4,1,讲的很一般啊，上课让同学们自己做题目
211046,3737,于飞,2025-01-10 11:45:02,6,7,1,线代讲课贼烂，自学能力弱的不要选
211056,3737,于飞,2025-01-10 12:20:21,4,5,1,不预习和预习一遍根本听不懂
211073,3737,于飞,2025-01-10 13:25:59,0,6,6,说句公道话，自学能力强的同学选老师的课绝对是最佳的。老师不点名，小测简单，平时分拉满，作业不多。就冲这几点，找本好的教材和习题集认真学透练会，成绩出来绝对不很差。况且线代本身就是一门需要课下花大量时间自己悟的学科。\n\nanyway，自学能力差的不推荐选，想高效利用课堂时间的不推荐选，不能投入大量时间的不推荐选。
211260,3737,于飞,2025-01-11 05:42:51,-34,5,39,虽然我满绩，但讲课听不懂，有时还是自学。但有问题问他他会告诉你，而且讲得挺清楚的。
211826,3737,于飞,2025-01-12 15:23:04,9,11,2,讲课不如不讲，各种n的结论，写个n为三的情况就说给你们证过了 其他也就只会读教材。期末证明题跟答案方法不一样没给分，讨论过没问题也不让改，无语了，没看出来哪里捞了，真别选
212309,3737,于飞,2025-01-14 01:17:56,-14,3,17,捞捞捞
212741,3737,于飞,2025-01-14 16:21:50,19,21,2,呵呵，“我说的很明确了，答案错了过程一分都没有”。全班整整7个人上了90分，一眼望去，40多50多60多的期末分数扎堆。上课是一点也听不懂的。花了那么多时间在b站上学习宋浩的课，也刷完了近6年的试卷，最后期末出来的分数也是一言难尽。人家隔壁黄正达因为太捞了给学生提了分数被举报了。我们家于飞“绩点由系统来决定，我不参与绩点打分。”你的班级期末考平均分低了人家班级20分你害不害臊啊。听你的课一度让我认为我是个连大专都考不上的fw，直到上了宋浩还有智云的课才明白不是我的问题，是你烂到没对手了。
212934,3737,于飞,2025-01-15 09:55:44,1,3,2,期末77，mooc 做满，小测总分差不多第二档次的赋分，最后87，作业分应该是满的，说是不捞但好像给分也不错？仅个人情况，供参考。
212936,3737,于飞,2025-01-15 09:58:51,2,6,4,上课非常垃圾，而且不捞，因此只能获得低分
212939,3737,于飞,2025-01-16 03:15:02,8,11,3,捞个🥚
212946,3737,于飞,2025-01-15 10:12:09,-4,3,7,这次是统一阅卷改的很严，小登期末在准合格线之下，还是被捞及格了😭😭
212951,3737,于飞,2025-01-15 10:24:11,7,8,1,讲得也不好，这学期也不捞了，唯一优点大抵是不点名
212964,3737,于飞,2025-01-15 10:56:00,3,4,1,讲课水平拼尽全力无法战胜\n\n说他捞的只能说他今年黑化了“绩点由系统来定，我们不根据个人情况微调”
212972,3737,于飞,2025-01-15 11:27:41,6,7,1,垃圾玩意，如果不是有人说你捞我早退了，结果本来期末考挺满意的分数一坨
212983,3737,于飞,2025-01-15 12:05:19,5,5,0,课是讲的烂的\n\n点名是不点的\n\n捞了吗？如捞，喜提本学期绩点最低的一门课。\n\n自学能力无敌的大佬可以选，其他人快逃！！
212992,3737,于飞,2025-01-15 12:23:04,2,4,2,今年黑化了
212994,3737,于飞,2025-01-15 13:17:10,0,0,0,从不点名，小测比较水，平时分会捞一点点
213010,3737,于飞,2025-01-15 14:45:07,4,4,0,讲的真的不行，也不捞，快跑
213015,3737,于飞,2025-01-15 15:00:58,4,4,0,线性代数甲\n\n1. 上课讲得很烂，基本上等于没讲。如果光靠上他的课学，基本比其他班低特别多分。\n\n2. 不点名。\n\n3. 小测出得简单。\n\n4. 个人感觉不捞，反正我是一点没被捞到。\n\n5. 自学能力好的人或者大佬可以来，作业不多上课也可以不来，其他人快跑！
213078,3737,于飞,2025-01-16 02:54:15,6,9,3,不要被评论区骗了，他一点都不捞的！（至少我是一分未捞，跟我预估的成绩一丝不差）那些说他捞的大都是因为小测分给满了，但小测本来就是赋分，总有相当多的一部分人可以拿满！！！
213140,3737,于飞,2025-01-16 05:58:40,4,7,3,又不捞讲课讲得又差！！多的两分评分给助教助教人很好，，，除非你自学能力很强，不然别想着绩点高。
213161,3737,于飞,2025-01-16 07:24:14,31,34,3,线性代数。上了一坤年大学，yf是我见过的上课最答辩的老师，没有之一。作为任课老师不知道考试范围，期中考前讲完了全部内容然后说“啊？我以为9章都要上的”，然后就掏出高等代数课本讲他的高等代数。整个学期全程梦游，课程组的通知完全转发自己看个不看，有些明显发给老师看的通知看也不看直接转钉钉群，怀疑他是不是有基本的汉语理解能力。考试和小测喜欢吧“是不是在作弊啊”挂在嘴边，认为同学校园卡上照片和本人长得不像就怀疑是代考（樂）。第一次小测全班成绩很差就急，说考那么差还不来上课，您要不要看看您自己上的课那是一坨什么东西？至于期末，无所谓捞不捞的，反正靠自己。只能说yf抽象至极，喜欢搞抽象的朋友们不妨来选一选（bushi）
213446,3737,于飞,2025-01-17 11:57:07,2,4,2,说不清楚捞没捞，就算捞也没之前学长说的那么捞了
213475,3737,于飞,2025-01-17 15:08:44,1,4,3,没被捞
213501,3737,于飞,2025-01-18 02:39:42,1,2,1,好像没有传说中的那么捞，我只比预估高了几分，（期末70，最后总评80）
213575,3737,于飞,2025-01-18 10:11:46,13,13,0,讲课很烂。。。
213806,3737,于飞,2025-01-20 04:25:52,-24,5,29,好老师！
214455,3737,于飞,2025-02-05 06:28:53,6,6,0,不捞讲课也不好。。
214738,3737,于飞,2025-02-17 07:33:36,7,7,0,史中史
214782,3737,于飞,2025-02-18 02:06:51,0,1,1,捞nmd
214912,3737,于飞,2025-02-19 05:29:41,-6,0,6,牛逼👍🏻
215199,3737,于飞,2025-02-24 06:32:54,11,12,1,你看不出来这个哥们有真正备课，咋感觉他上课比我还水
216137,3737,于飞,2025-03-11 03:31:36,16,17,1,上课唧唧呱呱讲一大堆废话，普通话不标准语速还很快。从不写板书，只会在电子教材上乱涂乱画。小测期末全面贯彻结果错误全部0分。期末一点不捞。
216340,3737,于飞,2025-03-13 13:42:28,4,4,0,笑死我了
216474,3737,于飞,2025-03-17 06:33:45,35,37,2,你们见到过第一次课说不点名，然后反悔的老师吗，这就是于飞\n\n一个比抽象代数还抽象的老师\n\n爆典：“你们去图书馆自习啊，其实效率很低的啦，真的不如来听一下老师的课，对吧，上课就图一个氛围嘛。”
216491,3737,于飞,2025-03-24 07:32:18,7,9,2,纯乐子人
216494,3737,于飞,2025-03-17 10:19:20,3,5,2,史中史
216499,3737,于飞,2025-03-17 12:16:04,4,5,1,诗人握持
216503,3737,于飞,2025-03-17 12:59:11,6,6,0,开始悄悄点上名了哈
216582,3737,于飞,2025-03-19 01:53:39,8,9,1,上课讲得不好，还会突然点名
216992,3737,于飞,2025-03-31 05:58:00,10,10,0,逆天，开学说不点名然后上了几周突然纸质点名，真有你的
217006,3737,于飞,2025-03-31 08:27:01,4,4,0,讲课如gs
217230,3737,于飞,2025-04-05 10:55:39,6,6,0,为什么大伙都逃课去看其他老师的智云，你不反思一下吗？还突然开始点名
217266,3737,于飞,2025-04-07 07:54:50,4,4,0,真乃神人也！
217291,3737,于飞,2025-04-07 15:47:21,6,6,0,说实话老师是心是好的，点名是因为一百四十个人来个四十个不到……上课水平有待提高也是事实
217359,3737,于飞,2025-04-09 03:34:21,5,6,1,黑化了求是了
217386,3737,于飞,2025-04-09 09:43:37,0,0,0,我服了
219389,3737,于飞,2025-05-26 08:07:50,8,8,0,答案错误过程分一分不给，说不签到看人少又搞点名，线代讲课极烂
219467,3737,于飞,2025-05-28 02:48:14,4,4,0,烟斗不延了
220236,3737,于飞,2025-06-16 14:25:53,2,2,0,讲的奇烂无比，话筒声巨响，神人
220431,3737,于飞,2025-06-18 02:32:55,2,2,0,教学方式不改，瞎改考试形式
221183,3737,于飞,2025-06-21 23:42:57,0,0,0,Pt-190 is beta-stable
221233,3737,于飞,2025-06-23 07:37:13,1,1,0,懂的都懂，1分给上
221241,3737,于飞,2025-06-22 07:19:34,1,1,0,史中史！虽然最后成绩不错但跟老师半毛钱关系都没有！你要不看看你自己整天上课叽里咕噜在讲什么呢我真服了
221391,3737,于飞,2025-06-23 07:38:14,1,1,0,这个逆天考试模式害了多少人
221778,3737,于飞,2025-06-26 07:48:22,-1,0,1,老师确实很好，平时分也很捞，讲课也有趣易懂，强烈推荐
221841,3737,于飞,2025-06-26 16:35:08,1,1,0,综评捞到了上一档最低分给满分\n\n讲课一塌糊涂，自己逻辑都搞不清楚，还一会“这个”一会“那个”的，倒扣3分\n\n瞎改革试卷，搞什么ai批卷，再倒扣2分
41987,3740,张庆海,2017-01-14 04:20:37,5,13,8,为班主任续一秒
41989,3740,张庆海,2017-01-13 11:18:35,7,17,10,室友说好，那就是真的好！
41992,3740,张庆海,2017-01-13 11:20:56,63,85,22,好老师，儒生脱尘，谦谦君子，温润如玉。\n\n
41993,3740,张庆海,2017-01-13 11:21:05,3,11,8,挺班主任，讲课很好。
42011,3740,张庆海,2017-01-13 12:07:59,14,21,7,海神超级酷 满分一个
42040,3740,张庆海,2017-01-13 12:54:03,3,11,8,良心好老师，挺一个
42061,3740,张庆海,2017-01-13 13:19:28,3,11,8,良心老师
43047,3740,张庆海,2017-01-15 15:24:09,29,52,23,老师真的特别特别特别好！！超温柔的！！还给你讲各种学习方法！！你特么学不会的东西直接跟他讲，他就干脆不考了！！大作业说不做就不做！！MATLAB说不考就不考！！敢问哪个老师这么好？！
43135,3740,张庆海,2017-01-16 00:23:20,17,31,14,老师认真的良心爆炸好 有什么问题不会的和他说  他都超级宽容 那没事的那我们迟点再交作业 讲义写的特别好 对学生特别好 很有气质 会说自己的经历 很好玩很好的老师！
43670,3740,张庆海,2017-01-16 17:25:15,3,13,10,班主任男神啊！！！
44832,3740,张庆海,2017-04-06 14:18:50,28,46,18,我有一壶酒，足以慰风尘，尽倾江海里，赠饮天下人。
44858,3740,张庆海,2017-01-18 11:50:15,5,15,10,呜哇海哥男神！！！！！\n\n超爱他的，对学生超级好！！！\n\n是那种一提起他名字，就会想到君子两个字的人。
45359,3740,张庆海,2017-01-19 12:40:34,3,11,8,讲课有趣，给分好，很能为学生着想，挺好的老师
47314,3740,张庆海,2017-01-25 07:46:23,2,13,11,听海神讲课就是一种享受
49112,3740,张庆海,2017-03-27 01:54:40,27,44,17,一阴一阳谓之道也
49270,3740,张庆海,2017-04-01 02:13:13,26,42,16,引领浙大向国际一流教育水准发展的新生派中坚力量
49672,3740,张庆海,2017-04-23 07:04:27,15,37,22,复变函数学了半个学期啥都没学到
49673,3740,张庆海,2017-04-23 07:08:09,-7,21,28,老师您还是教数值逼近吧，复变我们自学就好
50879,3740,张庆海,2017-05-08 01:58:11,2,13,11,希望老师多讲复变函数
50888,3740,张庆海,2017-05-08 04:54:38,8,14,6,你们真当老师不看查老师？2333
50969,3740,张庆海,2017-05-10 13:03:33,9,22,13,如果你除了复变什么数学课都想学对数学哲学有兴趣顺便还想听两句中国古代文学的话，请选张庆海老师的复变。
50971,3740,张庆海,2017-05-10 14:03:18,1,13,12,再来为班主任评一个满分！(๑•́₃•̀๑)\n\n就是喜欢海哥！虽然海哥要求很高但是还是很喜欢海哥的课٩̋(ˊ•͈ ꇴ •͈ˋ)و
50972,3740,张庆海,2017-05-10 14:30:46,-9,17,26,嗯？居然有人对我的海哥哥有负面评价？？？我的海哥哥这么完美的人！应该满分才对！
51019,3740,张庆海,2017-05-13 12:09:45,3,12,9,听尊师授课，如春风化雨
51033,3740,张庆海,2017-05-15 02:04:22,17,24,7,首先，海哥很聪明，哈哈哈，ym?\n\n如果海哥看到的话，想说，复变教材后面答案太省略，有时候甚至判断不了自己的对错。如果能将某些题给出。
51272,3740,张庆海,2017-05-27 00:26:44,15,25,10,既然海哥会看查老师…那我要说几句 海哥人是真的好也是很优秀的老师 但是我对复变的附加作业不是很能理解…作业下面说这是附加作业不做对总成绩没有任何影响 但是我看见的是大家都去做这个作业了 （刷夜赶ddl什么的）大家都做了那还叫啥附加作业啊 而且附加分这个东西很迷啊 仿佛是飘在空中的东西
51352,3740,张庆海,2017-06-01 15:06:30,0,9,9,良心好老师
51446,3740,张庆海,2017-06-05 15:52:56,2,12,10,有匪君子，如切如磋，如琢如磨。我们不在学复变，但是我们在学数学。hhh个人认为这是一门可以改变对数学认知的课，当然是变得更喜欢数学啦。
51490,3740,张庆海,2017-06-06 12:04:53,13,24,11,看到某些评论我只能笑笑。自己学不好往这发泄什么，评价之前先想想这一个学期对不对不起老师的付出再说吧！哪个老师会这样每个星期发自己写的讲义？哪个老师会这么关心每一个同学？哪个老师还自己掏钱为同学印东印西？并且真心倾听每一个发声同学的诉求？如果你想好好学，张老师就是十分，甚至我觉得我都不配评价他。如果你想水水课就好，对不起要让你失望了，老师还真没那么“高”的分。
51500,3740,张庆海,2017-06-22 07:29:16,-10,21,31,\n\n我也想帮楼上说两句哦，复变期中考试之前海哥哥的评分是9.8多，参与评分的有25个人左右，应该大部分都是信计的同学。我室友是信计的，他说海哥哥是他们全班同学心目中的男神，讲课认真，关心同学，给分也好。注意，给分也好。期中考试后刷的一下掉到8.5，可以理解是数应的一些同学觉得被期中考试坑了，所以评价很低。对于这些同学我想说，第一，这仅仅是一个期中考试而已，并不是最终成绩，不必急于下 海哥给分差 这样的结论，他的数逼给分这么好肯定也不会故意跟数应的同学过不去（当然如果期末考完后大部分同学都说复变给分差了我自己打脸）；第二，仅仅以给分好坏为评价一个老师唯一标准的做法真的很自私，极端自私，凭良心说海哥讲课不好吗？学不到东西？我和我认识的不少同学都觉得收获很大呢，我觉得海哥对于研究复变函数的数学思想挖掘得很透彻啊，再说最起码在他的督促下学到的latex是一项很重要的技能。
51771,3740,张庆海,2017-06-19 04:35:53,3,7,4,挺好的.
51784,3740,张庆海,2017-06-10 04:16:42,2,12,10,上面这条评论说的挺好，不过我想提醒的是，我没说不能有负面评价，只是这些评价的客观性存疑。你可以仔细看看，所谓的负面评价产生的时间点，一次是期中考完当天，一次是公布期中成绩当天。还有，我还不知道查老师已经变成意见箱了。
51798,3740,张庆海,2017-06-10 11:48:36,21,33,12,太过理想主义，想把自己得数学理念传达给同学，反而忽视了基本内容。六周上完柯西黎曼条件实在是太慢了。这些内容我觉得不是教会的而是自己悟出来的，老师就应该多讲讲具体难点背后的思想，而不是泛泛而谈
51826,3740,张庆海,2017-06-11 16:19:58,1,7,6,听说有老师自己的评论，你们猜是哪个？
51844,3740,张庆海,2017-06-12 09:03:35,-7,10,17,不喜欢，想要教会我们学数学的方法，但是自己这门课都教不明白
51918,3740,张庆海,2017-06-22 04:13:54,11,20,9,海哥今天拖着两个行李箱来上课真是太萌了哈哈哈哈哈哈 良心好老师
51953,3740,张庆海,2017-06-14 01:58:49,17,27,10,这下好了，附加题没了，每周都是十几个题，不知道那位对附加题有意见的同学后悔了没 (￢_￢)
52097,3740,张庆海,2017-06-14 16:40:49,0,7,7,老师太好了
52310,3740,张庆海,2017-06-18 12:41:52,-3,3,6,就这样吧
52658,3740,张庆海,2017-06-22 03:45:08,8,14,6,海神是个好人，也是一个好老师，但是这门复变确实是没有上好，起码对于大部分同学来说。直到最后一节课还在讲新课，最后两三周进度快得飞起，作业每周十几题十几题地布置…根本写不完也跟不上。希望复变不挂吧…
52673,3740,张庆海,2017-06-22 05:38:14,23,33,10,复变考前评，感觉自己整学期都比较水逆，懒得不行，一直有一种很崩的感觉……今天看到海哥拖了两个大箱子（里面都是为我们整理的讲义）上课，顿时就很感动……真正为学生所想的老师，学到的也不仅是复变……感觉即使对不起自己，也不能对不起老师的良苦用心和“精心策划”……最后跪求大佬们，不要刷分！不要刷分！！不要刷分！！！算了，还不如好好复习，感觉自己花在复变上的时间还不及老师的一个零头，就不要谈成绩……无论结果如何，海哥是我男神，极力推荐～
53605,3740,张庆海,2017-06-27 07:04:29,18,25,7,在浙大第一次见下这么大力气给本科生上课的老师，两次见到拉着箱子搬讲义真的是感动\n\n给海哥一个建议吧，下学期还是用visual complex analysis那本书吧，跟上课的风格绝配，这学期选的书……感觉跟上课的风格不搭（找不到合适的语言来表达）
54032,3740,张庆海,2017-06-28 09:14:10,5,8,3,最后几周进度突然拉得飞快，真的很难跟上，老师准备讲义真的辛苦了，但是感觉讲义也有很多地方写得模糊不清，基本靠自学了，哭
54140,3740,张庆海,2017-06-28 14:12:37,3,6,3,什么时候给分成了一个老师的评价标准了？再说了，海哥哪里给分差了…
54266,3740,张庆海,2017-06-29 02:16:41,0,10,10,不是说第八章的不考吗？怎么就成了送分题了，还有就是，最后成绩是考虑平时分然后再排名，还是就看期末考呀？\n\n
54267,3740,张庆海,2017-06-30 14:38:29,-10,3,13,给分好的不像话?
54289,3740,张庆海,2017-06-29 03:25:06,16,18,2,这学期的复变函数。老师真正做到跟学生深入交流。这学期经常跟老师发邮件讨论一些问题。每次老师都会及时详细回复。对同学的思考给予肯定。讲课的思路有时候挺跳跃的，注重背景知识。唯一不足就是背景知识其实在预休课程里面已经讲得挺详细的了，就没必要去死抠一些背景定理的证明了。要给老师好评，尤其是讲义。真的发现自己这学期进步许多。老师让我看到了各个课程的内在联系，不是简单的这里需要用到线性代数而就把线性代数的东西拿来用，而是这里用到线性代数就讲一讲复变函数跟线性代数的这部分知识有什么本质联系。很棒很负责的老师！
54293,3740,张庆海,2017-06-29 03:42:22,12,16,4,张老师真的是一位很负责任而且很有耐心的老师，之前我从未见过哪位老师会这么详细地把所有内容亲自整理成讲义，还装订成册发给同学们热的。更让我印象深刻的是期中考试的时候，我自身因为出现了比较大的问题，我联系老师后，老师还耐心帮我处理了补考的事宜。虽然期中和期末考试都考得相当不理想，考完甚至心态有点爆炸，但也只能怪自己没有学懂，悟透，没有真正理解讲义的精髓。既然老师会看这里，唯一我觉得可以改进的一点就是教学进度安排有点虎头蛇尾，在前面的内容消耗了太多的时间，导致后面不停地在赶进度，从而显得有些乱。但整体而言，海哥还是我见过的最负责任的老师，是一个试图传达知识以外，更注重于数学思想的理想主义者。
54316,3740,张庆海,2017-06-29 05:39:37,6,8,2,海神是真的很棒 ，这么认真教课的老师是真的不多见了，考试真的要认认真真弄懂讲义。很庆幸找海神做了SRTP，跟海神聊天觉得他有很强大的赤子之心，是真的很想帮助同学们更好的学习。最后希望复变还是有个好结果吧
54376,3740,张庆海,2017-06-30 03:59:11,3,5,2,海哥人超好。感激。
54970,3740,张庆海,2017-06-30 13:45:48,0,6,6,本以为期末考了二十分就该挂了，结果给了3以上。一学期老师的付出大家都看在眼里，感谢。
54973,3740,张庆海,2017-06-30 13:51:03,-2,6,8,期末考考的超级烂 但是给了3.6！！给分太好了 给海哥比心心
54977,3740,张庆海,2017-06-30 14:02:01,8,9,1,我都没挂那大概就没人挂了\n\n
54978,3740,张庆海,2017-06-30 14:03:35,3,6,3,老师真的很负责很关心学生，快两年了也是第一次碰到上课这么用心的老师。自编的讲义很棒，也通过这门课学会了latex。但是这学期的复变函数课程进度上可能安排得不是非常合理，后面太赶了。很遗憾我没有在复变上花足够的时间，学得也是一知半解，很遗憾。再次感谢老师。
54979,3740,张庆海,2018-02-02 12:46:58,-43,4,47,对不起海哥，上半学期自以为是的以为海哥什么都没讲还老说海哥坏话，结果下半学期教的突然超级棒，感谢海哥的满绩
55004,3740,张庆海,2017-06-30 15:35:53,3,4,1,是一个不可多得的好老师
55215,3740,张庆海,2017-07-01 04:03:29,6,7,1,Thinking globally， working locally.\n\n感谢海哥在数学知识体系串联上的帮助
56375,3740,张庆海,2017-07-03 15:12:09,-1,0,1,老师很负责，但是上他的课要提前预习，否则会跟不上老师的进度?
57197,3740,张庆海,2017-07-06 04:12:32,-4,0,4,...
57731,3740,张庆海,2017-07-13 06:11:14,19,20,1,你们上完一个学期敢和别人说自己学过复变函数吗？
59636,3740,张庆海,2017-09-25 05:42:38,-2,0,2,好老师行了吧
59708,3740,张庆海,2017-09-26 05:30:15,3,8,5,鸟，吾知其能飞；鱼，吾知其能游；兽，吾知其能走。至于龙，吾不能知。希望学弟们能好好理解张老师的深意。
64182,3740,张庆海,2017-12-21 08:36:08,2,3,1,对不起，上的很好但是智商不够真的一路被碾压…一学期学了matlab，latex，流体力学，拓扑，离散，科算，黎曼几何，微分流形。而且还是我自己偷懒一半课没听的前提下，所以没学emac，linux等部分。一门课顶四门课。不过张庆海爸爸还是很厉害的，男神
74614,3740,张庆海,2018-03-04 17:49:51,1,1,0,好老师，很关心学生。无论多小的事情找老师，老师都记在心上。
77818,3740,张庆海,2018-05-08 03:14:46,-1,2,3,海神真的是非常负责且为学生着想的老师！
79060,3740,张庆海,2018-05-22 00:28:07,-3,0,3,????
80564,3740,张庆海,2018-06-28 02:35:09,0,1,1,考前评，后半程才开始听课已经听不懂了，但海神真的好老师，后悔自己没好好学。
91111,3740,张庆海,2018-11-30 06:47:00,4,5,1,你们上完一个学期敢和别人说自己学过代数拓扑么？
92982,3740,张庆海,2019-01-06 13:37:31,1,1,0,人生导师张庆海!！！
94491,3740,张庆海,2019-01-17 01:33:23,3,3,0,不走寻常路的老师，喜欢的人非常喜欢，不喜欢的人也会比较反感。上课的风格是非常偏应用的，连代数拓扑都能搞编程题出来。准备做基础方向的同学可以看作是雷。
95904,3740,张庆海,2019-01-20 07:57:58,0,0,0,课上得很应用，不点名，给分好。
104617,3740,张庆海,2019-06-26 13:31:40,17,21,4,早上考试晚上出分，海哥牛逼
104789,3740,张庆海,2019-03-28 02:14:31,9,11,2,老师本意应该是想让我们严谨一点，但私以为，过分纠结单复数，三单这些语法错误已经开始有点本末倒置了
104895,3740,张庆海,2019-03-30 03:13:13,12,13,1,我觉得老师让我们保持严谨态度，不能书上写什么就相信什么这些都是很有意义的，而且我也特别喜欢老师讲课的思路，但是我觉得有的同学为了附加分一直找像单复数形式，a和an这样都不影响阅读的地方真的是很让人……disgusting，我觉得这样更会让一个学生变得对细枝末节斤斤计较而不是会更在意更本质性的东西。
104899,3740,张庆海,2019-03-30 08:57:03,8,12,4,数学课程群沦为英语学习群，而且还是在学校小学初高中的英语语法。没意思，真没意思，这样真的很打击学习积极性
104903,3740,张庆海,2019-03-31 00:17:35,15,15,0,老师人很好，真的很好，但是怎么说呢，希望老师能看到这条吧，我们不是因为别人得到了附加分而这样说，而是因为，拿我自己举例子吧，我点开这个群的消息，十条里面八条数学无关，挑出来的还都是初高中级别的语法错误，我觉得这样不太妥当，而不是附加分的问题。而且这种语法问题真的很简单，只要认真看了讲义完全可以挑出来，我们真的不是在乎那点分数，只是被铺天盖地的英文语法消息打扰到了而已，这种做法真的会让大家不高兴的，还希望老师不要因为一个人让别的大部分同学都存在负面情绪，谢谢！
104904,3740,张庆海,2019-03-30 10:52:42,12,12,0,如果老师您看到了我这条评论，希望您能理解，我们在评论区发表的有关课程群内讨论英语语法一事的言论真的不是在针对您，您希望我们能通过改正讲义锻炼专业素养，是一件非常好的事，但有些同学为了拿到附加分本末倒置，引起不良风气也是事实，希望您能慎重考虑一下关于附加分的加分规则
104905,3740,张庆海,2019-03-30 11:19:39,9,10,1,老师，我觉得发表评论的同学可能是觉得，如果自己千辛万苦做出附加题，却还不如找讲义上并不妨碍阅读的小错误最终得到的累积的分数多，会显得本末倒置，在时间精力耗费与得到的回报上失去公平性，甚至导致大家失去积极性。形式固然重要，但是内容是最本质的东西，有了好的内容，形式上略有瑕疵也是无可厚非的。事实上，学过那么多教材，鲜有教材的形式上是毫无漏洞的。所以，大家应当只是觉得，本群为数学学习群，不应该一直执着于第三人称单数、冠词等英语语法小漏洞，或者是一些标点符号的使用，而应该鼓励大家多多注重数学思维的培养，多探讨一些数学问题。
104906,3740,张庆海,2019-03-31 00:16:49,-10,7,17,我不太同意前面有人说有些同学本末倒置的观点，更不同意有人说认真看讲义肯定能发现问题的观点。\n\n作为一个自认为成绩很差的同学，我看到群里有人通过语法挑错得到附加分的时候，是羡慕，嫉妒的心理让我觉得不高兴。当我自己认真读讲义的时候，我还要翻聊天记录，看看我发现的错误会不会被别人说过了。\n\n我也想得到附加分，但是我得不到。我想这是我，也是很多其他同学可能会不高兴的原因。\n\n今天这件事后，我想我需要做的是重新认清自我，尽我所能学好这门课，这就足够了。\n\n红眼和戾气少一点不是更好吗。
104909,3740,张庆海,2019-03-30 12:47:42,3,4,1,我觉得大家其实是很客观地看待这个问题，也并不是在针对谁，大家的评论都很理智，也没有过激的话，其实感觉还是挺好的。
104931,3740,张庆海,2019-03-31 10:52:07,5,6,1,本来没有选老师的数值逼近课，第一节课来旁听的，回去的当天晚上就补选了这门课。因为老师说，计算的本质是代数，代数就是一堆数数来数去的幻象！我被老师您的思想所吸引，并且您说过如果真的想学到东西就可以上您的课。之前我的课可能更多的是在学习知识本身，并且总是没有去应用这个知识，就像您说的学得太多堆积在那里而已。现在每次作业可以让我练习Latex和Matlab，我感觉虽然对于我这样的新手开始会花很多时间，但是我喜欢这种自己完成了一开始不怎么会的东西之后看到自己成果时的喜悦，我想这也是我觉得数学美妙的根源。我觉得您是一个可以引导我们学会真正的数学思维方式的人。至于附加分，不管怎样，我觉得不重要，只是同学们虽然也是从自身利益角度出发，但是最终也是在考虑学习这门课程的所有人，一时随口而出的一些话老师您不用在意。总之，您是我的“男神”，让我这样一个在意成绩的人在听完您第一次课之后愿意不考虑这学期本身事情杂多的情况下立马补选了您的课程。也希望我这学期可以有更多的收获，对数学有更多的思考！鼓励大家选海哥的课！
105428,3740,张庆海,2019-04-12 17:03:18,10,15,5,请问如何才能像海哥一样，作为数学系的人，40+的年龄，30+的容颜，18岁的头发密度，20岁的帅气脸庞，学富五车的知识，鲜有人及的对学生的关照？
108300,3740,张庆海,2019-06-11 11:29:16,6,7,1,我是真的看不懂海哥的讲义，我太菜了555
109792,3740,张庆海,2019-06-19 08:31:21,1,2,1,取关过查老师后失去了曾经高赞评论的修改权，这里再悄悄评论一下，张老师好的不得不得了ʕ·ᴥ·ʔ
110423,3740,张庆海,2019-06-26 14:24:55,-1,2,3,目前在浙大最喜欢的两个老师之一了，讲课不念书，而是教你思考问题的方式，所以需要比较强的自学能力。
110583,3740,张庆海,2019-06-27 14:03:54,0,2,2,给分不错
116760,3740,张庆海,2019-09-15 07:36:44,0,1,1,爱老师哦
121563,3740,张庆海,2019-12-12 11:27:53,-5,1,6,我男神
125757,3740,张庆海,2020-09-14 04:16:30,2,5,3,绩点低，但那是是我太菜了，讲的确实不错。
134582,3740,张庆海,2021-04-03 02:50:16,3,4,1,求科普，数院的数值分析(82190110， 3.5学分)和计院的数值分析(21190641， 2.5学分)之间是什么关系啊
137921,3740,张庆海,2021-07-06 14:53:23,15,24,9,压根就是不会教，讲课根本没啥逻辑
144228,3740,张庆海,2022-01-04 13:57:39,53,57,4,老师真不行。。。对于优等生简直是乐园，对于中等生是磨砺，对于后面的学生，别扯什么帮你了，帮个锤子\n\n他只欢迎数学人才
147091,3740,张庆海,2022-01-08 15:38:46,-11,6,17,太简单了，我涛哥满了
158143,3740,张庆海,2022-06-27 07:21:37,13,14,1,建议把张老师的每一门3学分课当作一门8学分课来修，这样才能学到该课的精华
158991,3740,张庆海,2022-07-04 09:01:01,9,10,1,老师的水平还不错，但是建议不要选，不要选，不要选，考得不好就当是我的问题吧
159024,3740,张庆海,2022-07-04 14:30:36,12,13,1,“满纸荒唐言，一把辛酸泪。”\n\n今天刚考完《数学实践》，试卷内容几乎全是讲义上的，然而大部分我都没看，因为是英文的🤧。老师上课吧，想到哪讲到哪，说是数学思想，可惜缺少了足够深度的数学内容的支撑。数学内容几乎都是助教讲的，辛苦助教了。
159175,3740,张庆海,2022-07-07 09:19:08,0,4,4,海哥，我的神
169412,3740,张庆海,2023-02-26 03:55:08,2,3,1,数学实践 如果在乎gpa的话且对自己的水平不是那么有信心的话还是别来这给自己找麻烦了，毕竟隔壁张朋老师班均绩接近高了1
171950,3740,张庆海,2023-04-13 10:57:09,6,9,3,上课非常恶心且无聊 除了装逼就是唠嗑 不知所云
172612,3740,张庆海,2023-05-02 05:37:04,17,18,1,张老师是个有好想法，有教学热情和态度的，教学方法欠佳的老师\n\n刚刚上了半个学期的微分方程数值解，主要的感受是1.上课非常需要预习，但是讲义并不适合预习。讲义中对方法背后想法的介绍，对定义的引出或是对定理的应用，都远不如参考教材，可读性就不像是一个用来预习的讲义。2.即使预习了，课程上能听到的有价值的内容仍然十分有限，这点是我重新看上课视频时的感想，可能是我水平较差导致的。3.课程作业量巨大，一门课如果需要每周用几天来准备，不知道学生怎么安排自己的学习计划来学习别的内容？不是所有学生都只需要修一门课就够了吧？4.助教真的很好，会非常认真的答疑和讲解问题，这一点也能说明张老师只是教学方法欠佳，但一定是个好导师。
172613,3740,张庆海,2023-05-02 05:37:04,5,5,0,张老师是个有好想法，有教学热情和态度的，教学方法欠佳的老师\n\n刚刚上了半个学期的微分方程数值解，主要的感受是1.上课非常需要预习，但是讲义并不适合预习。讲义中对方法背后想法的介绍，对定义的引出或是对定理的应用，都远不如参考教材，可读性就不像是一个用来预习的讲义。2.即使预习了，课程上能听到的有价值的内容仍然十分有限，这点是我重新看上课视频时的感想，可能是我水平较差导致的。3.课程作业量巨大，一门课如果需要每周用几天来准备，不知道学生怎么安排自己的学习计划来学习别的内容？不是所有学生都只需要修一门课就够了吧？4.助教真的很好，会非常认真的答疑和讲解问题，这一点也能说明张老师只是教学方法欠佳，但一定是个好导师。
173719,3740,张庆海,2023-06-02 01:00:23,8,8,0,只适合优等生
173867,3740,张庆海,2023-06-04 02:36:44,28,29,1,别的不说，数值解的课本我感觉根本不能称之为课本，只能说更像是张老师的个人笔记，一般人根本无法读懂其中的逻辑顺序和推导关系，极大影响了学习效率，别的课本一边读下来就觉得关系清晰逻辑缜密，张老师的这个课本你得读个几遍才能弄清楚，我愿称之为学习路上的绊脚石
174106,3740,张庆海,2023-06-06 09:10:16,1,1,0,选不上隔壁数学实践已经闻风丧胆的数院er来占个坑，上完课来评
177293,3740,张庆海,2023-07-02 15:26:23,27,27,0,微分方程数值解，从自学角度评价，首先不听课是因为要听课要预习才能跟的上，而讲义完全无法适合预习，老师要求的预习估计就是真学习一遍，然后学习完了听课感觉也没啥好听的，感觉讲的不全是讲义，但又感觉没多讲什么。可能讲的都是所谓的数学思想，哲学道理，课上说学数学不是平面搭帐篷，但他上课变成了造空中楼阁，需要你先自己造到那个高度才能听。到了那个高度再听到底有没有收获因人而异吧，反正肯定没有自己造到那个高度的收获大。还有问题就是讲义一言难尽，名义上说的好听是制造阅读障碍引发学生思考，但实际上只是单纯增加学习的负担，降低效率，除非你是真的会从讲义出发衍生出去读其他课本的内容，否则这本讲义根本不会给你任何启发，只有晦涩难懂，为了精简而精简。主要问题是这个讲义不能称为讲义，更本不是传统意义上授课积累下来的讲稿，应该是刻意编写的东西，并不适合教学。给分的话还行，作业能做差不多就分数不会低，只是作业代价大。考试试卷只能说依托答辩，纯粹讲义挖空题，不是默写题胜似默写默写题，两分一道的计算简答题，考的主要是讲义熟练程度，技术含量不高。就这门课无法体现老师水平，不予评价。
177837,3740,张庆海,2023-07-09 18:04:42,9,10,1,还行，上课听得比较费劲，课程难度太大了。老师也不太照顾基础弱的同学，很锻炼自学能力。不过基础好的同学能学到很多吧。
178298,3740,张庆海,2023-07-09 16:09:33,3,3,0,回复2023.07.02的评论：他不考讲义挖空题我们差生怎么及格QAQ
184374,3740,张庆海,2023-12-18 10:38:36,-6,0,6,非常好
184375,3740,张庆海,2023-12-18 10:38:31,-3,0,3,非常好
184376,3740,张庆海,2023-12-18 10:38:32,-7,0,7,非常好
189469,3740,张庆海,2024-01-24 14:12:47,1,1,0,咳咳咳咳咳
194420,3740,张庆海,2024-06-23 21:46:54,0,2,2,老师有很多想教给我们，对于教学的成果，并不限于我们掌握了多少知识，他还希望我们能够深思慎学，能够用正确的态度面对错误
219898,3740,张庆海,2025-06-11 09:15:01,0,1,1,微分方程数值解的讲义就是依托答辩，无根无源，符号混乱，单纯定理的堆砌，给人一种高高在上的感觉，不如北大复旦的微分方程数值解的教材一根
69040,3744,叶和溪,2018-01-24 07:46:27,1,2,1,老师很好
69175,3744,叶和溪,2018-01-24 09:30:36,1,4,3,老师上课非常认真，看的出来是想要好好讲的。但是，说实话，上他的课超级无聊，体验极差。\n\n人不错，会调分。
69176,3744,叶和溪,2018-01-24 09:30:41,-4,5,9,高数水课，主要靠自主学习，上课只按课本来，给分一般
69483,3744,叶和溪,2018-01-25 00:34:18,-6,6,12,给分是另外一回事。上课水平惨不忍睹。之前我下课之后问他两个重要极限怎么证，他瞟了我一眼，说文科生干嘛要知道，不需要知道。我exm……？还有讲题并不觉得可以讲清楚。个人观点
72316,3744,叶和溪,2018-10-15 01:20:59,-7,3,10,老师板书写得很不好看，而且会写错别字，老师的语文不太好。在数学方面挺好的。
72744,3744,叶和溪,2018-01-31 04:22:17,6,8,2,高数这种课每一项分数都很明确，这也可以有人说给分不好？分不好，那是你平时没学好好吧。叶老师虽然上课有一点口音，板书也有一点潦草，作业相比于其他高数班会多一些些，但是老师人很好，很认真负责，每节课结束都会答疑很久～很不错的老师～
72811,3744,叶和溪,2018-01-31 06:09:42,33,41,8,好老师 回答问题很有耐心 上课很仔细 高中数学渣渣听起来毫无障碍 最后平时分给的非常好 考试好好复习好好考给分超级好
73536,3744,叶和溪,2018-02-02 02:26:12,13,19,6,果断10分。老师人超级好，虽然上课有点激动，可以看出老师在努力。可能是新老师需要一点时间。给分超级棒的也会很认真地答疑，平时作业据说偏多，但是感觉做起来也还好。总之很棒的老师强推！
73586,3744,叶和溪,2018-02-02 04:23:17,2,2,0,老师课上得很细 适合文科生～
74400,3744,叶和溪,2018-02-18 15:39:30,0,1,1,给分超级好哇~
74611,3744,叶和溪,2018-03-04 15:22:26,1,1,0,真的不点名
75410,3744,叶和溪,2018-03-11 07:43:48,2,3,1,老师人挺好的，从来不点名，虽然板书有点儿不太好看……但讲课挺细致的w说句实话，高数这类课还是得靠自己吧
75444,3744,叶和溪,2018-03-12 03:04:05,1,3,2,比较水，人很好
78159,3744,叶和溪,2018-05-09 15:44:39,1,1,0,新老师没有经验但是很认真，每次上课前都会提前到答疑，课后有人问问题也会留下来，但还是要自学+好好复习
86481,3744,叶和溪,2018-09-17 00:42:18,9,12,3,老师板书超棒（溜
86489,3744,叶和溪,2018-09-17 01:21:32,26,29,3,板书超级好看，简洁明了，可以锻炼抽象理解能力
86492,3744,叶和溪,2018-09-17 01:23:12,90,108,18,板书极棒，甚至可以和小学生媲美
88628,3744,叶和溪,2018-11-04 12:55:11,1,1,0,老师很好啊
89242,3744,叶和溪,2018-11-17 11:57:19,-9,5,14,老师讲课有点无聊，但是个好老师。之前发邮件问问题也很认真地回答了，但是我还是听不下去他的课了。打算逃掉高数去听别的数学老师的课了。怎么说呢，讲得还不如我的高中数学老师………
89838,3744,叶和溪,2018-11-21 03:29:43,30,31,1,冬天照样短袖上阵，你还会慢慢习惯他的小学生板书? ?，相信我你会爱上他的
90762,3744,叶和溪,2018-11-26 01:18:46,4,6,2,老师人很好的  上课也很认真啊  不知道那些说上课水平惨不忍睹的人什么心态
93299,3744,叶和溪,2019-01-09 02:04:09,4,4,0,上过之后才知道大学有这么可爱的老师。说到给分什么的，那些不重要，在意也没用。能遇到不同的人学到不同的东西才有意义。看到前排评论快笑疯。不多说了，和溪老师在上课，(溜了)
95427,3744,叶和溪,2019-01-19 11:05:30,4,4,0,其实老师人很棒的！！评论里说老师板书像小学生...(其实是有点啦，但是老师的板书肯定不会影响你听课的，只是字体有点小学生那种一板一眼的感觉而已hhhh）老师会按照课本讲，很循规蹈矩，把课本习题例题都讲的很细，，如果认真听的话，肯定可以跟上的！10分！！
97378,3744,叶和溪,2019-01-22 08:27:26,6,6,0,高数最后自己学吧 助教平时分是给满的棒！
97406,3744,叶和溪,2019-01-22 08:40:14,3,3,0,老师很好，给分也超棒！感谢不挂之恩
97631,3744,叶和溪,2019-01-22 12:24:29,2,2,0,老师人很好（怎么又是这个，绝对不是在颁发好人卡！）板书很好看（滑稽）.。最主要的是，助教小姐姐很漂亮啊！老师给的过程分很好！真的很好！至于有人说老师上课水...emmmm，个人觉得可能是课程本身相比于其他的难度不是很大，尽管老师讲的很认真，但大家会了、懂了就去预习啊，水一下啊啥的，也挺正常的吧，10分！果断十分，好老师
97780,3744,叶和溪,2019-01-22 15:58:07,1,1,0,小叶子的课真的是中规中矩啦，适合文科生，原理加教材例题做一遍，其实自学也可以，从来不点名，不去上也没关系，老师和助教人都很好，事情少，最后会调分，都不会挂科的，但是想拿高分还是要自己好好学吧，课后多努力。
98028,3744,叶和溪,2019-01-23 04:08:28,1,1,0,上课真的很轻松 可能是因为内容本身难度就低吧 不能否认的是老师上课的经验可能比不上那些老教授 但是看得出来老师教得很认真 体验极佳噢
98187,3744,叶和溪,2019-01-23 07:11:01,2,2,0,老师很可爱 不点名 讲得比较慢 很细（免不了会有点点犯困）偶尔会讲讲笑话调节气氛~高数其实也就是靠自己学啦 有问题的话问老师和助教都会认真回答的
102332,3744,叶和溪,2019-02-01 03:03:04,3,3,0,超级有耐心哈哈哈哈布置作业挺随性！会听建议减少作业！板书虽然说不上好看但是也很认真啦至少！主要还是靠自己叭高数其实很简单的啦
102517,3744,叶和溪,2019-02-04 06:12:31,7,7,0,老师很可爱啊，每节课前也会问我们有什么问题，答疑的时间地点也会及时告诉我们。挺适合教文科高数的，但是，嗯…我总会发呆或水手机，好好听好好复习一定会学得很好的！板书真的很像小学生啊，助教小姐姐很可爱，人很好，平时分给得很好！
103060,3744,叶和溪,2019-02-26 00:23:49,-3,1,4,超级可爱的一个老师，满分，不过板书真的很丑
105596,3744,叶和溪,2019-04-17 03:52:37,6,9,3,老师10分，助教5分，自己太菜了不能怨别人，给自己1分吧
120552,3744,叶和溪,2020-01-12 15:17:56,1,1,0,老师，明天考试，先给个十分，求罩！
121020,3744,叶和溪,2020-01-19 08:54:28,1,1,0,老师人超好！会耐心答疑！
121832,3744,叶和溪,2020-01-22 08:44:58,1,1,0,老师超可爱！板书很好看！每次都忠实坐前排！讲课很仔细！速度略慢！尤其是他说期末考考好了还可以顺便提小测分！总之我很喜欢他啦！
122910,3744,叶和溪,2020-04-20 03:47:58,27,27,0,叶和溪老师有成果被数学四大刊Annals接收！恭喜恭喜🎊🎊🎊
123620,3744,叶和溪,2020-06-10 13:55:20,2,2,0,很可爱的老师。冬天短袖的猛男（可惜有小肚子）。板书，小学生一般的可爱。
125751,3744,叶和溪,2020-09-14 02:57:34,2,3,1,蛮好的老师，板书字体有点丑
125983,3744,叶和溪,2020-09-16 07:54:28,4,4,0,怀念大一的高数课，这可能是人文学子最后一次和数学打交道了。老师讲课很仔细，课间课后也会给同学答疑，不用PPT而用原始的板书，节奏比较慢，很对我胃口。老师人特别好，两次小测我都答的很烂，可能就及格水平，但老师说期末考好就能把小测分也提上去，最后上90了～
126468,3744,叶和溪,2020-09-28 00:18:08,3,3,0,老师讲得很耐心细致（比我高中数学老师有耐心多了）！板书不嫌麻烦，不会发脾气……总之就是很赞啦！～(￣▽￣～)~
128161,3744,叶和溪,2020-12-09 02:41:25,1,2,1,老师也太可爱了吧！！！
130786,3744,叶和溪,2021-01-24 14:30:58,1,1,0,绝了.
130788,3744,叶和溪,2021-01-24 14:35:46,2,2,0,很棒！
130903,3744,叶和溪,2021-01-25 07:46:55,0,1,1,叶老师太可爱了，如果下辈子要学数学我还会选你！
132215,3744,叶和溪,2021-01-31 04:03:50,0,1,1,讲解很仔细
132296,3744,叶和溪,2021-01-31 15:07:56,2,2,0,yhx老师真的好nice适合所有人。上课不点名，交作业来两次小测期末期中考试到就可以。完全不用来听课也没关系，超级适合水平OK的学生。想听的同学yhx老师也讲的很详细！而且老师很幽默很通情达理！nice！
132304,3744,叶和溪,2021-01-31 15:28:25,3,3,0,yhx绝了，平时分给满，根本是超级无敌绝世好老师。我第二次小测没好好学拉胯总分，但最后给分也很不错了。其实高数就是自学的，老师声音轻，非常适合我上课自学or睡觉（bushi）
132314,3744,叶和溪,2021-01-31 16:29:47,1,1,0,超可爱的老师！平时分给满！
132496,3744,叶和溪,2021-02-02 03:33:47,-9,5,14,老师炒棒，作为高中数学菜鸡也能拿到满绩
132806,3744,叶和溪,2021-02-03 17:06:09,7,8,1,老师从来不点名，可以智云课堂！！！给分也好，还会开玩笑，提早下课，真•好老师
140475,3744,叶和溪,2021-09-13 02:12:50,0,1,1,超级可爱的老师
147015,3744,叶和溪,2022-01-08 12:31:58,3,4,1,给您磕头了！
147016,3744,叶和溪,2022-01-08 12:32:08,1,3,2,好老师 求大家都给我选！！！！！！老师超级能捞，我有次小测30分，其它两次还不错，最后期末考也不错，上4了！！！！！！
147020,3744,叶和溪,2022-01-08 12:40:26,0,1,1,感谢靓仔！
147021,3744,叶和溪,2022-01-08 12:41:47,11,11,0,老师从来不点名，上课讲课有点像说rap 我愿称之为高数周杰伦！！！\n\n这里点名表扬华仔助教！为什么有这么认真的助教小哥哥！！！所有问题，一概秒回！我爱死华仔了！！！
147023,3744,叶和溪,2022-01-08 12:54:22,0,0,0,老师真能捞呜呜呜呜
147028,3744,叶和溪,2022-01-08 12:58:31,2,2,0,老师上课按照书本，易于接受!\n\n表白助教小哥哥人超级好!好喜欢他哈哈哈\n\n高数一步一个脚印最重要，平时偶尔耍耍，听个1/2还是需要的。\n\n课后记得做作业巩固!\n\n满绩了很开心!\n\n祝愿看到这里的人也运气满满
147032,3744,叶和溪,2022-01-08 13:11:35,0,0,0,虽然老师上课真的很容易让人睡着但人真的超好啊啊啊啊！课间找他问些很基础的问题也都很认真的解答了！助教华仔也超级好！群信息秒回 数学菜鸡没想到能上4 感谢老师捞捞！
147041,3744,叶和溪,2022-01-08 13:38:15,0,0,0,老师从来不点名，平心而论老师上课我听不太进去（对不起老师）但是老师上课很认真，板书写得很仔细，该讲到的都会讲到\n\n而且表白助教小哥哥，华仔超级认真，有问题都是秒回，超级好！\n\n平时小测还行，作业按时交，期末刷一刷历年卷，最后上4了，对于高中数学菜鸡很满足了，大家都在群里谢谢老师和助教，应该都还不错哈哈
147044,3744,叶和溪,2022-01-08 13:46:34,0,0,0,太可爱了吧，助教小哥哥也超好。但是我辜负了他们。我室友都羡慕我有这么好的助教和慢节奏讲课的老师
147060,3744,叶和溪,2022-01-08 14:10:46,1,2,1,捞王，呜呜呜，我期末答成什么样我自己心里贼清楚。最后成绩大大大大大出乎意料！！！！！叶神！
147064,3744,叶和溪,2022-01-08 14:22:44,0,0,0,超好的老师！！选他选他选他！
147065,3744,叶和溪,2022-01-08 14:23:30,6,6,0,嘤嘤嘤嘤嘤，本来做好数学要补考的准备了，结果刚好及格了，我自知平时真的没有好好学习，也追悔万分，老师肯定捞我了，感觉自己真的很对不起老师，下学期一定好好学习
147075,3744,叶和溪,2022-01-08 14:59:28,1,1,0,自知平时没好好学，最后没挂掉🙏感恩
147138,3744,叶和溪,2022-01-09 00:51:58,2,3,1,海底捞有一手 太可爱的老师www还有可爱的助教华仔！！都给我选！
147150,3744,叶和溪,2022-01-09 01:41:20,-4,1,5,海底捞，期末考好平时就调分了，我两次小测50多最后4.2，谢谢叶老师！功德无量再生父母！
147155,3744,叶和溪,2022-01-09 02:26:52,1,1,0,讲课念课本，但是给分很好
147276,3744,叶和溪,2022-01-09 11:06:13,0,0,0,老师很可爱，教的也不错，但是上课很想睡，小测所有老师里最难
147479,3744,叶和溪,2022-01-10 05:14:50,1,1,0,叶老师华助教😢😢😢大感恩
147480,3744,叶和溪,2022-01-10 05:15:18,0,0,0,叶老师超级可爱的，讲的虽然是课本但很仔细，助教也很认真负责。高数认真学不难的，最后给分也好！
147485,3744,叶和溪,2022-01-10 05:23:34,0,0,0,老师人很好，很耐心，给分也不错。
147709,3744,叶和溪,2022-01-10 13:55:10,1,2,1,讲课有点抄课本
148212,3744,叶和溪,2022-01-12 01:39:01,3,3,0,叶老师，我的超人！！！没见过这么能捞的老师！平时讲课很细致很认真，虽然作业有些多，但是都可以提高知识掌握水平。老师人也十分的好，最重要的是能狠狠捞我！！不给十分对不起他！！
149705,3744,叶和溪,2022-01-16 13:54:38,2,5,3,打分：8/10\n\n课程：高数\n\n优点：①老师第一节课自己说50+分的同学会捞捞，但如果平时不认真那他也捞不回来（doge②助教华仔人真得很好，答疑很及时，出的题目也会调皮玩梗(*/ω＼*)\n\n缺点：①叶老师字真得丑丑（doge）②华仔（助教）出得题真得好难——平时webwork一做两小时，quiz也难得要命，考试周那几天体感朵朵yhx班的全在吐槽平时分要没有了（quiz2的时候我室友sfy班的先考了，我就做了一遍她们的题目，当时我想，这么简单那不是有手就行，第二天我考试，笑死，第一题就不会）③作业多（真得，隔壁sfy的班大概就没做过几次webwork，我们是每节课布置书本上的习题，两周交一次作业，同时每周一次线上的webwork作业）④上课感觉不有趣，怎么说呢，感觉大学老师都是这个抄题目讲题目念定理的调调（？）\n\n最后4.8飘过了 (=´ω｀=)，感觉平时分还是有捞的，所以也不用太担心（？
149820,3744,叶和溪,2022-01-17 07:10:19,1,2,1,yhx我男神！！超级可爱好吗！有时候有一些冷幽默！太有魅力了！不点名！基本没上过几节课靠智云和自学的人拿了4.5还是很满意嘿嘿！记得要做作业哦！
149911,3744,叶和溪,2022-01-17 17:24:07,2,3,1,基本纯自学。但自身挺擅长数学期末考的挺好但是分就不是很理想。作业都有认认真真做。但是这个老师作业和别的班比真的很难，小测也难，最后一起评真的很吃亏。唉
150403,3744,叶和溪,2022-01-24 13:07:18,1,2,1,上课比较细（或许可能有点抄课本，但高数课程本身也不太好发散，时间比较紧，当然纯自学过书细一点也行），作业虽然多但是挺有帮助，认真跟着老师走拿高分不是特别难的。
161034,3744,叶和溪,2022-10-24 10:27:20,0,0,0,很好很好
161430,3744,叶和溪,2022-11-07 01:59:22,1,1,0,好！赢！
164545,3744,叶和溪,2022-12-21 15:05:12,5,5,0,板书甚美，上老师的课极舒适，知识点也很细很全，是我这种弱智都能听懂的程度
164574,3744,叶和溪,2022-12-22 03:17:22,4,5,1,人真的很好，讲的很细，上课跟着他走就行。
167652,3744,叶和溪,2023-01-18 05:27:17,0,2,2,贼好！
167732,3744,叶和溪,2023-01-18 16:11:02,-6,2,8,给分迷惑，板书一般，作业真的挺多。上课难度不大，适合自学。
167736,3744,叶和溪,2023-01-18 17:10:58,1,3,2,老师挺可爱的，这学期出分比较慢，srds依旧没有上4，不过是自身的问题。平时还是重自学和练习，任务还是挺多的，问老师问题会耐心解答，也给助教老师点赞！
167753,3744,叶和溪,2023-01-19 01:56:11,1,3,2,老师讲课很慢很详细清楚，很适合我这个文科生，表白可爱的叶老师
167837,3744,叶和溪,2023-01-19 11:03:47,-7,2,9,期末考试不提供卷面分查询，只提供总成绩……可能在海底捞，但是也杜绝了误判可能的修正……老师还是有水平的吧。
167842,3744,叶和溪,2023-01-19 12:00:39,1,6,5,老师讲课中规中矩，作业留的多，三次小测平均分90，作业几乎次次满分，只有三次没满，最后绩点3.6，可能期末考没考好吧，挺疑惑的
167970,3744,叶和溪,2023-01-21 02:01:10,1,2,1,叶老师很可爱，上课也很认真，走的是高中老师的路子，好好听课，多做练习，期末努力，绩点不会低的
168076,3744,叶和溪,2023-01-26 02:39:22,2,3,1,老师人真的超级好\n\n给分也超级超级好\n\n冲yhxgg就对了
170510,3744,叶和溪,2023-03-06 03:48:16,8,8,0,文科生，跟着叶老师的步调走基本没问题。\n\n老师主要就是按照书本上的内容来讲，板书丑丑的很有特点。课后作业量我感觉一般吧，可以自己适当加量。平时小测我的平均应该是86差不多，作业我次次都交，应该都拿满了。期末考由于线上的原因难度有所降低，处于我的舒适区，考前也做了充分准备，刷了五六年的往年题，所以最后拿了4.8，很感谢叶老师和助教姐姐🤩\n\n总结：由于高数分制的原因，其实老师没有办法捞你到高分，还是要自己好好听课看书做题。
179909,3744,叶和溪,2023-09-20 03:27:45,0,0,0,提前下课耶耶耶
181220,3744,叶和溪,2023-10-12 02:24:45,0,0,0,太好了
181790,3744,叶和溪,2023-11-01 00:46:43,3,3,0,老师除了板书以外没有问题，助教也很负责。满分不解释
183546,3744,叶和溪,2023-11-27 09:08:06,2,2,0,除了小学生字体，别的方面完全吹爆，叶老师永远的神
188735,3744,叶和溪,2024-01-19 17:46:33,1,1,0,叶神!你永远可以相信叶神的海底捞!
188779,3744,叶和溪,2024-01-20 02:29:30,0,0,0,感谢不挂之恩
188809,3744,叶和溪,2024-01-20 04:52:12,1,1,0,欢迎叶老师入职海底捞！！！！！
190156,3744,叶和溪,2024-02-24 06:21:15,8,8,0,从来没点过名，纵使冬天上课的人越来越少也不管（）\n\n字体很有趣，但是上课很真诚，还会在小测前反复提醒\n\n大致都按着课本上，讲得清晰，好评！
190175,3744,叶和溪,2024-02-24 08:01:26,1,2,1,叶老师我愿称之为zju最强捞王！完全没有数学基础，连集合都没学过的本人竟然总评有2.4，真的感动哭了（老师上课不点名，只有几次小测会要本人到场签到，很好的高数课）
200137,3744,叶和溪,2024-10-14 01:42:46,-13,0,13,冒犯了，但是非普通话带口音＋说话结巴不流畅＋思路卡顿词语重复实在很难接受，听课会有一种想让思维跟着他走但是突然就开始卡顿的憋屈感。感觉不备课，突然讲着讲着会有很长的空白停顿，然后去翻教材看该讲什么……课堂听感真的很差。
207391,3744,叶和溪,2024-12-21 06:50:25,1,1,0,和善 爱了
212831,3744,叶和溪,2025-01-15 04:21:59,-1,3,4,叶老师海底捞！数学很差的文科生好好刷历年卷也上4了！
212844,3744,叶和溪,2025-01-15 05:00:06,1,1,0,捞了！夸夸老师！！果然这么久才出分是在狠狠捞，前期有次小测伤了能拿到这个成绩已经满足啦。老师人也很和善，课间有时候会给大家讲冷笑话，除了小测之外不点名。
213669,3744,叶和溪,2025-01-19 03:45:59,0,0,0,老师人超级好，很幽默，从来不点名（哪怕上课的人很少）上课基本按书来，讲得很仔细，最后给分也很好
213792,3744,叶和溪,2025-01-20 02:34:24,1,1,0,给分超级超级好！！！
214320,3744,叶和溪,2025-01-31 13:47:02,1,1,0,讲的比较慢，没有想象中那么捞 还可以，很和蔼的老师
214941,3744,叶和溪,2025-02-19 07:47:23,1,1,0,老师讲课挺幽默的，有点快但也还好，会有小测，给分就看你实力了
215716,3744,叶和溪,2025-03-04 15:42:34,1,1,0,老师讲的真的非常细非常细，也不点名，有同学问问题也会解答，不过要注意，老师的小测还是有点难度的，期末是统一命题，不过最近几年的期末开始变难了，一定要好好刷历年卷
69001,3746,江文帅,2018-01-24 07:39:01,64,75,11,老师在尽力讲好课了，虽然作为新老师还是有一些不足，但老师人真的好！
69002,3746,江文帅,2018-01-24 07:39:03,24,27,3,老师超级好，讲课生动有条理，有时候还给思考题做，反正选这个老师你就等着满绩吧。
69003,3746,江文帅,2018-01-24 07:39:09,25,30,5,很尽责
69004,3746,江文帅,2018-01-24 07:39:10,41,46,5,老师人超好，很关心学生！虽然初来乍到，经验不足，但是很高兴线代是老师教的！！很荣幸！
69006,3746,江文帅,2018-01-24 07:39:38,117,127,10,年轻有为 给分棒 10分 满满的师生情 在群里随时答疑 强推！
69007,3746,江文帅,2018-01-24 07:43:55,48,56,8,新老师，虽然上课经验不足，但是时真心为学生好，真心帮学生拿到高绩点。还有，老师的表情包也很棒。手动笔芯。
69008,3746,江文帅,2018-01-24 07:39:54,32,36,4,老师人超好。打call，打call
69009,3746,江文帅,2018-01-24 07:41:24,30,34,4,老师超棒啦啦啦，很耐心的呢！
69011,3746,江文帅,2018-01-24 07:40:10,35,39,4,很好，尽力让你的绩点高一点。
69012,3746,江文帅,2018-01-24 07:40:11,25,29,4,关心学生，对学生炒鸡好\n\n
69013,3746,江文帅,2018-01-24 07:40:37,20,21,1,除了口音有点奇怪都挺好的
69015,3746,江文帅,2018-01-24 08:23:20,26,29,3,很不错很不错
69017,3746,江文帅,2018-01-24 07:41:25,48,51,3,是个新老师，在教学方面确实经验有所欠缺，但人真的是太好了，平时分几乎全班满分，期中期末试卷助教改完后回自己查验一遍，能给加分都会加。而且，这是个会水微信群的老师，会和学生打成一片。
69018,3746,江文帅,2018-01-24 07:41:44,30,32,2,江老师是一位很年轻又有责任感的老师，上课是准备的资料很足，很有趣，而且考前为我们做足一切的准备，和我们时时刻刻站在同一条线，我打老师101分!!!谢谢老师，希望除了微积分，你也会教概率与统计!!!
69019,3746,江文帅,2018-01-24 07:41:45,16,17,1,老师超级超级超级好！！！
69020,3746,江文帅,2018-01-24 07:41:47,24,26,2,棒棒棒  老师人超好 认真尽责  认真听能学到很多 复习资料超有用   感谢老师拯救了我的线代hhh
69021,3746,江文帅,2018-01-24 07:41:48,28,31,3,老师会尽可能让大家拿到好的成绩，能救几个就救几个（有些真的不太可能救起来），超级棒，亦师亦友。
69023,3746,江文帅,2018-01-24 07:42:04,11,12,1,老师上课很认真
69024,3746,江文帅,2018-01-24 07:42:06,19,21,2,老师和助教都很好！很为我们着想！
69025,3746,江文帅,2018-01-24 07:42:18,14,15,1,非常非常认真负责的老师！提的问题都很认真的解答，意见也都会认真总结起来。虽然是新来的老师，但是一个学期下来老师教学的水平一直在进步。非常荣幸能成为老师的第一届学生！（群里可调戏）
69026,3746,江文帅,2018-01-24 07:42:21,21,22,1,特别好，特别用心，跟着学，完全没问题的
69028,3746,江文帅,2018-01-24 07:42:57,13,14,1,老师人真的很好，尽职尽责，想着法子尽量提高我们的成绩，虽然是新老师，但是上课的时候只要认真听，你会发现老师讲的真的很好。\n\n
69029,3746,江文帅,2018-01-24 07:43:08,14,14,0,非常好的老师！虽然是第一次教书，但是非常认真，在答疑群里也很积极！上课语速有点快。
69030,3746,江文帅,2018-01-24 07:43:41,18,21,3,老师很负责，不管是平时的上课答疑，还是最终期末成绩的确认。平时分基本都很好，最后考试真的非常认真地将几乎每个同学的卷子复查了一遍，很感动。感谢老师给的好成绩，没有满?有点对不起老师。
69031,3746,江文帅,2018-01-24 07:43:51,23,23,0,虽然是新老师，讲课经验可能不是很丰富，但老师很虚心地听取同学的意见，对学生超级好。老师还会玩表情包，经常在群里和同学们开玩笑，有一次还被调戏让发师娘的照片。
69036,3746,江文帅,2018-01-24 07:44:40,14,15,1,真的是很负责很好很善良的老师，虽然没有上四，但是还是给老师十分！
69037,3746,江文帅,2018-01-24 07:57:20,45,46,1,看见有那么多人夸江老师，我反手就是一个赞
69038,3746,江文帅,2018-01-24 07:45:35,21,21,0,百年难遇好老师，虽然初为人师，但是很有耐心，也很为学生着想，感恩❤️
69039,3746,江文帅,2018-01-24 07:45:56,10,10,0,很真诚的老师
69042,3746,江文帅,2018-01-24 07:47:19,9,9,0,老师教课很认真\n\n
69045,3746,江文帅,2018-01-24 07:48:11,12,12,0,老师给分真的超级好，平时分都是满的，不过上课条理还不够清楚，有待提高
69046,3746,江文帅,2018-01-24 07:48:20,19,19,0,老师虽然经验不足，但不能代表他能力不强，上课不带书侃侃而谈，坚持板书，而且字很大，基本上都能看清（不近视的话）。而且人超级好，微信群里第一水，随时解答各种问题，会说笑话，各种表情包，浓浓师生情。
69047,3746,江文帅,2018-01-24 07:48:38,19,19,0,好极了。人好给分好，我遇到给分最好的老师。
69048,3746,江文帅,2018-01-24 07:48:57,13,13,0,真的真的好老师 不多说了 一定要选
69051,3746,江文帅,2018-01-24 10:32:48,19,20,1,明天考试，今天先来膜一发。。。老师超级棒的！
69057,3746,江文帅,2018-01-24 07:51:26,14,14,0,老师认真负责，大半夜还会熬夜给大家准备复习的PDF，超赞！
69060,3746,江文帅,2018-01-24 07:51:34,4,4,0,很ok
69067,3746,江文帅,2018-01-24 07:58:22,7,7,0,江老师上课真的很认真，对待学生简直棒极了。可能是因为和我们年龄相差不太大，所以大家平时在群里面还可以开玩笑。老师在群里面很幽默的（当然，你还可以看到师娘的照片）。平时分只要你去上课，认真做作业，参加小测，基本上都是满分的。期末认真给大家复习，熬夜做PPT给大家讲义，最后期末老师改完试卷之后会给大家认真复查一遍。到时候给你看成绩，如果觉得分数低了跟老师说，他会回去再给你复查一遍的。这样的好老师真的不能错过。哎，只能怪自己的线代太烂，对不起老师的付出。不过下学期选了老师的微积分，到时候一定好好学，争取满绩报答老师的付出。强烈推荐江哥。
69068,3746,江文帅,2018-01-24 07:59:12,12,13,1,虽然是新老师，教学经验可能不是很足，但老师人真的超级好的，有问题也会很耐心地解答，最后的给分也相当有师生情了hhh相信以后老师的教学水平也会更加提高的啦（毕竟学术dalao
69069,3746,江文帅,2018-01-24 07:59:39,13,13,0,帅哥人超好，虽然教学上还缺乏经验，但绝对是一个非常负责任很为学生着想的好老师!!有问题随时能在群里提问老师随时在!!平时分浓浓师生情!给分好!本来预料必挂的线代，是老师把我从启真湖底捞了起来!!感恩!!? 祝帅哥和他女朋友恩恩爱爱!!
69070,3746,江文帅,2018-01-24 08:00:14,9,9,0,老师是个好老师，经常在微信群里回答问题，尽管作为新老师可能再讲课方式上还有不足，但是能看出来老师在尽力教我们，希望老师以后可以更好吧\n\n
69071,3746,江文帅,2018-01-24 08:00:34,7,7,0,好老师！认真负责！
69073,3746,江文帅,2018-01-24 08:01:19,6,6,0,好老师！
69074,3746,江文帅,2018-01-24 08:01:38,7,7,0,人真的很好，亲民
69079,3746,江文帅,2018-01-24 08:03:52,7,7,0,考试结束后还给学生非常认真的复查成绩，我两次都是老师给复查出判错的地方了，非常感谢老师！
69081,3746,江文帅,2018-01-24 08:04:19,5,5,0,(ﾉ_ _)ﾉ
69083,3746,江文帅,2018-01-24 08:04:27,6,6,0,新老师但是非常负责，人很好，期末试卷几乎帮全班复查了一遍...下学期微积分我一定好好学QAQ
69088,3746,江文帅,2018-01-24 08:07:27,82,93,11,江哥有三多:给分多，方法多，表情包多。开一代学术风气之先，救苦难学子在后，堪称浙大120年以来最为接地气、心系浙大学子的数学系男神。得此老师，方能体会这一大真理:线代不是你想挂，想挂就能挂。\n\n关于江哥不得不说的两点福利:不光能传你数学满绩，还能授你以斗图大法。
69089,3746,江文帅,2018-01-24 08:07:45,12,12,0,讲课水平评价很多了，期末复习提纲必须狂吹一波！清晰有效，套路应有尽有！老师本人超级负责，可爱爆表，不能更赞，只恨不能打10+哼！
69090,3746,江文帅,2018-01-24 08:08:38,10,10,0,老师很认真，很负责，小测尽量给我们做简单的，期末还整理了一套非常非常有用的复习讲义（虽然我没看完。。），虽然讲课水平还有待提升，但这学期结束以后老师就一直在群里让同学们对他的讲课提提意见和建议，平常群里的答疑也很详细，很及时，非常有亲和力，很棒!
69091,3746,江文帅,2018-01-24 08:09:54,17,17,0,作为江哥的第一届学生，我要给江哥打满分！！！给分超级好，对学生特别和关心。北大博士后，学术大佬。虽然是新老师，经验不太丰富，但十分努力的帮我们学习。在群里经常帮我们回答问题，补充题目。比我们只大了几岁，很能和我们打成一片，经常一起水群。期末浓浓师生情，感动啊。
69094,3746,江文帅,2018-01-24 08:13:46,3,4,1,口音略重，但是人很好
69097,3746,江文帅,2018-01-24 08:18:46,5,5,0,很耐心的老师呀 平时分emmmmm大家都是满的 期末尽量不让一个同学挂掉
69098,3746,江文帅,2018-01-24 08:20:59,4,4,0,超级好
69100,3746,江文帅,2018-03-06 14:06:58,11,11,0,超级棒的老师！！！！很负责很体贴，小测到了就给分，期末前还手动整理了一份资料，例题都非常好。还喜欢老师的表情包嘿嘿嘿，虽然是新老师上课会有点不熟练，但是能感受到老师在渐入佳境。
69104,3746,江文帅,2018-01-24 08:29:33,5,5,0,老师人很好，知识点讲的不错就是讲题时感觉有点跟不上，给分也超级好
69106,3746,江文帅,2018-01-24 08:32:39,5,5,0,老师真的很负责！！！
69107,3746,江文帅,2018-01-24 08:32:48,4,4,0,老师很年轻，讲课很认真，本来觉得老师讲得云里雾里的，后来才发现是老师太强，自己太菜了～老师人很好，给分非常非常棒，而且在群里……来了就知道了       ~\(≧▽≦)/~
69111,3746,江文帅,2018-01-24 08:36:24,4,4,0,认真负责，会互发表情包
69115,3746,江文帅,2018-01-24 08:40:10,4,4,0,给江哥打call！好老师！
69120,3746,江文帅,2018-01-24 08:43:46,4,4,0,超赞，浓浓师生情
69135,3746,江文帅,2018-01-24 08:52:04,4,4,0,浓浓师生情，谢谢老师不挂之恩！
69137,3746,江文帅,2018-01-24 08:53:06,4,4,0,总之是个好老师。。但板书最后一排的同学们看不见啊。。10分还是妥妥的
69140,3746,江文帅,2018-01-24 08:55:11,5,5,0,我上的线代课。上课的话。。总之坐在前排一定是体验良好。会讲很多题目和做题的方法。反正有些公式一类的，上其他老师的课的同学都表示没有听过，而江老师已经反复强调了无数遍了。紧跟老师的节奏就一定没问题。
69143,3746,江文帅,2018-01-24 08:56:16,4,4,0,好好好
69147,3746,江文帅,2018-01-24 09:00:52,5,5,0,直接满分啊，这还用说...\n\n老师很负责，给分很好。\n\n不过由于是新老师，还是需要靠点自学的。看得出老师也在很努力地努力学习，学习怎样上课更有效率。\n\n打call
69181,3746,江文帅,2018-01-24 09:40:36,4,4,0,话不多说，必须十分！
69185,3746,江文帅,2018-01-25 06:00:51,83,86,3,不选江文帅的四大理由：\n\n老师水平太高，学生可能跟不上\n\n老师人太好，有问必答，不利于学生自主思考\n\n老师布置的作业太少，学生容易懒\n\n老师给分是在太好，导致想挂科都难，而且学生容易骄傲\n\n
69188,3746,江文帅,2018-01-24 09:47:42,5,5,0,老师很好，我太菜，十分没毛病
69207,3746,江文帅,2018-01-24 10:08:33,9,9,0,老师人超级好，平易近人，没有架子(北大博士耶)，给分很好，会竭尽全力让大家绩点上去，缺点是新老师讲课有些经验不足，(不过想要拿高绩点的话不能只靠老师，真的需要自己努力刷题总结，大家加油)，顺带一提老师微信头像是师娘哈
69225,3746,江文帅,2018-01-24 10:29:34,2,3,1,啊啊啊江老师，男神男神，疯狂打call，强推啊，人超级超级好！
69229,3746,江文帅,2018-01-24 10:34:15,1,2,1,超级棒
69230,3746,江文帅,2018-01-24 10:34:21,1,2,1,打call打call 老师人超好！
69236,3746,江文帅,2018-01-24 10:40:02,3,3,0,老师真的人很好很好很好很好很好，强烈推荐！
69238,3746,江文帅,2018-01-24 10:40:32,2,3,1,听老师的课是一种怎样的体验？来体验一下不就知道了（滑稽）
69246,3746,江文帅,2018-01-24 10:55:46,2,2,0,老师很负责！平时作业不多，基本覆盖基础题型，平时答疑也很及时，挺好的。讲课风格比较朴实，需要有点自制力……以免睡过去……（逃\n\n虽然我渣，但是老师是真的好。
69249,3746,江文帅,2018-01-24 11:07:48,5,5,0,老师人超好的，虽然作为新老师，但是很负责，
69251,3746,江文帅,2018-01-24 13:02:01,5,6,1,帅哥最棒！经常大半夜还给学生答疑~很认真！
69282,3746,江文帅,2018-01-24 11:54:03,4,4,0,你很难找到能在群里卖萌开玩笑的数学老师了……
69322,3746,江文帅,2018-01-24 12:59:25,2,3,1,ojbk
69324,3746,江文帅,2018-01-27 00:54:42,11,12,1,老师，我的4.8呢！怎么只有4.2了。
69371,3746,江文帅,2018-01-24 14:31:50,3,3,0,浓浓师生情
69378,3746,江文帅,2018-01-24 14:42:39,4,4,0,老师人很好，能救的都尽量救了qwq期中考了29最后靠着期末考和平时强行拉到及格。虽然讲课和板书还有进步空间，但是给分好，人又好，这是真的qwq
69473,3746,江文帅,2018-01-24 23:16:03,4,4,0,好老师！满满师生情！\n\n
69508,3746,江文帅,2018-01-25 01:49:16,11,11,0,介系你没有见过的船新老师，只要五分钟，你就会和我一样，爱上介个老师
69771,3746,江文帅,2018-01-25 11:04:56,7,7,0,虽然有口音，但是老师超认真负责的
69774,3746,江文帅,2018-01-25 11:07:34,3,3,0,敲极棒
69800,3746,江文帅,2018-01-25 11:57:59,8,8,0,教学水平有待提高\n\n但学术绝对牛逼\n\n北大大佬 关键人超棒 微信群里也能皮 10分
69842,3746,江文帅,2018-01-25 13:36:49,3,3,0,很nice呀～  浓浓师生情！
69850,3746,江文帅,2018-01-25 13:54:19,4,5,1,老师超级好，还有女朋友真让人羡慕！！
69851,3746,江文帅,2018-01-25 13:54:28,7,7,0,老师经常在群里虐虐狗  可以的嘻嘻
69888,3746,江文帅,2018-01-25 15:24:46,2,2,0,嗯，很认真的老师，给分好，人不错。唯一需要更加好的一点是讲课再通熟易懂些，不要太抽象，或是讲的细一些，这样更容易理解。嗯，满分吧
70533,3746,江文帅,2018-01-27 00:56:16,1,1,0,十分十分！！老师满满师生情！！
70543,3746,江文帅,2018-01-27 01:18:52,2,2,0,老师人超级好，对学生亲切对工作认真，虽然缺少点经验但前途无量的?（不过我几何又卡绩了让我去角落里哭一会
70688,3746,江文帅,2018-01-27 11:43:21,3,3,0,好。想锻炼自学能力可以找这位老师。给分好，耐心答疑，适合各种水平的学生自学使用? \n\n
71157,3746,江文帅,2018-01-28 05:08:25,0,0,0,棒棒哒
71387,3746,江文帅,2018-01-28 11:28:33,3,3,0,给了10分，老师是新老师，刚开始的时候会不适应老师的口音。但是线性代数说句实话，预习复习和自主学习非常重要，更多的还是看自己。我高中是偏文的，数学一直短板，期中考在老师手下还上了80。老师是北大数学系博士，水平很高，为人也很真诚，非常谦虚亲和，经常在群里面答疑让我们提建议，在期末别班挂了50➕的情况下还把我们班捞到了只有4个挂科，对待师娘也是不一般的好，会在朋友圈和群里秀恩爱。很荣幸成为老师第一届学生，上他的数学课就是学生与老师共同成长的过程，很有意义。
71663,3746,江文帅,2018-01-29 00:17:15,1,1,0,线代真的真的太难了，虽然老师尽力在讲，我尽力在听，但我真的学不会啊₍₍ (̨̡ ‾᷄ᗣ‾᷅ )̧̢ ₎₎不过不得不说，江老师人太好了，能救尽量救，平时分都给满分！虽然绩点不高，总算是过了，谢江老师不挂之恩！
71669,3746,江文帅,2018-01-29 00:24:16,1,1,0,老师虽然经验不足，但真的很贴心，很用心。不挂全靠帅哥浓浓师生情
72246,3746,江文帅,2018-01-29 15:30:53,0,0,0,老师真的真的真的太棒了人太好了quq
73925,3746,江文帅,2018-02-03 14:43:10,0,0,0,很友好的老师！真心为学生好，认真负责，尽量给高分，答疑很积极，就是新老师讲课略催眠..但是大学数学额，自己认真学做题，不懂的问问就可以掌握的不错
74281,3746,江文帅,2018-02-09 04:35:10,0,1,1,虽然听不懂，但是很开心，老师很好
74466,3746,江文帅,2018-02-26 16:22:39,0,0,0,老师人很好，给分高
74632,3746,江文帅,2018-03-05 02:04:23,2,2,0,作为老师的第一届的学生，老师真的很尽力，群里实时答疑，期末分真的是往好了改。助教也是我见过最好的助教，平时分给的满满的，不卡绩点。虽然老师上课经验还不够，有待提高，但总的来说真的是棒棒棒！！！
74800,3746,江文帅,2018-03-06 02:36:41,1,3,2,我满绩了
74804,3746,江文帅,2018-03-06 02:46:16,2,3,1,人好，但是因为是新老师，讲课水平有待提高
75363,3746,江文帅,2018-03-09 08:39:28,0,0,0,超好，人很nice
75377,3746,江文帅,2018-03-09 13:10:06,4,4,0,讲课其实比较一般… 但是老师人真的好，很关心帮助学生
75392,3746,江文帅,2018-03-10 08:59:11,0,0,0,好好好\n\n
75578,3746,江文帅,2018-03-13 13:00:20,3,3,0,这么好的老师，给10分，不怕你骄傲。
75651,3746,江文帅,2018-03-15 00:05:32,3,3,0,很舒服 老大哥 帅哥最帅
76258,3746,江文帅,2018-03-31 03:23:45,3,3,0,看到这么多人夸老师，我就放心了
76456,3746,江文帅,2018-04-10 04:01:36,6,6,0,新手老师讲课有待提高，上课不走神是需要毅力的? ? 不过人超超超超好，给你十分不怕你骄傲
79577,3746,江文帅,2018-06-10 13:58:09,0,0,0,太好了
79834,3746,江文帅,2018-06-14 07:40:54,0,0,0,太好了
80549,3746,江文帅,2018-06-28 00:27:27,1,1,0,真皮沙发
80905,3746,江文帅,2018-07-02 14:21:08,-31,2,33,真是心累，出尔反尔，一开始说得好好的，结果期末为了所谓的正态分布硬拉分数，而且还把期中作业的成绩加上去，也是够了。劝大家尽量别选他的课，听听就好，不过以后应该也开不起来了吧
80992,3746,江文帅,2018-07-03 08:15:27,-27,1,28,以往的现代数学进展均绩4.5+好多，今年的4不到，自行体会。老师虽然人好，但是请理解一下我们选这门课的理由，反正心里落差有点大，可以说是很失望了。毕竟我以为能拿九十几，结果却挺差。
81557,3746,江文帅,2018-07-05 11:20:54,0,1,1,超棒了啦！！！
81764,3746,江文帅,2018-07-06 06:19:19,0,1,1,这的很棒的老师虽然没考好但是真的很感谢老师
81841,3746,江文帅,2018-07-06 09:49:46,0,2,2,给分简直感天动地，扣的分比卷面上没做的分还少，虽然讲课确实还是有些不足，但是真的是很棒的老师，追求分高的自学党不要错过
82332,3746,江文帅,2018-07-08 02:21:33,2,2,0,老师也太好了吧 暴风哭泣 虽然新老师讲课不是很清楚口音有点重但是真的救了我一命让我没有挂科！怪我自己没有好好学但是老师真的已经帮我们反复查分核分做的够多的了！必须十分！
82334,3746,江文帅,2018-07-08 02:25:22,2,2,0,很耐心很细致，答疑从来不会不耐烦。上他的课我进步了超级多。上学期微积分2.7，这学期4.5。
82336,3746,江文帅,2018-07-08 02:31:34,3,4,1,帅哥超帅！人超好！真的很平易近人！会在群里发表情包的老师。还会在期末的时候拉你一把，真的把我感动哭了！出成绩之前还会帮忙复查！给平时分一般给满，还会注意不卡绩！好人一生平安！
82342,3746,江文帅,2018-07-08 02:51:04,3,3,0,会努力拉你一把的老师
82352,3746,江文帅,2018-07-08 03:23:21,2,2,0,老师人太好了，太感动了
82377,3746,江文帅,2018-07-08 04:34:22,3,3,0,满分满分 超级棒的老师 超级超级棒 love math lady
82378,3746,江文帅,2018-07-08 04:35:06,2,2,0,人真的很好！处处为学生考虑！微积分真的会有一种学不好对不起他的感觉！帅哥一生推！
82443,3746,江文帅,2018-07-08 07:57:17,3,4,1,帅哥真的很好！讲课的确还有提升的空间，但其他方面真的是全心全意为学生考虑。看到班级期末成绩不好会替学生难过（难过到不想教微积分...）求老师再教微积分吧 微积分概统线代 下一届也需要这样暖的老师啊?‍♂️
82728,3746,江文帅,2018-07-09 04:36:47,6,6,0,虽然老师有口音，但不妨碍他成为一个极好的老师，给分尽量好。
83131,3746,江文帅,2018-07-09 21:43:39,1,2,1,江帅哥人很好，水平也很高，田刚和Aaron Naber的弟子，但是我真的看不懂那些几何分析黎曼流形啊
84581,3746,江文帅,2018-07-13 08:33:34,0,1,1,超级超级好的老师
85517,3746,江文帅,2018-07-19 00:58:08,8,11,3,帅哥太帅了，微积分期中我是满分，期末只有74，暴风哭泣，最后绩点只有4.2对不起帅哥，要是当初我的线代也是帅哥教的就不会是2.4的绩点而是反过来了，学弟学妹们你们就去抢爆吧，反正彩票系统你也选不上，溜~
86594,3746,江文帅,2018-09-17 11:24:52,1,2,1,人真的好好
87926,3746,江文帅,2018-10-18 01:14:54,0,1,1,讲的很认真，很接地气hhhhhh
87944,3746,江文帅,2018-10-18 08:13:17,0,1,1,帅哥真的是个超好的老师！讲课方式也会根据同学的意见进行改变！最终给分的时候真的真的真的很在乎同学们的绩点，能给高就给高，成绩也是同学一个个私戳他问的，负责人到我哭泣( ´•̥̥̥ω•̥̥̥` )如果有机会真的还想再上一次帅哥的课
88294,3746,江文帅,2018-10-27 07:26:14,0,1,1,老师很好
89374,3746,江文帅,2019-01-29 03:02:28,-89,12,101,不明白为什么只有4.8
89988,3746,江文帅,2018-11-21 12:57:57,0,3,3,实名为帅哥打爆call!!!人帅讲课清楚给分好还特别为同学们着想！！！！
91218,3746,江文帅,2019-01-25 14:15:13,23,23,0,刚开始听偏微分的时候真的听不太懂，但是听了老师的复习课之后感觉很有条理，对期末考试心里有底了，老师人真的特别好，批好试卷还让同学发邮件查分，有感觉分数低的还帮忙复查，真的是为学生着想的帅哥哈哈哈
93011,3746,江文帅,2019-01-07 01:52:05,3,3,0,不多说了，偏微分就要挂了，含泪挥别~哦不对，下学期还选这门课
93676,3746,江文帅,2019-01-11 12:30:09,6,6,0,pde不要挂呀！！哭了，公式也太多了……帅哥救我！
94448,3746,江文帅,2019-01-16 13:20:05,4,4,0,老师太好了
99789,3746,江文帅,2019-01-25 07:29:58,6,6,0,我就是要吹爆江文帅这个男人！英俊潇洒风流倜傥玉树临风！
99809,3746,江文帅,2019-01-25 07:50:24,3,3,0,很负责
100039,3746,江文帅,2019-01-25 13:04:11,4,4,0,哭辽，给老师10分！给自己0分? ? 只考了50，是天要亡我？嘤嘤嘤，难度太大了呀
100979,3746,江文帅,2019-01-27 08:35:08,3,3,0,老师教得好给分好关键是还长得帅(笑)
101006,3746,江文帅,2019-01-27 08:56:22,4,4,0,启真湖水深千尺，不及文帅捞我情！
101010,3746,江文帅,2019-01-27 09:00:39,2,4,2,自学 给分好 人好
101011,3746,江文帅,2019-01-27 09:01:18,3,4,1,江老师人实在是太好了，而且还帅！！pde真的难，但是最后复习课的时候终于有一点点领悟，虽然考试还是懵了…群里答疑很及时，表情包很是可爱，祝老师新年快乐千秋万载一统江湖哈哈哈哈！
101297,3746,江文帅,2019-01-28 03:48:02,6,8,2,楼下的，因为你菜
101593,3746,江文帅,2019-01-28 14:11:23,1,1,0,江老师 是我遇见过的最好的数学老师 人好还帅 讲课也好
101730,3746,江文帅,2019-01-29 12:54:58,1,2,1,小帅老师真的是我上大学以来最喜欢的老师之一，各种为同学着想，人还超级优秀，好想给老师10.1分，让老师骄傲一下哈哈哈哈
102400,3746,江文帅,2019-02-01 12:09:28,2,2,0,江哥有多好还用说吗？
102453,3746,江文帅,2019-02-02 11:14:11,2,3,1,太棒了！\n\n讲课很有条理，偏微分很难，书上写的过程很简略，但是跟着老师的过程走，能够学的很清楚很轻松。\n\n而且老师真的很负责，还会出一些历年卷的题目来给我们做。\n\n最后复习的时候还会给上复习课，在群里也是有答必应，并且改卷子很仔细，给分也超棒，平时分基本给满，是我在大学见过的最负责老师之一！！！
102880,3746,江文帅,2019-02-24 14:05:03,-23,2,25,我觉得上9对这个老师来说还是有点偏高的，但是人是个挺牛的老师，教得认真，只是口音重，pde，还是得自学
102927,3746,江文帅,2019-02-25 03:59:05,-7,3,10,江江是什么神仙老师！我真的学不会偏微分，最后还是有4.8，感谢老师的历年卷和耐心解答！
109425,3746,江文帅,2019-06-14 09:24:12,-1,0,1,
119769,3746,江文帅,2019-11-15 15:27:00,6,6,0,为什么江哥只有9.93
120330,3746,江文帅,2019-11-28 14:45:43,1,1,0,挺幽默一老师，就是口音有时让人听不清
120648,3746,江文帅,2020-01-14 15:19:39,6,6,0,感谢老师海底捞
120699,3746,江文帅,2020-01-21 11:05:01,5,5,0,感谢老师海底捞
121800,3746,江文帅,2020-01-22 02:54:49,3,3,0,江老师很亲近学生，偏微出分很快，给分也很好，本来觉得没底看到分一下子就觉得超级感动哇！
121863,3746,江文帅,2020-01-22 20:26:52,0,0,0,认真负责 给分也高
124093,3746,江文帅,2020-06-23 13:57:40,9,9,0,必须点赞。期末出来成绩68，我请求老师帮忙看看，结果真就发现改错了，最后88分。点赞！
131064,3746,江文帅,2021-01-25 22:58:01,0,0,0,江哥nb
131092,3746,江文帅,2021-01-26 02:23:08,5,6,1,文帅哥哥人如其名，真的太好了吧！PDE跟着他的节奏很容易懂，考前的复习课也超级赞。卷子改完了第一时间提供查分查卷服务。总之非常认真负责，人品也超级好！不给10分说不过去
131099,3746,江文帅,2021-01-26 02:52:57,1,1,0,作为年轻有为的大佬，老师讲课可谓条理清晰，对待同学们真地是非常认真负责。查老师首评自然是要给老师打个10分喽~
131180,3746,江文帅,2021-01-26 11:50:20,2,2,0,iPad+pencil手写投屏上课好评！看得清楚而且下课会把整个上课手写的PDF发群里，方便复习理顺思路。学术能力强，认真负责，很为学生着想。
131187,3746,江文帅,2021-01-26 12:50:17,2,2,0,实在是不可多得的好老师，超级耐心细致。感谢老师让我在数学上第一次4.8！
131190,3746,江文帅,2021-01-26 12:56:23,0,0,0,神仙老师！超级棒！
131191,3746,江文帅,2021-01-26 12:58:01,0,0,0,老师最帅，给分太好了吧，这么神奇的东西，老师太走心了，教的特别认真，问题解答很细心，还有复习总结，为数不多听懂的课程，老师人很好不怕麻烦，谢谢老师，老师第一，要给老师刷到十分！像高中老师一样认真负责，师生情重！谢谢老师，过年了给老师拜个早年
131206,3746,江文帅,2021-01-26 13:42:22,0,0,0,超级好的老师，讲的也好，给分奇好。学术好像也很厉害的样子，强推
131208,3746,江文帅,2021-01-26 13:47:42,2,3,1,呜呜呜，原本以为3+的，结果被老师捞成了4.8（当然偏微分真的是难，选了就一定要用功学）！老师讲课极其细致，为人温柔长得还帅，更重要的是真心真意对同学们好，考试前认真帮同学们复习，考试后会让各位同学先私戳自己问一下成绩看看合不合理，然后才录入成绩，这是我见过浙大最好的老师之一了（另外一位是卢兴江）！
131232,3746,江文帅,2021-01-26 17:28:12,0,0,0,帅帅帅！！！
131314,3746,江文帅,2021-01-27 05:10:17,3,3,0,上课认真负责，给分实在太好！会有几节复习课（很有用），会给（担心挂科的）同学详细讲要怎样怎样做才能考好，还可以联系老师复查期末考分数
132073,3746,江文帅,2021-01-30 06:02:57,2,2,0,不说了，无敌好的老师
133882,3746,江文帅,2021-03-09 01:45:22,8,9,1,评论区的好评应该不是针对微积分的吧？老实说，江文帅不适合微积分小白。。。。真的，上完课暴风哭泣。。
133930,3746,江文帅,2021-03-10 02:28:18,19,19,0,慕名而来，刚刚看到学校公众号推的一年两登世界顶级期刊
133932,3746,江文帅,2021-03-10 03:30:48,2,2,0,同闻名而来，看到老师两登国际期刊，学术好厉害啊！
133948,3746,江文帅,2021-03-10 09:35:44,9,9,0,一年两登国际顶尖数学期刊！浙大31岁学者破解20年难题\n\nhttps://mp.weixin.qq.com/s/A525KUqUR3cIN88yHB-hVw
134677,3746,江文帅,2021-04-08 17:17:01,4,4,0,帅哥！男神！
134886,3746,江文帅,2021-04-20 12:00:36,5,5,0,老师确实好，但我真的听不懂啊啊啊啊
135137,3746,江文帅,2021-05-03 05:25:39,1,3,2,人很好没得说，还主动提出可以帮同学查卷子，就是上课实在是有点干有点快
136085,3746,江文帅,2021-06-11 01:26:46,2,3,1,数院第一男神！温柔耐心对学生非常好
136301,3746,江文帅,2021-06-16 03:03:04,29,30,1,听他讲三穷鸡荤，饿穷鸡荤，真的好好笑啊。\n\n不说了真的男神好吧，讲的清楚明白，最后有复习课。小测第一次白给，不点名，jwsyyds！
137114,3746,江文帅,2021-07-01 09:15:23,4,4,0,考前来给老师刷个10分！www老师真的太好了太好了！果然人只有在失去的时候才会好好珍惜www。考前看老师平时上课的手写讲义都快看哭了哇😭 平时真的讲得太好太细腻了。。我错了，是我平时没有好好珍惜哇😭
137412,3746,江文帅,2021-07-04 03:53:43,-50,2,52,才4.8，无语了
137590,3746,江文帅,2021-07-05 07:58:37,6,6,0,谢谢江文帅老师的智云课堂从王伟手上救了我偏微分的狗命。
137688,3746,江文帅,2021-07-05 15:22:54,-9,9,18,如果有奇迹，那么一定就是jws的vjf\n\n期中八十出头最后满绩啦，嘿嘿开开心心
137793,3746,江文帅,2021-07-06 07:02:47,-7,2,9,老师给分真的好，但我只有4.5，对不起老师
137795,3746,江文帅,2021-07-06 07:04:04,5,6,1,江老师期末给分好好，平时分基本给满（如果点名到了的话），小测的难度也不高，期中和期末都是八十多一点的我最后还是勉强被捞上了4.5。要说点名的话好像一学期就在最后点了一次，毕竟平时分还是得记录一下，另外老师上课一直坚持板书，刚开始可能不太适应，但是上课努力跟着老师走不开小差的话可以发现江老师讲的非常细腻，而且经常会有总结，吹爆文帅老师。
137801,3746,江文帅,2021-07-06 07:40:43,4,4,0,微积分选江文帅就对了，我爱江文帅！
137846,3746,江文帅,2021-07-06 09:59:22,4,5,1,虽然我只有六十多的水平，看到给了我八十多快激动疯了。吹爆！！
137939,3746,江文帅,2021-07-07 01:35:57,-86,2,88,虽然满了，但只有96，感觉完全可以拿更高的。我感觉我判卷判错了，我tm为毛期末只有94分，明明全做出来了，期中都有98的。不过虽然作业没怎么交，平时还是给满了，好老师。
138085,3746,江文帅,2021-07-07 09:35:15,6,8,2,平时划水\n\n期末认真刷卷子\n\n拿了4.5\n\n平时分拉满\n\n我爱j w s
138096,3746,江文帅,2021-07-07 10:11:10,-54,2,56,好烦啊94卡绩了。。。。。。\n\n\n\n\n\n哦94.6啊没事了～
138108,3746,江文帅,2021-07-07 10:56:30,3,3,0,表白江老师与助教lgh小哥哥(ﾉω｀*)♪真的太好了，虽然感觉很抱歉没有好好学_(:* ｣∠)_
138123,3746,江文帅,2021-07-07 11:59:34,4,4,0,好人，很负责的老师
138138,3746,江文帅,2021-07-07 13:04:40,3,3,0,超级好的老师，男神！！！
138149,3746,江文帅,2021-07-07 14:17:10,5,6,1,"问完期末成绩，自己算了一下，差0.1，四舍五入被""四舍""卡绩了。没想到，被老师捞起来了！吹爆江老师！"
138155,3746,江文帅,2021-07-07 14:36:13,1,1,0,江小白男神
138169,3746,江文帅,2021-07-07 16:43:51,1,1,0,数院男神，选他绝对没错
138445,3746,江文帅,2021-07-09 08:49:43,2,2,0,yyds
138473,3746,江文帅,2021-07-09 11:09:46,0,0,0,yyds
138542,3746,江文帅,2021-07-09 16:28:21,9,9,0,江老师科研绝对没话说，令人佩服\n\n人特别亲和温柔，帮我们解决了中午麦思威抢不到饭的困难，祝我们六一节快乐，用尽一切拯救每一个卡绩的同学\n\n小测真的很简单，虽然没有比较水的mooc，但是江老师让我认识到小测可以有多送分（在此伤老师必名垂查老师，用尽一切表白伤老师！！！）\n\n可能确实需要下去再听听网课，但是这本身也是学习过程，加强对微积分的认识嘛\n\nAnyway jwsyyds，伤老师yyds，感谢二位让我感受到微积分难得的和善和数学难得的温柔！！！
138942,3746,江文帅,2021-07-12 02:04:43,3,3,0,微2比微1高了0.9啊啊啊 江老师和助教伤老师真的超能捞！！i了i了
139141,3746,江文帅,2021-07-13 03:56:01,1,2,1,爸爸！
139325,3746,江文帅,2021-07-14 10:45:33,2,2,0,老师人很好，给分也很好，只不过以后不教微积分了，实在可惜
139387,3746,江文帅,2021-07-15 03:40:11,7,8,1,不明白评论区那些5.0的在装什么，虽然但是，我也不明白为什么我只有5.3，明明都没做出来，居然还比他们高，好老师
139501,3746,江文帅,2021-07-16 15:08:29,3,3,0,www江老师不交微积分了实在可惜，上了他的微2原想再去听他的微1的，可惜再也没机会了T^T，好像也找不到他的偏微分的课了www
139547,3746,江文帅,2021-07-17 07:35:54,1,2,1,江老师牛批！
140027,3746,江文帅,2021-08-23 12:33:23,2,2,0,为什么江老师的评论下面有某些伞兵在秀？？？
140095,3746,江文帅,2021-08-25 10:07:28,30,30,0,大家好，我是伤老师。嘻哈乎嘿。江老师，回来上vjf啊，想念你的vjf了，你的工资还没打给我呢？！！
141440,3746,江文帅,2021-10-09 03:59:56,1,2,1,很好，除了有点口音
142443,3746,江文帅,2021-11-11 12:35:08,0,2,2,讲得好
143880,3746,江文帅,2021-12-10 03:51:42,2,4,2,真的很善良的好老师，科研能力很强，钉钉头像很可爱！！！大力表白伤老师！两位很好很好的老师
149847,3746,江文帅,2022-01-17 08:51:01,2,3,1,江文帅大帅哥，有才还人好，小测不扣分，期末卷面给分超级好。
151556,3746,江文帅,2022-03-07 12:31:11,4,5,1,助教gg也太太太太太太太太帅了吧
151718,3746,江文帅,2022-03-13 12:36:20,3,3,0,完美的老师
157016,3746,江文帅,2022-06-21 14:52:19,1,1,0,老师讲了好多拓展知识，学到了好多，就是考试没出太多计算，公式白准备了。呜呜呜，没想到老师在群里说的句句都是真的！
157029,3746,江文帅,2022-06-21 15:32:35,2,2,0,老师是我的再生父母，给帅哥磕一个
175758,3746,江文帅,2023-06-26 12:14:34,0,1,1,完，美！
176740,3746,江文帅,2023-06-30 03:26:57,3,4,1,他实在给的太多了.jpg
186962,3746,江文帅,2024-01-14 02:56:22,1,1,0,这学期的偏微分多亏江哥的智云，讲的很详细 爱你😘
187471,3746,江文帅,2024-01-16 09:52:49,3,3,0,很难不给十分
190697,3746,江文帅,2024-03-15 02:14:22,0,2,2,讲课声小
191842,3746,江文帅,2024-05-01 17:03:33,1,1,0,帅哥呜呜呜
193186,3746,江文帅,2024-06-04 08:48:58,3,3,0,微分几何从不点名真神！江老师讲课超清楚～也会在课后把课堂笔记发在群里。而且很关心数院学生的未来发展和规划，经常讲自己读书时候的趣事，也鼓励同学们尽早考虑保研考研，还说写推荐信都可以找他！呜呜呜呜哭死。未来的江院士，祝好！
195095,3746,江文帅,2024-06-26 18:21:32,4,4,0,神，不解释
195691,3746,江文帅,2024-06-29 15:15:49,8,8,0,jws是我爹！！！伟大无需多言！微分几何闭眼入
195693,3746,江文帅,2024-06-29 15:39:11,4,4,0,太神了江老师😭
196995,3746,江文帅,2024-07-06 11:41:58,1,1,0,为人亲和，从不点名，给分巨好，为学生考虑
220130,3746,江文帅,2025-06-15 08:15:24,0,0,0,给分无敌好
73349,3838,仲杏慧,2018-02-01 12:02:06,3,3,0,真心是好老师，很为学生着想
73374,3838,仲杏慧,2018-02-01 12:43:40,9,9,0,讲课条理清晰，不确定量化一学期一直都是写黑板，认真负责的好老师。
79857,3838,仲杏慧,2018-06-14 11:04:01,3,3,0,班主任老师！女神！超级好！
81464,3838,仲杏慧,2018-07-05 07:00:29,3,3,0,老师不错
81467,3838,仲杏慧,2018-07-05 07:26:08,2,3,1,老师上课很耐心，期末考试考的也是书上基本的公式算法
81535,3838,仲杏慧,2018-07-05 10:24:32,4,5,1,老师给分太好了...
81613,3838,仲杏慧,2018-07-05 14:23:25,6,6,0,讲得非常细致
82832,3838,仲杏慧,2018-07-09 07:54:43,5,5,0,仲女神！
83253,3838,仲杏慧,2018-07-10 03:35:49,3,5,2,上老师的课特别省心。老师讲得很细致，算法的思路都会讲，还会把书上证明漏掉的步骤都补上，让人一目了然。电子板书也特别清晰，不会的地方还可以课后看板书的pdf。而且给分还挺好。
83635,3838,仲杏慧,2018-07-11 01:07:24,11,12,1,老师人美上课还认真细致，课后会把写好的讲义发给我们，给分也好
111800,3838,仲杏慧,2019-07-02 23:30:42,3,3,0,人太好了！\n\n太漂亮了！\n\n讲课太好了！\n\n给分考试太仁慈了！
111931,3838,仲杏慧,2019-07-03 03:18:38,4,4,0,人美心善慧姐姐！
136826,3838,仲杏慧,2021-06-25 07:20:34,2,2,0,好喜欢老师！水平高，人美心善，偶尔点名当作加分。讲课很清楚细致，爱老师。
138596,3838,仲杏慧,2021-07-10 02:48:12,1,1,0,人美心善慧姐姐不解释～～～
139842,3838,仲杏慧,2021-07-31 11:05:56,1,2,1,老师讲的超赞！吹爆
144374,3838,仲杏慧,2021-12-21 08:35:23,-1,3,4,...
156874,3838,仲杏慧,2022-06-21 08:29:29,2,2,0,相信学长学姐，人美心善
157579,3838,仲杏慧,2022-06-24 00:13:53,4,4,0,人美心善
157871,3838,仲杏慧,2022-06-25 08:56:18,6,7,1,慧慧姐姐真的无敌好！！！
169114,3838,仲杏慧,2023-02-24 10:42:03,1,1,0,老师很棒！
174648,3838,仲杏慧,2023-06-15 04:42:06,3,3,0,考前贷款打分，老师人美心善，解答非常耐心仔细，上课也很细致。呜呜呜再多开一些信计的课就好了
216948,3838,仲杏慧,2025-03-30 07:09:49,0,1,1,。。。
221390,3838,仲杏慧,2025-06-23 07:27:12,3,3,0,神中神！讲课细致有条理，作业不为难人（允许补交，注意时间限制），期末比较简单，给分慷慨。两位助教也相当nice。总结：人美心善！\n\n补充一下：今年点过一次名（当天下雨），只允许线下，尽管慧慧姐说可以加5分（其实应该在开玩笑），不过实际上估计没来的问题其实也不大。
74231,3853,王伟,2018-02-07 09:18:52,4,5,1,数学分析讲的很好，下学期还是他的课。
87557,3853,王伟,2018-10-05 08:27:56,1,3,2,到底有几个王伟爸爸orz
88246,3853,王伟,2018-10-25 01:24:22,2,3,1,不错。
89052,3853,王伟,2018-11-14 23:19:18,1,3,2,考前迷信一波伟哥苟苟我复变
90008,3853,王伟,2018-11-21 14:20:42,1,4,3,您怎么还不出分呵呵
90103,3853,王伟,2018-11-22 06:27:54,6,7,1,老师的复变讲的很清楚，还会留很多时间给同学自己看定理证明，挺适合反应慢或者走神的同学的(一己之见QAQ
101110,3853,王伟,2019-01-27 14:09:18,-2,2,4,泛函讲得很清楚啊
112861,3853,王伟,2019-07-05 06:53:17,8,12,4,实变的王伟老师讲的真的很细致。上课节奏不快，每讲几个结论就会停十分钟，让你自己消化一下。习题大多也会讲解，就是下半学期出差一周加期中考试占课时，导致学的内容比别的班少了一点，有点遗憾hh。不过少讲的这部分也不考就是了。总体满分！
114362,3853,王伟,2019-07-11 00:27:46,16,21,5,看到有人说查分的事，我也说一下吧。昨天起来看成绩，发现和预期差太大，查分，第四题预料之外错了。问老师，说必须用绝对连续性，然后我说了另一种不用的证法，最后老师认可了。我问能不能改分，老师说绝对连续性是给分的重点，又意思是大家都这个标准给的。我估摸着怕改分麻烦吧，这道题扣了十几分吧，绩点爆炸。
114398,3853,王伟,2019-07-10 00:49:00,-12,10,22,上大学至今遇到过讲的最好的数学老师，生动诠释了什么叫少而精，书上证明中每个含糊的点都会讲得可以说是无懈可击，上这门课分析能力提高了很多，抛开这些不提，wwbb光凭气质也应该拿十分了吧。
114557,3853,王伟,2019-07-10 16:33:55,3,6,3,讲课而言 思路清晰 习题课会认真上 这一点很赞 考试给分很不好 实变和预期的低很多   发邮件助教模板回复 大体两点 跟标答不一样 细节扣分 试问这么不“细节”的回复能否服人 动辄某个题需要用到什么  为什么不愿意去看看和标答不一样的答案呢？我并非说它一定正确 可既然复查 起码得看一下 从回复中 我并未看出到底怎样复查了试卷。
114663,3853,王伟,2019-07-11 03:01:36,7,8,1,老师很好，讲课很清楚，助教是个铁憨憨，只能这么说，作业只打勾，和答案不一样的做法不打勾也不打叉，感觉就是完全不看，这样一说考试卷子和标答不一样就往死里扣分也是早有征兆，毕竟作业都不愿意看其他做法的。查分也是很敷衍，王伟老师赶紧换个助教吧，这种留着害人真的不好。
116462,3853,王伟,2019-09-30 06:12:10,3,5,2,王伟的黑板看得清了！
116967,3853,王伟,2019-09-18 01:13:37,3,5,2,还有比这更难受的吗，根本看不清，用ppt会死？
117347,3853,王伟,2019-09-23 07:07:41,2,2,0,ball ball 老师板书写重一点啊?
117471,3853,王伟,2019-09-25 00:53:07,4,4,0,你们真的看得见黑板吗 我怎么感觉你们都是自学
118204,3853,王伟,2019-10-23 01:15:22,2,3,1,感觉讲得挺烂的，大家估计都自学吧，上课没几个人听他讲
119139,3853,王伟,2019-11-11 00:48:05,0,0,0,一般般
119574,3853,王伟,2019-11-14 01:13:26,2,2,0,还可以吧
119591,3853,王伟,2019-11-14 03:31:43,1,3,2,虽然开始感觉听不清在讲什么，也看不清黑板，但是上课上的挺认真的，问问题每次都能细心给我解答，最后给分也好！
119627,3853,王伟,2019-11-14 09:47:15,12,15,3,刚刚看见王老师评上2019年的国家优青了，资助120万！祝贺老师！仔细听老师的课还是能学到不少东西的，希望老师还可以花更多心思在课堂上！
119656,3853,王伟,2019-11-14 14:39:09,-3,2,5,整体挺好，主要给分蛮好
121855,3853,王伟,2020-01-22 15:42:38,2,3,1,挺好的~~
122836,3853,王伟,2020-04-13 02:37:59,2,4,2,网课声音根本听不清楚，有时候讲的很乱
123572,3853,王伟,2020-06-10 05:54:51,1,3,2,很仙的一位老师
125634,3853,王伟,2020-09-12 13:36:07,-9,5,14,常微 王老师上课讲的我没太听懂，很多地方感觉有点跳跃，不同章节知识点之间划分不是很清晰，层次不是很好。\n\n期末考试前还是主要在自学总结，但总体来说还是把上课吸收的内容串联起来了，最后拿了大一第一个5.0，很开心。\n\n总结就是老师上课不是很清晰，但要是有自学能力，老师不会在分数上难为学生。
125666,3853,王伟,2020-09-12 23:33:10,2,3,1,感谢老师捞我
126320,3853,王伟,2020-09-22 11:44:01,0,2,2,可能是因为网课的关系，知识点没有梳理得很清，但给分是真的不错（或许是今年比较简单？\n\n
126594,3853,王伟,2020-10-06 03:10:48,10,13,3,讲的不清不楚，打分不明不白
131790,3853,王伟,2021-01-29 03:29:55,15,17,2,偏微分您给我3.0不调分，我给您3分不捞。说实在的上课很普通，日常就是上一会叫我们看书，考前复习课也就挑两张98上答案都有的往年卷讲讲。各位学弟学妹慎重慎重
131846,3853,王伟,2021-01-29 06:12:26,17,18,1,上课一般\n\n给分很差
131903,3853,王伟,2021-01-29 09:44:23,3,4,1,好像是及格线一下一点点左右会捞？但是总评过60的不会调分，考多少是多少
132059,3853,王伟,2021-01-30 04:56:34,15,18,3,数院教PDE的王伟，上课就照着ppt瞎念，讲的稀里糊涂，课也不认真准备课件都是从出版社拿来的，给分不好人也极不负责，劝后来者慎重！
132251,3853,王伟,2021-01-31 09:26:24,13,14,1,上课很一般，拿着别人的PPT讲，准备不充分（可能没准备吧）\n\n最后两节复习课，别的老师梳理知识，讲答题技巧，他用上课时间让我们做，最后十到十五分钟讲一下，课堂效率极低，把这种明明可以用课外时间做的事非要用课堂时间，最后收获……\n\n最后，给分极差，占40的平时分没有满的，期末70+算是高的（这都是助教说的），有多绩杀就不用说了吧
133702,3853,王伟,2021-03-04 04:01:31,1,1,0,看背影与王枫一模一样，说话速度也一样的快
133773,3853,王伟,2021-03-05 02:52:07,7,8,1,该说的也都说了，出门左转B站童雯雯吧
135394,3853,王伟,2021-05-09 15:30:03,-1,3,4,春夏学期的课出分了  4.8虽然没满但很不错了 说说我的感受吧\n\n我第一节课是听了王老师讲课的 发现老师按照课件讲的东西和书上写的东西搞不明白看不懂 后来就没听了去b站找了童ww老师的网课来看  童老师的课讲的都是比较实际的做题方法也很具体易懂\n\n考试前的几节课因为童老师的网课听完了 重新开始听王老师的课  理论部分还是听不进去 但解方程组部分有比较眼前一亮的做法我觉得还是挺好的\n\n老师人很好 有问题回得也比较快  大部分自学分数也不错
135403,3853,王伟,2021-05-10 01:56:12,1,2,1,常微分结课感受：\n\n\n\n爸爸！！！！！
135418,3853,王伟,2021-05-10 05:04:35,-2,0,2,讲的不是很清楚，有点乱，常微分是看b站上童雯雯老师的课学的，但是老师人还不错，给分还行。
135435,3853,王伟,2021-05-10 10:02:20,-2,0,2,老师上课还是很有趣的，给分也是极好，我感觉常微分大多数考的都讲过类似题目，虽然不算太高，但感觉是个人的原因，谢谢老师
135457,3853,王伟,2021-05-11 03:12:54,-4,1,5,给个8分吧，讲课水平还有待提升，不过还是可以选的，毕竟常微难度不大，而且也主要靠自己
135489,3853,王伟,2021-05-11 12:39:03,-2,1,3,很好的一个老师，对学生很仁慈
136043,3853,王伟,2021-06-10 07:12:22,0,1,1,好的！但不完全好
137242,3853,王伟,2021-07-02 13:30:20,1,1,0,常微分没有平时分，自己掂量掂量吧
140209,3853,王伟,2021-09-05 03:14:38,0,3,3,xs， 17级wf， 18级jws， 19级lqr， 20级xyk， 为啥就21级求数班主任评分这么低啊
142280,3853,王伟,2021-11-09 23:53:23,6,7,1,完全不知道讲什么，给分还差，gun
142472,3853,王伟,2021-11-12 02:58:48,10,14,4,pde的王伟就是一个二b
142762,3853,王伟,2021-11-16 03:17:45,7,11,4,pde王伟是脑c
143086,3853,王伟,2021-11-19 01:04:58,2,3,1,傻了，这老师无语=_=
143145,3853,王伟,2021-11-20 02:54:32,6,8,2,pde的王伟是3⃣️8⃣️
143863,3853,王伟,2021-12-09 07:20:50,5,9,4,偏微分的王伟 nmsl
146242,3853,王伟,2022-01-06 03:54:55,3,4,1,讲课很不清楚且最后绩杀，pde慎选
146950,3853,王伟,2022-01-08 07:00:56,3,5,2,教pde的王伟出来挨打
147811,3853,王伟,2022-01-11 02:18:16,-1,5,6,王伟你妈死了 pde慎选
148181,3853,王伟,2022-01-11 23:28:18,0,4,4,教偏微分的王伟 我操你麻痹
148614,3853,王伟,2022-01-13 04:05:26,0,1,1,。。。。
148673,3853,王伟,2022-01-13 07:49:48,19,20,1,数院有两个王伟…大家慎重评价
148676,3853,王伟,2022-01-14 12:23:14,-8,6,14,ww这狗生的东西 教你妈的偏微分
148824,3853,王伟,2022-01-13 15:22:52,5,5,0,毫不夸张地说，上他的pde只能全程自学
149402,3853,王伟,2022-01-15 08:46:38,1,1,0,pde过了，还愿
149444,3853,王伟,2022-01-15 11:00:08,10,13,3,楼上骂人的都是一个人发的吧…有必要骂的那么难听吗…
149467,3853,王伟,2022-01-15 12:50:55,-4,1,5,ode4.8 pde5.0  wwyyds！
149470,3853,王伟,2022-01-15 13:10:38,6,6,0,这学期上了pde说下感受\n\n老师讲课确实有些无聊，不过每次课开始都把上一次的内容重复一遍，算是在尽力讲课了，同时也不点名。不过最大的问题在于讲的内容全是书本上的，但是小测和考试都比书本考得难，另外也只是考前给张历年卷告诉你们“题目会考得很难，你们自己看着办”，可以看出老师这方面确实不太上心。要想考高分只能自己听别的课或提前刷历年卷。\n\n给分上看起来，小测按比例赋分，大部分同学都会扣一些，期末考这学期看起来还是捞的，一共6道题的考试不可能过程分扣完。所以总体老师还行，没有前面恶评说得那么糟糕，但是对想考高分的同学不是很友好。
149471,3853,王伟,2022-01-15 13:25:43,3,3,0,直到出分才知道为什么这么多人叫他爸爸
149477,3853,王伟,2022-01-15 13:39:52,0,0,0,挺好的老师
149478,3853,王伟,2022-01-15 13:40:58,3,3,0,那个长评已经说的比较完善了，我再补充一点，pde考试的话之前一定要把蓝田的历年卷刷一遍，蓝田历年卷还是相当全的，就pde来说，考试考的就八九不离十了。
151144,3853,王伟,2022-02-23 11:37:48,4,4,0,这学期的泛函是大王伟不是小王伟
154475,3853,王伟,2022-06-02 01:19:17,-1,0,1,不好呀
154710,3853,王伟,2022-06-04 04:24:03,26,37,11,为了避免一些误会，我觉得有必要做一些解释。下学期工科的pde和数院的pde都有王伟，但工科(061B0090， 2学分)的pde是大王伟，数院(06121100， 3学分)的pde是小王伟。上面那些吐槽的评论，基本上都说的是大王伟。所以，想选数院pde的同学，请放心选
159774,3853,王伟,2022-08-29 06:23:13,1,1,0,小王伟 讲课有条理 很细致
160289,3853,王伟,2022-09-16 17:03:07,-14,2,16,楼上的，小王伟9月14日本学期才第一次上课，你8月29日就评论了，你真牛逼
160800,3853,王伟,2022-10-12 11:26:53,19,19,0,同样来辩清楚一下概念啊，数院小王伟是水平超级高的老师，讲课行云流水思维逻辑很有体系，这么难的课在他讲解下很多结论水到渠成。至于评论区说什么上课让我们看书的估计都是大王伟？这学期pde的体验来看小王伟上课我们最多觉得他讲得太充实，不存在他摆的任何可能。从学习的角度，小王伟的课绝对是值得选择的
169704,3853,王伟,2023-02-27 12:51:11,4,4,0,给了7分\n\n本人上的是大王伟教的工科pde。老师上课确实完全听不懂，声音也很小，只想睡觉，经常讲到一半叫学生自己看。所以我平时都不去上课，直接看杨海涛老师的智云（还好不点名）。作业量也不太合理，有的时候少的离谱，有的时候多的离谱，而且周三才布置完的作业周一就截止了。\n\n但是王伟今年确实捞的力度很大。今年pde的卷子很难，历年卷我都大致看了，基本的方法也是会的，但是考试的时候6道题只会做第一题，考到一半心态快炸了，后面几个题也就是把我自己会的公式一股脑往上写，最后4.2，真没脸说这是凭我实力考的。\n\n总的来说老师确实教的烂，但选上了也算不上寄
170399,3853,王伟,2023-03-03 16:02:15,8,9,1,想上小王伟的课，认准偏微分方程（甲），课程号821Q0008
183501,3853,王伟,2023-11-27 02:01:22,2,2,0,上课不知所云
187459,3853,王伟,2024-01-16 08:20:03,0,0,0,虽然上课不怎么样，但是已经习惯了，给分是真的好耶耶耶！
187688,3853,王伟,2024-01-17 06:38:27,1,1,0,针对工科ww，客观提供一些信息\n\n不点名（除了小测那次）\n\n小测题型和历年回忆题很相似，且今年小测有课后作业题\n\n讲课我太清楚，因为査老师下面的评论我一直听的是jws老师的\n\n期末改卷应该可以说改的很宽，最后给分有点超乎预期
197318,3853,王伟,2024-07-11 01:55:14,2,2,0,还行。
213663,3853,王伟,2025-01-19 03:17:31,2,2,0,给分还行吧，不过今年工科pde确实简单，但是周一周五早八的那个班突然开始点名了。。。选还是可以选的，优先奔着人多的班去吧，王老师感觉还不错挺亲切的
217697,3853,王伟,2025-04-15 09:15:53,9,9,0,评价的是大王伟，我是泛函二周目玩家，一周目没好好学，太难了对我来说。我为什么这个评分呢？纯属是个人喜好吧。\n\n第一点王老师会先讲一个定理是什么意思，先化抽象为具体，其实他的逻辑链是非常清楚的。比如说不动点定理的一个推论，他会说“这个推论的意思是有个映射本身本身不是压缩映射，他的复合多次之后是个压缩映射，那他存不存在不动点呢？”然后“会不会复合多次是压缩映射，本身一定就是压缩映射呢”，他说“换句话说这个推论可能是无用的”，也就是说他会带领学生一起质疑书本的每一个定理和推论是否过于普遍，或者过于特殊，然后再讲明白这些定理和推论没有一个是无用的。\n\n第二点，是王老师上课能带入学生视角。他会吐槽minkowvski不等式很难记，很难证明，他会吐槽数学很复杂，很多证明书上都简略了，他会吐槽很多数学发展上的分支其实与其他分支关联性不大，换句话说没啥用。我这学渣听的觉得王老师说到我心坎里了。听他讲课颇有种剑术大师厌倦了江湖，选择了归隐当一名剑术老师，他手把手教你泛函剑术，和你一起吐槽这个剑法很繁复，记住都很难，别说自己会用了。他吐槽完了我反而觉得简单了，因为我突然觉得不是只有我一个傻瓜看一遍看不懂了，有了信心，别人也会在这里卡壳又不止是我，来吧我就死磕到底了。于是出了东教，我在启真湖边散步，边散步边想，散步归来想明白了格外有成就感，因为王老师也觉得难的地方我也想出来了。哈哈，是不是很幼稚，我还要人哄着我学数学。
71718,4144,赖俊,2018-01-29 01:42:14,16,19,3,可能是因为高等数学这门课程本身设计的原因吧 感觉没能发挥老师全部的才能 虽然自己本身也不是特别喜欢数学 但不可否认老师还是很负责的 最后成绩怎么样还是怪自己不够努力吧
72113,4144,赖俊,2018-01-29 11:15:14,13,21,8,为什么都没有人给老师评分呢？感觉老师超好的，本来以为自己期末考三道定积分不定积分都没出来，肯定不是挂了就是超低的绩点，没想到还能上4，哈哈哈。话说老师是真心好啊，上课不点名，还会和学生一起开玩笑，只要期中和期末好好考，平时作业12次有10次交，两次小测过的去就行
72652,4144,赖俊,2018-01-30 15:54:58,14,15,1,老师很好呀！不点名也很体谅我们，讲的都是课本知识，作为文科高数确实是还不错的选择
73999,4144,赖俊,2018-02-04 04:19:05,9,10,1,老师教的还可以
74416,4144,赖俊,2018-02-20 09:03:54,10,12,2,老师很可爱！课讲的好，给分公正，平时会和我们开开玩笑?
75416,4144,赖俊,2018-03-11 11:49:22,8,9,1,老师人超好 炒鸡可爱哒(✪▽✪)
77433,4144,赖俊,2018-05-05 13:46:17,8,9,1,老师爱笑，人很好
77434,4144,赖俊,2018-05-05 14:03:27,73,95,22,赖俊老师是16年的青年千人，水平很高，是反问题领域冉冉升起的学术新星。赖老师也很认真负责，对学生亲和。近年来发现老师头发日益减少，有地中海趋势，希望老师保护好自己的头发，继续萌萌哒。
79332,4144,赖俊,2018-05-31 03:52:50,8,8,0,我觉得很棒啊一点都不会为难学生\n\n还不点名\n\n作业交了十次就行\n\n
81040,4144,赖俊,2018-07-03 11:56:56,9,9,0,让我过了，真的很开心了！老师有谜之亲切感。
84406,4144,赖俊,2018-07-12 19:05:27,6,6,0,想起老师头发的梗 和咱水群也真的太可爱了吧哈哈哈
86482,4144,赖俊,2018-09-17 00:49:21,1,1,0,很有趣，拓展很多
88201,4144,赖俊,2018-10-24 02:32:18,5,5,0,表白赖俊老师，上课很平易近人的有木有。也都听得懂（可能是因为我上的是文科高数? ）
94453,4144,赖俊,2019-01-16 13:30:23,4,4,0,挺好的，你不听也不强求，（高数不太听也会的）老师人挺不错的
95328,4144,赖俊,2019-01-19 08:19:54,0,0,0,老师超级棒
95786,4144,赖俊,2019-01-20 04:48:00,0,0,0,老师很可爱鸭！
97993,4144,赖俊,2019-01-23 03:28:06,5,5,0,谢谢老师，平时分100给我，平时上课好好听，不会有问题（文科高数...）
97999,4144,赖俊,2019-01-23 03:33:31,3,3,0,超级好\n\n
98011,4144,赖俊,2019-01-23 03:49:58,2,2,0,老师特别可爱 上课也很认真仔细 给老师疯狂打call!
98019,4144,赖俊,2019-01-23 04:00:22,4,4,0,老师很可爱，还会水群，平时上课讲的很仔细，作业取10次最高分，给分也很好。
98100,4144,赖俊,2019-01-23 05:20:00,36,48,12,老师超可爱，这学期的助教我也吹爆！！！吹爆！！！\n\n美中不足的是没有看到课上一位同学的女装！！！！\n\n\n\n真的真的真的超可爱，哎已经不知道怎么说了！！！自己很遗憾，水了一学期的课，有次小测30多分，导致平时分很低……高数还是很简单的，要靠自己啊！
98193,4144,赖俊,2019-01-23 07:27:06,0,0,0,老师超可爱！
98399,4144,赖俊,2019-01-23 12:02:24,1,1,0,很开心
99248,4144,赖俊,2019-01-24 13:31:49,1,1,0,老师超级可爱，上课的时候也很幽默，绩点全看自己平时的小测和两次考试
99266,4144,赖俊,2019-01-24 14:13:53,6,7,1,吹爆老师，让赖老师教文科高数真是屈才了。
99270,4144,赖俊,2019-01-24 14:09:01,5,5,0,老师炒鸡可爱，助教小姐姐也超级可爱
99273,4144,赖俊,2019-01-24 14:09:59,3,3,0,赖老师超可爱!!!疯狂打call!!!希望头发不要再变少啦hhh
99275,4144,赖俊,2019-01-24 14:11:16,3,3,0,吹爆赖俊 没了
99278,4144,赖俊,2019-01-24 14:12:45,3,3,0,老师人超级好！！！上课时不时冒段子，很温柔讲的也很详细超级赞啊啊啊啊啊啊给分也不错 期末考考得不好但最终成绩还过得去 不管怎么说要选啊
99281,4144,赖俊,2019-01-24 14:15:16,2,2,0,老师超级好！～太可爱聊
99283,4144,赖俊,2019-01-24 14:16:46,3,3,0,老师水平很高，上课除了课本内容外还会讲数学小知识w超有趣！
99284,4144,赖俊,2019-01-24 14:17:12,1,1,0,老师上课很有趣，给分又高
99287,4144,赖俊,2019-01-24 14:18:02,3,3,0,老师很棒呀 很可爱的 还会开玩笑嘻嘻
99290,4144,赖俊,2019-01-24 14:20:14,44,49,5,老师真的超级棒！\n\n不仅经常幽默自嘲，而且实力强的没话说\n\n老师真的是配得上千人计划精英这个荣誉\n\n\n\n我之前立下高数不满绩就女装的flag\n\n结果老师给分刚好卡在那里啊我高兴死了\n\n谢谢老师，老师牛逼！
99292,4144,赖俊,2019-01-24 14:20:39,1,1,0,棒棒哒
99296,4144,赖俊,2019-01-24 14:23:18,5,5,0,怎么会有那么可爱的老师啊啊啊啊啊啊助教小姐姐也超可爱！虽然最后因为期末考试炸了绩点不太行，我还是超爱老师的！！！就是老师要注意自己的头发啊...
99302,4144,赖俊,2019-01-24 14:26:28,3,3,0,节奏不快，怎么都跟的上，网上作业只要做满十次就可以了，因为只取最高的十次，总共十二三次的样子，当然我都做完了 ，高数群是最欢乐最沙雕的，一众匿名玩得很快乐。
99304,4144,赖俊,2019-01-24 14:28:00,2,2,0,超级棒的经验啊，老师超级好的，人很亲切，而且会很认真仔细地回答问题。助教小姐姐人也超好，很温柔的。只要努力学，绩点不会差的！反正这次体验超级好！！
99333,4144,赖俊,2019-01-24 14:57:47,3,3,0,讲的比较细\n\n有耐心\n\n人很好呀还会讲笑话哈哈哈哈哈哈\n\n给点分也还行毕竟主要看个人水平\n\n遗憾就是没看到骏骏女装哈哈哈哈哈
99346,4144,赖俊,2019-01-24 15:10:35,2,2,0,一句话，表白助教小姐姐！
99357,4144,赖俊,2019-01-24 15:28:23,3,3,0,老师上课讲的很细，速度也偏慢，但基本上所有人都能跟得上，数学要靠自己，大家加油鸭，为赖老师打call，就是老师需要注意自己的头发，看这趋势情况不太妙，还有，为助教小姐姐打call！
99365,4144,赖俊,2019-01-24 15:33:20,1,1,0,赖老师太好人了！温柔接地气。有不为难学生，很亲切，给分也好?
99429,4144,赖俊,2019-01-24 22:47:29,24,24,0,除了不给楼上那位大佬女装机会以外我吹爆老师
99450,4144,赖俊,2019-01-24 23:55:31,1,1,0,老师讲的很认真很仔细，但囿于文科高数本身内容较水，感觉也没有发挥出老师自身的高水平（笑）。网络作业的尝试我也感jio还行，只要取分最高的十次，但有的时候输入有点小麻烦QAQ。最后，为赖老师打call！
99584,4144,赖俊,2019-01-25 03:48:27,1,1,0,老师真的超级好，上课也很认真，从不点名！真的真的特别好！
99593,4144,赖俊,2019-01-25 03:58:33,2,2,0,超级超级棒的老师！！有点小帅，而且很幽默，脾气很好，虽然一学期都是玩手机式上课，但是不妨碍他在我心里有很棒的印象！！老师真的很幽默，跟印象里的数学系男生完全不一样！好好珍惜啊！
99604,4144,赖俊,2019-01-25 04:03:00,3,4,1,疯狂打call！这么好这么可爱的老师一定要拥有姓名！能有机会上青年千人的课真是太幸福了！
99612,4144,赖俊,2019-01-25 04:09:20,1,1,0,喜欢诶\n\n
99775,4144,赖俊,2019-01-25 07:04:47,1,1,0,讲课特别有耐心而且很幽默的老师。上高数课总是特别开心~
99797,4144,赖俊,2019-01-25 07:37:21,3,3,0,课程挺水的，老师挺棒的，我挺垃圾的
99859,4144,赖俊,2019-01-25 08:47:12,2,3,1,赖老师真的是好老师。性格随和幽默，讲课程深入浅出还经常问同学们是否听懂，自身科研实力过硬......预置到这样的老师真是非常幸运了
99889,4144,赖俊,2019-01-25 09:09:36,0,0,0,赖老师是男神啊！
100607,4144,赖俊,2019-01-26 11:36:26,1,1,0,老师讲课超细致！青年数学家里的杰出人士！选就完了！
102787,4144,赖俊,2019-02-23 05:46:35,1,1,0,同志们继续顶啊！一定要让老师在查老师上拥有姓名！！！
103143,4144,赖俊,2019-02-26 06:59:54,1,1,0,老师上课超级认真，只要好好听，绩点不会低
108739,4144,赖俊,2019-06-01 06:53:31,4,4,0,看到老师评分真么高我就放心了。
109391,4144,赖俊,2019-06-13 16:58:02,2,2,0,很萌~
118820,4144,赖俊,2019-11-06 14:28:48,1,1,0,超级棒!
118937,4144,赖俊,2019-11-08 03:32:18,1,1,0,巨可爱的好老师hhh\n\n
120523,4144,赖俊,2020-01-12 02:32:22,1,1,0,ljggtql
120558,4144,赖俊,2020-01-12 23:50:01,1,1,0,好！！！绝对好！！我爱赖俊哥哥！
121055,4144,赖俊,2020-01-19 10:50:57,1,1,0,老师超级好，给分很好(✪▽✪)
121076,4144,赖俊,2020-01-19 12:39:54,4,4,0,高数满了www 期中考老师应该捞了一下下 赞美ljgg
121124,4144,赖俊,2020-01-19 19:02:14,-33,7,40,虽然高数满了，但是我自己的事，和老师没关系。上课讲不清楚，声音催眠，不知道高分怎么打的，反正我给老师的评分高不下手。另外谢谢助教，听不懂的都靠自己消化和助教帮忙了，考前群友相互答疑也很有爱。没有给老师打超低分算是谢谢建群匿名制度和稍微捞了一下期中吧，虽然我也不知道捞了多少，但不捞我也满了。
122138,4144,赖俊,2020-02-16 13:04:39,3,3,0,ljgg海底捞高手啊\n\n又帅又好\n\n给我选他
122262,4144,赖俊,2020-02-21 11:36:33,2,2,0,谢谢老师捞我！感谢不挂之恩！
123598,4144,赖俊,2020-06-10 11:02:06,0,1,1,吹爆ljgg，虽然最后绩点只有3.9，但是对于人文学子来说已经很不错了，原本是82分，但老师加了一分正好就83了
125353,4144,赖俊,2020-09-07 10:32:58,1,1,0,谢谢老师不挂之恩！
129830,4144,赖俊,2021-01-12 16:07:01,0,0,0,老师好!
130007,4144,赖俊,2021-01-15 01:29:52,1,3,2,老师人很好，上课很幽默，本人水平就超高，但是高数很适合文科生听讲!
131153,4144,赖俊,2021-01-26 08:19:42,4,8,4,不知道为什么那么多人说他捞人\n\n特来声明老师完全不捞人
131161,4144,赖俊,2021-01-26 09:33:30,1,4,3,赖俊老师真的很好很幽默，上课从来不点名（他自己说的，因为考虑到有些是在线上智云）然后最感动的是我在钉钉问他问题，虽然是那种很基础的问题我都不太好意思问了orz，赖俊老师也会耐心解答，高数不难的，文科生好好听课消化赖俊老师的课堂例题和思路，最后就会有好成果！最后吹爆ljgg!
131181,4144,赖俊,2021-01-26 14:13:24,6,8,2,其实个人认为老师讲的比较一般…不是听得太懂… 但是老师的作业制度(交十次)还是很体谅学生的，webwork另算。出分快这点挺好的。没有卡绩但也不能算捞吧。
131204,4144,赖俊,2021-01-26 13:35:54,3,3,0,很喜欢这个老师，特别可爱。分数实打实的考，作业认真做，在他的课上挺开心的。
131719,4144,赖俊,2021-01-28 14:08:19,1,2,1,ljgg我爱！好可爱的老师！！讲课例题很细致！！
132264,4144,赖俊,2021-01-31 11:54:32,0,1,1,ljgg讲课很适合大多数文科生哦，讲得耐心且细致
142645,4144,赖俊,2021-11-15 01:48:56,0,1,1,老师真的超细心，人也特别好
145030,4144,赖俊,2021-12-27 00:08:13,0,0,0,老师讲课很细很认真，例题都仔仔细细的讲，有耐心幽默温柔！
145871,4144,赖俊,2022-01-03 13:35:57,4,5,1,没听懂 靠自学 没学懂 没捞我 60多 感谢没挂科 不点名就还好吧
146835,4144,赖俊,2022-01-07 14:34:08,1,1,0,老师讲课超级细致超级认真，也很有意思很有梗！平时作业不多也不难，小测很宽松，最后把我捞上4.8，简直不敢相信！感谢ljgg！！！！！！
146868,4144,赖俊,2022-01-08 00:18:33,1,1,0,文科生表示高数上课真的听不懂，我是自己考前画了一星期自己在网上找课程刷题复习的，自我感觉期末还考得蛮好的，平时作业基本满分，可能是因为几次小测成绩太拉胯了吧最后71（出分太快了吧）。老师人还是很好的，从不点名，群里面也会给我们答疑。
146885,4144,赖俊,2022-01-08 02:10:35,3,3,0,很负责的老师，事也很少，主要靠自己主不主动学啦，他不会强求你的
146994,4144,赖俊,2022-01-08 10:49:40,0,0,0,感谢老师海底捞
147057,4144,赖俊,2022-01-08 14:04:52,0,0,0,老师真的太可爱了！！！特别特别好，特别能捞人，哦对了，后来的同学们帮我关照一下老师的发际线谢谢～
147404,4144,赖俊,2022-01-10 02:46:09,3,3,0,老师很好！问问题都会回，上课也很幽默~顺便表白一下助教周姐姐！人真的很好呜呜
154487,4144,赖俊,2022-06-02 01:49:01,1,2,1,。。。
157274,4144,赖俊,2022-06-22 18:40:53,3,3,0,给分超好，男神
166128,4144,赖俊,2023-01-11 07:19:56,4,4,0,老师超好，就是头发有点少
187776,4144,赖俊,2024-01-17 11:17:59,0,0,0,跪谢捞我，老师人很好 讲课速度很快
187785,4144,赖俊,2024-01-17 12:27:53,0,0,0,挺好的老师
187786,4144,赖俊,2024-01-17 12:35:27,2,2,0,赖老师人好好，但是数据科学给分确实就一般吧感觉（小声
189250,4144,赖俊,2024-01-22 15:15:40,7,9,2,别选有限元，助教给分很随意，每次作业基本就零分和100分两种分数，最后大作业不对就直接挂科，平时和最后大作业给分占比很不合理
204773,4144,赖俊,2024-11-28 00:42:26,0,0,0,我爱你
207973,4144,赖俊,2024-12-25 06:10:48,0,1,1,老师人超好，莫名亲切感，讲课我觉得很不错，而且不点名，旷了好多节（狗头）
209239,4144,赖俊,2025-01-05 07:02:08,1,1,0,高数 讲得很清楚 不过本身这门课要求也不高就是啦
210825,4144,赖俊,2025-01-10 04:39:58,0,0,0,老师真的，我哭死
210839,4144,赖俊,2025-01-10 05:18:11,1,1,0,什么都不说了，我爱赖俊。
210875,4144,赖俊,2025-01-10 05:50:31,0,0,0,赖老师真的很好很好啊
210902,4144,赖俊,2025-01-10 06:21:17,0,0,0,老师挺好的
210963,4144,赖俊,2025-01-10 08:48:40,0,0,0,我爱你
211068,4144,赖俊,2025-01-10 12:53:54,-15,1,16,开学第一节课就开黄腔“浙江大学生活很精彩”断句的玩笑来讲函数定义的人层次也高不到哪去。期末卡绩倒也没有出乎我的意料。我周围几乎所有人都卡了一档。给分的意义是证明学习成果而不是劫富济贫。捞捞和感恩背后的柯立芝繁荣是对好好学习的人尊严和能力的践踏。
211284,4144,赖俊,2025-01-11 06:24:55,2,4,2,搞不懂楼下说自己和周围人都卡了一档的是怎么想的（如果你是高数课友的话）。成绩就由小测作业期末构成，你认为是哪里卡了你呢？\n\n菜就多练。\n\n老师讲课挺好的，挺严谨挺细节。就是早八容易犯困。。。虽然不难但课是有必要听的，小测/期末的部分知识点会在老师课里而非书上出现。
213191,4144,赖俊,2025-01-16 09:05:38,0,0,0,老师很好，讲的很细
214948,4144,赖俊,2025-02-19 09:00:05,0,0,0,老师我爱你
75534,4175,邵頔,2018-03-13 04:49:22,2,3,1,虽然课有点水但是上课很开心，老师常讲一些自己的人生经历感觉很有意思，还会组织画画什么的特别有趣
75742,4175,邵頔,2018-03-16 03:24:10,0,4,4,首先讲课水的一比，主要讲个人光辉事迹\n\n不过老师人挺好，给分也挺好，点名提前说，，，，
76746,4175,邵頔,2018-04-20 08:36:20,-4,8,12,没上过老师的课，但是请老师帮忙做活动的时候一鸽再鸽，真的鸽王！！！
77792,4175,邵頔,2018-05-09 12:41:43,6,10,4,很棒非常好(✪▽✪)
78071,4175,邵頔,2018-06-13 09:27:27,1,3,2,好评，不解释
78132,4175,邵頔,2018-05-09 12:39:00,6,10,4,上课很爱讲故事，老师很棒很nice啦
78135,4175,邵頔,2018-05-09 12:44:03,0,1,1,超级棒，老师人美心善，和学生非常有亲和力，上课也特别有趣！
78136,4175,邵頔,2018-05-09 12:44:18,16,20,4,人美事少给分好，可爱有趣颜值高。ps.期末还会发红包
78137,4175,邵頔,2018-05-09 12:46:07,0,3,3,邵姐姐怎么可以这么美 给女神十分必须的
78140,4175,邵頔,2018-05-09 12:53:54,1,3,2,这样的老师给我来一打！
78141,4175,邵頔,2018-05-09 12:54:22,-2,1,3,老师非常棒！听课会有收获！
78142,4175,邵頔,2018-05-09 13:14:49,-1,1,2,从云峰听邵老师培训，到这次职规课，每次都是全新的邵老师。这次是东北口音亲和邵姐
78144,4175,邵頔,2018-05-09 13:28:32,-2,1,3,老师真的很有意思的!上课轻松活泼，重点是人还美!
78147,4175,邵頔,2018-05-09 13:33:58,1,3,2,绩点没上4.5不开心，不过邵姐是真的美，故事是真的好
78343,4175,邵頔,2018-05-11 03:44:59,-4,4,8,老师挺好的，但是课很水，除了4.5的绩点没什么其他的收获吧！
78655,4175,邵頔,2018-05-14 07:31:13,4,7,3,课挺水不过挺有趣，后面几节课老师会请一些学长学姐来讲干货。平时不点名，事情不算多，期末一篇宣讲会感悟一篇职业规划书字数要求都不多，最后小组展示要求也不高。总之作业好好做然后展示有认真参与绩点不会低（老师真的人美心善毕竟我满绩了
79115,4175,邵頔,2018-05-23 08:04:00,3,6,3,老师美美哒 上课有趣的 是我第一个会认真听的通识课，如果老师年轻十岁，我一定会去追她
80115,4175,邵頔,2018-06-20 06:34:19,5,10,5,你们是没见识过邵姐的恐怖......QAQ
131075,4175,邵頔,2021-01-26 01:04:41,1,1,0,老师很不错，会分享很多小故事
135324,4175,邵頔,2021-05-08 06:16:12,1,1,0,上课真的水
135571,4175,邵頔,2021-07-10 02:58:57,3,4,1,事多分不高，等级制慎选
137093,4175,邵頔,2021-07-01 01:49:01,3,4,1,讲真很莫名其妙，感觉职规最后的规划书是很认真在写（虽然可能水平不够），但是最后给分真的很低，就完全对不起自己的付出。尤其平时教师和期末作业超出我预期的给分低。也不知道为什么就。虽然老师平时课挺有趣的，但是慎选
154614,4175,邵頔,2022-06-02 12:43:06,3,3,0,还可以
155140,4175,邵頔,2022-06-08 16:02:56,4,4,0,事真的很少，平常的课程几乎没有什么作业，上课也很体谅学生
162321,4175,邵頔,2022-11-20 04:27:31,4,4,0,你们确定她给分高？？
162342,4175,邵頔,2022-11-20 12:33:16,0,0,0,事情相比其他的职规应该不多，作业要求也没有特别严格，班里也整体没有什么鹅颈，只要作业好好写，课堂展示认真做，最后的成绩不会亏待你的！
162417,4175,邵頔,2022-11-22 03:37:05,0,0,0,邵老师给分蛮不错的，之前等级制可能是因为助教叭
162621,4175,邵頔,2022-11-29 17:12:17,1,1,0,给分一般，估计是看你们组卷不卷
165627,4175,邵頔,2023-01-09 05:05:45,1,2,1,感觉一般般吧，找了个企业家讲座，然后我在前排写职规书，她就把我电脑关上了qwq
172761,4175,邵頔,2023-05-06 09:33:27,0,1,1,职规课很水，不适合真正想要职业规划的同学。期末的节目占比极高，想卷的同学记得拿个主角。
176202,4175,邵頔,2023-06-28 04:59:57,1,1,0,形策 给分还行 不过都背过了啊啊啊啊啊
176538,4175,邵頔,2023-06-29 08:25:03,2,2,0,老师人真的很好！课程压力也不大（因为课程安排原因我们免去了期末职规书），最后给分也不错~
196944,4175,邵頔,2024-07-06 04:04:44,0,1,1,形策看了两个小时4.8！神！给分好!
204092,4175,邵頔,2024-11-24 04:08:40,0,0,0,给分差
207132,4175,邵頔,2024-12-19 10:55:38,1,1,0,还行吧，我作业都是赶ddl做的，最后给了4.2分，可能做小组长会加分？给个好评吧还是
208456,4175,邵頔,2024-12-28 05:54:11,0,0,0,现在邵老师管学生就业了，确实很有亲和力，气质美女
220510,4175,邵頔,2025-06-18 10:21:51,0,0,0,形策出来还不错 考前记得多背背
72497,4223,王璇,2018-01-30 08:37:06,6,8,2,新老师，外校的，不太懂规矩（甚至不知道概统书有答案），说话像一个吊坠在你眼前晃，讲课没什么逻辑，小测非常简单。我上的是概率论，一学期下来全靠自学，给分还算正常。
74688,4223,王璇,2018-03-05 06:00:03,-15,4,19,比较简单，不过老师挺认真的。
74781,4223,王璇,2018-03-06 01:22:54,-15,1,16,好好好
76403,4223,王璇,2018-04-12 00:09:25,13,15,2,概统书后作业题全部布置是一种什么样的体验？
76460,4223,王璇,2018-04-10 04:19:59,14,16,2,平时作业多到爆炸
76542,4223,王璇,2018-04-13 08:22:29,20,22,2,布置作业多到爆，一章课后练习分两次全部做完，挑都不挑一下...只要你们吧课后习题全部做会！考试一定考得好！
76589,4223,王璇,2018-04-16 03:36:23,14,16,2,上的抽样调查，不认真备课，不熟悉课件和课本，板书经常出错，布置作业之前不看作业题的内容，经常这节课布置了下节课的作业，然后下节课没作业可以交，上课想不起来、板书出错还不承认
76606,4223,王璇,2018-04-16 06:49:44,-1,4,5,第一年上概率论，讲的一般，但考试周前特地找了间教室上复习课，期末考卷她自己出的，比较简单。总体上还行。
76615,4223,王璇,2018-04-16 08:45:18,13,15,2,没找到在哪里评零分 就打了个1
76812,4223,王璇,2018-04-24 03:06:47,12,13,1,像一个rapper一样拿话筒，于是口水声和呼吸声比讲课声更清楚！而且感觉说每句话前都没想清楚说什么，除了读ppt就是说'这个灯息''相当于''这个''那个'，手在ppt上画画画，根本不懂她指哪个！\n\n
78077,4223,王璇,2018-05-09 09:00:48,11,15,4,第一作业极多\n\n第二讲课差劲，简单的地方讲得慢，复杂的地方一跳而过\n\n第三不关心学生，认为只有数学系的学生才配上她的课
78712,4223,王璇,2018-05-14 16:17:55,7,8,1,作业好多
78985,4223,王璇,2018-05-19 01:45:05,25,30,5,王老师讲课之差并不在于其水平不足，而在于根本就不在乎。不在乎学生有没有听懂，不在乎作业是不是布置了错题，不在乎自己有没有弄懂，上来劈头盖脸就是一通讲，错了也不知道。我觉得作业布置的难没问题，但要是错题就相当生气了，试想一下你考虑了一两天的题目，不停的从头开始演算，最后只是题目有问题，还有那些模棱两可的题目表述，看着就格外令人生气。然而老师吊儿郎当的态度让人觉得即使去问她，也不会有任何改观。
79009,4223,王璇,2018-05-20 07:30:00,11,11,0,讲课真的不怎么样啊
79248,4223,王璇,2018-05-28 15:22:34,5,8,3,补作业中，，，离猝死不远了。这个老师，我只想说，好胆你就来。。。
79252,4223,王璇,2018-06-12 03:41:01,21,21,0,最可怜的是助教吧，得自己做完所有课后题，给我们看详细过程，每周批一百多本本子，还特么是全部课后题，最后老师还怀疑他有没有仔细看过程？\n\n尤其第八章，都是重复来重复去的题，就不会挑几个典型的做？还是根本没有看过课后题？\n\n我就算绩点爆炸也不会说这老师的好话，重修预定吧
79694,4223,王璇,2018-06-13 01:26:32,42,46,4,给老师两分 因为她知道开空调 别的真的没有什么优点了呢！我觉得这个女老师向我们展现了一个失败的青年人是什么样子的，觉得自己是国外回来的，教这种公共课很屈才的样子，只能说学校还有点数不让你去祸祸数院的朋友。难道你不应该认真备课，兢兢业业，提高自己的教学水平吗？给自己敲响警钟以后不要成为这种浮躁的年轻人！我真的觉得那些好好学的大佬都比你讲的好，另外感觉自己是个小天才靠自学学了这门课。好气啊，浙大怎么招的老师啊？失望！
80392,4223,王璇,2018-06-26 04:08:20,3,4,1,对待点名不严肃。差评。说消除就消除
80825,4223,王璇,2018-07-01 13:12:05,3,4,1,好老师，上课讲的很细致 我二十年前听她的概统课受益匪浅。至今还在赌博界叱咤风云。
82534,4223,王璇,2018-07-08 12:16:01,0,3,3,抽样不给重点真的背的很想死，但是试卷很基础，给分正常吧。上课基本读ppt 人还挺随和的
83020,4223,王璇,2018-07-09 13:24:34,1,3,2,点名。抽样 最后3 很气
83048,4223,王璇,2018-07-09 14:22:57,-1,2,3,很无语。。。
84947,4223,王璇,2018-07-14 13:30:26,6,7,1,第一节课讲排列组合全讲错的，就自学了，作业比较多，一般要做一整个下午
84984,4223,王璇,2018-07-15 00:32:22,7,8,1,这是我从小学开始见过的最优秀的老师，在她的眼里她并不适合教我们这些垃圾学概统，课后问她问题她从来都不回，把学生分三六九等，不给成绩不理想的学生宽容，素质极高，是浙江大学的标杆！
85069,4223,王璇,2018-07-15 08:31:32,11,11,0,上课话筒贴着嘴巴和bbox一样讲课 口水声呼吸声都听的清清楚楚 一学期一共就那么十几节课点名点了6 7次吧 然后说高年级的不容易有几次人没来就没算(不是说高年级不好的意思 我也是高年级 只是觉得不公平)而且记没到的人的时候还会出bug 记串行什么的 最后一节课来的人前面缺课的记录可以消除…那要点名干嘛呢…？上课的时候经常表现出自己胸怀大志不屑于教(这种很垃圾的)公选课的不满态度…真的不敢置信这就是一个年轻海龟的素质 和接触的其他海龟老师比起来差的不是一点两点
85198,4223,王璇,2018-07-16 04:17:00,6,10,4,给助教小姐姐疯狂打call，我们做课后所有作业题，她都自己认真做，写过程发公邮。考前还可以补交作业，最后一天答疑超级认真，有不会的题目还可以微信问她。
85617,4223,王璇,2018-07-21 12:50:39,1,4,3,很差的
87141,4223,王璇,2018-09-21 02:25:32,3,5,2,辣鸡辣鸡
90278,4223,王璇,2018-11-23 02:57:14,5,8,3,我觉得老师挺好的啊，喷她的请你们去听听张南松的课好吧。推导过程很详细，布置作业很多也是为我们好啊，上课听的下去，除了说话姿势像rapper其他没槽点了吧，而且也很有特点啊
99388,4223,王璇,2019-01-24 15:55:21,6,8,2,讲真我觉得老师上得挺不错的 至少我每节课认认真真听了觉得讲得挺细致挺清楚的 作业布置得比其他老师多是事实 但也是为了我们好 期末疯狂刷题看书不如平时多花点时间弄清楚多练习不是吗  可以抱怨老师作业多但也要明白老师的用意吧  上课有时会喷麦也是话筒和个人讲话方式问题（老师也有在努力调整了） 作为学生不应该一味苛责老师而是尽量适应老师的方式鸭  个人上课好好听讲了作业也都问心无愧 最后成绩也还nice  给出自认为客观的评价?
99471,4223,王璇,2019-01-25 00:33:07,3,7,4,老师挺好的，会一直问学生自己有哪里做的不好的，会改正，认真学最后的绩点也是不错的
100757,4223,王璇,2019-01-26 17:23:33,2,5,3,没怎么听过，因为上课时间全用来做她布置的作业了。试问当你的老师布置的题量几乎等于整本书时你是什么感想？真的光题目都做吐了，而且给分也让我绝望，话说真的有这么险恶的课？
74813,4229,鲁汪涛,2018-03-06 04:04:47,8,11,3,新老师很谦虚，讲课很认真，鼓励一下。\n\n希望板书能再工整一点。
75286,4229,鲁汪涛,2018-03-08 14:37:33,7,11,4,感天动地好老师，就是人有点少
75531,4229,鲁汪涛,2018-03-13 03:56:07,-3,0,3,。。。
75918,4229,鲁汪涛,2018-04-03 02:35:55,-21,18,39,给这个老师打一分是因为没有零分这个选项。有这个老师给你上微积分，基本你就凉了一半了。
76000,4229,鲁汪涛,2018-03-23 12:51:46,20,30,10,努汪涛老师上课很认真！\n\n板书错了会说“不好意思”\n\n布置作业也很负责！\n\n群里发言数第一好吗！\n\n助教小姐姐也hin可爱呀嘿嘿
76315,4229,鲁汪涛,2018-04-03 02:06:51,6,9,3,感觉挺负责，就是有点快_(:з」∠)_
76524,4229,鲁汪涛,2018-05-10 13:00:48,7,12,5,老师很认真了，助教小姐姐超级好
76644,4229,鲁汪涛,2018-04-17 04:38:45,-2,5,7,不停写错 不停抄错
79902,4229,鲁汪涛,2018-06-15 03:47:57,12,14,2,老师讲的超仔细超认真，没有任何口音听的好舒服！所有细节都老老实实讲一点也不含糊，真的很有帮助
80105,4229,鲁汪涛,2018-06-20 04:11:14,-21,4,25,求求老师别揪着这个百分之七十超纲题这个梗不放了好么。我错了行了不（呜呜呜呜）说了好几次我听着都不好意思了。我再也不敢在大群里乱说话了。老师太耿直了，反语夸张统统听不懂，全部按字面意思处理，真的笑出声了。。。。。本着对学生负责的态度。。。。。。emmmmm，对我们这么不信任怕我们抄答案就放弃苏德矿的书，逻辑神奇。本着对学生负责的态度，今天就布置。。。。。多作业。。本着对学生负责的态度。。。。。你好歹写个参考答案吧，知道你忙，但是我们每次作业都没有详细答案真的好累的(´;︵;`)老师自己写的答案还特别潦草，真让人头秃。。。
80110,4229,鲁汪涛,2018-06-20 05:39:30,-20,4,24,三次小测的微积分，上课到后期真心听不懂了呀!知道老师忙，但是以怕我们抄答案为由放弃矿爷的教材（全班投票几乎全部拒绝的情况下，让学生投票但似乎投票结果毫无作用），而自己给我们做的答案真的也是无力吐槽，想好好看答案纠错都不行。。。上课的内容例题似乎全部都是课本上的，本着负责任的态度，作业多到不用学别的科目，，，。。。
80953,4229,鲁汪涛,2018-07-03 03:54:37,7,8,1,涛涛真的很不错很负责，满分！
83752,4229,鲁汪涛,2018-07-11 06:59:58,21,26,5,老师是青千，讲课很清楚，备课备得也很认真，还有助教姐姐也超负责，把习题课上成了精华总结课。
83758,4229,鲁汪涛,2018-07-11 07:22:38,4,5,1,好老师！感谢不挂之恩！是我下半学期没花时间对不起老师TAT
83771,4229,鲁汪涛,2018-07-11 07:55:47,11,13,2,负责的老师和助教～态度100分！\n\n我觉得课后更多的还是靠自己，老师有自己的想法，不一定所有人都可以适合呀
83809,4229,鲁汪涛,2018-07-11 08:51:23,3,4,1,鲁老师其实真的还不错啦，认真负责。作业偏多但平时基本功打扎实期末确实会省不少力，比较适合我这种数学基础不那么好的，讲课也不算很快。最后上4了感谢老师和助教小姐姐啦！！！
83814,4229,鲁汪涛,2018-07-11 08:55:58,8,10,2,鲁老师作为青千，知识水平高又谦虚认真负责，普通话标准，课堂无需抢座。那些退课的你们就后悔去吧！
84105,4229,鲁汪涛,2018-07-12 04:28:16,3,3,0,老师真的很认真负责又谦虚，助教小姐姐更加。棒棒棒！！！
85881,4229,鲁汪涛,2018-08-25 03:29:31,0,2,2,作业布置得很多，最后因为考试太多了微积分没有复习? ，不过老师给分还不错，作业多的好处是期末没时间复习平时好好做了作业期末还是能够过的
86641,4229,鲁汪涛,2018-09-17 16:05:02,1,3,2,好老师，真的好
109066,4229,鲁汪涛,2019-06-06 12:57:22,1,1,0,还行吧
109864,4229,鲁汪涛,2019-06-20 02:00:33,1,2,1,老师人很好
116555,4229,鲁汪涛,2019-09-11 12:50:53,1,2,1,老师讲课很仔细，也很认真，讲的大多都能听懂，很棒
118213,4229,鲁汪涛,2019-10-23 05:48:23,1,3,2,鲁老师是我见过最沉稳的老师。他上课语调非常平稳，不说废话，逻辑缜密，边写边讲，节奏不快。我感觉他在讲台上不像一个老师在讲课，更像一个学者在做报告。真心很喜欢他的线代，满分
119214,4229,鲁汪涛,2019-11-11 08:33:39,2,2,0,老师非常认真负责！每次都在Keynote里写板书，当天晚上上传到QQ群。印象很深的是，老师把所有同学的期中试卷所有题的给分重新认真审核了一遍！
119491,4229,鲁汪涛,2019-11-13 05:13:16,5,6,1,选了鲁老师的线代甲，老师上课认真负责，讲行nie式讲的也很清楚，课上有很多讲习题的环节。老师对学生的态度也超级好，期中考为了让大家的分数不出差错特意自己核对了一遍班级的卷子，助教也超级好，每本作业都有评语。老师真好，下次还选。
120855,4229,鲁汪涛,2020-01-17 23:37:23,1,1,0,老师超级可爱！爱了爱了！讲课没有口音！真的太喜欢了！！
121162,4229,鲁汪涛,2020-01-20 01:30:46,-1,1,2,上课又好，给分又好，还负责（期中亲自检查试卷，担心我们被别的班的助教多扣分；期末亲自整理慕课成绩，成绩有错还细心的帮我们该分）这种老师去哪里找哇。老师群里那番话，真的看哭了，太感动了，超级谢谢老师和助教。
121361,4229,鲁汪涛,2019-12-18 05:16:29,-1,1,2,鲁老师很年轻，年轻到让人以为是学生... 但是老师很负责，很认真，很会为学生着想，学术水平也很高。另外，助教超级负责，认真批改每一本作业，给每一份作业写评语，给每一次作业题做详解，赞赞赞。
121598,4229,鲁汪涛,2019-12-12 09:22:02,2,2,0,鲁老师很幽默！！经常被萌到。而且上课讲的很全面，进度有点快是因为最后会为学生准备很多复习课！平时偶尔会有点跟不上，但是课后问老师他都会很认真的回答，而且会举很多例子讲得很好懂，还会不停的问理解了没有，非常贴心。作业量大的时候会挑一些题作为选做，而且题目都挑得很精髓 工作很负责 有时候也会水班群 和学生相处很友好。而且助教xgg也超级负责！改作业会加很多批注，而且考前会发放很多复习题（（
121761,4229,鲁汪涛,2020-01-21 17:46:22,1,1,0,讲课讲得不错，老师和助教超认真～
122509,4229,鲁汪涛,2020-03-02 14:18:50,-1,1,2,细致入微的老师，宝藏级别的助教。\n\n鲁老师是我见过对学生最负责的老师，各个方面都非常照顾学生的感受。上课亲自手写笔记并且会上传到班级群，进度太快的时候会把重点再细讲一遍，上课还会讲习题，给出答案方便复习。期中期末考试还会在批改完之后再把全班同学的卷子拿出来核查，最后出分也是花了不少时间在群里核对慕课分。\n\n助教xgg绝对的认真负责!每一次作业都认真批改，甚至有评语!考试前还会找出十几套卷子给我们复习!老实说对我这种数学悟性不高的学生，这种方法简直有奇效。\n\n总之墙裂推荐这个老师!
122591,4229,鲁汪涛,2020-03-05 10:20:31,0,0,0,上鲁老师的线代课真的是一种享受！！！还有助教xgg超级超级超级超级好！！！！
136825,4229,鲁汪涛,2021-06-25 07:17:27,2,2,0,好喜欢老师！虽然偏微分学不会，但老师讲的很好，知道我们有些没学就会慢一点。老师人也很好，很随和。
138180,4229,鲁汪涛,2021-07-07 21:24:27,28,32,4,爹，偏微分让我过吧！！！！
138211,4229,鲁汪涛,2021-07-08 02:48:21,1,1,0,偏微分 捞捞 呜呜\n\n老师真的蛮好的
138551,4229,鲁汪涛,2021-07-09 17:39:37,3,3,0,上过他的课，真的是一位很负责的老师（因为自己太菜最终挂了可是他还安慰我：不要难过，这只是一个小挫折而已以后还有机会，继续努力就好）爱了爱了！！！
144372,4229,鲁汪涛,2021-12-21 08:30:52,0,1,1,。。。
148615,4229,鲁汪涛,2022-01-13 04:06:23,-4,1,5,。。。
157147,4229,鲁汪涛,2022-06-22 05:19:26,8,9,1,爹 pde让我过吧！
157150,4229,鲁汪涛,2022-06-22 05:21:45,1,2,1,鲁大师捞捞我！分离变量法解出来的ode不会解，我真的哭死（\n\n鲁老师是很好的一个老师，思路清晰，上课就像是一个学者在跟你进行交流，每一个东西都会让你知其然而知其所以然，虽然我期末可能考得不是很好但是还是学到了很多东西，妥妥给10分
183125,4229,鲁汪涛,2023-11-22 10:24:50,22,23,1,老师上课不点名，水平很强，上课很有深度。老师人也特别好，也会耐心解答问题。\n\n\n\n（声明:以下言论对事不对人，仅代表个人观点。老师还是很好的，只是评价《数值计算方法》这门课！）\n\n\n\n作为工院的研究生，如果选了或者准备选《数值计算方法》这个课大家一定要避雷！\n\n\n\n这个课虽然不考试，但是作业极多！！！不仅要完成数学手算的作业，还要用matlab实现一堆题目！每周作业都多的离谱，大概有十多道题（五六道手写五六道代码），上一次做那么多作业还是在大一学高数！\n\n\n\n作为一个非数学专业、用不到这些知识、也不会使用matlab的研究生来说，这是巨大的压力，你必须在周末或者课余时间来完成这一堆的作业（没错我之前matlab都没怎么用过却让我求解这么多复杂的数学问题）。\n\n\n\n不要以为最后没有考试就万事大吉了，最后那个两道题的大作业难度巨大无比，不是数学专业的你肯定做不出来甚至连题目都看不懂。\n\n\n\n作为研究生的课其他老师都水水过去了（本科同学还是好好学习吧！），有些考试甚至比例题还简单，但这个课你是根本听不懂（也有可能是我太菜），大作业也是登天的难度\n\n\n\n如果你看了这些还是想挑战一下自己的话，那么，去吧！
183436,4229,鲁汪涛,2023-11-26 08:35:59,6,8,2,（本科生跳过）事情很多，快跑
193095,4229,鲁汪涛,2024-06-03 11:22:25,1,3,2,新老师，常微分讲的一般，不过不点名
198866,4229,鲁汪涛,2024-09-12 09:07:28,9,10,1,老师水平很强，上课很有深度，人也特别好，也会耐心解答问题。  \n\n\n\n（声明:以下言论对事不对人，仅代表个人观点。老师还是很好的，只是评价《计算物理中的数学方法》这门课！） \n\n\n\n这门课不用选的，只开给鲁老师课题组和相关课题组的同学作讨论班用，每节课确定好同学分享部分内容的。选了也会被直接劝退走人，毕竟没有机会参与也拿不了学分，不过欢迎旁听特别是感兴趣的同学！\n\n\n\n建议选课系统后台把这几位同学拉进去就好，不用让不知情的同学跑一趟来听课又被劝退，毕竟选课界面的介绍也没说授课形式是特定同学的汇报。\n\n\n\n建议数院推广将课题组讨论班用于授课，组里的同学能拿个学分，老师也能完成教学任务，讨论班内容、时间、地点都放在选课界面上，感兴趣的同学都能来旁听👍。
200409,4229,鲁汪涛,2024-10-16 17:15:37,1,3,2,认真负责，讲课清晰，好好老师
200444,4229,鲁汪涛,2024-10-17 05:18:09,3,3,0,请问计算物理中的数学方法是开给谁的呢🥹
201821,4229,鲁汪涛,2024-11-16 03:44:30,5,7,2,给分差，出分慢，还不告知期末分数不予查卷
202180,4229,鲁汪涛,2024-11-10 11:59:59,-4,2,6,谢谢鲁爹救我复变😭😭😭😭
202794,4229,鲁汪涛,2024-11-14 11:48:09,2,2,0,不点名\n\n但是，老师您怎么还不出分啊
203014,4229,鲁汪涛,2024-11-16 02:24:46,-6,0,6,复变 感谢老师捞捞～
203129,4229,鲁汪涛,2024-11-17 07:26:00,4,4,0,给分确实差。。。
208679,4229,鲁汪涛,2024-12-30 18:16:34,2,2,0,讲得很一般……不知道为什么复变扣了我这么多
213076,4229,鲁汪涛,2025-01-16 02:51:44,4,5,1,两个学期的常微分和复变都没点名\n\n但新老师没经验讲的很不好，进度安排不合理，给分也很差，答疑也不及时
71376,4781,姚晨,2018-01-28 11:06:02,0,0,0,我造就了一个10分的老师
80801,4781,姚晨,2018-07-01 08:33:37,0,2,2,没什么感觉，就没听过。平时分也没公布是怎么评判的。
83708,4781,姚晨,2018-07-11 04:58:26,0,0,0,...
84237,4781,姚晨,2018-07-12 10:18:17,1,1,0,形策课嘛当然是无聊透顶了
92737,4781,姚晨,2019-01-04 05:06:38,7,9,2,助教小姐姐超漂亮( •͈ᴗ⁃͈)ᓂ- - -♡﻿
112131,4781,姚晨,2019-07-03 17:12:05,5,7,2,形策2.7是怎样的一种体验
112138,4781,姚晨,2019-07-03 17:23:55,1,2,1,我上课这么水都没有挂，感谢老师和美丽的助教小姐姐。
112145,4781,姚晨,2019-07-03 17:28:19,7,7,0,上课比较无聊，但给分还可以，没怎么听过，复习了半天最后绩点还算可以。\n\n然后表白助教小姐姐！xjj吼吼看！特别温柔！特别好！助教小姐姐我宣你！
112154,4781,姚晨,2019-07-03 17:48:16,1,1,0,老师和助教姐姐都好好看，超级温柔。
112194,4781,姚晨,2019-07-03 21:44:58,0,0,0,还好吧，3.3一般般
112219,4781,姚晨,2019-07-03 23:24:59,3,3,0,助教小姐姐好好看～～谢谢老师～～给发还是很不错滴～～平时都没有怎么认真听课～～满足啦～～
116408,4781,姚晨,2019-09-10 03:09:01,3,3,0,大绩杀，复习了半天，行策就给我2.7？来搞笑的吗？
120097,4781,姚晨,2019-11-17 12:18:24,1,2,1,第一次知道大学居然会堂而皇之拖课的，别人有ddl要赶啊
125961,4781,姚晨,2020-09-16 04:53:19,2,2,0,很无聊，给分也一般
125987,4781,姚晨,2020-09-16 10:00:57,-2,1,3,10分
145002,4781,姚晨,2021-12-26 12:16:51,0,0,0,老师不要拖堂啊...
156613,4781,姚晨,2022-06-20 11:54:23,-3,3,6,4.5前来感谢老师
178164,4781,姚晨,2023-07-07 10:37:08,-3,1,4,形策课成绩主要看考试时的态度，老师还是很捞的！考前没复习，考试的时候写满，字写端正，最后4.5+
194523,4781,姚晨,2024-06-24 08:32:06,6,6,0,大题基本都背到了，喜提3.6
194531,4781,姚晨,2024-06-24 09:02:45,5,5,0,大绩杀，随机正态，我身边就没有一个上4的，1分的形策还恶心人，期末选择没错、简答都写出来了就这点鸟分，我真服了
194553,4781,姚晨,2024-06-24 10:29:39,3,3,0,一分形策 不去上课的绩点高 天天去作业认真写的3.3 老师您怎么不去死
194660,4781,姚晨,2024-06-25 01:41:25,-2,2,4,形策大水课\n\n期末考考前突击背两三个小时就可以上了 给分还行
220000,4781,姚晨,2025-06-13 10:52:24,0,0,0,还行吧，卷一卷绩点也还算可以\n\n给助教小哥哥打call
220008,4781,姚晨,2025-06-13 12:21:54,1,1,0,这老师无敌了 逆天
220076,4781,姚晨,2025-06-14 16:06:54,-2,1,3,好像换了一个助教，这个男助教老师捞捞的（李北老师），给分出乎意料的好。\n\n上课从来不听，下午六点半考试，两点钟开始看PPT和资料，多在98上找历年卷，每年考的都差不多。\n\n基本上每次都雷达点名，别像我一样忘记上课，忘记一次扣两分😭\n\n时政PPT助教准备好了提前一周把你们拉到群里，任务量不算多，但是态度端正一点，不能原模原样把东西搬上去。\n\n大部分背到了，但是不是很准确，大题写得比较多，字迹工整一点，缺勤一次扣了2分。最后93/4.8，我觉得体验还不错～\n\n本人说的都是真的，不是水军。\n\n助教是真的捞！
221146,4781,姚晨,2025-06-21 13:31:31,2,2,0,真出生老师啊。室友一次课没来过，考试还作弊给4.2，每次课都去，考试前背了一整天，基本都背到了，考试写满3.9
202525,4842,王秀云,2024-11-13 03:26:57,2,2,0,老师贼好，点名都会写在黑板
70680,4957,周青龙,2018-01-27 11:09:02,1,11,10,课讲得很细，全讲一点数学史和扩展内容。小测两次，而且极简单。\n\n给分也不错。
70738,4957,周青龙,2018-01-27 13:08:26,3,17,14,讲得还可以，每堂课会复习，但期中考试之前讲得有点慢，导致我期中考试考得很差，期末给分还不错，线代本来就比较难，需要自学，给老师一个8分吧。
70759,4957,周青龙,2018-01-29 01:12:07,3,10,7,挺喜欢老师的，有点萌hhh，给他发邮件他及时回，很感动。
70830,4957,周青龙,2018-01-29 15:47:20,2,10,8,板书细致，十分用心。老师是新老师，可能以后会越讲越好!
71127,4957,周青龙,2018-01-28 03:53:08,6,15,9,讲的挺慢，但是稍一走神就跟不上了。老师讲的挺细致，最后一节课还梳理了下知识点。只是老师没有建群，信息交流略滞后。
71132,4957,周青龙,2018-01-28 04:03:39,8,16,8,老师讲的不错  进度慢了一点  不过最后期末还是复习的不错  给分主要看自己考的成绩  \n\n\n\n
72125,4957,周青龙,2018-09-17 03:57:59,-36,13,49,还挺好的啦，讲的很细，而且不用课件，板书满满的，比较令人感动。作业助教批改也比较认真，给分。。。只能说很公平，不会故意打低分，但是一般也不会调分吧。。。最后4.5还是比较令人满意的～
72697,4957,周青龙,2018-01-31 02:01:37,2,11,9,感觉老师萌萌的。还是不错啦。最后复习的时候整理的知识点很棒。
73576,4957,周青龙,2018-02-02 04:10:02,0,6,6,挺好的老师，有时候会提问
73769,4957,周青龙,2018-02-03 05:19:03,0,30,30,讲的很细，但是个人认为不太好。同时小测给分较差，A+给90，A给80......大概是不能满的.....老师人很好，回邮件也很认真，但分.....
73828,4957,周青龙,2018-02-03 07:40:24,0,6,6,老师讲课超细致的，超可爱的老师
73842,4957,周青龙,2018-02-03 08:42:53,4,16,12,前半学期讲课奇慢，导致期中考试进度不够。小测A+却不给慢，导致卡绩。无话可说了。
74347,4957,周青龙,2018-10-22 07:02:52,-7,10,17,上了和没上一样，只有自学能力极强的大佬上他的课才能学好。慎选！！！！
75369,4957,周青龙,2018-03-09 11:24:45,2,6,4,老师的进度非常适合数学不那么好的同学，大家普遍觉得可以跟得上老师的进度，然后老师对于核心重点总是千叮咛万嘱咐，有一种上高中数学课的感觉。微甲挂科的我线代3.0很感动也很感激。
78578,4957,周青龙,2018-05-13 10:15:30,-2,2,4,老师很nice\n\n
78828,4957,周青龙,2018-05-15 11:36:00,2,4,2,主要是自己学
86364,4957,周青龙,2018-09-14 04:11:09,-2,0,2,不知道
86470,4957,周青龙,2018-09-16 15:21:17,38,41,3,挺好，就是挂了
86528,4957,周青龙,2018-09-17 04:57:25,0,0,0,还没开始上，以后再评
86532,4957,周青龙,2018-09-17 05:09:55,0,0,0,老师很可爱 讲的也很好
86663,4957,周青龙,2018-09-18 01:47:33,0,0,0,很和善，也很风趣，第一节课就对这个老师印象很好
86786,4957,周青龙,2018-09-18 23:54:17,0,0,0,还可以吧
87631,4957,周青龙,2018-10-08 23:18:24,49,55,6,助教有丶帅的
88080,4957,周青龙,2018-10-22 02:31:32,3,3,0,讲得很仔细清楚，就是进度慢，另外上课有时候点人回答问题就。。。
88657,4957,周青龙,2018-11-05 05:42:25,2,2,0,还阔以，有的时候突然出现一些没讲过的概念
89018,4957,周青龙,2018-11-14 03:07:48,1,3,2,? 迷之进度
89671,4957,周青龙,2018-11-20 07:44:20,24,30,6,青龙哥是青年数学家，学术水平非常高，人很风趣，上课讲的也很棒
91943,4957,周青龙,2018-12-25 05:27:57,1,1,0,上课速度没慢，进度慢是因为秋学期刚开始有放假被冲掉了两节课?
91986,4957,周青龙,2018-12-25 07:36:54,3,3,0,老师讲的很细致，板书也很好
92042,4957,周青龙,2019-01-20 04:08:05,21,22,1,周老师是一位年轻的老师，就是写板书的时候字有点点小…坐在后排我都佛了?
92043,4957,周青龙,2018-12-25 15:26:28,2,3,1,点名有点吓人，不过被点名了没来或不会都没什么事
92067,4957,周青龙,2018-12-26 00:20:18,0,0,0,很好呀
92132,4957,周青龙,2018-12-26 14:50:52,41,44,3,他是數學皇帝的第八代弟子，上了青龍老師的課，你就是第九代弟子啦！
92219,4957,周青龙,2018-12-27 06:00:05,0,0,0,很舒服\n\n
92275,4957,周青龙,2018-12-27 11:07:31,7,11,4,可能线代就是要全靠自学叭\n\n蚂蚁爬的字除了坐在第一排中间的同学没人能看清吧\n\n死都不建群导致某节课上课快二十分钟后才来了个保安说你们老师突然生病了（还记错了老师的姓？）大家散了吧\n\n叫人回答问题有点尬 有的同学被点到名也不起来导致可能一点两三个没人站起来的尴尬情况 倒是不会苛责\n\n可能是很努力的在讲但有的人能听进去有的人听不进去吧\n\n老师学术水平如何不知道但起码讲课的很多方面都有待提高\n\n助教备课不是很充分呀 有的题不会怎么回事？越上越随意的感觉 投出来讲题手倒挺好看的
92428,4957,周青龙,2018-12-28 13:44:45,10,11,1,老师很好……真的……\n\n每节课都会复习一下上节课内容\n\n点名狂魔（估计是为了让我们认真听）\n\n不过打不出来也没啥事，只是叫你上课认真听\n\n据自己说，青龙哥乃是大数学家＊＊＊（名字记不得了）n代传人，故青龙帮众乃n＋1代传人
92507,4957,周青龙,2019-01-01 09:42:56,1,2,1,讲的挺好的，老师学术水平很高，教的很细致
93566,4957,周青龙,2019-01-10 12:15:21,23,26,3,给助教谢放小哥哥疯狂打call呀！！！\n\n真男神ヾ(≧O≦)〃嗷~是很可爱的那种帅，而且讲话莫名感觉自带萌点，卡姿兰大眼睛超可爱（感觉自己花痴了~_~\n\n当然了最主要的是你能真切地感受到他对于数学的热爱，专业知识能力很强，总会听到他说“这道题还挺有趣的”之类，也不会只顾着讲题目本身，会有整个知识的讲解，完全不会觉得听不进去或无聊乏味，感觉自己听习题课比上课要认真很多嘻嘻~真的未来可期ヽ(•̀ω•́ )ゝ
94059,4957,周青龙,2019-01-15 05:18:10,7,7,0,选上他的课你就是数学皇帝的第九代弟子了hhhhhhhhhhh
94506,4957,周青龙,2019-01-17 03:46:59,1,1,0,讲的不算太难，虽然线代很难...
95134,4957,周青龙,2019-01-19 01:06:00,1,1,0,活在梦里
95139,4957,周青龙,2019-01-19 01:15:05,2,5,3,全靠自学 慎选
96366,4957,周青龙,2019-01-21 01:18:04,0,1,1,上课会通过问一些简单的问题来点名 课讲的是真的不错
98264,4957,周青龙,2019-01-23 08:51:43,1,1,0,为何出分如此之慢！！！！╰（‵□′）╯
98695,4957,周青龙,2019-01-23 23:21:24,0,0,0,老师很棒鸭，给分也不错～? 感谢老师的平时分～
98705,4957,周青龙,2019-01-23 23:51:03,1,1,0,老师上课很好，例题很多，讲得很仔细，助教也很好
98713,4957,周青龙,2019-01-24 00:12:26,2,2,0,给个九分吧，讲课很细致，人很好，特别希望我们能学好，课上的例题很有用。如果跟上老师的节奏你会发现上线性代数是件愉快的事，关键是板书字真的有点小，对后排的同学有点不和善（助教声音小）助教大大回复信息很即时。在这里透露一个小秘密。因为老师上的慢，所以最后几节课干货巨多，一定要认真听，大家懂得吧|ω・）
98730,4957,周青龙,2019-01-24 00:42:26,1,1,0,老师挺好，助教挺帅。自己太菜，，
98735,4957,周青龙,2019-01-24 00:46:31,2,2,0,老师上课细致，习惯用板书。但进度因为各种原因拖得挺慢。谢放助教小哥哥帅的不行，讲题也很认真
98746,4957,周青龙,2019-01-31 07:49:40,0,4,4,不管老师教的如何，这课的设置就不怎么样
98822,4957,周青龙,2019-01-24 03:37:07,3,3,0,老师挺好 助教挺帅 自己太菜_(:_」∠)_
98912,4957,周青龙,2019-01-24 05:03:23,0,0,0,???
98980,4957,周青龙,2019-01-24 06:18:51,4,4,0,老师很不错的，上课好好听没问题。另外助教小哥哥超帅，莫名像oor主唱taka。
98988,4957,周青龙,2019-01-24 06:29:11,-2,0,2,老师挺好的 很通情达理
99035,4957,周青龙,2019-01-24 07:29:28,15,15,0,绩点3.6，全靠mooc，，，线代山东大学mooc吹一波
101977,4957,周青龙,2019-01-30 01:54:33,3,3,0,小测不提前通知，这挺恶心……
102173,4957,周青龙,2019-09-23 04:14:50,-110,3,113,自身的数学水平挺高的，讲课还不错吧，不过线代东西太多了，感觉下课就忘了，小测完全随机，什么时候都有可能。反正这学期线代是没学好，爆了，绩点才4.5
102955,4957,周青龙,2019-02-25 06:09:27,1,1,0,老师讲的挺细，就是容易瞌睡
104616,4957,周青龙,2019-03-25 07:34:07,-1,0,1,老师很认真
106516,4957,周青龙,2019-04-28 03:34:34,3,3,0,老师讲课确实很用心，但是进度略慢，不够深入，有时候上完一节课晕晕乎乎只有个大概印象
106628,4957,周青龙,2019-04-28 12:35:04,1,1,0,虽然我菜 但老师还是很不错的
106629,4957,周青龙,2019-04-28 12:35:04,1,1,0,青龙帮帮众bd
116384,4957,周青龙,2019-09-10 00:44:13,0,0,0,上的线代挺好的，复变怎么样得期末来评
117122,4957,周青龙,2019-09-19 13:38:30,6,7,1,复变作业太多了，在上面花的时间比写其他课程作业的时间都多
117301,4957,周青龙,2019-11-17 01:40:15,-4,10,14,老师讲课还行 相比其他某些复变老师算挺不错的 给我的分挺好的 就期末考试的话感觉今年期末题略难于往年 而且计算很多 可能比较刺激
117555,4957,周青龙,2019-09-26 02:17:13,6,6,0,点名有丶恐怖，老师是好老师
117712,4957,周青龙,2019-09-30 00:40:19,7,7,0,您如果把作业布置少一点，一定能上9. 5分
118090,4957,周青龙,2019-10-29 00:54:22,-19,6,25,先撇开老师上课极其催眠不说，群里面一堆人追着老师屁股要上课的ppt来复习预习，这么基本的要求，这人连屁都不放一个，几天都没消息，不知是不是忙于处理家里白事？除此以外还有很多槽点，反正不负责任，不如自学，慎选。
118586,4957,周青龙,2019-10-29 03:49:10,2,5,3,完全就是读教案读课本 也不管学生的反应 要不是上课随机抽人回答 还不如自学
118971,4957,周青龙,2019-11-08 16:07:42,-4,3,7,上课真的很有趣，最喜欢这样的老师了
119888,4957,周青龙,2019-11-16 17:12:02,3,4,1,上课说实话还好，就是可能有点的无聊，但是给分真的慢，好像在努力捞分，最后却还是卡绩？\n\n
119929,4957,周青龙,2019-11-17 01:06:46,9,9,0,分数我自己预估的差距巨大，还是自己太菜了
119936,4957,周青龙,2019-11-17 01:24:22,0,2,2,期末做的感觉还可以，总评却很低，和我预期差的很大
119941,4957,周青龙,2019-11-17 01:27:42,1,2,1,老师人不错，讲课没有很差也没有多好，会点名回答问题。分出的好慢，最后成绩还是一般般
119978,4957,周青龙,2019-11-17 02:53:09,10,13,3,没法坦然说出谢谢老师四个字
119989,4957,周青龙,2019-11-17 03:41:27,0,2,2,老师是好老师，但是成绩和预期差距太大了。\n\n是自己不行吧，只能说还有需要努力的地方。
120021,4957,周青龙,2019-11-17 05:23:36,-17,5,22,给分真的差吗？我最后一分钟改错了一道大题最后总评98。。。（没有别的意思）。老师上课喜欢点人回答问题，不过问题都很简单，回答不出来好像也没什么关系，但很多人回答不出简单的问题（比如三角函数）已经可以说明学习态度的问题了吧。值得一提的是今年出卷的风格跟历年卷大不相同，不过做起来其实不难。可能大家还是要多回归课本吧，历年卷只是一个参考。
120080,4957,周青龙,2019-11-17 10:43:44,4,6,2,怎么说呢，卡绩肯定还是我自己的锅，但是出分速度和讲课水平不太值目前这个分数
120152,4957,周青龙,2019-11-18 00:33:11,2,3,1,老师是很可爱的一个人，问他问题会很耐心回答的，每次也都会发ppt，认真学分数不会差的，复变期末一定要背公式！！！
128077,4957,周青龙,2020-12-07 00:44:04,1,5,4,给分他妈的太好了，真是人间给分神！这个周青龙，牛！
128107,4957,周青龙,2020-12-07 11:12:25,0,1,1,老师期末复习重点总结得很好啊 推荐选
129418,4957,周青龙,2021-01-05 06:56:25,6,6,0,我想问周白虎在哪里
132658,4957,周青龙,2021-02-03 07:21:26,9,12,3,傻逼老师，大学三年第一次遇到教的这么差还如此自以为是的老师，金融数学上课没一个人听他讲课，自己心里还没点b数，一直点人回答问题，所有人都回答不上来也不知道反思自己就知道怪学生，人生第一次数学课还有展示的，就你妈离谱。最后考试明明计算量不小，四位数乘五位数还不许带计算器，真呢nm小家子气。考完试出分还巨慢，也就批了个半个月吧，以为他在捞你，那就大错特错了，给分巨差巨差无比，无语子，希望大家珍爱生命，远离周青龙，也希望老师反思一下自己，不要误人子弟。
132662,4957,周青龙,2021-02-03 07:45:40,4,5,1,非常傻逼了，课讲得差，给分更差。这么重要的课给分这么差，呵呵
132830,4957,周青龙,2021-02-04 03:00:52,16,16,0,讲课巨烂+绩杀
132899,4957,周青龙,2021-02-04 16:42:48,8,8,0,金融数学怎么会找一个讲课这么差的老师，后面几节课就是展示展示展示展示展示？数学课展示你个头？！也算是方向课了，还没有网上cfa的老师讲课好真的是绝了
133141,4957,周青龙,2021-02-10 06:22:31,2,3,1,捞神！
133149,4957,周青龙,2021-02-10 10:32:28,4,4,0,上课必点名，讲课水平一般。板书字好小，坐在后排直接起飞。出分是真的真的好慢，过年前一天出分，绝了。但是给分也真的很一般，综合来说只能说勉强及格吧，配不上他的评分
133357,4957,周青龙,2021-02-26 09:09:54,1,2,1,捞人的神，58.5捞到60！！！
133496,4957,周青龙,2021-03-01 09:14:33,2,2,0,首先老师捞了我，我很感激。\n\n但mooc给分居然一点都不调？我知道别的班一些老师都是划档给分的，有点委屈\n\n而且我们这个班期末均分比别的班都要低，我承认我学的不够好，但老师教学水平确实有待改进。
136231,4957,周青龙,2021-06-13 08:20:40,3,3,0,。。。
141336,4957,周青龙,2022-01-13 03:13:06,23,27,4,学弟学妹们不要再选金融数学了🙏🙏🙏
141806,4957,周青龙,2021-11-09 23:52:59,12,14,2,sb老师，点名给分差
142471,4957,周青龙,2021-11-12 02:58:17,12,12,0,纯纯的憨憨老师
142589,4957,周青龙,2021-11-14 02:19:46,9,12,3,就真尼玛一点也不调分，平时分扣的也莫名其妙
142853,4957,周青龙,2021-11-17 02:11:32,11,12,1,讲的这么尼玛烂还天天点名，逼我们听这烂课？
143144,4957,周青龙,2021-11-20 09:38:42,11,12,1,调分么不调，绩杀，出分还这么你妈慢。真尼玛sb
143363,4957,周青龙,2021-11-24 06:43:49,11,13,2,自以为是的脑残，出分这么慢还不调分
143610,4957,周青龙,2021-11-29 05:24:23,11,12,1,傻逼老师，出分死你妈慢
143620,4957,周青龙,2021-11-29 05:30:46,-11,4,15,给分真的巨棒，平时作业也少。\n\n但是出分也很慢
143625,4957,周青龙,2021-11-29 06:06:29,11,12,1,出分又慢又低，两个学期来没见过这么低的绩点
143630,4957,周青龙,2021-11-29 07:36:14,-4,6,10,老师确实点名，不过说实话，我觉得老师课上得挺好的，该讲的地方也都讲清楚了。老师也在不断改进，板书写得挺大的啊，没有像以前评的那么小。出分比较慢，过了两个星期才出。这次的分数不尽如人意，偶尔也想骂骂老师给分不好，其实反思反思，自己没复习好，发挥得不好才是主要原因啊。
143698,4957,周青龙,2021-12-02 03:27:57,12,13,1,出分慢且低，不调分，被卡绩\n\n平时事情多，点名小测，不推荐
143862,4957,周青龙,2021-12-09 07:20:19,9,11,2,sb。
144344,4957,周青龙,2021-12-23 04:28:16,-6,3,9,神中神，世界第一复变函数，没有周青龙我可能学三年复变
147348,4957,周青龙,2022-01-09 15:53:35,-7,1,8,除了上课会点名，其他都很好
147390,4957,周青龙,2022-01-10 02:13:29,6,6,0,sb憨憨
147474,4957,周青龙,2022-01-10 05:11:17,7,7,0,最低绩点
148764,4957,周青龙,2022-01-13 12:34:38,5,5,0,真的无语 有展示 不划考试范围 期末70 不调分 无语
149400,4957,周青龙,2022-01-15 08:40:45,12,12,0,1.每节课都会点名，随机点人回答问题\n\n2.一学期差不多十三次作业，每次六到十道题不等\n\n3.最后几周有大作业，写一两万字的报告或者上台15分钟小组展示二选一\n\n4.期末考试不允许带计算器，基本不调分\n\n大概就这么多吧，不知道有没有记错，能不选就不选吧，毕竟大家谁都想要好一点的绩点，回报和努力不成正比的一科
149408,4957,周青龙,2022-01-15 08:54:37,0,3,3,19级表示，今年还是有调分的hhhh\n\n谢谢老师！
150184,4957,周青龙,2022-01-20 02:29:43,3,3,0,sb。
153879,4957,周青龙,2022-05-15 06:38:45,1,1,0,复变行，金融数学不行
158499,4957,周青龙,2022-06-30 00:12:05,3,3,0,还tmd出不出分
158929,4957,周青龙,2022-07-03 11:56:19,1,1,0,出分慢
159039,4957,周青龙,2022-07-05 03:05:30,-1,0,1,老师讲课很认真，给分不错
160554,4957,周青龙,2022-09-27 00:41:17,3,3,0,有亿点催眠
160755,4957,周青龙,2022-10-11 01:53:54,6,6,0,早八复变，催眠之神
161183,4957,周青龙,2022-10-31 11:06:46,5,5,0,一开始讲得比较慢，后面发现上不完了就上的飞一样😭😭😭😭
162552,4957,周青龙,2022-11-25 06:53:05,-1,0,1,小测简单 给分好的 上课会讲很多小故事刹不住跑挺远 自己注意学 会随机叫人
162596,4957,周青龙,2022-11-27 09:02:10,-19,0,19,复变大水课，上课就小测那节课去了，没听过，考前看了两天就满了？
164447,4957,周青龙,2022-12-21 04:25:57,-14,0,14,数学类的课还是需要看自己努力的\n\n平常好好听+做笔记，最后期末烤炸了（两道大题做错+一道不确定）结果依然满绩了\n\n给分是真的好\n\n哦我说的是复变
165376,4957,周青龙,2023-01-03 15:00:10,-1,0,1,老师挺好的
165864,4957,周青龙,2023-01-10 07:37:31,-3,1,4,老师还是挺能捞的，比想象中给分好很多555
165884,4957,周青龙,2023-01-10 08:19:40,1,3,2,金融数学给分还不错的，本来以为要寄了
168062,4957,周青龙,2023-01-25 04:36:20,1,2,1,感觉有点不礼貌，邮件已读不回
173994,4957,周青龙,2023-06-05 13:25:06,1,1,0,复变，上课一般般，有点催眠，给分不咋样
180199,4957,周青龙,2023-09-20 13:54:22,2,2,0,已读不回很有意思咯
188673,4957,周青龙,2024-01-19 13:39:02,8,11,3,有一说一 ode课上的不错
188827,4957,周青龙,2024-01-20 06:11:40,1,2,1,讲课思路清晰，是我完全没学明白TAT
188833,4957,周青龙,2024-01-20 06:50:22,0,2,2,只有我一个人觉得给分不好吗。。。
198666,4957,周青龙,2024-09-10 13:44:00,0,0,0,已读不回咯
199598,4957,周青龙,2024-11-17 15:00:01,2,2,0,金融数学好像思政课，有课堂讨论和小组作业读书报告...
204739,4957,周青龙,2024-11-27 14:44:51,5,5,0,上过金融数学，很喜欢那一套数学，但内容也太肤浅了吧，同样是一学期的本科课程，某亚洲高校能覆盖到美式期权和敲入敲出期权定价，及所有严格的数学证明，zju只能让你学会算二叉树和背诵默写BS公式，简直和随机过程不讲鞅一样重量级。希望老师利用那些让同学水一些偏金融的报告的时间好好讲好一门数学课，至少多介绍些金融数学的数学基础吧，不然和经济学院开的课有什么区别呢。期末考试难评，上来两个概念默写，不知道捞人程度如何。
205792,4957,周青龙,2024-12-12 04:09:01,5,5,0,提问小子
207159,4957,周青龙,2024-12-19 13:03:27,1,3,2,常微分方程，喜欢老师讲的课，呃就是太难了QAQ
207475,4957,周青龙,2024-12-22 08:02:33,1,1,0,老师很敬业 但是讲得真的偏抽象 可能是课本原因吧 总感觉本来可以有更通俗易懂的讲法（上b站的时候看到的网课）
208640,4957,周青龙,2024-12-30 10:10:15,8,8,0,留作业总是比上课快半拍
211955,4957,周青龙,2025-01-13 02:49:27,9,9,0,上课点人回答问题期末给分还贼烂。
212072,4957,周青龙,2025-01-13 06:50:00,5,5,0,感觉给分不好，常微分一出人都不好了。。。
212114,4957,周青龙,2025-01-13 08:00:18,4,4,0,节奏混乱，给分稀烂
76249,5074,王晓光,2018-03-30 07:55:37,6,6,0,很和善，很耐心，上课也会拓展很多知识
80566,5074,王晓光,2018-07-11 07:42:27,8,8,0,王老师怎么能还没有分数！必须10分啊！
104696,5074,王晓光,2019-03-26 04:45:52,4,4,0,匿名吹爆wxg复变
114258,5074,王晓光,2019-07-09 11:39:40,3,4,1,最好老师
114262,5074,王晓光,2019-07-09 12:31:16,4,4,0,好老师！吹爆
114264,5074,王晓光,2019-07-09 13:27:58,1,1,0,最好的复变老师\n\n上他的课真的是一种享受
134402,5074,王晓光,2021-03-26 13:27:10,0,0,0,全班好评
137898,5074,王晓光,2021-07-06 13:35:51,4,4,0,男神，儒雅，博学，给分好，学到了很多东西
137975,5074,王晓光,2021-07-07 03:24:16,2,2,0,好老师啊！
138041,5074,王晓光,2021-07-07 07:03:37,2,2,0,上课有深度，非常好！
138430,5074,王晓光,2021-07-09 06:25:25,2,2,0,超级好！！！
138677,5074,王晓光,2021-07-10 09:44:05,8,8,0,知识有广度，授课有深度，给分有温度，吹爆！！
143942,5074,王晓光,2021-12-13 14:29:44,5,5,0,大学认识的最好的老师之一，让我爱上了复变并在大三冲突选课修了大四的复分析，曾为我写过两次推荐信... 正在考虑申请当老师的复变助教
151672,5074,王晓光,2022-03-11 05:44:21,5,5,0,相比于这学期其他老师:《令人无法思考的填鸭式快速教学》，《念书但是书上也讲不清楚》\n\n王老师的课堂竟然如此严谨，丝滑。\n\n下课的时候一般不会有上课还不懂的东西。
153983,5074,王晓光,2022-05-18 11:52:14,1,1,0,晓光gg是男神啊
155253,5074,王晓光,2022-06-10 01:17:59,3,4,1,王老师能够成为一个伟大的人，一个巨人。不过或许现在的他已经是一个伟大的人了。
155254,5074,王晓光,2022-06-10 01:18:15,2,2,0,晓光老师好捏
155346,5074,王晓光,2022-06-11 08:34:25,11,11,0,好老师能让学生心中的求知火苗绽放出动人心魄的美丽。
156079,5074,王晓光,2022-06-17 11:34:50,2,2,0,复习复变的时候真正感受到晓光的好。大家好好珍惜吧
156483,5074,王晓光,2022-06-20 07:16:14,2,2,0,晓光老师我爱你！！！
156490,5074,王晓光,2022-06-20 03:39:39,20,20,0,指数院的王老师：\n\n晓光老师和尹老师是我在浙大见过的最好的两个老师，尹老师带了我们三个学期分析学，这学期晓光带我们复变，他虽然平时作业难度比较大，但毕竟是作业，可以给我们充足的时间去思考琢磨，考试难度相对轻松，没有给我们很大压力，而且晓光老师上课是真的希望把我们教懂，对学生也是尽心尽责，学期末的时候他把他自己上课的讲义全部打出来人手一本，让我们复习有最好的资料，看他讲义整理的自序真的会哭\n\n顺便说一下助教，两个助教gg也是尽心尽责，每次作业批改的痕迹甚至比我自己写的还要多，清楚指出我错误的地方，而且每次都会发超详细的解答和拓展\n\n大学四年不上他的复变真的会后悔。
156512,5074,王晓光,2022-06-20 06:09:41,5,5,0,晓光gg和慧慧姐真的我哭死！！！感动！！！
157524,5074,王晓光,2022-06-23 15:31:44,8,8,0,“仰之弥高，钻之弥坚，瞻之在前，忽焉在后。夫子循循然善诱人，博我以文，约我以礼，欲罢不能。即竭吾才，如有所立卓尔。虽欲从之，末由也已。”
157543,5074,王晓光,2022-06-23 16:24:18,0,0,0,大师！大师！
157622,5074,王晓光,2022-06-24 04:38:07,3,3,0,王晓光老师我的超人！！！👊😭👊
165908,5074,王晓光,2023-01-10 10:34:12,2,2,0,老师讲课超级好
169658,5074,王晓光,2023-02-27 09:27:18,2,2,0,世界上怎么会有晓光gg那么完美的男人啊啊啊啊
175173,5074,王晓光,2023-06-22 06:50:04,2,2,0,在浙大遇到的最好的数学老师！！
179974,5074,王晓光,2023-09-20 05:34:20,1,1,0,复变函数选他就完事了
193621,5074,王晓光,2024-06-14 03:41:55,5,5,0,我们趁机点个名
195113,5074,王晓光,2024-06-26 23:53:51,1,1,0,给分yyds
204268,5074,王晓光,2024-11-25 05:52:41,3,3,0,xggg无敌，讲课好，给分更好。虽然课程和作业难，但最后结果总是能学到很多且分数很高（无脑选
216216,5074,王晓光,2025-03-12 13:32:56,1,1,0,复变，非常可爱的老师，写的讲义很有意思
219397,5074,王晓光,2025-05-26 10:37:07,0,0,0,毕业很久了，现在学的东西和复分析也不太相关，可以说很遗憾把晓光哥哥教的知识都遗忘得差不多了。但还是有一点让我印象很深：\n\n\n\n在复分析的课上老师稍微提到了一点Mandelbrot集，我作为对代数更感兴趣的学生，就开始思考Mandelbrot集在四元数、八元数、十六元数甚至三十二元数……的扩展。我们知道复数满足|xy|=|x||y|（由此可证明Mandelbrot集被限制在原点为中心、半径为2的圆盘内 - 读者自证不难），而从十六元数开始的数集都不满足这个性质。但很幸运的是，它们还是满足|z^n|=|z|^n（因此在所有维数上，Mandelbrot集仍然被限制在半径为2的球内）：这是因为我们可以把z写成a+v，其中a是实数，v是纯向量，则a和v乘法可交换，且v^2 = -|v|^2。由此我们可以看出来a+v的乘幂的模和一个复数的乘幂的模具有类似的性质。我到现在都还记得我发现这个性质的时候高兴了好久。
219403,5074,王晓光,2025-05-26 12:15:26,0,0,0,补充楼上一点，忘记说了：因为a+v的次幂和复数性质类似，所以高维的Mandelbrot集的每个2维截面其实就是普通的Mandelbrot集，也就是说2^n维的Mandelbrot集就是原来的集合绕剩下的2^n-2个维度各旋转了一次\n\n（a+bi∈M <=> a+b_0e_0+...+b_{2^n-1}e_{2^n-1}∈M_n，b_0^2 + ... + b_{2^n-1}^2 = b^2），其实研究意义不大。但思考的过程还是很有趣的。
183198,5514,包刚,2023-11-22 15:46:42,3,3,0,院士大佬
183280,5514,包刚,2023-11-23 11:32:22,2,2,0,院士！！！
215463,5514,包刚,2025-02-26 09:15:31,0,0,0,牛逼！
125171,5700,齐治,2020-09-02 21:58:01,13,15,2,大牛老师，可惜讲课一般，给分也中规中矩
125755,5700,齐治,2020-09-14 04:13:19,0,1,1,给分还可以嗷，就是网课的画质有点难受hh
144005,5700,齐治,2021-12-15 15:57:54,2,4,2,讲得太好了，齐老师做解析数论的，上复变函数课除了把复变本身讲得好，很多时候会介绍书上理论在他的研究有什么用处，还会讲很多数学史。老师很认真，会私信答疑，各种照顾同学们听课体验，很棒！
144427,5700,齐治,2021-12-21 12:47:05,-2,1,3,...
145636,5700,齐治,2021-12-31 01:13:09,-1,0,1,想问下复分析哪有第五版。。
146003,5700,齐治,2022-01-05 03:19:29,1,4,3,复变上课老师从不点名，讲课也蛮不错，主要是会告诉你这个东西和他研究的有什么关系。就是期末考试改卷太严了，我构造对了只是最后少说了一句一分不给有点炸，其他都还好，认真复习的话期末考试题也中规中矩，能拿个八九十。
154490,5700,齐治,2022-06-02 01:56:10,0,1,1,。。。
156266,5700,齐治,2022-06-18 15:04:26,23,28,5,助教gg好帅
156415,5700,齐治,2022-06-19 13:26:04,6,8,2,给分好好，课不是很听得懂，讲的很难但是考的不难
157643,5700,齐治,2022-06-24 07:40:02,0,2,2,帅哥!!!!!期末大捞特捞
165226,5700,齐治,2022-12-30 09:33:59,7,9,2,老师挺好的，没话说，我也很喜欢助教gg
165227,5700,齐治,2022-12-30 09:35:04,1,3,2,不错不错
168924,5700,齐治,2023-02-23 13:46:58,0,0,0,上午考完晚上出分，爱了爱了
187516,5700,齐治,2024-01-16 12:21:54,5,6,1,没有过程分、、、真的给分好吗、、
192512,5700,齐治,2024-05-22 09:36:19,2,5,3,神仙老师&导师，助教gg也非常尽职尽责！
194289,5700,齐治,2024-06-23 06:39:48,0,4,4,老师的复变函数偏解析数论方向，不小测不点名，但讲解深入简出，板书十分清晰。非常好老师！！！！10分没商量
209261,5700,齐治,2025-01-05 08:31:29,5,15,10,qz爸爸讲课和板书非常棒，这几次期末都不难而且会调分，直接捞满了！！！！
217797,5700,齐治,2025-04-16 13:34:29,3,4,1,老师上课思路很清晰，下课提问也是秒回，但是老师您有没有意识到讲到稍微有点快了，而且还是全英文板书，稍微愣一下一节课就跟不上了/(ㄒoㄒ)/~~
220089,5700,齐治,2025-06-15 01:10:35,8,8,0,老师讲课给10分，板书很漂亮，期末考完第二天就光速出成绩了，感觉总评不会捞但是这学期卷子不太难所以实事求是折算下来绩点也还行，可能绩点主要看老师当年出卷心情（评价仅供参考）
220093,5700,齐治,2025-06-15 01:38:38,2,2,0,捞飞了，不点名
220161,5700,齐治,2025-06-16 04:24:35,3,4,1,老师水平很高，上课无废话，板书很漂亮有序。平时作业糊完都没复习过，考前冲着必考题范围突击了一发，总评能上80已经很满意了
139002,5790,王枫,2021-07-12 07:03:30,4,9,5,点拓刚开始讲的超快，后来慢慢的速度也慢了下来。课程难度还是有的，平时作业比较少。期中考试签到送50分，期末考试也有让人及格的送分题。\n\n唯一不好的就是课堂板书很乱。。。
174954,5790,王枫,2023-06-20 11:33:57,9,9,0,明天期末考，先评个分。这学期上老师的点集拓扑感觉收获真的很大，虽然这个课程本身难度不大，但是对于大一的小朋友可能还是太抽象了hhhh。我一边上实变一边学的点拓，感觉两边知识融汇贯通起来还是收获颇多。王老师上课其实密度不大，但是语速有点快，蛮适合我这种爱开小差的选手的，不会上课睡觉。老师的讲义写得很好，个人感觉比啃课本方便（美国人写教材实在太啰嗦了），讲义里的每一个命题都很有启发性。\n\n同时夸夸助教lxgg！！每次作业都有详细的解答，也不厌其烦地回答我每一个愚蠢的问题，人太好了！！\n\n深刻地感觉学点拓还是要多问，东西真的不难，还是在“语言”的范畴里的，就是刚接触很容易被绕糊涂。\n\n等出分了再来补充吧www
176833,5790,王枫,2023-06-30 10:13:06,2,2,0,表白助教lxgg。\n\nwfgg讲得也好好，比自己看书舒服多了
176971,5790,王枫,2023-07-01 02:22:38,2,4,2,wfgg讲课思路清晰好理解。我数分高代全凭自学，但点拓听得津津有味。\n\n助教lxgg是我遇到最好的助教，钉钉几乎次次秒回，非常非常耐心。\n\n缺点：开头讲太快了，险些把我淦自闭（虽然事实证明，开头东西好像也没啥用）
176972,5790,王枫,2023-07-01 02:24:22,6,6,0,wfgg讲课思路清晰好理解。我数分高代全凭自学，但点拓听得津津有味。\n\n助教lxgg是我遇到最好的助教，钉钉几乎次次秒回，非常非常耐心。\n\n缺点:开头讲太快了，险些把我途自闭（虽然事实证明，开头东西好像也没啥用)
189810,5790,王枫,2024-01-29 16:20:04,4,5,1,代数拓扑最佳老师，可惜现在王老师不教代数拓扑了
217140,5790,王枫,2025-04-02 11:29:48,5,5,0,点集拓扑的老师，思路清晰，不会卡壳，可惜就是碍于时间安排，有一些内容讲不到，作业题目比较开放，有很多看似显然但需要思考的内容，需要和同学一起讨论才能解决。助教哥哥每次回答问题都特别及时，是一个很温柔的人。
218810,5790,王枫,2025-05-06 11:32:35,4,4,0,“我期末卷会出的比较难，并且不调分，但是后来变成了必修课，所以我得控制一下挂科率了，不然明年还要来我这里”
218936,5790,王枫,2025-05-13 18:05:48,0,0,0,神中神
219220,5790,王枫,2025-05-23 07:04:04,0,0,0,点集拓扑，课讲得其实不错，逻辑挺好，但有个很大问题，字迹太丑了！！！课后看课件要在思考数学内容的同时，思考这到底写的是什么字\n\n希望老师平时能多练练字
163112,6183,李奇睿,2022-12-07 11:05:49,0,7,7,讲的实在不行
163148,6183,李奇睿,2023-01-19 05:28:11,0,8,8,水平不行
163749,6183,李奇睿,2022-12-16 05:02:21,3,5,2,讲课有点脱离书本，没有数学功力还是别选了
167153,6183,李奇睿,2023-01-15 04:25:23,6,7,1,数院的黎曼几何课上得挺好的，可能在上工科pde的时候会带着一些上数院课的思维
169042,6183,李奇睿,2023-02-26 10:17:53,3,3,0,考试好™离谱，课程难度飘忽不定
169045,6183,李奇睿,2023-02-24 06:10:02,12,12,0,海底中的海底捞，给老师磕几个响头
169060,6183,李奇睿,2023-02-24 07:22:59,-2,9,11,个人感觉讲的很有意思，把每一步都讲的很透彻，最后复习给了两份历年卷。这次考试出的很难，很多新题型，但是老师海底捞了，只完整做出三道题，喜提4.8，吹爆！\n\n都给我选！！！
169242,6183,李奇睿,2023-02-25 03:05:05,16,16,0,讲课一般，给分是真好（工科pde）
170032,6183,李奇睿,2023-03-01 05:27:04,5,5,0,我觉得老师讲的还好，过程讲的很详细，讲稿神中神，主要是考试李老师是真海底捞啊
170516,6183,李奇睿,2023-03-06 04:38:14,4,4,0,讲课确实一般，容易讲不到重点，但给分确实好
176965,6183,李奇睿,2023-07-01 01:53:51,2,2,0,实变讲的很不错，条理清晰
177962,6183,李奇睿,2023-07-06 00:51:52,3,4,1,讲课超级有条理，还会有很多扩展，讲稿真的是神，讲稿真包含黎曼几何第三章第四章，自学也不会吃力，考试就是作业的微小扰动，给分巨好，强推！
187470,6183,李奇睿,2024-01-16 09:52:17,5,6,1,我得给他磕一个，小测16分，总评95，肯定捞我了，神
187531,6183,李奇睿,2024-01-16 12:38:13,5,5,0,老师不点名，最重要的是课件神中神，是上过的所有课里最好的课件，课件完爆课本。补天补课都可以用课件，理论清晰而且例题多，还有历年真题讲解。老师上课讲的也不错，虽然什么green函数听不懂，但是那部分是真的抽象（还好不考）。给分也挺好，虽然这门课有点难，但是可以无脑选lqr老师的课
188685,6183,李奇睿,2024-01-19 14:14:35,4,4,0,pde讲的太好了
190497,6183,李奇睿,2024-03-06 04:16:09,4,4,0,工科pde，究极无敌海底捞
198273,6183,李奇睿,2024-09-06 04:23:36,5,5,0,没的说的，这老师选上了你就乐吧！上课思路很清晰，课件写的也很好，问问题他直接一个电话打过来！可惜PDE这门课本身就很难。10分必须的。
212226,6183,李奇睿,2025-01-13 13:22:57,3,3,0,很好的数学老师
215636,6183,李奇睿,2025-04-14 12:47:11,4,4,0,这下不得不10分了
215860,6183,李奇睿,2025-03-06 05:28:05,6,6,0,老师上课讲得很好很激情但是不用话筒的，板书稍微有点乱，不去上课靠智云补是没用的，老师明确说过不点名的
216308,6183,李奇睿,2025-03-13 06:02:25,4,4,0,不同意前面同学说的，线下上课的话会发现板书是很好的，感觉有些乱可能是因为用的英文\n\n另外，李奇睿老师上课非常有意思，不会让人觉得无聊，上课就像在聊天，讲课的思路也很清晰，还有就是长得帅😍
123395,6230,高帆,2020-06-08 05:50:37,14,17,3,老师真的超超超可爱 耐心解答 水平也很高 \n\n要是我是女孩子....
123488,6230,高帆,2020-06-09 06:45:49,19,20,1,顶一波高老师，上课好，人很有趣，思想也非常开明
126383,6230,高帆,2020-09-24 13:27:00,4,5,1,好极了
126591,6230,高帆,2020-10-05 04:49:09,-45,7,52,傻逼一个
126686,6230,高帆,2020-10-13 16:10:21,12,12,0,高帆老师又帅又厉害，好喜欢他的课，想当他的研究生
126875,6230,高帆,2020-10-26 07:03:01,-13,4,17,fangao一次又一次暗示我不适合学数学
127207,6230,高帆,2020-11-13 06:28:46,3,3,0,男神！
127347,6230,高帆,2020-11-20 14:48:45,7,7,0,😄😄😄
127348,6230,高帆,2020-11-20 14:50:50,1,2,1,我清楚的知道我很菜，但是老师很厉害，是一个很强的老师
128110,6230,高帆,2020-12-07 16:54:32,2,2,0,高老师超帅！！！
128259,6230,高帆,2020-12-15 10:49:36,0,0,0,老师很厉害，是我不配
128822,6230,高帆,2020-12-25 15:02:11,3,3,0,矜持有深度 低调有内涵
131196,6230,高帆,2021-01-26 13:13:12,10,10,0,属星空之人，当是如此。😄
131617,6230,高帆,2021-01-28 19:40:04,3,3,0,😄😄😄
132634,6230,高帆,2021-02-03 03:27:54,1,2,1,上了高老师抽象代数课很喜欢，听说有点拓就去看了视频回放，惊为天人
133672,6230,高帆,2021-03-03 12:28:55,-1,2,3,上了第一节课后班上退了四分之一的人
137943,6230,高帆,2021-07-06 17:57:20,2,2,0,高帆老师是真的好，上他的课一直在划水真的是非常非常抱歉呜呜呜呜呜呜 回头一定恶补他的课
151466,6230,高帆,2022-03-04 03:19:14,21,26,5,好事是，帆喜欢讲观点。\n\n坏事是，帆太喜欢讲观点了。\n\n不是说观点（idea & insight）不重要，但是对于一门基础阶段的课程来说，在围绕着定义，重要性质，核心定理的一整套结构和语言都尚未讲明白的情况下漫漫而谈，每节课都如同讨论班的自由分享，这样带来的结果就是…绳子系好了，系上绳子的那些玩意儿却连完整的形体都没形成，然后没过多久又松了。\n\n事实上不难看出帆是真的有想上好课，他总是那样热情，也愿意倾听意见，从不照本宣科（虽然学生们也许更希望他多宣一宣…），也有在尽力的将他认为最重要的内容组织出来讲给人听。他确实是个用心的老师，也真心的对待学生，这让人难以苛责。\n\n如果拿蛋炒饭打比方，帆的情况就好像是，锅好，火足，蛋实，油香，旁边葱胡椒甚至花椒都备了，就是饭不够。结果炒出来一盘色香味俱全的东西，吃的时候满嘴油花很是带感，但不知怎的就是吃不饱，饭后漱了个口又感觉肚里没剩啥东西，就很郁闷…\n\n其实帆自己也说出了本科（至少zju）数学教育的重大问题：不成体系，缺乏主线。几何与分析尚且过得去，代数这边则是散乱的重灾区。这对高成熟度的学习者来说也许问题不大，但对于才接触课程的起步者来说却很致命。\n\n而更不幸的是，单就行动而言，帆并没能改善甚至一定程度上加剧了这一点，尽管我确实相信他有在努力…
151612,6230,高帆,2022-03-09 11:56:04,9,10,1,起点太高了，上课听着反而懵。\n\n像上学期的泛函，王老师讲一大堆Fourier变换性质，广义导数等内容。\n\n学生若没有察觉这是补充内容的话，学习主线的注意力就会被分散，以至于复习不到点上。\n\n希望老师讲课有条理些，指明这节课要掌握哪些概念和定理。\n\n\n\n（Tensor Product我搜了一个下午的视频才理解，当然没学流形是我没准备好的错。。。）\n\n\n\n不过《双语授课》不错，反观我的专业所谓“双语授课”都是PPT英文，老师讲中文。\n\n这节课我愿称之为“大学英语6”或者“应用托福听力”。
153696,6230,高帆,2022-05-08 11:41:34,5,10,5,怎么说呢，之前听同学说高帆讲得很好去选的李代数，但总体而言很失望。首先 李群部分的授课可以用烂透了来形容，他的几何似乎水平不高 虽然是代数老师 但毕竟搞李代数的 李群这么差也说不过去 对于流形的处理很不严格 比如exp映射光滑性之类的处理不是很喜欢\n\n但后面的李群部分讲的倒还是可以 他的缺点呢 大概就是上课一直拿着一个讲稿 总是低头抄稿子 有时候讲的不明所以 提问他呢有时候又觉得他是懂的 好处优点当然是对于下面同学的提问比较用心
153798,6230,高帆,2022-05-11 12:02:56,1,1,0,Humphreys (GTM 009) 11.4节可以看这里：https://www.doc88.com/p-91499070015439.html，第70-74页
154111,6230,高帆,2022-05-23 10:18:52,-16,1,17,我不认为一个上课经常低头看稿子的老师是一个认真备课的好老师
165509,6230,高帆,2023-01-07 13:27:12,1,1,0,很有节奏，可以随时打断问问题
167125,6230,高帆,2023-01-15 04:07:35,7,7,0,喜欢高帆，讲课清楚有条理，能让人明白这些定义定理都是为了什么又做了些什么。人也很风趣幽默，超级可爱。
167255,6230,高帆,2023-01-15 08:50:22,0,0,0,一枚高帆老师的迷弟或迷妹路过，记录一下代数学1绩点hh\n\n18级：3.29\n\n19级：4.23\n\n20级：3.05\n\n21级：3.85\n\n22级：3.83
169300,6230,高帆,2023-02-25 09:34:57,4,5,1,水平很高，态度非常好，很佛系，最后肯定会调分，给分号..但是板书全英文，符号很多，容易乱，并且有些时候过得太快
170897,6230,高帆,2023-03-11 13:07:59,4,6,2,哇好幽默，有责任心，有想法，全英授课是我喜欢的风格。作业我要是认真写就好了，我太不重视平时分了赖不了老师啊
173212,6230,高帆,2023-05-16 03:39:17,1,3,2,讲的课挺有意思，给分也很好，也老是上课开玩笑活跃气氛，就是全英授课很头疼，反正我是听不懂，要是改成中文就好了
175230,6230,高帆,2023-06-22 14:32:02,2,3,1,gfgg人超好，水平很高，就是讲课可能会太快了，这个时候就需要有人打断他，问他一些他认为trivial的事....全英授课，很锻炼听力，就当同时学习大英五了....作业可能会比较难，考试相对还好，而且会调分，很好的老师
201119,6230,高帆,2024-10-29 04:41:24,2,2,0,表示论的课讲了半学期的非交换代数。。。太劝退了
204267,6230,高帆,2024-11-25 05:49:57,1,1,0,gfgg是代数学老师中上课最舒服的之一，板书逻辑很好也很完整；上课内容其实挺多的，经常口述一些比较重要的观点但是容易被学生忽略，一年后再回看gfgg当时的课才明白那些话的重要性
213069,6230,高帆,2025-01-16 02:17:48,3,3,0,高老师真的特别特别好，无论是课程学习方面，还是迷茫时去找他咨询都给了我很大的鼓励和引导，非常感谢高老师！也祝老师和所有选课的大家越来越好
215899,6230,高帆,2025-03-06 18:37:08,0,0,0,代数数论：\n\n20-21春夏 膏帆\n\n21-22春夏\n\n22-23春夏 刘东文\n\n23-24春夏 高帆\n\n24-25春夏 两位新老师
221274,6230,高帆,2025-06-22 11:31:05,1,1,0,高帆人真的很好，还不点名。
173608,6725,付祎,2023-05-30 05:49:59,1,1,0,sb老师，永远不回消息，态度骄傲无比，不知道整体在干什么，脑子有点大病
130387,8064,席亚昆,2021-01-21 14:03:27,32,34,2,求数来的，老师的讨论班讲题讲的很好，平时给的思考题也很好，真的收获了很多
134515,8064,席亚昆,2021-03-31 04:24:10,-41,7,48,讲实变完全照书讲
135001,8064,席亚昆,2021-04-26 11:13:16,44,48,4,我认为席亚昆老师在无论是作业题还是考试题题目的准备，上课的过程的准备，以及回答问题的耐心程度上都是首屈一指的，他对于问题总能给出恰到好处的提示，来启发你最后依靠自己的独立思考解决整个问题，尽管有些时候这些问题是困难的。他非常注重学生听课时的感受，这可能与他曾经在罗彻斯特大学任教的经历有关。而且认为老师上课完全照书讲的同学可能没有听过课，他在每一个证明前都会讲述这个证明的来由（这个定理刻画了什么，能够起到怎样的作用），并且会讲述整个证明里最重要的地方和需要注意的细节然后才会讲解，而且借用另一位老师（这里不透露姓名）的话，你只有看懂了这个定理证明里不平凡的地方才算看懂了这个定理，我想席老师在这一点上做的很好。同时，没有广泛接触大学数学课程的同学请不要被所谓某某老师照书讲解这样不负责任的评论误导，知识有它的固有框架，按照框架引导学生思考理解概念就是一种非常利于学生接受的方法（你在期末复习时尤其能够感受到），所以按照书讲是被广大老师所采用的一种方法，换个角度，如果你是老师，有一本写的很好的教科书，你不会去使用它吗？如果你是学生，完全抛开教材的思路讲解的老师，就一定比按照课本的次序讲解的老师高明许多吗？我希望大家在看这些评论时保留自己独立思维的能力，不要被误导，同时珍惜和老师相处的，能够一起学习数学的珍贵时光。
135002,8064,席亚昆,2021-04-26 11:18:34,14,15,1,老师，我爱你
135004,8064,席亚昆,2021-04-26 11:52:01,16,17,1,席老师是我的班主任，确实感觉很幸运来学校第一年遇到了老师，老师的思维方式跟我之前的思维方式很不一样，在我刚学数学时改变了很多。老师在我实变期中考试迟到半小时导致成绩完全爆炸的情况下给了我不少鼓励，批改作业和卷子也很认真，同时也很清楚在学习中哪些东西是真正重要的。总之，在我遇到的老师中，席老师绝对称得上是我遇到的几个最好的老师之一
135720,8064,席亚昆,2021-05-20 15:35:56,14,14,0,席老师，是我来浙大认识的第一个老师，他大实变没有照着书讲，比书好理解，就是，听他的课别记笔记，一分一点神就听不懂了，，，不记笔记就没什么事情，他都是把书上的重新优化了的，就是我菜接受实变有点差，当然后来尹永成又复习了一下就感觉好多了，虽然席亚昆是个年轻的老师，我觉得已经很好了，可能比较快对笔记党不太友好，真的一记笔记就听不懂了，作业题不容易
136250,8064,席亚昆,2021-06-13 16:09:28,11,11,0,席老师讲得很好，准备得也非常用心，长得也帅，打球也挺好，爱了爱了
136251,8064,席亚昆,2021-06-13 16:13:48,11,11,0,满分不解释！！！
136598,8064,席亚昆,2021-06-21 16:02:32,10,11,1,我来守护哥哥的评分！
136599,8064,席亚昆,2021-06-21 16:01:53,9,9,0,WARIII懂的自然懂。
136607,8064,席亚昆,2021-06-22 02:04:43,6,6,0,老师好的一
136608,8064,席亚昆,2021-06-22 02:06:00,8,8,0,老师讲课认真
136838,8064,席亚昆,2021-06-25 12:01:55,8,8,0,老师太好了
136839,8064,席亚昆,2021-06-25 12:25:03,7,7,0,老师好帅！
136842,8064,席亚昆,2021-06-25 13:00:48,8,8,0,席老师上课思路很有条理，一切看似神来之笔的定理证明在老师的讲解下都成为了有章可循、前后衔接的逻辑使然。老师数学功力深厚，年轻有为，很能和同学打成一片，极具亲和力。
137149,8064,席亚昆,2021-07-01 13:36:41,7,8,1,席老师yyds!
137369,8064,席亚昆,2021-07-03 13:46:00,7,8,1,笔芯❤️
137448,8064,席亚昆,2021-07-04 08:18:05,11,12,1,席亚昆老师yyds
137449,8064,席亚昆,2021-07-04 08:21:41,18,20,2,昆哥，我滴超人!
137450,8064,席亚昆,2021-07-04 08:22:20,12,12,0,绝对的好老师！虽然年轻，但教的真的很好！还很有趣！
137451,8064,席亚昆,2021-07-04 08:23:21,10,10,0,昆哥yyds！冲冲冲
137452,8064,席亚昆,2021-07-04 08:27:41,10,10,0,来浙大最喜欢的老师没有之一！
137454,8064,席亚昆,2021-07-04 08:32:57,9,10,1,锐利的剑 锐利的眼\n\n昆哥我爱你
137662,8064,席亚昆,2021-07-05 13:44:39,15,16,1,席老师我男神好吧
141193,8064,席亚昆,2021-09-26 04:00:39,3,3,0,yyds
141272,8064,席亚昆,2021-09-28 03:46:08,16,17,1,xls讲课真的绝绝子！我直接暴风听讲，好学到翘jiojio！好想变成在逃公主，和xls来一场恋爱呜呜呜！
141278,8064,席亚昆,2021-09-28 05:02:10,2,3,1,帅老师我爱了，xls棒棒哒
144669,8064,席亚昆,2021-12-23 04:58:07,2,2,0,昆哥牛逼！
145499,8064,席亚昆,2021-12-30 04:04:35,7,7,0,级数和傅立叶完全照书讲，但人家讲的好啊，能听懂。作业量适中，小测感觉难度合适，期末最后一节课会带着复习，梳理知识，不会加课讲伽罗瓦理论（懂得都懂）好老师！
146429,8064,席亚昆,2022-01-06 14:46:27,4,4,0,昆哥我男神
147223,8064,席亚昆,2022-01-09 07:26:58,7,7,0,上席老师的课需要专注度，如果是打算拍个板书课后补的话那就入门错了。如果可以跟着老师慢慢地体会每个定理的思考逻辑，那你可以发现每一步是怎么想出来的。如果想更好的听课最好课前看一次书，留出所有不理解的问题听老师上课时从这一步中提炼一种思路出来。虽然上课是比较快，但是听课过程中并不觉得跳跃。如此年轻的老师有这么强大的数学功底和授课能力，真的必须给10分
151178,8064,席亚昆,2022-02-24 05:11:04,14,15,1,我真的好喜欢xls啊，每天晚上夜里想的都是xls，真的想让xls为我讲一辈子的课(๐•̆ ·̭ •̆๐)
151235,8064,席亚昆,2022-02-25 06:45:11,6,6,0,年轻学识渊博而有趣的老师！
159996,8064,席亚昆,2022-09-11 08:22:01,1,2,1,老师真的很好，我真的很爱
173028,8064,席亚昆,2023-05-13 07:30:28,3,3,0,我是ikun，席亚昆的kun
176610,8064,席亚昆,2023-06-29 12:27:09,7,7,0,想跟席老师学一辈子粉席学
183685,8064,席亚昆,2023-11-28 13:33:03,1,1,0,昆昆yyds
191179,8064,席亚昆,2024-04-10 16:39:52,7,7,0,我伤流景实名为席老师疯狂
198958,8064,席亚昆,2024-09-13 10:56:39,2,2,0,ykgg我滴神！
210888,8064,席亚昆,2025-01-10 06:03:11,1,1,0,ikun
219145,8064,席亚昆,2025-05-22 07:43:12,2,2,0,我真幸运，能把席老师的实分析课作为我在浙大上的最后一门数学专业课。
128390,9034,励建书,2020-12-22 03:02:58,10,13,3,2020年5月11日，励建书院士出任数学科学学院院长。1981年毕业于浙江大学数学系的励建书院士与学校有着深厚的渊源。2017年，他出任浙江大学数学高等研究院首任院长，筹建了研究院。\n\n除了积极发挥在教育教学、科学研究、人才培养等方面的作用，值得一提的，还有励建书院士透过自身广阔的“朋友圈”，吸引更多名师大家在浙大“筑巢栖身”。从事的开创性研究在国际数学界也有重要影响的阮勇斌教授、目前中国最年轻的中科院院士孙斌勇等纷纷入职数学高等研究院，背后凝聚着励建书院士的心血。\n\nhttps://mp.weixin.qq.com/s/5tkBq97UBGba5HHIFnffhQ
186954,9034,励建书,2024-01-14 01:36:23,1,1,0,大牛老师
140848,9101,刘伟华,2021-09-17 01:43:55,29,34,5,刚刚入职的新老师 能感觉到才华横溢 扩展知识很多
141024,9101,刘伟华,2021-09-22 01:35:05,3,7,4,老师上课很有趣呢，节奏有点慢？感觉
141029,9101,刘伟华,2021-09-22 03:25:07,4,5,1,课有意思，人也好
141186,9101,刘伟华,2021-09-26 02:19:39,7,8,1,有才华
141830,9101,刘伟华,2021-10-27 07:03:03,11,11,0,我直接吹爆好吧。新老师很有才华，注重基础概念，同时也能做到给我们扩展。作为往届竺院学生，还是很体谅我们的，真的就很亲民(最后感谢数院面试把我捞出来)
141961,9101,刘伟华,2021-11-02 05:49:36,3,3,0,给的建议对长远的数学学习很好
143852,9101,刘伟华,2021-12-09 04:10:31,1,1,0,能学到很多东西
144063,9101,刘伟华,2021-12-17 07:28:16,9,9,0,华子是我爹！！！
144261,9101,刘伟华,2021-12-21 03:24:53,8,9,1,没有人来吹帅哥吗
144540,9101,刘伟华,2021-12-22 07:24:24,1,1,0,非常好
144732,9101,刘伟华,2021-12-23 10:57:56,3,3,0,很有趣
145280,9101,刘伟华,2021-12-28 23:49:39,4,4,0,很温和
146239,9101,刘伟华,2022-01-06 03:50:57,9,9,0,老师超好，快冲
146276,9101,刘伟华,2022-01-06 06:21:00,18,19,1,老师的优点：很幽默，上课会经常开开玩笑；\n\n很耐心，每讲完某个小知识点就会停下来问我们有没有什么问题。\n\n我在大一上遇上刘伟华老师真的好幸运，他激起了我对数学尤其是数学分析的兴趣，让我经过一个学期之后不再惧怕数学，甚至还开始喜欢上了数学。
146340,9101,刘伟华,2022-01-06 09:18:04,20,21,1,等以后学泛函还选华子！
152487,9101,刘伟华,2022-04-13 03:26:54,4,4,0,好老师呀
160419,9101,刘伟华,2022-09-22 02:08:34,3,3,0,刘伟华哥哥我的爱🥵
160827,9101,刘伟华,2022-10-15 07:46:22,0,0,0,大爱华哥！
160878,9101,刘伟华,2022-10-18 02:41:08,0,0,0,选就对了！
160914,9101,刘伟华,2022-10-19 13:32:18,0,0,0,梦中情师
162368,9101,刘伟华,2022-11-21 04:31:51,1,1,0,好帅！！！
163437,9101,刘伟华,2022-12-14 09:53:42,6,6,0,好帅！！！非常有魅力！！！非常幽默还痞帅痞帅的，感觉很话痨（？）上课不大会困。教学上很用心也很耐心，下课或者钉钉上有问必答，而且会站在长远对于数学学习和未来发展给出很中肯的建议。希望学生能快乐学数学，所以有一大堆心灵鸡汤（？）。也把学生当做成年人来尊重，平等地交流。总之希望未来也能成为他一样的有格局有思考又负责任的成年人。太幸运了大一上遇到这么好的老师！！！我爱数分！！！
163975,9101,刘伟华,2022-12-17 04:14:57,6,6,0,虽然没见几面，但是永世依恋
164320,9101,刘伟华,2022-12-20 08:47:46,2,2,0,好老师，选就对了
167502,9101,刘伟华,2023-01-16 19:43:41,10,10,0,非常非常好的一位老师。永远会耐心地回答问题，办事效率出奇地高。老师才华横溢，能给我们大一新生拓展很多很多知识，比如人生经验、社会阅历等等。总之很幸运大一选上他的课，也很幸运能成为华哥数分的最后一届学生。希望以后能更多地遇见想他一样的人，并且成为像他一样的人。
168663,9101,刘伟华,2023-02-20 16:04:33,7,7,0,华哥yyds
170888,9101,刘伟华,2023-03-11 09:36:24,0,0,0,好老师！
172274,9101,刘伟华,2023-04-24 05:34:22,0,0,0,人帅心善不点名平时分拉满
177904,9101,刘伟华,2023-07-05 10:57:41,0,0,0,数分一无脑冲
184666,9101,刘伟华,2023-12-22 06:21:24,1,1,0,又帅又幽默，给分好，但是讲课有点快，会很快讲完课然后扯点其他的，爱听，多讲❗
184991,9101,刘伟华,2023-12-25 08:23:42,0,0,0,love him
205530,9101,刘伟华,2024-12-08 16:40:42,0,0,0,兄弟们这个我是真喜欢嘿嘿嘿
167045,9278,Dimitrijevs Maksims,2023-01-14 17:14:23,1,1,0,大帅哥一枚呀
182053,9280,孙凯,2023-11-09 06:18:51,5,7,2,明明官职很大还要到处管东管西的，控制欲极强而且有很多根本做不到的想法一定要顺着她的意思完成。形式主义以及pua到极致，嘴上说着要给同学们服务做的事全是让同学们更加累的😅
190605,9280,孙凯,2024-03-11 11:46:30,3,5,2,煞笔玩意，只会阿谀奉承和pua下属
208617,9280,孙凯,2024-12-30 06:00:16,0,0,0,依托答辩
171551,9281,田昉暘,2023-03-31 14:48:42,7,11,4,强烈推荐，极好的老师，讲课清楚，备课超级用心，群里上传自己写的讲义，课上筛选内容来讲。而且会很耐心对待学生的问题，哪怕是愚蠢问题都认真解答。会为了回答学生提问而去翻书。\n\n学生可以约田老师见面咨询，问课程的问题也好，升学问题也好，老师都会开放和友善地跟你讨论，认真耐心对待你的想法。今天刚体验过，太棒了，醍醐灌顶。
171669,9281,田昉暘,2023-03-31 12:12:03,4,6,2,我觉得田老师这次的 李群与李代数 讲得比以前的老师好。\n\n\n\n去年弃修过，当时第二节课讲李群，就感觉比较混乱。\n\n后来反思，去年的老师为了让没有基础的同学能听懂就简化了切空间的定义，不过对我而言效果不是很好，因为即使简化了定义，我也无法进行具体的计算和推导。\n\n\n\n今年田老师教，李群田老师没有进行任何定义上的简化。\n\n我认为有些定义是不能过度简化的，要不然就会导致有基础的同学和没有基础的同学都听不懂。\n\n\n\n而且田老师课下会发讲稿，补充了课上的细节。\n\n而且第一个星期他还提醒我们补充关于张量积的知识，同时也提供了材料。（结果第三个星期就用上了）\n\n这课虽然对我而言难，但是老师这边完备的基础设施帮了我大忙。
176806,9281,田昉暘,2023-06-30 09:29:42,6,7,1,虽然课程巨难（笔记物量多，而且过于意识流，我最终实际上是没有听完所有必考内容的）。\n\n然后考砸了，不过越难的课程才越能让人喜欢（\n\n\n\n这个课程知识面非常广博：\n\n你会知道S^6是否是个复流形这个开放问题，\n\n你还会操作李代数的上同调（很遗憾没有讲另一种上同调），\n\n甚至是关于希尔伯特空间（在泛函分析中）没有讲到的细节，\n\n以及没有讲黎曼几何（对称空间）的遗憾，\n\n还有因为我们没有代数几何的基础所以也不能讲reductive group以及从第七节课以来的很多东西。\n\n老师下次讲还准备加入拓扑群上的广义函数（正则性方面）！\n\n\n\n但是我想强调的只有一点：\n\n如果浙大数院的老师（的课程）都（突然变得）像田老师一样，不出三年，浙大数学本科教育绝对把清华丘班按在地上摩擦！
185624,9281,田昉暘,2024-01-03 04:42:58,4,4,0,平时分和期末考永远五五分\n\n平时分总分50，总是会布置55或者60的量，让你尽量拿满\n\n期末考半开卷，我感觉我一半都是照着有笔记的a4纸来抄(｡･ω･｡)\n\n因为这一次选的数论导引，班上几乎都是工科生，老师就很照顾，说不会强行考证明，只要理解算法之类的，算是因材施教\n\n上课之前会把自己的讲义发出来\n\n我感觉我第1次选一门跨专业的课，碰上田老师还是很幸运的\n\n“我认为刚讲完就考试是不人道的，所以我没有小测和期中考”
185656,9281,田昉暘,2024-01-03 10:04:19,6,6,0,坐标田老师的数论导引课，早上12点考完下午5点钟就改完了（可能也是因为人少hhh）\n\n\n\n田老师的课很有意思，人也很风趣幽默，有一种很强的亲和力。田老师讲的知识虽然很多都是之前学数论时未曾接触过的，（如神奇的Z[i]哈哈哈，一学期下来都在取norm），但讲的也很清楚明白，并且还会告诉你这套理论的起源和背景，相比起很多数学基础课上来就给你一套定义和性质，我觉得田老师的课讲得是很棒的。虽然有的时候课上跟不上，但是课后仔细捋一捋老师所讲的内容会发现老师讲的条理其实很清晰，甚至章节与章节之间在逻辑上都是串联起来的。\n\n\n\n并且田老师会教导我们如何去思考问题，在讲完一部分之后，总会问我们，what's next？他总会引导我们去思考问题，并且他也反复提到学习不只是为了学习，以后到了工作岗位上都是需要自己去创造东西，所以思考的能力很重要。这一点，我感觉就胜过大多数的课了。\n\n\n\n总而言之，在浙大遇到田老师并且上了一学期他的课，属实有幸！
186214,9281,田昉暘,2024-01-09 12:58:28,1,3,2,"今天双喜临门：zh老师的新中国史补选上了！\n\n田老师的数论98满绩了（感谢田老师，感谢颜助教）!\n\n现在还记得考完后，田老师说第六题是最好写的（考试的时候就""随意""说这道题有两种写法讲过，我只会一种．.．考后他笑容满面地说起第二种，用的是考纲授课后拓展课的内容，但他一提我就悟了。)这种心领神会的感觉在学数学中真的是太舒服了！"
179659,10102,李雨文,2023-09-19 06:10:57,3,5,2,牛牛牛
180250,10102,李雨文,2023-09-20 23:56:29,26,30,4,不知道是不是有点紧张，李老师上课的逻辑有点点乱，并且讲着讲着可能就会抛弃话筒，所以真的不要坐后排除非你在听网课，知识点配例题这点挺好的，课后作业的量多是因为线代自身，先帮后面的学弟学妹们试试水罢。
180770,10102,李雨文,2023-09-27 07:17:37,0,6,6,老师有点紧张😓
180777,10102,李雨文,2023-09-26 05:49:11,15,17,2,感觉老师讲课有点点紧张\n\n不过讲的内容慢很好懂\n\n一直说我们时间充足哈哈哈哈哈哈
180778,10102,李雨文,2023-09-26 05:59:27,4,8,4,不如听慕课
180860,10102,李雨文,2023-09-27 08:28:56,2,4,2,李老师挺好的，助教小哥也很和蔼
180905,10102,李雨文,2023-09-28 04:06:38,1,3,2,讲的时间很充分 很有利于我们充分吸收知识 挺好的
181008,10102,李雨文,2023-10-02 07:23:10,4,7,3,老师第一次教这门课，能感觉出来上课有点紧张，有时候课堂节奏把握得不太好，但是讲得没有问题，总之还是挺好的
181149,10102,李雨文,2023-10-10 05:45:05,3,6,3,真的不如听慕课
181151,10102,李雨文,2023-10-10 06:11:39,0,2,2,666
181191,10102,李雨文,2023-10-11 07:31:51,1,4,3,老师讲题目配例题，能听懂，挺不错的，看起来比较老实且紧张哈哈哈
181309,10102,李雨文,2023-10-13 15:09:39,2,4,2,有一点特别好，定理什么的都会证明一遍，虽然有时候证着证着我就听不懂了…不过这有可能是我自身水平问题。上课讲得还挺好的
181407,10102,李雨文,2023-10-17 06:45:27,4,6,2,劝退，真心不如听网课。讲的极其枯燥，真心劝退，听过就知道。
181421,10102,李雨文,2023-10-17 10:02:29,1,2,1,老师有点紧张，但能看出来真的挺认真的
181607,10102,李雨文,2023-10-24 06:49:43,7,13,6,小提示：对面教室没有上课哦
181652,10102,李雨文,2023-10-25 08:57:25,3,4,1,老师越来越不紧张了，我很欣慰😂
181741,10102,李雨文,2023-10-30 12:16:45,4,5,1,我看了一下，他三节课135分钟能把b站四个小时的课全上完，效率很高但是能听明白的也不多（裂开）
182104,10102,李雨文,2023-11-10 03:28:41,2,2,0,很无语
182158,10102,李雨文,2023-11-11 02:44:36,2,4,2,超级无语，完全不知道上课讲了个什么，基本靠自学，对上课学东西还是不要抱什么希望了。而且感觉他上课也没有备过课，讲到后面内容时又突然讲前面的，内容也讲的不清不楚，讲得有种只可意会不可言传的感觉。
184232,10102,李雨文,2023-12-13 12:33:44,1,1,0,是不是头一回教线代很紧张😓
184351,10102,李雨文,2023-12-18 06:04:17,0,1,1,老师是新老师，上课节奏较慢，比较细致但有点枯燥。助教小哥挺有趣的。
184422,10102,李雨文,2023-12-19 09:46:49,1,1,0,老师很认真，但是讲课不是生动有趣的那种，就是正经地在按着提纲讲知识点。平心而论是很负责的老师，但是我的线代学的很烂（
184978,10102,李雨文,2023-12-25 04:03:43,3,4,1,你说得对，但我是真的想睡觉
185260,10102,李雨文,2023-12-27 11:57:38,1,2,1,除了不点名，完全没有优点
185261,10102,李雨文,2023-12-27 12:05:39,0,1,1,除了不点名一无是处\n\n占着下午前三节课贴心为学生提供中文助眠服务来给大家补觉\n\n好在是人贵有自知之明，也能意识到自己课上的不好在课上自己承认不足\n\n可能得靠再折磨几届学生才会有所进步吧
185338,10102,李雨文,2023-12-28 03:58:13,4,4,0,很有自知之明的一个老师
185937,10102,李雨文,2024-01-06 07:23:28,2,2,0,真不如自学
186788,10102,李雨文,2024-01-13 05:40:34,4,4,0,李老师第一次教线代真的蛮紧张的
186794,10102,李雨文,2024-01-13 05:49:07,7,7,0,讲课水平是相当普通的，但必须承认是很认真在讲课，也有配例题，毕竟是新老师也能看出有点紧张。不管怎么说是个负责的老师，感觉不至于6分。但线性代数这门课还是适合网课自学。
186797,10102,李雨文,2024-01-13 05:59:31,1,1,0,爱你！哈哈哈哈
186985,10102,李雨文,2024-01-14 04:26:29,30,32,2,“mooc我给每个人满分”一语封神
187656,10102,李雨文,2024-01-17 08:59:55,11,12,1,诚恳地讲，李雨文老师讲得还可以，就是逻辑有点奇怪，但该讲到的都讲到了。最开始确实蛮糟糕的😰，后面应该是适应了讲得比开始要好得多。\n\n（我觉得网课就是会比很多老师强啊。所以说不如网课的人是什么心理……声名远扬的网课本来就是很优秀的老师讲的。）\n\n（btw我上卢兴江老师的微积分都能看到有人在课上听别的老师的网课。。。）\n\n老师不点名，作业大概是一半课后题，一半自己出的证明题（对我这种菜鸡这个好难！！！）。\n\n上到最感觉老师还蛮呆萌的。。。
187700,10102,李雨文,2024-01-17 07:42:21,16,16,0,成绩一出就来了。好老师，虽然课听不懂，但是会捞人，巨捞，还有关于MOOC成绩的那句话，一语封神，快冲冲冲
187701,10102,李雨文,2024-01-17 07:33:28,10,10,0,你很无敌，巨捞。爱了，之前不识货是我不对，给我狠狠选
187702,10102,李雨文,2024-01-17 07:36:57,2,2,0,感谢李雨文
187704,10102,李雨文,2024-01-17 07:53:36,1,1,0,新老师，上课有些紧张，但讲课水平绝对没问题，而且给分真的很好。助教也特别棒
187706,10102,李雨文,2024-01-17 07:58:44,19,19,0,作为第一次授课的情况，老师讲的已经不错了，虽然经常会在下一节课讲上一节课忘记讲的东西，个人感觉，线性代数这门课本来就比较难讲。老师人很好，给分蛮好的，“mooc成绩我尽量都给满分”
187717,10102,李雨文,2024-01-17 08:11:51,1,1,0,一开始上课觉得李老师教的很不好，上课逻辑很怪，不预习很难跟上，后面全程自学，但是老师人很好，也很能捞，可惜捞的不是我。但还是一个负责任的好老师，3.6也觉得是我自己花的时间太少的原因，给个十分好评，李老师看到说不定以后上课会自信一点。
187718,10102,李雨文,2024-01-17 08:12:16,3,3,0,但讲课水平不高，但不点名，会捞人，建议自学能力强者上分
187745,10102,李雨文,2024-01-17 09:47:35,1,1,0,老师巨捞，我爱死
188044,10102,李雨文,2024-01-18 05:25:54,5,5,0,捞神！！！！！！
188074,10102,李雨文,2024-01-18 07:10:54,5,5,0,老师和助教哥哥太能捞了，爱！\n\n其实老师讲得也没那么差，这学期一直听下来感觉学得也还行
188110,10102,李雨文,2024-01-18 08:08:42,3,3,0,虽然讲课的模式可能不是所有人能适应的\n\n但是真的太能捞了！!\n\n选lyw肯定不亏！
188146,10102,李雨文,2024-01-18 09:35:52,2,2,0,爱死李雨文！捞神！感谢感谢🙏
188191,10102,李雨文,2024-01-18 11:22:06,2,2,0,从不点名，给分很好，努把力满绩不是梦
188306,10102,李雨文,2024-01-18 15:16:50,2,2,0,老师真的能捞
188398,10102,李雨文,2024-01-19 02:09:56,2,2,0,不点名，上课水平不高，个人感觉是需要完全自学，当然有可能线代本身学科的问题。平时分应该是全给满的，给分特别好。建议有自学能力的选。（不过我个人感觉零基础看b站视频应该也能学一些）。对于想要高绩点的推荐
188545,10102,李雨文,2024-01-19 08:14:27,5,6,1,传奇捞王李雨文，捞满了直接。上课有点紧张，但是课后看讲义还是可以把基本的内容学完，解题技巧讲的会比较少，但是比较注重基本内容的证明（作业有些题出的太难啦真的）。推荐买本吉米多维奇，可以看看一些解题技巧。如果有自学能力的话，强推李雨文老师！！！！！
188551,10102,李雨文,2024-01-19 08:24:49,2,2,0,李老师讲课不是特别流畅，听说是第一次上线代课，逻辑蛮清晰的，但是线代这种课不太可能上课听讲就学会，给分努力的捞了，很好的老师。推荐
188843,10102,李雨文,2024-01-20 07:41:59,5,6,1,看得出来雨文哥哥上课没有经验，但我感觉能力还是挺强的。重点是从不点名，给分很好，好好学学拿满绩不是问题，本来自认为能上4就不错了，最后给了4.5，感谢雨文哥哥和水江哥哥。
189528,10102,李雨文,2024-01-25 07:58:38,1,2,1,老师一眼看去就是数学小天才的样子，讲课讲的一般，毕竟是第一次上（并且我怀疑我太笨了难以理解线性代数），但是很负责，真的海底捞，我平时小测靠的都是中下水平，考前两天写完历年卷拿了4.5，老师和助教都很可爱
190715,10102,李雨文,2024-03-15 13:07:25,-1,1,2,李老师第一次上课，能看的出来没什么经验，授课风格确实枯燥而且难懂。但是，作为一个老师，他真的很认真，一学期课上下来也能看到他讲课的进步，虽然课很容易走神，但他讲的内容是真的很好啊，站位很高，能讲到一些课本之外的联系知识，认真消化的话能学到很多！重点是，他巨捞啊！但还是劝各位学弟学妹，对自己自学能力比较自信的再选这个老师，因为这门课还是靠自学居多..
190723,10102,李雨文,2024-03-16 06:50:18,6,6,0,数值代数课，可能是因为老师第一次上的缘故，有点坐牢\n\n但老师人非常好，课后会及时发当堂课的讲义和作业\n\n助教gg也非常用心
190972,10102,李雨文,2024-03-27 02:01:54,1,1,0,6yy6
193880,10102,李雨文,2024-06-20 11:55:41,14,14,0,伟大，无需多言\n\n\n\n上过数值代数的uu都懂
193907,10102,李雨文,2024-06-20 13:53:22,3,5,2,数值代数期末考100分，太简单了吧。
194069,10102,李雨文,2024-06-21 23:45:12,8,8,0,数值代数，第一次开课，讲的内容好多又难，小测难度逐级递减（应该是被我们平均分吓着了吧hhh ），谢谢助教哥哥平时分巨捞，期末出的比较简单，而且总分120，给分巨好
194092,10102,李雨文,2024-06-22 03:08:39,13,14,1,老师很棒，数值代数期末也很简单，满绩太轻松了吧
194102,10102,李雨文,2024-06-22 04:02:18,9,9,0,非常好老师，必须给班主任十分！
194124,10102,李雨文,2024-06-22 05:47:25,5,5,0,不点名的老师
194389,10102,李雨文,2024-06-23 14:32:36,8,8,0,味大，无需多盐
218290,10102,李雨文,2025-04-22 11:06:05,0,0,0,老师很好
181690,10124,吴惟为,2023-10-28 07:04:11,-1,9,10,竟然没有评论吗 难道大家觉得他上的代数拓扑很好吗？
182262,10124,吴惟为,2023-11-13 13:26:53,-7,8,15,非常好课
186135,10124,吴惟为,2024-01-09 02:06:33,-6,8,14,非常好老师，手搓板书，使我爱上代拓
186378,10124,吴惟为,2024-01-10 19:10:35,4,10,6,"我去年上过wf老师的代数拓扑。\n\n\n\n他们俩各有优缺点吧：\n\n\n\nwf老师讲的内容要比www老师充实（实际上wf老师讲的内容我认为是标准量，www老师相比之下就大幅简化了）\n\n其中www老师相较wf老师没有涉及的（证明）是：\n\n\n\nHomotopy Extension Properity（但是作业里面有道题是用了，还是May那本代拓里面的定理）\n\n万有覆叠的构造\n\n单纯同调（不过这个wf老师也只讲了一节课45min左右）\n\n重心重分\n\n万有系数定理，Kunneth公式（期末考试考到了，不过www老师在讲同调的同伦不变性的时候稍微讲了点相关的）\n\n上同调环（或者说代数）\n\n流形的可定向性\n\n庞加莱对偶（最后一节课简单提了一下后面从上同调开始这四条，这四条wf老师用了三四个星期讲完）\n\n\n\n---------------------------------------------------------\n\n\n\n虽然www老师讲的少吧，但是他讲得东西我能听懂（不是因为我第二次学，而是一旦脱离Hatcher的语言，一切都确实变得明朗了起来），他确实有助于我学懂这门课。\n\n他相比wf老师还多讲了Van Kampen定理的群胚版本（虽然具体计算我没看太懂）\n\n\n\n但是wf老师相比之下讲得很快，他几乎全依赖Hatcher这本书（www老师会推荐其他的讲义），Hatcher这本书又读不懂（这是我读过的除工科数分最难读懂的书没有之一）。\n\n听不懂主要不是因为wf老师，主要是Hatcher这本书过于。。。（你应该看看，有的时候我读这本书能被它气笑）\n\n\n\n于是甚至是www老师讲的那些基础内容，我在wf老师的课上也学得迷迷糊糊，这也是为什么我看到有新的老师教代拓我又报了一遍同样的课的原因。\n\n\n\n于是我即使是第二次上，课堂上仍然需要很集中注意力听来吸收这些""老""知识，除了第二周的课每节课，都对我来说几乎全新。"
187269,10124,吴惟为,2024-01-15 10:43:20,-4,10,14,此人为数院专业课最差教师。
189808,10124,吴惟为,2024-01-29 16:15:43,2,5,3,啊这...........难评...
192520,10124,吴惟为,2024-05-23 02:22:45,3,5,2,讲课比较意识流
194718,10124,吴惟为,2024-06-25 05:12:06,-5,4,9,点拓考完了，我就想问期末卷子和点集拓扑有关系吗？他不会觉得自己讲课水平挺高的吧？纯牛马。
194816,10124,吴惟为,2024-06-25 13:53:52,11,13,2,不许黑！
194844,10124,吴惟为,2024-06-25 17:00:03,1,4,3,讲课非常混乱，很多板书都很随意经常让学生学的云里雾里
195143,10124,吴惟为,2024-06-27 02:54:53,2,6,4,概念都讲不清楚
195649,10124,吴惟为,2024-06-29 07:09:47,8,9,1,平衡一下，我个人还蛮喜欢的，可能比较看能否适应他的风格
199772,10124,吴惟为,2024-09-29 12:00:24,2,2,0,口音有点机车，我觉得人挺好的。代数拓扑的作业有点小难
204614,10124,吴惟为,2024-11-27 05:09:42,1,1,0,吴老师挺好的 就是语速比较快一点 需要跟上思路
204979,10124,吴惟为,2024-11-29 06:57:21,2,2,0,很喜欢吴老师的讲课风格，人也很好，给分也挺好的
204985,10124,吴惟为,2024-11-29 07:54:56,13,13,0,坐标点集拓扑，感觉吴老师是有自己的想法的，他的考试主要特点就是，技巧性几乎没有，但是很考验对于定义和概念的理解，最后期末有些困难，但很明显捞了很多，平时作业有一些题比较困难可能需要大家多在私底下讨论解决，顺便提一下当时我们的助教人真的非常好！
209534,10124,吴惟为,2025-01-06 07:59:10,1,1,0,老师人很好，给分也比较和善。\n\n课程总体框架搭得比较清楚，而且给出了很多方便理解的数学直观，但从同调论开始讲课就越来越飘忽了，感觉不少地方没讲完整讲清楚。\n\n作业难度比上课难得多，以及会把一些重要的定理变成作业，导致有些复杂的定理应用没法很好掌握，学得有些痛苦。
215482,10124,吴惟为,2025-02-26 18:29:52,0,0,0,讲得很好，但有的时候比较快，课堂上很难跟上。看智云经常会因为没带话筒只有板书没有声音。
216761,10124,吴惟为,2025-03-24 10:40:18,2,2,0,很有灵性的老师
217073,10124,吴惟为,2025-04-01 07:47:21,1,1,0,秋冬学期上过吴惟为老师的代数拓扑，课程难度有点大，听课大部分时间听不懂，很多例子比如RP^n都是第一次接触，作业做得也很痛苦，我常常是课后花了很多时候看教材。很多时候当我对老师讲的东西大概有了概念，再回过头来听老师智云回放，觉得老师讲得特别清楚。吴老师很友好。
218620,10124,吴惟为,2025-04-27 08:00:15,1,1,0,点集拓扑后期备课不太细致，没有考虑讲的内容在当前是否合适，导致讲的时候不是很流畅，有时候讲得很意识流。
197262,10491,陈琦,2024-07-10 03:28:14,8,8,0,表白陈老师
199596,10491,陈琦,2024-09-26 06:47:58,10,12,2,好老师好老师
216431,10491,陈琦,2025-03-16 13:07:10,2,2,0,陈老师讲课幽默风趣，实在泰裤辣
216432,10491,陈琦,2025-03-16 13:10:06,1,1,0,好。。
216433,10491,陈琦,2025-03-16 13:12:45,0,0,0,我心目中的好老师
216435,10491,陈琦,2025-03-16 13:16:19,0,0,0,表白陈老师😘😍🤩
216471,10491,陈琦,2025-03-17 05:03:44,1,1,0,陈老师专业能力强[强]
216881,10491,陈琦,2025-03-28 02:00:10,0,0,0,表白陈老师
220540,10491,陈琦,2025-06-18 12:11:53,0,0,0,陈琦老师好可爱哈哈哈哈
220722,10491,陈琦,2025-06-19 10:12:41,0,0,0,数院ode，这次他说是他第一次出卷，不太有经验，计算量太大了（比24-25秋冬的张挺老师大一些），但是最后应该有一点捞的，我3*0.5题没完整写出来，约15分（不含回答的部分过程分），作业分一般给满，有两次小测，我都考得挺好（不知道小测在总评里面占比怎么样），最后总评91。\n\n板书有些乱（可能是因为这学期黑板很小），生动有趣幽默，非常可爱，很帅很年轻，第一节课举了游戏的例子，大家都笑了；群里面会跟大家互动，感觉就同龄人似的\n\n看教师主页，发现14年左右他还在浙大做学生的时候，做张挺老师的srtp2333
221327,10491,陈琦,2025-06-23 03:23:55,0,0,0,满分，老师比较年轻有活力，平时不点名，期末考虽然挺难题也多，但是过程分还是给了很好的
199771,10667,刘一峰,2024-09-29 11:58:02,5,5,0,老师的抽象代数绪论讲的非常好！
203695,10667,刘一峰,2024-11-20 13:41:58,0,1,1,唯一真神
219753,10667,刘一峰,2025-06-05 07:09:27,0,0,0,刘一锋老师的抽象代数绪论讲的超级好！虽然学习压力比较大，但是内容丰富，上课仔细，考试简单，而且课后回复问问题的邮件很快！
197319,10669,石友晟,2024-07-11 01:56:36,3,3,0,上课非常清晰，期末很捞！yyds
197786,10669,石友晟,2024-08-13 04:11:12,3,3,0,好老师！
198043,10669,石友晟,2024-08-26 13:10:27,4,4,0,下学期是石老师的抽代，先期待一下！
198281,10669,石友晟,2024-09-06 05:24:12,15,16,1,老师很帅
198458,10669,石友晟,2024-09-09 05:21:32,1,1,0,很好的老师
199760,10669,石友晟,2024-09-29 05:55:48,12,12,0,神中神，讲课清晰有条理，长得也帅，听石老师的课简直就是享受
199786,10669,石友晟,2024-09-30 01:20:36,2,2,0,上课清晰期末捞
200982,10669,石友晟,2024-10-26 03:12:31,3,3,0,好老师！爱了，就看期末给分怎么样了！
201002,10669,石友晟,2024-10-26 11:18:20,9,9,0,神中神，智云坏了会补发笔记
202383,10669,石友晟,2024-11-12 07:47:09,2,2,0,石老师讲课清晰，解答仔细，但是很可惜由于与专业课冲突了，只能退掉抽代，愿永远与数学同在
205428,10669,石友晟,2024-12-06 05:55:59,5,6,1,学了一年半数院课程下来感觉讲课最清晰的老师，他似乎知道哪里我们可能会听不懂了，上课写板书的速度字的大小也恰到好处，一堂课下来就能基本完全掌握，钉钉上问他问题也会耐心解答。讲课的时候如果用到了之前的定理或者概念还会解释一遍，总之这位老师没有9.99我不是很认可。
205631,10669,石友晟,2024-12-10 09:27:23,2,5,3,在数院一年石老师的抽代是听课体验最好的一门课了，讲课速度适中，逻辑很清晰，遇到比较困难的证明和比较抽象的定理都会放慢速度重点讲或是举一些例子，也会提证明这个定理需要用的但是我们可能已经忘记掉的引理，板书字也很大，坐在大教室后排也能看清，下课去问问题也会讲的很清楚，当然对作业和期中考批改很严格（不过老师说到时候会统一调分？个人感觉抽代这种课要求写很严谨的证明也是有必要的），还没期末考不知道给分怎么样但是真的非常高兴这学期学了老师的抽代
207155,10669,石友晟,2024-12-30 10:27:40,3,3,0,讲课真的清晰，但评卷也是真的严格，非常细节，期中考很简单也大寄了，期待期末给分吧\n\nysgg捞捞啊啊啊啊
207370,10669,石友晟,2024-12-21 03:06:14,2,2,0,神中神，人长得帅，板书非常细致，声音也很大，板书字也很大，逻辑非常清晰，上课简直就是一种享受😍😍😍
208444,10669,石友晟,2024-12-28 01:32:14,1,1,0,抽代复习不进去了啊啊啊好难，sygg捞捞😭
208501,10669,石友晟,2025-01-12 00:41:22,6,6,0,ysgg上课思路非常清晰，节奏很合适，听他的课是一种享受，智云崩了还会发笔记，神中神！作业和期中改得很严，比较注重细节，不知道给分怎么样，先打个10分，希望老师捞捞😭\n\n出分了 挺捞的 师强我菜😭
208539,10669,石友晟,2024-12-29 06:06:15,1,1,0,老师讲的真好，正在准备明天的抽代期末，希望不要辜负一学期的努力，真的好喜欢石老师😭
208672,10669,石友晟,2024-12-30 15:46:04,3,3,0,很多事讲不出道理，但石友晟老师是我进入浙大数院以来最喜欢的老师，讲课很清晰，详略得当，很有个人魅力，抽代选他准是没错的！！
209809,10669,石友晟,2025-01-07 07:01:05,5,5,0,石友晟老师的课真的是上到大二上现在最好的老师 讲课很清晰能帮助我们理解 期中期末和作业好严qwq要记得细节和过程都写清楚
211391,10669,石友晟,2025-01-11 10:05:29,1,1,0,神中神
211431,10669,石友晟,2025-01-11 11:40:25,2,2,0,抽象代数，给分很好
213378,10669,石友晟,2025-01-17 06:17:44,0,0,0,助力早日10分
213845,10669,石友晟,2025-01-20 11:07:06,0,0,0,无敌老师
