评论id,老师id,老师姓名,发表时间,点赞减去点踩数量,点赞量,点踩量,内容
1815,15,郑惠卿,2015-03-25 11:12:11,12,16,4,语言太差给分悲伤…
4609,15,郑惠卿,2015-06-25 03:18:59,26,42,16,口语听得有捉急
5255,15,郑惠卿,2015-07-06 05:30:48,5,7,2,话说不清楚
9526,15,郑惠卿,2015-10-29 08:15:56,-8,6,14,很有气质，就是年纪大了讲课有些慢
16975,15,郑惠卿,2016-01-19 10:30:18,11,13,2,没见过口语这么差的老师 给分也呵呵
22629,15,郑惠卿,2016-03-09 02:38:49,12,15,3,中文和英文都听得我想自杀
23186,15,郑惠卿,2016-03-21 07:02:34,1,7,6,就是个傻逼
23885,15,郑惠卿,2017-08-29 04:52:19,8,13,5,非常捉急，非常傻逼
25622,15,郑惠卿,2016-05-29 14:04:03,4,11,7,评论里有些人说的也太难听了……不过既然你们把我想说的都说了我就不用说了，选这个老师的课请做好心理和生理上的准备
26564,15,郑惠卿,2016-06-20 06:26:32,10,20,10,你说你年纪大了说话不清楚也还可以理解，但上课节奏拖沓甚至给人一种上不上都无所谓想翘课那就不大对劲了。开始还觉得老师很认真很负责人很好，到后来真的想编个理由逃课了#真的# 给分反正大家都说了，给跪。
27720,15,郑惠卿,2016-06-27 09:31:34,4,9,5,讲的不好，给分很低，不信的就去上她的课
28613,15,郑惠卿,2016-06-28 11:01:01,12,15,3,教的一般，给分低。
29373,15,郑惠卿,2016-06-29 15:52:39,7,10,3,挺尽心的，但说实话讲得不好，没头绪
33599,15,郑惠卿,2016-09-20 08:13:51,3,4,1,口语听不懂\n\n
34560,15,郑惠卿,2016-10-13 13:06:06,4,5,1,听和不听一个样
35674,15,郑惠卿,2016-12-29 07:11:09,-2,4,6,老师很可爱
35873,15,郑惠卿,2016-11-10 08:36:45,4,5,1,完全听不懂
35940,15,郑惠卿,2016-11-10 08:59:00,7,10,3,预置的话赶紧退吧
36722,15,郑惠卿,2016-11-15 13:57:10,1,3,2,一般般吧
38776,15,郑惠卿,2016-12-19 01:47:38,0,1,1,gg
39134,15,郑惠卿,2016-12-21 09:49:55,-14,1,15,很不错
40131,15,郑惠卿,2016-12-29 10:45:33,-8,1,9,老师其实很好的，自己不想学的话，真的谁也没办法。
41050,15,郑惠卿,2017-01-10 01:00:58,5,6,1,有毒，不知道在讲什么
42448,15,郑惠卿,2017-01-14 08:44:37,-1,4,5,老师虽然口语不是很好但是对学生还是蛮负责的 平时好好学好好考试写作业分数还是可以的 老师蛮可爱哒也很和善
42513,15,郑惠卿,2017-01-14 10:09:40,2,9,7,老师是个好人，但是大英这个东西本来就是靠自学的，我是低空飞过，顺便说老师给分很严格，没有人情分给的，平时作业认真做才有可能拿高分，最让我无语的是老师的五分钟讲精读课文……
49204,15,郑惠卿,2017-03-29 07:30:12,6,7,1,自己学吧，能不选就不选
51570,15,郑惠卿,2017-06-07 08:31:09,1,2,1,两分。\n\n一分给老师表面上还算和蔼的态度，虽然事实上每个回答问题的人都会被各种纠错。\n\n一分给老师还算负责的教学，虽然经常大半节课扯题外话。\n\n教学质量？不存在的。
66508,15,郑惠卿,2018-01-17 05:15:27,15,17,2,对对对就是“捉急”这个词，上课像在赶场，让我感觉很不舒服。中文和英文都不怎么听得懂，而且老师的很多观点很奇怪? 不怎么能理解。笑起来有点可怕。反正我不喜欢。
70330,15,郑惠卿,2018-01-26 12:53:18,5,6,1,那简直就是垃圾啊，口语烂的要死，考了57不让过的人我也是第一次看到
74927,15,郑惠卿,2018-03-06 12:50:38,1,1,0,其实老师人很好也很可爱 但就是发音不标准吧
75254,15,郑惠卿,2018-03-08 07:36:20,5,5,0,给分低
75490,15,郑惠卿,2018-03-12 11:11:00,5,5,0,体验极差
75896,15,郑惠卿,2018-03-21 07:17:47,5,5,0,不想说什么了，挂了，劝你别选这个老师，预置就退掉吧，上课跟赶场子似的，没有效率 就是个傻逼，真的杀??
86898,15,郑惠卿,2018-09-19 09:32:53,5,5,0,呵呵哒
86899,15,郑惠卿,2018-09-19 09:35:43,0,2,2,我为什么给10分 因为有毒 我已经迷失了自己 我什么都听不懂 对不起祖国的培养
88221,15,郑惠卿,2018-10-24 07:10:13,2,2,0,很一般
88490,15,郑惠卿,2018-10-31 08:56:25,3,4,1,除了性格还比较温柔。\n\n上课根本找不到节奏啊。还有让人……的口音……
88645,15,郑惠卿,2018-11-05 03:16:07,17,18,1,聽她的課真的是煎熬啊? ?
89412,15,郑惠卿,2018-11-19 03:29:44,16,18,2,每节课，真的每节课都在拖堂
89814,15,郑惠卿,2018-11-21 02:08:00,2,3,1,极差的体验\n\n几乎节节不按时下课，上课也不知道在讲什么东西。对同学的鼓励极少，喜欢纠缠于错误。从小到大第一次上这种氛围的英语课。
89815,15,郑惠卿,2018-11-21 02:08:45,6,6,0,就是个辣鸡，口语不如初学的小学生，中文也听不懂，还爱挑剔。上课没内容，听课真的是浪费时间，学不到任何东西，全靠自己。反正我就真的没有听过多少，全程低头。
92313,15,郑惠卿,2018-12-27 15:26:35,-1,1,2,老师人超级好，每天劝我们早点睡觉，说身体最重要，对学生也特别关心
93051,15,郑惠卿,2019-01-07 06:44:11,12,18,6,我不对老师评价，我只说建议\n\n如果你还没选，一定要退！一定要退！\n\n如果你实在不幸选上了，给你一个很好的建议。\n\n第一节课找一个角落，老师不会注意到的位置之后上课一直坐那里闭目养神就好 这样时间还算没有浪费\n\n然后你的演讲她一定会鸡蛋里挑骨头\n\n你不要反驳，左耳进右耳出就好
93153,15,郑惠卿,2019-01-07 16:46:11,-5,6,11,说真的 我觉得老师超温柔 你们说他口语不好 你们很好吗 我也听不太懂 但是我不怪他 生而为人 请你们善良 不要眼高手低 自己觉得很牛逼 其实你们算个毛 还在这里吐槽老师 你也当个浙大教授看看？
93849,15,郑惠卿,2019-01-14 03:59:12,0,5,5,郑老师虽然口语有时候不太标准，但是老师亲切和蔼 对学生很好 老师很纯真老师挺好的 分数不该这么低
94091,15,郑惠卿,2019-01-15 07:20:42,9,11,2,说句公道话吧，摸着良心说老师人挺好的，性格也挺温柔，各有不同的感受有些人觉得她性格不好的虽然也不是没道理，但是换过来想想老师年纪挺大了有些事还是要理解，但是另一方面，这门课上我说实话没学到什么，任何小组的合作讨论或者是演讲要么是不了了之要么是毫无氛围，半年的课下来英语水平毫无提高，期末考等于要全部自学，从没上过体验呢么差的课，注意是“课”！！！不是英语课！！！这谁顶得住。希望老师上课能够有点点逻辑，至少把内容讲清楚了。如果你的预置是她但是想认真学英语的话尽量换一个吧，如果是想上个水课，那找个后面的位置打盹就好了
94231,15,郑惠卿,2019-01-16 02:36:41,2,2,0,掀起po澜，抛弃了我～～～
95012,15,郑惠卿,2019-01-18 15:07:01,1,2,1,一般般一般般
95055,15,郑惠卿,2019-01-18 15:43:51,-1,0,1,老师确实有口音，上课对时间的把握也一般，总的来说老师是一个蛮好的人，但不算是一个好的老师，想学到知识可能要换一个老师或者自学吧，给分比较实事求是
95064,15,郑惠卿,2019-01-18 15:54:16,2,3,1,预置就退吧。我宁愿自学大英。这给分低的，逼死人不偿命。
95066,15,郑惠卿,2019-01-18 15:57:21,7,7,0,一天到晚拖堂 上课不知道讲点什么 口语实在是太糟糕了 绩点还低
95105,15,郑惠卿,2019-01-19 00:02:35,6,7,1,1. 口音方面确实捉急\n\n2. 作业之类的事情很少，比较轻松\n\n3. 对于英语水平本来就比较好的学生来说给分不会很差\n\n4. 拖堂是真的每节课都会拖堂\n\n5. 平时需要准备的只有听写，小测和个人展示
95132,15,郑惠卿,2019-01-19 01:04:48,2,4,2,昨天大英刚出绩点，担心了一学期，毕竟查老师分数低而且均绩也低，但是！！！（划重点）平时事真的少，大英自学好绩点不会差，特别是基础好的同学\n\n不过上课真的是一种煎熬
95223,15,郑惠卿,2019-01-19 05:17:35,9,9,0,千万别选，一个学期什么都没学到。上课无敌划水，口语不好，在不重要的地方讲半天，应该讲的内容匆匆一笔带过。
95402,15,郑惠卿,2019-01-19 10:33:31,12,13,1,差，乱，没有收获
95661,15,郑惠卿,2019-01-19 23:51:57,8,8,0,\n\n老师人挺好的，当然不妨碍上课=没上，不知道一学期讲了什么\n\n（高中基础不好的同学不要希望课堂上老师救你了，自救吧）
95934,15,郑惠卿,2019-01-20 08:45:21,1,1,0,不夸人我真的不能忍...大家其实英语水平都不好，自己心里都有数的，但是我认认真真准备了课前展示最后就揪着我一个PPT上的书写格式错误讲了半天...\n\n上课也没劲，无聊到我一直玩手机\n\n
98056,15,郑惠卿,2019-01-23 04:32:04,0,1,1,听课很认真了，给分还行略有点失望。\n\n老师人还是很好的吧，也很负责。但口音确实很重。
100727,15,郑惠卿,2019-01-26 15:39:02,2,2,0,千万别选，一个学期什么都没学到。上课无敌划水，口语不好，在不重要的地方讲半天，应该讲的内容匆匆一笔带过。
103232,15,郑惠卿,2019-02-27 02:29:53,2,2,0,可能是我语言适应能力太差了，不仅她说的普通话听不懂，英语也一样，难的听得懂的可能就是杭州话了
105451,15,郑惠卿,2019-04-14 08:38:43,-1,0,1,可能是太久没学听力了，我是真听不懂英语授课啊，人很温柔，也不生气。
109201,15,郑惠卿,2019-06-12 02:13:21,-4,0,4,还不错
118641,15,郑惠卿,2019-10-30 02:51:27,5,5,0,觉得老师适合去拍香港无厘头喜剧片
118642,15,郑惠卿,2019-11-11 02:39:33,1,1,0,上课太混乱了，无语
126864,15,郑惠卿,2020-10-26 01:05:12,1,1,0,上课没条理，思想有问题，自学吧
128891,15,郑惠卿,2020-12-26 12:24:09,1,1,0,我以为她是我奶奶 没想到她想当我妈妈
129870,15,郑惠卿,2021-01-13 06:02:14,-4,3,7,完全符合我的期望，就是单纯想拿到研究生英语的学分而已。老师平常作业特别少，事情真的很少(受不了另外一位老师作业太多，换成选郑老师的了)。看各自的需求选择吧~
133395,15,郑惠卿,2021-02-27 01:29:00,1,1,0,给分是真的差
133959,15,郑惠卿,2021-03-10 14:03:21,0,1,1,老师口音很重上课有点无聊，但是给分高，忍了，比我大英四给分高太多
135888,15,郑惠卿,2021-06-01 02:49:55,2,2,0,这是我头一次见到挑毛病挑的同学ppt里用的图片颜色太暗了的课
135986,15,郑惠卿,2021-06-08 00:51:16,1,1,0,给分低的离谱，每节小课下课都拖堂，而且拖个很久，自己做事都马马虎虎怎么要求学生做好？
136611,15,郑惠卿,2021-06-22 02:26:42,3,3,0,我只想说，上完她的课，对英语有兴趣的从此再无兴趣，对英语没兴趣的从此更加没兴趣。\n\n学生做演讲时，完全在用她那一套逻辑和想法去找茬，完全不顾及年轻人的观念和想法。\n\n这边建议隔壁学军中学去上课，不日就能成为高考名师。\n\n最后建议，能不选她的课，千万不要选。这学期因为选了她的课都快焦虑了，研究生科研都没焦虑过
136901,15,郑惠卿,2021-06-28 02:43:01,2,2,0,感谢老师救我狗命
140327,15,郑惠卿,2021-09-09 03:22:21,0,0,0,保我狗命
140348,15,郑惠卿,2021-09-10 02:17:28,1,1,0,对于演讲的内容并不怎么懂，但是会给你指手画脚，提出错误的建议
141019,15,郑惠卿,2021-09-21 23:48:01,1,1,0,辣鸡..
142844,15,郑惠卿,2021-11-17 00:56:41,1,2,1,辣鸡，真的辣鸡
144481,15,郑惠卿,2021-12-22 00:31:14,3,3,0,fuck woman
154164,15,郑惠卿,2022-05-25 02:54:38,0,0,0,口语小王子
155114,15,郑惠卿,2022-06-08 11:54:52,0,0,0,666
167589,15,郑惠卿,2023-01-17 13:04:29,0,0,0,口语真的不太好，老师年纪大了上课也有点拖拉，就事论事课上能学到的东西不多，但是大学本来就是要靠自己的努力。另外老师人是不错的。
170704,15,郑惠卿,2023-03-08 07:59:49,0,0,0,老师退休啦 祝身体健康
174885,15,郑惠卿,2023-06-19 10:09:53,0,0,0,很棒 捞了
174912,15,郑惠卿,2023-06-19 15:46:31,0,0,0,口语稀烂哈哈哈
4590,17,国懿,2015-06-24 23:21:08,343,361,18,外院的课上到现在，国懿是讲得最好的一个。
5011,17,国懿,2015-07-02 04:16:22,43,47,4,自由主义者
5019,17,国懿,2015-07-02 06:38:11,101,109,8,男神！
10896,17,国懿,2015-11-23 08:27:02,70,71,1,酣畅淋漓
12010,17,国懿,2015-12-21 13:27:42,8,13,5,国爸爸男神！！！
12789,17,国懿,2015-12-24 04:41:48,248,262,14,超级喜欢国老师的课 对于浙大水课充斥的世界里能够有用心上好课的人真心不多了 每次听完他的课都有一种自己要再狠狠苦读十年书的冲动
12903,17,国懿,2015-12-24 08:03:28,189,201,12,他教授的不只是课，是一种精神。
13205,17,国懿,2015-12-25 07:18:44,22,27,5,斯国一
15711,17,国懿,2016-01-16 07:20:57,20,24,4,外院男神担当！听老师讲课是一种享受！而且真的好亲切并且循循善诱
16674,17,国懿,2018-01-24 17:06:27,57,60,3,他会让人想主动学习，读书，完成作业，超级有魅力的！！
17168,17,国懿,2016-01-19 23:19:12,101,112,11,我给老师评10分，尽管我极其不同意自由主义
20169,17,国懿,2016-01-26 11:18:53,13,17,4,男神！能引人深思的好课！
22976,17,国懿,2017-12-22 05:58:39,346,381,35,1.北京人，就像在听百家讲坛一样\n\n2.感觉这事大学以来最像想象中的大学课，自由博学！
23132,17,国懿,2016-03-19 02:57:26,51,54,3,这也许才是真正的大学课程\n\n
23464,17,国懿,2016-03-30 14:41:37,89,92,3,想嫁！！
23546,17,国懿,2016-04-05 13:25:42,14,17,3,男神不解释 超有思想
23716,17,国懿,2016-04-13 11:05:25,10,15,5,课程精心准备过，老师用心。你也会不由自主认真听的。\n\n
25411,17,国懿,2019-07-27 23:53:38,1387,1490,103,君生我未生，我生君已老，想嫁不得嫁。
25568,17,国懿,2016-05-26 01:21:58,9,12,3,听他的课给人很多启发，甚至想把他所有的课听一遍。真男神ヽ(爱´∀‘爱)ノ
25696,17,国懿,2016-06-03 09:58:29,5,7,2,非常好的老师，可以学到很多东西
25709,17,国懿,2016-06-04 06:11:54,8,9,1,男神：）
25725,17,国懿,2017-09-21 09:02:40,77,81,4,只听了两节，但我觉得我们的缘分不止两节
25768,17,国懿,2016-06-07 13:18:40,56,56,0,他的课 愿意再听一万年
26938,17,国懿,2016-06-21 22:50:23,12,13,1,课后谈话最多次数的老师。确实有人格魅力
26997,17,国懿,2017-01-06 20:17:09,18,20,2,看到大家都在表白国男神我就放心了～找不出语言来夸的老师～
27409,17,国懿,2016-06-26 02:04:34,8,10,2,挺好的嘛
27557,17,国懿,2016-06-27 03:29:47,36,36,0,男神！旁征博引，引经据典，第一次发现课堂能这么有趣，干货满满。听国懿老师的课，是种享受，两个半小时的连堂连个厕所都舍不得上。大爱啊～
28343,17,国懿,2016-06-28 08:36:25,9,9,0,无敌！
28478,17,国懿,2016-06-28 09:17:01,71,77,6,男神男神！！！！！！！！！！外院所有通识课里上的最像大学授课的一门课！！！男神颜值高口才佳性格好给分高，讲课就像在演讲，生动（有煽动性？哈哈）充实！实力表白！
28566,17,国懿,2016-07-03 16:29:45,7,8,1,超棒！！！！
29028,17,国懿,2016-07-04 03:20:05,227,237,10,中国外交真的强推！！今年新开的外院大类课，事不多，老师讲的超级好，书香门第的京腔，从不点名，老师很喜欢和同学讨论，也很欢迎同学在做展示和论文前和他进行讨论，会给你提出很多建议，最后给分也超级好呀，群里一片谢谢老师谢谢男神，明年还有他的课上，开心！！
29884,17,国懿,2016-06-30 13:00:23,32,35,3,外院男神，上他的课不仅自由民主，而且真正感受到了什么应该是大学的课堂。唯一的遗憾就是老师实在太忙，经常出差，不过真的大爱啊！
31345,17,国懿,2017-12-21 04:32:00,154,167,13,什么叫完美啊！！！这就是啊！又有颜又有才 教你知识还教你做人！国爸爸我认了！期末还挽救了我的绩点 来浙大上不了国爸爸的课是一件很可怜的事啊！！
31352,17,国懿,2016-07-03 17:06:47,18,20,2,上大学遇到的最好的老师没有之一，讲课认真负责生动有趣，见识广，完全没有代沟，给分也超好！每一堂课都有收获，超有情怀，很多时候听得热泪盈眶我爱他！
31363,17,国懿,2016-07-03 17:26:38,15,18,3,中国外交：国老师帅，思想自由，从不点名，全勤有加分，收获很大，小组论文和展示各一次（不水），给分超级无敌好。比其他外院大类课优秀很多，强推！
31380,17,国懿,2016-07-03 23:43:58,15,15,0,风度翩翩
31421,17,国懿,2016-07-04 01:48:44,41,41,0,承诺了不点名就是不点名的耿直的老师....很帅 很有风度 是课上到现在感觉上的最好的老师
31492,17,国懿,2016-07-04 03:25:26,41,51,10,身边几个同学这学期报中国外交，然后她们全满了，满了，我明年也要报中国外交TAT
32252,17,国懿,2016-07-06 05:05:43,71,71,0,这才叫大学课程，从来不需要靠点名保持到课率。
32317,17,国懿,2016-07-06 06:56:37,142,151,9,如果当年，我要是知道德国研究所有这么帅这么有气质的老师，我就不选英语系了
33372,17,国懿,2016-09-19 02:12:39,10,10,0,听国老师的课就是一种享受
33837,17,国懿,2016-09-22 04:53:28,36,37,1,会让你不想翘课的老师
38234,17,国懿,2016-11-28 01:35:42,9,10,1,好得不要不要的
39012,17,国懿,2016-12-20 12:57:47,6,8,2,有知识，有思想，有立场，有追求。
40974,17,国懿,2017-01-07 05:02:50,5,6,1,想上课
41014,17,国懿,2017-01-08 04:07:58,6,6,0,男神！
43781,17,国懿,2017-01-17 03:04:50,3,4,1,很棒！
48113,17,国懿,2017-02-28 13:53:06,8,10,2,听我国男神的课简直就是一种幸福，全程花痴脸，他记住并叫出我名字的时候简直感动到流泪
48318,17,国懿,2017-03-02 08:08:46,6,7,1,国懿爸爸
48322,17,国懿,2017-03-02 06:36:46,7,8,1,太喜欢了
48323,17,国懿,2017-03-02 06:37:09,14,15,1,真·男神！三观正，很喜欢。强推，早知道就不选翻译专业课，选德语，哈哈哈。
48324,17,国懿,2017-03-02 06:46:32,23,24,1,正在听老师的课，必须10分
48329,17,国懿,2017-03-02 07:17:10,7,8,1,满分老师
48333,17,国懿,2017-03-02 07:23:13,18,18,0,国老师的课要上了一番了 这学期的欧盟已经是最后一节 国老师说啊那这样就缘尽了 怎么可能呢？我还要重修一遍！
48334,17,国懿,2017-03-02 07:24:47,7,8,1,超喜欢
48337,17,国懿,2017-03-02 07:31:05,18,18,0,国爸爸！！爸爸！！爸！！啊！！
48341,17,国懿,2017-03-02 07:46:08,8,17,9,想睡  :D
48345,17,国懿,2017-03-02 08:11:00,9,9,0,德语所的门面
48347,17,国懿,2017-03-02 08:28:03,5,6,1,炒鸡赞！男神！被震惊到了
48350,17,国懿,2017-03-02 08:34:15,10,10,0,第一节课就被圈粉！！！
48364,17,国懿,2019-08-09 15:07:38,991,1043,52,国懿有老婆啦有孩子啦！有老婆啦有孩子啦！有老婆啦有孩子啦！助我上热评！帮助千万迷妹少走弯路！！！
48387,17,国懿,2017-03-02 15:27:01,9,9,0,中了国爸爸的毒，德语专业会有很多他的课，超幸运！
48403,17,国懿,2017-03-03 02:02:41,5,6,1,超赞的老师
48443,17,国懿,2017-03-04 02:40:25,12,12,0,国爸爸让我想重新做人！！！
48667,17,国懿,2017-03-09 05:46:39,6,7,1,爱死他了
49272,17,国懿,2017-04-01 02:50:23,7,8,1,认真对待学生和课程，有理想有抱负的好老师
49428,17,国懿,2017-04-12 05:11:58,4,7,3,想嫁
50130,17,国懿,2017-04-30 04:22:11,8,8,0,满满正能量。
51028,17,国懿,2017-05-15 00:03:22,2,2,0,不错哦
51166,17,国懿,2017-05-21 15:15:03,3,7,4,国爸爸结婚了\n\n国爸爸结婚了\n\n国爸爸结婚了\n\n重要的事情说三遍
51268,17,国懿,2017-05-26 12:21:54,3,5,2,不10分才怪 想转专业
51269,17,国懿,2017-06-26 05:38:57,16,17,1,国懿爸爸上10分啦！！！
51429,17,国懿,2017-06-05 11:24:45,19,19,0,第一次感觉到大学的自由精神 \n\nDies ist die Universität！
51774,17,国懿,2017-06-09 13:55:19,0,3,3,你值得拥有
52061,17,国懿,2017-07-02 16:16:30,-13,2,15,
52153,17,国懿,2017-06-15 07:41:58,4,6,2,啊啊啊mmp为什么满分只有十分
52158,17,国懿,2017-06-15 08:23:23,1,4,3,真的太爱国懿爸爸！(｢･ω･)｢\n\n不选不蹭课真的会后悔！！
52206,17,国懿,2017-06-16 02:45:54,33,35,2,做一位老师最成功的一点，大概就是学生想成为他那样的人。看到老师，每每惭愧，为什么自己的差距那么大。又安慰自己说，国懿老师，20年后我一定要成为你那样的人
52235,17,国懿,2017-06-16 08:01:27,4,4,0,思想国
52262,17,国懿,2017-06-16 13:58:00,2,3,1,贼棒，庆幸自己是外院的
52386,17,国懿,2017-06-19 11:46:20,0,2,2,真正的大学教育
52502,17,国懿,2017-06-20 14:29:02,14,14,0,非常有见地，人生经历丰富。为人谦逊，对同学们都超好，还在某些时候和大家一起水群。最令我敬佩的是他在最后一节课给大家带来的最大的尊重。\n\n大爱国哥哥（不叫爸爸了毕竟是一个想要过儿童节的人）
52935,17,国懿,2017-06-23 16:01:09,5,6,1,国懿老师是我在大学里见过最棒的老师。不仅是学识渊博、风度翩翩，还非常认真、设身处地地帮助学生。带给我的知识有限，但是传授给我的学术态度、思考方法令我受益匪浅
54308,17,国懿,2017-06-29 04:55:58,5,6,1,如坐春风！
54550,17,国懿,2017-07-02 09:47:18,4,6,2,谁还不给满分？？好气啊
54592,17,国懿,2017-06-29 23:27:06,2,4,2,国男神
54595,17,国懿,2017-06-29 23:49:35,2,2,0,国爸爸
54616,17,国懿,2017-07-04 00:47:38,5,6,1,爱国哥哥爱国哥哥
54708,17,国懿,2017-06-30 05:22:06,-51,9,60,为什么我感觉上课无聊
54988,17,国懿,2017-06-30 14:33:28,-15,4,19,还可以啊
55732,17,国懿,2017-07-02 09:47:32,5,7,2,居然有人不是给满分
55885,17,国懿,2017-07-02 14:30:54,11,11,0,哇 原来有这么多和我一样每天关注国爸爸分数变化的人，下10了好气啊，还好我还没评，赶紧刷回去，找室友一起刷
56380,17,国懿,2017-07-03 15:23:17,3,4,1,课上都是干货 中国好青年 谢谢国哥哥！爱您！
56381,17,国懿,2017-07-03 15:23:19,3,4,1,能选上他的课真的太幸运了！！完美的老师！！
56382,17,国懿,2017-07-03 15:24:03,3,4,1,国偶像！！！！
56383,17,国懿,2017-07-03 15:24:09,3,4,1,超级棒 感谢国爸爸，炒鸡可爱的老师，三观极正
56384,17,国懿,2017-07-03 15:24:36,1,4,3,爱国哥哥！！！呜呜呜！！！人超好！！男神！
56388,17,国懿,2017-07-03 15:28:08,4,5,1,国哥哥万岁！
56390,17,国懿,2017-07-03 15:28:42,6,6,0,舍不得翘课，舍不得结课，爱国哥哥
56397,17,国懿,2017-07-03 15:35:47,-18,12,30,额中国外交出来均绩掉了应该就我了吧。。。
56398,17,国懿,2017-07-03 15:40:44,4,5,1,让我们一起来 国哥哥！国哥哥！国哥哥！
56400,17,国懿,2017-07-03 15:43:33,4,4,0,男神！！不多说，男神！！国哥哥我爱你！！
56455,17,国懿,2017-07-04 00:51:47,6,6,0,表白国哥哥！！！
56504,17,国懿,2017-07-04 02:07:19,2,5,3,国哥哥是真男神啊～～～而且人也很亲切！
56506,17,国懿,2017-07-04 02:09:35,11,11,0,老师真的好！三观正 上课有思想 平日里也关心同学的生活  能灵活运用自己的表情包  课程事情少给分好 还想上国哥哥的大英！！！
56644,17,国懿,2017-07-04 06:44:16,4,5,1,绝对男神
56970,17,国懿,2017-07-05 05:08:38,1,3,2,我们关起门来说 国爸爸就是国爸爸
57620,17,国懿,2017-07-10 21:24:50,5,5,0,很不错
57814,17,国懿,2017-09-12 08:46:54,2,5,3,想嫁！！
58019,17,国懿,2017-07-23 03:48:55,15,18,3,老师暖到爆，军训跟我说军训要注意身体。假期跟我说假期快乐。还发红包给我。超暖超暖。\n\n人品不说，学术上更是丝毫不差。做事严谨认真，讲道理。学识渊博，逻辑严谨，随时准备好普及知识。\n\n比心在浙大遇见的最棒的老师。
58143,17,国懿,2017-08-06 09:32:15,1,3,2,很有想法、三观坚硬且极正，阅历很广、很能带气氛
58182,17,国懿,2017-08-16 11:51:33,44,46,2,国哥哥9.99的评分呢？！！ 哼是谁不给满分的！
58188,17,国懿,2017-08-18 12:18:39,2,2,0,很棒棒
58641,17,国懿,2017-09-11 16:58:43,1,2,1,国爸爸
58750,17,国懿,2017-09-16 13:07:18,5,5,0,不错的体验
58782,17,国懿,2017-09-17 11:48:20,3,4,1,听讲座，话题好深刻啊\n\n下学期要选男神的课啊
58786,17,国懿,2017-09-17 12:38:25,3,4,1,啊啊啊啊啊啊啊啊男神男神打call打call
58791,17,国懿,2017-09-17 15:08:21,-45,8,53,内容不错，但善于夸夸其谈和啰嗦。
59007,17,国懿,2017-09-19 05:39:08,-1,2,3,！！！！！
59230,17,国懿,2017-09-20 09:57:07,3,4,1,打10分是因为没有更高的了
59451,17,国懿,2017-09-21 12:33:03,-34,9,43,演讲很棒，后面强行主旋律，掉粉无数
59452,17,国懿,2017-09-21 12:35:55,10,12,2,远胜于某强
59465,17,国懿,2017-09-21 14:01:02,3,5,2,你要看见 你一定要看见
59466,17,国懿,2017-09-21 14:12:56,1,4,3,为老师打call
59592,17,国懿,2017-09-24 08:54:03,0,2,2,有思想三观正~
60262,17,国懿,2017-10-16 04:45:12,36,39,3,讲道理，我给某些老师打九分是因为他九分水平，我给国爸爸打十分是因为满分十分。
60462,17,国懿,2017-10-21 09:04:54,4,4,0,为国爸爸打call！
60666,17,国懿,2017-10-26 07:24:33,1,3,2,必须10分
60919,17,国懿,2017-11-02 11:45:20,6,6,0,国爸爸课讲得好，讲演也吸引人！理性温和，柔中带刚，对某些现象毫不讳言地嘲讽。他让我觉得，“先生”就该是这个样子。
64250,17,国懿,2017-12-22 02:49:43,2,2,0,完美！男神！
64762,17,国懿,2017-12-27 05:17:35,2,3,1,经常逃课的我都觉得一节课不上是损失
65055,17,国懿,2017-12-28 11:41:43,8,10,2,刚选上男神的课，先打个10分占坑。
65122,17,国懿,2017-12-29 03:57:14,4,4,0,那是我爸爸。? ? ?
65167,17,国懿,2017-12-30 00:54:41,1,2,1,本家。。。
65346,17,国懿,2018-01-03 07:25:25,19,22,3,我恨你们这些欧皇啊啊啊啊
65354,17,国懿,2018-01-03 08:13:57,2,5,3,还没听过老师的课......只见了一面......但是我下学期就能听老师的课了！男神，人很好。有匪君子，温润如玉。
65619,17,国懿,2018-01-07 12:42:04,6,9,3,有一次上课老师讲教育，说他认为大学应当培养学生细腻、温柔、尊重生命。\n\n幸运的是，在国老师的课上，我正在成为这样的人。
66303,17,国懿,2018-01-15 03:27:29,0,1,1,好棒的课，没选上也要去听
72139,17,国懿,2018-01-29 12:26:29,37,40,3,我知道国懿老师会看查老师，所以想说一句，谢谢老师，喜欢您
75100,17,国懿,2018-03-07 10:39:29,9,10,1,嗷呜老师好年轻好可爱好帅气迷妹脸
75112,17,国懿,2018-03-07 12:51:23,12,12,0,国懿哥哥?
75121,17,国懿,2018-03-07 12:21:34,23,24,1,听了老师的课，终于明白什么叫有趣的灵魂万里挑一。我赞同他说的每一句话。早知道浙大有这样的老师，当初就应该去学德语而不是到社科啊
75148,17,国懿,2018-03-07 14:19:35,7,8,1,超级棒，百家讲坛的感觉
75231,17,国懿,2018-03-08 06:15:46,12,14,2,国懿老师三观超正 第一节课就抨击了春晚的blackface 尊敬
75248,17,国懿,2018-03-08 07:04:18,4,4,0,爽 真爽
75255,17,国懿,2018-03-08 07:37:44,5,7,2,不仅思想有深度而且很幽默\n\n敢讲真话\n\n被国爸爸的人格魅力打败\n\n\n\n三观很正！\n\n
75259,17,国懿,2018-03-08 08:05:25,7,7,0,刚听完老师的第一节课，真的感动?感觉满足了我对大学老师以及大学课堂的一切幻想
75275,17,国懿,2018-03-08 11:00:57,3,3,0,求而不得
75359,17,国懿,2018-03-09 08:12:51,8,10,2,保持深刻的自省和温柔的善意！\n\n谨记国爸爸的教诲\n\n
75636,17,国懿,2018-03-14 09:49:05,13,15,2,大学课堂座无虚席了解一下
75906,17,国懿,2018-03-21 11:01:57,5,6,1,老师讲的说理 在之后不论多长的生活中都会时不时想到了
76385,17,国懿,2018-04-06 02:53:01,3,4,1,? ? ? ? ? ?
76500,17,国懿,2018-04-11 13:45:14,21,24,3,这个老师真的太过分了！！！！每节课都让我产生转德语专业的想法！！！！
78154,17,国懿,2018-05-09 14:22:10,0,2,2,非常棒的老师
79304,17,国懿,2018-05-30 11:41:53,1,3,2,生动有趣 有思想
79463,17,国懿,2018-06-06 02:21:10,1,3,2,真的很棒！
79679,17,国懿,2018-06-12 15:06:49,-6,4,10,还不错
79685,17,国懿,2018-06-12 16:45:59,3,5,2,难道不该十分？？
80533,17,国懿,2018-06-27 12:54:52,1,4,3,打开新世界的大门
80772,17,国懿,2018-06-30 16:24:03,4,5,1,会让人产生深刻的思考，对自己和国家有一个更加理性的认识。
80888,17,国懿,2018-07-02 10:28:01,5,6,1,就是喜欢听他讲课
81150,17,国懿,2018-07-04 07:09:38,121,121,0,“大学是要有先生的地方，先生要兼具硬骨头和软心肠；先生要将民主与科学奉为圭臬，先生要有人性，要少奴性”
81392,17,国懿,2018-07-05 03:22:47,11,13,2,虎牌清凉油，你值得拥有。\n\n男神国爸爸代言，让你去埃及再也不怕怕
81414,17,国懿,2018-07-05 04:23:10,16,17,1,从最开始的说理到最后一节的批评教育和去仇恨教育，国老师一直在强调的就是一种理性的思考，无论是国际关系还是日常生活。经常能在国老师的课堂上听到一些不一样的声音，而这些声音又恰恰是我们这个社会或者校园需要的，很庆幸能有这样的学习机会，但愿以后还能选到国老师的课。
81651,17,国懿,2018-07-05 16:39:42,13,14,1,第一节课的“说理”受用终生
82444,17,国懿,2018-07-10 07:17:42,0,3,3,国爸爸啊！真的太好了(文盲夸奖)
82608,17,国懿,2018-07-08 16:54:17,3,6,3,从来没有什么神走下神坛以后会更让人倾慕了，国老师就做到了！！！
82933,17,国懿,2018-07-09 10:23:06,1,3,2,这是我要的大学课堂，他是我梦中的大学老师哈哈哈哈哈
83308,17,国懿,2018-07-10 05:04:47,2,4,2,上国懿男神的课真的太幸运了！
83309,17,国懿,2018-07-10 05:09:54,-1,2,3,。。。
83312,17,国懿,2018-07-10 05:13:56,-4,8,12,中国外交出分之后学习帝排名涨了7%
83315,17,国懿,2018-07-10 05:15:40,2,3,1,中国外交学到的不只是知识，更多的是一种态度
83350,17,国懿,2018-07-10 07:18:24,1,2,1,谢谢国懿老师！！！！！！！真滴很有收获！！！！！！绩点也太好了( •̥́ ˍ •̀ू )
83354,17,国懿,2018-07-10 07:23:16,2,4,2,国老师必须10分啊！！A类中国外交，整个学期只有一个小组大作业。期中交一份提纲，期末一个政策报告。我们小组期中之前都比较忙，提纲时间安排都是最后才交的，也满绩啦！选题和研究过程中遇到了一些问题，和老师约谈了两次，老师特别耐心特别好！！！
83362,17,国懿,2018-07-10 07:26:57,3,4,1,这学期选的外院开的中国外交 真的感受到了大学教授的风度 不点名但我几乎每节课都去听 感兴趣的地方做做笔记 最后一节课因为准备文学史考试没有去 很遗憾很失落…最后给分极好 谢谢老师！
83466,17,国懿,2018-07-10 10:43:37,0,2,2,有思想，有深刻清楚的认识，对学生又好又耐心。。。。反正一定要努力去选这门课吧
83610,17,国懿,2018-07-10 23:36:46,0,1,1,这样又帅又有知识涵养的男神谁不喜欢呢
83613,17,国懿,2018-07-10 23:56:57,1,2,1,很棒棒
84267,17,国懿,2018-07-12 11:35:37,7,8,1,我这个毕业之前的混子还能听上这一学期的课，真是如沐春风。有这样的老师是浙大学生之幸，有这样的老师而难再见是即将离开浙大如我这般的可惜。
85404,17,国懿,2018-07-17 11:50:46,4,4,0,有人不给满分？
85623,17,国懿,2018-07-22 09:02:37,3,5,2,我，必须要给国懿老师评分！\n\n不点名都是假的！我中德关系研究翘了两次课，全都被老师揪出来了！承蒙厚爱！给你10分，不怕你骄傲（狗头）
86095,17,国懿,2018-09-06 06:03:05,-1,0,1,超好的老师！
86289,17,国懿,2018-09-12 07:38:08,1,1,0,国爸爸棒棒哦
86452,17,国懿,2018-09-16 11:33:08,8,9,1,给国爸爸疯狂打call！
86768,17,国懿,2018-09-18 12:51:59,1,3,2,国懿爸爸我爱你！！！
86771,17,国懿,2018-09-18 13:32:53,1,2,1,精神的洗礼
86782,17,国懿,2018-09-18 17:11:24,2,3,1,听完第一节课我就超级震撼地来评价是我在浙大最喜欢的老师没有之一了\n\n之前补选的时候就非常感动老师回邮件的速度和为学生着想的态度了
86853,17,国懿,2018-09-19 05:32:27,0,1,1,真的大学教授
86885,17,国懿,2018-09-19 07:05:25,4,5,1,好帅，看到补选的同学把门口都站满了，而我就没地方了。\n\n这辈子可能都选不上国懿老师的课了，但还是满心欢喜的喜欢他。
86925,17,国懿,2018-09-19 11:39:13,0,1,1,太棒了
86931,17,国懿,2018-09-19 12:01:59,1,1,0,超欧能选上老师的课嘤 比心
86942,17,国懿,2018-09-19 12:50:04,6,6,0,爸爸!
86943,17,国懿,2018-09-19 12:50:38,0,1,1,超棒，最有意思的课，选上真的超欧！！！
86955,17,国懿,2018-09-19 14:08:45,3,3,0,国老师真男神，我真的觉得自己很幸运能选上他的课。
87021,17,国懿,2018-09-20 03:19:45,8,10,2,特别开心，座无虚席，甚至还有许多人站着的中国外交课，完全被国老师的风度和理性折服，他的说理特别严密，第一节课也没说评分直接来干货！而且特别为学生着想，愿意为我们补上他将来出差会缺的课，超暖！也许这个学期之后没这么好运气再选上他的课，以后我会像国老师说得那样，做一个有思想、有包容、有关怀的人！
87057,17,国懿,2018-09-20 05:58:21,1,1,0,666
87105,17,国懿,2018-09-20 10:05:35,1,3,2,相见恨晚 解放奴性
87660,17,国懿,2018-10-09 10:35:12,2,2,0,超有意思
87865,17,国懿,2018-10-16 06:21:50,4,10,6,不好意思 一学期10.5的通识 老师都是9.5以上的 其中最好的还是国爸爸 标准北京腔让所有学生都能听清楚 一方面是老师本人学识渊博且贴近学生 能教会我们很多 做人做事的道理 一方面是因为这门课 中国外交本身适合讲 二者合一 国老师最棒
88286,17,国懿,2018-10-26 14:34:58,4,4,0,国懿爸爸超级棒！能选上中国外交太幸福啦
88527,17,国懿,2018-11-01 00:58:19,-1,1,2,享受自由人生
88538,17,国懿,2018-11-01 03:49:30,1,3,2,如醍醐灌顶
88676,17,国懿,2018-11-05 13:07:51,6,7,1,最不水的通识课
89542,17,国懿,2018-11-19 12:37:48,2,4,2,? ? ? ? ? ? 想再上他的通识课
89878,17,国懿,2018-11-21 06:23:35,5,5,0,男神啊
90084,17,国懿,2019-11-13 14:13:44,-167,24,191,上的最水的一节课，上课大部分人水手机电脑，听的人没几个
90482,17,国懿,2018-11-23 15:38:53,9,13,4,看到楼上心很痛。学校今年把这门课开给了大一。学长学姐们根本选不上。你们却不珍惜。
90583,17,国懿,2018-11-24 07:46:22,3,4,1,我要反驳上上楼，我上国懿老师的课从来没有水过手机!!!生气(*｀･з･)ﾑｯ老师真的讲得很好很认真，还会发可爱的表情。
91165,17,国懿,2018-12-02 12:18:08,9,11,2,一生一次心一动?
91263,17,国懿,2018-12-04 12:22:11,5,5,0,一口京腔，一身风趣，一片真实，国老师无愧为大家。
91357,17,国懿,2018-12-06 08:02:01,1,3,2,此生之幸。
91753,17,国懿,2018-12-19 10:02:26,2,3,1,不想离去
91920,17,国懿,2018-12-25 02:45:47,0,1,1,真的好
91981,17,国懿,2018-12-25 07:11:55,3,3,0,实实在在的文化熏陶 立足三墩 放眼全球
92064,17,国懿,2018-12-25 23:53:47,3,4,1,听国老师的课简直超好！！！干货满满，，前7、8周选上课的同学还要与旁听来的同学抢座位！！！一定要选～（一只小可怜渴望再次选到他的课）
92107,17,国懿,2018-12-26 11:59:32,2,2,0,从未有过的听课体验\n\n听国老师的课真的是一种享受
92109,17,国懿,2018-12-26 12:06:33,0,1,1,舒服的内
92130,17,国懿,2018-12-26 13:52:29,1,1,0,大学生活的第一抹精神亮色\n\n
92153,17,国懿,2018-12-26 16:54:52,1,1,0,别说多了就俩字 完美
92157,17,国懿,2018-12-26 23:29:58,4,5,1,下学期我还要再选一次！！！
92222,17,国懿,2018-12-27 06:07:02,5,6,1,是我第一轮选课唯一选上的一门课但是很愿意用所以欧气换中国外交啊~国懿老师炒鸡棒!这是上大学以来听到的最多干货的通识课!京腔味也很可爱^0^国爸爸是最棒哒!
92320,17,国懿,2018-12-27 16:12:58,3,5,2,好的课堂好的老师从不用点名来强制学生听自己的课，但依然有人早早占座，有人愿意坐地板来蹭课，男神不是随便叫的?犹记中国外交第一节课国爸爸说“浙大学生有拒绝听水课的权利”（我好像跑偏了？但是真的没有对比就没有伤害，有些课水的要死还不能不去。。）
92375,17,国懿,2018-12-28 06:06:24,1,3,2,除了蹭课 这辈子怕是选不上中国外交了 哭唧唧
92480,17,国懿,2018-12-30 06:13:55,41,48,7,平心而论，老师上课的思想非常深刻，在这个浮躁而不理性的社会很难得，但就内容和形式而言，有些松散。每一页PPT讲的太多很容易疲惫，走神。有一个评论说上课水手机电脑的人很多，其实也是比较真实的。\n\n希望能适当减少每页的时间，记得前几次课件都剩下了很多页没有讲。老师在陈述完内容后对内容的点评分析，有些说的太多。虽然说的几点都很深刻而有益，但基本都没变，说的太多真的会疲惫。\n\n老师说，中国的许多问题会随着中国经济不再快速发展而暴露出来，同样，在这门课有了正态分布后，我也害怕教学成果难量化的问题也会随着绩点不再四点多而暴露出来。\n\n老师说过要敢发声，我希望我能做到。\n\n
92586,17,国懿,2019-01-03 04:27:16,7,10,3,建议各位在基本建立了自己的价值体系和价值判断之后再来选这门课。讲台上的观点太多，干货不能说少但也不是非常的多，为了赶进度老师上课会抛出很多话题，但是有时并不能很好地展开。不希望大家一窝蜂地觉得这门课“非常好”而来挤着上这门课。\n\n国老师是一个非常好的好老师，答疑、回复邮件等都非常真诚，待人友善。我本希望能够和他更多地交流，但看来应该是没有机会了，不能上他的专业课是我最大的遗憾。
92595,17,国懿,2019-01-03 05:26:18,0,2,2,翘课会后悔的
92710,17,国懿,2019-01-04 02:26:52,3,3,0,独立之思想，自由之精神。\n\n用这句话形容老师的中国外交最合适啦
92842,17,国懿,2019-01-05 05:58:17,0,2,2,国懿老师上课是明白人说实在话。
93112,17,国懿,2019-01-07 11:18:46,1,3,2,提前好久就过去占上第一排的位置，去看一个有风骨的文人，讲讲利益，情感，坚守，也学着说服自己去为了道义，轻视别的一些什么
93148,17,国懿,2019-01-07 16:32:43,2,3,1,说理。
93194,17,国懿,2019-01-08 05:40:52,1,1,0,上十分
93269,17,国懿,2019-01-08 13:35:26,1,2,1,这个学期结课了，我却依然想要在每周三晚上再赶到教室听老师的课，大爱国老师
93323,17,国懿,2019-01-09 04:20:26,4,6,2,国爸爸的课更像是一次演讲，他配得上每节课最后的掌声！！！
93370,17,国懿,2019-01-09 08:05:24,-1,0,1,??????
93379,17,国懿,2019-01-09 08:29:54,0,2,2,国老师的课思路清晰严明，观点立论也很犀利，大学第一年第一学期遇到国爸爸真的很幸运，笔芯
93541,17,国懿,2019-01-10 08:43:49,20,20,0,课上每次看到这么多人水手机水电脑不好好珍惜的就会觉得心很痛，就算在浙大听这样的课的机会也不多，大家既然选上了，希望不要只当作炫耀的资本，而是真正把这个机会利用起来啊。感谢国爸爸都把我们当作成年人看，无论选择以哪种方式听课，关键是做选择的时候要对自己负责。
94672,17,国懿,2019-01-17 16:25:43,0,0,0,男生啦
94677,17,国懿,2019-01-17 17:10:33,4,5,1,唉:-(下学期听不到国爸爸的西柏林式英语了
95272,17,国懿,2019-01-19 06:25:29,1,1,0,良师益友
95316,17,国懿,2019-01-19 08:00:59,2,3,1,这就是\n\n好老师
95563,17,国懿,2019-01-19 15:21:34,5,5,0,不想上厕所
96922,17,国懿,2019-01-21 12:32:36,2,2,0,good
97055,17,国懿,2019-01-21 15:24:20,3,3,0,老师太好了！
97096,17,国懿,2019-01-21 16:03:53,9,9,0,我爱我的国\n\n我爱我的爸爸\n\n我爱我的国爸爸\n\n（from一位有趣的学长）
97194,17,国懿,2019-01-22 00:03:54,6,7,1,最后一节课真的对我触动好大。老师是在用心传授给我们一种全面看问题的方式，一种说理的习惯，一种理性的思维。
98233,17,国懿,2019-01-23 08:29:23,3,5,2,唯一一门课上\n\n\n\n哽咽三次
98307,17,国懿,2019-01-23 09:53:35,4,5,1,男神 不解释 不重历史与外交 重在给你提供一种看待外交事务看待中外交往的新视角 教你学会说理
99796,17,国懿,2019-01-27 18:58:50,-1,0,1,我爱他哈哈哈（溜
100168,17,国懿,2019-01-25 16:29:43,1,2,1,真正的值得上的课
100743,17,国懿,2019-01-26 16:29:23,2,3,1,刷个10分
100870,17,国懿,2019-01-27 03:41:40,17,19,2,国爸爸是在德国留过学的，思想学识贯通中西，极具民国大师风采。他让我接触全新的思想，简直为我打开了新世界的大门。在我大一上学期的课中，中国外交对我的影响最大。虽然我并不赞同甚至反对他的某些观点，但是绝对要给十分
101549,17,国懿,2019-01-28 11:50:36,3,3,0,好好好
102183,17,国懿,2019-01-31 07:05:21,3,4,1,想念最后一节课的高潮迭起
102188,17,国懿,2019-01-31 08:27:20,4,6,2,中国外交课上的很用心，很精彩，教我们说理，纠正我们一些错误的认知，提醒我们保持清晰冷静的头脑。小组大佬们带我第一门满绩。
102206,17,国懿,2019-01-31 11:25:20,0,6,6,国爸爸我爱到不行！！！收获太大了！！讲课通俗易懂幽默诙谐！总之爱的一切都有！特别自由！不点名不记迟到早退！（当然不可能吃迟到，毕竟晚来就没座了！）讲课内容丰富，干货很多，给分超级好！小组四个人全满了！！吹爆国爸爸！有10分我要打100000分！强推！浙大里面最喜欢的课了！
102218,17,国懿,2019-01-31 12:55:50,4,4,0,这是什么神仙老师啊!!!!!\n\n告诉我，还有更完美的吗???\n\n吹爆国懿老师!疯狂笔芯♡
102222,17,国懿,2019-01-31 23:48:25,10,12,2,作业写的超认真 但是被正太了 虽然是全班垫底的百分之十几 但我还是爱国老师 十分十分不解释
102223,17,国懿,2019-01-31 13:19:09,31,33,2,emmmmm……虽然我们组被正态了，但我还是要给老师10分！\n\n原因:1，正态分布是学校的政策，与老师无关，而且老师平时也一直对此政策不以为然，也经常提醒我们这门课有正太。2，我们组被正太真的是因为我们组执行力太低，一直拖到ddl前一个小时，论文基本是照网页和百科抄的。。。我们不被正太那叫没天理。3，中国外交作为一门通识课，你可以学到大量主课都不一定能给予你的知识。\n\n总之，未来的同学们，如果你们选上这门课那绝对是欧气爆棚，只要付出一定努力，成绩和收获都不会让你们失望！
102386,17,国懿,2019-02-01 10:38:20,15,16,1,真正的老师，真正的学者。第一节课和最后一节课都泪目了。铭记您的话“永远年轻，永远热泪盈眶。”大学第一门满绩，谢谢您！
102690,17,国懿,2019-02-20 14:32:23,1,2,1,( ～'(oo)')～讲课超级棒
102728,17,国懿,2019-02-22 03:59:05,5,5,0,选上了课上了一节之后才意识到，自己怎么如此幸运能选上这么好的一个老师的课！国懿老师很有自己的思想，一直启发我们从不一样的角度去思考问题，让我们能从世界的角度看中国。上课不点名，没有作业，期末给分又好。每次听他的课都是满满的享受啊！我觉得这才是我心目中大学老师的样子！
102965,17,国懿,2019-02-25 06:30:45,1,2,1,太棒了，课程精彩丰富，期末一篇论文
103075,17,国懿,2019-02-26 01:50:53,0,1,1,666666
103231,17,国懿,2019-02-27 02:29:44,2,3,1,有幸能上老师的课
103333,17,国懿,2019-02-27 10:28:38,3,4,1,不点名，有干货，给分高！巨棒
103365,17,国懿,2019-02-27 13:32:25,57,60,3,听课前不明白评分为什么能有这么高，听课后不明白评分为什么只有这么高
103422,17,国懿,2019-02-28 04:26:59,13,14,1,现在是12:23\n\n离上节课下课才8分钟\n\n国爸爸的课的教室……\n\n一家满了2/3
103434,17,国懿,2019-02-28 06:02:24,6,7,1,建议以前选上的同学再来听听，当你完全没有负担而只是怀着探索知识的心情来听老师的课时，收获可能更多。
103452,17,国懿,2019-02-28 07:32:32,6,9,3,思想多元 言论自由 百家争鸣\n\n思想单元 言论禁锢 祸从口出\n\n国老师是真的好\n\n就算选不上 就算被钉在棺材里 我也要爬出来 用腐朽的声带喊出\n\n永远说理 永远说正理 永远不说歪理！\n\n然后爬去上老师的课
103456,17,国懿,2019-04-11 07:07:10,93,99,6,老师请一定要保护好自己！请一定要保护好自己！
103509,17,国懿,2019-04-02 12:56:11,19,21,2,问世间，哪有更完美
103510,17,国懿,2019-02-28 23:08:53,7,7,0,怎么会有这么好的人啊
103539,17,国懿,2019-03-01 02:47:17,4,5,1,爱了爱了\n\n就算以后不再选课\n\n也要去旁听！！
103554,17,国懿,2019-03-01 03:54:06,8,9,1,非常好，觉得能够颠覆我原来的很多思想，会自我反思，听的时候有种被点拨的感觉，会想改变自己的生活和思维方式。没有什么想嫁的想法哈哈哈哈? ? ? ? 但是觉得真的是一位很有思想的老师，让我也想达到一种通透的境界，为自己的缺点而遗憾。
103563,17,国懿,2019-03-01 06:10:12,1,1,0,绝对精彩\n\n要提前半小时去才有可能有座啊
103570,17,国懿,2019-03-01 10:04:47,5,7,2,能在课堂上听到一种不一样的声音，在大学里面也是一件幸事
103579,17,国懿,2019-03-01 12:13:11,2,4,2,想再学一遍中国外交
103622,17,国懿,2019-03-20 07:07:46,10,10,0,你永远都不会想翘课的
103803,17,国懿,2019-03-06 01:34:44,10,12,2,查老师后台负责审核的人哪里去了 为什么举报那三个字还得不到审核
103923,17,国懿,2019-03-07 09:15:03,5,5,0,第三次来打分啦！表白国懿男神~\(≧▽≦)/~真的超级喜欢他的课，隔了一个学期再上老师的中德关系研究，开心>O<(想嫁555)
104273,17,国懿,2019-03-15 12:13:26,0,0,0,夸!可爱!
104279,17,国懿,2019-03-15 15:58:38,1,1,0,男神！夸！
104319,17,国懿,2019-03-18 00:40:31,7,9,2,我们组认真查了资料做了报告前后历时两个月叭，最后全员满绩。想说国爸爸看得出你有没有认真并且能给你回应这一点就比许多随机给分全靠运气能把人气死的老师好太多了。再加上上课想听一些东西进去那他讲的一点儿也不水（无论是世界局势还是思想内涵），想水水过那他的课当玩笑听也不是不可以（不过那就损失有点大哈）。嗯，十分。
104476,17,国懿,2019-04-02 12:55:56,1,1,0,全程不想玩手机，国爸爸爱了
104482,17,国懿,2019-04-02 12:56:32,23,23,0,国爸爸就是真男神！讲真自己以前对外交完全没有兴趣平日也完全不关注政治外交. 巧合之下选了国爸爸的课，第一堂课就完全给跪了！现在对外交越来越感兴趣，每次上课都恨不得自己多长几个脑子，下课就去找资料翻翻. 真心佩服和尊敬国爸爸！男神啊！要早生个20年我就嫁给他了！遇到国爸爸这种老师真的很难得. 知道国爸爸有看查老师，把我顶上去让他看见吧！
104634,17,国懿,2019-04-02 12:56:21,3,3,0,老师人超级好，蹭课都挤
105100,17,国懿,2019-04-03 15:04:21,4,6,2,君子也
105101,17,国懿,2019-04-03 15:19:07,33,35,2,听过今天课的都明白。但老师也要注意保护自己。
105197,17,国懿,2019-04-07 11:05:14,-1,3,4,wow
105393,17,国懿,2019-04-11 10:16:56,0,1,1,爱国爸爸！
105907,17,国懿,2019-05-19 01:06:55,6,8,2,打从心底产生敬意，是长大想成为的样子.
106336,17,国懿,2019-05-03 15:28:20,1,3,2,情怀。
107368,17,国懿,2019-05-04 09:58:19,5,7,2,不管不管！国男神怎么可以不得满分！
107635,17,国懿,2019-05-08 00:37:41,2,4,2,好想上国爸爸的课啊！！！
107920,17,国懿,2019-05-11 12:55:29,3,4,1,这才是大学应有的样子！
108277,17,国懿,2019-05-19 13:42:10,0,1,1,实力表白！愿意永远听男神的课！！
108322,17,国懿,2019-06-09 16:04:18,1,2,1,国老师就是我的心中最想成为的男神
108751,17,国懿,2019-06-01 09:26:46,0,4,4,听课一时爽，一直听课一直爽。讲得真的很有道理
108865,17,国懿,2019-06-03 11:03:33,-1,2,3,太棒了
109271,17,国懿,2019-06-12 14:56:32,0,2,2,niceee
109347,17,国懿,2019-06-13 07:14:02,7,9,2,被CUBA蹭热度的国爸爸
109502,17,国懿,2019-06-16 04:43:05,3,6,3,爸爸节日快乐
109542,17,国懿,2019-06-17 01:02:52,6,8,2,呜呜呜. 真的很爱国爸爸啊！真的就像爸爸一样，用心劝我们，输入的价值观每次都很震撼收获良多. 很喜欢上国爸爸的课怎么办
109782,17,国懿,2019-06-19 07:28:52,-10,2,12,<scrpit>alert('1111')</scrpit>
109829,17,国懿,2019-06-19 13:46:50,4,7,3,永远年轻，永远热泪盈眶
109830,17,国懿,2019-06-19 13:54:48,8,9,1,生而有幸得识君！！！
109832,17,国懿,2019-06-19 13:58:22,4,6,2,上大学后第一次， 结课后， 想到的不是这门课的分数 ，而是对这门课的怀念，不舍和难得可贵。\n\n永远年轻，永远热泪盈眶。
109907,17,国懿,2019-06-20 06:15:19,1,4,3,听国老师的课真的是一种享受 风度翩翩说的就是国老师这样的人吧
109927,17,国懿,2019-06-20 08:11:52,5,6,1,呜呜呜国老师的课真的好启发思考 教会我们从另一个角度看问题 不落入懒惰的惯性思维 感觉是开拓世界观的一次体验！非常棒！
109929,17,国懿,2019-06-20 08:33:22,8,10,2,国老师的课，让我觉得我重新活了一次。
109931,17,国懿,2019-06-20 09:24:46,8,9,1,这才是我想象中的大学课堂555我很喜欢永远年轻永远热泪盈眶这句话！！总之非常喜欢中国外交这门课 感谢国霸霸
109934,17,国懿,2019-06-20 10:17:39,17,19,2,有许多老师上课是转述，有许多老师上课是授业，有更多的老师其实来讲连这两项都做不到，国先生的中国外交是塑魂。
109939,17,国懿,2019-06-20 10:58:13,18,21,3,能在这个年龄坐在教室里学习说理和去仇恨，关心人类命运，重塑人格，真的是很幸运的事
110131,17,国懿,2019-06-23 13:13:34,9,9,0,话不多说，我大四还来
110211,17,国懿,2019-07-06 23:41:57,14,17,3,我要哭了。国懿是我在浙大听过最棒的老师就算了，给分还这么好。给分这么好就算了，人还帅还幽默。这谁顶得住啊
111045,17,国懿,2019-06-29 10:15:01,6,7,1,国爸爸果真名不虚传
111279,17,国懿,2019-07-01 00:04:09,3,4,1,很有收获的一门课
112970,17,国懿,2019-07-05 16:42:01,1,2,1,老师真的很好
113020,17,国懿,2019-07-05 18:05:56,-32,4,36,大概是谁和老师关系好谁分高 所以他分高啊 外院分高啊 德语系分高啊
113032,17,国懿,2019-07-05 18:08:32,-27,5,32,老师真的看脸给分
113390,17,国懿,2019-07-06 15:11:29,2,3,1,很棒！
113432,17,国懿,2019-07-06 17:18:24,4,5,1,不用说！国爸爸的课！真的超级奈斯！不仅是绩点，光听他上课就能收获很多！\n\n
113523,17,国懿,2019-07-06 22:49:52,-40,5,45,看脸给分哦，还卡绩哦
114245,17,国懿,2019-07-09 09:22:47,0,3,3,太棒了
114308,17,国懿,2019-07-09 17:36:15,2,4,2,给国爸打10分！
114313,17,国懿,2019-07-09 17:44:11,1,2,1,
114319,17,国懿,2019-07-09 18:14:57,7,8,1,中国外交内容充实有趣，浙大学生必修课，作为一门通识课真的感觉比很多专业课还要让我受益。整个学期就一篇小组论文，事情很少，给分很好
114321,17,国懿,2019-07-09 18:24:05,18,21,3,国爸爸的说理教育和去仇恨教育真是令我受益匪浅！少数几门学期末不想着拿多少分数的课！真·浙大必修！从不点名+考核简单+给分良心，国爸爸太好了呜呜呜！
114452,17,国懿,2019-07-10 03:31:45,5,8,3,陌上人如玉 ，君子世无双
115225,17,国懿,2019-07-17 01:45:09,1,1,0,课棒事少给分好
116426,17,国懿,2019-09-10 10:51:23,3,3,0,爱了，讲课流利，全程无尿点，我要是女的一定会爱上他
116437,17,国懿,2019-09-10 12:51:16,3,5,2,10分还是低了
116441,17,国懿,2019-09-10 13:27:35,5,5,0,tql，我要再听亿节
116443,17,国懿,2019-09-10 13:50:56,0,1,1,国爸爸第一节课教你做人
116448,17,国懿,2019-09-10 15:25:10,-1,0,1,哇，猴赛雷，所有座位都是满的，练过道都是站满的！强推
116450,17,国懿,2019-09-10 16:00:11,0,0,0,爱了爱了
116467,17,国懿,2019-09-14 06:38:39,5,5,0,国懿老师教会我们要平等温柔地对待他人
116472,17,国懿,2019-09-11 01:22:15,4,5,1,欧皇在身，让我遇见你
116491,17,国懿,2019-09-11 02:12:27,1,4,3,先给个十分，祝我选上课。。
116516,17,国懿,2019-09-11 03:19:54,2,4,2,单纯给国懿爸爸刷分 没有其他意思。
116543,17,国懿,2019-09-11 11:13:32,0,1,1,来浙大，我第一次真心鼓掌是在老师的课上
116546,17,国懿,2019-09-11 11:28:53,1,1,0,超级爽\n\n
116554,17,国懿,2019-09-11 12:48:22,-1,0,1,老师真的强?
116558,17,国懿,2019-09-11 14:15:35,10,10,0,自己一些一直迷茫的问题有了一个回答，至少给了我一个思考的角度，能有很多启发。今天上中国外交第一节课，国老师真的是在全情投入地讲课，衣领上汗湿透了，珍惜老师年轻的时候吧(以及发际线删去)
116559,17,国懿,2019-09-11 14:36:08,0,0,0,虽然我还没有听，但国老师太好了，太暖了，照顾每一个求知的学生，高山仰止，吾师之恩！
116560,17,国懿,2019-09-11 14:42:55,1,2,1,国懿老师，一日为师，终身为父
116568,17,国懿,2019-09-11 23:45:57,21,21,0,为什么查老师的满分只有十分？？？\n\n有一句话仍印象深刻：思想统一是一种犯罪行为。\n\n能说出这种话的老师，凭什么不爱他。
116572,17,国懿,2019-09-12 00:30:03,1,2,1,魅力太大了吧
116578,17,国懿,2019-09-12 01:11:46,0,2,2,国老师真的太优秀了！
116613,17,国懿,2019-09-12 04:18:33,14,16,2,这样子比喻吧，放佛看到了百年以前的李大钊、陈独秀在讲台上慷慨激昂，而我们这些青年学生贪婪汲取新思想。我们是一个整体，因为这是我们共同的事业——思想革命
116723,17,国懿,2019-09-14 06:19:30,1,2,1,此生无憾
116741,17,国懿,2019-09-14 13:03:18,-1,0,1,收获很多，老师是有思想的人
116764,17,国懿,2019-10-27 05:35:44,7,9,2,连续三个月蹭课的我可太开心啦，浙大必修课啊，即使没有学分，也没有什么损失，感觉是赚翻了啊。\n\n
116844,17,国懿,2019-09-16 13:22:59,0,0,0,听他授课，受益良多！！！！！！！！！！！！\n\n
116850,17,国懿,2019-09-16 15:21:50,3,5,2,实在太棒了，是想象中大学老师该有的样子，超级棒！！！
116855,17,国懿,2019-09-17 00:31:25,0,0,0,hhh
116980,17,国懿,2019-09-18 02:57:16,11,11,0,听完百感交集，让我觉得每一个浙大生有机会都应该来听国老师的课，若硬要用一句话结论我的课后感想，那就是我还要再来
117015,17,国懿,2019-09-18 09:24:46,9,12,3,看错了9.97感觉有点低了
117135,17,国懿,2019-09-19 23:56:00,3,3,0,满腹经纶，回味无穷
117269,17,国懿,2019-09-22 03:04:38,-12,2,14,哦哦哦哦
117660,17,国懿,2019-09-28 04:18:30,1,1,0,嘻嘻嘻
118246,17,国懿,2019-10-23 13:53:20,4,4,0,讲的非常好
118396,17,国懿,2019-10-26 10:26:22,15,15,0,很喜欢国懿老师 所谓君子所谓说理\n\n应当温和且有风度 而非尖酸刻薄固守高堂
118412,17,国懿,2019-10-27 01:45:04,14,15,1,听说老师要走了，祝福老师的未来。以后的学弟学妹们无法听您的课，真的是人生的大遗憾
118415,17,国懿,2019-10-27 01:49:52,42,44,2,“而我未曾挽留，垂眸一拱手。”
118426,17,国懿,2019-10-27 03:21:20,4,6,2,老师他要去哪里啊？呜呜呜呜呜哭哭哭哭哭
118428,17,国懿,2019-10-27 03:59:52,9,9,0,听说老师要离开浙大了呜呜呜呜\n\n我们男神真的是不可多得的好老师，祝国老师前程似锦！
118429,17,国懿,2019-10-27 04:04:42,31,31,0,9.97终究还有点遗憾，在国爸爸走之前，把评分刷到9.99吧
118432,17,国懿,2019-10-27 04:24:25,2,2,0,国老师永远值得满分❤️❤️❤️
118434,17,国懿,2019-10-27 04:45:09,2,4,2,听君一席话，胜读十年书。
118435,17,国懿,2019-10-27 04:47:15,3,3,0,我还没选上过您的课呢 怎么这样?
118436,17,国懿,2019-10-27 04:50:51,3,4,1,永远的男神！
118438,17,国懿,2019-10-27 05:16:52,12,13,1,虽然真的很舍不得老师 但是老师值得更好的
118439,17,国懿,2019-10-27 05:19:31,31,35,4,万人血书求国爸爸不要离开浙大
118441,17,国懿,2019-10-27 05:21:23,6,7,1,涤荡人心
118443,17,国懿,2019-10-27 05:34:52,44,48,4,你走，我不送你；你来，我一定去接你。在大一上学期就得以接触国爸爸的思想，现在想来也十分幸运。只是苦了20级以后的同学们，将对着查老师的评论叹惜。希望国爸爸日后无论是否在浙大，都能工作顺心，身体健康鸭～
118445,17,国懿,2019-10-27 05:36:11,5,6,1,好好好
118446,17,国懿,2019-10-27 05:41:10,6,8,2,来给国哥哥打个10分
118447,17,国懿,2019-10-27 05:42:03,255,271,16,"真的很舍不得老师，但是正如很多同学所说的，老师值得更好的。在此我想请各位想想，像国老师这样德才兼备，深受学生爱戴的老师，入职浙大六年，职称原地不动；而很多其他科的老师，(并非针对某位老师)，思维逻辑混乱，课堂内容空虚，不关心学生课业，只关心自己的""私活""，职称待遇却节节高。我想，学校也应该借此机会，好好反思一下教师制度。不然，学校可能会失去更多的国老师。那将是我等学生之不幸，浙大之不幸。"
118449,17,国懿,2019-10-27 06:10:06,17,17,0,国老师就要走了，虽然写评论没用了，但还是想写，这是一门和高中想象中一样的课，自由博学理性，国老师真的很有情怀，这门课超赞
118452,17,国懿,2019-10-27 06:44:44,11,12,1,看到老师昨天的发的朋友圈就猜是不是要走了，果然。每周二晚上的两个半小时都是一周最期待的时光，让我相信大学教给我的不单是知识，也不仅是思想，还有好好说话的能力。在国老师之后，我们是否还能有幸上到这样的课呢，尽管大学的课堂似乎本该如此。
118453,17,国懿,2019-10-27 06:51:01,4,6,2,还没上过老师的中国外交，太难受了，祝老师前程似锦吧！
118454,17,国懿,2019-10-27 06:52:34,1,3,2,超棒的
118457,17,国懿,2019-10-27 07:15:08,9,10,1,特地来评论国老师，确实太可惜了，唉，祝老师前程似锦吧。
118458,17,国懿,2019-10-27 07:46:20,7,9,2,大一刚进学校那年，找国老师拍了一期节目推荐《明亮的对话：公共说理十八讲》，后来因为其他的事情，直到本科毕业都没有机会选过国老师的课，有的事情错过了就没机会了
118459,17,国懿,2019-10-27 08:00:28,17,20,3,今年大一，选不上中国外交，每次想旁听的时候都犯懒，跟自己说，大二再选就可以了，现在没必要去。结果。。。。太难受了啊，没机会听传说中的浙大特色课程，悲剧啊！没办法了，只能祝国老师前程似锦！
118462,17,国懿,2019-10-27 08:56:52,0,1,1,老师很好，谦谦君子，温文尔雅。
118468,17,国懿,2019-10-27 10:37:20,4,5,1,庆幸\n\n遗憾\n\n无可奈何\n\n感恩\n\n祝福
118469,17,国懿,2019-10-27 10:45:03,6,11,5,“浙里黄钟毁弃 瓦釜雷鸣”
118470,17,国懿,2019-10-27 11:06:10,1,1,0,好好好
118472,17,国懿,2019-10-27 11:23:37,2,4,2,太美妙了。但是真的不希望老师离开我们啊，大哭。
118475,17,国懿,2019-10-27 11:55:09,5,6,1,谦谦君子，温润如玉，别了，恩公。
118480,17,国懿,2019-10-27 13:02:03,10,10,0,老师要走了 好舍不得！从此老师只是一个传奇，尊重老师的选择，但是，还是好舍不得啊！！
118481,17,国懿,2019-10-27 13:02:04,5,5,0,男神，好，没说的，可惜以后没机会了
118482,17,国懿,2019-10-27 13:41:36,1,3,2,没听过啊，有机会去
118484,17,国懿,2019-10-27 14:07:55,17,18,1,一次都没有听过老师的课，真的很可惜。唯有祝福。Herzlichen Glückwunsch!
118485,17,国懿,2019-10-27 14:43:15,13,15,2,为师者，格局在先，国老师之所以为大家，在于格局至高，德行至上，道行至深。
118519,17,国懿,2019-10-29 14:46:42,25,25,0,楼上有一个坚持发cnm的 别骂了 都看你发了一年了 请留一份尊重可以吗 老师要离开浙大了 也不想回怼你...
118522,17,国懿,2019-10-28 04:37:44,1,2,1,棒棒的
118534,17,国懿,2019-10-28 08:09:25,1,2,1,上大学后最喜欢的一节课
118538,17,国懿,2019-10-28 08:26:18,10,10,0,谦谦君子，温润如玉，如切如磋，如琢如磨。
118541,17,国懿,2019-10-28 09:02:57,-1,2,3,师者，当之无愧
118542,17,国懿,2019-10-28 10:19:30,6,7,1,国老师?
118543,17,国懿,2019-10-28 10:24:49,21,23,2,国懿老师的离开，实在是浙大的损失！
118567,17,国懿,2019-10-28 14:38:02,34,39,5,操！这么好的老师被挤兑走了\n\n我他妈祝你浙越办越好\n\n
118570,17,国懿,2019-10-30 03:27:23,7,9,2,那个天天发cnm的? 不要了吗？
118572,17,国懿,2019-10-28 16:54:09,14,14,0,国老师，非常幸运地，我选上了中国外交，但非常不幸地是，这竟然成了国老师的最后一次开设的中国外交。真心感激我能有这样一次机会，能够让我遇见国老师。老师讲课的一举一动，我都会永远铭记在心，老师对外交形势的深刻分析，也将永远对我的眼界产生深远影响。国老师，无论您去到哪里，我都是您的学生！
118585,17,国懿,2019-10-29 03:13:10,0,0,0,是好课
118590,17,国懿,2019-10-29 04:24:58,3,3,0,太遗憾了OTL
118607,17,国懿,2019-10-29 11:01:12,7,7,0,明亮的对话 明亮的师者 希望我们都能成为明亮的人
118624,17,国懿,2019-10-29 17:33:43,0,0,0,
118629,17,国懿,2019-10-29 23:54:04,1,1,0,很享受
118630,17,国懿,2019-10-30 00:05:39,-1,0,1,强推！强推！\n\n一直在查老师上看到国老师有多么多么好，但直到我上完一次课才真正体会到男神的魅力！
118644,17,国懿,2019-10-30 03:36:10,8,8,0,祝您前程似锦
118659,17,国懿,2019-10-30 06:11:55,2,3,1,没听过好可惜
118670,17,国懿,2019-10-30 11:06:58,11,11,0,慕名旁听 为浙大惋惜
118672,17,国懿,2019-10-30 11:16:58,2,2,0,可惜啊
118680,17,国懿,2019-10-30 12:38:36,3,7,4,祝在厦大工作愉快
118684,17,国懿,2019-10-30 13:05:27,0,1,1,慕名而来
118685,17,国懿,2019-10-30 13:25:25,4,4,0,永远年轻\n\n永远热泪盈眶
118697,17,国懿,2019-10-30 23:54:20,3,3,0,祝福！
118721,17,国懿,2019-10-31 07:22:44,3,5,2,抬高上限，拖住底线
118752,17,国懿,2019-10-31 11:30:47,1,2,1,豁然开朗！
118769,17,国懿,2019-10-31 16:50:39,8,9,1,清醒的嘴巴说给理性的耳朵
118770,17,国懿,2019-10-31 23:28:09,4,4,0,祝福！
118780,17,国懿,2019-11-01 02:38:11,12,13,1,祝国老师前程似锦。
118788,17,国懿,2019-11-15 13:37:26,26,29,3,大家有没有觉得国老师和章老师这对懿程CP很好磕！
118803,17,国懿,2019-11-06 08:17:01,14,15,1,国老师是我在大学第一个和我课下约谈的任课老师。只怕这样的机会整个大学轨迹中都不会再有。很惭愧，智识所限，理解不了课上精深的内涵；很惭愧，才学所制，没有见识过推荐书籍和影视片；很惭愧，老师如此尽心竭力，准备充分，我却只学会外交关系的沧海一粟。国老师将离开浙大，还愿再见。
118813,17,国懿,2019-11-06 12:06:25,8,11,3,国老师快走了，这里作为大一刚进来就选上国老师的课的同学，表示欧气都用光了，难怪最近抽卡手气这么差！
118828,17,国懿,2019-11-06 15:55:12,12,13,1,请大家期待国老师离开浙大之前的讲座吧！
118833,17,国懿,2019-11-07 00:36:34,8,8,0,慕名而来
118868,17,国懿,2019-11-07 07:55:04,4,5,1,老师的课真的很有启发
118900,17,国懿,2019-11-07 12:33:20,5,7,2,让我对每个国家都有了全新而更深刻的认识
118934,17,国懿,2019-11-08 03:08:50,13,14,1,作为你的最后一批学生，不舍，致敬，愿你常回来看看。
119014,17,国懿,2019-11-09 12:21:24,25,28,3,国老师啊，您说要把中国外交课开到玉泉来的啊，您为什么食言了？！
119015,17,国懿,2019-11-09 12:39:06,0,2,2,感动哭！！！！！！
119035,17,国懿,2019-11-10 00:29:24,5,7,2,o captain my captain!
119135,17,国懿,2019-11-11 00:30:10,6,6,0,只觉遗憾
119183,17,国懿,2019-11-11 05:11:45,4,5,1,诶，不舍
119312,17,国懿,2019-11-12 04:33:34,32,36,4,是浙大配不上老师。
119371,17,国懿,2019-11-12 10:41:54,1,3,2,希望老师还能回到浙大
119387,17,国懿,2019-11-12 13:54:35,12,13,1,1.国爸爸每次和小组讨论的时候坐在桌子上抱着膝盖的样子真的太萌了！2.国爸爸在和小组讨论之前一定问每一个人的名字真的很温暖，感觉到满满的尊重。真的很舍不得国爸爸！！
119397,17,国懿,2019-11-12 15:17:25,0,0,0,不舍得错过每一分钟那种
119477,17,国懿,2019-11-13 03:49:34,6,7,1,老师怎么还没到9.99
119556,17,国懿,2019-11-13 14:13:08,1,1,0,10分冲冲冲！
119557,17,国懿,2019-11-13 15:58:25,1,1,0,超级棒啊啊啊啊啊！只可惜老师要走了
119628,17,国懿,2019-11-14 10:25:52,-1,0,1,好老师，上好课!我觉得这就够说明问题了
119633,17,国懿,2019-11-14 10:49:16,1,1,0,爱他ฅ՞•ﻌ•՞ฅ
119655,17,国懿,2019-11-14 14:31:29,0,0,0,快乐没谁了
119659,17,国懿,2019-11-14 16:08:37,2,5,3,云山苍苍，江水泱泱，先生之风，山高水长。
119665,17,国懿,2019-11-14 17:16:27,9,9,0,错过11.14座谈会的我还有机会拥有国爸爸的讲座吗qwq
119714,17,国懿,2019-11-15 03:15:04,3,4,1,我后悔大一选上中国外交却没好好听课。
119850,17,国懿,2019-11-16 06:48:14,-39,2,41,无病呻吟
119916,17,国懿,2019-11-17 00:40:08,5,5,0,自由 包容 开放 平等 理性
120122,17,国懿,2019-11-17 14:26:43,0,1,1,真的很喜欢国老师www
120123,17,国懿,2019-11-17 15:03:21,2,3,1,听老师的课是什么神仙享受！！！我总算知道了
120190,17,国懿,2019-11-19 14:38:55,1,1,0,好得不得了！
120245,17,国懿,2019-11-26 03:04:46,-1,0,1,抓住最后的蹭课机会
120256,17,国懿,2019-11-26 08:52:01,0,0,0,超级棒
120283,17,国懿,2019-11-27 11:25:52,0,1,1,最好的老师，不解释
120294,17,国懿,2019-11-27 13:11:51,3,5,2,查老师能用了?
120344,17,国懿,2019-11-29 11:01:43,1,2,1,10！！！！
120350,17,国懿,2019-11-29 18:03:49,-1,0,1,国欧巴给了我大学的感觉
120361,17,国懿,2019-11-30 13:52:11,225,226,1,何其有幸，浙曾有你！
120397,17,国懿,2019-12-03 08:23:36,11,13,2,只蹭了一晚上中国外交，怕是也只有这三节课能在我老了以后还能回想起来我大学上过这样精彩的课
120424,17,国懿,2019-12-04 09:44:24,6,7,1,听过沙龙，只蹭了一节课。一个愿意为蹭课学生的垫子出钱的老师～
120426,17,国懿,2019-12-04 10:26:41,2,2,0,一个字:爽！
120427,17,国懿,2019-12-04 10:28:13,9,10,1,排雷，国懿老师有老婆了，姐妹们别想了，好好学习吧
120467,17,国懿,2019-12-09 04:42:07,7,10,3,冬学期至今一直去蹭中国外交，老师上课确实相当用心，收获也很大。来自一个一直抢不到中国外交的非酋。可惜老师要离开了，实在是浙大一大损失。
120474,17,国懿,2019-12-09 06:20:56,5,8,3,没有任何想说老师好的欲望。只想把他的分数刷到9.99。
120487,17,国懿,2019-12-09 08:06:57,3,5,2,此生无憾了。
120545,17,国懿,2020-01-12 10:08:34,6,7,1,先生再见
120550,17,国懿,2020-01-12 13:07:24,0,2,2,真的好
120583,17,国懿,2020-01-13 10:58:22,3,3,0,再见😭
120672,17,国懿,2020-01-15 01:21:14,4,4,0,很幸运，能上到这么好的课，老师再见😭
120723,17,国懿,2020-01-16 00:26:31,7,7,0,希望国老师能过得好，能做自己喜欢的事，永远都会铭记的老师，我此生唯一的教会价值观的老师。
120752,17,国懿,2020-01-16 10:10:38,1,1,0,非常棒！
121018,17,国懿,2020-01-19 08:46:43,10,10,0,国老师，我会永做求是人的！！谢谢您给我的补选名额，让我有幸成为您的学生之一！也谢谢老师记住了我，我会让您听到我更多好消息的！！
121069,17,国懿,2020-01-19 12:15:36,18,20,2,希望世间多一些像国老师一样可敬的贤者，希望国老师留在求是园的理性与温柔能被传承下去，希望当后来的学弟学妹们面对着您在查老师上的高分怅惘时，我们能在一次次热点事件面前发扬一些您教给我们的精神，让说理的微茫光耀后头。生命中有幸远远地眺望过这样一座灯塔，我何其有幸♡
121307,17,国懿,2019-12-23 03:10:56,1,2,1,大一一年唯一让我感到自由深邃之思想的先生
121338,17,国懿,2019-12-19 07:29:50,0,0,0,刷分刷分
121360,17,国懿,2019-12-18 05:34:37,0,1,1,我们会记住您讲过的话与您教过的课，更会记住您的风度与风骨。\n\n真的很喜欢您，也真的不舍，既为自己、为以后的学弟学妹，也为我浙深感遗憾。但还是祝您万事胜意——您值得更好的发展。\n\n“路都平坦，隧道都光明”。\n\n我们会努力做好一个“人”。\n\n国老师，谢谢您。\n\n感谢遇见。
121362,17,国懿,2019-12-18 03:25:19,1,1,0,老师是个超级温暖的人，关心每一位学生!
121466,17,国懿,2019-12-16 02:34:03,-1,0,1,太赞啦
121495,17,国懿,2019-12-15 03:29:37,0,1,1,很有个性的一个老师，有趣的灵魂万里挑一
121522,17,国懿,2019-12-13 05:07:28,0,0,0,好！好(✪▽✪)
121523,17,国懿,2019-12-13 04:43:28,1,1,0,大学之道，即是如此。
121538,17,国懿,2019-12-12 17:08:14,-9,0,9,无聊啦
121556,17,国懿,2019-12-12 12:10:05,1,1,0,我不知道2020年1月7号国爸爸在浙大的最后一节中国外交结课会发生什么。。。我很担心国爸爸还能不能说服大家让他走出教室。。。
121568,17,国懿,2019-12-12 11:20:37,-1,0,1,听君一席话 胜读十年书
121591,17,国懿,2019-12-12 09:55:08,0,0,0,旁听过几节老师的课，真的是很棒，本来下学期想选，但是他好像要走了，难受
121639,17,国懿,2019-12-11 09:05:16,1,3,2,他学的是德国，他想的是中国，谦和有礼的姿态，入木三分的评判。
121643,17,国懿,2019-12-11 05:30:26,0,0,0,胜读百年书
121648,17,国懿,2019-12-10 15:05:09,1,1,0,真是听了让人欲罢不能啊\n\n完全被老师的学识见解魅力打动
121664,17,国懿,2019-12-10 00:24:53,-1,0,1,体验很好??，老师认真上课，希望未来还有这样的老师。
122099,17,国懿,2020-02-13 06:56:39,0,0,0,永远爱国神！
122112,17,国懿,2020-02-13 11:57:05,4,6,2,14届德语系老人来了。很幸运上了国老师这么多节课，老师口才超好，记忆力也很强大，随口一说就是一个历史典故，我们都在下面“wow”。学渣如我，这么多年了老师课上反复提起过的书还没看完，惭愧……希望老师越来越好！！
122188,17,国懿,2020-02-20 01:12:05,0,0,0,老师的课简直身临其境的百家讲坛，最后一节课都有同学带小垫子席地而坐第一排。
122213,17,国懿,2020-02-20 04:46:41,1,1,0,国懿老师真的真的是一个很好的老师
122236,17,国懿,2020-02-20 09:16:03,2,3,1,先生后会有期
122310,17,国懿,2020-02-24 02:52:23,2,2,0,有幸旁听了国老师的三次课，真的是有教授风骨的先生！
122393,17,国懿,2020-02-26 05:45:22,3,4,1,君子之路，江湖再见。
122404,17,国懿,2020-02-26 08:41:53,-1,0,1,真的真的很值得，祝国老师好
122415,17,国懿,2020-02-27 01:24:05,7,7,0,我在想，假如国老师还在浙...
122434,17,国懿,2020-02-27 11:34:46,0,2,2,先生有缘再会
122592,17,国懿,2020-03-05 10:42:03,4,5,1,很遗憾，只蹭了国懿老师一堂课，也很幸运，蹭了国懿老师一堂课。
122718,17,国懿,2020-03-24 14:26:19,0,2,2,👍🏼
122720,17,国懿,2020-03-25 11:55:21,0,1,1,国老师真的是好老师，可惜再也不能听到他的课了，祝老师未来越来越好！
122837,17,国懿,2020-04-13 03:07:32,1,1,0,非常好！。。。
123056,17,国懿,2020-05-07 03:15:54,6,7,1,先生之风，山高水长。
123219,17,国懿,2020-05-21 03:31:27,2,4,2,可惜老师离开浙大了。不过真的很有幸能抢到最后一学期的课，就是抢位置有点难顶其他一切一切都很完美啊。
123244,17,国懿,2020-05-25 06:08:40,1,1,0,👍
123531,17,国懿,2020-06-09 12:47:58,-1,0,1,不解释10分
123996,17,国懿,2020-06-19 14:41:00,3,3,0,非常想念老师。
124008,17,国懿,2020-06-20 05:18:16,1,2,1,怀念老师
124912,17,国懿,2020-07-19 23:22:10,3,4,1,可惜啊
125739,17,国懿,2020-09-14 01:05:35,1,3,2,怀念国老师，很遗憾没有上过国老师一节课
125900,17,国懿,2020-09-15 12:11:08,5,5,0,怀念国神的中国外交呜呜呜呜呜呜呜
126356,17,国懿,2020-09-23 12:56:51,1,1,0,好好好
126405,17,国懿,2020-09-25 05:17:28,3,6,3,想念老师
126524,17,国懿,2020-09-29 06:37:26,7,7,0,又是怀念老师的一天2333
128684,17,国懿,2020-12-25 04:12:04,-27,24,51,有点被神化了
128982,17,国懿,2020-12-27 17:16:29,1,3,2,恨不得
129661,17,国懿,2021-01-10 08:41:28,8,11,3,大二想起了老师，来给老师打分
132366,17,国懿,2021-02-01 06:20:49,15,16,1,真的很遗憾，没上过老师的课。昨天梦到老师游西湖，吟了一句八字诗文，可惜醒后忘了，虽未见过老师，仍绝荣幸之至。
134137,17,国懿,2021-03-17 02:06:31,4,6,2,想当年选的国老师的中国外交，结果因为课程冲突给退了，好遗憾
134439,17,国懿,2021-03-28 21:36:16,0,1,1,test
134506,17,国懿,2021-03-30 11:45:39,27,27,0,此去经年，应是良辰好景虚设。
136227,17,国懿,2021-06-13 06:42:57,46,47,1,国老师留给我印象最深的一节课，是关于我们的北方领国的。老师旁征博引，透过事实看本质，告诫我们要警惕这个民族。\n\n这是我所没有想到的，这种思维也是我所要学习的。
136758,17,国懿,2021-06-24 06:04:13,0,3,3,人师典范
140639,17,国懿,2021-09-14 14:39:31,2,2,0,人文情怀
140682,17,国懿,2021-09-15 05:44:59,8,9,1,想念国懿老师
140991,17,国懿,2021-09-19 13:36:22,1,1,0,牛啊 太牛了
141729,17,国懿,2021-10-23 04:03:00,17,18,1,我爱你，虽然你已不在浙大
149524,17,国懿,2022-01-15 23:48:40,14,15,1,在浙大为数不多临近毕业仍记忆犹新的课
154281,17,国懿,2022-05-28 06:47:24,19,21,2,今天你又来浙大了，想起自己19年有幸选上中国外交，度过终身难忘的时光…山高水长，祝好
159801,17,国懿,2022-09-01 03:06:46,5,5,0,我认认真真的听了两遍，连着两个学期，每次都在第一排
159816,17,国懿,2022-09-02 14:37:52,2,3,1,太好了
159857,17,国懿,2022-09-06 11:06:20,6,6,0,我爱你
170975,17,国懿,2023-03-13 13:33:54,9,9,0,侠之大者，为国为民。
174996,17,国懿,2023-06-21 00:54:23,6,8,2,国老师让我明白了语言暴力的危害，给我们学生打开了通往自由求知的大门
178921,17,国懿,2023-08-01 01:13:33,2,2,0,讲的好
190783,17,国懿,2024-03-19 06:00:00,3,4,1,22级没缘分啊
190805,17,国懿,2024-03-19 21:33:14,27,27,0,听完3月19日晚“理想主义”公开课有感：\n\n昔日曾见此湖图，不信人间有此湖。今日打从湖上过，画工还欠费功夫！
210137,17,国懿,2025-01-08 08:17:01,11,14,3,2025前来凭吊。\n\n李勇这样的狗东西能在浙大呆的好好的，国懿这样的好老师却被非升即走了。只能说，浙大你是好样的，怪不得整天上热搜
214388,17,国懿,2025-02-02 15:00:55,-1,0,1,555
216374,17,国懿,2025-03-14 15:19:41,4,4,0,听了国老师文中的讲座忍不住来评论，😭😭😭我大一以来少有的听到有意义的课
217584,17,国懿,2025-04-14 01:39:22,1,1,0,吴迪的
1526,18,宋云舟,2015-03-22 10:36:48,82,93,11,老师真的很棒～\n\n
2263,18,宋云舟,2015-04-15 03:32:07,58,77,19,没听到过连续的英语
3260,18,宋云舟,2015-05-24 11:57:54,43,71,28,没有听写！没有presentation！但是每学期有一次小组表演节目，相当于变相presentation了吧，上课挺轻松而且有意思，老师人也很好
4442,18,宋云舟,2015-06-23 07:04:08,2,7,5,何厚铧
5642,18,宋云舟,2015-07-09 02:15:21,53,61,8,老师人真的特别特别好 大学里最亲切的老师  而且绩点也很高
6730,18,宋云舟,2015-07-20 05:17:05,12,15,3,不错的老师。
8419,18,宋云舟,2015-09-21 06:38:28,27,29,2,老师很和蔼  教的挺好的  从来不困
11249,18,宋云舟,2015-11-26 00:29:37,-11,14,25,中文英文都讲得断断续续，她的大英对提高英语没啥帮助
11682,18,宋云舟,2017-02-28 00:10:20,10,13,3,很棒…～
11927,18,宋云舟,2015-12-21 10:48:34,8,9,1,挺棒的～不过老师有安排固定座位，谁没到一眼就看出来了。老师蛮温柔的，好评
12017,18,宋云舟,2015-12-21 13:46:19,5,10,5,很好的老师，虽然讲话偶尔断断续续的～
12821,18,宋云舟,2015-12-24 05:56:07,2,4,2,这老师特别好，没有听写，会有默写，但是很温柔很有趣。
14636,18,宋云舟,2016-01-08 04:53:32,33,34,1,特别好的老师，温柔体贴，和蔼可亲，特别想退掉别的老师的大英课。宋老师，我爱您！天天开心！
14783,18,宋云舟,2016-01-20 12:33:50,4,6,2,上课一般，事少，只要认真给分真的超级超级好。没有更好。
15902,18,宋云舟,2016-01-22 18:23:47,3,4,1,老师人很好，声音萌萌哒！给分也可以
16701,18,宋云舟,2016-01-18 23:47:28,21,23,2,老师真的很温柔，虽然没听写可能有时候会少了点动力学习，但更自主不是嘛。。。为了报答这么温柔而且体贴的老师，我觉得是要好好学英语的。
16706,18,宋云舟,2016-01-19 00:08:57,20,25,5,刚刚大英的绩点出来了，老师我爱你！！
16710,18,宋云舟,2016-01-19 00:18:28,15,17,2,成绩出来我都呆了，比我预期高了一个半绩点！
16736,18,宋云舟,2016-01-19 01:25:00,5,6,1,老师很可爱很亲切 上课棒给分好
16751,18,宋云舟,2016-01-19 01:57:50,4,5,1,老师真的非常好\n\n
16831,18,宋云舟,2016-01-19 04:57:32,-3,11,14,晕晕滴～没进步
16847,18,宋云舟,2016-01-19 05:19:13,8,12,4,满绩小天使～
16902,18,宋云舟,2016-01-19 08:26:43,0,2,2,上课挺轻松，没听写，成绩靠自己吧
17301,18,宋云舟,2016-01-20 04:03:59,4,4,0,老师很亲切，人真的很好，就像妈妈一样，总是笑眯眯的，很和善！
17411,18,宋云舟,2016-01-20 07:34:38,47,47,0,云舟我女神！ 为什么满分只有十分？  亲切耐心 非常关心学生 能选上老师的课是一种幸福
18679,18,宋云舟,2016-01-22 09:28:16,3,4,1,女神啊！！！！爱死你了！！！永远健康快乐！！！！！永远年轻！！！！
18684,18,宋云舟,2016-01-22 09:57:10,25,27,2,老师人超级好，讲完一段英语会自己翻译的然后每节课看视频mv什么的超多，作业少，一学期没布置过作文，然后期末还说她不够好对不起我们
18977,18,宋云舟,2016-01-23 01:46:56,3,3,0,老师超级棒\n\n
19970,18,宋云舟,2016-01-25 17:06:08,5,6,1,炒鸡喜欢云舟老师!最认真听的课就是大英。还会有圣诞节party～
22331,18,宋云舟,2016-03-03 15:53:44,3,3,0,好老师。
22567,18,宋云舟,2018-05-17 02:36:29,-2,16,18,课很无聊，口语很差
22581,18,宋云舟,2016-03-08 07:00:32,0,3,3,想睡觉...
25867,18,宋云舟,2016-06-13 02:54:30,20,21,1,六一节还会给我们买冰淇淋~
27450,18,宋云舟,2016-06-26 09:36:45,-12,6,18,无话可说，她口吃么？
27527,18,宋云舟,2018-01-17 12:32:51,0,4,4,上的宋老师的大英三 满绩 刚刚李航的大英四出来了……天差地别天壤之别我好后悔没有改选宋老师…………………………………………
27667,18,宋云舟,2016-06-27 07:45:01,15,17,2,舟舟女神，满绩小天使，大英四被隔壁打了3点几，哭瞎，跑来拉高你的分数
28287,18,宋云舟,2016-06-28 08:26:41,3,3,0,冲着老师安利的POI 我给满分
28886,18,宋云舟,2016-06-29 02:42:16,0,0,0,老师非常棒 没有听写
28983,18,宋云舟,2016-06-29 05:08:25,-4,2,6,课水
29159,18,宋云舟,2016-06-29 10:07:04,3,3,0,自由的教学方式：按照单元主题，但是不局限于课本，课外的内容很多，还没有听写这种让人害怕的东西，作业也不是强制的。听她的英语课，视野会开阔很多，每堂课都有小纪录片啥的。还有座位是老师定的，男女搭配哈。
29356,18,宋云舟,2016-06-29 15:37:39,-3,6,9,英语课喜欢说中文的老师并不是一个好老师
29434,18,宋云舟,2016-06-29 23:06:19,4,6,2,感觉非常对不起老师，上课从来没有认真听过，对她布置的作业还总有怨言。但是期末老师给的绩点，我只想说，宋云舟，你是我女神！
29438,18,宋云舟,2016-06-29 23:27:20,4,6,2,认真的很好，很自由，和蔼地笑，上课不死板，给分也很好，大英四4.5，上课不像高中一样枯燥无味，让你自己对英语感兴趣会去自学，很感谢遇到这个老师
29454,18,宋云舟,2016-06-30 00:14:04,4,6,2,大英34均绩4.9，老师我爱你
29468,18,宋云舟,2016-06-30 00:29:13,16,16,0,上课很多都是课外的内容，拓展视野~课上的各种视频让我们领略了英语生活是怎么样的，我觉得这是非常好的一点。虽然老师的口语不如其他优秀，但是这也和老师的性格有关系吧，比较内敛含蓄。另外，听力课本很常用啊最好每节课都带上?老师是真替我们着想，就像自己孩子一样，绩点给的也特别高。半年的英语学习结束了，想想还有些不舍?
29476,18,宋云舟,2016-07-02 08:43:12,2,2,0,老师这么好，不好好学英语都有点对不起她
29742,18,宋云舟,2016-06-30 09:13:27,5,5,0,老师人很好～整个学期一个presentation，需要我们准备节目，买的食物她报销，怕我们没东西吃每人发了一个napoléon……感动，大英没学好怪自己。。
29944,18,宋云舟,2016-06-30 14:25:42,-4,5,9,上课真的很无趣
30518,18,宋云舟,2016-07-01 23:37:15,3,4,1,云舟真的特别棒，温暖的好老师，每次上课都很想看到她开心的模样
30543,18,宋云舟,2016-07-02 01:33:56,3,3,0,宋老师真的超级可爱！！还很喜欢看美剧！！她超温柔超爱笑的！！
30715,18,宋云舟,2016-07-02 09:55:01,3,3,0,给分好事情少，还请吃小零食，给学生自由度很大！
32531,18,宋云舟,2016-07-07 12:06:52,1,2,1,老师很温柔很和蔼～是我见过最温暖的老师～常常对着学生咪咪笑
38531,18,宋云舟,2016-12-08 03:02:16,3,3,0,目前大学里遇到的最喜欢的老师。真的非常非常温柔，爱笑，人很好很好。作为一个不喜欢英语的渣渣，因为老师决定要好好学英语了。\n\n     课前会放一些外语歌，中间休息的时候会放很多敲有趣的电影。被老师安利了很多电影和剧啊哈哈哈，给女神比心~
38925,18,宋云舟,2016-12-20 02:00:05,2,2,0,满分，下一题~
39061,18,宋云舟,2016-12-21 02:52:03,1,3,2,绝对的好老师～作业很少～上课风趣幽默～和蔼可亲
39336,18,宋云舟,2016-12-22 06:16:45,11,11,0,啊啊啊，可爱的女神。元旦的晚会还是自己出钱让我们去买零食给别的小组，真是好贴心，好温暖，又到选课的时候看到我要选她的课是35/120就好担心选不上啊！！！真是太让人喜欢了！！(◍´◡`◍)
39393,18,宋云舟,2016-12-22 11:36:07,2,2,0,特好特和蔼\n\n
43121,18,宋云舟,2017-01-15 23:02:11,2,2,0,女神给我满绩
43123,18,宋云舟,2017-01-15 23:22:45,6,8,2,满绩小天使果真名不虚传！不过老师口语没有很好，而且上课确实水，不介意大英学不到太多东东的可以选。老师很温柔，回复邮件也很认真，真的关心学生。
43126,18,宋云舟,2017-01-15 23:38:32,3,3,0,满绩 妥妥的 \n\n不过自己也要认真学习啊 自觉性要好哦 \n\n老师很温柔  很喜欢上英语课\n\n 和组员相处也很融洽\n\n大学第一门满绩 开森
43131,18,宋云舟,2017-01-16 00:08:42,2,3,1,轻松上课...给分很好...
43159,18,宋云舟,2017-01-16 01:24:00,2,3,1,老师人超级无敌好，上课总是很温柔的笑，给分也很好，总之一句话，老师，我爱你^ω^
43390,18,宋云舟,2017-01-16 08:09:32,2,3,1,老师很好的，不过可能需要照顾不同水平的同学所以英语说完会自己翻译一次，期末前有一次小组展示，很可爱很和蔼的老师。
43756,18,宋云舟,2017-01-17 02:31:02,4,5,1,老师蕙质兰心 貌美心善 10分不解释
44045,18,宋云舟,2017-01-17 08:43:11,-1,1,2,哎平时大家记得好好坐着
44455,18,宋云舟,2017-01-18 00:23:22,3,4,1,老师非常棒!
44597,18,宋云舟,2017-01-18 03:56:31,0,1,1,非常棒！
47546,18,宋云舟,2017-01-30 08:46:27,0,1,1,非常好的老师。很耐心很平和，脾气好到没话说。之所以不说连续的英语也是怕你接受不了吧。。。
48085,18,宋云舟,2017-02-28 10:26:02,0,1,1,老师人很好，还会给我们买零食过圣诞超级棒
48199,18,宋云舟,2017-03-01 07:29:01,0,1,1,云舟老师实在是太棒了，不用展示，不强求学生表达，我很喜欢
48746,18,宋云舟,2017-03-11 09:30:04,2,3,1,老师太棒了！！毕业十多年了，还是记得老师！
48757,18,宋云舟,2017-03-12 01:26:55,0,1,1,课程轻松，人也和蔼可亲，留下的印象特别深！
51245,18,宋云舟,2017-05-25 09:29:18,0,1,1,四面都是水，我命休矣
51438,18,宋云舟,2017-06-05 12:05:44,0,1,1,老师是真的好，大英三大英四都是她
52071,18,宋云舟,2017-06-14 12:03:47,0,1,1,宋老师超级棒！我的女神！\n\n
52871,18,宋云舟,2017-06-23 09:07:26,0,1,1,上课轻松愉快，超棒！！！
53399,18,宋云舟,2017-06-26 13:48:38,2,3,1,非常棒
54220,18,宋云舟,2017-06-28 17:37:01,3,4,1,老师挺好，一直笑的很温柔。但自己平时上课比较水，大概是平时分不高，绩点也不高了。
54225,18,宋云舟,2017-06-28 18:50:53,3,5,2,超级超级棒的老师，平时上课气氛很轻松，也没有太多的作业压力，没有展示没有听写，课上也有很多英语歌曲视频，也不会点人回答问题。给分超级棒～如果平时课堂上会主动回答问题最后的分数就超好的！
54229,18,宋云舟,2017-06-28 22:30:16,8,10,2,分出来了，好开心，想着1.5左右，结果到了2.4，鸡冻！舟女神的课上回放很多TED等片子，会让人了解更多而不仅限于课本，当然舟女神对课本的要求不高，没有听写，没有展示，儿童节还组织课堂节目庆祝。虽然老师的口语经常连不起来，不过可以看得出来这是平等交流的方式。支持舟女神！
54231,18,宋云舟,2017-06-28 23:53:29,5,6,1,上老师大英四的课～老师超赞啊～六一儿童节还有派对哈哈哈～给分也挺好～(真没想到大英四拿到的成绩会比我当初大英三的成绩高～)
54236,18,宋云舟,2017-06-29 00:22:54,5,8,3,这?点 今天早上起来的时候还以为我看错了 比我大英三不知道高到哪去了 老师课还可以 不过毕竟大英课嘛...我承认其实发呆还是比较多的 课上有1/4左右的时间在看视频 儿童节还不上课 有一场party 可以说是大英课良心了 而且又不钦定回答问题（反正我从来没答过也没被怎么正太）据老师说可以随便请假（我请过大约2次吧 我们组平均一星期有一个人请假...） 老师的口语确实是不太好 经常说不出一句完整的话（和大家一样orz）如果本身英语就比较好 希望能增强听力口语之类的还是不要选她了吧
54240,18,宋云舟,2017-06-29 00:43:11,4,5,1,女神老师超级棒，人很温柔，给分也不错，只要认真学，大英绩点拯救就靠舟女神。
54251,18,宋云舟,2017-06-29 01:48:19,0,4,4,哇绩点贼差平时也回答也听课了，作业很认真。上课虽然是比较水看视频什么的但是什么都学不到，可是英语是要考试的呀！！！
54252,18,宋云舟,2017-06-29 01:52:44,-13,3,16,没听写不用写影评  但是9篇summary和课后作业也不少  这学期学得也算认真  小测45+  作业全A作文14+  绩点3.6几个意思？
54265,18,宋云舟,2017-06-29 02:14:46,3,4,1,超亲切的老师，每次见我都笑 ( ˃᷄˶˶̫˶˂᷅ )\n\n大英4给分很好，我这么菜都能上4，强推，强推。
54277,18,宋云舟,2017-06-29 02:55:38,2,3,1,舟舟我女神！！！！\n\n老师人很好特别nice\n\n上课不局限于书本会给我们看很多拓展的视频\n\n电影课电影没看完就下节课再腾出时间来看\n\n六一节还有六一party自掏腰包赞助大家买零食\n\n平时的课很轻松事情不多\n\n而且我觉得我老师超懂噢可以像同龄人朋友一样聊天那种能get你的点毫无代购\n\n有一点美中不足的就是老师的口语不是特别好但是瑕不掩瑜啦\n\n其实我觉得英语学习还要靠自己平时\n\n最后刚看了分数之前以为自己完蛋了两次quiz都爆炸但是看到分数惊讶了，可能是期末还可以然后老师又人很好，意想不到上4了，虽然跟大神不能比，但自己很满意哈哈哈谢谢老师！\n\n准备去复习专业课了，大噶考试周加油！
54278,18,宋云舟,2017-06-29 02:56:29,10,11,1,那个3.6的 你一定是自己期末考考太差 别怪老师。
54299,18,宋云舟,2017-06-29 04:10:30,2,2,0,自我感觉大英四比大英三差多了，但事实是四的绩点比三还高，足以说明云舟给分多好。当然?，在女神面前刷刷脸其实蛮重要的嘿嘿。
54375,18,宋云舟,2017-06-29 08:11:34,4,6,2,大英三四都是宋老师班的，上课氛围轻松，感觉自己上课发言滿积极的，quiz都上了50，作业按时交，期末好好复习，大英四又是一个满绩，感动哭了。宋老师的班，上课有点水，课后自己背单词读课文…^_^
54389,18,宋云舟,2017-06-29 08:42:59,0,1,1,满绩小天使(*¯︶¯*)
54392,18,宋云舟,2017-06-29 08:47:05,5,5,0,云舟女神！！！！！真的很棒呜呜，事少给分好的典范，爱你
54560,18,宋云舟,2017-06-29 15:23:44,2,2,0,非常好、老师态度超级好
54581,18,宋云舟,2017-06-29 17:24:58,3,3,0,大英四宋老师的课是我朋友推荐的，开始真的是半信半疑，但是上过她的课才真的知道，原来英语课也可以这么精彩，更是不会枯燥乏味。考试周第一门就是外语，这让我在考完英语等成绩那几天真的是崩了！以为自己这次铁定挂了，但真正看到成绩的那一刻绝对是感动得都哭出来了！不再多感慨了～总之，大英课，认准宋老师，不会错！浙大女神级教师，没有之一！
54949,18,宋云舟,2017-06-30 13:14:01,0,0,0,云舟姐姐超级棒～每节课都会看有趣的视频，被安利了很多有趣的节目和影视作品。
57977,18,宋云舟,2017-07-19 07:35:49,0,0,0,女神不解释\n\n
58368,18,宋云舟,2017-08-30 03:21:43,0,0,0,。。。
58831,18,宋云舟,2017-09-18 04:31:19,0,1,1,就summary和作文来看，作业并不算少……给分说实话也不是特别好，3.6前20%，可能大英都这么坑吧……
60570,18,宋云舟,2017-10-24 08:41:53,2,2,0,老师会记住你的名字
61457,18,宋云舟,2017-11-17 11:26:29,0,0,0,不说了，我女神～
64173,18,宋云舟,2017-12-21 07:47:18,0,0,0,哇，老师人很和蔼，作业也少，讲课也讲得挺好哒ヾ(Ő∀Ő๑)ﾉ太好惹\n\n
64901,18,宋云舟,2017-12-28 01:53:06,0,0,0,爱您~爱您的温柔随和和爱笑的眼睛
65767,18,宋云舟,2018-01-09 05:12:02,1,1,0,平时没有作业，上课轻松愉快。只是老师上课好像有些拘谨呐
66224,18,宋云舟,2018-01-13 12:48:37,9,10,1,唯一不好的是老师的口语一般般，而且说话时常常会有停顿，可能是身体状况的缘故吧。其他的，完美，细心又贴心，经常听写，而且布置任务很清楚。
67768,18,宋云舟,2018-01-22 06:53:05,0,0,0,很温柔的老师，对我这样的英语菜鸟也那么的温柔~
68171,18,宋云舟,2018-01-24 00:02:30,4,4,0,跪谢老师不杀之恩\n\n
68274,18,宋云舟,2018-01-23 02:15:11,1,2,1,哇....还没有出分，有同学出分了吗，心慌慌，没出分的同学点个赞呀
68762,18,宋云舟,2018-01-24 00:14:45,2,2,0,老师超好呀，每次作业都会很清楚，要求也很清楚。然后人又超好，给分也好，选了她的课绝对运气呀。
68886,18,宋云舟,2018-01-24 05:07:43,0,0,0,感谢老师不杀之恩
69041,18,宋云舟,2018-01-24 07:47:03,2,2,0,老师人很好哦，作业应该是最少的没跑了，成绩也打的很高
69164,18,宋云舟,2018-01-24 09:17:39,0,0,0,老师人很好，教的也很不错，超喜欢
69182,18,宋云舟,2018-01-24 09:40:55,0,0,0,老师超好的！大英四没选上太遗憾了啊啊啊
69480,18,宋云舟,2018-01-25 00:21:35,3,3,0,作业很少，上课很舒服，英语主要还是靠自己的奋斗吧。
69765,18,宋云舟,2018-01-25 10:39:28,0,0,0,感谢老师不挂之恩
71696,18,宋云舟,2018-01-29 01:14:02,0,0,0,很棒的老师！体谅学生，平时成绩和听写等比较轻松。最后成绩虽然不是很好，但也是我自己没有好好学～～
71854,18,宋云舟,2018-01-29 04:36:35,-5,1,6,澄清下，有听写的。但总体感觉很不错，上课看视频很多，课外的东西讲得也多。另外，要注意多发言，平时分才会高。4.5绩点飘过。
74542,18,宋云舟,2018-03-03 08:42:00,1,4,3,炒鸡棒！
74810,18,宋云舟,2018-03-06 03:23:25,31,33,2,老师很美很可爱，而且特别爱尬笑哈哈哈哈哈
74903,18,宋云舟,2018-03-06 10:30:13,11,14,3,总觉得老师一定是个很有故事的人呢
79770,18,宋云舟,2018-06-13 11:44:34,0,3,3,我觉得上大学课程有两样\n\n1.有干货真正学到东西\n\n2.上的舒服\n\n而宋老师是both\n\n
80602,18,宋云舟,2018-06-28 08:23:21,9,14,5,在期末之前公正的评价一下。宋老师人特别好，很善良。但是现在9.几的分数说实话我觉得偏高了。上课照本宣科，不算特别出彩，尤其口语上我觉得不是特别好。平时任务少，但也容易让人缺失学习动力。就我来看的话，给老师打8分。
82258,18,宋云舟,2018-07-07 15:03:59,30,33,3,老师人很好，但当我上完她的大英三和大英四觉得其实没有大家想的那么好。老师的口语很一般，使得课堂像是闲聊和看视频。而且在英语上没有太多的传授（比如用法，词汇等），只是很随意的讲一些书本上的单词和句子。而且经常看视频，大英三还好觉得新鲜，后来真的觉得没意思了。此外，为什么分数还没出啊……别的班早出了?（但老师人真的很好，很有气质，给人的感觉很棒棒）
82461,18,宋云舟,2018-07-08 09:09:23,4,5,1,老师口语确实一般\n\n上课较多的视频  但都是与书本相关内容有关 算是拓展吧\n\n老师比较注重听力训练吧\n\n出分的确比较慢等待中
82866,18,宋云舟,2018-07-09 08:40:33,8,10,2,给分一般吧，又是一门卡绩
82884,18,宋云舟,2018-07-09 09:06:14,0,3,3,老师真的好棒好棒！优雅温柔！分高事少！还有上课放的视频都很有趣！看到拜仁球赛集锦的我真的惊喜！
82917,18,宋云舟,2018-07-09 10:00:16,1,3,2,客观评价:人好，事少，分高。但是学习到的知识少，个人的提高可能真的很小。
82972,18,宋云舟,2018-07-09 11:32:08,0,3,3,给宋老师满分，虽然自己绩点很垃圾，但也怪不了别人，至少比上学期大英3高一些，已经很开心了，宋老师的事挺少的，人也很好，毕竟我是花了选j类和通核的运气才选到了舟舟女神的课啊，上课轻松，以看视频为主，回答问题不强求，回答得多平时分自然也高，会有听写但是还是比较水。总之，大英说白了就是三次考试，一次口试，几篇作文，平时按时上课，考试前好好背单词，成绩还是比较公平的。
83152,18,宋云舟,2018-07-10 00:13:54,0,2,2,啊啊啊啊啊啊啊啊啊啊，云舟老师我女神。人一级好，给分一级棒。原本担心自己会挂来着，结果上三了，自己已经非常满意了，女神女神。
86736,18,宋云舟,2018-09-18 07:49:47,4,6,2,刚上了她的课。没有想象中的好。老师很和蔼，但是口语比较一般。
88308,18,宋云舟,2018-10-28 02:48:24,8,9,1,感觉学不到什么……上课有点尬？……
92909,18,宋云舟,2019-01-24 00:43:49,5,5,0,宋老师真是太棒辣！！温柔可爱美丽呜呜呜给分好人也好！吹爆！！
96374,18,宋云舟,2019-01-21 01:29:48,6,6,0,宋老师第一节课就让我有了好好学英语的动力！女神女神~就是出分有点慢，等得我怪慌的
97873,18,宋云舟,2019-01-23 00:37:57,2,2,0,老师真的好温柔啊！作业少，课前和课间会放音乐电影片段
97907,18,宋云舟,2019-01-23 01:35:05,9,9,0,宋老师真的是我大一最喜欢的老师了，很有气质，上课会放音乐和电影片段，没有课前展示，还组织圣诞party让我们一起玩，给分又好，真的太喜欢这个老师啦 \n\n舟舟女神我爱你!!!
97918,18,宋云舟,2019-01-23 01:46:57,2,2,0,上课舒服，事少分高！
97919,18,宋云舟,2019-01-23 01:46:49,3,4,1,事少给分好，课有点水
97942,18,宋云舟,2019-01-23 02:24:54,1,2,1,好老师。上她的课是一种幸运?
98039,18,宋云舟,2019-01-23 04:14:36,1,1,0,老师真的很好很温柔，出分了特意前来感谢。（就是出分出的有点慢哈哈哈）
98087,18,宋云舟,2019-01-23 05:10:38,2,2,0,没有presentation，有听写，不过反正quiz和期末考都是要背单词的呀，正好鞭策一下自己哈哈哈，而且老师上课有很多视频可以看，还有圣诞派对，给分也超棒哒！下学期还是宋女神的课啦啦啦～
98164,18,宋云舟,2019-01-23 06:43:18,2,2,0,老师超好 超温柔 给分也不错
98366,18,宋云舟,2019-01-23 11:21:45,1,1,0,老师太温柔了！
98680,18,宋云舟,2019-01-23 19:41:56,1,1,0,事少分高，人也很温柔善解人意，给分是真的很好
98813,18,宋云舟,2019-01-24 03:26:20,4,5,1,老师太棒了！人超温柔！发音也很好听！课堂会有听写（会在上一堂课提前告知），会写几篇summary一片书评，其他事情也不算多，课堂上会有很多电影音乐等等有趣的学习材料，很轻松，就是课文学习方面...自己课后（或者课前）要认真处理生词，平时多背背单词，老师花在课文上的时间不多的，自己课下要好好搞，最后老师给了我满绩！！云舟女神我爱了！
99624,18,宋云舟,2019-01-25 04:15:03,3,3,0,宋老师太强了！！为宋老师打call！！
100143,18,宋云舟,2019-01-25 15:39:44,3,4,1,宋老师超温柔，真没看出来老师还是拜仁球迷，上课还会突然讲起黑暗森林法则QAQ。平时事情也不多，圣诞party也很欢乐，最后给分更是惊喜。给宋老师打call！
102235,18,宋云舟,2019-01-31 14:01:24,1,2,1,我爱宋老师 很棒的感觉 给分太感人了
102309,18,宋云舟,2019-02-01 01:26:32,6,9,3,老师真的很和蔼可亲。\n\n很注重课堂互动，希望选到她课的同学上课积极一点。\n\n最后绩点4.8我真的哭辽\n\n下学期还选她的大英课！
102791,18,宋云舟,2019-02-23 05:55:37,4,4,0,女神٩(๑òωó๑)۶
104658,18,宋云舟,2019-03-26 01:50:28,10,10,0,云舟姐姐女神～\n\n佛系上课qwq
109182,18,宋云舟,2019-06-11 07:54:44,4,5,1,老师真的，超级温柔，眼睛带笑，上她的课是一种享受。\n\n
110588,18,宋云舟,2019-06-27 14:21:38,7,7,0,云舟女神超赞，上课前会放一首英文歌，课间还会有小视频，真的不知道她哪里找到那么多可以和课程相匹配的有趣视频，真的很棒。平时座位是固定的，但是有事可以请假，老师很好哒。六一还会有每个小组的小表演，给经费买零食，和我在另一个班的大英三完全不一样。上课emmmm我个大英辣鸡全程划水，唉，过来还个愿，希望云舟女神不挂我。
111148,18,宋云舟,2019-06-30 05:50:23,2,2,0,10分求过\n\n
111478,18,宋云舟,2019-07-01 17:50:44,3,3,0,老师加油！
112002,18,宋云舟,2019-07-03 06:36:29,4,4,0,上课很轻松，作业也不多
112148,18,宋云舟,2019-07-03 17:38:15,16,17,1,人如其名，云水轻舟，温暖温柔。
112207,18,宋云舟,2019-07-03 22:46:58,2,4,2,温柔善良、诙谐幽默、上课轻松、干货满满、给分感人、望自珍重。
112329,18,宋云舟,2019-07-04 01:51:30,5,5,0,课本知识点讲的不多\n\n老师还是很好的\n\n被正态只能怪自己期末考没考好吧
112532,18,宋云舟,2019-07-04 17:08:06,4,4,0,老师是真的不是一般的温柔和善解人意，还经常会和我们分享有趣的视频和经历，好老师一生推!只能怪自己平时没好好复习，真的对不起老师。
113499,18,宋云舟,2019-07-06 19:23:06,3,3,0,四个字，通情达理
115045,18,宋云舟,2019-07-15 00:31:01,2,2,0,哈哈哈大英三四都是女神的课?人美心善！会自己提供经费帮我们办圣诞和六一派对哦！！上课着实享受啊！（当然，大英还是要靠课后背滴
116861,18,宋云舟,2019-09-17 01:21:21,3,5,2,感觉老师上课可以更紧凑一点，多教一些干货，毕竟这是大英的课不是通识课。
120926,18,宋云舟,2020-01-18 23:35:22,2,2,0,老师人很好，圣诞节还让我们组织节目，老师还自己花钱准备礼物，最后虽然绩点不是很高，但怪自己没考好。
121703,18,宋云舟,2020-01-21 02:33:54,0,0,0,真女神
122462,18,宋云舟,2020-02-28 14:18:29,-7,3,10,其实挺一般
122535,18,宋云舟,2020-03-03 11:20:28,5,7,2,我要吹爆云舟女神！上学期大英三体验真的棒事情少给分好（第二次小测没五十绩点4.5真的感动）。圣诞节还给经费买礼物！这学期学籍异动回到宋老师的班给老师发信息她还记得我呜呜。要好好学英语啦！
126093,18,宋云舟,2020-09-17 09:58:07,1,1,0,上课总是乐呵呵的，气氛轻松
127775,18,宋云舟,2020-11-27 00:42:24,0,1,1,宋老师非常细心，我有一次睡过了没赶上听写，她还跟我说没事，漏一次没关系，真的太爱了
130681,18,宋云舟,2021-01-24 07:29:07,0,0,0,不多说，好老师
131712,18,宋云舟,2021-01-28 13:46:23,3,4,1,宋老师真的是遇见过的最棒的老师！很温柔很善良，给分真的很好！真的很喜欢宋老师的课堂，让你知道学英语是件很快乐的事情，有英文歌、美剧和电影片段欣赏，在这里遇到了最好的英语小组，宋老师还很负责，每单元都会组织听写与summary，好好准备的话quiz复习起来问题不是很大，虽然出分比其他老师慢，但实际上是在实行专业打捞，云舟永远是我女神！！！！
131736,18,宋云舟,2021-01-28 15:48:03,-3,0,3,给分好真的不是盖的，我这种英语菜鸡竟然被捞到这么高的分。
131737,18,宋云舟,2021-01-28 15:58:05,-6,1,7,先说说给分吧，云舟让我知道了大英满绩是真的存在23333333谢谢她～\n\n上课非常重视听力，会放一些没有字幕的视频，这点我吹爆！而且感觉每节课都会有一些听力相关练习～\n\n如果说非要揪点什么问题，可能上课太轻松了没啥压力导致小组讨论比较水哈哈哈哈...当然，英语嘛，还是靠自己平时练呗\n\n再说说老师本人叭～她的亲和并不是跟学生打成一片的那种，而是从来都带着微笑，让学生有几分尊敬，也几分距离感，超级温暖，默默给大家送分（划掉）\n\n最后就是，英语好的在课上，比如她放一个大家都听不懂但是你听懂的什么音频的时候一定要表现出来呀，老师会记得你然后给你打高分的～
131752,18,宋云舟,2021-01-28 17:25:35,0,0,0,太爱云舟女神了！！给分真的超好以我的英语水平我相信这分一定是她捞我的成果！！！上课很开心是真的很开心，大英小组是我最最最舍不得走的小组，爱舟舟爱大家(⑉°з°)-♡
131775,18,宋云舟,2021-01-29 01:33:36,0,1,1,宋是她的姓
132260,18,宋云舟,2021-01-31 10:51:14,1,2,1,菜鸡能有3.9真的惊呆
136691,18,宋云舟,2021-06-23 05:43:36,1,1,0,老师很慈祥，上课会放一些英语视频
141236,18,宋云舟,2021-09-27 04:19:30,4,4,0,老师有点年纪了，很优雅。但口语真的不太好，一直呃呃嗯嗯哈哈的，听起来很难受。每个单元reading2要写概要，书上练习要做，开学有自我介绍，要学生互评。回答问题是自愿的，不会乱点人。
141327,18,宋云舟,2021-09-29 15:10:59,0,5,5,老师人挺好，就是学不到什么。。。
141833,18,宋云舟,2021-10-27 08:11:48,0,0,0,可以的
155371,18,宋云舟,2022-06-11 16:24:09,6,6,0,期末考试前来评价一下，呜呜真的超爱，超好的老师，好美丽，气质也好好。为了提高大家的小测成绩，平时总是给我们做训练（单词拼写、选词填空等），所以在一定程度上还是提高了大家学习英语的能动性。此外，老师在学期刚开始的时候就和大家说，不强制要求课堂发言，因为她知道有的人内向有的人外向，说自己以前也是不擅长发言的，呜呜呜太感动了，好爱这样的老师。哦对，老师的课没有大英展示，对我来说真的救大命。\n\n虽然我和老师的交流不多，平时也不会主动去问问题，但是依旧不妨碍我爱她！\n\n顺带表白一波助教小姐姐，能感觉到quiz有被狠狠捞wwwww，是很可爱的助教小姐姐。\n\n最后祝大家考试顺利（不管最后成绩如何，我都很庆幸能够上老师的大英，而且大英成绩主要还是看自己的英语水平嘛hh 此处本菜鸡哭泣一分钟）\n\n也祝老师和助教小姐姐越来越好！一切顺利~~
156083,18,宋云舟,2022-06-17 12:16:15,0,0,0,大英三四都是云舟老师；注重课堂互动真的是很好的老师！
163394,18,宋云舟,2022-12-14 08:04:51,1,1,0,老师真的超级好，大一上了她的大英三，人美有气质还温柔，而且没有pre！
163903,18,宋云舟,2022-12-16 13:20:41,0,0,0,老师很好，事情很少
164515,18,宋云舟,2022-12-21 11:38:28,2,2,0,老师真的很好，人超级温柔，没有pre，事情少，且课堂非常有趣！
168957,18,宋云舟,2023-02-23 17:22:41,1,2,1,不捞人啊！差4分被斩了
169781,18,宋云舟,2023-02-28 01:25:34,0,0,0,宋老师态度非常好，只要好好表现，给分肯定不会差。
174863,18,宋云舟,2023-06-19 06:11:06,3,3,0,祝老师退休快乐！
177909,18,宋云舟,2023-07-05 11:08:40,0,0,0,宋老师人非常好，很喜欢上她的课！很幸运大英三和四都选中了她😭😭希望老师退休快乐，以后能天天开心！
183456,18,宋云舟,2023-11-26 12:00:29,0,0,0,很棒的老师
1560,23,洪钢,2015-03-22 14:18:12,-7,7,14,挺水的
2589,23,洪钢,2015-05-04 15:42:59,55,66,11,traditional  一起阅读老师发的悬疑小说，一句句读，一起查生词，做笔记，然后弄清楚里面的意思 还有品味一些句子的表达效果  喜欢英语的会喜欢
2636,23,洪钢,2015-05-05 02:17:43,84,94,10,一口好听的英腔！
2710,23,洪钢,2015-05-06 02:39:05,13,18,5,英语不是很渣又想刷绩点的推荐选这门课。
4493,23,洪钢,2016-12-28 05:48:35,30,34,4,老师很好，非常关心学生\n\n\n\n
5024,23,洪钢,2015-07-02 07:58:21,14,18,4,老师人很好
9883,23,洪钢,2015-11-11 18:54:18,0,2,2,挺认真
11829,23,洪钢,2015-12-16 13:44:07,35,40,5,老师人特别好，学识渊博，听他的课是一种享受！期末认真整理，拿高分是水到渠成的事，强烈推荐！课程结束时还有些不舍呢。在这里真心地感谢洪老师！
11847,23,洪钢,2015-12-17 16:07:44,27,31,4,老师真的很棒，会照顾到每一位学生，课堂参与度高，互动很多，只要认真听课整理，考试真的不在话下，高分也自然会有。很喜欢的一位老师！
15312,23,洪钢,2016-01-21 17:22:48,16,21,5,真的是一位认真负责的好老师，发音很好听，知识渊博还没有任何老师的架子，平易近人。如果平时注意总结的话期末作业和考试会很轻松，考试也很有意思。
16652,23,洪钢,2016-01-18 15:38:22,4,8,4,很诚恳 英语很好听
20595,23,洪钢,2018-03-13 11:41:22,39,45,6,在这门英语当代小说阅读的课上，我拿到了我迄今为止的最高分97
21867,23,洪钢,2016-03-01 10:37:27,131,151,20,老师为啥第一节课就迟到……
22022,23,洪钢,2016-03-02 06:02:47,13,19,6,老师还是挺好的  只是课堂参与度高 互动多 英语渣表示每次上课都很慌张啊T_T
22025,23,洪钢,2016-03-02 06:06:16,9,10,1,幽默，英文腔又好听
22577,23,洪钢,2016-03-08 06:12:09,27,36,9,总是迟到。。。。
24203,23,洪钢,2016-04-28 08:25:22,24,30,6,老师人超好，特别关心学生，上课很自在，完全不用在乎英语水平，反正难的单词都会一起查字典。给满分不过分
24812,23,洪钢,2016-05-04 01:00:57,13,17,4,唔 虽然分数还没出 但是是很棒的很可爱的老师呀 绩点都可以不在意的那种；）
25326,23,洪钢,2016-05-15 02:53:55,9,12,3,很好玩也很放松的一门课，经常讲些与西方文化有关的东西，上课互动很多，很喜欢这门课
25399,23,洪钢,2016-05-17 07:10:53,8,10,2,好老师！！！
25416,23,洪钢,2016-05-18 00:05:30,2,3,1,给分特别好~只好期末好好整理。。。
25448,23,洪钢,2016-05-19 09:30:28,4,11,7,上课迟到，下课拖堂。
26465,23,洪钢,2016-09-28 09:29:54,8,8,0,喜欢，上课很舒服。
26863,23,洪钢,2019-05-14 04:40:19,-229,9,238,更年期的拖堂狗
27261,23,洪钢,2017-05-31 01:49:10,7,8,1,课堂体验舒服，期末考试有一个空没写上给了我96分。我给老师满分！
28988,23,洪钢,2016-06-29 05:15:12,6,6,0,感觉挺好的，能学到干货，好好
30017,23,洪钢,2016-06-30 18:07:30,0,1,1,很不错
31587,23,洪钢,2016-07-04 07:26:59,4,5,1,老师很有爱，虽然会不按时间上课，但是习惯就好\n\n
32436,23,洪钢,2016-07-06 22:08:39,10,11,1,怎么会有这么nice的老师
32440,23,洪钢,2016-07-07 00:11:37,6,7,1,能创造一种很轻松的学习氛围~\n\n
34729,23,洪钢,2016-10-19 12:00:11,7,7,0,非常好的一個老師\n\n教的也好 英文會進步\n\n
35402,23,洪钢,2016-11-10 04:55:14,0,2,2,h h h
36349,23,洪钢,2016-11-12 05:42:14,-11,7,18,老师很好。而且我每节课都认真听作业也认真做。。却只有2+。。后来也给老师发邮件，，老师没回。。因此我严重怀疑我的邮件发过去到垃圾信箱导致作业也没收到？？。。我老师信箱也多次确认没有发错。我这比那些点名从不点到都还低了吧。。。。，大家记个教训吧。
36806,23,洪钢,2016-11-16 06:16:05,-40,3,43,无语，他是不是不知道什么时间上课啊，能不每次都迟到那么久吗，浪费别人时间，挺不负责的
38120,23,洪钢,2016-11-24 17:09:41,12,13,1,为什么还没出分啊/摊手
38580,23,洪钢,2016-12-09 23:33:10,0,1,1,节奏很慢 很舒服 很棒 课堂挺自由 回答问题的机会很多！
38584,23,洪钢,2016-12-10 11:10:33,5,5,0,会记住所有人的名字 感觉是那种老派而又认真负责的老师 积极参与课堂讨论成绩不可能差
38591,23,洪钢,2016-12-11 01:57:46,0,1,1,出分来报恩
39110,23,洪钢,2016-12-21 07:59:02,2,2,0,非常享受，老师的知识面非常广，对语言和一些人文社课的知识非常了解，非常尊重学生的想法，能选上他的课是一种幸运
39330,23,洪钢,2016-12-22 06:03:16,2,3,1,老师一般会延迟半小时上课和下课，没说原因，但是估计是为了避开高峰吧，摸透了规律也没什么影响。下节连着有课或者有事都可以先走的。上课主要内容一点都不想错过。
39935,23,洪钢,2016-12-28 08:32:56,0,1,1,小班化，查字典，期末认真复习。
40342,23,洪钢,2017-01-03 03:55:15,6,6,0,还想再上一次（哭
41443,23,洪钢,2017-01-11 15:07:56,6,6,0,老师其实真的很可爱的\n\n希望每一个选上课的人都能认真对待。\n\n不要随意以自己幼稚的观点去评判别人。
42081,23,洪钢,2017-01-13 14:19:41,5,7,2,老师很和蔼很尊重学生，知识渊博，喜欢英语或者英语比较好的人上课应该会很轻松很愉悦。老师除了迟到也没其他不好。
42656,23,洪钢,2017-01-14 17:39:51,17,18,1,首先老师的知识面很广，讲课电影民俗历史文化都会有涉及到，连我这个英语渣都觉得上课非常非常有意思。然后人也超级nice，回答不出不会苛责，言辞总是很周到。上课迟到这个嘛……我后来都是跟他一起迟到个十五分钟左右……不要浪费时间就好了。\n\n
46595,23,洪钢,2017-01-22 03:29:52,9,9,0,老师上课还不错，不过总是不按时上下课还是给我这种要连着上课的带来了一些困扰
46818,23,洪钢,2017-01-22 11:22:17,10,12,2,出分好慢，，我等得好煎熬
47238,23,洪钢,2017-01-24 22:26:44,16,19,3,很喜欢听洪老师的课，来上这节课的感觉和别的课不同，就像结束了一天的疲惫回到家里一样
47440,23,洪钢,2017-01-26 10:55:12,-6,4,10,不出分的咯\n\n
47453,23,洪钢,2017-01-26 17:07:54,5,5,0,所以出分是要当发红包的概念吗\n\n
47477,23,洪钢,2019-03-06 04:26:28,9,10,1,平时不点名，上课很愉快，考试很简单，除夕0点出分就像发红包！我想再选一次老师的课！
47505,23,洪钢,2017-01-28 12:05:17,7,9,2,课程内容很少。只有两三页英语小说 一点一点逐字逐句地解读。老师会提问每一个人 互动要求高。要整理笔记 考试形式创新有趣  最后得了一个我很满意的分数。值得选择。
47518,23,洪钢,2017-01-29 04:25:00,15,17,2,老师人很好很和蔼，上课也很认真，课程内容干货也不少，可以了解一些与美国文化相关的词汇便于记忆，老师本人对方言和外国文化很感兴趣，在课堂上也可以通过留学生同学了解到不少外国文化，老师给分也蛮不错哒。但是喜欢快节奏教学，不喜欢老师上课绕远，拓展太宽以及不喜欢老师迟到拖堂的同学还是要慎选。
47571,23,洪钢,2017-02-01 11:09:05,4,6,2,感觉老师时间观念不是很强，出绩点超级慢，是年后出的，简直不能让人安心过年啊！
48835,23,洪钢,2017-03-14 09:05:26,61,64,3,先生之风  山高水长
51308,23,洪钢,2017-05-30 12:54:15,3,6,3,第二次选老师的课，这次竟然刷新了我大学所有课程的最高分记录，真的很感动，端午安康，亲爱的洪老师！愿今后还能在校园里和您相遇，相遇时您还能记得我的名字，感谢您带给我如此美妙的英语学习体验(❁´◡`❁)*✲ﾟ*！
51347,23,洪钢,2017-06-01 09:20:46,2,2,0,出分啦！英语渣跪谢老师。（课堂氛围也很轻松的～
51437,23,洪钢,2017-06-05 11:55:30,1,2,1,每次上课的气氛都很愉快，对学生很有耐心，很宽容，期末给分也很棒！
51704,23,洪钢,2017-06-08 11:27:44,17,17,0,有点怀念老师乱糟糟的发型和英腔！
52447,23,洪钢,2017-06-20 07:05:56,-44,0,44,哇，查老师的评价一点都不走心，搞得我以为是文学性很强的一门课，结果第一节课告诉我是语言训练，感觉就是大英五，慎选！！！
54830,23,洪钢,2017-06-30 09:20:32,4,4,0,畅销小说评析 老师不看时间上下课一般都不准时的 大约会迟来15分钟拖堂5分钟 但是讲课真心不错 口音很好听～
57891,23,洪钢,2017-09-19 00:17:59,4,4,0,老师超级好，不过我是挂科了吗，还没有成绩耶
58031,23,洪钢,2017-07-24 22:14:30,2,2,0,老师很温柔，照顾人～有国外上课的感觉～\n\n
58032,23,洪钢,2017-07-25 01:41:16,0,1,1,老师虽然出分慢了点 但是给分好呀 一口好听的英腔 讲话总是慢条斯理的 知识很渊博！总之还是推荐大家选课！（不喜欢老师迟到的同学慎选orz）
58036,23,洪钢,2017-07-25 07:35:29,4,4,0,虽然老师会迟到会拖堂，迟到的话算好时间也不会浪费时间，睡一会儿觉也行。讲的很仔细。上课会叫人起来回答问题。不感兴趣的话慎选，在那边干坐着没意思。老师很负责很细心，好好准备肯定会有好分数的。
58041,23,洪钢,2017-07-25 13:18:27,4,4,0,老师很棒很耐心，给分也很好！（除了迟到这一点……）
58042,23,洪钢,2017-07-26 00:18:19,4,4,0,老师真的很好，虽然上课喜欢迟到然后拖堂（不是故意拖堂），但是上课氛围很轻松，真的像回到家的感觉，期末考核也简单，认真整理准备就没问题哒～给分棒～（但是希望老师以后能够及时回邮件，发的邮件问问题什么的都没回，哭）
58045,23,洪钢,2017-07-26 06:00:31,2,4,2,Bravo
58053,23,洪钢,2017-07-27 07:22:30,4,4,0,老师超温柔超绅士
59602,23,洪钢,2017-09-24 17:28:12,2,2,0,和老师一起精读小说很开心，认真听课做笔记好好复习成绩就会很好~
62511,23,洪钢,2017-11-25 14:44:35,13,13,0,为什么还不出分？？？
63091,23,洪钢,2017-11-28 08:38:15,22,23,1,还不出分。。难道我秋学期的课要等到寒假了吗。。\n\n
63440,23,洪钢,2018-01-08 12:29:32,35,38,3,我就再来确认一下大家出分了咩，没出请点个赞，慌兮兮莫非是挂了？
63775,23,洪钢,2017-12-14 13:00:25,12,12,0,打个卡 没有出分 还是我挂了？
64368,23,洪钢,2017-12-23 03:59:26,7,7,0,这。分数出的太慢了。别的太好了
64428,23,洪钢,2017-12-23 12:48:10,9,9,0,我挺喜欢老师的讲课风格的，一个词一个词挖，慢慢品味其中的意思。但是不喜欢的人可能会觉得老师上课节奏慢。另外，为什么还没出分？！
65358,23,洪钢,2018-01-03 09:11:26,-3,5,8,个人不太习惯这种上课方式。有些人为了表现自己而拼命说一些废话刷脸也是够无聊的……
66839,23,洪钢,2018-01-19 07:28:04,1,2,1,老师和认识的其他老师都不太一样，可能这就是他特别之处，有时不太理解他的思路.....人不错，口语好听，就是迟到加拖堂不能忍啊....每次都这样
70202,23,洪钢,2018-01-26 08:32:59,3,5,2,除了老师总是迟到(包括期末考也迟了一丢丢)，不过我不太在意(因为我也迟到）。期末考试只要你每节课都来并且认真听、做笔记，而且期末大作业也是把平时的笔记总结(电子版)，考试应该就没问题了(不算难，当然最后有一篇作文是看你自己的能力，和上课内容没什么太大关系)。课堂氛围挺轻松的，不累。
70883,23,洪钢,2018-01-27 16:39:16,18,19,1,老师人挺好的，课堂氛围比较轻松，就是经常迟到and拖堂，还有我秋学期的课现在还没出分哎…不是只有我一个人吧…？
74063,23,洪钢,2018-02-04 16:21:00,0,4,4,出门了，为什么我课堂很认真，积极回答问题最后竟然只有3.6，太难过了
74073,23,洪钢,2018-02-05 01:26:48,3,4,1,终于出分了啊啊啊啊啊，感谢老师感谢老师，最后结果还不错，没白让我从秋学期等这么久哈哈哈 ！
74078,23,洪钢,2018-02-05 02:02:07,5,6,1,最终证明是值得等待的2333
74085,23,洪钢,2018-02-05 03:08:47,4,5,1,满绩就很开心
74104,23,洪钢,2018-02-05 07:02:26,10,11,1,老师人真的很好，高高瘦瘦，很斯文，骑自行车来上课，很学者的感觉。上课虽然有互动，会提问，但不用心惊胆颤的，不会的就一起查，老师也不会怪你。平时没作业，但上课还是要认真记笔记的，考试的话只要好好整理笔记，好好准备，老师会看到你的努力的。
74179,23,洪钢,2018-02-06 04:59:24,3,5,2,我知道对于成绩问题不做任何回答，可是全勤且所有作业交齐的情况下给了60多分能不能给个解释啊？？？我考完期末也和同学对了答案并没错太多啊，真是百脸懵逼莫名其妙啊……
74181,23,洪钢,2018-02-06 05:55:52,6,7,1,老先生是我在浙大一年半遇到的最好的老师，课堂氛围十分轻松和谐，老师会按照名单顺序点名互动，但是不管你表现如何发音如何，老师都会十分耐心温和。我自知英语口语和听力都不怎样，但是老师给了我很大的鼓励和帮助。课堂上有一两次没听懂老师的问题，回答的很尴尬，但老师的反馈会让你觉得这些错误和问题都是正常的，会让你依旧保持信心。课程很轻松，没有作业，平时做好笔记，期末好好整理，分数自然很高。老师有迟到的习惯，就跟着他一起迟到呗~先生之风，山高水长，深以为同。
74217,23,洪钢,2018-02-07 02:01:25,0,1,1,老师很好的，课堂氛围很轻松，最后给分也很好～
74255,23,洪钢,2018-02-08 05:48:14,1,1,0,讲课速度偏慢，有时候会聊聊各地文化。知识量并不大，认真记笔记加复习，考试很容易。我觉得这真的是相对而言比较轻松的一门课程了。
74269,23,洪钢,2018-02-08 13:47:13,32,34,2,期末考完自知错一单词，成绩出，99。\n\n前面朋友说，先生之风，山高水长，以为然，真是一位难得的好老师。仙风道骨，或许迟到拖堂是小瑕疵然则瑕不掩瑜，他的教书形式才是当今英语课最该有的互动形式。相比起死板的大英，他的课好太多，太多。愿先生身体安康，春节快乐，特此感谢。
74284,23,洪钢,2018-02-09 04:50:32,1,1,0,又燃起了我对英语的喜爱啊哈
89143,23,洪钢,2018-11-16 05:00:59,6,6,0,大学第一次遇见能记住学生姓名的老师
89215,23,洪钢,2018-11-17 02:51:58,7,7,0,a surge of 英国老派绅士的味道
89710,23,洪钢,2018-11-20 10:51:12,2,2,0,所以老师果不其然第一节课迟到了
90846,23,洪钢,2018-11-26 13:02:14,5,5,0,老师真的很佛系，上课节奏很慢，但他会希望你跟他有所交流，中英文随意。没有真正意义上的点名，但会抽人回答，所以还是要到课滴。老师有一种说不出的人格魅力，就是让你很喜欢。唯一的缺点就是出分太慢辽???望穿秋水.jpg已经一个多星期了呢
91347,23,洪钢,2018-12-06 06:44:57,0,0,0,非常能和学生互动的一位老师，上他的英语课感觉非常好。
91532,23,洪钢,2018-12-12 16:31:51,4,4,0,从未有如此舒适的课堂体验，课程进度缓慢放松，极其耐心的老先生！对于我这种从金工中心往东区跑的人来说，老师迟到真是救了命了！
91806,23,洪钢,2018-12-20 16:02:51,1,1,0,出分了...比均绩低了一些，不过也怪自己上课没有认真听。老师给分应该说真的不错，上课节奏比较慢，认真听课能学到一些东西。最后会留一项复习作业，期末考试就是讲义上的内容，所以要认真听课呀！老师真的很棒，希望还能继续选老师的其他课。
91828,23,洪钢,2018-12-21 11:43:48,6,7,1,最喜欢的老师\n\n最后一节课老师说Good luck and goodbye 感动的一塌糊涂
93373,23,洪钢,2019-01-09 08:06:58,1,1,0,除了迟到以外都很好，氛围轻松，偏向于文化而不是语言
93413,23,洪钢,2019-01-09 12:44:18,1,1,0,老师的课是蛮好的，课堂参与度很高，让我找到了学英语的乐趣，比大英好很多hhhh
94116,23,洪钢,2019-01-15 08:10:51,6,6,0,"第一节课见到老师的时候 和我之前看查老师评论时内心的想象大相径庭hhh 对这堂课的第一感觉是 就像家里的老人刚睡醒在跟你唠家常w(毫无贬义啊) 上课的时候虽然老师进度很慢而且看似总是侃很远 但是听下来之后会有一种 ""啊 原来他是这个意思 这里的语言真是太好了！""的舒适感 不过期末的复习作业如果能早点布置就好了 所有考试全是要背的 感到压力 而且必须交电子版让我这种习惯手写复习的人有点难受"
94255,23,洪钢,2019-01-16 04:53:27,0,0,0,老师很认真负责，也比较关心学生，课堂内容新颖，需要积极发言
95987,23,洪钢,2019-01-20 10:21:40,0,0,0,感觉老师考试要迟到了hhh
96067,23,洪钢,2019-01-20 12:14:00,1,1,0,考前一定仔细看笔记，多过几遍就没什么问题了
102138,23,洪钢,2019-01-30 15:58:13,0,1,1,老师给分也太好了吧，平时有两次课没去…基本也没干什么最后好好复习就能上90！比个大心！
102148,23,洪钢,2019-01-30 17:09:58,-5,3,8,上课体验很不错 但是被卡绩 有点不爽诶 给9分吧。。。
102150,23,洪钢,2019-01-30 22:59:47,1,2,1,巨好巨好巨好，超适合我这种本本分分上课的人，好好听课，成绩会很好！
102151,23,洪钢,2019-01-30 23:09:58,11,12,1,就老师的喜爱就是，就算他拖课，我也一点都不在意
102364,23,洪钢,2019-02-01 08:41:34,3,3,0,出分了，开心，给十分
103187,23,洪钢,2019-02-26 12:42:43,69,71,2,上课会拿名单叫学生回答问题算点名吧…\n\n日常迟到 出分超慢 非常博学\n\n唯一一个让我觉得舒服的英语课，没有花里胡哨的展示，也不像某些高分老师那么注重小组讨论和所谓的交流互动（太合适我这种自闭儿童了），回答问题都可以查字典，用英文说不了用中文说，反正你英语再差也听得懂！而且一个词一个词分析用法真的是太适合我这种以前瞎背单词不会用的人了…\n\n如果你是英语大佬可能会觉得他的课上的太慢有点无聊…自闭儿童答应我一定要选他好吗？（估计是浙大外语课里唯一一个不用绩点绑架内向的孩子的课了 可能掺杂了个人感情 轻喷
104627,23,洪钢,2019-03-25 11:29:48,4,4,0,建议上课做电子笔记
106034,23,洪钢,2019-04-24 12:32:13,8,8,0,上大学后遇到的最好的老师和最好的外语课，老师会把班里同学的名字全记下来，每个知识点也讲的很耐心，语调平缓，让人十分舒服，没选上也不要紧，补选基本上都会让你过的
107530,23,洪钢,2019-05-29 16:09:25,3,4,1,感谢的话说不尽，老师是可以在课上谈天论地的朋友，谢谢老师！第一门满绩
107907,23,洪钢,2019-05-11 06:10:15,2,2,0,老师很好，上课也不用紧张，答不出来用中文也可以，细想也学到很多东西。英语小说选读是一门放松的有意思还能学到一定知识的课程，很难得。
108073,23,洪钢,2019-05-14 04:39:55,3,3,0,来问问出分没 19年春学期的课 怕不是到期末才出？？？？？
108108,23,洪钢,2019-05-15 03:40:55,5,7,2,好了好了，楼下那位，别满嘴喷粪了，是我的错，本来老师让我下课前十分钟提醒他的，结果我忘了，是我的错，你凭什么骂老师，要骂人冲我来，ok？
108283,23,洪钢,2019-05-20 03:56:32,-11,8,19,建议不要选。学不到什么东西。老师每次都没时间概念，讲东西超级慢，一学期下来讲不了什么东西而且每次都会拖堂。作业是前面一点都没说，最后考试周前突然布置下来，照理来说大作业不应该开学就说好的吗？总之这课水水还行，就是上的没意思。春学期的课出分到现在还没出真是无语了。老师性子比较慢，什么都慢，建议性子慢的同学选，像我这种比较躁的不要选，选了贼难受。
108293,23,洪钢,2019-05-26 09:33:15,3,3,0,课虽然上的慢，但是还是有很多知识点的。另外，给分真的好！
108443,23,洪钢,2019-05-27 03:29:33,1,1,0,给分真的好的没话说
108446,23,洪钢,2019-05-24 07:28:07,4,6,2,其实不懂为什么每次有人说老师不好都会被踩？？每堂课强行改变上课时间确实不好啊？？而且并不知道理由是什么，也不是没有时间观念但是就是强行迟到+拖堂，虽然你有事要走会让你走但是好歹说下为啥这样叭。课上叫人回答问题类似于变相点名，虽然作为一门英文课确实很舒服，不用展示，可以用中文说。说能学到很多东西的话，看人吧，我觉得学到的大部分还是他闲聊的其他七七八八方面的比较多，英文知识也有，一般是小说里这个词的用法感觉比较不实用？（英文渣并不清楚）虽然说考试和作业不难，但是真的希望提前布置啊，边学边整理感觉更舒适而不是，而不是最后一节课才布置整理一堆。最后，我并没有诋毁老师的意思，老师人很好会记住每个人的名字还和每个人说goodbye，我只是来看看为什么还没有出分的！！
108489,23,洪钢,2019-05-27 02:17:49,-2,3,5,老师课上的很好，慢节奏，适合对英语很有兴趣的同学。不过给分太玄学，期末左右认真完成了。考试应该只有两个小空没有写对。最后只有89，觉得扣分比较谜。
108499,23,洪钢,2019-05-27 05:20:40,9,9,0,说实话，老师上的课偏简单，但认真听也挺有收获，英语基础不好的同学可以放心选，只要有付出肯定分数好。PS:我英语基础贼差，上学期把数学化学翘了去学英语还是挂了大英三，但洪老师给了我3.9。
108597,23,洪钢,2019-05-29 08:04:19,2,2,0,看了查老师评论选的课，老师真的非常非常好，符合我心中大学学者的气质，gentl，跟着精读小说也受益匪浅，上完课去考古美剧真探和火线，感觉都非常好！推荐推荐
109051,23,洪钢,2019-06-06 07:14:41,1,6,5,平心讨论，为什么每次都迟到呢？晚上的课基本第一节都是到不了的，有什么事情吗？或者直接说我们上二三节课会不会更好？每次都担心老师会不会按时来了然后六点到等待上课，等到七点二十老师才来。还有如果课堂需要同学自主查东西的话，让课前做好会不会更好？如果全部都让课上查的话，会不会太耽误时间？有时候查不到老师想要的东西就会一直让继续查，或者老师直接点出来查哪一项意思会不会更好？还有不建议用有道和金山词霸的话（确实更严谨），但首先学校买的牛津已经到期了，纸质版的大词典（不让用学生版或中阶版词典）一本至少一百起步吧，相对其他课程，要求是不是稍微高了些了？平心而论，大家说的节奏慢，很大程度是因为频繁和长时间的学生查询释义。如果从相处来说，老师确实很有学问和平易近人，但从工作和学习效率来说，确实有一些些不足。仁者见仁，智者见智，建议和见解供之后选课的同学参考。但对楼下两位“拖堂X”和说别人“喷X”，或许在礼貌和素质上，再提高一下吧。
109203,23,洪钢,2019-06-12 02:26:47,2,4,2,刚刚随手看了qsc才发现当代英语小说选读成绩出了，本来以为分数高不了，因为课堂上知识渊博的dl太多而我后半程划水严重，结果满了。总的来说课程不紧张，在课表很满的学期选这门课也不会有很大压力，英语基础不实的同学也完全可以选。老师很有耐心，知识面巨广（就是我性子急，觉得讲得有点慢）。课堂上佛系发言，老师会让你翻译句子，还蛮有意思的。唯一的作业是考试前列提纲和编样卷，作业完全覆盖复习过程。
109700,23,洪钢,2019-06-18 13:22:12,1,5,4,平心而论，守时也是个人素质的一种提现。
110020,23,洪钢,2019-06-21 09:09:37,9,9,0,老师人挺好的，英腔好听，但是每节课都过分迟到……真的就是20.05下课会拖你到21点多的那种，讲了有事先走也会再不紧不慢地拖一下。而且最后一节课突然布置两个大作业这一点大家一定要注意，如果选上这个课请每节课记电子笔记，把他提到的所有词句都记在word里，不然最后一节课就会像我一样一脸懵逼。还有考试和别的大作业的人现在要两天做完提纲＋样卷了 苦。
110023,23,洪钢,2019-06-21 09:43:03,11,11,0,优点：慢节奏，上课随意，不需要特意用英文回答问题；缺点：总迟到，期末布置作业。另外，建议选上小说选读的同学用电脑做笔记。
115332,23,洪钢,2019-07-19 00:09:13,-3,3,6,给分真的没话说，远离大英，珍爱生命
117914,23,洪钢,2019-10-10 07:23:13,-5,3,8,迟到啊
118864,23,洪钢,2019-11-07 06:22:24,14,14,0,昨天刚考完结课考试，来评价一下\n\n老师的习惯是比较慢节奏的，讲话做事情都是慢条斯理，人很和善，文质彬彬的老先生\n\n\n\n上课的内容刚开始是每个人的自我介绍，但是更多的是大家欢快的交流\n\n之后主要是分析了两节美国小说，讲得内容非常的细致，也许离小说本身比较远，但是讲的都是非常地道的美国英语知识，很多都是网上查不到的，上完感觉受益匪浅，很有收获\n\n上课的交流中英混杂，英语说的比较慢，作为一个英语学渣我也可以听懂大部分\n\n\n\n关于作业，期末会交一个大作业，是复习提纲（另外一个是样卷，其实复习提纲是大头，有了复习提纲，做样卷其实很快的）。由于是要发邮箱的，所以是电子版，这就需要最好平时上课是用电脑记笔记的。我之前有在98上看到相关的帖子，所以知道这件事情，全程用电脑打笔记，期末工作量少不少（课上看到我疯狂打字的同学大约可以明白我在做什么了吧）\n\n\n\nbtw，作为一名理科生，因为有很多公式，所以我们一般都会选择手写笔记，电脑笔记我还是第一次选择，感觉文科的话其实电脑笔记更加合适一点，上完老师的课，我打字速度也快了不少，学会了电脑记笔记也是一个意外收获吧，感谢老师\n\n\n\n对老师的建议的话一个是希望老师可以注意一下时间，最好可以按时上下课，当然其实上到后来老师有这个习惯我也大致就是按照老师的时间来安排时间的，比如把外卖送达的时间推迟到5：40\n\n还有就是希望老师可以多开窗通风，教室里坐满了人连续上课感觉有一点闷\n\n\n\nanyway，老师是非常不错的老师，打10分，这个课的容量也很大（主要是教学班多，值得一选
121336,23,洪钢,2019-12-19 08:59:01,4,6,2,简略版：这课不难但是老师节奏很慢，常迟到，会记录每个人的信息当点名，作业会在最后几周布置，内容是反映自己复习过程的提纲以及自己出的样卷，考试内容也就是按照样卷来，特别注意作文的字数不能超\n\n课堂的一切都充满了古味，一人一册一农夫山泉而已。前两周完全是在熟悉彼此，从家乡到专业，内容也完全照十几页的短篇悬疑小说展开，难词共查，疑句同析，一点点推进，附谈一些社会文化、逸闻趣事（如日本外交官在公开场合调侃法国人数学差，嘲讽词noob的由来），氛围轻松毫无压力，曾提问我用家乡方言里“揍一顿”怎么表达（kua qi lei neai），为此还揪出了几个假温州人假杭州人。\n\n洪先生有君子之风，从不为难人，作业也不过多提现竞争性，这课适合性子慢的人上，各个英语水平的人都能享受。一头不输犀利哥的艺术发型，以及日常迟到算是美中不足了。
121583,23,洪钢,2019-12-12 10:22:22,0,1,1,虽然我绩点不高，是因为自己菜，洪老师的课上得真的很好，洪老师人也非常儒雅随和，一口英音超级好听，无敌后悔自己不好好学
125105,23,洪钢,2020-08-31 14:18:00,-2,1,3,不太好的习惯是迟到和拖堂，需要学生提醒一下才想起来该下课了。上课很有趣，要主动参与（小说课），多发言，会讲很多知识什么美国的殖民文化啊，汽车之类的，是我心目中理想的大学英语课。但是给分没想象中那么好吧，4.2路过
126815,23,洪钢,2020-10-21 07:57:10,4,4,0,很喜欢
128345,23,洪钢,2020-12-25 08:21:46,5,5,0,经过了冬学期5周时间，终于出分了。\n\n整体课堂氛围很好，是我感觉最轻松的英语课了，老师会随机点名让学生朗读小说文本以及翻译，对于文段词句的理解等等。英语要求不高，说错了也没有关系的！唯一感觉不足的是课堂的节奏偏慢，加上老师一般都会迟到十几分钟，每节课的内容有限，所以如果很想在英语方面学更多内容的同学，也要记得报别的外语课喔。期末考试考察的内容都在课里，期末前的作业要好好整理，只要认真并且完备复习就能有高分啦（当然也有正态）\n\n谢谢洪钢先生，相当难忘的英语课
128422,23,洪钢,2020-12-23 00:57:54,2,2,0,君子之风（老师快点出分a～）
128501,23,洪钢,2020-12-23 11:37:57,9,9,0,稍写得长一点吧，我属于乖乖型学生，上课坐在前面，会和老师眼神交流，会不自觉地插一些话（顺着老师说，而不是生硬地打断），英语功底不错，喜欢看完形填空里的一些鸡汤文\n老师上课一般会迟到15分钟左右，上课的时候同学开玩笑的问过几次，但是他也没有说原因。东六教学楼没有铃声，所以下课有的时候需要学生提醒一下，我所在的班大家还是挺理解老师的，如果下面没有课，会再听老师讲20-30分钟，如果下面有课，老师也会让大家走\n开课的前三周是相互认识的环节，英文介绍，班里会有支支吾吾的人，也会有口语流利的dalao，不过没有必要胆怯，想到什么就说什么，老师也会引导你，难以表达的可以直接用中文，老师会认真记住你的名字、你的家乡、专业……\n正课上会带着大家研读悬疑小说，分析里面的词、写法，通过文本想象故事的画面。一个人一段，先用英文读一遍，然后翻译，完全可以用中文回答，老师上课基本也用中文，毕竟课程是“xxx评析”，不会有表达困难\n真的要说课堂收获，可能没有某些评论里说得这么好，肯定比不上一张满是干货的英文素材，但是阅读本来就是这样一个过程，你需要读许多东西，才会在某一天把很多的碎片织连在一起。不过老师的课堂绝对是让人享受的，忙碌的一周可以用这四个课时的时间好好学学英语，不用操心某次听写、某次quiz或是其他，你可以打消一切顾虑好好享受英语\n在老师课堂上水的大有人在，事实上多数人在干自己的事，怎么说呢……虽然没有明确的说平时分占多少，但是认真与否一眼便知，不过老师也不会说什么，真的开小差被叫到回答问题了，就直说“抱歉老师刚才走神了，能问下是哪句嘛？”也没关系（我自己就出现过这样一次）\n考试的话，就是课堂上讲的一些内容，解释词语，填写搭配什么的，还有一个限定字数的小作文110-130word\n还没出分，也不知道最后结果会是如何，总之洪老师给了我对大学英语课堂很好的初印象！
128833,23,洪钢,2020-12-26 00:16:10,5,5,0,很棒的老师，英语口语很地道，满足我心中对教授所有的期待
128865,23,洪钢,2020-12-26 07:22:56,3,3,0,来浙大最喜欢的英语老师，没有之一。
132986,23,洪钢,2021-02-06 00:59:35,12,12,0,洪钢爷爷真的太好了！居然能在英语课收获一个5.0——我英语并不好，大英四3.6，上一门英语课3.3，六级474——只要上课认真听，电脑做好笔记（为了期末大作业），考前认真复习就可以。这门课不像大英要赶进度，讲到哪算哪，老师性格也很慢，所以整个课堂都很慢，有时候一节课就读一段话。老师很可爱，要多和老师互动！老师平均每节课迟到六七分钟，所以东西区奔波的也可以选课。
133050,23,洪钢,2021-02-07 07:47:24,3,3,0,我爱先生！
133097,23,洪钢,2021-02-08 04:59:20,19,19,0,他给了我96分，可惜我只能给他十分
133953,23,洪钢,2021-03-10 12:27:44,-3,0,3,缺点是严重拖堂....半个多小时......
135781,23,洪钢,2021-05-25 12:31:24,3,4,1,老师快点出成绩吧！呜呜呜
137317,23,洪钢,2021-07-03 06:27:11,1,1,0,文质彬彬
139858,23,洪钢,2021-08-03 13:00:27,3,3,0,文质彬彬
143905,23,洪钢,2021-12-11 16:05:47,4,5,1,出成绩有点慢，不过不影响我给10分
144365,23,洪钢,2021-12-21 07:55:35,7,7,0,外语学分强烈推荐课程！！洪老师好帅啊
150550,23,洪钢,2022-01-30 04:29:24,16,16,0,没想到年前就出分了（以洪刚老师的速度应该算很快了hhh）来给老师打一个漂漂亮亮的十分。因为疫情原因老师上课一直戴着口罩（莫名很想看他摘下口罩的样子），但口罩也遮不住老师的仙风道骨。老师的眼睛很漂亮，口音很纯正，散乱的刘海也很戳人，最重要的是性格真的非常非常温和，鼓励我们上课互动，用中文或者答错了都没有关系www不会让你有上外语课的那种紧张。\n\n虽说老师可能有很多小缺点，比如上课会迟到，偶尔会拖堂（这个已经改好很多了！），讲课节奏偏慢等等，但他的风骨就是能让人轻易地去原谅这些瑕疵。\n\n说了这么多，一言以蔽之，私以为上先生的课是一种享受。祝先生身体安康，新春愉快。
150596,23,洪钢,2022-02-02 04:56:52,0,1,1,老师太棒了！！！！\n\n上课听讲没有作业老师两个词不会写最后93
152538,23,洪钢,2022-04-14 07:35:42,-46,3,49,老师其实很讲的蛮好的，但是真心不是很推荐英语基础比较好的同学选(想学小说建议郭国良老师的英语短篇小说欣赏，虽然是通识课但是一点也不水真的能学到很多东西），总之感觉课上学到的东西挺少挺杂的，老师说的最多的就是“大家查一下”（？？？），节奏很慢，像在聊天，但是很轻松老师会鼓励你说。\n\n不给满的最最重要原因，某同学能不能球球你别秀了，就是说表现欲这么强的话能不能考虑一下其他同学的感受，不是说上课就你一个人搭腔....
152552,23,洪钢,2022-04-14 11:41:46,43,43,0,我觉得老师真的非常特别并且温和耐心，会经常拿同学们举例造一些好玩的句子。我看到上一位同学不太满意老师说得最多的是“你们查查”，其实我觉得学会了在各种词典、网站上查找自己所需要的信息反而是我这门课学到的最有用的东西，比直接告诉我一大堆具体知识实用多了。希望老师身体健康，一切顺利！
154011,23,洪钢,2022-05-19 04:37:22,8,8,0,学到的知识不会过后就忘，在生活中有时的微小时刻能勾起上课讲解的知识点的回忆
154492,23,洪钢,2022-06-02 02:00:18,1,1,0,好家伙
154765,23,洪钢,2022-06-04 20:37:50,0,0,0,发现出成绩啦，没查的uu可以去康康
155581,23,洪钢,2022-06-14 12:20:57,5,5,0,老师讲的不错，文章讲的慢聊的多，上课氛围比较轻松。上课主要是翻译，查词，英语水平不用多高，回答可以用中文。上课想多互动的尽量买个大词典（网络纸质都可以），不想互动的做好笔记。课程中间没有作业，期末作业一项是提纲，整理笔记，一项是写概括。老师上课下课一般会晚几分钟（不过有事的能提前走）。期末考试考上课内容，填词翻译，作文（没有题目限制但要用到上课的搭配）。现在还没有出分但是总的来说这门课还是挺推荐的。
155589,23,洪钢,2022-06-14 13:49:10,3,3,0,老师人很好，又幽默又绅士。
159180,23,洪钢,2022-07-07 10:24:57,0,0,0,出分了，好慢
161260,23,洪钢,2022-11-02 11:34:55,5,5,0,老师真的是太优雅了，上课循循善诱慢条斯理娓娓道来，这真就是我心目中大学课堂。尽管迟到和拖堂我也一点都没任何不满（可能因为我后面不用赶课），当然这个确实不是好习惯，老师尽量在改了，这学期大概每次就晚三四分钟。
161959,23,洪钢,2022-11-23 01:10:21,8,8,0,这是洪钢老师最后一次上课了\n\n“你们是我最好的学生，也是最后的学生”\n\n呜呜呜泪目了
168397,23,洪钢,2023-02-15 11:26:58,0,2,2,前几天刚在食堂看见老师了，老师虽然没教课了，但应该还没退休
171031,23,洪钢,2023-03-14 14:56:12,12,12,0,与洪老师相识一年有余，先生带给我的远远不止知识，还有儒雅、谦和、自由的精神。之前给老师发了新年祝福，老师回得虽晚，字数却比原信更多，能感受到老师对我、对他带过的所有学生的关爱。人生能有这样一位忘年交，幸甚至哉！
1139,55,汪运起,2015-03-21 16:16:25,7,18,11,没作业！
4746,55,汪运起,2015-06-27 07:50:00,31,41,10,老师很帅，没有作业，从不点名\n\n
7282,55,汪运起,2015-09-13 00:22:58,19,21,2,超好的老师！很幽默很能瞎bb
7376,55,汪运起,2015-09-14 04:45:28,6,9,3,超喜欢他啊
8364,55,汪运起,2015-09-19 11:54:30,17,19,2,很喜欢他的课
13888,55,汪运起,2016-01-01 16:37:24,9,11,2,超级赞
13902,55,汪运起,2016-01-02 06:44:28,-17,4,21,反正不喜欢
21093,55,汪运起,2016-02-17 01:30:32,6,7,1,爽爽爽
21366,55,汪运起,2016-02-28 09:13:24,5,6,1,挺好的。
34934,55,汪运起,2016-10-26 17:04:46,4,6,2,老师上课超级棒！为人处事也超棒！能记住每个学生的名字特别难得！
38778,55,汪运起,2016-12-19 01:59:28,28,31,3,能记住几乎所有同学的名字，然后很能鼓励人
38894,55,汪运起,2016-12-19 16:25:10,5,7,2,老师很幽默，也很和蔼，上课的氛围比较好，至于英语，看个人吧
39020,55,汪运起,2016-12-20 14:28:37,2,2,0,很有氛围
39194,55,汪运起,2016-12-21 14:08:50,2,3,1,喜欢他！！！！还要选他的课！！
40223,55,汪运起,2016-12-30 08:10:38,19,21,2,老师很和蔼 口语也很棒\n\n
43422,55,汪运起,2017-01-16 08:48:36,-9,4,13,不喜欢。。
43512,55,汪运起,2017-01-16 11:50:31,4,7,3,没作业不错……但成绩好低
45731,55,汪运起,2017-01-20 03:50:43,0,2,2,老师挺好的，有耐心，很和蔼。就是。。语调有点平
46978,55,汪运起,2017-01-23 07:03:17,1,2,1,老师超好，事情少，上课事也少\n\n
47504,55,汪运起,2017-01-28 09:46:52,1,2,1,人超好，很和蔼
52691,55,汪运起,2017-06-22 07:22:17,6,8,2,老师很温柔很棒，会记住班级里每个人的名字，不会听写，要背单词什么的要靠自觉吧
54353,55,汪运起,2017-06-29 07:10:23,-17,6,23,比我大英三老师差太多了，每个单元基本上没从他那儿学到东西，全靠自学。虽然老师很绅士，但是真的不适合我。上课课堂氛围一片死寂。给分也不怎么样，可能是和大英三给分差太多了吧。考前一直给你打预防针说成绩不重要什么唉
54489,55,汪运起,2017-06-29 11:33:10,6,8,2,老师温柔绅士，任务少，上课有小组讨论的活动不错。大英这东西成绩就靠自己的水平了。虽然差点挂，但还是推荐这个老师。
63415,55,汪运起,2017-12-03 11:25:52,2,5,3,作业很少(基本没有)\n\n如果你自觉，建议选他的课，会很轻松\n\n没默写，最多两次小测\n\n英语这东西，本身就是要每天积累，别指望几节课就能学好
65357,55,汪运起,2018-01-03 09:02:20,5,6,1,老师人超好
66528,55,汪运起,2018-01-17 07:23:26,6,9,3,特别特别细心温柔的老师 可惜下学期不开大英四了
67701,55,汪运起,2018-01-22 05:31:53,29,32,3,贼贼贼喜欢！特别有魅力的男老师，绅士有风度，人特别好，贼好说话。基本没英语作业，也不听写，就两次小测。事情特别少，学英语的话还是得自觉。老师懂得特别多，很有涵养。可以说是超级崇拜了。
67732,55,汪运起,2018-01-22 06:07:57,20,24,4,老师人超nice，给分很好，而且三观超正啊！Anything boys can do girls can do better！
67748,55,汪运起,2018-01-22 06:29:28,7,9,2,老师很好很绅士很温柔 非常负责 能记住每个人的名字 没有听写 不抽背 一个学期两次quiz两篇150词作文两篇review加最后的期末考 不过…背单词挺靠自觉的…我…呃…有点对不起老师…
67807,55,汪运起,2018-01-22 07:39:40,3,7,4,老师超级好，暖男啊，简直像个班主任，还跟我们讲不要太在乎成绩哈哈。食堂偶遇过好几次，有个很可爱的女儿
67847,55,汪运起,2018-01-22 08:14:39,2,3,1,老师真的超好超好啊啊啊啊啊啊啊不打十分你们心里过得去吗！真的好绅士好幽默好厉害_(:з」∠)_好幸运选上老师的课（虽然自己渣）但是老师是好老师！
67851,55,汪运起,2018-01-22 08:18:37,5,6,1,好老师，口语很棒，值得一选
68003,55,汪运起,2018-01-22 13:06:22,4,6,2,自由，作业基本没有，不听写单词，学习的话还是靠自觉，给分就是按标准来，怪自己，老师口语不错，还经常喜欢开玩笑，课堂气氛挺有意思的
68230,55,汪运起,2018-01-23 01:17:54,0,3,3,老师人超好，给分也不错！！！他会努力记得每一个人的名字，点赞点赞！\n\n平时上课感觉不怎么讲文章中具体的语法内容，大多是宏观的把握文章结构....
71060,55,汪运起,2018-01-28 02:14:47,76,82,6,说老师是绅士真的一点都不过分，幽默，热心，上课总爱跟我们开一些和男女朋友有关的玩笑，而且作业少。阅历也广，知识面广，我们年轻人感兴趣的他也都了解。老师说过一句话:“我上课讲的并不是学校要考的。”老师会给我们拓展很多东西，而不是只针对考试来讲。“考试只是督促你去看看课文，背背单词的方式”。最后一节课老师还会跟我们讲一些道理，“成绩固然很重要，但将来公司用人不会只看你的成绩”。真是个良师。但这样的课可能不适合那些没有主动学习意识的人，毕竟老师很少去检查你有没有背单词。
74445,55,汪运起,2018-02-24 09:36:00,12,12,0,学习靠自觉吧，毕竟真的没什么作业。人真的很绅士，不重视成绩，更多的拓展一些课外的(老师真的懂得超多，而且有种人肉地图的feel)。最后一节课说了很多人生道理啊，还推荐寒假的度过方式(虽然我没做到)。可惜下个学期不开大英了QAQ
74876,55,汪运起,2018-03-06 07:52:35,2,2,0,老师人真的好，发邮件也能很耐心的回复，真的好，不知道怎么形容了，真的好
78865,55,汪运起,2018-05-16 02:38:52,9,9,0,小半年没见面了又见到老师还能温和的笑着主动朝你挥手，除了谦谦君子找不到更好的形容词了。暖暖的心情一下就晴朗起来
80999,55,汪运起,2018-07-03 08:53:55,2,2,0,老师人很好，语言学的课也讲得很用心，给分也不错～
81108,55,汪运起,2018-07-04 02:55:27,3,3,0,老师人很好，语言学感觉偏好实证分析这方面，不过语言学的课有点无聊
86490,55,汪运起,2018-09-17 01:22:02,5,5,0,超级超级有趣！
86491,55,汪运起,2018-09-17 01:22:02,4,4,0,超级超级有趣！
93094,55,汪运起,2019-01-07 09:26:07,19,19,0,超nice!是一位会被自己的梗逗地呵呵笑的老师，超级可爱(๑• . •๑)
93524,55,汪运起,2019-01-10 07:34:04,1,1,0,老师真的好绅士好温柔呀，嘻嘻。
93703,55,汪运起,2019-01-12 05:03:55,2,2,0,人非常非常好！
93800,55,汪运起,2019-01-14 00:23:04,2,2,0,棒棒哒
93878,55,汪运起,2019-01-14 06:48:43,26,26,0,自由、事少、老师人好 不看重成绩也不推荐我们花太多时间去追求绩点 教我们更多的是成年人的思维 很好的老师了～ 推荐！
93940,55,汪运起,2019-01-14 11:23:01,2,2,0,真正的绅士
94256,55,汪运起,2019-01-16 04:54:34,4,4,0,老师很认真，会把每个人都记住，口音很好，课还行，但是即使不认真听课他也不生气，不上课玩手机被发现的同学也没有怎么样。超级绅士!虽然没有好好听课但还是很喜欢他的，想选他的词汇学了
95462,55,汪运起,2019-01-19 12:26:55,2,2,0,上过他的大英三\n\n好老师
96420,55,汪运起,2019-01-21 02:56:56,1,2,1,好！！！
96441,55,汪运起,2019-01-21 03:44:51,1,2,1,老师非常温和！！！给分也好！！！可惜不开大英四了呜呜呜
96540,55,汪运起,2019-01-21 05:51:29,1,1,0,老师很有风度 也很温柔～给分也不错
96562,55,汪运起,2019-01-21 06:32:11,1,1,0,好老师!!!\n\n人好事少，教知识也教课本以外的东西。\n\n给分也很棒!
97475,55,汪运起,2019-01-22 09:15:16,3,3,0,上老师的课很舒服，讲课很有趣，会记住学生的名字，坐在第一排经常被老师抽到，是个很有趣的上课经历。
100560,55,汪运起,2019-01-26 09:50:33,4,4,0,真的是一位绅士，老师的鞠躬回礼真的让我开心了一天。从期末成绩就可以看出他真的很想给我们高分，老师很努力的把我卡在那个绩点的最低分? ? 一个本来以为自己要挂的人最后居然有3.6，而且是刚刚卡上3.6的，我很满足，谢谢老师? ?
102958,55,汪运起,2019-02-25 06:14:04,2,2,0,汪老师人真的超好！我本来作文迟交了，还特地问到我的电话来催我补交，虽然我英语很差，但是还是感谢汪老师
110782,55,汪运起,2019-06-28 08:21:49,1,1,0,温柔敦厚
118648,55,汪运起,2019-10-30 04:03:54,6,6,0,老师超级温柔超级可爱超级善解人意 你要请假肯定会同意而且不用请假条 不听写单词 不检查作业 自己说着说着就会笑出来
124187,55,汪运起,2020-06-26 16:40:06,1,1,0,绅士，英语讲得慢但不卡壳，不会有额嗯之类的（指宋云舟）
124582,55,汪运起,2020-07-03 08:07:51,4,4,0,汪老师人真的非常好！但是语言学真的一点都不水！在这方面花了不少心思！最后给了我满意的成绩，非常开心！谢谢汪老师！
124584,55,汪运起,2020-07-03 08:25:43,3,3,0,一学期上的都是网课。老师非常非常认真负责，不水，很好的老师，很好的课。当代语言学，谢谢老师，得到了满意的成绩。
125788,55,汪运起,2020-09-14 08:44:48,1,1,0,真的好
126740,55,汪运起,2020-10-17 09:33:40,5,5,0,温文尔雅来形容汪老师恰到好处。\n\n
127240,55,汪运起,2020-11-16 13:34:34,2,2,0,汪老师特别棒！虽然没有听写，作业挺少，学英语主要是靠自己督促自己，但听汪老师上课是一种享受！
129704,55,汪运起,2021-01-11 06:06:42,1,1,0,老师好温柔～
129844,55,汪运起,2021-01-13 03:11:13,1,1,0,特别温柔，对同学很友好。老师就像个朋友一样，会指导大学生活。
131201,55,汪运起,2021-01-26 13:24:08,1,1,0,老师人真的很好，特别细心
131533,55,汪运起,2021-01-28 02:31:53,2,2,0,十分绅士的一个老师，脾气超级好，上课回答问题哪怕答不出来他也会很和善的说Thank you然后让你坐下
131676,55,汪运起,2021-01-28 11:16:14,4,4,0,好的，作业几乎没有，从不听写，但就是太好了，于是我就水了一个学期，期末就gg了，但是这事得怪我自己。推荐自主学习能力强的同学上
131857,55,汪运起,2021-01-29 06:51:20,2,2,0,老师真的很好，学习英语主要靠自己
132252,55,汪运起,2021-01-31 09:25:15,53,53,0,“请大家铭记，各位都是最优秀的人才，真正的优秀是不能用考试成绩来定义的。”中国就缺这种老师！
143639,55,汪运起,2022-01-07 08:32:34,19,19,0,汪老师绅士有趣，我超爱！老师的大英三讲课讲究的是我们真正学到了什么，脱离应试教育。汪老师是一位思想开放、先进的老师，老师教会我们学习英语的真正方法：多听，多说，多读，多写，但绝对不是刷题！老师会考虑我们学生的未来、前途，我深刻记得他说过：学英语不是为了绩点高，而是我们以后找工作、去遇到更多机会的敲门砖。老师讲究我们自觉学习英语，方法都教给我们了，剩下的都要靠我们自觉！我给汪老师打10分，是因为满分只有10分！！！！！
144066,55,汪运起,2021-12-17 07:37:49,2,2,0,老师真的超级好，没有压力呜呜呜
144318,55,汪运起,2021-12-21 05:49:16,1,1,0,呜呜呜，没有老师的大英四，好难受啊
144948,55,汪运起,2022-01-09 15:17:52,1,1,0,老师真的太棒了～
145059,55,汪运起,2021-12-27 07:16:49,1,1,0,老师口音很好听
145089,55,汪运起,2021-12-27 10:35:45,1,1,0,超级好的老师！不开大英四了qwq\n\n老师上课很随和，作业少（背单词需要自觉，不然小测成绩会很可怕）。会记住每个同学的名字，非常温柔的老师。强推！
145305,55,汪运起,2021-12-29 03:39:11,1,1,0,谦谦君子，温文尔雅
146696,55,汪运起,2022-01-07 08:22:18,7,7,0,老师真的非常非常非常之温柔和善，符合所有我对大学英语老师的想象qaq，可是对我这种学习自觉性不高的来说绩点不高确实是我自作孽了...不过老师是真的很好，带我们从课文内容聊到其他更深刻的层面，会让你提高你的人生境界，也让你对一些事有更深的体悟，会激发你深入思考和学习一些东西（他让我们背单词不要用中文理解，不然就会局限这个单词的意思hhh我觉得很有意思），并且他也的确宽慰我们说绩点不是一切，我也很赞同qwq，总之好老师，速冲！
146709,55,汪运起,2022-01-07 08:50:01,4,5,1,该如何形容汪老师呢？他讲课基于课本知识，却也让我们了解了希腊神话、Bill Bryson和三千万词汇鸿沟；他叮嘱我们课后要听视听说音频，可又反反复复告诉我们“成绩是给外行人看的”“学习英语绝不是为了考试”；他尊重我们、关心我们、记得我们的名字，是我曾遇见的最有绅士风度的老师。尽管他的课后作业少之又少，也没有繁复琐碎的单词听写练习，可他却让我有了每天坚持听BBC的意念，让我在结课后也愿意把学习英语作为生活的一部分。遗憾的是汪老师不教大英四了，如果你选上了汪老师的课，请珍惜再珍惜！
146734,55,汪运起,2022-01-07 09:50:57,2,2,0,他温我哭 今天成绩出了80分 3.6 （其实挺满意了要求不高）
155547,55,汪运起,2022-06-14 07:58:39,11,11,0,10分远不足以表达我对老师敬意！！！！！！！！\n\n【当代语言学】老师为人儒雅随和、学术水平极高、讲解耐心细致就不必说了。最让我感动的是老师真的会很认真地听我们展示自己的课程project，不管是选题、数据处理还是最后的论文写作都给出了很有启发性的建议，大三的我第一次有了在做研究的感觉😭😭😭可以毫不夸张地说比20个学分的课收获都多！\n\n最后的论文是面交，老师邀请我坐下来一同讨论论文，最后还会询问关于课程的详细建议，一条条用本子记下来😭😭😭\n\n很感动浙大有这么好的老师，也很幸运自己选修了这门课！\n\n\n\n（不过事情相对来说还是挺多的，对语言学有兴趣的友友可冲，如果追求事情少一点轻松一些就要慎重啦～）
155558,55,汪运起,2022-06-14 09:40:58,6,6,0,【当代语言学】课上理论比较简单，测试大家分数也比较高。但是老师对期末Project这个东西看得还是比较重的，并且十分侧重量化的研究方法，如果只是做一个文献综述或者定性分析的话再我看来得分不会很理想。所以这门课在我看来更适合对统计工具比较熟悉的辅修同学来上；全英论文也对英语有一定的要求。老师个人魅力是没话说的！
155571,55,汪运起,2022-06-14 11:03:07,4,4,0,能满足你对一位优秀的大学老师所有的期待！只管来吧！
156417,55,汪运起,2022-06-22 18:27:09,6,6,0,还没出分，先来给老师评。老师很负责，备课也很充分，有两次小测，只要好好准备了问题不大，还有老师是我大学第一个遇过钉钉叫学生不带姓的哈哈（姓xx会直接叫你xx)，我觉得很有亲和力很好啊，还有老师论文要求是比较高的。
157208,55,汪运起,2022-06-22 09:53:58,4,4,0,【当代语言学】汪老师上课很有水平，而且真的非常儒雅，特别亲切；语言学班级里好像有很多英专的同学，对于辅修同学来说课程其实有些难度，但是如果认真听内容其实很有意思，而且没有特别难懂；大作业是让每个同学做一个project，其实这个部分的内容并不需要特别华丽的技术或者很复杂的题目，老师比较关心的是这个project是不是有一个明确的问题以及是不是进行了定量分析；另外，做project虽然花时间，但是做出结果还是非常有成就感的，对语言学感兴趣的同学可以试一试，和老师进行交流的时候真的能学到很多，收获颇丰；认真学了一学期，两次小测前认真复习，最后给分也很不错
158454,55,汪运起,2022-06-29 11:10:30,20,20,0,秋冬上的大英III，隔了一个学期回过头来评论。\n\n汪老师的大英课其实挺看自觉性的，这和老师的教学主张应该是一样的。\n\n汪老师让我印象最深的一句话是“挂科也是大学生活的一种难得的经历”足以看出老师的包容，这或许就是大学老师的风度。\n\n当然这不能成为摆烂的理由...\n\n老师的意思是，你现在成绩有所下滑，说不定是因为在忙着做其他事。\n\n大学与以往生活的最大不同就是你有了选择，只要你认为自己忙着做的其他事是有意义的，那么你就不必为当下的成绩的不足而感到难过。\n\n想拿高分的话，需要课后熟读课本，背背单词，听听配套的听力。\n\n我可能只坚持了背单词，在第一次小测崩掉之后努力看课文，最后4.5飘过。相信坚持以上几条的你一定能收获满意的分数。\n\n然后的话，如果想在这门课上有更多收获，还是要抓住展现自我的机会，上课认真听讲，积极参加讨论，认真做好pre（脱稿对自己的提升更大）\n\n隔了这么就还回头来评论主要是为了...\n\n表白成功，英III课上坐我对面的女生已经成了我女朋友啦~一开始关注到她是因为她做pre的时候实在太有风度太美www
160049,55,汪运起,2022-09-12 10:17:12,2,2,0,给我开口大胆讲英语的勇气！他尊重每一个同学~
161472,55,汪运起,2022-11-07 10:52:31,1,1,0,汪老师真乃神人也！
163611,55,汪运起,2022-12-15 15:30:58,1,1,0,老师人很好，很尊重人，很温柔，风度翩翩的男神。但是我不太喜欢他的上课方式，吸收率比较低，然后会点人回答问😂他也承认自己的课程基本和考试内容无关。我一般当做英语自习来上。
163844,55,汪运起,2022-12-16 08:24:22,1,1,0,很温柔很绅士的一个老师啊。
163883,55,汪运起,2022-12-16 11:04:13,2,2,0,汪运起老师真的超有魅力的，上课超级和善，英语口音也很好听。一直鼓励我们当volunteer回答问题，真的完美符合我对绅士的定义。
164039,55,汪运起,2022-12-17 11:39:24,8,8,0,上汪老师的大英三，对于我来说真的是在最无能为力的科目遇到最不想辜负的老师。从出国实用的角度建议同学们练好听力。对成绩看的不是很重，管的不是很严，可能就是因为这样所以绩点会低一点。我在看到他的均绩较低时非常惊讶，因为上老师的课时感觉很不错。补一句，老师说：“成绩不能掩盖你们的优秀”。
164404,55,汪运起,2022-12-21 01:36:54,13,13,0,大英三结课了呜呜，舍不得汪运起老师，老师真的很温柔儒雅，真的真的真的很好T_T
164502,55,汪运起,2022-12-21 09:34:27,4,4,0,老师真的很绅士，是我自己英语太差了TAT
164532,55,汪运起,2022-12-21 13:00:48,1,1,0,秋冬上的汪老师的大英三，超级儒雅超级温柔啊啊啊啊男神！\n\n老师不看重成绩的，也希望我们不要那么功利把成绩当作唯一的衡量标准和学习英语的目的。\n\n如果课上多多发言会被老师记得很清楚嘿嘿嘿\n\n真的真的很喜欢老师！表白！
168685,55,汪运起,2023-02-21 03:49:54,1,2,1,无敌超级好的绅士老师！
169055,55,汪运起,2023-02-24 06:48:34,9,9,0,汪老师是真正的学者，不强制点名，课上内容很生动，很懂年轻人的想法，和同学有很多的互动，爱死汪老师了
169057,55,汪运起,2023-02-24 07:09:39,5,5,0,超级儒雅！超级随和！超级亲切！
170507,55,汪运起,2023-03-06 03:40:21,0,0,0,很好的老师。
176976,55,汪运起,2023-07-01 02:35:36,4,4,0,汪老师真的很对得起“为人师表”这个词，儒雅随和的绅士。当代语言学上课有点太平淡了，但是能学到一些知识，小测好好考，最重要的是期末论文汪老师单独辅导超级用心，手把手教，真的能学到一点语言学的研究方法
177294,55,汪运起,2023-07-02 15:39:52,4,4,0,当代语言学，非常好的课程体验，老师儒雅随和，非常关心学生，期末project时会一遍遍手把手指导，特别幸运得到汪老师的指导。虽然和其他课程相比，在语言学课程上花费了很多时间和精力，但是觉得很值得，真的学到了一些关于统计和研究方法的知识。有两次小测认真复习分数不会差，期末project多和老师交流、修改提升，给分很好的
178076,55,汪运起,2023-07-07 19:27:04,0,0,0,老师很好
184647,55,汪运起,2023-12-22 05:14:20,0,0,0,十分好老师
186264,55,汪运起,2024-01-10 07:58:27,1,1,0,讲课很认真给分很好的老师，没出分数的客观评价，完全不盯你背单词所以一定要自觉
187180,55,汪运起,2024-01-15 03:38:38,2,2,0,汪老师人很好很有趣很温和，你们的优秀不可以也不应该被成绩定义😭😭虽然英语不好而且贼摆但是还是及格了，感谢老师捞捞😘
187754,55,汪运起,2024-01-17 10:00:33,0,0,0,老师上课真的特别特别好！！！
190266,55,汪运起,2024-02-27 00:28:06,3,3,0,超级好的老师，温文尔雅，超绅士
193566,55,汪运起,2024-06-13 05:34:18,2,2,0,进入大学以来遇到的最好的老师。男神我要永远追随你
193669,55,汪运起,2024-06-15 03:05:43,2,2,0,特别绅士特别认真的老师！
195394,55,汪运起,2024-06-28 02:56:11,0,0,0,非常好的老师，非常好的课
195856,55,汪运起,2024-06-30 10:30:28,1,1,0,神一样的
204212,55,汪运起,2024-11-25 03:32:19,7,7,0,College is a place where dreams are nurtured，passions are persued and futures are shaped🥰
204553,55,汪运起,2024-11-26 15:31:34,5,5,0,老汪怎么还没10分啊，无论是讲课水平、给分还是个人魅力都是无可挑剔的存在，选上他的课（尤其是当代语言学）就偷着乐吧
206549,55,汪运起,2025-01-02 11:03:07,3,3,0,男神・㉨・答题卡忘写名字被他发现了
206965,55,汪运起,2024-12-19 01:45:18,1,1,0,绅士！
208122,55,汪运起,2024-12-26 00:00:35,1,1,0,老师我爱你！如果有一天我爱上英语爱上了写作那一定是因为您！！！
209600,55,汪运起,2025-01-06 10:36:38,1,1,0,很gentle的老师！
209706,55,汪运起,2025-01-06 17:32:01,0,1,1,4.5，没有听写没有硬性作业，自由而有趣的英语课
209902,55,汪运起,2025-01-07 11:06:41,2,2,0,wyq老师真的太好了，真的有一种英伦绅士的气质，大英三出分也很好
210382,55,汪运起,2025-01-09 04:32:55,2,2,0,HANDSOME AND ELEGANT！
210386,55,汪运起,2025-01-09 04:46:42,1,1,0,88卡了 但是大英没有卡绩这一说 老师非常好
214473,55,汪运起,2025-02-07 02:31:15,1,1,0,非常好老师
214703,55,汪运起,2025-02-17 02:12:41,3,3,0,上学期2025秋冬上的大英三，只能说汪老师实在是一个完美的绅士。上课从不点名（按名单顺序点人回答问题，没来也就算了，回答不了也帮圆个场让坐下），pre主题完全自由，不分小组不听写，事极少，因此也考察自觉性。但大英本来就是需要自学的课，至少一半得自己看吧。总之学上汪老师的课，包度过一个愉快的半年啊。
3896,60,隋红升,2015-06-17 07:44:28,5,12,7,又水又坑
5613,60,隋红升,2015-07-08 16:22:07,6,18,12,他的发音很可怕很恐怖，还不如工科老师。他的课真的没有一点上的意义。水，给分还坑。
5677,60,隋红升,2015-07-09 06:23:50,31,46,15,隋老师人很好，从不发脾气，面相也和善。课堂很水，干货略不足。给分适中吧。适合主课压力较大，不想花太多时间在英语辅修上的同学选
6646,60,隋红升,2015-07-17 03:06:29,7,13,6,我觉得还行吖，他发音是有点弱，干货还是有的吧
21138,60,隋红升,2016-02-21 00:22:39,7,10,3,听不懂他的口音，上课很水，但没什么收获
22859,60,隋红升,2016-03-13 15:24:01,0,6,6,之前上他的综英感觉没啥干货，但是强烈推荐英语文著精读！毕竟是他的研究方向，干货满满，给分很好！
26295,60,隋红升,2016-06-16 15:44:20,16,23,7,很好的老师，业界良心。上课和课外屁事没其他老师那么多，有人说他水，可能是风格不适合吧，可能真的有人喜欢那种上课纯粹划单词讲语法的。隋老师真的是在带着你一点一点的品读英文。
31462,60,隋红升,2016-07-04 02:45:23,1,1,0,科科科
37077,60,隋红升,2016-11-17 09:02:44,3,5,2,和蔼可亲的老师。真正敬业。
44269,60,隋红升,2017-01-17 13:47:18,1,2,1,人好，事情少，给分好。
44383,60,隋红升,2017-01-17 16:53:06,1,2,1,隋老师人和蔼，事情少。综英要背单词要复习还是要花不少时间的。名著精读给分挺好的，推荐，想认真品读名著能学到不少干货，只想完成辅修学分完成任务最后都不错。
44450,60,隋红升,2017-03-02 02:37:41,5,8,3,连续上了三个学期隋老师的课。和综英比，隋老师明显更适合讲文学。文学上的一些观点还是很有耳目一新的感觉
45522,60,隋红升,2017-01-19 16:13:00,1,3,2,文学名著努力学还是可以的，有一些干货，考前认真背，论文好好写，给分很实在
48300,60,隋红升,2017-03-02 03:30:56,1,2,1,人生导师
51683,60,隋红升,2017-06-08 09:24:00,0,2,2,学识好，气质满分
53751,60,隋红升,2017-06-27 13:10:50,0,1,1,赞！老师人很好！
54788,60,隋红升,2017-06-30 08:29:01,1,3,2,给分太随意了吧…
59697,60,隋红升,2017-09-26 03:26:22,1,3,2,发音怪怪的
60854,60,隋红升,2017-10-31 10:36:35,-4,4,8,烦死他了
63317,60,隋红升,2017-11-30 11:07:55,0,4,4,老师人很好，很温柔和善，看评论他的名著精读看起来还不错，但是是真的不会上综英………我这么多年碰到过的最差的英语课，没有之一……
63770,60,隋红升,2017-12-14 11:28:16,4,5,1,擅长文学批评。每节课点名。提醒各位。能讲。口音较重。
69179,60,隋红升,2018-01-24 09:36:14,1,4,3,精读课：一篇论文+一次小测 \n\n小测有时间最好好好准备一下 把那些比较短的点好好背背；论文对于不是本专业的同学来说有些难写，中文要5k 英文要3k\n\n课堂上想听的话，可以跟着隋老师走，有一定收获，但知识密度不是很高；想水的话，也可以很随意\n\n最后给分还是ok的，和付出的努力基本一致。\n\n给隋老师点赞～
70886,60,隋红升,2018-01-27 17:06:47,7,9,2,必点名，上的是综英，好好读课本，给分挺好的，老师发音比较迷，但是能感受到老师对文学的热忱喜欢，英文学习这种本来就是靠个人努力的事情，可水可不水，但是上课可以稍微尊重一下老师别一直滑手机，很辛酸了
71362,60,隋红升,2018-01-28 10:54:30,1,2,1,水，挺好的，上课很轻松，考试总体很简单，非常优秀的一门课
75868,60,隋红升,2018-03-20 09:20:10,4,9,5,如果你是一个不喜欢听课、喜欢自学的人，那老师的课再适合你不过；如果你是追求上课质量的人，那老师的课宛如噩梦。给分还行
80294,60,隋红升,2018-06-24 13:02:20,-13,11,24,垃圾老师，对文学批评没什么自己的观点，节节课同学展示，基本没有自己对知识的讲解，净扯一些什么学人文学科怎么重要这些虚的，没一点干货。节节课前点名，借着点名都能说些废话出来，什么早起很重要balabala，最后有个小测会给范围，但这范围里有些题目的表述和书上内容有歧义，明显看出来是老师没有仔细看书，这种垃圾老师怎么还有8分多？不是外院的学生，很好奇外语学院老师水平都这么垃圾吗？
81968,60,隋红升,2018-07-06 16:09:19,0,4,4,老师给分太好了  上课也很轻松 期末好好背就行
82074,60,隋红升,2018-07-07 04:32:14,5,8,3,真的挺糟糕的，上课根本听不懂在讲什么！讲课没逻辑，上了一学期课什么也学不到！作为老师缺乏最起码的专业性，强烈建议不要选！
82343,60,隋红升,2018-07-08 02:53:25,0,2,2,老师气质很不错hhh
82715,60,隋红升,2018-07-09 04:11:58,4,6,2,节节课点名，听了一学期传媒，全都是让学生展示撑过去的，老师基本没怎么讲。感觉老师没备课一样的，坐下面听听记录一下有点太水了。平常任务有大展示写论文和考试，如果真的想学习传媒相关的知识的话千万别选，没营养给分还很随性，浪费时间。
82863,60,隋红升,2018-07-09 08:37:58,-1,1,2,魔鬼。
85589,60,隋红升,2018-07-20 02:36:32,4,5,1,西方文艺理论，这个课确实学不到什么，感觉像老师学生每周聚一下水水过去
91252,60,隋红升,2018-12-04 09:03:29,0,2,2,恶心-_-||，大家谨慎选课
94136,60,隋红升,2019-01-15 09:08:43,-4,0,4,点名 综英水的一批 浪费时间 无语
99370,60,隋红升,2019-01-24 15:37:33,4,4,0,很喜欢，很放松，就适合辅修那种纯粹只为兴趣，学习，避开乱七八糟的鹅颈，乱七八糟的杂事情。
102178,60,隋红升,2019-01-31 05:20:38,1,2,1,给分正常。综英上得极其按部就班，每节课会点很多同学回答问题。口音真的受不了，真，的，受，不，了。
108471,60,隋红升,2019-05-26 07:33:56,1,2,1,隋老师人品很好，甚至怀疑是英文系中人品最好的了……
110623,60,隋红升,2019-06-27 16:54:11,0,0,0,感谢隋老师让我低分飘过555，综英好难我太菜了，谢谢老师不挂之恩
132007,60,隋红升,2021-01-30 02:31:29,0,1,1,不错不错的老师，尊崇人文情怀。非常讨厌Trump哈哈哈哈
145449,60,隋红升,2021-12-29 16:00:24,1,1,0,课程任务也太多了......一门选修课小测这么多考查内容真的服。
163026,60,隋红升,2022-12-07 02:40:29,0,0,0,老师已经离开浙大啦..
214,73,梁君英,2015-03-14 16:55:13,70,85,15,虽然不点名，但老师记得你名字\n\n想加强听力跟口语能力的可以上上
641,73,梁君英,2015-03-15 09:43:30,34,45,11,很好的老师，讲课很吸引人
1303,73,梁君英,2015-03-21 18:18:47,65,74,9,好老师，是那种干练很有自己想法的女强人。让人不自觉变得积极。也很会感召人。
1437,73,梁君英,2015-03-22 03:44:40,46,55,9,十分享受～遇上就是一种幸运～
1532,73,梁君英,2015-03-22 11:11:13,42,50,8,一个有才任性的老师……
1737,73,梁君英,2015-03-24 01:16:07,25,31,6,非常不错
1888,73,梁君英,2015-03-26 04:07:24,22,29,7,上课非常的自由，幽默！
3151,73,梁君英,2015-05-18 02:50:10,59,70,11,有美国课堂的意思，我认为最好的大英。开拓视野，全面提高英语能力。
3399,73,梁君英,2015-06-08 08:34:52,135,151,16,不说了 如果可以有 愿意给老师打十二分\n\n真正的好老师不是教你考试的 嗯
4023,73,梁君英,2015-06-17 14:09:21,21,29,8,我爱梁大大！！！
4359,73,梁君英,2015-06-19 12:15:43,11,18,7,很好的老师
4422,73,梁君英,2015-06-22 15:59:04,10,17,7,好
4922,73,梁君英,2015-07-01 04:25:15,22,30,8,我只想说，我爱死她了
4923,73,梁君英,2015-07-01 05:05:20,24,32,8,超级棒的老师 上课幽默有趣又有挑战性 会教很多做人的道理 自己本身是一个正能量的人很有感召力 超爱！
4941,73,梁君英,2015-07-01 08:06:13,10,16,6,有水平，人很好很有趣，给分赞
4983,73,梁君英,2015-07-02 01:36:21,13,23,10,很好的老师！相再选一次她的课她说应该去体验不同的老师，可是再也遇不到这么好的了
6896,73,梁君英,2015-07-31 07:48:06,42,51,9,我一直很感谢她  希望她能看到
7118,73,梁君英,2015-09-03 05:20:07,9,13,4,蛮可爱的老师~给分也很好啊 不点名 可以学到很多东西
7533,73,梁君英,2015-09-15 02:44:39,11,12,1,棒棒棒，喜欢！\n\n\n\n
8514,73,梁君英,2015-09-22 04:09:07,22,29,7,首先老师是女神，其次学生能学到许多丰富的课外知识，上课前看生活大爆炸，上课轻松，
8596,73,梁君英,2015-09-23 02:37:35,12,14,2,老师记忆力超好
9225,73,梁君英,2015-10-18 08:47:39,5,9,4,棒呆了的老师
10085,73,梁君英,2015-11-15 14:27:29,7,11,4,女神，老师很有人格魅力，上课也很有内容，有收获。
10857,73,梁君英,2015-11-23 07:22:33,11,13,2,很自由
11669,73,梁君英,2015-12-10 00:12:28,4,8,4,最好的老师，真想再听她一学期的课
11933,73,梁君英,2015-12-24 07:32:24,5,7,2,反正就是好
12130,73,梁君英,2015-12-22 02:45:12,5,7,2,真的好
12222,73,梁君英,2015-12-22 11:53:23,11,17,6,我真的真的好爱她！！ 但是大大不让我们再选她的课。真的真的还想上梁老师的课！
13627,73,梁君英,2017-01-06 13:22:07,-42,20,62,比较假
13789,73,梁君英,2015-12-31 03:49:24,10,15,5,非常好的老师，但老师不让再选一次她的课，不然还想选\n\n
13842,73,梁君英,2016-01-01 07:58:01,11,17,6,在浙大遇到的最好的老师，没有之一
13981,73,梁君英,2016-01-03 08:53:47,5,7,2,不爱都难
14203,73,梁君英,2016-01-05 09:22:23,12,15,3,梁老师真女神(⌯¤̴̶̷̀ω¤̴̶̷́)✧她的课活泼幽默 一点都不困 而且老师的思想非常活跃年轻 人也特别特别好 有个性有才华 大爱
15565,73,梁君英,2017-06-14 06:00:15,-44,20,64,比较假
15709,73,梁君英,2016-01-16 07:15:38,5,8,3,给分好，上课有趣
15725,73,梁君英,2016-01-16 07:51:32,4,10,6,老师真的很好！会记住你的名字，很关心学生，课也很有趣，给分超赞，大英差点满了也是开心的
15792,73,梁君英,2016-01-16 09:24:27,12,15,3,老师人好，收获很多\n\nBTW理工科男生选她绝对没错！！
15798,73,梁君英,2016-01-16 09:42:31,9,11,2,好老师！
16172,73,梁君英,2016-01-17 11:35:19,4,6,2,这老师太好了，还想去上您的课
21237,73,梁君英,2016-02-27 07:59:10,4,6,2,超级棒\n\n
21296,73,梁君英,2016-02-28 03:21:11,4,7,3,有很多很棒的体验，真正的学习英语！
21467,73,梁君英,2016-02-29 03:00:48,5,6,1,有趣的课堂~
21747,73,梁君英,2016-03-01 03:12:03,37,47,10,说句实在话，老师水平很好，人也很好，但是真的不适合想水课的人，比如我这种不喜欢回答问题的人。就这样。
21850,73,梁君英,2016-07-04 11:52:04,9,13,4,棒棒哒
21855,73,梁君英,2016-03-01 09:50:30,5,10,5,打了10分，非常好，希望平均分达到10分！
22311,73,梁君英,2016-03-03 11:46:56,4,5,1,女神！！
24349,73,梁君英,2016-04-29 17:01:17,1,4,3,爱梁大大
25076,73,梁君英,2016-05-05 07:19:40,4,6,2,上了其他老师的课 才开始怀念她啊 讲的真的是非常好
27080,73,梁君英,2016-09-13 03:58:28,4,9,5,梁老师的课只能听一回 虽然她好到爆炸 因为她不让你再选她的课 最insightful的老师没有之一 珍惜这唯一一次的机会吧 强烈推荐 推荐推荐推荐
27181,73,梁君英,2016-06-23 12:36:07,4,8,4,老师人很棒，给分也很棒！quiz成绩老师不会care，好好上课会有不错的成绩⋯但是老师说不能第二次选她的课⋯难过
27389,73,梁君英,2016-06-25 14:02:35,4,6,2,不多说，好评。
27398,73,梁君英,2016-06-25 16:24:04,2,5,3,大学最喜欢的老师没有之一
27469,73,梁君英,2016-06-26 10:59:39,3,5,2,超级棒的老师 也是理想成为的那种人
28847,73,梁君英,2016-06-28 22:59:37,3,6,3,很有趣，但是英文不好的人，有点煎熬，只要你敢，收获还是很大的。
29767,73,梁君英,2016-06-30 09:49:14,3,5,2,很好的课堂
30466,73,梁君英,2016-07-01 16:05:31,1,5,4,给分好，有气质，是个很棒老师
31349,73,梁君英,2016-07-03 17:02:34,1,4,3,好到不能再好，神一样的老师！
33966,73,梁君英,2017-01-06 13:25:36,5,8,3,非常好 对每个学生一视同仁 比较看重学生的努力 超级有气质 温柔中带有刚强 超赞！ 大英四马上结束了 不舍?
34828,73,梁君英,2017-01-06 13:21:32,5,9,4,简直好到不行，表白梁老师。我英语很弱，预制的大英四，但是梁老师很会激励同学。遗憾梁老师只让选一次课。以后一定会继续坚持学好英语，感谢梁老师。
34835,73,梁君英,2016-10-24 12:20:15,2,5,3,好，非常好
35314,73,梁君英,2017-01-13 16:27:27,0,7,7,完美的老师，她的身上没有任何缺点，都是闪光点。
38818,73,梁君英,2016-12-19 08:25:44,3,5,2,最好的老师没有之一
39438,73,梁君英,2016-12-22 16:45:17,1,4,3,超级爱老师
40263,73,梁君英,2016-12-31 04:47:24,1,3,2,点名在这里完全没用啊，老师记得所有同学的名字。每周听两次梁老师的课心情都变好了
40530,73,梁君英,2017-01-04 03:52:34,0,2,2,最棒的英语老师，没有之一。不仅仅是教你英语，更是教你做人的道理。
40619,73,梁君英,2017-01-04 10:19:36,0,2,2,老师真的真的很棒！教书不为考试，是我目前为止学到关于生活最多的一门课。我很喜欢她，并且很漂亮
40931,73,梁君英,2017-01-06 13:46:16,0,5,5,期末考没考就评了，果断十分。不仅教了我英语，更教了我人生。
40934,73,梁君英,2017-01-06 14:09:08,0,4,4,我的生命，你只借一程，却成了我的永恒。如果你依然觉得学英语很累，如果你仍旧在耿直地死记单词，不妨来听听梁老师的课吧。于是你就会明白，学英语，是一件多么有意思的事情。\n\n
41100,73,梁君英,2017-01-09 07:31:03,0,2,2,surprising，unbelievable\n\n
41111,73,梁君英,2017-01-09 08:13:34,1,2,1,超棒的一个老师
41229,73,梁君英,2017-01-15 10:09:53,2,5,3,只有那么棒了
41371,73,梁君英,2017-01-11 05:45:34,3,5,2,超超超超有才华的老师！预置上她的课真的幸运！(｡･ω･｡)
42045,73,梁君英,2017-01-13 12:59:43,0,3,3,在浙大遇到的最好的老师
42145,73,梁君英,2017-01-14 15:43:46,1,5,4,梁老师人非常，非常nice ，超爱，遗憾不能再选老师的课，希望下次再见到老师时，自己能让老师眼前一亮。
42180,73,梁君英,2017-01-14 00:14:26,1,4,3,老师人很好，她和微积分老师是我最喜欢的两个老师，而且真的有时候考试并不重要，绩点也并不重要，重要的是你能学到如何去应用英语，如何保持好的心情和人生态度，哪怕可能我这两门课在考前都特别没有底，可是有两位老师在，我对成绩真的完全不在意，因为人生能有这一段美好的时光与你相伴，至少大学生活，足矣！
42213,73,梁君英,2017-01-14 02:13:25,-2,3,5,老师！！！爱你！！！不能再棒！！！
42954,73,梁君英,2017-01-15 13:16:57,1,2,1,非常非常好，真的能提升能力，可惜我没有好好上，想学口译啊啊啊啊啊
43104,73,梁君英,2017-01-15 16:44:51,-1,5,6,如果能再来一次，我一定同时选老师的大英四和口译
44704,73,梁君英,2017-01-18 06:35:32,0,2,2,学到的不仅是英语，更是生活态度。
45266,73,梁君英,2017-01-19 08:36:35,2,6,4,授人以渔。此生不再相见。
45655,73,梁君英,2017-01-20 02:07:54,1,4,3,老师的好已经不需要我再来加个10分啦，回访母校的时候都要拿她当浙大教授的例子
47145,73,梁君英,2017-09-19 13:08:27,11,15,4,说话有点做作 讲得例子很励志
47960,73,梁君英,2017-02-27 14:29:31,-2,3,5,炒鸡棒
48886,73,梁君英,2017-03-15 15:19:51,-1,2,3,感觉老师很和蔼，有时候还有点逗。。哈哈，上口译课真的是一种享受
49104,73,梁君英,2017-03-26 14:02:28,12,17,5,老师挺负责，但说话有点浮夸
51585,73,梁君英,2017-06-07 10:16:42,2,4,2,很厉害哦
52700,73,梁君英,2017-06-22 07:55:50,1,3,2,你会越来越积极！！
52750,73,梁君英,2017-06-22 12:19:50,1,3,2,很棒的老师！！
52759,73,梁君英,2017-06-22 13:31:54,1,3,2,很开心
53362,73,梁君英,2017-06-26 12:37:51,5,7,2,老师同时也是学心理的，很棒的老师，真的，我现在遇到问题也会发邮件问她，像人生导师，真的很感激
53417,73,梁君英,2017-06-26 14:34:49,2,4,2,感谢老师不挂之恩 会继续努力学英语的
53419,73,梁君英,2017-06-26 14:36:43,5,6,1,好的老师真的不是教你怎么考试的，虽然我绩点不高，但是真的很感谢梁老师让我学到了很多受益终身的东西，是良师亦是益友，非常有才华的老师！
53421,73,梁君英,2017-06-26 14:40:30,5,8,3,老师真的很好，教会了我英语外的很多东西，特别是在演讲、面试方面的，收获很大！虽然我大英四的绩点没有之前上另外一个老师的大英三的高，但我还是很知足了，感谢您梁老师！
53425,73,梁君英,2017-06-26 14:54:22,3,6,3,梁老师是我在浙里遇到过最特别的老师！她上课的风格跟我高中班主任很像，所以上课都会感到很亲切！课堂上学到最重要的是她对于求学和做事的态度和思考，还会接触很多有趣的心理学知识！虽然老师不让我们推荐她的课，但是大家有机会一定要选啊！！一生的良师益友！！
53441,73,梁君英,2017-06-26 15:10:50,1,4,3,选了一定不会后悔。一门已经不在乎绩点的课程，每个星期的小期待
53776,73,梁君英,2017-06-27 13:34:46,1,3,2,喜欢英语课
54206,73,梁君英,2017-06-28 16:30:46,0,3,3,女神！
60070,73,梁君英,2017-10-09 09:36:32,5,5,0,你要吃饭就要看TED（手动微笑）：）
61065,73,梁君英,2017-11-08 01:20:12,16,20,4,可能会适合高中英语课比较死板的人\n\n老师人很不错 不过评价可能有点过誉了
61066,73,梁君英,2017-11-08 01:23:59,11,15,4,我觉得很普通
61073,73,梁君英,2017-11-08 03:16:20,-1,4,5,匿名表白梁女神！
63999,73,梁君英,2017-12-20 13:22:00,0,1,1,最好的英语老师，没有之一，真的会教给你一些很有用的知识
64000,73,梁君英,2017-12-20 13:22:42,-1,3,4,她居然不让我们第二次选她课，唯一的缺点
64028,73,梁君英,2017-12-20 14:39:12,1,3,2,有时候觉得你很不喜欢我，后来你说叫我们不要自己臆想，我还是没有走出臆想的圈子。很感谢你教会我们学会走出舒适区，接触不同的老师。不为挂科而愁，不以得奖而狂喜。教会我们，不管有多么忙，都要停下来ENJOY OUR LIFE.你说你喜欢挑逗工科生，于是，我的邻居就火了哈哈哈。
64091,73,梁君英,2017-12-21 03:09:10,-2,4,6,老师真的超级好，只是不能再选老师的课，一生只能选一次，好可惜
64570,73,梁君英,2017-12-25 10:02:33,-3,3,6,太好了
65524,73,梁君英,2018-01-05 05:36:46,0,4,4,记得最后背诵考完和我说相信我的本科前途无量，现在还很感动，最近遇到些问题，没有动力，但是，加油啊别让老师失望
66564,73,梁君英,2018-01-17 09:40:46,-1,3,4,好老师没话讲
67046,73,梁君英,2018-01-20 06:47:22,1,1,0,超级好的老师，知识很丰富，但没有架子，思想很活跃很年轻，特别和学生玩得来。注重演讲能力的培养，不拘泥于课本。总之就是非常非常好的老师!
67048,73,梁君英,2018-01-20 07:02:33,-2,4,6,很特别的老师，目前大学遇到的最喜欢的老师
67049,73,梁君英,2018-01-20 07:07:34,-4,3,7,Enjoy every moment.
67051,73,梁君英,2018-01-20 07:08:56,-1,4,5,老师很温柔，笑起来很可爱(｡･ω･｡)ﾉ♡
67053,73,梁君英,2018-01-20 07:16:38,-2,5,7,梁老师的课，你们脱层皮也一定要选上。一级棒的老师，你学的绝对远远比课本上的多！
67064,73,梁君英,2018-01-20 07:44:19,3,7,4,讲讲自己上课的体验：\n\n1.课堂不困倦，充满吸引力，甚至感慨时间太快，每次早课都可以毫不疲倦地从头听到尾（又一次早课是别的老师代课，结果大家都要睡着了）；\n\n2.讲课方式不同于其他老师对照课本讲语法点的做法。实话说，本来对这种做法挺怀疑的，因为讲课其实比较飘，有点不扎实的感觉。我是同时学大英三和大英四的奇葩，另一个老师的大英三是紧扣课本跟高中大多数老师做法一样。结果到期末，我发现我记得的大英iv内容更多，梁老师的上课方式确实让我真正地学会了英语内容，而不是死记硬背、过会儿就忘；\n\n3.梁老师的个人魅力强。有魅力的老师的课堂自然也就更加engaging，你会自然而然、充满感激与期待地接受很多东西；\n\n4.讲授英语与指引人生相结合。作为大一的第一个学期选上梁老师的课，确实弥足幸运。在她的课上，有写作与说话的tricks，有交叉学科benefits的启迪，有国外名校presentation的指引......大一上她的课，你会有一个更清晰的对大学的outline，甚至对人生充满期待（毫不夸张）；\n\n5.当然不是说leuang老师的课十全十美，但是我觉得至少十全九美。\n\n当然选择适合自己的老师才是最重要的，就像leuang老师说的，我的课只能选一次，浙大的教授都很优秀，聆听不同的老师，感受不同的启发。
67086,73,梁君英,2018-01-20 09:02:44,0,2,2,老师人超好0.0
67097,73,梁君英,2018-01-20 10:34:22,15,22,7,大家好，对老师不做评价，我只想告诉大家，也会有人被正态的，比如我。
67099,73,梁君英,2018-01-20 09:26:02,1,5,4,梁老师人超级棒！！从开始慢慢引导我们开口鼓励上台讲话！！还教了不少临场应变的技巧～让我们自然而然的就敢说～虽然我也不是经常上去说，但是感觉现在自己更加大胆啦～上课也是不拘泥于课本，quiz成绩毫不在意～而且告诉我们不要在意成绩，英语不是考试考出来的学出来的～\n\n课堂活泼生动，作为大英三大英四同时修的人本来对大英四绩点不抱希望了啊 大神略多 成绩出来还是很棒棒的！\n\n最后作文成功用上老师教的套路哈哈哈哈哈 我觉得那个套路真的很棒 相见恨晚！\n\n还有就是梁老师教会了我如何利用浙大图书馆丰富的资源，作为工科大佬中弱弱的一个社科生感觉被忽略了不少hh不过可以理解啊，还有自己的同学们也真的很棒！不仅英语好还数学好，因为我跟班上大部分的同学也是一个数学课hh\n\n老师不让我们选她的课了，虽然偷偷选了老师的口译课没被选上 唉\n\n感谢相遇！感谢您！感谢一起陪伴的小伙伴们！
67103,73,梁君英,2018-01-20 09:32:28,13,14,1,只能说，仁者见仁智者见智吧，英语课的确有大学英语课的感觉，从她身上学到了很多，但是课本内容几乎不讲，要是喜欢讲课本单词句型什么多一点的老师还是选其他吧
67109,73,梁君英,2018-01-20 09:36:18,0,6,6,超级女神，真的超级超级好，怪我英语太渣。
67113,73,梁君英,2018-01-20 09:39:29,-2,4,6,总之你不会后悔～
67119,73,梁君英,2018-01-20 09:45:44,-4,5,9,体验很好！
67149,73,梁君英,2018-01-20 10:32:56,0,3,3,666
67181,73,梁君英,2018-01-20 11:59:08,6,11,5,被正态掉嘞，所以体验很一般…
67212,73,梁君英,2018-01-20 13:00:47,0,4,4,很棒很棒的老师！真正让你爱上英语！老师带你玩转大学！只是老师不让选她别的?一直会记得！
67223,73,梁君英,2018-01-20 13:13:48,0,2,2,真的很好的老师\n\n
67762,73,梁君英,2018-01-22 06:47:33,-3,4,7,大家一定要记得选梁老师的课，大英三的朋友可以退三修四，过了这个村就没这个店了，大一刚来最好选
68634,73,梁君英,2018-01-23 13:43:19,0,2,2,很有收获，上课让人很放松
68849,73,梁君英,2018-01-24 03:35:36,15,22,7,"考完试的一刹那，梁老师的那句""此生永不再相见""依旧萦绕在心头，虽然深知这是半开玩笑半认真的话，可我们都明白是美好就是要被read，savored，treasured，不是吗?只有足够优秀，才能在五年后、十年后、二十年后让Professor Liang看到更好的自己!大爱梁老师!"
74802,73,梁君英,2018-03-06 02:42:24,1,4,3,课堂很欢乐，老师很温柔\n\nPS:对老师魔性的笑声印象深刻
75269,73,梁君英,2018-03-08 09:58:39,-5,2,7,真的很好?
76373,73,梁君英,2018-04-05 03:35:06,5,7,2,正式上课前老师喜欢说说自己的研究领域，教学经历等等，我们在听八卦的状态坐了20分钟后突然开始了口译课，脑子已经跟不上了。建议老师说天谈地时用英文讲，这样对我们来说也是一种热身。\n\n（建议同学们：梁老师会不定期看“查老师”上的评论，所以别在这乱说话? ）
78807,73,梁君英,2018-05-15 08:33:13,-5,3,8,超级好的老师，全班没有挂科的嘤嘤嘤~
80080,73,梁君英,2018-06-19 16:28:32,0,7,7,梁老师有三点我觉得非常优秀：\n\n第一双专业背景，心理学知识储备丰富，偶尔会普及心理学知识，我现在开始沉迷心理学。\n\n第二她不仅仅只会教你这门课程的知识，她会告诉你怎样去做一个好的speaker，她会鼓励你做一个自信乐观的人。\n\n第三她会安利很多大牛讲座，鼓励大家在不同学科之间进行交流、碰撞，这点非常受用。\n\n我是英语口译班上的同学，平时事情确实比一些外语类通识课多一些，但是很有帮助，在做作业的时候也觉得非常愉悦。ps.梁老师的优点还可以说一箩筐hhh
81316,73,梁君英,2018-07-04 16:11:42,0,4,4,英语口译：\n\n很棒的老师！每节课都讲得特别有趣，一学期上下来真的很开心，很高兴能选上这门课\n\n课程的内容有点难，个人水平有限还是没有办法流利的翻译……但平时作业认真完成的话最后绩点还是不错的XD
81337,73,梁君英,2018-07-04 23:30:23,2,4,2,老师真的超级nice，会告诉你很多道理，也会给你很多启迪和帮助。不过课不水，英语基础一般的最好别选了，像我就学的很煎熬。
81343,73,梁君英,2018-07-05 00:42:01,14,21,7,大家好 我不想评价老师 我只想说 英语口译这门课不适合英语学渣 比如我 认认真真的学也只会感受到大佬的碾压 然后拿到一个被正态的成绩。
81514,73,梁君英,2018-07-05 09:02:47,24,29,5,对来查老师寻求选课意见的孩子们，只能给你们一条建议，看看不论长评还是短评，分析一下你和写评论的人到底是不是一类人......然后再吸取意见........我是哭了
81545,73,梁君英,2018-07-05 10:43:24,9,9,0,老师人很好，不过给分有点迷，反正我也不知道百分之八十的平时成绩是怎么给的，连点名也没有，作业也是最后交一次，自问上课很认真，作业也很认真，还是拿了至今最低绩点，可能是我太菜了吧（哭泣）
81598,73,梁君英,2018-07-05 13:35:25,2,3,1,我感觉老师很好，但是口译这样的东西要想拿高分还是要自己多花时间
81640,73,梁君英,2018-07-05 16:00:49,0,2,2,老师很好啊，我英语这么差，分数也没有很低，老师会告诉你一些你不知道的东西，我觉得很有用了。至于你英语不好还想拿高绩点的话，大英可能会让你挂，，，但是口译不会，没上过老师的大英课，但是肯定也很好了。
82477,73,梁君英,2018-07-08 09:55:57,4,6,2,干货满满 启迪很深 课程不难 大佬太多 另外楼上一堆还在说 然后 的，真的是认真在上课的吗？
85899,73,梁君英,2018-08-25 10:19:20,-1,1,2,绝对的好老师，高分
86176,73,梁君英,2018-09-10 02:40:04,0,2,2,我是一个有点安静 内向的人 但真的特别有幸之前上了梁老师的大英四 在大一这一年我一直比较普通 但是梁老师给予了我认可并且给了我推荐信 让我更加坚定 有勇气 能上梁老师的英语课真的太幸运了！学到了远远高于英语的东西 也让我开始审视未来的发展方向 真的希望有更多学弟学妹们能成为梁老师的学生 因为在梁老师的课堂上学到的不仅是高于知识的视野面 更是学习的勇气和信心
86461,73,梁君英,2018-09-16 12:54:57,-1,2,3,优秀的优秀的老师
89180,73,梁君英,2018-11-27 10:09:35,-1,2,3,满满的收获
90379,73,梁君英,2018-11-23 10:05:56,4,4,0,见仁见智吧
90380,73,梁君英,2018-11-23 10:07:37,11,13,2,不一定适合所有人，人还好但给分不讲师生情，会很正态……讲话有一点浮夸，英语基础不好的不要选
90767,73,梁君英,2018-11-26 02:28:45,-3,3,6,从一开始被大佬碾压不想上课到后来渐渐喜欢上大英课，梁老师起着关键作用啊~emmm，，梁老师常说自己猥琐，我想，大概有一点吧哈哈哈哈哈哈哈，恶趣味大大的
91279,73,梁君英,2018-12-05 01:29:52,33,34,1,或许你学不到很多应试的内容，但我觉得梁老师讲授的东西的价值远远超出应试教育本身。这才是学习英语的真正意义吧。没错，应试是需要的，但我觉得，真正目的应该是为了提升自己。梁老师真的很有趣，能学到很多干货。上课很好玩，气氛很融洽，很喜欢上梁老师的课！大家来选鸭，不会后悔的！至于英语应试水平，其实大家都一样，主要还是靠自己啦。为可爱的梁老师打call。
91907,73,梁君英,2018-12-24 15:05:10,-5,8,13,或许是浙大最优秀的老师了吧
91995,73,梁君英,2018-12-25 09:07:42,-1,3,4,如沐春风～
93099,73,梁君英,2019-01-07 10:01:56,-1,2,3,老师真的很棒很棒很棒～
94882,73,梁君英,2019-01-18 12:02:25,62,65,3,梁老师太好了～我是退伍刚回来的，大一的时候因为没好好学习，所以大英四挂了。回来的时候选课，对着查老师一个一个筛选，选上了梁老师的课。真的是好几年没学英语，刚开始的时候完全听不懂。第一次下课就给老师说了下情况，梁老师还让我上去中文做了一个PPT报告。那次老师在发表感想的时候还落泪了，超感动。在考试周前后一直担心会挂科，(毕竟基础太差)，却没想到结果是太让人惊讶。大英可能对于很多人不难，对于我从开始的quiz1作文不知道自己写了什么，到考试周的时候20分钟洋洋洒洒写满，从开始单词听写基本无正确率，到最后考试10个全写出来，真的太让人激动了。于我而言，只要不挂科，绩点已经没有任何作用，毕竟大一挂科太多，奖学金，保研(gpa保)无望。但是自己的努力、进步能真切的看到还是很满足的。梁老师上课，真的蛮有意义的，作文的套路，人生的哲学，大牛的安利(还有太多，只是我水平太差，能听多少是多少，但这不也值得吗？)很感激梁老师，但愿往后，能上了研究生，能选了梁老师的UPP课程！一句话，梁老师，太好了！
94933,73,梁君英,2019-01-18 13:09:43,0,5,5,就讲一下我自己的感受吧…梁老师是真的很女神，主攻口译和心理学，简直就是理想人生。平时上课注重听说能力尤其是说的提高，本自闭女孩一学期下来也可以信口开河好几分钟233。不过，不点评quiz，几乎不听写，讲课文基本上就是让大家对于一个话题发表自己的看法，所以期末靠自己。最后讲一句比较难听但是很诚实的话，老师比较自我，喜欢把所有事情都扯上自己的一些个人经历（which确实很丰富），还喜欢做出一些她觉得很ok但其实有些让人不舒服的主观评价，各位同学（尤其是工科男孩子）不要往心里去。建议基础比较好且喜欢表现自己的同学选，如果你和我一样有点自闭，也不用太拼命发言，毕竟主要看考试，成绩不会低w
95065,73,梁君英,2019-01-18 15:55:42,0,2,2,老师给分太好了叭  我还以为大英要挂了
95075,73,梁君英,2019-01-18 16:17:16,1,4,3,非常喜欢的老师，上梁老师的课是此生无悔的一件事。老师上课会教很多组织语言的方法，会给你提供很多看待世界不同的角度。对一个人的锻炼不只是英语的能力，还有很多潜移默化的进步。老师上课会传达很多她自己的思考，对一个迷茫的大一新生有很大的帮助。如果你是想来学高中式的英语，那你就别选了，肯定不适合你。推荐有一定英语水平的同学选。最后，分数看个人能力，老师也不会太强调分数的问题。总之，上梁老师的课是莫大的荣幸！
95234,73,梁君英,2019-01-19 05:29:11,11,12,1,说实话是我听力太渣、平时不努力，所以绩点比较低，所以一点不怪老师。对梁老师，许多同学十分非常特别喜欢，有的同学一般，也有的会讨厌她。其实我考虑吧是这样的，你如果本来就是一个外向开朗上台讲话不怎么慌的人，你会喜欢上台展示和梁老师强调speaking的风格，性格相合会更喜欢；你如果本来内向闷骚也不喜欢当众演讲，你当然会从课堂上学到很多，锻炼很多，但是就会慢慢积累一点抵触情绪吧。大佬有，也不少，你是大佬呢自然没什么压力可以好好享受课堂，不是大佬呢也可以顶着小压力享受，但总有人选择在压力中极度不适。。。另外，其他评论所言的老师的才华啊能力啊水平啊是真的，老师的确很不错，值得一选。
95356,73,梁君英,2019-01-19 08:53:51,0,2,2,这是一门大神众多的大英课，作为咸鱼一直都觉得有挂科的压力，但是最后成绩居然很好，真的特别感谢梁老师✪ω✪\n\n就像热评说的那样，梁老师教的不只是大英，也绝不仅限于大英。在她的课堂里无论是和老师还是同学都会有很好的互动，导致我们现在在其他地方碰见还是会很高兴地打招呼。总之，我觉得预置到梁老师真的是太幸运了！\n\n
96107,73,梁君英,2019-01-20 12:58:48,-1,2,3,隔壁班的来给梁女神打个call
96348,73,梁君英,2019-01-21 01:01:36,4,5,1,不发平时分导致我整一个学期都慌的一比，觉得自己快挂了?
97619,73,梁君英,2019-01-22 12:12:53,-1,2,3,老师上课非常有趣，虽然我绩点低，但上她的课我学到了有用的东西，这才是最珍贵的！
103016,73,梁君英,2019-02-25 11:31:25,-2,5,7,收获大
104440,73,梁君英,2019-03-20 14:38:25,6,6,0,宝宝心里苦，但宝宝不说。这只是我的问题(ㄒoㄒ)
104723,73,梁君英,2019-03-26 12:26:03,8,14,6,有点做作
107534,73,梁君英,2019-05-06 10:05:05,12,16,4,不是很舒服
108380,73,梁君英,2019-05-22 10:15:25,7,12,5,希望老师少一些泛泛夸奖同学的内容和重复的鸡汤，虽然好听好玩但是没有用且浪费时间，口译练习课真的还是多给一些实在的翻译参考吧。
108858,73,梁君英,2019-06-03 09:15:00,5,7,2,为什么要此生不再相见呢？\n\n希望会再次相见。
109306,73,梁君英,2019-06-13 03:47:40,2,4,2,我真的真的很喜欢老师 理想人生了
109692,73,梁君英,2019-06-18 12:08:08,3,5,2,上大学以来每周能盼着上的也只有口译了吧，梁老师不仅教了很多有用的知识，还有许多人生的哲理，是大学听过最棒的一门课，表白女神！
109835,73,梁君英,2019-06-19 14:19:50,8,11,3,满怀期待来，略带失望去
110353,73,梁君英,2019-06-26 02:31:09,3,3,0,这学期最幸运的就是选上梁老师的课了，感谢那位第一节课被劝退的同学让我有机会低分定点。梁老师的课真的是我上大学以来上过最好的课，这才是我想象中的大学课程，在教书之中育人，课堂生动有活力，真的让我有种自己专业老师都是些什么玩意的感觉，如果你真的想要提高，就选梁老师的课，不过估计你们大部分人也选不上，不说了，要是我还大一就转专业了
110468,73,梁君英,2019-06-27 04:04:36,4,4,0,【英语口译】首先十分强推！我修了9分F类，这门可以说是最喜欢也是最有收获一门。梁老师时而知性时而逗比（经常自称“猥琐”哈哈哈），能看出来专业知识是非常丰富的（梁老师有跨学科的背景），专业知识之余也会讲很多其他的道理。另外好像很偏爱工科同学啊哈哈！最后的考试不会特别demanding，平时分占的比重应该比较大。
111900,73,梁君英,2019-07-03 02:23:06,0,4,4,感觉不喜欢这老师，平时成绩也不告诉你，quiz考多少也不知道，就直接出来一个? 点。那么多人喜欢她，但选的时候还是要多多考虑一下的。
112467,73,梁君英,2019-07-04 09:46:04,2,2,0,梁老师我女神好吧，人美事少知识多，完美的大学老师。
112644,73,梁君英,2019-07-04 23:30:47,9,9,0,谢谢老师，让我一讲“然后”会立刻回过神来并充满愧疚，一听别人说然后，我也会alerted.
114814,73,梁君英,2019-07-12 00:24:11,0,0,0,口译课很有趣，给分也好，收获真的大，吹爆！
115362,73,梁君英,2019-07-20 02:21:28,0,0,0,事情少，给分好。老师水平很高，眼界很广，对同学也很好，绝对的人生导师、良师益友。
122024,73,梁君英,2020-02-01 12:39:35,1,1,0,梁真的是很厉害很厉害的老师，可惜了以后她因为其他工作的原因再也不上大英了，在我看来是一件很遗憾的事情。
122556,73,梁君英,2020-03-04 02:52:00,0,0,0,特别特别特别特别特别特别好
122640,73,梁君英,2020-03-10 08:40:28,1,1,0,虽然Liang三番五次告诉我们不要第二次选她的课，但我真的由衷感谢那位第一节口译课之后就退课的同学，看来注定是要跟着Liang一年啦！（虽然第二节课就被cue但是我真的心甘情愿，Liang真的超级超级超级好！\n\n不过可惜了，她因为职位调动不再上大英课了，好可惜好可惜！\n\nLiang是语言学+心理学学科交叉背景，真的很厉害很厉害！
127187,73,梁君英,2020-11-12 10:40:38,2,2,0,我猜梁君英可能会偷偷看消息，表白一波～
127234,73,梁君英,2020-11-16 11:49:32,3,3,0,很乐观的老师，超可爱的老师，爱了爱了，可惜差了二十岁！
127584,73,梁君英,2020-11-24 16:19:43,2,3,1,女神 浙大最美老师
128468,73,梁君英,2020-12-23 10:18:45,8,9,1,可怕的女人，学心理的看透一切
154955,73,梁君英,2022-06-07 05:10:09,2,3,1,梁老师的英语口译课，一次因故没能来上课，通知同学们稍微迟了一点。回来之后梁老师说她很抱歉，但是会以 任何时候都可以找她来要推荐信 来补偿。本人的英语口语一向被其他人嘲笑，在这课上也搞了4.5绩点。其他的我就不多说了。
155650,73,梁君英,2022-06-15 04:06:50,0,0,0,老师上的可能不是大学英语，是大学演讲，会讲很多表达的技巧
157086,73,梁君英,2022-06-22 01:08:09,1,1,0,老师很好  是我太菜了呜呜呜
160791,73,梁君英,2022-10-12 05:40:49,-9,2,11,对补选同学非常不友好，明明知道有同学新来，不提供微信群加群二维码，上课明明说得一清二楚资料放钉钉群，结果扔微信群里了，还好我们外语课不算主修，摆～
163571,73,梁君英,2022-12-15 10:11:38,-6,3,9,这老师真的无语了。上节课刚说不点名，这节课就点名了，还要算在总成绩里的那种
164955,73,梁君英,2022-12-28 05:06:53,4,6,2,各位选课需谨慎。\n\n这是一门对听力和翻译要求很高的一门课，不否认你会得到一定的训练，但是没有基础的人会真的很摆烂。\n\n而且梁老师这人口碑两极分化，至少本人觉得没有想象中好。\n\n谨慎。
165012,73,梁君英,2022-12-28 10:10:37,3,3,0,英语口译：我大学以来上的最好的课程之一。本人英语听力和口语非常菜鸡，属于水测三次还没过那种。但其实整节课下来老师的要求也没有很高，但我觉得收获更多的远不止口译知识，更多的是老师教授的关于自信，勇敢，互相体谅，温和且坚定等等这些受益终生的东西。无论最后分数如何，这门课，我觉得是非常值的，我收获很大。
166704,73,梁君英,2023-01-13 09:10:13,4,4,0,口译课讲表达的技巧不是很正常吗？口译本来就是一种沟通，听力、表达、翻译都是基本能力，没有基础，学再多口译技巧也没用（其实上口译课只是能够加深对口译的理解，知道如何精进自己的口译能力，真正的口译能力是靠课下无数的tape hours堆积起来的）。至于梁老师，我上了她的专业课，她是一个很好的人，可能上课方式对一些人来说不太能接受，但不可否认她是真的很想让同学们能学到东西。
167075,73,梁君英,2023-01-15 01:43:22,4,4,0,【英语口译】上课真的能学到很多东西，老师不仅仅会讲英语口译，还会讲一些演讲方面的知识，对于大家都有很不错的锻炼能力。真心推荐。
167626,73,梁君英,2023-01-17 23:52:35,4,5,1,这个学期的口译课真的是神仙打架，保研北大的学姐，拿到竺奖的学姐……感觉同学们都是强悍如斯。真的很难想象我在这样一个班级坚持下来了，也十分激动自己能完成口译的各项任务，我感觉这门课带来的不止是技巧的提升，而是对自己的重新认识。
167627,73,梁君英,2023-01-18 00:13:08,3,4,1,个人英语水平一般，上课几次发言自我感觉并不是很好，好在是最终坚持下来了。感谢梁老师~最终绩点也还尚可，过程中对于怎么说话，如何说好话还是明白了很多的。
173228,73,梁君英,2023-05-16 06:49:48,4,4,0,有梦有趣，无所畏惧。永远喜欢这样充满学术热情、包容的老师！beacon of hope and possibility
174208,73,梁君英,2023-06-07 12:13:49,-8,4,12,口译课 不点名但她是真过于自恋吧？
174209,73,梁君英,2023-06-07 12:16:07,1,5,4,挺风趣，但是拿着刻板印象看人
174592,73,梁君英,2023-06-14 10:12:11,4,4,0,刚考完就来评论啦！梁老师的课让我遇见了全新的自己。废话不多说，绩点已经不重要，当然给我满绩我也不会拒绝～
178081,73,梁君英,2023-07-08 16:08:30,3,3,0,老师很好很好!就是为什么还不出
178129,73,梁君英,2023-07-07 05:29:52,8,8,0,客观看待：1、这是我上大学以来见到过的发言最积极的课程。口译课刚开始大部分同学都很畏惧，不敢举手，但是几节课之后，基本上都是抢着发言。不管你表现的好坏，梁老师以及全班同学都是鼓励的态度，我觉得这是大家踊跃的原因。我之前上课还有点小气愤，因为真的抢不到发言机会！！！！！！我觉得自己必须上台当一回译者，亲身体会到那种紧张感。但是最后只抢到了speaker，留下了一点遗憾。2、上课模式一般是分专题，每个专题两次课，一次课讲相关用语，给出一些例子，一些小练习，一次课全部拿来练习口译。3、与此同时，梁老师还会分享很多学校的故事，以及自己学习的经历，交杂着道理和趣味。不过有些时候，感觉刹不住车，要是能留更多时间用来举手发言就好了。4、说一下课程任务：最后会上交一个报告，包括自我介绍、上台经历（speaker or interpreter， theme， date......）、课程感悟和自己每次训练课准备的讲稿（中英文）。期末考试就是现场抽题，两两一组，现场口译：先做笔记，然后整体翻译。整个准备过程对我来说都十分紧张，提前一个多小时就和搭档到旁边教室准备联系，但是也很刺激、兴奋，口译完有一种全身通透的感觉。5、缺点：老师有些时候可能是没太记住人，抽了几次重复的同学，其他人就很难抢到机会。建议要上课的同学往前坐！举手的时候动作幅度大一点，摇一摇！多跟老师对视，就会请你！6、总的来说，课堂氛围挺轻松的，比起高中僵硬死板的英语课好太多。英语要想练好，必须抓住口语。这门课也不太强调英语基础，建议大家都来尝试！
178194,73,梁君英,2023-07-08 01:17:12,3,3,0,还能说什么，梁老师太强了！英语口译课真的上出了我理想中的大学通识课的感觉！课堂非常有趣，老师给分特友善。课程不用写论文，考试压力也很小，但上完之后又感觉自己收获满满。
188513,73,梁君英,2024-01-19 06:31:31,12,15,3,一般，查老师里的评论有些过誉了，给分也不太好
189733,73,梁君英,2024-01-28 01:41:45,8,13,5,老师看人过于刻板印象了，上课内容倒是不做评价，能学到多少全看自己。\n\n但是课程恶竞非常严重，有些人卷上台次数的嘴脸是真的难看恶心。我记得老师最后两节课实践课说留给没上台翻译过过的同学发言，在这种情况下，仍然有上台过2次的同学举手，并且老师发现，问她“你不是发言过很多次了吗”，她在那嘟嘴，可能意味着自己是无辜的吧，最后老师让她上去了第三次，嘴脸令人非常不适。课堂的规矩被一些想要卷平时分的人打破了。
190522,73,梁君英,2024-03-07 02:16:40,0,1,1,好好好
196904,73,梁君英,2024-07-06 00:57:08,5,5,0,梁老师绝对是好老师，关心同学，给人鼓励，课上学到的不只是口译的方法论，更是一种面对口译、口语、甚至交流人生的心态，想选的话放心冲没问题。甚至我今年没抢到口译机会，最后考试发挥还可以也拿到了不错的分数，真神\n\n但梁老师的风格不同人接受程度也不同。对于外向、乐天的同学，课堂上会有很多展示的机会和思维的碰撞。但对于比较内向和现实的同学，梁老师上课喜欢传达一些激励性的价值观，比如人人都可以发顶会，大家都要积极踊跃等等，再加上有些同学会大量抢发言机会，整个环境确实有点往鹅颈偏。如果能严格控制人数，小班上课，或许这门课会有更好的体验
197530,73,梁君英,2024-07-18 05:37:50,5,5,0,非常优秀的老师，学校总是说要融入课程思政，梁老师可以说是做得最自然最完美的，毫无矫揉造作。虽然看起来有点严肃但实际上人特别好，很能带领同学们从不同的视角看问题，好老师的典范！
198312,73,梁君英,2024-09-06 17:27:07,2,2,0,爱Liang 大学期间碰见的最好的老师之一
199950,73,梁君英,2024-10-09 08:32:58,9,9,0,不太喜欢。课堂内的内容还行。
205839,73,梁君英,2024-12-12 07:37:17,1,1,0,英语口译 我爱死梁老师了！
207447,73,梁君英,2024-12-21 15:42:16,2,2,0,适合愿意发言愿意去尝试真的想学点干货的人，听完一堂课真的给人“老子天下无敌”的错觉（不）知识点也很简明扼要，几乎不用做笔记的程度。上完真的pre的胆子都变大了，超赞梁老师！！！
214518,73,梁君英,2025-02-10 13:55:56,2,2,0,好像还没有这个学期的评论？可能是因为出分比较晚哈哈哈，很爱很爱梁老师！口译课是大学生活中的一抹亮色💕
221959,73,梁君英,2025-06-28 01:58:19,0,0,0,超级好的梁老师！！！很温柔很有耐心也很强大～强推\n\n原本以为自己期末口译抽到一篇很难的估计期末不行了，最后总分还可以！！！谢谢梁老师！！！
4902,78,蒋景阳,2015-06-30 07:01:46,51,55,4,课题氛围还不错，经常有点小竞赛还发奖品，听写不记入成绩，很壕的一个老师
4964,78,蒋景阳,2015-07-01 15:39:16,12,14,2,很亲切！
5008,78,蒋景阳,2015-07-02 03:25:14,14,14,0,人nice双十一一人一包腰果 上大英完全是一种很high的感觉
5163,78,蒋景阳,2015-09-04 06:28:28,5,14,9,给分坑
5280,78,蒋景阳,2015-07-06 09:14:37,4,23,19,给分坑
5989,78,蒋景阳,2015-07-10 07:00:48,-1,6,7,不分好坏 打一样的分...
6011,78,蒋景阳,2015-07-10 07:52:48,1,6,5,大英还好吧 H课最高竹园也就4.9啊 不用要求太高吧
6908,78,蒋景阳,2015-08-04 13:33:26,28,30,2,老师很和蔼，上课内容丰富，做游戏有奖品，经常布置作文或者听力作业，每章PPT都放公邮里，反正期末给我的分挺好。
8136,78,蒋景阳,2015-09-17 06:13:38,-1,6,7,有点坑
12124,78,蒋景阳,2015-12-22 02:33:52,11,11,0,好&壕老师，讲课有趣
12386,78,蒋景阳,2015-12-23 07:21:50,10,10,0,感觉老师很好，也很壕
12411,78,蒋景阳,2015-12-23 08:05:14,11,13,2,老师好和蔼啊。经常在课堂玩游戏，爱开玩笑，超亲切
13298,78,蒋景阳,2015-12-26 10:23:16,-1,5,6,给分好坑呐！
13566,78,蒋景阳,2015-12-29 08:57:56,9,10,1,还是不错
14354,78,蒋景阳,2016-01-06 12:48:05,-2,3,5,一般般
16014,78,蒋景阳,2016-01-17 04:03:57,22,23,1,上课积极一点，老师还是很好的。水平高，有问题问了一定可以解答。老师是主任
16043,78,蒋景阳,2016-01-17 05:09:05,-1,3,4,人很好，就是给分有点坑
16054,78,蒋景阳,2016-01-17 05:36:57,9,11,2,真的觉得蒋老师很好啊
20250,78,蒋景阳,2016-01-26 16:10:49,6,10,4,虽然给分不太好，但上课吃了那么多东西就别计较那么多了吧
21012,78,蒋景阳,2016-02-10 03:20:27,0,4,4,个人感觉上课并没有学到很多东西，给分很一般吧。
21849,78,蒋景阳,2016-03-01 09:23:02,13,13,0,很和蔼，很土豪
22720,78,蒋景阳,2016-03-10 06:52:23,1,3,2,很有意思，挺好的老师
27530,78,蒋景阳,2016-06-27 02:39:58,-1,3,4,老师课堂气氛很棒，有很多互动游戏很多小奖品，可是不知道为什么，明明背诵口试作文quiz都不算太差，考试也很认真的复习了，可是出来的成绩这么心塞?
27537,78,蒋景阳,2016-06-27 02:59:19,-1,2,3,给分坑
28294,78,蒋景阳,2016-06-28 08:27:59,0,1,1,上课还不错 比较会聊天 给分。。也还好吧
40181,78,蒋景阳,2016-12-29 20:45:14,1,2,1,讲课不错，就是给分太求是了。。。
40429,78,蒋景阳,2017-01-03 08:55:46,1,3,2,老师的魔性笑声哈哈哈
42648,78,蒋景阳,2017-01-14 16:24:13,22,23,1,老师人很好！感觉7分有点太少了。老师人很热情上课很high  而且让人感动的是 上课前几周老师就能把人认齐  上课还可以各种互动 各种小游戏小奖品。平时听写抓得比较紧，不如我这学期大英四，听写过大英一二三四 四本书的单词，相较于其他老师更注重词汇和课文的讲解，平时可能累一些但是到quiz和期末就轻松了(助教哥哥改卷子和抽背也超松超赞的)。不管怎样，大学里能叫出学生名字还像朋友一样上课的老师  不值得点赞吗?
42791,78,蒋景阳,2017-01-15 05:44:43,0,2,2,能学到很多东西的
42803,78,蒋景阳,2017-01-15 07:42:55,11,11,0,平时quiz作业听写都挺好的，期末没有好好复习（忏悔），所以最后给分有点难过。老师超级棒，像朋友一样，助教也是超好。一定要！好好准备期末啊！前人教训！！！
43246,78,蒋景阳,2017-01-16 04:39:12,3,4,1,爱笑的老师，我觉得很亲切负责
45440,78,蒋景阳,2017-01-19 14:28:01,7,8,1,讲的挺好 课堂气氛也轻松 如果自己学的努力些 分就会好
48356,78,蒋景阳,2017-03-02 09:51:11,0,3,3,好好好
52787,78,蒋景阳,2017-06-23 01:42:29,2,4,2,老师上课很棒，很会调动气氛，提高我们的参与度，经常会做小游戏还会发小奖品，真的感觉很好
53611,78,蒋景阳,2017-06-27 07:18:01,7,8,1,就算老师给我期末分不高，我也要给10分！
53617,78,蒋景阳,2017-06-27 07:38:29,8,9,1,老师的课堂氛围特别好，特别爱笑，老师的词汇量很丰富，尽管我的英语不咋地，但是我也很喜欢上她的课，活动很多，也有奖励。期末给分也很好，果断10分
53792,78,蒋景阳,2017-06-27 14:24:58,1,3,2,很好很好
62119,78,蒋景阳,2017-11-22 12:16:40,0,2,2,非一般的感觉  特赞
64326,78,蒋景阳,2017-12-22 12:37:17,2,4,2,最喜欢蒋老师了，特别特别好，而且大英课会让每个小组进行答题表演话剧等等的趣味活动，经常发奖品O(∩_∩)O十分！
66796,78,蒋景阳,2018-01-19 06:00:25,-3,2,5,给分是真的坑
67488,78,蒋景阳,2018-01-21 10:22:21,6,6,0,蒋老师是很好的老师，这是我最喜欢的英语老师，经常鼓励你，笑声真的很魔性。而且今年期中和圣诞给了两次小礼物，很壕气。蒋老师今年家里还出了事情，但是照旧给我们上课，所以很感动吧！只不过我的英语的确太渣了，所以绩点不高。
67490,78,蒋景阳,2018-01-21 10:32:45,-8,3,11,4.5
67504,78,蒋景阳,2018-01-21 11:03:05,5,7,2,基本每周都有听写，但大多数都不计入总评。在老师的督促下，成功的按时背完了大英二三四的单词，期末感觉没怎么复习，因为词汇都在平时消化了。知道自己口语不太好，课堂表现不是特别积极，所以4.2的绩点已经很满足了。总的来说，老师很好很负责。
67593,78,蒋景阳,2018-01-21 15:23:53,5,7,2,大英4还是很不错的！不水，也很有趣，不过想拿高分平时还是要下点功夫的
74443,78,蒋景阳,2018-02-24 06:39:10,-1,1,2,老师很亲切，和学生不会有距离感，上课内容比较注重教材，如果认真听课还是会有很大提高的
75415,78,蒋景阳,2018-03-11 11:11:55,1,2,1,超级好
75716,78,蒋景阳,2018-04-25 06:49:37,0,1,1,不错啦\n\n
76121,78,蒋景阳,2018-03-27 09:22:59,8,9,1,看完浙大公众号推送来的。。。
76124,78,蒋景阳,2018-03-27 09:57:24,8,8,0,公众号过来的打卡?‍♂️！
76125,78,蒋景阳,2018-03-27 09:59:20,8,9,1,浙大公众号过来的，下面是我室友
76126,78,蒋景阳,2018-03-27 10:00:56,9,9,0,公众号过来的，下面两个是我室友
76128,78,蒋景阳,2018-03-27 10:16:14,0,0,0,非常感谢的一个老师!!!超级亲切啊，在一起的一学期超快乐，每次上课都很期待，不会水过去，认真听讲，认真玩游戏真的很开心的!
80727,78,蒋景阳,2018-06-30 02:31:18,2,2,0,嗯上了托福口语，老师人很好哒上课前怕我们太困还会放big bang，上课就是做tpo作业是每周交一道题的语音，负担不是很大，只要好好对待给分美丽，非常良心的通识课了（ps：有些同学的口语好好听呀w
80730,78,蒋景阳,2018-06-30 02:54:48,0,0,0,老师是真的好，给分超出预期，不过我是真的菜，推荐大家选这个老师o(^o^)o
80742,78,蒋景阳,2018-06-30 06:39:07,1,3,2,真心一般
81079,78,蒋景阳,2018-07-03 15:08:08,3,3,0,口音不太正宗
81260,78,蒋景阳,2018-07-04 13:01:39,6,6,0,老师是英语的课程负责人\n\n自己十分负责，上课从来都是早到20分钟开空调、上课之前放美剧bigbang。\n\n基本上每个星期都有小游戏，冠军队伍的奖励各种零食，每个课文的单词句子都会深究\n\nanyway，希望老师的耳鸣有所好转～
81266,78,蒋景阳,2018-07-04 13:09:36,1,1,0,爽，刺激，
81268,78,蒋景阳,2018-07-04 13:10:38,2,2,0,蒋老师真的是太酷了，上课用有趣的游戏带入，还会给同学带零食吃！可能大英不太自觉的同学需要多多关注自己的自主学习！
81269,78,蒋景阳,2018-07-04 13:11:39,0,0,0,上课做游戏，好玩的，老师人很好
81271,78,蒋景阳,2018-07-04 13:24:37,0,0,0,超赞的老师
84775,78,蒋景阳,2018-07-14 00:26:32,0,0,0,给分坑
84810,78,蒋景阳,2018-07-14 02:27:10,0,0,0,很好。。\n\n
88748,78,蒋景阳,2018-11-07 07:10:52,1,1,0,我自己口语太差，老师上的还是挺好的
88862,78,蒋景阳,2018-11-10 13:45:43,2,2,0,老师很认真也挺nice的，还送了我们一本讲美国文化的书。托福口语课压力没有想象中的大，老师一般会稍微宽限准备时间，作业也不多，好好对待的话给分挺好的～而且老师会在课间放生活大爆炸hhhh真的巨搞笑
93125,78,蒋景阳,2019-01-07 12:21:42,0,1,1,自我感觉还是很不错的
104395,78,蒋景阳,2019-03-19 11:21:47,4,4,0,一号座是组长
111048,78,蒋景阳,2019-06-29 10:25:15,2,2,0,很少遇到氛围这么好的英语课堂了。老师人真的很nice，对我们超级好完全没有距离感。经常在课堂上小组游戏，前几名发小零食小礼物！上课一点也不枯燥，课间课前还会放生活大爆炸，老师口语讲的也挺好，还会和我们分享很多她的故事！非常感谢老师！！！
111941,78,蒋景阳,2019-07-03 03:51:39,2,2,0,还不错，课堂氛围很好，给分也蛮好的，选上她的课真幸运！
125177,78,蒋景阳,2020-09-03 04:22:19,0,0,0,课堂体验不错，每单元有口语练习，自己说一段1分钟的和小组讨论，听力练习也比较多。大英4绩点比之前另一个老师的大英3高0.6，明明感觉疫情期间学习效率不是那么高。表白表白，老师很可爱～
129969,78,蒋景阳,2021-01-14 07:39:09,0,0,0,非常棒！！！！
130847,78,蒋景阳,2021-01-25 03:01:15,0,0,0,喜欢蒋老师的上课方式，比较自由轻松，而且对学生真的很有耐心而且温柔，最后的绩点也还OK（我口语太菜了
131405,78,蒋景阳,2021-01-27 11:16:19,0,0,0,老师人很好，经常会带我们玩小游戏，赢了还有小饼干吃。
143847,78,蒋景阳,2021-12-08 12:24:17,4,4,0,封校上网课还发了好多红包，土豪老师我爱了
144074,78,蒋景阳,2021-12-17 08:31:44,3,3,0,老师超好哒，不过俺太菜了
146121,78,蒋景阳,2022-01-05 13:55:04,-26,2,28,摸了一学期的鱼，最后4.5（可能是英语本身就比较好）#￥#
146226,78,蒋景阳,2022-01-06 02:16:35,3,3,0,老师挺不错的
155454,78,蒋景阳,2022-06-13 05:21:09,2,2,0,好老师
155772,78,蒋景阳,2022-06-16 00:40:27,1,1,0,老师教的真的很好，很和蔼也很认真，口试帮我们复习，小测让助教改的松一点，很难遇见更好的老师了
157717,78,蒋景阳,2022-06-24 12:22:18,2,2,0,蒋老师是非常和蔼，很活泼的老师。上课会主动地活跃气氛，同学们的发言也是hi非常认真的听。可惜我英语期末考炸了，感觉有点对不起这么好的老师。
161227,78,蒋景阳,2022-11-01 07:55:07,3,3,0,老师太好了，上课气氛很好，人也很好沟通，有时候做游戏也会有零食。yyds
162625,78,蒋景阳,2022-11-30 02:01:39,4,4,0,超温柔，像妈妈一样
164045,78,蒋景阳,2022-12-17 12:07:48,4,4,0,上了蒋老师秋冬学期的大英三，老师超级好！（然后我有一次睡过头迟到了，老师温柔的原谅了我T_T，只说下次别迟了，，）就像妈妈一样～还有红包和小零食，哎嘿。但是英语太菜了，上课好困(¦3[▓▓]
181047,78,蒋景阳,2023-10-07 01:28:25,2,2,0,老师超温柔～
181903,78,蒋景阳,2023-11-04 11:52:27,1,1,0,老师人真的超级温柔
185033,78,蒋景阳,2023-12-26 03:40:17,2,2,0,选上蒋麻麻的课你就偷着乐吧
186649,78,蒋景阳,2024-01-12 10:29:00,0,0,0,不错的老师
189001,78,蒋景阳,2024-01-21 06:15:44,0,0,0,很好的老师
195233,78,蒋景阳,2024-06-27 10:41:45,0,0,0,蒋老师太温柔了，但是我真的太菜了╥﹏╥
204878,78,蒋景阳,2024-11-28 09:08:21,0,0,0,建议选她当导师的研究生慎选，养鱼大王。。。答应好多人 最后临时鸽掉所有人
209165,78,蒋景阳,2025-01-05 01:33:52,2,4,2,本人上蒋老师的大学英语三。怎么说呢？这门课想拿高分主要看期末和小测。蒋老师固然上课认真负责，很好的老师。但最后总评91卡绩了，还是挺难受的。
209738,78,蒋景阳,2025-01-07 02:07:13,1,1,0,大英三。老师人很好，不会很严格，虽然整体举手发言不积极但是老师还是鼓励式教育hhh老师不点名但大英嘛大家都懂。课堂氛围很好，给分合理。没卷发言没卷汇报，本人还经常打瞌睡，凭高中老本小测期末考，3.9飘过😋
7213,112,李俊敏,2015-09-11 02:40:46,8,16,8,老师人很好，当年我大英四背诵弃疗了没去，她还专门发短信过来问我情况T_T真是辜负您了
7869,112,李俊敏,2015-09-16 00:54:56,0,5,5,人还好的就是上课无聊到爆.....困困困
9348,112,李俊敏,2015-10-22 13:00:35,7,8,1,非常负责
14365,112,李俊敏,2016-01-06 13:44:32,1,3,2,不得不说，上课有点无聊额
15066,112,李俊敏,2016-01-12 01:01:13,6,7,1,大英主要是自己学，教学主要是给你营造一个氛围，上大英觉得无聊是自己的原因。
15340,112,李俊敏,2016-01-14 02:49:58,13,16,3,大英考完来一发....\n\n上课总是让小组讨论然后发言，但其实气氛蜜汁尴尬，老师站在讲台上也rio无奈。老师下学期就要调走了，祝好运...\n\n
15888,112,李俊敏,2016-01-16 13:59:00,3,3,0,为李老师点赞
15900,112,李俊敏,2016-01-16 14:15:44,3,3,0,老师很好，就是我不争气
15912,112,李俊敏,2016-01-16 14:58:51,9,9,0,老师人很好，温柔耐心，课堂氛围不好的时候真心心疼
15956,112,李俊敏,2016-01-16 17:42:01,6,6,0,很好的老师，平时很好沟通，没有脾气，也没有日常听写，虽然最后大英三绩点不高，但是是自己不努力，老师很棒的！
16545,112,李俊敏,2016-01-18 10:40:22,7,7,0,李老师人很好的，上课有人开小差回答不出她也不会骂，绩点低是因为助教太狠。。为此她上课批评助教！不过下学期要调走了，祝好运
16571,112,李俊敏,2016-01-19 02:33:16,0,1,1,平时分给得太低了，平时已经很努力……
16853,112,李俊敏,2016-01-19 05:35:35,-3,0,3,ji杀，，，，，平时分给的很低。。。。。。人蛮温柔的，，，，，，但是很不好说话的，，，，，，，上课气氛尴尬
17505,112,李俊敏,2016-01-20 10:14:15,3,3,0,老师人很好，要自己积极参与课堂才能得高分！有点舍不得老师离开～
17924,112,李俊敏,2016-01-21 04:05:24,1,1,0,虽然只有3 但这只是自己英语太差了 怪不了别人 老师讲的很好 人也很好 满分！
18535,112,李俊敏,2016-01-22 02:25:24,3,3,0,大英三，不错的老师，对同学很好
19714,112,李俊敏,2016-01-25 06:52:15,5,5,0,老师超级好，人温柔。助教绩杀她给每个学生平时分普加一分，真心舍不得老师走
21834,112,李俊敏,2016-03-01 07:48:13,0,0,0,人挺好的，有耐心，温柔
23721,112,李俊敏,2016-04-13 13:30:35,1,1,0,10分好老师，敬礼
152,130,张璐,2015-03-14 16:13:12,85,100,15,很可爱的老师~上课有创意又用心 作业也不多。的确能学到很多
273,130,张璐,2015-03-14 23:52:27,21,24,3,年轻有活力
1362,130,张璐,2015-03-22 00:59:40,9,12,3,好老师！热情又负责
2735,130,张璐,2015-05-06 11:14:03,2,2,0,有收获
3680,130,张璐,2015-06-17 02:13:40,15,19,4,年轻有活力，上课很有趣，形式多样，观念不错。给分也好。很喜欢这个姑娘
3948,130,张璐,2015-06-17 10:55:27,4,4,0,超级好
4047,130,张璐,2015-07-05 16:13:49,5,7,2,赞啊，真正学到东西
4394,130,张璐,2015-06-21 08:04:59,35,47,12,她的课里会有单词例句挖空(不会批改)，有课文句子听写(听写会每次批改十人)。老师本身很平易近人。如果你想认真上大英想学东西而不是水水过，她会是非常好的老师
4972,130,张璐,2015-07-01 16:39:45,15,20,5,形式多样，大英三还有茶话会，超级棒的
5197,130,张璐,2015-07-09 09:07:35,0,1,1,好\n\n
5505,130,张璐,2015-07-08 03:42:06,2,3,1,老师很好，比大英四老师强多了
5864,130,张璐,2015-07-09 15:53:29,0,1,1,张老师很认真 原则性很强 真心好老师！
8571,130,张璐,2015-09-22 12:39:30,1,3,2,棒！！形式多样，让大家很快记住单词，而且一点也不水！！能学到好多东西
8718,130,张璐,2015-09-24 09:57:53,7,9,2,非常关心学生，上课互动性强。没有坑爹作业，只有有趣的小练习。
9052,130,张璐,2015-10-11 15:24:07,2,3,1,很棒！
10573,130,张璐,2015-11-20 04:58:49,0,1,1,老师很棒
11527,130,张璐,2015-12-03 15:36:46,0,0,0,老师真的很好，超棒，很认真，很喜欢她！！！！！
12251,130,张璐,2015-12-22 14:25:43,0,1,1,老师很青春很有活力的，而且口语很棒，也会留心很多生活中的可爱之处跟我们分享
12315,130,张璐,2015-12-23 02:56:12,2,3,1,很阳光，热爱生活的一个人。跟她学习很开心
13396,130,张璐,2015-12-27 15:11:52,0,0,0,超级好老师！
13561,130,张璐,2015-12-29 08:16:22,0,0,0,很喜欢这个老师，很可爱，很认真，很负责！！！
13710,130,张璐,2015-12-30 11:24:03,4,5,1,老师超级好，事不多，上课轻松有趣，简直棒！助教就呵呵了。。
13713,130,张璐,2015-12-30 11:27:08,2,3,1,真想再选她的课
13996,130,张璐,2016-01-03 11:51:56,0,0,0,很好的一个老师，非常可爱，上课有趣生动，作业少，听写对考试有帮助，可惜大英四选不上。。。
14431,130,张璐,2016-01-07 04:51:21,12,12,0,上张老师的课有很多时间都不是呆在座位上，而是要和其他人交流。老师用很多有意思的活动代替无聊的练习（在活动中谨防被老师偷拍，老师会把照片发给所有人的）
15021,130,张璐,2016-01-11 14:12:07,3,3,0,好老师，上课非常棒，课文讲解不多，助教真的给分不好
15196,130,张璐,2016-01-12 14:34:21,2,2,0,好老师，真心好，助教好严啊
15354,130,张璐,2016-01-14 03:52:02,4,5,1,助教很好的一个人，就是太严了\n\n
15721,130,张璐,2016-01-16 07:46:08,2,3,1,张老师很可爱 很善良 真的是好老师
16102,130,张璐,2016-01-17 08:00:32,0,0,0,老师棒棒哒 人超级好很和蔼 上课经常会讲些小故事 很有趣能学到很多
16336,130,张璐,2016-01-18 03:15:40,4,4,0,上课内容很丰富 也非常有意思 就是我的给分略拙计 怪自己吧
16549,130,张璐,2016-01-18 10:47:08,-4,0,4,活动好多啊
16842,130,张璐,2016-01-19 05:15:35,0,3,3,给分超好，人很有趣，要选
17358,130,张璐,2016-01-20 05:42:56,0,0,0,有趣的老师
18741,130,张璐,2016-01-22 12:33:17,1,1,0,真的能学到很多，很亲切
19816,130,张璐,2016-01-25 10:25:17,4,4,0,没什么感觉，没什么活动啊！
20720,130,张璐,2016-01-30 08:18:10,3,3,0,老师很棒很用心，还请我们喝饮料，但是助教给分略坑
21516,130,张璐,2016-02-29 05:53:22,0,0,0,超级棒
21858,130,张璐,2016-03-01 10:07:54,0,4,4,事太多
23683,130,张璐,2016-04-12 07:40:52,0,0,0,美即正义
25311,130,张璐,2016-05-13 11:33:37,0,0,0,好老师，人美心善
25974,130,张璐,2016-06-14 16:23:05,2,2,0,啊啊啊啊忘记评价啦，就算为了茶话会也要选她的大英三啊！她听力单词什么的的练习帮助蛮大的，搞得我大英四换老师不习惯了。
26703,130,张璐,2016-06-21 02:52:59,2,2,0,老师人超级nice啊啊啊！上课超级有意思 还能学到很多人情世故 太赞了啊！！！
26880,130,张璐,2016-06-21 12:22:03,7,12,5,怎么说呢……讲课挺清楚的，也有日常练习，但不能说是多么好的老师吧，就是正常，比较认真负责，仅此而已。讲课的话略无趣，但知识点都给点明，玩手机会被她点名的哦?
27102,130,张璐,2016-06-23 02:27:12,1,1,0,老师的确好 但给分呵呵 还有啊 我总觉得试卷是老师自己批的 给分这东西不怪助教吧 反正我的quiz成绩比大英三整体低五分 呵呵
27242,130,张璐,2016-06-24 02:09:20,0,0,0,助教姐姐太无情了
27571,130,张璐,2016-06-27 04:12:42,1,3,2,课上很无聊，一直想睡
27607,130,张璐,2016-06-27 12:16:53,3,6,3,给分真低
27733,130,张璐,2016-06-27 10:05:32,4,9,5,给分哔了狗了?
27786,130,张璐,2016-06-27 14:15:51,1,1,0,老师真的人超好
27850,130,张璐,2016-07-06 05:59:47,1,1,0,很好的老师，上课有收获
28505,130,张璐,2016-06-28 09:40:04,1,1,0,很认真用心 平时练听写很有帮助 但和学生互动很少 给分挺严的
28681,130,张璐,2016-06-28 12:18:34,3,3,0,真的是非常可爱的老师2333 而且口语比大英三的老师不知道好了多少倍！！人很可爱噢会卖萌会小撒娇（嘿嘿）整个大一上下来感觉自己学到了很多 成绩也比大英三好真的非常感人 选到的童鞋们不要犹豫！真心好老师！
28965,130,张璐,2016-06-29 04:32:00,0,0,0,非常用心，听写会整理易错点⊙▽⊙喜欢老师
29961,130,张璐,2016-06-30 15:04:43,4,5,1,好的方面：该讲的地方全部会点到，认真负责；不好的方面：兴趣比较奇怪，还有课堂的气氛总是会迷之尴尬……
30110,130,张璐,2016-07-01 02:49:06,0,0,0,棒棒哒
30200,130,张璐,2016-10-11 01:41:07,2,2,0,超级喜欢张璐老师，女神级别的人物，很喜欢她的风格i
34590,130,张璐,2016-12-21 07:22:29,0,0,0,真的是很好很好的老师啊，资料很多，我喜欢……
35096,130,张璐,2016-11-02 07:09:44,6,6,0,如今怀念的是老师放的民谣，每次进教室听到雷子的声音，就像风在摇它的叶子，草在结它的籽。感受到了老师的一种情怀。
36113,130,张璐,2016-11-10 12:41:15,0,0,0,好老师，特别可爱，不解释
36140,130,张璐,2016-11-10 14:27:44,1,1,0,老师超级好，上课很有意思，平时给好多既有用又有意思的资料，跟学生互动的特别好，强推，如果想真正的学英语，选老师绝对正确
36201,130,张璐,2016-11-11 04:35:41,1,1,0,课堂很活跃，很高兴大家，好老师！
38028,130,张璐,2016-11-23 09:07:28,0,1,1,简直不能再好！课堂形式好活泼！只要对英语没有厌烦情绪的人都会喜欢她的课的！刚刚做完展演，说好的10分钟给了我40分钟！感动！而且在她身上不仅能学到英语知识，别的问题她也有自己的见解，千载难逢的好老师！么么哒！
39559,130,张璐,2017-01-15 02:50:07,1,1,0,张老师真的是超棒的老师！女神啊有木有，而且有的时候超萌的！印象最深刻的就是老师大英四的时候上的作文课，满墙的优秀作文而且按照风格归类，对上课简直是太用心了！其实老师在温柔中透露出一些严格，可以概括为“如果全世界都在表扬你，我负责打击你”。老师会时刻提醒你“看到自己的差距”，这样的好老师是催人奋进的！
39690,130,张璐,2016-12-27 03:29:46,0,0,0,老师很负责任呢 会发给我们很多额外的阅读、听力材料 很有活力233
40846,130,张璐,2017-01-06 02:22:18,26,36,10,给分不够好
42303,130,张璐,2017-01-14 03:51:52,1,1,0,上课很走心，还经常会额外发一些很不错的课外材料。形式非常多样化～^_^谁都可以学到很多东西
42504,130,张璐,2017-01-14 10:02:20,0,1,1,张璐老师是一位很好的老师，英音很好听。然而不得不喷助教。
42508,130,张璐,2017-01-14 10:05:50,2,3,1,强推。个人觉得很亲切，上课形式很多样，没有强制性的presentation，事情也不是特别多。会有各种有趣的课外材料。唯一不足的是我有一天是9、10节 遇到讲in class reading的时候真的想睡过去…
42514,130,张璐,2017-01-14 10:11:15,0,0,0,老师超可爱~~~
42556,130,张璐,2017-01-14 12:38:13,0,0,0,老师人很好，上课很舒服。课后会有很多补充材料，不会检查，全靠自觉
42720,130,张璐,2017-01-15 03:39:11,0,0,0,很棒b w
42845,130,张璐,2017-01-15 09:37:30,3,3,0,平淡如水
42872,130,张璐,2017-03-02 15:41:57,1,1,0,老师很不错
44478,130,张璐,2017-01-18 01:00:06,0,0,0,老师讲得很好，很温柔，上课不能水手机?
44788,130,张璐,2017-01-18 08:55:11,1,1,0,张老师是一个很有情怀的人，不仅课上得好，而且非常有生活情趣，在课堂上，偶尔还会跟我们分享一些生活中的小趣事。不过，老师发布在公邮的文件，一定要及时下载！！！
45168,130,张璐,2017-01-19 05:35:15,2,2,0,女神不解释，爱您么么大！
48232,130,张璐,2017-03-01 10:54:18,0,0,0,女神(⁄ ⁄•⁄ω⁄•⁄ ⁄)
51492,130,张璐,2017-06-06 12:25:58,0,0,0,老师是真的可爱\n\n\n\n
51521,130,张璐,2017-06-07 02:54:44,5,7,2,老师是好老师。大英四是真的好。但是。英语视听说是真的事多…不要选她的视听说吧…慎选吧…听不完的听写作业+视频作业+考试etc真的有些麻烦
52587,130,张璐,2017-06-21 08:45:39,2,5,3,啊啊啊，感觉视听说要挂了，所以特地来求一下保佑呀，视听说的事情真的特别特别多，蛮有趣，老师认真负责，同时考试真的不简单，如果只是想凑够F类的学分或者水一水的话，建议选别的老师或者别的课，最后，再次表白张老师，求。。。过。。。呀。。。
52634,130,张璐,2017-06-21 17:09:53,14,23,9,虽然老师人很好……但是……是个绩杀啊啊啊
52689,130,张璐,2017-06-22 07:03:59,10,15,5,看看这个英语视听说的均绩……
52698,130,张璐,2017-09-10 16:06:47,7,13,6,英语视听说！请看均绩！！除非你不学其他课，这门课的各种作业会让你痛不欲生，最后考试比托福听力都难，作业各种各样，展示，14篇文章听写，视频，口语作业，各种各样，用尽方法榨干你的时间精力，奉劝各位！千万！千万！不要选！！！！！
53250,130,张璐,2017-06-26 08:55:09,2,3,1,选张老师的课一定会后悔的。                          因为你再也无法遇到一个像她这样专业、充满活力、第一节课就记住你名字的老师了。
53379,130,张璐,2017-06-26 13:01:16,10,11,1,别！选！视！听！说！！！
53683,130,张璐,2017-06-27 09:57:11,1,1,0,不允许使用手机，会提问。作业任务还好吧，
53837,130,张璐,2017-06-28 00:00:11,7,10,3,视听说作业实在是太多了，不亚于大英！付出与收货不成正比！大家慎选。
56257,130,张璐,2017-07-03 10:35:59,3,4,1,一堆作业 给分也不高 视听说建议选另外一个老师
59824,130,张璐,2017-09-27 08:41:27,1,1,0,超级平易近人
61242,130,张璐,2017-11-13 02:22:59,2,2,0,看到你玩手机会叫你起来回答问题。
62593,130,张璐,2017-11-26 05:46:19,9,10,1,大英四，人超好也可爱…非常负责，课内课外都有讲一些，日常练习也很棒，作业量一般，对词汇量、听力、口语的提高较多，写作也有一些，翻译就较少，大家看情况选吧~上过别的老师的课才知道她超好呜呜呜给老师比心——(´▽｀)ノ♪迟到要念诗真的很可爱…现在非常想她，总之是值得选的老师！
64126,130,张璐,2017-12-21 04:43:23,1,1,0,老师人特别好，很nice，是很有教养很优雅的一位老师，我最最喜欢的老师之一啦
65372,130,张璐,2018-01-03 12:08:26,0,0,0,像姐姐一样的老师，真的非常非常非常棒！\n\n很幸运刚入大学就遇到了这么可爱的老师。我不会停止向学弟学妹们安利张老师的！！
65823,130,张璐,2018-01-09 11:04:41,0,0,0,老师很可爱，会给我们讲一些实际的事情。不过后来老师有事不能来上课，都换成其他老师了，难过。
66571,130,张璐,2018-01-20 14:33:50,0,2,2,哈哈，今天出分了，老师给分可能的确比较严(卡档了。)但是我觉得也挺好的吧，平时分期末分都很清楚，该多少分就多少分。还是给老师打十分。大家上张老师的课一定要认真，不管平时还是期末。
66586,130,张璐,2018-01-17 11:51:49,2,2,0,明天考大英四hhh祝好运\n\n老师很棒很温柔课很有趣，不过比较遗憾这学期她带了一半去生宝宝了，但是她在医院还坚持发学习资料，刚才在群里发了红包，不说了我去领红包了?
67292,130,张璐,2018-01-20 15:13:33,0,0,0,老师很温柔，口语很清新很好听，但大英还是要看自己考
67311,130,张璐,2018-01-20 16:19:57,1,1,0,负责任，很有爱的好老师。
67318,130,张璐,2018-01-20 18:12:47,2,3,1,老师很温柔可爱，不过给分一般啦。唉，大英直接拉动均绩0.2
67648,130,张璐,2018-01-22 03:54:53,0,1,1,老师很可爱，说话温柔的，这学期老师要有baby了所以后半学期是其他老师代课。收获不小，可以看出老师用心教课。不过中文写的太连了，改作文看不懂。。
67777,130,张璐,2018-01-22 07:06:36,0,2,2,上张璐老师的课还是比较有收获的，而且由于她去生宝宝了换过来的一个又一个代课老师更对比出她的认真与负责。初来乍到会觉得她比较高冷啦，其实人很暖的。\n\n大英这东西其实还是靠自己的啦，一般不存在绩杀的说法吧?
68146,130,张璐,2018-01-22 15:44:09,0,1,1,给分一般，大英这种课，靠自己
68195,130,张璐,2018-01-22 21:10:23,3,3,0,虽然老师只带了自己半个学期，但是她那种不卑不亢的乐观生活情趣却深深打动了我。
69265,130,张璐,2018-01-24 11:44:07,0,1,1,老师很好呢，听写对提高英语很有帮助，而且，十分感人的是英语如此之烂的我也过了大英四，感谢老师！
69266,130,张璐,2018-01-24 11:44:53,-26,1,27,没觉得给分很差啊。我英语也不算好，大概4级600分的水平，平时上课也没怎么参与，作业好好写，考试前也不怎么复习，4.5也算还好啦
73514,130,张璐,2018-02-02 00:56:43,0,3,3,老师超棒的！上的她的大英四，阅读和听力材料非常多样，学到很多东西的同时也不会觉得无聊。partner和小组讨论的机会较多，没有强制性的presentation。绩点的话，只要考试认真准备，都不会难看的。遗憾的是老师上了一半就去生宝宝了，希望之后有机会再上她的课吧。
74389,130,张璐,2018-02-17 01:31:05,-16,2,18,我英语真的不算很好的。平时也是水水过。最后老师给满了。就酱。
75311,130,张璐,2018-03-09 01:25:49,6,7,1,有史以来最低绩点
95014,130,张璐,2019-01-18 15:01:10,0,3,3,人美心善又亲切\n\n真的在课堂上很放松，又学到很多
95107,130,张璐,2019-01-19 00:05:00,-2,3,5,绩杀 别选
95130,130,张璐,2019-01-19 00:58:02,0,0,0,老师人超nice，备课超级认真，讲得也很好，上课体验超棒！作业也不是很多，听写也比较松，平时努力一点期末拿个不错的分数问题不大。更重要的是除了课本知识，还能学到学习英语的方法和其他各种方面的知识，老师的课认真听的话真的能学到很多
95163,130,张璐,2019-01-19 02:39:48,0,0,0,老师对上课还是很用心的 人也超可爱 感觉学生配不上她的认真吧 小测作文期末考试好好弄给分不会低的～
95336,130,张璐,2019-01-19 08:42:41,1,1,0,个人感觉老师人很好，给的练习也很好，但平心而论感觉上课内容稍微有点水，不太重视听写之类的，最后成绩也一般般
95486,130,张璐,2019-01-19 12:55:36,3,3,0,老师真的是博物学家啊，材料很丰富的～～虽然最后分还不错然鹅还是觉得课有点水了，不过应该是大英课程的问题啦
97745,130,张璐,2019-01-22 14:49:00,2,3,1,我大一上学期最喜欢的老师o(^o^)o\n\n很有亲和力，我和同学都很喜欢她? ，人格魅力真的没的说\n\n课堂内容很丰富，有同学说比较水，我觉得是课程和个人的问题，好好听会学到东西。英语不是只有考试，作为一门语言，使用才是最重要的。但是说来惭愧，后来我上课也不咋听了? \n\n关于绩点，上课不要被抓到水手机，多参与讨论，别迟到旷课，平时分不会低\n\n期末好好背单词，我靠最后两节课疯狂背单词绩点也不错\n\n真的很喜欢老师，下学期没她的课了有些可惜，为了不给老师拉低分数，果断十分啦?
98314,130,张璐,2019-01-23 10:06:44,1,1,0,老师超级好的，不会光照着课本讲，结合了很多很有趣的拓展。上课不能玩手机，但是老师上课超有意思的，根本不会想到要玩手机。最后的成绩的话，还是要是靠自己考出来的吧。老师会推荐很多有声书、原版书等等，对英语学习很有帮助！
101365,130,张璐,2019-01-28 05:49:33,2,2,0,过年会发红包的老师，你值得拥有
103482,130,张璐,2019-02-28 10:47:45,3,4,1,第二节课就会固定座位，然后做座位表，所以上课表现什么的老师都看着啦。\n\n上课准备的资料很丰富的，比如科普了一些濒危的动物，介绍了管弦乐队里各种乐器名称什么的。\n\n但是整体还是比较轻松的，一单元一次听写，但是只抽一组改。作业压力也不大。pres提早很多就布置了。感觉大英分数还是看自己，特别是期末考得好不好吧。\n\n我们过年没有发红包，成绩一出老师就解散群了。
104525,130,张璐,2019-03-22 12:06:11,9,9,0,老师讲英语好流利，听起来真的很舒服。\n\n老师喜欢开门通风，打喷嚏也有礼仪要求。\n\n课件做的很用心，很希望学生多下载。
108160,130,张璐,2019-05-16 01:16:54,3,4,1,让没有喜剧天赋的人在观众面前讲笑话恐怕对讲者和听者都是一种折磨。老师很亲切，上课会布置很多topic，但是希望主题能让更多的同学有话可讲。
109721,130,张璐,2019-06-19 00:58:36,6,9,3,很用心很细心的一位老师，会注重到英语学习的每一个细节。如果你想水是OK的，老师布置的很多，但强制性的很少。\n\n最后，希望大家英语能比老师的孩子要优秀（好像很难~）
110260,130,张璐,2019-06-25 06:27:18,7,8,1,成绩还没出来，刚考完，虽然大英四凉凉，试卷好难，还是要过来给老师一个十分。老师人真的很好，上课也挺有意思。作业是比较多，不过基本上都不是强制性的，还会发很多自己整理的参考资料。真的是好老师，认真学一定会收获不少。考不好，真的是因为我菜吧，太差期末听力，只是rap吧，那么快。
110584,130,张璐,2019-06-27 14:03:56,0,0,0,是女神啦！大英4，讲课又有趣，事情又不强制，水品又高，学习方法的介绍也很棒，超赞的啦！
110585,130,张璐,2019-06-27 14:04:52,3,8,5,老师的平时作文给分真的很迷。我考场作文基本13/14分，平时当作业写的更认真更久的作文只有10/11分。拉低了不少分。我大英三另一个老师，基本全水还有4.2，张老师的大英四我认真了至少五倍，考前还狠复习了一波最后只有3.6…\n\n不过老师上课真的很负责，人也很好
110587,130,张璐,2019-06-27 14:19:44,3,4,1,作业有点多啊（…） 布置作文真的也太多了ddl设在一起就不是很合理啊 如果是想水一点上课的话真诚建议不要选了 \n\n上课挺用心的 不是只讲课那种 只是有些方式 比如上课的时候让全班站起来看其他人的作文 说实话 让我这个写的很菜的觉得很不好意思 唉
119106,130,张璐,2019-11-10 11:03:11,1,1,0,好老师，爱了
119201,130,张璐,2019-11-11 06:47:24,1,2,1,无语，我上课评的分
121908,130,张璐,2020-01-23 15:11:55,2,2,0,老师很活泼可爱，上她的课能让我感到她是一个真的热爱英语教学，热爱这个课堂的人。在浙大遇到的一个很有意思的老师，能预制她的课运气是真的好！
122234,130,张璐,2020-02-20 09:10:53,-10,5,15,水军太多了，这老师的课上的跟通识似的，如果单纯想要提高英语还是别选了
123622,130,张璐,2020-06-10 13:58:38,2,2,0,很可爱的姑娘。我大英都是她的课，喝过她的茶，真香。虽然我是英语渣。
124884,130,张璐,2020-07-14 13:53:42,4,4,0,不说了，事超多
125152,130,张璐,2020-09-02 09:18:13,3,11,8,我一直以来英语成绩都比较好，大英三4.8，大英四我觉得自己正常发挥，最后3.6？？？我小测成绩还不错，平时作文基本上在13-14分，虽然我自己可能期末确实没考好，但也不至于这么低吧？
125154,130,张璐,2020-09-02 09:50:08,-1,2,3,一学期基本没学给过了
125158,130,张璐,2020-09-02 11:03:49,0,2,2,大英Ⅳ比大英Ⅲ难了不少……不过幸好上学期让我意识到不能啃高中的老本，所以基本老师布置的任务(确实比较多）都有认真完成~最后绩点还不错\n\n如果不是老师认真负责的教学风格的话我有可能下学期再战大英了（笑）\n\nP.S.学外语是一个长时间广积累的过程，老师推荐的工具到现在还在用，respect.
126324,130,张璐,2020-09-22 14:46:59,-8,3,11,为什么作业这么多！！！
128610,130,张璐,2020-12-24 15:00:59,8,8,0,老师真的很棒哦，那些说作业多的人，你们是想大学的课全都水水的才满意吗？
128997,130,张璐,2020-12-28 06:57:28,14,15,1,璐姐真的是特别好的老师啦 会称呼我们孩儿们真的跟妈妈一样 毕竟很多同学都是孤身来到不熟悉的地方上大学 有这样一个老师这么称呼我们 关心我们 真的是一件很温暖的事情 会在钉钉群里跟我们分享一些有趣的事情 今天还向我们要了年度歌单哈哈哈 作业的确多 上课玩手机也的确会点名 但我真的希望那些觉得作业多的人不要来选她的课 你们可以选那些作业又少还不管你玩手机的老师 把机会留给我吧 这样子我选上的几率也能大一些 谢谢🙏
129137,130,张璐,2020-12-30 10:36:40,7,7,0,大英三预置的是她的课，大英四毫不犹豫地继续选。老师很关心同学，如果有东西不懂老师会很耐心地解答，还会鼓励你提问题。我之前不太喜欢提问题，有的时候是胆怯有的时候觉得没必要，但是老师会开导你给你发相关的ted演讲鼓励你。上她的课如果不认真、不努力确实是会觉得事情很多，但是对我来说，大英学习上有这样负责任的老师真的很幸运
129254,130,张璐,2021-01-02 12:30:53,0,0,0,针不戳针不戳
130688,130,张璐,2021-01-24 08:01:02,7,11,4,感觉一学期认认真真学了，期末也有好好复习，绩点仍然低的吓人....老师虽然很有趣，但是给分确实让人失望
130960,130,张璐,2021-01-25 11:40:13,5,6,1,张璐老师人很可爱，上了她的大英三，整个秋冬学期没有什么课堂展示，大多是小组内部展示，还有就是班级内部各自走动起来询问别组同学，采访提问题。我印象最深刻的就是张璐小姐姐给我们的一支棒棒糖，可惜我大英四中道崩殂，没能选上张璐老师的课呜呜呜。小测基本没啥，就是好好背单词吧，怪我不认真，最后卡绩了（好的卡绩），正好3.6，反正，好老师。
131914,130,张璐,2021-01-29 09:54:52,1,2,1,张老师真的很好很认真 分数低是我自己的原因
131935,130,张璐,2021-01-29 10:28:48,1,2,1,认真的人总是有回报
137283,130,张璐,2021-07-03 02:04:05,2,4,2,出分了。感谢老师一年来的陪伴，真的很感谢。\n\n之后没有英语课也会努力做听写，期望能在英语视听说课上再见到老师
137285,130,张璐,2021-07-03 02:15:09,1,2,1,感谢老师不挂之恩和辛勤教导555
137302,130,张璐,2021-07-03 04:08:06,0,1,1,谢谢张老师这学期的陪伴，让我对英语又有了兴趣，是很好很好的老师，入股不亏～
138397,130,张璐,2021-07-09 02:19:39,-3,5,8,大英成绩使均绩掉了0.2
142113,130,张璐,2021-11-06 09:03:45,3,5,2,翘了一次小测给补了 不用多说了吧
146253,130,张璐,2022-01-06 04:41:01,5,6,1,大英分数真的是自己考出来的，张老师真的是很可爱的好老师，选她不会错。
146257,130,张璐,2022-01-06 04:59:20,0,1,1,老师真的是好老师，分数是我菜😭
146261,130,张璐,2022-01-06 05:21:19,4,5,1,趁出分来好好的夸夸张璐姐\n\n平时事少，除了两次作文＋读书报告外会有一点点课后练习思考（这些有时会在下一节课提问，不过是主动回答），有一次pre，不过只用小组内展示（社恐狂喜）\n\n课堂上璐姐会根据章节内容作些拓展，能让我觉得不是为了掌握英语而是为了提升思维而学大英的。学期初还教我们设置smart goals（虽然没达成55），切实感受到了璐姐的良苦用心。\n\n成绩的话两次Quiz和期末能看出来老师有在捞了，不过要高绩的话，客观题自己多下工夫才行。本人是预置大英三改成璐姐的大英四的，难度不大，学习体验很好。总之非常推荐！！
146275,130,张璐,2022-01-06 06:18:59,2,3,1,张璐老师很好的!辫子很少女哈哈\n\n会给我们开茶话会\n\n口语很流畅很舒服
146355,130,张璐,2022-01-06 09:59:00,0,1,1,确实人很好，就是给分……
146494,130,张璐,2022-01-06 17:03:22,9,10,1,真的谢谢老师😭😭我从来没想过我大学四年能拿满绩 但是大英作为第一门出成绩的课满了真的很鼓舞人 谢谢老师 我平常比较害羞不敢当面说 就在这里说吧
146823,130,张璐,2022-01-07 13:56:56,3,4,1,老师人好，事少。但是我太躺，学到的东西不多
147302,130,张璐,2022-01-09 12:34:11,1,3,2,谢谢璐姐捞我，呜呜呜\n\n大英四一个学期完全，没学，最后60分没挂，hhhhhh
148423,130,张璐,2022-01-12 12:07:41,16,23,7,英语视听说 授课、布置作业、命题和给分水平都极为有限
150772,130,张璐,2022-02-18 06:00:21,0,1,1,爱张老师！
155085,130,张璐,2022-06-08 06:29:06,0,1,1,很温柔的好老师
155099,130,张璐,2022-06-08 09:07:27,1,2,1,老师人超好，有机会还会和同学私聊，有种中学老师的亲切感
155472,130,张璐,2022-06-13 09:02:00,-2,2,4,老师是好老师，上课能学到很多干货，如果是想来水大英的建议别选。今天刚考完，希望老师能捞捞我的大英四，孩子大英三4.5，求不下4，呜呜呜呜呜。
155647,130,张璐,2022-06-15 03:43:07,-2,1,3,老师超级有魅力！课上的听力练习很有意思也很有用，会有单词练习，不过写不出也没事，老师超级温柔～
155653,130,张璐,2022-06-15 04:14:59,0,5,5,张老师！你是我的神！！！大英四今天出分了，4.8，本来以为期末考没发挥好要完蛋了。张老师平时上课的时候很可爱，会叫我们孩儿们哈哈哈，布置的作业也是按照课程组规定的，不会多布置。上课的内容也是干货满满，老师还会帮我们整理单词、语法的重难点。大英四之后就要和大学英语学习说拜拜啦～非常开心能在最后一学期的英语学习中遇到这么好的老师！
155670,130,张璐,2022-06-15 06:21:01,0,2,2,老师真的很好！\n\n也不写书评，只是看完书之后回答两个细节问题，平时上课也会很注重一些语言点什么的，认真听会很有收获！\n\n我自认为英语基础还行，但是大一上学期没怎么好好学就可能有点退化。这学期上了老师的大英四，也认真的学了一些，提升还是很明显的～
155696,130,张璐,2022-06-15 08:25:54,0,3,3,虽然卡绩了，但是还是巨爱张老师！好温柔！好显年轻！听闻她的小孩貌似初中起步的时候一整个震惊住
156344,130,张璐,2022-06-19 07:12:19,4,8,4,这学期上了张老师英语视听说，有一说一，作业量确实不小（和大英课比起来）。然后期末最后一题的难度感觉也挺大的（而且只读一遍！）但没有以前人所说的给分不好吧，我觉得张老师已经很能捞了。本人听力菜鸡一名，两次小组作业全班倒一，期末考好多不确定，最后一题听不懂。但无奈张老师人美心善，很关心学生，把我捞了上来。
156428,130,张璐,2022-06-19 15:04:17,5,7,2,英语视听说 😓😓😓😓😓
166130,130,张璐,2023-01-11 07:21:32,-1,3,4,谢谢老师不杀之恩
166237,130,张璐,2023-01-11 13:29:15,0,3,3,上老师的大英四\n\n老师还是不错的，上课干货也多，还会叫我们孩儿们\n\n作业主要是u校园，然后几篇作文，有听力帮你准备四级，也有pre\n\n总之就是十分推荐
168679,130,张璐,2023-02-21 02:59:24,-8,9,17,打分极低，烂
168680,130,张璐,2023-02-21 03:20:49,4,6,2,虽然已经不年轻了，但是仍然很有活力。人挺有原则，很负责任。\n\n大英四上课有有趣的活动，也会带着做一些稍有难度的练习。\n\n想好好学英语的同学一定要找张老师，老师会提供很好的方法和建议。\n\n上课不能碰手机，要收到包里，被发现了真的会被点名。有几次我溜号也会被点名。\n\n绝佳绝佳，千万别错过！还想再上张老师的课。
168684,130,张璐,2023-02-21 03:49:29,4,8,4,好老师，楼下有必要吗，大英都是自己考出来的，考得好老师给分就会高，不要自己不够努力都怪到老师头上啊，凭良心说张老师真的挺好的，人很温柔亲切，备课也认真。
168756,130,张璐,2023-02-21 16:58:59,1,2,1,老师很好，上课很认真，会叫我们“孩儿们”
168764,130,张璐,2023-02-22 03:08:42,0,2,2,推荐推荐
168800,130,张璐,2023-02-22 09:48:05,1,6,5,真的好老师，大英四满绩dd
169028,130,张璐,2023-02-24 04:58:42,5,7,2,上老师的大英四。老师很有原则但也很可爱，对学生很好，平时事不多。听写写不出没关系，有一次小组pre但不怎么算分，上课会叫人读课文回答问题（如果你发音好听会多叫你几次，不知道是不是和老师本人学语音学有关），平时作业就u校园和几篇作文。大英本身挺无聊的课，最后分数主要靠自己考给分操作空间不大，不过能选到张璐老师还是挺好的。
170557,130,张璐,2023-03-06 11:58:59,4,5,1,大英四2.7，但还是给了十分，因为是我自己没学英语。老师人挺好的。有原则，上课不能碰手机，但是也没什么的。水平很可以。
173052,130,张璐,2023-05-12 04:39:11,3,3,0,璐姐，抱抱5555
175159,130,张璐,2023-06-22 04:30:47,2,2,0,张璐老师是一个非常有活力、非常有思想、非常好的老师！首先，她的课上不希望你拿出手机来玩，是大学以来很少对我们这么负责的老师。在她的课上，你可以学到很多很多东西，包括英语知识、生活态度种种。她非常亲切，我很享受她的口语嘿嘿~作业也不多，批改作业也还是很宽松的。如果你只是想水一水大英课我建议你别选，要不然于你是痛苦，于璐姐姐也难受。如果你想真正学一些东西的，非常推荐选她！！！
175161,130,张璐,2023-06-22 05:06:46,1,1,0,好老师，大英4只有3，但绩点怪不得老师，必须给10分
175170,130,张璐,2023-06-22 06:09:28,2,2,0,我，2.1，但，老师不烂，只是我，太菜，特来，打满，大英，拜拜
175693,130,张璐,2023-06-26 08:11:21,2,2,0,我烂但是璐姐强啊，注意晚上睡好觉再去上课
177700,130,张璐,2023-07-04 10:33:36,0,1,1,好老师好老师，是我太懒了
178109,130,张璐,2023-07-07 03:09:31,1,2,1,张璐老师的语音学，看评论没人讲，那我来讲一下哈哈哈～\n\n10%出勤+10%课堂展示+30%开卷考试+50%研究计划（1000-1500老师会给上线）\n\n璐姐人很好，语音学感觉更多是在讲phonetics的知识，平时几乎没作业，就是看看书预习一下，然后最后两周，第一周是课堂展示（关于一个语音学的现象），第二周就是一个开卷考试，璐姐说边出卷变想哎呀这么简单这次会有几个满分，虽然我还是有几道题不确定哈哈哈哈😭课上会有一些hands-on，璐姐会让我们玩一下PRAAT，虽然是很初级的使用哈哈哈哈，我觉得课堂氛围很好！然后就是大家关心的给分，我觉得璐姐给分很不错的，而且对学生很宽容很尊重，璐姐很愿意和我们交流，下了课大家都逮着璐姐问这问那，她也特别有耐心回答大家！璐门🙏
181262,130,张璐,2023-10-12 11:45:22,0,0,0,语音学，告诉我主观题一分没得hh
186276,130,张璐,2024-01-10 10:02:37,4,4,0,璐姐天使！！
186283,130,张璐,2024-01-10 10:18:13,7,7,0,真的大爱璐璐老师，活泼有趣既是她的性格，也可以形容她的课堂，璐璐老师是真的可以和我们打成一片的好老师，真的超级负责任，会很温和的提醒上课玩手机的同学，起来回答问题即使说不出很好的答案也不会生气，之所以打了10分，是因为最高就只能打到10分！
186285,130,张璐,2024-01-10 10:33:36,2,4,2,良心老师，大英一个学期没听，最后3.9
186307,130,张璐,2024-01-10 12:01:22,2,2,0,天使璐姐🥰🥰事情少给分也还不错嘿嘿。一个学期没有一个pre平时作业也少。
187046,130,张璐,2024-01-14 08:59:43,8,12,4,【课程】大学英语IV\n\n【绩点】4.5/89（也许是被捞了？不好说）\n\n【英语基础】浙江高考139（这个每省评分标准和风格不完全一样所以不能直接比较仅供参考）\n\n【评分】10\n\n【评价】璐姐的课真的很好！！！而且是超级可爱的老师！还是不太理解为什么评分没有收敛于10。\n\n事也挺少的，没有乱七八糟的小组作业或者pre，作业只需要完成平台上的内容就行，而且据说只看时间不看内容？\n\n个人都是只有上课时间稍微水一下，可以说是课下没有花任何时间（除了考前稍微背了单词），但是如果课后也去用心完成的话也许绩点会更高？\n\nanyway，非常推荐！！选到就是赚到！
188620,130,张璐,2024-01-19 12:12:55,6,6,0,优雅有趣的老师，而且事少
194254,130,张璐,2024-06-23 02:03:33,1,1,0,视听说～老师还是非常为学生考虑的 很体贴 事也不多 感谢老师！
194318,130,张璐,2024-06-23 08:32:19,8,8,0,大英四，冲着不会留小组作业还有pre去选的老师的课，被老师的人格魅力征服了！超可爱的璐姐，上课也很有意思！！经常会让和同伴讨论，因为和室友一起选的所以上课很轻松不会尴尬，课下也从来不留乱七八糟的作业，基本就是书上的题目和背单词，很轻松很快乐！平时有事请假老师也很好说话，钉钉跟她说一下就好。最后成绩我也还算满意，老师也没有什么操作余地绩点主要看自己，我比较菜哈哈。真的爱死我璐姐哩！！！！
194487,130,张璐,2024-06-24 06:24:32,4,4,0,视听说4.8\n\n大部分时间练的是听力，平时作业就是每周回去听三段录音（3、4分钟），或者平时不听，期末听（bushi）；然后就是有一个小组作业，我们组做的比较认真，花了三个晚上加一个周六一起好好搞了，最后得分应该不错\n\n总的来说事情是很少的，老师很体贴，璐姐人超级好，上课完全没有压力，本来抱着可能会拉低绩点的心态上的，结果最后给分大大超出预期，谢谢老师！！
207791,130,张璐,2024-12-24 09:27:53,4,4,0,很可爱的老师🥰🥰🥰完全就是legend…\n\n分数什么的都不在乎了
207831,130,张璐,2024-12-24 12:09:50,4,4,0,老师很活泼可爱，鼓励同学们上台展示。各种事都讲的很详细，也不多布置任务。
207895,130,张璐,2024-12-25 01:44:07,8,8,0,张老师真的超超超好，超超超可爱。极力推荐她的大英四！！！\n\n最后一节课还送了我们每个人新年礼物，哇哇哇哇哇～～～
207942,130,张璐,2024-12-25 04:51:10,10,10,0,啊啊啊啊啊大爱璐璐姐！！！！！\n\n刚刚结课就来评了\n\n最后一节课还送了小礼物！！！！！\n\n超级温柔超级负责的老师\n\n课上可以学到很多干货和文化背景知识\n\n都！来！选！！！！！！
207950,130,张璐,2024-12-25 04:25:58,3,3,0,话不多说，直接10分
208090,130,张璐,2024-12-25 14:03:40,2,2,0,我只能说，伟大无需多言，璐姐是神！
209346,130,张璐,2025-01-05 13:12:27,1,1,0,老师真的很好！上课很有趣，干活也很多！
209405,130,张璐,2025-01-06 02:12:21,1,1,0,伟大，无需多言
209413,130,张璐,2025-01-06 02:28:43,2,3,1,张璐老师!我的女神!她真的超级好，心态超级年轻，超级有活力，还有很多有意思的小幽默!上课真的能学到东西，老师会准备很多有意思的小课题，每次的课堂导入都很有意思!啊啊啊啊啊女神我爱你!
209631,130,张璐,2025-01-06 11:34:05,1,1,0,特别温柔的老师！上课准备的非常认真，每次有考试小测之类的也会提前给大家熟悉题型，比如期末的小组讨论，就花了几乎一节课时间来让我们练习+讲解要点。期末还有很可爱的小礼物(*╹▽╹*)  选到她的大英就是赚到啦！
218408,130,张璐,2025-04-23 08:09:09,0,0,0,想要水大英课的不要选。
220103,130,张璐,2025-06-15 03:24:45,-1,0,1,超级超级求是
220484,130,张璐,2025-06-18 07:11:55,3,3,0,大英四很好的老师，绩点达到预期，给出10分，特来还愿。也给大家提供一些参考。\n\n平常作业靠自觉多一些，量还是有的，不过没有检查。\n\n上课pre是自愿报名的，如果想锻炼自己或者是给老师留下较好的印象可以报名。我是有报名的，老师会要求提前发讲稿给她，她会很认真地提出一些建议，之后把你的pre穿插进课程内容里。我觉得这个对我的英语能力提升帮助还是挺大的。\n\n每次quiz前会有单词默写，是在课堂上线上的形式，不过分数什么的不重要，老师甚至允许看书，更注重让我们掌握。可以反复提交，最终达到及格线就可以。\n\n美中不足的是感觉四次作文给分较为严格，我在大英三是12/14/14/14，张璐老师是12/12/13/13，当然也可能是我本人的问题。\n\n最后拿到了和大英三一样的绩点，很满足了，感觉老师人很好的，特别特别注重能力的培养。在她的课堂上可以真正学会一些东西（比如手把手教你小组讨论，课堂展示），而不是走马观花的应试技巧，这让我非常感激。而且老师的心态特别年轻，讲课很有活力，内容也很丰富。选课不亏。
1770,131,张向荣,2015-03-24 07:32:19,33,38,5,超级温柔的老师！
1824,131,张向荣,2015-03-25 16:22:15,21,24,3,人超好声音超级温柔
2029,131,张向荣,2015-03-29 15:18:04,30,34,4,学完辅修才知道张老师是网路上大家自学日语使用的免费网课的名师啊。
2854,131,张向荣,2015-05-09 02:08:11,3,6,3,一个字赞！
3867,131,张向荣,2017-01-15 00:27:32,75,80,5,いちばん
4147,131,张向荣,2015-06-18 02:04:17,9,15,6,好温柔好美丽的老师！！性格气质真的很招学生喜欢！虽然自己上课经常溜号，但日语相对好学期末考前努力一把分还是很不错的～
4416,131,张向荣,2015-06-22 09:48:21,5,7,2,不错呀 人挺温柔的
4989,131,张向荣,2016-09-16 17:57:25,15,18,3,很温柔很温柔的老师。当年最喜欢上的就是这门日语课。每节课都过的超级超级快。
5582,131,张向荣,2015-07-08 12:51:13,5,7,2,超赞的老师
13002,131,张向荣,2015-12-24 13:09:30,3,5,2,很好~
13699,131,张向荣,2015-12-30 11:05:57,7,9,2,老师真的超温柔，很喜欢~
15399,131,张向荣,2016-01-14 08:19:26,11,14,3,真是日式的温柔和美丽啊。
16005,131,张向荣,2016-01-17 03:04:40,3,4,1,超级温柔   超级超级好
18333,131,张向荣,2016-01-21 12:51:42,15,18,3,最高なの日本語先生、大和撫子
19020,131,张向荣,2016-01-23 04:38:36,7,9,2,老师又漂亮又温柔，听老师讲日语真的是一种享受，美呆了简直！
19419,131,张向荣,2016-01-24 07:30:10,3,5,2,很好哟
20542,131,张向荣,2016-01-28 08:58:59,3,8,5,好爱好爱张老师！讲得好，很温柔，给分超好啊！！！
22086,131,张向荣,2016-03-02 09:50:36,13,29,16,只有我觉得这个老师一股台湾腔吗\n\n
25269,131,张向荣,2016-05-09 06:26:09,3,4,1,好温柔！
26160,131,张向荣,2016-06-16 06:34:02,17,19,2,老师说话好可爱，穿着也很好看:-D
30590,131,张向荣,2016-07-02 04:27:49,3,4,1,老师炒鸡温柔，人炒鸡好，教的也很好！每节课都很有趣，超爱这个老师！
30786,131,张向荣,2016-07-02 13:20:21,1,2,1,老师很认真
31656,131,张向荣,2016-07-04 11:05:01,3,4,1,很棒的老师
34062,131,张向荣,2016-09-26 08:37:11,3,4,1,老师特别温柔感觉越来越年轻呀，选日语视听说感觉真的是视听说课程，收获大。还有讲一些日本的小常识什么的，一点不压抑。
40084,131,张向荣,2016-12-29 06:16:17,3,5,2,(ಥ_ಥ)没好好上课好后悔，老师真的很棒的，期末祈福
40768,131,张向荣,2017-01-05 10:33:16,1,2,1,不能再好，赶快选吧，日语视听说2（甲）。\n\n
47909,131,张向荣,2017-02-27 08:35:20,3,5,2,非常棒，很温柔的老师，有和风，给分也好，期末努力一把不会差
49941,131,张向荣,2017-04-27 10:31:47,1,2,1,本当に優しい!
55468,131,张向荣,2017-07-01 14:11:30,0,1,1,いちばん  いいですよ！
56263,131,张向荣,2017-07-03 10:48:56,3,5,2,享受，张弛有度，日语说的超好听，老师人超美超好，希望之后所有的日语课都是您教，这一学期以及以后的课，ありがとうございます
56267,131,张向荣,2017-07-03 11:01:20,16,19,3,日语课是大学里上的最认真、最轻松、最开心的课！也是第一个满绩！先生大好き！说话做事发型穿衣风格都很日式！声音超好听～超温柔～每次下课老师说「また来週」心里满满都是不舍♡
56268,131,张向荣,2017-07-03 11:03:37,1,2,1,老师真的好温柔。问问题讲的很认真，发邮件回的也好快。上课会讲一些小故事，还有短语的由来。大好きな先生だ、私にとって。
57115,131,张向荣,2017-07-05 14:31:51,0,1,1,张老师的课超级棒！认真学可以学到很多东西！感谢老师让我入门日语，下学期继续加油！
57120,131,张向荣,2017-07-05 14:46:14,0,1,1,超赞的老师，当然日语自己还是要稍微认真点的，最后的考试还是需要一定基础的哦。
57398,131,张向荣,2017-07-07 08:22:54,0,1,1,重点强调十分到位，日语一入门真的很强，总之很赞
57489,131,张向荣,2017-07-08 23:38:55,-32,4,36,给分很迷噢 也讲的不算很清楚吧 好评都刷的么
58213,131,张向荣,2017-08-23 11:27:35,0,0,0,超级棒
58540,131,张向荣,2017-08-31 17:36:00,0,0,0,超棒的老师，讲的很容易懂知道了好多知识
58678,131,张向荣,2017-09-14 07:33:52,0,0,0,温柔可爱，讲课细致，给分也挺好的
58958,131,张向荣,2017-09-19 01:10:29,0,1,1,温柔似水的大和抚子
59445,131,张向荣,2017-09-21 11:19:16,1,2,1,いちばん
59738,131,张向荣,2017-09-26 10:18:14,1,2,1,太棒了 我最喜欢的日语老师
59963,131,张向荣,2017-09-29 03:54:23,1,2,1,很温柔。给分很不错啊
65241,131,张向荣,2018-01-02 04:03:38,5,7,2,庆幸自己选了日语专业，张老师和李老师真的都超级好的呀！
65446,131,张向荣,2018-01-24 02:50:13,1,2,1,期末80分客观题20主观题 也不难 平时点到占30分 整个评分还是很客观的，说给分低的怕是水过的
68568,131,张向荣,2018-01-23 11:15:05,-44,4,48,很无聊给分烂
68591,131,张向荣,2018-01-23 12:14:49,3,3,0,老师超棒！！！要是视听说也是张老师就好了（哭?）
68608,131,张向荣,2018-01-23 12:56:19,1,1,0,温柔的气息吹拂我的面庞
73110,131,张向荣,2018-02-01 02:38:55,0,1,1,给本专业老师点个赞！经验丰富，很多原本靠语感的东西都能给出合理的解释，赞！
74561,131,张向荣,2018-03-03 13:56:36,0,0,0,老师的日语发音很好听，非常温柔，课程进度也很舒服，上老师的课完全出自己的兴趣，绝对不会觉得跟不上难懂，课间也可以随时和老师请教任何问题。怀念上日语二的时光~
80816,131,张向荣,2018-07-01 10:11:21,0,1,1,强日学完了，大概是大学里唯一的几个学期跟着同一个老师上的课，寂しいなぁ
82017,131,张向荣,2018-07-07 01:08:56,1,1,0,特别特别棒
82027,131,张向荣,2018-07-08 08:47:06,10,12,2,通识日语1内容上到旧标日的14课，平时好好听，几个格助词和句型听懂、会用了，期末就只要记单词就行。但是如果平时没有听而且也没有基础的话期末还是要费点小劲。可是张老师的课根本不想开小差啊~~老师平时会用提问的方式点名，但是问题都是课本题，而且可以选择不回答的哦，说一声“pass”就好了，所以也完全没有压力。期末大部分都是选择题，只最后有十句翻译。题不会很绕也不会超纲，14课以内的单词+句型+语法都学会了就相当于没有难度。
92338,131,张向荣,2018-12-28 01:54:41,1,1,0,超级好
101451,131,张向荣,2019-01-28 08:23:42,2,3,1,老师很可爱，很有温温柔柔的气质。上课很认真，会点名回答问题，但不说可以直接喊pass。张老师真的很站在学生立场考虑，会插播小故事帮助理解内容。上的日语I是门通识，原本以为自己上完I就差不多会消去对日语的热情。但是，全然不是这样，上完张老师的课更想继续往下学了！
104389,131,张向荣,2019-03-19 08:44:07,2,3,1,老师太好了。但是班上有对男女天天上课讲话，内容没劲，尴尬得要死。隔着三排都能听到，一点意思都没有，好烦。
106959,131,张向荣,2019-04-30 12:19:59,1,1,0,。。。。
109676,131,张向荣,2019-06-18 09:23:06,1,1,0,老师很温柔，超级有气质
113138,131,张向荣,2019-07-06 00:10:18,4,4,0,真的超级棒的老师啊，给分也超级好，强推！！
113483,131,张向荣,2019-07-06 18:15:01,1,1,0,上老师的视听说2，老师真的很温柔!上课很放松，很有趣而且学到很多
114036,131,张向荣,2019-07-08 12:11:34,1,1,0,老师超可爱！
116653,131,张向荣,2019-09-12 08:48:18,4,4,0,学日语就选这个老师\n\n不会后悔的\n\n进度快又清楚
125609,131,张向荣,2020-09-12 10:22:37,4,4,0,老师上课讲得细，声音温柔，答疑时特别耐心，而且给分特别好
125656,131,张向荣,2020-09-12 14:57:55,6,7,1,老师讲的清楚，声音也好听，语气也很温柔。我甚至感觉像在看vtb。
132414,131,张向荣,2021-02-01 11:34:45,4,5,1,老师太美啦！课也讲的好！平时跟着老师上课熟悉单词语法，考前过一遍课文，满绩还蛮轻松的
132415,131,张向荣,2021-02-01 11:42:29,3,3,0,特别温柔特别漂亮特别有气质人特别好的老师，点名回答问题不想答可以直接pass，考后会捞人，真的超级好！
134331,131,张向荣,2021-03-24 03:27:51,1,1,0,老师人很好很温柔
137767,131,张向荣,2021-07-06 04:58:34,2,2,0,老师真的超级好！上课好玩给分也超级好的，上课提问不会还可以pass
138743,131,张向荣,2021-07-10 15:49:33,1,1,0,作为工科生，每周二、每周四下午听张老师讲课，真的是一种治愈\n\n很幸运下学期能够继续和老师学日语3，即使要1小时内从玉泉赶到紫金港
139176,131,张向荣,2021-07-13 06:40:16,0,0,0,好好好
144273,131,张向荣,2021-12-21 03:48:11,2,2,0,大丈夫かな～
144767,131,张向荣,2021-12-27 11:01:55,2,2,0,优雅，大和抚子式的老师
145540,131,张向荣,2021-12-30 07:52:06,2,2,0,非常温柔的老师！温柔到一种极致...讲课也很有趣，经常听入神了，一转眼一节课就过去了！\n\n真想再听一次また来週啊QAQ
155292,131,张向荣,2022-06-10 08:48:45,4,4,0,作为老师退休前带的最后一批学生，非常荣幸非常幸运，感谢張さん
157102,131,张向荣,2022-06-22 02:38:23,1,1,0,哇啊阿啊阿啊阿啊阿啊张向荣老师，牛逼！\n\n张向荣老师，天下第一！\n\nありがとうございます！
161351,131,张向荣,2022-11-04 12:18:49,1,1,0,张老师退休前的最后一批学生，来打卡留个念\n\n老师很有气质，讲课娓娓道来没有基础的学生也能跟上\n\n选的是日语四，最后4.8，总之是很愉快的一学期！
174289,131,张向荣,2023-06-09 02:38:10,1,1,0,想念張さん💐 これからも頑張ってください！
15305,143,张惠芳,2016-01-13 13:14:11,1,2,1,很好的老师 很负责 也会讲扩展的内容和自己的经历
28839,143,张惠芳,2016-06-28 19:09:55,0,1,1,人生中最爱的老师！没有之一！超级棒！无法形容的棒！
1923,152,沈燎,2015-03-26 08:34:42,-123,12,135,很负责，虽然不是我怎么喜欢的那种性格，但是可以活出自己的风格，能这么有力量，还是很佩服。
4736,152,沈燎,2015-06-27 03:13:24,112,118,6,又红又专
5107,152,沈燎,2015-07-04 07:22:00,-130,7,137,外院女神！
5164,152,沈燎,2015-07-05 12:44:31,237,279,42,真心讨厌没知识还敢长篇大论跟学生瞎BB的………人不错可惜知识储备不敢恭维
5547,152,沈燎,2015-07-08 07:10:47,106,110,4,非常严格，不让拍PPT。
5593,152,沈燎,2015-07-08 14:21:04,67,71,4,简直无语
5596,152,沈燎,2015-07-08 14:42:39,126,140,14,不是外院的不要选 会被正态
5670,152,沈燎,2015-07-09 05:53:57,166,182,16,整天外交部外交部，以为所有人都是外语学院的吗？
5721,152,沈燎,2015-07-09 07:53:26,98,106,8,整天瞎bb。真吵。。
5765,152,沈燎,2015-07-09 08:58:35,143,150,7,楼上的是外院也会被正态的好吗\n\n
5822,152,沈燎,2015-07-09 14:08:38,49,52,3,这个给分 呵呵呵
5827,152,沈燎,2015-07-09 14:13:13,152,158,6,给分低是为什么呢，是因为这货觉得你不能当外交部部长
5837,152,沈燎,2018-12-27 04:09:26,24,27,3,呵呵哒，人~~样
5885,152,沈燎,2015-09-03 05:16:11,64,72,8,作为人文狗居然没被正态分还蛮高？我也觉得蛮神奇的 总之上她的课提心吊胆 而且整天我们外院我们外院 不把人文的当学生看 大作业也是外院的同学告诉我我才知道有\n\n
5930,152,沈燎,2015-07-10 03:02:29,18,18,0,不是外院的呵呵了
6001,152,沈燎,2015-07-10 07:18:25,29,35,6,上他课的人文学生成绩我就没听过比较高的，一大堆70多分。我们文科生呢，不见得这么不正常吧，行测都拉低我们好多成绩，真的够倒霉了的。
6014,152,沈燎,2015-07-10 08:05:39,24,26,2,被正态，无语
6150,152,沈燎,2015-07-11 10:10:54,41,47,6,煞笔\n\n
6193,152,沈燎,2015-07-12 00:51:08,21,23,2,不是外院的，上课总觉得是对外院说的，大作业也是布置在外院群里，其他人都没告诉还得写大作业，多亏外院同学告知，可能很多非外院的还不知道有大作业吧
6324,152,沈燎,2015-07-13 04:13:48,36,37,1,外院的也大都七十几好吗！
6325,152,沈燎,2015-07-13 04:15:12,25,25,0,极坑
6608,152,沈燎,2015-07-16 09:21:39,67,71,4,作业做了，名点了，小测做了，学生手册满了，然而…莫名其妙70分…
7633,152,沈燎,2015-09-15 06:57:08,10,11,1,呵呵哒
7828,152,沈燎,2015-09-15 14:17:15,30,34,4,有激情沒文化
7856,152,沈燎,2015-09-15 23:02:40,-67,4,71,顶顶顶
7949,152,沈燎,2015-09-16 07:39:07,28,30,2,没文化
8234,152,沈燎,2015-09-17 15:45:51,39,51,12,为什么不能打0分！！！我所有课中最低的一门…老师特别二，上课迟到要喊报告啊
9234,152,沈燎,2015-10-18 10:52:59,13,16,3,天天tm瞎bb从第一节课第一秒就tm不想听了。就算不上这门课也千万别选她。
9235,152,沈燎,2015-10-18 10:54:18,11,14,3,傻逼一个
9239,152,沈燎,2015-10-18 12:10:57,27,29,2,恨不得所有人都去外交部
9242,152,沈燎,2015-10-18 12:28:38,74,76,2,延长上课时间，喜欢瞎扯
9246,152,沈燎,2015-10-18 13:41:39,9,13,4,傻13\n\n
9248,152,沈燎,2015-10-18 15:29:35,41,69,28,呵呵哒，名不虚传的女神呢，非常负责，给我们多上了一个课时呢，认识很多外交部的人，佩服佩服:-) \n\n
9294,152,沈燎,2015-10-20 09:21:39,6,7,1,无可奉告
9378,152,沈燎,2015-10-25 12:21:15,11,14,3,就是傻逼
9732,152,沈燎,2015-11-06 07:56:13,11,11,0,呵呵哒
9855,152,沈燎,2015-11-11 08:54:42,13,16,3,和翔一样
9987,152,沈燎,2015-11-14 02:08:18,9,10,1,简直坑爹 别入坑
10019,152,沈燎,2015-11-14 10:38:08,10,11,1,呵呵\n\n
10100,152,沈燎,2015-11-16 01:45:52,11,11,0,神坑没办法
10674,152,沈燎,2015-11-22 08:24:13,49,58,9,刷新老师level最低线，可以拖课一个多小时而浑然不觉，上课完全就是装b，见过名人了不起了，人家夫人没你有台风了不起了。捞比啊\n\n
10675,152,沈燎,2015-11-22 10:04:33,10,12,2,渣\n\n渣\n\n渣
11356,152,沈燎,2015-11-28 12:33:38,-59,3,62,不错哦
11577,152,沈燎,2015-12-06 10:54:38,17,20,3,太差了！讲课一点都不流畅，没有内容，只会读ppt，学生不懂的不是直接提问题就是让我们记下来自己去查，也没有解释说明，学不到东西，完全在浪费时间......
11730,152,沈燎,2015-12-13 10:47:42,4,8,4,实在无语 不讲课就瞎BB 不停说外院 恶心
11731,152,沈燎,2015-12-13 11:02:06,5,8,3,太差了 真是不敢想象大学有这种水平的老师 什么都不懂 东一句西一句完全不知所云
11732,152,沈燎,2015-12-13 11:48:11,3,6,3,有情怀没文化
12273,152,沈燎,2015-12-22 16:45:23,20,22,2,我也是醉了拖堂一节课还和等不下去要走的学生对峙…算了吧算了吧
12298,152,沈燎,2019-08-21 00:49:07,499,587,88,很好的老师 点名这种事不正常吗？ 随堂作业怕什么？老师上的这么好 还能普及校领导的专业 还让我们自己查 不是很有特色吗？我就怀疑一点 老师 文凭多少钱买的？
12432,152,沈燎,2015-12-23 09:13:28,16,20,4,简直丧心病狂，自以为是。妄想自己多么高尚，其实在别人眼中不过是跳梁小丑，尖酸刻薄的无耻嘴脸。如果这样还算为人师表，难道又有谁来充当无赖的角色呢？
12455,152,沈燎,2015-12-23 10:15:15,5,6,1,呵呵呵
12486,152,沈燎,2015-12-23 11:29:09,3,4,1,呵呵哒
12538,152,沈燎,2015-12-23 12:17:44,10,11,1,坑逼一个，千万别选她
13005,152,沈燎,2015-12-24 13:20:16,14,16,2,果断0分声音超大瞎bb
13043,152,沈燎,2015-12-24 15:19:23,4,4,0,呵呵呵
13068,152,沈燎,2015-12-24 16:57:34,23,27,4,每次都点到 有作业 人还喜欢瞎逼逼\n\n每堂课都是煎熬 让人觉得恶心\n\n拉低了我对浙大的评论印象分
13362,152,沈燎,2015-12-27 08:16:54,4,4,0,哦\n\n哦哦
14759,152,沈燎,2016-01-08 16:54:59,8,9,1,一天到晚bbbbbb外院 无语…
14896,152,沈燎,2016-01-11 01:27:14,9,10,1,坑货 完全的坑货
15144,152,沈燎,2016-09-10 04:54:25,-71,5,76,外院女神
15353,152,沈燎,2016-01-14 03:51:16,4,4,0,。。。
16199,152,沈燎,2016-01-17 13:17:41,9,10,1,不要因为她而给我们外院好么
16471,152,沈燎,2016-01-18 07:07:50,3,3,0,.....
17939,152,沈燎,2016-01-21 04:30:05,7,7,0,凶，是见过最不温柔的女老师
18486,152,沈燎,2016-01-21 23:08:10,4,4,0,大写的呵呵
19506,152,沈燎,2016-01-24 12:05:22,8,8,0,interesting
19814,152,沈燎,2016-01-25 10:14:29,-12,3,15,666
20900,152,沈燎,2016-02-03 08:47:03,13,16,3,可以给零分吗
21660,152,沈燎,2016-02-29 12:53:17,2,5,3,稀烂的
22458,152,沈燎,2016-07-02 03:25:30,4,4,0,相当无语
22844,152,沈燎,2019-02-27 12:17:25,191,202,11,文革期间肯定是红卫兵
23125,152,沈燎,2016-03-18 11:22:33,-25,2,27,我是来膜拜的
23696,152,沈燎,2016-04-13 00:41:52,-19,3,22,hhhh
25213,152,沈燎,2016-05-08 10:40:29,2,5,3,sbsb
25217,152,沈燎,2016-06-28 10:46:17,5,8,3,垃圾，翔一样，不知怎么回事就3分了\n\n
25222,152,沈燎,2016-05-08 11:35:14,4,4,0,坑坑坑
25223,152,沈燎,2016-05-08 11:31:48,9,13,4,你听说过傻逼吗
25224,152,沈燎,2016-05-08 11:53:11,31,40,9,简直就是脑子有病，听一般人吹牛都比她好，她说话简直就是没脑子，还自以为很有道理，上课从来不讲课，光扯自己的事，对东西一知半解还拿来讲课，其实错的一塌糊涂，要不是她每节课都点名，要在课上完成作业，我就不去上课了。
25226,152,沈燎,2016-05-08 12:22:57,4,4,0,每次都拖课，拖课就算了，不要拖这么久好吗？
25274,152,沈燎,2016-07-04 12:53:37,8,10,2,真想知道她自己看不看学习帝 知不知道要改
25347,152,沈燎,2016-05-15 10:52:05,11,11,0,一节课不提外交部会死吗！！！
25479,152,沈燎,2016-06-29 04:32:31,5,5,0,只觉得不想听课
25489,152,沈燎,2016-06-18 19:01:00,7,13,6,沙壁一个，在浙大混的脸皮这么厚了啊！还带个傻逼助教，卧槽，坑逼二人组啊！
25970,152,沈燎,2016-06-14 16:03:19,23,25,2,抢在被正太之前先把它挂了！话说你们这还缺这种老师不？我有高中学历，应聘。@浙江大学
26489,152,沈燎,2016-06-19 06:00:52,5,5,0,拖堂拖的理直气壮\n\n
26495,152,沈燎,2016-06-19 07:16:08,2,5,3,傻逼啊？
26518,152,沈燎,2016-06-19 17:03:45,8,9,1,主要看气质 嗯 菜市场大妈不解释
27518,152,沈燎,2016-06-26 17:36:38,1,5,4,sb一个\n\n
28506,152,沈燎,2016-06-28 09:40:39,2,4,2,无聊，无聊
28526,152,沈燎,2016-06-28 09:53:15,6,10,4,Mdzz，给老子3分，你大爷
28554,152,沈燎,2016-06-28 10:09:32,6,6,0,气死了
28558,152,沈燎,2016-06-28 10:16:13,8,8,0,打分神坑
28572,152,沈燎,2016-06-28 10:30:27,6,6,0,给分差
28752,152,沈燎,2016-06-28 13:58:29,6,7,1,渣！死了！被正态！无语！
28853,152,沈燎,2016-06-28 23:41:18,2,2,0,...
28860,152,沈燎,2016-06-29 00:29:41,7,8,1,绩点再创新低
28937,152,沈燎,2016-06-29 03:57:55,3,5,2,太智障了 就喜欢扯外院…讲的还都是废话
29010,152,沈燎,2016-06-29 06:18:03,9,10,1,学生手册10分，每节课都去还认真完成课后小测试，期末考试应该也还可以，结果还是被正态了！？
29472,152,沈燎,2016-06-30 00:33:40,2,2,0,评分最低的老师了吧，目前没看过更低的hh
29533,152,沈燎,2016-06-30 02:43:17,2,6,4,绝对的 SB。绝对的。SB
29569,152,沈燎,2016-06-30 03:49:58,6,6,0,大作业是什么鬼，表示根本不知道，社科的一脸懵逼
29672,152,沈燎,2016-06-30 07:18:33,11,11,0,谁说外院的就给分布坑 hhh奶衣服
30085,152,沈燎,2016-07-01 02:09:31,4,4,0,给分差
30508,152,沈燎,2016-07-01 23:14:10,-5,6,11,及格了就好?
31014,152,沈燎,2016-07-03 06:15:32,12,14,2,天天把“进外交部”挂嘴边 极度自恋 给分超级差
31319,152,沈燎,2016-07-03 15:52:29,4,6,2,上课装逼，给分巨坑
31882,152,沈燎,2016-07-05 05:02:07,-6,4,10,hhh
32225,152,沈燎,2016-07-06 03:38:43,5,9,4,能打零分就好了，一无是处，就是一sb
33008,152,沈燎,2016-10-10 02:38:11,-9,2,11,不要说了，快上车
33011,152,沈燎,2017-01-10 07:21:36,2,8,6,不能打淋分么/微笑
33152,152,沈燎,2017-01-21 18:35:59,4,7,3,我是来刷低评分的
33195,152,沈燎,2016-09-15 12:54:59,1,10,9,没听过，但是风评太差。跟风差评。
33196,152,沈燎,2016-09-15 13:06:00,8,9,1,不能给零分，差评
33240,152,沈燎,2016-09-16 09:20:45,9,10,1,这老师太“强”了，很有故事
33243,152,沈燎,2016-09-16 11:33:31,-27,3,30,老师讲课真好
33807,152,沈燎,2016-09-22 01:25:28,2,2,0,简直不忍直视
33885,152,沈燎,2016-09-22 09:19:40,60,64,4,当年看到沈老师在领导面前马屁拍尽和在学生面前颐指气使的样子。看到这个分数我就满意了。
34197,152,沈燎,2017-03-26 16:45:07,2,4,2,很不好
34581,152,沈燎,2019-11-13 04:27:19,380,436,56,"""同性恋婚姻合法化是人类发展过程中很不光彩的一件事"" 原话。"
34806,152,沈燎,2016-11-20 11:02:54,34,38,4,似乎她所有的知识包括她的博士学位都是从微信上得来的 总感觉他没啥文化 勿喷 我也可能只是孤陋寡闻而已
35012,152,沈燎,2016-10-29 12:04:00,6,6,0,听课不如跳舞\n\n
35867,152,沈燎,2016-11-10 08:35:42,1,2,1,hhhhh
35915,152,沈燎,2016-11-10 08:51:55,5,5,0,呵呵呵
36402,152,沈燎,2016-11-13 03:44:11,2,3,1,享受，有一种飘飘欲仙的感觉
36958,152,沈燎,2016-11-16 16:05:51,9,10,1,hhhhhh我只想问，浙大有比她更低的评分么hhh～
37712,152,沈燎,2016-11-20 10:59:26,50,52,2,反同性婚姻合法化 摊手
38176,152,沈燎,2016-11-25 08:33:43,7,7,0,我想死
38220,152,沈燎,2016-11-27 10:50:13,2,7,5,傻逼老师
38237,152,沈燎,2017-06-26 10:15:19,-57,27,84,身为一个思政老师，沈老师鲜明的政治立场无可非议。对于那些跟风差评和一味否定的同学，我并不能认同。康德说过启蒙运动就是人类脱离自己所加之于自己的不成熟状态，不成熟状态就是不经别人的引导，就对运用自己的理智无能为力。没有经过自己的思考只知跟风，这是蒙昧的表现。马克思主义哲学一个很重要的方面就是辩证法，我们学了这么久两分法，要辩证地看问题，为什么还是喜欢非黑即白，恐怕是文革的荼毒太深。举个例子，我们诟病沈老师让我们迟到喊报告的时候，有没有想过是迟到有错在先，而且我们从小就是被这样教育的，这是礼貌，只是我们小的时候没有养成这样的习惯，长大后反而不屑于此罢了。人无完人，无意义的情感发泄不过是网络暴力罢了。
40020,152,沈燎,2017-01-16 12:07:12,4,9,5,浙大这么好的学校怎么会有这么差的老师！怎么进来的！拉低对浙大印象
40063,152,沈燎,2016-12-29 04:46:44,1,8,7,2.8sb老师
40280,152,沈燎,2017-01-01 01:56:07,10,16,6,卑鄙无耻小人！没师德！难怪得分一直在全校老师中最低。在外院也是最低的。怎么混进教师行业的。早该踢出浙大！给学校丢脸。给中国人丢脸！
41231,152,沈燎,2017-01-10 06:37:38,9,13,4,要澄清：外院也分保送和高考的，人文外一样呵呵
41892,152,沈燎,2017-03-11 09:53:00,17,20,3,上形策之前看了查老师评分很差 就觉得这是历来学长学姐的偏见 于是上了很多节课 感受到 是真的差
47837,152,沈燎,2017-02-26 05:51:27,5,6,1,烦得不行
48458,152,沈燎,2017-03-05 06:19:37,2,2,0,2233333333
48577,152,沈燎,2017-03-07 16:02:13,23,28,5,天天bb外院，真是给我们外院抹黑。。。
48966,152,沈燎,2017-06-27 09:27:59,18,19,1,一想到又有一届学弟学妹要成为3.3的waijiaobu传人就感到害怕
49168,152,沈燎,2017-03-28 07:32:52,27,29,2,大一时候被她做过心理辅导。攻击性进取型人格，很高高在上，领导派头十足，这样的人也能做心理辅导？
49458,152,沈燎,2017-06-08 06:19:44,0,19,19,可以说是非常的傻逼了 反社会性人格 只知道捧别人的臭脚 只知道提女儿 从不提老公 可能也是没人要的吧 以为自己了不起 其实连垃圾都不如 不知道谁这么善良 给她超过了1分
49479,152,沈燎,2017-04-16 11:38:56,10,11,1,文凭多少钱买的
51284,152,沈燎,2017-05-27 11:03:23,23,24,1,超级想问一句，校领导看不看查老师？沈外长看不看查老师？
52221,152,沈燎,2017-06-16 05:18:50,11,12,1,只知道瞎bb，听她说话就。外院学生节巡游排练从来不来看，到领导面前就跟着去了，过了前台她人又不见了（摊手）
52260,152,沈燎,2017-06-18 14:47:04,2,2,0,稳挂...
52276,152,沈燎,2017-06-17 08:10:00,5,10,5,能不能别做老师了，当办公室油子去吧。根本不备课，没资格做老师的人，不想再看见她一次。浪费我们的宝贵时间。
53470,152,沈燎,2017-06-26 16:31:44,6,6,0,恐同老师homo phobic说的就是他
53547,152,沈燎,2017-06-27 03:05:19,6,6,0,为什么不能给0分
53566,152,沈燎,2017-06-27 04:49:50,1,1,0,给分一般
53567,152,沈燎,2017-06-27 04:50:59,17,18,1,绩点出来后，会长舒一口气，竟然上1了，还好她手下留情了
53574,152,沈燎,2017-06-27 05:02:33,6,7,1,就想问沈女士给分怎么给的
53576,152,沈燎,2017-06-27 05:07:48,38,41,3,现在大家都觉得正态分布这东西不好，有时候有失公允。那我强烈推荐sl老师的形策，除特殊情况，比如说你是明日的外交部之星啦，分数一律70，通通70，天下大同。老师也挺负责任的，课程内容让人打开眼界，文凭肯定买了不少钱吧？
53577,152,沈燎,2017-06-27 05:08:19,23,25,2,学生手册第一次就满分了 平时每节课课后都有认真交您所谓的随堂作业 考试的思考题都是认真背过的原题 最后给分3.0 呵呵呵呵呵
53588,152,沈燎,2017-06-27 05:44:07,7,7,0,唉 一言难尽
53589,152,沈燎,2017-06-27 05:44:23,7,7,0,就两个字，呵呵
53599,152,沈燎,2017-06-27 06:50:32,6,7,1,大家不要选她，被预置了就赶紧换掉，切记切记，绩点低的死人
53728,152,沈燎,2017-06-27 11:39:58,6,7,1,没水平也是到一个境界了，还一个劲展示自己没水平。
54002,152,沈燎,2017-06-28 07:45:46,16,19,3,敢问一句您这3分怎么给出来的？我学生手册没满还是问答题没背还是哪节课没来上课？每个周日拼着您那点学识给我们上课说真的要不是您点名我还真不乐意听，但是我可以保证我全勤。再问一遍，请问我这3分怎么给的？
54687,152,沈燎,2017-06-30 04:23:03,-28,3,31,课很无聊 老师也很喜欢长篇大论 很严格 但给分很实在 浓浓的师生情
54919,152,沈燎,2018-06-03 23:41:34,5,6,1,呵呵呵
56403,152,沈燎,2017-07-03 15:49:24,5,6,1,？我就想问均绩有3.48？？是您觉得哪位能上外交部呢...你忙吧，我吃柠檬
56407,152,沈燎,2017-07-03 16:01:47,11,12,1,希望老师不要只给外院开课，让大家都享受一下关怀
57425,152,沈燎,2017-07-07 15:00:24,10,11,1,大家不如换个角度想一想 形策出来之后 是不是觉得后来的每一门都比这一门成绩高 会开心一点呢= =
57761,152,沈燎,2017-07-14 05:43:14,4,5,1,渣渣渣
58079,152,沈燎,2017-07-28 12:51:37,6,6,0,怎么说呢，呵呵
58147,152,沈燎,2017-08-06 09:54:03,-9,6,15,形策课，就是走个形式嘛，什么都学不到还要听这位老师一些三观有问题的言论。功课不够、没有想法就请您别随意当众发表言论了。当然这位老师身上也不全是黑点，作为行政老师还是负责的
58574,152,沈燎,2017-09-05 03:47:49,-34,3,37,那么好的老师不懂你们为什么会喷？
58582,152,沈燎,2017-09-06 01:20:27,15,18,3,尚未上过她的形策课，但无奈预制课有她的，第一次党课，我以为她是个清洁阿姨，然而这个阿姨辣么凶exm？！ 发个言开口闭口外交部，简直笑到傻，外交部、联合国、大使馆、外交部 emmmmmmm
59913,152,沈燎,2017-09-28 06:48:49,9,9,0,服气。。。找学生家长要钱。。。
60482,152,沈燎,2017-10-22 10:35:43,3,3,0,????
60704,152,沈燎,2017-10-27 08:45:26,13,14,1,误人子弟，官僚主义，表里不一。\n\n大学老师的丑恶嘴脸她都有。\n\n这种人混的好，就是浙大做不成真正一流的根本原因。
60803,152,沈燎,2017-10-30 12:03:00,2,2,0,。。。
60856,152,沈燎,2017-10-31 10:45:12,-1,1,2,红红火火恍恍惚惚
60958,152,沈燎,2017-11-05 11:51:18,4,5,1,肚子没墨，酷爱逼逼，一言不合外交部，简直了
61232,152,沈燎,2017-11-13 00:21:07,-1,1,2,呵呵哒
61750,152,沈燎,2017-11-20 14:26:06,0,1,1,呵呵呵\n\n\n\n\n\n
62227,152,沈燎,2017-11-23 09:47:22,11,12,1,动不动就制造长时间的尴尬\n\n
63390,152,沈燎,2017-12-02 10:06:35,1,2,1,哈哈哈哈哈
63665,152,沈燎,2017-12-12 05:45:10,11,12,1,一个没有文化的人，我会为他悲哀。\n\n一个没有文化和教养的人，我会为一切与他有接触的人悲哀。\n\n沈外长，就是第二种。没有文化、没有修养、不尊重他人、在课上进行道德绑架。
63839,152,沈燎,2017-12-17 10:54:35,3,5,2,沈老师语录更新啦:曾经的帅小伙普京，如今也是欧巴桑了。\n\n刚说的
66167,152,沈燎,2018-01-12 08:30:31,0,3,3,还好吧
67697,152,沈燎,2018-01-22 05:26:48,4,4,0,唉\n\n推不掉的预置
68503,152,沈燎,2018-01-23 09:30:32,2,4,2,很没有涵养的老师，该做的都做了，可是绩点随意给，很不公平 思想简单，就是党政的一个无脑工具而已！
69338,152,沈燎,2018-01-24 13:32:54,2,3,1,一个字:渣
74138,152,沈燎,2018-02-05 15:11:52,4,4,0,原来是有大作业的吗…我每节课都去了为什么不知道…
74923,152,沈燎,2018-03-06 12:23:58,23,25,2,很虚荣的一个老师吧……不是基于事实辨证地思考和讲述，而是很像那种成功学精英学的推崇课……只能说是这种浮躁的态度适应了这个浮躁的社会，虽然我是外院的，但我从来不觉得外交部或者认得政要就是高人一等了……
77447,152,沈燎,2018-05-05 15:15:53,3,3,0,惹。。。。。
79284,152,沈燎,2018-05-30 03:39:53,9,9,0,心情不好就来看看评论
79347,152,沈燎,2018-05-31 08:41:53,-19,3,22,党性鲜明，立场坚定，上完她的课会感到自己离一名合格的党员又近了一步。
79405,152,沈燎,2018-06-03 16:31:58,5,5,0,师德有问题
80044,152,沈燎,2018-07-07 08:24:36,6,7,1,真不是东西 沉浸在自己的世界里
80321,152,沈燎,2018-06-25 06:20:06,29,29,0,诸位在外院，有两个问题应该自己问问：第一，到外院来准备好当外交部部长了吗？第二，将来毕业后能当外交部部长了吗？\n\n
81884,152,沈燎,2018-07-06 11:31:28,2,3,1,无聊透
83951,152,沈燎,2018-07-11 15:19:19,2,2,0,。。。
83953,152,沈燎,2018-07-11 15:20:00,5,5,0,给分…………………………
83955,152,沈燎,2018-07-11 15:20:29,5,6,1,我晕死了，请问分是怎么给的？？形策背了认真考了，每节课都上了？绩点3.3？？
83957,152,沈燎,2018-07-11 15:21:06,8,10,2,有意思吗？我真服了。隔壁班都4➕，你这3.0 3.3 3.6 的有劲儿吗？你是变态吗？我真服了气了，有意思吗？真服了脑子怎么了这是？反人类吗？服了\n\n要大家都低就算了。就你sl班的学生特别惨怎么的？你给我们机会看看世界的残酷？真无语透顶
83958,152,沈燎,2018-07-11 15:21:17,7,7,0,垃圾垃圾垃圾垃圾垃圾垃圾
83959,152,沈燎,2018-07-11 15:21:23,8,8,0,给分太迷了吧，真的不喜欢，外院的也别选了
83966,152,沈燎,2018-07-11 15:27:41,13,16,3,3.3 可能是沈老师看出我没有外交官的潜质了，谢谢您，我也看出您不大有做人的潜质。
83970,152,沈燎,2018-07-11 15:36:01,2,3,1,人还行，课就算了。期末背答案的时候长点心，有现成的资料就用 不要瞎看ppt同学们！
83975,152,沈燎,2018-07-11 15:47:06,2,2,0,不能打零分吗?\n\n水货挺多的?
83980,152,沈燎,2018-07-11 15:55:38,3,4,1,老师能读点书吗？是比你有文化的学生都会被正态吗？
83982,152,沈燎,2018-07-11 15:59:50,17,18,1,认认真真听课了，从来不翘课，还做了笔记，好好学习，提前复习………\n\n然而……老师您这打分如此随意真的很让人伤心啊，难道学生们的努力不重要吗，老师您都不看查老师吗？如果一个老师得不到学生的爱戴，那至少做好本分啊，从后勤升上来没人在意您的过去，希望您好好善待将来的外院学子吧（另外，个人认为，外交部没什么好推崇的）
84001,152,沈燎,2018-07-11 16:43:23,6,7,1,莫名其妙就70了！？？学生手册满分，平时小测都到都做，考试背了好久，写的自己觉得还挺有把握！给我个理由啊zz老师？？！
84013,152,沈燎,2018-07-11 22:35:03,5,5,0,我就是来贡献个1分的
84054,152,沈燎,2018-07-12 03:56:40,8,9,1,绩点直接拉低0.16分
85660,152,沈燎,2018-07-24 11:32:33,2,2,0,可怕可怕可怕
86356,152,沈燎,2018-09-14 02:05:03,2,2,0,呵呵呵
87187,152,沈燎,2018-09-21 13:32:53,3,5,2,我就去参加个夏令营，看到她我就不想去贵院读研了
87666,152,沈燎,2018-10-09 14:53:21,-7,2,9,太棒哦
88379,152,沈燎,2018-10-30 02:01:57,3,4,1,水的一逼，又红又专
88398,152,沈燎,2018-10-30 06:40:30,2,3,1,真的??
90926,152,沈燎,2018-11-27 13:20:52,6,6,0,人尽皆知……
91582,152,沈燎,2019-03-11 07:00:38,-42,9,51,沈老师真的太棒了！ 我真的第一次见到这样优秀的老师 沈老师上课真的超级好 大家不要因为看别人都说不好就觉得不好 沈老师是我第一个给10分的老师
91681,152,沈燎,2018-12-18 01:44:13,17,18,1,上课只是单纯的念新闻，偶尔评论只不过是给学生灌输无脑的爱国情绪，毫无知识储备，零分
93117,152,沈燎,2019-01-07 11:27:09,9,12,3,东北***********\n\n听完我差点原地爆炸
95894,152,沈燎,2019-01-20 07:43:00,3,8,5,不错，负责学军招生
102689,152,沈燎,2019-02-20 10:45:15,-24,5,29,沈老师，我爱你❤️
104060,152,沈燎,2019-03-11 07:01:18,5,5,0,～拿耗子
105625,152,沈燎,2019-04-17 12:04:29,4,4,0,呵呵哒
105673,152,沈燎,2019-11-13 04:29:15,-74,16,90,燎姐姐太棒了~\n\n这是我在浙大见过的最好的老师（真心话哦~）\n\n给了一个十分\n\n么么哒
107846,152,沈燎,2019-05-10 11:09:02,29,32,3,别的不说，就冲沈老师当年抗震救灾险些丧生这一点，我就给她一个赞。\n\n当然，发生这种事我也很遗憾。
110050,152,沈燎,2019-06-22 01:44:46,15,16,1,希望老师不要再给学生洗脑了，把道理讲明白一点会增加我们对党的敬意。这样的授课非常成问题，只会适得其反，行策和思修本身应该通过具体案例，充分的论证，来完成爱国教育。\n\n       对历史的反思和批判是重塑民心的良药。\n\n您如果上课前准备的充分一点，多备几个事例，观点再多元一点，学生对您的评价也不会这么偏狭了。\n\n     唯有与时俱进，和大学生平等交流，才能赢得尊重。\n\n
110454,152,沈燎,2019-06-27 01:21:27,5,6,1,负责学军中学招生
116023,152,沈燎,2019-08-30 16:32:26,1,1,0,………………
116082,152,沈燎,2019-09-03 06:06:26,23,24,1,说女生化妆穿裙子就不配当学生，你觉得你化妆好看，其实别人觉得你难看。如果我女儿化妆，我一巴掌甩过去。\n\n可能三观不大相同，但我想说，您邋遢不打扮不代表其他人收拾得干干净净就是错的。太讨厌这种当着别人的面说别人丑的老师了。一点师德都没有。
116552,152,沈燎,2019-09-11 12:20:51,9,10,1,好啊 他好就好在他充分衬托出其他老师的光辉伟大 牺牲我一个 造福千万个 给全校老师垫底
117934,152,沈燎,2019-10-15 10:54:14,13,15,2,你知道为什么你只有一点一分吗\n\n因为这里没有零分可以打
119646,152,沈燎,2019-11-14 12:31:48,1,2,1,不太清楚她是茶壶有饺子   还是真的只有半瓶水   虽然只是个讲座  一面之缘而已  我已经不想听下去了   极其无聊
123114,152,沈燎,2020-05-10 12:19:26,7,7,0,不拖堂你会死吗？一门水课拖了半天，一点时间观念都没有
123256,152,沈燎,2020-05-26 06:54:36,21,21,0,从“给分厚道徐小洲 制度合理林建华 尊重学生孙大雁 亲切友善祝秀香 从不绩杀陈昆福 分多事少陈素珊 知识广博看沈燎 讲话生动吴朝晖 声音洪亮陶虹向”前来观光
125215,152,沈燎,2020-09-03 23:42:11,-63,5,68,浙大最好最优秀的思政老师\n\n没有之一，不接受反驳
125965,152,沈燎,2020-09-16 05:25:53,11,12,1,只恨不能打0分，外院第一大傻逼，快逃！！
125972,152,沈燎,2020-09-16 06:42:39,9,10,1,在职博士读了六年
126234,152,沈燎,2020-09-20 11:13:03,1,1,0,懂得都懂
126738,152,沈燎,2020-10-17 00:45:00,1,1,0,不喜欢
127429,152,沈燎,2020-11-23 03:05:50,0,2,2,恶心死
127447,152,沈燎,2020-11-23 06:39:12,1,2,1,一个能把简单概念重复三节课的好老师。
128552,152,沈燎,2020-12-24 00:44:46,6,8,2,快跑，如果不幸选上，自己想办法换老师
134819,152,沈燎,2021-04-16 09:07:24,11,12,1,难得的垃圾老师水平无比差，只会瞎逼逼，整天摆出一副高高在上的样子，让人看了觉得恶心。
135356,152,沈燎,2021-05-08 10:34:02,18,19,1,红卫兵就是她
135749,152,沈燎,2021-05-23 11:52:43,13,13,0,哎呀，说历史稍微说点对的吧...第一次世界大战我们签订了屈辱的南京条约，八国联军烧了我们的圆明园
136652,152,沈燎,2021-07-08 11:48:39,13,13,0,她是不是觉得1.1分非常高
136886,152,沈燎,2021-06-27 13:39:06,10,18,8,形策还没有出分，刚刚考完，感觉很糟糕，估计最后要被挂了。但是沈老师其实是个很温柔的人，她问我冷不冷的时候，被各种焦虑压着的我差点在考场上哭出声
138214,152,沈燎,2021-07-08 03:10:54,-20,9,29,老师对同学挺关心的，给分也还不错
138220,152,沈燎,2021-07-08 04:04:05,-15,4,19,老师真棒
140238,152,沈燎,2021-09-06 12:33:59,4,5,1,。。。。
141770,152,沈燎,2021-10-25 04:39:03,7,7,0,差不多得了
144978,152,沈燎,2021-12-26 07:23:27,3,3,0,///
144979,152,沈燎,2021-12-26 07:23:17,2,2,0,///
144980,152,沈燎,2021-12-26 07:23:17,2,2,0,///
147237,152,沈燎,2022-01-09 08:03:21,3,3,0,犬科...
154414,152,沈燎,2022-06-01 05:54:04,7,7,0,恶心死了，切
156316,152,沈燎,2022-06-19 03:05:11,6,6,0,她也配当老师。。。
156659,152,沈燎,2022-06-20 14:10:10,-3,2,5,感觉老师突然变好了，给分也变高了
156696,152,沈燎,2022-06-20 15:53:54,-4,1,5,给分有变好那么一丢丢？
156795,152,沈燎,2022-06-21 03:24:23,-11,2,13,不知道是不是助教原因 给分变好了 3.9不高不低 感恩
156806,152,沈燎,2022-06-21 03:49:39,-8,1,9,给分变好了！学弟学妹们放心冲\n\n虽然虽然讲课会让人怀疑这真的是三本的老师吗
156877,152,沈燎,2022-06-21 08:49:37,-7,0,7,老师人挺好的，给分也可以，讲课水平嘛不细说了
156919,152,沈燎,2022-06-21 10:35:34,10,10,0,每次作业正常做，期末考试正常考，每次签到都到，喜提3.3。同班同学两三次作业没交，没去几次课，最后4.2。自己看着办吧形策本来给分就很随机。说给分好的人只是幸存者偏差。建议忽视。最好选择其他老师。
159942,152,沈燎,2022-09-09 11:14:00,13,13,0,蛆🤮🤮🤮
162044,152,沈燎,2022-11-16 08:57:12,3,3,0,课间点名…这个操作有些过于“科学”，不知道如何吐槽
163199,152,沈燎,2022-12-09 14:00:31,3,3,0,真垃圾
164285,152,沈燎,2022-12-20 06:35:57,14,14,0,小红卫兵长大了😅
164626,152,沈燎,2022-12-22 09:38:08,5,6,1,毫无营养，嘴上就外交部外交部，听的耳朵起茧子
165994,152,沈燎,2023-01-10 15:58:51,4,4,0,三句不离外交部外交部，有完没完
170923,152,沈燎,2023-03-12 12:45:41,2,2,0,呵呵😄
170924,152,沈燎,2023-03-12 12:45:46,1,2,1,真的fw
170925,152,沈燎,2023-03-12 12:47:06,1,2,1,每一分钟都很折磨哦
170928,152,沈燎,2023-03-12 13:34:05,-9,2,11,沈老师，我爱你♥️
171605,152,沈燎,2023-03-30 02:10:54,4,4,0,收敛于1
171678,152,沈燎,2023-04-01 00:42:13,2,3,1,考查基本能力和素养 引领高考内容改革\n\n——2016 年高考语文试题评析\n\nhttps://gaokao.neea.edu.cn/res/Home/report/16093/d075afc713f5fb003e4a929424500529.pdf
175149,152,沈燎,2023-06-22 02:56:56,50,52,2,如果说浙大的教学是一杆强猛的三叉戟，那么沈老师一定是那个戟把。
178752,152,沈燎,2023-07-22 02:10:06,0,4,4,形策分数很高哇！平时任务也不多！感谢沈老师！
178945,152,沈燎,2023-08-03 04:57:04,3,6,3,感觉这个学年的形策确实很好，课堂氛围也OK，给分也好！还是很满意的！
190032,152,沈燎,2024-02-11 04:14:52,5,5,0,从“给分厚道徐小洲 制度合理林建华 尊重学生孙大雁 亲切友善祝秀香 从不绩杀陈昆福 分多事少陈素珊 知识广博看沈燎 讲话生动吴朝晖 声音洪亮陶虹向 十罪七策王章野”前来观光
190390,152,沈燎,2024-02-29 09:25:40,0,0,0,弟中弟
192424,152,沈燎,2024-05-19 11:06:33,9,10,1,二次签到我是万万想不到的 一分钟生死时速还是旷了
192534,152,沈燎,2024-05-23 07:02:47,1,1,0,就这么说吧，狐妖里的金人凤，还珠格格里的容嬷嬷
193754,152,沈燎,2024-06-17 13:39:30,4,5,1,老师这一届给分比以往好一些，其实老师人还是很好的，虽然讲课水平不敢恭维，但是也在努力地传达ppt上的内容，在下面水也不管你，值得一个及格分。
194079,152,沈燎,2024-06-22 02:00:56,0,0,0,上的很无语
195007,152,沈燎,2024-06-26 08:42:55,3,5,2,怎么说呢，老师讲课可能水平不高，并且喜欢讲外语学院也是事实，但今年的事不多，寒假作业和课后作业量都不多，并且今年给分还凑合，自己看最后的资料背书可以勉强拿到一个还算不错的绩点，总体还凑合，没有之前几届那么逆天
200377,152,沈燎,2024-10-16 11:40:24,0,0,0,共产党万岁
200618,152,沈燎,2024-10-20 11:06:45,0,1,1,挺好的
200619,152,沈燎,2024-10-20 11:08:36,1,1,0,给你工资，就这么上课？
200629,152,沈燎,2024-10-20 12:30:15,2,2,0,啥碧测你码
200633,152,沈燎,2024-10-20 12:40:46,0,0,0,纯血的傻逼 不带一丝杂质的傻逼\n\n上辈子炸了世界这辈子预置的形策归她教
203143,152,沈燎,2024-11-17 11:02:47,0,2,2,喜欢啊
203145,152,沈燎,2024-11-17 11:04:16,3,4,1,现在正在上她的课 上的想死
205859,152,沈燎,2024-12-12 10:18:25,1,1,0,事多。烦
214711,152,沈燎,2025-02-17 03:03:04,-3,2,5,现在看，老师反LGBT，有点偏激都是完全可以理解的
216026,152,沈燎,2025-03-09 13:37:43,1,1,0,很讨厌的老师 我狂踩
19452,160,刘悦 ,2016-01-24 09:00:14,5,5,0,刘老师满分\n\n
41424,160,刘悦 ,2017-01-11 13:17:45,4,4,0,刘悦很美我爱刘悦老师上课！
51778,160,刘悦 ,2017-06-09 15:40:21,0,1,1,
52139,160,刘悦 ,2017-06-15 05:22:11,17,17,0,国爸爸后援团打卡：）
64969,160,刘悦 ,2017-12-28 05:40:06,5,6,1,超棒的  每节课都学到很多
71885,160,刘悦 ,2018-01-29 05:06:46,6,7,1,老师很亲民很温柔很可爱 喜欢跟学生交流 给分也不错
88368,160,刘悦 ,2018-10-29 16:49:30,0,1,1,超棒的老师!
88750,160,刘悦 ,2018-11-07 07:38:30,3,3,0,老师很温柔，跨文化方面很专业。
104917,160,刘悦 ,2019-03-31 03:24:40,0,0,0,温柔又可爱的老师
1792,163,汪洁,2015-03-25 02:51:57,0,11,11,能给人学习方向 严师出高徒
1805,163,汪洁,2015-03-25 06:31:17,6,25,19,很厉害很会教学
3519,163,汪洁,2015-06-17 01:26:25,26,55,29,对学习差的同学态度不好
3553,163,汪洁,2015-06-17 01:33:10,10,23,13,老师上课很严格，但我觉得其实她的出发点是为了让学生真正提高英语能力而不是仅仅为了学分和绩点。
4548,163,汪洁,2015-06-24 08:54:19,-6,4,10,一个字，爽
4551,163,汪洁,2015-06-24 09:18:25,-4,11,15,想水水过的别报，但是可以学到很多，如果认真听课老师会对你态度很好，认真听课小测基本都5分
5507,163,汪洁,2015-07-08 04:00:26,6,14,8,她火我也火
5804,163,汪洁,2015-07-09 12:11:34,1,8,7,真的是一个很厉害的老师，挺严格的，我都有点害怕她，但也会启迪你一些东西
8497,163,汪洁,2015-09-22 01:51:16,-3,7,10,很会教学，是位好老师
8816,163,汪洁,2015-09-28 07:49:02,44,75,31,对差的同学不太好
10277,163,汪洁,2015-11-18 01:21:45,10,22,12,上课时感到生命受到威胁 作为大英4给分不好 作业超多
10766,163,汪洁,2018-07-07 00:11:53,76,137,61,对内向的英语差的同学像对待孙子似的
12614,163,汪洁,2015-12-23 15:26:19,41,65,24,作为一个不爱说话内向的人上她的课简直呵呵哒
12876,163,汪洁,2015-12-24 07:16:04,-6,6,12,真的是一个很好的老师，超喜欢他的上课风格
12984,163,汪洁,2015-12-24 12:34:45,47,79,32,虽然真的有点严厉有点凶，但是感觉教学水平很高啊，对课堂的掌控能力很强，对发言的同学也以鼓励为主，直接指出发音错误。马上就要离开她的班级了还有点舍不得…
13500,163,汪洁,2015-12-28 14:19:23,5,15,10,大概是个好老师吧，变脸变得比翻书快多了呵呵，也许这不是不尊重是严厉呢嘻嘻。从讲话方式到授课方法都那么让我讨厌的老师这是上学以来第二个，还是给个7分唉
14335,163,汪洁,2017-12-28 05:41:46,21,44,23,对待内向不敢说话英语基础不怎么好的同学跟对孙子似的，讨厌这种老师。
14690,163,汪洁,2016-01-18 05:49:20,12,21,9,大神只需刷一次存在感即可高枕无忧，平时分也不用担心\n\n吾等小透明兢兢业业不水手机然而不论平时成绩差多少最后分数都那样
14929,163,汪洁,2018-12-26 10:44:20,33,45,12,即使认真上课，老师也会因为没发言觉得你不认真
15372,163,汪洁,2016-01-18 05:47:54,1,4,3,
15485,163,汪洁,2016-01-14 15:41:57,-3,8,11,老师很耐心，很会鼓励人，学到很多，推荐！
16045,163,汪洁,2016-01-17 05:10:14,30,54,24,上课事多，课后作业多，上课生命受到威胁，给分不好，能选其他老师的尽量别选她
16266,163,汪洁,2016-01-17 15:18:52,1,15,14,哎看到如此认真负责的老教师评分如此低，虽然有些严格，她希望我们能真的学到东西，很注意口语和活用并不要求死背作业也不多，尤其对口语不是很好的外地学生很有帮助。
16416,163,汪洁,2016-01-18 05:10:25,21,36,15,每节课都是煎～熬～啊～
16490,163,汪洁,2016-01-18 08:26:27,0,6,6,老师很负责，比较喜欢认真学的学生。至于给分，说实话得看自己英语水平了，不怎么水。
16667,163,汪洁,2016-01-18 16:32:20,-2,6,8,好老师啊，对差学生不好，你就当好学生被
16839,163,汪洁,2016-01-19 05:13:48,-4,11,15,严师出高徒一点没错，作为一个内向的人，在她的课上培养了胆量和勇气。付出了总会有回报的，绩点4.8 老师能记住每一个人的名字比那些水课好太多。
16938,163,汪洁,2016-01-19 09:36:30,8,13,5,平时积极回答问题，然后平时测验也做的上了40多分，口语，背诵什么的也都自己很认真准备。可能最后一次考试没看好吧，，，给了70多分，，呵呵
17402,163,汪洁,2016-01-20 07:30:39,7,20,13,有个同学内向，就一直在那边逼他说。人家眼神里都充满了害怕，还硬要逼他，弄得那个同学尴尬。英语学习需要说不是你上课硬逼人家说话的理由，请学会尊重每一个同学！
18279,163,汪洁,2016-01-21 11:22:25,2,5,3,老师比较严，但确实也是为我们好，发音问题会直接指出，重视口语交际，不过绩点就要靠自己努力了。
18370,163,汪洁,2016-01-21 13:37:46,0,6,6,绩点4.2，我平时也没有怎么积极发言，但是有一次上台演讲加平时分，小组展示也有，可能是最后考试考得还行吧，感觉老师教学经验还是很丰富的，很会鼓励人，有学到挺多
18426,163,汪洁,2016-01-21 15:11:28,1,6,5,其实是个很好的老师，真的是在向你传授如何学习的思想，看实力不看人，基础好的同学可以选她，不过基础不太好的又想水的小伙伴就要三思啦～
18983,163,汪洁,2016-01-23 02:01:45,5,10,5,老师很注重表现能力，所以胆量可以得到锻炼，而且可以学到一些人生道理
20377,163,汪洁,2016-01-27 08:17:21,0,3,3,很严格，好与不好看你自己需要什么了
21063,163,汪洁,2016-12-28 05:01:35,2,8,6,看着她就烦
23119,163,汪洁,2016-06-27 15:18:01,0,5,5,挺好的，老师挺好的，很严厉，给我分数很好
23503,163,汪洁,2016-04-01 15:14:05,2,7,5,上课的时候一直强调自己的感受却从来不管其他人的感受。他的授课方式就一个字--逼
23644,163,汪洁,2016-04-11 12:35:51,1,5,4,如果你基础好，不用选，可以省下一些平时时间做其他有益的事。基础不好的，如果想提高，也不要选，上两节就被恶心的不想提高了。不想提高的话，可以选，反正自在由心。她的教学理念，不是希望学生好，而是希望学生在她的指导下好，偏离其指导方法就被认为是不好。
23981,163,汪洁,2016-04-23 12:17:00,5,10,5,对课堂掌控能力很强，只要认真学能学到很多东西。
24100,163,汪洁,2016-04-27 04:15:23,5,9,4,内向的我觉得呵呵哒
25433,163,汪洁,2016-05-19 02:36:41,1,2,1,根本不会尊重学生 你敢答错一个问题 她就说你不读书 不认真 “哎哟哟 这样下去怎么办”
25552,163,汪洁,2016-05-25 09:07:20,0,3,3,其实真的是很棒的老师
25824,163,汪洁,2016-06-10 03:05:24,4,5,1,自以为是的凶恶的鸡汤爱好者
26396,163,汪洁,2016-06-17 16:14:58,1,4,3,呵呵，对英语的兴趣全被她弄没了，口语不好，内向的同学慎选
26424,163,汪洁,2016-06-18 09:22:01,0,4,4,恕我直言，真的很垃圾，讲的一般，对于同学态度无比的差，别人不提问题她觉得你不思考，你有问题问她她又各种不耐烦，在课堂上说，我根本不在意你们喜不喜欢我，就是那种很讨厌的自以为是的自大狂更年期妇女，无比的讨厌
26854,163,汪洁,2016-06-21 10:04:25,32,63,31,想去学的时候就是一个很好的老师，一开始看到评分我差点退课了，但是一个学期下来真的有被圈粉，周围同学有同感，很认真的老师啊
27534,163,汪洁,2016-06-27 02:52:53,38,65,27,老师是一个很坚强很不容易的人 因为知道她的一些经历 所以很敬佩这位每天活力四射 认真上每一节课 严格对待每一位学生的老师 她真的就只是想给每一位同学都有参与和提高的机会 有的时候方式有些严格 希望大家能够体谅她
27612,163,汪洁,2016-06-27 04:58:12,3,5,2,感觉上课还不错，但不明白为什么给分那么低，明命比上学期认真很多，quiz加起来比上学期都高了二三十分，期末没考好？总分还降了…
27965,163,汪洁,2016-06-28 07:43:26,0,3,3,给分低到爆 平时quiz考的挺好 最后考试也差不多 最后给了3.0 花了时间却没有回报
28180,163,汪洁,2016-06-28 08:13:04,14,25,11,一个很严格的老师，讲题目上课都非常的认真，语法点单词都讲的很细致，特别注重同口语的练习~~所以每次练口语的时候都特别紧张啊！上汪老师的课是真的可以学到很多的，不水，满满的干货，觉得大英4能遇到这样的好老师很幸运！
28315,163,汪洁,2016-06-28 08:31:05,0,2,2,呵呵，我觉得我平时表现还算OK吧，不过分低到不能看啊，我天天晚上回去读英语记单词，最后绩点和我两个没怎么学的室友差不多高。无敌坑，就是这样，能不选她的课就别选，毁我青春，同归于尽。
29360,163,汪洁,2016-06-29 15:39:45,3,5,2,好老师，重视口语
30525,163,汪洁,2016-07-02 00:06:28,2,3,1,老师很负责任，在讲课文内容之余会分享一些生活经验，而对课文的讲解也是对quiz之类的很有用
30578,163,汪洁,2016-07-02 04:03:12,1,2,1,不要怕！她是个严厉的好老师！开始我发言也很方的 被不停指出错误 但是她真的是这么多年来对我的口语帮助最大的老师！ 虽然...不一定人人都很喜欢这种方式
30847,163,汪洁,2016-07-02 15:52:37,6,7,1,好处：要求严格，你会有不得不认真去学的压力，说实话，我是比上个学期认真很多。然后对你的口语会有点帮助「这当然是指那些敢站起来发言的人」\n\n坏处：绩点不怎么样，至少对我来说是，拉绩点。如果你是内向或是胆小的人上了她的课可能会丧失对英语的兴趣。
32373,163,汪洁,2016-07-06 10:07:06,2,2,0,汪老师很严厉，听她的课就别想水了，认真听还是很有收获的。但给分是不太高的，可能是跟考试难也有关系吧。\n\n
33203,163,汪洁,2016-09-23 01:47:24,0,1,1,好好好
35226,163,汪洁,2017-01-11 11:22:14,-3,5,8,特意过来给个1分
35258,163,汪洁,2016-11-07 11:35:17,0,2,2,非常不尊重学生，回答问题只要有语法或词汇错误就会立刻打断，完全不顾及有没有打断同学的思路。而且作业也很多
36063,163,汪洁,2017-01-14 00:54:08,0,2,2,好，太好了
37837,163,汪洁,2016-11-21 10:23:38,1,4,3,上个英语课感觉升天了，比形策还难熬
39047,163,汪洁,2018-11-01 03:57:40,6,10,4,英语本来就是要大声说出来，要积极参与
39885,163,汪洁,2016-12-28 06:13:08,2,3,1,真的能学到东西，非常注意听和说的能力。可就是有些同学不积极还怪老师控制欲强
39951,163,汪洁,2016-12-28 09:28:10,5,6,1,汪老师很严厉，相对于其他的大学老师，她更像是高中老师，想要把心思不在学英语上的人（比如本人）抓回来，个人很能理解她严格背后的东西。
40156,163,汪洁,2016-12-29 12:41:22,15,29,14,说实话，个人对汪老师的态度前后差异很大，初次见面觉得口音辣耳朵，而且很强迫学生发言；但之后慢慢发现汪老师有很独特的闪光点:三观正，思想深，很愿意和学生分享她在美国大学的见闻，而且能够很好的利用教学材料，把语言分析的很透彻。上她的课气氛较为紧张，答不出问题的话很可能被她批评，但是正是这种严格要求，才能能使你真正的学到东西，而不是水水就过!不管怎么样，很爱汪老师!
40428,163,汪洁,2017-01-03 08:51:49,1,2,1,其实还好啦 老师平时也会开开玩笑什么的 对于敢于开口的同学还是鼓励的
41194,163,汪洁,2017-01-14 00:48:49,14,18,4,真的是一位很认真很负责的老师！感觉自己上课的收获很大，成绩也算对得起自己的努力。对待认真的同学会鼓励，教学水平也很高。不太懂为什么评分这么低……上她的课要认真对待，讲真想水大英的这种心态我也不是很理解……
41249,163,汪洁,2017-01-10 08:15:41,17,26,9,汪老师真的是一个很负责任的老师。有同学说她对英语水平不好的同学像孙子一样，我很不赞同。我看到的汪老师，对上课表现不好的同学，下课后会单独指出，下节课那同学有进步，她就会表扬他。上课真的很有水平，想水课的同学还是不要选了。
41745,163,汪洁,2017-01-12 13:25:11,1,2,1,老师上课真的很好！！大英四书本本身也很好！如果你不想学习，大学只想水一水，你找什么好老师也没有。如果你想提高，就来汪老师这里好啦
42038,163,汪洁,2017-01-13 12:48:35,17,22,5,汪老师要求很严格，上她的的课真的很多干货 想起老师说的话【一门课上完 感觉到比较累 这才是真正地全神贯注了 才能学到东西】 对于想要好好学大英的同学这是个很好的选择 上课必须全神贯注 一点也不水 上着很累但是期末的时候会感觉英语比较轻松 而且老师喜欢让大家课堂交流练习口语 对于开口说的同学老师都是鼓励的 一个学期下来感觉收获还是很多 口试应该也不错 大家不要被评分吓到了 汪老师是个好老师 选吧~\n\n
42062,163,汪洁,2017-01-13 13:25:57,1,2,1,对于她   我还能说什么呢 \n\n老师不错\n\n就是\n\n如果你在意成绩的话\n\n请绕路
42078,163,汪洁,2017-01-13 14:11:18,1,2,1,很认真的老师，也乐于分享一些课堂外的东西，很注重能力培养。可能是会有点严厉，但一学期下来是有收获的。
42095,163,汪洁,2017-01-13 14:41:14,0,1,1,很认真，但是给分不高\n\n
42214,163,汪洁,2017-01-14 02:14:16,16,27,11,其实一学期下来大英课是少数几门我能不水手机从头听到尾的课 也不是因为老师严格 而是她真的有让你静下心来学英语的魅力 虽然每次上课需要发言 如果不主动举手她还会叫你起来 就是因为他想让每位同学都能发言 对差的同学态度差这一点并没有在我们班上很突出 其实我很内向 初高中上课几乎不主动举手 但是大英课之前让我有两三次主动举手发言 真的很奇妙 内向不应该成为理由 虽然我发言会很紧张回答错误会很难过 但是自己调整过来就好了 老师三观真的超正 会叫你做人学习的道理
42222,163,汪洁,2017-01-14 02:36:52,0,1,1,上课很认真，也很仔细，会把知识点讲的很细，是属于那种真的能学到东西的。今年人品爆炸进了一个只有九个人的大英四小班，感觉老师真的很负责，会一直督促大家。想水的基本不可能，是真正能学到东西的课\(≧▽≦)/赞
42302,163,汪洁,2017-01-14 03:51:52,8,11,3,不愿再相信大学老师，始于汪洁。
42536,163,汪洁,2017-01-14 11:46:27,-1,1,2,讲道理是个好老师 讲课可以学到真的英语知识 很锻炼口语 但给分可能并不好（是我自己绩点太低也有可能）为了绩点的同学慎重
42636,163,汪洁,2017-01-14 15:49:19,0,2,2,不水 认真学能有很大收获
43838,163,汪洁,2017-01-17 04:54:31,0,0,0,会经常被点到名，如果是真的想学好英语的可能是会觉得经常被怼，但是收获也真的很多
44600,163,汪洁,2017-01-18 03:59:12,1,1,0,上老师的课超级紧张，感觉随时上战场。会专门点那些不爱发言的同学回答问题，内向的同学慎选。平时作业较多，但对掌握知识是很有必要的。老师人不错，但是，给分不好啊～大英4gg真是……
48553,163,汪洁,2017-03-07 07:26:21,0,2,2,很好的老师，作业略多，素养很高
48609,163,汪洁,2017-03-08 09:26:47,10,14,4,一个并不厉害，却觉得自己很厉害的老师
49360,163,汪洁,2017-04-07 16:59:25,20,25,5,托福听力作业贼多，听抄12篇conversation， 10篇lecture才是及格分，我其他课加起来花的时间还没这一门多
49547,163,汪洁,2017-04-24 05:00:20,9,13,4,大绩杀
49685,163,汪洁,2017-04-24 02:33:33,4,4,0,呵呵呵呵
49686,163,汪洁,2017-04-24 02:55:01,5,5,0,水平不好，给分差。
49748,163,汪洁,2017-04-25 10:11:31,7,10,3,老师人还好\n\n给分真的很惨\n\n真的绩杀啊……\n\n惨不忍睹
49760,163,汪洁,2017-04-25 13:37:49,7,12,5,她的托福听力呵呵哒
49764,163,汪洁,2017-04-26 07:27:07,5,7,2,上课简直是种煎熬，而且讲得很枯燥无聊，没觉得好在哪里，为人刻薄还绩杀简直了
49769,163,汪洁,2017-04-25 15:27:37,3,5,2,托福听力的，老师是个好老师，有种回到高中的感觉，但7周那么多听抄真的要哭，还有就是我3.0的绩点真是要哭死了，劝大家听力水平高点再来，自己先去听听托福的听力，不然期末真的，唉
49925,163,汪洁,2017-04-27 08:23:37,8,10,2,我就是那个英语差的内向熊孩子，汪老师没让我及格，特意来给个一分，学弟学妹们甚选，珍爱绩点远离汪洁。
49984,163,汪洁,2017-04-28 03:11:47,0,0,0,对：吃吃吃
50239,163,汪洁,2017-05-02 01:40:50,1,1,0,人还不错，但真的绩杀\n\n
52333,163,汪洁,2017-06-25 02:48:56,1,1,0,给分好差
53024,163,汪洁,2017-06-25 02:13:50,-2,5,7,很棒的老师，虽然的确挺严格，但一学期下来学到了很多，一开始很不好意思开口，一学期逼着自己演讲，有很大提升๛ก(ｰ̀ωｰ́ก) 两次小测要认真复习，一共占了10分；我有一次忘了复习几乎一个字没写出来，最后91分还可以(๑ºั╰╯ºั๑)
53028,163,汪洁,2017-06-25 02:34:51,2,2,0,老师认真归认真，但真的绩杀，要在这门课上花很多很多时间才能拿到高绩点，如果只是希望拿绩点，投入产出比不值得；
53034,163,汪洁,2017-06-25 04:41:30,0,0,0,老师有实力，有原则，可以学到点东西。\n\n不过还是选大英好拿分\n\n
53059,163,汪洁,2017-06-25 08:14:22,20,24,4,心累，托福听力她展示的每一个单词都要拍下来回去记住，考试她说的范围肯定会出题的，肯付出时间保底起码有个3.6吧，就是事是真的多，还是短学期的课，要命，期末已经火葬场。没能力的慎选，我TM被室友坑了。虽然吧，我绩点不咋地，一个是我能力不行，一个是第一次quiz没当回事，几乎是0分，拉惨了，手贱选进去的一定要记住背单词老老实实搞听抄。。。最后吐槽一句，凡是说自己绩点高的评论都被刷到最底下了，都什么心态，行就是行不行就是不行，英语这科目还有什么好水的吗？能力是多少就拿多少的分，别整天瞎你麻痹抱怨这抱怨那的，不行就滚蛋，没求你在这里影响后来人的判断。
53127,163,汪洁,2017-06-26 03:18:01,0,2,2,千万千万千万别选她的课，真的，听前人一句话，不要尝试，这老师就是一个傻逼，死板到极点，赶紧回去教高中去吧？！
53201,163,汪洁,2017-06-26 07:34:45,6,6,0,托福听力任务很多，拼了老命做作业，拿到了大学所有课的最低分。
53697,163,汪洁,2017-06-27 10:21:42,7,9,2,老师很严格也很认真，如果选上了她的课千万别水，因为绩点真的会不太好……的确更青睐英语好的同学，不过这也无可厚非吧……本人在班里英语较弱，也比较内向不怎么发言，因为畏惧老师的威严次次quiz演讲披肝沥胆地准备，最后上九十了，总的来说，只要认真，老师会看到你的努力的
53972,163,汪洁,2017-06-28 06:35:00,3,5,2,托福听力| 就自身情况说明一下供参考 大英九十分以上的强推 作业很多没错 但是是只要认真准备最终分数绝对不会辜负的那种 quiz也好听抄也好 准备了绝对没问题 这里要说一下听抄的事情 夏学期老师根据春学期的情况给我们减少了一半的作业量 还是要花不少时间 但是我觉得这时间花得有价值 为了暑假考托福选的课督促自己 就得出一点：努力了结果也许没有预期好，不努力的话结果一定很糟糕。
54346,163,汪洁,2017-06-29 06:34:15,18,23,5,推荐。一个严格的老师，能在同样的时间里使你学到更多东西，如果你的目标是提升英语水平，那这个选这个老师的效益是绝对高的。\n\n       不过托福听力建议英语好的人来选，水平不好的来上太吃力了。我上完以后是感觉进步很多，英文电影大都听得懂了。\n\n        刷到上面的都是一些负面评论，我就奇怪了说话有语法错误被打断很奇怪?，问题回答不上来而挨骂很奇怪吗?让你用着错误的语法去和老外交流?我也挨过骂，但我认为只要不是人格侮辱或使用了粗鄙语言，老师指出你的做的不够好的地方就是正常行为。虽然嗓门大点凶一点，但其他地方没毛病啊。\n\n       真的是我到浙大以来见过的比较踏实的老师了，希望后来人评分能理性点。\n\n
55300,163,汪洁,2017-07-01 08:27:33,4,5,1,托福听力，曾经我为了锻炼鞭策自己而选，现在后悔莫及……作业巨多！甚至觉得比专业课还多，分超低！我偏向虎山行，一头包下来。
56924,163,汪洁,2017-07-05 03:30:37,0,2,2,上了她的托福听力…作业有点多，但是认真完成下来收获还是很大的。老师很严谨，教的东西也蛮丰富的～
59723,163,汪洁,2017-09-26 07:45:03,2,3,1,刻板古板不建议选
59724,163,汪洁,2017-09-26 07:45:52,2,3,1,死板刁钻古怪
59726,163,汪洁,2017-09-26 07:47:47,2,3,1,有点沉闷
60026,163,汪洁,2017-10-05 10:17:49,-2,6,8,哟 过一年了来看，什么时候升到6分了？看来很对你们英语高材生的胃口啊，我们这种基础不行又内向的活该上课被恶意针对哦？惹不起惹不起
60607,163,汪洁,2018-01-26 04:52:06,1,5,4,三观正？拉倒吧，地域歧视相当严重，还“我觉得xx人怎么怎么样”，对中国人的认知还处于几十年前，没事还点评一下中国人，鼓励？我没遇见过，经常被嘲讽
61563,163,汪洁,2017-11-18 14:25:03,0,0,0,不好哦
63545,163,汪洁,2017-12-06 11:12:40,-1,1,2,对不起哦 因为有个BitXX同学和您同名
64058,163,汪洁,2017-12-20 23:29:08,1,1,0,真的是一个负责的老师  老师鼓励大家发言  会给大家讲一些有哲理的话题 启发思考  这样好的老师 得分不应该这么低！
64112,163,汪洁,2017-12-21 03:59:04,4,4,0,很好的老师。可能因为性格比较直接，初识时感觉有点不留情面。但相处久了真心觉得老师非常棒，希望每个同学都能真正有所收获。传授的不只是知识还有观念。评分较低很可能是因为上课风格的原因，和能力与人品没有必然联系。强烈建议想好好学英语的同学不要退
64360,163,汪洁,2017-12-23 02:47:59,3,3,0,汪洁老师的要求是挺合理的，不像某些人说的那么凶好吗。
64738,163,汪洁,2017-12-27 04:15:28,1,1,0,基础不好不能好好学么  我的基础也不好 但是还是愿意说 老师也不会嘲笑你  只会耐心帮你纠正 如果你只是想水水过 那当然会过的很痛苦 不是老师的原因好吧  自己想想看自己的态度
65328,163,汪洁,2018-11-01 03:58:22,5,5,0,老师认真，还指导我学习，好老师，只不过平时要求严格，英语不好的人还是算了（比如我）
65479,163,汪洁,2018-01-04 10:20:28,1,2,1,不得不说整个学校的大英都很水\n\n这个老师尽力让这门课不水了那么一点（特别上课）
67788,163,汪洁,2018-01-22 07:19:10,1,1,0,老师比较严格，可以理解为负责，也可以理解为苛刻，出分比较慢，不知道是不是在调分\n\n
67964,163,汪洁,2018-01-22 11:46:40,1,3,2,给分还行，分数出的晚可能在调分，还挺负责，一开始觉得性格不好，有抵触情绪正常，后来会正常很多
67965,163,汪洁,2018-01-22 11:47:52,0,1,1,?
67982,163,汪洁,2018-01-22 12:13:20,3,4,1,?杀 拿到的分跟我军训半训一样
68041,163,汪洁,2018-01-22 13:48:52,0,1,1,抛开绩点说的话，这个老师上课还是很有一套的。不检查作业，听写也比一开始说的少。但是她真的偏爱发言多的同学。fine，反正她发音可以，阅历可以，上课讲课文单词也可以，可能就脾气急了点。以及，绩点真的不能看，应该是不调分，小测和作文认真对待吧。
68046,163,汪洁,2018-01-22 14:02:10,0,1,1,老师很负责，而且只要你认真，老师给分也不会差。
68235,163,汪洁,2018-01-23 01:23:05,0,2,2,非常非常认真负责的老师，对每个同学都非常非常负责。还会给你灌一些心灵鸡汤真的很暖有没有？只要稍微认真一点好好完成作业，期末之前背背单词绩点不会差啊，4.2如果都算差的话我想诸位大佬大概是以满绩为目标吧。
69575,163,汪洁,2018-01-25 04:11:09,2,3,1,建议内向的同学退选=有一定口语基础的这课说不定挺适合你们的=说不定=大英三需要一次个人经历分享和一次小组课题展示=几周就会有一次口语练习课=上课会一直叫人起来回答问题=答不出来就要快点求助旁边同学=不然一时半会儿很难坐下=期末出分挺慢的=给分倒也还公正=
69582,163,汪洁,2018-01-25 04:15:51,0,1,1,一言难尽
69707,163,汪洁,2018-01-25 08:46:13,4,9,5,汪老师人真得很好！三观很正，而且是一名很负责的严师。老师从来都是以鼓励为主的，犯错不要紧，关键是态度要端正！整学期下来见到不少同学被骂了，但这些同学大多数都态度不端正，想水水就过的。可能这些人记仇了就给汪老师打低分。但汪老师真得值得选，结课时还觉得挺舍不得汪老师的。另外关于给分，像大英微积分线代这种本来给分标准就很客观，老师主观因素其实很少。大英如何得高分？老老实实背单词练听力呗，尤其背单词。如果你不想水水过真得非常建议选。但如果你很水，不愿积极主动参与，那算了吧，那样你会很惨的。最后，衷心地祝老师幸福。
69858,163,汪洁,2018-01-25 14:12:39,-1,1,2,不怎么样
72266,163,汪洁,2018-01-29 16:08:28,-1,3,4,固定座位，给分应该还算公正，调分是不存在的（大英好像都不会调分），老师很讨厌迟到的学生，但上汪老师的课总有种回到高三的感觉，所以不是很喜欢。但也没有前面同学说的那么不堪，地域歧视什么的有点过了。
72477,163,汪洁,2018-01-30 08:01:19,3,4,1,对我们严格，老师不就应该这样子吗
75607,163,汪洁,2018-04-24 01:22:42,-6,2,8,垃圾老师
75697,163,汪洁,2018-03-15 07:32:51,2,2,0,为何不肯下课呢？连上2小时
76217,163,汪洁,2018-03-29 06:25:00,-4,1,5,托福听力居然考文章填空听写。。。真的误人子弟
76811,163,汪洁,2018-04-24 01:40:47,2,2,0,上汪老师的托福听力觉得汪老师性格超好，干货满满，可能听到后来会有点疲劳，但是真的很有收获。结课的时候老师对每个学生递上来的反馈都特别真诚地说thanks，真的很感动。托福听力学期短，任务重，要平时好好努力，这样quiz和考试应该不会太吃力。
76960,163,汪洁,2018-04-26 14:31:35,1,1,0,托福听力，上课还好，作业量现在合理了，问题是听力广播设施太差劲，比真实托福考试辣耳朵太多，希望能改善吧。
76995,163,汪洁,2018-04-27 15:37:44,2,3,1,认真按着老师说的来就有很多干货
77211,163,汪洁,2018-05-03 23:36:09,2,2,0,上的托福听力，老师很和蔼，上课会讲很多的美国文化，校园生活等等，作为考托福前的预热个人觉得还是挺不错的\n\n
80194,163,汪洁,2018-06-21 09:48:06,2,2,0,看位置判断谁没来应该也算点名吧，老师其实不会歧视基础不好的人，可能她说话风格比较严吧，但是如果你认真了，把课文好好预习了，老师问问题也不至于回答成那个样子，这与基础无关。上课好好听，开口，不一定要回答问题，不过老师会给你锻炼的机会，挺值得选的一个老师，希望大家英语进步。
80367,163,汪洁,2018-06-25 13:19:46,2,2,0,强推汪老师的托福听力
80620,163,汪洁,2018-06-28 10:39:01,1,1,0,我觉得汪老师的托福听力挺好的，QUIZ和最终考试很多题目都已经告诉我们在TPO几到几了，只能说这个主要还是看你自己努力吧，你自己不听不背单词还想要高绩点你觉得可能吗？而且老师真的是再三让同学们去听TPO告诉我们考试会考到了。
80729,163,汪洁,2018-06-30 02:52:20,1,2,1,怎么说，托福听力绩点1.5，但是过错更多的是在自己，没有认真学习。上课的话有些着重于进度，有时我是反应不过来的。
81193,163,汪洁,2018-07-04 08:48:18,2,3,1,成绩不好 是我太菜啦。如果选了就要好好学。
81210,163,汪洁,2018-07-04 09:48:30,2,2,0,我觉得老师很好啊，对我们都很和蔼，完全没有像楼上说的那样对同学不好。上课是真的很认真，完全不水。英语课是我唯一一门没有水过手机的课。不知道为什么这么好的老师评价这么低。墙裂推荐选汪洁老师！
81225,163,汪洁,2018-07-04 10:48:01,2,2,0,上课一点都不水，好好学会有收获，可惜我懒了
81278,163,汪洁,2018-07-04 14:13:22,2,3,1,老师很好，想要绩点，就要自己努力啊！
81288,163,汪洁,2018-07-04 14:40:47,3,3,0,老师很认真，对学习态度非常看重，很负责。只要认真学，真的能学到很多东西，绩点也不会差。
81592,163,汪洁,2018-07-05 13:16:24,6,8,2,啊啊啊给汪老师满分呀~内向+1但是老师真的超级棒，从来没有像前面的评论说像孙子一样啊!她只是对态度不端正的人会比较生气（难道不完成作业还有理了吗）!觉得这个学期就真的学的很认真，收获也很多!而且老师真的很负责哇，觉得你最近有一些问题会跟你谈心，愿意课后跟你聊天，说实话，就一节大英课的关系，老师真的不能再负责了呀!愿意认真学的就选汪老师，没错的!给分也对得起自己的努力!期末考应该考差了，但是之前quiz还是弥补了遗憾的!真的超幸运，选不上大英课最后选了汪老师，希望认真的老师也能遇上认真的学生吧!
81676,163,汪洁,2018-07-06 00:32:12,8,8,0,很客观的评价（不谈绩点啥），老师平时的确很认真负责，每节课会有同学上台讲一段英语新闻练口语，每堂课基本也有练口语的课堂讨论，我觉得这点还是灰常不错的～然后课本里比较注重基础，单词语法什么的会仔细和你讲～然后上课最好能发言，老师主要也是看你的态度，会鼓励你的，作业认真完成，平时分应该不会低。大英四期末考会比较难，所以平时的小测还是要上心一点。
82356,163,汪洁,2018-07-08 03:32:30,6,6,0,老师很好，很认真负责。只要你上课也认真，她是不会为难你的，很幸运选了王洁老师的课，收获颇丰。
89830,163,汪洁,2018-11-21 02:55:44,1,2,1,考完试要写考试反思，反复叨叨大家要主动学习要课外多花时间，跟教小学生一样。\n\n上课效率不高，内容少，缺乏系统性，废话多。\n\n对待差生不友好，上课内容又不清晰，英语不好的学生只会越来越差。\n\n总之感觉没有学到什么东西，听不进去她在讲什么，英语全靠老底和自学。\n\n
92184,163,汪洁,2018-12-27 03:12:44,1,3,2,老师人很好，虽然最后绩点......那是我自己英语太垃圾的原因。老师很严厉，她是真心想帮助同学们提高英语，最终怎么样还是要靠你自己是不是可以坚持下来。真的是很好的老师
92776,163,汪洁,2019-01-04 10:46:48,1,2,1,刚开始不适应，后来就好啦。很负责的老师。
93293,163,汪洁,2019-01-09 01:18:13,5,7,2,老师课还是挺好的 不水 对待英语差的内向的确实不太友好 但你只要认真学就会鼓励你 上课唯一不水手机的课
93493,163,汪洁,2019-01-10 04:56:23,2,3,1,很不自在，不是水课。
94024,163,汪洁,2019-01-15 02:47:35,0,3,3,和舍友比起来作业是真的多。但是！！！其实学英语就是要说的啊，不愿意上课回答问题然后diss老师的是什么心态_(:з」∠)_
94250,163,汪洁,2019-01-16 04:48:23,1,4,3,一开始被6.8吓到，一学期上下来感觉其实挺好的。虽然是很严格，但是课后去找她都很耐心，而且对努力的同学会很认真地鼓励，课也还不错啦。
97445,163,汪洁,2019-01-22 09:03:42,2,3,1,回到高中...其实吧也没那么难熬，可是最后看到成绩的我还是惊了一下...想知道过程分。严格是真的严格，不过还是觉得没学到什么，还是得靠自己吧……
97514,163,汪洁,2019-01-22 09:43:12,-3,3,6,吹爆汪洁老师！老师真的很好，每次上课都很有激情，非常重视课本，上课认真听干货满满，平时事情也不算多。老师不喜欢迟到，会有一点严厉。最后4.8 感谢老师！
97626,163,汪洁,2019-01-22 12:16:58,0,3,3,只要肯说肯读肯做就大胆选吧，老师略严格，会有点压力。但出来的分比预计高了十分～
97679,163,汪洁,2019-01-22 13:16:14,0,4,4,其实老师并没有那么差
97722,163,汪洁,2019-01-22 14:12:16,3,6,3,内向的人慎选
97785,163,汪洁,2019-01-22 16:05:52,2,5,3,绩杀汪洁
97831,163,汪洁,2019-01-22 23:22:04,4,4,0,老师总的来说是不错的，想水是睡不了的，课堂上也会给很多同学展示的机会。不过我上课迟到了，我想这就是我卡绩的原因吧
97869,163,汪洁,2019-01-23 00:33:48,2,4,2,一个让我天天都想退课的老师
97875,163,汪洁,2019-01-23 00:39:21,5,6,1,不怎么喜欢这个老师 最后给分也不太好 总是喜欢强迫学生回答问题
97888,163,汪洁,2019-01-23 01:02:49,3,4,1,绩杀 慎选
97911,163,汪洁,2019-01-23 01:37:38,1,4,3,大英老师能控制的分数只有5分，剩下95还是要看自己，所以汪老师其实并不是绩杀。她的教学水平真的很高！
98204,163,汪洁,2019-01-23 07:35:55,0,2,2,很负责的老师，对态度认真的同学以鼓励为主，可以很有收获。
98751,163,汪洁,2019-01-24 01:29:14,5,5,0,口语不好是噩梦
98781,163,汪洁,2019-01-24 02:28:20,4,5,1,绩杀!上课给人压迫感，对成绩差的很不友好!
98910,163,汪洁,2019-01-24 05:03:08,2,2,0,上课体验感很差
100823,163,汪洁,2019-01-27 01:24:36,3,4,1,她上课的形式有点像高中，就是会讲词汇的重点用法以及重点句子什么的，相比其他大英老师应该是非常负责的。然后，对口语的要求特别高，她希望我们用英语来交流，所以不论是回答问题还是展示的时候都尽量别看稿子。然后，发音要标准。怎么讲嘞，自认为在发音方面没什么问题，小组展示，个人展示以及平时的一些发言都会因为发音被表扬的，然后…平时作业也有认真写…然而79被卡绩…就是有点不甘吧…听说50％是80以上…自认为英语也不赖…虽然平时分也有一半，但看来期末考试最重要了…所以…平时事儿多的老师就绕道吧！多背背单词更有用。
105862,163,汪洁,2019-04-22 07:44:33,7,7,0,上她的托福听力，客观来说，老师评分还能再高些，讲的有详有略，人也很好，会和你说好好加油，也会说这次听写成绩不错，就说明她其实都记得每个同学的表现。谢谢老师：（）
105977,163,汪洁,2019-04-24 02:46:37,7,7,0,托福听力给分真的很好，我自觉期末考试应该是炸了但是最后分数很惊喜啊，而且老师一点都不凶，真心很温柔诶……
105987,163,汪洁,2019-04-24 04:44:56,0,1,1,老师人很好 托福听力给分emmm比自己逾期低了一点点但是也还好啦 可能是单纯的自我感觉良好吧哈哈哈
105997,163,汪洁,2019-04-24 06:08:49,4,5,1,托福听力这门课平时的工作量很爆炸，时间不多的同学慎选，但收获确实很大，给分也很好，去年考了一次托福听力20的我拿了4.8，quiz和期末都有很大一部分是tpo原题，把范围内的都听一次就不虚了
105998,163,汪洁,2019-04-24 06:28:49,0,3,3,选了老师的托福听力，感觉老师人很直爽，作业量见仁见智吧，每周听抄和背单词听写。最后满了嘿嘿嘿XD
106320,163,汪洁,2019-04-26 10:14:29,11,13,2,【托福听力】选课之前很纠结，因为查老师评分不好。但是上完课说实话我觉得还ok，没有看到评论里说老师上课怼英语不好的同学的现象，不过老师也没怎么叫人起来回答问题就是了。课堂还可以，英语课正常模式叭。\n\n【作业】可能有些人觉得多，我觉得看心态，抱着水通识课的心态当然多，真的想提高的话，作业不多怎么提高。每周听抄1-2小时，背单词1-2小时，仅供参考。\n\n【给分】我觉得比起有些不知道论文分数怎么打的课来讲，很公平，平时听写小测错了多少，考试错了多少，都是无可争议的。期末考一半的听力材料给范围了，所以考试压力小一些。95/5.0，听写除了两次错一个以外都满了，小测第一次33/35，除了作业和布置的材料范围外没花时间，仅供参考。
106417,163,汪洁,2019-04-27 07:27:25,2,3,1,7/10。上了老师的托福听力，人挺好的，比较负责，但上课内容乏善可陈。之前上过徐雪英、高睿老师的课，明显觉得汪老师的英语水平比较有限
106667,163,汪洁,2019-04-29 01:34:50,2,4,2,托福听力大概是四门托福课里作业最少，考试最简单的了……
107750,163,汪洁,2019-05-09 04:32:49,1,3,2,很好啊
109109,163,汪洁,2019-06-08 13:04:27,2,3,1,8/10 总体还行，但我觉得听抄真的是一种时间效率很低的学习方式
109335,163,汪洁,2019-06-13 06:48:01,0,2,2,老师很歧视工科的同学觉得工科同学英语不好？！上课也很无聊很水，觉得没什么帮助，慎选！
112140,163,汪洁,2019-07-03 17:24:44,1,3,2,期末考炸了极点直接爆炸.....还被卡绩了...老师水平不太高的亚子，课也很无聊，慎选
112160,163,汪洁,2019-07-03 17:56:30,1,1,0,？？？
112302,163,汪洁,2019-07-04 01:06:19,0,1,1,出分了 不满意 但是老师还是挺好的 以后的同学上课一定要好好背单词啊 （满?很容易的好好背的话
112366,163,汪洁,2019-07-04 02:57:26,0,4,4,第一次给一个老师这么差的评分，上课特别凶不说，平时任务这么多您觉得我们都是英语专业的吗？每周几百个单词背得过来吗？自己口语不好还要求我们听写准确真的很搞笑。我平时不管是大英还是外语选修课没有低于4.5的，平时小测都是扣一分两分，最后居然就给了我82分，真不知道怎么评的分。上课用手机查单词都会被骂，我又不是您家小孩，麻烦说话的时候注意一下分寸。
112432,163,汪洁,2019-07-04 06:37:47,2,5,3,托福听力：选这门课的时候就要看自己什么目的上这门课啊，说平时时间不够作业太多的人自己都没有下定考托福的决心，当然觉得作业多了。想作为一门凑外语学分的课的话，那我建议不要选了。平时的作业其实算浙大托福课里比较多的一门课了，每周听抄一到两篇lecture，背单词几百个左右。\n\n关于背单词的事情，有人说自己费劲背了一个学期的单词，每次都是满分但最后总评不好，拜托老师第一节课就说过了听写连上签到才一共10分，本人作为一个听写日常五六分只有一次9分一次10分的人最后还是4.5以上。\n\n关于考试，两次quiz和期末考一半的题都是tpo原文，考试范围都告诉了，不听tpo或者听抄不认真做当然最后绩点会比较难看。\n\n关于老师性格，我觉得上课属于中规中矩型的，上课较大一部分时间都是背单词和做听力训练，没有风评那么糟糕。只不过在解析听力题目答案的时候过的有点快。我觉得这门课要想取得一个比较好看的绩点，认真对待听抄，多做tpo练习吧，老师还挺不错的，课后有什么问题可以多问问老师，交流过程中也很和善呀。
112974,163,汪洁,2019-07-05 17:10:17,2,2,0,上的是托福听力，所以没遇到上面说的经常点名回答问题的事，老师挺严格，对教学非常重视，课程安排清晰合理，托福零基础的我上完八周课之后明显感觉听力有质的提升（唔可能是我太菜的缘故
117405,163,汪洁,2019-09-24 03:03:06,2,2,0,很认真的老师 来到大学能遇到这样一位老师真的很幸运 不但在课程内容上很用心 而且帮我们奠定了整个大学生活的积极基调
119395,163,汪洁,2019-11-12 14:55:23,3,3,0,老师非常认真，也很严格，会鼓励同学开口说话。但是课不怎么有趣，和我高中的讲法一样的。
120412,163,汪洁,2019-12-04 03:32:30,1,1,0,太煎熬了，上课不发言=学习态度不认真
120603,163,汪洁,2020-01-13 17:51:39,0,0,0,老师人真的很好，上课能学到很多东西，只要平时认真，绩点都能体现出来的，最后感谢老师捞我
120645,163,汪洁,2020-01-14 12:38:25,6,7,1,不明白，不明白为什么绩点会这样，自觉平时学的很认真，上课发言也很积极，期末考试也准备比较充分，答题感觉还挺良好，本以为不会太差，但结果这么出乎意料，低，不知道问题出在了哪里。
121493,163,汪洁,2019-12-15 03:57:51,2,2,0,老师很细致，对英语也有自己的见解，严厉中其实也很可爱，每天活力四射，让人喜欢大英课。确实会收获满满。对内向的同学，下课也回指导，希望大家不要片面的因为老师严厉而不喜欢。
121494,163,汪洁,2019-12-15 03:41:20,0,0,0,严厉但有收获
121597,163,汪洁,2019-12-12 09:23:11,0,0,0,好老师，很负责，为学生思考
122362,163,汪洁,2020-02-25 12:54:18,0,1,1,虽然老师要求很严厉，但其实是一个很可爱的老师。很认真很关心学生的进步。虽然自己最后也是卡绩，但是真的能感受到老师的负责。自认英语底子很不好，但是觉得老师很关心同学。是一个认认真真教给学生很多东西的好老师。
125399,163,汪洁,2020-09-08 06:25:53,1,2,1,对基础差的学生特别凶，平时分低
125476,163,汪洁,2020-09-10 03:07:15,-5,2,7,托福听力给分一般，我听tpo都是26、27的水平，这门课才4.2....还拉低了百分制的绩点，但是能学到东西，就是无意义的作业多
125521,163,汪洁,2020-09-11 02:58:10,-2,1,3,托福听力，给分好！
125854,163,汪洁,2020-09-15 02:51:49,3,4,1,82 3.6\n\n听写小测和期末课内应该都满的，是我太菜了吧
125862,163,汪洁,2020-09-15 03:34:05,2,2,0,上课确实无聊，感觉听抄还是有用的(可能对听力比较好的同学用处不大)，给分比想象的好一些，这门课对于托福听力入门还是挺有帮助的
125867,163,汪洁,2020-09-15 04:55:22,-2,1,3,给分不错的
127891,163,汪洁,2020-11-30 01:42:33,1,3,2,喜欢这个老师
128391,163,汪洁,2021-01-20 15:45:28,1,8,7,从未见过如此的老师\n\n水平与我们高中的英语老师都有差距\n\n它认为把所有事情做的正直、公开、透明\n\n是对学生好\n\n其实只是它心里得到安宁，所谓的“正义感”罢了\n\n\n\n当好的老师都对学生好\n\n你亡桔对学生不好\n\n你就不是好老师\n\n\n\n当好的老师都捞学生\n\n你亡桔不捞\n\n你就不是好老师\n\n\n\n你不把学生当人看\n\n也别怪学生不把你当人看\n\n\n\n平时成绩与其他班级差出太多\n\n能说明我们班同学就是笨吗\n\n\n\n对此我无言以对\n\n来浙大之前\n\n我真心以为每个老师都是偏袒学生、照顾学生的\n\n\n\n但我在这个东西身上看到了令人恶心的一面
129814,163,汪洁,2021-01-12 13:42:32,1,1,0,一般
130376,163,汪洁,2021-01-21 13:10:15,1,1,0,楼上是不是忘了平时分还有5分没算上去？
130478,163,汪洁,2021-01-23 01:27:47,4,4,0,考完试退群可还行
130871,163,汪洁,2021-01-25 05:07:40,1,1,0,老师人很好，很注重口语，不擅长听写喜欢交流的可以选老师～
130991,163,汪洁,2021-01-25 13:23:42,2,2,0,老师很注重发音，可能会有些直接但是真的很用心地在纠正你的发音错误。还有考完说再见就退微信群也是挺直接的哈哈。
131044,163,汪洁,2021-01-25 16:17:18,-2,0,2,怎么说呢，说话挺刻薄的，反正二轮选课时就她一个大英老师没选满，懂得都懂。如果比较内向，上她的课挺难受的。
132520,163,汪洁,2021-02-02 05:45:17,1,2,1,认真学老师看得见
133746,163,汪洁,2021-03-04 11:39:47,-1,2,3,对待内向的、不爱说话的、英语基础差的跟对待孙子一样，想想2021年了，就她的大英没有满！！！！！！
136874,163,汪洁,2021-06-27 06:09:19,3,3,0,超级好的老师\n\n不明白为啥有人喷！！！
136879,163,汪洁,2021-06-27 08:23:26,0,0,0,唉，课后没有背课文，课堂气氛非常窒息。
137244,163,汪洁,2021-07-02 13:32:19,5,5,0,出分前来评价一波老师！很多人会觉得老师有点push，但是我真的很尊敬老师认真的教学态度。对每位学生都要求严格，这在大学老师里其实是一种难能可贵的品质。我自制力不算强，大英三选的老师非常佛系，上学期英语学得浑浑噩噩的，总是等到考试前才补天，拿到期末绩点的时候真的又自责又难过。这学期遇到了汪洁老师，态度端正了很多，半年下来也确实有所收获。至少，日常的课文预习+复习+课上听力/口语练习，让我在quiz和final面前心里是踏实的，不管最后的分数是高还是低，我觉得平时认真过了，至少能过自己心里那一关～老师确实会给愿意发言的学生更多关注，但是发言的要求也不算很高，尝试一下跳出舒适区，硬着头皮锻炼一下自己也很好！老师会纠正发音or让你平时多练练，也没有恶意，当时可能会觉得有点丢人，其实也没什么！脸皮厚厚才有利于进步嘛～总之，非常推荐自认为自制性不够强，但是有人引导一把就会好好做人的同学来选！\n\n最后感谢老师，不管分数如何，踏踏实实学大英四的这个学期真的很快乐❤️
138671,163,汪洁,2021-07-10 08:49:05,3,3,0,不论结果如何，感觉这学期学大英4确实踏实了许多，课上没有划水摸鱼，课下也有复习和预习，有一点高中学英语的感觉。老师很负责任，也会和我们分享一些她的经历和见闻，如果再让我选，我还是愿意选她的课的。
139688,163,汪洁,2021-07-20 03:20:18,2,2,0,大英四\n\n老师人很好，对学生都挺宽容，鼓励的\n\n上课挺能锻炼自己的能力，在老师的督促下学习也会变踏实\n\n可惜我就是个胆小鬼，上课不敢发言，英语也非常差，所以分也不高
144524,163,汪洁,2021-12-22 05:27:17,2,2,0,一开始上汪老师的课就……挺窒息的，但后来想想觉得问题不在老师而在我们自己：课前预习、课后复习、听抄练习、牢记单词，这些都是很基本的东西，但是自己却没有做到，不得不说人确实有些堕落。就汪老师本人而论，其实觉得她身上有一种老派严厉师长的作风，自己教得很认真，也很希望同学们多学一点东西，而且现在回想起来确实觉得她的一些作风真的给我感触很深，已经很少在大学碰见这样的老师了。不过，胆子比较小而且容易怯场的朋友还是稍微考虑一下吧，因为汪老师更希望同学们能够活跃一点。至于绩点，其实每个老师给的分都差不多，好好学了分都不会低，不过如果想在课上浑水摸鱼还是不要选她的课了。
197492,163,汪洁,2024-07-17 08:37:06,1,1,0,汪老师授课认真负责，颇有启发，严师出高徒。\n\n至今仍记得，老师当年在大英课上当着全班的面说我“yf，你行事做学问非常认真严谨，一定会很有出息，成为一个了不起的人！”\n\n时光荏苒，岁月不居，2024年的今天，老师已经退休，我也早已毕业、即将远赴剑桥大学深造，仍十分感谢和想念汪老师！
15879,180,张兴奎,2016-01-16 13:28:11,2,3,1,适合英语很好的同学。上课拿到一叠全英文资料很茫然，犯困。期末一篇1000词英文报告，写完累觉不爱，绩点还低。总之是我不自量力了。
18178,180,张兴奎,2017-09-17 15:11:16,-2,2,4,莫名其妙，请立刻去世谢谢
23171,180,张兴奎,2016-03-21 02:58:44,3,5,2,对英语基础要求较高 但老师真的很温文尔雅。口音好听 选的内容也比较有深度 有时间花心思提升还是很大的。给分比较严格。
51176,180,张兴奎,2017-05-23 02:02:35,1,1,0,特别特别好的老师，儒雅绅士，知识渊博，非常非常喜欢
53360,180,张兴奎,2017-06-26 12:35:34,0,0,0,上英美报刊能了解到很多东西吧，可以督促自己提高英语。但是对自身英语水平也有要求。老师给分。。。。不想说话。英语不好的别选。
54163,180,张兴奎,2017-06-28 14:53:26,2,2,0,课比较水还不错 但是给分有点惨 pre脱稿基本上被承认是班上准备最充分的 考试60分除了20分作文都是送分 班上还有一些同学多次不来 搁别的课至少4.8+不过这个就。
142080,180,张兴奎,2021-11-05 08:32:27,0,0,0,上课体验极佳，老师要求严格但是人很好
303,184,Aaron Kalman,2015-03-15 00:35:00,46,51,5,Amazing
1107,184,Aaron Kalman,2015-03-21 16:10:28,247,273,26,英口一满满全班 中文梗张口就来 最后一节课给我们讲兰亭集序
1178,184,Aaron Kalman,2015-03-21 16:25:24,34,34,0,朋友一样的老师~
1235,184,Aaron Kalman,2016-07-06 02:03:45,79,88,9,个人观点很强烈的老师，但是很可爱~口头禅是土【第四声】豪【第一声】啊~
1912,184,Aaron Kalman,2015-03-26 06:49:57,154,161,7,比中国人懂中国
2349,184,Aaron Kalman,2015-04-25 04:16:30,5,8,3,棒呆
2712,184,Aaron Kalman,2015-05-06 03:06:03,15,16,1,讲的特别好，很关心学生，课堂气氛也很好。
2759,184,Aaron Kalman,2015-05-07 02:05:25,13,16,3,绝对是非常棒的老师，上课不由自主想发言
2808,184,Aaron Kalman,2015-05-08 02:11:51,24,24,0,中文太好
3147,184,Aaron Kalman,2015-05-18 02:08:00,15,16,1,给分太好
4053,184,Aaron Kalman,2015-06-17 17:02:57,15,17,2,我见过最好的英语老师，没有之一\n\n
4831,184,Aaron Kalman,2015-06-29 09:39:20,19,21,2,讨论课的感觉，有很深的见解也很有趣，AA一生推
5181,184,Aaron Kalman,2015-07-05 14:38:46,16,17,1,男神AA
5682,184,Aaron Kalman,2015-07-09 06:27:40,115,121,6,遇到的最好的英语外教，甚至英语老师。幽默风趣，对许多问题有独到的见解，崇尚“be happier”的人生观。给分可能没有任何一个浙大老师比他更好了。
6465,184,Aaron Kalman,2015-07-14 06:28:52,29,31,2,给分好，上课又有趣
7717,184,Aaron Kalman,2015-09-15 10:38:29,11,12,1,老师上课超级棒！！
8144,184,Aaron Kalman,2015-09-17 06:33:09,6,7,1,So amazing
8325,184,Aaron Kalman,2015-09-18 10:10:09,11,12,1,毕AA！
8905,184,Aaron Kalman,2015-09-30 07:08:56,10,10,0,棒呆！
9694,184,Aaron Kalman,2015-11-04 14:07:16,6,7,1,超级棒
12913,184,Aaron Kalman,2015-12-24 09:49:35,8,9,1,超级好的老师！！
13145,184,Aaron Kalman,2015-12-25 03:16:29,20,20,0,好的没话说。宗旨是：你们开心就好
13251,184,Aaron Kalman,2015-12-25 16:11:48,6,7,1,很不错的老师
13258,184,Aaron Kalman,2015-12-26 00:56:14,19,19,0,上课认真，满绩随意
13894,184,Aaron Kalman,2016-01-02 03:45:57,6,6,0,真好！
14018,184,Aaron Kalman,2016-01-03 16:27:09,6,7,1,很有趣
15183,184,Aaron Kalman,2016-01-12 13:24:36,5,8,3,超爱他
15468,184,Aaron Kalman,2016-01-14 13:33:42,8,9,1,超级棒的
16845,184,Aaron Kalman,2016-01-19 05:18:49,18,19,1,AA不能再好了，有观点有态度，该开玩笑时就嗨起来，该正经时言语深刻。你不会想错过他任何一节课的。we love aa~!
16860,184,Aaron Kalman,2016-01-19 05:53:47,4,5,1,有趣的老师，中文很六，对学生很好，给分也好，上课很开心。但不建议喜欢上干货多的课的同学选。
16982,184,Aaron Kalman,2016-01-19 11:09:07,8,9,1,一生推！！
17524,184,Aaron Kalman,2016-01-20 10:34:58,4,5,1,非常不错的。
18366,184,Aaron Kalman,2016-01-21 13:29:20,12,16,4,翘了他一次课，却第一次因为翘课而感到自责。
20132,184,Aaron Kalman,2016-01-26 07:43:00,5,6,1,非常了解中国文化～上课谈人生观～\n\n不考试不测验，懂得珍惜学生努力写好的论文并给予点评\n\n满绩小天使～
20990,184,Aaron Kalman,2016-02-08 10:26:17,15,15,0,老师绝对好，选上就是福气，上课好给分好，没有任何缺点，听课自由，但是绝对有货
21223,184,Aaron Kalman,2016-02-26 15:00:00,81,84,3,Aa给大家满绩为什么大家不给他10分
21226,184,Aaron Kalman,2016-02-27 03:25:58,6,6,0,超级棒 有很强的个人观点 个人表示不能更赞同
21965,184,Aaron Kalman,2016-03-02 02:43:12,4,5,1,paradise
22032,184,Aaron Kalman,2016-06-22 03:05:44,8,9,1,长得像抖森！帅！
22473,184,Aaron Kalman,2016-03-07 00:00:31,4,4,0,超级棒，选了还想选，满绩，关心学生，极其自由
22515,184,Aaron Kalman,2016-03-07 07:03:12,12,14,2,老师超级好，第一节课推着自行车气喘吁吁的跑进来了233333。稍微刷刷脸就可以满绩。*罒▽罒*
22620,184,Aaron Kalman,2017-01-03 10:57:10,4,5,1,非常和蔼亲切的老师
22808,184,Aaron Kalman,2016-03-12 06:56:56,3,3,0,超级棒
22822,184,Aaron Kalman,2016-03-13 04:11:37,3,3,0,真的是太太太棒了！
23666,184,Aaron Kalman,2016-04-12 02:28:42,3,3,0,一生推
23929,184,Aaron Kalman,2016-04-21 11:39:29,33,34,1,不是很明白为什么有人不给10分
23930,184,Aaron Kalman,2016-04-21 11:42:32,3,3,0,真·没有考试
24869,184,Aaron Kalman,2016-05-04 05:57:15,3,4,1,学习生涯喜欢的老师没有之一
26687,184,Aaron Kalman,2016-06-21 02:12:26,3,3,0,喜欢听他讲各种经历  人生哲学～ 给分好 人又萌
26746,184,Aaron Kalman,2016-06-21 04:39:56,3,3,0,like aa！
26885,184,Aaron Kalman,2016-06-21 12:48:50,3,3,0,给分非常棒
26986,184,Aaron Kalman,2016-06-22 04:42:37,3,3,0,爱死了！！！
27110,184,Aaron Kalman,2016-06-23 03:01:22,8,9,1,be happy～be positive～AA最好啦(*/ω＼*)
27220,184,Aaron Kalman,2016-06-23 15:13:11,4,4,0,简直是各种观点碰撞的天堂！
27882,184,Aaron Kalman,2016-06-28 02:54:52,4,4,0,能选上aa的课真的是一件很幸运的事！
27899,184,Aaron Kalman,2016-06-28 03:55:11,4,4,0,AA真的是好人！
27914,184,Aaron Kalman,2016-06-28 04:58:49,3,3,0,(｡･ω･｡)ﾉ♡
27916,184,Aaron Kalman,2016-06-28 05:12:24,6,7,1,基本只要混个脸熟就满绩了……
27928,184,Aaron Kalman,2016-06-28 05:41:34,2,2,0,永远爱你，给分超级赞
27949,184,Aaron Kalman,2016-06-28 06:58:27,2,2,0,满绩小天使
28443,184,Aaron Kalman,2016-06-28 09:01:01,4,4,0,老师很有想法，想法很正。也很有经历，是个中国通。Aa的课全程积极心理学。
28481,184,Aaron Kalman,2016-06-28 09:18:35,0,4,4,超级好～～～非常了解中国。好像所有人都不会低于90分，平时上课不要一声不吭发发言就能满绩。
28524,184,Aaron Kalman,2016-06-28 09:51:54,4,4,0,绩点拯救者
28542,184,Aaron Kalman,2016-06-28 10:00:52,3,3,0,很耐心，一直在鼓励和夸奖
28620,184,Aaron Kalman,2016-06-28 11:06:39,3,3,0,我爱AA，AA爱我
28669,184,Aaron Kalman,2016-06-28 12:05:34,4,4,0,happyhappyhappy 这是AA最看重的
28719,184,Aaron Kalman,2016-06-28 12:58:53,3,3,0,没有更好的老师了。感动crying
29623,184,Aaron Kalman,2016-06-30 05:23:50,4,4,0,很有趣！鼓励同学们说出自己的想法，但老师也很天真充满童趣！本来想去水的都水不进去
29651,184,Aaron Kalman,2016-06-30 06:34:59,3,3,0,cool！！
29698,184,Aaron Kalman,2016-06-30 08:05:15,4,4,0,祝福你，Grand AA！
31443,184,Aaron Kalman,2016-07-04 02:17:04,3,3,0,大爱AA(///ω///)
32854,184,Aaron Kalman,2016-07-19 04:05:57,-9,6,15,给分好但真的太水 很多同学翘课不过人人都是满绩
32967,184,Aaron Kalman,2016-09-05 05:20:54,3,3,0,炒鸡随和的老师
33416,184,Aaron Kalman,2016-09-19 07:24:47,5,5,0,第一节课就被吸引住了，超赞的老师，没有理由不给10分。
33494,184,Aaron Kalman,2016-09-19 23:58:04,3,3,0,wonderful
33525,184,Aaron Kalman,2016-09-20 02:20:12,3,3,0,32个赞
33705,184,Aaron Kalman,2016-09-21 06:15:09,3,3,0,爽飞了
33838,184,Aaron Kalman,2016-09-22 05:11:51,3,3,0,中文不能再好，很强很可爱的歪果仁
33983,184,Aaron Kalman,2016-11-10 08:01:37,3,3,0,好好好
34078,184,Aaron Kalman,2016-09-26 12:54:48,3,3,0,怎么办好想天天上AA的课，好喜欢AA嘤嘤嘤☺️
35320,184,Aaron Kalman,2016-11-08 07:55:01,5,5,0,I Love You AA
35702,184,Aaron Kalman,2016-11-10 07:49:09,3,3,0,有点跟不上……
36010,184,Aaron Kalman,2016-11-10 10:02:23,2,2,0,人好有思想上课有趣能学得到东西
36453,184,Aaron Kalman,2016-11-13 18:25:14,-1,2,3,。。。
37807,184,Aaron Kalman,2016-11-21 07:00:50,4,4,0,不能再好了的老师！
38542,184,Aaron Kalman,2016-12-08 06:48:58,1,2,1,对每个留学生，我发誓会更容易明白
38586,184,Aaron Kalman,2017-01-22 04:17:28,2,5,3,AA变了
39148,184,Aaron Kalman,2017-03-09 14:20:52,2,3,1,超级棒的
39353,184,Aaron Kalman,2016-12-28 08:33:57,2,2,0,很棒，真的很棒
40113,184,Aaron Kalman,2016-12-29 08:14:54,1,1,0,人很风趣幽默，中文超级棒，如果中国很多地方，尊重学生。
40177,184,Aaron Kalman,2016-12-29 16:48:01,12,12,0,上AA的课能让你感觉自己在世界一流大学上课
40503,184,Aaron Kalman,2017-01-04 02:05:40,2,3,1,超级懂中国嗷嗷嗷随口念出各种典籍啊～气氛活泼超级幽默～而且是我见过人生观最最最积极的老师！happier！有人说没干货？！我只能说如果你是了本着应试的目的学习那么aa不适合你，如果你是因为喜欢才学习…那么少年好好洗脸准备选课吧～～aa最棒！
41267,184,Aaron Kalman,2017-01-10 10:25:01,3,6,3,我一定是遇到了假aa……反对前排第二条，这么说也太自大了你怎么能以一个中国人来进行概括所有有自己看法有见解有独立思考的中国精英？求你们别自我感动
41347,184,Aaron Kalman,2017-01-11 02:41:48,3,4,1,love grand AA muuuuuuch more than a high score.
41471,184,Aaron Kalman,2017-01-12 01:31:03,1,2,1,超棒der\n\n
44852,184,Aaron Kalman,2017-01-18 11:41:12,7,9,2,AA人很好，只是这学期开始没有一片高分了
45204,184,Aaron Kalman,2017-01-19 07:00:41,40,41,1,心疼AA，受到上级的干扰与所谓“正态”影响，没法给出他本来想给的分数，但他也很努力地给出一个满意的分数了，希望他不会因此对浙大或是中国有特别大的“认识”变化吧。
45276,184,Aaron Kalman,2017-01-19 08:51:28,4,7,3,其实并没有那么好了。
46665,184,Aaron Kalman,2017-01-22 05:54:04,1,2,1,被AA正态了……
46729,184,Aaron Kalman,2017-06-20 07:38:49,11,14,3,AA说他爱每个学生，感谢每个学生，作为校友他也爱浙大。
47736,184,Aaron Kalman,2017-02-22 12:25:36,1,1,0,喜欢啊
48424,184,Aaron Kalman,2017-03-03 05:09:03,5,5,0,长得像卷福 表示好想看老师摘下帽子呀
48541,184,Aaron Kalman,2017-03-07 03:09:46,12,13,1,就算由于学院调分AA不能按自己意愿给分，但还是太喜欢AA，真的像大学的课堂，如果想应试就别选了。顺便吐槽外院自行改分
48624,184,Aaron Kalman,2017-03-08 14:02:49,1,4,3,AA变了
49006,184,Aaron Kalman,2017-03-21 08:25:12,6,9,3,讲真我跟他三观不怎么合，不知道他说的那些是开玩笑还是真的那样认为，他把很多事情都过于标签化且绝对化了，我不喜欢这种style。
50330,184,Aaron Kalman,2017-05-02 10:59:24,7,8,1,三观不太合，老师说过一些性别歧视的观点，关于政治的观点也不太合吧……老是觉得政治权利应该继承，因为这样继承人往往不是狂热的权利爱好者……真的三观上不太赞同，老师人挺好的
51468,184,Aaron Kalman,2017-06-06 06:18:20,5,5,0,真的是很好的老师，但有时候太过以偏概全，有一丝的偏激，不过也算是让学生有更多的思考吧h h
51687,184,Aaron Kalman,2017-06-08 09:35:14,14,16,2,传奇的人生。毕业于【全英国最好的大学 · 曼切斯特大学】精通希伯来语、阿拉伯语、波斯语、汉语、英语... 中国通就不说啦大家都了解。aa曾在也门居住，去过耶路撒冷，还有中东好多其他地方，简直是【真·当代版Lawrence of Arabia】
52001,184,Aaron Kalman,2017-06-14 05:45:51,253,256,3,听说aa离开学院了。因为他坚持每个人都是最好的为什么不能都给满分 他和这个学校的制度互不认输 所以他离开了。很可惜其他人再也没有办法上他的课了。我也曾遇到过给分很高的老师 但并不是给分好就是好老师 aa会和我们聊一些其他老师绝对不会和我们说起的话题 和我们交心 讲我们的故事他的故事 会祝我们每个人都好 我还记得他和我说的最后一句话 祝白头偕老。虽然我也理解 制度不能一再被打破 不然不好管理 但是我还是为浙大失去了这么好的老师而惋惜。
52016,184,Aaron Kalman,2017-06-17 07:45:24,205,217,12,（求扩）解读aa被辞退事件\n\n\n\n今天早上听闻aa老师被某学院辞退了。\n\n当时我就震惊了，aa老师绝对是我遇到的最好的老师之一，是我最为尊重的外国友人，资深校友。是什么原因能让这样一位优秀的老师被“辞退”！？\n\n我上学期有幸上过aa老师的课，是他的班长。他对学生的亲切，面对学生平易近人，与学生交友，深受学生的爱戴，因此他不会因为师生的矛盾被辞退.\n\n在aa的口语课上，他给每个人时间讲自己的故事。他也会讲自己的故事，我现在还记得他念念不忘的带他上黄山的姑娘，还记得他最欣赏的被他誉为上帝的化妆盒的九寨沟，还记得他讲述的noisy的邻居。在aa的课上真的能学到很多。教学质量问题？不存在的。aa绝不会因教学质量问题被辞退！\n\n在aa的课上我们没有压力，不仅仅是因为他的平易近人，也是因为他给的分不会低。传闻aa口语课均绩4.9。也是因为这个原因，某学院多次找aa谈话，但aa每虑及心爱的学生，便不会昧着良心打出低分。我也相信一位优秀的教师不会因为这个小问题被辞退。\n\n综上所述，我认定aa 不是 被 辞退的。\n\n知道消息的我第一时间打了aa电话，便对aa的离开有了一定的了解。是的，他自己选择离开，他fire了学校。这位外教不似其他外教，他对中国文化的了解比我们很多人都要深，他是该校的博士，解读了五年哲学，深度研究道家文化。对与给学生打分一定要有区分度他是非常不满的，每个人都是他爱的，每个人都很优秀，为何不能每个人都打满？既然改不了体制，那便离开体制。\n\naa也是很认真的人，他不希望有人对他的离开有误解，我便以学生、好友的身份替他讲明白。\n\n现在aa过的很好，望我们勿忧\n\n\n\nps：aa是老师的昵称，此文未指明具体老师和具体院校。
52452,184,Aaron Kalman,2017-06-20 07:31:42,10,11,1,AA中文说得很好，帮忙捎个话给大家，他也是我们校友，祝大家前程似锦
52453,184,Aaron Kalman,2017-06-20 07:51:17,16,17,1,帮aa转达，他爱每个学生，也希望大家能越来越好，一切顺利
52459,184,Aaron Kalman,2017-06-20 08:07:17,102,103,1,Aaron老师这学期结束以后就要离开浙大了，他托我在这个平台上给大家说几句话:我是浙江大学毕业的校友，我的博士和博士后都是在浙大做的，对这里真的有着非常非常深厚的感情，经历过和大家相似的求学经历，我很能体会大家的辛苦付出。虽然在学校执教过程中有一些困难和挫折，因为学校正态分布的要求小没有办法给所有的人最好最好的分数，但是我很感谢浙大的每一位朋友，很珍惜在浙大每一天生活。因为即将要离开，没有时间和每一位同学和朋友说再见，但是希望每一位同学都能在今后的学习生活中越来越开心，happier.Will miss you all!
52462,184,Aaron Kalman,2017-06-20 08:30:50,15,16,1,aa是一个好老师，他很努力的跟学校的所谓正态分布斗争，他想让每个学生都很快乐，不希望他离开
52514,184,Aaron Kalman,2017-06-20 16:27:19,19,20,1,没有人是完美的，所以我也不神化AA说他完美。个人很喜欢AA，总是充满了热情；把我们每个人都当作他的朋友，他的老师。非常遗憾的是下学期开始他就不在ZJU当老师了，这一场拔河比赛AA必然赢不过学校。我会记得在浙里的每一位好老师，也希望学校能修改关于正态或是类似的事情，其实我们每个人都很好。不希望再有类似AA的好老师遗憾地离开学校，毕竟世界一流大学也不是喊个口号就可以做得到的事。
54096,184,Aaron Kalman,2017-06-28 12:34:59,6,8,2,很会鼓励人，不吝赞美的老师。经常对我们说我们很棒，很独特，发言很精彩之类的～但有时候又会直接说“深金病～我们不理他～”哈哈～恩，有幸上到他的课，有轻松有启发有付出有收获。觉得他要走，是浙大的损失。
55372,184,Aaron Kalman,2017-07-01 11:42:05,11,13,2,天哪aa要走了？明明前两天还想要再选他的英语写作，明明两星期前还在走廊上遇到，一学期没见aa仍旧从背影认出我叫了名字，这么好的老师居然要离开这里了。我不能代表学校说这是学校的损失，但我妄自代表学生说这绝对是学弟学妹们的损失。aa是我见过人生观最积极向上的人，也是我在zju遇到的上课最洗心的老师。希望离开体制的aa能过更自由更快乐的生活。
55554,184,Aaron Kalman,2017-07-02 01:32:03,1,4,3,好老师，一生推
56032,184,Aaron Kalman,2017-07-03 03:05:03,-17,4,21,不是个好老师
56091,184,Aaron Kalman,2017-07-03 04:56:36,1,3,2,Aa 是个很棒的老师!
56200,184,Aaron Kalman,2017-07-03 08:46:23,3,5,2,其实是一个很固执的老师，以上。
56223,184,Aaron Kalman,2017-07-03 09:31:42,3,3,0,小固执 非常棒
57182,184,Aaron Kalman,2017-07-06 02:13:54,-30,0,30,令人失望，不守信用。
57619,184,Aaron Kalman,2017-07-10 17:55:35,2,2,0,Wonderful
57625,184,Aaron Kalman,2017-07-10 22:55:15,1,1,0,好老师！
58114,184,Aaron Kalman,2017-08-01 01:35:34,5,6,1,很棒的老师，班里有个同学被冠名dirty（污）同学，哈哈。很有意思的歪果仁。
58195,184,Aaron Kalman,2017-08-19 23:22:27,5,7,2,外院自行改分，外院的教学还是很乱的，不遵守学校的制度，没有一个公平的教学和考核环境，这对学生和老师都很不公平，aa老师是个很好的老师，属于代替某些领导的牺牲品
58327,184,Aaron Kalman,2017-08-28 17:39:47,1,1,0,令人尊敬
59262,184,Aaron Kalman,2017-09-20 11:48:56,1,1,0,已经听不到了。
59526,184,Aaron Kalman,2017-09-22 04:29:56,2,2,0,好难过 听说离开了 很想上他的课……
60437,184,Aaron Kalman,2017-10-20 02:01:13,3,3,0,老师不一定能很好地控制自己的情绪。
60525,184,Aaron Kalman,2017-10-23 07:29:02,-60,5,65,给高分就算好老师的话那他赢了，呵呵
60906,184,Aaron Kalman,2017-11-02 06:04:35,1,1,0,aa老师
61055,184,Aaron Kalman,2017-11-07 13:42:03,1,2,1,好老师，心疼
61483,184,Aaron Kalman,2017-11-17 14:21:00,3,3,0,虽然没听过  但就是喜欢这个老师\n\n
62839,184,Aaron Kalman,2017-11-27 06:27:25,3,3,0,好羡慕
64491,184,Aaron Kalman,2017-12-24 13:38:49,61,62,1,欸，垃圾正态逼走了一个可遇不可求好老师，如此正态实为我浙之耻
77644,184,Aaron Kalman,2018-05-07 04:54:35,8,8,0,十多年前上过老师的口语课，至今历历在目，致敬！
85909,184,Aaron Kalman,2018-08-25 10:40:30,-1,0,1,嗯嗯嗯嗯
90174,184,Aaron Kalman,2018-11-22 10:37:43,1,1,0,看评论好老师
99209,184,Aaron Kalman,2019-01-24 11:57:58,0,1,1,很遗憾来的太晚没有机会听到老师的课
106382,184,Aaron Kalman,2019-04-27 02:16:25,1,1,0,没听过课很遗憾
107431,184,Aaron Kalman,2019-05-05 06:51:41,2,2,0,太好了这个老师
129383,184,Aaron Kalman,2021-01-05 02:14:28,7,7,0,好老师却被赶走，差老师祸国殃民，浙大，真有你的。\n\naa是好老师
141572,184,Aaron Kalman,2021-10-15 03:47:09,-2,1,3,😰😰😰
4453,187,杨建平,2016-12-21 06:30:51,42,53,11,很认真
5438,187,杨建平,2015-07-07 13:15:23,15,17,2,非常认真负责
5609,187,杨建平,2015-07-08 16:01:24,2,6,4,没那么差啦
6980,187,杨建平,2015-08-23 12:57:06,26,32,6,很和蔼的老师 上课很负责
7100,187,杨建平,2015-09-02 03:47:38,3,4,1,炒鸡棒。可以水也有干货。和蔼细心
8652,187,杨建平,2015-09-23 13:40:34,47,60,13,老师水平很高，然而上课压力山大。。。
10298,187,杨建平,2015-11-18 03:25:57,4,7,3,挺好的( •ิ_• ิ)
12113,187,杨建平,2015-12-22 01:04:47,8,10,2,不可多得的好老师
12330,187,杨建平,2015-12-23 03:44:21,-13,1,14,。。。
12514,187,杨建平,2015-12-23 11:54:36,1,2,1,挺好的一个老师
13048,187,杨建平,2015-12-24 15:48:14,3,4,1,很认真负责的老师，有水平，上课内容丰富，赞
13340,187,杨建平,2015-12-27 05:22:39,3,4,1,很和蔼的老师，声音稍微有点小，英语水平很高，给分客观，赞！
13901,187,杨建平,2016-01-02 06:43:39,3,4,1,就是好
14295,187,杨建平,2016-01-06 06:31:15,20,26,6,有点沉闷，时不时点人回答问题，惊心动魄。老师人很和蔼，很负责。
14488,187,杨建平,2016-01-07 08:47:05,4,6,2,非常好，要认真听啦
14516,187,杨建平,2016-01-07 10:19:09,3,3,0,我遇到的所有英语老师都是好老师。杨老师延续了这一传统。一年都选了她的课，业务水平极高的老师。
14835,187,杨建平,2016-01-10 02:27:10,3,3,0,老师很不错
16397,187,杨建平,2016-01-18 04:53:51,10,13,3,上课很认真，英语水平绝对高，口语很正，绝对好老师。可惜我一直在水....
16424,187,杨建平,2016-01-18 05:18:20,2,2,0,很认真负责的老师
16489,187,杨建平,2016-01-18 08:21:41,-27,9,36,很棒哦（大學第一個滿績⋯⋯）
16496,187,杨建平,2017-08-29 07:01:37,-63,12,75,烂老师一个讲课讲给她自己一个人 听。
16607,187,杨建平,2016-01-18 13:38:51,3,3,0,老师水平很高，有不少讨论展示，水水也能过，不过认真学真能学到很多。
16826,187,杨建平,2016-01-19 04:45:34,2,2,0,喜欢她，没道理
17070,187,杨建平,2016-01-19 14:15:46,3,7,4,还好吧，就是上课声音有点小。感觉听不到。建议组队的时候选择和自己水平差不多的，不然队友会坑死你。毕竟有正太，队友越强大，你被正太的机会就会越大。
21091,187,杨建平,2016-02-17 01:14:28,3,4,1,上课常常妥妥地睡着……
22252,187,杨建平,2016-03-03 06:12:40,3,3,0,老师很棒～～～
22688,187,杨建平,2016-03-10 02:25:49,3,5,2,老师水平高，然而自己英语比较渣，效果不太显著。但绝对是好老师
27063,187,杨建平,2016-06-22 14:19:27,4,4,0,老师炒鸡好 最后期末考试还会给你整理单词模拟练习 可以学到很多
27516,187,杨建平,2016-06-26 16:35:23,17,21,4,温柔耐心又优雅的大英老师~课堂设计真的很用心 对口语听力的训练实用又有趣 对构词和英文的行文逻辑很有研究 真的不浮夸 低调的实力派老师 会让人养成严谨的英语学习习惯
28898,187,杨建平,2016-06-29 03:04:02,-15,7,22,挂了，只能给一分
29096,187,杨建平,2016-06-29 08:34:16,4,6,2,认真听真的有学到很多哦！杨老师感觉总是在微笑呢
32614,187,杨建平,2016-07-08 04:51:12,2,2,0,主要期末听力有点难，不怪老师，老师上课水平超级高。
34739,187,杨建平,2016-10-20 01:38:18,1,1,0,好好好
37013,187,杨建平,2017-01-15 11:40:45,10,12,2,杨老师很棒棒的，和蔼优雅，为人也很低调，问问题也很有耐心。见老师的第一面就会喜欢上老师的，期末考感觉有浓浓的师生情，我刚好卡在3分档的上一分。自己后来总是会坚持不住睡着，很对不起老师，希望老师新的一年更棒棒(๑`･ᴗ･´๑)
37962,187,杨建平,2017-06-28 03:08:11,8,8,0,绝对的好老师！人很和善，总是对你微笑，给分也好，大英4最后给每个人都加了4分，虽然我还是卡档了。 上课活动很丰富，对口语听力练习比较到位的，不过你挑个好位置水水过也行。最后，口试一定要争取远离大佬！！！
38100,187,杨建平,2016-12-15 06:01:12,1,1,0,绝对不容错过的好老师
39298,187,杨建平,2016-12-22 03:45:31,17,19,2,老师人很好，很温柔，叫你起来回答如果不会造成场面太尴尬她会帮你解围，会提到很多提高听力写作的办法，绝对的好老师！
40772,187,杨建平,2017-01-05 10:57:25,11,12,1,老师很耐心，很认真。其实回答问题也不是很害怕，因为老师总会帮你接你不会的东西，化解尴尬。听力训练真的很棒，会带我们看BBC TED等等。很可爱很和蔼的一个人～
41309,187,杨建平,2017-01-10 13:28:59,2,3,1,其实还不错，怪自己太水了
43471,187,杨建平,2017-01-16 10:13:48,3,3,0,英语的确该多花时间......很重要。一定要预习课文!老师人很好
43551,187,杨建平,2017-06-27 10:01:40,2,2,0,超爱杨老师，人好事少！毕竟大英绩点主要还是看自己，绩点低的人和老师没什么关系
45280,187,杨建平,2017-01-19 09:00:38,2,2,0,老师很温柔很认真
48078,187,杨建平,2017-02-28 10:12:55,1,1,0,好评好评。
49562,187,杨建平,2017-04-18 12:54:06,0,4,4,人很好 但是课真的不咋的
49961,187,杨建平,2017-04-27 16:34:50,1,2,1,给分一般
49975,187,杨建平,2017-04-28 02:08:31,2,2,0,老师人很好很负责，不水的
51045,187,杨建平,2017-05-15 06:48:13,-9,4,13,真的绩杀，没话说
51599,187,杨建平,2017-06-07 12:07:31,2,2,0,可以(￣∇￣)
52443,187,杨建平,2017-06-23 11:22:25,2,2,0,很棒!
54303,187,杨建平,2017-06-29 04:26:09,3,3,0,老师很好也很和善，课一点也不水，有种抓紧每分每秒的感觉，会点人回答问题。认真学绝对收获很大。看到楼上说调了分，为什么我的就是原始成绩呀………
66534,187,杨建平,2018-01-17 07:48:48,1,1,0,挺好的啦
67549,187,杨建平,2018-01-21 13:23:41,2,3,1,专业水平高，好好好，给分低，适合英语好的同学学习。杨老师口语很好，原谅我水平差，被她点起来回答问题都听不懂。杨老师的口语，听力，单词训练真的棒棒哒
67621,187,杨建平,2018-01-22 02:31:01,5,8,3,太棒了！！！我还和她合影留念了。老师上课内容丰富，会带我们看一些视频训练听力，想水也行想好好学也行，回答不出问题她会帮你接下去，老师极其和蔼，低调而实力雄厚，即使这么好，我也不知道我为什么会感觉有些无聊。。。大英三给我的绩点也很好！10分给起！
67922,187,杨建平,2018-01-22 10:16:39,0,3,3,差点挂了
73410,187,杨建平,2018-02-01 13:59:52,1,1,0,老师水平很高 事少 但是看个人吧 老师基本平时不听写 没有自制力的同学慎选
76395,187,杨建平,2018-04-07 09:34:09,7,7,0,有一次从电脑上看见老师拍照的作文图片最后动过的时间是上课那天早上5:50，老师辛苦了！
81253,187,杨建平,2018-07-04 12:42:13,3,3,0,水啊\n\n
81259,187,杨建平,2018-07-04 12:55:25,0,0,0,老师很有想法讲的也不错
81263,187,杨建平,2018-07-04 13:04:33,-8,4,12,卡绩了！！！大英四差一分就上4了！！心态都崩掉了！！！！
81294,187,杨建平,2018-07-04 15:00:11,1,1,0,上课点人回答问题压力巨大……因为我太菜了吧哈哈哈哈哈不好好学的同学像我这样就会很水很水然后啥都学不到但是老师人不错回答不来还会给你解围英语水平的话（抱歉我这个菜鸡难以分辨
81342,187,杨建平,2018-07-05 00:30:14,2,2,0,就这么说吧……对英语基础比较好的来说会促使你好好学习，但基础差一点的可能就有点难受了，但总体还是个很好的老师，有自己的教学方法
81397,187,杨建平,2018-07-05 03:39:20,4,5,1,老师人是挺好的，会找很多外国的采访、演讲等视频来看……可是我这个辣鸡真的一脸懵逼，完全听不懂……老师上课的时候点名字起来回答问题很频繁，真的每次她要点名字我都超级紧张……压力山大……绩点不高也在意料之中……可是还是好伤心啊
84681,187,杨建平,2018-07-13 13:33:12,3,3,0,卡绩了
105024,187,杨建平,2019-04-02 13:38:33,0,0,0,老师讲得真好，属于很深刻很有见解的那种。给分也好，事情也少。
106648,187,杨建平,2019-04-28 15:28:18,2,2,0,上课体验一般，但老师人很好很和善很负责，给分好，需要下功夫背单词做tpo，付出就会有收获的！~
106706,187,杨建平,2019-04-29 04:03:58,14,21,7,【托福阅读】上课还行，最重要的还是靠自己用功，英语课成绩和老师没多大关系的。第二周开始基本每周Quiz，平时成绩取quiz三次最高成绩20%，课堂表现20%基本都18、19，期末3篇托福题型每篇14题每题2分，词汇16题，不难，平时作业做了单词背了就ok。
106796,187,杨建平,2019-04-29 14:30:14,4,4,0,托福阅读作业较多，给分好低呀，不过老师水平很高，上课较为硬核
106874,187,杨建平,2019-04-30 06:08:45,2,2,0,老师必须十分！干货多，虽然托福阅读上课压力有点大，老是怕自己走神错过了什么。但是英语真真实实的进步了！谢谢老师！！！
109804,187,杨建平,2019-06-19 09:50:13,4,4,0,惊心动魄的点名
109913,187,杨建平,2019-06-28 02:50:45,-7,3,10,大英4，哎，绩点不高，3.9，自己复习的不够，差一点就上四了，老师还是10分老师的，上课内容很有思想，英语水平高，好老师，我自己菜…
110739,187,杨建平,2019-06-28 06:46:33,1,3,2,总的来说还可以吧 但是感觉听了没什么收获
113821,187,杨建平,2019-07-07 17:14:19,3,3,0,一定要认真学 分数不会差\n\n
116669,187,杨建平,2019-09-12 23:58:00,-2,0,2,老师很和蔼
117099,187,杨建平,2019-09-19 07:02:49,-1,0,1,老师真的很好！！
118288,187,杨建平,2019-10-24 09:29:19,-1,0,1,老师超级好，上课也很有意思，会有很多不同形式的教学方法
118906,187,杨建平,2019-11-07 13:09:24,2,2,0,老师总让我感到母亲才有的那种慈祥
120692,187,杨建平,2020-01-15 09:51:00,6,6,0,【大英三】老师很好，是我太蔡，听力真的很痛苦，我真的没办法捕捉要点，不过老师还是很好的，打不出来也会引导你，至于给分什么的，老师能决定的也就是平时的5分，别的还是要靠自己吧
123553,187,杨建平,2020-06-10 01:56:49,4,4,0,很认真负责的老师，就是上课点同学回答问题的次数比较多，想要练口语的可以选
123554,187,杨建平,2020-06-10 01:56:49,-1,0,1,很认真负责的老师，就是上课点同学回答问题的次数比较多，想要练口语的可以选
125208,187,杨建平,2020-09-03 15:08:54,8,8,0,老师很好，水平高，也很和善，绩点低是我自己的问题，就是每次上课（这学期是网课）点人回答问题我都紧张得不得了
130241,187,杨建平,2021-01-20 01:59:38,4,4,0,老师真的很棒(//∇//)，知识上也非常清楚明白，平时也有很多学习活动，非常有趣。而且老师平常不查背单词之类的作业进度，对于自觉的孩子其实挺好的，不过我这样不自律的就只能考前猛背了。。。但是一学期下来收获很大，而且老师鼓励每个人发言，口语提升了好多。
130547,187,杨建平,2021-01-23 14:49:09,3,3,0,呜呜呜我爱建平麻麻 老师人真的太好了
130594,187,杨建平,2021-01-24 01:37:16,0,0,0,好老师真的好爱 她会抽人回答问题，如果你说不下去了，她会带着你说
134313,187,杨建平,2021-03-23 08:52:25,-23,6,29,就冲她肯定女性是感性男性是理性这一个挑起性别冲突的观点我就要给她打低分
135119,187,杨建平,2021-05-01 08:30:28,4,5,1,托福阅读课程感受：每周背单词任务量有些大，但是收获是很实在的。quiz取三次最高分很赞；考试的阅读题难度中等，词汇题主要是quiz里面的。如果托福有基础的话拿高分不算很难。杨建平老师对于词根的拓展知识能加深词汇的记忆，人也很nice！
135131,187,杨建平,2021-05-02 05:26:32,0,1,1,托福 给分超棒，速选
136965,187,杨建平,2021-06-29 03:26:06,0,0,0,好老师，上课知识丰富，而且人很nice
137576,187,杨建平,2021-07-05 07:07:40,0,0,0,很友善很好呀！
137882,187,杨建平,2021-07-06 13:00:17,2,2,0,老师很好，重视口语
146288,187,杨建平,2022-01-06 06:52:23,5,6,1,【大英三】老师口语水平很高，平常上课会经常点同学回答问题，刚开始会很紧张，久了就习惯了hh（一学期下来基本每个人都会点个2-3次）平时事还挺少的，小作业比较多，但无pre，大英三绩点很拉不过是我自己的问题hh意思是大英还是主要靠自己努力，多背背单词，大学英语考试主要看记忆力吧理解的部分挺少的，记得的单词多就有高分了。老师的平时给分影响不大，主要看期末考试成绩。
146289,187,杨建平,2022-01-06 06:53:39,2,2,0,【大英三】杨老师真的超级和蔼可亲，上课随机点人发言，答不上来也会引导你，每个人都有参与课堂的机会～平时事情不是很多，属于想划水就可以划的那种；课上会讲一些构词法，但是词汇什么还是靠自己学；最后给分超好！给老师点赞！
146353,187,杨建平,2022-01-06 09:53:03,1,1,0,老师人相当和蔼，给分也不错把我这个英语麻瓜拉上80分混个3.6
146522,187,杨建平,2022-01-07 00:16:30,0,0,0,(大英三)老师很可亲，但是她的口语不是字正腔圆的那种。我基本上每6节课会被叫起来回答一次问题。我这学期有点躺，就每次小测和期末考前看了一下书，大英四要加油了。最后感谢老师捞我。
149953,187,杨建平,2022-01-18 03:40:52,2,2,0,感谢建平麻麻捞我，同学们快去选😘😘真的很负责，主要是我大英三太躺了，有点对不起建平麻麻呜呜呜，下学期一定好好学大英四
151460,187,杨建平,2022-03-04 00:35:17,1,1,0,老师人很好，但是小白慎选托福阅读
153129,187,杨建平,2022-04-26 03:41:14,-8,2,10,李老师不是10分在座的各位都有责任(歪嘴)
153130,187,杨建平,2022-04-26 03:41:07,-9,1,10,李老师不是10分在座的各位都有责任(歪嘴)
153131,187,杨建平,2022-04-26 03:41:07,-10,1,11,李老师不是10分在座的各位都有责任(歪嘴)
153392,187,杨建平,2022-04-29 03:56:13,0,0,0,托福阅读内容很好！不过每周5个list加上TPO做题任务量还是比较大的x建议比较有空的同学选。托福小白学到了很多，感受到了自己的进步，给分也和努力相称，谢谢杨老师！
153407,187,杨建平,2022-04-29 06:56:10,-2,0,2,强推托福阅读
154385,187,杨建平,2022-05-31 11:47:06,0,0,0,很耐心的老师
155652,187,杨建平,2022-06-15 04:14:32,3,3,0,大英4，老师是相当负责任的，很和蔼亲切。\n\n上课比较结构化，因为是托福阅读的老师，对阅读训练很有一套。注重同学交流讨论，比较喜欢点人回答问题。听力的材料找的也很不错。\n\n作业量比较正常，给分挺好。\n\n唯一缺点是英语口音比较中式，很平，听起来稍微有一点点累。
160780,187,杨建平,2022-10-11 06:19:45,-1,3,4,很温柔的老师，会点名回答问题其实很不太难，是变相锻炼你的表达能力！看有同学听全英文吃力，后面的课中文明显变多，专业知识丰富，爱了爱了\n\n（｡ò ∀ ó｡）
162352,187,杨建平,2022-11-20 14:44:04,12,21,9,希望本专业的同学明白一点，大英高分的老师不一定具有教好专业课的能力\n\n全程讲课稀烂，概念不清体系不明，还总觉得学生没有engage，想着法子折磨\n\n以及每周总计约进万字的nonsense阅读量\n\n还是希望外院在设置必修课的时候，好歹掂量一下自己开课的能力吧
162448,187,杨建平,2022-11-22 15:25:07,7,10,3,动不动就小测，每周几十页的文献要读，一个学期3次pre，事又多讲得又没内容，好奇怎么到这么高的分的？是给分好吗？
163534,187,杨建平,2022-12-15 02:34:43,3,3,0,好好好
168260,187,杨建平,2023-02-07 09:06:49,6,7,1,怎么说呢，老师上课很认真负责，也会逐一进行论文的tutorial。但是上完一整个学期会发现纯粹是自己读论文，最后也是懵懵懂懂不知道到底学到了什么，课程内容不够系统，也没有把知识讲透彻。
168668,187,杨建平,2023-02-20 19:07:32,0,0,0,好好好
169462,187,杨建平,2023-02-26 09:38:34,3,4,1,老师给分很好，就是上课一直叫人起来回答问题很恐怖......
172598,187,杨建平,2023-05-01 12:31:45,2,2,0,每节课会叫很多人回答问题，如果有人思路跟不上会打圆场，善于鼓励人，授课认真，授课材料质量高，平时分范围一般在29-35分之间（满分40）
173416,187,杨建平,2023-05-24 00:06:17,1,2,1,老师真的很负责，也很认真的在捞
174317,187,杨建平,2023-06-09 09:04:08,2,3,1,大英三大英四就选了建平麻麻 老师人很好 课上回答如果有困难老师从不为难 会循循善诱 平时作业也基本靠自主 老师不会硬性抽查 总是上课认真听还是可以收获很多的！
175030,187,杨建平,2023-06-21 07:18:28,0,1,1,老师真的超级好，上课叫人回答问题，但回答不出也没关系，不用紧张，老师好温柔呜呜呜，没想到期末做那么烂居然没挂
175068,187,杨建平,2023-06-21 10:57:29,0,1,1,强推杨建平老师，虽然老师上课会叫人起来回答问题，但杨老师人真的很好，循循善诱，而且是真的很认真地在捞，最终大英四比大英三绩点高
175180,187,杨建平,2023-06-22 07:27:30,2,3,1,给分好。老师很和蔼。作业不多且不大检查。上课无聊（每章会有一节听力课
181264,187,杨建平,2023-10-12 11:50:15,6,6,0,文化学，不解释
183791,187,杨建平,2023-11-30 06:30:28,-1,1,2,老师人很好，只是我太菜了😭
187170,187,杨建平,2024-01-15 02:27:08,-3,0,3,quiz和期末考的都很差，最后喜提3.6，感觉老师真的有在猛捞。不多说了10分留下。
193252,187,杨建平,2024-06-05 06:17:49,8,8,0,我的评价是 托福阅读这样教 这样quiz 纯纯浪费时间 and 老师口语没有语音语调真的会让人睡着啊上过一学期外教课后真真受不了这种样子的and还要点人提问。要不是为了学分。。。
193294,187,杨建平,2024-06-06 02:13:14,0,0,0,。。。
194057,187,杨建平,2024-06-21 17:29:20,-1,1,2,平时分拿的还可以，但是期末好难呀，卡绩卡在85了
194193,187,杨建平,2024-06-22 12:06:10,5,8,3,给分巨低课还无聊yjp祝你4️⃣1️⃣4️⃣❤️
194362,187,杨建平,2024-06-23 11:01:18,-1,1,2,托福阅读课堂略无聊，其余还行
194928,187,杨建平,2024-06-26 03:10:16,3,4,1,老师人很好但是课很无聊小测任务非常多给分很低，如果你是为了英语学分来的快跑，托福写作和口语比这个好一百倍。我都大三了哪有这么多时间被几十列单词呢，均绩45往上的喜提大学最低绩点，快跑，快跑！
197301,187,杨建平,2024-07-10 13:14:45,6,8,2,给分特别求是、慎选吧、上课也学不到任何知识。
197445,187,杨建平,2024-07-15 09:08:42,1,2,1,上的托福阅读，课很硬，老师讲课说话声音比较小有时候我有点听不懂容易跟不上，上课很爱点人回答问题，但看得出来老师水平还是很高的！在这门课上也学到了一些东西，最后给分也蛮好的!
198101,187,杨建平,2024-08-30 12:48:29,2,2,0,托福阅读上过一节就退了，从我短暂的经历来说，感觉老师人挺好，但这门课真的巨难无比，没点水平千万别选
198232,187,杨建平,2024-09-05 11:48:51,-9,0,9,老师很好 我因为不小心退掉了预置的老师的大英三课程 第二天就发邮件给老师说明了情况 老师回复很快 也表示一定补选捞我，现在刚发现自己第二轮选课重选的另外一名老师的大英三中了（26人抢一个名额） 很遗憾在大一上不能上老师的课了 不过下学期我一定上老师的大英四
198705,187,杨建平,2024-09-11 04:29:41,3,4,1,像大英四的大英三，真想提升英语的同学可以试试😭
202294,187,杨建平,2024-12-11 01:57:14,-1,4,5,老师评分挺高，我跟一个
203332,187,杨建平,2024-11-19 07:43:01,13,13,0,any volunteers？
205555,187,杨建平,2024-12-09 07:39:53,5,8,3,事真的很多，，教的也一般，，
206068,187,杨建平,2024-12-13 04:40:25,5,5,0,托福阅读\n\n这课难度很高，每周要背好多单词，每节课前要做阅读测试和听写，老师上课讲得很有水平，但是很枯燥，可能是下午第一节的原因很困，我旁边同学都睡着过，并且许多时候听着听着就听不懂了
206989,187,杨建平,2024-12-19 02:32:48,0,3,3,大英三很好的老师
209174,187,杨建平,2025-01-05 02:33:29,0,8,8,上课巨无聊给分巨差，根本不捞人，不知道哪来的这么高分
209177,187,杨建平,2025-01-05 02:52:49,1,6,5,讲的很差，也就值7分
209195,187,杨建平,2025-01-05 03:58:06,2,6,4,给分一言难尽，事多分低
209196,187,杨建平,2025-01-05 04:01:50,7,9,2,首先明确这样一个事实，大英没有捞与不捞这个说法，期末成绩出来后老师也无法再修改。\n\n其次，老师水平还是很高的，课上一些拓展等的做的也还好。我最喜欢这堂课的地方是课程即将接近尾声时每个小组的配音人物，算是第一次和组员破冰，？排练那天算是我少有的在大学感觉到社交有趣的一天。\n\n最后，老师任务的确是挺多的，有一次pre，三四次听写，有学在浙大上的任务等等，每节课后还有作业安排（大概半个到一个小时的量吧），不过我一学期都没写过（乐\n\n老师在课上提问挺多，你肯说就是OK的，老师也会很友好的点评交流，刚开始本人也是结结巴巴不知道该怎么开口，后来也就慢慢好一点了，不过，大多数情况下都是，在仿佛空旷的教室里回响着一句，\n\nAny Volunteers？\n\n（笑）
209277,187,杨建平,2025-01-05 09:45:55,0,2,2,首先明确一下大英三期末老师可控制的部分只有5%，说给分低的，我觉得和老师问题不大。上课的时候任务确实有点多，但是老师人特别好，也从来不会为难任何同学，期末考试之后还发私聊关心我的成绩，特别喜欢杨老师
209336,187,杨建平,2025-01-05 12:28:00,2,3,1,老师超级好，感谢老师捞了一把，差点寄了
209362,187,杨建平,2025-01-05 15:16:21,1,2,1,杨老师很和蔼⌯oᴗo⌯下课遇见了还能认出我和我打招呼
209552,187,杨建平,2025-01-06 08:41:42,1,4,3,老师水平很高，但是我的英语口语和听力实在是太糟糕了T_T一节课会叫很多同学起来回答问题，如果是i人比较担心的话，要慎选。但反过来说，叫你起来也是锻炼的机会，而且答不出来也没关系。大英老师也没什么捞的余地吧，比较求是，需要看自己的水平高低。
211505,187,杨建平,2025-01-12 00:17:20,-2,0,2,老师很好，和蔼，我大英分低是我菜，感觉老师平时判卷还可以，最后有80分我觉得还不错了。平时作业确实不少
212665,187,杨建平,2025-01-14 11:22:26,-6,0,6,作业主要是课本习题，提问多，但是妈妈妈妈妈妈妈妈妈妈妈妈妈妈妈妈…
213068,187,杨建平,2025-01-16 02:16:47,-1,2,3,老师很温和www超级喜欢超级温柔。课前每个人都有pre，不要念ppt发音比较准就行，选材老师大多数都觉得比较有趣。上课老师比较喜欢把话筒递到你旁边让你回答问题，课后也有作业。我一直以为我是一个小透明，结果老师有一次偶遇主动给我打招呼！！！大英分数都比较求是，我口试很差不过最后八十多分也已经非常感谢老师了，超级喜欢杨老师！！！
215594,187,杨建平,2025-03-02 08:35:39,20,20,0,以下内容仅针对外院必修课文化学：\n\n\n\n建议自封外院达芬奇——毕竟只有密码学家才配破译您的意识流课堂。话是说不明白的，内容是从不解释的，态度是主打一个“我懂你不懂”的学术优越感的，把学生当贼防，还要怪学生上课没有沉浸在她的课堂的。\n\n\n\n智云锁得比传家宝严实，小测前更是要把上过课的回放锁上防止学生复习的。\n\n\n\n原来外院还有如此站在学生对立面的老师👍
215671,187,杨建平,2025-03-04 02:21:25,12,12,0,补充一条：本班学生上课连智云直播都不给看\n\n不知道什么原因对智云如此痛恨
215852,187,杨建平,2025-03-06 03:38:46,5,5,0,上课云里雾里，不知所云，魂飞天外。
215967,187,杨建平,2025-04-17 05:25:26,2,2,0,每日一分
216291,187,杨建平,2025-03-16 13:16:01,1,1,0,恶心🤢
217060,187,杨建平,2025-04-01 04:26:01,4,4,0,"外院英专必修课文化学。\n\n体验极差。\n\n首先，授课风格过分高端。学生可能一点文化学基础都没有，上来就开始“文化遗产”“田野调查”“话语建构”，试图以术语之丰富砸死每一个无辜的大三本科生，只有文化学才会让一群英语专业的学生去调查各种民居民宅，其抽象程度好似让机械工程学院的同学们去诵读马克思主义经典著作（无批判机械学院和马克思主义的意图）。\n\n其次，讲课内容格外单一，上了七周课了，讲课内容只有文化遗产的话语体系解构和建构，方式也基本上就是读文献分析文献，建议把这门课的名字改为“后现代主义视角下的文化遗产学”或者是“文化遗产文献精读课""。如果把授课语言严格限定为中文，谁能看出来这是英专必修课还是文物与博物馆学的必修课？\n\n再次，上课方法无比抽象。如果说好似快上不来气的说话风格是个人特色的话，不打招呼突然小测就是个人问题了。把智云锁上防止复习，然后过了好几周才想起来打开，让人无法理解。\n\n最后，课程负担让人无法理解，动辄总共四十页的文献，要一周就读完，除了AI辅助，根本是不可能完成的任务。文献内容和她的课程一样后现代。\n\n\n\n也不是没有优点，老师有问必答，态度比较和善，但是这门课根本配不上它作为给英语专业学生的必修课的定位（英专的文化学更需要培养的不是跨文化交际能力吗？）、作为3学分课程的定位。\n\n如果说在其他英专必修课学不到东西，起码那些课程授课内容还和英语相关；这门课程和英语唯一的相关性是……用英语授课。"
217215,187,杨建平,2025-04-21 08:56:26,0,0,0,差差差差差
217401,187,杨建平,2025-04-09 15:48:57,2,2,0,cons：\n\n文化学=后现代文化遗产学\n\n文化遗产方面的term基本没有从零到一的解释，只能靠东方玄学般的“开悟”\n\n文献阅读量大\n\n调研考察任务量重\n\n小测喜欢搞突然袭击\n\n上课水平一般，课业知识难以突出重点（对比之下，就算是文学史都不是全英文）\n\n喜欢点名回答问题，这个仁者见仁\n\n锁智云（这个很难理解，自己班的智云也不能看，不知道是什么心理——话说这么搞符合学校规定嘛）\n\npros：\n\n老师为人老实友善，能看出来不是坏人\n\n\n\n综合以上，给个5.5分。十分建议院方考虑换个课程设置方向。本门文化学专业必修课与选修课完全是两个画风，不知道外院学生修读这门课有何意义。
217615,187,杨建平,2025-04-14 06:40:48,1,1,0,仅针对文化学。\n\n完全不知道老师想教我们什么，上课声音小，讲话总是想让人走神；不知道哪里来的乱七八糟的阅读材料，教的东西感觉也不成体系。还是不是有突击小测，，，没完没了的pre，，，\n\n上过的最难受的英语专业课。
217620,187,杨建平,2025-04-14 07:40:46,1,1,0,⚛️文化学\n\n老师上课比较和蔼，你答不出来也不会为难你倒是。\n\n问题就在于，不是我们想答不出来，是真的听不太懂。\n\n1. 首先，老师上课讲到的各种学术用语的时候，基本默认学生都很清楚内容，了解含义。其实并没有啊，很多同学都是很入门的，对这个都没什么见解的，就导致很多时候课听的云里雾里的。\n\n2. 其次，老师爱搞突击小测，无预警空降饶命！\n\n3. 还有一个智云锁了到底是？。。。\n\n总之这个课虽说是本科的专业课，却上出了一种研究生云集（90%情况自嗨）的专家讲座的感觉。\n\n还有一个关键是，这个是专业课跑不掉。\n\nSO…
217822,187,杨建平,2025-04-17 03:26:06,1,1,0,托福阅读 \n\n感觉跟我预期差距有点大：每节课quiz，真的压力有点大；上课一直做题讲题，有点坐牢（甚至感觉上下来对英语学习都没有什么热情了） 慎选。
217940,187,杨建平,2025-04-18 07:24:57,0,0,0,语速很快听不清
219089,187,杨建平,2025-05-21 09:11:39,4,5,1,可能自己也觉得这课没啥好讲的吧 就只能不停找所谓论文翻来覆去的讲 她在台上念经 学生在台下自习 互不打扰也挺好的\n\n单纯这样水也还能接受 不过还有4节课结束时可能自己觉得凑时长也不太好凑了 干脆就1/3的时间给学生Pre😅（对了，她认为小组作业中有幕后做PPT，搜集资料但没有上过台的人都算没做过Pre呢）倒数第二节还要从言之无物的材料中出quiz 要是这样水课讲四年都没问题呢 毕竟相关文献简直浩如烟海 学生根本Pre不完😅\n\n总之每周一大堆乱七八糟的文献+水课大师 也是很搞不懂这个课是怎么每一届能够在必修课里😅
219468,187,杨建平,2025-05-28 03:03:34,7,7,0,文化学退出外院必修课（1/100）
220442,187,杨建平,2025-06-18 02:54:50,0,0,0,过程很痛苦，但是给分意外的慷慨？\n\n不知道是不是个体现象，但是学习的过程真的是云里雾里的，这一切也得多亏C姓G先生的帮助。\n\n终于结束了这场拉锯战。
35073,191,孟筱敏,2016-11-01 11:08:04,0,0,0,学到很多
2642,210,张宏斌,2015-05-05 02:41:41,80,88,8,老师很风趣幽默，但是有一种日本化的一丝不苟。在他的日语课上，你学到的不仅仅是日语，还有他与你交织的一段人生
4584,210,张宏斌,2015-06-24 16:35:52,10,12,2,评分好低啊……张老师绝对是个好老师
4725,210,张宏斌,2015-06-26 14:15:32,12,13,1,超级好
5137,210,张宏斌,2015-07-04 16:45:11,-23,2,25,有点水
5492,210,张宏斌,2015-07-08 02:47:44,3,4,1,非常和蔼的老师，很热情，讲的也很认真，上课喜欢唱歌^ω^上了他两年的辅修收获非常大～
7005,210,张宏斌,2015-08-26 00:34:58,1,4,3,说实话感觉讲课太慢，老师很认真，只是不太喜欢他的节奏。
7554,210,张宏斌,2015-09-15 03:40:48,34,35,1,很多人是因为张老师给分偏低而给他打低分，其实这正是张老师一丝不苟之处
8320,210,张宏斌,2015-09-18 09:54:31,25,26,1,能感受到日本文化对老师性格的深深影响。一丝不苟，认真负责的好老师。#绝不只是在教日语而已# 赞！
9330,210,张宏斌,2015-10-22 02:45:08,5,6,1,好老师！
9862,210,张宏斌,2015-11-11 10:53:27,3,4,1,受益匪浅。
10856,210,张宏斌,2015-11-23 07:21:25,9,10,1,很可爱的老师啊!!很宣老师的说
13277,210,张宏斌,2015-12-26 06:15:43,3,4,1,很喜欢张老师
13462,210,张宏斌,2015-12-28 06:58:09,3,4,1,非常好的老师，只可惜下学期选不了他的课了
15332,210,张宏斌,2016-01-18 03:13:18,1,7,6,考试刁钻，给分不好。上课还好，比较严谨。
16110,210,张宏斌,2016-01-17 08:24:52,2,2,0,非常喜欢的老師
16186,210,张宏斌,2016-01-17 15:06:59,7,8,1,很认真严谨的老师，燃鹅自己没学好
16202,210,张宏斌,2016-01-17 13:19:01,3,5,2,给分..
16307,210,张宏斌,2016-01-18 01:26:40,0,2,2,老师是很认真负责的，但没另一个老师抓得紧，这就要求学生更自觉了
17134,210,张宏斌,2016-01-19 15:49:53,3,5,2,严肃活泼！！日式一丝不苟！！
17188,210,张宏斌,2016-01-20 00:38:35,2,3,1,严谨认真 又不失可爱
18127,210,张宏斌,2016-01-21 08:02:46,0,1,1,老师上课超级有热情，比较关心学生，很有趣。能学到很多东西。想水的还是别来了，老师很严谨。收获很大。
18175,210,张宏斌,2016-01-21 08:36:34,2,3,1,超棒，日本style
18414,210,张宏斌,2016-01-21 14:45:21,1,2,1,课堂气氛很棒，老师也很认真
21787,210,张宏斌,2016-03-01 06:03:13,1,2,1,老师上课很投入 很有感情 第一眼就爱上了这个老师
21848,210,张宏斌,2016-03-01 09:04:12,1,2,1,超好的老师，上课是一种享受
22413,210,张宏斌,2016-03-04 15:56:05,2,3,1,太喜欢他了！！！好帅啊！！！！
22414,210,张宏斌,2016-03-04 15:57:29,1,3,2,太喜欢张老师了…给分高人又好，超级理解学生～
23270,210,张宏斌,2016-03-23 09:15:37,1,2,1,论讲课水平，真的是一流了。但考试太难...给分....
23423,210,张宏斌,2016-03-29 11:29:38,3,4,1,讲课超仔细的 发音很负责
26072,210,张宏斌,2016-06-15 11:06:03,8,9,1,老师特别可爱 可爱的日本类型老爷爷 第一眼看他以为是个日本人哈哈哈 上了一学期的二外 感觉他很严谨 平时叫人起来读课文 然后停顿的时候不能发出“额”的声音 哈哈哈好可爱的老师
26402,210,张宏斌,2016-06-18 01:52:54,0,0,0,挺喜欢这个人的 然而真的不是听得懂他上课（不知道怎么回事…）带读挺好的
28995,210,张宏斌,2016-06-29 05:35:44,0,1,1,很可爱，很负责
29118,210,张宏斌,2016-06-29 09:00:02,1,2,1,特喜欢老师严谨认真的作风
29411,210,张宏斌,2016-06-29 17:29:50,-8,1,9,给分实在是不敢恭维
30105,210,张宏斌,2016-07-01 02:41:33,19,21,2,说给分不好的是自己不好好学。。。该给满的老师绝不含糊，该挂的也不手软。一向的严谨，风趣，上课激情满满，自嗨的不行。有的时候觉得他是个长不大的孩子，对传统近乎偏执的尊崇，大家所说的他对日本风俗的沿袭或许是他对中国文化的反哺的心伤。喜欢这个老师，尽管有时他的孩子气和对留学生偏见般的照顾有些无语。
30346,210,张宏斌,2016-09-16 17:43:09,0,1,1,老师人超级好啊！很喜欢他的课除了我真的认真不起来QAQ 感觉语言还是靠自己多读多练。 这样的话期末还是可以的！
30494,210,张宏斌,2016-07-01 17:53:12,1,2,1,日式一丝不苟
31221,210,张宏斌,2016-07-03 11:54:36,1,2,1,学了张老师两学期的辅修课了，大概还能跟着他学一年，很珍惜他授课的时间。
34041,210,张宏斌,2016-09-26 04:02:01,1,2,1,张老师讲课很赞～
34969,210,张宏斌,2016-10-27 09:16:45,2,2,0,很少见到这么有活力有激情的老师了
38623,210,张宏斌,2016-12-12 16:27:06,2,2,0,考试很有日式风格，考之前把卷子反面朝上，考试中不得去洗手间，必须提前5分钟交卷。赞！
47913,210,张宏斌,2017-02-27 08:55:41,0,1,1,老师很好，比较认真，一丝不苟，但是听他的课会有很多收获
48547,210,张宏斌,2017-03-07 06:10:19,1,3,2,老师太可爱了吧！\n\n今天随便坐了个教室自习，下午正好是老师的日语课...课前他放了经典老歌自己还唱了起来，超有趣的...感觉也很亲切的样子～\n\n因为不是这个课的学生所以按平均分打了8分...我正在课上写评价...他在教五十音图> >
48920,210,张宏斌,2017-03-16 09:57:54,2,2,0,没什么说的，真的是特别好的老师，绝对的认真负责，为学生着想~
49073,210,张宏斌,2017-03-23 06:54:07,3,3,0,老师很认真，看得出来很关心学生，严谨认真，老师马上要退休了，希望老师身体健康
49964,210,张宏斌,2017-04-27 17:02:06,0,1,1,先生有时候会来几句杭州话 真的是很可爱
50697,210,张宏斌,2017-05-04 10:41:23,0,1,1,张老爹还是挺稳的！
51252,210,张宏斌,2017-05-25 13:26:07,5,5,0,绝对的好老师，一心为学生着想，真的很感动！
51675,210,张宏斌,2017-06-08 07:11:57,8,9,1,这样，我把这个连起来，如果翻译出来还是ににちかん我就砸了它。\n\n碰~碰~碰\n\n只有上过张老师课的同学才懂的欢乐。
52015,210,张宏斌,2017-06-14 06:56:28,2,2,0,张老师今年就要退休了，以后再也没有机会上他的日语课了。
52148,210,张宏斌,2017-06-15 07:09:37,0,1,1,童心未泯的老先生，令人敬佩！
52178,210,张宏斌,2017-06-15 12:38:19,3,4,1,张老师马上就要退休了…跟着老师学了两年的强化日语，想说日语辅修能遇上张老师真的是幸运，既热情又可爱也很理解我们，不过自己中间几节课没认真听...略惭愧\n\n【虽然强日结束了，但最后一学期还有张老师的一门辅修，很开心~
54726,210,张宏斌,2017-06-30 05:56:19,2,3,1,作为张老师最后一届辅修生 跟着老师学了两年日语 打10分绝对的。\n\n再也难以找到带你一句一句读课文 纠正发音 考前也为学生着着想的老师了。\n\n很重视基础的老师 很适合初学者\n\n可惜老师要退休了 以后也没他的课了\n\n愿老师身体健康 开心顺利
55980,210,张宏斌,2017-07-03 01:15:14,2,2,0,老师人特别好！！怎么说呢 听别的老师的课 没听懂怪老师讲课腊鸡 听张老师的课期末复习得难受 怪自己平时没好好听课.！
56353,210,张宏斌,2017-07-03 14:27:03,2,2,0,张老师真的是位很好的老师，性格里有日本人的严谨和中国式的热情，明年开始就不带辅修班了，非常幸运能做他最后一届带的学生，感谢老师两年来的陪伴。
56969,210,张宏斌,2017-07-05 05:06:46,2,2,0,张老师人超级好，很和蔼，上课很认真，会领大家一起读课文，上课前还会很高兴地唱歌。最后绩点也不错的，推荐。可惜老师就要退休啦，真的希望他一直这样开心度过晚年喔。
56971,210,张宏斌,2017-07-05 05:12:10,0,1,1,好老师。不解释\n\n
56990,210,张宏斌,2017-07-05 06:02:45,-2,2,4,难道没有人觉得考试的时候，老师。。很吵吗？！！(　･ั₃･ั )
57095,210,张宏斌,2017-07-05 13:58:29,0,1,1,好老师，日语一不难，认真可满
57157,210,张宏斌,2017-07-05 23:54:25,1,2,1,老师说希望日语1的同学都能跟着他上日语2，这也是他最后一学期开课了，可惜我要搬去舟山了，sad～
58059,210,张宏斌,2017-07-28 01:46:41,1,2,1,非常可爱的老爷爷
59106,210,张宏斌,2017-09-19 13:16:35,12,13,1,老师真的真的超级好啊。有时候会很萌，正经起来的广播腔不要太好听。说到给分问题，我觉得还是自己要努力的，老师给分绝对没有问题的，因为大多都是考试，而考试又基本全是课文内容。当然词汇也很重要啦，本人没有基础！！！！不说轻松吧，跟老师认认真真学了一学期，当然课后也还是花了时间。语言类总是不能像其他通识一样，新的语言还是要费心去学。最后4.8。\n\n      听说老师马上退休了，但是专业课冲突没有办法跟着老师继续学习，真的超级遗憾，体育课排在六七节，第八节尽量赶过去蹭课。
59227,210,张宏斌,2017-09-20 09:33:50,0,0,0,张老师真的好棒啊！日语一如既往的火爆，听了一节课，觉得老师特别可爱，很能带起课堂氛围～
59719,210,张宏斌,2017-09-26 07:13:00,5,5,0,太可爱了吧！！！为老师疯狂打call！！！超可爱的老爷爷！！！
65780,210,张宏斌,2018-01-09 06:02:58,8,9,1,张老师今年要引退了。\n\n祝福老师，很荣幸做过张老师的学生。\n\n希望老师少抽烟，注意身体！
68342,210,张宏斌,2018-01-23 04:13:33,7,8,1,张老师真的太棒了，真正的良师益友。印象最深的还是他受日本文化影响养成的一丝不苟的风格。很喜欢上课听他讲往事，课程内容也非常棒。考试的规矩也是让我很佩服，铃声一道统一翻开卷子。考试之前老师说的中国人就是比日本人聪明，要比赢他们就要更严谨细心真的很励志～
71470,210,张宏斌,2018-01-28 13:27:47,3,4,1,老师很可爱 上课很嗨 总是唱歌 成为他的最后一届学生很荣幸^ - ^
71628,210,张宏斌,2018-01-28 18:35:42,1,3,2,首先很荣幸成为张老师的最后一届学生，张老师的日语一是我每周二概率论每周四中宏后的一种调剂。上老师的很开心，老师教的不仅仅是语言，还有日本的文化，日本人的一丝不苟。每次从西区匆匆忙忙赶到东区，就听见教室里的日文歌。给分的话只要认真去学该给的分一分不少，老师上课还会补充很多的知识。最后希望老师身体健康，比心！
73068,210,张宏斌,2018-02-01 00:55:08,0,0,0,上课很有激情！老师在日本呆了10年好像，感觉深深受到日本文化的影响，非常严谨！好好学给分不会低的~
74573,210,张宏斌,2018-03-04 01:43:33,0,0,0,老师非常棒！也很可爱！很认真很负责
74803,210,张宏斌,2018-03-06 02:45:31,1,2,1,张老师是我心目中完美的老师啊啊  他会抓每个学生的发音  要求我们端端正正写字 上课时会自嗨唱日语歌  讲他年轻时在日本的故事 日本式的认真  朗读时不能emm啦  期末考不带学生证不给考啦    不准自己学生考试前感冒等等  希望老师好好注意自己的身体!\n\n
74877,210,张宏斌,2018-03-06 08:03:23,1,2,1,只有感动了，感恩能够做老师关门弟子。
74878,210,张宏斌,2018-03-06 08:04:47,0,1,1,本当にありがとうございました\n\nいろいろとお手数をかけました。
74880,210,张宏斌,2018-03-06 08:06:11,1,2,1,老师讲得好，人更好.课讲得很细很清楚，也很有趣.老师年纪偏大，快退休了，但相当有激情，心态很年轻，很可爱但也很负责.比起某些年轻老师称教师界老当益壮的栋梁和楷模.真心希望张老师能多教两年！
81897,210,张宏斌,2018-07-06 12:41:17,3,3,0,老师很认真，是一种日本式的认真，对礼仪和细节的把控很在意。一直说自己教不动了，但是又一次次地因为担心教日语的老师太少而继续开课。不论同学因为什么事情不能来上课或者需要迟到早退他都表示理解，对学生真的是百分百的信任了。\n\n昨天考完日语出考场本来想和老师说声再见，可惜老师在打电话只能作罢。虽然自己其实学的并不是很认真，但是真的很感谢老师。所以趁还没出分就先给个十分表示一下心意吧。
82573,210,张宏斌,2018-07-08 14:11:59,6,7,1,老师上课真的很认真，有一种日式的严谨，很让人欣赏。上课讲的绝对不仅仅是日语，还有关于人生的许多道理，收获很多。老师也非常可爱，上老师的课绝对值得！
82983,210,张宏斌,2018-07-09 11:55:53,3,3,0,老师人特别好！很可爱！有时候去问问题他都超级和蔼地解答。上课经常教我们男孩子和女孩子分别应用什么语调说日语，超级可爱了！希望老师退休后身体健康呀~ 爱您！
83390,210,张宏斌,2018-07-10 07:54:31,0,1,1,张老师是位值得尊敬的好老师，严格、博学、关爱学生。上课氛围很好，能学到很多东西，平时也没有作业。老师就要退休了感到很不舍。虽然给分真的不好（捂脸痛哭）但是分数不能代表一切，就体验来说是值得10分的优秀老师！
84005,210,张宏斌,2018-07-11 17:00:40,0,0,0,老师很棒，哈哈，我不怎么会说话，真的很棒，10分，谢谢老师
85212,210,张宏斌,2018-07-16 05:34:40,0,1,1,说真的日语通识说给分不好的都是考得不行的…卷面百分之七八十的客观题错了还要老师白送你分吗……
87351,210,张宏斌,2018-09-27 08:55:15,3,4,1,作为老师的关门弟子，一定要学好，嗷呜
87935,210,张宏斌,2018-10-18 03:29:04,0,0,0,很棒很感动
92276,210,张宏斌,2018-12-27 11:09:13,0,0,0,老师真的又可爱又敬业又负责！！！！
94168,210,张宏斌,2019-01-15 12:04:21,11,11,0,最后一节课了，现在下课了，但是老师还没走，大家都留下来排队要签名了，大概是太受欢迎了吧哈哈哈，老师人很可爱，长得也像一个日式的老师哈哈哈，上课会唱歌? ，很快乐，关心学生，特别强调身体健康，人太多了，我先给个好评再去排队吧！
94183,210,张宏斌,2019-01-15 13:04:08,17,17,0,老顽童般的幽默风趣与日式的严谨作风在张老师身上得到了极好的体现。听老师的课真的能学到很多，不仅是日语发音在一遍遍的课文朗读中提高，if有时间，老师还会给我们讲讲自己在日本留学的故事。今天是老师在浙大上的最后一堂课，课堂的最后，大家一起很happy的唱歌留念。或许许多年后我已不再记得那些日语单词，但一定会记住这个冬夜，自己有幸成为张老师在浙大教学生涯里最后一节课的学生。
94193,210,张宏斌,2019-01-15 13:56:19,21,21,0,今天是老师退休前的最后一堂课了，下课后大家都迟迟不肯走想和老师合影留念，老师也非常耐心给每一个同学盖上他的章，他说他不允许他班上的同学在考试周生病一定要照顾好自己，他说真的把我们当孩子真的很喜欢我们，他说他会一直等我们的好消息。 有幸成为老师的最后一任班长，陪伴老师度过他教学生涯的最后一年，是我的荣幸也是不可多求的幸运。 今天回寝室路上一直在哭，以后再也上不了这个可爱老爷爷的课了，大学一个老师的离开居然能让我哭成这样……
95294,210,张宏斌,2019-01-19 07:02:16,1,1,0,呜呜呜呜老师又认真又温柔，很可爱很可爱的老师，就算考不好也都是自己没有好好学，感谢老师
98624,210,张宏斌,2019-01-23 16:09:47,0,0,0,也算是会いたあ了吧，張先生ありがとうございました
101044,210,张宏斌,2019-01-27 10:18:28,1,1,0,从张向荣老师地方过来的，张宏斌老师真的很有活力吧，带读、唱歌都行哈哈哈，虽然日2期末的时候单词背的要死，但是老师给分真的超棒。下学期去日本交流啦，感谢老师！
102116,210,张宏斌,2019-01-30 14:02:59,1,2,1,老师太好了 超有活力很热情? 真的让我爱上日语了 虽然自己不认真背单词，考试很多不会做，但这也怪自己? ? 不过还是感谢老师给了4.5
102149,210,张宏斌,2019-01-30 17:19:43,1,1,0,老师真的真的非常非常好！所以即使我的日语c位出殡了也依旧是打10分！因为身体原因翘课蛮多次的，语言的课真的不适合本逃课小王子了qwq现在的凉都是之前上课和复习玩手机造的孽，大家一定要好好学习！好好背单词！不然就会和我一样日语成绩一出就狂掉均绩www真实的哭泣
102174,210,张宏斌,2019-01-31 05:09:47,1,1,0,莫大的幸运能成为张老师学生。衷心祝愿可爱认真的张老师退休生活快乐、身体健康
102812,210,张宏斌,2019-02-23 13:14:25,1,1,0,退休前的最后一批学生。以后再也听不到老师的课了。老师上课很认真，感觉他不仅交给我们日语，更有日式的严谨。也很可爱，喜欢唱歌，经常在课前沉醉在自己的歌声中，哈哈哈哈哈。给分也很不错，认真学不会给分低的。
103246,210,张宏斌,2019-02-27 03:10:47,2,2,0,浙大，拜托你要记住这位付出的好老师
105884,210,张宏斌,2019-04-22 14:37:35,1,1,0,老师退休了才来评价，真的是好老师。
1860,213,助教2,2015-03-26 02:41:07,2,4,2,助教2 哈哈哈 连名字都没有
13131,213,助教2,2015-12-25 02:36:22,-2,1,3,匿名差评
33628,213,助教2,2016-09-20 12:04:59,0,1,1,特别好！～～\n\n
39173,213,助教2,2016-12-21 12:38:24,0,2,2,莫名其妙的冲动……
39727,213,助教2,2016-12-27 07:34:59,2,2,0,水水水
43899,213,助教2,2017-01-17 05:52:31,2,2,0,助教很好哒，拓展的知识很丰富，也很有用。认真完成每一次作业，成绩理想。赞。
60282,213,助教2,2017-10-16 12:40:14,3,4,1,神龙见首不见尾，默默为老师做贡献，然而却把握了我们绩点的生杀大权，表示真的见不到你们嘛
99876,213,助教2,2019-01-25 08:57:12,0,0,0,。。。
104930,213,助教2,2019-03-31 10:23:14,2,2,0,拥有着上帝视角，掌握着生杀大权，威震八方而不轻易露面
105161,213,助教2,2019-04-05 12:13:25,0,0,0,很皮呀 还有这种名字
137402,213,助教2,2021-07-04 02:20:54,2,2,0,请问助教1是谁
161385,213,助教2,2022-11-05 13:59:42,0,0,0,神一样的存在
8383,235,陈玮,2015-09-20 16:19:44,6,14,8,女神，还有什么好说的呢
17248,235,陈玮,2016-01-20 02:38:07,0,4,4,零基础的大英班，给分很好，上课没什么要求，如果想学到什么英语知识，要靠自己努力
27661,235,陈玮,2016-06-27 07:30:32,4,6,2,上课念经ing。无聊到爆绩点还低
34801,235,陈玮,2016-10-23 12:31:20,0,2,2,真无聊
60669,235,陈玮,2017-10-26 08:13:38,14,16,2,医学院的陈玮老师\n\n讲的很好，上课逻辑很清楚！
62545,235,陈玮,2017-11-26 01:55:18,11,13,2,陈玮老师的免疫学讲得条理清晰，会回顾以前的内容，梳理思路，考前还会给重点。免疫课最喜欢的老师之一(*๓´╰╯`๓)♡
62801,235,陈玮,2017-11-27 04:02:07,5,6,1,不点名 但是有几次免疫小测吧  老师人很好  还划了重点
62819,235,陈玮,2017-11-27 05:33:58,8,9,1,免疫课上得最好的老师了，条理清晰，关键是听她的课一点不困。为小姐姐打call
67837,235,陈玮,2018-01-22 08:06:42,1,2,1,陈老师怎么什么都教？？？大英二低于老师均绩? 难受
67876,235,陈玮,2018-01-22 08:35:53,0,0,0,大英2 极其无聊
77131,235,陈玮,2018-05-02 13:54:58,4,4,0,贼漂亮
90582,235,陈玮,2018-11-24 07:44:14,0,0,0,上课小测会当成点名。老师上课思路很清晰，ppt很优秀。\n\n被生生卡?，但老师还是很好的\n\n
1716,254,徐慧芳,2015-03-23 12:36:41,39,51,12,很负责，口语很好
3463,254,徐慧芳,2015-06-16 05:39:48,-1,3,4,好
4132,254,徐慧芳,2015-06-18 01:50:53,75,86,11,超级敬业
4264,254,徐慧芳,2015-06-18 12:27:53,-1,2,3,好！
4428,254,徐慧芳,2015-06-23 01:01:05,-1,4,5,还好。
4482,254,徐慧芳,2015-06-23 15:26:35,6,15,9,还好吧，不讲课本的
4956,254,徐慧芳,2015-07-01 13:44:25,1,5,4,好老师良心
5442,254,徐慧芳,2016-09-19 07:51:49,2,4,2,还行吧～挺敬业的，就是我的平时分……不高
7944,254,徐慧芳,2015-09-16 07:27:14,-4,3,7,只会听写
8832,254,徐慧芳,2015-09-28 14:45:41,1,4,3,很敬业的老师
9583,254,徐慧芳,2015-11-02 06:25:54,-1,2,3,好好好
9591,254,徐慧芳,2015-11-25 02:07:29,1,3,2,挺认真，但上她的课活动太多\n\n
10188,254,徐慧芳,2015-11-17 09:14:26,45,68,23,從來不下課 喜歡拖堂 哎⋯
12011,254,徐慧芳,2015-12-21 13:29:00,13,32,19,对群体很负责，但是不喜欢她的价值观，对学生个体不够关心。
12287,254,徐慧芳,2015-12-23 00:39:28,1,3,2,非常负责的老师！
12462,254,徐慧芳,2015-12-23 10:40:04,18,22,4,真的非常负责！
12473,254,徐慧芳,2015-12-23 11:03:33,-1,1,2,非常负责任\n\n
12996,254,徐慧芳,2015-12-24 12:54:58,2,8,6,没搞懂过她想教我们什么
14284,254,徐慧芳,2016-01-06 05:46:24,-2,1,3,负责的好老师
15823,254,徐慧芳,2016-01-21 02:16:44,-1,1,2,超好的老师，很负责
15895,254,徐慧芳,2016-01-16 14:08:07,2,4,2,老师人很好，很负责，学习材料也很丰富，会拓展一些知识
16487,254,徐慧芳,2016-01-18 08:15:19,-1,1,2,考音标很严，很负责。
16869,254,徐慧芳,2016-01-19 06:19:55,0,3,3,很认真负责口语超好改作文超认真的~
16924,254,徐慧芳,2016-01-19 09:16:03,3,7,4,给分超严格不咋给学生提分，绩点给的比其他老师低。
17147,254,徐慧芳,2016-01-19 16:37:25,1,1,0,超负责
20668,254,徐慧芳,2016-01-29 14:42:53,1,1,0,很敬业，很负责
20874,254,徐慧芳,2016-02-02 18:36:42,6,13,7,我总觉得上课很拘束，难以学进，平时作文打的低，上课不说话的时间长，满绩难，不过人挺好的，认真敬业，地道杭州人
22291,254,徐慧芳,2016-03-03 09:08:52,5,13,8,上课无趣。给分算低的了。价值观像小学老师。
23062,254,徐慧芳,2016-03-17 00:55:57,1,6,5,拖堂最受不了 无聊得要报警
23079,254,徐慧芳,2016-03-17 03:18:45,2,9,7,中间不下课。。拖堂。。无聊到爆。。平时分普遍低
23351,254,徐慧芳,2016-03-26 04:54:38,1,1,0,徐老师对学生很负责，人很好
23458,254,徐慧芳,2016-03-30 08:55:30,38,42,4,我见过的浙大老师中责任心最强的，最认真的。可能抱着想水的态度会痛苦一些，但真的会有很大的收获！
23525,254,徐慧芳,2016-12-28 06:36:25,-37,2,39,傻逼一个
26645,254,徐慧芳,2016-06-20 14:03:47,1,1,0,很负责
27262,254,徐慧芳,2016-06-24 07:55:46,2,4,2,挺好的，人挺温暖的
27515,254,徐慧芳,2016-06-26 16:29:25,48,51,3,托福阅读满分 口语好到爆炸 展示课上还唱起海绵宝宝 最后一堂课还带来饼干糖果水果~有能力又有魅力的老师 而且上课超认真 改作文超认真 在群里答疑分享资料也超认真~选到徐老师的课真的很幸运 推荐推荐~
27578,254,徐慧芳,2016-06-27 04:23:18,1,1,0,挺喜欢他的
27579,254,徐慧芳,2016-06-27 04:24:20,28,32,4,老师真的很认真负责，而且她的教育是真的想提高同学的英语水平，而不仅仅是应付考试（虽然她会说怎么考试），57分以上的全部加了3分，感觉她的课是我上过的最愉快的大英。（虽然我是英语渣）
27580,254,徐慧芳,2016-06-27 04:25:01,9,10,1,很负责的老师。
27584,254,徐慧芳,2016-06-27 04:28:44,15,18,3,一开始不喜欢，觉得上课很无聊，大家都没有积极性，感觉和高中英语老师上课一样。和别的同学比起来，感觉有很多事情，课后，还有mini quiz。但是后来觉得还很负责任，有点干货，但要自己坚持下去，有时也很鸡汤，会关心同学。而且，看分数她带的班应该还可以。总之，老师好不好还是要靠自己体悟。
27585,254,徐慧芳,2016-06-27 04:28:53,5,5,0,虽然是以考代修啦，但还是能感觉到这个老师很敬业，会在群上不间断地布置练习，分数表也会第一时间传上来
27588,254,徐慧芳,2016-06-27 04:32:33,1,1,0,上课好，但是给分有点严格
27589,254,徐慧芳,2016-06-27 04:33:53,4,5,1,虽然经常拖课，但是人很好很负责，平时基础都打好的话分就容易比较高吧
27592,254,徐慧芳,2016-06-27 04:37:38,10,12,2,大英三是徐老师的课 最开始觉得有点无聊。老师也很严格。后来觉得老师对同学们真的很负责。非常暖心！所以大英四又选了徐老师的。只要好好上课跟着老师学会有很大收获！祝老师工作顺利身体健康。感谢老师一年的陪伴！
27599,254,徐慧芳,2016-06-27 04:43:37,19,24,5,跟了徐老师一年，非常好的老师，教的不只是课本，还会给我们很多学习生活上的指导，也会分享她在国外的经历。跟着她的方法学英语成绩一般不会差。六一节会发糖～\n\n祝老师工作顺利天天开心啊！
27601,254,徐慧芳,2016-06-27 04:45:02,3,3,0,老师超负责，在讲解考试内容的同时还会告诉大家怎样学习能真正提高自己的英语水平
27608,254,徐慧芳,2016-06-27 04:51:40,1,1,0,很负责任，能学到很多东西期末每个人加了3分，我这种英语渣渣竟然也有70分，好开心啊。
27611,254,徐慧芳,2016-06-27 04:54:11,1,3,2,有很多干货，给分一般吧。。。如果按老师的建议学习，把她的资料用好，英语会有很大的提高
27618,254,徐慧芳,2016-06-27 05:16:13,1,1,0,真心赞
27801,254,徐慧芳,2016-06-27 15:30:09,0,2,2,老师很负责
27909,254,徐慧芳,2016-06-28 04:32:12,5,7,2,是挺负责认真的，但给分，平时分什么的，有点太耿直了（找不到形容词）
28244,254,徐慧芳,2016-06-28 08:20:20,1,1,0,很负责
28363,254,徐慧芳,2016-06-28 08:40:29,0,1,1,很负责！
28691,254,徐慧芳,2016-06-28 12:24:15,1,1,0,上课点名回答问题 有些时候空白多主要是因为没有同学回答 不过老师超认真
28763,254,徐慧芳,2016-06-28 14:09:36,0,1,1,虽然是以考代修，但是真的能感觉老师特别认真负责，群里上传的资料可以看出干货多多，有点后悔放弃上这么一个优秀的老师的棒棒的课！！
30733,254,徐慧芳,2016-07-02 10:31:06,1,1,0,课堂气氛略沉闷，但老师非常负责，认真学的话真的能学到很多东西。
35050,254,徐慧芳,2016-10-31 14:06:02,-10,3,13,口语水平不咋地，典型的中式英语，课无聊透顶，催眠效果佳
39202,254,徐慧芳,2016-12-21 14:47:24,3,4,1,真的是超级好的老师 越来越喜欢 超级认真负责超级耐心 而且跟上她的节奏的话真的很有用 口语超好！
39804,254,徐慧芳,2016-12-27 23:00:28,6,7,1,很好很好，她注重的是如何提升英文能力，而不是单单为了应试而学英文，每次提问她都会很耐心解答～～推荐
40408,254,徐慧芳,2017-01-03 07:33:23,3,3,0,老师人很好，干货多，有很多经验给我们，还会尽可能体谅我们
40699,254,徐慧芳,2017-01-05 05:02:56,9,11,2,的确如果你想要有趣的老师，搞各种活动的老师的话徐老师不适合你。但是如果你基础差，有颗想学好英语的心，那么徐老师就是你的首选。比心徐老师。\n\n
41177,254,徐慧芳,2017-01-10 01:28:54,3,4,1,不以考试为目的。价值观很正
41263,254,徐慧芳,2017-01-10 09:29:18,5,6,1,炒鸡稀饭徐老师 最后一节课还给我们唱歌 么么哒
41438,254,徐慧芳,2017-01-11 14:47:22,3,4,1,老师很好，很注重方法和能力培养❤️
42053,254,徐慧芳,2017-01-13 13:13:04,0,1,1,老师超赞，最后结课是音乐会诶诶诶
42057,254,徐慧芳,2017-01-13 13:16:01,4,4,0,老师上课很认真，感觉真正想让我们学到东西，而且课后会给很多复习材料，只要认真学，真的会学到很多！感谢碰到这么一个认真又温柔的老师！
43244,254,徐慧芳,2017-01-16 04:36:34,3,3,0,炒鸡棒，很负责任
43284,254,徐慧芳,2017-01-16 05:25:30,7,8,1,徐老师上课认真负责，课后会给我们很多的复习资料，注重课外延伸拓展。而且老师给分很好，助教也很好哦(⊙o⊙)哦。
43373,254,徐慧芳,2017-01-16 07:53:18,0,2,2,老师挺好的，很多学习资料和干货，课堂也很有趣，性格也好。只是拖堂嘛。。。。。。
43458,254,徐慧芳,2017-01-16 09:49:42,2,2,0,老师人很好，很友好
44068,254,徐慧芳,2017-01-17 08:59:28,12,19,7,价值观有点…奇怪吧…觉得农村来的人英语都不好，觉得农村人和城里人就是不一样的，助教好评，人美心善！
44142,254,徐慧芳,2017-01-17 10:24:54,2,2,0,老师有水平又负责
45257,254,徐慧芳,2017-01-19 08:17:18,0,1,1,敬业负责，谢谢老师
47612,254,徐慧芳,2017-02-08 05:54:00,-1,1,2,超级好老师啊，很认真负责！给分很合理！
47657,254,徐慧芳,2017-02-13 06:14:36,2,4,2,徐老师认真负责 通过各种方式检查你的进度 敦促你在大学也不要放弃对英语的学习 在浙大这样的老师并不多见 助教小姐姐和蔼可亲 渊博机智 认真按照他们的要求做 真的能学到很多东西
49046,254,徐慧芳,2017-03-22 11:18:21,6,7,1,上课很无聊，喜欢叫特定的几个人。
52124,254,徐慧芳,2017-06-15 03:01:16,3,3,0,真的是非常敬业的好老师 凌晨还在群里发给整理的资料 干货很多 期末还带吃的给我们
53466,254,徐慧芳,2017-06-26 16:18:58,-1,0,1,超级好得老师 浓浓师生情
54018,254,徐慧芳,2017-06-28 08:28:48,3,5,2,老师人很好，教学也很认真，最关键的最后给分还给我们加了师生情。平时事情较多，怕麻烦或者懒的同学就不要选了。大英都结束了还保留着QQ群，让我们有英语问题可以随时问她。遇见过的最认真的老师之一，真的谢谢老师。
55671,254,徐慧芳,2017-07-02 06:54:48,6,11,5,感觉总是说男生下课不会主动学习就把上课发言机会给了男生 价值观感觉和上个世纪的人差不多 课堂上学不到什么知识
55814,254,徐慧芳,2017-07-02 12:05:55,-1,0,1,这学期点名有点多，不过没什么关系。老师讲课很认真很负责。
60172,254,徐慧芳,2017-10-12 05:47:00,-2,0,2,爽爽爽
61190,254,徐慧芳,2017-11-10 09:51:41,0,0,0,:-!
64273,254,徐慧芳,2017-12-22 07:13:54,5,5,0,超级棒的老师，在群里问问题一般都会回复的，作业不多，非常负责，可惜我大英四时间和微积分冲突了选不了她的课，推荐你们选
64508,254,徐慧芳,2017-12-24 16:36:07,2,3,1,真的是超级棒的老师啊，一定要选，老师的口语很棒，真的很负责任，能选上老师的课是一种荣幸
66045,254,徐慧芳,2018-01-11 07:13:01,3,5,2,老師真的棒\n\n口語真的好\n\n事情真的少(//∇//)\n\n喜歡老師o(^o^)o
67576,254,徐慧芳,2018-01-21 14:39:51,2,4,2,老师讲的很好，人也很敬业，就是不适合想要老师布置很多作业的同学，因为作业实在不多......\n\n
67787,254,徐慧芳,2018-01-22 07:16:59,18,22,4,典型传统教师
67992,254,徐慧芳,2018-01-22 12:36:31,3,6,3,老师人很好，很成熟，人格魅力较强。\n\n想学好的同学，还可以找她专门交流。\n\nps：作业真的不多
68044,254,徐慧芳,2018-01-22 13:53:57,1,5,4,超级nice的老师，我们都是她的小朋友。大英成绩虽然不是很理想，不过都是自己平常努力不够，最后才临时抱佛脚。老师真的是已经可以打满分了，平常也会提醒我们背单词诵读课文，也会讲一些小测技巧。下学期还是老师的课，十分荣幸。下学期一定好好学习英语！
68428,254,徐慧芳,2018-01-23 07:51:21,-7,5,12,很喜欢老师，感觉老师很尊重学生，上课自由，不会强制你举手之类的，好好学绩点不错的，大英助我均绩升上四，哈哈哈哈哈喜欢老师
69035,254,徐慧芳,2018-01-24 07:44:39,-4,3,7,上课，我觉得挺水的，老师有事还爱讲闲话（大半节课可能都会用来讲一些无关紧要的话，比如如何如何使用VLS程序如何调语速，演示了一遍又一遍）（可能是我比较垃圾吧）上课几乎学不到什么，除非你记忆力很强，能记住老师PPT内的一切（那时有用的）。总之，我觉得，老师好，但不适合我吧。
70215,254,徐慧芳,2018-01-26 08:52:33,0,6,6,老师挺好的，适合基础比较弱的同学选，但是好的同学上起来就有点痛苦了课堂节奏比较慢吧。\n\n老师很尽职尽责，虽然放寒假了，还在群里教大家寒假可以怎么学英语\n\n我算是运气不好，考场上离公放太远而且收音机受到信号干扰，听力几乎靠结合上下文瞎猜啥都没听到，最后还有3.9，感谢老师
73621,254,徐慧芳,2018-02-02 06:45:14,2,2,0,除了拖堂其他都很好！不过拖堂不正从一个方面证明负责吗？老师是真的希望大家学好英语，经常给干货。想学好英语的不要错过，想水的就别来了，对你对老师都没好处。
76807,254,徐慧芳,2018-04-23 15:57:09,4,6,2,评论这个。。。老师好的跟妈妈一样
80927,254,徐慧芳,2018-07-02 23:38:50,4,5,1,超级温柔，陪伴了我一年。讲课节奏慢，作业不多，认真负责。希望以后有缘再见！
81221,254,徐慧芳,2018-07-04 10:41:25,6,8,2,绝对好的英语老师，本身就很敬业，人也超好，有一种开始重视英语的感觉，但上课还是很轻松的，最后成绩也比大英三有进步，大赞，觉得9.4几分偏低了。
82938,254,徐慧芳,2018-07-09 10:30:31,7,7,0,老师非常好啦，虽然乍一看有点严肃，但是相处久了发现老师真的非常善良，而且很负责，如果跟着老师走，会学到很多东西～
87880,254,徐慧芳,2018-10-17 00:27:59,4,4,0,超级喜欢这个老师的负责
88058,254,徐慧芳,2018-10-21 09:02:24,0,4,4,2.4路过。主要还是自己的问题吧。不过助教改quiz很严。全靠自学。上课主要是教你怎么用软件，怎么学英语比较理论的东西，英语知识寥寥无几，不过英语本来就不是通过上课就能学好的。
88357,254,徐慧芳,2018-10-29 10:02:45,2,2,0,老师人很好，口语超级棒
91562,254,徐慧芳,2018-12-13 08:44:38,-1,0,1,很有趣，\n\n
92743,254,徐慧芳,2019-01-07 09:41:14,2,3,1,现在是5:40 本来5:30下课的课还在同学发言 微笑
93721,254,徐慧芳,2019-01-12 09:49:17,4,4,0,挺棒的一个老师，超级敬业，作文都是亲自手改的，干货满满，上课虽然有些严肃，但是真的都是为了我们好，下学期还选了她，认真学，你会收获很多
94014,254,徐慧芳,2019-01-15 01:37:16,6,7,1,很用心的一个老师，我自己英语确实差，也没有按她说的去做，很是惭愧。下学期选不了她的课，很遗憾。最后一节课带来一大包零食，举行了知识竞赛。
94015,254,徐慧芳,2019-01-15 01:49:12,1,4,3,老师人很好，口语也很好。看起来很严肃，但其实是一个很关心同学的人。特别暖心！值得信赖。我开学因为大学生活不适应，频繁失眠，上课犯困，向老师“请罪”后老师表现得十分关心，还给出了很多相关的建议，推荐我去校医院啊别的什么地方啊，看一下。感觉是从那之后不久，大学生活开始正式步入正轨。非常感谢她。老师会鼓励我们多看书，多看原版电影，照顾好自己。课后会给我们很多她精心准备的补充资料…超级喜欢她啊。
94507,254,徐慧芳,2019-01-17 03:47:41,0,1,1,老师认真负责
95178,254,徐慧芳,2019-01-19 04:02:01,6,6,0,老师很可爱很亲切\n\n但感觉上课没有什么内容\n\n老师准备的很认真，但是大家都不配合，也无法配合。。。。。\n\n最欣赏的就是老师作文都改的很认真，很好。\n\n但是没感觉特别学到什么
95184,254,徐慧芳,2019-01-19 04:16:16,6,6,0,emmmmmn是一个好老师。很认真很负责。就是给分不太好。orz
95195,254,徐慧芳,2019-01-19 04:39:04,3,3,0,老师的口语真的超级好听 有发过大白兔奶糖和巧克力 是一个很温柔知识很丰富的老师 不用准备PPT不用个人展示 不过最后复习得超级认真 绩点还是有点低有点小伤心 只能说大家加油叭！
95358,254,徐慧芳,2019-01-19 08:56:26,1,3,2,老师很好，非常负责，就是上课发言恶竞严重（虽然期末才知道一次发言0.01最后都被四舍五入掉了）。给分非常好，有点出人意料。
96286,254,徐慧芳,2019-01-20 16:20:46,3,4,1,是很好很好的老师，很和善，会一本正经地来个幽默。闲事很少。听写不水的，但是平时好好背到了quiz和期末感觉会好很多。
96535,254,徐慧芳,2019-01-21 05:41:54,5,6,1,事少，就只有听写和作文（作文也没其他班写的多），但是听说下学期每周都会有听写！\n\n老师人很好，第一节上课还推荐我们看黄帝内经和菜根谭，对古典音乐非常喜爱，最后一节课是关于音乐知识的问答，还有糖吃。不过有时候会有不喜欢老师的说话方式的感觉。喜欢拖堂是真的，真的真的真的！！！\n\n给分一般，大英只能靠自己的能力！我英语本来就菜，也没有背过单词，被卡在3.3了……以后的同学加油吧！
97908,254,徐慧芳,2019-01-23 01:35:31,2,4,2,emm给分的话，很认真，每次的听写小测都会有公式算进平时分，上课回答问题有时候有糖吃诶，讲的干货很多，资料很多，但不会强迫学习，靠自己了。
99331,254,徐慧芳,2019-01-24 14:56:13,0,2,2,徐老师人很和蔼，有时候还会发糖给大家吃，在她的帮助下我的英语水平有了很大提高
99611,254,徐慧芳,2019-01-25 04:09:15,10,12,2,老师真的是非常负责了..不过这个学期老师教的大英3一百多个人里面一个4.8都没有啊..
103390,254,徐慧芳,2019-02-28 01:27:17,0,2,2,很认真的老师
104993,254,徐慧芳,2019-04-02 01:43:41,0,2,2,这老师真的不错 很认真
105181,254,徐慧芳,2019-04-06 12:38:16,3,5,2,徐老师真的挺好的，真的炒鸡认真负责
105224,254,徐慧芳,2019-04-16 10:27:06,5,6,1,如果你的大英三不是她上的，建议不要去选她的大英四，言尽于此
105308,254,徐慧芳,2019-04-11 08:04:01,-20,7,27,呵呵，自以为是，三观崩的稀碎，从小到大见过最恶心的老师，
108823,254,徐慧芳,2019-06-03 02:55:39,6,7,1,见仁见智吧，因为最后的分真的不怎么样，我们班两个90+的，上课感觉有点压抑，评论说的上课活跃，那些都是一两个英语大佬而言。
110258,254,徐慧芳,2019-06-25 06:14:39,1,1,0,很好啊啊
110913,254,徐慧芳,2019-06-28 13:57:30,0,0,0,今天就出了大英成绩，发现自己卡在了一个比较低的成绩。第一次厚起脸皮去向老师申请加一分。当然老师没有同意，虽然心里还是很失落，但是也明白是自己没有学好。老师说“如果可以调分，那要考试有什么用”虽然难过但也很有道理。老师上课非常的认真，课后分享资料也特别多，还是给出十分吧，感谢一个提醒了我接下来要好好学习的老师。
116843,254,徐慧芳,2019-09-16 12:49:54,8,13,5,挺负责，但是把河南称作偏远地区教育薄弱我真是理解不了。。。。
120577,254,徐慧芳,2020-01-13 05:51:59,4,4,0,当她关注班级这个群体的时候，她非常的一视同仁，会把大家都当做基础差的同学来做要求，当她关注个别同学的时候【hhh别想了她只会关注杭州的同学…英语基础ok并想要再提高但不是大城市出来的同学另寻他路吧…给9分，因为她负责任作文批改认真，一分扣在带滤镜看学生。
122333,254,徐慧芳,2020-02-24 09:03:53,2,2,0,很负责！
123639,254,徐慧芳,2020-06-11 05:15:21,5,5,0,俺来给徐老师提分啦~~超级认真负责的老师，在她的课上能学到超级多的知识，如果她发的文件能每个必看，肯定会在听说读写各个方面获得全面提升！
123885,254,徐慧芳,2020-06-15 17:40:03,2,3,1,超级认真负责，好好学，会有一个扎实的基础。而且给分不迷，很细化很清晰，付出收获成正比。也经常聊到一些生活上的事情，有启发。学过新概念3/4的同学会很轻松，没学过的同学现学就好啦。授课形式很丰富，真正关心学生的老师。（PS:老师的老公是金钟的学长，太巧了哈哈）
126437,254,徐慧芳,2020-09-27 00:14:27,-18,3,21,说话含糊不清而且经常说一些性别歧视地域歧视的话
129776,254,徐慧芳,2021-01-12 07:57:18,6,6,0,感觉老师挺好的，很耐心，并且努力地拉起每一个学生
130795,254,徐慧芳,2021-01-24 15:03:04,4,4,0,感谢老师捞我！
130799,254,徐慧芳,2021-01-24 15:28:13,4,5,1,谢谢老师捞我，我下学期一定好好学大英四
131399,254,徐慧芳,2021-01-27 10:51:42,0,1,1,还不错
137036,254,徐慧芳,2021-06-30 02:38:18,0,4,4,1.刚开始非常不喜欢，感觉很拘束和拘泥和古板，本人英语能力比较好，偏向于更多丰富的英语能力提升形式而不是古板地课文问答和课本填空还有语法练习。更希望有辩论赛，BBC新闻，还有英语的热点时事讨论等等。\n\n2.后来觉得可能只是不适合我个人，对于一些希望应试讲的多的同学或是希望巩固基础的同学，徐老师真的是不错的选择，即便有些枯燥乏味，但是坚持下去效果一定很好。
137297,254,徐慧芳,2021-07-03 03:28:36,3,4,1,有点古板，但是人还挺好的，qq消息什么的都很及时回，最后好好背单词拿了3.6，很满足了
144575,254,徐慧芳,2021-12-22 10:55:14,0,0,0,徐老师绝对是我遇见过的最负责任的英语老师，会教给你学习英语的方法，却不会逼着你去学。人真的超级超级温柔啊，首评献上！
144704,254,徐慧芳,2021-12-23 08:26:10,6,6,0,总体来说老师是很不错的，老师的口语并不是特别拔尖那种但是坚持课堂口语教学而且会在长难处翻译中文。老师最大最大的特点就是刀子嘴豆腐心，千万不要因为某一句两句老师说的好像很尖锐就觉得老师不好，她几乎能很快回复又很耐心回答你的问题。老师能因为我们作文上交率低而延期，平时作业基本拉分不大。可能最显著的缺点就是你们能看到的对比其他老师给分不算太高。。
144922,254,徐慧芳,2021-12-26 02:56:08,0,1,1,好老师，是想提升我们英语水平的老师，上课很有收获。并且好有耐心，我们问问题，或者上课回答即使冷场也都很有耐心。反正超级好，感觉我们这个班课堂氛围有点冷都愧对老师了哈哈。并且很负责，体谅我们，对我们没有帮助作业就不留，觉得我们写不完就可以延ddl，会给每个人评改作文几次。
146258,254,徐慧芳,2022-01-06 05:11:56,1,2,1,老师是位很负责的老师，真的很负责，不过平时分给的比较严格，总之肯定是一位好老师，考试前会千叮咛万嘱咐让你带备用电池
146458,254,徐慧芳,2022-01-06 15:13:28,11,12,1,徐老师真的很好！虽然大英是一门比较枯燥，比较难的学科，但是，只要你真的跟着老师在学，还是会收获很大的！\n\n有些同学会说她很像高中的老师……\n\n——的确，她的课上没有花里胡哨的presentation，有的“只”是听写、好几篇作文；没有十分漂亮的ppt，有的“只”是指导你如何把握段落的中心、如何理清脉络；她的课也总是点名，也不那么激情四射或是妙语连珠，有的“只”是让那些发音不大好的同学one by one读课文。\n\n但是，就我而言，我就很喜欢这种“高中老师”的感觉。课我的确有认真听，我的听力和作文感觉是学到了一些的，的确有了进步。真的帮到了我，我觉得就很好，我就很喜欢这种务实的感觉。\n\n而且，她人也很温文尔雅，说话也很和气，课上下来我觉得她也没有言语失当的地方。\n\n还有就是，不仅仅是徐老师的课，就我所知，很多大英老师的课，几乎有2/3学生都在玩手机。我觉得很不好。\n\n在大学，的确是没有人能限制我们自由了，但是，真的要学习、真的要上进的话，怎么能总是在玩手机而不听课呢？\n\n大英如此，其他学科也是如此。如果进而因为玩手机、因为没有投入课堂而获得了比较低的绩点就指责老师的话，是不是有些太过意不去了呢？\n\n以上是一点自己的牢骚话，我是真的希望包括我在内的大家在大学能好好参与课堂的，课下当然也得多多投入时间。英语就是一门这样的学科。\n\n大英要拿好绩点不容易的，徐老师不错的，可以放心，好好加油学才是王道！
146466,254,徐慧芳,2022-01-06 15:29:11,1,1,0,老师很有责任心，改作文很细致，最终成绩也捞了我一把，总之我现在很感谢老师，下学期还选上了您的课！
146997,254,徐慧芳,2022-01-08 11:01:41,22,24,2,徐老师是一位好老师，我来自西北不考听力省份，大学英语简直就是我的噩梦，但是徐老师会特别关注你的，私底下多和徐老师交流，询问学习方法，她qq回复很及时的，实话实说我的听力从刚来浙大compound dictation 从只能听1.2个空到期末考试只有1.2个空没听出来，提升的空间是很大的。老师会顾及到每一位同学的，而且很实事求是说大学老师薪资与写的课题数量之类有关，与学生成绩无关，让同学们自己重视自己。有一次作文批改我看见批改时间是晚上23.多，老师每一个单词都会给你看一遍的。\n\n不管怎么说，我对徐老师只有感激，期末考完见到徐老师，她笑着给我说我期末不会挂掉，虽然期末大英三2.4，但是我觉得已经很好了，千言万语凝结为浓浓师生情！
152157,254,徐慧芳,2022-03-29 03:55:27,2,3,1,拖堂严重，强制互动，就，很负责很负责
155192,254,徐慧芳,2022-06-09 07:26:29,0,1,1,很负责很敬业的老师
155269,254,徐慧芳,2022-06-10 04:09:15,2,3,1,老师很负责，虽然事情比较多但是她都会提醒你完成。有bonus，鼓励竞争，喜欢点熟悉的学生。如果你英语好且活泼应该很适合这门课。能真正学到东西
156784,254,徐慧芳,2022-06-21 03:04:15,0,2,2,很负责敬业（但是拖堂），平时分公开透明
161834,254,徐慧芳,2022-11-14 10:26:38,2,4,2,很负责认真的老师，改作文要求比较高，问问题回答快。上课有点沉闷无聊吧，还有这个老师的价值观和年轻人不太一样。
165072,254,徐慧芳,2022-12-29 07:33:53,1,4,3,唉，感觉老师有的时候挺没耐心的，有的时候说出来的话真挺伤人的
168850,254,徐慧芳,2023-02-23 01:35:32,2,3,1,老师总体上课是认真的。单纯从知识方面讲，只要平时上课认真，学到的内容是很丰富的。\n\n总体的给分是不好的。非英语专业的同学会把主要精力投在微积分、线代等专业大课上，放在英语备考方面的精力会减少。因为最后期末考试的占比0.6，所以平时分基本上拉不开，平时如果努力了，期末考没有再加油，还是会吃亏的。我想大概是这样的机制让大家好好训练考试应试状态吧。但是我还是希望能够调整期末考占比比例，增加平时分数占比，这样对平时努力、最后没时间准备应试状态的同学好一点。
174839,254,徐慧芳,2023-06-19 01:42:25,2,2,0,老师上课真的备课很认真，而且也会给同学们准备自己复习的资料，大英我觉得还是要看考试，成绩老师能捞的部分也很少吧，对比我大英三时候的老师，徐老师真的给我了对于英语的自信和希望努力学习英语的动力
175094,254,徐慧芳,2023-06-21 13:11:22,3,3,0,老师很务实，确实感觉能够有知识获得的感觉而不是在一直空空的拓展
175148,254,徐慧芳,2023-06-22 02:49:24,0,1,1,老师很负责，每个单元都会整理考点，复习单词拼写。但是这门课的绩点跟老师关系真不大，期末占比60%实在是。。。
175232,254,徐慧芳,2023-06-22 14:46:58,0,0,0,对于想水的同学不适合，老师超级负责，平时作业事情也不少，但是通过这些事情和老师的授课真正能让你的英语得到提升的，而且老师真的会特别特别认真地对待每一个学生。记得有一次pre，其实我也没大用心写，但是徐老师给我改的巨细无比，把每一处应该替换的更好的词语全帮我改了，当时还觉得挺惭愧hhh。大英四可能就是在老师不断小测的这种施压下吧，我可能英语也确实好了不少，我相对大英三还进步了，给分也是蛮公正透明的（毕竟大英都是自己考的）打十分！！！
175241,254,徐慧芳,2023-06-22 16:24:55,0,0,0,太感动了
175279,254,徐慧芳,2023-06-23 07:25:01,0,0,0,大英三和四都是徐老师，徐老师真的是好老师，非常认真负责，每个单元都会认真准备language points，上课认真听肯定是能学到真东西的。老师是比较传统的老师，比较喜欢点比较熟悉的同学。平时分占比40%，差距拉不太开，期末要好好准备。
175626,254,徐慧芳,2023-06-26 02:53:45,0,0,0,真的对学生很负责
178708,254,徐慧芳,2023-07-19 02:57:59,0,1,1,大英三和四都是徐老师，我觉得老师最后期末说的很有道理：我平时督促你就是在捞你。大英纯纯看平时付出和期末考试吧。徐老师的上课模式有点像高中老师，备课非常细致，尤其是language point让我受益匪浅学到了很多新知识。想要认真提升自己英语水平的同学可以选选看。\n\n给分：po小测基本都是52-56+13，平时分也挺好的，最后也就是4.2，4.5.看情况选择叭！
181136,254,徐慧芳,2023-10-09 16:32:56,3,3,0,在这里认识了我的nvpy\n\n啊不对 重点应该是老师上课真的很用心，强调基础 不管英语底子好不好都能有所收获。英语听力也词汇也会重点巩固！真心很感谢徐老师！收获了学习和爱情哈哈哈～
181153,254,徐慧芳,2023-10-10 06:21:07,3,3,0,超级负责，允许无故缺课3次，适合基础差的学生
185386,254,徐慧芳,2023-12-28 15:10:16,0,0,0,很好很好的老师，很负责很认真！！十分
186404,254,徐慧芳,2024-01-11 03:33:50,0,0,0,很认真，其他没了
186405,254,徐慧芳,2024-01-11 03:35:35,0,0,0,我们班给分超级好，快选
186406,254,徐慧芳,2024-01-11 03:36:08,2,3,1,绩点上4来评价一下 老师是很好很负责的老师 我们班气氛不太活跃有的时候会冷场 老师都会耐着性子引导我们 其次老师对于基础知识抓的很紧 可以看前面的评论——有一种高中课堂过渡的亲切感 我会喜欢这样的感觉 课后还会给我们总结language points 只要认真上课背单词背课文肯定会有满意的结果（我都没有那么认真地背）另外老师真的是刀子嘴豆腐心，如果被说了千万不要在意 老师并不会因此卡你或者其他的
186411,254,徐慧芳,2024-01-11 03:47:22,1,1,0,大一上 大英三 3.6\n\n非常好的老师\n\n1.讲的十分细致，语言点列的很清晰\n\n2.人比较和善，而且比较有意思\n\n3.会push，事有一点多，但是跟上就是真学到了\n\n4.课前会放生活大爆炸或者其他的英文片子\n\n5.圣诞节搞了特别活动，整节课都在听歌然后击鼓传花回答问题\n\n6.大英绩点应该都捞不太动，个人觉得给分正常
186431,254,徐慧芳,2024-01-11 05:08:56,0,0,0,好好好！神中神！
186589,254,徐慧芳,2024-01-12 03:26:34,4,4,0,大英3出分，绩点4.2，比预期高好多，超级开心！！老师很负责，干货满满（这也导致了略有点boring，和高中课堂差不多）但是可以学到很多内容，对于作文的提升是有帮助的！老师会在群里分享各种资料，多到看不过来，要啥有啥！平时发言或者pre会有bonus，但是加的很少，主要是帮你练口语，社恐也不会有心理压力。超级喜欢的一个老师！
190519,254,徐慧芳,2024-03-07 00:16:06,-4,6,10,事情确实多，给分确实一般，因为她就是这样的一个实事求是的老师。\n\n但是在课上暗示、鼓励大家内卷实在是让我恶心。\n\n\n\n希望卷王都来这里，给她评高分。
191093,254,徐慧芳,2024-04-02 09:39:32,0,0,0,徐老师人很好，很认真。
195660,254,徐慧芳,2024-06-29 09:45:33,0,0,0,徐老师虽然实事求是，但是上课干货多多，而且态度认真敬业，来上徐老师的课真的能学到很多东西。同时徐老师也很关爱学生，对英语不好的同学会特别关注，总之冲鸭！
197444,254,徐慧芳,2024-07-15 09:06:48,0,0,0,很负责的老师！
197465,254,徐慧芳,2024-07-16 06:35:37,4,4,0,大英34都是徐老师，老师非常负责，课下也可以多多交流——但你也要付诸相应的努力，大英嘛，很难捞。\n\n上课干货满满，可能有时候会冷场，但无伤大雅。\n\n高中英语黑洞两个4.2供参考。
198546,254,徐慧芳,2024-09-10 01:32:12,2,2,0,干货很多\n\n以及感觉老师真的刀子嘴豆腐心（大英四的时候还给以前的学生投喂资料呜呜呜呜呜呜）
199336,254,徐慧芳,2024-09-21 08:20:06,3,3,0,徐老师yyds！！！
203144,254,徐慧芳,2024-11-17 11:03:42,3,3,0,没得说，神
206039,254,徐慧芳,2024-12-13 03:42:30,2,2,0,非常好的老师！！！！强推！！！
206133,254,徐慧芳,2024-12-13 06:06:05,2,2,0,非常好
208466,254,徐慧芳,2024-12-28 06:34:19,2,2,0,好老师！没有需要课后准备的小组作业，而且非常关心学生，一学期下来能记住大半个班的人，虽然大英老师能决定的只有5分，但徐老师教的确实很好。
208764,254,徐慧芳,2025-01-01 12:54:22,6,6,0,徐老师是很好的老师，很耐心。做她的学生，有两次无理由翘课的机会。我第一次用在了去看秋天的西湖，第二次用在了生病上。很好的老师，可惜我今年因为一些事一直很怠惰，辜负老师这般的耐心体贴。\n\n老师还向我推荐了梅尔顿基金会以及一些实验被试的机会，我都去参加了。可惜梅尔顿基金会在最后一轮面试的时候被刷了。\n\n总之大家完全可以放心选择徐老师！\n\n新的一年，也祝福徐老师新年快乐🎉！
209164,254,徐慧芳,2025-01-12 09:48:45,3,3,0,老师确实是个认真负责的好老师！
209200,254,徐慧芳,2025-01-05 04:16:02,0,0,0,真的会捞人，很好的老师
209259,254,徐慧芳,2025-01-05 08:29:04,0,0,0,徐老师的大英三真的很好哇，干货多，事情少，反对无效内卷，给分明明白白而且挺高的
209291,254,徐慧芳,2025-01-05 10:47:31,0,0,0,人很好
211348,254,徐慧芳,2025-01-11 08:27:01,0,0,0,超棒 虽然我没认真学大英，但素老师人真的很好 最后卡着上了3.9
213193,254,徐慧芳,2025-01-16 09:07:20,0,0,0,老师很好，上课能学到很多，课后事情少
213945,254,徐慧芳,2025-01-22 02:35:53,0,0,0,10分
1169,271,何莲珍,2015-03-21 16:24:04,15,22,7,很棒的老师！
1261,271,何莲珍,2015-03-21 17:09:17,6,9,3,超级好，极大提高我对英语的兴趣
2170,271,何莲珍,2015-04-04 09:45:06,5,10,5,很好很强大。但是英语差的人真的跟不上
2425,271,何莲珍,2015-04-30 10:41:29,4,6,2,喜欢，游逛中西
8707,271,何莲珍,2015-09-24 08:18:35,-5,5,10,没满绩是我水。。从没背过书，全靠高中了。
14667,271,何莲珍,2016-01-08 07:57:04,4,6,2,如果对英文有一定兴趣，选他就对了！
16513,271,何莲珍,2016-01-18 09:30:24,7,9,2,超级赞，是我大学里遇到的最好的英语老师!
20021,271,何莲珍,2016-01-26 02:20:03,14,19,5,1.口语极好，一口纯正的RP. 2.极其注重学生output，耐心聆听。认真修改你交上来的每一篇writing 3.注重词汇的深度 4.人很nice
21133,271,何莲珍,2016-02-20 12:49:42,3,6,3,女神！
25521,271,何莲珍,2016-05-24 09:10:25,4,6,2,我女神
26131,271,何莲珍,2016-06-16 05:19:13,1,3,2,最棒的英语老师
27458,271,何莲珍,2016-06-26 10:12:21,0,7,7,给分坑
40180,271,何莲珍,2016-12-29 20:43:43,3,6,3,老师不但口语极好，而且很有博学的气质。最后的给分也算是很客气了，没拿到好看的分数是自己的问题。说给分坑的都是想水又想高分的。
42388,271,何莲珍,2017-01-14 06:04:40,2,4,2,老师上课很好，互动很棒，很风趣，课内外的知识都能得到提升
42400,271,何莲珍,2017-04-27 06:17:34,4,8,4,何老师是个非常博学的人，会在课上跟我们分享她跟不同国家的人交流的经历，会跟我们讲一些有趣的事情。课堂上会比较注意语言的背景，经常给我们讲有些词为什么这么用，以及相近意思的词分别在什么情况下使用才合适，对词汇非常重视。给分挺好，认真背书背单词，好好听她布置的作业并且按时完成，分不会低，想水水过的人还是算了。
42493,271,何莲珍,2017-01-14 09:38:33,4,6,2,超级超级超级棒，强烈推荐，女神~
43187,271,何莲珍,2017-01-16 03:03:42,2,6,4,老师不错\n\n但我被杀了(┯_┯)
45318,271,何莲珍,2017-01-19 10:09:56,-1,3,4,课不错，给分有点低，难满绩点
45847,271,何莲珍,2017-01-20 07:20:04,2,4,2,坐在第一座感觉老师非常棒～考得差但是下个学期还准备选她的大英四
46091,271,何莲珍,2017-01-20 15:06:18,2,4,2,老师超棒，真的特别负责，上课很有趣，人特nice，知道的东西很多，上课的时候都会share，口语很纯正，
49076,271,何莲珍,2017-03-23 07:52:23,1,4,3,老师讲得很棒，拓展的很多，口语也很流利。真的真的很喜欢何老师。
55407,271,何莲珍,2017-07-01 12:37:06,3,5,2,语言学讲的超好…上课放飞自我，可惜调去海宁小区了…不过接我们的马鸿老师也超级棒～
56334,271,何莲珍,2017-07-09 04:30:23,-3,5,8,大英四给分差(ಥ_ಥ)
56374,271,何莲珍,2017-07-03 15:11:17,1,3,2,很好\n\n
56900,271,何莲珍,2017-07-05 02:53:54,1,3,2,还行，讲真大英课学不到什么
80420,271,何莲珍,2018-06-26 10:12:34,18,20,2,恭喜副校长
80421,271,何莲珍,2018-06-26 10:13:29,6,8,2,何校长好
80447,271,何莲珍,2018-06-26 14:30:20,2,5,3,讲课方式很多元，课间给我们放老友记，十分严谨且又十分可爱的老师！上课收获很大，光听老师的口语就是一种享受！非常理解学生，课上课下给学生很多鼓励，作业都有很认真的批语，大学里还这样心系学生的老师不多啊，好好珍惜！
106991,271,何莲珍,2019-04-30 14:48:50,1,2,1,真正想要提升英语水平的同学必选，不水的课！干货满满！我是属于不注重分数的那种人，感觉真正提升英语交际能力才是最重要的~
129507,271,何莲珍,2021-01-06 11:41:18,2,5,3,体育都要正态？？可别搞正态了
191903,271,何莲珍,2024-05-04 10:31:23,-5,5,10,傻逼大英教材，强制订购还死贵，整本书几乎都是吊用没有的坤巴东西，最有用的就是那几页单词表；平时作业昏招不迭，以前搞了一个U校园，现在又来了一个傻逼慧学外语布置任务；课堂就是浪费时间，还一直提问阻止做别的东西，还不得不去，作业什么都多的要命，关键是任务过程化，但成绩可不这样（只符合学校要求的最低过程化考核比例），大头都在期末，真的还不如四六级辅导课好使。我日你妈个巴子，你麻痹的你建设这种逆天课，编这种逆天教材，小心等天收！
205925,271,何莲珍,2024-12-12 17:40:06,-5,1,6,慧学外语这种东西是真的脑残，大英本来平时事多的一批，30分的平时成绩被无限细分（不算口试期末10分所以是30分平时分），而大英课程组却毫不自知，继续搞出各种各样的花活为难学生。我是22-23学年上的大英，感觉大英烂事多这个问题几乎是有增无减的\n\n烂事多，难拿分，大英课程组在学生为什么扎堆选小语种课这件事上可谓是一直在发挥装傻充愣的传统艺能。逆天大英，沃柑私你德玛！\n\n而hlz作为大英教材和课程体系建设的主要负责人，应当对这个恶果负有直接责任
15681,276,李德高,2016-01-16 06:04:32,4,4,0,老师人挺好的
19593,276,李德高,2016-01-25 01:06:00,2,2,0,老师很好啊，给分也很好啊，萌萌哒
21409,276,李德高,2016-03-02 12:07:21,2,2,0,很好啊
25181,276,李德高,2016-05-07 07:11:57,2,5,3,一直点名...还喜欢讽刺同学...无语...
28171,276,李德高,2016-06-28 08:12:30,1,1,0,给分一般 一直点名 语法点说的不是很清楚
38405,276,李德高,2016-12-02 15:14:54,3,3,0,土豆老师，再会。祝您阖家幸福，美满安康
1790,297,李航,2015-03-25 01:48:47,16,29,13,很不错，成绩给的也很好。大力推荐，平时没啥任务
3308,297,李航,2015-05-30 04:41:52,48,60,12,上课不水，很好很难忘
11741,297,李航,2015-12-13 12:51:01,13,17,4,很好的老师
11774,297,李航,2015-12-15 05:25:26,0,2,2,真的是不错的老师
13054,297,李航,2015-12-24 15:59:03,12,15,3,炒鸡棒
13055,297,李航,2015-12-24 15:59:35,16,21,5,很好的老师，听写很少
13183,297,李航,2015-12-25 05:40:55,0,1,1,挺不错的
14270,297,李航,2016-01-06 03:26:05,1,2,1,老师上课很不错
15341,297,李航,2016-01-14 03:04:37,0,4,4,轻松愉快
15605,297,李航,2016-01-15 15:19:22,0,2,2,轻松愉快
15653,297,李航,2016-01-16 04:48:29,0,2,2,超棒～
15809,297,李航,2016-01-16 10:08:11,6,8,2,课上还是挺有内容的，词汇语言点都会讲到，作业很少（每次也不查，只是自己校对一下就行）给分一般
15955,297,李航,2016-01-16 17:02:12,7,11,4,上的不错，给分低
16376,297,李航,2016-01-18 04:03:36,6,10,4,上课挺有趣。可是给分不好
16765,297,李航,2016-01-19 02:38:44,1,3,2,影视赏析任务少 都按时认真做了但是感觉给分很低？？
20981,297,李航,2016-02-06 09:34:03,6,16,10,除了绩杀，其他都很好。。。
21102,297,李航,2016-02-17 07:53:58,13,25,12,上课轻松愉快。每次出分都挺快的。人很好。各方面都不错的，除了…绩杀(￣^￣)ゞ
21878,297,李航,2016-03-01 11:19:51,0,1,1,老师人特别好，讲得也很好，可惜自己没有把握利用好。
22459,297,李航,2016-03-06 11:33:37,0,1,1,高中英语课(ｰ ｰ;)
22530,297,李航,2016-03-07 12:03:22,11,18,7,2点几的大英，自己渣+绩杀
26875,297,李航,2016-06-28 00:00:07,0,1,1,老师很好，课堂轻松 能学到很多东西\n\n
27434,297,李航,2016-06-26 08:27:08,6,9,3,任务真的超级少，平时很轻松，还是要自己平时努力不然考试会砸绩点会低，比如我，要哭了
27456,297,李航,2016-06-26 10:02:48,0,3,3,自己太渣，绩点很低，但是课堂还是很棒的
27467,297,李航,2016-06-26 10:56:14,0,5,5,航航李人是真的很好，上课一点也不水，就是太讲究因果报应…给分给的太实在。大英四给了3点几，然而我之前的大英三4.8…
27468,297,李航,2016-06-26 10:56:18,0,4,4,平时感觉很好很简单，然后考试成绩真的哭了
27525,297,李航,2016-06-27 01:38:49,-20,4,24,我大英三5.0   大英四4.2……愈发想念宋云舟……
28744,297,李航,2016-06-28 13:48:16,1,2,1,老师真心好，讲的好，上课也很有趣，但是。。。。。。给分真心不好
29462,297,李航,2016-06-30 00:24:58,1,2,1,平时很闲的大英课，期末给分不公道！
31313,297,李航,2016-07-03 15:41:39,1,2,1,老师真的很好，课有趣，课后任务少。就是自己要多努力否则分数上不去QAQ不说了看着自己2.几的大英4
32454,297,李航,2016-07-07 02:30:07,2,3,1,平时作业少是真的。不过绩杀！quiz批改对助教的要求很严，光quiz就低了几分。背诵也严，和助教说绝不通融。上课没说过一句话的，参与分4.0，天天发言的4.5。老师还是挺实在的，上课还行，也很认真，氛围也还行。所以大家quiz认真复习，背诵不能侥幸，上课就水一点吧。我比大英3低一点点，知足了。
39655,297,李航,2017-01-13 13:42:45,16,19,3,绩点3.3? ? ? ? 但还是要打9分，是自己没好好学。
42058,297,李航,2017-01-29 00:13:10,5,7,2,上课轻松，给分低
42059,297,李航,2017-01-13 13:18:38,-1,2,3,老师认真负责，只是我没有好好努力
42065,297,李航,2017-01-13 13:30:56,1,4,3,老师真的很好，课一点也不水，，课后任务也很少，不管绩点怎样，上老师的课真的很有收获，就是自己课后一定要好好学，不然绩点可能不太好看。
42075,297,李航,2017-01-13 14:02:51,0,3,3,老师上课生动有趣，真的非常好，成绩不好看只能怪自己平时不够努力，以为专业课冲突了，下学期不能选李老师的课，真的感到很可惜。
42082,297,李航,2017-01-13 15:10:39,1,2,1,老师人很好
42092,297,李航,2017-01-13 14:34:49,1,2,1,课堂很好，成绩平淡，
42098,297,李航,2017-02-28 13:02:31,1,2,1,很温柔的老师啦，平时事情很少，作业只有课本后的练习，发言时很会鼓励学生，是个好人的感觉
42108,297,李航,2017-01-13 15:05:32,2,4,2,绩杀不说了
42120,297,李航,2017-01-13 15:22:24,0,3,3,老师很棒，有些课很有趣，其他的课堂也感觉会有些收获。
42269,297,李航,2017-01-14 03:19:28,12,17,5,绩杀绩杀绩杀！绩杀到怀疑人生\n\n自己英语一直不差，结果绩杀
42409,297,李航,2017-01-22 08:43:50,0,4,4,老师人挺好的，还是有水平的，平时事也不多，不过很多人说绩杀？英语这种东西还是挺靠自己的，反正我的绩点还可以 _(:з」∠)_
42564,297,李航,2017-01-14 13:02:11,2,5,3,老师很棒\n\n然而真的绩杀\n\n别抱侥幸心理\n\n真 的 绩 杀
44781,297,李航,2017-01-18 08:46:51,0,1,1,难忘的
47775,297,李航,2017-04-25 12:45:09,0,4,4,给分极差。
49700,297,李航,2017-04-24 11:48:58,2,5,3,刚开始我还不太相信老师是?杀 直到我的成绩出来…1.5分的通识课托福口语真的?杀 我甚至怀疑她会给挂科…
49727,297,李航,2017-04-25 02:19:33,5,8,3,平时好的没话说，但是真的?杀 ！我从未见过如此惨不忍睹的通识
49737,297,李航,2017-04-25 05:12:54,1,5,4,是真真的?杀。我上课的时候觉得自己的口语还可以的，没想到托福口语给分这么低，简直吐血
49746,297,李航,2017-04-25 09:49:56,-10,2,12,老师给了我98分，上课我都没怎么听过 但感觉讲的还不错 我也要给她打10分
49775,297,李航,2017-04-26 01:10:44,2,6,4,托福口语课很棒！因为班上人少所以每次课每个人至少一次回答问题的机会！老师很encouraging，好好学的话对口语很有帮助～
50065,297,李航,2017-04-29 05:57:34,-4,6,10,托福口语哪有那么绩杀啊？感觉我这种渣渣都能拿4.5还行吧，老师讲得真心不错啊学到了不少东西呀……
51530,297,李航,2017-06-07 03:16:18,1,4,3,老师啊………我按照你的要求认真练了，最后口语还是没上25呀，-0-......虽然你给成绩挺不错的…………
52699,297,李航,2017-06-22 07:53:06,0,1,1,非常好，老师给分不错哦，自己好好学肯定没问题
53003,297,李航,2017-06-24 15:10:51,1,3,2,老师讲的挺好的，上的托福口语，感觉口语提高了很多，但是绩杀是真的…通识课给分这样真的很烂，并且我觉得最后考试不公平，虽然的确是我能力的因素，但是每个人抽到的都不一样，难度系数也就不一样，我的那个听力讲的太快了，题目都很变态，并不能真实反应我的口语水平，很拉绩点的一门课
53013,297,李航,2017-06-24 15:45:36,6,6,0,托福口语！夏学期的课。真的在短短的8周内感觉学到很多，也感受到自己的进步。每周会布置最多2-6题的hw，下周上课开始会抽同学检查。2次quiz会告知范围，每次quiz一道题。总之只要像个学生应有的样子一样每周按要求完成作业及准备quiz，自己进步的同时分也就在了。final考2题，全靠一学期的学习以及自己的努力。老师很棒的！
53385,297,李航,2017-06-26 13:15:57,0,2,2,老师人挺好，事情也少，会带我们听听力，给分真的严。不过小测和期末考前多准备准备，绩点也还过得去，比去年大英三裸考绩点好多了orz
56279,297,李航,2017-07-03 11:26:29,1,1,0,人好给分差\n\n
58703,297,李航,2017-09-15 07:47:53,2,3,1,感觉认真学的话分数不会很。我大英三是李航老师的，满绩了。自己底子也没有很好，大家都是考来浙大的，底子也都不会差，还是在于自己认不认真，有没有好好复习吧。
61390,297,李航,2018-06-25 12:35:01,8,15,7,天。。。原先看到评论说老师绩杀。。但是我。。。托福口语。。。竟然。。。分数这么高。。。万万没想到。。万万没想到。。
61406,297,李航,2017-11-16 11:24:29,1,1,0,很棒啊，老师讲得很细的，也很认真～给分也很好啊，还是看学习态度咯～
63991,297,李航,2017-12-20 13:07:02,0,0,0,李老师很好，平时任务也不多，上课有趣，如果自己挂科一定是自己的锅。\n\n
66771,297,李航,2018-01-19 03:09:25,6,6,0,(托福口语)老师特别认真，作业都会仔细批改，一点一点列出你的不足。不过上课会抽人回答，基本上每节课都会被抽到一次，紧张得要死。最后考试发挥得一般般，但分数比我想象得要好~总之这是位好老师
66814,297,李航,2018-01-19 06:58:43,6,7,1,上的托福口语，从第一节课开始就亚历山大，每节课都点名答题，被点了四次……上课真的超紧张……期末考也很眩晕，但是给分还可以哎，我觉得断断续续的回答真的是很烂了，老师给了3.6。另外，老师人挺好的，nice，就是课程本身有难度。
67135,297,李航,2018-01-20 10:12:16,0,0,0,老师讲的还不错，托福听力的套路回答方法都会讲，上课练习也蛮多。那些说绩杀的一定都是4.5+的dl吧，但……确实绩杀(哭)，通识课咱就不能友善一点，太实在了，基本依据平时口语作业和期末考，一点一滴绩点在流失
67298,297,李航,2018-01-20 15:35:50,2,2,0,(๑•̀ω•́๑)虽然不知道成绩怎样，但很喜欢老师性格。
67385,297,李航,2018-01-21 05:12:25,20,21,1,超级喜欢李航老师的，扎着单马尾，留着刘海，看起来很年轻的呢。上课也是认认真真地讲，每节课都会叫很多人发言，也会很耐心地听我们讲，就算我讲的很不好她也会鼓励我very good，哈哈，喜欢她
67410,297,李航,2018-01-21 06:48:59,1,1,0,人挺好的
67412,297,李航,2018-01-21 06:54:08,4,4,0,大英4，老师上课挺好的，人也挺好的，有次我作文写迟了，超过24点，提交不到网上，后来直接跟老师说明原因，老师后来应该是手改的。。上课还提到说我们是不是经常熬夜，不知道是不是我的原因。。。平时分的话就那些个测试听写口语考试什么的，上课不用主动回答，老师会叫，然后回答不好也没关系，我感觉不是很重要，小测有一点要注意，虽然说会考到大英其他课本，就是自学的部分，但其实主要还是大英四，小测前复习不及的话先看大英四，然后第一次小测55，满分60，第二次我没看大英四看了自学的部分，42，然后期末考还是要考好吧。。虽然绩点不算特别高，看了上面的均绩也满足了
67474,297,李航,2018-01-21 09:36:30,2,4,2,老师人真的好，但是绩点被杀光?
67980,297,李航,2018-01-22 12:12:37,4,4,0,老师很温柔很耐心，回复邮件的速度非常快。申请以考代修，老师也马上同意了，给老师好评！
77183,297,李航,2018-05-03 11:33:27,2,4,2,托福口语课哪里有不点名的hhh，每节课几乎每个人都要发言。多练练就好了。\n\n老师出分也很快，我最后和大英一样，4.5，不觉得好? 勉强吧。\n\n老师真的很好
77365,297,李航,2018-05-05 05:56:46,1,1,0,老师人超好～很负责～看到前面同学说托福口语绩杀 我觉得没有 期末给分超好！ 虽然最后Quiz的时候有小紧张有点断断续续的还是给了4.8 平时认真上课认真准备肯定能有好成绩！
78438,297,李航,2018-05-12 00:15:43,1,1,0,老师超级认真负责！托福口语，只要你努力就一定会有所收获，不管最后口语能不能上23都想谢谢老师！\n\n
80946,297,李航,2018-07-03 03:19:33,1,1,0,挺好的，托福口语实测不?杀，但私下要多练一点
80980,297,李航,2018-07-03 07:24:11,0,0,0,托福口语 挺有收获 给分我觉得还不错？期末百分之50我觉得自己没有发挥特别好但老师最后给分挺高的
80982,297,李航,2018-07-03 07:27:41,0,2,2,说实话这种托福课程最大的意义或许在于督促自己去练习吧。校内老师对托福考试的专业性和针对性上还是比不上校外的培训机构。
81091,297,李航,2018-07-04 01:25:24,3,4,1,我爱老师！！！不急刹！！！人超好！收获满满就是自己不好好学
81129,297,李航,2018-07-04 05:56:13,2,2,0,老师认真的很好 上课和批作业都非常认真仔细 给我们的反馈非常详细 老师真的是很负责的人～最后虽然分数并不怎么好 但是是因为考试发挥不好的原因 客观的来说 托福口语真的是门很难的课了嘤w学到了很多
81220,297,李航,2018-07-04 10:41:19,0,1,1,老师人很好，就是托福口语上课挺累的，不过收获很多，给分不错
82517,297,李航,2018-07-08 11:36:40,5,5,0,只需要交一次作业，两次quiz会提前告知范围，期末只考两道题实在很舒服了 讲课条理清楚，节奏比较紧凑，会点人答题，难得的不犯困的英语课。
89187,297,李航,2018-11-16 11:47:12,10,10,0,【托福口语】非绩杀！老师的口语流利标准，人也很温柔耐心，在答题的时候会一直点头鼓励~有时候会在课间放英语歌的mv。每周会点六个左右同学录音交作业，我也就轮到一次。老师会写好评分和个别问题再哪里，等下一节课把feedback给你。总体很轻松，但是课上或许会被点起来答题，还蛮紧张。quiz前一周会给范围，两次quiz都只抽一道题考你，好好准备就可以，老师听完会指出你的细节问题，当然也会肯定优点的！最后的期末考每个人都随机两道不同的题，感觉自己太紧张了没有讲好，但老师还是微笑鼓励。刚刚(final后一周)看到成绩，比预想的好，非常感谢老师，觉得自己也没白复习ppt和练题。想锻炼一下反应能力和口语水平，或者有意向考托福的话推荐选李航老师的托福口语！上课内容都是TPO的题型训练(作业和考题也是)，不了解的话可以网上查一下再做决定(有些题型对听力还是有一点点要求的，但不高)。
89320,297,李航,2018-11-18 11:33:20,7,7,0,上的托福口语 上课时候会随机抽人回答所以可能会有点紧张 但是老师人真的很和蔼也很耐心负责所以不用被吓跑！最后考试感觉讲得不是很好但是绩点感人 认真听讲真的会有收获的555
92204,297,李航,2018-12-27 04:27:46,5,6,1,在这里偷问：老师是有日籍血统吗？？为何日语那么好？
94429,297,李航,2019-01-16 12:14:07,4,4,0,托福口语超好的课 老师讲的好 加上课后的练习 感觉进步特别大
95162,297,李航,2019-01-19 02:34:22,4,6,2,讲真，老师很棒，大一通核让我学到最多最多的课。它会强迫你努力，督促你用心。大学需要适当的压力。\n\n最后的考试几乎把所有TPO刷了一遍，比想象中的好。你真正努力过，绩点绝不会亏待你！
100041,297,李航,2019-01-25 13:09:46,2,2,0,综合英语 老师很好 关心学生 和蔼可亲 认真负责 上课一点儿也不水 不绩杀 自己好好对待这门课就ok
104229,297,李航,2019-03-14 07:27:30,1,1,0,我及格，你随遇
106649,297,李航,2019-04-28 15:41:26,6,6,0,我想说老师语音真贼好
110319,297,李航,2019-06-25 15:17:26,1,1,0,老师还是很好的
110527,297,李航,2019-06-27 09:40:36,2,3,1,老师上课互动比较多，吹爆老师的口语。虽然考试一点都不会，但是没挂，开心?
110542,297,李航,2019-06-27 10:27:40,1,1,0,好喜欢航航
120574,297,李航,2020-01-13 04:23:07,2,2,0,老师人很好的
125147,297,李航,2020-09-02 08:18:04,0,0,0,大英四，老师人很好，但真的绩杀
129447,297,李航,2021-01-05 12:17:38,2,2,0,大英4\n\n老师人很好，三观很正\n\n应该叫人情味很足吧，和蔼\n\n英语很标准，至少我听着很舒服\n\n课前会放生活大爆炸给你醒醒神\n\nquiz前还是要去嗯背单词的，不然会很尴尬
130158,297,李航,2021-01-18 08:01:59,2,2,0,综英I，李老师人很好。上课形式中规中矩，内容还是挺丰富的，经常会拓展开讲点其他的（课本内容也讲的不少。\n\n平时布置的作业，只要胆够肥基本可不写（但这课水不得，还是很硬核\n\nquiz只要考前突击一下ppt，就可以考的不错了。 还没期末考，希望李老师能捞一捞。\n\nps：最后一节课大家做performan真的超级有趣！
130568,297,李航,2021-01-23 16:25:19,4,4,0,老师超级好，因为大英四爱上生活大爆炸，可惜最后卡绩了，但不管怎么样，老师真的超级好～
131326,297,李航,2021-01-27 05:41:01,2,2,0,综合英语 老师口音真的超级好听，上课很硬核，干货多。上课多发言，表达自己的观点，老师都会很耐心地听并且夸你！（虽然我口语并不好且说的疙疙瘩瘩）期末考试和quiz只要好好复习看PPT就一定会有收获的！\n\n最后表白航姐！！！！
133329,297,李航,2021-02-25 17:01:00,0,0,0,感觉还行，不是很高，但是绩点没有评论的那么低。绩不绩杀我觉得不重要吧
133866,297,李航,2021-03-08 12:00:43,0,1,1,很喜欢李航老师的综英课。甚至早八都不会感到疲倦(｀∇´)
137250,297,李航,2021-07-02 14:14:45,0,0,0,大英4，老师说话很亲切，事情少，气氛轻松。很庆幸能选上李航老师的课
137275,297,李航,2021-07-03 00:56:59,0,0,0,好就一个字，我只说一次\n\n我只会用10分行动表示～
138340,297,李航,2021-07-08 14:32:24,0,0,0,绩杀可能有一些吧，但我本来就菜。最重要的是把我从对大英课的恐惧中解救出来，真的事少人好。
145467,297,李航,2021-12-30 01:19:17,1,1,0,非常nice的老师，上课会有很多讨论环节，想练表达的同学有很多机会，社恐也不要怕，老师很耐心
146089,297,李航,2022-01-05 12:35:04,2,2,0,老师真心不错
146098,297,李航,2022-01-05 12:56:56,3,3,0,作业少，口语好，讲课不瞌睡，以及感谢期末捞我！！！
146104,297,李航,2022-01-05 13:09:15,3,3,0,老师很好，上课氛围很轻松，英语剧本杀真是让人印象深刻。\n\n一直没有听写，直到第一次小测没考过隔壁班，提出要听写，结果因为疫情躲过去了。\n\n如果比较自律的，强烈推荐。自由地学英语\n\n利益相关，4.5
146156,297,李航,2022-01-05 15:00:21,4,4,0,首先，很宝藏的老师了！课前会放生活大爆炸，课堂氛围非常融洽，对大部分学生都挺爱护的吧，也非常关心每个学生的成绩，会非常恳切的请你背单词、背课文，来对付她的考试，也会非常明确的给你划出重点——但这也就说明只要你肯努力，给分绝对不低。我就因为太懒了吧，绩点3.6，但是老师真的很好！！！
146183,297,李航,2022-01-05 16:54:10,3,3,0,老师人真的很好，监考的时候一遍遍地提醒我们ab卷一定要填，提醒我们答题卡上55道选择题是不是涂满了涂清楚了，一次次提醒我们检查考号等等...\n\n老师批改作文试卷非常认真负责~
146217,297,李航,2022-01-06 01:53:38,2,3,1,卡绩。88 4.2. 但是人不错。 总评9分！
146297,297,李航,2022-01-06 07:12:31,2,2,0,棒，老师超级好呜呜呜，教的也很认真
146690,297,李航,2022-01-07 08:08:50,2,3,1,老师人超好！上课氛围轻松，想互动的同学有很多机会。作业少，事少，任务什么的也都说的很清楚，强推！（而且老师居然把躺的特别平的我捞起来了！太感谢老师了！）
149322,297,李航,2022-01-15 05:43:33,-16,1,17,李老师平时事情很少，小组任务基本没有（也很好准备），讲课也很有水平，不过要是不卡绩就更好了……（91呜呜呜）
151826,297,李航,2022-03-17 02:22:09,0,0,0,综英课。口音不错，挺负责任。但上课内容一言难尽，读课文，单词都是朗文字典上原词，适合去中学教书。
152412,297,李航,2022-04-09 12:25:26,-3,1,4,有点一言难尽，像在小学上课
155702,297,李航,2022-06-15 08:46:48,5,5,0,老师备课很充分，上课的内容讲解得很清楚也很负责，还有同学发言的机会不少。但我觉得可能是老师的性格吧，有点严肃，再加上综英内容比较单一，所以上课会有点沉闷。
156244,297,李航,2022-06-18 12:57:45,7,7,0,上午考晚上出分😂😂😂\n\n老师语言功底好扎实，上课可能没什么意思（可能是课程体系的问题），但是很用心！
156247,297,李航,2022-06-18 13:05:13,6,7,1,上的综英课，出分快，给分好，人也很好
161391,297,李航,2022-11-05 19:00:31,5,5,0,上的大英四，事少而且感觉也不到绩杀的程度吧…只有一学期两三次听写，一个学校统一的小组拍视频作业，平时作业做不做都没关系，老师不会检查。就我个人而言，上课几乎没听过，有节课睡过了也没请假，但是好像没怎么影响最后的绩点。大英还是把单词表背下来然后看看课文，把考试考好了最重要。老师上课还是很认真的，如果认真学应该可以学到东西。
162350,297,李航,2022-11-20 14:33:11,26,27,1,我一次上午第四节课下课后回去拿遗漏的书。12点多了，看见李老师在上了一上午课的情况下，还坐在教室里看书、备课。她说她近期腿脚不太好，不出去了，就在这等着下午2：15上课了。
164671,297,李航,2022-12-23 02:43:59,3,3,0,虽然还没出分，但是好喜欢lh老师，受到很多鼓励
165446,297,李航,2023-01-05 14:14:27,-13,2,15,很好的老师，认真负责，也很关心同学，能照顾到大多数同学。课堂干货满满，认真上的确收获不少。综英出分很快，最后4.5，有些遗憾。还是感谢李老师的付出！
166684,297,李航,2023-01-13 08:28:06,1,1,0,老师人很好，不会为难学生，有问题也会特别耐心地解答。\n\n上课可能有点无聊，但可能是老师性格以及课程设置的问题，认真听其实能学到很多的。\n\n关于给分，我和本专业同学都感觉比较偏求是，毕竟综英是需要考试占比的，基本上分数和考试成绩直接挂钩。考前认真复习（综英要背的真的不多），小测前好好准备，最后得分不会差的。
177493,297,李航,2023-07-03 12:36:18,3,3,0,特别特别好的老师，很尊重同学，课堂氛围很好，老师特别耐心负责，沟通起来特别可爱！这个学期因为李老师爱上了综英课，最后努力了成绩一定不会差的，最大遗憾是老师不开综英3，不然我一定第一个选！55555，必须给10分
184790,297,李航,2023-12-23 00:21:12,0,0,0,（大英四）老师很好，平时分基本都给满的，小测的作文也基本上能给14，但是我太菜了，所以绩点太低
186306,297,李航,2024-01-10 11:58:06,7,7,0,很好的老师！！大一上预置到大英四本来特别害怕，但是最后结果挺满意的。本人英语水平极不稳定，词汇荒漠口语废，上课提问时经常对话中卡壳，但老师很耐心很温和地鼓励我多说一点。课堂内容基本就是做听力训练（经常睡着）和讲解，讨论互动环节很多，有时候还有小游戏，老师课前还给我们放生活大爆炸。事情很少，长学期一次pre和几次听写（听英文默英文），以及作文训练和两次quiz。最后期末试卷难度不大，出分86，4.2 个人很满意！（因为背单词真的很痛苦hh）总之表白航姐呜呜呜大家都去选
186314,297,李航,2024-01-10 13:18:11,0,0,0,老师的英语功底非常好，上课发言比较多，但是一定不会让你冷场，而且非常非常捞！选上了就偷着乐吧
186353,297,李航,2024-01-10 14:56:36,2,2,0,老师人真的特别好，虽然看上去不苟言笑有点严肃，但其实内心是一个特别可爱的人。基本没有什么作业，上课也不会点名，如果有事情或者生病跟老师请假，一般情况下老师都会同意的，而且也不会扣平时分。大英这门课就是一门很求是的课，lh老师真的已经在自己能力范围之内最大限度地给大家提分了。好好上课，好好背单词，好好准备quiz和作文，成绩都不会低的。老师真的不绩杀，甚至在出分之后去问老师期末卷面分，老师还会很耐心地跟你讲哪里失分比较多应该怎么提升。平时上课会叫同学回答问题，如果不想回答，站起来之后说“sorry I have no ideas”老师也会笑着让你坐下的。lh老师真的特别特别好！遇到这么好的大英老师还不快冲！
188256,297,李航,2024-01-18 13:38:24,1,1,0,李航老师上课非常认真，口语很棒表达也相当流利清晰，很和蔼可亲，提问问题也会和同学互动循循善诱。而且老师人非常好，给了我很多帮助、肯定和鼓励。感激上了李航老师的大英四，这学期收获很多
188992,297,李航,2024-01-21 05:21:40,3,3,0,口语超好，为人和善，上课很认真，平时几乎没什么作业，长学期一次pre，给分极为不错（在有限的空间捞啊捞啊捞）。
189809,297,李航,2024-01-29 16:18:35,1,2,1,谢谢您，李航老师
194160,297,李航,2024-06-22 09:27:22,2,2,0,选李航老师真的不会后悔，老师人超级好，对待学生很用心；老师口语也很棒，最后给分也很好，真的像天使一样，拯救了我的糟糕的英语啊
207364,297,李航,2024-12-21 02:33:40,1,1,0,大英四，特别特别好的一位老师，上课很有热情，请人回答问题，给分也很温柔，慧学外语差一个以为自己做完了老师还专门发私信提醒，很负责，很认真。上课偶尔开开小差也不会责怪，留得作业很少，尽力用好书的每一部分，很推荐，狠狠爱了李航老师。
208218,297,李航,2024-12-26 07:48:21,1,1,0,真的好
209352,297,李航,2025-01-05 13:52:33,0,0,0,老师教学质量很高，对学生的要求不严格，课上互动也是温柔引导学生回答，而且平时分真的是能捞则捞！每次作文分几乎没有低于12分的。总之就是能遇上老师就偷着乐吧
209383,297,李航,2025-01-06 00:46:59,0,0,0,大英4，上课和给分都不错，冲就完了
209397,297,李航,2025-01-06 01:41:45,0,0,0,老师超级温柔真的超级好，我口语考试睡过了，她让我下午去补考，最后绩点3.6，哎，但是老师真的很好很好！我爱她！
209476,297,李航,2025-01-06 05:06:07,0,0,0,老师人很好很温柔，上课很有意思，点同学回答问题都会一直鼓励你，而且事少分高
209569,297,李航,2025-01-06 09:12:07,0,0,0,老师很负责，给分不错
209573,297,李航,2025-01-06 09:28:09,0,0,0,特别好的大英四老师！i人上课也不用害怕要主动回答问题，老师会自己叫人的，回答得不好也会鼓励和夸奖；平时作文一般都会给到14或者15分，真的有在尽力捞分了，只要好好背单词，重视quiz和期末考试，绩点都不会特别差的
209587,297,李航,2025-01-06 10:08:28,0,0,0,上课很生动，大英真的没有绩杀一说（算分方式独特）
209685,297,李航,2025-01-06 14:10:57,0,0,0,好老师！
210612,297,李航,2025-01-09 12:25:00,0,0,0,老师人好好，事情不多，而且上课说话语速合适，听起来很轻松
211534,297,李航,2025-01-12 01:25:44,0,0,0,老师很可爱很亲切啊!上课互动会比较多，平时的小测等等能给高的都尽量给高了。很认真负责，作文发下来的时候看到一整页的批改痕迹真的超感动
212417,297,李航,2025-01-14 03:24:38,1,1,0,老师非常好，努力活跃课堂让同学们都学到知识，相对于其他大英四的老师来说平时分给得也挺好的，而且课后任务很少，印象中就一个小组pre，总体而言玩得很开心，给10分\n\n当然大英四这门课本身纯纯抽象，算分机制差到老师再好都捞不回来，预置进来的大一同学们赶紧跑，去选大英三然后接小语种，千万不要逞强，我本人是浙江考生高考英语140以上，但是真受不了，大英四这门课是真的抽象
6611,323,王晓范,2015-07-16 09:54:35,13,14,1,很可爱的一个老师 喜欢课下和学生交流 有幸上过他的日语1 对发音纠正得不多 不过会讲很多有趣的日本见闻 还会带小零食发给我们
8009,323,王晓范,2015-09-16 12:37:56,7,7,0,萌萌的大可爱
8044,323,王晓范,2015-09-16 17:33:53,4,5,1,懂历史、地理和文化的老师，超棒，除了日语还能学到很多干货，老师好像是北大毕业的哦
11400,323,王晓范,2015-11-30 06:10:40,2,3,1,专业课课间和我们一起看费玉清讲笑话23333333
11444,323,王晓范,2015-12-01 10:36:48,1,2,1,我是蹭课的 想选却没有选上 很多选上的人却不来听 老师很温柔 有点心疼老师
18014,323,王晓范,2016-01-21 06:03:08,2,2,0,听老师讲课很轻松，也会补充一些日本的文化之类的知识，此外，也比较体恤学生，课后没有作业什么的，一学期就点了3次名。
19697,323,王晓范,2016-01-25 06:06:36,1,1,0,对于日本文化了解很多，上他的课很有收获。老师人特别好！
20513,323,王晓范,2016-01-28 04:01:37,1,1,0,男神男神 大学最喜欢的一个老师 跟其他教通识日语的老师比起来简直太温柔 上课也不会枯燥 会讲很多在日本的见闻或者日本文化之类
7360,324,卢燕飞,2015-09-14 03:34:31,-14,13,27,浪费时间的视听课程，老师很无聊，给分坑
9609,324,卢燕飞,2018-06-11 15:16:28,9,20,11,听BBC还是很有收获的
14585,324,卢燕飞,2016-01-08 01:17:45,9,14,5,老师很有气质，但考试貌似很难，给分一般
16632,324,卢燕飞,2016-01-18 14:43:16,11,21,10,反正我是平时不听新闻的反而觉得听一学期BBC很有进步，给分的问题如果自己考不好也不能让老师瞎给吧，毕竟试卷和平时作业都是留档的。这学期考试难易程度感人！
16916,324,卢燕飞,2017-12-27 07:27:40,37,47,10,老师好有气质！
17603,324,卢燕飞,2016-01-20 13:05:55,9,11,2,挺好的老师
18475,324,卢燕飞,2016-01-21 16:59:41,17,37,20,不是学外语的同学慎重(血与泪的教训)
25559,324,卢燕飞,2016-05-25 11:15:09,12,14,2,女神老师
29324,324,卢燕飞,2016-06-29 15:12:10,13,15,2,老师说话温温婉婉的很有气质
29577,324,卢燕飞,2016-06-30 04:04:56,-8,9,17,辣鸡海院非要我们选她的课！
29597,324,卢燕飞,2016-06-30 04:33:19,0,8,8,课是不错啊，很有收获啊，但是海院非得选，老师不能按照外院同学的要求来给分啊！
29731,324,卢燕飞,2016-06-30 09:02:09,3,5,2,老师人很棒，上课认真，很能提高英语水平。
29789,324,卢燕飞,2016-06-30 10:12:38,20,24,4,女神，很有气质，喜欢她的微笑
29886,324,卢燕飞,2017-12-26 01:32:53,-13,10,23,绩杀，平时的讲解基本没有字幕，靠自己平时的积累。上课积极发了好几次言，期末考试感觉也可以，收到有史以来最低绩点。多国英语视听说就是个坑啊！只适合旁听。
31489,324,卢燕飞,2016-07-04 03:22:52,-4,5,9,讲课很好，人很好，多国英语视听说课本身我觉得也不错。但是，一点师生情没有我也不敢想象会给这么这么低的分数。慎重。真的！
31534,324,卢燕飞,2017-12-24 07:30:37,-2,10,12,有史以来最低绩点
31551,324,卢燕飞,2017-12-24 07:31:09,-5,8,13,考试难给分坑
32124,324,卢燕飞,2016-07-05 16:19:11,3,7,4,老师很好，很认真。但是这门课成绩的话还是要看原来的水平的，靠上课这点时间完全不够（都是泪）\n\n感觉上过雅思托福之类会很占优势
32739,324,卢燕飞,2017-04-08 13:34:41,7,20,13,卢老师给了我史上最高绩点 楼下的自己反思吧 怨老师有意思？
35085,324,卢燕飞,2016-11-02 00:28:42,26,30,4,温柔又美丽的老师?
35345,324,卢燕飞,2016-11-09 01:57:54,21,30,9,很幸运今年英语视听赶上了美国大选，听力材料都很新鲜。但不得不说难度很大，也让准备出国留学的我们提前感受到了压力。老师很赞！
36084,324,卢燕飞,2016-11-10 11:56:08,11,15,4,老师很好，很耐心的回答问题，上课也尽量有趣（虽然电影是真的无聊），考试难度略高，不过比平时听力要简单，认真学肯定有收获，等待成绩忐忑不安中
36191,324,卢燕飞,2016-11-11 02:47:33,15,17,2,老师气质很好很女神 选的美国大选材料做视听课内容超有趣 虽然还不知道绩点 但是超喜欢她的课!
36578,324,卢燕飞,2016-11-15 03:21:38,2,3,1,啧啧啧
36607,324,卢燕飞,2016-11-15 05:06:38,5,6,1,老师给分很客观，考试主要看你原来的能力
36637,324,卢燕飞,2016-11-15 06:58:00,-2,7,9,纪念大学最低绩点呵呵
36654,324,卢燕飞,2016-11-15 07:58:43,-2,4,6,老师是好老师，英语特别好，特别有气质～但是高级英语视听是真的难? 创造?点新低……
36680,324,卢燕飞,2016-11-15 10:52:55,-2,3,5,老师人超好，但是不会条分，所以给分感人。。。
36739,324,卢燕飞,2016-11-15 16:30:39,0,5,5,人是很不错~上课的材料也很棒~但是这分数实在不太能接受……
42364,324,卢燕飞,2017-01-14 05:25:40,15,22,7,老师人非常好，温柔无比，讲解很棒，材料很棒，上完这个课感觉托福听力什么的都太简单了（侧面反映课程难度很大）。分数方面主要取决于个人的能力，所谓师生情并不是很管用
42390,324,卢燕飞,2017-01-14 06:08:15,4,7,3,老师人好，有修养，听力课很有趣，给分我感觉不错啊，出分的时候看到自己的分数吓了一条给得好高。。
42598,324,卢燕飞,2017-01-14 13:49:01,2,8,6,？？？这次考试比中级还简单，然后分打得也太高了！虽然我很感动 不过还是想提一下 出分的时候整个人看到均分 高到我都愣了23333
45247,324,卢燕飞,2017-01-19 08:06:55,9,10,1,我觉得老师还不错，还是个蛮温柔的人啊。正好赶上美国大选，感觉老师就是川黑2333。课程难度还是有的，毕竟外语课。分数高低主要是看个人能力吧，可能对于我们海院的学生难度会比较大？？反正海院的学弟学妹们加油啊，上课好好听有帮助的，期末还会考一半上课内容所以不要水过去了。
45583,324,卢燕飞,2017-01-19 23:46:02,2,3,1,对听力很有帮助！
48022,324,卢燕飞,2017-02-28 05:26:43,4,4,0,女神老师
48023,324,卢燕飞,2017-02-28 05:27:15,4,4,0,美丽智慧的老师
48030,324,卢燕飞,2017-02-28 11:41:53,5,5,0,材料新鲜有趣，讲解到位，良心课程啊！
48104,324,卢燕飞,2017-02-28 12:49:33,2,3,1,女神老师\n\n
52992,324,卢燕飞,2017-06-24 13:42:54,2,2,0,超级棒的老师，口音很好，女神～
53156,324,卢燕飞,2017-06-26 05:23:38,-7,3,10,上课很难。说实话虽然我听力也不是很好托福接近满分的水平，她上课内容我基本get不到。还有给分比较差，辅修课知道大概十个人的分数，没有上四的（微笑
53511,324,卢燕飞,2017-06-27 01:27:23,-6,1,7,自己考试把答案印上去 让学生一个个抄题目 提前炸你一下
53709,324,卢燕飞,2017-06-27 10:40:38,1,2,1,老师又不是故意的 楼上火气太大了吧 解决方法挺合理的啊\n\n\n\n老师的材料都挺有趣的 国际政治方面的比较多 平时没有什么事情挺轻松的 考试偏难～
55850,324,卢燕飞,2017-07-02 13:01:47,1,2,1,燕飞这次考试题目真的太难
56282,324,卢燕飞,2017-07-03 11:34:30,4,5,1,绩杀..难度大..非外院慎选
56321,324,卢燕飞,2017-07-03 13:14:42,12,13,1,上她的课会给我一种英语听力是永无止境的振奋，老师每次上课都给我们找外国原版的新闻和脱口秀听，和美国时事政治挂钩，蛮有收获的。这次期末考试爆炸难度，不过按我自己估算的分数相比，她给我的分数算不错了hhh
56347,324,卢燕飞,2017-07-03 14:16:21,3,3,0,每节课都有点名，但是老师很nice，听力水平靠自己课后练习，当然上课听老师讲解也是非常重要的。想水的除非英语本身很好，不然别选。
56377,324,卢燕飞,2017-07-03 15:19:19,7,7,0,超美丽超有气质的女神老师！很耐心，教的内容非常有意义！帮助非常大，感谢！
57188,324,卢燕飞,2017-07-06 03:00:14,7,7,0,今年老师终于不绩杀了233上课认真还是能学到蛮多的
57390,324,卢燕飞,2017-07-07 07:29:09,5,5,0,老师真的人超好啊！！成绩一份付出一份收获吧
61845,324,卢燕飞,2017-11-30 09:24:01,8,8,0,老师很好，考前听最近的BBC真的可以押中题！
62970,324,卢燕飞,2017-11-27 13:38:01,3,3,0,老师人很好，很有气质，讲课也超棒
63202,324,卢燕飞,2017-11-29 06:48:56,6,7,1,超级好的课，干货超级多，想学东西的同学可以选，想要水很难的。老师真的是让我对于浙大的老师重拾了一些信心。人也是超级有气质的那种。反正每次上课都是很开心，每周唯一开开心心上下课的课。
71417,324,卢燕飞,2018-01-28 12:02:03,5,5,0,老师 真的太好了！基础英语视听很有收获，平时上课也很轻松。超级有气质
71484,324,卢燕飞,2018-01-28 13:48:00,-23,1,24,基础英语视听I。老师有气质，发音好，堂堂点名。上课就是播材料讲解一下，帮助不大。考试挺简单，除了少数快到可以憋气听完的。就是6分钟英语还播5遍还6遍我也是醉了，第二遍就答完了贼无聊想睡
71580,324,卢燕飞,2018-01-28 15:44:10,9,9,0,让我想辅修英语的美女老师\n\n
71592,324,卢燕飞,2018-01-28 16:12:22,-6,3,9,呵呵哒
71609,324,卢燕飞,2018-01-28 16:38:54,6,6,0,卢老师特别有气质，上课中也会一直引导你听出每一个单词，给分也很nice。另一方面，就和之前有位同学一样，基础英语视听这门课让我感受到听力真的是无止境的。虽然自己雅思听力蛮不错的，但真正听BBC News时感觉分分钟被碾压?而且这还是基础的I啊...
71720,324,卢燕飞,2018-01-29 01:48:31,5,5,0,高级英语试听I，强推...非常有收获的一节课！一学期的训练后，托福听力宛如0.5倍速。干货非常多！老师人美心善...至于分数，英语课还是靠自己的
71740,324,卢燕飞,2018-01-29 02:20:20,3,3,0,老师很好，收获感觉很大，但是因为本身英语就不是很好，所以绩点不高，确实是自己的水平问题，但是本身选英语课就不是为了绩点啊，希望得到很好的绩点就不应该选这类型课呀，最后重述，收获真的很大，现在听托福都和0.5倍速一样
71757,324,卢燕飞,2018-01-29 02:46:46,8,8,0,楼上说考试简单的有点太没数了吧？！卢老师没有刻意出难题，反而降低考试难度是考虑到大家的绩点，她如果真正按预想难度出题的话整个英语系能上80的人也就是个位数，评论之前先自己掂量一下，别说这么不负责任的话好吧？卢老师是真的很想让大家学好听力，上课很认真，人也很kind，考试也为大家的水平做了很大妥协，如果真的没学好的话我觉得还是要在自己身上找找原因。
71840,324,卢燕飞,2018-01-29 04:21:27,1,1,0,上课常常会就一两段听力反复听，开始觉得有点无聊，过一个学期后把这些细节都听清楚对听力提高挺有帮助的，老师很温文，给分不错
72209,324,卢燕飞,2018-01-29 14:35:26,2,2,0,老师真的人美声甜，口语特别好听，基英考试今年比较简单，上课认真听还是很有收获，选高级英语视听还是要考虑一下自己的能力哈
72220,324,卢燕飞,2018-01-29 14:45:18,3,4,1,基础英语视听，给分好到惊喜\n\n
72318,324,卢燕飞,2018-01-30 01:54:31,2,3,1,今年高级英语视听也是很惊喜，最后考试很友善给分也很棒，其实我觉得老师上课给材料问问题讲新词的模式挺好的，除了丰富的材料，只说一学期的bbc听下来绝对是有提高的
73040,324,卢燕飞,2018-01-31 17:08:46,11,11,0,我不管，我要给老师表个白！【羞羞】其实不管是老师给听的santa baby那首歌还是看的电影爆裂鼓手 我都好中意 觉得可能?和老师是潜在的知己吧 只是在课堂上自己几乎不发言 坐的也比较远 老师不会留意吧 嘻嘻 还有喜欢老师的声音 头发 和侧头的笑
75711,324,卢燕飞,2018-03-15 09:33:40,8,8,0,超级棒的老师\n\n我认为是外院第一女神
80012,324,卢燕飞,2018-07-22 06:00:01,16,17,1,我想对那些觉得一段听力放好几遍很烦的人 说：你以为她想吗？还不是大家太菜了？要是大部分人一遍都懂了她何必放五六遍？自己菜怪老师你是认真的吗？
81072,324,卢燕飞,2018-07-03 14:04:38,2,2,0,老师很温柔！！！
89163,324,卢燕飞,2018-11-16 06:28:22,3,4,1,上的基础英语视听，感觉老师很温柔很优雅，上的内容也是从简单到难，贯穿整个长学期。
98439,324,卢燕飞,2019-01-23 12:52:04,-10,5,15,怀疑分高的都是英专的 很难 一学期下来上课不错但是其实听力水平不会有什么变化 要长进只能靠课外大量练习 师生情不存在的 辅修同学还是选陈艳华吧
99801,324,卢燕飞,2019-01-25 07:44:44,3,3,0,基础英语视听 今天刚考完就出分了效率好高 给分比想象的好很多！ 老师很温柔 上课很轻松 祝老师新年快乐呀～
101951,324,卢燕飞,2019-01-30 01:07:30,5,5,0,很温柔的老师！我是大一然后一不小心窜到海院学长姐的班级听课，体验不差。平时上课的听力大多常速，所以难度较大，考试比这个简单。我最后绩点4.2，虽然不是特别高，但是看到均绩只有3.3，没有满绩，就明白老师给分可能就不是特高（或者是我们考的也不好hhh）对听力还是有帮助的吧，建议英语能力略强的选，不然上课听不懂会一脸懵逼很无聊想睡觉的。下学期又选了她的课，英语不修就会不断退步啊QWQ
102425,324,卢燕飞,2019-02-01 19:33:39,2,3,1,弱弱地说一句 学习帝上的成绩分布不准的 老师给分还挺好的0 0
103900,324,卢燕飞,2019-03-07 06:06:16,5,5,0,口语好 温柔有气质 超爱老师der！！！
110556,324,卢燕飞,2019-06-27 12:32:41,10,10,0,上了老师一整年的高级英语视听，今天高视二考试结束了，很舍不得?（老师考完还和我告别了，带着她标志性的微笑） 。老师真的很美很有气质，一直都面带微笑，口音好听，温柔体贴，真的满足我对一个完美英语老师的所有想像( ˘•ω•˘ )非常幸运能报上英语辅修，跟着老师一个学期，不仅听力得到了长进（虽然还是菜鸡一只），更让我感受到英语的美。虽然还没出分，明天早八还有专业课考试，还是考完马上过来给个满分\^O^/
111120,324,卢燕飞,2019-06-30 02:27:29,3,3,0,老师很好 \n\n温柔美丽大方\n\n但是基础英语视听2期末好难\n\n但我还是很喜欢老师\n\n
113705,324,卢燕飞,2019-07-07 04:54:09,4,4,0,轻松快乐！女神老师！
114966,324,卢燕飞,2019-07-13 07:08:39,3,4,1,非常有帮助
137029,324,卢燕飞,2021-06-29 17:00:22,7,8,1,滿分滿分🥰老師的英語太好聽啦～明年跨校區也要來繼續選～
138648,324,卢燕飞,2021-07-10 06:00:10,8,9,1,卢老师人真的超好！但是我听力水平太低了…每次上课都好担心她抽我回答问题（虽然回答不出来并没有什么关系）。期末考试好难…第三个主旨题都没太听懂，但是给分比我想象的好，可能是有捞（也有可能我编对了）。总而言之就是很有魅力，很用心，课程内容很有趣的老师(⑉°з°)-♡
151615,324,卢燕飞,2022-03-09 16:32:08,7,8,1,女神级老师！选的听力素材都很有特点，上她的课时间不知不觉就溜走了，非常完美的享受！
190841,324,卢燕飞,2024-03-21 07:32:31,2,5,3,卢燕飞老师是我见过最优雅、知性的教师。上她的课不会有很强的push感，整体氛围是非常轻松愉悦的，即使是回答问题老师也会先让学生自己表达，但在学生遇到困难时又会适时帮助化解，这种上课状态真的爱惨了！遇到比较难的topic，卢老师会认真的课下把学生单独留下，挨个询问我们关于话题的想法，如果有偏颇会及时纠正并且给出新的建议。哇，已经成为卢老师的小粉丝~~~~英语课哪有大家说的那么可怕哇
199114,324,卢燕飞,2024-09-18 02:06:44,-3,2,5,918警钟声音这么大，明明知道是什么，还故意压过警钟的声音来讲话
202648,324,卢燕飞,2024-11-13 15:13:47,2,3,1,老师人真的不错，上她的课感觉非常包容，平时作业相比其他老师少多了，虽然我英语水平差。
215317,324,卢燕飞,2025-02-25 06:25:08,0,1,1,研究生来评价一下。外语系比较优雅，知性的一位老师。讲课有耐心，发音好听，对每一个提问的学生都有引导并不时以微笑回应，上她的课不会有很强的push感，平时的事情也少，基本就是课程组如何要求她就如何要求。
826,343,史烨婷,2015-03-17 15:31:29,21,22,1,听过课，感觉老师很好
5960,343,史烨婷,2015-07-10 04:29:06,41,41,0,老师是女神！上课很棒～
9587,343,史烨婷,2015-11-02 09:06:41,21,23,2,女神老师。法语真的很好听
15285,343,史烨婷,2016-01-13 09:51:46,10,10,0,下学期选了老师的课~好期待啊
17686,343,史烨婷,2016-01-20 15:43:39,15,16,1,老师很有趣很优雅，人超nice，超耐心。听她的课很愉快。给分极善。
19079,343,史烨婷,2016-01-23 08:14:31,13,13,0,性格超可爱！给分善良！
22078,343,史烨婷,2016-03-02 09:19:22,9,9,0,超级好
23019,343,史烨婷,2016-03-16 08:17:57,12,12,0,女神！说法语说的好好听～
23408,343,史烨婷,2016-03-29 04:26:49,11,11,0,很棒，老师法语很好听
23547,343,史烨婷,2016-04-05 13:29:27,8,9,1,超有亲和力 法语水平超高
32671,343,史烨婷,2016-07-09 05:58:28,7,7,0,老师超有气质的，上课很好，是女神。\n\n
36306,343,史烨婷,2016-11-11 15:07:40,31,32,1,觉得老师是林依晨+史努比 ；）
40626,343,史烨婷,2017-01-04 11:03:26,10,10,0,特别好的老师，法语很好听，最后一节课给我们放电影看
40646,343,史烨婷,2017-01-04 12:58:57,11,11,0,绝对的女神哦耶\n\n林依晨加史努比\n\n很中肯的评价
42017,343,史烨婷,2017-01-13 12:18:53,7,7,0,女神女神！！选了绝对不后悔！
42020,343,史烨婷,2017-01-13 12:24:48,19,20,1,老师每次说voila tres bien，\n\n我也想说老师voila tres bien!
42196,343,史烨婷,2017-01-14 01:09:40,7,9,2,【法语1】女神老师发音超好听，非常非常好啦，还能学到很多课外知识。考试的时候把内容都讲的很详细啦，也不用太多时间去准备。
45342,343,史烨婷,2017-01-19 11:38:25,4,7,3,女神老师~法语1讲得很好，还会拓展一下别的，但是个人觉得小不足就是法语1内容有点少…考试比较水，希望内容能更充实些，再多讲几个单元会好一些。
48593,343,史烨婷,2017-03-08 03:53:08,12,13,1,虽然老师不化妆但是气质超级棒！voila! tres bien!蹭了一学期的法语一每次上课都是听的入神听的嘴角上扬真是太棒了。
51773,343,史烨婷,2017-06-09 13:54:40,5,5,0,最喜欢史老师，是我想成为的样子。
55341,343,史烨婷,2017-07-01 10:18:45,2,3,1,很好的老师，出分好快
55483,343,史烨婷,2017-07-01 15:18:43,9,9,0,这学期印象最深的就是有一堂课同学做展示，下面有同学讲话好像一直挺大声，老师就很霸气地叫他们安静下来的。感觉这样的老师很负责，很有风骨。
55497,343,史烨婷,2017-07-01 16:02:48,8,8,0,棒棒棒!\n\n法语一3.3到法语二4.2的跨越，开心开心开心!\n\n上法语一以为老师已经讲课够清楚发音够好听的了，上了女神的课才觉得惊喜啊！真的上课特别清楚发音超级好听懂的特别多~么么哒么么哒么么哒
58145,343,史烨婷,2017-08-06 09:42:46,1,1,0,法语大类课，老师很可爱，讲课答疑都很用心，而且法语大类要求不高，只要认真复习分数棒棒
60048,343,史烨婷,2017-10-09 00:49:01,3,3,0,人很热情开朗 发音也很好 随和又女神从来不太发火 超级喜欢
64826,343,史烨婷,2017-12-27 09:06:26,1,1,0,女神！爱她！
65065,343,史烨婷,2017-12-28 12:29:16,3,3,0,超级可爱的法语老师，跟法语系其他三个老师一样可爱！每次上她的课特别开心！
66385,343,史烨婷,2018-01-15 14:59:37,1,1,0,女神啊
66386,343,史烨婷,2018-01-15 15:00:01,1,1,0,女神老师啊啊啊啊啊啊！！法语说的超好听超好听！！
68078,343,史烨婷,2018-01-22 14:41:10,7,7,0,听女神老师的法语课让我想要转去法语系，呜呜！！
71640,343,史烨婷,2018-01-28 23:26:09,4,4,0,史老师太太太太太太太赞了！超级幽默超级亲切，上课很轻松的同时会学到东西，她还会给我们分享很多法国文化～最后，感谢史老师给我评的绩点～
73031,343,史烨婷,2018-01-31 16:47:35,1,2,1,过来给老师表个白，嘻嘻
83524,343,史烨婷,2018-07-10 13:33:19,4,4,0,史老师真的tres棒了。虽然之后可能很难有机会再上您的课，但真的非常喜欢老师的课堂！过来留个印记，祝老师天天开心！，francois
118086,343,史烨婷,2019-10-21 00:40:20,1,1,0,特别好
120846,343,史烨婷,2020-01-17 19:13:37,1,1,0,好……
121451,343,史烨婷,2019-12-16 04:34:28,3,4,1,老师从来不生气...如果学生犯了错就会超耐心地教，也不责备学生...
131982,343,史烨婷,2021-01-30 01:03:56,2,3,1,呜呜呜呜呜呜我太i啦，史老师真的女神，人超级温柔，上课干货也多！
134528,343,史烨婷,2021-03-31 11:58:57,2,2,0,史老师是我永远的女神～超级有亲和力，特别会鼓励学生！心态特别小女生，是我见过最可爱的老师！
136653,343,史烨婷,2021-06-22 12:39:15,7,7,0,madame温柔有趣，讲法语好听，博学，上课的时候总是对你笑，我平时问她很多问题，她都一个个耐心回复，写论文的时候，不厌其烦地给我意见，帮我修改\n\n记得有一次我第一个进教室，开了空调，然后上课之后我有点冷了，我就去讲台旁边想关空调，然后她就说你关掉吧，过了一会我热了，我就把扇子拿出来扇，她又把空调打开了\n\n平时在班上观察到大家困了，她就会下课，她的观察力很好，但是如果我们没吃早饭吃东西或者是看手机她也不会说我们，虽然平时作业不多但是讲的很好，该有的都有了。大家迟到的时候听写没写她也直接就不会过去收，也不会说什么，今天我就是这样，但我觉得超级内疚，我再也不敢迟到了5555我觉得madame就像朋友一样，朋友圈对她也从来不会有权限，几乎什么都可以说可以沟通，她实在是太温柔善解人意了，把每个同学当孩子一样\n\n学法语的友友，珍惜她的每一节课
136896,343,史烨婷,2021-06-28 01:27:44,3,4,1,明天就口语考试了，给史老师来个十分🙏之前您说会时不时来看看大家怎么夸您的，那您赶快看到我这条然后明天高抬贵手放我们一马吧5555555
152869,343,史烨婷,2022-04-21 04:37:36,5,6,1,iiiii婷婷老师，je vous aime très bien!
154800,343,史烨婷,2022-06-05 13:25:48,4,4,0,史老师浑身散发着人格魅力，上课总是挂着笑的，特别亲切
155498,343,史烨婷,2022-06-13 14:36:03,5,5,0,太喜欢老师了！！没有你我怎么活呜呜呜
156020,343,史烨婷,2022-06-17 06:48:04,3,3,0,不多说，Madame je vous aime😚
156077,343,史烨婷,2022-06-17 11:29:41,3,3,0,选的法语I通识，老师真的好，外专业之前从来没学过法语感觉也上得很不错，不仅讲课好而且很平易近人，最后考试也不难，平时好好学了成绩肯定不会差的。
156510,343,史烨婷,2022-06-20 06:06:15,3,3,0,史老师我滴女神，活泼俏皮，美丽可爱，声音好温柔啊，感觉什么知识点经过老师一讲都变得有趣生动起来
159877,343,史烨婷,2022-09-07 13:20:50,5,5,0,嘿嘿。。。我的女神。。。嘿嘿。。。
161007,343,史烨婷,2022-10-23 16:25:04,3,3,0,很喜欢Madame，讲法语真的好好听，后悔当初上课没好好学wwwwww
162219,343,史烨婷,2022-11-18 02:04:53,1,1,0,好好好！
168431,343,史烨婷,2023-02-16 08:14:17,2,2,0,太女神了啊
174196,343,史烨婷,2023-06-07 08:14:00,4,4,0,女神老师!很活泼风趣，声音很悦耳，作为外专业的学生真的狠狠爱住了
181614,343,史烨婷,2023-10-24 08:39:02,6,7,1,直接10分，没什么好说的，比法语1另一个老师好太多
182498,343,史烨婷,2023-11-16 14:43:53,3,3,0,虽然法语不太好，但是很喜欢老师！
184826,343,史烨婷,2023-12-23 07:28:09,3,3,0,史老师特别棒
185707,343,史烨婷,2024-01-03 16:02:52,3,3,0,tres bien!
186883,343,史烨婷,2024-01-13 11:02:23,6,6,0,voila！tres bien！！！女神！！！！！
187695,343,史烨婷,2024-01-17 07:11:22,3,6,3,呜呜呜其实感觉上课蛮认真的，但是给的不是非常好
195289,343,史烨婷,2024-06-29 05:04:14,4,11,7,课有点水，给得也不是很好，考试在没有提前说明限时也没有定闹钟等形式提示时间的情况下说了几句话被直接没有说明任何原因的情况下打断，这点确实做得不是很好。一个班基本上没有上4的。
195826,343,史烨婷,2024-06-30 06:13:23,4,4,0,🥹🥹🥹
197506,343,史烨婷,2024-07-17 17:39:16,-6,12,18,看到她的很多好评都是二外同学给的，然她在一些专业课的表现实是令人汗颜。法语口译课主要靠放广外老师讲口译的视频+讲述自己的事迹，那么请问为什么我不直接去广外学呢？\n\n法国电影史作为其研究方向讲得也是乏善可陈。\n\n此外到稍微进阶一些的课堂（指基础法语2），她在阴阳性、词义等方面的小错误频发。\n\n其余在科研项目指导、回答课余问题上，让人感觉也是十分的随意。（很多行政问题不知道其实可以不说，没必要随便说）\n\n\n\n个人觉得她在专业课上的表现放到许多私立外语机构可能都会受到诸多投诉，也是感谢ZJU为她们提供了一方庇佑之所吧。
200121,343,史烨婷,2024-10-13 11:16:08,3,5,2,merci！！！！
200122,343,史烨婷,2024-10-13 11:16:53,-12,1,13,不给我小测过气死我了
210426,343,史烨婷,2025-01-10 04:12:13,9,11,2,je t'aime Madame!\n\nJ'ai de la chance que tu me donnes des cours!\n\n女神是我的专业课老师，讲话很温柔，性格很可爱，发音标准动听，上课让我们读课文的时候纠音也很细致，除了书本内容以外，还会和我们分享自己读书时候的有趣经历，前段时间举办的法国电影主题活动让我很想选法国电影史，虽然一周一次的听写让我很震撼，但确实有用，按照女神说的方法去复习，期末考果真成绩不错，希望四年都能上女神的课，Merci beaucoup!\n\n满绩回来补一句话，爱女神
210786,343,史烨婷,2025-01-10 02:58:44,6,7,1,特别好的女神！！！！我要追随女神一辈子！！！！
211114,343,史烨婷,2025-01-10 23:06:45,6,6,0,老师超级温柔超级可爱！！！而且会鼓励你！老师讲法语的时候非常优雅也很好听，课堂也很有趣，真的符合我心目中对大学老师的理想模样，必须打10分！
218876,343,史烨婷,2025-05-10 08:55:06,3,3,0,遇到她是我十八岁最大的幸运，因为她爱上français 爱上zju 爱上浙江的水土\n\n非常有气质非常有才华非常有情怀的女神老师，而且对待我们无比温柔耐心。真的是十八九岁的年纪里能想到的以后最想成为的样子了 女神❤️
220738,343,史烨婷,2025-06-19 11:53:47,2,2,0,女神伟大，无需多言
292,367,周星,2015-03-15 00:24:28,26,29,3,老师见识很广学识渊博，人也很可爱
1238,367,周星,2017-08-28 07:37:57,48,54,6,周老师和蔼温柔 简直女神
2395,367,周星,2015-04-28 12:47:54,19,19,0,老师简直温柔，各种提醒也很细心，而且好年轻啊。。。。。。女神
5629,367,周星,2015-07-08 17:39:08,5,6,1,给分地道
7918,367,周星,2015-09-16 06:26:33,16,16,0,讲的特别棒，特别温柔，满喜欢的♥
12382,367,周星,2015-12-23 07:11:23,9,9,0,女神，么么哒(^з^)
12415,367,周星,2015-12-23 08:32:23,0,1,1,→_→
12624,367,周星,2015-12-23 15:52:15,5,7,2,女神啊！！人超级好，上课也很有收获，很年轻很漂亮！
13025,367,周星,2015-12-24 14:17:56,13,13,0,非常棒的老师
13371,367,周星,2015-12-27 10:38:37,5,6,1,可水可听，老师真心不错
13427,367,周星,2015-12-28 03:39:40,7,7,0,超级棒的老师！
14073,367,周星,2016-01-04 05:58:29,7,7,0,真·女神
15827,367,周星,2016-01-16 11:23:05,4,4,0,很温柔的老师～课讲得好……虽然我水，助教人也超好，给分也很好( •̀∀•́ )
15863,367,周星,2016-01-16 12:40:06,0,5,5,我只想说，，，认真背过单词了嘛，结果分这么低，桑心(ಡωಡ)
15971,367,周星,2016-01-17 00:57:27,3,3,0,好喜欢女神啊～
16145,367,周星,2016-01-17 10:05:53,2,2,0,简直女神
18815,367,周星,2016-01-22 14:52:24,6,6,0,从来不听写
19982,367,周星,2016-01-25 23:41:29,6,6,0,超级认真负责！
20029,367,周星,2016-01-26 02:41:43,5,6,1,女神！！给分超赞！不只是写作还会传授人生经验
20935,367,周星,2016-02-04 09:57:13,3,3,0,周老师绝对是女神，温柔可爱，讲的内容比较有意思，很愿意听学生的观点，鼓励学生，而且特别体贴，每次考试前都会很仔细地讲解题型。
21550,367,周星,2016-02-29 07:05:35,16,16,0,超赞的，人又和蔼，上课轻松，事不多，给分又地道！上课经常会说do you remember吧啦吧啦的，人很可爱！
23404,367,周星,2016-03-29 03:01:49,3,3,0,女神\n\n
25502,367,周星,2016-05-23 15:35:58,9,11,2,老师人很好的，又和蔼，讲课也很棒，不止讲课内的，课外的讲的很很多，特别关心我们。会记住我们的一些特征和说过的话，有时候会冒出一句，“你们记不记得xxx很会画画”，”记不记得xxx在什么时间说过“，总之很好啦！绝对是女神！
26725,367,周星,2016-06-21 03:30:21,7,9,2,周老师居然五十多岁！如此年轻！心态也很年轻！超喜欢！
26947,367,周星,2016-06-22 00:49:17,2,2,0,满分！
27490,367,周星,2016-06-26 13:54:04,2,2,0,很关心学生，经常把很多关于对外交流的信息给我们，考试的时候特地给我们准备了铅笔和橡皮防止我们忘带…
27501,367,周星,2016-06-26 14:45:44,1,1,0,人特别好~~\n\n
28761,367,周星,2016-06-28 14:09:19,3,3,0,听她讲讲一些国外的事挺好的，不听写，测试都比较水，会有小组作业
29825,367,周星,2016-06-30 11:12:43,1,1,0,好老师。
34203,367,周星,2016-09-28 09:46:36,2,2,0,不可思议
35015,367,周星,2017-01-16 13:58:39,4,4,0,爱周老师不解释(ฅ>ω<*ฅ)
40169,367,周星,2016-12-29 15:45:35,2,2,0,周老师  下学期给我补选  女神\n\n
40590,367,周星,2017-01-15 14:41:02,2,4,2,给分...真的杀到我了
41952,367,周星,2017-01-13 09:41:37,1,1,0,老师特别温柔，而且很有耐心～
42366,367,周星,2017-01-14 05:30:11,1,2,1,老师超级超级好！但是这个学期非常不好，100分我扣助教90分，剩下10分评给老师！给分不仅超级好，而且还对我们很好！想学好英语就要自己非常自觉！这样一定很棒
42425,367,周星,2017-01-14 07:50:37,-1,1,2,老师超女神！！！关心同学，给分超好！！！不过助教太严肃…但评卷子还是客观的。
42553,367,周星,2017-03-04 01:29:48,7,7,0,很亲切
43001,367,周星,2017-01-15 14:42:04,2,2,0,女神！超级棒！\n\n
43243,367,周星,2017-01-16 04:33:14,2,2,0,非常棒的老师
43287,367,周星,2017-01-16 05:25:42,1,1,0,外院最女神！！超级温柔通情达理问问题也耐心解答 虽然写作课每次要学的东西要花上一个月很痛苦 但是认真去写老师给分非常好的 写的过程碰到问题也可以去让老师帮忙的啊
43413,367,周星,2017-01-16 08:29:26,2,2,0,给分赞赞赞\n\n女神好好好
43750,367,周星,2017-01-17 02:24:37,2,2,0,老师居然50多岁了！根本看不出来！\n\n太棒了！满分！！
44935,367,周星,2017-01-18 14:32:26,2,2,0,老师人很好，上课也很好，但是给分太直了。
53300,367,周星,2017-06-26 10:17:46,3,3,0,超棒的女神级老师！?
53372,367,周星,2017-06-26 12:57:16,1,1,0,有趣，完全不会走神，女神就是女神
53381,367,周星,2017-06-26 13:04:47,2,5,3,老师很好，但是给分太差了...大英四均绩3.09 建议不是英语大佬还是谨慎选择吧
53705,367,周星,2017-06-27 10:38:08,3,3,0,上课不错，给分太差了，拉低绩点惨不忍睹
53736,367,周星,2017-06-27 12:27:08,2,2,0,为什么不调分？\n\n
53738,367,周星,2017-06-27 12:38:33,1,1,0,给分有点低哦
59931,367,周星,2017-09-28 09:48:20,1,1,0,温柔，喜欢讲些小故事道理。会讲出一些干货，上课有点慢，容易带跑话题。
63479,367,周星,2017-12-05 02:23:10,0,0,0,真的好，为学生着想
64810,367,周星,2017-12-27 08:10:39,0,0,0,能学到一些有趣的东西，虽然经常扯开去，但是蛮有用的啊，喜欢周老师
65820,367,周星,2018-01-09 10:42:56,0,0,0,享受呀
66529,367,周星,2018-01-17 07:35:31,0,0,0,开朗随和，温柔亲切，一口优雅的英音，会分享很多旅游、出国以及日常生活中各种tips。完美！
67278,367,周星,2018-01-20 14:51:31,0,0,0,温柔到炸裂 事情很少 算好处也算小缺陷吧…
67529,367,周星,2018-01-21 12:25:39,0,0,0,开心，老师叫人回答问题，超棒的
68136,367,周星,2018-01-22 15:38:34,0,0,0,温柔 不听写 喜欢分享自己的经历
70274,367,周星,2018-01-26 10:31:09,2,2,0,周老师超级温柔！经历丰富，知识水平高（但是！上课节奏比较慢，知识点常常讲不完。其实没什么大不了的毕竟大英都靠自学和考前突击。上课舒服最重要，所以还是很爱周老师的！
71092,367,周星,2018-01-28 02:48:25,2,2,0,上课舒服。
71222,367,周星,2018-01-28 07:14:02,2,4,2,本来以为自己要挂，居然满了，谢谢周星老师！老师真女神，上课很舒服，可以说，大二上唯一学到点东西的，就是周老师的写作课，虽然事情有点多，但是认真做，会有好结果！
71277,367,周星,2018-01-28 08:32:51,4,4,0,不枉我无数夜晚挣扎在各大数据库和文献里检查自己有没有cheating，英语写作3是大二上最有收获的一门课，老师非常亲切而认真，虽然要求严格但是认真做真的满足感极强，给分也极好！一学期的均绩都被拉高好多嘻嘻！
71282,367,周星,2018-01-28 08:41:57,2,2,0,真的是超级好超级好的老师啊～本学期真正学到了东西的课，认真写review，得分一定好。大爱，笔芯老师
72214,367,周星,2018-01-29 14:40:03,0,0,0,我才不会告诉你们周老师是出高考卷子的呢。(｡･ω･｡)ﾉ英语写作3.很有收获。
72311,367,周星,2018-01-30 01:35:00,1,1,0,周老师很专业人也很好，写作三不可错过，不仅接触了学术写作也被她感染了严谨诚实的意识，给老师点赞
72778,367,周星,2018-01-31 05:22:59,1,1,0,女神 我爱你 虽然大英三很差。。。怪自己两次小测都gg 大英四没选上 哭戚戚 老师不听写 大佬们自己背
73043,367,周星,2018-01-31 17:23:20,0,0,0,【英语写作3】这门课的教材很棒 认真读会在学到怎么写英语文献的同时 被它逗笑的 笔调很温情！！哈哈哈\n\n老师很负责 写作1的作业错发到老师邮箱 老师还重视了 给课堂添麻烦 很抱歉(￣O￣;)\n\n这学期一篇书评一篇文献综述 每一次任务都像渡劫 好在最后还是过来了 给自己点赞 哈哈哈吼吼
73256,367,周星,2018-02-01 08:44:11,1,1,0,女神！！！大英四竟然没选到她的课，很伤心。。
74053,367,周星,2018-02-04 14:43:32,0,0,0,谢谢老师
74726,367,周星,2018-03-05 09:22:14,0,0,0,超级棒的发音！
80144,367,周星,2018-06-20 13:54:14,0,0,0,真的很棒！！绩点不高是因为她真的是严格按照你的努力给分的！！你做的多分绝对高！绝对不瞎给分！女神！！~
123339,367,周星,2020-06-04 03:45:55,0,0,0,和蔼可亲
6035,374,潘洵,2019-01-08 05:53:08,3,22,19,潘老师讲课很好，至少我觉得比什么张向荣好多了，咱们不玩那套虚的哈～
9715,374,潘洵,2015-11-05 06:43:35,11,11,0,老师很温柔
12152,374,潘洵,2015-12-22 05:52:32,3,3,0,小班授课 听老师讲课非常有趣～
15221,374,潘洵,2016-01-13 00:51:03,4,7,3,虽然老师每节课都会点人回答问题，但是他绝对不会刁难同学，而且他能记住每个同学的名字，这让我超感动！
16006,374,潘洵,2016-01-17 03:06:16,8,9,1,好老师  比看上去温柔多了 哈哈
28994,374,潘洵,2016-06-29 05:33:48,3,3,0,这个老师很温柔，挺可爱的
30033,374,潘洵,2016-07-01 00:12:20,-14,6,20,老师能记住每一个学生的名字，人也很好。但是给分一般，日语水平差强人意。
31604,374,潘洵,2019-06-27 04:45:51,16,17,1,潘老师人很好，虽然经常叫我们回答问题但是也经常和我们讨论一些问题，很像一个朋友……但是！给分很实在???不要指望蒙混过关拿个什么逆天分数，喜欢日语的还是可以去上的
39825,374,潘洵,2016-12-28 02:07:52,3,4,1,老师讲课内容挺详细，会放电影、日本的新闻，听课还是很有意思，有机会还会选老师的课
40782,374,潘洵,2017-01-05 12:01:17,76,79,3,老师的真名叫夏目贵志
41869,374,潘洵,2017-01-13 06:01:32,11,11,0,这老师上课很认真，人也非常好，总是会给我们看一些新闻电影啥的，偶尔也会给我们讲一些有趣的故事。虽然每节课都会请人读课文回答问题啥的，但是从不为难人。给分比较公正。。还有出分特别快。。
41874,374,潘洵,2017-01-13 06:37:39,9,10,1,这位老师是一个有责任心的老师，读单词课文段落有点僵硬，主要是读太多遍了...但是不失幽默，强日1前几节课比较无聊，后面会给我们看新闻、段子、电影片段等，看完会问一些小小的问题。讲单词的时候会引申拓展，能学到很多东西。我没有上过其他日语老师的课，无法横向比较。如果你肯花功夫，学日语其实很简单。潘老师出分很快，一个晚上就够了。拿到比较满意的分数很开心，祝老师新年快乐。
42319,374,潘洵,2017-09-26 00:37:12,3,3,0,老师很好很温柔 我每次坐在前排睡觉都不管我（x）给分挺好哒 上课有点无聊是真的…读三节课_:(´□`」 ∠):_
43116,374,潘洵,2017-01-15 17:47:04,-1,2,3,人好给分一般，估计完全考多少给多少
48366,374,潘洵,2017-03-02 10:46:17,-5,6,11,老师读音太鬼畜了\n\n自带促音 消失的浊音等等\n\n介意慎选
51356,374,潘洵,2017-06-01 13:02:46,0,2,2,讲课文太快了，一篇比较长的课文三四分钟就讲完了，有时会跟不上
53905,374,潘洵,2017-06-28 03:53:08,7,8,1,上课还可以，但有些发音太奇怪了   比如ぶ总是发成ぼ
54062,374,潘洵,2017-06-28 10:39:59,1,2,1,一般般吧，有时讲的太快，唉
54065,374,潘洵,2017-06-28 11:05:06,2,2,0,老师的课挺好的 互动性感觉挺强的 大神们应该很喜欢 课上会看小新闻 大概是为了给我们练一下视听说吧 感觉老师还是有点幽默的
54361,374,潘洵,2017-06-29 07:38:19,1,1,0,强日每堂课之前会放些新闻，挺有趣的。
59946,374,潘洵,2017-09-29 00:57:00,1,1,0,第二节课的时候就能叫出好多人的名字了，感觉有点暖。视听说的课程还是蛮有趣的
65344,374,潘洵,2018-01-03 07:12:04,0,0,0,很可爱的老师哈哈哈哈哈。讲课比较灵活，能学到东西。（第一条评价笑死我
68761,374,潘洵,2018-01-24 00:08:00,8,8,0,猫咪先生
68773,374,潘洵,2018-01-24 01:16:34,0,1,1,好老师，最后成绩比想象中高不少
68826,374,潘洵,2018-01-24 02:46:12,2,2,0,视听说考试很轻松，都会是平时听过的东西，考完第二天大早就出分了，老师能把每个人的名字记住有点厉害，总之一门比较愉快的课～
68919,374,潘洵,2018-01-24 05:58:47,0,0,0,诶，感觉比强日更难，我听力还是太烂了。。
81105,374,潘洵,2018-07-04 02:40:27,5,5,0,这个学期上视听说2一直告诉自己要抱着“不计较成绩，锻炼一下”的心态，虽然最后听力还是辣鸡，但也确实感受到了提高，那就足够了(虽然最后绩点也很满意了)? 潘老师真的是一位有浓浓师生情的老师，平时都让大家请假也会关心学生，考试有等迟到的同学好久(虽然这种行为不能直接说对错，但师生情是真的)。上课最触动的是他给我们看塑料袋污染海洋影响生态的视频，看完说自己其实是环保主义者，上课带着的塑料瓶也已经用了一个月。所以期末也考了这个视频竟然有点“意料之中”的感觉(虽然这一块根本没准备)。
81152,374,潘洵,2018-07-04 07:24:52,2,2,0,视听说2是听N2听力，没想到跟N3跨度这么大，第一节课完全听不清说的什么，幸好后来适应了。老师人是真的好，出分也很快
83129,374,潘洵,2018-07-09 21:39:59,6,6,0,潘老师比他看起来温柔有意思的多，一般晚上考完早上六点多就出分了，给分比较求是，但说实话只要认真准备视听说并不难
83497,374,潘洵,2018-07-10 12:23:09,3,3,0,上了潘老师的日语视听说1跟2，成绩都比较满意的，定番是课前看一集夏目，学期最后一堂课看看长片，上学期看了情书，这学期本来要看德川家康或者海洋纪录片的。很有趣，老师人也很好，虽然语言课不可避免地要挨个儿提问复述，但答不出来老师也不会怪你，鼓励为主。   很有人情味，期末考试的时候如果有同学没准时到，老师会让大家先等等，人来了或者实在不能等了再放听力。( ˘꒳˘ )
94658,374,潘洵,2019-01-17 14:49:57,1,1,0,喜欢！
94691,374,潘洵,2019-01-18 01:02:21,1,1,0,一晚上就出分简直惊呆我！？
94697,374,潘洵,2019-01-18 01:26:42,6,6,0,好好好好 老师人不错 做重要的是给分好啊 4.5+有30% 满绩都有10% 强日一是这样的 其他不知道嘻嘻
94699,374,潘洵,2019-01-18 02:01:14,0,0,0,感谢潘洵先生留我狗命呜呜呜呜呜 先生人特别好 平时分基本上都会给满 只要不是最后几节课的点名都不到 考试卷出得特别有师生情 我知道先生已经很努力把卷子出简单了！先生出分很快！一觉醒来就出成绩了！再次感恩潘洵先生！
94722,374,潘洵,2019-01-18 03:05:28,4,4,0,潘老师太温柔了给分也太好了呜呜呜\n\n日语小白一早起来看到成绩都哭了呜呜呜
94723,374,潘洵,2019-01-18 03:12:56,1,1,0,老师真的太好了 期末只要认真复习课本 日语小白如我也能拿高分✌ 谢谢老师！
94734,374,潘洵,2019-01-18 04:12:41,5,5,0,强日一，老师炒鸡儒雅啊！最后交卷的时候给每位同学说谢谢，很多时候都是商量、和同学们讨论的语气，炒鸡平易近人惹。前一天晚上考试，第二天中午就出分，给分也很感人了。
94753,374,潘洵,2019-01-18 05:08:51,2,3,1,老师的给分给分太感动了~\n\n本来以为要凉了\n\n继续上老师的强日2一定要好好加油呀!
95166,374,潘洵,2019-01-19 03:04:44,1,1,0,老师真的超可爱！上的强日1，平时分基本给满，考试也不难。考前还让同学不要担心，说他肯定不会为难我们～真的好喜欢啊啊啊！
95192,374,潘洵,2019-01-19 04:29:59,2,2,0,非常温柔的老师，出分真的好快！感觉平时好好上课，期末好好复习，就可以拿到好分数的～
104399,374,潘洵,2019-03-19 14:36:03,16,17,1,花好月圆，扑灭小火，先生提前下课说赏月！
109672,374,潘洵,2019-06-18 08:56:38,1,1,0,看了一下说塑料瓶的那位…23333\n\n他前几次课上说已经用了半年了\n\n（看起来换了塑料瓶了√）
111733,374,潘洵,2019-07-02 16:35:17,0,1,1,你们知道吗 今天晚上考的试 今天晚上24:00我看教务网就老师就已经登了成绩 如果不是教务网出bug成绩出不来 现在已经出成绩了。。。都不用你睡醒。。。
112594,374,潘洵,2019-07-04 21:16:31,2,3,1,老师上课前会放夏目哦，日语零基础(不看动漫日综)姐妹也能满绩！！！考前通读课本即可
112678,374,潘洵,2019-07-05 00:13:46,3,3,0,强日2.......哭了
113661,374,潘洵,2019-07-07 02:24:23,1,1,0,学了强日12 潘老师真的非常温柔 人真的太好了（暴哭
115513,374,潘洵,2019-07-31 04:43:57,-3,0,3,潘先生人很好。我没上强日I，直接上的强日II，上课前的基础是假名+简单汉字。上课过程中感觉有点吃力，但认真复习了，最后91。
118207,374,潘洵,2019-10-23 02:48:12,3,3,0,…听不懂
124508,374,潘洵,2020-07-02 07:14:18,5,5,0,讲课质量个人感觉其实不如自己找些学校外面的专业老师，奈何给分好啊
137360,374,潘洵,2021-07-03 12:28:19,0,2,2,老师超好的，期望最后自己也能有好成绩！
150669,374,潘洵,2022-02-11 06:55:18,0,1,1,好喜欢老师的上课方式，对学生特别友善，而且知识点讲的也很细，手把手从零基础开始教学，给老师满分！
156494,374,潘洵,2022-06-20 04:11:47,0,1,1,老师人太好了55555！真的0基础日语小白，虽然也没有认真学，但是真的有被老师包容到，感谢老师！
197959,374,潘洵,2024-08-21 16:30:26,-4,1,5,研究业绩减分
210914,374,潘洵,2025-01-10 06:37:05,1,1,0,呜呜呜呜老师你是神呜呜呜呜N6水平日语小白选课时头脑一热手指一戳误入日语专业课强如怪物拼尽全力无法战胜期末考试也写的一坨结果居然被捞及格了呜呜呜呜
5069,378,何文忠,2015-07-06 06:39:11,11,20,9,又水又坑，期末想死
6643,378,何文忠,2015-07-17 02:36:29,24,49,25,期末事情挺多的，但是认真做了给分还是不错的。
11667,378,何文忠,2015-12-09 16:04:47,24,32,8,只能说事情怎么那么多
11724,378,何文忠,2015-12-12 18:07:42,13,23,10,作业简直特么太多了，不是每个人都有那么多空去认真做你的作业的谢谢！！
12214,378,何文忠,2015-12-22 10:52:10,13,17,4,作业太他妈多了！而且都是毫无意义的作业！
13999,378,何文忠,2016-01-03 12:39:51,1,10,9,讲课很有意思啊，自己不好好听课不好好做作业怪别人咯
14552,378,何文忠,2016-01-07 14:35:31,4,8,4,何老师上课还是很有趣的，喜欢语言的同学可以听听。不过作业的确很多，上课之前就要做好准备，只要不拖延，早点做好，还是会有结果的。
14572,378,何文忠,2016-01-07 16:39:50,5,8,3,呵呵呵呵呵呵
15047,378,何文忠,2016-01-11 16:21:23,19,28,9,还没得到分的人客观说下，觉得老师很有能力，讲得是真不错，属于很学术的类型吧
15162,378,何文忠,2016-01-12 09:27:36,4,8,4,事多，但讲的不错。论文字数作业内容之类的要求可能一学期都在变，专用论文模版可以在最后一节课突然出现。。。总之努力搞清他的要求吧。。。
15238,378,何文忠,2016-01-13 02:45:17,13,17,4,沉浸在自己世界的老师，当代语言学一门2分的课要求过多，辅助党心很累\n\n
15676,378,何文忠,2016-01-16 05:53:02,3,8,5,有意思，作业认真点，老师看的其实是你的态度，老师在语言学方面相当厉害\n\n
16129,378,何文忠,2016-01-17 09:05:00,41,46,5,上课好玩 但是你能不能不把所有事堆到期末说！
17703,378,何文忠,2016-01-20 16:09:49,26,32,6,人温温的，讲课有趣，学识堪称渊博。还曾经撞见老师拿着相机拍紫金港，据说摄影很棒，从ppt就可以看出审美很好。不过还是要吐槽，期末赶作业确实差点要了老夫的命
18115,378,何文忠,2016-01-21 07:54:14,8,12,4,事情非常多，量远超2学分。不是专业的学生但是最后给分非常好，只要认真地写了论文。而且这门课帮我打开了语言学的大门~
20744,378,何文忠,2016-01-30 16:53:27,1,2,1,一般啦。
20755,378,何文忠,2016-01-31 04:01:27,0,3,3,老师上课很有体系，信息量挺大的，收获很多！
20942,378,何文忠,2016-02-04 14:57:37,3,8,5,老师还是讲得挺好的，作业虽然有点多，但是用点心成绩还是很好的～
20944,378,何文忠,2016-02-04 20:21:45,5,8,3,语言与社会才开的 作为小白鼠心真的痛到无法呼吸
20956,378,何文忠,2016-02-05 11:45:12,2,6,4,很喜欢语言与社会这门课！有兴趣然后选了这门课。上课很有内容，可以做做笔记。随堂测就是考平常上课的内容，发现和笔记的内容都差不多。只要认真听了就有收获。
20972,378,何文忠,2016-02-06 02:17:27,7,9,2,讲课挺好的，给分不好
20977,378,何文忠,2016-02-06 06:50:47,2,5,3,语言与社会，课很有意思，作业也有点多，给分还行的。
20997,378,何文忠,2016-02-09 05:55:47,2,5,3,不错，就是给分太慢
21389,378,何文忠,2016-02-28 12:42:40,1,5,4,辅修课当代语言学，虽然最后给分好，但还是不得不说作业太多了！关键是到最后一节课才说清作业要求也是。。。要求也是一变再变
21668,378,何文忠,2016-02-29 13:33:43,4,7,3,他的课来不来听不听他都不会点名不会管。平时是没什么任务，期末就呵呵了。给分也不好！
25879,378,何文忠,2016-07-04 01:30:28,18,24,6,认真做作业分不会低的～但是比较善变和堆到期末，要上这门课的，期末一定要留够时间
28149,378,何文忠,2016-06-28 08:09:59,7,9,2,讲的内容还可以，学识渊博，可是作业期末论文的事情一个字不提，到期末才说，搞得人赶ddl要疯啊
28488,378,何文忠,2016-06-28 09:23:38,2,7,5,人少就点名。作业对到远超学分的水平。非专业必选，慎选！三个字，作业多。\n\n还有他的作业要求也总是云里雾里的。
28556,378,何文忠,2017-02-23 06:20:24,13,20,7,老司机666 天天开车
28637,378,何文忠,2016-06-28 11:21:36,2,6,4,文忠老儿，作业太多，套路太深
31301,378,何文忠,2016-07-03 15:14:49,9,11,2,收获与付出完全不成正比 再见
32341,378,何文忠,2016-07-06 07:38:53,2,6,4,上课还可以，但是期末真是要人命啊。期末论文要求直到考试周快开始了才说清楚，两学分的课期末有4000+的论文，1000+的小组综述和一个笔记本量的读书笔记，人送外号“何四千”。非必修请慎重考虑。
36330,378,何文忠,2019-03-12 03:04:41,-2,15,17,真的不怎么样 总是一副很高傲自己懂得很多很了不起的样子 浙大知识渊博的老师少吗 就是没见过他这样的
40728,378,何文忠,2017-01-05 07:07:45,8,11,3,真的是很博学的老师，认真听会有很大收获，对学生也很好，虽然有一点自负吧，但这样一来，作业得到他肯定的时候更有成就感了，最后一节课本来想水作业，听他讲整门课程总结忍不住想要记下这些干货
41397,378,何文忠,2017-01-11 09:02:12,0,4,4,这老师...新开的语言与社会，翻来覆去讲那几个案例，想听但是就不能多找点案例么...期末事一堆，也没有什么用。
45434,378,何文忠,2017-01-19 14:20:43,11,14,3,语言与社会读书笔记要是认真看书并早点写的话其实并不算多，研究报告与论文也都是小组一起做。认真听的话收获还是挺大的，期末绩点感人啊直接拉高均绩。最后就是希望老师课上多点互动。这门课并不可怕！！
45437,378,何文忠,2017-01-19 14:23:27,5,6,1,老师上课内容还是挺充实的，个人作业读书笔记，小组作业PPT，调查报告，大论文，认真写绩点出乎意料的高啊！
45445,378,何文忠,2017-01-19 14:34:44,3,3,0,我觉得老师人很不错啊。是真的有干货!作业的话，早早准备还是可以的，做小组论文，大家的协作能力也提高啦。最后分数给得好，我觉得是大家共同的努力和浓浓师生情!在这里表白我们小组全体。比心。
45446,378,何文忠,2017-01-19 14:35:28,3,4,1,语言与社会：老师会很用心地讲课，准备好玩的语言案例来调动气氛，作业什么的楼上已经讲的很清楚啦。关于绩点的话，可能是因为对这门课认真对待所以期望比较高，所以最后看到绩点的时候有点失望吧（躲不过被正态的命，不过据很多同学反映老师给的绩点还都是不错哒
45466,378,何文忠,2017-01-19 14:56:21,0,1,1,上课比较系统，信息量还不多，就是作业要求不是很清楚。读书笔记是最喜欢的一次作业，非常有收获，估计大家更多了解语言学。绩点挺正常的
45604,378,何文忠,2017-01-20 00:27:56,4,5,1,老师其实讲的非常好 非常博学 语言与社会其实是很有意思的 如果你认真听课的话会有很多收获和感悟 遗憾的是我到最后几节课才明白这个道理\n\n自己很水 没有怎么听课 但期末的小组作业和读书笔记认真做了 老师给分好得出乎意料 比心老师
45610,378,何文忠,2017-01-20 00:42:08,3,5,2,老师讲课挺认真的，涉猎很广，作业认真做绩点真的很好看的！
46360,378,何文忠,2017-01-21 10:47:43,3,5,2,老师其实课上的很好，很有水平，认真听会很有收获，语言与社会这节课也挺有意思的。就是期末的时候要完成小组论文和ppt还有个人的读书笔记，表示都不是很清楚老师的要求是什么……
47326,378,何文忠,2017-01-25 08:58:52,0,1,1,语言与社会，认真写报告做展示最后给分不错，上课有干货
47627,378,何文忠,2017-02-09 05:21:49,8,8,0,点过一次名，今年第二年开课比第一年好多了，期末作业提前一个月左右就说了，要求不明确的一定要单独问老师问清楚，作业做的认真给分也很棒
47747,378,何文忠,2018-09-16 15:40:46,21,29,8,老师我要 吞没 你 顶我上热评
48629,378,何文忠,2017-03-08 15:04:57,2,5,3,感觉其实老师讲的东西挺有意思的，老师人也很好，给分也很好。作业第一节课有讲，虽然后面没有很强调，但是其实大部分作业平时做一做不拖到最后也没有太多啊。不清楚作业其实可以多问下老师的。给分真的挺好的，有点后悔平时没有更认真地听
48955,378,何文忠,2017-03-19 03:16:00,5,5,0,66666
48987,378,何文忠,2017-03-20 16:47:40,2,2,0,可以的
48990,378,何文忠,2017-03-21 02:12:18,7,9,2,给分差…
49145,378,何文忠,2017-03-27 14:20:08,0,2,2,信息堆积
49295,378,何文忠,2017-04-02 23:57:38,11,13,2,感觉很认真了，绩点还是没上3
56123,378,何文忠,2017-07-03 06:20:12,3,4,1,现代汉语给分太坑了。虽然老师知识渊博，但感觉在给分上除非有新意有创造性的观点，否则很难拿高分。
56294,378,何文忠,2017-07-03 12:16:09,0,3,3,现代汉语:太水了，感觉上课啥也没学到，真的想学这门课的同学还是去选中文系开的吧。\n\n上课可去可不去，期末的话我个人觉得考试不难，考前一两天把书都过一过，理解一下，期末开卷。不过考试时间是紧的，所以书一定要熟悉。这门课平时完全没事，所以给分基本上取决于期末，好好准备高分可以有。
59023,378,何文忠,2017-09-19 06:53:44,10,13,3,语言与社会很好玩，让我产生了对语言学的兴趣，虽然期末是要求比较迷……但是老师自己学识真的渊博，会很多门语言，总之还是不错的！（有次电脑烂了开始点名hhh）有读书笔记比较多但是自己平时就抄抄喜欢的书也不错啊（要和课程有关，不然他会吐槽你）
60177,378,何文忠,2017-10-12 06:40:41,3,3,0,老师很渊博也很有趣呀 知识面超级广 btw希望期末可以放我一马…………
64988,378,何文忠,2017-12-28 06:36:07,10,11,1,学识很渊博 很有学术成就的老师 真的很喜欢他 作业其实平时都按时写并不算多_(:з」∠)_虽然我也补得很累… 好好听课一定会有收获的 另外能看出来老师的品位很高 ppt和论文都非常美观
65444,378,何文忠,2018-01-04 03:26:38,0,1,1,可水可听 几乎不点名
65457,378,何文忠,2018-01-04 05:32:15,5,5,0,语言与社会：老师知识很渊博，认真听的话会有不少收益(当然你也可以水过去)。不过非语言专业的大一萌新慎选，期末作业难度比较大。
65589,378,何文忠,2018-01-06 18:00:18,2,3,1,老师渊博幽默，讲课深入浅出，有很多例子，很形象，能学到很多知识！给分也不赖。
67999,378,何文忠,2018-01-22 12:56:40,2,2,0,老师超有意思啊 很博学 超级喜欢了 认真学很有收获
70824,378,何文忠,2018-01-27 14:39:37,-2,1,3,干货满满，给分好，男神！
71230,378,何文忠,2018-01-28 07:32:55,1,1,0,上了老师的语言与社会，上课是真的有趣，老师人也很好，虽然事情不少，但好好做给分也不错的，不是翻译专业的以后可能上不到老师的课啦有点可惜qaq
71233,378,何文忠,2018-01-28 07:37:38,2,3,1,8分  给老师渊博的才学和有趣的上课10分  谜之作业量和作业要求1分
71281,378,何文忠,2018-01-28 08:39:56,2,2,0,老师很渊博的上课也很好，认真听会很有收获。就是给分我感觉像扔骰子，作业认真做了也没上4，神坑队友却绩点不一样，不太明白……
71299,378,何文忠,2018-01-28 09:05:46,-3,1,4,十分敬佩老师，感觉他真的学识很渊博，上课也很有趣，有点小幽默。不定期会分享干货，会教我们怎么找文献，确认论文主题。也很鼓励学生问问题。读书笔记平时做期末其实还好。
71493,378,何文忠,2018-01-28 14:00:59,1,2,1,语言与社会。老师知识渊博，而且幽默，上课有干货，也能水过。但是我真的觉得一整本浙大笔记本的笔记跟读书心得很不人道，正常笔记都是做书上的啊，还得腾笔记本上做白工
71881,378,何文忠,2018-01-29 05:04:37,2,3,1,意外的给分不错 就大类课而言上课水基本不点名 老师挺有知识的
72239,378,何文忠,2018-01-29 15:22:38,1,4,3,首先说一下 学习帝没有提供计算机辅助翻译的课程信息 而这门课是17-18秋冬新开的一门。老师干货超多，只要认真听肯定可以在机辅翻译、网上搜索能力等各方面得到提高，作业认真做肯定最后得分也非常理想。其实作业啥的只能说老师会随口一布置，平常还是要多听讲～这样期末就不会累。收获很多，老师很幽默，很感谢！
73096,378,何文忠,2018-02-01 02:00:05,1,2,1,老师很博学，给分令人感动。
73113,378,何文忠,2018-02-01 02:45:00,3,3,0,语言与社会。老师讲课真的很有意思，认真听能学到很多东西。笔记如果每节课记的话其实也还行，堆到一起写就...很多（像我就是...）。最后的小组论文还挺有意思的，就是感觉越写越有意思～
75571,378,何文忠,2018-03-13 11:47:50,-3,2,5,男神！
83979,378,何文忠,2018-07-11 15:55:04,1,1,0,计算机辅助翻译给分太好了吧 从来不听课也不用签到 做一个大作业就结束了
84004,378,何文忠,2018-07-11 16:56:07,-2,1,3,语料库与翻译！学到很多！给分棒！期末写一个4000+论文，感觉在写的过程中学到很多技能，老师会带着走，感谢！
88341,378,何文忠,2018-10-29 05:39:20,10,12,2,其实老师教学水平很不错...上课干货很多 认真听课肯定有收获...不过...感觉老师有点坑 别看平时上课轻松 期末了突然布置一大坨作业压死人 而且据说有些班合译了书目 有的译著最后都出版了学生一分钱也没有
91304,378,何文忠,2018-12-05 09:25:27,7,10,3,老师不在意学生，比较自我。\n\n去问论文，给的回答一般就一两句，再问也没有别的话了。
92377,378,何文忠,2018-12-28 06:08:09,1,2,1,非语言专业的慎选！事真的多，读书笔记和课堂笔记都要写满一整本。上课的话，偶尔点名，一学期就一次，还是签名的，感觉代签一下也没问题……
93624,378,何文忠,2019-01-11 03:35:16,3,4,1,…一般…
93933,378,何文忠,2019-01-14 11:04:59,17,23,6,好的，离考试周还有一天了，突然冒出来PPT的作业，说是以前在某次课上提过一回，然而几乎全班人都没注意到，真是绝了。
93943,378,何文忠,2019-01-14 11:31:11,16,22,6,我实名瑞思拜，事情多，尽力完成了。还要为一个不事先交代清楚的任务在考试周肝ppt，刚愎自用不尊重大家意见，大一新生就学会鹅颈也让老学姐瑞思拜，你们牛你们冲鸭(-ι_- )
93944,378,何文忠,2019-01-17 06:12:26,19,25,6,告诉我们论文要APA格式，结果自己给的论文格式参考文献又不是APA，绝了
93945,378,何文忠,2019-01-14 11:35:00,19,27,8,最无语的老师。呵呵第一次爆粗献给你。给1分是因为没有0分。\n\n作业要求自己不讲清楚，在我们考试周前一天让我们做ppt，明明大家都很忙不想做还一定要让我们做。好的大家熬个夜赶出来了，考试也凉了，真不知道这意义何在。现在最后悔的事情就是当初没退掉这门傻逼课。
93946,378,何文忠,2019-01-14 11:37:13,27,32,5,考试周前一天被安排做ppt 上来看大家都在骂我也就放心了? \n\n
93952,378,何文忠,2019-01-14 11:53:20,30,37,7,我去，原来老师从2016年开始就没有讲清过作业要求吗，考试周了还非要我们熬夜肝ppt真的好吗，明明有很多人不想做ppt了好吗，我也愿意为自己的选择负责，为什么还非要做？给老师打了六分，我觉得很高了。我知道好学生又要说我是我自己哪里哪里不好了，好了，你们都厉害，去好好做你们的作业吧。我去，以后上这门课的同学记得平时作业及时完成，还有问清楚要求。毕竟“老师的心思你别猜，你猜来猜去你也猜不明白”
93960,378,何文忠,2019-01-14 13:01:38,27,34,7,太无语了，真的是考试周之前疯狂砸锅！！！能选别的千万别选他的课！！！除非你想考试周前两天接锅！！！太可恶了！！！开学的时候说写论文，之后经过他的挑选，好的小组做展示，得分高；结果论文作业接近期末了才布置，根本不可能有展示环节。好的，论文写了，考试周前两天，也就是交论文的前一天，突然说还要上交PPT！谢谢大家，不展示为什么要做PPT，而且自己也没讲清楚好吗？拿一张同学开学初的笔记做证明，那你怎么不说你还没选好的小组做展示呢，重点是已经补好了PPT，他突然又说PPT不是展示论文的内容？？？谢谢大家，又白做了，为什么一个教语言与社会的老师根本无法让学生理解自己的语言呢？？垃圾，不知道怎么做到今天的！极度差评！太讨厌了！
93965,378,何文忠,2019-01-14 13:23:12,15,21,6,听说语言与社会很有意思，但失望至极。一个学期上的东西至少讲过三遍，每提到一个问题举的例子都是一样的，从来不会更新。PPT的事情就开学第一节课提过，考试周前突然说要交，而且和论文的pre没有关系，要自己选语言与社会的一个角度。鲸辽，自己没有表达清楚自己都不知道，还觉得延迟ddl是对学生的仁慈。呵呵了吧。
93968,378,何文忠,2019-01-14 13:41:38,39,49,10,语言与社会的课代表也很厉害哦。一、老师定的论文15号交，他呢和我们说22号。二、学生和老师理解出现冲突时，老师提出投票决定，他呢说投票没必要，爱做不做。我认为课代表的作用就在于学生与老师之间的沟通，论文ddl暂且不说，当师生理解冲突时，应该做的是了解大部分同学的意见与老师沟通，和老师一起寻求一个大家都满意的解，而不是在问题发生时，站在与学生老师都对立的角度，提出自己的方案，既没有和老师沟通，也没有了解同学需求。
93979,378,何文忠,2019-01-14 14:21:24,8,13,5,事情多不说，有些事情根本没意义还让你做。布置作业不提前说好评分标准、规定内容，到头来改来改去。
94017,378,何文忠,2019-01-15 02:15:53,27,34,7,【顶我上去我要让学弟学妹看到这条】\n\n大家好现在是2019年1月15日凌晨2:57。卑微的我还在肝语言与社会的PPT。然而在30个小时之后我即将迎来我的大英期末考试。\n\n究竟是人性的扭曲还是道德的沦丧？为何浙大五成外院学子在考试周前夜疯狂熬夜肝锅？PPT作业的要求为何在DDL的前三个小时公布？\n\n敬请期待一年一度 何文忠老师的语言与社会课堂。带你走进无法用语言来形容的 用学生们无法理解的语言及逻辑布置作业的 学了一个学期并没有什么太大收获的语言社会。【手动再见】
94049,378,何文忠,2019-01-15 04:37:03,-1,4,5,人很有趣事也挺多
94253,378,何文忠,2019-01-16 04:50:06,10,10,0,【To.何老师的儿子:你好你的父亲的确很学术知识储备量max。我只吐槽课程，老师人还是很好的】\n\n------------ ---分割线---------------\n\n啊啊啊啊啊啊啊啊死亡ppt啊啊啊啊啊啊啊啊啊啊啊啊啊啊啊啊啊啊疯了！外院的别选这节课啊啊啊啊啊啊啊啊啊哭辽
94393,378,何文忠,2019-01-16 09:52:00,19,19,0,敬告课代表！学会做人！！
97894,378,何文忠,2019-01-23 01:15:54,3,3,0,求老师快点出分...
100473,378,何文忠,2019-01-26 07:28:22,2,5,3,上课不知道在讲什么，给分特别迷 要是有零分一定给零分 只是觉得没学到什么 很迷?️
100492,378,何文忠,2019-01-26 08:00:48,3,4,1,老师上课很有趣，作业这次提前说了但是确实没说清要求……最后考试周狂肝……但是认真做给分还是可以的，老师也真的很厉害
100495,378,何文忠,2019-01-26 08:01:50,4,5,1,期末事情真的太多了，但是自己还是熬了好多夜认真完成了，最后成绩还不错，感谢老师让自己的付出得到了回报
100509,378,何文忠,2019-01-26 08:26:33,4,6,2,期末事情真的多到想骂老师，出成绩之后突然就不想骂了hhh
100524,378,何文忠,2019-01-26 08:46:27,2,4,2,老师在处理作业方面确实有一些问题，但是上课很精彩，成功引起我对语言学兴趣，而且给分很好。
100545,378,何文忠,2019-01-26 09:24:52,3,4,1,老师更多地看你的态度，期末还有作业什么的，我觉得……挺正常的，但是大家那时候可能正为备考而焦虑吧，其实挺多老师都会这样呀。平时的话，很多人上课都不听，在下面写作业，但是其实我觉得，我收获挺多的
100556,378,何文忠,2019-01-26 09:44:17,4,7,3,拿到成绩之后，看着考试周前查老师评论里大家的攻击的话，突然很惆怅，大家以前戾气似乎有些重了。TO以后选课的人：何文忠老师的课很不错，可水可不水，不水有很多收获。绩点方面个人作业要认真。最后，老师很可爱，我们一起尊重每一位老师吧
100613,378,何文忠,2019-01-26 11:52:15,2,3,1,课可以学到东西也可以水 作业按要求做给分真的好
100633,378,何文忠,2019-01-26 12:54:57,5,5,0,emmm怎么说呢，老师的作业的确很迷，让人摸不到头脑的那种，到最后才说的确挺上火的hhhh。但是老师【讲课的确蛮有意思】（画个重点）的，想从【课堂上获取知识，而不是单纯水学分提绩点的同学可以考虑】（划重点）一下选何老师的课。其实摸着良心说给分真的不差，就是老师平日里凶了些严了些，到最后只要认真做了绩点不会低的。（我是小组组长，缺了一堂课，笔记做得中等水平，小组论文自觉还可，ppt自觉蛮不错的，最后绩点4.20；闺蜜跟我一组，没缺课，笔记认真，最后4.80。仅供参考）
100650,378,何文忠,2019-01-26 13:28:09,1,5,4,语言与社会。课堂上很能讲，给人感觉很热心，私底下去请教的时候就变成嗦烟高冷哥(￣O￣;)。期末交笔记时会因为交的是几页纸就把平时分打得很低！！！因为他奖学金泡汤~
100800,378,何文忠,2019-01-27 00:56:35,7,10,3,老师很好，讲课很有意思，只要认真做了作业，给分也很棒。\n\n就是期末的时候，课代表不知道在干什么，莫名其妙的站到绝大多数同学的对立面，在ddl前一天还告诉同学ddl是8天之后，使大家的时间安排出了问题，呵呵。
101822,378,何文忠,2019-03-12 03:04:12,-2,4,6,难道每年语言与社会的课代表都是舔狗？感觉这学期这个班舔狗真多！
102073,378,何文忠,2019-01-30 09:56:16,2,2,0,老师事是有些多，认真做，不要怕麻烦，最后得分应该会不错的。老师很有耐心也很博学。
102866,378,何文忠,2019-02-24 12:33:12,11,13,2,水得不行。老师的讲课逻辑有些乱，讲了半天不知道在讲什么，扯东扯西的多。 浪费时间的一门课
104097,378,何文忠,2019-03-12 03:01:35,6,10,4,实在不是很能理解那些戾气很重的同学…\n\n从课程角度看，老师的课虽然体系性没那么强，但是每节课听下来都可以收获很多，会刷新许多生活中对语言的认知。老师本身能力也很强，所做的领域外院无人能代替。在这样一门通识课还给我们非常认真讲了一节成体系的如何写论文、查文献的课，收获真的很多。\n\n从作业角度来看，老师一开学就说明了有论文和ppt，只是后来提的少，大家淡忘了。论文的话，格式不清楚或者有其他不会的，去实验室找老师或者课下问老师都会很仔细地一点点讲，非常耐心而且温和，认真去做的话可以突破许多论文关，有些人自己不会去多问老师还想怎么样。ppt的话，为什么不展示就一定没意义了？ppt是关于某一个话题的精华部分，考验的也是浓缩能力，况且说时间紧，老师后来也调整时间了，一个小组总会有有时间的人吧，大家合作找资料拼拼凑凑也能很快完成。时间虽然是有点不合理，但没有所说的那么严重。而且如果笔记花时间认真做，分数都会蛮高的。\n\n老师非常有自己的思想，也很博学，平时也爱好摄影，而且是专业水准。\n\n选了这节课的同学大可放心，你如何对待这门课，你自然也会有相应的分数（如果组长论文不带好头那就另当别论）。\n\n
109635,378,何文忠,2019-06-18 05:41:37,5,7,2,傻逼老师不解释
113300,378,何文忠,2019-07-06 04:53:15,0,1,1,老师很好，给分也很好
114003,378,何文忠,2019-07-08 07:56:49,5,7,2,难受  遇到倒了八辈子血霉
121690,378,何文忠,2020-01-21 01:22:26,2,2,0,课的内容我很喜欢 我觉得讲的也比较有意思 学到了挺多 偶尔点名 笔记要好好记 虽然作业没有讲的很清楚 但可以自己再去问一遍老师 以免最后来不及 但总体很不错 给分也好
122687,378,何文忠,2020-03-19 02:23:02,0,1,1,我就想问一声，上了四周课了，老师到底在干啥？？？
129547,378,何文忠,2021-01-07 05:16:11,6,7,1,老师能把作业的事弄明白点吗？是鼓励卷还是恶心学生呢？
132202,378,何文忠,2021-01-31 02:44:02,5,5,0,老师人挺好，给分也挺好的，这学期也没有之前学长学姐说的极限ddl。但是！gpq这个助教大型差评，建议学弟学妹直接交电子笔记给她，不要听hwz的交纸质笔记，否则你都不知道哪里被她扣分
133555,378,何文忠,2021-03-02 05:40:45,0,2,2,老师很好，事情也不多，老师的专业能力很强，对于论文的问题也会耐心回答。给分也不错。
135963,378,何文忠,2021-06-06 02:44:35,2,3,1,老师很好，很有学问，也很踏实
141703,378,何文忠,2021-10-21 05:56:58,9,10,1,对同学爱理不理的。
141704,378,何文忠,2021-10-21 05:56:59,2,3,1,对同学爱理不理的。
141976,378,何文忠,2021-11-08 11:46:32,6,6,0,😅😅😅😅我劝大家耗子尾汁
142036,378,何文忠,2021-11-04 08:57:17,2,3,1,无语至极
142064,378,何文忠,2021-11-05 04:33:45,4,4,0,就上课是真的听不下去，事情也确实挺多的，读书笔记和课堂笔记都要手写 还这么多英文PPT
142451,378,何文忠,2021-11-11 14:38:59,5,7,2,如果不想教学请别开课，把自己当成大牌教授，从来不会认真回复问题
142954,378,何文忠,2021-11-18 00:13:17,3,4,1,老师的专业知识很过硬，讲课很有意思，但是下课能否认真回答学生的问题呢，之前确认过三次论文大纲都没问题，最后面谈（蹲办公室才见到）否定了我们一半的研究内容，真的很难受。而且相对别的专业基础课来说事情多给分也没有优势
142972,378,何文忠,2021-11-18 01:57:11,-4,0,4,有在认真听课和记笔记，最后给分也很好~\n\n从这门课程也收获了不少，就不泰勒了hhh，推荐大家好好听！
142977,378,何文忠,2021-11-18 02:26:03,3,3,0,语言与社会感觉还行，就是具体的DDL讲的不清不楚，学期末才说，但是要完成的东西（课堂笔记、读书笔记、论文、PPT）还是一开始就说的，从学期开始就稳扎稳打一点期末就不会太抓狂。我们小组论文是快学期末才开始的，读书笔记也是期末补的，冲了一把4.5似乎也还不错。但是读书笔记和课堂笔记都要去手写，快期末就疯狂抄书补读书笔记还挺抓狂的（但你平时一点点边听音乐边抄应该也不会很痛苦？）。老师不怎么回钉钉或者微信，要找他问任何东西出了课间就只能去办公室找他，有点小麻烦。
142980,378,何文忠,2021-11-18 02:47:54,3,3,0,还可以，认真学分数不会低，但老师脾气很难把握
142989,378,何文忠,2021-11-18 04:15:36,0,0,0,知识渊博
143084,378,何文忠,2021-11-19 00:16:15,1,1,0,老师学识渊博，语言与社会这门课真的可以学到一些东西，小组论文也很能锻炼自己的学术研究能力。虽然事情有点小多，但认真完成还是能有所收获，最后也得到了比较不错的分。
143170,378,何文忠,2021-11-20 11:39:46,1,1,0,语言与社会，老师很牛，课程有内容，期末6000+研究性论文，学术要求比较高，而且要求选题和内容必须和他讨论过才可以写，否则拒绝接受论文。期末还有论文的ppt和pre，必须手写的读书笔记和课堂笔记，但是平时事情不多，课可水，主要看小组的论文了，感觉周围同学分都很高
144693,378,何文忠,2021-12-23 07:46:51,5,5,0,语言与社会真的很有趣，事情不算多，就真的真的很有趣，老师学识很渊博哇⊙∀⊙！但是吧， ddl有点急……最后，给分很好啦，我很满意啦！！
144874,378,何文忠,2021-12-25 10:55:48,12,13,1,上的语社，何老师上课好，给分大无语=_=一开始说要交笔记和读书笔记，没说具体要求，但我认真对待了。结果到最后勤勤恳恳肝论文，同组混子4.5我4.2，理由是论文分一样笔记不好。(同班其他组有写论文更混的，硬贴百度百科，全是队友擦屁股，最后也拿了4.5，他们去问分得到的回复和我一样。）\n\n可能我说我认真记了没人信，我虽然不用彩色笔，字写得少，但是我很肯定没有一点漏记。就抠这些个无关紧要的细节，论文如何根本不重要，那我上这个课是学习知识，还是舔着老师画花里胡哨的笔记？还有读书笔记，一直没有说任何要求，到期末收作业助教对着我两千字的手写稿震惊：就这么点啊？我真傻了，所以你的读书笔记和其他人语境下的读书笔记不一样，是真的边读书边做的笔记吗？那我认真看完一本书未必能写500字呀。还是说这个作业人均万字了，我是唯一一个聋子还是唯一一个傻子？
150207,378,何文忠,2022-01-20 10:11:14,4,6,2,成绩评分有问题。按理说应该告知笔记的小分，但是问了却说不能告知。所有课程都是可以的啊，就这老师图省事？？很生气！！！
150404,378,何文忠,2022-01-24 13:09:35,5,5,0,上课真的硬核，能学到很多东西，论文可能给分有点emmm，但是吃不准老师的看法就多去跑跑腿问问老师（约好时间直接到办公室也行），基本上老师会提供比较可行的建议，按照老师的建议做触雷的可能性会小不少。
161006,378,何文忠,2022-10-23 16:23:33,3,4,1,老师的知识很渊博，对语言方面确实有很深入的研究。但语言与社会这门课还是要自己有兴趣，不然泛泛去听，水一下感觉没多大收获。
163992,378,何文忠,2022-12-17 06:34:40,4,5,1,硬核+给分好，对语言学有兴趣真的可以听，老师因为平时太忙了可能钉钉啥的不太回消息，语社类似的课直接确定老师在办公室的时间去问问题就好了，虽然可能看起来有点凶但是提的意见非常好，他是会用心看的
167867,378,何文忠,2023-01-19 15:07:35,2,4,2,快跑😅😅
168353,378,何文忠,2023-02-13 10:33:03,4,6,2,不知所云 分少事多 快跑
170590,378,何文忠,2023-03-07 03:44:06,8,8,0,上的计辅翻，老师就语言与社会来说不会那么不理学生在钉钉提问（之前他都会已读然后不回，就算是很重要的问题），也比较关心学生了，这门课给分比较玄，最后的project事情多，我没日没夜地做，也不知道老师会抽哪一部分来看，有些同学直接拿了别人的记忆库或不润饰译文直接摆烂，说不定分数还比我一句一句校对还高？
174372,378,何文忠,2023-06-11 06:58:57,8,8,0,CAT\n\n最后的project工作量也太大了
177748,378,何文忠,2023-07-04 14:33:55,3,4,1,上课又水又无聊，期末给分乱给，明明做得很认真分数也不高
181500,378,何文忠,2023-10-19 10:03:24,-8,0,8,老师学识渊博，观点也比较新颖
185748,378,何文忠,2024-01-05 11:06:54,9,9,0,是个好老师，上课认真
185891,378,何文忠,2024-01-05 13:40:21,9,9,0,真的真的不回我消息啊我服了88\n\n邮箱和钉钉尝试了一万遍他还是不回我，要晕倒了
185944,378,何文忠,2024-01-06 10:57:52,9,10,1,他真的不回钉钉消息，助教也找不到他（有一说一这学期的助教人还可以的，回消息很及时），只能去办公室找他或者课间追上他（他课间也是不会在教室的，下课溜得很快），去办公室还很容易扑空，而且论文题目找他讨论过还会被他全盘否掉。快跑，DDL什么的也不提前说，最多提前一两天说，这点有点难评。上课水平还可以但是其他方面难评
189710,378,何文忠,2024-01-27 07:27:46,3,3,0,给分还可以，讲课也挺好，能学到东西，但是老师对论文的要求比较高，还要交课堂笔记和读书笔记，所以期末压力挺大的，还有他确实不怎么看钉钉和邮件的，但论文题目又要找他讨论过才能写否则不接受，要找他得去他办公室蹲，介意这点的慎选语言与社会。
190206,378,何文忠,2024-02-25 11:21:53,4,5,1,懂的都懂
190294,378,何文忠,2024-02-27 11:17:17,7,7,0,给分还可以，老师学识渊博，观点也蛮可以新颖的，但是任务基本都是最后几周才讲，然后钉钉消息已读不回，办公室也经常蹲不到，听说下学期不教语言与社会了，新老师也不知道怎么样
190332,378,何文忠,2024-02-28 06:05:26,11,11,0,给分很好，下了课人也很难找。
192627,378,何文忠,2024-05-25 12:47:01,11,12,1,我真服了，真后悔没提前看完查老师再去选课，这个老师就知道期末之前突然布置一大堆作业。我请问呢？有什么作业是不能提前布置的？非等到期末再突然告诉我们让我们翻一整本书啊，神金\n\n而且计算机辅助翻译要求使用的软件在MacBook上无法下载，由于老师没有提前通知，同学们根本就没有办法临时解决这个问题，基本上都是借同学电脑或者去机房借电脑之类的，真的很sb。既然要布置最后个作业，就能不能考虑到同学们能不能都完成，难道你要让同学们重新去买个电脑吗？这个问题你老师能就不能自己考虑到吗？
213855,378,何文忠,2025-01-20 13:22:30,2,2,0,语言与社会找的项目跟老师讨论了三次老师也认可了，结果出来被急刹了，有点不理解。。。给分很迷，不像大家说的给分很好……
216032,378,何文忠,2025-03-09 15:03:51,0,0,0,不点名，给分好
216407,378,何文忠,2025-03-16 03:30:34,0,0,0,上课很有意思
218511,378,何文忠,2025-04-24 05:41:37,0,0,0,如果你只上计算机辅助翻译，你可能会觉得何老师的课好诈，期中作业一把子把所有人压死。但是如果你继续上，语料库语言学，你会发现其实何老师还挺好的，你和他讨论他都会给你建议，也比较和善。技术传播的课堂听听闲聊也挺不错的，是大三下专业课的清流之一（不过这个技术传播还没上完...待定一下）。\n\n可能人感觉基本靠自学，会有点难过。但是英语专业别的专业课，基本也这样，何老师上课还轻松，何乐而不为呢。\n\n（发自肺腑改观之言...)
219806,378,何文忠,2025-06-06 15:40:06,0,0,0,上这个b人的课和在现代社会花半年学习制作使用打制石器没有任何区别。没用的东西，trados和本人都是
1459,381,林晓,2015-03-22 05:22:22,1,1,0,很负责，很贴心的老师
1503,381,林晓,2015-03-22 08:39:54,6,7,1,英语流畅又好听～上课很有热情～
1854,381,林晓,2015-03-26 02:11:05,13,16,3,很好的老师 任务不算多
2832,381,林晓,2015-05-08 10:47:05,1,2,1,老师非常认真仔细，课程准备很用心，讲解内容非常充实！
4028,381,林晓,2015-06-17 14:43:41,1,3,2,认真复制
4214,381,林晓,2015-06-18 06:30:43,1,2,1,感觉上她的课会很有活力\n\n
5250,381,林晓,2015-07-06 04:22:50,0,2,2,讲课一半
5403,381,林晓,2015-07-07 08:02:44,0,4,4,人不错，讲课认真。就是太墨迹
5806,381,林晓,2015-07-09 12:39:07,4,9,5,上课很认真，就是给分一直不大给力啊
6723,381,林晓,2015-07-20 03:36:41,4,4,0,好老师，口语好，上课也不太沉闷（虽然我绩点很低。。。）
8479,381,林晓,2015-09-21 16:06:37,1,2,1,口语很棒  任务很少~  会经常放些跟课本有关的视频
12028,381,林晓,2015-12-21 14:11:21,2,2,0,口语很好，很为学生着想，学习靠自觉，老师只是提醒，不硬性要求。
12216,381,林晓,2015-12-22 11:16:30,17,25,8,老师不错，助教差评。
13744,381,林晓,2015-12-30 13:30:11,1,1,0,老师很棒哦，自己不要太放松的话应该没什么问题的（→_→然而我就是那个太放松的）
14930,381,林晓,2016-01-11 04:42:20,1,1,0,老师超棒 上课无限拓展 很有趣 一直鼓励学生多说！
15345,381,林晓,2016-01-14 03:30:49,3,3,0,老师挺好人的，上课经常放一些视频，作业也是适量的，希望给分给力咯
16258,381,林晓,2016-01-17 14:57:50,2,3,1,老师很好，口语很赞，助教零分差评。
16261,381,林晓,2016-01-17 15:08:15,1,1,0,林老师非常认真负责，她很关心学生的，上她的课感觉很享受。感觉现在比较喜欢大英课
16886,381,林晓,2016-01-19 07:14:25,1,2,1,老师好呀上课看看视频听听听力就基本过去了 作业少口音好任务也没什么绩点还好 要不是下个学期上课时间冲突我还选她
16944,381,林晓,2016-01-19 09:43:29,10,16,6,老师人很热情，口语超级棒也注重口语练习(每周口语录音她会听的)特别相信学生真感动…那次发高烧翘了课…后来解释，没向我要请假条，反倒嘱咐注意休息～最后绩点也上4
20177,381,林晓,2016-01-26 11:46:31,2,2,0,良心的好老师，上课挺不错，作业也合适。
27740,381,林晓,2016-06-27 10:29:31,0,1,1,布置任务有点儿多  口语超棒
27885,381,林晓,2016-06-28 03:20:03,1,5,4,老师挺好，给分挺坑
27890,381,林晓,2016-06-28 03:23:43,10,14,4,老师不错 但是我的绩点怎么这么低啊呜呜呜呜呜呜
30579,381,林晓,2016-07-02 04:03:49,1,1,0,上课还是有趣，知识课外拓展也有一些，不过到了期末还是要自己预习一遍课本←_←，没什么好奇怪的大学英语好像都这样
40556,381,林晓,2017-01-04 04:42:05,1,1,0,事情少 上课好
42957,381,林晓,2017-02-24 09:32:29,3,3,0,棒棒哒
43039,381,林晓,2017-01-15 15:15:03,1,1,0,好可爱的老师～
43669,381,林晓,2017-01-16 17:07:01,5,5,0,老师挺好，只怪我听力不行，考不高啊
43871,381,林晓,2017-01-17 05:21:49,0,2,2,老师很好，给分不错。
44358,381,林晓,2017-01-17 16:03:31,1,1,0,任务虽然重，但比其他老师轻多了.上课不无故迟到就全给课堂表现分.
44909,381,林晓,2017-01-18 13:09:52,9,10,1,林老师的大英课是绝对OK的，内容丰富，又有意思，拓展满满，可以学到很多。林老师人也很好，课后问问题，甚至修改作文，她都会认真回复。还有，林老师的口语很棒，听着很享受。助教姐姐挺和蔼的，不知道查老师里为啥这么多关于助教的负面评价，我猜可能换过助教了？！至于给分，认真学，不会低的。绝对推荐！
45328,381,林晓,2017-01-19 10:43:52,3,3,0,老师口语特别棒~\(≧▽≦)/~\n\n对待学生特别好~\(≧▽≦)/~
45674,381,林晓,2017-01-20 02:37:47,1,1,0,老师讲的很好，任务也算比较少，看自觉性了吧，主要因为我个人英语比较差，跟不上老师节奏，当初都担心会挂科，没想到分竟然可以，好评喽。
54015,381,林晓,2017-06-28 08:23:32,3,3,0,老师太好啦~给分棒棒哒，也能学到许多东西
54023,381,林晓,2017-06-28 10:13:19,3,3,0,灰常棒
54061,381,林晓,2017-06-28 10:38:51,6,7,1,老师人非常nice，很亲切～口语听着也很舒服，上完英语语言与社会还是有收获的！最后小组完成调研也是挺有收获的
54103,381,林晓,2017-06-28 12:56:58,9,9,0,语言与社会课很好啊，学了很多
54158,381,林晓,2017-06-28 14:46:12,5,5,0,老师很负责，课程设计很好，任务不多，只要认真做，英语会有提高，也能拿到应有的分数。
54258,381,林晓,2017-06-29 02:08:12,2,3,1,很好，给分也很棒，值得听一听。
54345,381,林晓,2017-06-29 06:32:25,2,2,0,很有想法的老师
54384,381,林晓,2017-06-29 08:36:33,3,3,0,老师真的很棒！不过还要考个人努力呀！
54388,381,林晓,2017-06-29 08:42:33,4,5,1,女神啊～老师很温柔很亲切，上课让人感觉很舒服，可以轻松地学到很多知识，考试前会督促大家背单词，虽然我绩点不太高?
54394,381,林晓,2017-06-29 08:51:57,2,2,0,口语超流畅
54474,381,林晓,2017-06-29 11:02:41,4,4,0,老师真的很棒，上课有趣，有很多互动，真的能让你去好好学英语的老师
54506,381,林晓,2017-06-29 12:47:34,-2,3,5,绩点爆炸
54720,381,林晓,2017-06-30 05:42:26,54,76,22,老师敲棒，给分超级好，性格也很好，很有活力，上课不会困，听着从来不收，很鼓励学生！跟她学了半年，学到了很多东西……，大爱林晓老师！不如我们把她的平分刷到10怎么样？????
54747,381,林晓,2017-06-30 06:53:46,2,2,0,良心好老师，上课的能学到很多知识，上英语语言与社会很有收获。任务不多，最后的给分特别惊喜特别好！强推！
56363,381,林晓,2017-07-03 14:47:39,1,1,0,学到很多，老师很好
56793,381,林晓,2017-07-04 15:42:45,2,2,0,意料之外的高分呀
59160,381,林晓,2017-09-20 04:20:21,2,2,0,好的很的
63105,381,林晓,2017-11-28 09:40:00,2,2,0,真的超棒～
64021,381,林晓,2017-12-20 14:13:00,3,3,0,超级超级棒
64351,381,林晓,2017-12-22 16:16:25,2,2,0,老师人超级好，特别温柔！
64888,381,林晓,2017-12-27 16:16:11,2,2,0,女神老师，收获满满！
65005,381,林晓,2017-12-28 07:27:44,1,1,0,真的好老师，上大学以来最好的体验!
65964,381,林晓,2018-01-10 12:55:48,1,1,0,超级好的老师     能预置到林晓老师的课真的是太幸运了
66285,381,林晓,2018-01-15 01:44:21,1,1,0,喜欢qaq 很好的老师
66554,381,林晓,2018-01-17 08:44:38,0,0,0,老师人真的非常好，对我们非常上心，也非常体贴我们
66588,381,林晓,2018-01-17 11:52:54,1,1,0,超级好的老师，真正能学到有用的东西
66689,381,林晓,2018-01-18 09:08:03,0,0,0,喜欢～
67066,381,林晓,2018-01-20 07:46:57,0,0,0,老师真的很好
68129,381,林晓,2018-01-22 15:28:50,20,21,1,真的超级幸运能上林晓老师的课，大一最喜欢的老师一个是程设的刘新国老师，另一个就是林晓老师！上林老师的课是一种莫大的幸运，口语和控场能力都很好，听写从来不收，人的性格超级好，元旦在群里发大红包，平时在群里问问题也能耐心解答。平时作业也不多，平时的作文成绩也给的超级好！上课能学到很多东西，组织了辩论赛，分享了很多有用的知识和演讲，圣诞节的英语课看了电影还没像别的班写影评！在出成绩之前给老师安利一波，不管最后成绩如何，真的很珍惜这个学期上林老师的课的时光。
68439,381,林晓,2018-01-23 08:11:54,1,1,0,喜欢这个老师，大英四学完继续学她的语言社会。
68442,381,林晓,2018-01-23 08:13:36,2,3,1,超棒的老师！！讲课好事少给分好！！一学期没在英语上花多少功夫最后4.5，我们一起把老师刷到10分吧！！
68569,381,林晓,2018-01-23 11:16:16,0,0,0,打call
68774,381,林晓,2018-01-24 01:17:47,1,1,0,课内课外内容都有 课堂活动很丰富 给分超好
68805,381,林晓,2018-01-24 02:20:14,1,3,2,虽然最后成绩出来只有3.6，均绩下降0.07，但是还是谢谢老师了。大英自己不努力还是不行的。谢谢老师。 谢谢老师。
69558,381,林晓,2018-01-25 03:52:25,0,0,0,老师人真的很好，讲课也很好，绩点低只能怪自己没认真学，例如我_(:з」∠)_
69979,381,林晓,2018-01-26 01:17:29,0,0,0,林老师超级棒！听大英课收获很多，也非常有意思。最后给分也超好的。
70988,381,林晓,2018-01-28 01:30:56,0,0,0,自己的口语在老师的潜移默化下获得了很大的提升！感谢老师！
71348,381,林晓,2018-01-28 10:34:13,0,0,0,感觉林老师很亲切体贴
73611,381,林晓,2018-02-02 05:50:55,0,0,0,老师很好，早就安利我室友下学期选她的课。
74699,381,林晓,2018-03-05 07:24:47,0,0,0,两个字，良心
74779,381,林晓,2018-03-06 01:19:04,0,0,0,十分！！最喜欢的老师！！！最后一节课老师的叮嘱我记住啦 一定好好学英语～
77774,381,林晓,2018-05-07 16:13:40,0,0,0,女神老师
82788,381,林晓,2018-07-15 06:22:05,0,5,5,我爱她！！！上了两门林老师的课都是满绩！超级温柔学到很多
86668,381,林晓,2018-09-18 02:17:34,0,0,0,老师人很棒！英语语言与社会这门课也能学到点东西！
91696,381,林晓,2018-12-18 04:29:20,0,0,0,大英四完了还会学林老师的课
92277,381,林晓,2018-12-27 11:28:56,0,0,0,还没期末考也还没出成绩，先来评论一波~不管绩点怎么样，绝对是好老师！上课做presentation，就算口语很差经常卡壳，老师也会听得很认真，抓住你想表达的意思并且用笑容来鼓励你。课后把作文发给老师，老师也会很仔细地帮你批改。群里和大家相处很融洽，偶尔和同学开开玩笑~上到林晓老师的预置课真是太幸运了！
92360,381,林晓,2018-12-28 04:04:11,0,0,0,林老师人很好，一直笑眯眯的，发音听了也觉得很舒服～一直在鼓励大家
93271,381,林晓,2019-01-08 14:18:05,-1,0,1,好老师，很好，非常好。
94202,381,林晓,2019-01-15 14:50:46,-1,0,1,女神老师
95057,381,林晓,2019-01-18 15:45:32,0,0,0,十分十分～出成绩前先评论了，人超好
95263,381,林晓,2019-01-19 06:06:03,0,0,0,老师超好，谢老师不挂之恩
95264,381,林晓,2019-01-19 06:10:21,1,1,0,给林老师满上！超级超级超级好的老师！上课很有趣，人也很体贴！大英绩点不高只能怪自己还不够努力吧?
95277,381,林晓,2019-01-19 06:36:13,0,0,0,不知道具体成绩怎么样……但是老师上课真的很好！！！不水，而且老师会拓展一些实事啊，看视频什么的，而且还会锻炼写作，听力，口语，不是一味的讲课本……（虽然我觉得课本也要讲一点毕竟有quiz不过怪就怪我没拿出充足的时间来记吧）总之就是很好啊，最后一节课还有点点不舍，下学期还想上她的课，但……没选上
95365,381,林晓,2019-01-19 09:15:05,-1,0,1,老师口语很好，很温柔，上课一直很有活力的，对于一些大大小小的事情有自己的见解。绝对是一个对学生负责的老师，很细心，甚至记得很多人第一次发言说了些什么。给分真的特别特别棒，给你往高了给！墙裂推荐的英四老师啊！！！
95650,381,林晓,2019-01-19 22:54:01,1,1,0,老师很好，但可能因为我不够努力，没达到预期的成绩。学弟学妹多加强听力哦！
95815,381,林晓,2019-01-20 05:50:52,1,1,0,老师真的超级好，只是自己渣，后来人一定一定要练好听力，否则会和我一样绩点爆炸的
97794,381,林晓,2019-01-22 16:21:41,1,1,0,有幸当了一学期课代表，大一最喜欢林老师的课啦！！轻松有趣，从来不照本宣科，经常会有英语文化和知识的渗透，老师发音也很好，控场很厉害！作业不多，听写不收，有事或生病的话说一声就好～最后成绩也很不错嘻嘻嘻
104102,381,林晓,2019-03-12 03:46:07,0,0,0,林老师超级好的！
105550,381,林晓,2019-04-16 12:52:13,2,7,5,我哭了\n\n一门课如何做到一周三个作业有pre有论文有考试\n\n我\n\n死了\n\n谁说事情少 滚出来让我打
106131,381,林晓,2019-04-25 05:24:22,3,11,8,语言与社会。为什么分那么高？？？这事情也太多了吧？？如果按她的要求完成作业每周至少一整个半天！每周一集50min的纪录片，概括timeline 摘抄生词，有时候还有summary之类的要写，夏学期还有一个调研pre，不知道还有啥…噢最后期末还是闭卷考试。老师的声音我也不喜欢，个人听不进去的那种声音。劝退
109503,381,林晓,2019-07-05 01:34:22,6,14,8,英语语言与社会。 千万不推荐选！！一学期的事情也太多了：看八集纪录片，每集要分开来记笔记、整理生词，还要写影评，写summary，做展示，写展示报告，准备口试话题，最后还要闭卷考，还要背单词、背名词解释和一些文化理论。 老师是尽量给高分，但当大家都全部做完这些之后，最后还要来个正态分布，哈哈哈……还是老老实实选大英吧……真要学英语其实自己花时间背背单词是最快的，我会去做这么这么多事情真的纯粹只是为了学分，而不是为了学英语……
109846,381,林晓,2019-06-19 16:16:19,1,4,3,英语语言与社会，大学以来第一门认真推荐的课，虽然事情有点多，但因为是长学期的课所以任务基本都是分散开一点点做的，最后不知不觉就做完了，并且感觉是真的有收获的，老师人真的超级好，只要你表达了自己的观点老师就会很用力点头给你很大的鼓励和肯定！
110825,381,林晓,2019-06-28 09:41:32,1,2,1,大英四以一己之力拉了我0.04的均绩5555还是怪自己菜
111951,381,林晓,2019-07-03 04:14:34,0,0,0,老师的英语很好听！上课内容很充实！我赞爆(•̀ᴗ•́)و ̑̑
112651,381,林晓,2019-07-04 23:40:27,0,0,0,老师超棒！选了不后悔！
112831,381,林晓,2019-07-05 04:52:01,2,4,2,英语语言与社会\n\n劝退
115148,381,林晓,2019-07-16 07:45:06,1,1,0,事情其实并不多啊...\n\n可以水的（笑
116849,381,林晓,2019-09-16 14:50:14,1,1,0,非常好
120281,381,林晓,2019-11-27 11:04:06,1,1,0,nice，没什么说的，就是nice
122313,381,林晓,2020-02-24 03:59:46,1,1,0,真的好
125228,381,林晓,2020-09-04 05:14:14,2,3,1,上她的大英四成绩比大英三高了0.3
129146,381,林晓,2020-12-30 12:03:46,2,2,0,无甚想说，老师真好
130834,381,林晓,2021-01-25 02:22:20,6,6,0,声音超好听，巨有磁性的那种，非常舒服。上课前会放欧美的歌，对学生无敌温柔，一定要选！！
132608,381,林晓,2021-02-02 16:46:41,3,3,0,大英四真的很nice！！！平时上课是以主动发言为主，不太会要求点名，非常有思想交流的讨论氛围！然后事情也巨少，基本上都是课本作业，只有一次五分钟的小组展示，但是是以激发兴趣为主。还会组织全班的大辩论，输赢都没有关系主要是锻炼能力。真的是很注重学生能否真正学到东西的一位老师耶！！！给分也很好，吹爆
136890,381,林晓,2021-06-27 15:06:10,13,14,1,选的2020-2021春夏学期的【英语语言与社会】，感觉跟前面几年的评论不太一样\n\n先说说任务量：\n\n（1）期末考试是开卷，重在对课程内容的理解。\n\n（2）一次Quiz。\n\n（3）两篇作文，其中一篇是影评，另一篇是根据课程内容写的。\n\n（4）一次presentation\n\n没有背单词之类每周都要做的内容，感觉课程压力比大英要小很多。\n\n再来说说内容和授课：\n\n一学期下来感觉了解了很多社会语言学的理论和对应的例子，收获蛮多的。老师也很不错，很能引导学生的思维，上课比较侧重理解和个人的表达。\n\n10分，强烈推荐。
136956,381,林晓,2021-06-29 02:08:12,2,2,0,老师真的超棒，超喜欢她的课
137315,381,林晓,2021-07-03 05:14:04,1,1,0,非常好
137361,381,林晓,2021-07-03 12:35:30,2,2,0,老师很有耐心，而且会帮助英语较弱的同学，很开心虽然绩点不高但没有大英三的那个班那么压抑（jjy）很轻松，大家冲冲冲！
137440,381,林晓,2021-07-04 07:22:50,3,3,0,虽然还没出分，还是先来评论一下。\n\n上的是林老师的英语语言与社会，之前看评论以为会事很多，但这学期好像形式有所改变，一篇影评+一篇作文+Quiz+一次两分钟pre+期末开卷，偶尔有一些看书预习的作业，不会检查但看了对期末考试有帮助。期末考试前花半天大概浏览一遍老师画的重点，考试时就基本能找到出处。总的来说事情不算多。\n\n真的要吹爆林老师，上课很有意思，不枯燥，很会引导学生的思路，林老师人真的超级好，pre的时候感觉自己讲的很差，下课后老师还是来鼓励我们qwq上课的时候回答问题即使磕磕绊绊老师也会微笑地看着你。真的是很好的老师，课上也能学到很多有意思的知识，是一次非常好的体验qwq
141068,381,林晓,2021-09-22 15:07:34,4,4,0,要多积累说英语，\n\n组建自己的内库
145043,381,林晓,2021-12-27 03:41:29,0,0,0,老师真的很好，温柔且认真
145210,381,林晓,2021-12-28 08:21:32,1,1,0,好老师o(^o^)o
146350,381,林晓,2022-01-06 09:48:15,1,1,0,老师很好，有一次我顶撞了她，她都没有生气，反而耐心地和我交流。大英四把我的均绩拔高了0.2。大家快选。
155665,381,林晓,2022-06-15 05:48:40,2,3,1,老师人真的很好 上的是大英4 平时上课拓展很多 也可以很放松 如果有问题回答不出来老师也不会为难
155743,381,林晓,2022-06-15 12:41:31,1,1,0,很好的老师，大英四课上有很多拓展的内容，会要求上台展示但不算麻烦，还有一些听力测试
156281,381,林晓,2022-06-18 16:07:33,6,6,0,强烈推荐林晓老师的大英四，虽然本人比较菜成绩也不高，但是在林晓老师的英语课上能真正调动起自己的兴趣，这跟之前大英三坐牢的感觉完全不同。老师人也十分好，会尽可能帮助学生考虑学生的诉求，会和同学们在钉钉上单独交流，希望日后有机会还能上林晓老师的课。
156380,381,林晓,2022-06-19 09:49:30,4,4,0,强推，上课不水，还有很多拓展的知识，课堂展示不强制也不麻烦，老师人很好，不选亏大了！
162357,381,林晓,2022-11-21 00:52:41,1,1,0,大英四学生一枚，老师很好我很爱
164405,381,林晓,2022-12-21 01:38:39,0,0,0,林老师英语口语真的超级棒，上课很用心，作文都会一字一字认真批改，绝对推荐！
168717,381,林晓,2023-02-21 10:51:01,-1,0,1,林晓老师上课极有感染力，期末平时分估计给满了。认真跟着老师的节奏，就可以获得很好的绩点
168722,381,林晓,2023-02-21 11:55:58,0,1,1,基本不听课，但是老师不会管～
168737,381,林晓,2023-02-23 08:43:35,1,1,0,感谢老师捞我，正好90，期末题感觉挺难的还以为G了
175166,381,林晓,2023-06-22 05:59:14,5,5,0,老师非常nice非常负责非常用心\n\n感谢老师捞我
175210,381,林晓,2023-06-22 10:36:17,1,1,0,真的好
176846,381,林晓,2023-06-30 11:23:38,12,13,1,信电lx 平时事多 讲课认真 给分烂 不点名但根据期末考试成绩给点名分 在23春夏，11分课堂表现分平均扣6分
176880,381,林晓,2023-06-30 13:57:32,13,13,0,场波慎选吧，出分很迷，选上的话就上课狠狠表现，第一节课问情成绩组成
177052,381,林晓,2023-07-01 12:00:26,12,13,1,21级评场波林晓老师：\n\n    首先我承认林老师和助教哥哥都很负责，助教批作业很仔细，也会提供答疑，都是负责的好老师。\n\n以下内容为重点：\n\n    但是，如果你不是认为自己对场波一定能掌握的非常好，并且期末一定能取得一个很高的分数，并且每节课都能到课，并且上课时能卷发言次数的话，非常不建议选lx老师。上学期因为大家期末分都比较高，同学们的平时分每人被扣了七分（是总评直接扣七分哦），发言一次少扣一点五，一学期发言大于一次的全班应该不到十个人。当然你期末分数能达到4.8/5.0的水平是不会被扣平时分的，剩下的人就自求多福了。按老师的说法是为了平衡各个班级的差距，最后的结果就是其他班老师都在拼命用平时分把你往上拉，只有lx班是平时分给你拼命扣，现在此课程已经成为21级的考研套餐之一。（老师后来的说法是作业给你90-95分，你的实际水平应该是在80分这一档，所以你的平时分是50*0.8=40分，应该扣你十分，但由于你有发言过，并且给我和助教留下过印象（是留下过印象噢，上课不能坐前排积极给老师留下印象的快跑吧），所以平时分只扣你六分，紧急公关反正懂得都懂）。其次是上课体验方面，老师上课非常喜欢讲述道德经的相关内容，（没错就是你第一时间想到的那个道德经）大约有课程时间的10%这样，个人觉得有点舍本逐末，过于希望树立自己与chs老师的不同之处，最后的效果emm，反正上课的到课人数后期基本百分之三四十吧，懂的都懂。老师去chs老师班代课大家的反应都是一脸懵逼。\n\n    总结就是如果你是每次课都能到并且能积极的卷发言次数，并且确保自己期末一定能考很高的分数，那可以放心大胆的选，老师和助教可以为你学习场波提供帮助。但如果你以上几点不能满足的话...场波有八个教学班，从给分和上课体验来说无疑有更好的选择（我想作为学生最在乎的应该就是这两点吧），那么为什么要选择这个“考研直通车”班级呢？
177343,381,林晓,2023-07-03 03:22:12,14,19,5,【电磁场与电磁波】21级评lx：\n\n其实作为学生我不是不能接受因为自己能力差所以得分低，但是我无法接受老师一开始什么评分标准也没说清楚最后莫名其妙就有了11分的凭印象自由调整空间，作业分也比平时学在浙大上的拉低一个档次，我真的不理解了就是说，既然作业分最终给的那么低，你平时打这么高的分是为了蒙蔽我们吗？以至于我还总是抱着作业做的还行的心态，期末不用做到完美应该也可以拿到一个比较不错的绩点，事实上出分前我对场波这门课还是有一个比较高的预期的，但最后事实是如果你期末考没有接近满分的能力那平时分就是会被狠狠扣，老师的说法是期末和平时挂钩？？？我也不是不能接受这种计算方法，但是在整个学期的上课过程中你有一句提过这件事吗？？？最后就这样很主观地给分，对于所有同学来说真的客观公平吗？最后，从大家的反应来看，lx老师应该是这学期所有场波教学班（中文和英文）中给分最差的。如果有信心自己能把场波学的很好，考试有接近满分的能力且上课愿意主动上去回答问题，那么在lx老师班确实能拿到一个相当不错的绩点。
177925,381,林晓,2023-07-05 13:01:53,11,11,0,关于信电的林晓老师：\n\n首先就上课来说，我觉得如果能一步步跟着他的推导学习，收获还是很大的，虽然中间有些道德经，但感觉算是对密密麻麻的推导过程的舒缓(但我觉得还是chs老师的课更加脉络清晰，lx的内容感觉也会有些偏难的部分），助教也是很负责，学习课程的体验还是可以的。\n\n至于给分，，，下面的评论都讲的挺清楚了，本人属于0次上台的平时分(社恐麻了)。不过明年说不定又会白化，毕竟在信电总是充满着黑化白化的反复()
178350,381,林晓,2023-07-10 14:32:56,13,14,1,首先外语学院的林晓老师绝对是好老师，所以我这里打的仍然是10分，不想影响老师的分数。以下评论仅就信电学院电磁场与电磁波林晓老师。\n\n\n\n距离场波出分已经过去了快两周了，但我的心情仍旧无法平静。这门课程是我进入大学以来分数最低的一门课程，一方面课程难度确实比较大，许多内容都是十分高深的，但你要说我没有花时间在这门课上我觉得也绝非如此，可能我个人在这方面也确实没有什么天赋；但另一方面老师在最后倒扣同学们平时分的行为也颠覆了我对大学课程评分标准的公平性以及大学老师给分原则性的认知。之前大家总是说xxx老师给分很求是，xxx老师很捞，但lx老师似乎并不求是也不捞？属于是毫无求是精神的给了你一个低分，在学期初制定的标准是上台发言的同学会在最后得到一点加分，老师也提出每位同学性格不同，所以不需要勉强大家都上台发言。但从最后的结果来看，不发言的同学在课程的总评中将会直接损失7分。的确，一位本科生，或者说十位，几十位本科生损失这7分对老师并不会有任何影响，但真正落到每一位同学身上时，却又显得如此沉重。并非不能接受老师希望大家多多发言，参与到课堂中，但我不能接受这样朝令夕改、欺骗学生的行为，大家就像猴子一样被耍了。\n\n\n\n其次是课程内容方面，反正我个人基本是一脸懵逼，上课时很多时间都在讲道德经，然后讲不完时就只能草草收尾，后来基本都是考chs老师班的智云苟活，感谢陈院长...大家可以的话还是尽量选陈院长的课吧，板书非常清晰，也非常利于同学们理解。或者选择中文班也是不错的，虽然考试可能会比英文班难一些，但从同学们的反馈来看，至少老师们会拼命想着捞你一把，而不是没有任何理由地倒扣你的分数...
181513,381,林晓,2023-10-20 03:44:29,-5,2,7,很好的老师，虽然大家说给分很不好，只有期末考得好才能不扣平时分。但是其实期末试卷出的很简单，基本没有难度。期末问助教，助教也会很认真的回答，会循循善诱。作业我自认为写的不好，但是助教还是会给我90分，我想问题出在发现给分太好而莫名扣去的平时分，如果开始警告大家期末考试很重要也许大家会重视，而不是想说比例这么低，再差我分数也不会差到哪去。班里很多人可能进来抱着给分好的想法，学习知识反而是次要的。
181612,381,林晓,2023-10-24 08:18:06,2,2,0,事少，和蔼，好好好
184568,381,林晓,2023-12-21 18:14:18,2,3,1,上课超级认真，人超级温柔。但是课后要完成她布置的所有任务是及其困难的（永远痛苦的精听：那种要一个字一个字写出来的听力练习）
186142,381,林晓,2024-01-09 05:12:54,5,5,0,【大英4】林晓老师真的超级超级好！虽然略显push但是如果自主学习积极性比较高的话日常背单词小测期末就不用补天了！！上课没什么pre要做 上课内容也兼顾了课本文本、听力和拓展！教学很扎实 很温柔的一个老师！！（但是老师好 大英坏呜呜呜呜呜呜呜呜）
186147,381,林晓,2024-01-09 05:31:24,5,5,0,大英四，大英所有老师给分都比较求是，但林晓老师真的能让你相对快乐地学习英语，老师比较注重课文的理解，上课也会做一些听力、口语表达、习作的训练，没有强制性的pre，都是小组推选或者自愿报名，而且超级温柔不会让你感到尴尬，对同学超级负责，作文会钉钉私聊给你建议。让英语从一门应试学科过渡到一门日常表达交流的工具。但是每周有单词听写，大概10个，2册3册都有。给学弟学妹们的建议：林晓老师无脑冲，一定要背单词！一定要背单词！一定要背单词！平时背单词可以让期末少补天；而且大英的考核不管是小测还是期末单词占比很大。
186468,381,林晓,2024-01-11 08:15:09,5,5,0,[大英IV]出分后来评论\n\n刚开课老师就会讲很多英语学习的方法，很实用，感觉能跟下来的话大英肯定没问题，可惜我没坚持qwq\n\n有关老师，人特别好，不push，作业几乎算是没有（也可能是我没做/而且完全不检查），上课会鼓励发言但不强制，presentation我们组没有，个人觉得事非常少而且能学到很多东西（当然是上课听的前提下），十分推荐啊，冲冲冲！！！
186469,381,林晓,2024-01-11 08:14:21,0,0,0,3.3😭
186527,381,林晓,2024-01-11 13:30:37,0,0,0,出分了，分不高，但是自己对大英投入也不多吧，老师很好，事情特别少，基本没有作业，也没有pre（我们小组没轮到），本学期搞了一个辩论赛让大家发发言，上课拓展还是很多的，会普及一些课文相关的背景知识，给大家开拓视野，会给大家放有意思的视频，有时候看课上放的ted演讲感觉还是很有启发的（无关乎英语的启发，是关于对生活和人生的思考），挺好的，但是原本以为自己英语很好的，自己记忆力不错、单词也都背了，课文也蛮熟悉的，但是绩点没上4，有点惊讶，也很难过，但是老师确实是好老师，推荐！
186574,381,林晓,2024-01-12 02:18:34,0,0,0,特别好的老师！
186587,381,林晓,2024-01-12 03:22:55,4,4,0,[大英四]真是的很好的老师！😍😍😍大英成绩其实主要是看客观分，跟老师关系不是很大。平时好好背单词，做好小测😭期末认真认真复习、期末考发挥正常，分数至少不会被绩杀的！林老师真的是很温柔的老师，发音很好听、不会强制发言、学识渊博，拓展了很多相关视频和信息，可以开拓眼界🤩🤩作业不多，学期中组织了一次小型辩论赛可以让大家锻炼口语，作文还会钉钉私信每个人点评，这么好的老师还不10分！！♥♥♥
186810,381,林晓,2024-01-13 06:32:23,5,7,2,点名是没有的，pre是不需要的，发言是不强制的，作业是少的，小测和平时作文打分是松的，老师是温柔的，能调的分是都会给你的。这是很难不爱老师的
190370,381,林晓,2024-02-28 14:40:57,1,1,0,老师超级好
193258,381,林晓,2024-06-05 08:39:45,0,0,0,超级超级好的林老师啊啊啊啊。温柔耐心，超级会鼓励人!!!因为林老师狠狠爱上英语！！！！！
193262,381,林晓,2024-06-05 09:51:56,0,0,0,毫无缺点的好老师，直接冲
195044,381,林晓,2024-06-26 13:22:01,-3,1,4,次次到课第一排且积极发言成为了场波lx老师第一个记住名字的人，后来还请他当了我srtp的导师，期末中规中矩吧，出分4.8，他的课只要你多交流就能拿比较高的分了
199000,381,林晓,2024-09-14 01:29:37,0,0,0,无脑选就对了
201571,381,林晓,2024-11-04 11:54:53,0,0,0,啊啊啊啊啊啊啊啊啊我爱她，她真的好好啊！！！
202004,381,林晓,2024-11-08 04:47:33,0,2,2,你们选不上她的课，而我选上了😍😍😍\n\n你们选不上她的课，而我选上了😍😍😍\n\n你们选不上她的课，而我选上了😍😍😍
206059,381,林晓,2024-12-13 04:29:40,8,8,0,超级好的老师，课堂远远超出了单纯的“学英语”，常常出现的是整个英文世界的习惯，思想和文化，比如第一课就用三本书告诉我们出入大学英语的三种思维，之后的课里这样“打开一个世界”的感觉也层出不穷，从大学应该是什么样到Lady Gaga与艺术，对于每个单元的主题林晓老师总是能做出inspiring的延伸。同时课上的小组氛围也很好，甚至会有小组presentation请全班人喝咖啡（笑）。非常好的老师\n\n另外，电磁波是物理学院同名老师，这位林晓老师虽然教的很好但是还没有到精通电磁波的程度，不要搞混了。（再笑）
206161,381,林晓,2024-12-13 06:45:32,0,0,0,很棒的老师，鼓励式教学
208080,381,林晓,2024-12-25 13:16:22,1,1,0,有幸在大一第一学期上了林晓老师的大英四，老师非常好，上课很有意思，经常鼓励同学表达自己，情绪价值给得超满！10分推荐～（会有三次左右单词听写，不全收，有两次pre，气氛很轻松，认真准备即可）
208209,381,林晓,2024-12-26 07:35:01,2,2,0,人真的很好～期末考前来祈祷
208823,381,林晓,2025-01-02 09:08:19,1,1,0,林晓老师真好啊～燃起了我对英语学习的兴趣\n\n期末考结束前来评分
209056,381,林晓,2025-01-04 10:03:21,1,1,0,林晓老师非常温柔，是引导式的老师。当你在台上pre的时候永远会热忱地看着你、鼓励你，平时作业基本不检查，事情比较少，不强制发言，会和学生有适度的互动。“你们要期末考试，我也突然好紧张。”满分💯，无脑冲！
209411,381,林晓,2025-01-06 02:26:28,2,2,0,林晓老师是特别温柔特别好的老师！感谢老师让我在英语学习的旅途中有了动力，感谢老师！非常幸运能学到林晓老师的大英四！
209933,381,林晓,2025-01-07 12:49:18,1,1,0,虽然不喜欢大英啊啊啊但是老师人超好，上课很好的，虽然但是最后大英拿了平平无奇的绩点，有点失望呜呜呜，不过还是很喜欢老师的
209943,381,林晓,2025-01-07 13:44:17,0,0,0,以为要挂了，最后绩点3.6，作为一个英语白痴很满意了
210511,381,林晓,2025-01-09 09:38:50,2,2,0,很好很好
212102,381,林晓,2025-01-13 07:33:56,0,0,0,老师人很好很温柔，考前也叮嘱很多
212155,381,林晓,2025-01-13 09:19:25,0,0,0,捞神给我捞上90了！
212950,381,林晓,2025-01-15 10:22:11,0,0,0,温柔的老师，大英课会有自己的视频和拓展，让我们做的pre也很有意思。
213103,381,林晓,2025-01-16 03:57:52,0,0,0,老师真的很会鼓励学生，而且也希望大家能够多开口说出自己的想法，课堂氛围也很好，超级感谢林晓老师。
219897,381,林晓,2025-06-10 12:26:56,0,0,0,无需多言，特别好的老师！
220094,381,林晓,2025-06-15 01:53:28,0,0,0,上的老师的大英四，大英三3.9，大英四4.5，老师会在开学时就说要重视视听说教材和课后的选词填空，让我们以复合式听写的标准精听视听说教材上的题，事实证明坚持下来的确会让英语听力水平得到很大提升。老师会让我们自由报名pre，以及会邀请一些人一起来，虽然我被邀请上来pre时很紧张磕磕绊绊的，但是老师课后还是在钉钉上私信鼓励我说表现得很好，不会有很大包袱的。伟大无需多言！
2651,434,徐春英,2015-05-05 03:11:57,3,10,7,实力派老师 很有收获！人也和蔼！性格很棒！
3143,434,徐春英,2015-05-18 00:27:54,3,9,6,上课很无聊，喜欢提问。
4130,434,徐春英,2015-06-18 01:50:14,10,13,3,老师不错
4436,434,徐春英,2015-06-23 04:47:51,-14,11,25,没上过这么渣的英语老师，上课无聊，就会用一些难的单词还不解释。我学过托福还都认识，边上的同学一直在纠结她讲的啥意思。跟个别学生关系好，其他学生鸟都不鸟……
4875,434,徐春英,2015-06-30 06:34:05,71,105,34,老师人很好，很和蔼。很希望和学生们互动起来，但是不太成功，只能靠点名问问题使课堂继续了。作业除了必须有的作文之外，没有什么了。╮(╯▽╰)╭
4938,434,徐春英,2015-07-01 08:00:02,-7,6,13,无聊的老师，整堂课一般都在用汉语…经常提问课本上的原文…给分不怎么样
5458,434,徐春英,2015-07-07 16:15:00,3,12,9,无聊……一学期的课没有学到东西，课堂气氛也很差
6049,434,徐春英,2015-07-10 13:02:26,36,44,8,感觉很想和学生互动但是有点不太成功，上课有点枯燥，不过人挺好
7298,434,徐春英,2015-09-13 08:15:21,-2,1,3,额
8808,434,徐春英,2015-09-28 05:30:38,-9,3,12,上课经常说错单词读音，很无聊，思想观念传统
11349,434,徐春英,2015-11-28 07:28:50,-2,3,5,。。。。。。
12877,434,徐春英,2015-12-24 07:16:47,20,24,4,老师人挺温柔的 上课就是讲课本的知识吧 感觉和高中老师上课比较像 不好水 会点名回答 作业还好 有小组展示
13590,434,徐春英,2015-12-29 16:54:03,10,14,4,很温柔 人很好 也比较有原则 我很欣赏这样的女老师！
14053,434,徐春英,2016-01-04 03:32:52,2,4,2,老师很不错
15376,434,徐春英,2016-01-14 06:18:33,3,9,6,无聊，给分还不好
17745,434,徐春英,2016-01-20 23:38:01,3,5,2,上课无聊，但是人很温柔，最后给分也不错╭(╯ε╰)╮
19225,434,徐春英,2016-01-23 14:58:16,2,4,2,还不错
19398,434,徐春英,2016-01-24 05:31:20,2,6,4,给分不好 上课无聊
20667,434,徐春英,2016-01-29 14:38:33,15,20,5,老师很温柔，上课淡淡的，不错
21905,434,徐春英,2016-03-01 14:11:28,0,2,2,至少我觉得好
21935,434,徐春英,2016-03-02 00:42:58,1,4,3,收获不大
22524,434,徐春英,2016-03-07 10:55:28,6,10,4,老师很好，希望同学们能多多配合老师
22663,434,徐春英,2016-04-17 10:55:48,2,3,1,上课气氛很不好
23508,434,徐春英,2016-04-02 13:39:01,-8,3,11,课堂气氛很不好，可能是因为全英文教学的缘故，大部分人都不知道她问的是什么。反正不要选就是了
25254,434,徐春英,2016-05-09 02:44:28,0,2,2,我觉得不错
27654,434,徐春英,2016-06-27 07:03:21,13,18,5,老师人很好，作业少，给分高，只要作文quiz稍微认真点给分很不错
27669,434,徐春英,2016-06-27 07:50:19,2,5,3,绝对好老师，事少给分高，虽然没怎么听懂但给分还不错
27695,434,徐春英,2016-06-27 08:34:33,-2,8,10,课堂没有气氛，很少听到中文，大英别的老师考了3.6，大英四她的，考了2.1，你们自己斟酌吧
27707,434,徐春英,2016-06-27 08:54:36,0,2,2,老师人很好，但是建议程度比较好的以考代修吧。
27792,434,徐春英,2016-06-27 14:39:44,3,5,2,认真你就会有回报
28140,434,徐春英,2016-06-28 08:09:25,6,9,3,大英4还要看自己水平，上课实在学不到什么东西，考试确实比大英3难很多。。咦，好像没评价老师诶。。。
28358,434,徐春英,2016-06-28 08:39:59,2,6,4,给分真心差。。。。
28432,434,徐春英,2016-06-28 08:58:34,2,2,0,人挺好的，大英渣如我居然能过
33933,434,徐春英,2016-09-23 02:45:29,3,4,1,好无聊啊...??
35617,434,徐春英,2016-11-10 07:33:58,1,1,0,讲得很仔细
43202,434,徐春英,2017-01-16 03:33:47,0,4,4,我觉得老师挺好的 很认真，也很负责。比较像高中老师的讲法，容易听懂。做个人展示还可以期末加1分。重要是我上老师的大英三满绩了~
43229,434,徐春英,2017-01-16 04:19:46,13,14,1,老师很温柔很细致的，平时作业不多，听写也简单，学得很轻松，平时还是要靠自己把基础打实。课堂气氛确实不活跃，需要大佬带节奏，不过我还是很喜欢徐老师！
43241,434,徐春英,2017-01-16 04:31:17,3,5,2,我英语很差老师很好，基本是挂科的成绩，硬是没让我挂
43242,434,徐春英,2017-01-21 16:52:27,0,2,2,很棒的老师
43250,434,徐春英,2017-01-16 04:46:51,1,1,0,只要你努力，认真，无论哪个老师，成绩都不会差
43258,434,徐春英,2017-01-16 04:57:43,1,1,0,老师发音很标准，很温柔，平常作业也不多，大英其实主要是靠自己努力啦，绩点和努力成正比！
43427,434,徐春英,2017-01-16 08:56:32,2,3,1,其实老师真的挺好的，只不过是我们自己上课不积极，又作业少，给分的话其实是看你自己成绩的，和老师关系不大。
43632,434,徐春英,2017-01-16 16:07:18,3,3,0,有点无聊 但很亲切 考多少分就是多少分
44066,434,徐春英,2017-01-17 08:58:12,2,2,0,老师人很不错，不过上课有些无聊，而且主要也是围绕课本内容展开的。老师很想和同学们有些互动，只是大家不是很配合。给分比较“求是”，希望水过拿高绩点的就算了吧
45426,434,徐春英,2017-01-19 14:07:21,6,7,1,老师真的真的超级温柔的呢，给分也很公道啦～
45586,434,徐春英,2017-01-19 23:52:37,0,1,1,老师人很好，上课形式多样，很负责，很温柔，对英语差的，好比我，都没有说半点的差别待遇，没有看不起我，很感谢
47702,434,徐春英,2017-02-19 09:19:34,3,7,4,挺好的一个老师，是我自己不用功。
48012,434,徐春英,2017-02-28 04:46:01,0,2,2,人美心也美的老师
50428,434,徐春英,2017-05-03 01:08:57,0,1,1,老师上课挺好的\n\n试图活跃课堂气氛\n\n但大英课大家都比较水\n\n几乎每节课都会点名\n\n
51119,434,徐春英,2017-05-18 03:31:48,12,18,6,老师从来就没准时下课过，哎
52663,434,徐春英,2017-06-22 04:43:52,0,1,1,老师很好啊！给分高，作业少，人也很温柔！
53851,434,徐春英,2017-06-28 01:45:16,7,10,3,上课全程懵，给分也不好
53860,434,徐春英,2017-06-29 10:12:43,1,1,0,老师很好！就是会有点困?
53926,434,徐春英,2017-06-28 04:35:43,0,1,1,就是想说，老师人很好的，很可敬。作业什么的基本没有，不会耽误你其他的课，上课虽然感觉枯燥，但大英不都这样吗\n\n
53934,434,徐春英,2017-06-28 05:14:53,4,5,1,大英四明明感觉很好，分数低出天际
53936,434,徐春英,2017-06-28 05:30:34,0,6,6,讲得烂，给分差
53966,434,徐春英,2017-06-28 06:29:19,1,1,0,老师真的很女神，很和蔼，有原则。
53973,434,徐春英,2017-06-28 06:37:00,0,0,0,
54123,434,徐春英,2017-06-28 13:41:21,0,0,0,视听说慎选
54129,434,徐春英,2017-06-28 13:48:20,-1,2,3,说感觉好 分数差的 可能你的真实英语水平和你想像的还是有点出入…所以感觉也不准确…  我考完觉得还不错 然后满绩了：)
54166,434,徐春英,2017-06-28 14:56:32,0,4,4,差评，毁我均?，千万别选这老师的课，大英都调分，英语视听说就不调分。千万别选这老师！
55055,434,徐春英,2017-06-30 16:38:00,2,3,1,声音很好听，但是课堂气氛迷之尴尬
62579,434,徐春英,2017-11-26 04:06:25,1,1,0,课太水
64044,434,徐春英,2017-12-20 16:09:24,0,2,2,老师真的很棒。 英语说的溜很好听。声音也很好听 简直享受。老师也很可爱会让我们交换礼物上课很认真辣
65335,434,徐春英,2018-01-12 00:47:27,2,2,0,助教漂亮！！！\n\n\n\n
65412,434,徐春英,2018-01-03 17:17:44,2,2,0,老师人很不错，很温柔还关心学生，但课讲的不咋地，可能和课程本身也有关系吧，总体比较水，大部分时间学不到什么东西，不过老师自己很有涵养，气质不错，还是可以有些收获的。
66041,434,徐春英,2018-01-11 06:39:47,0,2,2,其实挺不错\n\n
66075,434,徐春英,2018-01-11 10:47:54,2,3,1,老师超温柔的。作业也不多
66604,434,徐春英,2018-01-17 12:49:58,1,2,1,好老师啊本来大学就要靠自学
67619,434,徐春英,2018-01-22 02:27:58,3,3,0,老师很好，很温柔。但是我自己水平太差了，分还没出，希望能过吧
67631,434,徐春英,2018-01-22 02:54:54,0,1,1,拿了课外自己的一篇英语文章给老师改，老师特别特别用心改，还说了我很多额外的知识。课堂内容形式很丰富的，老师很温柔很负责。给分不错吧。。。虽然有点失望。。。但也可能是我自己期望太高了
67657,434,徐春英,2018-01-22 04:13:36,0,1,1,女神老师，很和蔼，也会分享英语学习的各种干货。但是上课的气氛有时不是很能调动起来，所以有时会点名回答问题不能水233333
67692,434,徐春英,2018-01-22 05:23:08,1,2,1,。。。。。
69305,434,徐春英,2018-01-24 12:30:00,0,0,0,老师人很好，课堂气氛一般般，认真听还是可以学到一些东西的
75523,434,徐春英,2018-03-13 02:24:12,1,1,0,优点：性格温和\n\n缺点：不擅长交互，上课及其无趣，方式偏向高中
75938,434,徐春英,2018-03-22 07:36:02,-10,4,14,上课点名回答 内容枯燥 而且作业感觉并不少 每篇after class 都要写summary 下课回抽查 并且课程一定要预习 不然会回答不上问题 而且课前演讲必须要求脱稿 \n\n所以为什么这个老师分数这么高 真的比高中上课还无聊
76421,434,徐春英,2018-04-09 00:20:15,1,2,1,啊啊啊疯狂给老师打call真的很用心很温柔地鼓励你说英语 很好的老师
79580,434,徐春英,2018-06-10 23:57:53,1,1,0,挺好的 真的挺好的
81361,434,徐春英,2018-07-05 02:14:45,1,1,0,老师人真的很好，上课虽然有些平淡但是认真听还是会有收获的
81390,434,徐春英,2018-07-05 03:20:01,0,1,1,成绩刚好不卡档，上了大英三和四，老师人超级和蔼，课堂表现的成绩是按听写来的
82538,434,徐春英,2018-07-08 12:19:42,1,1,0,老师人挺温柔，讲的也挺细，就是同学们，积极一点啦，课堂节奏也是要童鞋们带的啦！
83665,434,徐春英,2018-07-11 03:22:01,2,4,2,老师很好，如果你主动的话会非常认真的给你改作文，即使是一个小问题也会非常耐心地给你讲很多知识，平时事情不多，课堂气氛不是很活跃，但给分还不错
83956,434,徐春英,2018-07-11 15:20:33,6,7,1,大英基本靠自己吧\n\n老师人很好 佛系 给分不含糊  有理有据\n\n作业不算多
88258,434,徐春英,2018-10-25 06:50:48,4,6,2,老师的声音像天使
92392,434,徐春英,2018-12-28 08:07:35,9,11,2,老师真的是好老师，特别和蔼，重点是作业特别少！
92643,434,徐春英,2019-01-03 08:37:33,0,4,4,感觉老师自己水平不高，有些字典上的固定搭配她都说没听说过，会帮你改作文，但是感觉修改的档次越来越低。但是作文如果本来就烂到一定境界倒是可以加个一分。改作文很带主观色彩，挺玄乎的。反正印象不好。
95363,434,徐春英,2019-01-19 09:14:32,6,7,1,老师人很好，作业挺少的，平时成绩也尽量给高，人很随和，上课也尽量尝试去互动，是个很好的老师
95373,434,徐春英,2019-01-19 09:30:08,8,9,1,老师真的超好超温柔啊 为什么评分那么低？
95394,434,徐春英,2019-01-19 10:13:59,11,12,1,老师人超级好阿！上课很温柔声音很好听，每次考前也会提醒我们考试会考到的题型，课上给我们练定时的口语讨论！给分公正，如果认真学的话平时分会高的！总之真的是很好的老师！
95411,434,徐春英,2019-01-19 10:46:14,3,4,1,课很水，事也很少，成绩差还是因为自己没努力吧！至少没挂……
95421,434,徐春英,2019-01-19 10:58:31,1,3,2,老师还是很温柔的，给分不是很清楚，更多还是看个人。点名的话教室一共就那么几个人谁在谁没在也看得一清二楚吧。
95444,434,徐春英,2019-01-19 11:52:51,6,8,2,老师事情很少，很和蔼\n\n
95483,434,徐春英,2019-01-19 12:50:07,6,8,2,徐老师特别特别温柔，口音很好听，会推荐很多学习的资源，答疑热心，给分也很公平透明，只要努力一定不会差的?。很多人说上课气氛不好，emmm徐老师的课基本和高中一样，以听她讲课为主，自己听不进去容易开小差还是找找自己的原因叭，而且老师的这种形式也证明了——事少嘛！总之，一句话，上了老师的大英三，已经回购老师的大英四啦～为徐老师爆灯打call！
95892,434,徐春英,2019-01-20 07:39:58,5,6,1,老师很温柔 人很好也很有耐心\n\n上课事情超级少 总共就听写过两次还是为了帮我们准备quiz\n\n大英课不是很有趣 总是发呆走神 qq上问老师都会耐心解答\n\n给分公平透明 也会努力帮大家加分 听写分数低的期末又给了一次机会
96205,434,徐春英,2019-01-20 14:21:30,7,9,2,最后几节课疯狂想办法棒学生提平时分，很用心了，好评
108731,434,徐春英,2019-06-01 04:23:22,6,7,1,为了以后能再上女神的课特地去辅修了个英语
109354,434,徐春英,2019-06-13 08:09:55,1,3,2,徐老师的课真的是没啥事情的，就上课点点名回答问题，就算不来都没啥大事的，而且在重要的时候比如重要的听写会提醒那些不常来的同学要来。最关键的是疯狂提平时分，就算听写前两次没好，快到期末了还会为那些没达到听写90分的同学进行听写，而且是取两次最高的成绩作为平时分！
109937,434,徐春英,2019-06-20 10:46:14,9,10,1,上了老师的大英三和大英四，感觉老师很温柔很负责，quiz啊四六级啊期末考前都会特意告知题型注意事项啊应考策略啊之类的，平时事情真的不算多，上课方式也让人感觉很舒服（可以走神orz……），抽问同学大多数也是因为没有volunteers～我觉得老师最棒最棒的一点是分享了很多学英语的方法和各种英语学习资源，只要充分利用是一定能提高水平的！（不过大英课本身的确很难收获什么...）总之老师绝对不止八分的分数，希望学弟学妹们放心地选老师的课啦～
110622,434,徐春英,2019-06-27 16:45:07,0,2,2,好就一个字，我只说一次，选就对了
110997,434,徐春英,2019-06-29 04:35:09,0,1,1,感谢老师不挂之恩
111042,434,徐春英,2019-06-29 10:10:49,3,3,0,上课贼无聊。。。
111098,434,徐春英,2019-06-29 15:44:06,0,1,1,声音温柔美丽，我爱了
111626,434,徐春英,2019-07-02 08:58:37,0,0,0,老师很好   是我菜
116037,434,徐春英,2019-08-31 23:36:04,0,0,0,很温柔很负责
117369,434,徐春英,2019-09-23 11:28:53,0,0,0,上完课就完事儿了，之后找她不会多说一句。
118841,434,徐春英,2019-11-07 02:31:17,0,0,0,很喜欢老师的发音，听着好舒服
120555,434,徐春英,2020-01-12 17:10:53,1,1,0,老师很温柔，非常温柔。平时也会分享不少英语相关的学习资源。课程作业很少，每个人一次一分钟多的演讲，剩下的就是常规作业。但卡绩了还是有点难受
126091,434,徐春英,2020-09-17 09:15:24,0,1,1,上了一节课给个好评希望能对我好点
128888,434,徐春英,2020-12-26 11:59:50,0,0,0,温柔的老师
129620,434,徐春英,2021-01-09 04:59:47,0,0,0,徐老师上课非常认真，选了徐老师的英语翻译，收益匪浅！
130667,434,徐春英,2021-01-24 06:53:31,1,1,0,老师海底捞，没学好是我的问题，我爱老师
130676,434,徐春英,2021-01-24 07:10:54,1,1,0,老师人很不错，最后绩点不入眼纯粹是我水平太菜。问一句，是谁出的大英3听力比大英4还难的…
130700,434,徐春英,2021-01-24 09:34:36,1,1,0,很温柔的老师，还想办法提高平时分，好评
130710,434,徐春英,2021-01-24 10:24:55,1,1,0,老师很温柔很nice，最后还给听写抬平时分，只有3纯粹是我虚度光阴不学无术，老师真的很好～
130779,434,徐春英,2021-01-24 14:12:09,0,4,4,怎么说 不捞人 挂了大英三 悲伤 就差几分也没捞
131557,434,徐春英,2021-01-28 04:09:09,1,1,0,徐春英老师很温柔很负责，四六级和考试前都会反复提醒注意事项，平时也会分享很多学习资源和平台。平时事情不多，每个人每星期有一次i-min speech，没有其他什么pre了
134338,434,徐春英,2021-03-24 07:10:06,0,1,1,老师备课贼认真，但是活跃课堂气氛的技术确实不高。
137344,434,徐春英,2021-07-03 10:53:29,0,0,0,很和蔼，但是上课好无聊\n\n平时分基准分应该不高\n\n大英四没考好纯属我菜
137363,434,徐春英,2021-07-03 12:55:56,0,0,0,老师人很温柔hhh 也希望同学们平时分高一点 听写作文什么的分低的话可以再交
138097,434,徐春英,2021-07-07 10:11:11,1,1,0,老师真的是很温柔平和的人，课不认真听看起来确实有点枯燥，也可以开小差，但认真听其实是节奏很舒服的。作业基本就是预习，稍微完成一下概括的练习和视听说，课后题不怎么做，作文会比算分的多写一次取最高分。给分特别透明，就是每一次听写、作文、小测和口试的分数，课堂演讲不参加扣一分，参加就有分。\n\n我的作文上课被当作案例讲了修改意见，我改完后老师又提了修改意见，每一次修改老师都会认真看完给意见（说实在当时压力巨大，生怕老师还能提，最后改了两三次吧。\n\n大一上学的大英2，没学3的原因是春夏的3还是之前我那个老师，实在是不太想再……\n\n最后大英4拿到这样的分数已经很满意啦。有人说给分差，一个人不能代表老师的给分呀，不过确实分数很实在，平时分会在考前清清楚楚地公布出来，让大家核对
146235,434,徐春英,2022-01-06 03:27:40,1,1,0,超级超级温柔，而且超级负责的老师，平时事情不多，口音也很地道。感觉平时分也不错！选她！
146236,434,徐春英,2022-01-06 03:43:50,1,1,0,老师讲得不错，不过给绩点能不能高一点(😭 )
146287,434,徐春英,2022-01-06 06:51:17,-4,0,4,老师捞得好啊
146313,434,徐春英,2022-01-06 07:47:30,6,9,3,吐了，一分不拉，平时分直接考前公布，56分直接挂了。
148287,434,徐春英,2022-01-12 05:17:47,8,8,0,英英姐真的是很好很温柔的老师，备课超级用心，话题也很接地气，上课也特别舒服，讲英语很好听。会很认真地讲考试范围和备考技巧，平时分每一项都清清楚楚做好了也不会低，大英都不捞的绩点基本看考试。有文章想请教她修改她真的会认认真真看给你回复，一篇文章给我改了三四次。上课说无聊困的也没办法，不能要求每个老师都像讲相声一样生动，互动是有的，只不过是大部分人（包括我啦）课前都不预习，肯定难指望回答得上问题。总之当时看分很低还很怕，现在真的在遗憾大英四没选上她。英英超棒！
150725,434,徐春英,2022-02-16 05:54:25,1,1,0,徐老师真的是很好的老师 很温柔负责任 各种考前注意事项 还有各种学习资料分享 而且做pre的时候她就超级耐心地倾听着 而且给的建议也超级中肯 发音也很好听 真的吹爆！
151400,434,徐春英,2022-03-02 10:12:49,1,1,0,课堂氛围比较平淡，但老师是很认真负责的
151461,434,徐春英,2022-03-04 00:47:04,1,1,0,蛮好的
154201,434,徐春英,2022-05-26 03:04:49,2,3,1,学了大英3根本没兴趣学大英4，同样的课上两遍有意思吗？？大英4作文给分太低了，书评网站给我14直接被改成了12，🐮
155649,434,徐春英,2022-06-15 04:05:27,5,5,0,上课比较无聊，很会叫人回答问题，平时课堂分也不给满，给分一般
155659,434,徐春英,2022-06-15 05:13:19,2,2,0,老师非常温柔，过程非常透明。\n\n按照老师的引导来，至少从我自己角度出发，IV比III进步太多了，而徐老师的引导作用匪浅。
157069,434,徐春英,2022-06-21 22:57:52,6,6,0,老师上课事情很少很轻松，人也很温柔。不过给分不大行，不会捞人。
160081,434,徐春英,2022-09-13 05:24:06,-2,2,4,老师不错，就是事情有点多
160597,434,徐春英,2022-09-27 15:03:11,-2,2,4,1.老师温柔\n\n2.事情特别特别多，就我调研，比其余所有英语老师都要事多。\n\n3.会积极鼓励学生发言，也会给予中肯的评价\n\n4.上课一定要听牢，拿上课讲过的东西再去问她，可能会被骂
163629,434,徐春英,2022-12-16 01:23:59,9,10,1,徐老师口音真的很好听啊\n\n平常事情也不多，一学期一次展示，偶尔写一下作文\n\n还没到期末，不知道给分怎么样（大英3）\n\n至少上她的课上课体验是很好的\n\n认真听能学到东西，不听也可以做自己的事情
163636,434,徐春英,2022-12-16 01:46:09,2,2,0,老师人很棒呀！！！真的很有耐心
163680,434,徐春英,2022-12-16 02:42:27,2,2,0,讲课真的很好，可是有一种想和同学互动但又互动不起来的感觉，有种高中老师的感觉...\n\n在全员核酸时会提前下课!!!
168648,434,徐春英,2023-02-20 14:19:47,1,6,5,上课还行，就是有些时候喜欢挑错，给分真的呵呵，虽然没课外花功夫，但是也跟着，想到会不高，没想到会这么低，呵呵
168678,434,徐春英,2023-02-21 02:32:35,10,10,0,认真负责，给分不行
170548,434,徐春英,2023-03-06 10:09:58,-17,2,19,老师给分超级好！第一门满绩的课！
174568,434,徐春英,2023-06-14 06:58:48,0,0,0,很不错的老师
174586,434,徐春英,2023-06-14 09:21:51,0,0,0,很不错的老师
175156,434,徐春英,2023-06-22 03:35:38,1,1,0,虽然感觉大家课堂气氛不太活跃，但老师备课上课都很认真，教得还不错滴。这学期四比上学期大英三进步了好多好多，感谢老师🥹不过也要自己多下功夫，老师每次布置的作业都很仔细，都要去完成才可能有进步！
175240,434,徐春英,2023-06-22 16:13:46,1,1,0,感觉老师给分没有说的那么不好（个人感觉有调分？），以及点名回答是真的，很温柔，很负责的老师
178231,434,徐春英,2023-07-08 10:18:31,1,1,0,吹爆春英麻麻！！！爱麻麻！！！
185019,434,徐春英,2023-12-26 00:14:26,4,4,0,你发烧了和她说一声就可以请假，她还会安慰你好好休息，甚至还会把你小测的卷子拍照发给你，她真的我哭死
185189,434,徐春英,2023-12-27 03:42:59,3,3,0,老师真的很好，认真负责，除了上课一直点名搞得我心惊胆战的。。。但老师值得一个9开头的分数，先把她抬到九分再说
186377,434,徐春英,2024-01-10 17:06:35,1,1,0,老师人很好，很有耐心，脾气也好，而且特别关心学生，对学生态度很好，而且平时事情很少，给分情况暂时不太清楚，上课比较无聊，虽然感觉老师在通过提问题来改善课堂氛围，但整体并不理想，不过从整体来看，徐老师的课还是相当值得选的
186398,434,徐春英,2024-01-11 02:56:32,3,3,0,老师非常非常非常温柔🥹非常好老师
186401,434,徐春英,2024-01-11 03:07:11,3,3,0,老师好温柔，会关心学生，口语好好听。我爱春英麻麻！！！
186440,434,徐春英,2024-01-11 05:36:07,2,2,0,老师超好，超级和蔼🥹\n\n绩点出了但是自己水平太菜😭
186451,434,徐春英,2024-01-11 07:14:39,0,0,0,老师特别特别温柔，脸上总是挂着笑容，虽然上课感觉略显无聊，但是能看出老师是有认真准备每一节课的，至于绩点大英都是自己考出来的，平时认真的话绩点不会差的  ps.考完老师还在群里面回复了小鲨鱼表情包哈哈哈哈哈哈
186461,434,徐春英,2024-01-11 07:50:19,1,1,0,老师非常温柔，口语很标准，经常分享一些提高听力、口语水平的途径。\n\n对小组的展示会给出中肯的评价与鼓励，听写、小测都会提前告知范围，提醒大家做好准备。\n\n总之一定要跟着老师的节奏重视单词和课文，VLS的作业按时听，基础打扎实，忠言逆耳但功在平时啊！\n\n（而且老师明显在捞了，句子听写、小测课文翻译能给分都给了。没选上老师的大英四我爆哭555）
186681,434,徐春英,2024-01-12 12:17:24,2,2,0,春英麻麻真的很温柔！！上课多发言一些平时分给满的，总评80感觉被捞了哈哈哈，已经很满意了！！毕竟这个学期英语课几乎没听，来给徐老师打10分！
186832,434,徐春英,2024-01-13 08:14:19,1,1,0,老师真好，爱你
187114,434,徐春英,2024-01-14 13:43:00,0,1,1,课堂体验很舒服，绩点感觉是被捞了，事情可能有点多，但是也还好
187197,434,徐春英,2024-01-15 04:22:35,0,0,0,非常好的老师，很温柔人很和蔼
193530,434,徐春英,2024-06-12 11:40:41,4,5,1,在徐老师的课堂，我仿佛回到了高三午休后的第一节英语课。外面阳光明媚，但我藏匿在教室的阴凉一角，睡意朦胧。此时此刻，老师温柔清亮的嗓音融进了我的困意，轻轻搅动着我的思绪，让我无比安心与沉醉。\n\n也许不久以后，我会被上不完的专业课和写不完的实验报告所包围，但每当回想起大一一整个学年在徐老师的大英三和大英四课堂的时光，会是多么治愈的事情。爱您～
194260,434,徐春英,2024-06-23 02:48:24,2,2,0,非常好的老师，上课声音温柔和蔼，钉钉消息也回复的很及时，课上只有一次小组pre，个人自愿pre可以加平时分，而且都可以看稿子不需要背下来，给分我觉得和我这学期的付出相比，已经符合我的预期了，谢谢老师！
194954,434,徐春英,2024-06-26 04:57:21,3,3,0,大英三四都跟着徐老师，同时由于一些原因听过不少老师的大英课\n\n我可以保证，徐老师的大英课绝对是日常任务最少的一波。给分很透明，各种加分项目学期初说的很明确，想要加分就跟着要求做。但其实大英最重要的还是背单词和卷子发挥，不同人差距很大\n\n我大英三四最后分数都不高，但不论如何，徐老师的大英课体验不错
205900,434,徐春英,2024-12-12 14:17:40,0,0,0,老师温柔和蔼，鼓励同学们发言，你说话时会笑眯眯看着你，作业量算适中吧？（不确定 我只能和室友的老师比较）四六级 口试前 都会有几节课专项练习还不错 课间会放音乐（视频） 但是有两节课之间拖堂的问题 但是5分钟还是会给休息的（就是会延后 直到讲完当前的内容）quiz前会给词汇和课文复习资料 总体挺舒服的 不会像其他课程有那么大压力
205953,434,徐春英,2024-12-13 01:59:49,1,1,0,很温柔，超级好，选上你就偷着乐吧
205988,434,徐春英,2024-12-13 02:40:43,2,2,0,大一上上过来最喜欢的一个老师，特别温柔，上课很好，下学期一定还会选老师的课
207970,434,徐春英,2024-12-25 06:04:21,1,1,0,徐老师比较负责，会及时回复，各种考试也比较放水，算管的比较松，虽然会一组轮着回答问题，但要水也比较好水
208169,434,徐春英,2024-12-26 04:50:19,3,3,0,老师人非常善良，总是笑眯眯的，上课会按顺序请人回答问题，作业只有书本，和一次presentation，并且从不检查。是非常好的老师
208221,434,徐春英,2024-12-26 08:07:02,1,1,0,很温柔的老师
208223,434,徐春英,2024-12-26 08:13:37,2,2,0,春夏选课看到大英IV又有徐妈毫不犹豫直接选了૮₍♡♡₎ა
208284,434,徐春英,2024-12-26 13:12:08,2,2,0,脸上一直挂着笑容，很治愈❤️‍🩹
208348,434,徐春英,2024-12-27 03:31:28,2,2,0,大英三平时成绩出了，先来给老师一个10分，毕竟期末考试老师也没有办法。徐老师真的很好很好，强推，平时分非常慷慨。
209030,434,徐春英,2025-01-04 09:05:12,1,1,0,温柔，温馨，感觉像回到高中那样发会呆听会课的感觉了
209106,434,徐春英,2025-01-04 13:22:46,3,3,0,老师很温柔，水平也很高，但是给分确实很一般
209109,434,徐春英,2025-01-04 13:25:32,2,3,1,给分很求是，想让老师捞的别来
209142,434,徐春英,2025-01-04 15:54:41,2,2,0,好棒的徐老师！！很温柔！这学期是她的大英三，不会管的很严，上课我不太听，就是她有时会按小组提问问题，那个时候稍微听一会，回答不上来也没事，展示也只有一次，课下作业我是没做过，最后喜提四开头的绩点！好老师，赞赞赞
209225,434,徐春英,2025-01-05 05:52:39,2,3,1,老师很好，但是挂了(っ╥╯﹏╰╥c)
209306,434,徐春英,2025-01-05 11:27:40,0,0,0,老师很好，对学生很温柔很有耐心，就是大英三这门课程本身就不讨喜，总之大英能选到徐老师的课就偷着乐吧
209607,434,徐春英,2025-01-06 10:47:15,0,0,0,徐老师真的特别温柔，课也讲的很好。平常作业基本没有！感觉没认真听她的课是我最大的损失！
210123,434,徐春英,2025-01-08 07:51:02,2,2,0,英3刚好上3.9嘿嘿。老师真的很温柔，说话很和蔼，慢慢悠悠的。消息回复很及时。要不是英4徐老师的课时间和我预置冲突了我还会选她
210414,434,徐春英,2025-01-09 06:30:14,3,4,1,高铁上发现英三89分完美卡在4.5 特来感谢老师并写一些自己的看法\n\n先说老师教学方面：老师上课内容很全面（听力，阅读理解，口语，写作）不仅会讲解书上的内容，而且也会有老师根据教学经验总结的tips和必要的应试技巧。课间休息和上课前会播一些英语原声短片（虽然我根本没听懂过）。   作业上老师一般都是布置的预习作业，好好完成的话对于上课时老师讲的课文知识会很有帮助，即使有事没有预习也尽量上课看看不然可能听不懂课文（虽然听不懂也不影响考试啥的，但是会错失课上与老师互动的机会）。然后小测之类的老师都是很捞的，期末属实没有办法了，还得多背背单词看看课文之类的。\n\n其次老师的性格方面：老师说话很温柔然后总是面带着微笑，课上如果不会回答问题的话老师也不会为难，总之是很好很好的性格，这里词穷就不多说...\n\n最后总结一句：老师人美心善，教学能力过硬，只要自己略微认真一点，拿高分没问题哒，大家加油ヾ(❀╹◡╹)ﾉﾞ❀~
211929,434,徐春英,2025-01-13 02:01:42,0,0,0,超氵氵氵氵氵氵氵氵氵氵氵氵氵氵氵氵氵氵氵\n\n几乎一节课没听过（虽然有点对不起老师）\n\n我完全赞同下面那条的评价
216812,434,徐春英,2025-03-26 04:16:43,0,0,0,上学期大英三，老师人很好，课堂氛围比较宽松，作业很少，一次小组展示。强推
219347,434,徐春英,2025-05-25 14:11:45,0,0,0,特别好的老师
220041,434,徐春英,2025-06-14 04:10:08,1,1,0,人很善良，总是笑嘻嘻的。\n\n也不强推吧，但是肯定是不错的选择。
220062,434,徐春英,2025-06-14 11:16:49,1,1,0,卡绩。
220102,434,徐春英,2025-06-15 03:22:55,0,0,0,刚好过4.2，老师会捞的，很好很好
19103,438,施旭,2016-01-23 09:09:13,1,2,1,有思想\n\n
21173,438,施旭,2016-02-25 04:50:06,1,4,3,大师级人物，上课很随意，喜欢和你有眼神交流！很好很和蔼的老师
23197,438,施旭,2016-03-21 13:53:55,0,1,1,讲课不是很清楚
48404,438,施旭,2017-03-03 02:13:54,0,0,0,第一次希望老师还是用英文授课吧。。用中文简直就是。。外交部发言人莅临浙大
48672,438,施旭,2017-03-09 06:39:00,0,1,1,空无一物 劳民伤财
56222,438,施旭,2017-07-03 09:30:11,1,1,0,为啥我觉得上课特别尴尬.......唉
655,439,邵勇,2015-03-15 10:29:49,79,79,0,邵勇老师特别负责，对学生绝对尽职尽责，是个好老师！！！
1994,439,邵勇,2015-03-28 06:22:05,13,13,0,好老师
4546,439,邵勇,2015-06-24 08:39:02,26,26,0,下学期没有他的课了哭瞎
4754,439,邵勇,2015-06-27 12:05:53,18,19,1,特别负责，特别好的老师，还萌萌哒
5337,439,邵勇,2015-07-07 00:40:22,22,22,0,好老师！
5803,439,邵勇,2015-07-09 12:08:26,37,37,0,爱死Herr邵！
5813,439,邵勇,2015-07-09 13:20:01,53,53,0,享受～美妙的发音～幽默的谈吐～有时莫名其妙的笑
12004,439,邵勇,2015-12-21 13:17:46,15,16,1,特别萌！！！！！
12006,439,邵勇,2015-12-21 13:18:08,10,10,0,超级萌～～
12979,439,邵勇,2015-12-24 12:23:26,41,41,0,有一次跑进办公室好像看见老师低头捧着饼干在啃，老萌的~
13064,439,邵勇,2015-12-24 16:36:14,11,11,0,专程点赞！
13143,439,邵勇,2015-12-25 03:09:07,11,11,0,邵老师很好，我上的经济德语，老师讲的很实用，上课很幽默有趣，而且布置的作业也很有用。
15530,439,邵勇,2016-01-15 06:18:15,7,7,0,好喜欢
19105,439,邵勇,2016-01-23 09:15:36,17,17,0,目前上过的课里面最好的老师，包括教课水平 给分 课堂氛围 个人见识等等
20838,439,邵勇,2016-02-01 14:47:34,36,37,1,在Herr朱毁灭性的打击之后，Herr邵就是救赎
21884,439,邵勇,2016-03-01 12:01:28,10,10,0,大爱Herr Shao\n\n
25983,439,邵勇,2016-06-15 00:14:04,7,7,0,好好好
27973,439,邵勇,2016-06-28 07:56:21,4,4,0,太爱邵老师，可惜辅修课没有了么？\n\n
28469,439,邵勇,2016-06-28 09:10:28,19,19,0,老师特别幽默风趣，知识渊博，上课有趣待人和善，浙大第一男神！！
29134,439,邵勇,2016-06-29 09:28:38,6,6,0,挺不错的
31671,439,邵勇,2017-03-13 11:46:26,77,78,1,好多同学都在刷国爸爸，其实德语所还有很多好老师的！比如，Herr Shao!只是老师他比较放荡不羁，不爱做研究，所以现在主要上语言课。但是，邵老师真的上课幽默风趣，德语水平非常高超，发音就像德国人发的，听他说德语太享受了，唯一的遗憾是老师不怎么说大段大段的德语！作业少，给分好，私下里有任何问题都会尽心尽力解答帮忙，真的是值得尊敬的好老师！默默祝邵老师身体健康，永远都能快乐地坐在桌子上给大家上课！
33405,439,邵勇,2016-09-19 06:37:12,7,7,0,最可爱的德语老师
33694,439,邵勇,2016-09-21 05:57:02,6,6,0,炒鸡赞
34628,439,邵勇,2017-01-05 10:09:09,11,11,0,好希望四年都能上Herr Shao的课
40461,439,邵勇,2017-01-03 13:19:32,17,17,0,超爱，超萌，上次在教超看到他吃橙子，和他打招呼，那个小表情，萌死了herr shao
46940,439,邵勇,2017-01-23 04:23:47,10,11,1,老师人很好！上课节奏正常！偶尔布置有助于期末考试的作业！考试难度适中！可是为什么还没出分啊啊啊啊啊啊！
47176,439,邵勇,2017-01-24 09:50:04,40,40,0,大家千万不要被邵老师的外表迷惑!!他只是不喜欢扣衬衫的上面几个扣子啦哈哈哈哈 真的人特别特别好 上课的时候会莫名其妙的笑 好可爱好可爱 发音也好好听 好喜欢好喜欢！
47938,439,邵勇,2017-02-27 11:10:08,4,4,0,超级棒
48446,439,邵勇,2017-03-04 04:22:22,13,16,3,我所有课里绩点最高的……我真的不想学社科了……
51613,439,邵勇,2017-06-07 13:14:16,7,7,0,最爱的老师！
53994,439,邵勇,2017-06-28 07:22:00,13,14,1,超棒的老师！慵懒的声音！读诗！上课接到外教电话！都迷死我了！
57459,439,邵勇,2017-07-08 06:12:07,0,1,1,德语II阵亡了
63564,439,邵勇,2017-12-07 02:40:30,2,3,1,上课太他妈好玩了哈哈哈哈哈哈哈哈喜欢
69644,439,邵勇,2018-01-25 06:29:09,4,4,0,老师很好玩哈哈哈讲话莫名好笑
70411,439,邵勇,2018-01-26 14:55:10,2,2,0,好！！！
72664,439,邵勇,2018-01-30 16:30:39,7,8,1,谢谢herr邵给我经德满了
74344,439,邵勇,2018-02-12 07:17:25,2,2,0,很好啊
87415,439,邵勇,2018-09-28 15:03:41,3,3,0,不错的
98052,439,邵勇,2019-01-23 04:28:40,11,11,0,我疯狂吹捧！人佛佛的但是学生很负责，对于电脑啊微信啊都搞不太定，超可爱的哈哈哈。考试前把重点画的清清楚楚明明白白的，给分也好！
98246,439,邵勇,2019-01-23 08:43:05,4,4,0,好爱邵老师！！上课很负责有什么忙都会尽力帮我们，德语系真的好老师超多的！
98468,439,邵勇,2019-01-23 13:13:05,4,4,0,老师好可爱啊啊啊啊啊啊
101433,439,邵勇,2019-01-28 07:56:10,3,3,0,讲课好给分好人也可爱的Herr邵
102134,439,邵勇,2019-01-30 15:21:40,11,11,0,老师人很好o(^o^)o而且超级为我们的均绩着想哈哈
108924,439,邵勇,2019-06-04 08:54:50,9,9,0,邵老师真的是像爱护孩子一样爱护德语系学子啊
110021,439,邵勇,2019-06-21 09:34:53,7,7,0,超级好的老师(๑•̀ㅂ•́)و✧
111542,439,邵勇,2019-07-02 01:51:07,4,4,0,考前夸一波老师 下学期二外就不是Herr Shao了呜呜呜
114358,439,邵勇,2019-07-09 23:43:23,4,4,0,超级棒
121681,439,邵勇,2020-01-20 20:23:11,11,11,0,听Herr邵讲课，讲德语，有一种如沐春风的感觉。而且他真的设身处地为学生着想，为学生减负。为人更是亲切温和，这样的好老师就是我选择德语系毫无遗憾的理由啊
123406,439,邵勇,2020-06-08 08:45:30,7,7,0,邵老师很好很认真
123798,439,邵勇,2020-06-14 09:42:42,9,9,0,是温柔耐心超级负责超级可爱给分超好的Herr Shao，把优秀打在公屏上，大声表白Herr Shao！
130200,439,邵勇,2021-01-19 03:25:05,5,5,0,永远的男神好老师！！！
145926,439,邵勇,2022-01-04 11:27:36,9,9,0,Herr邵超级好呀，上课真的很有趣，对学生特别负责，有时候挺萌的，就是有点太敬业了！
150039,439,邵勇,2022-01-18 13:21:26,19,19,0,Herr邵！！！21级德专的领路人！！！\n\nHerr邵的语音和口音真的好好听！！！听老师读德语就是一种享受（个人认为比很多录音读得好听！\n\n老师也很在乎学生的想法，会问我们喜欢什么样的教学方式，平时上课很有条理，也会扩充一点有关德国的有趣的知识~而且非常非常敬业！疫情封校的后期，老师怕出学校就回不来了，就一直没有出去，晚上都是在办公室支行军床睡的qwq\n\n希望综德一直是Herr邵教！！！
159168,439,邵勇,2022-07-07 09:11:31,7,7,0,Herr我男神！真的很感谢Herr邵，很无私的回答学生的问题，像一个领路人
164074,439,邵勇,2022-12-17 19:37:55,12,12,0,满分的教学，满分的素养，满分的负责。私以为教学和研究本就应该分离开。
167200,439,邵勇,2023-01-15 05:21:16,12,13,1,老师好可爱！世界杯决赛第二天早八还拿阿根廷举例子hhh而且是超级负责的好老师！希望Herr邵一直健健康康开开心心～
178734,439,邵勇,2023-07-21 00:38:59,8,8,0,我爱你herr shao😍😍😍
186358,439,邵勇,2024-01-10 15:12:37,7,7,0,我的勇！！！！我亲爱的邵老师！！！真的爱死他了，我愿意上他的课上一辈子！！！！
187479,439,邵勇,2024-01-16 10:10:59,7,7,0,Herr Shao真的太好了！！！我也想上一辈子他的德语课
192891,439,邵勇,2024-05-31 10:13:51,12,12,0,邵老师什么时候回来教专业课 真的好想你🥲🥲🥲🥲🥲
195676,439,邵勇,2024-06-29 12:47:21,2,2,0,超级无敌好老师，德语一选到就是赚到！
195955,439,邵勇,2024-07-01 02:48:02,3,3,0,Herr Shao 我滴神！
196124,439,邵勇,2024-07-01 17:34:30,3,3,0,邵勇老师真的太好了～\n\n人好课好发音好听\n\n祝邵勇老师身体健康
196940,439,邵勇,2024-07-06 03:54:13,4,4,0,邵老师我的神，上课幽默风趣，重点明晰，还会讲自己在德国的有趣经历和德国文化，你交上去的每一篇作文他都会认真修改，好老师不解释，10分！
197054,439,邵勇,2024-07-07 03:08:27,3,3,0,Herr Shao就是我的神啊啊啊，超级超级捞，而且上课讲得很清楚！
198119,439,邵勇,2024-09-01 01:10:48,4,4,0,上邵老师的课很开心
210337,439,邵勇,2025-01-09 03:05:43,5,5,0,身上烟味好大，坐第二排感觉已经变成一条入味的熏鱼😇但话又说回来如果他能一直教我的话变成熏鱼我也心甘情愿
213547,439,邵勇,2025-01-18 06:56:15,0,0,0,神\n\n（最少要写三个字）
217025,439,邵勇,2025-03-31 11:58:42,3,3,0,Herr Shao终于回来上专业课了，特别特别爱教学的老师，下课的时候选择性听不见怪萌的
2373,459,叶小曼,2015-04-27 14:16:37,3,3,0,温柔
5716,459,叶小曼,2015-07-09 07:49:44,1,1,0,人好！上课会讲很多有用的东西！美腻的老师！
7927,459,叶小曼,2015-09-16 07:03:22,0,0,0,讲的东西很有趣 最喜欢她的课
8374,459,叶小曼,2015-09-20 00:28:05,0,0,0,很有趣的老师～会讲各种关于德国的事情
17442,459,叶小曼,2016-01-20 08:13:29,0,0,0,好老师~
1705,467,王海燕,2015-03-23 10:33:27,-5,10,15,听不下去好无聊 老师自娱自乐 都没什么人理她
1879,467,王海燕,2015-03-26 03:42:52,3,11,8,等级制差评。。。
2777,467,王海燕,2015-05-07 06:36:44,19,27,8,评分怎么这么低。老师挺可爱的
4270,467,王海燕,2015-06-18 13:01:42,1,3,2,还行吧
5887,467,王海燕,2015-07-09 23:36:54,3,7,4,老师还是很萌大
9928,467,王海燕,2015-11-13 00:43:41,37,62,25,感觉这个系统弄错了，不是歷史系的王海燕老师，上的她的专业课，超级棒，人率性自然很可爱，气质就很舒服，课又有很多经验传授，注重启发
10747,467,王海燕,2015-11-23 04:17:31,8,9,1,很好的一位老师，非常地和蔼可亲。不过在对待我们作业里面犯的严重错误的时候也很严肃
12091,467,王海燕,2015-12-21 16:50:16,7,8,1,很水 沒小測 很愛講故事
12461,467,王海燕,2015-12-23 10:38:21,13,16,3,老师这么好，就是没人信\n\n
12982,467,王海燕,2015-12-24 12:28:32,6,8,2,挺好，为我们着想
13762,467,王海燕,2015-12-30 16:33:33,6,8,2,不错的老师，很有爱
14522,467,王海燕,2016-01-07 11:55:11,0,3,3,59
15170,467,王海燕,2016-01-12 11:02:22,8,8,0,挺有爱的老师吖
15278,467,王海燕,2016-01-13 08:22:42,6,8,2,虽然不点名不过是按顺序坐好的呢。。。个人觉得老师很nice啊（虽然之前提到的口音确实存在，不过还好啦），没有小测，平时也比较轻松，认真学会有收获的：）
16059,467,王海燕,2016-01-17 05:55:31,-1,0,1,不多说了
16514,467,王海燕,2016-01-18 09:35:54,3,6,3,老师超可爱，给分也不错，上课很有趣
16727,467,王海燕,2016-01-19 01:07:55,16,19,3,老师真的很萌很好讲话呀，上课也愿意分享自己的故事，这说明是一个用心的老师，只要你的班级整体比较活跃，上课是很有意思的
20324,467,王海燕,2016-01-27 04:13:05,28,32,4,老师英语水平很好，口语一流，对学生挺负责。人很和蔼、可爱，很能为学生着想，偶尔讲故事活跃气氛～
20347,467,王海燕,2016-01-27 05:46:59,0,0,0,很萌的老师~
21177,467,王海燕,2016-02-25 13:43:27,-2,3,5,58。。
22684,467,王海燕,2016-03-10 01:48:41,2,2,0,萌萌哒
27803,467,王海燕,2016-06-27 15:41:45,0,0,0,老师很为学生着想的
27878,467,王海燕,2016-06-28 02:38:58,5,5,0,老师上课特别有趣。又搞笑。而且老师对于我们特别的用心。是个很好的老师。处处为我们着想。
31073,467,王海燕,2016-07-03 07:46:47,-7,4,11,（世界文明史）超级烂的大水课，期末给了三道题论述，开卷，认真做了准备给分也不好。我不努力怪我喽
31982,467,王海燕,2016-07-05 10:22:35,8,12,4,只能怪自己期末不努力了，得了3.6。不过老师讲得还是可以的，课堂氛围很轻松，丝毫没有压力
32574,467,王海燕,2016-07-08 01:26:37,2,2,0,老师很好，很慈祥~
38559,467,王海燕,2016-12-08 12:04:14,9,10,1,老师多好啊，英语教得很负责啊
38812,467,王海燕,2016-12-19 07:27:35,2,3,1,一个接一个报告。
38865,467,王海燕,2016-12-19 15:29:06,4,4,0,老师太棒了！！！！很为学生着想，很有内涵，口语很好，上课气氛很好，表示还想选她的课！！
39209,467,王海燕,2016-12-21 15:23:59,0,0,0,非常好
39260,467,王海燕,2016-12-22 00:46:56,0,0,0,老师实在是太棒了！人超好！真的超棒的！
39382,467,王海燕,2016-12-22 10:24:30,0,0,0,老师很棒呀，上课还好吧，气氛轻松啦，棒棒哒
41096,467,王海燕,2017-01-09 07:22:54,0,0,0,事少分高，好老师
43189,467,王海燕,2017-01-16 03:12:15,4,5,1,评价一下外语学院的王老师，人很好，课堂气氛很棒，很体谅学生周一的课基本没有作业～大英三没做pre，期末给了96
43343,467,王海燕,2017-01-16 07:16:32,0,0,0,大英王老师很和蔼，很温柔，给分挺好。
43442,467,王海燕,2017-01-16 09:28:31,1,3,2,超级喜欢老师！性格很棒！\n\n给分也好（出乎意料\n\n课是可以水的，作业很少\n\n只要自觉...
45414,467,王海燕,2017-01-19 13:54:48,3,3,0,老师真的好，很为同学着想呢，另外谢老师不挂之恩
46945,467,王海燕,2017-01-23 04:47:12,4,4,0,对本专业同学不太友好\n\n展示论文都好好做还没有其他专业的分数高\n\n专业课最低分
48188,467,王海燕,2017-03-01 06:30:16,0,0,0,很温柔的老师，给分也不错
53520,467,王海燕,2017-06-27 01:43:56,1,1,0,老师还是不错哒⊙▽⊙人很好()就是我太菜了大英绩点略低
53613,467,王海燕,2017-06-27 07:29:51,4,5,1,不会强制做presentation，但是可能没人硬逼你也不能提高口语水平。不过老师上课的节奏很好，反正比较有条理性，讲单词的时候认真听能便于之后记单词，对学生也特别好。不过绩点什么的，就只能靠自己啦。老师能给的平时分还是都给了，反正上老师的课特别舒服
54873,467,王海燕,2017-06-30 11:01:31,3,3,0,超级大好人，处处为学生着想，小测出难了平时分就使劲给你加，上课睡觉也就跟你开玩笑，不过讲课略水，给分很好了已经
55629,467,王海燕,2017-07-02 05:21:41,4,4,0,老师讲课很认真，能看出来是个很认真很爱说话爱聊天的老师_(:з」∠)_不过对于我来说，上课基本上不听..........
63341,467,王海燕,2017-12-01 03:05:39,10,11,1,历史系的王海燕老师，很认真，很严苛，就算是大半个学期都是同学展示，听她的点评也是收获满满
66556,467,王海燕,2018-01-17 08:49:06,4,4,0,很为学生考虑的老师 杂七杂八的事情很少
67640,467,王海燕,2018-01-22 03:13:45,0,0,0,上课会讲自己的故事，相对讲课就少。课堂资料试卷什么的都没有。平时分亮出来算了一下也挺好的，最后绩点出来超差
67641,467,王海燕,2018-01-22 03:21:45,0,0,0,大英三。老师很好。上课很随便。给分很棒！
67717,467,王海燕,2018-01-22 05:47:01,1,1,0,［大英三］老师人真的很好也很有趣，生病了还会主动给你准假，真的是能给的分都尽力在帮学生给了，上课也有一些互动的，大英四不能跟老师了有点可惜qaq
68243,467,王海燕,2018-01-23 01:32:13,3,4,1,感谢老师，在我大英三听力报废的情况下让我绩点还能4.5。\n\n平时作业真心少，超开心。\n\n大学英语要是想学好，是不能靠这种课的，所以个人很喜欢这种作业少的老师，因为留作业的时间不如自己学托福雅思背单词。考前不会像丁展平那样发模拟题，会把不讲的unit10的单词重点讲了。\n\n大英想考好，一定要把听力练好。
72662,467,王海燕,2018-01-30 16:20:41,0,0,0,炒鸡棒\n\n
73118,467,王海燕,2018-02-01 02:50:11,1,1,0,老师人好啊，平时分就想着怎么能往高了打！请假也不用假条，说一声就行了。
73746,467,王海燕,2018-02-03 05:04:00,-2,2,4,【历史系王老师】emmm世界史基本讲印度，一半的课都是同学展示，感觉有点浪费时间…老师讲的太少…绩点最低的一门专业课
74953,467,王海燕,2018-03-07 00:28:10,4,6,2,人好，事少，课水，给分好。
75102,467,王海燕,2018-03-07 10:42:50,1,1,0,老师讲的很好，很幽默，给分也不错，就是课堂管的太松了。嘻嘻\n\n
81454,467,王海燕,2018-07-05 06:23:50,3,3,0,老师人很好，也很喜欢她的课，但是期末考太差了绩点真的是没得救
82375,467,王海燕,2018-07-08 04:18:45,4,4,0,萌萌哒、性格开朗的老师，喜欢让同学发表且吹毛求疵。“同学们有没有问题？没有问题的话我有一个问题~~”
88733,467,王海燕,2018-11-07 00:30:40,0,0,0,。。。。
92169,467,王海燕,2018-12-27 02:11:56,1,1,0,极度舒服
96387,467,王海燕,2019-01-21 02:05:52,1,1,0,老师很有意思  会讲小故事  上课水  挺轻松的  因为我们班小测分数不好 尽量平时分打高  很好的一个老师
96388,467,王海燕,2019-01-21 02:10:20,2,2,0,老师真的超萌超可爱的！上课会讲很多故事，也很关心大家的成绩，平时分基本都打满了，下学期没选上她的课有点小小遗憾。
97548,467,王海燕,2019-01-22 10:29:25,0,0,0,感谢老师！
97596,467,王海燕,2019-01-22 11:48:23,1,1,0,老师很可爱，但是大英分数还是靠自己
108979,467,王海燕,2019-06-28 02:09:17,1,1,0,老师人真好，虽然高考后就没怎么学英语了，但是大英四比大英三绩点还高，谢谢老师
110573,467,王海燕,2019-06-27 13:33:27,1,1,0,事少 分高\n\n（上课我在最后一排 基本没听过 也不用起来回答问题
110577,467,王海燕,2019-06-27 13:47:51,0,0,0,好老师，赞一个！！
110641,467,王海燕,2019-06-28 01:03:49,6,6,0,我喜欢这个老师呜呜呜上课幽默、事情少、还会讲afterclass的reading和单词、给分又好！！
110850,467,王海燕,2019-06-28 11:29:55,1,1,0,好老师，体贴
111337,467,王海燕,2019-07-01 03:31:18,1,1,0,很好的老师了。
111528,467,王海燕,2019-07-02 01:21:17,3,3,0,老师真的很为我们着想啦～书评忘交了能补上。哭泣。十分不解释
117906,467,王海燕,2019-10-09 01:49:55,0,0,0,人很亲切
118129,467,王海燕,2019-10-21 08:35:18,7,9,2,老师讲课速度略快，课前必须做好充分的预习。不过老师人超级好作业超级少，还会讲故事活跃气氛。上大学遇到的第一个英语老师，爱辽～
121822,467,王海燕,2020-01-22 06:26:14,15,16,1,【历史系的王海燕老师】必须给10分。世界史史料研读对着圆仁几十字的日记研究一个学期是非常棒的训练，让我这种小菜鸡觉得自己多多少少摸到了一点史学研究的门路。大声赞美！
124536,467,王海燕,2020-07-02 11:55:04,4,4,0,[大英3] 事少分高，她会详细讲After Class Reading，课上会听写（也算是督促我好好背单词了），给分方面真的很为学生着想
127150,467,王海燕,2020-11-11 02:55:35,3,4,1,大英四还想选🤧🤧
127517,467,王海燕,2020-11-24 00:41:17,9,9,0,【历史系】上世界史史料研读的时候又爱又恨，但是横向比较中国史史料研读的某道德库老师，王老师的课绝对是大学一定要去上的课
128169,467,王海燕,2020-12-09 08:10:39,5,5,0,呜呜我爱王老师，像妈妈一样，“我一定会努力捞你们的！！！”
131666,467,王海燕,2021-01-28 10:33:34,2,2,0,老师人超级好，上课也很有趣，作业不多，但是绩点只有3.6，是我自己太菜了！
132143,467,王海燕,2021-01-30 13:05:56,1,2,1,老师人很好，课也很水，但改变不了我英语烂的事实。但是选上她的课是真的好。
133256,467,王海燕,2021-02-21 05:29:54,2,2,0,挺好啊
133803,467,王海燕,2021-03-05 13:39:44,1,7,6,【大英4】之前看到很多好评之后选上她的课，目前上了两节，感觉是有点失望的。这位老师的上课节奏偏慢，经常会在很简单的地方停下来设问，应者寥寥，课堂气氛比较尴尬。而且感觉课前准备不太充分（翻ppt等细节，可能是错觉）。希望接下来老师能让我重新找回大英3时期的乐趣吧。
137472,467,王海燕,2021-07-04 09:51:25,1,2,1,老师人超级好哒
144488,467,王海燕,2021-12-22 00:56:48,3,3,0,老师人超好，有一次临近期末我刷夜第二天早八睡过了半节课，钉钉上跟老师说明情况后允许我下半节课看智云直播，没扣平时分。平时的课堂提问也会尽量给每个同学机会，有自己准备过presentation的加分都不低的
145853,467,王海燕,2022-01-03 10:07:35,1,2,1,老师超级超级好，会开玩笑，作业不多，展示自愿，还会尽量给分，都怪我太菜了分比较低，老师很好，选她不亏
146173,467,王海燕,2022-01-05 15:32:43,1,3,2,王老师我爱你！！！老师给分巨好！！！喜提人生第一个满绩！！事也不多  虽然上课有点无聊，好好发言好好背单词   冲冲冲
146233,467,王海燕,2022-01-06 03:11:56,1,2,1,老师真的不错，分低是个人问题，还是希望各位好好学英语hhhh
146273,467,王海燕,2022-01-06 06:11:05,2,3,1,老师人真的很好，非常体谅学生，小测作文分都尽量往高了给，上课也喜欢讲一些故事，作业也很少。反正真的是一个很好的老师
146302,467,王海燕,2022-01-06 07:23:51,0,2,2,老师很可爱，人很nice，事少分高，而且会捞，可以水课也当然可以认真学到很多东西。
146559,467,王海燕,2022-01-07 02:33:40,2,3,1,老师人挺好的 很亲切 作业也不多 上课感觉很像我高中英语老师hhhh 展示自愿 但是好像不做的话 分就会比较低 起码我是这样的 quiz作文全都比平均分高 期末不知道 但是绩点有点惨
149242,467,王海燕,2022-01-15 00:59:57,2,3,1,历史学的王海燕，历史研究从入门到入土，是我不配，均绩拉低0.15，也不是老师的错，是我吃不了这碗饭，所幸以后就再也不用见了，我一学期的痛苦源泉，愿老师一切顺利，再也不见吧
151736,467,王海燕,2022-03-14 09:06:29,3,4,1,“给你拔了～”
155619,467,王海燕,2022-06-14 16:11:50,4,6,2,事少但是给分真的烂
155626,467,王海燕,2022-06-14 21:59:42,3,5,2,事情少无聊，给分巨烂….无语
155739,467,王海燕,2022-06-15 12:18:41,4,6,2,楼上两位大英还存在给分一说？不都靠自己吗。。。而且老师平时分3.5起打，还不够吗
155742,467,王海燕,2022-06-15 12:39:04,3,4,1,事少不小组展示不pre
157705,467,王海燕,2022-06-24 11:50:42,7,7,0,大英四。之前听说王老师pre不强制所以选的，事实也正是如此。事情很少，如果平时发言次数够多，平时分已经拿满的话确实可以不用pre来弥补这一块的分数。但是我觉得大英绩点主要还是看期末考试吧，老师会把平时分给的尽量高但是平时分总共也就5分，跟期末考肯定不能比啊。但是有时候还是挺心疼老师上课提问没有人理的……老师脾气真挺好，一直都是一笑而过。
158760,467,王海燕,2022-07-02 02:08:14,4,4,0,事情少，但是上课有点点无聊，我坐后排经常忍不住摸鱼
159182,467,王海燕,2022-07-07 11:34:11,5,7,2,老师，确实平时任务不多，对于比较内向的同学也挺友好，平时分基本上5分从4分打起，但大英4期末考关键还是看积累，和课堂学的内容关系不是很大，成绩要高，听力阅读一定自己得练，总体而言，老师还是挺好的
160686,467,王海燕,2022-09-30 16:00:18,5,5,0,老师真的很亲切
163710,467,王海燕,2022-12-16 03:40:55,3,3,0,很轻松哦
168149,467,王海燕,2023-01-30 07:11:33,1,1,0,大声赞美
168682,467,王海燕,2023-02-21 03:38:46,1,1,0,挺好的老师
169441,467,王海燕,2023-02-26 07:21:19,4,4,0,很温柔，无pre，听写老师不检查，都是自己看。人非常好，我期末用水笔涂的卡，跟老师说，老师特意用2B单独帮我涂了一遍。考完12分钟去教室完了点，老师笑着让我歇歇。hyjj可爱捏！
172293,467,王海燕,2023-04-24 10:54:53,3,3,0,不点名的老师就是好老师
173286,467,王海燕,2023-05-17 15:30:14,-10,2,12,什么玩意，上她的课学不到一点东西，能不能用心教？
175167,467,王海燕,2023-06-22 06:03:24,3,4,1,老师人真的很好很温柔，也没用强制pre，大英三四都是她，事情巨巨巨巨少，然后她所谓的pre其实一个小组每个人花半小时甚至十几分钟就可以解决。平常非常体谅我们，发言不强制，唉有时候整个班都很寂静也不会点人，变成自己尴尬了。不过给分上可能确实是不如其他老师的，我个人认为算是有捞吧，但捞的力度不如其他老师。唔追求高分可能需要更卷一点，整体而言海燕姐姐非常非常有人格魅力，非常温柔可爱呜呜呜
175169,467,王海燕,2023-06-22 06:06:48,1,3,2,人超好，但不知道为什么两次quiz助教作文给分稀烂，自认为写得还可以（一次甚至只有8分）
175171,467,王海燕,2023-06-22 06:11:51,2,2,0,海燕很好，是我不好😭我对不起海燕的善良和信任😭今后会好好学英语的
175172,467,王海燕,2023-06-22 06:16:34,2,2,0,海燕姐姐人超好，事少不听写
175538,467,王海燕,2023-06-25 11:53:08,1,2,1,才发现有俩王海燕，一个是英语的一个是历史的，哈哈
186409,467,王海燕,2024-01-11 03:43:48,1,1,0,好好好
186449,467,王海燕,2024-01-11 07:04:42,3,4,1,王海燕老师的大英3，给分4.8！！真的好开心！平时小测会提醒你复习！上课准备很充分！经常和学生互动聊天！英语干货很多！和妈妈一样！我爱妈妈！呜呜呜呜呜怎么有这么好的老师！王老师，谢谢你！
190595,467,王海燕,2024-03-11 04:55:03,1,1,0,挺幽默的 事少 哈哈
195310,467,王海燕,2024-06-27 17:22:11,0,0,0,好像是有同名的老师，我上了历史王海燕老师的通核东方文明史，这个课是两个老师上，王海燕老师负责后半部分，老师很平易近人很和蔼，第一节课就会说她理论课不点名。给分不错，期末考试把课件和讨论课资料整理打印出来，开卷考试就够用了。讨论课只发言了一次，期末开卷考把答题卡写满最后拿了4.5，已经很满意了。
209311,467,王海燕,2025-01-05 11:32:30,0,0,0,事少人好~
209709,467,王海燕,2025-01-06 18:48:55,0,1,1,【大英III】老师和蔼可亲，作业也查的很宽松，有时会在课堂上留写作业的时间，减轻同学下课后要做的内容。好多人没写她也只是笑笑。和前排的同学互动特别多，如果积极的话，每节课都可以锻炼到自己的口语（并且会被老师记住）。pre基本不计分，读也没关系。平时改作文是认真+较宽松，并不是单打一个成绩，会给细节的建议。不过我后半学期因为作息，所以每节课去了以后就开始睡觉（）省事，混了个还行的绩点
220642,467,王海燕,2025-06-19 04:35:49,0,0,0,老师是个好老师，上课不错，作业也少，卡绩是我自己不够努力吧
304,470,景敏言,2015-03-15 00:35:55,14,28,14,老师要求比较严，但是感觉很不错！！
470,470,景敏言,2015-03-15 02:57:14,0,10,10,每个单元都会听写单词 上课听视听说及进行托福式口语练习 是个很好的老师 分低不能怪老师
916,470,景敏言,2015-03-19 00:13:46,7,24,17,上课回答问题都是自己点名的，气氛不容易被带动起来，每节课都要听写。不喜欢她上课的调调
2304,470,景敏言,2015-04-19 11:39:07,2,5,3,不错的老师，赞一个！
2699,470,景敏言,2015-05-05 13:50:08,2,11,9,感觉老师有点小装逼> <不喜欢她上课的风格啦
2779,470,景敏言,2015-05-07 06:46:45,39,71,32,事情多，参与活动只有少数人有加分，让人觉得不太好。 可以说认真负责，但是至少我并不觉得能通过参与课堂学到多少
3262,470,景敏言,2015-05-25 03:18:29,-1,11,12,上课都不讲书上内容的，不知道她在讲什么，特别无聊。每节课都听写还不告诉你听写什么，不知道她的目的在哪里。上了快一学期的课，没几个学生名字能记住
3433,470,景敏言,2015-06-12 10:39:27,9,14,5,点名比较多吧，但也能学到东西
4948,470,景敏言,2015-07-01 10:50:42,5,7,2,处女座
5391,470,景敏言,2015-07-07 06:28:40,2,8,6,差评
6779,470,景敏言,2018-09-14 01:10:10,12,17,5,助教相当好
9078,470,景敏言,2015-10-12 08:33:27,2,6,4,负责认真
9175,470,景敏言,2015-10-15 06:05:48,2,19,17,叫你回答问题，但是并不尊重你的回答，感觉自己很牛的样子。事情乱七八糟一堆，但是并没有卵用。单词听写专挑超纲和长难单词，有意义吗？活动看脸加分，太随意了吧。
11929,470,景敏言,2015-12-21 10:52:16,4,7,3,能从老师这里了解到不同的文化，不同的视角
12042,470,景敏言,2015-12-21 14:43:08,2,5,3,我觉得挺好的。。。
12633,470,景敏言,2015-12-23 16:25:26,0,5,5,点名提问，但是非常认真负责
12649,470,景敏言,2015-12-23 22:56:20,-1,3,4,就呵呵呵呵
13610,470,景敏言,2015-12-30 04:25:23,0,2,2,挺好的老师
16028,470,景敏言,2016-01-17 04:51:39,0,3,3,不开森
16293,470,景敏言,2016-01-17 19:58:30,4,6,2,老师其实上课挺照顾学生的，会特意放慢进度
16396,470,景敏言,2016-01-18 04:53:08,4,6,2,多参加课上活动吧
17215,470,景敏言,2016-01-20 01:34:26,0,1,1,给分太过死板，其他都还好
17290,470,景敏言,2016-01-20 03:45:59,0,2,2,老师人很好，就是课本身不好玩。
17459,470,景敏言,2016-01-20 08:49:38,1,6,5,老师很有自己的原则，想拿高分一定要多争取上课表现机会。另外，助教人超级好。
19776,470,景敏言,2016-01-25 09:05:40,5,11,6,浙大见过的最负责的老师，虽然平时任务比较多但是真的很负责，听写什么的对考试也很有帮助，给分也很好！
21257,470,景敏言,2016-02-27 15:08:57,0,1,1,平时挺无聊的  但是老师认真负责吧  给分还行
21351,470,景敏言,2016-02-28 07:13:23,9,16,7,想让你的大英课下作业充实的话就选景老师的课吧
21492,470,景敏言,2016-02-29 04:59:14,27,34,7,老师很负责，几节课就可以叫出学生的名字，很亲切。
22274,470,景敏言,2016-03-03 07:08:52,16,26,10,不是很喜欢，上课总是和几个平常说话多的人互动，点名搞得气氛有点沉闷\n\n\n\n\n\n
23355,470,景敏言,2016-03-26 09:40:40,-1,4,5,呵呵，回答不出问题要惩罚，听写不好的要惩罚，呵呵呵呵，简直有病
24440,470,景敏言,2016-04-30 13:57:49,0,1,1,就这样吧
24603,470,景敏言,2016-05-02 06:57:51,44,58,14,的确会很负责，我认为很适合我。很多人评老师都会觉得严格的事多的就不好，但是很水的课难道很有意义吗？我大英三的老师评分9.9，景老师6.3，但是我觉得在景老师的大英四上我真正学习到了很多东西，也不会水下去。
27294,470,景敏言,2016-06-24 13:43:51,0,1,1,要求严格 内容充实
27558,470,景敏言,2016-06-27 03:30:04,5,6,1,挺好的讲真
27782,470,景敏言,2016-06-27 13:56:16,-4,3,7,认真负责给分好
27809,470,景敏言,2016-06-27 16:07:49,3,4,1,老师真的很认真负责，能学到不少东西，绩点低也是我自己考的不好，平时分老师会提供加分机会，就看你自己愿不愿意争取了。
27891,470,景敏言,2016-06-28 03:28:30,1,4,3,老师很负责，虽然事多，但是得到了锻炼，很难忘最后一节课玩游戏的经历
27904,470,景敏言,2016-06-28 04:15:18,2,3,1,老师有时候上课会有点乱，不过很和蔼，还是很好的
28004,470,景敏言,2016-06-28 07:58:47,-2,1,3,老师上课活动还是很丰富的，一丝不苟，认真负责，但是好像学不起来，给分就这样吧。
28126,470,景敏言,2016-06-28 08:08:10,0,1,1,课堂上事情还是不少的。至于给分嘛，自己太渣，怨不得老师。
28437,470,景敏言,2016-06-28 08:59:38,5,6,1,老师是挺认真负责的老师。但是太严格，对英语没什么热情的慎选。平时也马马虎虎，期末考挂了
29917,470,景敏言,2016-06-30 13:43:48,1,5,4,呵呵 拿着点名册叫人起来回答问题 平时事情又多 这个加分那个加分 这个惩罚那个惩罚 平时分贼低 你要说学到什么 上过她两节课之后我就什么都不想学了 呵呵 绩点你们都懂得
30454,470,景敏言,2016-07-01 15:35:03,3,4,1,这给分也太差了：）
31764,470,景敏言,2016-07-05 01:31:11,2,4,2,唔，上了三次课，因为景老师的口音＝＝以及平时的事儿太多了以及上课经常蜜汁尴尬，所以干脆。。。以考代修了。。。推荐徐明老师，很和蔼，也会照顾基础不好的同学，也很平等。
39632,470,景敏言,2016-12-26 08:36:54,3,4,1,很负责，能学到很多语法和文化知识，美中不足的是上课气氛有点儿沉闷
40490,470,景敏言,2017-01-15 03:26:23,0,1,1,感觉给分很大一部分主要看上课积极性吧，活动加分使成绩还不错，不过，景老师是真事儿多……
40800,470,景敏言,2017-01-05 14:24:42,0,1,1,唉，感觉没有学到什么，全靠自学
42707,470,景敏言,2017-01-15 03:09:20,0,0,0,不太懂这种学习模式
42744,470,景敏言,2017-01-16 10:03:39,1,2,1,老师课下会有几次小组作业，上课喜欢点名提问(没有规律)，感觉太重视各种上台展示和小组展示了。奖罚分明，脾气还是很好的。给分不怪老师。
42790,470,景敏言,2017-01-15 05:39:18,-1,0,1,跪了，没有上四
43218,470,景敏言,2017-01-16 03:49:20,-1,0,1,事情超多 而且都是些超奇怪的事 不过给分我居然能上四 真的好神奇
43388,470,景敏言,2017-01-16 08:08:20,1,1,0,老师很负责，她好像记得很多同学的名字，平时上课很多时候会点名发言，可怜的我听力不好，期末成绩较差
47503,470,景敏言,2017-01-28 09:14:30,0,2,2,你们就别说给分差了，自己不努力怪得了谁，别仗着英语好就到处炫耀，不熟悉课本还是会考不好
47937,470,景敏言,2017-02-27 11:07:43,1,1,0,虽然上课是很容易沉闷，但是能学到很多，而且课上内容也会拓展，更加注重让学生听懂，一旦有同学的需求都会尽力满足，所以可能会导致节奏比较拖沓。是个很好的老师啊！
48612,470,景敏言,2017-03-08 10:40:25,1,1,0,超级无聊 至少大英三是这样 什么都学不到 没上过这么无聊的课
50132,470,景敏言,2017-04-30 04:38:11,2,2,0,上的景老师的通识课，英语国家概况，老师不水很用心的准备上课的内容，能记住同学的名字！超惊讶！一共有两次小quiz一次展示一篇期末论文，感觉也没有很辛苦。上课稍微认真点听就好啦，本来以为分会很低，因为感觉老师要求很高，结果给分很好啊
53876,470,景敏言,2017-06-28 02:46:19,0,4,4,老师很认真负责，很较真，对学生也很亲切。但是是个绩杀。。。四级没上600的就别想拿3.0以上了
54044,470,景敏言,2017-06-28 09:52:06,2,3,1,人还是不错的，至少分数。。。自己水不怪老师。
54713,470,景敏言,2017-06-30 05:30:37,0,1,1,强推老师的英美概况，课很有意思，能学到很多东西。四次小测上课认真听考前复习一下还比较轻松的，给分很好！！
54736,470,景敏言,2017-06-30 06:21:30,0,1,1,英美概况 ，四次小测，好多人都是课上偷偷查手机，互相校对答案的。最后一次课考完还有人校对答案。怎么说呢，觉得自己辛辛苦苦复习，因为不查手机所以丢了很多平时分
55669,470,景敏言,2017-07-02 06:52:19,0,3,3,事情多 给分差
59028,470,景敏言,2017-09-19 07:05:11,2,3,1,上课有点无聊，不会互动。事情还好吧，比较水的大英课了。喜欢讲课外的故事，还是比较开拓视野。给分不错啦。
62747,470,景敏言,2017-11-27 00:34:26,8,9,1,很好啊，老师挺好说话的，虽然经常有听写，但多听写对考试啥的很有帮助，推动我们背单词，不然老师不布置，我估计也不会去背，然后考试就凉凉了。
63872,470,景敏言,2017-12-27 15:02:01,4,5,1,老师很和蔼的嘞，趁还没考试发一波
64015,470,景敏言,2017-12-20 13:49:33,3,4,1,老师作业比较多，但是很负责，上课挺有趣的\n\n
64470,470,景敏言,2017-12-24 09:42:39,1,1,0,老师很认真负责，也能学到很多东西。课堂展示也是挺多的。\n\n
64686,470,景敏言,2017-12-26 09:56:25,12,19,7,超级棒，我发现查老师的评分不太准，这么棒的老师怎么可能只有6.82\n\n\n\n老师很和蔼，来不来上课在群里说一声就ok\n\ndictation基本不收，quiz也改的很松\n\n( •̀∀•́ )\n\n各位千万不要只看评分选老师啊~
67355,470,景敏言,2018-01-21 02:13:01,-2,0,2,老师很和蔼，但是事情多，听写多，感觉学的东西不多
67384,470,景敏言,2018-01-21 05:10:57,2,3,1,老师人挺好的，很和蔼，就是给分不高，但这是因为个人原因啦，是我英语真的太差加上期末真的难炸天，哎！
67407,470,景敏言,2018-01-21 06:27:47,6,7,1,感觉老师很棒啊，想不通为什么分数不高，，，有许多小任务，作业会稍微多一点点，但是跟我的管理学完全没法比，听写什么的虽然感觉很烦但是也是对我们有好处的，给分也挺不错的啊，听耐心细心的，感觉评分不科学啊
67471,470,景敏言,2018-01-21 09:26:54,22,24,2,景老师是一位很负责的老师，工作细心完善，能叫出班上大部分同学的名字。因为拥有在美国授课的经历，所以对西方文化很了解，发音标准而好听。很多同学不能适应景老师高度自主化的课堂，对于英语基础薄弱，学习能力差，学习习惯很被动的人来说，上景老师的课是会有点不适应的（比如我_(´ཀ`」 ∠)__ ）但是如果能够配合老师的节奏，学会自主学习积极参与，收获真的会很多。比如丰富的展示经验和景老师的友谊(*/ω＼*)以及漂亮的绩点。\n\n想水水课拿学分的就别选了，浪费老师呀。
67601,470,景敏言,2018-01-21 16:59:53,3,5,2,老师人很好，很快就能记住大家的名字，平常有问题也可以在微信群上找她，总之很好很负责任的老师
68347,470,景敏言,2018-01-23 04:32:43,8,12,4,绩点…太低了
68403,470,景敏言,2018-01-23 06:42:34,-1,1,2,英美概况，出分了，谢谢老师，上课ppt和材料准备的很用心，人也很和蔼，事情不多。开卷考还考的不好不能怪老师，考前要好好翻书。
68528,470,景敏言,2018-01-23 10:11:28,2,3,1,老师人不错，但给分是真的不太好，要求非常严，当然也跟自身英语水平有关，再创绩点新低
68683,470,景敏言,2018-01-23 15:17:08,3,8,5,上的景老师的英美概况，被坑的挺惨。平时上课从不缺课，该展示的也展示了，4次小测平均分7分多，期末开卷找到不少不知道为什么最后才3.6，比平均分还低，真的难受
71173,470,景敏言,2018-01-28 05:49:29,5,6,1,就算绩点3，也要给10分。呵哈，就是我平时不努力啊T_T
71341,470,景敏言,2018-01-28 10:23:40,0,0,0,上课就这样吧，上课一学期也没什么收获，给分也不太好。但是人还是挺好的吧。
72804,470,景敏言,2018-01-31 05:59:19,0,0,0,老师还是非常认真负责的，也很和蔼，大英这种课程本来就是要靠自己的嘛！
74387,470,景敏言,2018-02-16 16:08:02,0,1,1,英美概况有很多干货，同学分享很有趣，课上课下和老师多互动多沟通也能学到很多，老师超温柔超亲切的，认真学问心无愧就好啦！不过一直没有组课程群，不能趁机要到老师和几位很想做朋友的同学的联系方式很是遗憾QAQ 祝老师新春快乐~(´▽｀)ノ♪
74954,470,景敏言,2018-03-07 00:29:04,-2,4,6,去了别的老师班上课才知道景老师有多好
75681,470,景敏言,2018-03-15 06:00:11,0,1,1,还不错!
76655,470,景敏言,2018-04-17 08:42:24,2,3,1,老师很负责，上课很用心，差评的大多只是不符合自己的口味吧。她上课真的不错！
77693,470,景敏言,2018-05-07 09:49:00,0,1,1,我就呵呵
79746,470,景敏言,2018-06-13 08:14:05,5,6,1,我不明白 为什么评分没上8或者9 老师对英语和西方文化的了解比平常人多许多 上课可以很水 也可以很有趣 这取决于你的参与态度 虽然听写多但每次都会提前说听写什么内容 也就一两段课文填空十个左右单词 看过几次课文连听力都不用就直接填下去了 互动很多也蛮有趣连我这种弱者也会偶尔顾及 注重口语每节课都让学生做speeh 讲课本知识点的方式一点都不死板沉闷 会在课上聊很多课堂知识延生的东西 不拖堂 曾经做了蛋糕分给大家 现在还没期末考 我知道我拿不了高绩点 但还是给她10分
80348,470,景敏言,2018-06-25 11:32:43,0,1,1,老师阅历丰富，很有思想，课件准备的很好，在英美概况课上学到了很多东西，只是自己英语基础差ԅ(¯ㅂ¯ԅ)，考试有点吃力，但是老师真的很棒，推荐
81093,470,景敏言,2018-07-04 01:43:02,3,4,1,我真的超爱景老师啊，平时老师都记不住学生的名字，或者说我名字比较难记，老师上完一两节课以后就基本上记住我们所有人的名字啦。上课压力不大，每个人都会有被考虑到，平时请假之类的老师都很宽容，不会很严，每次作文都会认真改还会有评语，真的超爱老师啊，怎么只有7分多呢ಥ_ಥ
81408,470,景敏言,2018-07-05 04:09:33,2,3,1,善解人意温柔亲切，知识很丰富~努力把课堂内容变充实。\n\n大英还没出分，但是老师真的很好 万一绩点低的话可能是自己不够认真唔(期待高绩点(´• ᵕ •`)*)
81607,470,景敏言,2018-07-05 14:08:54,2,3,1,老师人挺好的，比较宽容。很负责，写的很水的作文都有评语。还很温柔。
81615,470,景敏言,2018-07-05 14:29:59,2,3,1,其实老师叫做的事没有想象中那么多，那么严格。但想好好学大英的话找老师就对了，老师上课的内容还是有挺多干货的。
81705,470,景敏言,2018-07-06 02:49:36,1,2,1,老师很温柔  学生的名字基本都能记得 听写提前都说又不难 讲课也挺好的  还要怎么样 打个高分很难吗 反正我给10分
81836,470,景敏言,2018-07-06 09:37:06,1,2,1,感觉还行，虽然大英绩点一如既往低
82385,470,景敏言,2018-07-08 04:53:32,3,4,1,给分太低
82389,470,景敏言,2018-07-08 05:06:40,3,4,1,英美概况给分极差
82414,470,景敏言,2018-07-08 06:32:31,3,10,7,绩杀，不想说话\n\n我的英语一般4.5\n\n她给到了3.6呵呵
82434,470,景敏言,2018-07-08 07:34:16,2,3,1,老师虽然上课和蔼 但是给分也太不厚道了吧\n\n敢说这是我投入时间最多的一门外语课了\n\n虽然是开卷考 复习提纲笔记我都很用心的准备了 \n\n结果只有4.2 感觉有点投入和付出不成正比吧 \n\n ---《英美概况》
86979,470,景敏言,2018-09-20 00:53:21,0,0,0,感觉分低了，老师很不错的
87496,470,景敏言,2018-09-30 01:54:00,2,2,0,景老师抓英语抓的很严！而且认真负责！口语炒鸡棒呀！虽然上课可能略有一些死板和压抑！但还是很不错的一个老师！
89179,470,景敏言,2018-11-27 10:12:47,0,0,0,老师非常认真而且很关注大家的成绩，但上课气氛有点尴尬，比较限于课本
89613,470,景敏言,2018-11-20 03:23:25,0,0,0,困 没兴趣
93015,470,景敏言,2019-01-07 02:11:33,3,3,0,不知道为什么大家意见这么多，非常温柔非常负责非常认真的老师，认真听是可以学到很多干货的，没有呢么幽默风趣但是不至于无聊，也会尽量采用很多种方式来改变上课形式，也很锻炼口语，每个人都起码有两次pre的机会，我给10分，还没出成绩，不过不管给多少我都觉得景老师分不该这么低
95213,470,景敏言,2019-01-19 05:07:57,0,0,0,虽然绩点很低但是确实是我英语不好  很喜欢的老师
95222,470,景敏言,2019-01-19 05:16:34,4,5,1,老师上课比较接近高中上课方式，对于知识点比较看重。平时对学生很关切的，像我这种小透明她也记得名字，会给我专门讲作文中的问题，最后的分也还可以，大英主要靠自己，我觉得老师还是很有亲和力的。
95235,470,景敏言,2019-01-19 05:29:18,4,4,0,直接吹爆！
95236,470,景敏言,2019-01-19 05:30:09,4,4,0,老师人！超！好！\n\n请假很方便\n\n事略杂但不强迫一定要做\n\n平时分没公布\n\n期末考完感觉要挂了但还是把我拉上去了
95237,470,景敏言,2019-01-19 05:32:45,1,1,0,很棒啊
95238,470,景敏言,2019-01-19 05:34:01,0,0,0,老师超级负责   我英语超级差   老师会很关照大家  会请同学们分享自己的观点  鼓励大家多用功多开口  最开心的是没挂科!
95240,470,景敏言,2019-01-19 05:34:56,0,0,0,吹爆景老师
95241,470,景敏言,2019-01-19 05:35:14,0,0,0,老师人很好的
95242,470,景敏言,2019-01-19 05:36:12,0,0,0,老师真的超级耐心和温柔！
95258,470,景敏言,2019-01-19 05:57:39,1,1,0,老师人超好！很和蔼，本以为要挂的英语最后还获得比较可以的成绩！太意外太开心
95278,470,景敏言,2019-01-19 06:40:07,1,1,0,很和蔼的老师啊
95311,470,景敏言,2019-01-19 07:51:29,17,17,0,上的大英三。景老师真的很和蔼，做事情也很认真。即使英语水平不太好的同学，只要认真准备了presentation她都会很耐心很认真地听并且点评。而且老师的知识很丰富，对于外国文化知道很多，上课气氛会有些尴尬是因为她说的知识大家都不太懂，就没人能够接话。比如她会喜欢提问一些比较有深度的名人名言的含义，或是有没有人知道myth and legend单元那篇in-class reading是哪里的神话故事...（这样会冷场也很正常吧...）我觉得她经常听写并且详细地讲课文知识点对于（2*quiz+一次期末考）考试制度真的非常有用（没有老师“逼”，自己真的不太能坚持背单词...临考的时候会疯的…）
95317,470,景敏言,2019-01-19 08:03:49,2,5,3,只关注少数课堂上活跃的学生，对不活跃学生课后的努力视而不见
95385,470,景敏言,2019-01-19 09:48:52,1,2,1,老师挺好的，不知道为什么评分这么低
95395,470,景敏言,2019-01-19 10:14:46,5,5,0,老师人很好，看得出来每堂课准备得都很认真，不局限于讲课本，一些拓展也很有用！老师更关注能力的提升，讲的一些方法让我很受用。虽然平时要求记单词什么的可能会花点时间，但每次认真背过考试会轻松很多。平时分也尽量多给了，最后的绩点不是老师能决定的，毕竟卷面分是没法调整的。总之老师很棒，这里的评分稍微有点低了(●°u°●)​ 」
95396,470,景敏言,2019-01-19 10:17:54,-2,1,3,老师发音很准，很负责上课有点无聊、并且感觉学不到很多，事情多。
95566,470,景敏言,2019-01-19 15:30:52,3,3,0,老师讲的挺好的，只是我水平不够，拉低了均绩?
96024,470,景敏言,2019-01-20 11:36:46,-6,4,10,老师很差\n\n事情好多\n\n给分还低\n\n差评！！！！
96227,470,景敏言,2019-01-20 14:40:53,1,2,1,很和蔼的老师
96639,470,景敏言,2019-01-21 08:20:58,3,3,0,老师人挺好的，是我英语太菜了…
99113,470,景敏言,2019-01-24 09:28:10,5,7,2,作业不算特别多 但是基本上每节课都有 每个组都必须要有表演 她会每节课专门问你们组什么时候表演（狗头）改作业很细 老师在国外待过 发音算纯正 非常擅长各个英语国家的语言习惯区别 老师特别喜欢发音纯正 乐意演讲的同学?  她很快会认识全班 然后和某几个人优秀的同学疯狂互动 还会点名 日常不知道干嘛就开始点名 弄得菜鸡慌的一p 总之 我菜 emmm我不喜欢
99242,470,景敏言,2019-01-24 13:20:55,1,2,1,是很认真负责的老师，挺适合我这种没人催就不学习的人（……
100170,470,景敏言,2019-01-25 16:33:21,-3,3,6,感觉硬生生要课堂活跃氛围
100874,470,景敏言,2019-01-27 03:50:35,2,2,0,景老师真的是非常好的老师，温和细致有耐心，能力也很强，课上有时会交流其他国家的风土人情，能学到很多
101612,470,景敏言,2019-01-28 15:13:18,7,7,0,大英三。负责任。课前演讲锻炼人。
102268,470,景敏言,2019-01-31 15:44:53,2,2,0,老师人超好，口语超舒服，也很通情达理，给分也不算差叭
102691,470,景敏言,2019-02-20 19:30:53,3,3,0,棒，，
104391,470,景敏言,2019-03-19 09:25:39,0,1,1,很亲切，老师也很负责，对于基础不太好的确实可以学到很多\n\n
109803,470,景敏言,2019-06-29 20:27:03,1,5,4,这个老师怎么这么喜欢卡? 啊！大英三大英四都给我卡了???
109827,470,景敏言,2019-06-19 13:41:40,2,2,0,开拓视野的英美简介让我很有收获
110932,470,景敏言,2019-06-28 14:43:11,0,0,0,很棒的上课体验！跟着老师的节奏会学到很多～
111024,470,景敏言,2019-06-29 07:49:29,2,2,0,教学方式多变，期末复习采取知识竞赛的形式。只要大家放的开，课堂气氛就很轻松。
115094,470,景敏言,2019-07-15 11:58:59,2,2,0,很负责的老师，学到挺多知识的，每个同学几乎每节课都会被提问一次，所以上课必须十分认真，最后分数我觉得也挺好，毕竟英语本来就不太好。
117603,470,景敏言,2019-09-26 14:46:05,1,1,0,真的很认真，很负责，只要上课认真听课后作业认真完成肯定会有很多收获的
120559,470,景敏言,2020-01-13 00:34:54,3,4,1,给分不是很友善。。。。
120796,470,景敏言,2020-01-17 08:52:43,0,2,2,老师上课还是很好的，然后平时也很温和，给分还行
121422,470,景敏言,2019-12-16 08:10:04,0,0,0,其实老师的作业并不多 而且对于作文有自己的看法 是真的能学到东西的一门课 我也不知道为什么评分这么低 虽然我知道我自己绩点不会很高 但还是觉得景老师真的是好老师 她真的会让你对西方文化有不一样的看法
122877,470,景敏言,2020-04-16 06:31:03,3,3,0,绩杀。。。虽然四级考580不算高，但是大英3期末也有80多，最后总分76。。。我可能没啥平时分吧。。。慎选。。。但上课真的不水，想要水过的就算了吧\n\n
123304,470,景敏言,2020-06-01 07:58:55,2,2,0,自以为英语不错，没想到英语绩点是所有科目里最低的，打击挺大。
125848,470,景敏言,2020-09-15 01:21:56,1,2,1,这是一门要花时间的课程，建议在总学分比较少的学期来修这门课，可以了解很多英美国家的知识，用心准备老师，绩点会很好！
128536,470,景敏言,2020-12-23 15:46:57,0,2,2,就是好，没别的
128879,470,景敏言,2020-12-26 09:49:34,4,4,0,很棒的老师，很耐心，认真负责，认同学很快，上课基本每个同学都会照顾到。遗憾自己大英四冲突没能上
129772,470,景敏言,2021-01-12 07:49:45,0,2,2,老师人确实很好
130391,470,景敏言,2021-01-21 15:32:58,1,2,1,超级好的老师！会很快地认识班上同学，发音很纯正口语很好，很注重培养学生的英语素质！
130832,470,景敏言,2021-01-25 02:01:39,2,3,1,景老师很认真负责，发音很令人舒适，也很有亲和力，但就是不知道为什么，这学期有好好学，该做的都好好做了，绩点居然是所有科目里数一数二低的那种
131021,470,景敏言,2021-01-25 14:44:17,4,5,1,水平高超的英语老师
131287,470,景敏言,2021-01-27 03:27:13,2,3,1,上课不点名 但是你来不来会记录\n\n奇奇怪怪的活动比较多\n\n但是我因为活动参加的多平时分比较高 最终被老师捞到3.9\n\n但我每一次上课都在玩手机\n\n小测也一般水平\n\n英语水平一般\n\n老师还是很亲切的\n\n还可以吧
133064,470,景敏言,2021-02-07 12:04:59,0,2,2,老师人很好，给分挺好，课堂知识量丰富，好好学习可以收获很多，同时拿到不错的分数
134042,470,景敏言,2021-03-14 01:08:09,3,4,1,我觉得景老师不太强调一些很花样的活动之类的，但是她的课上真的可以学到很多；她的风格也会让自己平时多去接触一些英语的内容，如果平时比较懒的同学，慎选。
134519,470,景敏言,2021-03-31 06:52:51,7,10,3,上大英三的时候就知道景老师好，但是上了大英四换了一个老师才真正深刻意识到好在哪里。两个星期就能认全学生，上课气氛轻松活跃，而且，最重要的是，她是真正在以对待大学生的态度对待我们，带我们拓展眼界，讲自己对文化的认知，而不是像现在某9.6分老师把我们当初中生一样应付。。。才八分多真的非常不合理，我对查老师信心动摇的开始
144431,470,景敏言,2021-12-21 12:55:59,1,1,0,非常认真负责的好老师，课堂内容丰富，可以开拓眼界。不只是教一门语言，更是一门文化。谢谢老师！
146303,470,景敏言,2022-01-06 07:24:03,1,1,0,老师好棒好可爱!虽然现在成绩还没有出有点紧张哈哈哈，景老师教学很认真负责，平时也会督促背单词，对西方的文化也有很深的了解，每次pre她都会很认真的点评，总得来讲是很棒的老师!
146389,470,景敏言,2022-01-06 12:17:56,1,1,0,老师挺好挺温和的，每节课会花挺多时间评价同学的pre，给同学提建议。有时会布置课后任务，但也不算多
146399,470,景敏言,2022-01-06 13:02:44,1,1,0,怎么才8点几分。老师人很好，听写有助于quiz复习（不然临考背单词真的很痛苦）。事情不算很多，就每个人一次展示以及一些讨论。真的是个很好很好的会上课的老师。
148123,470,景敏言,2022-01-11 14:26:18,2,4,2,不明白为什么只有8.几分……上的是大英三，绩点4.5\n\n在我看来景老师人很好，事情也没有很多（可能还没有上过别的老师的课没有对比？）并且给分也不错（也许是因为看了历年的评价说绩杀所以有所改善？）对同学的pre评价非常认真细致，脾气超级超级好，上网课期间抽到八个十个同学没写作业或者没开麦也不在群里回复都不会生气，我都很心疼老师……
149656,470,景敏言,2022-01-16 09:31:20,1,1,0,人超级好！虽然我大英分挺低，但我还是很喜欢老师的！
155771,470,景敏言,2022-06-16 00:29:06,1,2,1,大英Ⅳ选的景老师的课，老师太好了，不应该只有八点几分。quiz和作文会尽量往高了给，平时上课氛围也很轻松，选就完事了！
157507,470,景敏言,2022-06-23 13:14:06,2,3,1,英美概况，吹爆景老师，给分相当不错
157740,470,景敏言,2022-06-24 14:44:44,2,2,0,刚上完景老师的英美概况课～体验非常好，一学期下来能学到非常多有意思的知识，老师人很温柔，口音也蛮好听的，平时多回答几次问题，再加上期末论文认真写啦，最后老师给了满绩^_^\n\n整体来说，这门课在英语类通识课里面算事少的～非常推荐！！
164884,470,景敏言,2022-12-27 09:03:09,1,1,0,很负责的老师
166006,470,景敏言,2023-01-10 16:58:01,1,2,1,很好！
168726,470,景敏言,2023-02-21 12:24:32,1,1,0,景老师口语速度比较适中，不会太快，认真听是能听懂的，在课上会拓展很多有关外国的文化知识地域文化特色等，上课很有趣，也会给我们把重点知识标记出来，鼓励同学们踊跃发言（我的口语提升了很多）总之，很喜欢这个老师，总觉得绩点不是唯一标准，更重要的是在这门课程中有所收获有所得
169062,470,景敏言,2023-02-24 07:28:12,5,6,1,礼貌打个10分  大一唯一一门可以像高中一样精力集中的课，很少走神，上课很有趣，也能收获到很多。老师有国外生活经历，所以对西方文化习俗有一定了解，会在课堂上补充。  十分负责 很快就记住了所有同学的名字，每个人的pre都会给出中肯评价，并提出改进建议。  口语考察较多，喜欢临场口语，而不是背记小文章，希望提升口语的同学千万不要错过。  至于绩点，蛮求是的，但也是我自己考试太烂了，最后只有3+  但是我不后悔选这门课，真的很好很好，大一最开心的课了
169540,470,景敏言,2023-02-27 01:12:26,1,1,0,大英3被卡绩，但是个好老师，可以叫出每个同学的名字，很亲切
170164,470,景敏言,2023-03-01 16:42:04,0,0,0,特别喜欢景老师，没有其他大学老师给人一种很疏远的感觉，很亲切负责
171435,470,景敏言,2023-03-24 06:13:07,2,2,0,老师是个好老师，希望大家都去
173315,470,景敏言,2023-06-24 11:07:01,0,0,0,老师真的非常认真负责！有耐心又温柔！！\n\n给分很求是，认真学会有收获的！
175076,470,景敏言,2023-06-21 12:05:02,-4,1,5,真的被狠狠绩杀的，上课不卷发言就是分低
175181,470,景敏言,2023-06-22 07:36:26,2,2,0,感谢老师，拯救了大英三的摆烂王者。她成功激发了我对英语尘封已久的兴趣，让我再度正视这门学科，正视这个语言。\n\n口语特别好，语速适中，很容易就能听懂；上课也经常拓展一些英美文化相关的知识，课堂不沉闷。每个人都要做一次个人pre，她会认真听并给出中肯的评价。基本上每次课后都会留一些作业。总之，认真听课认真学，真的可以收获很多！
177015,470,景敏言,2023-07-01 05:23:29,0,0,0,老师很求是，英美概况课程如果认真上了会收获很多
183793,470,景敏言,2023-11-30 06:30:51,1,1,0,很好的老师
184636,470,景敏言,2023-12-22 04:30:58,0,0,0,老师非常非常地温柔呀，讲英文语速很慢很有耐心，同学们基本可以把每个词听进去，听起来很舒服很友好~~老师也很认真负责任，希望大英Ⅳ让我中景老师的课！！
186536,470,景敏言,2024-01-11 14:17:12,0,1,1,确实负责，但确实绩杀
186538,470,景敏言,2024-01-11 14:27:53,1,1,0,老师很温柔，性格超级好
187150,470,景敏言,2024-01-14 18:50:35,0,0,0,景老师真的特别特别好！会在教学中分享各国文化，拓宽大家视野！并且真的只要好好听了是可以学到很多东西的
195408,470,景敏言,2024-06-28 03:37:49,0,0,0,课程一般
5095,474,鲍泓,2015-07-04 02:14:19,-6,1,7,还行\n\n
5303,474,鲍泓,2015-07-06 11:42:42,-2,18,20,分数给的卧槽！怪不得死活没人选她的课然后我选不上课时一选就进了，都是有道理的啊
5592,474,鲍泓,2015-07-08 13:45:21,1,18,17,呵呵  讲过课吗  只记得每节课的提问都冷场  周围人默默地放下手机互相看看  然后悄悄问 她刚才说什么
5903,474,鲍泓,2015-07-10 01:02:52,2,14,12,像高中老师教英语一样  而且给分真的…………看到真的怀疑搞错了……
7030,474,鲍泓,2015-08-31 05:05:39,-1,5,6,很棒
13151,474,鲍泓,2015-12-25 03:30:37,0,4,4,还不错，活动挺多的，人挺好，还没给分，不知道会不会很低。
14180,474,鲍泓,2016-01-05 07:27:43,-1,5,6,我觉得老师上课蛮好的啊 至少不会像大英三的老师 上课不想睡都难\n\n
14489,474,鲍泓,2016-01-07 08:47:08,10,15,5,上课是无聊了一点，但也没那么差
15303,474,鲍泓,2016-01-18 03:56:20,5,7,2,没想到
16385,474,鲍泓,2016-01-18 04:26:37,2,9,7,给分好低。。\n\n
16389,474,鲍泓,2016-01-18 04:33:26,0,4,4,棒，很喜欢
16392,474,鲍泓,2016-01-18 04:40:06,2,7,5,口试和背书给分很坑，上课不知道在讲什么
16393,474,鲍泓,2016-01-18 04:40:27,0,3,3,不错的
16395,474,鲍泓,2016-01-18 04:47:58,-6,8,14,垃圾，分数好坑，选了她的课，快退，快退，快退
16697,474,鲍泓,2016-01-21 01:44:51,-1,6,7,喜欢老师的课，生动有趣，人也好
16850,474,鲍泓,2016-01-19 05:24:06,2,10,8,给分很低，上课很无聊，明确讲一学期学不到什么知识
17683,474,鲍泓,2016-01-20 15:40:47,0,4,4,老师人很好，很亲切。但的确不是我现象中的大学英语课堂，略沉闷吧。绩点嘛，看自己。\n\n
20010,474,鲍泓,2016-01-26 01:50:51,12,17,5,人很温柔，但是真的学不到什么，上课提问总是冷场…给分真的有点坑啊
21654,474,鲍泓,2016-02-29 12:11:26,0,5,5,老师真的不错，给分好\n\n
22034,474,鲍泓,2016-03-02 06:34:58,2,8,6,老师很nice，课前和课间会放美剧。照顾学生的感受。只要平时认真对待最后会有好结果
22651,474,鲍泓,2016-03-14 01:05:32,-6,9,15,渣一样的老师。上课连高中老师都不如，我开始想念我高中英语老师。\n\n上课会一直问简单的问题，毫无意义，一个简单听力要听三遍，不知道是不是她自己听不出来。\n\n老是问没意义得问题，浪费课堂时间。\n\n\n\n\n\n我后悔没去申请免听。
23887,474,鲍泓,2016-04-20 06:52:09,-4,9,13,发音令人不舒服，上课无聊，气氛糟糕，自身水准应该也只能说一般吧，非常后悔没有申请免听
23979,474,鲍泓,2016-04-23 10:18:58,6,12,6,开设大学英语这门课就是走个形式
26538,474,鲍泓,2019-01-19 06:21:26,5,10,5,客观上说人很温柔，给分也挺客观的，就是按照大英quiz、口试、背诵的比例来，应该说个人不太喜欢她的发音和上课的方式吧
26552,474,鲍泓,2016-06-20 05:38:31,-7,4,11,不尊重学生
27700,474,鲍泓,2016-06-27 08:44:36,-2,7,9,给分低到爆……\n\n作为托福117的人，每节课都参与，最终给了3.9……呵呵
27701,474,鲍泓,2016-06-27 08:46:37,-2,5,7,老师是很认真，但课堂气氛带不起来，没人回答问题，还有就是平时分给的真的很烂，但是任务不多，创下最低绩点
27702,474,鲍泓,2016-06-27 08:50:57,26,37,11,老师很温柔的而且给分并不差，只要努力学，大英四4.8的我在这里证明老师并不是绩杀，预置的课就不要退了，学弟学妹们加油。
28177,474,鲍泓,2016-06-28 08:12:56,1,7,6,讲真，自己水平就不行，发音很不标准，平时上课也完全没法调动气氛，给分什么的还是看个人水平吧，u英语如果不是特别好的话就别选她的课了，雪上加霜
28612,474,鲍泓,2016-06-28 11:00:34,1,2,1,感觉没学到什么东西，可能大英课本来就这样吧…
28676,474,鲍泓,2016-06-28 12:14:19,-4,1,5,有次忘带手机就睡了两节课
30364,474,鲍泓,2017-09-19 12:13:45,6,14,8,老师人真的很温柔，给分我觉得还是很公平的，也很透明，背书口试的话看助教和另一个老师，话说今年的助教哥哥就不错。至于无不无聊的话，碰到有聊的大英课概率很低吧…
31727,474,鲍泓,2016-07-04 15:36:56,1,5,4,不知道楼上面怎么评的 老师很好 很亲切 虽然水了点 但是给分超好
34386,474,鲍泓,2016-10-08 13:00:40,3,3,0,嗯嗯嗯
34498,474,鲍泓,2016-10-12 04:08:27,7,8,1,人很好
37639,474,鲍泓,2016-11-20 02:00:28,37,38,1,老师人真的非常好，提问冷场倒是真的......
39555,474,鲍泓,2016-12-24 14:16:38,26,30,4,老师负责又亲切 经常在qq群上和大家交流卖萌
41446,474,鲍泓,2017-01-11 15:24:37,50,60,10,老师很亲切啊，结课会有依依不舍的感觉?
41457,474,鲍泓,2017-01-12 16:12:46,32,35,3,老师很好很温柔的好吗？不懂为什么评论刷的这么惨 老师人很好 课间会放美剧 没有老师的架子 很亲切 超喜欢老师!
41470,474,鲍泓,2017-01-12 01:18:32,14,15,1,老师人很好，对大家很关心，人很棒，有点舍不得。
41486,474,鲍泓,2017-01-12 03:13:23,12,13,1,还可以的，绝对没有上面说的那么差
41490,474,鲍泓,2017-01-12 03:44:59,19,21,2,来浙大见过最最温柔的老师~~绩点低怪我自己不好好学~
41610,474,鲍泓,2017-01-12 08:56:07,22,24,2,温柔，挺好的老师，上课没有什么压力。大英四老师能决定的分数只有5分，其他都是看quiz，final，背诵口试成绩的。所以，老师很好，成绩靠自己。
41616,474,鲍泓,2017-01-12 09:07:54,5,6,1,老师很好的，很温柔，听课是一种享受
41912,474,鲍泓,2017-01-13 08:16:50,4,5,1,老师很可爱
42434,474,鲍泓,2017-01-14 08:08:55,4,5,1,棒棒哒
42446,474,鲍泓,2017-01-14 08:38:38,18,19,1,嗯……老师的确很亲切，结课了还给我们发公告回忆，成绩……在意料之中吧，自己本身就学的不好，而且成绩这种事也不是老师说了算的，讲课方式……老师鼓励我们讨论，感觉很少讲知识点，讨论很多，感觉这种方式不适合我
42496,474,鲍泓,2017-01-14 13:15:28,9,10,1,真是莫名其妙，quiz作文口试背诵，老师真真正正能控制的也只有五分好吗（而且基本上也是四点五分或者五分），凭什么说老师给分低？老师人很好，很和蔼，课可能真的不会特别有趣但也还好
42506,474,鲍泓,2017-01-14 10:03:34,2,4,2,老师很温柔，经常在群里和同学们互动！英语终归还是要靠自己努力的。
42584,474,鲍泓,2017-01-14 13:30:53,4,5,1,老师人真的很好很温柔，至于给分还是要靠个人，老师评分都是很有依据的，很客观，绩点低也都是自己不够努力。
42785,474,鲍泓,2017-01-15 05:27:24,-3,1,4,心累的3.3
42787,474,鲍泓,2017-01-15 05:29:17,-4,3,7,人很好 但是还不如高中老师 经常冷场 给分也一般 反正我只有3.6你们看着办
42968,474,鲍泓,2017-01-15 14:05:58,0,2,2,老师很好很亲切。英语还是要看自己的功夫和努力。浪了一学期把自己浪废的我也不是很理解给老师低分的人是几个意思。都是严格按照评分标准来的好吗。功夫下到了绝对不会低的。
43111,474,鲍泓,2017-01-15 17:14:29,-4,2,6,绩杀啊!!!!千万别选，开始我还不信，成绩出来我就信了。? ? ?
43206,474,鲍泓,2017-01-16 03:40:22,1,2,1,老师很亲切，我给10分。至于分数，期末要考好，不要买假的收音机!一定要备一个真的耳机!当然，他们放了假的听力我也没办法。。质疑一下评分制度的合理性，平时分可能只是玩玩的吧。。。
44231,474,鲍泓,2017-01-17 12:18:19,2,4,2,老师人很好，但总觉得讲课水平不如高中老师(●—●)
44321,474,鲍泓,2017-01-17 15:07:30,0,1,1,江心比心
48147,474,鲍泓,2017-03-01 02:00:56,0,1,1,很亲切的老师
48474,474,鲍泓,2017-03-13 00:54:39,2,5,3,一个练习能做一节课 简直浪费时间 太无聊了 什么都学不到
48830,474,鲍泓,2017-03-14 07:43:06,0,1,1,老师人很温柔，事情也少，最后打分也很不错，感觉分有点低啊很奇怪\n\n会给我们找留学生来介绍本国文化，课间也会放电影什么的，pre不是每个人都要做，而且对最后的打分也没什么影响，课堂氛围蛮轻松的
49615,474,鲍泓,2017-04-20 09:35:17,0,1,1,蛮亲切的
50488,474,鲍泓,2017-05-03 06:42:09,6,8,2,作文写跑题了还能得13分，谢老师不杀之恩。。。
50489,474,鲍泓,2017-05-03 06:42:32,8,9,1,挺好的老师啊！为啥评分那么低？赞一波，小测给分超级松！作文跑题了还给了比较好的分数
52921,474,鲍泓,2017-06-28 02:03:45,0,1,1,楼上那位说绩点杀手的肯定是大英三没上过张兴刚的课吧？均绩2.8，别的班最少都上3了
53477,474,鲍泓,2017-06-26 17:06:03,0,0,0,啊成绩还没出但是真心喜欢啊\n\n大一上学期学大英四的时候遇到一个有点凶的老师被吓到后来修了商务英语口语果然还是适合温柔的老师~\n\n真心喜欢~
53804,474,鲍泓,2017-06-27 15:13:52,8,9,1,老师超级认真负责，课后还会在群里发很多英语资料，真的关心学生。棒棒！表白redbao!
53839,474,鲍泓,2017-06-28 00:40:38,-7,1,8,绩杀，不多说。均绩直接被拉下4
54026,474,鲍泓,2017-06-28 08:45:01,0,0,0,老师蛮努力的
56881,474,鲍泓,2017-07-05 02:14:00,1,2,1,鲍老师人特别好，平时英语学习有问题都可以去问她，不管是作文还是阅读都会很认真的解答。给分也特别好，是个非常好的老师！
57005,474,鲍泓,2017-07-05 06:52:07,0,0,0,因为是大英课，谁来了谁没来一目了然，也就不存在点不点名了。老师人特别好，而且很亲切。也会在群里经常给大家推荐美文范文。
58875,474,鲍泓,2017-09-18 07:46:17,0,1,1,真的很和蔼的老师，不知道为什么评分这么低
60507,474,鲍泓,2017-10-23 02:43:21,1,2,1,挺好的，上课没压力，气氛要靠学生自己主动啊又不能怪老师。很多时候老师也很体贴，力求同学都听懂……很好的老师
64166,474,鲍泓,2017-12-21 06:51:36,0,0,0,不错的
64244,474,鲍泓,2017-12-22 02:00:37,0,1,1,老师每次课堂上都会有小活动，活动也会拍照留念会放在群里，课后也会和同学分享很多有趣的题目（不一定是英语），很关心学生，从来没有压力，只是英语学成什么，本来就靠自己，老师只是提供一些其他素养而已
65289,474,鲍泓,2018-01-02 11:11:43,0,0,0,好老师，像我这么水的人老师居然都记得住我。。。
65435,474,鲍泓,2018-01-20 13:45:47,0,1,1,大英四还是鲍老师，真心赞。期末考攒点人品～
66439,474,鲍泓,2018-01-20 16:38:26,0,1,1,刚刚出分还可以吧 老师平时很和蔼性格很温和 讲东西很耐心 对学生特别好 学生做完展示她会在群里发公告表扬同学的亮点 对学生很关心 大英四不是她了嘤嘤嘤 很感谢老师一学期的教学了~
67312,474,鲍泓,2018-01-20 16:31:37,0,0,0,好老师，人很温柔，不知道为什么评分这么低
67322,474,鲍泓,2018-01-20 23:23:01,0,1,1,老师很好 很温柔 成绩不好 自身原因 还是表白一下老师 谢不挂之恩
67323,474,鲍泓,2018-01-20 23:33:00,3,4,1,感觉自己太傻大英四没有再选老师的课，真的太好了?对学生是真的好啊！！！
67331,474,鲍泓,2018-01-21 00:08:26,0,0,0,好棒好棒好棒的
67333,474,鲍泓,2018-01-21 00:49:49,0,0,0,很亲切的老师 给分不低  大英四没选上挺遗憾的 但是上课提问还是有些尴尬 高绩点请坐中间第一排 多问问题 让老师印象深刻就ok
67340,474,鲍泓,2018-01-21 01:17:52,0,0,0,老师超级温柔，大英三拿了个不错的学分（我是属于上课不发言的那种哈哈哈），大英四还是选了老师，开心。
67347,474,鲍泓,2018-01-21 01:41:51,1,2,1,老师人真的非常好啊，很温柔，很亲切，会在qq群里分享资源交流体会，给分也挺好的。
67362,474,鲍泓,2018-01-21 02:58:31,0,1,1,很温柔的老师啊！成绩什么的还是要靠自己的，我本身不太用功绩点才不是很高的，老师人超棒的！
67378,474,鲍泓,2018-01-21 04:54:30,0,1,1,老师很亲切，在群里经常和同学们交流，课间还会给我们放美剧，但是感觉上课有点水水的，平时的任务不多，还是要靠自己自觉学习
67712,474,鲍泓,2018-01-22 05:39:56,4,5,1,很赞的老师，每节课后都会发非常暖心的小评价，就是浙大的一股暖流啊～绩点要靠自己哦～老师真的很棒！（别信查老师的评分）以及大英四选上了她但不想上的，赶紧退了给我！！hhh
68141,474,鲍泓,2018-01-22 15:40:43,1,2,1,老师人是真的很好 大英四还想跟她可是没选上? \n\n大英嘛 绩点当然主要靠自己自觉了\n\n平时表现不突出 作文有好好写 小测中等以上 期末考运气比较好 最后感觉给分还行\n\n以上
68580,474,鲍泓,2018-01-23 11:35:58,9,12,3,怒刷一波10分，我觉得真的不止7.8！大英确实靠自己，绩点什么的也就别抱怨老师了。很贴心，和同学交流也很好！除了上课提问有时候比较尴尬。经常会放摩登家庭，很好看！
73209,474,鲍泓,2018-02-01 07:24:24,0,1,1,太棒太温柔！超负责
77087,474,鲍泓,2018-05-01 16:37:45,0,1,1,非常喜欢，五一会祝福我们哒
80460,474,鲍泓,2018-06-27 00:51:34,0,1,1,很亲近平和的老师
80543,474,鲍泓,2018-06-27 16:16:25,3,4,1,老师超级温暖有妈妈的感觉，课会有一点不太活跃，但老师是很温柔负责的老师，就像家人一样。
81475,474,鲍泓,2018-07-05 07:35:04,2,2,0,超级温暖的老师~上课轻松无压力，而且事少。
81482,474,鲍泓,2018-07-05 07:44:51,0,0,0,老师真的很棒很温柔啊，没有考好都是我自己的错，反思呜呜呜
81484,474,鲍泓,2018-07-05 07:48:34,0,0,0,老师脾气很好~
81487,474,鲍泓,2018-07-05 07:54:35,0,0,0,老师真的很负责！\n\n拯救了我这样的英语渣渣！
81529,474,鲍泓,2018-07-05 09:33:57,0,0,0,老师非常负责，是真的为了学生考虑，给分也不错的。
81675,474,鲍泓,2018-07-06 00:31:42,0,0,0,这个世界上真的有种老师，特别好，哪儿都好，好到你不好好学她的课、绩点对不起她就觉得自己简直不是个人。感谢大英四和redbao的相遇。\n\n\n\n\n\n\n\n\n\n\n\n\n\n\n\n
84740,474,鲍泓,2018-07-13 16:45:48,1,2,1,老师人很好，很温柔也很热心
86737,474,鲍泓,2018-09-18 07:50:40,0,1,1,可以。
87893,474,鲍泓,2018-10-17 04:33:49,0,0,0,超级棒
90792,474,鲍泓,2018-11-26 05:26:26,0,0,0,(ฅ•﹏•ฅ)老师真的炒鸡好炒鸡暖心
90810,474,鲍泓,2018-11-26 07:33:53,0,0,0,老师很好，很和蔼
92135,474,鲍泓,2018-12-26 14:57:52,0,0,0,很好的老师
92317,474,鲍泓,2018-12-27 15:42:58,0,0,0,老师人真的很好，很温柔，很贴心!
92587,474,鲍泓,2019-01-03 04:32:05,0,1,1,很亲切的老师，起来回答问题时，如果尴尬，她还会帮你解围。所以，大英四还是选择redbao
92713,474,鲍泓,2019-01-04 02:44:01,1,2,1,优点：人hin温柔!课间可以看美剧!听写不强制!\n\n缺点：emmm...上课的时候略无聊ớ ₃ờ\n\n
93265,474,鲍泓,2019-01-08 12:57:44,0,1,1,好幸运遇见redbao～
93486,474,鲍泓,2019-01-10 04:14:48,0,2,2,亲切，温柔，负责！
93750,474,鲍泓,2019-01-16 02:29:23,-1,1,2,无啊啊
93884,474,鲍泓,2019-01-14 06:57:36,0,1,1,舍不得老师啊
94033,474,鲍泓,2019-01-15 03:11:43,0,1,1,亲切，平易近人
94064,474,鲍泓,2019-01-15 05:26:46,0,1,1,上她的课很开心。
94158,474,鲍泓,2019-01-15 10:51:36,2,2,0,可能我不太适应老师的教学方式吧，老师人是挺好的
94667,474,鲍泓,2019-01-17 15:51:33,0,1,1,我觉得挺好
95247,474,鲍泓,2019-01-19 05:39:26,-5,0,5,大英课其实上不上课真的无所谓…全靠自己学 老师真的挺温柔人也特别好最后一节课组织了班内有奖竞猜 还发了零食 虽然没有满 但对于英语基础还可以上课没怎么听课后也不写作业考前只临时抱了佛脚的我来说已经很不错了 呜呜呜差点就能满了可惜
95253,474,鲍泓,2019-01-19 05:46:27,3,3,0,人不错，很亲切作业课堂都好水，给分不太好啊，貌似班级均绩3.0几，大部分人被拉低gpa了
95257,474,鲍泓,2019-01-19 05:56:37,0,0,0,老师很好，很亲切，上课时会有很多新奇的活动，非常有趣。至于成绩，英语本来就是看个人平时的积累的，别什么锅都往老师身上推！
95270,474,鲍泓,2019-01-19 06:23:53,0,0,0,像妈妈一般亲切温柔体贴的老师 很棒 然后就算上课再无聊也别水手机
95360,474,鲍泓,2019-01-19 08:59:34,0,0,0,老师人很好，经常会给我们推荐一些好的学习资源，经常鼓励我们，最后成绩也在预料之中吧，成绩还是得靠自己呀！以后继续努力！
95429,474,鲍泓,2019-01-19 11:08:22,4,4,0,鲍老师人真的很不错，给分公平公正，上课轻松，任务一点不重，IV依然是鲍老师的
95836,474,鲍泓,2019-01-20 06:07:41,1,1,0,老师真的很温柔！上课的时候认真听吧平常小测占的分不高但单词还是多背一背！最后期末好好考！你会收获幸福的！
95929,474,鲍泓,2019-01-20 08:33:36,1,1,0,超级温柔，上课轻松。想水一水可以来，英语基础好的上课很舒服，节奏特别特别慢……
97333,474,鲍泓,2019-01-22 08:14:10,4,4,0,老师很温柔的！虽然可能给分不会很高但是标准都很透明，只要真正努力然后基础好的话成绩不会很差。平常对学生都很好，会经常在群里面和大家一起聊，也很乐于接受各种不同的东西。课间会放各种电视剧，很有意思。上课可能不是非常能调动人吧，所以看自己选择了，想听的话还是可以学到，不想听的也可以做自己的事情，老师不会很严厉的要求你。作业什么的也是都靠自觉。会有几次小组活动，还挺好玩的。
104320,474,鲍泓,2019-03-18 01:26:20,2,3,1,一节课下来什么也没讲
104588,474,鲍泓,2019-03-24 13:42:53,2,2,0,老师特别好，会放很多有意思的视频，对同学们也很好
109730,474,鲍泓,2019-06-19 02:28:00,2,2,0,老师真的无敌温柔啊!!
109741,474,鲍泓,2019-06-19 03:25:05,2,2,0,老师非常和蔼，很好
110621,474,鲍泓,2019-06-27 16:18:24,2,3,1,给分挺好的，期末感觉原地爆炸，给分还是给拉到了3.9，还在接受范围内，讲课也很仔细，人也很温柔
114141,474,鲍泓,2019-07-09 01:24:52,0,0,0,老师真的好好，结课了以后还会关心学生，告诉我们要养成学习英语的习惯，而且上课也好亲切，好有意思的
114741,474,鲍泓,2019-07-11 08:12:16,0,0,0,老师真的很温柔，很关心学生。平时上课对大家很亲切很温和，布置作业也不多，和同学们互动也很可爱。
118617,474,鲍泓,2019-10-29 12:42:18,3,3,0,老师很好！非常好！！真的很好！！！
120787,474,鲍泓,2020-01-17 02:11:19,0,0,0,老师温柔、功课不多\n\n\n\n
121431,474,鲍泓,2019-12-16 06:54:43,1,1,0,老师很温柔啊，也会经常表扬鼓励学生什么的，很尊重学生
123752,474,鲍泓,2020-06-13 13:27:35,-1,1,2,17级学生，现在快大四了，之前因为水测的事儿邮件了老师。老师还记得我，甚至还记得我们聊过的一个话题。太感人了！大一第一节课应该就是redbao的课，就像是亲切的阿姨，很有耐心，也很为学生着想！(顺便一提，我就是在redbao的大英3上脱单的！这方面也要特别感谢老给)
123897,474,鲍泓,2020-06-16 01:38:09,0,0,0,上了一个学期的网课，老师真的非常好！
125188,474,鲍泓,2020-09-03 08:26:45,1,1,0,老师上课很温柔认真，给分也好的不行，感谢感谢
128714,474,鲍泓,2020-12-25 05:26:30,1,1,0,老师人超级好，点1万的赞。大英三是她教的，这次的预置课和老师的上课时间冲突了，很遗憾！
128718,474,鲍泓,2020-12-25 05:28:07,2,2,0,老师人很好很温柔，但是提问会冷场233
129560,474,鲍泓,2021-01-07 08:18:08,1,1,0,非常非常温柔非常非常好的老师，都来啊啊啊
130679,474,鲍泓,2021-01-24 07:24:50,1,2,1,老师太好了，把我海底捞捞上来了，呜呜呜，以后一定好好学习
130696,474,鲍泓,2021-01-24 08:50:09,0,0,0,老师真的很亲切，很尊重同学们，也经常和大家聊家常。平时作业也不多。虽然期末被卡绩但大英好像都是这样的，总之是非常nice的老师！
131046,474,鲍泓,2021-01-25 16:31:51,1,2,1,老师人很好，天天乐呵呵的。会捞人，作业少，选就对了
132586,474,鲍泓,2021-02-02 13:07:16,1,1,0,老师人很温柔，课上氛围挺好的，大英三是我这学期上得最开心的课～
136964,474,鲍泓,2021-06-29 03:17:37,2,2,0,大英四还没有考试，但是说说我对鲍老师的看法吧，真的是一个很温柔负责的老师，（就是上课大家都不回答问题好尴尬呜呜呜呜）老师人真的很好很好很有耐心很善良很温柔，后悔上课没有好好听课呜呜呜。爱老师！！
137305,474,鲍泓,2021-07-03 04:21:48,4,4,0,九分配不上我鲍泓老师呜呜呜，老师人太好了
142872,474,鲍泓,2021-11-17 04:18:58,0,1,1,老师是真的好！！！
144108,474,鲍泓,2021-12-17 16:10:31,4,4,0,确实非常温柔的老师 之前没怎么听课现在要结束了觉得挺可惜的以后就上不了鲍老师的课了 也很负责 我觉得是个蛮好的老师
145065,474,鲍泓,2022-01-06 17:53:28,4,4,0,大英三基本上结束了，来给老师打个十分呜呜呜。老师人很好，特别和蔼温柔。上课会让同学课前展示，每人一次。有问题都可以找她，我一开始不知道展示什么她还给我选题的建议，并且说做完可以发给她先看看（虽然最后因为在ddl前恰恰赶完还是没有让老师先看，是我太懒）。作业会布置，但不检查，听写也很少，上课点人也少，大多数都是自愿回答的，所以学习基本全靠自觉。回答问题积极会给平时分1分。（然而社恐还是选择摆烂。。。）有5次作文，其中两次是quiz上的，一次是书评，助教给作文分特别宽松，爱了爱了！不过这么好的老师可能不适合我，这学期大英持续摆烂，没有投入太多时间，唾弃自己！（ps 分出了呜呜呜， 虽然被正态了但还是10分 ，虽然10分但还是呜呜呜。。。
145068,474,鲍泓,2021-12-27 08:25:44,2,2,0,太棒了，跟老师学完大英三还可以继续上老师的大英四课
145080,474,鲍泓,2021-12-27 09:25:04,0,0,0,老师人很好，很可爱
145244,474,鲍泓,2021-12-28 11:45:51,0,0,0,老师人很好，很和蔼的，一整个爱住
146179,474,鲍泓,2022-01-05 15:54:54,1,1,0,老师很好很温柔
146326,474,鲍泓,2022-01-06 08:24:11,0,0,0,很求是
146490,474,鲍泓,2022-01-06 16:32:11,1,1,0,老师人很好很温柔呜呜，虽然最后绩点比想象的低但也是自己一直在水课的原因（以后一定好好学
146544,474,鲍泓,2022-01-07 01:52:41,2,2,0,给分公正，上课有趣，大英那个座位点不点名无所谓了。
146643,474,鲍泓,2022-01-07 06:51:12,4,4,0,鲍老师人很不错，上课讲的也很好，更重要的是会提醒你做各种事情——比如什么时候考四级(救了我的命，差点忘了)，考四级的时候要带什么之类的。另外，大英的成绩主要靠课后背单词。
147521,474,鲍泓,2022-01-10 06:34:41,5,5,0,老师真的好亲切，新年还会发红包，是最愿意和学生互动的老师了
148011,474,鲍泓,2022-01-11 10:13:14,0,0,0,好好好
149913,474,鲍泓,2022-01-17 17:32:11,0,0,0,老师人真的很好很可爱。有考试什么的也会一直细心叮嘱我们。讲课很温柔。可惜我英语太差了不敢课堂互动
155703,474,鲍泓,2022-06-15 08:47:11,2,4,2,老师太好了，太好了，真的太好了，上课又温柔还捞人，我还以为要挂了，真的选择大于努力，出分了先来打个十分😘
155713,474,鲍泓,2022-06-15 10:15:31,1,2,1,老师非常温柔～事少给分好～今天出分真的是我意料之外，一直以来我英语都很差，居然能有80，全靠老师大力捞，感谢！
155822,474,鲍泓,2022-07-02 01:02:00,-3,2,5,很不错的老师捏！
155981,474,鲍泓,2022-06-17 04:00:09,4,4,0,老师真的好亲切！每次pre前她必说的那句“Let‘s give him/her a big hand.”看似不起眼实际却很鼓舞人！结课的时候很不舍，而且给我一种妈妈的感觉哈哈哈哈
155982,474,鲍泓,2022-06-17 04:00:07,1,1,0,老师真的好亲切！每次pre前她必说的那句“Let‘s give him/her a big hand.”看似不起眼实际却很鼓舞人！结课的时候很不舍，而且给我一种妈妈的感觉哈哈哈哈
156355,474,鲍泓,2022-06-19 07:59:53,1,1,0,很不错的老师捏！
156356,474,鲍泓,2022-06-19 07:59:51,1,1,0,很不错的老师捏！
160441,474,鲍泓,2022-09-22 13:20:25,0,0,0,老师太好了，说话很亲切
163366,474,鲍泓,2022-12-14 02:11:45,0,0,0,老师真的很好，很温柔耐心，超级亲切！！！
163862,474,鲍泓,2022-12-16 09:11:56,5,5,0,redbao真的很负责任，pre做完会给同学们很中肯的评价，也很关心学生～
168748,474,鲍泓,2023-02-21 15:33:51,2,2,0,挺和蔼的
168933,474,鲍泓,2023-02-23 14:21:06,3,3,0,教得挺好，是我没听
169278,474,鲍泓,2023-02-25 07:49:38,5,5,0,很亲切，也很可爱的鲍老师。上的大英三。\n\n\n\n事不算多，作业不多，一次课前pre，有一个小组作业是编写演剧本，五篇作文（两篇平时，两篇包含在两次quiz中，一篇书评），这学期课有积极的同学回答问题，社恐福音。\n\n\n\n给分重点在期末吧QAQ\n\n\n\npre前可以去咨询老师，有作文也可以找老师帮忙看一下，老师帮忙润色改了很多，后来还被推为范文啦（虽然自己也改了蛮久的）。\n\n\n\n就我个人观察来看，工作日晚上10左右，可能是老师集中回同学消息的时段（因为好多次都是这个时间段回复的，只是个人观察哈！）
169362,474,鲍泓,2023-02-25 14:47:52,3,3,0,很亲切，但我绩点寄了
169534,474,鲍泓,2023-02-27 00:09:57,3,3,0,老师人真的非常好，我哭死
169904,474,鲍泓,2023-02-28 09:19:13,2,2,0,好喜欢好喜欢redbao，老师不开大英了好难受😭 本来好想继续修她的大英四
174498,474,鲍泓,2023-06-13 07:52:53,1,1,0,商务英语口语：鲍老师上课真的很温柔，耐心给每个同学反馈，在钉钉群里对大家的pre写了很多好评。老师要退休了，希望老师拥有开心的退休生活！
1168,491,郑猛,2015-03-21 16:23:59,51,61,10,蛮温柔 语音很不错 虽然有时也无聊
2131,491,郑猛,2015-07-15 13:21:28,4,18,14,平时事情少，比较水...给分不太好，慎选
2693,491,郑猛,2015-05-05 11:48:46,3,18,15,超级无聊，居然上课发言一次加0.1分，我也是醉了。。。
4249,491,郑猛,2015-06-18 10:20:31,27,34,7,很温柔的老师～而且事情也少。很温柔温柔～
5301,491,郑猛,2015-07-06 11:06:14,1,5,4,有点无聊
5491,491,郑猛,2018-05-28 06:59:39,-68,17,85,管得不严，人很温柔，事少。给分比想象的要差一点，只给了4…也可能是我期末考实在太砸了
9553,491,郑猛,2015-10-30 09:09:58,24,29,5,很好的老师
17094,491,郑猛,2016-01-19 14:47:11,2,7,5,声音好听 但课太水了…也好无聊 给分一般吧
17350,491,郑猛,2016-01-20 05:27:34,17,20,3,挺好的，老师善解人意\n\n\n\n
23269,491,郑猛,2016-03-23 09:05:19,2,8,6,声音有气无力，听得我好累
23682,491,郑猛,2016-06-21 09:05:14,5,7,2,感觉很好很踏实
25074,491,郑猛,2016-05-05 07:20:40,-4,5,9,好无聊啊 无聊透了
26841,491,郑猛,2016-06-21 09:12:08,5,9,4,老师人很好
27699,491,郑猛,2016-07-19 11:39:50,-16,6,22,比大英三的梁老师差的好远啊
27762,491,郑猛,2016-06-27 11:58:34,0,5,5,人不错，事少，只要求你发言。不好好备课，不重视这门课。我在浙大见过口语最好的老师\n\n
28035,491,郑猛,2016-06-28 08:00:56,-1,5,6,1.不能旷课或迟到，否则扣平时分，且发言占平时分比例很小；2.课很水，睡觉玩手机都没事；3.给分不怎么样。
28466,491,郑猛,2016-06-28 09:09:05,11,15,4,很好的一个老师，很温柔^ω^^ω^^ω^
28472,491,郑猛,2016-06-28 09:13:01,-1,5,6,最后一节课有个很水的小表演，平时除了课本作业几乎没有任何任务。推荐英语基础好的同学选，可以节省精力，而且自己复习的完善绩点也还是很好的
28584,491,郑猛,2016-06-28 10:37:43,-2,5,7,声音真的很催眠，事情很少，上课很水，都是按照课本上的内容上课的，没什么互动，而且给分真心不大好..
29581,491,郑猛,2016-06-30 04:18:15,-9,2,11,老师的课挺轻松的 我基本上都会睡过去了 英语成绩嘛还是看自己平时的付出 老师自己的主观的分毕竟占的比较少
29697,491,郑猛,2016-06-30 08:04:27,0,5,5,还可以，就是不太擅长调动课堂氛围，有点枯燥，平时事情少！！就期末一个小组展示。
40158,491,郑猛,2016-12-29 13:10:11,18,23,5,郑老师很好呀!口音超棒，温文尔雅，教学形式多样（电影、小组展示、个人演讲或配音、绕口令、TED），很注重学生的展示和交流，遇到生僻词会很耐心的解释，从来没有不耐烦过。虽然有时课堂有些无聊，但是只要你积极参与，总能感受到她的魅力♡总之很符合我对英语老师的想象(◦˙▽˙◦)
44795,491,郑猛,2017-01-18 09:06:23,12,17,5,感觉老师发音超好听的，选了她的英语视听说，平时会有展示和演讲配音电影赏析，口语考试感觉自己说的好差，期末考试好久没有听听力了，后面有几个空没有听清楚，本来有点虚的，但是最后成绩还可以噢，喜欢老师
44814,491,郑猛,2017-01-18 09:32:43,6,8,2,老师口语很好，很温和。视听说内容也不错
44848,491,郑猛,2017-01-18 11:27:42,14,19,5,一直以为要挂的视听说竟然有3.9…浓浓师生情 谢谢老师 祝老师过个好年
44910,491,郑猛,2017-01-18 13:13:38,9,12,3,老师很温柔 而且不会强迫你回答问题 而且发音超好听啊 给分主要要做好三次展示 认真点做老师会给高分的 建议选 是一门会让你想好好学英语的课
47342,491,郑猛,2017-01-25 10:42:50,-3,3,6,上课很水啊，但是对我英语白痴很适合啊，展示还是挺锻炼我的，然后认识了一群好伙伴(๑•ั็ω•็ั๑)，喜欢老师。
48677,491,郑猛,2017-03-09 07:15:26,1,4,3,英语视听说事不算多，锻炼听力还是不错的，就是比较无聊，老师就按照课本听听讲讲，而且老师语速很慢，但是语音很好听。
48988,491,郑猛,2017-03-21 01:19:23,-4,5,9,老师的气质跟她的名字完全相反…自行体会。上课提问一片寂静的时候，我都替她尴尬…
51202,491,郑猛,2017-05-24 04:37:46,6,7,1,666666 雅思口语9分标准
56142,491,郑猛,2017-07-03 06:46:54,9,13,4,感谢老师提档之恩！83分不是我的功劳全是老师的功劳！谢谢老师！
56184,491,郑猛,2017-07-03 07:56:51,12,16,4,老师口语是真的好，只是给分太迷了
56186,491,郑猛,2017-07-03 08:03:33,-3,6,9,真的无语了，当初说的什么都是来提高听力，结果都是大佬，这个老师只看期末考试成绩，所以听力不好的渣渣千万别选，，，，平时你就算累成狗完成她的任务也没用，中规中矩，老师教学内容还行，但确实教学不怎么样。
57013,491,郑猛,2017-07-05 07:22:07,12,16,4,温柔的老师呐～声音好听 语音标准 上大学以来遇到的又一个优雅的英语老师 棒棒棒哒
63767,491,郑猛,2017-12-14 07:42:40,-4,3,7,困困困
73695,491,郑猛,2018-02-02 16:40:42,-4,5,9,老师的课就是能把包括language points，oral exercise，tongue twister都教并且教的很无聊的类型，还有放的电影是什么鬼啊
75723,491,郑猛,2018-03-15 12:16:51,-4,11,15,真不知道这么高的评分是谁刷上去的，简直是误人子弟。视听说上课穷极无聊，毫无教学的热情和活力，不能更枯燥了。tounge twister尴尬至极。成绩方面，三个展示无比用心，全班数一数二；期末考试别说秒杀也是轻松carry。最后全组3.9。奉劝一下选这门课的，尤其是希望能在英语课上获得好成绩的大佬们，三思而后行，因为真的瞎JB给分。
78049,491,郑猛,2018-05-09 07:06:05,-4,2,6,超无聊
84421,491,郑猛,2018-07-12 22:45:49,2,3,1,这老师超级棒，很温柔!
84923,491,郑猛,2018-07-14 11:32:45,-5,3,8,给分特差\n\n上课无聊对学习毫无帮助\n\n还不如自己回家听听力看视频更能提高\n\n
84941,491,郑猛,2018-07-14 12:37:26,-4,1,5,有可能是老师个性问题吧，上课没什么激情（太温柔了），说话声音很轻（每次都要睡过去好几次），而且应该平时分占比不是很大？我平时从来没发过言，小组展示应该做的也不是很好，本来以为自己绩点要炸，结果最后4.5……本来是因为这学期要上雅思所以想同时选一门英语课练练的，但一学期上下来，感觉并没有对自己的英语听说水平有什么提高……
85038,491,郑猛,2018-07-15 05:21:03,5,6,1,口语赞，温柔，encouraging，视听说作业挺有意思，满了
92785,491,郑猛,2019-01-04 11:58:55,9,15,6,大英三……老师口语很好，很关心学生…有人喷给分差…因为还没期末考我不知情先不评论……就冲老师主动发邮件和我交流选课的事（我之前偶然提起大英四选不上）我就给她十分
93885,491,郑猛,2019-01-14 07:02:19,6,11,5,老师很温柔，口语很好听～平常事情也不多，教学内容中规中矩的，人很好，因为我们班平时小测很低，就把我们的平时表现分提高了。最后一节课给我们讲了很多考试和出国交流的事情，真的是很温柔很温柔，让人讨厌不起来的老师。
93934,491,郑猛,2019-01-14 11:05:15,5,6,1,老师人超级温柔。答题卷出问题还特地帮我找试卷对照。就冲这样。期末考没考我都要吹爆她。
95508,491,郑猛,2019-01-19 13:24:00,3,4,1,老师很温柔 口语很好听 事情不多\n\n从不听写 所以造就了考前临时抱佛脚的我\n\n平时分和最后的总分主要看quiz和作文和期末考吧 上课发言其实不怎么占成绩\n\n平时不怎么背书的我也就比均绩高一点点吧，真的自作自受吧，下学期好好做人\n\n但是老师真的不错！
95509,491,郑猛,2019-01-19 13:27:55,6,6,0,最后绩点2.4\n\n自己平时上课水水过的结果\n\n老师还是很关心学生的\n\n书评作业出问题了 会发邮件单独通知\n\n上课没什么起伏\n\n但是够你学的了
95523,491,郑猛,2019-01-19 14:05:00,5,5,0,老师性子好，工作认真负责，大学学习肯定主要靠自己，只要认真，想学，老师一定会提供最大帮助的。
95528,491,郑猛,2019-01-19 14:10:47,-4,5,9,老师真的差劲，学的挺认真，到最后还是被正太了，建议退掉她的课\n\n
95530,491,郑猛,2019-01-19 14:14:03,4,8,4,哭死了，被卡档
95618,491,郑猛,2019-01-19 16:17:23,3,8,5,爆哭讲道理我没觉得我期末考听力能全错啊为什么分这么低啊啊啊啊啊所以我是被弄到下面几档的意思吗？？真的难受
95628,491,郑猛,2019-01-19 16:33:22,7,8,1,老师很耐心很温柔，对待学生比较宽松，课后邮件问问题都能很详细认真地给予答复，人很好也会尽量给学生调分，平时课堂上事情很少，确实很水，课堂氛围比较平淡，当然事情也少没有听写口语展示什么的破事。最后成绩如何其实还是看自己的考试成绩，考得不好真的不能责备老师，郑老师已经很好了。
95636,491,郑猛,2019-01-19 16:56:23,1,2,1,不善和老师交流的建议退掉。
95641,491,郑猛,2019-01-19 17:18:44,4,4,0,期末考收音机坏了听力没做居然没有挂，感谢郑老师^^
95680,491,郑猛,2019-01-20 01:21:10,2,5,3,很好啦，给分也比较善良，nice，nice
95682,491,郑猛,2019-01-20 07:14:03,2,4,2,上面那个，“问了其他同学”才知道老师上课有ppt??这……您是没上过课吗……唔我就说我自己发邮件问老师事情，她只回一次邮件，而且很简洁，我再问就不理我了。
95744,491,郑猛,2019-01-20 03:24:12,9,17,8,老师的口语真的超棒！然后事情也是真的少！居然连听写都没有！跟老师的单独交流主要就是邮件吧，回复得很及时哦！问了其他同学，发现郑老师有PPT，quiz的句子基本出自老师PPT里专门讲解的句子（这个只有细心的人才能发现！）10分！\n\n最后想跟之前评论的同学和后来的同学说：大英是不正态的，你的绩点低纯粹是自己考得不好，不要把锅扔给老师和正态好吗？（可能会引来不少-1吧，无所谓，真相就是这么残忍喽！）
95932,491,郑猛,2019-01-20 08:37:06,1,2,1,老师口语很好听人很好很佛\n\n绩点低完全是因为自己不背书\n\n不过期末分数还是比预期高了一丢丢
95963,491,郑猛,2019-01-20 09:36:58,-6,5,11,老师上课比较平淡，但是口语真的很棒。英语的学习平时要靠自己。期末给分还行4.5，但是难过的是刚刚在91分....
96001,491,郑猛,2019-01-20 10:55:10,0,1,1,老师很温柔，邮箱问问题也都会很耐心地回答，但是绩点真的全靠自己，像我就比较凉，怪自己平时不好好背书。
96261,491,郑猛,2019-01-20 15:20:50,0,1,1,很温柔！
97628,491,郑猛,2019-01-22 12:23:21,0,2,2,大英三：\n\n教室暖和，老师温柔，跟着课本走，一旦不专注就昏昏欲睡，大英课的效率完全看你自己。好在即使没有听课，认真背单词看老师的PPT，也能取得能过的成绩。\n\n老师该有的作业都会有，但不会有任何其他作业，没有任何压力，学习全看自觉，上课积极发言，就可以拿满平时分。\n\n
99056,491,郑猛,2019-01-24 08:01:08,1,2,1,老师温柔，要求不严，平时表现小组展示啊占比不大，主要还是看小测期末，当然作文可能要好好写
99914,491,郑猛,2019-01-25 09:32:13,0,1,1,很温柔的老师。声音很好听发音也很好听。平时分给的很好但是最后期末我没考好qaq。还是要表白老师啦
100603,491,郑猛,2019-01-26 11:27:22,1,2,1,给满分，老师很好很好，很温柔也很善解人意，讲课干货挺多的，不过不太管课堂，所以很容易水过去，错过很多有用的东西。(当然好像大多数老师都不会管课堂…)老师没得说，给分也好，只要努力，给分都不错！平时分也很好，只要用心。我大英3半途开始水，平时活动认真，最后期末集中复习，最后4.2，也可以了
112077,491,郑猛,2019-07-03 12:08:05,2,2,0,刚考完视听说的期末考，老师球球了，真的求不挂！！！??
114122,491,郑猛,2019-07-09 01:02:45,2,5,3,老师的课比较水，学不到太多东西，但老师人还不错，只是我想问为什么同一组进行展示我被给了一个组内最低分，写了很大一部分剧本，表演也很卖力没有划水，最后明明有做的比我还少的人却拿了很高的分数，同时还卡绩点，如果不是凑英语学分不建议选。\n\n\n\n  \n\n\n\n
114267,491,郑猛,2019-07-09 13:50:30,0,1,1,温柔，给分好得雅匹呀
114399,491,郑猛,2019-07-10 00:51:14,2,4,2,老师很耐心很温柔，上完视听说感觉锻炼蛮大的，口语和听力提高挺多。一组都是韩国小姐姐，人很好，韩国小姐姐很多英语专业的，口语和词汇量简直令人膜拜（也可能是刚好遇上一个非常厉害的）。拿高分不难，每项任务认真做，老师给分很好的，而且确实一个学期听力配音表演小测下来，听力口语真的会提高不少。
116654,491,郑猛,2019-09-12 09:00:35,0,1,1,第二次上Sarah的课了！第一次大英三给了满分，这次视听说我还要给满分！老师人很温柔，也比较有耐心，只要你积极主动地向老师请求帮助（如发邮件咨询英语考试出国留学等问题或者下课留下来提问），老师都会认真负责地教导。最后考试就是45min听力测试，都是很简单的新闻，填空即可（都没叫你概括速记啊喂！）\n\nPS：同班的韩国留学生秉承沉默是金的品质，没感觉出来哪里厉害了，经常迟到。
120609,491,郑猛,2020-01-13 23:54:48,0,1,1,很温柔，很好，可惜自己没好好学习，可水可听，大英绩点自己负责
121021,491,郑猛,2020-01-19 09:01:48,-1,0,1,很温柔的老师，口语很好听。上课提问要是没人回答会直接跳过这个环节...有两次展示，可能比起来事稍微有点多。可水可听，大英成绩还是靠自己。
122179,491,郑猛,2020-02-19 08:55:29,0,1,1,不错，大英三
128463,491,郑猛,2020-12-23 10:02:32,3,4,1,郑猛老师yyds！！！！！！！！！\n\n太爱她了呜呜呜呜呜呜\n\n和名字完全不一样的性格，口语贼好听啊啊啊啊啊啊啊啊
128537,491,郑猛,2020-12-23 15:51:30,0,1,1,真的很温柔，班里有同学天天迟到她也没有批评，平常也不会强迫人起来回答问题，没总共一个pre  这个老师真的很好很好
129160,491,郑猛,2021-01-24 16:06:30,0,2,2,好(✪▽✪)
130920,491,郑猛,2021-01-25 08:48:35,4,5,1,郑老师yyds!女神老师！口音非常好听，人特别温柔，尊重学生的想法，很注重学生的展示和交流，上课很少点名，基本都是volunteer，上课讲解很详细，对学生从来没有不耐烦过。其他的，英语课嘛懂得都懂，想水当然可以水，绩点主要看个人水平，水平多少就多少分，老师手里活动的好像就1分......平时多回答问题就会高一点 ，其他的全靠自己了|因为自己的期末成绩被成功卡绩：），虽然我考的不好哈哈哈，不过没关系，重申一遍，郑老师yyds!!
130950,491,郑猛,2021-01-25 11:21:39,-1,0,1,老师很温柔的
130997,491,郑猛,2021-01-25 13:31:35,-1,0,1,超级温柔的老师，作业和任务都超级少，上课不会强迫同学回答问题，非常尊重学生！！郑老师yyds！！！
135532,491,郑猛,2021-05-12 14:42:52,-2,2,4,事少给分好，不用背单词，上课听听力跟玩儿一样，展示很轻松，老师讲课生动有趣
137615,491,郑猛,2021-07-05 09:53:21,-1,1,2,老师超级温柔的，考前来给老师评分~
140493,491,郑猛,2021-09-13 05:21:19,-5,0,5,老师人很好，作业也不多。我自己英语基础还可以，所以整个学期上下来是非常轻松的。
144742,491,郑猛,2021-12-23 11:25:33,-1,1,2,郑猛老师yyds！！！
146234,491,郑猛,2022-01-06 03:25:54,0,0,0,平时作业可做可不做，不会查，听力每单元只会抽两组的听力批改，很温柔的老师，很有耐心，选就完事
146249,491,郑猛,2022-01-06 04:22:45,6,8,2,很温柔的老师但是给分被寄了🌚
146259,491,郑猛,2022-01-06 05:17:58,1,2,1,老师很温柔，口音也很好，上课可以水，大英还是看自己的能力的
146269,491,郑猛,2022-01-06 05:43:42,0,1,1,老师很温柔，也有耐心，性格好。但是卡绩了好难过…(ﾉ ○ Д ○)ﾉ　（虽然这也不是老师的锅，应该是期末没考好呜呜呜）😭课可以水。。。
146366,491,郑猛,2022-01-10 15:27:17,3,5,2,呵呵，我真的谢。。。
146371,491,郑猛,2022-01-06 10:55:57,2,2,0,呵呵，我真的谢。。。
146538,491,郑猛,2022-01-07 01:32:51,3,5,2,客观评价，希望对选课的人有所帮助。\n\n因为我是把英语当做一门学习工具来学习，因为我以后要出国留学。\n\n强烈推荐郑老师\n\n1.郑老师是一个很温柔的人，口音很正，听着上课她说话，可以练听力，真的那种很悦耳的声音。\n\n2.郑老师是一个很负责的人，我在钉钉上问她问题，她很仔细回答我的问题，很耐心，很详细。然后有一次，我大概弄懂了，发给她说我懂了。结果她没有就此结束，还问我“真的弄懂了吗”，然后我把最后残余的问题给提出来，把最后的问题给解决了。\n\n3.郑老师课堂上会给很多学生发言的机会，就是英语问题，自己主动站起来回答，我总是会起来答，这个可以锻炼一个人的口语，和临场反应能力。而且期末考有个口试环节，是让其他班的老师来口试。这个环节对你参加口试环节帮助很大。我口试的时候，那一组我就很勇敢的一直在说，差不多四个人有一半的时间是我在说，因为上课说习惯了，也不会太紧张，很自然。\n\n4.郑老师是一个美女，完全可以看出来她年轻一定是很漂亮很漂亮的人，现在看也感觉蛮美。语言本身是一种美，老师也美。真的是一种享受。
146798,491,郑猛,2022-01-07 12:54:41,1,4,3,虽然挂科了还是想给老师十分 老师是一个很佛系很温柔的老师 怪就怪我自己没好好学吧 感觉是一个值得9分以上的老师
146900,491,郑猛,2022-01-08 03:03:20,0,4,4,期末无了。。。。。。。。。。。。。。。。。。。。。。。
147329,491,郑猛,2022-01-09 14:35:39,0,2,2,很好的老师
153883,491,郑猛,2022-05-15 12:57:00,2,2,0,上课比较佛，学到的东西感觉很少，视听说听了一个学期觉得没什么进步？可能是之前被Mario老师教的太周到了，有点落差吧
157344,491,郑猛,2022-06-23 08:37:50,18,18,0,千万别选，谁选谁sb，事情巨多给分巨差，节节课听力，上课还要考听写，两个大作业，一次小品，一次配音，都要准备好久。期末两次考试，一场口语考试，一场听力考试，听力占40分，一共40道题，一空就一分，记住是总评的一分！最后一题那么难那么长，口音还很奇怪，就给你读一遍，占10分😅。1.5分的课比大英事还多，您直接改个名叫大英6好了，给分是一点都不捞，该多少分就是多少分。真心喜欢英语的就来学，只是为了学分的千万别选，去选英语词汇学，那个写个论文就能过
157356,491,郑猛,2022-06-23 04:50:00,2,3,1,事情很少，分也很少
157392,491,郑猛,2022-06-23 06:14:07,5,7,2,emm给分是真的看不懂，感觉给分很不好诶
157396,491,郑猛,2022-06-23 06:22:19,13,13,0,真没想到，我大英4都有4.2，这门挂了………
157433,491,郑猛,2022-06-23 08:13:43,7,7,0,就怎么说呢，直接把均绩拉到了四分以下，真的哭了。毕竟是视听说，课上主要就是听听力，最有用的是最后一节课的教你怎么连读，事情蛮多的，有小品和配音，还有猝不及防的听写😭😭😭
157496,491,郑猛,2022-06-23 12:32:30,8,8,0,22年春夏这分杀的是真的狠，听力差的同学快逃，真的会挂
157644,491,郑猛,2022-06-24 07:42:59,3,3,0,给分确实不好
158347,491,郑猛,2022-06-28 14:04:17,10,11,1,视听说这门课掐灭了保研梦
161185,491,郑猛,2022-10-31 11:19:44,0,0,0,事多卡绩👼
165844,491,郑猛,2023-01-10 05:30:13,1,1,0,平时没有什么作业，但是配音作业小品作业和口语听力都十分严格，是会挂人的课。是的，是会挂人的。这门课大部分人的绩点都会很低，慎选
166439,491,郑猛,2023-01-12 09:26:37,2,2,0,为了凑学分没办法了，要求严格，给分求是，听力不好慎选，可能会挂掉
197756,491,郑猛,2024-08-09 15:59:39,0,0,0,怀疑她有躁郁症
6010,509,薛冉冉,2015-07-10 07:49:09,4,13,9,老师上课可温柔啦，也很细心，喜欢老师的笑容*^O^*
7492,509,薛冉冉,2015-09-14 23:52:53,0,7,7,温柔有耐心，声音很好听的老师～
12577,509,薛冉冉,2015-12-23 13:56:31,1,8,7,温柔 然后很会上课 很踏实
34701,509,薛冉冉,2017-02-27 15:59:42,0,4,4,负责任
52105,509,薛冉冉,2017-06-15 00:49:42,0,4,4,超级温柔的老师~喜欢她的课
52248,509,薛冉冉,2017-06-16 10:31:15,0,5,5,温柔可爱的老师！超级耐心超级负责了！
58676,509,薛冉冉,2017-09-14 06:07:00,0,7,7,负责任
59405,509,薛冉冉,2017-09-21 06:56:17,-1,3,4,很好的老师，负责又细心
60273,509,薛冉冉,2017-10-16 10:37:31,-1,3,4,老师上课会扩展一些俄罗斯的文化风俗，很有趣
64010,509,薛冉冉,2017-12-20 13:47:31,1,5,4,100昏！！！！
64068,509,薛冉冉,2017-12-21 01:44:05,0,4,4,太可爱了冉冉
67101,509,薛冉冉,2018-01-20 09:30:33,0,4,4,超可爱！
75245,509,薛冉冉,2018-03-08 06:55:48,0,5,5,Отлично
75247,509,薛冉冉,2018-03-08 06:57:10,0,3,3,老师真好，亲切可爱
75335,509,薛冉冉,2018-03-09 03:40:35,3,12,9,冉冉太可爱了吧我不是俄语系的但她太可爱了我真喜欢她！！！！冉冉真好我爱冉冉
75358,509,薛冉冉,2018-03-09 08:00:45,0,3,3,表白薛老师！
75374,509,薛冉冉,2018-03-09 12:03:21,0,7,7,薛老师！！！我爱！！！能做薛老师的学生真是太幸福了！！！！
75399,509,薛冉冉,2018-03-10 11:54:51,0,3,3,冉冉最可爱！
79075,509,薛冉冉,2018-05-22 07:03:54,1,5,4,薛老师真的亦师亦友
79431,509,薛冉冉,2018-06-05 02:03:30,0,2,2,我爱冉冉
79705,509,薛冉冉,2018-06-13 02:30:10,0,1,1,
80574,509,薛冉冉,2018-06-28 04:11:04,0,1,1,超级温柔的好老师。虽然没有太多机会上她的课，但是一年的班主任期间，对我们真的很用心，人真的超级好，超级负责任！10分！
82071,509,薛冉冉,2018-07-07 04:29:51,0,0,0,老师很负责，同时很善解人意。
85544,509,薛冉冉,2018-07-19 06:26:53,0,1,1,冉冉老师真滴太好了吧，我爱，真是一个可爱的老师！
91997,509,薛冉冉,2018-12-25 09:28:18,2,9,7,冉冉好温柔啊啊啊啊啊啊\n\n顺便给小雪糕我的爱(⑉°з°)-♡
105563,509,薛冉冉,2019-04-17 00:57:09,-2,15,17,o不知道为什么，就是对她喜欢不起来。上课无聊拖课。也没有感受到所谓的对学生的关心，之前喉咙发炎，说话都疼，跟她说明情况后，她还是坚持让我读各种课文，回答各种问题，后来喉咙快两个礼拜才好。
139852,509,薛冉冉,2021-11-20 05:00:19,0,5,5,非常优秀的老师
139880,509,薛冉冉,2021-08-08 06:32:16,0,2,2,认真又负责
140079,509,薛冉冉,2021-08-25 04:46:58,0,3,3,良师益友
141597,509,薛冉冉,2021-10-16 07:36:03,0,2,2,老师是个劳模！非常非常认真负责工作，真的绝了！感觉是个做事精益求精、对工作要求很高的完美主义者
142990,509,薛冉冉,2021-11-18 04:25:19,0,4,4,严以律己宽以待人
149722,509,薛冉冉,2022-01-30 13:50:09,0,4,4,超可爱！！！
150456,509,薛冉冉,2022-01-25 15:00:47,0,3,3,耐心负责
150497,509,薛冉冉,2022-01-27 05:20:48,2,5,3,劳模+1
151506,509,薛冉冉,2022-03-06 05:09:44,0,1,1,温柔又温暖
151777,509,薛冉冉,2022-03-15 10:21:52,0,2,2,会耐心倾听学生的老师！
152234,509,薛冉冉,2022-03-31 04:59:54,0,2,2,亦师亦友
152235,509,薛冉冉,2022-03-31 04:59:55,0,1,1,亦师亦友
154194,509,薛冉冉,2022-05-25 17:50:13,0,1,1,❤❤❤
154772,509,薛冉冉,2022-06-05 03:55:13,0,0,0,挺好的！
168987,509,薛冉冉,2023-02-24 02:40:11,2,3,1,特别喜欢！！！超级负责的好老师
168988,509,薛冉冉,2023-02-24 02:40:13,2,3,1,老师超级耐心温柔，课程也是干货满满
171979,509,薛冉冉,2023-04-15 05:50:20,0,0,0,冉冉老师我的女神！
188233,509,薛冉冉,2024-01-18 12:53:35,2,3,1,认真备课 关心学生的好老师
193318,509,薛冉冉,2024-06-06 07:37:40,0,1,1,中外文化精粹。一言难尽
5459,512,闵尚超,2015-07-07 16:16:46,7,11,4,很认真的老师，虽然说我学的不好，但是真的有收获。
5656,512,闵尚超,2015-07-09 04:16:47,20,21,1,很好!
7534,512,闵尚超,2015-09-15 02:44:48,153,163,10,She married with her first love.
11928,512,闵尚超,2015-12-21 10:49:00,18,18,0,老师人超好 又萌又和蔼！超爱！\n\n
13013,512,闵尚超,2015-12-24 13:41:08,44,51,7,非常让我感动的是课程结束后，我请老师帮我看一篇东西写得如何，她在回复稍迟时说了“抱歉”，并且将修订得非常仔细的文章发了回来。
13536,512,闵尚超,2015-12-29 04:35:25,1,1,0,上课超级棒，很喜欢和学生互动。
14088,512,闵尚超,2016-01-04 07:54:33,5,7,2,老师很好
14104,512,闵尚超,2016-01-04 09:18:05,5,5,0,很轻松
15018,512,闵尚超,2016-01-11 14:06:59,12,13,1,上课很认真 很喜欢 助教很美 大英小组很逗比
15316,512,闵尚超,2016-01-13 14:27:15,3,4,1,qiao可爱的老师 萌
15992,512,闵尚超,2016-01-17 02:10:42,3,3,0,0.0总有些很刺激的事情
16055,512,闵尚超,2016-01-17 05:37:18,4,5,1,超级可爱的，好玩的小游戏，课堂气氛还不错，大英课真的是有一个班级的感觉
16972,512,闵尚超,2016-01-19 10:25:09,34,36,2,老师特别萌，人很亲切，上课气氛好，虽然平时有听写，但是可以督促我好好背单词，期末压力会小很多，只要自己努力，给分很公道的～
19275,512,闵尚超,2016-01-23 17:50:45,3,3,0,老师很萌很好哒⊙▽⊙
21936,512,闵尚超,2016-03-02 00:45:07,1,1,0,
21950,512,闵尚超,2016-03-02 01:51:53,-32,4,36,说真的 她的大英课上得真不怎么样 比梁君英差远了
22225,512,闵尚超,2016-03-03 04:07:05,1,2,1,人真的超好 课堂气氛也不错
24872,512,闵尚超,2016-05-04 06:04:01,2,2,0,最喜欢她了 超级亲切 太会体谅人了 感谢老师
25700,512,闵尚超,2016-06-03 10:06:49,0,0,0,很好的老师
26252,512,闵尚超,2016-06-16 12:02:08,0,0,0,老师人超级温柔啦，课堂上干活很多。
26606,512,闵尚超,2016-06-20 10:37:26,0,0,0,老师超级好～温柔～也很幽默#^_^#
26614,512,闵尚超,2016-06-20 11:07:26,0,1,1,人超好 超可爱 发音地道
27143,512,闵尚超,2016-06-23 07:10:43,1,1,0,上课气氛很好，人也敲可爱的，一个字，大爱哈
27798,512,闵尚超,2016-06-27 15:20:26,2,2,0,老师很萌哒！！推荐噢！！虽然大英4绩点比大英3低，还是很愉快的一个学期嗷！！（老师自称已经是最年轻的大英老师啦！）
28240,512,闵尚超,2016-06-28 08:19:58,1,1,0,特别喜欢的老师，鼓励的眼神让人心暖
28342,512,闵尚超,2016-06-28 08:36:16,1,1,0,老师挺萌的，上课气氛也不错
33053,512,闵尚超,2016-09-11 08:13:34,1,1,0,口语挺好，课堂活动多，对同学态度好，给分不错。是个好老师
39237,512,闵尚超,2016-12-21 16:58:50,2,2,0,老师超级棒，超级喜欢。很温柔，大英三四都是她，特别特别好！期末考试的时候没带铅笔问她借的。
41953,512,闵尚超,2017-01-13 09:41:49,26,26,0,闵老师是我大一上最喜欢的一位老师，大英四预置老师的课真的很幸福。老师人很好，对待学生很和蔼，工作认真负责，教学一丝不苟。经常会给我们补充课堂之外的内容。老师会照顾每一位同学的情绪，帮助每一位学生，课堂参与方面也会积极鼓励每一个人，让那些不善于表达的同学也可以有机会锻炼，平时还经常在群里分享一些资料。我想，真正的好老师就应该是这样的！在这里，向老师说一声谢谢！！
42195,512,闵尚超,2017-01-14 01:07:27,3,4,1,老师人很好哦，考不好绝对是自己的问题。
42207,512,闵尚超,2017-01-14 01:46:46,14,15,1,闵老师是一个很平易近人的老师，很亲切，很负责，上课听写可以督促我们认真学习，期末复习压力较小，虽然我这次大英4绩点不太高，但还是真心推荐大家选闵老师的课程。
43056,512,闵尚超,2017-01-16 05:02:48,0,1,1,不错\n\n
49070,512,闵尚超,2017-03-23 04:46:21,10,11,1,老师人真的很好，口音很不错，重要的是她跟她的初恋在一起了，哈哈哈哈
51686,512,闵尚超,2017-06-08 09:35:08,0,2,2,这么好的老师不满怎么可能
51845,512,闵尚超,2017-06-12 09:12:26,8,10,2,助教姐姐你男朋友的女朋友真好看~
52851,512,闵尚超,2017-06-23 07:53:04,2,2,0,时隔一学期再来评价，还是感觉闵老师的课好，老师给人一种很舒服的感觉。大英四也是我非常认真背单词的一门课
52973,512,闵尚超,2017-06-24 08:48:00,0,1,1,上课期间一直很怕老师，觉得老师好严肃好仔细好严格，不敢和老师对视。然后今天考试忘记带东西老师允许回去拿，还有忘记涂试卷类型老师也涂好了，真的感恩老师~还没出成绩就来刷个大大的好评呀！
53333,512,闵尚超,2017-06-26 11:43:40,0,0,0,还行吧
53925,512,闵尚超,2017-06-28 04:31:57,2,2,0,老师很好，很耐心，很温柔。上课会有单词短语的听写，是对我这种自制力不是很强的人的福利，很大程度上减轻了期末复习的压力，而且给分也不错。
58251,512,闵尚超,2017-08-28 01:50:55,1,1,0,to be prepared.
61644,512,闵尚超,2017-11-19 14:46:47,2,2,0,老师讲的都是满满的干货，一起慢慢写作文的过程真的学到了好多，非常喜欢老师了。
62153,512,闵尚超,2017-11-23 00:01:25,9,9,0,真的太喜欢太喜欢老师了，人超级温柔可爱有耐心，唱歌也超级好听。发给她的作文都会超级认真的批改，很多问题都能找她互动，真的超爱！比心(/ω＼)
63179,512,闵尚超,2017-11-29 03:09:40,2,2,0,很棒很温柔
67271,512,闵尚超,2018-01-20 14:37:08,0,0,0,老师超级棒！！！认认真真的一个学期下来大英四绩点也很好！给老师打call！！！
67734,512,闵尚超,2018-01-22 06:11:03,2,2,0,老师讲的很棒，很温柔很有耐心。虽然这次期末考很难，但还是上四了，多谢老师的教导啊！
74693,512,闵尚超,2018-03-05 06:15:56,1,1,0,老师就是好，就是好，就是好，墙推！
81561,512,闵尚超,2018-07-05 11:36:19,0,0,0,老师超级nice，干货也很多，更重要的是让我喜欢上了用英语去思考和讲述自己的观点?
82016,512,闵尚超,2018-07-07 01:07:06,4,4,0,墙裂推荐 干货满满 老师炒鸡nice 就是我自己不争气了一点 期末听力炸了 真的非常幸运能够遇见这样的老师
82421,512,闵尚超,2018-07-08 06:51:50,1,1,0,很喜欢，上课一定要好好学，重视英语
86593,512,闵尚超,2018-09-17 11:23:06,1,1,0,老师人超级好 我英语挺差的 私下里问她如何学英语 老师特别认真的回复我 上课也超级棒
92110,512,闵尚超,2018-12-26 12:07:59,2,3,1,老师真的太棒了，不拘泥于课本，还给我们准备圣诞礼物
95017,512,闵尚超,2019-01-18 15:04:14,7,7,0,老师真的超级超级可爱的!会认真听你讲什么，上课侧重于口语交流沟通而不是死读课文，会很认真地批改你的作文写很长很长的评语。上课和大家的互动也太可爱了叭∠( ᐛ 」∠)_圣诞节还给大家都准备了小礼物!想给老师比一百万个心!以后一定努力继续选老师的课!
95817,512,闵尚超,2019-01-20 05:57:15,1,2,1,是好老师，超级认真负责，看得出来是一个很优秀的人\n\n但是师生情……好像莫得
96470,512,闵尚超,2019-01-21 04:41:46,2,2,0,体验超好啊啊啊啊啊啊老师真的超级温柔
96492,512,闵尚超,2019-01-21 05:11:07,0,1,1,真的是一个好老师！上课很认真负责也很温柔谦逊～课上不会很累但是干货满满 希望还能选到她的英语课
96512,512,闵尚超,2019-01-21 05:24:35,8,9,1,预置了闵老师的大英四，老师真的超温柔，在老师的office hours里去找老师聊过，老师特别耐心而且想得特别周到。老师课程准备得很仔细，每次都有几十页的幻灯片，而且老师专业方向应该是做英语能力测试相关的，感觉分析我们的英语能力上很专业。老师的作业不多，课间可以看老友记，圣诞节还有小礼品！！成绩上凭我对自己英语水平的自知之明老师给分真的很好，期末感觉完全没发挥好没想到最后绩点还不错。能上闵老师的大英真的很幸运❤️
96533,512,闵尚超,2019-01-21 05:40:30,9,9,0,老师超好的！虽然我没考好嘿嘿
96545,512,闵尚超,2019-01-21 06:08:59,1,2,1,老师很可爱，非常认真
96587,512,闵尚超,2019-01-21 07:00:00,2,2,0,哇～女神～太萌了！上课很有趣也很有文化氛围！爱了爱了
96588,512,闵尚超,2019-01-21 07:00:07,1,1,0,闵老师超好的，上课认真负责。吹爆
98177,512,闵尚超,2019-01-23 06:58:23,2,2,0,老师人超好，很温柔，去问她会很认真耐心的为你解答。平时上课内容很丰富，批改作文什么的超级耐心认真负责。笑起来太温柔了，很幸运能遇见这样一位好老师
103320,512,闵尚超,2019-02-27 09:50:39,0,0,0,非常重视speaking writing的能力培养，超赞！
109742,512,闵尚超,2019-06-19 03:26:32,1,1,0,听老师的课就是一种享受啊，绝对的好老师，上课氛围很好，很细心、负责任，爱了！\n\n
110248,512,闵尚超,2019-06-25 04:59:20,1,1,0,很温柔，改作文用心
111066,512,闵尚超,2019-06-29 12:05:06,2,2,0,闵老师真的超级好啊，作文每次都会写strengtn和 weakness最后大英四卷面应该在及格边缘，平时分救了我一命啊
112880,512,闵尚超,2019-07-05 08:21:06,1,1,0,呜呜呜呜老师人好好
128492,512,闵尚超,2020-12-23 11:05:50,2,2,0,真的大爱老师✧٩(ˊωˋ*)و✧非常非常好！认真负责，互动超棒，老师也特别特别可爱(๑• . •๑)
133673,512,闵尚超,2021-03-03 12:41:32,3,3,0,新学期大英4上课第二天，老师人超好，超级nice！\n\n上课形式新颖有趣，课堂生动活泼，非常温柔，很耐心解答问题！\n\n绝对好老师！
145108,512,闵尚超,2021-12-27 12:19:48,2,2,0,特别可爱的一个老师！
145204,512,闵尚超,2021-12-28 07:55:22,4,4,0,舍不得老师   早知道就退4选3 这样还能多上一学期老师的课😔😔😔
146182,512,闵尚超,2022-01-05 16:09:21,1,1,0,老师很认真，虽然我比较菜，但给分好，顶顶顶。
146213,512,闵尚超,2022-01-06 01:39:26,4,4,0,老师真的很认真啊，期末没有涂ab卷，老师也帮我涂了，还会跟同学约时间谈话，钉钉也会回消息，虽然最后绩点一般般，但真的强推！
146219,512,闵尚超,2022-01-06 01:53:25,3,4,1,预置的大英四，非常庆幸能上到闵老师的课！老师真的好可爱又好认真，每次钉钉都回复的人很快，还有可爱的表情～作业不多，学起来很愉快！小组的同学也都很nice，有点舍不得结课哇！\n\n成绩方面，只能说大英的机制决定了绩点可能都不会太高吧😂，（期末考很重要也很硬核）但是努力以后上4还是没问题的～
146227,512,闵尚超,2022-01-06 02:22:14,10,10,0,呜呜呜大英四能预置到老师真的是太太太幸运了T^T老师很可爱很亲切很细心，上课氛围很不错，鼓励同学发言，有的时候说自己要随机点名了基本上就是点平时不太举手的同学（可能是要计发言分）。上课特别热情我觉得，而且她口语真的好好听！开学摸底考之后还有一对一谈话分析，让我们问问题，最后一节课还说以后有问题还可以去找她T^T改作文会写优缺点，去找她还会帮忙具体分析。上课内容很丰富很实用，可惜我没有完全认真积累呜呜。虽然考试基本都靠最后几天狂背单词但成绩也还行（平时分给得挺不错的！）语无伦次了反正就是我怎么这么爱闵老师T^T
146229,512,闵尚超,2022-01-06 02:45:21,2,2,0,老师真的很负责也很亲切，哎还是自己战略上不重视大英，觉得吃吃高中老本也不会差，最后。。出分之后，老师还特地安慰我，老师真的很好啊！希望以后选上闵老师的同学要好好珍惜这样的好老师啊啊啊啊啊啊！
146246,512,闵尚超,2022-01-06 04:13:08,1,1,0,老师很温柔很认真，上课注重口语能力的锻炼，第一次考试后还单独找每一位同学出来谈话，分析学习目标。以及小测分数和最终绩点给的都很高。在老师的锻炼下，之前完全不会用英语说话的我在期末的口语考试也能讲出一堆东西TT选上老师的课很荣幸，这学期学到了很多，尤其是能力的提升而并不只是课本上的内容。大家都来选闵老师的课！！！！
146251,512,闵尚超,2022-01-06 04:30:40,0,0,0,喜欢闵老师的热情和温柔！高中一月首考之后就没再怎么接触英语了，很担心自己会跟不上进度，但是闵老师真的会很耐心对待每一个学生！
146300,512,闵尚超,2022-01-06 07:20:02,0,0,0,我i老师～!!!!!!人超好超热心
146489,512,闵尚超,2022-01-06 16:23:25,0,0,0,好喜欢老师🥺预置了老师的课真的是我的荣幸，老师人很好很温柔，讲课内容也很丰富，小组展示和回答问题的时候不管回答得怎么样老师都会点头微笑鼓励你，真的好爱她！！大英成绩我觉得还是和付出对等的吧，因为真的很喜欢老师所以这是我唯一一个能在课上不水手机的课，小组同学也很好，努力过啦，最后绩点还可以～强推！！
146664,512,闵尚超,2022-01-07 07:23:17,4,4,0,老师很好，呜呜，但是垃圾正态滚出浙大
153226,512,闵尚超,2022-04-27 01:20:15,1,1,0,非常nice
155641,512,闵尚超,2022-06-15 02:51:21,3,3,0,是个好老师，还给我们每个人发了本子，虽然绩点一般，但是还是很感谢老师
155729,512,闵尚超,2022-06-15 11:23:14,2,2,0,老师人很好，平时分能给就给，课程安排很有趣，大英四绩点比大英三高，好评
163963,512,闵尚超,2022-12-17 03:14:08,1,1,0,口音很好很可爱，人非常非常好。
164689,512,闵尚超,2022-12-23 11:36:05,3,3,0,特别好！
168636,512,闵尚超,2023-02-20 12:40:04,2,2,0,老师真的很善于教学！负责！温柔！细致！
169277,512,闵尚超,2023-02-25 07:48:03,1,1,0,老师真的非常好，课堂也不会强制点名回答，对我这个社恐人士非常友好，氛围很轻松，作业也比较少，还夸我作文写得好！老师很温柔很细心也很热情，给分也很好！选她选她！
169806,512,闵尚超,2023-02-28 03:10:12,1,1,0,温柔有耐心，选上就值得🤤
170430,512,闵尚超,2023-03-07 08:20:33,1,1,0,...
171727,512,闵尚超,2023-04-03 11:30:45,3,3,0,虽然本人大英四成绩不好，但这是本人水平有限，和老师没有任何关系。\n\n老师人特别好，温柔细致，讲课生动，尤其是评作文特别认真，会在发掘你优点的同时给出改进建议，真的很感激闵老师的教导！\n\n如果选上了闵老师的课，恭喜你，因为这是你大学生活的幸运。
175135,512,闵尚超,2023-06-21 18:23:36,0,0,0,老师人太好了，温温柔柔的，但课堂授课内容还是很丰富，认真学也能学到不少东西。我是菜鸡，大英四也能3.6飘过
176321,512,闵尚超,2023-06-28 11:20:25,0,0,0,超级温柔的老师
176727,512,闵尚超,2023-06-30 01:49:48,0,1,1,老师人太好啦，真是我等英语学渣的救命稻草🌿
181582,512,闵尚超,2023-10-23 09:44:56,4,4,0,不要在意大英4的这个平均绩点，这个老师也管不了多少。。。能捞的都捞了 真的很温柔 总挂着微笑 说话也很有趣 选上闵老师真的会让你们对大英的恐惧降低不少
186354,512,闵尚超,2024-01-10 14:59:59,1,1,0,老师很好，很负责任，教学也很有趣。\n\n不过我个人实在是太废了，无论如何那些单词和课文字句就是进不了脑子，最后绩点也是不尽人意。\n\n但无论如何，我并不后悔选上了闵老师的课，这个大英四的课程体验也属实是学生生活中的难忘的记忆了。
186522,512,闵尚超,2024-01-11 12:59:28,0,0,0,很好的老师！授课很全面、耐心。学到了超级多！超级推荐！
188165,512,闵尚超,2024-01-18 10:00:33,0,0,0,好好好
190987,512,闵尚超,2024-03-27 13:50:37,0,1,1,老师好温柔，好喜欢，口语菜狗也勇敢发言了，老师一直很温柔的点头鼓励！坐标学术英语交流，感觉分好不好都会推荐的程度！
196999,512,闵尚超,2024-07-06 12:20:33,0,1,1,学术英语交流，好课，能学到东西。给分略求是，比预期低了一档，但这不妨碍这门课值得一选，太看重绩点的话就换个课吧，不过外语类能找到莫名其妙分特别高的选择也不多嘞~
197500,512,闵尚超,2024-07-17 10:49:24,1,1,0,学术英语事多分低
201329,512,闵尚超,2024-11-01 00:19:14,2,2,0,闵老师真的是超级超级超级好的老师啊啊啊啊啊啊！！！！！骑车摔了还会一直关心你呃呃呃真的感动疯了然后上课也巨巨巨温柔！！我直接猛猛发言！超喜欢闵老师啊啊啊啊！！！
205151,512,闵尚超,2024-12-02 07:06:59,1,1,0,人超好 但是希望能分给高一些
206300,512,闵尚超,2024-12-13 15:33:04,0,0,0,老师人很好的，冲就行了，不过大英要好好学
206352,512,闵尚超,2024-12-14 12:45:18,0,0,0,老师人超好，亲切又热心
208559,512,闵尚超,2024-12-29 11:34:54,2,2,0,她是最好的\n\n最好的最好的最好的最好的！！！！！！！
209096,512,闵尚超,2025-01-04 12:09:41,1,1,0,老师很好，温柔负责，不强制回答问题，回答少的后几节课会叫起来让读一下PPT，问题不大。\n\n（出分前夕，祈愿有个好成绩）
209456,512,闵尚超,2025-01-06 03:53:38,1,1,0,老师人真的很好蒽，绩点也好。
209461,512,闵尚超,2025-01-06 04:26:19,-1,0,1,老师人很好，如果分要是再高一点就好了哈哈
209677,512,闵尚超,2025-01-06 13:38:36,3,3,0,闵女士真的超级温柔可爱，大英给了4.5（虽然有一点点遗憾，因为单词没好好背www），上课的时候会给同学们时间发言讨论，讨论问题的时候不仅限于小组，大家直接跨讨论，平时的作文去找她批改会很耐心地讲解，课间给大家放老友记，下个学期选了闵女士的学术英语交流，merci beaucoup Madame！！！！
213523,512,闵尚超,2025-01-18 05:00:35,1,1,0,老师很好，课上坐后面一整组都在摸鱼，期末考试前最后一节课看了平时分还可以，可是最后只有3.3，也不知道是不是因为平时不发言导致的
217793,512,闵尚超,2025-04-16 12:50:09,0,0,0,个人感觉很不错，大英成绩低完全是我自己的问题。感谢老师让我在大学体会了一次快乐的英语课。
222090,512,闵尚超,2025-06-29 14:41:36,0,0,0,学术英语交流非常好 作业不多 考试题型基本是固定的五种选三种 想我这样的英语菜狗也能4.5 非常推荐 老师人很好
4336,515,沈国琴,2015-06-19 05:44:12,10,11,1,上课很详细
5809,515,沈国琴,2015-07-09 12:45:45,27,31,4,优雅
12737,515,沈国琴,2015-12-24 02:52:22,5,6,1,讲课很详细，老师很好
15337,515,沈国琴,2016-01-14 02:44:27,3,4,1,讲课很详细
18132,515,沈国琴,2016-01-21 08:03:56,1,2,1,老师好棒
29850,515,沈国琴,2016-06-30 11:49:48,1,2,1,超级好
43726,515,沈国琴,2017-01-17 01:31:10,8,9,1,除了语速太快 其他都超好 讲课认真详细 耐心解答问题
45993,515,沈国琴,2017-01-20 10:53:35,15,16,1,老师语速很快，但东西讲得非常详细，很懂德国生活
59733,515,沈国琴,2017-09-26 09:21:09,3,5,2,沈老师讲课很有趣，经常会拓展很多内容。
61214,515,沈国琴,2017-11-12 07:54:50,5,6,1,老师人超好，上课内容很多，可以学到不少知识
74189,515,沈国琴,2018-02-06 11:24:27,12,13,1,沈老师不仅语速快，出成绩也很快，当天考完当天出！给分很棒，平常补充的只是也很多，也讲了很多自己在德国留学的经验，很开心下学期还有Frau Shen的课。
75988,515,沈国琴,2018-03-23 05:21:41,2,3,1,老师语速超快的~平时会给我们扩充一些课外的知识，经常会跟我们分享德国的有趣的事情。上Frau Shen 的课可以学到很多的！
83695,515,沈国琴,2018-07-11 04:11:59,-18,0,18,乱给分
84015,515,沈国琴,2018-07-12 02:12:15,-3,0,3,。。。
95505,515,沈国琴,2019-01-22 01:37:04,4,4,0,精致女孩嘎嘎
111391,515,沈国琴,2019-07-01 05:59:25,4,4,0,行走的词典，思维完全德化，这个词我不会讲都会问你用德语怎么讲hhh
113472,515,沈国琴,2019-07-06 17:52:18,2,2,0,精致沈老师！早上考试她下午就刷刷改完卷子给大家拉拉分当天就登成绩，真的是个战狼哈哈哈 爱她❤️
130907,515,沈国琴,2021-01-25 08:11:13,2,2,0,沈国琴老师就是德语系的小天使！！不接受反驳。内容充实，待人和蔼，给分超好！
131635,515,沈国琴,2021-01-28 09:01:13,2,2,0,我爱沈老师
134436,515,沈国琴,2021-03-28 13:30:21,6,6,0,沈老师真的超级超级好！温柔善良，非常关心每个学生，真的太好了，教学也好，最喜欢老师的课了
137192,515,沈国琴,2021-07-02 07:00:24,4,4,0,想一直上沈老师的课，5555，太好了，优雅又精致，给分好，出分快，上课干货好多
143916,515,沈国琴,2021-12-12 11:45:51,2,2,0,沈老师真的很关心学生！！！上课也能学到超多知识！！！爱她❤️
151374,515,沈国琴,2022-03-01 15:38:42,2,2,0,老师真的很实在，事少给分好，很爱
156646,515,沈国琴,2022-06-20 13:32:08,2,2,0,Frau沈的改卷速度绝对是一流的\n\n中午考完晚上出成绩，给分也很好\n\n平时上课虽然语速很快，但真的是干货满满\n\n超可爱的老师
159171,515,沈国琴,2022-07-07 09:12:56,1,1,0,\女神/\女神/
165092,515,沈国琴,2022-12-29 05:26:50,6,6,0,有幸听了沈老师在浙大上的最后一堂课😭😭😭Frau Shen是我目前在浙大最喜欢的老师😚虽然还没考试但必须打十分！老师退休快乐！
165173,515,沈国琴,2022-12-29 19:01:56,5,5,0,大爱Frau沈！老师教的很细很有耐心，上课干货满满，很适合初学者。平常和蔼亲切，对我们像对孙子孙女一样哈哈哈，还喜欢讲自己在德国的经历。很荣幸作为Frau沈教的最后一届学生，可能以后不会有人来查老师这里搜索这个名字了吧，好舍不得她呜呜🥹希望她退休以后过得开心
4381,535,吴宗杰,2015-06-30 06:59:52,11,11,0,除了作业多，事多，其实还是个好老师的…
4556,535,吴宗杰,2015-06-24 11:11:47,3,4,1,事儿烦。
4573,535,吴宗杰,2015-06-24 14:50:03,9,13,4,考试周前一周布置了一堆小组作业和个人作业，醉了
4734,535,吴宗杰,2015-06-27 03:04:41,0,1,1,破事多
4784,535,吴宗杰,2015-06-29 00:53:30,4,6,2,真正的破事多！文化精粹课本来就没个人作业，偏偏在考试周前给你搞个两到三页小文章出来。
4830,535,吴宗杰,2015-06-29 09:33:23,0,1,1,可怕
4867,535,吴宗杰,2015-06-30 04:24:11,0,0,0,哦
4950,535,吴宗杰,2015-07-01 11:11:41,1,2,1,只恨没有负分 特别能折腾人
9351,535,吴宗杰,2015-10-23 04:33:08,8,8,0,这是专业课，老师认真负责没什么错。虽然每周的任务多，但是真正是学习东西的，他自己本人在这个领域就花了很多功夫的。
25404,535,吴宗杰,2016-05-17 09:23:39,4,4,0,老师对所从事的学科很有热情
34641,535,吴宗杰,2016-10-17 06:14:16,1,3,2,真是无语了，这么好的老师分这么低~事多还不是为了学生好，至少老师是真心想为学生好的，怎么这么多贱坯子呢，对自己越好的越要伤害，对自己越差的越要跪舔
38206,535,吴宗杰,2016-11-26 14:50:25,3,3,0,我是在去年上了文化精萃的课，吴老师的课被排在了最后两周这也不能怪他，而且之前有些老师布置的任务比他还要多呢。老师在自己的专业领域很有研究，这就足够给他打高分了。
38452,535,吴宗杰,2016-12-05 11:30:39,3,3,0,分低无所谓，反正他该有的都有了
43425,535,吴宗杰,2017-01-16 08:52:38,1,1,0,认真听很有收获，老师很好
43705,535,吴宗杰,2017-01-17 00:08:07,1,1,0,老师有点萌的 大家不要黑他 文化学让我有了另一种观察世界遗产的视角 蛮有收获的
46490,535,吴宗杰,2017-01-22 01:09:13,1,1,0,客观说来确实事情多，但是老师真的思想很深刻，在他的课上能够学到好多东西
617,569,洪峥,2015-03-15 07:24:59,9,15,6,轻松 随意。
3692,569,洪峥,2015-06-17 02:19:23,13,19,6,很温柔，不点名但能记住所有学生。\n\n很博学很有能力的老师～
16665,569,洪峥,2016-01-18 16:29:56,4,10,6,老师人很好 经常发发言和她互动她会很开心哒
24014,569,洪峥,2016-04-25 09:37:37,-3,13,16,上课半学期了还记不住学生名字…偏心，对第二学期转来的学生有偏见，就喜欢表扬她那几个得意门生
25561,569,洪峥,2016-05-25 11:17:28,0,4,4,一般般
29389,569,洪峥,2016-06-29 16:14:10,-7,10,17,sb老师，开学第一节课还要对上学期考试成绩总结，有个学生上学期选了他的课这学期没选，他就在班里说这个学生期末考试成绩多少多少分，考的怎么怎么不好⋯⋯醉⋯⋯背后讲人坏话，什么素质
30760,569,洪峥,2016-07-03 12:31:12,-9,13,22,拖我均绩！下学期整死不选她，喜欢谁就给高分吧，不喜欢就不给吧……也是醉了……大学老师跟个上幼儿园的一样，还要把学生拿来攀比
30774,569,洪峥,2016-07-02 12:41:15,-2,8,10,连续两次绩点被拉惨了…最简单的专业课绩点却最低 不敢再选了（围笑
30783,569,洪峥,2016-07-02 13:04:51,5,9,4,感觉老师给分就是实打实地给....上课讲课文的 然后学到的东西也挺多 期末复习的难受怪我自己平时上课水手机...
43905,569,洪峥,2017-01-17 05:59:41,-4,2,6,真的一直在水
44236,569,洪峥,2017-01-17 12:45:13,6,10,4,好好做演讲，就会拿高分
44710,569,洪峥,2017-01-18 06:37:49,4,6,2,综英1:\n\n1水不水看自己 2教材本来也不用讲太多，认真听课，复习，背范围，高分不太难\n\n3平时pre和其他作业锦上添花吧大概 4老师性格比较好 不太抠小节 但会有“重点关注对象”
47357,569,洪峥,2017-01-25 11:38:37,11,21,10,其实不懂老师评分为什么这么低，上课干货很多，事情不算多，绩点主要看考试。其实我觉得喜欢好学生真的无可厚非。
48019,569,洪峥,2017-02-28 05:21:33,5,6,1,非常好的老师。人好课好！
48024,569,洪峥,2017-02-28 05:27:24,4,4,0,好老师，认真负责
48057,569,洪峥,2017-02-28 07:42:23,-5,1,6,人还是很随和的。但是感觉干货少了点
48355,569,洪峥,2017-03-02 09:46:56,3,3,0,老师人挺好啊，讲课也不错，对学生有问必答，不理解为什么这么低
54657,569,洪峥,2017-06-30 03:27:57,8,8,0,其实就是讲课文啊，如果读笔认真写肯定有收获的啊，事情可能多了一点但如果都认真做分肯定不会低，这门课本来就3分，事情多一点也很正常吧，而且别人读笔能写那么多那么认真，作文能写那么好，不拿高分不觉得不公平么，考试也一半是书上的，认真准备分不会太低，至于喜欢一直选她的课的学生这一点还真没看出来，不过上课点人喜欢点固定几个倒是真的
73041,569,洪峥,2018-01-31 17:12:41,5,6,1,洪姐莫名可爱\n\n第一次上她的综英课 讲课文的时候注重细节理解 好多次让我有茅塞顿开的感觉～\n\n还能学到很多词根哦 注重巩固的话还是很有收获的
75945,569,洪峥,2018-03-22 09:45:32,2,2,0,感觉老师上课干货很多，而且多多发言，她都是会能记住名字的，在她的课堂一定要活跃一点。而且老师思想也比较开放，人还是很不错的。
82555,569,洪峥,2018-07-08 13:28:31,2,4,2,太感动了老师给的绩点炒鸡高，我1.8的高数都被老师的综英给分给拉回来了
99616,569,洪峥,2019-01-25 04:11:43,14,30,16,555考完立刻来了！！考试之前给了每个人一个精致的小信封，是开学第一节课我们写给自己的信，不管考得好不好，总算在这所恶魔大学里看到了点光，蟹蟹老师！！?
101202,569,洪峥,2019-01-28 01:59:25,3,4,1,老师超级温柔的，上课干货也很多
107003,569,洪峥,2019-04-30 16:05:56,6,6,0,感觉很棒，循循善诱型的老师！！！
112494,569,洪峥,2019-07-04 13:02:27,7,7,0,老师很温柔呀~上课干货很多，对学生也很关心。上她的课很放松，很愉快?
113704,569,洪峥,2019-07-07 04:50:30,5,5,0,课堂内容形式很丰富，老师耐心温柔，注重细节，且善于发现学生的闪光点。一学期下来突破了好几处舒适区，算是收获颇丰。
125705,569,洪峥,2020-09-13 10:44:21,3,3,0,老师挺好的
127072,569,洪峥,2020-11-05 06:32:24,2,3,1,洪老师太好了，给分也好！
128576,569,洪峥,2020-12-24 05:35:34,4,4,0,我觉得是个很好的老师，懂得很多，学到很多
133573,569,洪峥,2021-03-02 08:44:22,3,3,0,老师是个超级温柔的人！上课内容很丰富，会和我们分享自己的阅读体验，也会给我们推荐各种阅读资料！超级好！
136656,569,洪峥,2021-06-22 12:41:29,3,3,0,很nice！
144188,569,洪峥,2021-12-20 07:24:01,5,5,0,是一位很认真、负责，也很关心学生的好老师。但是个人觉得她教得过于细致了，就像是在上初中的英语课一样，要把每一个词每一个短语都讲得很清楚。个人会更喜欢寿老师的课堂，主要focus是文学方面的探讨，会更像是大学或者说英语文学的课。
148636,569,洪峥,2022-01-13 05:27:07,2,2,0,老师我爱你👄
148655,569,洪峥,2022-01-13 06:34:26,6,6,0,老师还是很负责的，课堂干货比较多。但不会发ppt复习，绩点基本纯看期末考试。
148686,569,洪峥,2022-01-13 08:15:41,0,0,0,讲的细，但是期末不知如果复习
150405,569,洪峥,2022-01-24 13:17:49,2,2,0,上课对于课文的分析比较细致，同义词比较等等语言知识点会介绍的比较多，课下有问必答，很nice的老师。
150954,569,洪峥,2022-02-21 10:28:13,2,2,0,给分好人也好的老师，综英基础不好也能跟得上，非常有耐心，喜欢老师！
151030,569,洪峥,2022-02-22 05:37:25,4,4,0,好老师呜呜呜
156560,569,洪峥,2022-06-20 09:07:03,6,6,0,综英三比大英三的成绩高那么多，感谢老师，真的在综英三学到了很多，两次展示也锻炼了自己的口语，老师很耐心，也很风趣
157532,569,洪峥,2022-06-23 15:19:14,3,3,0,老师老师我爱你👄 已经第二次上老师的课了，可惜下学期预置的不是老师
165484,569,洪峥,2023-01-07 03:40:11,7,7,0,老师真的很好，很有耐心
182499,569,洪峥,2023-11-16 14:45:20,3,3,0,特别好的老师，上课超有趣！
187511,569,洪峥,2024-01-16 12:10:25,2,3,1,我觉得老师是很有耐心的老师，上课会努力照顾到每个人
187568,569,洪峥,2024-01-16 15:00:50,1,2,1,老师很温柔和蔼可亲 上课i人友好\n\n😢出分了 感觉被捞了ww 谢谢老师！
187610,569,洪峥,2024-01-16 23:41:21,2,2,0,洪老师真的特别特别好！上课干货满满，能学到很多东西！超级喜欢洪老师！
192623,569,洪峥,2024-05-25 12:38:41,-16,6,22,呃呃每节课就知道点那几个男的，一边说什么回答问题计入平时成绩，你倒是给我们机会回答啊？明明女生比男生还多，结果每次就看着自己那几个宝贝男的，疯狂点，女生一节课都点不了几个。我只能说果然世界就是一个巨大的爱丁堡😅😅
193272,569,洪峥,2024-06-05 13:09:24,2,7,5,每节课都点名，研究生最痛苦的一门课，给分还贼低
199053,569,洪峥,2024-09-14 11:54:23,5,5,0,爱洪老师，特别可爱的小小的老师捏，专业知识也很强，说话有意思，十分！！！
199968,569,洪峥,2024-10-10 01:57:10,4,4,0,洪峥老师超级好！上课很有用也不沉闷，知心
204719,569,洪峥,2024-11-27 13:21:24,2,2,0,温柔，善解人意，上课有自己的小幽默，值得上9.5的好老师。而且课后作业不算多，学生有时候忘记做作业或者迟到也不会责怪。学识渊博，词汇量很大。认真学真能学到真东西。
209721,569,洪峥,2025-01-07 01:16:26,0,0,0,🥰🥰🥰
214060,569,洪峥,2025-01-23 10:27:19,0,0,0,综合英语毕业 感谢洪老师
217841,569,洪峥,2025-04-17 06:24:49,0,0,0,很捞，冲就完了
220080,569,洪峥,2025-06-14 17:23:32,0,0,0,洪老师萌萌
16505,580,马瑾,2016-01-18 09:12:20,2,5,3,口语醉人，3000字论文伤不起
18982,580,马瑾,2016-01-23 02:01:13,0,9,9,老师自以为讲得很好，然而并没有什么卵用，听她用英语讲不如自己拿一本中文书看，反正她英语也不怎么样。任务真多，给分真低。
39233,580,马瑾,2016-12-21 16:27:34,0,1,1,沙发沙发
39976,580,马瑾,2016-12-28 11:46:53,-2,0,2,。。。
40739,580,马瑾,2017-01-05 07:46:57,-3,10,13,1.5学分的课又有展示又有发言又有论文还3000-5000字，每堂课签到，选这门课的人脑子大概坏掉了。给你两分都多给了
70493,580,马瑾,2018-01-26 18:19:37,0,5,5,我觉得老师讲的挺好的啊…而且挺爱笑挺和蔼的一个老师 只是每节课都要点名就是了
110236,580,马瑾,2019-06-25 02:27:30,0,5,5,国际贸易实务事少 考卷出题也很善良
128144,580,马瑾,2020-12-08 08:45:29,12,16,4,上次都要拖堂一小时，每节课点名，作业多。
159574,580,马瑾,2022-08-16 12:19:01,-1,1,2,可以可以
169640,580,马瑾,2023-02-27 08:37:19,11,16,5,研究生课程，真的是，每次都要点名，还要拖堂，感觉老师想让我们一下子接受很多东西，但是这么多人的课堂，实际效果真的一点都不好，而且还浪费时间！！！！！！
199401,580,马瑾,2024-09-23 02:51:46,6,10,4,2024秋季的学术英语能力提升，屁事多：线上32学时+线下32学时，每周课下作业两个视频+一份练习+一个quiz，每节课都点名+拖堂，所有同学每次课都会被提问一遍，做presentation的每个同学都会被问两个问题，最后全班平均分70-75\n\n\n\n现在悔之晚矣，慎选！慎选！
204868,580,马瑾,2024-11-28 08:18:43,4,4,0,事儿最多的一个老师了
208184,580,马瑾,2024-12-26 05:56:51,2,3,1,经常故意为难人
10257,590,安文英,2015-11-18 00:02:33,0,0,0,安老师最温柔了！
64457,590,安文英,2017-12-24 06:06:35,0,0,0,老师很好，口语好，给分好
14523,592,王小潞,2016-01-07 11:57:49,-4,4,8,挺好的！
22521,592,王小潞,2016-03-07 09:30:10,0,3,3,全英文讨论课，刺激
34524,592,王小潞,2016-12-12 07:38:21,8,8,0,无聊至极
38151,592,王小潞,2016-11-25 02:51:01,6,6,0,呵呵。
44372,592,王小潞,2017-01-17 16:19:39,-2,2,4,确实无聊，不过老师人很好，给分也不错
44414,592,王小潞,2017-01-17 23:04:20,3,8,5,小组讨论占了很大时间，要是课前好好准备，上课的时候小组活跃的话还是蛮好的。然后老师自己讲的时候确实有点无聊，不过老师ppt上东西确实蛮多的。期末给分还是不错的。有时候会拖堂。。
50158,592,王小潞,2017-04-30 11:44:27,-3,4,7,王老师的课是到大四临毕业时回想起来仍然感觉很开心的课，老师很平易近人，课下交流基本知无不言，但也很坚持原则（比如作业和预习要完成?）
67269,592,王小潞,2018-01-20 14:36:07,-2,2,4,事少给分好
68681,592,王小潞,2018-01-23 15:13:24,-4,1,5,给分好，老师很和善，但是上课的确挺无聊。本人平时该讨论的讨论，该表演的表演，上课不缺课，最后考试态度认真点，虽然平时从不听课，不过最后还是拿了4.8，美滋滋。
73748,592,王小潞,2018-02-03 05:04:48,-2,2,4,老师还是很和善的
94693,592,王小潞,2019-01-18 01:06:46,2,6,4,这课...怎么说呢，读ppt是挺无聊的，最后绩点4.2也还ok，毕竟一学期花的时间也不多，总的来说就是为了拿学分的吧，没啥别的东西......
96156,592,王小潞,2019-01-20 13:40:18,-7,1,8,其实认真学还是很有意思也可以学到很多东西的，平常不要害怕大胆发言，老师给分超好的
117748,592,王小潞,2019-09-30 07:12:06,9,9,0,一节课一个半小时，一小时20分钟都在对作业答案，剩下时间随便看看ppt，然后回家做作业。（？
117749,592,王小潞,2019-09-30 07:13:01,6,6,0,一个半小时的课提问就一个多小时，回答问题记名来鼓动积极性，当大家都还在幼儿园?
117752,592,王小潞,2019-09-30 07:45:34,5,5,0,老师自己专业水平很有限的亚子，有时候听不懂学生们的回答或者听不清，就说人家错了
120607,592,王小潞,2020-01-13 23:48:17,10,11,1,这给分是疯了吧。。。一堆2.7 没看出来哪好了
120608,592,王小潞,2020-01-13 23:51:17,8,8,0,上课念皮皮踢，课后抄课本，全勤＋作业全交＋上课活跃＋考试认真=2.7，秀逗呢
120612,592,王小潞,2020-01-14 00:38:14,8,8,0,“你能再表演一个那个嘛？”“我们的目的是学知识”哈哈哈哈哈哈哈哈
120613,592,王小潞,2020-01-14 00:47:21,6,6,0,有一说一 今年给分真的不好 以后慎重选吧
120618,592,王小潞,2020-01-14 01:10:00,11,11,0,老师上课等等暂不评价，就是这个助教真的和我们有仇。平时作业满分5分，有时拿3分，好的拿4分，绝不给5分，关键是你凭啥？这又不是数学，有标准答案，这门课的问题很多是开放答案，你3分是咋给？什么样的作业能拿4呢？字多的。又来搞笑了吧，又不是写论文，简答题还看字数？也不看看期末考试简答题给的空，有地方让你写那么多字吗？有的题目一看就是没什么字数，比如定义一下sign language。也有人说，字多的肯定比你认真啊，好，有的人漏题了，字多也是4，说明助教根本没有认真看作业，他看字数给分是为什么呢？因为他懒！到后半学期，我真不信他仔细看我们的作业了，却依旧能给出3分。当然，后来我也学乖了，明明三句话就回答了问题，我就算是扯别的，也要再扯个七八九十句出来。
120629,592,王小潞,2020-01-14 04:46:52,5,5,0,作业机制极其恶竟，极其内卷。老师群里说话阴阳怪气。推锅。总分我看一开始还有八九分，只能说是往届给分好拉高的吧，今年食带便了。
120630,592,王小潞,2020-01-14 05:02:09,3,3,0,出分了…只能说这个课不值。学习基本靠自习那本书，上课大部分时间讲作业，剩下的时间念ppt。老师英语水平和专业水平都不咋地，学生发言听不懂，也不问，还不懂装懂，给的回应都没在点上。看往届给分还行就忍了吧，没退课，结果分也低。
120631,592,王小潞,2020-01-14 04:55:38,2,2,0,第一节课就排排坐。给分闹着玩一样。心理幼儿园kana？
120632,592,王小潞,2020-01-14 04:59:30,3,3,0,给分不同往届不评论。和善么？学生质疑给分，就反怼回去。要证据也没有。这负责精神属实（ ）（ ）嗷。
120633,592,王小潞,2020-01-14 05:06:40,3,3,0,你自己也是有数的吧[微笑]
120759,592,王小潞,2020-01-16 16:11:48,1,2,1,对不起 我心里没数 不接受私聊不接受公开讨论 您心里有数吗？
126936,592,王小潞,2020-10-28 14:59:28,0,0,0,恶心。
5205,642,丁光,2015-07-06 00:18:17,0,17,17,老师作业很多，每个月都要读一本书写书评，平时还有两至三次小组展示，平时发言会记录。但她起码都是自己批改作文，感觉略严厉。收获很大，给分也很严格。
6573,642,丁光,2015-07-15 14:55:30,-24,24,48,半年看了五本原著，收获特别大！英语提高了很多，最后大英三4.8飘过。想提高英语水平真的可以选她！
7033,642,丁光,2015-08-31 05:43:12,-1,12,13,一般
22576,642,丁光,2016-03-08 05:56:38,9,13,4,还不错
23325,642,丁光,2016-03-24 08:46:51,-3,3,6,，zzz
26727,642,丁光,2016-06-21 03:34:53,-1,10,11,每节课必拖堂，又不是中学老师，不懂
27116,642,丁光,2016-06-23 04:25:49,5,14,9,超好，交的很好，不水，很认真的老师！
27466,642,丁光,2016-06-26 11:11:36,-8,3,11,拖堂！
27472,642,丁光,2016-06-26 11:23:23,-1,11,12,给分太坑了，平时还好，如果你想水水过其实也可以
27479,642,丁光,2016-06-26 12:21:43,7,22,15,噢我不是很明白平时表现得都不错考的也都好为什么最后给的绩点这..么..低 ==
27637,642,丁光,2016-06-27 06:04:01,-9,4,13,额......大英3.9不知道什么水平 可能是自己没认真学 不过建议去选给分更好的老师......
28006,642,丁光,2016-06-28 07:58:51,0,8,8,老师课的一大特色大概就是英语小说阅读和读书报告了吧，上课会花很多的时间和我们分享欣赏的演讲，喜欢的作家，自己去英国的见闻...会认真纪录每一次作文，听写，发言的成绩
28239,642,丁光,2016-06-28 08:19:50,-8,4,12,就是感觉 老师翻来覆去讲她在牛津balabala语法错误一堆哎
28703,642,丁光,2016-06-28 12:36:15,0,5,5,事多，水，但是认真做给分还可以(可能考得好)
34053,642,丁光,2016-09-26 06:56:35,-12,0,12,醉了呵呵
34401,642,丁光,2016-10-09 09:20:06,-9,1,10,给分中等吧，事情比较多……
35586,642,丁光,2016-11-10 07:29:24,6,10,4,还不错吧，口语不错
35597,642,丁光,2019-09-19 13:18:50,11,16,5,除了把one发音成wang，其他的都还可以 上课挺幽默的 经常讲在英国的事
39595,642,丁光,2016-12-26 02:36:20,12,16,4,好老师，很和蔼。
41218,642,丁光,2017-01-16 15:20:29,-8,5,13,给分差
42528,642,丁光,2018-08-10 03:51:53,-16,8,24,口语不好，上课拖堂，死板
43037,642,丁光,2017-01-15 15:10:52,-8,2,10,给分差
43057,642,丁光,2017-01-16 05:02:45,17,21,4,其实老师挺好的，平常作业认真做就会有好成绩。主要看自己啦，要是平常小测，期末都挺好，最好肯定不错。我一个垃圾都这么高，感谢老师。  好老师^ω^
43064,642,丁光,2017-01-15 15:42:31,-13,1,14,绝杀啊啊啊啊啊啊啊啊啊啊啊啊啊啊啊啊啊啊
43106,642,丁光,2018-09-16 09:57:49,23,30,7,老师人很好，给分还好了，跟我本身不太努力也有点关系，但还是比均绩高。大英主要是自己被单词吧，老师上课会讲很多有趣的事。
43127,642,丁光,2017-01-15 23:49:24,22,36,14,很喜欢让我们听好听的口音发音……\n\n课前能给我们看英文视频\n\n每个学期写几篇书评，书看不看其实可以水的……作文打分真的用点心都很高的\n\n虽然上课也就一般吧\n\n至于绩杀我也没感受到……不加评论
43140,642,丁光,2017-01-16 00:38:28,11,16,5,老师是英国文学专业毕业的所以写书评算是特色吧！上课会记录发言次数，有可能的话还是尽量刷脸……老师口语不错，人也很好，但是和别人的老师相比觉得有点缺少逻辑，上课思路没那么清晰。哦对了每学期还会有一次presentation。不过我觉得大英主要还是靠自己背单词吧期末考试应该是很重要的…单词背不熟就像我这样只能瞎蒙了…本人4.2 不知什么水平
43231,642,丁光,2017-01-16 04:23:24,23,37,14,公正地评价老师，她绝对是不水的，想让我们多学点东西。不过阅读书目太长了，根本不能短时间读完。如果你真的拼命读，当然是有收获的。
43508,642,丁光,2017-01-16 11:35:57,-11,2,13,绩杀不解释
43569,642,丁光,2017-01-16 14:31:39,31,37,6,老师还是很好的 可以收获到很多
43700,642,丁光,2017-03-14 14:37:31,6,11,5,非常好
44744,642,丁光,2017-01-18 07:46:43,-1,10,11,老师其实是绩杀吧，我们组除了一个满其他全没上4。。。。
47461,642,丁光,2017-03-08 09:41:54,-11,4,15,一分不想给 上课没营养，每节课必拖堂
48572,642,丁光,2017-03-07 11:52:29,-10,3,13,一节课啥都没讲，一学期读三本全英文书。如果你不幸预置，退了吧
52721,642,丁光,2018-12-25 04:39:36,6,10,4,虽然给分据说不怎么样...但是老师上课还是会讲不少有趣的事情
53463,642,丁光,2017-06-26 16:09:43,-8,5,13,日常一分，真的不想被安利阅读群了
59061,642,丁光,2017-09-19 09:10:36,-1,4,5,要自我介绍
59357,642,丁光,2017-09-21 03:53:57,11,15,4,还不错
59415,642,丁光,2017-09-21 08:09:50,-7,5,12,拖堂，我很无语。让我迟到，我更无语。
59694,642,丁光,2017-09-26 03:13:35,8,10,2,可以学到很多
60793,642,丁光,2017-10-31 02:33:35,1,5,4,口语很好听
63759,642,丁光,2018-03-03 13:45:03,9,16,7,对于课后作业与dictation之类的感觉很随意，很多次出现明早早八的课今天晚上才告知明早上课要完成的任务
64177,642,丁光,2017-12-21 08:08:39,5,9,4,很喜欢的老师
64450,642,丁光,2017-12-24 03:44:40,4,8,4,老师真的挺好的，每节课都会给我们看一些视频，发音也不错。至于绩杀什么的，没感受到
64731,642,丁光,2017-12-27 03:54:05,3,5,2,很喜欢
64763,642,丁光,2017-12-27 05:25:22,6,8,2,老师很好，上课会分享很多有趣视频，会鼓励大家发言，课堂氛围很融洽，安利一波
66077,642,丁光,2018-01-11 11:20:50,2,3,1,挺好的老师
66085,642,丁光,2018-01-11 13:00:41,8,9,1,老师人很好，是真的很认真地在准备和上课，绝对不是水课。平时是要写几篇书评，但是认真一点也肯定能做好的。单词的背诵那就主要是看自己啦，不努力的话什么老师都是一样的。
66090,642,丁光,2018-01-11 13:19:12,7,8,1,很好的老师，新年还给我们发老师自己家的特产吃，真的有被感动到
66574,642,丁光,2018-01-17 10:42:19,2,4,2,老师很好，每一堂课都会有不同的教学方式，内容丰富有趣。
67217,642,丁光,2018-01-20 13:07:17,2,4,2,老师很负责
67493,642,丁光,2018-01-21 10:45:12,-1,2,3,出分太慢了 感觉全世界就我没出大英分数
67653,642,丁光,2018-01-22 04:08:06,1,5,4,很喜欢老师啊，很负责，给分也很好，上4.5了，如果你好好努力的话，一定会有很大的收获
67684,642,丁光,2018-01-22 05:09:25,-5,1,6,必拖堂
67887,642,丁光,2018-01-22 08:49:23,8,9,1,讲道理，老师很负责，每一次作业都详批，上课很认真，很注重培养学生表达和应用语言的能力，可以说是超级nice的老师了。至于绩点，老师不会因为你英语差而给你调分，考成什么样子就是什么样子，所以我大英绩点爆炸，拖低均绩0.5。但是，在老师的班上真的很享受，让你觉得学英语不只是为了考试。
68038,642,丁光,2018-01-22 13:48:21,2,3,1,emmm其实上了一个学期我觉得还好吧…其实老师上课很认真…人也蛮好的很宽容…最后绩点我觉得和期末还有小测作业关系还是蛮大的…觉得她不好的同学大概可能就是没学好…嗯个人看法
68208,642,丁光,2018-01-22 23:48:39,11,11,0,我觉得给分还好啊。。。老师课上的也挺不错的呀，而且平时对学生也比较关心
68291,642,丁光,2018-01-23 02:42:58,5,7,2,老师人超好呀，对学生挺好的，虽然我大英绩点不是很好，但也只能怪自己咯，平时就一直水，没背单词，个人原因，不过还是挺喜欢这个老师的。
68487,642,丁光,2018-01-23 09:09:33,5,7,2,老师很好的，对待上课很认真，会认真的记录下学生平时单词默写和小测验，作文等的成绩，给分很客观公正。上课口语很好听，会经常放一些音乐，视频等，努力拓展我们的视野，虽然绩点不高，这也是我平时不够努力的结果，老师真的没的说。
69636,642,丁光,2018-01-25 06:04:49,3,4,1,ok 老师人不错
72305,642,丁光,2018-01-30 01:17:27,13,14,1,丁老师是一个非常用心的老师 可以说非常希望学生真的学到东西 书评 影评 只要认真写 分都不会太低 经常在课上和群里和我们沟通 只是 会有拖课的现象 作业布置不是太及时 但是和老师反映以后 老师有注意控制上课的时间 总之很好的 很暖的老师 如果希望英语有提升 值得选
74594,642,丁光,2018-03-04 11:41:17,7,8,1,大英成绩主要看自己吧。老师是真正想让我们学到东西的，上课略缺少条理，会拖堂。阅读书目虽长，但想水的话也能水过。老师人很宽容很温柔，学生提的建议也会认真考虑，总体还是不错的。
74646,642,丁光,2018-03-05 03:00:17,5,5,0,很好的
74845,642,丁光,2018-03-06 05:59:42,-1,2,3,...
75747,642,丁光,2018-03-16 04:14:18,3,4,1,老师很和蔼
76069,642,丁光,2018-03-26 06:59:38,3,4,1,好老师\n\n
76588,642,丁光,2018-04-16 03:35:36,-2,3,5,能不选就不选吧
77496,642,丁光,2018-05-06 04:27:37,0,3,3,体验不好
80623,642,丁光,2018-06-28 11:00:58,0,2,2,不错的老师啊，不知道为什么评分那么低
81209,642,丁光,2018-07-04 09:47:39,2,3,1,老师很认真的备课 努力让我们学更多的东西 很好很负责的老师
81233,642,丁光,2018-07-04 11:23:15,5,6,1,不错的老师啊，人很好，虽然我绩点不高。。。大概是人比较菜吧
81238,642,丁光,2018-07-04 11:53:50,3,4,1,老师上课很注重培养我们倾听和思考的能力！还会看很多她准备的视频哦～
81241,642,丁光,2018-07-04 12:01:13,3,4,1,老师真的很负责，和蔼可亲，非常关心我们，评分高的老师未必适合你哦
81243,642,丁光,2018-07-04 12:07:29,1,5,4,老师经常拖堂，作业很多，经常第二天检查的作业前一天晚上才布置，还经常检查作业和笔记，会听写，但是老师很想让我们学到东西，真的很认真地在准备，认真学习一定能进步的。
81244,642,丁光,2018-07-04 12:08:53,4,4,0,大英四补选上的老师的课，挺好的，感觉比大英三水过去要学到更多。老师是真的希望同学能多学到一些，会对大家有要求和期望，所以自己也就会更认真去学了。
81573,642,丁光,2018-07-05 12:31:01,1,3,2,老师人很好的，上课很有意思。不管英语水平怎么样，选她的课都不会后悔的。课上穿插着老师自己的理解和感受，很生动。最后绩点要看自己的英语水平以及是否真的认真学了。
84722,642,丁光,2018-07-13 15:32:16,2,3,1,平时积极参与，积极做presentation，会有很多收获。只要写两篇读后感，平时按老师说的做好笔记会有回报的。作为一个睡过头错过听写无法补课的迷糊，老师给分超好了。
85788,642,丁光,2018-08-10 03:53:07,2,4,2,不水，能学到很多东西，能够锻炼自己，给老师点赞！
89152,642,丁光,2018-11-16 05:25:57,12,15,3,丁老师是我进大学以来碰到的唯一一个会检查学生笔记的老师，可以说真的是非常负责了，令人感动。至于大家说的布置作业迟确实存在，但是老师已经在改了，现在基本每次下课就会布置。她能记住很多学生的名字，群里面也总是发声，还邀请学生去跟她聊天，谈任何都可以，她也很想听听大家对大英课的看法。虽然书评影评啥的任务有点多，但是相信只要跟着她一点点做下去会很有收获的。大英课应该都不算有趣，但是至少看到了丁老师努力在让课堂活泼。
91630,642,丁光,2018-12-16 16:02:25,1,4,3,下面那些骂老师的有事吗？就因为给分不好在这里怪老师？不找找自己的原因？
92248,642,丁光,2018-12-27 08:37:29,1,2,1,还不错
92253,642,丁光,2018-12-27 08:53:44,2,4,2,丁老师的课不水，上课会放无字幕的英语视频，让你记下关键词，然后可以自愿起来讲解视频内容，或者对视频作评论，对你的口语和听力都有很大的帮助，超级喜欢！！！也会有大量的课外阅读，关键在于你够不够自觉，自觉就能学到很多！
92311,642,丁光,2018-12-27 15:16:14,4,6,2,老师人很好鸭，很可爱
93845,642,丁光,2019-01-14 03:40:00,1,5,4,挺好的老师，不知道为什么评分这么低，在我看来起码有9分
93874,642,丁光,2019-01-14 06:07:25,4,5,1,老师的课真的很用心，或许是我自己的原因有点厌倦那种应试教育的语言点的课。大英本身和老师关系并不大，好好考quiz和期末，好好写书评影评。老师确实是个很棒的老师，还会找同学聊天，了解我们的兴趣点。
94417,642,丁光,2019-01-16 10:57:25,-1,3,4,。。。
94432,642,丁光,2019-01-16 12:23:58,5,7,2,老师很好，很负责，事情也很少，不懂为什么没有9.0+
94433,642,丁光,2019-01-16 12:31:52,6,6,0,老师很好啊！会准备很多国外的视频音乐，比起课本内容上的更多是拓展。成绩不是老师能决定的，老师打分只有五分。大英主要靠自己！！
94439,642,丁光,2019-01-16 12:48:09,3,5,2,丁老师真的很好，耐心温柔又认真负责，作业也不算多的，不知道为什么评分这么低。
94458,642,丁光,2019-01-16 13:43:04,3,4,1,老师人真的很好了啊，很认真负责的。说老师布置作业不及时的人，，，我只想说，课后习题和预习课文这种事真的不应该老师提醒吧。而且考成什么样还是和自己的英语水平有关叭。另外书评＋影评，，，，这个作业只要分到平时不算多，而且要水也能过。\n\n以上来自一个即将出成绩预感自己可能要挂科的人。
94978,642,丁光,2019-01-18 14:07:12,1,1,0,老师是一个好老师
95040,642,丁光,2019-01-18 15:28:17,1,1,0,挺好的一个老师。
95042,642,丁光,2019-01-18 15:31:01,0,4,4,绩杀……
95047,642,丁光,2019-01-18 15:33:41,1,1,0,不说了，谢老师不挂之恩
95048,642,丁光,2019-01-18 15:36:11,0,1,1,看你自己 老师很认真负责 一丝不苟 一分努力一分收获 分很实打实 老师上课能学到很多
95054,642,丁光,2019-01-18 15:59:59,4,5,1,老师人很温柔，上课准备也挺丰富的，但是课上的东西并不与考试相关。虽然我知道自己期末确实有些划水了，但起码上课发言真的很积极了，口试 quiz 书评影评都不低，平时分应该也不错，但卡绩点真的很难受。给分确实有点一般，还是得相信均绩这个东西啊...
95059,642,丁光,2019-01-18 15:48:31,4,5,1,老师是好老师，事情其实也不算特别多，但是想水出高分，基本不可能。会亲自记录发言次数，最后算各种总分也是实打实得多少给多少，还是非常公平的，但也导致了给分不好，真的给分不好。
95062,642,丁光,2019-01-18 15:50:35,1,2,1,老师是好老师。。很负责任也很关心学生。。但我太菜了。。跪了呜呜呜
95069,642,丁光,2019-01-18 16:07:08,4,5,1,丁老师人很好，而且很负责，批改作业、讲课的时候都非常认真，经常看得到她拿着一个记事本在记，真的很认真，很感动。丁老师很注重英语综合素养的培养，讲课不是只死扣课本，经常给我们讲一些小故事，真的很好的老师，只要认真学，就一定可以学到很多东西！希望还可以继续上她的课。
95080,642,丁光,2019-01-18 16:37:41,17,21,4,客观说一下丁老师的课吧，老师真的很认真，上课会放视频，而且感觉老师会涉及很多领域，文学历史类都很有知识储备，连唱歌都很好听(哈哈我跑题了)。阅读量如果你认真读会比较大，因为老师一学期会布置两次书评一次影评(我们这学期是这样，仅供参考)，还会检查你的笔记质量(一学期查了两次，建议不要光记生词，老师好像更偏爱学生多记一点文句)，但是如果你真的想水也不是那么严格，比如书评看个概要了解一下主题然后写个三四百字，或者通知要查笔记之后疯狂摘抄英语名句补起漏洞之类的……上课的话会有一次小组的展示，每个人都要讲3分钟左右，个人展示是自由的，你想讲跟单元主题相关的东西，提前告诉老师让她给你留五分钟左右时间就行。老师好像会记上课发言次数，所以积极一点混个脸熟比较好(毕竟大英课堂这么小一个班，座位又固定，发言多了老师肯定记得你，平时分会高一点吧)。平时成绩主要是上课表现，比如展示听写笔记还有发言这一类，加上口试、书评和quiz这一类，老师给分还可以的，基本上在年段榜首了，我分不好应该不是平时分的问题，毕竟我个人感觉书评和quiz成绩都还可以，可能主要还是自己对课本不熟，期末没考好(另外提醒大家课文内容和单词真的很重要！！！)缺点的话，老师肯定还是有的，一个是作业布置得不那么及时和明确，不过建议大家勤快一点检查公邮内容，因为有时候作业发在公邮，没发在群里，还有一个是讲课本的时候比较赶进度(个人感觉)，会显得上课节奏不太对劲，有种引入部分太长正题内容过去得太快的感觉……不过可能大学课堂就是这样的吧，还是要靠大家自觉一点，课后的精力也很重要。总体来说还是很喜欢老师的课，大英四也选了丁老师，到时候我一定要洗心革面好好学习啊！！！不能再像大英三一样水过去了！！
95100,642,丁光,2019-01-18 23:21:19,1,2,1,老师人很好，静下心听的话会有很多收获。当然也不会水水过的，还是很严格的
95103,642,丁光,2019-01-18 23:39:37,1,2,1,老师人很好，讲的也有趣，但大英主要靠自己吧
95108,642,丁光,2019-01-19 00:05:06,3,4,1,老师真的超级nice，负责认真。至于成绩是看你个人有没有认真准备......不说了下个学期大英四我一定好好做人
95133,642,丁光,2019-01-19 01:05:13,3,5,2,老师很负责，但上课的程序不是太好，不是十分流畅
95135,642,丁光,2019-01-19 01:07:27,-2,2,4,.....
95148,642,丁光,2019-01-19 01:44:09,0,2,2,真的很负责很耐心，她一直试图找到学生最需要的东西。\n\n绩点我觉得还行吧，虽然卡绩没上四。
95193,642,丁光,2019-01-19 04:31:04,3,5,2,老师很和蔼，但是我没有很用功，给我敲响了警钟
95252,642,丁光,2019-01-19 05:46:23,-5,3,8,老师人还是不错的，内容也有挺多扩展。根据我的情况大概刷脸真的有用吧，上课尽量多发言老师会记录(以前真的不喜欢发言，这一个学期真的是豁出去发言了好多次)但是就大英三本身而言，我真的觉得挺水，感觉各种考试什么的还是靠高中知识(基础很重要啊)。最后谢谢老师的满绩(大一第一个呜呜)
96224,642,丁光,2019-01-20 14:38:22,0,4,4,事多，
96275,642,丁光,2019-01-20 15:57:42,-3,3,6,贼辣鸡
102778,642,丁光,2019-02-23 03:11:01,5,7,2,丁光老师是一个十分负责的老师，上课认真，对学生和蔼亲切，作为大学英文的老师，上课基本上是说英文的，丁光老师在英国留学过，讲英文的口音听起来来不错，有时候说出的单词有点深度，但是还是可以明白句子的意思，偶尔老师还会再用中文解释一次。\n\n	丁光老师上课的方式很多样，有时偏重章节前热身的活动，还会准备ppt呢。课文会认真教完，课后的after-class reading 会叫同学自己会去看，有时间了话，老师也会大概的掠过一次。而且老师上课喜欢学生自愿站起来回答问题，让老师有你的印象是平时分的关键，虽然一共只用5分，其他都是考试和英文写作。。。\n\n	丁光老师的课或许不是可以提上学生英语考试成绩的课，但是老师教的内容和多元，是开拓眼界的好机会。还有一点就是丁光老师对学生的信任，当老师说要检查笔记是，而你却没带，这是你说出来的理由老师都愿意相信，忘记带啦（其实没写），文章在电脑上啦（还是没写）等等。还有譬如登记默写的成绩时，时自己写自己的成绩的（全班相对成绩差不多，只是整体相100分偏移。两次期中测试监考的助教也十分相信同学。（于是同学们也齐心协力的完成了期中考试。。。）\n\n	最后来讲丁光老师对学生的认真，平时老师就会鼓励同学在QQ大群里分享一些有趣，新奇的新闻，文章，时常提醒同学日常生活要保重，自己也会常常分享很多有意义的TED演讲、时事新闻之类的。感谢老师这个学期的照顾。\n\n******结论·******丁光老师的英文课对于提升英文考试成绩的效果有限，却是增广见闻的好机会，作业适中，老师教学很热情，不过大英要拿好成绩是靠硬实力，95分时考试和英语写作的成绩。\n\n******喜欢就帮忙顶上去!!!\n\n
109297,642,丁光,2019-06-13 03:20:31,3,4,1,可以水也可以不水的课
109740,642,丁光,2019-06-19 03:22:46,1,3,2,没有感觉老师在尽力给高分
109808,642,丁光,2019-06-19 11:14:50,2,2,0,老师是好老师，挺认真的。（但我也发现有没有准备充分的时候，有一次有一段关于摔跤运动的一段话，她的翻译是错的）\n\n老师没有上九也是有原因的，比如我就只想给老师八分。\n\n第一，我是一个主动学习能力比较差的学生，老师要我们看的书，我都没看英文版，有一本中文都只看了一点，这是我自己的原因，然后比别的班多一份书评 讲道理有点难过。\n\n第二，老师讲课文的方式让我不喜欢，没有感觉到激情，很多时候在让学生讲，我觉得丁老师的课堂学生讲得挺多了，没必要课文都让我们讲。而且全篇讲完，感觉不出重点，什么都听了，又什么都没听。单词也没有重点。讲真，有时候课上得很迷惑。\n\n第三，给我们分享的东西，很旧了，我不知道其他人怎样，但我提不起兴趣，感觉老师自己对分享的东西也没有很热爱。\n\n\n\n所以我会给八分。\n\n\n\n如果你是一个主动学习能力很强，很爱英语，乐于和老师交流，乐于展示自己的人。丁老师会很适合的。
109922,642,丁光,2019-06-20 07:21:44,2,2,0,就一句，学英语基础功靠自己，书本知识丁老师绝对能教全教够
110735,642,丁光,2019-06-28 06:30:55,2,2,0,丁老师真的是那种特别体贴的老师，可能还会在半夜给你发消息，与你交流。可能是我自己比较菜吧，绩点只有平均的那种。之前真的是英语差，厌恶英语，但是这次却因为一个老师喜欢英语。丁老师本人是喜欢让我们写作，让我们看书看电影，会检查笔记。她唯一的缺点么，就是时间的把握，都让给学生发言，看英语短视频
114177,642,丁光,2019-07-09 03:11:15,3,5,2,丁老师人品师德真的是没话说，课程也很有趣，大英III IV都是老师的。唯一的缺点就是进度，上课的时候可能会因为一些突然想到的有趣话题而耽误进度。老师平时分给分也很好，课程也丰富，你要是想水，也可以。但是你不水是绝对可以学到很多东西的，老师鼓励同学开口发表自己的观点，人很温柔，从来不强迫某些同学干什么事情。几个小作文打分也十分公平公正，不会限制你的字数，在鼓励多写的同时鼓励多发表自己的感想，而不是又臭又长的恶竞。老师在群里也会发一些她认为写的好的文章分享给我们看。平时打分也很公平，做完presentation以后，让每一个组的五个组员给五个分数，最后和老师自己的分数综合在一起算平均分。每次同学做展示老师总是认认真真盯着屏幕、拿一个小笔记本勾勾画画，把同学们讲的重点都记录了下来。真的是我见过最认真的老师了！！！ 如果你是为了学英语，提高综合水平，老师的课真的值得一选。老师的课不是应试课，不会每天教你期末考试怎么准备这样的，期末考想考好必须要平时有足够的积累，也要以一定的实力水平作为基础，这点在哪个老师那都一样吧。说老师是绩杀的麻烦先搞清楚大英不是一般的通识没有正态…… 老师最多的操作权限只有5分平时分，绩杀的那些人看看是不是自己期末考得太恶心了再说老师吧……… 最后谢谢老师培养和老师给的好成绩，希望日后有缘还能去老师的课❤️❤️❤️
121155,642,丁光,2020-01-20 01:20:53,1,1,0,老师很棒，和蔼可爱，大英还是要自己学。
121269,642,丁光,2019-12-25 02:14:21,1,1,0,老师女儿杭二的
122380,642,丁光,2020-02-26 03:01:31,2,3,1,老师很认真负责讲课，期末绩点也比较客观，不足在于课堂气氛的控制一般……发言活跃程度比较低，还是要自己多举手，相对来讲老师的讲的部分很多，同学自己讨论的时间少。
123520,642,丁光,2020-06-09 10:12:28,3,5,2,上课效率比较一般（甚至感觉有点乱？），干货不是很多，口音有点怪，可水。但是老师人还是很好的（虽然我最后被卡绩了
126552,642,丁光,2020-09-30 08:27:31,0,1,1,挺水的
130045,642,丁光,2021-01-15 23:30:00,1,1,0,老师人超棒的
130382,642,丁光,2021-01-21 13:38:07,3,4,1,喜欢💕
130874,642,丁光,2021-01-25 05:24:03,3,6,3,给发差，事巨多无比，而且学不到什么东西
133485,642,丁光,2021-03-01 07:08:55,1,2,1,给分好
172007,642,丁光,2023-04-17 06:28:41,-2,1,3,口音很奇怪，且脾气很差
175550,642,丁光,2023-06-25 12:51:43,2,3,1,通识课很推荐，新开的，适合真的想学一点历史的来
221405,642,丁光,2025-06-23 08:49:20,0,0,0,上的新开的畅销小说，事情是真的多啊，给分中规中矩
2163,643,丁展平,2015-04-04 07:02:29,34,40,6,除了发音不是很准，其他方面都非常好。
2239,643,丁展平,2015-04-13 11:08:36,12,15,3,上课要讨论的时间太长了……
2510,643,丁展平,2015-05-04 13:19:37,0,1,1,不是很自在
3576,643,丁展平,2015-06-17 01:40:45,51,67,16,发音不地道，很中国式，但人很细心
3888,643,丁展平,2015-06-17 07:29:26,23,25,2,人很好很细心...虽然不爱英语但是喜欢老师....
4942,643,丁展平,2015-07-01 08:13:16,0,2,2,老师挺认真负责的
5278,643,丁展平,2015-07-06 09:05:32,0,3,3,人好
7204,643,丁展平,2015-09-24 02:55:02,4,4,0,挺好的，发音不准…
7558,643,丁展平,2015-09-15 03:46:37,4,7,3,非常nice的老师 在她的课上学到了很多 给分也很好 赞
8336,643,丁展平,2015-09-18 12:40:04,0,2,2,会给很多实用的tips 对学生有求必应
10734,643,丁展平,2015-11-23 03:42:11,1,3,2,上课很无聊……发音不标准……老师是书的作者，英语很厉害……但是，但是真心感觉语文不咋地……
12351,643,丁展平,2015-12-23 04:48:35,0,1,1,发音不好 但是人很耐心的
12727,643,丁展平,2015-12-24 02:40:24,0,1,1,还好吧
12941,643,丁展平,2015-12-24 11:05:13,41,52,11,人很好，发音不是很好，她的助教非常好看！心地善良温婉可人！对助教！记得小测咯作业咯背诵什么的故意没交多勾搭助教哦~～只能帮你们到这了
12987,643,丁展平,2015-12-24 12:39:36,8,9,1,英语讲得不是很顺畅  上课讨论时间也很长  但是人还是挺好的  比较用心  总之还是值得选的老师
13303,643,丁展平,2015-12-26 12:09:24,1,2,1,发音什么的我觉得不重要吧。。。小组讨论时间有点长。但经常带我们做听力，挺实用
13573,643,丁展平,2015-12-29 11:23:31,0,0,0,其实讲的还可以，虽然发音有点不标准但
14275,643,丁展平,2016-01-06 04:05:55,0,1,1,老师人真的很好，很随和，很细心，个人还是很推荐的
14356,643,丁展平,2016-01-06 12:52:46,4,5,1,我只想知道助教有木有男票…
14995,643,丁展平,2017-12-22 08:58:07,6,8,2,挺热心的，的确对学生有求必应.
15234,643,丁展平,2016-01-13 02:27:57,7,7,0,老师挺耐心，就是上课有点枯燥，经常冷场，助教确实漂亮，哈哈哈！
15295,643,丁展平,2016-01-13 11:54:24,18,22,4,助教真心漂亮 大眼睛 很温柔 最后一节课还留了QQ
15326,643,丁展平,2016-01-13 23:22:34,6,7,1,老师人很好 只是课堂气氛不太活跃 但会带着做听力 监督背单词什么的 对学习还是有帮助的
15333,643,丁展平,2016-01-14 02:29:46,1,2,1,助教好看\n\n
16101,643,丁展平,2016-01-17 07:59:05,0,1,1,么么哒
16265,643,丁展平,2016-01-17 15:17:17,0,1,1,人特别好
16302,643,丁展平,2016-01-18 00:32:41,0,1,1,发音可能不是很好，但其他都不错。事情不是很多基本就是按大纲走。
16382,643,丁展平,2016-01-18 04:09:35,0,0,0,还好的吧
16388,643,丁展平,2016-01-18 04:31:43,4,4,0,好老师。赞
17759,643,丁展平,2016-01-21 00:16:29,0,0,0,发音不好 不流利 但备课还比较认真吧
18277,643,丁展平,2016-01-21 11:18:09,5,5,0,老师人很好，上课虽然会有点枯燥，但是人很细心，会给很多小建议，然后多跟老师交流啦，会得到很多建议的啦，平时也会有单词监督，便于掌握单词嘛，而且助教很漂亮哦~
21970,643,丁展平,2016-03-02 03:05:23,1,1,0,老师发音不标准，她的方法教高中绝对一级棒。。。
23406,643,丁展平,2016-03-29 03:24:29,1,1,0,老师人很好 给分也好
25636,643,丁展平,2016-05-30 07:23:29,1,1,0,助教真的漂亮。
27263,643,丁展平,2016-06-24 07:57:33,9,11,2,人很温暖很好，会关心鼓励学生，作文分高，助教批quiz比较严但背诵松，老师的口语其实不用管的，习惯了就还好
27506,643,丁展平,2016-06-26 15:19:15,13,13,0,老师真的很好，很关心学生。也算是把我死一般的大英挽留了一下。。。10分留下
27521,643,丁展平,2016-06-26 18:58:26,0,1,1,老师很热心，上课非常负责，给分也棒，好老师！
27600,643,丁展平,2016-06-27 04:44:16,0,1,1,好 除了发音
27694,643,丁展平,2016-06-27 08:33:29,0,0,0,相比较别的老师更像高中老师的那种教学一点啦 注重能力培养 人很好 发音也还算可以吧一般般
29224,643,丁展平,2016-06-29 12:41:37,-1,0,1,虽然很认真听课，也认真考试了，但是给分不高。
29639,643,丁展平,2016-06-30 05:54:45,21,26,5,上了老师两个学期的课，老师人真的nice，脾气好，有求必应，很温和，事情也不多，不查作业，quiz背诵什么的其实是看助教的啦。这学期助教换了，不要再抱有幻想了，未来的学弟们。
32419,643,丁展平,2016-07-06 15:38:20,1,2,1,认真负责人好，虽然给了我一个毁前程的绩点
34016,643,丁展平,2016-09-26 00:54:07,0,0,0,还好还好
36662,643,丁展平,2016-11-15 08:36:21,0,2,2,超级赞的英语老师，上课不是单调的课文讲解，有很多要讨论的内容，最好做好课前预习，不然课堂小测有点方！
36836,643,丁展平,2017-01-11 02:33:18,-1,1,2,见过最好的老师！
38688,643,丁展平,2016-12-14 13:42:34,1,2,1,人很好的\n\n
38868,643,丁展平,2017-01-11 03:17:27,1,2,1,老师非常好，和蔼可亲，对学生很好，平时分也很厚道，强烈推荐   
41305,643,丁展平,2017-01-10 13:19:10,3,6,3,老师人很好，只是当你要考试时候才会发现老师上课讲的东西和考试只有五毛钱关系，浪费了整个学期。口音不行…
42856,643,丁展平,2017-01-15 09:51:31,1,1,0,刚出成绩就来评分啦！老师人很好的，对学生很负责，最后平时分低了还会给你加！口音的确不是很好，上课有点像高中，但真的是用心在讲，听了就有收获！
42890,643,丁展平,2017-01-15 11:10:14,0,0,0,英语发音不太好，但是老师人很好
42894,643,丁展平,2017-01-15 11:20:14,4,4,0,怎么说呢？我其实不是很懂某些同学吐槽她的发音。可能是我分辨力比较弱吧，我觉得她的发音还是比较正常的。\n\n老师的最大特点确实是非常有耐心，对学生也是非常友爱，上课和作业其实也不会给你太大的压力，而且助教改作文的分往往被她认为偏低，有一次她甚至给全班同学的作文都加了2分。\n\n当然，不要指望她的课堂能教给你什么，能给你提高多少成绩。因为大学英语主要还是靠自学，你如果平时不背单词和课文的话听课当然是一脸懵逼。\n\n就这样吧，我给她打了9分。
43030,643,丁展平,2017-01-15 15:01:39,0,0,0,老师很可爱～能力很棒～
43051,643,丁展平,2017-01-15 15:29:46,-1,2,3,是个好老师，英语主要靠自学，自己学不好怪不了别人，老师还会帮我们调高分，真的谢谢
43178,643,丁展平,2017-01-16 02:48:08,0,1,1,各方面都挺好的，除了发音一般以外。很负责，很好心
43436,643,丁展平,2017-01-16 09:13:46,0,1,1,老师超级赞。助教是个男的差评。。。
44363,643,丁展平,2017-01-17 16:08:59,2,2,0,蛮好的 认真负责
45580,643,丁展平,2017-01-19 23:43:43,2,2,0,喜欢她的亲切
45844,643,丁展平,2017-01-20 07:17:38,1,1,0,首先大英那种教室不点名也翘不了，一眼看出来谁没到。老师上课很好，平时很轻松，期末看你自己了，不行老师也救不了你。平时分老师已经给的很高了。
48173,643,丁展平,2017-03-01 05:30:14,-1,0,1,很棒！
48201,643,丁展平,2017-03-01 07:42:33,0,2,2,老师很强调表达，人很好，教了我很多，但我口语比较差，希望这学期可以好起来。
49188,643,丁展平,2017-03-29 02:13:41,0,3,3,事情多得要死，想水的选了作死
51165,643,丁展平,2017-05-21 15:00:25,0,1,1,好老师！
52077,643,丁展平,2017-06-14 12:30:10,1,2,1,非常好的老师，很体谅学生，给分也好，强推！
52167,643,丁展平,2017-06-27 01:02:31,1,4,3,感谢老师的4.2！让我一个学期努力没有白费
52641,643,丁展平,2017-06-22 01:21:04,0,1,1,超级喜欢这个老师 人真的超好的！！！给加了好多分
52642,643,丁展平,2017-06-22 01:24:28,0,1,1,超棒的老师
52697,643,丁展平,2017-06-22 07:40:30,2,3,1,老师真的很棒 人非常好 给分也超级棒 就是上课讨论可能会觉得有些多 但是其实不是说非常强求你去怎样  最后还在老师的课上有一段缘分:)
53472,643,丁展平,2017-06-26 16:35:37,2,3,1,深夜出分，给分还好吧，老师人很好，助教感觉很坑
53483,643,丁展平,2017-06-26 22:36:32,0,1,1,老师很棒！炒鸡炒鸡有耐心！很关心学生~
53490,643,丁展平,2017-06-27 00:41:33,1,1,0,爱您  课上会问些问题提高口语  不会强求同学回答  经常鼓励学生  给分也挺好的
53512,643,丁展平,2017-06-27 01:28:27,-2,1,3,终于上4.5了 ， 非常感谢老师！给分超级好！
53542,643,丁展平,2017-06-27 02:31:37,6,7,1,怎么说呢，要是你是那种上课特别喜欢举手发言，下课又跟老师打招呼的学生，那你得到的加分肯定不会差的。但是如果你是那种实力中上，但不喜欢凑热闹的学生的话，那最后你的成绩也就中等吧。建议最好大英三报这个老师，大英四再跟的话，比不上一开始就跟她的学生的。
55197,643,丁展平,2017-07-01 03:35:33,3,4,1,选了丁老师一年的大英课，很感谢老师。虽然您口语不是很好，但总是设计各种活动给我们锻炼口语。每次presentation之后还会细心地点评。虽然我上课不是很认真，但还是谢谢您的认真负责！\n\n（虽然平时要求挺多但给分很不错的嘻嘻）
59902,643,丁展平,2017-09-28 05:59:27,0,1,1,是我一周最期待的课！
64120,643,丁展平,2017-12-21 04:22:01,3,3,0,老师很可爱\n\n会点名回答问题但答不出来也没关系老师会帮你的\n\n发音还好吧可能有点口音
66301,643,丁展平,2018-01-15 03:15:19,2,3,1,助教好~看
66624,643,丁展平,2018-01-20 15:22:02,6,11,5,均绩下降1.4，谢谢老师。\n\n其实老师是不错的，也很善解人意，是我没重视英语。给分扎心了，我以后好好学英语，绝不让这件事重演。
66753,643,丁展平,2018-01-19 00:46:31,2,4,2,老师很好！分还没出先来打个10分
67145,643,丁展平,2018-01-20 10:27:23,3,4,1,除了口音有点奇怪之外真的其他方面都很好，考试之前带我们复习，分也尽可能给我们提。但是自己英语还是渣，最后成绩不是很好，不怪老师。\n\n助教小姐姐真的好看!
67167,643,丁展平,2018-01-20 11:21:31,-13,3,16,绩点真低..伤心极了..以前不知道什么叫正态，现在感受到了。平时分班里前3，高考浙江省136，英语也不算差吧..这个直接拉均绩0.2\n\n\n\n
67171,643,丁展平,2018-01-20 11:32:32,1,3,2,虽然绩点不高吧，但是客观地评价老师，老师还是很负责任的，对得起这个评分。对学生很好，考前也会给我们做相关的考试练习，这些练习其他老师都不会给学生准备的。至于成绩，我觉得还是看自己，考得高分不会低的，你考不好怪老师也没道理。
67172,643,丁展平,2018-01-20 11:36:12,-1,1,2,老师人真的超级温柔啊，非常善解人意，有什么问题告诉她就好会帮你解决，平时分真的给的很好了，作文什么的都给我们打高分，反正大英其实还是靠自己啊，我自己没好好学所以绩点爆炸，老师是真的很好了
67220,643,丁展平,2018-01-20 13:10:44,0,1,1,老师讲课非常细致，然后很生动！口语不是非常正宗，但是很有耐心，人非常好！而且给分超级好！
67310,643,丁展平,2018-01-20 16:07:16,-1,1,2,绩点不是很高 但不是老师的原因 刚来到大学也没有好好学英语的心思 是自己疏忽了 老师人也很好 态度极其温柔 口音很难说纯正 但已经比较标准 给分很良心 平时也很多讲考试内容练练听力什么的 上课内容和考试息息相关 就是很容易冷场【大家都不怎么积极发言 我也是】 但是也主要靠课后背单词自学\n\n下学期也选了老师的课 希望下学期能够凭借自己的努力争取拿个好绩点 不愧对老师
67443,643,丁展平,2018-01-21 08:06:17,1,3,2,很好，最后期末还给我们准备复习的东西
67509,643,丁展平,2018-01-23 02:31:56,3,4,1,。。。
67873,643,丁展平,2018-01-22 08:33:51,0,0,0,课上得很好，话说大家大英3多少绩点啊，简直可怕?
67904,643,丁展平,2018-01-22 09:26:36,0,1,1,老师很好 可惜我菜 事感觉比其他老师少 还会做复习资料
67970,643,丁展平,2018-01-22 11:57:59,0,1,1,超棒的老师！给分也很棒！
69449,643,丁展平,2018-01-24 16:23:34,0,1,1,刚开始也很不习惯她的口语 而且感觉课堂也很沉闷 但是觉得她一直在很耐心很认真地教我们 尤其是课前的presentation 有些人会讲得很长或者真的讲不了几句话 但是她都会很耐心地听完 其实在全班面前做presentation还是挺锻炼自己的一件事啊 还是挺不舍的 很好的老师
71966,643,丁展平,2018-01-29 07:00:54,0,1,1,老师真的特别特别好，和其他老师比作业真的少好多，都没有听写，但我绩点却不高，唉唉唉，可惜了，大英4选不上她了，啊啊啊啊
72456,643,丁展平,2018-01-30 07:06:44,0,1,1,很认真负责，也很有思想的老师，考试练习什么的都会讲清楚，给一定的指导，感觉也挺锻炼口语，presentation会给很中肯的建议，只要下功夫学很容易高分啦
72709,643,丁展平,2018-01-31 02:41:54,0,1,1,丁老师会调分，记得上课多发言，给老师捧场，老师人很好，爱笑。作业要认真做，即使不检查
72947,643,丁展平,2018-01-31 12:00:48,0,0,0,老师真的人很棒，会关心学生，觉得自己分不高有点辜负老师
76869,643,丁展平,2018-04-25 02:12:58,3,4,1,慈祥然后还挺温柔的
78249,643,丁展平,2018-05-10 07:40:04,0,2,2,真的是非常好的老师，还想上老师的课
80465,643,丁展平,2018-06-27 01:24:31,3,4,1,人很好的一个老师
80577,643,丁展平,2018-06-28 04:29:21,7,9,2,大一遇到的最好的老师 就算还没考试 但是也要给老师10分 太棒了
81153,643,丁展平,2018-07-04 07:30:51,4,6,2,成绩出了\n\n虽然考试很懵逼\n\n但是丁老师给分真的好\n\n跟了丁老师一年了\n\n真的超爱丁老师?
81166,643,丁展平,2018-07-04 07:52:41,7,10,3,给分好事少，老师真的是个好老师，学生不是个好学生啊
81242,643,丁展平,2018-07-04 12:05:09,5,6,1,挺感谢老师的 可以看出课堂里老师也重视口语交流 而且也会有一些练习来巩固平时学的单词 上课氛围非常棒 给分的话我觉得老师还是给我调了一下 挺惭愧的哈 今后会更加努力的嘿嘿嘿
82383,643,丁展平,2018-07-08 04:49:17,3,5,2,跟了老师大一一年的大英三和四 老师真的好温柔啊（就是经常让我上去表演情景剧当美人鱼我有些害羞） 大英这门课需要开口 但是大家都比较内向 经常会有冷场的时候 希望下个学期大家都能多开口练口语哇 谢谢老师一年的辛勤指导❤ 虽然绩点不高 但这纯属我菜嘿嘿
83598,643,丁展平,2018-07-10 17:59:12,4,4,0,就是上课发言的机会太少，感觉这种事情还是老师强制一点比较好，哈哈哈，好吧是我自己太菜了
84931,643,丁展平,2018-07-14 12:11:33,4,5,1,丁老师超级好，人超级好，课程也是认真设计的。给分也好啊，体谅学生，尽力给高分。老师只有口语稍微弱些，其余都完美，没错我是老师小迷弟。
85093,643,丁展平,2018-07-15 09:37:21,3,5,2,真的很像妈妈的老师！
87828,643,丁展平,2018-10-15 06:34:14,2,4,2,上课无聊，讲不来课的老师
91952,643,丁展平,2018-12-25 05:42:29,4,4,0,最温柔的老师
93057,643,丁展平,2019-01-07 07:11:13,2,2,0,还可以
93892,643,丁展平,2019-01-14 07:36:06,2,2,0,挺好的。
94062,643,丁展平,2019-01-15 05:19:29,3,3,0,我展平兄还是要给十分的呀
94234,643,丁展平,2019-01-16 02:49:48,2,2,0,超赞哦
94894,643,丁展平,2019-01-18 12:20:22,2,2,0,真的好啊
95210,643,丁展平,2019-01-19 05:06:25,6,8,2,出分感动地不行了 昨晚刚被绩杀今早丁老师就给我一个大惊喜！\n\n老师除了口语其他真的都很完美，甚至口语听多了也习惯了哈哈哈 老师日常交流很棒，特别有耐心，做展示一直对我笑❤️\n\n丁老师考前讲题型发小练习，平时事少关爱学生，真的像妈妈一样！！\n\n有点后悔大英四没有接着选她，选上或预置她的一定要珍惜！！老师人真的真的很好！
95231,643,丁展平,2019-01-19 05:25:17,1,2,1,人很好
95233,643,丁展平,2019-01-19 05:28:28,1,2,1,听写什么比其他班少，作业也不多，绩点也挺好。
95239,643,丁展平,2019-01-19 05:34:26,-2,3,5,2.4嘻嘻嘻
95248,643,丁展平,2019-01-19 05:39:57,0,3,3,被绩杀了555
95250,643,丁展平,2019-01-19 05:42:03,5,6,1,老师真的人超级好，有的时候会有单词小测试，只有几次是计分的。考前老师还打印了试题让我们练，给分很好！！！老师除了口语没有缺点！真的后悔大英四没选丁老师了
95291,643,丁展平,2019-01-19 06:57:12,2,3,1,很好的，绩点也不错?
95297,643,丁展平,2019-01-19 07:10:47,5,6,1,表白老师！！！\n\n作业少事情少人又温柔耐心，绩点也高，还有比这更快乐的大英课吗？！
95344,643,丁展平,2019-01-19 08:46:39,5,7,2,老师好棒啊，很温柔，作业不多，书上作业也不检查，助教真是太漂亮了…平时作文好好写，功夫在平时，分数还是得靠自己努力呀。
95383,643,丁展平,2019-01-19 09:43:51,4,6,2,上课不讲知识点，适合已经习惯了大学的老油条选，新生最好选上课少讨论多讲知识点的老师，否则真的是逐渐丧失英语能力。
95416,643,丁展平,2019-01-19 10:53:22,2,3,1,老师超可爱哈哈哈给分也很好。
95419,643,丁展平,2019-01-19 10:57:31,10,12,2,我爱老师！！！给分巨高！！出分后在群里说“没想到这么高吧”\n\n我爱老师???
95420,643,丁展平,2019-01-19 10:58:07,0,2,2,老师超级温柔！给分也不错！
95424,643,丁展平,2019-01-19 11:01:22,3,4,1,细心认真和蔼可亲的好老师！挽救绩点！
95426,643,丁展平,2019-01-19 11:04:50,3,4,1,老师挺不错的，是我太菜
95428,643,丁展平,2019-01-19 11:05:41,2,3,1,给分巨好！我爱老师！老师超级负责的！
95461,643,丁展平,2019-01-19 12:25:58,2,3,1,表白丁老师，太赞了?
95469,643,丁展平,2019-01-19 12:32:09,2,3,1,老师人超棒的，大英四因为预置课选不上她的课哭唧唧
95476,643,丁展平,2019-01-19 12:41:19,2,3,1,老师特别温柔，三观正，给分特别好(✪▽✪)
95480,643,丁展平,2019-01-19 12:45:37,2,3,1,老师是女神哦?
95548,643,丁展平,2019-01-19 14:43:17,-3,2,5,老师很好，上课也很细心，给分不错。听说大英三挂科很高，慌的一笔，没想到竟然上4了！因为预置课冲突没能选上丁老师的大英四感觉很可惜。
95552,643,丁展平,2019-01-19 14:49:57,3,4,1,好，上课不错，给分也很好
95621,643,丁展平,2019-01-19 16:21:31,2,2,0,老师很好，上课氛围挺轻松的，平时给分也不错，但最后的成绩还是要靠自己努力的。不多说，赞。
95671,643,丁展平,2019-01-20 00:31:10,2,2,0,虽然被卡绩点了，但是这是我自己没有好好学，老师人超赞
95977,643,丁展平,2019-01-20 10:00:29,2,2,0,老师人很好哦，大英还是靠自己好好学好好背吧，绩点不高我也服，毕竟我确实没有好好努力，大英四还上老师的课
96038,643,丁展平,2019-01-20 11:52:46,3,3,0,老师人很好很认真 除了口音以外 真的都很好 给分也是
96371,643,丁展平,2019-01-21 01:25:16,3,3,0,老师不会讲很多书上的东西，但是会有很多去提高演讲、口语，扩展知识面的时候，棒棒哒！\n\n
96987,643,丁展平,2019-01-21 13:58:33,2,2,0,老师很随和，上课讨论互动很多，英语菜鸡和紧张。
98640,643,丁展平,2019-03-07 10:32:13,16,17,1,上丁老师的课，知道一下三点就够了：第一，老师人很好，不小心翘了早八可以任选平行班补上课；第二，老师给分很好，平时努力一点点，quiz不太差，作文好好写，高分还是可以争取的；第三，丁老师的助教都是漂亮小姐姐！quiz和final的时候记得多看两眼！至于老师的发音不地道，这和老师能力不够完全是两码事。选老师点名因为座位是固定的。
100027,643,丁展平,2019-01-25 12:56:52,2,2,0,老师人超级暖心！超级细心！超级好！不过大英的绩点主要还是看自己啦！
109747,643,丁展平,2019-06-19 03:32:54,6,6,0,大英三和大英四选的都是丁老师，巨好
110589,643,丁展平,2019-06-27 14:23:00,9,9,0,老师上课干货很多，真的感觉能学到很多知识，而且很注重口语与理解能力的练习，上课气氛很好（虽然我不怎么发言）。老师人真的很好，给分也特别好，平时分尽量高，不过绩点主要还是看期末考试（会经常做一些不计入成绩的练习卷有一些原题哦）
110594,643,丁展平,2019-06-27 14:43:18,9,12,3,很好的老师，为了我们特意去学了QQ，10分
110606,643,丁展平,2019-06-27 15:12:16,5,6,1,挺好的，是我菜了。
110613,643,丁展平,2019-06-27 15:54:02,7,8,1,很好的老师！人很细心也很温柔，很关心同学！我吹爆！\n\n
110615,643,丁展平,2019-06-27 15:55:45,7,9,2,老师很慈祥，presentation虽然是一个人单独做，但是的确对自己的能力有很大的提高。选就对了！?
110626,643,丁展平,2019-06-27 17:33:37,-10,1,11,今晚出分啦~和大英三的时候一样，上课很水，老师也尽量给我们减轻了很多负担，玩了一个学期手机，两次小测都还行，期末不太行，最后也还可以。上课玩手机还是很快乐的，谢谢老师
110706,643,丁展平,2019-06-28 05:09:43,5,5,0,像高中老师，不像大学老师
110847,643,丁展平,2019-06-28 10:50:13,20,23,3,选丁老师的课一年了，上课氛围轻松但是知识点比较密集，会有几次不计分的小测和考前针对训练。老师人超好！感谢老师给我大英3和大英4的两个4.5！
111532,643,丁展平,2019-07-02 01:25:35,4,7,3,老师很好
116957,643,丁展平,2019-09-17 15:36:26,6,8,2,人很好。但作业有点多
120438,643,丁展平,2019-12-06 04:10:48,13,13,0,老师人超好！作业多但是从来不查作业！考试之前有专门的练习！虽然还没期末10分先走起~
127415,643,丁展平,2020-11-22 16:12:00,1,1,0,跪谢老师上学期期末捞我 呜呜呜呜呜老师太好了不挂人
127562,643,丁展平,2020-11-24 11:06:01,1,1,0,老师真的特别温柔，特别友善！虽然课上确实不怎么讲知识点......
128771,643,丁展平,2020-12-25 08:33:33,2,2,0,good
128773,643,丁展平,2020-12-25 08:57:43,7,8,1,丁老师的知识面非常广，她上课教的不仅是英语，还教英语PPT制作，英语口语演讲，英语读后感怎么写……英语思维地道得让人头皮发麻（口音完全不是不是重点，想学英式思维的人真的会爱上她！！！）重要的是，她对你的绩点很真诚，知道教学重点，知道怎么教单词，教课文，基本上下了课复习一遍就能巩固大半。上课花样多有深度堪称黄金课程，友善而且有一个中年女性的智慧知性和温柔考虑。我觉得最最对不起她的是我上课举手太少，让她亮晶晶的目光遗憾了，期末一定好好复习不辜负您！
129496,643,丁展平,2021-01-06 08:52:44,-6,1,7,不喜欢
129875,643,丁展平,2021-01-13 06:39:56,4,5,1,好老师，当时大英三满了，后悔大英四没选
129956,643,丁展平,2021-01-21 00:19:07,7,7,0,好老师，大学一年都是她
130702,643,丁展平,2021-01-24 09:51:11,2,4,2,丁老师真的特别好！像妈妈一样上课特别耐心，老师平时分都会尽量给高，平时的辩论和pre也能锻炼自己，老师可能口音会有一些不地道但是完全不影响她教的好！大英三4.2虽然没有达到自己目标但是还是觉得很棒了！毕竟大英还是要靠自己考出来的，下学期还是选的丁老师，希望自己继续加油！
134026,643,丁展平,2021-03-12 06:04:57,2,2,0,老师的课充满了温情，给我们很大的自由，没有听写，比较注重presentation，课后问问题也耐心地回答，线上联系她咨询事项也会尽快回复，真的很好的老师！
134074,643,丁展平,2021-03-15 05:53:34,1,1,0,好老师，不多说
134349,643,丁展平,2021-03-24 13:17:17,3,3,0,非常遗憾大英4因为时间冲突没有选到丁老师的课，真的很怀念丁老师上学期充满亲切感的课堂，唉
136787,643,丁展平,2021-06-24 12:56:32,2,2,0,现在大三回头来想，丁老师真是我浙为数不多的温柔女神之一，当时怎么就不好好珍惜呢？？？！
137389,643,丁展平,2021-07-03 16:58:12,0,0,0,老师超温柔超好 除了口语不大好\n\n英语自己菜和老师没关系 老师很棒🌹
137394,643,丁展平,2021-07-03 22:36:39,0,0,0,强大的老师，上课幽默认真，绩点也不错。
138873,643,丁展平,2021-07-11 12:05:57,0,0,0,老师超好！就这一句话！！！
139302,643,丁展平,2021-07-14 06:28:02,-2,0,2,好老师，不过讲英语口音挺重，但人很好
143303,643,丁展平,2021-11-23 07:03:43,0,0,0,可以啊
143304,643,丁展平,2021-11-23 07:03:41,0,0,0,可以啊
144337,643,丁展平,2021-12-21 06:14:52,0,2,2,老师虽然发音不是很好但人真的很好！讲课文的时候会渗透自己对一些社会现象的看法 引人思考 小测时会强调不计分 会计分的时候都会提醒很多遍
146290,643,丁展平,2022-01-06 06:55:36,3,3,0,老师人真的好，很在意学生，会考虑学生的处境，没有卡绩，感觉还给我调了一分让我高了一档，最后4.5很满意了
146292,643,丁展平,2022-01-06 07:00:37,2,2,0,dzp老师太好了！只是我没有好好学英语。。。她捞我了！！！人很和蔼，上课很友好！
146338,643,丁展平,2022-01-06 09:01:11,2,2,0,老师很好，会很认真的提醒各个重要事项，上课也有自己的思考，但是我可能大概也许被卡绩了（88落泪
146344,643,丁展平,2022-01-06 09:33:22,5,5,0,丁老师！我的超人！
146423,643,丁展平,2022-01-06 14:36:14,3,3,0,上课不要求你发言，平时分基本能给就给，为人特别友善特别温柔，就是口音不是特别正宗，大英给分靠自己！
146735,643,丁展平,2022-01-07 09:50:09,1,1,0,很考虑学生的一位老师~
147351,643,丁展平,2022-01-09 15:57:41,3,4,1,人很好很温柔很可爱的老师！！！但是感觉也不太调分其实，她唯一能决定的只有五分平时分。怎么说，大英我花了蛮多时间的但是最后的绩点不算理想吧。但是不管怎么样丁老师真的人很好！！
152054,643,丁展平,2022-03-24 07:54:46,4,4,0,上了大英四别的老师的课 才知道丁老师有多好～
154537,643,丁展平,2022-06-02 05:29:53,6,6,0,好喜欢这个老师！上课很活泼，会鼓励每一个人开口说话，课堂上也不是像大英三一样有点恶竞的感觉，反正就是很不错！
155661,643,丁展平,2022-06-15 05:41:42,4,4,0,给分好！
155877,643,丁展平,2022-06-16 11:39:04,2,3,1,丁老师人很好，给分也很好！😘感谢您！
155906,643,丁展平,2022-06-16 13:30:05,3,3,0,老师你我的神，事儿少分高，选她选她
157725,643,丁展平,2022-06-24 12:52:01,3,5,2,同样不听课\n\n大英三2.7\n\n大英四3.0\n\n没有拉踩的意思，感觉四期末考试听力比三简单，三是真听不懂，四偶尔听懂两句\n\n很捞，应该会给你挑分，给你绩点升一个档次
167985,643,丁展平,2023-01-21 06:32:44,2,2,0,太喜欢老师了！大英三当时老师给我登记错分数了，登记成4.2，出分的时候还在考试周，我当时特别高兴，但是也觉得很不可思议。但不得不说也让我当时的心情好了很多，也更有信心准备其他难的科目。后来都回家快过年了，丁老师给我打电话，先是问我到家了没有，考完了没有，然后才特别不好意思地说当时把分数登记错了，但是想着我肯定很高兴，怕影响我其他科目考试，就一直没有告诉我，直到都考完了才和我说。当时真的特别感动，真的是一个很为学生着想的老师！当时作为一个刚上大学的新生，感受到了浙大老师的善良和教养。之后我大英四还是跟着老师一起学。平时的展示也很用心的准备，老师也夸赞了我的pre，还讲了我的进步，最后也靠自己的实力拿到了满意的成绩。真的很感谢老师，让我感受到了温情和善意，也让我很灰暗的大一生活有了闪光点。
168667,643,丁展平,2023-02-20 17:17:24,0,0,0,老师上课真的很认真，不太想大学老师，很想高中老师。但是自己水平不行，最后也被卡绩了，就这样吧
169617,643,丁展平,2023-02-27 06:49:52,1,1,0,老师非常亚撒西，很和蔼
170542,643,丁展平,2023-03-06 09:02:38,0,0,0,人非常nice！！非常可爱的老师！不过发音确实不纯正嗷
170874,643,丁展平,2023-03-11 03:21:09,0,0,0,虽然丁老师发音不好\n\n但很关心很爱学生\n\n给分也还行\n\n大爱丁老师！
176318,643,丁展平,2023-06-28 11:16:27,1,1,0,10/10\n\n老师温柔可亲，讲课细致丰富，大英成绩普遍不高，但老师平时分给的很好，会捞学生，对学生很体贴照顾。上课前还会放生活大爆炸！
179494,643,丁展平,2023-09-17 13:45:55,1,1,0,老师的发音虽然不太标准，但是人很温柔，平时也不查作业，还挺关心学生。是个很好的老师。
184585,643,丁展平,2023-12-22 01:53:40,1,1,0,真的是个好老师\n\n很努力的在记住每一个同学\n\n我就一次小组pre上发言老师也记住我了\n\n有问题钉钉问也很快就有回复\n\n比起其他老师来讲事情算少的而且都会提前预告
184712,643,丁展平,2023-12-22 09:44:56,3,3,0,老师人特别好，布置作业的时候会听取大家的意见，有什么问题都会耐心回答！！当初课前展示有点紧张，但是老师就坐在台下的座位上那样笑眯眯地看着你，真的给了我很大的力量！！！
185190,643,丁展平,2023-12-27 03:45:17,0,0,0,老师超级赞，十分有耐心的，很会鼓励同学，有一点口音并不十分影响
185421,643,丁展平,2023-12-29 05:45:57,0,1,1,老师很认真负责，上课也内容很丰富。有pre但是一学期一个人平均也只有1次，作业也基本不会强制检查。事情不能算很多，应该？虽然有一点口音但是完全不影响听课的，也很耐心地听同学们的发言!
186399,643,丁展平,2024-01-11 02:57:40,0,0,0,超级超级好的老师！非常温柔有耐心！鼓励式教学！给分也很好！
186400,643,丁展平,2024-01-11 03:00:21,0,0,0,老师很不错～特别温柔！很有耐心，事情我觉得真的特别少了，作业也不检查，不会强制点名发言。特别善解人意。人也很可爱啦，很多观点也很烂漫开明的！❤️‍🔥❤️‍🔥绩点一般，但是大英给分都这样，没办法(^^)
186430,643,丁展平,2024-01-11 05:05:06,1,1,0,神！！！老师真的很亲切，而且非常捞！！！要仔细观察的话，老师是在想方设法的捞你啊！上课也很有意思，虽然作业什么的没有强制检查，但每一项任务认真对待，就能收获好成绩！最后也是4.8拿下了，感谢！
186555,643,丁展平,2024-01-11 17:10:54,2,2,0,特别特别好的丁老师！！虽然发音不太好，但是很认真负责，对同学们也很好，鼓励式教育，回答了一个很简单的问题，被她说so proud of you真的有被鼓励到！喜欢丁老师❤️
187969,643,丁展平,2024-01-18 02:30:26,0,0,0,好喜欢丁老师，，特别特别温柔可亲，，
188487,643,丁展平,2024-01-19 05:32:42,0,0,0,丁老师很照顾特殊学生
191241,643,丁展平,2024-04-14 15:05:23,1,1,0,特别好
195358,643,丁展平,2024-06-28 00:57:35,7,8,1,必须要狠狠夸夸丁展平老师!老师像温柔的妈妈，对学生和蔼包容，体谅学生的感受，从来不为难学生。老师怕我们焦虑，会告诉我们有难度的问题她不提问，只是鼓励大家思考。会在每单元结束后给学生发自己的单词练习卷，学生发言的时候老师会用期待和赞赏的眼神看着学生，不管学生的口语水平是什么样的。老师会督促每个同学把慧学外语的作业完成，尽职尽责。平时事情很少！主要就是需要发言，其他没有什么更多的任务。最后给分的时候是真给力！老师平时分给的很高，她说助教姐姐作文评分严格，其实助教评分就是正常的标准，但是她又给我们每个人三篇作文加了一分，导致我直接出现了15分的作文！而且quiz给分也比较宽松，基本上是没有硬性错误能给就给。老师有这样两句话特别有名：来上课的同学我是不会让你挂的；没想到分这么高吧。所以如果拿不出那么多课后时间学习大英课程又希望成绩尽可能高一点的话，选丁展平老师的课是一个很好的选择！
199990,643,丁展平,2024-10-10 09:49:50,4,4,0,这老师一般…………………………………………………………………………………我们直接叫妈（doge）
206063,643,丁展平,2024-12-13 04:31:23,1,1,0,楼下，丁姥姥是真的直接就是妈
206127,643,丁展平,2024-12-13 05:53:06,4,4,0,我爱她！！！！！！球球大英四也让我选上吧！！！每节课我都会发言，每次的1/2-min talk都有在好好准备并且发言！所有老师很快就记住我的名字了！！\n\n人特别好，会鼓励每一个发言的同学！我也是不想看老师冷场所有回回发言！我永远爱她呜呜呜作文分给的很好 quiz也是！！！听力语段会提前听一遍这样子ww\n\n特别在认真捞平时分！我大一上最大的热情都给大英了www\n\n爱她！\n\n还有一次身体不舒服睡过头了ww和老师说过之后老师让我好好休息呜呜呜真的会很感动！我爱她哇
206216,643,丁展平,2024-12-13 08:51:57,1,1,0,啊啊啊啊妈咪我爱你😘真的是很好的老师，当你磕磕绊绊发言并感觉自己讲的是一坨时会用鼓励的眼神看着你并且为你鼓掌\n\n就看看大英四有多少人选她就好了（no.1）
206526,643,丁展平,2024-12-25 06:31:11,5,5,0,上了一学期英语，我评价是yyds\n\n真的是我妈😭人很温柔，平时跟学生对话时很耐心，听的很仔细。钉钉上问问题有问必回。墙裂推荐，狠狠赞了👍\n\n唯一缺点就是英语发音不太标准，但是真的瑕不掩瑜。\n\n这个水平，打个10分不过分吧\n\n\n\n期末了，求捞😭😭😭
206955,643,丁展平,2024-12-19 00:57:33,0,0,0,10分
208042,643,丁展平,2024-12-25 09:48:18,1,1,0,很好的老师，特别喜欢她的课。\n\n很会鼓励学生，发言的时候会很认真地看着你，用一种十分期待的眼神和神态。\n\n问问题秒回，会很真正的回答你。\n\n上课会查证课文的原文，说说课本哪里不好（这套书真的一般般啊喂）\n\n不太查作业，事也不多，花时间了绩点自然高
208108,643,丁展平,2024-12-25 15:36:27,1,1,0,不选是傻子
208718,643,丁展平,2024-12-31 12:45:17,0,2,2,得分也是上来了，我上的那年才4分。她当时要求学生课前pre，结果学生往pre里加视频时间越拖越长，她出离愤怒然后哭了。
209155,643,丁展平,2025-01-05 01:04:08,0,0,0,小班易记脸不点名 事少分高
209243,643,丁展平,2025-01-05 07:32:49,0,0,0,老师特别好
209256,643,丁展平,2025-01-05 08:22:21,0,0,0,非常好
209524,643,丁展平,2025-01-06 07:37:29,1,1,0,刚上课：这老师什么发音啊……\n\n上完课：展平，我不允许任何人忤逆你🤤\n\n作业不检查，发言不强制，只有1次pre，小测的听力都是前一节课刚给我们听过的内容，期末的作文是我们课上写过讲过的（还发了几篇范文可惜我没看😭）\n\n回答问题时会用一种很鼓励、很和蔼的表情看着你，虽然我坐得比较后面的上课很少发言都在玩手机\n\n一个学期的大英三被我学得像节水课，最后被捞到了4.2，展平姐你是我的神😍
209650,643,丁展平,2025-01-06 12:08:12,1,1,0,上课十分亲切，讲课也很细致，每节课前会有ppt的pre，不会检查作业，不会强制点人起来回答问题。 \n\n大英三喜提4.5，给满分！！！
210020,643,丁展平,2025-01-08 02:23:17,0,0,0,出分4.5 老师非常非常好，我除了pre卷了一下平时上课从来没有发言，但quiz和期末考好好准备背了单词，最后差一分4.8但已经非常满意，谢谢老师
212627,643,丁展平,2025-01-14 09:55:55,0,0,0,很好的老师
212979,643,丁展平,2025-01-15 11:51:07,1,1,0,特别特别好的丁妈妈！\n\n上课很温柔，事少，一个学期只有一次pre，会鼓励同学回答但是不强制。\n\n给分很好！pre认真做了，小测和期末考试背了背单词喜提4.8！
213089,643,丁展平,2025-01-16 03:39:06,0,0,0,大英三\n\n首先说上课点名的事，不会直接点名，但会轮流回答问题，一般都是教室里四个角的人开头。\n\n讲课我没听过，背好单词就行。\n\n小测和期末，助教批的没有太放水（可能分助教），最后绩点会捞一下的（指提高一分，不会卡绩）
215101,643,丁展平,2025-02-21 06:10:37,0,0,0,特别特别好的老师，又温柔又可爱！虽然平时会有回答互动的环节但是老师真的非常非常友善，一直在鼓励我们。给分算是非常友好的，作业也不怎么检查55555，最后大英三喜提4.5☺️
217978,643,丁展平,2025-04-18 15:43:08,0,0,0,闲来无事来打个分～虽然我并不喜欢大英（本人英语水平较差，学英语实在是一种折磨），但是丁展平老师真的超级好！大暴雨那天问她可不可以在寝室里看智云她也同意了，还说这样的天气确实不太适合骑车上学（虽然后来雨停了还是过去了）。讲课水平的话因为我实在是讨厌英语，所以并不能给出什么参考依据……
220238,643,丁展平,2025-06-16 14:33:11,2,2,0,dzpyyds，大英三4.5，大英四4.8。上课很亲切，quiz给分也很好，推荐大一选
221565,643,丁展平,2025-06-24 14:14:34,0,0,0,丁妈妈人特别好，上学期是她的课，这学期也毫不犹豫地选了。给分不错~大英三4.8，大英四4.5\n\n她的课不会管很严，偶尔偷偷在下面玩一会手机也基本不会来说~\n\n上课的时候会组织一些同桌之间、小组之间的小讨论，刚开始觉得有点尬尬的，但时间长了，和小组里的同学都成了很好的朋友！
6854,645,金明,2015-07-26 08:25:09,11,24,13,讲得差给分低
7167,645,金明,2015-09-09 13:41:38,-1,16,17,如果听的话，讲的挺好，治学非常认真的一个老师，对翻译也很认真。给分不是最好，但是不失公道。
8569,645,金明,2015-09-22 11:58:46,0,7,7,还不错啊
10692,645,金明,2015-11-22 12:57:04,-5,14,19,很喜欢这个老师 上课很正经 但是很搞笑 开学前两节课推销了两节课的字典特逗 平时还会分零食给我们吃
21987,645,金明,2016-03-02 04:25:18,-6,5,11,没干货给分好发吃的
23573,645,金明,2019-06-01 09:35:49,13,25,12,一个人怎么能做到嚷所有人都讨厌他呢
24871,645,金明,2016-05-04 05:59:38,10,19,9,恶心 好烦 最讨厌上他的课
27385,645,金明,2017-06-07 16:03:52,8,18,10,傻逼一个，不解释
27386,645,金明,2016-06-25 13:47:01,-2,7,9,呵呵呵
30631,645,金明,2016-07-02 05:57:45,4,8,4,作业特别多，考试内容特别多。不考虑学生负担。
32431,645,金明,2016-07-06 18:07:52,8,19,11,课讲得不怎么样还以为自己很牛逼，没有人喜欢他的课却觉得自己的课是“深受大家喜爱”的“优秀课程”，平时作业多到死却不占几分，也完全不知道怎么改的，特认真地写拿80多分，随便翻的和机翻出来的却能拿到90多…期末考试全靠背，复习范围也就1000多页ppt
48906,645,金明,2017-03-16 03:30:21,8,13,5,真的很痛苦...上他的课
49621,645,金明,2017-04-20 14:01:04,1,8,7,金老师讲课生动有趣，很幽默。只要你别太过分，老师性格就很好。
52624,645,金明,2017-06-21 14:28:31,41,54,13,\n\n你翻译系金明老师由于忘记曾经改过考试时间，同学都订好了机票，遭不住学生质问恼羞成怒解散班级群
52946,645,金明,2017-12-25 08:50:30,11,16,5,为什么不能打负分？？？
52947,645,金明,2017-06-24 03:10:59,18,25,7,某老师不承认自己说过随堂考一事，在学生买好机票之后偏说要在考试周考，学生怕被给低分在群里匿名，该老师偏偏要说人家没礼貌，在群里发脾气，恼羞成怒解散了该群，第二天上课大言不惭地称是腾讯出故障了。小肚鸡肠，自以为是，宽以律己，严以待人。若是有负分，我一定给-10086
55608,645,金明,2017-07-02 04:41:01,8,12,4,感觉不是很专业
55978,645,金明,2017-07-03 01:08:32,8,12,4,烂人一个
56169,645,金明,2017-07-03 07:26:36,-2,5,7,认真诚恳
56492,645,金明,2017-07-04 01:43:42,-3,4,7,给分好，对翻译有自己的理解，蛮有收获\n\n
59802,645,金明,2017-09-27 06:01:58,11,16,5,只关注长得好看的女学生。
64492,645,金明,2017-12-24 13:51:09,8,16,8,金老师上课讲佛学 不尊重我们穆斯林兄弟
64493,645,金明,2017-12-24 13:52:21,8,14,6,金老师讲课十分清真 非常我们穆斯林兄弟修读
64499,645,金明,2018-01-25 01:59:19,7,9,2,金老师很清真
64866,645,金明,2017-12-27 13:35:30,2,6,4,很好很清真
65232,645,金明,2018-01-02 02:02:12,4,7,3,自以为是，不尊重人，论文只许按照他的思路写，不允许有学生自主性。傻逼，为啥没有负分？
65404,645,金明,2018-01-03 16:04:38,2,6,4,人品极差，不配为师
71478,645,金明,2018-01-28 13:40:15,6,6,0,佛学?很多奇怪的内容，我发呆水过。几乎每周都有作业，量挺多的，而且不改也不给答案...考的不理想会被怼，而且有些翻译解释不清楚。不点名但是他有座位表，而且人少谁没去都知道，第二节开始固定座位
72173,645,金明,2018-01-29 13:54:15,-1,1,2,还行吧 感觉没其他同学说得那么差 但也没好到哪里去
72217,645,金明,2018-01-29 14:42:59,7,13,6,其实金老师人还挺不错的啊 有一个作业是翻译李宗盛的歌词 然后学期末他还给我们班两个李宗盛的歌迷送了一张限量版和一张带签名的CD 虽然有的时候会沉迷讲佛学吧?但是基本的课堂要求都做到了呀 也挺认真负责的
73020,645,金明,2018-01-31 15:19:15,5,5,0,能别选就别选吧……
74491,645,金明,2018-03-01 03:00:35,2,3,1,非常清真
75861,645,金明,2018-03-20 06:11:30,1,4,3,越过山丘 虽然已白了头\n\n喋喋不休 时不我予的哀愁\n\n还未如愿见着不朽\n\n就把自己先搞丢
79430,645,金明,2018-06-05 00:31:59,3,4,1,为什么没有零分我呵呵呵呵呵\n\n上课讲佛经 作业乱留 这点都不考虑学生感受 这样的人怎么还能继续当老师
79657,645,金明,2018-06-12 12:14:42,5,5,0,最讨厌的老师 上课超级无聊 又超级计较 作业又多 不想再遇到
82395,645,金明,2018-07-08 05:30:03,15,20,5,作业比较多，既有期中测验还有词汇竞赛，满满的干货，但是金老师十分负责，对学生也特别好，每一个参与词汇竞赛的人都有奖品，一二三等奖每人一个书包，平时还会送大家文件夹，全都是自费，鼓励学生记笔记
82409,645,金明,2018-07-08 06:18:50,25,37,12,看了看之前的评论，我感觉很惊讶，其实从学习知识的角度来讲，金老师的高级英汉互译还是有许多干货的，因为人少的原因金老师也十分的负责，因此作业多也是可以理解的，如果仅仅听课不去做翻译练习是不可能找到翻译的感觉的。选课的时候很多同学说不要去选金老师的课，在上了金老师的翻译学导论和高级英汉互译后我觉得金老师挺不错的。虽然之前他可能犯过一些失误，不过改进够还是一个不错的老师！
82492,645,金明,2018-07-08 10:33:05,5,7,2,老师真的很认真\n\n如果充分理解记忆能学到很多东西
83681,645,金明,2018-07-11 03:49:50,7,10,3,听金老师的课之前看了评论有点忐忑，一个学期下来，还是觉得金老师是很好的，非常认真负责，干货很多！给他打call！！
87590,645,金明,2018-10-08 03:31:25,29,32,3,金老师能不能按时下课嘤嘤嘤
88092,645,金明,2018-10-22 05:40:46,4,5,1,不想浪费你的人生就离他远点。除此之外无法评价，因为我能说一万字但都会被和谐。
91668,645,金明,2019-01-07 11:04:29,-15,8,23,虽然没上过他的课但是他把我女朋友惹不开心了我来给他打1分了！
93108,645,金明,2019-01-07 11:03:49,5,6,1,干货很多，就是教书方式闷了点，但是只要认真学肯定学到的. 老师一直帮我们复印文件，送书. 功课是多.期末要到了，愿手下留情
93175,645,金明,2019-01-08 03:23:31,3,4,1,不认真备课，不尊重学生
102731,645,金明,2019-02-22 04:39:49,4,6,2,希望老师有时自尊心可以放低点没关系 讲错了就承认学生会理解的
102914,645,金明,2019-02-25 03:07:11,4,6,2,年级统一的资料，所以其实也不用怎么担心老师啦，老师还会提前给你扒拉出一些资料，干货挺多的，平时作业认认真真做好，多费时间复习，分数不会差的，哦对了，老师的确总拖堂，所以下一节还是别安排路程远一点的课比较好，就酱！
104719,645,金明,2019-04-25 10:18:47,1,2,1,痛苦...
111639,645,金明,2019-07-02 09:35:07,2,3,1,真的说不清楚，说没有东西吧好像又讲了很多东西，但是听完了发现不知道讲了什么，体验感不太好，有一种让你没法集中听讲的神奇气质
113381,645,金明,2019-07-06 13:16:33,31,43,12,都是幸存者偏差吧 体验不好的同学才来吐槽 然后破窗效应恶性循环 其实老师真的挺好的 没有说的那么多缺点 自尊心有一点强但也是真心希望教好书 分数都尽量调高了 自己摆正心态 谦虚认真地学 会有好的收获的 不要一天到晚想着骂老师多从自己身上找原因吧 并且人无完人 体谅老师做的不妥或不合自己心意的地方 也应该是每一个浙大学生应有的善意
116477,645,金明,2019-09-11 01:46:14,0,3,3,人很好，给分很好，作业略多
117659,645,金明,2019-09-28 04:13:26,4,7,3,傻逼一个。自以为是班主任就是多大的官，一个学期开了9次班会，大家坐在一起听他叨叨。
117706,645,金明,2019-09-29 12:59:28,1,1,0,没感觉
117917,645,金明,2019-10-10 07:25:54,0,1,1,绝了啊
117974,645,金明,2019-10-17 08:19:08,2,4,2,能让我在下午1点之前吃上一口热乎饭吗？\n\n但是其他都是挺好的！
118007,645,金明,2019-10-18 10:01:25,0,2,2,希望老师尊重一下学生
118253,645,金明,2019-10-29 09:51:37,3,6,3,少点这种傻逼老师
121709,645,金明,2020-01-21 04:05:18,3,4,1,自以为是，上课没有干货，要挟学生教务系统给他打高分。
121914,645,金明,2020-01-23 17:25:53,14,17,3,很神奇的一个老师，人挺好的，经常分小零食也会比较关心大家的身体健康状况。课堂任务比较重，会有很多拓展内容。但有些时候过于固执or傲气（?）拖堂是真的严重啊啊啊每次上课都好饿 给分有点杀
123521,645,金明,2020-06-09 10:12:33,8,10,2,连上了金明老师的基础英汉互译和中级英汉互译，越来越觉得他可爱了（真）。课堂都是干货，而且会有作业在课上做。认真复习是会得到公正的分数的。不过拖堂是真的！！也就这个是最严重的问题了吧
124280,645,金明,2020-06-28 11:53:20,6,6,0,这老师的课以后少上，作业量巨大，事情超多，给分很难看，丝毫不顾及学生感受。英语翻译证书口译…翻译课，想蹭学分别蹭。
124453,645,金明,2020-07-01 10:59:23,1,2,1,呵呵（你品）
133132,645,金明,2021-02-09 12:08:04,10,13,3,基础英汉互译，金老师口音很有意思。备课非常的认真，考前复习回顾的时候发现老师真的总结了很多很多考试题型的资料，无论是从课外拓展还是课内考试的角度都对人大有裨益。上课的氛围也比较轻松，下课万年不变地用U are dismissed结束课堂。上课平常节奏不快，越到下课越快，最后会有拖堂3-5min的习惯。给分比较大方。客观而言，值得更高的评分。
133133,645,金明,2021-02-09 14:01:15,3,3,0,干活很多，老师人好。可惜绩点不高还卡了，难受(;_;)
133152,645,金明,2021-02-10 14:18:22,1,4,3,是个很可爱的老师哦
144225,645,金明,2021-12-20 17:18:15,-3,3,6,老师讲课很清楚！
144599,645,金明,2021-12-22 14:20:24,-2,3,5,老师讲课很清楚！
154933,645,金明,2022-06-07 03:21:45,0,4,4,老师很好，好多小礼物，像是在义乌开了家店，拖堂也不是很严重了，是很可爱的老师
156099,645,金明,2022-06-17 14:04:48,1,5,4,金老师很好！绝对不止这个分数！上课内容蛮丰富的，课后也会发很多材料，也会很耐心地解答我们的问题，期末论文也给了很多指导；课堂上还会给我们发文件袋装资料，最后一节课还没人发了一支笔哈哈哈哈，总之是个很可爱的老师！
160191,645,金明,2022-09-14 14:59:56,-2,1,3,还可以啦
161100,645,金明,2022-10-27 01:57:05,9,13,4,1.事情多且无意义 2.每次都拖堂 3.讲课讲不好 4.难以沟通 总结：最不体贴学生的老师，千万别选
165806,645,金明,2023-01-09 18:24:18,-1,2,3,老师非常严谨，给的资料也挺多的，作业的频率挺高的，但花的总时间并不会很多。我不是很擅长翻译的，给分挺好的，超过预期了
166584,645,金明,2023-01-13 02:18:53,0,5,5,非常温暖贴心的老师！！！\n\n当你上课觉得冷的时候，他会先轻轻抚摸你的手，来判断你是不是真的冷，再去关窗户\n\n至少我18年学生生涯没遇到过这么贴心的老师
166748,645,金明,2023-01-13 11:53:22,-4,2,6,老师人蛮好的啦，看得出来也很认真负责，但是一节课的教学内容感觉有点太多，每次都很难讲完
170068,645,金明,2023-03-01 08:04:11,-2,5,7,老师挺用心的啊，拖堂只是因为准备的内容有点多罢了。。。
171063,645,金明,2023-03-15 10:00:07,4,4,0,一开始觉得是老师不行\n\n后来才发现是翻译这门课真的不行\n\n每次上翻译课都莫名的难受
171573,645,金明,2023-03-29 06:28:26,2,2,0,不太行
171708,645,金明,2023-04-03 00:21:06,2,2,0,后悔选了
171768,645,金明,2023-04-04 11:47:42,2,5,3,同学们好，我是你们的金老师，欢迎大家与我积极讨论交流，提出意见
171864,645,金明,2023-04-09 07:16:14,1,2,1,事多拖堂，作业全是政治翻译
172193,645,金明,2023-04-21 12:09:34,0,0,0,大英四无聊 给分不咋地我估计
174496,645,金明,2023-06-13 07:08:46,1,1,0,傻狗一样，记忆力为0，没脑子
175022,645,金明,2023-06-21 06:23:19,3,3,0,本来上课就不无聊，妈的平时分还给的低，其他老师平时分基本给满的
176251,645,金明,2023-06-28 07:12:19,18,18,0,Shall we take five?
176309,645,金明,2023-06-28 10:39:44,7,10,3,老tj当自己是皇帝天天不上朝，给分纯nt，浙大24年软科还想上榜赶快清理lj
176336,645,金明,2023-06-28 12:24:24,2,3,1,教的烂，给分烂，努力没屌用，投机取巧才有分，小组作业隐身才有分
176664,645,金明,2023-06-29 15:40:02,-1,0,1,6666
176665,645,金明,2023-06-29 15:39:05,-1,0,1,6666
176666,645,金明,2023-06-29 15:39:06,0,0,0,6666
176838,645,金明,2023-06-30 10:39:32,-6,3,9,毫无品行，毫无格局，依托答辩，这种人配当老师？
183295,645,金明,2023-11-23 13:05:10,-1,1,2,好好好
183929,645,金明,2023-12-04 03:40:14,3,4,1,金明老师快下课吧（哭）
184209,645,金明,2023-12-13 05:05:24,2,3,1,大英三，每次拖堂5-10分钟，个人认为不是准备的东西多而是自己讲课的水平不行（讲课不流畅），做pre的时候会因为发音错误打断你讲话，有一次超时了一会直接被赶下去。不太会顾及你的面子。而且偏心，特别喜欢口语标准的同学。（不知道是不是因为老师自己口语不行）或许有的课u觉得他的课不错，我觉得以你们的能力在别的老师课上会更舒服。
184627,645,金明,2023-12-22 03:58:34,12,12,0,大英三，9分，金老师确实是一个让我很矛盾的老师，老师对学生很温柔，没做预习也不会为难你，请假也不会扣分，会很有礼貌的祝你康复呜呜呜呜，而且老师自掏腰包打印听力材料和单词表，身边别的班的同学普遍很羡慕，给分还不知道，但是有资料至少利于复习，不过老师确实几乎每节课都拖堂5分钟左右，而且听写有一点点频繁，总体来说虽然金老师每周都让我在楼间狂奔，但真的很喜欢金老师呜呜呜呜
184719,645,金明,2023-12-22 10:01:34,3,3,0,大英三，金老师人不错的，会给大家打印资料，还会送大家文件夹，就是上课老是拖堂（平均每次都拖7、8分钟
185090,645,金明,2023-12-26 06:41:45,1,1,0,老师能不能不要拖堂了呜呜呜\n\n听写很多，不过无所谓的，自己好好学就行了
185252,645,金明,2023-12-27 09:58:35,5,5,0,他真的很喜欢中医…
185403,645,金明,2023-12-29 01:34:22,1,1,0,好老师，真的好老师
185544,645,金明,2024-01-02 05:07:23,1,1,0,老师其实很好，很负责任，但是上课水平一般。
185573,645,金明,2024-01-02 09:45:10,1,1,0,老师很负责任，可能教学方式不太合适，但是绝对是一个很负责任的好老师
185938,645,金明,2024-01-06 07:46:22,3,4,1,【初级英汉互译】\n\n虽然我本人不喜欢翻译课，很枯燥且事多，但是金老师还算是负责吧。以下是我的客观想法：1.反馈作业问题（学在浙大上传有误、考试题型没讲）一类的回答及时，但是问问题解答老是未读，不知道是不是时机不对。2.这门课事情很多，要有心理准备，课后作业就是文章翻译，还有小组pre、热词竞赛、期中考试背文章，总之都要记忆，而且jm很会拖课。3.老师人很好，最后一节课居然还有颁奖环节，送了小礼品，并且很热情地欢迎我们选修其他他的课，平时资料也都会打印下来发给我们，总体来说还是可以的。
186311,645,金明,2024-01-10 13:09:14,-2,1,3,如果选大英的话，金老师是真的不错的，会给你发文件夹、他自己搞的资料。当然上课嘛，和高中英语课差不多，你玩手机也不会管你。
186376,645,金明,2024-01-10 16:38:48,2,2,0,大英三，老师OK的，拖堂确实严重，但是其他方面没有什么太多的缺点（至少大英三是这样的）会给你提供资料（虽然我一点没看但是给的真的很详细）给分不差，总体来说现在4.9评分还是有点低了，完全不至于
186402,645,金明,2024-01-11 03:19:39,3,6,3,大英三，很负责的老师，自费帮我们打印单词表和听力原文。平时分给的还可以，期末考前公布（可能会卡绩，但大英绩点主要靠自己吧）
186414,645,金明,2024-01-11 03:56:07,1,2,1,本人属于是不喜欢上英语课的类型的hhh，直到复习了才发现老师真的给了好多好多复习资料，悔不当初了www。所以我觉得对我这种（敷衍式）学大英的人来说，给的绩点也在预料之中。但是对于认真学大英的人来说，老师真的是很负责的，而且人也很和蔼。虽然偶尔会拖堂，但是其实上的还可以的。
186417,645,金明,2024-01-11 04:05:16,0,1,1,大英三，老师很好，课堂有两次小组ppt展示，会发课本听力原文和单词，很负责任，经常听写但好像对分数影响不大
188668,645,金明,2024-01-19 13:30:00,1,1,0,整体上来说中规中矩
190367,645,金明,2024-02-28 13:04:47,4,6,2,拖堂确实严重，但有心理准备就ok了，上了第一节课感觉有且只有这一个缺点，这评分真的太低了，完全不至于（我觉得老师不至于到一个班只有十个人左右选的地步，看着下面人这么少但是老师还这么认真地讲，感觉挺心酸的）
193243,645,金明,2024-06-05 04:39:39,4,5,1,天天拖堂，讲课也超级无聊
196074,645,金明,2024-07-01 12:25:22,5,7,2,老师真的上课很认真，但也是真的拖堂，大概每次都会拖个10分钟左右。而且会教授一些应试的成分，会不断提醒大家拿到该拿的平时分。适合希望认真学大英并因此拿高分的同学，不适合想划水的同学。每个单元的听力和文章会各听写一次，所以如果能跟着单词应该是没什么问题。同时，可能是班上没多少同学，小组pre好像只有开头进行了一次。\n\n我是觉得如果跟着学真的能提高自己的绩点，但是有没有精力跟就见仁见智了
197864,645,金明,2024-08-16 20:59:16,2,3,1,授课共欣赏
199353,645,金明,2024-09-21 14:14:06,-1,2,3,💩：(
199411,645,金明,2024-09-30 00:51:01,8,8,0,讲课很认真的老师。但是听写得自己努努力😅\n\n听课容易困困的😅
199736,645,金明,2024-09-28 12:02:58,6,9,3,丝毫不考虑学生感受，咄咄逼人，事情多爱拖课，建议不要选
201617,645,金明,2024-11-05 02:52:42,0,0,0,单从个人体验来说，我觉得还好，拖课至少我上的是2到3分钟，可以看出是尽了在上的，会给各个方面的建议
201856,645,金明,2024-11-07 03:13:05,-2,4,6,歧视lgbt❓
202784,645,金明,2024-11-14 10:45:58,1,4,3,老师人挺好的，会鼓励学生。
204342,645,金明,2024-11-25 10:48:12,0,2,2,啥鼻一个 咄咄逼人
204422,645,金明,2024-11-26 13:50:18,4,10,6,傻卵一个，一点都不体谅因为塞车迟到的同学，一节课上能喷同一个人三次，最后还完全不听同学的解释，真是个超雄+pua大师，而且可见其格局可能比他的jb都小
204423,645,金明,2024-11-25 23:55:07,2,4,2,傻卵一个，一点都不体谅因为塞车迟到的同学，一节课上能喷同一个人三次，最后还完全不听同学的解释，真是个超雄+pua大师\n\n测测它的🐴
204439,645,金明,2024-11-26 02:09:07,2,5,3,“《大学英语》是必修课”\n\n你tm一个在大英课程组里风评都很差的老师，真不知道你在高贵什么\n\n为什么大家都在挤破脑袋选小语种课你自己心里没点B数吗\n\n测马就完事了
204440,645,金明,2024-11-26 02:39:31,5,7,2,本来想给五分，但是被谋黄忠一刀砍了4分，所以给1分
205107,645,金明,2024-12-01 14:31:41,-2,1,3,What can i say?
205598,645,金明,2024-12-10 03:37:44,0,4,4,这就是史
205841,645,金明,2024-12-12 08:18:14,3,4,1,老师很负责，很周到。会提供很多学习资料，上课收获很大，课后也会很细致地分享有趣的英语并耐心答疑。
206412,645,金明,2024-12-15 04:19:39,5,6,1,不至于分这么低吧。没听过其他老师的课，但是也不没有说的这么不堪，平时没作业（有作业也可以不写），事情也不多，也发了很多资料，上课可以水，大英主要靠自己不是吗
206859,645,金明,2024-12-18 04:01:04,6,6,0,可能是其他课不太好，大英整体还可以除了拖堂，还会发很多资料，别的班都没有的复习很好用！！
206907,645,金明,2024-12-18 09:30:55,2,2,0,平平淡淡才是真
206908,645,金明,2024-12-18 09:41:33,2,6,4,总是上的我一股无名火 感觉情商比较低 有点没礼貌
208039,645,金明,2024-12-25 09:42:19,6,6,0,课程比较无聊，平时给分都是五分满的，主要看你小测，听写等等，但是上课确实是困😴（可能是自己的问题，与老师无关）
209625,645,金明,2025-01-06 11:25:11,6,6,0,金老师讲课很认真，给我们打印听力材料，也是一位马拉松爱好者呀😁😁
209626,645,金明,2025-01-06 11:30:08,6,6,0,老师很好，大英主要考自己，给分也正常水平，加油加油加油
209629,645,金明,2025-01-06 11:33:02,3,3,0,[大英三]与其他老师相比，金老师会下发很多纸质资料例如单词表听写册等，但是请注意在金老师这儿，你的听力、口语、阅读等等期末总评看的指标，很难甚至根本不可能在课堂上得到提升
209645,645,金明,2025-01-06 11:57:41,4,4,0,老师人挺好的，挺亲切的一个老师，平时自费发一些打印材料，会用听写代替点名，给分属于比较求实的类型，不知道为啥评分这么低
209659,645,金明,2025-01-06 12:24:34,1,1,0,好好好好好好
209662,645,金明,2025-01-06 12:36:17,1,2,1,很负责任的老师，他发的资料对复习很有帮助，最后也是喜提4.8
209712,645,金明,2025-01-06 23:59:33,5,5,0,很认真负责的老师，不会捞人但我觉得大英基本也没什么能捞的空间。日常生活很关心同学，名言是”@所有人    如果有同学平时觉得脑袋迷糊，昏昏沉沉，这是阳气不足。建议多晒太阳、闻天音、循天时。具体说，多晒后背，倾听鸟语山水之音，规律生活。不熬夜，早睡早起，不玩游戏。”十分有趣
212254,645,金明,2025-01-13 14:33:06,0,0,0,金明老师很有自己的授课风格 不过笔译课本身任务是比较多的 跨专业的可以慎重考虑了 认真学的话会有收获 分数也不会低
214740,645,金明,2025-02-17 07:36:11,0,0,0,老师非常负责任
215313,645,金明,2025-02-25 06:11:05,3,3,0,金老师虽然有时候会有点咄咄逼人（比如我问他考试范围的时候就被阴阳了hhh），但是不可否认是一个很为学生考虑的好老师，会发纸质材料帮助我们复习并告诉我们这是为了保护我们的眼睛不长期盯着屏幕
218656,645,金明,2025-04-28 10:39:26,0,0,0,大英三，我的绩点比我室友的都高。金老师很认真负责，他会自掏腰包给大家印材料，考前会给大家划重点。听写听力原文，逼迫我这种不喜欢听听力的人学习，按老师的步子走绩点不会太低。老师真的很好，也很关心学生的身体心理健康。大英四因为时间冲突换了个老师现在好想念老金。
220057,645,金明,2025-06-14 10:19:04,1,1,0,趁现在还没出成绩心态比较平和评论下，我是那种英语不太好的学生，有时口语发言不好或者发作业时笨笨的也会被老师教训啦，所以我觉得我的评价是比较理性中立的。客观来讲，金老师是一个很负责任的老师。（在我心中是一个爱之深责之切的小老头）他会发很多资料，一遍又一遍在群里提醒大家考试相关的事宜，我自己比较水也没看多少，所以如果给分低也是我的问题。这学期请过一次假，老师好像没有很大的不满。如果有同学比较玻璃心或者想水水还是不要选小金明的课了哈哈哈哈，但是如果你认真听认真做一定会有所收获。
220085,645,金明,2025-06-14 22:37:48,0,0,0,金明老师真的很负责，我在开学之初一直责怪他拖堂呀，布置事情太多呀。但是事实证明，这确实是对的，大英是一个很难有平时分很难捞的科目，不同老师很难让你在同等水平下有不同的分数，但是如果你选择了金明老师你的水平将毫无疑问的获得提升，我的大英三只有3.9，但是大英四有4.5，所以希望大家不要看到评分那么低就不选择金明老师吧（其实我也是被调剂过去的，而且班里只有17个人，但是一共有五个4.5的）
220112,645,金明,2025-06-15 04:55:50,0,0,0,虽然大英4班里人少，但金老师真的很认真负责，只要坚持读下去英语水平一定会有进步
10847,696,阿莉塔,2015-11-23 07:11:02,-31,12,43,讲的很好～
30624,696,阿莉塔,2016-07-02 05:40:11,-53,10,63,zju最好的老师
33616,696,阿莉塔,2017-06-04 14:00:50,32,46,14,没有师德的老师 呵呵
36329,696,阿莉塔,2017-06-04 14:00:40,28,40,12,真的很讨厌！
51241,696,阿莉塔,2017-09-16 07:11:42,3,26,23,通识课居然要叫人回答问题的…自信满满sl一样的老师…
51395,696,阿莉塔,2017-06-04 14:00:21,-28,11,39,老师很负责 人也很好?
58241,696,阿莉塔,2017-08-27 07:15:28,-35,7,42,老师讲的很好，有留洋经历也会讲一些小故事。人很nice～
64767,696,阿莉塔,2017-12-27 05:31:28,-32,8,40,老师比较注重人性教育，觉得很好，教课同时也告诉一些课外知识，很负责的老师
65614,696,阿莉塔,2018-01-07 09:04:48,-34,6,40,这个老师讲课能听进去 很有趣
79576,696,阿莉塔,2018-06-10 13:11:26,43,51,8,师德…
80135,696,阿莉塔,2018-10-21 13:00:43,36,48,12,这上面是请的水军？非匿名实话都不敢讲？这老师没有真学识，只靠一手自己的研究别人没做过，不学无术，争名夺利，只会整人，奴役学生，表面素食。这人能续签日语所这么多年，真的是可见zju日语所不行了，好老师都走了，要不就不行了，只能轮到这个人来当所长。
80822,696,阿莉塔,2018-07-01 12:21:42,40,44,4,你觉得是啥就是啥咯，只会骂的学生有个什么用呢( *・ω・)✄╰ひ╯
81663,696,阿莉塔,2018-07-05 21:35:45,35,40,5,楼上的，她把副教授像学生一样训哦。一言堂，惹不起，惹不起。
87749,696,阿莉塔,2018-10-11 10:40:29,30,33,3,这老师真的很无趣!拒绝洗地。\n\n迫不得已要上她的课，如果可选不要选她。
90916,696,阿莉塔,2018-11-27 11:36:15,31,33,2,老师没有什么师德。建议大家别上她的课，课外能离她多远就多远，惹不起就躲吧
112931,696,阿莉塔,2019-07-05 12:50:00,-18,11,29,我觉得阿老师人很好啊，还鼓励我加油，不知道为什么那么多人有偏见。
116547,696,阿莉塔,2019-09-11 11:50:53,6,10,4,战斗天使，，，
117202,696,阿莉塔,2019-09-20 08:28:48,7,11,4,想知道老师为什么叫这个名字
117919,696,阿莉塔,2019-10-10 07:29:34,9,9,0,xenophobic
133738,696,阿莉塔,2021-03-04 10:21:14,15,16,1,没师德，大家躲远点
133761,696,阿莉塔,2021-03-05 07:14:21,16,18,2,无师德，自相矛盾。有点可惜，一人只能骂一次。
133778,696,阿莉塔,2021-03-05 03:53:41,16,17,1,太狂妄了
141257,696,阿莉塔,2021-09-27 14:18:21,16,17,1,对学生没有任何关心，学术水平低，对待下级老师非常狂妄颐指气使，只想着升值和拉关系。
143492,696,阿莉塔,2021-11-25 17:06:10,13,15,2,师德有亏
147323,696,阿莉塔,2022-01-09 14:14:17,0,2,2,日语所很好，可以有你阿老师呢～
150107,696,阿莉塔,2022-01-19 05:27:19,6,8,2,给分迷，也没讲清楚分数组成什么的，朗读啊演讲啊到底算不算分数也没，合着就是看脸给分呗？平时笑嘻嘻，给分......
158498,696,阿莉塔,2022-06-30 00:17:55,7,18,11,我是在上个学期上的阿莉塔老师的日语泛读Ⅱ。我是把这门课作为跨专业的个性课程选的，并不是日语系的学生。\n\n选课之前也看到了查老师上之前的很多评价，也担心过会不会是个坑，想着先上一节再说，不行就退掉。\n\n随着课程的进行，我发现阿莉塔老师是个很有趣的人。讲课的时候充满热情，课堂的气氛也不错。课后也几乎没什么任务，对外专业的同学也很友好。最后给分也很好。\n\n总结一下，不管你是不是日语系的学生，如果你真的喜欢日语，并想要把它学好，在浙大日语系有限的师资条件中，阿莉塔老师着实是一个不错的选择。
166543,696,阿莉塔,2023-01-12 16:54:08,7,10,3,笨人水平N1，但是非日语专业\n\n选的日语会话1\n\n每堂课抽我背书，最后考核两三句日常问候对话就结束了\n\n\n\n最后83分，没讲成绩构成\n\n只能说，dddd，选课的自己掂量掂量吧\n\n尤其是外专业的同学们
175362,696,阿莉塔,2023-06-24 08:10:03,3,8,5,极其缺乏师德，尽量远离，否则后患无穷，选日语作为专业请谨慎。
187885,696,阿莉塔,2024-01-17 16:40:02,0,1,1,懂的都懂，无需多言
188692,696,阿莉塔,2024-01-19 14:48:51,-3,2,5,上课有点死板，每节课要点名，钉钉消息也不回，但是给分公正，日语4满啦~
189334,696,阿莉塔,2024-01-23 09:14:46,3,6,3,就个人上课体验以及得分来说，老师的会话课生动活泼，总体感觉不错
192684,696,阿莉塔,2024-05-28 05:34:11,3,5,2,外专业上的日语课，体验非常好，老师口语很地道，人也很好\n\n之前也看了查老师非常担心，还想着退课来着，但实际上了之后发现很有意思欸\n\n不清楚之前是不是发生了啥事，如果可以的话还请各位学长姐详细说说
193140,696,阿莉塔,2024-06-04 03:38:20,3,5,2,本人日专生。上过四五门阿老师的课了，我对她的印象有了一些转变，这里谈谈我的想法吧。\n\n最初我其实非常不喜欢这个老师。上课像高中班主任，笑面虎，表面很温柔但是时不时突然给你严格一下，而且是非常严格，让人捉摸不透。上课的考核要求等等也讲不清楚，时常变化，导致给分很迷。而且多少可以感觉到一点区别对待的意味（尽管她一直尽可能表现得很温柔。。）\n\n后来上课多了，接触多了，感觉她如此让人捉摸不透的主要原因是性格问题。她的言行取决于她的心情。有时感觉很温柔共情能力也强，有时感觉非常不近人情，一副因为资历老就可以由着自己来，这种老教师刻板印象的感觉。。。\n\n后来感觉她因为临近退休了，也可能从别人那里多少也听到一些关于自己的评价吧，她变得没那么忽阴忽晴了，就是偶尔还是可以感觉到一些老派的作风。毕竟年纪大了也做了这么多年日专一把手，只能说可以理解但是我个人不喜欢吧。\n\n不过反正她今年也要退休了，还是希望老师退休生活可以好好过。要和猫猫们友好相处啊hhh
193547,696,阿莉塔,2024-06-13 01:16:48,2,3,1,每周最期待老师的日语课啦 老师娓娓道来 这学期能上阿老师的课是我最大的幸运！！！
195760,696,阿莉塔,2024-06-30 01:50:39,2,5,3,老师很和蔼可亲，给分也很好。
197771,696,阿莉塔,2024-08-12 08:47:35,2,4,2,去年第一次上老师的课，感觉阿老师讲课挺好的，日语很标准，人也很和蔼
202931,696,阿莉塔,2024-11-15 08:30:59,-5,0,5,人品…..
206005,696,阿莉塔,2024-12-13 02:57:45,4,4,0,舍不得阿莉塔老师呜呜呜从老师身上学到了很多，每次听课都很治愈
209913,696,阿莉塔,2025-01-07 11:42:11,3,3,0,舍不得......
213074,696,阿莉塔,2025-01-16 02:43:37,4,4,0,这学期上的日语三，老师其实挺好的，考试的时候才知道老师下学期就退休了，祝老师荣休快乐吧🎉
213585,696,阿莉塔,2025-01-18 11:31:52,3,3,0,这学期上的阿莉塔老师的日语三，选课之前看到之前的学长学姐在查老师上有一些负面评价，我当时还有一些担心，不过上了课之后感觉老师人很和蔼，讲课也很好，口语相当流利（就是以我自己的日语水平还听不太懂hhhhhh），同学们下课问问题总是会耐心解答。听说老师教完这学期就退休了，总之祝老师退休快乐🎉🎉！
213861,696,阿莉塔,2025-01-20 14:07:54,4,4,0,老师很慈祥。因为老师退休了，可能给同学们选课的建议已经没什么用了。虽然查老师上有很多负面的评价，但是我今年上课的体验是非常喜欢这位老师
1209,698,袁靖,2015-03-21 16:40:06,14,35,21,美女老师，不听写，人很好，上课不压抑，大家发言会比较放松
2392,698,袁靖,2015-04-28 10:26:02,27,55,28,老师人超棒的 口音好听 人也很漂亮简直女神 也不会听写～
3087,698,袁靖,2015-05-14 01:48:02,-26,21,47,很一般，语音不好，没有扩展，东西全书上的，无聊，讨论非常low…作文多写扣分，要求高中作文风格，给的分数常很低。一句话，如果你对英语水平有信心，千万别选她的
4221,698,袁靖,2015-06-18 06:54:52,0,5,5,楼上真相
5353,698,袁靖,2015-07-07 02:48:07,0,6,6,很棒的老师～认真负责～
5581,698,袁靖,2015-07-08 12:26:12,1,9,8,棒
8174,698,袁靖,2015-09-17 08:58:11,0,4,4,女神啊
11528,698,袁靖,2016-06-26 07:56:14,5,13,8,我觉得挺好的呀～漂亮的老师～口音的话不算太纯也没事
11952,698,袁靖,2015-12-21 11:28:18,1,6,5,挺好的呀活动蛮多的蛮好玩的
12501,698,袁靖,2015-12-23 11:42:36,0,3,3,女神，人很好
12842,698,袁靖,2015-12-24 06:22:49,5,10,5,很好的老师 温柔 很善解人意的 英语课很多角色扮演和小组讨论 上课一点不压抑
13850,698,袁靖,2016-01-01 10:10:11,1,6,5,美女老师！人超好！
14676,698,袁靖,2016-01-08 08:25:42,1,4,3,很温和
15164,698,袁靖,2016-01-12 09:32:49,1,2,1,
15334,698,袁靖,2016-01-14 02:39:38,1,4,3,很棒的
15771,698,袁靖,2016-01-16 08:46:44,1,3,2,女神老师 超超超喜欢
15790,698,袁靖,2016-01-16 09:22:00,1,4,3,口语好  人也好\n\n
16021,698,袁靖,2016-01-17 04:45:05,-4,3,7,老师人超好，绩点比想象的高
16879,698,袁靖,2016-01-19 06:55:03,-2,1,3,人很好，就是不太管
18167,698,袁靖,2016-01-21 08:29:12,1,4,3,美丽的老师 很棒很棒的老师 女神
20080,698,袁靖,2016-01-26 05:01:02,2,6,4,人很好，不听写不抽背，懒人慎选。英语口音不予置评，听说浙大的都这样。。。
20928,698,袁靖,2016-02-04 08:30:25,0,3,3,真心女神
21521,698,袁靖,2016-02-29 05:59:59,1,3,2,女神啊，特别好看
21939,698,袁靖,2016-03-02 01:02:48,5,8,3,赤鸡呀
22150,698,袁靖,2016-03-02 15:04:17,0,2,2,女神老师 很温柔也很漂亮
22395,698,袁靖,2016-03-04 06:22:13,-1,3,4,人很好啊，作业不多，英语好，很喜欢～
22967,698,袁靖,2016-03-15 08:23:04,4,17,13,体验真的不是很好\n\n老师人很温柔 总是笑着\n\n但是课非常沉闷 一个大英老师 说英语还是磕磕巴巴的 而且平时动不动就讨论 没有个人发言的机会 感觉没有什么收获 上课真的非常非常无聊 无趣
27559,698,袁靖,2016-06-27 03:31:59,-3,2,5,女神老师，大赞，人很温柔
27617,698,袁靖,2016-06-27 05:15:38,9,18,9,给分坑，背诵跟她背一般是四分，作文分数也低，本来感觉还挺好的结果期末大坑。
27638,698,袁靖,2016-06-27 06:05:12,37,63,26,给分不好
27759,698,袁靖,2016-06-27 11:54:14,0,3,3,老师特别温柔，课上哪怕不会也不觉得压抑，给分还不错啦毕竟是大英，还有老师真真的很漂亮！
27770,698,袁靖,2016-07-06 01:58:17,1,3,2,给分呵呵
28735,698,袁靖,2016-06-28 13:28:54,9,23,14,点名 演讲什么的都好好准备了  给的分真的是  呵呵呵呵呵  不说话   你看看那个平均绩点    就知道这个给分   又一门浪费努力的课
30778,698,袁靖,2016-07-02 12:55:17,0,2,2,老师确实是好人，而且年轻时应该很漂亮，恩。。。
31677,698,袁靖,2016-07-04 12:48:56,0,2,2,期末出分我的心情是呵呵呵
33784,698,袁靖,2016-09-21 14:43:51,0,1,1,女神，很棒！非常好！
35988,698,袁靖,2016-11-10 09:36:06,1,2,1,老师英语发音有问题，一直想提醒她。。。还有作业挺多的！
38532,698,袁靖,2016-12-08 03:06:58,2,4,2,不太适应上课方式…不怪老师…是我太渣…
40320,698,袁靖,2017-01-02 14:37:35,5,8,3,老师的课很不错。讨论很多，很多人说缺少个人发言的机会，其实是你们没有把握机会。老师总是给我们时间思考，并问有谁愿意分享想法，但总是冷场。学英语靠主动，就算老师没有叫你发言，你完全可以举手，老师很希望有人和大家一起分享的。
40886,698,袁靖,2017-01-06 05:22:25,-1,1,2,可爱。
42138,698,袁靖,2017-01-13 15:52:22,2,8,6,总觉得这个老师笑里藏刀…
42150,698,袁靖,2017-01-13 16:14:01,-2,1,3,棒。充实。
42184,698,袁靖,2017-01-14 00:31:06,1,3,2,看得出来老师是在尽力把大英这种无聊到爆又不得不上的课上好，然而对英语无爱，还是困的想睡觉。期末给分还可以。
42190,698,袁靖,2017-01-14 00:58:23,3,4,1,英语不要说老师怎么样，其实都是靠自觉
42193,698,袁靖,2017-01-14 01:04:40,1,2,1,老师还蛮好的，不过如果一开始做得不好，就很容易陷入一种小歧视中
42358,698,袁靖,2018-01-03 10:52:54,22,49,27,大一上修的大英4，高考英语145，最后绩点3.0，:-(，不过出分挺快的\n\n
42413,698,袁靖,2017-01-14 07:07:40,1,5,4,跪谢老师不挂之恩！！！水英四是我的错，英美概况一定不水了（看我真诚的眼神）！！！
43247,698,袁靖,2017-01-16 04:39:23,-4,0,4,老师人挺好的，最后成绩的好坏也是自己考出来的，和老师没什么关系。只是个人觉得大英这种课真的学不到什么干货.....
44230,698,袁靖,2017-01-17 12:17:34,-7,3,10,老师很好，很喜欢。成绩和自己努力有关，注重过程，踏实的学好成绩肯定不差。4.2绩点。很满意
45244,698,袁靖,2017-01-19 08:04:52,0,1,1,哦哦哦
45774,698,袁靖,2017-01-20 05:11:18,8,15,7,这是我绩点最低的一门啦，我自问真的很认真地上课，也积极地回答老师的问题，唉
51574,698,袁靖,2017-06-07 08:47:38,1,1,0,挺好的，讲课很柔和，要求也不会太严
53404,698,袁靖,2017-06-26 14:02:40,10,14,4,基础差的建议不要选，完全靠自学。你知道大学里自学多痛苦吗？
53428,698,袁靖,2017-06-26 14:56:25,1,2,1,作业不多，偶尔一次上课测验，也不用准备什么
53495,698,袁靖,2017-06-27 00:53:12,0,1,1,老师很温柔给分只要你上课认真积极发言就好啊\n\n毕竟大英这种的还是考试考得好才行
53596,698,袁靖,2017-06-27 06:17:33,1,2,1,老师蛮好的
53719,698,袁靖,2017-06-27 11:00:33,1,1,0,上课总体比较轻松
54109,698,袁靖,2017-07-02 03:49:32,4,4,0,不明觉厉
54162,698,袁靖,2017-06-28 14:52:31,7,13,6,英美概况，尤其是这位老师的英美概况，请一定不要选。上课讲的和考试考的没什么关系，一学期小测四次，一次半本书（共两本厚书），还有一次展示，展示10个小组最高86分。考试开卷，刷夜复习，题量贼大，最后还是翻不到，然而并不怎么调分，最后创下了历史最低绩点，就这样。
54205,698,袁靖,2017-06-28 16:25:24,-3,1,4,很棒学了很多
54219,698,袁靖,2017-06-28 17:22:11,7,12,5,原来不止我一个创下历史最低绩点了………什么乱七八糟的
54280,698,袁靖,2017-06-29 03:04:46,5,8,3,如果你想学英美概况，这种东西，多看看课外书和杂志的效果都比上这门课学到的多，反正就是如果你想学英美概况，完全没必要选这位老师的课，浪费时间，而且学不到什么实质性的东西，无聊，无价值，绩点的话，别想了。
55890,698,袁靖,2017-07-02 14:43:26,0,0,0,也许老师本意是让每个人都有发言的机会，但是真的点名实在是太心累了。至于讨论不积极，这倒是我们自己的锅，不能怪老师。最后的绩点实在惨淡，可能是我没付出百分百的努力吧 。。
64121,698,袁靖,2017-12-21 04:23:52,1,2,1,
64274,698,袁靖,2017-12-22 07:30:14,0,1,1,超级棒 没有听写 上课很有趣 注重小组讨论 我很喜欢回答她的问题
65862,698,袁靖,2018-01-09 15:22:46,1,1,0,老师人美心也美，心情不好不乐意背课文，老师来找了我三次，惭愧。
66015,698,袁靖,2018-01-21 01:11:49,8,9,1,老师很温柔，给分也很客观，虽然不是太高。
66721,698,袁靖,2018-01-18 14:06:45,2,3,1,挺好的老师，温柔可亲。自己基础不好，大英三凉凉。希望明年大英四能好好学了——当然还是选到了老师的课。
67111,698,袁靖,2018-01-20 09:37:04,0,1,1,给分不好，上课无聊，人还可以
67115,698,袁靖,2018-01-20 09:41:25,0,0,0,只有我觉得老师的给分还挺好的嘛噗╮(￣▽￣)╭不过我修的是大英三会简单些
67120,698,袁靖,2018-01-20 09:48:40,6,9,3,给发极低
67129,698,袁靖,2018-01-20 10:07:15,0,0,0,好老师啊
67131,698,袁靖,2018-01-20 10:08:37,7,11,4,绩杀...
67141,698,袁靖,2018-01-23 06:06:53,4,7,3,看到自己的绩点还是挺难过的，虽然我英语不好，但大英也有好好上，作文分还不错，小测也不算很差，最后绩点只有2点几，可能自己没考好吧，总之挺失望的，感觉没学到什么。。
67173,698,袁靖,2018-01-20 11:36:43,11,12,1,听写了两三次，听之前稍微背一背就行，没什么压力。课上会提问，让大家讨论，还在班上举行了英语辩论赛，上课氛围还不错。课堂内容的话就是正正经经地上书本内容，偶尔有些别的内容。作业不多。绩点应该还是按照小测作文考试来给的，没什么好质疑的吧…最后绩点虽然离自己预期有那么一点差距，不过也能满意。总之是一位挺好的老师，非常温柔和蔼，笔芯女神～
67189,698,袁靖,2018-01-20 12:20:37,1,2,1,很温柔的老师，事情也少，本来想给10分的，但是绩点出来…嘤嘤嘤还是9分吧。
67313,698,袁靖,2018-01-20 16:41:46,1,3,2,老师人很好 温柔 上课有趣 事情相对少而且上课无压力 最后的绩点不高 但是是因为我本身英语就不好 都是自己考出来的成绩...所以大英三3.6满足了 很感谢老师 大英四继续选她的课嘻嘻～
67495,698,袁靖,2018-01-21 10:49:09,2,2,0,上课蛮水的，老师事儿也不多。有两次听写，不过很简单。但是个人认为老师平时给分真的不怎么样。
67496,698,袁靖,2018-01-21 10:50:43,4,4,0,大英还是要靠自己记单词啊，有点最后期末遗憾没考好，但是还是很感谢袁老师，很温柔很漂亮的。
67802,698,袁靖,2018-01-22 07:36:55,2,2,0,神一般的体验。。。\n\n
67986,698,袁靖,2018-01-22 12:18:03,1,1,0,平时还是很好的，考试前也会再来给我们说。就是给分低，苦恼?
69311,698,袁靖,2018-01-24 12:33:23,0,0,0,老师挺好的，女神
69347,698,袁靖,2018-01-24 13:46:53,1,1,0,绩点比微积分线代还低的大英三，我开始怀疑人生了。
71981,698,袁靖,2018-01-29 07:21:58,0,0,0,给分低无收获
73712,698,袁靖,2018-02-03 00:58:02,0,0,0,出分很快，不过不给调平时分，因为自己都不知道绩点坎
74476,698,袁靖,2018-02-27 11:56:34,0,0,0,老师人很漂亮，教学算是没什么特点，无可厚非也无可厚赞，关键在期末，靠自己！！
81188,698,袁靖,2018-07-04 09:52:14,0,0,0,真的很好的老师，很温柔也很细心。成绩还没出，希望能过，我英语真的差。。。只求能过(｡･ω･｡)ﾉ♡
81412,698,袁靖,2018-07-05 04:17:10,1,1,0,老师性格很好 上课听着也很舒服 唯一的问题就是qaq给分好低的 如果不在意gpa的话 其实听老师的课还是蛮好的....
81432,698,袁靖,2018-07-05 05:24:21,0,1,1,暨杀不解释
81632,698,袁靖,2018-07-05 15:19:38,0,0,0,很温柔的老师啊，而且给分真的我觉得很好了。强推恩
82682,698,袁靖,2018-07-09 03:04:11,0,0,0,老师讲的课干货很多，很有收获，写作这种东西还是需要课后下功夫的
82707,698,袁靖,2018-07-09 03:51:50,0,0,0,同最低绩点，但是可能跟自己有作业没交有关系吧，也不能一味怪老师。老师人很漂亮很随和，想学东西的还是可以上上的。
85393,698,袁靖,2018-07-17 11:22:54,1,1,0,老师英语口语很好，讲课很有激情，没几节课就把全班同学的名字记住了，给分还不错的
88158,698,袁靖,2019-01-18 15:23:35,4,4,0,出分来评 qq群里可以匿名聊天 老师也有时候会回复匿名的问题 上课很轻松 气氛很好 最后给分很感动 4.5感谢老师 也没有卡绩
92087,698,袁靖,2018-12-26 07:44:55,0,0,0,老师超级温柔\n\n人超级好\n\n啊啊啊啊啊啊\n\n爱了
95037,698,袁靖,2019-01-18 15:27:02,14,16,2,老师人美 很温柔 上课也比较轻松 讨论比较多 学生说不出来总是会打圆场 老师很棒呀 爱您哟❤️
95038,698,袁靖,2019-01-18 15:27:08,8,8,0,感动，我英语菜鸡，期末考凉了，感到了浓浓师生情。∠(｀ω´*)敬礼
95052,698,袁靖,2019-01-18 15:41:27,7,9,2,人很温柔    很淑女
95319,698,袁靖,2019-01-19 08:04:09,6,7,1,表白袁靖 老师老师太美了，真的女神，行走的画报，又美又温柔，绩杀？不存在啊！
95403,698,袁靖,2019-01-19 10:37:08,4,5,1,人美，女神，给分好很多了
95515,698,袁靖,2019-01-19 13:46:55,-8,2,10,大英三，虽然翘了dictation2，quiz2还没复习，最后得到了3.9的报应……但是真的很喜欢老师。老师讲课很温柔，提问题也很耐心，大家对分数有疑问她也很愿意去解释，总之是个很好的老师～还有大家一定要好好背单词呀hhhh
95587,698,袁靖,2019-01-19 15:51:51,0,1,1,老师太好了！！人超温柔！！谢谢老师给我的满绩呜呜呜呜爱您
95764,698,袁靖,2019-01-20 03:56:14,0,1,1,老师人很好，但给分真实在。别的班平时分都36，37，我们班31，32，真的是是几分就给几分。
95846,698,袁靖,2019-01-20 06:19:33,0,1,1,老师人真的很好，我英语太烂，平时提问我还总是帮我打圆场，但是我基础不好，也没有好好努力学习英语，平时分不高，但最后还是很感谢老师不挂之恩（听说大英三是挂科率最高的一门课）。
96699,698,袁靖,2019-01-21 09:24:07,1,1,0,额。。英美概况给分真的低。。不知道为什么
96888,698,袁靖,2019-01-21 11:53:00,1,1,0,很美还很温柔，上课很愉快，英美概况绩点低还是自己和同学差距太大怨不着老师，妥妥的十分
96964,698,袁靖,2019-01-21 13:28:50,0,0,0,希望能讲点实质性的内容吧……感觉学不到东西 给分也不好
97006,698,袁靖,2019-01-21 14:21:10,0,0,0,（大英3）老师人很好，但课上学不到什么东西。考试基本看早先积累，上课感觉提升不大。个人绩点一般，但同小组同学一致认为给分低。
104336,698,袁靖,2019-03-18 06:11:06,3,3,0,真好玩⊙▽⊙啥也不需要干
104631,698,袁靖,2019-03-25 12:36:40,1,2,1,老师温柔美丽，给分是真的低，不过感觉是真实分数了，谁让我水过去的，这学期依旧袁老师，要加油啦
105216,698,袁靖,2019-04-07 12:10:28,-23,3,26,我是ikun，考前刷蔡徐坤nmsl，看蔡徐坤打篮球，结果我满了\n\n
105325,698,袁靖,2019-04-10 03:10:29,1,1,0,老师很温柔的，课程安排的很人性化
110619,698,袁靖,2019-06-27 16:07:26,1,1,0,老师很温柔，我上英美概况都在水偶尔回答问题（我好过分我是垃圾dbq）最后分也很好呜呜呜老师上课的补充资料也是认真准备的我觉得英美概况海星？嘤嘤嘤老师真好我爱袁老师o(^o^)o
114197,698,袁靖,2019-07-09 04:03:37,0,0,0,老师很好啊！上课也挺轻松的，就是大英四写了好几篇作文，不过大英四应该都是这样吧? ，老师能给我这样的绩点真是太感谢老师了? ！
117901,698,袁靖,2019-10-08 10:16:18,-3,0,3,pre贼多，不说话的我认了。
120528,698,袁靖,2020-01-12 06:50:58,2,3,1,如果好好把握，其实课上有很多锻炼口语的机会哒～
121190,698,袁靖,2020-01-20 09:13:23,0,2,2,老师很美很温柔。上课没有太多干货，分到的位置比较优越，所以常常在水手机。平时没有很多事情。课本基本上是期末考前才看的，凭高中底子最后压线4.5了。感谢老师！！
122002,698,袁靖,2020-01-29 15:32:32,2,2,0,真的很温柔的一位老师！绩点不高 但老师还是鼓励了我！感谢遇到袁姐姐！
122565,698,袁靖,2020-03-04 06:01:52,3,3,0,虽然大英看你高中时的英语基础，但是袁姐姐一视同仁地鼓励同学们发言并温柔地指导令我感动
122726,698,袁靖,2020-03-26 10:03:48,-12,3,15,给分不是很好，课前需要演讲，还有PPT展示，任务挺多，最后的绩点只拿了2.7，虽然自己不是很认真，但对老师印象也不是很好
129906,698,袁靖,2021-01-13 11:08:28,0,0,0,老师事情挺少的，很温柔，最后一节课让我们核对平时分，她所能决定的那五分保底四分，那些说绩点爆炸的纯属nt，学弟学妹不要信，百分之九十五都看你自己愿不愿意学
130540,698,袁靖,2021-01-23 14:06:58,2,3,1,袁老师很温柔啊 上课也很有意思 课前会放摩登家庭 每个人有一次上台展示 课上发言比较自主～没人的话老师会叫名字 平常小测助教给的很宽！老师的课也很有意思有很多有意思的小活动 辩论唱歌什么的 最后拿了4.8真的是出乎意料了 因为自己还有一次听力忘记了老师提醒补做也没看到 这么高真的很意外了！！ 谢谢老师～～
130553,698,袁靖,2021-01-23 15:07:44,0,2,2,给分不行
130562,698,袁靖,2021-01-23 15:54:54,6,7,1,老师真的好温柔好温柔好温柔！！！平时分老师能决定的也只有五分啊，都说了基本会给4分的，为什么说给分不好啊……
130569,698,袁靖,2021-01-23 16:28:38,2,2,0,老师挺好的，自己水平不行(▼皿▼#)
130570,698,袁靖,2021-01-23 16:42:10,-10,3,13,袁老师真的是好老师 虽然绩点拿了4.2不高 但是我会一直记得这位温柔和蔼又漂亮的女老师的～
130642,698,袁靖,2021-01-24 05:17:00,4,4,0,说绩杀的应该是自己的问题，毕竟老师可控的分数并不多。事情应该算偏多的，但并不是全都有意义。课上会常常锻炼学生听说能力，这点算是比较好的，期末听力比较难的情况下，袁老师教的班会占优势。至于大英真的要学什么，可能主要还是靠自己。
130841,698,袁靖,2021-01-25 02:40:44,-6,0,6,上课还算可以，小组展示比较多，每人要有一次上台展示，虽然我成绩不太好，但是给分低是真的，室友比我低8分几点反而比我高0.6就挺离谱的
131518,698,袁靖,2021-01-28 01:16:35,1,2,1,上了老师的大英3，老师人很好温柔美丽，给分相当客观，课上互动也丰富（小组展示略多）
137303,698,袁靖,2021-07-03 04:12:36,1,1,0,挺好的，老师很温柔
137320,698,袁靖,2021-07-03 07:37:11,0,0,0,超好~
144900,698,袁靖,2021-12-25 17:07:59,0,0,0,老师很漂亮，也超级温柔，有点口音不过没什么关系，会很耐心地鼓励大家多说!
146107,698,袁靖,2022-01-05 13:17:48,1,1,0,一个蛮温柔的老师，不过大英要自学
146167,698,袁靖,2022-01-05 15:17:44,7,7,0,出分了，来给老师个10分。虽然大英的绩点不太高，但是很大一部分是由于自己没有好好背单词造成的，平时的小测太拉跨啦🤦‍🤦‍！但是老师真的是人好好，上课事情也不多，一个学期也就一次课前展示，还有课上的不定时小组讨论和小组展示，积极投入会有很好的收获，但是想水也是能水过去的，下个学期大英四换老师了，希望袁老师能继续美丽善良下去。
146172,698,袁靖,2022-01-05 15:30:58,3,3,0,老师很好，真的很好，不知道评分为什么这么低（可能没有比较过），首评献上，事少，平时作文和听写都是基操，会安排每个人的pre，每人都有机会，不会太卷，课堂氛围很轻松，但真的会打瞌睡，可放心冲，但分数，其实大家都差不多。
147142,698,袁靖,2022-01-09 01:13:54,0,1,1,袁老师是真的很温柔的老师😍
147278,698,袁靖,2022-01-09 11:10:18,2,2,0,老师不错，给分不行
147370,698,袁靖,2022-01-10 00:48:50,1,1,0,老师非常的优雅，上课时很和蔼，给分也不错。但感觉英美概况课程内容的设置还是有些滞后。
147582,698,袁靖,2022-01-10 08:54:49,0,0,0,英美概况 事少给分好
148776,698,袁靖,2022-01-13 13:04:25,1,1,0,（大英）老师人很温柔，但想拿高分还是要慎选，给分跟其他班会有点差距。
155205,698,袁靖,2022-06-09 09:51:33,0,0,0,大英四评价：老师人很好很温柔，但给分比较求是，作文是15分制，拿13就只有86了，尤其是我上学期大英三的作文分数是97和99啊，哎，泪奔了
155605,698,袁靖,2022-06-14 16:10:12,3,3,0,很温柔的老师，给分也很好
155704,698,袁靖,2022-06-15 08:55:46,0,0,0,很漂亮的老师，给分也很好\n\n感谢袁麻麻捞我
158395,698,袁靖,2022-06-29 03:36:41,-3,3,6,老师上课挺好哒，人也很温柔，但是其实我上课也没太听（对不起老师）。大英很简单的只要背单词就可以了，课不一定要听，单词一定要背，小测一次55一次57，最后4.8
168718,698,袁靖,2023-02-21 10:59:44,2,3,1,上课感受比较好，但是给分真的让人感觉努力白费
168768,698,袁靖,2023-02-22 04:21:33,0,0,0,老师真的很温柔，给分也确实是按平时自己的表现来的，确实是我自己很水。老师真的很认真，讲得也很好，任务个人觉得还好，有两次作文和一次pre，是我自己确实不努力导致绩点不高，害。
168882,698,袁靖,2023-02-23 08:34:09,0,2,2,讲课水平一般，给分离奇不好
169652,698,袁靖,2023-02-27 09:21:03,1,1,0,老师很好，但是分低，应该是我的问题
169830,698,袁靖,2023-02-28 05:37:03,0,0,0,老师很温柔很有耐心，pre也很轻松，感觉大英给分主要靠考试和背单词吧
175155,698,袁靖,2023-06-22 03:34:01,4,4,0,刚刚出分真的太感动了，十分感谢一下老师！\n\n老师真的特别温柔特别有气质，会用心记住每一个同学、每个人的水平，特别温柔的给指导。\n\n平时事情相对之前修过的老师确实会多一点点，比如课前pre、课前演讲什么的，但是均下来也绝对不会太多太麻烦！\n\n关于大英这门课，期末考试占比尤其大，平时分主要靠背单词，总评要想拿到 绝对优势听力一定要关注！！\n\n这次在听力上还是吃了很大的亏吧。\n\n祝大家一切都好！
180792,698,袁靖,2023-09-26 08:52:33,0,0,0,口音有瑕疵，讲课中规中矩没什么亮点，态度确实很温柔
184755,698,袁靖,2023-12-22 12:54:27,0,0,0,“温文尔雅，腹有实学。”\n\n非常喜欢老师（觉着老师有些地方像周韵），很有魅力。\n\n老师总能让人挺开心的说！\n\n选下学期的课希望还能选到老师的课。
184775,698,袁靖,2023-12-22 15:04:21,1,1,0,课堂中规中矩，老师努力调动氛围不过回应寥寥，事情不多（大英3一次小组pre+一次小组辩论，2-3次个人组内1分钟pre（可水）），课堂可能点少量人起来回答，老师很温柔，总体感觉蛮轻松的
185296,698,袁靖,2023-12-27 15:26:03,0,0,0,老师很负责
185325,698,袁靖,2023-12-28 02:20:34,2,2,0,大一上预置的袁老师的课，真的感觉特别特别好，以前评论的人说分低的不知道是什么心理，至少我觉得老师上课是一点毛病都没有，课堂气氛很轻松活跃，上课回答问题回答不上来会给你打圆场，而且会很耐心的听同学们的发言，人美声甜，我感觉预置到她的课很幸运，下次还会继续选
186415,698,袁靖,2024-01-15 15:23:50,0,2,2,出分来评，平时小测54左右班级前几，口语8，期末90，喜提4.5，给分一般吧
186433,698,袁靖,2024-01-11 05:09:49,0,0,0,大英刚出分…由于考高没考听力，期末在听力上吃亏也挺难过的，最后绩点也不好看\n\n老师挺好的。完全是我自己的问题
186434,698,袁靖,2024-01-11 05:11:41,4,4,0,大英三主要是靠考试。老师的平时分只有5′，其他都得靠自己考（）\n\n所以我挺推荐袁靖老师。人很温柔也很负责，平时的口语也很好理解ww作业不算多，大概课本课后题一两页或者只有思考题（即可划水），小组pre一次，辩论一次，每个单元都会有一次听写（不难）。\n\n欢迎大家选袁靖老师🥺！
186478,698,袁靖,2024-01-11 09:11:58,0,0,0,老师很温柔，上课水水的压力不大，但是给分比较凄惨www当然我英语水平本来就一般，平时小测都不到平均分，虽然最后期末蛮努力的做的也蛮好，但是平时分给的比较求是，所以最后还是只有均绩。。。
186613,698,袁靖,2024-01-12 06:13:16,0,0,0,出分了来评价，必须给老师满分～老师在浙大教书有几十年了，不得不说气质真的很好也真的很年轻。她在第二三次课已经记住了全班的名字，有事找她也会很快回复。每次和老师说话她都是笑眯眯的，很温柔。有一次发烧跟老师请假，之后那节课老师还来关心我好了没，真的特别温暖。大英每个小组有一次pre，不麻烦，作业少（偶尔要做书后的练习），上课主动发言会适当加分。一学期没怎么听课，最后喜提4.2。大英的成绩不在于老师，主要还是看自己的能力。
186697,698,袁靖,2024-01-12 14:11:36,4,4,0,这学期上的大英3，老师人很好很温柔，听写单词和小测还有作文都会提前通知的，要求和内容也讲的很清楚。关于成绩给分，说实话大英也没法捞，老师也说过平时分在考前就要录入系统的，期末考是统一改卷的，而且期末占比百分之六十，如果考得不好绩点就是很难上去的，这也没办法。老师能控制的只有5分的平时分，老师也说了只要不无故旷课就有4分，单词默写正确率好一些➕0.5，上课发言较多的➕0.5，我觉得这个给分也很可以了。
186863,698,袁靖,2024-01-13 09:28:17,0,1,1,不必多说，很善良
193602,698,袁靖,2024-06-13 12:56:48,2,3,1,尽管我上课被点回答问题点麻了，但是老师很温柔，是一位好老师，值得10分
209141,698,袁靖,2025-01-04 15:53:13,2,4,2,早八三次没去上，两次事后钉钉上补请假，一次直接在下一次课结束的时候去道歉说自己睡过了，老师只说让我下次不要迟到，还夸我上次小测考得不错；上课基本都是迟几分钟才到；没有主动发言。最后喜提4.5。\n\n感觉成绩是占绝对主导的，两次小测均分53.5，四次作文均分12.25，口语8.5，期末卷分面还不清楚，感觉应该有90+（有点自恋hh）。\n\n上课内容就是课本内容，稍微会补充一点点视频材料。作业很少，也不怎么检查，几乎等于没有（可以不做的意思）。一个小组一整个长学期也只有一次pre，有的组是辩论，总之只有一次小组展示。上课会请人互动，回答不上来会提示你。总之就是完全不会为难你。而且老师人很有气质，很温柔，很随和。\n\n综合学长学姐和我个人的感受，大英这门课就是背个单词，听课可能会让你背单词没那么痛苦，但是不听也是完全无所谓的，小测、期末之前猛猛背单词就完事了。你可能会学到一点作文和听力方面的技巧，但是说实话练习量太小，主要还是吃高中老本。\n\n总而言之，如果自己比较自信（或者没什么自习但是高考分数还挺高）且喜欢上课刷手机的话，袁靖老师绝对是非常好的选择。
212905,698,袁靖,2025-01-15 08:14:49,1,1,0,中规中矩的好老师，很温柔，口音有一点点不地道。就上课形式、给分情况而言，感觉大英老师们也没什么大的区别，成绩主要还是看个人能力，都是比较求是的。事情不算多，课后有作业但也不太查，应付应付也无妨。特别要注意的是，两次小测还是有些分量的，并且非常依靠书本，就是死记硬背单词表，尽量拿高分，这是大英最能靠努力得到的分数了。
214178,698,袁靖,2025-01-27 02:08:00,0,0,0,老师人真的很好还关心天气有点冷会不会冻感冒，大英成绩还是靠自己老师爱莫能助啊，平时分都会努力多给。课上所有想讨论的同学都分享之后才会继续下一个话题，如果没人想回答也不会生气，还会讲自己的事给大家找补（bushi）老师真的真的真的很好，上老师的课没写作业自己会愧疚（
218476,698,袁靖,2025-04-24 03:20:05,2,2,0,10分是查老师的上限，不是袁老师的上限。每次上课都感觉是一股平静而温柔的力量🥹
220129,698,袁靖,2025-06-15 08:14:53,1,1,0,大四老狗大英4的分数比大一上修的大英3还高，狂赞袁老师，人美事少给分好
220593,698,袁靖,2025-06-18 19:16:44,0,0,0,老师很温柔
33222,767,张兴刚,2016-09-16 03:14:04,-1,2,3,给分很高 很负责
33223,767,张兴刚,2016-09-16 03:15:03,0,1,1,好好好
33278,767,张兴刚,2016-09-17 11:31:27,2,3,1,...
33369,767,张兴刚,2016-12-26 08:29:39,4,6,2,great and happy
34006,767,张兴刚,2016-09-25 10:39:03,1,2,1,全英文别紧张
34202,767,张兴刚,2016-09-28 09:01:34,6,8,2,对dejecta有特殊爱好
34685,767,张兴刚,2016-10-18 06:59:03,16,21,5,老师很和蔼，很鼓励学生，上课形式丰富，展示机会也很多，让我爱上了英语课
37934,767,张兴刚,2017-03-22 02:35:05,7,10,3,你们自己看着办吧，唯一一个班上均绩不过3的老师。打分平均比别的老师低七八分。
38535,767,张兴刚,2016-12-20 14:21:42,2,2,0,老师人超好 又有水平！！
38855,767,张兴刚,2016-12-19 14:53:11,0,0,0,挺好的，教学很专业
38949,767,张兴刚,2016-12-20 03:27:57,2,2,0,老师真的不错很和蔼
38998,767,张兴刚,2016-12-20 11:10:45,0,0,0,全英文，老师很负责，但我一脸蒙逼
39015,767,张兴刚,2016-12-20 13:52:45,2,2,0,老师见识很广人也很好，课上讨论环节很多
39089,767,张兴刚,2016-12-21 06:18:50,2,2,0,老师很和蔼  上课也很充实
39206,767,张兴刚,2016-12-21 15:09:48,3,5,2,不到场的话会有记录，但请假只要合情合理肯定能请得出，上课经常两人小组讨论有点不舒服，因为是五人一桌，总有落单的很尴尬，老师很好很负责，有次英语作文忘记上传bingo，他直接亲自给我批。
39266,767,张兴刚,2016-12-22 01:15:12,-2,1,3,怎么说呢  两人一组的讨论和小组间的交流很频繁  课程时间掐得很紧  有时候会拖堂  但是比较负责  上课氛围不是很活泼
39406,767,张兴刚,2016-12-22 13:15:53,6,9,3,超喜欢啊啊但是只学了大英三下学期不开大英四好舍不得QAQ\n\n老师很亲切，口语也很亲民，很可爱的老师
39413,767,张兴刚,2016-12-22 13:42:24,4,5,1,全英文，很棒，还结合课文分享自己的经验
39780,767,张兴刚,2017-02-15 18:11:28,0,7,7,垃圾老师
39790,767,张兴刚,2017-01-12 07:58:59,4,5,1,老师是男神啊！！很gentle很nice！上课比较注重同学之间的交流，平时上课也有各种形式的讨论。反正我觉得老师特别好！！！
40073,767,张兴刚,2016-12-29 05:12:42,2,3,1,老师口语很标准 有一种高雅的幽默 人很好 笑容很亲切
40473,767,张兴刚,2017-01-16 11:51:54,6,7,1,绝对绝对是个好老师，非常和蔼，但给分会比较严格，同样的努力程度相较于其他老师可能绩点会偏低，我本身英语比较垃圾，像我一样的渣渣就别选了……搞不好会挂，一般人还是非常推荐的
40672,767,张兴刚,2017-01-05 02:27:14,0,0,0,超级喜欢这个老师啊 超有耐心 很培养我们口语和写作能力
41204,767,张兴刚,2017-01-17 12:59:24,1,2,1,超级好
41284,767,张兴刚,2017-01-17 03:23:47,0,1,1,老师上课挺认真和蔼的，有许多有趣的事
41374,767,张兴刚,2017-01-11 06:24:59,0,0,0,表白！！很棒的老师
43519,767,张兴刚,2017-01-16 12:10:38,3,6,3,别的老师均绩都3点多，就他2点多呵呵
43521,767,张兴刚,2017-01-16 12:13:15,0,1,1,老师很和蔼，听他的课很舒服，给分还算不错
43528,767,张兴刚,2017-01-16 12:33:02,-5,1,6,给分很好，但是不得不说，真的课堂内容有点空，学习意义不大。\n\n很客观的评价吧，老师给分很感人。
43557,767,张兴刚,2017-01-16 14:10:21,1,1,0,老师人挺好的，还经常和我们分享美国的经历
43616,767,张兴刚,2017-01-16 15:32:16,0,0,0,超级好的老师啊，很幽默，没开大英4可惜了
43698,767,张兴刚,2017-01-16 23:50:48,2,2,0,老师真的很好，很和蔼，虽然最后给分不是很好\n\n
43917,767,张兴刚,2017-01-17 06:22:42,-1,1,2,期末是因为全校正太才这么低的吧？我很想相信老师啊毕竟人那么好TT可是为什么老师带的平时很牛逼的人分数都这么低TT
44998,767,张兴刚,2017-01-18 18:32:32,1,2,1,虽然得分低，但还是很喜欢这个老师\n\n上课不太讲课本知识点，全英文教学，推荐选这个老师
45101,767,张兴刚,2017-01-19 03:37:54,1,2,1,给分不好……
46804,767,张兴刚,2017-01-22 10:58:31,-1,3,4,老师很好。首先人很好很和蔼，一点也不凶，全英文教学，实在不行的时候会有几句中文解释，口音听上去很正常。上课内容比较丰富，个人可以有presentation，经常有小组活动来赚平时分，小组互相讨论和竞争的时候真是一种很棒的体验。老师会把课本里的知识变得比较有趣，弄些小游戏啊图片啊ted视频啊音乐啊，使本来枯燥的课本变得好玩（前提你不玩手机认真听课）。作业方面平时作业比较少，基本上就是课后习题，听力布置得很少。大作业也就是学校要求的一篇小组论文。给分方面应该是比较公道的，同桌的大神有4.5，中等水平的有3.6，但就个人感到有点坑啊，自己上课拼命发言最终也只有3.6，可能是最后没考好。总之好老师，建议选。
47801,767,张兴刚,2017-02-25 05:43:25,4,4,0,人挺好的，给分有点低\n\n
48563,767,张兴刚,2017-03-07 08:47:49,0,2,2,上课很丰富，绝不局限于课本，各种voa，演讲视频小组讨论。  很怀念和谐的qq group。
12164,783,谢志宇,2015-12-22 06:27:44,2,11,9,很好的老师 很亲切很放松 有很多人生阅历 日语一结束还去旁听了二 跟老师成为了朋友
13707,783,谢志宇,2015-12-30 11:20:37,-2,5,7,亲切！
16633,783,谢志宇,2016-01-18 14:43:44,-7,5,12,日语2不要报啊 日语1认真学接近满绩 日语2课本全背下来了 但是考了好多课外的 给了85 有点不开心
44271,783,谢志宇,2017-01-17 13:51:26,0,5,5,世界文学史写的他的题目，给分不错
52661,783,谢志宇,2017-06-22 04:27:57,7,18,11,谢可爱 超可爱
66619,783,谢志宇,2018-01-17 14:29:49,-2,3,5,世界文学史上听了这位老师的课 除了讲话速度有点慢之外 其他都很好 最后论文给分也很可以
79432,783,谢志宇,2018-06-05 02:09:36,-4,1,5,世界文学史论文写了他的 给分真的不错
81338,783,谢志宇,2018-07-04 23:52:30,0,5,5,谢可爱加油
86900,783,谢志宇,2018-09-19 10:03:24,10,14,4,求老师去做学术研究别来上课了，真的很水很无聊
96299,783,谢志宇,2019-01-20 17:09:36,-3,1,4,水完世界文学史的我有点惭愧 虽然不清楚具体分数 依然很感谢老师的给分 虽然大部分老师好像都挺高
97225,783,谢志宇,2019-01-22 00:48:24,0,2,2,期末写日本文学的会很多，还是要慎选，给分可能会好一点但是竞争也激烈……
104068,783,谢志宇,2019-03-11 11:16:59,10,13,3,呵呵，还不退休吗
108919,783,谢志宇,2019-06-04 07:12:37,7,9,2,不学无术 垃圾
110091,783,谢志宇,2019-06-22 13:54:04,3,5,2,呵呵，居然能上7
110446,783,谢志宇,2019-06-26 17:26:41,3,4,1,…迷惑阿谢
112929,783,谢志宇,2019-07-05 12:45:05,2,2,0,绩杀不想写
114483,783,谢志宇,2019-07-10 05:18:04,9,11,2,上课内容不知所云，期末拥有自己的打分体系。平时分偏心乱给，同学询问成绩声称是对自己的人格侮辱，没有义务告诉同学。求求快退休吧…
130708,783,谢志宇,2021-01-24 10:20:38,2,2,0,世界文学史被绩杀了，可能写日本文学的人太多……慎选
134793,783,谢志宇,2021-04-15 08:23:03,0,0,0,啊哈哈
145341,783,谢志宇,2021-12-29 06:12:49,1,1,0,课上得我真无语...
148703,783,谢志宇,2022-01-13 09:08:41,5,5,0,大绩杀…求求赶紧退休吧😅
156785,783,谢志宇,2022-06-21 03:05:39,8,8,0,太痛苦了，老师什么时候退休
159045,783,谢志宇,2022-07-05 04:37:25,10,11,1,只能说太恶心了。。这不明摆着恶心人吗？本来就知道日语毕业生出去什么也不是，成绩给高点算是当福报了，结果这位，hh
160162,783,谢志宇,2022-09-14 03:50:34,3,3,0,….终于退休了
160363,783,谢志宇,2022-09-20 08:24:32,3,3,0,烂死了
163970,783,谢志宇,2022-12-17 03:56:27,2,2,0,讲课不大行，给分也不怎么好，很爱点名
165580,783,谢志宇,2023-01-08 12:54:53,10,10,0,可能谢老师的课不适合我吧，但感谢谢老师让我如此深切地感受到了水课的痛苦。每次专业课带给我的只有空虚与悲哀。
197803,783,谢志宇,2024-08-14 02:28:47,2,2,0,阿谢你好惨，没人想着把你的评论区截图添加网址发给警方😭
3306,792,吴小英,2015-05-30 00:16:49,5,31,26,讲的超级无聊，还经常讲错，发音不是太好还有口音，她喜欢让我们用她总结的方法但个人感觉并不好…个人感觉不太负责，上课就像高中一样死板
3565,792,吴小英,2015-06-17 01:35:04,17,33,16,很好的老师！受益匪浅！
4417,792,吴小英,2015-06-22 11:10:50,16,29,13,一学期下来感觉上她的课学到蛮多东西的，而且她是培训过托福的哦！
5007,792,吴小英,2015-07-02 03:24:12,22,34,12,老师很负责，很有人情味\n\n
5204,792,吴小英,2015-07-06 00:18:00,5,18,13,四个字 深海巨坑
5264,792,吴小英,2015-07-06 06:44:47,-1,8,9,还可以
8991,792,吴小英,2015-10-08 07:29:03,-2,8,10,杭州英语 讲课无聊 超级模式化 不如高中
15335,792,吴小英,2016-01-20 03:57:46,-2,9,11,很棒的老师 给分也不错
16295,792,吴小英,2016-01-17 23:39:33,4,12,8,给分心塞
16973,792,吴小英,2016-01-19 10:25:10,1,8,7,讲的很仔细，真的能学到很多东西
17519,792,吴小英,2016-01-20 10:26:08,3,8,5,不错不错
22268,792,吴小英,2016-03-03 06:43:27,0,10,10,感觉很有收获，助教人超级好！！肯定能让你听懂了！！英语讲一遍讲不明白还用汉语解释的很好！！
25815,792,吴小英,2016-06-09 03:02:21,-2,5,7,最坑老师
34036,792,吴小英,2016-09-26 03:15:29,-2,3,5,模式比较死板
39132,792,吴小英,2017-01-15 14:24:38,13,33,20,我的绩点真日了狗了
39346,792,吴小英,2016-12-22 06:46:19,0,5,5,好老师，很耐心，事不多
39392,792,吴小英,2016-12-22 11:35:32,6,17,11,老师不错，助教就是个智障，背课文不给准备时间直接上，神坑
40328,792,吴小英,2017-04-12 00:16:23,-11,3,14,不好不好
40667,792,吴小英,2017-01-05 01:47:00,0,4,4,不错的老师
41113,792,吴小英,2017-01-09 08:19:47,4,8,4,给分低
41162,792,吴小英,2017-01-09 15:26:31,5,11,6,助教背课文杀手
42481,792,吴小英,2017-01-14 09:24:17,13,15,2,不要乱黑啊朋友们！
42629,792,吴小英,2017-01-14 15:38:00,-1,2,3,上课课本上讲得很粗略口语练习比较多quiz和考试还是要看自己。助教作文改得紧背课文没觉得特别严吧不都是不给准备时间的吗。给分低是事实。很实在不改分
42635,792,吴小英,2017-01-14 15:58:38,1,5,4,事情少是真的 对比一下其他老师你们就知道了quiz什么本来就有 老师基本没有课堂其他的测试 我室友们各种课堂作文➕课外读书报告
42661,792,吴小英,2017-01-14 23:13:04,2,5,3,只要看看课文，就考得好，老师给了很好的分数
42698,792,吴小英,2017-01-15 02:55:39,1,5,4,挺好的老师，很有人情味。
42730,792,吴小英,2017-01-16 00:35:52,14,17,3,说绩点日了狗的，还不是你自己考出来的吗，能怪老师吗。感觉这老师其实不错。不要乱黑。
43008,792,吴小英,2017-01-15 14:50:58,1,4,3,老师讲课特别好、有亲和力，课上活动很多
43101,792,吴小英,2017-01-15 16:39:53,8,11,3,吴老师上课经验丰富，平时很注重口语练习，常常有小组间的口语讨论，作业较少，主要是做课本后面的习题。最后给分很真实，按平时表现和考试情况给分，想拿到高分是需要不错的英语功底的。
43663,792,吴小英,2017-01-16 17:00:46,5,9,4,老师人很好。一开始口音有点不习惯，后来也就适应了，模式比较应试，课堂口语练习和听力很多，考试多看课本就能拿高分了。最后给分很不错，好像给我拉高了，我感觉考得没有这么好?
45694,792,吴小英,2017-01-20 02:56:05,11,13,2,老师很好的！！可是我口语太差，上课自由讨论时不知说啥、老师蛮注重口语的
51945,792,吴小英,2017-06-22 06:44:00,-6,0,6,很古板的老师，高估了大部分学生的英语水平
64691,792,吴小英,2017-12-26 11:05:32,1,2,1,很有收获，不过老师确实会高估学生的水平
64954,792,吴小英,2017-12-28 04:42:48,1,2,1,看个人吧
65560,792,吴小英,2018-01-22 06:39:38,6,8,2,非常亲切的老师，我给了9分。关于绩点的话，可能因为老师没有调分，平时分就是看你自己的努力，包括quiz，包括听写。说实话，如果你是打算从看视频中学英语，然后口语练习又不敢开口那就别选了，因为老师会每个单元都听写，每节课都会有同学间的口语练习。大一上仅有的两次表扬都是在大英课上，谢谢你，Maggie。
66521,792,吴小英,2018-01-17 06:50:28,3,5,2,给老师打9分。老师人非常好，很负责，事情很少，很体谅学生。有人可能觉得老师上课比较古板比较应试(比较困)，但其实老师也会在里面穿插很多为人处世或者英语学习的东西。公邮里面干货超级多！扣的一分是略微带点口音的英语发音，以及有时候留给学生思考问题的时间几乎没有...
67374,792,吴小英,2018-01-21 04:46:07,0,1,1,老师讲话很温柔！知识点讲的很到位！除了普通话有点不标准。。。。。但是上课积极回答问题的话老师会给你一种很亲切的感觉
67376,792,吴小英,2018-01-21 04:51:20,0,1,1,我觉得很不错，人很棒
67391,792,吴小英,2018-01-21 05:32:35,-2,0,2,。。。
67417,792,吴小英,2018-01-21 07:13:56,-1,0,1,上课还不错，就是绩点一言难尽吧
67418,792,吴小英,2018-01-21 07:14:15,2,3,1,emmm老师还不错就是最后绩点?老师蛮负责任的其实
68099,792,吴小英,2018-01-22 14:50:16,2,3,1,虽然我绩点很低，但老师很认真负责，上课比较现实（应试），对大家大学英语路线指导很多，虽然被正态了，但还是给十分，认针笔芯
68244,792,吴小英,2018-01-23 01:33:49,1,2,1,课挺无聊的…但是老师人很好，也看得出来是很想多教我们一些东西的。就我自己而言给分还不错。
68447,792,吴小英,2018-01-23 08:20:12,2,3,1,老师很认真负责，注重口语练习，考试前会提醒我们复习，上课会划重点，就是普通话不太标准，有时听不懂
74725,792,吴小英,2018-03-05 09:18:33,0,2,2,真的体验极差口语真的无语了千万千万别选
80079,792,吴小英,2018-06-19 16:02:23,0,0,0,我已被老师领入心学的世界
80092,792,吴小英,2018-06-20 02:11:49,0,1,1,真的挺好的呀，展示完还有巧克力hhh\n\n老师还研究佛教\n\n三观贼正的好吧……
80107,792,吴小英,2018-06-20 04:25:27,0,1,1,老师人很好！小小希望一下大英四别把均绩往下拉
81334,792,吴小英,2018-07-04 23:01:39,3,5,2,老师给分可能比较真实，出分快不怎么调，你的分数就是你的水平。虽然我绩点很低，但我挺感谢老师的热心教育。虽然上课方法可能死板了点，但效果还是不错的。
81430,792,吴小英,2018-07-05 05:20:47,1,2,1,非常好的老师，连续选了两个学期，都不错
82877,792,吴小英,2018-07-09 08:52:41,0,1,1,老师上课是很传统的模式 非常注重口语 平均一节课两次讨论吧 有时还会跟大家分享一下经历 很负责 很为学生着想！
88691,792,吴小英,2018-11-06 02:06:33,2,3,1,就这口语…    听起来巨难受
93844,792,吴小英,2019-01-14 03:39:24,4,5,1,老师上课很认真踏实，会一步步讲单词和课文，我几个同学表示他们的老师都没有讲这么细。而且老师挺和蔼挺好沟通的，关心同学，好好上课会有收获的，付出了多少考出来就是多少…虽然我平时还欠努力可能成绩不是很好看，但是还是可以感受到老师的用心的！\n\n这一学期谢谢吴老师了，会记住您最后放的视频里说的，keep hungry，keep foolish！
93881,792,吴小英,2019-01-14 06:55:36,1,1,0,老师是真的很好  很和蔼
94121,792,吴小英,2019-01-15 08:19:39,1,1,0,还挺好的，有点可爱
94488,792,吴小英,2019-01-17 01:23:39,4,5,1,吴小英老师多棒啊，注重口语注重平时积累，经常在微信群里分享新知识，对学生也特别好。
95598,792,吴小英,2019-01-19 16:01:00,1,3,2,老师很厉害人也很好 \n\n但是觉得自己英语不大好的慎选\n\n感觉我就是那种认真学了努力学了但是比不上班里本来就厉害的人的那种
95639,792,吴小英,2019-01-19 17:09:22,1,2,1,老师平时要求特别高，导致平时很累，但是期末就真的不太慌！最后出分比我预想的低了一个档，可能是自己不够好吧maggie人很好很用心很负责，会在微信群里分享干货，也很注重评分的公正。口音啥的……emm还能忍。
95685,792,吴小英,2019-01-20 01:37:28,1,3,2,老师蛮好的，教课什么的都很认真，就是口音稍稍有点“不适”，不过可以忍～\n\n（我的平时分不高，算算期末考了90+～
95690,792,吴小英,2019-01-20 01:55:41,2,5,3,啥都好，就是绩杀，英语高考不上140的选她的课真的哭都哭不出来。不过人真的是好的
95700,792,吴小英,2019-01-20 02:10:02,0,2,2,人真的很好  很关心学生 很注重平时  就是绩杀
95738,792,吴小英,2019-01-20 03:08:00,6,6,0,看到统计的均绩三出头，加上这学期的确不够努力，本来以为绩点要凉了，但是比想象中的好诶*罒▽罒*考前抱佛脚还是有用的！不过平时踏实学肯定会更好。。。\n\n吴老师一学期辛苦啦！
95766,792,吴小英,2019-01-20 04:10:58,2,2,0,老师很好的啊，有点口音听听就习惯了，学习主要靠自己啊，不能靠老师调分，而且也没法调多少。真的好老师，蛮喜欢的。
95845,792,吴小英,2019-01-20 15:51:58,1,3,2,老师很好是自己没好好学了只有3.3
98644,792,吴小英,2019-01-23 16:29:02,1,1,0,好好好
99778,792,吴小英,2019-01-25 07:08:55,-2,0,2,好好学了也没用，绩杀不解释
104390,792,吴小英,2019-03-19 08:54:56,1,1,0,在大英四老师基本不讲书的课上快要窒息的我，再次真实感受到了吴老师讲课是多么的扎实…落泪了
110608,792,吴小英,2019-06-27 15:32:30,2,2,0,老师很棒！事情也没有特别多 会划重点对quiz以及期末考非常有帮助！！！！
110618,792,吴小英,2019-06-27 16:01:17,1,1,0,老师狠抓重点，很热情，学习细化。当然考试要想考好更重要的是平时多背多看书
110653,792,吴小英,2019-06-28 02:25:18,1,1,0,挺好的 就是3.6 分低怪自己
110790,792,吴小英,2019-06-28 08:26:33,1,1,0,老师挺好的，讲的东西很有用，期末考试努力准备准备，绩点也不会低。
1569,793,陈艳华,2015-03-22 15:14:54,67,83,16,有气质，常分享见解也聊名著诗歌。在一堆外教教的专业课里她总没什么人选，但是我觉得她比外教更会教！会真正有收获和提高而不是跟着外教水一学期。
2285,793,陈艳华,2015-04-16 08:58:01,26,29,3,听她的课收获很大的～
2368,793,陈艳华,2015-04-27 13:43:33,28,29,1,自由随性！听课没有太多负担。
3344,793,陈艳华,2015-06-03 06:19:02,19,19,0,棒极了
3469,793,陈艳华,2015-06-16 07:16:25,20,21,1,讨论充分 有兴趣
3540,793,陈艳华,2015-06-17 01:30:09,16,17,1,享受 老师很有才
3770,793,陈艳华,2015-06-17 03:54:27,18,18,0,评价作业很认真，迟到抓得不严
4017,793,陈艳华,2015-06-17 13:57:33,34,36,2,特别好的老师 本来是选的个性学分 打算上一次觉得不好的话就退掉，但是老师有人格魅力又知识渊博 真的很好
4748,793,陈艳华,2015-06-27 07:57:52,37,39,2,女神级老师 不选是遗憾
5139,793,陈艳华,2015-07-05 00:35:36,7,8,1,超级喜欢这个老师，口音很正，人很好。很有气质。随和。
5874,793,陈艳华,2015-07-09 17:00:45,26,26,0,特别特别棒的老师脾气好人好 没有作业 声音超级好听 人真的特别好 听她的受益匪浅！要不是下学期综英冲突我一定选她的听力课！
5965,793,陈艳华,2015-07-10 05:06:01,15,15,0,女神！
6152,793,陈艳华,2015-07-11 10:14:36,12,12,0,陈女神超级懂得寓教于乐，会把理论和现实生活中的有趣事情结合起来，棒棒哒
6154,793,陈艳华,2015-07-11 10:29:53,15,15,0,我爱她！
6709,793,陈艳华,2015-07-19 10:57:31,2,2,0,可以
6715,793,陈艳华,2015-07-19 12:52:45,4,4,0,老师讲课让人很舒服，挺有收获的
6850,793,陈艳华,2015-07-25 07:52:57,6,9,3,课讲得不错，分出的慢出新境界\n\n
16272,793,陈艳华,2016-01-17 15:38:06,2,3,1,老师人超棒！上课也很舒服\n\n
18913,793,陈艳华,2016-01-22 18:40:57,15,19,4,老师很温柔很好，听她的课很放松，但最后的分很低...
19785,793,陈艳华,2016-01-25 09:16:04,11,14,3,过程不错，分很低+1…均绩看起来还行但是方差拉得很大…
23754,793,陈艳华,2016-04-14 16:39:51,1,3,2,事情有点多，pre， news和n个quiz，最后给分一般，老师人不错。
35330,793,陈艳华,2016-11-08 12:06:31,2,2,0,好好好
35480,793,陈艳华,2016-11-10 07:20:42,3,5,2,平时任务有一些多，不过一般听完课是没有什么压力的~老师的英音很棒！
35690,793,陈艳华,2016-11-10 07:46:00,1,2,1,非常好人，与学生打成一片，讲课也好
36192,793,陈艳华,2016-11-11 03:08:08,9,9,0,美腻且口音超棒
39865,793,陈艳华,2016-12-28 05:02:15,2,5,3,上课很有意思，喜欢听老师讲课，缺点是分真的出的很慢，给分一般般吧，不过还是挺推荐上的
40120,793,陈艳华,2016-12-29 09:31:11,0,2,2,对不起老师。。。
41358,793,陈艳华,2017-01-11 04:26:19,3,3,0,女神啊女神！上课气氛很好～老师口语很标准...还会放很多很多的视频！超喜欢
43094,793,陈艳华,2017-01-15 16:21:34,1,3,2,很好的老师，上课有内容，很合得来，亲切，可惜这学期自己不努力，不怨老师，唉，下学期努力，好好学习。
44774,793,陈艳华,2017-01-18 08:30:46,8,9,1,这学期每周最期待的就是陈老师的名著精读，真的是如沐春风～
53083,793,陈艳华,2017-06-25 11:15:56,3,3,0,老师超爱讲故事啊哈哈哈 上课很有趣 很喜欢!!!
57358,793,陈艳华,2017-07-07 03:42:51,7,8,1,老师分给的真的....不高
71698,793,陈艳华,2018-01-29 01:16:37,1,3,2,老师特别温柔 也是大学遇到的口音特别正的老师之一了 虽然最后期末考因为自己的原因没考好成绩不太好 不过老师确实是好老师 赞赞赞
71727,793,陈艳华,2018-01-29 01:59:22,3,4,1,老师真的超棒，一学期听力课上下来很有收获，不仅仅是听力能力的提高，更有老师在课堂上潜移默化影响到你的很多有益的东西。强推。
72433,793,陈艳华,2018-06-12 10:01:29,2,3,1,老师超级好！！！！！
72876,793,陈艳华,2018-01-31 08:37:38,1,3,2,女神！
73114,793,陈艳华,2018-02-01 02:46:04,2,4,2,这学期上老师的英语名著精读能上4真的挺意外的，很开心。之前我上过老师的英语视听，总的来说老师人超级nice，是真的有涵养有风度的感觉。上的课属于那种你想水当然可以水过去，不想水又能学到很多知识，再加上这次给分也不错，总得来说真的是很推荐的老师！
76209,793,陈艳华,2018-03-29 05:21:43,1,2,1,第一次在查老师评分 \n\n陈老师超级好！超级棒！\n\n上她的课就是一种享受～
79600,793,陈艳华,2018-06-11 06:18:44,7,8,1,想每学期都上她课的迷妹来报个到
80479,793,陈艳华,2018-06-27 03:19:33,4,6,2,想和全世界安利老师！！！！！！\n\n瞎选的个性学分（主要是自己想上文学课），结果真的很棒很棒，老师怎么那么优雅那么女神那么好呜呜呜，每周三都是我最期待的日子。\n\n下学期四门全冲突没法继续选，真是难过_(•̀ω•́ 」∠)_所以看到这儿的朋友们，我命令你们全都给我选她的课(´•༝•`)\n\nP.S.题很简单iui（但是要记得背作者英文名字orz）
81044,793,陈艳华,2018-07-03 12:10:52,1,2,1,老师人很nice很温柔，听力材料会有很多个关注点，备课充分，私下交流也很可爱，总之就是很好很好！
84962,793,陈艳华,2018-07-14 15:30:36,1,2,1,只有两个字可以概括 \n\n女神\n\n疯狂打call ！！！！！
84964,793,陈艳华,2018-07-14 15:37:18,1,2,1,emmm比均绩低好多呜呜呜呜呜
85131,793,陈艳华,2018-07-15 15:05:52,1,3,2,上课很轻松 能学到东西也不会压力很大 大家上课随便讨论氛围很好  老师非常非常非常nice 给分爆炸好 专业课第一个满绩我爱陈老师！
85137,793,陈艳华,2018-07-15 15:55:47,4,5,1,觉得收获不是很大......\n\n.........给分看自己的原来水平
85300,793,陈艳华,2018-07-17 01:13:40,6,7,1,是那种气质和素养好到想要让人活成她的样子的女神老师！人超级好而且每节课上课都能讨论到很多话题～给分也真的不杀！因为太喜欢老师下学期还跨校区选了老师的课！
86792,793,陈艳华,2018-09-19 00:30:56,1,1,0,十分有收获
91299,793,陈艳华,2018-12-05 07:52:28,6,6,0,上老师的课会让你觉得 \n\n啊～世界就该如此美好啊～\n\n尽管外面冬日很冷，不提成绩，只问内心
93722,793,陈艳华,2019-01-12 09:50:46,6,7,1,如果要赋世界睿智的温柔以形状，那大概就是陈老师了吧T T上了一个学期精读课，老师真的很善于引导学生，带着我们去交流去思考，是那种真正能让人开始享受文学阅读过程的老师，她的课堂真的是我理想中大学课堂的样子了！课后和学生的交流也很多，总之入股不亏啊呜呜呜
93755,793,陈艳华,2019-01-13 07:27:52,2,2,0,女神 女神
99886,793,陈艳华,2019-01-25 09:06:14,2,3,1,疯狂推荐女神！！！！今年出分超快（上午考完听力下午就出） 给分还好！！女神打call！人美心善！
99978,793,陈艳华,2019-01-25 16:23:44,1,2,1,挺温柔、平易近人的老师，展示之后还私下亲自跟我说展示得很棒，很暖心的鼓励。基础视听要求不高，考试也很简单。
101121,793,陈艳华,2019-01-27 15:02:47,2,2,0,很赞的上课风格！（注意课后积累，基础不牢靠的需要力争上游，厚积而薄发。
101164,793,陈艳华,2019-01-28 00:06:24,1,1,0,好有气质
101167,793,陈艳华,2019-01-28 00:26:04,0,0,0,老师太温柔了！内容充实，学到了很多～
101486,793,陈艳华,2019-01-28 09:42:50,0,0,0,老师很温柔给分还好 上课好有意思！
101628,793,陈艳华,2019-01-28 15:37:32,2,2,0,老师简直是女神，中英文的口音都特别好听，非常有气质，根本没有想过要翘老师的课！基础英语视听本身并没有很难，不过老师在课堂上会给我们看很多大人物的演讲，也会谈谈美国的政治状况，总而言之就是大开眼界，收获满满，最后给分也太好，竟然是第一科满绩！
101718,793,陈艳华,2019-01-29 02:17:43,1,2,1,满分好评！
102147,793,陈艳华,2019-01-30 16:27:02,5,5,0,啊啊啊啊啊啊啊我真的吹爆美丽知性又关爱学生的老师啊啊啊啊啊啊啊！！！为什么没有100分！！！
103717,793,陈艳华,2019-03-04 13:03:43,1,1,0,超级棒的老师！！！
105586,793,陈艳华,2019-04-17 02:00:40,4,4,0,老师就是冬天里的一丝温暖，夏日里的一阵清风，还有还有春天的玉兰秋天的桂，只愿世界永远善待这位可爱又气质的老师，确认无误，浙大最女神的女神！
108602,793,陈艳华,2019-05-29 10:57:35,3,3,0,老师口音超级好听！功课少！超级温柔！大推！
109238,793,陈艳华,2019-06-12 07:11:41,16,18,2,p.s. 强烈建议学校处理一下东六一楼教室泛滥肆虐的蚊虫
110208,793,陈艳华,2019-06-24 13:16:22,1,1,0,真的很温柔
112911,793,陈艳华,2019-07-05 10:38:19,0,0,0,很棒！
117047,793,陈艳华,2019-09-18 23:36:27,0,0,0,老师超好！！！嗓音好听又温柔优雅！！！就是自己不敢发言，狂骂自己怎么这么逊?
121092,793,陈艳华,2020-01-19 14:19:34,2,2,0,陈老师真的超级温柔超级好  可是我好菜好菜现在还很担心会不会挂科
123737,793,陈艳华,2020-06-13 05:12:11,2,2,0,我们的班主任最棒！
133764,793,陈艳华,2021-03-05 00:27:36,2,3,1,陈姐太可爱了吧！！\n\nperfect pronunciation!\n\n选就完事了
139849,793,陈艳华,2021-08-02 02:18:24,1,1,0,温柔知性又关爱学生的老师\n\n口音超棒\n\n上过的最好的英语课老师
140634,793,陈艳华,2021-09-14 13:43:11,1,2,1,高级英语视听从老师的备课中可以看出真的非常用心
145269,793,陈艳华,2021-12-28 15:00:42,2,2,0,老师没拿十分实在天理难容！上了两学期老师的课，原本这学期这堂课还在犹豫一看到老师名字马上选，结果也非常棒，老师说最重要是引起兴趣顿时被感动，虽然成绩还没出，但大爱老师！
148358,793,陈艳华,2022-01-12 08:27:46,2,2,0,非常有气质、有内涵的神仙老师，跟着yhjj上视听能接触到各种新鲜的好玩儿的东西，主题非常紧跟时事。\n\n老师本身水平非常高，授课让人如沐春风，平时会关心同学们的兴趣喜好，给分也超级好啊！！宝藏女神，入股不亏。永远爱yhjj。
150011,793,陈艳华,2022-01-18 09:23:16,2,2,0,真的超喜欢陈老师！温柔有气质，给分也超好！上的英语文学名著精读，真的学到了很多，虽然因为留学生没有来线下上课导致教室里只有五个人，但也没有冷场，课堂氛围超好！
150546,793,陈艳华,2022-01-29 20:30:39,2,2,0,陈老师是很好的人，很冷的杭州的冬天却真的给人如沐春风的感觉。会下课追出去和发言的同学说 你刚刚讲得很棒，有在用心聆听和授课的好老师!!!
151422,793,陈艳华,2022-03-03 03:01:14,1,1,0,虽然高级视听我觉得很难，因为我菜菜，但是老师真的是女神级别的！大爱！一定要上她的课！如沐春风
152792,793,陈艳华,2022-04-20 02:00:40,4,5,1,研究生英语课，老师人超好而且很温柔，会很认真地回答问题和发资料，也会和同学们聊聊天啥的，为同学们着想
158773,793,陈艳华,2022-07-02 03:44:03,5,6,1,老师真的很好呜呜呜呜 上课很耐心会带着大家精听去抠词 平时材料比较难但期末还好 而且老师给分真的很有师生情呜呜呜呜 上了两年的视听终于在高级II突破了自己有了质变真的很感动！
159092,793,陈艳华,2022-07-06 05:02:37,0,0,0,老师真的很好，真的能拓展学生的眼界，让人觉得学习是很有意思的事情。课程比较难，但是给分特别好，只要用心就一定会有收获
159220,793,陈艳华,2022-07-08 08:20:01,3,4,1,老师太赞了！！！虽然出分有点慢，但是给分超级超级好，怀疑平时分都给满了。多国英语4.8飘过
159225,793,陈艳华,2022-07-08 09:38:42,9,11,2,多国英语视听说\n\n老师终于出分了，再不出分我都忘了有这门课了\n\n平时上课真的心态爆炸，最后成绩出乎意料\n\n谢谢老师谢谢老师 老师真的好和善我好喜欢
163891,793,陈艳华,2022-12-16 12:03:32,2,3,1,yhjj真的超级超级好～温柔美丽水平到位，一学期不选就会难过的那种
168007,793,陈艳华,2023-01-22 05:47:30,2,2,0,高级英语视听！虽然有一点点难度，但是很有收获
168040,793,陈艳华,2023-01-23 17:40:37,0,1,1,理科生来修文学名著精读\n\n老师人好好(´◊ω◊｀)\n\n也学到了很多(◍ ´꒳` ◍)
172194,793,陈艳华,2023-04-21 12:14:28,1,2,1,来浙大遇到的最好的老师之一！！！
172229,793,陈艳华,2023-04-23 03:12:44,1,2,1,研究生英语课前来评价，陈老师对每一位学生都非常友善，并且会鼓励同学们多发言。基本没有作业，也不会很辛苦，超赞！
182084,793,陈艳华,2023-11-09 16:28:50,10,10,0,Athena， a goddess of kindness and knowledge.\n\n有幸修读了老师的英美文学赏析，真的会被狠狠感动。\n\n刚开始选这门课只是为了凑齐外语的必要学分，未曾想能在1.5学分的课上收获良多。老师给人的印象就是非常elegant，非常knowledgeable，同时也很modest and gentle（大家见到老师本人以后会有更直观的感受嘟！！！强力推荐hhh）课上总是会被老师对于文学的深入见解所深深折服，也总是会被老师的耐心倾听和恳切建议所深深感动。\n\n艳华老师对中西文学都颇有了解，课上能reap很多。And most importantly，老师会很认真地倾听每一位同学的发言，并给予毫不吝啬的鼓励与切中肯切的建议。BTW老师上课很有趣，经常会分享段子，给分也很好！\n\n天不生艳华，文学万古如长夜hh。
186606,793,陈艳华,2024-01-12 05:04:02,5,5,0,非英专大一学生选的英语演讲专业课，听说老师也是第一次开这门课，刚开始选的时候没想太多。真的是智慧又温柔的老师哇，谈吐间有种人文情怀，口音也很好听。课后也会真诚地跟同学交流（如果你有问题的话）。英语演讲课整体内容偏水，但是老师也很努力地把社会热点和有趣的内容放进来，也会推荐一些好的学习资源。如果认真参与课堂，每节课都上去讲，对口语提升还是挺大的。平时作业很少，基本就是当堂准备的小演讲还有期中期末的两次三分钟演讲~希望下次外语学分还可以选陈老师的课：）
191575,793,陈艳华,2024-04-25 07:48:18,3,3,0,我要注册一百个号来夸陈老师！！！！！！！！！！！！！！！
192597,793,陈艳华,2024-05-24 10:53:27,0,2,2,不多说了，多说无益，不解风情。
198159,793,陈艳华,2024-09-03 06:36:31,2,2,0,超级温柔的老师，课讲的也很好很吸引人，平时作业之类的都挺少的。就是最后考试可能还是看各人的基础。但是总而言之是超好的老师！上她的课没有心理负担，很舒适！
202635,793,陈艳华,2024-11-13 13:18:45,1,1,0,特别特别好的老师
211325,793,陈艳华,2025-01-11 08:02:11,2,2,0,高级英语视听I出分并来种草！陈老师真的特别特别亲切也很认真准备每一堂课 课堂气氛是绝对好的 平日里任务也不算多 不过认真学的话肯定收获不少呢！最后考试比平时练习简单一些 虽然自己平时是不怎么会刻意多听的类型 但是最后给分特别棒 大爱Irene！
211440,793,陈艳华,2025-01-11 12:00:17,0,0,0,人美心善，声音还好听，讲课娓娓道来，很有意思。妈妈般的亲切感
214055,793,陈艳华,2025-01-23 10:23:42,0,0,0,10分无须多言
215519,793,陈艳华,2025-02-27 11:35:48,0,0,0,世界上最好的老师出现了awwwwwww
219783,793,陈艳华,2025-06-06 02:30:43,0,0,0,课堂氛围活跃，老师人美心善，可以启迪学生思维，没有其他的额外作业。
16790,814,吴永琴,2016-01-19 03:26:06,1,1,0,无聊哦
25444,814,吴永琴,2016-05-19 08:23:31,0,0,0,讲得挺细的
16970,830,Damien Donnelly,2016-01-19 10:21:47,2,2,0,老师真好的人！入学以来最喜欢的一位老师。他教学生的方法跟别的老师不同。他真关注学生，真考虑学生的状况。感到他真是爱学生的老师。
35078,830,Damien Donnelly,2016-12-28 12:51:30,0,0,0,这个老师没在教了，换了一个mario，我只能hhh了，把我们当弱智，完全学不到什么东西，上课还区别待遇，总之，千万不要选他的课
35933,830,Damien Donnelly,2016-11-10 08:56:15,0,0,0,
465,833,熊海虹,2015-03-15 02:50:45,15,50,35,1一句话夹杂中英文(他的wife's mom…\n\n2被惯坏(不是竺院的班级表现不如他们就会被比较\n\n3调动气氛无能(学生不活跃 说自己有心脏病 这样会加剧
913,833,熊海虹,2015-03-18 15:59:26,-1,7,8,不错
1241,833,熊海虹,2015-03-21 16:58:12,17,27,10,上面那个巨长的评论是真实的，但是比较片面，现在看起来还好咯
1409,833,熊海虹,2016-09-25 02:20:06,47,112,65,不错，她课上每人都学会发言，作文每周一篇，妈妈再也不担心作文憋不粗来，她的班有人情味，同学关系很好，学期结束时都很不舍，大学以来第一次真的像一个集体。
3518,833,熊海虹,2015-06-17 01:26:12,-2,5,7,像妈妈。讨厌她嫌唠叨作业多但是总是为我们好。
3710,833,熊海虹,2015-06-17 02:37:23,-5,5,10,喜欢她
4294,833,熊海虹,2015-06-18 16:28:19,-2,7,9,挺好的
4997,833,熊海虹,2015-07-02 02:39:02,-2,6,8,会做面包给我们吃 每学期最后一节会开party  特别用心的老师 口语很赞
5148,833,熊海虹,2015-07-05 03:45:54,11,20,9,爱恨交加，像妈妈
6153,833,熊海虹,2015-07-11 10:28:56,-1,10,11,口音略恐怖，上课了略坑，不怎么样还喜欢提无理要求。。。
9610,833,熊海虹,2017-09-19 02:40:22,43,83,40,严重歧视非竺院班级，脾气很差，会发火，上课能学到的东西并不多，大多走走过场。anyway 并没有收获。
10380,833,熊海虹,2015-11-18 10:21:22,-2,7,9,大学以来第一次觉得值得
12651,833,熊海虹,2015-12-24 00:01:01,11,21,10,作文每周一篇，英语写作能力至少不会退步。老师调动气氛的本事是不怎么样，有时我们不举手就会冷场，这时候她可能会发火。讲的还不错吧。基本上每个人都要发言。
12935,833,熊海虹,2015-12-24 11:01:12,0,6,6,超级好，只要积极点，说错没关系，经常带东西给我们吃
13286,833,熊海虹,2015-12-26 07:52:30,-8,5,13,经常发吃的，特别会鼓励同学，大家都很喜欢她，她的课堂很温馨
13716,833,熊海虹,2015-12-30 11:38:04,-8,4,12,非常好的老师i！
14022,833,熊海虹,2016-01-03 18:16:25,11,21,10,喜欢，很有趣的老师，喜欢和学生分享自己听到的故事，在她课上口语得到了很大锻炼
14155,833,熊海虹,2016-01-05 05:40:40,1,9,8,老师很好，作文每周一篇，偶尔没有，维护了高中的英语果实，课堂气氛也很好，最后一次上课有party，班上要有几个能带起气氛的同学会让英语课变得开心。
14171,833,熊海虹,2016-01-05 06:39:37,-11,4,15,超级棒！\n\n34都是她。
15434,833,熊海虹,2016-01-14 11:10:53,1,5,4,不是竺院但还是觉得超好啊！经常给同学们发吃的，上课也很好玩，有收获，听力内容同时提高听力和见识。quiz有点小难但是人很温柔啊，超好的
15914,833,熊海虹,2016-01-16 15:05:33,-6,3,9,挺好的啊
16175,833,熊海虹,2016-01-17 11:46:12,-2,4,6,多国英语视听说，上了90，总之感谢老师
16184,833,熊海虹,2016-01-17 12:08:32,21,32,11,你知道每天早上起来读英语最后和连单词都没记过的室友分数一样的感受吗hhh/再见
16187,833,熊海虹,2016-01-17 12:35:48,-1,1,2,hhh
23612,833,熊海虹,2016-04-09 07:46:27,8,14,6,只喜欢成绩好的\n\n口音我感觉不怎么样，说英语有一种很做作的感觉\n\n喜欢炫耀\n\n管的比较严，有点像高中老师
23648,833,熊海虹,2016-04-11 14:19:33,38,46,8,说不出为什么，就是不喜欢
23684,833,熊海虹,2016-04-12 08:36:44,1,3,2,do 他一个favour
24131,833,熊海虹,2017-12-28 06:05:49,29,42,13,课堂太具有功利性，只为提高成绩，没有大学学习的素养提升，还会区分成绩好和成绩不好的学生
24404,833,熊海虹,2016-04-30 12:43:50,3,8,5,无语的老师
25001,833,熊海虹,2016-05-04 23:31:42,2,7,5,学习好的听还不错，学渣禁区，瞧不起英语不好的
25024,833,熊海虹,2016-06-15 09:11:15,45,56,11,说不出来的不好，因为想说的太多了，前面说的好的方面果断大部分仅仅出现在竺院的班级中。我只想说少一点套路，多一点真诚，非竺院的孩子也是好孩子，谢谢！～
26198,833,熊海虹,2016-06-16 08:05:52,0,1,1,非常好
26544,833,熊海虹,2016-06-20 04:52:50,6,17,11,熊老师真的很好啊 我们也不是竺院的班级 就是很一般的班级但是熊老师依然对我们很好很好很好呀  大英三 四都是熊妈妈的课 非常非常喜欢她。
26635,833,熊海虹,2016-06-20 12:29:15,0,1,1,很夸张
27930,833,熊海虹,2016-06-28 05:57:27,1,3,2,妈妈一样的存在。上她的课还是能有所收获的，只要气氛能调起来。
28252,833,熊海虹,2016-06-28 08:21:30,1,2,1,呵呵哒 老师明显偏爱某班级（也有可能是我太不起眼？）不说话 ?
28743,833,熊海虹,2016-06-28 13:47:09,0,2,2,课堂氛围好，作业多，给分SO SO
29132,833,熊海虹,2016-06-29 09:25:07,105,149,44,我打十分 因为您教了我一年 感谢您的付出 但老师如果您有机会看到 我想说 不是竺院的班也有优秀的学生 全国各地能来ZJU的 即使不是顶尖也是翘楚 那副对学生的有色眼镜是时候摘掉了
31387,833,熊海虹,2016-07-03 23:53:40,0,1,1,老师人挺nice的～每周一篇作文确实有点多，课堂氛围很棒很轻松，不过大英这门课收获很小
32915,833,熊海虹,2016-07-31 00:35:08,0,2,2,作业多，不过英语好的人可以水也可以不水，但给分真的一般
37217,833,熊海虹,2017-01-14 10:09:32,2,5,3,挺好的呀
38655,833,熊海虹,2017-03-23 05:10:29,3,5,2,老师发音太好听?
39179,833,熊海虹,2016-12-21 13:12:06,1,4,3,感觉很温馨呀，我觉得我们反而不够活跃呢
39450,833,熊海虹,2016-12-23 01:10:48,1,6,5,很好的老师啊，不懂为什么有人说偏爱成绩好的同学，老师对于每个同学都是很好的，只要努力，一定会有进步的！炫耀什么的，并没有那么严重啊，只是很幽默吧。上她的课很有意思哒！
39452,833,熊海虹,2016-12-23 01:21:53,5,9,4,我也不是竺院的只是普通人之一，课上本来就是应该我们举手我们表达而不是让老师一直讲啊，所以只要敢于发言还是会觉得老师很棒的，氛围也会很好，然后一周一篇作文也算给我们练手啦~
39454,833,熊海虹,2016-12-23 01:47:26,17,25,8,不是竺院的，4.8\n\n
39846,833,熊海虹,2017-01-14 11:39:03,0,2,2,还不错\n\n
39892,833,熊海虹,2016-12-28 06:31:21,0,1,1,超级棒
40108,833,熊海虹,2016-12-29 07:47:31,1,3,2,老师的课很棒的，没有之前所说的歧视，而且很爱护本班学生，与学生的沟通也很多。就是上课稍微水了点，讲的知识点不多
42507,833,熊海虹,2017-01-14 10:03:53,1,4,3,老师还是不错的，很认真
42511,833,熊海虹,2017-01-14 10:06:45,0,2,2,老师人很nice
42515,833,熊海虹,2017-01-14 10:11:30,0,3,3,还不错，老师很萌的，给分嘛。。。大概大英也就只能这样吧
42517,833,熊海虹,2017-01-14 10:14:47,1,4,3,每周一篇作文，我们班就13个人，每堂课都要发言，老师人真的超级可爱，上课很锻炼人的（≧∇≦） 因为熊老师，大英课算是我这学期很喜欢的一门课了
42520,833,熊海虹,2017-01-14 10:32:52,0,3,3,贼鸡儿烦
42770,833,熊海虹,2017-01-15 05:06:35,0,4,4,老师很好啊。那些说歧视的，喜欢成绩好的上课活跃的应该是所有老师的共性吧，只能说明老师很看重自己的课罢了。而且真心不觉得被歧视了。倒是在大英四上会吐槽大英三的同学。大英嘛，本来也讲不出朵花。作业略多，但是至少作文写多了不会手生。另外不知道自己有没有被正态，不过4.2应该不是被正态的结果。
43333,833,熊海虹,2017-01-16 07:03:43,9,15,6,感觉熊老师自己水平也比较高，但是大学英语课程时间有限，大部分还是靠自己的课后努力吧，在这里撇开分数不谈，她的确是一个合格尽职尽责的老师，每次都努力的调动班级的气氛。我是一个不太会积极发言的学生，但是她会努力的引导我们这类人来发言，真的很有心。在期末还让每个人留下“照骗”，虽然很羞耻，但我感觉到她希望她教的班级更加有爱，和谐
43996,833,熊海虹,2017-01-17 07:48:33,1,3,2,怎么说呢，估计又被正态了。老师挺负责。不过课上真的学不了什么，还是课下自己努力吧，另外，竺院班级的均绩总要高于普通班级，是因为竺院的人的绩点低于3分会被警告退院的原因吗？那也太公平了吧？！每周作业也挺多，不过大英这种东西还是自己多努力吧\n\n慎选！
44105,833,熊海虹,2017-01-17 09:25:56,7,11,4,没有歧视非竺院的现象\n\n就是偶尔脾气有点爆\n\n说英语的调调个人接受无能\n\n但是会发糖吃这点很喜欢23333\n\n总体还是不错的~
45005,833,熊海虹,2017-01-18 21:41:52,1,3,2,老师人炒鸡可爱，对我们态度很好，经常给我们带好吃的，虽然我们口语听力都不大好但还是给我们很多鼓励，很棒的老师，赞赞赞！
46092,833,熊海虹,2017-01-20 15:06:19,1,3,2,熊老师的课总体上来说其实挺有趣的，老师人也很nice。虽然自己不够主动会让老师产生我不认真的错觉，但是真心推荐认真听的。
46434,833,熊海虹,2017-01-21 14:03:57,1,3,2,喜欢老师的发音，很亲切很可爱，以为自己会拿低分但是最后给了4.8超棒，美国文化与口语，没后悔选这门课
49544,833,熊海虹,2017-04-18 06:39:08,24,29,5,评价一下老师的托福口语课\n\n每周要交一次作业，前几周作业量较少，后几周每一次作业的题量相当于一套tpo。要水水过很难、平时一定要好好学习，不然quiz和期末很难过！
49906,833,熊海虹,2017-04-27 05:09:13,0,2,2,感觉还行呢
50490,833,熊海虹,2017-05-03 07:00:42,2,6,4,很一般哦，听了一节课感觉教学水准不如我见过的任何一位英语老师，难道是我以前的老师太牛了？口语不错的，但是没有激情啊……
50565,833,熊海虹,2017-05-03 13:26:00,1,5,4,上了老师的托福口语课，老师人真的很nice，对我们也很好，但是我自己的口语实在是太差了_(:з」∠)_最后考试说的不好不怪老师，如果想练口语的小伙伴还是推荐上的哈(^_^)
51498,833,熊海虹,2017-06-06 14:18:53,-1,2,3,呵呵呵
51809,833,熊海虹,2017-06-11 08:26:58,1,3,2,老师事情超级多，口语课就等于练tpo，学不到什么东西。考试不客观，你做过tpo就等于知道了考试题。
51899,833,熊海虹,2017-06-13 09:13:15,0,2,2,不喜欢她 想水的不要选 对人的爱憎太过明显，只求这课不挂科
53985,833,熊海虹,2017-07-02 13:50:07,6,7,1,讨厌的老师！\n\n
54408,833,熊海虹,2017-06-29 09:35:54,4,4,0,上托福口语 每个星期有口语作业(交录音档) 虽然不是轻松的水课 但是有收获！尤其推荐给要考托福的 老师人好很可爱 给分也不差
54430,833,熊海虹,2017-06-29 10:02:24,1,3,2,老师超温柔！！！一学期托福口语课学到了很多，大家也都很积极的在课堂上练习，气氛很活跃ｸﾞｯ!(๑•̀ㅂ•́)و✧
54473,833,熊海虹,2017-06-29 11:02:14,6,9,3,这学期选了两门英语，一门就是老师的托福口语。老师语音语调都很好啊给分也不错，温柔又很体贴的感觉。（虽然我存在感很低几乎没发言但是最后拿到的分数也算中肯）托福口语每次作业都是TPO的六道题左右吧。上课比起上回的代课老师还是水了不少（不过对于比较内向的我算是恰到好处的鼓励吧）相比起来另一门英语老师评分也是7.5+个人水平却不知道差到哪里去了评分给分也呵呵居然比熊老师还高→_→……
54576,833,熊海虹,2017-06-29 16:33:22,13,13,0,感觉老师人很不错啊，前面说对待非竺院学生态度不好我也完全不觉得啊，我都怀疑这不是一个老师。托福口语课认真上还是可以的，老师也很随和，很认真。
55023,833,熊海虹,2017-06-30 16:10:10,4,5,1,托福口语上课就是刷题刷题刷题啦 备考托福首选必选 应试能力提高不少 一开始特别紧张 刷题成瘾发现也没有啥啦233
59226,833,熊海虹,2017-09-20 09:09:05,0,1,1,NONONO
59929,833,熊海虹,2017-09-28 09:30:48,11,12,1,呵呵特别喜欢竺院的真的没说错，上课时回答同一个问题我和竺院的答案相似，就狠狠地表扬竺院的还说我模仿抄袭？？？呵呵这是我自己的想法说出来比他迟说就是抄袭？？？又不是我自己举手起来说的，你自己点我的名字，我发表个人看法而已啊，为了和前一个不一样让我讲不是自己真实想法我做不到！\n\n总之，竺院的有一点点做得好的每节课都会被表扬好几次，其他人会被比较、被低人一等
60513,833,熊海虹,2017-10-23 03:12:37,1,1,0,呵呵呵
62537,833,熊海虹,2017-11-26 01:34:59,1,1,0,难过，，，
62894,833,熊海虹,2017-11-27 09:42:22,3,4,1,本来觉得自己很是不是很好 但是老师给我上四了！！感觉熊老师很亲切 一直笑眯眯的～
63489,833,熊海虹,2017-12-05 05:19:25,0,1,1,还可以吧
64017,833,熊海虹,2017-12-20 13:50:31,6,7,1,我觉得老师挺好的，她毕竟是唯一能叫出我名字的大学老师了。能记住全班同学的名字，也是很用心了。
64252,833,熊海虹,2017-12-22 03:30:05,8,8,0,大英III\n\n挺认真负责的但是水平讲真不咋地，而且有点更年期，群里各种老师辛苦了真的恶心，感觉明显地偏心那些上课积极发言的人，不过这也怪不了她，老师都喜欢积极的学生嘛
65792,833,熊海虹,2018-01-09 06:54:40,1,1,0,。。。
65825,833,熊海虹,2018-01-09 11:17:50,-1,1,2,老师人很好很nice
65997,833,熊海虹,2018-01-11 01:32:27,0,2,2,可以为了一个只带了一个长学期的班，最后一课前花了两小时学跳舞。\n\n\n\nPS:我班非竺院，基本提前批。
68069,833,熊海虹,2018-01-22 14:36:52,1,2,1,英语是人生中的痛。
68162,833,熊海虹,2018-01-22 15:58:46,10,13,3,绩点3点多怪自己没努力吧。平心而论课堂气氛不错，大家发言积极，但一学期下来真心没什么收获…老师有点偏心，很明显喜欢那些爱拍马屁的学生…有点后悔选了她的大英
68199,833,熊海虹,2018-01-22 22:38:52,-2,3,5,老师挺好的，每周一篇作文确实感觉有点多，但习惯了就好了。上课确实挺水的，但是课堂气氛还不错，和评分差不多吧，人挺可爱的。以及并没有歧视非竺院班级的现象，还会学跳舞表演给我们看，人很好的。
68201,833,熊海虹,2018-01-22 22:53:50,4,5,1,给分贼差，上课只让那些英语好的说话。
68202,833,熊海虹,2018-01-22 23:00:09,4,4,0,上课她自己玩手机
68438,833,熊海虹,2018-01-23 08:07:32,-2,2,4,老师的课氛围很融洽，老师也很可爱，心思细腻的熊妈妈。但是老师脾气有点急嘿嘿。布置的作文如果认真完成可以收获很多，绩点这种东西真的主要看自己的付出吧。大英课很开心~
68879,833,熊海虹,2018-01-24 04:51:49,4,4,0,托福口语作业比起平行班真的有点多? 不过能力真的得到了很大的提升！毕竟口语这东西就是要多读多练，建议合理分配时间，择时选口语课。熊老师人真的不错，每天都很开心? 期末的时候会给每个人纠正口语上的小问题，很负责～
69728,833,熊海虹,2018-01-25 09:25:07,1,1,0,上课气氛挺好 给分一般
73035,833,熊海虹,2018-01-31 16:50:37,1,2,1,老师人超级可爱啊\n\n就是自己绩点很低，感觉辜负她了\n\n我估摸着61分可能是我根本没及格，硬凑了这么多\n\n唉，好好做人
73342,833,熊海虹,2018-02-01 11:11:49,0,1,1,3.6
75780,833,熊海虹,2018-03-17 14:37:16,3,5,2,我上的是她的托福口语，老师超可爱啊!!语音语调听起来非常积极，相比于其他老师更有激情hhh作业么肯定是要有的，口语这种东西不多说多练怎么会进步呢？上课会叫人起来发言，个人认为能够锻炼胆量和临场发挥，挺好的。
76166,833,熊海虹,2018-03-28 06:41:46,2,3,1,好老师啦啦啦
76877,833,熊海虹,2018-04-29 09:01:49,1,2,1,熊老师真的好
77457,833,熊海虹,2018-05-05 16:21:06,1,3,2,很有趣，很热情的老师
78362,833,熊海虹,2018-05-11 06:06:56,6,7,1,托福口语 讲道理没有学到什么太多有用的，不会讲很多语法或高级的词汇与语法结构，基本是每节课自己练或和搭档练，想要督促自己好好练口语或者缺学分的可以选一下，每周作业基本是tpo的六道题
79258,833,熊海虹,2018-05-29 06:33:56,8,9,1,熊海虹的大英课程事情太多了，感觉她在自己寻开心……“你们的展示太无聊了，下节课演个话剧”……老师，我们只是想把大英四学好，这些活动对我来说是一种负担。
79481,833,熊海虹,2018-06-06 10:58:22,3,5,2,老师真的挺好，有自己的想法，而且会认真鼓励每一个不同层面学生的所有小小进步，虽然老实说托福口语就要练是有点枯燥，但如果基本步都走不好怎么指望跳完整的舞段呢。
81587,833,熊海虹,2018-07-05 12:59:31,1,3,2,老师挺好，努力让每个同学说话，参与到课堂里去，最后一节课有party（感觉被组长带飞）。应该是我期末没考好，所以绩点不是很理想，但是，抛开绩点来说，这个老师真的很不错
82798,833,熊海虹,2018-07-09 22:07:31,4,4,0,感觉这个老师真的有点讨厌，上课并不能学到什么，作业量又多，给分并不觉得好，重点是偏心不要太严重好不好呵呵哒
83044,833,熊海虹,2018-07-09 14:15:02,7,9,2,托福口语 说一下吧。课程技能收获一般，练习比较多，作业认真做是耗时的，但会有进步。熊老师是好老师，很热情很亲切，说话声音比较有个人特色。对待不同基础的同学都很好，给予很多鼓励，个人没有感觉到一些评论中说的有色眼镜区分对待的问题。给分比较实在，个人觉得算不上给分好，但也算不上给分差。
83491,833,熊海虹,2018-07-10 12:11:32,7,9,2,老师水平一般，托福口语学不到什么东西，而且给分不怎么样诶。
84047,833,熊海虹,2018-07-12 02:32:32,1,6,5,绩杀。气死我了，呵呵。
85757,833,熊海虹,2019-10-28 15:11:11,-8,13,21,sb
85782,833,熊海虹,2018-08-09 09:24:16,-1,5,6,托福口语学不到有用的东西，自学都能做到
92095,833,熊海虹,2018-12-26 09:56:25,0,6,6,非常喜欢小熊老师，上课非常亲切。个人觉得并不存在很严重的歧视问题，因为老师比较喜欢上课积极发言态度认真的学生不是常态吗？而且上老师的课，不管你基础好不好，老师都会鼓励你大胆说出来总之气氛非常好。我想问你们有些人，学英语只是为了拿个绩点吗？给你低分的老师就是坏老师吗？你真的觉得期末临时抱佛脚一两天就能拿到满绩吗？
92199,833,熊海虹,2018-12-27 04:04:47,4,5,1,大英四老师每周一篇写作 想水的同学勿选
96029,833,熊海虹,2019-01-20 11:40:53,4,5,1,基本每周会布置作文，讲得还行，诶，是我平时不用功，绩点不高啊(=_=)
96041,833,熊海虹,2019-01-20 11:57:06,12,13,1,被卡绩了。难受
96043,833,熊海虹,2019-01-20 11:58:13,3,5,2,老师其实很可爱 课堂气氛也很活跃 但是干货不多 能学到的东西比较少 每周一篇作文 自己锻炼一下写作能力也很好呀
96047,833,熊海虹,2019-01-20 12:02:23,0,4,4,老师挺可爱的，课堂气氛很活跃，口语不好的同学在课堂小组讨论里能很好的锻炼自己的口语。可能还是自己太菜了，绩点不很高被卡绩了，但也能看过去。
96055,833,熊海虹,2019-01-20 12:05:50,-8,6,14,老师超可爱啊啊啊啊啊很关心学生对大家很好 热评的什么歧视完全没有！虽然绩点没有上4但是收获很多 课堂氛围超快乐 上课一点压力没有吹爆老师！
96057,833,熊海虹,2019-01-20 12:06:14,19,23,4,1.说实话，上课讲得太快只是走个过场。感觉学不到东西。\n\n2.上第一堂课的时候就跟我们夸竺院的，还问班里有没有竺院的学生。结果班里一个都没有。于是以后训斥我们的时候都拿我们和竺院的比较，说我们多么多么不行。\n\n3.太计较了，要求我们每当她在群里发完消息的时候，都要回复谢谢，为此还训斥过我们。简直……\n\n4.非竺院而且不是很积极的孩子请慎选
96079,833,熊海虹,2019-01-20 12:29:31,3,10,7,垃圾老师！毁我均绩！
96085,833,熊海虹,2019-01-20 12:36:50,6,8,2,虽然绩点惨不忍睹，但是我不会因此讨厌老师的，还是自己不够努力。
96152,833,熊海虹,2019-01-20 13:35:37,7,8,1,惨不忍睹
96203,833,熊海虹,2019-01-20 14:19:54,-3,5,8,真的是一个特别好的老师\n\n上她的课能力会得到很大的提升\n\n抛开绩点来说老师真的非常可爱\n\n很想再选上小熊老师的课
96219,833,熊海虹,2019-01-20 14:36:01,2,6,4,老师真的很好，绩点很凉\n\n不过大英主要还是要看自己吧……
96385,833,熊海虹,2019-01-21 01:58:38,0,6,6,那些说老师的，你们怎么想的。绩点完全靠自己。
97963,833,熊海虹,2019-01-23 02:48:04,8,9,1,被卡绩了
98273,833,熊海虹,2019-01-23 08:59:23,1,8,7,熊老师好亲切，上课体验极好!其实大英这种课最后的绩点完全是考个人考试发挥，与老师的给分关系不大。有些人觉得上课没学到什么东西，可能是觉得和高中相比，词汇语法之类的东西讲得少了些吧。但其实到了大学这个阶段，单词语法完全可以自己平日逐渐积累学习，然后充分利用上课时间进行口语和听力的练习。感觉只要平日功夫下足了，考试之前不用太准备，把单词过一遍，绩点也会很好看的~
104624,833,熊海虹,2019-03-25 10:52:33,8,10,2,英四上课其实还好，没有什么歧视\n\n然而卡绩
106326,833,熊海虹,2019-04-26 10:36:02,2,4,2,老师很亲切
106337,833,熊海虹,2019-04-26 12:00:02,0,3,3,老师挺好的，负责任
108665,833,熊海虹,2019-05-30 16:48:32,0,3,3,老师真的很亲切
110089,833,熊海虹,2019-06-22 12:22:10,-2,6,8,老师十分之亲切呜呜，所以根本不理解热评说的歧视是什么意思，老师人真的超好！十分！
110597,833,熊海虹,2019-06-27 14:58:11,1,4,3,不爽的老师
118198,833,熊海虹,2019-10-22 15:10:18,-7,8,15,老师见闻挺多 欧美啥的旅游不少 上课也讲讲 拓宽视野 作文布置挺好 口语也练很多真的会有提高 \n\n但是减分项太多了吧\n\n中英混杂真不能忍啊啊 老师事情多可以理解 但是至少要把课备好吧 那次12.6分作文事件我可真是醉了\n\n上课表扬很多次别的班课下跟她互动的同学 可是我们连她联系方式都没有啊??? \n\n还有对课代表的极度极度偏爱 就算她挺优秀 但不是只有她才可以去各种大赛吧 用一种事后选举的方法选人参赛我吐了\n\n题外话\n\n不得不说 大英四也很多垃圾学生 练口语的时候旁边我的partner就知道说“她让我们干什么”“我没记住听力里面的内容”\n\n我就嗯??? 你就不会自己听???你就不能说说你自己的想法???写个作文在冰果上改n次还在群里问怎么把分数提高点??? 应试教育应太多了吧??? 就问了那零点几分绞尽脑汁???
118568,833,熊海虹,2019-10-28 15:12:05,1,4,3,老师很好啊…怎么觉得像不是一个老师一样
120510,833,熊海虹,2020-01-12 00:19:54,2,3,1,害，背了一个学期单词，3.6
120681,833,熊海虹,2020-01-15 06:13:32,0,11,11,说句真心话，自己努力学了一学期英语最后被卡绩点，您能有点师德吗？反正想拿高分的别选她，烦死！打乱了我接下来一年的计划，真是个SB老师
123218,833,熊海虹,2020-05-21 02:59:39,7,8,1,超级差，网课十分水，就放视频，教学水平不行，作业倒是挺会布置
123312,833,熊海虹,2020-06-02 11:40:18,12,14,2,托福口语课，上课内容没什么干货，全是做题，很严重的偏心，永远只关注那几个她喜欢的学生
123448,833,熊海虹,2020-06-09 03:38:10,0,3,3,很喜欢熊老师
123989,833,熊海虹,2020-06-19 02:02:28,6,8,2,帮助排雷，托福口语课什么也学不到。作业想水也能水。老师自己发音也一般，声音不错，但没有地道的英语感觉。
124126,833,熊海虹,2020-06-24 23:36:33,5,7,2,带了自己一年，十分感谢熊老师的付出，熊老师真的是一位非常棒的英语老师！
124878,833,熊海虹,2020-07-14 08:55:48,11,13,2,挺差的，有点像小学老师，蠢萌她只占了第一个字\n\n作业很多，上课水
125182,833,熊海虹,2020-09-03 06:14:47,5,6,1,事多，上网课有点敷衍，给分也不好。
126826,833,熊海虹,2020-10-22 00:28:44,12,15,3,没见过这么恶心的英语老师，不讲课文单词，说话阴阳怪气而且自我感觉极其良好。
128148,833,熊海虹,2020-12-08 15:21:28,0,3,3,蛮不错的老师呀，说话很温柔，上课也很有耐心，经常用互动的形式来提高英语口语，在她的班上课感觉真的很好哦
128781,833,熊海虹,2020-12-25 09:26:27,0,5,5,熊老师对迟到不到都很宽容，肯可能有时候说话很带情绪，但是我觉得老师真的不错…会发小礼物，会开玩笑…英语课是一门有用的课，而不是水课啊。
130362,833,熊海虹,2021-01-21 11:16:17,-2,3,5,熊老师上课非常好，还有小礼物，值得推荐！
131351,833,熊海虹,2021-01-27 07:11:01,-3,4,7,老师英式口音听起来超级舒服！！！而且有时候会开些小小的玩笑活跃课堂气氛，老师的教学也很注重词根的学习，还是很有用的，9分
134362,833,熊海虹,2021-03-25 01:44:42,14,16,2,没有大学老师的样子
135245,833,熊海虹,2021-05-06 17:38:15,-2,5,7,老师真的超级好呜呜呜\n\n为学生着想的老师！
136410,833,熊海虹,2021-06-17 15:12:56,3,5,2,拉
138831,833,熊海虹,2021-07-11 06:28:26,-3,2,5,每大英4:4周一篇作文，虽然很烦不过也是可以逼自己进步。老师好可爱真的真的。
139465,833,熊海虹,2021-07-16 06:35:28,0,3,3,老师好是真的，给分严格也是真的
140455,833,熊海虹,2021-09-12 07:42:23,-5,1,6,上课教书啥的不算差，比较喜欢大家积极一点，不然会生气。学院歧视，可以说是“跪舔”竺院了，这点对谁都不公平。别的不是很了解，个人感觉zzlc有点那啥。
144779,833,熊海虹,2021-12-23 14:35:32,-4,1,5,好好好
145389,833,熊海虹,2021-12-29 09:56:06,2,6,4,我感觉没有评论里说的什么跪舔竺院呀？没看评论的时候我还以为老师评分会9.9分以上呢。
147019,833,熊海虹,2022-01-08 12:37:04,7,8,1,自我感觉算中等水平吧 结果绩点一出1.5 就无语 中等水平怎么着3左右吧 这么低是真的没有想到 平时成绩怎么样也不说 有点难受
147081,833,熊海虹,2022-01-08 15:24:40,8,9,1,太难受了，感觉绩杀
149624,833,熊海虹,2022-01-16 08:32:21,10,11,1,绩杀，卡绩，还不捞，相信我，想拿高分的同学快跑！！！
149626,833,熊海虹,2022-01-16 08:34:22,8,9,1,上课什么也学不到，还绩杀，一点也不调分，就这老师，我也找不到什么优点了。
151004,833,熊海虹,2022-02-22 01:23:47,-6,2,8,上课第一次有班级的感觉，氛围也很好，不会强制发言，大英学习自身很重要，考试好好考最后拿到了很好的分数
151748,833,熊海虹,2022-03-14 13:49:27,-2,3,5,老师人真的很好，我口语很差，但是在老师的鼓励下有了很大的进步，感谢老师！
151875,833,熊海虹,2022-03-18 20:17:41,9,11,2,大一想卷绩点的快跑，不捞人，把平时分自由度卡到5以下，我是接受不了，快跑吧，究极绩杀老师，3分大英直接绩点毁天灭地
151876,833,熊海虹,2022-03-18 21:12:14,7,7,0,连陈昆福都不绩杀了，建议改成从不绩杀熊海虹
156238,833,熊海虹,2022-06-18 12:03:12,1,4,3,老师口语很好，很有个性，会批评不认真的同学。给分不错，谢老师捞我
159305,833,熊海虹,2022-07-11 15:27:30,2,6,4,客观评价：选课前查老师上看到说Mrs熊有色眼镜很重，前几次课一直胆战心惊的，但到后来，我理解了其实Mrs熊是因为性格的原因，Mrs熊是一位比较敏感、比较多血的老师，因而对上课效果的要求是比其他老师高的（从一次由代课老师上就能看出来），上课效果就是学生积不积极，对于Mrs熊来说就是这个学生好不好。在浙大没有什么对一个学生群体能很好评价的指标，所以熊老师选了竺院做标签，对竺院学生与其说偏爱，毋宁说是比较钦慕，希望别的同学能像这些她见过的积极的竺院学生一样。其实我感觉Mrs熊对英文好不好不是很在意，但是对上课乐不乐意回答问题是非常在意的。一个学期下来熊老师虽然也有小夸过竺院学生一次，但已经没有其他同学说的那么夸张了（当然也可能是我们班有几个同学比较积极把老师哄好啦有关系）。对于其他的问题，我认为Mrs熊在词汇语法上能教的或许比较少，但是认真学还是能学到不少，尤其是在口语上。熊老师也是一个很会考虑学生很和善的老师，当然除非做了什么过分的事情。我觉得熊老师的价值观也是非常正的，对上课的准备非常认真，互动非常多，个人觉得效果是很好的，能让我一整个学期不打瞌睡（真的，那个代课的老师虽然漂亮，但是课真的不怎么样呢，一下就困了……）最后，若要问为什么我会这么认为熊老师的性格，问就是我npy也是多血质，和Mrs熊真的很像）
160482,833,熊海虹,2022-09-24 03:59:21,-1,2,3,。。。
160651,833,熊海虹,2022-09-29 09:35:16,9,10,1,我们不合适
160737,833,熊海虹,2022-10-08 08:21:15,13,14,1,不适合社恐人
160937,833,熊海虹,2022-10-20 09:02:07,8,9,1,说话阴阳怪气，什么都学不到还那么多作业，就这就这？
163508,833,熊海虹,2022-12-14 16:45:50,8,9,1,不适合我
163625,833,熊海虹,2022-12-16 01:06:34,-13,0,13,其实我觉得熊老师还挺好的，学期初预置的时候看这里评论都挺低还挺害怕的，但是上了一学期感觉老师真的很用心在关心每一个同学，就是上课需要互动性，只要积极发言老师就会喜欢的！
164923,833,熊海虹,2022-12-27 15:54:59,5,5,0,说话较为阴阳怪气，而且自我感觉的确良好。课堂互动多
164926,833,熊海虹,2022-12-28 00:32:19,7,10,3,讲真上大英三就真的会纯纯无语住，老师总偏爱那些上课积极发言的人，不管他们一次发言里面到底是中文多还是英文多；竺院人在非竺院班上课，客观来说她对竺院班有褒有贬，那为什么要强调竺院呢；以及本人真的不喜欢发言，口试那天因为🐑很难受但是要自己协调，已经被搞心态讲的稀巴烂了；课堂氛围是不错，但确实也没学到什么东西，唯一会的应该是课前临时抱佛脚背的几个单词以及不定期瞎编的作文。
164927,833,熊海虹,2022-12-28 00:40:24,7,7,0,大英三，只能说是基本没学到什么有用的新东西，平时上课就偏爱上课发言的同学，也不管口音是否标准或是否使用英语，很无语。而且在口试的时候是按随机名单来的，理由竟然是为了自己方便，和班长提出我们可以按平时的小组来做一个新名单，结果老师根本不理，而且一意孤行，这就使得平时的小组讨论基本没什么意义。
168360,833,熊海虹,2023-02-13 17:20:53,4,5,1,一言难尽
168652,833,熊海虹,2023-02-20 14:43:03,17,18,1,真的服了，50多分还挂，nc吧（我上课也回答了问题，没有一次旷课，听写也一直不错）真的气死人了。这个老师平时事也多，而且写作给分也比其他老师低很多！！！我的舍友百度翻译作文都比我高，真的无语死了。怎么说，想过的人别选她，真的。。。。您睡得着吗？（微笑）
169222,833,熊海虹,2023-02-24 19:15:17,5,9,4,直接骂了，纯jb脑瘫
169592,833,熊海虹,2023-02-27 04:49:54,-5,1,6,老师特别好，人很关心同学，上课要给老师印象，想水的也能水，基本没有很多presentation，上课很认真，全是书本。
170761,833,熊海虹,2023-03-09 07:03:27,2,3,1,建议社恐出门左转换课，给分不好+事很多，跟舍友老师差的不是一点半点
171438,833,熊海虹,2023-03-24 07:54:12,4,4,0,托福口语 感觉有明显偏心喜欢点的就那么几个人…
172057,833,熊海虹,2023-04-18 08:27:03,2,3,1,感觉是很好的老师，虽然最后的考试说的一塌糊涂，但还是希望老师能捞一下555
172058,833,熊海虹,2023-04-18 08:36:36,0,2,2,感觉老师整体而言还是挺好的，但我真的口语废物感觉半个学期进步不大（当然这完全我自己的问题），在口语上想取得进步真的是一件好难的事55
173924,833,熊海虹,2023-06-04 15:35:03,2,4,2,事多，挺严厉的，卡绩
179730,833,熊海虹,2023-09-19 15:09:38,1,2,1,给分感觉不太行。。
180374,833,熊海虹,2023-09-21 09:17:09,4,6,2,钉钉发消息就是不会是吧，咋就您一个人忙呢？
181599,833,熊海虹,2023-10-24 03:02:00,0,2,2,真的可以说是偏爱某些同学，完全不顾其他同学，发言的永远是那几个同学，一节课下来也真的学不到什么东西
184178,833,熊海虹,2023-12-12 02:26:31,-4,1,5,史史史
184682,833,熊海虹,2023-12-22 07:09:53,4,5,1,不要只相信评论，不要让刻板印象影响你的选择。
184865,833,熊海虹,2023-12-23 15:27:56,3,4,1,一个人到底是什么样，从来不是其他人靠嘴皮子说说就能决定的。来浙的第一年遇见老师是我莫大的幸运，老师人真的很好，有过很多感动和温暖的时刻。老师明年就退休了，不知道什么时候才能再见到您了，我会一直很珍惜这段岁月
184889,833,熊海虹,2023-12-24 03:45:51,1,1,0,托福口语，想考托福的赶紧来，上课主要是练习（这玩意你不练还想怎么提高？）练习前讲一下技巧，挺有用的，考试就是把平时练的东西串一次。\n\n给分方面，会根据相对水平给分，口语水平不太好的同学，如果经过练习有提高（通常口语不好提高更明显），也会拿到较好的成绩。\n\n我是今年夏学期的，今天选课正好看到，来补个评价。
185045,833,熊海虹,2023-12-26 04:19:00,3,3,0,老师特别可爱🥹🥹🥹
186347,833,熊海虹,2024-01-10 14:30:30,0,0,0,老师人还是很好的，具有人文关怀，多主动和老师沟通便好
186403,833,熊海虹,2024-01-11 03:17:19,2,4,2,卡绩 慎选
186484,833,熊海虹,2024-01-11 09:37:23,0,1,1,最后绩点3.6，还算平稳落地吧，没有什么奇迹，但也没有意外失手。其实还是自己期末考试一般般，这占比可是60%呢，其实老师能够调整的也有限。还是很感谢老师这一个学期的教导，可能事情有点多，课堂上要求有点高，但是是因为老师真的想让我们学英语，用英语。最后的最后，成绩大家还是多从自己身上找原因，老师调整的范围也有限，还是要靠自己。
186517,833,熊海虹,2024-01-11 12:23:50,1,2,1,老师喜欢互动，所以不敢发言的朋友最好祈祷班里有多几个积极发言的（）但是回答不出来也不会骂你，人还是蛮好的。
186663,833,熊海虹,2024-01-12 11:43:53,1,1,0,老师上课喜欢互动，有人会举手回答问题的话她就会高兴，没有的话就会有点不开心。可能因为我们班有几个同学举手发言蛮积极老师被哄得很开心。我感觉老师人其实挺好的，听写什么也不会像我同学老师一样有纸质记录，只会走下来看看成绩。而且考试的时候老师去考场检查我们有没有涂ab卷和评分人，太感谢了因为这两个我都没填上啊啊啊，老师在考试前也有在班里提醒，但那个时候我走神了没听。虽然开学被预置了她的课我确实有被查老师上的评价吓到，但一学期上下来，我觉得她是位不错的老师。
187162,833,熊海虹,2024-01-15 01:42:35,0,1,1,之前的帖子所说的歧视非竺院相关学生的情况已经没有了\n\n很负责任的老师
187431,833,熊海虹,2024-01-16 06:26:40,1,1,0,事多卡绩，有的时候会突然发脾气，莫名其妙
188865,833,熊海虹,2024-01-20 10:19:01,2,2,0,3.6，比我想象的还好一点，但我还是对这个老师持负面评价
190271,833,熊海虹,2024-02-27 02:19:54,0,1,1,事多分低……上课会莫名其妙发脾气  也确实会偏爱那几个比较爱发言的同学  感觉是那种比较死板传统的小学老师形象 还有上课的pre一开始不是说自愿报名吗？怎么后来突然就生气说没报的那几个同学是什么意思 逼所有人都报上了
193685,833,熊海虹,2024-06-15 10:09:57,0,0,0,听说还会在意查老师评价，上完了很难评价啊只能说，哈哈哈哈，
195105,833,熊海虹,2024-06-26 23:23:48,0,1,1,老师退休快乐！
74856,856,楠元景子,2018-03-06 06:35:22,1,1,0,naive
23615,873,沈弘,2016-04-10 04:24:39,8,8,0,爱念PPT，有时PPT都没有。年纪大了记性不好
32100,873,沈弘,2017-06-09 06:45:38,6,9,3,考试难给分坑，平时作业很多，老师确实是学术权威，但是上课只会念ppt，如果想水对分数无需求可以选，如果想又水分又高，去隔壁班，最低分都是4
48779,873,沈弘,2017-03-13 01:56:15,6,6,0,作业特别多，不喜欢文学的同学一定慎选
49261,873,沈弘,2017-03-31 09:06:11,-3,3,6,满足了对大学教授的所有幻想。
51760,873,沈弘,2017-06-09 06:44:39,0,1,1,老师并不怎么念ppt的好么，你确定，认真，上过他的课？！上他的课你先确保你有一定的英语水平，仅仅喜欢文学是不够的。
56991,873,沈弘,2017-07-05 06:04:00,1,1,0,评分好，人好
57892,873,沈弘,2017-07-17 02:42:21,3,3,0,搞研究厉害，讲课不行，讲的内容很难但自己讲不清楚，作业特别多也很难，在课程结束后也不知道自己答的对不对。
59598,873,沈弘,2018-04-26 06:28:29,0,2,2,沈老师学识渊博\n\n上他的课很有收获\n\n给分合理。\n\n作业虽多，\n\n不过试问，\n\n愿意给学生改作业的大学教授有多少?!\n\n他的事情在忙\n\n也很愿意给学生答疑解惑。\n\n比那些只会灌鸡汤，尬幽默，充当人生导师，却没有什么干货的老师高明不知多少!\n\n
76348,873,沈弘,2018-04-04 02:16:41,0,0,0,讲课不行
85583,873,沈弘,2018-07-20 02:27:00,0,0,0,名著精读，读起古英语真的很帅气了。想期末复习顺利平时一定要好好做作业
117918,873,沈弘,2019-10-10 07:28:20,0,0,0,过哈哈哈
615,937,徐雪英,2015-03-15 07:24:19,50,63,13,口音标准 很有水准的老师 超爱
1290,937,徐雪英,2015-03-21 17:36:07,15,23,8,讲得非常好，作业也适中
4651,937,徐雪英,2015-06-25 14:32:45,15,21,6,很给力，选了她2次课，好好学习\n\n
5064,937,徐雪英,2015-07-03 05:12:45,34,47,13,选了她两门课，第三门还要跟着。人超好，水准爆炸，如果外语学院有更多的基础课来支撑她的翻译课就好了………
9499,937,徐雪英,2015-10-29 03:38:41,3,6,3,棒棒棒
10051,937,徐雪英,2015-11-15 03:43:58,2,4,2,太棒了
12263,937,徐雪英,2015-12-22 15:30:20,12,16,4,雪英脑残粉，推荐连续选她的课，学习系统比较连贯
12433,937,徐雪英,2015-12-23 09:15:34,0,3,3,跟着老师上了三学期！强烈安利！作业量适中 上课可以学到很多
13269,937,徐雪英,2015-12-26 03:47:17,2,4,2,女神！崇拜之情如滔滔江水啊！大牛！！
13290,937,徐雪英,2015-12-26 08:12:59,0,2,2,温柔体贴（≧∇≦）
13291,937,徐雪英,2015-12-26 08:14:26,12,17,5,跟着徐老师一年半了 真的是个很负责 很认真 而且很有阅历的老师 一年半来收获很多 也谢谢老师教会了我那么多 接下来还有徐老师的专业课的话一定还选徐老师
14611,937,徐雪英,2016-01-08 03:03:59,2,4,2,老师不仅教的好 人更好！上次我电脑不小心忘在教室老师还怕丢帮我收着～大爱女神！
15040,937,徐雪英,2016-01-11 15:46:30,6,10,4,雪英脑残粉！水平高讲课好从大一上到现在三个学期一直有她的课大学里面最喜欢的老师没有之一！下学期没有她的课感到整个人都不好了π_π
15998,937,徐雪英,2016-01-17 02:54:44,0,2,2,老师讲的很好，很喜欢
16152,937,徐雪英,2016-01-17 10:35:01,0,2,2,好老师。
18807,937,徐雪英,2016-01-22 14:41:38,0,1,1,人好，专业。
19526,937,徐雪英,2016-01-24 14:00:52,0,2,2,很好的老师 第二节课开始每次都坐坐前面啦
20596,937,徐雪英,2016-01-29 00:21:57,0,1,1,讲得好 人也好 上课有收获
20607,937,徐雪英,2016-01-29 02:44:52,2,4,2,受益匪浅 作业有点多
22679,937,徐雪英,2016-03-10 01:12:28,4,5,1,不水有干货，浙大官方的东西很多都是她负责翻译的。对学生很好。
23124,937,徐雪英,2016-03-18 10:55:43,0,2,2,很不错的老师
24254,937,徐雪英,2016-04-29 02:33:47,0,2,2,老师上课欢乐有激情，能调动积极性，讲很多干货，作业每次都查比较认真负责。\n\n作业每节课都有但是不多。\n\n\n\n就是讲的内容有时候有点问题，和学生会争论起来
28339,937,徐雪英,2016-06-28 08:35:52,2,4,2,很博学，翻译水平超级高~
29883,937,徐雪英,2016-06-30 12:57:49,0,1,1,徐老师讲得挺好的，干货满满，唯一的遗憾就是不能拷贝课件啊！
30468,937,徐雪英,2016-07-01 16:10:45,0,1,1,有意思的翻译课，和金老师的关系真的很好(⊙o⊙)
32038,937,徐雪英,2016-07-05 12:51:05,16,21,5,水准高的爆炸啊~ 上课干货满满，很多官方文件都是徐老师翻译的！老师很有气质很温柔！特别有趣，讲很多趣事助于理解，课堂气氛活跃舒心，大学里真的没有遇到更好的课堂了，还交到了好朋友~女神级人物呀！给分也好~
32664,937,徐雪英,2016-07-09 01:36:25,2,3,1,干货多！英语发音标准！给分很好！外院女神！
33999,937,徐雪英,2016-10-17 13:05:16,2,3,1,不错啊
35301,937,徐雪英,2018-12-21 08:42:47,-78,11,89,上课不允许睡觉，不允许玩手机，还不允许看别的书。管的太多、差评！
35305,937,徐雪英,2018-12-21 08:38:33,-75,17,92,垃圾老师，垃圾课程，经常拖堂，作业狂多，千万不要去
36951,937,徐雪英,2016-11-16 15:57:31,4,7,3,很有收获，灵魂得到了升华，获得了丰富的精神力量。啊她真是翻译系的女神～
36972,937,徐雪英,2017-01-19 17:11:52,6,13,7,我感觉作业多是好事啊 效率就是这么提高的...我用来看综艺的时间就少多了 而且学到新东西啊 基础英汉互译班上都是翻译辅修的同学吧 我觉得真的对翻译感兴趣就不会嫌练习多 不然什么都没学到不是浪费时间吗 冲绩点高想水过去的同学拜托你不要来了 有很多同学真的很想上选不上课的好吗? | 出分啦!!!认真学认真准备小测期末考试不愁给分还好得不行，感兴趣的同学们基础英汉互译炒鸡棒的！
39665,937,徐雪英,2016-12-27 02:15:48,2,3,1,在浙大上的所有英语专业课里最喜欢徐老师的课～态度认真，教学水平高，能学到很多。
39894,937,徐雪英,2016-12-28 06:34:34,0,1,1,超棒！
41143,937,徐雪英,2017-01-09 12:25:36,1,2,1,又暖又有趣。自带女神光环的老师
45546,937,徐雪英,2017-01-19 17:52:24,3,4,1,超级棒的老师 翻译水平非常高 给分也很好
45756,937,徐雪英,2017-01-20 04:33:53,4,5,1,发音好听，温柔可爱，给分也不错~下学期继续跟老师学中级英汉互译，开心！
46196,937,徐雪英,2017-01-21 01:53:59,3,6,3,事情很多但是收获很大 老师不卑不亢特别女神范 给分超级棒
46237,937,徐雪英,2017-01-21 04:29:26,7,9,2,是个专业水平很高人也很好的老师 英语口音很棒 上课很负责
47866,937,徐雪英,2017-02-26 14:36:37,6,7,1,人挺和蔼，总体还不错，但是觉得讲课缺乏系统性，作业有时有点多
48285,937,徐雪英,2017-03-02 02:11:18,1,2,1,女神～～～\n\n
50405,937,徐雪英,2017-05-02 16:00:07,0,1,1,老师性格，教学非常好。不过有点严格的标准。
51396,937,徐雪英,2017-06-04 15:03:15,0,1,1,讲得很好，人也很厉害
52582,937,徐雪英,2017-06-21 07:45:38,0,0,0,很好！干货满满！
56827,937,徐雪英,2017-07-05 06:59:57,2,4,2,以后只要是碰到翻译，都会想到徐老师了。\n\n
56939,937,徐雪英,2017-07-05 04:12:16,2,4,2,老师口音好，爱笑，人温柔。课堂内容安排的很具体，感觉有收获。（自己也要注重课后知识积累哈）而且安排任务之后会用手机设闹钟，觉得很有计划性，不是随便拖拉的课程。老师说自己会不会讲的太慢，但对我来说刚刚好，能合上节奏。幸运能上老师的课。
56982,937,徐雪英,2017-07-05 05:38:49,1,3,2,温柔可爱爱笑，非常有水准又用心，能记住绝大多数同学，平时压力不算大，但还是需要花一下时间的，给分不用担心~推荐~
56999,937,徐雪英,2017-07-05 06:27:23,0,2,2,上课干货超多，老师很有个人魅力，对翻译工作和教学很有热情。还想再上徐老师的课！
58141,937,徐雪英,2017-08-06 09:28:18,1,4,3,首先，老师的专业水平很高，哪种翻译更地道、相近词语间的差异都能作出令人心悦诚服的讲解，另外老师也很有耐心、很愿意贴近大家，内外兼修，为老师打call
59361,937,徐雪英,2017-09-21 04:04:44,0,2,2,下次还想选她的课 喜欢
60894,937,徐雪英,2017-11-01 23:00:45,0,2,2,超超超喜欢的老师特别可爱 水平很高 在课上能学到很多东西
63673,937,徐雪英,2018-01-26 06:21:45,1,5,4,给分不错
63755,937,徐雪英,2018-01-25 10:17:27,0,5,5,和别的翻译老师比上课的压力算是很大的 课上一直在翻译句子\n\n但是给分真的真的很好！期中quiz考的超级渣期末考的也好多不会居然都有4.2…
63986,937,徐雪英,2017-12-20 12:30:19,-1,3,4,超棒！干货满满 气氛很轻松 老师人超好
66019,937,徐雪英,2018-01-14 14:12:45,0,1,1,老师干货挺多的
69777,937,徐雪英,2018-01-25 11:18:09,0,1,1,美滋滋
69805,937,徐雪英,2018-01-25 12:16:50,2,3,1,太喜欢徐老师了！从第一次课就觉得她是个很好的老师！！
71998,937,徐雪英,2018-01-29 07:43:40,0,1,1,老师人很亲切也很专业，上课一直有事做，能学到东西，给分很好了！谢谢老师！
72603,937,徐雪英,2018-01-30 13:23:33,1,2,1,老师真的太棒太棒了，讲课有理有据令人信服，十分专业，这学期也一直学的比较努力，感谢老师给满绩，下学期还会好好学习
73034,937,徐雪英,2018-01-31 16:49:24,2,3,1,能上徐老师的课，非常幸运。\n\n
74538,937,徐雪英,2018-03-03 06:13:00,2,3,1,早知老师这样好，我真应该从一门课就跟着她
75042,937,徐雪英,2018-03-07 06:19:07,3,4,1,元气满满的老师！洗翻！
80017,937,徐雪英,2018-06-19 04:17:46,1,2,1,老师好温柔，上课也很棒，是女神本人了~
84616,937,徐雪英,2018-07-13 10:31:47,0,1,1,给分真好。很轻松的课。
88779,937,徐雪英,2018-11-07 15:15:28,15,17,2,总结几个关键词: 元气、可爱、关心体贴、负责、严格细致、博学、说到做到
96309,937,徐雪英,2019-01-20 23:05:23,1,2,1,太棒啦
102097,937,徐雪英,2019-01-30 12:25:55,4,5,1,评论里谈徐老师教学水平的很多了，我来讲讲老师可可爱爱的一面吧！老师上课会不时讲一些趣事，印象很深的是有一回讲“长春市长春药店”，全班爆笑。下学期中级英汉互译再见啦！
103699,937,徐雪英,2019-03-04 08:45:48,0,0,0,好好好！
104184,937,徐雪英,2019-03-21 05:55:24,0,1,1,以后希望能一直上老师的课！
104380,937,徐雪英,2019-03-19 06:10:33,0,1,1,老师不要生气，好评
105030,937,徐雪英,2019-04-02 14:22:21,0,2,2,总体还不错?
106572,937,徐雪英,2019-04-28 06:59:18,1,2,1,希望能一直选上老师的课，老师让我爱上翻译
108481,937,徐雪英,2019-05-26 14:57:02,1,2,1,老师太暖了(｡･ω･｡)
118861,937,徐雪英,2019-11-07 06:00:22,0,1,1,很不错
124847,937,徐雪英,2020-07-13 06:07:23,-2,2,4,😒😒
127787,937,徐雪英,2020-11-27 04:50:38,0,1,1,我爱女神
128072,937,徐雪英,2020-12-06 09:17:59,0,5,5,客观一些就会更好
130364,937,徐雪英,2021-01-21 11:23:23,2,3,1,我想给100分的评价可以吗？
130383,937,徐雪英,2021-01-21 13:39:29,0,1,1,喜欢！！！
133135,937,徐雪英,2021-03-27 01:15:11,2,3,1,翻译水平高，教学能力强，性格超级好，这样的老师谁不爱呢，前排表白女神！\n\n外专业学的基础英汉互译，平时上课认真听，老师布置的作业认真完成，也不需要额外的付出，最后拿了4.8
133159,937,徐雪英,2021-02-11 12:31:21,0,10,10,不太清楚为什么努力了一个学期 作业每次认真对待 上课积极回应 可是绩点真的差强人意...不太懂 看来查老师的评分真的只能参考啊 主要还看个人啊..
133952,937,徐雪英,2021-03-10 11:17:46,4,5,1,我永远喜欢雪英老师。
139872,937,徐雪英,2021-08-05 13:14:10,0,1,1,本人属于基础和中级都没上过就选高级翻译的，非常感想老师的帮助！老师的水平超级高，人超级好，你就是能学到很多平时语言学习中学不到的东西，据说老师下一年不叫基础了，呜呜，超级好的老师！！！！！
142453,937,徐雪英,2021-11-11 14:52:58,0,1,1,徐老师太好了，满分满分！
144413,937,徐雪英,2021-12-21 11:26:41,1,2,1,考完来评，反正很好）
150890,937,徐雪英,2022-02-21 00:53:33,1,2,1,老师专业水平绝对没得说，各种表达信手拈来，而且对学生相当关心，好评好评
153535,937,徐雪英,2022-05-04 06:10:34,0,0,0,嘤嘤嘤
153746,937,徐雪英,2022-05-10 03:49:32,3,4,1,浙大没了xxy老师怎么活！！！literally everything on campus都是她翻译的（doge
155438,937,徐雪英,2022-06-12 16:36:08,2,3,1,老师每节课都点名，看得出来水平非常高，若是老师线上课的话是一定要开摄像头的，而且老师会很仔细看你在干嘛。觉得课堂节奏有点快了不是很来得及跟上。
155929,937,徐雪英,2022-06-16 14:54:34,3,4,1,希望我的答卷没把老师气死（doge）老师很好很温柔
157835,937,徐雪英,2022-06-25 05:04:17,2,3,1,老师很厉害 很nice 但是出分有点慢
158598,937,徐雪英,2022-06-30 13:59:08,0,2,2,老师水平很高 对学生也很关心 阅历深厚 有时会扯开讲到别的事上（往往这个时候听得格外认真）给分也不错
158625,937,徐雪英,2022-07-01 01:06:22,4,5,1,老师给分很好，课程对翻译能力的提高也很有帮助
158809,937,徐雪英,2022-07-02 11:32:40,1,2,1,基础英汉互译，老师的课堂练习强度还是挺大的，作业量也较大，但是收获也很大！给分也蛮好的！而且老师会补充一些知识和见闻，感觉是真正大学的课堂。
161512,937,徐雪英,2022-11-08 04:31:51,-4,4,8,专业水平很高，上课很无聊。请问中午一个小时的课间您能按时下课吗？？？
162680,937,徐雪英,2022-12-04 02:24:15,0,0,0,徐老师yyds
164518,937,徐雪英,2022-12-21 11:47:50,8,11,3,徐老师水平非常高，而且在翻译领域深有建树，同时也有数十年教学经验。但个人感觉她的一些观念还是略显陈旧，而且有时候会在课上聊一些和课程、翻译完全无关的内容。。。。另，徐老师很重视学习态度
165943,937,徐雪英,2023-01-10 12:50:41,1,2,1,全是干货 超级有收获 老师人超级厉害
168084,937,徐雪英,2023-01-26 07:26:01,0,2,2,老师给分真的真的太好了
168382,937,徐雪英,2023-02-15 08:12:46,-2,0,2,爱了爱了，会让你对英语这门课产生兴趣的老师！
168878,937,徐雪英,2023-02-23 07:49:23,0,1,1,老师很负责任，水平很高，很有爱
184619,937,徐雪英,2023-12-22 03:37:35,0,1,1,爱雪英！！！
203506,937,徐雪英,2024-11-20 01:47:54,4,4,0,徐雪英是我遇到过的最好的英语老师！！！\n\n她会在同学张口说英语紧张说sorry的时候说，不要说sorry，你没有对不起任何人\n\n她会让我张口没有负担，因为她都会耐心听，会在我卡住的时候帮我补充更好的词汇。\n\n她有作为教师所需丰富的知识面和英语水平，但也幽默风趣像个小女生，完全不用担心和她交流会有负担。\n\n我爱徐老师ψ(｀∇´)ψ！！！
203896,937,徐雪英,2024-11-22 01:01:22,0,0,0,挺有趣的上课过程
207708,937,徐雪英,2024-12-24 03:22:01,1,3,2,能不能凭空出现3个徐雪英的分身来教所有的笔译专业课 求你了这对我真的很重要
218946,937,徐雪英,2025-05-14 07:19:29,1,2,1,中级英汉互译\n\n老师很好 就是翻译手册的作业布置不太清晰\n\n以及很难绷得住某学长您未免有点装了留学生pre都没用英文hhhh
218957,937,徐雪英,2025-05-15 06:37:30,3,3,0,唉。老师很好。所以应该是中国文化与翻译这门课的问题而不是老师的问题。
49276,960,马晓俐,2017-04-01 06:39:09,1,2,1,还不错
51277,960,马晓俐,2019-04-09 07:34:31,-19,12,31,呵呵，傻，b
54381,960,马晓俐,2017-06-29 08:27:38,1,4,3,老师和学生很亲和
55482,960,马晓俐,2017-07-01 15:13:41,-2,3,5,就很轻松  给分也好\n\n
57137,960,马晓俐,2017-07-05 15:48:35,-2,2,4,老师很负责 给分也很好\n\n
58346,960,马晓俐,2017-08-29 05:19:16,1,3,2,很轻松。人好。
59152,960,马晓俐,2017-09-20 03:28:22,1,2,1,。。。
75298,960,马晓俐,2018-03-09 00:08:29,5,9,4,口语不咋地........听的好尴尬
75330,960,马晓俐,2018-03-09 03:07:29,3,5,2,挺不错的
76241,960,马晓俐,2018-03-30 02:08:10,1,2,1,每节课都让学生读ppt上的语句，就是那种看到一句话先找个人读一下的。每节课都有……好多……最后没人自愿读好尴尬……尴尬……
78327,960,马晓俐,2018-05-11 02:08:26,8,10,2,volunteer to read
82565,960,马晓俐,2018-07-08 13:51:14,-9,5,14,她给我满绩，我给她满分。说实话老师教的真的不错，能学到不少，写作水平和思考有一定提高。至少比我本学期上的大英四收获多不少。
82650,960,马晓俐,2018-07-09 02:09:04,2,2,0,老师人很好
82719,960,马晓俐,2018-07-09 04:18:03,1,2,1,休闲
90936,960,马晓俐,2018-11-28 00:23:28,4,9,5,写作I\n\n整个学期在讲出国申请，和本身的写作水平提高毫无关系 完全没有涉及遣词造句的学习。大一新生学习的应该是语句的基础 让文章不要那么中式英文，而不是学习一些具体文章应该遵循什么形式
94521,960,马晓俐,2019-01-17 04:45:39,6,12,6,给分一般，过于注重形式
94743,960,马晓俐,2019-01-18 04:41:12,1,4,3,老师人很好
95664,960,马晓俐,2019-01-20 00:11:52,11,19,8,会反复读资料，然后做出跟原文差不多的解释，反反复复，上课有点无聊吧，而且还挺形式的，学生请假或者什么的她都无视理由，直接只当你缺课
95969,960,马晓俐,2019-01-20 09:45:56,10,12,2,我觉得完全没有讲什么东西\n\n
97518,960,马晓俐,2019-01-22 09:46:34,5,6,1,英语写作，不是人文社科专业的同学真的不要选了，我因为这门课绩点吃了大亏
98359,960,马晓俐,2019-01-23 11:15:46,-1,5,6,突然发现好多最近的评论，我是这学期上的写作1，便也来凑个热闹。老师是很温柔的，也十分愿意为同学解疑答惑，帮助我们修改文章。只要你问，老师会尽心地解答。只要你带着积极的态度上老师的课你会发现写作1老师是讲清楚了该如何操作一篇personal statement以及如何写一篇论述文的outline：thesis statement+topic sentence，并不会像某些评论里讲的那样没有任何收获或者是说没有教该教的东西。本来就是师傅领进门，修行在个人。如果你想学习遣词造句就应该多读多运用，这些不是老师非要教你的也不是你去评价一个老师不好的理由。我认为老师在写作1是把该教的东西清晰地教给了我们的。不过，客观的评价的话，那个写履历那几节课是有点迷，老师上课有时是会很无聊。
99724,960,马晓俐,2019-01-25 05:47:33,-1,3,4,老师人挺好的，很温柔，给分也不错～
101643,960,马晓俐,2019-01-28 16:28:22,6,7,1,很一般
127537,960,马晓俐,2020-11-24 06:18:03,3,4,1,请假不接受，退选课期间也要算出勤，给分很低，对女生有偏见感觉
140002,960,马晓俐,2021-08-23 04:41:29,1,10,9,硕博必修课西溪校区的。马老师人很好很和善，就是期末成绩给分巨低，基本都是70多。她的评分标准很细，包括平时课堂互动、小组汇报、小组讨论、个人期末汇报等等，我课堂表现很好最后期末汇报有点偏题而已，她垮嚓就给70多，得，平时白互动了，和上课摸鱼同学一样分。建议选其他校区老师。
168241,960,马晓俐,2023-02-05 13:10:40,-4,2,6,老师非常和善，事情也不算多，给分不高但是对于硕博来说无所谓
214564,960,马晓俐,2025-02-13 07:05:31,5,5,0,几乎没有任何才华，上课就是读读读，放视频。然后搞作业有一套每节课都是学生分组讲，读PPT然后提问。\n\n口语太尴尬了，听不进去\n\n偏执，无视理由缺勤考核
216849,960,马晓俐,2025-03-27 01:55:53,1,1,0,事儿逼
219510,960,马晓俐,2025-05-29 05:17:15,0,0,0,如果你觉得你的研究生生活非常的轻松，缺乏点让人折磨的乐趣，尤其是当你在研究课题推不开和上这种lj课上能大义凛然地选后者，因为亲爱的老师从来不把前者当事，也没把你当人，那很欢迎你来选她的课
34087,961,王永,2016-09-26 17:21:41,9,10,1,女神老师啊！太有魅力了！听课感觉很快乐！学语言也很愉悦，上课都不想碰手机！
39995,961,王永,2016-12-28 13:27:48,7,7,0,超好的老师，永远带着笑。来听王永考试的课，你不仅能学习一门新的语言，更可以了解很多关于俄国和周边国家的历史。
41740,961,王永,2017-03-23 02:03:11,7,9,2,是个女神老师！！！非常好，很负责，善解人意。\n\n
42739,961,王永,2017-01-15 04:20:59,12,12,0,上的通识里的俄语一，俄语真的好难啊，不花时间真的记不住TvT不过老师超级认真的，很负责，我们说想知道自己名字的俄语写法老师就在我们每个人的听写本上给一个个写了。希望未来有机会上俄语二！
44030,961,王永,2017-01-17 08:29:56,50,53,3,目前遇到过的最喜欢的老师。怎么说呢，从她个人说起的话，她对俄罗斯文化的了解和掌握就非常的让人佩服，而且有一种独特的胸怀和气度。俄罗斯是一个富有艺术文化的国度，老师也能参透文学绘画等方面，很是厉害。其次对学生，循序渐进地教学，每堂课都辛苦走到学生身边，提问，回答。老师的心态也很年轻，不，老师整个人都非常年轻。真的是，太棒了。\n\n\n\nps 从不发微笑这种表情，永远都是可爱，呲牙，竖大拇指。
44640,961,王永,2017-01-18 05:15:36,18,19,1,老师超棒的!继续上俄语2
48435,961,王永,2017-03-03 11:31:58,9,9,0,老师很有耐心，上课总是微笑
48513,961,王永,2017-03-06 10:42:12,14,15,1,超级喜欢的老师   学识渊博 温柔有耐心 而且超级负责  真的能学到很多东西 不仅是语言还有俄罗斯的文化  俄语不认真花时间是学不好的 但是学得很开心大家也愿意去学    努力和收获成正比  认真学认真复习成绩不会低的  虽然不能跟老师继续学了但还是超级感谢老师！秋冬学期学得最认真的一门课  表白王永老师！
51896,961,王永,2017-06-13 08:19:40,5,6,1,女神，女神，女神\n\n
52922,961,王永,2017-06-23 13:54:21,1,1,0,非常好 很负责 又幽默 上课氛围很好
58901,961,王永,2017-09-18 10:38:01,1,1,0,老师真的很热心，也很负责任，一个真真正正的俄国通，好老师!
64018,961,王永,2017-12-20 13:51:26,2,2,0,俄语所的老师都都很好 王永老师人很好也很负责墨水也很多 偷偷告诉你们 王永老师是浙大89级的！！不过王老师从心态到外貌都超级年轻！
69584,961,王永,2018-01-25 04:18:47,4,4,0,我从来没有上过这么好的课！！！！\n\n老师给分各种好～(⁎⁍̴̛ᴗ⁍̴̛⁎)\n\n喜欢?
69585,961,王永,2018-01-25 04:23:09,1,1,0,老师上课超级赞，会和学生站一起上课，热爱俄罗斯，热爱它的语言 文化，我的女神老师 超级有气质 心态很年轻
71351,961,王永,2018-01-28 10:41:56,1,1,0,太喜欢老师啦！特别特别优雅，对学生的要求严格都是为了学生好，而且人特别温柔，太喜欢了…………
75371,961,王永,2018-03-09 11:57:01,1,1,0,王老师！！太好了！真的很喜欢王老师的课，能学习到很多很多！
75372,961,王永,2018-03-09 12:00:42,0,0,0,王老师！！！！！！！上王老师的课真滴如沐春风！！！
79910,961,王永,2018-09-30 12:50:38,60,61,1,这真是一个既教俄语又教力学的老师吗？
86784,961,王永,2018-09-18 22:17:40,6,6,0,Здравствуйте? \n\n第一节俄语课√\n\n真的是为自己喜欢的东西坚持的过程了\n\n老师超温柔人也很好 朗诵英文和俄文诗歌都超级迷人\n\n虽然是大型舌头打结现场 读ы感觉舌头后面有个小泡泡 但真的无悔入俄语I\n\n还有 一路过来的天空真的使人心情都变好了\n\n加油叭(ง •̀_•́)ง
87847,961,王永,2018-10-15 16:07:10,8,10,2,太难了QAQ 真的费了很多时间学了还是觉得吃力 上课也有点跟不上 班上大佬太多 感觉是来给他们垫底的?  每次上课都觉得压力很大 很有挫败感 甚至想退课 但是太晚了 sad??
94173,961,王永,2019-01-15 12:11:38,2,2,0,老师人超好超温柔(虽然俄语背到秃头)但是老师真的是女神（此处省略10000个彩虹屁）
97559,961,王永,2019-01-22 10:45:12,1,2,1,女神 优雅大气
101148,961,王永,2019-01-27 17:07:16,20,20,0,Наша учительница красивая и добрая .
111712,961,王永,2019-07-02 15:38:50,6,6,0,本科四年唯一一个叫得出我名字的老师，高山仰止。
115571,961,王永,2019-08-05 11:48:14,2,2,0,大爱女神
117767,961,王永,2019-09-30 14:45:37,3,3,0,是我真的真的很爱的老师。是我那一天的上课动力
122216,961,王永,2020-02-20 05:01:16,2,2,0,温柔，人好，上课也很好，得到很大提高
123319,961,王永,2020-06-02 19:02:57,3,4,1,真的超好！业务水平超高人也很温柔很耐心！！还会记住每一个（申请连麦的）同学！真的教学水平很好，从小学开始期间还在校外机构学过德语和俄语，王永老师是把语言讲得最清楚最好懂的老师。（数次产生为了上王老师别的课而辅修俄语专业（bu）的想法（哭了
125444,961,王永,2020-09-09 08:31:47,2,2,0,好老师，教的很用心
136067,961,王永,2021-06-27 10:54:43,7,7,0,老师人特别好。上课思路很清楚，对俄罗斯文化有很深的了解，对每个学生都会很关心，还能记住每个人的名字，非常适合新手学习俄语，讲的很好，上课我从来没碰过手机，可惜老师不开俄语2了呜呜呜。期末了还带我们出去玩。
136313,961,王永,2021-06-16 07:00:07,6,7,1,王永老师的俄语课是我在浙大上过质量最高的课程之一，王永老师是认真，严谨在做教学的老师，respect
137026,961,王永,2021-06-29 13:51:37,4,5,1,遇到的最好的老师之一，教学能力不用说，人格魅力更是令人敬佩。
160270,961,王永,2022-09-16 04:52:01,3,3,0,非常非常幸运，老师讲得非常好
173737,961,王永,2023-06-02 05:52:45,2,3,1,老师女神呜呜，特别温柔，超级喜欢。上课专业性超强，教学能力也好，外语废也能跟得上，还会分享俄罗斯文化的知识，特别有趣！\n\n老师还很关心学生，让我们如果身体不舒服就不用强撑着来教室，在寝室床上智云听就好TT
176209,961,王永,2023-06-28 05:17:51,1,2,1,老师太温柔了，能记住每个同学的名字。上课会有小小提问，开火车那种，但压力不大，答错也没关系。给分也不错，好爱老师😍😍
187783,961,王永,2024-01-17 12:12:55,-27,1,28,觉得俄语二的难度还是有的，同时我觉得我期末卷子写的很不错，不过最后的绩点只有4.5，可能是我太菜了吧。
205549,961,王永,2024-12-09 05:57:53,-15,0,15,呕。yue。看来什么都可以刷。
209890,961,王永,2025-01-07 10:28:18,0,0,0,王老师！！！真的好知性好温柔好美丽！！！！我真的好爱！！！
214048,961,王永,2025-01-23 09:41:41,1,1,0,这学期上了老师的俄语2，老师会根据大部分人的水平来调整课程节奏，上课互动性比较强但是因为老师很温柔所以没关系！之前是一窍不通的俄语小白，上完这学期的课也是有很大收获的。以及老师期末给分很不错！
216790,961,王永,2025-03-25 15:41:10,1,1,0,非常好！！！
24,985,闻人行,2015-03-14 15:27:30,56,108,52,大英3是她的，非常负责任，对我们要求高同时而又和蔼，课上拓展很多，当然也意味着课下任务不少，不过非常棒!很多阅读材料，小视频，卷子和复习资料……
341,985,闻人行,2015-03-15 01:05:11,62,66,4,不仅负责任，而且对每一个学生都很关心，好老师
1030,985,闻人行,2015-03-21 11:57:40,145,158,13,三周之内叫出所有学生的名字，就凭这点我点赞
1545,985,闻人行,2015-03-22 11:52:29,29,31,2,浙大好老师
2154,985,闻人行,2015-04-03 03:57:36,14,17,3,很负责任，很关心学生，非常好的老师
3271,985,闻人行,2015-05-25 11:56:06,7,8,1,很棒！\n\n
4131,985,闻人行,2015-06-18 01:50:40,26,30,4,超级和蔼的老师\n\n课很有趣，课外建了群的话跟老师私聊谈心问问题都会认真回答\n\n没多久就记住全班名字，这真的很开心，还了解全班人的性格。炒鸡好老师
4366,985,闻人行,2015-06-19 13:50:28,7,9,2,好
5217,985,闻人行,2015-07-06 01:46:05,6,7,1,挺好的
6248,985,闻人行,2015-07-12 10:07:11,12,13,1,语言的体会很好，人很有活力和激情，平时抓得比较紧但是感觉学得到东西，最后整个班成绩也很不错。
6585,985,闻人行,2015-07-16 01:55:09,21,23,2,老师上课总是带着微笑 因此有一种特别的魅力
7007,985,闻人行,2015-08-26 00:40:14,14,14,0,认真负责，记人名超快，虽然大英四考砸了都是我的错TvT
8621,985,闻人行,2016-06-29 15:47:46,8,20,12,发音中音太重，考托福的同学口语会受影响…听的时候浑身难受，很严重的中国口音，没有贬低的意思。课件很好很负责。
9256,985,闻人行,2016-06-29 15:47:55,-28,5,33,英语阴阳怪调
10077,985,闻人行,2015-11-15 12:49:29,6,7,1,上课挺好的，课件啊补充内容挺多。课后作业什么的特别难…T_T
10214,985,闻人行,2015-11-17 12:12:38,2,4,2,很负责的老师，也很关心学生，作业有点多，但都非常有用，绝对好老师
11936,985,闻人行,2015-12-21 11:10:37,36,40,4,真的好喜欢她…脾气好很亲切\n\n小作业比较多，但是非常负责。\n\n大英3是她的课，4没这福气啦。希望以后还能遇见。
12670,985,闻人行,2015-12-24 00:53:15,3,3,0,好老师没得说
13417,985,闻人行,2015-12-28 02:47:25,3,3,0,好老师不解释
13422,985,闻人行,2015-12-28 03:08:51,8,8,0,这是我真正想上的英语课的样子，可惜大英的课时数太少了。
13646,985,闻人行,2015-12-30 08:08:05,1,2,1,对学生都很和蔼，超短时间内就能认清班上的每一个学生，而且会认真地帮你找出你的不足之处，给你建议
13655,985,闻人行,2015-12-30 08:48:06,17,17,0,老师人很好，会有课前演讲，会认真评价和鼓励。学生节会有礼物。真心好老师
15134,985,闻人行,2016-01-12 07:18:06,9,9,0,业界良心
15887,985,闻人行,2016-01-16 13:54:38,1,1,0,好好好
17077,985,闻人行,2016-01-19 14:30:55,1,1,0,非常好非常负责的老师\n\n
19605,985,闻人行,2016-01-25 02:12:31,13,16,3,非常好的老师。当初转竺院找她写的推荐信，她直接写了两篇，一篇中文一篇英文。
22013,985,闻人行,2016-03-02 05:52:05,1,3,2,真心好老师，给了我很多的帮助。
27052,985,闻人行,2016-06-22 12:54:44,2,3,1,课堂很有趣，老师备课工作充足，会找很多拓展性材料
27098,985,闻人行,2016-06-23 01:42:59,9,10,1,the best English teacher I've ever met
27101,985,闻人行,2016-06-23 02:22:38,3,4,1,特别好，很负责，虽然作业稍多，但能真正学到很多。老师为人很好，很亲切。
27217,985,闻人行,2016-06-23 14:52:58,5,5,0,嘻嘻嘻间接地了解了老师的好(•̀ω•́)
27449,985,闻人行,2016-06-26 09:35:21,-23,5,28,我得多少分给她评多少分
27737,985,闻人行,2016-06-27 10:24:31,-13,5,18,我的大英\n\n每个礼拜听力quiz\n\n每个礼拜纸质作业\n\n还写了好几篇作文\n\n然而，绩点
27913,985,闻人行,2016-06-28 04:58:20,2,3,1,老师很和蔼 然后是真心想让我们学好英语的
29366,985,闻人行,2016-06-29 15:47:12,3,4,1,虽然过了两年了忘了老师长什么样子了，但是记得很和蔼的老师
36019,985,闻人行,2016-11-10 10:06:26,0,1,1,很负责
39379,985,闻人行,2016-12-22 09:33:22,0,1,1,老师很负责
39654,985,闻人行,2017-01-13 16:41:45,0,1,1,老师超好 很关心学生 就算上完课也还在关心 给每个同学私发成绩 上课也很好可惜我没好好上现在很后悔
41072,985,闻人行,2017-01-26 08:17:22,0,1,1,干货多，成绩一般是自己没好好学
41246,985,闻人行,2017-01-10 07:49:19,1,2,1,老师真的特别好 总是暖暖地笑着 关心每一个人 可惜没选到老师的大英4
41367,985,闻人行,2017-01-11 05:22:22,0,1,1,大爱闻人老师!\n\n
42103,985,闻人行,2017-01-13 14:53:46,0,1,1,真的很好的老师!
42188,985,闻人行,2017-01-14 00:42:02,0,1,1,老师超级棒啊，大英4砸了点只能怪自己上课老是水手机了……
42676,985,闻人行,2017-01-15 01:49:10,-1,0,1,商务英语口语刷分利器
43026,985,闻人行,2017-01-15 15:00:40,0,1,1,老师超级好！关心了解每一个学生，课上也能学到很多东西，除了任务有一点重（毕竟建筑生没时间做）成绩都是私下发来的，超好！
43559,985,闻人行,2017-01-16 14:15:16,0,3,3,老师很好，很和蔼
46732,985,闻人行,2017-01-22 08:44:40,1,1,0,感谢老师大英不挂之恩
47692,985,闻人行,2017-02-18 11:34:00,0,1,1,非常和善的老师，脸上总是挂着笑容。对每个学生都会给出自己的建议，她教学的所有资源都会整理好发在邮箱，很为学生着想。第二节课叫出我的名字实在让我有些惊讶，虽然叫错了...后来成绩让老师失望了，关键是自己平时没花时间学。
48514,985,闻人行,2017-03-06 11:06:29,1,2,1,这才是我理想中的英语老师和大英课
49177,985,闻人行,2017-03-28 12:13:02,0,1,1,上学期还是9分的，怎么现在只有8.3了。真的是好老师。人很温柔，大英四很多小资料。作业除了作文都是自主，布置了也不检查。课上会有听力小测但是是期末考的题型，而且都会从布置的听力作业里出，给分很公道了。每个单元还会发复习卷。这么好的老师不明白为什么还要打低分？
50936,985,闻人行,2017-05-09 11:38:35,9,12,3,想大英水水过的同学不要选闻人老师的课，自己会累，而且占用了想学好大英的同学的资源。\n\n真的是一把一把地在教好我们的英语，关心学生，课很有趣，作业“丰富”，在她的课堂学英语很有动力。想学好大英的人来选吧。
51806,985,闻人行,2017-06-11 07:16:36,0,1,1,超级赞
52657,985,闻人行,2017-06-22 03:38:25,2,2,0,哇真的是好老师；事情可能有点多，但是很负责，而且记名字很快很快
52857,985,闻人行,2017-06-23 08:06:38,1,2,1,超级和蔼的一个老师，同时也非常负责任，要求虽然比较严格，但无疑是想让我们更好的学习英语。在这里安利一波！\n\n\n\n
53494,985,闻人行,2017-06-27 00:52:55,1,3,2,老师认真负责，而且真的对你帮助很大，就是作业有点多了，本来以为会挂科，竟然过了，非常感谢老师。
55152,985,闻人行,2017-07-01 02:09:57,0,1,1,好好好
61635,985,闻人行,2017-11-19 12:15:35,0,2,2,老师人真的很好，给他点讚\n\n
64007,985,闻人行,2017-12-20 13:38:12,0,3,3,老师超级好，很和蔼，不过我英语太low，感觉不配上她的课?
64054,985,闻人行,2017-12-20 17:47:43,0,2,2,真的是好老师！会告诉你多尝试各种老师的课程，学术上谦虚严谨，对所有学生都很温柔，如果能好好完成老师布置的所有作业会收获很多！\n\n是那种如果考砸了会让你觉得对不起她的讲授的好老师！\n\n大英四预置了方富民，很幸运，但是有点舍不得闻人老师_(:_」∠)_
64133,985,闻人行,2017-12-21 04:53:36,1,3,2,强悍的老师，四门外语啊啊啊太溜了！上课拓展很多而且课间也很轻松，可以看老友记嘿嘿?不错的老师。
64817,985,闻人行,2017-12-27 08:48:53,0,2,2,最亲近学生的老师，上课偶尔也会插点做人道理什么的，作业全靠自觉
65057,985,闻人行,2017-12-28 11:50:00,1,3,2,闻人老师真的好好！上课笑眯眯的，能很快的叫出所有学生的名字，还会分享自己的经历呀讲一些很好玩的小故事。平时课前课间都会给大家放老友记听歌看演讲，真的是良心好老师！！！
65163,985,闻人行,2017-12-29 16:57:19,0,3,3,太赞了！炒鸡认真负责！作业可能多一点，而且可能额外加一些，能学到东西！赞赞赞！闻人老师会认真的回复邮件，太棒辣！
65667,985,闻人行,2018-01-21 08:29:04,0,3,3,老师真的好 助教真是辣鸡
66479,985,闻人行,2018-01-17 02:45:10,0,2,2,老师太好了！！！能记住所有人的名字！！！上课气氛也很好！！还想选！！！
66610,985,闻人行,2018-01-17 13:25:48,0,1,1,好\n\n好好\n\n好好好\n\n
67521,985,闻人行,2018-01-21 11:53:10,7,7,0,很慈祥，很负责，很温柔，能给人一种能量。很幸运能上闻人老师的课，但是大英四没这个运气了。给老师打call～
74635,985,闻人行,2018-03-05 02:09:16,0,3,3,老师人很好，像我英语这么渣的人一学期好好听课，期末绩点4+，就是平时事情有点多
75134,985,闻人行,2018-03-07 12:48:56,6,8,2,英式口音～
78853,985,闻人行,2019-01-11 04:59:20,3,5,2,我见过的最负责任的老师
79916,985,闻人行,2018-06-15 07:31:36,3,4,1,老师本身水平非常高，懂意大利语法语好几种语言，上课非常负责而且有趣，也很注重培养和锻炼学生的英语能力。超棒!
80123,985,闻人行,2018-06-20 08:15:50,1,2,1,老师真的是我见过最负责任的，哪怕是从幼儿园算起，超级负责，但我真的太垃圾，好怕挂科，给老师丢脸
80497,985,闻人行,2018-06-27 07:01:19,0,1,1,老师口语很不错
81347,985,闻人行,2018-07-05 01:23:47,-9,5,14,给分太烂，太烂，太烂，真的烂\n\n
81354,985,闻人行,2018-07-05 01:51:06,8,9,1,我太菜，在挂科边缘地带垂死挣扎的我，老师很优秀，分数是自己考的吧，不怪老师，谁规定一定要调分才可以啊
81358,985,闻人行,2018-07-05 02:04:16,5,7,2,我比较菜，老师也没调分，是我拉低的均绩\n\n
81365,985,闻人行,2018-07-05 02:20:44,0,2,2,老师很负责也很亲切，课堂课后资料相当多，而且在QQ群文件里分类得整整齐齐。是否用这些资料是自由的，不同同学可以依据自己的基础和时间来学习。老师对每个同学都挺了解的，给予不同程度的鼓励和建议。平时教学基础关注得挺多的，纠错也很细致了。分数看个人水平了，我没感觉出来好坏，正常给分。
81951,985,闻人行,2018-07-06 15:14:43,1,2,1,闻人老师内涵很丰富，最后一课鼓励我们继续深入学习语言，大爱
83545,985,闻人行,2018-07-10 14:44:29,0,2,2,棒棒的，帮我上三了嘿嘿嘿
83652,985,闻人行,2018-07-11 02:30:14,6,8,2,闻老师特别优秀啊！上课的时候不仅仅局限于课本，给我们拓展了许许多多的东西，希望我们的英语水平能够真正的得到提高。即便是出了成绩之后也还是建议我们继续学习语言，并给了我们暑假学习语言的建议和参考资料。我去问老师英语辅修的学习注意点的时候，老师也非常耐心地回答了我，让我这个暑假对于英语学习也不那么迷茫。总之是个特别特别用心的人！最后3.几的绩点让我觉得特别对不起她！非常推荐选她的大英课！
86158,985,闻人行,2018-09-09 11:28:12,0,2,2,超级认真负责的老师，因为是大英四，结束了理论上就没有英语课了，老师还很认真的告诉我们之后怎么继续学英语，还提供了资源和书单，是很棒的老师，就是作业有点多。
91950,985,闻人行,2018-12-25 05:39:35,0,2,2,好老师！
93643,985,闻人行,2019-01-11 04:58:21,0,2,2,非常负责任，听她的课会有很多收获！
93927,985,闻人行,2019-01-14 10:27:17,0,2,2,真的超级超级好，好舍不得啊
94105,985,闻人行,2019-01-15 07:51:49,0,2,2,非常好的英语老师，对于教学很认真。最后一课还告诉我们如何在课外学英语。
95028,985,闻人行,2019-01-18 15:16:40,0,2,2,老师三观很正，很有思想，很关心同学，好喜欢闻人老师
95479,985,闻人行,2019-01-19 12:45:28,0,2,2,真的是很负责任的老师，而且能很快就把学生都认全
95492,985,闻人行,2019-01-19 13:03:15,0,3,3,老师特别好，对同学很关心，英语菜鸡的我在老师的帮助下能够不挂已经很满足了\n\n
95495,985,闻人行,2019-01-19 13:05:33,5,7,2,老师真的很耐心很温柔\n\n对每一次的作文都认真批改，会给很多额外的复习资料\n\n记得每一个人的名字\n\n超赞啦！
95521,985,闻人行,2019-01-19 13:59:56,-1,1,2,...
95571,985,闻人行,2019-01-19 15:44:04,3,5,2,老师真的人很好，很负责，能记住所有人的名字，能上她的课真的非常幸运，成绩不好是自己实在不争气，自己的锅，但还是非常喜欢她上的课！
103038,985,闻人行,2019-02-25 14:35:25,1,1,0,老师超温柔的而且上课超有趣，有用的内容也很多，超赞
107188,985,闻人行,2019-05-02 06:55:05,39,45,6,千万别叫老师“闻老师”…
109202,985,闻人行,2019-06-12 02:14:37,1,1,0,很喜欢这个老师
109345,985,闻人行,2019-06-13 07:06:18,1,1,0,老师真的非常好 很有耐心！讲课炒鸡棒 甚至还用休息时间指导我改写爆了的小测作文qwq
109479,985,闻人行,2019-06-15 15:21:52,1,1,0,闻人老师对学生真的非常负责任，平时会讲许多书本外的知识，对希望认真学英语的人帮助很大。强推！
109802,985,闻人行,2019-06-19 09:44:24,9,10,1,闻人老师会在你周末打游戏的时候冷不防一个消息让你意识到你作文到底犯了多少错误
110837,985,闻人行,2019-06-28 10:14:49,14,14,0,来到浙大后见过最认真负责的老师。冰果英语系统上的作文，老师晚上11点私戳我，把一个个错误指出来并告诉我修改的方法。单凭这点，我就给满分。
110841,985,闻人行,2019-06-28 10:28:58,2,2,0,非常认真负责，作文分低也是自己的原因。谢谢老师！
110845,985,闻人行,2019-06-28 10:45:27,3,3,0,无比负责温柔的人呢
111222,985,闻人行,2019-06-30 15:46:55,1,2,1,老师很好\n\n希望以后自己也能多学学英语呀
111341,985,闻人行,2019-07-01 03:39:08,3,3,0,老师是我上过课中最负责任的老师！认真听课的话会有很多收获
112523,985,闻人行,2019-07-04 16:35:40,0,0,0,老师很好，是我太菜
113812,985,闻人行,2019-07-07 16:52:20,3,3,0,课堂氛围算是比较轻松了。主要是老师的课会很有针对性的教授一些东西，像纠正发音，讲一些错的很多的语法等等。作文中的错误会一个一个标出来，甚至直接QQ一条一条列出来发给你。课程的最后告诉你如何考浙大的英语测试，以及未来如何继续学英语。可以说老师是真的很用心了。
114005,985,闻人行,2019-07-08 07:59:49,2,2,0,非常负责的老师、教得是真的好～本来大英三3.0的菜?选了大英四很虚，最后拿了3.9很满意了～
114183,985,闻人行,2019-07-09 03:27:01,1,1,0,老师真好 很负责
116816,985,闻人行,2019-09-16 05:16:22,0,0,0,很可以
116819,985,闻人行,2019-09-16 05:32:55,0,0,0,虽然作业有点多，但是这么好的老师我相信你会愿意写的
118593,985,闻人行,2019-10-29 06:10:16,0,0,0,老师特别特别认真，三周内真的叫出所有人名字，然后每个人各人pre之后都在QQ上私发可以改进的问题，各种资料据我所知是所有大英三老师里面给的最快最全的，超级喜欢老师
119205,985,闻人行,2019-11-11 07:30:54,1,1,0,真的非常棒，人很和蔼，从不会布置无价值的作业，有理由的请求总会被考虑。很博学，上课内容总是informative，重视学生的全面发展，从没见过这么好的英语老师
122209,985,闻人行,2020-02-20 03:50:12,0,0,0,超棒的
122390,985,闻人行,2020-02-26 05:33:50,5,5,0,老师真好！俺上完大英三之后还选上了老师的大英四，太欧了！
123072,985,闻人行,2020-05-08 13:12:23,1,1,0,真的炒鸡认真负责 我要吹爆闻人老师
125094,985,闻人行,2020-08-31 02:19:53,3,3,0,老师很好很负责，还没出分但先给十分了，求老师捞捞我的大英四！！！
129195,985,闻人行,2020-12-31 05:10:14,2,2,0,啊超爱她！真的想好好学英语的话能在老师的课上学到很多东西。前几天寒潮还在钉钉里提醒我们注意保暖呜呜呜。特别亲切贴心的老师，业务能力也超棒！选不上她的大英四了真的很遗憾。
130767,985,闻人行,2021-01-24 13:35:55,4,4,0,老师很负责任，我听力和口语不好，她会来亲自指点，可能事情有点多，但如果真的想学好英语，一定要选她的课！
130775,985,闻人行,2021-01-24 13:57:28,3,3,0,老师人很好，非常负责任，但感觉上课有点无聊（不过大英课应该都挺无聊的），可能因为我是大英三，感觉经常讲一些比较基础的语法，有点像高中英语课，事情不算少，经常会有听写听力什么的，不过也不太用准备，而且这些东西确实都需要练，平时学一学期末也是轻松一点。不过感觉老师给分比较正直，平时分该多少就多少可能不怎么捞人，总体老师非常好的！
130789,985,闻人行,2021-01-24 14:36:12,1,1,0,呜呜呜我一个英语菜鸡上了这课期末考86\n\n感天动地\n\n不过确实，平时分给的很求是
131262,985,闻人行,2021-01-27 01:20:50,13,13,0,闻人老师的责任心和能力让学英语一直吊儿郎当的我愧悔难当555 真的是非常非常非常好的老师 除了书本之外给出了很多英语学习或许终生受益的建议。出分后给老师发了很长一段话作为感谢 她还回复了很长的话 包括对于我的pre的评价和鼓励 她说她会收藏每一位同学的感谢和好评作为前进路上的动力。我真是太感动了 选上她的课的都是天选之子！
132041,985,闻人行,2021-01-30 03:58:32,2,2,0,老师真的很好，非常认真负责
133412,985,闻人行,2021-02-28 15:12:46,9,9,0,真的，闻人老师超好，恨不得当她儿子
134533,985,闻人行,2021-03-31 14:15:48,2,4,2,老师很好，但作业量。。。。。
136921,985,闻人行,2021-06-28 08:45:45,5,5,0,是真正把自己投入到课堂的一位老师\n\n每堂课都很用心 作业也是为了让同学们更好掌握吧  老师编的资料也不错 认真负责 是真正想让我们有收获的老师 记住了每个同学的名字（应该吧！！  上课很有意思 \n\n外语学分修完了 很舍不得英语课 也舍不得闻人老师【对  老师姓闻人  后面的同学不要称呼老师叫闻老师了（狗头）】\n\n有什么英语学习方面的问题都可以去请教老师 会得到不错的解决方案 \n\n为闻人老师打call
138027,985,闻人行,2021-07-07 05:46:13,0,1,1,英语课修完了，大爱闻人老师
143209,985,闻人行,2021-11-21 11:41:41,4,4,0,真的很喜欢闻人老师，但因为精力原因不得不弃修。\n\n1.会记得每一位学生的名字，会认真回答学生提问并且会关心学生，有时会在课后聊生活\n\n2.小测、期中考内容基本来自课本，老师会划定范围，考试不会太差\n\n3.课前有美剧，课堂有干货，课后学习资源丰富，（课堂展示要和台下有眼神交流，声音要洪亮流利，否则会被扣分）\n\n4.把课本所有细节都学会，所有u校园上资料充分利用（先别看课文，先听，再读，把没听出来的做标记，听力水平就提高了），不仅有高分，英语水平也会显著提高。
145300,985,闻人行,2021-12-29 03:32:26,0,0,0,闻人老师爱你爱你♪(´ε｀ )大英四也选上了老师的课太幸运了！！！
146204,985,闻人行,2022-01-06 00:22:03,0,0,0,她真的真的真的是一个好老师\n\n超级好的那种呜呜呜\n\n是我不争气 绩点这么低
146208,985,闻人行,2022-01-06 00:52:29,3,3,0,老师姓闻人，不姓闻，记住了！
146405,985,闻人行,2022-01-06 13:25:25,0,1,1,上课很有趣，课间会放《老友记》\n\n人也很温柔，不会强求学生\n\n期末普普通通吧，还是很实在的
146546,985,闻人行,2022-01-07 01:56:11,2,2,0,非常好的老师，可以学到很多东西，而且作业也不算多
146614,985,闻人行,2022-01-07 05:19:11,1,1,0,老师很会捞人 怪我不努力\n\n平时小测二三十分最后还是过了\n\n老师作业不会多也不会管 全靠自己自觉\n\n认真学能学到东西 怪我不努力
150320,985,闻人行,2022-01-22 10:16:20,4,6,2,闻人老师人非常好，有耐心，关心同学，我的课本没有预定，老师特地钉钉上电话通知我去买教材。老师学识渊博，会意大利语和德语，课堂教学水平相当高，常常进行口语拓展和延伸，经常会给我们拓展课本以外的知识。老师对待基础不是很好的同学相当耐心，会一一耐心地辅导督促他们提高，还在寒假推荐语法书籍，建议语法薄弱的同学自己补习。能选上老师的大英三是我的福气，大英四就没这个好运气了。大英三这一学期真的让我收获了很多，课间的老友记，也成了我的最爱。在闲暇的时候，可以看看，放松心情，同时也学习了口语，在听着口语交谈中提升语感。感谢老师的指导，可惜我期末听力考的不好，平时分和其他分数都相当高，才把我拉回了4.2.下学期大英四一定好好学，冲冲冲！最后祝老师身体健康，课越上越好，我也很荣幸成为闻人老师的学生，老师也一定会为我感到骄傲的！推荐大家都来选闻人老师的课！真的超级棒！！！
150679,985,闻人行,2022-02-12 06:14:39,9,10,1,真的大爱闻人老师！！！大一能碰到这么好的英语老师实在是太幸运了。老师上课很温柔，有时候会有一些互动提问等，但氛围都是比较轻松的。开学一周老师就能叫出每位同学的名字了！上课的PPT都很详细，重点词汇词组等都会有，认真听课小测可以乱杀，课间还会给放《老友记》！！！记得一开始口语不是很好，presentation也做的很一般，但老师会很耐心地鼓励你，课后还会在钉钉上把你口语存在的问题发给你，上课也会鼓励大家积极开口练习口语。最后一节课的时候老师和我们说了好多话，看到她眼睛都红了，向老师要了签名但是忘记合影了呜呜。最后也收获了大一第一个5.0，感恩的心！寒假的时候老师还给我们推荐了英语语法书，还在群里发了红包和新年祝福！闻人行老师yyds！选她就对了！！！
150802,985,闻人行,2022-02-19 00:40:59,2,3,1,老师好温柔，而且有自己的原则，还可以叫出所有人名字，给分很公正
151160,985,闻人行,2022-02-23 16:07:29,2,2,0,我好想你啊闻人老师😭大英四不是你的😭
152682,985,闻人行,2022-04-18 08:25:23,16,17,1,摸鱼摆烂请往他处 认真努力请入斯门
155044,985,闻人行,2022-06-08 01:41:56,1,1,0,十分十分😭😭真的好老师
155635,985,闻人行,2022-06-15 02:34:06,2,2,0,老师真的好好，我真的好菜，真的是很好很好的老师，人家都去问老师有多少绩点，我去问老师我有没有挂科，最后没挂，老师还给了我学习英语的建议。我对英语实在是没兴趣，要不然这应该是入学以来体验最佳的课。
155639,985,闻人行,2022-06-15 02:46:47,4,6,2,希望闻人老师有朝一日拿到10分满分。在查老师看到评论说老师能够在三周之内叫出所有同学的名字，真选上课以后，坐在第一排的我第一个礼拜就被记住名字了，全班同学她也果然在三周内记住。闻人老师哪里都好，都不知道该怎么夸555。
155724,985,闻人行,2022-06-15 11:03:30,2,2,0,闻人老师会给很多资料，愿意学的人能学很多东西，不愿学的人她也不管并且会捞。老师语言学功底深厚，不过口音我个人不太习惯。虽然说她能记住很多名字，但是她上课巨喜欢点某几个，，笑死。老师上课很温柔，课后会相对冷漠一些。是很棒的老师！
162698,985,闻人行,2022-12-05 03:35:42,1,1,0,很好的老师
163818,985,闻人行,2022-12-16 07:27:32,1,1,0,她就是我的神 真的会一字一句纠正你的读音 会很晚还解答你的问题 非常嘎嘎好的老师！！！
164608,985,闻人行,2022-12-22 08:08:16,2,2,0,很认真的老师
165750,985,闻人行,2023-02-20 10:51:31,5,5,0,闻人老师真的哭死，每次作业或者小测完都有反馈，长长的一段看的好暖心
168634,985,闻人行,2023-02-20 12:27:18,6,6,0,老师很负责很温柔 跟着闻人老师真的能学到很多东西 强烈推荐！
168991,985,闻人行,2023-02-24 02:50:37,0,2,2,老师真的超级好😎！
169085,985,闻人行,2023-02-24 08:46:53,3,3,0,老师很好，很负责，给分比较求是～
170240,985,闻人行,2023-03-02 06:48:16,2,2,0,好好一个老师，上了大英三四
171872,985,闻人行,2023-04-10 00:20:18,-5,4,9,事情真的多啊，讲的也和其他老师没什么区别（？）
174532,985,闻人行,2023-06-14 00:31:32,4,6,2,非常好的老师QWQ真的很好很好
174544,985,闻人行,2023-06-14 02:43:58,3,5,2,呜呜今天大英四结课了，不想结我不想呜呜呜～\n\n现在回过头来能说，选上闻人老师的课是我大一最棒的事情之一，认真负责、风趣贴心，布置的任务没有完成也不会责怪（我好惭愧），pre完还有一大段细致的反馈——真的能学到很多东西啊啊啊啊啊。\n\n当之无愧的人品与业务双优好老师（我哭死
174759,985,闻人行,2023-06-23 12:51:36,-5,4,9,实话实说，一个学期下来认真听课但感觉没学到什么
175114,985,闻人行,2023-06-21 14:49:40,3,4,1,好老师！
175122,985,闻人行,2023-06-21 16:06:37,0,3,3,真的是个好老师，脾气挺好，就是发现你作文是ChatGPT写的之后会给你打不及格。大英四分比三高（三不是闻人老师教）真的很感动
175883,985,闻人行,2023-06-27 05:14:53,1,3,2,就凭考完出分一周发给每个人书评反馈打满了
179551,985,闻人行,2023-09-18 06:46:26,1,2,1,太好了🥹
186690,985,闻人行,2024-01-12 13:42:44,1,2,1,特别认真负责的老师，pre会边听边做笔记然后点评，比较注重口语，上课也会放有意思的视频～
189347,985,闻人行,2024-01-23 10:25:18,2,3,1,闻人老师真的是一位细心、耐心的好老师。几个礼拜就可以叫出同学的名字，平时作文会仔细批改提出问题，发言pre会仔细纠正很多小毛病。可惜下学期大英四时间对不上，不能选闻人老师的课了。建议无脑选！！！
193779,985,闻人行,2024-06-18 03:20:33,0,1,1,有一次上课迟到了超过5min就在钉钉告诉我要上课了🥹这么认真负责的好老师去哪里找？？\n\n作业有点多但很负责，老师很温柔。\n\n还夸我口语很棒了，开心\n\n10分奉上啦～
198493,985,闻人行,2024-09-09 08:45:30,0,0,0,史上最最最好的英语老师！温和有耐心有学识，要是有其他英语课我肯定一直追随闻人老师的步伐
200944,985,闻人行,2024-10-25 06:07:43,1,1,0,老师很好很认真
203274,985,闻人行,2024-11-18 17:04:12,2,2,0,水平高，体贴细致，最主要是看到她就想学英语
206590,985,闻人行,2024-12-16 09:23:09,2,2,0,满分！十分负责，在老师的带领下提升很大！
208416,985,闻人行,2024-12-27 12:04:39,1,1,0,非常好闻人老师！上课都是很认真的讲课文，课堂也十分有趣！有的时候会穿插一些有趣的英语小知识。最好的是她不像一些大英老师一样天天布置pre😭。像奶奶一样慈祥的老师
209027,985,闻人行,2025-01-04 08:50:26,3,3,0,好老师永远满分，收获很大，出分了再过来感谢
210252,985,闻人行,2025-01-08 14:31:58,0,0,0,出分了，感谢，没有卡绩，是好老师
219671,985,闻人行,2025-06-03 16:19:53,0,0,0,闻人老师毋庸置疑是一个好老师，但对于一个不太注重语法的人来说上课有点坐牢（是我的问题了），还有就是会点名回答问题，虽然回答不出没有关系，但是被叫起来还是挺突然的
219687,985,闻人行,2025-06-04 07:35:37,0,0,0,谢谢闻老师口试大捞特捞，off the topic还给了九分
219706,985,闻人行,2025-06-04 11:01:30,0,0,0,老师真的太好啦，在大英这门分数全靠自己的课上，让我们真的学到了很多。老师很温柔，知道的很多，从不同角度让我们去了解语言与文化。
2933,1034,施晓伟,2015-05-11 09:43:46,-5,10,15,课上比较无聊，容易水，人不错，给分还行
5248,1034,施晓伟,2015-07-06 03:59:08,-2,22,24,老师上课挺好的，人也不错，不无聊，给分好，推荐！
13918,1034,施晓伟,2016-01-02 10:34:04,-2,5,7,一般般还行
15954,1034,施晓伟,2016-01-16 16:59:45,-4,5,9,老师人很好很负责~~
15966,1034,施晓伟,2017-06-15 14:56:43,50,68,18,Wa da xi wa the the the
16170,1034,施晓伟,2016-01-17 11:24:37,-2,7,9,上课有更多游戏，老师人非常好！
16313,1034,施晓伟,2016-01-18 02:22:31,13,18,5,给分低
16369,1034,施晓伟,2016-01-18 03:55:37,19,31,12,上课特别没劲，给分还差。建议别选。
16644,1034,施晓伟,2017-06-15 12:00:29,7,11,4,学大英真心靠自己，老师应该属于事偏多型，不同的人感觉不同吧，有人觉得无聊，有人觉得活动很有意思，至于听写，你可以觉得它烦，也可以觉得它帮助自己掌握单词
17364,1034,施晓伟,2017-01-15 07:42:08,-4,9,13,施老师是一位蛮负责任的老师，很愿意听学生的建议。作业合理，给分还可以。想选老师的视听说，没选上，有点难过。
20570,1034,施晓伟,2016-01-28 13:12:25,-4,6,10,老师特别和蔼温柔！很关心同学！和同学关系很好啊！事少给分好！很负责！
21160,1034,施晓伟,2016-02-23 09:58:32,7,13,6,上课相当水，大英要靠自己，事情不算多也不算少，讲解水平一般，可以算第三志愿老师，能拿来保底。
21841,1034,施晓伟,2016-03-01 08:06:42,-1,3,4,水水的 听写什么的是浮云… 背下就好了
21868,1034,施晓伟,2016-03-01 10:38:20,-4,3,7,还好啦
22607,1034,施晓伟,2016-03-09 12:44:14,-4,3,7,很好，有趣
24036,1034,施晓伟,2016-04-25 23:13:46,25,36,11,英语视听说，选择要慎重。
24562,1034,施晓伟,2016-05-01 16:45:36,-4,6,10,看电影 说英语绕口令 听英文歌 本来说要一人一句接龙但是最后没唱呢。 传递一只小橡皮鸭玩单词接龙  听力练习  我觉得上课挺有趣的  给分也好的呀
25660,1034,施晓伟,2016-06-28 13:13:53,15,33,18,专业绩杀，给分低没说的，讲课很烂，上课天天问候你组员问候你家乡，有时上课讲完冷笑话会在上面咔咔咔地冷笑简直毛骨悚然，大英背诵那天有事请假死活不让重背，不知道我是不是瞎了眼了没有退掉他的预制，奉劝各位预制到的同学赶紧退掉保平安吧，我已经开始着手准备补考了\n\n
25832,1034,施晓伟,2016-07-09 10:09:50,11,19,8,辣鸡老师，毁我青春，专业绩杀。
26706,1034,施晓伟,2016-06-21 02:59:35,7,8,1,平时分给的好低呀
27532,1034,施晓伟,2016-06-27 02:47:41,7,7,0,给分低，辣鸡
27535,1034,施晓伟,2016-06-27 02:54:48,-5,2,7,事多，但是人好，给分一般，认真做作业，认真复习，不会低分，给分都有依据的
27538,1034,施晓伟,2016-06-27 03:01:44,-3,2,5,反正我觉得给分不错
27554,1034,施晓伟,2016-06-27 03:26:13,1,5,4,个人觉得老师还是挺好的，平常认真点，还是没有什么大问题的
27659,1034,施晓伟,2016-06-27 07:20:09,9,11,2,给分特别差，不要指望师生情，上课很水而且动辄问候家乡特产，事情很多，背诵还专门打电话给助教告诉她抽到难的不给换，每个人都要上台唱歌，上课点人喜欢盯着几个人点，如果碰巧是你的话基本雪崩。
27753,1034,施晓伟,2016-06-27 10:58:48,5,6,1,均绩很说明问题\n\n
27838,1034,施晓伟,2016-06-27 19:46:05,1,2,1,给分很低，水平很差，很爱放视频混时间，或者全班读绕口令唱歌，很无聊
27896,1034,施晓伟,2016-06-28 03:46:13,17,27,10,讲道理的话大英成绩绝大多数都是自己考出来的，老师的因素并不大。个人觉得给分可以不算差，上课作业都很水，但要是你总是被回答问题或是听写不行的话，就等着被盯上吧。
27961,1034,施晓伟,2016-06-28 07:30:04,7,13,6,平时根本不备课，想到什么说什么，有一次讲杭州特产，直接飙了一节课中文，你妹啊，这就算了，给分还差，千万别选！
34128,1034,施晓伟,2018-05-12 05:34:12,4,8,4,垃圾，不知道一直在笑什么，阴森森的冷笑，讲的课真的很无聊，就知道唱英文歌，上课完全浪费时间。
34690,1034,施晓伟,2016-10-18 07:42:02,-1,2,3,辣鸡，浪费时间
35404,1034,施晓伟,2016-11-10 05:56:45,1,2,1,(ºOº)分低难过……老师挺会自娱自乐的hhh
36455,1034,施晓伟,2016-11-14 01:30:14,0,1,1,上课有点水，不过老师还是很好的，认真点可以学到不少知识哒
36647,1034,施晓伟,2016-11-15 07:37:57,0,8,8,老师真的超级有意思，这节课是我一段时间里最喜欢的课。上这节课的期间正好在背六级的单词，所以比较努力，最后意料之外的得到了很高的分数，大大激发了我学习英语的热情，，，，真的超喜欢这个老师，嘻嘻嘻
40031,1034,施晓伟,2016-12-29 01:34:35,13,17,4,我不知道给分，但是老师很可爱，新年了给大家分吃的，让大家祝福拥抱，很有人文关怀的老师。而且大英多半是自己背单词哇
40409,1034,施晓伟,2017-01-03 07:36:01,1,3,2,老师还不错啊
40486,1034,施晓伟,2017-01-03 15:57:43,1,2,1,主要靠自己预习与复习，但老师还是挺负责，人挺不错的，就是上课时候经常讲冷笑话（自己觉得很好笑的那种）还会突然说两句日语(●—●)
41559,1034,施晓伟,2017-01-12 07:44:01,0,2,2,略尴尬，但也是个蛮可爱的老人，绩点真心低。。。
42210,1034,施晓伟,2017-01-14 02:06:15,1,6,5,老师人很好啊！课堂活动蛮丰富的！过年了还让组员拥抱然后发巧克力哈哈，我觉得大英靠自己呀，平时单词还是要多看看吧嘿嘿
42215,1034,施晓伟,2017-01-14 02:24:54,1,3,2,整体来说还行。\n\n上课比较无聊。\n\n但是老师抓得很紧，每个单元都要默写，要讨论，要做练习，要复述课文。\n\n但如果认真学，期末会好的。
42218,1034,施晓伟,2017-01-14 02:29:11,2,6,4,老师人不错啊，蛮幽默的，也挺水，作业从来不检查，期末还发糖～给分也不错
42219,1034,施晓伟,2017-01-14 02:31:44,2,3,1,辣鸡绩杀不想说话
42247,1034,施晓伟,2017-01-14 03:03:08,-1,1,2,其实没有那么差，英语主要还是靠自己
42327,1034,施晓伟,2017-01-14 04:30:47,5,7,2,给分其实还行...讲真大英主要还是看自己硬实力，而且能加的分老师还是回会加的。\n\n不过，确实应该适当减少课堂上日语的成分了，听着real尴尬= =！
42619,1034,施晓伟,2017-01-14 15:17:51,1,2,1,老师挺不错的，大英主要靠自己，认真点分都不会低的
42691,1034,施晓伟,2017-01-15 02:43:03,2,3,1,很好的老师呀，关键是自己要认真对待大英课！
48806,1034,施晓伟,2017-03-13 09:36:02,-2,1,3,感谢老师让我及格。
50280,1034,施晓伟,2017-05-02 06:26:15,2,6,4,老师其实蛮亲切的 词汇学给分不错呀
51484,1034,施晓伟,2017-06-06 08:38:40,1,2,1,。。。。。。
51902,1034,施晓伟,2017-06-13 09:36:18,-2,0,2,老师还可以吧
52234,1034,施晓伟,2017-06-16 07:58:40,2,3,1,上课特别水，英语词汇学，不过如果上课认真听了，复习一下，小测还可以，给分很求是，论文看运气。
52236,1034,施晓伟,2018-01-02 05:50:42,5,9,4,个人觉得不错啊，词汇学一些基本内容都讲的，整个学期的任务也在第一次课就都说了，对学生也没刁难，上课也挺轻松的，事情也不是很多
52242,1034,施晓伟,2017-06-16 09:44:24,-1,3,4,其实我喜欢这老师的课。没有哪个老师愿意绩杀，只有愿意给你多少同情分的区别。平时成绩会公布，绝对公开。成绩给的明白，可以选的！
53213,1034,施晓伟,2017-06-26 07:50:54,-1,2,3,英语词汇学，给分真的低
58948,1034,施晓伟,2017-09-19 00:19:40,7,9,2,上课会点到，点名回答问题，久不久来场游戏输了要唱歌，有课堂演讲，课前展示，有英文论文，有考试，大部分时间在聊天，回回都到考试论文认真写最后3.0，言尽于此，诸位多考虑。\n\n
59335,1034,施晓伟,2018-11-20 10:15:00,1,1,0,笑话有点尬
59734,1034,施晓伟,2017-09-26 09:22:17,1,1,0,事情多 听写多
64633,1034,施晓伟,2017-12-25 17:23:32,0,3,3,上的视听说，咋说呢，和其他视听说比起来真的水。看了三堂电影，会有小组表演和个人表演。最后给分。。。。是我自己不太努力吧，最后小组表演还跑题了，最后只有3.9。老师人还是不错的，很和蔼，笑呵呵，动不动说日语，动不动说杭州方言，就是英语说的少。
67280,1034,施晓伟,2018-01-20 14:53:37,-2,0,2,上课只知道问组长组员是哪里的人，性格是什么，唯一优点是有点儿幽默（给分不高）
67305,1034,施晓伟,2018-01-20 15:54:03,1,4,3,这老师就是个垃圾
68792,1034,施晓伟,2018-01-24 02:00:06,1,2,1,其实还可以，不太严格，人很和蔼，只是可惜让人提不起兴趣
69171,1034,施晓伟,2018-01-24 09:27:27,6,7,1,还可以吧。如果不想学东西，可以选这个老师
74792,1034,施晓伟,2018-03-06 02:01:10,-2,0,2,课挺水的，分数啥的看自己啦。没有特别绩杀啦
75401,1034,施晓伟,2018-03-10 12:51:10,5,5,0,不负责任，水平极低，不想好好学英语就选他的课吧。
76495,1034,施晓伟,2018-04-11 08:52:31,11,15,4,素质极差，三观扭曲，上课特别无聊，什么也学不到。放听力声音巨大引起隔壁教室老师抗议，结果人家走了之后他立刻又把声音调大，耳朵都要震聋了。当着所有人的面直白地表现出对同性恋的歧视。不知道这样的人怎么当上老师的，反正现在一看见他我就恶心
77311,1034,施晓伟,2018-05-04 13:46:52,0,1,1,施老师是一个很温和儒雅的老师，每次问题都会很耐心回答。我好多次课后问他作业，他都有非常即使的回答。老师给分还算客观，如果你是班长分应该会好的，如果不是，就争取混脸熟，如果你不喜欢和老师搞好关系，那就认真准备最后的笔试和口试吧。不过最后的笔试听力有点坑，非常含糊。但总体上看，老师还可以。如果想要更好的学习体验，建议不要选择这样的课。
80496,1034,施晓伟,2018-07-07 13:53:55,7,7,0,垃圾老师刷我均绩，上课只会玩自己的手机，课堂很冷。。。
80796,1034,施晓伟,2018-07-04 11:24:24,-1,2,3,傻逼老师，别选，事情多，该挂还是挂，别指望他
80933,1034,施晓伟,2018-07-03 01:33:08,3,3,0,英语视听说挺水的，最后考试要好好考，平时没有作业，就几次展示，看了两次电影，总体比较愉快
80976,1034,施晓伟,2018-07-03 06:45:14,1,1,0,又水给分又低，约不到任何东西，还让背杭州小吃
80986,1034,施晓伟,2018-07-03 07:36:14,2,3,1,英语视听说水课，给分不错
81301,1034,施晓伟,2018-07-04 15:18:54,1,1,0,给分差
82887,1034,施晓伟,2018-07-09 09:10:31,14,15,1,展示课上他做旁边睡着了!睡着了!睡着了!另外看得出每年不变的ppt，一两首歌放了一个学期，一两个无聊没人理他的笑话讲了一个学期，另外还有上课莫名的停顿和莫名的方言。。。除了英语口语听起来比较舒服没什么优点。。。
85604,1034,施晓伟,2018-07-21 00:43:57,5,9,4,好的课程成绩都出完了，我认真的来评价一下每一位任课老师。上的是老师的词汇学，成绩是我一学期中最低的3.3，直接拉低学期均绩0.07。这个数字你们也知道po主绝非不认真学习拿低分的人。我心里爽不爽只有我知道，我不希望大家再跳了这位老师的坑。巨坑。上课多次玩手机导致课堂冷场，我都替他尴尬，听同学展示听到睡着，我也体贴你很累，但是我的周三是一天十三节课，互相尊重好吧。只能说这位老师粗话很多，精华很少，照念PPT的水分很大，一学期下来收货几乎为零。课前用放歌的方式愣是拖了五分钟才开始上课，课堂游戏极其无趣。慎选！！！！！
88416,1034,施晓伟,2018-10-30 12:19:57,9,9,0,不得不说，如果你基础不是特别好的话 建议你不要选这门老师的课，上课对英语提高没有什么作用，基础差的同学一定会被绩杀的。
88858,1034,施晓伟,2018-11-10 10:02:56,0,2,2,绩杀，慎选！！！
91045,1034,施晓伟,2018-11-29 08:27:10,0,2,2,傻逼老师，想学英语千万别选视听说
92124,1034,施晓伟,2018-12-26 13:13:36,-1,0,1,老师很不错啊，上课只是提问，不点名的，有一次我没来老师都没看见（，确实有时会讲一些不是很有用的东西，不过那个时候可以自习啊，在微信上经常回答我的问题，我觉得还算不错的一个老师\n\n
93879,1034,施晓伟,2019-01-14 06:52:57,1,1,0,出分了555想说一学期认真听课也没有记住什么，考前抱佛脚好好复习，论文好好写居然有4.8谢谢老师！
93903,1034,施晓伟,2019-01-14 07:59:13,-3,1,4,选的词汇学，书本看完基本课不用听啊，论文和考试都能自己carry。蛮轻松的，最后4.5
95128,1034,施晓伟,2019-01-19 00:51:20,-1,1,2,大英靠自己，但依旧感谢不杀之恩～～考试周出的第一门成绩～比我预想的好太多ಥ_ಥ
95138,1034,施晓伟,2019-01-19 01:14:49,-1,2,3,老师人挺好，但上课很水。不过大英主要靠自己。我平时不认真学导致两次小测分数和听写都很惨（全班倒数）……上课就发了一次言，没有复述过，期末终于悔悟过来认真背了一天的单词，最后3.6。
95142,1034,施晓伟,2019-01-19 01:23:36,3,5,2,我还能说什么，虽然我对英语心里有点逼数，但也不至于绩点这么低头叭。\n\n无话可说.....
95152,1034,施晓伟,2019-01-19 01:59:44,0,1,1,绩杀，慎选
95215,1034,施晓伟,2019-01-27 10:27:54,2,5,3,三观不正
95279,1034,施晓伟,2019-01-19 06:44:22,1,2,1,课讲的还可以，上课有些观点确实有点雷\n\n主要看期末，平时分就5分，其余都是考试作文之类的东西，期末一考定乾坤
95287,1034,施晓伟,2019-01-19 06:52:46,1,1,0,还是可以的，认真学能学到一些，但比较有限，分数什么的还是要努力争取
95288,1034,施晓伟,2019-01-19 06:52:53,1,2,1,均分也就3.0吧，不过怪不得老师。基本就按照期末考来打分的，课比较水，事情也不多。
95442,1034,施晓伟,2019-01-19 11:47:07,1,4,3,感觉还是挺水的我在课上差不多背了一个学期的单词。偶尔会听听歌看看生活大爆炸(虽然老是重复播一集但是我看的还是很开心啊…)平时会有一些唱歌/表演的活动。老师还是很好的呀，会节日发糖，在群里解答问题，考试之前还会提醒我们注意事项什么的。虽然有些话比较雷人也常常问候组员家乡但没什么大问题吧？ 最后英语还是靠自己吧？我也不清楚最后的分数怎么打的，比我想象的高了不止一点…也没有你们说的那么差劲呀
98765,1034,施晓伟,2019-01-24 02:03:50,6,6,0,平时确实不太认真 但我小测跟考试前把能做的都做了...感觉平时成绩跟我差不多的同学绩点比我高了将近1分 所以给分还是看点运气的吗
99293,1034,施晓伟,2019-01-24 14:20:47,-3,3,6,为老师疯狂打call！！！！！超级耐心和蔼啊！还会放很好的很有意思的英语电影！小组展示对子展示都很有意思啊！最后的口语考试听力考试都不难的！最后绩点感动人生人间温暖啊！！！！
99350,1034,施晓伟,2019-01-24 15:15:56,-6,1,7,听课是享受啊
99846,1034,施晓伟,2019-01-25 08:22:12,2,4,2,给分好
101547,1034,施晓伟,2019-01-28 11:48:13,3,3,0,我跟前面有个评论的感觉差不多...跟小组成员的成绩呀举手发言呀都差不多（而且我发言还稍微多了那么一两次）但是绩点低了将近一分... 我真的没什么好说的 只能说这个英语老师提高了思修老师在我心里的地位
101875,1034,施晓伟,2019-01-29 10:56:27,5,6,1,上大学以来最无语的一个老师，经常以自己狭隘的视角随意评判明星，甚至叫黑称…虽然不是那些明星的粉，但是听到 娘炮 taofen 这些词的时候我真的觉得非常不舒服。另，不知道是不是大英课都这样，超级超级超级无聊，想补觉的同学可以考虑^_^
102328,1034,施晓伟,2019-02-01 02:49:16,4,5,1,英语视听说真的是扩大视野的一门课，我想说的就是口语测试一定做好没时间准备的问题，其他还好，我反正正常上课，4.5还行了
102664,1034,施晓伟,2019-02-18 10:19:15,7,7,0,很水的视听说，很棒 老师很可爱 会发小零食 上课就是听听力 唠嗑 划水 考试不难
103189,1034,施晓伟,2019-02-26 13:30:43,7,9,2,我觉得老师人很好，视听说的课课堂有趣，考试也不难，4.8
103221,1034,施晓伟,2019-02-27 01:58:00,3,3,0,事少，大英三能不能学到东西就是看自己。老师人挺好的，温和，不苛刻，忘记交作业再补交也不会批评什么的。至于分数就是靠自己啊
103645,1034,施晓伟,2019-03-03 13:42:04,2,2,0,辣鸡，毁我大英。
105840,1034,施晓伟,2019-04-22 00:37:38,6,6,0,能感觉到老师上课不用心\n\n词汇学上课真的水\n\n给分好差…慎选
105841,1034,施晓伟,2019-04-22 01:06:37,5,5,0,慎选，课水分差，要不是为了英语学分，唉……词汇学自己花时间看看书吧，对词汇量要求很高.而且会给挂...
107583,1034,施晓伟,2019-05-07 04:13:56,-5,1,6,上课很有活力 很吸引学生 特别有魅力 而且出分非常快
109435,1034,施晓伟,2019-06-14 12:09:40,2,2,0,英语词汇学随便听听还可以，给分怎样还不知道，但是上课的感觉不喜欢，经常冷场，说一些奇怪的话
110074,1034,施晓伟,2019-06-22 07:17:29,0,0,0,英语词汇学上课水，准备考试前看书的话会有一点点启发。然后考试一定要重视老师给的两份练习题，题目很多相关。给分未知。
110229,1034,施晓伟,2019-06-25 00:38:52,9,10,1,老师人是很温和的，但也有点奇怪，上课时候感觉很不认真，课件内容很少，比较流于表面。上课的时候基本没人在听课，其次给分很不好。我所有课都到了，展示论文考试都好好准备了，均?和大英四都4.5+的我这门课居然只有3.3，真的历史最低了。如果实在学分不够也可以选吧，没那么可怕，但还是慎选！！！
110232,1034,施晓伟,2019-06-25 00:53:20,0,0,0,? ? ? ? ?
113362,1034,施晓伟,2019-07-06 09:54:15,5,6,1,视听说 两次小组展示 一次对子展示 一次个人展示 一次口语考试 一次听力期末考（我觉得难...上课挺水的吧 做一篇听力然后玩一下有点尴尬的游戏 学不到啥 大家还是自己好好学英语吧
115677,1034,施晓伟,2019-09-11 10:50:44,4,5,1,大家要不是迫不得已，真的不建议选此门课，无论是哪位老师。个人观点，一，课程无聊，内容偏僻，除非是以后有意向研究或者是很感兴趣的，很难听进去一节课，同学一上课就退课也有一些。二，课本全英文无翻译，有的老师会有课堂考试（据同学说其实占比很大），复习难度系数很高，平时不听课再复习很麻烦。三，老师给分成迷，绩杀预警，而且词汇学分数普遍不高，论文评分搞不通标准……四，因为英语课其实不一定非要在大一修完，大二大三补个1.5的比比皆是，愿意选好课去等待的退课或者不选也无妨。功利化一点，这门课对英语提高毫无帮助，以后想要好好学英语，保持英语水平考四六托雅的，这门课可能会白白浪费一个学期，又没意思又无聊又低分，不如不选或者退课……
116451,1034,施晓伟,2019-09-10 17:04:20,-2,1,3,只听了第一节视听说...然后就听不下去了，赶紧退了退了...感觉讲的巨尴尬，老是提家长，说方言，讲冷笑话，尬死了，根本听不下去
116688,1034,施晓伟,2019-09-13 07:35:05,-1,0,1,
116920,1034,施晓伟,2019-09-17 08:31:50,0,2,2,讨厌，你坏死了，我好喜欢
117920,1034,施晓伟,2019-10-10 07:33:24,0,0,0,一个都没用
118877,1034,施晓伟,2019-11-07 09:26:36,5,5,0,千万不要想不开选词汇学的课。老师上课沉闷、无聊，课后全靠自学，上课和展示的时候都在玩手机，给人一种特别敷衍的感觉……词汇量小的人，期末会被绩杀。莫名其妙的游戏、无聊的内容、还有一次讨论一次展示一篇论文一次小测，给分差差差，拜拜了您嘞～
118979,1034,施晓伟,2019-11-09 02:15:16,0,2,2,听了两节词汇学退课了 浪费生命 这个老师的幽默点很奇怪 很令人尴尬 那两节课每次下课我都能跟别人分享半天我上课的见闻 这么尬的课堂真的令我大开眼界
121109,1034,施晓伟,2020-01-19 15:25:48,2,3,1,视听说事情有点多，但是说给分不好的都是自己英语不好能怪老师？期末这个小学生听力还能再简单点嘛...
123474,1034,施晓伟,2020-06-09 05:28:31,1,1,0,英语视听说挺好的，课其实挺水了，一次小组表演，一次2分钟左右的演讲，给分很不错
123982,1034,施晓伟,2020-06-18 16:07:07,1,1,0,词汇学..3.6..为了学分也就这样吧，玄学
125091,1034,施晓伟,2020-08-30 14:17:49,1,1,0,体验极差
125879,1034,施晓伟,2020-09-15 08:38:57,0,1,1,老师人挺好的，课真的不难，考试尤其简单
126526,1034,施晓伟,2020-09-29 07:07:24,0,0,0,。。神经病
129086,1034,施晓伟,2020-12-30 05:44:41,1,1,0,quiz前一点也不通知，还是从别的同学那里知道要quiz，服了服了
130575,1034,施晓伟,2021-01-23 17:19:20,1,1,0,绩点3.6，还不错吧，因为我水了一学期
130698,1034,施晓伟,2021-01-24 09:15:12,1,1,0,待人和善，不会故意卡绩（也不会加），一个很客观的老师
131556,1034,施晓伟,2021-01-28 04:07:37,0,0,0,没什么可说的\n\n学不到东西\n\n讲课水平差\n\n并且给分低\n\n英语视听说慎选
134726,1034,施晓伟,2021-04-12 07:55:55,0,2,2,笑点很低，上课经常自娱自乐，自言自语，喜欢开无聊的玩笑，地域黑，刻板印象很重，水平一般，游戏和pre很尬，专点不交作业的同学，点起来之后把你家乡地址电话身份证号通通问一遍
137049,1034,施晓伟,2021-06-30 04:43:02,0,0,0,还可以
137183,1034,施晓伟,2021-07-02 04:05:44,2,2,0,绩杀！！\n\n慎选\n\n期末30个选择，错一题总评少一分，慎选！！
137277,1034,施晓伟,2021-07-03 01:16:27,0,0,0,上了他两次课，一次视听说一次词汇学。\n\n视听说到词汇学，笑话一点没变，西安的事情听了百八遍。\n\n\n\n视听说没有论文，考试简单。\n\n词汇学我直接3.0，就很迷……怀疑我论文被杀了……但是要问成绩只能在大群里公开问……无语子。（他不看钉钉消息）\n\n\n\n偏见有……很不喜欢各种刻板印象，听得非常难受
137433,1034,施晓伟,2021-07-04 06:58:48,0,0,0,真无语…一分都嫌多
137959,1034,施晓伟,2021-07-07 01:17:45,0,0,0,英语视听说，作为用来水的课还行吧，没什么作业，也不需要为了考试花时间复习。\n\n会有四次左右的展示，每个展示时间平均也就两分钟，所以每次只花一两个小时准备一下就可以了。平时就没别的作业了，比托福系列课舒服很多，比大英更是轻松太多。\n\n上完第一次课感觉还挺好玩的，老师有点老顽皮的感觉，虽然课堂很尬，但莫名戳人笑点。但后面的课就开始水了，老师也水，我们也水，基本我也就再没听过课。\n\n给分方面，感觉主要看自己本身的英语水平，和在这个课上的投入基本没关系。估计应该是期末考试拉开分差。我最后拿了91，感觉还行吧不痛不痒，跟我之前托福听力课一个分。\n\n总之如果有英语底子的为了水学分，选他的课还是很不错的。如果英语水平不好还想要高绩点，可以慎重考虑一下。
137971,1034,施晓伟,2021-07-07 03:14:33,0,0,0,英语视听说。老师上课说话比较慢的，也有点水，推荐英语水平比较好的同学可以选一下，事情不是很多，比其他英语课应该是轻松很多的，感觉上主要是靠最后的听力考试，不是很适合英语听力不好或者口语不好的同学。
71,1035,史占泓,2015-03-14 15:38:16,47,80,33,讲课太过死板，有一种完成任务的感觉。无法调动课堂气氛，给分一般。
1615,1035,史占泓,2015-03-23 02:10:01,13,23,10,课太无聊
3323,1035,史占泓,2015-06-02 01:49:55,5,20,15,上课很棒啊。你们都去水手机了吧。。。
4161,1035,史占泓,2015-06-18 02:38:35,61,84,23,听了她的课，我以后也想当一名大学英语老师。\n\n\n\n上课放放听力，水水手机就过。还能有工资拿，世界上怎么还有这种美差！！！
5183,1035,史占泓,2015-07-05 14:40:20,11,26,15,还不错吧。爱孩子的老师
5995,1035,史占泓,2015-07-10 07:11:15,4,7,3,很无聊
6976,1035,史占泓,2015-08-23 11:19:23,1,4,3,课程不充实
8548,1035,史占泓,2017-09-05 06:30:55,0,5,5,上的好
8620,1035,史占泓,2015-09-23 08:08:11,26,38,12,他的大英课是一个老师和同学相互比赛谁更水的课
9287,1035,史占泓,2015-10-20 05:06:46,0,2,2,事情比较多，但是还是有收获的
12491,1035,史占泓,2015-12-23 11:38:06,2,7,5,我觉得老师的课挺好的，没有说的那么烂啊～
13085,1035,史占泓,2015-12-24 23:44:13,1,3,2,我觉得还是不错的呀
13567,1035,史占泓,2015-12-29 09:03:08,1,4,3,屁事太多
13719,1035,史占泓,2015-12-30 11:48:44,9,21,12,我觉得老师很好啊，上课内容很有趣，而且感觉很懂得生活～不过不会讲书上的知识什么的，quiz那种还是靠自己。
14543,1035,史占泓,2016-01-07 13:47:55,-3,2,5,其实还可以 ，没有那么差啊，水手机这个事情还是要靠自觉的。
15091,1035,史占泓,2019-02-22 04:20:23,6,14,8,学英语这种东西还是靠平时啊，课堂能学到的有限。大英quiz多，平时多努力平时分就不会低了
15675,1035,史占泓,2016-01-16 05:47:04,2,3,1,睡觉吧
15697,1035,史占泓,2016-01-16 07:05:03,0,4,4,课水事少分棒！当然分高其实要靠自己啦。。。
15710,1035,史占泓,2016-01-16 07:16:48,1,4,3,老师挺好的呀
15805,1035,史占泓,2016-01-16 10:01:35,0,1,1,很不错
15927,1035,史占泓,2016-01-16 15:42:35,8,13,5,背新闻背新闻背新闻，自学为主啊
15934,1035,史占泓,2016-01-16 15:57:55,2,2,0,虽然大英最后蛮高的但是可是真的挺无聊的主要看自己学吧
15995,1035,史占泓,2016-01-17 02:19:11,4,6,2,挂了呵
16151,1035,史占泓,2016-01-17 10:34:28,1,4,3,每周背新闻也是醉了。。。
16495,1035,史占泓,2016-01-18 08:35:34,-3,1,4,上课确实水，不怎么讲知识点，平时也不会听写，这点还好。\n\n会放modern family，作业真的少。\n\n给分真的不错，自己都没想到那么高。
16873,1035,史占泓,2016-01-19 06:34:31,0,2,2,挺和蔼的
18652,1035,史占泓,2016-01-22 08:34:17,0,1,1,主要靠自学的，不会怎么讲课文或单词，给分很好，也不算差啊
21275,1035,史占泓,2016-02-28 02:57:17,-3,1,4,还不错，挺好一老师
21825,1035,史占泓,2016-03-01 07:26:11,7,17,10,每节课放摩登家庭，基本不怎么讲课文，放养式。口音很棒。上课有个人展示，每日新闻，小组讨论，课本剧……各种，挺锻炼人的。但给分……自求多福…
21845,1035,史占泓,2016-03-01 08:16:50,5,9,4,屁事真多
21915,1035,史占泓,2016-03-01 15:21:03,0,1,1,没有ONE MINUTE NEWS10分，有只能给7分不能再多了\n\n
22156,1035,史占泓,2016-03-02 15:42:14,1,2,1,垃圾老师，毁我青春，耗我时间
22176,1035,史占泓,2016-03-03 01:28:10,2,4,2,事多，要背很多东西，不过上课还是挺水
22937,1035,史占泓,2016-06-28 07:56:37,0,0,0,上课很水，给分不错
23088,1035,史占泓,2016-03-17 07:00:16,0,0,0,其实我觉得给6分还是可以的。没评论说的那么差。当然也不是说好
23688,1035,史占泓,2016-04-12 09:55:07,1,1,0,像她这样上课我也能教英语  平时事多 上课水
25267,1035,史占泓,2016-05-09 06:12:40,0,0,0,老师蛮好
27441,1035,史占泓,2016-06-26 09:13:46,4,11,7,没有课间\n\n
27442,1035,史占泓,2016-07-01 08:33:44,2,3,1,只是因为没有0分
27445,1035,史占泓,2016-06-26 09:28:58,0,1,1,遇到一个有毒的老师最后的方法就是给她满分=_=
27854,1035,史占泓,2016-06-27 23:56:21,0,0,0,水课 又不能好好自习
30479,1035,史占泓,2016-07-01 16:33:41,1,1,0,上课不太讲课文内容，以视听说为主，故考试靠自学（大英也基本如此吧）。有若干次蛮好玩的课外作业。打分不高主要是课堂比较水没什么生气，老师为人还是不错的。
33797,1035,史占泓,2016-09-22 00:18:10,-1,2,3,。。。。
38526,1035,史占泓,2016-12-07 15:38:20,1,1,0,不知道为什么分这么低\n\n我觉得是很棒的老师 口音棒 人也很棒\n\n是很认真很好的老师
39213,1035,史占泓,2016-12-21 15:36:20,7,11,4,我觉得老师讲得很好呀，还给看摩登家庭。也不水啊，收获蛮多的。成绩什么的是我没认真。
39648,1035,史占泓,2016-12-26 12:31:26,0,1,1,上的课很好，水水很多课外的内容，语音语调不错，课本内容自学吧，课后要多努力\n\n
40424,1035,史占泓,2017-01-14 00:41:16,7,8,1,给分超级低啊
41336,1035,史占泓,2017-01-10 15:33:57,0,2,2,老师很可爱啊，不知道为什么评分这么低
42086,1035,史占泓,2017-01-13 14:26:01,0,0,0,老师人很好，很有耐心
42109,1035,史占泓,2017-01-13 15:05:47,0,1,1,给分好
42112,1035,史占泓,2017-01-13 15:08:32,1,2,1,老师上课不点名，但是分组做，给分还不错，全靠自己
42143,1035,史占泓,2017-01-13 15:56:31,1,5,4,老师为人挺好，和蔼可亲那种，没架子。一个学期就听写两三次单词，也不点名，事算少课算水，至于给分，大英这玩意儿难道不是靠自己背吗？平时背诵口试quiz期末，你自己不背老师能给你放水吗？查了很多大英老师感觉绩点都差不多，主要靠自己。这学期绩点不怎么样，大英四还选了史老师，准备好好学。
42164,1035,史占泓,2017-01-13 17:20:31,2,2,0,给分超低！！
42175,1035,史占泓,2017-01-13 23:46:44,0,0,0,有点无聊，不过上课能积极表现自己就是另外一回事了
42525,1035,史占泓,2017-01-14 11:11:09,1,1,0,分低，原因在自己，老师挺好的
44557,1035,史占泓,2017-01-18 03:00:24,6,7,1,为什么均绩这么高？我的好低啊，讲的一般吧，英语本来就是考自学
44605,1035,史占泓,2017-01-18 04:08:28,5,6,1,嗯  老师见识很广的 人也很可爱 就是喜欢点名问问题 有点小可怕 也爱布置作文\n\n
44981,1035,史占泓,2017-01-18 16:47:46,2,3,1,老师人很好，助教也很温柔，只是平时分相对其它老师会低一些，不过大英的考核还是比较量化的主要还是看自己。
49232,1035,史占泓,2017-03-30 07:20:07,1,2,1,老师上课给人一种敷衍的感觉，她对自己不太自信吧。不太喜欢这种态度
50698,1035,史占泓,2017-05-04 10:49:34,1,2,1,感觉没备过课…\n\n
50801,1035,史占泓,2017-05-05 15:19:29,1,1,0,老师给分是真的很好，我另一门英语通识课比这节课努力了十倍，但得分只有这节课的0.6。 一开始上老师的课是会觉得有些无聊，但我觉得老师还是很认真的。
53415,1035,史占泓,2017-06-26 14:24:30,0,0,0,全靠自学。
53420,1035,史占泓,2017-06-26 14:40:07,4,4,0,水水的，感觉不怎么备课，想到一出是一出，干货偏少。但是与之对应的是事儿少，贼轻松，自己支配的时间多。对自学能力强的来说可以考虑一下
53513,1035,史占泓,2017-06-27 01:35:15,1,1,0,老师好像不调分 还是看自己吧…要拿高分还是 挺难的……老师人还是很好…
55557,1035,史占泓,2017-07-02 01:46:57,0,0,0,上老师的托福口语学到了很多干货，但是考核三四次有点吃不消。总体上来说给分还算公正，人也和蔼。
55559,1035,史占泓,2017-07-02 01:56:37,3,17,14,给分真的好啊\n\n托福写作真的一路水下来\n\n最后居然有97！！！\n\n真的是性价比最高的课了！！！\n\n画的时间是我所有通识课最少但是分最高的课！！！\n\n强推托福写作！！！\n\n虽然老师上课还是很无聊的………
58834,1035,史占泓,2017-09-18 04:43:46,0,0,0,哈哈恍恍惚惚恍恍惚惚恍恍惚惚斤斤计较江河湖海
59324,1035,史占泓,2017-09-21 01:45:32,4,4,0,不得不说，这老师比较适合教小学英语\n\n
63606,1035,史占泓,2017-12-08 13:25:49,-3,4,7,真差，上课学不到一点有用的，长得又不好看，心眼又小
64668,1035,史占泓,2017-12-26 07:03:13,4,6,2,太水了，没实际内容，对学生态度也一般
65748,1035,史占泓,2018-01-11 07:52:39,5,7,2,垃圾老师，对学生的态度决定了学生不会去尊重你
67260,1035,史占泓,2018-01-20 14:18:06,-12,1,13,挺不错的，感觉自己挺水的，一直在吃高中的老本，绩点居然上四了。
67275,1035,史占泓,2018-01-20 14:48:18,7,10,3,上这种大英三的课确实是靠自学啊，平时上课经常放视听说的听力，然而大部分时间也就在听力上而已。成绩出来过来看看评分，结果瞥见一位绩点上四的同学到这来秀优越感还真是服气，可知群里一片因为及格了而痛哭流涕的得多尴尬。英语不好还真怨不得老师，这得看平时努力程度，但课水收获不大倒是不争的事实。
67516,1035,史占泓,2018-01-21 11:39:31,0,2,2,绩点不错
68002,1035,史占泓,2018-01-22 13:04:14,-7,0,7,坐在最后面，因为太无聊就水手机QAQ老师很温柔，口语很棒，就是上课太无聊了。。不过还是要感谢老师带我上四hh
71950,1035,史占泓,2018-01-29 06:30:24,4,4,0,给分……太垃圾了
74710,1035,史占泓,2018-03-05 08:42:36,0,0,0,老师管得很少，基本靠自觉。上课挺有趣的，那些说老师不负责的话我觉得有失公道，毕竟是上大学，自己的事自己负责嘛。
74943,1035,史占泓,2018-03-13 13:06:00,2,7,5,好老师，10分（别的不知道，托福写作真的推荐）
75688,1035,史占泓,2018-03-15 06:54:26,0,0,0,我觉得口语很不错。
77753,1035,史占泓,2018-05-07 14:16:32,2,5,3,我上的是托福写作 老师很负责 备课也认真 讲话温温柔柔的 我中间有次面试和上课时间冲突了老师二话没说就同意了 最后成绩也很理想 谢谢老师 希望这份好运也能延续到我的托福考试！
77768,1035,史占泓,2018-05-07 15:34:07,0,3,3,她的课效果特别好，在没有什么压力也感觉不到累的情况下很快提高了托福写作。最后成绩也很好。超级棒棒棒棒棒棒！！！！！
77831,1035,史占泓,2018-05-08 04:30:47,3,7,4,托福写作给分极差
77927,1035,史占泓,2018-05-08 15:15:19,-2,1,3,托福写作，其实真的OK
78235,1035,史占泓,2018-05-10 06:06:42,32,44,12,大学读到现在，第一次被老师赶出教室的一门课，因为我没选上课
81174,1035,史占泓,2018-07-04 08:08:31,0,0,0,平平淡淡\n\n
81292,1035,史占泓,2018-07-04 14:58:33,0,0,0,，，，，，
81455,1035,史占泓,2018-07-05 06:24:27,4,4,0,对她自己不怎么喜欢的学生真的态度不好……主观性太强了……有些学生不怎么爱发言真的不代表人家不认真，为人师表，不要随便否定别人。
83440,1035,史占泓,2018-07-18 06:32:44,1,3,2,靠，我可以当老师了
83716,1035,史占泓,2018-07-11 05:23:15,5,6,1,托福写作，基础中等水平以上的，不需要课下额外花时间，只要稍微认真一点对待都能拿到不错的绩点，虽然老师讲课水平一般，但资料还是有干货的。
87397,1035,史占泓,2018-09-28 03:45:50,5,5,0,一个如果去教高中都教不到重点班的老师 上课浪费生命
88317,1035,史占泓,2018-10-28 10:13:46,1,1,0,挺好的老师
92378,1035,史占泓,2018-12-28 06:12:11,1,1,0,的确很水，上课就是听听力，做书上题，自己讲的内容很少，课文的重点都让学生提前准备，然后下一节课讲，每组都要准备至少两次。还有一堆奇葩作业，事很多。上课死气沉沉，没什么意思。
92596,1035,史占泓,2019-01-03 05:28:41,1,2,1,上课无聊！！！浪费时间！！！
92821,1035,史占泓,2019-01-04 15:50:33,0,3,3,大英3:基本不讲课文 一个单元的课文就讲几个好句子（句子确实好 但课文就只讲几个句子 而已！） 屁事有点多，几次展示的任务根据单元主题来。上课讲的一些英语知识高中都学过。讲英语老是ok，ok…（口语没那么好）
93005,1035,史占泓,2019-01-07 01:40:33,1,1,0,每节课都有点东西，英语本来就是靠自己的。
94113,1035,史占泓,2019-01-21 06:47:28,2,3,1,大英分数基本都是自己考的吧
95015,1035,史占泓,2019-01-18 15:02:20,6,10,4,给分辣鸡啊
95021,1035,史占泓,2019-01-18 15:08:37,1,3,2,给分不咋的，人还行。
95023,1035,史占泓,2019-01-18 15:11:03,3,7,4,上课水，给分差，无话可说。如果你是被预置的，一定要退掉！！！！大一上先不修大英三都可以，千万别选她的课。忠告。
95026,1035,史占泓,2019-01-18 15:13:46,1,2,1,。。。。。。。这学期完全没收获，我可能太渣了，但是。。。。自己也感受下吧，学习也不只是自己的事吧，老师也是有一点原因的。
95032,1035,史占泓,2019-01-18 15:21:20,16,24,8,水，给分差 ，想活命就别选，绩杀到死
95098,1035,史占泓,2019-01-18 23:04:31,-3,4,7,老师不错，成绩不佳是我自己的原因。
95106,1035,史占泓,2019-01-19 00:03:48,7,11,4,真无语，绩杀
95123,1035,史占泓,2019-01-19 00:34:32,5,9,4,上课挺水，给分挺差
95176,1035,史占泓,2019-01-19 03:53:09,5,8,3,绩杀绩杀绩杀
95721,1035,史占泓,2019-01-20 02:43:37,12,13,1,大英本来就是个绩杀的存在吧...不过上课确实蛮无聊，水水的，呃，口语也不怎么好。
95902,1035,史占泓,2019-01-20 07:57:08,-2,2,4,老师上课其实讲的挺有趣的。。。只是不怎么讲重点，没啥干货。很少有老师会让学生上课联系口试，但是史老师会给大家训练口试。老师还是挺好的。但是没有下课?最后分数不是很高主要还是自己没努力吧
95996,1035,史占泓,2019-01-20 10:47:33,1,2,1,认真完成了课上作业，小组的事多数是我完成的，结果绩杀，均绩拉了0.5……老师和善，但是给分超级不友好
106270,1035,史占泓,2019-04-26 04:44:27,4,8,4,上的托福写作。干货很多，只是课时有点少。看到有人说大英绩杀。我想说英语真的是努力就有成效的而且需要平时积累。单词好好背句型多分析。老师上课可能会不是很吸引人，但绩点真不能怪老师
106646,1035,史占泓,2019-04-28 15:09:08,2,4,2,老师对同学的态度很好啊....
106647,1035,史占泓,2019-04-28 15:26:13,13,15,2,托福写作，每节课就是念ppt然后隔三周一次小测，学到的东西很少而去都是常见的套路。作文不好选这门课就是为了提高，但是学不到东西还绩杀就有些难受了。我要是能考5.0我为什么要选这门课？
106717,1035,史占泓,2019-04-29 05:22:35,-4,4,8,不得不说托福写作给分是真的好……一路水下来，不过上课确实以练习为主
107912,1035,史占泓,2019-05-11 08:25:18,5,6,1,上课很辣鸡，做人很自以为是???\n\n根本不会为学生着想只顾着自己，呕
108072,1035,史占泓,2019-05-14 04:16:00,7,8,1,水平很低...上课就是念ppt，还说ppt不分享...搞得跟什么机密一样，校外机构随便一个资料分享也比这个实用；上课练习tpo都是十几套以前的...水平不高
108331,1035,史占泓,2019-05-21 07:35:00,4,9,5,这托福写作我拿5.0都只给她1分
111083,1035,史占泓,2019-06-29 13:30:54,6,10,4,什么垃圾老师，讲的差、给分差，太以自我为中心，上课净在那bb自己的事迹、什么出国旅游什么各种，qnm
113262,1035,史占泓,2019-07-06 03:14:06,-3,3,6,托福写作，我觉得老师挺好的。课上课下不能说教学非常精彩，但也完全OK了，写作确实不是靠几节课就能提升。给分也挺好。
120579,1035,史占泓,2020-01-13 07:47:32,1,1,0,大英三，老师很温柔，课堂气氛确实不活跃，每个人都要轮流展示，还有小组展示。
121289,1035,史占泓,2019-12-24 02:04:05,0,0,0,大英课无聊不能怪老师啊，老师人挺好的。冰果网上要算成绩的作文我错过ddl，老师让我单独发给她后来还主动告诉我我成绩。期末算成绩的时候多出来的一次写作成绩也可以替换掉最低的一次分。事情也不多，不错的
122291,1035,史占泓,2020-02-22 23:29:48,-1,2,3,老师很好啊，不知道为什么评分这么低，预置的她的课没能换掉，上了以后才知道评分真的只是参考，本人很温柔啊，私下里问她什么都会回答，而且考试什么的是靠自己的吧，要是什么都靠老师还要不要学了
124118,1035,史占泓,2020-07-02 04:04:29,0,1,1,虽然她卡了我 但是还是谢谢老师！！！人真的挺好的，托福写作给分挺好的
124501,1035,史占泓,2020-07-02 05:09:47,2,2,0,呵，均绩3.97的托福写作，我拿了3.6，是我太菜了。
124872,1035,史占泓,2020-07-14 05:30:36,-11,4,15,3.6那位同学是自己水平不够吧，加上英语课还要正态。我5.0，没学过托福，跟着老师的思路感觉收获挺大的。
126425,1035,史占泓,2020-09-26 11:56:24,6,6,0,感觉她有点高傲，讲课好水。
129497,1035,史占泓,2021-01-24 08:02:54,1,1,0,很好的老师
130711,1035,史占泓,2021-01-24 10:29:16,1,1,0,被卡绩了谢谢
130715,1035,史占泓,2021-01-24 10:51:11,2,2,0,大英三给分针不戳
130790,1035,史占泓,2021-01-24 14:37:50,16,22,6,大英三，2020秋冬。\n\n虽然最后被卡绩了，有点不甘心。但，最后老师表示可以查成绩，希望能让我们安心，也鼓励我们继续加油，这一点还是很感动的。\n\n对这学期的课程做个总结吧。\n\n老师：一定不要被查老师评分骗了，老师人很好的，超和善，而且笑起来很好看\n\n给分：大英这种课，老师能掌控的只有5分课堂表现分，其他主要还是靠自己吧。\n\n课堂：课前/课间会放摩登家庭。课堂提问不多(基本没有)，想水水过的同学，可以放心选。课上会经常讲一些自己的故事，会聊女儿，会聊旅行等等，挺有意思的。\n\n作业：和室友的老师相比，史老师作业好少，只有1次pre，1个书评，1个影评。挺轻松。\n\n总的来说，人好，任务少，比较推荐~
131039,1035,史占泓,2021-01-25 16:03:39,2,2,0,绩杀啊，唉，没了
131104,1035,史占泓,2021-01-26 03:17:54,1,1,0,老师超级好呀，给分也棒，只要好好学了，绩点不会差到哪里去的
131593,1035,史占泓,2021-01-28 06:07:03,-3,0,3,老师人还不错的，大英这种课没办法只能靠自己，没好好学好好背单词只能像我一样拿个3.3，不要期望课上能学到什么，一切都要靠自己。
133690,1035,史占泓,2021-03-04 00:56:39,2,2,0,……好无聊
133845,1035,史占泓,2021-03-08 04:41:22,3,4,1,上课确实水这是事实，但是大英不是本来就是自己的水平影响更大吗\n\n老师挺好，事少人好
136779,1035,史占泓,2021-06-24 10:07:22,11,13,2,关心学生，为学生做牛做马，是个牛马老师👍
137582,1035,史占泓,2021-07-05 07:22:57,0,1,1,托福写作，给分很求是😢
137583,1035,史占泓,2021-07-05 07:27:08,1,3,2,感觉老师真的很好呀，很可爱也很爱笑\n\n成绩也很满意，已经很久没有碰英语了，每次平时作业都在进步 会顿悟\n\n4.5超开心
137930,1035,史占泓,2021-07-06 15:59:29,11,13,2,老师非常好，平常我问问题的时候都会及时反馈，po大英三77大英四72但史老师的托写拿了4.8！！！平常就跟着史老师的节奏，双休日有空的时候就刷题，做综合写作笔记，抄独立写作范文，看老师发的外刊，做词汇和句子结构的积累，不过最重要的就是慢慢的把自己写的作文不断美化与完善～(这个老师最后一节课会讲但是时间已经来不及了，看到这个评价的人如果选了这门课的话都可以提前做起来哦～)，在这个过程中自己的词汇量就这样慢慢一点点就enlarge起来了，。。最后谢谢老师8周的指导，祝愿老师永远年轻～
141966,1035,史占泓,2021-11-02 08:19:18,4,4,0,别把学生当白痴，也别根据自己的喜好随意地给学生摆臭脸
145208,1035,史占泓,2021-12-28 10:46:14,0,0,0,三个字
145279,1035,史占泓,2021-12-28 17:10:10,2,2,0,感觉老师挺好的啊，事不多，而且人也比较温柔。\n\n但可能更适合我这种摸鱼选手，想单靠课堂来提高英语成绩的友友可以选别的老师哦
146091,1035,史占泓,2022-01-05 12:48:38,3,3,0,老师很好，但我太差了，水出了3
146093,1035,史占泓,2022-01-05 12:52:56,0,2,2,3.6卡绩了
146097,1035,史占泓,2022-01-05 12:56:04,1,2,1,感动了，英语渣渣都上4了，老师人真挺好的。
146105,1035,史占泓,2022-01-05 13:09:58,3,4,1,老师真的挺好的，很温柔，然后也有很多见识。英语一定要多背单词！！！
146118,1035,史占泓,2022-01-05 13:46:24,2,2,0,上课略微有点水，但是事情是真的少！！！老师也挺温柔的，可能需要一定自学。
146120,1035,史占泓,2022-01-08 15:32:43,6,6,0,老师人很温柔，但是学习全靠自觉，最后绩点有点低（不怪老师，我自己这学期没花太多时间在英语上），想水课的可以放心选。
146125,1035,史占泓,2022-01-06 01:18:05,3,3,0,老师挺好，是我太菜了呜呜呜
146132,1035,史占泓,2022-01-16 01:56:49,11,12,1,难受啊，绩点好低呜呜呜。\n\n老师很好啊，很温柔。\n\n缺点就是比较水，很水上课，作业也很水。\n\n六点几太低了，挺不错的\n\n——————\n\n出完分来更新一下，给分太低了把我均绩拉低了0.1，难受。。。
146150,1035,史占泓,2022-01-05 14:47:49,1,2,1,不说了，上课水，全靠自学，积极没用，绩杀，有时间多多自学吧。
146165,1035,史占泓,2022-01-05 15:13:50,3,4,1,老师人挺好的，但是需要大家自学哈哈，事情少，考试小测什么的也各种提醒大家注意事项，总之査老师分数肯定偏低了，和实际情况不符，我觉得应该在八分左右吧
146401,1035,史占泓,2022-01-06 13:13:25,4,5,1,全靠自学，上课有点水，如果是英语大佬，恭喜你喜提一门轻松的大英，如果是菜鸟，请自求不要挂科
146686,1035,史占泓,2022-01-07 07:56:53,-5,2,7,表白老师！大英Ⅲ是用心+努力就能高分的，真不知道评论喷的怎么想的，自己不努力埋怨别人了？
148435,1035,史占泓,2022-01-12 12:44:15,2,3,1,大英嘛……本身自己的因素也很重要，老师能决定的并不多，我承认我的口语连我自己都听不下去。虽然老师给分确实不是很好，我就是被卡绩的类型……上课也确如同学们所说有些水，对自己英语水平比较有自信想水课的同学可以选。不过平心而论，对老师的性格我是有点好感的。也没有一些评论里说的那么差，但是英语不好的同学确要慎重考虑。
149678,1035,史占泓,2022-01-16 10:24:16,0,0,0,老师事挺少，讲课认真负责，视野也很开阔，并不拘泥于课本。考试完全看自己的态度。
151733,1035,史占泓,2022-03-14 05:54:34,-4,1,5,因为老师太笨了，所以给了我低分 呵呵
151995,1035,史占泓,2022-03-22 15:26:26,2,2,0,[托福写作]老师还是很好的，上课挺有意思，批改作业什么的都很用心，然后从小测来看给分也是可以的，蛮推荐
152613,1035,史占泓,2022-04-16 01:09:00,4,5,1,托福写作看基础吧，基础好上课很舒服，基础一般或者差的话会很痛苦，写不完作文
152937,1035,史占泓,2022-04-22 03:14:58,1,3,2,托福写作，平时作业不算多，老师都会批改，感觉挺认真的，写作这种东西看自己基础和积累吧，老师教的方法也很有用但不能在短时间生效。有三次小测，感觉给分也挺高的，托写满了，谢谢老师！
153040,1035,史占泓,2022-04-24 07:06:50,3,3,0,托福写作：难得看见选不满的1.5分的外语课，课确实需要花点时间认真写作文、背模板，老师也很认真负责
153413,1035,史占泓,2022-04-29 08:38:28,2,3,1,老师真的很好啊
157918,1035,史占泓,2022-06-25 14:25:58,1,4,3,回正，老师人很温柔啊，给分也很好，没有这么差，至少8分吧
157996,1035,史占泓,2022-06-26 04:41:59,2,5,3,托福写作，三次小测一次期末考，认真学可以收获很多，老师水平高，态度好，认真负责，给分宽容，建议真心想提高英语写作水平的同学选课（另外，建议先看一节智云感受一下，如果觉得自己的英语水平尚不足以上这门课，建议不要选，因为第一节课后必然有5至10人退课，实在很浪费教学资源，也增加了未退课同学拿高分的难度）
158985,1035,史占泓,2022-07-04 08:01:05,-3,1,4,写作课事情比较多，但是给分不错。
164569,1035,史占泓,2022-12-22 02:41:27,4,5,1,讲课很水，人也谈不上多温柔，有一次pre有个同学讲不清楚老师就一直让他在大家面前待着，直到最后这个同学决定讲中文，总之社恐勿入。每人都需要一次pre，经常小组讨论和回答问题。给分一般。线上课之后没多久就会把群里的直播回放删掉，也不知道是为什么。
165181,1035,史占泓,2022-12-30 02:14:56,0,1,1,我觉得老师很好呀～
166114,1035,史占泓,2023-01-11 07:03:54,2,2,0,真一般
168670,1035,史占泓,2023-02-21 00:41:10,-2,2,4,不点名但是指定座位，所以缺勤会被发现\n\n大英3，老师其实还挺有意思的，上课文念ppt的时候确实会比较水，课文前的lead in都很到位，叫同学起来发言的问题本身也不无聊，批改作文挺仔细的，你自己去问会给你详细的讲用词的区别，课堂气氛也还可以，期末会捞一点，6.几分真的太低了，是一位认真的老师
168902,1035,史占泓,2023-02-23 10:13:33,1,3,2,不点名但是会指定座位，就别想缺勤了。但是总体来说还是比较温柔的老师。事情可能稍稍有一点多
169347,1035,史占泓,2023-02-25 13:06:10,2,2,0,依托答辩
171921,1035,史占泓,2023-04-12 14:21:37,0,0,0,老师口音好听；批改作业很认真，会发很多资料，还会打印学生的作业再发回来，讲的东西也很详实，托福写作确实学到很多东西，收获很大，给分也很好！
172204,1035,史占泓,2023-04-21 23:51:25,1,1,0,呃对于大部分人来说托福写作这门课很痛苦 建议别选，上课真的事很多 quiz很多 第一节课上完没退课我真的头铁
172318,1035,史占泓,2023-04-25 04:25:56,1,1,0,因为上次考托写作明显短板，选托写主要是为了逼自己练，老师上课也还行，不算push，给分相比我的托福分数来说太宽容了。\n\n不过对quiz会紧张的朋友慎选，三次小测我每次从周末就开始焦虑了…\n\n除此之外上课体验还是挺好的，不知道是不是晚课的原因，感觉老师看上去也很疲惫hhhhh
172331,1035,史占泓,2023-04-25 05:51:57,1,2,1,没学到什么东西 给分一般
175345,1035,史占泓,2023-06-24 05:54:33,3,4,1,22-23春夏 大英四\n\n她真的超级好！！虽然上课的时候 有时候会上压力 有时候又水水的\n\n但是她真的特别能捞！\n\n组里四个同学 分都比大英三高！\n\n不是很擅长英语 只有认真背了单词 最后4.2
175558,1035,史占泓,2023-06-25 13:13:21,1,1,0,托福写作还是能学到点东西的
175643,1035,史占泓,2023-06-26 04:05:37,6,6,0,22-23夏 托福写作\n\n这门课由于课时少，相对上课节奏快一点，但是会让一个托福小白在短时间了解托福写作的基础要点和模式，度过新手期。史老师人不错，上课给的资料也很多，由于大家上这门课的目的性也很强，因此学生和教师的双向奔赴效果较好。总共三次小测，前两次分别一篇写作，第三次两篇，作业量不多但是只给两天时间完成，学期末还要交十篇文章（5独立5综合）。给分不错，至少比大英好多了，推荐有考托福意向的小白来选课！
175687,1035,史占泓,2023-06-26 07:47:23,2,2,0,托写给分一般
176564,1035,史占泓,2023-06-29 09:09:20,3,3,0,老师很会教，跟着老师每节课练习可以学到很多东西，而且也没有什么压力哦
177370,1035,史占泓,2023-07-03 05:00:34,3,4,1,真的很好！
183992,1035,史占泓,2023-12-05 13:51:16,6,7,1,上课好无聊
184518,1035,史占泓,2023-12-21 08:25:05,8,11,3,史，真是史
186035,1035,史占泓,2024-01-10 14:01:42,6,8,2,感觉老师没有像早年评论里那么不负责\n\n大英三课程中规中矩，课后有一次小组展示+三次听写+课后小练习。作文的话是课上写（老师说避免我们用gpt哈哈哈），听写本意是让期末复习的时候轻松一点（还好平常背了背不然感觉期末真的背不完）。平常上课还会情景剧整活，分享自己旅游经历，氛围比较轻松。\n\n老师有时候会很严厉，但总体上还是比较温柔的，给分也还可以，感觉六点几的评分还是低了些哒
186320,1035,史占泓,2024-01-10 13:32:10,4,8,4,对得起你的评分。\n\n中途不下课（经常一连上两节课），上课无聊还拖堂。\n\n最重要的是卡绩......
186337,1035,史占泓,2024-01-10 14:03:37,-2,4,6,真的很棒的老师，也很温柔不发火，可惜不能选她的大英四
186343,1035,史占泓,2024-01-10 14:21:15,0,3,3,感谢老师！！！！老师好会捞！人也很温柔呜呜呜真没想到给我这么高绩点！
186346,1035,史占泓,2024-01-10 14:58:48,3,6,3,被狠狠绩杀了，给分巨低。
186361,1035,史占泓,2024-01-10 15:27:01,-3,3,6,其实史老师人挺好的 不知道为什么评分不太高。大英本来就没法调绩点 靠自己努力 老师真的特别善解人意不会为难学生，上课也有很多有趣的环节 下学期还选她嘻嘻
186582,1035,史占泓,2024-01-12 02:41:31,1,1,0,？？！
186707,1035,史占泓,2024-01-12 14:40:56,1,1,0,上课确实水
186967,1035,史占泓,2024-01-14 03:13:24,-6,2,8,老师上课氛围挺轻松的，（也挺水的）。老师人很温柔漂亮，值得更高的分数
187143,1035,史占泓,2024-01-14 17:02:00,4,5,1,2.7\n\n平时分不调比较低，班级中等和最高的会差5分左右。\n\n但老师还是不错的，对学生友善。有上英语课的互动感。（虽然我从不发言）
190154,1035,史占泓,2024-02-24 05:58:19,4,5,1,给分不好也没那么友善
191986,1035,史占泓,2024-05-07 01:07:26,1,1,0,史老师的托福阅读很有收获，老师整体还是很认真的，对同学们的作文也会认真看，不管是小测还是练习都会认真评分写批语。总之托福写作给了我很大收获，原先的一些关于课程会不会很难的担忧也在上课时迎刃而解。祝老师以后越来越好吧！
192024,1035,史占泓,2024-05-08 02:44:46,5,5,0,托福写作\n\n老师人很好\n\n会有三次小测 会耐心点评\n\n期末是一篇综合写作+2篇学术写作 时间上很充足 改分也很宽容
192046,1035,史占泓,2024-05-08 06:43:41,1,2,1,托福写作给分还不错
192325,1035,史占泓,2024-05-15 07:43:36,7,8,1,再次奉劝：这门课完完全全是针对托福写作的，对于提升英语水平几乎没有任何帮助（不考虑为了应试而做的训练），整体不算太难（测试时间都是按托福考试的时间再延长一些了的，虽然还是有点赶但一般是够了的），题型熟悉了基本就是套模板，但是想拿高分很吃听力能力和语言功底\n\n\n\n我感觉史老师还是很负责的，不懂为什么评分这么低
192421,1035,史占泓,2024-05-19 08:37:54,4,5,1,比托福阅读给分高多了
192798,1035,史占泓,2024-05-30 12:57:10,2,2,0,托福写作打字得嘎嘎快，背背模板，课后要好好练习。期末手写。小测还是很紧张的
193199,1035,史占泓,2024-06-04 11:04:51,3,4,1,老师每次课上的练习批的很认真，批注满满当当的。不过课上学不到太多写作的内容，基本上就当熟悉一下托福的题型，多少英语水平去拿多少分。8周课有3次小测，每次10分，3次课堂练习，每次5分，虽然不点名，但是相当于每节课都要去的。
193827,1035,史占泓,2024-06-20 03:16:26,6,6,0,老师挺认真的，课程有一定压力，不过给分还行。托福阅读79，这门课90
195124,1035,史占泓,2024-06-27 01:23:46,3,3,0,【托写】szh老师真的平常很负责🥺每次都要挨个整理打印批改四个班的作业小测，总评感觉也是捞了一手的
196613,1035,史占泓,2024-07-04 08:48:03,1,2,1,托福写作满绩了开心～平常上课虽然有点无聊但是老师很认真每次都准备资料，也会发一点写作干货，还是很不错的课，推荐
200191,1035,史占泓,2024-10-14 23:52:57,2,2,0,6
205991,1035,史占泓,2024-12-13 02:43:30,1,1,0,【大英三】教的一般，主要念ppt和volunteer，想要单纯应付考试直接去看课件就行（吃点老本），但不让玩手机，上课也确实挺无聊的。选了算后悔的
206394,1035,史占泓,2024-12-15 01:10:27,3,4,1,讲课很水有正态。我们学习不应该是为了学会学懂吗，既然我已经学会了托福写作，期末扣3分平时扣12分是什么意思呢？
209057,1035,史占泓,2025-01-04 10:09:05,0,1,1,狠狠卡绩
210546,1035,史占泓,2025-01-09 10:31:06,0,0,0,上课蛮闲的，但是随机发言还是可以锻炼到口语能力，反正大英主要靠自己，我觉得比较适合我这种哑巴英语做题家
211731,1035,史占泓,2025-01-12 09:37:46,0,0,0,选的大英三，国内一些老师的通病（口语不算好，以念课件为主，让discussion就纯discussion，不能给出相应的好的建议）但是等同的，上课比较没挑战，可以水过去。英语很多是靠自己的联系和积累，老师能决定的也不是很多，总体来说还不错，老师至少挺和蔼开朗的。
214803,1035,史占泓,2025-02-18 03:49:40,1,1,0,讲课一般
218196,1035,史占泓,2025-04-22 03:34:57,3,3,0,老师人还是不错的，虽然上课有些严厉，任务多一点，但是还是能学到很多东西的
218198,1035,史占泓,2025-04-22 03:47:30,3,4,1,【托福写作】刚出分啊啊啊啊啊大爸呀\n\n小测成绩不是很满意 期末也马马虎虎 但是竟然被捞满了\n\n上课干货也超级多 有很多打印资料发 小测和课堂练习的作文老师也是一个个认真批改写点评 （虽然上课有点小困呜呜\n\n短学期的课 平时基本没作业 有一个写5+5篇的大作业 事情不算多\n\n总之如果想来学知识的可以冲
218201,1035,史占泓,2025-04-22 03:50:56,4,4,0,感觉比较适合有托福考试需求的同学来选，因为还是比较难的，事也不少。但是对于有需求的同学真的很有用！最后绩点不错的同时托福的writing也拿到了满意的分数🥹谢谢史老师，真的帮到我好多☺️
218203,1035,史占泓,2025-04-22 04:01:01,3,3,0,史老师你是我的女神！老师的托福写作课程干货很多，经常发写作的资料，对了解托福写作题型蛮有帮助。本来以为正态给分不会太好，没想到老师会捞！每节课认真跟着听还是很有收获的🥰
218204,1035,史占泓,2025-04-22 04:21:53,3,3,0,我说实在的就是班里倒数第一的水平😭居然捞到了4.2老师我将永远拥护你😭😭一直写作苦手，好几次写不完特别焦虑最后结果真的是😭不知道说什么好\n\n这是一门很硬的课，上课不允许玩手机，作业也不少，小测两次期末考一次，听力差的和打字慢的慎选\n\n但是老师真的很捞很负责很好😭😭😭
218206,1035,史占泓,2025-04-22 04:39:39,0,0,0,?!!!
218215,1035,史占泓,2025-04-22 05:48:08,0,0,0,不是有托福考试需求的不要来
218280,1035,史占泓,2025-04-22 10:36:54,0,0,0,上课总时间-老师在发声的时间 基本上等于 有价值的时间。非常矛盾的一门课，老师没讲啥有用的，但还是感觉挺有收获的，学得也不算累😂
220190,1035,史占泓,2025-06-16 06:34:26,0,0,0,老师人虽严格，但真的能学到东西。好好听课，跟着节奏走就冇问题。喜提4.8
1318,1079,朱晓宇,2015-03-21 23:54:07,35,40,5,暖男老师
1858,1079,朱晓宇,2015-03-26 02:25:38,27,30,3,会讲些自己的生活经历和人生感悟，给人全新的视角。听他说话，就像看一部美国轻电影。
3142,1079,朱晓宇,2015-05-17 16:52:18,14,15,1,男神
5103,1079,朱晓宇,2015-07-04 07:13:40,11,12,1,儒雅，风趣。
7230,1079,朱晓宇,2015-09-11 14:14:12,14,14,0,非常非常棒的老师
8102,1079,朱晓宇,2015-09-17 04:14:48,9,10,1,不选会后悔！真的好！
11560,1079,朱晓宇,2015-12-05 06:32:41,7,8,1,能调动大家学翻译的积极性，好！\n\n
14632,1079,朱晓宇,2016-01-08 04:39:02,4,5,1,棒棒哒
18129,1079,朱晓宇,2016-01-21 08:03:05,17,18,1,很温柔的老师，说话轻声细语，即使不会翻译或者翻译得很差，都会耐心鼓励教导，让你重拾自信，重点是给分很好！男神！
18541,1079,朱晓宇,2016-01-22 03:22:06,7,7,0,上课略水，多讲经验，注重下课自己练习，为人儒雅，会让你爱上口译，给分好
19860,1079,朱晓宇,2016-01-25 12:25:40,11,13,2,很棒的笔译家和口译家，但是上课质量比不上徐雪英老师。建议是：英语能力本来就不错，而且喜欢水课，想要压力小自己学的同学最好远朱老师的课。
22692,1079,朱晓宇,2016-03-10 02:44:31,3,4,1,老师很好，给分也不错，主要是平时要求不严格，并不代表老师讲的水，认真听他的课学到很多，但是他很少有作业之类的，适合自觉性较强或者不想有太大的压力的同学
29483,1079,朱晓宇,2016-06-30 01:06:28,5,6,1,加评一句打分方面的：上了这么多他的课，朱晓宇给的分要比我总GPA高5～8分……
29969,1079,朱晓宇,2016-06-30 15:33:39,2,3,1,老师很温柔亲切，给分不错。
30000,1079,朱晓宇,2016-06-30 16:48:48,0,1,1,很好的老师，但主要自己努力
30032,1079,朱晓宇,2016-07-01 00:03:07,2,3,1,男神老师，互译2满绩……
35405,1079,朱晓宇,2016-11-10 05:57:33,1,2,1,老师很温柔，脾气很好，很会鼓励人
38724,1079,朱晓宇,2016-12-15 11:33:18,2,3,1,从大一到大三每学期都有晓宇的课，真正的谦谦君子温如玉，超级nice
38942,1079,朱晓宇,2016-12-20 03:00:47,0,1,1,非常好
39634,1079,朱晓宇,2017-01-17 13:53:47,2,3,1,上课不点名，作业不多，就翻译千把字，随便选材料，但要做pre，头两堂课觉得在谈人生，老师很亲切温和，男神老师，给分也不错，尤其是热词竞赛
41842,1079,朱晓宇,2017-01-13 04:09:55,1,2,1,老师超温柔哈哈哈 课程也非常有趣 选择他
43093,1079,朱晓宇,2017-03-13 14:05:05,-22,4,26,老师演技挺好。
43253,1079,朱晓宇,2017-01-16 04:52:34,1,2,1,男神！课讲得好，事少，给分高！
43589,1079,朱晓宇,2017-01-16 14:54:48,2,4,2,这个学期选了朱老师的“会展英语与翻译”。暖男老师！老师会讲他的翻译经验。虽然我不是英语专业的学生，而且面对一群高年级的学姐们，但是真的handle下来了。特别棒！
44352,1079,朱晓宇,2017-01-17 15:58:52,2,3,1,棒呆！儒雅！超级喜欢！
44726,1079,朱晓宇,2017-01-18 07:08:42,3,4,1,老师人真的太好了。儒雅又温柔，特别有自己的风格。上课也好棒，为数不多我能全听下来的课。翻译所的老师真的都太温柔了啊。给分也超级超级好。
45145,1079,朱晓宇,2017-01-19 04:59:13,-6,0,6,...
50186,1079,朱晓宇,2017-05-01 02:42:25,-9,3,12,我觉得自己已经水的不要不要准备拿3的时候…老师居然给了4.8？？？\n\n不说了，好评
52757,1079,朱晓宇,2017-06-22 13:09:36,0,0,0,特别温和，总是鼓励学生，话说我上了一年朱老师的课，他一直把我的名字读错hhh而我一直没好意思指出来，不知道老师看到的话能想出来我是谁不?
56536,1079,朱晓宇,2017-07-04 02:55:40,9,10,1,晓宇，给我的分有点低了啊?
56537,1079,朱晓宇,2017-07-04 02:56:54,2,4,2,没有想象中给分好……伤心了
67962,1079,朱晓宇,2018-01-22 11:43:50,3,3,0,上课真的很轻松没什么压力，请假的话老师也不会生气 很好说话\n\n听译1还是比较简单的 给分不错
68034,1079,朱晓宇,2018-01-22 13:39:00,4,4,0,暖男老师
68781,1079,朱晓宇,2018-01-24 01:27:36,1,1,0,英语辅修的演讲，本来最后提的问题都没怎么回答出来，但给分还是很好，听老师上课特别温柔也没有压力!
69929,1079,朱晓宇,2018-01-25 16:28:55,0,0,0,人超好，课也有意思
71614,1079,朱晓宇,2018-01-28 16:59:13,1,1,0,老师的课真的很轻松，非常棒的体验！
79759,1079,朱晓宇,2018-06-13 10:08:13,1,1,0,怎么会有这么可爱的老师！
80365,1079,朱晓宇,2018-06-25 13:17:36,0,0,0,无敌好
85582,1079,朱晓宇,2018-07-20 02:24:41,-1,0,1,老师很善解人意，课程也很轻松
96252,1079,朱晓宇,2019-01-20 15:13:08,4,6,2,给分不太好吧...
98086,1079,朱晓宇,2019-01-23 05:10:33,8,10,2,怎么说呢 听译课 还行作业不多 但难度是有的 期末考考懵我了 给分…没有想象中好叭
113337,1079,朱晓宇,2019-07-06 07:51:19,12,13,1,恭喜良渚文化遗址申遗成功！朱老师nb！
133584,1079,朱晓宇,2021-03-02 10:10:32,2,3,1,超级无敌好
148061,1079,朱晓宇,2022-01-11 12:19:57,1,2,1,很负责任的老师
155369,1079,朱晓宇,2022-06-11 15:37:02,6,7,1,朱老师很好啊，很关心学生，也会一直安慰我们说翻不出来听不懂之类的很正常，上课经常说他做口译时的故事，课程压力没那么大。
156698,1079,朱晓宇,2022-06-20 15:57:43,1,2,1,老师真的太好了我爱
165632,1079,朱晓宇,2023-01-09 05:25:50,1,2,1,老师给分很好，会捞
165938,1079,朱晓宇,2023-01-10 12:42:11,5,6,1,老师就是非常非常温柔非常好 外院男菩萨
166659,1079,朱晓宇,2023-01-13 07:38:36,0,1,1,男神老师不解释
168095,1079,朱晓宇,2023-01-26 17:28:24,0,2,2,老师人很好，很温柔，上课没有任何压力。但相比隔壁，感觉上课学不到什么东西，然后给分也挺玄乎，比隔壁还低。可能听译比较简单？给分随机？
171075,1079,朱晓宇,2023-03-15 12:46:14,0,1,1,老师人真的超级好 很幽默。你们都统统给我打10分！
175244,1079,朱晓宇,2023-06-22 19:54:43,0,1,1,口译男神，很好的老师，不必多说
182365,1079,朱晓宇,2023-11-15 07:25:27,0,1,1,不知道xy老师会不会看自己的查老师，anyway，一直很喜欢口译，很幸运研究生的第一位口译老师是xy老师，很感谢！真的很感谢老师！
201588,1079,朱晓宇,2024-11-04 14:40:51,1,3,2,穿越火线打得很好
3002,1150,陈刚,2015-05-12 15:20:47,6,6,0,一言难尽哪
7273,1150,陈刚,2015-09-12 13:37:08,2,5,3,陈刚是我室友，你呢？
9680,1150,陈刚,2015-11-04 08:45:40,3,3,0,看人给分，上课太水，扯到哪儿是哪儿，就酱
34306,1150,陈刚,2016-09-30 12:17:38,5,6,1,确有真才实学，可是也太爱装逼，课上得太痛苦，有的老师是稀饭水水的，有的老师是干货肉夹馍，陈刚属于大浪淘沙，不怕吃沙可以淘到一点点金子。跪求别装逼了
34405,1150,陈刚,2016-10-09 16:13:03,2,2,0,作业?
34845,1150,陈刚,2016-10-25 03:18:36,1,2,1,听故事，吹牛逼
40269,1150,陈刚,2016-12-31 08:21:59,0,0,0,还好呀
40270,1150,陈刚,2016-12-31 08:24:08,5,6,1,陈刚坐在我旁边要我打十分
40271,1150,陈刚,2016-12-31 08:26:39,1,1,0,他也是我室友
45124,1150,陈刚,2017-03-10 02:53:44,3,3,0,上课基本在自夸，严于待人，宽于律己。不管写了多少本书，上这种课就是在浪费时间，浪费生命。
48302,1150,陈刚,2017-03-02 04:04:26,6,6,0,今天第一节数据库，概念讲不清，嗯啦啊啦废话一堆。
57655,1150,陈刚,2017-07-11 15:20:05,1,1,0,根本听不清讲啥
57659,1150,陈刚,2017-07-11 15:45:58,0,0,0,刚哥没挂我
93625,1150,陈刚,2019-01-11 03:36:21,1,1,0,一言难尽
104182,1150,陈刚,2019-03-13 13:40:17,4,5,1,小嘴抹蜜，口吐芬芳，热爱生活，积极向上（手动滑稽
41951,1153,林志平,2017-01-13 09:37:46,0,0,0,还可以
58584,1153,林志平,2017-09-06 15:28:00,0,0,0,挺认真的\n\n
3414,1155,盛维丹,2015-06-11 06:02:14,11,16,5,上课节奏比较慢，挺基础，适合初学者。
3472,1155,盛维丹,2015-06-16 08:47:22,3,5,2,每节课必点名，至少一次，不过老师课上的很不错
4706,1155,盛维丹,2015-06-26 10:37:25,2,3,1,语音很标准啊，而且上课节奏也很好
5087,1155,盛维丹,2015-07-03 14:22:58,5,8,3,人很好。但必点人起来问问题
5497,1155,盛维丹,2015-07-08 03:07:40,1,1,0,棒
6168,1155,盛维丹,2015-07-11 14:08:19,2,2,0,好老师哟
9671,1155,盛维丹,2015-11-04 06:51:32,0,0,0,节奏比较慢，挺好的
10069,1155,盛维丹,2015-11-15 10:34:56,0,0,0,一定会点人回答问题
12549,1155,盛维丹,2015-12-23 12:51:01,1,2,1,老师很和蔼，讲的也比较细
13229,1155,盛维丹,2015-12-25 09:31:03,2,2,0,必点名\n\n
15519,1155,盛维丹,2016-01-15 04:50:18,0,1,1,讲解细腻
15728,1155,盛维丹,2016-01-16 07:54:31,0,0,0,声音有点小，讲课节奏缓。
16912,1155,盛维丹,2016-01-19 08:52:45,-1,1,2,节奏缓慢 点名次数多\n\n日语1考试过于简单
17091,1155,盛维丹,2016-01-19 14:45:27,1,1,0,教学很基础的，很有耐心，不会对回答不好问题的学生不耐烦。吐槽考试，有3个单词根本没学过（是其他老师出的题）
17421,1155,盛维丹,2016-01-20 07:49:11,15,27,12,很适合初学者的老师~人也很好~每节课会点名和叫人回答课本上的习题~日语1其实非常简单，但是也非常容易挂科——平时多背单词复习句型就能高分，不要妄想期末突击…
18250,1155,盛维丹,2016-01-21 10:33:07,-18,6,24,平时挺水的，没有作业还经常看日剧，不翘课，好好听应该能有个好成绩。日语有兴趣的话应该很好学，只是别的老师出的考题略坑，老师最后也没能给我多一分让我满绩。。。
18416,1155,盛维丹,2016-01-21 14:46:55,3,3,0,老师人很好，很有趣，一直对我们笑。每学期都会放日剧给我们看(ˊᵒ̴̶̷̤ ꇴ ᵒ̴̶̷̤ˋ) ，期末给分高！
18420,1155,盛维丹,2016-01-21 15:00:59,4,4,0,老师给分很好，上课很和蔼十分少女心~可爱
23942,1155,盛维丹,2016-04-22 02:34:05,-1,4,5,都挺好的…只是感觉老师讲解语法其实讲解不清…i
25407,1155,盛维丹,2016-05-17 11:21:30,6,7,1,盛老师的女儿真是好漂亮啊
27480,1155,盛维丹,2016-06-26 12:25:36,0,0,0,老师人很好，温和爱笑，期末给分也不错，就是上课节奏比较快。
28851,1155,盛维丹,2016-06-28 23:10:33,0,0,0,挺好的。
34945,1155,盛维丹,2016-10-27 02:15:38,1,1,0,老师上课特别重基础，好好跟着能学的很扎实！还会在课间放各种神奇的分享～
36686,1155,盛维丹,2016-11-15 11:31:15,1,1,0,人好好，发音标准，下课的时候会放一些日语老歌，还给我们放过电影，超棒的老师哦
39100,1155,盛维丹,2016-12-21 07:17:47,0,0,0,真的是超级好的老师 超级温柔总是面带微笑 而且感觉老师好漂亮
45027,1155,盛维丹,2017-01-19 00:27:48,2,2,0,点名狂魔，期末百分之七十，划水必死
45030,1155,盛维丹,2017-01-19 00:31:07,-5,0,5,老师很棒啊wwww出分好快，难得的5.0
53022,1155,盛维丹,2017-06-25 00:59:48,1,1,0,老师很nice，平时有问题也会很耐心的讲解，上课也很细，超喜欢盛老师~
56959,1155,盛维丹,2017-07-05 04:47:52,1,2,1,大一开始对日语产生兴趣，终于在大一下成功补选上了盛老师的日语I，这个学期在老师的谆谆教导下十分开心地学习日语，希望未来能更深入的学习日语吧。难得的5.0，感谢老师对我努力的肯定。先生，僕は ずっと 日本語が 1番 大好きです！
57959,1155,盛维丹,2017-07-18 16:16:02,0,0,0,非常认真与耐心的老师，可惜期末复习不够充分，没能满绩
59947,1155,盛维丹,2017-09-29 00:59:28,0,0,0,会点人回答问题但是从不为难大家，很和蔼
65771,1155,盛维丹,2018-01-09 05:18:12,0,0,0,老师讲的不错，只是用的教材和配套视频都是三十年前的老物。。。
69668,1155,盛维丹,2018-01-25 07:39:49,0,0,0,挺和蔼的一位老师
69697,1155,盛维丹,2018-01-25 08:32:01,2,2,0,没想到老师就要退休啦、幸好之前有机会上过她的课、ご幸福をお祈りいたします
74816,1155,盛维丹,2018-03-06 04:12:49,0,0,0,真的非常棒，很耐心很耐心，祝退休快乐
7701,1183,乐明,2015-09-15 10:04:41,1,9,8,小班教学，作业超多，非常花时间，给分不错
39121,1183,乐明,2016-12-21 08:59:25,2,3,1,呵呵呵
39561,1183,乐明,2016-12-25 06:02:40,9,13,4,专八上的十分无聊空洞没意思且不让请假，说话很mean让人十分尴尬
41105,1183,乐明,2017-01-09 07:44:02,9,10,1,傲慢无礼，应该是宫廷剧看多了，活脱脱一个华妃。
122224,1183,乐明,2020-02-20 05:31:55,-6,7,13,很感谢老师能够帮一个本科生这么认真地改论文…
126563,1183,乐明,2020-10-01 11:10:11,3,5,2,作业多，分不高
127949,1183,乐明,2020-12-01 05:49:51,-3,4,7,老师还不错。只是想拿到研究生英语的学分，作业真的不少，所以退了
128191,1183,乐明,2020-12-11 11:19:48,4,6,2,垃圾老师，事多还一副高高在上的样子
132070,1183,乐明,2021-01-30 05:53:04,0,3,3,老师上课前会说清楚她的课作业比较多，但是全部课程完成之后会发现收获很多，而且跟着一点一点完成任务，最后的给分挺高的
139768,1183,乐明,2021-07-26 04:43:30,4,11,7,这位老师基本不具备同理心，有时候说的话极其nt，比如说台风烟花到来“成功吸引了公众注意力，减轻了郑州压力”，大灾面前，应该齐心关注同胞，什么叫“减轻郑州压力”，难道大家的关注给郑州救援添负担了？（我有朋友圈截图为证）
141458,1183,乐明,2021-10-10 03:08:06,1,1,0,作业贼多，每周要有至少一天时间来写作业，科研都做不了了，还一副高高在上的样子
141904,1183,乐明,2021-10-31 07:21:09,5,5,0,很不尊重人，在你讲presentation的时候打断你，然后讲的稍微长一点就直接让你停下不要讲了。而且做为一个老师，老是一服高高在上的样子，自认为自己认为的都是对的，学生认为的都有问题。
142435,1183,乐明,2021-11-11 10:42:14,3,3,0,作业多，给分不高。要求全英文交流，说英语的机会多。
142467,1183,乐明,2021-11-12 02:06:06,4,5,1,作业贼多贼麻烦花样贼多 烦死了 给分还低
143662,1183,乐明,2021-11-30 16:19:30,29,38,9,就离谱 让通识课学生写创新性论文 \n\n词汇学科研门槛就这么低么\n\n您发论文就指着通识课的本科生了么
148828,1183,乐明,2022-01-13 15:33:05,11,12,1,上课讲得云里雾里 论文要求还贼高 给分又是稀烂……本科生的英语词汇学有这么教的吗？！
148867,1183,乐明,2022-01-14 00:08:19,8,9,1,给分好低啊我去
149067,1183,乐明,2022-01-14 09:34:01,17,19,2,英语词汇学 付出很多给分很差\n\n论文太难\n\n一个字 跑
153897,1183,乐明,2022-05-16 05:28:31,3,4,1,课程内容很少，学不到什么东西，还要每节课写反馈，无语，研究生课程分组一个pre一个debate 就混过去了，等汇报结束她象征性的提问题，提完就玩手机，完全不听学生在讲什么，等你讲完她在象征性的说good，分数极低，强烈不推荐
154377,1183,乐明,2022-05-31 08:46:58,1,1,0,快跑快跑快跑
157517,1183,乐明,2022-06-23 14:25:12,5,5,0,垃圾老师，我花了二三十个小时写的论文，给我这么点分数，还是卡这个垃圾绩点的最高分，什么垃圾老师！上课也听不懂都是些什么专业的东西，极其无聊，垃圾课垃圾老师
165149,1183,乐明,2022-12-29 10:42:58,1,1,0,不咋地
165499,1183,乐明,2023-01-07 08:50:50,0,1,1,为了学分可以选，其他不建议，评分这么低不是没有理由的
165592,1183,乐明,2023-01-08 14:51:39,0,0,0,一般般
166387,1183,乐明,2023-01-12 06:42:10,0,0,0,词汇学概念多，而且有的还挺抽象，不过这个学期既没有小测也没有期末考试，所以感觉还是挺好过的。展示和论文的选题都挺广的，大英2.4选手不出意外的这俩全做崩了，出分虽然没上4但还是挺开心的。
174079,1183,乐明,2023-06-06 05:58:17,3,3,0,大英4 4.5，为了凑学分选这个，喜提3.3...作业不多，但是给分很低
176376,1183,乐明,2023-06-28 14:57:11,3,4,1,这么厉害的老师别给本科开选修课了求求你了，真别害人了。好好去带您的研究生和博士生吧！！！
176382,1183,乐明,2023-06-28 15:40:57,0,2,2,真无语，一个通识课写个期末论文跟研究生一样要求，我有那水平我还来上你这b课？后悔死了，早知道这样就算跨校区学英语也不会选他
176797,1183,乐明,2023-06-30 07:48:20,-10,6,16,捞一捞乐老师的评分。我上的课是乐老师的英语词汇学。这门课的课堂知识量与 1.5 学分相符，课后作业量与 4 学分相符。乐老师很严格，特别是最后对学期论文的审查，具有严谨的科学精神，但可能对大部分想混学分或者随随便便过的同学不太友好，但这也能理解嘛，作为一个科研人就该这样的。我自己本身与乐老师可能比较投缘。我一次签到没来，没做 presentation，学期论文的介绍部分用了 chatgpt 还被逮住了，但最后绩点还有 4.2，感觉评分没想象中那么差。
181433,1183,乐明,2023-10-17 13:39:20,3,3,0,无语子
182153,1183,乐明,2023-11-10 17:00:37,0,0,0,事多多
183303,1183,乐明,2023-11-23 14:41:40,0,0,0,还是比较逆天的
188757,1183,乐明,2024-01-20 00:43:09,2,2,0,真的很难受，明明付出了很多，平时任务也认真完成了，最后论文也花时间去写了，也去请教老师帮忙修改了，结果拿了很低的成绩，保研希望也更低了，真的很难受，可能我确实没这方面的能力吧。这门课确实不是很推荐选，一是事很多，二是拿好成绩很难，三是上课确实学习不到很多东西，言尽于此
188926,1183,乐明,2024-01-20 16:15:39,4,4,0,其实我也不知道我干了啥这门课，但是我收获了大学三年以来第二低的绩点，最低的是我大一学的线代2.1，但是我线代是真学不会，我不知道这门课怎么界定“会”与“不会”的边界。
194217,1183,乐明,2024-06-22 14:11:25,3,3,0,论文写得我很难受，为了通识课熬几个大夜，一个通识课为什么会有这么难的论文啊，都是很专业的选题，上课又没有教什么东西，感觉这门课适合天才和肝帝去上，可能是我太菜了吧。
198108,1183,乐明,2024-08-30 16:07:37,3,3,0,上课不知所云，却以为自己很有水平，本科生通识课水水过就行了，偏偏期末论文要求贼多，这么专业怎么不去给本学院开专业课，看起来有时候和颜悦色，实际上是个绩杀。
201793,1183,乐明,2024-11-06 10:44:39,2,2,0,研究生学术英语能力提升课，第一次上课老师除了介绍了一下自己以外，全都让学生自己发言，包括自我介绍和与同学讨论，没有任何实质性内容。老师更是直言除了第二次课她会讲一讲以外，其余的课时都是由学生主导，简单讲就是一直让学生轮流上台做presentation直到期末。老师美其名曰：“这门课的含金量和收获能有多少全都掌握在你们自己手里，你们好好讲就有收获，你们要是想水，那我们就一起消磨时光。”就这么水灵灵的把责任甩给学生？\n\n尤其讽刺的是课上不讲课，课下事情却巨多，听力测试、口语测试、作文考试、各种作业和网课。
204059,1183,乐明,2024-11-23 12:52:49,1,1,0,乐老师给博士开的英语还不错，对学生也比较鼓励。可能对i人不太友好，因为课堂活动超多哈哈哈哈哈
1614,1198,王海虹,2015-03-23 02:06:30,-3,10,13,很差的体验
1683,1198,王海虹,2015-06-17 07:34:15,-2,7,9,还好\n\n
1947,1198,王海虹,2015-03-26 16:00:16,2,12,10,听课还好，给分不行
2078,1198,王海虹,2015-04-01 07:07:50,1,14,13,无聊的大英4，
2890,1198,王海虹,2015-05-10 12:35:33,-3,13,16,课超无聊作业超级多！！！估计给分也不好！！！人品差到家才会选到她的课呵呵了
3626,1198,王海虹,2015-06-17 01:52:33,3,12,9,有时候会有点无聊，超多小组讨论的
4236,1198,王海虹,2015-06-18 08:37:05,-3,10,13,感觉老师上课准备不怎么充分
5281,1198,王海虹,2015-07-06 09:18:06,-3,10,13,很无聊……
7413,1198,王海虹,2015-09-21 08:47:14,-4,8,12,确实不错
7541,1198,王海虹,2015-09-15 03:04:55,-5,2,7,嗯
9511,1198,王海虹,2018-01-20 04:07:57,68,103,35,是我喜欢的老师类型，温婉善解人意的女老师～作业一点也不多呀。每个单元的游戏环节蛮有趣哒
9864,1198,王海虹,2015-11-11 10:55:03,0,14,14,上课能学到超多单词和西方文化。\n\n谁说没有准备，自己去讲试试。
10717,1198,王海虹,2015-11-23 03:01:43,-4,15,19,炸掉了！大学最差的体验！到了大二都忘不了这个噩梦般的女人！不用说什么给分好，自己好好学到哪儿都是高分，她只是作业多的跟山一样也不见的多给分
10885,1198,王海虹,2015-11-23 08:12:52,16,27,11,上课内容还是挺丰富的
11472,1198,王海虹,2015-12-02 11:12:03,-1,11,12,很差很差
13611,1198,王海虹,2015-12-30 08:22:13,3,7,4,........
16486,1198,王海虹,2016-01-18 08:12:10,-5,7,12,什么给分啊 这种老师一点也不知道师生关系 上课也学不到什么 也叫老师？
16630,1198,王海虹,2016-01-18 14:40:49,-3,5,8,给分超坑
16949,1198,王海虹,2016-01-19 09:53:57,-2,5,7,其实还不错啦，上课要是比较积极能学到挺多的
17084,1198,王海虹,2016-01-19 14:35:30,-2,5,7,人还蛮好玩的，口语比较多。
17155,1198,王海虹,2016-01-19 16:54:10,-3,5,8,多给几分会死啊
21396,1198,王海虹,2016-02-28 13:23:28,6,11,5,老师很好的，人很好
21638,1198,王海虹,2016-02-29 11:28:23,-4,2,6,给分差 我也想给这种老师零分 作业都认真做了还给这种分数 呵呵
21996,1198,王海虹,2016-03-02 05:09:51,38,61,23,一个口语特别好教得也挺棒的大英老师，上课能学到很多东西，她能给你很多学习英语的建议，以及其他方面的启发，偶尔会有听写，课堂内容很丰富，节奏比较紧凑，小组活动也比较有趣，对于学生学习也很关心，个人非常喜欢的一个大英老师。那些说老师不好的，只能说自己英语比较差吧，还能怪谁。
25013,1198,王海虹,2016-06-28 12:41:06,-11,6,17,除了超级无聊得课堂和咄咄逼人的泼妇气势，不知道该说什么！
25209,1198,王海虹,2016-05-08 07:07:52,1,6,5,进一步加深了我对英语的厌恶
27084,1198,王海虹,2016-06-23 00:59:56,0,4,4,讲道理我完全不知道这课上个什么劲… 干耗着还拖堂
27403,1198,王海虹,2016-06-25 23:47:00,-2,0,2,还好。
27917,1198,王海虹,2016-06-28 05:15:49,31,39,8,刚开始还觉得评分不高担心老师差。但其实王老师人超好，备课也很认真，很关心学生的思维逻辑，会特别注意锻炼学生发言时候，写作时候的逻辑！而且老师很好说话～
28050,1198,王海虹,2016-06-28 08:02:19,8,13,5,很负责任的老师
28311,1198,王海虹,2016-06-28 08:30:22,3,4,1,一个话题谈很久
28493,1198,王海虹,2016-06-28 09:29:03,9,21,12,给分挺好，课上得差，作业少，没有展示什么的，也不会布置作文。听力听得少，课前一定要预习课文，被老师叫起来回答不出她会一直问你。上课总是会有长时间的沉默，尴尬~~~个人觉得老师有点偏执，一定要讲出她心里的答案才满意。不定期会写词组和书里的句子，不用交。平时给的资料挺多的，考前会让我们做单词填空题，大英四10个单词9个都做到了
28545,1198,王海虹,2016-06-28 10:01:26,18,26,8,讲道理王老师还可以吧，你们说上课无聊，但提前看过课文或者上课就在看课文的，还是能参与讨论的，背诵也可以直接找老师背，还拿了满分，人真的不错吧
28649,1198,王海虹,2016-06-28 11:34:46,0,4,4,老师上课还好啦，虽然最后分不高，不过这学期我自己也没怎么听，总的来说老师挺亲切的\n\n
28652,1198,王海虹,2016-06-28 11:38:46,8,28,20,说给分差的自己没实力怪谁？平时分都是严格按照quiz，背诵，口试，作文之类的打的，哪存在“给”分的问题？我觉得老师挺好的，作业都是为上课讨论内容做准备，真的花不了多久。你不准备上课气氛僵了还怪老师？而且老师会特别给基础差的同学发言的机会，自己不珍惜，还骂老师？
28656,1198,王海虹,2016-06-28 11:42:52,-1,2,3,给我感觉很好的一个老师
28659,1198,王海虹,2016-06-28 11:46:15,0,3,3,很好！
28660,1198,王海虹,2016-06-28 11:47:46,10,15,5,老师人很好呀，作业其实跟别的老师差不多了，听写从来不交，能知道很多有意思的事，，很有意思的课，，，大英成绩都是靠自己努力的，跟老师真的没关系，自己备好就好啦，别赖老师嘛
28661,1198,王海虹,2016-06-28 11:49:46,1,4,3,很好的老师 那些说不好的索嗨自己考差赖老师也没谁了
28670,1198,王海虹,2016-06-28 12:07:57,3,5,2,真的挺可爱的老师呀！
28674,1198,王海虹,2016-06-28 12:13:12,3,5,2,大英本来就是挺无聊的啊，其实每个老师都差不多。语言类的还是看平时功夫
28778,1198,王海虹,2016-06-28 14:31:50,4,11,7,老师很棒的，真不知道有些人怎么想的，自己不努力还埋怨老师
28852,1198,王海虹,2016-06-28 23:30:43,0,1,1,老师很好~
29587,1198,王海虹,2016-06-30 04:24:05,0,2,2,老师真的很好……不过绩点这么差就不知道为什么了……我平时分挺高的呀 难道期末考吃翔啦？？？感觉比上学期英语进步了呀！可是绩点还是和上学期一样……跪……
30179,1198,王海虹,2016-07-01 04:47:59,4,10,6,其实不是很会调动学习气氛，期末批卷比较严?睡了一学期，上课根本听不进去，考试只能说看底子和复习程度吧，也就那样吧\n\n
30498,1198,王海虹,2016-07-01 18:42:39,-2,2,4,准备真的不充分，应该好好备课
34028,1198,王海虹,2016-12-28 05:50:14,4,6,2,老师人很好
39445,1198,王海虹,2017-01-14 08:19:28,-1,3,4,很喜欢很喜欢很喜欢，说中文有南方口音，但是说英文炒鸡好听超级标准～自己足够努力，在老师这里可以学到很多
42334,1198,王海虹,2017-01-14 09:24:32,0,2,2,老师人很好，但是我的大英四。不说了，刚过及格线的咸鱼准备明年再战。
42341,1198,王海虹,2017-01-14 04:53:58,-2,0,2,老师人很好，给分也好，很希望能再上老师的课～
42350,1198,王海虹,2017-01-16 05:28:26,-2,1,3,非常非常喜欢王老师！讲课很好～
42379,1198,王海虹,2017-01-14 05:51:42,-2,2,4,无语！！
42380,1198,王海虹,2017-01-14 05:56:20,-2,0,2,很关心学生，很有亲和力的老师
42414,1198,王海虹,2018-01-17 10:25:08,-27,3,30,老师很温柔啊，上课很轻松啊，反正拿了4.8
42418,1198,王海虹,2017-01-14 07:23:39,-1,1,2,很好的老师，上课很轻松，很有活力，不刻板，至于绩点问题嘛，英语不都这样吗？应试是挺难的事。
42498,1198,王海虹,2017-01-14 09:46:09,-1,1,2,老师不会局限于课本，口语挺好的，上课内容有很多小组讨论，可以练口语，老师还会介绍许多美国的东西，挺有收获的，可惜大英四没有好好努力，绩点只有3.3，比较遗憾吧……老师人挺好～课也挺好～大胆的选吧～
42546,1198,王海虹,2017-01-14 12:17:03,-2,0,2,很不错的老师，赞
42897,1198,王海虹,2017-01-15 11:25:05,-2,0,2,老师真的很可爱呀！对我们就像朋友一样
42906,1198,王海虹,2017-01-15 11:46:14,-2,0,2,超级好的老师超级喜欢她！虽然我绩点不怎么高但是讲道理我真的觉得是我自己的原因。。。老师还是很好的作业量也很合适
42908,1198,王海虹,2017-01-15 11:58:38,-2,0,2,超赞的老师，人好说话备课也认真。我这样的英语学渣也硬是被被老师拉上及格线..感觉以后会更喜欢学英语。。
42909,1198,王海虹,2017-01-15 11:58:30,0,1,1,善解人意的好老师，特别和蔼，很喜欢，点赞
42910,1198,王海虹,2017-01-15 12:59:43,7,7,0,我是专门来膜下面那个94的dalao的\n\n老师说94是全年级的并列第五\n\n膜膜膜膜膜
42912,1198,王海虹,2017-01-15 12:00:11,-2,0,2,老师人挺好的   啊难道我期末跪了才没上4的吗难过....
42913,1198,王海虹,2017-01-15 12:02:54,-1,0,1,很棒的老师
42916,1198,王海虹,2017-01-15 12:03:26,-1,0,1,老师人很好事情不多，给分也好
42917,1198,王海虹,2017-01-15 12:28:19,1,4,3,老师很好，尽管我最后绩点2.8，但是自己的锅，一学期大英没怎么好好学，但是王老师的课很有趣，平时对学生也很好的。
42918,1198,王海虹,2017-01-15 12:04:38,9,12,3,真的很不错的老师，结束时还发了我们的照片，真是美好的回忆
42920,1198,王海虹,2017-01-15 12:08:28,-4,8,12,我真的不知道说讲的差的人都是怎么想的 这个学期我就是认认真真学的最后4.8而且是差一分满绩 你们自己不努力背课文挑三拣四 quiz考的啥都不是 英语最后复习一天还要说老师给分差？ 那你别读了 回家读高中吧 傻逼
42922,1198,王海虹,2017-01-15 12:10:16,-1,0,1,超级喜欢老师！
42923,1198,王海虹,2017-01-15 12:11:28,-2,0,2,好好好\n\n
42925,1198,王海虹,2017-01-15 12:13:38,-2,0,2,好老师，喜欢
42926,1198,王海虹,2017-01-15 12:19:45,-5,0,5,老师人很棒，给分也不错哦
42928,1198,王海虹,2017-01-15 12:22:24,-2,0,2,挺好的 让我想起了高中的英语老师
42931,1198,王海虹,2017-01-15 12:25:08,-4,1,5,三个字，好好好
42934,1198,王海虹,2017-01-15 12:33:14,0,2,2,老师真的人很好，不知道为什么评分不高
47125,1198,王海虹,2017-01-24 03:11:08,-2,0,2,可爱啊
48108,1198,王海虹,2017-02-28 13:43:30,1,2,1,王老师上课很用心，注重和学生的沟通交流，所以课上面会比较多地穿插口语练习，小组讨论等等
48676,1198,王海虹,2017-03-09 06:59:30,-7,1,8,我很喜欢的老师，活动丰富，课件做得有趣，人也很好，能认真参与能提高口语，大英四差点满绩
48693,1198,王海虹,2017-03-09 13:12:16,-2,0,2,真的很好的老师很复杂而且很好说话善解人意
51420,1198,王海虹,2019-01-04 03:36:52,8,19,11,辣鸡大英，毁我青春
51630,1198,王海虹,2017-06-07 16:27:43,0,2,2,有时候还是很可爱的，作文可以反复改，也提供很多机会了，能不能把握还是自己的问题吧，课外资料有很多，能学到不少知识，绝对不水
53539,1198,王海虹,2017-06-27 02:22:36,15,28,13,上课贼无聊，每节课迷之尴尬
53591,1198,王海虹,2017-06-27 06:00:06,13,20,7,感觉比大英三努力，成绩却比大英三低，可能是我期末没考好吧，大英三是别的老师大英四是她，感觉天差地别。上课叫起来问问题，一定要回答到她心中的答案才肯罢休，有时候发现自己跟老师理解不一样所以采不到老师的点，但是在老师眼里就是没好好读书的样子。还是喜欢大英三的老师。一个很看重成绩的老师吧，基础好选她的无所谓，基础一般就去选别的吧。
53654,1198,王海虹,2017-06-28 10:20:11,6,9,3,怎么说呢……\n\n上课基本就叫前面的同学，一直坐在后面的我基本没被叫到过，可能导致平时分低了？（因为真的期末考试感觉没什么问题……才3.3）\n\n说到平时分，就不得不吐槽一下了，平时作文成绩不是用冰果是手写，然而改完作文直接发下来说没登分，让我们自己上去写！？exm？好多人写15我不知道是真的还是怎么样?然后后来U盘坏了后来又要自己上去写一遍，感觉老师对我们的成绩很不负责啊……不过上课还可以，还有小组讨论，也有一些干货。
54028,1198,王海虹,2017-06-28 09:02:08,1,1,0,唉因为pre炸了\n\n然后就好像前功尽弃了\n\n老师人还是超好dei～
54055,1198,王海虹,2017-06-28 10:19:07,-4,3,7,老师真的很好说话！总是很善解人意！老师的给分真的和你的努力程度成正比！每一项都尽努力做好，最后的结果一定不会差。不管怎样，大学第一门5.0的课。
54084,1198,王海虹,2017-06-28 12:07:55,-4,3,7,满了 只能说大英成绩完全看个人水平 跟老师真的关系不大 每项分占比都标的很清楚 自己看看小测再把期末分大概乘个0.6就心中有数了 楼下说期末很好可能平时分低了 平时分就五分能影响你个啥？？老师很认真负责 每节课会有听写作业 事情还蛮多 考前的首字母填空很有帮助 会督促背单词 之前上的大英三高分老师 整个学期让同学pre 课没怎么讲过 评分9+ 只能说还是看个人需求吧 王老师不适合想水的人
55759,1198,王海虹,2017-07-02 10:34:09,2,3,1,口语好很占优势，建议尽可能充分地准备展示
56040,1198,王海虹,2017-07-03 03:18:34,-2,0,2,老师人很好啊 非常关心学生的英语学习    就是太较真了点 要求阅读材料什么的 总是很长一篇 有点烦 不过非常负责 凭良心讲是个好老师
58954,1198,王海虹,2017-09-19 00:59:32,-2,0,2,老师人很好，上课也准备了很多有趣的环节，积极参与课堂会让人很开心
60174,1198,王海虹,2017-10-12 05:56:08,-1,3,4,臭憋屈
60763,1198,王海虹,2017-10-29 23:30:01,-6,2,8,上课巨催眠，作业巨多，破事一堆，还不信任学生
60992,1198,王海虹,2017-11-06 14:15:08,12,26,14,表白王海虹老师大英四课上的一个小哥哥，眼睛很清澈说英语很好听，经常回答问题的。辩论的时候特别可爱特别帅
63631,1198,王海虹,2018-01-17 10:24:55,7,11,4,明天大英四，过来上一柱香。\n\n千万别挂啊啊啊啊啊
67138,1198,王海虹,2018-01-20 10:14:02,0,1,1,可以水
67270,1198,王海虹,2018-01-20 14:36:12,4,4,0,对学生都有印象！很温柔，找她问问题改作文都会一直耐心地跟你说到懂为止！平时作业也不是很多
67361,1198,王海虹,2018-01-21 02:55:07,0,0,0,超级好的老师，只是我的英语很渣
67422,1198,王海虹,2018-01-21 07:15:54,6,8,2,我可以很负责任的告诉大家，王海虹老师是温柔又幽默、爱学生的好老师。真的会和学生沟通，责任感强。大英全靠自己，绩点什么的你不水绝对高。绩点还没出，不管多少，我都赞海虹老师！！！
67724,1198,王海虹,2018-01-22 05:58:32,2,2,0,贴心的老师~要不是自己低空飘过，明年还来|ω・）
73537,1198,王海虹,2018-02-02 02:29:44,10,12,2,先给9分，有没有人评价一下英语语言与社会这门课？
75163,1198,王海虹,2018-03-07 15:59:47,4,5,1,事情好多啊，一门一点五分的课事情如此之多，慎选，慎选，慎选。
76075,1198,王海虹,2018-03-26 07:57:18,0,2,2,英语语言与社会好课\n\n可以学到很多东西\n\n老师真的很善解人意，有什么问题都可以沟通，而且很鼓励发言练口语\n\n想好好练口语的就选了吧\n\n反正上学期满了
76099,1198,王海虹,2018-03-27 01:28:48,1,1,0,王老师上课从不点名也不做pre而且听写次数也少，为王老师点赞?
76781,1198,王海虹,2018-04-23 06:30:16,-6,1,7,假惺惺
81351,1198,王海虹,2018-07-05 01:46:14,4,4,0,(出分了我第一次在大学里真的相信绩点主要看老师)(对比我的大英三)\n\n或者我期末考爆炸了\n\n哭了…
81352,1198,王海虹,2018-07-05 01:47:58,-1,0,1,老师很好，事情很少，给分也不错，就是有些单词什么的偶尔会念错。超级可爱的！！！
81353,1198,王海虹,2018-07-05 01:50:49,6,6,0,可能我英语真的渣吧 老师给分也确实不好。。每个方面都比大英三好很多（包括quiz成绩作文什么的） 但成绩低了很多档，给分还是比较严的吧
82827,1198,王海虹,2018-07-09 07:48:40,-1,0,1,老师很和蔼，口语能力强，很注重思维和课外知识拓展，提问犀利，一针见血。平时任务不多。英语语言与社会锻炼口语和研究能力挺不错的！
82833,1198,王海虹,2018-07-09 07:58:04,2,2,0,第一感觉语速快，第二感觉有点不耐烦，同学观点和自己不一样就一定要硬杠…不过如果你十分擅长英语，对口语特别有自信（显然我不是…），英语语言与社会这门课的内容和难度还是让人有收获的。
83331,1198,王海虹,2018-07-10 06:30:18,0,2,2,大英4.8 英语语言与社会3.6 感受一下吧?
86438,1198,王海虹,2018-09-16 06:45:30,0,0,0,推荐英语语言与社会，能学到很多东西，而且付出和绩点成正比，老师会给很多机会练口语
88214,1198,王海虹,2018-10-24 05:41:07,3,5,2,口语不怎么样。
94373,1198,王海虹,2019-01-16 08:45:25,0,0,0,老师真的人挺好的，而且事情也不是很多，但是关于作文，老师有点偏执，也不听你怎么说，改过三遍的作文，看都不看，就说不对（按照她之前的建议改的）
95030,1198,王海虹,2019-01-18 15:18:38,0,0,0,还行，我英语本来渣
95173,1198,王海虹,2019-01-19 03:40:06,-6,3,9,辣鸡得不行，没见过这么事多的大英老师，辛辛苦苦写影评，最后又不算进分数，背了两天的课本，最后3.3？我可去你的吧
95188,1198,王海虹,2019-01-19 04:24:28,5,7,2,出分啦，来表白一下老师：）\n\n上老师的课学到很多美国文化，学到写作一个特别关键的点是：逻辑，平时课没听写，话题准备的也很有趣，上课氛围很free，上课节奏比较灵活，然后还有很重要的一点：就是老师会认真聆听你的观点，并且尝试理解。虽然有时跟她观点冲突但她也只是展示自己的观点并没有否定我们的观点。总之，很好的老师
95190,1198,王海虹,2019-01-19 04:28:11,11,12,1,大英四。非常适合我这种自闭症。没有强制pre，然后在课堂上很真诚地分享观点。给分也很惊喜惹。
95200,1198,王海虹,2019-01-19 04:46:49,3,3,0,平时还挺好的 偶尔很严 感觉单词都背了考的也都海星 最后被卡82还是有点难过\n\n
95259,1198,王海虹,2019-01-19 05:58:29,-2,0,2,虽然因为听力不行，期末考的不好，只有3.3，但是老师人真的很好，会教给我们真正有用的东西，给我们充分机会练习口语等等，超爱老师，很认真的帮大家评作文。\n\n
95269,1198,王海虹,2019-01-19 06:23:39,2,2,0,真的是一个人好事少的老师 不错 是我英语太差了
95285,1198,王海虹,2019-01-19 06:51:29,-1,1,2,emmm王老师挺好的鸭，有一次有个知识点没听懂她很耐心的给我讲了两遍，也很主动帮学生改作文！虽然英语水平中等(期末听力还炸了)但是大英能有4.5很开心！在老师的课上也学到了很多~平时作业也几乎没有的，除了有时要写作文，给的期限也很长的。这半年里作文提高了很多，多亏老师的建议了，比心~
95377,1198,王海虹,2019-01-19 09:34:03,1,2,1,有点.......无聊。但是不知道为啥之前quiz我很垃圾的但是最后我给分还好？不知道大家怎么样。老师人是不错的但是上课比较注重深度思考，经常会有辩论啊什么的。想学到知识的可以进但是像我这种水的不行的还是算了。老师上课的小活动会持续很久经常没时间上书上的内容，所以对课本我不是很熟悉
95693,1198,王海虹,2019-01-20 02:00:44,2,2,0,挺不错的\n\n虽然有的时候空气突然沉默\n\n很尊重你的兴趣\n\n谢谢老师～
106763,1198,王海虹,2019-04-29 10:44:03,2,2,0,英语语言与社会，这课事情真的太多了把。1.5分的课比4分专业课还硬核。
110663,1198,王海虹,2019-06-28 03:22:06,3,3,0,大英四，积极性靠自己，无强制。自由讨论较多。
110665,1198,王海虹,2019-06-28 03:24:46,-1,0,1,谢谢老师！4.2我满足辽！
110666,1198,王海虹,2019-06-28 03:26:51,0,0,0,最后一节课一定要去，各种意义上的。
110695,1198,王海虹,2019-06-28 04:40:54,0,0,0,超级好
111003,1198,王海虹,2019-06-29 05:39:02,0,0,0,事情蛮少的，老师也很不错，大英主要还是靠自己吧
111191,1198,王海虹,2019-06-30 12:47:44,1,1,0,给分比较严格
112529,1198,王海虹,2019-07-04 17:05:56,0,0,0,英语语言与社会给分好低...可能是我太垃圾了吧....
112621,1198,王海虹,2019-07-04 22:52:53,4,5,1,上的英语语言与社会。课程很好，有很多讨论的机会，对于英语能力有真正的提升。以及虽然对于一门1.5学分的课程来说，事情稍微多了一点，但提升英语本来也要经历这样的一个过程。大学以来自认为自己比别人更走心学的一门课，很感谢老师也看到了努力，最后考前会有划重点，考试很轻松。向英语尤其口语有优势以及喜欢语言学的同学推荐这门课。
112676,1198,王海虹,2019-07-05 00:11:38,1,1,0,英语语言与社会\n\n课程内容挺有意思的，任务多，考试比大英简单，基本上得分与投入时间成正比
116687,1198,王海虹,2019-09-13 07:34:17,-6,0,6,
117344,1198,王海虹,2019-11-12 12:05:53,2,4,2,水课水课没干货
117860,1198,王海虹,2019-10-06 07:04:08,-1,0,1,非常好
118536,1198,王海虹,2019-10-28 08:19:05,0,1,1,王老师人真的好好，说话特别有逻辑，也非常注重学生逻辑的养成！！！在课上能学到好多知识，不仅仅是英语！！！上课特别有趣，如果都认真听课好好参与的话会有很大收获的！
118818,1198,王海虹,2019-11-06 12:51:46,0,1,1,真的有趣 老师特别好 萌萌哒\(//∇//)\
120556,1198,王海虹,2020-01-12 17:57:28,0,4,4,上了王老师一学期的课，现在来评价。总的来说，个人觉得英语课没有什么“水”不“水”之分，也没有必要被“知识点”完全限制住，英语课应该充满活力。学了一学期大英4，其实收获还是很大的，英语的书读了一本，读了无数老师发的英语材料，也学会了托福写作、书评、影评、演讲…真的很不错。大英是一门功夫课，个人努力很重要。本人英语确实不好，从小就不好，高考考的也不好…这学期稍微用心看了看最后4.2，虽然也不算高，但作为一个菜鸡心满意足了。还是希望来年上王老师课的学弟学妹可以积极参与一下课上的讨论，这学期可能因为大家比较害羞，没有完全有很好的讨论氛围，或许是唯一的美中不足吧。
121811,1198,王海虹,2020-01-22 03:18:18,0,0,0,有趣的老师，认真听她上课，能学到很多东西
121836,1198,王海虹,2020-01-22 09:15:12,7,9,2,大英四，上课和考试内容完全脱节，给分也不太好，卡绩也不捞一下，感觉上课没学到什么东西，全凭自己背单词
128235,1198,王海虹,2020-12-14 14:18:02,0,2,2,王海虹老师上课互动非常多，上课投入型的我上他的课每次都非常开心
128509,1198,王海虹,2020-12-23 12:18:40,8,8,0,超级温柔的老师！！！也很可爱！教的很认真很好！一般会介绍很有意思的事情！！！比如有一次11点多放了美国的各种美食还回忆味道hhhh
129350,1198,王海虹,2021-01-04 11:45:26,1,3,2,Joy口语超级好，人也很nice，非常和蔼
130909,1198,王海虹,2021-01-25 08:17:40,3,3,0,卡绩不捞，人挺好，给分不好
130943,1198,王海虹,2021-01-25 10:38:52,4,4,0,老师人挺好的，平常上课体验也不算糟吧，但是给分我是不敢恭维的。平时分就算没有36，也有35吧，难道我期末考爆炸了，我不太相信
131023,1198,王海虹,2021-01-25 14:47:03,0,0,0,老师人非常好，讲课也很有趣，可惜就是给绩不太好
131033,1198,王海虹,2021-01-25 15:32:45,1,1,0,老师人很好，作文只要你愿意改，她都会帮你分析问题，有一天晚上9点多她还愿意主动找我电话谈作文，作文分整个学期都是可以改的。老师也挺温柔的，不过课有一丢丢无聊，最好能上课的时候背着单词，我觉得收获最大
138563,1198,王海虹,2021-07-10 00:24:05,-6,1,7,真的太无语了，平时事么贼多1.5分仿佛上个了专业课，影评、期中quiz、期末考试、小组脱稿展示etc。给分也太差了！！！配不上我的付出吧。太过分了，平时分期末分也不公布，居然最后说，大家考试的问题都可以问我，考试出分不要问我，那个教务网就是final grades？？？合着在这给自己瞎打分找理由吗？？？快要气死了
138577,1198,王海虹,2021-07-10 02:22:28,4,4,0,平时的作业并不多（一个小组展示，一个人只讲三分钟，一个movie review），而且布置得很分散。老师人真的很好！我感觉自己的movie review在冰果上分数不行就发给老师请她帮我改，然后她发了很长一段分析告诉我哪里写得好哪里有问题，是个很认真负责的老师！
138880,1198,王海虹,2021-07-11 13:09:43,7,8,1,英语语言与社会，期末50%，期中quiz20%，其他的就是一次小作文，一次影评，一次小组合作展示。期中小测听力原文提前会给，阅读和作文基本不难。期末开卷考考的都是书上的东西，原文填空或者说是解释书上的名词，表达对一个语言现象的看法。期中期末的作文都是和课堂讨论相关的话题，提前准备一下考场上就有东西可写了。\n\n个人上课也没有刻意去发言刷印象，期末看着回放ppt过了下教材，最后4.5，感觉给分还不错，这门课主要还是看付出时间吧，大家平时上课可以提前就做笔记，这样期末就不用看回放耽误时间了。\n\n老师人还是很nice的，上课也很好玩。
139344,1198,王海虹,2021-07-14 13:23:52,0,2,2,老师人很好，大英四平时事情也不多，给分也不错
141180,1198,王海虹,2021-09-25 16:49:38,1,3,2,说实话，个人付出和得分是绝对成正比的。1.5的英语语言与社会，你要是认真听认真读，能学到很多正儿八经的理论知识，也同时了解了很多英美的文化现象，讨论的议题都很有趣，参与其中自然很有收获。平时任务我看下面已经写得比较清楚了，个人觉得小作文但凡文通字顺一些，得分都很高，quiz连听力原文都给你了还要咋的，让你开卷写？期末考试的所有题型都告知，并且范围都说的很明白，就是临场翻书也能找得到，得分低怪谁？pre老师挑选的都是linguistic里面很前沿的文章了，甚至计量语言学都有，认真读认真准备，自然得分高\n\n第二门满绩的英语，我没觉得这课很累，反而觉得不仅乐趣十足，还干货满满。
141955,1198,王海虹,2021-11-02 03:05:27,0,2,2,老师真的三观很正，认真听她的课，真的很受启发 而且思想也很开放
144955,1198,王海虹,2021-12-26 04:42:12,-1,1,2,挺不错的一个老师，那些说不好的一般是在水课的，只要认真听王老师的课，还是感觉很丰富的，我的成绩不高是我自己真的没学好
145130,1198,王海虹,2021-12-27 14:52:31,0,1,1,老师会很关怀学生，有一次和我聊职业规划聊了很久，给了很多有用的高瞻远瞩的建议。老师备课非常认真，能学到很多新的知识
145800,1198,王海虹,2022-01-02 12:04:13,-1,0,1,真的很好的老师🥰元旦帮我批修改的作文，鼓励我还祝我新年快乐
146415,1198,王海虹,2022-01-06 13:57:56,0,2,2,老师很好，事情很少，作业很少。一起阅读一本书的时候会有大把时间给你闲聊，助教哦哦小测真的很宽容了。大英还是得看自己水平，就是卡绩了好难受😣
146480,1198,王海虹,2022-01-06 16:06:32,-1,3,4,什么新类型的绩杀?也就是说我复习那么久和单词都记不住的室友一个绩点?
146512,1198,王海虹,2022-01-06 22:21:30,-1,0,1,大英四 很好的老师 上课的时候压力感较小，比较容易融入讨论，课后任务也比较精炼，不会占用太多时间。最后给分不错（前提是单词好好背了）。
146539,1198,王海虹,2022-01-07 01:33:49,1,1,0,给分不大好
146759,1198,王海虹,2022-01-07 11:18:57,3,4,1,给分挺好，比起其他大英老师算是事少，没有pre，人挺温柔的，如果想要好的课堂体验建议预习课文，上课气氛确实比较沉闷
148058,1198,王海虹,2022-01-11 12:15:17,1,2,1,给分太好了 而且没有pre 我觉得最完美的大英老师
149720,1198,王海虹,2022-01-16 14:22:18,1,3,2,课程：大英4\n\n打分：10/10\n\n优点：①事真的少，没有pre，听写也只有一次（还没有登记成绩），平时也没有作业②平时作文认真写，去给老师反复修改分数不会差③助教都是大好人555，作文给分好，提的修改意见也都很中肯④老师平时给特别多练口语的机会\n\n缺点：老师可能确实对一些问题的答案有执念？有一次整节课都在和一个同学争执一个问题（？）但一般情况下老师人都很好，小小只的也很可爱（喂\n\n英语学习还是要靠自己吧，期末占60%，老师能给的平时分不过5%，如果自己不背单词，期末考的烂最后绩点低怪谁啊（doge）
151149,1198,王海虹,2022-02-23 12:08:27,2,2,0,很精炼的大英四课堂，没有任何无意义的任务。
151281,1198,王海虹,2022-02-27 12:32:30,-3,1,4,作业多
151459,1198,王海虹,2022-03-04 00:31:05,4,5,1,大英四/英语语言与社会\n\n老师开的两门课全都上过，人很耐心，有学习上的问题会很乐意帮你解决，还会发滑稽\n\n上课作业是真的少好不好，托福阅读啊英语词汇学啊我也都上过一点，语言与社会这门课真的干货比较多，作业也很少，两篇小作文一个pre，期末还开卷考，还想怎么样？？跟托福阅读的作业量完全比不了好叭\n\n老师学识很渊博的，如果选她的通识会有很大收获。如果上她的大英，那么她会经常练习你的口语的，单词考的不多，也不记成绩，非常棒。但老师的大英四是没有很大的调分的，本身大英成绩也跟老师没啥关系，好好学吧
151650,1198,王海虹,2022-03-10 09:11:40,0,1,1,相当无聊的课。如果英语能力尚可，你别想在课上学到任何东西，自己背背单词啥的也比这强。真心话了。
154433,1198,王海虹,2022-06-01 09:28:05,1,2,1,21秋冬上过王老师的课来客观评价一下。当时是退了预置的大英三老师结果选不上了，只能被迫选大英四还没满的教学班，没想到是个惊喜hhhh\n\n事情真的很少，比我知道的其他大英老师事情少很多，没有作业没有pre，只要quiz前好好背单词背课文就能有不错的平时分，不卷这一点真的很舒服，甚至作文可以反复修改更新成绩，而且助教们给分都很宽容。\n\n上课有讲述文章的一些词组搭配之类的，更多的是分析文章的逻辑，鼓励同学们小组讨论发表观点，比起干货的灌输更多的是一种思维的锻炼。课本上的好文章也会跟我们指出来，强调反复多读。\n\n个人的课堂体验很舒适，就是气氛可能有点安静，最后出分的时候也都没有什么人谢谢老师，我有点不能理解……我觉得出分跟付出是相当匹配的orz\n\n还是很推荐后来的学弟学妹选的老师。
155467,1198,王海虹,2022-06-13 07:51:31,10,10,0,社恐必选老师，而且老师很温柔\n\n没有pre\n\n没有pre\n\n没有pre\n\n重要的事情说三遍\n\n作业不多，英语靠自学
155603,1198,王海虹,2022-06-14 14:44:58,0,1,1,绩点。。一般般。但老师其实还可以，听写听了一次，无展示，每个单元都有听力作业，总体来说还是轻松的，可选。
155907,1198,王海虹,2022-06-16 13:30:32,0,1,1,给分还不错，作业少，听写少，无听力，老师很温柔
156219,1198,王海虹,2022-06-18 09:12:51,5,5,0,虽然上课有点水，但是最重要的是没有展示！而且基本没有笔头作业！毕竟大英的给分最主要还是靠自己，上课水倒也不是什么大问题，事少是真的赞
157125,1198,王海虹,2022-06-22 03:28:58,1,2,1,挺适合我这种不喜欢多事的人的老师，给分比我大英三还高，真的很感谢
164108,1198,王海虹,2022-12-18 06:26:49,0,1,1,好老师呀
164323,1198,王海虹,2022-12-20 08:58:45,0,1,1,上课很无聊。大一秋冬上的大英IV，感觉教学方式跟高中时没什么两样，只能说对大学的英语教学的期望落空了
164583,1198,王海虹,2022-12-22 04:24:30,3,3,0,为什么让助教评作文啊啊啊啊啊！改错了无数处每次都要再找一遍老师，网课期间干脆不改直接给个作文分！无语死了
164592,1198,王海虹,2022-12-22 05:35:15,6,6,0,大英四很痛苦，老师喜欢找人交流，口语不好真的很难办，以及老师非常求是，已经可以料到自己惨淡的成绩了
168654,1198,王海虹,2023-02-20 15:05:08,5,5,0,给分不咋样…课上的也很普通，就和高中差不多…
168655,1198,王海虹,2023-02-20 15:12:04,6,8,2,快跑！！！给分离谱！！！
169771,1198,王海虹,2023-02-28 00:31:53,1,1,0,老师挺和蔼的
170817,1198,王海虹,2023-03-10 04:20:28,0,1,1,老师人还是不错的，但是课堂没什么干货，我感觉在大英四几乎没学到什么。但是课堂比较轻松，老师几乎不会点名回答问题，比较自由，也没有展示，想水的强烈推荐，真心想学英语的不推荐，给个八分吧中规中矩
171315,1198,王海虹,2023-03-21 11:45:47,5,5,0,好凶噢嘤嘤嘤，而且上课很尴尬，没人回答就一直问一直问，直到有人大声回答……压迫感好强啊呜呜呜……选课的时候评分还是9.5+，自己上课时却觉得老师虽然好但是不值9.5+……上了一个月课再来看差老师，果然掉评分了……
171542,1198,王海虹,2023-03-28 04:15:15,1,2,1,课很无聊，老师提问基本没人回答，气氛一片死寂。\n\n由于实在无聊玩了会手机还被抓了并且课后被说了两句（“下次出去玩好了再进来”）。\n\n虽然是我的不对，但是她给我一种中学教导主任那样很严厉的感觉。\n\n优点是事挺少的，想来摸鱼的可以考虑，但“摸鱼”不包括在课上玩手机（）
175231,1198,王海虹,2023-06-22 14:43:04,0,1,1,老师我爱你 事情是真的少
175250,1198,王海虹,2023-06-23 03:14:33,4,4,0,事了拂衣去，深藏功与名。真正的老师
175251,1198,王海虹,2023-06-23 03:19:27,0,3,3,能不选她就尽量别选吧
175287,1198,王海虹,2023-06-23 09:37:12,-8,1,9,首先说说老师课堂。非常无聊，非常尴尬，没人愿意回答问题，经常问一个没意思的问题然后全场静默，也无法调动小组讨论（我们基本没小组讨论过，都是尬住全班沉默好长时间。。）\n\n其次，本人情况，我上课是为数不多愿意回答问题的人，结果给我卡绩。。我真服了。往上一分我就上一个绩点档次了。。。。
175396,1198,王海虹,2023-06-24 13:47:07,5,5,0,老师事真的少，没有pre \n\n就是平时上课可能重点在讲课文，没有人回应会有点尴尬\n\n大英给分主要看个人期末吧，老师平时分都是应给尽给的（作文可以找老师反复改到自己满意）
176299,1198,王海虹,2023-06-28 09:44:35,0,1,1,老师内心深处偏爱竺院学生捏
177029,1198,王海虹,2023-07-01 07:44:01,0,0,0,给分特别莫名其妙
179676,1198,王海虹,2023-09-19 07:51:59,0,0,0,真的和我高中老师很像诶！
185290,1198,王海虹,2023-12-27 15:01:23,4,4,0,很喜欢的老师，喜欢每次的听力和老师准备的视频。老师上课也特别温柔，不会怎么听写，努力学习后也收获了自己满意的分数。\n\n不知道为什么很多人不喜欢，赶紧过来给老师打满分！
186366,1198,王海虹,2024-01-10 16:05:26,7,7,0,大英四还没出分，但是想先来说两句。我感觉王老师并没有几年前热评上说的那样可怕。首先，王老师现在没有pre，课后作业几乎没有，这个学期让我们阅读一本全英著作+写问题在共享文档里面，不做强制性要求。上课听写次数少，听写内容为英文单词，我们只需写英文，且仅仅是为了督促我们背单词、准备考试，听写结果不会计入平时成绩，另外如果真的听写情况很糟糕，也会被交上去谈一谈，敦促一下平时的学习。其次，王老师上课很注重跟学生的互动，前面几位同学觉得王老师一定要同学回答出她想要的答案，其实并不是这样，只是老师真的很想让大家能理解文章、理清脉络。不得不说大英这门课有时候真的挺无聊的，无关老师，成绩也基本上都是要考自己每次quiz、作文还有最后一次期末考拿分，老师基本上没有捞人的空间了。最后，我想说王老师其实真的很关心学生，会帮忙改作文，如果同学被预置到这门课或者已经选上了这门课的话，可以选择把握住机会多跟王老师沟通，上课也可以多互动，王老师真的很友善！
186420,1198,王海虹,2024-01-11 04:25:25,5,5,0,她真的很好，我哭死。作业很少事情很少，只要自己quiz加期末好好准备单词，平时分都挺好的...
186429,1198,王海虹,2024-01-11 05:00:15,4,4,0,老师很温柔，平时没有笔头作业、没有pre，事情很少。\n\n会听写单词但是不计入成绩，只是用来督促大家背单词。\n\n可能有大佬觉得上课水平不好，但是对于像我一样英语水平很一般的同学老师水平已经够够的了！
186432,1198,王海虹,2024-01-11 05:09:05,5,5,0,大英4 4.2绩点前来感谢\n\n因为要考四级并且课程难度较大，所以秋冬学期大英课听得挺认真，一半课是在认真听老师讲的，另一半课是自己背书上的内容。小测以书上的单词和短语为主，背熟了基本就会了。课后没有作业和pre，负担很轻，背单词基本课上就能搞定。\n\n很重要的一点是听力和口语提升了很多，老师上课喜欢提问，举手基本是自愿的（不过貌似没有发言分，建议不要抱有功利的心态），本人从一开始不敢开口讲话到最后可以流畅地表达想法。另外听力也提升了这是想不到的，而且期末考也很重视听力和阅读。上了大英四后这两方面都提升了很多。\n\n老师的知识很渊博，能学到很多东西。个人觉得上课提问的东西挺有趣的，老师很鼓励学生提出自己的想法。当然大英四想在下面潜水或者干别的事也可以，毕竟课堂分只有5分（老师能尽力的），剩下的全靠自己。
186446,1198,王海虹,2024-01-11 06:32:41,3,3,0,大英4（4.2 平时分应该扣了4+）（平时分40（平时分5分+小测和作文25+口试10）+期末60） 介个老师人很好啦，上课也很温柔，很喜欢和同学讨论，就算你回答不上来也没事，只要大胆说就行。事少，有听写和读书，没有pre，听写只听英文，读书只要在群里的文档里面问答就行。但是如果很社恐，或者分到的组不太喜欢讨论，那就遭老罪喽，因为后面几节课的小组有自由讨论（为口试准备的），如果小组成员不讨论，就很尬，建议趁还没固定组别的时候赶快逃。这门课平时好好背单词，绩点真的不会太低，老师也只能在平时分的5分捞你，成绩全看你自己。
186874,1198,王海虹,2024-01-13 10:14:04,1,1,0,喜欢王老师，真的事情特别少，quiz前听写非常有助于quiz单词记忆\n\n感谢老师捞我绩点上4
186885,1198,王海虹,2024-01-13 11:25:48,3,3,0,王老师答疑很认真负责，事情也很少（基本没有作业哈哈哈） 每次找她改作文都很用心 收获还挺大的 甚至还给我科普了一些出国的考试！期末考前还有鼓励捏！但是大英四给分统一都是不调的啦 还是不要抱有捞分的希望咯
187016,1198,王海虹,2024-01-14 07:03:18,4,4,0,事情很少，很佛系的老师
190666,1198,王海虹,2024-03-14 00:59:06,5,5,0,i人必选
194066,1198,王海虹,2024-06-21 23:28:16,3,3,0,吹爆王老师，大英四给分超级好！！平时上课不用pre，听写也只要写英文。本人每次上课都坐最后划水，平时就是背一下单词，居然上4了哈哈哈，爱你王老师！
194695,1198,王海虹,2024-06-25 02:54:22,7,7,0,吹爆王老师，无论是上课和给分都超级好！助教姐姐也很好！本人4.5\n\n以前的评论未必有些片面，而且大英的给分标准应该是基本统一的。\n\n上课：王老师上课很有趣的，是基本全英文但是大家都听得懂的！有时会穿插老师自己的出国故事、与课文相关的背景故事等等，非常有趣的灵魂。老师上课的时候会点人回答问题，问题不难但要用英语回答，从提升口语/练习口试的角度还是可以理解的啦~i人狂喜！\n\n讲课文内容和细节非常详细，课后习题主要是做cloze部分！\n\n点名：大英都是按照东6座位坐的，所以别纠结点名（懂得都懂）\n\n作业：老师的作业是预习课文、背单词，听写前会通知并且划重点！第一节课重点听分数组成，别忘了做慧学外语（做完即可拿5分）！\n\n\n\n大英的quiz、期末考试是难的，全看自己，要好好准备！\n\n爱死王老师了，感觉就是妈妈
206764,1198,王海虹,2025-01-07 16:28:27,8,8,0,老师人很好而且上课没有pre 大英四本来就是完全凭实力拿分老师也没法调分，而且会有不计分听写帮助我们加深记忆，总的来说很好的老师！\n\n出分了再来补几句：王老师这种事少给分好的老师真的很难得了。本人是那种英语水平还行但是懒得背单词比较摆的那种，每次都是小测前突击背个大概，个人认为大英四更重考的是背单词能力但是whh给分真的很宽松，期末也收获了自己挺满意的成绩（4.5）老师是妈妈级别的温柔和蔼
208208,1198,王海虹,2024-12-26 07:33:17,7,7,0,吹爆whh！！！虽然还没出分但是真的i人友好，没pre没随机点名没课后作业，事很少，老师人也超级好੭ ˙ᗜ˙ ੭
209065,1198,王海虹,2025-01-04 10:36:05,5,5,0,老师挺不错的，人挺好，事也非常少，想水想学都可以，上课回答问题是自愿的，但老师会鼓励你发言，也会真的用心听你说的，但是上课有的时候会有点无聊，这可能是大英的课程性质的问题。
209778,1198,王海虹,2025-01-07 05:24:09,0,1,1,课程事情少，但是我被卡绩了啊啊啊啊啊啊啊啊啊（哭）
209799,1198,王海虹,2025-01-07 06:52:13,2,2,0,大学英语Ⅳ 2024秋冬 强推！老师课上事很少！对同学们特别好！平时分和小测很能捞！但是想要提升英语还是得靠自己的努力！估计均绩3.75，中等水平能拿3.9！
209806,1198,王海虹,2025-01-07 06:50:57,1,1,0,应该是大英事最少的老师之一，课下没作业，课上没pre，课上也不会点人发言，不会就说不会也没关系。老师人真的很好，大英4老师也确实调不了分，总的来说如果想水一水或者真有实力王老师还是很适合的，如果想借大英四提升自己水平的，hustle一下的建议慎重
209819,1198,王海虹,2025-01-07 07:34:54,2,2,0,王老师的确事情少，没有pre没有书面作业，上课会划重点（但是用处不大），有两三次听写（可能算5%的平时分，认真准备一下吧，提升一下印象分），作文可以找她修改。\n\n个人觉得这种事情少给分好的老师简直不要太棒。
209860,1198,王海虹,2025-01-07 09:08:19,1,1,0,4.8！！！！表白whh老师！！课程超级有趣，很有收获！
212154,1198,王海虹,2025-01-13 09:19:49,3,3,0,本身大英四这门课就太苛刻，给分都很低。王老师事儿少，没有硬性pre，方便水，对社恐尤其友好。最后算是被卡绩了吧而且绩点很低，不过这门课给分求是，怎么说也是我自己考的问题呜呜呜。
221359,1198,王海虹,2025-06-23 04:24:10,0,0,0,whh小测的句子翻译和作文给分好，句子翻译只要把基本意思翻译出来就能拿满，没有pre和硬性作业，可冲
1284,1204,寿似琛,2015-03-21 17:28:29,15,16,1,散文是门好课
1338,1204,寿似琛,2015-03-22 00:22:22,46,47,1,寿老师上课轻松但又有重点，形式丰富多样，可以领略不同的英语文化和专业知识。
1707,1204,寿似琛,2015-03-23 10:36:32,16,17,1,寿老师的大英挺不错的，上课也比较轻松有趣。
2536,1204,寿似琛,2015-05-04 13:40:18,58,62,4,超级超级好！上课气氛很自由，思想很活跃！是真正的大学老师！！
4040,1204,寿似琛,2015-06-17 15:09:53,31,31,0,老师人非常nice，期末会给我们发礼物，合影，是真心对你好。
5381,1204,寿似琛,2015-07-07 05:26:28,30,31,1,老师很温柔，讲课形式很丰富。给分也可以
8371,1204,寿似琛,2015-09-19 15:12:22,38,39,1,不说什么了 选了绝对不后悔
9608,1204,寿似琛,2015-11-02 17:32:03,16,18,2,温文尔雅的老师，peaceful的感觉
10464,1204,寿似琛,2015-11-19 03:25:09,33,34,1,优雅美丽的老师，大英课会让你感受到真正的外国文化，口音纯正，很让人舒服的大学老师
11630,1204,寿似琛,2015-12-08 13:21:27,25,25,0,老师很优雅 说话也很温柔 口音标准 对学生很耐心 经常鼓励学生发言 备课也很认真 感觉也很有自己独特的见解
11870,1204,寿似琛,2015-12-19 09:27:27,14,14,0,炒鸡喜欢寿老师！！！希望能一直跟她学！！
12051,1204,寿似琛,2015-12-21 15:05:35,9,9,0,课堂挺开放的 而且寿老师的口音真的很好听啊
12178,1204,寿似琛,2015-12-22 07:29:12,20,22,2,老师很好，很温柔，像妈妈一样。圣诞节给发糖果，很好。下次还来。
12188,1204,寿似琛,2015-12-22 08:56:48,16,16,0,上课内容真的没得说，老师显然是阅读量炒鸡大的，不仅口语好，而且说得又丰富又有哲理。课上活动也很丰富。听说有些老师上课要听写，寿老师不听写
12210,1204,寿似琛,2015-12-22 10:38:40,7,8,1,极好！
12746,1204,寿似琛,2015-12-24 03:06:59,3,4,1,没有听写，没有听写
14190,1204,寿似琛,2016-01-05 08:11:37,7,8,1,老师口语很好！！没有口音！！上课内容很丰富会讲很多课本以外的东西 也不会拘泥于词汇语法这种 老师自身水平感觉也很高
14606,1204,寿似琛,2016-01-08 02:52:07,10,10,0,老师学识渊博，不拘泥于课本，没有听写，上课内容丰富形式多样，很有趣，能够激发学习的兴趣。老师人很好，很温柔，还发糖吃。绝对好老师！
15263,1204,寿似琛,2016-01-13 05:16:22,1,3,2,炒鸡好
15292,1204,寿似琛,2016-01-13 11:12:18,5,6,1,人超级好！上课形式很多！而且平时没有听写和movie review
15963,1204,寿似琛,2016-01-17 00:16:36,2,2,0,棒呆^v^
16699,1204,寿似琛,2016-01-18 23:25:25,2,3,1,上了她的大英三想选回她的大英四结果选不上TAT
16766,1204,寿似琛,2016-01-19 02:43:05,2,2,0,真心赞
16816,1204,寿似琛,2016-01-19 04:26:09,1,1,0,老师很温柔，讲课很棒，活动比较多。
17174,1204,寿似琛,2016-01-19 23:45:14,0,2,2,上课一点都不水，形式很多样，很丰富，除了助教很严，其它都很棒。还会发糖吃噢～
19475,1204,寿似琛,2016-01-24 10:11:41,13,13,0,热爱英语文学，心怀诗与远方，却又待人和善，给人值得信赖让人舒服的感觉。课程可水，又值得认真聆听，这是寿老师最神奇也是最棒的地方。
20292,1204,寿似琛,2016-01-27 03:06:13,1,2,1,老师超级好，上课超级有气氛，活动很丰富。\n\n
21304,1204,寿似琛,2016-02-28 03:26:59,5,5,0,她讲的英语很清晰，很容易被听懂。人很好，有事和她说，很好说话的。
21316,1204,寿似琛,2016-02-28 03:55:54,2,5,3,课水水的人很好 打分一般
21909,1204,寿似琛,2017-03-28 08:31:32,1,20,19,上课完全没气氛 一节课90％的时间都是她在独角戏 我不知道底下其他评论都是怎么写的
25450,1204,寿似琛,2016-05-19 16:05:20,1,1,0,对你爱爱爱不完
25586,1204,寿似琛,2016-05-26 15:04:34,1,1,0,用心调动大家的老师
25913,1204,寿似琛,2016-06-14 09:02:33,0,0,0,老师魅力太太太太太大 上的是老师的通识 会感觉不好意思水掉
27230,1204,寿似琛,2016-06-23 16:50:06,6,6,0,老师很好的 大英四是她的课 不听写 气氛很轻松  因为自己比较渣 所以能听懂的不多...但是老师真的好哦 还听闻了一点老师的爱情故事❤️
27940,1204,寿似琛,2016-06-28 06:44:02,1,2,1,老师人很温柔，nice。上课的时候总能听到一些对自己有启发的话，给分也很棒！
28110,1204,寿似琛,2016-06-28 08:07:10,3,3,0,很好很和蔼的老师
29605,1204,寿似琛,2016-06-30 04:43:19,1,1,0,听了老师的通识，讲得很好，给分和付出成正比
30207,1204,寿似琛,2016-07-01 05:32:19,0,0,0,老师特别好!
30213,1204,寿似琛,2016-07-01 05:41:19,1,3,2,人很好，讲课还可以，但是也很水，不擅长刷脸的同学慎选，我的绩点啊啊啊啊啊
30493,1204,寿似琛,2016-07-01 17:09:27,0,0,0,老师的课超级好，给分也很不错！强烈推荐！
30999,1204,寿似琛,2016-07-03 05:54:52,2,2,0,上的是短篇小说，给分和付出成正比，但是需要乐于交流表达。最重要的是口音好听，口音控的福利！
33588,1204,寿似琛,2016-09-20 08:12:42,0,1,1,h h h
33890,1204,寿似琛,2016-09-22 10:12:28,0,2,2,寿老师超级超级棒的！很幸运大英三的老师是她，也因为有了很棒的上课体验才决定选她的一门通识课！
39893,1204,寿似琛,2016-12-28 06:31:45,0,2,2,撬棒的！
41843,1204,寿似琛,2017-01-13 04:16:11,-1,2,3,老师的课真的非常有趣，知识点讲解清楚，负责任，会分享很多的好文章好演讲，每一组都要做有趣的presentation～到课是计分的！寿老师真的人超好啊！！有一次脚扭到，下课走好远了老师还来问我要紧不要TwT这学期收了老师笔记本便签纸各种小礼物哈哈哈，女神您的课我还想再上五百年！！
46655,1204,寿似琛,2017-01-22 05:33:27,4,11,7,上课没什么干货 不讲课文\n\n总觉得她好像很讨厌我 对我有意见似的\n\n给我的分低到爆炸
54411,1204,寿似琛,2017-06-29 09:38:49,3,3,0,散文评析这门课很好的，老师讲得很好，对每篇散文都可以发表自己的观点，最后给分也很好。每两周写一次对英语散文的观点，每两周有三个小组做一次展示，最后交一篇散文，其实任务真的不多，老师的要求也没有特别高，只要你表达自己的观点就好。
54448,1204,寿似琛,2017-06-29 10:20:22,15,15,0,我上的是老师的英语短篇小说欣赏，课程很好，学到了很多精彩的短篇小说。考核是一次或两次小组展示，一次quiz和一篇essay，任务量适中。老师的口语发音超级好听，点评讲解也很精彩！给分很公道，我这学期认认真真上，老师给了我4.5。有付出就有回报～
54461,1204,寿似琛,2017-06-29 10:44:29,3,5,2,可以水，也可以不水，随你吧，然后悲伤的是我被正态了，我做错了什么\n\n
54465,1204,寿似琛,2017-06-29 10:48:52,4,6,2,虽然只给了3.6，但还是给英语短篇小说一个赞，如果你能坚持每两周读一篇小说跟着来的话，这门课会很有意思的~ 大概最后论文写的不太好吧hhh
54579,1204,寿似琛,2017-06-29 17:10:15,2,2,0,老师讲的真的很好啊！！！ 虽然绩点不高，但是选到寿老师的课一定一定耗尽了我所有的欧气！真的超级超级好！
54613,1204,寿似琛,2017-06-30 02:24:56,1,2,1,可能是我自己英语差吧
55526,1204,寿似琛,2017-07-01 23:29:06,1,1,0,老师口语超棒！讲的也蛮好～而且不点名，人很nice，给分也好
56765,1204,寿似琛,2017-07-04 14:33:41,1,1,0,寿好好啊 好喜欢她的上课方式 上了三回她的课 盲目喜欢
58139,1204,寿似琛,2017-08-06 07:05:46,0,0,0,老师很好
59511,1204,寿似琛,2017-09-22 02:56:07,0,0,0,老师上课内容非常充实\n\n很会管理每个学生!\n\n没有一节课是无聊的了?????\n\n老师教的课就是我浙大里面听的最值得的一门课了
63695,1204,寿似琛,2017-12-13 02:43:51,-4,0,4,你好吗
63961,1204,寿似琛,2017-12-20 06:27:03,0,1,1,老师很有气质，很好\n\n
67594,1204,寿似琛,2018-01-21 15:26:09,0,0,0,散文评析超级棒，虽然一开始可能觉得事情小多，但是一学期下来，任务是真的少，而且很轻松，老师真的是个好老师，绩点也很好～
72258,1204,寿似琛,2018-01-29 16:03:16,-21,5,26,综英课这么水我一堂课没听也没发言绩点4.8 感谢老师
75656,1204,寿似琛,2018-03-15 01:17:26,4,16,12,这老师综合英语到底在上什么？
76497,1204,寿似琛,2018-04-11 11:45:35,0,1,1,老师口音真的很好听语速很适中不会跟不上非常吸引人 授课方式也真的很锻炼自己的英语
82064,1204,寿似琛,2018-07-07 04:15:38,2,3,1,老师英音口音特别好听！！英短很有趣，给分也好！
82075,1204,寿似琛,2018-07-07 04:33:11,4,5,1,老师人好，但是给分我不知道其他人怎么样，我是真的认真上课认真做笔记，认真写了两周的论文，只是没有第二次展示的加分，被正态了，可能还是我太菜了（哭泣）
82146,1204,寿似琛,2018-07-07 08:34:48,3,4,1,英语短篇小说欣赏，老师英语口语很好人也很好，但是就课堂而言挺无聊的（是我太菜），而且这种迷之加分制度可以说是很扯（还是我太菜）
82155,1204,寿似琛,2018-07-07 08:59:32,0,2,2,老师人超级好！！！对文学很有见解，每一篇小说都觉得受益匪浅。特别温柔，互动也很多，轻松的讨论氛围～就是我英语有点渣有些专有名词听不懂orz但还是被老师圈粉了！！希望下次还能选到老师的课！！！
82803,1204,寿似琛,2018-07-09 07:03:08,0,1,1,老师人超好的
83748,1204,寿似琛,2018-07-11 06:53:59,0,2,2,??????\n\n我爱老师\n\n超棒\n\n会补充很多材料。
83981,1204,寿似琛,2018-07-11 15:57:19,0,1,1,超负责的老师，课上的很精彩，拓展思维，扩展视野，一学期下来积累了很多东西，不仅仅是英语方面。只是早课会困，可水，但是你良心不会痛嘛？！绩点没有上学期高，但是也值了！
96160,1204,寿似琛,2019-01-20 13:43:20,1,4,3,给分莫名
96182,1204,寿似琛,2019-01-20 14:06:53,2,3,1,上老师的散文赏析，老师是个很温和也很负责的人！每次给一篇散文节选，一节课给大家做pre，下一节课老师带大家拓展延伸，感觉学到了很多（虽然有时候听不懂很多专业名词quq     总之认真上会有收获的！！！期末一篇赏析，老师收作业很负责der！给分也很好，在群里还会经常和大家互动开玩笑卖安利什么的！爱了呜呜呜呜，表白寿老师
96451,1204,寿似琛,2019-01-21 04:09:24,0,1,1,翻译翻译，什么是TM的人格魅力！！
97210,1204,寿似琛,2019-01-22 00:28:22,0,1,1,寿老师真的是一位好老师，英语名家散文赏析课适合各个专业各种水平的同学，上了一个学期的课后收获很大，有机会会再选寿老师的课！
99265,1204,寿似琛,2019-01-24 14:04:29,0,1,1,老师上课是真的有意思，可以我看过的书太少，只能默默地惊叹，绩点也还不错
102135,1204,寿似琛,2019-01-30 15:23:16,1,5,4,老师人很好，就是给分有一丢丢……不过也怪自己上课没有积极发言融入课堂
102402,1204,寿似琛,2019-02-01 12:51:49,2,3,1,只要你认真上课，你的用心，老师会知道的。寿老师真的很好，每节课都会获益良多，虽然我自己是很菜，但是每节课都会认真的去听课，不会的可以请教老师，老师都会乐意解答。请选上老师课的同学珍惜啊！！！
103080,1204,寿似琛,2019-02-26 02:16:19,-17,7,24,扎实一点上综英不好么，搞那么多事贼烦
111151,1204,寿似琛,2019-06-30 05:51:29,4,5,1,老师是好老师，但我学得不快乐
111344,1204,寿似琛,2019-07-01 03:53:10,7,7,0,老师很好，但是综英平均打分会比hz老师低，学弟学妹请注意；但是寿老师上课体验真的好！特别是想学文学的同学应该好好感受下！
111491,1204,寿似琛,2019-07-01 22:11:29,0,0,0,老师真的是好温柔好会讲课的一个好老师！虽然给我的分不是特别高但是以后还会再想选她的课
113934,1204,寿似琛,2019-07-08 01:26:16,7,10,3,“扎实上综英不好么搞那么多破事贼烦”的那位同学，无意冒犯，但大学生了很多基础的内容应该学会自己搞定了。综合英语这门课真的不应当是仅仅局限于课本的一门课，每一位教综英的老师都会就课本内容有所拓展而寿老师不过是拓展多了一些，认真跟一个学期下来我个人收获真的非常大。这才是英专的综英课，如果想死磕课本就为了期末拿高分的话您或许还是没有跳出高中的思维框架。
120779,1204,寿似琛,2020-01-17 00:07:53,1,1,0,英语短篇小说欣赏 老师很温柔负责 课也好！
128611,1204,寿似琛,2020-12-24 15:23:06,-1,0,1,。hhh
132152,1204,寿似琛,2021-01-30 15:39:04,-6,5,11,综合英语 本身比较内向上她的课体验不好.. 看到各位大佬踊跃发言我只能爬...但老师人还是挺好的...不怎么讲课本所以划水了一学期 期末背了一下题型 4.8了
136089,1204,寿似琛,2021-06-11 01:50:28,5,5,0,特别好的老师，能学到很多
137270,1204,寿似琛,2021-07-02 18:18:37,8,9,1,你见过考试结束后掌声雷鸣的考场吗？\n\n我是从来没见过。\n\n寿老师yyds！
137569,1204,寿似琛,2021-07-05 06:35:58,5,5,0,寿老师真的太棒啦！上课有激情还有深度，发音又超级好听~大概是这学期最爱的一门课了~还有，考试结束后全场的掌声！你见过嘛！
138239,1204,寿似琛,2021-07-08 06:15:23,2,2,0,哈哈！虽然这学期没有寿老师的课 但下学期就又有啦！！超级期待！耶！！！
139329,1204,寿似琛,2021-07-14 10:57:30,3,4,1,英语短篇小说欣赏内容非常好，不过对我这种英语不是很好又不太爱发言的人来说，体验就不太好。但还是给认真负责的寿老师10分
141393,1204,寿似琛,2021-10-05 19:09:34,3,5,2,打了十分，但是我做不完作业了，是我太菜（可能只是不太想在综英这门课上花太多的时间8）
144252,1204,寿似琛,2021-12-21 02:48:31,6,6,0,超好的老师！气质好+发音好+教学水平非常好+很温柔+上课言论氛围很自由、开放
147358,1204,寿似琛,2022-01-09 16:44:48,6,6,0,老师讲课选的篇目都很经典，鼓励大家发言，口音非常好听，整个人很温柔很耐心。因为最后一节课早退了没拿到礼物，老师后来联系了我好几次把礼物给到我，真的很感动！
147376,1204,寿似琛,2022-01-10 01:05:57,2,2,0,寿老师超级温柔，又认真负责，每周听老师上课口语都是磨耳朵的享受！上了英美散文真的觉得自己的文学素养有待提高哈哈哈，在这门课上学到很多！
148907,1204,寿似琛,2022-01-14 02:34:27,4,4,0,上的综英课，老师人超好，口音超好听，会鼓励并积极参与讨论。上课内容方面，可能词汇之类的确实没有其他老师讲的多，思维也比较跳跃，但看得出来老师在努力培养学生的综合学习能力，努力跟上会很有收获(⁎⁍̴̛ᴗ⁍̴̛⁎)会有很多拓展延伸，尤其是喜欢文学的朋友不要错过！
151894,1204,寿似琛,2022-03-19 15:08:56,-8,1,9,阿这……
165807,1204,寿似琛,2023-01-09 18:27:34,1,1,0,很喜欢寿老师，在她的课上有开口的机会，她也鼓励大家畅所欲言，结课之后有时候我读完书有些想法也会和她交流，老师为人真的特别好。综英3和4我觉得考试其实难度不小的，老师给分挺好的！
165902,1204,寿似琛,2023-01-10 09:35:20,2,2,0,老师又耐心又温柔又智慧，综英课都是从课文发散出去，读很多不同的文本，我还蛮喜欢的
166771,1204,寿似琛,2023-01-13 13:47:37,2,2,0,很温柔，也很有内涵的老师
176126,1204,寿似琛,2023-06-28 01:36:16,0,0,0,老师我爱你
177215,1204,寿似琛,2023-07-02 08:36:05,4,5,1,上课内容有深度，有收获
185059,1204,寿似琛,2023-12-26 04:44:16,1,1,0,上的综英课，好爱寿妈妈，巧克力和华夫饼好好吃，dictation有人迟到了也会尽可能等，期末考前详细跟你说怎么考，课外补充的材料也很多。寿妈妈yyds
186018,1204,寿似琛,2024-01-07 17:06:53,2,2,0,寿司，我的好妈妈（哭）
198942,1204,寿似琛,2024-09-13 08:27:50,2,2,0,上老师的课很舒适（虽然我很菜）\n\n很和蔼的老师，事也少\n\n喜欢
204715,1204,寿似琛,2024-11-27 13:04:55,0,0,0,寿司，我的好老师！
204718,1204,寿似琛,2024-11-27 13:19:05,0,0,0,好老师，良师益友，人特别好，满分无须多言。
207690,1204,寿似琛,2024-12-24 01:10:45,0,0,0,寿老师我爱你——（破音）！！！
212003,1204,寿似琛,2025-01-13 04:18:49,0,0,0,寿老师yyds！
212032,1204,寿似琛,2025-01-13 05:14:43,0,1,1,特别特别好的寿老师，超级认真的一个学期学到了很多，满绩
212422,1204,寿似琛,2025-01-14 03:36:29,0,0,0,超喜欢的老师～
215911,1204,寿似琛,2025-03-07 03:21:27,0,0,0,好老师！
217804,1204,寿似琛,2025-04-16 15:28:17,0,0,0,十分不必多说，这学期在上寿老师的课，老师讲课让人很舒服，娓娓道来，努力引导学生思考，是真正地培养综合英语能力，而且寿老师人很和蔼，虽然晚上上课会有点累，但是上寿老师的课会很舒适，不会有上课的压力感，老师和大家交流氛围很好（不过本i人真的不太愿意发言，唯一一次主动发言心理建设了很久，被Q的时候超级紧张，脑子跟宕机了一样呜呜呜）但是还是超级喜欢寿老师！
217842,1204,寿似琛,2025-04-17 06:25:27,0,0,0,上课真的很有思想讨论的氛围，真正关心学生，聆听学生。
220261,1204,寿似琛,2025-06-17 03:42:05,0,0,0,上了老师的英语名家散文评析。老师人很温柔，而且每次上课都想办法提高大家的积极性（虽然大家还是比较沉默，感觉老师有点可怜）。作业很少，但是是老师用心想过的，不会占用多少时间也很有趣。最终就一篇论文，给分也很不错。寿司老师是特别特别好的！
3480,1205,张建民,2015-06-16 11:52:26,5,6,1,要求严格，讲课不是很注重教材，但干货很多，对于文学和语言学皆有涉及
5624,1205,张建民,2015-07-08 17:00:26,0,0,0,就那样吧其实
6564,1205,张建民,2015-07-15 09:22:51,4,5,1,上他的课你别奢求绩点。在他那里起评分是90，按照你平时作业和期末成绩往下降。所以一般不会超过4.5。 来听他的课都是冲着碉堡的口语和大量的干货去的。
8998,1205,张建民,2015-10-08 10:53:40,1,2,1,老师挺凶的，没有商量余地。
20683,1205,张建民,2016-01-29 17:14:49,1,1,0,是个很好的老师～不过打分挺严的
22751,1205,张建民,2016-03-10 14:15:06,5,6,1,讲得真的太棒啦
23061,1205,张建民,2019-11-10 05:52:26,1,1,0,能学到很多
23652,1205,张建民,2016-04-11 23:23:19,1,1,0,迟到要登记的
24870,1205,张建民,2016-05-04 06:01:44,2,2,0,太严格 文学还行 但是大部分都是讲些课外的
25759,1205,张建民,2016-06-07 05:28:35,4,4,0,浙大遇到最莫名其妙的老师
26677,1205,张建民,2017-07-01 08:08:35,0,2,2,垃圾\n\n
29880,1205,张建民,2016-06-30 12:50:53,1,1,0,太严格了，讲得也就那样。平时作业要求分析文章，是专业水平的哦！重点是他完全没有给出方向性的指导，也不会有课后反馈，只有一个低分在等你。期末考试时简直要崩溃，听写这么快，根本不按正常的考试流程来，都不给检查时间。
32406,1205,张建民,2016-07-06 14:03:53,1,2,1,虽然考试听写根本听不清楚 老师也蛮喜欢生气的 但是最后给分还不错没有很绩杀 建明的发音很好听 应用语言学研究也很深入 退休愉快嘻嘻
55218,1205,张建民,2017-07-01 04:07:54,1,1,0,庆幸上了张老师退休之前最后一届综英
55285,1205,张建民,2017-07-01 08:08:25,1,1,0,作为英语专业课程的老师，张老师教学很好，会对学生做出点播，作业批改和备注也非常认真，总之，建民爷爷退休愉快，保重身体！
27623,1206,苏忱,2018-07-03 14:29:47,0,7,7,坑死人了
42961,1206,苏忱,2017-01-15 13:50:01,0,3,3,说不出话来，可以水，水完绩点难看
47244,1206,苏忱,2017-01-25 00:35:19,3,5,2,老师很萌，对文学很有研究，上课也会给很多干货，可是大概是因为PPT上都有吧让人以为是在念书的样子???考试前狂翻书的时候才幡然醒悟，悔不当初啊
48021,1206,苏忱,2017-02-28 05:25:26,1,2,1,知识渊博 认真负责的好老师
48026,1206,苏忱,2017-02-28 05:29:42,1,2,1,好老师，有内容，有收获
67799,1206,苏忱,2018-01-23 09:22:18,11,19,8,老师讲课很好是肯定的，对美国文学有自己的理解，给分见仁见智吧。
67836,1206,苏忱,2018-01-22 08:06:07,1,4,3,老师给分挺好的 好好准备考试就行
67971,1206,苏忱,2018-01-22 11:59:11,7,13,6,美国文学史很水，好好背就行了，都在老师的大纲里。老师人很可爱，给分很好。\n\n以为自己要挂科了，结果老师你给88诶！\n\n虽然卡绩了233333
68070,1206,苏忱,2018-01-22 14:37:38,8,13,5,苏老师超萌！讲课干货很多但不会让人感觉压力很大，而且最后给分也级善，虽然上了一学期周一的早八还是觉得非常开心！
71313,1206,苏忱,2018-01-28 09:26:11,1,6,5,给分比想象中好很多，还以为自己要挂了，结果居然还不错，以及，老师的微信票圈看的是真让人紧张?
72357,1206,苏忱,2018-01-30 03:05:15,1,2,1,美国文学史，老师懂很多，上课比较发散，期末有大纲！不过还是需要自己提前整理复习，不然背不完很难过的。
96575,1206,苏忱,2019-01-21 06:48:01,3,4,1,绩点有点伤…
96990,1206,苏忱,2019-01-21 13:59:18,0,2,2,大类课，给分也太不好了！和选别的老师的论文写差距也太明显了！作为我大学第一门刷出的成绩简直是巨大打击！我恨5555
105442,1206,苏忱,2019-04-13 10:37:31,1,7,6,老师上课东西很多，不过可能是因为看了太多文献，讲出来的观点好多都是自相矛盾的...要自己慢慢整理才行，课堂压力还挺大的，不过不是因为老师为难学生，而是确实内容多。
126332,1206,苏忱,2020-09-23 01:36:24,0,0,0,课结束再来评价。每人一个纸写自己名字放桌子上，下课时通过纸写的名字点名
139506,1206,苏忱,2021-07-16 15:58:40,3,5,2,付出和回报不成正比
147252,1206,苏忱,2022-01-09 09:32:56,5,7,2,老师挺好的，美国文学史一次pre和四次学在浙大上的quiz，期末主要是看你复习得怎么样吧，范围都给出来了，好好背就能拿不错的分数
151036,1206,苏忱,2022-02-22 06:18:53,7,7,0,老师很博学也很温柔，期末基本上把原题都给出来了，认真背拿了满绩
151311,1206,苏忱,2022-02-28 08:06:52,0,2,2,苏老师给分很不合理，严格虽然是好事，但和同级其他老师的给分就不在一个标准上，口语甚至都不通顺的同学在其他老师那里都拿到了80~90的分数，却只给了我70多，班上其他同学分数也普遍偏低，就很不明白为什么，也不公平，建议非全的同学不要选。
152581,1206,苏忱,2022-04-15 05:25:30,3,3,0,听完苏老师的最后一节名著精读课，莫名有点舍不得..很喜欢苏老师讲文学的感觉，条理清晰，深浅适度，能学到很多，也会有所思考。
179283,1206,苏忱,2023-09-07 08:57:58,1,1,0,上的研究生英语，老师很认真，和善，鼓励型。 我不太看重分数，也比较摆。单就上课体验来说很好。
188624,1206,苏忱,2024-01-19 12:23:29,3,3,0,打分一点也不好
188626,1206,苏忱,2024-01-19 12:25:28,1,4,3,给分很差，完全不捞，慎选
192596,1206,苏忱,2024-05-24 10:51:33,1,2,1,不多说了，多说无益，不解风情。
193392,1206,苏忱,2024-06-08 16:53:55,2,2,0,查nmai呢
195382,1206,苏忱,2024-06-28 02:19:16,1,1,0,口语不好的同学慎选
199145,1206,苏忱,2024-09-18 07:03:43,2,2,0,苏老师人很好\n\n我不知道评论下面的同学都是在扯什么。上课不发言和水论文，然后怪老师绩点给的低吗？这样会不会有点太过分了？？？\n\n有人说老师上课的论点是自相矛盾的，希望你可以举出具体的证据，别搁着搞空穴来风，嘴巴一张一合就说了？\n\n\n\n我不知道在下面写评论的大部分是本专业还是外专业\n\n如果是本专业的同学，美国文学史的课我也上过，苏老师上的是很好的，期末也会捞，也不会push和布置很多作业\n\n如果是外专业的同学，我想说的是，你如果抱着水的态度上文学史课，任何一个文学史你拿到的绩点都不会高。\n\n关于研究生英语课，在有打分压力的情况下，口语好的同学比口语差的同学分高不是很正常吗？如果只是为了绩点，而且又这么在乎这个绩点，是不是可以提前做出准备，跟老师交流，或者自己在别的地方努力一些呢？如果只是 因为别的老师给口语差的同学给分高这点，来给苏老师打低分，我认为是不合理的。
199419,1206,苏忱,2024-09-23 08:23:18,1,1,0,Right? Right?? Right???
200532,1206,苏忱,2024-10-18 09:33:11,1,1,0,论文查ai率，超过20%判零分，同时自己又说可以用ai润色。上学期期末论文完全自己写的，ai率23.7%，改了好多天才改好，一润色直飙78%，只好不润色了
211179,1206,苏忱,2025-01-11 03:23:35,1,1,0,老师讲得超有意思啊!并不是照本宣科，而是会结合历史背景和文本细读。
213914,1206,苏忱,2025-01-21 08:40:23,1,1,0,上了老师的美国文学史，老师讲得挺好的，很清晰，认真听还是挺有趣的，但是由于内容原因可以理解很多人觉得无聊，我也经常开小差不听课…（滑跪）上课偶尔会提问，但是只要听了一点就肯定可以回答出来，而且我觉得文本分析就像中文阅读理解，还蛮有趣的！期末考得不太难，我上课很多没听但是期末认真复习，基本上都可以写出来，老师应该还捞了。写这么多是因为觉得老师不应该只有6分！
221557,1206,苏忱,2025-06-24 12:21:08,0,0,0,蛮喜欢苏老师的，讲课有内容，印象比较深刻是名著精读第一节课分享了好几个ai论文工具，很实用。期末论文也给了一些很好的意见，人特别nice
147,1220,焦华红,2016-12-29 11:21:24,15,42,27,学不到东西的体验，对于一个想学英语的人来说是个噩梦。因此，我大英4还以考代修了。当然，对于想水的人来说肯定是很好的选择。
2399,1220,焦华红,2015-04-29 00:39:12,2,12,10,就是正常的大英老师\n\n口语很溜
3644,1220,焦华红,2015-06-17 01:59:04,5,15,10,老师有什么事情都是最后才通知。讲课的话就是正常的讲，口语不错，不是可以和同学打成一片的类型
4005,1220,焦华红,2015-06-17 13:14:13,5,12,7,一个学期下来也不知道学了什么
4213,1220,焦华红,2015-06-18 06:30:25,-5,5,10,口语好  真的态度高冷   不喜欢
7670,1220,焦华红,2015-09-15 08:18:24,23,43,20,动不动就点人回答问题，整节课提心吊胆，而且听不懂，不知道学了什么。。。
13578,1220,焦华红,2015-12-29 11:55:35,58,89,31,个人感觉老师口语很好，也经常插入一些额外内容帮助我们认识到自己英语上的各种不足。说学不到东西的人大概是你自己上课不认真，再好的老师给你也是白搭\n\n
15767,1220,焦华红,2016-01-16 08:44:47,4,13,9,老师很好啊，很温柔，很亲切
15942,1220,焦华红,2016-01-20 17:08:07,12,23,11,老师很亲切很棒，是我很喜欢的那种～
16053,1220,焦华红,2016-01-17 05:30:34,4,8,4,老师不错，不过真没学到什么东西
16058,1220,焦华红,2016-01-17 05:49:09,0,6,6,认真听总是有收获的
16061,1220,焦华红,2016-01-17 06:07:36,0,9,9,绩点出来真感动！跟老师一学期没白费！
16064,1220,焦华红,2016-01-17 06:22:13,3,11,8,口语很6.感觉上课其实准备了很好的交流内容，然后大家不怎么爱说所以才会点名叫人回答…但感觉还是有不少积极同学举手发言啊…我觉得老师不论是人还是课都挺好的…
16130,1220,焦华红,2016-01-17 09:09:25,-5,1,6,比较传统的老师，比较干练，所以给分。。。
17563,1220,焦华红,2016-01-20 12:02:50,0,6,6,老师口语真的很棒给分也很好，其实老师很萌有时候笑点很低
20098,1220,焦华红,2016-01-26 05:31:02,0,7,7,认真学给分不错的
21594,1220,焦华红,2016-02-29 09:56:24,-2,4,6,老师的口语真的很好 词汇方面的知识很丰富 人也不错 你上课认真的话老师都看在眼里的 我觉得给分还可以啊 大英成绩基本由考试决定所以绩点不理想怪不了别人
21810,1220,焦华红,2016-03-01 07:04:17,-3,5,8,不会带动课堂气氛，感觉很沉闷。。。
21854,1220,焦华红,2016-03-01 09:40:51,-3,3,6,简直可怕的尴尬 老师一个人自嗨 全场冷寂 做听力的时候都不给时间看题 直接点名回答 简直
22092,1220,焦华红,2016-03-02 10:16:13,1,8,7,没有评论写的那样 虽然听力的确点人了 但是感觉因为这样态度也不那么散漫了
23141,1220,焦华红,2016-04-23 16:10:27,0,7,7,非常棒的老师\n\n
26631,1220,焦华红,2016-06-20 12:04:54,-1,3,4,听好的老师，大英三四都是她
26816,1220,焦华红,2016-06-21 07:23:05,0,11,11,港真 大英成绩都有计算公式的quiz 作文 背诵 口试 期末考  老师也没有对你的分数有很大影响 上课水不水都看自己 老师都是有意识地给难一点的知识 所以能不能接收到看自己啦 大英四感觉大家都不喜欢发言了吧 只要发言了老师都是很鼓励的
26851,1220,焦华红,2016-06-21 10:00:44,-3,2,5,老师真的很负责，还会补充很多课外内容，但不是属于很和蔼的老师类型
27254,1220,焦华红,2016-06-24 05:13:11,-4,2,6,老师人真的很好，很不错的老师
27859,1220,焦华红,2016-06-28 00:26:52,-3,3,6,老师讲的很好 英音肥肠好听 上课补充内容很棒不会觉得枯燥 认真对待吧 就算口语表达不行但是态度认真老师还是会鼓励你 总之给分也不错 是好老师！
27871,1220,焦华红,2016-06-28 02:01:00,-1,4,5,还行吧，给分有师生情，口语不错，作业不多，另外还负责跟丹麦学生的交流项目会给自己班名额
27941,1220,焦华红,2016-06-29 03:23:24,19,24,5,绩杀呵呵
28068,1220,焦华红,2016-06-28 08:03:51,-3,2,5,其它都不错，就是上课会随机点人回答问题...外向的同学选应该挺适合的
28872,1220,焦华红,2016-06-29 01:59:41,14,22,8,无聊的上课 自制力差的别选她的课 会死的很惨
29552,1220,焦华红,2016-06-30 03:15:08,-1,3,4,老师口语好～挺细心的吧
29864,1220,焦华红,2016-06-30 12:14:49,-1,4,5,讲真，感觉老师很好，你可以感觉到她的用心负责还有亲切，很棒，虽然自己绩点低了点，但我知道是自己的原因，大英的成绩主要还是靠自己
30190,1220,焦华红,2016-07-01 04:56:21,0,14,14,讲真，说老师口语很溜的人我也是不懂了，上大英三的时候全堂课其他老师不会说中文的，而这个老师上大英四的时候还会时不时切换到中文。写作文叫写冰果，改的分也超低。因为老师提的问题不好，没人主动回答问题，经常点名叫人回答问题，课堂氛围超级不好，每两次课会有一次听写。讲真，老师没有做充足的准备或者水平本身不太高，有的听写材料直接从维基百科里复制过来的，认真学也学不到什么，内容很少，上课节奏很慢，根本没有什么补充的东西，有一次竟然没有什么可以讲的了，竟然听了一节课的听力，我也是醉了。因为点名，想睡觉也睡不好。很没意思，感觉浪费时间。
30218,1220,焦华红,2016-07-01 05:42:49,1,1,0,呵呵哒
35946,1220,焦华红,2016-11-10 09:02:14,-5,1,6,很轻松
37364,1220,焦华红,2016-11-18 13:26:59,-4,1,5,老师认真负责
39613,1220,焦华红,2016-12-26 05:58:53,-4,1,5,很好的
42723,1220,焦华红,2017-01-15 03:49:55,-3,8,11,均分8.68我不服，必须满分啊，人美，又温柔，上课循序渐进，最后给分还好，这种老师上哪找去
42724,1220,焦华红,2017-01-15 03:54:51,-2,3,5,很有趣
42727,1220,焦华红,2017-01-15 03:55:39,-4,2,6,挺好的呀
42799,1220,焦华红,2017-01-15 09:28:48,-1,1,2,感觉老师口语很好，人也很好，但是上课确实感觉学不到什么东西……可能大英课都比较水吧……
42868,1220,焦华红,2017-01-15 10:11:44,-4,1,5,10分必须的
43172,1220,焦华红,2017-01-16 02:27:18,-1,3,4,母鸡大英什么样的成绩算好的，但是明明过程分有三十五六，期末考的也还好啊，绩点让我哭泣?不过不过，老师真的是超级超级温柔，笑点很低哒，也没有凶过人！
43499,1220,焦华红,2017-01-16 11:15:49,46,57,11,绩点好低。。。。好低。。。好低。。。
45449,1220,焦华红,2017-01-19 14:39:04,-3,3,6,老师讲课很亲切，给分不错
45516,1220,焦华红,2017-03-10 03:08:11,-2,3,5,后悔大英四没选QAQ
45881,1220,焦华红,2017-01-20 08:16:51,-3,2,5,还行吧
46916,1220,焦华红,2017-01-23 02:09:17,32,37,5,绩点太低。感谢助教，让我不能过个好年。
47088,1220,焦华红,2017-06-23 15:26:21,0,6,6,垃圾老师
47203,1220,焦华红,2017-01-24 12:09:09,-3,3,6,很好的老师，认真负责。
50320,1220,焦华红,2017-05-02 10:29:31,-2,5,7,垃圾老师
51904,1220,焦华红,2017-06-13 10:19:41,-3,1,4,非常好的老师
52777,1220,焦华红,2017-06-22 23:56:50,-4,1,5,自己英语差，老师特别好，真的特别好！
53408,1220,焦华红,2017-06-26 14:07:12,0,4,4,直接给挂了，一时不知道说什么好。本来要大二了课很多，重新大英我真的不知道该怎么办……
53444,1220,焦华红,2017-06-26 15:15:36,-3,3,6,大英四的老师好了太多....上课IR讲的很细，仔细听下来课文基本就能记住了，quiz前也不需要太多准备；不仅局限于课本的内容，会拓展到一些很有趣的话题，一个学期下来一次犯困都没有；AR只讲了几篇，平时一定要自己看掉，堆到期末看不完的(听力放的正好是我留下没看的那篇)小组活动只有一次展示，老师的点评也很有鼓励性。但是建议老师换个助教，给分是真的迷....
53451,1220,焦华红,2017-06-26 15:39:34,3,6,3,上课还可以吧...就是绩点，低的吓了一跳。大英的均绩，这么低的吗？
53455,1220,焦华红,2017-06-26 15:48:08,3,6,3,大英本来就挺水也不奢求老师上课有啥新意，平时分给的比较严，作文按冰果网站分，最后应该也没有调分，唉比大英三退步不少。如果上天再给我一次选英语课的机会，我选择自学。
53493,1220,焦华红,2017-06-27 00:52:31,-2,2,4,正常给分。上课喜欢叫人回答问题，还有检查作业什么的，选的话，还是要认真对待
53537,1220,焦华红,2017-06-27 02:13:21,2,7,5,其实老师人真的很好。大英三四都是她，就是因为她的个人魅力。老师记得我们谁上学期也在她的班里。和蔼亲切。最终得分仿佛只由自己的成绩决定。我两次一样的超低绩点，怪我自己没有好好背单词没有好好听听力。助教真的太严格了！quiz批的很严很严，期末监考的时候也是一直盯着我们。总之，老师人很好，绩点低就怪自己吧。
54942,1220,焦华红,2017-06-30 13:07:11,-2,2,4,老师口语非常棒，课堂内容也很丰富
55973,1220,焦华红,2017-07-03 00:47:16,-1,2,3,很温柔的老师
59059,1220,焦华红,2017-09-19 09:03:37,1,5,4,口语很好
59349,1220,焦华红,2017-09-21 03:16:43,0,6,6,垃圾老师
59681,1220,焦华红,2017-09-26 01:24:19,0,3,3,挺正常的老师
60296,1220,焦华红,2017-10-17 00:53:00,-2,6,8,垃圾老师
62036,1220,焦华红,2018-01-11 10:28:47,-3,5,8,垃圾垃圾垃圾
66112,1220,焦华红,2018-01-20 16:24:23,6,9,3,绩点。  。。
66118,1220,焦华红,2018-01-12 02:44:00,5,7,2,老师真的很可爱非常好的一个老师，笑起来很魔性，口语真的很好。
67143,1220,焦华红,2018-01-20 10:19:51,-2,0,2,超棒的老师！\n\n
67284,1220,焦华红,2018-01-20 14:59:24,0,1,1,老师人还好，但是绩点，也许是我太差了
67289,1220,焦华红,2018-01-20 15:09:53,-2,1,3,很好的老师 不知道为什么评分不高 只要平时认真学 肯定不会拉绩点啊 很喜欢的老师  笔芯
67294,1220,焦华红,2018-01-20 15:20:04,2,3,1,老师很好，口语超棒。但是我太差了，绩点很低，上课被叫起来回答问题也很尴尬，不知道怎么回答。还是很喜欢这个老师的
67295,1220,焦华红,2018-01-20 15:23:45,-2,1,3,推荐选。老师非常好非常好，很关心我们，英语水平很好交的也很有水平，平时任务比其他班都要少，唯一一点不太好的就是没有监督到我这个做最后一排的，最后我绩点2.7咎由自取也是忙着专业的事放纵自己。
67328,1220,焦华红,2018-01-20 23:49:09,-2,1,3,emmm老师很会体谅英语不好的人\n\n最后绩点2.1是我自己英语学习没有动力的缘由。
67341,1220,焦华红,2018-01-22 16:48:05,6,6,0,就那样吧
67367,1220,焦华红,2018-01-21 03:09:17,-4,1,5,感谢老师不挂之恩
67526,1220,焦华红,2018-01-21 12:20:36,-3,1,4,中规中矩的老师吧 一共只有一次小组展示 作业非常少 除了必须的作文就几乎没有其他作业了 大英绩点还是看自己的吧
67642,1220,焦华红,2018-01-22 03:28:46,2,3,1,emmm讲道理老师事很少 基本不点名 中规中矩没什么出彩也没什么惹人烦的地方 不过老师真的只记得几个人的名字上课也只会喊特定的几个人 感觉我都快记下他们的名字了……(不是我阴暗 但没混脸熟绩点确实比预期低了……)
69389,1220,焦华红,2018-01-24 14:56:17,-4,3,7,声音好听 事少 打分很公平 都告诉你按什么算的 \n\n对英语比较认真 考试考的比较好吧最后4.8我觉得挺好的
70031,1220,焦华红,2018-01-26 04:29:07,6,11,5,绩点不好，课一般
74383,1220,焦华红,2018-02-16 06:42:45,6,16,10,垃圾老师 大英三3.3 大英四换了一个5.0
75841,1220,焦华红,2018-03-19 23:08:12,-3,2,5,上课很活泼，师生关系挺好，老师人也挺不错的！
78945,1220,焦华红,2018-05-17 08:10:50,2,3,1,作文分为毛这么低
80885,1220,焦华红,2018-07-02 09:52:17,0,5,5,很敬业的老师，支气管炎还坚持上课。大英课里算不水的了，能让每位同学都有发言机会。
81436,1220,焦华红,2018-07-05 05:39:44,5,9,4,反正同样的分数 你在其他老师那肯定比在这个老师这强
81439,1220,焦华红,2018-07-05 05:46:56,1,5,4,老师讲的是不错的，上课喜欢跟我们一起交流，给每个同学发言的机会。。。emm就是绩点，真心不算高，过程还不错。
81440,1220,焦华红,2018-07-05 05:50:06,-1,3,4,老师是我的天使
85307,1220,焦华红,2018-07-17 01:48:05,0,5,5,老师总体来说其实是十分温柔和宽容的，下课都可以和她进行英语的交流，并且学习上有困难都可以找她寻求帮助在群里说话也挺贴合学生的氛围的。总之很庆幸自己两个大英课都能选到焦老师的班。
85785,1220,焦华红,2018-08-10 01:25:27,5,11,6,什么乱七八糟的
85811,1220,焦华红,2018-08-15 05:23:12,1,6,5,什么垃圾
86066,1220,焦华红,2018-09-03 11:51:17,3,5,2,学不到东西u
87089,1220,焦华红,2018-09-20 08:03:09,3,4,1,不怎么样
87104,1220,焦华红,2018-09-20 09:55:24,0,2,2,不错，英式英语很纯正
87782,1220,焦华红,2018-10-13 05:09:04,5,7,2,这位同学上课记得带元神，不要只带个仙体
91558,1220,焦华红,2018-12-13 07:59:26,0,3,3,我觉得老师很好很温柔，上课也很认真，都是我太内向，不好意思主动交流，好想主动和老师说再见啊!!每次我都低头或者绕道过去了o(╥﹏╥)o
94117,1220,焦华红,2019-01-15 08:12:49,0,2,2,怎么说呢。前面有学长（姐）说的很对，焦老师的课，你自制力差最好还是换了吧。（我最后几周补英语已经要疯了）但是老师的口语真的好，你英语能力强一点的话，课上的锻炼应该对你自己的提升还是有的吧。我英语水平本来就不好，所以，对老师也就不过多评价了。但愿期末能过。
94169,1220,焦华红,2019-01-15 12:07:03,2,4,2,明天考试，内心慌的一匹。但老师人不错的，事少。给分看自己吧。
95194,1220,焦华红,2019-01-19 04:33:37,1,3,2,老师一口流利的英音，也很关心我们，上课会找一些有趣的材料给我们分享学习，口语老师给分也超级好，希望以后还有机会上老师的课
95208,1220,焦华红,2019-01-19 05:00:41,0,2,2,老师口语很好，上课内容相当充实，千万不要水，珍惜机会
95318,1220,焦华红,2019-01-19 08:03:58,3,4,1,没挂科太感激了
95322,1220,焦华红,2019-01-19 08:10:03,9,13,4,口语很好，课下要自己多学。然后就是绩点好低。。好低。。。好低。。。。
95340,1220,焦华红,2019-01-19 08:44:03,10,12,2,老师人好 上课事少 不过从功利的角度看上课讲的东西跟考试没什么大关系emmm……给分我觉得主要不是老师的问题吧，就像老师说的她能决定的分数真的很少。给将来选焦老师课的朋友一个建议，大英三的话平时小测多刷模板卷成绩都会不错，然后期末考一定要用心对待，单词必须全部背熟，考前多听几次课文录音，虽然我很菜但我临时突击也能狗到对我而言很不错的成绩，大家加油
95393,1220,焦华红,2019-01-19 10:11:03,0,3,3,挺和蔼的，上课比较水
95423,1220,焦华红,2019-01-19 11:09:10,-16,7,23,4.5！！！老师我爱您！
96514,1220,焦华红,2019-01-21 05:25:08,2,5,3,老师人超极好，特别亲民，偶尔阴险一下下，也会吐槽。至于考试，不要问我这个渣渣，但是老师nice啦啦啦。
96895,1220,焦华红,2019-01-21 12:01:25,2,3,1,真心差
97339,1220,焦华红,2019-01-22 08:17:14,0,3,3,老师很负责任，讲课也很实在，大英主要自己要多努力吧
97702,1220,焦华红,2019-01-22 13:51:25,0,2,2,绩点低是我自己垃圾…老师能掌控的平时成绩只有五分，没有缺勤之类的四分保底。温柔亲切的老师，群里也会开玩笑，大英四没法选她的课有点遗憾。
97729,1220,焦华红,2019-01-22 14:19:57,3,5,2,焦老师人很好，上了几次课基本大部分人的名字都记得了。大英课的内容哪个老师都差不多的。最后，绩点偏低真的不怪老师，都是我自己平时给大英的时间太少了。
100107,1220,焦华红,2019-01-25 15:09:12,1,3,2,老师很和善，课堂上也经常开一些玩笑，感觉很懂我们的心理。虽然有时课上的讨论的确有点尴尬，但总体上还是对自己有提高的。给分确实是靠自己，老师能决定的太少了。总之，很好的老师，很满意。
102029,1220,焦华红,2019-01-30 05:37:13,5,10,5,诸君若是自制力欠乏，私以为不选她为好
103557,1220,焦华红,2019-03-01 04:18:28,2,4,2,不太好
104988,1220,焦华红,2019-04-02 00:28:12,4,8,4,…能不能提点有水平的问题，多一点英语方面的讲解…我反正差点讨厌英语了…dbq但是她真的很烂
108136,1220,焦华红,2019-05-15 13:51:12,1,3,2,别选它
112943,1220,焦华红,2019-10-22 09:35:43,-65,4,69,装丑卖笑，作妖作怪，不务正业，不干正事，游手好闲，好吃懒做，无所事事，哗众取宠，装疯卖傻，装批炫富，虚伪正能量，极度做作，虚假浮夸，脱离现实，三观不正，能量为负，价值低俗，专秀下限，无知无畏，不顾伦理道德的英语老师焦华红极其可恶
117538,1220,焦华红,2019-09-25 15:18:18,0,2,2,我觉得老师气质很好，人很温柔也很喜欢开玩笑，重点是口语很好听！！能在课上学到很多高级的单词和方法，喜欢老师！提前许愿自己最后绩点会高吖！
118110,1220,焦华红,2019-10-21 03:55:05,-7,3,10,垃圾老师
120636,1220,焦华红,2020-01-14 05:25:28,0,0,0,老师事情算少，人特别好特别温柔。最后跪谢老师不挂之恩，跪谢。
121037,1220,焦华红,2020-01-19 09:51:55,0,0,0,大英的话重点是期末考吧 不过平时分确实给的不高
122324,1220,焦华红,2020-02-24 06:39:58,1,1,0,我觉得挺好的呀 然后老师也挺好的，上课也挺好的，如果想放松的话也可以，主要得自己好好学啊
125189,1220,焦华红,2020-09-03 08:33:23,4,4,0,老师是个口语方面的专家，但不是英语教学方面的专家，授课技巧和方式上和其它高分老师存在一定差距，给分不好评价，这次给分完全不公开，只有最后一个总分是告诉我了的，其它什么分项都不知道。打个9分
130854,1220,焦华红,2021-01-25 03:47:27,9,10,1,（考大英三的时候走错教室了，给老师带来不少麻烦emm期末考试感觉做得很差，居然总评还有87hhh\n\n焦老师真的特别好，上课认真。她对口语很看重，平时同学发言时还会纠正读音。\n\n老师平时还是很随和的，群里经常和同学开玩笑\n\n这次期末我们班出分特别慢，因为老师发现有人成绩有异常，可能是答题卡填涂问题。她等周一的时候去拿材料，帮同学看看是不是填涂问题\n\n（其实这是同学自己的问题，她完全不用负责的
130873,1220,焦华红,2021-01-25 05:21:02,4,13,9,首先，反驳一下说绩杀的各位，老师只是公平公正而已，付出多就绩点高，我们这次班里有挺多88+的。其次，老师水平很好，口语超棒。觉得学不到东西的应该是上课没好好听吧。再者，老师对学生很用心，英语不好的同学发言也会给予平等对待，平时有问题私戳就好了，会很耐心回答的，同学名字都记得住。\n\n最后感谢焦老师一学期的教学啦。\n\n嗯？问我绩点多少？我4.8
130878,1220,焦华红,2021-01-25 05:30:21,4,4,0,虽然我的绩点很低，但是我觉得是我自己不太背单词的原因，感谢老师不挂之恩。上课收获不多，还是要靠自己
131615,1220,焦华红,2021-01-28 07:19:01,1,1,0,还行吧
131717,1220,焦华红,2021-01-28 14:04:22,7,7,0,焦老师的英音我真的太爱啦！而且我也很惊喜老师能够记得我的名字 小组展示做得好的时候也会鼓励表扬 回答问题也很详细！
135383,1220,焦华红,2021-05-09 04:07:36,1,1,0,老师英语发音超级棒的，语法讲得也很多很细，是很有收获的课
137348,1220,焦华红,2021-07-03 11:07:27,10,10,0,老师是我目前见过口语最好的老师，一口纯正的英腔，对提高口语和英语兴趣都有很大的帮助。老师人也很和蔼可亲，很负责，很关心同学，也很懂同学们的梗，之前看到评论区有被劝退，但一学期上下来就发现老师人是真的很好，跟评论不太一样，其实如果自己课外稍微上点心绩点不会低的
137380,1220,焦华红,2021-07-03 15:06:23,2,3,1,超好的老师
137519,1220,焦华红,2021-07-05 02:10:13,3,3,0,老师很强，绝对值得十分。绩点低是我太菜了呜呜
137710,1220,焦华红,2021-07-05 17:03:46,3,4,1,老师超好，三四都4.8。助教也很温柔
144201,1220,焦华红,2021-12-20 09:03:46,4,5,1,老师挺好，口语超强，作业比其他老师少很多事情比较少。偶尔突击搞一下听写但大多数时候会提前告诉你。上课的话认真学可以学到东西不认真也可以坦然然划水，座位固定不太好翘课。
145245,1220,焦华红,2021-12-28 11:46:31,13,13,0,老师其实挺好的，事情少并且很关心学生。助教也很好，quiz的分普遍比自己预估的要高。不知道评分咋没上9
146247,1220,焦华红,2022-01-06 04:13:22,2,2,0,老师很细心很温柔，会尽量照顾到每个同学，上课的话大英应该内容都比较杂乱，自己要注意预习和整理。之前也有担心绩点会过低，平时就正常上课做作业，平时事也蛮少的，绩点很不错。能不能学到东西主要看自己有没有去整理，绩点的话考试比较重要。
146264,1220,焦华红,2022-01-06 05:26:40,1,1,0,老师真的很好，基本会记住每个学生的名字，考完试后甚至还会帮你分析。平时事情也不多，口语水平很高，人也很温柔，在群里也会和我们开玩笑。至于绩点主要还是看自己，老师决定不了多少分。
146606,1220,焦华红,2022-01-07 05:01:01,8,8,0,jhh老师很好啊\n\n上课亲切 知道我们不会预习就讲得很慢hh\n\n有课间休息 事少 作业少\n\n疫情期间把展示听写都免了\n\n爱！\n\n最后，大英绩点主要靠自己嗯嗯 \n\n不要按绩点评价老师
146625,1220,焦华红,2022-01-07 05:46:15,2,2,0,贼好!强推!
147139,1220,焦华红,2022-01-09 00:58:48,0,0,0,人挺亲切的，成绩靠自己，哪个老师都一样
148225,1220,焦华红,2022-01-12 02:02:38,1,1,0,老师非常认真负责，会对每一个同学的情况掌握，对同学的提问也会非常细心耐心地回答，一点都不会敷衍。上课内容一看就是精心准备的，也很丰富，好好学一定收获良多
149096,1220,焦华红,2022-01-14 11:23:11,11,14,3,大英评分规则统一以后，老师给分都影响很小了。焦老师虽然这里评分不高，但上课质量很不错，也注重口语等多方面内容，人也很和蔼可亲，事情很少。查老师这个分数配不上她
149423,1220,焦华红,2022-01-15 09:27:37,0,1,1,老师人很好，很爱笑，很有魅力，作业也少，绩点太差是我自己的问题，与老师无关，老师人超好的，大英四还选她，一定会努力的！
149430,1220,焦华红,2022-01-15 10:02:19,1,2,1,好老师
150789,1220,焦华红,2022-02-18 14:58:01,3,3,0,老师真的非常非常好，英式口音非常地道！！会用心准备拓展内容，有BBC、电影等等！可惜大英四时间冲突没办法选她的课了o(╥﹏╥)o是个很不错的老师！
155746,1220,焦华红,2022-06-15 13:17:51,2,5,3,老师非常幽默，对待学生也很好，而且授课很认真，不会上水课。\n\n我上的是焦老师的大英四，感觉焦老师上课会放好多听力材料（比起我大英三的老师来说），虽然大部分情况下不怎么能听懂，但是认真听下来自我感觉对耳朵听英语那种感觉还是有点帮助的（不过这个可能因人而异，但多听总是没有什么坏处的）。老师上课也会点名提问，还会不定时检查课文预习和课后作业（不过到后期就没查过了）。如果有与课上内容有关的资料，老师也会共享到钉钉群里，虽然我从来没看过。可能就是事情确实有点多，但是老师说话很风趣，而且得益于认真完成老师的任务，我大英四的绩点比大英三高了好多。至于给分，大英的分几乎全得靠自己，老师掌控不了多少。总体来讲，我还是很推荐焦老师的。
155750,1220,焦华红,2022-06-15 13:36:26,3,3,0,老师对学生也太负责了叭～每次备课都超用心 上课内容也很丰富 收获很大 期末考还不忘再三叮嘱同学 有同学客观题答题卡异常还专门找出来检查 最最关键的是 老师居然记得我下课送给她枇杷！！
156633,1220,焦华红,2022-06-20 12:42:48,2,2,0,老师好好，会记得你的很多小点，发言的语法错误也会在下课和你说，发言的时候你不会的词也会在下课告诉你，真的很棒！大英四比三绩点还高了，谢谢老师！
163787,1220,焦华红,2022-12-16 06:02:58,1,2,1,上课总是叫人回答问题，水课的就会一直提心吊胆。但是说实话答不上来也问题不大，人还是很温柔的。但是上课还是有点点无聊。
164335,1220,焦华红,2022-12-20 09:58:08,-1,1,2,人感觉挺温柔的，发音也好听，作业也不是特别多
168724,1220,焦华红,2023-02-21 12:14:37,1,1,0,老师挺好，但给的分真的是不怎么样
168725,1220,焦华红,2023-02-21 12:18:21,4,5,1,上课有种谜之睡感，最后评分奇低无比，勇气选课
168733,1220,焦华红,2023-02-21 13:15:35,3,3,0,被卡绩！！怒\n\n事情是真的不多，作业不多，但是会随机点人问问题，但是给分是真的，反正我很低
168899,1220,焦华红,2023-02-23 10:06:03,7,7,0,给分确实不好，不捞人，虽然看起来很仁慈
169403,1220,焦华红,2023-02-26 03:20:36,-4,3,7,按照这位神仙老师的说法，考差了就是自己的问题，想必是平常都没人认真听她的课罢，那么富有责任心的老师，真是让人惋惜，几乎每节课都拖课，还摆出一副不急不慢的姿态。绩点给的低，卡绩也不捞，快去选她吧。
170169,1220,焦华红,2023-03-02 00:05:20,3,3,0,口语无敌
175108,1220,焦华红,2023-06-21 13:53:36,1,1,0,老师不捞人\n\n但上课很认真，工作态度很好
175153,1220,焦华红,2023-06-22 03:06:12,1,1,0,个人觉得给分挺好的
175559,1220,焦华红,2023-06-25 13:15:37,5,5,0,焦老师简直就是我心中英语老师天花板漂亮温柔又有气质对学生特别好能记住每个宝宝的名字这学期很认真但因为小测的一些事故有些焦虑老师还安慰我 总评86 4.2谢谢老师谢谢努力的自己 选焦老师没错相信我，查老师上的评价并不完全属实
175814,1220,焦华红,2023-06-26 23:43:52,4,4,0,备课很认真，各种英文素材也很丰富，会很耐心地回答学生的问题，有些小组的小组pre遇到困难了也会帮助找资源提建议，还有就是老师人美心善
181067,1220,焦华红,2023-10-07 07:09:09,3,3,0,一直提问
181071,1220,焦华红,2023-10-07 08:07:55,2,2,0,有电影
184227,1220,焦华红,2023-12-13 11:24:51,1,1,0,补充的知识很多，还会给下课，不过一直提问
184583,1220,焦华红,2023-12-22 01:49:23,4,4,0,一次小组展示，事情不多。每一单元课文学完会小小测翻译课文原文，和quiz的翻译重合度很高。\n\n老师人很好很温柔，读音很标准，课堂内容很丰富，拓展非常多所以有时候课文只是一带而过记背还得靠自己。\n\n上课互动和提问很多。除了抽人回答之外，想水也不是不行。\n\n个人觉得算是事情很少又能学到知识的老师。
186424,1220,焦华红,2024-01-11 04:33:36,0,0,0,绩杀啊啊啊啊
186428,1220,焦华红,2024-01-11 04:55:26,2,2,0,刚才出了分，3.6的绩点，我心满意足了，因为知道自己什么水平，老师真的很好，口语好，上课态度认真，平易近人，偶尔点名，其实次数极少，但是，基本没人会翘大英吧[笑哭]，有小组展示和讨论，给分也还可以，会提问，但是其实不会很难的问题而且答不上来或者答到一半老师会帮你补充给台阶，反正我下学期的大英四还是焦老师，我个人感觉还是一位很好的英语老师
186447,1220,焦华红,2024-01-11 06:32:53,0,0,0,yyds，老师人很温柔，口音很标准，是好听的英音，事情少，一次pre，作业不多，听写和小测相似，上课会提问按名单点名，其他时候水水，问题不大。\n\n给分其实老师真的没什么操作空间，靠自己背单词吧，我觉得单词是最重要的。最后喜提4.5
186496,1220,焦华红,2024-01-11 10:41:04,-2,1,3,差一分就4.8了，心情有些复杂，看来老师是不捞人的
186533,1220,焦华红,2024-01-11 13:59:03,0,0,0,老师还是不错的
186951,1220,焦华红,2024-01-14 01:24:38,0,0,0,老师是真不捞啊，差一分3.0。。。人还是很好的，课前有电影
187474,1220,焦华红,2024-01-16 10:00:43,1,1,0,上课补充内容很多 课文重难点基本都能覆盖到  只有一次小组展示 平时听课摸鱼皆可
189136,1220,焦华红,2024-01-22 05:45:01,1,1,0,大英III，多快好省的办法就是背单词，读课文不如背单词
190249,1220,焦华红,2024-02-26 12:23:18,0,0,0,感觉老师上课挺好的不算很水感觉有用心准备，经常准备有意思的小视频，每单元结束会有句子翻译抽人上交，某种意义上也算是督促自己背单词了不至于期末太痛苦，至于绩点给我的也正常没有绩杀学谢谢老师
194919,1220,焦华红,2024-06-26 02:33:49,1,1,0,老师上课很用心，对同学也挺和善的。平时布置的任务不多，上课认真听能学到东西，但摸鱼也不太会被管。另外大英平时分占比比较少，所以绩点主要还是得看自己，老师不太捞得上来。
203073,1220,焦华红,2024-11-16 08:45:29,3,3,0,永远喜欢焦老师嘿嘿
206765,1220,焦华红,2024-12-17 12:02:32,8,8,0,10分。可水可听。上课不时抽人回答问题会让人提心吊胆，但答不出也不会为难人而是自己替你回答；经常有小组讨论环节，老师会走下来倾听同学们的想法，很有耐心，会提点。老师口语很好，很温柔，也很关心同学，课后会在钉钉里at同学回复上课遗留问题。挺时髦的，能欣赏我搞的抽象（）课外有有趣的补充资料。我长期坐最后玩手机，感觉对不起老师，只能说自己太不自律了，老师真的很好。
207212,1220,焦华红,2024-12-20 00:55:15,0,0,0,大英老师其实在分数上能做的事情有限，焦老师很有责任心，很好的老师
208386,1220,焦华红,2024-12-27 09:57:31,1,1,0,我觉得老师人蛮好的啊，而且大英这个东西分数都是定的让老师怎么捞嘛，老师对口语稍微有点严格，但是都是笑嘻嘻的很和蔼
209186,1220,焦华红,2025-01-05 03:06:19,0,0,0,老师人很好，是个超级负责任的老师，也很温柔有耐心，课前会给我们放电影，课程事情也不多。至于绩点么，感觉还是主要靠自己，期末考试占比太大了😭不多说了给老师10分。
209188,1220,焦华红,2025-01-05 03:15:20,0,0,0,像妈咪一样亲切的老师～
209209,1220,焦华红,2025-01-05 04:49:18,3,3,0,焦老师你是我妈是我爹是我奶是我女神😘😘😘被捞到90分了，人超级随和好说话。我有次睡过头了缺了半节课，焦妈下课贴心告诉了我所有事项啊啊啊。\n\n群里经常和同学有互动。平常听写听的是句子翻译（虽然背的时候很痛苦），但对quiz有帮助！！\n\n哦悄咪咪告诉你，上课不听没关系，焦妈不push\n\n体验感极佳，大英四焦妈我来了嘿嘿😍😍😍
209215,1220,焦华红,2025-01-05 05:08:05,0,0,0,感觉我们班quiz分给的比较低，但是大英成绩主要还是看个人能力，但是老师人还是很好的，口语非常好
209220,1220,焦华红,2025-01-05 05:27:59,-1,1,2,绩点太低
209319,1220,焦华红,2025-01-05 11:57:15,0,0,0,真的就是很温暖的老师，不知道怎么确切的形容但就是能给学生很多关心的老师，上课会点同学回答问题，但是答不上来也没关系，也可以主动回答，感觉和加分关系不大就是练练口语和胆量，上课也很棒。最后拿到的分数比预期差甚至放在整个班来看都是很普通的分数，但大英这种东西老师能操作的比较少，要不是下学期不想学大英了我就还会再选焦老师的课！
209323,1220,焦华红,2025-01-05 12:09:22,0,0,0,老师是很好的，虽然刚开始全英课堂不适应，但老师很有耐心的，考前也会针对性的复习
209340,1220,焦华红,2025-01-05 12:50:46,2,2,0,别的不说，就冲焦妈考完以后会亲切的问你satisfied with the grades? not bad， but more improvements to be made 会给你分析自己的不足，指出改进的方向，怎么能不给10分？！焦妈，我爱你！
209341,1220,焦华红,2025-01-05 12:52:30,0,0,0,像妈咪一样亲切的老师～
209360,1220,焦华红,2025-01-05 15:07:24,0,0,0,很温柔亲切的老师，口语发音很好，听着很舒服。\n\n最后绩点是3.6，有点小失望，原本以为能有3.9，但大英III主要还是看期末，老师也帮不了，背单词吧。
209368,1220,焦华红,2025-01-05 15:50:17,0,0,0,老师很好，大英主要看自己吧，老师也没办法，因为要先提交平时分，所以老师也捞不了
210584,1220,焦华红,2025-01-09 11:41:10,0,0,0,事情比较多，比较严格，但老师口语很棒
211363,1220,焦华红,2025-01-11 08:48:18,0,0,0,老师很宽容，口语很好，上课内容也比较丰富，课前还有电影看，当然大英成绩都没法捞的，自己还是要好好学
211373,1220,焦华红,2025-01-11 09:03:16,0,0,0,很温柔的老师，也很有耐心，虽然最后卡绩了，但大英也基本没得捞，总之就是给10分
211854,1220,焦华红,2025-01-12 17:15:42,2,2,0,英语课很宽松，内容也不拘泥于课本，给分比较求是，但大学生活本就不应该只有绩点，满分
214605,1220,焦华红,2025-02-14 11:21:10,0,0,0,大英三总共一次小组展示，平时会要求预习和完成课本上的作业，总的来说事情应该算少。老师英语口语挺好，也会纠正同学的发音，上课中规中矩。老师人很亲切，问什么问题都会耐心回答，有事请假迟到之类的也会理解。至于绩点，大英这门课老师能决定的不多，还是要靠自己学。
214845,1220,焦华红,2025-02-18 08:08:14,0,0,0,好好好
6151,1238,何辉斌,2015-07-11 10:11:31,6,11,5,科研大牛，但上课有点无聊，绩点直接被拖下0.1
7169,1238,何辉斌,2015-09-09 13:49:30,33,45,12,真心大牛。有才。人不可貌相。给分公道。
7214,1238,何辉斌,2015-09-11 02:43:06,-10,4,14,点名都到就高分了。。
8015,1238,何辉斌,2015-09-16 13:05:07,12,17,5,会点名 有水准 不喜欢哲学会觉得无聊 喜欢就挺好的
24668,1238,何辉斌,2018-09-21 05:42:31,-144,14,158,这老师口语也太烂了，真是奇葩，这种水平怎么能在浙大。还是教授，真的没有肮脏的py交易？为外院的同学点蜡烛\n\n
27428,1238,何辉斌,2016-06-26 07:05:19,-13,2,15,虽然上课很无聊 分还是很高的
28145,1238,何辉斌,2016-06-28 08:09:50,12,18,6,每节课都点名。感觉材料讲得有点快，导致感觉一学期学得课文太多有点掌握不了。。老师人挺好的，平时都没作业，很随和。口语确实难听，但感觉是方言口音的缘故，本身水平还是很高的
28631,1238,何辉斌,2016-06-28 11:17:24,0,5,5,给分还不错，就是上课速度有些快，内容上有兴额同学估摸会很感兴趣，不感兴趣的同学估摸会觉得味同嚼蜡。但哲学课还是很值得一听的。
41986,1238,何辉斌,2017-01-13 11:13:05,2,6,4,老师是真大牛，莎翁最后一节课变成了古文课 ，繁体字看晕乎了 。好好做PPT，好好写论文，每节课都到（时不时点个名），认真背诵的话，给分还是不错的～
42815,1238,何辉斌,2017-01-15 08:24:49,2,4,2,讲得很仔细 功底深厚 蛮喜欢他的看法 但上课会让学生做pre这时候就很无聊了 给分还可以
47162,1238,何辉斌,2017-01-24 06:59:16,11,15,4,篮球打得好，防守小王子\n\n
48981,1238,何辉斌,2017-03-20 08:38:28,0,2,2,外语真的……哎
49519,1238,何辉斌,2017-04-17 13:13:04,46,52,6,西方思想经典解读就是翻译课？
57773,1238,何辉斌,2017-07-15 01:59:55,-1,0,1,。。。
66398,1238,何辉斌,2018-01-16 04:06:28,3,4,1,老师上课可能有点无聊，就是翻译解读莎士比亚经典，但是也没有那么枯燥，偶尔会点名，展示稍微准备一下背诵认真背，给分还是很公道的。
66402,1238,何辉斌,2018-01-16 04:46:11,2,4,2,口語有些不懂 但是學得到東西
66433,1238,何辉斌,2018-01-16 10:12:48,1,2,1,莎士比亚这个课稍微有点水……最后论文好好写绩点还是可以的。。
66686,1238,何辉斌,2018-01-18 08:33:31,6,7,1,有水准，认真准备pre和背诵、论文就有不错的分
67037,1238,何辉斌,2018-01-20 06:22:57,6,8,2,原先是喜欢才选的课，课上可以很水，但是论文什么都很认真的准备了给分也不错，虽然课上总是自己干自己的qwq但是仍然会听老师讲的，很有深度，老师一些小问题真的能让我思考好久
81813,1238,何辉斌,2018-07-06 10:26:51,-21,14,35,西方思想经典是一门很能学到知识的大类课，希望学习学妹们不要敬而远之。上课认真跟着老师的进度翻译（录音用来期末复习也行，或者找这些名著的中文译本），考试前多背导读，基本上就能拿高分啦～老师真的特别可爱，能把许多深刻的哲学讲得深入浅出。（94分被挂挡真的很心痛啊啊啊qwq
81823,1238,何辉斌,2018-07-06 09:07:10,-1,4,5,讲得好，给分差
81861,1238,何辉斌,2018-07-06 10:25:27,0,4,4,老师人很好，上课很有水平，课程内容也有趣，可以学到很多东西，给分比起我的预期略微差些。总体而言还是很不错的。
81865,1238,何辉斌,2018-07-06 10:28:10,0,5,5,出分了，卡?了。均?下0.3，排名下30。☺☺☺
81885,1238,何辉斌,2018-07-06 11:34:45,0,1,1,卡绩了。。。真的无语
81904,1238,何辉斌,2018-07-06 12:55:42,0,6,6,认真复习的话给分还挺好的
82225,1238,何辉斌,2018-07-07 13:35:25,6,8,2,老师讲的真的好啊，看得出来是很有水平的，也很幽默，能学到不少，口音什么的真的无所谓啊，讲解都是中文的，整天纠着口音的人真的无聊，重要的是有真本事吧。另外点名确实经常
85587,1238,何辉斌,2018-07-20 02:32:40,1,1,0,非常非常博学的教授，上课形式有点单一罢了
95131,1238,何辉斌,2019-01-19 01:04:32,9,10,1,老师讲得其实挺好的，然而绩点一出均绩立马下降0.2
113547,1238,何辉斌,2019-07-06 23:42:01,0,3,3,上课水平高，口音有点迷
120567,1238,何辉斌,2020-01-13 01:30:23,3,3,0,给分迷惑 好好背了还是这样 有点无语
131315,1238,何辉斌,2021-01-27 05:13:31,8,10,2,哭了！西方思想经典真的有好好复习！就是上课没有卷而已，但是每堂课都到了啊！真的绩杀绩杀我太难过了！
131442,1238,何辉斌,2021-01-27 13:43:16,7,7,0,西方思想经典：无语
140678,1238,何辉斌,2021-09-15 05:14:09,0,1,1,真的好老师
141082,1238,何辉斌,2021-09-23 03:13:32,5,8,3,老师的口语让我觉得他是在印度取得的学位。
149587,1238,何辉斌,2022-01-16 05:06:30,3,4,1,首先要感谢和我一起组队复习的姐妹。刚开始没退课我还挺后悔，后来突然有个姐妹邀请我加入整理复习资料的小队伍。整理出来的资料真的对我有很大帮助呜呜。感觉老师应该是有水平的，有同学和他互动会很高兴，。不过课程雀食比较枯燥。总的来说就是，英语水平不错而且对哲学比较感兴趣的同学可以考虑一下这门课。
152166,1238,何辉斌,2022-03-29 07:18:01,5,5,0,每节课都点名，你爱了吗？
154804,1238,何辉斌,2022-06-05 14:08:54,4,4,0,这个分
155959,1238,何辉斌,2022-06-16 22:12:43,8,12,4,通识课绩点2.4怎么说\n\n签到每次都去，期中期末两篇论文都自己完成，按时上交。\n\n我寻思着光基础分都不止70了吧。
155964,1238,何辉斌,2022-06-17 06:37:06,3,4,1,。。。
157639,1238,何辉斌,2022-06-24 07:25:03,8,8,0,老师还是很有知识和水平的\n\n就是在课程的趣味性上可能还要再打磨一番\n\n选修的《文学经典和科学导读》中的一些列课题让我感兴趣的和觉得枯燥无味的两极分化严重\n\n但两篇论文的选题和完成要是能够好好领悟老师所教、联系起自己课外所学的知识，将其好好融合，会有一个让人满意的结果哒
163126,1238,何辉斌,2022-12-07 14:20:45,4,4,0,授课方式有点枯燥，但是老师人真的挺好的，也很博学。
190917,1238,何辉斌,2024-03-24 08:11:50,-5,2,7,马上毕业了，来评论一下。《西方思想经典》，外院为数不多能学到东西的课，如果你对哲学感兴趣，如果你对生活有充分的思考，那这门课能教会你很多。但是大部分同学并没有太多的思考。老师水平很高，发音我发现和联合国秘书长antonio guterres很像，低智同学请勿喷…
194242,1238,何辉斌,2024-06-23 01:12:45,0,1,1,水课还绩杀
194253,1238,何辉斌,2024-06-23 02:02:28,0,2,2,还可以，虽然上课不怎么听，但偶尔听几次感觉老师还是有自己思考的，讲的内容很多也挺新，文科导读就三篇论文，主要看写文章的水平，还不错的美育
194314,1238,何辉斌,2024-06-23 08:14:12,0,2,2,好老师，注意论文写作
194479,1238,何辉斌,2024-06-24 05:45:47,0,1,1,文科导一些内容其实还蛮有趣的，就是大段的PPT文字有时候显得单调了，感觉老师可以多把“峰终定律”应用在课程内容上。\n\n这个学期的三篇论文加起来也不到一万字，我每次就是刚好超过一点。前两个小论文看到一些人写了一堆，但老师可能还是更看重与课程的联系和自己的想法。\n\n后半个学期点到比较多，估计也挺影响成绩的。
197072,1238,何辉斌,2024-07-07 06:55:51,1,3,2,tmd，就算已经过了一年了我还是要来骂一句\n\n文学经典与科学导读，避大雷，你留着大四爆破艺术之门不好吗？非得上这玩意折磨自己的身心健康和绩点安全？\n\n最后3.0，我另外一个平时也挺认真的朋友最后2.7\n\n为这b课折磨自己是吧？当时都想和这个老师一换一了，草
199984,1238,何辉斌,2024-10-10 06:30:47,1,1,0,幽默老师。
203071,1238,何辉斌,2024-11-16 08:36:35,6,6,0,上课真的太水了……西方思想经典第一节课还觉得很不错，后面完全就是喊同学翻译然后照念ppt和课本，感觉没有达到我心目中哲学课应有的水准（因为上过外院另一个非常好的老师的课）莎士比亚鉴赏课也是纯翻译，那我为什么不去自己看书呢，来上这个课不就是看完书之后听深层次解读的吗，反正就是非常失望
213332,1238,何辉斌,2025-01-17 03:48:32,2,2,0,水课还绩杀
213354,1238,何辉斌,2025-01-17 04:42:51,2,2,0,快跑！
213360,1238,何辉斌,2025-01-17 04:54:57,2,2,0,刚出分，求你们了，快跑行吗？
214728,1238,何辉斌,2025-02-17 06:10:08,0,0,0,快跑！
220601,1238,何辉斌,2025-06-19 01:11:38,1,1,0,上的文学经典，老师很和蔼，平时上课非常水，我是一点没有听过，几乎每节课都点名，一共三篇论文，我ai水的文章，点名都到给分就很不错了
58796,1242,陈新宇,2017-09-18 01:20:29,1,3,2,。。。
61651,1242,陈新宇,2017-11-19 15:44:31,1,1,0,。。。。。\n\n
79309,1242,陈新宇,2018-05-30 16:09:16,-1,2,3,棒棒棒
80159,1242,陈新宇,2018-06-21 00:56:58,0,1,1,
82073,1242,陈新宇,2018-07-07 04:32:07,-3,0,3,
94514,1242,陈新宇,2019-01-25 14:41:25,12,22,10,怎么说呢？对学生印象很主观，如果你不够优秀，那么请你远离她
95966,1242,陈新宇,2019-01-20 09:40:10,2,6,4,老师是个好人，但是老师也是个狼人。。。上到后面感觉上课有一、、生命危险。。。特别是问老师问题的时候。。。有同学在前一个同学拿星期三没有造出句子的情况下问还是用星期三造句吗。。。老师说还厌烦了是吧。。。那用星期六造句吧。。。（不过老师真的是个很认真的人。。。但是我就是不敢问她问题。。。很害怕。。。明天就要考试了。。。希望俄语不要杀我！！！球球了！
96450,1242,陈新宇,2019-01-21 04:09:22,2,3,1,很开心，很放松。
100043,1242,陈新宇,2019-01-25 13:12:14,2,3,1,我觉得很哦开! 上课不能分心
104579,1242,陈新宇,2019-03-24 05:59:48,-1,1,2,.......
110788,1242,陈新宇,2019-06-28 08:25:35,8,9,1,深入浅出，化繁为简
110966,1242,陈新宇,2019-07-06 15:37:33,1,2,1,老师人很好 希望俄语II不正态吧
115696,1242,陈新宇,2019-08-19 09:46:19,3,4,1,棒!!!
137213,1242,陈新宇,2021-07-02 10:05:03,-14,3,17,这分怎么刷上来的我的天
174579,1242,陈新宇,2023-06-14 08:50:09,2,5,3,陈姐 俄语所大善人
178983,1242,陈新宇,2023-08-12 03:21:18,0,2,2,陈老师满分
179477,1242,陈新宇,2023-09-17 02:07:13,0,2,2,尤利娅走后俄语所最后的好人
194874,1242,陈新宇,2024-06-25 19:39:18,1,2,1,老师人很好，但是感觉课比较难，给分比较求是，如果只是想选一门小语种的话还是建议慎重考虑俄语；对俄语感兴趣的话还是很推荐陈老师的课的
194992,1242,陈新宇,2024-06-26 07:41:14,0,2,2,你不许说她，她是我叠
196598,1242,陈新宇,2024-07-04 07:54:40,1,2,1,陈老师应该是第二次开设俄语1课程，老师的教学水平很高，但是俄语确实是小语种里比较难学的语种，个人感觉前半个学期学起来很吃力，因为俄语要区分书写体和印刷体，并且语法和变格比较复杂。最后期末考试难度适中，老师给分应该也捞过了。如果选这门课平时一定要认真听课、跟好进度，入门之后感受就会变好一些，前面不认真学的话很大概率要弃修了qaq。
200330,1242,陈新宇,2024-10-16 04:28:59,-3,0,3,给分可以但是其他的很难平。。。。
217277,1242,陈新宇,2025-04-07 11:05:37,0,0,0,最喜欢我的和我最喜欢的老师😍😍😍😍😍
149,1246,王倩,2015-03-14 16:11:22,25,29,4,老师讲课很照顾每个 同学，发音很棒
2047,1246,王倩,2015-03-30 09:32:58,13,13,0,老师非常负责，当然给分不好不坏，实事求是
3072,1246,王倩,2015-05-13 11:37:19,7,7,0,老师上课有自己的方法，也会讲课文，挺好的
6702,1246,王倩,2015-07-19 08:56:55,4,5,1,老师很负责任
7372,1246,王倩,2015-09-14 04:21:38,10,10,0,口语很棒啊，总是面带微笑，超棒的
7950,1246,王倩,2015-09-16 07:44:12,3,3,0,很用心
8191,1246,王倩,2015-09-17 10:56:54,4,4,0,英文好听
11004,1246,王倩,2015-11-23 23:39:28,4,4,0,很好啊
11948,1246,王倩,2015-12-28 11:57:17,2,3,1,老师人好
12024,1246,王倩,2015-12-21 14:03:42,9,9,0,很温柔，很有趣。注重语言的应用，虽然不一定会真的帮助你提升，但给了你努力的方向，剩下的还要自己走。
12053,1246,王倩,2015-12-21 15:08:00,3,3,0,老师很棒 照顾每个学生
12324,1246,王倩,2015-12-23 03:20:26,3,3,0,老师很认真负责，上课不枯燥，真的超级和蔼
12444,1246,王倩,2015-12-23 09:40:37,2,2,0,好nice
13451,1246,王倩,2015-12-28 06:07:48,5,5,0,老师上课超认真的，作业也不多，给分暂时还不知道，
13688,1246,王倩,2015-12-30 10:46:14,4,4,0,人超nice，很照顾每一个学生，感觉她很有智慧
13874,1246,王倩,2016-01-01 11:35:27,7,7,0,很松，放养式教学，自觉性好的同学可能会非常适合，老师人也很好哦！！！！
14472,1246,王倩,2016-01-07 08:13:39,6,6,0,声音很好听，注重引导，上课放很多bbc的纪录片，喜欢！
14542,1246,王倩,2016-01-07 13:46:03,6,6,0,只能说不能更好了，过年时还给我们发新年好，分已经算是大英里面给的最高的没有之一
15860,1246,王倩,2016-01-16 12:35:37,5,5,0,谁上谁知道，我遇到过的最好的英语老师
15864,1246,王倩,2016-01-16 12:45:39,3,3,0,老师脾气超好，很温柔，上课不局限于书本，赞！
15867,1246,王倩,2016-01-16 12:50:22,1,1,0,课不错，给分。
15924,1246,王倩,2016-01-16 15:34:27,1,1,0,讲得好给分好
15975,1246,王倩,2016-01-17 01:13:10,2,2,0,老师很亲切啊。没有听写那种措施逼着你学，所以自觉性很重要
16023,1246,王倩,2016-01-17 04:48:02,1,1,0,挺好的答错没事。
16149,1246,王倩,2016-01-17 10:29:39,1,1,0,英语会强行正态，每个班平均分都相近，所以给分就不说了……作业要求很宽松，厉害的人不写也没有太大关系（记平时分的话还是要写的），发音很棒，口语上给了我很大帮助。
16259,1246,王倩,2016-01-17 15:03:47,1,1,0,超级棒，而且会认识每个人，所以，你不去，虽然不点名，也知道谁没来
17244,1246,王倩,2016-01-20 02:29:55,4,4,0,老师口语很棒，会关心认识每一个同学。平时作业少事情少，属于放羊型的。自觉的话会从推荐的比如bbc纪录片等材料里学到很多。虽然最后给分比较低，但我还是给她打十分
17768,1246,王倩,2016-01-21 00:43:35,1,1,0,很喜欢老师！英语发音超棒的，人也好，特别喜欢看她放的BBC
17954,1246,王倩,2016-01-21 04:45:00,1,1,0,老师人真的超棒！事情不多，发音棒也会讲解课文～上老师的课心情都会变好w
20422,1246,王倩,2016-01-27 14:07:39,2,2,0,我估计要不是她我是不会喜欢大英的！最好的英语老师！没有之一！
21192,1246,王倩,2016-02-26 03:48:49,3,3,0,老师人很好啊！作业也不多 平时课堂内容也比较丰富。口语听的很舒服
22316,1246,王倩,2016-03-03 12:38:16,0,0,0,很注重应用和英语的全面发展！好
27124,1246,王倩,2016-06-23 05:33:19,0,0,0,挺不错的
27334,1246,王倩,2016-06-25 02:48:45,1,1,0,老师人还不错吧。挺认真的。说实话但是我就想水水不喜欢太认真的老师。会点名回答问题。老师真的记住了每个人的名字。
27443,1246,王倩,2016-06-26 09:21:42,0,0,0,老师非常棒 我觉得自己平时表现超级差考试也超级差最后分还是不错
27446,1246,王倩,2016-06-26 09:29:52,3,3,0,老师很好～超级好～虽然我期末跪了，但是还是要说老师很好～
27677,1246,王倩,2016-06-27 08:04:51,0,0,0,
27745,1246,王倩,2016-06-27 10:40:34,1,1,0,老师真的超级好！经常会放纪录片，会让我们演讲，强调听力口语写作，而且很注重能力的培养。说起来因为这个老师我大英四比大英三认真多了。讲课很棒。虽然最后成绩很低啊呜呜(甚至比均绩还低)，但还是感谢能遇到这个老师，收获了很多。
27869,1246,王倩,2016-06-28 01:49:18,0,0,0,上课真的能讲很多实用的东西，当然要求也挺严格的
28076,1246,王倩,2016-06-28 08:04:29,0,0,0,很好的老师，为人亲切，老师发音超棒，照顾每一位同学，注重口语，经常给我们看一些BBC纪录片以及其他原汁原味的英语视频，最后给分还可以～
28325,1246,王倩,2016-06-28 08:33:33,0,0,0,老师上课很认真，负责，作业少，给分好，就是平时主要是提升英语素养，不怎么讲课文或者默写，所以期末前就都要从头复习一遍
622,1259,徐知媛,2015-03-15 08:06:06,25,31,6,重视听力
4882,1259,徐知媛,2015-06-30 06:42:36,-12,4,16,老师常常自顾自讲课，然后不能调动同学积极性，讲英语也不流畅
4967,1259,徐知媛,2015-07-01 16:01:06,18,23,5,老师超温柔，还会扯别的，恋爱什么的，我觉得很亲切
4974,1259,徐知媛,2015-07-01 16:46:24,60,71,11,老师很温柔啊也很负责任，可以学到东西，棒棒哒
5053,1259,徐知媛,2015-07-02 15:53:52,7,13,6,上课比较无聊，人很好。
5260,1259,徐知媛,2015-07-06 06:31:35,1,9,8,给分低
5274,1259,徐知媛,2015-07-06 08:39:43,1,4,3,很认真的老师，会准备一些课外的东西，挺好的。
5313,1259,徐知媛,2015-07-06 13:58:06,7,10,3,很知性，会讲很多有意思的事
8492,1259,徐知媛,2015-09-22 00:57:27,-4,5,9,声音太轻，课很无聊。
10796,1259,徐知媛,2015-11-23 05:31:12,0,3,3,挺好的，回复邮件很及时
13626,1259,徐知媛,2015-12-30 06:37:17,1,4,3,老师人很好，作业少
13740,1259,徐知媛,2015-12-30 13:26:40,-6,4,10,温柔的老师，但上课略无聊。。。
14074,1259,徐知媛,2016-01-04 06:02:52,1,5,4,老师态度很好，给分也很客观，很照顾英语基础薄弱的学生，赞
14372,1259,徐知媛,2016-01-06 14:19:54,2,4,2,老师很耐心
14569,1259,徐知媛,2016-01-17 10:50:05,1,11,10,给分不好
16169,1259,徐知媛,2016-01-17 11:24:35,-4,3,7,给分还不错
16171,1259,徐知媛,2016-01-17 11:33:17,0,4,4,真心好老师！
16198,1259,徐知媛,2016-01-17 13:17:02,5,11,6,老师挺温柔的，平时作业不交不会凶。最后一节课让玩游戏输的组entertain全班，挺欢乐的。最重要的给分好啊啊啊啊啊
16287,1259,徐知媛,2016-01-17 16:40:20,5,7,2,很亲切的老师，对学生有耐心
16412,1259,徐知媛,2016-01-18 05:07:11,2,4,2,温柔的老师
18134,1259,徐知媛,2016-01-21 08:04:30,2,5,3,负责\n\n
18231,1259,徐知媛,2016-01-21 10:10:05,1,3,2,上课还好
21025,1259,徐知媛,2016-02-10 23:30:23,1,3,2,人挺好
25698,1259,徐知媛,2016-06-03 10:01:55,1,2,1,好老师，挺喜欢的\n\n
26376,1259,徐知媛,2016-06-17 08:34:36,15,17,2,还给我写了转竹园的推荐信23333很温柔的老师，知性美。
26553,1259,徐知媛,2016-06-20 05:42:13,6,8,2,老师很负责呀，会有课堂展示，自愿的，老师会记得每一个人的名字，会带她女儿的国外学校通知书给我们看
27147,1259,徐知媛,2016-06-23 07:53:08,43,49,6,老师确实很负责，上课也在尽力带动同学们一起参与课堂讨论，只是讨论的题目偶尔有些无聊，能记住每个同学的名字这点我很惊讶也很赞叹老师的负责，大英还是靠自己吧
27575,1259,徐知媛,2016-06-27 04:16:37,0,3,3,哦，再见......
27650,1259,徐知媛,2016-06-27 06:51:22,11,15,4,口音不太标准，但是很认真很负责，经常穿插美国地道文化，重视课外听力训练～很幽默，反应快！
27703,1259,徐知媛,2016-12-22 08:19:56,-18,3,21,垃圾老师
27955,1259,徐知媛,2016-06-28 07:19:49,1,4,3,老师超棒的啊 我大英四那么水还能上四
28657,1259,徐知媛,2016-06-28 11:43:40,2,2,0,老师人挺好的
28742,1259,徐知媛,2016-06-28 13:43:45,3,5,2,人很温柔很好，请假什么的都很容易，最后会给你看平时分怎样出来的，最后给我的绩点很棒~
29312,1259,徐知媛,2016-06-29 14:54:20,5,6,1,耐心的老师。不错的
32834,1259,徐知媛,2016-07-17 05:54:28,0,1,1,还行吧
33726,1259,徐知媛,2017-01-20 15:37:55,-3,6,9,徐老师很温柔很亲切，能记住班上每个同学的名字，而且平时的作业量也很合理，负担真的很轻。感谢老师平时对我的赏识，最后顺利地满啦！真心谢谢老师！下学期没办法选上老师的课很遗憾呢！
39514,1259,徐知媛,2017-01-17 08:50:38,5,8,3,大英分数基本老师决定不了多少。。可以说一定程度取决于高中基础，不得不说确实存在认真学一学期的人成绩不如不听课不去背诵课文的人。。
39587,1259,徐知媛,2016-12-26 01:28:37,1,2,1,好老师。负责加人生哲理。
39799,1259,徐知媛,2016-12-27 15:28:46,3,3,0,老师人超好啊从来不为难人的！很温柔很有耐心，有问题找她也会尽力帮你解决！
39801,1259,徐知媛,2017-04-09 16:26:53,1,2,1,好。\n\n
40474,1259,徐知媛,2017-01-03 14:15:17,1,1,0,超棒的老师
41265,1259,徐知媛,2017-01-10 10:06:24,2,2,0,很好的老师，温柔亲切，上课态度认真就行，而且她要求真的好低，都不听写单词，presentation也是自由的，还是严点好。。。。
42362,1259,徐知媛,2017-01-14 05:24:14,15,15,0,很温柔，上课有小组互动游戏，还会掏腰包给学生买东西www记得住大家的名字，对生活很热情
42384,1259,徐知媛,2017-01-14 05:58:45,2,2,0,超级温柔 对学生超级好 很喜欢
42603,1259,徐知媛,2017-01-14 14:14:36,1,1,0,老师人真的很好很温柔，上课很丰富，大英三没认真学是我自己的问题，我还怕不能及格，结果还给了我3.3，谢老师
42605,1259,徐知媛,2017-01-14 14:19:16,1,1,0,很照顾基础的学生 很棒的老师
43044,1259,徐知媛,2017-01-15 15:20:50,1,1,0,人挺不错。。。就是给分。。。我均绩因为大英掉的很惨。。。
43053,1259,徐知媛,2017-01-15 15:31:36,1,1,0,听课还好，组织力不是很强，我居然有4.5鸡，哈哈哈哈哈，老师棒棒！
43144,1259,徐知媛,2017-01-16 00:54:29,0,0,0,老师一定学过心理学
44912,1259,徐知媛,2017-01-18 13:31:13,2,2,0,老师贼温柔，上课会讲很多有趣的外国文化。推荐
47966,1259,徐知媛,2017-02-27 15:16:20,-6,2,8,上了第一节课，这老师的口语跟闹着玩似的，听着不太舒服，其他的以后慢慢发掘吧。
48521,1259,徐知媛,2017-03-06 12:03:39,1,3,2,上课不水...
48646,1259,徐知媛,2017-03-09 01:32:37,3,3,0,人真的不能再棒了，被老师感动到\n\n
51094,1259,徐知媛,2017-05-17 01:20:25,-18,2,20,真的很无聊啊……她讲的外国文化的部分初高中大家难道没了解？这真的是我上过的最无聊的英语课了……可能是以前的英语老师太出色太有趣了吧：)
52648,1259,徐知媛,2017-06-22 01:44:32,-4,2,6,除了口音  其他都很棒啊
52675,1259,徐知媛,2017-06-22 05:49:53,1,2,1,好老师，对每个学生都很公平
52704,1259,徐知媛,2017-06-22 08:22:13,3,3,0,蛮好蛮好
52715,1259,徐知媛,2017-06-22 09:29:31,16,16,0,如果你是个心存善意的人，一定会感恩徐老师。
53142,1259,徐知媛,2017-06-26 04:42:49,1,1,0,温柔，能学到东西
53373,1259,徐知媛,2017-06-26 12:57:43,1,1,0,老师很温柔，非常好
53492,1259,徐知媛,2017-06-27 00:50:41,4,4,0,老师很温柔，也有思想。我想我以后会感谢老师的三条祝愿的。
59234,1259,徐知媛,2017-09-20 10:29:30,1,1,0,细腻吧……还不错。观念也比较先进。英语废表示并不受伤。
64777,1259,徐知媛,2017-12-27 06:04:17,4,4,0,很舒服
65381,1259,徐知媛,2018-01-03 12:56:12,11,12,1,老师口音有点重，浙江的小朋友们刚开始有点听不惯啦～但是超级超级温柔的老师，而且很负责，能把学生的名字全部都记下来。课间会做些小游戏。临近期末，还会安排表演，超级棒。最最重要的是，指教简直太美了～～
65671,1259,徐知媛,2018-01-21 09:21:25,5,6,1,口音不标准，right说得多了些。但其他都蛮好，人很nice。
66481,1259,徐知媛,2018-01-17 03:08:13,1,1,0,挺好哦
66690,1259,徐知媛,2018-01-18 09:12:42,1,1,0,很棒，平时给分好\n\n
67403,1259,徐知媛,2018-01-21 06:15:25,1,1,0,平时很有意思，老师挺尽心尽力的，最后一堂还有唱歌~单词是要自己背的，不背肯定不行的，我就没背，很险差点挂了。。。来自大英三~
67472,1259,徐知媛,2018-01-21 09:31:54,1,1,0,对学生蛮好的，选不上她的课还亲自帮你问教务处，尽力解决
67605,1259,徐知媛,2018-01-21 23:38:15,1,1,0,老师讲得很仔细认真，人也好，分还可以呢
67636,1259,徐知媛,2018-01-22 03:02:14,1,1,0,很好的老师，给分不错，平时上课好好听能学到不少东西，老师也很温柔，满分。
67896,1259,徐知媛,2018-01-22 09:13:18,-4,1,5,口音真的重，老师上的主要是内容，语法比较少，单词真的要自己背，自己背，自己背！
67920,1259,徐知媛,2018-01-22 10:12:45,1,1,0,老师的课很轻松，不会局限在书本内容，不会强制性要求做ppt展示而且给分又好
68395,1259,徐知媛,2018-01-23 06:20:14,1,1,0,老师真的很棒的～
71448,1259,徐知媛,2018-01-28 12:56:17,2,2,0,老师超温柔哒～课文的内容和语法都讲得细，事情少，给分也很好
73949,1259,徐知媛,2018-02-03 17:55:56,2,2,0,事情真的很少，和我室友的大英一比真的笑出声！老师不会检查课后作业，不过大英的成绩都是自己考出来的，选老师的课需要自觉或是基础好吧。
74822,1259,徐知媛,2018-03-06 04:34:42,2,2,0,老师人特别好，很温柔，虽然口音比较重，但是知识点都不会漏掉。老师也记得每个人的名字、专业和特点，真的特别用心～虽然我水了一个学期期末quiz崩的一匹最后靠口语拉分惊险上四，但锅其实都是我的(。)老师真的很好～
79630,1259,徐知媛,2018-06-12 00:27:13,1,1,0,很喜欢的老师啊，大英三，四都选了，上课常常会聊聊天。emm口音这个习惯就好，老师人很好，期末会给看平时分，并且提前解释为什么大家大英的绩点会低
80472,1259,徐知媛,2018-06-27 01:57:27,8,9,1,刚刚上了徐老师的最后一节大英课，老师以她的经验给我们讲了一些为人处世的道理，颇为感动。压力无处不在，但不要给自己太大的压力，要懂得合理释放。大学不谈恋爱人生不完整，失恋了没什么的，只不过增加了一次人生经历。在老师身上学到的不仅仅是很多拓展的知识，还会有很多经验，超级爱老师的！！\n\n
80500,1259,徐知媛,2018-06-27 07:16:10,2,2,0,阅历广  人很温柔  有种知性美\n\n最后一节课还会讲些道理   很感恩
80511,1259,徐知媛,2018-06-27 08:54:50,4,4,0,温柔耐心的老师，上课很认真，照顾每一个学生。最后一节课还给我们讲了鸡汤。喜欢徐老师！大英三和大英四都是徐老师。真心感谢！
81309,1259,徐知媛,2018-07-04 15:33:41,2,2,0,棒棒棒！
82403,1259,徐知媛,2018-07-08 06:09:18,1,1,0,哈哈哈
82460,1259,徐知媛,2018-07-08 09:00:54,1,1,0,超级棒！
83258,1259,徐知媛,2018-07-10 03:40:03,8,8,0,她能记住我的名字，真的很惊讶，因为我上课几乎全程挂机，非常不起眼
83382,1259,徐知媛,2018-07-10 07:46:03,4,4,0,徐老师出乎意料的好！！她非常有责任心，上课会先听一分钟时事新闻学一个新单词，也会要求做课后题，偶尔也会听写。个人感觉她非常喜欢和学生互动，重视学生的个性，也很乐于和学生聊天，会认真回答学生的问题，会分享很多美国的事情，会组织有趣的小组游戏。虽然她英语有一点口音，但是她真的是一个超好的老师，会让学生喜欢！
85750,1259,徐知媛,2018-08-02 03:18:23,2,2,0,大英三四都是徐老师，很温柔，很喜欢。平时作业少，想拿高分自己需要多背背单词。
92423,1259,徐知媛,2018-12-28 13:11:46,2,2,0,老师非常和善对待每一位同学，积极发现大家发言的闪光点！
92656,1259,徐知媛,2019-01-03 10:54:32,2,2,0,超级棒，重视发展学生的个性，而且能记住每个人的名字。知性美啊啊爱了爱了
92689,1259,徐知媛,2019-01-03 16:59:18,6,7,1,慢慢的被她圈粉了，也变得更加喜欢学英语了，每次课都会放一个BBC的学习视频，听写的时候超级难忘，总是能变着花样来整游戏，经常会拿非常经典的英语歌当听力，可惜忘了收集起来放进歌单了。感谢浙大彩票系统，让我大英四也选上了她。
93809,1259,徐知媛,2019-01-14 01:26:41,2,2,0,温柔的老师，重视地道英语，最后一节课就像一个联欢会一样！
93941,1259,徐知媛,2019-01-14 11:23:45,3,3,0,老师超级棒，在课外遇到还会主动和你打招呼，很和蔼
94008,1259,徐知媛,2019-01-15 01:02:45,1,1,0,现在是大英的最后一节课，台上在进行小组展示。回想起这个学期的英语课，有收获，有很开心。
95437,1259,徐知媛,2019-01-19 11:38:38,3,3,0,我爱老师\n\n
95440,1259,徐知媛,2019-01-19 11:42:44,5,5,0,大英三出成绩了 这门课也结束了 \n\n想感谢老师吧 一学期下来 感觉老师真的很认真负责 不定期抽个dictation 小组积分制趣味答题 上课也很有趣\n\n平时上课也会拓展很多课外知识 会介绍给我们去美国的靠谱中介 会分享她的旅游经历 也会分享人生经验 教我们要有更广阔的视野 会觉得就像一个亲切的长辈\n\n虽然自己大英也真的不算努力学 \n\n总是临时抱佛脚 妄图吃老本 \n\n有些辜负老师( •̥́ ˍ •̀ू )\n\nanyway 很喜欢老师呀
95477,1259,徐知媛,2019-01-19 12:43:12,0,0,0,很好呀
95499,1259,徐知媛,2019-01-19 13:12:09,-5,2,7,今天大英三的分数出来了，老师的确很温柔，特别有知性的美感，但是上课略无聊，尽管老师尽量调动气氛但还是有点尴尬，大英三3.6我觉得还可以吧，本来我就是比较佛的人不是特别在意绩点，况且我还崩了一次小测还没有做课前展示课堂上也没有发言，总之给分还好，人也很亲切，就酱，不过大英四不会选她了
95540,1259,徐知媛,2019-01-19 14:30:09,0,0,0,温柔的女神
95546,1259,徐知媛,2019-01-19 14:42:16,0,0,0,老师很认真 也对这门课有很多的感悟 记住了每个人的名字 谢谢老师
95581,1259,徐知媛,2019-01-19 15:49:42,-1,0,1,老师人超级好，很亲切，给分很好。
95619,1259,徐知媛,2019-01-19 16:18:33,3,3,0,温柔，通情达理，看得见同学们的努力，徐老师棒棒哒，爱你欧
95712,1259,徐知媛,2019-01-20 02:28:45,0,0,0,重点还是把握听力吧，平时课文要多听，听出感觉后，对于平时小测很有帮助。还有就是要背单词，课后生词表，有心的同学就可以背起来了。
109788,1259,徐知媛,2019-06-19 08:00:17,5,6,1,老师很温柔，每次上课都会学一个地道的单词或者表达，会放一次电影，做了一次辩论赛，每个组会有显示但不影响成绩只是单纯的锻炼大家开口说话，会很真诚的鼓励大家，还会做游戏积分最后积分最低的组给大家买吃的，积分最好的小组有小礼物。说了这么多，我只想说老师真的很用心，值得去上她的课，值得被学生尊重，目前最喜欢的老师没有之一。
109800,1259,徐知媛,2019-06-19 09:30:46,1,1,0,如沐春风
110624,1259,徐知媛,2019-06-27 16:55:53,8,9,1,大英三预置的徐老师的课，一开始就觉得老师人很好，是我进大学以来为数不多的会主动向自己问好、关心自己生活成绩的老师（哪怕在老师看来这可能是无心插柳）但还是情谊满满。后来小组sqtp项目寻找指导老师的过程中四处碰钉子之后找到了徐老师，老师的“好啊！那我来吧！”一下子把我感动哭了……这个学期的大英四，我依然能有幸地选上徐老师的课。满满师生情，感动～
110736,1259,徐知媛,2019-06-28 06:36:06,3,3,0,第二次来评分了，谢谢老师的海底捞，和去年的评分和评语一样，老师好温柔啊QAQ最后一节课讲的我早已内化于心，心存善念的人一定会感恩她。不过大学英语的学习还是得靠自己努力
122430,1259,徐知媛,2020-02-27 08:28:25,0,0,0,老师很温柔，作业几乎没有，不过上课有点小无聊，给分也好
123577,1259,徐知媛,2020-06-10 08:11:54,1,1,0,很负责任并且开放的老师，除了发音不太标准，其他都很棒！
125855,1259,徐知媛,2020-09-15 03:01:08,2,2,0,口语很好，老师很棒\n\n
125912,1259,徐知媛,2020-09-15 14:11:08,0,1,1,老师很棒
126718,1259,徐知媛,2020-10-15 03:10:42,3,3,0,温柔姐姐！很好很好滴老师！
127508,1259,徐知媛,2020-11-23 23:43:36,6,6,0,老师很温柔，能记住同学的名字真的有点小震惊唉
129155,1259,徐知媛,2020-12-30 16:29:36,3,3,0,老师真的好温柔！会安排一些小组游戏趣味比赛，拓展相关主题的英语知识。不定时会dictation，但会提前一节课说。作业靠自觉。\n\n会鼓励大家做5min课前pre，但不强制，主题也不限定，可以讲讲自己感兴趣的话题！
129174,1259,徐知媛,2020-12-31 02:16:41,1,2,1,徐老师人很好的，上课前看生活大爆炸，中间听音乐，还会玩小游戏，不错不错
129479,1259,徐知媛,2021-01-06 05:00:40,2,2,0,很温柔体贴的老师！直接十分
129988,1259,徐知媛,2021-01-24 13:55:04,4,6,2,大英三出成绩了，真的很感谢老师。老师人真的很好，强推。成绩不理想是我个人原因，真的谢谢老师
130638,1259,徐知媛,2021-01-24 05:07:30,7,7,0,老师很好很温柔呜呜 上了大英三马上立刻继续选她的大英四了呜呜 老师已经记住我的名字了呜呜呜课外打招呼真的太暖了呜呜呜
130759,1259,徐知媛,2021-01-24 13:28:51,4,6,2,人好课好事少给分高 拉满拉满
131693,1259,徐知媛,2021-01-28 12:51:36,0,2,2,Very good
137035,1259,徐知媛,2021-06-30 02:20:19,2,3,1,这个必须十分啊，人美心善教学水平高，徐老师不10分谁10分？
137296,1259,徐知媛,2021-07-03 03:08:23,3,3,0,徐老师真的很温柔真的很好 绩点不高是自己的原因 很关同学 大英三四都有幸选上老师的课！
137455,1259,徐知媛,2021-07-04 08:40:41,4,4,0,大英四出分了立刻来给美丽徐老师打个10分！\n\n上课既兼顾语言知识和拓展，又兼顾课堂的趣味性和互动性，特别鼓励学生多交流，每节课开始还会放VOA或者bigbang！除此之外徐老师特别温柔，体谅和关心学生…每一次作文或者口语作业都一个一个学生地发钉钉点评，点评可以细致到一个s的发音——超级认真负责！！\n\n最最最关键的是！！能记住每个同学的名字！！！真的超级暖！！
137780,1259,徐知媛,2021-07-06 06:16:57,3,3,0,徐老师上课贼有意思，课堂会组织很多有意思的活动，课外会给我们放很多有意思的演讲和视频。\n\n然后一个很感动的点是老师在我们的作文和口语视频做非常详细的分析，真的是逐条分析建议的，可以看出老师很负责。此外老师对于语言和人生的理解真的很好，大家认真思考一定会受益。\n\n10分不解释
137845,1259,徐知媛,2021-07-06 09:58:42,7,7,0,徐知媛老师真的太好太好了\n\n不仅认真负责\n\n还会关心学生们的生活\n\n最让我感动的是她会努力去记每个同学的名字\n\n绝对的10分
139701,1259,徐知媛,2021-07-20 10:37:35,5,5,0,老师很好 尤其是在本学期上完其他老师的大英四之后/哭
142412,1259,徐知媛,2021-11-11 06:18:55,1,1,0,真的特别好特别温柔！上课很认真有很多活动！特别喜欢徐老师！
144060,1259,徐知媛,2021-12-17 06:44:16,3,4,1,这不可能不给10分的，不给？那是你的事。
144448,1259,徐知媛,2021-12-21 13:51:54,3,3,0,老师真的很好了
144685,1259,徐知媛,2021-12-23 06:43:11,4,4,0,大爱这个老师呜呜呜呜呜！知识这次选不上老师的课......能记住每个同学的名字！每个单元有听写！每个小组会有一分钟演讲！期末还会自掏腰包送礼物！
146211,1259,徐知媛,2022-01-06 00:58:22,3,4,1,老师超好
146310,1259,徐知媛,2022-01-06 07:40:46,11,11,0,老师很温柔，上课花样也很多不会无聊，口语练习丰富，作业压力不大，还会课间给放视频，上课迟到也没太大关系哈哈。没有学太认真但居然还是上4了，回来给老师打call～
146329,1259,徐知媛,2022-01-06 08:28:51,0,2,2,呜呜呜，差一分到平均绩点，我太菜了
147796,1259,徐知媛,2022-01-11 01:08:22,5,5,0,老师人超好超温柔，会有各种类型的口语活动，上课鼓励你自己发言但不强求，会放有趣的视频，平时任务也不重，选她！！！
154771,1259,徐知媛,2022-06-05 11:47:21,3,3,0,好好好
155658,1259,徐知媛,2022-06-15 05:05:19,5,6,1,老师上课很认真，大英四认真听老师在学，绩点比大英三高了0.6。谢谢老师
155667,1259,徐知媛,2022-06-15 06:08:11,4,4,0,xzy老师yyds！
155840,1259,徐知媛,2022-06-16 07:48:59,3,4,1,其实大英老师的意义就在于能不能激起你学习英语、练习英语的兴趣，感觉老师做的还是不错的。\n\n大英四拿了90+，谢谢老师啦~
156075,1259,徐知媛,2022-06-17 11:25:44,0,0,0,老师超温柔呜呜呜呜呜呜呜
157154,1259,徐知媛,2022-06-22 05:36:01,1,1,0,好老师，不解释
161060,1259,徐知媛,2022-10-25 09:28:10,0,0,0,好喜欢徐老师啊啊啊
161161,1259,徐知媛,2022-10-30 07:18:24,5,5,0,这位老师还是不错的，但是我听不懂老师讲的英语和中文，老师的每一堂课上基本上都会让每一位同学有一个发言的机会，所以要做好预习工作，同时口语也要跟上，不然会很痛苦。
163774,1259,徐知媛,2022-12-16 05:42:42,3,3,0,很喜欢老师 温柔知性 真切地关注每一位同学 被重视的感觉真的很好啊啊啊啊😭
163979,1259,徐知媛,2022-12-17 04:34:17,2,2,0,老师超级好，对学生很负责，人也很温柔
164566,1259,徐知媛,2022-12-22 02:22:00,3,3,0,老师超好超温柔！
166464,1259,徐知媛,2023-01-12 10:15:15,1,1,0,温柔负责，会考虑学生的感受，听取学生的意见，也会认真的回复学生的问题，鼓励学生发言思考。好老师，快冲快冲
168688,1259,徐知媛,2023-02-21 05:03:47,3,3,0,老师真的很温柔知性，女神！
169932,1259,徐知媛,2023-02-28 13:39:44,2,2,0,没什么好说的，老师是神
175162,1259,徐知媛,2023-06-22 05:10:01,1,3,2,不捞人
175163,1259,徐知媛,2023-06-22 05:10:02,-2,2,4,不捞人
175200,1259,徐知媛,2023-06-22 09:22:48,1,1,0,老师太好啦，真的我哭死
179121,1259,徐知媛,2023-08-28 07:33:05,8,8,0,首先，英语课不存在捞不捞的问题。老师手上只有5分可以调整，其它各项分数都是要靠自己的。大英拿2.7，3.3是普遍现象，不能怪老师。\n\n我有幸上过老师的大英三和大英四，老师待人和善，善解人意，关心同学，上课用心，也比较有意思，开学三周以内就可以记住所有学生的名字。每一次电子档的作文和英语演讲，老师还会课后私信，点出问题和建议。美中不足是，老师口音有一些重。但也正如她自己所说，对于大部分人，英语口音并没有那么重要，能正常沟通就可以。\n\n10分，好老师快冲！！！
186407,1259,徐知媛,2024-01-11 03:37:17,2,2,0,超级超级好的老师！会很耐心很温柔地反馈，听写错的多也没关系，老师主要看态度不记入成绩！课间会放《生活大爆炸》和小视频加深对课文的印象，最后一节课还会强调考试注意事项和送小礼物！老师真的超级超级好，平时分满分5分会给4.2的平均分，上课氛围也很好，讲课听得很舒服，强力推荐！
186412,1259,徐知媛,2024-01-11 03:49:23,0,0,0,好爱徐老师 优雅气质美丽 温温柔柔的 而且期末平时分给我们都捞到了最高 因为期末考扫描答题卡 多少分就多少分 而且大英均绩都不高 只能说 徐老师已经做到了最好！！超级爱她！
193234,1259,徐知媛,2024-06-05 02:04:19,6,6,0,决定在大一的最后一节大英课后来写啦！很有幸大英三四都上的是徐老师的课。徐老师真的是我心目中英语老师的样子，会很多地和同学们chat，鼓励同学们自信地表达，不要害怕失败。从她的课堂里还能学到很多人生哲理，像个智慧的长者一样。最后，还很幽默风趣，会懂得化解尴尬，调动课堂的氛围。大英确实老师捞不了多少，所以想真的收获知识的大一宝宝们一定要选她！
193264,1259,徐知媛,2024-06-05 12:05:25,1,1,0,如同名字一般很知性的老师，温柔体贴\n\n会给每个同学的作文包括课堂演讲进行点评，如果你回答不上问题也不会让你尴尬的接场\n\n最后一堂课给同学们准备薯片零食，一起用明信片和小组同学分享心得真的是太温暖了\n\n爱了爱了
193346,1259,徐知媛,2024-06-06 18:15:06,10,10,0,上大学以来遇到的第一个能把所有同学的名字全都记住的老师！\n\n虽然有一些额外的task 比如one minute speech和口语任务啥的\n\n但是对英语水平的提升都有很大帮助\n\n平时作文会提出很多很好的建议 很认真负责\n\n可能需要卷一点点发言~
194233,1259,徐知媛,2024-06-22 17:39:41,11,11,0,出分了 总评比上学期另一个老师的大英3高好多分 立刻来打个10分！！
195645,1259,徐知媛,2024-06-29 06:55:08,2,2,0,自己感受吧
203334,1259,徐知媛,2024-11-19 08:13:09,2,2,0,美徐，温柔，善良，大方，负责
206157,1259,徐知媛,2024-12-13 06:36:09,1,1,0,超级温柔
206158,1259,徐知媛,2024-12-13 06:36:10,1,1,0,超级温柔
206999,1259,徐知媛,2024-12-19 02:56:09,4,4,0,这老师课太好了，重度依赖ᵔᴥᵔ，但是大英四选不上徐老师的课，我补药离开，平时不检查作业，听写简单，抽人交听写，人温柔，进步了还会特地夸奖你，quiz是捞人的，事少，一个pre就没有其他事了，还会给你分享很多有趣的事，性格内向的同学也会照顾到，平时作文会很用心批改，重视德育，非常暖心，首推的大英老师
207900,1259,徐知媛,2024-12-25 02:02:58,1,1,0,老师比我高中的英语老师还负责任100倍，上老师的课是真的能学到很多东西。而且老师本人温柔细腻，待人平和友善，课程也有趣。10分是查老师的上限，不是我想给徐老师的评分。
209113,1259,徐知媛,2025-01-04 13:47:41,4,4,0,我爱徐老师无须多言
209224,1259,徐知媛,2025-01-05 05:48:56,2,2,0,老师好温柔很好人！🫶🫶🫶喜欢老师🫶还能记住每个人的名字🫶老师我将永远追随你！
209231,1259,徐知媛,2025-01-05 06:22:26,2,2,0,非常好的老师！！！给分也很好
209260,1259,徐知媛,2025-01-05 08:29:50,2,2,0,很好的老师，给分慷慨，人很温柔，会私下找你讲作文，大英三没有很多事情，就一次pre，平时50分给分也很慷慨，非常棒的老师。硬是要说不好的话就是不捞人呜呜呜差一分4.8，但这也不算老师的缺点，毕竟平时分已经给的很多了，还是我自己水平不够。
209337,1259,徐知媛,2025-01-05 12:36:03,1,1,0,老师人很好
209442,1259,徐知媛,2025-01-06 03:13:40,2,3,1,这老师也太棒了，徐老师重度依赖，我离不开徐老师，补药让我离开徐老师，徐老师测试什么都是捞人的，她平时会让你自己努力，傲娇不捞人，但其实非常捞，大爱徐老师
209496,1259,徐知媛,2025-01-06 06:08:31,2,2,0,特别好的老师，事不多只要做一个小组作业就好了，上课也不强制大家发言，课堂氛围很好，老师水平也很高，会很耐心地改作文里的每个瑕疵写批注在边上。最后绩点4.5，感谢徐老师！是很开明的老师，很温柔的老师，很友善的老师，最后一节课我们吃着棒棒糖收着小组同伴的明信片真的很感动！不想说再见呀——
220088,1259,徐知媛,2025-06-15 01:07:11,1,1,0,上了老师一年的大英，学弟学妹无脑冲😂
220091,1259,徐知媛,2025-06-15 01:17:31,0,0,0,老师很好很温柔，虽然最后被绩杀了（可能大英课程设置就是这样）但是不影响我给徐老师打高分
220587,1259,徐知媛,2025-06-18 15:55:07,0,0,0,上学期大英三是别的老师，最后拿了3.3，这学期选了徐老师的课，最后拿了4.2，很满足了\n\n徐老师人很温柔，上课是真的想为我们传递一些东西的，看得出来备课很认真，结课时吃到了老师发的奶糖\n\n至于成绩的话，老师能调的就几分的空间，这个是大英这门课本身的问题吧
131,1297,赵宏琴,2015-03-14 16:03:35,7,21,14,放松，思想解放
524,1297,赵宏琴,2015-03-15 04:16:48,7,34,27,很洗脑的课，老师是个很会思考的人。
861,1297,赵宏琴,2015-03-18 02:32:23,13,35,22,idea很重要，给分高
2269,1297,赵宏琴,2015-04-15 09:21:54,3,26,23,中国好老师！
2698,1297,赵宏琴,2015-05-05 13:06:32,10,22,12,上课的时候没想到老师给分挺高的。。论文要求不高⊙▽⊙有新意的论文应该比较合老师口味
3057,1297,赵宏琴,2015-05-13 07:55:26,36,55,19,价值观冲突，太自信
3100,1297,赵宏琴,2015-05-14 07:26:31,29,46,17,痛苦
3141,1297,赵宏琴,2015-05-17 16:47:11,7,22,15,给分很好，人很好
3153,1297,赵宏琴,2015-05-18 04:52:38,69,100,31,折磨
3165,1297,赵宏琴,2015-05-18 07:54:59,2,21,19,感觉她存在的理由就是给分高...自己体会
3672,1297,赵宏琴,2015-06-17 02:11:16,8,22,14,分高然并卵，莫名自信天天打脸，价值观冲突没话说
4685,1297,赵宏琴,2015-06-26 05:11:33,-3,8,11,随性的老师
8732,1297,赵宏琴,2015-09-25 00:49:09,0,10,10,逼格太高 乱扯一通
9009,1297,赵宏琴,2015-10-09 01:10:32,3,15,12,论自我打脸的艺术
9191,1297,赵宏琴,2015-10-16 00:26:59,35,43,8,曲高和寡\n\n
11526,1297,赵宏琴,2015-12-03 15:31:32,21,42,21,生不如死  天天介绍她的自传 拜托我是来学习的   分再高我都不会再选她的课  浪费生命
11693,1297,赵宏琴,2016-11-01 08:17:35,0,11,11,三观不正
14293,1297,赵宏琴,2016-01-06 06:25:24,8,17,9,还不错
19354,1297,赵宏琴,2016-01-24 02:51:22,-3,8,11,浪费时间浪费生命 价值观有问题乱扯一通 给分一般在4以上的
21476,1297,赵宏琴,2016-02-29 03:19:41,3,15,12,就算给分高 也不值得上
21530,1297,赵宏琴,2016-02-29 06:17:25,26,32,6,只有我觉得给分没有想象中好吗
25538,1297,赵宏琴,2016-07-02 11:48:33,2,16,14,【我的分数怎么感觉是被她报复了】如果上天再给我一次机会，这门课就算给我100分我也不会选的。真心不如上思修、毛概。也不知道班上那些上过她的课的人为什么还会选。难道就是因为给分还可以吗？折磨！
25609,1297,赵宏琴,2016-05-28 01:39:01,0,10,10,呵呵呵，上她的课必须写她写的书的读后感，那些书是给小学生看的吧。
25661,1297,赵宏琴,2016-05-31 13:36:31,2,9,7,别选真心
25784,1297,赵宏琴,2016-06-08 06:04:35,0,11,11,生不如死\n\n
25865,1297,赵宏琴,2016-07-04 12:49:54,11,18,7,呵呵哒
25882,1297,赵宏琴,2018-05-12 13:37:31,14,28,14,烂烂烂。价值观不同，小学生视角什么的我本来也不在意，随便上上，混个学分的了。真正让我感到恶心的是上你的课要写你自传的读后感？？写的还烂的一比？我本来想批判着写，同学告诉这是她自传？我都不敢骂了?……你自己写的管你要电子书你说你没有？哦？?老师你来上课就是来卖书的啊？我本来以为您是朵开在闹市的白莲花，看来您也不能免俗啊?
29887,1297,赵宏琴,2016-06-30 13:09:43,-7,6,13,老师上课估计没怎么备课，每次都随性讲一下。关键是最后的期末论文，明明开始征求过她的意见，结果写完后要求删去那个点，我改了整整3遍啊！1500字的论文，呜，心疼我自己！感觉绩点也没有想象中的高。
30231,1297,赵宏琴,2016-07-01 05:59:58,8,26,18,重要的不是老师讲什么而是自己通过课程思考了什么，很喜欢老师的课堂模式！
31226,1297,赵宏琴,2016-07-03 12:11:37,4,22,18,给分九十一，但是比我想象低。因为平均分有八十五多，而我个人论文写了一万加的字数，并且论文角度老师觉得也是不错的，所以光从分数讲可能老师给分不算好。她上课有回答加分，就是你要猜出她想的是什么词，不过这就是牵着我们鼻子走，根本不是她自己说的那种开放的学习态度。而在其他方面，其实也还好。什么讲自己的人生啊，每个人都是以自我为中心的，就好像有一个机会让你上台讲自己，哪个人不是长篇大论无比兴奋？只是赵老师有机会讲自己，那我们就听喽，就当是听一听增长见识，了解下别人。而且课后找她聊天她也是给你讲很多道理，虽然不一定对，但是我们不就是求同存异吗？不能因为别人的想法、做法不符合你的价值观就喷别人啊，优雅的姿态还是要有的。
31242,1297,赵宏琴,2016-07-03 12:34:52,1,9,8,折磨人的课，但因为上学期绩点还可以，所以这学期又选的她，结果拉均绩了，再也没有理由继续选她了……烦
31921,1297,赵宏琴,2016-11-02 11:57:46,13,50,37,给分很好，很认真负责的老师～开始不太明白老师写作课想激发的idea，现在觉得这写作课帮助最大，会启发我们如何思考～而且课上交流很多，用心听会有很多收获～作业层层递进，感觉是用心设计的～最后论文还会一对一讨论，完成不会很难～
33624,1297,赵宏琴,2016-09-20 11:20:54,1,6,5,今天第一天英语写作课。呵呵呵呵呵呵呵
33737,1297,赵宏琴,2017-01-13 17:55:59,-8,3,11,老师给分好好～开心 就是上课有点………不知所云
33984,1297,赵宏琴,2016-09-24 11:14:28,-10,4,14,书贩。
34345,1297,赵宏琴,2016-10-06 02:39:37,31,38,7,迷之自信 我服\n\n
34589,1297,赵宏琴,2017-01-20 05:08:25,7,17,10,老师的课可水可认真听，仔细听还是会有收获的啦，人也很和善，很尽心
35071,1297,赵宏琴,2016-11-01 09:16:02,11,26,15,老师在课上关于发现自我，发掘自己内心想法的讨论十分有启发\n\n
35125,1297,赵宏琴,2016-11-03 01:25:41,10,11,1,学写作文观点有争议是有新意的基础
35131,1297,赵宏琴,2016-11-03 03:45:46,2,3,1,有时感到有思想碰触
35179,1297,赵宏琴,2016-11-04 01:46:03,2,3,1,写作课要写期末作业，与老师交流文章选题/立意，老师会Challenge， 要求 Polish the argument ，总是说再思考一下写出来才有内容，oh~
35191,1297,赵宏琴,2016-11-04 07:45:34,2,5,3,刚开始会比较迷糊，后来能感觉到思想的碰撞。
35588,1297,赵宏琴,2016-11-10 07:29:33,1,7,6,感觉她英语口语比我还差 教的东西不多 自己懂的也不是很多
36034,1297,赵宏琴,2016-11-10 10:28:28,29,34,5,简直可怕，喜欢拍你的肩，和你深情对视。迷之自信，价值观神奇。
38805,1297,赵宏琴,2016-12-19 06:36:39,7,13,6,学到很多写作相关的知识，会引导我们一步步完成论文，对每个学生都很好，她记住所有学生的名字。很用心的老师。
40985,1297,赵宏琴,2018-05-12 13:41:38,1,7,6,傻逼！
40986,1297,赵宏琴,2017-01-07 08:29:56,0,6,6,生不如死
41902,1297,赵宏琴,2017-06-27 06:50:13,-4,4,8,绩点拯救者呜呜
41972,1297,赵宏琴,2017-01-13 10:38:47,0,6,6,拉绩点
42016,1297,赵宏琴,2017-01-13 12:17:02,1,7,6,给分很好..就是上课有一点拖沓...听了一节课不知道重点在哪儿的那种...然后口语简直了.....
42630,1297,赵宏琴,2017-01-14 15:38:49,2,9,7,千万不要拿来当个性课程 坑！\n\n上阅读写作二 平时上课折磨 无聊 \n\n我上课表现很积极，最后的论文我最早交的，写了四千多词，最后绩点比平均绩点低了整整0.4！班里倒数。\n\n不是她带的专业的她才不管你死活！
43323,1297,赵宏琴,2017-01-16 06:45:43,2,6,4,我只想说，身为一个老师，要有开放的思想，尊重学生们的想法，从学生的角度出发看待问题，而不是用你自以为是的世界观评判某个你根本不擅长的领域，一定要跟你的价值观相符合的才是好的东西。\n\n
43772,1297,赵宏琴,2017-01-17 02:56:09,0,8,8,其实老师人很不错 但是对自己的价值观有种迷之自信 扬弃地听课的话还是能有很多逻辑和思维上的收获的 给分没有传说中的那么好 4.5左右吧
45164,1297,赵宏琴,2017-01-19 05:30:48,-2,3,5,没内容，水课
45281,1297,赵宏琴,2017-01-19 09:00:42,-4,2,6,思路混乱 给分不如想象的好 但是水
45487,1297,赵宏琴,2017-01-20 01:36:31,10,14,4,4.5的绩点还低，少年你这是想上天吗？嫌低请看隔壁姜剑老师，2.47的均绩。╮（╯＿╰）╭
45602,1297,赵宏琴,2017-01-20 00:24:55,-1,1,2,上课请假要扣分的！老师之前不会跟你讲的，到了期末平时分打出来才告诉你！
46239,1297,赵宏琴,2017-01-21 04:31:06,-1,5,6,你买书了吗 你买书了吗 你买书了吗
46310,1297,赵宏琴,2017-01-21 08:05:46,25,33,8,说要有优雅姿态的同学似乎没说全。和赵老师不仅是价值观冲突，而是她想把自己的价值观加到学生身上，说是开放课堂但问问题都是有自己的预计答案的，说要有自己的思考但学生提出不同观点她总要用说服的口吻。也许她的思想是有些曲高和寡吧，但自我打脸实在做得不够，而且作为老师曲高和寡也是一种失败。
47320,1297,赵宏琴,2017-01-25 08:38:33,3,5,2,挺负责的，一对一讲作文时思路挺清晰也能发现问题帮你解决，然而上课就不是那么清晰。我觉得总体还好。
48869,1297,赵宏琴,2017-03-15 10:11:54,9,11,2,挺负责的
49042,1297,赵宏琴,2017-03-22 08:08:24,-1,3,4,绝望的预感，别专业狗修个性，然大概是要被针对性低分了…\n\n
51117,1297,赵宏琴,2017-05-18 02:58:04,8,16,8,太折磨了  口语水平真的不忍直视  上课讲不出太多内容还莫名自信打脸  上得很绝望  每周上完这课都是心情最差的时候
51563,1297,赵宏琴,2017-06-07 06:49:48,8,13,5,其实我觉得老师挺有个性。\n\n虽然说话比较主观。\n\n但是真的，我莫名从头至尾很喜欢她的风格。\n\n老师真的负责，基本能记住每个同学的情况。\n\n期末论文还要求每个人反复课外找她点评。\n\n我觉得大学能上上这样的课，见见不同性格的老师，还是挺好的经历。
51673,1297,赵宏琴,2017-06-08 06:52:31,7,12,5,请问您知道您在说什么吗？\n\n
51745,1297,赵宏琴,2017-06-09 03:00:22,8,9,1,老师听负责任的，但有点讲不清楚，也很难get 到她的points 但是真的很用心的对学生
52051,1297,赵宏琴,2017-06-14 10:48:24,6,9,3,请不要把强迫学生写你想写的话当做是一种启示谢谢。写作课教的不应该是八股文
53598,1297,赵宏琴,2017-06-27 06:49:28,6,10,4,老师人很好，最主要给分高，努力了就会有收获，爱老师～
54355,1297,赵宏琴,2017-06-29 07:12:14,2,3,1,给分好。。
56275,1297,赵宏琴,2017-07-03 11:21:36,9,14,5,以前有偏见 现在觉得其实她很有自己的想法 私下交流会比较接纳学生的观点 但是可能不适合讲课 或者说现在的学生没法适应她的授课方式 而且她是少有的敬业的老师
56448,1297,赵宏琴,2017-07-04 00:31:09,-2,5,7,很认真负责，论文反复修改，牺牲自己的课余时间帮我们看论文，感动
56578,1297,赵宏琴,2017-07-04 04:09:27,2,6,4,价值观洗脑严重，如果不是给分还行，楼上说她好的估计已经把她喷成xiang~
56981,1297,赵宏琴,2017-07-05 05:36:59,1,7,6,不懂一个老师针对学生那么明显是要怎样，喜欢的使劲捧，那些学生都像她马屁精一样屁颠屁颠去选她的课，只要稍微与她观点相左就摆黑脸的老师也是我三年大学见过的唯一一个。人品感人。
58037,1297,赵宏琴,2017-07-25 09:36:20,3,4,1,非常好
59556,1297,赵宏琴,2017-09-22 16:43:00,6,9,3,价值观冲突，而且非要你接受，上完这堂课一天心情都不好了（但是要肯定老师很负责）
60147,1297,赵宏琴,2017-10-11 10:46:59,5,7,2,曲高和寡 实在太过枯燥
61272,1297,赵宏琴,2017-11-13 07:32:24,2,3,1,浪费时间
62900,1297,赵宏琴,2017-11-27 09:59:49,-1,4,5,emmm，老师其实讲的还可以，但很容易get不到老师的点。短学期老师只讲四次课，剩下的全是各小组的课堂展示。整体来说算是一节比较好的水课，认真听的话能学到很多东西，也可以水，因为老师讲课小组展示都不听也没什么问题。给分很一般，自认为论文写得很认真了但绩点不高。
62913,1297,赵宏琴,2017-11-27 10:45:27,-3,3,6,给分烂还不知所云
62952,1297,赵宏琴,2017-11-27 12:27:40,4,5,1,说实话，老师的课听懂很难，那本英语教材也几乎是天书，但是老师讲的就那么几节课，大部分时间全靠自己。只要能找到资料其实后面几节课很轻松，建议选课的同学做第一和第二组展示，整个课程几乎不会占用太多课外时间，老师给分也很好，真的很好！如果真的希望学到东西的话建议大家还是不要选，但是跟老师了解一下文化啥的也不错，毕竟不用花很多时间。
62996,1297,赵宏琴,2017-11-28 00:53:54,-2,5,7,千万别选
63069,1297,赵宏琴,2017-11-28 06:25:47,2,5,3,赵老师是个很负责很负责的老师，也是花了一个小时单独教我如何写论文的老师。课上我的有些观点和她相悖，她会听我阐述。中国好老师。
63176,1297,赵宏琴,2017-11-29 02:38:44,3,4,1,认真写论文 做pre 绩点能上4
65267,1297,赵宏琴,2018-01-02 07:06:21,1,1,0,还好的老师
66781,1297,赵宏琴,2018-01-19 04:39:08,-1,3,4,认真听课拍拍老师马屁就能高分 老师还是很负责的经常给feedback 但是学不到什么东西 可能英语专业课就是水吧
66782,1297,赵宏琴,2018-01-19 04:40:04,5,7,2,东西没学多少，给分还不好
66787,1297,赵宏琴,2018-01-19 05:04:36,18,19,1,一般般吧。非英语专业修的英语写作I，上课气氛有些窒息，课堂收获真心很少，只是逼迫自己多和英语接触一下。John来上课的几节氛围好些。老师虽然上课真的一般，不过人还是比较负责，最后的期末essay有一对一点评和交流。至于绩点，没有想象中的好，可能因为我不是外院的学生吧……
68378,1297,赵宏琴,2018-01-23 05:32:24,9,12,3,emm一言难尽\n\n别被均? 骗了，你要是不按照她的套路来你照样和我一样GG\n\n真的神烦 折磨 不允许你有一点自己的观点 在她眼中不按照她的想法来的都是垃圾 \n\n认真这点还是要肯定的 但是我觉得把这个心用到启发尊重学生上会比用到洗脑压迫上更好 上课大家尴尬的不行 她还会操着蹩脚的口音对你咆哮 mmp
68704,1297,赵宏琴,2018-01-23 15:49:25,2,3,1,老师真的听人很负责的\n\n会一个个问你论文的思路和题目呀\n\n
68757,1297,赵宏琴,2018-01-23 23:29:38,-6,3,9,真的没想到老师给我这么高的分，并且这是一个很认真负责的老师！
68902,1297,赵宏琴,2018-01-24 05:35:36,-7,3,10,老师的课确实很难听懂的。但是老师会和每个人交流idea，这个时候你就会发现老师还是很良心很有想法的。论文idea第一位内容第二位，给分真的特别好。事情少可水可听，难道不就是理想的通识课?
71502,1297,赵宏琴,2018-01-28 14:08:43,14,15,1,传记体式叙述研究。别误会，这是哲学课。每次都提早上课跟点名，下课拖堂。上课老师会走动深情对望，蜜汁尴尬。前4节老师讲课，后四节学生pre。如果有get到他的点分数会不错，然而这得靠推理&运气。
73044,1297,赵宏琴,2018-01-31 17:30:28,2,9,7,这门写作1隐藏了一个我这学期，最，欣，赏，的，老，师，一个老给我们发巧克力 讲课旁征博引 坚持文字新鲜 引导我们质疑的可爱帅老头 真的 很有趣 很有帮助 有一点点像死亡诗社里面的老师的感觉 呜 请务必给更多的浙大学子上课！！stay fresh stay unusual \n\n
74373,1297,赵宏琴,2018-02-15 16:15:41,24,26,2,很负责会一对一讲论文我没得讲，但最后真的怼得我莫名其妙无力沟通，给我的感觉就是故意找茬，这也还可以接受，毕竟可能不知道我就摸了老师哪块逆鳞了，人之常情我无可厚非，给分虽然来不及我的努力但也看的过眼，但过年了我想也还是蛮喜欢这位老师的发个祝福吧，发现被拉黑了。我？？？真扎心了
75289,1297,赵宏琴,2018-03-08 15:33:11,0,1,1,一言难尽
75585,1297,赵宏琴,2018-03-13 14:35:10,17,22,5,请问选夏学期的要退吗 要退请点赞 谢谢～
75909,1297,赵宏琴,2018-03-23 15:27:00,-4,2,6,越到后面越精彩
75944,1297,赵宏琴,2018-03-22 09:33:19,5,7,2,作为一个外院学生大一就因为跟她的“idea”不和而上课被喷一对一点评被喷，大三一门大类课此老师还在，还能给我摆脸，每年都要跟大一学生作对怕不是心理有毛病吧，难道作为老师最基本的不是一视同仁吗？
78118,1297,赵宏琴,2018-05-09 11:40:19,8,9,1,讲话语气听着不舒服 感觉是个疯子
78521,1297,赵宏琴,2018-05-12 13:32:24,5,12,7,2018春学期的最新评论：老师上课很少讲到/没有推销她的自传，也没有读后感作业，只有期中pre和期末论文，论文前确定选题和她交流，每节课都会发参考资料，读不读取决于自己想了解多少，作为双语课平时上课英语，自己回答/交流/展示/论文随意选择语言；春一周上课时候，刚开始东6教室坐满，老师根据名单复印的资料还不够人数，但大家可能觉得听不太懂老师的课，所以上到一半中途下课的时候几乎一半多的人都走光了，而且也没有留下资料给剩下教室里的人，挺让人失望，包括评论里各种diss的人，至少应该对老师抱有基本的尊重吧；以前老师如何我无法评价，但我接触来看并没有遇到之前评论说的如强加价值观等情况；价值观冲突就我上课以来还没感觉到，但要承认价值观是存在个性的，差异的存在具有普遍性；至于所谓的“迷之深情对望”是有的，但我更偏向于认为是老师投入课堂与学生交流互动的方式，或者你们更喜欢老师盯着地板为你们授课吗？希望我的评论能作为你们选课的参考。上课没有举手回答过问题，展示平平，论文选题是自己很喜欢的有关于人生意义的探究，与老师交流选题部分还不错，最后绩点90/4.5；在诸多任务轻满绩易的通识中严格来说并不算给分好，或者属于均绩高、高分少/难的课程。但我很喜欢这门课，不错的难忘经历！
79057,1297,赵宏琴,2018-05-22 00:15:41,0,1,1,难受。。。\n\n
79491,1297,赵宏琴,2018-06-07 03:00:31,16,19,3,不知道这种老师怎么能当写作老师的，\n\n写作思维不是神神叨叨的哲学化，\n\n写作也不应该为了刻意模板而模板，\n\n每次批改作文只看一段，后面就不看下去，\n\n不愿意接受学生的思维，甚至连尝试理解都不愿意，\n\n凭借着惊天地泣鬼神的口音，把英语单词扭曲得没有一个人听得懂。\n\n她，是一个希望你舍弃所有高级词汇、句型替换，而用最简单粗暴的语言写一篇小学生作文的“老师”。\n\n有时候体谅她一大把年纪，但是希望她有自知之明。
81969,1297,赵宏琴,2018-07-06 16:20:24,-2,2,4,会认真的对待你上交的每一次作业，并给你提出建议。
82449,1297,赵宏琴,2018-07-08 08:18:41,1,5,4,虽然讲课迷迷的，没事还喜欢与你深情对视，但是老师好给分高啊~
82467,1297,赵宏琴,2018-07-08 09:23:48,4,5,1,请不要为了分数给自己找折磨
83830,1297,赵宏琴,2018-07-11 09:14:49,1,2,1,传记体，老师挺认真的，但是给的资料比她讲得好……
86752,1297,赵宏琴,2018-09-18 10:30:41,-14,3,17,英语写作4.2本来以为很高了，没想到还是拉低了均绩(´;︵;`)
87703,1297,赵宏琴,2018-10-10 11:10:56,4,5,1,不知道在干嘛
91227,1297,赵宏琴,2018-12-04 00:49:49,5,7,2,写作课。老师很认真负责，讲课富有激情，然而并没有什么卯月。\n\n她的口语难以理解，而当你用尽全力终于理解了那断断续续的话语，你会发现并没有讲什么有意义的话语。。。\n\n你倒是用中文讲啊kora！\n\n
91650,1297,赵宏琴,2018-12-17 07:34:20,25,26,1,2018秋冬学期的面向大二的英语写作课，整整两个班全体同学都为之痛哭！！！1、上课唯一有用的是发的材料。每次上课恨不得发一百页。称：那些材料是她的圣经。2、8:00上课，8:50就没话说了，然后开始激励大家好好学习，是给自己学的，配以阴阳怪气的语气，直到9:35说see u next week。3、每周必夸自己作品，称自己是作家，出书，作家的思想可以永远存活，永生，与读者交流。4、之前评论里所说的一对一feedback还不错，如今给学生的评论仿佛是匹配错了人，内容看都不看大笔一挥就写毫无关联的评论。总而言之，好老师！能让每周两个班的学生提到她都交换着相同的眼神心有灵犀的叹气，也是牛逼呢！❤️❤️❤️
91774,1297,赵宏琴,2018-12-20 00:48:30,13,14,1,把模板当做真理 丝毫评判不出学生的水平 要这老师有何用？
92103,1297,赵宏琴,2019-01-19 04:20:14,7,8,1,讲的不好事贼多还给分差，拉低一大截绩点，气死了
95199,1297,赵宏琴,2019-01-19 04:45:48,4,5,1,折磨人
95265,1297,赵宏琴,2019-01-19 06:14:18,10,11,1,出分了我再来。这破课啥也学不到给这么低分，老师你真的太好意思了。我都无语了。我太无语了。这就是外院老师的水平？我都感觉丢人
95266,1297,赵宏琴,2019-01-19 06:18:12,9,11,2,我真服了，这什么老师，上课讲不出任何东西，还要求学生这个要求那个，写个essay要求各种改，改了五六次最后给个什么破分。我真是呵呵
95271,1297,赵宏琴,2019-01-19 06:24:25,6,7,1,上课不知道在讲些什么，还不让你干别的，疯狂请求互动.....
95281,1297,赵宏琴,2019-01-19 06:46:48,8,10,2,有零分我一定给零
95475,1297,赵宏琴,2019-01-19 12:40:02,8,9,1,请把宝贵的学分用来选其他能学到东西的课。如果不幸上到她的必修课，务必把论文写简单一点，难了她看不懂，然后会绩杀你哦～
96476,1297,赵宏琴,2019-01-21 04:54:17,2,6,4,从未缺勤认真做小组展示平时分给我打很低。她根本就不会看你改了无数遍的最后论文，只是把前面几部分扣的分加起来再扣一次。我，因为刚开学在她课上看了一次其他课的资料，最后被她【报复性给分】。学术水平不论，我觉得赵女士人品高低也值得探讨。
97574,1297,赵宏琴,2019-01-22 11:19:32,1,2,1,就这样吧
97782,1297,赵宏琴,2019-01-22 16:01:03,7,8,1,讲课声情并茂，奈何讲的都是垃圾。自我感觉良好，然而没什么人听。分瞎jb给，付出回报不成比例。不否认她很有才，如果给自己加戏也算一种才能的话。
99134,1297,赵宏琴,2019-01-24 10:02:13,7,8,1,中加班高级英语写作：\n\n1. 上课口语糟糕，断断续续，完全理解不了在说什么，理解了就会发现全是废话，啥都没说。\n\n2. 对自己迷之自信，喜欢在上课时鼓吹自己写书、“读了博士学位才研究出来”的写作心得，而且在作文批改上完全无视学生的想法，把自己的讲义和想法当作圣经，不准违逆。学生不需要也不能有自己的想法。\n\n3. 给多数同学的分数还可以，给少数同学的分数对不起他们的努力，分数完全取决于人而不是作文，批改依据大概是你把文章发给她并按她的要求改了几遍。真是态度分拉满呢～(๑>؂<๑）\n\n4. 两节课一个半小时，大概1小时后就开始无话可说，开始毫无意义的鼓励和“互动”，同学大眼瞪小眼，尴尬低头看讲义，然后提前10分钟下课。\n\n5. 喜欢在上课时有些强行地尴尬地表(拉)扬(拢)比较听话的同学。(我完全没有觉得学生听话不好的意思，但我明显感受到了Mrs赵很想通过这样的手段挽救一些自己课程的口碑)\n\n6. 一个班总共就十来个人，每节课都要叫错几个同学的名字。每节课都叫错，然后被纠正，然后下节课继续叫错，一整个学期，虽然是小事，但真的有失尊重。
101058,1297,赵宏琴,2019-01-27 11:05:00,9,10,1,谜一样的老师，三观极其古板，写作必须复合她的三观，你不能有一点点自己的想法，还美其名曰这是大众的观点，wqndyd，上一学期课没有任何收获，纯粹浪费时间。我觉得学院安排课程，写培养计划的老师也是不去听听同学们的意见，还列成必修课，就这一个老师，呵呵，没有任何意义课的上着就是没有任何意义。
103568,1297,赵宏琴,2019-03-01 08:05:43,4,5,1,心疼中加班的学弟学妹…我用两个学期来应验了这句话…\n\n建议学弟学妹把这下面所有中加学生留下的评论都看一遍，好做心理准备?
110086,1297,赵宏琴,2019-06-22 11:11:58,0,1,1,呵。这个人自己陷入了无边的家庭八卦中，还有脸当老师？我的英语很好，但是均绩差的一匹，大家千万不要选，选了告诉你什么叫做人生
113340,1297,赵宏琴,2019-07-06 08:49:08,2,2,0,如果可以把整个课的核心概念和著作观点搞清楚再来上课就好了呢?
117951,1297,赵宏琴,2019-10-16 22:14:55,1,5,4,老学姐毕业好多年来写这个评价，太恶心就不多说了。价值观神奇到像是被洗了脑，只允许她一个人的想法，学生表达点观点她就把人家意思窜改成你看传记体牛逼吧，西方思想牛逼吧。上课嘛。。。味同嚼蜡，记忆最深的就是她说自己回国以后喝不到好喝的咖啡很难过，在医学院咖啡厅能捧着一杯正宗的咖啡仿佛又闻到了西方的明主甜美的空气，我可去你的吧。
118507,1297,赵宏琴,2019-10-27 17:28:05,6,7,1,老师您能把您的要求讲得稍微清楚那么一点点么
125077,1297,赵宏琴,2020-08-28 03:05:36,2,3,1,很难受，崩溃
127026,1297,赵宏琴,2020-11-03 05:13:20,26,27,1,琴王扫六合，挥剑如浮云
137164,1297,赵宏琴,2021-07-01 15:28:22,5,5,0,英语学习生涯的噩梦！\n\n英语写作也许不好教，但是上课内容极其空洞，老师总是揪着一个concept泛泛而谈，就非常痛苦了；上课发的纸质和电子资料成山，很难好好利用。\n\n还好课后作业不多，不然真退课了。\n\n辅修方案里的最大阻碍！！！
141858,1297,赵宏琴,2021-10-28 02:28:00,13,13,0,大一下只有Mario教的英美文化，大二上只有琴王教的写作Ⅲ\n\n英语专业两大劫\n\n老师您能不拖堂和下来乱转嘛，对您和我们都好
142110,1297,赵宏琴,2021-11-06 06:43:26,9,10,1,若得妻如此，夫's f*** life would be 一目了然。。。。
142372,1297,赵宏琴,2021-11-10 15:08:08,46,46,0,上老师的课就像参加一个宗教仪式，教室里回荡着一串串无意义的符号和咒语。走出教室后脑子会是被清空和净化的状态。是大学生活的一块净土了就是说。
142500,1297,赵宏琴,2021-11-12 09:39:00,-7,4,11,没有想象中那么差
142501,1297,赵宏琴,2021-11-12 09:39:26,-3,4,7,老师虽然讲课用处不是很大，但人很好呀，而且可以做自己的事
144640,1297,赵宏琴,2021-12-23 03:11:51,20,20,0,写作三\n\n别叫琴王了\n\n叫琴妈吧\n\n婆婆妈妈，啰啰嗦嗦，学生理不清楚讲授内容，一大堆资料自己去学，concept大多是泛泛而谈，你要是去听，听君一席话如听一席话。\n\n好一点就是脾气好多了现在，听她讲课既锻炼自己的脾气，对她自己也有好处；\n\n课上看着只回荡着自己声音的课堂，往往怒其不争，时时警醒你不要忘记好好学习，不好好学你就没用处了。\n\n怎么说呢，毕竟学识是有的，我更多感觉琴是茶壶倒饺子。\n\n看到这，你就会明白琴是和蔼的，亲切的，希望你好好听讲的，虽然她的课是无聊的，杂乱的，学生pre是匆忙的，学生论文是自学的。期末论文还没交，成绩不详。\n\n知道为什么说的毫无条理么，跟琴学的。
147757,1297,赵宏琴,2022-01-12 06:42:28,14,14,0,用脚打分吐了 怀疑她根本没看论文 全都往低了打 能逃就逃吧。
147761,1297,赵宏琴,2022-01-10 17:33:35,28,29,1,上完这门课愣是不明白我和琴王到底谁是小丑
147785,1297,赵宏琴,2022-01-11 00:46:28,9,9,0,评分标准莫名奇妙，付出了很多努力，给分很低。这人上课还标榜自己会奖励努力的同学。sb
147795,1297,赵宏琴,2022-01-11 01:07:21,14,14,0,真的吐了，琴这人有什么毛病，学生一学期在你课上靠着自学的天赋付出了多少你自己没数吗，就给这点分？怎么了，讲的差还不允许别人不听？每节课上课就像自己在练口语，关键是练了一学期都不见任何长进..怎么能这么差啊救命（指琴本人的教学水平和我的成绩）..
148456,1297,赵宏琴,2022-01-13 03:49:07,3,3,0,要求学生写“八股文”（琴的原话）\n\n期末论文因为没有写成五段式被打了低分。\n\n慎选。
148482,1297,赵宏琴,2022-01-12 15:44:10,4,4,0,学不到任何东西。每节课翻来覆去地讲一个概念。多数情况下人很和蔼，边讲边微笑着和你对视。
148606,1297,赵宏琴,2022-01-13 03:25:32,1,1,0,老师人挺好的，但是，课，慎选，快逃！
148896,1297,赵宏琴,2022-01-14 02:08:03,5,5,0,写作一：除了一些文章基本结构，确实没学到什么东西。老师人还不错，讲课绕来绕去，没有重点，听不明白，会下来到处转，和你微笑对视，有点惊悚。作业量不大，弄清要求来就可以。（前面说五段式八股文的同学，琴上课确实说过“这个写作就像写八股文一样”，但期末作业毕竟强调了格式要求的，这也不是老师的问题吧）
149818,1297,赵宏琴,2022-01-17 06:54:13,6,6,0,写作一打分并不如想象中的好\n\n就是说既学不到一点东西 又拿不到高分\n\n快逃 求求写作三有别的老师教
150367,1297,赵宏琴,2022-01-23 14:04:29,10,11,1,给分差 上课无聊
160574,1297,赵宏琴,2022-09-27 08:51:05,4,4,0,啊啊啊啊啊上她的课简直是折磨，完全不知道在讲些什么，真真“曲高和寡”。一点有用的都不讲，很浪费时间，全得靠自学。当初为什么没退她的课啊啊啊啊啊啊啊啊
161033,1297,赵宏琴,2022-10-24 11:53:57,19,20,1,一周中的痛苦50%来自琴的课，还有50%来自琴的作业
162374,1297,赵宏琴,2022-11-21 06:55:33,6,6,0,很难想象浙大的英语老师不认识application……在课上问同学们“娱乐”怎么说，哦，是entertainment
163302,1297,赵宏琴,2022-12-12 10:24:48,5,5,0,这人有4.5分就是个奇迹，成绩和讲座挂钩是真的讨厌
164141,1297,赵宏琴,2022-12-18 11:17:12,4,4,0,讲课水平如同三角函数，忽高忽低\n\n琴王的课如同余音绕梁，白噪音放松身心\n\n琴王的人还不错，打分还不错（前提是听懂她上课说的并且照做
164295,1297,赵宏琴,2022-12-20 07:05:06,5,5,0,别来，每节课被chinglish的和她的自我陶醉包围，一周浪费1.5h一个学期浪费一整天
164735,1297,赵宏琴,2022-12-24 12:24:25,12,13,1,绝对的好老师，害怕自己上课讲的不够清楚，会在平安夜用钉钉给你打电话\n\n哦对了，是在9月份的私信还未读情况下
164737,1297,赵宏琴,2022-12-24 12:37:48,2,4,2,琴的课能润还是润吧，虽然给分挺好但是真的折磨\n\n但她不会因为你做什么事就有偏见\n\n上课完全不用听，下课前十分钟注意听作业要求就行
165714,1297,赵宏琴,2023-01-09 11:20:58,5,9,4,答辩老师加答辩课，这种课卷和摆都毫无意义，作文打分全看心情，两个字，晦气！
165758,1297,赵宏琴,2023-01-09 14:03:43,13,15,2,不敢恭维。final essay写的评语三句话五个语法错误（小学生都不会犯吧），完全不知道评语怎样。问了依然不懂，只好重写再给她看。最后喜提专业课最低绩点，玄学给分，尺度难以估量。琴大概是变了吧，for the worse。
166184,1297,赵宏琴,2023-01-11 10:56:04,2,4,2,这很难评
166203,1297,赵宏琴,2023-01-11 11:52:29,7,9,2,依托答辩，快跑快跑。水平差分数乱打，逃为上计
166208,1297,赵宏琴,2023-01-11 12:06:15,1,3,2,rubbish
166297,1297,赵宏琴,2023-01-19 04:51:28,3,6,3,写论文写得想死，出了分更想死，我真想和她同归于尽。呵呵。
166502,1297,赵宏琴,2023-01-12 12:27:24,2,5,3,上课讲不明白，给分一塌糊涂，能跑快跑，跑不了祈祷，无f*可说
166518,1297,赵宏琴,2023-01-12 14:31:22,11,13,2,拉低一下，希望她能和Mario齐名
166752,1297,赵宏琴,2023-01-13 12:12:33,8,9,1,给分好教的烂和教的好给分烂，两者总得至少满足一个？本来是前者虽然上课是折磨也还能接受，现在双烂是想彰显自己给分很求是吗？希望中央督导组早日到浙大查一查。
167866,1297,赵宏琴,2023-01-19 15:01:31,5,6,1,上课毫无逻辑，尝试听过但还是完全听不懂，全是自学，布置作业的时候不说清楚，写完了突然又提出一堆要求，给分也很迷。
171889,1297,赵宏琴,2023-04-11 08:09:22,4,4,0,如果我哪天死了，一定是被琴的论文逼死的。
172372,1297,赵宏琴,2023-04-25 12:52:54,2,2,0,真的受不了了，上琴的课写琴的作业都是对我身心的巨大折磨。
176633,1297,赵宏琴,2023-06-29 13:15:42,3,4,1,谁来谁倒霉、、、、很恶心
176635,1297,赵宏琴,2023-06-29 13:24:48,7,7,0,真的受不了你的折磨了 给分这么差 讲的这么烂 你为啥还可以在这里这么多年啊
179508,1297,赵宏琴,2023-09-18 00:27:44,3,3,0,因肝郁气滞失眠已久，感谢老师的治愈课堂！
181342,1297,赵宏琴,2023-10-18 12:45:53,0,1,1,受不了了
186032,1297,赵宏琴,2024-01-08 02:25:13,3,3,0,最后一次课程才知道琴王的评分标准（指各个作业和paper的占比 而不是真的评分标准 琴的标准岂是我等能揣测的）上课像做法，时不时深琴凝望，感觉很苦口婆心地跟你讲了一些“很有用”的知识，但上了一学期我甚至都不知道学术写作的概念是什么，哪能说没有收获呢，我可是收获了无数个破防和绝望地写琴各种作业的白天黑夜呢！
186455,1297,赵宏琴,2024-01-11 07:27:34,3,3,0,很想四就是了，上课一点没用，讲一堆废话，给分还差
186926,1297,赵宏琴,2024-01-13 14:44:27,5,6,1,琴王上课总是这样的迷幻神奇，“同学们，你们爸妈把你们送来浙大是让你们好好读书的，不是让你们来放松的”😅\n\n英语口音我的电脑从来没识别出来过；特别喜欢用指甲敲桌子；言之无物，赘余重复，在她课上会止不住地睡觉😅\n\n要求写的essay的标准总是让人捉摸不透，永远都是靠着发的资料自学😅\n\n不看钉钉，交错了作业上钉钉跟她私聊，等到下次上课了还是unread状态😅\n\n最后，你给我几分我给你几分🤭
187558,1297,赵宏琴,2024-01-16 14:28:53,7,7,0,上课讲不下去就当爹阴阳学生 给分那么差 不知道怎么能在浙大呆这么久😅 学生不听你讲原因自己没点b数吗😅 只能说英专必过的一场劫 目前无解
188629,1297,赵宏琴,2024-01-19 12:27:31,1,1,0,还行，这学期给分还可以，付出回报成正比。上课挺奇幻的，但可以当自习课。
188630,1297,赵宏琴,2024-01-19 12:27:47,-1,0,1,上课形式有点迷惑，但给分还行
190237,1297,赵宏琴,2024-02-26 09:24:20,-2,0,2,无敌的hq老师。
190379,1297,赵宏琴,2024-02-29 02:46:15,9,9,0,意识流教学法，用福克纳写小说的方法教写作课。在选题的解读上，不接受学生任何与其相左的理解。
192764,1297,赵宏琴,2024-05-30 05:45:21,2,2,0,不能换老师，很失望
198923,1297,赵宏琴,2024-09-13 02:41:22,1,2,1,Terrible
199070,1297,赵宏琴,2024-09-15 03:59:59,3,3,0,太折磨了。。无课件在教室游荡+深情对视。不知道在讲什么乱七八糟的
199316,1297,赵宏琴,2024-09-21 02:07:24,3,3,0,为什么不能评负分？？？？？？？？？？\n\n很好奇它的背景。\n\n这年头真是谁都能当大学老师了。
199649,1297,赵宏琴,2024-09-27 02:18:50,7,7,0,离谱至极，浙大居然有这么差的老师真是开了眼了。离谱点：\n\n1.上课不用话筒，说话声音听都听不到，常年公鸭嗓，操着一口外教来了都听不懂的英语口音，就这？？还英语写作老师？？\n\n2.作业永远不清楚，自己都讲不清作业要做什么怎么做，上课就拿个同学的作业讲啊讲啊，听不懂她上课的点在哪里\n\n3.上课内容及其无聊，要么就重复几遍之前的话和单词，不断重复重复，听不懂也没有解释英语口语真的堪忧，高中英语老师都教的比她好，还说自己就是教科书，骗鬼呢？？\n\n4.她应该觉得自己上课挺好的，同学不听就是因为同学懒，动不动就劝同学们什么好好学习啊，上课没东西讲了就开始心灵鸡汤，还喜欢深情对视，不看她就要敲黑板…\n\n搞不懂浙大留着这样的老师想干嘛，要不是英语写作1只有她上，如果有别的老师根本没人愿意选她的课吧（╯－_－）╯╧╧
199652,1297,赵宏琴,2024-09-27 02:57:26,2,3,1,已经沉默了
199752,1297,赵宏琴,2024-12-05 06:55:08,1,1,0,姐。你动不动突然布置作业和突然改ddl时间是什么意思😅11天后的ddl突然改成1天后什么意思😅😅存心搞我们吗😅
199769,1297,赵宏琴,2024-09-29 11:07:01,5,5,0,救命啊我是真的听不懂你上课说的什么…我都不知道是你的英语口语有问题，还是我的英语听力有问题…
200524,1297,赵宏琴,2024-10-18 08:48:32,1,3,2,说好的一小时讲座你讲了多久，30度你不开空调，教室里一股味！！你这辈子就这样了，学生还有大好的未来，不要用你的废话浪费他们的时间
200927,1297,赵宏琴,2024-10-25 02:24:10,2,2,0,恨你。
207534,1297,赵宏琴,2024-12-23 01:51:45,2,2,0,简直sb出了一定境界，建议快跑，三言两语难以讲出可怕，拖课15分钟起
207788,1297,赵宏琴,2024-12-24 09:19:27,-1,2,3,老师其实还可以啦，给你单独批作业的时候是真的认真，也是真的愿意教你如何写论文，还是挺负责的
209724,1297,赵宏琴,2025-01-07 01:21:40,0,3,3,姐你不早说你给我这么高分
209771,1297,赵宏琴,2025-01-07 04:41:39,0,3,3,给分也太好了给我整愧疚了
209798,1297,赵宏琴,2025-01-07 06:33:11,6,6,0,被卡了
210305,1297,赵宏琴,2025-01-09 01:29:36,1,3,2,煞笔 大煞笔 没话说
211022,1297,赵宏琴,2025-01-10 10:50:14,0,1,1,感谢赵老师，点到从来没到过，只去了一次还迟到。期末论文也没交，但是！但是！赵老师竟然给了我70分。这门课只要你报了就不会挂科，家人们赶紧报吧。
211263,1297,赵宏琴,2025-01-26 05:20:49,-4,3,7,老师人挺好的，给分还行
214058,1297,赵宏琴,2025-01-23 10:26:01,0,0,0,上课没啥内容
1924,1311,刘慧梅,2015-03-26 08:36:44,-7,13,20,和蔼可亲，认真负责，会生活的也会教书的教授
17119,1311,刘慧梅,2016-01-19 15:23:57,-18,7,25,超爱梅梅 可爱的老师 特别善解人意！
33603,1311,刘慧梅,2016-09-20 08:23:56,-18,6,24,老师人很好 讲课很专业
35157,1311,刘慧梅,2016-11-03 09:26:26,14,18,4,口音极差，很多要求不明所以，每节课点名。不过PPT里的东西很全，虽然不允许下载。
35678,1311,刘慧梅,2016-11-10 07:43:59,13,17,4,讲课超无聊，口语超级烂，上课很折磨
45713,1311,刘慧梅,2017-01-20 03:31:26,2,3,1,orz
51345,1311,刘慧梅,2017-06-01 07:40:05,8,12,4,口音恐怖 可能是口音最不好听的老师 活生生把大类课上出专业课的感觉
51349,1311,刘慧梅,2017-06-01 10:02:22,11,13,2,一个大类课，哪来那么多麻烦事情
63656,1311,刘慧梅,2017-12-12 00:41:43,11,11,0,烦死了！！！
79792,1311,刘慧梅,2018-06-13 15:17:29,-17,5,22,很好的老师啊 给分特别特别好 真正的学者 很喜欢
91208,1311,刘慧梅,2018-12-03 10:25:50,4,5,1,想到一出是一出 经常第二天要上课了头天早上才布置作业 有事吗？
92304,1311,刘慧梅,2018-12-27 14:33:17,-15,7,22,很喜欢呀！很善解人意
93279,1311,刘慧梅,2019-01-08 16:19:48,4,6,2,意识不到自己水平不够
93475,1311,刘慧梅,2019-01-10 03:00:42,5,8,3,原来这年头什么歪瓜裂枣都能当教授啊。呵呵！
96698,1311,刘慧梅,2019-01-21 09:22:50,3,5,2,人不厚道
96823,1311,刘慧梅,2019-07-02 02:02:11,5,9,4,刘慧梅就是个imbecile
103974,1311,刘慧梅,2019-03-08 07:14:06,-18,5,23,老师人很好很温暖哦
109541,1311,刘慧梅,2019-06-17 00:01:26,10,14,4,长的像一只大蜘蛛
110081,1311,刘慧梅,2019-06-22 09:11:23,7,9,2,明明交了作业显示已阅读然后说我没交？？？
110082,1311,刘慧梅,2019-06-22 09:30:49,11,12,1,真的烦，忍受一个双语水平都比你差的远的辣鸡当你老师，还要接受她的各种无理作业，真是一门课就能糟心一学期
134672,1311,刘慧梅,2021-04-08 07:18:43,9,10,1,神经病
134689,1311,刘慧梅,2021-04-09 12:11:07,8,9,1,根本不考虑学生的感受和时间，布置作业数量很多，负担大，根本不倾听学生的需求的想法。
134692,1311,刘慧梅,2021-04-09 14:56:28,29,33,4,作为老师首先要教书育人吧，来讲了两节课故事什么都没讲明白，就让每个人去做采访，然后拿去自己做研究，不讲点师德。？不排斥做采访，单纯恶心这种行为。
134695,1311,刘慧梅,2021-04-10 02:38:48,5,7,2,挺无语的
134751,1311,刘慧梅,2021-04-13 10:30:02,19,19,0,上一周的课就能拿到200份采访资料，100余位同学免费打工，不愧是您啊
134752,1311,刘慧梅,2021-04-13 10:39:20,18,18,0,课程是文化精粹\n\n\n\n上课讲些自以为有趣的故事 讲得不好 还非要同学跟着互动 和前几节课形成鲜明反差😅\n\n\n\n然后一门非专业课 一周每人要整俩深度访谈 说好了不涉及隐私 结果又要一大堆受访者信息；结果发现是给自己的论文收集数据 收集就算了 还不提前打好招呼 真有点恶心了
134755,1311,刘慧梅,2021-04-13 11:52:25,6,7,1,上课点名，还用写小作文的方式double check。一周时间每个同学都要深度采访2个人（还是在同学们强烈反应之后从3个减少到2个）并做30-90分钟录音和转文本文稿。组长还要对访谈进行总结展示，根据要求需要把十几份访谈报告看完。没错，这门课是中外文化精萃，以休闲和幸福为主题的访谈，和中国传统文化挂钩难道不是很牵强？100位同学做老师收集自己论文样本的免费劳动力罢了。且不提老师上课不知所云，单从作业来看，所有同学无一幸免（还浪费很多受访者时间），没有最累，只有更累。
134756,1311,刘慧梅,2021-04-13 14:07:25,2,3,1,一个学期上两周课其中一节还不用自己讲，还带着一位副教授助教，原来这就是传说中的博导。以帮助学生锻炼访谈能力之名，行为自己研究收集数据之实，真的不知道问她怎么有脸说自己一直坚持来上中外文化精萃。再说，休闲与文化跟中国文化精萃有什么关系，无语
134783,1311,刘慧梅,2021-04-15 01:33:16,6,7,1,我愿称她为多少沾点
134913,1311,刘慧梅,2021-04-22 05:38:42,2,5,3,把大类课学生当免费劳动力
151035,1311,刘慧梅,2022-02-22 06:15:10,1,4,3,什么都做了 什么也写了 没有考试给我挂了？ 牛b
174355,1311,刘慧梅,2023-06-10 12:52:07,4,9,5,上过刘老师的休闲哲学，当时虽然还不是一门实践课，老师仍然安排了一节茶道课给大家体验。茶道课很有趣，也学到了很多。在休闲哲学的课堂上可以感受到老师是希望给予大家更丰富的休闲体验的，还邀请海外教授进行讲座。虽然老师会要求采访什么的，但最后大家会以小组形式完成一份报告。这些访谈和调研报告也让我第一次接触社科类的研究方法。老师也会认真评阅。后面老师还指导我们小组继续把论文改写成了英文，并且尝试投稿了英文会议和南大论文会议。个人觉得休闲哲学的相关课程的特点是会设置很多不同类型的体验活动：比如茶道、冥想什么的，也是满足劳育课程的相关要求。老师是希望能够让大家有更多的收获，所以大家可以根据自己的时间和课程目的选择。我也看了很多前面的评价，每个人上一门课的期望结果不一样，我觉得大家可以更加事实性地指出自己觉得不合适或者可以改进的地方，刘老师都是会认真接纳和考虑大家的意见的。而不是匿名发一些辱骂性的言论发泄情绪。
174985,1311,刘慧梅,2023-06-20 14:24:55,1,1,0,orz
181403,1311,刘慧梅,2023-10-17 03:38:29,6,8,2,助教在课上问所有男同学：“你们都怎么在女性议题下沉默了？”
183615,1311,刘慧梅,2023-11-28 02:23:42,5,5,0,天天上课撺掇着要么去采蘑菇，要么就讲植物
184174,1311,刘慧梅,2023-12-12 00:50:38,3,3,0,真是地黄瓜上不了高架子
189460,1311,刘慧梅,2024-01-24 11:11:33,2,3,1,休闲哲学与实践。\n\n大一学生选之前不知道是跨专业的课，最后绩点4.8\n\n这门课感觉平时比较水，听不听课都可以，对最后的大作业没什么影响。还有两次实践课，会带我们出去找蘑菇、认识植物，还挺有趣的。\n\n刘老师人很温和，对同学们的询问之类的也很有耐心；助教姐姐也很温柔\n\n平时没花什么时间，最后小组合作大论文的时候花了点心力，总体花费时间不多，就是没学到啥东西
190679,1311,刘慧梅,2024-03-14 06:05:20,0,1,1,你可以说刘老师讲的无聊，但你不能否认她给分高
192966,1311,刘慧梅,2024-06-01 09:02:13,0,1,1,给分不错
206092,1311,刘慧梅,2024-12-13 05:13:36,-1,0,1,上课很无聊，对哲学文学这些有兴趣的除外，我们点名是小组长点名，你跟小组长关系好可以直接走，并且时间一般是第一节，可以上完第一节直接走。\n\n课程有出去实践的部分，挺放松。\n\n给分可以，特别是一门课可以同时当跨专业和劳育，还是很有价值的。
214508,1311,刘慧梅,2025-02-10 08:00:19,2,3,1,休闲哲学与实践，课程任务整体上就是为最后的调研报告服务的，分为开题报告、中期报告和结题报告，其中前两者主要要求在课上做PPT汇报，后者要求提供最终成果，具体字数要求忘记了，大多数小组都会超。老师和助教都相当有耐心，在课后为我们小组提供了相当大的帮助，课程内容很有意思，也算真正做到了休闲吧，整体推荐。
219412,1311,刘慧梅,2025-05-26 23:41:29,2,2,0,没有一点学术的sense，自己的博士生抄袭被锤，拉着学院的老师们大规模排查举报者
4756,1339,章红新,2015-06-27 12:44:20,54,96,42,上大学以来见过最负责的老师没有之一 造句作业都次次人工亲手批改 英语渣表示真的能够收获不少 起码能大大锻炼英语做展示的能力\n\n
6712,1339,章红新,2015-07-19 11:13:56,27,58,31,章老师真的是一个非常好的老师。她要求很严，作业很多。但是我上了外教的课后，才知道她的课堂内容有多紧凑，对一个人的能力提高有多大。而且她会四五种语言，简直牛逼。
10648,1339,章红新,2015-11-21 12:28:08,26,40,14,大英五作业相当多，但是老师每个作业都认真批改了。要求高，很累但是提升很大。
21744,1339,章红新,2016-03-24 09:04:59,6,12,6,事多，听不懂
21886,1339,章红新,2016-03-01 12:14:21,22,27,5,事多，好严
22293,1339,章红新,2016-03-03 09:23:47,-12,13,25,差差评
23016,1339,章红新,2016-03-16 07:00:17,75,107,32,listening and speech\n\nspeech and  listening\n\nif you are good at English，you can improve a lot\n\nbut if not，\n\n就像在听天书一样好嘛！！！！\n\n根本跟不上节奏！整节课提心吊胆的！
23371,1339,章红新,2016-03-27 14:28:14,2,8,6,顶级好老师，认真负责，真心赞
25075,1339,章红新,2016-05-05 07:18:16,25,34,9,好老师，但是如果你像我一样英语不好而且不想学好的话建议在第一周退课。血与泪的教训。
27312,1339,章红新,2016-06-24 15:08:39,4,9,5,很负责认真，课不水，就是作业多，不适合想水掉大英的人。想好好学大英的推荐选。
27455,1339,章红新,2016-06-26 10:00:27,-9,11,20,高中式的老师。负责但教学方法不敢苟同，给分的话，我觉得已经很差了。
27457,1339,章红新,2016-06-26 10:09:55,0,6,6,感动得要哭了 拯救了我的英语
27476,1339,章红新,2016-06-26 12:06:31,0,7,7,讲道理，老师每节课都会给我们发自己整理的单元资料，虽然很多我都拿来压箱底了。。但是她真的很认真负责。赞
27494,1339,章红新,2016-06-26 14:23:49,-11,10,21,差的我都不忍心说话了
27819,1339,章红新,2016-06-27 16:43:28,4,7,3,老师很靠谱，只是我太渣orz
27870,1339,章红新,2016-06-28 01:52:56,2,4,2,课堂的任务是挺多的，但老师是真的好，分数一般般吧
28667,1339,章红新,2016-06-28 11:59:29,0,1,1,唔，很好。英语渣收获很多
28766,1339,章红新,2016-06-28 14:12:11,21,34,13,老师很好，超级负责任，老师基本每节课都会发自己详细准备的资料，大英四quiz之前还会专门开一节课给大家复习。开始觉得有点跟不上，后来也习惯了，老师超级平易近人。给分很公正，课不水，强烈建议真心想要好好提高英语水平的同学选。我本来怕老师事情多，想退课，但是学了一会儿以后，我觉得老师上课内容充实，干货多，以后遇到这样的好老师的机会也不多了。自己虽然不是班里成绩很好的那批同学，但是相比之前一个学期，花在英语上的时间也多了不少，成绩也比大英三好了很多。真的很感谢老师。
28790,1339,章红新,2016-06-28 15:17:05,4,7,3,记得老师还给我们过各种节\n\n
31108,1339,章红新,2016-07-03 08:21:48,2,3,1,要求高是好事。
31792,1339,章红新,2016-07-05 02:22:49,4,5,1,真的按照老师的要求你会收获很多的！
33755,1339,章红新,2016-09-21 10:46:45,5,10,5,负责呀。你们这些人呀，自己英语差成绩低就怪上老师，甩锅也要按基本法呀，我觉得你们还是要学习一个
39415,1339,章红新,2016-12-22 13:54:47,6,9,3,老师真的很好(￣∇￣) 学习语言就是应该紧凑、强度高吧～老师有许多的补充材料，内容充实，一不小心就已经下课了☺️ 而且老师很亲切啊，会笑的很开怀。课堂不大，大家氛围会很好
41345,1339,章红新,2017-01-11 02:25:30,18,29,11,红新老师，绝对负责，绝对厉害，很有亲和力，经历丰富，很有思想，上大英五，感觉是最不水的课了，带给我们很多尤其是关于演讲，口头表达，文学欣赏等各种方面的营养，还和我们过万圣节，感恩节，收获很大，老师语速比较快，作业。。。比较多。喜欢这个很有阅历的女老师，给我一种红玫瑰的感觉。
42212,1339,章红新,2017-01-14 02:10:25,0,3,3,就是给分 非常一般般
42820,1339,章红新,2017-01-15 08:31:34,7,14,7,我来为Marie正个名\n\n这么负责的老师 让人可以学到很多东西\n\n上课稍微走神就会错过很多\n\n所以建议基础好的同学们选她~
42952,1339,章红新,2017-01-15 13:15:34,5,5,0,想提高英语的强烈推荐，课堂发言什么的很多，想混英语学分的千万别选。强度个人觉得比大英三四加起来还多，一学期写下来的稿子（speech，presentation，复述，作文之类的）一大叠。给分正常，想拿高分应该是比大英三四简单的，会有额外optional的任务，做了直接加平时分。
43239,1339,章红新,2017-01-16 04:30:24,0,1,1,真的是好老师，很认真很负责，累但是收获大。
47666,1339,章红新,2017-02-15 12:33:01,11,21,10,Marie是一个对学生非常好的好老师，每次quiz完了还会给学生发小礼物，上课有时候还会给大家带入一些外国节日方面的内容。每次上课都会给我们发自己印的讲义，但是被很多人忽视。任务很多但是上课真的很充实我觉得。美中不足是口音略怪，有时候会点同学回答。反正我给10分。
49040,1339,章红新,2017-03-22 07:11:42,-14,8,22,超级无聊……绝对不要选！！
49099,1339,章红新,2017-03-26 04:01:24,6,13,7,maria真的是一个很负责的老师，上她的大英五我真的收获很多，尽管我们有很多事情要做但是这些事情都是真的可以提高我们的能力的，而且她还会和我们介绍国外的文化，讲述自己的经历，教会我们做人的道理～真的是一个很好的老师，不管最后给分怎么样都要对她比心！
49484,1339,章红新,2017-04-16 17:28:00,0,3,3,挺好的吧
52478,1339,章红新,2017-06-27 01:04:51,20,21,1,不推荐英语不够好的人学，血与泪的教训
52640,1339,章红新,2017-06-22 00:57:52,0,3,3,老师要求比较严，认真学会有收获。
53011,1339,章红新,2017-06-24 15:32:09,5,7,2,虽然大英成绩很差但是还是要表白maria超级超级喜欢你！！！
53029,1339,章红新,2017-06-25 03:04:24,7,11,4,紧凑的课堂意味着更多的交流，氛围很好，恍然期末就要分开，很舍不得老师与同学们
53067,1339,章红新,2017-06-25 09:18:52,0,2,2,好老师。\n\n
53384,1339,章红新,2017-06-26 13:14:05,3,6,3,每个星期的课对自己都是挑战！\n\n老师真的好负责，我感觉是上了大学又能学到人生哲理，又能学到真正的英语的课！\n\nMaria炒鸡爱你啊！希望你天天开心！\n\n感谢你用自己的经验帮助我们少走人生的弯路！
53424,1339,章红新,2017-06-26 14:53:32,-28,2,30,课水分高
53443,1339,章红新,2017-06-26 15:14:31,2,4,2,老师真的超级超级棒！大英五教我们公共演讲还有快速阅读什么的对整个人有很大的提升！从之前不敢开口说英语到现在想说就说（并没有……）收获真的很大！老师人也很温柔很负责！不过讲真的大英五是挺难的，只有花时间才能有大的收获。
53464,1339,章红新,2017-06-26 16:11:28,0,3,3,老师上课非常认真，除去课内的内容，老师还会给我们补充很多课外的内容，非常有收获！虽然课程有些难度，刚开始会有些累，但也能看到自己的成长。如果想要水水的过，就不要选这门课了，如果想要学点东西强力推荐。最后的给分还是看自己平时的努力！
54364,1339,章红新,2017-06-29 07:48:43,0,1,1,认真负责善良
54524,1339,章红新,2017-06-29 13:30:28,0,1,1,需要有一定的口语基础～
55360,1339,章红新,2017-07-01 10:55:17,0,1,1,老师的确有点严厉，但是人很不错，给分也公正，很有思想，认真学收货不少。
55589,1339,章红新,2017-07-02 03:40:49,4,7,3,强烈推荐真心想学英语、提高英语甚至语言能力的同学修读章老师的大英Ⅴ！浙大大一一整年学到最多最干干货的一门课！建立在自愿自主基础上的频度最高、质量最佳的师生互动！最重要的也是以上2点的根源是——极其认真负责（亲自手改翻译、评阅作文）的章老师不仅教授、延伸扩展教材内容，还教授、训练public speaking、skimming、summary、scanning等等多项技能、实战能力，课程内容丰富，章老师充满活力和感染力，不止是语言学习的老师，还可以是（ｂｕｔ　ｉｔ＇ｓ　ｕｐ　ｔｏ　ｙｏｕ）令人心悦诚服的人生导师。（大英Ⅴ教材要求的词汇大部分是托福雅思GRE的要求，浅薄经验：跟随课程进度掌握each unit，quiz和期末考便能轻松；认真完成任务，一学期的积累定会收获颇丰！）
55606,1339,章红新,2017-07-02 04:37:35,0,2,2,老师人很好
56250,1339,章红新,2017-07-03 10:28:46,4,6,2,见过的最好最负责任的英语老师，没有之一。刚开始上课感觉很累事很多，有点后悔选了这课，但是期末的时候感觉收获满满，庆幸选了这门课。讲真，很难遇到这么无私地分享自己的学习经验、生活经历的老师了，每节课都打印发放自己总结的资料、阅读技巧。有时候会因为Maria的认真和坚持而感动。老师给分好，会照顾大家的刷分需求。很喜欢Maria。
59580,1339,章红新,2017-09-23 23:01:18,0,1,1,比较辛苦
60996,1339,章红新,2017-11-06 14:48:12,4,4,0,老师的课非常棒，真的能学到特别多的内容，平时要求挺严的，但过节的时候也会放我们玩，超级喜欢章老师啊啊啊！！！！
64066,1339,章红新,2017-12-21 01:05:14,3,4,1,满绩是不可能满绩的，这辈子都不可能满绩，又只能水水课混混日子这样维持一下生活，上她课的个个都是人才，说话又好听，我超喜欢上她课的
64118,1339,章红新,2017-12-21 04:15:51,0,1,1,收获很多
64723,1339,章红新,2017-12-27 02:47:24,0,1,1,很负责的老师，现在还很怀念上大英五的日子。事情不少，不水，收获也很多。如果能从大英三上到大英五提高会更大，能在听说读写方面有全方面的提高，强推一波
64893,1339,章红新,2018-01-20 07:36:59,4,6,2,老师特别好，也很温柔，最好给分好到让人感动，真的觉得自己对不起这个分数。平时对我们要求很严，但收获真的很大！只要听了老师的话，最好一定会进步很大的！
65095,1339,章红新,2017-12-28 16:47:31,0,1,1,好老师\n\n推荐大家选\n\n
66561,1339,章红新,2018-01-17 09:14:20,7,9,2,很喜欢课堂互动，对学生有蜜汁自信(应该的，同学里有很多优秀的)，除了全年级的小测自己还组织小测，很认真负责，平时语言点的整理精细的简直让人不做都羞愧，而且会过各种节日！从来没有过过万圣节和感恩节的我亮瞎狗眼，她会自己准备道具哦⊙∀⊙！平常各种在国外的生活经验也不会少，总之是个很好的人生导师。但我不好，对不起?
67057,1339,章红新,2018-01-20 07:32:32,2,3,1,老师很不错\n\n但英语渣表示还是跪了
67058,1339,章红新,2018-01-20 07:36:36,3,4,1,超喜欢的认真负责又和蔼可亲的老师啊...可惜下学期没选上Marie的课???
67061,1339,章红新,2018-01-20 07:43:44,0,2,2,任务多 收获大 人好给分好~
67062,1339,章红新,2018-01-20 07:43:52,0,1,1,真是和室友的老师比才发现原来章老师这么负责的，会上传复习资料给我们，还会带着复习，课文全都上，表白~
67065,1339,章红新,2018-01-20 07:45:53,4,4,0,很好，很享受，非常好的英语老师，能学到很多知识。\n\n
67067,1339,章红新,2018-01-20 07:48:09,7,13,6,超级棒的老师！！上了她的大英三，我毫不犹豫地选择了她的大英四。上课内容丰富，能扩展很多知识，课堂上没有个人或者小组展示，但是有fun quiz ，全班一起玩游戏，记单词，还有小礼物?。每个单元都有语言点和翻译，还有老师亲口念的课后例句（别的班没有的！）成绩出来之前还在群里跟我们先报喜，成绩一出来就告诉我们。真的很负责又有爱！
67068,1339,章红新,2018-01-20 07:48:38,3,4,1,老师很厉害，很认真，经常讲他儿子和他出国旅游的事。英语给分都一样啊。
67069,1339,章红新,2018-01-20 07:48:39,3,6,3,章老师是个认真负责的好老师，平时事多事少其实全看个人，老师给的资料认真看收货很大，如果就水水的话老师也不会来查。这学期大英三水了一学期，全凭高中英语的基础拿了4.2，其实有点后悔没好好看老师给的补充内容。下学期还是maria的大英四，在此立个flag，下学期不能再水英语课了！
67071,1339,章红新,2018-01-20 07:51:38,4,4,0,老师人挺好的，有时候上课会给大家准备小礼物
67076,1339,章红新,2018-01-20 08:21:14,5,7,2,"老师挺好，是我太渣(﹁""﹁)。。。"
67100,1339,章红新,2018-01-20 09:29:48,10,12,2,超级好 虽然我只有3.0  但真的 超级喜欢这个老师 上老师的课真的很感动。  虽然第一学期水了 但下学期还可以继续上老师的课真的很开心。\n\n大英 别水 学长的忠告。QAQ。
67241,1339,章红新,2018-01-20 13:45:46,4,4,0,表示老师绝对是好老师，很负责，其他老师都没有帮学生整理的东西我们都有。上课比较重视听力吧。虽然我绩点不好看但是也只能怪我自己英语基础太差记性不好以及大学重心没有放在英语上。选这个老师绝对是稳的下学期大英四也想选可惜课程冲突。
67329,1339,章红新,2018-01-20 23:58:36,0,2,2,虽老师非常负责任，而且上课很有趣！！平时在群里会认真回答同学们的问题。要不是和别的课冲突了我肯定会选学姐的课！这学期绩点2开头完全是自己渣，下学期一定会好好做人的。
67491,1339,章红新,2018-01-21 10:40:08,0,1,1,好老师。。超级负责任。。必须赞一个。。不给10分都对不起我自己
67580,1339,章红新,2018-01-21 14:54:27,0,1,1,老师很负责啦……虽然事情有点多，不过人很好。一个学期没学英语没想到最后还算可以，给满分啦！
67848,1339,章红新,2018-01-22 08:14:40,0,4,4,期末考完了，我也客观地评价一下老师和这门课吧。章老师真的是非常棒的老师，大学英语的课通常是很水的，然而她的课上能学到非常多的东西，如果你真的希望提升自己的英语水平，那一定要选她的课，两节课的时间真的是干货满满，收获满满，我觉得上了一学期的课有了巨大的提升，不过我觉得老师也是有故事的呀～上课和我们分享她的人生经历和教训。而且老师非常认真负责，每个单元都有复习包，很少能见到这么细心的大学老师了。最后，考试还是要自己下功夫的，而且你的努力决定了你未来能用一口流利的英语惊艳全场～我没见过哪个认真背单词的同学大英考试会低的，反正我差两分满，下学期加油～
67960,1339,章红新,2018-01-22 11:41:09,0,0,0,老师很好，我太渣。要求比较严格吧
68515,1339,章红新,2018-01-23 09:49:51,3,4,1,老师很负责，很敬业，但是对于英语差劲的人，完全是扼杀了所有希望，2.几的绩点让我直接下四，再也没上来过
68546,1339,章红新,2018-01-23 10:42:44,0,1,1,老师很好，还有知识点整理复习，很认真负责，fun quiz也很有趣，评分低是我自己太差(>_<)
69161,1339,章红新,2018-01-24 09:12:42,0,1,1,好老师！
69361,1339,章红新,2018-01-24 14:16:38,0,1,1,超级棒！一开始可能会觉得作业多很累，但是习惯了以后发现只有这样英语水平才能真正的提高。Marie的课不水，需要同学保持专注。只要认真学绩点真的不会低啊！可惜大英四没选到，难过啊…
70317,1339,章红新,2018-01-26 12:30:16,0,1,1,负责 准备材料比其他班多很多  没有充分利用材料的我有种对不起老师的感觉 上课几乎每节课都感觉不到时间的流逝 很充实活动丰富 会准备小礼物 不管是fun quiz 还是quiz  每逢西方节日 我们课上都要过的 会补充很多东西
70447,1339,章红新,2018-01-26 15:48:53,0,1,1,扩展知识，总爱给我们一些材料和额外的训练
75085,1339,章红新,2018-03-07 09:10:55,2,3,1,如果确实很热爱英语，可以选，事情太多，上课太恐怖
75379,1339,章红新,2018-03-09 14:13:23,0,2,2,我上过的课里，有些老师会跟你说，上大学的课，学完了会感觉学不到什么东西，没有成就感。这的确是上大学一些课常有的感觉，也是大学的特殊性所在。但是上完红新学姐的课，嗯，你会发现，哇！自己掌握了好多好多好多东西(◡ᴗ◡✿)~这是红新老师课的魅力。
75790,1339,章红新,2018-03-22 03:32:30,0,3,3,前一两个星期会极度不适应，后面适应了你会发现能学到很多。老师非常负责任，事情的确很多，但是收获也很大，虽然平常写作业的时候很不爽囧，总之是个很棒的老师！！
77598,1339,章红新,2018-05-07 01:37:24,4,11,7,上课提心吊胆啊，简直吓死，时不时的点你回答问题，全班所有同学每人差不多每节课回答两次问题吧，除了quiz还有自己安排的小测验，事情超级多啊超级多，千万不要被老师的评分蒙蔽了双眼啊啊啊啊啊啊
79351,1339,章红新,2018-05-31 10:43:08,2,2,0,温柔的老师，对学生很负责。教给大家的不局限在课本，还有学习方法。写的作文老师也会给每个学生打印出来写评语，真的很用心。从老师那儿学到了很多public speaking 的技能，不局限于课堂，不局限于英语。老师的人格魅力up
80611,1339,章红新,2018-06-28 08:59:09,4,4,0,老师水平很高要求也很高，但真的很认真负责，而且本人超亲切！课上除了课本要求的外内容有大量的干货，这样就显得十分紧凑，但是确实能学到东西。去年上她的课的时候她有7点几分，现在已经9.5＋了。。总之想提升自己的同学可千万别错过了哦！
80690,1339,章红新,2018-06-29 09:21:24,0,1,1,热情幽默负责
80869,1339,章红新,2018-07-02 06:20:11,0,0,0,给分好吗
81252,1339,章红新,2018-07-04 12:40:38,0,0,0,非常负责的好老师，很感谢老师\n\n
82344,1339,章红新,2018-07-08 02:54:37,0,0,0,老师真的很负责啊 是我还不够用心
82615,1339,章红新,2018-07-08 17:41:14,2,2,0,10分不解释，从小到大遇见的最好的英语老师。学会了很多很多人生道理。
84877,1339,章红新,2018-07-14 07:09:55,0,1,1,老师很好，但是像我这种英语比较辣鸡的就会得分比较低，挺极端的吧，英语感觉辣鸡的慎选。但是如果英语辣鸡但想学干货又不怕绩点极低的可以选~
84940,1339,章红新,2018-07-14 12:35:19,2,2,0,大英老师里面最认真负责的老师，没有之一。真的能学到很多东西，那些想水课的就别来了
86940,1339,章红新,2018-09-19 12:38:34,0,1,1,真的是超级棒的老师
87637,1339,章红新,2018-10-09 01:06:51,3,4,1,作业真的海多
88172,1339,章红新,2018-10-23 09:23:24,-2,0,2,打10分是因为老师确实好，但对我这种英语渣来说只有一个印象……事儿是真真真真真的多！
92323,1339,章红新,2018-12-27 19:00:47,0,1,1,大一上给我留下最深印象的老师！上课气氛真的很好，认识了很多优秀的课友，老师也确确实实在传授干货。和你讲o，她的班quiz平均分永远是最高的！选了就知道原因啦！我爱Maria！
94553,1339,章红新,2019-01-18 13:47:50,2,2,0,非常好的老师
94945,1339,章红新,2019-01-20 11:45:41,3,3,0,maria我超爱你呜呜呜
94946,1339,章红新,2019-01-18 13:29:02,2,2,0,非常棒，我被拉了一把4.5
94947,1339,章红新,2019-01-18 13:29:27,0,1,1,老师特别特别负责特别好！！！虽然没有上90 但是我觉得过程比结果重要！
94949,1339,章红新,2019-01-18 13:33:30,5,7,2,墙裂推荐Marie！炒鸡负责任，而且很乐于分享自己的观点。辩论赛带来的，不仅仅是英语听说的提升。人超好！非常自律，学术实力也很高，会说好几种语言。\n\n推荐英语基础较好、听力较好的同学学，真的可以学到很多东西，完全不存在上大学英语退步的情况。而且老师有很多复习资源，quiz考试都不慌的。上课会点名，主要是课代表被暴击。学姐的New Years Revolution，希望都能成为现实！
94952,1339,章红新,2019-01-18 13:36:47,0,2,2,老师人很好，教课不多说了 ，但是自己被卡分了。英语基础不差，平时也很用心，小测作文什么的成绩也都比较好，自我感觉考试也不是很差，但是和组内一个上课基本没听过的同学分数一样，有点委屈
94960,1339,章红新,2019-01-18 13:53:18,3,3,0,很负责任，成绩反应态度，然而我态度不好...还是很谢谢老师
94977,1339,章红新,2019-01-18 14:06:53,0,1,1,老师会准备很多复习资料助攻测试 平时没有笔头作业 很重视口语which is 超棒！
94987,1339,章红新,2019-01-18 14:17:15,5,6,1,在没上大英4之前，自我感觉英语基础还行，所以对之前评论里有点吓人的话没在怕的，不过最开始上课时便被暴击，语速太快听不懂在讲什么，讲一大堆规矩我们这学期要做什么作业有什么，让人不知所措觉得很乱，而且几乎每次上课都要回答问题压力很大，导致我开学那段时间对英语产生了抵触情绪，不过慢慢的，努力跟上老师（其实就是按时做作业，提交录音材料，提前预习单词），习惯了就不觉得可怕了，一个学期下来口语方面，我想我的进步就在于从以前回答问题都必须要在纸上先写好，到现在可以在心里打草稿直接说了哈哈哈，而且学姐真的很可爱很亲切很漂亮！
94991,1339,章红新,2019-01-18 14:25:56,4,4,0,特别好的老师，更像是朋友间的关系，还会和你交流。自己成绩低完全是自己的问题，老师特别负责，每天都会精心去准备。反正就是特别好了
95077,1339,章红新,2019-01-18 16:31:24,3,3,0,Maria学姐真的超级棒！又负责又耐心，上课也好，什么都好。这次是自己考差了，但老师给分真的很公平，完全是自己不好好学导致这个成绩，给Maria学姐比心
95544,1339,章红新,2019-01-19 14:42:05,4,4,0,老师很好只是我的英语实在太菜，本来开学想退课的强行坚持下来了，平时quiz也就是刚刚及格，但最后还是八十分，，总之很感谢老师了，学到了很多东西，今后英语一定会更努力的
95603,1339,章红新,2019-01-19 16:05:02,-2,0,2,学姐超好的，虽然录音作业做起来可能比较费时间，但是效果很好。期末给分也不错，说好的十分，安排
95637,1339,章红新,2019-01-19 16:56:51,-2,0,2,很负责，事多，不过能学到东西。
95722,1339,章红新,2019-01-20 02:44:55,5,5,0,老师很负责，没得说。会手改作文与测试。平时成绩40%，要好好拿（到课，小测，测验，作文，加分）.....上课紧凑，收获很大，虽然我绩点比较低.....\n\n还是奉劝一句，不要水，不会改分，英语不太好的，还是选大英三
95805,1339,章红新,2019-01-20 05:31:41,2,2,0,大一萌新表示这是自己上过最不水的课，常规作业很多可以帮忙打好基础，选做的作业也很多，可以照顾到想要拓展提高的同学。平时觉得很累但到了小测和考试的时候才发现这一切的作用都是巨大的。\n\nplus 给分公正，强烈推荐哦~
96246,1339,章红新,2019-01-20 14:56:40,-20,9,29,谢谢老师，英4满绩了！很温柔也很负责，会介绍学习软件准备复习资料什么的，都很有用
97950,1339,章红新,2019-01-23 02:36:12,2,2,0,虽然本垃圾绩点下4，但还是因为自己不学的原因，maria学姐真的超棒。
99338,1339,章红新,2019-01-24 15:03:01,-1,8,9,事多辣鸡 给分差
100810,1339,章红新,2019-01-27 01:04:31,2,2,0,平时小测还有作文都很好，不知道为啥绩点这么低，可能期末真的差的很吧。。哎
103002,1339,章红新,2019-02-25 09:44:43,0,1,1,虽然没有机会上老师的课，还是想给老师刷个十分。选了老师这学期神奇的在晚上于东一A上的大英五，发了短信问问老师相关事宜，结果老师告诉我人数不够停开了，回短信的语气亲切得就像和好朋友在交流一样ಠ_ಠ
103278,1339,章红新,2019-02-27 06:18:22,-2,0,2,课绝对不轻松，但是真的很值得，建议想要有提升的同学选，只想水一水的还是算了吧
103373,1339,章红新,2019-02-27 15:03:40,2,2,0,老师非常棒，除了课本内容还有很多扩展。老师英语发音非常棒，知识渊博对我们也很关心。从章老师的课上能学到很多东西，负责任的好老师。对同学们的要求相对比较严格。喜欢英语的同学一定不要错过的好老师！
103504,1339,章红新,2019-02-28 15:36:06,2,3,1,事多是真的，但教得好也是真的，权衡了一下给个9分
110298,1339,章红新,2019-06-27 14:46:23,4,5,1,为了给学姐打10分才写的评论。
110523,1339,章红新,2019-06-27 09:26:21,1,4,3,老师是个好老师，但我只有3.3
110524,1339,章红新,2019-06-27 10:40:10,4,4,0,看到成绩的那一刻，我心彻底凉透了，或许是自己真的太差劲了吧
110538,1339,章红新,2019-06-27 10:07:28,3,4,1,真的非常认真负责！也很温柔！一开始很害怕被点名发言，慢慢适应了之后开始举手了！对我真的有很大的帮助！我永远喜欢Maria！
110560,1339,章红新,2019-06-27 12:58:40,1,3,2,老师是个好老师，但我没上四
110590,1339,章红新,2019-06-27 14:32:26,5,6,1,老师是个好老师，但我绩点只有3
110620,1339,章红新,2019-06-27 16:07:45,-4,0,4,作业很多，但是真的收获很大。一开始觉得老师很严厉，后来也能发现老师的认真和可爱之处，私下老师特别温柔可亲。绩点一般般，这个真的看个人努力了。
110931,1339,章红新,2019-06-28 14:42:58,6,6,0,我爱Maria学姐 让我找回了对英语的热情 虽然我还是很菜 但是真的真的好爱你啊
111129,1339,章红新,2019-06-30 03:48:27,-3,0,3,很有收获，能学到不少有用的东西
111896,1339,章红新,2019-07-03 02:18:40,1,3,2,工科生不小心选到了社科同学的班里…周围的大家真的超级优秀，让我学到很多！虽然因为其他课程任务多，在大英上付出的精力比较少刚上四还卡绩…但老师真的很棒！相比于大英三完全水过，这学期大英四真的干货满满，口语有提升，而且老师精心的复习材料包对考试quiz大有帮助（简直令人感动），希望提升成绩的选红新老师没错啦。真的很难忘和小组一起关于athlete的展示～～
116947,1339,章红新,2019-09-17 13:25:39,-1,2,3,老师很负责任，作业有点多
117005,1339,章红新,2019-09-18 06:42:10,0,1,1,超级负责
118521,1339,章红新,2019-10-28 04:24:41,-4,4,8,有退课的吗？
118626,1339,章红新,2019-10-29 23:20:55,1,1,0,老师真的好\n\n我是真的不行
119013,1339,章红新,2019-11-09 11:39:26,3,3,0,老师讲的特别好
120511,1339,章红新,2020-01-12 22:50:39,4,6,2,爱Maria!一个因全班小测不理想把自己说哭了的老师。认真负责美丽大方，干货真的多，认真学总会又很大收获的(没认真花时间的我拿了对不起老师和自己的绩点)
120837,1339,章红新,2020-01-17 17:36:03,3,4,1,非常认真负责的Maria学姐！虽然作业比较多，但是减轻了期末复习的压力！爱她！
122619,1339,章红新,2020-03-09 02:39:03,0,1,1,老师的英语课很有趣的
126429,1339,章红新,2020-09-26 14:12:37,-9,6,15,3个字（1分）
126562,1339,章红新,2020-10-13 14:31:48,4,5,1,负责任 课外拓展多 当之无愧好老师！
128295,1339,章红新,2020-12-17 03:05:14,4,6,2,作业确实多，但是可以商量呀\n\n上课确实硬核，但是学到好多东西呀\n\n经常QUIZ但是有发复习资料啊\n\nQQ里问她问题还可以免费答疑呀\n\n不过发言要积极，因为算分的
129648,1339,章红新,2021-01-10 03:26:23,-18,7,25,很难想象居然大家给这么高的分数。我是2020年上的课。我认为章老师的任务非常的多，而且对于英语没什么提高。她讲课基本不按照书上讲，因此考试方面的东西要你自己准备。还有很多百无聊赖地展示，我不认为对我的英语有什么提高。还会上课不断的点人回答问题，答不上来就会奚落你，总而言之，我不认为她是个好老师。巨坑，勿踩
130486,1339,章红新,2021-01-23 02:50:37,9,12,3,我爱Maria学姐！无论学姐给我几分我永远给学姐打满分，特别特别好的老师，人格魅力让人折服，不卑不亢温柔又有力量，对学生特别认真真心，作业多可以商量，迟交补交也没关系，上课确实硬核比较吃力，但是说上课讲课外内容全要自己复习太过分了吧，Maria准备好了很全的资料包，推荐了很多很好用的资料软件，能在大一遇见学姐是我的幸运。
130508,1339,章红新,2021-01-23 07:40:50,2,2,0,求maria捞捞菜狗，10分先献上回来再改！
130509,1339,章红新,2021-01-23 07:42:16,3,3,0,求maria捞捞菜狗~十分献上回来再补充！
130580,1339,章红新,2021-01-24 00:44:40,6,9,3,😅😅😅10分吧
130602,1339,章红新,2021-01-24 02:09:23,4,5,1,刚出分，来评价一波。\n\n我英语其实很菜，高考英语走了狗屎运，直接被分到了大英4，本以为会跟不上，但是发现只要跟着老师走，作业认真做，就可以跟得上。老师很负责任，课不水，能力提升极大！
130629,1339,章红新,2021-01-24 04:43:19,4,7,3,选上Maria的课是这个学期回想起来绝对不会后悔的事情。\n\n开始的作业确实很多，一个单元的作业全部基本花了周末一整天的时间。但那些作业对后面的考试和口试真的帮助非常大！Maria知道作业多以后给我们发问卷，然后作业直接砍掉一半，用课上的时间来给我们讲一些本来课后看的课文重点（呜呜呜Maria真的太好了）。每次考试之前Maria都会提醒应该怎么复习，复习材料巨细靡遗，好好按照Maria复习材料来考试绝对没问题。\n\n课上会讲课文重点内容，而且课内课外基本都会讲（我问了我室友他说他们课外都不讲全靠自己复习），更大的收获是Maria会鼓励所有同学发言，这个能力真的太重要了（不仅仅指口试）。笔者口语不错但一直不太敢说怕说的不好，这个学期也主动发言了很多次。在Maria课上真的收获了很多！\n\n老师人很好，课上得很好，而且还会分享自己的亲身经验。吹爆Maria！
130654,1339,章红新,2021-01-24 06:06:05,3,3,0,刚刚看到出分了来评价一波\n\nMaria真的超级好！选她——！！！【破音\n\n认真点说，老师很认真负责，上课气氛也很好，会鼓励同学们发言，一学期下来我这样一个开学初只会阿巴阿巴的口语废物也明显进步了不少。\n\n刚刚开学的时候觉得平时作业很多，没多久老师就发了作业相关问卷，直接把很多作业变成了选做，大程度减轻了负担。presentation之类的作业虽然还是有点麻烦但能学到很多课外的东西。\n\n而且每个单元Maria都会在群里上传单词填空的整理和复习资料，小测和期末前认真过一遍对复习也很有帮助。\n\n很幸运大一就能遇到Maria这么好的老师。
130660,1339,章红新,2021-01-24 06:25:54,7,11,4,出分了才来评Maria，幸好现在我还能做一个客观准确的评价！吹爆Maria学姐！！\n\n真的是，如果想提高英语技能的学真本事的，来Maria的课绝对不亏！！！\n\n重点先讲，每个单元的复习包真的好用，这些资料让我在quiz和final的基础部分游刃有余\n\n另外，刚开学讲的演讲技巧，之后又讲的英语中常见的修辞（甚至比我高中语文老师讲得还仔细），还有阅读方法，受益匪浅！包括推荐的Anki很好用，以及之后课上的pre，让我get到很多做pre的实用tips，并不是楼上某位说的浪费时间！我还去问过老师我的口音问题，老师给我推荐了训练发声方法的课程，Maria真的非常helpful\n\n确实刚开学每个单元作业很多，我甚至做英语作业比微积分时间还久，但老师真的是为学生着想，之后发了问卷调查，又调整了作业量，单这一点就没哪些老师能做到\n\n老师是蛮动情的一个人，也常分享自己经历过的人生片刻，并启发我们。大一认识Maria学姐真的是人生之幸事！
130753,1339,章红新,2021-01-24 13:05:43,1,2,1,真的是超级超级好的老师，人非常温柔。一开始确实会有点跟不上，但是相信我，后来你就会习惯的，而且老师对于提高英语水平非常有用，上课干货超级多，我本来英语成绩不太好，但是上了老师的课后有很大的提高。然后老师上课会特别鼓励发言，即使你发的不好也会很耐心不会让你下次就不敢发言了（对于我这个口语渣来说真的超级nice）。但是如果你是只想水课的话就不推荐了，但我还是要吹爆MARIA！本来我以为大英会非常绩杀，但是也拿到了很满意的分数，感谢老师！
130880,1339,章红新,2021-01-25 05:38:15,14,21,7,Maria学姐！！！真的人超级好！是新新时代独立女性！太棒了qwq很关心学生 上课除了知识以外 还会讲很多其他的 比如学习方法 还有一些劝告什么的（比如告诉我们要珍惜身边的朋友家人/女孩们一定要独立）三观超正   简直像妈妈一样5555超感动…每次小quiz大quiz之后还会发小奖品鼓励  而且她从来没有凶过任何一个学生 你站起来发言她也是很鼓励地引导你去说  太喜欢Maria了  能够上Maria的大英四是我的幸运！一学期下来学到了很多。而且真的只要跟着老师走 认真学 最后绩点好看得绝对超乎你想象！！Maria我爱你♡
130946,1339,章红新,2021-01-25 11:07:58,5,10,5,我上的是大英四~\n\nMaria学姐！自上学以来遇到的最好的大学老师，没有之一。\n\n老师的作业虽然比其他老师看起来充实不少，但也可以选择和调整！（我们班就提了意见让老师在后面课内部分只留了朗读的作业）个人认为量还是完全可以接受的。我们一学期有一次个人展示一次小组展示还有一次演讲（演讲可选择课堂展示），耗时，但是很锻炼自己的口语能力（某首考丢掉英语的five捡回了口语，感谢Maria）\n\nMaria在课后也给我们提供了非常非常多的学习资料！她每节课的4个录屏如果都认真记笔记看掉的话会大有收获~另外还有一开始就发给我们的复习包，把整本书都涵盖了，每次Maria在quiz之前都还会为我们准备她整理好的词汇呜呜太好了。因为Maria送给我们的补天工具，她的大英班quiz均分会比其他班高一截，平时分up↑学姐的给分也非常厚道公正！\n\n特别喜欢的是Maria上课给我们讲的她的人生经历以及一些观点。学姐一直都有在学习，出国求学，并且还会好多门语言！我是一个男生，听她讲一些女性主义的观点特别感动，特别难能可贵！平权支持者泪目！\n\n非常幸运预置了Maria的大英四，我永远喜欢Maria~
131120,1339,章红新,2021-01-26 04:48:21,6,8,2,她好是她好，我菜归我菜。
131294,1339,章红新,2021-01-27 03:42:08,1,2,1,老师很好，但是我很菜，我不配这样的老师，英语口语不好的同学慎选。
131726,1339,章红新,2021-01-28 15:09:54,2,2,0,Maria学姐yyds！真的是特别好的一个老师！选她选她！！！\n\n期待下学期和Maria在大英五课堂上再会！
132406,1339,章红新,2021-02-01 10:23:13,3,3,0,Maria学姐的大英4很有特色，给分也很合理，棒！
134077,1339,章红新,2021-03-15 07:21:36,2,4,2,Maria真的好，喜欢她
138511,1339,章红新,2021-07-09 15:10:18,2,4,2,老师真的太负责了～～期末考的时候才发现那些小小测过的单元单词都记得很牢！平时一直都很温柔的引导大家发言，，大鹦鹉比四硬核好多但是也是真的有很大收获！
138564,1339,章红新,2021-07-10 00:35:33,5,7,2,老师上课很温柔，准备的资料很充分。上的是大英五，有很多拓展的内容，包括英语修辞、演讲、快速阅读训练等。第一节课可能因为难度的提升不太听得懂，但是老师第一节课就强调了comfort zone，choice和change，后面多参与课堂活动真的很有成长和收获。一学期下来学到了很多东西，小测和期末考认真准备，用好老师提供的资料分数会很高。多完成老师布置的optional的活动和作业，有奖励分。后面的课文是每个小组做presentation，虽然任务有点重，但是做完会很有感慨，老师的点评也很中肯，有缺点的指出也有鼓励表扬的部分。上完课后很多课文的句子可以背下来，写作文也更加有条理和顺畅了。总结来说，老师很负责，能学到很多东西，如果认真学了和付出了，绩点也会很好看的。大英五推荐给英语想有更大的提高的同学，嘿嘿
139245,1339,章红新,2021-07-13 17:43:33,2,3,1,怎么还没有上10分！
141269,1339,章红新,2021-09-28 03:02:28,-2,2,4,很累但是有收获好吧
141668,1339,章红新,2021-10-19 10:27:36,1,2,1,666
144883,1339,章红新,2021-12-25 11:53:08,3,4,1,Maria我好爱！其实大英四的时候上的是黄小扬老师的课，老师也挺负责的，但是没有Maria这么这么负责~大英五虽然事情很多，刚开始也不适应语速，但是后来慢慢跟上，才觉得真的好棒！一学期的课上下来，最开始是没什么感受的，但是上完之后的一个学期，我能明显感觉到对于说英语这件事我一点都不畏惧了，我相信这就是Maria的魔力！大英五认真学了比大英四绩点还高！
146094,1339,章红新,2022-01-05 12:54:13,-3,2,5,绩点出来4.2点赞一波老师，资料很丰富，上大学之后再也没遇到过像高中老师一样贴心的老师。平时除了课本以外还交了很多东西，平时她自己看到的好书也会推荐给大家
146095,1339,章红新,2022-01-05 12:54:42,-2,2,4,Maria学姐人真的超好，想认真学英语进！
146099,1339,章红新,2022-01-05 12:58:49,-2,1,3,老师是好老师，课也很硬核，是我太菜了呜呜
146110,1339,章红新,2022-01-05 13:31:52,0,2,2,给maria打call!超级超级负责任的老师，教的也非常好，很努力的在工作和生活，非常有人格魅力\n\n有机会一定要再上她的课
146155,1339,章红新,2022-01-05 15:06:59,-4,2,6,4.8 \n\n老师真的超好 只要各类活动积极参与 老师的资料多用用 期末考好点 绩点会很轻松不错的\n\n稍微有点遗憾吧 我平时活动参加得不多 所以平时分不是很好\n\n所以大家快选她!
146158,1339,章红新,2022-01-05 15:03:55,-4,1,5,喜提4.5来打个10分 作为一个来自英语教学水平相对落后省份的学生 Maria学姐真的让我慢慢找到了自信!只要努力去习惯学姐的语速的话一定会获得很大提升的!
146178,1339,章红新,2022-01-05 15:52:26,-9,0,9,4.8\n\n好好学，我爱她
146319,1339,章红新,2022-01-06 08:02:19,-4,0,4,Maria真的是超级认真负责的老师~感觉相较前几届作业少了不少（比如现在没有听写），她的作业属于必做很少选做很多的那种，只要quiz和期末考考好，即使选做作业基本不做也不会影响成绩。大英四一学期一次小组展示+录制个人speech，给分也很好，强推！
146761,1339,章红新,2022-01-07 11:24:22,3,4,1,先把结论放前面，事多是真的，最后得分不错也是真的\n\n事多：三篇作文（其中一篇500字书评）+小组pre+演讲+英语辩论+两次小小测验（不是quiz1和2）+作业读课文录音+上课会点人回答问题\n\n个人觉得事算很多的了，但是复习包包很有用，课后例句填空和VLS的听力填空让我quiz成绩不错，而且人很好很温柔，如果回答问题不上来会帮你接着下去说还会鼓励你，感觉这一学期下来口语方面有一定的提升\n\n综上，想水的就慎选，但是想提升英语水平or底子还不错的可以大胆放心选
147408,1339,章红新,2022-01-10 02:52:32,0,1,1,上的是学姐的大英四，事情虽然有点多，但是如果认真学的话真的可以学到很多；学姐会给我们分享她的人生阅历，对学生真的很好
148388,1339,章红新,2022-01-12 10:09:18,0,1,1,老师水平很高，而且会经常推荐一些好书和好的学习方法。每个单元都有非常全面的复习包，事情挺多的，常规每单元课文朗读＋复述＋联想，需要花挺多功夫在英语上。
150861,1339,章红新,2022-02-20 02:10:36,-1,2,3,超爱Maria老师！！！在大英四真的学到了很多！老师平时会发很多有用的资料，一方面对考试很有用，一方面也确确实实是一种很好的积累。感觉上完后英语各方面都有了提升，我也一直很享受她的课。\n\n关于绩点：其实只要自己跟着老师发的资料认真准备，再多参与一些活动，就可以拿到很高的绩点。老师给分是实事求是型的，非常公平公正。\n\n这学期很想选Maria的大英五，但是垃圾教务系统把她的课排得很奇怪，不管怎么样都会冲突。。。\n\n希望下学期能再选上吧。。。
163381,1339,章红新,2022-12-14 07:51:05,-2,1,3,真的挺好的
163754,1339,章红新,2022-12-16 05:10:08,0,2,2,作业真的多 但是真的很负责
164317,1339,章红新,2022-12-20 08:43:03,2,3,1,如果你英语很好还很外向愿意上课发言各种展示，那么这个老师真的对你来说绝对10分，可以学到很多，老师人也很好
164374,1339,章红新,2022-12-20 13:00:23,1,2,1,预置课程是她的同学可以不用换了。\n\n提供资料的全面和细致程度前面已经说得很详尽了，这里不多赘述。\n\n适合真心想学好英语，以及想切实提高英语表达能力的学生，同样也适合想划水苟过英语必修的学生（做好小透明，pre胡乱水水，做好每单元复习差不多八九不离十）
168567,1339,章红新,2023-02-19 14:24:30,-3,1,4,good
168637,1339,章红新,2023-02-20 12:55:35,3,4,1,上课很好，资料很多能学到很多（相对应的事情也多），给分只能说很求是，适合能力强的大佬
168643,1339,章红新,2023-02-20 13:45:53,2,4,2,温柔负责，人生导师
168676,1339,章红新,2023-02-21 01:56:48,4,8,4,maria是本人上大学以来见到的最用心负责的老师，对学生也真的好，上课还会唠一些人生大道理，包括但不仅限于tla方面的【捂嘴笑】，上课除了基本的课本知识，有非常多的知识补充，可以学到很多东西。\n\n课后的任务量并没有像前几届说的那么硬，vls听力自觉完成就行，书本上的题目也都没有硬性要求完成。maria会整理每个单元的复习包，包括一些听力填空、课文填空、例句练习给学生们复习用，听说这是独家待遇。其他有些任务耗费时间可能要多一些，但非常有用，比如学习xmind画思维导图、视频剪辑、noteexpress这些软件。\n\n最后的给分可以说是实事求是，平时分都有完整的公示。\n\n唯一遗憾的就是没选上老师的大英五，捏麻麻，和预置全都冲突了。
169685,1339,章红新,2023-02-27 11:08:48,1,1,0,章老师人超级好，对学生很好会讲一些自己的人生经历和经验，只是我太菜了分不高
173441,1339,章红新,2023-05-24 13:06:23,0,2,2,迟了几个月才来评论，要给章老师10分。英语课上能学到的东西本来就不可能多，考试也对英语水平要求比较高，但章老师给的那几个看起来很奇葩的作业真的令我十分受益。NoteExpress要好好学，以后写什么小论文都会用上的。
175037,1339,章红新,2023-06-21 08:15:16,-5,9,14,又他妈卡绩了
186150,1339,章红新,2024-01-09 05:48:15,1,2,1,我给您10分\n\n球球您别卡我绩点，捞一捞
186193,1339,章红新,2024-01-09 09:54:37,2,3,1,如果是希望认真学习英语的，那么章老师绝对是很好的老师，章老师真的我见过最负责的老师之一了，所有作业亲自批改，还会录制讲解视频，如果想轻松一点的，那还是选其他老师。
186269,1339,章红新,2024-01-10 09:29:13,6,7,1,怎么说，比较严，负责是真的，但绩点爆了
186284,1339,章红新,2024-01-10 10:21:52,2,5,3,老师真的超级棒！好好学真的能学到很多，不只是英语，还有为人处事等等方面。非常感激能在大一遇到这样一位好老师！
186292,1339,章红新,2024-01-10 11:00:27,2,3,1,上课干货很多，各个单元都有复习包，作业很多，但是能学到很多东西。上章老师的课，最终收获的不仅是绩点，还有很多课程之外的东西
186299,1339,章红新,2024-01-10 11:35:26,0,2,2,老师非常负责，课堂也很有趣，会讲有很多书本之外的知识
186323,1339,章红新,2024-01-10 13:39:42,-2,2,4,非常好老师！完全是把学生当自己孩子看，讲课不止于课本，会讲很多人生观以及拓展，当然课后会累一些，但是老师很会鼓励人给分也特好，喜提人生第一个满绩！
186472,1339,章红新,2024-01-11 08:17:13,-2,3,5,Maria学姐非常棒！！！！\n\n赞赞赞赞赞！！！\n\n十分！
187573,1339,章红新,2024-01-16 15:19:26,-4,6,10,大赞Maria！！\n\n不过如果不打算在英语课上花太多时间，或者想水的同学建议仔细考虑一下\n\n感觉Maria真的是关心学生各方面的成长，有些作业很耗时，估计其他老师也不会留，但是真的对生活很实用\n\n至少在上课前我没想到我第一个从零制作出来的视频是为了完成大英作业（虽然至少花了超过十五个小时）
188600,1339,章红新,2024-01-19 10:48:51,-1,3,4,非常好老师！
193069,1339,章红新,2024-06-03 08:24:38,32,35,3,首先要说明，老师的资料是整理好了的，但上课是不怎么讲课本内容的。\n\n其次，如果你是一个极度理性，讨厌事多，一身反骨而且很有批判性思维的人，那么被Maria不分时间地点酣畅淋漓的情感表达，包括但不限于她的堂哥，她的姐，她的父亲，她的儿，她的前夫是如何让她爱恨交织，五味杂陈……情到深处还总要流泪，哽咽片刻——以及n多的作业，黄启团的历史唯心主义心理学观念灌输等逼疯就是在所难免的。\n\n不是每个人都像您一样活的这么情感丰沛的呀……犯不着占课堂的时间来给我讲这个吧。。。\n\n究竟不合时宜的是您作为一个老师上课讲这些，还是我作为一个学生选了您的课呢？也许是双向的吧。\n\n再说这学期让我感到最不适的一项作业，叫做探索自我……甚至要求我写故事。不论如何，我都觉得和一个并不熟识的人讨论我个性形成的心理都是非常没有距离感，非常冒昧的。\n\n以及她很喜欢点口语不错的同学起来回答问题，我几乎天天被点……导致每天只能在不想听课和被迫听课之间卡bug\n\n这学期每次上完英语课都给我干出一种被打了几千次的感觉……至今一直认为，开学第一周坐在我旁边的哥们果断退课，是非常明智的决定!\n\n及时止损吧亲!\n\n不是所有人说好的就是好的!!!
193774,1339,章红新,2024-06-18 02:47:38,7,8,1,如6.03长评，所言极是
199614,1339,章红新,2024-09-26 08:46:09,0,1,1,虽然事情很多，但是确实很好
199943,1339,章红新,2024-10-09 03:16:17,8,12,4,6.03评论所言极是\n\n负责是负责，但是，是大学以来见过的最令人厌恶的老师，没有之一。\n\n永远不分时宜地大肆倾泻她的身世、将几乎整节课用于宣扬她所认同的极其历史唯心的价值观，用说教与极其狭隘的眼界试图传播她的价值观。她的课堂对于学习英语有百害无一利，对于增长人生见识更是会误导初入社会的大学新生\n\n事情非常多，不到补选不建议选
202964,1339,章红新,2024-11-15 12:48:02,2,2,0,( ╹▽╹ )
206444,1339,章红新,2024-12-15 07:03:42,13,18,5,1.屁事特别多。\n\n2.口音别扭且奇怪。刻意模仿“英式伦敦腔”（注意：正宗的伦敦腔是不别扭的）严重的drama queen\n\n3.看待问题异常感性。圣母婊（不展开讲，懂得都懂）\n\n4.喜欢在课上讲她自己所谓的心理学（上课跑题）\n\n5.典型老女人\n\n6.喜欢站在理论分析层面，而忽视实际问题\n\n7.有公知倾向\n\n8.常见英文名念错\n\n9.抽人回答问题时，咄咄逼人、好像在刻意为难你\n\n选课指南\n\n只推荐给：喜欢风花雪月、感性分析的恋爱脑、圣母婊，喜欢drama queen、表现欲望极强的伪君子\n\n极不推荐给：1.奋斗党，希望通过上课，提升英语能力的踏实奋党（能忍的话也行）\n\n                     2.摆烂党，屁事超多，即使报上了也赶紧退掉（别等着后悔）\n\n                     3.反正别报就对了
206478,1339,章红新,2024-12-15 11:54:28,-2,6,8,很真诚的老师，对学生很真挚，至少我觉得这一点是很可贵的，可以教你怎么做人处事，但观点还是批判性接受。有一些看法还是对抚慰自己的心是灵有用的。\n\n认真负责，事有点多但也不是很多，就是涉及范围比较广，包括每周课前演讲、文献管理软件、短视频剪辑学习等等，其实可以学的是很多的，可以了解很多关于Public Speaking的技巧。讲课的话会注重单词和自己思想的表达，要积极参与哦，会讲词根之类的\n\n课上时不时讲一些八卦还是蛮有意思的哈哈哈
207931,1339,章红新,2024-12-25 03:51:15,-2,3,5,还没出成绩来评分。老师人特别好，有很多话想写。但无法写尽老师的好。\n\n想👂心理学的以及想锻炼自己人前发言能力的同学很推荐这个课。
208012,1339,章红新,2024-12-25 08:01:03,-2,1,3,Maria人挺好的！上课可以得到很多锻炼自己的机会，虽然本社恐星人还是不太敢发言🥲\n\n上课对词汇和课文的讲解还是很详细的！认真听的话基本不会玩手机（因为有可能被随时叫起来造句和复述）
209189,1339,章红新,2025-01-06 02:18:34,8,10,2,老师很优秀但事多很严不捞
209401,1339,章红新,2025-01-06 02:03:20,0,1,1,老师虽然事比较多，但是人很好，上课气氛很活跃。感觉如果想挑战自己的可以去选选，最后出分超级满意
209426,1339,章红新,2025-01-06 02:42:13,15,16,1,出分了来评价\n\n首先该讲的东西完全讲不完，课后练习各种都不讲，讲着讲着就开始讲她自己，讲心理学，讲心灵鸡汤。\n\n其次留的作业很抽象，和课文什么的很少贴切，作业多而且难度大。这学期留了一个剪辑视频的作业，都要花好几个小时完成。\n\n再者，人是好的，课是烂的，事是多的。想要高绩点英语好并能为之奋斗的可以选，要是英语不太好慎重。
209444,1339,章红新,2025-01-06 03:14:14,1,3,2,老师很好，喜欢讲心理学的东西。\n\n任务比较多，也不轻松，英语比较好可以选。
209544,1339,章红新,2025-01-06 08:26:39,5,6,1,出分后评论\n\n如楼下所说，是真的不捞，非常求是，课堂上对我们的要求也非常高，如果是真是想学什么东西的话，就来吧。
209736,1339,章红新,2025-01-07 01:59:06,15,16,1,只是想要学分和绩点的话就不要来了，别问我怎么知道🥺
209945,1339,章红新,2025-01-07 13:47:39,3,5,2,老师上课比较有趣，很多拓展的东西。但作业比较抽象，平时分不好拿，老师不捞。想挑战自己英语水平的可以，i人慎选，绩杀慎入
210663,1339,章红新,2025-01-09 14:59:56,1,5,4,虽然我的绩点只有 3.6，\n\n但是还是想给老师十分\n\n老师很有热情很细心还会准备小礼物，\n\n有评论说会布置一些无关紧要的作业\n\n我认为我完成的作业\n\n比如 thesis hook 写作，noteexpress\n\n文献管理使用，小视频制作，对于我们的大学生活还是有很大的帮助的\n\n不同于常规的书面性作业啊\n\n老师的心理学知识很丰富，\n\n教给我们的不仅是学理知识，\n\n还有生活知识和心理知识，\n\n我并不认为这是无关紧要的事，\n\n知识是学不完的。\n\n但是老师不会捞，我难过😫😫😫
215637,1339,章红新,2025-03-03 06:22:11,5,6,1,事真多…
216789,1339,章红新,2025-03-25 15:20:06,7,9,2,纯屎。大学以来最烂的老师\n\n楼下心理学别信，就是传销，非科班出身拿江湖骗子的课为圭臬，上课一大半时间在传销，学英语和拿分数一个得不到，能不选就不选。
216798,1339,章红新,2025-03-26 00:48:09,7,8,1,资料包是有的，但是上课是完全不教的，一直在讲无关课本和考试的内容，根本等于自学，课后要花很多时间学，劝退
217106,1339,章红新,2025-04-02 02:39:00,-4,1,5,吹爆Maria
217111,1339,章红新,2025-04-02 04:17:56,4,5,1,劝退！！！！！！！！！！！！！！！！！！！！！！！！！！！！！！！！！！！
217704,1339,章红新,2025-04-15 10:05:30,-1,0,1,给九分是因为老师人不错 以及资料不错 但是！他的展示/平常作业的要求非常多 非常繁琐 要求你每周演讲（没错）
218006,1339,章红新,2025-04-19 05:05:09,-4,0,4,可以冲
219703,1339,章红新,2025-06-04 10:05:38,1,1,0,maria就是那种情绪化的，小女孩性格的老师。有时候，她上课确实没有讲课本内容而在讲她推崇的黄启团心理学，并且其中的有些道理确实令人匪夷所思。但是好就好在她是有给我们整理复习包，在考前背一背看一看，就能够应付考试了。而且我觉得她本心不坏，对于每一个上课时愿意主动发言的同学，她都是持鼓励态度的，只是某些不为人所知的原因导致她的课堂很抽象。如果你能够忍受上课时她讲那些废话，同时做好自学的话，Maria是值得你选的。况且大英期末考试占比太大了，老师很难有操作空间。听力、阅读、词义辨析、选词填空、作文，词汇和听力都是重难点，占了65分，老师很难帮到你。即使你把书上的单词全都背完了，选词填空也绝对会让考场变赌场——有些超纲单词就是会出现；听力也是要练的，真的不简单。所以，这门课想要一个看得过去的成绩的话，其实是很靠自己努力的。
219791,1339,章红新,2025-06-06 11:10:53,4,4,0,劝退。上课除了不好好讲课文什么都讲。非常唯心主义，典型的爱讲自己经历讲家事的老师。复习包是好但是要自己自学，上课纯折磨。本来大英事情就很多，她还有一堆额外的作业。0人想听莫名其妙的民科心理学…
220239,1339,章红新,2025-06-16 14:34:38,2,2,0,给分很求是，不捞
220361,1339,章红新,2025-06-17 13:04:52,0,1,1,大英4竟然比3高谢谢老师
221220,1339,章红新,2025-06-22 05:08:36,1,1,0,忽略给分的话就是史中史！上课在干嘛都不知道，没人想听你讲那破家事还有你那中世纪的心理学！一整个自我感动的drama queen！
391,1349,Kathleen Stucky,2015-03-15 01:51:09,3,7,4,很负责，但有时略显啰嗦（目测老师应该有55岁）。
1299,1349,Kathleen Stucky,2015-03-21 18:10:33,-6,5,11,讲的很有收获，有些内容现在还常常能回想起来
3243,1349,Kathleen Stucky,2018-12-20 06:57:13,14,21,7,没有期末考试，平时作业全齐，却收获了挂科，莫名其妙。其它也有很多同学认为自己六十多分的成绩莫名其妙
3697,1349,Kathleen Stucky,2015-06-17 02:24:31,8,10,2,口语课内容真的是让人完全得不到提升，给分低得也很莫名其妙
5104,1349,Kathleen Stucky,2018-12-20 06:58:22,16,19,3,一楼同学，我只想说，你不是一个人！！！老子从来没翘过这门课，最后他妈55分。上课呵呵了，跟口语毛关系都没有，经常迟到，炫耀儿子的乐队。请尽快开除这个老妖婆！
5881,1349,Kathleen Stucky,2015-07-09 18:33:08,-6,4,10,老师人挺好的啊，写作课上的一直很开心，最后成绩也很好92，作业也不是很多，最后所谓的考试也只是一篇作文还会提前一周布置题目
7279,1349,Kathleen Stucky,2015-09-12 15:50:39,2,6,4,我的英语口语是99。这个老师英语口语的给分和上课，作业，展示几乎没有关系，她会主要根据几次听力quiz的成绩给分。quiz前提前听一遍听力材料次次满分即可。
8651,1349,Kathleen Stucky,2015-09-23 13:38:14,-6,1,7,只上过她的英口，课是有点无聊，事情也不算少，不过给分好就是了～寝室全部90+
57003,1349,Kathleen Stucky,2017-07-05 06:37:42,0,0,0,查不到Katelyn TressSil 只好借楼评论 事情多两篇大作文写到傻 最后75分  大英3 满；大英4 4.8的人 第一次输给了英语 也是rlgl
88960,1349,Kathleen Stucky,2018-12-20 06:57:23,2,2,0,听撕老师的课何止是一种体验，简直是一种精神的升华、灵魂的洗礼。通过老师让我们做的模拟打电话和指路的练习，我仿佛回到了小学学英语的纯真年代。课堂的词汇也让人非常有触动，一堂课学九个单词，十个都是老朋友了，受益匪浅。
557,1353,张昀,2015-03-15 04:56:27,24,62,38,给分低……全班都偏低。事情比较多 口语不太好
700,1353,张昀,2018-12-25 03:19:52,35,60,25,大英3，讲课比较无聊啰嗦，但作业着实不算多呀，最后给分尚可(大英主要不也是靠自己考的么……)
1153,1353,张昀,2015-03-21 16:20:38,3,7,4,给分真的很低，上课无聊。
5165,1353,张昀,2015-07-05 12:45:23,4,7,3,给分极低
5762,1353,张昀,2015-07-09 08:50:25,5,8,3,无聊
6077,1353,张昀,2015-07-10 17:14:40,-4,6,10,给分低 平时任务重 千万退掉她的课！
7574,1353,张昀,2015-09-15 05:13:07,18,34,16,花式秀爹妈，弟弟，弟媳，编的书，有人暗恋她←_←
8965,1353,张昀,2015-10-07 02:21:53,6,7,1,小家子气
9288,1353,张昀,2015-10-20 05:09:50,1,1,0,不知所云
10267,1353,张昀,2015-11-18 00:49:43,22,41,19,大英3基本没作业 一篇作文 一次speech很轻松，给分很好的 至少你该的多少给多少 不会像某老师少给分
11151,1353,张昀,2015-11-24 16:56:08,11,13,2,我觉得人还蛮好的
12037,1353,张昀,2015-12-21 14:37:36,20,33,13,上课没什么用，讲话给人一种很局促的感觉，经常带不动气氛尴尬的笑，喜欢有互动，但我觉得没什么意思，上课经常分享自己的小故事大概就是花式秀
12326,1353,张昀,2015-12-23 03:26:39,4,8,4,不知道她给的分高不高，但平时的过程还不错
12428,1353,张昀,2018-03-03 01:19:54,16,19,3,人还是挺好的 分享了很多当导游的经历 就是上课有点枯燥
13051,1353,张昀,2015-12-24 15:50:35,6,13,7,老师人挺好的 别乱讲 作业少 任务轻 对学生态度很好 回答不出问题也不会说你 大英不就是靠自己考么 考不好怪老师？
15885,1353,张昀,2016-01-16 13:51:15,1,4,3,嗯 还可以 大英四也选了她的
15907,1353,张昀,2016-01-16 14:43:00,-1,1,2,非常轻松
16157,1353,张昀,2016-01-17 10:44:10,3,5,2,挺好的老师啊
18616,1353,张昀,2016-01-22 06:42:14,0,1,1,人好，但水平有限，不过有师生情，大英全靠她了，差点就挂了
19466,1353,张昀,2016-01-24 09:40:32,2,3,1,靠自己
20468,1353,张昀,2016-01-27 16:45:45,0,4,4,我觉得她还不错的，事情少作业少，上课会讲语法讲单词，期末给分不知道反正我挺满意。虽然第一节课花式秀家庭之后会秀一下女儿有时候蜜汁笑点但是总体不错
20615,1353,张昀,2016-01-29 04:24:09,3,4,1,口语不太好，有点无聊，给分也一般
21789,1353,张昀,2016-03-01 06:09:36,7,11,4,虽然讲课略水 但是整体还是不错的 为什么这么黑她？
23296,1353,张昀,2016-03-24 01:20:26,4,6,2,非常无聊  这个老师口语很差 显得很局促 上课的活动十分无聊 极其无聊 是我学英语以来碰到过得最差的英语老师 我们这个班最后退课退的只剩20人 能不选她千万就别选
26843,1353,张昀,2016-06-21 09:15:25,0,3,3,挺好的，就是有时候会尴尬，口语给分不好
27596,1353,张昀,2016-06-27 04:41:53,1,1,0,微笑呵
27888,1353,张昀,2017-06-26 12:37:27,-13,7,20,呵呵 总算上完所有大英课了 我就想说大英三是她 怎么大英四还是她 上课真的很无聊 大英四果断以考代修 结果问她拷课件 她说不给 问她什么时候背诵 什么时候口试 她说问同学 去你妈的大西瓜??? 真没见过这种老师 怎么了 自己上课上的不好人家不想听还不乐意了？ 不想评价了
28434,1353,张昀,2016-06-28 08:58:55,0,2,2,报她的课的人特别少，每节课都会被叫到，口语不好，有时讲她女儿，事不多但学到的也不多，给分不是太好，至少我不太满意。理论上平时成绩是按quiz和作文以及背诵口试算的，所以也可能要看助教
28928,1353,张昀,2016-06-29 03:41:56,2,3,1,挺水的老师，基本没作业，作文也只有两次，上课略显无聊，退一步说，英语本来就是主要看自觉
33887,1353,张昀,2016-09-22 09:27:56,2,3,1,口语差 听她课有点难受
36340,1353,张昀,2016-11-12 04:24:15,0,1,1,老师人挺好的 作业比较少 有时候还会提早下课
38918,1353,张昀,2016-12-20 01:19:47,0,0,0,老师还是很好的    很为学生成绩着想     老师人生经历很丰富  会为学生讲很多有趣的事情
40026,1353,张昀,2016-12-29 01:21:02,-1,0,1,很好的老师\n\n
40404,1353,张昀,2017-06-07 08:25:15,3,3,0,挺水的，平时分有点儿低，其他还好，助教超好的，作业很少，特技是尴尬笑，交代考试注意事项很细心，总体来说挺好的
42087,1353,张昀,2017-01-13 14:26:17,-1,0,1,还行吧，自己英语一般般，被正态了，但是觉得自己努力了就一定会有收获，老师事情不多，助教人很好。上课有一点无聊吧
42094,1353,张昀,2017-01-13 14:41:01,0,2,2,听她讲当导游的经历的时候觉得她很不错，人也好，给分也很不错了，大英三四都选她。
42107,1353,张昀,2017-01-13 15:03:58,7,9,2,其实还可以 比较体贴学生 作业少基本都课堂完成 虽然上课比较水 但是对于大一新生来说 没毛病 给分也还行 上课积极点就好了 不过还是期末考试重要点
42134,1353,张昀,2017-01-13 15:50:35,0,0,0,老师人还好吧，人生经历很丰富。而且事情也不是很多。
42170,1353,张昀,2017-01-13 23:29:43,13,22,9,虽然大英老师评分低 ，但是平时事情超级少，课也很水，老在她眼皮子底下玩手机，还是上四了。最后成绩还是看个人考出来的，和老师没什么关系
42176,1353,张昀,2017-01-13 23:58:05,-1,0,1,老师人挺好的，很好说话，事情也挺少的。大英三，给分也还可以。
42745,1353,张昀,2017-01-15 04:31:20,0,1,1,事少给分好
42937,1353,张昀,2017-01-15 12:40:07,6,7,1,有点后悔大英4没有选她的课 老师超级好 事情又少 平时几乎没有作业 考试好好准备成绩不会差的
42973,1353,张昀,2017-01-15 14:15:47,3,9,6,上课很无聊很无聊 大英三基本没有听过上课就玩手机 quiz考试之类准备一个晚上 课文认真背口试尽力说 纯粹靠高中的底子 最后4.8
43638,1353,张昀,2017-01-16 16:23:10,3,7,4,好老师，轻松4.5
44416,1353,张昀,2017-01-20 06:42:40,2,2,0,很温柔，口语略缺
44493,1353,张昀,2017-01-18 01:26:58,0,1,1,感觉老师挺好的，就是笑声有点恐怖。说话也很好商量，上次作文没交补交的也没扣分
44621,1353,张昀,2017-01-18 04:37:10,0,1,1,大英三水水过，事情不多，老师人还不错的，给分也还可以的。
45486,1353,张昀,2017-01-19 15:19:44,1,3,2,老师挺好的，事情少，上课也挺有意思的。这学期的助教很好看。
47626,1353,张昀,2017-02-09 04:49:37,0,2,2,没问题
47815,1353,张昀,2017-02-25 17:29:25,1,2,1,一个拥有不同寻常人生经历的老师～
48032,1353,张昀,2017-06-07 08:41:39,0,1,1,大英三，老师上课程序比较固定，每个单元第一堂课补充词汇，第二堂讲语法，人还不错。
52296,1353,张昀,2017-06-18 02:38:10,4,4,0,事少：上课想听就听不想听就不听 没什么课后作业 影评也没让我们写 \n\n人好：作文延迟了可以补交 会给大家讲一些她自己的故事 笑声非常魔性非常有趣\n\n给分不错：作文分数四舍五入 课堂分基本给满 quiz给分也挺高 \n\n作为一门大英课很好了 适合基础不错喜欢事少的老师
53048,1353,张昀,2017-06-25 06:08:36,6,7,1,给分低 考试坑\n\n
53087,1353,张昀,2017-06-25 12:41:34,4,7,3,旅游英语...给分五级制......小学生情景对话频繁，慎选
53108,1353,张昀,2017-06-26 02:05:25,4,7,3,啥也不说了旅游英语真的蛮认真对待的 分巨低别报！
53119,1353,张昀,2017-06-26 02:51:39,8,10,2,老师水平是真差，不知道怎么能当浙大老师的，个人觉得二三线初高中老师水平。课水给分差。等级制给分呵呵了
53122,1353,张昀,2017-06-26 02:59:28,12,16,4,给分不仅低而且随机，本人大英4.8，上个她的英语通识课给分3.0+，有种吃屎的感觉，考试60%看人品。
53151,1353,张昀,2017-07-01 13:28:23,8,11,3,给分确定不是抽签给的？
58072,1353,张昀,2017-07-28 07:33:30,-1,1,2,基本符合韩国小哥哥小姐姐多约等于课水的定律~你觉得老师的口语比你还不标准，会话只有中学水平?能不能跟老师battle一段freestyle试试？
59500,1353,张昀,2017-09-22 02:29:46,-1,1,2,事不多
63001,1353,张昀,2017-11-28 01:17:44,0,1,1,上课有互动，挺认真的。感觉很好
65990,1353,张昀,2018-01-11 00:04:52,0,0,0,还行还行
66008,1353,张昀,2018-01-11 02:22:07,0,0,0,还好，很细心，为学生着想
66617,1353,张昀,2018-01-17 14:07:21,4,4,0,作为老师挺合格的了，处事什么也挺让人舒服的，口语不太好的学生发言会一直点头鼓励，也没有像前面的同学说的秀什么。唯一缺点就是太温和(或者气场弱？)，对学生要求不太高吧。不过外语这些还是靠自己学。
66626,1353,张昀,2018-01-17 15:44:56,2,2,0,下午口语考完晚上出分，感觉老师挺好的，很温柔，旅游英语比较水给分还行，老师要求不高
66629,1353,张昀,2018-01-17 16:05:25,20,26,6,旅游英语与文化哦，事情大部分在课堂给时间做，就一次小组作业，很简单，平时积极一点，回答一下她的问题，不要让她很尬，我绩点4.8，我外语不好，大英才2点几的那种。你们加油(ง •̀_•́)ง
66634,1353,张昀,2018-01-17 17:51:31,2,2,0,老师比较温柔（所以显得上课没有人回答问题很尬）期末考试和平时任务都很简单，是书上或者常识性内容。
66835,1353,张昀,2018-01-19 07:25:56,5,6,1,上的旅游英语，口语差，课堂氛围不太好，给我的感觉就是不太能想象一个导游怎么教书的，给分还好吧，看缘分....
67175,1353,张昀,2018-01-20 11:40:30,2,2,0,上课还比较照顾学生感受，人挺温和的，讲考试注意事项比较详细，上课基本不怎么听课，但是因为座位太前面了几乎每节课都被点名……事很少，感觉没学到啥东西，主要靠自己吧
67182,1353,张昀,2018-01-20 12:04:03,2,3,1,老师事情超级少，最后3.9我也满足了
67225,1353,张昀,2018-01-20 13:16:24,7,7,0,除了给分低上课水好像也没啥缺点了
67277,1353,张昀,2018-01-20 14:49:19,1,1,0,事少方便 分数还是看功底 老实人还挺好的 考试看到她也挺亲切的
67282,1353,张昀,2018-01-20 14:55:20,1,1,0,脾气蛮好的，对学生也以鼓励为主。虽然上课经常做一些背书式小讨论，但是人真的挺温柔。
67353,1353,张昀,2018-01-21 02:08:21,2,2,0,大英给分就是按照各种考试成绩和作文 基本靠自己 平时分也基本就是按照你平时表现来 水手机一般4分 认真听一点 抄一点笔记4.5 积极发言的大佬5分 然后平时事情是真的少 两到三篇作文 听写都是听写完给你翻书校对的机会 有一点不好就是口音秘制奇怪
67371,1353,张昀,2018-01-21 04:16:50,18,19,1,没点过名，事假病假老师也不会说什么。很温柔，就算你口语很差回答问题老师也会鼓励你，课堂互动也挺多的。不会严格按照你回答问题的次数给平时分，稍微积极一点就好。缺点就是有点水，课文单词讲得很快，感觉学了一学期最后考试大部分还是依靠高中老底+临时背的单词。而且老师口语不太好。总之认真学认真考最后绩点不会太低，还是靠自己吧。
67523,1353,张昀,2018-01-21 12:13:10,5,5,0,给分真的是低，被杀了。口语有毒
69399,1353,张昀,2018-01-24 15:08:03,2,2,0,上课略无聊，但老师人还是不错的
71261,1353,张昀,2018-01-28 08:11:17,1,1,0,人其实挺好
71519,1353,张昀,2018-01-28 14:36:44,2,3,1,江苏考生被预制到大英三所以水过一学期，老师不布置作业是真的美滋滋，发言过快老师就会跟不上
73004,1353,张昀,2018-01-31 14:24:22,3,3,0,上课还不错，给分也比较合理，就是好像不调分emm
75276,1353,张昀,2018-03-08 11:17:37,1,2,1,老师人挺好的，导游上身。\n\n给分emmmm自行体会
76633,1353,张昀,2018-04-17 01:20:51,1,1,0,。。。
78150,1353,张昀,2018-05-09 13:52:00,1,4,3,大英评分都是靠自己的 什么作文测验这样 老师平时分给的不错 上课超级水 \n\n玩手机不管你 \n\n就算要点名回答问题之前也会有很长的准备时间 \n\n听写也可以有小组检查 翻书检查再交 \n\n并且课后事情超级少 \n\n每节课没有休息但会有课前十分钟左右看剧\n\n真的 伤了其他老师的课 你才会知道张昀是多么的好\n\n
80332,1353,张昀,2018-07-04 14:56:28,4,5,1,作为一个新时代热爱社会主义的优秀大学生，我觉得我不应该骂人的。其实我觉得老师挺好的，很温柔，也很耐心。但是，这个助教啊。wkrnmdb，qnmdlgb，rnmmp
81247,1353,张昀,2018-07-04 12:14:55,0,0,0,感想老师\n\n
81265,1353,张昀,2018-07-04 13:07:55,-1,1,2,给分太低，伤不起\n\n平时事情也多
81285,1353,张昀,2018-07-04 14:28:29,2,2,0,老师，或许你知道有调分这种操作吗
81738,1353,张昀,2018-07-06 04:46:21,1,1,0,很棒的老师呀！很漂亮又很有气质～上课干货满满很有收获，积极参与也锻炼思维。最重要的是给分很棒呀，期末口语考试以为自己凉掉了但最终成绩还是很惊喜～
81748,1353,张昀,2018-07-06 05:25:32,2,2,0,事真的少 上课氛围轻松 强推
81833,1353,张昀,2018-07-06 09:33:59,1,1,0,有点意思
81902,1353,张昀,2018-07-06 12:53:35,1,1,0,还不错吧，旅游英语，最好坐到前排，多争取上课跟老师交流互动的机会，分数就不会低，平时事情也不多，老师的课堂也挺轻松。
82065,1353,张昀,2018-07-08 08:14:44,1,2,1,老师人太温和了，而且很会鼓励人。
83954,1353,张昀,2018-07-11 15:20:15,3,4,1,感觉老师人蛮好的，给分也不错，事情也不是很多，上课微尬
84513,1353,张昀,2018-07-13 04:35:36,5,5,0,老师事情比起其他大英老师真的不多 上课发言就算说的不好也没关系 会一直鼓励你 期末考主要还是看自己
86440,1353,张昀,2018-09-16 06:51:59,2,4,2,上课很水，很枯燥，老师自己实力不错，就是学生教不好。
87098,1353,张昀,2018-09-20 09:07:31,-5,2,7,全英语听得很累
87339,1353,张昀,2018-09-27 06:28:02,2,3,1,没水平  口语差 动不动尴尬的笑......................................................太水了吧
93258,1353,张昀,2019-01-08 12:32:09,1,4,3,张老师是个好老师
94899,1353,张昀,2019-01-18 12:32:12,14,16,2,尬尬尬\n\n蜜汁沉默，蜜汁笑点\n\n虽然大英是自己考的，但是分数偏低啊
94901,1353,张昀,2019-01-18 12:35:37,8,12,4,课是轻松的，事少，但不知道为什么分数偏低？？？
94921,1353,张昀,2019-01-18 12:53:31,-13,2,15,出分了。老师平时没有任何作业，没有任何事情，就是会让你写几篇作文。给分基本靠你自己努力，不会给你调分！！！只要平时小测考到50+，口语9+，作文13+，期末考认真点，课堂表现积极，相信自己可以上4的。
94955,1353,张昀,2019-01-18 13:42:46,-7,5,12,平时很轻松，老师人真的很善良，不管口语怎么样老师都会认真倾听，神态很专注，充满鼓励。平时作文没有刷很高，口语发挥也不是很好，但是上课算比较活跃，期末非常认真地背了单词听了文章。最后绩点非常满意，浓浓师生情，感谢老师。
94976,1353,张昀,2019-01-18 14:06:43,6,6,0,凉了呀
95020,1353,张昀,2019-01-18 15:08:21,-4,2,6,好老师，自己渣，英四继续选
95031,1353,张昀,2019-01-18 15:18:42,4,5,1,唉，其实平时真的没什么事，但是最后都是要还的，，不知道是不是我们班的水平就是比别人差，，或者就是我辣鸡，，老师挺可爱的，，但是给分，，卡绩，，真是一言难尽，（不过大英更多的靠自己趴）
95050,1353,张昀,2019-01-18 15:40:26,1,4,3,客观来说，老师课挺轻松的，可能不听都可以，上课知识点比较少，她可能更注重英语环境培养，但这样造成自己如果不下点苦功夫，是学不到什么的，平时分扣了7到8分吧，还是没上4，555
95143,1353,张昀,2019-01-19 01:33:47,-3,4,7,非常轻松，特别好。跟舍友一比感觉自己大英三学得非常轻松。特别开心。
95146,1353,张昀,2019-01-19 01:41:43,9,9,0,大英给分，蜜汁偏低
95907,1353,张昀,2019-01-20 08:04:17,10,12,2,差评，什么垃圾给分，绩杀\n\n
96208,1353,张昀,2019-01-20 14:23:08,14,18,4,别的老师都加了分，我们却一无所有，公平吗？
96792,1353,张昀,2019-01-21 10:02:15,-5,0,5,实话说我是刚刚及格的同学。\n\n我的实力不济，和老师没有任何关系。\n\n老师是绝对的好老师，上课会进行各种各样的活动，本学期没有一节课走神，一直跟着老师的思路，学到的东西也很多。\n\n老师也很照顾我们这样的英语较差的同学，会单独谈话，分析原因并进行鼓励什么的。
96926,1353,张昀,2019-01-21 12:34:44,-3,3,6,这种老师不选真的太亏了\n\n随便考考就过了
98198,1353,张昀,2019-01-23 07:30:50,4,5,1,大英三 没怎么听课 因为上课几节课发现老师教学思路不太清晰 口语不是很好 有时候会把知识点讲错 或者就是讲一些很基础很基础的知识点 后来就干脆不听课了 因为英语基础算中上 也没缺课 期末和小测前复习一下绩点就还好 平时事情是比其他老师少的 没有影评 比较适合英语能力较好 又想水一下大英课的同学选（我是预置了大英三就没退 但是其实不太喜欢课本教学的模式 最后就水了） 不太建议想要好好提升英语能力 学干货的同学选张老师的大英三 但是老师人还是很温柔的 部分课前会给我们放美剧~
99376,1353,张昀,2019-01-24 15:44:12,0,2,2,上课偶尔会出乱子，超搞笑。
103173,1353,张昀,2019-02-26 10:46:15,2,3,1,如果为了绩点不要选。如果想水确实很轻松
103197,1353,张昀,2019-02-26 15:19:48,0,0,0,老师人很好，非常可爱，虽然比较局促，但是上课氛围很好，很轻松，重点是真的没有很多课后作业，很轻松的英语，尤其是和别的老师对比起来，老师很有耐心，也会有很多互动，给分确实不太高，但是不都是自己考的吗，真的，老师平时分基本上都给满了，也给大家补觉的机会，口语给分真的很高了（和别的班不起来），没选老师大英四有点可惜，哈哈哈
103692,1353,张昀,2019-03-04 07:50:17,4,4,0,和我的大英4老师一比，张昀老师真的是事少人好的典型
104479,1353,张昀,2019-03-21 09:22:42,-2,1,3,崇洋媚外、俗气
108958,1353,张昀,2019-06-04 17:03:50,2,2,0,其实我觉得还成。。就是口语一般般需要适应一下。平时也没啥作业挺水的
109851,1353,张昀,2019-06-19 17:17:03,3,3,0,我觉得吧 旅游英语这门课 如果为了像其他英语课 比如TOEFL口语 听力 或者词汇学来说 肯定不如他们学到的东西多 但是如果对于这门课单独来说 给分好不好放一边 事情不多不少 出游去西湖就当玩了 上课时不时被叫起来回答个问题 水的一批 睡着了起来都可以对话 口试题目基本都在课本最后 真的是事情特别少了 至于给分 反正我满了 就证明还是有好的分数的吧……
109988,1353,张昀,2019-06-21 03:01:17,8,9,1,老师挺有意思的吧，至少不应该这么低分，想正名一下，这也是我第一次评论，打了九分，旅游英语相对其他课稍微软核点，绩点也相对不错(没上4，但我自己承认自己最后的口试确实不好！非常糟糕！准备不足！)，这本来就是一门补充旅游英语知识的课以及练口语的，我觉得老师也是很好，学到的都比较多，至少我感觉不像大英内容繁多而难学(我个人英语比较不好 说实话)，了解挺多的知识，当然，课下还是有几次小组的presentation准备一下，不会像大英4那么累我觉得，然后我这种人在课上都应该算是 比较积极的?  嗯，也有一些韩国xjj(不得不说有几个是真的很厉害)，还有有几次我都感觉比较简单的 小测？ (会提早下课，写好就可以下课了)，然后中间一次展示是去西湖的，挺有意思的，不过至少不要当一门水课吧，正常分配精力，好好学吧，每节课都去听一下吧，不会耽误时间的，老师有几节课我觉得应该非常值得听听，有自己的经历和一些相关知识，我相信其他浙江大学的大佬应该还是可以4.2+的吧，总而言之，这门课可以试试！最后我有一个小建议，和一到两个同学一起选，别问我为什么emmmm一言难尽，当然有善良的学姐学长带带我，好是感动QAQ。就这样，挺有意思的一门课，正常学习收获不少。
110418,1353,张昀,2019-06-26 13:18:43,4,6,2,大学最讨厌的老师，没有之一
117568,1353,张昀,2019-09-26 04:57:32,2,2,0,尴尬致死……记得一回老师放听力没告知在书上哪里，听得我们尴尬?
123193,1353,张昀,2020-05-18 23:48:32,1,3,2,就没见过这么不负责任的老师\n\n
124176,1353,张昀,2020-06-26 11:35:02,1,1,0,旅游英语与文化。老师上课有些无聊，口语也不是很好，声音有些哑。但是事情真的不多，大部分课上能完成，只有一次写旅游小规划什么的和写一次欢迎致辞比较费时。一次小组展示和最后的口试。给分的话。。。3.9。我觉得相对于我的水平有点低，不过也还算说得过去，我给老师打8分。
124268,1353,张昀,2020-06-28 07:40:35,2,2,0,不错的老师
130566,1353,张昀,2021-01-23 16:17:18,1,1,0,还行吧，就是上课节奏缓，容易犯困。
130583,1353,张昀,2021-01-24 00:58:19,3,4,1,老师人很好呀，事也很少，分也还行
130657,1353,张昀,2021-01-24 06:17:49,3,3,0,老师事挺少是真，性格不错也是真。对待同学也还是挺热心的。上课尬笑应该也是想带动气氛。\n\n但上课真不能算好，上完课感觉自己啥也没学到，虽然可能是我的问题，毕竟也没跟别的老师对比过。\n\n不过吐槽下为啥有几次上课写了quiz写完没有解析，没有答案，就让我们在群里单单拍个照片上传啊。要是为了了解学生水平，那改一下，发个成绩啊。课后我去要quiz的ppt又说没有版权。。。
130719,1353,张昀,2021-01-24 11:17:51,2,2,0,大英三，想水学分可以选她的课，平时基本没什么事，但是对绩点要求高的话还是不建议，老师上课太仓促，上完感觉好像也没学到什么，好像很努力带动氛围但是总有点尬，低分飘过…
130757,1353,张昀,2021-01-24 13:28:20,0,0,0,…上课有点局促
130894,1353,张昀,2021-01-25 07:18:35,3,3,0,事情挺少的但是上课比较无聊学到知识也不多
137535,1353,张昀,2021-07-05 04:01:33,0,3,3,绩杀。。上课根本学不到真正有意义的东西。。。只会用很陈旧的东西教学 根本不会在意有没有学到什么东西。。。上课十分尴尬 只会干笑来缓解气氛。。殊不知越笑越尴尬。。。\n\n极其不建议选择！！！
137540,1353,张昀,2021-07-05 04:22:06,0,0,0,上课事挺少的 考试确实还得靠自己 应该是自己期末发挥不好 绩点扑街了 分数是实的 不调分的
137617,1353,张昀,2021-07-05 10:03:33,-1,2,3,事少给分好！人美超可爱！女神！！！
141655,1353,张昀,2021-10-19 08:00:37,1,1,0,旅游英语与文化真的是很简单的1.5学分F类课了，可以水，也能学到一点点知识。
144853,1353,张昀,2021-12-25 07:03:03,1,1,0,上课感受就是，学英语，靠自己，别指望老师
146086,1353,张昀,2022-01-05 12:20:18,3,4,1,刚刚大英三成绩出了，来评价一下。事少没啥作业，但喜欢上课互动。为人很随和，但上课有点尴尬。最后绩点不高，但和自身的原因比较大。
146111,1353,张昀,2022-01-05 13:32:13,-9,2,11,千万不要选呜呜呜呜呜，真的不调分，还卡绩了。出分快有什么用，气死。均绩直接降0.5。
146400,1353,张昀,2022-01-06 13:07:46,2,5,3,还行吧，对我这种不爱发言不喜欢做作业的人来说，这门大英三真的事少，基本没有课后作业。我为了小测背了十六个单元单词，考前也一直背单词，最后4.5。大英真的靠自己，上课没什么大帮助，多背背课文学学句式吧
146483,1353,张昀,2022-01-06 16:13:15,3,4,1,这学期上的老师的大英3，事儿是真的少，然后大英这东西最后成绩也主要是靠自己的，再说绩点3.6也不低了，上课喜欢互动，但你愣是不说话也不会怎么样。看个人吧，事儿是真的少，但是讲得真心不咋地，发音不是很标准。因为打分都是根据个人喜好嘛，肯定有人因为不喜欢上课讲东西不多的老师而打低分，所以我也因为我喜欢事儿少的老师打了10分。
146507,1353,张昀,2022-01-06 18:14:04,3,4,1,一开始上老师的大英三挺痛苦的，一个是课水学不到东西，想自习她又要请你发言回答问题，另一个是老师的口语着实是让人有点难以接受\n\n但是另一方面老师作业也很少，课后题基本都是课堂完成，不会占用课后的时间，最后大英4.8，虽然老师不能捞，但还是感谢平时分以及平时小测改卷比较松，感谢老师
146701,1353,张昀,2022-01-07 08:32:32,5,6,1,这学期的大英三，老师事情不多，人挺好，上课会请同学回答问题（水不了）。\n\n大英小测，期末考试，口试，主要靠自己背单词，背课文，口试话题是BOOK2八个单元的topic\n\n最后4.2（88）
146746,1353,张昀,2022-01-07 10:08:24,5,6,1,老师的大英三事情很少，没有作业（就第一次上课布置了一篇翻译），人也比较宽容随和吧。不过有点啰嗦，也会尬笑。上课感觉作用不太大，当然自己也没有好好学大英，最后绩点3.0，也算是合理了。
146857,1353,张昀,2022-01-07 17:13:43,6,6,0,大英三 课水 虽然叫人回答问题但压力不大 没作业pre简单 事可以说极少（尬笑个人以为还是少的 不排除我上课不认真的可能？）\n\n不过虽然如此自己也尽量好好学吧 本人总以曾经英语不好为借口摆烂quiz从不准备 到了期末复习认认真真背单词的时候才觉得认真学的话自己其实可以有好一些的分数……\n\n自认为只要把单词背好成绩就绝不会差（虽然自己摆了一个学期也不配说只要这两个字）
146936,1353,张昀,2022-01-08 06:10:32,-4,3,7,人好事少。英语学习主要靠自己吧，大英课可以当做一种补充的输入。\n\n上张昀老师的课非常轻松，1分钟的pre即可。上课回答问题，老师也不会强求你答得多完美。打8分，2分扣在口语。个人比较重视口语。\n\n不算口试的平时分是全班第一（最后口试成绩没公布所以不清楚），可能是期末考拉了一点，最后93/4.8。\n\nPS：平时分基本是由quiz和作文作业决定的。
149377,1353,张昀,2022-01-15 08:00:00,-1,1,2,平时基本没有作业，事情很少，打分也比较公正，就是可能对英语的提升效果不大。
155654,1353,张昀,2022-06-15 04:18:13,9,11,2,大嘤4.8前来还愿，张昀老师人很好，具体授课方式是这样的：\n\n\n\n老师平时几乎不布置作业，只有计分的作文和书评是必做的，还有每个人需要做一次很水的pre，就是自己做个3分钟英文ppt然后可以写好稿子照着念，随意选题，非常完美的水课体验。\n\n全程靠自觉，想拿高分需要自己课下认真背单词和读课文，最好是学一个单元背一个单元，quiz和考试前再过一编。好好背的话quiz和期末考试不会低。\n\n老师平时分也给的很好，我quiz分两次都是50左右，能上4.8肯定是老师捞了一把（当然我口试分扣的比较少），看起来请假不会扣分（因为我请过病假）。\n\n以及老师上课爱到处走，点人回答问题，口语水平提升比较大，你参与多的话会从社恐变成社牛。老师很宽容，不会回答问题也完全没关系，当然大家口语水平都差差不多，都是阿巴阿巴的水平。还有老师应该是只会叫抬头的学生hhh\n\n\n\n总之大家快冲！
155675,1353,张昀,2022-06-15 06:41:09,0,0,0,大英三和四都是张老师上的。说实话这个考核制度就决定了分数基本看自己努力程度。感谢老师！
155927,1353,张昀,2022-06-16 14:43:02,3,3,0,事情少，给分公正，大英还是靠自己
155950,1353,张昀,2022-06-16 17:03:25,-12,4,16,一波高下立判，上学期上的老师的大英3，学得挺认真单词也有好好背，最后3.6，这学期学的别的老师的大英4，一直在摸，最后还是3.6，所以，是不是一些高下立判……
160360,1353,张昀,2022-09-20 07:43:54,0,3,3,你在笑啥
162525,1353,张昀,2022-11-24 08:48:13,1,1,0,老师人挺好的，作业少，很温柔
163516,1353,张昀,2022-12-15 00:50:09,1,1,0,人还是不错的，没有作业，很水，大英靠自觉吧
168766,1353,张昀,2023-02-22 03:13:20,4,5,1,张老师很温柔，上课的时候会随机走动提问，也是为了锻炼我们的口语能力，平时也没有什么作业，只有一次展示。建议重视一下老师在每个单元后的听写，对于quiz和期末的听写是很有帮助的。最后，对于大英来说老师能掌握的分是不多的，所以还是要多下功夫，考前背单词练听力，这样做可以提升自己的英语水平。
170168,1353,张昀,2023-03-02 00:04:23,0,2,2,真的捞
174243,1353,张昀,2023-06-08 06:35:22,2,3,1,我只能说，有点抽象
175131,1353,张昀,2023-06-21 16:56:46,0,0,0,超级好的老师，事特别少，上课也比较水，平时小测也捞，把课本内容学好，绩点就不会低的。还有就是，出分极快…
179095,1353,张昀,2023-08-27 15:12:27,0,0,0,谢谢老师
180902,1353,张昀,2023-09-28 03:49:57,26,28,2,求求你了，你默写说的英语我真的听不懂
180930,1353,张昀,2023-09-28 08:54:47,0,0,0,不会背单词！
186333,1353,张昀,2024-01-10 13:58:57,4,4,0,分低是我的锅，老师人不错
186335,1353,张昀,2024-01-10 14:01:21,6,6,0,好处：1选的人不多，保底  2事情很少，只有一个pre，上课可以自己分配时间\n\n坏处：1基本不捞，给分一般（虽然大英本来就不是很能捞）  2学不到东西
186352,1353,张昀,2024-01-10 14:51:10,1,1,0,感恩 没挂谢谢老师捞我听力真的听不出来一点
186364,1353,张昀,2024-01-10 15:29:09,2,2,0,老师上课氛围很轻松\n\n没有任何课后作业\n\n只有一个单人pre\n\n也不会打分\n\n只要有出勤到\n\n平时分就有4分以上(5分满分)\n\n十分适合想要摸鱼的同学(bushi)\n\n但是\n\n一定要背单词！！！\n\n课文也最好熟读\n\n毕竟大英都是卷面分\n\n给老师打十分啦啦啦啦
186422,1353,张昀,2024-01-11 04:26:45,1,1,0,课比较轻松，老师人很好很温柔，最后也得到了满意的结果，喜欢！
186583,1353,张昀,2024-01-12 02:42:03,6,6,0,完全不捞，快跑
188838,1353,张昀,2024-01-20 07:21:48,1,2,1,给分是真不捞，上课事少也是真的，也没什么作业，最后3.6还卡绩了
206703,1353,张昀,2024-12-17 07:04:05,2,2,0,十分水，事少易懒
206705,1353,张昀,2024-12-17 07:06:02,1,1,0,作业量很少，老师善良。
208163,1353,张昀,2024-12-26 04:34:51,0,0,0,没用，课程水爆又没意思，纯纯就是给基础好的人度假。
209007,1353,张昀,2025-01-04 07:28:23,0,0,0,老师上课还是挺认真的，就是有点尬。事情不多，就小组合作一次和pre一次，然后大概每三节课听一次写。给分的话，大英三不都是自己考的吗，想我这种比较菜的就只有3.3了( ◢д◣)
209013,1353,张昀,2025-01-04 08:05:38,0,0,0,事少，上课如坐牢，无课下作业，不捞，还被卡绩了，唉唉
209017,1353,张昀,2025-01-04 12:58:39,0,0,0,被卡绩了，事确实少
209045,1353,张昀,2025-01-04 09:33:43,0,0,0,老师人挺好的，事情也少，课外没作业，可以有更多时间背单词\n\n虽然79分卡绩了，但这是大英先上报平时分的政策决定的，不能怪老师
209067,1353,张昀,2025-01-04 11:35:38,0,0,0,上课无聊，给分正态，助教批卷严，高绩点难，不建议选，不过事少没作业，可以理解
209107,1353,张昀,2025-01-04 13:32:52,1,1,0,事少分低，几乎没有平时作业，只有很水的pre和小组作业。上课玩手机也没人理你，不过想水最好坐后排。\n\n大英本来就是很难捞的科目，但在别的老师平时分统一5分下，她选择性4分5分就体现了她是真不捞（）基本靠小测和期末考，期末考占大头，小测也真不能忽视，建议课可以不听但单词一定要背。\n\n（ps.课上会布置两次作文，是交在电脑上AI改的，我推荐自己回去用AI写，用魔法打败魔法分还高）
209158,1353,张昀,2025-01-05 01:17:07,1,1,0,sb老师
209284,1353,张昀,2025-01-05 10:26:48,-1,0,1,事情很少，只有一次个人pre，没有作业，上课摸鱼也不会说你，不过自身讲课水平一般，口语不太好，助教批卷貌似比较严格，感觉整个班小测平均分低于其他班一截，但大英主要看自己吧，英语基础好，背单词自律且喜欢水课的同学可以选，拿个4.5还是可以的，其他情况不建议选
212476,1353,张昀,2025-01-14 05:08:38,0,0,0,事多，讲课水，给分低，不建议选
213645,1353,张昀,2025-01-18 17:28:35,0,0,0,虽然分数确实不高 成绩不太好看 但老师还是可以的\n\n判卷子出分什么的都很快 \n\n事情真的少没作业只有一次个人pre和一次小组pre\n\n老师温柔的也挺负责如果有问题都会解答 但因为不会催你所以学到多少东西完全靠个人
214193,1353,张昀,2025-01-27 13:01:14,0,0,0,优点：管的松，没作业\n\n缺点：发音不标准，学不到东西
217163,1353,张昀,2025-04-03 02:05:24,1,1,0,。。。来上课是给您面子，在教室被您的口音熏陶您还不够满意？不仅要凭我的英语水平判断您听写的单词的您的念法，还要继续受每次课前pre的同学的口语水平熏陶。我迟到一会您还有脸威胁我扣分？
258,1365,陈伶俐,2015-03-14 23:27:06,49,79,30,上的是她的大英III，说实话略水，上课很少不讲课文内容，很少讲单词语法，有的时候课堂虚假活跃。但是人很亲切友好，有问必答。
652,1365,陈伶俐,2015-03-15 10:15:40,34,43,9,大英3.4果断都是她的，个人认为大英本就该靠自己，老师亲切地过分，平时作业也不多，反正我很喜欢
1036,1365,陈伶俐,2015-03-21 12:17:25,6,10,4,有点水，但是老师很亲切
2169,1365,陈伶俐,2015-04-04 09:43:53,2,6,4,水的要死。。。基本靠自学吧。不过英语本来就是自学成才
3634,1365,陈伶俐,2015-06-17 01:56:00,1,2,1,开心\n\n
3837,1365,陈伶俐,2015-06-17 05:50:39,2,3,1,英语本来就主要是自学的课，老师很和蔼，上课挺活跃的，是个好老师
5410,1365,陈伶俐,2015-07-07 08:23:55,2,4,2,有点水，但是老师很亲切
5415,1365,陈伶俐,2015-07-07 08:41:41,-8,1,9,其实蛮水的 完全自学 但是老师人太好 给分的话 3.7吧 虽然还是有点不满意
5545,1365,陈伶俐,2015-07-08 06:50:28,-1,4,5,水水水水，作业很少，人很和善，上课无聊，纯靠自学
5734,1365,陈伶俐,2015-07-09 08:06:23,-4,4,8,太多展示和讨论了
6121,1365,陈伶俐,2015-07-11 04:43:07,2,3,1,老师人简直好到哭，上课不积极回应她感觉都对不起她
8370,1365,陈伶俐,2015-09-19 15:09:49,2,5,3,老师很亲切  努力让学生感觉轻松 很用心备课
8745,1365,陈伶俐,2015-09-25 07:09:19,2,3,1,不错吧
11650,1365,陈伶俐,2015-12-09 09:12:08,10,14,4,备课超认真，人很好，讲的内容也很有趣，不过有定时的小默写不过这样正可以促进我们好好背英语，很多环节都做的很用心，绝对好老师
13592,1365,陈伶俐,2015-12-30 00:19:26,5,7,2,人超好！
13833,1365,陈伶俐,2016-01-01 05:20:16,5,6,1,温柔nice
14087,1365,陈伶俐,2016-01-04 08:44:07,-1,4,5,。。。
14426,1365,陈伶俐,2016-01-07 03:31:34,31,35,4,特别温柔的一位老师，教学方法非常多样，绝对不是枯燥的讲课文的那种。每个课间都给放生活大爆炸啊啊啊啊！！大爱！
16897,1365,陈伶俐,2016-01-20 16:51:14,9,12,3,老师还行，觉得助教好坑
16899,1365,陈伶俐,2016-01-19 08:20:37,1,1,0,老师人很好，挺棒的
16903,1365,陈伶俐,2016-01-19 08:28:16,1,2,1,老师人很好的  给分也不错  课间还放tbbt
16911,1365,陈伶俐,2016-01-19 08:53:17,9,10,1,好水，展示好多，助教好坑
16931,1365,陈伶俐,2016-01-19 09:29:15,1,1,0,上课蛮有趣的，人很和善
17097,1365,陈伶俐,2016-01-19 14:50:27,1,1,0,老师人好得没话说，大学英语还是要靠自己
17140,1365,陈伶俐,2016-01-19 16:30:03,0,1,1,课水 分低
17196,1365,陈伶俐,2016-01-20 00:53:14,1,1,0,非常好的一个老师哟。就是课本内容学得比较少需要自己下功夫。对学生很好
17910,1365,陈伶俐,2016-01-21 03:45:47,3,3,0,老师亲切，上课很轻松，大英都是自己背根本不需要靠老师，所以上课好玩就行啦
18892,1365,陈伶俐,2016-01-22 16:55:43,4,4,0,老师挺好的，很温柔
19154,1365,陈伶俐,2016-01-23 11:16:16,1,2,1,感觉平时有点水，整节课都很开心，。
21412,1365,陈伶俐,2016-02-28 15:28:43,1,4,3,温柔，人好，炒鸡棒！
21998,1365,陈伶俐,2016-03-02 05:14:21,0,1,1,很温柔
22020,1365,陈伶俐,2016-03-02 05:59:11,1,4,3,水，分数低
23211,1365,陈伶俐,2016-03-22 02:39:22,1,1,0,比我大英IV的老师好多了
23691,1365,陈伶俐,2016-04-12 23:57:00,9,9,0,上课略尴尬 但是老师很亲切
25374,1365,陈伶俐,2016-06-26 12:13:37,12,13,1,老师人很温柔 最后一节课还拉着大家一起拍照
25775,1365,陈伶俐,2016-06-28 08:53:35,1,2,1,还可以
26191,1365,陈伶俐,2016-06-16 07:49:06,1,1,0,人很好。
26831,1365,陈伶俐,2016-06-21 08:33:20,2,2,0,老师很关注同学成绩，会给予帮助。会布置很多口头作业？（但是其实很水，只会请一两个人讲）老师很用心、负责。
27280,1365,陈伶俐,2016-06-24 11:16:42,1,2,1,觉得真正的大英课堂就应该是这样的，自主性更强内容也很丰富。更重要的是，老师很亲切友好，个人魅力十足！成绩还没出来，不过不论高低都不会影响我觉得陈老师是个好老师～
28100,1365,陈伶俐,2016-06-28 08:06:36,2,2,0,老师人挺好的 很亲切很温柔的
28749,1365,陈伶俐,2016-06-28 13:54:03,17,32,15,刚上完她的大英四。说实话课堂真的很水，讲书上的东西很少，经常让大家讨论，每次她特热情然后没人回应她就很尴尬。不过这老师人真的挺好的，很和蔼。会拿扑克牌抽人回答问题。还有喜欢放生活大爆炸，有一次直接放了一整集…
28802,1365,陈伶俐,2016-06-28 15:41:34,1,2,1,老师很好，任务有时有点多，要分好工，但助教有点坑
28968,1365,陈伶俐,2016-06-29 04:34:16,2,2,0,老师很好
29482,1365,陈伶俐,2016-06-30 01:04:35,1,2,1,是个很用心的好老师，但上她的课略无聊。是个注意细节严谨细心的考试
29899,1365,陈伶俐,2016-06-30 13:20:22,1,1,0,大英自学为主，当然有个好老师也是很重要的
30189,1365,陈伶俐,2016-07-01 04:56:10,0,2,2,老师很好很亲切，爱课间放生活大爆炸。不过前几节课没有把大家调动起来的话后面提问略尴尬。注重口语表达，书本方面的内容要自己多下功夫。对了之后有课的同学赶紧找课友占座，老师喜欢压堂……
30435,1365,陈伶俐,2016-07-01 15:02:38,1,1,0,人挺好，很温柔，就是上课水，全靠自学，不过人超级好，助教有点坑。
31808,1365,陈伶俐,2016-07-05 02:44:59,5,6,1,感觉吧老师的课注意课本的，对quiz和期末都有好处，给分挺好的，大英学习还是主要要靠自己啊
35309,1365,陈伶俐,2016-11-08 06:40:35,1,1,0,好开心
35460,1365,陈伶俐,2016-11-10 07:18:41,16,17,1,总体感觉挺好，就是老师有点带不动节奏，上课时积极发言收获才会比较大 反正水手机也不管的
36095,1365,陈伶俐,2016-11-10 12:18:53,1,1,0,老师人真的很好\n\n
36194,1365,陈伶俐,2016-11-11 03:27:31,1,1,0,不好好上课对不起她，老师超级好的\n\n
38322,1365,陈伶俐,2016-11-30 02:38:02,2,2,0,人灰常好，灰常不错，但是课堂有点水，生活大爆炸不错
39614,1365,陈伶俐,2016-12-26 06:13:53,1,2,1,老师好。 助教好。虽然自己英语水死
39637,1365,陈伶俐,2016-12-26 09:29:05,1,1,0,老师超和蔼\n\n
39734,1365,陈伶俐,2016-12-27 07:54:14,2,2,0,很好的老师，很温柔，有听写，但是很有用。
41152,1365,陈伶俐,2017-01-09 13:54:39,2,2,0,老师人很好
41247,1365,陈伶俐,2017-01-10 07:55:54,2,3,1,老师人很好，亲切可爱。就是上课气氛比较尴尬。我觉得她很适合我这种不想上英语课，只想水过去的，后来她就固定点能回答的人。像我就基本没有回答过。而且老师听写比较简单，就听十来个，加上一两个句子。我是很喜欢的。你愿意学，什么老师都能学啊
42411,1365,陈伶俐,2017-01-14 06:57:59,-3,3,6,课真的很水，学不到什么，主要靠自学\n\n给了3.0（差一分3.3）真的是醉了
42420,1365,陈伶俐,2017-01-14 07:26:14,11,13,2,陈老师人挺好的，就是课堂有些秘制尴尬，每个单元学完了都有单词听写（个人觉得这个对quiz帮助挺大的），不过大英事情都很多，细碎的扣分点很多，所以给分都挺低的。当然最重要的还是要看自己，努力努力应该能上4吧
42426,1365,陈伶俐,2017-01-14 15:14:48,3,3,0,必须说这个老师的课还是蛮催眠的? 但是英语的学习本来就靠自己 只要你努力 老师能认可你的努力 那就是一个好老师 这个老师给分很公平公正 所以推荐！
42430,1365,陈伶俐,2017-01-14 08:04:01,10,10,0,陈老师的课，说真的，书本上的内容不多，大部分时间都在情景交际，可以说全靠你自己努力，但是陈老师人真的超好！上课不会有什么心理负担
42438,1365,陈伶俐,2017-01-14 08:26:22,3,3,0,很轻松，很好的老师
42551,1365,陈伶俐,2017-01-14 12:26:00,3,3,0,水，全靠自己，但人挺好
42596,1365,陈伶俐,2017-01-14 13:42:45,1,1,0,谢谢老师
42604,1365,陈伶俐,2017-01-14 14:16:02,4,4,0,老师温柔又热情，就是我们不太积极，导致时不时冷场。平时会有听写，可以激励大家好好背单词呀～每次抽扑克牌点小组做任务都超紧张，听写也是抽牌按组交的。给分，还是看个人的英语水平吧。反正我看到大英成绩开心得要蹦起来啦！
42712,1365,陈伶俐,2017-01-15 03:21:00,2,3,1,给分好！
43968,1365,陈伶俐,2017-01-17 07:15:31,4,5,1,老师讲课非常活跃气氛，但是大家都好不配合他qwq
45606,1365,陈伶俐,2017-01-20 00:31:41,8,9,1,老师人很亲切 但人太好了又有点心疼她\n\n认真一些 给分总不会差的
46023,1365,陈伶俐,2017-01-20 12:12:28,2,3,1,很好的老师
48330,1365,陈伶俐,2017-03-02 07:17:43,1,5,4,超喜欢老师 平时事情也不多 人超温柔大爱 课堂氛围很好很舒服 老师的英语发音很标准很好听 英语学习还是主要靠平时 认真背 大英三绩点满了
65236,1365,陈伶俐,2018-01-02 02:47:21,3,3,0,好好好
80556,1365,陈伶俐,2018-06-28 01:30:28,7,7,0,还没考试，客观答一发，老师真的温柔有耐心，很照顾学生。大英主要靠自己啦，平时认真会很好的
80590,1365,陈伶俐,2018-06-28 06:01:39,3,3,0,老师好可爱，虽然上课会有点尴尬，因为大家都比较害羞
81381,1365,陈伶俐,2018-07-05 03:02:30,-7,4,11,老师让我4.2卡绩，那我就让她9分卡绩吧
81387,1365,陈伶俐,2018-07-05 03:16:20,0,1,1,抽扑克选座位，4个人性别比1；3。每次小组练习都沉闷到没法做，上课没人回答问题也比较尬。
81400,1365,陈伶俐,2018-07-05 03:51:21,2,2,0,课上很放松，建议积极努力的同学上老师的课！但是人真的很好啊啊啊！请假很好说话，课间放生活大爆炸，问题回答不出来也没什么！
81433,1365,陈伶俐,2018-07-05 05:28:40,2,2,0,老师人真的很好 没的说
81449,1365,陈伶俐,2018-07-05 06:16:04,2,3,1,老师上课虽然有点水，可是很温柔很有爱！！
81834,1365,陈伶俐,2018-07-06 09:34:55,-2,3,5,老师很好，基本不怎么管，但一点分数不调\n\n
82142,1365,陈伶俐,2018-07-07 08:17:46,-2,4,6,别的不说，书评看也不看直接按照冰果上的评分来也是没谁了，而且是在先前已经有人对网站上的评分方式提出质疑的情况下。说好的“仅供参考，后续会进行调整”呢？
91009,1365,陈伶俐,2018-11-29 01:41:33,4,4,0,陈老师真的特别好:D
94258,1365,陈伶俐,2019-01-16 05:06:20,4,4,0,陈老师真的超温柔超温柔！人也超好！很为学生着想！吹爆陈老师！
95083,1365,陈伶俐,2019-01-18 16:55:12,9,10,1,我超爱老师啊！！！\n\n刚刚查到了分数 虽然不是很高 但是还是很满意的 就是老师不会督促你做很多任务 学习都是靠很强的自觉性 然后就是特别温柔特别好 不会发火 我犯了错误之后 老师是私戳我提醒我 还让我加油 爆哭！真的谢谢老师 还有选上老师课的同学一定要自己努力 如果你上课不跟紧 课后很难补回来的 ！
95094,1365,陈伶俐,2019-01-18 22:00:00,7,8,1,陈老师真的很好，很温柔，很有耐心。自己英语菜鸡，又不太认真，quiz做的不太好，期末考也觉得考的很差，但是最后还是及格了，拉低了均绩，感觉老师好像调分了？虽然我不知道期末考试的答案。下学期大英四还是陈老师，真的真的，好好学习，好好学英语了，在此立誓！不然都觉得真的对不起这么好的老师，也对不起自己等等。下学期，大英四，冲鸭！
95097,1365,陈伶俐,2019-01-18 23:04:18,-2,1,3,唉，太水了
95111,1365,陈伶俐,2019-01-19 00:09:16,4,5,1,小组讨论比较尴尬，但老师还是很和蔼的。
95114,1365,陈伶俐,2019-01-19 00:18:17,18,20,2,老师挺好的，但就是自己没有好好努力吧，就拿了2.7。不过课堂讨论真的有点尴尬
95126,1365,陈伶俐,2019-01-19 00:39:56,4,4,0,老师人超好的～
95705,1365,陈伶俐,2019-01-20 02:21:42,2,2,0,老师真的太温柔了以至于我自己都快放弃了大英三，但是说真的大英学习真正还是要靠自己（这是个人上完课之后的经验总结）。我觉得即使老师课上讲的很多，最重要的也还是自己平时多消化复习。所以我现在总觉得自己平时没认真学很对不起老师。。。
96234,1365,陈伶俐,2019-01-20 14:45:31,1,1,0,老师很好hh
100802,1365,陈伶俐,2019-01-27 00:57:12,1,1,0,老师很好，很温柔，不容易挂
103102,1365,陈伶俐,2019-02-26 03:24:51,7,9,2,超级好的老师，这个评分真的偏低了，我觉得她可以有9.5啊
105294,1365,陈伶俐,2019-04-09 09:13:20,4,4,0,虽然的确尬 但是今天上课展示完被另一个同学怼的时候她帮我说话  感动死了 老师很温柔很善良滴
109861,1365,陈伶俐,2019-06-20 01:30:18,1,1,0,超和蔼
109966,1365,陈伶俐,2019-06-20 15:14:06,2,3,1,话说自己不认真怪大英课水是什么操作，英语很大程度上靠自己的吧，老师人已经超好了，还要求啥，反正我爱死了～(￣▽￣～)~
109967,1365,陈伶俐,2019-06-20 15:36:25,7,9,2,陈老师，你的课有点无聊，但你真的太温柔了，每次想翘课都想到你这么好，就害怕对不起你，也不敢不争气。反正就是牛逼
109968,1365,陈伶俐,2019-06-20 16:01:55,5,5,0,很幸运大嘤三预置了陈老师，所以大嘤四也继续选了她，老师人真的超好炒鸡温柔亲切，课间会放the big bang，吹爆！！课堂课后任务都是很轻松有趣的，给老师10分，我爱老师！
110664,1365,陈伶俐,2019-06-28 03:22:47,2,2,0,上课太水了，太无聊了，希望老师能在刚开始的时候组织活动让班里、组里的同学熟悉一下，然后上课稍微多讲点干货，上课让很多的同学参与进来，总的来说就是不要太水了。给分是很好的，真的！
110675,1365,陈伶俐,2019-06-28 04:08:00,2,2,0,感觉大英四要挂了，结果一查成绩，竟然没挂，太感谢老师了
110713,1365,陈伶俐,2019-06-28 05:14:06,0,1,1,老师真的好，口语不错，人又温柔。\n\n但是我自己太不努力了，妄想期末补天，最后得到一个低低的绩点都是咎由自取(ಥ_ಥ)
110760,1365,陈伶俐,2019-06-28 07:44:27,1,1,0,老师很好 绩点低是因为我翘课又不努力qaq
110793,1365,陈伶俐,2019-06-28 08:32:31,1,1,0,刷夜补天专业课 导致大英考试梦游 老师捞我了 感动哭了? 陈老师超温柔
110849,1365,陈伶俐,2019-06-28 11:21:44,2,2,0,上陈老师的课是很轻松的，但每个单元都会有猜词和小测，可以督促背一下单词吧。不过课堂气氛有点有尴尬....绩点的话，还是要靠自己的英语水平和平时努力了。
110964,1365,陈伶俐,2019-06-29 01:05:14,1,2,1,当初选老师是看中查老师说她课很水，作为不喜欢英语的人只希望大英平安水过，课堂有很多讨论气氛偶尔比较尴尬，不过遇到亲切的组员就还好，我们小组就日常聊天hhhh，下课会放生活大爆炸！然后老师真的很温柔！！人也挺好的，查了期末分发现老师还帮我高了一档没有卡绩我呜呜呜太感动了！大英真的靠自己吧可惜我英语太差了qwq
110990,1365,陈伶俐,2019-06-29 03:50:50,1,1,0,开心啦
120568,1365,陈伶俐,2020-01-13 01:36:12,1,2,1,成绩出了，害，老师虽然上课水，但是人真的很好很温柔了，只是我自己卡绩有点点难受
125256,1365,陈伶俐,2020-09-04 23:17:59,0,1,1,我觉得很好
125259,1365,陈伶俐,2020-09-05 02:47:54,1,2,1,老师特别的温柔，对待英语学渣很友好，也特别有耐心，作业少。我英语太差了，最后老师还捞了我一把
125847,1365,陈伶俐,2020-09-15 01:18:29,1,2,1,人超好的老师
129040,1365,陈伶俐,2020-12-29 04:15:50,4,4,0,老师很和蔼，很亲切，很为学生着想，只怪我自己太不自律了
129057,1365,陈伶俐,2021-01-25 11:35:18,3,3,0,老师真的很亲切啊，组织的小组活动也比较多，不过只要好好学分是不会低的，爱了爱了～
129151,1365,陈伶俐,2020-12-30 14:44:36,3,3,0,老师人很温柔，在课堂上感觉很舒服，也能学到不少有用的知识。
129419,1365,陈伶俐,2021-01-05 06:57:16,6,6,0,老师是个好老师，学生不是个好学生
130815,1365,陈伶俐,2021-01-24 16:59:08,1,2,1,老师真的非常温柔，也很提学生着想，平时作业也不多不过就看自觉了，感觉没做多少作业挺对不住她的，最后给分也很不错呀爱了爱了！！！
130837,1365,陈伶俐,2021-01-25 02:23:27,12,16,4,特别温柔 组织的活动也很多 不仅发了巧克力 还发了npy
130974,1365,陈伶俐,2021-01-25 12:34:10,0,1,1,"老师真的好耐心好耐心/好温柔好温柔，课上永远笑盈盈的，课后也会在钉钉群发一些有趣的小互动，虽然我们一直冷场，对待她精心安排的活动也不太认真，感觉挺对不住老师的。""IF you are ready then smile""， Clear老师真的太nice了～"
130990,1365,陈伶俐,2021-01-25 13:23:00,1,1,0,老师人很好，非常和善，给分很好
131205,1365,陈伶俐,2021-01-26 13:42:08,0,1,1,老师人不错，但我英语不太好，差点挂了emmm
131312,1365,陈伶俐,2021-01-27 04:59:00,3,3,0,老师给分真的很好！但是真的不要只凭这个就不学了呀，因为大英的分数真的就是一分钱一分货，很多时候老师也没法调整，下学期继续冲！
131695,1365,陈伶俐,2021-01-28 12:54:29,3,3,0,好到没话说，直接海底捞，期末平时分直接多给了我3分，大家冲冲冲
133552,1365,陈伶俐,2021-03-02 05:11:15,2,2,0,超级温柔超级好的老师！总之就是非常好！大英四没选上陈伶俐老师的课我真的好遗憾！
134743,1365,陈伶俐,2021-04-13 06:57:39,3,3,0,非常非常好的老师，很会鼓励学生，人也很温柔，记得当时口试完觉得发挥不好她还安慰我，非常喜欢她
136574,1365,陈伶俐,2021-06-21 07:38:23,1,2,1,老师人挺温柔也挺好的，就是一些小组互动非常多，碰巧我比较非小组成员还全员社恐，就体验不太好。。。
139326,1365,陈伶俐,2021-07-14 10:46:57,0,0,0,老师人很好，但上课实在有些无聊
140900,1365,陈伶俐,2021-09-17 12:07:24,-1,0,1,太好了！！！
141495,1365,陈伶俐,2021-10-12 06:25:40,0,1,1,超棒哦
142640,1365,陈伶俐,2021-11-15 01:34:41,0,0,0,老师人很好，很爱笑很亲和，英语课，从小到大不都是比较水的嘛，英语还是靠自己背单词积累呗。上课经常被老师点起来回答问题(不是大家都这样的，可能是我们那组地理位置比较优越)，有时候你答的并不是很好，但是老师都会笑着点头，然后把你往对的方向引导。我们班上课还挺活跃的，不尴尬
144298,1365,陈伶俐,2021-12-21 04:52:42,0,1,1,很nice
146591,1365,陈伶俐,2022-01-07 04:23:53,0,1,1,老师很好很温柔，给分也可以的！！！入股不亏！！最后一节课还拍了集体照，很可爱的老师，每次不发言都觉得不忍心
146594,1365,陈伶俐,2022-01-07 04:31:08,3,4,1,这学期是老师的大英三，有幸选到了老师下学期的大英四！老师真的好好，上课会有很多小组讨论和展示的机会，老师很温柔，要是实在不会说或者口语不太行老师也会帮你圆场，引导你。记得有次我作文写的不好，老师认真的批注还在最后写了她仍然很喜欢我的作文呜呜呜被暖到了！！
146595,1365,陈伶俐,2022-01-07 04:34:11,1,1,0,再见👋
146852,1365,陈伶俐,2022-01-07 15:54:57,0,1,1,给分不错，捞到3.6
147066,1365,陈伶俐,2022-01-08 14:27:06,0,1,1,呜呜老师真的很好，自己听力很差老师了解后私下给了我一些建议。平时很尊重人很温柔，上课也很尽职尽责，感觉最后被捞了一些。大英四时间冲突没能再选，感觉预置到陈老师真的很幸运。
147565,1365,陈伶俐,2022-01-10 08:35:37,1,2,1,老师也太好了吧，下学期还选了老师的大英四，老师我爱你(ɔˆ ³(ˆ⌣ˆc)
148115,1365,陈伶俐,2022-01-11 14:01:39,0,1,1,老师人很好很热情~~~\n\n感觉大英更多还是要看自己吧。多和老师沟通，她会给一些很有用的建议的~
149460,1365,陈伶俐,2022-01-15 11:55:04,0,1,1,信息密度不是那么大，但是相信其他老师的英语课也一样。但是陈老师人真的很好。
152103,1365,陈伶俐,2022-03-26 14:22:41,1,2,1,特别能捞
153440,1365,陈伶俐,2022-06-15 03:57:18,3,4,1,老师太好了，不仅人好给分也好，我大英四比大英三进步了很多
153667,1365,陈伶俐,2022-05-07 11:07:51,4,5,1,老师人真的很好，很温柔很尊重人
155660,1365,陈伶俐,2022-06-15 05:20:30,0,1,1,感觉老师挺好的，大英嘛
155685,1365,陈伶俐,2022-06-15 07:55:34,2,4,2,老师好好～会调分，最后百分制调到了那一档里的最高分。算过了！不是卡绩！谢谢老师！！
155796,1365,陈伶俐,2022-06-16 04:40:26,3,3,0,陈老师人好给分也好，考的不好完全是自己的问题，老师已经在用力捞了
155891,1365,陈伶俐,2022-06-16 12:58:19,3,3,0,大英三四都是老师的课，老师人很好，上课鼓励回答问题但氛围不紧张，小组展示大多也不是强制的，听写任务不多（往往是随堂抽一组上去简单批改一下，但并不占平时分之类的东西），quiz和最终考试这些还是得靠自己背自己复习，不过感觉最终绩点有被老师捞到，超出预期了。quiz的话，个人经验是复习单词很有用，也可以根据自己的情况背一下单词表里的例句，有些单词的选择题会出例句（但不保证一定出），课文相对考察得没有那么精确，但时间足够的uu还是可以背一下重点词句…祝各位也可以收获自己满意的成绩～
161010,1365,陈伶俐,2022-10-23 16:27:18,1,1,0,老师人很好，很nice很温柔。上课很喜欢小组讨论，有时候有一点水
164202,1365,陈伶俐,2022-12-19 07:34:32,2,2,0,老师很好的，就是有时候讲课会有蜜汁停顿
165138,1365,陈伶俐,2022-12-29 09:21:36,1,3,2,老师很无语，上课一直要进行尴尬而又无聊的小组讨论，个人认为很没有必要而且很浪费时间。
165144,1365,陈伶俐,2022-12-29 10:13:03,3,3,0,托福听力，有听写，背单词没有阅读那么离谱，但8周500-700个还是有的。毕竟是托福，即便过了6级，听力还是比较难，对应的学到的东西也很多。老师确实是好老师，就是不知道给分怎么样。。
167812,1365,陈伶俐,2023-01-19 07:44:18,2,3,1,托福听力，背单词的任务比较重，但是如果你的英语基础比较好，听力的难度并不大。每节课如果认真完成任务的话，听力也可以获得比较大的提升。老师很友善，给分似乎一般（感觉期末考试考的还可以，但得分比预期要稍微低一点）
168697,1365,陈伶俐,2023-02-21 06:44:32,1,2,1,我不想多说，老师特别好，很和善，给分真的很好，能选则选，稳定不亏，谁上谁知道
169081,1365,陈伶俐,2023-02-24 08:39:35,2,3,1,伶俐老师特别和蔼可亲，每次上课都充满了活力和笑容！\n\n有一说一，大英III的课还是比较水的，就是基本的文章+词汇之类的，课堂交流的机会比较多，总的pre有3个\n\n课后作业会稍微多一些（全部完成的话），对课后自行练习听说的要求还是比较高的\n\n给分的话还可以
171299,1365,陈伶俐,2023-03-21 07:03:02,-6,3,9,课堂上很水，但依然能给九分。\n\n客观来讲，她这种摆烂式的上课方式是有点不负责任的，不过，很多认真上课的老师还没有她好
173287,1365,陈伶俐,2023-05-17 15:31:33,1,3,2,上课还行，pre偏多，对文本的把握感觉还有点欠缺，但是人挺好的，也很温柔。给分的话一般，不是很好。
174937,1365,陈伶俐,2023-06-20 06:39:53,3,4,1,刚刚考完大英四来给陈老师拉拉分！从客观角度来看，陈老师班上的事情和其他老师相比略多，每单元都有作业要做（但绝大多数人的书本根本检查不到）有两次小组展示要做（但是可以略水一点，不算麻烦，不过我也因此收获了小组的友谊ww）每单元都有听写（而我的室友班上应该从来就没有），但是这个在小测和期末真的是救大命了（稍微复习一遍单词即可ww）。陈老师真的非常友善，会认真听学生的想法，我超爱！还有还有，每次下课都会放生活大爆炸，超赞！如果想push一下自己，在大英四获得不错成绩的uu们还是很建议的！
175085,1365,陈伶俐,2023-06-21 12:30:04,4,4,0,非常和蔼的老师，很温柔，最后一节课还给全班合照，莫名的有些舍不得呜呜呜。
175309,1365,陈伶俐,2023-06-23 13:36:33,2,2,0,老师好温柔，给分也好好呜呜呜
175349,1365,陈伶俐,2023-06-24 06:14:57,4,4,0,不喜欢随机抽人提问~
175709,1365,陈伶俐,2023-06-26 09:13:48,3,3,0,人很好，比较关心体谅同学，会帮你解决问题，可以感受到是真的对同学们一片真心，总之就是很有爱很包容的老师。\n\n上课的话中规中矩，经常没人回答问题（略尴尬，可水，体验不错（反正大英80%靠自己啃书背单词。\n\n综上，值得选的老师
178011,1365,陈伶俐,2023-07-06 07:33:54,2,2,0,老师很温柔
186069,1365,陈伶俐,2024-01-08 06:39:39,2,2,0,非常好的老师
186471,1365,陈伶俐,2024-01-11 08:15:22,2,2,0,老师人很好很温柔，给分也不错，大英三预置她的课，大英四也选了她的课。课很水，大英三其实背单词就好，最后一节课还会跟大家一起合影，考试前还会提醒大家早点休息www
186504,1365,陈伶俐,2024-01-11 11:25:07,1,1,0,老师人很好
186548,1365,陈伶俐,2024-01-11 15:27:50,8,8,0,今天大英三刚出成绩就来评价了。老师人很好，回答问题不会有压力，她会温柔地引导你。而且每次考前（小测、期末）都会提早在课上准备一些compound dictation或banked cloze给同学们热身，这贴心的一点别的老师好像没有？期末甚至压中题了！啊啊啊！自我感觉高中时英语很差，但是绩点依旧喜提4.8，推测其中有老师捞的成分（因为期末卷真的令我很难受）。虽然没回答过问题，但一学期体验真的不错！
188871,1365,陈伶俐,2024-01-20 10:30:34,3,3,0,老师人超级好，平时上课可以水，就是平时背背单词，最后4.2，感谢老师！！
197232,1365,陈伶俐,2024-07-09 14:37:54,1,2,1,学完大英四再回头看陈老师的大英三，其实觉得事情不算多，课后作业就一点点练习，展示也是小组分工的或者是课上准备的，每次quiz和期末考前都会给我们做一些练习，最后还被捞了几分4.8上岸
202611,1365,陈伶俐,2024-11-14 02:01:08,2,3,1,老师人是好，但是能不能不公布quiz成绩，英语不好的人想找个洞钻进去😭
204332,1365,陈伶俐,2024-11-25 09:26:49,0,0,0,公布成绩应该是防止录入数据错误吧，而且不是有意去看，好像别人也不知道自己成绩的。
205239,1365,陈伶俐,2024-12-03 06:22:18,0,0,0,老师人超级好
206230,1365,陈伶俐,2024-12-13 09:44:33,0,0,0,老师超级温柔，上课可水（），会很认真听你发言，说错了也会鼓励你提醒你，快选吧真的特别好
207886,1365,陈伶俐,2024-12-25 00:54:24,0,0,0,上课既能划水也可以学到东西，老师人非常和蔼态度很和善，给分也很好
207994,1365,陈伶俐,2025-01-05 09:17:04,1,1,0,我平时分就扣了15分了🤡  老师会捞吗\n\n\n\n更新：高中的时候英语就是班里倒三以内 考完觉得能过就很好了 出分2.7我还是很开心的  估计老师能捞的都捞了
208019,1365,陈伶俐,2024-12-25 08:20:11,0,0,0,很喜欢老师很有人情味\n\n知识很丰富
208079,1365,陈伶俐,2024-12-25 13:15:34,2,2,0,口语考试还能捞😭谢谢陈老师，最舍不得的一集
209227,1365,陈伶俐,2025-01-05 05:56:07,1,1,0,虽然经常钉钉已读不回，但还是一个很负责很温柔很有水平的老师，大英三四都是她
209276,1365,陈伶俐,2025-01-05 09:45:33,0,0,0,出分来感谢下老师😘\n\n老师很温柔，人很好，课间会放生活大爆炸\n\n但上课有时有点尴尬?)
209301,1365,陈伶俐,2025-01-05 11:02:17,0,0,0,陈老师海底捞，我的神。
209304,1365,陈伶俐,2025-01-05 11:15:07,0,0,0,老师超级好，会鼓励回答问题，只要愿意回答就可以啦。期末应该捞了刚好83，均绩低肯定是大英这门课的问题期末太变态了😭
209322,1365,陈伶俐,2025-01-05 12:03:24,0,0,0,4.8耶
209330,1365,陈伶俐,2025-01-05 12:19:41,1,1,0,被卡绩
209414,1365,陈伶俐,2025-01-06 02:28:51,2,2,0,超级温柔可爱的老师，希望她每天都能开开心心哒
209671,1365,陈伶俐,2025-01-06 12:53:46,0,0,0,老师温柔人好，给分中肯
209969,1365,陈伶俐,2025-01-07 15:08:48,1,1,0,出分来感谢老师。\n\n老师很温柔，上课的时候在你回答不上来的时候会耐心地引导，平时上课也会抽空练习一些compound dictation之类的题目，帮助同学找手感，期末考前还温馨提醒大家不要迟到。\n\n感谢陈老师一学期的陪伴
210861,1365,陈伶俐,2025-01-10 05:39:52,1,1,0,老师特别温柔，声音也很好听，不过上课确实有点无聊，但也可以做自己的事情。能给满的会尽量给满，总体来说体验还是不错的
211447,1365,陈伶俐,2025-01-11 12:37:25,1,1,0,超级超级超级好的老师，最后总评4.5，感觉平时多发言，小测什么的认真复习好好考。老师平时分快捞满了，毕竟大英还是比较硬凭实力的一节课，老师能调分的区间比较少，但是认真学就好啦
211670,1365,陈伶俐,2025-01-12 06:37:35,2,2,0,我一个根本没听课，就考前背了一点单词的人人都过了！真的是从马里亚纳海沟捞上来的，她有人是真捞
214932,1365,陈伶俐,2025-02-19 07:19:20,2,2,0,陈老师其实人很好，很会体谅学生，不会太强迫你，说事也清楚，我上的老师的大英三，给了3.9，平时就发言了两次，嘻嘻爱死陈伶俐
217339,1365,陈伶俐,2025-04-09 01:16:51,1,1,0,挺好的老师
220144,1365,陈伶俐,2025-06-15 13:03:09,1,1,0,别的老师大英三3.6，她这里大英四4.2，伟大无需多言
387,1382,程晓玲,2015-03-15 01:46:19,-11,20,31,这个老师很有艺术感，很有自己的想法。总之，因为像自己幼时的美术老师，所以有好感啦～
889,1382,程晓玲,2015-03-18 11:14:17,-6,20,26,老师说话不紧不慢，而且感觉颇有自己的一些主张。
1555,1382,程晓玲,2015-03-22 12:26:48,-8,12,20,有想法
2827,1382,程晓玲,2018-07-02 07:57:46,54,107,53,上课太水，没什么干货，给分很坑。
3760,1382,程晓玲,2015-06-17 03:32:23,-8,10,18,挺好的老师，
4611,1382,程晓玲,2018-07-02 08:02:26,14,28,14,坑。
5925,1382,程晓玲,2018-07-02 08:02:37,16,28,12,期末考试是个坑
6757,1382,程晓玲,2015-07-21 16:19:22,-2,12,14,喜欢
7877,1382,程晓玲,2017-09-20 03:28:33,7,13,6,不怎么有重点，水水的
8687,1382,程晓玲,2016-06-22 13:35:52,37,62,25,跨文化交流不能更无聊，一个人坐在讲台上读ppt，内容都是一些非常枯燥common的东西。要不是沟通与领导难选上真的想退课
10828,1382,程晓玲,2015-11-23 06:28:59,2,12,10,上课无聊，没有内容，给分差
10933,1382,程晓玲,2017-09-15 02:56:02,36,66,30,家庭心理学还是不错的，平时没有作业，考试简单，给分挺好。
14292,1382,程晓玲,2016-01-06 06:24:50,0,3,3,一般般\n\n
14913,1382,程晓玲,2016-01-11 02:57:24,0,8,8,上课好无聊
17166,1382,程晓玲,2016-01-19 23:14:33,-2,8,10,跨文化交流不能更水  最后的考试是个坑  不过给分还行
23781,1382,程晓玲,2016-04-16 11:44:11,-6,1,7,。。。
25179,1382,程晓玲,2016-05-07 05:48:16,-6,1,7,。。。
26946,1382,程晓玲,2016-06-22 00:48:32,10,21,11,对学生挺有偏爱的，上课就喜欢瞎逼逼说些有的没的，说了半天啥有用的也没讲，还没赵宏琴讲的有用
29251,1382,程晓玲,2016-06-29 13:38:19,6,10,4,老师人很好的
29601,1382,程晓玲,2016-06-30 04:38:19,0,6,6,除了水不知道还有什么特点  给分随意  课堂展示和论文都做的非常用心  然而给分好像完全不看你写的内容
34944,1382,程晓玲,2016-11-08 07:23:46,5,10,5,老师人好负责，但是上课挺无聊的\n\n
35584,1382,程晓玲,2016-11-10 07:29:22,1,6,5,沃德天慎选！！！！
43120,1382,程晓玲,2017-01-15 22:50:54,0,3,3,蜜汁给分
43125,1382,程晓玲,2017-01-15 23:35:53,23,28,5,挺水的，只需要做一个小组展示，再来一个书上都能找到答案的期末考试就好了。要想分数高，期末很重要！
44560,1382,程晓玲,2017-01-18 03:04:56,18,24,6,其实感觉老师还不错啊，家庭心理学真的很推荐，平时事情不多，只有一次展示加开卷期末考
46695,1382,程晓玲,2017-01-22 07:29:01,3,8,5,期末考试好坑，上课还算有点东西，给分....通识课没办法，被正态分布了
48692,1382,程晓玲,2017-03-09 13:11:22,6,14,8,为人师表 很正气 上课常常教导我们做人的道理 老师很用心 如果看到评分低的话一定会伤心的 喜欢老师的为人
48919,1382,程晓玲,2017-03-16 08:18:28,19,22,3,现在在上课，来水一发 \n\n秀女狂魔？？？
49089,1382,程晓玲,2017-03-24 08:48:49,-9,7,16,大傻逼
49891,1382,程晓玲,2018-12-27 08:37:43,46,83,37,家庭心理学作为一门J类课，和职规什么的比起来真的是事少好拿分，只有一个小组展示加开卷考试，考试很简单基本全是书上抄抄下来的东西。有点水但是给分不错啊~
49901,1382,程晓玲,2017-04-27 04:28:04,0,5,5,上课比较水，给分不错
52172,1382,程晓玲,2017-06-29 15:50:12,3,9,6,超级 大 绩 杀
54138,1382,程晓玲,2017-06-28 14:11:36,-10,5,15,我爱程晓玲老师，给了我目前所有课的最高分。\n\n虽然写期末论文对拖延症来说太痛苦了，但还是不错的，给了充裕的时间。\n\n老师人很可爱的，很亲切，很喜欢她。上课以书为主，偶尔有课后作业，任务不重。有一次考试，大概看看书就好。上课很轻松。\n\n
54155,1382,程晓玲,2017-06-28 14:39:38,0,3,3,上课虽然没有什么干活，但是几片论文蛮有意思的，给分也不错哒。
54167,1382,程晓玲,2017-06-28 14:56:36,-1,5,6,上课比较水，作业比较多，但是给分还挺惊喜的…本来自我感觉作业考试论文什么的都不太好来着……
54209,1382,程晓玲,2017-06-28 16:35:20,5,12,7,跨文化交流给分巨坑
54239,1382,程晓玲,2017-06-29 00:31:10,7,10,3,跨文化交流是个巨坑 巨坑 正态分布真的可怕 从没拿过这么低的分？？！
54400,1382,程晓玲,2018-06-15 02:46:37,2,5,3,跨文化交流上课非常水，给分还巨坑，平时超级认真，只因为考试因为“写得不够多”，只有60分，不看对错，只看多少，呵呵。
57174,1382,程晓玲,2017-07-06 01:12:30,5,8,3,给分超级坑！！！
57622,1382,程晓玲,2017-07-10 22:48:14,0,7,7,傻逼一个
57986,1382,程晓玲,2017-07-20 06:43:52,5,8,3,everyone learned nothing，and you can easily get a bad grade.\n\n
59190,1382,程晓玲,2019-02-27 08:26:13,5,7,2,说实话，课程内容相信大家都会感兴趣٩(๑òωó๑)۶ 但是英语授课对于只为丰富一下生活的我来说却是一种负担。希望还没选此课的萌新可以接着走下去吧QAQ。
63213,1382,程晓玲,2018-01-25 07:15:05,6,7,1,家庭心理学给分好 一次展示+期末开卷考五道书上的题。上课可听可不听。非常好了
63963,1382,程晓玲,2017-12-20 06:41:53,10,12,2,家庭心理学还蛮好的，长远的影响大
65403,1382,程晓玲,2018-01-03 15:30:51,0,3,3,上课一个劲地瞎吹牛！没有干货！
69434,1382,程晓玲,2018-01-24 16:02:05,5,7,2,深夜突然出分…J类给分还挺好的
69456,1382,程晓玲,2018-01-24 17:24:18,4,8,4,J类课，完全不给学生找事，只要英语过得去就能答好期末试卷。整个学期就一个小组展示、一次期末考、每节课签到。分给的还挺好。不知道给差评的在想什么，课本的英语难度连四级都比不过吧。
69525,1382,程晓玲,2018-01-25 02:35:26,0,1,1,上了英语写作2 表示老师挺好的啊事情不算多 那些说老师课水的反正这种课讲什么你们也不会听的好么 认真听的人总会有收获
69689,1382,程晓玲,2018-01-25 08:23:11,1,2,1,老师挺温柔的，很照顾学生，在J类里绝对算轻松的
71018,1382,程晓玲,2018-01-28 01:51:54,4,5,1,说一说跨文化交流，这门课虽然很无趣，但是能满足大部分同学对于“水”以及均绩不低的需要。分数靠签到和小论文以及最后的期末考试组成，准备这些东西是要花一定时间的，但是在j类里面已经算很良心了。总而言之，看重水以及分数性价比的，不要因为老师评分低（老师人其实很好）而不选；看重课程质量的，就另选他课吧。
71746,1382,程晓玲,2018-01-29 02:26:37,27,28,1,补选上J类的跨文化交流。\n\n老师人很和蔼，说话温温柔柔的，但上课略无聊，就是念PPT。经常举自己在国外的各种例子，特别关注留学生。\n\n作业上，有一次大作业，内容是名词解释和一篇1000词的短文，会提前2、3周布置。点名方面，每节课都需要在签到表上签名，算是点名了，真的是每节课都要签。还有一次小组pre，4～5人一组，按名单分或者自己组，第一次课就会分组，所以补选的同学就只能另外分组了，每组pre主题已经定了，但是特别水，大部分都是上去念讲稿。最后考试，开卷考，5道大题，四道来源于书上课后习题，大家可以提前在网上找好答案，还有一道论述类的，自己看着答吧，实在写不上来书上找段合适的抄上也可以。\n\n以上。
72414,1382,程晓玲,2018-01-30 05:32:30,1,1,0,老师人挺好的，挺温柔，在J类里面这课算是轻松的。不过内容真的很水，坐在那儿玩手机都累了。
75151,1382,程晓玲,2018-03-07 14:32:06,-1,1,2,老师人其实挺负责任的，上的中国文化与国际交流，课非常有意思，讲各种国外的经历文化的差异很好听，但是不是外院的或者英语水平不高的一定要慎选！慎选！慎选！上课的pre，作业，论文全部用英文！想拿来当个性一定要谨慎谨慎再谨慎
75684,1382,程晓玲,2018-03-15 06:21:24,7,8,1,只能说不是一个生活环境的人，您老生活环境可真好。
75859,1382,程晓玲,2018-03-20 05:49:38,1,2,1,讲课一分钟，自己跟自己唠嗑五分钟
76113,1382,程晓玲,2018-03-27 05:45:11,1,1,0,写作课  好困啊  老师很佛系  还行吧
77700,1382,程晓玲,2018-05-07 10:32:41,4,4,0,家庭心理学上的很有趣，虽然是英语，但是听得懂，期末开卷考点名签到形式，最后给分很不错，谢谢老师
77710,1382,程晓玲,2018-05-07 11:09:17,3,4,1,家庭心理学超级好啊……看评论说不好但是是J类而且才1学分就选了……平时到了签个名，就一个小组展示，期末考试就抄书，事情好少的给分超级好啊！
78772,1382,程晓玲,2018-05-15 06:39:12,0,1,1,除了写作，其他什么都讲\n\n各种八卦家庭琐事\n\n什么东西都学不到
80120,1382,程晓玲,2018-06-20 07:41:17,0,0,0,无聊。
80323,1382,程晓玲,2018-06-25 06:33:18,5,7,2,家庭心理学\n\n事情是真的少，一次中文展示+期末英文开卷考。老师上课主要是分享自己经历的、看到的婚恋故事。听听过就好。比较意外的是，老师对各种理念都很宽容，而且人超温柔呀，课后也愿意和学生推心置腹交流想法。总体推荐！
80873,1382,程晓玲,2018-07-02 06:53:39,2,2,0,上课很佛系，给分好像也很佛系
80874,1382,程晓玲,2018-07-02 07:15:30,1,2,1,每节课都要签到，上课无聊，考试评分标准不明
80881,1382,程晓玲,2018-07-02 08:45:57,5,6,1,事少 给分还行 太水了学不到东西 老师不是个好老师 但人好像不错……
80889,1382,程晓玲,2018-07-02 10:42:58,3,3,0,给分还好
80926,1382,程晓玲,2018-07-02 22:21:48,4,5,1,老师给分真得太好了！\n\n虽然有时候上课聊天聊得比较多\n\n但是真实得感觉到\n\n老师给分真好
81208,1382,程晓玲,2018-09-16 05:56:53,2,4,2,给..给分好诶，考前基本没怎么复习，而且考试的题我都没看...也就乱答一通，结果成绩挺好的?对于j类来说。上课可以不听其实，就一个小组展示，真的笔芯老师啊老师超nice超有气质像妈妈一样!虽然是听听故事，但感觉还是有所收获的（导致我书没怎么看，考前慌得一批..大家不要学我）
81513,1382,程晓玲,2018-07-05 08:59:12,-2,2,4,写作课别选 谁选谁倒霉
81916,1382,程晓玲,2018-07-06 13:08:12,-2,0,2,给分烂，课无聊
85256,1382,程晓玲,2018-07-16 14:13:21,2,2,0,给分很好~老师很慈祥的！
87867,1382,程晓玲,2018-10-16 09:24:07,0,0,0,我最期待是小组展示
89851,1382,程晓玲,2018-11-22 15:15:52,1,2,1,我只能说，老师挺认真的，就这样
90168,1382,程晓玲,2018-11-22 09:58:11,3,4,1,作为j类课已经很水了，给分也蛮好
90188,1382,程晓玲,2018-11-22 11:25:35,-2,0,2,挺水的，大概是真的在水 绩点低……
90197,1382,程晓玲,2018-11-22 12:12:16,6,8,2,上的家庭心理学，老师是一个比较nice的老师，虽然觉得她这门课比较无聊，但是老师在课上会讲很多她自己的经历，让我们深有启发。\n\n此外，虽然是双语，但是比大英简单，而且做pre是完全可以中文的。考试开卷，全在书上找，考前多看几遍书就好了。\n\n最后，作为一门J类，真的是事情少给分也比较好的!今年均绩都上4了，给老师比心(⑉°з°)-♡
90202,1382,程晓玲,2018-11-22 12:28:58,1,1,0,老师不错，虽然我被正态了，怪我自己吧
90252,1382,程晓玲,2018-11-23 00:06:01,-2,0,2,无语，其低
90588,1382,程晓玲,2018-11-24 08:36:29,2,2,0,老师人很好，上课温温柔柔地讲很多小故事，可能稍显无聊……考核是出勤、小组展示、论文、考试——作为一门J类事情真挺少´_>`
90889,1382,程晓玲,2018-11-27 05:52:29,-4,2,6,毫无价值，卖弄自己的求学经历。给分极差，大学通识课最低绩点（每节课到，认真做展示，写论文，考试提前看认真考），不能够理解
92348,1382,程晓玲,2018-12-28 02:45:39,3,3,0,老师的课很好
93240,1382,程晓玲,2019-01-08 08:50:03,0,1,1,家庭心理学。我觉得老师的课还是挺享受的，老师很感性，也很有生活阅历，为学生的未来着想。有种娓娓道来的舒适感。
97061,1382,程晓玲,2019-01-21 15:30:47,5,6,1,跨文化交流出分啦！给老师好评～ 老师很温柔，上课的时候会给大家分享一些视频和自己的经历。其实感觉这门课很多地方如果认真去想去听，也会有很多感悟和共鸣的。 每节课会签到，整个课程只需要做一个小组pre（超简单）和一次期中作业（也很简单）就好啦。期末考试闭卷，考题来自于课本，事先准备一下就好了。笔芯
97089,1382,程晓玲,2019-01-21 15:59:43,1,3,2,程老师给分也太好了吧，表示一辈子爱她?
97202,1382,程晓玲,2019-01-22 00:16:11,0,1,1,老师很好啊～超爱听老师的儿化音2333 上课压力不是特别大也能学到东西
98128,1382,程晓玲,2019-01-23 05:52:14,2,4,2,给分很好！事少！！！！
98149,1382,程晓玲,2019-01-23 06:21:37,4,4,0,\n\n跨文化挺有意思的会讲很多小案例\n\n重点是课程本身完全无压力给分也不错呀\n\n最后 就为老师特地买Ritter Sports给我们吃 也要疯狂笔芯了\n\n
98417,1382,程晓玲,2019-01-23 12:28:26,-3,0,3,写论文不注意格式或者语法的勿入\n\n不想做麻烦的屁屁踢的勿入\n\n老师的有些观点实在不敢苟同\n\n不过主要还是给分失望了\n\n有点点坑的吧
100349,1382,程晓玲,2019-01-26 03:23:42,0,0,0,上课无聊，给分水，就挺迷的
101389,1382,程晓玲,2019-01-28 06:26:18,2,3,1,GEP辅修班过来的，上的是跨文化课，老师总体很不错，平时就是一次小组展示，一次课后作业（文化名词解释），期末一篇短论文加开卷考（提前会给范围）。给分不错，上课老师平时也很风趣幽默，蛮有干货的，程奶奶很和蔼哒
103360,1382,程晓玲,2019-02-27 12:55:21,0,0,0,上了这个老师的课会抑郁
107102,1382,程晓玲,2019-05-01 14:29:24,-9,1,10,虽然通识课绩点只有4.2，但觉得这个老师人很好，很和善。。。
107644,1382,程晓玲,2019-05-08 02:42:50,1,1,0,（家庭心理学）老师故事很多，上课很有趣，话题很劲爆！没有作业，一次小组展示+考试，考试是英语答题，所以成绩和英语水平有关系
108831,1382,程晓玲,2019-06-03 05:09:24,0,0,0,水课，大水课
109187,1382,程晓玲,2019-06-11 08:19:16,1,2,1,跨文化交流 老师举的很多例子真的很过时...感觉都是为了体现文化差异而故意曲解中国文化 而且上课的时候对外国学生特别热情
109360,1382,程晓玲,2019-06-13 09:20:08,39,40,1,上的是家庭心理学，老师思想真的很开放也很包容，而且老师会讲很多自己周边的真实事迹，也会用过来人的角度跟我们讲一些关于家庭经营的心得，不想听也没关系，但是听的话也真的觉得还蛮好的，不像是上课更像是和家里人话家常。还没有考试，并不知道打分怎么样 但是我觉得程老师值得10分。\n\n顺便配上今天老师说的一段让我感触很深的话：“当我四十岁的时候，我既想当一个好妻子，又想当一个好老师，既想当一个好妈妈，又想当一个好女儿。当时我觉得分身乏术，感觉心力交瘁。但是现在我知道，那个时候才是最好的时候：父母健在，儿女也尚在身边。”\n\n与诸君共勉。
111232,1382,程晓玲,2019-06-30 17:07:16,1,1,0,跨文化交流。老师给分太好了吧…感动
111251,1382,程晓玲,2019-06-30 18:40:57,-2,0,2,给分巨坑
111259,1382,程晓玲,2019-06-30 21:41:54,2,3,1,老师很温柔 讲话轻声细语 因为去过很多国家对很多事情有她自己的包容性 跨文化交流真的去听老师讲她自己的故事蛮有意思的 很愿意与学生交流互动分享但也可以理解学生上通识课的心态 很负责 细则都讲的很清楚 只要按老师要求的做就能拿到应得的成绩 给老师好评
111261,1382,程晓玲,2019-06-30 22:26:52,-4,0,4,并不能学到任何东西
111270,1382,程晓玲,2019-06-30 23:17:26,1,1,0,感觉老师性格很可爱。跨文化交流说实话是挺水的，不过我就想要一门水水的j类课，事情是真的少，所以对我来说很好。给分也不错
111290,1382,程晓玲,2019-07-01 00:49:43,4,5,1,跨文化交流。老实说就课程内容来说真的非常非常非常水，几乎没怎么听(很惭愧)，但是老师给分是真的好...说得功利一点的话就是性价比高，作为J类事情不算多给分又不错。考核是一次小组展示+个人名词解释和千字左右小论文+期末开卷考(开卷也挺难答的)。每节课都签到，老师人真的很好。
111295,1382,程晓玲,2019-07-01 01:06:17,2,3,1,上的家庭心理学。老师人很好，特别和善，平时上课啦拉家常很亲切，会分享自己对恋爱与婚姻的看法，老师的思想真的很包容。小组展示加期末看，期末考开卷，是一篇800字英文论文，不难写。总之事少给的好。
111405,1382,程晓玲,2019-07-01 07:50:29,2,2,0,上课很水，但是给分不错，事少
111451,1382,程晓玲,2019-07-01 14:38:33,2,3,1,上过跨文化交流和家庭心理学，都是4.5。如果对英语无压力，作为通识课其实挺不错的，很轻松。上课虽然没有太多干货，但是老师很和蔼，也会说很多自己身边的例子，感觉就像和你唠家常。很多人说课水，难道通识课要像专业课一样干货满满才开心？
111987,1382,程晓玲,2019-07-03 05:56:22,-5,0,5,真的坑，期末给分很差！ 慎选
113562,1382,程晓玲,2019-07-07 00:01:51,1,1,0,对学生很尽心
114874,1382,程晓玲,2019-07-12 07:58:09,0,0,0,中国文化，虽然给分好但真的学不到什么的，而且事情略多
119930,1382,程晓玲,2019-11-17 01:12:25,1,1,0,老师不错，上课还行，家庭心理学事少，就做个PPT，这次考试时写篇600字英语论文，给分不错
119935,1382,程晓玲,2019-11-17 01:23:03,3,3,0,家庭心理学，事少，给分挺好。
119969,1382,程晓玲,2019-11-17 02:29:44,1,3,2,家庭心理学期末考写一篇六百词以内英语论文，太糟心了，上课讲的和考的感觉没什么关系，感觉被坑了
120004,1382,程晓玲,2019-11-17 04:27:46,1,1,0,事少给分好
120065,1382,程晓玲,2019-11-17 09:17:39,1,2,1,老师脾气很好，平时不会有作业，整个学期就只有一次小组展示，给分我觉得还行吧，只要不旷课、期末开卷考认真答、小组展示认真做了的给分应该都比较满意，至少我是这样
120077,1382,程晓玲,2019-11-17 10:40:26,1,1,0,家庭心理学虽然课很水，但是给分还不错。平时没有作业，就做一次小组显示。想水选修的推荐选。
120297,1382,程晓玲,2019-11-27 15:39:04,0,1,1,好得很
120906,1382,程晓玲,2020-01-18 14:49:31,4,4,0,给分很好啊且没给我卡绩，看到很多人说给分巨坑，可是自己不付出时间和精力凭什么要求老师给分高呢…想水课的请绕道吧，总之个人认为在课上还是能学到很多东西的，布置的课堂展示名词解释期末论文未尝不是一种锻炼
121156,1382,程晓玲,2020-01-20 01:22:04,2,2,0,跨文化交流\n\n40论文30展示20期末考10期中作业\n\n上课水而且不用担心，反正期末开卷考两个问题，都是书后面的问题，能翻到就ok\n\n认真写论文做展示分数都会高的，只要认真做了作业，上课不听完全ok\n\n个人认为想要一门水通识课的同学们，跨文化交流绝对是一门好课\n\n而且这个外国留学生真的多，真的是能跨文化交流嘿嘿
122172,1382,程晓玲,2020-02-18 14:47:35,2,3,1,事少 给分也不错
124355,1382,程晓玲,2020-06-29 14:30:10,2,2,0,选了跨文化交流。看了查老师里面的评价开始还挺担心的，出分以后真心觉得老师给分不错，人也很和蔼，就是上课不太能让人听得住，但是如果认真听和认真看课本的话还是能学到挺多东西的
127380,1382,程晓玲,2020-11-22 01:38:33,0,1,1,好好好
130748,1382,程晓玲,2021-01-24 12:43:22,4,4,0,老师讲课的内容并不是很有意思，感觉不一定会学到你想要学的。但是老师人很好，上课可以做自己的事情，期末论文认真写，给分也会不错
130754,1382,程晓玲,2021-01-24 13:05:43,3,3,0,除了课有一点点无聊，其他都很好，事情也少，一次小组展示，一次期中作业，一篇期末论文，一次随堂考试，如果这些都认真对待的话，分数还是挺高的。老师人很好，是我见过的唯一一个给你布置论文还会指导你怎么写的老师。
130761,1382,程晓玲,2021-01-24 13:30:43,1,1,0,其实我觉得老师的跨文化交流还是挺有趣的，事也不多，还是能学到不少东西。ps:这门课的外国xgg. xjj真的多
130766,1382,程晓玲,2021-01-24 13:33:43,2,2,0,还可以，战时稍微准备下，期中期末各有作业，上课不听没问题，老师很温柔哈哈哈（为什么这课还是我最后一轮选上的还有空余量）推荐哦
130778,1382,程晓玲,2021-01-24 14:09:35,3,4,1,确实比较无聊，照ppt念。不过上课故事还是挺多的，作业少，给分超级好。
130785,1382,程晓玲,2021-01-24 14:27:14,1,1,0,来感谢老师了 跨文化交流 发现也没那么不好。期末开卷考，往多了写，展示好好展示，一定要到课，也拿了不错的4.5。谢谢老师哇
130812,1382,程晓玲,2021-01-24 16:48:00,1,1,0,该做的都好好做，认真对待就好啦。老师很好的
131005,1382,程晓玲,2021-01-25 14:02:44,3,3,0,事少课水给分高
133352,1382,程晓玲,2021-02-26 06:20:04,3,3,0,事少给分好
136813,1382,程晓玲,2021-06-25 04:03:26,-4,2,6,突如其来要加个口试，范围是到处复制粘贴来的云里雾里的一百多页的材料，同学问口试占比多少也不吭声，明明一开始就没有说要口试，缩范围也不肯，还冤枉你了不成，我真的无语哈。以后离程女士远一点嗯嗯。
137384,1382,程晓玲,2021-07-03 15:51:27,2,2,0,老师巨温柔而且很关心学生！上课挺有意思的可惜我英语不好，没坚持听下去，都用来干专业课的事情了，老师真的人很好，，作业认真写了期末也尽最大努力不要空题，老师给分都很好。考完试老师还叹气说有的人一个字也不写。我那么烂的语法最后给分还不错，只能说你用心了老师绝对不会看不见的。
137399,1382,程晓玲,2021-07-04 02:11:23,6,6,0,家庭心理学：事情少给分好 上课可以不听 考核是每次线下纸面签到+一次小组展示+期末开卷考+一篇小论文 英语很重要，考试和论文都是全英文。（这学期论文作文题很有意思嘿嘿）
137403,1382,程晓玲,2021-07-04 02:38:19,2,2,0,老师真的很好！
143071,1382,程晓玲,2021-11-18 16:03:00,-4,1,5,不予评价
145050,1382,程晓玲,2021-12-27 05:22:33,2,2,0,跨文化交流：老师很好，上课会把自己在国外的经历当成例子来讲解课本知识。事情也很少，前前后后就一个小组展示和一篇期末论文，还有最后老师自己加的一个开卷小测。很温柔的老师。但是好像这是最后一次带跨文化交流，以后的同学可能享受不到了
145051,1382,程晓玲,2021-12-27 05:22:31,1,1,0,跨文化交流：老师很好，上课会把自己在国外的经历当成例子来讲解课本知识。事情也很少，前前后后就一个小组展示和一篇期末论文，还有最后老师自己加的一个开卷小测。很温柔的老师。但是好像这是最后一次带跨文化交流，以后的同学可能享受不到了
147108,1382,程晓玲,2022-01-08 17:29:18,3,3,0,非常亲切和蔼！喜欢和我们讲她以前留学和她家庭的故事~程老师太好啦，可惜就快退休了，希望她生活美满
148016,1382,程晓玲,2022-01-11 10:17:26,1,1,0,家庭心理学，事少分高
153090,1382,程晓玲,2022-04-25 08:43:45,1,1,0,事少分高
153255,1382,程晓玲,2022-04-27 06:51:15,3,4,1,我真的好喜欢程老师，家庭心理学真的讲的很有趣，人真的很好
155230,1382,程晓玲,2022-06-09 14:01:02,3,3,0,不知道为什么看到老师群里最后祝福和鼓励的话就哭了。可能是有点舍不得吧。这个学期遇到太多好老师了，很幸运。程老师真的很好，很温柔很有气质的老师，性格也很好，很真诚。
156460,1382,程晓玲,2022-06-20 01:16:21,4,4,0,家庭心理学，老师这届上完就退休了，我们算是老师的最后一届学生。家庭心理学纯纯好课，老师上课会结合人生经验讲恋爱、婚姻、家庭的故事，上课可听可水，很有收获，最后给分也不错，好评！
156534,1382,程晓玲,2022-06-20 07:58:05,1,1,0,祝老师退休快乐！
157426,1382,程晓玲,2022-06-23 07:54:35,2,2,0,是少分高
162601,1382,程晓玲,2022-11-28 01:26:58,1,1,0,老师退休快乐！
975,1384,傅莹,2015-03-20 00:21:57,87,99,12,老师温柔善良，好有气质，跟她说我生病了还特别关心我，超级感动
1100,1384,傅莹,2015-03-21 16:10:03,40,41,1,人超级nice，隔了半年还记得我…
1286,1384,傅莹,2015-03-21 17:29:46,-23,10,33,讲得太浅
1882,1384,傅莹,2015-03-26 03:49:15,29,34,5,特别温柔可爱的一个妹纸～口音纯正，为人也好
2305,1384,傅莹,2015-04-19 11:40:02,23,24,1,不错的英语老师*^_^*
3005,1384,傅莹,2015-05-12 15:52:18,12,13,1,人超好！！英语也好！编书！
4065,1384,傅莹,2015-06-17 15:46:17,-18,5,23,老师的英国历史与文化讲得不是特别好
5016,1384,傅莹,2015-07-02 05:17:41,21,21,0,傅莹老师关心学生超级棒我爱傅莹老师\n\n                     (｡･ω･｡)ﾉ♡
5751,1384,傅莹,2015-07-09 08:41:00,14,16,2,温柔善良，循循善诱
6247,1384,傅莹,2015-07-12 10:05:27,-11,7,18,小组活动多，然而可以水，上课感觉不大学得到东西
8296,1384,傅莹,2015-09-18 04:15:09,2,2,0,老师特别棒\n\n
10132,1384,傅莹,2015-11-16 15:17:09,16,16,0,超级好 大英三四都选她
11269,1384,傅莹,2015-11-26 06:04:59,1,5,4,人还好 和蔼可亲有耐心。但感觉上课学不到什么东西
13006,1384,傅莹,2015-12-24 13:21:16,2,3,1,棒~很棒~温柔贴心，超喜欢
13007,1384,傅莹,2015-12-24 13:21:43,21,22,1,老师的课特别好！人非常温柔，讲的也很仔细，很有耐心，课下和学生的交流也很多，还想再上老师的课！
13243,1384,傅莹,2015-12-25 14:35:08,11,12,1,老师超级棒的 口语好 人又温柔 事情也很少（只是不喜欢助教…）
13632,1384,傅莹,2015-12-30 07:17:54,9,9,0,温油善良，助教。。。
14555,1384,傅莹,2016-01-07 15:02:52,2,3,1,有点儿偏心，不过还好
14880,1384,傅莹,2016-01-10 15:15:40,27,27,0,一个真正热爱教学事业的大学老师
15905,1384,傅莹,2016-01-16 14:29:03,2,2,0,老师人很好，很温柔，讲得也细致。助教吧，略严肃。
15918,1384,傅莹,2016-01-16 15:15:16,7,10,3,不点名，老师人很好很温柔！上课棒～给分也很好！
15932,1384,傅莹,2016-01-16 15:52:47,4,5,1,特别好的老师，认证负责，给分实在，容忍我们的小错误，乐于助人，首选没得说！
15943,1384,傅莹,2016-01-18 03:56:12,2,5,3,老师很耐心，很nice，人很好～课上会按顺序找同学回答问题，也会放电影做游戏什么的。良心老师
15948,1384,傅莹,2016-01-16 16:38:00,13,13,0,很温柔的女老师啊，口语好棒，各种活动不少，也会找有意思的视频给大家看，能学到不少东西。好喜欢她！可惜下学期没选上她的课！
16142,1384,傅莹,2016-01-17 09:47:58,3,4,1,老师很好很善良，给分特良心！好评！
16268,1384,傅莹,2016-01-17 15:24:52,6,7,1,真的很棒。
16303,1384,傅莹,2016-01-18 00:36:48,21,21,0,超级喜欢傅莹老师！！人很温柔漂亮，讲得也好！！上课循循善诱，棒！
16867,1384,傅莹,2016-01-19 06:12:33,-6,7,13,惨不忍睹大英三的绩点，吓哭我。。。。
17136,1384,傅莹,2016-01-19 16:20:53,2,2,0,喜欢老师  棒棒哒٩(•̤̀ᵕ•̤́๑)  大英本身要自己认真多花时间的  不能全靠课内
19197,1384,傅莹,2016-01-23 12:53:42,10,11,1,小组讨论略多，课后都会有小作业。老师温柔有气质。 给分公平 ，这是我最喜欢的！总的来说，不错！
21225,1384,傅莹,2016-02-27 02:59:52,1,1,0,老师人好是不错，上课没有想法听…
21374,1384,傅莹,2016-02-28 10:42:03,3,4,1,很温柔的老师，口语很棒！
21376,1384,傅莹,2016-02-28 11:07:34,1,3,2,上课形式多样，各种口语活动，讲课很细致。
22586,1384,傅莹,2016-03-08 07:41:32,-11,4,15,上课会搞很多互动。。游戏之类的，听写内容比较变态。。听写的句子超长
22601,1384,傅莹,2016-03-08 12:17:04,3,5,2,很亲切温和的老师，很为学生考虑，人超好。大英绩点主要还是要看自己考试吧，老师温油事不多，不会逼着学生做什么，但是会指引，更适合自觉些的孩纸
23776,1384,傅莹,2016-04-16 10:58:08,-18,5,23,我就看着不说话
26031,1384,傅莹,2016-06-15 06:58:47,2,2,0,老师炒鸡温柔！
26865,1384,傅莹,2016-06-21 11:10:31,2,3,1,老师很好 任务也不多 老师非常贴心
27460,1384,傅莹,2016-06-26 10:38:27,3,4,1,老师真的很好！上课很多互动，能很好练习口语，而且老师人很温柔哒。大英四成绩不好也是我们自己的原因啦。。
27484,1384,傅莹,2016-06-26 13:00:11,2,3,1,挺温柔的，挺好的
27678,1384,傅莹,2016-06-27 08:07:05,3,4,1,是她拯救了我对英语的兴趣，给满分！
28163,1384,傅莹,2016-06-28 08:11:22,2,3,1,老师人好，助教坑
28300,1384,傅莹,2016-06-28 08:28:53,2,3,1,谢谢老师给我带来一学期有趣的大英课
28533,1384,傅莹,2016-06-28 09:56:10,8,9,1,老师超超超超超超超超温柔，人也很好！上课认真负责，我一次生病请假了还问我身体好不好。????
28638,1384,傅莹,2016-12-24 01:06:05,-44,5,49,辣鸡。
28946,1384,傅莹,2016-06-29 04:12:28,2,3,1,好棒的
30306,1384,傅莹,2018-10-07 15:57:22,16,19,3,说老师腊鸡的也不看看自己是个什么东西
33608,1384,傅莹,2016-09-20 08:46:23,3,4,1,她很善良，很温暖，很友好!
38767,1384,傅莹,2017-01-15 16:28:47,3,4,1,超级棒
39107,1384,傅莹,2016-12-21 07:55:50,6,6,0,很舒服很亲切的老师，会用英文和我们讲自己的故事，可以看出非常热爱英语教学工作，请假的时候也会来主动关心你。特别大气！还想上她的托福写作课！笔芯（为什么大英四没有预置？）
39207,1384,傅莹,2016-12-21 15:14:19,2,2,0,很好的一个老师，体谅学生，教学认真\n\n
39215,1384,傅莹,2016-12-21 15:42:52,2,2,0,傅莹麻麻最棒辣！！
39314,1384,傅莹,2016-12-22 05:07:56,2,3,1,超级喜欢，要不然课表排不来，真想大英三四都选她
39657,1384,傅莹,2018-09-17 23:15:58,77,89,12,感恩傅老师的课堂，让我遇见了你；\n\n凭此我就可以打十分，还有九十分我们一起来填补。
40558,1384,傅莹,2017-01-04 05:07:19,5,5,0,超级温柔的傅麻麻
42178,1384,傅莹,2017-01-14 00:07:06,2,3,1,老师超棒的 上课气氛也超好 老师是很关心我们的
42203,1384,傅莹,2017-01-14 10:04:28,2,3,1,老师真的很好
42206,1384,傅莹,2017-01-14 01:43:08,2,2,0,老师很好，课堂内容丰富
42223,1384,傅莹,2017-01-14 02:37:40,2,3,1,人好。
42248,1384,傅莹,2017-01-14 03:06:21,5,5,0,傅老师很体贴很温柔，对大家比较宽容也很负责，叫得出每个同学的名字。主要引导大家学习，不会硬逼。老师很好，自己没努力学习，十分愧疚。
42365,1384,傅莹,2017-01-14 05:28:14,6,6,0,老师上课真的好，人也很温柔，我虽然考砸了绩点有点低但这不是老师的错。
42432,1384,傅莹,2017-01-14 08:07:06,2,3,1,老师人很好，可是我英语实在太差，所以绩点一般般。老师很温柔，下学期重新做人再选你的课～
42731,1384,傅莹,2017-01-15 04:03:55,2,3,1,老师好温柔，很宽容我们，口语听起来好舒服，期末没考好绩点有点失望不过还好，可惜英四不是她啦ღ(๑╯◡╰๑ღ)
43933,1384,傅莹,2017-01-17 06:42:03,2,2,0,老师很nice啊个人觉得给分很好啦
45623,1384,傅莹,2017-01-20 01:09:48,2,3,1,老师很厉害，口语很溜，人很温柔，很爱笑，课堂氛围很好，导致大英课是我大一秋冬学期最爱上的课
49418,1384,傅莹,2017-04-11 08:37:09,2,3,1,老师发音很标准 干货慢慢
49425,1384,傅莹,2017-05-04 08:49:10,3,3,0,给满了 好老师
50804,1384,傅莹,2017-05-05 15:40:01,4,4,0,托福写作竟然那么高
50816,1384,傅莹,2017-05-05 16:39:45,2,2,0,老师人真的很好   给分也不错
50871,1384,傅莹,2017-05-07 16:39:05,2,2,0,老师人特别好，又漂亮又温柔，讲的很好，改作业很认真，给分也好。
52171,1384,傅莹,2017-06-26 13:15:10,2,3,1,表白老师！老师声音超好听 发音超级苏！很温柔 也很有趣 ღ( ´･ᴗ･` ) 师生情是有的。但是我被卡?点了˚‧º·(˚ ˃̣̣̥᷄⌓˂̣̣̥᷅ )‧º·˚
52815,1384,傅莹,2017-06-23 04:40:00,1,1,0,超赞的，课上不会无聊，各种讨论也很有意思，课前还会给我们放摩登家庭，而且要请假只要群里说一下就好了
52881,1384,傅莹,2017-06-23 09:50:48,2,4,2,能记得全班所有同学的名字 在校园里遇到会主动给你打招呼 这样亲切的老师哪儿找？
52890,1384,傅莹,2017-06-23 11:09:59,0,1,1,感觉大英要挂 来吸一吸老师的仙气
53364,1384,傅莹,2017-06-26 12:45:01,2,2,0,很爱笑很温柔的老师
53390,1384,傅莹,2017-06-26 13:25:26,1,1,0,老师人真的超级好 很温柔 上课超级棒 考得好考不好 要靠自己积累学习  老师真的好
53406,1384,傅莹,2017-06-26 14:03:16,0,3,3,作为大英三四都在傅莹麻麻这里拿满绩的人 我想说 她真的是zjg最可爱的人了 气质又好 又温柔 还很关心人 爱她爱她
53750,1384,傅莹,2017-06-27 13:10:39,0,2,2,给分超级nice，而且从不听写
53884,1384,傅莹,2017-06-28 02:57:54,2,2,0,托福写作，上课会给模板，比较知道写作的思路，每周都有作业，老师人还是挺好的
56601,1384,傅莹,2017-07-04 05:25:13,1,1,0,人很温柔，给分很好
56835,1384,傅莹,2017-07-04 23:48:11,0,0,0,还行。
57640,1384,傅莹,2017-07-11 10:10:26,0,1,1,很好的老师，外院老师都是男神女神！
57941,1384,傅莹,2017-07-18 04:26:22,1,1,0,老师超级棒啊脾气也超好，会不由自主认真听课(˶‾᷄ ⁻̫ ‾᷅˵)
58043,1384,傅莹,2017-07-26 01:07:53,1,1,0,内容丰富有趣
64056,1384,傅莹,2017-12-20 23:19:57,2,2,0,10分 不能再低了！！❤️
64101,1384,傅莹,2017-12-21 03:38:20,2,2,0,美滋滋。
64748,1384,傅莹,2017-12-27 04:55:42,1,1,0,好老师，一定要选，先打个十分再说
64842,1384,傅莹,2017-12-27 11:34:05,1,1,0,大学最喜欢的老师没有之一\n\n
64854,1384,傅莹,2017-12-27 12:26:01,1,1,0,真的很棒
65890,1384,傅莹,2018-01-10 03:02:34,23,24,1,要是她再年轻十岁，我肯定对她表白，大学最喜欢的老师o(^o^)o，没有之一。
66653,1384,傅莹,2018-01-18 03:56:29,1,1,0,老师人超级好，只是我自己不争气，唉
67160,1384,傅莹,2018-01-20 10:55:32,1,3,2,啊啊啊啊啊，刚查到分就来评，老师太好了，给分好，人也好，还特别和蔼温柔，年轻时一定是女神级人物啊～
67161,1384,傅莹,2018-01-20 11:03:31,-19,0,19,老师挺好的\n\n遗憾就是没有满绩
67163,1384,傅莹,2018-01-20 11:04:09,2,2,0,选上老师的课大概是把一整年的好运气都用了吧 谢谢老师
67168,1384,傅莹,2018-01-20 11:23:22,1,1,0,傅老师超级温柔人很好很萌。上课口语练习也挺多的，然鹅本人英语辣鸡…
67265,1384,傅莹,2018-01-20 14:25:50,2,2,0,好老师！大英四没选到有点遗憾\n\n给分浓浓师生情了
67915,1384,傅莹,2018-01-22 09:52:41,1,1,0,超级棒，老师又温柔漂亮。口语听起来很舒服，上课也很有意思。老师真的是我女神哇，哈哈
68758,1384,傅莹,2018-01-23 23:55:34,2,2,0,She's in our heart， in our memory， but not in the EnglishⅣ class.
68822,1384,傅莹,2018-01-24 02:39:56,2,2,0,10分，顶！
69281,1384,傅莹,2018-01-24 11:53:39,1,1,0,老师人很好
70766,1384,傅莹,2018-01-27 13:35:21,2,2,0,真的非常喜欢老师的课啦！上课形式很多样很有趣，知识点讲解也很详细。人也超级温柔！给分很棒！下学期大英四还是老师的课超级期待！
74991,1384,傅莹,2018-03-07 02:19:31,3,3,0,老师温柔 上课能学到东西 绩点靠自己
80188,1384,傅莹,2018-06-21 08:15:14,3,4,1,大英四超级棒，不说分数如何，先就说老师，能选上她的课简直太棒了，英语水平高，努力调动整个课堂的氛围，只要你发言，微笑就是你的，天哪，这么会有这么好的老师，为什么没有100分，这种课才是真正的大学英语课，不过也有一点要注意，就是自己要努力学习，再好的老师也不能不学，就像我，发言积极，但是奈何英语水平实在太差，分数在那里放着，但是，我还是要为傅莹老师打call
80733,1384,傅莹,2018-06-30 05:00:42,1,1,0,太棒了
81171,1384,傅莹,2018-07-04 08:02:27,2,4,2,傅莹老师超级温柔超级好！老师声音好好听，笑起来特别暖，还很幽默，亲和力满分！大概是我从小到大最喜欢的英语老师没有之一！老师还会放摩登家庭给我们看，我有空一定要把这个剧看完。我由于这学期选课的问题日常刷夜赶ddl，偶尔课上犯困感觉老师会温柔地提醒我，有点内疚又非常感谢老师。课堂上班级氛围也很好，大英四的小伙伴们又可爱又优秀，祝你们考试周好运！总之一句话，表白傅莹老师！\n\n(●'◡'●)ﾉ❤
81173,1384,傅莹,2018-07-04 08:07:13,5,5,0,老师的英语课目前为止我上过的气氛最活跃的课，任务最轻松的课，给分最好的课，非常感谢温柔善良美丽的傅老师，祝她天天开心~
81180,1384,傅莹,2018-07-04 08:19:50,1,1,0,特别特别好的一位老师，谢谢老师的教导和关心。?
82072,1384,傅莹,2018-07-07 04:30:39,1,2,1,就我一个人觉得老师给分不好嘛
82563,1384,傅莹,2018-07-08 13:42:51,-11,0,11,免听了竟然还有4.5！惊喜！老师很棒的啦
86547,1384,傅莹,2018-09-17 06:36:00,2,2,0,我愿为她再修一次大英
86754,1384,傅莹,2018-09-18 10:39:21,0,0,0,最好的英语老师，没有之一
86978,1384,傅莹,2018-09-20 00:50:58,1,1,0,挺好的 温柔
87054,1384,傅莹,2018-09-20 05:56:31,1,1,0,超有爱，越来越喜欢上老师的课了
87304,1384,傅莹,2018-09-27 00:52:22,1,1,0,超级超级好的老师，最喜欢傅老师的英语课了
87581,1384,傅莹,2018-10-07 15:57:58,-18,5,23,作业又多又烦
90928,1384,傅莹,2018-11-27 13:54:16,0,0,0,没话说，好老师！\n\n
91932,1384,傅莹,2018-12-25 04:16:15,0,0,0,每次上完课都觉得自己的人生得到了升华！
92022,1384,傅莹,2018-12-25 12:25:45,1,1,0,舒服，亲切
92024,1384,傅莹,2018-12-25 12:31:55,0,0,0,非常好
92082,1384,傅莹,2018-12-26 06:50:15,1,1,0,傅老师真的人很好，也很温柔，就是我的白月光吖
92086,1384,傅莹,2018-12-26 07:31:24,0,0,0,上大学以来遇见的最好的老师，没有之一！
93013,1384,傅莹,2019-01-07 01:55:59,0,0,0,傅老师是一个超温柔的老师，上课的氛围也非常好
93189,1384,傅莹,2019-01-08 05:14:28,5,6,1,大英四选不上傅老师的课好伤心，以后就此farewell了吗？呜呜，真的是超级好的老师啊！\n\n
93392,1384,傅莹,2019-01-09 11:02:13,3,3,0,最好的英语老师，感谢您！
94226,1384,傅莹,2019-01-16 02:22:58,0,1,1,太棒啦！？！？满分！下学期见！
94958,1384,傅莹,2019-01-18 13:51:00,0,0,0,老师人很好，上课会给大家发言练习口语的机会，很温柔的老师，赞！！
94971,1384,傅莹,2019-01-18 14:03:02,1,1,0,真的是很棒、很负责任的老师！
94983,1384,傅莹,2019-01-18 14:14:10,0,0,0,超级好
94999,1384,傅莹,2019-01-18 14:37:40,0,0,0,老师很好，很关心学生！
95002,1384,傅莹,2019-01-18 14:39:19,0,0,0,老师炒鸡无敌好，有几次作文忘交也会让我补交❤️
95003,1384,傅莹,2019-01-18 14:39:21,0,0,0,下学期也选上了老师的课真是太开心了? ? ?
95005,1384,傅莹,2019-01-18 14:40:27,0,1,1,老师很好，但我英语太菜，老师对不起＞人＜
95006,1384,傅莹,2019-01-18 14:41:23,2,2,0,我爱傅老师！！！人很温柔，极具知性美。知道我口语不好，每节课都抽我说英语（可能只是个人比较喜欢，但不管在谁的大英课上总难免要说的）关键是，给分还好！真的预置上傅老师的课真的是福分！
95007,1384,傅莹,2019-01-18 14:41:59,0,0,0,太好了吧
95008,1384,傅莹,2019-01-18 14:43:05,1,1,0,超棒超棒超棒！超温柔超耐心口音超好听！\n\n平时上课也蛮丰富有趣的，考试前也会提醒我们题型，怎么复习，给分也好！（虽然老师说是我们班期末考的好）\n\n能选就选！！！老师的大英四和预置冲突了QAQ（我们小组还有人退了专业课来选傅老师的大英四）
95018,1384,傅莹,2019-01-18 15:05:26,1,1,0,老师真的太好了，很温柔很可爱，事情也不多，挺欢乐的，(最后满绩嘿嘿)
95216,1384,傅莹,2019-01-19 05:09:17,1,1,0,老师真的很好很好很好....
95298,1384,傅莹,2019-01-19 07:12:37,1,1,0,老师人很好，只是我比较菜。
95320,1384,傅莹,2019-01-19 08:06:45,0,0,0,非常棒
95957,1384,傅莹,2019-01-20 09:27:17,1,2,1,不多说了，遇到这个老师就选了吧！
96775,1384,傅莹,2019-01-21 09:59:09,1,1,0,老师人超好，只可惜我不争气
96810,1384,傅莹,2019-03-24 09:14:18,18,18,0,师强我弱
102416,1384,傅莹,2019-02-01 15:44:07,1,2,1,老师很好，可惜我太垃圾。成绩差，是我自己的原因，下学期好好学习，重新做人
105850,1384,傅莹,2019-04-22 02:33:46,-36,6,42,我不喜欢她，就是不喜欢，感觉就是有点那种阴险笑里藏刀，反正我不喜欢，当然和我的? 点有关
106198,1384,傅莹,2019-04-25 13:36:23,1,1,0,老师真的非常好！人很温柔，讲课优秀，解答问题特别耐心，还帮我修改演讲稿来着。低定选到她的课真的快乐，托福写作收获挺大的，推荐～
109694,1384,傅莹,2019-06-18 12:24:27,3,4,1,老师很耐心，果断10分
110569,1384,傅莹,2019-06-27 13:26:34,-22,4,26,真无聊
116310,1384,傅莹,2019-09-08 02:43:48,2,2,0,对学生很好，很温柔的老师
117643,1384,傅莹,2019-09-27 10:26:39,0,1,1,完美的
118191,1384,傅莹,2019-10-22 11:31:37,1,1,0,can't be better
119292,1384,傅莹,2019-11-12 03:13:21,1,1,0,老师很真诚地对待学生，真心喜欢老师，感恩老师❤️
120479,1384,傅莹,2019-12-09 06:40:47,1,1,0,超好的老师
120514,1384,傅莹,2020-01-12 01:16:45,0,1,1,很温柔的老师
120570,1384,傅莹,2020-01-13 01:56:13,1,2,1,老师人真的很好呜呜呜上课超级温柔也很好说话 大英课确实学到了很多
120649,1384,傅莹,2020-01-14 15:31:32,1,2,1,平常没作业，老师很温柔。就是到了期末很慌，成绩出来，我崩了，感觉被卡绩了。
120996,1384,傅莹,2020-01-19 08:17:51,1,1,0,好老师！真的很温柔又有气质，大英这种课还是要靠自己水平拿分的
121292,1384,傅莹,2019-12-23 11:14:58,1,1,0,我用温州话对老师表过心意，希望老师可以记得我＼(・o・)/!
125310,1384,傅莹,2020-09-06 09:07:04,2,4,2,讲课很好，托福写作作业小多，但是总比大英好多了，而且给分超级好！！！人生第一个满绩
126295,1384,傅莹,2020-09-22 03:38:34,2,2,0,超爱！
128629,1384,傅莹,2020-12-25 01:13:13,4,4,0,老师非常非常温柔，上课特别好，会关心人，还记得每个同学的名字！
129461,1384,傅莹,2021-01-15 14:56:44,7,7,0,Introverts shall think twice， otherwise your whole group may be invited to sing English songs on the platform [laughter tears]
130290,1384,傅莹,2021-01-20 13:19:07,3,3,0,和室友的大英三老师相比，事情相对比较多但我其实觉得挺水的，也许和带不动的组员有关系，觉得做了那么多任务也没学到什么。\n\n另外，个人不喜欢压迫感很强的课堂，老师点人回答问题比较频繁，一节课基本三分之二的人吧。\n\n老师是好老师，看出来她很希望我们好好学英语，会给我们做一些听力水平and词汇水平的测试
130536,1384,傅莹,2021-01-23 13:49:40,2,2,0,老师非常好，人也很棒，可惜自己基础差
130542,1384,傅莹,2021-01-23 14:13:29,3,3,0,老师人真的很好！很有水平！\n\n课堂氛围也很好！\n\n老师也很想帮助大家提高听力跟口语！\n\n但重要的是自己努力吧！\n\n给分也挺好的，虽然最后我差了一分没上4，但，毕竟是大英，也别要求太多了qwq\n\n还是非常推荐的！！！！
130546,1384,傅莹,2021-01-23 14:41:26,1,1,0,课堂气氛比较活跃，活动（作业）内容丰富，有个人展示和较多的小组讨论展示。看个人喜好吧
130619,1384,傅莹,2021-01-24 03:29:41,3,3,0,上大英三，平时基本没作业，上课超级温柔(有点容易睡觉...)考试感觉已经捞过了，混了3.3，咸鱼直接选傅老师别犹豫!
130622,1384,傅莹,2021-01-24 03:56:03,1,1,0,超级喜欢傅老师的说，大英四没选上她的课😭
130691,1384,傅莹,2021-01-24 08:11:11,2,2,0,人美心善
131062,1384,傅莹,2021-01-25 22:38:06,2,2,0,好爱傅莹老师！每次上课她总是会温柔地注视着你，眼神中满是鼓励。大英成绩老师可以支配的分值很少，但我认为一个好的老师能够带给你学习的动力。认真做听力，定期复习课文和单词，考前刷几套卷子，尽力了成绩就没有遗憾。英语课上就好好享受和老师的互动吧！
131708,1384,傅莹,2021-01-28 13:33:51,0,0,0,傅老师人真的很好！
135939,1384,傅莹,2021-06-04 04:16:02,0,0,0,是很好的老师呜呜呜
136296,1384,傅莹,2021-06-16 01:51:06,0,0,0,好的好的好的
137264,1384,傅莹,2021-07-02 16:54:16,-11,4,15,老师人巨好，上课也巨棒，强推。虽然最后只有4.5没满（口试被拉爆），但我还是要给老师10分！
137327,1384,傅莹,2021-07-03 08:13:04,1,1,0,老师是个好人！
137330,1384,傅莹,2021-07-03 08:41:45,1,1,0,不错的老师
138116,1384,傅莹,2021-07-07 11:14:11,8,8,0,会进行有一定挑战性的听力训练，感觉自己取得了显著的进步，课文内容讲解很细致，大英四课文和词汇明显比大英三掌握得扎实。不过小组讨论较多，有时要占用课后时间准备。
142817,1384,傅莹,2021-11-16 11:55:54,1,1,0,傅莹我爱你
144299,1384,傅莹,2021-12-21 04:58:39,5,5,0,很认真负责的老师。很关心学生，上她的课也不会无聊睡着。
144324,1384,傅莹,2021-12-21 05:58:13,6,6,0,傅莹老师是一个同校学姐介绍给我的。在我不知道怎么选课的时候，是姐姐教我，并且强烈推荐傅莹老师！老师好温柔，上课很认真，会给大家锻炼的机会，在她课上比较放松。我一开始是一个不敢开口说英语的人，在她的课上，在她的鼓励下，我敢于开口交流！而且，私下和老师沟通非常感动，会认真回复你的信息，我回答你近期的疑惑。我和她讨教开口说英语的方法，她在钉钉上给我回复了很多！真的很感动！
144462,1384,傅莹,2021-12-21 15:09:28,4,4,0,人真的超好呀！又温柔
145367,1384,傅莹,2021-12-29 07:38:14,2,2,0,傅老师是我对英语老师温柔善良印象的最好诠释
146058,1384,傅莹,2022-01-05 09:38:43,0,0,0,傅莹老师真的太好了！！！作业少 然后人也温柔 特别好  呜呜大一来遇见的最好的老师！！！！！！！！！上课发言的时候也会用鼓励的眼神看着你，真的太温暖了\n\n社恐人士真的也会感觉有自信的！
146170,1384,傅莹,2022-01-05 15:27:03,3,5,2,平时没怎么发言，上课听得算认真，小测一般，期末听力直接寄，本以为3+的，没想到最后还有4.2（88），大赞！傅莹老师上课讲的特别好，课堂氛围也极佳，这只有9.9我不是很认可
146205,1384,傅莹,2022-01-06 00:32:24,0,1,1,分数出了我来一波。只能说大英3在傅莹老师班真的很开心，就是说老师真的很温柔，会认真地听每个学生的发言，也会鼓励同学们积极发言。呜呜呜 ，老师真的好好，大英四课冲突了很难受。
146224,1384,傅莹,2022-01-06 02:11:35,0,0,0,上课的小组讨论和发言比较多，很大锻炼口语；老师很认真负责，会在发言的时候注视鼓励。真的很不错！！！
146691,1384,傅莹,2022-01-07 08:09:58,0,1,1,傅老师超棒！！！真的是很温柔很有气质的英语老师，太喜欢了！\n\n老师对不同水平的同学都超级和善，上课也很可爱，虽然刚开始不太熟悉大英的上课方式但是后面会渐渐喜欢上英语课！老师给分也不错的，虽然大英老师能调控的分数段不大，但是感觉傅老师是尽力给每个同学高分的。如果想拿好绩点的话建议上课要在线，多互动对平时成绩和自己表达能力都有好处，重视听力和单词就行！老师给了4.5，希望以后还能选上傅老师的英语课！！！
149036,1384,傅莹,2022-01-14 07:42:36,0,1,1,喜欢老师！！！！
149821,1384,傅莹,2022-01-17 07:11:35,2,2,0,我滴女神！真的太有气质了！超级亲和哇！好舍不得她呜呜...和傅莹大使同名！
150990,1384,傅莹,2022-02-21 15:41:43,2,3,1,对于英语渣渣来说，上课跟上她模糊快速的口语很困难，只要是大英三之前的老师比较照顾我们这种水平的，听力的时候在最后会放一遍带字幕的更清晰一点，然而这个课堂上，讨论非常多，听力很难，我哭
151309,1384,傅莹,2022-02-28 08:05:28,1,2,1,人美心善
152559,1384,傅莹,2022-04-14 14:54:21,5,5,0,托福写作，考试之前评一下，老师真的很好，为人很和善，虽然不知道自己会有怎样的成绩，都不后悔报了这个课
152560,1384,傅莹,2022-04-14 14:54:20,2,2,0,托福写作，考试之前评一下，老师真的很好，为人很和善，虽然不知道自己会有怎样的成绩，都不后悔报了这个课
152619,1384,傅莹,2022-04-16 04:25:43,3,5,2,美丽，漂亮，温柔，发音好听，这样的英语老师还有哪里找？
160063,1384,傅莹,2022-09-12 14:24:53,0,1,1,老师又温柔又漂亮，讲课耐心，风趣幽默，好老师，必须满分
162489,1384,傅莹,2022-11-23 09:40:03,0,0,0,还可以
163735,1384,傅莹,2022-12-16 04:29:38,-4,0,4,非常棒!
163980,1384,傅莹,2022-12-17 04:34:55,1,2,1,老师超级好，对学生很负责，人也很温柔
164316,1384,傅莹,2022-12-20 08:42:56,1,2,1,老师很好，就是本人对大英实在不怎么上心，老师会花时间分析大家的pre，很良心
165069,1384,傅莹,2022-12-29 03:17:34,0,0,0,老师很温柔很优雅
168656,1384,傅莹,2023-02-20 15:27:38,0,6,6,没有想像得好
169041,1384,傅莹,2023-02-24 05:58:10,2,3,1,给分😢😢😢
172496,1384,傅莹,2023-04-28 02:39:31,-3,0,3,神中神，世界第一好
173495,1384,傅莹,2023-05-26 08:00:22,0,0,0,托福写作 课堂上老师会讲很多很有用的内容 也会发一些资料 如果备考托福应该还是有帮助的 没打算考托福的话 跟着老师积累 对写作能力应该也有提升~老师上课非常负责 也很耐心 课堂内容可能有点多 需要自己消化并且完成课后作业。按照老师教的方法完成作业 想要质量高并不难 小考和期末考试同理。最后给分也挺好的！表白傅老师~
175087,1384,傅莹,2023-06-21 12:45:28,3,7,4,今天大英四出分了，喜提满绩，所以来这里向大家强烈推荐傅莹老师。\n\n傅莹老师人特别温柔，对学生很耐心，口语发音也特别好听，单从人来说就是值得安利的宝藏老师了。\n\n诚然如前面同学说的，课上会有很多较难的听力（compound dictation），小组讨论很频繁，还有2次pre，但是这些让人觉得课程很烦很难的任务都是真正能帮到大家的英语学习的。听力就不必说了，傅莹老师喜欢在小组讨论后随机找人“How about you？”，可能会有人觉得很死亡，但是这正是练习口语的机会啊，特别是对不敢举手的同学，我自己是一直把大英当成口语课来上的。还有pre，傅莹老师会从PPT排版，内容很多方面给我们建议，而不是局限于英语，她讲的都是可以用在以后其他课程的PPT制作上的，让我收获很大。\n\n总之，大英是一门有付出才能有回报的课程，上课摸摸鱼水手机，不开口不听讲，一节课也照样过去了，但是我觉得英语课就上这么2个学期，以后就没有了，认真一点，多开口，多试试上台pre，无论对绩点还是以后的四六级都是有好处的。\n\n最后祝我的女神傅莹老师身体健康工作顺利！孩子真的被满绩惊喜到了！
175123,1384,傅莹,2023-06-21 16:07:11,2,3,1,老师真的教了我很多英语知识，虽然最后分不高，但是老师人真的超好
175297,1384,傅莹,2023-06-23 12:00:07,0,1,1,大三下的托福写作，是本科阶段最喜欢的老师！！没有之一！！！好温柔！！！！！
176071,1384,傅莹,2023-06-27 14:23:25,0,0,0,老师真的人很好哇
176901,1384,傅莹,2023-06-30 15:28:41,0,1,1,因为一些原因大四才上的大英课 本来只是当做必修的课没有太多期待 但没想到碰上了这么好的老师 所以大英三四都选了傅老师 老师真的很亲切很关心学生 还会主动和学生聊天 对学习过程中的一些问题也会给出很细致的提醒 大英三的时候老师还总是在课前放tbbt 本tbbt爱好者真的很惊喜 总之老师的大英课会是很好的回忆～
178290,1384,傅莹,2023-07-09 14:38:57,-1,0,1,好老师！
183406,1384,傅莹,2023-11-25 06:08:01,0,1,1,我爱惨了\n\n口语超级好听，人也超级好！！我爱死了！！
184574,1384,傅莹,2023-12-22 01:10:15,0,1,1,老师真的超级温柔，课堂虽然互动蛮多的，但真的能感受到老师的用心，有在给每一个同学表达自我的机会
184575,1384,傅莹,2023-12-22 01:10:17,0,1,1,老师真的超级温柔，课堂虽然互动蛮多的，但真的能感受到老师的用心，有在给每一个同学表达自我的机会
185131,1384,傅莹,2023-12-26 12:33:37,-1,0,1,傅妈妈我的神😍是你肯努力，绝对不会亏待你的一名老师，选就完事了
185597,1384,傅莹,2024-01-02 13:51:18,0,0,0,老师真的很好！
186319,1384,傅莹,2024-01-10 13:33:31,11,14,3,这是我妈，我不许你说她
186328,1384,傅莹,2024-01-10 13:46:39,-4,0,4,热评绝非溢美之词，唉，说不出话了……
186336,1384,傅莹,2024-01-10 14:03:04,1,2,1,老师真的，声音太好听了，柔和细腻......老师在发言和展示后总是会真诚地给出各种建议，很有分寸地给予一些正向的压力，还会帮忙承担公共发言的紧张和羞耻。非常感动，收获很大，感谢老师~~~
186359,1384,傅莹,2024-01-10 15:12:50,0,1,1,特别特别好的老师，口语很好听人很温柔TT很喜欢这个老师每次上英语课都很开心！能上老师的英语课是本学期最开心的事情之一！
186370,1384,傅莹,2024-01-10 16:06:54,-1,0,1,超级超级nice的老师
186379,1384,傅莹,2024-01-10 23:26:24,2,6,4,fy你是我的神😭😭😭4.8还愿了
186464,1384,傅莹,2024-01-11 08:07:30,0,1,1,傅妈太好了
186545,1384,傅莹,2024-01-11 15:03:56,0,0,0,很好的老师！和蔼又负责！
186644,1384,傅莹,2024-01-12 10:22:22,0,0,0,很温柔的老师，上课没有什么压力，口语真的很好，而且会专门在课上练练compound dictation（自己校对），作文给分也不错，强推一波~
187121,1384,傅莹,2024-01-14 14:47:53,0,1,1,fy老师真的神，事真的超级少，基本没有课后任务，上课轻松，小组讨论比较多，老师真的超级温柔！
187663,1384,傅莹,2024-01-17 03:47:26,-7,0,7,很好的老师 很温柔 只要好好复习上4很容易
188569,1384,傅莹,2024-01-19 09:19:10,0,1,1,傅姐姐太温柔啦 事情很少
191192,1384,傅莹,2024-04-11 09:39:03,-5,7,12,个人感觉老师上课有点一般，小组讨论非常多，作业每次都是口头布置有点乱，个人感觉老师评分有点虚高了
205689,1384,傅莹,2024-12-11 07:34:25,0,1,1,老师真的好温柔~
206527,1384,傅莹,2024-12-16 00:50:33,-1,0,1,人很好，课也很好
206884,1384,傅莹,2024-12-18 07:00:31,0,1,1,老师真的很好
209014,1384,傅莹,2025-01-04 08:07:59,-3,0,3,傅老师真的好温柔！而且上课回答问题也是特别包容气氛特别好。预置上傅莹老师的大英三是我的福气！喜欢老师啊啊啊啊啊啊
209025,1384,傅莹,2025-01-04 08:41:38,0,0,0,选上fy老师大英四了
209029,1384,傅莹,2025-01-04 08:58:28,0,0,0,老师人真的很好 虽然最后的总评有一点点遗憾 但大英老师能干预的空间也不多主要看期末 老师平时分给的很宽容🥰🥰🥰
209039,1384,傅莹,2025-01-04 09:16:29,-3,0,3,不用怀疑任何事情，选上傅老师就赚麻了
209043,1384,傅莹,2025-01-04 09:24:22,-3,0,3,老师太好了
209053,1384,傅莹,2025-01-04 09:57:18,0,0,0,哎呦真的女神 真的妈妈，脾气特别好也很温柔，拿作文给老师改老师给我一行一行看过去。。。虽然我写的像一坨。以及虽然大英没有上4但是还是很感谢老师。。。\n\n不过一开始还会回答问题后面就摸了不好意思🙇‍♀️🙇‍♀️\n\n不过实话实说感觉大英课对你英语的阅读和听力帮助并没有很大，大部分都是背课文背单词脱离了学习英语的初衷，但是傅莹老师已经尽力帮助大家了，要看自己的平时努力了
209078,1384,傅莹,2025-01-04 11:26:33,0,1,1,老师特别好哇 ，口音很纯正，对于英语渣渣来说也能听懂，虽然最后总评不是很好，但是我还是很喜欢傅莹jj的呜呜呜，是我太菜了
209230,1384,傅莹,2025-01-05 06:13:20,-2,1,3,老师平时分给的太好了
209679,1384,傅莹,2025-01-06 13:52:41,1,2,1,老师人超级温柔，上课氛围很好，给分也很好，可以无脑冲。但是有一说一大英的绩点能捞的不多，主要靠自己。
209696,1384,傅莹,2025-01-06 15:18:23,-3,0,3,很有初高中氛围的一位老师，上课开小差有概率被叫起来提问。因为比较喜欢英语，每节课都听得很认真，老师课上会提示一些课文重点也都有划下来，quiz都有好好复习，最后满绩还愿😭。比较喜欢的点是老师会在群里提供一些复习资料，上课会画一些课文重点，复习效率会高很多。
209782,1384,傅莹,2025-01-07 05:49:48,-2,1,3,无敌，无脑冲就对了！
210115,1384,傅莹,2025-01-08 07:42:30,-1,0,1,超级有耐心，温柔，讲课细致\n\n大英四还选上了，超级幸运
211642,1384,傅莹,2025-01-12 05:57:03,-3,0,3,老师好温柔，对于我这种超级i人太友好了。在你纠结要不要举手的时候，你只需要给她一个眼神她就会温荣的让你尝试一下。完全说不出来她也会情绪价值给满。上课内容挺丰富的，非常好的老师，必须打10分。
212779,1384,傅莹,2025-01-15 01:46:20,-1,1,2,一年多了才想起来给老师打十分，当时上的大英四。老师口语很好听起来非常温柔流畅，像泉水流动一样。上课课本内部分讲得比较细，一些她认为可能有问题的语法和单词短语都会点到。有两次小组展示，我的组做得还算认真，老师也会认真听给予反馈，算是开口的另一种方式。当时大英平时分还是40%，我37已经是班上最高的，随后总评满了…说实话难以置信，我期末真的可能考那么高吗。嗯不多说了，只能说体验好加给分好
215202,1384,傅莹,2025-02-24 07:08:42,0,1,1,大英三，唯一真神，口语很好，非常有教学经验的老师，光看眼神就知道谁在摸鱼，上课划的重点和课后发的复习材料基本能押中所有quiz考题。
215722,1384,傅莹,2025-03-04 16:03:45,0,1,1,给fy老师bd！老师真的很温柔，口语也很好发音也很标准
220003,1384,傅莹,2025-06-13 11:49:21,0,1,1,fyjj我爱您
220069,1384,傅莹,2025-06-14 13:15:13,-2,1,3,fy老师特好，大英四比三多了十分
220086,1384,傅莹,2025-06-15 07:20:11,-1,3,4,成绩很低，给分很烂
220123,1384,傅莹,2025-06-15 07:27:44,1,1,0,不错的老师，大英给分就是这样的（偏低），大英四比大英三高0.3，还算有进步
220124,1384,傅莹,2025-06-15 07:31:18,3,3,0,没感觉有那么好，平时分给扣了不少
220541,1384,傅莹,2025-06-18 12:12:25,0,2,2,很好，就是上课不让玩手机（），不过把口语测试换成speech真的是很明智的选择，有充足时间准备，大英三口语7.5，大英四线下演讲9.5，本人口语也不是多么好，只要自信大方就行
220751,1384,傅莹,2025-06-19 13:54:02,1,3,2,给分真的不行，上不了4。上课监视不让使用手机，很影响自学。还有，把口语测试换成线下演讲然后给史一样的分。大英三的口语测试有9.5分，但是大英四的演讲被打了最低分7.5。而且大英三的口语测试没怎么准备但是给分还好，这个lj演讲当天我牺牲其它重要课的时间辛辛苦苦准备了5个多小时最后就被这样对待。你可以不选大英的，它放在培养方案里容易看见的地方，但是外语类课程是可以选其它外语课的，这课很lj，对学英语基本没什么帮助，完全不如自己刷题，你可以选择其它好点的外语课，别在这遭罪。
220964,1384,傅莹,2025-06-20 13:22:35,-2,0,2,老师人很好，平时分给的相当的慷慨，老师能给的5分内傅老师给的分很好。而且平时跟老师背背单词，最后期末复习的压力也会小很多，我最后就花了一个晚上背单词，期末考得也还不错。老师的课堂氛围也很好，很能调动同学的积极性。
283,1385,盛跃东,2015-03-15 00:12:38,19,24,5,如果你自知学习自觉性不够的话，这是个好老师，不水\n\n
1333,1385,盛跃东,2015-03-22 00:17:30,42,47,5,人超级好！教学方式也不错！~
1645,1385,盛跃东,2015-03-23 05:23:33,23,33,10,不听写，没作业，举手才给平时分。我这种自觉性差的人就毁了。
4066,1385,盛跃东,2015-06-17 15:47:25,31,33,2,很有个性和思想的老师！
5370,1385,盛跃东,2015-07-07 04:29:02,13,14,1,好老师！给我及格了！
6428,1385,盛跃东,2017-06-26 08:00:23,11,12,1,有主见，有原则，很公正的和蔼的伯伯～上了1.75个学期的课（有两个月去服务国家了你懂的），还是有很大的收获
9101,1385,盛跃东,2015-10-13 03:17:35,1,4,3,老师很不错，但我口语不好，希望能得到改善，拿到高的平时分。
12261,1385,盛跃东,2015-12-22 15:18:11,3,4,1,和蔼可亲，有时跑偏
16314,1385,盛跃东,2016-01-18 02:26:36,6,7,1,会讲很多他在国外的事，很好的老师。
16337,1385,盛跃东,2016-01-18 03:15:51,10,14,4,对自觉性不高的人来说比绩杀好可怕
21474,1385,盛跃东,2016-02-29 03:14:58,0,2,2,喜欢一切都在掌控之中的老师，很细心，对学生的要求挺高。助教改作业也很严格。偶尔会有展示，以鼓励为主。
21948,1385,盛跃东,2016-03-02 01:46:40,6,8,2,老师很棒。上课不水也水不了。上课态度很重要。一念天堂，一念地狱。
24189,1385,盛跃东,2016-06-27 02:52:56,1,7,6,不喜欢上课发言的人赶快退了吧\n\n给分也不怎么样
26302,1385,盛跃东,2016-06-16 16:44:16,0,2,2,见多识广的好老师
26790,1385,盛跃东,2016-06-21 06:20:47,8,10,2,虽然我对oral practice深恶痛绝  但是平心而论老师不错  口语很好  会讲很多中美差异  当地特点之类的
27090,1385,盛跃东,2016-06-23 01:15:13,17,21,4,和蔼的伯伯，教学风格比较独特。可能一开始不太适应，但是听着听着就会发现老师的魅力。\n\n老师思想比较超前(?)，但是也很欢迎大家有不同的想法。\n\n很关心学生，而且不仅在英语学习方面。大英4快结束的时候会提醒同学们大二应该注意什么发展方向，如果愿意和老师聊，他会很乐意和你探讨大学各阶段要注意的问题。\n\n好老师，非常推荐。
27131,1385,盛跃东,2016-06-23 06:47:21,3,4,1,老师很好
28237,1385,盛跃东,2016-06-28 08:19:12,10,11,1,课上的很好，我是更敬佩老师的人格。。。
28503,1385,盛跃东,2016-06-28 09:38:15,0,13,13,感觉世界观很奇怪，有点盲目崇拜西方，有些观点很诡异。但是教学不错。给分不好。
28518,1385,盛跃东,2016-06-28 09:45:10,10,13,3,讲得好，给分是真差，太实事求是了
28688,1385,盛跃东,2016-06-28 12:22:54,3,5,2,很能扯，书上不大提及
29418,1385,盛跃东,2016-06-29 17:50:41,3,4,1,反正老师给我的分我还是比较满意的 浓浓师生情嘛嘿嘿
33514,1385,盛跃东,2016-09-20 01:58:37,-2,0,2,很随和，讲课超级好
35598,1385,盛跃东,2016-11-10 07:30:38,2,3,1,老师很关心我们，上课时会讲很多故事
36232,1385,盛跃东,2016-11-11 07:14:51,0,0,0,老师口语不错，上课会提醒我们应该注意的点
38612,1385,盛跃东,2016-12-12 10:39:15,1,1,0,好！真的是能够学到知识的课，而且很大程度能够提高自觉性
39352,1385,盛跃东,2016-12-22 07:12:27,1,1,0,自觉性不太好的、不太主动的就不要选吧 上他的课还是涉及到很多课本以外的知识 和蔼的老师
39355,1385,盛跃东,2016-12-22 07:32:52,5,5,0,不听写不点名 上课有口语练习 上完一个学期收获很多 过圣诞会开party 助教超nice
39782,1385,盛跃东,2016-12-27 12:47:24,5,5,0,很好的一个老师啊，语言与社会炒鸡好，强力推荐
39783,1385,盛跃东,2016-12-27 12:53:36,7,7,0,盛老师很亲切，给了我很多启发，最让我敬佩的是老师对学生的尊重。
42230,1385,盛跃东,2017-01-14 02:51:12,6,6,0,盛老师人真的超级好，讲得棒，也会讲很多人生道理，上他的课自觉性也很重要哦！
42552,1385,盛跃东,2017-01-14 12:28:04,7,8,1,之前看评论说老师很看重平时分  然而我是内向到明知会die还是不发言的人…没想到最后拿到了4.5 感谢（PS：老师人真的超级好想要圣诞趴就来吧哈哈哈
42555,1385,盛跃东,2017-01-14 12:33:01,2,2,0,上了老师的语言与社会，课很有趣。老师人很好，很和蔼。
42587,1385,盛跃东,2017-01-14 13:39:05,-2,7,9,自觉性差真的绩杀。。。大英一出拉了我0.4的均绩。。。平时不听写单词真的伤
42615,1385,盛跃东,2017-01-14 14:59:13,3,3,0,老师第一堂课比较严肃之外，其他的课还是挺和蔼的
42830,1385,盛跃东,2017-01-15 08:49:51,12,13,1,超喜欢  原因很多不想告诉你们?
42933,1385,盛跃东,2017-01-15 12:32:40,5,5,0,老师比较注重课堂参与，平时不喜欢发言的人课堂分就比较少了……加拿大回来，口语很好。很有为人师表的自觉，乐于帮助学生解答疑惑，是个好老师。
43888,1385,盛跃东,2017-01-17 05:38:59,6,6,0,虽然最后挂了  但跟老师没关系  是自己的问题 老师挺好的 如果不挂我就更好了?
43969,1385,盛跃东,2017-01-17 07:17:01,2,2,0,老师很和善，在课文的过程中会穿插讲述自己的故事，上课的方式很棒。不过我觉得大学英语的学习主要还是靠自己的英语基础和积极性，大学里这种不应试的、相对自由的教学方式不会让人从课堂上学到很多应付考试东西。
46364,1385,盛跃东,2017-01-21 10:54:32,4,4,0,人不错，给分求是
48067,1385,盛跃东,2017-03-02 03:11:41,25,27,2,“本来可以写的简单点的，为什么要这样呢，我们继续看看作者在下面怎么显摆的”这句话说出来瞬间喜欢这样的老师
49476,1385,盛跃东,2017-04-16 04:11:00,0,6,6,平时上课扯一堆和英语无关的东西，英语渣渣还是别选他的课了
52093,1385,盛跃东,2017-06-14 15:19:14,2,3,1,满分不解释，不听他的课，别说来过浙大
52143,1385,盛跃东,2017-06-15 06:24:36,10,11,1,首先要认识到英语不是在大英课上学的。其次老师人真的很好，有如时雨之化者。
53543,1385,盛跃东,2017-06-27 02:37:27,1,1,0,上过他的语言与社会之后又选了他的大英，是个很棒的老师，有阅历有深度，给分实事求是。
53551,1385,盛跃东,2017-06-27 03:21:05,4,4,0,有深度、有思想，大师风范！盛老师教给我的更多的是个人理念。一是独立思维的习惯；二是国际视野和广阔的胸怀；三是精益求精的理念；四是社会责任感。老师改变了我很多，感谢老师！没听过盛老师的课真的不能算浙大学生。
59064,1385,盛跃东,2017-09-19 09:42:27,3,4,1,只上了第一节课就来给他10分了，很有思想三观很正很可爱的老师，至于有人说不举手就不给分什么的，这是老师很强调的cooperative，你一点都不参与课堂还想让老师给你多少分呢…?
59397,1385,盛跃东,2017-09-21 06:43:33,4,4,0,很喜欢盛老师，完全easy-going，不仅是在教书，而且是在育人。
59420,1385,盛跃东,2017-09-21 08:45:04,-2,1,3,这个老师真的特别好\n\n
59926,1385,盛跃东,2017-09-28 08:35:31,9,9,0,很好的很负责任很亲切。总是讲一些不为人知的消息……燃鹅话就说一半。
62178,1385,盛跃东,2017-11-23 04:05:09,1,1,0,老师讲课挺认真的，还会拓展很多知识，老师比较严格，有时候上课会跑偏，不过，都讲的挺有道理的。
63309,1385,盛跃东,2018-01-28 11:38:07,-24,11,35,谁说没作业……别人班写200字书评，他布置了1800字?；个人很讨厌speaking class，很讨厌和别人争着发言；花样真多，还要搞new year party……
63394,1385,盛跃东,2017-12-02 14:23:30,3,3,0,在浙大遇到的最好的老师，没有之一
63420,1385,盛跃东,2017-12-03 13:49:50,2,2,0,讲得很棒，人也很好
64038,1385,盛跃东,2017-12-20 15:24:35,1,3,2,1800词读后感……\n\n啊啊啊啊啊啊啊别的班150词的都有
64480,1385,盛跃东,2017-12-24 11:57:05,2,2,0,很有哲理
65031,1385,盛跃东,2017-12-28 09:33:16,16,16,0,老师相当和蔼，讲课中透露的原则性与特有的属于长者的宽厚更令人心折，期末考试还没考，我不论给分怎么样，盛老师，不给10分不行
65363,1385,盛跃东,2018-01-03 11:11:43,7,7,0,盛老师除了写作文字数多以外，没有别的缺点。还会分享很多自己的国外帅照。超级可爱。喜欢喜欢。不水，能学到很多。上课积极发言。
65996,1385,盛跃东,2018-01-22 07:50:18,11,13,2,80分以上20人 3人90分以上\n\n自己体会吧 全班44人？\n\n本70分欲语泪先流
66029,1385,盛跃东,2018-01-11 04:22:59,3,4,1,教得好，人也幽默儒雅，以后还想选老师的课。虽然听说任务比其他大英班的要重，但我觉得还好。而且锻炼了我的口语。
66048,1385,盛跃东,2018-01-11 07:27:04,3,3,0,真的很好。有自己的风格.
66056,1385,盛跃东,2018-01-11 07:57:21,17,18,1,2018年1月18日，大英三的最后一节课，本来今天心情很糟糕的，但是听了盛老师的期末结语，豁然开朗。不禁觉得自己以前是否心界太小，向往太少。盛老师他作为老师，很优秀，但是作为人生导师，更加出色。遗憾的是他明年就要退休了，不过他说退休后要写书回忆过往，我已经准备好抢书了(⁄ ⁄•⁄ω⁄•⁄ ⁄)
66068,1385,盛跃东,2018-01-21 07:28:09,3,5,2,没力气说话，自己体会
66084,1385,盛跃东,2018-01-11 13:00:01,15,15,0,最后一节课，他回答同学的问题，为什么老师不记住我们的名字。他说我要让你们看到一个真实的社会，没有人会去背你的名字，只有你自己有所表现，有所付出，别人才会记住你，然后说出了好多有过闪光的思想行为的学生，不管成绩如何，被感动到，结课的时候和老师合影了。希望老师越来越好，身体棒棒，退休以后能过上自己想要的生活！
67117,1385,盛跃东,2018-01-20 09:45:05,9,9,0,元旦班级晚会在一个小组跳青春修炼手册的时候会跑上去很他们一起跳，真的是一个特别萌的老师。老师上课不会只讲知识点，会和我们说很多他在美国的所见所闻，可惜我每次上课都会犯困，感觉错过了很多。英语这种东西本来就是靠平常积累的，和上课没有太大关系，加上老师平常不会抓你课本作业和听写（一学期才两次）什么的，所以选上盛老师的课一定要自觉，平时日积月累，不要像我一样每次小测之前才想起要背单词，绩点就很扎心了。唯一不喜欢的应该只有上课有些鹅颈的发言和1800字的英语书评了吧（对于我这样老是拖ddl的人来说肝书评的那三天实在是太痛苦了）。不管咋样，十分送给萌萌的盛老师。
67365,1385,盛跃东,2018-01-21 03:04:06,4,4,0,真正的为人师表。
67366,1385,盛跃东,2018-01-21 03:08:25,4,4,0,老师人又好又正直，是那种会让你重新认识老师和教授这几个名词的人。推荐自觉性比较高的同学选，老师上课比较自由，也没有固定硬性的默写，需要上课积极发言。
67393,1385,盛跃东,2018-01-21 05:39:12,2,2,0,自觉性差的，不爱发言的不要来上盛老师的课
67428,1385,盛跃东,2018-01-21 07:38:02,0,2,2,对自觉性差的人来说是绩杀，老师讲得很好。
67498,1385,盛跃东,2018-01-21 10:53:55,1,2,1,老师品德很高，如果自己努力，成绩不会低的
67506,1385,盛跃东,2018-01-21 11:04:16,2,3,1,老师人真的很好，是个很可爱的老师，在节日趴上，老师会和我们一起玩游戏。不过我觉得自觉性高的人上他的课更好。因为我自觉性不高，不主动发言，老师平时又不布置作业(除了1800字的书评外)，结果期末很惨，分数就很难看了。
67738,1385,盛跃东,2018-01-22 06:16:51,3,3,0,学问和人品都不错的老师。看起来有点严肃，实际上很和蔼的。给分比较客观，所以想要拿高分平时就要重视，课上多发发言什么的（我水了一学期，于是分数也比较水…）
67856,1385,盛跃东,2018-01-22 08:19:44,3,3,0,大英这样的课全看自己的平时表现和英语水平吧，老师绝对是你自己得了多少分就给你算多少的。老师真的是一个很好的人生导师，而且非常鼓励人发言，会对英语文化结合自己的经历解读，可能这就是大学的英语课堂吧，还是非常推荐的！
67928,1385,盛跃东,2018-01-22 10:26:51,1,1,0,老师真好
68890,1385,盛跃东,2018-01-24 05:14:50,1,1,0,太棒了
68957,1385,盛跃东,2018-01-24 07:08:01,12,12,0,之前大英三四都是盛老师的学生，看到评分到了9+， 超开心的~可是看到评论说老师明年就要退休了…难过…还想上老师的语言与社会呢…
68991,1385,盛跃东,2018-01-24 07:30:51,2,2,0,老师很认真负责，也很有思想，爱学生，人很好，推荐
71082,1385,盛跃东,2018-01-28 02:37:44,1,1,0,不错的
71320,1385,盛跃东,2018-01-28 09:36:06,1,1,0,感觉老师想要开拓我们的视野，老师人格独特有魅力
73116,1385,盛跃东,2018-02-01 02:48:26,0,0,0,老师人很好，教我们知识的同时，更多的是培养我们的思维，不过需要自己课后多花时间，认真的话，给分也会好哒
81480,1385,盛跃东,2018-07-05 07:41:43,0,2,2,最后一节英语课，再次被盛老师的人文情怀打动。老师是一位年过半百的海归，谦逊又温文尔雅，思想独立，颇具己见。会在群组中细心回复每一位同学的提问，引经据典，详备程度无愧求是二字。对于每一位同学的表达谢意都会地礼貌回复，生病请假会表示关心嘱咐和祝福。非常具有仪式感和情怀，阳光很好时会把全班同学带到湖边讲课，新年到来之际还会举行小型晚会。遗憾的是虽参与过课堂活动但并未和老师有过单独交流，但在结课之际老师表示能记得我的名字，并表示我的“oral English很棒，就像native speaker”，惊讶又开心，在新领域受到赞扬真是一种奇妙的成就感。总之很感谢有这样提携之心的前辈，给默默无名的学生给予莫大的鼓励。
86739,1385,盛跃东,2018-09-18 08:20:15,2,2,0,很真实。很有思想的老师。直接抨击一切假的东西。
91083,1385,盛跃东,2018-11-29 17:05:46,0,0,0,老师人超级好！阅历很丰富，喜欢他对于社会的见解
92366,1385,盛跃东,2018-12-28 05:05:15,0,0,0,我最喜欢的外院老师之一，时常想起仍然有感激之情，每日十分
92642,1385,盛跃东,2019-01-03 08:35:01,0,0,0,老师超级棒的，很负责任，实事求是，会强调很多要点，会分享自己在外的有趣经历，真是非常好的老师。
93242,1385,盛跃东,2019-01-08 09:29:26,0,1,1,盛老师简直太好了吧，简直太喜欢了，会给人完全温暖的老师，对人生也很有自己的见解和看法，知识很渊博，喜欢在上课的时候讲有趣的小故事和小例子，对考试和教学计划评分标准做的都好清晰，而且会提前告知，不会突然小测，小测也不会计入成绩，平时随便发表自己的看法就会有表现分，老师真的可爱，想选大英的真的要盛老师～～～
94147,1385,盛跃东,2019-01-15 10:15:05,5,5,0,"盛老师（东东）是一个极为随和的、全心全意地对待学生的好老师，总会在不管是是生活还是学习上真挚地给出自己的建议。上盛老师的课收获的不仅是书上的知识，更重要的是一种对人生的启示。至于课堂，老师喜欢学生主动举手发言，经常鼓励学生，没有强制作业，自觉性很重要。但盛老师的课给人一种进入大学以来没有的班级的""归属感""。作为学者，他谦虚博文；作为长者，他热心平和。盛老师真的是一个令人尊敬又非常可爱的好老师~"
95300,1385,盛跃东,2019-01-19 07:13:14,4,4,0,盛老师是一个好老师，去加拿大留学过。老师是一个很有人文关怀，有学者气息的老师。感觉老师水平很高。是一个能教会学生人生道理，教会学生为人处事的好老师。但是好像不大适合我。平时分要靠上课发言次数的，我这种不敢说话的渣渣平时分就很低了。总体是一个好老师。还有，自觉性不好不要选。
95825,1385,盛跃东,2019-01-20 06:01:21,0,1,1,每次上完课都让我很感动，很有思想，个性，极负责任，很爱学生。因此我对老师的感谢之情融入在每节课下课向老师微笑说再见。这是我一直期待的师者的样子。谢谢老师！
95827,1385,盛跃东,2019-01-20 06:02:07,1,3,2,超级好！就人真的很好，上课很认真，就是给分低了一点！很有意思！
95830,1385,盛跃东,2019-01-20 06:04:23,0,1,1,盛老师人超好，超级负责，给分也是非常公正的。第一节课老师就把评分的标准和比例讲清楚了并且严格执行。真的很好，谢谢老师的付出！强烈推荐。这样认真负责还为学生着想的老师大家一定要选啊！
95837,1385,盛跃东,2019-01-20 06:07:50,1,2,1,盛老师真的很好，虽然自己的绩点极低，老师说不调分，但我觉得这就是他的原则，不过自己会再选一个调分的老师重修（｡ò ∀ ó｡）
95867,1385,盛跃东,2019-01-20 06:57:22,1,1,0,老师人非常好~很博学，眼界很大，潜心学问，不世俗，像一个和蔼的大伯伯，上课能收获很多人生道理，非常非常喜欢！但是本人极不爱上课发言，老师也一再强调了平时分按发言记录算，所以还是自己的问题。最后还是要说老师太棒了，上课比较积极的同学一定要去选！！
97145,1385,盛跃东,2019-01-21 18:21:49,3,3,0,学了一学期 懂了很多人生道理 是真的好老师 博学多识 绩点挺好的 期末考毕竟都需要自己努力 平时分需要积极发言 ()
99314,1385,盛跃东,2019-01-24 14:43:13,4,5,1,非常鼓励大家积极发言，平时很细致很认真，老师人很好的呀!而且非常公平公正，平时小测和作文等平时分都会公开。我上的是大英三，我觉得平时多发言，小测认真准备，作文好好写，然后期末复习就是使劲背单词，口语不要紧张，大英上四不是梦，我4.5很开心了!谢谢老师!
103114,1385,盛跃东,2019-02-26 04:13:24,0,4,4,为什么我要选这门课，留下悔恨的眼泪? ? ?
103453,1385,盛跃东,2019-02-28 07:37:02,-1,4,5,老师是不是杠精?
104236,1385,盛跃东,2019-03-19 05:40:46,1,5,4,老师很酷！
104367,1385,盛跃东,2019-03-19 01:33:01,0,2,2,下面那个一点都不懂的在装什么？
104368,1385,盛跃东,2019-03-19 01:33:06,2,2,0,老师很好，就是不敢发言，老师会在回答问题后问很多问题，老师会尝试引导你发言，就是有点吓人
104369,1385,盛跃东,2019-03-19 01:36:19,-2,4,6,1.希望老师能够真正广博，而不是仿佛很包容但是对于与自己不同的观点而大肆抨击，然后在最后加上当然不同的人有不同的观点\n\n2.希望老师能够真正平等地对待女性，比如说第一节课他在举例说为什么现在的天气预报非常有吸引力，因为女主播会不断地在播报时脱下……比如说在gender difference 这一课中选取的视频，虽然说是在探讨差异点，但是这些差异点除了部分中立，大部分都是站在男性的角度批评女性。\n\n
104371,1385,盛跃东,2019-03-19 01:54:11,-2,6,8,大肆抨击别人我是没看出来，有自己观点不是很正常么？还说老师性别歧视也是醉了。天气预报那个难道说的不是事实？不管男性女性，脱衣服难道对异性没有一点吸引？Gender difference 课上放的视频本身就有调侃意味，老师也说了只是代表作者的个人观点，并不一定是真实情况。不懂有什么好杠的。莫非是传说中的女权斗士？（笑
109142,1385,盛跃东,2019-06-10 03:28:01,0,0,0,大英四上的老师课，现在大三，两年没见老师了，老师仍然记得我的专业，我的名字，关心我未来的发展方向，老师教我的不仅仅是已经忘了一干二净的知识，更多的是为师的风范和为人处世的道理
109921,1385,盛跃东,2019-06-20 07:19:09,0,0,0,有个美女……
110130,1385,盛跃东,2019-06-23 13:13:34,1,1,0,老师水平是很高的，这点没有疑问，唯一可能让我有点疑惑的是针对期末调分的态度，但这毕竟是官方的漏洞，老师只是不愿意做变通，即太过“实事求是”，不过还是希望自己期末考可以加油！也希望老师的课越来越好。
110592,1385,盛跃东,2019-06-27 14:39:35,0,0,0,这么说吧，原来看查老师评论觉得自己可以学到很多，同时也想锻炼一下自己的口语，然后发现自己真的太倔了，尽管和平时分息息相关，还是不开口，哈哈哈，这一点怪我自己。然后上下来的感觉是大英都是一般水。想从大英课上得到英语的提升不太实际。所以我的建议是，学英语靠自己，大英这种水课还是找给分好的老师吧。
110595,1385,盛跃东,2019-06-27 14:46:38,0,0,0,老师还行吧，上课会讲一些自己出国的经历和课本内容相关的文化背景，也挺认真负责的。就是太实事求是了，完全不调分。大英还是选给分好的老师吧，毕竟课上真的学不到什么东西，基本靠自己。
110835,1385,盛跃东,2019-06-28 10:12:06,0,0,0,老师真的太棒了，口语超级好(毕竟是口语考试的考官啊哈哈哈)，比较认真的一位老师，很和蔼也很可爱?
848,1411,金哲凡,2018-03-10 02:06:55,-39,17,56,循环补充班就是坑
10633,1411,金哲凡,2015-11-21 03:31:35,10,16,6,老师讲的真的很棒，学识很渊博的样子，喜欢
49475,1411,金哲凡,2017-04-16 04:08:22,28,33,5,在这评论心情肯定很沉重，但还是来填补这个空白吧，老师人真的很好，讲的东西也非常实用，当初要是他教也不至于这样。
60039,1411,金哲凡,2017-10-07 06:45:49,7,10,3,社会我金哥，人帅话又多
66355,1411,金哲凡,2018-01-15 09:02:15,6,7,1,负责任的老师，很为学生着想。
66458,1411,金哲凡,2018-01-16 18:55:23,9,9,0,老师很棒棒啊～非常认真负责～平时认真听考前背一背就能过～
66459,1411,金哲凡,2018-01-17 00:21:33,4,4,0,究级好老师，不多说
76259,1411,金哲凡,2018-03-31 03:38:41,0,1,1,老师特好
79175,1411,金哲凡,2018-05-25 14:25:15,3,6,3,老师人品爆表 我从未见过如此良心的老师 不选他的课是损失
80880,1411,金哲凡,2018-07-02 08:34:48,2,2,0,很不错
81249,1411,金哲凡,2018-07-04 12:20:05,13,16,3,挂了快四年的大英3，在金老师手下复活了
82298,1411,金哲凡,2018-07-07 22:47:32,1,2,1,真的是很好很好的一个老师
91131,1411,金哲凡,2018-12-01 04:10:55,4,6,2,最有效率的学习，最喜欢的英语老师，然而只教重修班就很难受了
91132,1411,金哲凡,2018-12-01 04:12:00,5,5,0,老师太棒了，很渊博，专业水平很高，上课讲的都很实用！
102794,1411,金哲凡,2019-02-23 06:30:09,52,65,13,没修过大英四，直接报金老师的循环补充班会怎么样？\n\n
110157,1411,金哲凡,2019-06-24 03:14:15,0,2,2,谢谢老师捞我
116318,1411,金哲凡,2019-09-08 09:10:06,2,2,0,好哈哈哈
116365,1411,金哲凡,2019-09-09 16:31:31,0,1,1,没听过我也不知道
130203,1411,金哲凡,2021-01-19 03:38:21,1,1,0,好老师不解释！！！
130204,1411,金哲凡,2021-01-19 03:39:28,1,1,0,好老师！！！！
130236,1411,金哲凡,2021-01-20 00:24:39,2,3,1,老师很好
132438,1411,金哲凡,2021-02-01 15:19:35,38,39,1,我觉得金老师应该去开选修课，清华大学毕业+化工、外语双背景，这么强大的条件，这么娴熟的教学手法，竟然只在外语学院当一个讲师，还只带重修班，真的太浪费人才了。也希望彻底改革大学英语课程，真的是垃圾课程，早日取缔。英语学习对于每个大学生都是非常重要的，但是绝对绝对不是通过大学英语课程来学，奥巴马的演讲不香吗？原著不香吗？
140540,1411,金哲凡,2021-09-13 13:18:51,4,5,1,大一的时候上大英课就在想学这些有啥屁用？基础不好的我完全提不起兴趣，以致于大英三刚刚过，大英四挂科（那段时间我自身原因也很大，天天玩游戏几乎不上课缺考），选了金老师的循环补充班虽然还不知道效果怎样，而且最多也只能及格，但他第一节课说的我们只教与考试有关的内容真是说到我心里去了！虽然说这很应试教育，但是连这些基础都不会，谈何课外拓展谈何口语技巧呢？
145973,1411,金哲凡,2022-01-04 16:43:00,2,3,1,金老师太能捞了，拯救了困扰我一年的大英！！！
160497,1411,金哲凡,2022-09-24 14:45:17,0,0,0,老师太好了
174960,1411,金哲凡,2023-06-20 12:22:27,3,3,0,真的是好老师，本来因为英语不好就很自卑，大英三挂了以后只想过了就行，不考虑绩点，然后报了循环补充班，金老师真的很负责很为学生着想，每节课都讲的很认真，一学期下来感觉听力有很大的进步。虽然来这个班的可能都不是很喜欢英语，但是我觉得大家还是应该给老师更多的尊重，上课内容对我们基础差的学生来说还是很有帮助的。最后再次感谢金老师捞我，必须十分！
186040,1411,金哲凡,2024-01-08 03:48:13,0,0,0,我爱你😘
208308,1411,金哲凡,2024-12-26 15:48:51,0,0,0,很好很温柔很负责任的老师
210944,1411,金哲凡,2025-01-10 08:22:38,0,0,0,金老师人真的超级好，主动找他都会细心解答，很会为学生考虑
6127,1419,陆建平,2015-07-11 05:31:10,9,14,5,没有用啊
6912,1419,陆建平,2015-08-06 00:59:40,11,17,6,上她的旅游英语完全没学到东西\n\n
10062,1419,陆建平,2015-11-15 07:28:16,-10,8,18,棒棒棒
14106,1419,陆建平,2016-01-04 13:53:53,-9,7,16,还可以
16678,1419,陆建平,2016-01-18 17:30:33,16,28,12,0分。\n\n差，无责任心，上课拿外卖、讲电话；讲课敷衍了事；期末考擅自缩短时长。毫无收获，绝不再选任何陆老师的课。
16711,1419,陆建平,2016-02-06 03:29:48,-10,9,19,亲切的老师\n\n
21228,1419,陆建平,2016-02-27 05:07:41,22,32,10,这门课说实话，非常糟糕。因为要写论文，要展示，要考试。最终大家分数真的普遍很低，80几都算好的。千万别选。上课就是看看电影讲讲电影。
23135,1419,陆建平,2017-12-24 14:38:36,-41,8,49,英语影视欣赏的确是一门看电影讲电影的课，互动上课，英语基础扎实、能很好表达自己的同学会感觉收获大。有考试拉开档次公平。旅游英语比较适合对旅游管理感兴趣的学生，据说该课程的教材或学校特色教材建设资助，正在完善中，增加了文化的分量，又加了视频和音频，整本教程有外教配音，对学生练习听力和口语会有很大的帮助。本课程特别适合想要通过了解中国文化提高英语的留学生。对那些希望提高口语传播中国文化的学生也很有意义。
23136,1419,陆建平,2016-03-19 06:57:59,-9,7,16,很负责的老师
23138,1419,陆建平,2016-03-19 10:44:31,-9,6,15,亲切的老师
23142,1419,陆建平,2016-03-19 12:42:06,-11,6,17,很好的老师啊，好好完成任务绩点不会差的
50154,1419,陆建平,2017-04-30 11:24:49,37,47,10,大学生涯最恶心的课没有之一。最终分数很好，但是根本没学到东西！老师前两周都在跟传院大三的学生讲新闻导论；初期安排学生每人做8分钟的采访，还好被制止；甚至花了两节课哭诉自己没选上教授是人际不好；每节课下课还发鸡汤诗呵呵。最可恨的是，她上课睡觉，在期末同学的展示课上睡觉！人老了offer也拿到了，对分数可没一丁点的兴趣！教不了学生有价值的内容学生能不讨厌么？最后不过是教了几个词儿的翻译，还拿学生的作业评奖，真是无耻！
50522,1419,陆建平,2017-06-07 02:00:58,8,9,1,20170430那条一定是评英语口语采访报道的，说得已经很详尽了。这门课的话给分是不错的，拿学生作业评奖这种事其他要做视频的课也有，从来就没有一节课是讲怎么做视频的，有实验的课却一定要交出视频当作业。无fuck说。
50720,1419,陆建平,2017-05-04 14:00:00,19,21,2,外院转到传院来的临退休老教师……上课堪比大英课升级版，可以说对传媒业一无所知，不知所云，毫无干货。
51015,1419,陆建平,2017-05-12 13:00:05,7,9,2,毫无干货，花了一整节课哭诉自己没评上教授的事情，十分不尊重学生，在期末学生展示的时候睡觉这事简直不能忍…  上这课简直是为了学分死撑…
53056,1419,陆建平,2017-06-25 07:44:14,2,4,2,旅游英语并没有太多干货，感觉讲的都是常识，然后英语水平尤其是口语也是醉了，原来这种水平就可以去当英语导游.......绩点也是呵呵哒，慎选
59035,1419,陆建平,2017-09-19 07:14:42,6,7,1,勉强给个及格分吧，我是上英语影视欣赏的，长学期才1.5学分，事情还很多，绝大部分的英文讲解，人还可以，这门课不是很值得选，比较浪费时间。
59732,1419,陆建平,2017-09-26 09:00:41,10,12,2,我三生有幸选这门课^_^看电影的课bb一大串理论，说了一个小时之后终于来了一句now let's watch the movie然后居然打开了介绍电影的全英文ppt？？看电影的教室音响是坏的，扯着耳朵都听不清这个音乐剧…一个星期布置三个课后看的电影，课上的电影看了个开头就下课了？游戏体验极差，感觉根本配不上这门课的名字。
63591,1419,陆建平,2017-12-08 03:48:01,7,7,0,事情多，没水平
63674,1419,陆建平,2017-12-12 08:54:35,3,11,8,在课上公然说“同性恋最容易感染艾滋病”\n\n歧视同性恋也不能这样暴露自己的无知吧？\n\n朋友你不知道艾滋病是异性恋传入人类的吗？？\n\n上课无聊\n\n放的电影无聊\n\n四分之三的时间在上大英课\n\n浙大典型养老类老师 佩服佩服
64495,1419,陆建平,2018-09-15 01:35:03,7,9,2,教英语电影课的老师连剪刀手爱德华这电影都不知道？？？？？v字仇杀队也不知道？？？？这个杀手不太冷也不知道？？？？？？我还能说什么 这世界太魔幻了吧？
66998,1419,陆建平,2018-01-19 16:28:27,15,15,0,戏太多
67014,1419,陆建平,2018-01-20 02:33:17,-6,4,10,上了电影赏析觉得老师人挺不错的，对电影的见解也有很多我很欣赏的地方，思想也比较开放。作业认真做考试认真准备的话可以得到很不错的分数。
67226,1419,陆建平,2018-01-20 13:16:49,7,8,1,令人窒息\n\n
67359,1419,陆建平,2018-01-21 02:33:08,12,13,1,打扰了
68188,1419,陆建平,2018-01-22 17:08:11,5,5,0,如果不是实在学分低到要退学，请不要选这门课。emmmm这门课有什么用呢？emmmm你上了就知道了
78925,1419,陆建平,2018-05-17 02:39:27,6,6,0,第一堂课之后大批量退课，老师有反思反思自己的想法吗？
81050,1419,陆建平,2018-07-03 12:37:27,6,6,0,给分一言难尽 要不是选不上j类谁要听你怎么当导游？？？
81094,1419,陆建平,2018-07-04 02:05:33,7,10,3,我觉得这种人的存在才是我广电学科评级才B还是B减来着的根本原因吧。。求学校开除她吧。。。留着回家过年吗?
81114,1419,陆建平,2018-07-04 03:32:52,7,9,2,拉低浙大教学水平的老师没有之一，非常的情绪化，又是一个小粉红，给分和吃屎一样。
81446,1419,陆建平,2018-07-05 06:03:43,6,6,0,这老师为啥还没上传媒低分榜？
87913,1419,陆建平,2018-10-17 12:59:35,2,2,0,?没了
89835,1419,陆建平,2018-11-21 03:23:03,8,9,1,为什么不能打零分？？这个老师我真的服了，感觉满脑子都是浆糊。作业要求一课一变，在交的前一晚上还会变，我打印了三四份作业稿。课上布置的小作业自己永远不记得，辛辛苦苦做了也不会讲解。上课接电话，拿快递，拿外卖，经常以堵车为由迟到。应该上一学期的课，一半来的都是代课老师，半个学期里的课里还有一整节课在讲一些七七八八的自己的事情。拜托？？没人想听啊？
93312,1419,陆建平,2019-01-09 03:19:22,6,7,1,两个字 垃圾
96254,1419,陆建平,2019-01-20 15:14:02,8,9,1,给分巨好，感人
96257,1419,陆建平,2019-01-20 15:17:12,4,4,0,其实老师怎么说呢，挺好的就是不会表达，然后认真学的话分数也还可以，当然也有需要继续改进的地方，和老师一起加油吧！
96351,1419,陆建平,2019-01-21 01:02:35,2,4,2,点赞?
105523,1419,陆建平,2019-04-16 03:37:40,7,7,0,是不是什么垃圾东西都可以往传媒学院塞？
105590,1419,陆建平,2019-04-17 02:42:41,3,3,0,我也不说什么人品性格了，这个见仁见智，但是业务水平真的很差，感觉我一年看的电影就比她目前的总阅片量高
108033,1419,陆建平,2019-05-13 10:15:58,3,3,0,三观不正，鼓励抽烟，鄙视穷人，无法理解
108509,1419,陆建平,2019-05-27 08:39:16,6,6,0,只点名过一次。原本选旅游英语感觉还挺好玩，虽然老师真的不怎么样，平时讲话也很没经过头脑，不尊重同学。但最让我生气的是，作业要求我们拍视频，这就算了，视频拍好了，剪辑也好了，结果她临时更改评分标准，害得全部都要重来一次，又要挤时间出来去拍视频，地方又很远，她以为我们很有空吗？又把考试移到下星期，真的对这老师很无语，太后悔拿这门课了。各位不想做麻烦作业的话就别选这门课了，反正选了也是会被老师气死。
108795,1419,陆建平,2019-06-02 15:12:18,5,5,0,无聊，事情贼多
110062,1419,陆建平,2019-06-22 04:58:46,1,1,0,事多，绩杀
110066,1419,陆建平,2019-06-22 05:42:50,2,2,0,辣鸡，给分贼低，拉绩点
110068,1419,陆建平,2019-06-22 06:05:51,2,2,0,没多少收获，事多，给分特低
110069,1419,陆建平,2019-06-22 06:52:11,1,1,0,我上的是旅游英语与文化教程，老师上课确实没有讲很多知识性的东西，基本上是分享她的经历，听听还是挺有趣的，不过想学东西，建议自己看教材！！！会有期中作业，期末视频，平时偶尔点名，还有课堂考试，考试全部来自书本，所以自学教材真的很重要哦。另外，个人认为老师的作业要求对于不会设计和做视频的同学有点点高了.....确实花时间和精力，不过幸好遇见了一个超棒的小组，大佬们带着我，最后绩点上4啦！（不过老师有说她统一上调了分，让更多的人及格）
110072,1419,陆建平,2019-06-22 07:13:19,1,1,0,老师一般般，旅游英语与文化传播这课也一般般。事情多，给分不怎么好。
110073,1419,陆建平,2019-06-22 07:17:13,1,1,0,旅游英语上课比较水，要点名，作业量还行，闭卷考，给分出乎意料的好
113952,1419,陆建平,2019-07-08 02:30:03,0,0,0,看见老师年轻时的照片我心里一惊(●—●)
142122,1419,陆建平,2021-11-06 16:55:23,-1,0,1,很和蔼可亲
206323,1419,陆建平,2024-12-14 08:25:50,1,1,0,。。。
214786,1419,陆建平,2025-02-18 02:19:57,0,0,0,每节课都是学生自己在上面讲ppt，尊敬的陆老师就坐在下面睡觉、玩手机，非常和谐的画面；事多、点名、喜欢拉踩，偶尔还爱吹点小牛
214789,1419,陆建平,2025-02-18 02:30:52,0,0,0,给一分都多。。一言难尽。。学生上去分享ppt 自己不听 美美打瞌睡 结束后指摘某点没看出（大字写明明ppt上）不接受反驳 当全班同学面对你进行能力上批判 完事后找补 so mean old lady  如果退休了就回家呆着养老吧。别头脑不清晰出来蹦哒。。
487,1457,方富民,2015-03-15 03:09:49,178,191,13,超级超级棒！！人幽默！能够学到很多！
987,1457,方富民,2017-06-13 09:35:51,54,62,8,人超级nice，大爱！
1048,1457,方富民,2015-03-21 14:58:57,94,109,15,人有幽默。上课时不时会有黄段子出现(捂脸。。。)
1796,1457,方富民,2015-03-25 04:11:02,6,10,4,好喜欢/坏笑
1992,1457,方富民,2015-03-28 06:04:04,37,40,3,男神不解释
2228,1457,方富民,2015-04-12 05:45:24,28,32,4,好老师!上课很有趣，信息量很丰富，给分公道。没选上他的大英四，上大英四的时候明显感受到差距。
2405,1457,方富民,2015-04-29 06:30:37,53,58,5,方爸课堂活泼很好很开心，给分还好，很公平。
2583,1457,方富民,2015-05-04 15:11:05,43,48,5,当时听英语课完全不是负担，自己也经常回答问题，感觉被老师带动了起来
3297,1457,方富民,2015-05-28 04:17:02,-55,9,64,比较水，给分一般…
3972,1457,方富民,2015-06-17 11:32:41,52,56,4,方pa我爱你~\(≧▽≦)/~
4520,1457,方富民,2015-06-24 06:17:44,135,139,4,方pa!
4630,1457,方富民,2015-06-25 08:50:09,103,113,10,从小到大遇见的最好的英语老师，没有之一，风趣幽默而富于智慧，教英语的模式简直让人耳目一新，课堂气氛十分活跃，还很负责，受益匪浅，强力推荐，刚结课就来评了
4686,1457,方富民,2015-06-26 05:12:11,15,20,5,学的不累
4960,1457,方富民,2015-07-01 14:31:08,53,55,2,内容很多，会补充很多同义词，对词汇扩充很有帮助。
5252,1457,方富民,2015-07-06 04:26:39,5,8,3,人超级好
5413,1457,方富民,2015-07-07 08:32:58,13,15,2,很幽默很nice
5685,1457,方富民,2015-07-09 06:41:34,6,9,3,好哒
6633,1457,方富民,2015-07-16 15:32:31,11,13,2,方pa给100个赞
6761,1457,方富民,2015-07-22 03:36:46,25,30,5,上了方老师的英语课再也听不进其他老师的英语课了
7143,1457,方富民,2015-09-06 03:38:41,6,7,1,炒鸡赞～
7393,1457,方富民,2015-09-14 06:59:47,8,9,1,方papa大赞！！
7681,1457,方富民,2015-09-15 08:36:38,1,7,6,全英，爽
7978,1457,方富民,2015-09-16 10:37:33,23,25,2,fang sir 是业界旗帜
8570,1457,方富民,2015-09-22 12:15:06,7,9,2,人很好上课也很好！！而且幽默又帅气哦！
9047,1457,方富民,2015-10-11 08:28:05,2,4,2,方pa，人特别好！我爱你！
9144,1457,方富民,2015-10-14 10:37:24,5,6,1,补充很多内容  能学到很多东西
10119,1457,方富民,2015-11-16 10:41:20,1,3,2,老师讲的非常好
10152,1457,方富民,2015-11-17 01:58:05,2,4,2,理解学生。好老师
10329,1457,方富民,2015-11-18 05:52:59,-23,9,32,并不觉得有意思
11662,1457,方富民,2015-12-09 13:50:37,-3,5,8,很好  只是我们大类英语本身比较差
11988,1457,方富民,2015-12-21 12:34:42,7,11,4,超喜欢方pa的课
12181,1457,方富民,2015-12-22 07:58:08,4,8,4,方pa炒鸡棒
12345,1457,方富民,2015-12-23 04:19:40,1,3,2,老师真的非常好
12540,1457,方富民,2015-12-23 12:23:54,0,3,3,享受嘛
12556,1457,方富民,2015-12-23 13:06:06,0,4,4,虽然不点名但是大英那个教室嘛谁没来一眼就看到了。超级棒！上课好幽默！和同学交流互动互黑什么的不能更赞。内容很充实，能学到很多～作业很少，平时会听写单词
12923,1457,方富民,2015-12-24 10:29:41,29,32,3,好考试，从第一节课就\n\n\n\n能记住学生名字
13150,1457,方富民,2015-12-25 03:30:40,3,6,3,最喜欢外院的俩老师，一是何莲珍，二是方pa。大爱方pa~\(≧▽≦)/~
13283,1457,方富民,2015-12-26 07:22:10,4,5,1,cool
13468,1457,方富民,2015-12-28 07:23:28,28,31,3,大学遇见的最好的老师了，三年前上过他的课，前几天在校园里碰到他居然还记得我
15108,1457,方富民,2016-01-12 05:38:08,5,8,3,大爱，大英四退掉预置，果断选方pa
15156,1457,方富民,2016-01-12 08:44:06,17,19,2,听方pa的课是种享受。然而下学期学不了他的课了/流泪
15559,1457,方富民,2016-01-15 10:30:04,3,4,1,超级超级棒！！人幽默！能够学到很多！
15937,1457,方富民,2016-01-16 16:05:13,4,5,1,方pa太好了！我期末大英考得不好，对不住你，对不住自己，寒假要回去好好看英语！
15951,1457,方富民,2016-01-16 16:46:38,-44,5,49,有点娘~~还讲黄段子~不喜欢
15960,1457,方富民,2016-01-16 23:07:15,43,49,6,给分不用说，班均绩反正比其他老师要高。而且从来没有作业，大赞。不过上课说的词汇量太大，简直是碾压了我这个英语渣渣。不过要学好大英还得靠自己。
16117,1457,方富民,2016-01-17 08:47:29,2,4,2,课后任务少，个人魅力十足
16256,1457,方富民,2016-01-17 14:56:22,8,10,2,好开心啊！虽然其他考的不好但大英给了我自信！
16269,1457,方富民,2016-01-17 15:25:04,2,4,2,真的是好老师，我爱fpa\n\n
16350,1457,方富民,2016-01-18 03:31:25,4,7,3,方pa萌萌哒
16805,1457,方富民,2016-01-19 04:09:33,-16,4,20,风格和中学英语教学风格一脉相承，上课喜欢爆同根词，没事喜欢黑武汉(他是在武大读书的杭州人)，武汉人可能会有些反感。
17992,1457,方富民,2016-01-21 05:35:36,1,3,2,非常棒的老师，方pa我们都喜欢你
18531,1457,方富民,2016-01-22 02:12:24,1,4,3,方爸的课是想选就能选上的？
19788,1457,方富民,2016-01-25 09:18:54,3,5,2,强推方papa！英语系列最好的老师！
21203,1457,方富民,2016-02-26 07:23:29,0,2,2,很棒的老师，很幽默，课本内容讲得不多，但会扩展很多，有非常丰富的词汇量，上课很有意思~人很好，给分也很棒，会让你想要认真听课
21310,1457,方富民,2016-02-28 03:37:47,-1,1,2,大爱方pa
21519,1457,方富民,2016-02-29 05:58:38,0,0,0,很棒的老师！
22286,1457,方富民,2016-03-03 08:04:36,0,2,2,超级爱方爸！
22323,1457,方富民,2016-03-03 15:08:46,-1,1,2,超级好，开启新世界
22818,1457,方富民,2016-03-13 01:18:42,0,1,1,方爸超级棒！
22911,1457,方富民,2016-03-14 14:06:45,3,3,0,那些年错过的老师………
22950,1457,方富民,2016-03-27 07:14:20,4,5,1,wonderful
23439,1457,方富民,2016-03-30 01:43:48,0,1,1,超级棒！最喜欢了
24206,1457,方富民,2016-04-28 09:35:23,2,4,2,极好的，庆幸
24491,1457,方富民,2016-04-30 16:00:40,14,16,2,老师人超好，托福阅读一定要上，满满干货
25023,1457,方富民,2016-05-05 01:44:45,2,3,1,方pa！～不说你也懂，如果你上过其他老师的课（微笑）
25132,1457,方富民,2016-05-06 02:42:17,2,4,2,大英五大英六我要接着上他的课
25384,1457,方富民,2016-05-16 13:30:48,0,2,2,nice
25432,1457,方富民,2016-05-19 02:35:16,1,2,1,很有趣
26742,1457,方富民,2016-06-21 04:28:20,0,2,2,课堂氛围超好 很多课外内容 词根记忆法很不错 男神
26948,1457,方富民,2016-06-22 00:55:33,5,5,0,托福阅读没选上…
27542,1457,方富民,2016-06-27 03:11:02,1,2,1,敲棒啊 上课很有趣而且满满干货
27543,1457,方富民,2016-06-27 03:12:26,1,1,0,赞！！
27548,1457,方富民,2016-06-27 03:16:34,0,2,2,相当好
27552,1457,方富民,2016-06-27 03:23:56,7,7,0,方pa讲课非常有意思，人也很幽默，有时会玩一些小游戏，总之是一个非常好的老师
27553,1457,方富民,2017-01-15 12:14:53,2,4,2,托福阅读，干货多给分好，简直男神了
27556,1457,方富民,2016-06-27 03:28:09,-1,1,2,真的有种想要跟他互动的感觉，平时也可以交流?
27564,1457,方富民,2016-06-27 03:38:53,3,4,1,贼好。
27590,1457,方富民,2016-06-27 04:34:20,1,3,2,享受！给分好评！
27972,1457,方富民,2016-06-28 07:55:57,0,3,3,方pa人超好…可是我自己太垃圾了
28490,1457,方富民,2018-09-18 10:18:36,31,37,6,最最最良心的英语老师，上课棒的根本不想玩手机，期末给分也超级良心，我觉得我是个女生就爱上他了
28570,1457,方富民,2016-06-28 10:29:01,3,3,0,方pa超级棒，讲课很风趣，听着很舒服
28640,1457,方富民,2016-06-28 11:22:25,5,7,2,我们大英3的老师说方富民是浙大最好的英语老师，大英4上了方老师的课觉得果然超好！在他的课上英语变得好玩、有趣。为什么不能打超过10分呢！！！
28812,1457,方富民,2016-06-28 16:00:45,5,5,0,老师萌萌哒！脾气好讲的好
28833,1457,方富民,2017-01-13 15:14:52,3,5,2,炒鸡棒！男神方爸！
29870,1457,方富民,2016-06-30 12:20:04,11,13,2,第一次让我觉得自己英语差是对不起老师。。  给分超好！！
30170,1457,方富民,2016-07-01 04:32:24,2,3,1,巨想念方pa的课
33898,1457,方富民,2016-09-22 11:38:31,1,3,2,老师上课前放一集美剧，然后一学期下来我看完了一季
34207,1457,方富民,2016-11-12 09:00:05,6,6,0,超级棒
36145,1457,方富民,2017-01-15 03:07:19,6,8,2,老师很好，上课有趣，给分也很好，很体谅学生，但是我英语太差了。。。没到平均分。。。
37520,1457,方富民,2016-11-19 08:38:38,8,9,1,托福阅读...好好背单词.考试前背得越多惊喜越大.
39434,1457,方富民,2016-12-22 15:56:24,6,7,1,真的超级超级棒，很暖很关心学生的老师，你能体会到大学老师叫出你的名字的感觉吗？方pa对每个学生都很关心，人也很幽默，水平是真的好，词汇量巨大，下学期课表冲突，选不上他的大英四，好难过的
40261,1457,方富民,2016-12-31 04:46:20,3,4,1,老师超好  认真学可以学到很多
41561,1457,方富民,2017-01-12 07:48:45,14,17,3,能选上方pa的课简直人品爆棚啊，上课认真又有趣，第二节课就记住了同学们的名字，绝佳的上课体验，太棒的老师啦～托福阅读今晚考试，考不好都对不起他啊，祝福老师。
42155,1457,方富民,2017-01-13 16:20:19,1,3,2,好喜欢方pa啊。给分也很好
42166,1457,方富民,2017-01-13 22:39:12,4,6,2,讲课超赞，给分也超级好，把无聊的大英上的非常棒
42930,1457,方富民,2017-01-15 12:24:40,0,2,2,很棒的老师
43035,1457,方富民,2017-01-15 15:08:25,2,4,2,方 pa 实在太优秀了，上完托福阅读觉得自己的阅读能力和词汇量确实都提升了。
43052,1457,方富民,2017-01-15 15:31:34,4,4,0,强推方pa！！！上课真的真的很有趣！关心同学～在群里很耐心地回答同学的问题～给分也好！没有选上方pa的大英四真的超级难过…
43060,1457,方富民,2018-01-21 11:23:28,-61,11,72,垃圾垃圾
43079,1457,方富民,2017-01-15 15:58:23,4,6,2,啊啊啊啊啊真的超爱方pa，人很nice很耐心，词汇量炒鸡大啊折服，过节还发巧克力安慰补课的我们2333最后感谢老师的给分超爱你
46377,1457,方富民,2017-01-21 11:20:00,3,4,1,我爱方pa！方pa使我快乐！！！
47426,1457,方富民,2017-01-26 08:30:03,0,2,2,我靠，下学期选不到方老师的课了，怎么办！
47926,1457,方富民,2017-02-27 10:18:04,4,6,2,老师上课非常有趣，会不时推荐一些电视剧。经常有各种小活动，记得有一次是小组配音。真的超级有趣
48299,1457,方富民,2017-03-02 03:18:36,5,5,0,很好，很棒\n\n
49850,1457,方富民,2017-04-26 13:50:44,2,5,3,虽然自己水平不太行但是听老师的课真的能学到很多。绩点不高但很满意了。一学期也算背了大半本王玉梅了很充实！\n\n
49851,1457,方富民,2017-04-26 13:51:04,3,6,3,给方老师点一个大大的赞！！非常好的老师，不仅幽默风趣，而且很能为学生着想，学了托福阅读半学期真的收获满满，强烈推荐，最后考的不太好不过这个确实怪我自己英语基础不好。非常感谢方老师，能上您的课我感到十分幸运！
52237,1457,方富民,2017-06-16 08:17:56,5,6,1,自动提词器\n\n\n\n好课。扩充词汇
52652,1457,方富民,2017-06-22 03:03:19,6,6,0,老师和蔼可亲，不单单是讲课，还会讲很多学习英语记忆单词的方法技巧，虽然事情有点多但是好好学真的收获很大，回答问题很有耐心，圣诞节发礼物上完了基本认识班上所有同学，大学遇到的最好的英语老师了，给分也超棒！
52768,1457,方富民,2017-06-22 15:56:37,9,10,1,明天是最后一堂课了，真心舍不得。方爸真的很可爱，说实话，是我喜欢的类型。君生我未生，我生君已老。好像也没有，方爸看上去还是很年轻，像个大哥哥一样。
52880,1457,方富民,2017-06-23 09:46:17,1,3,2,不是10分？咋回事啊？\n\n
54197,1457,方富民,2017-06-28 16:04:04,-19,3,22,好多次课没去还有3.6
54199,1457,方富民,2017-06-28 16:13:29,2,2,0,老师超好，口语非常棒，课堂内容也很丰富，超棒的
54224,1457,方富民,2017-06-28 18:14:28,3,3,0,毕竟教托福的老师，上课干货很多，会教很多在作文中地道的用法，很实用。还有每节课前会放一集美剧，根本就不想迟到了
54350,1457,方富民,2017-06-29 06:44:35,4,4,0,很稳了啊
54475,1457,方富民,2017-06-29 11:03:40,2,4,2,老师很可爱，上课互动很多，老师的口语很好听，给分那是浓浓师生情～～～点赞送我上去，让老师和更多的同学看见！
55901,1457,方富民,2017-07-03 06:34:36,0,2,2,均绩3.8均绩3.8
56386,1457,方富民,2017-07-03 15:27:23,3,4,1,非常非常好的老师！各种词汇表达信手拈来，教学耐心负责，为人亲切平和，赞！
57919,1457,方富民,2017-07-17 21:22:34,2,3,1,棒棒棒
59000,1457,方富民,2017-09-19 05:09:10,3,4,1,真有意思
59307,1457,方富民,2017-09-20 16:44:56,1,4,3,希望能刷到9.99分
59343,1457,方富民,2018-01-20 13:58:14,15,17,2,词汇拓展非常丰富。课件做的非常精美。也注重训练同学们的口语、写作。课堂内容很丰富，收获很大。papa也超级nice。这么好，不选就是你的错了?
59359,1457,方富民,2017-09-21 03:59:29,4,5,1,为方爸打call
59450,1457,方富民,2017-09-21 12:31:26,1,3,2,为方爸疯狂打call！
59587,1457,方富民,2017-09-24 07:29:53,5,5,0,托福阅读，课前放一集生活大爆炸。每堂课都是以词根为基础的单词大轰炸，很过瘾很酸爽！单词书要求每天背一个list，当堂中译英，对课外的学习时间有一定要求，但是真正的一门有付出就有回报的好课。
59601,1457,方富民,2017-09-24 14:49:46,1,2,1,方爸好棒\n\n
61956,1457,方富民,2017-11-22 02:31:55,1,4,3,很棒的老师，能记住所有学生的名字，课程结束后还与我们互动，还有恭喜Fang Pa拿永平奖教金了！
62431,1457,方富民,2017-11-25 07:53:01,16,17,1,我给其他老师打九分是因为他九分水平，我给方pa打十分是因为满分十分。
62590,1457,方富民,2017-11-26 05:18:05,7,8,1,超级棒啊啊啊啊啊\n\n英语水平好高半分钟码出一片生词被碾压\n\n人也超级耐斯，暖心男神
64365,1457,方富民,2017-12-23 03:05:12,4,5,1,绝对风趣又幽默，上课能让你不想错过他说的每一句话，大家看评分就知道了吧！强力推荐！！！
64419,1457,方富民,2017-12-23 11:38:23,16,19,3,快到学期末了真的很舍不得方pa 每节课都听得很开心 下课了也不会发现 老师很幽默  事情真的少 感觉别人都在写千字观后感我们都不需要 如果老师有开大英五我也会冒着超难的课程内容去选的！！几乎想要再选一次大英四了TAT
64476,1457,方富民,2018-01-20 14:07:15,7,9,2,表白富民男神，男神人超级好~\n\n不考托福的小学渣表示被老师第一节课说的内容一点都不水吓到，本来想退课然而被系统刷掉的室友们虎视眈眈看着愣是没敢退，每周五个list背到感觉辅修了个英语。\n\n然而现在我看到阅读题里面的单词都认识了！认识了！你能理解学渣看到题目里单词认识你你也认识它的感受么？高兴得快飞起啊~\n\n
64550,1457,方富民,2017-12-25 06:32:41,2,3,1,托福阅读学过了还想再去上课，满满地干货，方pa 人巨好！
65728,1457,方富民,2018-01-08 14:39:17,-3,3,6,听老师的课是一种怎样的体验?
66021,1457,方富民,2018-01-11 03:33:34,5,8,3,方pa超棒，给人家的感觉。虽然我一直被其他同学碾压，但是我在大英四课上学到了很多。
66406,1457,方富民,2018-01-16 05:19:35,9,9,0,方pa我爱你
67239,1457,方富民,2018-01-20 13:44:56,2,3,1,给方pa打call！
67240,1457,方富民,2018-01-20 13:45:19,0,2,2,男神老师方pa上课幽默活泼 词汇海洋有点。。。 关心同学 炒鸡棒
67242,1457,方富民,2018-01-20 13:46:26,0,1,1,超级好的老师，课堂非常有趣
67243,1457,方富民,2018-01-20 13:48:08,6,9,3,方老师上课讲的挺好的，词汇量有点大，建议非英语学霸先学大英3，我自己学得不太好也是因为自己太懒了，老师给分挺厚道的，我上课没怎么发言绩点也还可以，谢谢方pa。
67244,1457,方富民,2018-01-20 13:53:15,3,4,1,超级棒！！！
67246,1457,方富民,2018-01-20 13:57:16,3,5,2,感觉自己走了大运才预置到了方pa的大英课，老师超棒超棒超棒啊\n\n
67247,1457,方富民,2018-01-20 14:00:42,-1,1,2,炒鸡棒
67248,1457,方富民,2018-01-20 14:01:54,0,2,2,方pa超级幽默的！上课很有趣，还会带我们一起玩(ฅ>ω<*ฅ)元旦还有小礼物，超暖心
67249,1457,方富民,2018-03-08 14:00:01,6,7,1,目前见过的最优秀的老师，讲课好给分好，各种展示可能比较多但是都很有趣，寓教于乐的最佳典范。但是上课会猝不及防吃到狗粮，宠妻狂魔没错了。
67252,1457,方富民,2018-01-20 14:06:43,5,6,1,方pa课堂超有趣✧*｡٩(ˊωˋ*)و✧*｡虽然课上没怎么发言过，但是感觉真的学到了好多！！虽然因为懒没怎么认真对待过各种听写、quiz、考试，但最后的绩点竟然还可以（远远超过了预估的）。BTW，方pa真的很关心学生的，圣诞有红包，元旦有小礼物！！
67253,1457,方富民,2018-01-20 14:08:37,0,1,1,超级好啊方pa！能预置上方pa的大英四真感觉自己满满的欧气！
67256,1457,方富民,2018-01-20 14:11:17,2,3,1,上方pa的课觉得不好好学习都对不起方pa，给方pa打call～
67258,1457,方富民,2018-01-20 14:15:35,6,7,1,方pa真的是很不错的，课很有趣。对学生也很友善，可以得到全方位的提升。不过，学渣不要上来就选大英四，方pa的词汇量超乎你的想象。自己水平不高，但是拿到这个成绩也算满足了。PS：方pa还是个绝对的好男人哦，好男人就是他，他就是wuli方pa。
67266,1457,方富民,2018-01-20 14:27:01,0,1,1,方pa人真的超级好而且词汇量丰富到爆炸\n\n小组活动会比较多\n\n然后给分真的很好\n\n然后私下还会鼓励我发言\n\n（虽然即使这样我也并没有积极发言..\n\n总之爱他！
67273,1457,方富民,2018-01-20 14:42:48,0,2,2,感谢方pa，给我面对接下来考试的信心
67290,1457,方富民,2018-01-20 15:09:53,2,3,1,方pa真的很棒很棒！！超幸运能预置到他的大英4！上课特别特别有意思词汇量超丰富能学到很多东西，课堂氛围很棒让人想去参与，虽然我英语很辣鸡随时受到大佬碾压但每个人发言方pa都特别有耐心的！最后方pa给分对我而言真的已经很棒了！想念每次大英课前的生活大爆炸～感恩方pa！笔芯！！希望下次能选上方pa的托福阅读！
67296,1457,方富民,2018-01-20 15:25:51,0,2,2,非常有趣！给方Pa打call\n\n方趴上课很有趣有游戏还能学到很多\n\n真的，能选上方Pa的课是很幸运的
67299,1457,方富民,2018-01-20 15:42:18,4,6,2,方pa人真的超nice，很幽默，给分也好！上课经常会玩游戏啊，特别有趣！基本上第一节课后就能记住每个同学，很认真负责的老师。上课词汇量的确是比较大，会从一个词引申到很多单词（虽然我从来没背过）。真的是大学里见过最好的老师了！没上过方pa的课真的是一种遗憾了！方pa就是超棒呀！
67324,1457,方富民,2018-01-20 23:37:19,4,5,1,方pa真的超厉害超厉害，上课气氛超好，也能带给我们很多词汇、短语、巨型等的扩展(当然能不能记下来能记下来多少就是自己的事了)。大英本身就是一门需要平时下功夫的课，除了正常学习需求外，方pa的课可以说是事情很少了。方pa人超级好，正常的请假基本只需要说一声，不因为你英语水平的高低差别对待，期末还有小零食嘿嘿，反正就各种好啦。给分也很好，当然我没达到均绩的确是因为我平时花在大英上的时间太少，很感谢方pa手下留情了...现在想来之前自己态度不够端正没有好好学大英真是超对不起方pa，超想以后再认认真真地上一门方pa的课。
68645,1457,方富民,2018-01-23 14:11:55,-2,1,3,真的很棒 知识渊博
68700,1457,方富民,2018-01-23 15:42:41,5,7,2,昨晚刚看完托福阅读，今晚就出分。嗯过来评分，必须10分～～！背一本王玉梅词汇书，每周听写，还有每周25道作业题。方pa人超好，这是肯定的了～课程难度确实有的，毕竟词汇不背下来寸步难行啊。考试难度有的，但如果你背过那本单词书的单词都记住了，绝对没问题。最后也就是均绩的水平吧，不敢问卷面成绩……最后，疯狂为方pa打call！
68839,1457,方富民,2018-01-24 03:13:19,3,5,2,托福阅读 老师超级棒！一个学期下来背了不少单词词根词缀，做阅读的速度也快了很多，就像老师说的，不上课了也要继续坚持背单词~
70692,1457,方富民,2018-01-27 11:51:19,0,3,3,词汇爆炸！超棒的老师
71345,1457,方富民,2018-01-28 21:20:57,7,7,0,为方pa疯狂打call！水平最高的英语老师，课上的非常生动有趣，同学们无论水平高低都能参与，还给我们发糖发水果，给分也好，简直完美啊！然而再怎么样也选不上方pa十一比一的托福阅读了。。。桑心( ﾉД`)
73081,1457,方富民,2018-02-01 01:40:17,4,5,1,老师的课堂非常高效，让我学会了很多东西，最重要的是让我第一次背完了托福词汇书，没有背到abandon就放弃(*￣3￣)╭♡
74785,1457,方富民,2018-03-06 01:49:34,0,6,6,看什么差评？感觉选
76133,1457,方富民,2018-03-27 12:46:47,1,3,2,非常好
76172,1457,方富民,2018-03-28 08:22:44,1,3,2,每节课前都有一集生活大爆炸，上课很有趣，给分很好
77759,1457,方富民,2018-05-07 15:00:54,3,4,1,我就不懂了 怎么能有这么认真负责的老师啊！！！！！
78212,1457,方富民,2018-05-10 04:14:06,4,4,0,从隔壁数院李老师的评论偷来的评价：如沐春风！\n\n太贴切了！
79956,1457,方富民,2018-06-16 12:40:47,2,4,2,课讲的好？不重要，男神？不重要，幽默负责？不重要。你知道嘛!!大家去年疯传十八岁的时候，方爸一张他的十八岁让全班女生彻底在石榴裙下? ?
80333,1457,方富民,2018-06-25 07:23:15,3,4,1,话不多说 和方pa是校友 反手就是一个十分
80771,1457,方富民,2018-06-30 15:36:52,5,6,1,呜呜呜我这辈子吹方pa真的太好了哭了大英三的时候天天水大英四每次都超认真！！还有托福阅读！！虽然同时上托福阅读和大英四有1..窒息但老师真的超棒！！！绝对不可以错过的一个老师啊！！！！\n\n
81643,1457,方富民,2018-07-05 16:05:01,-1,1,2,超幽默
81664,1457,方富民,2018-07-05 21:44:52,5,6,1,虽然绩点没上学期高，但是因为这学期不能调分了，墙裂推荐Fangpa，真的学到了很多(大英三虽然绩点高，但真的没学到什么)，老师很关心我们，偶尔上课也会开车～
81687,1457,方富民,2018-07-06 01:56:10,12,13,1,惊为天人的词汇输出量，真正的好英语教师
81889,1457,方富民,2018-07-06 12:11:33,7,10,3,哇 老师简直太太太好了\n\n大英四 给分超级好 听说全班得分都不错\n\n经常上课会讲很多很实用的高级句型\n\n也会鼓励我们多讲多表达自己\n\n真的是很nice的老师了\n\n还会在群里发红包 而且红包巨大\n\n所以再次向大家安利可爱的方pa!
81974,1457,方富民,2018-07-06 16:32:48,1,3,2,方老师人特别好，真的特别好
82009,1457,方富民,2018-07-06 23:58:47,7,8,1,方pa人超好不解释！！上他的大英课是一种享受啊！经常会延伸一些超有意思的视频还有ppt。这才是我心中真正的大学英语课啊！虽然期末感觉听力考崩了但是绩点出乎意料的好，真的像做梦一样啊！！！
82714,1457,方富民,2018-07-09 04:10:33,3,5,2,方pa超棒的，会卖萌，会发红包，重点是，教的超好
83686,1457,方富民,2018-07-11 03:55:17,3,4,1,托福阅读干货非常多
87281,1457,方富民,2018-09-26 12:54:30,8,9,1,我上了fangpa的大英3，4，托福阅读。大英比较轻松，分数很好。上课已经是大学课程里算轻松的了。托福阅读比较硬(大概是我比较菜)。总之非常宽松非常博学，我保了！
89536,1457,方富民,2018-11-20 08:32:10,38,40,2,我抢了11元
89539,1457,方富民,2018-11-19 12:29:50,10,10,0,我一共抢了10元的红包
89583,1457,方富民,2018-11-20 00:59:30,9,10,1,疯狂打 call！上完了托福阅读甚至有点怀念每周五个list。太爱方PA了，这世上怎么会有这么好这么好的老师啊。不用多说了要落泪了。哪怕上完了也还想一直蹭课蹭课。老师词汇量真的很大啊，人又超级超级超级温暖超级幽默。托福阅读还是挺硬的，但是上完感觉自己英语境界都不一样了！
89753,1457,方富民,2018-11-20 15:04:58,6,6,0,好好好
91056,1457,方富民,2018-11-29 09:08:30,4,6,2,好好好
92807,1457,方富民,2019-01-04 14:12:34,1,3,2,爱死方爸，这学期没选到方爸的课很伤心，方爸上课幽默还可以学到很多东西，英语毕竟还要靠自己努力，学不好英语不能怪老师
93234,1457,方富民,2019-01-08 07:54:54,5,6,1,太享受
94430,1457,方富民,2019-01-16 12:18:44,2,5,3,强烈推荐方pa的课！人超级好就不多说了，托福阅读干货满满，每周5个list背下来，感觉阅读境界确实不一样了！（虽然感觉烤糊了但是不后悔！）
94608,1457,方富民,2019-01-17 11:15:05,1,6,5,……期末口语考试，刚说了一句就被方老师以审题不清为由而打断，之后就没给我完整发言的机会，结果比同组同学低3分……
94911,1457,方富民,2019-01-18 12:47:10,10,10,0,方pa男神！
94916,1457,方富民,2019-01-18 12:51:09,11,12,1,方pa牛逼！！！！！\n\n
94920,1457,方富民,2019-01-18 12:52:50,4,6,2,郑总牛逼——！
94926,1457,方富民,2019-01-18 13:02:37,4,5,1,词汇超丰富
95001,1457,方富民,2019-01-18 14:38:55,2,5,3,55555555我爱方爸
95058,1457,方富民,2019-01-18 15:47:08,3,3,0,老师超级好，上课很有趣，给分还超级好
95067,1457,方富民,2019-01-18 16:01:47,2,4,2,很棒   一个冬学期下来收获了很多
95076,1457,方富民,2019-01-18 16:26:08,3,3,0,半夜来给老师评分。老师真的太好了！讲得也好，人也幽默，还很负责，对学生真的超级好。而且讲的课对要考托福的朋友们来说实在太有用了！强推！！！最后绩点意外地高，真的感谢方pa
95122,1457,方富民,2019-01-19 00:33:46,1,3,2,刚刚出成绩！感谢方pa拯救我的死亡绩点！\n\n方pa人很好 课堂气氛很活跃  并且自己也会跟我们开一些小玩笑2333\n\n如果好好学的话能学到的东西很多（然而我并没有很认真的背知识点qaq）\n\n这学期感觉上课太水对方pa很愧疚 但是还是想上他的托福阅读qaq
95159,1457,方富民,2019-01-19 02:27:46,4,5,1,感到被碾压^o^\n\n一节课学到的东西是高中一节课的三倍。\n\n老师人超好，hhh。\n\n幸运大一第一学期就遇上这么好的老师！
95405,1457,方富民,2019-01-19 10:39:18,8,10,2,大英座位固定不会有人旷课的叭。而且方爸的课真的舍不得旷啊( ｰ̀εｰ́ )超级温柔和蔼，脸上一直有微笑，讲课也很好，知识渊博，专业素养过硬，给了我大学第一个满绩（全靠大英拉均绩(ಥ_ಥ)），反正选到他就是赚到啦！！！大二继续选方爸的托福阅读！
95448,1457,方富民,2019-01-19 12:02:01,6,7,1,老师是真的强，移动的牛津字典，人也很好，非常温和
96094,1457,方富民,2019-01-20 12:44:44,3,5,2,分比我预期的低一丢丢，显得努不努力感觉差距不是特别大，但方pa人超好的也超厉害的！
97215,1457,方富民,2019-01-22 00:37:03,5,5,0,上了方pa的大嘤三H \n\n真的是收获非常大的英语课，在能够讲清知识点的同时又不显得枯燥无味，非常有趣。\n\n喜欢老师上课前放的TBBT，老师自己的词汇量也非常丰富 水平高超 我吹爆！
97221,1457,方富民,2019-01-22 00:43:56,0,3,3,托福阅读收获太大了给分也很好 遇到过的最好的英语老师之一
97230,1457,方富民,2019-01-22 00:52:35,0,3,3,10分 不解释\n\n选不上方pa的课就不上英语了?
97502,1457,方富民,2019-01-22 09:32:32,0,2,2,方pa超棒！群里日常发大红包！托福阅读会督促你背单词，给分高干货多
98467,1457,方富民,2019-01-23 13:12:44,18,18,0,不应该讲我被绩杀了，而实在是自己太菜有没有好好努力。托福阅读干活很多，上课体验很好，冬学期甚至课余刷了生活大爆炸好几季。方pa教书好，关心多，群里红包就发了不少，学到的不仅仅是知识，更是一种思维和态度，很好。不过英语实力一般的真的建议慎选，一周五个list不是开玩笑的，你要有足够的毅力和时间往上砸，无论如何，十分，谢谢老师！
104566,1457,方富民,2019-03-23 16:53:38,-5,5,10,大英口试有毒。。。
105676,1457,方富民,2019-04-18 08:38:36,-23,8,31,事情很多\n\n一般般
106424,1457,方富民,2019-04-27 09:09:31,5,6,1,很开心喲
109421,1457,方富民,2019-06-14 06:44:51,6,8,2,我就想问一句为什么满分只有10分！\n\n大爱方pa啊啊啊啊啊啊啊
110218,1457,方富民,2019-06-24 15:00:56,1,3,2,呜呜呜呜我永远喜欢方富民老师
110540,1457,方富民,2019-06-27 10:25:29,4,6,2,老师超超超×1000个好，选上他的课，你做梦都可以笑啦
110554,1457,方富民,2019-06-27 12:19:30,6,7,1,太感人了? 方pa不要太好！课上干货多也很有趣，是我上过最有兴致听讲的英语课了。
110562,1457,方富民,2019-06-27 13:17:02,10,11,1,杰夫杰夫我爱你！\n\n就像老鼠爱大米！
110598,1457,方富民,2019-06-27 15:01:52,4,8,4,能感受到方pa平时分给得很厚道了呜呜呜感谢（虽然大英主要还是靠自己考的吧…
110633,1457,方富民,2019-06-28 00:09:48,7,7,0,方pa的课有一种让你放下手机的魔力，不仅是语言学习，也锻炼了思辨和批判的能力，关键是给分还好！真的是神仙老师了！
111019,1457,方富民,2019-06-29 06:59:24,5,6,1,方pa大爱啊！！！一个学期非常开心上课非常有趣甚至不忍玩手机，为学生提供了全方位的英语教学，打开了今后英语深入学习的大门！
111023,1457,方富民,2019-06-29 07:45:36,2,2,0,很享受
111081,1457,方富民,2019-06-29 13:29:51,-14,7,21,教的超棒！但是给分一般般…
111406,1457,方富民,2019-07-01 08:20:42,2,4,2,调分力度是肉眼可见的
111407,1457,方富民,2019-07-01 08:23:00,1,2,1,爱死了
113265,1457,方富民,2019-07-06 03:16:44,3,4,1,真的谢谢方pa，学到了很多!!平时不上课的话自己真的很懒不想背单词，背完这学期感觉自己英语进步了挺多，虽然阅读还是不理想，但是方pa鼓励了我很多！！
113796,1457,方富民,2019-07-07 14:59:47,0,1,1,感谢老师调分~
116672,1457,方富民,2019-09-13 01:07:40,4,4,0,为什么没有100分？
117746,1457,方富民,2019-09-30 06:54:47,0,2,2,棒棒棒
118676,1457,方富民,2019-10-30 11:51:57,2,2,0,托福阅读很累 不过是自己太菜
118875,1457,方富民,2019-11-07 09:11:54,0,2,2,太棒了！
119042,1457,方富民,2019-11-10 02:06:11,-20,5,25,托福阅读，花了很多时间但是还是菜。上课是比较平淡没意思的那种，可能上托福阅读会跟大英课氛围体验不一样吧。
119102,1457,方富民,2019-11-10 10:10:54,0,2,2,英语水平如火箭般上升，累但却快乐，六级一定要上600，
119708,1457,方富民,2019-11-15 03:02:03,0,2,2,托福阅读 讲的好干货多 每节课都有作业和听写 都是实打实增长能力的 这次没有调分 喜提大英绩点
119890,1457,方富民,2019-11-16 17:41:17,1,5,4,托福阅读真的很难 周四上午真的很困 但能感觉到方pa一直很用心 甚至关注到了每一位同学（自以为不被发现的小透明哭了）平时分给的很厚道 即使我上课日常犯困+偶尔玩手机.绝对绝对的好老师
120518,1457,方富民,2020-01-12 01:52:25,2,4,2,方pa太好了！！！
120562,1457,方富民,2020-01-13 00:57:01,-1,3,4,本来不用修大英，但是修了一学期方pa的大英绝对血赚，讲课很好，偶尔撒狗粮，经常发红包，超级贴心
123451,1457,方富民,2020-06-09 03:50:53,3,4,1,Fantastic.
123518,1457,方富民,2020-06-09 10:02:17,20,23,3,要开始新一学期的选课了。忽然有了即将结课的实感。很不舍……不知道自己是提前预支了多少人品才能选上方pa的课。上课前看过查老师的评价，内心期望已经很高了，但是方Pa的课堂真的满足了我的这种高期待。上课满满的干货（和我的大英三老师形成极其鲜明的对比），妙趣横生的课堂，经常在群里发红包，每次口语和写作的作业都会耐心而且细致地回复每一位同学并提出修改的建议……总之就是，感恩！
123642,1457,方富民,2020-06-11 06:03:26,3,5,2,方pa太好了，呜呜呜，舍不得老师，可惜这个学期都是线上上课，不能见到本人，真的太好了，学到了很多东西，老师很有水平，喜欢老师越来越好
123659,1457,方富民,2020-06-11 07:54:19,1,2,1,完美！
125074,1457,方富民,2020-08-27 12:16:29,-45,9,54,不错的老师，可是说话有点娘，听了有点麻
125146,1457,方富民,2020-09-02 08:03:24,3,3,0,方pa真的好~
127063,1457,方富民,2020-11-04 15:31:05,4,4,0,没别的，希望明天考试能过！！！！！！！！！！
129535,1457,方富民,2021-01-07 02:36:10,1,3,2,棒哒哒，不接受反驳，遇到过的最好的英语老师
130543,1457,方富民,2021-01-23 14:27:40,1,4,3,课堂互动很多，上课风趣
130544,1457,方富民,2021-01-23 14:29:02,2,3,1,吹爆方老师，讲的非常好，而且能力还强，偶尔还有小福利哈哈
130555,1457,方富民,2021-01-23 15:12:40,0,3,3,吹爆老师！！！负责任有耐心风趣幽默
130828,1457,方富民,2021-01-25 01:12:44,8,11,3,从初中开始没真正学过英语的人，一直以来都在为了备考而功利地学习英语，然而上完方老师的课，我在真的很多年之后第一次觉得学习英语是一件趣味横生的事情。方老师的课，你值得。
130833,1457,方富民,2021-01-25 02:08:55,5,5,0,针不戳的老师
130977,1457,方富民,2021-01-25 12:41:37,2,3,1,不多说，方老师的课真的非常好，让我第一次喜欢上英语课，给分也超级好！
131620,1457,方富民,2021-01-28 07:56:54,2,4,2,好好好好好！
132439,1457,方富民,2021-02-01 15:20:50,4,5,1,好！太好了！
133379,1457,方富民,2021-02-26 11:29:41,5,6,1,hao!!kuai chong
136460,1457,方富民,2021-06-18 07:03:33,7,7,0,老师很好，很厉害～英语一般的快跑啊……班上的人大部分都是大佬并且有的都考过托福了，像我这种菜菜就坐等被正态吧！（托福阅读）
136710,1457,方富民,2021-06-23 08:43:28,27,29,2,天不生方pa，浙大英语万古如长夜
137514,1457,方富民,2021-07-04 16:34:03,3,5,2,方pa，yyds！！！\n\n老师好得没话说，知识渊博，幽默有趣，给分超好！选就完事儿啦！！
137610,1457,方富民,2021-07-05 09:37:00,5,6,1,优秀到无话可说👍
137619,1457,方富民,2021-07-05 10:10:52,2,4,2,真的太好了，救我大英于水火。上课还不是一般的有趣
137672,1457,方富民,2021-07-05 14:21:57,3,3,0,方富民我男神好吧
138236,1457,方富民,2021-07-08 06:11:47,1,4,3,呜呜呜，方pa，救我英语的超级男神
138883,1457,方富民,2021-07-11 13:45:42,3,5,2,托福阅读确实蛮hard，但是真的能学到很多，方pa帮助我熬过了英语学习的一个抵触期，并且让我意识到努力真的会有收获（不过我所做的也就是上课认真听讲，下课认真背单词，课后认真做了作业而已）
139138,1457,方富民,2021-07-13 03:55:08,-7,0,7,啊啊啊
139139,1457,方富民,2021-07-13 03:55:08,-6,1,7,啊啊啊
139333,1457,方富民,2021-07-14 11:07:37,0,2,2,上课认真融入课堂，下课认真做练习准备听写，期末好好准备各种题型，高分并不是遥不可及
139851,1457,方富民,2021-08-02 03:18:52,0,3,3,就是很好！！！
140396,1457,方富民,2021-09-10 12:59:11,4,4,0,呜呜呜，浙大应该多一些这样的老师，人超好，善解人意，课堂氛围永远是快乐的
140571,1457,方富民,2021-09-14 02:38:33,4,5,1,三桂呢
140689,1457,方富民,2021-09-15 06:16:29,2,3,1,很好的老师！上课负责、干货满满~给分也不错
141258,1457,方富民,2021-09-27 14:19:04,0,1,1,yyds
141342,1457,方富民,2021-09-30 05:11:58,2,5,3,呜呜老师人也太好了 低血糖请了一节课假老师还发来消息关心(๑•́ωก̀๑)
141824,1457,方富民,2021-10-27 04:45:41,3,5,2,很喜欢方Sir的课\n\n每次都不想下课\n\n想一直上下去\n\n每周最期待上课的那天了
142099,1457,方富民,2021-11-05 16:06:24,1,3,2,so nice so sweet 方pa我爱你
142612,1457,方富民,2021-11-14 13:06:55,4,5,1,好喜欢方pa！！！
142614,1457,方富民,2021-11-14 13:19:28,1,4,3,托福阅读干货很多，对托福考试帮助很大
142615,1457,方富民,2021-11-14 13:29:53,8,9,1,天呐 世界上为什么会有 人好 教得好 还给分好的老师！！！托福阅读出成绩的那刻感觉这与单词苦苦挣扎的半个学期都值了！！！\n\n大英四和托福阅读都是他教的 只可惜没有别的课好上了ww
143090,1457,方富民,2021-11-19 01:40:10,3,4,1,方老师太好了，托福阅读事情确实很多，但对英语很有帮助。
143918,1457,方富民,2021-12-12 13:12:10,6,8,2,听了方老师的讲座，直接路转粉。
146903,1457,方富民,2022-01-08 03:29:10,5,6,1,老师真的真的真的非常非常非常好！！！！上课互动很亲切，非常鼓励人！！！！有困难都可以和他说，群里经常发红包，我真的生怕你们不知道方pa的好，给分也很好！！！！！
147100,1457,方富民,2022-01-08 16:44:03,7,9,2,救命！救命🆘神仙老师我好爱！托福阅读其实事情也不算很多，就是每周一次听写一场限时作业，没有小测，期末考试会比较简单。老师上课很有趣，是我可以三节连着听下来不走神的那种。如果你高中英语好的话那强推，除了背背单词写写作业不需要投入其他时间，期末考试吃老本就够了，给分不会低的！
147493,1457,方富民,2022-01-10 05:33:12,0,2,2,方pa真的好好，上课认真，温柔又细致，给分也超好qwq-方爸我的超人！！！
147495,1457,方富民,2022-01-10 05:36:05,2,4,2,方pa 我的超人！
148335,1457,方富民,2022-01-12 07:08:18,1,5,4,老师真的很好！但大英四除了认真背单词之外，上课还是需要一定口语基础的\n\n另外：大英四有作业！！！几乎每个周都会布置！！有时候是minutespeech有时候是作文，也不多就是了
148936,1457,方富民,2022-01-14 03:55:37,-1,2,3,特别好的老师，刷到十分
154143,1457,方富民,2022-05-24 12:20:20,2,4,2,我的神～
154419,1457,方富民,2022-06-01 06:41:52,3,4,1,六一红包呜呜爱了爱了
154867,1457,方富民,2022-06-06 09:21:59,0,1,1,爱爱爱
155330,1457,方富民,2022-06-11 03:32:04,0,2,2,人格魅力爆炸
155345,1457,方富民,2022-06-11 08:14:05,1,2,1,不给满分怎么对的起方pa呢!真的后悔遇见他这么晚!相信我梦想中的英语课就是这样的!呜呜呜呜
155367,1457,方富民,2022-06-11 15:24:47,0,3,3,方Pa将枯燥的大英四变得灵动而有趣。选方Pa，就是你的赚到。
155612,1457,方富民,2022-06-14 15:39:57,3,5,2,要查分了好紧张呜呜呜呜方pa真的好老师 希望可以得到满意成绩TAT
155765,1457,方富民,2022-06-15 17:23:32,4,5,1,专业实习请假，方pa说口头就行，不需要再额外开请假单；\n\n基本上每节课都会有听力训练和talk，也有精心准备的小组游戏等活动，另外还可以学到词根记忆法；俺两年没学英语了，能清晰感觉到自己水平在慢慢提升₍ᐢ⸝⸝› ̫ ‹⸝⸝ᐢ₎\n\n会记住我们的名字、给我们每份作业写评语和纠正、反馈作文；\n\n“和太太初恋一直走到现在”；用无奈的语气跟我说“plz speak chinese”；\n\n在大英（H）我又青春了一回，也见识到了好多；\n\n喜欢方pa！！
155766,1457,方富民,2022-06-15 17:36:30,1,3,2,方pa俺滴神！！！
155825,1457,方富民,2022-06-16 07:02:55,19,20,1,我英语不好，高中的时候就不好，全靠应试的疯狂刷题，才勉勉强强考过高考，上学期上的普通大英三，我学的还是很认真，但是只有3.3的绩点，很受打击。这学期上了h后，更感觉到了自己和别人的差距。我坐在最靠后的位置，摆烂的黄金位置，其实学着学着自己也放弃了，每次大英课就是水过去的心态。\n\n但是没想到方pa有一天下课时候单独和我聊了一下，我从来不发言什么的他居然都知道我的名字，把我感动坏了。\n\n当时已经接近期末了，于是我决定后面要认真学完。之前每次英语考试都没准备，期末考试前按着方pa的要求认真复习了一遍。\n\n最后拿到了4.2，已经远超我的预期了，很开心\n\n谢谢你，方pa！
156072,1457,方富民,2022-06-17 10:52:29,5,6,1,不要害怕大英课的授课模式和难以拿分的成绩结构，抬头看看老师的名字，这位老师会让冰冷的成绩都变得温柔呢
156544,1457,方富民,2022-06-20 08:26:52,3,4,1,谢谢方pa，让我对自己的英语重拾信心呜呜！
156940,1457,方富民,2022-06-21 11:27:36,1,2,1,最好的老师
156941,1457,方富民,2022-06-21 11:27:36,0,1,1,最好的老师
161418,1457,方富民,2022-11-07 01:04:44,4,5,1,本来想在课上摆烂，结果fang pa讲的真的让我不想摆(≧∇≦)/
161875,1457,方富民,2022-11-14 16:12:56,2,3,1,好就一个字，我只说一次。人生中上过的最舒服的英语相关课程！
162016,1457,方富民,2022-11-16 04:05:54,0,1,1,托福阅读真的好难。
162312,1457,方富民,2022-11-20 05:20:47,4,5,1,不多说，10分\n\n作为班主任，我们举办各种活动叫一声老师总会来参与；托福阅读单词平时认真背了，但考试感觉状态很差读不进去，最后分算挺满意了吧。
162371,1457,方富民,2022-11-21 06:06:00,0,2,2,方pa太好了，后悔没有一开始就选他的课
163443,1457,方富民,2022-12-14 10:18:37,2,2,0,方Pa永远滴神!!!我爱您!!!
163804,1457,方富民,2022-12-16 06:56:00,3,5,2,负责我英语写作竞赛的老师，改作文超厉害水平一流，不枉我写那么多篇。修改用词都特别到位，记得他很喜欢teeming with这个词组hhh
163814,1457,方富民,2022-12-16 07:22:41,-1,2,3,方pa!大爱方pa!!!
163881,1457,方富民,2022-12-16 10:50:50,2,3,1,方pa男神！！！
163990,1457,方富民,2022-12-17 06:30:01,4,4,0,世界上最好的英语老师！
164229,1457,方富民,2022-12-19 12:35:15,11,13,2,呼应楼下，写作比赛指导老师+1  🤪\n\n方pa真的有化腐朽为神奇的能力，而且不管我感觉自己写得多烂，老师都不会泼冷水\n\n以及方pa的词汇量很巨大hhhhhh 很喜欢把“an indispensable part”改成“part and parcel”，我写了十几次他也改了十几次😂\n\n总之 方pa很负责很有耐心 😭
169720,1457,方富民,2023-02-27 13:44:51,0,3,3,想说的太多了 10分奉上
170728,1457,方富民,2023-03-08 15:31:37,14,17,3,方pa的托福阅读信息密度极大，平时也很辛苦，但是好爽啊！犹如跑步大汗淋漓后猛灌的冷饮，凛冽寒冬后暖日的春游，令人醍醐！
171174,1457,方富民,2023-03-17 10:14:39,5,6,1,上课真的非常有趣，不只是在传授知识，还让我们学会热爱生活！
173157,1457,方富民,2023-05-14 14:14:10,1,3,2,托福阅读 课很硬 每次都要听写 词汇量要求很大\n\n方pa人超级好 可以冲 必须冲
173173,1457,方富民,2023-05-15 02:20:13,2,5,3,在浙大遇到的最好的英语老师，没有之一，付出了很多时间精力，也学到很多，最后94有点点遗憾，但是这门课真的很棒，推荐大家选
173178,1457,方富民,2023-05-15 03:15:27,1,4,3,方pa！！！！！（海豚音）
174376,1457,方富民,2023-06-11 07:32:09,5,6,1,托福阅读，对于我这样的英语菜鸡可能有点难了。虽然我的分不太好，但课确实是好课，可以明显提升自己的英语水平，总体来说还是打10分。
175058,1457,方富民,2023-06-21 10:01:33,7,8,1,Make every day Great!
175109,1457,方富民,2023-06-21 13:53:51,3,3,0,选到方老师的大英四课真是此生莫大的荣幸，上课收获满满还感觉很畅快。老师的知识点干货很多，词汇量和记忆力惊人，衍生词、高级替换词汇张口就来。老师还会对六级考试和期末考试进行考前辅导，还会帮学生修改展示ppt和英语作文，他真的，我哭死。上他的课无形中会发现自己英语水平得到很大提高，不知不觉冲向前列。还有精彩的课堂展示、有趣的盲盒游戏、丰富的奖品。。。。。。此生无憾遇Fang Pa！
175136,1457,方富民,2023-06-22 00:35:26,0,4,4,没话说，10分！\n\n给分高，拓展多，讲课风趣，学问渊博。\n\n非竺院同学也可以选荣誉课，不用担心跟不上！\n\n只可惜我课后摸鱼期末听力炸裂对不起方pa，但他还是把我狠狠地捞了！\n\n方pa yyds！
175139,1457,方富民,2023-06-22 01:22:38,10,11,1,方pa他给的实在是太多了😭😭😭
175143,1457,方富民,2023-06-22 01:36:46,2,6,4,方pa讲课真的巨好，虽然很多课堂小听力让我有时惶恐，但老师真的很负责，考前整理复习资料 还有各种题型训练，虽然最后大英4只有4.2，但还是很感谢方pa啦٩(๑^o^๑)۶
175647,1457,方富民,2023-06-26 04:24:17,3,4,1,选上方老师你就偷着乐吧😍😍
176389,1457,方富民,2023-06-28 16:11:22,2,3,1,大英四，真的很感谢方pa，从高中开始我就对英语不怎么感兴趣，高考也没有考好英语，大英三要不是老师捞，我是真的会挂。但是自从上了方pa的课，我的英语学习逐渐变得轻松，听力也渐渐好起来了，期末虽然没有非常好，但是相较于大英三真的进步非常大了，谢谢方pa！
176455,1457,方富民,2023-06-29 03:12:23,2,4,2,我非常喜欢方pa\n\n他居然认识我这也太不可思议了
177143,1457,方富民,2023-07-02 01:45:08,3,4,1,超棒！
182528,1457,方富民,2023-11-17 06:22:05,4,5,1,方pa素我继续学英语的动力👀🙋
182915,1457,方富民,2023-11-21 05:31:58,9,12,3,托福阅读是一门很硬的课程，1.5学分任务量和难度远超大英。如果你之前没有背过托福词汇、课业任务量重、英语基础一般，那么请慎选，因为每周课下你可能会和我一样需要花6-8小时背单词+写作业，远超大物，微积分等等大课。如果你已经确定好要上这门课，那么恭喜你，你将在整个zju最好的英语老师的课堂中收获:大量词汇、背单词技巧、阅读技巧、熟悉托福阅读题型、欢声笑语的课堂...方pa人很好，课堂知识异常丰富，纵使过程是煎熬的，折磨的，但是你坚持下来一定会有很好的结果，不仅仅是绩点(本人大英四3.0，托福阅读4.8)，更是学习英语的热情，背单词的习惯...
183026,1457,方富民,2023-11-21 14:49:37,1,3,2,方pa yyds！
184098,1457,方富民,2023-12-08 18:13:26,0,2,2,方pa我爱你
184140,1457,方富民,2023-12-11 02:56:32,2,2,0,我抢了6块+5块
184580,1457,方富民,2023-12-22 01:34:04,0,1,1,方pa yyds
184623,1457,方富民,2023-12-22 03:44:35,0,2,2,方pa！！（尖叫）
184794,1457,方富民,2023-12-27 01:10:58,1,2,1,大英四H非竺可桢的同学也可以放心选！可以覆盖大英课程的！绝对的满分！老师非常有趣且专业，知识量很丰富，会让你知道各种奇怪的单词，并且从词源角度帮你记单词！口语非常地道，对练习听力很有帮助。考试前会发很多复习资料，很负责。而且做pre会在不同程度上得到夸夸！
185187,1457,方富民,2023-12-27 03:40:01,0,2,2,上fangpa的课是一种享受
185223,1457,方富民,2023-12-27 07:02:39,-2,1,3,超级好，大爱！！！
185277,1457,方富民,2023-12-27 13:12:51,0,0,0,爱死方老师了
185775,1457,方富民,2024-01-04 08:35:34,10,10,0,秋学期上的托福阅读，如果你英语能力强，对英语感兴趣，来；如果你英语能力不太强，但有认真背单词、做阅读的时间和意愿，来；如果你既对英语没有兴趣，课业压力又比较大，不推荐。早就听闻这门课的任务量非常大，但还是硬着头皮学了。虽然是短学期的课，但任务量确实比较大，八周更比十六周强，每周都要花1小时左右完成课后作业和花n小时背5个list的单词，而且每节课前还要听写。但是，这门课的干货十分多！方pa会在课上讲很多背单词、做阅读的技巧（感觉方pa的词汇量好大，疯狂输出单词量的样子真的很令人羡慕），更重要的是，这门课可以逼迫你不断挑战自己的极限，去尝试以前没有考虑过的事，学完后真的是十分有满足感！只要好好学，一定会有高绩点！方pa人也很好，我以前没有上过他的课，但上过几次课之后，他居然能过叫出我的名字，十分诧异与惊喜。
186095,1457,方富民,2024-01-08 09:17:36,5,7,2,方pa！！！！！超级超级好的老师，很爱！！！！！！！！！（悄咪咪，真的没有人觉得他像莱纳德吗
186115,1457,方富民,2024-01-08 13:43:23,1,2,1,大英4h 方pa真的温柔！你会收获不同程度的夸夸，非常暖心的提醒，大考小考之前的鼓励小红包，以及...猝不及防的关爱哈哈哈。内容很充实，会涉及很多词根词源的讲解，大概每周会有一次课大半部分用来做听力训练，难度有点但是收获了很多有趣的知识和肉眼可见的听力水平的提升！总而言之就是，方pa专业水平绝对不用说，还会很贴心地记住每个人的名字！quiz给分非常不错，明天期末考啦，希望顺利！
186267,1457,方富民,2024-01-10 09:12:36,3,4,1,太好辣，大爱方老师。
186309,1457,方富民,2024-01-10 12:37:52,0,2,2,10分
186317,1457,方富民,2024-01-10 13:29:23,-1,2,3,上课补充的内容很多，讲单词很有意思，听力扩展材料丰富，课前还会放tbbt，考前会发小红包，分还好😭😭😭我用什么来报答你我的方pa😭😭😭
186963,1457,方富民,2024-01-14 02:56:28,2,3,1,方pa赛高！最后把平均分水平的我捞到了4.5
187107,1457,方富民,2024-01-14 13:19:16,2,3,1,神中神
189030,1457,方富民,2024-01-21 10:06:10,1,2,1,方pa人超好
190199,1457,方富民,2024-02-25 08:50:33,1,2,1,不选方pa课的人有难了
190542,1457,方富民,2024-03-07 15:30:03,0,3,3,我永远爱方pa
190941,1457,方富民,2024-03-25 05:30:36,2,3,1,超爱
191294,1457,方富民,2024-04-17 01:03:42,3,3,0,方pa的大英四真的超级好，上课内容很有趣，很好的强化了我们的听说水平，而且平时除了好好背单词之外基本上没有什么要求，给分也特别好
193909,1457,方富民,2024-06-20 14:02:59,2,3,1,无可挑剔，perfect!
194054,1457,方富民,2024-06-21 16:16:29,4,5,1,世界上最好的英语老师
194058,1457,方富民,2024-06-21 18:02:31,0,3,3,方pa人巨巨巨巨巨好！考四六级和期末还会发小红包！给分也很好！！！大英直接无脑选他！课上能学到很多东西！
194068,1457,方富民,2024-06-21 23:40:36,3,4,1,你可以永远相信方pa！
194082,1457,方富民,2024-06-22 02:14:55,0,2,2,永远的神，永远的神啊！！！TT
194912,1457,方富民,2024-06-26 02:18:09,5,6,1,托福阅读，虽然课程压力确实不小，但是对于真心想提升英语水平（尤其是扩充词汇量）且基础还算可以的同学来说是一门值得一上的好课。
195522,1457,方富民,2024-06-28 14:25:15,1,1,0,早日收敛到10
197404,1457,方富民,2024-07-13 04:21:39,1,1,0,和善温柔给分好\n\n无敌了
197827,1457,方富民,2024-08-15 13:10:14,3,3,0,姐妹们，这个我是真的喜欢
198274,1457,方富民,2024-09-06 04:30:30,-2,0,2,000
198608,1457,方富民,2024-09-10 07:53:18,3,3,0,你现在称呼他为方老师，上过他的课后就要称呼他为方pa～了
198610,1457,方富民,2024-09-10 08:12:07,0,0,0,这辈子上过最好的课
199622,1457,方富民,2024-09-26 10:34:48,3,4,1,很有趣的英语课
201433,1457,方富民,2024-11-02 16:15:00,29,30,1,"""Make everyday count.""——每节课的结语\n\n""Give every day the chance to become the most beautiful day of your life.""——期末考试结语"
202438,1457,方富民,2024-11-12 17:23:53,1,2,1,特别好的老师 讲课很有水平\n\n托福阅读还以为要挂结果分竟然不错（泪目
202458,1457,方富民,2024-11-13 00:14:04,7,9,2,托福阅读 5.0 非常好的英语老师 非常博学 词汇量嘎嘎涨 就是每节课任务量不小 比如如果你没能make every day count你就得一天速通50页单词了（笑）
202549,1457,方富民,2024-11-13 05:41:03,0,1,1,永远爱方pa！！！
202652,1457,方富民,2024-11-13 15:26:56,2,3,1,托福阅读上课真的很用心，水平也很高。不过每次课后背500个单词确实压力有点大。
203122,1457,方富民,2024-11-17 05:19:52,0,2,2,方pa真的劳模！讲课超丝滑，一直笑眯眯的
203499,1457,方富民,2024-11-20 01:17:32,3,4,1,生活大爆炸好看
204390,1457,方富民,2024-11-25 14:43:15,-1,1,2,4.2飘过~
205040,1457,方富民,2024-11-30 07:33:35,1,1,0,超级好的老师，上课超级有趣，给分也不错
205304,1457,方富民,2024-12-04 06:45:37,1,2,1,像父亲一样亲切的人
205932,1457,方富民,2024-12-13 01:04:36,0,2,2,老师太幽默啦
206028,1457,方富民,2024-12-13 03:32:18,0,1,1,确实是好老师
206758,1457,方富民,2024-12-17 11:41:49,0,1,1,方pa是神！！！
207033,1457,方富民,2024-12-19 04:30:45,2,3,1,大爱方pa！！！托福阅读给分超好啊啊啊本来以为几次作业和听写做的都不是很好，没想到最后竟然满了TT 试卷最后一题题干还是祝同学们有光明的未来，看到的时候超感动！！
208135,1457,方富民,2024-12-26 01:34:07,2,2,0,非常好老师，大家快来选
208276,1457,方富民,2024-12-26 12:46:10,0,0,0,宇宙无敌世界最强的中国英语老师，上了他的课你就会明白一个真正教育工作者该是什么样，人格魅力和专业水平都是顶尖，10分没有一分是水分，10分是方pa应得的
208891,1457,方富民,2025-01-03 07:03:40,3,3,0,上课上得很开心
209038,1457,方富民,2025-01-04 09:15:32,0,2,2,大爱方pa
209169,1457,方富民,2025-01-05 01:43:42,0,1,1,拯救我英语的神！！！！
209238,1457,方富民,2025-01-05 06:59:38,0,1,1,方pa！yyds！！！
210105,1457,方富民,2025-01-08 07:07:33,1,2,1,性格超级好超级儒雅的英语老师😭知识渊博词汇量爆棚上课还有点小幽默～都来上方pa的课！！！神！！！
210329,1457,方富民,2025-01-09 02:23:33,1,3,2,地表最强英语老师！
210356,1457,方富民,2025-01-09 03:36:57,0,1,1,yyds!直接选，不要犹豫
211480,1457,方富民,2025-01-11 14:59:33,1,1,0,神中神 男神方pa 早日收敛到10
211968,1457,方富民,2025-01-13 03:01:43,1,2,1,体验过了外院某些老师的作风后愈发感受到方pa的伟大，珍惜这样的好老师吧
212568,1457,方富民,2025-01-14 08:08:59,2,2,0,大爱方pa！无脑冲就完事了！！！
213469,1457,方富民,2025-01-17 14:03:37,0,3,3,冲就完了
214417,1457,方富民,2025-02-02 15:00:55,0,0,0,555
217562,1457,方富民,2025-04-13 07:24:19,0,0,0,上了方pa的大英四H之后又选了老师的托福阅读，方pa真是太太太好了！！各个方面都是如此完美……学到了特别特别多的东西，老师给分也是一顶一的好，上了方pa的课之后都不愿意选别的老师的英语课了TT 好想继续上老师的课……
217768,1457,方富民,2025-04-16 07:19:35,0,0,0,帅就完了，无需多言
218043,1457,方富民,2025-04-19 14:26:36,0,0,0,天神下凡！
218901,1457,方富民,2025-05-12 08:22:43,3,3,0,知识渊博，讲解生动，没想到英语课可以上的这么精彩，词汇和知识无痛入脑
219045,1457,方富民,2025-05-20 01:57:48,0,0,0,无敌了
219245,1457,方富民,2025-05-23 10:20:19,0,0,0,大英四还没期末忍不住先来评分啦，方老师真的超级超级好！！！讲课很好玩，人也超级好，特别可爱哈哈哈哈哈
219532,1457,方富民,2025-05-29 09:06:09,3,3,0,虽然没有机会上老师的课，但是大英口试是方老师打分。简直太好太和蔼了我哭死！！一直笑眯眯的，口试结结巴巴说不上的词老师还会帮忙补上，还说给我们选简单的题目，全程一直和我们有互动，还祝我们期末考顺利TT超级好老师
220082,1457,方富民,2025-06-14 18:09:41,4,4,0,我常常因为自己不够用功而感到愧对于方pa的热情和关照……
220154,1457,方富民,2025-06-15 15:34:14,2,2,0,真正的无敌，给分，课程，人格魅力都是仙品\n\n捞人能力比你真实水平高出一档
220172,1457,方富民,2025-06-16 03:50:16,3,3,0,方pa真的超级无敌好！教学水平绝对是超级高的！我口语特别烂但是方pa会照顾到然后鼓励，超级超级温暖！感觉到了方pa在尽力让我们得到满意的分数！看见方pa就无脑选吧！！！
220590,1457,方富民,2025-06-18 16:38:37,2,2,0,伟大，无需多言
221179,1457,方富民,2025-06-21 22:39:21,1,1,0,方pa是绝对的yyds！
221835,1457,方富民,2025-06-26 15:40:13,0,0,0,方pa人超好，讲课很细致，
40,1480,傅政,2015-03-14 15:30:37,8,32,24,傅老师上课很认真讲的很到位，听她的课受益匪浅。但是给分就.....
159,1480,傅政,2015-03-14 16:15:32,5,13,8,老师上课很用心 人也很好。课堂形式可以创新
606,1480,傅政,2015-03-15 06:47:26,13,21,8,能学到很多东西，不过想拿到高分还是需要很大努力才行
1222,1480,傅政,2015-03-21 16:45:56,1,20,19,英语发音特别差。machine活生生变成了摸肾
4824,1480,傅政,2015-06-29 08:46:45,18,27,9,很厉害的老师，也很负责～不过感觉对于课程任务的要求偏高了点有点费时间精力（英国历史文化和经典文献选读）……
5570,1480,傅政,2015-07-08 09:59:45,-3,15,18,蛮棒的老师讲课用心很照顾学生绩点还不错棒棒的一门通识（英国历史文化那个）
7934,1480,傅政,2015-09-16 07:13:49,12,22,10,有点无聊...而且那么多推荐书籍根本看不完 但挺负责的
8694,1480,傅政,2015-09-24 06:48:39,9,20,11,讲课有点杂乱，找不到重点，任务多到爆炸。
8904,1480,傅政,2015-09-30 07:03:16,13,30,17,呵呵哒
8910,1480,傅政,2015-09-30 07:23:51,3,19,16,中英文口音都可怕
9304,1480,傅政,2015-10-21 02:08:24,14,18,4,很负责
9319,1480,傅政,2015-10-21 07:31:03,-1,6,7,非常不喜欢
9853,1480,傅政,2015-11-11 07:24:39,0,5,5,真的醉了
10104,1480,傅政,2015-11-16 07:34:00,1,3,2,她一般打几分啊
12003,1480,傅政,2016-01-06 09:11:22,-4,6,10,很无聊事情很多，自己对古文就不是很了解了还强讲
12427,1480,傅政,2015-12-23 08:53:35,12,24,12,英国历史文化与经典文化选读，：期中一次开卷主观题，期末一次随堂闭卷考，期间一次小组展示，最后的重点是2000words的大论文（大二）或读书报告（大一）。
12926,1480,傅政,2015-12-24 10:35:34,6,14,8,任务和要求太多
14125,1480,傅政,2016-01-04 15:52:13,-4,6,10,从来没见过事情这么多的人 也是倒霉
14168,1480,傅政,2016-01-05 06:27:55,3,6,3,内容很充实（英国历史文化），作业任务确实有点烦，毕竟是2.5学分的通识课
14188,1480,傅政,2016-01-05 08:07:29,2,6,4,妥妥地跪了
15938,1480,傅政,2016-01-16 16:07:03,17,21,4,很好很好的老师 认真 自己知识渊博 乐于分享\n\n
19977,1480,傅政,2016-02-02 15:59:52,7,13,6,讲的很多 也很负责 但通识课英国历史与文化给分极低 事情还非常多 如果比较看重绩点的话 还是不推荐选这个
20715,1480,傅政,2016-01-30 07:04:23,-2,7,9,呵呵，出分慢到不能忍，这种就是不负责任的表现
20783,1480,傅政,2016-02-01 02:16:20,-3,7,10,没见过这么不负责任的老师，连组长是谁都不知道。
20793,1480,傅政,2016-02-01 09:11:04,-2,5,7,半个多月了，成绩呢？
20851,1480,傅政,2016-02-02 07:33:47,-6,8,14,草，这货有毒
20865,1480,傅政,2016-02-02 16:33:41,-1,7,8,为了让听无聊的内容，强行收课堂笔记，点名实行连坐制度，任务多到飞起，实在是煞费苦心
20867,1480,傅政,2016-02-02 17:20:21,0,6,6,无语\n\n
20905,1480,傅政,2016-02-03 11:30:15,2,7,5,累死累活就算了 付出没有得到应有的收获 呵呵
20949,1480,傅政,2016-02-05 03:43:03,7,11,4,很负责任的一个老师，虽然我分很低。。。
23392,1480,傅政,2016-06-26 07:16:12,4,11,7,没有上过综英6不要轻易评价okay？
23425,1480,傅政,2017-12-28 10:23:27,-10,7,17,老师，我是远程教育的一名学生，现在论文环节，下午说定题没通过，改了N遍，请教了多位英语老师，改后发您消息了，以最后一条为准吧，希望及时得到您回复，担心12点前不能和您互动。万分感谢！沈珞13506692777
25441,1480,傅政,2016-05-19 07:34:55,38,48,10,上的傅老师的综英，她在课本外给我们发了许多阅读材料，干货很多，真的能够提升我们的英文文学素养。很好的老师
31224,1480,傅政,2016-07-03 12:04:30,4,6,2,挺好的，挺负责的~
32151,1480,傅政,2016-07-05 23:16:11,-1,8,9,最棒的英语老师！
32397,1480,傅政,2016-07-06 12:54:14,-2,6,8,没学到什么东西，整的特别累，老师给分不好，本学期最低绩点，综英出来均绩降了0.2，不想说了…
32428,1480,傅政,2016-07-06 16:42:16,-1,5,6,为什么没有0分。一学期上12课，上课照着读，最后分还那么低。
32430,1480,傅政,2016-07-06 17:58:49,-1,5,6,是不是全班80分老师会比较开心。
32446,1480,傅政,2016-07-07 01:46:27,-3,6,9,综英6得了这学期最低绩点。平时任务超级多，每周都有，结果她自己批改不完了…损人不利己～课上很能讲 但感觉学不到什么，上综英千万别选她(如果可以的话)
33625,1480,傅政,2016-11-18 06:30:31,5,7,2,讲得真的不错，任务也没有评论说的那么多
35222,1480,傅政,2016-11-06 14:41:48,17,21,4,我觉得真的很好啊，我是上过以后来评价的，之前看她分数那么低本来觉得很那啥。。但是上个以后真的觉得她很认真负责，课余有什么问题也会很认真的解答。至于给分我觉得。。。你不好好怪老师咯
39745,1480,傅政,2016-12-27 08:40:08,-4,4,8,不好呵呵
41142,1480,傅政,2017-01-09 12:23:13,13,18,5,老师让我重拾了对英语的兴趣。那些啾啾喳喳来学英语的为什么要抱怨真正的干货！
47156,1480,傅政,2017-01-24 06:21:59,6,9,3,很认真负责的老师 但是任务真的太重了 而且为什么老觉得小语种的学生英语都好到不行读原著都没问题？到现在分都还没出来……
47219,1480,傅政,2017-01-24 14:47:48,-3,5,8,为什么没有零分
47227,1480,傅政,2017-01-24 15:42:10,0,4,4,通识课当作通核阶梯制打分一言不合就3.5，外院这种人人均绩4+的环境真的心累。上课一半的时间都在推荐阅读材料
47228,1480,傅政,2017-01-24 18:39:44,5,8,3,说实话，老师感觉能负责任。但是要求有点太高了啊，几天几夜完成的论文，最后也就那样。让人过意不去啊！
47229,1480,傅政,2017-01-24 19:29:32,19,23,4,上的是综英三，老师非常负责，涵养也相当好，无论怎样都笑眉笑眼很温柔【感觉没怎么认真听课还挺对不起老师的】。平时作业略多，不过没有到做不完的程度。给分我觉得也算很不错啦，我平时作文分数也一般，quiz一塌糊涂，期末考也觉得挺虚的，所以拿了88还是意料之外的。总之老师人很好，比较不水吧~
47247,1480,傅政,2017-01-25 01:52:04,2,4,2,把大类当专业课教...事多要求高...只能说分还凑合?
47339,1480,傅政,2017-01-25 10:37:11,9,11,2,蛮好的老师，很敬业很认真。课程事情确实不少，但是在赶ddl的过程中却莫名觉得其实这些作业还蛮有意义的。\n\n总之，很喜欢老师！
47443,1480,傅政,2017-01-26 11:14:58,13,16,3,老师太牛逼，学生太垃圾\n\n
47683,1480,傅政,2017-02-17 10:24:19,4,6,2,老师总是笑眯眯的人非常好，对待课程很负责，事情挺多的但是做的作业都对学生很有帮助，给分的话老师要求比较高，就算是她全班表扬的作文一般也就91 92，所以得分不会很高，但是自己认真学习的话3.9 4.2还是能拿到的
47792,1480,傅政,2017-02-25 02:44:59,3,4,1,受益匪浅
47863,1480,傅政,2017-02-26 13:19:50,-2,3,5,外译：老师超级有学者风范，上课也是蛮有意思的。就是需要读的东西太多，期末补小组报告心很累。给分不算好，勉强可以接受。
57199,1480,傅政,2017-07-06 04:23:37,2,3,1,很厉害的老师。
57208,1480,傅政,2018-06-13 08:05:04,11,17,6,【综英】上课时会认真纠正同学的发音，儿童节发饼干，平时居然还给我们拍了照存下来期末给我们看，推荐的读物很多，作文帮我们一个个批改打分。老师记忆生词的办法，终身学英语的态度，对小词的仔细把握，都让我受益匪浅。平时好好跟，绩点也不错。觉得老师的评分偏低了点，恩，我给1000分
57411,1480,傅政,2017-07-07 10:45:28,-3,1,4,英国历史文化85，被卡绩点了55555.....
58106,1480,傅政,2017-07-31 06:50:16,3,6,3,非常认真负责的老师，人也很好
58781,1480,傅政,2017-09-17 11:32:18,6,10,4,感觉老师挺认真负责的，虽然水平有限。我对老师的要求不是很高，认真负责就够了，这学期又选了她的课。?
59095,1480,傅政,2017-09-19 12:09:48,9,11,2,老师讲课真的不错啊为什么评分这么低
60582,1480,傅政,2017-10-24 10:59:11,4,6,2,很负责
64585,1480,傅政,2017-12-25 10:57:16,8,10,2,上课特意带来了英国的小吃和茶让同学品尝，很好
65401,1480,傅政,2018-01-03 15:20:34,5,7,2,老师对学生非常耐心，有求必应，认真负责，结课了依然关心学生，更不用说学期中了！
68180,1480,傅政,2018-01-22 16:37:37,15,17,2,给老师打十分！！老师非常认真负责，为了准备这门课在英国的时候拍了很多照片和视频，英国历史文献（是专业模块）上得特别开心，干货非常多，阅读材料都是推荐也不是强制性，最后的考试和英专的其他文学史考试相比真的好准备多了，在课堂上讲到下午茶的时候还给我们带了茶和小点心！平时还会关心我们上晚课有没有吃晚饭，老师真的太可爱了，还没有考试，无论这门成绩怎样，老师严谨负责的态度真的是我见过的最好的大学老师之一。可能想水的人不喜欢这种风格，那就不要选好了（摊手），想学知识的强推～
72954,1480,傅政,2018-01-31 12:16:21,2,6,4,睡倒一大片
72977,1480,傅政,2018-01-31 13:15:02,3,6,3,外译，傅老师很有学识很有研究，准备了非常丰富的课堂内容，资料塞满了公邮，觉得自己虽然没怎么听课（是我的问题55）但也收获了很多，觉得这个课对英专和翻译还是挺有用的
72986,1480,傅政,2018-01-31 13:25:31,3,5,2,上了老师辅修班的课 人比较少没必要点名…老师很耐心很负责 不知道同样的课英语专业班怎么上 不好评价老师的上课方式 但老师人好 和蔼是真的！
72989,1480,傅政,2018-01-31 13:30:43,-6,4,10,事多分少。外译名著精读，最无法忍受的是乱七八糟的公邮和课堂ppt。扪心自问，这门课上没少下功夫，结果成绩一出，均绩直降0.1。自行体会吧。（微笑
72994,1480,傅政,2018-01-31 14:10:20,4,5,1,老师真的超级负责任，很善良的老师！！！
73038,1480,傅政,2018-01-31 16:58:55,3,4,1,上学期上了傅老师的综英课，觉得老师对英语语言美很敏感的。这学期上的外译导读，果然没选错～跟着老师接触了不少汉学译者学者，课堂上详略得当。老师抛砖引玉，同学们的展示也很用心！
75361,1480,傅政,2018-03-09 08:20:04,2,3,1,非常认真负责的老师
76083,1480,傅政,2018-03-26 11:28:18,4,6,2,老师耐心负责，补充很多知识，做了很多资料发给学生。对学生很关心，很鼓励学生。结课以后依然帮助学生，如朋友一般。一帮浙大学渣学不好就说老师不好，真是让人气愤！学渣就学渣了，不要做人渣！
78899,1480,傅政,2018-05-16 10:32:39,0,1,1,老师是好老师，只是有点神经大条？？
79751,1480,傅政,2018-06-13 08:33:12,0,1,1,真的干货多多～非常喜欢 任务不多 全靠自觉！
83649,1480,傅政,2018-07-11 02:18:04,1,2,1,超级可爱的老师！强推！
84034,1480,傅政,2018-07-12 01:28:25,0,2,2,不错的老师
84044,1480,傅政,2018-07-12 02:27:17,0,2,2,老师其实挺好的，懂的也挺多，评分5点多感觉有点低，还可以再高点，最后想说我又卡绩了唉！
84408,1480,傅政,2018-07-12 19:27:21,0,2,2,英国历史文化·资料很丰富 古代史部分讲的真的超赞！老师要求也很高（尤其论文格式）认真对待每一项任务分数不会低哒
84551,1480,傅政,2018-07-13 07:17:11,-2,3,5,傅老师炒鸡好啊，我不是外院的，有外院学姐推荐了这门课，说是可以学到很多东西，确实是这样子的！！！\n\n老师超级认真，会准备很多资料。看到前几条评价也不要慌，老师知道大家没法全部看完，并不强制要求大家都读完～\n\n事情是挺多的，但毕竟2.5 学分嘛，然后给分还不错，我是选上才知道这是外院选修课，但是和外院学生同台竞技绩点也还ok吧，而且我小组的展示还挺差劲的，自以为要凉凉了，但是绩点居然还挺好\n\n总之这门课能学到超多东西，也不需要太担心绩点，推荐\n\n补充，这是英国历史文化
88267,1480,傅政,2018-10-25 07:41:58,3,4,1,只想说教外译中国名著精读这课还是需要一点中文功底的好吧。虽然不能要求太高，至少不要把字读错啊。。随便就能听到不对的读音也是醉
90080,1480,傅政,2018-11-22 05:30:28,6,6,0,外译课事情太多了！！！
90584,1480,傅政,2018-11-24 08:20:34,-4,0,4,好得很，虽然只上过一次课，但感觉老师好温暖啊
93496,1480,傅政,2019-01-10 05:23:30,9,10,1,还没出分，在上最后一节课，已经忍不住要来评了。冷静下来，给6分及格吧。老师认真，博学，这是优点。缺点是善变，标准不一，阴晴不定。例子打了一半字，又删了，生气
93512,1480,傅政,2019-01-10 06:48:14,6,6,0,你们一学期一门课能读四五本书吗？
93545,1480,傅政,2019-01-10 09:26:39,11,12,1,【外译】给个五分吧，首先老师的态度是要肯定的，上课认真负责，干货很多，公邮里塞满了东西。给低分第一个原因是事情太多，而且有些任务实际上就是用不同的形式重复同一件事情，没有意义。第二就是可能老师是英语专业的关系，对学生的英语有极大的要求，作为小语种的学生真的无法满足这样的要求。第三就是很多时候要求之类都讲不清楚，非常模糊。
96959,1480,傅政,2019-01-30 12:19:47,0,2,2,终于出分了 可以好好过年了
99415,1480,傅政,2019-01-24 19:20:14,5,10,5,评论区清一色舔狗，有几个提意见的还被踩，然而评分是诚实的。报了两门课。外译中体验极差，念ppt也算讲课？念好点也就算了，读错汉字和单词的情况也好多，我真的佛了。英国历史稍微好点，而且自称考的都是常识性内容…考完再决定要不要回来改成一分
99437,1480,傅政,2019-01-24 23:14:04,3,6,3,怎么多舔狗分却这么低心里没点数的吗
101075,1480,傅政,2019-01-27 12:15:30,0,1,1,出分好慢 好煎熬 还有她两门课 服了
102096,1480,傅政,2019-01-30 12:19:09,2,4,2,辅修选手，听了傅老师一学期的综英3，平时作业的确不少，基本每节课都有阅读材料，写了3-4次作文，外加一些cloze和2次课堂阅读训练，但英语水平真的有很大的提升!我期中完全考砸，期末感觉阅读也没发挥好，最后也有3.9，超感动惹!(ps傅妈还请我们喝下午茶，饼干挺好吃哒!)
102098,1480,傅政,2019-01-30 12:32:27,7,8,1,给分真的严啊！！！？？？！！！？？？？！！！！？？？？？！！！老师人好，课知识又复杂又乱又多，给分真严啊
102107,1480,傅政,2019-01-30 12:49:53,0,3,3,评分有些低了帮拉一下吧，人很好，给分一般
102853,1480,傅政,2019-02-24 08:14:45,-1,1,2,还好还好
102997,1480,傅政,2019-02-25 09:22:58,0,2,2,课外拓展很多，老师很温柔，批改作文细心
103090,1480,傅政,2019-02-26 02:45:16,-2,1,3,好好做，老师会看到你在这门课上做出的努力的
105254,1480,傅政,2019-04-08 12:04:05,-3,1,4,觉得挺不错啊
112671,1480,傅政,2019-07-05 00:08:10,0,2,2,一分耕耘一分收获，老师态度非常严谨，认真听课能学到不少
144971,1480,傅政,2021-12-26 06:35:45,-2,0,2,///
154618,1480,傅政,2022-06-02 12:48:44,-6,0,6,还可以
156268,1480,傅政,2022-06-18 15:18:50,15,15,0,挺好的，闭卷背几十万字英文罢了。
156274,1480,傅政,2022-06-18 15:41:16,8,8,0,考试恶心人，明明应该开卷的闭卷考，真牛，还能美其名曰常识，挺搞笑的。
156390,1480,傅政,2022-06-19 10:18:15,4,4,0,很无聊，很无聊，很无聊，没水平，不太行......
156391,1480,傅政,2022-06-19 10:18:50,6,6,0,考试闭卷真的很无语 两本那么厚的书英语专业背起来也很吃力 上课讲点有的没的，天天看她放她朋友的视频 听她喷美国。。。。。。以及英语水平在专业课老师中间真的不高
156411,1480,傅政,2022-06-19 12:46:59,5,5,0,对于考试重点只用两个字“常识”就打发了，因为整本书都是常识所以只要把十几万词的英文都背到能默写就不会挂啦～好贴心的老师 好高明的教育
158380,1480,傅政,2022-06-29 01:21:48,2,5,3,考试闭卷背几万字的内容，美其名曰只考常识，问一下是哪方面的常识，就甩脸子。一个学期要把英美两个国家，几百年的发展历史和社会各方面文化学完？！\n\n要是讲课好就算了，好歹也能学到点东西。然而，她的教学水平只能说很拉垮，英语发音也不行，教学就只会读ppt，要不就是放她和朋友录的视频。\n\n教的又不好，给分又差，同学有问题还不乐意解答，作业和考试要求模凌两可，真不知道这种老师怎么有资格来教书的。好好待在国外的孔子学院不行吗？
158502,1480,傅政,2022-06-30 00:44:29,5,6,1,这学期老师的《英美社会与文化》还有《中西文化交流史》我都上了。英美社会期末要背的内容实在太多了，就是平时就要把每一节课的内容都熟悉了，不然期末复习真的很痛苦。中西文化交流史就是期末的英语论文比较难搞。但是我真的还蛮喜欢老师的，因为老师阅历很丰富，听她分享她在各个国家的生活，在孔子学院的经验，我觉得也很有意思。
158813,1480,傅政,2022-07-02 11:44:56,11,11,0,英美社会文化，学得很痛苦。一方面课本跟写散文一样没有重点，一方面老师上课让小组展示然后再补充知识导致完全没有体系，老师的ppt水平也不敢恭维，长篇大论没有重点，满篇的字，排版也很乱，期末复习的时候几乎重做了一遍她的ppt......期末在闭卷且两厚本全英文课本的背景下，考查内容不明确，考查难度未说明，一问就着。给分狠求是，期末整理了近万字的总结，背了好久，八十多分。另外歪一下真的不理解这门课在一直开卷考的情况下为什么今年突然闭卷考啊，真的很不理解。
158876,1480,傅政,2022-07-03 03:17:44,13,14,1,老师上课有点不系统，口音成谜，用词有时候也不是很地道。准备期末考试的时候的确抓不住重点，因为老师只说考“常识”…但是最后的卷子的确挺“常识”的（不过填空题还是有几个空没填出来），个人认为比quiz简单多了。考quiz之前没看书没准备导致两次quiz班上分都很高而我只有40出头，觉得要凉了所以期末认真看了书，最后拿了4.2，可能不高，但是对我来说已经挺可以了。\n\n不过英美社会这门课上的确没学到什么东西，首先是因为教材垃圾，其次老师的讲法让人抓不住重点，忍不住想走神………能感觉到老师是准备了课程内容的，喷美国我也能理解，但是我很疑惑的一点是，明明课程叫“英美社会与文化”，为什么有90%的时间都在说英美的历史沿革、政治体制，直接跳过文学部分，media、festival就简单带过？（在美国部分倒是大讲特讲social movement）就我个人而言，我认为我在这门课上没有学到任何关于“英美社会与文化”的实质内容（政治、历史固然是fundamental，可是既然课程叫“社会与文化”，那么内容应该远不止于此吧）。
159077,1480,傅政,2022-07-05 18:06:21,3,3,0,非常非常棒的老师！！大学者的风范！！很耐心指导你的作业！！至于给分确实有些许迷
164632,1480,傅政,2022-12-22 10:15:28,0,0,0,没啥人听
170354,1480,傅政,2023-03-03 05:17:53,4,4,0,不多说了，大英3我跟我同学都是1.5
174864,1480,傅政,2023-06-19 06:19:44,4,4,0,傅老师前段时间去了澳洲的孔子学院，今年才刚回来，但是明年就退休了，所以其实写评价也不太能为学弟学妹们提供帮助了，主要是想小小改善一下老师的评分。真的是一位非常好的老师！会拓展很多内容（而不考），人也非常亲和温柔，希望老师退休快乐！
178000,1480,傅政,2023-07-06 06:01:29,6,6,0,上课知识点很多，内容丰富，总体来说有收获。给分实在是很难看…明明很认真地完成各项任务但绩杀
189607,1480,傅政,2024-01-25 19:18:45,3,4,1,老师人好但是给分太烂了吧😅😅😅所有作业任务pre论文都是认真写的，唯一一门下4的专业课，死都不该选的课😅😅😅
189658,1480,傅政,2024-01-26 10:53:16,5,5,0,老师人很好，给分很求是
4102,1515,高睿,2015-06-17 17:19:34,-10,3,13,急刹\n\n
7173,1515,高睿,2015-09-09 13:56:36,-7,8,15,大绩杀！！！！
13288,1515,高睿,2015-12-30 02:10:10,6,8,2,满满的干货！
13289,1515,高睿,2015-12-26 08:12:54,28,30,2,满满的干货，很值
13293,1515,高睿,2015-12-26 08:16:10,11,15,4,上课真的干货超级多。一学期下来感觉每堂课都有一些收获，这个时候给分已经不重要了，还想继续选高老师的课。
13317,1515,高睿,2015-12-26 14:47:58,7,7,0,可以可以
14166,1515,高睿,2016-01-05 06:26:22,22,25,3,给分不重要了！急刹我也愿意！气场强大！偶像！\n\n
15163,1515,高睿,2016-01-12 09:30:45,5,6,1,好老师，继续选
15181,1515,高睿,2016-01-19 00:58:47,14,15,1,明明不是绩杀！上课很幽默，气氛轻松，答错或答不出来也没关系。经常用二次元用语，还喜欢举哈利波特里的例子～
15444,1515,高睿,2016-01-14 11:51:27,9,11,2,女神！
15945,1515,高睿,2016-01-16 16:28:02,5,5,0,超棒！给分良心的！不是绩杀！！满满的干活！
16094,1515,高睿,2016-01-17 07:43:16,5,6,1,气场满满啊，感觉老师也是混二次元的，易俗很快，很幽默，上课干货多!而且不是绩杀!不是绩杀!不是绩杀!
16190,1515,高睿,2016-01-17 13:49:02,9,10,1,有气场，不为绩点而学
16227,1515,高睿,2016-01-17 14:02:58,6,6,0,虽然我分不高（可能是本身水平烂吧），但是还是要给赞，好课好老师
16768,1515,高睿,2016-01-19 02:41:42,4,4,0,上课超棒！！干货满满学到超多！一节课上下来都觉得太快舍不得下课啊TAT 虽然成绩一般但是确实是本身水平问题！给分也良心了！还想继续选！
20598,1515,高睿,2016-01-29 00:25:34,2,2,0,超喜欢她 能学到好多
21255,1515,高睿,2016-02-27 15:04:43,1,4,3,不是英语专业而且英语水平一般的人选各种口译会不会狗带……
22318,1515,高睿,2016-03-03 12:50:08,2,2,0,女神！
24864,1515,高睿,2016-05-04 05:45:47,2,2,0,高女神不要太帅好吗！！！上课干货满满收货超多！而且女神气场强段子随手就来啊太爱了 给分就是按水平
25414,1515,高睿,2016-05-17 14:58:14,7,7,0,会不会点名？高老师根本不用点名，因为她记住了所有同学的名字，一眼就能看穿一切(≧▽≦)这就是口译老师的超强记忆呀！\n\n干货超多！随手段子！简直女神！么么哒～\n\n英语口译——最不水的通识，最有趣的通识！
25792,1515,高睿,2016-06-08 11:11:28,2,2,0,高老师超可爱，一个活在二次元的少女，上课真的是满满的干货，一分钟都不想错过
26059,1515,高睿,2016-06-15 09:17:38,2,2,0,干货，能力强，女神，平时作业适量也有用。其实很萌啊，经常用一些萌萌的词语。在课上要求还蛮严格但是能提升学生的能力，不管最后得到的结果怎么样都觉得很好
27787,1515,高睿,2016-06-27 14:17:54,4,4,0,来上课吧，你绝不会后悔。
29866,1515,高睿,2016-06-30 12:15:05,0,1,1,老师口语很好听，技能满满，气场也很舒服，能学到很多东西。下学期继续上她的课！
35329,1515,高睿,2016-11-08 11:48:10,2,2,0,永远的女神大人！！！干货满满的课！虽然每次上课都在被虐，但是能学到很多东西！而且女神笑起来超好看！虽然只见到过一次…
42051,1515,高睿,2017-01-13 13:11:28,1,1,0,老师真的太棒！！上课幽默风趣 而且给分极好 以后就认准她的课上了~
42352,1515,高睿,2017-01-14 05:11:38,2,2,0,干货多…给分一般
42492,1515,高睿,2017-01-14 09:35:52,2,2,0,真好老师
44727,1515,高睿,2017-01-18 07:09:54,0,0,0,超厉害的老师…真的服气…气场强大…
45333,1515,高睿,2017-01-19 11:12:49,0,0,0,超级棒 不是绩杀
51291,1515,高睿,2017-05-27 17:25:37,4,4,0,真的很棒\n\n我就是来评个十分的\n\n求把老师拉上最佳
51456,1515,高睿,2017-06-06 01:33:09,0,0,0,干货多，好！
51754,1515,高睿,2017-06-09 04:14:47,0,0,0,不是翻译专业的学生这学期还是选了 不可怕 老师很好 有一种刀子嘴豆腐心的感觉哈哈哈 说话很幽默 给满分！
53134,1515,高睿,2017-06-26 03:48:23,0,0,0,能学到很多
53721,1515,高睿,2017-06-27 11:17:42,2,2,0,看到评论都在夸她就开心嘻嘻嘻\n\n给分全看个人学习表现和努力，真的是很好的老师啊
55320,1515,高睿,2017-07-01 09:08:33,8,8,0,外院少有的对学生没有偏见的老师了
55745,1515,高睿,2017-07-02 10:09:38,1,1,0,很好哈哈哈 虽然口译很难上课抽录音很刺激 最后给分还蛮好哈哈哈哈
66088,1515,高睿,2018-01-11 13:07:37,3,3,0,在浙大见过的最最最最最油菜花的女老师！虽然交传考的太渣全程语无伦次很担心自己的绩点但是还是要满分满分~~~
67122,1515,高睿,2018-01-20 09:55:43,1,2,1,女神，虽然最后期末笔试有点难，但是是自己没有积累老师上课拓展的内容，口译考的就是平时的知识面。
67430,1515,高睿,2018-01-21 07:41:51,1,1,0,人超级好！我基础不好，但是老师对我特别温柔和耐心，给分也良心！
74490,1515,高睿,2018-03-01 01:21:51,1,1,0,女神 无敌可爱又厉害 大学以来最有收获的一门课
81035,1515,高睿,2018-07-03 11:30:38,1,2,1,超级庆幸第一周忍住了没有退课，一学期来学到了太多，不仅是口译的技巧，更是处理重组信息的方法。老师也太可爱了吧！
82847,1515,高睿,2018-07-09 08:12:27,3,3,0,高睿老师超级女神！的确是压力很大，材料有点难，但是超级超级有用啊！上一学期课，翻译的时候越发不要脸了（并不是）。跟女神撒娇抱怨的时候，女神还会说，我觉得你们做得很好，才加大难度的啊！考的很难，但是给分还是很有师生情的。不是急刹，不是不是！
86658,1515,高睿,2018-09-18 01:22:18,1,1,0,好好好好好
92694,1515,高睿,2019-01-03 19:09:01,1,1,0,超级喜欢高老师！！
94143,1515,高睿,2019-01-15 09:36:26,1,1,0,还不错
96942,1515,高睿,2019-01-21 13:00:25,3,3,0,干货女神，冷笑话大王哈哈哈，不是急刹事也不多，酷酷的，上课氛围很好，有一两次走神被点到名翻译不出来都没有被骂，老师太好了！
99751,1515,高睿,2019-01-25 06:25:46,1,1,0,干货蛮多，但也是真的严格......
103306,1515,高睿,2019-02-27 07:55:12,-4,2,6,女神过于好听的British accent惯的我现在难以忍受托福阅读和托福口语老师的非英非美式发音…
103487,1515,高睿,2019-02-28 11:37:09,3,3,0,天呐太女神也太可爱了…太喜欢她的课了 不是她的预置但如果她又开课了的话 就算把自己的课表排的乱七八糟也愿意去选她的课 能学到东西一秒钟都不想放过  不是绩杀！！！
105041,1515,高睿,2019-04-03 01:30:44,3,3,0,一开始好难，但是后来会轻松一点，真的是女神老师！不在乎绩点了，能学到东西很满足了！十分十分
136618,1515,高睿,2021-06-22 03:28:50,9,9,0,心目中理想的口译老师，翻译系之光。想提升自己的话选就对了（想水选隔壁朱老师）
148787,1515,高睿,2022-01-13 13:43:26,3,4,1,很好的老师，非科班同学表示收获很大
155436,1515,高睿,2022-06-12 16:31:20,5,5,0,老师人很好很可爱，课程安排得很有条理、很有目的性，但老师要求挺高的，我每次上完老师的课都有自己好菜的感觉，但是是会有收获的，所以如果不是我们专业的同学想学点东西也可以选，我虽然选了老师会点名但是点名是因为老师会记住你的脸哈，所以一看就知道谁没来了
158614,1515,高睿,2022-06-30 17:22:39,5,5,0,真的是让我愿意一直跟着她学、愿意根本不在乎给分的好老师 人格魅力太强了 本精神外院人是她的迷妹呜呜呜呜呜
164844,1515,高睿,2022-12-27 00:56:47,3,3,0,好喜欢高睿老师，好幽默，好可爱。如此高水平的老师得每天看着我稀烂的口译译文还要鼓励我“不错啊”，我泪目。无所谓绩点了，为了高睿值得，真的锻炼了我的口译水平
165228,1515,高睿,2022-12-30 09:59:19,20,21,1,老师是怎么做到完美平衡社恐的性格与像脱口秀的课堂现场的😢\n\n上高老师的课不会有被push的不适。\n\n总感觉所有的事物，内向的性格也罢，说错了也罢，不会也罢，在老师那里都有了合理性。\n\n经常说完之后看见她笑笑地说“all right， good”，感觉自己真的很烂而老师真的很好。
165706,1515,高睿,2023-01-09 10:38:19,2,2,0,老师很可爱！只要认真点，得分不会差的
165712,1515,高睿,2023-01-09 11:10:45,3,3,0,高姐真的无话可说，条理清晰，偶尔俏皮，评价也很中肯，属实是我太菜了
165940,1515,高睿,2023-01-10 12:43:57,-29,4,33,真的非常喜欢高睿老师 非常爱 上完联络口译后对她顶礼膜拜简直 怎么会有人这么厉害什么都懂 而且很会鼓励人给分也很好 自我感觉联络口译期末没考好但还是有4.8
167562,1515,高睿,2023-01-17 10:21:39,5,5,0,老师人格魅力很强，搞笑女一枚，虽然自己太烂，联络口译拉了绩点55
184874,1515,高睿,2023-12-24 01:40:24,1,1,0,英语口译来的\n\n太爱高老师了 一个社恐讲脱口秀的感觉\n\n明明是英语课 却学到了很多很多不同科目的知识\n\n鼓励学生大胆开口 不管说的有多烂都会给出合理评价\n\n唯一一门不在意成绩也要跟着学的课😭
188466,1515,高睿,2024-01-19 04:44:00,1,1,0,非常有气场的老师，经常鼓励学生勇敢表达，最后4.2还算满意，感谢老师的付出！
188510,1515,高睿,2024-01-19 06:23:29,3,3,0,满满的干货，学到了很多东西，口译的话做也不算多上课很有意思，老师气场很强大最后给分也很好！
188927,1515,高睿,2024-01-20 16:17:52,0,1,1,美女老师永远满分！！因为大四比较忙，没怎么认真听过课，还经常出乌龙，但是老师真的很温柔！最后期末考试的时候自己空耳了，听成了琥珀里的女蚊子谋杀了男蚊子，然后老师也绷不住了我也绷不住了hhh，本来是没挂就是胜利，但是最后也有85分，谢谢老师！
209058,1515,高睿,2025-01-04 10:15:40,5,5,0,老师真的很好！喜欢高老师！大英三平时任务也不多，上课也很高效！
209282,1515,高睿,2025-01-05 10:18:45,0,0,0,老师讲得很好 风格风趣幽默 可惜下学期不能选高老师的课了 跪求这学期大英三分高一些
209438,1515,高睿,2025-01-06 03:03:15,0,0,0,只是出分慢了点，其他我只能说都是我太菜了，辜负了这么温柔且有能力的老师，希望绩点好些。。。
212456,1515,高睿,2025-01-14 04:42:12,0,0,0,老师我爱你
215561,1515,高睿,2025-02-28 07:45:37,3,3,0,上学期上的大英三，这学期很怀念。老师上课十分高效，注重练习听力和阅读，所以下课基本没有任务。上课也不会有那种杂七杂八的小组讨论啊卷发言啊之类的，对i人很友好很友好。最后给分也很不错！可惜这学期时间冲突没法选老师的课。
220966,1515,高睿,2025-06-20 13:24:36,0,0,0,极少的能让大英这种无聊课变得生动有趣的老师，讲课风格幽默，事少很为学生考虑
221702,1515,高睿,2025-06-25 10:25:36,0,0,0,大英三和大英四都是高睿老师，听高老师讲课就是一种享受，导致大英四还比大英三进步了，很棒很喜欢的老师！
16468,1530,孙艳萍,2016-01-18 07:00:19,26,39,13,给分极差
16470,1530,孙艳萍,2016-01-18 07:07:02,-1,2,3,
22879,1530,孙艳萍,2016-06-28 07:33:46,2,18,16,认真听很有干货，虽然你也可水，但是老师不是傻的谁认真谁水她都知道，一个班就这么点人，点几次名脸就都认识了。另外其实平时作业几个人合作写写report很快，期末考试范围都给你了你还想老师怎么样？
23110,1530,孙艳萍,2016-03-18 02:43:19,17,23,6,事情是真的多 真的麻烦
25822,1530,孙艳萍,2017-01-16 06:42:37,54,78,24,上这急刹的课上一次杀我一次
26844,1530,孙艳萍,2016-06-28 08:04:00,12,20,8,有干货，认真听收获挺大的，但是给分毫不手软，心好疼。。。
27497,1530,孙艳萍,2016-06-26 14:27:28,1,8,7,腊鸡腊鸡腊鸡
27507,1530,孙艳萍,2016-06-26 15:25:19,0,6,6,有干货但可水。\n\n绩点惨不忍睹。
27508,1530,孙艳萍,2016-06-28 17:16:32,13,20,7,一言难尽
27511,1530,孙艳萍,2016-06-26 15:53:43,1,13,12,辣鸡老师，毁我青春，真的是一门毁所有
27574,1530,孙艳萍,2016-06-27 04:15:25,3,10,7,讲道理，文学史课两周一篇essay不算多，因为不限字数而且三人合作，课有干货但很好水，只有第一节课上课提问，夏学期也取消点名了
29654,1530,孙艳萍,2016-06-30 06:44:46,2,11,9,讲课还可以的，作业有点点小麻烦比如还要我们做视频。。因为文学史这种东西本来就是主客观的结合，所以学生自己学得好不好是分数高低的一个理由，老师给分严不严格也是原因（毕竟有主观的大题）所以我建议不是必修的同学、能力不出众的不要选，课本身确实是有难度的。成绩好的可以来挑战一下自我【
41505,1530,孙艳萍,2017-01-12 05:28:58,-13,17,30,自己没好好学，就别怪老师。\n\n英国文学史4.8。一份付出一份回报。
42953,1530,孙艳萍,2017-01-15 13:16:56,-32,19,51,有干货呀，不懂为什么这么多差评，自己不认真怎么可以怪老师(▼皿▼#)专四每周一套卷子，老师会认真批改作文，跟着学习很有收获～期末考的不算好，不过4.8也知足了～
44643,1530,孙艳萍,2017-01-18 05:18:46,2,7,5,有干货，一分根耘一分收获，当然给分也是毫不手软的，不过喜欢这样的作风
47358,1530,孙艳萍,2017-01-25 11:39:41,2,6,4,老师上课事情很多，但是给分透明公道，不懂为什么评分这么低
47826,1530,孙艳萍,2017-02-26 01:30:58,0,4,4,挺好的，很干，不水
47940,1530,孙艳萍,2017-02-27 11:11:43,0,5,5,公道 负责
48020,1530,孙艳萍,2017-02-28 05:29:27,0,4,4,好老师啊，大赞
48025,1530,孙艳萍,2018-03-03 16:30:40,1,4,3,满满的都是干货
49511,1530,孙艳萍,2017-04-20 06:50:36,-2,3,5,水课，不公道，不负责
51180,1530,孙艳萍,2017-05-23 05:14:55,1,3,2,干货不水
51960,1530,孙艳萍,2017-06-14 03:01:11,16,29,13,底下那帮洗地的，祝你们和孙老师玩得开心～( ^ω^ )
52923,1530,孙艳萍,2017-06-23 13:55:52,3,4,1,感觉上课很无聊，一板一眼，而且考试内容很多给分很低……不是真的有兴趣或者不是大神类慎重
53600,1530,孙艳萍,2017-06-27 06:51:14,7,10,3,个人感觉语法课给分还行，每一块的分值划分得很细，期末只要卷面不低于50分，都能过。而且期末有30分的选择题都从平时做过的quiz里出，还挺良心的。教科书说是每周作业自己做，但也不检查。但看过做过的同学是一定会有收获的。
53850,1530,孙艳萍,2017-06-28 01:39:30,3,3,0,有干货，要求严
54198,1530,孙艳萍,2017-06-28 16:07:07,0,8,8,珍珠老师英国文学史比想像中给分好太多了 熟悉的朋友三四个满绩666 我自己的成绩也很满意了 爱艳萍
54352,1530,孙艳萍,2017-06-29 07:09:01,1,6,5,pearl老师hhhhh干货满满www人超好www今年英国文学史给分画风突转，身边一群4.5以上和满绩。感谢孙老师普度众生！！！
54987,1530,孙艳萍,2017-06-30 14:32:05,3,6,3,老师上课条理清晰 知识丰富 考试要求明确 只要努力 就有回报
55253,1530,孙艳萍,2017-07-01 05:54:53,0,2,2,突然给分好好，上课也不错啊，而且老师很温柔的啊
58144,1530,孙艳萍,2017-08-06 09:36:23,2,5,3,英国文学史，老师口音不错，知识也很广，感觉干货还是很多的，考试之前背诵得很辛苦，不过付出对应的回报看得见
66447,1530,孙艳萍,2018-01-16 13:35:32,3,5,2,啊本来上珍珠老师的课之前，听了很多不好的传闻，但其实老师人超好的！很负责！语法课练习很多，但也不查，全看自觉。文学史，最后看着老师给的范围整理背诵就好，虽然很多要背的，但在绩点还是有收获的，老师给分很温柔呢～
69865,1530,孙艳萍,2018-01-25 14:24:18,9,11,2,考试下午四点结束晚上十点出分 一共四个班 服了艳萍姐的效率了 希望外院其他老师可以学习一下
69907,1530,孙艳萍,2018-01-25 15:45:04,1,3,2,孙老师真的好好，虽然专四听力第一题就有四个没听到，但还是上了4，谢谢孙女神???
69927,1530,孙艳萍,2018-01-25 16:22:22,1,3,2,下午四点考完 晚上就出了 老师效率太高
74353,1530,孙艳萍,2018-02-13 13:14:09,1,2,1,英语语法给分很好，而且我意外地在一年后感受到这门课对GMATverbal部分的帮助
79477,1530,孙艳萍,2018-06-06 09:21:14,0,2,2,好老师，真的
80126,1530,孙艳萍,2018-06-20 08:54:38,-2,1,3,突然缩小了范围 开心
80844,1530,孙艳萍,2018-07-02 04:29:38,3,6,3,出分了，来写一下评价。老师真的是好老师，为数不多的能学到东西的专业课。每周事情也确实很多，能做到一直跟下来的人必然不会被?杀，但又有几个人能做到一直跟下来呢？我是做不到的。所以我?点很差。但是老师的确是好老师。外院能学到东西的老师太少了。身边有考的好的同学。也不是所有人都分低吧！老师人很好 能学到很多 但我有点没勇气选她下学期的课了 怕再凉一次
80845,1530,孙艳萍,2018-07-02 04:29:51,6,9,3,真绩杀
80846,1530,孙艳萍,2018-07-02 04:34:16,17,17,0,课不水 老师挺严的 还蛮急刹
80865,1530,孙艳萍,2018-07-02 05:40:08,19,22,3,给孙艳平老师打九分，\n\n给索金梅老师打一分。
80872,1530,孙艳萍,2018-07-02 06:52:21,10,16,6,可能是大学遇到的最负责，干货最多，给分最公正的老师了
80975,1530,孙艳萍,2018-07-03 06:40:59,2,8,6,在英语系待了两年 这是我最令我无语的老师没有之一 不只是急刹 是真的没有内涵
81064,1530,孙艳萍,2018-07-03 13:38:44,8,10,2,有多少分就是多少
81148,1530,孙艳萍,2018-07-04 07:06:20,5,6,1,给分不能说好 但是感受到了师生情 \n\n英国文学史要背的东西多到后悔当初干嘛选这门 中间一次展示 英语语法干货多 虽然要写的作业很多 4次quiz也难 但感觉现在是人生的语法巅峰了(考完试正在往后退 \n\n而且其实孙老师人很好啊 可能看起来有点凶 但至少上课不会想睡觉
81510,1530,孙艳萍,2018-07-05 08:54:50,1,3,2,老师还不错，可以学到东西，给分就是你是多少就给多少的那种，期末英国文学史真的学到4⃣️
83394,1530,孙艳萍,2018-07-10 07:57:01,3,5,2,孙老师性格很好，要求严格，课程干货很多，要是上课再有趣味一点会更好～英国文学史这门课内容本身就很多，上课认真听就能考的不错，总体体验挺好～
102177,1530,孙艳萍,2019-01-31 05:17:37,2,3,1,老师上课挺认真的，给分正常
105344,1530,孙艳萍,2019-04-10 07:55:13,7,9,2,老师上课内容很充实.但是听完感觉很乱。喜欢提问。每节课平均1人会提到2–3次。不是水课
109559,1530,孙艳萍,2019-06-17 03:35:32,0,7,7,文学史上课提问如果你之前给她留下的印象不好，她在你回答问题时打断你，还冷笑一声
111794,1530,孙艳萍,2019-07-02 23:17:52,4,4,0,上课干货确实多，考试也有难\n\n不过老师能做的都做了：划重点，教答题方法，去问问题也会很耐心解答哒
111814,1530,孙艳萍,2019-07-02 23:54:32,3,6,3,孙老师真的是很负责，虽然语法和英国文学史每节课都会叫人起来回答问题，但是这真的是让我每个星期好好预习的最大动力了，上课的时候也很紧张全神贯注，英国文学史期末拼了老命背就行，绩点很好看
111821,1530,孙艳萍,2019-07-03 00:17:29,2,3,1,爱您！
111823,1530,孙艳萍,2019-07-03 00:24:44,14,18,4,老师真的很严格，无论是语法还是文学史都一丝不苟，标准很高但是很清楚。但是干货是真的多，给分也很好。最后提醒大家：考试千万场，文学史第一；考前刷穿夜，考场泪两行。\n\n（真的很喜欢和老师的文学探究(//∇//)尤其莎士比亚方面）
112069,1530,孙艳萍,2019-07-03 11:31:37,2,4,2,老师给分很公平好吧 只要认真背书准备 绩点就不会低 平时一直水 期末认真背了 然后4.8
113692,1530,孙艳萍,2019-07-07 04:04:32,6,7,1,老师很负责 备课很充分 就是作业量有点大 不过真的干货很多
116099,1530,孙艳萍,2019-09-03 14:57:09,2,3,1,老师是真的很有师生情～
117921,1530,孙艳萍,2019-10-10 07:42:39,-4,6,10,Cnm
122641,1530,孙艳萍,2020-03-11 00:42:16,1,2,1,救命，亲测预习材料是真的通宵也读不完，通宵后听她全是干货的课是真的想睡
124212,1530,孙艳萍,2020-06-27 06:58:45,0,1,1,老师贼好，爱您!
124242,1530,孙艳萍,2020-06-28 02:34:07,2,3,1,给老师打满分吧，虽然绩点不咋滴，毕竟当年小学浪过头了（到现在都后悔打了4年游戏），从初中英语补到现在，可以说，英语语法课是最系统的了，老师上课干货很多，在画重点，不过我把剑桥高级语法抄了一遍，感觉画重点也木有用；孙姐超级超级负责，如果每个老师都是孙姐一样的人该多好！虽然绩点不咋地，学到很多，再修个写作搞定一切
135533,1530,孙艳萍,2021-05-12 22:56:02,5,6,1,真的好凶啊
137799,1530,孙艳萍,2021-07-06 07:33:22,2,4,2,英国文学史期末按照范围好好背 给分很好
137820,1530,孙艳萍,2021-07-06 08:41:47,0,2,2,你敢面对五十道名词解释，你就敢想高绩点
138497,1530,孙艳萍,2021-07-09 14:13:26,2,4,2,上了英语语法，老师很负责任，每次都会认真备课。上课时会用提问的方式点名。个人感觉给分应该比几年前好了，我一次小测得分非常低，后面几次也都只是中间水平，期末感觉考得还算可以（复习的点都记住了，但我自己安排的复习时间不够所以有一部分没有复习），最后也拿了4.8。
138649,1530,孙艳萍,2021-07-10 06:13:53,2,5,3,每一次上她的课都会被卡机，都给我整无语了。\n\n就说英语专四那门课，每次都认真上，听写全是90+，考得感觉也还行，结果最后只有3.9…上课不是我喜欢的风格，但是每个人喜好不同所以不评价，但给分真的不咋地
138821,1530,孙艳萍,2021-07-11 04:41:46,1,2,1,谢谢孙老师捞我！
142256,1530,孙艳萍,2021-11-09 10:52:17,0,3,3,老师人很好，课堂也很严格，你的努力她都会看到，可以说有努力就有收获。
142434,1530,孙艳萍,2021-11-11 10:41:37,2,8,6,这老师绝了，给分贼低，事贼多，每节课都是煎熬，上过你就知道了，真正的急刹
142436,1530,孙艳萍,2021-11-11 10:46:09,3,5,2,这课是如此麻烦，给分却如此惨淡。不说了，难受死了，自己付出了这么多，却只给了这么点儿分
142437,1530,孙艳萍,2021-11-11 10:49:50,1,3,2,就还蛮严格的，不过是真的有收获，按照要求来老师给得分还挺高的
143199,1530,孙艳萍,2021-11-21 10:15:26,1,3,2,好！！！！！
147053,1530,孙艳萍,2022-01-08 14:01:55,3,5,2,pearl你太会捞人了
148071,1530,孙艳萍,2022-01-11 12:35:30,-1,1,2,负责任
154663,1530,孙艳萍,2022-06-03 03:52:14,0,2,2,好！！！
156466,1530,孙艳萍,2022-06-20 01:39:05,1,3,2,英国文学史，课很硬，期末认真背名词解释，给分很好
156521,1530,孙艳萍,2022-06-20 07:06:29,0,2,2,英国文学史硬课 干货多 孙老师水平很好 期末背40个名解太痛苦了 最后4.2应该是我卷面不够好？这课显示4.44的均绩是怎么做到的……
157423,1530,孙艳萍,2022-06-23 07:51:33,1,3,2,老师人很好，努力背了就有高分
157531,1530,孙艳萍,2022-06-23 15:17:13,0,3,3,努力就有回报（大概率）
158702,1530,孙艳萍,2022-07-01 12:49:23,0,0,0,老师上课挺好，总体给分也还可以，期末背熟名词解释能保证一个基础不差的分数，当然也还是得看自己卷面表现怎么样，文本分析写拉了就拉了，考前能背的多背一背能大概率保证更高的分数，但不一定5.0 :(
162509,1530,孙艳萍,2022-11-24 01:07:39,0,0,0,有态度就及格 但有态度指的是所谓的基本要求你都得达到 此态度非彼态度
165276,1530,孙艳萍,2022-12-30 17:26:33,2,2,0,孙老师人还是蛮不错的
165733,1530,孙艳萍,2023-01-09 12:44:11,3,3,0,老师给分真的很好！！专四就考了个期末，而且题目很多都是做过的，作文也改的很松
165800,1530,孙艳萍,2023-01-09 18:10:47,1,1,0,老师挺好的，努力就会有相应回报
176061,1530,孙艳萍,2023-06-27 14:10:12,5,7,2,捞中捞中捞\n\n考前好好背名词解释\n\n分数孙妈妈不会吝惜的
176502,1530,孙艳萍,2023-06-29 06:36:31,2,2,0,只要期末认真背就好了，这次英国文学史期末狠狠全背了给了4.8😭😭
176576,1530,孙艳萍,2023-06-29 09:40:56,3,3,0,您是真能捞
192533,1530,孙艳萍,2024-05-23 07:01:33,0,0,0,挺好的👌
195442,1530,孙艳萍,2024-06-28 05:23:36,2,3,1,怎么没有英美文学关键词，事情巨多，给分巨烂，到底是什么评分标准，完全看不懂
197428,1530,孙艳萍,2024-07-14 18:34:43,3,3,0,不知道该不该说，我感觉同一个回答，男生回答跟女生回答的分数，很不一样。分数一般，快跑！
199154,1530,孙艳萍,2024-09-18 08:26:26,0,1,1,好老师\n\n上课很认真
203329,1530,孙艳萍,2024-11-19 07:31:38,4,4,0,课后作业又多又无聊，难度很大。上课也无聊。期末给分很低。
214262,1530,孙艳萍,2025-01-31 05:32:09,4,4,0,明显对男生女生的态度不一样，男生不会就笑嘻嘻引导女生就冷眼旁观（不是全部）不喜欢的学生感觉会针对，事儿超级多分贼低，课堂上这么mean的老师也是不多见了
215168,1530,孙艳萍,2025-02-23 11:24:16,3,3,0,事情好多😭😭😭
215514,1530,孙艳萍,2025-02-27 09:31:57,1,1,0,英国文学史事情好多……
215574,1530,孙艳萍,2025-03-01 04:05:58,0,0,0,给分极差，态度不好。ps这是本人在浙大唯一想diss的课。
216015,1530,孙艳萍,2025-03-09 12:15:59,0,0,0,点名，给分低，事多，上课质量一般，不推荐
217314,1530,孙艳萍,2025-04-08 09:53:15,0,0,0,老师的英美文学关键词妙趣横生，而且老师自己在专业水平过硬的情况下对学生也很温柔，永远是笑眯眯的，上课真的很开心
220105,1530,孙艳萍,2025-06-15 03:38:11,0,1,1,可以看出该老师有非常多的偏见，上课给分不算公正，态度也不好，是上过的浙大的课程里体验垫底的。
221410,1530,孙艳萍,2025-06-23 09:12:21,0,0,0,。。。。
17955,1567,杨玲玲,2016-01-21 04:46:33,54,61,7,非常认真负责和努力的年轻女教师，不遗余力地帮助同学解答任何疑惑。对待同学就像朋友一样，特别好。\n\n西班牙语功底也很好，在西班牙留学八年回国来的
22562,1567,杨玲玲,2016-03-08 03:10:10,26,27,1,年轻老师非常的认真
31460,1567,杨玲玲,2016-07-04 02:44:50,24,24,0,很有气质的老师，超级温柔
32734,1567,杨玲玲,2016-07-12 07:21:36,20,20,0,杨老师很温柔很有气质，对于各种问题都会耐心地解答。而且对于语言的讲解非常细致，对于我这样的西班牙语初学者来说非常地友好。这门课甚至成为了我每周的期待。最后的给分也棒棒的！
33731,1567,杨玲玲,2016-09-21 07:55:00,15,16,1,老师很负责，特别认真。最想上的课！
38890,1567,杨玲玲,2016-12-19 16:18:43,14,14,0,超级好的老师真心喜欢
39707,1567,杨玲玲,2016-12-27 05:11:49,10,11,1,老师敲温柔，西语1挺简单的
47281,1567,杨玲玲,2017-01-25 05:00:11,7,7,0,老师很温柔，很棒的
48006,1567,杨玲玲,2017-02-28 03:48:08,12,12,0,很放松很有趣。我想安利一下老师自己做的微信公众号：一起学西语。嘻嘻
48258,1567,杨玲玲,2017-03-01 13:32:26,8,8,0,杨老师讲课非常耐心细致，作业少，给分好，而且声音敲温柔！学了一学期西语课，意犹未尽，现在仍然每天看老师的公众号学习，只是遗憾没有开设西班牙语3课程，不然我一定会继续学下去的。
49044,1567,杨玲玲,2017-03-22 10:49:01,4,5,1,现在最喜欢的课就是西班牙语，老师又漂亮又有气质声音又好听哈哈
49134,1567,杨玲玲,2017-03-27 10:40:30,3,3,0,非常好没选上也要去旁听
51253,1567,杨玲玲,2017-05-26 00:48:58,8,8,0,只想再问一句¿Qué te pasa?
51413,1567,杨玲玲,2017-06-05 07:02:31,6,6,0,Qué te pasa 哈哈哈哈哈哈哈
52006,1567,杨玲玲,2017-06-14 06:22:33,7,7,0,?西语专业怒答，超喜欢玲玲老师，温柔细致。
53051,1567,杨玲玲,2017-06-25 07:02:47,1,2,1,谢谢pasa老师0 0我爱pasa老师0 0
63916,1567,杨玲玲,2017-12-19 06:23:17,5,5,0,三个青年和猪的故事
66737,1567,杨玲玲,2018-01-18 15:37:45,5,5,0,温柔耐心善解人意，和老师交流不会有心理负担。上杨老师的课是一种细水长流的幸福。杨老师是一个很优雅的人。
69812,1567,杨玲玲,2018-01-25 12:30:05,9,9,0,老师超级超级超级温柔，节奏慢慢的，感觉一周的西语课是特别被划分出来的治愈时间。
70441,1567,杨玲玲,2018-01-26 15:38:49,1,1,0,很喜欢老师，西语也很有趣！！每周去上课是种享受呢！
70638,1567,杨玲玲,2018-01-27 10:19:50,-1,1,2,为什么西语2给分那么低……
79960,1567,杨玲玲,2018-06-16 15:23:03,1,1,0,铃铛君暑假要去生小铃铛了，所以下一个学期应该没有西语通识课了！大家等铃铛君生完小铃铛肥来吧！
82201,1567,杨玲玲,2018-07-07 11:27:41,2,2,0,真的是非常非常好的老师了，相信并热爱自己的职业，世界第一温柔耐心，我永远爱她！
133571,1567,杨玲玲,2021-03-02 08:42:46,2,2,0,玲玲老师人好专业好！超级温柔！
134056,1567,杨玲玲,2021-03-14 12:55:56,2,3,1,老师超好，西语教的好又温柔耐心，连上四节课都不会困的
137563,1567,杨玲玲,2021-07-05 06:10:14,0,0,0,好温柔啊✧*｡٩(ˊᗜˋ*)و✧*｡
139759,1567,杨玲玲,2021-07-26 01:48:55,2,2,0,跪求老师开西语II
156854,1567,杨玲玲,2022-06-21 07:10:27,1,1,0,老师太温柔了！！😭会给我们介绍西班牙的习俗和好吃的，还会给我们看可爱的西语动画片，给分也超好😭我吹爆
164946,1567,杨玲玲,2022-12-28 03:14:27,0,0,0,喜欢温柔老师！
165066,1567,杨玲玲,2022-12-29 03:15:10,0,0,0,怎么可以有这么温柔的老师呜呜呜 不开西语二我真的心碎
167164,1567,杨玲玲,2023-01-15 04:30:44,0,0,0,玲玲好老师
3352,1576,薛莉娅,2019-06-27 13:21:15,78,107,29,老师人特别好，特别温柔，给分也不错~超级赞！
4268,1576,薛莉娅,2015-06-18 12:48:50,10,26,16,老师人很好
4865,1576,薛莉娅,2015-06-30 02:33:36,7,26,19,老师人很好，很温柔
4904,1576,薛莉娅,2015-06-30 07:34:37,6,20,14,老师很温柔～
5215,1576,薛莉娅,2015-07-06 01:28:51,7,22,15,挺好的老师
5601,1576,薛莉娅,2015-07-08 15:26:25,46,63,17,这是我至今上过的最好的英语课，老师讲课文的时候很有条理~语音语调也很棒~
5889,1576,薛莉娅,2015-07-09 23:56:01,5,17,12,很温柔人很好的老师~
5904,1576,薛莉娅,2015-07-10 01:31:31,41,60,19,英文发音很舒服很好听，上课有点拖
6006,1576,薛莉娅,2015-07-10 07:34:18,10,26,16,有小组讨论的时候老师总喜欢和某一组小组一起讨论  讲很久 但是老师很幽默  上课轻松
6386,1576,薛莉娅,2015-07-13 12:27:09,3,8,5,很耐心的老师，上课超有趣，跟学生有很多共同话题。
8441,1576,薛莉娅,2015-09-21 09:34:57,2,13,11,歪瑞顾得
8455,1576,薛莉娅,2015-09-21 10:50:36,3,6,3,老是太好了！！听她的课实在棒棒哒！
8511,1576,薛莉娅,2015-09-22 03:15:56,6,10,4,很好的体验
8906,1576,薛莉娅,2015-09-30 07:11:08,25,42,17,太棒了，她夸奖我诶，好幸福，而且人超级温柔～好棒
8941,1576,薛莉娅,2015-10-03 13:51:28,3,14,11,很好的老师
9336,1576,薛莉娅,2015-10-22 06:53:14,3,10,7,很棒的老师，发音舒服，上课有激情，生动有条理，还会拓展一些知识。\n\n
10922,1576,薛莉娅,2015-11-23 10:00:07,3,7,4,最温柔的老师
11147,1576,薛莉娅,2015-11-24 16:05:23,3,8,5,老师性格超级好
11995,1576,薛莉娅,2015-12-21 12:45:20,6,22,16,这老师无敌了。\n\n
12065,1576,薛莉娅,2015-12-24 09:46:05,3,10,7,老师很和蔼亲切。不严厉。很少听写。而且经常鼓励同学。很尊重学生。喜欢和同学们一起小组讨论。
12133,1576,薛莉娅,2015-12-22 03:02:08,3,7,4,真的好老师
12172,1576,薛莉娅,2015-12-22 06:56:39,4,13,9,基本不听写，作业不多，人很温和，讲课也很好
12597,1576,薛莉娅,2015-12-23 14:45:28,3,8,5,上课超级棒，声音很好听！
12812,1576,薛莉娅,2015-12-24 05:48:05,6,12,6,赞赞赞
12960,1576,薛莉娅,2015-12-24 11:43:43,6,11,5,好温柔
12965,1576,薛莉娅,2015-12-24 11:56:38,7,20,13,满足你对英语老师的一切幻想
14067,1576,薛莉娅,2016-01-04 05:05:16,5,11,6,cannot be better
14420,1576,薛莉娅,2016-01-07 03:11:56,6,11,5,棒棒棒
14471,1576,薛莉娅,2016-01-07 08:09:28,1,5,4,好老师，我大英4想选结果100多人抢两个名额没抢上
14484,1576,薛莉娅,2016-01-07 08:34:36,2,6,4,非常照顾学生。草鸡有爱。草鸡好。幸福感爆棚。
15153,1576,薛莉娅,2016-01-12 08:41:49,1,5,4,极力推荐
16088,1576,薛莉娅,2016-01-17 07:19:08,1,6,5,我竞争过了100多个人，成功选上了她的大英4\n\n
16235,1576,薛莉娅,2016-01-17 14:14:42,1,5,4,上课很好，是我见过最好的老师，给分也很棒\n\n
16236,1576,薛莉娅,2016-01-17 14:16:11,1,5,4,超级棒
16379,1576,薛莉娅,2016-01-18 04:07:09,0,5,5,讲得好
16587,1576,薛莉娅,2016-01-18 12:35:54,0,4,4,不能更赞！
16947,1576,薛莉娅,2016-01-19 09:46:39,0,7,7,人很好，因为我的座位离讲台最近，平时上课也比较活跃，和老师交流的比较多，感觉是个很会为学生考虑的好老师
18828,1576,薛莉娅,2016-01-22 15:18:52,2,11,9,老师脾气是挺好的。就是上课挺无聊的。只点熟人。没什么收获。英语越来越差。她一个人太能闲扯了。期末给分…真的是。哎
19761,1576,薛莉娅,2016-01-25 08:51:07,0,3,3,老师人超好，贴别温柔。
20608,1576,薛莉娅,2016-01-29 03:10:53,1,4,3,很好的老师，不用多说
20704,1576,薛莉娅,2016-01-30 04:46:20,0,2,2,我忘了
21478,1576,薛莉娅,2016-02-29 03:23:03,0,5,5,满分的英语老师，英语老师应有的样子
21781,1576,薛莉娅,2016-03-01 06:02:58,0,4,4,歪瑞顾得
26292,1576,薛莉娅,2016-06-16 15:17:29,0,3,3,很和蔼，鼓励学生。上课很丰富，很喜欢的一个老师！
26418,1576,薛莉娅,2016-06-18 07:34:23,0,1,1,…+o
26444,1576,薛莉娅,2016-06-18 13:29:02,-3,2,5,老师人真的特别好
26809,1576,薛莉娅,2016-06-21 07:03:23,-3,2,5,真的好
27085,1576,薛莉娅,2016-06-23 01:00:07,-2,2,4,很放松，很好，老师棒棒的！
27223,1576,薛莉娅,2016-06-23 15:34:44,-1,2,3,好悠闲～
27271,1576,薛莉娅,2016-06-24 09:43:10,-1,3,4,除了小小拖一点课以外简直完美无缺
27486,1576,薛莉娅,2016-06-26 13:03:44,14,29,15,上课有点而拖，小组展示和个人展示太多了，导致课都上不完，更关注班上英语好的同学，对英语差的同学没什么帮助。跟我上个英语老师比干货较少。不过人不错。
27522,1576,薛莉娅,2016-06-27 00:45:18,0,4,4,完美！
28162,1576,薛莉娅,2016-06-28 08:11:17,-2,2,4,讲的超级好，会讲很多文化细节，从不同角度去讨论一个话题，能真正激发学习的热情。\n\n本来都准备以考代修的，听了一节课之后就听了一学期。
29246,1576,薛莉娅,2016-06-29 13:24:29,-2,2,4,好！很好！非常好！好想回去上大英啊。。。
29274,1576,薛莉娅,2016-06-29 14:03:00,-2,2,4,棒！！！
31918,1576,薛莉娅,2016-07-05 07:02:16,-2,2,4,好老师！满分！
32227,1576,薛莉娅,2016-07-06 03:45:18,0,3,3,老师很棒！
32582,1576,薛莉娅,2016-07-08 02:15:20,0,4,4,老师超级好，一言难尽，对老师满满的感谢
33024,1576,薛莉娅,2016-09-10 05:35:40,-2,3,5,超棒，重要的是给我过了！
33306,1576,薛莉娅,2016-09-18 03:34:43,-3,1,4,真的是太温柔太温柔了！大英4不是她太遗憾太遗憾
33531,1576,薛莉娅,2016-09-20 02:49:35,-4,1,5,如沐春风 我来拉高点评分
34152,1576,薛莉娅,2016-09-28 00:16:05,12,21,9,事情有点多\n\n
35246,1576,薛莉娅,2017-01-14 05:31:29,3,24,21,你要是想练口语吧 平时上课就叫那么几个人 你要是想学语法吧 每节课展示完以后就没几分钟讲知识点了 上课不如水手机 给分又不好 无话可说
35623,1576,薛莉娅,2016-11-10 07:35:23,-3,2,5,老师很好，讲课很清晰
36403,1576,薛莉娅,2016-11-13 04:12:13,-3,2,5,不错噢
36733,1576,薛莉娅,2016-12-27 04:04:59,-3,3,6,感觉很棒
38315,1576,薛莉娅,2016-11-30 01:30:04,-3,3,6,超级好啊啊啊啊啊啊
38969,1576,薛莉娅,2016-12-20 06:19:23,-4,2,6,老师超级棒，讲英语超好听
39524,1576,薛莉娅,2016-12-23 13:21:08,-3,3,6,特别亲切，超级喜欢，希望大英四还能选上她，大爱leah
39915,1576,薛莉娅,2016-12-28 07:31:49,-4,2,6,棒棒棒
39929,1576,薛莉娅,2016-12-28 07:55:19,-4,3,7,很好的老师，但是我英语太渣了，感觉很对不起老师。
40879,1576,薛莉娅,2017-01-06 05:02:26,-6,3,9,老师人很好
41979,1576,薛莉娅,2017-01-13 10:51:04,3,8,5,老师人超级温柔，讲的课本知识很少，更多的还是靠平时的积累吧，每节课光展示就要用掉大部分时间，导致最后有点拖课，到总体来说，还是不错的，可能是我英语太差了，所以最后分数不高
42229,1576,薛莉娅,2017-01-14 02:47:33,-4,3,7,老师超好，很温柔有耐心～
42253,1576,薛莉娅,2018-12-25 11:23:24,14,36,22,老师确实挺温柔没毛病，但是平时小组讨论效果不大，也一般会叫固定的几个人发言，不那么活跃的同学基本就是划水过，也不知道是不是大英课的特点都这样(´･ω･`)给分3..不知道算不算被正态了
42361,1576,薛莉娅,2017-01-14 05:23:34,3,11,8,强推！老师人很温柔，非常关心同学，(唱歌也超赞)给分也很好哇，平时事情不多，注重口语方面讨论展示，语法之类的比较少讲，不过对于考试可能需要个人努力吧，有些人水水过考试不行分自然不高，老师资料也都给了平时注意积累，肯定没问题。真的是个很赞的老师！
42509,1576,薛莉娅,2017-01-14 10:05:51,3,11,8,老师真的非常棒，不仅仅只是讲书本内容，还有更多课外的拓展，一些趣味的知识，感觉见识也非常广，比其他很多只会照本宣科的老师好的多
42617,1576,薛莉娅,2017-01-14 15:13:53,0,7,7,超级温柔！超级有才华有阅历！
43502,1576,薛莉娅,2017-01-16 11:26:06,-3,4,7,老师不错，分低怪我自己没好好学
45307,1576,薛莉娅,2017-01-19 09:54:19,-2,8,10,老师本身很好，温柔开朗，宽容真诚；上课会讲她女儿，分享一些在美国的生活，唱歌真是惊艳全班。但是不得不说，每次课基本上展示、讨论就占去了大部分时间，不知不觉就到下课点了，然后就拖一会儿，language points等也基本没时间讲，课文详讲的也不多。回顾一学期的大英ⅲ学习，上课氛围轻松（虽然有时发言会有冷场），游戏玩得挺开心，有些非学习上的收获；但是就干货而言，在课堂上学到的真不多（不过老师会给PPT）。希望老师以后能增强把控时间的能力吧。PS：老师给分很公平。
48126,1576,薛莉娅,2017-02-28 15:10:26,-4,4,8,很温柔的老师，上课也很有氛围，对学生挺关心的，经常鼓励之类的，可能是quiz的问题我的绩点不是很高，但上课体验挺好的也就不错了
52888,1576,薛莉娅,2017-06-23 10:56:27,-2,5,7,老师超级温柔人超级好！期末给每个人的pre都做了打分表还写了评语，各种成绩之类的也公示得很清楚，超级负责的！音乐品味也和我好相和哈哈哈
53340,1576,薛莉娅,2017-06-26 11:59:50,1,17,16,上课无聊  跟你说一套好的 暗地给分极低 笑里藏刀型老师 最后跟你说你挂了
53344,1576,薛莉娅,2017-06-26 12:06:12,-4,2,6,老师声音很温柔，很耐心，上课也很好，一般不布置什么课后作业，全看自己做不做，会讲很多课外拓展的东西，所以上课有点慢有时候会拖课，上课氛围很自由，形式很多样，有辩论有学生上课，总之大英四很开心，绩点主要看自己考试，老师平时分给的很好的！
53460,1576,薛莉娅,2017-06-26 15:55:43,6,16,10,老师脾气挺好，但是讲课很拖，每次上课也就是叫几个固定的人，明明学的很认真了，给分还是辣鸡。
53799,1576,薛莉娅,2017-07-03 04:19:05,-9,2,11,能上老师的课，我真幸福。讲道理老师虽然上课不太讲课文，但她拓展的东西很能锻炼英语水平。\n\n平时分算出来扣了十多分，以为自己要挂了，最后总成绩还有80＋。
55057,1576,薛莉娅,2017-06-30 16:38:52,5,10,5,。。。
55764,1576,薛莉娅,2017-07-02 10:39:22,0,7,7,笑里藏刀
56495,1576,薛莉娅,2017-07-04 01:54:32,6,14,8,真的慎选
56497,1576,薛莉娅,2017-07-04 01:59:50,5,13,8,给分有点迷。。。
56500,1576,薛莉娅,2017-07-04 02:04:10,1,3,2,。。。
58181,1576,薛莉娅,2017-08-16 11:47:40,2,5,3,给分迷
63996,1576,薛莉娅,2017-12-20 13:16:25,0,0,0,超超超超超好的老师o(^o^)o
64373,1576,薛莉娅,2017-12-23 05:02:03,6,12,6,leah！超级棒，会讲很多自己的故事\n\n女儿也很可爱～吃到了她的糖hhhh\n\n爆喜欢她 可惜大英四不能选诶
66526,1576,薛莉娅,2018-01-20 09:37:25,0,3,3,老师还好，是我自己太菜
67091,1576,薛莉娅,2018-01-20 09:16:09,4,8,4,老师人是很好  很温柔  炒鸡棒\n\n但是？？？？我每节课基本上都回答问题都认真准备了  英语水平绝对不是听垃圾的 quiz和口语成绩也都是班里成绩不错的  最后？？？\n\n才3.2？？？？exo？？？
67106,1576,薛莉娅,2018-01-20 09:35:10,0,4,4,大绩杀 差1分就能上一档 平时分给满不行吗！
67110,1576,薛莉娅,2018-01-24 07:57:35,6,14,8,绩杀a，小组里面就没有绩点高于3.3的
67118,1576,薛莉娅,2018-01-20 09:45:12,4,9,5,Leah是个很温柔的人，总是笑眯眯的，经常分享她的生活故事，不会为同学迟到、缺课而生气。\n\n口音好听，课文也讲得细致，如果认真学的话会有提高的w
67125,1576,薛莉娅,2018-01-20 10:03:41,1,4,3,给分迷幻
67139,1576,薛莉娅,2018-01-20 10:16:10,0,1,1,老师人很好
67140,1576,薛莉娅,2018-01-20 10:18:05,3,7,4,leah超级棒!!!!!!!!!!\n\n平时公邮会给很多很好的资料，每个单元都有self-test的题目，上课气氛也很好，很多东西都说的很到位。最后一节课的presentation是个小型音乐会hhh，还会发糖，真的是超棒的老师
67142,1576,薛莉娅,2018-01-20 10:19:41,4,5,1,挺好的，就是我比较渣
67146,1576,薛莉娅,2018-01-20 10:28:26,-4,0,4,老师人很好，大英老师给分都差不多，绩点主要就看自己考试分数了
67154,1576,薛莉娅,2019-02-11 02:49:37,5,9,4,人挺不错，但给分迷啊！我们组有人一直说口语差，展示什么都不想搞。我一个组长基本和另一个人全包展示工作。而且那个人两次小测都才三十几。呵呵！结果那个人居然期末绩点比我高这么多！！！不理解！！不理解！！
67164,1576,薛莉娅,2018-01-20 11:09:54,2,2,0,老师上课很幽默的!就是我英语太差了，觉得对不起老师啊〒_〒
67169,1576,薛莉娅,2018-01-20 11:31:47,-5,8,13,笑面虎，绩杀。不懂为什么老师评分这么高
67214,1576,薛莉娅,2018-01-20 13:01:34,1,4,3,emmm…感谢老师没有因为我经常迟到还不爱回答问题就卡我绩…然后老师上课喜欢讨论，也会讲课文但不会重点分析…喜欢和我们分享生活还会给我们吃糖…以及讲一句公道话，可能会导致所谓“不公平”的因素，应该只有课堂表现那5分…吧？
67231,1576,薛莉娅,2018-01-20 13:22:41,1,3,2,大英课，还是要看成绩的......毕竟平时分只有五分
67272,1576,薛莉娅,2018-01-20 14:39:21,0,1,1,无聊啊
67274,1576,薛莉娅,2018-01-20 14:45:51,6,11,5,老师很棒很温柔，期末考还会给我们发紫皮糖吃，就是lucky candy ，老师会看到你的努力与否，也没有什么笑里藏刀，真的是一个很用心很真诚的老师，大英四没选上她的课但真心希望有幸上老师课的人可以好好珍惜哈哈?
67283,1576,薛莉娅,2018-01-20 14:59:15,2,2,0,真的是很好的老师！！
67389,1576,薛莉娅,2018-01-21 05:20:04,5,6,1,经常鼓励学生，上课发言一下子想不到词老师也会帮你接下去，leah真的很温柔很温柔地把我的胆怯一点一点抹掉了
67433,1576,薛莉娅,2018-01-21 07:51:11,2,3,1,老师人还好啊  英语主要靠自己  想要考高绩点真的挺难的 能上leah的课真的很幸福嘻嘻嘻
67483,1576,薛莉娅,2018-01-21 09:59:02,3,9,6,上课是真的好，给分是真的差，quiz双50，期末发挥良好，上课积极，展示得到夸奖，结果不到三分，呵呵了
67563,1576,薛莉娅,2018-01-21 13:53:37,1,2,1,老师真的挺好的，开朗温柔，最后的绩点不理想主要还是因为自己大学英语没抓紧...大英四一定好好学了！
67833,1576,薛莉娅,2018-01-22 08:05:33,1,2,1,很棒的
68205,1576,薛莉娅,2018-01-22 23:32:35,2,3,1,英语菜的一比的我最终还是及格了，多亏了老师的鼓励和帮助
68429,1576,薛莉娅,2018-01-23 07:54:09,3,4,1,很好的老师，人很温柔，关心同学，棒棒哒～
68632,1576,薛莉娅,2018-01-23 13:26:15,-1,2,3,老师人非常好，但是平心而论，上课并没有学到太多东西（不知道大英课是不是都这样），觉得英语还是主要靠自己。
70957,1576,薛莉娅,2018-01-28 00:53:46,1,4,3,人还是比较好的，给分就太伤了
71750,1576,薛莉娅,2018-01-29 02:30:56,-1,4,5,呵呵 笑里藏刀 给分超低
75064,1576,薛莉娅,2018-03-07 07:38:35,0,0,0,超级酷啊 史上最好的老师没有之一 特别和蔼善良
75251,1576,薛莉娅,2018-03-08 07:16:40,1,1,0,给分迷，不过老师真的是很好的，很负责的老师
81182,1576,薛莉娅,2018-07-04 08:22:37,5,7,2,上课真的好，我发誓这学期每节课都好好听课了，两次quiz成绩超高，反正平时成绩已经35.7多了，但是结果跟水过的大英三绩点一样( ๑ŏ ﹏ ŏ๑ )真的是嘤嘤嘤，怪我期末考不好吧(私以为发挥的很好，怎么会这样)，算了，反正平时上课很开心，老师值得一选但是要刷绩点的dl还是慎重。。。
81237,1576,薛莉娅,2018-07-04 11:36:14,2,2,0,真的超级好的老师，让我拾回了对英语的信心。
81283,1576,薛莉娅,2018-07-04 14:25:11,2,3,1,平时分是公开，给分绝大多30+，上课也挺有意思
81300,1576,薛莉娅,2018-07-04 15:12:40,4,5,1,老师人很好 上课很有趣 但给分不高…慎选\n\n
82216,1576,薛莉娅,2018-07-07 12:42:16,6,8,2,老师人超好，永远在笑的温柔，有一种与生俱来的亲和力，细水长流的听课感受。对老师的好感，让人更有学好大英的动力吧，大英3颓废水过的人神奇地两次quiz双50+(想着老师的笑脸就有好好背单词了)。平时成绩有5分是自己打的，对自己不太满意，结果老师后来公布平时分的时候，把我自己打的分数提高了。最后虽然没能满绩，但也还不错。对我来说，最重要的不是分数，而是日后回忆起来还觉得美好的时光。
86392,1576,薛莉娅,2018-09-14 19:03:41,26,32,6,说给分不好的你摸着良心说问题在于自己还是老师？？？总评的小分分门别类都向你说明清楚，老师手里只有五分，有什么理由针对你？？？薛莉娅老师我吹爆，我自己2，7，是因为我自己没有努力学，是因为我自己上课不听，怪老师给分你脑子有病？？？选到薛老师的课的偷着乐吧，夸她的语言下面一片，我不多说，只是希望好老师的评价不要被喷子带歪。
87451,1576,薛莉娅,2018-09-29 03:49:36,-1,1,2,一言难尽
87773,1576,薛莉娅,2018-10-12 04:06:29,-17,2,19,傻逼吗
89313,1576,薛莉娅,2018-11-18 10:05:20,0,0,0,
92527,1576,薛莉娅,2019-01-02 03:21:37,4,4,0,唱歌好好听！！
92792,1576,薛莉娅,2019-01-04 12:24:54,4,4,0,炒鸡赞！
93030,1576,薛莉娅,2019-01-07 04:28:36,5,6,1,非常好的体验。可水可肝。不过想多学到一些的要多与老师互动。老师很和善的，每天笑眯眯。（会有一点拖堂，作业有时会多，但老师比较放养，不检查的\n\n\n\n
93098,1576,薛莉娅,2019-01-07 09:44:02,6,8,2,给老师打call！人超级温柔！发音贼好听！又选上老师的大英四了！开心！！
93327,1576,薛莉娅,2019-01-09 04:22:01,3,3,0,棒的一
93465,1576,薛莉娅,2019-01-10 01:42:39,1,2,1,虽然英语课经常睡觉，但是老师真的很热情，上课比较生动，人也超好，会关心学生。
93900,1576,薛莉娅,2019-01-14 07:51:35,4,4,0,人超美超有气质呀！口音很正听起来超舒服！常常和我们分享一些有趣的经历和见解，课上会准备小组讨论话题给大家练习口语喔，课前也会让大家自愿做演讲，回答问题无论回答得怎样都会笑着鼓掌鼓励同学们！！给分也很好，会让助教判卷松一点！最后一节课会有party，会发糖吃！超级温柔的老师啊！最后一节课了好舍不得qwq好想下一学期接着跟薛老师学啊
93921,1576,薛莉娅,2019-01-14 09:16:11,2,2,0,棒٩(๑^o^๑)۶
95431,1576,薛莉娅,2019-06-27 13:21:07,2,2,0,老师是天使！！
95433,1576,薛莉娅,2019-01-19 11:35:35,3,3,0,平时都浪成傻子了，第二次小测比第一次还渣，后面口语考试也不行，而且不怎么课上发言，还总是当着老师面刷手机，老师天使啊，这样都给我3.6，我真的已经很感激了，我要好好改造，重新做人。争取大英四绩点上4，虽然大英四不是薛老师了，但我一定感谢老师不杀之恩，还顺便可怜我这个浙大学渣。(＞人＜;)(＞人＜;)
95466,1576,薛莉娅,2019-01-19 12:29:53,1,1,0,老师真的超级温柔~  叫人起来回答问题都很亲切引导我们，不会嫌我们说的不好。真的很温柔。平常上课也会有很丰富的内容，感觉像姐姐一样。给分很公正，怎么得分细则也讲的很明白！ 很幸运下学期也是老师的课！！！太棒了8
95488,1576,薛莉娅,2019-01-19 12:57:23,-22,1,23,给分公正，期末考前会公布具体的平时分。作业期末会收一次作业本，单词积累和书本上布置的作业不查。大英关键看期末考，尤其是听力。平时积极发言会有记录，但和一学期不说话的同学相比，也就平时分多一分。说不算分的展示和作文真的不算分。靠着高考英语水平4.8飘过。
95529,1576,薛莉娅,2019-01-19 14:12:45,1,1,0,不多说了  老师我爱你！！
95568,1576,薛莉娅,2019-01-19 15:35:56,0,0,0,上课有意思，考试看自己。
96906,1576,薛莉娅,2019-01-21 12:14:13,0,0,0,我爱她！！本来以为英语挂定了！！结果没有！！！而且我平时上课都不发言的小透明一个，和老师没什么交流，都能让我过了！
98262,1576,薛莉娅,2019-01-23 08:50:05,1,1,0,大英还是以考试为主...建议多练练四级听力对考试很有帮助 然后书后的Glossary要背的比较熟
98786,1576,薛莉娅,2019-01-24 02:33:03,0,0,0,老师人真的挺好的有一个同学没交书评她打了很多电话发了很多信息去找她，最后还给我们发糖吃诶嘿嘿，上课呢应该还是可以的吧就是拖课有点扎心…希望自己下个学期好好学英语
103292,1576,薛莉娅,2019-02-27 07:13:21,1,1,0,日常刷个10！新的学期继续表白薛老师！
104063,1576,薛莉娅,2019-03-11 07:45:55,2,2,0,大英三汪洁，大英四薛莉娅老师。感觉从平壤的桥洞来到了夏威夷的阳光沙滩。上学期经历了死亡般的大英三，大英四第一节上课前一天就开始焦虑。走进教室薛老师点头冲我微笑，教室里播放着欢聚厨房和波尔坦。一瞬间感觉弦松了，眼泪要掉下来了。现在才开学第三周，不管老师给我几分，我都要给老师十分。
104400,1576,薛莉娅,2019-03-19 16:00:12,0,0,0,老师超温柔超耐心！上课也很负责任，还有很多东西分享
105266,1576,薛莉娅,2019-04-09 01:45:17,3,3,0,很棒的老师，感觉是目前人生中遇到的最好的英语老师。讲课细，鼓励发言，虽然有时候会有拖堂。而且老师懂得很多，还可以交流很多英语以外的问题。我高中英语平均分，大英三3.9，特别惊喜。而且我认为老师并不绩杀。
109050,1576,薛莉娅,2019-06-06 07:06:42,1,1,0,保持围笑
110552,1576,薛莉娅,2019-06-27 11:51:43,4,4,0,老师人很好的就是我太菜了，建议平时认真背单词和看课文，平时分的作文和小测认真对待，别像我一样一晚上学了两个单元的词就去考，老师事很少展示都不强制
110557,1576,薛莉娅,2019-06-27 12:53:11,0,1,1,超级好
110565,1576,薛莉娅,2019-06-27 13:23:23,-7,1,8,无聊死了
110694,1576,薛莉娅,2019-06-28 04:38:58,3,3,0,我觉得leah的课干货很多啊，老师每个单元都会很用心地给大家找extra reading材料，还有class talk class debate之类的活动（从中也结识了一些课友吧），而且课堂讨论什么的也不会觉得水水就过。应试方面老师几乎每篇课文都会划chunks来培养语块意识还会找bbc的takeawayenglish来当compound dictation的材料等等（东西丰富到拖堂但是也没有很反感）。\n\n总之像我一样水平海星的人不会觉得大英很划水而程度稍弱的同学认真学习也会有进步吧。\n\n最后感谢leah在我进考场之后的眼神鼓励[爱心]
111201,1576,薛莉娅,2019-06-30 13:53:11,0,0,0,老师很用心，也很温柔，很为学生着想
113817,1576,薛莉娅,2019-07-07 17:06:03,-1,0,1,老师太好了，爱了
116777,1576,薛莉娅,2019-09-15 15:34:13,3,5,2,作业太多了。。一天一篇summary浙江考生都顶不住啊。。
116841,1576,薛莉娅,2019-09-16 12:42:08,5,6,1,作业真tm多\n\n
117289,1576,薛莉娅,2019-09-22 10:57:31,1,1,0,老师人很好，但是作业很多
117665,1576,薛莉娅,2019-09-28 06:38:41,0,0,0,很温柔的一个老师
117953,1576,薛莉娅,2019-10-17 00:50:28,0,0,0,除了作业和进度控制，都挺好
120540,1576,薛莉娅,2020-01-12 09:17:23,0,0,0,棒棒棒！
120658,1576,薛莉娅,2020-01-14 17:24:50,2,2,0,非常好！通知什么的都跟我们讲的清清楚楚，再三嘱咐，老师掌握五分，我这种下半学期几乎每次迟到的都只扣了0.5，我自评都没敢打这个分，唉……老师的语料库学习法也很好。Leah特别温柔，前期说作业多了马上就减了。小组展示任务也很轻松，不涉及平时分。拖堂的话应该不算大问题？总之很好！
122342,1576,薛莉娅,2020-02-25 00:33:47,1,1,0,太好了吧 爱了爱了
122444,1576,薛莉娅,2020-02-27 15:48:02,12,14,2,从第一学期大英3预支是Leah，到第二学期大英4历尽千辛万苦，三轮选课还掉，最后还是坚定不移地如愿以偿补选到她的班下……不用多说Leah有多棒了吧！还是很幸运大一的英语课都是这么好的一个老师包揽着
122456,1576,薛莉娅,2020-02-28 10:43:03,3,6,3,每天刷个10分
122484,1576,薛莉娅,2020-03-01 08:35:46,3,4,1,日常刷10分
125055,1576,薛莉娅,2020-08-21 15:27:16,1,1,0,bdbd
125156,1576,薛莉娅,2020-09-02 10:08:49,6,9,3,首先感谢Leah一整年的照顾，大英3和4都是老师带过来的。今天成绩出来了，还是稍微有点失望，正式考试的卷面成绩有点出乎我意料。但是老师平时分已经给的让我相当满意了，这次大英4的期末确实有点没发挥好。但还是给10分，谢谢老师让我学到了这么多。\n\nBest wishes！希望老师以后可以教的越来越好！
127742,1576,薛莉娅,2020-11-26 09:25:15,0,1,1,特别温柔的老师！虽然会拖堂，但是上课干货满满！现在还在上大英3，希望以后跟她上大英4哈哈哈
128785,1576,薛莉娅,2020-12-25 09:41:02,0,0,0,老师很好
129054,1576,薛莉娅,2020-12-29 07:33:54,0,2,2,老师很好，我小测满分
129583,1576,薛莉娅,2021-01-17 09:09:32,0,0,0,老师给分很善良！
130144,1576,薛莉娅,2021-01-18 04:36:04,3,3,0,最喜欢的一个老师了
130592,1576,薛莉娅,2021-01-24 01:33:37,0,1,1,还可以
130784,1576,薛莉娅,2021-01-24 14:24:37,1,1,0,老师人很好～就是quiz什么的要自力更生啦。
130996,1576,薛莉娅,2021-01-25 13:31:22,0,1,1,老师超级好，上课有很多锻炼英语的机会，平时的quiz也尽力给大家分，可惜最后老师也没有调分的权限，大英的绩点还是要看大家自己努力滴（本人只有3.6，有点对不住老师）
131166,1576,薛莉娅,2021-01-26 10:03:58,3,4,1,大爱Leah，温温柔柔的好老师，超级好的！会给不发言的小朋友机会，而且发言的磕磕绊绊也会鼓励。给分也超级好，选她！\n\n呜呜，可是大英四没选到Leah。
131254,1576,薛莉娅,2021-01-27 00:26:25,0,2,2,听力崩了是我的错，是我平时没有联系老师布置的任务，但是，老师还是拉了我，谢谢
132266,1576,薛莉娅,2021-01-31 12:13:12,1,2,1,绝对是认真负责的好老师！
136953,1576,薛莉娅,2021-06-29 01:42:35,-1,1,2,薛莉娅老师yyds！
136995,1576,薛莉娅,2021-06-29 09:02:07,0,1,1,老师又温柔又耐心，讲得也很好呜呜呜，跟着Leah上了一学期的课感觉赚翻了，不管给分怎样，先把老师的十分打上！！！
137259,1576,薛莉娅,2021-07-02 14:54:51,1,3,2,吹爆leah老师！！
137321,1576,薛莉娅,2021-07-03 07:41:45,5,7,2,上leah老师的大英课就是一种享受
137494,1576,薛莉娅,2021-07-04 13:09:10,2,3,1,太喜欢Leah老师了!成功让我走出大英三绩点惨淡的阴影，绝对认真负责温柔的好老师，基础差也不用担心啊，爱了ꈍ◡ꈍ
137991,1576,薛莉娅,2021-07-07 04:13:38,2,3,1,老师真的是好老师，人很温柔，上课不会死按照书本讲，会给大家拓展很多课外的东西，给大家介绍一些学习网站，最后一节课还给大家送了小零食，真的很喜欢她。虽然大英四成绩不理想，但都是我自己基础太差的原因，不是老师的问题
140618,1576,薛莉娅,2021-09-14 11:38:43,1,2,1,很关心学生的老师呜呜
141215,1576,薛莉娅,2021-09-26 13:42:30,-3,1,4,老师人很好，但给分就不一定了
145169,1576,薛莉娅,2021-12-28 03:25:53,16,17,1,薛老师班级quiz平均分基本都是最高的，懂得都懂😎
146521,1576,薛莉娅,2022-01-07 00:13:56,5,6,1,首先，薛老师上课态度是很认真的，从备课、上课可以看出来，因为我们这届疫情再起封校网课三周，她的网课都是精心准备的；其次人很好，很有礼貌尊重人；last but not least，她的口语很好，口音我是听不出来的，教学也很有拓展，最后认真准备了一下期末考，给分也可。（如果要卷平时分，得保证在课堂中发言次数班级前五哦，第六就和第三十没区别了……）
147419,1576,薛莉娅,2022-01-10 03:07:50,4,4,0,感觉老师人很温柔，给分也很好，狠狠地捞了我。每次课堂发言都会鼓励、引导同学们多说，说不出来也还是会鼓励、表扬，真的是很好的老师
148684,1576,薛莉娅,2022-01-13 08:02:21,5,6,1,【大英3】\n\nLeah老师真的超级温柔超级温柔，好有趣也很友善，相比其他同时开课的老师，她不会直接拿备课组的ppt，而是会在每一段语段都做一个chunk collection，非常用心。\n\n课堂氛围很好，不过最好是第一次上课选座位的时候选好点（leah老师大概率就是按照你们怎么坐就固定一学期了），不然你的组员会很拉垮，因为小组展示也计入平时分，如果你的组员都不想做展示，那么这一整租的平时分课堂表现就会比较低，特别是有些同学甚至上课会打电话点外卖，或者整组在课堂讨论的时候在那里说笑话根本不练口语，所以千万不要因为不好意思or anything else 就第一次坐在角落里，这很大程度上也影响了你的整一个学期的上课体验。\n\nleah真的是一个好老师！唱歌还特好听！！！爱她
151190,1576,薛莉娅,2022-02-24 07:30:33,3,4,1,Leah超温柔！
157556,1576,薛莉娅,2022-06-23 16:58:17,-3,3,6,好老师，很温柔，就是感觉给分有点求是
160242,1576,薛莉娅,2022-09-15 14:51:37,-18,3,21,作为一个卷应试的高考大省的学生，我很不能适应薛老师的素质教育课程
160766,1576,薛莉娅,2022-10-10 09:24:53,-29,2,31,我认为很垃圾
161229,1576,薛莉娅,2022-11-01 09:00:13,-30,0,30,垃圾。
163379,1576,薛莉娅,2022-12-14 07:47:41,0,0,0,老师真的很温柔，发音很好听，在回答问题时会引导同学并且一直鼓励，真的很棒！
163913,1576,薛莉娅,2022-12-20 07:44:09,0,1,1,薛老师我爱你！
165892,1576,薛莉娅,2023-01-10 08:48:03,1,1,0,喜欢leah～老师很可爱很温柔，上课也用心负责，课堂展示社恐友好，以小组展示为主，形式也很多样
168689,1576,薛莉娅,2023-02-21 05:07:30,0,2,2,4.2选手来了，老师真的超级温柔超级可爱！选她没有问题！
169208,1576,薛莉娅,2023-02-24 15:55:18,-1,5,6,leah真的太好了5555\n\n人很温柔，讲英语很好听，也总能恰到好处地调动气氛。\n\n事情不多，展示有两次，一次个人一次小组。第一节课坐的座位就是分组，以后也不会变了。\n\n课上老师会补充很多有意思的相关内容进来，往往第一节课全是拓展，第二节课才进入课文，然后拖一会堂qwq\n\n最后4.5飘过啦谢谢老师5555 以及，学期最后所有的成绩老师都会按学号公示出来，清楚明白，平时成绩好像也是极大参考了学生自评。\n\n不过客观公正地讲，leah老师的课倾向素质教育，对英语水平没那么自信的同学有小点不友好。但来了一定能学到东西！
169330,1576,薛莉娅,2023-02-25 12:26:57,0,0,0,老师超级好！讲课生动有趣，非常照顾同学们，太爱了！！！
170199,1576,薛莉娅,2023-03-02 03:15:34,3,3,0,leah真的非常温柔，平时的任务压力也不大，而且在教学上有很多自己的想法，说是重新构造了我对英语学习方式的观念也不为过，如果真的能跟紧老师的思路好好完成老师布置的任务，对英语学习肯定有帮助。在疫情期间还尝试过打字上课，虽然有点抽象但是还是能看到她就算自己阳了说不出话也要坚持上好课的决心\n\n不过上她的课是很需要大家的自律的，平时她布置的作业很多都没有上交或者检查的要求，摆烂是我的问题，不是leah教得不好QWQ
173937,1576,薛莉娅,2023-06-05 03:47:52,1,1,0,爱了爱了
175152,1576,薛莉娅,2023-06-22 03:00:41,3,3,0,老师真的很温柔很好，同学上去课前演讲也会温柔鼓励，就算说得不好老师也能从中发现你的闪光点。分数差的可以考虑一下自己的问题，大英成绩老师能控制的部分真的很少，主要还是考试成绩
180244,1576,薛莉娅,2023-09-20 16:43:11,1,1,0,老师真的很好！
180688,1576,薛莉娅,2023-09-25 01:43:21,0,0,0,吹爆吹爆
182417,1576,薛莉娅,2023-11-16 00:24:55,4,4,0,10分，老师人超好，就算我期末挂掉也会保持10分。
184033,1576,薛莉娅,2023-12-07 00:05:10,2,2,0,Leah老师人真的特别特别好！！！对学生特别的和善，很关照学生！！！
184708,1576,薛莉娅,2023-12-22 09:17:01,4,4,0,Leah超级温柔上课也很好！！我是那种上课经常摸鱼刷手机，有课本练习就跟着做，有时候会跟着老师听（摸鱼之后就不太敢正视老师了wwww），有时候碰到有共鸣的话题会发言（一个学期发言5次差不多，我发言之前都会贼紧张，但是老师都会特别认真听，也会附和&点评这样子的）。作业不多不少（每个reading要做chunk translation，每个单元会有课文summary，但是收作业频率很低，每次抽查只抽一个组，可能一个学期每个人只会检查到一次作业本叭）。还没期末，但是很喜欢老师！！
184780,1576,薛莉娅,2023-12-22 15:49:46,1,1,0,10分走没话说
185326,1576,薛莉娅,2023-12-28 02:23:17,2,2,0,10分，无需多言
186034,1576,薛莉娅,2024-01-08 02:55:37,1,1,0,老师真的太棒了，强推！
186112,1576,薛莉娅,2024-01-08 13:16:43,0,0,0,特别好
186188,1576,薛莉娅,2024-01-09 09:31:35,0,1,1,老师人超级好，很通情达理，dddd，本人英语属于非常菜的那种，都能很喜欢这位老师。如果实在要说的话就是作业有一点点多，但是老师很少检查，反正我一直没被检查过（虽然我写了）。那些骂leah老师的是什么心态
186198,1576,薛莉娅,2024-01-09 10:25:52,8,8,0,真的超级超级爱Leah\n\nLeah在打平时分的时候尊重大家的自评，(如果打高了Leah会尊重，打低了Leah给你往上加)我的平时分是给满了的，班里很多同学都是满的，最低的也有四分(合理原因请假Leah都不扣分的)\n\n最后一节课Leah还给每位同学发了Lucky Candy，希望大家大英能够考试顺利。我非常有幸还拿到了Leah奖励的限量版联名本，真的给了我很多在浙大继续学下去的勇气，回顾的时候我能感觉到Leah其实热泪盈眶了。\n\n大英很难，但是Leah很好，上课也很有趣，有小视频等各种各样的形式，是我上过最好的英语课。\n\n成绩还没出，不过最后一次小测Leah捞了的，不过结果如何，这个10分必须打上
186416,1576,薛莉娅,2024-01-11 12:00:13,0,3,3,感谢老师
186419,1576,薛莉娅,2024-01-11 04:17:45,1,1,0,leah真的很好，虽然被卡了，但是大英的老师几乎都捞不了，很感谢leah，我也拿到了lucky candy和限量版本子（踊跃发言噢），老师很温柔很好，很喜欢leah哈哈哈哈哈
186426,1576,薛莉娅,2024-01-11 04:35:59,1,1,0,10分，无需多言
186441,1576,薛莉娅,2024-01-11 05:39:42,2,2,0,小小指正一下楼下的课友的评论哦，就是“平时分”指的是那个5分的平时表现分呐，这个分数Leah老师会让我们自己先打，然后她再做调整，基本上都是在尊重我们自己的情况下往！上！调！的，也就是尽量五分拉满的，据我所知有些老师连这个都要正态导致班里五分的人寥寥无几；然后Leah老师上课也很温柔，鼓励发言，也有超多正向反馈！！还有小贴纸和棒棒糖呜呜呜，拜托了她真的很好！！
186628,1576,薛莉娅,2024-01-12 07:55:03,1,1,0,非常好的老师，课堂氛围很轻松，上课很快乐，经常和同学们互动，也乐于分享自己的生活，对每一位同学都很好，就是作业会有一点小多（虽然我很多都没写）。最后期末也有被捞到🥰非常荣幸这一个学期能进入Leah的班级
186728,1576,薛莉娅,2024-01-12 21:31:59,1,1,0,老师人很好，教学也很好，有语料库、语块等教学方式，很适合大学想进一步学习英语的学生。Leah很注重学生的课堂发言，希望能够参加课堂讨论，锻炼我们的口语。最后感谢Leah，让我在大英拿到很棒的绩点！！
187711,1576,薛莉娅,2024-01-17 08:03:33,1,1,0,温柔又负责
188734,1576,薛莉娅,2024-01-19 17:45:48,2,2,0,选到就是赚到!
193062,1576,薛莉娅,2024-06-03 07:42:07,5,5,0,发言会得到超多的正向回应
194782,1576,薛莉娅,2024-06-25 11:33:12,0,1,1,满分，无须多言。绩点低这是课程的问题，每一项都规定的很死，老师能控制的分数也就5分，而且基本都给4以上的。\n\n大英最重要的还是体验，总之选到就是赚到
197231,1576,薛莉娅,2024-07-09 14:32:17,2,3,1,选到leah班就是赚到，除了口试分配到的评分老师给分偏低吃了点小亏，平时分和期末分都很满意，大英34都成功4.8上岸~
199116,1576,薛莉娅,2024-09-18 02:10:06,2,2,0,很好很温柔的老师
199185,1576,薛莉娅,2024-09-19 00:58:12,-14,0,14,再下课的前30s布置作业，等过了个10分钟左右再说“做好了的同学可以先休息一下”（基础差一点的根本做不完，早八的课本来就困，45分钟后不让休息效率更是降低，无语）
201701,1576,薛莉娅,2024-11-05 13:26:22,9,9,0,发言和小演讲的正向回应超多的！leah有很认真的听每个人的演讲和回答并且给出非常中肯（且肯定你）的建议！虽然下课不太多，但微瑕难掩瑜！
206159,1576,薛莉娅,2024-12-13 06:39:40,0,0,0,好老师好老师好老师！！！
206168,1576,薛莉娅,2024-12-13 06:58:17,1,1,0,老师很温柔~平时上课会鼓励回答，我觉得评论区说对差的没帮助可能是缺少一点主动吧，有几次站起来回答问题卡壳了，她也会帮你说下去，一点都不会让你尴尬，回答完了之后跟你说excellent！很感动呜呜。如果老师让我批评了我举手却不会的行为，可能就真的会一次外向换来终生内向。很感谢薛莉亚老师~有时会拖课。
207567,1576,薛莉娅,2024-12-23 06:34:56,1,1,0,很喜欢的一位老师，可惜大英四选不上她的课了
208001,1576,薛莉娅,2024-12-25 07:32:36,2,2,0,老师太棒了🥹🥹🥹非常关心学生，给分好，简直完美
208006,1576,薛莉娅,2024-12-25 07:48:07,1,1,0,老师真是太好了＼(^▽^)／！给分好，关心学生😊
208036,1576,薛莉娅,2024-12-25 09:43:50,1,1,0,无敌的（爱蜜）莉雅天使碳
208146,1576,薛莉娅,2024-12-26 02:41:03,0,0,0,❤️❤️❤️
208529,1576,薛莉娅,2024-12-29 03:43:24,0,0,0,很好的一位老师！
209023,1576,薛莉娅,2025-01-04 08:35:10,1,1,0,爱leah
209026,1576,薛莉娅,2025-01-04 08:41:54,0,0,0,薛老师真的超级超级好，非常温柔的老师。最后成绩还是要靠自己努力的，预制的薛老师你就偷着乐吧
209083,1576,薛莉娅,2025-01-04 11:39:18,2,2,0,大英课纯纯摸鱼在下面玩手机，一开始还有点烦老师总要下来跟我们交流，现在回想起来那是在拼命捞你啊！！！裸考小子被捞到平均水平我真的感动加愧疚，老师我对不起你下次还选你！！！薛老师真的天使啊发音巨好听上课认真听的话真的很有意思一点架子都没有的，跟她请假都是会批的而且请假三次以内不扣分，请病假甚至还会关心你，我直接10.0吹爆！不管你是摸鱼还是认真听无脑冲就完事了选上绝对是福气，硬生生把水课上出含金量。
209102,1576,薛莉娅,2025-01-04 13:13:33,2,2,0,虽然最后被卡绩了，但是都是大英这门课的错。下学期还选上了老师的课，嘿嘿嘿嘿嘿
209145,1576,薛莉娅,2025-01-04 16:57:10,1,1,0,Leah老师真的超级好！在她的课上发言真的会得到超多回应，情绪价值拉满！可惜下学期没选上她的课，Leah你别走啊，没有你我可怎么活啊😭😭😭
212331,1576,薛莉娅,2025-01-14 01:36:05,-1,1,2,老师人巨好，上课巨有趣，尊重每一个学生的发完，经常准备小礼物给pre演讲好的同学，给分不理想真的不是老师的错，是大英这门课的错，虽然被给了4.2，但真的爱死这个老师了🥰🥰🥰
213000,1576,薛莉娅,2025-01-15 13:23:57,0,0,0,绝对是好老师
215753,1576,薛莉娅,2025-03-05 07:36:33,2,2,0,老师挺好的，但是事情有点多，不喜欢英语的不建议选
217579,1576,薛莉娅,2025-04-14 00:34:57,-6,0,6,屁话是真多，上课上的水，很多时候在解释不知道什么东西，然后自己在那乐呵，烦死了，完全比不上我去年上的胡xy老师，好好按部就班上课本不好么，听写小测什么的也不提前通知题型
220173,1576,薛莉娅,2025-06-16 03:57:53,1,1,0,爱死老师了，大英四比我大英三高了0.6，还给我捞了一把，选！！！
220178,1576,薛莉娅,2025-06-16 04:40:08,1,1,0,很好的老师，给分很捞
221442,1576,薛莉娅,2025-06-23 13:05:54,0,0,0,神，无需多言
1269,1583,黄小扬,2017-11-17 10:45:21,109,124,15,老师好漂亮
1315,1583,黄小扬,2015-03-21 23:50:27,30,35,5,上课非常有趣，老师人很好
1628,1583,黄小扬,2015-03-23 02:33:37,26,32,6,除了给分难满绩外 上课风度啊作业布置啊都很好
1631,1583,黄小扬,2015-03-23 02:36:34,80,89,9,女神呀！发音很好，上课注重互动，表现好是肯定能拿比较好分数的。
4274,1583,黄小扬,2015-06-18 13:44:49,39,48,9,很有气质修养的老师，注重互动，真的可以学到东西。大英书的编者里有她哦。
4908,1583,黄小扬,2015-06-30 09:28:31,-48,3,51,水
5010,1583,黄小扬,2015-07-02 04:06:51,53,58,5,超级棒！上课互动比较多，但这样才能学到东西啊！人很温柔，很女神！
5060,1583,黄小扬,2015-07-03 02:23:39,10,13,3,挺好的
5232,1583,黄小扬,2015-09-15 06:00:30,21,24,3,老师上课超有趣
6833,1583,黄小扬,2015-07-23 12:24:46,27,32,5,发音炒鸡标准！温柔善解人意的好老师！
8787,1583,黄小扬,2015-09-27 12:29:03,7,9,2,很好，发音准
10681,1583,黄小扬,2015-11-22 10:27:42,12,14,2,听她的课很开心
11478,1583,黄小扬,2015-12-02 11:18:59,17,20,3,女神。
12201,1583,黄小扬,2015-12-22 09:55:52,7,9,2,发音好，课堂氛围很轻松
12253,1583,黄小扬,2016-01-05 10:48:49,50,52,2,选上她的课你就偷着乐吧！上课有趣人又和蔼，而且价值观也非常正！很舒服～
12335,1583,黄小扬,2015-12-23 03:54:28,0,3,3,超级超级好作业也少人又温柔
12552,1583,黄小扬,2015-12-23 12:57:29,4,5,1,很注重互动，能打起精神。\n\n
13263,1583,黄小扬,2015-12-26 01:58:11,4,5,1,很棒，挺好的老师
13539,1583,黄小扬,2015-12-29 04:58:38,5,7,2,超棒的 快学期末了好舍不得
13724,1583,黄小扬,2015-12-30 12:03:56,3,5,2,老师很好
14443,1583,黄小扬,2016-01-07 06:32:33,32,36,4,老师真的很好！很女神的老师！上课很用心，可以记住班级里所有人的名字～发音也很好哇～～真是可惜大英四选不了她的课
15099,1583,黄小扬,2016-01-16 11:08:01,-6,8,14,给分的确差
15175,1583,黄小扬,2016-01-12 12:17:53,0,2,2,女神老师
15317,1583,黄小扬,2016-01-13 14:45:48,7,10,3,超级好的老师。可以大英四遇不到了。上课很有趣，不开小差，注重互动！
15791,1583,黄小扬,2016-01-16 09:24:18,0,1,1,非常好
15811,1583,黄小扬,2016-01-16 10:12:45,9,11,2,黄老师是女神！特别有气质！很喜欢女神的大英课，发音很准哦~能选上她的课你就乐吧！要离开黄老师了特别舍不得..
15828,1583,黄小扬,2016-01-16 11:25:08,2,5,3,好老师！注重讨论，也会控场！给分也好！
15861,1583,黄小扬,2016-01-16 12:35:40,6,8,2,教的好然而我渣渣
15869,1583,黄小扬,2016-01-16 12:53:00,20,23,3,感谢老师没让我挂……老师超级好，只是我英语实在是太差太差了
15870,1583,黄小扬,2016-01-16 13:02:00,9,11,2,气质女神。温柔。善良。尊重每一个学生。会点头鼓励你说下去。总之特别好
15913,1583,黄小扬,2016-01-16 14:59:39,0,2,2,上课活跃不沉闷，挺好的
15952,1583,黄小扬,2016-01-16 16:46:48,2,3,1,超棒的老师 女神 上课很有趣
15970,1583,黄小扬,2016-01-17 00:41:44,15,19,4,真的可以记住每个人的名字，就是给分有点，额，如果不积极的话。\n\n
16451,1583,黄小扬,2016-01-18 06:16:04,2,3,1,老师人很好，来自一个大英几进挂科的同学。
16642,1583,黄小扬,2016-01-18 15:00:40,4,4,0,老师上课很有氛围课堂感觉很好
16702,1583,黄小扬,2016-01-18 23:53:53,-13,6,19,老师，我给了你十分，你才给我3.3
17232,1583,黄小扬,2016-01-20 02:18:51,2,3,1,只要你认真 给分超好\n\n
19252,1583,黄小扬,2016-01-23 16:06:40,8,18,10,评分：9\n\n硬件：发音标准；外貌和年龄不符\n\n软件：善良\n\n课堂：注重小组讨论，没人发言会随机点人，但发言语法问题基本不会指出；有个人和小组展示（自愿）\n\n给分：客观
19340,1583,黄小扬,2016-01-24 02:11:42,3,6,3,女神，认真听课互动绩点绝对不会低！
25757,1583,黄小扬,2016-06-07 01:19:49,2,4,2,大英3.4都是黄老师，真的很喜欢她的为人，一直都在鼓励学生。
26320,1583,黄小扬,2016-06-17 01:08:58,2,3,1,超棒！
26728,1583,黄小扬,2016-06-21 03:35:49,2,4,2,今天上完最后一堂课，过来评论一下。黄小扬老师真心女神！长的也好看，平时成绩出来了给的也不错，成绩主要看个人，强烈推荐！
26781,1583,黄小扬,2016-06-21 05:59:32,2,3,1,人很温柔，任务少，平时很注意互动，也很用心~非常喜欢这个老师
27153,1583,黄小扬,2016-06-23 08:23:46,4,5,1,像漂亮的邻家姐姐一样，话说我的关注点似乎偏了。。。还有就是发音真的超标准
27175,1583,黄小扬,2016-06-23 10:54:39,2,4,2,老师很温柔，上课也很有趣。大英四是其它老师的，超级想念老师的课堂。
27651,1583,黄小扬,2016-06-27 06:54:05,5,6,1,大英可以有两次未经请假的缺席 发音好听 人温柔 课有趣 很多互动 认真学可以学到很多东西 小组讨论很多最后和小组同学关系超级好～还可以记住全班人的名字 简直太棒啦！！表白！！
28845,1583,黄小扬,2016-06-28 22:53:10,2,3,1,老师水平不错，给分也不错，不过大英基本全看自己实力，跟老师没什么关系\n\n
28971,1583,黄小扬,2016-06-29 04:38:27,2,3,1,老师很负责，给分也很好，推荐
29319,1583,黄小扬,2016-06-29 15:09:48,2,3,1,老师超级棒，上课认真，关心学生，很喜欢的老师
29705,1583,黄小扬,2016-06-30 08:11:45,4,6,2,黄老师真是很好的老师啦，人很漂亮，发音极好，能记住学生名字，关心大家，注重互动，只要自己努力，无论是英语的收获与给分都是超级好的！
30561,1583,黄小扬,2016-07-02 03:13:54,3,6,3,老师超级棒，很会控场，发音也很标准。选了英语视听说本来觉得会被虐的很惨，不过一学期认真学学下来绩点出乎我意料的高～
30677,1583,黄小扬,2016-07-02 07:47:53,2,3,1,很好很客观
32856,1583,黄小扬,2016-07-19 05:00:15,4,5,1,完全女神啊！上课节奏很好，会照顾到每个学生的感受，口音语调perfect！而且人超级温柔！上老师的课简直是种享受！
38883,1583,黄小扬,2016-12-19 15:49:47,1,2,1,绝对标准的发音，注重语言能力和听说，作业也很良心，非常棒的老师
39161,1583,黄小扬,2016-12-21 11:47:41,3,4,1,轻松，上得很用心
39389,1583,黄小扬,2016-12-22 11:18:02,0,2,2,1分，给辣鸡助教，语法错误听不出来发音错听不出来，背课文少了一句完全不提醒倒是有扣分理由了，神坑，想重背还嫌烦，黄老师是很好的，这种破烂助教好下岗了
39856,1583,黄小扬,2016-12-28 04:21:22,3,3,0,超级棒的老师！上课有很多互动，对学生很好，无论发言怎么样都是在鼓励。发音非常标准，超喜欢！
40066,1583,黄小扬,2016-12-29 04:54:31,3,3,0,绝对满分，棒极了，老师特别耐心，让我爱上英语！
40124,1583,黄小扬,2016-12-29 09:55:30,3,4,1,感觉她非常负责，而且很亲切 就像好朋友一样 。会教我们很多有意思的英文表达，在课堂上非常轻松，和组员完成一些简单的口语任务，形式又有很多种。总之是可以学到很多东西，非常喜欢黄老师。
41093,1583,黄小扬,2017-01-09 07:00:37,3,3,0,上完了老师的大英四，超级喜欢她，很温柔，很nice，收获很多，超级女神!下学期选不上女神的英语视听说好气啊！
41269,1583,黄小扬,2017-01-10 10:26:37,6,6,0,沉浸其中
41973,1583,黄小扬,2017-01-13 10:40:16,3,4,1,老师好棒呀～温柔，发音准，对学生很好。但是也是一个很有原则的人，考试违纪或者作弊是不会被原谅的。
41981,1583,黄小扬,2017-01-15 09:29:17,7,7,0,有两次可以不请假缺席的机会呦，而且发音很棒，也真的可以教给你很多东西。给分嘛很客观，你只要认真努力就一定有回报的。难以割舍的英语老师
41982,1583,黄小扬,2017-01-13 11:00:42,10,10,0,老师气质很清雅 很温柔 发音好 且上课经常会给我们列举一些实用的单词或者词组 人也超级好！讲原则 但是真的很关照学生 积极参与 作业认真的话成绩不会差的。
41985,1583,黄小扬,2017-01-13 11:07:19,2,2,0,老师很和蔼，很好
41996,1583,黄小扬,2017-01-13 11:25:03,3,3,0,老师超棒噢，上课很多pre和听力练习，收获超多。人又很和善，说错了也没事。给分也很棒棒噢～
41999,1583,黄小扬,2017-01-13 11:30:22,4,4,0,老师超级棒啊啊啊啊。感谢老师的惊喜…原来以为大英要跪了。
42000,1583,黄小扬,2017-01-13 11:34:11,0,1,1,老师超级好！虽然我不认真，给老师拖后腿了好难过
42052,1583,黄小扬,2017-01-13 13:12:07,1,1,0,老师人超级好 超有气质 啊 非常好 下学期还选了她的课
42073,1583,黄小扬,2017-01-13 13:52:43,9,9,0,黄老师人很nice！课堂互动很多内容很丰富不会闲下来开小差 也认识了同组的很棒的同学 很棒的老师很棒的课！可惜老师没开别的班了～不然一定选～
42097,1583,黄小扬,2017-01-13 14:45:58,6,6,0,虽然3.3，但是就算再给我3.3还是要上老师的课！
42185,1583,黄小扬,2017-01-14 00:32:32,9,9,0,3.6有点沮丧，但是老师真的超级好，自己水平差怨不得别人，能选一定要选我们的女神老师！
42290,1583,黄小扬,2017-01-14 03:36:58,1,1,0,老师人特别好，特温柔，上课也讲的很清楚。给分也很高，后悔平时没有认真听课\n\nπ_π
42416,1583,黄小扬,2017-01-14 07:13:48,8,9,1,第一次听老师开口就完全醉了，好温柔好好听!上了大英之后拼死拼活也要再选上视听说!还有还有，第一次被叫出名字的时候心里真的暖~超级棒!
42729,1583,黄小扬,2017-01-15 04:01:22,4,4,0,虽然我得了3分，但我觉得老师真心好，得分低还感觉自己根本没好好学挺对不起老师的，那些说老师给分低的什么心态，老师已经尽力给高分了好吗
43397,1583,黄小扬,2017-01-16 08:12:51,2,2,0,很温柔的女神老师，三观正，人好，很棒棒～
43577,1583,黄小扬,2017-01-17 18:21:23,0,1,1,声音很温柔，听着很舒服，是个好老师
44419,1583,黄小扬,2017-01-17 23:19:59,2,3,1,老师很棒的啊～虽然我英语才2.1的绩点（那都是因为我英语渣渣。。），强烈推荐，预置是老师的就不要退了
45481,1583,黄小扬,2017-01-19 15:11:48,1,2,1,老师允许两次不请假的缺课，而且很好说话很温柔，回答问题很细心(ง •̀_•́)ง
47410,1583,黄小扬,2017-01-26 05:30:40,1,1,0,老师人好，负责，发音好，上课准备充分，有干货有口语锻炼，非常好，基本上对她的大英课不满意的同学应该都是自己的问题。现在想想对于老师布置的课后自主复习基本没做很是后悔，期末补天以过了考试为目的学习感觉很对不起老师。希望后来上她的课的同学认真听讲，认真复习总结知识点，很有收获。感谢老师这一学期来的教导。
47769,1583,黄小扬,2017-02-24 06:02:52,0,0,0,棒棒哒
47978,1583,黄小扬,2017-02-28 01:06:00,0,0,0,老师从不听写，所以单词要靠自己。上课练习口语和听力的机会很多。不能说这样的方式对或者不对，但我觉得挺好。考前多复习。
48922,1583,黄小扬,2017-03-16 11:42:39,4,4,0,感觉事情略多，不预习会很尴尬。适合喜欢交流讨论的英语大佬们，不适合我这种不喜欢英语只想混外语类学分的人。
49323,1583,黄小扬,2017-06-28 01:41:06,-1,3,4,必须10分，老师真的很女神，4.5很开心
51110,1583,黄小扬,2017-05-17 13:35:13,2,2,0,wonderful
51217,1583,黄小扬,2017-05-24 09:56:31,3,3,0,备课很用心
51552,1583,黄小扬,2017-06-07 05:23:45,2,6,4,互动太多了，干不了自己的事（比如说自己在底下看教材）。我也不知道这是好还是不好。反正经常点名提问，每根神经都绷着，心累……
52930,1583,黄小扬,2017-06-23 14:50:05,1,1,0,超好超漂亮
52957,1583,黄小扬,2017-06-24 07:03:17,2,2,0,老师讲话很温柔，会温和地和同学互动。有几回口误还会自己先尴尬地笑起来，特别可爱！虽然没有很认真地上大英5，但是课其实还是很不错的，也不事儿，挺好
53387,1583,黄小扬,2017-06-26 13:16:48,1,2,1,超级女神，平时分给的很好。
53509,1583,黄小扬,2017-06-27 01:17:40,4,4,0,绝对的女神。发音清楚舒服，课件也做得很好。设计了许多课堂互动锻炼学生的口语，如果想学的话可以学到很多，不虚的。
53642,1583,黄小扬,2017-06-27 08:32:17,5,5,0,老师真的是超级温柔超有气质 上课讲着讲着会把自己也给逗笑 能上老师的课真的非常幸运！
53659,1583,黄小扬,2017-06-27 09:11:17,4,4,0,视听说 作业不多 老师也很好
53664,1583,黄小扬,2017-06-27 09:23:24,2,2,0,大英五。很舒服，很温暖的感觉；老师很棒，同学很好，选课很幸运。\n\n能学到很多，锻炼很多，尤其是听说的练习，关于阅读和写作，需要自己下功夫的！
53689,1583,黄小扬,2017-06-27 10:05:39,3,3,0,老师超温柔有气质 大英四也是老师的课 英语视听说也很幸运选上老师的课 视听说考口语的时候蒙了讲的很糟糕 口语分数也挺低的 以为绩点要悲剧 结果最后绩点出来也还可以 谢谢老师！(•ૢ⚈͒⌄⚈͒•ૢ) （出成绩也太快啦昨晚刚考的 随手一查居然出来了）
54543,1583,黄小扬,2017-06-29 14:51:43,36,36,0,大一进来上的就是大英四，超幸运的是预置的就是小扬老师；上了一学期虽然绩点不太好，但是老师太好了，又签了视听说的条子。老实说，老师的课不适合来混学分的人，因为上课的干货很满，而且有很多互动，基本每堂课后都会有小小的作业。但是如果你想要好好学，真的可以学到很多！！！上课的时候也不会很严，像我这种几乎每节课都会睡觉、课后作业总是忘记做的人，老师也不会为难你，只是你自己会觉得愧疚、对不起老师。老师的给分很细致公正，分低的时候也明白是自己的问题。从来没有写过这么长的评价，真的太喜欢老师了
55118,1583,黄小扬,2017-07-01 00:45:21,5,7,2,真的女神T^T老师太温柔体贴了，即使我不喜欢点人回答问题这种形式但老师这样做完全不会让人感觉不舒服，答得不好老师也不会批评而是用更合适的表达概括一遍再问你“是这个意思吗”T^T太喜欢老师了！即使绩点低也是自己没学好...
58783,1583,黄小扬,2017-09-17 12:17:20,3,3,0,非常好的老师
59242,1583,黄小扬,2017-09-20 10:38:32,2,3,1,温柔大方好老师！！
60239,1583,黄小扬,2017-10-15 09:00:51,0,4,4,大英三四都很幸运的选上了老师的课，人美温柔，任务不重，但真的学到了很多东西，两个4.5
61171,1583,黄小扬,2017-11-10 00:53:33,6,7,1,在做完手术后修养了两个星期就来上课了，超级敬业！
64602,1583,黄小扬,2017-12-25 12:36:31,0,3,3,大英四五都是黄老师的课，真的很棒啊！老师上课注重交流互动，很赞！
64741,1583,黄小扬,2017-12-27 04:23:08,1,3,2,表白lorna(●'◡'●)ﾉ❤
66618,1583,黄小扬,2018-01-17 14:14:32,2,4,2,女神，没说的。很高兴本科四年的最后能是黄老师的英语视听说课程，圆满了。
66726,1583,黄小扬,2018-01-18 14:13:31,-8,1,9,学到的东西不多，但是提供很多机会发言和听力，好好练习分数不会低的~
67133,1583,黄小扬,2018-01-20 10:11:16,4,4,0,英语视听说，课前演讲和pre确实锻炼口语和表达，一学期下来对pre也更轻松自如了叭，当然新闻也锻炼听力。给分明确，能学到东西～遇到lovely groupmate更是幸事嗷！
67179,1583,黄小扬,2018-01-20 11:55:19,-3,3,6,给分有点无语
67198,1583,黄小扬,2018-01-20 12:40:06,7,8,1,每节课都有individual pre的部分，要把握好每一次锻炼自己的机会，虽然刚开始会有点压力，但是确实对自己能力的提升很大。从刚开始根本没接触过pre，到后来已经能轻松自如地应对了，痛并快乐着。本来觉得自己是大一，会被学长学姐们虐的很惨，但是只要好好学，还是可以的。有两次阶段性的listening quiz和group pre，最后有一次大的oral test和listening test，说实话口语测试的时候还是有点紧张的，但是挺过来就会发现其实没那么难。总之，上完课之后很爽，感觉上完课之后得到了升华。老师人很好，很正直，很负责，很可爱，反正就是很nice。给老师打call～
67334,1583,黄小扬,2018-01-21 00:51:38,2,2,0,老师人很好！！
67373,1583,黄小扬,2018-01-21 04:34:57,1,1,0,老师很敬业！这学期刚做完手术身体状态可能不好但教学准备很足。老师上课内容很充实，有展示环节能锻炼自己的表达。老师能记住所有同学的名字，而且人超好很女神。
68969,1583,黄小扬,2018-01-24 07:20:24,3,3,0,老师认真\n\n我很喜欢\n\n❤️
69845,1583,黄小扬,2018-01-25 13:44:15,3,3,0,老师真的是很棒!上课干货多又不会让人感觉信息过多承载不来，给分也很明确，不过最主要还是要看自己了
71489,1583,黄小扬,2018-01-28 13:54:33,4,4,0,大英五 老师人很好！会记住每一个学生 口音好听上课有收货作业也不少……给分很明确完全看自己能力如何有没有努力
74826,1583,黄小扬,2018-03-06 04:55:33,1,1,0,虽然给的绩点不是特别高的那种（大英V绩点3.6），不过上这个老师的课是非常舒服的一件事。会给我们放英文歌的MV，也在圣诞节附近的一节课给我们玩了一个小小的游戏，长得不算美若天仙，可是气质却是超群的。老师温润如玉，其臭如兰。
76378,1583,黄小扬,2018-04-05 13:22:39,1,1,0,老师和蔼有风度，口语无可挑剔，课程安排得当，选上她的课十分荣幸
79723,1583,黄小扬,2018-06-13 05:10:40,3,3,0,老师超级敬业，也很亲切。上课干货很多，会鼓励你说英语。老师的发音也很标准。总之超级棒的上课体验。
80145,1583,黄小扬,2018-06-20 14:13:02,2,2,0,思路清晰，发音好听，语速适中，有思想有态度，认真负责的好老师！
80573,1583,黄小扬,2018-06-28 04:05:05,5,5,0,老师忍着痛没请假，坚持来上课真的是令人很感动敬佩了，虽然说自己不太幽默但还是努力地调动课堂氛围。PLUS，我们班总体颜值好高。
81385,1583,黄小扬,2018-07-05 03:15:23,4,4,0,老师很好，是我太菜了，劝大家轻易不要选大英五。。。。
81396,1583,黄小扬,2018-07-05 03:37:59,6,6,0,黄老师超级棒！大英五虽然课文难度和词汇量比较大，但认真学真的可以学到很多！^ ^
81406,1583,黄小扬,2018-07-05 04:08:09,1,1,0,好老师！
81411,1583,黄小扬,2018-07-05 04:16:15,8,8,0,老师真的超棒！虽然最后绩点不高（大英五3.6）但是那是我自己水平有限，不能怪老师！老师口语听起来特别舒服，而且很令我感动的是老师开学半个月就把全班人的名字都记住了！而且中间又一次老师摔倒了还是带伤给我们上课，真的感动到哭！上课也是满满的干货，嗯，绝对很有收获！很幸运大英五能选上黄老师的课！虽然拉低均绩但永不后悔！
81434,1583,黄小扬,2018-07-05 05:30:41,3,3,0,老师我觉得是我进浙大以来目前最喜欢的老师没准了。上课积极发言平时分不会少，期末考吗，自己听力太差了结果就崩了。反正黄老师的大英五是干货满满，btw老师云村的歌单总是和我莫名相近真的非常惊喜
81539,1583,黄小扬,2018-07-05 10:31:16,1,1,0,收获很多!老师很和蔼很用心!虽然绩点不高!但不后悔hh
82722,1583,黄小扬,2018-07-09 04:27:57,2,2,0,超级棒，给分也很好！
82807,1583,黄小扬,2018-07-09 07:08:07,2,2,0,英语很舒心
85127,1583,黄小扬,2018-07-15 14:14:37,1,2,1,视听说干货很多，很有用，就是老师给分我觉得略严，拿到高分真的很难。
88804,1583,黄小扬,2018-11-08 08:28:41,4,4,0,老师超温柔，教得也超级好！！！！！为女神疯狂打电话！！！！！
91763,1583,黄小扬,2018-12-19 14:22:48,4,4,0,呜呜呜老师超级认真很温柔很美，讲话让人很舒服，课上知识点多又很好记，感觉自己的写作技能真的提升了好多好多！感恩(≧∇≦)
92653,1583,黄小扬,2019-01-03 10:02:52,4,4,0,很幸运预置了老师的大英四，上老师的课真的是一种享受，虽然每个人都被允许有两次不请假的翘课机会但是根本用不上啊！！总之是一个很温柔漂亮而且水平很高的老师，作业不多而且即使没有完成或者上课问题回答不上来老师也从来不会苛责，上课的discussion也都很有意思，总之上课的体验就是两个字：舒服！
93474,1583,黄小扬,2019-01-10 02:55:20,6,9,3,老师真的很厉害很厉害，作业，考试都还好，但真的不适合英语基础差的人，课堂几乎全程提问，因为自己的菜，她的课是我上过最压抑的。
93597,1583,黄小扬,2019-01-11 01:01:27,5,5,0,55老师这学期第一次教写作，但是每堂课都能感受到备课的用心，55爱她！\n\n
94179,1583,黄小扬,2019-01-15 12:57:05,4,4,0,老师很温柔
94900,1583,黄小扬,2019-01-18 12:32:14,5,5,0,讲课十分有气质\n\n给分好\n\n女神，不解释，能选上她的课就是福分
94907,1583,黄小扬,2019-01-18 12:41:54,4,4,0,本来对CE4这门课不抱希望，整个学期上得感觉十分吃力，上课基本不发言，但看到分数之后简直要感动哭，虽然比不上大佬们但真的喜出望外了。记得老师讲笑话努力又尴尬的样子，记得圣诞节那一天老师放了好几首圣诞歌曲，还有最后一节课的填字。只是后悔没有用心上这节课，如果我更加用心的话，黄老师的CE4会成为很美好的回忆吧。
94909,1583,黄小扬,2019-01-18 12:45:48,-1,1,2,，，，
94914,1583,黄小扬,2019-01-18 12:49:54,3,3,0,很自然，老师人也特别温和
94931,1583,黄小扬,2019-01-18 13:07:00,4,4,0,老师太女神了，人很温柔，讲课清晰，发音很标准，听小扬姐姐的课简直享受！课堂讨论和发言很多，挺锻炼口语水平的，想好好学的同学强推！！\n\n给分很公正，都是自己努力的结果，平时好好学，积极参加课堂，考前认真复习，得分就很好。
94973,1583,黄小扬,2019-01-18 14:04:25,3,3,0,真棒?老师特别温柔，作业也不多，批改作文非常认真，真的很好。是我的女神。绩点也不错，没有卡绩，开心
94980,1583,黄小扬,2019-01-18 14:08:02,3,3,0,老师超级好 上课认真负责 能学到很多东西
94982,1583,黄小扬,2019-01-18 14:11:16,2,2,0,两个字 舒服
95004,1583,黄小扬,2019-01-18 14:40:06,6,7,1,真•女神！！！超级温柔，口语超好听，很舒服很享受，表达也很地道！\n\n不仅会讲课文里的语言点，还会补充相应的文化背景知识，扩充词汇（不考的，就是很好用很地道的表达）；听力练习也很到位，会让我们适应考试的题型，也有课外的趣味小短片;课上也有充足的锻炼口语的机会，会有提示、鼓励用课上刚刚学过的表达（这点超棒！），很有收获；写作的压力也不大，会照顾我们考试和小测的时间段合理地布置，反馈也很有针对性，好好运用上课所学，观点要能写的深入，而且老师也表示冰果网上的评分不靠谱hhh(书评老师会看、调分的），作文成绩取最高的4次很贴心了！上课回答一点问题（真的不难的），平时分会给满的。\n\n大英四这门课小测和考试的话，准备的时候建议多看多读课文（敲黑板），单词意思要记牢（如果没有时间），有时间的话用法全掌握当然更好～\n\n很有魅力，女神～～～课间会放音乐?（很喜欢the dragonborn comes那首！）是发生共鸣、扩充自己英文歌单的好机会！ \n\n疯狂打call?
95051,1583,黄小扬,2019-01-18 15:41:00,2,2,0,老师知识丰富，上课有趣，令人享受。QQ私信问题有问必答，善解人意，真的很幸运能在大一遇到黄老师。绩点的话平时努力学考试认真准备课内内容问题不大，其他的就要看自己的积累了…
95214,1583,黄小扬,2019-01-19 05:08:06,3,3,0,好老师 女神
95323,1583,黄小扬,2019-01-19 08:12:24,5,5,0,老师是水平很高、上课很好、气质很棒、发音标准的女神！！！老师的课一点都不水，可以学很多东西，然后课间的时候会放音乐～圣诞节之类的节日都有专题小活动，真的超级棒！！！！吹爆吹爆
95471,1583,黄小扬,2019-01-19 12:34:51,6,6,0,老师真的超级温柔超级女神啊呜！最后平时分出来我都要被感动到哭了? 没上4都是我自己不努力太菜了 老师给分很公正很客观 作文也会写超级认真的评语 非常后悔没有好好学大英了呜呜呜呜呜
95518,1583,黄小扬,2019-01-19 13:53:44,2,2,0,老师太好了
95993,1583,黄小扬,2019-01-20 10:31:24,4,4,0,老师真的是女神 超级好的 如果你选上了 就偷着乐吧
96455,1583,黄小扬,2019-01-21 04:12:23,7,7,0,太棒了！老师真的很温柔，会很努力想要记住每个同学的名字，会很认真地解释作文机器评分，会在圣诞让我们猜歌名，在课程结束前玩填字游戏，真的很好T^T（感动）表白老师和课友们～（ps:老师给分很公正的，上课让我几乎别走神）
97952,1583,黄小扬,2019-01-23 02:37:14,0,1,1,选上老师的课，很幸运很幸福。老师特别温柔，很有女神范儿。发音标准，上课讲的知识也特别多。而且！老师真的真的超级负责超级用心，最感动的是她在上完两堂课之后就把人和名字对上！老师竟然记住了我这个小透明的名字！她给我带来了大学的第一份温暖！
98296,1583,黄小扬,2019-01-23 09:31:11,1,1,0,超喜欢老师
99027,1583,黄小扬,2019-01-24 07:13:59,1,1,0,老师女神！\n\n发音很好上课很赞\n\n也很关心同学\n\n每次都是很认真温柔地听我们发言\n\n很幸运可以上老师的大英四，感谢！\n\n
100363,1583,黄小扬,2019-01-26 03:47:26,2,4,2,写作Ⅰ 每次project按照要求认真写 presentation用心准备 绩点肯定对得起自己的努力
102797,1583,黄小扬,2019-03-22 10:37:49,6,6,0,老师发音好，人也温柔，很用心地给学生上课。最后绩点也很公正，给的分和本人大英三绩点一样，4.5～
103130,1583,黄小扬,2019-02-26 06:02:46,3,3,0,黄老师太好了，人超温柔，给分也很好，学大英力荐啊！
103914,1583,黄小扬,2019-03-07 07:33:29,7,7,0,即使被拉低均绩，我也要打十分，老师的口语贼6，听起来贼舒服，唉、后悔没好好学
104190,1583,黄小扬,2019-03-13 15:09:25,-4,1,5,老师很温柔宽容 但是给分真不好
109904,1583,黄小扬,2019-06-20 05:54:28,3,3,0,老师很温柔，很细心，很有内涵
111018,1583,黄小扬,2019-06-29 06:56:24,3,3,0,不水，能学到很多东西
111115,1583,黄小扬,2019-06-30 01:12:15,5,5,0,老师真的特别好，细致耐心，可以看出对待工作很认真负责，而且几乎可以叫出每一个学生的名字，给分也特别公正公开，发音清晰，可以学到很多东西。如果上课认真听，课后好好复习可以得到不错的绩点。
111178,1583,黄小扬,2019-06-30 10:30:44,6,6,0,女神老师！！！黄老师真的太温柔了～有幸在浙大选到了黄老师的课真的十分十分的幸福～
111385,1583,黄小扬,2019-07-01 05:47:05,33,34,1,我不在意视听说的绩点了，因为它让我遇到了爱情
111664,1583,黄小扬,2019-07-02 12:20:40,21,22,1,大英V。首先结论是：大英V不绩杀，难度比IV大但也没大到不能接受。本人是因为上了黄老师的大英IV体验很好，才继续选了大英V。总的来说真的收获很多，大英V课文难度和词汇量比IV高出一段，对于能力提升真的有帮助。黄老师的两次专题作文写作讲解让人听了就会用，用了就能提升，真的很值得。考试的话和大英IV模式类似，阅读和选词填空可能会出的比较刁钻，课内部分都是考的上课讲过或者课本上的单词，踏实复习了就不会有问题。最后给分也是和大英IV相同的硬核客观公平给分，本人绩点还比大英IV高。说这么多，希望能给大英V正名。
114054,1583,黄小扬,2019-07-08 13:44:29,5,5,0,气质极佳，上课内容丰富，视听说是需要自己争取分数的课，老师给分很合理公正～
114470,1583,黄小扬,2019-07-10 04:50:35,9,9,0,视听说，气质女神，老师严格而温柔，用心而体贴，好像一个邻家大姐姐。讲课会很结合我们平时的生活，思想也很潮流，容易和学生打成一片。上课专题很前卫，记得有一次还讨论了QQ群匿名。而且老师是进入大学后到目前我遇见的唯一一个用滑稽表情包的老师，很有风度的幽默。这门课本身很难（反正我觉得比大英四难很多），上课需要听蛮多材料，而且会逼着我们走出舒适圈，去上台展示，just speak out。我英语不是很好，听力和口语都让我很头痛，甚至有点怕上英语课。但每周总会被老师的风度打动，也为班级讨论、展示的氛围所动。给分感觉是我到目前遇见的最公正的老师了，应该不怎么调分，但每一分都是辛辛苦苦得来的，因为公正所以也不会有怨言。老师是一位有风骨的老师。
115173,1583,黄小扬,2019-07-16 17:40:31,5,5,0,老师气质满满，口音标准，课堂任务多但都很使人受用，给分公正，期末考试难度适中
115952,1583,黄小扬,2019-08-26 15:43:36,3,4,1,不知道是不是因为老师发型的原因，最近看轮到你了，看到菜奈酱（原田知世）总会想起老师…大概是因为她们都是气质女神吧qwq
116374,1583,黄小扬,2019-09-10 00:08:33,2,2,0,幸福 老师太温柔了
116679,1583,黄小扬,2019-09-13 02:51:56,2,3,1,66666
117313,1583,黄小扬,2019-09-28 07:09:24,-38,8,46,虚伪吧
118131,1583,黄小扬,2019-10-21 10:06:24,10,10,0,作为上过女神老师的大嘤司和大鹦鹉的人，我实名diss楼下那位说“虚伪”的人
121558,1583,黄小扬,2019-12-12 11:52:43,2,2,0,女神老师
125284,1583,黄小扬,2020-09-05 13:39:18,4,4,0,给大学最爱的老师一个10分
125840,1583,黄小扬,2020-09-14 23:00:35,2,2,0,黄老师超棒！
125950,1583,黄小扬,2020-09-16 03:12:14,1,1,0,绩点比大英四还高
130614,1583,黄小扬,2021-01-24 03:15:09,4,5,1,绩点2.7，很伤心，但也是自己不积极发言和英语基础特别差的原因，老师挺好的
131506,1583,黄小扬,2021-01-27 23:23:30,8,9,1,写作有点急刹......
133763,1583,黄小扬,2021-03-05 00:25:27,5,5,0,给分有理有据，酷爱互动\n\n事不多，人美声甜\n\n美女老师，冲就对了
136628,1583,黄小扬,2021-06-22 06:44:28,8,8,0,虽然大英五还没有上完，我还是要为小扬老师正明！上她的课真的是一种享受，人超级温柔，很会照顾学生的感受，非常和蔼，英语方面非常专业，甚至大英五是我这几门课中最喜欢的。但是老师很鼓励小组讨论问题并发言，如果害怕说话的同学还是考虑一下～无论如何，我都爱她！
138489,1583,黄小扬,2021-07-09 13:27:06,4,5,1,老师真的温柔又真诚！感觉给分也是尽力往好了给了
138492,1583,黄小扬,2021-07-09 13:50:43,4,4,0,希望以后还有机会上老师的课！
138734,1583,黄小扬,2021-07-10 15:07:11,4,7,3,个人感受是，无论非英专学大英，还是英专学综英，hxy老师都是非常认真的！给分客观公正，同学的努力都看在眼里！一分耕耘一分收获，选就对了！
138741,1583,黄小扬,2021-07-10 15:28:42,4,6,2,老师人挺好，也很温柔，也很专业。\n\n上课有一丢丢无聊。\n\n不过我菜，所以被绩杀了。
140619,1583,黄小扬,2021-09-14 11:44:26,0,6,6,超级绩杀
143761,1583,黄小扬,2021-12-05 07:11:33,-4,11,15,这老师自己的水平真不怎么高……口语表达都像是十几年前的英语
145388,1583,黄小扬,2021-12-29 09:56:48,4,4,0,上了黄老师一年半的英语课。从大英四到大鹦鹉到综合英语，真的很喜欢黄老师！黄老师很温柔，上课很有趣，灵魂也很独一无二～PPT干货满满！真的能够学到很多！真的好喜欢黄老师！强推！！！心心😘😘😘
146361,1583,黄小扬,2022-01-06 10:19:54,1,1,0,老师很温柔。
147586,1583,黄小扬,2022-01-10 09:05:15,4,5,1,真的是非常好的老师，但是对绩点有要求，千万千万千万别选大英五。亲身经历，血泪教训。选大英五很多是大佬，而平均分要压到3.0的样子，基础好一点平时再卷一点可能3.6，想上4期末拿个90+吧，选上的加油。
156265,1583,黄小扬,2022-06-18 14:49:25,3,3,0,黄小杨老师真的真的很温柔！专业素养过硬，上课回答问题也会超级耐心，每讲完一课还有相应的知识补充和拓展，真的超级女神！！！给分也超级公平，总之黄小杨老师真的是超级超级值得的老师～
156311,1583,黄小扬,2022-06-19 02:14:03,3,3,0,老师人不错，确实能学到东西，但是绩点就不要太在意了
157020,1583,黄小扬,2022-06-21 15:13:00,7,7,0,大鹦五3.0选手😭😭老师还是不错的
165476,1583,黄小扬,2023-01-06 23:50:40,4,4,0,好喜欢黄老师
168459,1583,黄小扬,2023-02-17 07:34:32,-5,3,8,其实还行，但有点死板
168815,1583,黄小扬,2023-02-22 12:01:45,3,3,0,老师人挺好的，就是比较注重上课发言，社恐不友好
169798,1583,黄小扬,2023-02-28 02:30:36,3,3,0,大三了回来给个10分。上课体验超好
184392,1583,黄小扬,2023-12-18 23:57:28,3,3,0,老师人很好，教学水平高，还很关心同学。总之就是非常好👍
186313,1583,黄小扬,2024-01-10 13:16:17,2,2,0,老师人美心善，最后绩点不高只能说是自己的问题了。\n\n大爱黄老师！！
186439,1583,黄小扬,2024-01-11 05:35:08,1,2,1,老师真的太好啦，平时分拼命拉了折算完最多就差1分
188190,1583,黄小扬,2024-01-18 11:21:03,3,3,0,人美心善，事少给分不错，期末自己要努把力，总的来说，可以冲！
191639,1583,黄小扬,2024-04-26 11:22:01,2,2,0,女神🧡ྀི💛ྀི❤️ྀི
193489,1583,黄小扬,2024-06-11 14:27:10,1,1,0,反手一个10分
193636,1583,黄小扬,2024-06-14 07:35:49,2,2,0,特别喜欢老师😭大英课本身很枯燥但是因为老师很温柔人很好坚持下来了 不仅能学到实用的东西还很巧妙地疏导了我的厌学心理 最后绩点也很高 爱老师❤️
193787,1583,黄小扬,2024-06-18 06:07:34,1,2,1,考完大英五来评价。绩点什么的已经不重要了，大学以来少有的结课让我感到不舍的课程，必须10分！！
194230,1583,黄小扬,2024-06-22 16:54:04,3,4,1,大英五。老师很温柔，上课不会感到有压力，少有的努力和成绩成正比的课😭（老师真的好好，考前还安慰我们正常发挥就值得自己的努力ww）虽然大英课性质上比较难满绩，但这次还是弥补了大英四的遗憾，感谢老师🙏\n\n最后关于课程内容，混分划水最好别选，感觉只要认真学，还是能学到很多东西的（尤其是写作）；上完大鹦鹉去考托福，也取得了不错的成绩；记得之前还看到前辈说有助于GRE
194568,1583,黄小扬,2024-06-24 11:29:34,10,13,3,非常认真负责且温柔善良的老师。\n\n本人有幸上到黄老师的大英四和大英五，个人认为上黄老师的课需要注意以下几点：\n\n1、积极参加pre。虽然这是自愿报名的，但是如果你想要拿满平时分，就一定要参与哦。内容需要与课本学过的单元内容相关；\n\n2、认真对待小测。本人应对小测的方法可供大家参考：熟悉、背下检测范围内的单词+读一遍范围内的课文，这样能够保证小测拿到一个较为客观的分数；\n\n3、积累作文技巧：黄老师真的是一位很负责的老师。课程要求一个学期会有四次课上写作（两次为听写时附带，两次为小测时附带），其中至少两次黄老师会整理出同学们的优秀作文进行讲解，如果你能在课后认真积累这些素材，相信你的作文肯定能有所突破（当然黄老师一般都会给出比较好的分数的）；\n\n4、注意练习听力：上了大学，练习听力的机会需要自己寻找。小测和期末考试中听力的占比都是很大的，而且有一定难度；\n\n5、上课尽量多发言：黄老师会在开课之后的两周内记住几乎所有同学的名字（真的很用心），课上她会经常让同学们小组讨论以及发言，但其实你发言的内容是什么真的不重要（黄老师都会说very good，excellent哈哈哈），重要的是让课堂气氛活跃起来，这样老师会对你留下好印象的哦。\n\n以上差不多就是本人修读一年黄老师课的感悟了。预置到黄老师的课的同学们就偷着乐吧。黄老师真的是一位非常优秀且善良的老师，40分的平时分会尽量给到33左右的分数，作业也是会时不时的skip一下。这是我第一次给一位老师写这么长的评论，我认为值得。
200763,1583,黄小扬,2024-10-22 04:17:44,3,3,0,老师真的很好 亲测
207040,1583,黄小扬,2024-12-19 05:06:43,3,3,0,老师超级温柔超级好，会认真记每个同学的名字。
207658,1583,黄小扬,2024-12-23 13:03:41,6,6,0,外国语学院最好的老师 不接受反驳
208136,1583,黄小扬,2024-12-26 01:44:01,6,6,0,老师最后一节课还给发了巧克力\n\n讲课很认真，很注重课堂互动\n\n好老师bd
208563,1583,黄小扬,2024-12-29 12:46:25,3,3,0,老师我爱你
208605,1583,黄小扬,2024-12-30 03:05:10,4,4,0,完结撒花，感谢老师的付出！有缘再见！
208643,1583,黄小扬,2024-12-30 10:52:00,3,3,0,非常好的老师，事少
209258,1583,黄小扬,2025-01-05 08:27:52,0,0,0,T_T
209272,1583,黄小扬,2025-01-05 09:36:44,3,3,0,老师很优雅，知识丰富，上课很喜欢互动，作业不多，大英四的绩点可能都这样吧，比较求是。上课干货满满，也可以学到很多东西。老师人很好的！
209273,1583,黄小扬,2025-01-05 09:37:03,2,2,0,利益相关：绩点2.7\n\n老师发音标准，上课以教材和口语为主。很认真负责，每次作文都有写意见，评语和讲评。\n\n适合需要提升口语和写作的同学。\n\n但是就考试实用性而言，很难说有什么帮助。\n\n几乎全英授课。\n\n给分很求是，如果英语水平不高（也许是高考英语140以下）且想要绩点好看的话，并不推荐。\n\n顺便一提，学大英就是要好好记单词，最好不要抱佛脚。\n\n不管怎么说，老师是好老师，只是不适合功利性的我。
209327,1583,黄小扬,2025-01-05 12:17:44,3,3,0,很棒很棒的老师，专业素质高，课堂有收获，给分也不错（毕竟大英没什么捞的空间，老师能掌握的只有5分）\n\n强推！
209400,1583,黄小扬,2025-01-06 01:54:20,2,3,1,老师讲得真的挺好，上课思路清晰，作业并不多。但是大英还是很需要自己努力的，不然就像我一样拿1.5绩点……\n\n最后祝老师身体健康，桃李满园。
209415,1583,黄小扬,2025-01-06 02:29:07,4,4,0,特别好的老师，感觉那些可以控制的分数基本上都是往高了打的，而且到学期末的时候应该是把我们每个人的名字都记住了。老师上课很好，每节课都有很多小讨论，主动发言练习的话其实不太需要担心期末的口语考试。大英主要就是背单词多做题，大头还是期末，老师也捞不了。总之老师特别特别好，恭喜被预置到小扬的uu们哈哈哈哈！
217393,1583,黄小扬,2025-04-09 12:54:42,5,7,2,老师的作文批改分数给的有点迷而且圈点的也有点迷······（感觉像拿Deepseek改的）\n\n感觉没有明确指出改进之处，让我有点疑惑，，\n\n而且不知道是不是今年用了Deepseek的原因，总感觉出的单词填空都很迷且刁钻，，\n\n也一直在跟我们说要怎么怎么用Deepseek，，
219775,1583,黄小扬,2025-06-05 12:40:53,0,0,0,黄老师我的女神啊啊啊啊！都去选，平时分海底捞，出勤和表现基本都给满的，小测甚至比大英四简单（bushi），平时会给予每个同学锻炼口语的机会，非常温柔。而且老师很漂亮，还会给小测听力范围，真的十分为学生考虑（缩小到了further listening了！大英四我可是全部都听了看了）总结：我要当黄老师的狗（bushi）大家都去选大鹦鹉啊啊啊，感觉绩点已经不重要了，重要的是体验大学该有的好老师上的课。
221280,1583,黄小扬,2025-06-22 11:58:22,0,0,0,综英2女神，事少分高人也很nice，每节课都很让人印象深刻！
221520,1583,黄小扬,2025-06-24 07:45:01,1,1,0,大英V，黄老师人很好教得也很有水平，课程的作业压力不大基本只要保证上课认真听即可，但是课程难度较大且同学平均水平较高所以建议有英语基础的同学来选。期末考试有难度，平时分比较靠个人能力（随堂作文和期中考是多少分就是多少分）。我是先修了大英四觉得再回去修大英三有点浪费时间所以选了大英五，确实学习收获很多，虽然论绩点肯定不如选大英三但也在接受范围内（参考成绩平时48/50总评93/100）
8999,1599,胡欣裕,2015-10-08 12:09:32,24,41,17,老师很温柔的
10357,1599,胡欣裕,2015-11-18 08:03:39,15,26,11,舒服得很
11941,1599,胡欣裕,2015-12-21 11:18:08,-2,5,7,老师很温柔哒
11964,1599,胡欣裕,2015-12-21 11:52:29,6,16,10,老师超可爱的会笑\n\n作业不多\n\n一次课堂展示
12663,1599,胡欣裕,2015-12-24 00:34:29,-4,7,11,和蔼 绅士 作业是一次课堂展示加几次作文\n\n也比较水吧。。。没学到什么东西，大英也都是这样。quiz之前背书学到的比课上对很多。
13973,1599,胡欣裕,2016-01-03 07:56:30,-5,3,8,很棒 学到了好多课外的东西
14468,1599,胡欣裕,2016-01-07 07:21:58,1,14,13,胡老师挺好的，幽默温柔而可爱，作业压力小。
15574,1599,胡欣裕,2016-01-15 12:23:15,61,97,36,曾在国外教汉语 课堂内容显的丰富有趣 本身人很温柔爱笑 会努力记你的名字 课堂上放的电影都不错 经常组织小组讨论 要求每人做一次ppt展示作为个人作业
16057,1599,胡欣裕,2016-01-17 05:44:58,5,11,6,很水很水 感觉自己根本没学到什么
16065,1599,胡欣裕,2016-01-17 06:22:54,6,13,7,老师很和蔼挺好的，助教给分要报警
16069,1599,胡欣裕,2016-01-17 06:31:48,-3,4,7,老师跟和蔼的，还会分享一些文学的知识，作业不多，电影赞
16090,1599,胡欣裕,2016-01-17 07:36:22,-3,3,6,老师超级棒，很负责。
16662,1599,胡欣裕,2016-01-18 16:21:30,-1,9,10,妥妥滴，大英三上完，大英四还是老胡
16784,1599,胡欣裕,2016-01-19 03:10:11,-2,9,11,还是很温柔的吧，也喜欢讲一些课外的…喜欢点同学起来回答建议不要逃课…我的绩点惨不忍睹，不过也是自己平时的quiz什么都太差………
16925,1599,胡欣裕,2016-01-19 09:19:45,3,7,4,(*´ω｀*)百度一下有惊喜
17229,1599,胡欣裕,2016-01-20 02:15:03,-5,2,7,是个好老师，蛮负责的
17642,1599,胡欣裕,2016-01-20 14:26:17,6,16,10,我似乎有点。。腐眼。。看人。基。\n\n萌萌的老师，人很好，课一般般。但给分我有点怀疑偏低。
18170,1599,胡欣裕,2016-01-21 08:30:28,10,18,8,助教严格到变态，不是严格不好但是平行一比没优势。给分莫名其妙低诶
23063,1599,胡欣裕,2016-03-17 00:50:11,-4,6,10,好老师 和蔼可亲 爱笑 会记住每个同学的名字和发言 注重视听说 上课能全程跟进 不会困
26686,1599,胡欣裕,2016-06-21 02:11:35,-5,2,7,大爱老师
27470,1599,胡欣裕,2016-06-26 11:09:32,4,11,7,给分差 点名喜欢叫男生 不给女生机会 再次强调 给分莫名低
27483,1599,胡欣裕,2016-06-26 12:47:01,-6,2,8,温柔小腹黑男神
27493,1599,胡欣裕,2016-06-26 14:22:34,8,10,2,讲课，额，不评价
27505,1599,胡欣裕,2016-06-26 15:14:28,9,13,4,太严了
28332,1599,胡欣裕,2016-06-28 08:34:44,-5,1,6,老师很温柔，绵绵的
39303,1599,胡欣裕,2016-12-22 03:55:49,-4,2,6,老师很温柔人很好，只是要求会比较多比较严格，喜欢点人起来回答问题
39583,1599,胡欣裕,2016-12-26 00:27:05,5,6,1,上课很好，但是听写总来都是突如其来的
39788,1599,胡欣裕,2017-03-10 10:58:39,-4,4,8,老师很温和，上课会给你练听力，一学期下来会记住你的名字。就是上课经常抽人回答问题，会有小组讨论，每个人还有一次课堂展示。大英四还是选的他的课。
41752,1599,胡欣裕,2017-01-12 13:44:38,-4,1,5,老师挺和蔼的，不过学英语主要还是看自己，去记去背去说自然就会有提高…归功或归罪老师都不太合适
43298,1599,胡欣裕,2017-01-16 05:58:55,-5,1,6,挺喜欢胡老师的 很温柔QwQ
43623,1599,胡欣裕,2017-01-16 15:49:47,-5,3,8,老师真的超温柔。平时实在很水，quiz分也超低，以为自己铁定要挂了，最后给了62分，只能说老师很努力了。后悔没好好学。大英四没选上他的课，略遗憾。
43624,1599,胡欣裕,2017-01-16 15:50:53,6,10,4,给分低
43702,1599,胡欣裕,2017-01-17 00:03:34,3,11,8,老师超级温柔的，简直男神啊！
43717,1599,胡欣裕,2017-01-17 01:12:43,-5,2,7,挺好的老师\n\n给分也还不错\n\n毕竟我平时都不怎么回答问题，展示也很糟糕\n\n作为一个口语low爆的人，点名起来回答还是挺慌的T_T
43920,1599,胡欣裕,2017-01-17 06:25:15,-6,0,6,温柔的不行\n\n
43980,1599,胡欣裕,2017-01-17 07:26:26,10,16,6,给分都比我有机低了?
44483,1599,胡欣裕,2017-01-18 01:11:01,-2,6,8,老师真的是好老师，很耐心讲课很细致。有随机抽查的听写和一次展示。但助教真是给分太差，我花了两周用来背诵课文，为了课文还翘过微积分线代，最后从头到尾没停背完了给4分？别的班都是满分一大片。不是说严格要求不好，就一个五分的背诵，认认真真花了那么多功夫的事情不如别的班的人随随便便做的得分高，谁都不好接受吧。
45778,1599,胡欣裕,2017-01-20 05:19:36,-4,3,7,老师真的很喜欢上课多发言的同学
45805,1599,胡欣裕,2017-01-20 06:22:22,-6,2,8,蛮好的一个老师，不过学英语还是要靠自己，作为拖成绩的来说只怪当时没努力
46443,1599,胡欣裕,2017-03-07 07:32:31,-1,12,13,事情不多，一个大英三学期就两三篇作文一个简单的展示。上课其实认真听会有收获，口语很棒但是也不会故意炫技，努力让每个人都听懂。而且给分很棒啊，在知道我经常不请假就翘课的情况下还给我3.9！！而且在这种教学模式下面居然能记住每个人的名字，就很戳中我感动的那个点了(/ω＼)后悔大英四没选他的了…我去试试能不能改哈哈哈。 但是助教背诵算是比较高难度的了，而且背诵给分有点低哦。 但是但是！还是！强推！
46831,1599,胡欣裕,2017-01-22 11:57:23,-5,3,8,老师真的很温柔很耐心人也很儒雅，上课是启发式教学，认真听你会发现其实课堂的深度早已超越英语这门语言本身了，还是颇有感触的。至于给分，助教确实比其他班严一些吧，但我觉得助教分不会差超过两分的，真正拉分的是实打实的quiz和期末考，所以你的成绩和老师是否严苛并无多大关系，自己的真本事才是最重要的不是吗？很遗憾下学期课表没法选胡老师的课了，还是很推荐他的课哒！
47601,1599,胡欣裕,2017-02-06 10:27:28,-4,5,9,老师很和蔼 作业较轻松 感觉还不错  给分有点低
52392,1599,胡欣裕,2017-06-19 13:23:33,-4,2,6,老师超级温柔的
52784,1599,胡欣裕,2017-06-23 01:07:11,-4,2,6,老师很好，讲课不错，而且记住了我名字。大英三四都选了。学英语踏实，绩点就会好。
53569,1599,胡欣裕,2017-06-27 04:55:56,2,9,7,作业多，听写每单元都要，万一运气不好，被抽到上交听写纸，2次不好，还扣平时分。大英展示各类事情贼多，给分巨差，你总评59，绝不给你加一分(有课友这样，挂了)，对平时分严格按照标准，平时分很少会有很高的，都被故意压着(说是标准)，上课挺无聊的，慎选慎选。
53572,1599,胡欣裕,2017-06-27 04:59:51,10,18,8,给分，哎，真的少了1分不给及格。。作业挺多的。。
53587,1599,胡欣裕,2017-06-27 05:43:11,5,8,3,老师温柔...但可能教学方式不适合我吧..觉得并没有学到什么...
53680,1599,胡欣裕,2017-06-27 09:54:14,12,17,5,老师人挺好的，但太标准了。平时分按标准，作文分助教批低了会调高，批高了还要调低…第一节课讲课文或书上问题，第二节课pre或者听力，上课形式单一，同学间交流机会也少。 希望老师能让课堂丰富一点吧。
54654,1599,胡欣裕,2017-06-30 03:23:43,-6,2,8,老师给分还行吧 重点还是看自己期末和quiz 上课的话每人一次展示 事情算少的了 每个单元第三次课会听写 然后抽几组上交 平时分给的很好了 三和四都选了这个老师 能学到一点东西吧
55779,1599,胡欣裕,2017-07-02 11:16:03,5,8,3,上课抽人回答问题好恐怖。。。助教贼凶
57990,1599,胡欣裕,2017-07-21 03:17:29,-5,3,8,很棒棒
60705,1599,胡欣裕,2017-10-27 09:27:35,-5,3,8,男神，太温柔了，喜欢他，?   (๑ºั╰╯ºั๑)
61085,1599,胡欣裕,2017-11-08 07:33:03,1,9,8,超喜欢老师的英语课！首先老师人很温柔，还有点小幽默，然后讲课文的知识点简直就是又快又准，这种高效率的感觉非常棒。还有就是老师知识很渊博，对外国文化和情况都很了解，会很多比较偏僻的词汇用法。大英4还想选老师的课嘿嘿（quiz刚炸就来评论这个真的好吗233
62578,1599,胡欣裕,2019-06-24 15:36:07,-92,17,109,浙大教育的毒瘤
65359,1599,胡欣裕,2018-01-03 09:36:07,-7,2,9,老师口音很可爱，听写从不收
66051,1599,胡欣裕,2018-01-11 07:38:07,5,11,6,标准很多，很烦人，上课没有融入感，平时分太低
66120,1599,胡欣裕,2018-01-12 02:55:09,-6,3,9,胡老师人很好，平时作业很少，quiz和展示是大英必备的，哪个老师都会要求的，老师给分也算好的了吧，就是口试的那个老师要求比较高，口试分较低。我英语真心不好，但是老师平时分给的算很良心了，很喜欢他，人很温柔，我听力很差，做展示的时候同学提问我听不明白，老师帮我翻译，真的很好，讲道理，大英这种东西，还是靠你自己考试吧，两次小测和期末都考好了，不怕分数低。
66256,1599,胡欣裕,2018-01-14 08:15:05,-11,1,12,助教超级帅！
66646,1599,胡欣裕,2018-01-18 03:16:46,8,10,2,凉了....
67204,1599,胡欣裕,2018-01-20 12:43:36,-5,2,7,平时分给的很高，老师人特别好，很温柔…喜欢他
67208,1599,胡欣裕,2018-01-20 12:55:49,4,12,8,成绩一出来就来评分了，虽然老师平时分给的比其他班稍微低，但是期末考得好照样让我上4了，重要的是靠自己。胡老师作业蛮少的，事情不多，很阳光。
67227,1599,胡欣裕,2018-01-20 13:18:02,-1,7,8,胡老师的英式英语非常优雅，人很好很温柔，会认真记住你的名字，尊重学生的presentation劳动成果，上课管的少，很棒的老师。之前听说老师给分较低，还担心过，但结果好得出乎意料，这告诉我，努力者在胡老师课上绝不会被亏待。此外，有人说老胡太按规矩办事，但是我觉得我很佩服老师这一点，即使我因此少了分数。以上。
67230,1599,胡欣裕,2018-01-20 13:19:46,12,24,12,虽然自己quiz和期末炸掉绩点很……难……看……诶，但是我觉得胡老师还是很好的。讲课很温柔，有时笑起来很暖。第一节课是讲课文，第二节课听视听说教材，以及个人的presentation（每个人轮一次，PPT）。平时课堂是老师一个人讲，偶尔提问的时候会有几个volunteer冒出来讲讲，总体气氛很安静。可能相对于那些很活跃，活动很多的班级来说会显得沉闷，讲课文有时讲得有点点困……这因人而异啦。我是挺喜欢安安静静的大英课的。
67356,1599,胡欣裕,2018-01-21 02:14:15,7,13,6,人是很和蔼，可是咋不给调分呢？挂了。感觉液氮洗头，别的老师都调分到及格了
67396,1599,胡欣裕,2018-01-22 16:51:31,-18,9,27,老师挺好的，只是最后不调分，只有4.2。还是有点小小的失落的。不过说实话，老师挺有原则，人也和善，课吧，稍稍有一点死板啦～会抽人回答问题，有点恐怖，但是错了没关系，特别重视视听说，听完会抽人回答，总是希望你能够说出来些东西吧。一直都是笑眯眯的。我本来是奔着满绩去的，毕竟裸分，唉，挺难的吧。希望老师能够调一调分吧，我也是很看重绩点的～
67469,1599,胡欣裕,2018-01-22 16:51:28,-4,5,9,老师真的超级温柔呐，上课总是笑眯眯的，经常给我们分享一些课堂之外但是很有用的东西，好好学的话还是很有收获的，给分也不会低。事情确实也不多，就一次展示几次作文。大英四也选上他的课啦，开心！
67531,1599,胡欣裕,2018-01-21 12:37:49,-3,5,8,真的很好的一个老师，上课很有收获，虽然英语一直不好，最后绩点也一般，但还是很感激老师o(^o^)o
67602,1599,胡欣裕,2018-01-24 05:36:42,-4,10,14,慎选 很坑
68182,1599,胡欣裕,2018-01-24 05:36:51,-15,9,24,1分都不想给，慎选，坑，绩杀，浙大教育的毒瘤，什么都学不到
68644,1599,胡欣裕,2018-01-23 14:10:41,-4,4,8,老师很好，喜欢他，即使只这学期大英差点挂掉，但不是老师的错，下学期大英四依旧老胡
68743,1599,胡欣裕,2018-01-23 17:04:50,5,8,3,瞌睡 分低 没学到东西(这个怪自己)
75249,1599,胡欣裕,2018-03-08 10:25:09,-4,4,8,作业少，老师发音标准，为人善良\n\n好好学轻松拿4.2......
76004,1599,胡欣裕,2018-03-23 18:08:34,-4,7,11,这种老师的分居然还接近9？
76008,1599,胡欣裕,2018-03-24 05:02:40,-6,6,12,一分都不想给 退课吧 别上了 绩杀\n\n
77677,1599,胡欣裕,2018-05-07 08:47:12,-6,5,11,真心不想看见他的分都快上9了
79300,1599,胡欣裕,2018-05-30 08:14:42,-4,5,9,为什么没有0分？
80508,1599,胡欣裕,2018-06-27 08:04:24,-5,1,6,老师教学很认真，对人也很好。
81459,1599,胡欣裕,2018-07-05 06:38:50,4,5,1,给分低，哭了。考得差怪我，老师咋不给调分呢......
81468,1599,胡欣裕,2018-07-05 07:26:31,-1,4,5,胡老师人挺好的，认真温柔，平时分给得还蛮OK。上课可能稍微无聊了那么一点儿……喜欢点名发言´_>`大英的成绩主要还是看自己吧\n\n——来自期末考跪了的客户端
81492,1599,胡欣裕,2018-07-05 08:05:07,-3,3,6,特别温柔的老师，英语口音也很好听，不知道评分为什么下9，我很喜欢这种安安静静的教学风格，成绩差是自己的问题，我还是要给老师十分
81517,1599,胡欣裕,2018-07-05 09:17:58,0,5,5,老师真的很温柔啊，上课认真听的话也是能学到挺多东西的。大英三和大英四都是选了老师的课，很喜欢这种安静的风格。感觉大英的话还是很注重英语功底和平常的努力的吧，成绩不好大部分都是自己的问题，反正努力了是肯定会有收获的
81519,1599,胡欣裕,2018-07-05 09:22:14,3,5,2,给分严  。。。唉不说了
81593,1599,胡欣裕,2018-07-05 13:21:08,6,6,0,啊啊啊啊！！！明明两次小测比上学期一共多了十分，平时分咋是一样的啊
92980,1599,胡欣裕,2019-01-06 13:10:38,-3,2,5,很安静，很温和
93699,1599,胡欣裕,2019-01-12 03:29:18,-4,1,5,老师真的很温柔，人很好，上课比较中规中矩，会有一次课堂展示，但不用太紧张，老师人真的超好
94762,1599,胡欣裕,2019-01-18 05:31:07,-1,4,5,老师真的是非常的温柔，给人一种谦谦君子的感觉。听他的课真的是如沐春风。我第二次quiz身体不舒服请了假，老师还抽时间给我补考，还叮嘱我好好照顾身体。真的是非常关爱学生的老师了，上课总是笑眯眯的，课后邮件也非常及时地回复。前天期末考完真的感觉对不起老师，没有复习得太全面，希望最后成绩不会太难看吧。
95079,1599,胡欣裕,2019-01-18 16:34:16,-4,1,5,老师很温柔很可爱呢！上课也能循循善诱。对学生很好！为胡老师打call！！
95164,1599,胡欣裕,2019-01-19 02:44:04,-3,2,5,很安静的英语课，事情不多。
95185,1599,胡欣裕,2019-01-19 04:16:47,-3,2,5,老师超级好！！上课很棒的呀！温柔儒雅的老师！上课一节正课一节听力，这样你会能把视听说全听一遍的！反正认真跟着老师学是肯定可以好绩点的！
95206,1599,胡欣裕,2019-01-19 04:56:38,0,5,5,老师超级温柔，会努力记住大家。上课喜欢叫人回答问题，也算是变相点名，每节课后都有作业，不过并不会检查你有没有做，靠自觉吧。一个学期写了两次大作文（150words）一次书评（500words）外加一人一次课前展示。老师尽量给平时分的时候都尽量给高了。刚刚出成绩了还挺满意的吧。谢谢老师啦！
95378,1599,胡欣裕,2019-01-19 09:40:10,-4,1,5,老师很好，真的特别温柔！\n\n我都有点后悔大英四没选老师的课惹
95434,1599,胡欣裕,2019-01-19 11:37:31,5,6,1,考不好了
95759,1599,胡欣裕,2019-01-20 03:47:19,-2,3,5,老师人真的超级好！！！平时给分感觉很好~主要看自己的期末和quiz啦~吹爆胡老师！！！
95856,1599,胡欣裕,2019-01-20 06:31:37,-2,3,5,温文尔雅的好老师
96638,1599,胡欣裕,2019-01-21 08:20:23,-4,1,5,中规中矩吧，感觉还是可以的
97986,1599,胡欣裕,2019-01-23 03:22:39,-6,2,8,嗯，同意中规中矩。虽然最后绩点还不是特别满意，不过还算阔以。平时认真点，考前复习也认真点，4.2 4.5是可以有哒\n\n多次发邮件向老师咨询相关问题，回答都超级耐心仔细喔
100664,1599,胡欣裕,2019-01-26 14:15:50,-2,5,7,第一次在查老师上点评，给老师打了满分，说实话，老师的大英3真的是我最最喜欢的课了，没有之一。老师非常非常温柔，也很细心，总是面带微笑鼓励学生，上老师的课就是在享受课堂，举手发言的次数变得多多了，因为老师会让你感受到他在关注你。有一次上去问老师问题老师直接叫出了我的名字，当时真的太开心了！！下学期也选了老师的课，老师我爱您！！
100690,1599,胡欣裕,2019-01-26 14:37:27,-1,5,6,老师会强行让同学们参与课堂～每次有点小慌。但是老师人很好的，非常和蔼，很棒的老师～
105071,1599,胡欣裕,2019-04-03 06:04:44,3,8,5,三节课一定讲完一个单元，第二节课一般都要做听力，听力会叫起来让你说答案，每个人都要做展示，作文小测给分都很严格，是多少就是多少。老师的方式很固定但很实用，非常锻炼听力，而且老师很有素养，发音好听，笑起来很帅。大英四没选他的课选了别的评分很高的老师，但感觉还是他的方式适合我这种英语一般的，事情多一些但严格要求总是好的。上他的课没差的，真心好老师，课外时间给他发邮件都会认真回复，结尾都会“祝好”。真心好老师啊
109797,1599,胡欣裕,2019-06-19 08:51:48,3,7,4,对经常走神的同学挺友好的，能及时把你拉回来，给分还可以，事情不是太多，超级温柔
109890,1599,胡欣裕,2019-06-20 04:59:55,-3,4,7,老师真的超级温柔啊！平时分给的应该还行（大英四至少比大英三高了）感觉老师很有涵养、很有学识，对各种思想文化的包容性很强。平时作业也很少（可能是我太不认真的原因叭）反正老师很好很nice～
110263,1599,胡欣裕,2019-06-25 07:55:42,1,6,5,挺好的，就是我太菜
111053,1599,胡欣裕,2019-06-29 11:10:36,-2,3,5,嗓音很好听，温和的老师
120606,1599,胡欣裕,2020-01-13 23:42:01,-4,1,5,挺不错的
122198,1599,胡欣裕,2020-02-20 02:15:33,7,13,6,这么好的老师为啥不是10分？？？\n\n本来预置上大英3有点不太爽 但是胡老师真的很棒啊 几节课就记住我的名字啦好开心 虽然上课点我有些问题回答的不是很好 但是平时分真的都是自己实打实挣到的啊\n\n事情也很少 日常小划水 期末考的不算好 最后能拿个93也满足啦 （小声告诉你们 老师是研究红楼梦的啊 太厉害了 怪不得课上给我们练了很多翻译句子嘻嘻）
122398,1599,胡欣裕,2020-02-26 06:25:50,-2,4,6,老师超级棒！人很温和很好！
123807,1599,胡欣裕,2020-06-14 10:59:37,8,13,5,绝活认脸，在学校里遇到都会跟你笑笑。非常重视口语，平时练的机会也比较多，这点好坏参半，因人而异。自己口语自认还算不错，奈何大英三口语考试分数不高，老师为此还很关心，大英四的时候甚至还会提起，怪不好意思的。平时分均分32（大英三）或者32.5（大英四），主要是两极分化，如果不写作文啥的就会给很低，20左右一点不给面子，但是好好听课的都有33+，总体感觉给分其实应该还算不错，比室友的老师给的要高。当然大英肯定还是以期末为主，老师不会调分，挂科率比别的老师高些，但这就别怪老师了，毕竟大英这课能挂科自己的问题更多些。
128482,1599,胡欣裕,2020-12-23 10:57:16,1,6,5,超级好的老师啊啊！ 平易近人！
130331,1599,胡欣裕,2021-01-20 22:31:17,9,14,5,大英3：上课模式固定，一单元三节课最后一节课听写并抽2-3组改。两篇作文一个书评一个影评一个个人pre。点名回答问题，偶尔可以举手。（个人感觉书评给分大致按照冰果系统给分有点离谱）\n\n老师温文尔雅，回答问题很糟糕也不会生气。记名字很快，对待口语差的学生也patient且一视同仁。
130765,1599,胡欣裕,2021-01-24 13:33:01,-2,3,5,挺好的老师
135881,1599,胡欣裕,2021-06-01 01:03:37,-5,0,5,老师温文尔雅，幽默又博学，谈吐很有水平，可惜我被绩杀了。。。
136110,1599,胡欣裕,2021-06-11 03:47:23,-4,1,5,真的真的真的很好\n\n胡老师非常博学和温柔
136282,1599,胡欣裕,2021-06-15 08:12:40,-4,1,5,老师很好很温柔～课堂氛围也不错的 很好的大英课体验！
136489,1599,胡欣裕,2021-06-18 16:15:38,-1,4,5,太喜欢胡老师啦！！从大英三到大英四！！忠实粉丝\n\n真的超级温柔，讲课有学到东西，暖男！\n\n每节课后都会布置适量作业，但不检查\n\n个人感觉大英的绩点还是靠自己hhh
137252,1599,胡欣裕,2021-07-02 14:29:03,-3,2,5,老师很温柔，笑起来很儒雅，上大英学到的不仅仅是英语\n\n平时作业挺多，但是普通的课后作业不检查全凭自觉\n\n能记住每个人的名字，作为一个小透明真的很感动QAQ\n\n稍微用点心就不会挂，想要好绩点就得自己努力
137287,1599,胡欣裕,2021-07-03 02:25:08,-6,0,6,我还以为大英4⃣️考炸了 昨天出分真的被感动哭了😭😭😭
142587,1599,胡欣裕,2021-11-14 01:41:47,3,5,2,一般般
143337,1599,胡欣裕,2021-11-23 13:47:13,4,9,5,我真的太喜欢胡老师了\n\n胡老师跟我高中语文老师的气质非常的像，就是那种温文尔雅的书生气质，平时上课时同学回答出好笑的答案会跟大家一起笑，憨憨的老师，憨憨的笑点。\n\n另外老师真的认人特别厉害，一般对着座位表喊你几次名字，他就可以脱离座位表了。怎么说呢，就是大一老师很少会去认人，胡老师可以说是很用心了。\n\n我觉得大英跟vjf一样都是靠自己的，不论是听写还是小测。听胡老师的课真的有很多国际化的知识，反正大英课我都是非常清醒的，可能是因为老师要叫人回答问题。\n\n另外希望以后的小朋友学大英一定要认真预习，翻译啊生词啊，老师分析课文时把你叫起来回答问题，回答不知道或是沉默真的很尴尬hhhh。好好参与胡老师的课堂，你会享受大英的。\n\n希望大英四也能选上胡老师的课嘿嘿嘿
145046,1599,胡欣裕,2021-12-28 06:05:31,32,33,1,罗翔老师很好的（bushi）
145860,1599,胡欣裕,2022-01-05 13:43:15,12,15,3,不错的
145865,1599,胡欣裕,2022-01-03 14:51:02,3,4,1,慎选
145923,1599,胡欣裕,2022-01-04 11:07:33,1,5,4,真的只有说话温柔啊，其实人实际上一点都不好，作业也多，上课几乎一直在点人发言，每个单元都要听写，每个人必须pre，不pre的话平时分中有个五分最多只给两分，给分挺不好的，遵循着自己的一套标准，自以为这是公平，但和别的老师比起来分就低了，那样不是对选他的课的学生不公平了吗！！！而且别妄想他调分，最后总评59分也不会怜悯你的，因为这是所谓的原则和公平，这种情况别的老师一般都会捞的。
145949,1599,胡欣裕,2022-01-04 14:31:34,-1,0,1,一般吧
146115,1599,胡欣裕,2022-01-05 13:42:26,6,6,0,出分好快呀 没挂运气很好了 老师不调分 所以平时小测很重要，还有pre和听写 不过折算下来占比很小了  不过英语主要靠自己学
146126,1599,胡欣裕,2022-01-05 14:09:09,13,15,2,虽然绩点是3.9和其他课相比不高，但是大英这门课非常大程度是看自己的能力哒，所以有3.9真的满足啦！感觉胡老师平时的听写真的很能督促我去背单词背课文！希望之后的同学上大英还是多花时间背背单词吧！胡老师很温柔很负责，钉钉问他事情都是会及时回复的！
146131,1599,胡欣裕,2022-01-05 14:36:00,43,46,3,冬天必开空调！南方人慎重！（\n\n个人大英III平时分32，总分84最后3.9（好像被卡了呜呜呜\n\n课程方面，\n\n每个人有一个带ppt、脱稿的个人展示，一篇书评几篇线下作文，平时作业基本没有，也不查，会有默写\n\n平时分就差0.几，口试除了大牛大家基本胡言乱语，在意绩点的不用太过担心，重点是占比60%的期末考\n\n比起绩点更在意学到知识的同学也可以选，胡老师的优点是口语很好，气质儒雅有人格魅力；有专门的作文分析课，如果你被选入例文公开处刑的话能学到不少；知识面也比较广，讲个abbreviation 会给你拓展好多别的修辞；有事请个假也会同意。\n\n当然缺点也有，首先就是冬！天！开！空！调！\n\n然后课程形式比较单一，基本就是读课文-他讲语法点-自由提问-课后议题讨论-听听力书听力题\n\n讲课本最大的缺点就是有趣度不高，偶然的视频还是课本内嵌的；课后默写随机抽一组上交，且计入零点几的平时分，感觉过于随意（你们组被抽过后之后的默写就不用复习辣）；书评基本看冰果网；组内讨论的出发点好，但是时间偏短，摸鱼也严重（\n\n最后抒发一点个人感想，本人上大学前性格内向，不过十月作为第一批次（批次与成绩无关，组内自主报名的，怕ddl堆积的一定一定要积极先报名展示！）展示的一员，战战兢兢展示完自己一点一点做的ppt，背完自己写的稿子后，从不敢上台发言的胆怯感退却了很多。展示后的提问老师也会考虑到我们的紧张，会帮你调节的。\n\n 以上，我还是比较感谢胡老师的，个人打8分。大学一个个学期过得很快，师生来去匆匆，在单一被量化的评分、绩点之外，也希望大家多感受些书本之外的知识吧。\n\n（要是觉得写得还行，不妨赞我一下👀
146133,1599,胡欣裕,2022-01-05 14:21:49,4,4,0,老师上课真的很有趣，能学到很多课外的知识\n\n不过最好课前预习仔细，老师上课会让学生自己提问。\n\n虽然平时分能考努力上去，但是期末考还是逃不掉基础，我就是死在了期末上。\n\n虽然难受，不过还是很感激老师给了我一个学期超级帅气的大英三！
146145,1599,胡欣裕,2022-01-05 14:38:32,1,1,0,胡老师为人超级随和啦，上课这些教学任务也很负责，平时只有很少很基本的作业，认人能力超强（doge），要不是下学期课程表和他冲突完了，我还上他的课（泪流满面）。关于成绩，只要稍微认真一些都是没问题哒，给分很公正很好。
146148,1599,胡欣裕,2022-01-05 14:47:37,1,1,0,老师好棒~虽然上课可能会有点无聊，但是老师真的好温柔QWQ我哭死
146152,1599,胡欣裕,2022-01-05 14:48:53,0,0,0,胡欣裕YYDS
146526,1599,胡欣裕,2022-01-07 00:30:30,8,9,1,胡老师本人真的很好很平易近人，推荐大家选，只不过每个人要ppt展示，可能事比较多，但是这些不妨碍他是一个不错的老师哦！
146578,1599,胡欣裕,2022-01-07 03:26:51,2,2,0,老师很好，很温柔，大英课讲的不仅仅是英语。
155601,1599,胡欣裕,2022-06-14 14:29:25,20,22,2,胡老师有一种书生的气质，温柔礼貌，学识渊博，有时候也会很幽默。老师的翻译水平很专业，讲到翻译时会很细致。老师对教学是很认真的，从各种细节比如会记学生的名字、上课会抽走神的学生起来回答问题（我就经常走神的时候被抽）就能看得出来。也许就是因为老师的性格，每次上他的课都让我觉得放松。\n\n  老师的要求比其他老师多，比如听写、做pre，花在英语上的时间会多一点。但是也能逼着我们好好背单词，也使得大一所有课都摆烂的我在英语上却没有落下。上课的形式比较枯燥，基本上就是讲课文、听听力、自己交流练口语（4比3的口语时间多一点），但确实能学到一些知识，何况要是不好好听可能就会被老师叫起来回答问题，基本不会走神。\n\n  据说最后不会调分，可能给分比其他班级差一点？以我个人经历来说：学三的时候没怎么好好学，混了过去；学四的时候有好好背单词，所以结果好了不少（虽然对大佬来说不是很高的分数，但我已经很满足了）这种自己通过努力得到回报的感觉真的令人高兴。\n\n不知道老师会不会看到这篇评论，上了您一年的大英课，最后我想对您说一句：老师，谢谢您！
160750,1599,胡欣裕,2022-10-09 10:42:51,6,6,0,老师像另一种风格的罗翔哈哈
161337,1599,胡欣裕,2022-11-04 08:20:53,1,1,0,特别温柔，特别儒雅的老师
162347,1599,胡欣裕,2022-11-20 13:24:40,3,3,0,老师很温柔很可爱，听写有点恐怖但是也能督促我好好背单词，很喜欢老师捏
162652,1599,胡欣裕,2022-12-02 09:37:24,-19,0,19,上课无聊，形式单一，他的课对本来英语水平高的同学作用不大，而且事巨多，疯狂提问加听写，最后，老师十分不负责任。
164800,1599,胡欣裕,2022-12-26 07:50:58,0,1,1,事情稍多，有pre，上课的的课文分析认真听也能收获不少，然后还会有很多听力训练，虽然我每次都好多听不懂，但是感觉还是有帮助的，想认真学英语的同学可以选
168686,1599,胡欣裕,2023-02-21 04:07:50,-8,6,14,依托答辩卡我绩点
169432,1599,胡欣裕,2023-02-26 06:51:23,2,4,2,胡欣裕老师是一个非常儒雅的文人，他最大的特点就是儒雅，就是生气或者开心都是非常优雅的，然后他教的英语和他本人一样也有一种优雅的美丽，平易近人但是又不欠缺难度，能学到难度但是绝对不会被老师为难~
169741,1599,胡欣裕,2023-02-27 15:12:21,5,6,1,萎了，他第一节课上点的第一个人就是我……………………………………
170547,1599,胡欣裕,2023-03-06 10:06:59,-3,6,9,太差劲了，我都怀疑是不是买了水军刷到9+的
172147,1599,胡欣裕,2023-04-20 13:06:05,0,1,1,666
174252,1599,胡欣裕,2023-06-08 07:58:00,0,3,3,大英4。讲课很认真，但是口语。。。真不敢恭维呀，有些词的发音挺别扭的，而且n、l不分。作文给分偏低，明明我大英3每篇作文得分都不错。。平时作业确实不多，偶尔会查。另外就是老师主攻红楼梦，课上讲了很多很多写作手法，可能会对不上部分人的胃口，而且老师声音有点模糊，会比较难听清。
174854,1599,胡欣裕,2023-06-19 05:33:17,-1,0,1,很喜欢老师，我觉得老师的口语也很好听，人也很好，因为老师开始认真学英语课了，上学期大英三完全一整个水过去的。选他选他！
175034,1599,胡欣裕,2023-06-21 07:59:31,0,1,1,老师很温文尔雅 平时可能提问会多一些 人很温柔但是拓展的不多 相对而言也会严格一些 不过混熟了老师还是对人很好的 最后感谢老师\n\n卡着分数上4铁是老师发力了
175042,1599,胡欣裕,2023-06-21 08:38:47,1,2,1,大英三和大英四都是胡老师，人真的很好，讲课也不错，就是会经常点名回答hhh
175046,1599,胡欣裕,2023-06-21 08:57:49,-1,2,3,大英四的成绩是先涂平时分再扫描考卷的，所以不存在捞不捞的问题，老师能控制的只有五分，但大部分同学都能得4.5分左右。胡老师人很好的，也很耐心，就是可能听写比较硬，需要认真背。
175091,1599,胡欣裕,2023-06-21 12:52:26,0,1,1,给分不好，其他还行
175124,1599,胡欣裕,2023-06-21 16:12:30,2,2,0,老师人挺好，也挺有意思，有文艺气质。像是大英4的艺术、文学的单元，可以感觉到老师讲得很用心，或许挺适合喜好这类东西的同学。但是平时事情略多，每个单元都有听写。至于展示的话，是每个小组有四次展示，别的都还好，选到胡老师的课不亏，虽然一开始我挺想换掉的……
175761,1599,胡欣裕,2023-06-26 12:25:23,2,3,1,老师人还是很好滴，就是上课特别爱点人发言（虽然坐在最后面老师还是很爱点我\n\n平时每单元会有听写，随机抽几个组上去批，可以push自己背单词\n\n每节课有预习要求，随机抽查，然后有好多次小组展示\n\n适合需要被监督学习英语的同学选！
177337,1599,胡欣裕,2023-07-03 03:06:07,1,2,1,我属于英语口语弱而应试能力较强的一类。胡老师很重口语，上课一直会抽同学提问，我总觉得自己发挥不好最后分数会不太好看，没想到拿到了4.5，还是多谢胡老师了！另外想感叹一下我们组的组员都好强，口语笔试样样精通，膜拜😭
186155,1599,胡欣裕,2024-01-09 06:14:23,0,1,1,胡老师是绝对的好老师，只不过我太差了，10分，胡老师保佑
186384,1599,胡欣裕,2024-01-11 01:48:00,7,8,1,老师你真的好好😭😭😭，我4.5肯定都是你捞出来的😭😭😭\n\n下面正经点，胡老师有种书生的儒雅，让人心情舒畅，虽然平时上课没啥花活比较按部就班，但是我能感受到他是很认真备课的，对待上课是很认真的。另外，事情算是少的，相比其它大英老师，作业很少，也不查，一个学期就一次5分钟pre，负担算轻的。平时上课会抽人回答问题，这个倒是挺锻炼口语的，我觉得老师用意是好的，毕竟总评成绩12分都是口语呢。而且他会记每个人的名字，对着座位表多看几次就可以不用座位表了。总之选胡老师肯定没错哒！
186437,1599,胡欣裕,2024-01-11 05:34:14,3,4,1,胡老师是一位很好的老师。\n\n我的英语比较弱，高三又有一个学期没有学，进入大学时论英语水平的话125顶天了。但胡老师能把我教到4.2我非常感动。\n\n大一遇到了胡老师，他对于每单元的内容是要求预习的，讲课风格可能是高中老师的一种延续，照着书本一篇一篇讲，可能会有点枯燥。我认为胡老师课最优秀的一点是每单元必听写单词、课文。有压力才会在英语上投入时间，才会有提高。正是因为平时单词要求听写，期末复习的压力才小很多。\n\n所以，未来不知道选哪位大英老师的同学，或是基础比较薄弱需要push的同学，冲胡老师就完了。
186523,1599,胡欣裕,2024-01-11 13:00:30,1,2,1,胡老师捞了我，卡线4.2，绝对好老师
187584,1599,胡欣裕,2024-01-16 16:34:41,3,3,0,预置了胡老师的大英3，胡老师真的是很棒的老师，上课认真负责、态度和蔼可亲。课上事情很少很轻松，但是认真学也会收获许多。
190558,1599,胡欣裕,2024-03-08 10:22:57,0,0,0,人很好很温柔，给分也不错\n\n每个人要完成一次pre其他作业基本就没有了\n\n\n\n缺点：上课比较没有激情 干货比较少
192347,1599,胡欣裕,2024-05-16 06:53:01,0,3,3,上课就点名无语死了
194108,1599,胡欣裕,2024-06-22 04:31:15,-3,3,6,老师看起来很温柔，不苟言笑。但是对上课不听讲的容忍度很低，不会说你，但是会绩杀。我承认他讲的有水平，什么语法英语的知识点能讲得很透，但是作为一门水课，我又不是英语专业的，上课学点专业课内容不过分吧，医学生专业课压力又那么大。现在大英四平时分10分老师自由发挥的空间大了，然后就绩杀？！上课的展示自认为有好好准备，然后平时老师提问我也是尽力回答，想不明白为什么能只得3.6.（感觉期末不至于比82低）
202578,1599,胡欣裕,2024-11-13 07:57:00,2,2,0,老师真的很和蔼，上课会叫同学回答问题，但是就算答不上来也不会说你，最多最多就会说“大家不能一直说不知道，因为说不知道是最简单的”之类的，而且你说一半不会说了老师也会帮你圆的hhh。每个人有一次合作ppt演讲（双人），然后会有听写听力什么的。作业就…两次作文，预习课文，个人感觉作业很少。老师的见闻感觉很广，知道很多国外的东西，上课也会讲一些，而且感觉老师思想是挺开放的那种类型，这就是见得多了思想也就放开了，什么都能接受了么hhh。虽然自己听力不会（主要是听句子写句子不会）小测不会，期末考不会…..但是还是很喜欢老师….老师绩点就算给低了也基本是我的自己基础不行的问题….
209035,1599,胡欣裕,2025-01-04 09:10:51,2,2,0,胡老师给人一直很儒雅很和蔼的感觉，适合我这种不太自律的人，因为每一单元都会有听写，但不是每次都收，起到一个鞭策作用，单词什么的就不会quiz/期末补天，给分其实还可以（感觉），主要大英还是看个人，老师能控制的分确实有限……
209060,1599,胡欣裕,2025-01-04 10:20:27,0,1,1,胡老师就是我的神！大爱❤️
209093,1599,胡欣裕,2025-01-04 12:06:36,0,1,1,给分很好，人也很负责，大爱胡老师
209130,1599,胡欣裕,2025-01-04 15:10:03,1,1,0,胡老师上课会点名回答问题的，一开始刚入学比较恐惧不过后来习惯就好了，卡住老师也会帮你一起想哒，有一次pre，每个单元听写。上课会有拓展和文化背景介绍之类的（有幸听过老师说日语）很有意思，讲这些的时候大家都很投入感觉超好，总之冲！私下提问题交流都笑眯眯地超级耐心，绩点也满意。接下来的大英四还想选他
209297,1599,胡欣裕,2025-01-05 10:58:21,3,3,0,老师人很好，非常和蔼，最后绩点3.3实在是我期末听力太差了（哭），非老师之过，平时会督促背单词，但是不是每次都收上来评级的（放心），平时分给的也很高（小测也会悄咪咪捞一捞），总之放心冲，好老师！good!
209786,1599,胡欣裕,2025-01-07 06:06:53,1,1,0,个人偏向较为严重，对学生有一点点的偏心
210686,1599,胡欣裕,2025-01-09 17:45:07,-2,0,2,很和蔼的老师，平时分给的应该挺不错的，作文和小测的分数给的很友好。很负责，所以要求不算低，上课会请学生发言，每节课都会抽取小组检查作业。如果担心大学太摆荒废英语，选胡老师很适合\n\n总之课堂很和谐，而且努力就看得见收获。我最终也取得了满意的成绩，还是非常感谢胡老师的
210905,1599,胡欣裕,2025-01-10 06:23:40,1,1,0,胡老师是一位特别和蔼 温文尔雅的老师。上课回答不出问题也没有关系的，胡老师会努力去理解你的意思，总之完全不会感到尴尬。小测很捞，平时分作文给的也很好。大英主要还是凭自己的硬实力吧，胡老师已经在公正客观的基础上尽可能的捞捞了。
211023,1599,胡欣裕,2025-01-10 10:54:57,-1,2,3,给分比预期的低了很多
211336,1599,胡欣裕,2025-01-11 08:16:51,0,1,1,老师长得有点像罗翔哈哈哈哈 非常负责任的老师，上课方式类似高中，记名字很厉害，每节课都会抽同学起来回答问题，以及抽查听写、预习和课后练习的完成情况，还会说日语（bushi）pre两人一组脱稿展示。就是上课的形式比较枯燥，课文分段讲解+课本其他内容+听力练习。成绩参考：大英三 上课不划水听写啥的都认真做，期末之前认真复习拿了4+ 感谢胡老师！
211658,1599,胡欣裕,2025-01-12 06:13:43,1,1,0,事情不多，一学期准备一个pre吧也就，作业还可以，每节课会抽一个组上去检查，会听写单词短语和书上句子，不过单词只听写带标的，上完一个单元听写一次，不会一下子堆四个单元一起哈哈，上课会叫人起来回答问题，基本都会叫一遍，不过不会也没事，和平时分无关吧也，不过给分感觉挺求是的，作文给打8分，孩子英语烂，最后绩点也就那样子
215210,1599,胡欣裕,2025-02-24 09:08:39,0,0,0,超有文学气质的英语老师！如果你也喜欢英语，上他的课绝对是的享受！冲就完事了
220703,1599,胡欣裕,2025-06-19 08:54:51,0,0,0,很求是的老师，不知道该算有点还是缺点，上课枯燥，而且老师会走来走去找同学提问，一次课下来感觉得有小一半时间在discussion和提问，摸鱼玩手机很难，而且小组讨论经常尬住，没有同学主动说两句就会陷入沉默。小测和作业检查抽查个别小组，作业没写可以后面补完给他检查。印象中期中就有同学退课，可能是觉得其他老师的课更轻松吧
5561,1629,王楚楚,2015-07-08 09:04:58,25,30,5,讲的特别好，很温柔轻言细语的，经常说些课外知识，有趣的日本文化
5611,1629,王楚楚,2015-07-08 16:03:36,45,55,10,年轻时肯定是大美女 挺有意思的老师 上课造句对我来说太难了啦
5787,1629,王楚楚,2015-07-09 11:03:13,17,23,6,楚楚老师超级好！
7004,1629,王楚楚,2015-08-26 00:33:13,11,15,4,气质超好，很萌很认真的老师。
7801,1629,王楚楚,2015-09-15 13:32:15,-1,4,5,气质好，讲课好，萌萌哒。
12268,1629,王楚楚,2015-12-22 16:16:34,4,7,3,好！强推！
13163,1629,王楚楚,2015-12-25 04:01:22,1,3,2,老师声音软软的，笑容美美哒，对于学渣的我来说是唯一上课不水手机的一门课
13959,1629,王楚楚,2016-01-03 04:41:33,-1,2,3,老师很棒！
14792,1629,王楚楚,2016-01-09 07:26:24,6,7,1,老师超级赞。但是，毕竟是学语言要花好多时间，三分学分考60多分的很心酸  建议不想花心思的还是别为难自己了
16112,1629,王楚楚,2016-01-17 08:28:13,0,4,4,もう一回お願い(><)
16491,1629,王楚楚,2016-01-18 08:28:48,12,16,4,呵呵达，感觉真是很奇妙的一个老师，你们自己体会。我没有说她看脸打分。
16611,1629,王楚楚,2016-01-18 14:05:54,-1,2,3,超好超极好超超级好
16932,1629,王楚楚,2016-01-19 09:29:49,19,30,11,老师是好的，考试是真难，本来以为是课后题的难度想着肯定能上4，结果考试题目一看简直跪了，差点挂了。马克思的片假名怎么写谁能知道啊。
16967,1629,王楚楚,2016-01-19 10:17:09,7,12,5,考的都是书本句子～本人基础不好～日三也上4了！
17024,1629,王楚楚,2016-01-19 13:06:19,0,4,4,老师很温柔，每节课都要点名要造句，但是不强求你一定回答。上课会跟我们分享很多日本文化相关的知识，给分也不错!
17626,1629,王楚楚,2016-01-20 13:49:32,0,2,2,有点萌。
17702,1629,王楚楚,2016-01-20 16:09:26,4,5,1,讲课挺棒的，很注重讲语法和词语的扩展，另外基本节节课都会点名
19539,1629,王楚楚,2016-01-24 15:08:21,3,8,5,题型没说清楚，考试复习有误。给分不如隔壁班张宏斌
21176,1629,王楚楚,2016-02-25 13:35:32,-5,4,9,呵呵呵
22969,1629,王楚楚,2016-03-15 09:41:07,0,3,3,老师萌萌哒，上课都按照名单点名造句，但是就算不会老师也会慢慢引导你，总体来说语言类的课程还是要自己肯花功夫，否则考试想要拿高分就比较难，毕竟5.5个学分，很多人可能就不怎么敢选了。
24169,1629,王楚楚,2016-04-28 03:47:21,-2,0,2,还可以
27171,1629,王楚楚,2016-06-23 10:17:19,0,2,2,老师人很温柔美丽，一点都不凶，超好！！
27950,1629,王楚楚,2016-06-28 07:00:20,2,4,2,喜欢楚楚老师上课，内容很丰富，不局限于教材的内容。
27998,1629,王楚楚,2016-06-28 07:57:59,0,1,1,老师讲的很好，生动有趣。考试不大简单...每节课会让同学做一些语言练习～
28280,1629,王楚楚,2017-09-23 05:25:43,-28,4,32,轻松满绩
28889,1629,王楚楚,2016-06-29 02:45:08,7,8,1,看到楼上轻松满绩的我眼泪掉下来
29037,1629,王楚楚,2016-06-29 07:01:03,-3,1,4,老师特别认真 人很好 每节课都听一定有好分数\n\n
30623,1629,王楚楚,2016-07-02 05:38:36,-5,2,7,很认真的一位老师，只要好好听课好好复习分数不会低
30659,1629,王楚楚,2016-07-02 07:06:29,0,2,2,讲课好给分好！
30663,1629,王楚楚,2016-07-02 07:08:34,-1,1,2,很优雅的老师
30990,1629,王楚楚,2016-07-03 05:49:22,-2,0,2,很好的老师很温柔\n\n
32017,1629,王楚楚,2016-07-05 11:24:51,0,3,3,大学唯一一门不翘课不走神的课，老师棒～
38622,1629,王楚楚,2016-12-12 16:25:01,4,7,3,即使上课脱鞋也不能掩盖女神气质！！
43904,1629,王楚楚,2017-01-17 05:56:39,-1,2,3,上课会讲一些日本文化~之前放的那个寿司的视频……笑炸了……
44027,1629,王楚楚,2017-01-17 08:23:36,-2,1,3,很好，老师很萌。
44121,1629,王楚楚,2017-01-17 09:46:00,2,3,1,我不会说，我有一次睡不着是因为下午上日语课看了寿司视频，饿到睡不着
45160,1629,王楚楚,2017-01-19 05:29:35,1,5,4,日语Ⅱ，4.8。遗憾没有满绩。老师上课很认真！教得很清楚。会扩展课外知识，很棒的！日语三或者视听说之类的也想选王老师的课。\n\n而且有练口语的机会，每节课必让名单上所有人都至少发言一次，也是点名性质的。考试绝对不是课后习题难度！但是课本原句很多，有时间看一遍课本不方的。\n\n老师很可爱的！她的手机桌面是saber哈哈哈，但是不粉二次元。课前会放日本的综艺节目或者动画，很有趣。\n\n就是对学不好或者水的同学来说比较累也比较严格吧？
47865,1629,王楚楚,2017-03-13 08:12:46,-3,0,3,很棒的老师，日语还是要好好学呀
53853,1629,王楚楚,2017-06-28 01:51:23,-2,1,3,優しい
54260,1629,王楚楚,2017-06-29 02:10:53,-3,0,3,能学到很多东西
54725,1629,王楚楚,2017-06-30 05:52:37,-3,0,3,跟着王老师学了一年视听说，收获真的蛮大的。遗憾就是最后这次考试没考好 感觉辜负老师每节课的认真教导了qaq
56855,1629,王楚楚,2017-07-05 01:23:45,-1,2,3,像一片楚楚的蝴蝶
56911,1629,王楚楚,2018-12-18 13:16:06,4,9,5,绩杀，没基础千万别选。
57400,1629,王楚楚,2017-07-07 08:24:40,0,3,3,爱楚楚！大学最喜欢的老师没有之一♡ͥ (⁎❛⃘ੌ દ ❛⃘ੌ⁎)♡ᵕ̈*
59148,1629,王楚楚,2017-10-28 05:05:21,4,5,1,给楚楚打call，发音最喜欢
59444,1629,王楚楚,2017-09-21 11:18:33,9,10,1,好像对学生态度不是很好诶
59856,1629,王楚楚,2017-09-27 15:34:27,0,1,1,女神，很棒，很温柔
62282,1629,王楚楚,2017-11-24 02:58:12,1,3,2,"偷偷在这里表个白应该不会被发现吧ヾ(๑╹◡╹)ﾉ""捂脸逃跑:(；ﾞﾟ'ωﾟ'):"
62392,1629,王楚楚,2017-11-24 16:32:18,1,2,1,老师真的超级棒，真的很棒，会讲很多很有意思的日本文化，很庆幸当时没有选择免听强日，真的很有趣！
69993,1629,王楚楚,2018-01-26 01:50:10,0,0,0,老师超级温柔，日语本身就是需要自己平时好好学，老师给分诚实，下学期继续上强日，超级期待～
75118,1629,王楚楚,2018-03-07 11:27:05,0,0,0,太棒啦！
77153,1629,王楚楚,2018-05-03 03:37:49,0,0,0,太棒了
79643,1629,王楚楚,2018-06-12 07:49:54,0,0,0,希望老师布置作业
82542,1629,王楚楚,2018-07-08 12:37:33,6,6,0,跪求老师给及格顺利毕业。
83008,1629,王楚楚,2018-07-09 12:58:53,0,0,0,一个通识课期末考试出了贼高的难度...emmm
83383,1629,王楚楚,2018-07-10 07:47:01,0,0,0,对于我这种菜鸡来说强日期末考太难了………但还是感谢老师
83407,1629,王楚楚,2018-07-10 08:27:40,0,0,0,强日难哭，比通识日语不知道难到哪里。。。但还是感谢老师～
83608,1629,王楚楚,2018-07-10 23:28:50,0,0,0,成绩出来了，虽然没什么基础硬着头皮去选强化日语2，平时讲的比较有趣，但是考试是真的难。有趣有收获。
83729,1629,王楚楚,2018-07-11 06:08:19,-3,2,5,老师的评分标准是什么都没搞清。。。感觉给分有点随意
84011,1629,王楚楚,2018-07-11 18:08:00,1,2,1,日语考试都是70卷面30平时点到。一般只要来了就给满了，有事跟老师请假一两次也不会扣分，考试的话客观题占绝大部分，应该没有太多能随意给分的余地了吧？
84259,1629,王楚楚,2018-07-12 11:12:54,0,0,0,日语4考试有点难，从日三到日4难度蹭的上去了。之后只能自己加油了。
87706,1629,王楚楚,2018-10-10 12:08:07,0,0,0,瞅什么瞅
93707,1629,王楚楚,2019-01-12 05:57:42,0,0,0,马马虎虎
100003,1629,王楚楚,2019-01-25 12:27:31,0,1,1,王老师真的是一个非常好的老师！每节课都会尽量让每个同学都回答一次问题，虽然这是我永远的噩梦，但是不得不说这个方法真的是很不错的。至于考试......自己基础不好所以成绩差，感谢老师不挂之恩！
100116,1629,王楚楚,2019-01-25 15:18:02,2,2,0,いつまでも私の先生です！
100208,1629,王楚楚,2019-01-25 23:22:50,0,0,0,王楚楚老师炒鸡可爱啊啊啊（泣）。老师深受日本文化熏陶，视听说课形式十分丰富真的很有趣，氛围超融洽的。
100214,1629,王楚楚,2019-01-25 23:27:23,0,0,0,老师人超级好哒，强日基本把上过的课文都记熟了就没什么大问题了
103918,1629,王楚楚,2019-03-07 08:30:13,0,0,0,还行吧
104287,1629,王楚楚,2019-03-16 14:33:07,0,0,0,没毛病
111851,1629,王楚楚,2019-07-03 01:11:09,1,1,0,日语4期末卷出得比较难，题型很丰富（课文填空，选择，阅读，造句，完形填空，翻译…），不过老师提前打了好几次预防针，然后再三嘱咐要读课文，而且把课内部分的出题范围也缩小了。于是我就读啊读啊读那11篇，再把这11篇的词汇1搞定。另外的五六课以及所有的词汇2我因为时间不够就没有看……考试的时候确实还是有许多不确定，翻译那里也有几个单词不认识考猜，最后4.5，也挺满意了
112620,1629,王楚楚,2019-07-04 22:51:18,0,0,0,某段时间会照着Excel名单挨个叫人起来用新学语法造句(论抄下例句并注音的重要性)\n\n拓展常识的时候可以开个小差\n\n日语二外学得仿若通识? \n\n考日语四前几天才出日语三3.3\n\n成功打醒了妄图水过的自己\n\n于是开始疯狂背单词读课文(课后习题也请务必看看) \n\n日语四4.5一雪前耻(๑•̀ㅂ•́)√\n\n\n\n
114685,1629,王楚楚,2019-07-11 03:44:08,0,0,0,最爱的老师
116874,1629,王楚楚,2019-09-17 02:42:06,-6,0,6,有基础为什么还要强求我背五十音
5768,1636,张建理,2015-07-09 09:21:01,0,2,2,英语会话与技巧课，本以为可以真的学到会话技巧，然而，特么上课就是被绕口令，背课文，朗读……
36858,1636,张建理,2016-11-16 09:04:59,0,0,0,和蔼可亲的老师 并且让我更加认识到了英语的重要性
157,1640,吴越民,2015-03-14 16:15:25,42,71,29,西方新闻语言还是挺棒的。但有一次课堂展示可能需要花费些功夫，上课会看会评，还会一起看BBC，老师会在中间课休给大家放有意思的英文视频。
4935,1640,吴越民,2015-07-01 07:16:46,7,17,10,语言文化真心好课！！！干货巨多！！老师很和蔼！只是要论文和随堂考～
5229,1640,吴越民,2015-07-06 02:45:26,17,35,18,事多分少
5249,1640,吴越民,2015-07-06 04:11:48,1,9,8,对于新闻素养意义寥寥，高中英语专题课即视感
8950,1640,吴越民,2018-03-21 10:08:27,29,78,49,内容见仁见智吧，我觉得挺水的。重要的是，我觉得老师有点……娘……就是那种gaygay的娘……
11316,1640,吴越民,2015-11-27 00:17:35,5,9,4,rl不分，特别出戏
11854,1640,吴越民,2015-12-18 03:56:22,0,10,10,我头一次见到上课讲黄段子的老师，真的。英语不好，专业课不评价了。
15437,1640,吴越民,2016-01-14 11:14:30,2,12,10,给分超差
15454,1640,吴越民,2016-01-14 12:52:36,2,7,5,给分还可以，上课轻松。
15483,1640,吴越民,2016-01-14 15:41:03,0,10,10,什么叫平时和蔼笑呵呵，期末在你绩点上插几把刀，我算是见识到了……
15506,1640,吴越民,2016-01-15 02:44:58,-3,8,11,每次都去听课，还背了几天才那么点分，上课也无聊。
15599,1640,吴越民,2017-06-20 08:27:51,15,32,17,上课内容难，互动多点同学回答，上课安排固定座位，老师严格负责。\n\n任务重：小组展示，论文，期末考。\n\n期末考要背的内容很多！\n\n英语基础不优不建议选！\n\n分不高。
15921,1640,吴越民,2016-01-16 15:16:35,29,33,4,上完了又开始怀念他每次不疾不徐的语调，下午去上课其实挺享受的。
18732,1640,吴越民,2016-01-22 12:16:49,11,16,5,给分不错的。好好背就行
23539,1640,吴越民,2016-04-05 08:26:30,-2,3,5,感觉没有什么意思，上了一半课一篇新闻都看不到，只是在讲概念\n\n
25903,1640,吴越民,2016-06-24 11:55:01,1,7,6,个人觉得挺好的，积极一点，期末认真背，给分很好
27302,1640,吴越民,2016-06-24 14:40:11,6,8,2,老师很好 感觉生活是有品质的人 上课会学到很多小知识 是不水
27356,1640,吴越民,2019-01-24 13:11:28,24,31,7,语言文化课干货还是蛮多的，课上会有一些互动，而且课上有好些留学生。但作为通识课非常非常不水...长学期的课，2000英文/3000中文的大论文加上期末的闭卷考试，英语基础不是非常好的话，论文写起来还是蛮辛苦的。
27357,1640,吴越民,2016-06-25 06:36:50,9,11,2,上了他的西方新闻语言，课不水，有课堂展示，论文和考试。老师非常认真，英语不太好的同学可以学到很多东西，扩充词汇量。只要上课认真听讲，好好准备展示、论文和考试，老师打得分还是很好的。
27474,1640,吴越民,2016-07-01 02:51:31,-2,3,5,坑爹的课
32529,1640,吴越民,2016-07-07 12:00:36,3,3,0,老师人挺和蔼可亲的，学识也渊博，上课经常点同学回答
34170,1640,吴越民,2016-09-28 03:04:38,-3,1,4,想退课...
34999,1640,吴越民,2016-10-28 14:53:23,-2,2,4,想退课+1
35241,1640,吴越民,2016-11-07 06:03:36,59,66,7,这么棒的老师才这么点分？向他请教问题他回答有和善又耐心，大一我不会写论文，提前吧论文初稿给了老师，老师用了很长时间阅读提了很多建议做了很多修改，还当面耐心教导。成绩还没出来，不管怎么样我要给吴老师10分!!真正有师德的良心老师!\n\n
39239,1640,吴越民,2016-12-21 17:28:10,9,10,1,上了中英语言文化比较，上课多回答问题就好了，老师人挺好，感觉对“语言学”的研究水平比较高，英语口语一般。第一节课最精彩，讲到后面就还挺无聊的。论文也不难，考试背一背没有问题的。
39769,1640,吴越民,2016-12-27 11:49:43,3,3,0,非常棒的老师！人很随和，很有耐心。西方新闻语言上课干货很多，老师注重词根，上课喜欢和大家讨论，开玩笑。希望外语学院多一些这样的老师
40446,1640,吴越民,2017-01-12 02:01:13,4,8,4,最终成绩符合我的大英成绩
41023,1640,吴越民,2017-01-08 10:14:00,6,6,0,西方新闻语言相对于其他F类通识课算是事情比较多的，有论文还要做视频，期末考内容也很多差点写不完...但是真的是一门只要积极参与进来就能学到很多东西的课...老师人也很和善
41482,1640,吴越民,2017-01-12 02:53:30,3,3,0,课堂内容很丰富，值得一听
41514,1640,吴越民,2017-01-12 05:43:59,4,4,0,相对于这门课的任务来说  学分是比较少了 长学期要小组展示课程论文和随堂考不过老师挺好哒 给分也可以
41528,1640,吴越民,2017-01-12 06:35:31,-3,1,4,就这么点分呵呵
41557,1640,吴越民,2017-01-12 07:43:32,5,5,0,还可以啦……对我这个英语不好的人来说给分已经不错了
41582,1640,吴越民,2017-01-12 08:20:42,4,5,1,老师很细致很认真很负责，认真上是有收获的。虽然上课提问，但是答不出来也不要紧啊，课堂气氛很友好的。出分好快啊，给分不错的！
41592,1640,吴越民,2017-01-12 08:30:23,9,11,2,给分怎么说也还行一般般吧，事情比较多上课爱点名。如果你英语基础不好的话建议不要修了。不过老师很认真负责的呀，还会给我们看脱口秀。
41619,1640,吴越民,2017-01-12 09:11:02,0,0,0,还可以吧......
41715,1640,吴越民,2017-01-12 12:03:15,9,11,2,无论基础，可以通过努力拿到好的绩点。
41768,1640,吴越民,2017-01-12 14:11:15,-3,13,16,好老师！人很和蔼很善解人意无论什么问题回答都非常耐心！！！通识课里唯一一门4.8的课！给分也很好！不能更赞！
41941,1640,吴越民,2017-01-13 09:13:55,1,1,0,老师讲得很好
41956,1640,吴越民,2017-01-13 09:52:47,3,4,1,老师讲课还是蛮好的，但是课程内容比较多，如果其他安排比较满就不建议选了
42125,1640,吴越民,2017-01-13 15:29:17,7,7,0,老师人很好啊，讲课解答都很耐心，给分也不错，而且一言不合会开车哦～
42519,1640,吴越民,2017-01-14 10:25:54,2,2,0,给分好醉啊 虽然我上课的确不是那种很跳的人 但是期末的闭卷考感觉自己基本都答上来了（文化交流
42801,1640,吴越民,2017-01-15 07:32:35,1,1,0,一份努力一份收获吧可能  我被正太了 伤心 事情稍多
42898,1640,吴越民,2017-01-15 11:25:10,4,4,0,文化对比：老师很博学，上课能收获很多西方历史常识之类，很轻松。不过准备期末考试的时候挺辛苦的，我花的时间不够3.3分，怪自己吧
51477,1640,吴越民,2017-06-06 07:13:33,0,2,2,想睡觉
51794,1640,吴越民,2017-06-27 05:00:35,8,12,4,啊啊啊啊啊啊啊啊啊啊啊老师真的男神啊啊啊啊啊啊啊啊啊啊啊啊啊啊啊一生推啊啊啊啊啊啊啊啊啊啊
51873,1640,吴越民,2017-06-13 05:10:37,9,10,1,趁还没期末考过来评价一个，老师很棒，很关心同学；尽管没学到什么专业知识，但是多少还是可以学到一些东西。整个课堂气氛特别棒，就好像大家一起聊聊天。第一次在大学感觉到 即使大家来自不同专业，但是却感觉像一个班级。课间课前老师还会给我们放各种有趣的视频。
53585,1640,吴越民,2017-06-27 05:41:19,22,23,1,其实我挺喜欢吴老师的，感觉看上去就是一个很和蔼很有内涵的老师。喜欢上西方新闻语言课，课上感觉能学到很多东西。老师会要求固定座位和点名回答问题，但是整体的课堂氛围很轻松啊，所以也不会觉得有压力。\n\n我英语水平也不是很好，只是从开学不久就开始背期末考试要求的那些东西，感觉自己挺努力的。虽然最后的成绩让我有一点点失望吧，但还是觉得吴老师是值得10分的！有机会的话真的还想选他的课～
53640,1640,吴越民,2017-06-27 08:21:55,3,4,1,很有内涵的老师，很有风度，课程内容不水。第一次写英语论文，第一次自己剪视频做展示，期末闭卷考试要好好背，很有收获
53814,1640,吴越民,2017-06-27 16:06:07,0,3,3,sb一样的助教
53976,1640,吴越民,2018-01-03 11:20:07,3,4,1,很好的
54051,1640,吴越民,2017-06-28 10:10:08,5,6,1,其实挺怪的 明明都是英语 气氛和大英完全不一样 很随意的 想说什么就说什么 期末考有点难的 要背书 全英的 给分也不太好 但是老师真的很不错 学到不少东西
60578,1640,吴越民,2017-10-24 09:16:33,3,3,0,上课不开灯，摸黑写字ing…
65741,1640,吴越民,2018-01-08 16:17:24,1,1,0,西方新闻语言这门课我本身很感兴趣，觉得老师也讲的挺好，一个展示，一个闭卷考，考试范围都会讲清楚
65900,1640,吴越民,2018-01-10 05:16:16,3,3,0,楼上说摸黑写字的你别走！！！！\n\n还有就是一节课被点四五次回答问题真的是很刺激了\n\n
66399,1640,吴越民,2018-01-16 04:12:53,3,3,0,老师真的挺好的，上课非常氛围很轻松很轻松，刚开始可能不太适应，一节课会点好几次名来回答问题，不过答不上来完全ok，下课会放一些很有意思的新闻视频。讲课主要是根据课本，干活很多，建议新闻学的同学来听一听，会看很多西方新闻报道。一次视频制作，一篇论文，一次随堂考试，划得重点很清楚，只要上课认真听就ok。老师真的是很有修养的，每次周二下午九十节听讲都挺享受的。
66403,1640,吴越民,2018-01-16 05:12:40,2,2,0,这么说吧，这门课如果想要水水过的人还是不建议选，中英语言文化长学期的课只有1.5学分还是比较亏的，上课的时候老师会点你回答问题做自己的事情也不太方便，但是老师还是挺不错的很和蔼，给分看论文和考试，论文如果用英文写的话分会比较高但是写起来很痛苦，考试要背的东西也很多，还是对英语学习有帮助的，想学点东西的东西可以选一选
66437,1640,吴越民,2018-01-16 10:56:32,2,2,0,中英语言与文化比较:课程内容本身是挺有意思的，但是上课不能水，作业是2000的英文论文，期末闭卷考试，考前会告诉你题目。总的来说只要认真一些给分还是很不错的。
66444,1640,吴越民,2018-01-17 11:45:03,1,1,0,超级棒
66541,1640,吴越民,2018-01-17 08:10:55,0,0,0,期末一定要好好背一下老师划的重点
66543,1640,吴越民,2018-01-17 08:16:56,6,6,0,第二次上吴老师的课了！真的是我听过最认真的一门课，嘿嘿 不仅因为老师上课会记住每个人的名字然后不定期叫人回答问题，上课内容也真的很有意思哇⊙ω⊙\n\n老师不仅博学多才，还会动不动开车hhh真的很萌\n\n中英语言课是我通识课拿过的最高分了（好吧是因为其他的都太低了QAQ）\n\n反正真的很喜欢吴老师！强烈安利～～
66633,1640,吴越民,2018-01-17 17:26:16,2,2,0,每次课必定被点去答问题，对口语的锻炼还是很足的
66670,1640,吴越民,2018-01-18 05:45:56,0,0,0,上课体验还行，事儿有点多
66731,1640,吴越民,2018-01-18 14:52:57,2,2,0,老师人很好，上课会点名叫同学回答问题，每个人基本都会轮到，比较适合不大敢举手发言的孩纸。论文和课本还有考试都是全英有点痛苦，但是真的会学到东西。唯一尴尬的是周围好像都是英语超好的大佬（目测外院），大一菜鸡瑟瑟发抖（很多提到的单词没听懂）。谢谢老师让我上4，本来都以为会挂了
66922,1640,吴越民,2018-01-19 09:47:51,1,1,0,干货呀
66943,1640,吴越民,2018-01-19 11:39:18,1,1,0,老师很棒！上课认真学认真备考的话可以学到很多东西，课程内容很丰富一点都不水！
67052,1640,吴越民,2018-01-20 07:16:37,1,1,0,老师很好。。非常负责，对留学生也很关心
67059,1640,吴越民,2018-01-20 07:40:22,2,2,0,这门课是算外语类学分的，但如果不修大英仅凭这门课学分还是不够，有点鸡肋。另外，课程内容非常不错，老师词汇量非常丰富，上课是比较舒服的。录制新闻播报也非常有趣。作为大一新生，上来就写英文论文是有点懵的，但凡事都有第一次是吧？最后的考试，如果平时不听不做笔记是完全不会的，全部来自于书本哦～
67357,1640,吴越民,2018-01-21 02:17:16,-8,5,13,这什么傻逼通识课，论文写了一礼拜，期末考试好好背了，最终绩点惨不忍睹，上课气氛诡异，老师还一直讲什么女德，简直要呕吐
69487,1640,吴越民,2018-01-25 00:46:22,0,0,0,我英语差得一批还能得80多分哈哈！虽然我期末考试宕掉了，但是我好好写论文，成绩比我想得好多。
75901,1640,吴越民,2018-03-21 10:07:48,2,2,0,超级好的老师。不仅提高英语，还提高语文（笑哭.jpg）
80778,1640,吴越民,2018-07-01 02:42:50,3,3,0,课堂氛围挺好的，老师备课很认真人也很好，事情不多，给分公正
80795,1640,吴越民,2018-07-01 06:55:14,6,6,0,推荐英语基础好的人选，毕竟成绩占比50％的2000词英语论文不是闹着玩的（亲眼看见上完第一节课之后同桌的同学把了退了…），这课除了英语水平能提升外，也能锻炼自己新闻方面的素养。平时课堂氛围一直很不错，即使问你你答不出来他也会帮你圆场。没有统一期末考压力也不算特别大，最后是以课堂测验的形式考核。课前和两节课中间都会放一些有意思的视频。特别真诚负责的一个老师，给分还是靠自己为主。
80937,1640,吴越民,2018-07-03 02:05:43,3,3,0,很充实
80954,1640,吴越民,2018-07-03 04:00:18,10,13,3,西方新闻语言：一节课日常被点五次名（？）以及为什么每次名词解释遇到LGBT这样的词都要我来解释（？）但老师人真的nice 一学期下来还是学到了很多（讲黄段子的修辞方法）
81010,1640,吴越民,2018-07-03 09:58:20,1,1,0,上课氛围很棒，整个学期我都沉浸在笑声当中，过的很开心！
81084,1640,吴越民,2018-07-03 16:59:57,0,0,0,还好吧 收获有的 分很好 \n\n
81126,1640,吴越民,2018-07-04 05:27:27,2,2,0,老师上课喜欢提问，英语基础不优的要选好座位，要不每次都会被提问到。对背单词要求比较高。
81282,1640,吴越民,2018-07-04 14:24:27,-8,3,11,绩杀......千万不要选！累的要死，绩点可怜
81324,1640,吴越民,2018-07-04 17:02:38,1,1,0,能想象我上的是一门只有10个人的通识课吗，每节课要回答七八次问题吧根本没有水的机会2333，不过老师人还是挺好的课堂内容也充实，给分没什么好说的严格正态……
91750,1640,吴越民,2018-12-19 09:37:18,1,1,0,个人感觉很棒的课，不水，中英文化比较会有很多干货，作业是英文论文，老师给范文，期末考试其实之前每节课都会泄露一点题目。老师几乎能记住所以同学的名字，觉得很感动了。
93380,1640,吴越民,2019-01-09 08:38:44,2,2,0,很认真
94178,1640,吴越民,2019-01-15 12:53:42,1,1,0,超级好的老师！！
94444,1640,吴越民,2019-01-16 13:05:53,2,2,0,老师课蛮有趣，最后一堂课的最后十分钟是这一学期的精华。。。不过我又卡?了，喵喵喵?
94451,1640,吴越民,2019-01-16 13:23:47,2,2,0,收获很多，但是比较累点吧，老师给分还是很好的。
94473,1640,吴越民,2019-01-16 16:12:01,2,2,0,上课需要投入 因为老师会随机提问哒。平时没有什么作业，就是大论文有点累咯。还是很喜欢的～觉得老师很博学很温柔每周二感觉都是新闻知识/英美文化/英语词汇拓展。给分也很好（当然我也学得蛮用心
94478,1640,吴越民,2019-01-16 20:20:21,2,2,0,文化比较。老师人很好，能学到一些东西。不过考试不是特别需要听课，每节课最后记一下考点，最后一节课再记一些考点，最后背就好，也不算特别多。
94485,1640,吴越民,2019-01-17 01:18:03,5,6,1,水不了的课，拿不到的高绩点
94494,1640,吴越民,2019-01-17 02:07:45,3,5,2,老师人巨好呜呜呜呜！温柔又和善，会记住班上每个同学的名字！给分也很好！平均绩点低是因为班上有很多根本不听课也不做作业的留学生（就是说实话，没有歧视的意思，留学生里也有几个很上进的，老师每节课都会问他们问题，还会让中国学生跟他们互动，比如用英文帮他们解释一个术语啥的）。一生推啊啊啊啊！表白吴老师！还帅！那种经典香港明星的帅！
94556,1640,吴越民,2019-09-07 08:06:09,-36,7,43,4.5…感觉是我自己期末考没好好复习。
94574,1640,吴越民,2019-01-17 08:39:26,2,4,2,事多但……英语弱渣上四了就很开心啊啊啊啊啊啊\n\n老师人很好，上课极其硬核
94618,1640,吴越民,2019-01-17 11:51:26,2,4,2,论文和展示用心做还是挺容易的，最后成绩比大英高很多……而且也学到很多东西，真的收获多，事情少，上课快乐，给分还好，老实人也很nice
94695,1640,吴越民,2019-01-18 01:10:34,8,8,0,吴老师才华横溢，懂得很多，能记住每个学生的名字，是大学里不可多得的好老师！
95470,1640,吴越民,2019-01-19 12:32:51,1,1,0,呜呜呜 西方新闻语言 能收获很多 老师也很好 上课让人非常认真 不敢不认真 但也不是太有压力 考试好好背就好 但我没有好好背 所以flop了 老师还是很好的
99341,1640,吴越民,2019-01-24 15:07:02,3,3,0,老师很棒，上课就像聊天一样，上课氛围很轻松。喜欢点人回答问题，有可能一节课会点一个人好几次，但答不出来完全没关系。事情不算少，但能有收获，最后考试80%的题都是提前告诉我们的，好好背书就行（西方新闻语言）
101877,1640,吴越民,2019-01-29 11:02:44,4,4,0,老师上课很有趣，博学多识，文化素养高，观点很先进，课前会放意思的英语短片。课程本身还是干货满满的，上课座位固定，经常随机点名，期中的论文纯英文2000词有些吃力，但是坚持写完会很有成就感，期末闭卷考认真复习老师给出的重点就好。
110179,1640,吴越民,2019-06-24 08:16:07,2,2,0,老师真的很棒，很温柔，中英语言与文化比较，付出与分数成正比~
110203,1640,吴越民,2019-06-24 11:51:42,2,2,0,西方新闻语言：长学期，1.5学分，每周两节课，拍一个短视频，一份两千字英语论文（无上限），期末闭卷考（词汇，概念默写，翻译etc），作为一门通识课确实任务的繁重成度与学分不匹配，但是还算能学到一点东西，不水，最后期末真的背书背到哭，像我这种一个学期没有学过英语，基础一般，词汇量差的人上课没什么存在感，课堂表现当然也在考核指标内，只能笨拙地多背多写，4.5，还算是和付出成正比。老师讲课还阔以，开阔眼界。
110207,1640,吴越民,2019-06-24 13:02:00,2,3,1,老师人很好，温文尔雅，很有品味有涵养的老师，也很敢说。西方新闻语言 课可以水可以听。我水了一学期自认很一般，但是最后考前一天背背书分数很高！不是我考的好，是老师给分真的太好了！强烈推荐
110227,1640,吴越民,2019-06-24 23:57:37,1,4,3,虽然糟心程度极高，1.5的学分像上了两遍大英四，又有论文又有小组展示还有期末考，对于一般同学来说内容也挺难的，但是给分真的挺好，老师很温柔，课也讲的好，每节课会有小视频给我们看，说不上多有趣但真的挺开阔眼界的，对于想学到东西的同学真的挺好，给老师10分
110271,1640,吴越民,2019-06-25 09:02:29,3,3,0,吴哥是个好人，讲课也很棒，上课喜欢跟同学们互动！老师知识渊博，思想很开放，（懂很多233。西方新闻语言课，有一篇论文一次展示，期末随堂考，学到很多新闻的知识！老师给分也超好，教学认真负责，难得的好老师！
110455,1640,吴越民,2019-06-27 01:48:03,1,2,1,中英语言文化比较：\n\n作为通识课事情真的很多，但是干货也很多\n\n建议对语言学有兴趣的盆友选吧
110462,1640,吴越民,2019-06-27 02:41:20,2,2,0,适合英语基础不算太好的同学补英语学分！\n\n得分和付出基本成正比，而且就算语言基础不好也可以通过背书和多次论文修改弥补！\n\n(大英四3.3，西方新闻语言上4)
110551,1640,吴越民,2019-06-27 11:51:00,1,2,1,西方新闻语言：老师真的很好，一开始我觉得班里大佬太多想退课，老师鼓励我跟下去。最后期末考之前一节课老师给我们捋重点，结果是捋到的全考了，没捋的一个没考，太良心了。大英3.6，这个4.5，可以说是很快乐了~
114464,1640,吴越民,2019-07-10 04:24:34,1,3,2,老师真的非常好啊！特别亲和，会记住每个同学的名字。上的是老师的西方新闻语言，感觉很开心，在课上学到了不少知识，而且课堂氛围真的很轻松，像是大家聚在一起唠嗑一样的。课间还有有意思的视频和歌，老师会给出各种有意思的科普介绍，除了语言本身外还能了解这个世界各个角落各个领域发生的有意思的事情，个人觉得是极有意思的。课程事不算多，小组展示一篇论文加期末闭卷，闭卷考需要背一些内容，都是挺基础的知识，背了就会的，努力多少收获多少，学到了就是你的，绝不亏的。如果有幸能选上这门课，我替你们感到高兴，真的。
124050,1640,吴越民,2020-06-22 13:15:25,12,14,2,今年的绩点？？wtf
124052,1640,吴越民,2020-06-22 14:45:52,-19,3,22,期末只拿到4.8，可能是平时上课回答问题不多吧。课挺水的，上课不用听，期末莽就完事了，舒服。
124063,1640,吴越民,2020-06-23 03:57:38,1,3,2,老师人很好 真的很负责 作为治学的老师应该点一个赞
124066,1640,吴越民,2020-06-23 06:03:58,-3,1,4,很细心到老师，很有耐心，虽然没有上过他的课
124069,1640,吴越民,2020-06-23 07:37:11,-9,3,12,老师人很好，上课气氛像唠嗑，平时任务也很少，顺便谢谢老师帮我养成了每天读纽约时报的习惯，一个英语渣最后4.5真的很开心了！
124094,1640,吴越民,2020-06-23 14:04:47,0,2,2,老师挺负责的，课堂内容很充实，用心的话可以学到很多知识
125429,1640,吴越民,2020-09-08 13:57:12,4,6,2,臭狗屎一个  选了就完了
129976,1640,吴越民,2021-01-14 09:37:14,2,3,1,上了老师的最后一节课，真的是很好的一位老师。会教你写论文，会让我这种懒人积极参与课堂，会放些有趣的视频，会讲些有趣的事。
130117,1640,吴越民,2021-01-17 10:55:03,1,3,2,为人温文尔雅，幽默风趣，会记得班上所有同学的名字，让每一位同学都参与到课堂讨论中来。知识丰沛，干货很多，学到很多知识，难词好句都会标注出来。\n\n上了老师的最后一节课，今年老师退休了，祝一切安好\n\n（也希望能有个好分数）
130348,1640,吴越民,2021-01-21 07:45:08,6,7,1,老师确实是很温和的老师....但是给分我真的吐了。。是我的英文论文不好好写还是我的期末考试不好好背？？狂背英文概念复习课本最后直接拉我均绩整的和个正态一样，不值，真的不值。
130432,1640,吴越民,2021-01-22 09:33:54,0,2,2,老师带完这次秋冬班就退休了\n\n很好的课很好的老师
54302,1641,Simpson,2017-06-29 04:25:24,0,0,0,。。。。。
1078,1648,俞建青,2015-03-21 16:05:51,14,25,11,作业比较多，老师对口语交流比较重视
1143,1648,俞建青,2015-03-21 16:17:54,2,9,7,上大英不怎么听写，挺轻松的
1565,1648,俞建青,2015-03-22 14:42:47,3,7,4,挺累的
1566,1648,俞建青,2015-03-22 14:42:49,1,7,6,你来听一次就知道了
2087,1648,俞建青,2015-04-01 09:03:31,45,70,25,虽然演讲课任务比较demanding一点都不水但是真的可以学到东西
4698,1648,俞建青,2015-06-26 09:01:55,-40,14,54,自以为是
5159,1648,俞建青,2015-07-05 11:29:42,1,10,9,笑一下OK？
5160,1648,俞建青,2015-07-05 11:30:10,1,8,7,不能更多了
5632,1648,俞建青,2015-07-08 23:38:19,1,9,8,我觉得还不错啊，给分也挺好的
7340,1648,俞建青,2015-09-16 07:14:18,13,20,7,注重口语\n\n
7901,1648,俞建青,2015-09-16 04:54:36,11,23,12,作业超级多……
9055,1648,俞建青,2015-10-12 00:29:18,-3,3,6,还不错啊 挺轻松的
9607,1648,俞建青,2015-11-02 17:24:06,2,7,5,男神！
10866,1648,俞建青,2015-11-23 07:46:10,4,13,9,不会拼单词，老是拼错.......
12440,1648,俞建青,2015-12-23 09:26:38,3,6,3,男神，满分没得说
12507,1648,俞建青,2015-12-23 11:45:54,5,10,5,布置任务可以再简洁清楚一点
12862,1648,俞建青,2015-12-24 06:57:36,2,5,3,不错的，讲课很务实
13138,1648,俞建青,2015-12-25 02:48:52,26,45,19,特别喜欢他  没有听写没有展示  务实
13697,1648,俞建青,2015-12-30 11:04:10,-31,4,35,主角是个坑
14019,1648,俞建青,2016-01-03 16:28:35,6,11,5,很认真严谨，口语很棒，台风很棒
14631,1648,俞建青,2016-01-08 04:37:39,2,4,2,好棒啊！
14779,1648,俞建青,2016-01-09 04:01:25,156,184,28,如果对一个大学英语老师感到满足只需60分的期望值，这个老师有100分，就像enough和adequate的区别。
15237,1648,俞建青,2016-01-13 02:44:26,5,9,4,上课注重口语，喜欢
16114,1648,俞建青,2016-01-17 08:42:56,-43,8,51,不许水手机(哦那其他就更不允许了)……我讲的都很重要……到大学还这么讲究mianzi。民主自由哪里去了……
16138,1648,俞建青,2016-01-17 09:23:41,-20,13,33,绩杀。
16147,1648,俞建青,2016-01-17 10:16:16,5,9,4,很多干货 老师比较严
16377,1648,俞建青,2016-01-18 04:04:34,2,9,7,我的男神\n\n
17977,1648,俞建青,2016-01-21 05:07:30,4,9,5,男神❤️
18243,1648,俞建青,2016-01-21 10:28:49,3,8,5,很有趣的课堂，第一天就告知了作业的形式，结果期末大家都忘了做也没说什么，很好的老师
20116,1648,俞建青,2016-01-26 06:53:36,40,56,16,演讲想水水的童鞋还是上外教课吧。给了9分，他的课上课真的能学东西，1分扣在万年不换的大了一号的衬衣上(¯口¯)
22657,1648,俞建青,2016-03-09 10:47:08,34,46,12,注重英语的实际应用，不拘泥于课本，关注口语，教了很多地道的词汇用法，收获颇多！PS:外表高冷内心炽热的男神～
23695,1648,俞建青,2016-04-13 00:44:09,2,3,1,
25551,1648,俞建青,2016-05-25 07:34:59,-29,4,33,估计打高分的都是口语、听力好的，这老师竟然听力都没字幕，真是逗
26213,1648,俞建青,2016-06-16 09:03:17,9,12,3,会很幽默的指出很多英文中相近词的区别和我们的误用。真心赞！
27232,1648,俞建青,2016-06-23 22:05:18,0,5,5,觉得挺好的老师
27251,1648,俞建青,2016-06-24 04:36:12,-34,4,38,脑子比较糊涂 表述不清楚
28364,1648,俞建青,2016-06-28 08:40:48,4,5,1,给分很好~
28982,1648,俞建青,2016-06-29 05:07:05,-21,7,28,学的东西还行，给分实在不行，想刷绩点的勿选
29137,1648,俞建青,2017-03-10 02:58:03,15,24,9,大学最喜欢的老师，没有之一
29211,1648,俞建青,2016-06-29 12:07:02,5,7,2,男神，满分
32076,1648,俞建青,2017-06-07 08:23:51,4,11,7,给分不错，很有原则，但是中文表达能力有时候欠佳，有原则有时候显得死板，两学期上下来老师的讲法有改进，但有的时候demanding到气的人不得了，每节上课都会点名的～无故缺席会死的比较惨，演讲2的即兴演讲占比较重，总的来说一点都不水，学多少看个人，但只要不过分老师给的分数还不错。
32327,1648,俞建青,2016-07-06 07:17:53,15,16,1,英语演讲2整个学期准备三个演讲，一个persuasive speech，一个creative speech，一个impromptu speech。最后一个真的很刺激，抽个题目给三分钟时间准备，做一个三分钟演讲。 给分一般，但是课上演讲都是一次抗压训练
32575,1648,俞建青,2016-07-08 01:37:49,24,38,14,男神，绝对的男神，虽然给了我低分不过还是好评，能学到很多东西，每次speech day都是一次大考验，压力陡增。最后一次即兴演讲重要，以及过来人血的教训：千万不能迟到更不能缺席！每一次迟到都会记录！迟到一分钟也不行！不然会很惨！！！真的！
33380,1648,俞建青,2016-09-19 03:07:59,15,20,5,男神！上课干货就不说了，看过他同传简直不能更厉害了～不过想水分的就别来了。
33516,1648,俞建青,2016-09-20 02:04:52,2,6,4,男神男神男神，平时学的多，给分给的好
34759,1648,俞建青,2017-01-15 11:42:13,-30,7,37,对迟到要求很严 然而他好像忘了自己迟到过不止一次
41133,1648,俞建青,2017-01-09 11:32:23,5,7,2,老师的课真的一点都不水，老师也是个很棒很棒的人，强烈建议，干货超多。
41341,1648,俞建青,2017-01-10 17:49:33,26,31,5,昨天上完了最后一节口译课，也结束了连续三个学期老师的课。平时总免不了抱怨上课压力好大，盼望着早日解脱。但现在真的结束了，又会有点不舍。无论成绩，上过这一年半的课就是最大的收获，三个学期来还是要感谢老师了。
42594,1648,俞建青,2017-01-14 13:40:59,-18,4,22,interesting…上过演讲课的同学懂的
42854,1648,俞建青,2017-01-15 09:47:51,-10,7,17,尽心尽力演讲课 给分我不是很懂……………
42915,1648,俞建青,2017-01-15 12:03:15,2,3,1,干货很多！！好老师..就是千万不要迟到..
42962,1648,俞建青,2017-01-15 13:52:00,14,17,3,对语言严谨性的追求到了一种偏执的程度，不过真的很棒很有收获
42963,1648,俞建青,2017-01-15 13:55:48,-10,3,13,还好吧，不听写，比较看重口语，绩点不高
43041,1648,俞建青,2017-01-15 15:19:00,2,4,2,有干货，真心不错。我不是英语相关专业的，这个只是作为个性学分，感觉收获很大。
43219,1648,俞建青,2017-01-16 03:52:48,12,16,4,很好很好的人
43299,1648,俞建青,2017-01-16 06:00:51,-15,5,20,给分不懂
43993,1648,俞建青,2017-03-02 04:15:46,3,6,3,男神  上课超级好~\(≧▽≦)/~
44254,1648,俞建青,2017-01-17 13:15:55,16,23,7,男神老师啊，长得帅，声音好听，又温柔。对口语要求比较高。
45169,1648,俞建青,2017-01-19 05:35:25,1,3,2,俞老师男神
45567,1648,俞建青,2017-01-19 22:48:40,1,4,3,老师是我男神^ ^
47356,1648,俞建青,2017-01-25 11:36:14,4,6,2,上老师的课是痛并快乐着
47901,1648,俞建青,2017-02-27 07:54:45,0,5,5,刚上完英语演讲艺术，个人觉得是我在浙大遇到的最好的英语老师之一了。不过英语口语自认为不太好的就不要选这门课了，会非常痛苦的
47961,1648,俞建青,2017-02-27 14:29:51,1,4,3,俞老师男神，干货多，挺温柔挺有趣，演讲课对口语要求很高，给老师8分，因为对迟到要求太严格了…
47967,1648,俞建青,2017-03-30 16:27:54,130,149,19,谦谦君子，温润如玉
48491,1648,俞建青,2017-03-06 05:22:58,3,5,2,对老师的水平还是挺佩服的，无论分数怎样，这学期都会好好学英语的~
48980,1648,俞建青,2017-03-20 07:52:13,1,5,4,上他的课真的能学到东西的哟
49618,1648,俞建青,2017-04-20 11:59:49,3,7,4,老师很儒雅 上课很有收获
52756,1648,俞建青,2017-06-22 13:05:41,2,6,4,演讲课都是干货！干货真的多……以至于课程结束了，仍然感觉自己的水平跟老师的要求不在一个位面_(:з」∠)_
54099,1648,俞建青,2017-06-28 12:47:48,-12,9,21,白叫你男神一学期，最后这成绩……?没道理啊……
54100,1648,俞建青,2017-06-28 12:49:59,6,12,6,老师讲课超好的呀，人也很nice，男神气质！就三次演讲作为考核，一分努力一分收获的～
54136,1648,俞建青,2017-06-28 14:06:03,21,30,9,男神的课可以说是很赞了！干货足，讲究实用，听力口语训练用心的话收获非常多。很严格也很细心耐心，认真负责得要打120分！平时也可以看出是讲究细节的人(甚至从早春到夏天从来都是素色/纯色条纹衬衫/Polo衫等有领子的衣服)。以上是来自前排迷妹一学期的心得，查老师的分偏低了，个人认为虽然点名且日常严格但是绩点不错的~且老师帅气和善嘻嘻?
54257,1648,俞建青,2017-06-29 02:06:23,3,8,5,老师上课很温柔，上的他的英语演讲艺术，能学到很多东西，而且很务实，值得一听。
54755,1648,俞建青,2017-06-30 07:13:19,1,12,11,University should not always  be a forgiving place.I got it. Thank you very much.
58056,1648,俞建青,2017-07-27 15:33:23,15,22,7,很严格很负责，上课不许玩手机，不准迟到，更不许无故旷课，演讲日压力很大，有点像轮流上刑场的感觉，犯了错误会不留情面地批评，尤其是对翻译专业的学生。但是俞老师嘛，相处久了就觉得其实是个萌萌哒老师啊，上课也会偶尔开个玩笑，讲个笑话，虽然经常板着一张脸放冷气，但是其实超级温柔的啊啊啊啊
58133,1648,俞建青,2017-08-05 02:54:40,15,27,12,选了上课点名是因为大英的教室座位没来上课一眼就看出来了（笑）。\n\n男神啊~之前大英三满绩得意洋洋，幸好他大英四十分严格，不然我英语要完。他是真的在教我们实用的英语，看重词汇积累和词汇的精准运用，口译超棒虽然没亲眼见过，常常讲他的国外留学生活，其实是为了给我们丰富词汇，很反对目前的英语教育模式，不喜欢play，看视频也只给我们看讲座一类的。写作文要求逻辑通畅和语言精准，批作文慢是因为他每一篇连逻辑都抠过去。每节课几乎是听和说，听的时候不让你做听力书，而是自己做笔记，听完回答他的问题，然后会再听一遍一句一停分析，剩下些时间分析课文的逻辑和落实词汇，和视听说的感觉很像。对学生很负责，平时分一丢丢都会记（坐第一排侧面看得很清楚），要求提前几分钟来上课，如果上一节课比较远，他会事先做统计，就可以赶着点来了，人都到齐了才会开始上课，最后可以记住两个班所有人的名字，这一点考试的时候自见分晓。所以说了这么多，男神结婚了吗？（笑）
58519,1648,俞建青,2017-08-30 14:34:14,8,13,5,很好的老师  谦谦君子 梦中男神 口语课可能会遭遇高年级学长学姐的强势狙击  上课很有自己的思想  一路跟着建青上英语课  真的给分也超好  棒棒哒 强势推荐
59042,1648,俞建青,2017-09-19 07:46:09,7,12,5,英语演讲艺术，收获超大的一门通识课\n\n认真准备三次演讲会花不少时间，但绝对值得
59447,1648,俞建青,2017-09-21 11:57:13,2,9,7,老师很好！
59869,1648,俞建青,2017-10-07 05:02:40,-20,10,30,这老师能有9分？
60385,1648,俞建青,2017-10-24 15:32:21,0,6,6,好好好
60386,1648,俞建青,2017-11-01 02:17:54,-15,8,23,严以待人，宽以律己
60468,1648,俞建青,2017-10-21 13:24:50,5,11,6,想给老师抱抱，即使那么忙出了那么多的事也要来上课，简直泪目。ps：老师声音特别温柔，真男神……
60596,1648,俞建青,2017-12-03 02:39:29,-6,10,16,底下这长篇大论是想笑死我好继承我的蚂蚁花呗吗？
62023,1648,俞建青,2017-11-22 07:31:53,3,6,3,老师很温柔
63014,1648,俞建青,2017-11-28 02:32:24,6,21,15,评价里给低分甚至扬言要给负分的，大概都是因为老师要求太严格，不让迟到，不让玩手机，上课压力大，又有点枯燥。但是老师大可随你们的意，不点名上课听不听无所谓，给分85+，但这种课大学里还少吗，课程都是这样大学有什么意义。俞老师大可随便教，教学评分高，学生绩点高，皆大欢喜，还能腾出大把时间。在匿名评分系统里发泄的倒不如直接到教务网点退选，演讲课老师还有很多，大英老师更是数不胜数，不用委屈自己。\n\n严格，是因为有良心。
63526,1648,俞建青,2017-12-06 04:15:36,-6,8,14,表面君子
64079,1648,俞建青,2017-12-21 02:09:50,-5,0,5,
64653,1648,俞建青,2017-12-26 03:15:53,4,5,1,老师真的很有思想！很棒！
64942,1648,俞建青,2017-12-28 04:08:50,0,2,2,好好好
65323,1648,俞建青,2018-01-23 13:30:51,0,6,6,均绩杀手
65705,1648,俞建青,2018-01-08 10:22:47,6,10,4,记得去年查老师评分还不到8，看到俞老师的评分变高了我好开心，哈哈
67773,1648,俞建青,2018-01-22 07:03:28,6,6,0,有很多干货，老师很厉害，经常纠正我们很多不地道的地方，上课还会开开玩笑。皮肤真的很好！声音也很好听，很友善温柔的老师
67783,1648,俞建青,2018-01-22 07:11:25,0,2,2,虽然水了一学期但还是学到了很多points，以及上课时雅虎首页的各种新闻XD。老师很负责，就是OK的发音有点奇怪
67795,1648,俞建青,2018-01-22 07:29:01,2,3,1,大英四 认真听课有收获 不听也不会怎么样 总评会调分 老师人很好嗯
68108,1648,俞建青,2018-01-22 14:57:42,0,10,10,一言难尽，一个一学分的课要做三次演讲占用了我无数个周末选题写稿修改背稿，每次修修改改到崩溃最后还是要被老师怼选题和稿子，没有翘过一次课最后绩点惨不忍睹，感觉一学期的辛苦和努力都在打自己的脸，只有我这么垃圾吗
68221,1648,俞建青,2018-01-23 00:29:22,12,34,22,一个自以为逻辑链无懈可击，但始终沉浸在自己的完美世界里的老师。
68305,1648,俞建青,2018-01-23 03:03:30,3,4,1,老师人不错 讲课偶尔很无聊也有时候还好 给分很迷 英语演讲压力有点大 怯场会很惨
68630,1648,俞建青,2018-01-23 13:22:36,1,5,4,给分很迷
68750,1648,俞建青,2018-01-23 20:32:28,13,14,1,虽然给分严格，但是对自己的教学质量也很严格啊。比起水课的老师，这种只以质量换口碑的老师真的太棒了，可惜之后大概上不到俞老师的课了。
68784,1648,俞建青,2018-01-24 01:35:47,6,9,3,如果英语本身特别好，可以建议选他的课。老师很认真很负责，可以学到很多地道的英语。但是因为平时的要求极其严格，所以分抠得还是很严格的。不黑不吹，同样的水平去林晓那儿可能会高0.5左右吧。对自己水平有信心的但选无妨，就酱。
69291,1648,俞建青,2018-01-24 12:06:41,7,9,2,英语演讲 认真负责对学生要求很严格 打分比通识的正态分布还要正态分布 高分很高低分很低 期末演讲占比很大 讲得不好对成绩影响巨大 别问我怎么知道 这是我专业课有史以来最低分
69432,1648,俞建青,2018-01-24 15:57:18,-4,4,8,老师人真的非常好 上课认真负责\n\n给分对于没有认真学的我来说已经很不错了
71375,1648,俞建青,2018-01-28 11:06:00,3,12,9,一言难尽，用着自己奇怪的一套打分方式看着脸，真，看脸?
71934,1648,俞建青,2018-01-29 06:16:39,-27,2,29,大英四，因为我之前上过另一个老师的大英，于是对俞老师有些失望。比如，虽然老师在单词辨析上很有建树，能告诉你dramatically与remarkably在词意方面的差别等，但我觉得这对于我们现阶段的同学来说过于复杂，上课花太多精力讲就有些浪费时间了。
72319,1648,俞建青,2018-01-30 01:59:27,4,4,0,怼人小王子无误，每次写演讲稿时脑中都回荡着他怼我的声音，和善的眼神下给你的打分根本猜不透，自认最后一次演讲有点凉但给分还好，接下来演讲的筒子们还是要每次好好准备啊
72354,1648,俞建青,2018-01-30 03:01:48,3,7,4,演讲课有完整的一套课程体系，干货？算是吧，但是还是看自己能不能运用。感觉有的点不够convincing。老师一开始超级严肃，后来发现他原来也要笑啊！
72425,1648,俞建青,2018-01-30 05:58:27,-5,2,7,。。。
72508,1648,俞建青,2018-01-30 09:12:53,2,8,6,真男神，打算豁出均绩跟着了
75687,1648,俞建青,2018-03-15 06:26:30,7,7,0,刷新好老师上限
75824,1648,俞建青,2018-03-19 08:34:20,6,6,0,英语演讲艺术强推！老师讲的很好，一点都不水！而且很有趣！
76584,1648,俞建青,2018-04-16 01:10:42,-15,0,15,优雅的自以为是？
78833,1648,俞建青,2018-05-15 12:51:27,13,13,0,同传课上的要吓死，但是最后给分也该挺好哒，超出预期。也学到很多，三观很正的老师。小缺点就是太完美主义了。不过无伤大雅，谢谢俞老师了。
79109,1648,俞建青,2018-05-23 07:16:38,5,5,0,老师很儒雅，皮肤超白羡慕\n\n见多识广，温文尔雅，课堂内容很紧凑，有收获
79182,1648,俞建青,2018-05-26 02:24:06,-4,2,6,自我中心意识强烈到固执
80334,1648,俞建青,2018-06-25 07:48:49,2,2,0,英语演讲艺术很棒，有.东西
80858,1648,俞建青,2018-07-02 05:23:15,2,2,0,老师是真的好 有实力 见识广 对学生有要求但不苛刻 交流起来像个朋友 满分 推荐
80868,1648,俞建青,2018-07-02 06:06:22,6,6,0,老师很严格哦！但是人真的超好嘿嘿嘿！不用想着水过去，因为Mr. Yu的最强本领就是可以把几个班的学生脸和名字都对上！这是我大学里目前为止遇到过最走心的老师了！虽然我以前不喜欢英语课，但这学期听的最认真的就是大英了?上课满满干货，没有废话，而且老师温文尔雅，太棒了！
81008,1648,俞建青,2018-07-03 09:44:32,-3,5,8,给分是真滴不好啊...英语演讲艺术低年级别选 低年级别选\n\n
81012,1648,俞建青,2018-07-03 10:01:49,0,3,3,【英语演讲艺术】能学到东西 老师讲的不错 但我个人认为讲课风格和演讲不是很搭调…不太能被打动 欠点儿激情 另外给分嘛…比较客观吧☹ 大家自己衡量吧
81015,1648,俞建青,2018-07-03 10:19:38,0,2,2,高标准严要求低绩点，是我太辣鸡，感觉自己在外语方面完全没出路了
81024,1648,俞建青,2018-07-03 10:41:25,5,5,0,老师人很好。\n\n·另 其实低年级同学选了只要认真准备还是可以上4的\n\n一学期三次演讲 任务是有点重的 但是棒棒哒
81092,1648,俞建青,2018-07-04 01:39:32,6,6,0,温文儒雅的男神气质，口语非常棒，上了一学期演讲课收获很大（相比其他通识课），但是三次演讲算是压力比较大的，老师也在尽力帮大家克服公共演讲恐惧症，我平时是比较内向的人，演讲的时候很紧张会有些差错，但也是认真准备了，最后老师给了4.2，非常感谢老师能给的莫大鼓励。
81099,1648,俞建青,2018-07-04 02:25:18,-6,1,7,给分差
81117,1648,俞建青,2018-07-04 04:31:55,5,5,0,太喜欢他了，我上的是英语演讲，老师的眼睛总是亮亮的（我室友说像小狗一样），很专注地看同学。人超好超级棒，非常好，不背单词（我自己的问题）没有作业还收获满满，每节课都想拼命认真听啊。
81158,1648,俞建青,2018-07-04 07:40:41,0,2,2,挺nice的老师吧，课是不可能水的，但是还是很值得的（虽然期末还是凉了）
81168,1648,俞建青,2018-07-04 08:00:53,-9,0,9,太棉毛
81228,1648,俞建青,2018-07-04 11:07:57,7,8,1,虽然大英四课程很无聊，但是俞老师的课一点都不无聊。翻译专业的老师，非常注重口语。定期presentation，鼓励大家不看ppt不看手机真的讲出来。上课还会分享很多工作中的有趣经历，真的干货满满！认真听讲有很大收获，不要旷课不要睡觉，讨论的时候老师会很耐心地听大家各种奇奇怪怪的回答，课后回答问题也非常有耐心。超出了对大学英语课堂的预期！付出和收获成正比的课。
81350,1648,俞建青,2018-07-05 01:48:09,-32,2,34,垃圾玩意
81389,1648,俞建青,2018-07-05 03:18:45,8,10,2,太棒了，上的是大英四，老师能够记住每一位学生，会认真点评你的作文和展示。大英四大家其实都清楚内容怎么样，但俞男神会让你收获很多课外的知识和见识。注重英语务实能力，还会讲他在国外留学的经历。真的拯救了渣渣我对英语的兴趣，给了我很大的鼓励和帮助，真的感动！\n\nPS：老师貌似翻译学方向很厉害。而且，期末出成绩后，在群里能够点评出学生一学期学习的进步和不足，真的很佩服！反正出分后群里全是感谢，疯狂刷屏，表白俞男神！！
82057,1648,俞建青,2018-07-07 03:27:39,8,8,0,老师人很好，特别负责任的一位老师，经常会提醒你要注意的事情。看到同学做的不对的地方，比如上课水手机之类，也会委婉地提醒你。\n\n还有俞老师课上的干货很多，他说我们以前学的英文不是很地道，在国外人家都不是那么用的。要学地道的英文，他推荐去雅虎等网站看新闻之类的。\n\n学了之后我感觉收益很高，大英四学完后没有大英了，不然我真的还想选俞老师。
83516,1648,俞建青,2018-07-10 13:09:43,4,5,1,老师给分真的很一般，但课确实上的好。真正做到了老师说的inspiring。可以说是我唯一认认真真听的课了。但更在乎高绩点的话还是要慎重，课不水。
85746,1648,俞建青,2018-08-01 13:05:28,5,7,2,https://pan.baidu.com/s/17RgIro_ZYhzTyjHhTIIpZQ\n\n俞老师是我去交流项目的带队老师，一个很有趣的灵魂hhhh\n\n以及链接是他的照片，有兴趣的py可以看一下
86466,1648,俞建青,2018-09-16 14:23:38,-13,0,13,，，，
87011,1648,俞建青,2018-09-20 02:42:06,5,5,0,大一上预置了俞老师的大英四，因为自己没怎么下功夫，所以最后成绩有点遗憾。大一下果断选了老师的英语演讲艺术（隔了个寒假，老师还记得我的名字！暴风感动），真的是干货满满，改变了我以前对于英语演讲的看法。老师会教授你许多实用的演讲技巧，还会给我们看各国领导人手势内涵的小视频，会让你大开眼界的。还有三次演讲，认真听课好好准备，你会惊喜发现自己的进步的。老师的课完全不水，平时不太用刷脸，努力了结果会很好的。
92297,1648,俞建青,2019-01-20 12:46:07,4,4,0,超级棒
92581,1648,俞建青,2019-01-03 04:05:21,-2,1,3,aaa
93824,1648,俞建青,2019-01-14 02:41:01,4,4,0,老师太认真太优秀啦!
95085,1648,俞建青,2019-01-18 17:03:19,2,2,0,很有想法 很实在
95121,1648,俞建青,2019-01-19 00:32:50,4,4,0,横生妙趣，不按知识点死讲，而且还介绍很多出国的见闻，老师也很有趣。好课好课！
96071,1648,俞建青,2019-01-20 12:19:42,5,5,0,老师很好，讲课完全不水，真的能学到东西，最后给分也很赞。选择了上课点名是因为座位是固定的。
96078,1648,俞建青,2019-01-20 12:26:12,3,3,0,累并快乐着 绩点感人
96097,1648,俞建青,2019-01-20 12:47:38,1,3,2,谢俞老师不挂之恩！！！
96150,1648,俞建青,2019-01-20 13:32:32,3,4,1,温文尔雅，君子气概。
96153,1648,俞建青,2019-01-20 13:35:22,4,4,0,怎么会有这么又好又好看的老师呢 上老师的课完全是听觉享受＋视觉享受＋各种享受啊  其实一学期下来 作业真的不多 也没有听写这种花里胡哨的操作 但真的可以学到东西 而且考试之前老师超级细心的说明 也真的很暖(ps ：老师每次放视听说视频停下来的那个点总是很魔性→_→ ←_←也很有趣 很有趣)
96618,1648,俞建青,2019-01-21 07:59:39,12,12,0,老师真的超级超级好，感动哭了。我英语渣口语渣大英只有2.7的人为了学英语不顾绩点选了他的英语演讲艺术，上课真的超级放松，很多干货，也没有什么即兴演讲，三次演讲可以提前两周准备，如果够重视准备充分，大胆讲出来就非常有成就感啦。一学期下来看见了自己的成长，太感谢老师了，绩点感人呜呜呜(┯_┯)。
96774,1648,俞建青,2019-01-21 09:59:08,1,3,2,很儒雅的老师，男神呀！平常作业不多，大多是小组合作的pre和作文。课堂是思维很发散的，真正在培养我们的英语能力。
97766,1648,俞建青,2019-01-22 15:38:19,7,8,1,100分的老师，上课超认真、口音好听，完全真材实料的一堂课，扎实的学到很多东西！
98631,1648,俞建青,2019-01-23 16:19:54,65,69,4,因为周一整个下午有空，就稀里糊涂选了英语演讲艺术。这节课真的真的不水，完全可以学到public speech的很多技巧。有一次纸质的quiz，有三次演讲，这就是所有考评内容。准备演讲真的很辛苦，而且需要克服stage fright，加上老师比较demanding，所以如果准备不充分绩点可能不好看。但是老师的的确确是好老师！兼具颜值、嗓音和实力！中巴经济走廊会议同声传译！私以为老师给分很不错！我一个大一的脑残选了英语演讲艺术，扎堆在一群大二大三大四口语极好的学长学姐里，有的还是英语系翻译系的，只能说我尽力了，最终4.5。
99738,1648,俞建青,2019-01-25 06:08:01,13,14,1,想说让俞老师的课真的是挺有挑战性的一件事情 大英四预置了他的课 非常幸运 真的能学到很多东西 学习过程中 不断否定曾经自己对英语水平的过分自信 保持谦卑的心 继续前进 感谢老师的陪伴 谦谦君子  风度卓然 声音也超好听 见识颇丰
100708,1648,俞建青,2019-01-26 15:11:47,7,10,3,很温柔，英语很地道似乎，经常出国交流，给分蛮好的
102006,1648,俞建青,2019-01-30 03:31:21,12,14,2,一个会让你领悟 “尊重” 的英语老师，一个会真诚和你交流的老师，一个开朗、能力强的人。
102483,1648,俞建青,2019-02-03 08:13:34,-26,4,30,很无语
102814,1648,俞建青,2019-02-23 13:15:40,-25,1,26,，，，
103848,1648,俞建青,2019-03-06 08:45:31,-16,2,18,aaa
104481,1648,俞建青,2019-03-21 09:53:02,7,12,5,非常好
104548,1648,俞建青,2019-03-23 10:39:08,-36,8,44,所以我给他打一分
108290,1648,俞建青,2019-05-20 07:30:18,-36,3,39,所以我给他打一分
108854,1648,俞建青,2019-06-03 08:21:55,4,6,2,老师上课很好，自己主动发言可以提升很多的
109274,1648,俞建青,2019-06-12 15:10:10,-28,2,30,无语好吧
109691,1648,俞建青,2019-06-18 12:03:48,8,9,1,一学期的演讲课学到了很多很多东西，也见识了很多很多大佬，尽管自己表现不算出众，但也比上这门课前进步了太多，最后表白男神，希望一直能帅下去！
110180,1648,俞建青,2019-06-24 08:16:43,-3,4,7,老师的理念很好，是想教给我们真正的英语，但这种方式可能对我这种英语还不太过关的同学来说有点难了？而且对考试帮助不大
110823,1648,俞建青,2019-06-28 09:36:58,3,4,1,让我觉得上课是一种放松 每节课都好期待啊 特别儒雅的老师 不管几分都好喜欢他！
110921,1648,俞建青,2019-06-28 14:19:51,10,11,1,男神\n\n颜值和水平都很高。会教我们很多实际有用的知识，会记住我们每个人的名字。印象最深刻的是 最后考试的时候 会来挨个检查每个人试卷和答题卡上的个人信息有没有写对，超级负责的老师！
110937,1648,俞建青,2019-06-28 15:23:28,6,7,1,我觉得大学英语想真的学到东西的话，就是俞老师的课堂了
110948,1648,俞建青,2019-06-28 16:45:23,16,18,2,刚出成绩就来为老师疯狂打call！！俞老师萌点贼多，有时候英文的中文意思不知道怎么说还要同学来教? ，而且有些中文发音还贼奇怪(我经常模仿他...)考试的时候我坐在第一排，他跟我讲话我听不懂，老师就很萌萌地看着我，再说一遍，我还没懂，老师又用蹩脚的发音说了一遍。怎么会有这么温柔可爱的老师！！说实话我上课不怎么听课，绩点也不高，但是上俞老师的课相对来说很舒服很自由了！而且三观也很正，对学习英语有很多想法，出成绩了以后也告诉我们多多探索学英语的方法，不要在意成绩。
111240,1648,俞建青,2019-06-30 17:29:03,12,13,1,吹爆他的英语演讲艺术！\n\n\n\n课非常硬核，很有用，上他的课一直在克服stage fright，之后再也不怕公开做英语演讲了（至少敢开口说英语）。\n\n\n\n男神真是全才，同学演讲到的专业内容他都能指出其中知识点错误，很好奇为什么做英语老师？\n\n
111313,1648,俞建青,2019-07-01 02:12:30,10,11,1,英语演讲艺术\n\n很感动 很善良 很实在\n\n敢讲一些很实在的事 会搜集很多的演讲资料\n\n非常尊重学生 也很平易近人\n\n最感动的是 会记得每个人的名字 和每个人讲过的内容\n\n发自内心的尊敬与爱戴
111346,1648,俞建青,2019-07-01 04:01:01,8,9,1,英语演讲艺术，强推。 时时刻刻都在克服stage fright的一门课，能完成三次演讲对自己真的是很大的挑战和激励。虽然每次演讲前会纠结一个多礼拜到底讲什么主题，被ddl催着写完稿子，再一遍遍地练习，为了控制时间而苦恼怎么修改稿子，但在课堂上讲出来真的超级有成就感。 上课也是真的开心，老师对于各国领导人肢体语言的分析真的是打开了一个全新的世界。
116539,1648,俞建青,2019-09-11 09:23:26,5,6,1,男神！！
117244,1648,俞建青,2019-09-21 05:09:42,6,7,1,老师特别温柔特别可爱！讲课也非常好有很多干货，三观超级正！！确实很严格但是确实能学到东西，爱了爱了！
118132,1648,俞建青,2019-10-21 10:07:29,6,7,1,男神！！！！！！
120112,1648,俞建青,2019-11-17 13:15:47,9,10,1,上大学以来最喜欢的英语老师！应该和自己本身也对翻译感兴趣有关，上大英课也会和我们科普。先问我们一个东西怎么翻，然后有一丢丢狡黠地说“其实外国人都不这么用的”hhh\n\n明年想去旁听老师的专业课\n\nPS有人和我一样觉得老师有点像林志炫林大仙吗。声音，气质，连拿话筒的手势都像诶
120900,1648,俞建青,2020-01-18 11:29:33,-34,3,37,所以我给他打一分
121280,1648,俞建青,2019-12-24 07:40:35,6,6,0,不管成绩如何吧，学到真正的英语。男神 爱了。
122047,1648,俞建青,2020-02-07 14:52:11,8,8,0,【大英四】只要认真听课，认真背单词，认真看课文，不仅可以获得不错的分数，还可以得到课堂之外的知识！而且老师这么帅说话声音又好听，上课确实是一种享受！
122211,1648,俞建青,2020-02-26 01:56:44,3,3,0,男神不解释
122722,1648,俞建青,2020-03-26 06:32:46,6,6,0,啥也不说了给男神刷十分就完了
123594,1648,俞建青,2020-06-10 10:18:48,3,3,0,大英四自己选上的老师 真的就奔着他是搞翻译的去的 没有失望 真的收获满满 笑起来真的太可爱了 很有风范的老师!
124504,1648,俞建青,2020-07-02 06:53:25,5,5,0,英语演讲艺术。79/3.3。老师人是很好的，学问也高。但这门课对于英语水平（尤其是口语）不好的人实在是太痛苦了，这学期线上还好，线下感觉会非常严格。
126348,1648,俞建青,2020-09-23 08:26:01,1,2,1,男神 选就完事了
126485,1648,俞建青,2020-09-28 06:34:44,1,1,0,男神老师，超级负责，教了很多地道的表达，就是作业有点小多
129020,1648,俞建青,2020-12-29 00:33:37,1,1,0,啊啊啊啊啊超级喜欢老师呀 虽然还没期末考也不知道给分怎样 但是是一个很好很负责虽然比较严厉但是非常可爱的老师！！！
129253,1648,俞建青,2021-01-02 12:24:24,7,9,2,作为一个外语学分已经满了的人，选这门课就是为了和老师再多接触一个学期的。老师真的好帅好帅好帅，温文尔雅温润如玉，活在我理想中的男神了！
130800,1648,俞建青,2021-01-24 15:35:41,1,2,1,hhhhhh被捞上来了
130803,1648,俞建青,2021-01-24 15:43:59,3,5,2,大英四\n\n老师很帅！\n\n平时作业比较常规，小组pre有一次；但是讲课很有趣！反正选上不亏就是了！
130839,1648,俞建青,2021-01-25 02:32:08,2,2,0,认真听，有收获！
130855,1648,俞建青,2021-01-25 03:58:35,2,3,1,老师确实有谦谦君子之风，上课会很舒服。认真学最后绩点自然是水到渠成。
131047,1648,俞建青,2021-01-25 16:33:47,1,1,0,好老师，男神
131072,1648,俞建青,2021-01-26 00:53:19,4,4,0,老师确实温润儒雅，口语炒鸡好听！\n\n英语演讲艺术干货很多，认真完成三次pre收获还是很大的！\n\n强推！
132035,1648,俞建青,2021-01-30 03:45:46,2,2,0,老师有丰富的国外经历，英语表达很地道，能学到很多实用的标准表达与西方文化背景，风趣幽默，事稍多。
132868,1648,俞建青,2021-02-04 08:44:27,1,2,1,干货满满
133264,1648,俞建青,2021-02-22 02:02:23,0,1,1,好老师，有收获
134047,1648,俞建青,2021-03-14 07:16:23,3,3,0,老师会认真听每一个同学的发言！平时课上会拓展很多实用的知识，超级好！！！
137446,1648,俞建青,2021-07-04 07:59:02,1,3,2,老师真的男神！温文尔雅公子范！认认真真听了一个学期大英课！就是单词没有好好背，quiz和期末考没有好好准备导致大英变成史上最低绩点呜呜呜，对不起俞男神
138374,1648,俞建青,2021-07-08 23:05:57,-8,2,10,老师很好，很nice，很爱老师的口语（还悄悄模仿了一段时间）业务能力，水平都是极强的，无可挑剔的程度。缺点的话，感觉课堂风格有些偏低龄段教育的感觉（主要是大英课本身比较迷惑，教材比较令人不愉悦），美中不足就是感觉老师屁股有点歪，分享外国经历时还给我一种停留在2005年的感觉。
138591,1648,俞建青,2021-07-10 02:40:13,1,5,4,老师本身素养就很高，上课的时候也会给我们拓展课外的知识，还进行各种活动活跃课堂气氛。给分方面：老师给分非常好。综上，快冲！
141049,1648,俞建青,2021-09-22 07:50:11,1,2,1,温文尔雅
143183,1648,俞建青,2021-11-21 02:22:17,1,4,3,老师很好，讲课循循善诱。给分确实一般。但是…高情商：对学生严格要求；低情商：不好说话 作业多😅不过人无完人啦
143323,1648,俞建青,2021-11-23 10:26:23,75,77,2,21级来评\n\n预置了俞老师的大英四，第一节课时糊里糊涂坐在了第一排结果后来才发现老师固定了座位，还让我们填了一张座位表，每次回答问题他都会对着表看一看，真的会认全班上的人\n\n也如他所说，大英课的要求摆在那里，考试什么的做不了创新，但是他还是希望我们学到一些能“用”的东西。（quiz太要命，，，）\n\n老师看上去比较严肃，也不是很会跟学生拉关系的那种。但是真的很负责，也可以看出来他上课的时候很用心。（问“any volunteers的时候的眼神好可爱哈哈哈哈）\n\n我是一个很社恐很内向的人，上课没有主动发言过，也不知道最后成绩如何\n\n但是还是过来评一下，并表示现在还挺喜欢大英的。\n\n（选了点名，因为是固定座位😅🥲🥲🥲懂都懂）
144092,1648,俞建青,2021-12-17 11:24:39,19,20,1,被预置到俞老师的大英四真的太幸运了！因为俞老师而爱上了英语，因为我真的好想听懂他在说什么（老师发音很清晰啦，主要是我自己听力太差）。老师上课会努力引导大家开口讲话、参与讨论，不论同学说什么都会很认真的听，超级温柔耐心！讲作文的时候从题目的大小写、标点的使用规范到句子的逻辑都会讲到，真的是一位很严谨认真的老师。而且老师说中文的时候口音还有点可爱？（笑\n\n谢谢ZJU让我遇见俞老师！
144351,1648,俞建青,2021-12-21 06:48:32,0,2,2,老师超棒
146134,1648,俞建青,2022-01-05 14:21:57,0,2,2,男神!
146184,1648,俞建青,2022-01-05 16:17:35,0,4,4,出分了！\n\n91/4.5，还行吧，老师真的特别好啊
146232,1648,俞建青,2022-01-06 03:06:24,3,5,2,老师超级温柔超级博学，只要认真学认真背单词，就可以兼顾绩点和知识收获！！！（4.5/90，大英不正态，要把握机会哟！）
146237,1648,俞建青,2022-01-06 03:49:31,0,4,4,老师人真的不错，给分也挺好
146238,1648,俞建青,2022-01-06 03:49:32,0,3,3,老师人真的不错，给分也挺好
146268,1648,俞建青,2022-01-06 05:30:25,5,8,3,出分后看见老师的评分在一夜之内高了0.01哈哈哈哈哈
152807,1648,俞建青,2022-04-20 04:48:26,27,28,1,很耐心也很严格，对于低年级学生非常重视基础，对翻专生尤其如此。思路和逻辑都很清晰，很会上课，知道怎么说，学生才愿意听。而且在老师身上看到了一个professional interpreter的职业素养，很佩服。什么时候才能达到老师的高度啊 /笑
154514,1648,俞建青,2022-06-02 03:13:49,0,2,2,我爱俞老师！
155096,1648,俞建青,2022-06-08 08:13:43,4,5,1,老师真的超级好，平时会记住我们的名字，上课很有趣，教的都是些“能用”的东西，不拘泥于教材，感觉上了俞老师的课我才对英语产生兴趣，明白了学英语的意义，谢谢俞老师！
155812,1648,俞建青,2022-06-16 05:44:30,1,2,1,老师人很好，虽然我分很低，但主要是我的问题
155847,1648,俞建青,2022-06-16 09:30:33,31,32,1,英语演讲艺术\n\n老师很注意细节，从选题到演讲语言到演讲时的语调、眼神与手势都会关注。\n\n是个非常非常好的老师😭可能对演讲的要求比较高，但是老师会鼓励大家开口，不会push大家卷participation， 社恐空气人在他的课上反而感到很轻松\n\n认认真真地准备了三次演讲还认识了很多大佬，最终绩点超感人，谢谢老师呜呜呜呜呜呜
155863,1648,俞建青,2022-06-16 10:27:01,0,8,8,jq哥哥男神人帅给分好上课有趣有干货快来选
156106,1648,俞建青,2022-06-17 14:43:19,7,9,2,给分求是
156172,1648,俞建青,2022-06-18 04:38:50,-24,9,33,老师非常好~~~大英四4.8~~~快来选~~~
157004,1648,俞建青,2022-06-21 14:11:17,8,10,2,大英三的时候我的感受是，“学大英是无意义的”。但大英四遇到了俞老师，老师真的很努力教给我们一些应试以外的真正拿来用的英语\n\n我自己绩点不咋地，但有不少人说自己被捞了。不过这并不妨碍我打十分。俞老师男神!
157490,1648,俞建青,2022-06-23 12:10:52,-27,7,34,一个大英三2.4的人在演讲艺术上被给了4.5，对英语基础不好又比较认真对待的学生真的很超值的一门课！！！
157525,1648,俞建青,2022-06-23 15:01:02,0,1,1,除了回复慢一点，挑不出毛病的老师，冲吧
160929,1648,俞建青,2022-10-20 02:14:13,11,12,1,有原则高要求的老师。课后与老师交流，会发现老师是一个特别认真特别有趣的人，对很多事情都有很准确的认知。
163285,1648,俞建青,2022-12-12 05:17:33,3,4,1,老师真的很温柔
163647,1648,俞建青,2022-12-16 01:56:42,3,5,2,男神~感觉超有气质，有一点点像卷福，会记住每一个人的名字，上大英4的话pre和讨论比较多，课本内容还是要自己巩固
164231,1648,俞建青,2022-12-19 12:38:08,11,12,1,上大学以来教会我最多东西的老师，很感谢，很想成为老师这样的人。
164412,1648,俞建青,2022-12-21 01:58:36,7,8,1,俞建青老师是真正的谦谦君子，上课会认真记下每一个同学的名字。他的课堂是真正的英语。他本身就是做翻译的，也很希望教给同学们一些地道的口语。入股不亏！
165221,1648,俞建青,2022-12-30 07:40:35,3,4,1,好老师！口译的引路人
166039,1648,俞建青,2023-01-11 02:26:45,11,12,1,我觉得老师讲的还是蛮好的 就是给分可能比较严格吧 但是感觉确实能学到东西 三次演讲+一个小测 4.2
168840,1648,俞建青,2023-02-22 15:21:33,5,7,2,想给老师打100分。
174926,1648,俞建青,2023-06-20 02:26:59,4,5,1,老师确实好，上课也不是纯PPT课文，能学到很多东西\n\n最后希望老师能捞捞我
175128,1648,俞建青,2023-06-21 16:32:50,2,4,2,真的会爱上的😭😭😭我宿命般的老师，虽然上课我从来不听，但是他太有魅力了！温暖的璞玉一般！
175203,1648,俞建青,2023-06-25 04:00:59,2,3,1,老师真的超级赞，多希望我的大英三也是他教的
175209,1648,俞建青,2023-06-22 10:19:19,3,5,2,课结束了还有点不舍，温润如玉形容的就是如俞老师这样的知识分子吧ʢᵕᴗᵕʡ
175503,1648,俞建青,2023-06-25 08:24:36,16,17,1,总体上挺好的吧，温文尔雅超有气质的老师\n\n列几个雷点：\n\n1.拖课拖课拖课\n\n2.别的老师出分慢是在尽力捞，jq老师是在想着怎么给出最客观的分数🥲
175909,1648,俞建青,2023-06-27 05:57:48,3,5,2,温润如玉 谦谦君子啊啊啊！大英四比大英三还高！
176879,1648,俞建青,2023-06-30 13:55:46,9,13,4,人真的不错 但是太会push事情太多了
180729,1648,俞建青,2023-09-25 11:24:12,3,5,2,老师真的超级有耐心，课下问了他许多问题他都一一回应。陌上人如玉，公子世无双
185448,1648,俞建青,2023-12-29 11:34:19,-1,2,3,温润君子
186046,1648,俞建青,2024-01-08 04:07:50,3,5,2,考前一天来给老师打10分了\n\n真的真的非常认真非常细心的老师\n\n会记住每个学生的名字，并且会注意让每个学生都参与到课堂中（一个同学一学期没有发言老师会一直记住最后一节课鼓励他speak out）\n\n平时分老师也尽力在捞了，，但是教务处是会有审核的，只能像老师说的“大家都尽力而为、双向奔赴”吧
186502,1648,俞建青,2024-01-11 11:12:44,0,3,3,老师真的很好有谦谦君子风度，上课讲的也真的都是很实用的英语不是死记硬背，最后一节课老师说如果光记住了几千个单词是没有用的，他觉得学英语课文最主要的是锻炼逻辑能力而非逐字翻译。真的很喜欢俞老师！虽然最后出分不理想，，，，，，
186515,1648,俞建青,2024-01-11 12:13:34,0,2,2,男神！！！
186520,1648,俞建青,2024-01-11 12:48:26,0,2,2,喜欢俞老师！博学可亲！
186833,1648,俞建青,2024-01-13 08:16:59,-20,2,22,老师特别特别好，我大英课当着他面玩手机，听写一个都不会写，口试也不怎么说话，从来没听过课，最后绩点居然3.9，虽然不高但是很满足了，谢谢老师！！！
187127,1648,俞建青,2024-01-16 10:12:39,15,21,6,英语演讲艺术这门课最深刻地阐释了这个道理：在分数面前，情怀算什么。\n\n\n\n不要对给分抱有幻想。给分真的很差。还以为这么逆天忙炸裂的通识课到最后一定苦尽甘来给个好结果吧，结果呢？\n\n\n\n也别觉得能学到东西。演讲不是说你自己发挥的，而是他给你一个公式给你套。老师好像是当过某比赛的评委一样，然后仿佛就把那种标准当成英语演讲的唯一标准了。符合，就是好；不符合，就是差。注意，他的演讲是踩点给分的，你所谓能学到的东西，就是那些“点”。理论课的很多东西就是说服你他的教条是对的。\n\n\n\n所以，别看这门课是发挥个性的样子，实际上，扼杀个性还差不多。\n\n\n\n一个通识课每次上完课都有作业，每次演讲绝对禁止看稿子，必须背得很熟，只要有一点卡顿你就死了，这被说成是什么stage fright，实际上就是你要疯狂背啊，哪怕期末考前，你也要疯狂背，把复习的时间搞出来去背一个你自己的演讲稿。真正背熟练，万无一失的程度少说3小时吧，还不算写稿子的时间呢。这样的演讲一学期有三次，这么polish的稿子演讲完还要你修改稿子反思什么的。谁喜欢谁就去。\n\n\n\n对口语也别觉得有什么帮助。英语口语这么硬核的素养在大学上一门课就能给你提起来？而且，如果你抱着提升口语的心态来上课，说明你口语不怎么样，那我告诉你，这门课是口语差的人最尴尬的时刻，无数的社死将成为你的噩梦。口语差绩点很难超过4。\n\n\n\n每次演讲时间严格限制3分钟，超过了，你完蛋了，没达到2分45，你也完蛋了。必须严格掐死。\n\n\n\n什么谦谦君子啊，老师确实是谦谦君子啊，出分前我也这么想的，结果发现他是表面笑着背后偷偷把你杀了。
188885,1648,俞建青,2024-01-20 11:12:10,2,3,1,上的老师的大英，人很好很好，很耐心。对英语很有情怀，追求的是素质教育，经常分享在国外的见闻和学习到的文化。平时分都是能捞就捞的，分数一般也只是我自己没考好……但是大英课平时都不太听只是认真背了单词就上4了！老师真的是好老师！
192598,1648,俞建青,2024-05-24 10:54:18,-2,3,5,说不了一点，就这样吧，不方便多说了。
195844,1648,俞建青,2024-06-30 09:03:19,1,1,0,出分慢慢的。给分比较求是吧（
199405,1648,俞建青,2024-09-23 03:58:58,0,1,1,口语不好的同学不要轻易发言……不然一个社死会毁了你的一天
199434,1648,俞建青,2024-09-23 12:37:03,3,3,0,老师挺好的，作业挺多的/苦笑/
201058,1648,俞建青,2024-10-28 05:33:55,-3,1,4,大英四。教高中新课一般的所谓“新式素质教育”，但是其中小测期末又十分应试。高不成低不就。
206861,1648,俞建青,2024-12-18 04:04:58,1,1,0,上他的大英四，人挺好，不发脾气，比较温润。他有自己的想法但是不会强求。
206977,1648,俞建青,2024-12-19 02:20:59,3,3,0,顶级英语老师
209445,1648,俞建青,2025-01-06 03:18:42,1,1,0,超好的老师，感觉上课讨论很有趣很有深度，从这学期开始似乎没有公布平时分？感觉被捞了呜呜呜呜很满意了
209475,1648,俞建青,2025-01-06 05:04:27,2,2,0,老师很好，大学英语很烂
209917,1648,俞建青,2025-01-07 11:52:30,4,4,0,老师上课还不错，但是通知什么的好像不太发（至少期末前试音的事情好像没说），平时成绩也没有公布，真的心里挺没底的，最后也是卡绩了……
209950,1648,俞建青,2025-01-07 14:13:02,4,4,0,出分啦！还是挺满意的( ´ ▽ ` )ﾉ\n\n老师真的很温润如玉，英语水平很高 知识面也很广！（听他上课分享应该经常当大型会议的翻译官(°∀°)b 给我们指出了很多常见的英语理解谬误 很权威的感觉！）\n\n一整个学期都致力于让尽可能多的同学发表自己的见解（所以对口语和表达有一定要求哈 不过个人感觉自己的口语能力确实有所提高）\n\n总结就是能够学到真正的、能在日常生活乃至以后出国能够用到的英语，对英语感兴趣的同学是超级超级好的老师！能够学到真东西，最后的成绩也不会差（前提是考前好好背单词！）。 但是不适合想水的同学（老师虽然不会说什么，但是会默默记下迟到和翘课的同学，上课不太允许用手机）\n\n本人很喜欢俞老师！！！！！为男神打call！
210118,1648,俞建青,2025-01-08 07:43:23,4,5,1,演讲艺术，老师水平、性格都很好。三次演讲，我自己感觉都不错，老师点评也没说有什么大问题。平时跟老师互动也多，经常回答问题。然而出分4.2还是卡绩。可能还是不够符合老师的标准吧，只能说有点失望。
216144,1648,俞建青,2025-03-11 04:14:55,0,0,0,第一次听老师的课就被惊艳了。虽然后期因为老师对演讲要求细致且比较严格所以压力比较大，但是总的来说在老师课上学到了很多东西。给分也很好！
219792,1648,俞建青,2025-06-06 12:01:37,2,2,0,学到了不少单词书上了解不到的知识，挺有收获的。\n\n不过有一个小小的缺点是不公布小测成绩，整的我心里有点没底哈哈
220496,1648,俞建青,2025-06-18 08:50:32,0,0,0,老师挺好的，温和有礼，给分比较严格，基本是什么水平就是什么分
3362,1657,Gregory Travis,2015-06-05 17:29:44,12,18,6,认真听课会学到知识的
4480,1657,Gregory Travis,2015-07-09 04:18:55,54,69,15,男神!标准欧美大帅哥!讲得好，给分也超棒!
8229,1657,Gregory Travis,2016-06-16 12:57:37,2,5,3,非常好
8697,1657,Gregory Travis,2015-09-24 07:09:53,2,4,2,真的很棒，很轻松，感觉好极了
9209,1657,Gregory Travis,2015-10-16 14:54:17,1,3,2,有意思
12485,1657,Gregory Travis,2015-12-23 11:27:52,5,9,4,可以自习可以睡…
14916,1657,Gregory Travis,2016-01-11 03:12:57,0,4,4,给分不错 水
17457,1657,Gregory Travis,2016-01-20 08:46:30,17,19,2,练练听力真心不错
21572,1657,Gregory Travis,2016-02-29 08:24:58,5,9,4,上课很自由，可发言可不发言，给分超棒
26298,1657,Gregory Travis,2016-06-16 15:57:20,2,3,1,很好说话，上课很有学术风范
30047,1657,Gregory Travis,2016-07-01 00:57:12,2,3,1,很幽默
31161,1657,Gregory Travis,2016-07-03 10:02:12,6,18,12,烂·上课分分钟犯困，每节课必上但是绩点还没经常翘课的人高！
31162,1657,Gregory Travis,2016-07-03 10:02:33,15,19,4,讲的好，但是很水，给我的分一般。
31248,1657,Gregory Travis,2016-07-03 12:56:15,6,10,4,给分一般，课堂沉闷无聊\n\n
31407,1657,Gregory Travis,2016-07-04 01:08:53,0,3,3,给分还可以 讲的也挺好 就是有点无聊
31838,1657,Gregory Travis,2016-07-05 03:55:17,-3,4,7,无聊 烂
34343,1657,Gregory Travis,2017-01-18 06:28:10,-6,4,10,差差差，什么玩意
39378,1657,Gregory Travis,2017-01-19 02:00:34,3,5,2,听不懂
40327,1657,Gregory Travis,2017-01-03 00:47:37,2,4,2,正气感较强，态度很好的老师，关心学生，希望学生得到真正的进步。会有几次当堂演讲，总体事情不多，给分也不错。
40433,1657,Gregory Travis,2017-01-03 09:23:08,0,3,3,上过两门他的课，老师人还是不错的，但是上课真的很容易犯困。。。给分总的来说比正态的通识好一些
44659,1657,Gregory Travis,2019-08-21 08:53:40,10,15,5,也不知道怎么给的分…乱给的吧
44667,1657,Gregory Travis,2017-01-18 05:46:56,-2,4,6,无聊，给发并不好
44682,1657,Gregory Travis,2017-01-18 06:17:38,1,4,3,老师总体来说比较无聊 但是好好准备演讲不至于给分不好
44685,1657,Gregory Travis,2017-02-12 06:23:14,4,6,2,
44708,1657,Gregory Travis,2017-01-18 06:36:40,-8,3,11,上课无聊 给分好 4.8
44817,1657,Gregory Travis,2017-01-18 09:41:41,-9,5,14,学不到东西，给分很随意，不建议选。少见的低分的外教。
49314,1657,Gregory Travis,2017-04-05 03:07:40,1,1,0,
51785,1657,Gregory Travis,2017-06-10 04:21:32,30,33,3,老师真的人很好了，对大家超级宽容，而且很幽默，上他的文学课但大部分人都对文学不感兴趣，所以课堂气氛很冷，每次看他在anyone any idea?的问就觉得很心疼，想抱抱他！
51952,1657,Gregory Travis,2017-06-14 01:36:21,0,1,1,只要找一个偏僻位置就没事了
53126,1657,Gregory Travis,2017-06-26 03:14:27,2,2,0,超级好啊
54742,1657,Gregory Travis,2017-06-30 06:41:12,-4,0,4,英语写作，总共交三次essay，上课讲解如何写但基本没太大帮助，很沉闷.给分还行吧.
56208,1657,Gregory Travis,2017-07-03 08:58:09,9,9,0,均绩真的好高啊 但是我的分数真的不好啊 均绩是真的吗?
56288,1657,Gregory Travis,2017-07-03 11:50:29,1,1,0,上课水，给分好。心疼上课问问题没人回答……其实我真的有想回答的……由于是早课一般都会睡半节课，对不起老师( ･_･)ﾉ
65992,1657,Gregory Travis,2018-01-11 01:00:53,-1,1,2,体验很好
66354,1657,Gregory Travis,2018-01-15 09:01:51,0,0,0,老师棒棒的，超级温柔!
74666,1657,Gregory Travis,2018-03-05 04:53:18,1,2,1,老师，上学期的成绩还出不出了？
80442,1657,Gregory Travis,2018-06-26 13:03:05,13,16,3,还没出成绩，但是感觉老师挺和蔼可亲。但是我其实是想来这里留个言，有个大四学计算机的学长在期中考试的时候帮了我人还特别好，辩题是学校和职业训练什么的，一直没好意思要联系方式，就万一你看到了可以加个qq什么的1656207355嘻嘻
82870,1657,Gregory Travis,2018-07-09 08:43:19,9,10,1,不知道为什么会这么高，老师上课一点干货也没有，同学在上面讲甚至在底下打瞌睡，分数也是乱打，无语到极致
82873,1657,Gregory Travis,2018-07-09 08:47:39,3,5,2,给分极差。不明白为什么显示的均?高。我的英语也算很不错了却被这个硬生生拖了好多绩点。慎选！！！慎选！！！
82879,1657,Gregory Travis,2018-07-09 08:57:15,2,3,1,上课挺有趣，但给分有点迷，大家的分数都接近满绩，而我却emmmmm....虽然也算不上低，但我每次pre都认真准备还脱稿，不知道比那些读稿子还疙疙瘩瘩的同学差在哪了？
82944,1657,Gregory Travis,2018-07-09 10:40:25,1,1,0,不好。没有内容，也学不到什么新的东西
83007,1657,Gregory Travis,2018-07-09 12:55:09,3,3,0,太水了，给分一般般。\n\n
83180,1657,Gregory Travis,2018-07-10 01:27:26,3,3,0,感觉这个课是口语好的人来刷绩点的 而不是我们这种口语差的人来学口语的 整个课大概就是两次pre 还有偶尔的小组讨论 对口语提升帮助不大 不过老师人倒是比较和蔼 也不会点名 只要pre的时候去就好了
85613,1657,Gregory Travis,2018-07-21 06:59:56,10,10,0,给分其实一般，甚至是偏不好。真的很水，学不到什么。
88159,1657,Gregory Travis,2018-10-23 07:16:40,-1,0,1,老师好！
88161,1657,Gregory Travis,2018-10-23 07:19:35,24,25,1,“因为外面阳光很好所以我们提早下课叭 这种天气应该去外面读诗”\n\n天呐我只梦想过这种事\n\n没出成绩 用爱评分 老师真的是非常非常好的老师。
94735,1657,Gregory Travis,2019-01-18 04:13:53,-1,2,3,老师也太好了吧！事少给分好   \n\n我这种口语渣渣都上4了  真是太感谢了！
94741,1657,Gregory Travis,2019-01-18 04:38:44,-12,1,13,我死了，感动死了。本以为水了一个学期会得到很水的给分，结果4.5。只要布置的那两次作业交一下，翘课别超过三节，期末稍微认真对待(复习个一小时就够了)
94770,1657,Gregory Travis,2019-01-18 05:48:45,1,1,0,一般般
95666,1657,Gregory Travis,2019-01-20 00:18:19,5,5,0,口语1 上课很水，感觉没有什么收获，从来不点名，到后面很多人都退课了。规规矩矩做事，然后发现他给我的分……本来他课上读了大家的分，真正给分又调低了我的，故意卡档，有点无奈了……唉我可能太规矩了
95678,1657,Gregory Travis,2019-01-20 00:58:25,1,3,2,很可爱的老师啊，虽然课程设置不是很系统，但是老师是比较认真的。给分看口语基础和pre的准备态度吧。我口语不是特别好但是准备都比较认真最后分也很满意了。
96189,1657,Gregory Travis,2019-01-20 14:09:48,0,0,0,其实我听不懂课，英美文学给分好。
99728,1657,Gregory Travis,2019-01-25 05:52:26,2,2,0,上课水水的…
100546,1657,Gregory Travis,2019-01-26 09:27:24,3,3,0,分都是他自己评出来的，个人觉得，可能挺主观的……
103171,1657,Gregory Travis,2019-02-26 10:40:40,4,5,1,上了某m开头的外教课 才惊觉travis的好 唉 travis是一个很温和的老师 博学多识 上课分享的视频都很不错 至于给分的话 我客观的说一下 虽然很少有超高分 但是travis作为英语母语国家出来的人可能会对口语表达比较严厉一些 个人感觉给分还是可以的
104187,1657,Gregory Travis,2019-03-13 15:07:09,7,7,0,听了马老师的课才明白他多么帅气完美宽容诗意 也许给分不太好 但是我还是很想他
104595,1657,Gregory Travis,2019-03-25 02:12:14,0,1,1,挺好的呀
109563,1657,Gregory Travis,2019-06-17 04:17:49,0,0,0,老师真的真的很温柔呐!
109764,1657,Gregory Travis,2019-06-19 05:42:45,7,7,0,这学期有gre两门课。老师完全不点名，上课内容认真听听还是很有收获的，虽据我观察然很多同学听大概10min就会犯困=_=总之如果真的想学到一些来自母语国家人士的建议的话，建议选他的课。(ps 现在没出分，我一直觉得没出分的时候才能做到评价的公正。)
110673,1657,Gregory Travis,2019-06-28 04:05:28,4,4,0,打扰了 给分成迷 我离开了8888
110692,1657,Gregory Travis,2019-06-28 04:33:19,2,2,0,课有点水，老师也比较宽容，一次个人演讲一次小组pre，给分我觉得就还可以吧。老师人挺好的，跟他交流的话他会认认真真地给建议，但是课程收获还是少了一点。
110710,1657,Gregory Travis,2019-06-28 05:10:43,2,2,0,均? 4.34？？……可是我真的好低……
110729,1657,Gregory Travis,2019-06-28 06:02:42,1,1,0,我猜这个均绩是假的?
110738,1657,Gregory Travis,2019-06-28 06:44:06,1,1,0,哈哈，日常被卡
111255,1657,Gregory Travis,2019-06-30 20:36:36,3,3,0,不点名但是会记脸，人很好，英语辩论两次分组上台辩，给分很nice，很喜欢他！嘻嘻
113004,1657,Gregory Travis,2019-07-05 17:24:20,4,4,0,给分好 可是听不懂机关枪一样的地道表达全程简单句交流很尴尬?  只能怪自己水平不够了
120774,1657,Gregory Travis,2020-01-16 23:00:55,1,2,1,建议不要选，学不到东西，拉低均绩，可能我太菜了
123822,1657,Gregory Travis,2020-06-14 14:59:27,0,0,0,人帅有气质 很耐心 推荐
124146,1657,Gregory Travis,2020-06-25 14:23:25,2,3,1,上面显示的均绩是假的吧呜呜呜，这么高的吗？？打扰了！！老师还好吧。这学期一直上网课，英语辩论，平时也挺水的，关键就是最后一次口试了，问一些对于问题的看法。
124152,1657,Gregory Travis,2020-06-25 15:06:46,0,0,0,英语辩论蛮水的，成绩也就那样了
128204,1657,Gregory Travis,2020-12-12 14:07:42,1,1,0,练习听力……没学到什么实质性的口语东西
128675,1657,Gregory Travis,2020-12-25 03:35:37,6,6,0,这学期是线上课，隔着屏幕还是可以感觉到老师的温柔。口语非常好听，老师的形式总是很创新，第一个展示让大家选一首自己喜欢的英文诗朗诵并且稍微讲一讲。能够感受到老师是希望我们自己去感受和体会的。不要求多么完美有内涵，就是与你有关，你很喜欢。就可以。也会模仿国外的shark tank真人秀让我们做展示，给的时间都非常充足。感觉进步其实很大。plus，找到一个好的partner也很重要。
138317,1657,Gregory Travis,2021-07-08 13:25:21,0,1,1,线上课可水 老师很温柔 最关键是给分好！！
145267,1657,Gregory Travis,2022-01-10 17:30:36,0,3,3,在上过很多其他外教的课后，抱歉，Travis我必须给十分，给十分是因为满分是十分，老师太温柔了，人也超棒，对学生也很好很有耐心。老师第一节课就说了大家的背景水平都不一样，听了觉得老师很体贴啊~暂时没找到老师的缺点
154688,1657,Gregory Travis,2022-06-03 12:29:26,1,1,0,老帅了
155976,1657,Gregory Travis,2022-06-17 03:06:27,3,4,1,英语演讲就别选了。travis根本不看你用没用功准没准备，就所有人都一个分。上课也不讲有用的东西，就让大家小组讨论聊天。劝退快跑
157113,1657,Gregory Travis,2022-06-22 02:59:25,0,0,0,事少，给分一般，老师很温柔
6301,1664,周露,2015-07-13 00:55:11,4,18,14,俄罗斯名片欣赏简直差评！每次上课一个多小时演话剧，一个多小时背诗读文章，赏析全让学生做，老师没讲什么东西，这课上得不要太轻松。给分又低。
6704,1664,周露,2015-07-19 08:59:19,0,7,7,上课很水，给分嘛不好评价
7990,1664,周露,2015-09-16 11:48:48,3,8,5,催眠，上课还讲得不清楚
11032,1664,周露,2015-11-24 02:49:55,-5,7,12,俄罗斯名篇赏析确实能让你对一本名著有深入的了解，我想这是很多人文通识做不到的。
11323,1664,周露,2015-11-27 02:52:58,4,10,6,给分还好吧…不过上课确实蛮无聊的下面都在写作业，想水过的可以选，学分不要拿的太容易
13320,1664,周露,2015-12-26 15:15:34,2,10,8,只能说无语，俄罗斯文学那么多值得说的，那么多的有趣的东西，硬是被这个老师当做了PPT和word上面的文稿。
14289,1664,周露,2016-01-06 06:19:49,4,14,10,其实是这样的，老师讲的东西真不多，但是老师的确是想把课上好。齐次，她对俄罗斯地理了解好少啊，几条主要河流看着PPT还读错。唉，太水了
39912,1664,周露,2016-12-28 07:21:52,4,6,2,老师真的很好，讲得很耐心，偶尔还放电影
39914,1664,周露,2016-12-28 07:25:48,3,5,2,快选！好课！
39919,1664,周露,2016-12-28 07:34:37,4,7,3,挺水的吧，老师人挺好的
40760,1664,周露,2017-01-05 09:07:03,1,2,1,老师人真的很好，考前给个满分攒人品
40761,1664,周露,2017-01-05 09:07:48,-1,1,2,很负责很好的老师
40764,1664,周露,2017-01-05 10:07:27,0,2,2,还好啦，而且老师人很好呀\n\n大部分时间在小组讨论\n\n老师发现大家很多文章没有读过的情况后就上课看小说改编的电影了
43994,1664,周露,2017-01-17 07:42:42,-2,3,5,老实人好好啊啊啊啊！超和蔼！！俄语I给分也很好！！！
45813,1664,周露,2017-01-20 06:37:50,-2,1,3,很温柔的老师，上她的课俄罗斯名篇鉴赏课很放松很放松
45822,1664,周露,2017-01-20 06:47:41,-3,1,4,真的是超级水\n\n不怎么听课就可以4.5\n\n只要论文好好写都没问题\n\n老师人很好
45837,1664,周露,2017-01-20 07:08:27,3,8,5,第一次拿满绩！俄罗斯文学经典鉴赏！上课经常可以看电影，作业也不多，普及了不少有名的俄罗斯文学家，老师很和善！想拿高分一定要多回答问题啊，让老师记住你
45858,1664,周露,2017-01-20 07:35:37,-3,1,4,水，想水的真的可以选，给分很好，老师人还可以。——俄罗斯名篇鉴赏。（俄语慎选，我有学长挂了这个。）
46003,1664,周露,2017-01-20 11:13:45,-10,2,12,课不错，买了老师书会给你高分，不想花冤枉钱的也有3点几，还算不错的
46025,1664,周露,2017-01-20 12:14:40,1,1,0,感觉说买书一定高分有点不太对吧??\n\n课堂上还是挺轻松的\n\n老师有的时候会提问来督促你听课\n\n稍微有点点点枯燥 但是小展示和放电影还是比较有趣味性的\n\n感谢老师一个长学期的陪伴
46439,1664,周露,2017-01-21 14:21:36,0,2,2,老师很和蔼，上课氛围比较轻松，给分也很好。上的俄罗斯文学鉴赏
48465,1664,周露,2017-03-05 11:28:05,4,8,4,上的俄语1 会以回答问题的形式点名 老师很和蔼 期末会告诉你考试内容 还是很有收获的 好好学了最后满绩
63262,1664,周露,2017-11-29 15:25:20,2,3,1,emmm给分迷醉，上课没实质性内容又不让水，论文写了好久但绩点很低，虽然也可能是自己水平问题
63398,1664,周露,2017-12-03 01:08:57,1,2,1,老师啊，发言六次为什么只有88分，难道我论文这么烂吗，那我也给你8分吧
63965,1664,周露,2017-12-20 07:00:19,2,6,4,无聊啊。。。讲的百度上都有，学生讲的时候自己坐下面玩手机，还时不时拎人起来说刚刚说了什么，无聊又水不了，她真的会上课？还推销自己的书，自己写的无聊冷门就当教材骗人订，还上课推销。。。真的是，一节课基本上都学生说和展示，她基本上就是盯住人不让水，当自己是保安啊
64263,1664,周露,2017-12-22 05:58:48,1,2,1,可以吧
64332,1664,周露,2017-12-22 13:00:43,-3,4,7,给分很迷，俄罗斯文学鉴赏，我可以说是每节课坐第一排，每节上课至少发一次言，论文认真写，搁我以前上过的通识课绝对上90了，结果最后只有4.2
70888,1664,周露,2018-01-27 17:57:21,-1,1,2,水，认真读一本书，论文好好写
70891,1664,周露,2018-01-27 19:09:25,0,2,2,论文认真写了 上课每次前两排  嗯最后3.3（78）  呵呵
70894,1664,周露,2018-01-27 21:41:27,2,2,0,论文认真写不代表写的好……还有平时小组展示的分数也挺重要的，当然给分应该挺好的(ง •̀_•́)ง
71108,1664,周露,2018-01-28 18:30:38,4,4,0,emnnn可能我比较适应老师这种上课方式？我觉得上课看看文章，然后大家回答问题，讨论一下小说的内容，每个人有不同的看法，挺有趣的，给工科狗一些不一样的体验。老师也尊重每个人不同的想法不会强加给大家，并且还掌握了许多关于俄罗斯文学的知识，感觉有时候上课不太认真听真的挺遗憾的。我觉得最重要的还是要有自己的想法，上课大胆发言。论文写出自己的思考，老师给分真的很好的
71167,1664,周露,2018-01-28 05:28:46,3,4,1,通识课被正态，上课很无聊，还恶竞，一个认认真真听课的人绩点是绝对比不上胡乱发两次言就玩手机的人的。
72081,1664,周露,2018-01-29 10:05:00,2,3,1,每节课认真听 考前认真背 俄语1轻松满绩
72101,1664,周露,2018-01-29 10:44:30,0,1,1,卡一分卡一档....难受....shit
72962,1664,周露,2018-01-31 12:29:52,1,4,3,什么辣鸡老师，上课不刷脸的根本拿不了高分，论文明明好好写了，就那几个人每次上课要发无数遍言。
74131,1664,周露,2018-02-05 13:45:26,0,0,0,上课提问就当点名，俄语1上课认真记，考前仔细去背，然后结果还不错?
74937,1664,周露,2018-03-06 15:26:11,0,0,0,好的呢
76725,1664,周露,2018-04-19 07:23:31,-23,1,24,俄语Ⅰ，Ⅱ讲得太慢了，一节课两三页，急死了。还有一群菜鸡拖进度。没有语言天赋就不要选俄语！
80524,1664,周露,2018-06-27 11:38:40,1,1,0,俄语一没作业没展示\n\n只需要课后背上课讲的 挺水挺轻松的\n\n一次期中考试一次期末考试\n\n考试内容都是书上的老师讲过的\n\n只要平时努力高分真的很容易的\n\n后悔平时没努力\n\n老师人也很好\n\n来打个十分\n\n希望明天考试顺利
80618,1664,周露,2018-06-28 10:06:15,2,2,0,老师人很好，尽量照顾同学们。上课比较中规中矩，仔细听，认真学会有很大收获。(我学的俄语I)(虽然我学的不咋样，自己没认真学)给分应该可以(虽然还没出分)。
83712,1664,周露,2018-07-11 05:03:16,0,0,0,老师非常好，上课压力也不大，挺体谅的也，点赞
84082,1664,周露,2018-07-12 03:40:40,1,1,0,俄语1、俄语2超棒的 老师很有耐心 会纠正发音 收获很大！
153945,1664,周露,2022-05-17 12:22:44,2,2,0,上课有点无聊
175786,1664,周露,2023-06-26 15:02:32,-6,1,7,这种人真的配当老师吗！真就造谣一张嘴，辟谣跑断腿。造自己学生黄谣，还作为茶余饭后的谈资，这种人怎么能够被称得上一个合格的老师呢！真的觉得恶心！
24873,1666,马博森,2018-07-08 15:34:12,0,3,3,萌萌的 超级亲切 谢谢老师
35645,1666,马博森,2016-11-10 07:38:15,-1,3,4,严谨认真，讲解非常透彻
39871,1666,马博森,2016-12-28 05:23:31,0,0,0,。。。。。。
39872,1666,马博森,2016-12-28 05:23:37,0,1,1,。。。
63694,1666,马博森,2017-12-13 02:38:28,0,1,1,你好吗
89439,1666,马博森,2018-11-19 06:58:44,7,8,1,听不明白。^ ^
114004,1666,马博森,2019-07-08 07:58:07,1,2,1,善良优秀儒雅
115499,1666,马博森,2019-07-29 07:10:39,0,0,0,好好好！
145019,1666,马博森,2021-12-26 14:15:09,5,6,1,马老师贵为院长，虽然儒雅和善，但想必是不了解我等贫下中农之苦\n\n呜呜呜呜呜呜呜呜呜呜呜呜呜呜呜
150461,1666,马博森,2022-01-25 16:06:25,0,0,0,意外的给分不错
161643,1666,马博森,2022-11-10 01:53:07,0,0,0,亲切的老师 温文尔雅
165796,1666,马博森,2023-01-09 18:03:21,0,0,0,老师挺儒雅的，给分也挺好
168093,1666,马博森,2023-01-26 15:03:27,0,0,0,话语学上课有点懵，不过总体还不错，给分一般吧
189831,1666,马博森,2024-01-30 11:38:17,1,1,0,。。。
190292,1666,马博森,2024-02-27 10:36:41,0,0,0,嗯，上课很催眠，但是也还好。关键是期末论文的要求非常不明不白，上完了到最后也不知道写什么，问问同学大家也都是小眼瞪小眼。最后喜提3.3本学期最低绩点，嗯，如果可以的话，大家还是快跑吧。。。
194,1670,王元春,2015-03-14 16:43:42,19,23,4,喜欢王老师
864,1670,王元春,2015-03-18 02:59:45,-5,9,14,有些压抑
1987,1670,王元春,2015-03-28 03:04:06,28,31,3,王老师好温柔的~
2143,1670,王元春,2015-04-02 13:56:03,1,3,2,王老师人很好的 讲课也挺有意思
2531,1670,王元春,2015-05-04 13:34:23,71,85,14,王老师又温柔又幽默。。可以接受学生稀奇古怪的想法。我简直是她的脑残粉了。。所以大英四退掉预置继续选她～
3235,1670,王元春,2015-05-22 07:05:53,9,12,3,好。负责任。   之前大英没上过40。这次直接48分（满分50）
3786,1670,王元春,2015-06-17 04:16:04,32,35,3,好喜欢 温柔可爱 我发言的时候一直认真听点头鼓励我 本来我是很怕发言的 但是在她的课堂上喜欢发言
5268,1670,王元春,2015-07-06 07:24:19,1,1,0,上课好棒的
5283,1670,王元春,2015-07-06 09:46:54,1,4,3,讲课很不错 耐心 给分善
5300,1670,王元春,2015-07-06 11:04:26,2,5,3,很温柔~
6544,1670,王元春,2015-07-15 03:17:43,0,0,0,王老师真的很棒
7006,1670,王元春,2015-08-26 00:38:29,0,0,0,温柔的老师，大一的时候拿了高分，开心
7337,1670,王元春,2015-09-13 23:57:24,0,1,1,大英好老师
7683,1670,王元春,2015-09-15 08:41:56,0,1,1,非常好
7914,1670,王元春,2015-09-16 06:01:58,0,1,1,温柔，耐心，喜欢！
8454,1670,王元春,2015-09-21 10:39:47,16,17,1,喜欢。非常地温柔。最主要的是非常包容，非常好相处。我最喜欢的英语老师
8672,1670,王元春,2015-09-24 01:27:02,0,0,0,温柔..
9465,1670,王元春,2016-09-12 13:50:39,23,26,3,懂得鼓励学生开口的英语老师才是好老师吧
11024,1670,王元春,2015-11-24 02:08:54,1,1,0,好老师。。
11932,1670,王元春,2015-12-21 10:54:01,0,8,8,舆论控制 不自由 压抑
12049,1670,王元春,2015-12-21 15:00:34,1,1,0,很好的
14378,1670,王元春,2016-01-06 15:24:08,1,1,0,很温柔的老师，绝对不后悔
15338,1670,王元春,2016-01-14 02:44:48,1,1,0,大英感觉就是这样水水的，老师人很好，不会学习英语还是大半靠自己不能单靠老师吧
15351,1670,王元春,2016-01-14 03:48:49,0,0,0,喜欢老师。
15768,1670,王元春,2016-01-16 08:45:59,1,2,1,很温柔，很慢，有点无聊而已
16474,1670,王元春,2016-01-18 07:13:32,1,2,1,人很好啊，幽默风趣，温柔可爱，很棒的老师呢！
16475,1670,王元春,2016-01-18 07:19:42,9,12,3,真的太温柔了！！！而且很重视口语训练，很棒的老师！！
16566,1670,王元春,2016-01-18 11:30:23,2,2,0,老师特别温柔，上课很轻松，事情少，给分好
16595,1670,王元春,2016-01-18 12:51:00,0,1,1,她很喜欢鼓励发言\n\n助教给分超级好\n\n我没怎么学，绩点4.2
16703,1670,王元春,2016-01-18 23:55:35,25,26,1,助教美
16755,1670,王元春,2016-01-19 02:13:44,24,26,2,老师不错，给分太求是了…平时分不知道出了什么问题。不要迟到玩手机。
16792,1670,王元春,2016-01-19 03:27:22,0,2,2,太温柔，人还好，给分不好
17032,1670,王元春,2016-01-19 13:14:28,1,2,1,太注重口语，上课挺有意思的，事不多，好老师
17208,1670,王元春,2016-01-20 01:17:38,1,1,0,人很好
17631,1670,王元春,2016-01-20 13:59:43,23,23,0,作业少 课堂很轻松 人很有趣的好老师（面部表情好丰富hhhh
19056,1670,王元春,2016-01-23 06:52:45,4,4,0,温柔，特别温柔。很负责，关心学生，对给学生讲课很投入，喜欢学生认真听课的样子。上课别迟到。别玩手机。当然英语这门课，考试还是得看自己。
19283,1670,王元春,2016-01-23 21:56:31,1,1,0,特别温柔，包容，就是太火了大英4没选上。记得她说给我们看电影第一条要求非常健康，哈哈。
20614,1670,王元春,2016-01-29 04:22:58,1,1,0,真心好老师
20993,1670,王元春,2016-02-08 16:00:13,1,1,0,大英3 4都一直一如既往支持她，挺好玩，挺可爱的一个老师，也很认真
21034,1670,王元春,2016-02-13 01:53:25,4,4,0,很棒，很温柔
21083,1670,王元春,2016-02-16 08:33:07,1,1,0,老师口语很棒，课堂更鼓励听说能力，超温柔～
21522,1670,王元春,2016-02-29 06:03:25,0,4,4,可听可水。不过发言频率挺高，各种活动，可能大英都这样吧。给分，说多都是泪，我的平时分挺高，考试一个蒙逼，结果。。。
21687,1670,王元春,2016-02-29 15:33:48,0,1,1,好好好
26136,1670,王元春,2016-06-16 05:45:35,0,2,2,老师温柔，课也不麻烦，给分还不错
26471,1670,王元春,2016-06-18 16:56:02,0,1,1,事情少 温柔 有干货 nice！
26817,1670,王元春,2016-06-21 07:25:37,1,1,0,棒棒哒
27448,1670,王元春,2016-06-28 12:32:02,1,1,0,好好好
28710,1670,王元春,2016-06-28 12:43:28,1,1,0,和蔼 给分好 鼓动学生 好老师
28734,1670,王元春,2016-06-28 13:28:26,1,1,0,人很好 但其实上课要很集中注意力 会有很多交流的地方， 是我自己英语渣 大英四只有2.7 不过还是比大英三高了
28798,1670,王元春,2016-06-28 15:30:29,1,1,0,老师很温柔，平时听力练习大多是英语视频等，很少用书上的听力练习，拓展词汇量，小组活动有趣
29011,1670,王元春,2016-06-29 06:21:29,2,3,1,老师很好很负责（除了背诵没有见过助教23333），事也不多，人很温柔，就是听她的口语需要适应一下
33962,1670,王元春,2016-09-24 01:49:45,0,2,2,基础差的同学慎选。\n\n
35516,1670,王元春,2016-11-10 07:23:31,1,1,0,很温柔，超级喜欢王老师
39119,1670,王元春,2016-12-21 08:48:29,1,1,0,好老师超级好，可以学到很多东西，超级超级喜欢！！
40751,1670,王元春,2017-01-05 08:23:16,1,1,0,好老师。包容可爱温柔。事少！
42153,1670,王元春,2017-01-13 16:18:47,1,1,0,喜欢王老师
42311,1670,王元春,2017-01-14 08:22:35,5,5,0,大赞王老师，听王老师的课是一种享受，可惜下学期时间冲突不能选了。
42345,1670,王元春,2017-06-27 02:31:16,15,16,1,上了一年王老师的大英 老师备课很用心内容丰富 而且老师气质敲好的但是也很有自己的原则 比如不能迟到不能玩手机 总是很耐心听同学们发表自己的想法 课后作业也不多不会布置一些没有意义的作业 以为大英四平时没有三好没想到最后给分一样诶敲满意的！另外助教小姐姐也太美了吧！
42360,1670,王元春,2017-01-14 05:21:47,1,1,0,非常好的老师 上课很多小组讨论环节 鼓励学生发言 最后绩点也不错 总之付出与收获成正比啦！
42412,1670,王元春,2017-01-14 07:06:28,2,2,0,炒鸡赞，温柔体贴，收获大
42464,1670,王元春,2017-01-14 09:06:09,-1,2,3,老师好棒，
42494,1670,王元春,2017-01-14 09:39:09,4,7,3,基础差，有点听不懂……
42545,1670,王元春,2017-01-14 12:07:35,0,1,1,大英这课還是挺水的 就是無聊點 不过给分倒還不錯
42714,1670,王元春,2017-01-15 03:24:43,0,6,6,口语棒语速慢人温柔给了我4.8
44451,1670,王元春,2017-01-18 00:18:32,4,4,0,为什么每节课都有发言
44894,1670,王元春,2017-01-18 12:51:17,-1,3,4,人很好！口语也棒！上课挺好玩儿，给分挺好
47749,1670,王元春,2017-02-23 07:25:32,1,1,0,很有趣，教学内容很丰富
48084,1670,王元春,2017-02-28 10:25:43,2,2,0,声音真的好苏啊，开口惊艳到我了，一秒转粉
53557,1670,王元春,2017-06-27 03:41:30,4,8,4,还好吧，就是给分有点低
53584,1670,王元春,2017-06-27 05:31:37,1,2,1,老师人超级好，声线发音都很好听，而且对待学生也很温柔！
53713,1670,王元春,2017-06-27 10:45:35,-4,2,6,给分也是醉了……
53788,1670,王元春,2017-06-27 14:20:54,0,3,3,就这样吧，事情算不多。然而给分真的是
53845,1670,王元春,2017-06-28 01:03:46,0,0,0,温柔的老师～
53907,1670,王元春,2017-06-28 03:55:32,0,0,0,讲话声音像林志玲的气质女老师
54037,1670,王元春,2017-06-28 09:37:09,0,1,1,老师很温柔很好
54415,1670,王元春,2017-06-29 09:47:12,0,1,1,很温柔呀，喜欢！\n\n
55854,1670,王元春,2017-07-02 13:12:43,2,4,2,接受了大英三大英四一条龙服务，一言以蔽之，超级棒!!!
56127,1670,王元春,2017-07-03 06:25:45,1,2,1,老师很重视课堂发言的，平时有很多小组讨论，小组展示。平时发言也是按座位顺序一个个来。刚开始是有点不习惯，不过老师很开明的，你只要说出心中所想就好了，即使语句支离破碎，老师也都是给你肯定、鼓励的眼神。很和蔼亲切呢～～大爱
56461,1670,王元春,2017-07-04 00:56:54,5,7,2,大英3和4都选了这个老师 老师人超温柔的好不好 上课进度也很赞 但不水不水不水 强调一下 大英只要自己基本的学习工作做好 上课认真听 小测听写考试前单词和课文过一遍 肯定不下4 我两次都4.5
59544,1670,王元春,2017-09-22 12:01:23,1,4,3,感天动地的好老师，起初我并不善于表达自己的看法，或者是分享自己的故事，但老师真的幽默又循循善诱，她很会引导我们思考，能够接受我们独特而奇怪的想法，正如她说：“英语课上从来没有对错。”更重要的是，她备课认真，reading几乎都能熟记于心，我们每一节课都能学到新鲜的有趣的日常的单词。我有时会给她发邮件问些问题，她真的会很耐心的回答。很享受她甜甜的音色，很享受大家融洽学英语的氛围，很享受这样的大英课。还有一个一点点进步中的我。
65176,1670,王元春,2017-12-30 03:43:47,1,3,2,温柔到不行
67494,1670,王元春,2018-01-21 10:48:04,11,13,2,老师是个好老师，学生不是个好学生
67507,1670,王元春,2018-01-21 11:06:38,2,3,1,老师真的特别好！上课也绝对算是大英里有意思的了，事情也很少，绩点又舒服，喜欢。
67543,1670,王元春,2018-01-21 13:16:12,4,5,1,老师太好了\n\n就是自己不争气\n\n唉\n\n感觉不重修都对不起老师\n\n下次还选老师您
67556,1670,王元春,2018-01-21 13:38:35,5,6,1,真的很喜欢老师很喜欢老师 包容不同的观点 细心温柔 很贴心 讲课也包含很多知识点 学到了很多 认认真真踏踏实实学好英语就好 可惜大学老师缘分都只有一个学期左右 大英四选不上王老师的课 还能见到的话一定和老师说声谢谢～我给10分
67924,1670,王元春,2018-01-22 10:17:39,8,9,1,超级温柔哇会照顾到每一个同学大英课是我一周里最期待的课了绩点也超棒的以为期末考听力会让我跌到3+结果看到4.5超惊喜爱您!
71439,1670,王元春,2018-01-28 12:40:44,3,7,4,自己上课的时候看手机，绩点差不能怪春儿
73593,1670,王元春,2018-02-02 04:35:12,1,5,4,真的炒鸡温柔呀！给分也不错的！在所有英语老师的均绩里算很高哒！
73648,1670,王元春,2018-02-02 09:21:14,4,6,2,王老师超级温柔，作业也少
75649,1670,王元春,2018-03-14 15:50:27,4,6,2,呜呜呜上完课马上来评价！第二次选老师的课了 大英34都是王老师 超级温柔细心 而且上次课花半小时让我们玩桌游 教很多很实用的东西 而且期末考和四级考试前都会提醒我们注意事项 老师真的很很很好！
80613,1670,王元春,2018-07-05 07:26:08,15,18,3,大英四成绩出了！再回来夸一下温柔的王老师！！简直想修王老师的课当个性学分！！（不可能的
80768,1670,王元春,2018-06-30 13:12:44,16,18,2,王老师非常温柔，而且为学生着想。开学的时候，老师让我们写new year resolution，我本来以为会是一次作文。但是最后一节课的时候，老师把所有的东西都发还给大家，问我们记不记得自己的新年愿望，又都实践了多少，她说，大家还有半年的时间去完成这些愿望。真的是非常好的一个老师！！
81339,1670,王元春,2018-07-04 23:59:18,0,9,9,大英三四都是 其实两次满绩让我挺惭愧的
81500,1670,王元春,2018-07-05 08:33:37,9,13,4,不错的老师，可惜自己被卡记了。。
81501,1670,王元春,2018-07-05 08:36:10,6,8,2,王老师超好的，大英34都是她的，给分好，而且很明显感觉到教学方式有微调，上学期大部分都是举手回答，这学期很多都是以小组为单位来回答，覆盖面更广了，上课内容很有意思，非常喜欢老师选的听力材料，总之就是很好！
81507,1670,王元春,2018-07-05 08:51:24,-13,4,17,给分差(平时分低，基本是助教的锅) 事情多 讲课水平一般 慎选
81606,1670,王元春,2018-07-05 13:54:33,3,6,3,口音好听声音温柔～喜欢放演讲 挺锻炼的吧
81659,1670,王元春,2018-07-05 17:26:35,-6,7,13,绩杀，不解释\n\n
82121,1670,王元春,2018-07-07 07:20:55,3,5,2,大英三四都是老师的课 老师的课绝对不水 不能用手机 不能不做作业 不能迟到 但是认真听绝对是会有收获的 有很多练习听力 增长见识 增强个人表达能力的机会 希望不要把自己想水没水成 不够努力最后绩点不行 怪到老师头上
82317,1670,王元春,2018-07-08 00:58:01,-8,4,12,好老师 大英这门课评价机制还是有点问题吧……感觉已经做到完美了还是没满 anyway 老师非常好 稍微下点功夫应该不难吧……
82583,1670,王元春,2018-07-08 14:44:53,0,2,2,王老师真的很好呀！！
87371,1670,王元春,2018-09-27 13:58:54,-1,1,2,超爽，赞
88791,1670,王元春,2018-11-08 06:09:45,1,2,1,老师超级温柔的，而且上课内容很丰富，每次发言都会用表情动作鼓励学生的。表情也超级可爱，幽默风趣，感觉上她的课就是享受鸭！是我唯一不想旷课的英语老师！！
92013,1670,王元春,2018-12-25 11:52:07,1,2,1,超爱王元春老师！上王老师的大英课简直是享受！课程互动性超级强的，而且视听说等方面都可以提高。而且老师超级可爱！！要不是大英4王元春老师的课与专业课冲突，一定选王老师的课！（想给老师弄个粉丝后援团？/小纠结）不过还是很难过没能选王元春老师的大英4...也很感激老师一年来的教导吧！
92241,1670,王元春,2018-12-27 07:38:11,1,2,1,超级温柔可爱的老师了 上课时班级气氛特别好 不自觉的会和老师一起笑 既注重基础也会看有趣的视频~
95406,1670,王元春,2019-01-19 10:40:49,7,8,1,王老师是我大学以来第一个英语老师，大英三跟着她学了一学期。老师人真的很好，上课也能调动同学们的参与热情，说话很温和，作业也不多都是些课前预习的内容。 最重要的事给分好，期末考自己都感觉考砸了，没想到老师给我3.9，而且是刚好压线的那种，你们懂。
95407,1670,王元春,2019-01-19 10:40:59,0,1,1,老师挺好的，虽然我很胆怯～多背书吧
95438,1670,王元春,2019-01-19 11:39:18,3,4,1,我真的很喜欢老师，老师人好，知识面广，不会随便Q人，不过大英大概是真不挑分吧，不知道是卡绩点了还是老师特别好地调分到同一档的最高分。
95439,1670,王元春,2019-01-19 11:39:39,0,1,1,老师很温柔声音很好听，也会讲一些外国的知识。印象比较深的有轻音乐三个乐团？反正学到了很多知识～ 成绩最后也出乎想象，大英四继续选老师的课～
95498,1670,王元春,2019-01-19 13:09:58,2,2,0,挺好滴，上课不能玩手机，上课一直没怎么参与没想到最后成绩还不错，感恩
95517,1670,王元春,2019-01-19 13:51:39,4,5,1,老师很有魅力！感觉很博学，什么都知道，干货也有很多！（会有蜜汁笑点，笑得整张脸涨红真的很可爱！）在老师的课上发言其实不会有很大的压迫感（对比一些点名的老师，整节课都心慌慌的那种）大英三最后3.6，其实自己也有问题，没好好学，估计最后考试也不太好。后悔没在课上多发言，老师补充的干货也没记在脑子里，没好好记单词，就结束大英三了。本来想大英四再来，可惜冲突了。难受！
96896,1670,王元春,2019-01-21 12:01:29,-4,1,5,其实感觉口音有一点奇怪？但老师人很好，讲得也很全面，有很多课外的补充！总之水平棒棒哒！！！然后绩点也还行吧，不过刚好卡辽呜呜呜
109946,1670,王元春,2019-06-20 12:09:47,1,2,1,后来才发现原来能够上王老师的大英课是一件很幸运的事情，同时也很感谢小组的同学。
110599,1670,王元春,2019-06-27 15:02:11,4,4,0,大英三四一条龙
110609,1670,王元春,2019-06-27 15:36:21,0,0,0,老师讲的内容很多 \n\n但我背不下来(´▽｀)
110638,1670,王元春,2019-06-28 01:18:17,9,9,0,大英三，大英四都是王元春老师，大英三考试迟到，然后GPA贼低，不过很喜欢王元春老师的课，其实蛮好的，真的，有文学性的英语课！反正我推荐，这个老师挺棒的！
110709,1670,王元春,2019-06-28 05:09:34,6,6,0,王老师也太温油了吧，不管你讲什么都会认真倾听，作业不多但是很有意义，而且给分好～
111109,1670,王元春,2019-06-29 23:58:23,6,6,0,王老师挺好的
123276,1670,王元春,2020-05-28 03:01:11,-13,2,15,事情特别多
125226,1670,王元春,2020-09-04 04:19:58,-14,3,17,事情特多，给分也不好
130030,1670,王元春,2021-01-15 07:20:13,5,5,0,趁着没考试，不带着绩点的感受来强答一波。真的超级喜欢王元春老师！为了选她的大英四把下学期的预置都退掉了。平时上课非常有趣，性格也很好，很有内涵很有修养！会带着我们看电影听音乐！讲课也很有专业性，只不过不是那种应试教育，还是注重培养能力，所以大伙还是需要自己留心一点去备考呀！作业留的也很少，所以其实还是要自己自觉一点滴！
130558,1670,王元春,2021-01-23 15:31:49,-11,3,14,快跑，卡绩之神
130607,1670,王元春,2021-01-24 02:24:26,1,1,0,英三出分啦\n\n老师人很好，作业算比较少的(✪▽✪)\n\n大英主要还是靠自己(º﹃º )
130699,1670,王元春,2021-01-24 09:31:43,1,1,0,老师人超级好~上课有干货，事少人好，超级温柔，会认真仔细听你说话，每次考试前都会细细叮嘱注意事项。
131380,1670,王元春,2021-01-27 09:15:42,0,0,0,老师超级好\n\n不过我太菜了\n\n但是挡不住老师真的超级好
131549,1670,王元春,2021-01-28 03:40:03,1,1,0,老师很nice作业不算多，是基础类型扎实的老师。声音很好听口音很正，上课发言不鹅颈尽量让所有人都有平时分！非常温柔！very nice！助教小姐姐非常漂亮！
131924,1670,王元春,2021-01-29 10:05:16,0,0,0,大英3\n\n老师人很温柔，平时作业也不多，经常会放一些电影片段，笑点似乎有点低😂不过老师喜欢让人回答问题，而且偶尔会猝不及防😣\n\n成绩方面，我不好说，因为我太菜了😿
131926,1670,王元春,2021-01-29 10:10:33,9,9,0,老师人很不错。\n\n不过每节课都要发言让我真的很恐惧
136619,1670,王元春,2021-06-22 03:46:49,4,4,0,在王老师的大英四上认识了大学第一个真正的好朋友，课堂氛围轻松愉快，感谢老师！
137301,1670,王元春,2021-07-03 04:07:08,2,2,0,真的太好了这个老师！连选了她的大英三和大英四！给分真的太好！感觉自己都配不上呜呜。而且特别温柔耐心人美心善，事情也真的少没有乱七八糟的什么，而且真的对同学好好。以前挺怕一些评论说玩手机迟到什么的很严，但是其实还好/玩手机什么的确实自己说不过去吧/迟到好像当众唱首歌什么的也不是很严格呀！总之这老师真的好好呜呜
138117,1670,王元春,2021-07-07 11:17:08,6,6,0,大英34都选了王老师的课，老师真的好温柔好温柔！原则性很强，但是如果有什么不得已的理由她会包容的～鼓励发言，不鼓励恶竞。以为自己大英4没希望了结果还是拿到了很好的分数。在课上学到了很多很多，还遇到了很好很好的朋友！感恩遇见！
139095,1670,王元春,2021-07-12 16:43:10,0,0,0,强推。
141210,1670,王元春,2021-09-26 09:37:36,-2,1,3,王老师太nice了，教学方法很有用，我这种根本不爱英语的人上大英四也可以有3.9的绩点
146138,1670,王元春,2022-01-05 14:32:45,4,4,0,温柔美丽又幽默，事少给分高！
146146,1670,王元春,2022-01-05 14:42:03,3,3,0,快选她！老师真的超级超级好，超级超级温柔！超级超级鼓励我们上课发言，不管你说什么她都会应和你!快选她！选不了吃亏！选不了上当！
146262,1670,王元春,2022-01-06 05:23:26,0,1,1,emmm
146270,1670,王元春,2022-01-06 05:47:00,4,6,2,先上的zhx的大英四，后上的她的大英三，结果绩点比大英四低
146283,1670,王元春,2022-01-06 06:41:51,1,2,1,不能被大家发现的好老师
146380,1670,王元春,2022-01-06 11:34:03,1,2,1,老师的英音超可爱！and老师真的给分超好，平时小测觉得助教手紧了还会给我们加分！上课认真负责，对于考试的注意事项叮嘱得很到位！
146542,1670,王元春,2022-01-07 01:42:07,6,6,0,王老师表情包丰富，上课很有体验。
147647,1670,王元春,2022-01-10 10:56:24,1,2,1,老师很可爱的，上课也很有趣，分低是我没好好复习。
155163,1670,王元春,2022-06-09 03:23:04,0,0,0,老师很棒，事少分好
155690,1670,王元春,2022-06-15 08:10:40,0,0,0,老师真的很好，人很温柔，会仔细听你表达。作为一个英语辣鸡被老师捞起来了，谢谢老师不挂。呜呜呜呜呜呜老师爱你😘
155692,1670,王元春,2022-06-15 08:12:12,3,3,0,超级好的老师！！！！！大英三和大英四选的都是她！很温柔，很负责，笑点很低，关键是，给分很好啊，努力得到回报的感觉。
155740,1670,王元春,2022-06-15 12:19:31,0,0,0,老师太好啦
155758,1670,王元春,2022-06-15 15:42:32,0,0,0,很好的老师
158366,1670,王元春,2022-06-28 17:38:51,1,1,0,可以无脑10分的老师
160356,1670,王元春,2022-09-20 05:49:10,0,0,0,好老师点赞
161342,1670,王元春,2022-11-04 09:20:47,1,1,0,老师很温柔哦
174983,1670,王元春,2023-06-20 14:18:32,1,1,0,老师好温柔好温柔，像妈妈一样的关怀，无脑十分
175092,1670,王元春,2023-06-21 13:05:11,1,1,0,老师上课温柔，讲解课本内容细心完整，平时除了课本作业和一个角色配音基本上就没啥作业了，给分是真的好（课上一直在水手机真的对不起老师），还不卡我绩，真的真的真的吹爆wyc！！！
175119,1670,王元春,2023-06-21 15:42:02,0,0,0,老师人真的很好！任务量比其他老师少，课上会练很多听力，对我这个听力菜菜真的帮助很大！老师会用心准备课件，重修大英四从3.3到4.8，吹爆王老师！
175228,1670,王元春,2023-06-22 14:13:25,0,0,0,超级好的老师！超级温柔的！
175343,1670,王元春,2023-06-24 05:37:04,1,1,0,温柔的好老师！！！这么好的老师为什么不火！！口音很好听，上课活动很有趣，事情也很少很少，课后作业基本就是课文后的习题（很对不起老师经常不完成课后作业）。
175514,1670,王元春,2023-06-25 09:54:29,4,4,0,如果说我上大英课是在服刑（我英语功底很差，上课啥也不会，考试更是折磨）的话，那王老师真是我监狱生活的一道光，她让我不再那么讨厌大英课。一言以蔽之，老师温柔，上课有趣，事少分高，选到了就偷偷乐吧！
175938,1670,王元春,2023-06-27 08:02:53,1,1,0,👍🏻👍🏻👍🏻
176254,1670,王元春,2023-06-28 07:21:11,1,1,0,温柔的老师，给10分
176480,1670,王元春,2023-06-29 05:21:58,1,1,0,王元春老师非常可爱！！！大英三大英四都是她的，上课体验还是蛮不错的
177401,1670,王元春,2023-07-03 06:49:09,1,1,0,选她就对啦
179695,1670,王元春,2023-09-19 10:56:05,0,1,1,老师人真的很好！
185934,1670,王元春,2024-01-06 07:04:25,1,1,0,期末考前来打个10分，非常尊重学生的英语老师，鼓励学生开口说话、上课体验很不错。
186349,1670,王元春,2024-01-10 14:45:03,5,5,0,真的很棒、很温柔的老师，虽然还没出分，但是王老师值得这个10分，很优雅很温柔，上课体验很棒，写的作文都有在认真看，啊啊啊要是没有和我下学期预置课冲突的话，我一定会选老师的大英4
186365,1670,王元春,2024-01-10 15:31:29,0,0,0,感谢老师捞，让我能1.5飘过，还以为要挂科。\n\n课堂体验相当不错，平时作业也比较少。从不嫌弃我小学生般的口语用词，同时也不计较听力听不出来而回答不出问题的同学。\n\n必须满昏~~
186368,1670,王元春,2024-01-10 15:47:50,2,2,0,非常好老师，使我绩点旋转。上课也很温柔
186397,1670,王元春,2024-01-11 02:55:54,4,5,1,好老师，4.8前来还愿
186459,1670,王元春,2024-01-15 11:40:25,0,1,1,事比较少，给分还行。
186627,1670,王元春,2024-01-12 07:54:51,-1,0,1,好！！！
186643,1670,王元春,2024-01-12 09:41:12,0,0,0,老师上课很好，人也挺好，就是给分稍微有点求是
186655,1670,王元春,2024-01-12 11:09:20,0,0,0,多的不说，yc好老师。
187891,1670,王元春,2024-01-17 17:02:33,-3,2,5,事情很少，上课可以摸鱼，印象很深的是老师改我的作文还写了很长的评语，超级认真负责！
188455,1670,王元春,2024-01-19 04:35:20,0,1,1,好老师，好温柔
189337,1670,王元春,2024-01-23 09:24:17,0,4,4,平时分不高，英语水平不算很差，结果却特别寒心，而且个人听不习惯老师的口音，课堂体验不是很好
195887,1670,王元春,2024-06-30 14:15:25,7,8,1,上学期预置了元春的大英3，这学期滴定选上她的大英4，认识了很好很好的组友，老师给分很棒，鼓励每一个同学上课发言。秋冬学期第一次上课，老师ppt上这句“To err is human.”陪我走了很远。爱元春
198614,1670,王元春,2024-09-10 08:28:03,2,5,3,课还可以 但是真有人能听进去这个声音吗 听的有点难受
199905,1670,王元春,2024-10-08 03:07:58,1,2,1,😓😓😓
199955,1670,王元春,2024-10-09 11:15:14,2,8,6,为什么有老师在大学课堂上还不允许看手机看电子产品？？怎么不去高中啊无语了……每节课都是浪费一个半小时发呆 6
202731,1670,王元春,2024-11-14 04:50:45,2,2,0,老师是好老师，但是想吐槽大英的给分机制，太鸡肋了吧，为什么均绩还赶不上工图的-.-
209044,1670,王元春,2025-01-04 09:26:16,5,5,0,老师声音很温柔，当然不允许课堂玩手机是真的，不接受别来，除了这个之外我觉得老师特别特别好，平时事很少(课后作业来的时候在写完全没问题)，而且我觉得如果融入课堂还是很有意思的，课堂有很多互动，会鼓励你表达自我，平时课堂会训练听写，挺好的，我个人是两次都小测51/60，作文13+13+13+12，平时偶尔举手回答，口语8分，基本考前都会突击背单词，两次小测复习后期末压力小很多，平时听力比较好，最后87/4.2，还是很满意的啦。
209070,1670,王元春,2025-01-04 10:51:00,3,3,0,好老师，给分挺好，平时分尽力捞我了。小测还有作文分什么的都给得很高，感谢老师。\n\n以及上课基本只有问答，小组互动，没有恶心的pre什么的，绝世好老师，作业很少，除了上课不可以玩手机，真的超神…\n\n选wyc绝对没错！
209089,1670,王元春,2025-01-04 11:49:14,1,1,0,除了不允许玩手机都挺好，鼓励大家开口说英语，课堂互动蛮多的，认真参与的话口语考试应该不成问题，口语考前还给了9道例题，其中很多就是口语考试别的场的题目（）绩点相较别的课偏低客观上是大英给分机制的问题不是老师的问题
209254,1670,王元春,2025-01-05 08:04:02,2,2,0,说实话我绩点一般，不过那是我个人问题，给老师还是十分，下学期还是选了老师的课。
209271,1670,王元春,2025-01-05 09:33:46,2,3,1,超级好的老师，虽然上课不能玩手机，但对于我这种没有禁止就会上课一直玩的同学来说还是很有好处的（可以说大英是我唯一一门认真听完一个学期的课）。老师的说话声音刚开始听可能不太习惯，但后来接受了就行，老师还会给我们看很多有趣的视频，非常棒的老师，可惜我下个学期没选上她的课(ToT)
217462,1670,王元春,2025-04-21 02:24:37,1,3,2,看的出来老师是一个很有良知的人，有自己对教学的坚守，上课也很用心\n\nhappy retirement days～\n\n更新：王老师给分真的很好😭爱王老师\n\n可惜以后再也没有老师的课了
217632,1670,王元春,2025-04-14 09:03:37,1,1,0,老师超级超级好，上课基本都会轮到发言（传话筒形式，会提前知道不会突袭），课讲的超好，事少作业少。
218051,1670,王元春,2025-04-22 02:54:04,4,5,1,事多分少pro max
218333,1670,王元春,2025-04-22 16:06:35,-1,0,1,老师真的很好很温柔，让人回答问题也是很认真的听，很温柔的回答
21962,1673,范捷平,2016-03-02 02:37:28,24,27,3,很有意思的老师，经历很丰富。
30628,1673,范捷平,2016-07-02 05:52:44,3,8,5,超爱这个老师！！\n\n
31309,1673,范捷平,2016-07-03 15:37:58,15,20,5,东扯西扯 还挺有趣 知识渊博
31864,1673,范捷平,2016-07-05 04:36:24,4,9,5,范老师是真心用力想把课上好的老师，知识很渊博，想法也很多。很好玩。虽然有时候会乱扯开去，但还是有才华的好老师~
33552,1673,范捷平,2016-12-22 15:09:21,58,67,9,谁说老师整天黑理工科了，楼下不懂不要瞎逼逼，理工科表示并没有
33756,1673,范捷平,2016-09-21 10:51:19,5,9,4,风趣幽默，思想开放，创新精神
34067,1673,范捷平,2017-01-04 11:34:14,-71,6,77,呵呵    每节课都黑理工科。 对对对 每个人学德语 世界就是最完美不过的了！
35427,1673,范捷平,2017-01-31 23:24:56,21,27,6,大家好好上通核呀！说不定就脱单了呢xixi
38472,1673,范捷平,2016-12-06 08:41:44,31,33,2,范老师年纪比较大，但是跟我们基本没有代沟，思想很开放，说话没什么尿点。重点是这个老师是个人物呀，经历很丰富的
45781,1673,范捷平,2017-01-20 05:23:03,3,4,1,相对于某些通核事情不算少，甚至有点点麻烦，个人来说并不喜欢太文学的课程，但是老师风趣是真的
46925,1673,范捷平,2017-01-23 02:34:10,12,13,1,现代德语文学流派这门课全给了A和B，本身讲课也很好，助教姐姐超棒。
47024,1673,范捷平,2017-01-23 09:47:28,12,12,0,老师幽默风趣，助教姐姐棒呆！期末给分拯救了辣鸡绩点，被安利了很多有意思的书！
47234,1673,范捷平,2017-01-24 20:40:20,12,12,0,阅历丰富，讲课生动，擅长调动课堂气氛
48128,1673,范捷平,2017-02-28 15:14:09,-1,5,6,很有趣的老头，上课讲很多经历故事，见识好像也很多的样子，就是感觉，没学到啥东西
51285,1673,范捷平,2017-05-27 11:19:22,-7,7,14,抽象 无聊
51558,1673,范捷平,2017-06-07 06:00:05,8,9,1,阅历广博，带着一群萌萌哒的助教给我们上课，讨论课设计的很有特点。
52762,1673,范捷平,2017-06-22 13:50:35,4,6,2,很幸运能选上这门通核，范老师知识水平高，也很幽默，收获了很棒的上课体验！还认识了特别好的妹子，希望一直是好朋友～
56629,1673,范捷平,2017-07-04 06:13:06,-7,2,9,出分慢
56808,1673,范捷平,2017-07-04 16:05:50,1,3,2,很有趣也很为学生着想的老师，知识渊博，给分也超棒！唯一缺点就是上课喜欢东扯西扯…
64576,1673,范捷平,2017-12-25 10:35:46,2,2,0,正在听范老师的通核课，给个好评(o^^o)
64577,1673,范捷平,2017-12-25 10:36:11,0,0,0,很有趣
64578,1673,范捷平,2017-12-25 10:36:14,2,2,0,超有趣的老师，讲课也很好，虽然内容对我这个理工科吸引力一般QAQ
64579,1673,范捷平,2017-12-25 10:36:37,18,19,1,范老师说他要看看查老师了哈哈哈，那我要给他打大大的10分，给萌萌的老师笔芯，上课特别有趣～
64580,1673,范捷平,2017-12-25 10:36:45,0,1,1,老师讲课很有趣?
64583,1673,范捷平,2017-12-25 10:43:15,0,0,0,老师阅历很丰富！课讲的也很好！
65706,1673,范捷平,2018-01-08 10:34:05,14,14,0,老师很有趣，学识丰富交友广泛。\n\n我来帮老师实现9.2+的目标吧?
65713,1673,范捷平,2018-01-08 11:29:33,1,1,0,老师的课是真的棒呢！老师人也很有趣还经常关注查老师的评论哦，嘻嘻嘻~
70164,1673,范捷平,2018-01-26 08:08:05,1,1,0,老师很有趣呀！心态超级年轻！助教姐姐也很甜！
70172,1673,范捷平,2018-01-26 07:57:08,3,3,0,非常棒！！！
70174,1673,范捷平,2018-01-26 07:58:33,5,7,2,不知道其他通核课是怎么样的 这门课2星期轮到一次展示 小组形式的 一小组一般5～6人 分下工也可以4星期才轮到自己  范老师很可爱 上课很有意思 随缘点名 最重要的是给分超好！！ 刚上的 均绩3.8   我平时很水 讨论课没发过言 就做过一次展示  期末期中考试写作文形式 反正是把所有展示ppt文本打印下来 直接照抄\n\n强烈推荐！！ 给分超级好 想水水过也是可以的
70177,1673,范捷平,2018-01-26 07:59:31,4,5,1,喜欢范男神啊啊啊啊啊啊\n\n每节课都听的超级认真\n\n助教姐姐非常赞\n\n给助教姐姐比心心\n\n么么啾
70179,1673,范捷平,2018-01-26 08:00:22,0,1,1,超级棒，工科男表示还是挺享受的，高助教也是超级 nice，都很有人文情怀，上课体验很棒，最后给分也挺好，强推！
70181,1673,范捷平,2018-01-26 08:02:42,7,8,1,范老师讲课真的有趣，虽然年纪大了但心态好年轻的！以及给我们高助教姐姐打call！讨论课总会延伸自由讨论一些很有趣的话题，不会死板只按讨论题来，讨论课气氛有时候真的超好的！给分也很好嘻嘻嘻
70244,1673,范捷平,2018-09-17 11:01:31,1,2,1,很有意思的老师 收获很多
70245,1673,范捷平,2018-01-26 09:35:14,7,7,0,可以水，也可以好好学，这门课真的开阔了我的视野，德语文学有很多很棒的作品。
70341,1673,范捷平,2018-01-26 13:17:04,1,2,1,老师真是超可爱的，无论是人生态度还是生活经历都很棒，能遇到这样的老师真的很荣幸了
70429,1673,范捷平,2018-01-26 15:10:30,0,1,1,范老师！超级棒！
70745,1673,范捷平,2018-01-27 12:59:03,9,9,0,范老师很可爱，上了一个学期，学到了很多，原以为这门课只是纯文学，但上了后，发现，还涉及到绘画，音乐，建筑等，很有意思，老师还会分享一些他德国留学的经历，很充实的一学期，蟹蟹老师~
71078,1673,范捷平,2018-01-28 02:30:50,1,1,0,老师很好助教也很好 请放心食用
73093,1673,范捷平,2018-02-01 01:57:10,1,1,0,有趣 生动 老顽童emmmmmm
75874,1673,范捷平,2018-03-20 11:26:09,6,7,1,很可爱的老师~会因为自己查老师评分没上9.2就不点名了
79764,1673,范捷平,2018-06-13 10:52:39,1,1,0,给老是打call，超级有趣
83714,1673,范捷平,2018-07-11 05:11:13,1,1,0,通核课收获真的非常多
83717,1673,范捷平,2018-07-11 05:29:11,2,2,0,老师挺乐活一人，助教也都挺好的~
83721,1673,范捷平,2018-07-11 05:39:03,1,2,1,老师给分真的好！！！
83840,1673,范捷平,2018-07-11 09:49:20,2,2,0,给分很惊喜！就是老师上课的时候总是喜欢讲自己在德国blablabla…
83873,1673,范捷平,2018-07-11 11:58:42,1,2,1,真的超赞！范老师讲的很好！收获很大！本身就很喜欢文学～考前也看了书准备了！给分也很好！助教小姐姐也很好！
84862,1673,范捷平,2018-07-14 06:01:55,0,1,1,范老师是个好老师，高助教是个好助教！不知道下学期高助教还教不教咧？
91665,1673,范捷平,2018-12-17 11:39:20,8,8,0,老师太可爱了。\n\n还夸我大温州。\n\n实时报道。
93964,1673,范捷平,2019-07-08 04:25:35,47,54,7,前面那么多好评已经说的很全面了我就不复读了，来评分主要是因为范老师今天跟我们说，他忘记在教务网上确认，导致春夏学期一二轮选课的时候大家都没法选现代德语文学流派这个通核了，不过跟教务处协调之后，第三轮已经可以选啦。所以在这里跟还没有通核上的旁友安利一下，顶我上去让更多人看到谢谢！！
100933,1673,范捷平,2019-01-27 06:57:41,4,6,2,hhhh不声不响出了成绩改卷好快！给分也好！！虽然自己不是最好的，但很满意啦！很满意的通核了！说真的不累！尤其是和别人通核一比！期末开卷，考的都是ppt上的！最后我表白一下助教姐姐向璐，真的很好很开朗呀！讨论课很轻松很轻松！学会积极发言了！呜呜呜感动。
100952,1673,范捷平,2019-01-27 07:50:05,1,2,1,范老师和助教小姐姐真的很不错，相比于其他通核而言，绝对是极佳的选择了，给分也很不错，虽然离满还有一定距离，但是绝对强推！
100958,1673,范捷平,2019-01-27 07:58:42,8,12,4,客观地说好吧，老师讲的内容比较乱，收获并不大
100965,1673,范捷平,2019-01-27 08:19:33,1,1,0,老师给分很好，课程很有趣。
101019,1673,范捷平,2019-01-27 09:18:00,1,1,0,很可爱ヽ(○^㉨^)ﾉ♪
102008,1673,范捷平,2019-01-30 03:39:29,11,18,7,感觉评论区过誉了，范老师人很好，但是课程本身真的没有那么好......如果不是真的对德语文学感兴趣的请慎选，慎选，慎选。平心而论，我上这门课上得挺痛苦的，噩梦源泉。
109601,1673,范捷平,2019-06-17 11:54:56,1,1,0,老师很棒啊～
111181,1673,范捷平,2019-06-30 10:37:30,2,2,0,出分之前先表白助教mrz小哥哥，没想到我匆匆忙忙糊的读书报告小哥哥真的认真看了还写了评语，感动到，平时的讨论课也非常欢乐啊还会放电影，小小的后悔一下自己平时摸鱼
111739,1673,范捷平,2019-07-02 17:15:26,8,8,0,老师超好啊我爱了！！！\n\n上课很有意思，给分很好！\n\n对我这种辣鸡医学生很友好了！\n\n表白超帅的助教毛姓小哥哥！\n\n真的给了我很好的上课体验！\n\n强推啊！
111771,1673,范捷平,2019-07-02 22:07:42,2,2,0,啊啊啊啊啊啊感动死，助教小哥哥太帅了!!!
111801,1673,范捷平,2019-07-02 23:34:12,0,1,1,一个学期点了两三次名，讨论课任务也没有很多，谢谢老师，老师人超好
111866,1673,范捷平,2019-07-03 01:33:41,3,3,0,课真的很不错哇！！上课就是一种享受，了解到了很多以前闻所未闻的优秀文学作品，也涉及到了艺术方面的内容。平时小组展示和读书报告压力还是有的，但真的喜爱文学的人会乐在其中！考试是开卷，写小作文很快乐嘻嘻，满分推荐！
111902,1673,范捷平,2019-07-03 02:24:25,5,5,0,通核强推 对医学生极为友好 完全没发言的菜鸡只要期末考好好写也不会太差
111946,1673,范捷平,2019-07-03 04:02:40,4,4,0,老师超级可爱 还带我们去了音乐会 最后给分也好 强推
112028,1673,范捷平,2019-07-03 08:27:48,3,4,1,课程本身可能对理工科学生不太友好，但是范老师讲课真的很风趣，也很有深度。另外为助教gy小姐姐打call！                                   就是有一个问题：为什么给3.8而不是3.9呢?
112714,1673,范捷平,2019-07-05 01:03:57,0,3,3,5.0刚出哒！特来写一下！\n\n范老师超好，心态超年轻！经常跟我们聊德国足球，最后一节课说一直想把这门课教下去，因为和我们在一起人也会变得年轻\n\n没有对理工科不友好吧…课程的读书报告可以用小组展示的讲稿代替呀，可能也就是期末的论述题需要文学素养，但也占比不高呢\n\n主要还是要在展示课时多发言吧…\n\n况且助教xjj的问题也不是很学术啊都是很轻松的问题\n\n大家不要因为这门课的名字听上去学术就不选呀\n\n这学期助教xjj还安排了三次辩论！很刺激很开心！
115627,1673,范捷平,2019-08-12 02:43:36,4,4,0,过了那么久才评论，是突然感觉老师课上讲的东西以及讨论课里大家讨论的东西，已经被同化成自己的知识结构里了。尤其是面对社会、历史等文科思维较多的问题的时候，会更多的去思考当时的语境，会想的更多。课堂是很轻松的，就像在听故事，但我觉得信息量有点大，有些一时难以记住。助教姐姐知识渊博，很亲切的那种！（给分好啊！等级制评分啊！）
116211,1673,范捷平,2019-09-06 08:58:55,1,1,0,啥也不说，给个10分压压惊
116656,1673,范捷平,2019-09-12 10:34:42,7,7,0,Legends never die.
120576,1673,范捷平,2020-01-13 05:03:49,0,1,1,虽然还出成绩，但是还是要给老师满分，还有高原助教姐姐！人真的超好！作为一门通核，真的是很轻松了，但是还是要找好组员吧，不然会有点麻烦。而且期末开卷哎，都是老师上课的ppt上的内容（ppt是不给学生的，如果不想上课每张ppt都照下来的话可以去朵朵上问一问之前上过的同学的资料），不过考前最好熟悉熟悉，不然找资料会找很久。
125236,1673,范捷平,2020-09-04 07:24:35,0,0,0,喜欢文学艺术和哲学的人上德语文学流派会是一种享受！
129397,1673,范捷平,2021-01-05 04:52:27,1,1,0,老师非常有魅力，上课很投入！
131057,1673,范捷平,2021-01-25 18:04:29,16,16,0,很荣幸成为上这门课的最后一届学生（范老师年纪大了就不开这门课了）。我知道，关于范老师的搜索会变少很多，大家的评论也不会被人看见。但是，我还是想表达一下对范老师的感谢。在您身上，我看见的独有的一代人，一类学者的形象——幽默风趣，坦然面对离别，永远富有激情，与人和善，思想前卫进步……想套用本雅明的话：“在机械复制时代，您的课程的灵韵无法被复制。”
9236,1677,张慧玉,2015-10-18 10:58:22,1,7,6,很好的
9489,1677,张慧玉,2015-10-28 16:34:31,-5,20,25,什么都学不到，纯粹浪费时间
12180,1677,张慧玉,2018-06-12 11:00:11,27,37,10,老师很年轻然后很负责 教我们大部分是方法 而且坚持教一些人生态度的东西应该是颇有收获的
12503,1677,张慧玉,2015-12-23 11:43:34,29,56,27,如果想锻炼自己能力的话会很有帮助!教的是方法和技能，会在课堂上小组讨论，叫人发表观点，总之还可以吧，建议想提升技能的人选
14320,1677,张慧玉,2016-01-06 08:08:35,8,13,5,很年轻，很可爱，很负责。会鼓励人发言，会辅导考试，会拓展视野。谢谢老师。
15436,1677,张慧玉,2016-01-14 11:13:55,5,9,4,很好的老师，受益无穷\n\n
15891,1677,张慧玉,2016-01-16 14:00:33,1,4,3,！！！
15928,1677,张慧玉,2016-01-16 15:42:41,4,9,5,理解人的一个老师，不过真正英语学的不是很多，倒是其他的有很多收获
15977,1677,张慧玉,2016-01-17 01:18:55,5,9,4,其实，老师挺有魅力的，但知识点基本自学，课堂参与还是能提高自己的能力的
16079,1677,张慧玉,2016-01-17 06:54:36,15,20,5,人真的超好
16341,1677,张慧玉,2016-01-18 03:22:28,8,14,6,老师讲的东西会给你的生活带来很多指引，学到一种生活的态度远比多记几个单词有用
16714,1677,张慧玉,2016-01-19 00:26:26,6,10,4,真的超级好的一个老师，老师很年轻很漂亮，口语很好，学到了很多知识，老师会教你写简历，然后还有人生哲理一类的，强烈推荐
17132,1677,张慧玉,2016-01-19 15:44:53,4,6,2,很好的老师 上课一点也不无聊 课堂讨论认真的话可以锻炼自己的口语能力的～
17217,1677,张慧玉,2016-01-20 01:37:00,5,12,7,很棒的老师，上课收获很大，扩展视野也能练习口语，提升英语能力。性格也很棒，喜欢调戏男生们，和学生像朋友相处，没有体制内的僵硬，作业少，给分好，简直不能再棒。
18002,1677,张慧玉,2016-01-21 05:48:35,1,5,4,很好的老师，会讲一些外国风俗，还有英文简历教学。分也不错。喜欢。
21833,1677,张慧玉,2016-03-01 07:45:45,1,4,3,好老师!
26794,1677,张慧玉,2019-01-21 16:31:48,18,27,9,we aer going to have the finals， and the teacher is going to have a baby.
26874,1677,张慧玉,2016-06-21 11:40:16,7,11,4,老师人挺好的，但是上课不讲课文不讲单词，事情很多，还有听写，quiz考试全靠自学，积极参与课堂讨论跟演讲可以提高口语。btw老师怀孕37周多还坚持来给我们上课，一个大写的赞??
27106,1677,张慧玉,2016-06-23 02:36:34,3,6,3,老师的人不能再好 给每人无理由翘课三次的机会 会照顾到每一个人 像是亲切的大姐姐 事情也不多 上课很锻炼口语 这才是大学英语课应该有的样子
28082,1677,张慧玉,2016-06-28 08:05:05,0,3,3,会组织很多小组讨论，注重锻炼我们的口语，交给我们一种方法，人很好，课也有趣！
29457,1677,张慧玉,2016-06-30 00:17:12,1,6,5,老师真的太好了，觉得课本这些东西真的不应该太占用课堂，枯燥无趣，张老师就是充分利用课堂锻炼真正的英语能力，绝对好评！\n\n
29507,1677,张慧玉,2016-07-01 23:16:55,34,44,10,有能力者的天堂，shy boy的……地狱?
29923,1677,张慧玉,2016-06-30 13:51:33,3,6,3,超级棒!会帮你提升口语。印象最深的是会帮不自信的同学提升上台演讲的自信。老师真的超级好超级理解学生。恭喜老师获得一个前世小情人啦(ฅ>ω<*ฅ)
30298,1677,张慧玉,2016-07-01 08:15:59,0,2,2,老师真的真的很负责很热心
30591,1677,张慧玉,2016-07-02 04:30:08,0,2,2,。。。
39945,1677,张慧玉,2016-12-28 09:06:18,0,2,2,老师可爱，上课能得到锻炼
41926,1677,张慧玉,2017-01-13 08:38:15,1,5,4,很有个人魅力的老师！对生活有态度，对问题有想法，对学生认真负责，有机会一定再去听慧玉的课。
52696,1677,张慧玉,2017-06-22 07:33:35,1,4,3,超爱慧玉！不仅教我英语 包括人生！大爱
52903,1677,张慧玉,2017-06-23 12:05:05,9,12,3,慧玉老师人很好，不像老师，更像是大姐姐似的朋友，跟学生很亲近，不断地给每个学生鼓励，最后一节课的祝愿: stay happy，stay in touch
52994,1677,张慧玉,2017-06-24 13:46:05,1,3,2,人格魅力！
53864,1677,张慧玉,2017-06-28 02:24:10,3,7,4,老师虽然说自己很懒，但实际上会关心每个人，给所有人机会。真的是好老师，可惜只能打10分。
53872,1677,张慧玉,2017-06-28 02:35:39,1,3,2,上课讨论和展示很多，很锻炼口语，平时书上的单词全靠自学。当然最后给分也不错。
53880,1677,张慧玉,2017-06-28 02:52:36,0,1,1,超级好
53957,1677,张慧玉,2017-06-28 06:11:55,0,2,2,爽。棒。
54077,1677,张慧玉,2017-06-28 11:47:50,0,3,3,慧玉姐姐超级棒(⁎⁍̴̛ᴗ⁍̴̛⁎)
63004,1677,张慧玉,2017-11-28 01:42:57,0,2,2,很喜欢上课让人多说英语的老师
63062,1677,张慧玉,2017-11-28 06:00:48,5,9,4,事多，上课到处走，完全水不了。大英明明就背单词背课文就行的，癌，shy girl的噩梦
63280,1677,张慧玉,2017-11-30 03:30:14,0,2,2,听老师带了两周课。不错的，挺有性格的老师。
64131,1677,张慧玉,2017-12-21 04:50:20,1,6,5,在老师的课上压力会有点大，但是是超有激情，特别可爱的一位老师。总的来说如果你想要在大英课上学到东西而不是水水就过去的话，就选这个老师吧，因为老师用全英文讲课，你回答问题的时候也要尽量用英文。会让每个小组自己讲解in class reading里的一个或几个段落，上课还有mini talk和tone twist，但是每次上课都会有超多收获，你会逼着自己去学习去表达去倾听，慢慢自己水平就提高啦。而且其实老师也很漂亮很有魅力呢～～～
67646,1677,张慧玉,2018-01-22 03:51:52,2,4,2,张璐老师班的，慧玉老师给我们带过几节课，感觉共鸣很多，上课会讲很多道理和方法，收获很大；语音也很美，很耐心的；最后口试很巧的也是她来考，给分也很好。非常理想的老师，选上她的课，收获的不仅是知识。
74203,1677,张慧玉,2018-02-06 13:54:26,11,16,5,冯全功老婆
80593,1677,张慧玉,2018-06-28 07:02:39,13,21,8,开局劝退你，事情比较多，上课要求no cellphone no Chinese，需要讨论和自己讲的内容多。然后一学期下来你还是会心服口服地打10分。
81190,1677,张慧玉,2018-07-04 08:44:54,0,3,3,谢慧玉！(虽然我成绩真的是马马虎虎?
81194,1677,张慧玉,2018-07-04 08:49:32,0,2,2,老师人很好，很为学生考虑，上课也很锻炼人。虽然我的成绩马马虎虎，但是老师真的不错~
88140,1677,张慧玉,2018-10-23 03:05:45,-1,0,1,
89162,1677,张慧玉,2018-11-16 06:22:52,3,4,1,蹦蹦跳跳的好老师
89293,1677,张慧玉,2018-11-18 06:22:42,0,2,2,对同学们的要求挺严格的，但是人确实蛮好，很真诚。给我的分数还可以。❤️
89599,1677,张慧玉,2018-11-20 01:57:23,0,3,3,上过最有收获的通识课\n\n跟某些老师相比，这才该是浙江大学的老师嘛～\n\n❤
103847,1677,张慧玉,2019-03-06 08:39:51,-1,3,4,人超好！
109779,1677,张慧玉,2019-06-19 07:14:39,0,4,4,慧玉真的超级好，会讲很多关于学习英语的方法和人生态度的东西。很暖心，很负责！最后一节课真的很感动！爱慧玉～
110671,1677,张慧玉,2019-06-28 03:56:21,-1,2,3,超级超级棒的感受！！！
110689,1677,张慧玉,2019-06-28 04:27:27,2,7,5,huiyu口语很好，人更加nice，三观很正，给人亦师亦友的感觉。来上huiyu的课会给你一种不一样的大学课程体验，保证你上课很难水手机，同学间关系也更融洽。也祝愿大家每天都great呀
111118,1677,张慧玉,2019-06-30 02:00:29,-2,1,3,非常对不起老师，期末把老师名字写错了。。。老师一级棒！
117198,1677,张慧玉,2019-09-20 07:46:29,-1,1,2,哈哈哈
120383,1677,张慧玉,2019-12-02 03:20:50,-4,1,5,挺好哒
120601,1677,张慧玉,2020-01-14 00:52:15,-1,11,12,屎一样的感觉
120614,1677,张慧玉,2020-01-14 00:51:18,0,4,4,慧玉姐姐真的超级好！上课很有趣 完全没有水手机的欲望
120615,1677,张慧玉,2020-01-14 00:51:38,-2,2,4,老师很棒，上课超乎课堂，这正是大学的课程需要的呀。可惜只有一个学期，所以节奏会显得有点快，但绝对会有收获！
120616,1677,张慧玉,2020-01-14 01:03:43,-3,2,5,慧玉姐姐人真的太好了
120617,1677,张慧玉,2020-01-14 01:07:57,-3,2,5,老师人超级好的
120619,1677,张慧玉,2020-01-14 01:10:10,0,4,4,慧玉老师真的很好。上课有意识地让我们锻炼听说能力，老师讲课基本英语，大致能听懂。最重要的是老师真的很好，对学生负责，期末考有异样，老师都会仔细检查，不让学生挂科，性格很温柔的老师
120620,1677,张慧玉,2020-01-14 01:11:39,0,3,3,我爱你慧玉姐姐
120622,1677,张慧玉,2020-01-14 01:19:37,0,3,3,超爱慧玉姐姐，stay happy，stay in touch！！
120893,1677,张慧玉,2020-01-18 10:19:53,-1,3,4,老师友善，风趣，个性刚强，非常有想法。教学（还有作为家长）理念先进爱了爱了。大英也是唯一一个师生一起水得很开心的群。最后一课纸条问答真的非常舍不得啊。祝好～
123053,1677,张慧玉,2020-05-06 12:24:41,5,9,4,奉劝大家别选，事情巨多，还有脸说是给我们减负，评分标准夏学期了还没确定，连专业课可以不正态分布都搞不清
123291,1677,张慧玉,2020-05-30 05:08:40,5,10,5,1.5分课，基本每节课几百字的作业+讨论，期中搞个访谈几千字出去了麻烦的要死，期末小组个人两个大作业，还说什么减负。爬
124002,1677,张慧玉,2020-06-20 03:45:07,7,11,4,四个班合成一个班上，还说重复讲效果不好，你还好意思讲？\n\n作业奇过，鹅颈为主要目的，美其名曰减负\n\n给爷爬
124032,1677,张慧玉,2020-06-21 11:25:38,-3,9,12,垃圾老师
125889,1677,张慧玉,2020-09-15 10:00:50,-1,6,7,口音重，作业多
130705,1677,张慧玉,2021-01-24 10:17:41,-1,2,3,很有个性的老师，上课会教阅读写作等很多方法。但是考试要自学，一定要自觉自律！！！要做小组展示和新闻报告，事情不算特别多，老师人很好很关心学生的。给分要靠自己表现，努力了分数就不差
130805,1677,张慧玉,2021-01-24 15:51:05,1,4,3,这学期刚上完张老师的课，绩点不高也不低吧，老师上课内容挺丰富的能学到很多人生哲理，但课本内容极少涉猎都要靠自学，不过老师人非常好和family members也成为了真正的好友，综合来说sister Zhang还是非常好的一位老师呀
131811,1677,张慧玉,2021-01-29 04:09:04,0,2,2,慧玉姐姐真的人超级好！！！会交给我们很多课堂之外的知识，大英四收获满满！
133258,1677,张慧玉,2021-02-21 08:12:17,1,4,3,老师超赞的 shy boy也有3.9
137104,1677,张慧玉,2021-07-01 07:57:57,-1,3,4,慧玉姐人真的很好啊啊啊啊！！！上过慧玉姐的大英四和英语演讲艺术，大英四本来就不应拘泥于课本，但课程设置只能如此，慧玉姐已经努力做课外拓展了，真的教会了我很多关于英语和其他方面的知识；虽然上课不允许看手机但也根本没时间看啊因为课堂真的太有趣了，不看手机真的能更好地投入到课堂中去；btw英语演讲也真的是好课，既能锻炼英语演讲能力还可以结识好多dalao，真是英语爱好者的天堂，而且你演讲忘词了慧玉姐还会鼓励你！！！可惜只能打十分qwq
137109,1677,张慧玉,2021-07-01 08:37:24,0,2,2,评下演讲艺术，上课演讲的理论部分比较无聊，不过同学们的演讲和newsreport还是很有趣的，而且真的超锻炼人。我口语超级烂，所以不怎么敢发言，甚至期中时还在考虑要不要弃修qaq，如果不是真的选不上英语课我可能就弃修了。后半学期final和imitation speech努力了把，最后上4了。谢谢老师！
138943,1677,张慧玉,2021-07-12 02:12:01,-1,1,2,英语演讲艺术 超有帮助的一门课！！一学期下来真的感觉能力提升了不少，而且平时事情也不算多！
138944,1677,张慧玉,2021-07-12 02:12:01,-2,1,3,英语演讲艺术 超有帮助的一门课！！一学期下来真的感觉能力提升了不少，而且平时事情也不算多！
140001,1677,张慧玉,2021-08-23 03:49:20,2,5,3,我这种活跃的还是挺适应慧玉姐的课程的，最吸粉的是因为疫情过年不能回家，慧玉姐找了我们几个学生去她家里吃了顿午饭，特别暖心
143626,1677,张慧玉,2021-11-29 06:11:04,-3,1,4,很好的老师～
145085,1677,张慧玉,2021-12-27 09:38:48,-3,1,4,她真的好温柔，十分体贴学生，太好了
145302,1677,张慧玉,2022-01-13 13:57:08,1,7,6,真的是非常好的老师！英语水平够硬，课堂内容丰富，能学到很多东西(包括但不限于英语)！虽然比较社恐，上课不大活跃，但她依然记得我的名字(是我上大学以来到目前为止唯一记得我名字的老师!)虽然英语多我来说不是必修课，但我真的非常努力地学了一学期的大英四，也收获了很多。期末了真的很舍不得呜呜呜……最后一节课大家拍大合照的时候差点哭了……总之就是很推荐!（最后shy girl能有4.8）
146902,1677,张慧玉,2022-01-08 03:22:37,-1,3,4,虽然被绩杀，但老师的教学态度和能力不容置疑，十分
146914,1677,张慧玉,2022-01-08 04:48:14,-2,3,5,Miss Zhang不仅课堂很有特色，而且人真的超级好。上课还没多久就记住了全班同学的名字，特别亲切；而且很敬业，重感冒仍然坚持上网课
146934,1677,张慧玉,2022-01-08 05:58:06,-1,5,6,huiyu真的很好，她的课堂让我感觉到大学的温暖！不过考试要自己多下功夫，多背单词
147379,1677,张慧玉,2022-01-10 01:19:38,4,5,1,老师上课一般不会讲教材，全靠自学，然后shy boys and girls避雷
149546,1677,张慧玉,2022-01-16 02:24:49,-1,2,3,本人垃圾，绩点3.3，但是老师真的好！
149817,1677,张慧玉,2022-01-17 06:45:51,-1,3,4,再来一个好评
151058,1677,张慧玉,2022-02-22 11:20:08,-2,2,4,上课欢乐，不讲教材，可以水水，绩点别问
151744,1677,张慧玉,2022-03-14 12:05:40,-3,12,15,这位老师是对英音和发音好有什么误解嘛？native speaker是不会把每个单词都发得很清晰的。同组的人讲得那么烂她居然说 我喜欢你的发音，对于说着一口流利英音的同学，她则表示 你发音不标准，我只能说这大概就是劣质英语听多了+孤陋寡闻的后果
152428,1677,张慧玉,2022-04-11 02:21:38,-2,13,15,self-important鸡婆，自以为跟学生很亲热，实际喋喋不休，每句话里既没逻辑也没思想。学不到任何东西的课。
154168,1677,张慧玉,2022-05-25 03:22:10,-5,15,20,位高权重，自以为亲民的女皇帝，严禁用电子产品，殊不知自己讲的内容一点营养都没有，all she wants is attention.奇差无比的体验，评论里一堆水军，想请问，英语要有多差才能在她这里学到东西？
157492,1677,张慧玉,2022-06-23 12:14:09,5,8,3,商务英语这课第一次开，想划水的人可以非常水，想认真学到点的东西的也会有所收获，老师很替学生考虑，几乎没有作业两次pre期末俩人对话，只要嘴不停的讲，绩点确实也不为难人
161154,1677,张慧玉,2022-10-29 23:43:49,-2,0,2,好捞啊
163424,1677,张慧玉,2022-12-14 09:15:00,-3,0,3,很好的大姐姐，任务不重，真的爱了
164375,1677,张慧玉,2022-12-20 13:00:53,4,4,0,真感觉一般般
168806,1677,张慧玉,2023-02-22 10:07:16,0,2,2,对社恐太不友好 绩杀
168813,1677,张慧玉,2023-02-22 11:29:03,-2,0,2,寄寄寄寄寄\n\n老师人真的挺好，但可能真的是大英四这门课的问题
168829,1677,张慧玉,2023-02-22 14:19:45,-2,0,2,课讲得不错，很注重口语和听力练习。我上课比较划水，但靠吃老本绩点还算看的过去（毕竟大英分数懂的都懂），确实想提升英语水平的可以选~
168870,1677,张慧玉,2023-02-23 06:10:48,0,2,2,老师真的很好，很耐心、温柔，非常亲切，爱慧玉！！！
173758,1677,张慧玉,2023-06-02 10:09:15,-4,2,6,商务英语口语，很神奇的一门课程，开学初让选partner，就随便选了，谁知她期末要让两个人一起考试😅第一次见到比小组作业更扯淡的考核方式，这是在搞什么人类命运共同体吗？
175670,1677,张慧玉,2023-06-26 07:03:36,0,2,2,很好的一位老师，很善于鼓励式教学，能够真正让学生提升口语。很为学生着想，给分也很好，推荐选！
177712,1677,张慧玉,2023-07-04 11:38:07,1,5,4,老师很温柔 会鼓励大家当volunteers\n\n但是作为一名shy girl从来没有当过volunteer 说实话上课确实很紧张 因为老师有时候也会叫non-volunteers去台上对话\n\n想要练习口语的可以选老师的商务英语口语 老师确实会分享很多的干货\n\n没有当过volunteer 参加了小组的business presentation以及每个人都要的课前演讲 最后期末考试是抽签主题然后跟partner对话5分钟\n\n4.5的绩点已经很满足了 老师真的会记得每个人的名字 最后一天拍合照氛围真的很好
182035,1677,张慧玉,2023-11-08 14:38:11,-1,0,1,还行 能学到点东西 e人的天堂 i人的地狱
182085,1677,张慧玉,2023-11-09 16:40:51,-1,4,5,the summer sunshine， the spring breeze.\n\n真的超级无敌爱慧玉！！！\n\n老师特别友好，会鼓励每一位同学去尝试去突破。每次同学发言完都会给出特别贴心的建议。\n\n大一秋冬时修读了老师的大英四，自知期末考得确实不好，但最后出分却还是很acceptable的！（可见老师真的很努力的在捞了哈哈哈哈）大一春夏时看到老师开了商务英语口语，于是就毫不犹豫地选了。现在感觉自己的选择特别明智哈哈哈哈，春夏的课程同样也非常有收获！超爱！！！
183465,1677,张慧玉,2023-11-26 13:06:52,8,10,2,上课上什么都不知道，，，巨多pre，作文动辄300词，还特别喜欢叫人回答问题，有的时候还把你揪上讲台让你来个即兴speech。。shy boys shy girls速速壁垒
184598,1677,张慧玉,2023-12-22 02:27:30,0,1,1,张老师人超级好，pre完给了我一段很长的comment，这个学期也学到了很多
186888,1677,张慧玉,2024-01-13 11:56:19,-1,1,2,爱慧玉！！真的是很好的老师，很关心同学（这学期提醒了同学预防流感好几次），记得每个同学的名字，一直在鼓励同学（她还私戳我大段消息让我加油，我哭死555）上课确实总是请volunteer 和nonvolunteer，shy boy shy girl慎重选（但是本i人分到了一个角落的位置就没被请到过，上课水水过）在期末考听力听得一坨的情况下拿了3.9，真是非常感谢老师！！！
187132,1677,张慧玉,2024-01-14 16:04:37,-1,1,2,老师人很好，平易近人，很会鼓励，平日里做完pre都会给很多切实的comments. 之前圣诞的时候还办了一次party，氛围还是很好的XD\n\ni人的地狱，因为中后期会叫non-volunteers起来回答问题（但答错了也没什么）；e人的天堂，因为无论是pre还是各种展示都有发挥的空间。\n\n可以看出老师在努力跳出课本的束缚教学，平常会补充比较多的材料和练习，的确一方面我感到英语素养有了一定的提升，但另一方面我的quiz和期末就不尽人意了。\n\n给分感觉比较求是，不过也可能是因为大英不好捞或是我太菜了的原因:(如果想拿到好绩点还是得考好quiz和期末。
193925,1677,张慧玉,2024-06-21 01:04:19,2,2,0,商务英语口语课。I人的地狱，pre是对话，要看队友。但会捞。
208801,1677,张慧玉,2025-01-02 05:25:31,-2,0,2,满昏！上的是商务英语口语，老师人蛮好，挺可爱的。这个课就是事情有点多。大家上课积极发言
208815,1677,张慧玉,2025-01-02 08:06:09,-2,0,2,感动，老师有温柔又善良，还不卡我绩点，美美4.5老师人美心善老师人美心善都选冲冲冲
220027,1677,张慧玉,2025-06-13 16:05:12,0,0,0,i人的地狱，商英得分82卡在了3.6，想知道自己具体的得分，老师说80多分就已经很好了（）\n\n可是82和83都不是一个概念（笑哭）\n\n平时的作业和搭档都练习了，小组作业自己也付出了很多，但是最后这个成绩真的是大跌眼镜，没有学到太多东西，可能更多的还是看e人同学回答问题和大家的汇报吧
4574,1701,朱更生,2015-06-24 14:55:17,37,41,4,非常有意思 有深度。精通中德文，玩转冷笑话
5338,1701,朱更生,2015-07-07 00:42:01,15,20,5,给我更生大大表个白，就是在大大这里得到个4比在辣里满绩都开心·太悲伤了（再见）
5808,1701,朱更生,2015-07-09 12:44:47,25,29,4,大学语文和逻辑学很有收获
5829,1701,朱更生,2015-07-09 14:26:37,21,23,2,高贵冷艳的男神 却有一颗护崽一样护着我们的心❤️
8259,1701,朱更生,2015-09-18 01:29:26,1,3,2,非常好
21238,1701,朱更生,2016-02-27 08:24:35,6,8,2,老师有独特的气质
23465,1701,朱更生,2016-03-30 14:42:54,28,34,6,我不是针对谁，我是说在做的各位都是辣鸡，komisch.
27402,1701,朱更生,2016-06-25 17:56:32,13,15,2,Ja und?\n\n
31065,1701,朱更生,2016-07-03 07:37:05,3,4,1,师生情！爱Herr朱！
34842,1701,朱更生,2016-12-20 01:48:55,3,5,2,欢喜啊
35571,1701,朱更生,2016-11-10 07:28:26,14,16,2,老师老是嘲笑我们懂的太少了 不过老师年纪这么大心态还很年轻 赞
36572,1701,朱更生,2016-11-15 02:42:35,3,3,0,老师讲课超级好 人很可爱
39326,1701,朱更生,2017-02-25 13:39:13,5,7,2,老师完全可爱啊！虽然上课很难，但总是会暗戳戳的幽默，特别是Pause的时间长度随心所欲！
45827,1701,朱更生,2017-01-20 06:52:52,8,12,4,是一个真正的大学老师。很喜欢他很喜欢很喜欢。总是给我们一些新的想法，讲语法很详细，斗嘴起来特别有意思，高冷又可爱。嘻嘻，还因为我一不小心说了脏话很凶地训斥我，脸红(^Д^)不多说了，男神！
49249,1701,朱更生,2017-03-31 01:30:18,0,1,1,喜欢！
52525,1701,朱更生,2017-06-21 01:46:33,5,6,1,weiter？gesundheit？
52594,1701,朱更生,2017-06-21 09:29:59,3,3,0,有此良师，何复求？
54710,1701,朱更生,2017-06-30 05:25:00,7,8,1,回复楼上 只求高绩
57987,1701,朱更生,2017-07-20 09:13:29,6,8,2,回复楼上，有这样的老师，就算绩杀我也不在乎。
68794,1701,朱更生,2018-01-24 02:01:45,10,14,4,真•绩杀
108321,1701,朱更生,2019-05-21 05:04:40,0,1,1,真的很有学问
116425,1701,朱更生,2019-10-29 06:45:12,7,9,2,声音好温柔～我真的太喜欢这样gay里gay气的老师了！！！
118598,1701,朱更生,2019-10-29 06:51:43,10,13,3,gay里gay气那条说的是朱自立老师，望周知～
121081,1701,朱更生,2020-01-19 13:27:18,3,4,1,上Herr朱的课真的受益匪浅，学到很多，而且Herr朱给分基本上就是你的真实水平，非常公正，让人信服。
126727,1701,朱更生,2020-10-16 03:35:07,3,3,0,我爱朱老师
126728,1701,朱更生,2020-10-16 03:35:47,6,6,0,超级棒啊，朱老师超级可爱，对学生也超级好啊，大爱朱老师！
126729,1701,朱更生,2020-10-16 03:36:53,4,5,1,高贵冷艳自称外星人的老师
126730,1701,朱更生,2020-10-16 03:37:20,8,10,2,朱老师真的可爱，除了会劝退你学德语以外🤪
126731,1701,朱更生,2020-10-16 03:38:21,3,3,0,啥也别说了，十分！
127869,1701,朱更生,2020-11-29 11:24:33,6,8,2,出去郊游真开心！
128542,1701,朱更生,2020-12-23 16:48:29,0,3,3,真的超级棒！知识渊博！ 表面高冷实际可爱！
129297,1701,朱更生,2021-01-04 01:27:30,0,2,2,朱老师最棒
130730,1701,朱更生,2021-01-24 11:45:12,7,8,1,老师上课原话：\n\n1.我们德语课嬉笑怒骂，你们嬉笑，我怒骂\n\n2.我们：Was？（什么东西） Herr Zhu：南北！\n\n3.某学生：Zu（一个介词，谐音醋）\n\nHerr Zhu：酱油！\n\n4.我是火星人，天外来客。\n\nPs：老师真的好可爱，如果戳到他笑点了，他会一直笑停不下来哈哈哈\n\n我们在天气好的时候会去湖边、东七花园上课，郊游一样哈哈哈，超有意思～
132199,1701,朱更生,2021-01-31 02:25:44,22,24,2,Herr Zhu绩杀不解释
135731,1701,朱更生,2021-05-22 02:23:48,18,19,1,上Herr Zhu的课可能需要超高的自学能力
136529,1701,朱更生,2021-06-20 07:57:42,3,4,1,虽然德语不咋地给的分也低，但我永远爱herr朱
136857,1701,朱更生,2021-06-26 04:43:51,3,5,2,超级幽默，超级有意思，会和我们一起笑得停不下来，但期末考真的难ORZ
136894,1701,朱更生,2021-06-28 00:43:21,19,21,2,语法只给我们看word文档...一天十几二十个文档完全看不完
137055,1701,朱更生,2021-06-30 05:49:29,1,8,7,老师真的人很好，问任何问题都很耐心的回复！！有此良师，何复求！
139494,1701,朱更生,2021-07-16 13:29:48,3,4,1,确实有问必答，只是卷王更卷了…
142713,1701,朱更生,2021-11-15 11:15:22,5,14,9,平均绩点这么低能不能给爷爬啊
147229,1701,朱更生,2022-01-09 07:52:29,9,10,1,老师很好，是我太菜了
151262,1701,朱更生,2022-02-27 02:25:37,11,13,2,大部分时间都在自学
152110,1701,朱更生,2022-03-27 06:23:31,1,9,8,word文档看得人都麻了，还不如自己买本语法书看。
158367,1701,朱更生,2022-06-28 18:26:15,3,8,5,命不久矣，所有的努力在这里就都白费了
159066,1701,朱更生,2022-07-05 11:44:45,6,11,5,20级综合德语临时换老师是不是个阴谋
159739,1701,朱更生,2022-08-26 18:01:53,0,11,11,一个会让你的努力白费的老师。
164510,1701,朱更生,2022-12-21 11:09:19,9,9,0,“自由之思想，独立之精神！”在这个逐渐浮躁的时代，这一点十分可贵。
165155,1701,朱更生,2022-12-29 11:28:17,-7,5,12,很压抑
173682,1701,朱更生,2023-06-03 02:28:01,-6,10,16,学术水平高和会教书是两回事
174269,1701,朱更生,2023-06-08 12:51:06,7,7,0,会永远爱zgs❤️
178020,1701,朱更生,2023-07-06 09:08:07,9,9,0,我超，这综德二太nb了
185163,1701,朱更生,2023-12-27 02:05:00,3,3,0,老师可爱死了
185314,1701,朱更生,2023-12-27 20:22:40,1,2,1,朱老师可爱死了！10分不解释（除了每次出分的时候心情超级无敌螺旋爆炸以外，都很好）
186221,1701,朱更生,2024-01-09 15:05:13,-16,6,22,一学期下来word文档字数比他上课说的话还多，这学期的课就挂个名全丢给另一个老师上；就算那个老师是新来的外教需要指导，但也不是这么推活的；那外教上的另一节课也有另一个老教授指导，但那个老教授就没在课程上挂主名。以前可能很好，但现在看起来就是奔着工资比退休金高来的课室。
186257,1701,朱更生,2024-01-10 06:46:10,3,6,3,楼上说看word的是自己不会问吗，听不懂可以张嘴啊。是不会张嘴要人教吗。
186357,1701,朱更生,2024-01-10 15:11:08,2,3,1,老师非常非常好，他值得十分！老师的水准和造诣都很高。和他相处久了就会知道他真的非常非常好，很幽默可爱的老师一枚呀！！
186677,1701,朱更生,2024-01-12 12:13:18,7,7,0,虽然上朱老师的课需要自学🥲传话筒回答问题也是真的吓人🤣但是还是很喜欢温和儒雅的朱老师～
187473,1701,朱更生,2024-01-16 10:00:08,2,3,1,呃呃呃
188205,1701,朱更生,2024-01-18 11:43:08,3,4,1,虽然努力复习还是被卡绩+绩杀了，但是还是想打10分。人很好，功底很深很扎实，严谨的同时又有一丝风趣。
188965,1701,朱更生,2024-01-21 01:33:52,2,4,2,守护我最好的朱老师！
192838,1701,朱更生,2024-05-31 02:55:41,3,5,2,去不去他的课没有任何区别啊，因为去了也不好好讲
197137,1701,朱更生,2024-07-08 04:45:17,2,3,1,引导式教学，需要自己思考很多东西，当然收获也很多
201055,1701,朱更生,2024-10-28 05:15:51,15,15,0,Lebet ihr auf der Erde?\n\n你们生活在人间吗？\n\n                    ————Herr朱
202060,1701,朱更生,2024-11-08 23:04:28,9,9,0,Herr朱真的德语功底没得说，学他的课得自己先好好背单词，要不然就是ich weiß nicht\n\n（我不知道）*100
208103,1701,朱更生,2024-12-25 14:54:27,9,9,0,老师说他最大的梦想是守护汉语。那时候我默默感叹如今还有多少像老师这么纯粹的人！
218366,1701,朱更生,2025-04-23 02:49:38,1,1,0,老师回来吧老师回来吧老师我们想念您😭老师快回来教综合德语啊啊啊啊啊要不然我真的完蛋了
1278,1707,姜剑,2015-03-21 17:17:49,1,9,8,给分低 不苟言笑
1293,1707,姜剑,2015-10-01 06:58:13,3,22,19,平时作业不少，期末也不简单，但是真心的好老师！老师的课让人听力进步很多，收获不少，不是传说中的绩杀或者不苟言笑的～
1467,1707,姜剑,2015-03-22 05:54:20,0,7,7,上课学的还是很有用的。
1557,1707,姜剑,2015-03-22 12:59:36,8,24,16,难度比较大，但是这是自己的问题不是老师的问题，能力不够分低也理所应当
3496,1707,姜剑,2015-06-17 00:25:25,4,13,9,老师真的很好。只是非常难。非英语专业的不要作死。当心挂科。
5102,1707,姜剑,2015-07-04 07:12:35,21,33,12,给分低啊，但上课认真，禁欲系御姐
11453,1707,姜剑,2015-12-07 04:29:50,24,62,38,上课完全不教方法 就是放点材料听然后让我们做题目 这种老师我也会当啊
13813,1707,姜剑,2015-12-31 08:54:09,14,25,11,痛苦痛苦
14939,1707,姜剑,2016-01-11 06:39:01,1,7,6,不想说什么了 呵呵哒
15043,1707,姜剑,2016-01-11 15:51:54,10,30,20,认真做她的作业上她的课那就一定有收获。老师其实很有能力的，骂老师给分差的同学先想一下只是老师单纯给分差还是你学了这么久英语连期末考的题都不会做。
17309,1707,姜剑,2016-01-20 04:21:55,8,32,24,自己基础差又不努力就别怪老师了好吗。。。
17470,1707,姜剑,2016-01-20 09:03:26,6,11,5,好难。。尤其是期末考试。超难。
18763,1707,姜剑,2016-01-22 13:16:01,-1,7,8,排名第一的答案已经说的很好了 我觉得姜剑老师真的 我对她很无语
19856,1707,姜剑,2016-01-25 12:19:36,1,3,2,困，给分也很一般，难度也较大
19858,1707,姜剑,2016-01-25 12:20:52,-4,10,14,姜老师人不错，但是她的听力课挺差劲的，每学期4，5次听写，一周一个大听力作业跟写作文似的，上课就放听力材料其他什么也不教，期末考试难度很高，真的只能靠自己。
19936,1707,姜剑,2016-01-25 14:49:40,0,5,5,说句公道话，还不错的!这学期最喜欢的课。。
21541,1707,姜剑,2016-02-29 06:42:50,2,17,15,说给分低的同学反省一下自己好吗，期末考的太差了再怎么给你加分总不可能把七十加到八十吧。成绩差的决定性因素又不是老师给分高不高，而是你自己考的好不好。外界因素又不是首要的，自己努力过了靠自己提升了成绩才有资格去说老师好坏好么，作业压着ddl才交的上课练习糊弄过去下课也不练习的，你拿什么证明是老师教的不好而不是你的问题？简直。。毫无说服力
22953,1707,姜剑,2016-03-15 06:31:53,-1,15,16,呵呵 下面那位同学我也不知道你在粪青什么 我上学期上她的课绩点4.5 不低吧？我有资格说话啦吧？好 那我告诉你 她的课很烂 这下服不服？？？
24177,1707,姜剑,2016-04-28 06:18:53,0,5,5,笑看楼下，同4.5路过，我也有资格说吧~？能准你们批评就不准别人反驳啦2333反驳就是愤青 吐槽才是正道嘛？
25558,1707,姜剑,2016-05-25 11:14:34,0,3,3,爽爽爽
25560,1707,姜剑,2016-05-25 11:15:29,1,6,5,痛苦至极
27016,1707,姜剑,2016-07-02 08:52:02,2,7,5,上课认真听认真参与她都会记得的，分数低的是因为自己不努力吧
29221,1707,姜剑,2016-06-29 12:31:07,3,5,2,好好做作业收获很多
30419,1707,姜剑,2016-07-01 14:02:30,4,13,9,整个大一最喜欢的老师之一  给分标准给得很清楚 每周的作业其实花不了多少时间吧
30751,1707,姜剑,2016-07-02 11:13:10,3,5,2,好好听绝对有收获
35949,1707,姜剑,2016-11-10 09:02:36,31,53,22,很棒的老师，感觉一个学期收获真的很大。基本只放材料是真的，但是问题是老师自己出的，材料是老师自己选的，也是自己剪辑的，每句听不清楚的句子老师都能准确的复述给同学，重放的时候可以把进度条直接拖到想要的位置，这些细节都保证了每节课的质量。本来就是听力课，还要怎样。
36674,1707,姜剑,2016-11-15 09:35:12,8,11,3,其实老师讲课挺不错的，不知道为什么分那么低…评论说老师不教方法，但是说实话英语听力也没有太多方法吧，主要还是训练，老师上课形式个人还是挺喜欢的，考试可能是有一点难，但感觉老师给分还是比想象的好很多啊～
36679,1707,姜剑,2016-11-15 10:50:07,3,8,5,真的很认真、很负责。很棒的老师。
36886,1707,姜剑,2016-11-16 10:59:32,3,4,1,绩杀……虽然老师很认真……
45497,1707,姜剑,2017-01-24 05:24:25,7,8,1,姜剑老师人很好，但是层次太高，对自己英语听力不是很有信心，最好别选，会挂。我听力极弱，虽然是专业课，也挂了。
47155,1707,姜剑,2017-01-24 05:45:48,18,26,8,姜剑老师人挺好的，虽然一开始可能给人感觉不苟言笑，但上了几次课之后会发现老师人真的很好，笑起来很暖呀。之前看查老师上老师的均绩，有点小害怕，不过这次绩点出来之后真的吓到我了，没想过还会上4。立个flag，寒假里要好好练习听力啊;-)
47158,1707,姜剑,2017-01-24 06:27:52,4,6,2,老师人很好，不过要求比较高，平时需要多练，期末考试的材料很多都是平时作业里的或者提到过的bbc，平时认真练习了期末不会差
47198,1707,姜剑,2017-01-24 12:01:52,8,10,2,期末绩点挺好看的，是不能水的课，一份付出一份回报。听力本来就要靠日常积累
47214,1707,姜剑,2017-01-24 14:19:42,6,8,2,最后虽然没有得到很高很高的成绩，也算是满意了，（老师人真的很好啊成绩出乎意料的高）我觉得最重要的一点是，老师的高要求促使我不懈努力，现在自己都可以感受到自己的进步。
47284,1707,姜剑,2017-01-25 05:11:52,0,2,2,给分真的低 拉低了我的绩点 但上课教学明明都很负责 怪自己吧
47319,1707,姜剑,2017-01-25 08:33:54,0,0,0,挺负责，给分标准极细
48093,1707,姜剑,2017-02-28 12:10:44,4,7,3,老师负责，随和，认真学后大有收获。很棒的老师。
48100,1707,姜剑,2017-02-28 12:31:58,12,15,3,事情多是真的，要看bbc news，听bbc6min，每周有作业，还要准备quiz和期中演讲。但是，也是这些强制性的作业才让我这个英专生课余时间会看看英语，我觉得真的挺好的。老师上课是有点不苟言笑，不过也不凶啦…哦，我觉得真的没必要听教材，多听听其他材料很好…
48953,1707,姜剑,2017-03-19 01:44:28,4,6,2,老师人超级棒的，听力本身就有难度，平时努力了收获很大！不要把问题都怪到老师头上，自己找找原因咯
52464,1707,姜剑,2017-06-20 08:34:38,20,30,10,姜老师我给9分，1分怕骄傲，听力本来就是技术活，虽然还没考试，我平时分也不是很高，但是老师绝对不是所谓急刹，他一直努力改革自己的教学，尽可能的多给我们分数，改卷也很公正。说老师不好的同学应当反思一下究竟在听力上花了多少功夫。
52782,1707,姜剑,2018-06-14 09:24:16,2,4,2,考完试追加评论(*¯︶¯*)我收回之前说考试很难的评价！期末考试百分之七十是可以提前准备的内容，下了功夫复习的应该不会差的！老师还是很暖的～
54896,1707,姜剑,2017-06-30 12:01:05,4,4,0,上课有干货，每周有作业，老师要求高但是真的能学到东西，一个学期下来觉得自己能力有提高，最后的给分也很好。
55012,1707,姜剑,2017-06-30 16:43:05,5,7,2,老师不错但是绩点真的吓到我了
55127,1707,姜剑,2017-07-01 01:11:20,4,5,1,很认真负责的老师。跟着她学了一个学年，虽然因为本身基础不太好，一直学得有些痛苦，但是听力真的提高很多！只能说这门课相对外教教的不太水吧，每个老师有自己的授课风格，没什么好不满抱怨的。能力和技巧什么的还是主要靠自己的努力和悟性了！
55227,1707,姜剑,2017-07-01 04:37:30,0,0,0,很认真负责的老师，不过考试的确有点难，需要认真对待！
55273,1707,姜剑,2017-07-01 07:25:28,4,4,0,老师挺好的，只是给分的观念和我们可能不太一样，在国外80以上就是很好了，90是给极优的同学，听力确实还是需要自己练习的。我觉得上下来一年还是有收获的。
56984,1707,姜剑,2017-07-05 05:41:32,1,2,1,老师比较内向安静，显得有点严肃，但其实人很好。英语视听平心而论有点无聊，不过老师还是很用心地设计挑选的。给分非常客观，严格按照作业和考试的成绩，没有特别慷慨但也不会没有依据。
71358,1707,姜剑,2018-01-28 10:49:51,7,8,1,老师很严格，同学很强大，给分合理。老师人很好，很喜欢她。就是我英语基础一般，上课的时候每周都觉得有点累
72613,1707,姜剑,2018-01-30 13:35:50,3,3,0,老师很可爱的，挺负责任的，视听主要还是靠自己吧
74669,1707,姜剑,2018-03-05 05:04:41,4,4,0,上课的确无聊，但是给分公正，基本上课上的材料听起来比较轻松的话得分不会低的。
79452,1707,姜剑,2018-06-06 00:06:03,2,2,0,老师人挺好的 但是事真的多 一个学期要准备特别多展示
79598,1707,姜剑,2018-06-11 05:54:56,0,1,1,老师超级好，很有气质，口语也很棒。上课很用心，认真上了给分也很nice，不能理解为什么评分不高o(︶︿︶)o
80682,1707,姜剑,2018-06-29 05:37:53,7,9,2,是真的非常喜欢的老师 评分很细 每节课的作业也都只是巩固课上的材料 只要认真学是肯定会有提升的 而且老师其实一点都不凶 课后交流的时候会很亲切地给出很多建议 最后一节课还询问了我们很多关于课堂教学的建议 每次上课都觉得很享受～
81679,1707,姜剑,2018-07-06 01:16:45,3,3,0,老师真的很认真负责，但自己基础比较差，又不努力。。所以上课还是有一点痛苦的。。。不过认真做作业，完成要求真的能提高！
82433,1707,姜剑,2018-07-08 07:30:21,7,10,3,老师人美心辣 期末考题听的耳朵掉下来
83685,1707,姜剑,2018-07-11 03:54:16,2,2,0,老师很温柔很温柔！高级英语视听挺有挑战性的，但是认真学下来听力确实提高不少！！
83703,1707,姜剑,2018-07-11 04:46:49,7,9,2,老师水平也就这样。上课放点听力材料，然后对对答案，也没教什么方法技巧。授人以鱼不如授人以渔，可可英语找点资料照本宣读，工作也是挺容易的。
83746,1707,姜剑,2018-07-11 06:52:08,0,2,2,老师是仙女吧。\n\n怎么说。听力还是需要自己课后长期的练习，仅仅听课是不够的
83820,1707,姜剑,2018-07-11 09:02:05,0,0,0,我爱老师 但是那个说期末考试70%可以准备的同学你是基础英语视听吗 基础英语视听不可以喔
83983,1707,姜剑,2018-07-11 16:01:24,0,1,1,可水，好好考试，老师人很nice，给分公正。
84008,1707,姜剑,2018-07-11 17:28:33,0,1,1,真滴温柔！
87355,1707,姜剑,2018-09-27 10:33:02,0,0,0,啦啦啦啦
92659,1707,姜剑,2019-01-03 11:22:12,0,1,1,我爱老师！！！！！！！！期末考前表白！
93785,1707,姜剑,2019-01-13 17:00:42,7,9,2,大咖好，我系酱煎。贪玩尊理，介系里没有上过的船新版本，几需体验三番种，理就会像别人一样，爆掉介门课勤。来，拉里进群，是战友，今晚就来砍我！
101144,1707,姜剑,2019-01-27 16:35:28,0,1,1,其实觉得老师平常放的材料还比较多元化各个方面都有还挺好的，会先给出关键词，然后再听出细节，陪大家一起精听啥的感觉听力进步不少，就是平时作业可能有些多，不过都是课上的材料，上课认真听做笔记就不是很难，期末考试的话难度还行，本来以为平时不怎么发言分会很低来着结果还不错
101200,1707,姜剑,2019-01-28 01:56:47,3,3,0,听老师的课收获很大，老师真的是很用心的在讲课啊！
101243,1707,姜剑,2019-01-28 02:38:46,-1,3,4,我上的基础英语视听 每节课真是干货满满 而且课下也有作业 认真学感觉听力上了个档次！大英满绩视听4.5 开心！谢谢老师啦 本来看到期中考试17/30会很差 期末认认真真复习能有4.5真的感动！！用心去学不会亏的！！
102145,1707,姜剑,2019-01-30 16:24:45,0,1,1,(基础视听)老师上课超棒气质很好对教学超级认真负责 但给分好迷啊
102176,1707,姜剑,2019-01-31 05:12:06,0,2,2,很扎实地在练听力，给分正常
103297,1707,姜剑,2019-02-27 07:22:43,2,5,3,老师超级棒！！！非常可爱！！！
103298,1707,姜剑,2019-02-27 07:24:27,4,6,2,突然话多的可爱死了！！！喜欢\n\n
103299,1707,姜剑,2019-02-27 07:24:31,2,4,2,老师今天超级可爱哟\n\n而且听力材料也很新啊，赞！！！
103301,1707,姜剑,2019-02-27 07:26:28,3,8,5,老师人超好的！！！一点也不凶！！！真的超级可爱 给分也很好！！！上学期有点水但是期末还是有4.5！大家不想做pre就不让我们做了hhhh作业也不多 认真上课认真写作业的话能学到很多东西，强烈推荐！
103304,1707,姜剑,2019-02-27 07:42:15,0,3,3,老师超漂亮！！而且老师上课很开心 我上完课也好开心！关于课程调节都会问同学们的意见 姜剑老师我爱你～～超级可爱！
103378,1707,姜剑,2019-02-27 15:52:47,0,2,2,老师今天很可爱
104191,1707,姜剑,2019-03-13 15:10:25,-4,2,6,老师忽然超级可爱！不怕发言了!
132393,1707,姜剑,2021-02-01 09:12:08,0,6,6,英语pronounce得不准，很多字读错，有点辣耳朵。
132666,1707,姜剑,2021-02-03 08:08:01,0,7,7,英语读不标准，很多字读错
133081,1707,姜剑,2021-02-07 14:23:42,2,5,3,老师平常不苟言笑看起来很严肃，但其实人很好呀！平时分只要回答三次问题就能拉满，备课也非常认真！听力这种东西真的是要多练！
133087,1707,姜剑,2021-02-08 01:18:03,3,4,1,这次成绩不好，，，好伤心/:break 但这个学期学了很多，跟着老师练了很多，谢谢老师了
133096,1707,姜剑,2021-02-08 04:56:18,-6,3,9,老师上课超认真呀！把材料吃透可以学到很多！人也超级温柔，会引导学生发言～小测验和期末考试的难度还算友好，感谢姜老师！！
134741,1707,姜剑,2021-04-13 06:06:34,-1,7,8,上课内容尽在可可英语，期中考试随意更改考试内容，明明平时练听力最后却要考听写，请问这是综合英语还是大学英语该考的内容？
144875,1707,姜剑,2021-12-25 11:02:47,7,15,8,热评没说到点子上。。姜老师水平太差了，感觉就算是三流高中英语老师，拿了材料也能跟她上的一样，视听课毛都学不到。有大家都听不清的地方反复听，以为是要讲连读的知识点，结果所有人难产5分钟，老师说哦这里就是blabla，结束了。。。老师人还是挺好的。
150455,1707,姜剑,2022-01-25 14:56:51,20,23,3,给分很绩杀，不建议选
150459,1707,姜剑,2022-01-25 15:32:16,0,2,2,老师其实还是很温柔的，出分慢但感觉被捞了一把
150503,1707,姜剑,2022-01-27 15:43:08,-38,1,39,老师真的很好，我听力很差也被捞到了4.8
150952,1707,姜剑,2022-02-21 10:27:22,0,2,2,给分不算好，但是也还可以接受，上课真的好好听就能学到东西，喜欢
155591,1707,姜剑,2022-06-14 13:57:14,0,3,3,老师人是挺好的，钉钉也通常都会回，但我发现老师的重点和我们的重点好像不太一致，重点题的时候老师说这个是重点那个不是的时候懵了一下，给分一般吧。
157765,1707,姜剑,2022-06-24 17:42:56,3,4,1,喜提最低绩点....我真的会破防....一学期上下来感觉没学到什么技巧，主要还是靠自己吧，哎。
158585,1707,姜剑,2022-06-30 10:56:06,4,5,1,一门课绝大部分学生学不到东西真的是学生的问题吗？老师做到分内的事，最后没出任何效果，难道老师可以因为“尽责”就不反思？给分差就算了，我拿不到高分有人拿得到。不想怪老师，姜老师应该不是故意绩杀，单纯是要求严格，给分低。只是说课程设计确实有不合理的地方。
158814,1707,姜剑,2022-07-02 11:53:26,3,3,0,课堂中规中矩，有点无聊，一直在吃老本，感觉实际没有太大提升。但是老师真的对待课堂很认真，很严谨
164209,1707,姜剑,2022-12-19 08:07:51,5,6,1,作业太多了真的很无语…材料都是两三年前的很难相信有认真备课…2022年末还在听2020年的covid19😅
164512,1707,姜剑,2022-12-21 11:17:22,4,4,0,事多，从来不讲作业，基础不好的同学自求多福吧
168272,1707,姜剑,2023-02-15 07:31:17,0,2,2,稍微有点严肃，上课要做的事也不少，不过整体来说还可以。，虽然听力好像都会拉低均绩，不过出成绩后视听4+的绩点还是会有，认真上课认真做事还是会拿到一个公正的分数的
173284,1707,姜剑,2023-05-17 15:07:34,8,8,0,期中考试设置极不合理，不同班之间题目难度都不一样。两个班语篇相同，难度高均分低；另一个班语篇不同，难度低均分高。分到难的语篇就自认倒霉吧。基本的公平都做不到，不会设计考试可以不设计😅
174724,1707,姜剑,2023-06-16 08:09:08,15,15,0,玩不公平那套是吧😅
178480,1707,姜剑,2023-07-12 07:56:29,-17,0,17,好老师！！！！！！
181723,1707,姜剑,2023-10-30 01:43:27,8,9,1,拖课骂人，上课不讲方法，就一遍一遍放听力，全是生词难词，真有你的
182669,1707,姜剑,2023-11-19 08:51:16,1,1,0,老师给分很低。。而且会点名呃
184827,1707,姜剑,2023-12-24 02:33:29,11,11,0,上课不讲方法，就一遍一遍放听力，作业多得要死，真有你的。期末作业多得要死，而且一点意义没有。视听期末考试考试还要回顾这学期听过的内容并且随机提问？我真服气了，有P用！
184876,1707,姜剑,2023-12-24 05:19:37,8,8,0,事情是真的多，给的分数分数倒是全专业数一数二的低
184878,1707,姜剑,2023-12-24 02:32:36,7,7,0,分少事多，不建议选
185521,1707,姜剑,2024-01-01 14:28:31,4,4,0,平时作业和期末事情太多，平时上课就只是放材料，提升听力更多还需要自己自学
187317,1707,姜剑,2024-01-15 12:53:58,-15,0,15,评分最客观的一个老师了！！！非常开心收获不错的成绩，谢谢老师！\n\n完全就是按照水平给分的，公正合理，笔试面试相结合的考核方式也很公平
188347,1707,姜剑,2024-01-18 17:26:17,4,4,0,呵呵，我不是外国语学院的学生，想练练听力，每次都认真练习，最后2.1收场，给自己的均绩留下绚烂一笔，谢谢老师
192954,1707,姜剑,2024-06-01 06:44:57,1,1,0,真的事情特别多，做了一个展示还不够，还要加一个期末展示，每节课都要点名，真的好恶心
192990,1707,姜剑,2024-06-02 04:09:03,6,7,1,视听1、2听力课都要考口试，好好放你的音频、考你的听力不好吗？口试全是背诵的东西，奥斯卡、好莱坞记下来有什么用？能提升听力吗？口口声声说不考背诵的东西，口试考的哪个不用？文章里那么多时间点，您能背一个给我们听听吗，哦忘了，上课是念答案的，音频放几遍让我们group discussion的，这种听力课我也能教呢
193221,1707,姜剑,2024-06-04 14:44:52,9,10,1,恨死你了剑人\n\n她的魅力不在于她的存在 而在于她杵在必修的路上
193238,1707,姜剑,2024-06-05 03:55:52,4,5,1,歧视女生是吧，考试问男生就是俄乌冲突，气候变化，问女生就是生育和婚姻，男生要补充俄乌冲突她就同意，要补充婚姻问题就不允许“这是她的问题”。讨论到科技问题就只提问男生，你歧视也别表现的这么明显啊，有损声誉呢呵呵
199055,1707,姜剑,2024-09-14 11:58:19,-1,1,2,可能是我的听力水平还是有点低。。。有点跟不上节奏，但是会努力哒！
201616,1707,姜剑,2024-11-05 02:50:13,12,13,1,能不能基础好的一个班不好的一个班，一点也没有上课体验，纯纯坐牢
207478,1707,姜剑,2024-12-22 08:36:09,5,6,1,老师我要求不多只求你最后能捞我到60别让我挂科就好了
207508,1707,姜剑,2024-12-22 12:38:39,6,8,2,去死吧2.7分根本保不了研
207616,1707,姜剑,2024-12-23 09:04:05,7,8,1,姐别惦记你的口试了好吗
209308,1707,姜剑,2025-01-05 11:30:29,1,2,1,hhh
213048,1707,姜剑,2025-01-16 01:25:20,7,9,2,我恨你
213070,1707,姜剑,2025-01-16 02:19:59,6,8,2,一整个学期认真上课。认真完成你的作业。认真准备期末考试。结果给我挂科了。我能说什么呢？花了最多的时间挨最毒的打。
213093,1707,姜剑,2025-01-16 03:45:49,3,4,1,呵呵呵呵呵呵 没挂就行 但是我恨你
217583,1707,姜剑,2025-04-14 01:40:43,-2,1,3,老师人真挺好的，备课也很认真，如果基础好跟着老师练会有很大进步的。但是我英语底子不好呜呜呜，每次上课都很煎熬，听不懂呜呜，只能自己记记单词啥的，然后课下找别的材料练习，求能不能以后分个A B班啥的，孩纸从小到大除了中高考那几道简单的听力题都没好好练过听力，期末考拼尽全力无法战胜。虽然但是，没有必要骂老师，老师真的很好，多从自己身上找问题吧。（但还是求求别挂我）
217590,1707,姜剑,2025-04-14 02:39:59,0,1,1,。。。
219005,1707,姜剑,2025-05-18 03:28:53,0,1,1,我真的服了这个老师，研究生英语课P事真TM多，早八要点名（迟到、早退全纪录），要求课堂发言必须达到次数以上，小组作业也是多的一P，既要小组汇报展示（脱稿、眼神互动、每个人都要上），还要搞小视频（小组录视频上传，找动画+配音麻烦的一P），最后期末还要进行论文写作。如果不嫌事多，可以大胆尝试下这门课，学了这门课像是德智体美劳全面发展了，避雷避雷！！！！
219346,1707,姜剑,2025-05-25 13:52:51,1,2,1,烂烂烂烂烂烂透了
221426,1707,姜剑,2025-06-23 10:41:48,0,1,1,给分比较客观
221597,1707,姜剑,2025-06-25 00:51:22,1,1,0,装货。
5339,1709,梁斌,2015-07-07 00:42:24,5,11,6,口语好差，讲的还好
7025,1709,梁斌,2015-08-30 07:56:10,6,9,3,非常好，讲的很有趣
16242,1709,梁斌,2016-01-17 14:31:40,5,6,1,老师特别好，而且也挺负责任的一位老师。
22525,1709,梁斌,2016-03-07 11:25:07,3,4,1,讲课很有趣
22807,1709,梁斌,2016-03-12 06:43:45,-4,1,5,。。。
22810,1709,梁斌,2016-03-12 07:07:32,2,4,2,很棒!
27512,1709,梁斌,2016-06-26 15:57:59,3,4,1,超负责 超喜欢！
33417,1709,梁斌,2016-09-19 07:34:33,2,2,0,很喜欢
40268,1709,梁斌,2017-01-15 16:36:05,3,3,0,轻松愉快，很有趣。\n\n
56892,1709,梁斌,2017-07-05 02:40:34,1,2,1,非常好
59585,1709,梁斌,2017-09-24 07:03:26,3,3,0,老师很有责任心 很负责 不过就是上课问的问题比较多
81488,1709,梁斌,2018-07-05 07:59:44,3,4,1,老师人超棒！！哈哈哈哈虽然哦一节课能被叫到十几二十次～
144531,1709,梁斌,2021-12-22 06:02:48,1,1,0,老师超级好
156790,1709,梁斌,2022-06-21 03:22:07,0,0,0,基本每次课签到，老师认真负责。因为英语差会不好意思讲，但老师每次都很耐心的问...总之就是谢谢老师！
165447,1709,梁斌,2023-01-05 16:43:02,0,0,0,老师人很好 上课抽人回答问题
165836,1709,梁斌,2023-01-10 04:54:24,-1,0,1,很负责任的一个老师，棒的
166989,1709,梁斌,2023-01-14 13:28:35,0,0,0,老师喜欢抽人回答问题，给分很好！！！
172832,1709,梁斌,2023-05-08 05:42:36,0,0,0,还可以吧，上课不辛苦
188204,1709,梁斌,2024-01-18 11:41:23,3,3,0,小小的也很可爱捏\n\n给分好，事少，很可爱\n\n唯一的缺点是发音可能不是特别好，仅此而已~
188437,1709,梁斌,2024-01-19 04:12:45,1,1,0,虽然好像被卡绩了，但是老师超可爱，人好事少，上课认真，作业简单，考试简单，非常好学
212586,1709,梁斌,2025-01-14 08:46:17,1,1,0,老师会给每个人发言的机会哈哈哈哈哈，但是不会强制，只是鼓励，很喜欢老师的教学风格
212760,1709,梁斌,2025-01-15 00:59:03,-1,0,1,不评价
927,1742,周颂波,2015-03-19 05:07:37,51,58,7,老师对人超级好。很细心
943,1742,周颂波,2015-03-19 10:50:38,42,46,4,人好，很细心
1016,1742,周颂波,2015-03-21 10:18:16,108,121,13,很有才的，上课有趣，充实，能学到东西。会组织英语演讲或者小游戏。
1193,1742,周颂波,2015-03-21 16:29:14,21,22,1,很轻松愉快，展示活动很有趣，不会是干巴巴的演讲
1268,1742,周颂波,2015-03-21 17:12:20,22,24,2,很好的老师
1323,1742,周颂波,2015-03-21 23:56:38,187,205,18,因为她上课非常细致认真，所以就展现出一种职业感。能看出她对英语教学和翻译工作的喜爱！
1564,1742,周颂波,2015-03-22 14:39:43,13,16,3,很好的老师，在她的课上可以学到很多。\n\n
1660,1742,周颂波,2015-03-23 06:57:27,13,15,2,好老师
1696,1742,周颂波,2015-03-23 09:50:58,38,40,2,太棒了！最爱的老师没有之一\n\n
1841,1742,周颂波,2015-03-26 01:44:47,54,60,6,口语超好听着舒服
2002,1742,周颂波,2015-03-28 11:02:45,12,15,3,真的是很好的老师啊…必须向大家安利
2016,1742,周颂波,2015-03-28 16:44:19,26,31,5,一定点个赞，暖心的细节很多
2113,1742,周颂波,2015-04-01 12:57:41,55,60,5,作业量适中，性格很好，特别温柔。课堂上有各种各样有意思的活动，而且专业知识也绝对没的说，毕竟教材编者。能选上她的课真的是很幸运！
2124,1742,周颂波,2015-04-01 15:59:23,11,14,3,老师很温柔，很细心，她会关心每个学生，和她交谈感觉更像是朋友而不是师生
2240,1742,周颂波,2015-04-13 15:48:41,14,17,3,上课有趣 为人亲切
2468,1742,周颂波,2015-05-04 07:07:29,92,96,4,老师超级好啊，上过她的课觉得其他英语老师都是将就…
2538,1742,周颂波,2015-05-04 13:42:25,42,48,6,老师人真的很nice，给我们发过很多干货包括她自己写的学习建议心得(目测过了5000字...)
2551,1742,周颂波,2017-12-22 01:27:45,101,111,10,很负责的女老师，能选上她的课很幸运。不拘泥课本，有很多课堂活动，她会找有趣的视频。老师口语很赞！作业很少，但学到东西很多。这样的课堂才是我心目中的大学课堂！
2794,1742,周颂波,2015-05-07 11:15:46,4,8,4,老师人真的很好，成绩的话大英主要还是看考试的啦
3129,1742,周颂波,2015-05-15 16:44:46,5,9,4,非常好！对比其他老师上过绝对不会后悔
3231,1742,周颂波,2015-05-22 01:14:40,37,39,2,超级棒的老师！相比之下换了个老师后我都没什么兴趣上大英了！好想再修一次她的课啊！
3997,1742,周颂波,2015-06-17 12:46:22,6,9,3,超级赞\n\n
4024,1742,周颂波,2015-06-17 14:09:37,10,11,1,很开心 会好好听 老师人超级好 讲话轻声细语的
4557,1742,周颂波,2015-06-24 11:14:10,3,6,3,真正好老师，要说的楼上都说到了。就一个字，好！
4655,1742,周颂波,2015-06-25 16:07:16,7,11,4,超级好
4683,1742,周颂波,2015-06-26 04:57:56,8,11,3,超级喜欢她！！！！
5006,1742,周颂波,2015-07-02 03:10:56,11,15,4,老师口语不错。
5189,1742,周颂波,2015-07-05 16:00:59,15,17,2,非常关注每个同学的学习状态\n\n
5452,1742,周颂波,2015-07-07 15:35:07,8,11,3,超级好
5571,1742,周颂波,2015-07-08 10:08:24,6,7,1,真的很nice.上完她的大英三因为大英四没有选上她的果断免听了，真的不愿将就
6068,1742,周颂波,2015-07-10 14:59:56,-2,7,9,不错，任务有点多
8751,1742,周颂波,2015-09-25 09:32:49,4,6,2,很棒的老师！\n\n
8946,1742,周颂波,2015-10-04 00:42:33,6,9,3,和其它老师一对比才发现什么叫好的大学英语课堂。
9664,1742,周颂波,2017-12-22 01:25:23,2,6,4,反正上着就是舒服
10086,1742,周颂波,2015-11-15 14:32:02,4,9,5,最理想的大学教师
10173,1742,周颂波,2015-11-17 06:08:04,3,4,1,和蔼可亲
10683,1742,周颂波,2015-11-22 10:44:18,6,8,2,挺不错 很有耐心 讲课也好
10726,1742,周颂波,2015-11-23 03:29:11,8,10,2,能上周老师的课真是太幸运了\n\n
11486,1742,周颂波,2015-12-02 11:37:13,0,2,2,很不错
11556,1742,周颂波,2015-12-05 03:31:26,0,3,3,真的很好
11900,1742,周颂波,2015-12-21 03:19:45,4,5,1,真希望能再上几节她的大英课，真的是很有才华。
11971,1742,周颂波,2015-12-21 12:05:05,3,5,2,很喜欢她
12066,1742,周颂波,2015-12-21 15:33:35,2,5,3,很温和但却非常感人
12068,1742,周颂波,2015-12-21 15:36:43,3,5,2,最爱的老师！没有之一！
12140,1742,周颂波,2015-12-22 03:50:08,4,6,2,很温柔很细心的老师，会不时鼓励我们，很喜欢她
12218,1742,周颂波,2015-12-22 11:27:53,4,6,2,很好好好好！
12417,1742,周颂波,2015-12-23 08:34:24,3,7,4,大一下要换老师了，强烈希望还能选上老师的课，简直不能再好！
12575,1742,周颂波,2015-12-23 13:54:10,7,8,1,超级负责 有耐心 认真仔细
12790,1742,周颂波,2015-12-26 07:47:13,2,4,2,温柔可爱
12963,1742,周颂波,2015-12-24 11:51:19,5,7,2,真的很好啊…可惜下学期不是她的课了…选的到同学太幸运了
13547,1742,周颂波,2015-12-29 06:59:43,5,7,2,好好珍惜老师的课，很棒
13876,1742,周颂波,2016-01-01 12:16:52,2,4,2,棒棒哒
14445,1742,周颂波,2016-01-07 06:39:48,3,4,1,超级善良的老师，发音也很棒。特别负责任，认真解答问题，很感动，好想再上老师的课……
14821,1742,周颂波,2016-01-09 14:04:47,1,3,2,关心学生，好老师，发音很标准
14855,1742,周颂波,2016-01-10 07:51:15,5,7,2,英语渣感觉很暖心
15558,1742,周颂波,2016-01-15 10:29:03,6,8,2,英语渣感觉很暖心
15866,1742,周颂波,2016-01-16 12:49:39,2,5,3,简直太棒  大爱\n\n
15901,1742,周颂波,2016-01-16 14:18:25,5,5,0,周老师太棒了！！！！！
15908,1742,周颂波,2016-01-16 14:43:57,0,3,3,很耐心 很好的老师
15979,1742,周颂波,2016-01-17 01:24:33,1,2,1,很好的老师！
16178,1742,周颂波,2016-01-17 11:53:41,1,2,1,超级好啊没话说 口语很好很舒服
16191,1742,周颂波,2016-01-17 12:52:28,3,4,1,讲话很温柔，很有耐心，英语发音清晰标准，上课有小互动或者小游戏，超赞的老师！！就算不喜欢英语，听课也不觉得无聊。
16237,1742,周颂波,2016-01-17 14:19:22,0,5,5,上课还好，给分不好
16775,1742,周颂波,2016-01-19 02:53:29,1,3,2,老师很好啊，很认真，最后给分还可以了
17179,1742,周颂波,2016-01-20 00:05:16,4,4,0,好喜欢周老师，很会为学生着想，上课也棒。
17617,1742,周颂波,2016-01-20 13:37:10,7,10,3,周老师真的超级好，是我最最喜欢的老师，课堂活动多，形式多，老师还给我们写了满满两张A4纸的英语指导，口语超级舒服，满满都是爱，一定要配合老师的活动，特别开心
17894,1742,周颂波,2016-01-21 03:29:59,0,1,1,认真负责
18610,1742,周颂波,2016-01-22 06:18:24,3,4,1,老师是真好，然而助教呵呵了。
18886,1742,周颂波,2016-01-22 16:37:35,-2,2,4,老师人很好，很感性，上课活动也很丰富，跟学生玩的很好
19346,1742,周颂波,2016-01-24 02:36:54,5,8,3,周老师的平时成绩有一个很公平的标准，每项多少分都是记录在表格里的，期末还会给我们展示。而且均绩3.4左右在大英里算不错了，自己不努力不要怪老师。
20903,1742,周颂波,2016-02-03 10:19:18,14,14,0,超级喜欢老师 有种女神的气质 看得出来是有人文关怀的老师 棒！
21851,1742,周颂波,2016-03-01 09:26:40,2,3,1,很好的老师
22335,1742,周颂波,2016-03-04 00:26:34,1,2,1,大英4没选到他的课好伤心
22793,1742,周颂波,2016-07-06 15:25:02,1,2,1,不错哦
23190,1742,周颂波,2016-03-21 08:43:33,0,2,2,强推，这老师太好了
23645,1742,周颂波,2016-04-11 12:41:57,7,8,1,极好的老师，很负责任，注重发音。我关键十分喜欢她的性格及风格，温柔中带有一丝的严格。大英四没选上她的课，很悲伤。
26542,1742,周颂波,2016-06-20 04:47:04,15,17,2,好老师不解释\n\n能把大英上成这样我真的佩服，虽然我大英成绩并不高\n\n
26557,1742,周颂波,2016-06-20 05:53:40,0,2,2,上了大英四才知道这个老师真心好！后悔大英三没珍惜
26663,1742,周颂波,2016-06-21 00:00:51,1,1,0,很不错的，虽然事情比较多，但是大英课貌似事都会很多
26756,1742,周颂波,2016-06-21 05:06:29,5,5,0,全浙大最爱的老师没有之一
27714,1742,周颂波,2016-06-27 09:05:57,9,10,1,完美！教的好性格也超好！
28178,1742,周颂波,2016-06-28 08:12:57,50,51,1,周老师的大英课真的很棒，备课很认真，很有内容，能学到很多，而且课上也很有趣。此外个人特别喜欢老师为人的态度，就像前边有同学说到的，她也是我心目中大学老师的样子，热爱自己的专业，关心关注所有的同学，谈吐之间透着一股知性。老师的平时成绩登记得很清楚，最后也会给大家确认一下，最后给分也不算低。只能说，在浙大不要错过她的大英课！
28918,1742,周颂波,2016-06-29 03:27:44,-8,3,11,很认真，但是比较专注于课本吧，可以学到很多基础知识但并不是很有趣
30024,1742,周颂波,2016-06-30 23:28:18,2,3,1,好老师，很细心
32490,1742,周颂波,2016-07-07 05:35:23,0,1,1,大英一定要选周老师！
33518,1742,周颂波,2016-09-20 02:09:11,6,8,2,老师很友好，口语相当棒，课堂与学生交多，是不可多得的好老师
33759,1742,周颂波,2016-09-21 11:22:39,0,2,2,很优秀的老师
36244,1742,周颂波,2016-11-11 08:06:48,12,15,3,哎呀老师的课真的超级棒超级好！老师有原则人很细心也非常的好！虽然自己英语很渣被莫名其妙预置了大英4，有时候连同学说的也听不懂，但是还是很喜欢上老师的课！很有趣也很能得到提高！10分
39051,1742,周颂波,2016-12-21 01:31:04,2,3,1,老师人很好的，助教也很温柔。老师上课很认真，会组织很多小活动，作业量很少。尊重每一个学生，你不愿意做的事她不会强迫你的～
39135,1742,周颂波,2016-12-21 09:50:09,3,5,2,和蔼可亲，富有耐心，课堂气氛很活泼
39716,1742,周颂波,2016-12-27 06:33:01,4,5,1,大一学的最认真的课，没有之一。\n\n感觉老师英语专业功底没得说，太棒！～
39860,1742,周颂波,2016-12-28 04:46:52,3,3,0,温柔细心的好老师~
40107,1742,周颂波,2016-12-29 07:42:42,8,9,1,老师上课的内容都很有趣，组织很多活动，真的很好的锻炼了我们的英语能力，也让我交到很多朋友，上老师额课有种脱离分数束缚的感觉，会让人真心喜欢上英语！总之浙大最爱老师！❤
40622,1742,周颂波,2017-01-04 10:28:16,-2,1,3,这个老师真心好
40649,1742,周颂波,2017-01-04 14:10:38,1,3,2,可惜不上大英5，真想一直上她的课
41189,1742,周颂波,2017-01-10 02:44:34,0,2,2,超级棒
42013,1742,周颂波,2017-01-13 12:09:24,2,3,1,超级好的老师，很会引导学生、激励学生
42014,1742,周颂波,2017-01-13 12:15:40,4,5,1,炒鸡关心学生(๑>؂<๑）\n\n
42018,1742,周颂波,2017-01-13 12:19:11,3,3,0,老师超级好，人超棒，爱她爱她，英语课很有趣，会教很多很实用的东西。
42026,1742,周颂波,2017-01-13 12:34:37,4,4,0,特别和蔼的老师٩(๑´3｀๑)۶上课除了课本会有很多其他的内容，很有意思。不会留很多让你感觉没用的任务，留了就肯定要做好。很喜欢周老师。
42034,1742,周颂波,2017-01-13 12:45:52,1,3,2,完美的老师
42063,1742,周颂波,2017-01-13 14:27:59,6,6,0,没说的，真的棒。
42066,1742,周颂波,2017-01-13 13:31:22,3,4,1,好老师，教你的不仅是课本知识，还有很多真正和英语学习有关的技巧，最后给分也很好，10分！！
42142,1742,周颂波,2017-01-13 15:57:48,2,3,1,老师不错
42367,1742,周颂波,2017-01-14 05:30:46,0,2,2,人挺好的老师
42391,1742,周颂波,2017-01-14 06:13:07,0,1,1,很负责 很暖 真的可以学到东西 强推！
42392,1742,周颂波,2017-01-14 06:19:25,2,4,2,老师很温柔~口语也很好，还给我们写过一篇超级长的信。周老师的课学了都说好，学了还想学。刚出成绩我就来评分了 ……
42423,1742,周颂波,2017-01-14 07:46:30,0,3,3,事少口语好给分棒
42680,1742,周颂波,2017-01-15 02:23:51,1,2,1,具体优点参考其他评论\n\n她真的超级棒！比其他课的老师更注重班级，很温暖，很有归属感
42721,1742,周颂波,2017-01-15 03:39:24,2,2,0,语音听了超级舒服的
42774,1742,周颂波,2017-01-15 05:11:38,-2,1,3,完美 超级喜欢老师的英语课 听写录音会有一点麻烦 但是对听力提升很有用 超级喜欢的好老师～
46508,1742,周颂波,2017-01-22 01:31:25,2,2,0,老师的口语很纯正！上课很认真！作业少！给分好！我爱死她了！
48736,1742,周颂波,2017-03-10 13:00:49,1,3,2,第一个我打的满分老师，谁选谁知道，无须多言
52854,1742,周颂波,2017-06-23 07:56:50,0,2,2,最好的老师之一
53393,1742,周颂波,2017-06-26 13:29:26,5,6,1,老师真的很负责，会禁止你上课玩手机，幸亏有这样的老师才认认真真听了一学期大英，最后绩点很满意
53448,1742,周颂波,2017-06-26 15:30:00,0,2,2,老师真的棒
53943,1742,周颂波,2017-06-28 05:59:56,-3,0,3,周老师就不用多说啦
54349,1742,周颂波,2017-06-29 06:44:01,4,7,3,一口流利标准的British English，人也非常nice，虽然有点小严厉
58904,1742,周颂波,2017-09-18 10:53:07,1,2,1,老师非常认真负责，完全可以十分。对学生关爱，有自己的人格魅力
59971,1742,周颂波,2017-09-29 08:17:46,0,4,4,发音很清楚，事情比较少，绝对很好的老师！
61168,1742,周颂波,2017-11-09 23:03:28,3,5,2,她自身英语水平超高，为人负责，人也很好。一位优秀的老师。\n\n
62536,1742,周颂波,2017-11-26 01:23:42,3,3,0,为周老师打call，为周老师爆灯!!
64062,1742,周颂波,2017-12-21 00:11:05,28,29,1,老师上课是不许玩手机的，作业也许有点多，但很多作业对英语水平提高真的很有用，老师上课也很好，认真听课真的能学到不少知识，此外老师有时会分享很多故事(比如有一次讲到她在美国的同性恋朋友，很严肃认真地在讲，可以让你真的意识到同性恋人群绝不是一个可以嘲笑的人群)周老师应该是我上浙大以来碰到最好的老师了，打9分都是拉低均分。
64382,1742,周颂波,2017-12-23 05:40:54,5,7,2,超级棒！！老师超级温柔！上课会看看视频吧总之超级有趣！很尊重同学们 超级能理解人quqq喜欢的要死 不想离开我的大英四quq老师上课干货也很多 会跟我们说很多地道的表达官方的表达。并不会催着你听写背书 但是真的超级温柔人好的爆炸！而且教书也超级好 太喜欢老师了quqq是我大学碰到的最好的一个老师quq
64934,1742,周颂波,2017-12-28 03:55:29,5,5,0,爱你嘛
65025,1742,周颂波,2017-12-28 08:47:11,6,7,1,实在好，请假直接同意不用假条。通情达理，可惜选不上她的课
65026,1742,周颂波,2017-12-28 08:48:32,4,5,1,炒鸡棒?
65081,1742,周颂波,2017-12-28 13:50:34,28,29,1,一学期下来，满满的人性关怀。新年前夕的交换贺卡是我2017及其难忘的一刻。我在大英四的课上感觉到自己被爱，被需要。谢谢周老师。
65369,1742,周颂波,2018-01-03 11:52:30,5,8,3,虽然还没期末考不知道给分怎么样\n\n但是不谈给分 老师真的超级超级好\n\n专业知识没话说\n\n性格好  作业不算多\n\n上课比较有趣 会有一些课堂活动\n\n上课讲的一些故事很有爱的\n\n关心每一个学生 并且强调nobody's invisible \n\n交换贺卡的活动超有爱\n\n来浙遇到的最喜欢的老师了\n\n10分
65579,1742,周颂波,2018-01-06 13:15:06,4,6,2,好老师！大英四的课堂安排很精彩，辩论配音歌剧异彩纷呈，实打实地练英语表达和运用能力。她本人的讲课视野广阔，表达准确流畅，穿插不少自己的阅历感悟与国外文化的浸润。提前给十分，希望最终能拿到满意的绩点！
66058,1742,周颂波,2018-01-11 08:12:01,3,4,1,老师人很温柔，口语非常棒，真的能学到非常多的东西。课堂形式很多样，有各种有趣的小活动，能上周老师的课真是非常幸运！
67202,1742,周颂波,2018-01-20 12:41:47,7,8,1,老师很温柔很耐心 每次上课都感觉老师准备很充分 大英课上学到不止英语课的知识
67285,1742,周颂波,2018-01-20 15:03:07,1,2,1,老师真的很棒！口音很好听，也很有耐心，大英课堂上的各种小活动都特别有意思，能被老师教真的太幸运了
67308,1742,周颂波,2018-01-20 16:01:15,5,7,2,超棒的老师，大一上预置了周老师的大英四，人超级温柔，上课也特别好，喜欢～
67794,1742,周颂波,2018-01-22 07:24:44,4,5,1,喜欢老师!希望还选上老师的其他语言类课程!
67810,1742,周颂波,2018-01-22 07:44:06,12,13,1,老师超级好！！是很好的一个女老师，她给人一种很亲切的感觉，上课的时候态度很认真，有时候你也能感觉到她像一个小孩子一样，会有小欣喜小感动，她很喜欢分享一些感动的事情，上课的时候她真的是希望能够给所有人带来一种温暖的感觉，她不喜欢学生上课玩手机，不过就是事情会多一点，有听抄作业，真的又难又费时间，但是很有效果，认真完成的话对英语听力很有好处。总之就是特别特别好的一个老师，给分也很好
68138,1742,周颂波,2018-01-22 15:39:42,5,7,2,口音好，赞，人也很好，给分一般般，自己不太满意，其实应该可以啦。事情略多，但超有意义。好老师，希望下学期选上托福听力。
68723,1742,周颂波,2018-01-23 16:08:04,9,11,2,癌，2.7的渣渣给老师丢脸了\n\n你要是大佬来选周老师肯定满绩，成绩严格登记，\n\n周老师人真的超好
68793,1742,周颂波,2018-01-24 02:01:36,9,11,2,她上课讲的东西，虽然是英文，但是就算用汉语讲出来，也是很深刻的。
68811,1742,周颂波,2018-01-24 02:30:12,7,8,1,不多说，认真负责，上课有东西，对同学超级友善，周老师真的是我的幸运。可惜周老师没有大英5。
69198,1742,周颂波,2018-01-24 09:58:52,6,9,3,很棒很用心的老师，作业量适中而且很有意思，班级氛围很好。虽然期末还是比不过省外/竺院的英语大佬，但大英班级是大一最舍不得分开的一个班了。PS我是预置大英三选了大英四的最后绩点4.2嘻嘻
69298,1742,周颂波,2018-01-24 12:21:52,16,17,1,老师人特别好，真幸运碰到她，希望你也这么幸运。
72281,1742,周颂波,2018-01-29 20:59:01,10,10,0,虽然我只有2.7但那是因为我渣，老师很好的
73178,1742,周颂波,2018-02-01 06:09:33,1,2,1,课堂活动很多，很有人文关怀！
75157,1742,周颂波,2018-03-07 15:00:59,30,34,4,所有老师里最喜欢的老师没有之一！作业适中，讲课生动，非常非常认真负责！但最让我喜欢的是她的性格了，温柔又强大，不卑不亢，大方又干净，emmmmm可以称得上是一种美好的人格了吧？非常感谢能在大学遇到这样的老师！
75539,1742,周颂波,2018-04-26 13:00:09,7,8,1,老师真的很温柔，真的太好了！
76535,1742,周颂波,2018-04-13 02:29:07,1,2,1,耐心用心亲和
76813,1742,周颂波,2018-04-24 03:12:13,4,6,2,非常非常好的老师！一个短学期的课也记住了每个同学的名字，作业量适中，非常关心同学们，对课程也很负责，虽然没出成绩，但是觉得上她的课收获很大！如果能选上！千万不要错过！
76822,1742,周颂波,2018-04-24 07:18:39,9,9,0,老师人美心善 作业适中有原则 给分框架清晰最后一节课还会请每个同学确认  上课内容翔实有条理 穿得还特别好看 讲话特别有逻辑 还留给我们电话说可以帮我们写英语推荐信 真的太喜欢老师了❤️❤️❤️
76948,1742,周颂波,2018-04-26 09:15:02,8,10,2,选的听力课 老师上课备课都很认真 之前第一节课上说这门课要在课后花挺多时间来着就想退课 犹豫了很久还是没退 确实能学到挺多 出分怎样也不用太在意了其实 建议平时课业压力不是特别大的同学选 老师很温柔
77004,1742,周颂波,2018-05-06 11:27:52,3,4,1,真的能学到东西的课！
77006,1742,周颂波,2018-04-28 07:07:45,11,12,1,预置了方富民老师的大英四 又选上了周颂波老师的托福听力 两位老师讲课都十分有热情有条理 对待学生也都很有耐心 上这两位老师的课真的炒鸡幸福了
77012,1742,周颂波,2018-04-28 11:03:28,6,7,1,老师人真的很好，给分的话，平时没花太多时间因为真的太忙了，第一次小测裸考崩了平时分就没了5分，期末很重要感觉是48左右的卷折合成60分，其实感觉不太合理...哎，罢了罢了，也怪自己没有花时间，感谢老师！！
77016,1742,周颂波,2018-04-28 13:05:22,2,2,0,老师很温柔，水平很高，听力真的提高很多！
77035,1742,周颂波,2018-04-29 01:22:08,-7,1,8,超好的老师，超大的收获，超高的成绩！––托福听力
77156,1742,周颂波,2018-05-03 04:49:13,0,2,2,温柔大方，给分公正
77687,1742,周颂波,2018-05-07 09:17:54,-12,6,18,上课还不错，然而绩杀QAQ
77857,1742,周颂波,2018-05-08 08:17:01,7,8,1,上过老师的大英四之后又选了她的通识课，一年过去了老师还记得我！真的太喜欢她了！老师是真心实意地热爱教学，不断做出改进希望同学们真的能在课堂有所收获，而且口音很好听，讲话也温柔。非常关心学生处处为学生考虑，很负责任，因此课堂的要求也会比较严格，但绝不是故意为难，老师真的太棒啦
79494,1742,周颂波,2018-06-28 06:50:24,-4,6,10,。。。。
79699,1742,周颂波,2018-06-21 01:41:24,13,18,5,强烈反对最新评论说比模电作业还多的那位。请问您是没有备考过托福？听力需要花多少时间没点B数？在这里抱怨作业多，没有心理准备选什么托福听力，考什么托福？为了混学分您还是退课吧。私以为听一听TPO，背背单词难道不是备考的必经途径吗？老师的认真负责同学们有目共睹，您在这里大放厥词，可笑至极！
80331,1742,周颂波,2018-06-25 07:12:39,2,3,1,上的大英四和托福听力，老师真的是好老师，讲课认真又清晰。好不容易碰到这样一枚老师，可惜自己不争气没好好学，唉:-(
80745,1742,周颂波,2018-06-30 07:52:03,3,5,2,非常负责的老师!选上了托福听力课，平时任务偏多，压力稍有点大，但收获也很多!给分也好!
80776,1742,周颂波,2018-07-01 02:06:12,0,3,3,真的是好老师哇，强推，很有人情味儿～
80777,1742,周颂波,2018-07-01 02:19:16,3,6,3,上了老师的托福听力，真的是在zju上过最好的英语课，老师的口语很棒听起来很舒服，上课认真负责不允许完手机。作业平时比较多，但上完课感觉很充实！就成绩来看，感觉本来听力水平好比较重要，平时听写折算下来占比不大（超开心），给分很满意！
81198,1742,周颂波,2018-07-04 09:07:42,23,26,3,上了老师的托福听力，是好老师，作业的确多但绝对是有用的东西，对于平时不怎么学英语又想提高英语水平的同学是一个激励自己的途径。但是！个人觉得最后考试占比过大，虽然就是需要听力水平来衡量这门课学得怎么样，但毕竟起点差异太大，平时单词听写和小测等需要花时间勤奋努力但可能不太能体现听力水平的分数占比小，就有一种努力了不会有回报的感觉。对如果像我这样听力水平极差(第一节课摸底17题对5个这种)，还是不太建议选，每天花一个多小时学这门课最多也就4.5(别喷我，每天一个小时真的很多了)
86851,1742,周颂波,2018-09-19 05:30:44,2,3,1,超级耐心负责，自身水平也很高!不过千万不要迟到……
86879,1742,周颂波,2018-09-19 06:54:20,0,2,2,人格魅力 专业水平高 女神\n\n想好好学英语又想开开心心的快来选
87513,1742,周颂波,2018-09-30 04:48:46,-1,3,4,老师特别和蔼，作业很少，口语超级赞，上课十分有趣，只有上她的英语课没有睡着过
88170,1742,周颂波,2018-10-23 09:19:09,3,4,1,老师超温柔超用心，能选上老师的课真的很幸运
89258,1742,周颂波,2018-11-17 15:04:48,5,8,3,【托福听力】出分极速。周老师不属于那种具有鲜明画风的老师，但是她的温柔、用心、踏实、不卑不亢，为学生着想，很多细微之处都很打动我。选上她的课果真是一种幸运。课程的话内容当然应考为主，难度对于没尝试过托福的同学来说有挑战，对于托福备考或者考过的同学来说应该能有优势。对于想提高英语的同学来说任务量还是有点的，不过可以强迫多听听力和背单词。对于想考托福的同学来说，课程的训练量也许还不够。平时分给的良心，课下都认真付出的话，考试也不至于很崩。复习范围有用，范围以外的文章个人认为出的是托福相对简单的篇目甚至是比tpo语速清晰度更容易上手一点点的文章。不过如果大英或四六级听力基础就薄弱的话，先把基础练起来，慎选。
89857,1742,周颂波,2018-11-21 04:52:59,0,3,3,当初选上托福课的时候老师都建议大一的学生先退了，ji点会很难看，最后挣扎了半学期也就学了下来。老师非常负责（作为一门通识课作业当然是有点多的），但非常有收获！老师的教学计划在第一周就非常细致地写好了，因为假期变动也及时修改，真的很尽心。平时的quiz是考作业里的内容，让我这样的渣渣绩点也不至于太难看。（前方高能预警：大佬很多）推荐真正热爱英语并能为此付出努力的人选课，课不水，坚持下来都会有提高。
90169,1742,周颂波,2019-01-25 11:45:27,8,9,1,一个英语超级菜鸡，六级薄弱，摸底6/17；老师水平超高，但是无奈自身后半学期太忙，无法付出更多时间；结果3.9，我本以为要挂的！学到了东西，而且自身本来基础薄弱，其实一点也不亏。
92556,1742,周颂波,2019-01-03 01:56:02,1,3,2,虽然上课很充实吧，老师很温柔。但大英4内容太多了。。。演讲，书评，两次quiz，四次作文，三本书的单词。。。
92788,1742,周颂波,2019-01-04 12:11:16,2,4,2,可遇不可求的好老师 忘记是这辈子都不可能忘记的 哪怕只教了我一学期
94010,1742,周颂波,2019-01-15 01:16:12,-26,3,29,差。。。。
94107,1742,周颂波,2019-01-15 07:53:58,8,9,1,上大学最爱的老师没有之一。高考不考听力的大一狗头铁选了托福听力，一学期过后虽然自己还是中等偏菜但周颂波老师是真的好，教学水平很高而且非常非常温柔，结课的时候真的哭了，周老师的温柔让我想起妈妈55555555选她的课绝对不会后悔的，真的是我一生的幸运了
94177,1742,周颂波,2019-01-15 12:35:03,1,3,2,嘤嘤嘤好好好
94376,1742,周颂波,2019-01-16 08:54:39,7,8,1,真的很温柔很有气质的老师～相信每个人的名字如果能被老师记住都会很开心的吧～超级好的老师，虽然因为上课打瞌睡被老师记住了【捂脸，但老师人真的超级好啊～
94607,1742,周颂波,2019-01-19 11:18:02,9,10,1,那位吐槽三分一档的我也是醉了，您是不是只看到了自己被卡绩的科目而没看到刚好提升了一档的科目呢? 再说三分一档的政策和周老师又有什么关系? 赞周老师!
95249,1742,周颂波,2019-01-19 05:42:00,5,9,4,教得好，教得有趣，最重要的是人格魅力满分！老师会在课上与我们讨论一些敏感的社会问题，用她自己的话来说，就是希望至少能影响到这一个班里的一些人，把爱传递下去吧。课后向老师问问题老师都非常耐心非常温柔的！感觉不仅是上了一门课，更是有幸结识了一位很好的朋友！（看到满绩的那一刻快要吓晕过去了orz呜呜呜感谢老师！）
95302,1742,周颂波,2019-01-19 07:15:31,5,5,0,超级棒的老师！虽然我比较菜，但是老师人真的很好！
95313,1742,周颂波,2019-01-19 07:55:32,2,3,1,老师非常棒，上课轻松快乐，总有新东西学！
95315,1742,周颂波,2019-01-19 07:58:13,4,4,0,老师超级好！人非常温柔细致！极度好评！\n\n
95341,1742,周颂波,2019-01-19 08:44:09,6,9,3,老师真的很好啊。是很温柔很可爱的老师呢。emmmm 虽然绩点不高，但是考前问老师该怎么办的时候，老师一边说来不及了，一边又很有耐心地帮我想办法。成绩出来还鼓励我，说了一大堆背单词的方法。就算为了老师这颗心，也应该好好背单词了。总之是一个很好的老师，很喜欢她。
95388,1742,周颂波,2019-01-19 10:02:24,-1,4,5,不上大英的大学生活是不完整的
96022,1742,周颂波,2019-01-20 11:36:19,0,2,2,很棒的老师
97185,1742,周颂波,2019-01-21 23:58:19,1,3,2,超级喜欢周老师的课堂！！！刚来浙大有很多不适应的，但周老师的大英四给了我其他课我感受不到的温暖！！！
97879,1742,周颂波,2019-01-23 00:42:19,2,4,2,周老师上课很温柔的，而且给分也很友好，我一个大英4单词都没认全的渣渣，都没挂科
97932,1742,周颂波,2019-01-23 02:04:26,11,14,3,浙大需要这样的老师，中国需要这样的老师
98091,1742,周颂波,2019-01-23 05:13:38,2,3,1,超级温柔的老师，耐心负责任，善良、坚定又有力量 ；不仅仅只是教师，更是人生导师。
98361,1742,周颂波,2019-01-23 11:31:06,4,10,6,老师很温柔很nice。会有课前演讲让大家分享看法。班上同学也挺好的。不过说实话，有评论说这门课学到很多东西，我不敢苟同。我觉得大英课和高中的英语课没什么区别，过度地把重点放在了背单词讲语法上面。期末考也是背单词背课文就能拿高分，和我高中的词测没什么区别。但是一门语言的魅力不仅仅在于词语和语法，更在于其传达的思想。将来要用到的英语词汇也不止课本上那些。一个词组的好只有当它与上下文结合精妙地表达出作者的意思时才体现出来，单独揪出来放在PPT上配上中文就会显得很枯燥。我坦白说，我觉得在大英课上没学到什么东西，也没培养什么兴趣。一个学期学到的东西还不如我看一本英文小说。作为一门大学的课程，它的思想深度让我有点失望。我以为浙江这种经济比较发达而且和国际化接轨也比较好的地方的大学英语课不应该仅仅是这个样子。
100581,1742,周颂波,2019-01-26 10:52:18,17,20,3,即使是至今为止绩点最低的课，我依旧觉得周老师是我进浙大以来遇见的最好的女老师。大英怪我自己，老师无可挑剔！
109024,1742,周颂波,2019-06-06 01:40:54,4,4,0,这都不给10分，又有哪些老师值得10分呢
109284,1742,周颂波,2019-06-13 01:15:48,5,6,1,我太爱周颂波女神辽，真的想再选她的课啊，可是真的太难选了奥，期末要写信给她表白( ˘•ω•˘ )
109419,1742,周颂波,2019-06-14 05:32:04,2,3,1,超级喜欢周老师，上课内容非常充实，人特别好！
109860,1742,周颂波,2019-06-20 01:27:03,0,2,2,赞赞赞
110288,1742,周颂波,2019-06-25 10:39:28,1,2,1,好老师 不解释
110347,1742,周颂波,2019-06-28 03:27:51,10,11,1,老师很好 我太菜了 大英四成功收获所有课最低绩点…哭了 我会好好学英语的
110607,1742,周颂波,2019-06-27 15:17:29,3,5,2,老师很好 是我太菜 学到最后大英三四都是3.3
110715,1742,周颂波,2019-06-28 05:17:49,0,3,3,老师很好 是我太菜了 老师的口语真的超好听！！还帮你分析期末考试的问题 给暑假提升的建议 顺便说一下大英四年级平均分规定了要在79 所以我也看开了…大家继续加油！！
110826,1742,周颂波,2019-06-28 09:42:09,3,7,4,超级好的老师，性格温柔，语速不紧不慢，课堂上组织了很多有意思的活动，每节课都有新鲜感，特别期待上英语课。而且充满关怀，她会用心记住每一个人的名字，她最后给分的时候会给快挂了的同学更高的平时分（就是老师可控的那五分，都给4.5或者5，她会优先给成绩差一些的5分，还很温柔的鼓励，希望他期末好好考），我不是快挂了的同学，那五分我只有4.5，但是我也没有觉得很不公平，感觉特别人性化，充满人文主义关怀。期末考有调分，绩点上了一档。
110956,1742,周颂波,2019-06-28 20:25:17,10,12,2,周老师很温柔，每节课都精心安排内容，期末考试结束后还会给你发专项成绩并交流～有种妈妈的负责任感，是个好老师！（就是我英语太菜了 绩点不好看wwww
111130,1742,周颂波,2019-06-30 03:51:27,3,3,0,不多说，一个可以让你不再畏惧、甚至让你有点渴望上课发言演讲的老师，赞一个！
119243,1742,周颂波,2019-11-11 16:37:31,5,5,0,上老师的托福听力真的感觉自己听力水平有质的飞跃…每一周的任务包括背单词、听抄【就是听写很长一段对话或者讲座】都有严格要求和检查，每次也都会布置大量泛听让我们不耳生，一个短学期下来事情虽然很多，但是非常适合我这种平常比较懒且不想怎么花时间在英语上的人！强烈推荐！！！
119407,1742,周颂波,2019-11-12 17:22:01,1,3,2,上的听力课，我听力很弱，四级听力就比别人少五六十分的那种，平时上课经常懵圈，但这门课对我听力帮助真的挺大的，好好学绩点也不会很难看。虽然我的绩点不高，这是我大学第一门觉得自己努力付出得到回报的课～另外，平时硬性作业就听抄和背单词，一周单词其实用一个半小时就能背完，听抄每周也最多花两小时。最后，老师真的温柔但有原则，不卑不亢，讲课也很好，是我遇见的最好的英语老师之一。
119452,1742,周颂波,2019-11-13 01:59:08,0,2,2,上课内容真的很干货，如果按老师的话一步一步来做，最后的收获会很大，绩点也不会低！其实把每周的单词和听抄，合理安排了时间，会觉得任务也不繁重。
120565,1742,周颂波,2020-01-13 01:09:49,7,7,0,吹爆，吹上天的那种\n\n虽然自己菜绩点不高
120625,1742,周颂波,2020-01-14 01:46:49,3,4,1,老师太温柔了，讲课很有趣
120915,1742,周颂波,2020-01-18 17:34:43,-40,4,44,老师是有水平的，但她教不出来，每天上课是有设计的，但实操起来像是过家家让人不耐烦，有点自私，不愿担责，最后给平时分真是气死我了，我平时分不敢求5分，但你给个4都好啊，就给我三分，结果我就差一分绩点就是4.5，卡绩真的很难受，期末考试我考96，单靠期末我能满绩的结果这些平时分什么的给我拉下去了
121272,1742,周颂波,2019-12-25 00:42:42,3,5,2,炒鸡好的一个老师，非常有人文关怀，一个真的知性成熟的大学教师，还没期末，我先来补一手10分
123485,1742,周颂波,2020-06-09 06:40:47,1,3,2,老师真的很温柔，会探讨课文以外的东西，会和时事结合，上她的课，绝对不会后悔
125304,1742,周颂波,2020-09-06 04:25:19,0,2,2,！！！
125389,1742,周颂波,2020-09-08 04:41:59,-2,1,3,被卡绩了\n\n
126427,1742,周颂波,2020-09-26 12:51:49,1,1,0,哈哈哈
128491,1742,周颂波,2020-12-23 11:02:29,0,2,2,周老师真的好到爆
128520,1742,周颂波,2020-12-23 13:16:39,4,5,1,很温柔的老师。\n\n很想她能一直是我的英语老师
130586,1742,周颂波,2021-01-24 01:18:20,6,8,2,老师真的超级好！人很温柔也非常关心每一个同学，不论是英语学习还是日常生活，还给我们提供选课建议，\n\n作业也不多，课在大英这个教学计划束缚之下也算很有趣了！
130624,1742,周颂波,2021-01-24 04:29:26,0,3,3,老师人很友善，对同学十分关心，备课细致，真的很难得。只是最后绩点不太好，可能所有大英课都这样吧。。。
133510,1742,周颂波,2021-03-01 11:12:18,22,24,2,哈哈哈哈哈老师超可爱，“would you please look at me when I’m talking？”
134883,1742,周颂波,2021-04-20 11:19:03,2,2,0,我觉得评价已经说明了一切
136414,1742,周颂波,2021-06-17 16:14:29,1,2,1,老师很热爱教学，认真负责
136945,1742,周颂波,2021-06-28 13:14:11,3,4,1,老师三观很正，上课很有趣，课程安排的也很好，能学到很多东西，鼓励每个同学都积极发言，会每节课布置作业，偶尔有听写，但是真的很棒
137279,1742,周颂波,2021-07-03 01:31:55,4,5,1,周老师真的很好！人又温柔又有水平！
137351,1742,周颂波,2021-07-03 11:25:35,2,3,1,超级好的老师，感觉在她的课堂上我更敢发言！一星期下来学到很多东西，口语感觉跟自信了！
137357,1742,周颂波,2021-07-03 11:53:06,0,2,2,作业少，课堂有趣，教学水平高，热爱英语
137458,1742,周颂波,2021-07-04 08:45:22,1,3,2,周老师真的是个很有人文关怀的老师，给分也不错！冲冲冲！
137876,1742,周颂波,2021-07-06 12:49:39,0,0,0,真的太好了！
138902,1742,周颂波,2021-07-11 16:13:58,0,1,1,心中的白月光
139491,1742,周颂波,2021-07-16 12:27:37,2,3,1,上课体验真的非常非常好！\n\n任何活动都不会有勉强做任务的感觉！\n\n虽然最后成绩不满意，但确实是因为期末听力爆炸（如果老师让你练听力，听VOA，一定要坚持）\n\n真的真的真的非常值得选的好老师，认认真真，可可爱爱！
141465,1742,周颂波,2021-10-10 16:19:59,2,3,1,老师讲课好，人也好
142199,1742,周颂波,2021-11-08 11:44:31,2,3,1,真正让人喜欢英语
143588,1742,周颂波,2021-11-28 04:13:57,-1,2,3,非常好
144159,1742,周颂波,2021-12-20 01:17:50,1,2,1,一位尊重学生的好老师 上课内容很丰富
144398,1742,周颂波,2021-12-21 10:48:15,1,3,2,上课超级认真，人真的好好。口语很棒，上课真的很专业！女神！！
146072,1742,周颂波,2022-01-05 11:05:31,5,6,1,托福听力，10分不说话。要是真的想提高托福听力能力，好好听课好好写作业按老师的要求来做，跟老师上绝对收获很大，全是干货。
146113,1742,周颂波,2022-01-05 13:39:51,5,6,1,打10分是因为只能打10分。听她上课很舒服，超级温柔有耐心，会关注照顾到每个人的感受，从哪里都挑不出毛病
146161,1742,周颂波,2022-01-05 15:09:24,3,4,1,老师的课很好，有很多活动，想配音、演讲之类的，美中不足就是课间经常用来讲点事情。
146394,1742,周颂波,2022-01-06 12:31:19,8,9,1,托福听力实在是太棒了！一个冬学期下来，完全按照老师的要求做，听力能力突飞猛进。大爱周老师！10分走起~
146660,1742,周颂波,2022-01-07 07:17:13,7,9,2,老师人真的很好，上课的时候生怕伤到哪个同学的自尊心，而且还会举办很多有趣的活动，比如说电影配音，演讲之类的，小组讨论也很多，小组成员之间关系也很好，真的很棒
147054,1742,周颂波,2022-01-08 14:02:13,3,4,1,老师人很好，平时会多关注一些英语能力明显比较差的同学，会多鼓励你讲话之类的，也十分体贴，很注重同学们的自尊心。考试的话跟着老师日常的要求来，该背单词背单词，考个不错的成绩还是可以的。十分幸运能在大一上刚上大英四就遇到这么好的老师。
147145,1742,周颂波,2022-01-09 01:33:34,0,2,2,托福听力真的学到很多~周老师是我女神哈哈
151847,1742,周颂波,2022-03-17 11:47:54,1,2,1,超级喜欢她!!!!!
151901,1742,周颂波,2022-03-20 03:40:05,-3,0,3,大英四是有点多😭
152443,1742,周颂波,2022-04-11 12:16:53,0,3,3,老师人超级好，上课组织小活动，口语提升多
155593,1742,周颂波,2022-06-14 14:09:33,-11,3,14,老师真的很好很可爱诶\n\n平时分不是很高，但是老师期末捞了\n\n我以为要3了结果4.2呜呜我爱老师
155606,1742,周颂波,2022-06-14 15:11:28,0,1,1,老师超级温柔，会尽可能记下每一个同学的名字和脸，每次pre之后会细心地和你讲你的优点和可以提高的地方！给分也很好！大英4事情稍微有一点多但老师真的很认真负责！
155627,1742,周颂波,2022-06-15 00:23:11,2,2,0,老师真的超级赞！！！
155773,1742,周颂波,2022-06-16 01:21:45,4,4,0,周老师对待上课真的是很认真，对同学们也是尽心尽责。她很温柔，会照顾每一位同学的感受。可能上课想水手机不太容易，因为她经常会“please look at me when I am talking”。不过就算被抓包，也只是温柔地提醒一下。打分不错，已经尽可能往上拉了。奈何大英4本身没几分老师伸手的空间。总结一句话，选她准没错！
156005,1742,周颂波,2022-06-17 05:39:19,2,3,1,VERY GOOD
156086,1742,周颂波,2022-06-17 12:41:56,-1,2,3,感觉大英口语提升多于题目，但是老师人很好
161461,1742,周颂波,2022-11-07 06:59:28,1,3,2,虽然大英不是硬课，但是我也会非常认真地听讲 周老师人好 心细 备课授课和高中高三的状态都很接近 真的非常爱\n\n她会非常认真地给每位演讲者点评 真的感觉自己的付出得到了同等的尊重和回馈！！！
163718,1742,周颂波,2022-12-16 04:10:37,6,7,1,非常棒！！！！\n\n课上有很多拓展内容，会推荐阅读书目！每次都会很耐心回答！！！！！\n\n就是大英五老师不开课，选不了她了好悲伤wwww
164382,1742,周颂波,2022-12-20 13:22:37,5,6,1,周颂波老师！口音巨好听！关注每一个学生的感受，倾听每一个学生的声音，10分远远不够！
164580,1742,周颂波,2022-12-22 03:42:22,3,5,2,非常好!非常温柔!\n\n虽然大英四不能水手机 但是课堂本身就非常有魅力了!
166178,1742,周颂波,2023-01-11 10:08:17,0,3,3,很温柔很负责很耐心，很好的老师
167930,1742,周颂波,2023-01-20 11:34:24,7,9,2,很不错的老师。\n\n除了上书上的内容外还会安排课前演讲和电影配音这种，让每个同学都参与进来。\n\n上课会叫人起来回答问题，和同学们互动，所以上课还是要认真听的。\n\n人很和蔼的，作业的话U校园上的每篇课文后面的题目要做，还是比较麻烦的。\n\n口语不错，比较注重chunk，也会有对重点单词的讲解，但上课主要内容还是对课文的理解。\n\n不过从上课的自如和流畅来说，和外国人来教英语还是有差距的吧。
168830,1742,周颂波,2023-02-22 14:20:44,4,7,3,来浙大以来最喜欢的老师。教给我的不仅仅是知识。
170885,1742,周颂波,2023-03-11 09:33:37,-25,3,28,给分低，事情多
171153,1742,周颂波,2023-03-17 05:10:36,4,4,0,发音很舒服
171369,1742,周颂波,2023-03-22 13:58:54,1,2,1,好喜欢周老师啊啊啊啊啊啊啊啊啊啊啊真的人超级好而且说英语的口音也太好听了啊啊啊啊啊啊啊啊啊啊我吹爆
172066,1742,周颂波,2023-04-18 11:20:52,2,3,1,很温柔的老师，人也很好！
172323,1742,周颂波,2023-04-25 05:22:40,0,2,2,人超好
174897,1742,周颂波,2023-06-19 12:55:41,9,9,0,特别好，特别温柔，关心学生，口音也非常好，啊啊啊啊波波爱你！（我是周颂波的老师，我大英只考20分钟，2133班如是说道～）
174950,1742,周颂波,2023-06-20 10:45:22,0,3,3,好好好好！今天刚大鹦鹉考完，又双叕想老师了呜呜呜！吹爆！！！为啥不开五呜呜呜呜呜，真心喜欢！！！😘😘😘😘😘
175064,1742,周颂波,2023-06-21 10:29:10,7,9,2,学英语到现在唯一一个真心喜欢的老师，周老师实在是太有魅力了，博学温柔，体贴学生，能学到很多，大英四绩点比大英三的高了两档，爱死周老师了。
175066,1742,周颂波,2023-06-21 10:30:57,5,7,2,周老师真的特别特别好，我跟她说我下学期还想修英语课，她让我有什么问题都可以问她，上大学遇到的最关心学生的老师没有之一。
175188,1742,周颂波,2023-06-22 08:15:46,3,4,1,老师超级好好好好好好好！！
175408,1742,周颂波,2023-06-24 15:37:22,2,2,0,超级超级好的老师，社恐上课也很舒服，不仅有参与感，而且还不拘束，下课也会和我们聊天，考试前还会认真地给我们讲注意事项，非常负责，给分也很好，本英语菜菜大英四被捞过了
175478,1742,周颂波,2023-06-25 07:00:46,4,5,1,真的真的超级好 非常体谅关心学生！对学生坦诚相待 超级可爱！！！课讲得也很好！
175526,1742,周颂波,2023-06-25 10:50:47,1,3,2,老师真的好有热情\n\npre不是硬性要求\n\n任务超有意思 给分也巨好呜呜呜呀\n\n老师好温柔 女神女神
175779,1742,周颂波,2023-06-26 14:18:52,3,3,0,好老师～
175851,1742,周颂波,2023-06-27 03:20:34,8,8,0,强推周老师。刚上课的时候会感觉跟有些比较随意的班相比事情有点多，但是后面感觉也还好的。老师人很好，特别耐心，欢迎同学去和她交流的。我英语有些方面特别欠缺的，然后跟她在钉钉上交流之后她叫我当面去找她，用课下时间很细很耐心地教我。乖乖跟着她，水平绝对提高很大。给分也很好，我基础不是很好，但是一学期下来最后拿了94，做梦都没想到hhh
178943,1742,周颂波,2023-08-03 02:49:26,3,4,1,真的很好！
181540,1742,周颂波,2023-10-22 05:25:58,0,2,2,很好哇！很认真负责 很温柔
182238,1742,周颂波,2023-11-13 05:34:25,2,3,1,很喜欢周老师！！上课超级认真！！能学到很多有用的表达
183494,1742,周颂波,2023-11-26 17:00:15,0,2,2,老师人很好，有问题都可以和老师沟通解决，上课认真负责，会要求大家不能看手机，认真跟住思路。一开始觉得有点压力大，事情也多，但是后来认真跟着老师学，发现很有收获，大英4比3提高了一些，也觉得课程很有意义
184348,1742,周颂波,2023-12-18 05:54:47,3,4,1,啊啊啊老师人真的超级好/感动感动/，教的也好（只是我自己成绩不大好/悲/）。面对我这样一个差生，老师都很耐心地教我，还一直鼓励我🥹。希望还能上老师的课😭
184444,1742,周颂波,2023-12-20 01:03:11,0,2,2,很温柔的老师，上课也很认真～
184512,1742,周颂波,2023-12-21 07:39:57,1,2,1,周老师人真的超级好
184528,1742,周颂波,2023-12-21 12:19:39,4,6,2,很舒适的英语教学，社恐友好，老师很！温！柔！也很！宽！容！会经常鼓励学生，让我克服了上课英语发言的紧张！！除了英语教学之外，上课还经常和我们分享自己的故事，话题很多元也很开放自由，绝不仅仅是学英语。非常幸运大学进来的第一个英语老师是您，希望还有机会上您的课呜呜呜
184870,1742,周颂波,2023-12-23 23:50:50,0,1,1,非常负责任，很有亲和力的好老师！
185286,1742,周颂波,2023-12-27 14:34:00,2,2,0,非常好的老师！
185586,1742,周颂波,2024-01-02 12:27:56,1,2,1,好老师！上课循循善诱，富有启发性！
185736,1742,周颂波,2024-01-04 03:40:28,1,3,2,女神满分不多说
185743,1742,周颂波,2024-01-04 04:19:22,2,2,0,上周老师的英语课真的是一种享受，我刚开始的几节课非常紧张，因为听力对我来说实在有点难，每节课的神经紧张地怕抽到我，但老师真的很温柔很耐心，后面也就渐渐放松了。感谢老师！！！！
185844,1742,周颂波,2024-01-05 01:17:16,5,7,2,老师超温柔超关心学生，每节课都是微笑着上课，也常常表扬学生，从不为难学生。老师的课很有趣，老师的口语很好，水平很高，是我见过最好的英语老师了！
186367,1742,周颂波,2024-01-10 15:46:30,4,4,0,选就对了
186369,1742,周颂波,2024-01-10 15:57:39,0,2,2,趁着出分赶忙来给老师一个评分 哈哈 感谢被捞  🙏🙏  老师平时上课讲文章每个单元都有创新  流程大不相似  可以学到锻炼到蛮多方面的技能  还有就是批作业批作文真的很细致很用心 一切的一切  大爱老师❤️❤️❤️
186442,1742,周颂波,2024-01-11 05:40:52,2,2,0,老师很好。真心感谢老师
186521,1742,周颂波,2024-01-11 12:55:06,1,3,2,大英四 4.2\n\n啊啊啊啊啊啊啊啊啊啊啊啊啊啊啊啊啊真的真的真的超级喜欢周老师！！！周老师真的非常认真负责，每一篇作文都会认真看过去，发的录音超级无敌仔细地纠正了发音问题，给了中肯有用的建议！而且老师人真的很好，会关心每一位同学的状态，上课分享的小故事中也能看出来老师的眼界与价值观，期末考试也捞捞！预置到周老师的大英课真的是我的荣幸！能上周老师的课的小朋友们真的很幸福~
186601,1742,周颂波,2024-01-12 04:45:47,0,1,1,这必须顶一个
186676,1742,周颂波,2024-01-12 12:09:56,0,2,2,老师真的热爱自己的职业，有课堂之外的英语问题也会帮忙，虽然大英没有捞的空间被卡绩了但是老师真的真的很好！
186834,1742,周颂波,2024-01-13 08:19:20,3,5,2,超超超好的老师！为人干净大方，热心负责，而且不怕麻烦。第一次quiz考得不好，当时发卷子的时候就给了我努力的方向，后来请教问题也是非常耐心地回复了很长很详细的不足和建议，要不是大英只上一学期，我真想每学期都上她的课！
187186,1742,周颂波,2024-01-15 03:47:51,3,4,1,超好的老师
190417,1742,周颂波,2024-03-02 07:26:58,1,3,2,斯人若彩虹，遇上方知有
190560,1742,周颂波,2024-03-08 11:53:41,6,6,0,真的很喜欢！！原本觉得被迫上大英四很憋屈，但她的授课真的让我觉得就算绩点低也无悔了。认真跟课学期末考觉得一般般吧，最后4.5供参考。
190796,1742,周颂波,2024-03-19 11:30:24,1,3,2,老师太好了！
191172,1742,周颂波,2024-04-10 11:09:39,3,6,3,社恐福音，没有pre，没有pre！！！老师人也很好，活动也挺多，像高中老师，不过上课不能用手机，但是真的会使得你能认真学习英语！
193126,1742,周颂波,2024-06-04 01:55:01,6,6,0,神中神
194127,1742,周颂波,2024-09-21 11:52:09,7,8,1,她真的是神，比我大英三的绩点高了两个档.\n\n非常好的大英老师啊，现在我已经是周老师的粉丝一枚了老师上课的ppt是有很多干货的，虽然我没记住多少，但至少会让英语课有一些收获。然后老师本人说明自己是i人，不会强制要求大家发言，但是是在真心鼓励大家发言，小组pre也不是强制性的，只在五一假期布置了一次二选一的pre作业。老师上课主要会讲解很多重难句的翻译，可以帮助理解课文，也提升翻译水平。然后老师小测和作文都是自己改，会写评语！给出针对性的建议。不过要注意的是周老师上课是不允许用手机的，但是其实也是督促你更好学习。\n\n课程学习体验：正如前辈所言，大英课其实并不期望你学到什么，而是让你每周抽出一些时间强制学习英语。针对听力阅读，其实我本人并不是太好，通过上课也很难提升，听力阅读的经验去外语学习版面或者学习天地版面应该能得到很多经验贴。我们能做的就是背好大英课上的单词和理解课文，保证期末考试时与单词有关的分尽量不丢。
194203,1742,周颂波,2024-06-22 12:54:58,3,3,0,究极好老师 人真的很温柔
194398,1742,周颂波,2024-06-23 15:38:10,0,2,2,真的强好吧
194438,1742,周颂波,2024-06-24 02:47:09,2,3,1,老师很好，相比大英三严了一点，但在她的课堂上真的能学到很多
194532,1742,周颂波,2024-06-24 09:03:57,1,2,1,老师人很好很温柔。
194815,1742,周颂波,2024-06-25 13:48:30,2,2,0,老师真的很温柔！很认真！也很有趣！
196726,1742,周颂波,2024-07-05 02:13:53,0,3,3,老师好好😭😭😭上课能学到很多东西，我上大英三很水，得分也挺低，但上周老师的大英四根本水不了一点，认真听，收获满满，得分也好了很多！爱您🥰
198426,1742,周颂波,2024-09-09 01:49:21,4,4,0,老师是我的神，比大英三提了两个档，教得真的很好
198733,1742,周颂波,2024-09-11 07:12:12,3,3,0,无敌了
198826,1742,周颂波,2024-09-12 03:30:21,0,2,2,特别特别好的老师 太喜欢她了 大英四比大英三涨了绩点 也学到了很多东西！
198918,1742,周颂波,2024-09-13 02:08:37,0,2,2,超绝好老师
199726,1742,周颂波,2024-09-28 07:47:38,10,10,0,才想起来给周老师评分～\n\n比起专业素养，还是她身上柔和纯粹又坚稳从容的气质更吸引我，好想到了四五十岁也能成为像她这样的女性😊
200598,1742,周颂波,2024-10-20 07:39:59,1,3,2,大英四直接比大英三高了三个档，差一点就四个档，老师的实力无需多言吧！
204664,1742,周颂波,2024-11-27 08:36:04,1,2,1,好老师！很温柔，人也很nice
206034,1742,周颂波,2024-12-13 03:37:59,3,3,0,非常好的老师！
206073,1742,周颂波,2024-12-13 04:53:36,2,3,1,特别好的老师
206263,1742,周颂波,2024-12-13 12:13:54,2,3,1,发音很纯正，备课认真，会安排一些全班范围的交互活动。上课大家基本都不开小差，上她的英语课是一种幸运与享受
206455,1742,周颂波,2024-12-15 08:05:44,2,3,1,最后给分不太确定，但是确实是好老师，10分！！！
206763,1742,周颂波,2024-12-17 11:56:35,3,4,1,老师人超级好，很温柔，讲课很清楚。
207442,1742,周颂波,2024-12-21 15:29:22,0,2,2,讲课态度认真到哪怕给分求是我也要给10分呜呜
207543,1742,周颂波,2024-12-23 03:19:12,1,3,2,特别喜欢周老师的英语课，是一位很幽默的风趣且有人格魅力的老师
207760,1742,周颂波,2024-12-24 07:34:05,2,3,1,周老师真的特别特别好！！！谁懂这种母性的坚韧和知性感！
208697,1742,周颂波,2024-12-31 05:43:06,0,2,2,非常认真负责的一个老师！很赞！
208717,1742,周颂波,2024-12-31 10:27:15,0,2,2,好老师😋
209077,1742,周颂波,2025-01-04 11:21:00,0,2,2,无脑冲！超温柔超好！冲！（咆哮）
209514,1742,周颂波,2025-01-06 07:11:48,16,16,0,大英四主推好老师。\n\n会安排演讲什么的，但是全部自愿，不参加绝不扣分，参加了也不会加分（拒绝额外任务的内卷真的好好吧）。\n\n没想到大一上学期就预置到了周老师的英语课，真的是太幸运了，上课很专业很有趣，十分有人文精神，十分体贴人。虽然会说不喜欢迟到，不喜欢同学上课玩手机，但是真的特别关怀学生，不是玩手机太嚣张，好好上课时不时玩一下老师不管的，反倒是自己会觉得愧疚，迟到也是不会扣你平时分。听写小测只要认真背单词，基本都是高分过的，而且几次听写忘背单词或者不小心差了，也不会因此影响你的平时分，最后期末平时分还会让所有人都看一遍自己的，确保没登记错。本人最后十二月的早八英语课，有一次早上直接睡过了，钉钉跟她解释，老师也是说理解理解，完全不会计较，更不会扣你分。还有两次迟到也是，虽然老师说讨厌迟到但是也是真的不会说你阴阳你给你穿小鞋，真的是超级好老师……完全的人性光辉，大学首屈一指的好老师，逃她的英语课真是自己都觉得损失了。\n\n最后期末还以为自己考崩了，最后喜提4.5，周门（合十）
210129,1742,周颂波,2025-01-08 08:07:14,3,5,2,大英四4.5\n\n老师人真的很好，讲课水平也很高，很享受。\n\n至于绩点，就像老师自己说的一样，她能决定的只有5分，这5分也不能盲目给满，所以卡绩什么的只能怪自己，平时小测听写都尽量多得分，就可以了。
212926,1742,周颂波,2025-01-15 09:21:49,5,5,0,大英4最终3.3只是因为我太菜，这不妨碍我给周老师打10分，因为她确实是个好老师，而且英语这门课的考核难读相较于其他科而言确实较高
213253,1742,周颂波,2025-01-16 13:01:28,4,4,0,老师人真的很好
213763,1742,周颂波,2025-01-19 13:59:12,1,2,1,伟大无需多言
214390,1742,周颂波,2025-02-02 15:00:55,1,1,0,555
214750,1742,周颂波,2025-02-17 09:35:13,2,2,0,超级棒的老师，选就是了。
214851,1742,周颂波,2025-02-19 09:41:28,-27,1,28,上课看手机第一次警告接下来扣平时分，而且作业巨多
215739,1742,周颂波,2025-03-05 03:51:34,3,3,0,大英四绩点低是我的问题，绝对不是老师的问题。\n\n六级分不够是我的问题，和老师没有一分钱关系。
216847,1742,周颂波,2025-03-27 01:40:09,2,2,0,老师真的很好，大英四难毕竟是课程本身难度，不怪老师，而且老师也会在上课设置一下好玩的活动，选了准不后悔
219420,1742,周颂波,2025-05-27 04:20:30,0,0,0,很棒很棒的大英老师
220092,1742,周颂波,2025-06-15 01:38:03,1,1,0,非常温柔、有耐心的老师，选了不后悔
220095,1742,周颂波,2025-06-15 02:10:57,0,0,0,能上到老师的课是我的福气
220098,1742,周颂波,2025-06-15 02:26:30,0,0,0,大英四，老师很好，最后刚好让我进了4，大爱老师
220148,1742,周颂波,2025-06-15 15:12:54,0,0,0,谢谢老师，能选到老师的课是我的荣幸，刚好不卡绩
220287,1742,周颂波,2025-06-17 06:54:35,1,1,0,超级超级超级好！有点不理解lx说的大英看手机第一次警告后面扣平时分是什么，有同学看手机老师只会温柔提醒，我自己控制不住上课也看手机，老师看到也没说啥啊。。
220385,1742,周颂波,2025-06-17 14:31:10,0,0,0,超级好老师，虽然上课不能玩手机，但是偷偷玩一下问题也不大\n\n作业量适中，但是不写也不会惩罚，也很理解同学们（不过大家最好还是写下哈哈\n\n感觉尽力让课堂变得有趣了，总之是一个很好的老师
68,1757,符亦文,2015-03-14 15:37:20,19,29,10,讲得很好啊很能带动课堂气氛。最后给分也不错哒。
370,1757,符亦文,2015-03-15 01:34:17,42,55,13,很好啊可惜大英4不是她的\n\n
915,1757,符亦文,2015-03-19 00:11:35,29,32,3,挺和善的，不会冷场
931,1757,符亦文,2015-03-19 06:56:32,15,18,3,超级棒～
1509,1757,符亦文,2015-03-22 08:54:18,8,11,3,蛮好的，比较和蔼
2109,1757,符亦文,2015-04-01 12:24:18,27,31,4,除了上课还会讲一些人生道理，觉得挺好的
4607,1757,符亦文,2015-06-25 03:16:07,17,18,1,亲切
4975,1757,符亦文,2015-07-01 23:58:24,13,15,2,老师好
6029,1757,符亦文,2015-07-10 10:38:55,33,39,6,上课有趣 会讲她家庭比如女儿的趣事、给我们看旅游照片等。最后给分也很赞。
8473,1757,符亦文,2015-09-21 13:45:12,11,13,2,老师上课几乎全英
9554,1757,符亦文,2015-10-30 09:11:00,20,22,2,老师分享很多小故事很有趣
11965,1757,符亦文,2015-12-21 11:58:22,9,10,1,好好好
12439,1757,符亦文,2015-12-23 09:24:56,8,8,0,很好的老师
12659,1757,符亦文,2015-12-24 00:28:23,12,13,1,好评，真心好，可惜大英四没了
12743,1757,符亦文,2015-12-24 03:04:12,6,8,2,能学到很多英语知识，不像其他老师上课光玩游戏不讲课
12969,1757,符亦文,2015-12-24 12:04:00,19,23,4,很赞的老师！！！会鼓励像我这样的英语渣！！！赞！
12972,1757,符亦文,2015-12-24 12:07:33,9,10,1,符老师超级亲切的～喜欢她～
14534,1757,符亦文,2016-01-07 12:46:16,0,2,2,上课真的很棒啊 基本全英 学到很多东西 氛围也不错 事情不多 很可爱的老师 可惜大英4不是她的
14593,1757,符亦文,2016-01-08 01:59:36,1,2,1,想一直被她教！！
15098,1757,符亦文,2016-01-12 04:59:56,6,6,0,老师超级好
15820,1757,符亦文,2016-01-16 10:48:39,1,3,2,我挺喜欢她的我是大英三 绩点还没出 成绩很公开公正的
16418,1757,符亦文,2016-01-18 05:10:35,1,2,1,很和善的老师，人也很负责任，可惜大英四没她的课
16497,1757,符亦文,2016-01-18 08:37:30,0,2,2,大一上遇到的最喜欢的老师，可惜大英三没有满绩，老师讲的超级棒，然而自己不是很认真，强烈推荐
16750,1757,符亦文,2016-01-19 01:57:06,0,1,1,好好好
17778,1757,符亦文,2016-01-21 01:16:12,5,7,2,超级棒棒棒！老师人很好 有些小任务啊注意事项什么都会提前跟你说好 上课互动很多 知识拓展也很好 没啥作业 给分棒 可惜大英4不是她
19411,1757,符亦文,2016-01-24 06:22:49,1,2,1,很不错
19470,1757,符亦文,2016-01-24 09:51:40,0,2,2,特别好的老师，就像朋友一样，只要努力一定能高分
21182,1757,符亦文,2016-02-26 01:56:37,0,1,1,讲的挺好的
21543,1757,符亦文,2016-02-29 06:50:32,0,0,0,好几了
22582,1757,符亦文,2016-03-08 07:08:33,11,13,2,老师像个哲学家，总能说出很有意思的话。
22947,1757,符亦文,2016-03-15 05:11:36,1,3,2,上课挺轻松的，然而还是被正态了。
23548,1757,符亦文,2016-04-06 00:12:49,8,9,1,老师口语超棒，上课就像在练听力，课堂节奏快，总之我给满分
24032,1757,符亦文,2016-04-25 15:53:14,1,1,0,声音好好听( • ̀ω•́ )✧
27111,1757,符亦文,2016-06-23 03:16:01,0,0,0,老师人非常好，也很通情达理
27150,1757,符亦文,2016-06-23 07:58:17,13,15,2,非常勤奋的老师，很早到教室放音乐\n\n
27837,1757,符亦文,2016-06-27 19:44:22,1,1,0,人很好
27959,1757,符亦文,2016-06-28 07:26:18,0,0,0,老师人很好，会说很多自己的看法也很关心我们~
28081,1757,符亦文,2016-06-28 08:05:02,0,0,0,老师挺棒的，学到的东西挺多的，而不是水水的那种，不过大英四的quiz考砸了 伤心
28154,1757,符亦文,2016-06-28 08:10:23,2,8,6,老师讲课超级赞（虽然我没听），但是给分真的不怎么好......想拿高分还是换人吧
28452,1757,符亦文,2016-06-28 09:03:52,7,8,1,考试的时候还给我们扇风
28514,1757,符亦文,2016-07-01 15:28:56,-2,7,9,给分低 还把每个人的成绩放出来 都不懂得尊重学生隐私么 呵呵
28534,1757,符亦文,2016-06-28 09:56:13,3,3,0,嗯 我要叫一个女生两个男生来回答问题 可是我们只有五个女生呀…然后我得到了居多口语锻炼的机会 欢喜\n\n
28574,1757,符亦文,2016-06-28 10:33:49,2,8,6,均绩 真的 太低了点吧。：）
28653,1757,符亦文,2016-06-28 11:40:19,0,1,1,超级棒，居然没挂
28818,1757,符亦文,2016-06-28 16:21:20,0,0,0,给我很多灵感不如说时间的概念\n\n
28863,1757,符亦文,2016-06-29 01:03:12,0,3,3,老师人挺好，但感觉给分确实差，我口语背诵quiz每次都比大英三高，结果最后绩点比大英三低好多?
28972,1757,符亦文,2016-06-29 04:42:41,7,7,0,学到的不只是英语，很棒的老师
29226,1757,符亦文,2016-06-29 12:51:00,2,6,4,给分不好。\n\n
30523,1757,符亦文,2016-07-02 00:01:16,0,0,0,老师很有思想，也很认真。不过我期末考砸了绩点真心低啊
31742,1757,符亦文,2016-07-04 16:15:11,0,1,1,老师很和善，经常分享一些观点
32070,1757,符亦文,2016-07-05 14:25:06,1,2,1,老师的确有一定的思想，会和我们分享许多观点，英语教学方面也很不错，不过给分在所有老师中不是很好。
33574,1757,符亦文,2016-09-20 06:52:06,0,2,2,不好 我之前是方pa的课 上符老师的课感觉反差还是挺大的
33903,1757,符亦文,2016-09-22 11:53:57,0,1,1,听不懂但还是要挺她
34876,1757,符亦文,2016-10-26 02:02:12,1,1,0,喜欢符老师，踏实，低调，上课有激情，课间很安静，但会放音乐哦…
35271,1757,符亦文,2016-11-07 12:31:32,1,1,0,非常好的老师～非常负责，而且很理解学生，鼓励我们把英语说出来，上课也很有趣，感觉她的教学理念很赞～
36020,1757,符亦文,2016-11-10 10:08:20,1,1,0,超喜欢这个老师耶
36026,1757,符亦文,2017-03-21 16:03:05,0,0,0,啊啊啊啊啊
39686,1757,符亦文,2016-12-27 03:21:16,2,3,1,符老师棒棒哒，很喜欢她给我们分享的经历。不过下学期没选上符老师的课，选上了方富民老师。。。好像也很棒的样子。
39993,1757,符亦文,2017-01-14 00:34:10,-1,3,4,巨烦\n\n
40331,1757,符亦文,2017-01-13 14:13:16,0,3,3,给分不太好……
42093,1757,符亦文,2017-01-13 14:35:14,0,2,2,期末感觉被正态了
42106,1757,符亦文,2017-01-13 15:00:41,4,5,1,哈哈哈哈哈，觉得符老师最棒的还是上课的分享，有她女儿的故事旅游的故事还会推荐书，而且觉得老师身上有种气质很吸引人，给分并不在意，而且我觉得还比较好的。上她的课更多的应该是一种经历的悦享。
42136,1757,符亦文,2017-01-13 15:51:30,0,1,1,final考砸了 但最后绩点也还是蛮惊喜 老师经常给学生鼓励 不会太在意口语的标准程度 喜欢讲一些课外的东西 课堂很有意思 是个很和善的老师
42140,1757,符亦文,2017-01-13 15:53:44,0,0,0,不一一一
42148,1757,符亦文,2017-01-13 16:01:25,4,4,0,挺好的老师，事少。口语很好听起来很舒服，蛮喜欢的，大英四还是选她的课~
42149,1757,符亦文,2017-01-13 16:02:56,0,5,5,分低 分低 分低\n\n虽说我quiz没考好 但这分是真的低啊 \n\n老师口语水平不错 不过上课总的来说还是比较死板的 比较好的一点是事很少 展示不多 听写嘛 印象中只有2次 家庭小故事还行吧 不过感觉每个英语老师都是那种心理学者的感觉hhh
42181,1757,符亦文,2017-01-17 07:06:17,1,1,0,很棒的老师!
42202,1757,符亦文,2017-01-14 01:32:29,26,27,1,“有一天我和女儿在玩，她突然盯着我说‘妈妈的眼睛好漂亮，它有尾巴诶’，原来那是鱼尾纹，女儿竟然觉得妈妈的鱼尾纹很漂亮。”\n\n真的亲切的老师，很会鼓励学生，做事崇尚客观有理有据。很有思想。
42337,1757,符亦文,2017-01-14 04:49:10,7,9,2,很好啊，会分享很多生活中的故事。\n\n讲课很实在，很负责任，事少，又能学到知识。\n\n助教姐姐很温柔，给分也好。
42346,1757,符亦文,2017-01-14 05:04:22,3,4,1,很有思想的老师，上课会分享她生活中的各种事情，而且……只有我觉得老师很漂亮吗？
42399,1757,符亦文,2017-01-14 06:25:51,1,1,0,坐在前排的上台发言会多，但平时分好
43338,1757,符亦文,2017-01-16 07:09:36,-1,1,2,老师超级好 事情很少 满绩啦哈哈哈
53536,1757,符亦文,2017-06-27 02:07:08,4,5,1,大英3和4都是她的，老师不错，比较自由，事情比较少，老师讲课文我基本都不听也没关系，就是经常被叫起来回答问题。给分还行，3和4都是4.5，终于结束啦
53548,1757,符亦文,2017-06-27 03:12:01,3,4,1,听符老师上课真的享受，经常有锻炼口语的机会，作业也很少，上课很轻松～力荐！
53679,1757,符亦文,2017-06-27 09:53:41,3,3,0,老师很温柔，上课也很好(不过我自己上大英本来就容易睡着)，认真听的时候会发现她讲得很好，干货也不少。平时会有一两次小展示，给分嘛……绩点比我预估的少了0.3，不过大英四大家都低，所以无所谓的了。老师人超温和的。
54821,1757,符亦文,2017-06-30 09:10:17,1,1,0,老师人很有意思，上课也挺不错的，事情比较少
54883,1757,符亦文,2017-06-30 11:19:10,7,7,0,我大英3、4都上的老师的课，真的是很好的体验。老师自己口语很好，上课几乎全英而且经常给同学锻炼口语的机会。课下作业很少，课上的氛围也很轻松，老师经常会分享自己生活的经历以及女儿的小故事。尊重每一个学生，即使口语不好的同学她也会认真听而且不断鼓励，课前会放好听的音乐哦～
58979,1757,符亦文,2017-09-19 03:29:34,0,0,0,很活跃
59062,1757,符亦文,2017-09-19 09:10:43,0,0,0,哈哈哈
59791,1757,符亦文,2017-09-27 03:48:23,7,7,0,特别好的老师！课前和课间会放一些轻音乐，讲课的时候会说出很多富有哲理的话，而且特别平易近人。最让人感动的是她十一放假前说，这个假期我们就不留作业了，好不容易有一个长假，大家好好休息一下。哇，简直女神。
63246,1757,符亦文,2017-11-29 12:13:51,0,0,0,很暖，压力不大，有小组展示但不辛苦，鼓励很多！
64172,1757,符亦文,2017-12-21 07:35:19,0,0,0,怎么说，老师很好，真的，觉得很亲切。
64865,1757,符亦文,2017-12-27 13:33:25,0,0,0,很可爱的老师
66060,1757,符亦文,2018-01-11 08:29:38,1,1,0,老师超好
66487,1757,符亦文,2018-01-17 03:39:28,1,1,0,很和蔼，下课会放轻音乐，会分享小故事，基本没有听写。\n\n
66563,1757,符亦文,2018-01-21 13:42:19,0,0,0,老师人挺好，随和又简单
66645,1757,符亦文,2018-01-18 02:45:24,0,0,0,老师超级好的~大英4也是她开心
67261,1757,符亦文,2018-01-20 14:18:23,0,0,0,超级好～\n\n
67719,1757,符亦文,2018-01-22 05:52:09,1,1,0,老师上课很不错的，也很会鼓励人，不会感觉很无聊。但成绩由于比较死板，自己不算太高吧。
67725,1757,符亦文,2018-01-22 06:00:33,2,4,2,老师人挺好的，但给分太低了吧……
67727,1757,符亦文,2018-01-22 06:03:45,1,1,0,老师人很好！心灵鸡汤也好喝！给分求是！
67736,1757,符亦文,2018-01-22 06:12:34,1,1,0,老师人超好 分还行 关键是爱笑
67752,1757,符亦文,2018-01-22 06:33:38,3,5,2,上课认真听很有趣的，但是不认真听就很催眠，老师英语说的很好听很清晰，刚开始听不懂一定别放弃，慢慢的就会发现听力可以提高许多，事真心少，我们就听写过一次所以单词要靠平时（我是考前两小时背了整本书效果真的好），小测水，不过口语…个人觉得老师很重视也想让我们练但是她事少啊所以留的几次小组作业效果不大…给分，保持沉默吧毕竟我英语本来就好
67765,1757,符亦文,2018-01-22 06:50:39,0,0,0,女神！除了讲知识点，还和我们聊人生哲理，真的是很有想法，很好的老师，给分也超棒
67774,1757,符亦文,2018-01-22 07:03:45,1,1,0,相当温柔的一个老师，对学生很好，上课管得也比较松，但是认真听还是能学到很多东西，给分也棒棒哒~
67803,1757,符亦文,2018-01-22 07:37:08,1,2,1,课堂很有意思，轻松愉快。\n\n每节课是由视听说的练习，课文内容和课堂交流组成，很充实。\n\n也没有几次很麻烦的各种展示，小组合作愉快就好? \n\n我多希望我的大英四还是她。
67933,1757,符亦文,2018-01-22 10:34:53,0,0,0,就听写过一次，人也超好，给分还行
67936,1757,符亦文,2018-01-22 10:39:00,-3,3,6,老师课上的还是很好的，而且很温柔很宽容。然而，虽然和老师无关，但绩点只有3.6好气啊
67955,1757,符亦文,2018-01-22 11:29:50,2,2,0,上课真心不错，炒鸡温柔，但是给分可能一般，但是主要还是期末考有点难了，不能怪老师!反正老师真的是炒鸡nice。
67963,1757,符亦文,2018-01-22 11:46:02,2,20,18,我真的是服了这绩点，给分不好，慎选
67979,1757,符亦文,2018-01-22 12:12:25,2,20,18,我对于这个绩点，我是真的没脾气。我的英语不敢说自己是佼佼者，但是也绝对不可能是差生。平时的小测和作文分数都是比较高的。但是这个给分，我挺绝望的。成绩出来的时候，我都不敢相信自己是眼睛。真的绩杀，虽然大英本来绩点就比较低，但是这么低，真的超乎了我的想象。我不知道该说什么了。
68272,1757,符亦文,2018-01-23 02:13:28,1,1,0,老师很棒，很暖，虽然英语成绩一直都不好，哈。
70069,1757,符亦文,2018-01-26 05:21:53,1,6,5,老师超级好，10分 绩点只有2.7，但是这也是我没花一点时间咎由自取(还好微甲4.5抬了我一手。。)我发誓下学期一定好好学大英四！(立个flag)
76621,1757,符亦文,2018-04-16 10:36:10,0,0,0,很好的老师
80558,1757,符亦文,2018-06-28 01:46:18,0,0,0,一生受益，谢谢老师！
81442,1757,符亦文,2018-07-05 05:54:25,1,1,0,老师真的挺好的 会讲些自己的故事和想法 三观很正 但是也不会让你排斥
81445,1757,符亦文,2018-07-05 05:59:50,2,3,1,给分有点低。上课挺好的
81452,1757,符亦文,2018-07-05 06:21:24,0,3,3,大一整年都有幸选到了符老师，因此离开您的课堂让我不禁感伤。您是真正的好老师，温柔，爱笑，美丽，儒雅大方，爱和我们分享您的故事，尤其是您对我们的关爱让我倍加感动。以后我可能不再会在大学学习英语课程，但是谢谢您让我爱上学习英语！
81471,1757,符亦文,2018-07-05 07:30:57,6,9,3,好老师呀！有评论说给分不好那不是您自己考试没考好么大英给分都这样呀……手动白眼。\n\n借用老师的话说“反对任何以绩点体现师生情的说法”。
81483,1757,符亦文,2018-07-05 07:45:29,4,5,1,上课会很注重听力和讲解单词用法，上课干货满满，同时在课堂中会分享很多自己对一些事情的看法或者跟老公孩子之间发生的有意思的故事…总之老师是一个超级活泼亲切又思想独立的女性，推荐选她的大英~
81495,1757,符亦文,2018-07-05 08:15:51,1,3,2,大英3和4都是她，非常棒的老师！\n\n说给分不好的，英语不都是自己考出来的嘛  平时分占比又不高
81611,1757,符亦文,2018-07-05 14:13:32,0,4,4,符老师真的是很好的老师~学语言真的需要认真，也需要用功的呢~老师领进门，修行靠个人，符老师绝对是能把前一句做好的人~基础不好的上课认真听，基础好的一般上课跟着走，真的能得到不少锻炼，尤其语言表达，至于绩点，你觉得好好看书背单词背句子真的做到了吗？理工科学生真的全都每天背单词忙英语了吗？所以真的不是老师的问题，老师已经很棒辣！
81657,1757,符亦文,2018-07-06 02:16:32,-7,1,8,给分不好 非常不好 上了其他老师的课 觉得差距很大 其他老师能够有所收获 在这里真的绩杀+水
81714,1757,符亦文,2018-07-06 03:05:35,1,1,0,喜欢炫女儿
81800,1757,符亦文,2018-07-06 08:05:15,1,2,1,老师真的很好，但是给分是真的比较低
82232,1757,符亦文,2018-07-07 13:57:05,2,2,0,感觉老师语速稍快 可能是我之前老师语速慢的缘故 平时偶尔有听写 一次小组展示 事情不算多 经常扯些鸡汤之类的 好好学最后绩点还不错
86696,1757,符亦文,2018-09-18 04:30:22,1,1,0,超级棒的老师啊啊啊啊啊啊啊啊啊！！！
87467,1757,符亦文,2018-09-29 06:58:43,0,1,1,可以的
88071,1757,符亦文,2018-10-21 11:56:39,0,0,0,超级喜欢符老师，真的好温柔，特别会考虑学生感受，作业还特别少。很善于鼓励学生上课积极，特别好就像朋友一样
89604,1757,符亦文,2018-11-20 02:36:22,1,2,1,幽默，和善，观点独特有风格，总之就是棒棒棒！！！
90027,1757,符亦文,2018-11-21 22:54:27,-16,4,20,给你一分\n\n是因为没有零分
91908,1757,符亦文,2018-12-24 15:06:06,-3,0,3,棒棒哒
92102,1757,符亦文,2018-12-26 11:25:15,0,1,1,爱了爱了 人太好了
94090,1757,符亦文,2019-01-15 07:13:49,1,2,1,最后，老师祝我们找到真正的爱情并说有什么事可以打我的电话。\n\n会讲很多哲理
94441,1757,符亦文,2019-01-16 12:52:53,-2,0,2,很好，很亲切可爱
95520,1757,符亦文,2019-01-19 13:57:04,-1,2,3,老师是好老师，事情也少，但硬核，不喜欢英语的同学慎选
95537,1757,符亦文,2019-01-19 14:20:48,0,2,2,听不懂，我太菜了
95543,1757,符亦文,2019-01-19 14:38:57,0,1,1,老师挺好的
95545,1757,符亦文,2019-01-19 14:42:10,2,3,1,老师是事情真的少，基本上没有作业，最多就是几次pre。老师也经常和我们讲一些哲理，最后一节课还祝愿我们找到能互相依赖的爱情，真的是好老师。至于说鸡杀的，大英的成绩基本上取决于你个人的努力，与老师没有多大关系，认真背单词和课文，平时上课不要走神多发几次言就可以了。
95557,1757,符亦文,2019-01-19 15:00:42,2,3,1,虽然我绩点巨低，但是老师真的是超级好老师！
95601,1757,符亦文,2019-01-19 16:03:12,2,3,1,超好 事少 上课想水的可以很水（没错就是我全程玩手机 会鼓励你上去发言 最后一节课还有活动 平时会讲很有趣的小故事 对了老师唱歌敲好听 至于绩点 你英语水平怎么样心里没个数吗 老师都把平时分给你了 总评怎么样还是看你期末考啊 你考得不好选什么老师都是绩杀好吗
95620,1757,符亦文,2019-01-19 16:21:12,2,3,1,作业敲少，给分敲好的啊
95668,1757,符亦文,2019-01-20 00:23:05,2,3,1,符老师超级可爱，然后声音很好听，口语也超级棒呢。选课的时候第一时间就去寻找她的课，然而时间冲突了，难过o(╥﹏╥)o
95684,1757,符亦文,2019-01-20 01:36:55,0,2,2,符老师真的很棒啊，对同学都挺关心的，课上会补充很多文化方面的东西，然后几乎没有什么课后的事情。给分还好吧，毕竟大英挂科率高，而且我确实没有认真学，，
95826,1757,符亦文,2019-01-20 06:01:36,-2,1,3,老师事少人好，口语听起来很舒服。成绩的评分标准讲得很清楚，上课可水可听。
95954,1757,符亦文,2019-01-20 09:26:30,1,4,3,老师讲课全英，上课主要以帮助学生锻炼口语和听力能力为主，课下作业也不算多，老师真的是很体恤学生的，上课会有很多干货，要是能好好收集的话应该会收获很多（虽然我只是一听而过）。一个学期下来感觉自己的英文听力口语水平提升了不少。但是想拿高分主要还是靠自己，老师不会给学生太大的压力，一般没有听写什么的，所以像我这种没人逼我就不会去主动背单词的孩子到了考试就真的吃亏了? 所以还是劝大家平时还是自己多付出一点，到了烤柿粥不至于太累
95979,1757,符亦文,2019-01-20 10:10:12,-3,5,8,老师声音很年轻呀，口语发音很标准。很敬业，一次问了她一个问题，她在公交车上看见了老外想起来我的问题就帮我问了，后来知道了很感动。老师上课干货满满，对于一道题不会只信答案，会仔细思考同学们的问题和建议，我没有认真学英语因为时间不够，还是拿了4.5，棒耶
96346,1757,符亦文,2019-01-21 00:59:41,1,9,8,如果你选上她的课了，只能说，我实名嫉妒你
96663,1757,符亦文,2019-01-21 08:49:49,-2,9,11,浙大有这样的老师刷新了我的三观，借着素质教育的幌子上课讲与课堂无关的内容，纯粹的炫技式教法，学生听不懂还都不提问，一个学期下来毫无收获，虽然给分还过得去，但是确实课毫无营养，老师人好不代表课上得好，不要误导学弟学妹！！！
96764,1757,符亦文,2019-01-21 09:57:38,0,7,7,老师是真心想传授知识的...总之体验超棒
97556,1757,符亦文,2019-01-22 10:37:59,-1,9,10,有没有搞错？？？？？给分哪里好了？？？？简直是绩杀！！！从来没得过这么低的分数 比专业课都低 我真的服了自己为什么当时会选她的课缺不换！！！一个学期下来根本什么都学不到 毫无收获 上过其他老师的课才知道真正的大学英语原来可以学到那么多东西。甚至也不是绩杀。
98952,1757,符亦文,2019-01-24 05:40:19,0,5,5,超爱老师的！！事情少，上课温柔，下学期的大英四一定好好学！
99444,1757,符亦文,2019-01-24 23:31:21,1,6,5,人生导师 上老师的课你能感受到真正的温暖 英语学习靠自己 但人生哲理需要有这样的老师教 最后一节课还给我们唱歌 可好听了
100007,1757,符亦文,2019-02-14 12:57:40,-4,6,10,辣鸡老师，给分差还冠冕堂皇。上课不注重学生听课效率，喜欢自嗨，学不到干货，服了
101330,1757,符亦文,2019-01-28 04:27:24,-19,1,20,积极参与课堂，规规矩矩背完单词表，大英三拿4.5很简单。
103317,1757,符亦文,2019-02-27 08:56:06,-1,4,5,垃圾老师 上了别人的大英四  才知道你有多垃圾
105120,1757,符亦文,2019-07-07 10:29:38,-28,3,31,上完大英四回来修改一下符老师的评分吧 对比一下得好像确实挺水的 而且分低 除了最后一节课安排了庆祝活动 交换了礼物(我拿了个吊用没有的肥皂还巨恶简直跟不要的垃圾一样 强烈谴责这个人准备礼物的用心程度 我好歹准备了笔芯最起码还实用呢) 老师唱了首歌给我留下了很不错的印象外其他也没啥 大英靠自己好好努力吧 我三四都有4.5哦 不过符老师教的大英3卡绩了 我觉得我考的挺好的但老师解散了群没法问分数
106806,1757,符亦文,2019-04-29 16:30:47,1,3,2,老师很好 上課也有東西\n\n大一到上完大英之後現在大三了\n\n有天在路上遇到他還能記得我的名字打招呼\n\n那種感覺真的很感動
110712,1757,符亦文,2019-06-28 05:14:02,2,3,1,不挂之恩
111029,1757,符亦文,2019-07-03 00:53:11,-2,4,6,不知道做了什么可以让老师对我有这样的偏见，提前选修大三的课程只是出于兴趣，即使没有付出所有的努力但也不该得到这样的分数。考试周突然联系我，说我的论文是下载的，没有任何证据就可以这样抹黑一个人的努力。在我解释之后就转移重点，说是论文格式的问题，整个过程连一句道歉都没有，为了论文的一行字让我来回折腾。更不要提最后一节课小测助教忘记来了，让全班同学浪费半节课的时间等她。
111950,1757,符亦文,2019-07-03 04:14:07,2,4,2,外院专业课，干货不多，给分不太好，是低于平均水平的
112359,1757,符亦文,2019-07-04 02:40:04,1,3,2,两个学期下来 感觉大英课水是通病吧 主要还是靠自己背背单词 老师上课会给我们听视听说 我觉得挺好的 然后课后除了作文之外几乎没花时间..不太喜欢助教
114873,1757,符亦文,2019-07-12 07:47:38,2,4,2,传媒，老师是学霸，备课很认真pre会给详细反馈的那种，有干货，对媒体环境感兴趣的话值得一听，认真思考认真做作业给分超好
120569,1757,符亦文,2020-01-13 01:36:27,1,3,2,挺好的，老师很和善
121764,1757,符亦文,2020-01-21 17:49:05,1,3,2,炒鸡温柔，炒鸡好，
130838,1757,符亦文,2021-01-25 02:30:01,1,2,1,老师很棒
131497,1757,符亦文,2021-01-27 17:44:43,1,3,2,老师真的很棒啊！充满了人文关怀！
137496,1757,符亦文,2021-07-04 13:28:42,6,6,0,大英三和四都是她的，虽然绩点一般般\n\n但是她的课或多或少给了我一点生活的热情，我很感谢她
144309,1757,符亦文,2021-12-21 05:23:50,2,2,0,此生不悔
145287,1757,符亦文,2021-12-29 01:53:04,4,4,0,符妈妈
146143,1757,符亦文,2022-01-05 14:36:20,2,3,1,老师真的境界很高，很有思想
146644,1757,符亦文,2022-01-07 06:51:46,0,0,0,很不错的老师，上课有人文关怀和人生经历分享，最后也没挂，如果可以我大英IV还想选她，只不过课表冲突了哎。
146692,1757,符亦文,2022-01-07 08:12:54,-4,3,7,水课，学不到啥，绩点一般般，事也不少但好混
146711,1757,符亦文,2022-01-07 08:52:33,0,0,0,很好的老师，高考120最后喜提绩点3.0，本来以为要挂科了，老师太好了呜呜呜
146796,1757,符亦文,2022-01-07 12:49:57,0,0,0,一句话：上她的课我收获很多！
146831,1757,符亦文,2022-01-07 14:14:15,2,2,0,大英上课的话感觉都差不多吧，老师说着不捞人，考完试就解散群，不过身体还是很诚实，老海底捞了
146912,1757,符亦文,2022-01-08 04:23:48,0,0,0,老师海底捞 满分60小测一般30左右 期末60不到 老师捞到3.0了 大爱符老师
151316,1757,符亦文,2022-02-28 10:40:02,0,0,0,符老师超级好
151389,1757,符亦文,2022-03-02 03:45:07,0,0,0,很喜欢老师的课，人生道理讲得很多，挺有深意的，说话很亲切，并且会给很多练口语的机会
153488,1757,符亦文,2022-05-01 15:21:41,0,0,0,符妈妈超级好！
155600,1757,符亦文,2022-06-14 14:29:24,1,2,1,很好的老师 课上经常会讲很多令人受益的道理 对学生也很好 经常鼓励学生
155666,1757,符亦文,2022-06-15 05:54:28,0,0,0,符老师人很好，上课也会有很多有趣的故事讲给你听，但是英语这门课，注定了要靠自己，唉~
163428,1757,符亦文,2022-12-14 09:19:27,1,1,0,符老师真的超级温柔和蔼，讲的也都是知识点干货，课堂上对一些问题也有自己独到的见解，很推荐。
163486,1757,符亦文,2022-12-14 12:44:17,0,0,0,老师口语真的特别好，对所有人都很耐心，从来不会因为迟到批评或者扣分，不会点名。课间会放英文电影或者英文歌，真的特别好特别好的老师。做展示会鼓励我们脱稿完成，真的给我们很多帮助，好喜欢老师呜呜。
168660,1757,符亦文,2023-02-20 15:52:11,9,10,1,我真的好爱老师啊啊啊啊啊啊啊啊啊\n\n快冲 近乎完美的老师\n\n拿到了大学第一个满绩\n\n老师真的超级超级温柔 非常非常鼓励照顾学生
168664,1757,符亦文,2023-02-20 16:14:36,3,3,0,课上很少逼你去背单词，课堂氛围很轻松愉快，课间会放电影……有一次早八大家都很瞌睡，老师就把休息提前让我们休息了一下！老师还会给我们讲她锻炼身体的事，结合单元内容让我们注意锻炼身体！！超级棒的老师，自己是一个英语差生，高中英语很荒废，但大学学英语很轻松，主要看自己，老师不会给你太多压力。不管什么方式，只要是你认为正确的就坚持下去吧！！！
168734,1757,符亦文,2023-02-21 13:35:27,0,0,0,给分比较合理，感觉还是符合个人水平的，上课比较会表达自己的思想，还挺好。
169223,1757,符亦文,2023-02-25 00:31:21,-2,1,3,难过，明明已经复习到半夜，最后绩点只有3.3，虽然是听力和口语差了一点不止于此叭，qaq不过老师人还是挺好的（？，但是接触不太多
169537,1757,符亦文,2023-02-27 00:33:04,2,2,0,真好啊
169948,1757,符亦文,2023-02-28 14:58:00,2,2,0,感觉没怎么捞，不过老师很好
175363,1757,符亦文,2023-06-24 08:10:51,0,2,2,fyw我的神！！！一学期从未听过课，吃高中老本+考前突击背单词最后4.5！捞王啊啊啊！
177242,1757,符亦文,2023-07-02 11:12:37,2,3,1,妈！！！
177990,1757,符亦文,2023-07-06 04:05:57,1,1,0,英语语言与社会，期末三天速成，给分好。老师注重平时的学习态度，很客观
180831,1757,符亦文,2023-09-27 04:10:09,1,1,0,我吹爆，人超好，超级温柔，讲课方式很喜欢，比较细致需要及时记笔记（不然后面肯定会忘），态度一级，选上就是你的福气
181175,1757,符亦文,2023-10-11 01:56:23,1,1,0,妈妈🥹🥹🥹
186207,1757,符亦文,2024-01-09 11:44:46,11,11,0,今天刚考完大英三来评一下，符老师真的超级好超级温柔！！！评分细则讲得都很详细，quiz的卷子都是亲自审了又审才发还给我们的，虽然没出分但是感觉比较求是（）。平时上课也不仅会讲知识，还会延伸到一些关于社会现象、价值观念的思考，HNYparty很有趣但是i人地狱hhhhhhh。很幸运大英四又选到了符老师的！喜欢符老师的人，再坏也坏不到哪去，这就是我的善恶观。符门！
186569,1757,符亦文,2024-01-12 00:49:29,1,1,0,大爱老师
186576,1757,符亦文,2024-01-12 02:20:17,1,1,0,好，非常好。
186658,1757,符亦文,2024-01-12 11:19:17,7,7,0,太会捞了，我甚至算不出来她用了什么公式把百分制分数提到这么高
186779,1757,符亦文,2024-01-13 04:45:43,2,2,0,很好的老师，人很好，上课也很好
189886,1757,符亦文,2024-02-01 06:20:56,1,1,0,不知道捞没捞，但没挂就感谢你了。
192573,1757,符亦文,2024-05-24 04:44:44,5,5,0,从小学到现在见过的最好的老师，我愿称她为符妈妈
193752,1757,符亦文,2024-06-17 13:27:30,3,3,0,很好的老师，没有作业和额外的任务，上课也很自由，不需要卷发言\n\n而且上课也很热情，很体谅学生\n\n非常幸运是上她的大英四
198670,1757,符亦文,2024-09-10 14:11:44,-26,3,29,很不友善的老师
200070,1757,符亦文,2024-10-12 08:08:45,2,2,0,真神！！
202727,1757,符亦文,2024-11-14 04:30:06,6,6,0,有情怀，有温度，有专业素养。
208463,1757,符亦文,2024-12-28 06:18:02,1,1,0,符妈妈 喜欢老师 没出分也喜欢 温柔又友善
209804,1757,符亦文,2025-01-07 06:49:26,1,2,1,很好的老师 首先大英IV这门课程能留给老师操作的给分空间并不是太多 但是能看出老师尽力在小测和作文等平时分上给我们尽量漂亮的分数。虽然最后期末考的不是很好（哭泣）但是老师的专业素养和社会情怀已是非常值得入手的因素！
209815,1757,符亦文,2025-01-07 07:23:45,-2,0,2,给分太低辣
209817,1757,符亦文,2025-01-07 07:26:45,3,3,0,大英四出分了来写个感想。符老师会在上课前和课间放好听的歌（偷偷开了听歌识曲种草了好多歌~），会在上课讲课文的时候拓展很多之前的经历和有意思的事。会聊人生经验聊处事智慧。鼓励每一位同学上台展示自己，口语和自信都得到了很大的提升。超赞！（许愿剩下的外语学分还能选上她的课！
209822,1757,符亦文,2025-01-07 07:39:44,1,1,0,期末最慌的一门被捞上岸了，感动😭老师真的非常好，平时上课也有两次可以不来的机会，很有人文关怀的一位老师
209874,1757,符亦文,2025-01-07 09:47:07,5,5,0,符老师超级好，很体谅学生，上课时经常和我们分享她的见闻以及她对于一些现象的思考。平时也经常鼓励学生，表扬学生。虽然自己最后绩点并不高，但仅仅是自己原因而已，符老师是满分的！
209889,1757,符亦文,2025-01-07 10:26:52,0,0,0,喜欢老师
210619,1757,符亦文,2025-01-09 12:42:11,3,3,0,喜欢老师！符妈！虽然绩点没有特别理想（可能是自己最后期末没发挥好）但是真的收获了很多！
221868,1757,符亦文,2025-06-27 03:53:22,0,0,0,讲课很好，当时课上聊到的题外话有一个点对我产生了很大的鼓励作用，最后大英四4.5/90
328,1762,瞿云华,2015-03-15 00:55:39,14,20,6,平翘舌不分
335,1762,瞿云华,2015-03-15 00:59:21,4,7,3,良莠不分
2151,1762,瞿云华,2015-04-03 02:30:33,4,7,3,比较水
2244,1762,瞿云华,2015-04-13 16:06:22,4,7,3,很水，很无聊。
2286,1762,瞿云华,2015-04-16 09:02:15,9,12,3,无聊给分又不好，水
5220,1762,瞿云华,2015-07-06 01:58:02,2,5,3,听写单词简直灾难T^T
5568,1762,瞿云华,2015-07-08 09:55:33,6,10,4,发音太醉人给分还烂
9758,1762,瞿云华,2019-06-28 08:17:45,1,3,2,每日一分
19931,1762,瞿云华,2016-01-25 14:36:32,1,4,3,学不到什么东西
48216,1762,瞿云华,2017-03-01 09:16:20,1,2,1,很无聊发音也不好的老师
49452,1762,瞿云华,2017-04-13 08:09:42,1,2,1,一场灾难
51930,1762,瞿云华,2017-06-13 15:32:15,1,3,2,很差，发音迷，上课迷
53258,1762,瞿云华,2017-06-26 09:09:33,2,4,2,这门课负担挺小的，给分不错哦
53292,1762,瞿云华,2017-06-26 10:01:54,2,4,2,比想象中的成绩高了很多，谢谢老师
53449,1762,瞿云华,2017-06-26 15:32:35,0,5,5,刚刚学术英语满绩的我就来评价老师啦，课程事情少，一学期只有三次作文，一次小组展示，期末是给你一篇论文写摘要，老师真的懂很多写作的技巧，跟着老师能学到东西！
53524,1762,瞿云华,2017-06-27 01:46:09,0,5,5,学术英语，压力小，作业少，上课也轻松，给分很不错，推荐一下。老师其实为人很亲切，也很通融，说不好的最好多在自己身上找原因
53793,1762,瞿云华,2017-06-27 14:26:37,3,6,3,学术英语 给分很好 内容很少 发音很醉 很多韩国人 想水就来选 总体:给个及格吧
58093,1762,瞿云华,2017-07-29 11:44:45,-6,2,8,大傻逼
59218,1762,瞿云华,2017-09-20 08:12:14,3,4,1,鬼眨眼
60180,1762,瞿云华,2017-10-12 07:15:18,2,3,1,前两节课最大收获就是分了个组，第三节课又重新分啦
64170,1762,瞿云华,2017-12-21 07:32:30,-1,5,6,说“gay”是贬义词这是一个大学英文老师的素养？
67731,1762,瞿云华,2018-01-22 06:07:02,5,5,0,老师对工科生很友善。看得出老师对词汇学的研究水平。想扩宽学习英语的方式很建议选老师的课。
67798,1762,瞿云华,2018-01-22 07:33:01,1,2,1,难受，明明很认真复习了还是那么低，感觉很无语，在意成绩的不要选。醉了
67811,1762,瞿云华,2018-01-22 07:44:06,0,1,1,难受 别选
67849,1762,瞿云华,2018-01-22 08:16:27,-1,0,1,别选就是了
68818,1762,瞿云华,2018-01-24 02:36:17,7,13,6,英语词汇学 一次展示10% 一篇字数不多的小论文60% 期末测验30% 期末测验很简单 内容涉及很少 课本后原题都有出现 要是平常上课认真听 课后花半小时看 期末都不用复习 当然 老师上课让我想睡觉 几乎没听 期末也就大概翻了翻书 掌握核心概念 做做课本习题 期末考自认为嗯中上水准 论文写得还算不错 最后90+
72513,1762,瞿云华,2018-01-30 09:20:40,7,8,1,我觉得老师挺不错的，老师可能年纪大一些，说话比较慢，但是真心为学生着想，词汇学不仅会将词汇学知识，也会讲很多其他的东西，感觉挺有收获的。一篇论文一次展示期末小测验，事情不算多。能不能学到东西还是看自己的态度吧
81169,1762,瞿云华,2018-07-04 08:01:32,4,6,2,英语词汇学真的水，轻轻松松拿高分
81196,1762,瞿云华,2018-07-04 09:06:12,10,12,2,已经上了老师的两门课都满了 平心而论是个好老师 只是口音不大行 讲到她擅长的语言学她总是眼睛发亮一般
81234,1762,瞿云华,2018-07-04 11:29:05,3,4,1,上课很轻松，期末的quiz很easy，给分挺好，适合英语比较弱的学生，比大英好
81460,1762,瞿云华,2018-07-05 06:40:38,5,7,2,其实老师挺好的，词汇学也挺轻松的，轻松拿高分
95982,1762,瞿云华,2019-01-20 10:14:03,1,3,2,老师人很好，期末考要背的东西虽然很多，但是出题是真的简单!给分超棒!
95988,1762,瞿云华,2019-01-20 10:24:54,2,3,1,通识的词汇学半年游\n\n私以为课上真的学不到什么东西，老师讲课效率低，而且容易抓不到重点\n\n期末考试内容都在考纲里，比料想中要简单并且给分也不错\n\n建议水分的选课，想认真学内容的话还是换课或者认真啃书把～
96158,1762,瞿云华,2019-01-20 13:41:40,0,1,1,上了非常轻松，给分超级棒，平常认真听课不怎么需要复习的，关键是课上多和老师互动
103828,1762,瞿云华,2019-03-06 06:45:21,2,2,0,上课挺让人绝望的
109675,1762,瞿云华,2019-06-18 09:06:54,0,0,0,老师人很好\n\n但上课内容知识点含量有点少\n\n但看书也能学到很多
109687,1762,瞿云华,2019-06-18 11:35:29,0,0,0,词汇学，个人感觉，，真的完全靠自己，，，老师上课没什么东西，平时也没作业，而且很有一部分人看手机，，包括我，，感觉纯粹就是水了一学期吧，，啥都没学到。。。
109724,1762,瞿云华,2019-06-19 01:30:13,0,0,0,特别特别可爱的老师呀
110774,1762,瞿云华,2019-06-28 13:06:12,0,0,0,老师真的很好！人也特别和善，有问题也会帮忙解决，课程内容不很复杂，每节课都有视频/网站啥的可以看，其实蛮有意思的
110780,1762,瞿云华,2019-06-28 08:19:19,0,0,0,资源分享狂魔
110783,1762,瞿云华,2019-06-28 08:22:14,2,2,0,很水，期末背背，论文写写，给分不错。很多资源呢，还有奇奇怪怪的网站
110801,1762,瞿云华,2019-06-28 08:45:28,1,1,0,不错的老师，给分高，考试只要背完所给资料，就可以写出来.
110859,1762,瞿云华,2019-06-28 12:05:46,0,0,0,老师人很好的。
110887,1762,瞿云华,2019-06-28 12:56:29,2,2,0,很用心。给分好
110896,1762,瞿云华,2019-06-28 13:21:21,0,0,0,十分走起……可能是正态分布导致各种老师给分都差不太多吧，我还是喜欢水课啦
114392,1762,瞿云华,2019-07-10 00:37:33,1,1,0,老师人很好，这门课收获很大，感觉是真正在走进一门语言的学问，跟大英完全不一样，学的内容其实很新颖很有趣。想学东西从来不可能光靠听老师讲，老师讲解的内容和给的资源已经足够多了，这门课看起来上课水，实际上我觉得是难得的1.5分通识课里有内容有意思的课。高分也很好拿，每周给的资料背一遍，论文一篇，期末单词全部复习一遍，拿个4.5以上应该不难。
78,1768,马以容,2015-03-14 15:41:03,7,10,3,在轻松愉悦的环境下学习同时可以提高自己的综合素养
1121,1768,马以容,2015-03-21 16:13:51,2,6,4,会喜欢上课抽人 能水能学到知识
1857,1768,马以容,2015-03-26 02:22:50,48,58,10,很有亲切感，比起成绩，更希望学生们开心。这和她乐观的性格有关，更是基于师生间的交流和信任。
2081,1768,马以容,2015-04-01 08:46:01,22,26,4,最没有距离感的老师
3482,1768,马以容,2018-06-12 06:33:01,12,17,5,课堂气氛比较好，但授课内容干货相对不足
4900,1768,马以容,2015-06-30 06:58:34,3,6,3,很亲切
5101,1768,马以容,2015-07-04 07:11:09,12,15,3,空话比较多
5614,1768,马以容,2015-07-08 16:20:47,8,22,14,虽然说她不直接点名，但是她有秘密记录不去会死得很惨。空话很多，给分坑。特别爱说自己理性自己公平。发音恐怖。\n\n
5641,1768,马以容,2015-07-09 02:13:48,0,4,4,很好的老师\n\n
5825,1768,马以容,2015-07-09 14:10:04,0,4,4,很不错
6774,1768,马以容,2015-07-23 01:42:31,9,14,5,容哥儿脑残粉在此(๑•ั็ω•็ั๑)
9195,1768,马以容,2015-10-16 02:53:31,38,45,7,她要是不喜欢你你会被坑的很惨。
14267,1768,马以容,2016-01-06 03:05:52,1,5,4,大一五门专业课里最喜欢的老师
16118,1768,马以容,2016-01-17 08:49:08,1,9,8,这样的好老师 我打10分都嫌低
19849,1768,马以容,2016-01-25 11:55:12,12,19,7,上课挺好的给分挺伤人的  背后给你开一刀哦呵呵呵呵呵
21908,1768,马以容,2016-05-17 00:31:35,1,6,5,好老师 可惜这学期上不到她的课了...
24283,1768,马以容,2016-04-29 05:31:56,7,11,4,给分烂的一比
26215,1768,马以容,2016-06-16 09:22:21,0,4,4,我每次都上4了。老师讲的很好的。很有激情的一个老师。
28167,1768,马以容,2016-06-28 08:11:56,0,3,3,语音学课好难。。上了很多马老师的课，属于比较少给高分的老师，但也不会太低。老师记人很厉害，会跟学生唠嗑?
46492,1768,马以容,2017-01-22 01:11:28,2,3,1,给分真的...........
47051,1768,马以容,2018-06-25 13:54:11,1,5,4,很喜欢马老师上课的热情以及做事情的利落，综英课可能…我自己不太喜欢这种类似高中英语的多方面学习方式吧，一直以来上课发言、作业和小测都不是很理想，但是期末考试认真复习最后绩点居然也上了4，真的…感谢师生情吧，下学期更认真一些?
47317,1768,马以容,2017-01-25 08:30:19,0,3,3,综英教得超级认真，细致全面又不乏课外拓展，点赞
47999,1768,马以容,2017-02-28 02:54:00,16,21,5,完全赞同楼上的“她要是不喜欢你会被坑很惨”…小测全90+然而最后给分跪…
49487,1768,马以容,2017-04-17 02:09:55,0,3,3,好老师啊，总之我喜欢就是了～
52144,1768,马以容,2017-06-15 06:43:36,3,6,3,上课气氛开心，没啥压力，可以轻松学知识，期末考试好好看书的话，也不是很难。不论成绩怎样，老师人还是很好的。
53175,1768,马以容,2017-06-26 06:32:29,-2,2,4,语音学老师给分很良心，谢谢老师。
53253,1768,马以容,2017-06-26 08:59:13,0,4,4,语音学直接给我来了背后一刀，坑惨了被。
54774,1768,马以容,2017-06-30 08:01:01,0,2,2,挺好的，很热情的回答你问题，期末可能是我太菜了吧嘤嘤嘤
54844,1768,马以容,2017-06-30 09:59:54,0,2,2,老师超棒啊，一节课就记住我名字了，天天上课拿我举例子?，学到很多东西
55997,1768,马以容,2017-07-03 01:36:47,1,6,5,可否不要在某外教给出的符合规定的分数上倒扣5分
65503,1768,马以容,2018-01-04 19:58:41,1,3,2,超级碗不公平
72371,1768,马以容,2018-01-30 03:46:18,0,2,2,楼上一个同学又暗示我aa，但是好像扣五分不是马老师是wyf
72604,1768,马以容,2018-01-30 13:25:16,1,2,1,老师还挺好的，比较亲切，讲课中等偏上吧。只要努力，愿意说话，愿意发言，分数还好的
73287,1768,马以容,2018-02-01 09:25:51,4,8,4,给分高不高要看她喜不喜欢你，期末考高也没用
74357,1768,马以容,2018-02-14 01:51:00,0,1,1,批判性阅读比较难，分比较难拿
74558,1768,马以容,2018-03-03 13:18:13,0,7,7,1、老师很喜欢男孩子。\n\n2、老师喜欢比较慢性子，说话慢条斯理的学生（可能是她本人比较急性子。\n\nSo，符合上述标准，去上她的课吧！\n\n其他的话………给分真的差，很差，很差
74767,1768,马以容,2018-03-06 00:00:03,3,4,1,人好给分好
79681,1768,马以容,2018-06-12 15:20:14,0,2,2,老师上课很温柔，很亲切，平易近人，没有距离感，上她的课真的很舒服，会给我们很多建议，我暑校去美国，她还主动帮我问当地的情况。也特别能理解我们的难处。
80047,1768,马以容,2018-06-19 07:35:36,0,3,3,马以容老师真的呵呵呵   看人下菜碟   上课没什么东西   空话连篇   不如选隔壁ssc老师的课真的 比她有水平多了
81077,1768,马以容,2018-07-03 14:55:57,1,1,0,老师给分很好 上课也很有趣
83326,1768,马以容,2018-07-10 06:02:11,1,1,0,英美概况。两篇课上作文（虽然因为种种原因变成了课下）。一次展示。两次开卷quiz（考前翻翻书基本都可以找到）。总体算是比较水的一门课。老师上课的话会分享一些自己的经历，感觉这个才是我这门课的收获。自己课上也不积极互动，也不是能被老师记住名字的那种，绩点4.5真的很感谢老师了~
83381,1768,马以容,2018-07-10 07:45:46,7,7,0,马老师上课活泼，形式生动，对同学很友好，气氛非常愉快。\n\n有presentation和quiz，要求不高，没什么负担。只要课上认真听，期末考试就能考的很好。\n\n老师会记住所有人（算是点名啦），给分不错，总体体验很好，十分感谢马老师一年以来的教育和陪伴！
83402,1768,马以容,2018-07-10 08:15:33,1,1,0,英美概况体验不错，算是挺水的吧。给分正常，看考试吧。
83822,1768,马以容,2018-07-11 09:03:29,1,1,0,我就是疯狂喜欢马以容老师这个人 没别的 无法客观评价
87651,1768,马以容,2018-10-09 06:32:43,0,0,0,外院最亲切，最没有距离感的老师了！
95306,1768,马以容,2019-01-19 07:41:21,0,0,0,很好很好
96696,1768,马以容,2019-01-21 09:19:42,0,0,0,批判性阅读。跟着老师读了不少不错的散文。推荐的课外阅读也不错。考试有点像之前学的综合英语。
96739,1768,马以容,2019-01-21 09:51:58,4,4,0,人蛮好的，很热情，除了分数不太高
99268,1768,马以容,2019-01-24 14:06:30,-1,0,1,不得不给10分，上老师的英美概况，拿到了第一个满绩
101230,1768,马以容,2019-01-28 02:29:58,1,1,0,分不高
101299,1768,马以容,2019-01-28 03:48:59,1,1,0,给分低
101359,1768,马以容,2019-01-28 05:31:43,1,2,1,上课挺轻松的，喜欢跟我们唠嗑，作为一个在老师面前超害羞内向的人，能有这样的分数真是万分感谢啦~认认真真学结果不会差哒
109019,1768,马以容,2019-06-05 19:17:33,2,2,0,老师严重偏心. 跟一些学生笑嘻嘻另一些完全不理. 呵. 分数好不好全看她喜不喜欢你.
111039,1768,马以容,2019-06-29 10:08:38,1,1,0,超级喜欢马老师的综英课！！老师特别注重对学生阅读、写作、口语各个方面的培养！！对学生们也很关怀～爱马老师～
111505,1768,马以容,2019-07-01 23:40:48,1,1,0,感谢师生情?这个学期课堂活动一直没有特别积极主动 期末考试也发挥的不好 能拿到这个成绩真的很满足了?老师人真的特别好 不光是教学上的那种好 而且很关心学生 课前课后都会跟学生聊生活上的事情 也总能和学生一起嘻嘻哈哈  总之就是非常温柔非常贴心了
142482,1768,马以容,2021-11-12 04:58:24,0,0,0,她喜欢保送生，高考生更建议选寿老师
654,1798,沈天瑛,2015-03-15 10:26:33,22,25,3,比较容易冷场
684,1798,沈天瑛,2015-03-15 11:56:44,18,26,8,真的不错，她很亲切，讲得很好。
709,1798,沈天瑛,2015-03-16 01:10:16,19,22,3,人好，就是不喜欢被叫起来回答问题
1431,1798,沈天瑛,2015-03-22 03:03:37,1,4,3,比较好，但是有点不够有趣
1594,1798,沈天瑛,2015-03-23 00:51:37,7,7,0,英语课点不点名有意义么？一眼就看出来了
1694,1798,沈天瑛,2015-03-23 09:26:55,10,12,2,各种冷场啊....
4235,1798,沈天瑛,2015-07-06 02:43:53,1,2,1,还好\n\n
9921,1798,沈天瑛,2015-11-12 16:44:41,10,10,0,自己的Oral English真的是可以说差了
10884,1798,沈天瑛,2015-11-23 08:11:35,6,6,0,冷场+不太好的口音
11937,1798,沈天瑛,2015-12-21 11:13:41,4,5,1,老师人挺好的，上课还有课件呢～讲的知识点很详细。。。但是有时候就迷之冷场了。。\n\n\n\n
13550,1798,沈天瑛,2015-12-29 07:15:42,14,18,4,说实话，老师自己的口语很是一般，甚至不怎么样。当然，最糟糕的是课堂上她说“voluntary”后的冷场……或许是学生的问题，但是如果都这么反映的话……-_-#
13913,1798,沈天瑛,2016-01-02 08:34:06,11,13,2,我曾以为大学英语老师口音都很好，是我naive了
15300,1798,沈天瑛,2016-01-13 12:38:57,2,5,3,老师人很好啊，说冷场的也是事实，可能是现在的学生不爱发言了
16409,1798,沈天瑛,2016-01-18 05:05:38,6,9,3,老师人很好啊  真的很好  上课冷场其实是老师想让同学们多练习口语啦  但同学们都不太敢说  给分不错啊
17189,1798,沈天瑛,2016-01-20 00:43:53,4,6,2,很喜欢让同学起来说英语，导致各种冷场。。。上课还是不错的，望上她课的同学积极点哈
20860,1798,沈天瑛,2016-02-02 14:19:44,6,6,0,冷场帝
22621,1798,沈天瑛,2016-06-22 02:54:03,2,4,2,名字和人对不上也是醉了。对活跃的人和口语好的人很照顾。老是以平时分相威胁。
22634,1798,沈天瑛,2016-03-09 03:10:52,9,11,2,这老师真是有毒……一节课从头到尾叫人回答问题，各种冷场，一冷场就暴走……口语很一般
23446,1798,沈天瑛,2016-03-30 04:43:47,1,2,1,每次上她的课…自己都会觉得很尴尬
23699,1798,沈天瑛,2016-04-13 01:53:21,8,10,2,总结一下冷场的原因1.她的口语实在算是差。2.老是拿一些自己觉得有趣但是其实……的东西来和你互动。3.回答一个问题，她非得把你的没有任何问题的句子改造成她想要的样子还不告诉你为什么。
27586,1798,沈天瑛,2016-06-27 04:29:23,-2,1,3,呵呵呵
28693,1798,沈天瑛,2016-06-28 12:27:16,12,14,2,老师人很好，上课喜欢让学生开口说英语，为学生考虑。不过我英语渣，上课一直是胆战心惊的。但是她的课真的可以给那些想练习口语的人提供机会与场所的。
28726,1798,沈天瑛,2016-06-28 13:16:37,1,1,0,经常叫人回答问题是事实，到这个也是在锻炼我们的口语呀~至于给分问题，在作文上同其他老师相比不怎么好~
33412,1798,沈天瑛,2016-11-16 01:26:18,6,6,0,口语神tm差
34045,1798,沈天瑛,2016-09-26 06:30:16,0,0,0,不怎么样
35508,1798,沈天瑛,2016-11-10 07:22:39,7,7,0,老实人很好，想好好学并时刻高注意力的学的话选她的课没错啦，喜欢回答问题的朋友很吃香\n\n
37804,1798,沈天瑛,2017-01-09 13:04:38,16,16,0,老师其实很好 知识点讲的很仔细 就算没人回答问题脾气也很好 口语的话 听起来毫不费劲啊 并没有评分那么糟糕
39021,1798,沈天瑛,2016-12-20 14:41:34,4,5,1,非常好，彻底改变了我，让大学的我和高中的我有比较大，比较好的改变。
39104,1798,沈天瑛,2017-01-15 03:48:53,3,3,0,老师人非常和蔼非常棒
39117,1798,沈天瑛,2016-12-21 08:15:30,0,1,1,老师脾气很好，讲课一般般，助教极好
42802,1798,沈天瑛,2017-01-15 07:36:33,1,1,0,讲道理，老师人挺好的\n\n
42841,1798,沈天瑛,2017-01-15 09:18:48,0,0,0,提问挺多的
43145,1798,沈天瑛,2017-01-16 00:58:26,1,1,0,老师挺亲切的。事儿少。就是喜欢点人回答问题
44546,1798,沈天瑛,2017-01-18 02:45:50,1,1,0,其实老师人蛮好的，挺理解学生的，给分也不错。上课的时候比较喜欢叫人回答问题，平时没什么事情，作业算少的了，不知道为什么评分不高。
44673,1798,沈天瑛,2017-01-18 05:58:37,1,1,0,老师上课很注重锻炼我们的口语，如果想练口语的上老师的课挺好的，平时事情也不多。
64264,1798,沈天瑛,2017-12-22 06:01:17,3,3,0,觉得老师很亲切啊 很会鼓励你 上课会点名叫你发言 所以一定要主动发言就不会冷场了
64750,1798,沈天瑛,2017-12-27 04:56:53,4,5,1,特别好的一个老师，亲切。其实大学里的英语真的靠自学（或者基础……）反正我……但能感觉出来沈老师很为学生考虑。好老师一枚！\n\n
67487,1798,沈天瑛,2018-01-21 10:16:00,0,0,0,老师还好吧，是我自己本来就英语不好
67903,1798,沈天瑛,2018-01-22 09:24:45,2,2,0,老师挺好的，就是每节课都被叫起来发言+做了展示，最后绩点只有3.0 心态有点炸…可能是因为期末考太差平常作文也没努力刷分吧……
68278,1798,沈天瑛,2018-01-23 02:22:08,0,0,0,感谢老师让我的大英没挂科
68884,1798,沈天瑛,2018-01-24 05:03:02,1,1,0,每节课回答问题有点不知所措。老师口语是真怪异（accent？）不过平时对学生很关心的，不坑人。
72857,1798,沈天瑛,2018-01-31 08:04:44,1,1,0,老师人真的超级好～很暖很善良也很民主，你只要认真学一定可以拿高分～
76060,1798,沈天瑛,2018-03-26 06:24:31,0,0,0,事情不多，要求也不严，注重课本，很为同学着想，对于英语基础不好同学力荐
80849,1798,沈天瑛,2018-07-02 04:52:22,2,3,1,成绩还没出，估计是凉了，老师人很好，我这一分打给助教，其他助教翻译至少六七分吧，这位助教两三分，小测成绩你是别指望了
81416,1798,沈天瑛,2018-07-05 04:26:30,0,0,0,老师人超级好的，很爱鼓励学生，监督你背单词，我的英语不是很好但是老师给分实在太棒了
81426,1798,沈天瑛,2018-07-05 05:07:01,1,1,0,老师人很好，比较和善，事也很少，交的比较基础。但是给分不好。大英四小测啥平时分的都比大英三高，但总分却少一些\n\n
81644,1798,沈天瑛,2018-07-05 16:05:59,2,2,0,老师挺好，但是上课确实不怎么地，给分真心的低……
82654,1798,沈天瑛,2018-07-09 02:23:53,1,1,0,大英四比大英三认真很多很多了，小测听写什么的都弄得很好，最后，就高了一分，还是跟大英三一样的绩点……晕死。但老师上课能学到很多东西，这是真的。
83778,1798,沈天瑛,2018-07-11 08:17:11,0,0,0,其实习惯了就好了 老师喜欢点同学回答问题 但回答不上来一点都不可怕 老师挺会鼓励人的
87222,1798,沈天瑛,2018-09-26 01:28:07,2,2,0,让我想起了高一高二的那种英语课。口语和听力不好的有些憋屈了.....
88402,1798,沈天瑛,2018-10-30 07:16:20,1,1,0,呵呵呵呵
92128,1798,沈天瑛,2018-12-26 13:45:54,2,2,0,口音一般  也喜欢叫人回答问题   但是   作业少啊   小测水啊 不交手机不交书不下来逛  坐后门水课很开心啊
93287,1798,沈天瑛,2019-01-09 00:23:37,5,5,0,大英课给分不看老师啊，看助教和你期末考。我觉得这个学期助教很良心。老师给分其实很好了。给老师10分
93953,1798,沈天瑛,2019-01-14 12:10:29,3,3,0,沈老师人挺好的，要求也不高，就是大家都不太愿意主动举手，时常冷场。后天要考试了，感觉她今天也有点紧张，可能被我们口试成绩影响到了吧。。她人挺好的，课堂氛围也还好。英语靠自学，老师又不会帮你背单词，从这个方面来说，如果预置是她的话也不必强退。(我觉得大部分英语老师的评分都还行)
94285,1798,沈天瑛,2019-01-16 05:51:56,2,2,0,真的是很好很亲切的老师。\n\n很注重口语锻炼，想借上课回答问题来锻炼口语的可以报。\n\n就是有一些单词的发音有点模糊(尬笑)\n\n但老师人真的很好
96354,1798,沈天瑛,2019-01-21 01:04:51,-9,0,9,出分了!太开心了!本来以为要挂了，结果上4了!老师改卷改的好!
96377,1798,沈天瑛,2019-01-21 01:33:06,3,4,1,绩杀3.6
96458,1798,沈天瑛,2019-01-21 04:18:15,3,3,0,老师人真的不错，知识点讲解详细，上课会提供你很多机会练习口语，想锻炼口语的同学一定不能错过啊！而且是一个比较关心学生的老师，很nice，就是口语水平确实比较一般。
98232,1798,沈天瑛,2019-01-23 08:28:53,2,2,0,沈老师口语确实不好，而且上她的课收获可能不会太大。但是事情比较少，我大英三展示是选做的，而且展示不做课偶尔缺几次对分数影响不太大。适合大英想水水过的同学。此外老师不建群，可以主动加老师微信联系老师。
102654,1798,沈天瑛,2019-02-17 10:29:34,0,0,0,老师太急了，我们一下没听懂就着急，课间休息没人出去直接跳过[笑哭]
103476,1798,沈天瑛,2019-02-28 10:16:20,0,0,0,老师讲得很好，怪自己没好好学。。虽然有时有点墨迹，但是老师很认真负责啊
109938,1798,沈天瑛,2019-06-20 10:47:10,3,3,0,先说总起句，老师真的很好。\n\n每个单元的课文都会划重点语句，还会在下一节课复习，quiz真的不慌了！而且除了一次pre，没有其他事。上课气氛非常轻松，替学生着想，非常善良宽容。\n\n口语确实欠缺一点，但冷场的问题，我觉得是她提问题说得太快了，大家还没准备好，不敢发言，但她是非常鼓励发言的。你要是想练口语，选她准没错。\n\n上课乐趣可能还不够，有点累，但绝对干货满满。\n\n很棒的老师！
110685,1798,沈天瑛,2019-06-28 04:21:58,2,2,0,给分超棒，上课很热情，人很亲和
111454,1798,沈天瑛,2019-07-01 14:51:08,3,3,0,其实老师人很好\n\n上课讲的很细\n\n而且比较佛，小测不会收手机
116204,1798,沈天瑛,2019-09-06 07:12:26,3,3,0,非常好的老师，之前英语口语比较弱，但是上老师课却会感到很轻松，老师很鼓励说英语，说错了也没关系，常常带着笑，感觉是真的为我们考虑，pre自主，不做也没事，做的话讲一分钟几页PPT那种也行，到后来班里基础比较弱的同学到最后也敢于自主做pre，因为沈天瑛老师而重新爱上了说英语。
14873,1814,David Goodweather,2016-01-10 13:06:31,-3,4,7,一般般
21235,1814,David Goodweather,2016-02-27 06:17:10,-6,1,7,还好吧
24714,1814,David Goodweather,2016-05-03 07:40:19,3,8,5,给分是真的低
25048,1814,David Goodweather,2016-05-05 03:57:52,4,7,3,还好，每次都去上课，大概他就会记住你了hhh，然后考试真·爆炸
25690,1814,David Goodweather,2016-06-03 03:16:51,-4,5,9,给分好烂，事情好多，千万别选！
33495,1828,李文超,2017-01-16 07:03:19,20,25,5,超美超好的老师！
35034,1828,李文超,2016-10-31 04:01:41,-29,10,39,第一次碰到教的这么烂的老师呵呵
35435,1828,李文超,2016-11-10 07:16:09,-34,10,44,讲得敢不敢再烂一点，完全照着书上念，发音也很难听
38407,1828,李文超,2016-12-02 17:20:17,37,43,6,治学扎实，人好又关心学生，给分也不错！说到自己的研究领域以及该领域的大牛眼睛闪闪发光，感觉真心热爱学术！
41461,1828,李文超,2017-01-11 17:07:32,14,16,2,很好的老师 偏向语言学研究 上课不是很严格 会关心同学的 虽然偶尔会有点小错误
41612,1828,李文超,2017-01-12 09:02:20,11,18,7,老师人态度是不错，看得出很喜欢语言学。就是讲课节奏比较混乱，经常跳来跳去，希望教学方法加以改进。
52679,1828,李文超,2017-06-22 06:31:34,-28,10,38,这老师完全崇拜欧美国家大师的理论，日语课讲英语，到底是日语课还是英语课呀。听这老师讲课，简直是浪费时间。浙大怎么招聘了这样的老师啊，怀疑浙大选拔老师的标准。讲课方式就是念ppt呀，不解释，就念，呵呵。而且ppt的东西就是欧美大师的论文，没翻译，全照搬过来的。讲的东西没核心。不给讲基础的东西，我们怎么理解欧美大师的大理论啊，你在日本英国学几年的东西，我们怎么就读ppt理解呀，真呵呵的。上课大部分同学玩手机或者是打瞌睡，这得怀疑老师教课方式。
59917,1828,李文超,2017-09-28 07:21:33,17,20,3,超级温柔的好老师！！！！
64312,1828,李文超,2017-12-22 10:32:48,18,20,2,李文超老师人特别温柔，发音也特别美，声音特别好听，讲课也很生动，会带我们一起唱歌，希望能多上几门李老师的课，一个月见六次太少了！
65243,1828,李文超,2018-01-02 04:06:02,14,15,1,不明白老师的分为什么会这么低，感觉老师超级温柔超级可爱的，很庆幸自己专业的入门是她教的，真的超级喜欢她呀！٩(˃̶͈̀௰˂̶͈́)و
73111,1828,李文超,2018-02-01 02:40:30,4,6,2,不是很懂老师为什么评分这么低，老师这么温柔这么萌，赶紧刷个分～
75237,1828,李文超,2018-03-08 06:40:14,-2,11,13,完全同意长评那位同学，上课发的讲义全部都是英语，我已经不知道这是日语专业还是英语专业了，日语发音有些硬，英语发音很好，为什么会交日专课程很不理解。说话日语中文英语混的，语速还很快，听着很累，不知道在说什么。把自己喜欢的欧美大师给同学介绍整整几节课。老师人到是挺温柔的，轻声细语。
79254,1828,李文超,2018-07-06 13:41:02,8,10,2,老师很温柔可亲，体贴学生，上课也不错。上日语专业课的时候偶尔也会讲到一些英语，还会给我们放日语视频和听力。作为日语专业的学生，很喜欢李老师。
81470,1828,李文超,2018-07-05 07:30:41,5,7,2,李老师人真的好温柔啊。天使w
83612,1828,李文超,2018-07-10 23:49:38,5,7,2,天使啊
90915,1828,李文超,2018-11-27 11:15:30,17,19,2,李文超是我见过的最负责，最为学生着想的老师，只要你表示你想认真写论文，她绝对会教你很多很多研究方法，她很愿意和你认真讨论你的研究内容，长得也很漂亮，声音温柔，超喜欢她！！！！！！而且经常半夜2、3点给你发邮件，即使这么忙白天的课程也没有懈怠，真的很感动，简直日语所劳模
103447,1828,李文超,2019-02-28 07:22:51,-1,2,3,我听不懂完全是因为我菜
123627,1828,李文超,2020-06-10 14:21:33,2,5,3,文超先生太好了
127758,1828,李文超,2020-11-26 11:42:33,2,4,2,超级好
128725,1828,李文超,2020-12-25 05:51:21,3,5,2,非常喜欢李老师！讲的很好，人也很温柔！
137011,1828,李文超,2021-06-29 10:16:28,18,21,3,立てば芍薬、座れば牡丹、歩く姿は百合の花∼
137855,1828,李文超,2021-07-06 11:12:51,3,6,3,给分贼好，すこく優しい
144506,1828,李文超,2021-12-22 02:50:36,1,4,3,超级温柔负责的老师
144929,1828,李文超,2021-12-26 03:28:08,4,8,4,嘿嘿嘿，超超，我的超超
147333,1828,李文超,2022-01-09 15:02:08,2,4,2,超级温柔
148789,1828,李文超,2022-01-13 13:48:43,7,9,2,个人感觉是日语所最好的老师
149849,1828,李文超,2022-01-17 09:20:54,4,7,3,老师给分真的贼好，日语1期末考也很简单而且老师考前有给模拟卷，以为平时不发言肯定没有好分数了最后真的没想到，老师真的有认真地想记住各个同学，真的超级温柔
150385,1828,李文超,2022-01-24 01:35:04,4,7,3,老师给分太好了！特别关心学生！
160164,1828,李文超,2022-09-14 04:31:39,0,2,2,超级好的老师
170303,1828,李文超,2023-03-02 14:55:34,0,3,3,老师是我的天使 不怎么会也可以满绩
173531,1828,李文超,2023-06-09 09:05:54,-2,0,2,重了……
173532,1828,李文超,2023-06-09 01:32:28,-1,0,1,怎么发重了？
176592,1828,李文超,2023-06-29 10:43:33,-1,2,3,超温柔
179596,1828,李文超,2023-09-18 13:47:59,-1,3,4,人美心善的好老师
181478,1828,李文超,2023-10-18 14:00:48,-1,3,4,老师可爱捏
186477,1828,李文超,2024-01-11 08:40:29,1,3,2,老师很温柔，视听说二三出题太难了😭\n\n考虑一下零基础的我们吧
187526,1828,李文超,2024-01-16 12:32:56,0,2,2,10分！
189201,1828,李文超,2024-01-22 10:10:39,0,2,2,满昏！
195155,1828,李文超,2024-06-27 03:24:56,4,7,3,古希腊掌管放海的心软之神。这课你就上吧，捞人的事尽管交给老师，不すごい/よくできました算我输，世界是一个巨大的超超整活屋
200089,1828,李文超,2024-10-12 17:26:25,1,4,3,李老师真的超级温柔可爱，语音语调也非常标准，这课你就上吧
207778,1828,李文超,2024-12-24 08:23:34,1,4,3,没什么好说的，十分必须安排上，所有不打十分的我都会伤心的好吗
218974,1828,李文超,2025-05-15 16:16:52,0,1,1,老师人美心善，永远的女神
17463,1839,韩燕,2016-01-20 08:52:57,0,0,0,根本就没听几节课，哈哈哈你懂吗
1239,1841,杨曦红,2015-03-21 16:57:54,14,17,3,很和善\n\n
12002,1841,杨曦红,2015-12-21 13:14:57,5,5,0,人很好
13264,1841,杨曦红,2015-12-26 02:18:26,16,16,0,很温柔，圣诞节还唱德语歌给大家听
15336,1841,杨曦红,2016-01-14 02:43:16,7,7,0,温柔、和善
18130,1841,杨曦红,2016-01-21 08:03:23,5,6,1,老师很好
20061,1841,杨曦红,2016-01-26 04:03:42,5,8,3,老师超棒，人很和善，每次课有专门答疑时间。上课很有趣，经常会说一些德国生活。而且德语一给分超好，喜欢德语的一定不要错过！
21307,1841,杨曦红,2016-02-28 03:30:02,8,8,0,绝对好老师，为了她下学期又选了她的德语
21318,1841,杨曦红,2016-02-28 03:59:03,9,12,3,和蔼可亲的老师 考试略难 越学越难 她建议不要二外选德语呵呵
22389,1841,杨曦红,2016-03-04 05:36:36,1,2,1,上课知识点讲得很详细，老师很耐心，每次下课都会留下来给我们答疑，总之特别棒！
24159,1841,杨曦红,2016-04-28 02:37:35,2,2,0,很棒，好可爱
26151,1841,杨曦红,2016-06-16 06:14:31,11,13,2,是冒险小虎队的翻译者...就是德语本身太难
29861,1841,杨曦红,2016-11-03 08:03:16,4,6,2,好老师，对学生很有耐心，上课回答错误也不会怎么样，给老师满分。只是德语本身比较难，慎选。
32242,1841,杨曦红,2016-07-06 04:41:13,2,2,0,超级温柔！对学生特别好，讲课也很细致，认真听了一学期！给分也很好
32318,1841,杨曦红,2016-07-06 06:58:35,1,3,2,德语所二外给分最好的老师，没有之一
37957,1841,杨曦红,2016-11-22 09:18:36,4,4,0,超可爱超善良 童话一般的老师
45206,1841,杨曦红,2017-01-19 07:02:00,0,1,1,给分超好 强化德语都上4.8了
55293,1841,杨曦红,2017-07-01 08:19:34,0,2,2,老师还不错 但德语均绩太低了555555
59066,1841,杨曦红,2017-09-19 09:53:05,2,2,0,老师超级好，和蔼可亲！
61275,1841,杨曦红,2017-11-13 09:20:57,3,3,0,老师很好很可爱！
64194,1841,杨曦红,2017-12-21 09:54:20,3,3,0,超爱的！！！！！！
75898,1841,杨曦红,2018-03-21 08:36:05,3,3,0,以后听不了杨老师的课了有点难过\n\n很和气很耐心很体贴的老师
76626,1841,杨曦红,2018-04-16 14:25:57,1,1,0,很温柔的老师
80150,1841,杨曦红,2018-06-20 16:42:11,1,1,0,很好的老师，还有点可爱
84612,1841,杨曦红,2018-07-13 10:22:33,1,1,0,人超级好的❤️
85172,1841,杨曦红,2018-07-16 01:30:15,1,1,0,人很好，听课很舒服的。
85210,1841,杨曦红,2018-07-16 05:01:56,3,3,0,曦红麻麻真是太棒了，作为一个非外院学生，下学期继续坚定地选了德语三。
86702,1841,杨曦红,2018-09-18 05:15:12,1,1,0,超级超级棒
87751,1841,杨曦红,2018-10-11 12:33:01,1,1,0,老师超好，讲课很清晰，也很负责任。
96225,1841,杨曦红,2019-01-20 14:38:44,1,1,0,老师人超级好，超级有耐心。在德语开始阶段遇到这样一位老师真的是的幸运。
97645,1841,杨曦红,2019-01-22 12:39:06,5,5,0,杨老师不仅课上得好，为人也是一级棒。她对所有同学一视同仁，真可谓有教无类，课讲得细致，上课还总是鼓励学生，对不做作业的同学都很包容。而且（重点是）老师声音超好听，很迷人。
98371,1841,杨曦红,2019-01-23 11:25:27,3,3,0,每次上课都很开心很轻松，没有负担，上课氛围也很好，久违的感觉
102392,1841,杨曦红,2019-02-01 11:28:36,1,1,0,老师特别和蔼，人超好！我是以前有点德语基础的那种，上了几次课老师就说可以让我申请免听，后来申请完了也不用我交作业什么的，简直旷课一学期x下学期我又选了老师的德语四，这次要好好来上课啦
110367,1841,杨曦红,2019-06-26 05:27:52,1,1,0,老师真的好好呜呜呜
110428,1841,杨曦红,2019-06-26 14:58:52,1,1,0,从课堂到考试，无可挑剔！杨老师只教了我一门德语，但似乎教会了整个语言学习的方法以及一般的人生道理。真的不用在意成绩，学到就是赚到，哈哈哈。
119682,1841,杨曦红,2019-11-15 00:23:48,2,2,0,老师真的是很善良！
129296,1841,杨曦红,2021-01-04 01:27:44,-1,1,2,因为老师有一次拿我名字开低级玩笑很难过，有被冒犯到
130736,1841,杨曦红,2021-01-24 11:57:28,2,2,0,老师人很好，很负责，就是太爱拖堂，以及三节连上没有课间😂
131945,1841,杨曦红,2021-01-31 15:55:32,3,3,0,真的是像童话般温柔善良的老师啊！
2618,1907,Stefano,2015-05-04 20:45:54,12,15,3,老师很细心 需要仔细听才能跟得上！
6202,1907,Stefano,2015-07-12 03:09:51,6,8,2,老师讲得很细心，汉语授课
11215,1907,Stefano,2015-11-25 08:56:13,5,7,2,老师超帅的～中文很好
17588,1907,Stefano,2016-01-20 12:42:16,0,2,2,中文很好，有点小羞射。帅帅哒，很守时，笑起来可萌了。
18388,1907,Stefano,2016-01-21 14:12:03,4,6,2,学了一年意大利语，彻底激发了我对这门语言的好感，希望能继续学下去~性格随和很有耐心回答各种问题，但是要求挺严格的~
23008,1907,Stefano,2016-03-16 04:56:25,0,2,2,人才！
23692,1907,Stefano,2016-06-08 11:19:57,1,4,3,老师帅帅的 有点小羞涩 还会经常卖萌 上课要认真听才能跟上  老师炒鸡棒～
26303,1907,Stefano,2016-06-16 16:44:24,1,3,2,上课方法很科学 严谨 面面具到 中西结合的教学方法 他本科就是学汉语的。很负责！
27982,1907,Stefano,2016-06-28 07:56:54,0,4,4,每节课都点名但是一两次不去不影响成绩 考试很容易 给分也很好 考试前一次课有口语测试 不算最后成绩但是有加分
30592,1907,Stefano,2016-07-02 04:30:15,3,4,1,老师真的很好，人也超级帅！汉语6得飞起。只是我自己没有好好听课，嘿嘿，总之，这个老师的课还是推荐
39088,1907,Stefano,2016-12-21 06:14:14,0,2,2,老师好帅好萌啊超级温柔嘤嘤可以已经结婚了给分很好
39758,1907,Stefano,2016-12-27 10:26:47,1,3,2,老师超帅超可爱！！！比心❤
40784,1907,Stefano,2017-01-05 12:30:51,8,11,3,人超级好！长得帅有耐心给分好（花痴脸）但是想确认一下他真的结婚了？！
43741,1907,Stefano,2017-01-17 02:05:21,2,4,2,老师超级nice啊 虽然我课上老是不小心睡过去 但是讲的都是满满的干货 中英意三语授课 不怕听不懂 最后有一个口语考试一个笔试 给分很好 感动哭
43865,1907,Stefano,2017-01-18 06:36:13,0,4,4,老师很有耐心，没有特别帅但是也不错啦。我可能不属于很典型的那一类学生，所以不能给出客观评价，感觉学的过程有趣而且并不难…但是在课上认识的几个同学貌似在复习时都花了大功夫的，有兴趣的话一定要试试看
46630,1907,Stefano,2017-01-22 04:26:31,0,1,1,老师超可爱，给分超级好～
51493,1907,Stefano,2017-06-06 12:50:28,10,11,1,啊啊啊爱上老师了！他真的结婚了嘛？
54615,1907,Stefano,2017-06-30 02:31:02,1,3,2,是比较费时间的一门课，选这门课的话一定要很闲
54620,1907,Stefano,2017-06-30 02:40:03,9,10,1,这是我见过的最好的外教，没有之一。
57755,1907,Stefano,2017-07-14 04:00:35,3,4,1,想继续意语下，可是下学期去玉泉了O_o，ci vediamo... lunedì?
64772,1907,Stefano,2017-12-27 05:57:01,0,0,0,老师真的太好了吧！成为我久久无法忘怀的一门课 课堂轻松 老师又很耐心温油～
68316,1907,Stefano,2018-01-23 03:17:30,0,1,1,差一分满 还是很感激的
68506,1907,Stefano,2018-01-23 09:34:39,2,3,1,老师给分真的很好。意大利语上期末考试还可以带字典 而且是直接在最后一次课上考 不占用考试周时间。 老师棒棒哒??
68507,1907,Stefano,2018-01-23 09:35:25,2,3,1,老师上课很棒，给分超级好，是那种能学到东西又成绩很好的课(✪▽✪)推荐！
70329,1907,Stefano,2018-01-26 12:52:06,2,2,0,由于选课冲突加上自己懒，上了四分之一的课。考前一周觉得要挂了，一周突击结果……满绩。\n\n考试千万记得带本自己熟悉的字典，认真做好他期末前的历年试题，题目几乎不变的，尤其作文题每年都一样，背下来就好。\n\n………编不下去了，各位加油！\n\nPS：老师超级帅的，而且他汉语好得很，讲生命这个词的时候，甚至解释为：香火。这是读过多少名著的～～
75645,1907,Stefano,2018-03-14 14:12:28,8,8,0,是可爱本尊了，可爱到爆炸！！课间静静地看书的样子苏到不行！老夫的少女心只有在看到无名指bling的戒指稍微平复一下下，那么问题来了：手也很好看…\n\n回归理性：干货满满，有可能会跟不上教学节奏…然而有这么棒的老师课后不多加复习自己都说不过去嘛
76766,1907,Stefano,2018-04-22 09:56:56,1,1,0,不说了，帅得我流鼻血...
81462,1907,Stefano,2018-07-05 06:50:10,2,2,0,论如何激起你对一种语言的兴趣
81469,1907,Stefano,2018-07-05 07:28:27,1,1,0,我jiao得老师人还是很好滴 就是给分据说很好但是在我身上并没有体现出来啊…… 上课刚开始有点跟不上吧毕竟三门语言一起来 anyway旁听是很好的！能选上还是多花点时间吧……
81476,1907,Stefano,2018-07-05 07:37:55,1,1,0,老师给分真的好 人也很好 会说中文 很可爱的一个老师
81503,1907,Stefano,2018-07-05 08:39:27,3,3,0,老师人真的帅，而且相当体贴，上课干货满满，熟练切换中英意三种语言（有时候听课就反应不过来）。学意大利语一定要自己下苦工夫才能跟得上
81935,1907,Stefano,2018-07-06 13:51:30,2,2,0,Stefano真的太太太太太太太好了，上课讲得很细，人也非常可爱。有这样一个意大利人教你意大利语，不心动吗？？？
82341,1907,Stefano,2018-07-08 02:46:58,1,1,0,老师又帅又萌，中文说得超级好，还会写汉字，课也上的一级棒，认真学收获很大，给分也好
83262,1907,Stefano,2018-07-10 03:42:59,2,2,0,Simpaticissimo~
92853,1907,Stefano,2019-01-05 07:47:33,7,7,0,好爱老师！这学期唯一喜欢的课就是意大利语！
96347,1907,Stefano,2019-01-21 00:59:44,2,2,0,我吹爆！
96412,1907,Stefano,2019-01-21 02:35:16,1,1,0,超级棒的体验，一生推，感兴趣的话一定不要错过，老师三语教学切换自如，亲切可爱幽默随和，考试也不算太难，快毕业了，也算是留下了一段美好的记忆！
96499,1907,Stefano,2019-01-21 05:16:35,1,1,0,Stefano真的很好，教的很细致！掌握一门新语言的感觉真的很爽！平常会有作业题，两次小作文，最后有个口语考试，不过不难。考试前也会复习，讲讲题型，给分超好。我还要选意大利语下！！
97197,1907,Stefano,2019-01-22 00:06:49,2,2,0,太喜欢了 真的是浙江大学我最喜欢的一门课和一个老师
97393,1907,Stefano,2019-01-22 08:33:13,10,10,0,老师很不错的！\n\n顺便学会了大舌音rrrrrrrr~
98326,1907,Stefano,2019-01-23 10:19:38,0,0,0,强推！我爱老师！本学期最喜欢的一门课！给分超级好！温柔的意大利男人，意大利语下再见～
98651,1907,Stefano,2019-01-23 16:40:44,1,1,0,是真的一个非常好的老师，非常认真负责也很萌 精通意汉英的巨佬：）课程进度安排妥当，我觉得以我们浙大学子的智力稍微花点心思应该都会学的很好哒！顺便吹爆老师的颜～
111710,1907,Stefano,2019-07-02 15:30:50,1,1,0,太可爱了
113155,1907,Stefano,2019-07-06 00:39:42,0,0,0,555555555老师太帅了太好了 上课很有趣 考试都有样卷 给分好好55555我爱Stefano
113255,1907,Stefano,2019-07-06 03:01:49,0,0,0,真的是个很棒很棒的老师 非常有耐心 然后博古通今 精通中意英三种语言 他总是以一种让人很好理解的方式来教授课程 并且不仅仅是语言本身 他还会教很多意大利相关的文化知识！真的获益匪浅！
113271,1907,Stefano,2019-07-06 03:29:00,0,0,0,第一个满绩！老师人太好了 又帅又温柔 下学期一定要选上下呀
113331,1907,Stefano,2019-07-06 07:27:43,0,0,0,stefano就是我大学生活里的一束光！我永远爱他！！！
113759,1907,Stefano,2019-07-07 09:33:06,3,4,1,你们是想上他的课，我就不一样了，我想上他。? 上下都上了，上下都满了，亲测不难。上课认真听其实也就够了。另外该记的grammatica还是要记的，不然造句和阅读题还是没法翻字典解决。应该是浙大外教外语课里上的最好的了。\n\n本来就喜欢意大利，现在我更喜欢了。以后去意呆呆的话都会想起你吧。Molte grazie！
115265,1907,Stefano,2019-07-17 07:59:47,2,2,0,在这门课上有着梦幻般的收获，幸运的选上这门课，幸运的发生了一系列事情。\n\n“我吹爆！”
371,1913,高奋,2015-03-15 01:35:46,7,11,4,认真负责，讲课好，最主要的是还和我同名。哈哈
678,1913,高奋,2015-03-15 11:51:46,2,4,2,台湾口音，不知道哪里学的。讲课有意思，能学到东西
5630,1913,高奋,2015-07-08 17:40:45,8,17,9,好老师，明察秋毫，懂得谁看得多谁想得多。观点想法也能接受时尚潮流。不像某些sb
28217,1913,高奋,2016-06-28 08:17:04,-2,6,8,上过通识，挺好的，就一个展示\n\n
29928,1913,高奋,2016-06-30 14:01:21,0,4,4,。。。
31149,1913,高奋,2016-07-03 09:36:26,2,7,5,内容比较丰富，压力也不是很大，只需要一次展示和有关课文内容的期末考，学到了很多东西。
33546,1913,高奋,2016-09-20 04:12:19,4,7,3,学到了很多东西，就是可能语速比较慢，但认真听还是挺吸引的
41517,1913,高奋,2017-01-12 05:58:52,1,3,2,很唯心，但人很好
41872,1913,高奋,2017-01-13 06:23:32,1,5,4,呵呵了
41957,1913,高奋,2017-01-13 09:55:50,0,4,4,给分不好
42165,1913,高奋,2017-01-13 17:51:57,2,5,3,内在很美很静的老师
43800,1913,高奋,2017-01-17 03:39:13,1,3,2,老师特别好，给分也很高，认真听认真思考一定会有收获的！
52070,1913,高奋,2017-06-14 11:49:53,0,6,6,英美文学导论。一个月一篇1000字英语论文。学期内还要一次展示。最后还有考试。个人觉得事情多了一些。但是老师人很好。干货挺多的。上课英语汉语都用。偶尔会点名。不算很水的课
53847,1913,高奋,2017-06-28 01:22:45,3,3,0,老师是真心分享自己文学上的感悟，并且鼓励学生有自己的思维。很有意思的老师，课后跟老师谈论自己的问题会很有收获。
53899,1913,高奋,2017-06-28 03:38:22,0,2,2,老师有思想，喜欢把外国文学和中国文学的一些思想联系起来，老师鼓励大家有自己的想法，很开放。
53901,1913,高奋,2017-06-28 03:41:26,1,5,4,老师的课非常棒，有深度，有新意，非常注重思考。虽然我最后的得分并不高，但我觉得是自身的能力问题，与老师无关。
53917,1913,高奋,2017-06-28 04:24:15,5,6,1,英美文学导论。上课基本就是老师先给你讲一遍作者生平，然后带着你看一遍作品，过程中分享老师的体会。你有不同的意见也没啥。老师人很好很和蔼，没买到教材可以找老师。展示和三篇一千词英语读书心得。非常不水，写的不好或者讲的不好会被一针见血的看出来。老师喜欢有明确观点然后加以展开的表述（划重点）。给分很实在，总之不水。
53924,1913,高奋,2017-06-28 04:31:54,1,2,1,老师读故事很好听
53981,1913,高奋,2017-06-28 06:55:01,1,3,2,老师在文学方面很有研究 跟中国传统文化也有融会贯通 鼓励我们有自己的想法 课上也有许多很优秀的同学 有想法 口语也都很惊艳 不过一个通识课上得比专业课还累也是不太水了 写3篇essay可以说耗费了超级多时间 最后勉强上4 确实自己这方面造诣不深啦 但如果不是这个课真的不会去接触那么优秀的作品 也算是打开了一道门
54182,1913,高奋,2017-06-28 15:33:37,0,5,5,感觉老师讲课飘在天上
58146,1913,高奋,2017-08-06 09:46:09,1,2,1,老师口音和专业水平都不错，英美文学导论作为通识事情略多，但若有兴趣的人自然乐在其中啦
68954,1913,高奋,2018-01-24 07:03:37,2,2,0,英美现代主义文学：现代主义文学这个东西是真的很困惑，写论文的时候都特别怀疑自己脑子里到底在想什么。老师上课很有激情也真的有自己的见解，中间来上课的外国小哥念诗实在太好听了，论文有自己新的观点的话，给分还是公道的。
76082,1913,高奋,2018-03-26 11:22:50,1,1,0,认真的老师！
91708,1913,高奋,2018-12-18 07:53:00,0,0,0,真的是很好的老师
95549,1913,高奋,2019-01-19 14:45:12,1,2,1,很亲切的老师，非常热心，对学生的问题都会认真回答。老师有学者风范，也有师者风范。
116986,1913,高奋,2019-09-18 04:08:38,42,45,3,okright？
130598,1913,高奋,2021-01-24 01:52:35,1,2,1,很和蔼的老师 看得出来是在认真上课 给分也好！
138650,1913,高奋,2021-07-10 06:19:07,7,9,2,老师是好老师，给分好，上课内容好，对同学的观点很包容，对论文提出的建议很中肯。唯一不足的就是课程任务太重了…小论文学期论文期末论文好多篇呀_(:D)∠)_
140794,1913,高奋,2021-09-16 05:59:03,10,10,0,研究生课太无聊，感觉她并不懂文学理论，换个方式念ppt…绕来绕去都是中国诗学……
155250,1913,高奋,2022-06-21 03:20:42,3,5,2,现代主义，和楼下那个朋友一节课一样的作业，一次没缺课，作业每次都做，这学期所有写的东西1万多字吧（1万2不知道有没有），4.2
156788,1913,高奋,2022-06-21 03:16:51,1,2,1,现代主义文学 吐槽了一学期事情多（三篇读后感+一篇小小说+中文论文+期末英文大论文），但是跟下来感觉老师的授课思路很清晰，学术训练体系也很完备，以及，只要认真做了，给分是真的好啊
165543,1913,高奋,2023-01-08 08:10:27,-12,3,15,垃圾老师给了我这么低的绩点，你上这个课她讲的都是些乱七八糟的东西，平时作业又多，又烦又累，不要看着她的评分很高。如果是那种可以选择题目的话，比如外国文学史的课，记住一定一定不要选英国文学史，突然一个三点零的绩点出现，还让不让学生活了。
165954,1913,高奋,2023-01-10 13:25:57,10,14,4,楼下抱怨的学生学习一点自我要求也没有。当然拿到一个不满意的成绩也应该发泄一下，但也别就局限着看那点分。高奋老师是一位非常严格的老师，在英美文学上研究很深，认真和老师交流讨论认真学习，会有很大收获。坐标外国文学史，不卷字数，选的英美文学，认真找角度分析认真写，选高奋老师评分的美国文学，最后分数不错，算是对一学期认真学习有个还不错的反馈。自己写的东西和垃圾没有区别，只去看自己写多少字数，反过去说老师不该严格了，这样真对自己的进步有什么好处吗？老师评分是看质量，又不是看你的字数多少，毕竟给分不是给墨水钱，如果你靠内卷搞起来很多字数得到一个不错的分数，那么对那些真正在认真思考认真找切入点、阅读大量相关文献并且细细分析文本的同学是否公平？望你自重。
166586,1913,高奋,2023-01-13 02:34:34,-6,2,8,……有点无语
181456,1913,高奋,2023-10-18 06:43:39,3,9,6,上的外国文学史，没什么水平，讲课质量很低，泛泛而谈。美国文学史部分漏洞百出。\n\n真想学东西的外国文学史慎选。okay right？
187318,1913,高奋,2024-01-15 12:54:12,5,5,0,老师人很和蔼，但是讲课很无聊，外国文学史任务量非常重，一个学期三篇essay一篇诗歌创作还有戏剧表演，加一起认认真真写了一万四千字吧，给分相当一般，当然和我能力不够有关，但是课友们拿到高分的也确实屈指可数，只能说比较适合对深入研究文学作品有浓厚兴趣，有时间精力研读名著并且写作能力出色的同学吧。期末论文给的选题很硬，对于大一上学期没写过论文的同学来讲，写出符合老师标准的高分论文还是很困难的，为此投入了大量时间和精力，投入回报有点不成正比。。
199156,1913,高奋,2024-09-18 08:27:45,0,0,0,上课认真负责\n\n我的现代主义真的学得不好但是老师很耐心教我
1321,1930,朱晔,2015-03-21 23:55:48,14,17,3,女神！课上的非常好，非常有收获
2083,1930,朱晔,2015-04-01 08:52:46,34,38,4,超级温柔的女神老师！讲课好给分也好
7014,1930,朱晔,2015-08-28 08:02:05,11,14,3,女神 教得好 学到很多 又不苛刻
9699,1930,朱晔,2015-11-04 16:25:10,0,6,6,每次课都点名\n\n
11744,1930,朱晔,2015-12-13 16:09:27,5,7,2,老师上课讲得很细致，课程内容深入浅出；老师也很有耐心，人很好
16726,1930,朱晔,2016-01-19 00:53:32,3,4,1,上课轻松活跃，女神！
16857,1930,朱晔,2016-01-19 05:49:47,7,10,3,老师文体学讲得很棒，有趣而紧凑，不过讲课比较快，不太能照顾到所有人的情况。还喜欢跟我们侃天，分享她的各种想法。是一位很真诚可爱的老师。
23676,1930,朱晔,2019-01-21 03:59:06,-162,11,173,非常恶心的一个老师，对着书念，什么内涵都没有，还特别做作布置作业说的不清楚每个班说的还不一样，喜欢被她撩的同学都挺喜欢她的，想学东西的慎选
26017,1930,朱晔,2016-06-15 04:48:11,5,5,0,喜欢朱老师
32329,1930,朱晔,2016-07-06 07:24:04,12,15,3,学术写作虽然有点照本宣科，但是课程设计很好，把论文各部分拆分开来教，每两周完成一个部分上交，到了期末论文也就自然而然地写完了，不会耽误考试周复习时间，拖延症患者必选!
33644,1930,朱晔,2016-09-20 15:46:36,5,5,0,女神老师
38606,1930,朱晔,2016-12-12 01:29:45,7,7,0,女神老师
38787,1930,朱晔,2016-12-19 03:26:48,13,13,0,作为一个英语辅修的同学，朱晔老师可能是辅修课上遇到的最好的中国老师了。
48516,1930,朱晔,2017-03-06 11:29:54,12,12,0,一个老师怎么可以这么可爱啊，可爱就算了，讲课还这么好。。
49230,1930,朱晔,2017-03-30 05:44:40,3,3,0,认真负责，对学生很关心。
49336,1930,朱晔,2017-04-06 02:44:01,5,5,0,女神老师！！
51247,1930,朱晔,2017-05-25 10:08:00,5,6,1,女神！气质很好，英语也很好听，讲的也很棒！
52156,1930,朱晔,2017-06-15 08:03:15,28,31,3,外院学生，上到现在，最喜欢三个老师AA，国懿男神，朱烨女神。不说给分，只谈教育
53082,1930,朱晔,2017-06-25 11:10:16,13,13,0,我为朱晔站街!!! 她太好了!!!
54583,1930,朱晔,2017-06-29 17:43:23,7,7,0,女神！10分不解释！超可爱的老师！！人超级好～
56837,1930,朱晔,2017-07-05 00:15:51,4,4,0,女神！当代语言学课堂超活跃，写了一篇从来没写过的research proposal和普通论文不一样很有趣，给分也好
56840,1930,朱晔,2017-07-05 00:22:10,3,3,0,可爱活泼的老师
60598,1930,朱晔,2017-10-25 01:59:28,25,27,2,翻译专业的去上文体学感觉进入了新天地，之前读英文原著总觉得乏味，第一节课上跟着女神赏析了魔戒的一段，大受感动。第二节课去问她要资源，第三节课她直接带了本新书过来，第四节课去问问题告诉我那本书是送我的。
63774,1930,朱晔,2017-12-14 12:54:45,20,24,4,若得妻如此，夫复何求
65402,1930,朱晔,2018-01-03 15:23:55,3,3,0,老师非常博学，同时关心学生，不论是这门课还是学生的生活
71216,1930,朱晔,2018-01-28 06:58:14,0,0,0,轻松学知识
75572,1930,朱晔,2018-03-13 11:48:54,0,0,0,女神！
77822,1930,朱晔,2018-05-08 03:57:57,0,0,0,真的很好 很有想法的老师
79269,1930,朱晔,2018-05-29 12:05:41,4,4,0,女神！有深度有条理有智慧有幽默 没架子，最美的往往都是美而不自知的人。超可爱！
82930,1930,朱晔,2018-07-09 10:15:11,1,1,0,emmm...两门课都被卡了绩点...不过老师上课人很好噢!
85585,1930,朱晔,2018-07-20 02:29:59,3,3,0,语言学课程真的收获非常多，你梦想的外院女神老师就是她
103192,1930,朱晔,2019-06-28 04:24:10,3,3,0,爱女神呜呜呜
104529,1930,朱晔,2019-03-22 14:34:34,1,1,0,亲民女神 朋友圈一直看到她在给同学们点赞评论hhh
105046,1930,朱晔,2019-04-03 02:08:04,2,2,0,老师声音好好听，讲课很棒
105512,1930,朱晔,2019-04-16 01:55:15,3,3,0,太棒了！
105513,1930,朱晔,2019-04-16 01:55:36,3,4,1,写作渣感动哭了
106674,1930,朱晔,2019-04-29 02:13:55,5,5,0,优雅，智慧，亲和！我爱她！
110725,1930,朱晔,2019-06-28 05:43:02,6,6,0,呜呜呜虽然成绩很差但是还是要给老师10分！！写作课真的学到了很多东西！！老师好温柔！！
110740,1930,朱晔,2019-06-28 06:47:26,9,9,0,女神！非常温柔非常有气质！！\n\n讲的东西也很棒！写作二教学安排很不错，一学期上下来能真正学到东西！\n\n给分也不错！是自己水平不够好！！
110992,1930,朱晔,2019-06-29 04:03:29,4,4,0,真、女神，写作课能够学到很多东西，老师人也好温柔～
111041,1930,朱晔,2019-06-29 10:10:20,0,0,0,朱老师教学有方！而且很有思想～爱！
111399,1930,朱晔,2019-07-01 06:30:54,2,2,0,虽然期末给分比想象中的低，但还是我这学期最喜欢的老师，有文化有思想
116900,1930,朱晔,2019-09-17 06:08:03,1,1,0,老师很风趣
123929,1930,朱晔,2020-06-17 00:37:34,3,3,0,下学期终于可以再上老师的课了！快乐！
126193,1930,朱晔,2020-09-19 02:02:32,9,9,0,是我理想中大学该有的老师🐳 🐳
133565,1930,朱晔,2021-03-02 07:20:48,5,5,0,我给满分！女神不多说！\n\n英语文体学课业负担不重，安排很合理，还能学到东西，老师非常幽默风趣，期末给分还超级好！
135639,1930,朱晔,2021-05-18 01:29:35,0,0,0,女神呜呜呜呜呜呜呜
135987,1930,朱晔,2021-06-08 02:55:30,-12,1,13,不合理
136335,1930,朱晔,2021-06-16 11:28:10,2,2,0,女神，不解释
136670,1930,朱晔,2021-06-23 00:42:28,7,7,0,我太爱爱爱了！\n\n朱晔yyds！！\n\n上课很舒服&也学到了很多！\n\n选就对了！！
138322,1930,朱晔,2021-07-08 13:44:15,6,6,0,呜呜呜呜呜朱老师yyds！！我好爱她🌹🌹🌹🌹🌹🌹🌹🌹🌹
138403,1930,朱晔,2021-07-09 02:55:30,7,7,0,！！朱晔老师完全改变了我对写作课的印象，真的超nice的老师，表白女神
138820,1930,朱晔,2021-07-11 04:40:50,12,12,0,英专课里面学到最多的\n\n这么好的老师不打10分是我的罪
138861,1930,朱晔,2021-07-11 10:39:41,2,2,0,zy老师yyds！
138976,1930,朱晔,2021-07-12 05:25:13,1,2,1,女神呜呜呜呜呜呜，我爱女神
139341,1930,朱晔,2021-07-14 11:26:04,6,6,0,朱晔老师yyds，谁同意，谁反对？
140428,1930,朱晔,2021-09-11 07:41:50,2,2,0,温柔，给分好，写作课很有意思，作业写起来也不累，很有收获
140658,1930,朱晔,2021-09-15 02:10:40,3,3,0,朱晔yyds！！！老师真的很棒！！又温柔上课又有内容有意义，好爱她！！
141338,1930,朱晔,2021-09-30 03:17:27,9,9,0,写于英语写作III课堂上\n\n有些时候，经过对比，才知道教好写作课有多难\n\n怀念上学期在老师课上的时光
144049,1930,朱晔,2021-12-17 03:27:30,0,0,0,好好好
151085,1930,朱晔,2022-02-23 02:07:43,3,3,0,英文系会教书的老师真的不多，朱晔女神绝对属于top级别
151618,1930,朱晔,2022-03-10 00:28:12,0,0,0,让我爱她555
153812,1930,朱晔,2022-05-12 01:15:48,1,1,0,haohaohao
154528,1930,朱晔,2022-06-02 04:02:57,1,1,0,真的太喜欢她了！讲的超级好人也很亲切，真的想一直选她的课！
154802,1930,朱晔,2022-06-05 13:57:47,0,0,0,好诶～
155184,1930,朱晔,2022-06-09 06:38:11,4,4,0,我的写作分数还没出，但是zy女神绝对值得10分；个人在外院目前遇到的最好的老师！！因为她，之前不怎么喜欢的写作课，每次都很期待去上
155762,1930,朱晔,2022-06-15 16:34:14,3,3,0,写作二：老师备课很充分，也很认真教，绝对能够学到东西的，不是一味地给同学们自己写而已。不过老师要求也是挺高的，我很用心做了但绩点也是不太理想，有点伤心。
156220,1930,朱晔,2022-06-18 09:15:09,5,6,1,写作二：老师讲的很好，教学成体系有条理，很多写作方法都很实用，作业也都很有效果；老师人也超好，幽默有趣，课堂一点也不枯燥！私下也很好555很好交流，超级关心学生。唯一的遗憾是仿写了I Prefer之后因为缺乏勇气没有交给老师看😢希望后面的朋友们能把握好每一次机会！\n\n特别是一想到🎹的写作三，💧就射了出来
156226,1930,朱晔,2022-06-18 09:50:05,3,3,0,老师很美，讲课很好，但是给分好严格，好让人心碎
156227,1930,朱晔,2022-06-18 10:09:50,2,2,0,写作二，老师10分，讲课很好，课程有体系，丰富有趣，能学到东西，作业量不大。全程很认真地上下来了，可能因为我太菜了，我觉得老师给分有点狠呜呜呜
156301,1930,朱晔,2022-06-19 00:45:34,8,8,0,女神老师...在浙大外院上过最好的专业课就是朱老师的写作二，在老师的亲切和幽默之下学到了许多，大爱老师！
156328,1930,朱晔,2022-06-19 05:46:51,3,3,0,老师水平超高，但是特别可爱特别平易近人，妥妥的女神老师
156441,1930,朱晔,2022-06-19 16:57:04,2,2,0,我的女神
156805,1930,朱晔,2022-06-21 03:46:43,4,5,1,女神！！写作教的也太好了！是真的能学到东西，哪能够看到自己的进步！能不能一直教到写作三呀😭
163136,1930,朱晔,2022-12-08 02:37:04,2,2,0,一个字：选！
165793,1930,朱晔,2023-01-09 17:56:39,2,2,0,女神！！特别喜欢听她上课，完全不会走神。能学到很多，同时给分也挺好的
167745,1930,朱晔,2023-01-19 00:17:15,2,3,1,文体学分数组成比较求是吧
170589,1930,朱晔,2023-03-07 03:33:17,3,3,0,朱老师水平高，所以给分偏求是是理所当然的，上课内容和老师准备的资料可以感受到都是精心安排过的，声音很好听，基本上没什么作业，比较注重互动和有趣的环节吧，这学期的quiz因为线上可能稍稍有点难度，要问我推不推的话，当然推（文体学）
172977,1930,朱晔,2023-05-10 15:10:29,2,2,0,老师的写作二，选了几篇范文让同学在小纸条上写评语，最后会汇总交给范文作者。我就觉得很好。
173846,1930,朱晔,2023-06-03 14:07:35,15,15,0,想到写作三四都是琴 就很想爆炸
174212,1930,朱晔,2023-06-07 13:18:05,2,4,2,老师从来不push人 ！上过她的英语写作二，讲得非常清楚，循序渐进，能学到很多东西
174213,1930,朱晔,2023-06-07 13:19:02,2,4,2,好爱她，，，说真的，，，，写作2有一定任务量，但是听她上课很有意思，板块设计很有逻辑，是真的能有收获！
176221,1930,朱晔,2023-06-28 06:04:14,3,4,1,怎么会有这么温柔的美女老师啊啊啊啊啊，我爱死她了!!
177402,1930,朱晔,2023-07-03 06:55:20,2,3,1,卡米撒吗 zy 永远的女神
184709,1930,朱晔,2023-12-22 09:17:04,1,1,0,爱来自朱晔！
185765,1930,朱晔,2024-01-04 08:04:41,2,2,0,在工科专业课繁多的大二，一周唯一给我的慰藉就是朱老师的文体学课，老师记得我的名字，讲的也很有意思，还能背一些经典诗歌，好爽
185772,1930,朱晔,2024-01-04 08:26:20,2,2,0,终于把外语学分修完了（笑）！很感恩能够选上朱晔老师的文体学课，每节课都是干货满满！朱老师上课非常温柔，从不push人，娓娓道来，知识渊博，旁征博引，英语发音很好听，还会时不时“冷幽默”一下，是我见过为数不多的会“教学”的老师！文体学课平常作业不多，重在课堂学习，有几次背诵和写作作业，一次quiz和一次期末随堂测试（据说之前是写论文，但为了不挤占过多的课外时间，老师将考核方式改为随堂测试，针对两篇文段进行文体学分析），quiz和随堂测试有一定的难度，对综合能力要求比较高，但个人觉得一个学期跟着老师认真学下来不会出现太大的问题。感觉自己最后的绩点不会很高（菜菜，捞捞），但是学到的知识已足够让我满足。总之，十分推荐！
188755,1930,朱晔,2024-01-20 00:32:47,4,4,0,非常好授课，爱来自文体学
198527,1930,朱晔,2024-09-09 12:40:52,2,2,0,毋庸多言。
198780,1930,朱晔,2024-09-11 15:10:08,2,2,0,好好好
208248,1930,朱晔,2024-12-26 11:05:29,0,0,0,无须多言
211130,1930,朱晔,2025-01-11 01:13:28,1,1,0,英语苦手第一门上四的英语类课程，大爱老师
211227,1930,朱晔,2025-01-11 04:52:50,3,3,0,女神老师！🥰🥰🥰🥰🥰🥰🥰🥰一次quiz只有14（满分20），还是给我捞了起来😙😙😙😙🤓🤓🤓🤓
217838,1930,朱晔,2025-04-17 06:20:42,0,1,1,上了大半学期，朱老师完全是女神。非常非常有设计的课堂，写作聚焦的主题都是很有现实意义和思考价值的。非常体贴学生，上课氛围也非常好。没有十分是不合理的
221279,1930,朱晔,2025-06-22 11:56:29,0,0,0,伟大无须多言
221652,1930,朱晔,2025-06-25 06:10:50,0,0,0,各种层面上的好 希望自己可以成为像她一样的人
23502,1942,王之光,2016-04-01 11:48:56,1,6,5,泰斗！
26785,1942,王之光,2018-12-27 05:26:05,-5,3,8,老师非常乐于指导学生，知识也挺渊博的，就是讲课的条理性不强，不过很好相处。语法课时作业选做3次，最后是一次考试，还是挺不错的体验。
30438,1942,王之光,2016-07-01 14:57:28,5,10,5,感觉老师不怎么备课啊……反正没学到点儿什么，期末被绩杀了！唉……问老师也说不出什么所以然……
30509,1942,王之光,2016-07-03 07:48:26,5,7,2,绩杀，干活太少，做人不真诚
32163,1942,王之光,2016-07-06 00:18:54,3,7,4,绩点很低，老师说我翻译不着边际，“天马行空”，有趣的是，我别的专业课均绩4.2，虽说不是很优秀，但“天马行空”的翻译是无法做到的吧？
42101,1942,王之光,2017-01-13 15:39:53,0,1,1,不负责
47825,1942,王之光,2017-02-26 01:24:41,2,2,0,水军，浪费时间
48004,1942,王之光,2017-06-28 11:59:31,-3,4,7,老师人真的很好，上课轻松，好交流很关心学生而且给分不错(^ ^)
54049,1942,王之光,2017-06-28 10:06:01,-1,0,1,我大概是翻译比较对考试胃口所以老师给了高分吧…虽然真的跟不上老师的思路…不知所云
54156,1942,王之光,2017-06-28 14:44:30,2,3,1,语法课选做三次作业，期末完全开卷，可查电脑可交流无限制。平时看着什么都没讲，像在水，但期末考试真的会考！！卷子难度有点可怕，但给分还不错。事少，期末看造化。
55906,1942,王之光,2017-07-02 15:25:30,0,0,0,老师上课不点名，性格蛮好，但是感觉没有备课，上课太过随性。本人是选来当个性的，但最终成绩不是很好，应该是自己英语水平不够高，哈哈~
55967,1942,王之光,2017-07-02 23:32:23,0,1,1,上课水，给分好
59795,1942,王之光,2017-09-27 04:01:52,-1,1,2,上课是真的水。不建议法学院的学生选法律翻译，教学不系统，听着很难受。老师人挺好的，但.....教学一般
64985,1942,王之光,2017-12-28 06:35:35,3,4,1,不备课 上课学不到什么干货 平时交三份作业 最后有一次考试 \n\n但是老师人很好 想水的可以选 不想水的慎选 可以说是浪费生命了
75024,1942,王之光,2018-03-07 04:43:32,14,14,0,上课太随意了，目测没备过课，期末考试的时候根本没有和同学们说过不用来教室考也没说考题会发邮箱，等大家都到了等了二十多分钟了他也没出现也没有在微信群说明任何情况，后来一个同学在公邮发现新邮件问他是不是期末考题他才说对。。当时已经浪费半个小时了大概，而且教室多媒体之前没调试好相比在宿舍安心翻译发挥差很多吧。。。老师人好也没用。差评。
80952,1942,王之光,2018-07-03 03:50:54,4,4,0,法律翻译平时的课就是莫名其妙的讲评作业....真的就是永远讲评作业...本班的讲完了讲其他班的 无语...给了我专业课最低的绩点...我其他课均分85+ 这个再怎么翻也不至于70吧 无语...懒得计较了
82783,1942,王之光,2018-07-09 06:22:17,-1,2,3,老师慈祥(笑着讲课内容随便讲讲口语不能细究期末给分随缘还真的谢谢您嘞
83988,1942,王之光,2018-07-11 16:04:02,2,2,0,一般，?杀 ，水水就好了，关键靠自己学吧。\n\n
84382,1942,王之光,2018-07-12 16:25:56,1,1,0,呵呵呵
95819,1942,王之光,2019-01-20 05:58:08,1,1,0,新闻翻译。鸡杀。课水。老师对一些术语的翻译太过绝对，有时又很主观。
97657,1942,王之光,2019-01-22 12:46:50,2,2,0,从来不备课 根本学不到什么 评讲批试卷的标准也非常主观 建议不是非得选他的课还是不要选了
101182,1942,王之光,2019-01-28 01:25:21,5,6,1,不负责任，死板自负，给分垃圾，课程水到毫无意义，在外院碰到的最傻逼的老师
105296,1942,王之光,2019-07-01 02:07:28,7,7,0,有史以来最低分 是比通识 微积分还低的那种...哭了
110083,1942,王之光,2019-06-22 10:04:36,10,10,0,语法课真的无语。。。别的班系统的学习语法我们班根本不知道在干嘛，到最后就没人去上课了都，呵呵
111305,1942,王之光,2019-07-01 12:47:30,9,9,0,给学弟学妹们的话：不要选 真的 选了就完了
111306,1942,王之光,2019-07-01 01:57:38,9,9,0,无论想学东西还是想刷绩点抱他的课都不会有收获。真的不备课，每次上课讲评点作业扯一堆很尴尬的东西根本学不到知识，最后绩杀，我同学每次都去听课认真写作业结果收获了有史以来最低绩点，不知道老师到底怎么想的
111317,1942,王之光,2019-07-01 02:26:06,13,13,0,均绩3.79我是不信的 要是早知道这么假的均绩打死我都不会选他。课水 无收获 讲题答案不明 无系统性 每节课讲一样的内容 很简单的东西问十遍 以为绩点会跟上课一样佛 你错了。如果硬要说有什么好的话 那就是一学期的早课天天睡懒觉仿佛没有早课。哦不过我是每次都去上早课的。
111321,1942,王之光,2019-07-01 03:08:52,7,8,1,既然不教东西\n\n那请您的给分有点和您的教学水平匹配的自觉可以吗\n\n?
111326,1942,王之光,2019-07-01 02:50:24,8,8,0,我只想说，不仅仅是在外院，他是我在浙大碰到的最恶心的老师，上课不知所云，和语法没有半毛钱关系，我不知道我最后被您讨厌成了个什么样要给我这样的分数？？？最后统一命题和以往不一样，由孙艳萍老师这边出，我搞来了他们班的上课课件然后认认真真学了真正的语法课，却得到了一个我认为自己裸考都不可能得到的分数
114638,1942,王之光,2019-07-11 02:16:56,2,2,0,绝了，求您做个老师吧
117178,1942,王之光,2019-09-20 04:06:11,0,0,0,拜拜拜
158,1970,郭国良,2015-03-14 16:15:30,52,57,5,节奏不快，一点一点地品味小说字里行间的含义，很舒服，收获很大。
1103,1970,郭国良,2015-03-21 16:10:20,21,26,5,舒服~为人很和蔼
1184,1970,郭国良,2018-08-26 16:29:29,100,122,22,老师挺萌，花衬衫特别棒（换之不尽似的……），感觉有时候对文章的过度解读蠢萌的
1916,1970,郭国良,2015-03-26 07:10:36,34,38,4,穿衣风格很好，英语也很舒服，值得一听的好课~
3483,1970,郭国良,2015-06-16 12:06:17,3,6,3,为人和蔼，上课节奏过慢，有时又太跳跃
3784,1970,郭国良,2015-06-17 04:14:14,2,6,4,上课认真 人好
4225,1970,郭国良,2015-06-18 07:07:15,3,5,2,儒雅的老师，优雅的课堂
4672,1970,郭国良,2015-06-26 03:21:59,49,55,6,讲课很认真，有时候会有点魔性（dady～？）课挺有意义的
5172,1970,郭国良,2015-07-05 14:32:55,4,6,2,有时候过度解读也很可爱 很用心的老师
8995,1970,郭国良,2015-10-08 10:46:34,1,3,2,老师很儒雅，英语说的很优雅，很喜欢的老师！
9282,1970,郭国良,2015-10-20 03:57:42,13,17,4,我是大一听到老师的课，开始对我有点难，但听课确实很舒服，很惊喜，推荐的小说也很棒。有基础的人可以听听，真的是享受。
10169,1970,郭国良,2015-11-17 05:49:33,1,6,5,老师超帅，人超好！来浙大必听课之一！上课要好好听，最好有笔记～期末开卷*^_^*解读得超好，不过会有难度有点大的翻译作业
10393,1970,郭国良,2015-11-18 11:33:26,1,3,2,好棒的老师！！讲课超赞的，英语听着很舒服，开始听有点吃力，慢慢会觉得受益匪浅
13010,1970,郭国良,2015-12-24 13:34:25,1,3,2,讲得很好，有深度，有风度
13552,1970,郭国良,2015-12-29 07:21:12,1,3,2,挺好的，就是我还不知道给分怎么样？
14178,1970,郭国良,2016-01-05 07:18:43,4,6,2,花衬衫萌萌哒 解读很有深度 然而一句话重复n遍～
16367,1970,郭国良,2016-01-18 03:55:11,15,24,9,永远的花衬衫！很好的老师，讲课好英语短篇小说考试开卷可用手机给分也不错。
16467,1970,郭国良,2016-01-18 06:58:54,1,5,4,有内涵
16864,1970,郭国良,2016-01-19 06:04:27,-13,15,28,每次拖课，话唠过度解读，枯燥乏味无比
17149,1970,郭国良,2016-01-19 16:42:00,15,19,4,温文尔雅的花衬衣，让我学到了好多除了课堂意外的东西。思路很棒，收获很多，虽然绩点一般。下学期依然选。
17333,1970,郭国良,2016-01-20 04:52:37,6,10,4,一言以蔽之，这是个好老师，但英语不过硬选他还是有风险的。
21860,1970,郭国良,2016-03-01 10:20:33,5,6,1,收获良多。大师级人物
30553,1970,郭国良,2016-07-02 02:36:22,1,2,1,讲的很好，口语特别好\n\n
31786,1970,郭国良,2016-07-05 02:14:22,1,4,3,老师人挺好的 给分不错
31814,1970,郭国良,2016-07-05 03:01:12,1,2,1,好老师～
32028,1970,郭国良,2016-07-05 12:02:09,2,3,1,温文尔雅的老师， 上课特别棒！
32331,1970,郭国良,2016-07-06 07:26:53,1,5,4,很儒雅的老师，就是上课语速真的有点慢，经常一句话重复两遍。
33484,1970,郭国良,2016-09-19 14:54:04,1,4,3,给满分，不怕骄傲
33779,1970,郭国良,2016-09-21 13:00:39,2,4,2,很好很好的老师，很难忘
35375,1970,郭国良,2017-01-16 03:41:40,-3,16,19,为什么没零分 老师天天过度解读文本也是醉了!
35639,1970,郭国良,2016-11-10 07:37:35,2,3,1,每次上课都超级有激情
38475,1970,郭国良,2016-12-06 09:17:22,3,4,1,上课氛围给人一种很舒服的感觉，老师温文尔雅，声音好好听的
39774,1970,郭国良,2016-12-27 12:16:50,2,5,3,有情怀
41106,1970,郭国良,2017-01-09 07:43:46,3,7,4,口语很舒服 语速很慢 包容不同观点 有时候有些魔性（E--very）  老师真的热爱文学  很棒的课
41215,1970,郭国良,2017-01-10 05:41:54,1,4,3,老师是个好人。。。
41250,1970,郭国良,2017-01-10 08:25:25,3,6,3,its my pleasure to do what I want to do in this university translation writing and teaching 工作是一种热爱 真幸福
44924,1970,郭国良,2017-01-18 13:57:53,-14,7,21,贬低学生有意思吗。会翻译了不起了？\n\n
46459,1970,郭国良,2017-01-21 15:48:19,4,5,1,签到不点名。总觉得上课进度很慢，好像在拖时间，老师感觉人不错、一个学期读两本小说要求也不算太过分～
48070,1970,郭国良,2017-02-28 09:48:13,2,4,2,很棒的老师！我喜欢他！很有收获的课。花衬衫男神
48566,1970,郭国良,2017-03-07 09:12:55,0,5,5,表面上三观极正。
48569,1970,郭国良,2017-03-07 09:36:10,1,5,4,讲课超慢，信息量很少。
51656,1970,郭国良,2017-06-08 04:29:21,7,10,3,讲课很慢，英语基础不太好的人也能接受，但是对文本的解读有些过度了，有些地方我无法接受。
52476,1970,郭国良,2017-06-20 09:49:09,3,5,2,可能是在浙大，听过最好的课，遇到最好的老师了
52829,1970,郭国良,2017-06-23 05:55:05,5,5,0,老师很儒雅，从小说里面讲出来好多我看不出来的东西，课程不算难，考核方式也好。
55134,1970,郭国良,2017-07-01 01:26:26,12,17,5,上课有时候很有趣有时候又很无聊?老师讲话语速挺慢的，很好懂，而且还是英音，喜欢英音的我给好评。层出不穷的花衬衫和魔性的重复?可以带手机开卷考，最后给分还不错。
55144,1970,郭国良,2017-07-01 01:59:19,3,5,2,老师真的特别好，每节课都讲的很认真，虽然一次都没发言，期末考好好考最后也上4了
55383,1970,郭国良,2017-07-01 11:49:50,9,11,2,上课水水的 但期末开卷考 还是好好听课吧
55386,1970,郭国良,2017-07-01 11:52:57,2,4,2,反正就是超棒的
60032,1970,郭国良,2017-10-06 06:29:11,71,73,2,石黑一雄《无可慰藉》的译者
60156,1970,郭国良,2017-10-12 01:17:57,12,18,6,不管给分怎样 我是老师铁粉
66609,1970,郭国良,2018-01-17 13:19:16,10,12,2,想问老师对于两个班试卷一样但先后考，后一个班普遍答得多有什么看法或措施？
66807,1970,郭国良,2018-01-19 06:44:38,2,5,3,上老师的课很享受。
68144,1970,郭国良,2018-01-22 15:43:43,4,7,3,郭老师超可爱！自己很厉害，但都会很认真地听我们的解读，最后一节课对我们表示感谢，说自己第一喜欢翻译，第二喜欢上课，在浙大“混得挺好的”。2333\n\n给分也很好，虽然被正态了一下下，上课认真听做笔记就行！\n\n力荐！
68173,1970,郭国良,2018-01-22 16:24:43,4,5,1,男神！平时没有发言但是认真听课做笔记 最后上4啦 表白老师～
70201,1970,郭国良,2018-01-26 08:29:47,1,5,4,我觉得 如果不好好上课 是我的问题 如果我认真上课了 认真记笔记了 认真答题了 你不好好给我打分 那就是你的问题了 真的 印象极差
71927,1970,郭国良,2018-01-29 05:59:34,23,35,12,英语短篇小说鉴赏，上课模式，会每句话进行提问，等同学们发言，比如对这句话你有什么看法。我个人不喜欢这样，首先，欣赏文学作品是很personal，但老师心中通常有个标准答案，你答中他会赞扬。其次，不管欣赏中国还是英语文学，这是一个情感共鸣的过程，形而上谓之器，以有着标准答案的器来衡量欣赏水平，私以为并不喜欢。第三，上课等待大家发言，而我们英语口语水平实在参差不齐，鄙人听力不好不易听懂其他同学的发言，因此常感无趣。
75141,1970,郭国良,2018-03-07 13:18:09,2,6,4,儒雅低调
77657,1970,郭国良,2018-05-07 06:25:55,-11,8,19,我只能说 慎选 事情确实少 有人认为他上课有激情 不过我是不喜欢 文章过度解读 讲英语故意拉长语调拗腔调 有时候都不知道他在扯什么东西 每节课都是煎熬 可能是我对装逼容忍度太低了吧 唉
83006,1970,郭国良,2018-07-09 12:48:07,19,26,7,英语短篇小说欣赏--英语不好或对英语没感觉的同学，千！万！不！要！选！
84072,1970,郭国良,2018-07-12 03:14:09,0,4,4,我非常后悔为什么选了这门课。本学期最低绩点?
84100,1970,郭国良,2018-07-12 04:15:02,-1,2,3,给分低
84119,1970,郭国良,2018-07-12 05:02:26,1,5,4,听老师的课很享受啊，很多解读，互动也很有意思。虽然如果英语基础不够考不大出来……个人原因喽
84139,1970,郭国良,2018-07-12 06:18:49,1,1,0,还不错 可爱的小老头
84197,1970,郭国良,2018-07-12 08:10:41,-1,5,6,十道选择就一道不会，剩下全看笔记，后面两道论述，一道短篇小说赏析，五道翻译。\n\n真心感觉，这门通识，如果不够敏锐还是别选了，被通识拉绩点我也是b了狗了。
84252,1970,郭国良,2018-07-12 10:59:26,2,8,6,每节课都认真听，考前两天专门复习，考试拼尽全力答，绩点...惨不忍睹。感觉有很多外院大佬，其他专业的很吃亏。个人觉得这样的通识课考核方式不合理。平时只有30%，对非外院的肯定不公平。
84274,1970,郭国良,2018-07-12 11:56:54,0,3,3,老师点名 课讲的也还行 但是想要高分的同学真的慎选 特别是跟我一样英语不好的 不如一些写论文还可以翘课的通识好\n\n但是如果想学东西的话还是可以写到一点的 只能看各位的选择了 确实拉绩点
84377,1970,郭国良,2018-07-12 16:10:28,7,8,1,老师讲课很有深度，有自己的看法，他的很多点需要上课的时候跟着他走，用心体会。感觉我就普通认真，考试之前准备了一个小时，最后4.5，还是挺开心的
84905,1970,郭国良,2018-07-14 09:48:04,5,5,0,给分有点低吧。老师上课内容不错，蛮有收获的。但难度有点高，有些东西根本想不到。人挺可爱，挺介意大家的看法（一直注意大家课后鼓掌了没）花衬衫有点可爱。有点难受的是语速太慢…很容易睡着
86519,1970,郭国良,2018-09-17 04:13:29,5,6,1,真正的好老师，很为学生着想。
87978,1970,郭国良,2018-10-19 05:46:14,1,4,3,无语凝噎
88693,1970,郭国良,2018-11-06 02:44:24,6,9,3,超级喜欢郭老师的课 老师的英语超纯正 课堂很有趣 他还鼓励大家有自己的思考 我一开始不敢发言 现在一节课都能发言三四次啦 谢谢老师帮我克服了心理障碍
91927,1970,郭国良,2018-12-25 03:23:05,3,5,2,郭老师的课真的超棒！！！！收获挺多的而且老师对小说的解读超级好玩！！！强推！！！
93422,1970,郭国良,2019-01-09 13:03:43,-8,15,23,垃圾，八点下课拖到九点还在不紧不慢的哔哔，别人就不会有事吗，一点时间观念都没有
93947,1970,郭国良,2019-01-14 11:42:37,6,9,3,看兴趣，想凭借这门课提高英语水平不太容易，听课一开始还好后面就很无聊，然而开卷考考的就是上课内容……说到提高赏析能力，老师了讲的一些分析点比如音韵这种的确有启发作用，但总体来讲收获不大
94486,1970,郭国良,2019-01-17 01:18:24,0,7,7,个人观点 选他的课是一个错误的决定
94812,1970,郭国良,2019-01-18 08:36:51,-1,1,2,??
95305,1970,郭国良,2019-01-19 07:19:35,5,9,4,真心一般，后悔选了，考核也有点难。
98299,1970,郭国良,2019-01-23 09:37:36,-4,7,11,老师上课很认真，见解独到，知识渊博。但就是课上的太仔细，有点慢节奏，考核有点难。我上课不认真，考试也不带字典，绩点4.2也就认了。平时如果认真听、积极发言，绩点应该不差。这门课适合真正爱英语文学的人，像我这种小辣鸡会感到无聊。
98710,1970,郭国良,2019-01-24 00:08:51,4,5,1,分高事少老师好 真.拓宽知识面
99725,1970,郭国良,2019-01-25 05:49:34,4,5,1,老师英音太好听啦！！！！\n\n讲课也很棒，收获满满
103473,1970,郭国良,2019-02-28 10:12:34,6,11,5,不明白大家运气这么好才选上郭国良老师的课，为什么要因为成绩而唾骂不止呢？说实话，虽然课程考核确实是跟英语水平极大相关，但是我觉得这门课确实很提升文学素养和鉴赏能力。尤其是学完课后，寒假开始看伊恩麦克尤恩的小说，非常棒啊！在经历了某材料科学老师又交论文又考试的通识绩点3.0后，我觉得这样的通识绩点4.2已经很不错了！郭国良老师是一位很有涵养很风趣的老师~
104117,1970,郭国良,2019-03-12 09:09:02,2,2,0,老师很和蔼，讲课慢慢的，很舒服，词汇特别多。
104665,1970,郭国良,2019-03-26 02:09:12,5,5,0,人蛮好～衬衫每次都不重样\n\n好好听确实有收获\n\n就是说话太慢 一不小心就睡着了
104755,1970,郭国良,2019-03-27 05:41:25,-1,2,3,好好好
105014,1970,郭国良,2019-04-02 07:51:39,1,3,2,老师太可爱啦！！
109668,1970,郭国良,2019-06-18 08:21:21,2,4,2,呜呜呜不舍得老师
114227,1970,郭国良,2019-07-09 18:06:12,-25,8,33,垃圾老师谁选谁倒霉 给分真的不行
114630,1970,郭国良,2019-07-11 01:48:32,4,5,1,听老师的课真的很享受，获得许多从前没有的思路！而老师注重的，也不只是英语水平的提高，而是思维的敏感与创新，这使得郭老师的英语小说鉴赏课有了独一无二的价值和魅力！
121976,1970,郭国良,2020-01-27 07:24:10,1,2,1,讲的不错，给分还好
122253,1970,郭国良,2020-02-21 08:30:25,2,2,0,老师温文尔雅，很有学者气质。会鼓励学生！
123517,1970,郭国良,2020-06-09 09:53:35,3,3,0,老师太可爱啦！
128751,1970,郭国良,2020-12-25 07:01:02,3,8,5,我是英专的同学，来说一说。对于外专业的同学来说，来上英语文学专业的通识课难道不应该要求你有一些基本的英文水平？翻译时我们面临的困境不就是译成让读者自由思考，或者是给读者以原作者真实要表达的含义（就是直接问作者-很粗暴的方法）？老师的回答的确有深度，他第一次上课就说了是没有标准答案的，但是这是lecture而不是讨论课，难道要他吹一遍所有人的答案然后就下课吗？很多外专业同学听了郭老师的通识课直接来选我们专业课，我本来是想在这里多说几句不好的吹几句好难别选于是来选的人肯定质量更好老师会上课更开心，不过我还是觉得对英语有兴趣的人来选小说吧。不是你看过小说，就能说喜欢文学，然后来对老师指指点点，谢谢。\n\n有点戾气了。欢迎大家来选！不会后悔的！你会看到全新的世界！
136846,1970,郭国良,2021-06-25 16:11:45,2,2,0,老师真的很好啊！讲得超好，时间过着过着就下课了
137620,1970,郭国良,2021-07-05 10:11:49,13,14,1,郭老师的水平真的非常非常高，上课亦很有热情。选的篇目精美，可惜我上课划水去了没听qaq真的蛮后悔的，只是为了老师。考试前老师发了消息：『同学们好。请大家尽量提前10分钟到达考场。我还要破天荒地再上5分钟的课。太喜欢上课了。』讲了小说中的黄昏背景，那时心头一动。谢谢您让我听到罗尔德达尔、凯特肖邦他们。
137859,1970,郭国良,2021-07-06 11:46:41,8,8,0,老师解读小说的角度非常独到，虽然有人认为过度解读了，但是我觉得他的所有观点都做到了自洽，这不正是分析文学作品应该达到的境界吗？在他的课上你能切实地感受到老师对文学、对翻译那份真实的热爱。
141774,1970,郭国良,2021-10-25 09:33:41,-10,9,19,垃圾老师 天天拖堂
141933,1970,郭国良,2021-11-01 06:47:32,1,1,0,老师上课干货超多的，对于没了解过文学的本咸鱼真的大开眼界。上课发言是说什么都ok的，如果听力够好就可以听懂其它同学的观点（诶嘿）。不过有时候一句话能解读出一大堆内容，有过度解读之嫌了，听听就好
144031,1970,郭国良,2021-12-16 08:40:35,1,2,1,不多说，文学课的神中神
144414,1970,郭国良,2021-12-21 11:29:52,-4,0,4,...
144555,1970,郭国良,2021-12-22 08:39:21,3,3,0,真的好好！最有收获的通识课！老师的英音好好听！！
144602,1970,郭国良,2021-12-22 14:34:38,0,1,1,好棒呀！
148352,1970,郭国良,2022-01-12 08:16:54,1,2,1,呃呃…每节课也听，然后我还是英专的，期末考也觉得自己考得还挺不错的，基本都答出来了…没想到结果给分会这么一般..
148414,1970,郭国良,2022-01-12 11:24:34,3,5,2,很有意思的好老师！\n\n上的是英语短篇小说欣赏，课程整体上会先介绍英语文学的三大题裁，后面分析六篇小说这样子。\n\n小说分析得非常到位，有很多是独家分析，认真上课绝对是享受。\n\n上课讲得很慢，英语听力水平对于听课基本不构成障碍。特别注重朗读，有些句子读得很有趣的，“这句话一半的英语教授都读错也不奇怪”～\n\n考试的话，大部分是课堂内容，强烈建议98找回忆卷，考场会有惊喜的～
148462,1970,郭国良,2022-01-12 14:19:47,1,1,0,老师很和蔼，水平也很高，讲的课真的很有意思，喜欢文学的同学不要错过呀
149462,1970,郭国良,2022-01-15 11:56:55,1,1,0,听郭老师的课绝对是一种享受。无奈我的艺术细胞可能确实有些缺陷，期末考试除了上课有关的内容都比较抓耳挠腮。但还是鼓励同学们来选这节课，绝对不亏。
149823,1970,郭国良,2022-01-17 07:13:25,5,8,3,我来啦！MR.GUO，大一上的最认真的通识课了！基本没在玩手机嘿嘿!选了个最前排的位置就会有很多沟通，避免划水！带我们精读了很多小说。最后主要是考试，考试平时认真没问题的，开卷考试，复习一天美美4.8www
152442,1970,郭国良,2022-04-11 11:16:55,9,14,5,平时分怎么给呀，划水人害怕😨
154853,1970,郭国良,2022-06-06 07:57:55,0,1,1,喜欢郭老师😍
158092,1970,郭国良,2022-06-27 02:56:08,14,17,3,给分真的一般，平时上课发言，考试认真准备最后3.6
158114,1970,郭国良,2022-06-27 05:15:14,-2,0,2,好好好
158134,1970,郭国良,2022-06-27 06:23:26,5,5,0,给分一般+1
161831,1970,郭国良,2022-11-14 08:48:52,-26,8,34,没有人觉得他的三观很怪吗？包括但不限于认为所有自杀的人都是因为觉得丢脸（照这么说所有的烈士都是觉得自己丢脸才把自己的英勇行为付诸实践喽？），等等。那几个发言的同学还附和？反正个人觉得老师讲的还好，就是和我三观不合😅
164792,1970,郭国良,2022-12-26 07:17:56,14,15,1,别的不说 加了老师微信之后 老师还会给我的微信运动点赞 狠狠爱了
164816,1970,郭国良,2022-12-26 09:03:37,0,1,1,郭老师真的是一位值得尊敬的好老师，他对英语文学的热爱之深沉从他一字一句抑扬顿挫的课堂中就能看出，而且他一直在努力inspire同学们去感受文学的魅力。\n\n受益匪浅，感谢老师的付出，默默地祈祷老师能给个可观的分数！！！
166384,1970,郭国良,2023-01-12 06:31:09,0,0,0,老师讲课很有意思，也可以水，最后给分一般，但鉴于平时一点事情都没有，还是非常可以接受的
166467,1970,郭国良,2023-01-12 10:21:50,2,2,0,英语短篇小说欣赏，不点名，座位固定，但是上课很喜欢提问题，没人回答会很失落，总之很可爱的一个老师
166655,1970,郭国良,2023-01-13 07:22:11,-7,2,9,老师水平高，内容比较枯燥，给分不好
166984,1970,郭国良,2023-01-14 13:07:48,-1,1,2,老师讲课超级好，感觉是真的热爱文学。一点作业都莫得。英语不好硬选还是有点风险的，比如我3.6……（但英文写作能力本身差的我已经很满意了）
167554,1970,郭国良,2023-01-17 09:15:47,1,1,0,水平非常高
168213,1970,郭国良,2023-02-03 09:08:45,0,1,1,很专业很博学很厉害的大牛老师，讲课也很可爱哈哈哈，给分确实一般，但是上课体验绝佳，不强制发言，没有硬性作业。
177697,1970,郭国良,2023-07-04 10:20:57,-7,3,10,绝对的好老师，对文学有自己翻译者的视角与方法！虽然老师卡我绩了ww只有4.5，但是老师真的很棒！！！
177708,1970,郭国良,2023-07-04 11:29:07,2,3,1,给分好一般啊……
177839,1970,郭国良,2023-07-05 03:40:54,-3,4,7,太好了，真正刷新我认知的文学课，不管是不是文学爱好者都推荐大家选！老师的观点里有很多主观的东西，也有些地方会让人觉得是不是有点过度解读，不过就像老师所说的，欣赏就是猜测，阐释就是猜测，用自己的想象和推理填补作家留下的空白的过程不是非常美好吗？郭老师人也很可爱hhh考完试大家找他要签名，老师肉眼可见的开心😄一开始特别担心给分差，绩杀，但是上课认真听，做笔记，期末复习了，最后拿到92真的超级开心！大家不要因为担心绩杀不选呀！这门课真的值得！
188969,1970,郭国良,2024-01-21 02:26:54,-4,5,9,上课节奏很慢，对文章的解读有点过度了。。。
188978,1970,郭国良,2024-01-21 03:58:50,3,5,2,老师人很好，但期末考试对于英语不好的同学太不友好了，给分很低，英语很好的可以选(至少能读懂一整篇全英文小说)
195059,1970,郭国良,2024-06-26 14:15:17,-1,4,5,无论给分怎样，老师在我这里都是满分！
196796,1970,郭国良,2024-07-05 07:40:18,1,10,9,写在前面，老师水平很高，翻译过很多出版物。但是授课方面一言难尽。\n\n1. 给分很一般了。2. 作业和考试量很大，但从未反馈。因此对于期末分数的构成同学也很懵。4. 上课形式很多就是讲讲自己对内容文章的理解，无聊枯燥，文学理解的东西本来就是没有对错，这样的上课形式1-2节可以，一学期都这样，很难挺。
196858,1970,郭国良,2024-07-05 13:38:58,-7,3,10,【英语短篇小说欣赏】首先郭老师水平很高，是对英语文学真正有情怀的老教授；上课节奏偏慢，需要提前预习文本，很适合静下心来感受文学的魅力；授课中英夹杂，不会听不懂；老师第一节课就强调这是一门question-oriented的课程，所以比较重视发言互动；无作业无点名（但有固定座位），so平时分全看老师对你上课表现的印象；期末个人觉得题量和难度都偏大，除翻译题外要求全英文作答；好在最后给分不错卡着4.8飘过
198012,1970,郭国良,2024-08-23 14:28:09,3,6,3,英语短篇小说欣赏，没有点过名，但固定座位，应该是变相点名的，所以尽量别翘。\n\n不强求发言，但平时分没有任何清晰的依据，大概率还是看发言的，最好还是往前坐加发言。\n\n上课内容主要是对几篇小说的文本详细分析，郭老师是有名的译者，这个水平还是很高的，而且他人非常好，也很谦逊，我微信上问问题他会打微信电话来详细回答，对自己确实不知道的也不隐瞒。\n\n如果你对文学感兴趣非常建议选。只求绩点那要谨慎，毕竟这门课的考试你没一定文学功底和英语水平真不好应付
199088,1970,郭国良,2024-09-16 14:23:51,3,7,4,太喜欢郭国良老师的英语短篇小说课了！一学期就讲6篇小说，每次作业只有把文章先看看预习一下。喜欢老师文本细读的方式，很多细节在记忆里历久弥新，每次听完课都心潮澎湃！不过建议同学们选这个课一定要基于兴趣，如果只是为了凑美育学分，上课不认真听，到时候考试、绩点都会比较难受
201147,1970,郭国良,2024-10-29 10:27:51,-1,1,2,老师很好
207801,1970,郭国良,2024-12-24 10:12:52,1,5,4,认真听老师讲课(英短)真的是一种享受，这是我个人感觉非常宝藏的一门课。听一句劝，想水课的真的不要选，因为的对你来说是一种煎熬，对其他想学到东西的同学来说是种浪费。
209233,1970,郭国良,2025-01-05 06:28:28,0,5,5,非常好的宝藏老师！不明白为什么老师不是十分！水平超级高，也很有个性。但真不建议那些纯纯为了混学分的同学选，请把名额留给真正喜欢这门课的同学吧。认真听收获会超级大的。
211985,1970,郭国良,2025-01-13 03:42:48,3,4,1,分好低呜呜呜
212027,1970,郭国良,2025-01-13 05:17:00,3,4,1,每节课很认真的听了，发言也发了，最后给分不友好！！！！！！！
212039,1970,郭国良,2025-01-13 05:32:07,-2,3,5,郭老师真的人很好，能感受到他真的很热爱英语短篇小说，每节课都认真听还是能学到很多东西的。关于给分，发过三四次言，期末也稍微准备了一下，最后也拿到了很满意的分数。
219323,1970,郭国良,2025-05-25 07:49:09,0,0,0,英语短篇小说欣赏快逃，超无聊期末难给分低
3313,1978,赵佳,2015-05-31 02:06:45,7,7,0,语法很细，听写很严格，但教的特别好！\n\n
12703,1978,赵佳,2015-12-24 02:13:52,5,5,0,佳佳老师超级棒！
16304,1978,赵佳,2016-01-18 00:41:14,16,16,0,给佳佳老师一个好评！讲的认真又细致 妥妥的好老师~就是笑点超级低啊哈哈哈23333
29849,1978,赵佳,2016-06-30 11:48:45,4,4,0,超爱佳！！超好的老师啊啊啊！ 明天考试了  求佳手下留情！爱你呜呜
38044,1978,赵佳,2016-11-23 12:33:29,2,2,0,啊从没见过这么漂亮的老师，年轻有活力，声音又好听，上课激情四溢，听她的课真是一种享受，不想错过哪怕仅仅是一分钟。真心喜欢！
117714,1978,赵佳,2019-09-30 01:10:27,4,4,0,超级可爱认真的老师！！
130597,1978,赵佳,2021-01-24 01:50:00,6,6,0,世界文学史讲的最好的老师！！女神！！超级有气质！！给分也好 期末写的法语 最后满了！
130809,1978,赵佳,2021-01-24 16:20:30,3,3,0,世界文学史选了赵佳老师的题目，给分超级好诶！上课讲的也很有意思，法国文学史讲的蛮好
164418,1978,赵佳,2022-12-21 02:24:34,7,7,0,我是爱佳人士！！！
185503,1978,赵佳,2023-12-31 12:59:02,6,7,1,虽然但是，老师能不能提前一周布置演讲题目啊？临近期末大作业一大堆还要花大把时间准备演讲有够累的。。。
186287,1978,赵佳,2024-01-10 10:49:01,8,9,1,女神！海底捞！
186562,1978,赵佳,2024-01-11 21:30:32,6,6,0,女神！
194136,1978,赵佳,2024-06-22 06:47:52,2,2,0,老师是真的很爱喝可口可乐
197630,1978,赵佳,2024-07-23 04:25:54,-2,8,10,赵佳老师应该是ZJU法语所除许均教授外水平最高的，但是很遗憾她良好的专业素养并没有完全体现在她的课堂上，大三大四的高级法语翻来覆去讲讲了n次的语法，像高三生学英语一样做专八题讲专八题，此外上课效率也很低，一学期下来学不了几课。\n\n此外，zju法语所的培养方案也类似一坨x，学习效率很低，水课一堆，很多老师上课也很不用心，建议新来的学弟学妹若是对法语有兴趣不如报法语网课。不知道为何她作为专业负责人会设置出这么差的培养方案。\n\n毕业后，许多法语系同学的法语能力甚至没有去线下法语培训班学完一年的水平好（也就是甚至达不到DELFB2）这种现象已经持续了若干年，然而所有法语老师也都是得过且过，打扮得精致漂亮，享受着ZJU教授/副教授的红利。\n\n  在ZJU法语系就读的体验，一言以蔽之：荒谬。
201047,1978,赵佳,2024-10-28 02:21:53,16,16,0,第四，尤其是赵老师，一直在为学生争取更多资源，同时承受科研压力。作为浙大的教授或副教授，主要考核指标是科研成果。虽然法语系在小语种领域面临科研压力，但与其他综合性大学相比，教学水平至少达到了平均。教师们尊重学生的选择和意愿，不会强制干预或布置过多作业，这种自主性符合研究型大学的教育理念。然而，小周并未充分利用这种自主性来提升自己的法语水平。\n\n\n\n第五，关于教师形象，整洁得体的仪容是对学生的基本尊重。法语系的女老师们穿着得体，课堂上风格简约，即使有些昂贵的配饰或衣物，从未显得张扬。即使和某些高中老师相比，她们的风格也已算朴素。如果认为教师应随意对待仪容，那显然误解了教师的职业素养。\n\n\n\n总结来看，小周的问题在于没有投入足够时间进行语言学习的沉浸式练习，也没有合理认识综合性大学和语言培训机构的教学差异。TA享受了浙大的优质资源和自由的学习环境，没有因为课堂不积极而受到惩罚。尽管法语水平稍逊，TA几乎达成了所有目标。事实上，小周的法语水平已接近B2，若再努力三个月，达到C1甚至C2也并非难事。但关键在于，TA不愿付出更多时间，也不愿承担学习不积极的责任。
201048,1978,赵佳,2024-10-28 02:21:30,14,14,0,小周是浙江大学法语专业的学生，尽管学习能力出色，但在大学期间未能充分发挥潜力。从大一开始，作业和背诵任务较少，导致小周在语言学习上的积极性不足，课外没有进行听说读写练习。法语学习基本局限于课堂和少量作业，直到期末才会集中复习。到了大三，课程减少，小周的重心转向硕士申请和实习，对法语兴趣减弱。大四时，TA对课程更加松懈，认为出勤不再重要。由于教师尊重学生的自主性，也没有强制干预。\n\n\n\n毕业后，小周表示：“浙大法语专业的水平太差，还不如法盟学一年的学生能考上B2。”\n\n\n\n首先，需要讨论的是培养方案的问题。培养方案不仅仅是专业的选择，更反映了学校的整体策略。浙大法语系作为综合性大学的一部分，不可能像外语院校那样在大一大二就集中教授专业课。然而，根据研究，通过专四考试的学生法语水平通常可以达到B1-B2。小周在专四后的法语学习缺乏系统性，寒暑假几乎中断。语言学习需要长期积累，仅靠课堂是不足以达到高水平的。托福和雅思等考试都需要大量自学和练习，法语也不例外。\n\n\n\n其次，评价法语专业的水平，应与同类综合性大学比较，而不是轻率得出结论。\n\n\n\n第三，作为高排名的综合性大学，浙大的品牌优势为小周带来了诸多机会，比如保研、申请名校或进入优质企业，这些都是TA过去努力的成果。然而，小周将语言学习不足归咎于教师，这表明TA还未能正视自己的问题。
217147,1978,赵佳,2025-04-02 13:02:35,2,2,0,离开你我还上哪找跟我一起踩点的老师啊啊啊啊🙌🙌
220414,1978,赵佳,2025-06-18 01:14:14,1,1,0,女神我将永远追随你。。。。。。
604,1987,徐明,2015-03-15 06:37:54,32,46,14,很不错的老师，上课互动与教学的节奏把握地很好
3270,1987,徐明,2015-05-30 15:26:01,-3,17,20,一是老师呵呵，平时破事一大堆，背诵会提前一个多周先叫你在课上默写，不知道这样刻意拉长周期有什么意义；二是助教呵呵，批quiz和作文的错误真让我们怀疑他水平。
3475,1987,徐明,2015-06-16 09:41:51,9,16,7,挺好的
3894,1987,徐明,2015-07-02 05:55:38,0,15,15,助教是我见过最坑爹的，没有之一！改quiz态度极其不负责，背诵还特别神经病
5359,1987,徐明,2015-07-07 03:20:03,-10,6,16,呵呵呵呵  这个老师的助教真的不敢恭维  比我大英三的quiz成绩平均低十分  复习方法明明差不多  最后的均绩也是呵呵呵  你们慎选
5599,1987,徐明,2015-07-08 16:12:24,-9,4,13,平时事情特别多，严重影响了我学习大英的积极性，如果不上大英课，这些时间用来自己学习，英语肯定会比现在好很多。非大神慎选！
5647,1987,徐明,2015-07-09 02:31:52,-7,1,8,老师不错，助教改卷简直龟毛…
6275,1987,徐明,2015-07-12 14:24:36,6,13,7,这学期的助教实在呵呵…老师其实还是不错的。
6963,1987,徐明,2015-08-23 09:52:28,54,66,12,好，太棒了，一定要选啊
7328,1987,徐明,2015-09-13 14:30:15,-8,2,10,呵呵
8195,1987,徐明,2015-09-17 11:06:16,-4,5,9,传统教学，慢节奏，课堂气氛不好。\n\n人很和蔼，课间放音乐，电影。。。
9111,1987,徐明,2015-10-13 07:00:23,-8,3,11,屁事特别多
9900,1987,徐明,2015-11-12 12:22:07,0,1,1,还好吧。
11761,1987,徐明,2015-12-14 08:51:43,10,16,6,老师很好...助教也还不错啊为毛这么喷.
12260,1987,徐明,2015-12-22 15:30:02,2,5,3,可以感受到老师的思考
13491,1987,徐明,2015-12-28 11:53:38,2,6,4,很好，助教也好
13503,1987,徐明,2015-12-28 14:45:38,-3,0,3,还是比较轻松的
13519,1987,徐明,2015-12-29 02:17:32,13,18,5,感觉挺好的会鼓励引导学生 比较重视写作和说的能力
14307,1987,徐明,2016-01-06 07:43:54,10,13,3,这学期都挺好！\n\n
14352,1987,徐明,2016-01-06 12:41:04,0,3,3,人不错，讲课很严谨
15931,1987,徐明,2016-01-16 15:48:15,0,2,2,老师人很好 上课也可以不听(如果不怕期末考试的话) 最后给分也挺好的...
15933,1987,徐明,2016-01-16 15:52:23,-4,1,5,老师会讲作文如何展开论点，会有听写、默写，自己就会提前背起来。老师不错的哦，但是上课小组讨论比较冷清
15940,1987,徐明,2016-01-16 16:08:37,0,4,4,上课还可以
15947,1987,徐明,2016-01-16 16:37:44,2,4,2,挺好的，感觉老师不错
16078,1987,徐明,2016-01-17 06:53:47,6,9,3,感觉很不错，人很和蔼，节奏也很好，电影很经典！这学期助教蛮好的呀
16510,1987,徐明,2016-01-18 09:22:18,4,8,4,是一个很棒很认真的老师。上课的时候有许多小游戏之类的超有趣，比只听老师讲课好多了，给我们布置很多小任务什么的也很有意思，感觉还是很提高的。当然咯给分也很好嘿嘿
16834,1987,徐明,2016-01-19 05:04:29,7,10,3,老师口语很好，而且很有耐心，总是鼓励你，教学除了课本还会讲一些方法，总之很好！
18897,1987,徐明,2016-01-22 17:06:24,1,5,4,老师人挺不错的，很和蔼不会回答问题的时候为难你，给分尚可。
21580,1987,徐明,2016-02-29 08:44:37,3,9,6,老师口语很好，课堂上会搞些小活动，能调动积极性。背诵前几天还会提醒你。给分也不错……总之老师不错，不过大英主要靠自己（学渣心得）！
21947,1987,徐明,2016-03-02 01:45:08,2,5,3,感觉挺好的啊，老师的课气氛很不错的，而且人也很好
22108,1987,徐明,2016-03-02 11:00:48,-4,1,5,好就是好，适合基础差的
22712,1987,徐明,2016-03-10 06:12:08,6,9,3,老师很好啊\n\n
25425,1987,徐明,2016-05-18 11:42:46,3,7,4,非常耐心
25506,1987,徐明,2016-05-24 02:00:44,2,5,3,喜欢徐老师.
26650,1987,徐明,2016-06-20 14:32:33,1,3,2,超级棒的老师
26674,1987,徐明,2016-06-21 01:30:33,1,3,2,超级好
27877,1987,徐明,2016-06-28 02:38:05,0,3,3,客观评价的话，老师口语很好，但是感觉自己说的比较多，学生说的其实有限。平时乱七八糟的事真的比别人多，经常小组准备个什么演讲啊辩论啊什么的，但是都是提升英语能力的事。比较注重英语素质的培养，不怎么针对考试。然后我们这学期的助教。。感觉给分有点太好。。反正大英基本上还是靠自己靠平时。
27975,1987,徐明,2016-06-28 07:56:25,0,2,2,老师还不错，平时很温和，讲的也很好，但是给分也是真的狠。
28248,1987,徐明,2016-06-28 08:21:01,1,2,1,3个字
28389,1987,徐明,2016-06-28 08:48:30,1,2,1,很注重听力
28465,1987,徐明,2016-06-28 09:07:19,1,2,1,很好的老师
28711,1987,徐明,2016-06-28 12:44:17,1,3,2,(๑乛◡乛๑)
29094,1987,徐明,2016-06-29 08:33:10,1,4,3,很注意听力的训练呀什么的，很少听写，留的作业大部分靠自觉。课堂互动挺好的一个老师
30316,1987,徐明,2016-07-01 08:49:14,1,3,2,不错 上课喜欢给我们连听力 没有什么乱七八糟的发言计分和平时作业 发言都直接点人 课前pre也不计分 老师说就给我们个锻炼的机会 而且这学期背诵的助教打分也蛮高 很多人都五分
31765,1987,徐明,2016-07-05 01:33:17,1,2,1,老师很好！课堂氛围也不错的。老师会照顾基础不好的学生，也很平等。
34745,1987,徐明,2016-10-20 02:58:33,1,2,1,超级好
48774,1987,徐明,2017-03-12 16:13:29,2,4,2,老师超和蔼，大英三四都选她，超级棒。
58260,1987,徐明,2017-08-28 04:27:09,1,1,0,Good \n\n
58330,1987,徐明,2017-08-29 00:19:49,1,1,0,好极了
64852,1987,徐明,2017-12-27 12:05:55,3,6,3,难道没有人觉得英语演讲艺术事情有点多了吗
66358,1987,徐明,2018-01-15 09:59:51,-1,1,2,事情不多，挺和蔼的
67424,1987,徐明,2018-01-21 07:25:15,2,4,2,好老师啊
67558,1987,徐明,2018-01-21 13:43:54,1,2,1,老师对我真是慈悲
67566,1987,徐明,2018-01-21 13:56:50,2,4,2,英语演讲艺术虽然事情多，但是真的很锻炼自己的胆量和英语，老师很好很负责！
67570,1987,徐明,2018-01-21 14:00:13,1,3,2,徐老师是我哒你们不要和我抢！！！！\n\n徐老师炒鸡温柔～～～～\n\n很注重小组合作和口语～
67600,1987,徐明,2018-01-21 16:46:30,4,6,2,老师非常棒，认真负责!我选了英语演讲艺术，事情比较多，需要写演讲稿，准备visual aids等等。不过真的可以学到很多东西，想水通识的话还是不要选这门了，想认真学演讲的话就欢迎来吧~
67685,1987,徐明,2018-01-22 05:09:44,0,3,3,真心好老师，对学生很温和有耐心，也很负责。考单词什么的也有利于期末复习的吧，平时注重口语练习，但是说的不好也会引导，不会批评~4.5飘过嘻嘻
68531,1987,徐明,2018-01-23 10:14:16,1,1,0,老师人挺好的\n\n
68619,1987,徐明,2018-01-23 13:09:43,3,6,3,很好的老师！虽然一开始跟不上老师的语调（不习惯），但过了两周就已经基本适应了。老师上课节奏适中，注重口语与听力，词汇方面的能力，如果你平时有都做到老师的要求，那么我想好成绩就不需要担心了。老师还很耐心地教我如何提高听力水平，总是让课堂的氛围很温馨，给我们锻炼口语和思维的机会......此外，因为大英，我体会到了我目前选的其他课程所没有的小组氛围，培养了与组员之间深厚的感情。已经喜欢上了老师的上课方式，因此我大英四仍然选择了徐明老师~
70808,1987,徐明,2018-01-27 14:14:47,0,0,0,上课有趣，给分好
73672,1987,徐明,2018-02-02 13:22:49,0,0,0,呵呵呵→_→  没有人情分
75019,1987,徐明,2018-03-07 04:12:41,2,4,2,为基础差，听力弱的同学准备。上课你不会掉队，课下又没什么事。起码不瞌睡啊。推荐
76628,1987,徐明,2018-04-16 15:15:58,0,0,0,听课很稳
79778,1987,徐明,2018-06-13 12:45:37,0,1,1,老师很好，助教辣鸡不负责任，放听力的时候不好好放，瞎点电脑，也不注意时间。
80814,1987,徐明,2018-07-06 14:36:20,1,1,0,讲课很好，作业少，给分还行，虽然被卡绩，依然给10分。
81568,1987,徐明,2018-07-05 12:19:18,1,1,0,老师真的超棒好吗！撇开成绩不谈 是真的好！ 很喜欢她的口语考试上课也从来不会无聊能学到东西 而且口语会得到很大的提升 真的 心善
81704,1987,徐明,2018-07-06 02:49:12,1,1,0,就那样吧... 上课普普通通的\n\n考试应该是没有人情分的\n\n处分贼快 大神选吧\n\n绩点堪忧
85191,1987,徐明,2018-07-16 04:03:30,0,1,1,被卡绩，hhh，不过上课很轻松，注重口语和听力，不过口语不好的不用担心，因为一个班级口语都差不多，只有一两个大佬_(:з」∠)_一定要选啊∠( ᐛ 」∠)＿\n\n
94588,1987,徐明,2019-01-17 09:30:10,1,2,1,老师人很和蔼，善于鼓励学生
94910,1987,徐明,2019-01-18 12:46:09,1,1,0,老师真的可温柔，笔芯！
95177,1987,徐明,2019-01-19 03:58:39,4,7,3,老师挺好的，但给分有点迷，自认为平时挺好的期末也没有很差……结果被卡绩，直接拉低平均绩点0.3
95182,1987,徐明,2019-01-19 04:10:47,1,2,1,能学到挺多，老师比较注重口语，会布置挺多口头作业
95204,1987,徐明,2019-01-19 04:51:12,1,1,0,老师很温柔很棒
95205,1987,徐明,2019-01-19 04:54:12,1,3,2,事多给分好
95232,1987,徐明,2019-01-19 05:25:32,1,2,1,高中不考听力，自己的英语水平本来比不上其他省份，但还是努力学习，最后考得很好！谢谢老师啦
95255,1987,徐明,2019-01-19 05:56:00,2,4,2,老师真的好好啊！发音纯正好听，温柔细致，会鼓励同学（真滴好暖），事情也不是很多。强力推荐！以及蟹蟹老师的给分~
95274,1987,徐明,2019-01-19 06:31:25,1,1,0,老师很棒，奈何我英语差，拉了均绩
95309,1987,徐明,2019-01-19 07:46:03,1,1,0,感觉老师的口语超级棒，会搞一些有意思的小活动，给分也不错啊
95436,1987,徐明,2019-01-19 11:38:30,2,5,3,老师挺好的，比较注重口语，会布置很多口头作业...奈何卡绩了....
95558,1987,徐明,2019-01-19 15:02:33,1,1,0,超级喜欢徐老师o(^o^)o人好，耐心，可爱，作业也不多
95751,1987,徐明,2019-01-20 03:39:58,1,2,1,老師講課很好，平時事也挺少，就是給分實在是不能理解，感覺平時表現挺好的期末考的也還不錯，但是分數是真的很低。。。
95769,1987,徐明,2019-01-20 04:20:39,1,1,0,虽然最后绩点不高，但我觉得是因为自己比较渣，超级喜欢老师，很温柔，口语好，然后也很细心的回答问题！^_−☆
95775,1987,徐明,2019-01-20 04:33:18,4,6,2,必须给十分！大英四能3.9我很知足了！
96439,1987,徐明,2019-01-21 03:40:10,2,5,3,老师是那种easy-going， 循循然善诱人的类型，上课节奏张弛有度，很注重学生在课本以外的综合能力的培养，尤其是speak out与writing的能力。
96642,1987,徐明,2019-01-21 08:27:28,1,2,1,这学期上的大英IV。老师人挺好的，上课内容课本为主，但是会有很多听说部分，也经常会布置一些oral tasks，还有学期后期的展示等等。比较鼓励发言，也有一些小组团队合作的任务。也没有一些班课后准备起来烦人的presentation。课上要划水不太容易。口语不好也不要紧，会有锻炼机会的。至于分数，毕竟大英这种课本身就经常被人忽视，大多数人对大英(课后)投入其实非常少，得不到高分也没办法怨老师。如果要拿高分，建议课后还是得自己努力。毕竟课上时间太少了。个人感觉自己分数起码还是和自己付出是相当的。
99192,1987,徐明,2019-01-24 11:30:33,1,2,1,徐妈妈！！！！
100057,1987,徐明,2019-01-25 13:28:59,2,6,4,老师超级温柔，无论是知识还是注意事项都讲的很清楚，有时候还会做游戏。比较注重听说的训练(明明听说是弱项上课还在水手机超级对不起老师了...)，事情也不多，几乎每次有个口头作业这样子。大英要高分需要基础和课下下功夫吧。两次quiz分别是67、62，作文全部13，期末感觉不好不坏，最后3.9...给大家参考下，不必太介怀，还是enjoy最重要~
109231,1987,徐明,2019-06-12 05:51:58,1,1,0,管院的徐明老师是另外一个把
109815,1987,徐明,2019-06-19 11:46:12,1,2,1,第一次上徐明老师的课，英语演讲艺术，老师既亲切又严肃，真的是我入学以来最喜欢的老师之一了！课上内容很丰富，学到了很多实用的东西！还没有出分，希望能够拿到理想的分数吧！还是再谢谢老师！
111282,1987,徐明,2019-07-01 00:10:42,7,12,5,上老师的大英4 平时每节课都会布置口头作业 但是这是锻炼大家口语和写作思维 大家千万不要像我一样天天睡觉 水课 跟着老师走 你的英语会慢慢进步 也许考试体现不出来 绩点体现不出来 但是你的英语水平确确实实在提高 考试之前老师还会让同学们准备一些课文内容填词以应对考试 做做那些题会帮助你回忆 记忆单词 总之老师超棒 10分必须的！
111294,1987,徐明,2019-07-01 01:06:00,0,0,0,老师很好 无奈我太菜了TAT
111352,1987,徐明,2019-07-01 04:27:31,1,2,1,期末考明明考得很差很差的(;´༎ຶД༎ຶ`)非常感谢老师捞我们(;´༎ຶД༎ຶ`)
118787,1987,徐明,2019-11-05 23:55:00,-8,1,9,大英四。徐老师性格温和，布置作业很少，但课堂真的无聊…
120553,1987,徐明,2020-01-12 15:19:46,1,1,0,老师，明天出分，求罩！
128354,1987,徐明,2020-12-21 06:50:00,-3,4,7,喜欢打断别人的pre
128574,1987,徐明,2020-12-24 05:26:37,0,1,1,感觉老师总会抽到我，上课不敢睡😂
128638,1987,徐明,2020-12-25 01:54:34,0,0,0,老师很温柔课后找老师问题老师也会认真解答，要是分数很低老师也会主动找你分析，总之超棒的老师
129082,1987,徐明,2020-12-30 03:01:52,1,1,0,老师是个好老师，可惜我不想听课。\n\n因为课间从来不下课，有两次上课的时候憋尿憋了整整一个小时，我的膀胱啊555\n\n膀胱差的慎选\n\n10分
130143,1987,徐明,2021-01-18 04:35:20,2,3,1,老师真的温柔，也很细致，作业不多但都是有意义的，plus小组之间因为经常讨论都很熟悉，也对口语有提高\n\n总之不可多得的好老师
130238,1987,徐明,2021-01-20 01:34:26,0,0,0,徐明老师超级温柔有耐心，教学节奏也很棒
130814,1987,徐明,2021-01-24 16:57:24,0,0,0,很棒！感谢老师捞我
130823,1987,徐明,2021-01-25 00:28:45,0,0,0,谢谢老师，总算没挂科！
130840,1987,徐明,2021-01-25 02:33:50,1,1,0,这学期上了演讲艺术，一开始会觉得书本理论有点无聊，但随着实战开始，我真的感受到了这门课的乐趣！徐老师真的很负责，对每个同学的演讲都有认真听和评价，给的建议都很中肯和深刻，确实是会让你进步和提高的评价。这学期真的学到了很多！
131651,1987,徐明,2021-01-28 10:22:50,0,0,0,感谢不挂之恩
135791,1987,徐明,2021-05-26 01:32:36,15,20,5,演讲艺术\n\n只能说觉得事情多的谨慎选课\n\n本人曾在一个月之内连续做了四次pre\n\n当时心态就要崩了
136645,1987,徐明,2021-06-22 11:05:28,-2,1,3,是个好老师
137405,1987,徐明,2021-07-04 02:42:55,14,16,2,唉，我觉得我的绩点和我的表现，我的努力不成正比。
137566,1987,徐明,2021-07-05 06:15:47,4,5,1,对人评价主观
137731,1987,徐明,2021-07-06 02:25:52,0,0,0,老师很好但我没有好好学习，成绩也不好，对不起徐老师
143246,1987,徐明,2021-11-22 08:59:48,-2,1,3,good great excellent
143994,1987,徐明,2021-12-15 09:08:17,-3,10,13,什么狗屁
146245,1987,徐明,2022-01-06 04:06:08,2,5,3,老师真的人很温柔，很会鼓励我们开口讲英语。说错了也不会说我们，只是微笑看着我们呜呜。事情我觉得算比较少的，大英就是一次pre，每次口头作业，不用写的那种，听写也就听过三四次，然后一个小组视频，基本就没有了！
146252,1987,徐明,2022-01-06 04:39:48,0,3,3,老师很温柔，很有耐心，英语课布置的作业不算太多，给分也挺好。
146266,1987,徐明,2022-01-06 05:29:38,0,3,3,如果认真学 对于英语水平的提高是毋庸置疑的 绩点也会很好看的 很好很负责的老师
146311,1987,徐明,2022-01-06 07:42:57,-3,0,3,谢老师不杀之恩
146369,1987,徐明,2022-01-06 10:46:19,1,3,2,老师还是比较温柔，但是事情太多了，包括小组的和个人的，最后分也不高。
147030,1987,徐明,2022-01-08 12:59:58,1,4,3,超级好超级温柔的老师！鼓励学生开口说，说错会引导你慢慢来，上课很舒服很有质量，很能讲到要点。大英四：一次个人展示，听写（会提前通知）。事少给分好！可冲！
147055,1987,徐明,2022-01-08 14:02:47,0,3,3,老师超温柔，鼓励听说，事少给分好！作为一个口语不怎么样的社恐人，做pre时老师引导式地给出建议，感觉之后上台就没有那么拘谨了！最后的小组视频环节也收获了一群相互理解包容的小伙伴，太棒啦！
150941,1987,徐明,2022-02-21 07:16:16,7,11,4,互动太多了！！！！每个人都要回答问题！！！我真的很不喜欢这种上课方式！！！思考一些没有意义的问题
153801,1987,徐明,2022-05-11 13:32:18,3,6,3,真的栓Q了！一个单元一个小组project，一堆pre，上课点人回答问题，简直就是小学语文课的模式
155824,1987,徐明,2022-06-16 06:57:36,0,2,2,我爱徐明！！上课氛围很好，很鼓励交流，互动也恰到好处，不会太难受。期末出门可能会到决赛圈，但是很有可能是因为老师在捞人，给分完全超乎预期，我爱这个女人
155833,1987,徐明,2022-06-16 07:13:49,0,1,1,能学到东西，给分好
155834,1987,徐明,2022-06-16 07:26:13,0,1,1,老师非常和蔼可亲，耐心负责，上她的课可以学到很多，上课状态也能十分投入，比较注重口语表达和听力。
155853,1987,徐明,2022-06-16 09:52:49,4,6,2,事多分差，各种考试考的都比上个学期好绩点没变
156104,1987,徐明,2022-06-17 14:36:24,1,2,1,老师上的英语演讲艺术非常棒，学到很多东西！虽然任务有点多，比较充实（doge）
156129,1987,徐明,2022-06-17 16:44:14,6,8,2,上课真的像坐牢……
156254,1987,徐明,2022-06-18 13:26:06,6,8,2,上的是徐老师的英语演讲与艺术，老师是很温柔，很耐心，但是老师对人的评判真的很主观。\n\n我是上完大英四就来上这门课了，在大英四课堂里做过很多即兴的演讲之类的，口语表达也一直是自己很自信的一点。（浙大英语演讲比赛拿过奖的，想再提升一点，才来选这门课的）但是在课堂里老师只表扬固定的几位同学，我实在很不理解为什么老师对有几个同学很喜欢，因为我听下来有几个同学英语表达完全不算好的，但是老师就是每节课都会表扬。但对于我上课的几次表达老师真的完全不表扬，得不到认同是很让人挫败的。\n\n本来写英语演讲稿对我很轻松，也很喜欢上台发言，但是经历了几节课之后越来越不知道怎么写稿子了，写不出来，感觉完全被框住了，表达也是越来越不像原来的我了。\n\n可能是老师有自己的标准吧，很难受，但是也没办法。\n\n最后希望选上这门课的同学都能不迷失自己，在徐老师的课堂里学到东西，真的演讲中找到自信和快乐。
157071,1987,徐明,2022-06-21 23:00:02,1,2,1,徐明老师的大英课事情有点多的，还要做各种小组展示，并且上课会点人，虽然我经常在开小差的时候被叫起来，她依旧很温柔耐心。最后的给分也不错，被捞了
159173,1987,徐明,2022-07-07 09:15:51,4,5,1,大英四小组展示有点过多了，书本作业基本上需要自己课后完成，课堂听力训练量大，加上每个单元的check，作业压力较大。但老师认真负责，鼓励发言，适合想要认真提高英语的同学。
164492,1987,徐明,2022-12-21 08:36:37,1,5,4,事儿妈…1.5分的课有两次quiz、一次pre、一个期中作业和一个期末作业…呵呵
166187,1987,徐明,2023-01-11 11:00:48,1,3,2,事多分低
168738,1987,徐明,2023-02-21 14:07:49,1,3,2,徐老师超级好！！！
168789,1987,徐明,2023-02-22 08:15:32,5,6,1,预置了徐老师的大英四，虽然最后因为自己寒假摆烂期末考砸了，但是还是有被捞到。徐老师是一个很负责很温柔的老师。做小组pro的时候我们组准备了一个drama，但是因为疫情改线上课，效果不好。徐老师特意和大家说我们有充分准备过，给了我们很大的鼓励。
168821,1987,徐明,2023-02-22 13:20:20,-2,9,11,个人不推荐，老师并不捞，上课事情也比较多，大英四上课体验和考试体验都很差，四级650，绩点3.6。老师给分肯定不算好的
176917,1987,徐明,2023-06-30 16:42:57,1,3,2,徐老师人很温柔，讲课也很好。虽然大英分不高，但是都是我自己期末考差的锅。老师捞人不是本分，大英主要是看期末自己考的分数，感觉老师平时分给得挺不错的了
185001,1987,徐明,2023-12-25 09:48:34,-4,2,6,老师很温柔人也很好，可能事情比别的班多了一点但是上课很有意思，很适合想认真提高英语认真上课的同学，而不是水课还指望老师海底捞得到好绩点的人。老师捞人不是本分，自己学的不好就是学的不好别怪老师。
186553,1987,徐明,2024-01-11 16:19:12,4,5,1,被卡绩了。。。难过，感觉大英就是期末定所有～平时的努力都会白费的！
186563,1987,徐明,2024-01-11 22:10:56,2,3,1,徐老师的课对听说要求比较高，给分一般，但确实能学到很多，虽然平时比较累，但一学期英语提升很大
186577,1987,徐明,2024-01-12 02:24:38,1,3,2,徐老师人非常不错，性格很好，上课也非常认真负责。课堂任务布置的话，我个人感觉量还好，没有非常的离谱。最后被老师往上捞了一下，万分感谢！🙏
189049,1987,徐明,2024-01-21 12:33:49,0,0,0,课讲的不错，但是抽人回答问题很多，小组作业很多，习惯了倒还好；\n\n但是评分和付出不是很符合吧，高考英语几乎满分的水平，每节课都回答问题，期末卷了半个多月，还是喜提卡绩。
189069,1987,徐明,2024-01-21 14:54:32,1,1,0,老师的课程任务量比其他老师会重很多，pre很频繁，但是确实能够锻炼英语能力，特别是口语和和交流的能力
190487,1987,徐明,2024-03-05 13:56:17,0,1,1,很和蔼的一个老师，上课会点人回答问题但氛围还挺好的
193715,1987,徐明,2024-06-16 04:19:25,6,6,0,英语演讲艺术，由四次演讲（自我介绍不计分，informative speech、 persuasive speech和 memorial speech 30%30%20%），两次小测（共10%）和课堂表现（10%）组成。前两个演讲5min，一般来说需要visual aid（ppt），上交文稿的时候附上大纲（有模版参考，但是较规范，要花心思），最后需要半脱稿演讲；最后后一个演讲3min，上交文案的时候需要上交参考文献并标识，无需大纲，最后可以读稿（但还是需要适量eye contact）。\n\n如果能克服当全班面演讲的恐惧，并且会花心思准备speech的话，你会发现学期末自己口语更加流利，写文章思路更加清晰，在公众场合发言也会更加自信。课上知识有用，老师也很细致、负责，最重要的是本人还在这堂课上碰到crush（￣ˇ￣）
194388,1987,徐明,2024-06-23 14:27:38,1,1,0,徐老师讲课超级细致，在课上的四次演讲也能真真切切地锻炼自己的能力，一学期下来几乎完全克服了stage fright，需要花心思，但是特别特别值得的一门课！！
194527,1987,徐明,2024-06-24 08:43:37,2,2,0,英语演讲艺术，一学期共四次，看到有uu讲很详细了。好好准备演讲，多关注选题的巧思和演讲眼神接触。老师平时看着严厉，但是会收到“Excellentjob!”“Very good job!”等评价，问问题也特别耐心特别好！虽然演讲的任务量真的挺大的但是能收获很多东西。最后4.8
201733,1987,徐明,2024-11-06 00:58:05,4,4,0,老师认真负责，在课上跟着老师走是真的能提升英语水平
205283,1987,徐明,2024-12-04 01:16:21,3,4,1,大英IV，老师无敌，随便学
205672,1987,徐明,2024-12-11 04:24:34,4,4,0,大英四，老师认真负责，超好快选
205829,1987,徐明,2024-12-12 06:54:16,1,1,0,英语演讲艺术很不错，有三次演讲两次小测，没有期末考试，我认真做完了最后是4.5的绩点，个人觉得还是很不错的
209465,1987,徐明,2025-01-06 04:43:33,0,0,0,很好的老师。虽然我的口语很烂，但老师还是会给予肯定和鼓励。
209918,1987,徐明,2025-01-07 11:54:00,0,0,0,徐明老师超好！大英四学的很没底但是被老师捞上来了！
210064,1987,徐明,2025-01-08 05:02:36,0,0,0,老师是好老师，给10分。\n\n但是……唉，大英。
210567,1987,徐明,2025-01-09 11:01:46,0,0,0,大英这门课注定给分求是，但是老师人真的很好，虽然英语不好但是感觉有被老师鼓励到，可冲。
211002,1987,徐明,2025-01-10 10:05:34,0,0,0,想练口语的uu可以选，老师人真的很好，虽然可能看起来会严厉，但其实人超好！
212512,1987,徐明,2025-01-14 06:06:51,0,0,0,大英四，老师认真负责，超好快选
215630,1987,徐明,2025-03-03 05:14:48,0,0,0,base大英四，徐老师讲的很有意思，不完全做教材的课后题。课上有很多互动环节
216091,1987,徐明,2025-03-10 09:27:52,0,0,0,上完一年多来补。虽然卡绩了，但老师人挺好的。不要求个人课前演讲而是小组展示，形式也可以很新颖，上课前放歌很有仪式感～
220115,1987,徐明,2025-06-15 05:38:07,1,1,0,很好的老师，有次上课玩手机走神了也没怎么怪我
220223,1987,徐明,2025-06-16 12:45:58,1,1,0,徐老师在选课中不是热门老师，但是徐老师真的好啊啊啊啊！平时事情不多，给分也很好！唯一不太让同学们喜欢的就是要实名上课（位置固定，并且老师有座位表）。
19450,1996,李媛,2016-01-24 08:58:03,-9,5,14,老师上得好，给分也好\n\n
27000,1996,李媛,2016-06-22 06:24:39,-1,12,13,女神！超有气质！学者风范！严格但又富有亲和力！
40249,1996,李媛,2016-12-30 14:20:43,7,17,10,爱学生，为学生争取各种机会！
42216,1996,李媛,2017-01-14 02:25:56,6,12,6,听课好困呀
46991,1996,李媛,2017-01-23 08:42:38,-1,8,9,李老师给人一种非常优雅的感觉
65149,1996,李媛,2017-12-29 11:40:42,-3,7,10,老师优雅温柔
84251,1996,李媛,2018-07-12 17:43:20,10,15,5,事情多
88751,1996,李媛,2018-11-07 07:43:12,-3,6,9,老师很好啊，比我印象里的温柔，上课也很有内容，老师本身学术水平很高，但是，事情真的多啊，哭死。
98021,1996,李媛,2019-01-23 04:00:50,8,10,2,事多分少
98853,1996,李媛,2019-01-24 04:11:02,10,13,3,事情真的很多 给分严重不对等 卡?一堆人
98858,1996,李媛,2019-01-24 04:16:05,8,10,2,呜呜呜 给分真的好差
98863,1996,李媛,2019-01-24 04:18:59,17,20,3,2学分的课作业量多出4学分呜呜呜 这样也行呀可是，给分也一般呜呜呜呜哭晕
124426,1996,李媛,2020-07-01 03:29:09,1,7,6,在暑假的国际素养营听过老师的课\n\n\n\n讲课非常有趣！很灵活生动不死板无尿点～课堂互动氛围很好\n\n作业量和给分不太清楚
141408,1996,李媛,2021-10-07 00:12:13,7,8,1,事太多
150186,1996,李媛,2022-01-20 02:46:22,-4,2,6,事少分少，学弟学妹们有个心理准备吧😩😩😩
152107,1996,李媛,2022-03-27 06:18:07,-2,2,4,李老师是有着理想主义的学者，喜欢李老师。
160700,1996,李媛,2022-10-02 07:47:33,-3,1,4,感谢李老师
3212,2008,卢巧丹,2015-05-21 04:32:43,0,5,5,舒服
3484,2008,卢巧丹,2015-06-16 12:09:40,15,25,10,人超好，关心学生，不点名但能迅速记住所有人的脸和名字，教学略乏体系性
5138,2008,卢巧丹,2015-07-05 00:34:23,12,16,4,卢老师人超好，讲的也挺好，作业相比而言偏多一点。但是收获很大的。口音稍微有点怪。。别的都很好。
5479,2008,卢巧丹,2015-07-08 00:52:03,2,9,7,超级温柔
5712,2008,卢巧丹,2015-07-09 07:47:45,13,21,8,人很好很温柔，但上课一般
10442,2008,卢巧丹,2015-11-18 23:46:30,27,42,15,感受得到卢老师视翻译为毕生事业，对学生非常好，虽然作业多，但是真的能学到很多东西
14016,2008,卢巧丹,2016-01-03 16:26:40,-2,3,5,选了三个学期了
14017,2008,卢巧丹,2016-01-03 16:26:58,5,12,7,老师人特别好，人美心善，有耐心，对于翻译热爱满满
17138,2008,卢巧丹,2016-01-19 16:21:23,-1,4,5,好老师 10分不多不少
18915,2008,卢巧丹,2016-01-22 18:49:32,2,9,7,老师人超级好！很关心学生！虽然课堂不是很有趣，但翻译课本来就是这样的。能学到很多东西，得到很多锻炼！
19078,2008,卢巧丹,2016-01-23 08:12:51,-2,3,5,人超好！体谅学生
21382,2008,卢巧丹,2016-02-28 11:18:30,-2,4,6,老师人很好，很用心地在备课，很照顾学生感受。
21542,2008,卢巧丹,2016-02-29 06:45:42,-1,3,4,超喜欢的老师
31305,2008,卢巧丹,2016-07-03 15:21:18,-2,5,7,翻译学导论 课挺水，给分还不错 老师人也可以
39692,2008,卢巧丹,2016-12-27 03:41:50,-4,2,6,真的是位好老师，她是真心想让学生成为翻译高手。人也很好，选她没错。
44428,2008,卢巧丹,2017-01-17 23:34:46,-1,3,4,好老师！
44724,2008,卢巧丹,2017-01-18 07:06:21,-2,5,7,卢老师人美心又善，课下跟学生一点距离都没有。真的不要太温柔啊。妈妈一样真的，感动哭。作业实在来不及交不上说明下情况，她立马安慰你而不是说你什么。真的太感动惹。
45489,2008,卢巧丹,2017-01-19 15:24:30,-1,9,10,知道自己底子差，再努力暂时也比不上那些保送生，但我认真做了，会为一句翻译想半天。看着她4.29的均绩，原来我可能不是班里倒第一就是倒数第二。
46179,2008,卢巧丹,2017-01-21 01:03:13,2,6,4,不知道为什么得这么低的分数…唉虽然上课的时候水水过了但是课后我是努力的啊
47318,2008,卢巧丹,2018-01-05 02:16:39,-3,2,5,很温柔善解人意的老师，水平和资历也很好
48637,2008,卢巧丹,2017-03-09 00:35:53,8,18,10,偏心偏到这个份上也不用我说了吧。凭什么不交作业翘课就能得高分？因为她女儿喜欢这个小姐姐。垃圾。
49054,2008,卢巧丹,2017-03-23 00:10:04,-2,2,4,人挺好～给分也还行
50404,2008,卢巧丹,2017-05-02 15:58:30,-1,3,4,老师超级温柔，超级关心班里的每一个同学。爱她～
58587,2008,卢巧丹,2017-09-06 16:42:46,2,9,7,偏心偏到这个份上也不用我说了吧。凭什么不交作业翘课就能得高分？因为她女儿喜欢这个小姐姐。lj。
65588,2008,卢巧丹,2018-01-06 17:50:19,-1,2,3,教学非常负责，为人特别和蔼
66023,2008,卢巧丹,2018-01-11 03:47:20,-2,1,3,卢老师上课非常好，很喜欢。人非常耐心，会一点一点帮你解决问题，真心给我们提建议。还会自己准备礼物给我们(*ﾉωﾉ)人非常好，很尊重学生，也非常尊重学生的想法～
66409,2008,卢巧丹,2018-01-16 06:12:46,-5,1,6,卢老师真的人非常好！生病了她会专门关心学生。不过课堂确实有点无聊。
68740,2008,卢巧丹,2018-01-23 16:41:56,3,6,3,之前咨询过她想转专业怎么选课 一学期了一直觉得我是想转走的（真还打算转两轮过去了还不转！？） 估计给分的时候也是觉得给我多“少”都没影响吧？出了成绩了倒是真的想转走了！
76674,2008,卢巧丹,2018-04-18 03:33:58,7,13,6,bullshit
79435,2008,卢巧丹,2018-06-05 02:56:49,7,8,1,上课内容无聊
79815,2008,卢巧丹,2018-06-14 03:09:13,9,14,5,觉得老师有点偏心……真的 …… 大家都来上学的不能公平点吗老师 不然就对大家都别太好 唉
81559,2008,卢巧丹,2018-07-05 11:28:56,-4,0,4,老师真的超级耐心 非常感谢(⑉°з°)-♡
83406,2008,卢巧丹,2018-07-10 08:26:13,8,11,3,老师很偏心 不想选他但没办法
87100,2008,卢巧丹,2018-09-20 09:23:22,7,9,2,我翻导居然比二外还低我不敢相信……
87765,2008,卢巧丹,2018-10-12 00:40:15,8,12,4,偏心 这种老师留在外语学院只会让风气败坏
90104,2008,卢巧丹,2018-11-22 06:35:04,9,11,2,老师口音奇怪 教学无趣 没什么干货 而且老师偏心 分数比好多课都低？\n\n衡量是什么 ？这样是想让整个外院怎么立标 ？
100300,2008,卢巧丹,2019-01-26 02:32:32,-12,5,17,这样的老师灭绝吧
100746,2008,卢巧丹,2019-01-26 16:47:04,6,7,1,老师我感觉人很好，同学请假也会关心同学身体，会给同学带小礼物。上课的话确实比较零散缺乏体系，老师的教学能力确实有所欠缺，但是我能感觉到老师是用心在上课的。我上的是2学分的翻译学导论，事情是比较多，一个学期两次小组展示还有大大小小的作业吧。期末考闭卷对英语不太好的我来说挺有难度的。最后给的分数不高但是我觉得我期末卷做得应该也不好老师给的分数挺好了。不知道为什么这么多人骂老师，连灭绝这么恶毒的诅咒都用上了。老师到底做了什么有这么深仇大恨？我很好奇，说一下理由吧？不然让上老师课的学弟学妹莫名其妙对老师有成见真的好吗？
100941,2008,卢巧丹,2019-01-27 07:18:34,-2,3,5,收获良多。老师对选了大四课程的大一学生同样认真亲切，并不因为基础差异而产生偏见，是一位富于人文关怀的老师。
102169,2008,卢巧丹,2019-01-31 04:08:57,1,3,2,看这么多人说偏心的，我还真没觉得偏心，就我自己的平时表现来看，我应该是偏心的受害者，可是最后成绩很客观，没有低于预期
102189,2008,卢巧丹,2019-01-31 08:28:21,1,3,2,卢老师真的是非常温暖的老师了，如沐春风，学到了译者风范❤️为老师点赞！
104002,2008,卢巧丹,2019-03-09 02:42:30,3,3,0,呵呵呵
107608,2008,卢巧丹,2019-05-07 13:36:42,8,10,2,真差劲
111958,2008,卢巧丹,2019-07-03 04:28:49,0,2,2,作为一个外专业上了翻译学导论这学期又跟着上中级英汉互译的学子，我觉得卢老师很棒！认真负责而且很会为学生设计课堂安排，对学生也是特别体贴❤而且课后找卢老师问课外的英语学习也会给你很多指导，不知道偏心一说何来?尽管昨天刚考完还没出分，但是也想给老师打个高分，感谢她的一直的监督和辅导?
120444,2008,卢巧丹,2019-12-08 05:32:56,7,8,1,水平不够，态度来凑，然并卵，口音特重，比较偏心。总体一般般吧。
129081,2008,卢巧丹,2020-12-30 01:39:19,6,6,0,挺无语的
132379,2008,卢巧丹,2021-02-01 07:58:22,3,6,3,老师人美心善！每次上课都很舒服，还会有很多小礼品，也会听取同学们的意见。最后给分可以说高于预期，挺好的（毕竟自己太菜了w）
132390,2008,卢巧丹,2021-02-01 08:55:14,14,16,2,虽然在教学上比较不系统性，但每一位老师都有自己的教学方式。老师其实很好的，很关心学生，确保每一位学生都有认真上课，对每一位学生都很关心，看得出老师经常确保自己没有漏了哪一位学生，是一位很尽责任的老师。只是自己选错了专业，对这个专业实在不感兴趣，但老师是真的很好的一位老师，热爱翻译的同学可以选老师的课，老师将会打开翻译的另外一个世界给你。我很肯定自己选错了专业不是因为老师的问题，而是我自己真的不感兴趣。老师打开了那扇门让我看见了翻译的美，但尽管看见了它的美，它都不是我未来最想从事，最想贡献的一个行业。不管你是什么专业，不喜欢的话记得及时回到正确的路上，勇敢地追梦。热爱翻译的你，也记得时时刻刻地努力。
133583,2008,卢巧丹,2021-03-02 10:09:37,6,6,0,。。。。无语
147537,2008,卢巧丹,2022-01-10 07:50:25,6,6,0,这学期是跟着老师的第三学期了，老师人很好，竞赛有时还会送些小礼物，对线上学生也很关心，有时问老师问题还会和我们聊聊天~老师的课程安排的确是有点点欠缺系统性，但是不妨碍我给老师高分，只要认真上课还是能学到东西的。老师也经常在群里分享一些链接或文章，还会按赞我们的朋友圈嘻嘻，就是有点像妈妈一样的老师？
151031,2008,卢巧丹,2022-02-22 05:38:03,0,0,0,还行把
165805,2008,卢巧丹,2023-01-09 18:22:40,1,1,0,我不太擅长翻译，老师给分挺好的
166646,2008,卢巧丹,2023-01-13 06:50:26,3,3,0,感觉比较一般
168083,2008,卢巧丹,2023-01-26 07:25:09,2,2,0,老师人很温柔，也很关心学生，就是事情多了一点，但给分很好
168271,2008,卢巧丹,2023-02-08 08:19:14,2,3,1,作业不少，但是老师人非常温柔，讲课也很好，课间会有小零食吃的😝
174048,2008,卢巧丹,2023-06-06 02:41:07,2,3,1,qdjj像妈妈一样亲切！！很负责，也很professional，不会拘泥于参考答案，对不同的译本都很包容，会发奖品，课间会发小零食^^
181077,2008,卢巧丹,2023-10-07 11:52:34,2,3,1,好的英文是这样炼成的🥹dddd\n\nsrds巧丹老师确实很亲切🥰
199052,2008,卢巧丹,2024-09-14 11:51:45,1,2,1,虽然是我的专业老师，本来接触的就很多，但是卢老师真的对所有同学都很亲切！！！会给每个人的每条朋友圈都点赞哈哈哈，还会给小零食，真的像朋友一样，没有一点隔阂感的，讲的也好，学会了很多翻译知识，十分!!
207707,2008,卢巧丹,2024-12-24 03:27:15,5,5,0,不多说了 一个“？”足以概括上她的课的全部感受😅讲课水水的事情多多的 人是笑眯眯的但是沟通起来是让你摸不着头脑的
210245,2008,卢巧丹,2025-01-08 14:11:40,1,2,1,不好。
211041,2008,卢巧丹,2025-01-10 11:38:50,0,0,0,好老师，温柔负责，对翻译很有热情。上她的课真的能学到东西。课上还经常会有小零食～
219458,2008,卢巧丹,2025-05-28 01:14:26,1,1,0,【纯个人感受分享，不纯理性】\n\n1、考勤：估计是每节课都点名。如果老师没有口头点名，那她多半是自己对着人头悄悄在点名册上打勾了；\n\n2、上课：不多说了，每节课都在课堂里游泳，有时候老师上课和我临时备课上家教的感觉一样；很喜欢点很多人同时回答一个问题（好奇她在点名册上记录什么）；\n\n3、考核方式：小测非常多，尤其是应用文体翻译，每次为了十个句子成千成千地背；\n\n4、老师咪咪笑，分数库库掉（微笑；
3977,2037,祝秀香,2018-06-19 03:36:58,0,5,5,没什么，感觉很坑
4569,2037,祝秀香,2015-06-24 13:53:58,8,14,6,上课都在素拓了，感觉什么都没学到，最后那个一万字的生涯规划书简直要命。上课很水
10281,2037,祝秀香,2015-11-18 01:41:26,1,2,1,水水水
13172,2037,祝秀香,2015-12-25 04:21:29,14,18,4,组长加课上展示结果68
13321,2037,祝秀香,2015-12-26 15:33:16,0,3,3,课堂内容意义不大，但是认真去写一写职业生涯规划书还是有所收获的
15724,2037,祝秀香,2016-01-16 07:51:18,7,11,4,讲课讲的没用 并且给分有乱给的嫌疑
22131,2037,祝秀香,2016-03-02 12:41:52,14,19,5,外院奇葩老师ˊ_>ˋ
24015,2037,祝秀香,2016-04-25 10:00:43,7,9,2,催眠
24725,2037,祝秀香,2016-05-03 08:05:23,13,15,2,无聊透顶，给分不透明，不要选，没翘过课，认真写论文，最后76分。
29384,2037,祝秀香,2016-06-29 16:08:01,42,49,7,这老师也做外院本科生工作，工作态度差得骂娘，上课无聊透顶，给分乱给
34124,2037,祝秀香,2017-12-28 08:39:33,153,181,28,吐槽一下这个老师对待学生的态度，每次都超级不耐烦爱理不理，她负责外院的选课，然后去问补选的问题说：如果选不上会延毕，这个是必修的。老师就一脸不屑的回答：那就延毕咯。所以学生延毕你负责？这个态度真的是愧于为人师表。手动再见。
34543,2037,祝秀香,2016-12-21 08:41:04,20,27,7,真想给0分\n\n负责学生工作管排课和选课的，能把一个学期要上的两个专业课排到一个时间我也是服了，都只有一个课（综英和写作）\n\n态度极差\n\n还把英语系周五给塞了个水平测试，不用上课，只是摆在那录成绩用的。他妈的有毛病吧？课安排到周六周日不行？这意思是周五都不给选课？\n\n妈的智障老师。
38350,2037,祝秀香,2016-11-30 14:14:32,33,36,3,为什么掌管选课大权要交给这种没耐心冷淡不听学生解释的人手上啊 掌管选课的快换人啊
45941,2037,祝秀香,2017-01-20 09:31:47,21,26,5,出门的时候忘了告诉旁边的年轻老师，如果将来能坐上她的位置，请多为学生着想一点，请千万不要做她这样的老师！他们这群人就算了，你们可是浙大的未来！
48157,2037,祝秀香,2017-03-01 03:15:08,14,17,3,就你这么一个态度，根本没有资格给学生上职业生涯规划
48194,2037,祝秀香,2017-03-01 06:47:39,81,91,10,刚从307出来，邮件发任课老师也同意了，条子给任课老师签了，一整天满课只好中午去找，人不在，在妖风中冒着被顶上一抖一抖的天花板砸中的风险在办公室门口等了一个小时等其来上班，一来什么话都不说让你走，好像学生是一坨翔，还说什么条子没用，任课老师同意也没用。就想说，教室有余量，任课老师同意，补选申请网上也提交，为什么不让我上课？为什么不让我上课？为什么不让我上课？
48430,2037,祝秀香,2017-03-03 08:34:10,7,9,2,不配为人师表，根本不把学生的利益放在首位
48431,2037,祝秀香,2017-03-03 08:36:10,5,7,2,气死了！\n\n
48805,2037,祝秀香,2017-03-13 09:23:56,8,11,3,为什么这种软件没有负分？
49085,2037,祝秀香,2017-12-28 08:57:39,4,6,2,为什么不能对学生态度好一点呢 \n\n浙大最讨厌老师 没有之一
50847,2037,祝秀香,2017-05-06 16:58:16,3,4,1,恶心\n\n
51054,2037,祝秀香,2017-05-15 09:10:18,6,8,2,偏偏这种人掌握了外院的许多大权，找她办什么事都糟心，无法沟通。
59618,2037,祝秀香,2017-09-25 02:43:21,4,4,0,态度好差
59759,2037,祝秀香,2017-09-27 00:45:00,1,1,0,该喝喝
61779,2037,祝秀香,2017-11-21 01:35:06,0,1,1,还好还好
62101,2037,祝秀香,2017-11-22 11:34:57,1,1,0,2333
62131,2037,祝秀香,2017-11-22 13:08:00,6,8,2,评的是职业生涯规划课，其实老师上课时人还挺好的，最后还说考虑到我们时间不够，职业生涯访谈可以用几个成就故事替代了，平时也没太多无聊的任务
62156,2037,祝秀香,2017-11-23 00:52:18,4,5,1,垃圾老师 堪称绩点杀手
62207,2037,祝秀香,2017-11-23 07:03:18,3,6,3,老师人还是比较好的，没有布置太多的任务，就是绩杀啊！！！绩杀啊！！！看到职规的均绩那么高，但是我分那么低，就对她印象就大打折扣了，我报告也有好好写，平时也上课，展示也好好准备了，不明白为什么分那么低！！！
62209,2037,祝秀香,2017-12-27 12:40:24,-31,7,38,给分还好啊，事情也不算多，满绩飘过……
62957,2037,祝秀香,2017-11-27 12:50:46,3,3,0,凭良心说上课学不到什么，无穷无尽的鸡汤灌给学生喝，而且有些观点不敢苟同。
64621,2037,祝秀香,2017-12-25 14:43:49,3,3,0,能评0分吗？这种老师应该被撤职
68543,2037,祝秀香,2018-01-23 10:33:28,1,1,0,给分不知道怎么给的\n\n
70702,2037,祝秀香,2018-01-27 12:05:51,-5,5,10,作为职规课还可以吧，就一个规划书、一个小组展示，小组展示还可以直接念规划书。上课写作业也无妨。水了半个学期，绩点居然给了4以上......不知道其他人怎么样，反正我很满意。本来也没人会想在这种课上学到什么，可能规划书多水水字数分就高了。
75903,2037,祝秀香,2018-03-21 10:42:53,5,5,0,千万千万千万千万千万千万千万别选！谁选谁知道！宁愿搬去别的小区以后坐车来上j类也不要选！逼事超多给分差，简直就是噩梦！
76018,2037,祝秀香,2018-03-24 10:43:32,0,0,0,呵呵呵
76248,2037,祝秀香,2018-03-30 04:33:46,1,1,0,课堂内容很没有营养。我的作业都认真做了，但是我感觉我被正态了两次。
76365,2037,祝秀香,2018-04-04 11:22:52,64,72,8,明天清明节，今晚的职规课，老师叫我们以葬礼司仪的口吻为自己撰写悼词……
77679,2037,祝秀香,2018-05-07 08:50:29,5,7,2,只说职业生涯规划这门课\n\n老师真的很用心，虽然说每节课几乎都要课堂任务，但是只要去听课就会发现是真的很水，只有春学期结束是要交职规书和展示你的职规书，给分也很好。。真的好\n\n不过千万不要在老师那展示出你的厌学和极度悲观的情绪，老师会找你留下来谈话的！
77682,2037,祝秀香,2018-05-07 09:00:52,3,3,0,老师非常好，就上课而言，经验丰富，用心听可以收获很多(≧∇≦*)
77684,2037,祝秀香,2018-05-07 09:04:20,4,6,2,感觉老师挺好呀！比较常规的老师，没有特别优秀，但对人挺好的呀！我第一节课生病没去，发邮件请假，回复特别认真及时，第二周还问我病情hhh，除了一个职业规划书，一个期末展示十年后的我，基本没作业呀！反正我收获挺大的，规划书认真写了，前面写太认真后面没时间了，有点虎头蛇尾，也认真思考了一下人生? 最后绩点4.5，反正我通识课差不多就这水平，还偏高，挺满意的。
77691,2037,祝秀香,2018-05-07 09:47:31,6,16,10,老师的职规课蛮好的，真的事少，几乎没事，就最后有一个职业生涯规划书（感觉是主要评分依据）。很水很轻松，课上还会放职来职往之类的视频。给分非常好啊，我看群里一出分大家都很高兴【捂脸
77771,2037,祝秀香,2018-05-07 15:42:37,24,33,9,这老师进步了，我一定要说，我是去年的职规课，室友是今年的。室友改了一下我职规报告，加了点抒情性文字，实质都没怎么变，交了，满绩，我3.6。领会一下
80052,2037,祝秀香,2018-06-19 08:26:27,0,1,1,就一般吧
81494,2037,祝秀香,2018-07-05 08:09:55,2,3,1,老师的职规课很轻松
85681,2037,祝秀香,2018-07-25 13:17:15,10,12,2,2017-2018夏学期职规。老师现在人挺好的，也很关心班上同学（可能因为这学期选的人少所以有精力照顾得过来？）事情感觉比别的班少，上课讲的东西还是挺有趣的。曾在课堂上吐槽过以前在不喜欢的工作岗位，工作调动之后心情非常愉悦大概是变好的转折点？最后成绩89，希望可以作为学弟妹们的参考
87403,2037,祝秀香,2018-09-28 06:56:10,0,3,3,竟然还是心理咨询师。观念落后得一比。越听越气。
90196,2037,祝秀香,2018-11-22 12:11:39,-1,3,4,别的不说，被卡绩。。。。
90216,2037,祝秀香,2018-11-22 13:22:48,0,7,7,有一说一，职规课给分真的很好，只要每节课都到再好好写职规书，分数基本4.5，性价比最高的一门通识。
90919,2037,祝秀香,2018-11-27 11:56:21,-4,1,5,还可以
91332,2037,祝秀香,2018-12-06 04:06:41,-4,3,7,老师人挺温柔的 给分也很好
97311,2037,祝秀香,2019-01-22 08:01:51,-4,7,11,课堂氛围很好啊 老师人也很好啊 给分也很好啊 考核的话只有小组展示和职业生涯规划书 比较轻松 笔芯～
97809,2037,祝秀香,2019-01-22 18:25:12,2,5,3,上课水，要点名，事少，职规书，绩杀
108691,2037,祝秀香,2019-05-31 08:13:01,1,3,2,1分拿好
109483,2037,祝秀香,2019-06-15 16:14:33,11,22,11,单单就职业规划课而言，还是非常值得选的。老师也还挺温柔，体谅同学的。事情不是很多，给分也还可以。打差评的大多是说老师在行政上的工作态度不好。但其实，我在找我们学院老师申请调课的时候受到的态度可能比这还惨.....
117027,2037,祝秀香,2019-09-18 11:17:43,4,8,4,谁说这老师事少的?出来挨打!
118235,2037,祝秀香,2019-10-23 11:36:22,-2,1,3,您是工科的老师？专业歧视还跟自己很懂似的
120248,2037,祝秀香,2019-11-26 05:35:26,4,6,2,我觉得老师蛮好啊，给分特别高，事情超级少，期末就是一个专业分析报告和一份简历，平时没有作业。而且老师特别温柔，每天早上都在群里分享一段鸡汤类的话。
123045,2037,祝秀香,2020-05-05 10:55:50,3,4,1,职业生涯规划，首先这个课本身很无聊，只有几个活动比较有意思，所以课程本身水不怪老师；其次这个课事情比较少，如果作业认真搞可以拿高分，但是划水的话会被正态；最后老师人其实很不错，这么多差评是因为老师行政能力太差，教学上就是一个正常的老师的水平。
124223,2037,祝秀香,2020-06-27 12:07:53,0,3,3,2020夏的职规B 事情不是很多，除了要看的视频很多不过可以水。职规书按照要求写最后给分不会太差，4.5供参考。
131880,2037,祝秀香,2021-01-29 07:58:17,2,4,2,祝老师的职规课不错，课的话上课水一水也好，课上也挺快乐的，会做很多游戏。主要是课下要交的任务都交了，作业都做了就行。4.5参考
134888,2037,祝秀香,2021-04-20 15:03:20,3,6,3,好老师，真正会和学生交朋友，在乎学生的老师。结课近半年了，每日还是在群里与我们分享激励的内容，在课上也能看得出对学生的用心！
140584,2037,祝秀香,2021-09-14 04:43:38,-8,2,10,垃圾老师
142384,2037,祝秀香,2021-11-11 02:40:24,-7,2,9,垃圾。
142699,2037,祝秀香,2021-11-15 08:10:33,3,5,2,事不多，给分还行
142732,2037,祝秀香,2021-11-15 14:23:54,1,4,3,上课可以划水 老师人很好的！  打9 分 作业全都认认真真做了   小组展示属于是很操心了（组友不给力啊）最后90  4.5    还行吧 比预期低了一点的 毕竟展示中规中矩 没有别的组夺人眼球
144468,2037,祝秀香,2021-12-21 15:43:32,2,5,3,我不知道我为什么3.3 老师说我作业不行 但我真尽力了  怎么办噢
144473,2037,祝秀香,2021-12-21 16:54:24,3,6,3,讲课真的无聊，作业也就是基本要求，不过今年请到了几位竺奖来分享。想高分的话要整个组都一起活跃，我们组每次分享都抢着第一个上，最后全组4.5。只要让老师记住你们组，作业也认真做，自然能拿高分。
144784,2037,祝秀香,2021-12-23 15:09:58,0,2,2,预计家
152661,2037,祝秀香,2022-04-17 15:46:38,7,8,1,感谢这门课让我遇到了一群可爱的组员，太给力了！！
153380,2037,祝秀香,2022-04-29 00:58:17,-9,4,13,虽然职规课无论谁上都很无聊，但是老师确实很关心学生，给分也不错。我只能说我们组组员都很给力很认真，最后的5.0也是莫大的惊喜！
153525,2037,祝秀香,2022-05-03 17:39:21,7,7,0,职规课，老师很和蔼的人，超好说话，可以选！
154616,2037,祝秀香,2022-06-02 12:44:27,3,4,1,还可以
154649,2037,祝秀香,2022-06-02 18:39:15,0,7,7,给一分是因为没有零分存在，大家的评论很到位了，我不想多说了
154869,2037,祝秀香,2022-06-06 09:42:44,2,9,7,选上了她的职规，我好害怕🥺🥺🥺🥺
154945,2037,祝秀香,2022-06-07 03:49:36,4,6,2,老师很好哎，结课了还会坚持不懈地在群里发心灵鸡汤！给分也不错👍支持！
154992,2037,祝秀香,2022-06-07 08:58:25,5,6,1,祝老师事少分高有人情味，可选
157249,2037,祝秀香,2022-06-22 14:34:59,0,3,3,老师人不错，给分比云姐肯定比不了，只能说老师比较求是吧
158091,2037,祝秀香,2022-06-27 02:37:17,4,6,2,上课很体谅学生，平时水水而过也没关系，作业认真写得分就不会差
158283,2037,祝秀香,2022-06-28 05:03:19,2,4,2,老师的职规课体验还是挺好的，为人温和、关心学生，作业也不是特别多
161518,2037,祝秀香,2022-11-08 06:08:20,1,2,1,仅评价职规，很不错
162057,2037,祝秀香,2022-11-16 11:19:34,2,3,1,作业多
162476,2037,祝秀香,2022-11-23 04:07:17,6,9,3,被正态了，哎哟喂。被之前的评论忽悠了，还是老样子，别选别选
162559,2037,祝秀香,2022-11-25 09:54:01,1,2,1,好好好
162560,2037,祝秀香,2022-11-25 09:54:01,0,2,2,好好好
162575,2037,祝秀香,2022-11-26 03:20:38,0,2,2,职规很好
163572,2037,祝秀香,2022-12-15 10:20:57,3,3,0,正太王
163655,2037,祝秀香,2022-12-16 02:03:40,1,3,2,老师其实挺好的，认真完成作业不可能拿低分的。\n\n还有就是在这个课遇见了很好的小组成员~我做了组长但一点小组作孽的感觉都没有，他们都很积极地完成作业！！！\n\n（btw 我们组全是4.5）
163988,2037,祝秀香,2022-12-17 06:17:11,-4,2,6,老师给分很好，我上的职规，大概有职业生涯规划书5000字、生涯人物采访、小组展示和制作生涯彩虹图等任务，还有就是课堂上偶尔要小组派代表发言。我发言过一次（是组长安排每个组员都要发言一次），不过好像不计分数。最后认真写了职业生涯规划书，喜提5.0
164276,2037,祝秀香,2022-12-20 06:22:03,6,8,2,现在老师对学生态度还是很好的，兴许是过了更年期了吧🤣🤣🤣
166842,2037,祝秀香,2023-01-14 01:46:04,5,7,2,感觉给分没有很好吧……
166888,2037,祝秀香,2023-01-14 06:32:20,6,6,0,职规事情很多，给分还行
167019,2037,祝秀香,2023-01-14 15:37:46,-3,7,10,事情超级多，给分很烂，退退退退，大家快跑啊。
167435,2037,祝秀香,2023-01-16 08:38:32,4,4,0,事情很多，给分一般
167558,2037,祝秀香,2023-01-17 09:51:14,0,1,1,我觉得挺好的
167972,2037,祝秀香,2023-01-21 02:17:24,3,4,1,个人认为，老师真的很好，给分也不错
168975,2037,祝秀香,2023-02-24 01:59:35,3,7,4,老师没有之前说的那么可怕，人挺温柔的，我感觉给分也还不错，可能因为是老师之前在行政岗位留下的差评吧。职规课事情好像都挺多的，我都做的比较认真，小组作业做的自我感觉也不错，最后给分也满意了
172578,2037,祝秀香,2023-05-02 07:10:32,3,5,2,课坐牢，作业多，给分烂啊！！！！！！
172579,2037,祝秀香,2023-04-30 14:50:31,5,5,0,事多给分差（说是说这学期职规作业统一了，但是找同学了解过别的职规课发现并不是），每份作业认真对待，小作业也几千几千地写，收获和投入不成正比
172641,2037,祝秀香,2023-05-03 03:42:18,0,1,1,老师职规给分真的很不错，我们小组纯纯有点小摆（期末展示别的小组都有自己录制一些小视频，就我们组哈哈哈上去讲ppt🤣好像还超时了🤣，但我还是挺喜欢我们小组的，氛围挺好🥂）我以为职规肯定只有3.0 3.3这样子了没想到勉强上4，真的很感谢老师！🙇🏻‍♀️
172715,2037,祝秀香,2023-05-05 03:41:12,1,2,1,课很水很水，事情有点多但可以接受，就是职规常规的几项，大部分随便水水也就过了；老师人很好很温柔，上课不管，有问题找她也很耐心；给分不知道其他人，4.5我觉得不错
176809,2037,祝秀香,2023-06-30 08:37:56,2,3,1,事情蛮多的，老师很温柔，但是给分一般般
177258,2037,祝秀香,2023-07-02 12:42:04,-9,3,12,pre做的还可以老师很欣赏\n\n是组长但是自认为展示不算卷\n\n5.0走过
182715,2037,祝秀香,2023-11-20 00:53:49,0,3,3,事挺多的，但给分挺好
182767,2037,祝秀香,2023-11-20 07:09:50,7,7,0,0 卡绩点遂来给差评，作业有在认真卷，我前前后后写了都快有两万字的作业了，期末展示我做的工作最多，最后我85 只能说玄学课。😅
184656,2037,祝秀香,2023-12-22 06:02:47,-8,2,10,最好的老师，5.0，不怎么卷
190029,2037,祝秀香,2024-02-11 04:03:18,1,2,1,同志们，我被删评论了\n\n从“给分厚道徐小洲 制度合理林建华 尊重学生孙大雁 亲切友善祝秀香 从不绩杀陈昆福 分多事少陈素珊 知识广博看沈燎 讲话生动吴朝晖 声音洪亮陶虹向 十罪七策王章野”前来观光
193164,2037,祝秀香,2024-06-04 05:57:35,1,1,0,感觉很需要刷脸，去年上的职规，从一开始pre老师就记住我了（大概是口音啊，比较自然这样），后面给分满了说实话比较震惊（自认为有很多小组最后的pre比我们好）
193698,2037,祝秀香,2024-06-15 13:33:04,1,2,1,朵朵十大\n\n该老师最近疑似在课程群中炫耀自己孩子在带嘤拿了博士学位，还冠冕堂皇的掩盖说“期末周了想给大家减压”\n\n离谱的不行，不如去跳舞
193770,2037,祝秀香,2024-06-18 00:38:19,0,0,0,okd
196875,2037,祝秀香,2024-07-05 17:15:07,2,2,0,胡乱给分
198941,2037,祝秀香,2024-09-13 08:07:00,2,2,0,作业明面和其他班一致，实际比他们大很多了，建议别选
201463,2037,祝秀香,2024-11-18 12:11:40,0,0,0,谢谢老师！
202157,2037,祝秀香,2024-11-10 06:09:02,0,0,0,大帅比
203002,2037,祝秀香,2024-11-15 18:25:03,0,0,0,本人是补选被调剂到祝老师的课的。一开始看这个评分和评价感觉完蛋了，结果上课起来感觉课堂氛围很轻松，老师人也不错，会在课前会主动随机抓人聊天，她的一些观念我也是比较认同的。（就是钉钉读消息很慢）作业虽然量有点大（不知道其他老师是不是一样的内容）但是认真写了，期末小组展示自认为在最草率的一组，别的组都是拍剧本甚至是现场辩论，只有我们组是简单录了个视频，结果4.5还是比较出乎我意料的！
203004,2037,祝秀香,2024-11-19 23:17:32,0,0,0,给分一般
203019,2037,祝秀香,2024-11-16 02:45:30,0,0,0,事情很多，课很无聊，上课信息量很低很催眠，收获基本没有，总感觉上了跟没上一样（？）\n\n但是好在老师人不错，讲话很温柔，钉钉和微信发消息基本上秒回，对同学们的问题超级耐心；如果各项任务都有好好完成的话成绩估计不会特别差（应该？
203055,2037,祝秀香,2024-11-16 06:46:03,0,0,0,事情很多，给分看心情，建议避雷！已经一分了，希望不要踩坑。
203147,2037,祝秀香,2024-11-17 11:51:32,-1,0,1,从来不点名。最大的缺点是作业量太多了，事情一堆。无聊是这门课的特点，上课纯坐牢。给分正常吧。
204243,2037,祝秀香,2024-11-25 04:49:35,1,1,0,给分纯纯依托！！助教打分贼低，pre打分20分里直接扣了3-5分，这不是就不让人拿高分吗！最后还卡绩，一门破烂通识课给我拖均绩也是服了。
204999,2037,祝秀香,2024-11-29 10:52:31,1,1,0,大一小登因为没有别的课可以选，补选了这门课。快逃罢！上课极度无聊，没有中途休息，阿姨平腔念稿，硬性小组破冰，作业巨多超烦，完全没有收获。快逃罢！给分其实一般，破事实在一堆，态度爱搭不理，根本不看钉钉。快逃罢！结设卷之又卷，社恐极不友好，半学期下来几乎累倒！
205160,2037,祝秀香,2024-12-02 09:00:50,1,1,0,给分地
205192,2037,祝秀香,2024-12-02 12:49:02,2,2,0,事多给分低
206911,2037,祝秀香,2024-12-18 10:39:03,0,1,1,不是很清楚为什么上面的人对她评价那么差吧，我个人选了祝秀香老师的职规课，感觉算是很好的，上课在后排做什么事情她基本不会怎么管，最多就是轻轻地走到你旁边提醒两句。而且她上课讲的一些话真的很有道理，认真学是能学到东西的。\n\n最后再说个故事，我之前因为没看学在浙大作业通知导致个人简历没有及时上交，作业缺了一次，跟她在钉钉上说了一下，她第二天立马就给我放开时间去交了，最后也很温柔地提醒我注意作业时间，感觉确实是个好老师。
207066,2037,祝秀香,2024-12-19 06:26:38,2,2,0,大学生朋辈心理辅导，和孙大雁老师搭班上课，本来应该分到一半的课时，但最后只讲了一节课，而且光念PPT，一看就是根本没准备。这门课其他事情很多都是孙老师和助教在处理，给分也极差。
212789,2037,祝秀香,2025-01-20 01:09:44,1,1,0,给分差差差还卡绩
213319,2037,祝秀香,2025-01-17 02:52:47,0,0,0,上课比较水，大概有一半的课会需要每组一个人回答问题。事似乎是最多的之一了，但是给分挺好的，算是事多分高吧。
218327,2037,祝秀香,2025-04-22 14:59:31,0,0,0,老师人很好的~上课的时候不会点人回答问题。最后我们组pre的时候，我自己对比停下来是感觉完蛋了，因为pre的同学磕磕巴巴。当时已经做好下4的准备了。结果刚刚看到出分96！！！！！！
218525,2037,祝秀香,2025-04-24 07:34:06,0,0,0,给分乱给
218559,2037,祝秀香,2025-04-24 14:42:52,0,1,1,很好很和蔼的老师，最后给分也很好
1847,2050,潘珣祎,2015-03-26 02:00:40,83,102,19,非常不错，潘老师注意英语能力全方位提高，听力写作阅读会在每一个单元都涉及到。缺点是趣味性较差对英语没热情的人可能觉得很枯燥。但英语真的提高很快。老师很负责。
2553,2050,潘珣祎,2015-05-04 13:53:39,12,15,3,很负责。能力很强。人超级nice\n\n
3516,2050,潘珣祎,2015-06-17 01:25:54,3,5,2,赞！！
4577,2050,潘珣祎,2015-06-24 15:24:32,3,5,2,挺好的
4719,2050,潘珣祎,2015-06-26 12:15:07,27,29,2,老师人不错~
5225,2050,潘珣祎,2015-07-06 02:12:17,30,35,5,大英34都是她 很亲切很可爱\n\n
9964,2050,潘珣祎,2015-11-13 09:23:04,3,5,2,真的很好
11002,2050,潘珣祎,2015-11-23 16:31:04,1,3,2,很好~很亲切~
11974,2050,潘珣祎,2017-12-20 08:13:32,12,18,6,老师人真的特别nice 没压力 作业也不多 上课也上的特别好
12973,2050,潘珣祎,2015-12-24 12:07:42,0,3,3,棒棒哒~
13805,2050,潘珣祎,2015-12-31 06:00:51,6,8,2,超级棒的老师，老师人很好，上课也很有趣，大英三是她，大英四选不上了
14212,2050,潘珣祎,2016-01-05 11:13:50,0,2,2,耐心，温柔
14540,2050,潘珣祎,2016-01-07 13:28:12,0,2,2,人真的很好，平时上课给我们开拓知识面，很亲切很博学
15381,2050,潘珣祎,2016-01-14 07:01:00,0,2,2,对英语能力提高很有帮助的好老师
15939,2050,潘珣祎,2016-01-16 16:08:23,0,2,2,老师人好，教学方式好，助教好，都好好好...
15973,2050,潘珣祎,2016-01-17 01:05:58,0,2,2,太宽松咯……\n\n对英语不是真爱的憋选……\n\n
15988,2050,潘珣祎,2016-01-17 02:04:39,0,1,1,很好，非常好
16062,2050,潘珣祎,2016-01-17 06:10:22,0,2,2,真的超好，然而大英4不是了，老师真的超赞
16068,2050,潘珣祎,2016-01-17 06:28:53,1,5,4,老师超棒，上课很轻松，老师很幽默，会讲自己的小故事，作业也不多，作文比一般老师要写得少，没有固定听写，只有偶尔写几个词组和句子，不会交的，给分良心。
16162,2050,潘珣祎,2016-01-17 10:58:38,0,1,1,老师很好人，注重大家的各方面能力
16342,2050,潘珣祎,2016-01-18 03:23:36,0,1,1,好好好
18494,2050,潘珣祎,2016-01-22 00:11:01,0,1,1,非常体贴学生 为学生着想
19870,2050,潘珣祎,2016-01-25 12:38:23,0,5,5,不是很听的进去
21765,2050,潘珣祎,2016-03-01 04:32:14,0,1,1,很好啊
21804,2050,潘珣祎,2016-03-01 06:50:21,0,2,2,超赞！
22627,2050,潘珣祎,2016-03-09 02:35:29,0,2,2,老师非常棒
22817,2050,潘珣祎,2016-03-12 14:11:55,0,1,1,...
27329,2050,潘珣祎,2016-06-25 02:30:39,3,5,2,炒鸡负责又不失风趣的老师。能学到很多东西啊，刚开始还有点不习惯这么不水，后来就习惯了，非常6的口语也非常重视互动～
27788,2050,潘珣祎,2016-06-27 14:22:24,0,2,2,轻松愉快୧(﹒︠ᴗ﹒︡)୨
27806,2050,潘珣祎,2016-06-27 15:51:15,0,1,1,老师人超级好，对学生很亲切，师生情感动死我了
27817,2050,潘珣祎,2016-06-27 16:33:06,0,1,1,老师人很好
27923,2050,潘珣祎,2016-06-28 05:35:57,1,3,2,很棒的老师！
28388,2050,潘珣祎,2016-06-28 08:48:14,12,15,3,炒鸡棒，大英3.4都是她，口语听着很舒服。讲课文的时候很有逻辑性，很锻炼人。我有朋友是大英4才是她，上了几节课都说跟她一比，上个学期的老师上的简直跟xiang一样…第一节课就会教你怎么样阅读一篇文章，很受用。但是大英4不讲quiz试卷了，难道是课时不够？…总之自己认真学 就不会后悔~
28895,2050,潘珣祎,2016-06-29 02:59:04,-20,9,29,挂了，只能给一分
32721,2050,潘珣祎,2016-07-11 15:05:45,0,1,1,很棒的老师，认真学收获很大
33003,2050,潘珣祎,2016-09-10 04:47:32,0,3,3,不能再好
33581,2050,潘珣祎,2017-01-14 15:26:51,0,1,1,喜欢老师w口语听起来很舒服很地道，听力真的提升很多
35336,2050,潘珣祎,2016-11-08 14:11:52,0,2,2,好好好好好极了\n\n
39025,2050,潘珣祎,2016-12-20 15:04:51,0,2,2,老师非常不错，很注重学生英语水平的培养，作业不多但是讲的很好
39409,2050,潘珣祎,2016-12-22 13:21:12,0,2,2,老师人很好，经常课上有展示和发言、思考的机会。作业适量。真的很不错。
39877,2050,潘珣祎,2016-12-28 05:37:22,1,4,3,老师超级温柔，作业忘写了也不讲，鼓励我们发言，口语听着巨舒服，就是嗓子不太好，千万保护嗓子哟
40134,2050,潘珣祎,2016-12-29 10:58:55,0,1,1,超帅啊
41343,2050,潘珣祎,2017-01-11 02:07:19,0,1,1,人超好
41348,2050,潘珣祎,2017-01-11 02:59:54,1,2,1,你不努力，老师再好也没用，老师平时管的较松，作业也挺少，课堂注重锻炼口语表达能力，也没用背单词的硬性要求。潘老师是一个好老师，但是一定要自己努力，单词一定记得背，不然期末就是die，TAT。
41475,2050,潘珣祎,2017-01-12 02:04:35,0,1,1,老师挺好的，上课主要注意能力培养，比如发言的逻辑性、分析文章的方法等等，作业适量，书本也讲得挺认真的
42041,2050,潘珣祎,2017-01-13 12:56:29,0,1,1,怎么说呢老师对于积极的同学比较关注吧。人蛮不错的
42616,2050,潘珣祎,2017-01-14 15:11:26,0,1,1,老师真的很好很赞
42653,2050,潘珣祎,2017-01-14 17:14:49,1,2,1,老师很负责任，讲的也很清楚，可惜没选上她的大英4，给分也挺好，标准给分，上课也没有压力，平时作业不多，可惜我前半学期都在梦游，到了期末才认真学，考试成绩有点低，绝对的好老师，助教也好，不要犹豫，赶紧选，犹豫就没了
43175,2050,潘珣祎,2017-01-16 02:38:17,1,2,1,很赞的
43249,2050,潘珣祎,2017-01-16 04:44:52,0,1,1,老师很棒，拯救了我惨淡的期末考。课堂上能得到全面的发展。
43438,2050,潘珣祎,2017-01-16 09:21:11,17,19,2,亦师亦友
44699,2050,潘珣祎,2017-01-18 06:30:07,1,3,2,好老师，通情达理体贴的老师，她应该有9.5分的
48400,2050,潘珣祎,2017-03-03 01:49:42,1,2,1,老师上课很好，
50872,2050,潘珣祎,2017-05-07 16:41:19,3,4,1,老师人很好，会注重各方面能力的提高，会学到很多东西。
52191,2050,潘珣祎,2017-06-15 16:05:07,3,4,1,感觉非常棒，人也很好，跟学生谈笑风生
52268,2050,潘珣祎,2017-06-17 00:37:09,2,3,1,很善良很美的老师呢，教得好也不强制学生来上课，只要你不想来上她都同意的
52593,2050,潘珣祎,2017-06-21 09:29:05,0,2,2,老师人贼好！！！特别亲切，感觉没有年龄差。能喊出所有人的名字。
53019,2050,潘珣祎,2017-06-24 17:32:02,14,16,2,很棒啊 老师人又美又nice 学术能力肯定过硬 上课并不算无聊还会有很多有趣的知识点普及 很负责 重视学生综合英语能力提高 但也并不会有很多作业 给分相当不错 作为年轻的老师个人真的非常喜欢啦 希望老师好好休息保护嗓子
53439,2050,潘珣祎,2017-06-26 15:09:25,28,29,1,老师真的很棒很棒！！！一方面老师很注重听力和口语的训练，经常会做一分钟talk，虽然有时候上课像打仗，会很紧张，但是能进步很多，大学里面英语不会丢掉，另一方面学生请假都很宽松，在群里还会和同学聊天，很有趣，上课也会讲很多时事结合的内容和演讲之类的。不会拘泥于课本，能以批判的眼光去看待，非常长知识也长经验。超级超级喜欢老师，不过自己期末考试太差劲了没有预期的成绩好
53445,2050,潘珣祎,2017-06-26 15:23:01,0,2,2,潘老师超可爱的 特别好的老师
53459,2050,潘珣祎,2017-06-26 15:51:45,0,2,2,老师很负责，认真学就会有收获！
53486,2050,潘珣祎,2017-06-26 23:56:01,4,6,2,一句话，老师绝对很好但是，不是英语真爱慎选
53540,2050,潘珣祎,2017-06-27 02:25:22,15,16,1,无单独的presentation和小组展示，经常有1min/3min口语练习，涨能力，就是比较吓人。
53939,2050,潘珣祎,2017-06-28 05:50:02,1,2,1,老师挺博学的，上课会补充很多课本上没有的东西。就是英美概况这门课本身太麻烦了，内容太多，就算最后考试开卷，要想考高分的话，也得把两本书的章节都过一遍。
54025,2050,潘珣祎,2017-06-28 08:42:13,0,1,1,千万别选英美概况 太坑 这个课程超级不合理\n\n
54739,2050,潘珣祎,2017-06-30 06:29:08,1,1,0,托福口语，上课会讲解各题如何准备，然后让大家练习，点人起来念并讲评.每周都有作业，老师人很好，总说自己跟自己比~只是我的口语还是进步缓慢>_<
59279,2050,潘珣祎,2017-09-20 12:18:42,0,0,0,老师人不错的，但是英美概况好无聊啊
62213,2050,潘珣祎,2017-11-23 07:46:55,0,0,0,老师真的很好，作业又少教的又好，温柔又漂亮，只是我自己渣了，感觉对不起老师
63699,2050,潘珣祎,2017-12-13 04:07:22,0,0,0,脾气性格很好的老师。和其他老师不一样的是更注重个人能力的成长，而不是仅仅贴着课本。听她的大英课对自己帮助超级大，前提是认真完成作业。\n\n最后，给分虽然超级良心，但是混时间同学就不要选了，老师原则性还是很强的，不做滥好人
64806,2050,潘珣祎,2017-12-27 07:57:24,0,0,0,棒棒哒
67158,2050,潘珣祎,2018-01-20 10:48:37,2,2,0,老师真的超好，温柔又耐心，只是怪自己拖了老师均绩
67166,2050,潘珣祎,2018-01-20 11:20:35,2,2,0,只怪我太差
67176,2050,潘珣祎,2018-01-20 11:41:55,0,0,0,上课很轻松的～作业很少\n\n老师很认真又和蔼的，请假也很容易\n\n不过我平时有点太不走心了，所以最终绩点没有预期的高，只能怪自己了。但是老师绝对是好老师
67185,2050,潘珣祎,2018-01-20 12:12:45,2,2,0,老师人超棒。平时会有talk练习会让人压力大，但作业不多。请假只要在群里说一声就好了
67303,2050,潘珣祎,2018-01-20 15:49:21,0,0,0,好好好
68172,2050,潘珣祎,2018-01-22 16:19:56,2,2,0,绝对好老师，很有助于能力的全面提高，但成绩的原则性很强。
68842,2050,潘珣祎,2018-01-24 03:24:41,0,1,1,老师人超好！希望下学期绩点可以再高一点哭哭
71892,2050,潘珣祎,2018-01-29 05:11:37,1,1,0,老师超级好！平常注重视听说，也很体贴同学
72116,2050,潘珣祎,2018-01-29 11:22:08,1,1,0,我是選老師的當代語言學\n\n上課很用心也學到很多東西\n\n十分推薦對英文有興趣的同學選她的課
74897,2050,潘珣祎,2018-03-21 06:59:11,2,2,0,很耐心指导
75043,2050,潘珣祎,2018-03-07 06:29:49,22,22,0,上了其他老师的大英四后，愈发想您
76490,2050,潘珣祎,2018-04-11 05:16:04,27,27,0,我感觉我恋爱了
77637,2050,潘珣祎,2018-05-07 04:20:28,2,2,0,托福口语结课怒答一波！\n\n老师人真的很nice 每周都会布置作业 对托福备考帮助很大 老师会把每个人的作业听一遍 然后一对一指出你的问题 非常有用！\n\n上课就练题，会点名回答 但是不用紧张 \n\n老师真的真的很认真！想水的可以走了
78350,2050,潘珣祎,2018-05-11 04:16:23,1,1,0,十分好的老师 给一百分也不为过 大英三四还有托福口语都是她教的 每次上课都是一种享受
79299,2050,潘珣祎,2018-05-30 08:13:02,2,2,0,这个老师也太棒了，还时不时评论我朋友圈(๑°3°๑)hhh。非常耐心，尊重、帮助每一个学生，无论英语好坏。上她的课对英语真的有提升的。
80502,2050,潘珣祎,2018-06-27 07:23:04,1,1,0,托福口语刚考完 好评一波老师  真的能学到东西！ 要求也蛮高 ！ 英语想进一步发展的同学欢迎报噢！
81073,2050,潘珣祎,2018-07-03 14:13:57,55,56,1,珣祎姐姐是仙女吧！\n\n人美心善业务好！\n\n赞我一起送珣祎姐姐外院c位出道！！！！\n\n你一赞我一赞，珣祎今天就出道！\n\n你不赞我不赞，我们英语怎么办？？？？\n\n珣祎姐姐以后一定要走花路❀啊！\n\n永远爱你打call（*￣3￣)╭♡
81872,2050,潘珣祎,2018-07-06 10:41:52,3,3,0,潘老师是什么天使啊啊啊啊啊？？？？
87719,2050,潘珣祎,2018-10-10 23:54:18,2,2,0,qw给我们新生之友老师疯狂打call✔\n\n简直nice
92675,2050,潘珣祎,2019-01-03 13:20:50,6,7,1,虽然我平时发言不多，不太敢展示自己，可能老师都不认识我。。。但是我必须得说老师真的超好，脾气特别好特别温柔，口语一级棒！而且展示只要认真准备了老师都会鼓励和夸赞的！（还奖励巧克力！）有不提前告知的小测（问题不大不计入总分），口语练习较多，能够有效督促你学英语！这个学期大英三上完了同学们都特别舍不得和老师分开。。。呜呜呜呜潘老师我也舍不得你啊！！
93118,2050,潘珣祎,2019-01-07 11:29:01,1,1,0,新生之友老师真的很棒！\n\n会点好外卖等我们下课然后找我们谈心！\n\n然后全寝选了潘姐姐的大英课qwq
95338,2050,潘珣祎,2019-01-19 08:43:35,0,0,0,很轻松
95782,2050,潘珣祎,2019-01-20 04:39:35,0,0,0,老师超级超级好
96506,2050,潘珣祎,2019-01-21 05:22:49,9,9,0,本来是个英语渣渣，挺没有自信的，刚上课的时候突然要1mintalk和写作文的时候怕得要死，但是！对英语提高真的很很很有效啊！！感觉每节课都不水，一学期下来英语进步了不要太多啊！！老师也真的很用心，其实你的每一个小努力老师都看在眼里 最后：给分也很好啊！！只要认真学给分真的不要太好！
96869,2050,潘珣祎,2019-01-21 11:07:08,4,4,0,哇看到新生之友是潘老师的，是什么神仙寝室，也太爽了吧。555潘老师我舍不得你
97451,2050,潘珣祎,2019-01-22 09:06:02,3,3,0,天哪，我的评分表里其他数字都不见了，只剩十分！
98888,2050,潘珣祎,2019-01-24 04:33:25,1,1,0,老师人非常好，教的课特别实用，人也很亲切的，打call
103668,2050,潘珣祎,2019-03-04 03:27:58,1,1,0,老师水平很高
103852,2050,潘珣祎,2019-03-06 10:03:37,8,9,1,大英三潘珣祎，大英四周颂波，感觉人生到达了高潮
104352,2050,潘珣祎,2019-03-18 12:23:46,2,2,0,人真的超好呀，三观超正！很注重英语各方面的能力培养！口音很正，性格也超可爱，可以和同学们开小玩笑什么的，也很会鼓励同学！爱了！！
105076,2050,潘珣祎,2019-04-03 07:32:43,-14,1,15,。。。。。。。。。。。。。。
105400,2050,潘珣祎,2019-04-12 15:42:09,-13,3,16,呵呵呵
110245,2050,潘珣祎,2019-06-25 04:48:56,0,0,0,老师超级好 ！！ 可是我太菜
110250,2050,潘珣祎,2019-06-25 05:11:12,1,1,0,老师可以说是女神级别的了，上课有趣不无聊，注重学生口语能力的锻炼，有1/3min口语练习，非常受用。平时在群里积极和同学互动，解答问题，很耐心负责的老师。 而且老师还经常发红包鼓励考完试的大家哦，感动ing，这么好的老师你确定不pick嘛！
110251,2050,潘珣祎,2019-06-25 05:17:03,3,3,0,老师很可爱，只怪我太菜。
110252,2050,潘珣祎,2019-06-25 05:17:59,1,1,0,老师太赞了！！
110255,2050,潘珣祎,2019-06-25 05:28:50,1,1,0,老师真的是非常优秀啊，简直爱了，上课很有调理，不会出现冷场的尴尬情况（我大英三老师就上课经常冷场），而且注重对我们的全面培养，听力，阅读，总结，演讲，全面而且到位，在这里，没有什么发言加分的恶竞，大家侃侃而谈，很有意思，老师课前也会放一些比如奥斯卡动画短片，美剧（我们是 傲骨之战），一些演讲、研究等等，，反正一个字，棒极了!
110256,2050,潘珣祎,2019-06-25 05:34:19,5,5,0,老师很好，群里面很可爱
110670,2050,潘珣祎,2019-06-28 03:55:43,1,2,1,老师真的超好！！！！给十分因为只有满分只有十分！！！上课超赞人超棒！！！谢谢老师！！！给分超好没让我卡绩笔芯！！！
110684,2050,潘珣祎,2019-06-28 04:19:35,0,0,0,老师很好，可能是我太菜，但努力过了，绩点比上学期低就低吧，还历史最低，无论如何，发完这一条大英这门课就这样过去吧
119573,2050,潘珣祎,2019-11-14 01:04:24,1,1,0,老师很负责，给分也挺高的。希望托福可以考到理想成绩!!!
121930,2050,潘珣祎,2020-01-24 08:36:18,1,1,0,老师人很好教得也很好，绩点低是我自己英语太菜了_(:з」∠)_
123415,2050,潘珣祎,2020-06-08 14:31:54,1,1,0,真的超级负责任，但是事也挺多的，真的多！！！！课上经常互动，认真听英语可以提升很快，如果不喜欢英语或者英语很渣，不是很推荐
125160,2050,潘珣祎,2020-09-08 07:39:53,0,1,1,我太爱了！！！！！
128310,2050,潘珣祎,2020-12-17 15:56:25,1,1,0,潘老师太好了！！！
130550,2050,潘珣祎,2021-01-23 14:58:19,2,2,0,老师真的很好！对英语口语和听力的提高很大，每节课都会有讨论环节，可惜我太菜
130560,2050,潘珣祎,2021-01-23 15:48:04,10,10,0,潘老师真的是女神!!!╭(╯ε╰)╮虽然大英三拉老师均绩了，但是老师还是鼓励我下个学期继续加油。很幸运大英四还是潘老师，加油！
130579,2050,潘珣祎,2021-01-24 00:14:04,1,1,0,不会后悔哦
132923,2050,潘珣祎,2021-02-05 03:38:43,2,2,0,嗷嗷嗷最爱女神啦！没想到不擅长翻译的我最后居然满啦！
136610,2050,潘珣祎,2021-06-22 02:16:57,1,1,0,如沐春风。
137306,2050,潘珣祎,2021-07-03 04:28:50,8,8,0,选上就是赚到，老师口语超棒，上课节奏舒服，人美心善，业务能力强，注重对学生听力和口语的训练而且最后给分还好，一起送珣祎姐姐出道好吧，只要认认真真完成老师布置的作业，好好准备小测（基本上语言点老师上课都讲过），大英高绩点根本不是梦~
144168,2050,潘珣祎,2021-12-20 04:41:53,1,1,0,太好了
146174,2050,潘珣祎,2022-01-08 04:06:14,4,5,1,终于重新有一个机会来好好夸一下潘女神啦！口语一级棒舒适度满分！每堂课都有练习机会！不会否定任何一个学生的努力！认真听她上课真的能收获良多呜呜呜大爱潘女神！真的 完全没有辜负努力。\n\n总之就是太好了夸不出来！且上且珍惜！
146177,2050,潘珣祎,2022-01-05 15:48:44,1,1,0,潘老师yyds，我太爱她了！！！！
146185,2050,潘珣祎,2022-01-05 16:48:36,1,2,1,老师真的非常不错，人美心善水平高！只能说我的英语太差了qwq
146186,2050,潘珣祎,2022-01-05 16:51:15,3,3,0,老师真的太好了。大英三是进校的第一门满绩
146209,2050,潘珣祎,2022-01-06 00:55:01,2,2,0,很perfect的老师！
146223,2050,潘珣祎,2022-01-06 02:06:32,2,2,0,潘姐yyds！
146342,2050,潘珣祎,2022-01-06 09:25:31,1,1,0,潘老师超级好！对我说的最多的大概是“加油”，我会一直加油的！
146451,2050,潘珣祎,2022-01-06 15:01:03,8,8,0,很幸运下学期还是她的课！😘老师人超好，给所有人（包括我这种英语菜鸡）超棒的上课体验，绩点说得过去，但是还有努力的空间，现在只想对老师说下学期见😍
146463,2050,潘珣祎,2022-01-06 15:21:50,1,2,1,潘老师很温柔，虽然我没上4
150641,2050,潘珣祎,2022-02-07 09:15:55,6,6,0,老师很好，是我太菜。上课全英文，我属于完全听不懂
155441,2050,潘珣祎,2022-06-12 23:14:24,10,10,0,潘潘😭👊我爱你😭👊你真的很好是我太不争气😭👊👊考前还会发红包给同学们加油😭👊呜呜呜保佑我这学期考好一点吧呜呜呜
155590,2050,潘珣祎,2022-06-14 13:49:20,2,2,0,潘老师真的很好！！！每篇课文分析的都很详细很到位，平常课后作业会布置很多六级听力真题，对六级听力真的很有帮助！！！！大赞！！！！！！！！
155682,2050,潘珣祎,2022-06-15 07:44:37,0,2,2,老师很不错爱了爱了 大英34都是她嘿嘿嘿拿了两次4.8
156736,2050,潘珣祎,2022-06-21 00:30:07,3,3,0,潘老师是神仙吗呜呜呜呜呜，英语菜鸡感动的要落泪了给分超好，只要认真学就会有收获
156759,2050,潘珣祎,2022-06-21 02:11:19,1,1,0,潘老师超好，简直是神仙老师！给分好好，讲课超温柔 还给大家发红包！翻译技能对英语菜鸡来说还是挺硬核的，潘老师讲的好，非常耐心，棒！
157232,2050,潘珣祎,2022-06-22 12:48:49,1,3,2,翻译技能难度确实很大，但能收获与难度成正比，只要平时作业多下些功夫考试就没问题，最后总评4.8，谢谢老师啦。
157305,2050,潘珣祎,2022-06-23 01:37:20,2,2,0,老师真的讲得很清楚，课外有翻译比赛求指导也是非常细心耐心！
157981,2050,潘珣祎,2022-06-26 02:50:55,2,2,0,老师超级好！！！！！！！很关心学生，水平也特别高
157997,2050,潘珣祎,2022-06-26 04:58:53,6,6,0,上课水平姑且不提，我觉得她的人生观还有对学生的态度都给了我很大的影响，真的是既善良通透又温柔坚定。（当然上课水平也很不错）
158687,2050,潘珣祎,2022-07-01 09:36:35,1,2,1,人很温柔，只要好好学，会有收获的
160996,2050,潘珣祎,2022-10-23 15:37:17,1,2,1,老师人是真滴好哇～
162696,2050,潘珣祎,2022-12-05 03:15:22,4,4,0,好的没话说
164160,2050,潘珣祎,2022-12-18 13:31:07,4,4,0,老师真的超好，至少不引起恶竞
164563,2050,潘珣祎,2022-12-22 02:10:15,14,15,1,我爱女神！我爱女神！我爱女神！\n\n别管我了，pxy就是我心目中ZJU最好的老师！\n\n【大英三预置了女神的课，大英四没选上女神的课是我永远的痛呜呜呜】\n\n幸运地选到女神课的宝子们一定要好好珍惜鸭！～
168952,2050,潘珣祎,2023-02-23 17:11:29,13,14,1,上了大学唯一一个觉得自己很对不起的老师。\n\n老师口语一级棒，奈何自己是个大菜鬼，一句都听不懂，一节课都没跟上过。\n\n有一次下课之后去找老师说感觉跟不上，很焦虑。\n\n老师安慰我说没关系，很正常。\n\n考四级那天早上和过年那天晚上，老师在钉钉群里还发了大红包。师爱浓浓。\n\n怪自己基础太差，也怪自己没好好学。（属于又垃圾又不好好学的那种）\n\n期末考试听力完全听不懂，阅读也是凭感觉选的选项。口试（我自称“口逝”）一句话都说不出来。最后大英三2.4。（因为期末考试头一天晚上出四级分，只考了480多分。所以知道自己的水平拿这个绩点其实是在意料之中。）\n\n想好好感谢老师，但是貌似暂时没有机会了......（大英四没选上她的）\n\n大英绩点2.4算是喜提我大一上拿的最低绩点，甚至比倒数第二的绩点还低了1.5.\n\n但是潘老师是我大一上遇见的最让人感动的老师。\n\n再说一遍：感觉真的对不起潘老师。心痛。\n\n给后面的学弟学妹说一句：如果你是预制了潘老师的课，说这算是你进大学最幸运的事一点都不过分。请君珍惜。点到为止。\n\n（当然看査老师评分也就能说明一切了。我死活搞不懂为什么不是10.0，为什么还有人不给她打10分。）
170458,2050,潘珣祎,2023-03-05 06:27:54,3,4,1,老师人很好，但是我真的英语太菜了，老师的课是十分灵活的，是很有收获但是对于不会表达不会翻译的菜鸡我，英语真的很难，上课也经常有单词听不懂，课后作业又是后很多，但是大家一定要好好地跟住平时。老师真的很温柔，四级考、新年、期末都发红包，班级的氛围真的很好，只能说大英这类开口说要英语思维的课对于我这种永远会是寄点（四级625大英3.0……）但是依旧是我大一上遇见的最好的老师，没有之一。
171583,2050,潘珣祎,2023-03-29 11:40:35,5,5,0,别的不说，翻译课上的是真的有水平，大师风范
174337,2050,潘珣祎,2023-06-09 19:12:46,11,12,1,大英，好的要死，各种意义上的好\n\n是上完老师的大英三只想选潘老师的大英四的那种好
175071,2050,潘珣祎,2023-06-21 11:08:57,3,3,0,老师口语很好听，上课讲的很仔细，非常负责，强推！
175303,2050,潘珣祎,2023-06-23 12:55:45,6,6,0,上了另一个老师的大英四，觉得老师真的是最最负责的英语老师，课堂每一分钟都很充实，同样一节课你可以收获其他评价10分老师的课的知识量三倍！
184715,2050,潘珣祎,2023-12-22 09:54:55,1,1,0,潘老师很可爱 很负责 喜欢!
186012,2050,潘珣祎,2024-01-07 14:14:21,3,3,0,仙女姐姐😍😍！口语超棒，教的非常好！
186824,2050,潘珣祎,2024-01-13 07:54:04,2,2,0,好好好
206209,2050,潘珣祎,2024-12-13 08:39:29,4,4,0,老实人真的很好很有礼貌超级有气质（么么么么么么）上课很轻松，但是比较社恐的同学可能要小心被老师邀请……口语不好也没关系，慢慢来，老师会认真听你讲完的。
207630,2050,潘珣祎,2024-12-23 11:03:59,4,4,0,老师真的很好，也很温柔，我上大英三这一学期只有一个小组玩游戏玩熟了pre了一次，其他都没有什么乱七八糟的东西了。周末有作业但是我觉得不算多，老师上课、布置作业都很负责，和老师上课真的能学到东西！
209018,2050,潘珣祎,2025-01-04 08:27:23,5,5,0,挺好的老师
209021,2050,潘珣祎,2025-01-04 08:32:34,6,6,0,上的大英三，潘老师人真的超级好！性格温柔，三观很正，不会用平时分来要求大家回答问题，作业是不检查的，全凭自觉，很多次听写基本上是为了考验你记住没有，不计入平时分，没有乱七八糟的pre，不会强迫你回答问题，干货满满，体验感很好。就是英语水平没那么高（比如我）偶尔可能跟不上她的话，但是不用担心，偶尔也是会出现中文辅助我们理解的。很负责任，超好的老师！
209054,2050,潘珣祎,2025-01-04 09:58:26,5,5,0,老师真的超好超温柔呜呜呜呜呜呜，课后作业没写但是老师都是很温柔地说大家自己要记得做，不批评我们，上课还会讲很多课外拓展的东西
209120,2050,潘珣祎,2025-01-04 14:15:41,4,4,0,10分
209674,2050,潘珣祎,2025-01-06 13:16:07,6,6,0,虽然卡绩了但那是我自己期末听力太差的原因。潘老师真的是很好的人，很会体谅我们。所有的平时的小测验（不是quiz)也确实没有计入最后分数，而且应该平时分是拉满的，平时作业一般就只有两个compound一个课文一个课外然后是课文的一些问题，我感觉这学期老师讲课文讲的很细而且课件会有翻译练习，我觉得很不错。有时候我会很紧张问她分数组成，心情不是很好她都会安慰我，让我往前走别回头。真的很感谢潘老师
210357,2050,潘珣祎,2025-01-09 03:37:54,2,2,0,上完只会遗憾没能选上老师大英四的程度
210864,2050,潘珣祎,2025-01-10 05:42:04,3,3,0,大英三的超级女神，不接受反驳\n\n从不点名，请假也很好请，钉钉私信一下一般就没问题了；迟到也没啥事，说明情况就行，潘老师还会提醒你路上注意安全\n\n对待学生很热情！口语很赞！课文分析的非常好！而且每次小测班级平均分总是会比其他班高一截！就是喜欢点人起来发言，有点点i人地狱，不过她很会鼓励你！\n\n任务不多，周末会留一点点作业，但是也不咋检查\n\n最后喜提4.2！而且大英四继续选上潘老师的课了哈哈哈哈
213706,2050,潘珣祎,2025-01-19 08:26:37,1,1,0,老师人超级好！听她的大英课是一种享受，课上回答问题如果答不出来，她也会积极提示和配合你的发言，上课体验真的超级好。给分的话，大英这课就这史样，大家也是清楚的，个人感觉老师还是尽可能捞了的，虽然被卡了，但是还是毫不犹豫来打个10分，大英选她就对了！
217972,2050,潘珣祎,2025-04-18 13:42:52,1,1,0,老师上课激情满满，能带动我进入英语课堂的学习，满分好评
220114,2050,潘珣祎,2025-06-15 05:17:48,3,3,0,大英四出分！仙女老师永远爱你！！无脑冲潘姐的课就对了！！
220219,2050,潘珣祎,2025-06-16 11:55:33,0,0,0,好好好
220273,2050,潘珣祎,2025-06-17 04:32:10,0,0,0,超级好！又温柔有体贴
220433,2050,潘珣祎,2025-06-18 02:33:29,0,0,0,女神级别的好老师
17372,2070,冯冰,2016-01-20 06:43:32,9,16,7,给分超级低，所有努力都付之东流了
18166,2070,冯冰,2016-01-21 08:28:44,8,15,7,说好4+的平均成绩呢
25044,2070,冯冰,2017-01-20 06:50:56,-11,8,19,很喜欢老师，上课方式能引发人思考，不跟着思路走觉得无聊，跟着思路走收获真的很大
27027,2070,冯冰,2016-06-22 09:42:54,-10,3,13,很有趣的老师 社会学问题看得很透彻 值得选 但一定要认真跟着听课
27346,2070,冯冰,2016-06-29 08:05:46,24,28,4,给分不怎么样，看心情给。
28960,2070,冯冰,2016-06-29 04:27:10,-7,5,12,当初脑子一热，不是英语专业的选了英语大类的西方社会学……总的来说老师上课不错的，就像前面一位同学评论的，跟着老师思路走收获会很大的，她的分析很客观，在小组讨论的时候有时候也会过来和我们一起聊。对了，不是英语专业的而且英语不好的慎选，这门课还是要一定的英语基础的。平时基本没作业，但期中要写一篇2000词的英语essay.
29127,2070,冯冰,2016-06-29 09:16:09,-13,3,16,给分很好
29131,2070,冯冰,2016-06-29 09:24:21,5,6,1,没上4算什么水平？觉得上课有点无聊吧 提不起兴趣
38644,2070,冯冰,2016-12-13 07:14:36,3,4,1,
39205,2070,冯冰,2017-01-15 14:55:47,-11,2,13,课一般 有点无聊和浅显 平时事不少平时分才占30% 给分感觉还不错
41380,2070,冯冰,2017-01-11 07:21:16,6,9,3,确定这课 有这么高的均ji？
41406,2070,冯冰,2017-01-11 10:46:43,14,19,5,蛤？给分很好？均绩有3.95？那你们都很棒棒噢
41459,2070,冯冰,2017-01-11 16:34:20,0,3,3,讲的挺清楚的，就是整体大的思路微有模糊
41580,2070,冯冰,2017-01-12 08:18:02,11,13,2,真心给分太烂 根本不知道是根据什么基准给的 呵呵了
41581,2070,冯冰,2017-06-06 06:37:07,6,8,2,底下那个五毛的评论真是笑死我了 我就问你一句你外语学几年能达到和母语一样的水平？站着说话不腰疼有意思？还什么讲出去不丢脸？呵呵 我倒是不介意用英文答题 但你拿这个就来怼英翻专业的学生有意思？到底是谁丢脸？？？
41611,2070,冯冰,2017-01-12 08:59:33,5,5,0,有点无语…
41936,2070,冯冰,2017-01-13 09:02:46,10,11,1,很差差哦
42080,2070,冯冰,2017-01-13 14:22:20,5,6,1,给分差，讲得也差，事很多，很多概念自己都讲不清楚。上她的课真是一种煎熬。
48395,2070,冯冰,2017-03-03 01:13:42,8,11,3,我只想说，深海巨坑。
50839,2070,冯冰,2017-05-06 11:01:40,6,7,1,想给无数次0分，平时分30，每两周一次essay，这周2000字?
50846,2070,冯冰,2017-12-27 08:14:46,5,10,5,为什么没有0分
51470,2070,冯冰,2017-06-06 06:37:01,0,1,1,凑合吧
59887,2070,冯冰,2017-09-28 05:21:26,10,17,7,英语专业的同学，起来读一下。\n\n翻译专业的同学，起来翻译一下。\n\n其他专业的同学，PPT看得懂吗？
59891,2070,冯冰,2018-01-30 01:09:55,4,11,7,你是不是作业没交？论文太差？小测没做？哦我还在路上一会聊\n\n这是你说的耐心？
60403,2070,冯冰,2017-10-19 06:33:10,8,11,3,"听这个课大概就是花225块钱听她讲一个小时""课""，再通过做题拖完剩下一个半小时，然后每周一堆作业来刷存在感，除了摊手还能做什么"
60404,2070,冯冰,2017-10-19 06:33:30,5,9,4,其他课我不知道，社会科学研究方法真的别选。事情巨多学到的巨少，交三个学分的钱就是听一节拖到两点就不知道讲什么了的课。不想说什么
60405,2070,冯冰,2017-10-19 06:33:45,11,13,2,怕是讲不下去就让学生写作业做展示
60406,2070,冯冰,2017-10-19 06:56:31,2,5,3,讲的很专业！！！非英语专业听不懂噢
61393,2070,冯冰,2017-11-16 07:37:28,7,7,0,这是我上大学听的最失望的课之一，不仅平时拖时间什么都没学到，每次布置作业都不知所云全靠自学，查着查着资料发现她讲的东西结构极为混乱，很多还是错的（摊手）。
63574,2070,冯冰,2017-12-07 06:10:49,-5,2,7,老师人本身很nice，但是概念讲得含糊不清，就给一大堆题目做。
69556,2070,冯冰,2018-01-25 03:48:29,3,7,4,分还没出，先打个1分?
72039,2070,冯冰,2018-01-29 08:46:01,0,5,5,社会科学研究方法：上课无聊，小测不提前通知，任务多，给分低。自己掂量着选吧。
72136,2070,冯冰,2018-01-29 13:53:37,-9,3,12,上的社科，每节课点名都会加到我，以为会有师生情，结果最后绩点只有4.2 无语
72146,2070,冯冰,2018-01-29 12:58:06,2,5,3,上课也听讲了，笔记也做了，平时也挺认真完成作业的，最后小组作业很认真做，然后组内高分5.0 低分3.6  迷之打分。
72159,2070,冯冰,2018-01-30 01:26:16,-1,8,9,好一篇长评，一瞬间以为自己来到了知乎还是微博，不做被绩点异化的人，多么崇高，多么有觉悟，是的了，老师给你什么分就拿着，怎么评分老师说了算，哎呀你这个小测不行，哦那你这个期中论文不行，你这个答非所问，不对不对，是你这个量性定性有问题……我只想知道到底哪里有问题，我每一项到底多少分谢谢
72271,2070,冯冰,2018-01-31 08:48:09,-6,8,14,给分不明白的可以问老师，老师会很耐心地和你讲你的分数扣在哪里。平时成绩是占40%的，我也是问了老师才知道，估计是多了一次小测的原因吧。老师说大家的期末论文写的都挺好的，所以差距主要是在平时成绩上。老师说很多同学把定量和定性都搞混了，这证明老师平时作业还有小测还是会认真看的吧。说小测不提前通知的那位，是碍着您复习还是碍着您翘课了？小测老师也没强制闭卷，大家也都没复习吧。老师课上得是有些无聊内容不够丰富，上课上到最后一半的同学不到。您是翘了小测所以怪老师小测不提前通知吗？没有翘课的话没必要拿小测不提前通知这一点来说吧。老师人真的很好，你有什么问题她都会耐心地给你解答。老师给我的分数很一般，我也觉得不满意，但是是非总要分的吧？社科不是通识课，也需要正态分布的吗？老师是有多恨你每个组故意拉一个人的绩点下去？你是根据多少的样本容量得出每个组拉一个人的分数下去这样一个结论的？我们组一个人4.8，一个人4.2，两个人3.9，请问老师故意拉了谁下去？每个组？不好意思，我们组不成立。我没想给老师“洗地”，我也不是拿了高分的既得利益者。中肯点讲，冯老师心地很善良，在做老师方面欠缺点技巧，有不太让学生满意的地方。你苛责老师之前先问问你自己做学生该做的事情都做到了吗？奉劝一句：别做被绩点异化了的人。   那个说我多么崇高的人原来的评价是这样的：“瞎打分，恶心，每组故意拉低一个人的分数，不知道为什么这样的人能当老师。”你要觉得你是对的你就别编辑掉，你要是喜欢以己度人就继续吧。对不起我的评价伤到你了。
72308,2070,冯冰,2018-01-30 01:27:40,3,6,3,别的不说，我们组我认为分工公平。两个4.5一个4.2 我一个3.6打电话询问老师细分没有，还怀疑我作业没交，下次再聊
72312,2070,冯冰,2018-01-30 07:46:40,0,4,4,楼上有毒吧，当谁没买过教材啊？！！
72332,2070,冯冰,2018-10-18 14:28:51,3,6,3,Emmm我说一点自己的看法。\n\n上课水平：老师上课确实无聊，这门课其实内容还挺重要的（社会学相关）但老师讲的云里雾里，而且课堂比较随性，前半节讲课后半节点学生起来回答问题。随堂考和展示也比较突然…\n\n老师为人：我觉得老师人确实挺不错的，你要去问她问题她都会回答的，我们小组论文的时候还请教了她几次。给分的问题建议短信问她，邮件她可能不会及时回。也建议大家问的时候稍微礼貌一点。还有就是老师挺落伍的，甚至不知道问卷可以网上发，论文选题的时候记得不要选相对新颖的东西，她会觉得你在给商家做广告…
72365,2070,冯冰,2018-01-30 07:50:20,-5,3,8,很和蔼的老师。
72424,2070,冯冰,2018-01-30 13:35:03,0,2,2,。。。
74881,2070,冯冰,2018-03-06 08:06:40,-1,3,4,不听别来，东西好好做，自然会拿高分，何须期末揪着老师不放去看小分？
75740,2070,冯冰,2018-03-16 02:52:20,-1,0,1,给分很迷幻
83399,2070,冯冰,2018-07-10 08:02:18,-1,0,1,\n\n冯老师小班的课上得还不错，给分也好，光看负面评论给一位老师盖棺定论是不负责任的。
87342,2070,冯冰,2018-09-27 06:44:05,-1,0,1,lame
90091,2070,冯冰,2018-11-22 06:02:17,-1,1,2,为什么没有00000000分
91557,2070,冯冰,2018-12-13 07:08:58,9,10,1,1.老师人挺和蔼。愿意回答问题（能不能回答清楚是另一回事T^T）\n\n2.上课水平确实不好。希望老师上课之前至少自己把内容搞清楚。给我的感觉就是很多概念老师自己都讲不清楚，内容讲的很浅，禁不起质疑。很喜欢问同学问题，而且仅仅是为了问问题而问问题。上课没什么内容，通常一节课就讲完了，通过点人回答问题以及让我们自己讨论拖到第三节下课。以及每节课都在问小组作业进展，好像这个课就是为了小组作业开的。\n\n总得来说感觉老师上课准备不充分，讲解内容不深入，思路不是很清晰。可能老师真的不适合这门课叭…\n\n还没结课，不知道给分迷不迷…
96662,2070,冯冰,2019-01-21 08:49:13,1,1,0,看了查老师以为给分会很迷，结果其实分还挺好的，我觉得关键看小组作业吧，还有四次平时作业好好做（虽然我觉得我做的不好）
96855,2070,冯冰,2019-01-21 10:49:22,3,3,0,老师人挺和蔼，讲课水平也还行。虽然平时作业加小组论文任务是挺多的，但是认真做了最终绩点不错。相比于挑剔老师，我更想说的是，有些上课的同学，在被点起来回来问题的时候连老师在问什么都不知道，水课水成这样未免太不尊重老师了。
96935,2070,冯冰,2019-01-21 12:50:51,1,1,0,课真的无聊，给分主要看三次个人作业和小组论文和两次小测，小组给分应该是统一的，水一下还行...虽然卡了94但真的谢谢老师
96969,2070,冯冰,2019-01-21 13:34:07,1,3,2,老师课上几乎不点名，有时候还会提早下课，上课时间也很自由，经常小组讨论。个人属于对这门课有点兴趣的人，上课偶尔会主动回答问题，每次的作业也都好好做，而且作业也不多。考试没怎么复习，个人觉得考得不好，好几题直接回答不怎么出来，小组论文分工，任务也不多，最后绩点4.8，私心很满意。我觉得大家在上一门课之前，不要因为查老师里说老师怎么怎么不好就对这门课抱有偏见，冯冰老师为人很亲切也乐于与学生沟通，认真上课也能有一定收获。
98170,2070,冯冰,2019-01-23 06:51:01,1,2,1,冯老师的课真的很好，老师讲课和答疑都很认真，一学期下来收获满满～尤其是很喜欢small session的讨论形式
102204,2070,冯冰,2019-01-31 10:54:02,1,2,1,很可爱的老师
102901,2070,冯冰,2019-02-25 01:54:11,2,3,1,上课多和老师互动，认真考小测，认真做期末论文，给分很好的。发邮件问问题老师也会及时回复。但上课比较水，能学到的东西不多。课上课下都不需要花太多时间。
108687,2070,冯冰,2019-05-31 07:14:48,-2,1,3,提问都不给思考时间吗？
143838,2070,冯冰,2021-12-08 07:41:12,3,3,0,真的存在上课这么水的老师吗😅读完ppt 就是莫名其妙的小组讨论，每节课都要布置一堆作业😅课上得不知所云，感觉每节课都在努力划水的老师真的好棒棒呢
148332,2070,冯冰,2022-01-12 07:03:51,1,4,3,平时一堆屁事 作业10次左右 最后写研究报告卷的要死 上课言之无物 一般只讲一节 点人回答问题一节 小组讨论半节课 再问半节课小组进度 期中小测不通知“为了不让你们紧张我特地没有告诉你们” 最后给分稀烂 怎么还能有4分？
148340,2070,冯冰,2022-01-12 07:20:05,1,2,1,给分真的不太好……付出和努力不成正比 事情很多 老师上课喜欢和跟她熟的人讨论
149209,2070,冯冰,2022-01-14 21:12:36,4,4,0,感觉老师四分多有点太低了 至少对于我这种门外汉来说 这门课确实让我对社会科学这方面的基本概念有了了解 水倒是确实不水 作业比较多 但是个人认为作业还是挺能帮助自己理解那么多概念的 给分没有那么差吧…不过上课随机点人确实比较那个 我们小组的作业也没有特别卷什么的 把每个环节包括个人作业小组展示期中考试期末论文写好 分不会差的。。。
159578,2070,冯冰,2022-08-19 11:16:12,-1,1,2,快跑！！！
343,2128,Sarah  Kimmet,2015-03-15 01:07:48,-8,19,27,开脑洞的课，有趣的老师，口语和听力类课的满绩天使
390,2128,Sarah  Kimmet,2015-03-15 01:49:43,-6,10,16,很有自己的想法，但只要不触及底线还是可以和她有深入流畅的讨论的。幽默开朗爱音乐，也爱中国文化。
1141,2128,Sarah  Kimmet,2015-03-21 16:17:17,-12,4,16,nice！
3658,2128,Sarah  Kimmet,2015-06-17 02:04:35,-14,3,17,当时选的是英美文学，满绩没有问题！老师很了解关于人性深层次的问题。推荐！
5063,2128,Sarah  Kimmet,2015-07-03 05:10:15,-9,7,16,口语课有阅读材料，能学到东西，而且除了阅读没别的乱七八糟的事儿，人超好
7822,2128,Sarah  Kimmet,2015-09-15 14:10:00,3,4,1,美国南方口音
11051,2128,Sarah  Kimmet,2015-11-24 04:05:51,-11,6,17,非常有收获，特别是她对于社会的理解和Critical Thinking的内容。虽然上的是英语写作，但是除了写作上的进步，更是思维上的提升。
12329,2128,Sarah  Kimmet,2015-12-23 03:42:06,-8,6,14,很有自己的思想 心态年轻
12859,2128,Sarah  Kimmet,2015-12-24 06:53:20,-8,7,15,英语写作平时作业有点多 给分挺好
13534,2128,Sarah  Kimmet,2015-12-29 04:08:40,12,14,2,.....不如AA
14243,2128,Sarah  Kimmet,2016-01-05 16:22:28,18,19,1,不想说话
14244,2128,Sarah  Kimmet,2016-01-05 16:24:45,27,29,2,要求很高，考试很难，想水课的同学不要选
14245,2128,Sarah  Kimmet,2016-01-05 16:24:58,10,12,2,考试难到爆炸
14249,2128,Sarah  Kimmet,2016-01-06 00:50:26,19,21,2,脾气不好 课很无聊很水 考试还很难 不要选
14442,2128,Sarah  Kimmet,2016-01-07 06:29:50,12,14,2,情绪化的人 课无聊 人不好
15344,2128,Sarah  Kimmet,2016-01-26 11:37:33,30,32,2,考试周前一天还讲论文要求。逼学生承认抄袭，说不把抄袭网址发过去就给零，可怜老实学生编了网址发过去，结果还零分。心寒，不配当老师。还请别随便一个美国人都能来我浙
16120,2128,Sarah  Kimmet,2016-01-17 08:51:40,12,15,3,此老师是台独分子 上次和她关于这个吵了半天 真是醉了
16127,2128,Sarah  Kimmet,2016-01-17 09:02:02,26,26,0,一个长学期一分的口语课上出综英即视感 你高兴就好
18418,2128,Sarah  Kimmet,2016-01-26 00:33:33,24,27,3,老师怀疑我们论文抄袭，多次辩解无用，不顾我们感受，最后期末零分。老师上课的确认真负责，但对于这样没有证据无端怀疑学生并不听解释的行为，真是无话可说。
19711,2128,Sarah  Kimmet,2016-01-25 06:47:50,1,2,1,一般般吧。
19800,2128,Sarah  Kimmet,2016-01-25 09:39:15,1,1,0,挺严格的
20019,2128,Sarah  Kimmet,2016-01-26 02:11:37,11,12,1,钓鱼的外教（手动再见），改论文要求改到考试周前一天，逼学生说自己论文抄袭，“你们不回你们抄的网址就给你们0分”。学生的努力就换来她的钓鱼污蔑和挂科吗？
20109,2128,Sarah  Kimmet,2018-10-01 22:18:29,13,15,2,傻逼老师 别选\n\n
20112,2128,Sarah  Kimmet,2016-01-26 06:33:30,3,4,1,呵呵呵
20113,2128,Sarah  Kimmet,2016-01-26 06:33:43,9,9,0,给分爆炸，低到不敢想象\n\n\n\n
20114,2128,Sarah  Kimmet,2016-01-26 06:41:14,15,16,1,呵呵，说好的给分高呢！考试有难屁事又多！\n\n
20117,2128,Sarah  Kimmet,2016-01-26 06:54:48,19,21,2,必点名，会怀疑有人代签而差点给全班零分\n\n每节课都Quiz，出题形式不重样\n\n期末论文怀疑抄袭…\n\n…喜欢给零分
20124,2128,Sarah  Kimmet,2016-01-26 07:14:07,6,7,1,suck\n\n
20134,2128,Sarah  Kimmet,2016-01-27 12:57:13,12,12,0,呵呵呵
20136,2128,Sarah  Kimmet,2016-01-26 07:50:53,50,55,5,我醉了 专业课 低得… 同学上另外一个班都是满绩  我们就3.几 下学期还是她的课 无话可说
20181,2128,Sarah  Kimmet,2016-01-26 12:07:07,-6,2,8,上课讨论比较多，锻炼英语口语挺好的，就是我听力不好。
20197,2128,Sarah  Kimmet,2016-01-26 13:36:46,11,13,2,辛辛苦苦写的文章被指抄袭还不够，还以给0分为要挟硬要'交出''抄袭'的网站，抄nmb。
20312,2128,Sarah  Kimmet,2016-01-27 03:36:56,13,14,1,超级情绪化的老师，作业任务也很多，每次2000+的阅读文章，还很无聊，总是在讨论一些中国学生无法聊起来的话题，再也不想选她的课了！！！
20618,2128,Sarah  Kimmet,2016-01-29 05:13:42,3,4,1,分很低
20842,2128,Sarah  Kimmet,2016-02-02 01:54:09,-1,4,5,政治思想偏激，女权癌。给分不好，还不知道为什么，问她给了我一个无厘头答案。
21206,2128,Sarah  Kimmet,2016-02-26 08:24:54,2,4,2,上课积极参与也并没卵用 老师本身观点太偏激 有的话题有点强行洗脑的意图 给分也很随意 如果不是必修的话还是不要选她的课
21314,2128,Sarah  Kimmet,2016-06-30 04:18:11,2,6,4,不敢相信\n\n天哪4.5 莎拉怎么变好人了！\n\n上次口语被坑死了现在感觉超幸福！！！
21387,2128,Sarah  Kimmet,2016-02-28 12:11:03,-5,3,8,挺好的呀！
21424,2128,Sarah  Kimmet,2016-02-29 00:10:40,7,8,1,评分这么高是怎么刷出来的（微笑脸
21545,2128,Sarah  Kimmet,2016-02-29 06:51:41,1,3,2,虽然给我的分还可以但是真的喜欢不起来。。说难听点性格态度上有些偏激片面 多疑 【。
21822,2128,Sarah  Kimmet,2016-04-11 04:21:15,2,2,0,呵呵了
21944,2128,Sarah  Kimmet,2016-03-02 01:21:12,6,6,0,这分怎么刷的这么高
21994,2128,Sarah  Kimmet,2016-03-02 05:04:03,3,4,1,傻逼老师哦 别选哦 别选哦 别选哦\n\n
22430,2128,Sarah  Kimmet,2016-03-05 08:49:13,1,1,0,不想说话。
22534,2128,Sarah  Kimmet,2016-03-07 12:57:26,-10,6,16,评论区让人寒心，在大学里面能见到三观正确的老师是你们的荣幸。
22648,2128,Sarah  Kimmet,2016-03-09 06:31:36,1,2,1,傻逼呵呵
22795,2128,Sarah  Kimmet,2016-03-11 13:37:07,12,12,0,上个口语课，还有毛片可以看，人生真无憾也
22798,2128,Sarah  Kimmet,2016-03-11 16:29:59,1,1,0,屎一样\n\n
22821,2128,Sarah  Kimmet,2016-03-13 04:04:35,1,1,0,综合英语
23094,2128,Sarah  Kimmet,2016-03-17 08:42:48,1,1,0,非常偏激的老师，强迫学生接受她的观点
23523,2128,Sarah  Kimmet,2016-04-04 09:58:29,-1,0,1,
23761,2128,Sarah  Kimmet,2016-04-15 03:39:23,0,1,1,不喜欢
23926,2128,Sarah  Kimmet,2016-04-21 09:06:05,0,3,3,对中国的理解太肤浅，回美国去吧，这里不适合你
23954,2128,Sarah  Kimmet,2016-04-22 07:41:22,1,3,2,老师自己说学生看到她给的分之后就不喜欢她了。。。
24828,2128,Sarah  Kimmet,2016-05-04 02:39:37,-1,1,2,还可以。
24839,2128,Sarah  Kimmet,2016-05-04 03:23:48,1,2,1,上课挺累的，任务挺多的，给分挺低的e_e
25137,2128,Sarah  Kimmet,2016-06-20 05:39:04,-1,2,3,辣鸡老师毁我青春
25250,2128,Sarah  Kimmet,2016-05-09 02:25:08,1,1,0,事真多……
25556,2128,Sarah  Kimmet,2016-06-08 11:49:22,4,6,2,首先，我想问系统为什么不提供零分，第二，我想说一个整天说f开头的单词的外教还想指望我们尊重你？？！！
25779,2128,Sarah  Kimmet,2016-06-08 11:15:51,1,2,1,服气了
25845,2128,Sarah  Kimmet,2016-06-11 16:20:44,2,3,1,浙大怎么会收你这样的老师
26028,2128,Sarah  Kimmet,2016-06-15 06:40:04,3,4,1,因为怀疑有同学给别人代签要给全班零分，然后发现表拿错了。\n\n给分极低。\n\n不能给零分真是智障。\n\n优越感，不尊重自己不了解的东西，无政府主义，歇斯底里。\n\n天天在课上宣泄情绪。\n\n神他妈烦。\n\n
26932,2128,Sarah  Kimmet,2016-06-21 16:44:35,3,4,1,就算她不教书了，还是要给差评，为啥不能0分？这个上面的均绩都是假的啊！p事多成狗，没收获，考试难，绩点低。她最喜欢聊性，经常放小黄片简直有病。积点口德不说了。
27026,2128,Sarah  Kimmet,2016-06-22 08:59:26,4,4,0,1个学分的口语课上出了7个学分的感觉！
27411,2128,Sarah  Kimmet,2016-06-26 02:08:06,-1,0,1,有收获的课
27751,2128,Sarah  Kimmet,2016-06-27 10:53:43,1,1,0,哈哈哈\n\n
29666,2128,Sarah  Kimmet,2016-06-30 07:06:18,-1,0,1,我觉得还好吧 美国老师想法可能比较不同 不过听说她不教了？
30050,2128,Sarah  Kimmet,2016-07-01 00:59:27,0,0,0,演讲给分不错啊……虽然事情超级超级超级多
30205,2128,Sarah  Kimmet,2016-07-01 05:25:53,0,4,4,浙大遇到最好的外教，确实要求多，但是真心在教学，可惜下学期就离职了
32345,2128,Sarah  Kimmet,2016-07-06 07:48:10,1,1,0,有思想的老师，喜欢讨论性，女权，自由方面的东西。虽然有些观点我不是很认同，但是在我浙真的很少有老师能完全不带任何顾忌地和学生讨论这些。
39439,2128,Sarah  Kimmet,2016-12-22 17:17:26,0,2,2,真女神。\n\n很够意思的老师，要求高，是外院难得的实力派
52463,2128,Sarah  Kimmet,2017-06-20 08:30:53,0,0,0,辣鸡老师，毁我青春。
52904,2128,Sarah  Kimmet,2017-06-23 12:13:01,1,2,1,sarah其实很负责，虽然每周写作的作业量比较多，安排的也很紧密，但是她会认真的读每个学生写的essay，认真批注，固然给分可能比较严格，但是的确是一个很守时，很尽责的一个外教，也很有自己的想法
57612,2128,Sarah  Kimmet,2017-07-10 15:18:31,0,0,0,同一专业年纪，那个班没有口语笔试，全是满绩，教学大纲要求也是口试，校规要求同一专业年纪的测试形式和内容要一直。这口语笔试，完全不符合校规。太不公正了。
5054,2133,朱晨晨,2015-07-02 15:55:01,5,13,8,口语不错，上课会有很多收获的，很好的老师。
5477,2133,朱晨晨,2015-07-08 00:50:40,0,10,10,老师很好~是很有感觉的女神呀，上课很有意思，大英课一会就过了，而且给分也不错
22559,2133,朱晨晨,2016-03-08 02:59:55,0,11,11,事多。。。
22920,2133,朱晨晨,2016-03-15 00:30:04,0,9,9,事多的要命，上出了初中的感觉
23210,2133,朱晨晨,2016-06-27 15:00:20,8,35,27,9次presentation，别问我怎么知道的(╯°□°）╯︵ ┻━┻
23259,2133,朱晨晨,2016-03-23 05:07:12,-6,12,18,每节课都有展示，每周一篇冰果作文，讲课超级无聊，如果预制她的课赶快退掉
23664,2133,朱晨晨,2016-04-14 07:37:59,4,11,7,老师很认真很有想法
23740,2133,朱晨晨,2016-04-14 07:33:24,-8,13,21,事儿逼
25079,2133,朱晨晨,2016-12-28 12:41:23,4,15,11,大英四给分好低~是不是平时分给的特低？各种展示算进去？
25519,2133,朱晨晨,2016-06-27 03:33:02,3,17,14,老师讲课超级好的，不知道那些说事儿多的人，你们怎么不反思自己懒呢？老师不漏作业你们会自发去学英语吗？有时间打游戏，泡妹子，就没时间写作文？作展示？你们自己品差，别在这里侮辱老师。
25532,2133,朱晨晨,2016-06-27 15:00:40,-1,14,15,思维不同，有些代沟。也还行吧，毕竟出发点是好的。难以调动上课气氛，很死。但也是温柔的比较，不凶。展示多，无听写。
25577,2133,朱晨晨,2016-05-26 09:12:25,-10,11,21,如果你是她的课，只能说节哀顺变
25585,2133,朱晨晨,2016-05-26 14:10:30,-1,6,7,嗯，展示太多了，不过她的课但对促进口语很有帮助
25591,2133,朱晨晨,2016-05-26 16:23:22,8,23,15,老师人很好，事情是有点多，不过评论里那些开骂的是些什么人啊，既然是上课事多怎么了，你要是想水别来浙大，随便报个三本没人管你，你还能全校第一呢。
26044,2133,朱晨晨,2016-06-15 07:42:59,0,7,7,老師很溫柔……但是事情真的太多了
26340,2133,朱晨晨,2016-06-17 03:31:35,25,32,7,很喜欢老师，女神啊
26715,2133,朱晨晨,2016-12-28 12:41:16,-6,6,12,她是我们班口试的老师，结果全班口试最高分4分，我就奇怪了我们班难道就没有一个值得给5分的？
26792,2133,朱晨晨,2016-06-21 06:25:15,-3,3,6,老师很负责，认真，是个好老师。但不知道当初我为什么选这个事多还学不到东西的课。
26955,2133,朱晨晨,2016-06-22 01:54:52,27,36,9,老师是很好的啦，很负责的，会延伸出去讲很多。展示虽然多了点，不过每次也不用特别认真的。人漂亮~
27038,2133,朱晨晨,2016-06-22 11:06:56,13,20,7,14年上的来补个分。老师真的超好看，很温柔，我当时分数也很好，超喜欢这个老师的。当时也没什么展示，就有两个小组表演，看到大家的评论吓了一跳
27260,2133,朱晨晨,2016-06-24 07:00:58,82,103,21,小组展示是多，但每次也不是很花时间啊，也不需要准备得特别认真啊！一个小组的同学是不是聚个半小时，交流交流，不是挺好的吗。\n\n老师人美，口语好，气质棒，最重要的是非常细心，发quiz试卷的时候会把所有人的卷子都背面朝上，根据序号发，这样自己的分数不会被别人看到，每次作文也会批改得非常仔细～讲课一点也不含糊，课本语言点都讲到，还会有拓展，会精心准备练听力的视频。感觉上她的课就是潜移默化地提高了口语水平，喜欢她的课～\n\n讨厌大英事情多的，怎么不直接申请免听呢？反正如果只追求期末考卷的分数，那自己背单词短语也行啊
27491,2133,朱晨晨,2016-06-26 13:57:56,54,66,12,老师人挺好的好吗，事越多收获越多。想水的就别选了。
27540,2133,朱晨晨,2016-06-28 13:50:28,2,7,5,（╯‵□′）╯︵┴─┴
27591,2133,朱晨晨,2016-06-27 04:37:05,0,3,3,老师真的很有气质，虽然说事情有点多给分可能也不是很好，但是一学期下来还是能学到挺多的，尤其是口语方面
27602,2133,朱晨晨,2016-06-27 04:45:32,-7,6,13,给分低加上要求高，事情特别多，选了就后悔
27616,2133,朱晨晨,2016-06-27 05:08:56,3,9,6,给分好低
27631,2133,朱晨晨,2016-06-27 05:51:34,-3,12,15,全是pre，各种pre，展示狂魔拖课狂魔，完了分还特低。。。
27635,2133,朱晨晨,2016-06-27 05:57:11,-8,8,16,mdzz...预制了赶快退 不然你浙大最低分就可能是这里出来的了...
27658,2133,朱晨晨,2016-06-27 07:14:43,16,23,7,一开始觉得事情多，小组展示很多还要经常写作文。不过一个学期上下来觉得还是提高了很多，现在作文六七百字随便写写，考试作文完全不虚。但还是觉得小组展示多了点，建议少一些。平时会有拓展，还会给我们推荐一些公开课，英语真人秀之类的。发邮件问问题老师也会回得很详细。\n\n\n\n讲道理，这次大英四卷面普遍都很低，所以其实大英四普遍绩点都比较低。还是看个人水平吧，我觉得。
27755,2133,朱晨晨,2016-06-27 11:21:40,-4,5,9,无语。
27789,2133,朱晨晨,2016-06-27 14:29:57,-5,6,11,在展示时还会打断别人，事多分低
27794,2133,朱晨晨,2016-06-27 14:59:48,0,7,7,太好了，太好了。
27881,2133,朱晨晨,2016-06-28 02:53:08,3,10,7,唔 不说什么了，其他人的评价已经够多了。。成绩很低。。
28071,2133,朱晨晨,2016-06-28 08:04:07,-1,4,5,老师人很温柔讲课也很认真，上她的课其实可以学到很多东西。虽然听到一个单元展示一次的时候被吓到了，不过其实展示完了之后也还好，就是不知道平时分是怎么算的，我觉得我卷面也没考成那样啊qaq不过大英四普遍都低也不要怪老师了
29088,2133,朱晨晨,2016-06-29 08:26:50,-1,4,5,其实还好吧，难道大家都是想水大英课？
30214,2133,朱晨晨,2016-07-01 05:41:55,-5,4,9,超级大绩杀 真的 她觉得口试背诵平时分就不应该给满分 这老师自己有自己的想法 不跟其他老师一样给分好一点大家都开心
32958,2133,朱晨晨,2016-08-22 18:28:11,0,2,2,很认真负责很温柔。想学东西的选，好好学给分挺好。\n\n
33622,2133,朱晨晨,2016-09-20 11:08:53,-5,3,8,事多，烦，遇到她赶紧换老师
33978,2133,朱晨晨,2017-01-13 13:18:04,3,5,2,老师人挺好的，对学生很温和
34121,2133,朱晨晨,2016-09-27 06:40:48,-7,2,9,挺认真的 就是有点装伦敦腔...
34267,2133,朱晨晨,2016-09-29 10:24:47,47,56,9,老师真的很好，虽然事情确实比较多，可是她真的很认真，一段一段自己剪视频，认真的老师都值得被尊重
34366,2133,朱晨晨,2016-10-08 02:06:42,0,0,0,任务多，不过蛮好的。
34492,2133,朱晨晨,2016-10-12 02:51:56,-6,3,9,受不了了作业挺多而且给自娱自乐慎选 真的  上课学不到什么东西感觉
34518,2133,朱晨晨,2016-10-12 10:40:52,0,1,1,有压力，不过老师特好！又漂亮！\n\n
34620,2133,朱晨晨,2016-10-15 12:40:31,-1,3,4,这老师事情超多，又要小组展示还要个人展示，作文也很多，给分还不好，老师还会比较偏袒自己喜欢的学生，一点都不好，就是一个坑
36018,2133,朱晨晨,2017-02-24 05:21:10,4,7,3,挺好的\n\n很认真\n\n每次都带着我们复习\n\n给分合理
39552,2133,朱晨晨,2016-12-24 10:26:29,3,4,1,给分什么的我不知道 事和pre不多啊 总之一个可爱的老师who always said 'wow， i love this lovely word.'
40170,2133,朱晨晨,2017-01-14 09:48:12,4,9,5,老师人又温柔，给分也很好啊。平时分蛮好的。上课会鼓励你，会发现你的优点。口音很赞，上课模式也很赞。虽然平时有作业，有pre，但是很提升个人能力的。大爱老师啊。比心。
40361,2133,朱晨晨,2017-01-03 05:12:21,0,1,1,人美，心善，很负责
41346,2133,朱晨晨,2017-01-11 02:31:20,4,8,4,非常好的美女老师！在上课本之外还有很多的拓展，非常有利于开阔眼界！没有听写，平常的练习也不算进成绩。pre做的无论好不好都会鼓励你。老师平时在课下也会和学生有很多互动，有什么事情麻烦她她也会很乐意帮忙。总之，很好的老师，毫不犹豫给10分！
41998,2133,朱晨晨,2017-01-13 11:27:25,6,8,2,老师教得好，只是绩点这东西真的看自己水平吧，水平高了，老师自然给你高分
42308,2133,朱晨晨,2017-01-14 04:07:17,0,2,2,老师人很好，美丽温柔，学到很多
42315,2133,朱晨晨,2017-01-14 04:18:56,0,2,2,老师超美
42433,2133,朱晨晨,2017-01-14 08:08:09,40,44,4,老师很美，也很负责，上课能真正学到东西，给分也很好，下学期还选了老师的课，是很好的朋友✌?
42445,2133,朱晨晨,2017-01-14 08:34:29,4,6,2,给分很不错，虽然作文和展示多但很值得
42470,2133,朱晨晨,2017-01-14 09:17:08,0,2,2,老师人超好，交齐功课就能合格
42495,2133,朱晨晨,2017-01-14 09:41:45,-1,3,4,课倒还行，没什么感觉，就是。真的是个绩杀。是我辣鸡。各位启真湖底见
42497,2133,朱晨晨,2017-01-14 09:44:55,-8,3,11,能學到點東西，就是給分神他媽低，而且事情特別多。
42571,2133,朱晨晨,2017-01-14 13:14:19,0,1,1,认真学 老师教的不错的
43288,2133,朱晨晨,2017-01-16 05:26:23,7,12,5,人超美、超好的，一次生病请假回来上课老师送了一个增强抵抗力的VC泡腾片，新年的时候还发礼物！英语也超赞！！
44369,2133,朱晨晨,2017-01-17 16:15:11,3,5,2,给分低。
45233,2133,朱晨晨,2017-01-19 07:50:18,4,7,3,老师真的很认真啊，真的很认真，内容很丰富，对学生也很关心啊。至于分数还是一分耕耘一分收获。\n\n另外我发票圈说我去跳湖，老师还以为我真的去跳湖，给我打电话。老师真的很关心学生啊。
48151,2133,朱晨晨,2017-03-01 02:46:17,4,5,1,好老师，今年英美报刊选读也选了她的。上课是only English的，事情也确实多，跟锻炼人能力。推荐想在这门课上花时间提高的同学选。如果无心或者没时间的话，不推荐选。给9分吧，接近心目中满分的老师了。
49060,2133,朱晨晨,2017-03-23 01:55:27,0,1,1,老师确实有小组展示和个人展示，作文也有点多。但是还是很有收获，而且老师人很温柔，上课还是很努力在调动气氛！给分好啊，至少我是这样认为的！
49617,2133,朱晨晨,2017-04-20 11:58:00,5,7,2,想水的别来。\n\n多好的老师啊！
52861,2133,朱晨晨,2017-06-23 08:13:49,2,3,1,补分\n\n老师很温柔，很认真，很仔细\n\n认真上课的人老师都会给好的分\n\n就是老师上课有时候有点乱，全程英语，一走神可能就……
55226,2133,朱晨晨,2017-07-01 04:37:05,0,1,1,不错的
57447,2133,朱晨晨,2017-07-08 01:45:48,0,1,1,老师人很好
59446,2133,朱晨晨,2017-09-21 11:56:43,0,1,1,老师女神
59845,2133,朱晨晨,2017-10-12 13:38:30,0,3,3,1.老师很好看\n\n2.口语超好听\n\n3.人很温柔\n\n4.课程内容丰富，任务量有时候会挺大的
60238,2133,朱晨晨,2017-10-15 08:57:39,0,2,2,报刊选读，任务很重，但真的学到了很多很多东西，一学期上下来视野开阔了很多，最后的得分也很好
60714,2133,朱晨晨,2017-10-27 12:07:26,5,8,3,老师人美声甜，非常温柔，不会为难人，那些说事多的到底懒到什么程度？如果真的认真做的话每次作业都不会花太久，只是看上去多罢了，你要是不做会有人拦着你吗，老师非常负责，可以真的学到东西.
61469,2133,朱晨晨,2017-11-17 12:51:26,7,10,3,老师很温柔很宽容，对我们很好，每次课堂上没有人回应时都觉得心疼老师。。。漂亮，气质好
64061,2133,朱晨晨,2017-12-21 00:05:22,0,0,0,最美最温柔最棒的英语老师。刚刚发了Christmas gift.love u Nancy
64143,2133,朱晨晨,2017-12-21 05:40:45,0,1,1,老师超级棒，会变通，很体贴，超级棒超级棒超级棒超级棒
64152,2133,朱晨晨,2017-12-21 06:11:50,3,4,1,老师超级温柔，圣诞还发小礼品
64153,2133,朱晨晨,2017-12-21 06:12:20,6,8,2,刚收到老师送的圣诞礼物，虽然平常活动比较多但是我自己水啊老师超温柔的，也很细心。10分
64154,2133,朱晨晨,2017-12-21 06:13:24,3,4,1,一学期拿了两次礼物
64158,2133,朱晨晨,2017-12-21 06:24:39,0,1,1,超超超喜欢Nancy！评论说事情多其实我也没觉得啊…写写作文做做展示什么的也不费劲啊。反正上Nancy的课是很不错的体验，老师长得漂亮还很温柔，口语纯正，喜欢！
64330,2133,朱晨晨,2017-12-22 12:53:39,0,1,1,很真诚的一位老师，思维开阔，眼界独特，只是上课有点尬
64405,2133,朱晨晨,2017-12-23 08:19:38,-1,0,1,收获很大
64410,2133,朱晨晨,2017-12-23 09:55:59,0,2,2,老师真美哈哈！课也好哦真的推荐
64904,2133,朱晨晨,2018-01-23 05:43:31,6,8,2,老师人真的太好了，给分也特别好，很温柔，选上她的课真的很幸福。既然注定我大英4元不上她，为什么要给我预制她的大英3呢TUT
66074,2133,朱晨晨,2018-01-11 10:04:03,0,6,6,拖课狂魔朱晨晨\n\n
66158,2133,朱晨晨,2018-01-12 08:03:35,12,15,3,老师真的超级棒\n\n很温柔很耐心 总是鼓励我们\n\n圣诞节送每人两块姜饼，还嘱咐我们一块留给自己，一块送给朋友，好暖的说\n\n总之很贴心超nice
66260,2133,朱晨晨,2018-01-14 08:43:01,-2,0,2,老师超漂亮、超有气质。在艺术方面的品味也很好。展示虽然多但是口语能力确实提升了很多。
66381,2133,朱晨晨,2018-01-15 13:58:12,4,7,3,朱老师真的好温柔好有气质好美啊！！！真的很喜欢她，口语很舒服，然后上课干货多，可以拓展知识面。要做的事情的话，个人展示是自主报名的，此外有一篇期中论文，一次小组展示，每周会发几篇新闻读（期末会考的）（有点长，词汇量也有点大，但是很能提高词汇量和阅读能力），不管分数如何，很喜欢她！推荐选！
66725,2133,朱晨晨,2018-01-18 14:12:44,21,28,7,老师长得甜美，有点像奶茶妹妹。声音也很甜美。老师非常温柔，始终给大家鼓励，尊重每个同学的想法和努力，会考虑每个同学的感受。课堂气氛确实不是非常活跃，不过在课堂中可以有很多英语内容的拓展，以多种形式学习英语。事情确实不少，但大多都是自己选择参与或不参与的，取决于自己的态度，而且个人觉得有时间的话多多参与也是好的体验。本来等着出绩点再来打分，但是今天自己和一些同学考卷忘记填forma/b，老师这么晚了还帮我们挨个检查，真的感动，忍不住先来打个10分。绩点如何其实也并不能影响我对于老师的评价，而且大学除了绩点真的还有太多东西。很感激邂逅了朱老师的课堂，期待之后有缘还能再相遇……
66884,2133,朱晨晨,2018-01-19 08:21:12,0,1,1,老师很温柔很漂亮，信任学生很负责，不会逼学生去做什么，事情确实多，但一点点做下来也很好，很有收获，不水过去会有很大的提高。大英的绩点，老师平时能给你的尽量都给了，自己考试考不好怪谁？
67039,2133,朱晨晨,2018-01-20 06:23:28,4,6,2,女神老师！对学生特别好，对每一个同学都很照顾，课堂轻松活跃，没有过多的作业。还过了一次圣诞节? 。
67481,2133,朱晨晨,2018-01-21 09:54:51,6,8,2,分数还没有出来，所有会比较公正。老师上课会用自己剪辑的视频，一些歌曲，可能有的人会觉得上课好像都没有讲什么知识，但是只要你跟着老师的节奏会有收获的。老师人很好，虽然可能平时事是多一点，但是任务也可以准备的很有趣啊(我们小组展示还在台上合唱一首歌，老师高兴的给我们拍照)圣诞节还开了一个party。会拖堂，一般是因为讲着讲着就忘了，但是有的人的展示还没有做，只好拖堂，不过还好。最后，老师很漂亮，很温柔。绩点什么的，看天命。
68196,2133,朱晨晨,2018-01-22 21:58:34,-15,4,19,满绩啦！谢谢老师师生情！\n\n
68211,2133,朱晨晨,2018-01-22 23:59:42,6,8,2,女神老师人超好，之前quiz睡过了还帮我想办法。课上超好玩，还有圣诞趴\n\n这学期没好好学绩点低了，下学期还上老师的大英四一定重新做人
68222,2133,朱晨晨,2018-01-23 00:40:33,7,9,2,上的大英三，真的真的很喜欢这个老师，人漂亮温柔，上的东西很有意思，圣诞节会发姜饼玩游戏，作业也没有评论说的这么多，好老师。（助教小姐姐真的炒鸡好看
68226,2133,朱晨晨,2018-01-23 01:12:48,20,27,7,不要被下面评论区给误导，老师事多其实并不存在，特别是冬学期，还会有许多暖心的活动~老师的口语水平很棒，即使得分不是很高也毫无怨言，这就是老师的魅力所在吧。绩点没上四怪我太水，选上了老师的大英四，一定重新做人!
68255,2133,朱晨晨,2018-01-23 01:38:14,4,6,2,老师很温柔，上课很认真，但我英语水平太差，不适合老师的风格TAT，很喜欢Nancy
68372,2133,朱晨晨,2018-01-23 05:29:08,0,3,3,老师真的很认真，每节课都会认真备课。给分确实不是很好，但是自己这学期也很水，怪自己吧。不过大英课真的学不到什么，主要靠自己。
68828,2133,朱晨晨,2018-01-24 02:47:28,0,2,2,超级好超级好超级好。平时能学到很多，而且老师好看啊！温柔有耐心。好好学绩点不会差的。
68924,2133,朱晨晨,2018-01-24 06:11:24,1,9,8,我觉得上Nancy的课最大的收获就是真的觉得英语是一门语言，而不是一门学科，虽然我是很晚很晚到了期末才突然领悟到这一点T^T我觉得这比知识本身重要的多了吧，毕竟学习永远都是自己的事，等着老师来教的人永远也不会成为一个主动学习者。Nancy一直让我们多阅读，告诉我们课本里的文章要去阅读，甚至还告诉我们她喜欢哪篇文章。我觉得这才是学英语的真谛吧，毕竟我们不就是这么学中文的嘛？一直锻炼我们的听力和口语表达，因为这在其他时间是很难锻炼到的。至于分数，只能说一分耕耘一分收获，好好背单词读课文考试什么真的不会差！英三满了，表白女神！
70511,2133,朱晨晨,2018-01-26 23:48:05,0,2,2,真的能学到很多!
71304,2133,朱晨晨,2018-01-28 09:14:43,0,1,1,老师真的超好，虽然我没考好呜呜呜     ～(>_<)~不过还是谢谢老师。真的特别棒。分数什么的……还得靠自己，毕竟自己渣的话老师也不能强行提分不是?╮(╯▽╰)╭
73050,2133,朱晨晨,2018-01-31 18:19:53,0,1,1,气质超棒，像是用自己的生活讲英语
74689,2133,朱晨晨,2018-03-05 06:04:18,0,0,0,老师人很美，课上的很棒。
74821,2133,朱晨晨,2018-03-06 04:32:07,0,0,0,老师真的很温柔 超赞的老师
74866,2133,朱晨晨,2018-03-06 07:05:03,0,1,1,很棒的老师
75155,2133,朱晨晨,2018-03-07 14:46:39,0,1,1,呵呵哈哈哈哈哈哈哈哈哈哈哈哈哈哈，老师好美。呵呵哈哈哈哈哈哈哈哈哈哈哈哈哈哈。
75513,2133,朱晨晨,2018-03-13 01:39:56,7,8,1,老师人真的很优雅！会带我们做很多有意思的活动！课后作业有挑战性，但是是有选择地。就是最终给分有一点点迷。班里第四，4.2。。
76327,2133,朱晨晨,2018-04-03 05:42:00,2,3,1,老师女神不解释！！！
78988,2133,朱晨晨,2018-05-19 05:38:06,2,4,2,ok，very good.emmm...
79016,2133,朱晨晨,2018-05-21 00:37:55,0,4,4,英语基础差的同学慎选
79341,2133,朱晨晨,2018-05-31 07:28:48,15,16,1,大英4~\n\nNancy真的超级棒的呀，浙大最温柔美丽的老师了(◦˙▽˙◦)课后事情一点都不多，大部分布置的作业都是optional的，每个人只要求一次presentation而且听的很认真会提出很有用的意见。上课从来不照本宣科，会充分准备并尽力让课堂更加有趣л̵ʱªʱªʱª (ᕑᗢᓫา∗)˒真的很喜欢晨晨老师，之前从来不写评论但是这真的是个好老师。不说了我准备下学期选其他Nancy的课了~
79708,2133,朱晨晨,2018-06-13 02:46:17,2,3,1,很轻松
79789,2133,朱晨晨,2018-06-13 14:24:09,2,3,1,人美，温柔，要读很多资料，老师每次都试图启发大家从一个角度有自己的思考，很喜欢。
79866,2133,朱晨晨,2018-06-14 13:58:26,5,8,3,博学，有思考、情怀的老师。课堂用各种形式激发兴趣。学到的不仅是英语，更多的是各种各样的知识和思考。老师真的非常温柔，对待生活的态度值得我们学习。
80456,2133,朱晨晨,2018-06-26 16:58:05,4,5,1,女神我爱你
80958,2133,朱晨晨,2018-07-03 04:14:06,0,1,1,超级喜欢晨晨\n\n自带一种独特的气质
81321,2133,朱晨晨,2018-07-04 16:36:52,0,1,1,老师真的很好！超级为同学考虑，也有浓浓师生情！而且炒鸡好看der！
81322,2133,朱晨晨,2018-07-04 16:55:30,0,1,1,还不错
81333,2133,朱晨晨,2018-07-04 22:40:36,0,1,1,大英四很认真的学了一整学期啦嘤嘤嘤 最后3.6 不过已经比我的大英三高很多了em 老师人好看 性格也好的
81336,2133,朱晨晨,2018-07-04 23:25:56,0,1,1,hh我是某热评（欧凯吧其实赞也不是很多hh）说大英四重新做人那只~现在过来还愿。上学期觉得老师很女神，这学期莫名开始觉得呆萌。
81372,2133,朱晨晨,2018-07-05 02:30:36,0,6,6,给分很差……可以对比其他老师均绩，她的大英三和大英四均绩都是最低的。我上她的大英四，小测作文都比大英三高，绩点却低了0.6(况且我大英三的老师给分也一般)…即使大英四难一点我也不至于期末比大英三少考十几分吧？不过老师人很好很温柔，课上的也挺好(虽然我不怎么听)，以至于她给分这么差我也给了她9分哈哈哈哈
81380,2133,朱晨晨,2018-07-05 02:57:44,0,1,1,讲课挺好的
81383,2133,朱晨晨,2018-07-05 03:04:51,2,3,1,老师很好！！！！
81384,2133,朱晨晨,2018-07-05 03:07:30,0,1,1,很棒很棒
81391,2133,朱晨晨,2018-07-05 03:20:55,6,8,2,选了两学期Nancy的大英课，老师不怎么刻意讲语法讲课文，她主要是与我们分享一些有趣的东西，穿插着讲一些新词汇，是我很喜欢的风格。不过主要还是靠自学啦，给分挺好哒！Btw，Nancy 真的超温柔超可爱超好看呐～
81437,2133,朱晨晨,2018-07-05 05:40:04,5,5,0,老师真的非常好 平时会强迫我们去说（不见得每个人都会主动说）而且最后是真的真的不调分的 所以要好好学啊！一定要好好学！不能水！分数和实力成正比 但是总体不会高的哈
81569,2133,朱晨晨,2018-07-05 12:21:15,3,4,1,女神，声音超好听(ง •̀_•́)ง
82220,2133,朱晨晨,2018-07-07 12:54:14,1,3,2,你上课是为了考试的，那就别听了\n\n上课是为了学英语的，那就听听吧\n\n考试靠自己背单词吧，这是什么老师都改变不了的
82890,2133,朱晨晨,2018-07-09 09:15:00,0,1,1,英美报刊选读，老师每周会自己做ppt更新实事，真的很棒，虽然讲的很多东西大家不太清楚会冷场，但是老师很用心地让大家学到东西，一些小活动小礼物也很棒~
83603,2133,朱晨晨,2018-07-10 22:48:32,1,3,2,作为Nancy的小班长，真的好喜欢老师啊，老师好漂亮，人又温柔，试卷和作文都是发到个人手里的。表白Nancy(๑ºั╰╯ºั๑)
85524,2133,朱晨晨,2018-07-19 03:13:40,2,3,1,虽然有时候老师带节奏有点带不动。\n\n但是我还是很喜欢老师的课的。\n\n朱晚晚，名字超级有爱吧。
86740,2133,朱晨晨,2018-09-18 08:26:45,-4,3,7,第一天上课，颜值没有想象的高，但是讲课真的挺赞的
88435,2133,朱晨晨,2018-10-31 02:37:06,2,3,1,老师作业不多(间接让我懒得背单词...)\n\n重点是万圣节会发糖果~
88492,2133,朱晨晨,2018-10-31 09:15:53,0,0,0,666
91687,2133,朱晨晨,2018-12-18 02:37:41,0,2,2,老师是学american politics的，然后也比较喜欢文化艺术方面的东西......人也很热心。只是我可能希望老师在上课的时候少讲一些opinions，to deliver only the facts.
91959,2133,朱晨晨,2018-12-25 06:18:08,5,6,1,超级好，还有小礼物，测试还有加分，超级好，超级好，超级好。
92292,2133,朱晨晨,2018-12-27 13:33:25,4,6,2,谁说老师不好和你急好吧，要不是预置课表冲了，签条子我也要选老师的大英四。老师最开始就说大学不止GPA，上课希望大家开心，作业从来不强制要求你写（当然，不写你是学不好的）。节日还会给每个学生准备礼物。大英还是很靠自己的，老师够负责了的，觉得开始对我们太松了，后面就开始注重讲课本了啊。给她发邮件必回。和姐姐一样，能感受到老师的爱（对，我就迷弟了，咋滴）。每次考试前都会和你讲考试的注意事项，四级前还发文章给我们读，怕我们直接写作文没手感。
92346,2133,朱晨晨,2018-12-28 02:29:49,4,12,8,不知道热评的是什么大佬，老师口语确实很好，但全英文讲课还没什么条理，基础差的尤其是我这种来自无听力省份的渣渣考虑一下退课吧。老师会放视频，给大家发糖什么的确实很好，考前也会鼓励大家。但是，但是，但是，虽说大英绩点基本全靠自己，但真的要说求大家看看别的老师的均绩，不要因为人美温柔（真话）什么的就盲目推荐啊，均绩比其他老师低了0.6是个什么概念，学弟学妹们自己衡量一下。满绩大佬请无视。
92490,2133,朱晨晨,2018-12-31 05:50:25,2,3,1,\n\n很温馨\n\n
93122,2133,朱晨晨,2019-01-07 11:55:40,11,12,1,真的是女神，人美发音好听性格温柔，万圣节和圣诞节都会给我们准备礼物，圣诞的活动真的很用心地准备，讲课也很有趣，presentaion每人只会轮到一次，也很少布置作业，事情真的不多的，强推啊
93987,2133,朱晨晨,2019-01-14 15:10:03,5,5,0,老师人美口语好，还有小礼物，作业不多，是最幸福的大英课了
95118,2133,朱晨晨,2019-01-19 00:29:11,1,1,0,我也是来自无听力省份的，发邮件问老师怎么提升听力，给了我很多的建议。从第三四节开始，我就能听懂老师讲的话了。所以那个说自己没搞过听力的，还是自己多努力吧。（说不定还是老乡？）另外，老师很不错哦～
95191,2133,朱晨晨,2019-01-19 04:28:53,15,18,3,我的绩点很低，但是我自己渣渣，老师是个好老师，认真负责，尊重学生，很好了? ? ? ?
95197,2133,朱晨晨,2019-07-01 13:40:29,-32,3,35,真垃圾
95220,2133,朱晨晨,2019-01-19 05:13:59,4,5,1,老师真的超级温柔，人也好看，每一节课都有新鲜的东西可以了解到，事情也不多，还会送我们新年礼物，糖果真的很甜，如果不是因为我自己不认真，是我自己水课太严重，单词也没背就去裸考。如果不是因为不好意思再见老师，我就大英四也选朱晨晨老师了。老师就是我女神，我爱她啊啊啊啊啊啊，怎么会有这么温柔的人呢？每节课都能看很多有意思的视频，也开拓了我的视野，顺便在此向老师说一声抱歉，如果再给我一次机会，我一定好好学习
95260,2133,朱晨晨,2019-01-19 06:01:13,5,5,0,记得老师精美的万圣节和圣诞节礼品，真的特别感动，人很温柔，上课全英语教学，口语标准，是不可多得的好老师，绩点给的也很高，超过预期
95312,2133,朱晨晨,2019-01-19 07:51:30,1,1,0,很温柔很有气质的老师！上课会分享很多事物，很有趣！给分还行8
95325,2133,朱晨晨,2019-01-19 08:15:05,3,3,0,朱老师人超级棒！！！最后居然记住了我的名字，激动⊙∀⊙！出分了才过来评论，英语弱鸡最后绩点也不算太差。平时作业之类的好好做，小组展示积极参加，考前一定要把书上单词背一背，大英成绩不会太差的～老师在万圣节还给全班同学准备了礼物，比心～
95355,2133,朱晨晨,2019-01-19 08:53:09,1,1,0,虽然我绩点低..但是老师平时分给的不错了..而且老师十分温柔，过节还会送小礼物? 非常喜欢老师的课。
96826,2133,朱晨晨,2019-01-21 10:17:54,1,1,0,人特别好的老师～作业很少。怪我没有好好学英语，所以绩点不高emmm
97606,2133,朱晨晨,2019-01-22 11:57:48,0,0,0,快乐鸭
98010,2133,朱晨晨,2019-01-23 03:47:57,3,4,1,女神！！温柔善良可爱体贴！！！有作业当时因为自己的原因错过ddl没有在网上提交批改，老师在期末算成绩的时候发消息让我补交一下以免没有这项成绩，还让我放心好好复习就行～ 幸运幸运，可能我的大英水平如果不是这个老师的话就已经挂了。长得也是真的好看，气质+颜值！
98630,2133,朱晨晨,2019-01-23 16:18:09,11,11,0,去年的同学突然想起来补评。后来信了查老师的分数，选了某高分大英老师，虽然也是个负责且好水平的老师，但是语音和气质上，生活的态度上我常常还会怀念晨晨的大英课。最重要的事情就是，晨晨老师其实是个很有境界很有视野的老师，但她却是那么平易近人温柔又好相处。
98773,2133,朱晨晨,2019-01-25 16:00:42,-6,2,8,给分真的很坑
102063,2133,朱晨晨,2019-01-30 08:45:53,3,3,0,很棒的老师，上课从不枯燥地讲课文，经常给会我们放视频或者拓展知识。另外，声音也是超赞的！
105701,2133,朱晨晨,2019-04-18 15:22:58,1,1,0,老师真的绝美啊～记得吃早饭，那次真的吓着我们了～每次来上大英看到老师绝美的侧颜真的为之倾倒。
105786,2133,朱晨晨,2019-04-20 13:21:53,0,1,1,过去快两年了，我还是十分怀念老师的课
107255,2133,朱晨晨,2019-05-02 16:40:41,2,2,0,哎呀老师终于上⑨啦这才合理嘛
111096,2133,朱晨晨,2019-06-29 15:20:50,1,1,0,跟着老师上了大英三和大英四，老师真的超级好！！！平时作业不多，一次个人展示以及一些练习，和我室友相比已经少很多了。有事不能来上课不需要请假条说一声就可以（甚至不说也可以）。不是唯成绩论，更多的是会教给你很多道理（太喜欢上男女平等那一章了）。大英成绩老师尽最大努力给大家提分，但是大英成绩太死了很难改。很包容，很温柔，而且老师超漂亮的呀！！！非常喜欢Nancy了！
111307,2133,朱晨晨,2019-07-01 01:57:54,3,3,0,放假后大英书背回家准备补考，结果过了，不打10分对不起老师
111404,2133,朱晨晨,2019-07-01 07:34:26,0,1,1,老师好温柔好漂亮呜呜呜真的人特别好！！可我大英就是不行嘛呜呜呜呜呜但是老师真的超棒的！展示什么的都是optional
111759,2133,朱晨晨,2019-07-02 19:19:53,0,1,1,事情少，给分好，为人温柔，课堂有趣(还认真地给我随便水的作文写了好长的评语555~)
112547,2133,朱晨晨,2019-07-04 17:27:48,4,4,0,我太喜欢nancy了！！！人美心善给分好！！！我之前上过两次别的英语课 给我留下了很大的打击和阴影 但是英美报刊也太好了 上课有意思事情也不多 老师气质好又温柔 给分看上去也像是努力捞过我 呜呜呜 还想选nancy的课 可惜英语学分满了 而且要搬校区了qwq
112583,2133,朱晨晨,2019-07-04 18:47:30,1,1,0,出分了来评论～老师给分真的优秀，本以为自己期末考的很差，竟然还上了4。老师真的是女神呀～
112705,2133,朱晨晨,2019-07-05 00:52:16,3,3,0,老师真是人美心善（＾∇＾）英美报刊能学到很多，督促我们关注时事，挖掘新闻背后的内涵，学会自己评论。课堂任务不多，2个展示，期中一篇新闻评论1000字左右，课上会有讨论和辩论，发言有加分。最后期末考也不难，是平时的阅读材料里的内容。总之老师?辣！
114561,2133,朱晨晨,2019-07-10 16:54:42,3,3,0,老师人好又有气质，讲课的时候总能生动地交流，幽默又贴心。事情也不多，而且很能捞人。
114690,2133,朱晨晨,2019-07-11 04:02:35,5,5,0,可能我直到毕业都不会遇到比Nancy更好的老师了
120505,2133,朱晨晨,2020-01-11 17:22:07,4,4,0,超级好的老师，非常温柔！任务也不多，虽然作文都往后布置，弄得略密集了。总之就是非常好，可惜时间冲突不能选她的大英四了。
120868,2133,朱晨晨,2020-01-18 00:29:14,3,3,0,老师人很美呐，声音好好听，很温柔，很有气质~圣诞节给我们发姜饼好贴心！经常给我们分享她喜欢的书音乐电影。除了presentation和作文的必做的，其他都是optional，事情真挺少的。不过随后卡绩了难过。。
121107,2133,朱晨晨,2020-01-19 15:22:06,1,1,0,老师超好看！课上活动很多，会看视频，偶尔也会有辩论，经常会讨论一些富有思辨性的话题。一个学期下来大概能够用口语表达自己的观点了。课后除作文以外不留书面作业，都是观影之类的内容。pre也只有1次。个人觉得大英更多的是靠自己背单词练听力的毅力，老师更多的是让你爱上英语。这一点上，Nancy真的是难得的好老师！
122502,2133,朱晨晨,2020-03-02 12:32:51,6,7,1,最好的老师没有之一！超级漂亮！上课有趣！圣诞节发饼干！经常放电影！给分还好！平时分给了39，大英三4.8，还和我说说You can't deserve less.不能上她的大英四只是太遗憾了
125849,2133,朱晨晨,2020-09-15 01:23:39,-23,4,27,上课很尬
128076,2133,朱晨晨,2020-12-06 13:50:54,6,6,0,事情多吗？热爱英语怎么能用事多事少来衡量呢？这是我最喜欢的老师了。超级感动。
129205,2133,朱晨晨,2020-12-31 07:26:16,3,4,1,人美心善！来浙大遇见的第一个女神！太爱她了！！回答不出问题也很友善圆场，暖心又有能力的女神啊！太喜欢她的课了！！
129824,2133,朱晨晨,2021-01-12 16:00:55,3,3,0,老师非常好，虽然事情比较多，但真的学到很多。
130163,2133,朱晨晨,2021-01-18 09:03:54,3,3,0,晨晨老师真的好棒啊，今天结课了给每个人发了两个小馅饼（太有爱了，课上认真听真的能学到很多，可惜大英四时间冲突了，没选上
130242,2133,朱晨晨,2021-01-20 03:04:59,3,3,0,针不戳
130967,2133,朱晨晨,2021-01-25 12:18:41,3,3,0,朱老师讲课真的很温柔，对学生很好，爱了爱了
131013,2133,朱晨晨,2021-01-25 14:28:17,5,5,0,朱老师真的是女神中的女神！虽然被卡绩但是还是不后悔继续选她的大英四！
133371,2133,朱晨晨,2021-02-26 11:14:47,4,4,0,唉过了一年了，再给女神刷个十分
136765,2133,朱晨晨,2021-06-24 06:47:20,7,7,0,好喜欢老师的三观，也好喜欢老师的温柔，十分～
137319,2133,朱晨晨,2021-07-03 07:05:04,6,6,0,棒了啦\n\n图一个人美声甜
137338,2133,朱晨晨,2021-07-03 09:21:22,4,4,0,怎么会没有缺点全是优点啊！！！\n\nCarpe Diem!
140801,2133,朱晨晨,2021-09-16 07:43:51,1,1,0,女神啊
143660,2133,朱晨晨,2021-11-30 14:44:31,9,10,1,不太喜欢这个老师，可能我水平太差，她上课上的我提心吊胆的
146154,2133,朱晨晨,2022-01-05 14:57:05,2,2,0,很棒的老师，上课气氛很活跃，课后作业也不多，就是展示太多了，但这只怪我太菜了。
151863,2133,朱晨晨,2022-03-18 07:07:46,7,9,2,本科毕业两年的老学姐来给nancy补上应该属于她的10分满分。当年大英三和大英四都上的是nancy的课，毫不夸张地说nancy是我人生道路上一位十分重要的导师和引路人，上她的课让我的英语水平直线上升，而且是她让我学会思考很多关于人生的道理。这是一个能记住所有学生名字，并且温柔对待每一个人的好老师，她送给我的书我到现在还留着。毕业五年了，我还是觉得nancy是我的一位好朋友，虽然不再联系，但依然能给我勇气和自信去做自己想做的事，我喜欢她对人生的态度，我想我会一直以她为榜样。
155087,2133,朱晨晨,2022-06-08 06:32:39,1,2,1,老师人还行，但是英美报刊选读这门课我劝大家快逃，纯纯有毛病，写不完的作业做不完的小组pre，期末考试除了一堆客观题还有至少500+但老师说觉得要写到7、800的作文
155405,2133,朱晨晨,2022-06-12 08:18:31,0,0,0,....
155486,2133,朱晨晨,2022-06-13 13:16:50,6,9,3,朱老师人很温柔，上课也很不错。\n\n就是课程难度太大了，平时上课就没咋听懂，期末考试难度个人觉得已经超过六级了（我刚考过六级，六级的阅读还是能看得懂的，这次考试四篇阅读只有一篇知道大致意思，我太菜了。。），最后一题甚至要写不少于500词的新闻概括与评论。。建议英语不好的同学慎选
155707,2133,朱晨晨,2022-06-25 10:28:06,-4,6,10,大英四两次小测班级第一，第二次全班唯一过50，口试9，作文没低于过12，最后绩点没过4，40分的表现分，老师手里还能捏着5分课堂表现分，课堂小组PK前三就能加1分，大概可以理解为人均初始表现分为3，我就好奇，我为什么脑抽选了她的课
157600,2133,朱晨晨,2022-06-24 02:28:35,0,2,2,#英美报刊\n\n课程难度有点大，作业量也有点多，但是比大英学到的东西几倍不止。Nancy真的是很好的老师，一位温润如玉的学者，对每一位同学都很好很关心。她也许不看重你考试能考多少分（我500词作文只写了200不到最后4.5），而更看重你的课堂参与和对问题的思考。我感觉一学期下来真的开拓了眼界，感受到语言课的魅力，英语课定位不是水课，就很难指望能水水考高拿好绩点。能学到东西，学会思考才是大学课程的重要意义之一。总之我觉得上了不亏。
161390,2133,朱晨晨,2022-11-05 18:51:52,1,1,0,老师超美超温柔～～去年上的大英三已经有点忘记了，好像只有一次个人展示吧，感觉事情不是特别多。大英绩点主要还是看小测和期末考试的啦
165004,2133,朱晨晨,2022-12-28 09:28:25,1,5,4,嘲笑别人的英语口音真的很不礼貌
167851,2133,朱晨晨,2023-01-19 13:07:18,5,6,1,上学期的大英四忘记评了，来补上(*^▽^*)两次小测发挥稳定，没有特别高但是应该班级前十左右，口语9.5，课堂展示前三有加分但是我们组没发挥好过所以没这个分，四次作文分基本12-14，期末考不知道，最后总评4.8，想表达的是如果自己发挥正常，绝对不用担心老师的给分@楼上某位同学，质疑老师还不如反省一下自己是不是期末考砸了。很喜欢晨晨老师的课，上课一直都是笑着的，跟同学讲话的时候超级温柔，在群里说话语气也超级可爱。给晨晨老师打call！！！
174927,2133,朱晨晨,2023-06-20 02:28:49,2,4,2,2023留言。优点：事少。缺点：①上课非常依赖积极主动的优秀学生，对于其他同学基本不知道姓名②说话有气无力，可以说是温柔，我听来是没有精神气，不爽快（大英三是另一位老师教的，虽然那个老师事情很多，但是真的很有人格魅力，风趣幽默，上她的课非常生动）③优柔寡断，有时候稀里糊涂\n\n朱老师没有太大的缺点，对我来说也没有太多的优点，无功无过。希望大家都能有缘遇到我说的另一位老师，她真的很有魅力。
175206,2133,朱晨晨,2023-06-22 09:43:42,2,2,0,老师真的很好！大英成绩高低主要还是看自己叭。老师很温柔上课也不局限于课本，无脑选。
175208,2133,朱晨晨,2023-06-22 10:16:52,2,2,0,Nancy真的好好
175371,2133,朱晨晨,2023-06-24 09:14:42,2,2,0,大英四，老师上课有很多课本之外的东西，除了作文和展示基本没有作业，愿意花时间的同学可以有很多收获。但考试和上课没有任何关系，能力强的同学就不说了，普通同学想考好就是背好单词多看课文。
176033,2133,朱晨晨,2023-06-27 12:58:40,2,2,0,老师很好，学识很渊博，然后也很关心大家，上课没听有时候会被点起来，然后老师也不会怪你，会比较理解你那种。事也比较少，翘课也没关系，平时分看的是pre的排名，虽然我没翘过课。然后问题就是比较求是，给分比较严格，期末作文给分比较低，其他老师班跑题的给分都比我高...然后我大英三老师最后给平常的作文都加了分到13、14，但Nancy相对来说就求是一些些，但还是好老师。
176391,2133,朱晨晨,2023-06-28 16:17:07,10,10,0,老师太好了，爱住了😭😭英美报刊选读直接冲就完事了
179638,2133,朱晨晨,2023-09-19 03:44:24,-51,5,56,这出生直接拖堂，人老声音还特别那啥。我真是服了，避雷避雷，诸位赶紧退课
184024,2133,朱晨晨,2023-12-06 11:55:52,1,1,0,我就这么说吧，像我一样对英语学习热情较低只想把外语学分水过去的话，会觉得老师课上的是有点无聊的，英语知识的收获可能会比较少，老师还会经常让我们辩论啥的，这些如果对英语感兴趣的话且英语水平较高，我相信是会有收获的，但很遗憾我没有。\n\n所以跟我一样的人我的建议就是上课多背单词，一直玩手机摆烂的话小测补天挺难受的。
184760,2133,朱晨晨,2023-12-22 14:19:52,2,3,1,老师真的很好，会拓展好多课外的内容，课上内容也能讲的很有趣，还会有许多有意思的活动，作业很少，不会经常听写，收获了许多！😃
186318,2133,朱晨晨,2024-01-10 13:29:50,3,4,1,以一种别样的方式判断：大英三是预置，但是整个小组大英四都非常愿意选晨晨，甚至退了自己专业基础课预置！真的超级超级好！！！
193790,2133,朱晨晨,2024-06-18 07:18:58,2,2,0,非常好的一位老师，看到好多学长学姐的好评我就放心啦！第一节课来的比较晚，我就坐到了离老师最近的位置，一节课后我就为自己能坐在这个位置感到开心。大英三学的不是很认真，但从这节课开始，我就知道这个学期就是重拾英语的时候了。第一节课下课后我就加了老师的微信。老师的口语非常好，能够让我第一时间巩固单词记忆，提升口语表达能力。对书本的使用也是颇具匠心，无论是听力还是文章阅读，都能够以非常好的方式提供输入。这个学期的Pre硬性规定只有一次，而且是小组完成，工作量是不大的。平时看到老师的朋友圈，有时候晒晒自己的女儿，有时候是自己的一些人生思考，能感觉到老师是一个非常有修养、很有学识的人，这点在老师上课的过程中也是能够体会到的。能选上朱老师的课是我的幸运，谢谢老师!
193910,2133,朱晨晨,2024-06-20 14:39:31,2,2,0,仙女老师，有温柔，人又好，给分也不错，强力推荐！
193962,2133,朱晨晨,2024-06-21 06:14:10,2,2,0,老师你真的太温柔了呜呜呜
197440,2133,朱晨晨,2024-07-15 08:50:49,5,5,0,大一上学期上了老师的大英三，记得一开始u校园我的账号绑定出了问题，于是去和老师沟通，后来问题解决了老师夸我解决问题的能力很强（其实只是特别特别小的一件事但是我真的从未遇到会对学生如此肯定的老师，也很大程度激发了我对英语的热爱吧）。后来专业分流面试和上课时间冲突去和老师请假，老师还会贴心地给我发消息说good luck\n\n老师每次课前都会放一些美剧/纪录片等等，甚至之前还放过BLACKPINK，看得出来老师真的很与时俱进也很博学，还提到过上千野鹤子的《厌女》，总之满足在大学上课拓展认知的一切期待！最后临近元旦还开了一个小小的联欢会让大家交换礼物真的很感动www\n\n我的英语底子还算可以，所以也没有在大英上花特别多的时间，最后的成绩我自己也挺满意的，毕竟大英捞的可能性很小。应试的部分还是建议自己多下功夫，毕竟在大学，能听到超越应试之外的有趣的内容也很棒呀！\n\n最后表白有气质的美丽的博学的晨晨，大英四因为时间冲突没选上您的课，希望以后我能选上英美报刊阅读hhhh！
206000,2133,朱晨晨,2024-12-13 02:52:55,0,0,0,老师真的完美符合我对大学老师的刻板印象，很有自己的想法会和我们探讨，抛开语言来说在思想上也有很多启迪啊。平时基本不听写也没什么作业，需要被监督背单词的不建议选。其他都很nice，喜欢喜欢
206066,2133,朱晨晨,2024-12-13 04:40:09,0,0,0,爱你老师
206114,2133,朱晨晨,2024-12-13 05:40:15,0,0,0,选上她课的人有福咯
206247,2133,朱晨晨,2024-12-13 11:08:37,1,1,0,what can i say？这么人美心甜的老师，你不选！可就便宜别人了！！！！说听写就是吓唬我们一下，一次听了没收让自己拿着玩，一次没听，除了小组展示就没别的任务了，作业全是读的，关键是！她总会给我们分享她宝贝女儿的可爱故事！！！！不选她你就后悔去吧！！！！
206988,2133,朱晨晨,2024-12-19 02:32:16,0,0,0,good👍
206990,2133,朱晨晨,2024-12-19 02:33:14,0,0,0,无需多言
209217,2133,朱晨晨,2025-01-05 05:18:07,1,1,0,虽然最后绩点不高（因为我基础不好），但老师很温柔地主动来安慰我，太感动了，老师太温柔了
209248,2133,朱晨晨,2025-01-05 07:45:23,0,0,0,老师非常好
209386,2133,朱晨晨,2025-01-06 00:59:50,1,1,0,4.8，大英还是要自己学\n\n老师温柔耐心体贴淡有真知灼见肯捞人，要不是我大英四已经一时大意选上了别人的课，我一定会骗你们不要选朱晨晨这样我就能选上了
216125,2133,朱晨晨,2025-03-11 01:18:46,1,1,0,味大！无须多盐！
216329,2133,朱晨晨,2025-03-13 10:24:07,0,0,0,一个值得夸爆的老师，可是我只能给她打十分
217132,2133,朱晨晨,2025-04-04 10:51:48,0,1,1,天天拖堂
5469,2143,冯全功,2015-07-07 16:51:33,1,8,7,空空老师好有意思撒！给分也不错，挺好的。
6937,2143,冯全功,2015-08-21 16:55:57,14,22,8,可爱
27429,2143,冯全功,2016-06-26 07:10:58,14,22,8,外院难得正常的男老师
28184,2143,冯全功,2016-06-28 08:13:32,12,19,7,偶尔点名。老师人真的非常好?给分也不错，实话说讲课有点无聊，但是感觉是那种愿意在课外给学生指导和帮助的老师
32459,2143,冯全功,2016-07-07 02:45:48,1,9,8,给分好，上课稍有点散漫，但老师实在很风趣，翻译方面的学识很渊博，挺有才的。
33370,2143,冯全功,2016-09-19 01:59:10,1,7,6,风趣幽默，很有特点
38233,2143,冯全功,2017-01-15 05:11:40,-2,11,13,给分低到死\n\n
38952,2143,冯全功,2017-03-20 03:45:34,-10,18,28,傻逼老师把翻译技能上成中国古代文学鉴赏有意思吗
39087,2143,冯全功,2016-12-21 05:30:24,0,5,5,挺有意思
40157,2143,冯全功,2016-12-29 12:57:06,-3,16,19,很失望...如同前面某位同学的评价，愣是把翻译技能上成古代诗词鉴赏还老是扯红楼梦。英语口音比较做作，有时连中文发音都很奇怪!（虽然他有自嘲过，但是作为外院老师，真是硬伤!）点名这点必须吐槽，星期一一大早在8:00准时点名，起不来的同学千万别选，要不早饭都要跑吐...还有讲课节奏奇葩...课上老是把这个大牛那个大牛挂嘴边...唯一比较好的是课程内容比较充实，反正有关ppt我是记了几十页笔记。
41416,2143,冯全功,2017-01-11 11:21:49,-1,10,11,巨无聊 还喜欢点名 别选
43648,2143,冯全功,2017-01-16 16:37:29,1,7,6,上了冯老师的翻译技能，感觉骗理论，老师对于翻译很有研究，喜欢古典文化，上这门课能学到很多翻译的原则和思想，这比知识和技能更重要。关于给分，还是比较严格的吧，最后的考试题并不简单，我只有85，卡在3.9，但依然很喜欢萌萌的冯全功老师！
45148,2143,冯全功,2017-01-19 05:00:16,4,10,6,对红楼梦翻译这一块的研究很棒
48976,2143,冯全功,2017-03-20 03:46:29,1,6,5,很可爱 上课气氛轻松活泼
49088,2143,冯全功,2018-05-21 13:32:23,-5,12,17,大傻逼
55192,2143,冯全功,2017-07-01 03:16:45,1,3,2,很愿意给学生帮助的老师 老师萌
55345,2143,冯全功,2017-07-01 10:25:22,2,4,2,给分感人 上课氛围很宽松
58164,2143,冯全功,2017-08-13 07:41:04,-1,1,2,老师很可爱的
58818,2143,冯全功,2017-09-18 03:40:13,-5,0,5,哇 这必须是满分老师啊
58819,2143,冯全功,2017-09-18 03:40:46,0,1,1,很亲民
68498,2143,冯全功,2018-01-23 09:24:52,0,1,1,? ?
68735,2143,冯全功,2018-01-23 16:26:12,1,6,5,人好给分好事也少 就喜欢这种轻松的模块课 考试之前不用复习 还可以带电子辞典
68802,2143,冯全功,2018-01-24 02:12:31,-1,4,5,给分好 事儿少 点名看心情 我给冯老师打10分
74201,2143,冯全功,2018-02-06 13:51:48,21,23,2,河南英语
79542,2143,冯全功,2019-10-22 07:04:52,13,20,7,怎么说呢...术业有专攻是好事。然而无论上什么课都能扯到红楼梦上就有些令人反感了，有没有考虑过底下一大片学生对红楼梦并不感兴趣？而且还讲得飞快，对红楼梦原本就不熟悉的同学能跟上才怪！老师师德或许也有待加强吧...几乎每节课坐桌子上讲课会不会太随意了点？有时候同学发言的时候也就这样坐着，头也不转，看都不看，眼神也不交流，会不会不太尊重他人？最后，想说老师纵然研读对比过许多大家的译文，学术造诣很高，然而实践经验大概不够多，有些关于翻译的想法还是太天真太幼稚了吧...
80594,2143,冯全功,2018-06-28 07:04:24,-2,0,2,水水水
82044,2143,冯全功,2018-07-07 02:37:14,1,3,2,高级英汉互译听老师讲红楼梦很有趣呀。但我一直在干自己的事…最后认真复习了一波热词结果只考了一个好在给分还行我堪堪混了个平均分。
82053,2143,冯全功,2018-07-07 03:15:51,4,4,0,给分低死，严重怀疑平时分的评分标准，同学互改看你运气
89595,2143,冯全功,2018-11-20 02:13:46,-4,1,5,态度好，三观正，用心，慢慢相处感觉老师很细心用心
91913,2143,冯全功,2018-12-25 01:30:44,5,7,2,呵呵，辣鸡
92233,2143,冯全功,2019-09-28 09:16:27,11,16,5,不知道说他好的同学到底是怎么想的，我承认他的学术造诣确实很好，但是能够在课堂上当堂说出“认为教学比科研重要的人已经死了”这种话的人也只有他了吧。确实他是说了事实，评职称对大学老师来说也很重要，但是也真是因为这个变成为了他不认真对待教学和学生借口。同学的作业看都不看就任意交换打分；给脸熟的和上过他课的人高分，给其他人低分；以自己所谓的“道家精神”灌输分数不重要所以任意对待同学们的分数和作业；把女性作为可以任意比喻的搞笑谈资；将河南英语引以为傲，而不是努力提高自己的口语水平……总之，很后悔选了他的课，想选的同学请便吧，我也不好怎么评价了。
92993,2143,冯全功,2019-01-06 16:05:46,0,2,2,上课喜欢扯犊子，因此他的高级英汉互译成了这学期最期待最轻松的课。老师萌萌哒，确实比较随意，但是也有很多理论性知识。
95506,2143,冯全功,2019-01-19 13:22:01,-3,0,3,老师更多地讲理论知识，两次作业，课程整体还是比较轻松的。
96240,2143,冯全功,2019-01-20 14:51:15,-6,0,6,很棒啊！
96241,2143,冯全功,2019-01-20 14:51:17,3,7,4,浙江大学还是有很多会讲课的好老师，希望老师之后能别说什么 浙大老师都去搞研究，根本没人好好上课，你自己不好好上课为什么把这个当成浙大老师的通病？？？\n\n希望老师还是好好重视一下教书育人四个字吧
96278,2143,冯全功,2019-01-20 16:02:45,0,2,2,一边说着其他老师不认真上课，一边又用这个做借口说自己不认真上课，嗯……
105115,2143,冯全功,2019-04-04 01:32:12,0,0,0,高级英汉互译老师水平挺高 上课不行 打分绝对公平 觉得分不好的不如看看自己水平？
122663,2143,冯全功,2020-03-13 11:07:32,2,4,2,不讲有用东西；说自己尊重所有看法但是自己分高低分的很清；物化女性；给分一般
125291,2143,冯全功,2020-09-05 15:33:34,2,2,0,没想到老师如此可爱！
154764,2143,冯全功,2022-06-04 17:49:18,3,3,0,老师挺好的
162155,2143,冯全功,2022-11-17 06:35:57,7,8,1,对文学翻译方式的理解实在不能苟同。
169560,2143,冯全功,2023-02-27 02:13:28,8,9,1,感觉是位什么东西都可以写进论文的老师。高产是高产但质量和实际意义不好评价。纯功利角度来讲，卷得很成功，但似乎也仅此而已。
170003,2143,冯全功,2023-03-01 03:20:23,1,2,1,挺好的老师，好不容易碰见老乡了
174431,2143,冯全功,2023-06-12 06:24:55,1,1,0,老师教课很轻松 就是跟我们分享也会开玩笑。教的东西都是有研究依据。\n\n除了论文字数要求，其他方面他都很人性化的
209521,2143,冯全功,2025-01-06 07:27:35,2,2,0,老师自身水平很高，课堂氛围很轻松，也经常和大家开玩笑，备课内容很丰富，好老师
8525,2172,吴晓岚,2015-10-08 10:51:47,0,14,14,老师很温柔，是我心中的女神老师呢！
13702,2172,吴晓岚,2015-12-30 11:09:44,-4,2,6,呵呵。。。令人微笑
21418,2172,吴晓岚,2016-02-28 17:04:16,-2,11,13,这老师有毛病吧， 真的是没办法理解
22676,2172,吴晓岚,2016-03-10 00:55:12,-1,4,5,呵呵哈
26929,2172,吴晓岚,2016-06-21 16:07:06,-4,4,8,完全学不到任何东西...\n\n这老师是脑子不好?
26930,2172,吴晓岚,2016-06-21 16:09:06,-5,2,7,这老师就是让你反省之前咋了不好好学习 现在学不会我就挂死你
51063,2172,吴晓岚,2017-05-15 23:48:27,-3,1,4,笑而不语
53517,2172,吴晓岚,2017-06-27 01:42:52,-4,2,6,怎么没有零分...
56932,2172,吴晓岚,2017-07-05 03:41:00,-5,1,6,完全不好
63339,2172,吴晓岚,2017-12-01 02:46:52,-3,3,6,平时训练已经很忙了，对这课也没什么兴趣
76637,2172,吴晓岚,2018-04-17 03:05:28,1,6,5,老师超级可爱，不明白为什么分数被恶意的打这么低…？？
139340,2172,吴晓岚,2021-07-14 11:25:27,7,13,6,ok我就爱好好说说。\n\n评论里这些同学扪心自问，自己有好好认真学习英语吗？肯定是没有吧，一学期的英语课可以到课几次？课上学习效果又如何，课文学习、笔记、听力自己有真正做吗？就算没做你自己的英语成绩平心而论能达到及格水平或者能达到吴老师给你的那个绩点吗？\n\n学习的事情不去反思自己的问题在这里大谈特谈老师的问题，在这里冷嘲热讽真的是呵呵了，学校把这么负责任的吴小兰老师分配来教体育班的英语本来就是对咱们的照顾，能进浙大的老师本身就很有水平，某些同学自己不珍惜这样好的学习条件，平时虚度时间、浪费教育资源，你的成绩是你自己学习的成果，是咎由自取，怪不得这么负责任的老师。\n\n在这里给老师打低分的，平时埋冤老师没捞的，自己先审视自己有没有足够的英语水平，哪怕自己底子再薄基础再差，五年的学习也能达到高中水平吧？大学毕业连个初中文化水平都没达到，不觉得羞愧吗？
144020,2172,吴晓岚,2021-12-16 05:19:17,-1,2,3,给分少b事多 没事就挖苦学生 还有那个21年七月份发的长篇大论的那个学生 请问您是不训练吧 您才是体育班的混子吧
154353,2172,吴晓岚,2022-05-31 00:47:07,3,7,4,实事求是的说，在浙大上学以来，教学效果和课堂互动最差的一门课，大家体育班的基础确实参差不齐，教学开展存在难度，但我也想问问外语学院、问问吴老师，是否真的做到了“教学相长”？是否真的做到了建立导学关系？用记迟到和考勤绑架、要挟学生，形式主义的预习、背诵，一学期下来没有任何学习和提高。我也曾认真对待过，我曾非常希望您带我们提高英语水平，现在看来不过是痴人说梦罢了
157273,2172,吴晓岚,2022-06-22 17:56:17,1,4,3,古人云：师者，所以传道受业解惑也。你他妈又不传道又不受业又不解惑，滚你妈的
172831,2172,吴晓岚,2023-05-08 05:38:20,4,4,0,老师上课很负责，一学期下来很有收获，真的很喜欢
206115,2172,吴晓岚,2024-12-13 05:44:00,0,0,0,666
219925,2172,吴晓岚,2025-06-11 08:37:54,0,0,0,吴老师人很好，小测也会提醒，小测和口语分数上尽量给高。本人不是作为体育班的学生加入该学期的课堂，和过去的课相比，吴老师已经尽力在照顾大家的精力了。很多简单的听写和背诵其实花不了什么精力。
18140,2175,王鸣,2016-01-21 08:08:13,1,1,0,老师有自己的想法，固执且针对与她想法不一致的人，会人身攻击，言论有失妥当
39866,2242,方凡,2016-12-28 05:02:40,1,5,4,啦啦啦
45156,2242,方凡,2017-01-19 05:08:40,3,8,5,老师好好！
49595,2242,方凡,2018-06-16 05:11:21,1,6,5,贼喜欢老师的课
53963,2242,方凡,2017-06-28 06:25:40,-1,8,9,伤心…给分不好，老师挺好
53980,2242,方凡,2017-06-28 06:54:41,0,6,6,老师真的超好的，这学期也很认真参与了课堂，但是最终给分………反正和这里看到的均绩还是有差距的，大概是自己考试的时候答得不够好吧，但老师真的是好的，而且也是有同学拿到好的分数的
54024,2242,方凡,2017-06-28 08:38:26,1,6,5,伤心 给分不好
78897,2242,方凡,2018-05-21 14:14:04,1,9,8,MPA还搞啥英语口语和听力？还整那么变态的网络课程，有毛病！
79086,2242,方凡,2018-05-22 11:05:52,1,3,2,不喜欢教学方式
79196,2242,方凡,2018-05-27 03:46:07,1,4,3,穆课口语听力太多，垃圾\n\n
86034,2242,方凡,2018-08-28 00:48:08,0,5,5,垃圾慕课
94084,2242,方凡,2019-01-15 06:54:29,0,3,3,好!享受!
150699,2242,方凡,2022-02-14 09:41:40,0,0,0,摆了一学期烂，最后还是A，方老师简直就是神！课也挺有趣的！
150701,2242,方凡,2022-02-14 13:47:31,18,23,5,国际校区上的美国文学概率通识课，上课认真有趣，给分又高，宝藏课程了!
152408,2242,方凡,2022-04-08 13:37:13,0,0,0,还不错
158195,2242,方凡,2022-06-27 12:03:48,1,2,1,方老师挺好的
162690,2242,方凡,2022-12-04 14:39:18,0,0,0,老师很好给分也很好！
165794,2242,方凡,2023-01-09 17:58:18,0,1,1,还没有出分，先来评价一波，我觉得老师挺体谅学生的，而且也很包容学生的各种看法，让大家畅所欲言，激励我们思考，就冲这一点，打10分
174211,2242,方凡,2023-06-07 12:30:04,0,1,1,看得很通透的一位老师！
174276,2242,方凡,2023-06-08 15:24:21,0,0,0,神中神
190152,2242,方凡,2024-02-24 05:39:26,5,5,0,上大课上成这样已经不容易。但从效用考虑，是否有必要这么大规模呢？
192454,2242,方凡,2024-05-20 11:06:06,3,3,0,很温柔很温柔很温柔
202687,2242,方凡,2024-11-14 01:14:24,2,2,0,老师人好，但是社恐人别选，要回答的问题真多，上课真麻烦。
203644,2242,方凡,2024-11-20 09:37:40,3,3,0,文学理论与批评。还没到期末，上课中写这条评论。\n\n老师特别温柔，讲课清楚并且认真负责，学了很多东西，听了很多同学的发言也觉得很有启发。老师发的文章和电影都可以看，提的问题难度也不高，认真准备回答就可以了。期末按老师的标准是一篇论文，不少于1000字，应该是没有上限。\n\n给9分，扣的1分在课堂的一些规则上。\n\n——大家必须要分小组坐，这样座位一学期都是固定的，没办法根据自己的需要坐到前面或者后面去，一小组都坐在后面的话举手可能被老师略过去\n\n——发言占25％的评分，但是发言是按小组总体发言次数计分，于是大家对策是自己认领两周的主题然后只准备它们，并且有很多次出现了“为了发言而发言”的情况。单节课某组发言次数过多会被老师限制，但是……之前这个组可能少说了两次于是想这次多说几回补上，这种情况就不太有利……\n\n希望老师取消小组这个模式，因为分小组的确是没有什么大用处……莫不如让大家以个人身份发言和参加课堂活动，这样可能也符合大家真正学文学或者简单混学分的不同需要。
206927,2242,方凡,2024-12-18 12:41:23,1,2,1,老师人还不错，但就是不知道为啥上着很累，可能是因为i人不喜欢回答问题但又不得不去卷吧
215915,2242,方凡,2025-03-07 05:31:52,1,1,0,研究生课，英美文学电影欣赏，给分超级高，宝藏老师。
218564,2242,方凡,2025-04-24 15:18:13,0,0,0,慕课给分不好，可能因为我确实口语太烂了
25501,2284,李旭桦,2018-09-26 02:56:43,-46,1,47,心机重
86087,2284,李旭桦,2018-09-05 12:31:06,23,23,0,做事认真，很关心学生，虽然带着军训但从来不会惩罚性的让我们干什么事
86128,2284,李旭桦,2018-09-07 13:14:05,22,22,0,指导员人超好超可爱，也很关心大家，工作很负责，总之必须满分
86129,2284,李旭桦,2018-09-07 13:14:21,18,18,0,军训指导员，真的很细致很体贴。很和蔼，真的很棒
86130,2284,李旭桦,2018-09-07 13:28:05,25,25,0,超可爱
86142,2284,李旭桦,2018-09-08 00:35:43,20,20,0,指导员很体贴！夸奖！
86146,2284,李旭桦,2018-09-11 08:22:20,33,33,0,李老师真的非常温柔！如果大家对自己军训的成绩不满意，千万不要怪指导员！李老师不参与所有评分的工作，只是一个登分的老师。
86147,2284,李旭桦,2018-09-08 04:41:48,16,16,0,特别棒
86216,2284,李旭桦,2018-09-10 15:07:24,16,16,0,温柔 可爱
86229,2284,李旭桦,2018-09-11 04:53:47,15,15,0,好可爱
86230,2284,李旭桦,2018-09-11 04:54:07,14,14,0,超级负责！可爱温柔~
86242,2284,李旭桦,2018-09-11 08:20:23,11,11,0,老师很好，很可爱，不要黑她好吗。
86243,2284,李旭桦,2018-09-11 08:21:29,15,15,0,军训的绩点不是老师打的，她只负责登记，所以大家不要怪这么可爱的老师啦
86244,2284,李旭桦,2018-09-11 08:24:14,14,14,0,李老师带军训真的超级温柔，特别关心同学。绩点正态真的不是她的错。
86249,2284,李旭桦,2018-09-11 13:01:23,11,11,0,可爱的老师
86251,2284,李旭桦,2018-09-11 13:56:24,9,9,0,很棒，很好，对学生不凶
86252,2284,李旭桦,2018-09-11 13:56:36,10,10,0,炒鸡温柔
86254,2284,李旭桦,2018-09-11 13:58:21,10,10,0,超级超级超级好，超级温柔超级棒，遇上李老师真的是非常幸运了，感谢相遇。
86255,2284,李旭桦,2018-09-11 13:58:22,12,12,0,敲温柔，极度负责，出什么问题了都会先给我们道歉，然后很快解决。安排军训事务也很到位，明明白白清清楚楚是一个非常好的指导员（分数其实跟指导员关系不太大，大部分是因为指导员管事，所以背锅）
86256,2284,李旭桦,2018-09-11 14:00:06,8,8,0,很负责任的老师
86258,2284,李旭桦,2018-09-11 14:18:03,6,7,1,非常温柔的小姐姐
86259,2284,李旭桦,2018-09-11 14:18:06,8,8,0,我在这里嗦一句指导员天哈第一，大旮没有意见8
86260,2284,李旭桦,2018-09-11 14:19:37,9,9,0,超舒服，老师真的很棒，对我们每个人很细心，自己感冒嗓子哑也要在我们面前装作没事大声说话，仿佛什么都没发生，怕我们担心，真心点赞，遇到了一定不会后悔。
86262,2284,李旭桦,2018-09-11 14:26:56,5,5,0,指导员带军训超级温柔，老师人超好
86263,2284,李旭桦,2018-09-17 12:09:06,6,7,1,指导员和我们一样被晒黑了，心疼几秒钟。。。敲温柔，很好说话，给分是学校强制正太的，绩点不能怪指导员真的，和其他连比起来我们超级幸福
86266,2284,李旭桦,2018-09-11 15:00:53,5,5,0,老师真的很细心体贴，也非常认真。很少见到想这样认真负责的老师了。
86283,2284,李旭桦,2018-09-12 03:22:04,6,6,0,李旭桦老师超级超级可爱，很亲切，军训给人很温暖的感受！希望老师一切顺利！
86284,2284,李旭桦,2018-09-12 03:22:54,4,5,1,炒鸡好炒鸡温柔炒鸡可爱
86437,2284,李旭桦,2018-09-16 06:44:53,4,4,0,真的超级好的老师啊，笔芯
86602,2284,李旭桦,2018-09-17 12:07:56,3,3,0,如沐春风，老师很负责很体贴很可爱
86639,2284,李旭桦,2018-09-17 15:49:41,4,4,0,呜呜呜～老师，我会心痛
86812,2284,李旭桦,2018-09-19 02:04:06,3,3,0,军训对我们蛮好的啊
86831,2284,李旭桦,2018-09-19 03:18:27,3,3,0,很可爱很棒很温油很美很贴心很让人安心的小可爱！
87212,2284,李旭桦,2018-09-22 17:21:07,3,3,0,很棒棒的老师
87236,2284,李旭桦,2018-09-26 02:58:38,1,1,0,挺好的。
87343,2284,李旭桦,2018-09-27 06:49:06,0,0,0,好羡慕她的学生
91048,2284,李旭桦,2018-11-29 07:59:13,0,0,0,非常棒的指导员
91724,2284,李旭桦,2018-12-19 01:16:10,-2,3,5,喜欢~军训满绩飘过~\n\n以后还是辅导员，请多多关照呦_(:з」∠)_\n\n
11645,3033,厉绍雄,2015-12-09 07:01:48,0,0,0,我的本科导师
138515,3033,厉绍雄,2021-07-09 15:21:12,0,0,0,我的自考导师
162798,3033,厉绍雄,2022-12-06 08:38:11,1,1,0,自考导师，严谨细腻，专业指路，慈航普度
12708,3434,尚国文,2015-12-24 02:18:24,-7,11,18,really eased！
12860,3434,尚国文,2015-12-24 06:53:23,15,19,4,老师人很好，口语不是那么国际
13110,3434,尚国文,2015-12-25 02:06:52,27,27,0,老师很好，很gentle，也会希望我们能够volunteer，课堂氛围很轻松，棒棒哒
13122,3434,尚国文,2016-01-02 09:37:03,2,7,5,→_→
13136,3434,尚国文,2015-12-25 02:42:36,20,20,0,超级棒。很随意。很用心。
13220,3434,尚国文,2016-06-28 13:43:31,42,44,2,每次quiz前都会听写而且要求都会说的很清楚 上课会讲课文里的词组句子（听说别的老师上课只读课文 人超nice 总之很棒很爱英语课
13227,3434,尚国文,2015-12-25 09:10:57,20,20,0,老师上课很细致，超级棒，还有口语练习、课堂游戏、short talk，老师很平易近人哒~
13450,3434,尚国文,2015-12-28 06:05:57,22,22,0,神级老师，萌萌哒，爱爱爱
13476,3434,尚国文,2015-12-28 09:10:42,30,30,0,老师很斯文，大男孩。上课很开心(∩_∩)，尤其是小游戏。课下自己要用功噢！
13648,3434,尚国文,2016-01-02 11:02:24,14,14,0,好老师，不解释
14084,3434,尚国文,2016-01-04 06:56:33,14,14,0,人超暖的 会发小礼物
14100,3434,尚国文,2016-01-04 08:46:37,10,10,0,好老师，好朋友，你值得拥有
14118,3434,尚国文,2016-01-04 12:39:47,23,24,1,从没在大学遇到过这么负责任的英语老师，真的非常棒，语调轻松，饱满的热情，鼓励学生发言，真正的在教书育人！
14641,3434,尚国文,2016-01-08 05:06:57,8,9,1,老师很好！
15224,3434,尚国文,2016-01-13 01:14:18,12,12,0,很好的老师 人超级温柔
15298,3434,尚国文,2016-01-13 12:26:00,19,19,0,我对尚老师的评价（正如他说的）：我心柔软，却有力量☺
15407,3434,尚国文,2016-01-14 09:03:53,13,13,0,老师人很好，而且能感到他在尽力帮助学生。性格随和，课堂气氛轻松。很爱我的大英课！还有我的大英课同学们 舍不得你们！
15965,3434,尚国文,2016-01-17 14:22:40,13,13,0,超好的老师 会划重点 而且能学到东西同时考试也能高分\n\n感觉老师像个腼腆的大男孩，很平易近人，和同学们关系很不错！而且会发福利！！
16197,3434,尚国文,2016-01-17 13:13:26,10,10,0,棒棒棒
16217,3434,尚国文,2017-01-13 12:39:21,-19,4,23,给分低
16225,3434,尚国文,2016-01-17 14:02:17,7,7,0,老师很好，只怪我考的太差。
16244,3434,尚国文,2016-01-17 14:33:09,7,8,1,虽然最后只有81分...但是老师人很好..怪我没有语言天赋
16263,3434,尚国文,2016-01-17 15:10:05,7,8,1,人超好 大爱啊 big boy
16343,3434,尚国文,2016-01-19 10:09:07,7,9,2,说老师给分低的完全没有道理，平时分老师都给足了，再高平均分就超过教育网要求了，自己考试成绩全看自己，老师也没办法放水的
16590,3434,尚国文,2016-01-18 12:40:06,5,6,1,人特别好
22154,3434,尚国文,2016-03-02 15:30:29,7,8,1,老师很腼腆很可爱很绅士。课堂氛围特别轻松。而且会很详细地讲解词组单词！就是因为太轻松辣再加上拖延症会让自己比较懈怠
22232,3434,尚国文,2016-03-03 04:42:38,3,4,1,很好的老师
22460,3434,尚国文,2016-03-06 11:44:34,3,4,1,大男孩一样的老师！很好~
22922,3434,尚国文,2016-03-15 00:34:17,2,3,1,好好好。。。
23286,3434,尚国文,2016-03-23 14:04:34,2,3,1,好好好
23778,3434,尚国文,2016-04-16 10:59:51,5,6,1,很好的老师
25706,3434,尚国文,2016-06-04 02:08:38,7,7,0,温柔帅气！
26018,3434,尚国文,2016-06-15 05:20:42,6,6,0,老师非常好，有趣
26166,3434,尚国文,2016-06-16 06:41:19,6,6,0,很放松，很舒服。老师是个很帅气很温柔的邻家大哥哥，说话很有吸引力。
26167,3434,尚国文,2016-06-16 06:41:40,2,2,0,超级好呀！简直是男神^ω^
26210,3434,尚国文,2016-06-16 08:55:36,3,3,0,老师超级好 就像大男孩~上课特别轻松 还会做游戏 人也特别可爱 儿童节还给我们打红包
26406,3434,尚国文,2016-06-30 10:48:54,4,4,0,大男孩儿
26738,3434,尚国文,2016-06-21 04:14:27,3,3,0,尚老师真的给人一种邻家大男孩的感觉，上课会强调课文里的词组，考试的时候很有用。
26795,3434,尚国文,2016-06-21 06:30:11,2,2,0,没什么好说的 就是好老师
26892,3434,尚国文,2016-06-21 13:19:19,3,3,0,上课认真，还会让我们自己想小游戏玩，很好\n\n
27145,3434,尚国文,2016-06-23 07:24:17,5,5,0,浙大第一好老师，可以去掉之一。
27169,3434,尚国文,2016-06-23 09:50:29,8,8,0,十几年来第一个让我期待英语课的老师，也是上大学以来第一个让我在最后一节课结束后产生不舍之情的老师，十分不多说
27172,3434,尚国文,2016-06-23 10:22:36,11,11,0,最后一节课有小礼物，群里有红包，平时没什么作业上课讲的很细，考前神押题！！！三次quiz前都只听了一次听力却都压到了！萌萌哒的大男孩
27238,3434,尚国文,2016-06-24 01:46:44,3,3,0,温柔帅气！侧脸超帅！人更nice！\n\n最后一节课班级有人偷拍了老师，发到群里大家都在收藏！\n\n很遗憾以后没有大英课可能没机会再见到老师了
27279,3434,尚国文,2016-06-24 11:11:18,5,5,0,人真的超级好，满满的感动和不舍
27562,3434,尚国文,2016-06-27 03:36:44,3,3,0,人棒啊
27741,3434,尚国文,2016-06-27 10:30:31,3,3,0,紧张的时候会超萌！一个可萌的大男孩！
29979,3434,尚国文,2016-06-30 15:53:08,3,3,0,不只是老师
29983,3434,尚国文,2016-06-30 15:58:05,5,5,0,嘤嘤嘤舍不得老师 跟同学关系很好而且超级萌  上课也很认真 谢谢老师！
29995,3434,尚国文,2016-06-30 16:27:48,4,4,0,老师人很真诚很可爱
30432,3434,尚国文,2016-07-01 14:47:01,6,6,0,都这么帅了，还有什么可说的呢？温柔干净的大男孩，课文讲的很仔细，人真的超级nice!!!期末还给我们准备小礼物，感动到cry。总之上他的课真的是一秒钟爱上大英，男神唔可惜结婚了超级棒超级好的老师，喜欢
30632,3434,尚国文,2016-07-02 05:57:52,6,6,0,简直不要太棒！！！！！！自己总结的词组很有用，听写也很准，每次做听力的内容都是quiz的内容，对教材的把握很准，好老师。
31475,3434,尚国文,2016-07-04 03:09:56,3,3,0,老师炒鸡赞 人很暖
34195,3434,尚国文,2017-01-10 01:40:09,7,7,0,爽\n\n\n\n\n\n
34397,3434,尚国文,2016-10-09 07:27:32,3,3,0,棒棒棒
34928,3434,尚国文,2017-01-16 08:08:28,4,4,0,好好好！
35312,3434,尚国文,2017-01-11 10:49:07,16,16,0,超好的老师，三生有幸能选上他的课！❤️只是尚老师要离开浙大了，但愿以后能遇见！愿学生的思念与祝福能伴随老师到北欧！?（为什么这么好的老师不是10分！！！?）
38675,3434,尚国文,2016-12-14 08:00:45,6,6,0,别的不多说，听他讲课很舒服
39612,3434,尚国文,2016-12-26 05:52:52,3,3,0,很好很好，不解释
40083,3434,尚国文,2017-01-10 15:28:38,9,9,0,炒鸡炒鸡炒鸡棒的老师，不过尚老师下学期要去北欧教学了，舍不得你啊，尚老师～
41172,3434,尚国文,2017-01-10 00:59:39,2,2,0,??绝对好老师
41173,3434,尚国文,2017-01-10 01:01:03,2,2,0,棒棒哦
41175,3434,尚国文,2017-01-10 01:09:23,6,6,0,超级超级棒的老师，笑容很暖。大学里还有这样一个努力记住每个同学名字的老师真的很感动。作业很合理，听写单词前也会先告诉我们准备复习。打分当然很nice，平时在微信群里也像朋友一样互动。这么棒的老师，只可惜你们体会不到了。希望老师每天开心，在北欧的生活顺利。
41179,3434,尚国文,2017-01-10 01:42:46,2,2,0,很好    非常好
41180,3434,尚国文,2017-01-10 01:45:14,8,8,0,很幸运选上了他最后一学期的课。老师很亲切和蔼，与大家的关系很好，是少有的在结课时让我觉得不舍的老师。还会给大家送礼物，很暖！可惜老师要离开浙大了，希望以后生活顺利！
41196,3434,尚国文,2017-01-10 03:08:37,9,9,0,最后一节课 来这里看 那么多他的学生评的 相信都是满心的感动吧♥感觉生命中遇见的很多人是会发光的 您就是一个 希望您的人生越来越好 在哪儿都很顺利 如果可能 好想一直跟您保持联系♥一起努力！
41197,3434,尚国文,2017-01-11 05:45:47,7,7,0,啊啊啊遇到的最好的老师  可惜以后不带课了
41198,3434,尚国文,2017-01-10 03:15:38,8,8,0,反正你们也听不到了，尚老师要走啦，真的好幸运预置了尚老师的课?第一堂课我说我的词汇不好，尚老师说没关系大家一起进步的时候，真的很暖啊！！
41202,3434,尚国文,2017-02-28 02:26:32,7,7,0,被我们学生逗得没话说，害羞的大男孩，可惜以后不教了，要去欧洲了。
41205,3434,尚国文,2017-01-10 04:07:02,9,9,0,尚老师人很温和，性格超级好，从没见过他发火，总是保持微笑，讲得很认真到位，处处为学生着想，人长得也很帅。上课有时会发福利，抽奖之类。老师下学期就要离开浙大去北欧任教，祝愿老师不管在哪都幸福美满！
41219,3434,尚国文,2017-01-10 08:25:29,6,6,0,只能说能够遇到尚老师和班里的这些同学是我的幸运.老师很负责，能够记住班级每个同学的名字，作文自己试卷也都是他发的.祝老师工作顺利！
41245,3434,尚国文,2017-01-10 07:43:53,7,7,0,老师真的人很好，很珍惜自己有幸能得老师陪伴指导的一学期。遗憾以后可能没机会再上您的课了，祝一切顺利安好
41590,3434,尚国文,2017-01-12 08:27:32,3,3,0,老师人特别好，半学期不到就可以记住所有人的名字。唯一的问题就是，老师去北欧了，看见这个评价的你们再也没机会选他的课了。
41596,3434,尚国文,2017-01-12 08:34:14,2,2,0,再也遇不到这么好的英语老师了
42123,3434,尚国文,2017-01-13 15:36:28,4,4,0,老师非常和蔼 认识班里的每一位同学 叫得出每个人的名字 经常在微信群和我们互动 每次测验之前都会说清楚 讲课文也超级认真 本来打算大二以后再选老师的课 最后一堂课老师告诉我们他要离开了…当时真的很难受很舍不得 大英课也是为数不多感到非常温暖的集体 希望老师在北欧的工作顺利 希望老师能一直幸福 如果有缘我们还会再见 如果可以我们一定要再见
42855,3434,尚国文,2017-01-15 09:48:30,4,4,0,老师不用点名，大家都很自觉，难得一遇这么好的老师，感觉自己的成绩那么低都对不起老师的辛苦了
42870,3434,尚国文,2017-01-15 10:13:48,3,3,0,轻松。
42871,3434,尚国文,2017-01-15 10:14:18,2,2,0,轻松啊
42889,3434,尚国文,2017-01-15 11:04:39,1,1,0,就是舒心 好老师！
47849,3434,尚国文,2017-02-26 09:12:31,0,0,0,老师真的人超级超级好，还会给我们发礼物超赞！真的很好的一个老师，很幸运能成为老师在浙大的最后一届学生(^_^)/，祝老师在北欧开开心心！老师还给我们拍了合照呢~\n\nPS:我也想去北欧老师能不能带上我啊~
50890,3434,尚国文,2017-05-08 05:34:18,0,0,0,就是棒！\n\n
17128,3520,刘永强,2016-01-19 15:41:38,8,16,8,挺萌的，就是希望老师期末多给我点分。
18499,3520,刘永强,2016-01-22 00:15:06,1,6,5,人很好，跟个小孩儿似的
19024,3520,刘永强,2016-01-23 05:13:29,5,13,8,上课念书，考试题型说记不到了，考的比德语专业的还难，给分坑爹
20024,3520,刘永强,2016-01-26 02:23:32,0,5,5,炒鸡萌
20515,3520,刘永强,2016-01-28 04:09:17,0,4,4,超级萌！
21239,3520,刘永强,2016-02-27 08:25:55,1,5,4,老师很渊博 umfangsreich
22333,3520,刘永强,2016-03-04 00:00:09,3,7,4,不算神级，基本的事情都算负责的，也都讲清楚了，感觉不是老师考太难，是特么浙大二外德语规划非人哉啊，进度指定得太快根本消化不了，再考简单点书上最基本的内容都考不到了，但就这样还是难!
24551,3520,刘永强,2016-05-01 13:30:33,5,10,5,喜欢留一些奇怪的作文，Traummann什么的 人是真的很萌，也很想和学生玩 但你是个大叔啦老师！其实了解之后还是一个很有思想有深度的人 外表圆滚滚内心其实很男神啦。还有，同学们，他的，给分，不好
25446,3520,刘永强,2019-12-05 07:55:13,-69,14,83,出这么难很有意思？会不会上课啊？光念书，我上个二外而已，不是德语专业的好吧，听力考听写？！我英语上了大学才考听写？阅读拿考研究生的来给我们考，这种人真的有师德？！
25447,3520,刘永强,2016-05-19 09:25:10,0,5,5,考的太难了，考试前最后一节课说考试题型都说不清楚
30469,3520,刘永强,2016-07-01 16:17:17,0,3,3,最后一学期二外，师生情浓得可以。
30821,3520,刘永强,2016-07-02 14:25:38,0,4,4,很有内涵的老师！
35561,3520,刘永强,2016-11-10 07:27:25,0,3,3,挺好的 老师很萌
40187,3520,刘永强,2017-01-10 04:36:08,9,18,9,上刘永强的课你需要相当强大的心理素质\n\n学长只能帮你们到这了
41323,3520,刘永强,2017-01-10 14:36:41,2,4,2,唉，人应该是不错的，因为家里孩子小，说话像小孩，平时上课也还好，喜欢科普德国知识。Aber ，总喜欢那挂科什么的恐吓人。留作业超级多，一开始是因为上课总扯别的讲不完，后来就当做理所当然。还是能感觉到成绩好坏在他心中的地位的。但愿给分别太低。
67554,3520,刘永强,2018-01-21 13:38:06,0,1,1,德语专业听他讲课会觉得有收获&有意思\n\n但是世界文学史论文打分貌似不高
67673,3520,刘永强,2018-01-22 04:51:26,1,2,1,我觉得给分还可以呀
92614,3520,刘永强,2019-01-03 06:26:52,1,4,3,我觉得老师挺幽默风趣的鸭……至少一边听他的课一边做微积分挺开心的……
130340,3520,刘永强,2021-01-21 04:42:12,7,9,2,永强哥哥永远滴神
141069,3520,刘永强,2021-09-22 16:03:08,2,3,1,人挺好，知识渊博，有内涵，超级有理想主义情结。给分嘛，像他自己说的，一切以公平为准则。
141431,3520,刘永强,2021-10-08 15:13:29,1,3,2,人很好，学识渊博，爱学生
152116,3520,刘永强,2022-03-27 12:19:14,1,5,4,很乱，抓不住重点
154901,3520,刘永强,2022-06-06 15:26:04,6,6,0,上课点名 讲到兴奋的地方手舞足蹈
157709,3520,刘永强,2022-06-24 12:07:14,2,3,1,Herr刘巨好 真的是一位让你觉得自己可以有收获的老师
158223,3520,刘永强,2022-06-27 14:26:48,11,13,2,老师很可爱，现代德语文学流派给分超好，开卷考很简单都可以找到
159319,3520,刘永强,2022-07-12 12:12:21,12,15,3,现代德语文学流派，点名很挑剔的，专挑人少的时候点名。不过给分真滴好，学到的东西也超多~强推
159912,3520,刘永强,2022-09-09 01:31:56,3,3,0,考试很简单，平时上课的内容很有趣！是一门非常有意思的课，讨论课经常会一起看电影
167964,3520,刘永强,2023-01-20 18:09:26,5,6,1,无论均绩是不是真实的，一门通核均绩4.22，真的让人馋哭了orz
170968,3520,刘永强,2023-03-13 11:48:55,5,6,1,上的现代德语文学流派，一学期就点过一次名，点到一半说累了，剩下的我们下次再点（没有下次了），另外一次还是讨论课点的。助教也很好，不过讨论课发言是要算分的，，我在的这个班氛围非常好~大家都挺喜欢历史文化的感觉，很有趣。老师很有理想主义情结，讲课也很好玩，经常讲一些德意志笑话，开卷考很简单。总之上课体验非常好，对给分也挺满意的。
171500,3520,刘永强,2023-03-27 03:29:02,2,3,1,老师对学生真的很好！他的课很受欢迎，选课人数很多。偶尔点名，因为他在努力记住同学的名字，这也是对学生的基本尊重吧
174981,3520,刘永强,2023-06-20 13:41:39,1,1,0,哈哈哈
176184,3520,刘永强,2023-06-28 04:07:57,0,1,1,老师真的讲得很好 哭了
176300,3520,刘永强,2023-06-28 09:48:39,2,3,1,现代德语文学流派，通核中的神！上课很少点名，都是讨论课助教点的；每学期四次小组pre，通核里不算多；讨论课很少有人卷发言，一学期讲个两三次就够了，czx助教gg超好，期末看有些同学没发过言还让每个人说一下结课感想就算一次发言了；期末开卷考试简单，ppt上全都有；老师上课很投入，虽然我大部分时间都在摸鱼👉👈；不管课程还是讨论主题都远远超过德语文学的范畴，对艺术文学历史等等感兴趣的都可以来！
185256,3520,刘永强,2023-12-27 11:01:39,0,2,2,23年春夏上的刘老师的现代德语文学流派，一学期都没有点名，会有三个助教，人都很好的，讨论课上偏重于小组汇报展示，发言的次数相对少一些，还是挺轻松的，考试也是开卷
196733,3520,刘永强,2024-07-05 02:35:48,0,2,2,老师人很好，给分也好！！！
206315,3520,刘永强,2024-12-14 04:54:38,0,0,0,并慢慢
209995,3520,刘永强,2025-01-08 00:55:26,-5,8,13,我们这一学期开始换了题库，期末考90分的客观题，tmd给的PPT上很多都找不到，出一些很恶心的多选题，为了拉开分差而拉开分差，最后直接绩杀，卡绩3.6，你一个3学分的通核给分恶心成这样也是没谁了，艹tmd
209996,3520,刘永强,2025-01-08 01:03:30,8,10,2,拿到了一个非常低的分……但是真的有认真上课认真pre认真复习认真看慕课……心碎
210002,3520,刘永强,2025-01-08 01:20:54,-9,3,12,现代德语文学流派，内容很有意思特别喜欢，一学期四次小组pre工作量也不算很大，助教姐姐也特别特别可爱！最后期末考给分也很好 谢谢老师给我4.8～
210013,3520,刘永强,2025-01-08 02:11:30,-2,9,11,刘永强老师是很好的老师！！24-25秋冬现代德语文学流派，上课体验很好，给分也好。开卷考指望全在PPT上找到这现实吗，肯定要出一些考察平时上课听讲的题的呀，而且通核3.6不是也很正常吗，怎么就绩杀了，人不行别怪路不平哈
210036,3520,刘永强,2025-01-08 03:32:19,1,3,2,应该算比较水的通核，没去上过一次正课，四次pre也水水过了，虽然最后卡绩但我很满意了（确实没下功夫）
210111,3520,刘永强,2025-01-08 07:31:03,0,3,3,被卡绩了，无语，和历年卷完全不一样，说要要主观题结果客观题变多了，而且全是ppt上找不到的，很多感觉就是没有。当是我不努力的结果吧，但是十几门考试哪有时间复习通识课呢，绩点直接一落千丈。（上面的话可能有些情绪化，但是大家还是不要看到均分高就以为这课给分好吧，意识到通核课都是这样的就好，不要对通核抱有幻想，通核课就是比专业课要烦的，尤其是对i人来讲）
210199,3520,刘永强,2025-01-08 10:49:32,3,5,2,考试题目更新突然，在课上我们对德国艺术理解上手难度较高，期末给分本次较差，考试难度断崖式提高
210211,3520,刘永强,2025-01-08 11:25:00,1,1,0,选择题变多了简答题只有一道了，说明判卷更客观了呀，上课没听那只能靠当场现翻的能力了，我觉得这完全怪不了老师给分好与差。老师上课讲很好，感觉自己最后这个得分老师肯定是平时分捞了一手，因为感觉期末没这么高。课程任务其实水水的，四次小组pre，还是很推荐选的。
210410,3520,刘永强,2025-01-09 06:21:35,3,6,3,刘永强老师讲课好赞啊！对德语文学感兴趣的大胆选！有的人是不是平时上课水惯了啊，正如老师所说考的确实就是课上都讲过/讨论课上有提到过的呀，自己上课不听怪PPT上没有..
213696,3520,刘永强,2025-01-19 07:45:59,2,4,2,《现代德语文学流派》\n\n①关于课程：老师一学期基本是最后两节课点名，采用口头点名的方式，这两节课最好不要翘。老师上课其实蛮有意思的，认真听的话能学到不少。这门课事情在通核里面相对不多，主要就是四次Pre+mooc上面的东西，讨论课发言加分也不卷，总体还算轻松。\n\n\n\n②关于考试：开卷，老师也会发课件和复习资料。但是，24-25秋冬这次期末的题型变化很大，客观题分值提升到90分（有不少题目在PPT上是翻不到的），主观题被削减为1道10分题（今年的我记得是结合一部德国戏剧作品分析后现代主义文学的特征），而往年是主观题40分+客观题60分的模式。这样一来，最后的成绩相比往年，可能确实要偏低许多，我的成绩虽然还不错，但也是低于预期的。以后选这门课的朋友们可能要调整一下复习策略，重视平时的课堂学习。\n\n\n\n总的来说，这门课在通核里还算是蛮不错的，而且通核+美誉的双重标签也注定其选课难度之高。推荐！
16698,3537,丁薇,2016-07-03 11:20:49,0,2,2,谢谢老师给我4.8 超开心的啦\n\n平时课也只是看电影 非常轻松\n\n也没点过名\n\n期末交800字英文的管婴报告而已
17002,3570,Francisco Javier（华伟）,2016-01-19 12:13:55,3,3,0,大部分带课都是他哥哥Jose上的，考前还给我们发样卷让我们熟悉题型，真的较水，前几节课听听考前再突击一下满绩并不难～
17003,3570,Francisco Javier（华伟）,2016-01-19 12:17:10,5,5,0,Javier上了一半的课，他哥哥José上的后半段，给分超好人超好，各种满绩！\n\nMuchas gracias， señor Alonso.〈( ^.^)ノ
17005,3570,Francisco Javier（华伟）,2016-01-19 12:19:34,3,4,1,（主要是哥哥代课）好老师 很负责 干货超多 虽然没满绩但是分也很高很开心啦
17651,3570,Francisco Javier（华伟）,2016-01-20 14:42:46,3,3,0,大部分是Jose代的课，考前带我们做了两份样卷，最后考试波澜不惊地满绩Y(^_^)Y
20943,3570,Francisco Javier（华伟）,2016-02-04 15:11:01,1,1,0,飞一般的体验！
23765,3647,朱振宇,2016-04-15 08:00:24,3,19,16,有思想，有深度，虽然说话有些晕
27686,3647,朱振宇,2016-06-27 08:27:41,3,13,10,事情少 比较体谅学生 论文只要上点心给分都不错 老师自己知识丰富 就是表达的时候语速快 偶尔听的不是太清楚
27785,3647,朱振宇,2016-06-27 14:08:36,2,12,10,有深度，但是给分不怎么样，很用心写论文分数却低
28189,3647,朱振宇,2016-06-28 08:14:22,-2,5,7,没有平时作业，但课值得一听
59327,3647,朱振宇,2018-04-26 06:29:52,-5,15,20,极度恶心的老女人，第一节课上课两分钟二话不说就把中国学生赶出去，扬言不是韩国学生就给我退课！真nmb恶心！课程号一样其他课冲突毕业班为什么不能修？为什么没有负分？
63693,3647,朱振宇,2017-12-13 02:36:26,2,10,8,没有讲什么 听她的课没用的 发音也不好很难听
108470,3647,朱振宇,2019-05-26 07:31:09,0,6,6,老师懂的很多，很体谅学生，要仔细听老师说话，才能跟上思路，给分很好。老师的学术做的也很细致。
111365,3647,朱振宇,2019-07-01 05:03:13,0,5,5,老师博学，讲课有深度?交完论文还会单独来交流意见！很负责，平时也很体谅学生！
114876,3647,朱振宇,2019-07-12 08:01:22,0,4,4,莎士比亚，可以感觉到老师很有水平，不过课程内容比较少，事情也很少，给分不错
118620,3647,朱振宇,2019-10-29 15:38:03,4,7,3,实习拿脚打分 真的nb
126851,3647,朱振宇,2020-10-24 09:13:52,-3,8,11,说着不给学生添麻烦，实际上事情最多，一边批评体制，一边用体制压榨学生。\n\n对此人评价唯有“虚伪”二字。
139505,3647,朱振宇,2021-07-16 15:57:16,2,5,3,呵呵
151722,3647,朱振宇,2022-03-13 20:16:43,0,3,3,非常好
155551,3647,朱振宇,2022-06-14 08:59:07,5,9,4,老师很实诚也体谅学生，上课认真听干货很多强度很大，且熟知正态体系，期末会尽量给大家打高分，是很随和的老师哇！
160346,3647,朱振宇,2022-09-20 00:54:48,-1,4,5,和善爽利的北京老姐
165790,3647,朱振宇,2023-01-09 17:51:23,0,3,3,老师很有思想深度，给分也挺好的
190949,3647,朱振宇,2024-03-25 11:22:25,3,5,2,拉丁语课。一言难尽，人和课非常boring。不推荐
192625,3647,朱振宇,2024-05-25 12:41:25,4,5,1,什么sb老师，自己上课没水平，天天就知道人身攻击学生，你自己生气可以理解，天天在那人身攻击别人什么意思？还拿别人的经历开玩笑，很好笑吗你觉得😅😅😅但凡你指责点有用的，比如说学生上课不听或者是没有正确回答问题都比这好，真下头，嘴真脏
192761,3647,朱振宇,2024-05-30 05:40:35,2,3,1,真的很想骂人 不是必修就别来选他的课  恶心
200007,3647,朱振宇,2024-10-11 00:07:11,4,5,1,两年了，没守过一次信用，我真不知道他是怎么得到6.2分的。忽悠学生说要点名、有人听课，结果就是说着玩，而且还不明确点名次数。讲话全是呃呃呃，中文英文都卡碟。人身攻击也是真的，是可以举报的程度
200529,3647,朱振宇,2024-10-18 09:26:36,0,3,3,脑瘫老师，喜欢让学生轮着读ppt，随机提问ppt内容之外的问题，eg.你怎么理解xxx，如果ppt读错一个单词或者回答问题不符合她的预期，直接开始人身攻击，和言语羞辱。当着全班的面说同学人生失败，没被人爱过，没有办法专注，精神不好之类的，像连珠炮一样一直说，还要求学生必须回应她的羞辱。eg.“你是不是没法专注啊”“不是”。羞辱仪式持续1-5分钟
201262,3647,朱振宇,2024-10-31 01:58:32,-6,1,7,脑瘫老师，说点名赶过来了又没点，没说点名突然又搞纸质签到，最差的老师没有之一
201958,3647,朱振宇,2024-11-08 00:05:14,0,0,0,5分多是怎么得来的？？？为什么他的课是必修课？人身攻击，莫名其妙，给分也不行，我评1分都嫌多
203072,3647,朱振宇,2024-11-16 08:42:15,2,5,3,真的很喜欢朱老师，上课很有深度，非常喜欢听朱老师讲英国思想，每周最期待的就是这节课！（ps因为老师点名方式骂老师的我看你才是脑瘫，你自己不来上课没赶上点名不是活该吗？你不想上这门课就不要选啊，怎么会有人能这么厚颜无耻地觉得自己要点名才赶来上课是理所应当的😅）
203723,3647,朱振宇,2024-11-21 00:08:30,2,5,3,老师其实挺好的，不懂那些破口大骂的人在想什么，不去上课难道是一件理所应当的事吗？老师平常几乎都不点名，上课人数和课程人数明显对不上也不会说什么，就因为几次点名了自己没去就怪她也是牛啊，关系到自己利益破防了？虽然老师的口音和讲话习惯让人听起来有点困难，但是内容还是很深刻的，有时候也会和大家分享、交流自己的经历和见解，虽然不能算课上得好但是听了还是会有收获的。
207969,3647,朱振宇,2024-12-25 06:02:21,1,3,2,那些因为老师说要点名结果没点而破防的人，这难道也是老师的错？？来上课难道不是你一个学生的起码的本职么\n\n我可以很负责任地说，老师是一位非常不喜欢为难学生的人，考核和作业形式从来不会刁难学生甚至会给很多自由选择，顶多偶尔有点面凶心善。同时也是一位学识很渊博、有才华的老师，跟着她上课绝对可以学到真东西
214057,3647,朱振宇,2025-01-23 10:25:15,3,3,0,莫名其妙的给分和解释。。
91998,3673,袁淼叙,2018-12-25 09:29:41,0,5,5,老师会很耐心地给我们纠正发音，知识拓展得也很宽，虽然我比较水比较困不过老师真的超棒der
115570,3673,袁淼叙,2019-08-05 11:45:33,-1,5,6,老师真的很好
127864,3673,袁淼叙,2020-11-29 08:51:43,0,5,5,老师好可爱
127865,3673,袁淼叙,2020-11-29 08:52:49,1,8,7,感觉袁老师上课蛮自由的～
129793,3673,袁淼叙,2021-01-12 11:38:48,20,25,5,感觉老师是一个有些自我的人 活在自己的世界  外热内冷型
134066,3673,袁淼叙,2021-03-15 03:32:51,10,18,8,外热内冷，有虐待倾向
144075,3673,袁淼叙,2021-12-17 08:45:03,9,9,0,感觉有点太冷了。。
144216,3673,袁淼叙,2021-12-20 13:30:03,3,5,2,老师水平很高，是我们太菜
147318,3673,袁淼叙,2022-01-09 13:53:10,2,4,2,额额额
147319,3673,袁淼叙,2022-01-09 13:54:30,-5,1,6,还可以
160021,3673,袁淼叙,2022-09-12 01:54:17,2,4,2,上课冷漠，纠正发音就让自己对着镜子练，说了一句自己发音错了就不管了。
163355,3673,袁淼叙,2022-12-13 12:55:24,1,4,3,老师很好，很尽职尽责，对学生要求高，很复负责
168413,3673,袁淼叙,2023-02-15 13:47:45,1,3,2,老师很专业，上课节奏偏快，讲课细致
169593,3673,袁淼叙,2023-02-27 04:51:53,1,7,6,袁老师真的是一位耐心，细致，负责的好。
174582,3673,袁淼叙,2023-06-14 08:57:11,2,3,1,很冰冷，，不敢接触，有些死板
177755,3673,袁淼叙,2023-07-04 15:28:18,0,2,2,呵呵..快跑
215453,3673,袁淼叙,2025-02-26 07:54:27,0,1,1,反对高赞评论！某些本科生可不可以不要乱说啊？能不能先去了解了解再评论嘛？老师可能有时候没有那么外向啦，但每个老师有每个老师的风格，袁老师人很好很正直，对学生很热心，我去找老师谈话老师也很耐心。老师学术水平也很高，是我自己太菜了实在带不动呜呜呜。
216088,3673,袁淼叙,2025-03-10 09:24:12,0,0,0,老师挺好的，是我不努力
216668,3673,袁淼叙,2025-03-20 12:43:42,0,1,1,爱上袁老师就像呼吸一样简单！！！
23120,3686,Timothy John Osborne,2016-04-15 06:25:47,3,9,6,………
25451,3686,Timothy John Osborne,2016-05-19 16:10:45,7,15,8,课程略水，语法要求比较高，上完写作越来越不会写了，整体还行，不爱笑，没激情，很传统的感觉
32627,3686,Timothy John Osborne,2016-07-08 08:01:23,1,12,11,非常男神，上课讲语法，写作然后全班做改错，每次把我们手写的敲进电脑也真是辛苦了，给个高分吧
32630,3686,Timothy John Osborne,2016-07-08 08:11:12,21,25,4,给分不太好。。。估计不懂这边的行情
32645,3686,Timothy John Osborne,2016-07-08 13:05:32,3,5,2,平常上课挺水的，。中途溜走也不会被发现。平时的quiz给分比较严格，但最后考试挺简单的，都是上课的内容啦~
48106,3686,Timothy John Osborne,2017-02-28 13:09:47,5,8,3,非常认真负责的老师。没有夸夸其谈，脚踏实地，用行动说话。喜欢！
58492,3686,Timothy John Osborne,2017-08-30 12:11:01,2,5,3,17届国际校区英语强化 很nice的一名外教
58616,3686,Timothy John Osborne,2017-09-09 14:18:26,-4,2,6,嗯...讲的语法蛮好玩的，画树图尤有意思。但迷恋老版Star Treck什么的就有点无聊了。
61088,3686,Timothy John Osborne,2017-11-08 09:00:57,0,2,2,人好又帅，有肌肉
83121,3686,Timothy John Osborne,2018-07-09 18:32:08,3,6,3,感谢Tim 最后语义学仁慈了一把\n\n基本每周都Quiz 不过人挺好的
114877,3686,Timothy John Osborne,2019-07-12 08:03:26,0,2,2,语义学，每周quiz提前给了的课上ppt，所以基本靠自学，不过内容还是很丰富的，给分不错
123410,3686,Timothy John Osborne,2020-06-08 09:25:56,1,4,3,老师是世界级大佬！！依存语法的大牛
123750,3686,Timothy John Osborne,2020-06-13 12:51:45,0,1,1,不知道这次到底会不会改考核方式，回来再改评分
124968,3686,Timothy John Osborne,2020-07-27 00:53:33,18,21,3,绩杀，事多分低，劳而无获
125762,3686,Timothy John Osborne,2020-09-14 04:54:33,0,4,4,人有趣，课还不错。
126262,3686,Timothy John Osborne,2020-09-21 06:47:30,9,13,4,口语1：作业每两周准备一次presentation(但不一定抽到你或者几次都抽到你)；老师很好，讲课踏实细致；对于想尝试上外教上课的我来说很合适哈哈\n\n写作1：课堂写作，也是抽签来改，语法很厉害
126608,3686,Timothy John Osborne,2020-10-07 16:40:20,3,6,3,10分老师很好\n\n只是现在是国庆节10.8早上0点半，我还在准备presentation（是我太弱了www;)）今天早上要4点爬起来做别的作业我要好好学习时间管理能力呜呜呜
128353,3686,Timothy John Osborne,2020-12-21 06:24:54,0,5,5,跟着老师好好学，会有收获的，和中教老师是完全不同的教法
128988,3686,Timothy John Osborne,2020-12-28 03:53:49,0,2,2,哈哈哈哈哈楼上我问了他，他不是迷恋老版star trek（虽然确实好看呢）
129037,3686,Timothy John Osborne,2020-12-29 03:54:37,35,45,10,醉了，上课回答问题计入平时分，你倒是雨露均沾也行啊。就认识那么几个学生，别人举手你不叫，那些学生不举手你都叫，真就旱的旱死涝的涝死。有人记了20多次答题次数，有的人一次问题还没答过。学习态度再积极，也比不过近水楼台先得月。上他的课，可以；但记住，一定要抢前两排的位置，多一排都不行（除非你嗓门很大，穿透力很强，能让全班过耳不忘的那种，可以随便坐）。如果我的建议有用，就点个踩，让更少的人看到（bushi）
130021,3686,Timothy John Osborne,2021-01-15 04:18:40,4,6,2,老师人很好，会和我们分享一些新颖的想法，与本国老师不同的视角也带给我很多思考。不过老师给分也是很诚实的，不会照顾任何一个人，能力不足慎选。
132768,3686,Timothy John Osborne,2021-02-03 13:37:15,13,16,3,写作课上课的方式是每节课都写作文，抽小部分的人交上去评分。频繁的练习对人帮助很大，但是运气不好作文没有被很多次收上去评价的话还是等于做了很多的无用功。对语法有独到的见解，也因此在作文的这方面有执着的追求。评分非常量化，课堂发言有规定次数要求，对课堂积极性有促进但是导致很多发言水分很大，没有意义。绩点方面，作文水平高无需担心，水平一般的同学需要努力的方向符合老师的胃口才有可能拿下高分。
132772,3686,Timothy John Osborne,2021-02-03 13:49:07,3,7,4,上他的写作课积极跟他交流tim会认识你，语法大牛，细节控，偶尔冷幽默。学术很严谨，上课很认真。可能上课记发言和只抽八篇作文改比较让人介意吧，但他会保证一个人至少批到三次，发言也没有很鹅颈哈哈哈哈。是个超棒的帅大叔！冬天羽绒衣里面一件短袖真的佩服～
132775,3686,Timothy John Osborne,2021-02-03 14:04:10,9,10,1,给分低，慎选
133933,3686,Timothy John Osborne,2021-03-10 03:36:50,9,15,6,到现在遇到最惊艳的老师，对待学生很认真，基本能做到客观公正，不会因为和学生意见的分歧而怎么样（此处特别内涵某m外教）。给分标准很明确，每次pre都会标出分数组成，写作给分也会认真写评语，不存在莫名其妙给低分的情况。一学期的课认真上下来可以学到很多有用的知识，做pre和写作能力也真的有明显提高。某条热评说只给脸熟的人发言机会这点我完全没体会到，tim一直很鼓励同学发言，不管前后排只要举手他看到了就会让你发言。
136209,3686,Timothy John Osborne,2021-06-12 19:23:57,0,2,2,能学到东西
136998,3686,Timothy John Osborne,2021-06-29 09:12:58,5,7,2,对社恐及口语不那么好的同学极其不友好！老师是好老师，但是上他的课让我觉得付出和收获不成正比，而且10%的课堂参与度你永远不知道到底发言多少次能拿满，因为好像无上限。。。\n\n当代语言学：建议选隔壁Matheew的课，同一个课程，Tim一共两次quiz，期末论文3500-5000词；隔壁无quiz，期末论文上限1500词（自行体会Tim班的同学的心情）\n\n口语：曾经的口语1给幼小的我留下了极其大的心理阴影。。。\n\n总而言之：老师很好，对于想学到东西的可以来选，对于想要高绩点的请慎重。
138643,3686,Timothy John Osborne,2021-07-10 05:49:47,9,9,0,我上的是他的当代语言学，感觉蛮不错，而且可以说是大学到现在英语专业课程里学到的内容最多的一门课了。我对课程的评价如下：\n\n1.课程由于要求参与度而且要求尽量不要用电子设备（第一节课严一点，后面用电脑也不管，只要你不是上课玩游戏或者聊天被抓到就可以），所以一直有在专心上课，学到了很多知识；\n\n2.课程的安排和结构非常合理，隔壁课程虽然任务轻一点，但是课堂氛围真的比不上tim；\n\n3.任务确实重，但我说实话，如果不是这么多任务，我最后的学习效果肯定不好，绝对会划水。两次quiz并不难，只要好好背，一定可以85+（我两次考试都是看了一晚上，并没有准备很久）而且除了quiz和最后的论文没有作业，隔壁班每周都有超难作业；\n\n4.老师人很好，下课如果有不懂的去问他，会很乐意为你解答，而且是属于鼓励型的老师，你哪怕问的是很傻的题目，也会说你很好，有在思考，然后为你解答；\n\n5.课堂的参与度这一块，其实可以悄悄去看他的点名册，名字后画的就是你的参与次数，基本上所有人都差不多，除了个别发言很少的同学，所以我猜他应该这一块都给满了的，之所以不限制参与度上限，是为了保证课堂学习的氛围和质量。\n\n6.不知道其他同学的分数如何，从我个人来看，分数和付出是成正比的，扣分的地方自己也很清楚，不会不甘心。
139004,3686,Timothy John Osborne,2021-07-12 07:08:19,7,7,0,给个8分吧，扣的两分确实是因为口语给分不好，毕竟native speaker应该对这方面挺敏感的。但是确实能学到很多，口语也有进步。而且口语就1学分，不一定非要得很高的绩点，主要是为之后铺路吧！（3.6有一丝丝桑心😭）
142444,3686,Timothy John Osborne,2021-11-11 12:37:54,8,10,2,事有点多，而且鼓励内卷
143364,3686,Timothy John Osborne,2021-11-24 06:44:51,12,15,3,应该说Tim老师的教学理念和教学方式我觉得都是很好的，每次用心听课的确能学到不少东西，而不是单纯地为水而水。非常严谨和扣细节，pre的ppt的小错误会要求修改，写作课的标点也会帮你一直强调标出。对待学生也很热情很认真，绝对不会像一些老师一样摆架子（不cue具体名\n\n其实在一些情况下Tim做出安排都会问问班级的看法。美中不足是，在特定的课上，一节课很难抢到举手机会，还有比较卷的同学先抢后想...有时候确实抢不到。事情比较繁琐比较需要精心准备，课程本来就多的同学一定要好好安排。\n\n总而言之，这位老师的确是对你提升很大的老师，但是选课的时候需要慎重考虑。其实我觉得...就算最后只有一个3.3，学到的却是更多的知识，也不算太亏吧，
145480,3686,Timothy John Osborne,2021-12-30 02:40:42,4,5,1,慎选！
145816,3686,Timothy John Osborne,2022-01-03 01:43:15,6,7,1,事多而且绩杀，人还可以，但是给分就是有点寄
146122,3686,Timothy John Osborne,2022-01-05 13:55:24,1,5,4,很认真很负责的老师！！！这学期口语的期末考氛围太好啦，很轻松也很温馨。Tim虽然有点严格，要求有点多，但真的能学到东西，认真上课肯定会有回报的！
154532,3686,Timothy John Osborne,2022-06-02 04:28:22,-10,2,12,真的纯种，别选
155507,3686,Timothy John Osborne,2022-06-13 17:24:41,3,3,0,老师上课挺严格的，想水的话慎选。
158337,3686,Timothy John Osborne,2022-06-28 12:21:52,5,5,0,当代语言学：\n\n1.课程本身：和下面一条关于语言学的长评一样，这是我本学期学到知识最多的一门课之一。整个学期教学安排清晰合理，内容充实有趣，课堂氛围很活跃（感觉也跟Tim本人性格外向有关系），课程体验极佳，作为语言学方向的基础课可以说非常、非常值得。\n\n2.考核：两次小测各占25%，课堂参与10%，期末论文40%。【小测】认真准备80分应该不难，多花点时间也能拿到90往上。【课堂参与】也不难，班上只有十来个同学，感觉每个同学的参与度都很高，也没有口语课上卷发言的情况。【期末论文】的要求还是蛮友善的。Tim会给出二十几个参考选题，格式和引用规范，文章逻辑清晰即可。（因为Tim说知道大家都还是本科生，所以非常宽容呜呜）\n\n3.其他：这是我第一次上Tim的课，之前一直听说他给分超级严格，所以蛮害怕他。这学期的课在很大程度上改变了我对他的印象。Tim的确要求很严格，但都很合理；Tim绝对是鼓励型老师，会非常耐心地倾听一切回答，非常开心地解答一切问题；Tim很幽默，课上经常把大家逗笑，印象很深讲pantomime的时候给我们表演了圣诞老人。总之很喜欢Tim，也很喜欢这学期的课。
158358,3686,Timothy John Osborne,2022-06-28 16:03:40,6,6,0,当代语言学。课上总共十一个人，所以tim叫得上每个人的名字，课上气氛也很欢乐。tim擅长鼓励式教学，每节课强度很高，但很多美式幽默，偶尔秀恩爱（bushi），有发言、提问的同学他都会很高兴。课堂发言+两次小测（判断题+简答，没有范围，学过就是范围）+一篇论文（反内卷2000-2500词）一学期跟下来了解了不少语言学的知识，学词法、句法的时候画dependency tree真的很有趣（tim还会时不时拉踩隔壁的constituency tree（bushi）以及“Colorless green ideas sleep furiously” 这句话可以说再也忘不了了。唯一有点小失落的就是给分吧，等了好多天，还是有些低于预期，估计是论文写得一般吧。但真心想学知识的同学，tim绝不该错过！看到分数的一瞬间有些后悔学期初退Matthew选了tim，但回看一学期的学习体验，还是觉得这一选择很美好很值得！
158518,3686,Timothy John Osborne,2022-06-30 02:41:36,12,12,0,给分并没有很求是 而且很尽职尽责 课堂氛围很好啦
158605,3686,Timothy John Osborne,2022-06-30 15:43:04,11,11,0,语义学：\n\n1.课程内容：依然和之前的当代语言学一样，内容很丰富，学到了很多。这段时间重新回顾了一下这两门课，发现语义学的知识容量会比当代语言学要多蛮多，大家可以酌情考虑。\n\n2.课堂氛围：和以前一样的参与度考核方式，所以课堂氛围很活跃。课后会让同学们自己看参与的次数，大家依然是差不多，感觉tim应该不会对参与度要求特别高。\n\n3.考核方式：（1）参与度（可以不来上课，只要你参与度足够高，没有考勤分数）；（2）两次quiz+期末考试。不过下学期应该会改革，tim说是一次期中quiz+期末考试。quiz的简答题要求较高，需要好好准备，但我看了一下分数册，大部分都还是80+的。个人认为准备5小时足够了。\n\n4.总结：想要研究语言学的话，还是很推荐大家来上tim的语义学的。
160826,3686,Timothy John Osborne,2022-10-15 06:33:40,-6,0,6,jitoule
163301,3686,Timothy John Osborne,2022-12-12 10:23:51,4,4,0,timothy的口语课真是一言难尽，两次pre实际上要做好多次，然后后半程又没事可干，想举手回答问题刷participation人家不叫你也白搭。但老师人还是不错的，打个5分鼓励一下
166736,3686,Timothy John Osborne,2023-01-13 11:19:25,4,4,0,请尊重语法不好的人，谢谢
166747,3686,Timothy John Osborne,2023-01-13 11:49:18,2,2,0,TJO是真的很严格，给分也真的求是（甚至感觉有点绩杀）
168490,3686,Timothy John Osborne,2023-02-18 12:30:52,2,2,0,上课的时候对待学生很严肃，对于哪怕是最小的错误都会指出来，给分很严格。
169097,3686,Timothy John Osborne,2023-02-24 09:25:24,3,4,1,别选，逃！
178106,3686,Timothy John Osborne,2023-07-07 02:58:29,14,20,6,我真的吹爆Tim！他一直是一位很求事的老师，所以很多课的绩点比较低，但是在他的课堂真的能学到很多东西，如果坚持下来，最终也能获得不错的成绩。语义学因为是语言学模块的选修课，所以人比较少，第一次体会到了想象中大学课堂的感觉，同学们互相学习，和老师交流，而且Tim的求是还包括他不确定的 他会大方的告诉你，会回去资料后再给我们答复，考试的重点是什么也会说，上课很有方法，也会穿插一下放松的内容（比如各种学者的八卦。总之，如果你是一个唯分数的人，那么别选Tim，你们都不会快乐，如果你想收获知识，Tim绝对是个满分的好老师
178127,3686,Timothy John Osborne,2023-07-07 05:26:47,11,12,1,上的语义学，是我第三次上tim的课哈哈哈哈 期中测试(35%)+平时分(15%)+期末考试(50%)，总体课程强度偏大，但因为班里加上tim不到十个人，所以上课的氛围很轻松愉快，享受博士生待遇(bushi 也能收获很多语义学知识。千万别被打分吓跑然后错过一门好课！
178233,3686,Timothy John Osborne,2023-07-08 11:08:44,3,8,5,给分超级差，完全不捞人，建议直接跑
205929,3686,Timothy John Osborne,2024-12-13 00:50:03,3,3,0,很实事求是的老师
208376,3686,Timothy John Osborne,2024-12-27 08:15:11,5,5,0,平心而论，这门口语课的确让我的口语得到了锻炼与提升，这课的确不水。\n\n  但发言记平时分真的不太公平，老师只记得那几个人的名字，只爱点那几个人，旱的旱死、涝的涝死。有人一节课加四五分，有人举一整节课的手也答不了一次。经常上完课情绪很不好。平时分也没有上限。就算不受分数的影响，还是会让多数同学心里不好受。\n\n  绩点也非常求是，按照各板块表现占比
41314,3738,卢云,2018-07-05 02:37:31,-24,8,32,胆战心惊
51411,3738,卢云,2017-06-05 07:00:38,27,29,2,内外兼修 真女神 会生活
52600,3738,卢云,2017-06-21 10:18:41,19,19,0,帅气!
52602,3738,卢云,2017-06-21 10:29:03,28,30,2,不如把主题改成论被老师侧脸圈粉是怎样的体验。。Me gusta muchiiiiiiiiisimo.(自行脑补esther的语气)
55700,3738,卢云,2017-07-02 08:05:00,30,31,1,老师真的很有水平呀，上课很有激情，不容易睡着，而且上完给人很踏实的感觉，不懂的都懂了！
58386,3738,卢云,2017-08-30 09:34:34,15,21,6,不对我生气的时候比较可爱，但是神经比较不敏感，做了什么事要做什么事容易忘，我只是想把她的分数拉到9上面0 0
63911,3738,卢云,2017-12-19 06:07:38,20,20,0,我是颜粉
63912,3738,卢云,2017-12-19 06:12:53,35,37,2,喜欢老师！军人出身的老师超级无敌帅！而且把我们当成她的孩子来看待，平时挺严厉的，但会支持我们的爱好和梦想。
63914,3738,卢云,2017-12-19 06:17:54,17,18,1,太爱了！不上9没天理！
63940,3738,卢云,2017-12-20 02:50:04,14,17,3,英气逼人
63941,3738,卢云,2017-12-20 02:49:18,18,19,1,好老师，超级热心，人超好～颜粉～
63942,3738,卢云,2017-12-20 02:51:48,7,10,3,Es muy hombre!
63945,3738,卢云,2017-12-20 03:31:01,12,12,0,Buenísima！
64259,3738,卢云,2017-12-22 04:08:38,11,11,0,很充实
64833,3738,卢云,2017-12-27 10:18:01,15,15,0,卢老师有才华又巨可爱！！为什么评分没有上9??西语专业学生不服
65039,3738,卢云,2017-12-28 10:13:31,9,10,1,老师人巨好！！讲课也超棒！
66094,3738,卢云,2018-01-11 13:52:45,8,10,2,喜欢吃粉蒸肉！
79961,3738,卢云,2018-07-10 19:17:54,12,16,4,卢云究竟是谁（shuí）？为什么有能力让西语学子整夜不睡？究竟是人格的魅力？还是求生的欲望？敬请收看4小时43分后播出的纪录片《基础西班牙语IV期末考试》
80091,3738,卢云,2018-06-20 02:10:50,13,13,0,老师人真的巨好！通识课上了解了很多东西，对西语文学也算是有一个最基本的了解啦!文学嘛，自己去看书才是最重要的，老师也经常鼓励我们课下去看书。\n\n但是...作为一个没什么文学素养的我...即使看了书，也还在期末论文的ddl边缘垂死挣扎_(´ཀ`」 ∠)__ \n\n
80504,3738,卢云,2018-06-27 07:38:22,10,10,0,今天结课了，一定要来评价一下！老师真的是女神了！虽然作为一个文盲很多书都没看过（捂脸，但也了解到了一个基本概况！点名点的很少的！给老师发邮件老师都会认真回复，真的非常棒了！听老师讲西语真是一种享受呜呜呜！
80552,3738,卢云,2018-06-28 00:44:09,8,8,0,讲得很好
83369,3738,卢云,2018-07-10 07:34:13,9,13,4,老师真的超美超级和蔼～就算是比较枯燥的内容老师也能讲得很有趣（对不起老师原谅我还是听不进去?）。最重要的是，老师您给我留的绩点真的太让我这个水军感动了啊啊啊……
83385,3738,卢云,2018-07-10 07:47:26,12,12,0,特别好的老师！上她的西班牙语国家文学是一种享受，听得很舒服很有趣，拓展了知识面。期中期末一篇小论文一篇大论文，只要用心写分数会很高。墙裂推荐
83414,3738,卢云,2018-07-10 08:42:49,19,20,1,上了老师的西班牙语国家文学，觉得非常好。老师是西班牙语所所长，讲课非常优雅，就是外语学院的老师会给人的那种感觉。平时对同学们也比较宽容，一门通识课只有两篇一大一小的论文而且一般不点名，最后绩点还不错。因为这门课而对西班牙语国家文学产生兴趣，读了博尔赫斯、胡安鲁尔福等人的作品，收获很多。谢谢老师！
83570,3738,卢云,2018-07-10 15:23:45,21,22,1,我说卢老师是浙大气质女神没有人反驳吧！
83682,3738,卢云,2018-07-11 03:52:18,10,11,1,不多说！用女神足以概括！
84023,3738,卢云,2018-07-12 01:04:30,20,21,1,作为一个理科专业的学生 上西语文学的通识课觉得很有意思 （老师好美喔哈哈哈穿衣也很有品
84217,3738,卢云,2018-07-12 09:01:10,11,11,0,很少点名，就两次可能。老师是一个很干练很英气的女子，讲课也很好，特别是读诗的时候很有韵味。这种文学类课程写论文比较煎熬，但是最后能够得到老师的认可是一件很幸福的事。
84393,3738,卢云,2018-07-12 16:51:15,7,11,4,作为此前完全没有任何西班牙相关知识的人，上老师的课也觉得好享受，真的上得非常好！老师念西语好好听！作业也少，没有任何基础写论文，但只要真的花心思了，就算观点幼稚也没关系。虽然只是4.5，但已经超级满足了！老师简直真爱！……注意，要原创~
84416,3738,卢云,2018-07-12 22:21:57,13,15,2,太好的老师！上课非常认真，也非常尊重学生，经常和学生说“对不起”，对自己的课程负责任又很有热情。听说出成绩前老师为分数忙了一下午就怕给分差了，真的很感动了！（而且老师人美还每次都穿好好看喔！迷倒！
86524,3738,卢云,2018-09-17 04:45:36,9,10,1,¡Buenísimo!
87994,3738,卢云,2018-10-20 03:15:04,10,10,0,太喜欢了\n\n上课有很多干货\n\n不过不能走神了哈哈哈哈哈\n\n很认真思维很活跃\n\n比学生脑子还活跃\n\n有气质！
92160,3738,卢云,2018-12-27 00:50:15,7,8,1,老师这学期居然有面向全体本科生的西语课了吗 可我这学期专业课冲突选不了 下学期也换校区了没法上555555 上学期选了西语文学课真的好喜欢啊！
104860,3738,卢云,2019-03-29 02:49:01,7,8,1,卢云云鹅老师也太可爱了叭！\n\n我要努力留下来一直做卢云云鹅老师的外卖小哥！
109664,3738,卢云,2019-06-18 07:57:57,21,21,0,¡¡¡Me gusta profesora Lu tres mil!!!
109685,3738,卢云,2019-06-18 11:30:31,9,9,0,“我宣布Beatriz是我的新宠啦！“
109701,3738,卢云,2019-06-18 13:26:15,12,12,0,妈妈说，爱一个人就要爱他三千遍啦！
111299,3738,卢云,2019-07-01 01:30:57,9,9,0,老师教得真的超超超超级棒，不是西语专业的我都被她的认真热情善良美丽给打动了，虽然几乎每节课都被点名回答问题，但是上课体验太好了。 Me gusta mucho mi profesora Lu.
111302,3738,卢云,2019-07-01 01:48:28,11,13,2,永远记得“马云的香拿铁”：Muy bien，siéntate.\n\nMe encanta la lección de español y profesora Lu.\n\n还有帅气的?教lxy，嘻嘻。\n\nEncantado de conocerlos，chicos.\n\nHasta luego.\n\n后面的学生们，上课前别忘了买一杯青柠百香果，然后坐在前排吧。
111311,3738,卢云,2019-07-05 12:04:06,15,15,0,西班牙语，一个让你3分满绩且收获满满的课
111382,3738,卢云,2019-07-01 05:34:45,7,7,0,卢老师又美又温柔！课堂很有家庭感，密集式点名虽然有点害怕但是很帮助进步～
112488,3738,卢云,2019-07-04 11:52:54,5,5,0,老师真的超级棒啊
112632,3738,卢云,2019-07-04 23:09:03,3,4,1,卢云老师te amo!\n\n我宣布英语已经失去我的宠爱了hhh
112706,3738,卢云,2019-07-05 00:52:59,4,5,1,没想到大四狗在毕业前还能听到卢云老师的课，非常幸运了(✪▽✪)
112981,3738,卢云,2019-07-05 17:13:49,3,3,0,完美 最爱西语没有之一
113682,3738,卢云,2019-07-07 03:51:23,4,4,0,完美 无可挑剔
115394,3738,卢云,2019-07-21 03:09:44,1,2,1,上卢云老师的课就是会各种开心，背单词也开心，造句子也开心，讲语法也开心，我要做卢云老师的小迷妹(｡･ω･｡)ﾉ♡
116934,3738,卢云,2019-09-17 11:21:03,2,2,0,老师超级温柔耐心，这门课的助教也是我遇到过最好的助教啦，虽然最后绩点不怎么理想，但是也不忍心给低评分。
142533,3738,卢云,2021-11-12 16:27:39,-1,0,1,还可以的
144170,3738,卢云,2021-12-20 04:45:51,0,1,1,非常好！
146492,3738,卢云,2022-01-06 16:46:14,2,2,0,Diosa!!!
160317,3738,卢云,2022-09-19 03:43:05,6,10,4,系主任工作做得真的一般….排课到底是怎么想的 是想劝退学生继续学习西班牙语吗 那真的很成功👌
160799,3738,卢云,2022-10-12 11:05:44,-13,3,16,求求不要刚讲完一节内容就立即听写好吗，还是新的整篇文章；虽然是自己念的，表示背了单词有时候也听不出来啊
163450,3738,卢云,2022-12-14 11:07:44,-37,5,42,老师整体上挺好的，就是有点过于圆滑了，相处起来感受到虚伪。
165008,3738,卢云,2022-12-28 09:50:57,15,16,1,卢老师不用怀疑自己，大家都很喜欢老师的！！！
165009,3738,卢云,2022-12-28 09:54:40,15,15,0,楼下看不懂了，我觉得老师很好啊，哪里圆滑了。。。作为单纯对西语感兴趣的人，来修西语一能感觉到老师很洋气！然后课堂氛围很棒，老师会一直提问的，我本来很害怕课上互动来着，但是后面直接脱敏了哈哈哈哈（老师很好的，提问不会有局促的感觉，我们回答也不用站起来）课程可以说基本没有作业量，对自己的要求严就会多做一些课后的复习吧~btw后面上网课，老师叫人总是叫不到还挺衰挺心疼的lol……如果下学期老师能再教西二就好了TvT
165010,3738,卢云,2022-12-28 09:56:33,11,11,0,这么好的一位老师，不论上课还是为人都是12分还能有人不满意，刚刚上完卢老师的课非常舍不得🤔☝️☝️☝️👍👍👍
165011,3738,卢云,2022-12-28 09:59:51,10,10,0,真的超爱ly老师！！可以说这学期最有收获也最喜欢的一门课就是西班牙语I了！！
166188,3738,卢云,2023-01-11 11:05:08,1,2,1,老师特别用心，真的特别特别善良
166751,3738,卢云,2023-01-13 12:02:18,5,6,1,很有魅力的老师，上课讲的很好，只是本人觉得有时候太快了（可能是我太菜）
166815,3738,卢云,2023-01-13 16:47:03,5,12,7,老师 算我求你了 给你跪了 把salva辞退了吧
168728,3738,卢云,2023-02-21 12:57:59,1,2,1,让一个外专业的人产生了西语一路到IV的兴趣
190543,3738,卢云,2024-03-07 16:30:53,0,1,1,卢老师，赞！
192391,3738,卢云,2024-05-17 09:32:44,-3,5,8,延迟评价一下。老师人还是不错的，课讲的可能也不错吧。但对于零基础二外入门来说西语I实在是地狱级了。讲的非常得快而且不细，好像默认大家都有一定基础一样。但这明明是一节入门课……非常遗憾最后也没拿到好成绩。对于学业压力大没什么时间课后自学的同学来说不推荐她的西语I。
204253,3738,卢云,2024-11-25 05:10:21,-1,1,2,感觉很会看人下菜
204475,3738,卢云,2024-11-26 06:34:24,1,1,0,喜欢卢老师的课！
210528,3738,卢云,2025-01-09 10:02:19,1,2,1,老师上课很认真，课堂容量不小，认真听会有很多收获
221546,3738,卢云,2025-06-24 11:39:34,0,0,0,老师很博学很优雅上课不水。西班牙语国家文学只有一个pre一个论文，给分超级好！
51412,3739,杨骁,2017-06-05 07:01:19,1,4,3,哈哈哈哈哈哈哈哈哈
55695,3739,杨骁,2017-07-02 07:59:49,2,25,23,老师上课，有点不灵活，不要一直照着ppt读啦，有的时候真的很想睡觉哎。。。
59073,3739,杨骁,2017-09-19 10:20:16,13,23,10,很可爱的老师   上课很有耐心
63913,3739,杨骁,2017-12-19 06:14:34,5,11,6,我就想给Xiao攒点评分数
63915,3739,杨骁,2017-12-19 06:21:58,6,17,11,翻译腔很可爱
63919,3739,杨骁,2017-12-19 07:27:33,6,12,6,给哥打call 骁哥最可爱不接受反驳骁骁
63952,3739,杨骁,2017-12-20 04:00:13,1,10,9,xiao在芳华的出道舞台大家多多捧场
63955,3739,杨骁,2017-12-20 05:12:51,2,12,10,性格还是挺好的！
64142,3739,杨骁,2017-12-21 05:39:24,0,6,6,没有卢比大熊hombre
64327,3739,杨骁,2017-12-22 12:37:33,7,17,10,我觉得杨老师上课挺活泼生动的，作为年轻老师备课还是很认真的。
64328,3739,杨骁,2017-12-22 12:38:00,9,17,8,骁老师上课形式很多 青年老师中比较喜欢骁老师
65299,3739,杨骁,2018-01-02 16:10:33,4,13,9,好好好
72388,3739,杨骁,2018-01-30 04:37:27,3,12,9,杨骁老师上课知识丰富，语言水平很高哇
72605,3739,杨骁,2018-01-30 13:26:45,5,10,5,老师很负责很可爱
72626,3739,杨骁,2018-01-30 14:07:45,5,12,7,杨骁老师教学灵活 很有亲和力 对我们很关照哒
72976,3739,杨骁,2018-01-31 13:13:45,5,12,7,老师很温柔呀!上课是轮着发言的，练的机会很多，会耐心地纠正你的发音和语法，上课有自己的一套方法，给骁哥打call
80738,3739,杨骁,2018-07-02 06:32:09,0,15,15,No me gusta este hombre.
80887,3739,杨骁,2018-07-02 10:04:57,7,14,7,me encantan sus clases
81614,3739,杨骁,2018-07-05 14:28:41,7,11,4,Xiao老师 上课投入 引领我们进入西语情境 风趣的西语文化吸引了我
82875,3739,杨骁,2018-07-09 08:50:35,3,9,6,Bien，muy bien，genial.
87902,3739,杨骁,2018-10-23 05:45:47,-3,8,11,不想上他的课
87993,3739,杨骁,2018-10-20 03:12:47,4,9,5,脾气很好啊\n\n也很负责任\n\n我是蛮喜欢的
94007,3739,杨骁,2019-01-15 00:50:51,4,15,11,挺差的，讲的很多知识点都是错的，上课照读课件，学生一有问题就答不上来了。\n\n不知道之前评价为什么那么好，但没有夸张，这学期他上的真的很差。
94141,3739,杨骁,2019-01-15 09:18:15,2,5,3,说实话，之前老师耐心什么挺好的，赶脚这学期老师有点忙…后来意识到开始有交流呢。上课无功无过吧，毕竟是启蒙老师，人挺善良哒
98325,3739,杨骁,2019-01-24 09:48:11,-2,7,9,杨骁这个谜一样的男人\n\n我是不懂的\n\n叹气.jpg
117959,3739,杨骁,2019-10-17 02:23:32,-4,7,11,互相折磨
118339,3739,杨骁,2019-10-25 05:40:10,-2,7,9,垃圾老师
118795,3739,杨骁,2019-11-06 04:47:49,6,15,9,教得差，人品也差。不知道怎么有8.9分的，怀疑是他自己打的。社会调查给的分低到教学处都看不下去，说“这个不用打这么低的”。
119767,3739,杨骁,2019-11-15 14:39:23,1,3,2,这分数，咋还
120684,3739,杨骁,2020-01-15 07:31:51,4,6,2,很负责
120914,3739,杨骁,2020-01-18 17:29:46,1,16,15,讲的太差了，照左雅老师差远了，给分也不好，我认认真真学了一个学期的西班牙语最后跟我两天速成的微积分一个分数，说来都觉得可笑
122549,3739,杨骁,2020-03-03 23:48:34,2,4,2,我觉得杨老师课上的很好，给分也公正合理，我继续选了他的西班牙语。如果说两门老师教一门课，给分就一个老师来评？想想也不可能是这样。
163613,3739,杨骁,2022-12-15 16:18:50,0,9,9,只会读教材
166650,3739,杨骁,2023-01-13 07:15:58,4,10,6,教条死板 考试不合理 上课只会读教材 没什么思想 读的也不好 不如一台录音机 这种水平到底是怎么评上副教授的啊 呵呵
167294,3739,杨骁,2023-01-15 11:53:06,1,4,3,老师真的好好好耐心o(≧v≦)o怎么会有这么多人喷他 以我这学期上西班牙语1的体验来说老师超级认真负责，有问题都很快回答，点名也是偶尔数字点名。在向老师请假身体不适的时候老师也超级好“天呐！照顾好自己！”wwwww老师也太温柔了。一个学期分组一次pre然后两三次作业两次听写，助教gg也很认真负责。虽然还没有处分但还是吹爆老师！（要是能快点出分就好了求求了别的西语1都出了
167809,3739,杨骁,2023-01-19 07:32:35,2,5,3,挺负责任的老师，但是给分没有想象中的好
167811,3739,杨骁,2023-01-19 07:42:22,0,5,5,西语1 92-4.8很满意了/可怜\n\n老师真的很好 非常认真负责 教得也很好 就是出分有一丢丢慢QwQ\n\n很可惜下学期因为专业课原因没法继续上西语2但是还是想继续学下去哒
167831,3739,杨骁,2023-01-19 09:49:27,0,2,2,老师人很负责，上西语1我这样的语言白痴都能比较轻松地跟上。\n\n人也挺好的，我因为想备考四级向老师请假他都会同意，还让我好好准备QAQ\n\n最后成绩给的也非常不错！！！
167840,3739,杨骁,2023-01-19 11:52:13,4,5,1,杨老师很好阿！虽然上课节奏可能有点快，但是讲的还是挺仔细的，问答疑也非常耐心。上网课期间很关心同学们，结课的时候还剪了vlog呜呜呜呜。考试前就期末考试的题型复习了很久也很仔细。真的挺好的！！
172489,3739,杨骁,2023-04-27 18:06:53,2,3,1,上的西一\n\n老师讲的很细很好\n\n听起来压力不算大\n\n课后正常复习的话\n\n给分很好
175436,3739,杨骁,2023-06-25 01:54:13,-7,3,10,这么好的老师为什么不给他10分？
175911,3739,杨骁,2023-06-27 06:07:33,11,19,8,全程念PPT念书。
177292,3739,杨骁,2023-07-02 15:25:41,1,4,3,老师很好呀，这学期西班牙语三，一开始上课会觉得有点跟不上老师的节奏，讲得有些快，后来和老师沟通过，也慢慢发现自己可以跟上上课的节奏了，学得还是挺扎实的，老师脾气也很好，很体谅我们，期末也没有特别特别大的压力
184051,3739,杨骁,2023-12-07 10:39:14,8,13,5,自上而下地开摆
200740,3739,杨骁,2024-10-21 15:22:25,11,11,0,听说您离开浙大了？这么突然一点消息都没有啊！！？
201542,3739,杨骁,2024-11-04 07:09:41,8,9,1,所以老师为啥离开浙大了呢
211939,3739,杨骁,2025-01-13 02:13:27,4,5,1,老师走了，但是老师水水的上课精神依然在洗浴所流传。。。
86962,3829,DAVIDPICKUS,2018-09-19 15:11:51,2,2,0,哇！皮皮也有查老师啦！
93045,3829,DAVIDPICKUS,2019-01-07 06:04:30,-3,0,3,不知所云，无聊透顶
99063,3829,DAVIDPICKUS,2019-01-24 08:10:27,2,3,1,老师很不错的 给分也还行吧
103116,3829,DAVIDPICKUS,2019-03-12 06:32:30,3,4,1,文化话语还是不错的\n\n喜欢听皮皮讲故事\n\n皮皮真的很喜欢中国文化啊
105617,3829,DAVIDPICKUS,2019-04-17 10:04:53,7,8,1,自己听不懂，不要怪老师。\n\n他讲得确实很难。但他对每个难点都用尽可能浅显易懂的语言解释。如果全神贯注，一定不至于觉得“不知所云”。\n\n他的《文化话语》讲的都是西方文化中最深层、最核心的东西，所以当然有难度。但同时这决定了这门课的非凡价值。\n\n有的人上课不听，玩手机、睡觉，只在老师讲中文的时候跟着呵呵呵笑几下——这种人当然听不懂。\n\n
110448,3829,DAVIDPICKUS,2019-06-26 17:36:18,1,1,0,很好。
112269,3829,DAVIDPICKUS,2019-07-04 00:29:43,-1,1,2,上课很无聊且没逻辑，能把别人绕晕
80156,3859,姜磊,2018-06-21 00:56:26,0,3,3,老师很肥肥很可爱
80157,3859,姜磊,2018-06-21 00:56:31,1,3,2,姜老师扫描技术加强啊！！！
80158,3859,姜磊,2018-06-21 00:56:36,5,7,2,安德烈
107723,3859,姜磊,2019-05-08 13:21:21,0,2,2,老师真好 55
127090,3859,姜磊,2020-11-06 12:33:45,-1,4,5,u1s1觉得老师的俄语水平还有待提高啊。。。见过他和毛子说话。。尴尬症要犯了
127092,3859,姜磊,2020-11-06 12:37:22,-5,6,11,长相憨 做事蠢 总是不知所云
127235,3859,姜磊,2020-11-16 11:50:50,-1,4,5,讲课的水平一言难尽 但给分还行 大概就因为这样学生喜欢吧
127236,3859,姜磊,2020-11-16 11:53:56,-9,3,12,看了老师的文章 实在无语
127836,3859,姜磊,2020-11-28 06:44:35,0,3,3,上他课的时候简直想原地爆炸
127837,3859,姜磊,2020-11-28 06:48:32,-1,2,3,说话说一半 剩下的要自己体会
129791,3859,姜磊,2021-01-12 11:36:10,0,3,3,不能再同意。。有什么话能一起说完么 不要反反复复变来变去
134840,3859,姜磊,2021-04-18 10:01:15,0,1,1,老师很棒！
140496,3859,姜磊,2021-09-13 05:26:15,4,4,0,老师一点都不胖 明明好瘦 老师怎么减肥的呀
140672,3859,姜磊,2021-09-15 04:14:14,4,5,1,老师一点都不胖，也不憨，老师现在很瘦很精神，我觉得他一定是天天跑步🏃‍♀️减肥成功了！非常好 хорошо!
141596,3859,姜磊,2021-10-16 07:33:11,4,4,0,老师很管理学生很自由，很佛。借口问老师是怎么减肥的 真厉害！减了起码好几十斤
141948,3859,姜磊,2021-11-03 10:04:45,1,5,4,很棒棒的
141996,3859,姜磊,2021-11-03 10:10:40,1,6,5,老师很棒，研究深入
153944,3859,姜磊,2022-05-17 12:22:15,2,15,13,划水大师安德烈 懂得都懂。。。。
166489,3859,姜磊,2023-01-12 11:02:21,-4,5,9,俄概上的很划水
171370,3859,姜磊,2023-03-22 14:37:42,2,2,0,上课会分享自己的学习心得，介绍俄罗斯相关情况，出国留学的情形
173354,3859,姜磊,2023-05-20 16:42:53,5,6,1,啊多好的安德烈 怎么可以说他
180697,3859,姜磊,2023-09-25 03:39:46,2,2,0,非常喜欢，懂的都懂
180951,3859,姜磊,2023-09-29 01:31:13,1,1,0,姜老师很棒，随和！
180952,3859,姜磊,2023-09-29 02:12:54,1,1,0,为学生考虑！
181282,3859,姜磊,2023-10-13 02:44:29,8,10,2,我不允许他这么低😭
181827,3859,姜磊,2023-11-02 01:31:17,9,10,1,我爱安德烈
190724,3859,姜磊,2024-03-16 06:52:42,5,5,0,大爱安德烈
191208,3859,姜磊,2024-04-12 01:52:06,7,7,0,属实很好
191209,3859,姜磊,2024-04-12 01:52:06,3,3,0,属实很好
192093,3859,姜磊,2024-05-09 04:23:17,3,3,0,战线太长了
192621,3859,姜磊,2024-05-25 08:20:29,1,1,0,进度条拉过了百分之五十
195885,3859,姜磊,2024-06-30 14:03:21,-4,0,4,太替我舍友难过了
209682,3859,姜磊,2025-01-06 13:56:38,2,2,0,知识渊博，启发式教学
79700,4045,Michael  R？der,2018-06-13 02:09:12,-1,1,2,真不错的
91843,4045,Michael  R？der,2018-12-22 14:30:59,0,1,1,还不错
91844,4045,Michael  R？der,2018-12-22 14:32:17,0,1,1,人很好，给分也不错。上课可水可听，挺好的。平时微信问问题也很耐心。
96235,4045,Michael  R？der,2019-01-20 14:46:49,0,1,1,挺好的，比较好
99264,4045,Michael  R？der,2019-01-24 14:02:33,0,0,0,anspruchsvoll
103727,4045,Michael  R？der,2019-03-04 16:09:58,0,0,0,可爱的米老师～
111764,4045,Michael  R？der,2019-07-02 21:36:37,1,2,1,总是喜欢爆发出一阵窒息式大笑，上课可以水，给分比较公平
123215,4045,Michael  R？der,2020-05-20 09:31:27,0,0,0,
123687,4045,Michael  R？der,2020-06-11 13:27:41,0,1,1,上的视听说 听不懂老师说的 语言不通就很难受了 我上了这门课感觉没什么意义 分数给的挺高
123700,4045,Michael  R？der,2020-06-11 16:33:52,3,3,0,可爱的肯德基老爷爷！！圣诞节给我们开了party还给了蛋糕吃！平常上课很有趣，点到你开口一开始有点紧张，后来就想多说啦，给分也不错~下学期他就回国啦，想他！
124099,4045,Michael  R？der,2020-06-24 00:27:12,0,0,0,罗德老师是我见过的最和蔼的老师。给分绝对是公正又好的。想水课也是可以的，但是分会相对低。想拿高分就积极互动
72061,4106,Benno Hubert Wagner,2018-01-29 09:22:12,16,25,9,没想到有瓦老师的条目了hhh 瓦老师人很好平常上课也很幽默很负责，不过相应的对自己布置任务的完成度要求也很高~
73026,4106,Benno Hubert Wagner,2018-12-19 07:53:02,3,22,19,wagner：考试题库都告你，看的完算我输
74917,4106,Benno Hubert Wagner,2018-03-06 11:41:08,0,5,5,big boss is watching uou!
75227,4106,Benno Hubert Wagner,2018-03-26 09:23:02,-1,4,5,男版s外长
75934,4106,Benno Hubert Wagner,2018-10-01 15:52:56,-17,8,25,煎熬……难受……\n\n感觉文化话语这个课不如自己看书
75947,4106,Benno Hubert Wagner,2018-03-22 12:12:23,0,0,0,Very well prepared and rich class.
82897,4106,Benno Hubert Wagner,2019-09-25 09:17:18,-66,6,72,德国来的煞逼
86549,4106,Benno Hubert Wagner,2018-10-09 16:35:28,-20,5,25,他上课必然点名，事情也很多，可能认为中国大学生时间很充裕。课堂资料意义不大。
87092,4106,Benno Hubert Wagner,2018-09-20 08:10:38,-17,4,21,必然点名，上课很迷，作业多，但不检查
87530,4106,Benno Hubert Wagner,2018-10-01 15:39:36,7,11,4,(⁎⁍̴̛ᴗ⁍̴̛⁎)
87725,4106,Benno Hubert Wagner,2018-10-11 02:29:18,9,11,2,给了高分就不说了……给非全日制的我们班分都高，必点名，提前请假要报学号。上课额，看同学水平吧，我先睡了。
87995,4106,Benno Hubert Wagner,2018-10-20 03:17:06,-27,3,30,完全不知所云，一顿瞎扯，浪费时间。
88074,4106,Benno Hubert Wagner,2018-10-21 12:32:13,21,25,4,必点名，课程有难度但可以学到东西
92695,4106,Benno Hubert Wagner,2019-01-03 19:12:26,7,9,2,It's ok
96479,4106,Benno Hubert Wagner,2019-01-21 04:59:34,11,12,1,良师益友。
96483,4106,Benno Hubert Wagner,2019-01-21 05:01:31,3,3,0,瓦格纳是目前唯一让我觉得大学学到了东西的教授。
104735,4106,Benno Hubert Wagner,2019-03-26 17:49:18,6,8,2,必点名，资料多，对任务完成要求比较高，干货也满满，需要自己上心。还行吧。
105689,4106,Benno Hubert Wagner,2019-04-18 12:11:34,5,8,3,高分飘过…
110514,4106,Benno Hubert Wagner,2019-06-27 08:19:34,9,9,0,老师上课偶尔跑题但是还是能学到很多东西，平时也经常回答问题啥的，很负责～夸一下老师！不管我的成绩啊结果如何，老师确实是负责认真有水平的！
111187,4106,Benno Hubert Wagner,2019-06-30 12:13:55,8,8,0,超棒的老师！
112047,4106,Benno Hubert Wagner,2019-07-03 09:43:42,7,7,0,老师其实人很好，刀子嘴豆腐心，课程难度确实也比较高。还是非常有幸上他的课
115915,4106,Benno Hubert Wagner,2019-08-26 02:10:10,4,4,0,nice
121083,4106,Benno Hubert Wagner,2020-01-19 13:30:06,4,4,0,上课不点名的8，按照他的要求去看文献背题目，给分真的很好。他只是看起来凶，上课还是很可爱的
125986,4106,Benno Hubert Wagner,2020-09-16 09:03:54,0,0,0,老师给分好，反正我是被捞了吧。\n\n疫情期间的网课，瓦叔总会尽他所能用最好的状态面对我们。我不是国精班的，这门课挺硬核的，上课发言一般吧，因为线上考试改成了全英文论文，自己觉得写的也一般，虽然被卡了但是老师尽力捞我了。
126100,4106,Benno Hubert Wagner,2020-09-17 12:50:35,3,3,0,瓦老师是非常令我敬佩的老师，在疫情期间顶着时差每次课都准时在德国那边的深夜开始(嚼坚果提神也是没谁了...)非常认真负责，会在课上看完并评论基本上每个人的回复，全程跟下来还是很收获的~
132168,4106,Benno Hubert Wagner,2021-01-30 21:43:42,1,1,0,瓦爷爷真是让人又爱又恨呐，考前狠话说得挺多，给分也是真挺好。日常上课事情很少但是会鼓励发言，本人挺幽默风趣的，家里还养了只猫！
134251,4106,Benno Hubert Wagner,2021-03-21 11:50:55,1,1,0,线上的瓦爷爷真的好可爱！每次他的课都觉得时间过好快哈哈哈哈
144293,4106,Benno Hubert Wagner,2021-12-21 04:43:52,1,1,0,带着德国特有的严谨和黑色幽默，讲课中肯有深度，干货满满，给分也不错
149261,4106,Benno Hubert Wagner,2022-01-15 01:48:06,4,4,0,刀子嘴豆腐心典型代表\n\n但是人很好讲的也很好\n\n给分也很好哈哈哈哈
178255,4164,吴义诚,2023-07-09 01:55:43,1,2,1,听老师的博士爱徒说，吴老师治学严谨，十分注意培养博士的综合能力，包括但不限于论文之外，是个十分优秀的老师。dddd
71185,4165,王语琪,2018-01-28 06:12:11,5,6,1,果子老师超级无敌可爱！有什么问题都会耐心地回答！不能再喜欢！
72274,4165,王语琪,2018-01-29 17:07:39,3,4,1,老师很认真，很年轻，可爱，有问题会细心解答~
72275,4165,王语琪,2018-01-29 17:13:48,3,3,0,很有水平很平易近人
74247,4165,王语琪,2018-02-08 02:07:09,1,1,0,老师很认真，水平不错，发音好听。
74499,4165,王语琪,2018-03-01 14:20:45,1,1,0,老师不错~
84343,4165,王语琪,2018-07-12 15:11:49,8,10,2,与其老师真的很好，善于和同学交流，也没有学生也没有隔阂感因为本来就还是小年轻吧哈。回答问题很耐心，面对同学主动提出来的交流，想法也很尊重，成为一个有资历的好老师只是时间问题啦〜
91960,4165,王语琪,2018-12-25 06:15:57,1,1,0,语琪老师超级可爱！！上课超级温柔qwq对我这种专业课超级差劲到也超耐心！！！！
97092,4165,王语琪,2019-01-21 16:01:05,4,4,0,muy bien~
101092,4165,王语琪,2019-01-27 12:52:02,3,3,0,我匿名表白muy bien的语琪老师！！
104861,4165,王语琪,2019-03-29 02:52:54,1,2,1,语琪老师那么可爱！居然没有yx辣个蓝人高！不服气！语琪老师备课超级认真的！有什么问题都会很耐心地回答！呜呜呜呜呜呜怎么会有这么好的老师！
118859,4165,王语琪,2019-11-07 05:54:55,-2,6,8,和没上课一样
119738,4165,王语琪,2019-11-15 05:41:07,0,5,5,别选艺术鉴赏的课吧 第一节课开始就觉得每节课讲了和没讲一样
129938,4165,王语琪,2021-01-14 01:52:19,-2,2,4,国家艺术上了和没上一样。
129958,4165,王语琪,2021-01-14 06:26:39,-2,3,5,快逃～
129968,4165,王语琪,2021-01-14 07:35:43,-3,2,5,这么差的老师居然能进浙大
130123,4165,王语琪,2021-01-17 13:15:41,-3,4,7,令本专业同学绝望。她让我知道了为什么别人说浙大西语系很差。求求她有所改变。真的不想上这么懒的课，这是我的专业啊
135914,4165,王语琪,2021-06-03 02:56:31,8,8,0,很可爱的老师！会听取学生的意见！
137714,4165,王语琪,2021-07-05 17:34:26,5,5,0,专业课蛮不错的～会扩充较多的课外的内容，也很重视整体的语言能力
90964,4209,寺内伸介,2018-11-28 06:45:59,-1,4,5,最喜欢寺寺了！！人超好！懂超多！学历高！有素养！
95627,4209,寺内伸介,2019-01-19 16:32:00,-6,9,15,上课挺划的
96557,4209,寺内伸介,2019-01-21 06:26:16,2,8,6,很有趣 可爱的老师
98456,4209,寺内伸介,2019-01-23 13:02:13,-8,9,17,真的很混
111999,4209,寺内伸介,2019-07-03 06:30:48,8,13,5,寺内先生超好 温柔 和蔼
127359,4209,寺内伸介,2020-11-21 06:05:23,8,13,5,僕は金持ちだ！
141969,4209,寺内伸介,2021-11-02 09:02:53,-3,2,5,好老师1！
154692,4209,寺内伸介,2022-06-03 13:35:32,-3,5,8,君たち貧乏だ、誰も興味なさそう、なんて君たち、誰もぜんぜん反応してくれない，寺内超有意思了，胖胖憨憨可可爱爱！
162764,4209,寺内伸介,2022-12-06 02:45:53,2,6,4,很水很摆，不过是唯一的外教所以大家也没得挑~
156317,4217,Chloi Sofia Fassou,2022-06-19 03:35:15,7,7,0,🐒🐒🐒护国大使索菲亚👊👊👊新官上任三把火🔥🔥🔥可威风了👍🏻👍🏻👍🏻
156341,4217,Chloi Sofia Fassou,2022-06-19 06:43:19,2,2,0,给分也太差了🆘！！！！快逃！！！
160595,4217,Chloi Sofia Fassou,2022-09-27 14:53:18,1,2,1,连夜给София评论！！！她的课制作很用心，视听说背单词就因为我们说喜欢玩电脑上的的背单词游戏，她就又精心制作了两课！！！上课氛围超好，她超级可爱！！中文说的很好！！！
73833,4312,樊艳梅,2018-02-03 07:50:36,4,11,7,知识量很大，节奏刚刚好，老师人很漂亮也很温柔，但是非常有原则，很好的老师哦
74256,4312,樊艳梅,2018-02-08 05:54:10,2,7,5,醍醐灌顶，大彻大悟
74341,4312,樊艳梅,2018-02-12 01:20:36,0,5,5,很有气质的!
76700,4312,樊艳梅,2018-04-18 16:54:49,12,20,8,樊老师人超nice哒！又美又有气质内涵\n\n上课干货满满，准备得很认真，学到的东西很多。\n\n如果你热爱并善于学习法语，而且愿意花时间，那樊老师的课会让你非常快乐；\n\n如果你热爱但不善于学习法语，那樊老师的课就是痛并快乐着的；\n\n如果你不善于学习法语?，那就只有痛了……\n\n\n\n但相信我，樊老师会让你爱上法语的?\n\n这其中最重要的，还是要花时间。
76701,4312,樊艳梅,2018-04-18 16:59:47,9,17,8,“学法语一定要花时间，至少我觉得是这样”\n\n笔芯很美腻很负责很暖心的女神老师?\n\n嘴上说着法语课受压迫其实心里超爱您\n\n喜欢看樊老师笑的时候\n\n有种昙花一现的又美好又珍贵的感觉\n\n好好学法语争取有一天能像樊老师一样优秀\n\n很感激自己选了法语\n\n很开心能遇见这样的老师?
76955,4312,樊艳梅,2018-04-26 13:17:52,5,15,10,真的有点打击人喔美女老师。是个会有偏爱滴老师。每个学生的程度都是不同的，请您尊重每位学生喔：）
76956,4312,樊艳梅,2018-04-26 13:18:33,21,28,7,不是真的热爱学习法语的话那就是互相折磨，转专业要趁早。
76957,4312,樊艳梅,2018-04-26 13:22:47,8,16,8,老师很认真，但是好像太严苛了，和学生的沟通比较少。
83376,4312,樊艳梅,2018-07-10 07:41:17,4,6,2,樊老师真的敲可爱的～选了法语专业感觉再幸运也没有了? …
89767,4312,樊艳梅,2018-11-20 16:32:21,6,9,3,沃觉得吧 樊老师人还是挺好的。俺觉得她学术能力很强，值得尊敬。（虽然课堂上是有、、严格哈）?
103725,4312,樊艳梅,2019-03-04 15:44:23,2,4,2,干货满满，上她的法语课感到很幸福！
113810,4312,樊艳梅,2019-07-07 16:46:04,2,4,2,可爱^o^
162493,4312,樊艳梅,2022-11-23 11:11:46,4,5,1,“主题创新，自主研究，态度严谨”，樊老师，您真的，我哭死
166325,4312,樊艳梅,2023-01-12 02:50:45,-3,5,8,来zju法语系遇到的最喜欢的老师
181253,4312,樊艳梅,2023-10-12 09:02:22,7,9,2,上的法语一，真的受不了了，太快了，一直在提问，还没会走就起飞
181254,4312,樊艳梅,2023-10-12 09:20:07,8,9,1,老师你真的可以讲的慢一点，我们真的一点都不懂，不是专业人士，抽很多问题不如从头讲一下，感觉抽了还是不太懂，一节课感觉毫无所获
181417,4312,樊艳梅,2023-10-17 08:34:42,3,7,4,自己没教还一个个点名读 无语😓
181924,4312,樊艳梅,2023-11-05 12:48:56,-2,4,6,人美心善
181939,4312,樊艳梅,2023-11-06 03:02:24,5,9,4,我想syt了
189398,4312,樊艳梅,2024-01-24 02:02:02,8,9,1,特别喜欢的老师，专业能力非常强，知识点也很细，内向但很可爱的老师......一开始觉得讲课确实快但是后面习惯了就好了（?）课下多花点功夫，老师讲课还是很有体系的
190279,4312,樊艳梅,2024-02-27 06:22:12,2,2,0,留爪~
192601,4312,樊艳梅,2024-05-25 01:31:56,1,2,1,很严格很仔细，专业能力不错，但给分实在是不太好，而且事情是真的多
192746,4312,樊艳梅,2024-05-30 04:12:53,3,3,0,爱来自
194268,4312,樊艳梅,2024-06-23 04:13:01,2,2,0,给分不好
194473,4312,樊艳梅,2024-06-24 05:31:57,4,4,0,想吃布丁狗了
194967,4312,樊艳梅,2024-06-26 13:29:11,2,2,0,给分过于求是了
196025,4312,樊艳梅,2024-07-01 07:52:43,4,5,1,想你了
197509,4312,樊艳梅,2024-07-17 17:51:47,14,14,0,樊老师是那种相处久了会越来越喜欢她的老师，治学态度严谨，上课干货多，笑起来很可爱，会感觉她真的认真在做文学和翻译。
205094,4312,樊艳梅,2024-12-01 09:25:24,4,4,0,特别喜欢樊老师
210600,4312,樊艳梅,2025-01-09 11:56:11,4,4,0,老师很好的，很关心同学
215872,4312,樊艳梅,2025-03-06 07:40:14,1,1,0,樊老师很可爱很好!
217866,4312,樊艳梅,2025-04-17 08:46:52,2,2,0,想你时你在天边
219280,4312,樊艳梅,2025-05-24 06:12:05,2,2,0,特别温柔的老师，虽然要求很严格
99132,4319,Zaki Beydoun,2019-01-24 10:00:34,22,22,0,上课上得很差，明显能看出来他根本没有备课，上这种不用心的老师的课就是浪费时间互相折磨
179672,4319,Zaki Beydoun,2023-09-19 07:04:31,16,16,0,根本没备课
179683,4319,Zaki Beydoun,2023-09-19 09:09:38,17,17,0,不知道在上什么…纯纯读课文吗…？
217133,4319,Zaki Beydoun,2025-04-02 10:44:47,3,3,0,一位真正的reader，口音很重很难听懂\n\n主要上课内容是一些老师选的报刊文章\n\n选题稀奇古怪，上课纯念，完全学不到任何东西\n\n来浙上的最痛苦的一节课
93577,4355,郝田虎,2019-01-21 10:56:04,4,6,2,在世界文学史课堂，老师很耐心地讲你写论文时的困惑～⊙ω⊙
96604,4355,郝田虎,2019-01-21 07:32:39,2,6,4,文科状元！
98303,4355,郝田虎,2019-01-23 09:51:32,2,4,2,gut!
103982,4355,郝田虎,2019-03-08 09:12:16,-2,10,12,1. 目录学的课程本身不是很有趣，再加上“好”老师无聊的讲解，你就会发现为什么自己不想来上课；\n\n2. 期末考试的时候，好老师突然冒出一句“我出的卷子难吧”并做出似笑非笑的表情，此时你会怀疑这是考核你个人能力的考试还是更多的是老师为了体现自己智商情商双高的艺术；\n\n3. 目录学的课如果你拿到80分，应该感到庆幸，因为你可能是班上前几（ps. 选课的人一共也就10个左右吧）\n\n4. 如果你选了好老师做导师，那么祝贺你，你会体验到什么叫真正的劳动，以及，劳无所获（微笑脸.jpg）
108640,4355,郝田虎,2019-05-30 07:16:14,8,18,10,上过中世纪和文艺复兴文学课的学长学姐能不能给学弟学妹们讲一下上课和绩点是什么样子的呀(ﾟoﾟ;
118363,4355,郝田虎,2019-10-25 14:51:52,-2,4,6,很无聊而且没有内容\n\n作业贼多贼多，每一次做他的作业都要耗上半天都不止，而且结果就像上面同学讲的—劳无所获...\n\n
124174,4355,郝田虎,2020-06-26 10:07:40,0,2,2,老师给分很好！感谢！
126575,4355,郝田虎,2020-10-02 10:09:19,2,2,0,老师上课知识点很丰富，也很有趣，适合愿意花时间花精力真的学点东西的学生。
132268,4355,郝田虎,2021-01-31 12:16:45,2,3,1,很认真学了，然而考试很不理想，还因为上课迟到扣了总评分..给个9分吧，课上的不错
141876,4355,郝田虎,2021-10-29 02:21:23,2,5,3,中世纪，他的课还可以是因为读的作品有趣，不是他讲的有趣。
151862,4355,郝田虎,2022-03-18 06:14:08,0,3,3,课讲的还行，情商太低
153171,4355,郝田虎,2022-04-26 10:48:45,21,24,3,不理解那位说选郝老师做导师会“劳无所获”的同学从哪里来的信息，还是说是我的同门，被老师的直率和低情商冒犯到了。郝老师确实心直口快，但跟着他一定能扎实做学术（当然也得有自己的主动性）。他帮我们看论文从不像某些老师挑字眼、抠无谓的结构，而是让你深思做学问真正的意义与价值。我们组会开得很少，但每次会有充分细致的学术探讨，比起我了解的其他老师机械式的学习进展报告，我们组真的一点水分都没有。平时帮老师干杂活也干得少，一旦帮他干活他一定会借机跟进你的学习进展（每次还能从他办公室顺回几本好书）。怎么说呢，老师性格确实有待改进，但他非常有学问，尊重学生的兴趣，也越来越关心我们。跟他做学生真的很满足。
154151,4355,郝田虎,2022-05-24 20:01:17,3,3,0,不知说“情商太低”的那位情商有多高，如果真得太高，只能膜拜。学习这事，更多的是“师傅领进门，修行靠个人。” 老师的学术水平与严谨性，我们难以望其项背。
155143,4355,郝田虎,2022-06-08 16:51:46,11,11,0,2022年4月的热评写的很对，上过中世纪与文艺复兴文学。有些同学给分差是因为上课不听，上课迟到，作业抄别人的，不预习课文上课老师回答问题连基本的礼貌都拿不出来，这能怪老师?老师学术能力极强，很较真，杜绝抄袭等行为，我觉得很好，不知道是否让一些Ctrl c Ctrl  v机器破防了？我有次生病忘记请假，后面去老师那里拿笔记本，老师给我详细讲了上学期的论文(为什么是上学期的后面看)，老师几乎每一行都认真看，那种无根据的说法老师都会挑出来，所以说一些同学自己论文全是主观臆断写的水就不要怪老师了。而且上课交了一本笔记，老师每一页都看了，还会有批注，最后还有一个总评，老师的英文也很好看。所以没看书的平时分低也很正常，因为老师真的是自己看了每一本笔记，你到底看了还是没看老师清楚得很。玻璃心的，确实不用来选，老师不是来教你让你开心的，是来教你东西的。至于上课乏味，我认为没上过的人容易被误导啊，因为大部分用的都是中古英语文本，没有基础加上没有相关工具就会很吃力啊，老师上课把句子一句一句给你讲还不好?你是绝顶聪明自己都懂了?而且老师上课明明就会讲很多讨论的东西啊。很惭愧的说，有不少节课我因为前一天晚上熬夜看上课的文章，都陷入了一定程度的睡眠，但在我清醒的课，我基本上都有回答问题，而且都是开放性问题不是阅读理解题，只要你回答了，老师也不会对你进行一个对错的评判啊。顺便说一下，这课认真并不难，按理说这课是大二才选的，我大一上就选了也没体验到某些人嘴中老师的无情绩杀，所以比我多学整整一年两年三年还要抱怨这课难的，您就洗洗睡了吧。
155219,4355,郝田虎,2022-06-09 12:02:26,2,3,1,他被浙大从北大挖过来，是有一定道理的。老师本身学术造诣高，对待学术很严谨。学期末的论文反馈拿到手后，我看到批注评语脸红又感动。老师会纠正很多错误，也会鼓励继续修改，对自己改进很有助益。上课需要预习，写作业。建议想认真学习的学生选他的课，硬货满满，收获很多；如果是想摸鱼的同学，还是不要选了，对自己负责也要对老师尊重。
156157,4355,郝田虎,2022-06-18 03:42:22,0,0,0,想问问楼下的同学为什么hth老师还会给反馈啊！！！
169559,4355,郝田虎,2023-02-27 02:10:52,9,10,1,《弥尔顿传》正式发布，祝贺郝田虎老师！
133115,4406,Shmurak Roman,2021-02-08 21:55:28,1,3,2,无语了
134257,4406,Shmurak Roman,2021-03-21 15:44:45,0,2,2,无语。
134948,4406,Shmurak Roman,2021-04-24 15:47:00,0,0,0,...死板，无语。
135047,4406,Shmurak Roman,2021-04-28 02:31:20,0,0,0,无语。
180835,4406,Shmurak Roman,2023-09-27 05:37:31,3,5,2,感觉还可以，没有传说的那么离谱
216249,4406,Shmurak Roman,2025-03-12 16:29:50,0,0,0,无比死板…
71672,4426,柳在俊,2018-03-19 05:00:51,12,16,4,萌萌的“不听懂”
71906,4426,柳在俊,2018-01-29 05:24:58,20,23,3,老师超级萌，中文说的很有特色。
74626,4426,柳在俊,2018-09-20 05:02:53,2,6,4,虽然有时会点名，而且用韩语点名我试过被点到了但是没反应过来是自己的名字，但是他好像没怎么把没到的人做标记。上课进度有点慢但是挺轻松有趣的，会讲一些想听的关于韩国的生活文化之类的东西，我觉得给分挺好的考试不难。
74959,4426,柳在俊,2018-03-07 01:00:38,11,14,3,超级可爱呜呜呜\n\n讲很多韩国文化啥的！！！然后还教唱韩语歌\n\n反正就很棒啊！！\n\n考试不难 平时没事！！！
75623,4426,柳在俊,2018-03-14 06:31:19,27,31,4,既是老师，也是学长；很认真，也很亲切。
75724,4426,柳在俊,2018-03-15 12:16:58,5,7,2,老师真的很可爱，上课很有章法，认真听下来还是蛮有收获的。\n\n
75882,4426,柳在俊,2018-03-21 00:58:46,12,13,1,这学期没选上他的课，有点失落，但是有去旁听哦，哈哈哈，课上得真的超级有意思！而且每次课前都会准备新的MV，人也很萌萌哒，还给我们看了他服兵役的照片，哈哈哈，真的变化很大呢，都没认出来！下学期，一定要选上你的课哟！我准备好啦！
81458,4426,柳在俊,2018-07-05 06:36:41,10,11,1,老师真的是超可爱了\n\n真的实实在在的学了很多东西\n\n课前和休息时间还有各种mv和歌曲\n\n（悄悄吹一波老师唱的韩国儿歌）\n\n有史以来学的最开心的一门课(´-ι_-｀)
81857,4426,柳在俊,2018-07-06 10:17:30,14,15,1,很可爱的一个韩国小哥?\n\n每次课前课间课后都有韩语MV和歌曲放，上课的时候会给我们放点其他东西warm up（比如他妹妹的婚礼?、比如他当兵时候的照片…虽然会warm up一节课?）也会教很多课外的单词、语法，教韩国儿歌（三只小熊、青蛙和蝌蚪…），教破冰游戏（三六九、吃西瓜…）课堂气氛很活跃?\n\n唯一一个问题就是…上课不教敬语（或者说简单带过）…考试…全**考敬语??（虽然最后可能会调分hhh）\n\nPS：我蹭过两个中国老师的班，发现可能中国老师会比较照纲照本（？）但这个韩国小哥就真的是思维发散型的?\n\n
83120,4426,柳在俊,2018-07-09 18:05:12,2,4,2,听课&笔记最多的一门课\n\n上课很放松工科狗?表示体验极佳\n\n而且出分巨快…考完晚上就出分
83170,4426,柳在俊,2018-07-10 00:55:18,20,21,1,惊了，昨天刚考完今天就出分了 ? 上完了韩语1和2，体验敲棒，全10分好评！
85474,4426,柳在俊,2018-07-18 07:40:45,10,11,1,上课秀日语很稳，선생님 중국어 잘해요.不说敬语的课。(感觉看韩剧方便多了)
86097,4426,柳在俊,2018-12-26 01:36:49,7,8,1,柳老师讲课很认真，教学态度是很值得佩服的。虽然发脾气的时候眼神好可怕，但还是很尊敬和欣赏他的教学和科研品质。（话说知识分子一般都有点脾气哈哈? ）
86200,4426,柳在俊,2018-09-10 12:40:58,8,8,0,说老师不教敬语的！아/어요不是敬语？老师想教给我们实用韩语，所以才很少讲到比较正式的(스)ㅂ니다。也正因如此，老师上课经常会思维发散，给我们很多有趣而又实用的内容。
86735,4426,柳在俊,2018-09-18 07:44:27,12,13,1,一年的韩国语学习，开开心心\n\n不过为什么没有韩语3嘤嘤嘤
87356,4426,柳在俊,2018-09-27 10:39:27,7,7,0,老师人超好 有趣又温柔 我爱韩语课
88816,4426,柳在俊,2018-11-09 01:32:09,0,0,0,舒服啊
92661,4426,柳在俊,2019-01-03 11:29:27,3,3,0,老师超级棒!旁听了一个学期的我还是选不上韩语二啊啊啊枯了
92891,4426,柳在俊,2019-01-05 11:06:50,7,7,0,选了800年的课还是没选上?，去旁听了真的是上课气氛贼棒的呀！！！一定要选上你的课！?
93958,4426,柳在俊,2019-01-14 12:48:12,1,2,1,老师很好，不过考试真的太可怕了，我感觉我会被绩杀，刚考完试，只能祈祷及格
93977,4426,柳在俊,2019-01-14 14:16:47,16,17,1,祝老师早日结婚??
94497,4426,柳在俊,2019-01-17 02:32:48,6,6,0,真心好课、好老师，刚出了分给分也不错！期待明年韩语3！\n\n还有，祝老师早点找到女朋友ʘᴗʘ
94502,4426,柳在俊,2019-01-17 03:16:10,0,0,0,会点名~老师本人真的超级可爱的！出分巨快！课程建议大家平时好好背单词~会很有帮助。老师的额外扩展内容也是要考的~不单单完全考书本，但是会反复重点讲也不用担心啦。
94503,4426,柳在俊,2019-01-17 03:29:34,0,0,0,老师真的好可爱，上课也很有意思，期待韩语3~
94519,4426,柳在俊,2019-01-17 04:41:55,0,2,2,老师人超级好啊啊啊啊啊\n\n出分真实迅速了? 上课好好听考试没有问题 给分也不错
94545,4426,柳在俊,2019-01-17 07:28:23,0,0,0,老师真的很好，平时上课课外韩语课比较关注正式用语，老师讲的比较关注非正式用语，可以说非常互补了，上课前会放一些mv，上课氛围也不错，可以说很让人放松了，期待下学期老师的韩语二，听说老师还要开韩语三，继续追踪！
94551,4426,柳在俊,2019-01-17 12:06:45,2,2,0,好老师！
94567,4426,柳在俊,2019-01-17 08:27:36,1,2,1,小哥哥真的特别好，不局限于教材，还会扩展很多内容，对重点内容会一再强调，给分也很好。（偷偷说：老师赶紧结婚吧！！！！！！）
94601,4426,柳在俊,2019-01-17 10:13:00,5,6,1,会点名\n\n人超好\n\n上课认真负责\n\n出分巨快\n\n给分不错\n\n体验极佳\n\n（老师我知道你在偷偷翻我们的评论！）\n\n不过感觉有时候讲得稍微有一点点快...第一节课讲完了所有的发音，跟读的时候老是觉得自己发音不对...希望韩语2的时候老师多讲讲音变...\n\n
94629,4426,柳在俊,2019-01-17 12:51:44,1,1,0,老师太可爱了呜呜虽然每节课都会点名但是几节课下来老师就会记住每位同学的名字平时事少考试也不难给分好
94732,4426,柳在俊,2019-01-18 04:06:01,1,1,0,必须为老师疯狂打call，每节课都会点名，上课一定要认真听+记笔记!考试不仅限于课本，主要还是根据讲的来。선생님真的超级超级好了，讲课非常有意思，还给看视频，请回答1988和电影!超级好的体验了!
95560,4426,柳在俊,2019-01-19 15:17:24,1,1,0,上完老师的韩语2，我跟浙大韩国同学80%的交谈都是用韩语了，还被称赞韩语说的好 ！！万分感谢这么棒的老师！！유재준 선생님 수고하셨습니다~ 진심으로 고맙습니다~
99599,4426,柳在俊,2019-01-25 04:00:37,1,1,0,我觉得我所有的人品都攒给了韩语了。。当时只在教务网申请了补选并没有签条子，但是惊喜的选上了！后来的韩语2也是特别幸运的选上了！体验敲棒给分也特别棒！
104177,4426,柳在俊,2019-03-13 12:14:47,9,9,0,我爱他！！！！！！！！！！怎么会有吃可爱长大的柳老师！！！！！！！这样的老师给我零分我都接住！！！！！！！呜呜呜呜我可以！！！！！！
106790,4426,柳在俊,2019-04-29 13:29:33,3,4,1,有史以来见过的最优秀的外语老师，没有之一！
108600,4426,柳在俊,2019-05-29 10:23:30,4,4,0,“绩点不重要 老师认为重要的是 你们真正喜欢什么”\n\n虽然是在展示自己高中成绩时候笑着说的 我却觉得他很用心\n\n谢谢柳老师
110543,4426,柳在俊,2019-06-27 10:33:59,6,7,1,可以看得出老师的认真 还有看得出来老师原来是很腼腆的人 但是为了学生学得开心 所以开了很多玩笑 还很多样化地细心地准备材料 包括视频照片之类 在大学里还能碰见努力记住每个班学生名字的老师 真的很感动了
110660,4426,柳在俊,2019-06-28 03:08:26,5,5,0,每节课都会点名，老师超级亲切啊！！上课也很好玩，基本每节课都会放视频给我们看，课间和课前会放韩语歌，最后几节课每节课最后十几分钟还给我们看电影呜呜呜呜呜爱了。老师一直努力记大家名字，韩语1好好复习的话还是能拿好的分数的！事情也少就一份期中report和期末考 在俊欧巴给我pick！！！
110717,4426,柳在俊,2019-06-28 05:22:38,1,1,0,一学期下来和유선생님有了某种默契，每次上课说完안녕하세요就开始等着他说柳氏可爱发音点名。谢谢老师的用心，谢谢老师的温暖。当一个人出现气氛就可爱起来的时候，真的觉得做一个温暖又可爱的人，好棒啊!
110894,4426,柳在俊,2019-06-28 13:13:43,0,0,0,超级认真准备了考试，可是感觉考炸了呜呜呜呜呜，老师很可爱，建议我这样的小辣鸡旁听！
110915,4426,柳在俊,2019-06-28 14:04:24,0,0,0,老师绝对童颜啊 很干净很可爱 跟印象中的한국사람 不一样！感觉自己考得很差结果老师还捞了一吧 可惜韩语2跟专业课冲突了
110926,4426,柳在俊,2019-06-28 14:35:40,3,3,0,十分满分的十分
110936,4426,柳在俊,2019-06-28 15:22:05,2,2,0,呜呜呜  老师也太好了  好用心呐我一定会继续努力学习韩语的  선생님 감사합니다  진짜 고생했어요
111035,4426,柳在俊,2019-06-29 09:09:07,4,4,0,老师我爱你，十分满分的一百万分。老师啥时候出成绩？？！！！！
111243,4426,柳在俊,2019-06-30 17:39:42,5,5,0,柳老师真的太好了呜呜呜呜，上课很有趣，会给我们讲很多故事，因为韩语基础不太好所以这个学期上韩2真的有努力学习，单词每天都学四十个，最后绩点4.8呜呜呜呜，努力真的有收获！！！我爱老师！！！
111329,4426,柳在俊,2019-07-01 02:58:52,1,1,0,赞赞赞赞赞，老师人超好！！
111338,4426,柳在俊,2019-07-01 03:31:22,3,3,0,连着两个学期上了老师的韩语1和2，考试感觉不太好，但给分都很不错。老师真的巨可爱，会放各种视频，讲自己的故事，学各种我们的梗和小幽默逗我们开心，已经习惯了对每周二周四晚上韩语课的期待，专业课学习的抑郁全部被在俊老师小天使治愈！总之是大学上过最喜欢的一门课没有之一！现在结课了好舍不得呜呜呜...
111453,4426,柳在俊,2019-07-01 14:50:37,1,2,1,课程是真的有趣轻松 老师也很幽默可爱 但是平时上课难度和考试难度真的完全是两种模式  还是需要自己在课外进行拓展 要不然真的是乱蒙都不知道选哪个答案 哭了
111624,4426,柳在俊,2019-07-02 08:40:21,2,2,0,老师真的可爱请接受我的表白！上课氛围轻松任务不多，考前认真看了一天，虽然考试体验不是很好但是给分还是很理想！！真的爱老师555
116827,4426,柳在俊,2019-09-16 06:41:23,1,1,0,很棒的老师
118763,4426,柳在俊,2019-10-31 14:24:41,-1,0,1,要一个抱抱
120501,4426,柳在俊,2020-01-11 16:06:43,-1,1,2,挂了呀
123354,4426,柳在俊,2020-06-05 06:10:41,1,1,0,人挺好，就是韩1讲的是真滴快，一定要预习不然根本听不懂
124031,4426,柳在俊,2020-06-21 08:46:12,0,0,0,建议课前预习加背单词，不然跟不太上的感觉
124042,4426,柳在俊,2020-06-22 07:56:13,3,3,0,柳老师真的是一位非常好的老师，听老师的课很轻松愉悦，有享受课堂的感觉。分数的话我觉得是看自己的，一份努力一份收获，自己能拿多少绩点应该自己心中都有数的。
131354,4426,柳在俊,2021-01-27 07:16:47,1,1,0,韩语2还是建议有点基础的同学来上，不然考试抓瞎。柳老师人很好，超级可爱，而且很负责任。平时上课会有很多介绍韩国文化的内容，会放视频、MV 什么的，这学期因为线上授课有点可惜，如果线下的话课堂气氛一定很好！老师讲语法也很细致，（虽然考试和平时讲的不太一样）萌萌的口音一两次就习惯了^^，作业的话正经要交的就期中的翻译歌词，每次课会再布置一点书上的练习题。
138876,4426,柳在俊,2021-07-11 12:11:16,4,5,1,零基础学小语种并不比学大英四好拿分，老师讲得非常好，但如果是只是为了躲避英语的话，不建议选。
149830,4426,柳在俊,2022-01-17 07:26:35,1,1,0,韩语1终于出分了呜呜呜，被卡到一个很尴尬的分数，害确实是期末有点粗心了\n\n老师的风格还是比较的fashion的，网课每节课都放很多视频，确实了解了很多韩国的文化\n\n韩语1本身确实也不难，老师上课讲的东西也是能够听懂的\n\n但是就是老师讲的内容期末考的，大概只有四分之一到三分之一，剩下的内容平时上课确实不怎么涉及\n\n建议考试前刷两个中国老师的复习课还有他们做的课堂练习\n\n今年的情况是，期末考的基本和课堂练习一样，中国老师上课强调的单词和语法基本全部涉及\n\nAnyway还是很棒的体验，期待老师回中国，大四再选韩语2！！！
71716,4592,胡洁,2018-01-29 02:11:28,-14,8,22,胡老师很好看好吗hhhhh在她的课上学会写英文诗了 然后真的很关心学生干货也满满 要求也挺严格的 但努力了收获也超多 总之大力推荐啦
74399,4592,胡洁,2018-02-18 15:37:57,-9,5,14,老师在伯明翰待过 非常有才 会和我们分享很多小知识
84405,4592,胡洁,2018-07-12 18:59:22,-10,4,14,上的是老师的大英四 就算那种 要求也挺严格学到东西也挺多给分也不错的那种吧 挺喜欢哒
88259,4592,胡洁,2018-10-25 06:51:51,14,21,7,留英好几年(？)，口音巨难听，从不给下课，爱点人答题。
93519,4592,胡洁,2019-01-10 07:20:14,-19,8,27,不给10分不行啊
94123,4592,胡洁,2019-01-15 08:27:00,1,15,14,emmm..老师人很好，也挺漂亮，，前面说她口音不好的不知道是什么神仙，，反正我这菜鸡不觉得难听...小作文提交晚了还会单独给你再开一次，，很人性化的老师了，，唯一有一点就是..不知道是老师不会调动气氛还是我们班比较害羞...上课像尬聊...也有可能是大英这课本身也水吧...
99845,4592,胡洁,2019-03-17 05:23:58,20,24,4,口音很奇怪 人也很迷糊口语考试形式自己也不知道 考试要写序号也不知道 给分也不咋好看 平时也就算了上课水（但是其实作文 presentation这些还是花了不少心思的） 期末考试真的认真准备了好久结果绩点这么难看 有点伤心
99882,4592,胡洁,2019-01-25 09:04:58,5,5,0,………
99930,4592,胡洁,2019-01-25 10:03:20,12,16,4,老师态度还是很好的，但事情少的让我感觉没有可学性，quiz之后不发答卷，虽说这是一种保护隐私的方法，但根本不知道错在哪里，形式化的东西，做题不与答案比对有何作用。上课尴尬的情况时常发生。而且上完一个长学期，才被告知有大英4视听说，却没有音频提供，上课会听音频，但效果不太好。当然老师会在课堂上提一些学习方法，还教导我们要承受压力，在思想上的确强调的多。总之，我觉得，累一点学的多比轻松但没学到太多东西要好。
100391,4592,胡洁,2019-01-26 04:53:18,25,34,9,口音鬼畜，令人窒息。\n\n似乎不是很能搞清状况，上课也屡有错误。\n\n人还不错。
101026,4592,胡洁,2019-01-27 09:28:25,5,6,1,....
102473,4592,胡洁,2019-02-03 06:02:12,12,15,3,口音真的很迷...上课的话学到的东西并不多 一个长学期下来英语水平反倒退步了 喜欢强制性叫人回答问题 但有时又不认真听同学回答了什么 上课很尴尬 体验不好
103364,4592,胡洁,2019-02-27 13:21:33,12,12,0,无语了
122719,4592,胡洁,2020-03-25 10:42:29,34,39,5,胡老师的特别之处在于歇斯底里，很像一个得不到丈夫的爱的妻子，和我一个室友挺像的，你真不想理她她却时不时要来呲你一下。讲课巨烂毫无教学方法可言，融不进学生的圈子还要硬融。叫人翻译课文却时不时要打断，弄得人之后根本找不到地方。说自己带的研究生得了什么一等奖，拜托，那肯定是因为他们自己努力好不好?可能在教育体系待久了就会成这样吧，真的很可笑。
124867,4592,胡洁,2020-07-14 03:42:19,7,8,1,上课的感受：五味杂陈，很难形容。
129007,4592,胡洁,2020-12-28 08:44:37,6,11,5,不懂评论为何说歇斯底里？很温柔耐心的老师啊 我甚至怀疑我们上的不是一个老师的课
133958,4592,胡洁,2021-03-10 13:58:12,2,3,1,老师人很温柔，可这期末的给分绝了……平时作业认真完成加全勤，每节课积极发言，但是打分比想象中的低太多，简直无语至极，班里同学看了都想哭
147600,4592,胡洁,2022-01-10 09:29:17,3,6,3,老师讲得很精细，适合英语基础没那么好的同学～\n\n给分也挺好的（以为自己要挂科了最后分数比想象高呜呜呜呜谢谢老师捞我
158397,4592,胡洁,2022-06-29 03:48:44,2,2,0,……….
160322,4592,胡洁,2022-09-19 05:21:05,2,3,1,唯一优点：上课语法点讲的比较细 翻译讲得还行 缺点太多了 口语真的很差！上课不知所云！讲课文就是让同学翻译？太无语了
170546,4592,胡洁,2023-03-06 10:05:12,-2,1,3,还行，鬼畜口音加死亡点名回答，pre有两个，其他还好。我觉得还可以，没有想象中那么差。可能是看了查老师之后打了预防针。
173116,4592,胡洁,2023-05-13 16:54:52,1,1,0,完全机翻一本波汉词典（实际上就是拿着波英词典再来个英译汉），然后自己主编去出版，结果错误百出
176217,4592,胡洁,2023-06-28 05:33:16,5,8,3,为什么评分这么低？除了上课翻译全文外事情有点多，口音有点奇怪。其他都还行。对学生负责，很会捞，爱老师。
178352,4592,胡洁,2023-07-10 15:23:03,2,6,4,事情不是很多，虽然有两次pre，但做的好不好完全没关系，就算做的很差老师也会很温柔耐心地点评，上课会直接叫名字回答问题，基本每堂课每个同学都会叫一次，但答不出来也完全没关系，老师特别宽容。感觉适合自学能力强且不喜欢课堂有压力的同学，老师真的很宽容和温柔。
178353,4592,胡洁,2023-07-10 15:30:40,3,5,2,还是不错的 老师特别温柔和宽容 口音是有点奇怪但还是能听懂的 课文讲的很细致 对小测有点帮助 很适合自学能力强且不喜欢课堂有压力的同学 老师真的特别宽容
180693,4592,胡洁,2023-09-25 02:45:42,3,4,1,口音难绷，上课一直在翻译课文，梦回初中了
198736,4592,胡洁,2024-09-11 07:29:49,10,10,0,建议改名为：刻板印象的重新构建\n\n会更加符合课程内容
198881,4592,胡洁,2024-09-12 11:08:02,1,1,0,上课不知所云，给分很迷，快逃！
198983,4592,胡洁,2024-09-13 15:21:28,0,0,0,上课随机点名回答问题，变相签到，翻译课文，还有挺多的作业，我高三英语课都没这么难受
199038,4592,胡洁,2024-09-14 08:52:31,1,1,0,口音好奇怪
199041,4592,胡洁,2024-09-14 09:23:11,1,1,0,landpen\n\n有时候会莫名其妙强调一些完全无关课堂的事情
199384,4592,胡洁,2024-09-22 14:40:42,4,4,0,目前上了四次课，先给6分。\n\n口音问题我个人听不太出来，不做评价\n\n点人回答问题是一定要的，一节课十几个还是很有可能的。不过我目前没被叫到过（很可能是因为我在名单第一个不容易被看到）。也会挑小组小组推举人回答问题。\n\n有pre，一节课两个人。
200146,4592,胡洁,2024-10-14 02:55:30,3,3,0,还行吧，稍微积极点儿平时分就不难看，而且我的任务比舍友的少多了（作业比起其他班不算多）。可以水，也可以自己上强度学，老师也就照本宣科为主，有时也会补充一些，经常有小组讨论，有没有效就看你开不开口了。
200893,4592,胡洁,2024-10-24 06:25:36,4,5,1,我只想说，胡老师的老公一定很辛苦\n\n胡老师最突出的特点，我觉得就是很会PUA\n\n每次上课都要先讲一堆不知道是真还是假的“知识”\n\n比如：教育部要来查课，一看监控就能看见你们在玩手机电脑； 你们用AI写论文，我一查就查出来，你们自己用AI记得自己标出来\n\n大家高中都是很好的学生，为什么最后毕业差别那么大，肯定是因为有些同学好好听课有些同学不听\n\n等等，一系列很低端，但是又让人很反感的PUA \n\n所以我发自内心的，为胡老师的老公感到悲哀，祝他过的幸福！我也觉得他一定很会克服PUA和阴阳怪气
201185,4592,胡洁,2024-10-30 00:16:36,2,2,0,人还不错，但均绩有点吓人啊（｡ò ∀ ó｡）
202534,4592,胡洁,2024-11-13 03:47:43,10,10,0,作业多，2学分的课有小组pre、个人pre、闭卷期中考和8k-1w字的期末论文。而且上课言之无物。
202561,4592,胡洁,2024-11-13 06:38:37,9,9,0,快逃！！！！中西文化交流史，没上过事这么多的专业基础课，个人pre小组pre，上课固定座位还点人回答问题，闭卷期中，期末论文小一万字，我真的晕倒了\n\n以及第一次见她就觉得不太舒服，笑面虎的感觉，很有压迫感。总之烂课一门，以后再是她上千万别选，没课上也别选
202922,4592,胡洁,2024-11-15 07:31:48,5,5,0,别上中西文化交流史
203030,4592,胡洁,2024-11-16 03:46:46,17,17,0,外语学院【最差】的老师没有之一，【中西文化交流史】上课【一点思想都没有】，我高中历史老师讲的都比你好，讲外国人认为小眼睛不是歧视我也是无话可说，整天讲来讲去那么点东西，上这课纯粹的【浪费生命】。期末论文8000-10000字，还说我认为这样是合理的，我把这个话告诉我们学院其他老师，他们都惊呆了，谁论文会最低要求8k字啊？还写你那毫无思想毫无用处的中西文化交流，您真是绝了！！！【个人小组都要pre】，您真是水课大师啊，水中贵族百岁山吗？不过pre也是有好处的，听同学讲都比你讲的有趣。有您在，我都怀疑其他督导不听课的吗？你咋能混到现在啊大姐大姐大姐！
203697,4592,胡洁,2024-11-20 13:56:55,1,3,2,事情贼多，没见过PPT做得这么烂的老师，不如百度百科直接复制粘贴，节节课点名，怎么会有大学老师要求每节课按照点名表坐座位……
203854,4592,胡洁,2024-11-21 13:52:59,3,4,1,快跑快跑
204847,4592,胡洁,2024-11-28 06:18:48,2,4,2,事特别多，
207086,4592,胡洁,2024-12-19 07:40:10,4,6,2,胡老师的大英四挺好的 不知道哪来这么多负面的评论 课上要做一次个人pre 不定期叫人起来回答问题 主动举手回答有加分 课堂氛围也比较接近高中的时候
207461,4592,胡洁,2024-12-22 04:12:11,2,3,1,助教姐姐好看
208028,4592,胡洁,2024-12-25 08:31:26,0,1,1,还可以
209536,4592,胡洁,2025-01-06 08:05:18,1,3,2,快跑快跑
209652,4592,胡洁,2025-01-06 12:09:32,3,4,1,口音很抽象啊 人还是不错的 期末捞了一下给个及格分吧（感觉对男生特别好对女生比较冷淡 上课喜欢点特定的几个男生）
209767,4592,胡洁,2025-01-07 04:07:23,1,3,2,快跑……
211450,4592,胡洁,2025-01-11 12:54:57,0,2,2,快跑。。。
211804,4592,胡洁,2025-01-12 13:37:44,3,3,0,本人上课十分认真，单词全部背过5遍，课文翻阅3遍，每晚做六级听力练习，最终87分。只能说我尽力了。\n\n胡老师是个很好很温柔的老师，很有耐心和包容度，就是不知为何给分不高，平心而论，我还是比较推荐的。
212803,4592,胡洁,2025-01-15 02:53:04,3,3,0,哦，对了。——节选自《哈姆莱特》。“哈姆莱特：‘哦，对了，你说得有理；所以，我们还是不必多说废话，大家握握手分开了吧。你们可以去照你们自己的意思干你们自己的事——因为各人都有各人的意思和各人的事，这是实际情况——至于我自己，那么我对你们说，我是要祈祷去的。’”
212902,4592,胡洁,2025-01-15 08:06:08,3,3,0,中西文化交流史快跑吧，别选，期末论文8000-10000字，我认真写了但是分给的不好，明明是2学分的课但是期中考试，小组pre，个人pre样样都有，事情特别多
214056,4592,胡洁,2025-01-23 10:24:14,-2,0,2,上课非常烂 给分又非常好。。矛盾
215068,4592,胡洁,2025-02-20 13:16:29,1,1,0,中西文化交流史，事情多，给分不好
220264,4592,胡洁,2025-06-17 03:54:04,0,0,0,老师人很不错
91018,4610,郑瑞,2018-11-29 03:29:32,3,8,5,无聊啊啊啊
91023,4610,郑瑞,2018-11-29 04:05:58,3,12,9,有点无聊
91071,4610,郑瑞,2018-11-29 12:56:17,24,59,35,诸位来浙大上我的课应该思考两个问题\n\n1.你怎么证明自己是中国人\n\n2.我叫zheng rui还是 rui zheng
91213,4610,郑瑞,2018-12-03 11:59:14,8,20,12,严重拖堂，全程尬讲，纠结的点无法理解。???
102918,4610,郑瑞,2019-02-25 03:30:06,1,9,8,第一节课我全程：他在讲什么？？？我是不是走错教室了？？？
143408,4610,郑瑞,2021-11-25 08:07:11,2,5,3,对于英语听说-构建英语逻辑-培养passion很有用
150752,4610,郑瑞,2022-02-17 08:34:37,-13,7,20,有趣的老师 给分高
154467,4610,郑瑞,2022-06-02 01:04:06,4,15,11,太喜欢搞事情了\n\n各种课堂作业各种汇报展示\n\n辛辛苦苦一学期\n\n一看成绩70来分\n\n不太厚道啊这老师
170375,4610,郑瑞,2023-03-03 08:33:17,4,6,2,我觉得我课每次都去，作业也每次都完成，但是给的分是真低啊！！！！！！！！！！！！！！！！！！！
170377,4610,郑瑞,2023-03-03 09:05:40,9,10,1,事多分低课无聊，没有passion的赶紧逃。
173333,4610,郑瑞,2023-05-19 09:48:56,4,5,1,慎重选择该老师，分给的巨低，平时屁事贼多
173639,4610,郑瑞,2023-05-31 01:07:30,4,5,1,事情真是巨多！！！！虽然上课感觉还好！！但是给分真的好低！！！
175378,4610,郑瑞,2023-06-24 10:25:10,1,3,2,上课事情居多，特别喜欢吹嘘自己演讲比赛的那些琐事（近年没有C刊只能吹这些），周周都要交视频作业。多投入一分钟都是在浪费自己时间。
179397,4610,郑瑞,2023-09-14 11:10:18,0,1,1,把学生个人信息挂到他公众号，为他公众号添加人气，丝毫不在乎学生的感受与诉求，乱打期末成绩，不管你多努力，都是低分。
180710,4610,郑瑞,2023-09-25 05:58:00,12,17,5,真是给我整无语了，一天到晚全是屁事，一节课下来两个视频要拍，拍了还要发群里公开处刑，完事上课还要逼着你大声唱歌，给他的公众号增加内容，最后一件一件认真做完分数给的巨低，虽然绩点对我而言没有意义，但是这样的行为真的很愚蠢，这个老师非常自大，还有处处透露着中年男人特有的油腻和蜜汁自信。
180943,4610,郑瑞,2023-09-28 12:49:49,3,3,0,课堂作业各种汇报展示\n\n非常多，以为辛辛苦苦一学期分数起码给个80.\n\n结果，所有科目里面最低的70+\n\n非常不厚道啊。\n\n还是老乡，羞愧
181038,4610,郑瑞,2023-10-06 04:50:34,1,1,0,作业很多，每节课都要录视频作业，给分很低，基本只给70多分，很少数能上80
181647,4610,郑瑞,2023-10-25 07:22:00,2,2,0,逼事一大堆，天天passion，把学生的视频发到自己的公众号，还老说些奇奇怪怪的话，要不是为了学分，哎，还好国庆抵了一次课
181863,4610,郑瑞,2023-11-02 13:52:47,1,1,0,避避避避雷啊！！什么shaniao老师，受不了了
184362,4610,郑瑞,2023-12-18 07:22:38,2,2,0,快跑！八次课，三四次点名。平常上课作业又很多，虽然可以学到东西，但是给分真的巨低，才给我60多，我平时的作业明明都认认真真做了，感觉被老师背刺了。
193828,4610,郑瑞,2024-06-20 03:18:14,4,4,0,十分自大的性格与授课风格一脉相承，每节课既要点名又要说是迫于无奈（有一次课，上课了才说这次没来的算缺课两次，我：？？？），每次课后都有作业却又没有点评（你有看过每个学生的作业吗？不看你让我们做来干嘛？），既要求学生有passion又无法做到上课生动有趣，最大的成就是辅导一个美国小学生打到全美乒乓球冠军，最依托的就是给学生上课。
199149,4610,郑瑞,2024-09-18 07:43:57,2,5,3,强行要求每个学生都写文字拍马屁，然后把学生个人信息和文字发到他公众号，为自己在外面做生意卖课程站台背书。浙大有这种老师真的是耻辱。给成绩低得令人发指，60多分。选课前不知道査老师这个网站，后大悔。这B别让我在校外碰到，我tmd给它宣一顿，宣得它满地找牙，气死了！\n\n\n\n大家千万别选这东西的课，避雷！！
200144,4610,郑瑞,2024-10-14 02:41:26,2,4,2,一堂课关于周深是男是女和学生争论了十分钟，他不会觉得他很有思想吧？浪费生命的课，慎选！
200685,4610,郑瑞,2024-10-21 03:21:31,3,3,0,无敌的老师，每节课都要录视频，上课东扯西扯，事多还三观离谱（“你怎么判断周深是男的是女的”）
204358,4610,郑瑞,2024-11-25 11:53:16,1,2,1,passion passion passion
213214,4610,郑瑞,2025-01-16 11:01:34,2,4,2,选了郑老师的课，先看了查老师评价，又在学在浙大上看了一下上课视频，很想退课。但是没有办法必须要修外语的两个学分，考六级来不及了，雅思又太贵。只能硬着头皮上了。但是上了课感觉还好，作业确实挺多的，很痛苦（但绝大多数不是郑老师布置的，而是规定的、必须做的线上作业，貌似是每个选英语课的同学不论老师都得做的）。郑老师虽然打扮有些油腻，但接触起来人挺好，有着与打扮不相符合的天真。所以我也比较愿意去做他布置的唱歌、表演作业……最后老师给分84分，免修算85分的话，也是可以接受的。认识的课友也是84分、82分，还算良心。而且据郑老师自述年纪渐长，没精力经营公众号，反正我们这学期大家的视频没有被传上他的公众号。综上所述，我个人觉得郑老师人不错，上课也轻松，给分也比较良心，实在要选修英语课的话，可以选他的课。
214011,4610,郑瑞,2025-01-23 03:01:55,1,2,1,讲话有点xsr擦边 猥琐 上课没有含金量
214507,4610,郑瑞,2025-02-10 07:45:35,0,0,0,分给的很低事情很多
219282,4610,郑瑞,2025-05-24 06:19:54,0,0,0,本科加研究生这些年上过的最麻烦的课
75146,4630,YuliaAleynikova,2018-03-07 13:57:03,5,5,0,Юлия真的很可爱很有趣，简直是个Drama Queen哈哈哈哈哈，我们上课听不懂的时候还给我们做各种浮夸的动作比划，她经常用微信给我们发一些一些非常神奇的表情包，她对于一些视频的品味永远是个迷哈哈哈据高年级学长反映她上课还会开车，车门焊死都下不来的那种，很棒的外教老师，只是不知道为什么Юлия来中国10年了还不会说中文，俄式英语也让人很摸不着头脑。。。总之非常棒，蓝眼睛漂亮
75368,4630,YuliaAleynikova,2018-03-09 11:23:32,7,7,0,尤利娅超可爱！！！！！我爱！！！上课简直有趣！来中国十年了中文水平可见一斑！！苏俄电影赏析和视听说超有趣！会看动画片！！强力推荐！！！
80901,4630,YuliaAleynikova,2018-07-02 13:09:13,6,6,0,来体验一下几乎全班满绩的满绩率啊！天哪，我爱她！她太可爱了！！！不过不会说俄语的同学们慎选，她不会中文，英语很迷……
81472,4630,YuliaAleynikova,2018-07-05 07:32:06,3,3,0,来自室友的极力推荐
81473,4630,YuliaAleynikova,2018-07-05 07:33:23,2,2,0,真的好！！！我爱
81474,4630,YuliaAleynikova,2018-07-05 07:33:41,2,2,0,我爱尤莉娅！！！！！讲得又好给分又nice！！！！！！
82070,4630,YuliaAleynikova,2018-07-07 04:28:25,0,0,0,非常棒的一个俄罗斯外教。
93513,4630,YuliaAleynikova,2019-01-10 06:54:45,0,0,0,上课幽默轻松愉快，绩点非常好
133114,4630,YuliaAleynikova,2021-02-08 21:54:28,0,0,0,很好的外教！
174581,4630,YuliaAleynikova,2023-06-14 08:56:08,0,0,0,满分不解释，尤利娅永远的神
83723,4709,姜文涛,2018-07-11 05:51:37,0,0,0,姜鸽鸽我信你呀！
75570,4804,张芳,2018-03-13 11:46:50,10,10,0,和蔼可亲的好老师
80493,4804,张芳,2018-06-27 05:54:36,6,9,3,芳芳超可爱哒！
86611,4804,张芳,2018-09-17 12:33:10,6,6,0,低定点选上啦，上完一节随手赞(/≧▽≦/)老师很有趣，发音超好听！Enchantée！
88315,4804,张芳,2018-10-28 10:11:54,5,6,1,芳芳超好！和蔼可亲，专业过硬，还有小知识普及
92152,4804,张芳,2018-12-26 16:52:57,26,27,1,Très bien！带我们入门法语的老师！上课经常会分享她在法国留学的趣事w讲课很有趣人也很好，平时同学觉得书附的录音语速太快她还会帮我们录课文呜呜呜真的是超好的老师了！旁听一个学期特别值得！谢谢老师！！！
92727,4804,张芳,2019-01-04 04:06:23,4,4,0,老师真的很好
99103,4804,张芳,2019-01-24 09:03:53,9,9,0,上了芳芳老师的法语一，课程体验超赞！老师人特别可爱，口音超好听，上课也有时会讲讲她在法国的事情！唯一的难过点在于我期末前没有背课件句子55555
102537,4804,张芳,2019-02-05 14:32:31,3,3,0,超爱芳芳老师！
105434,4804,张芳,2019-04-13 03:07:50,4,4,0,老师也太好了呜呜呜
108859,4804,张芳,2019-06-03 09:19:36,3,3,0,芳芳老师超级棒！
109812,4804,张芳,2019-06-19 11:27:56,3,3,0,嘻嘻嘻不多说了，喜欢芳芳老师哦\n\n
113581,4804,张芳,2019-07-07 00:26:58,9,9,0,从法语Ⅰ到Ⅱ，太喜欢芳芳老师啦！发音超好听，讲得也很清楚易懂，经常补充一些法国的逸闻趣事。老师的宝宝一定也很聪颖可爱！也希望自己能保持这个学法语的状态，以后还能选到芳芳的课～
115277,4804,张芳,2019-07-17 10:13:58,3,3,0,芳芳老师人巨好，讲课巨好，给分也很有师生情！可惜下学期老师生宝宝去了
127491,4804,张芳,2020-11-23 12:21:00,5,5,0,芳芳特别好特别好，还会安慰刚上大学不适应的我，钉钉都是秒回的！
128901,4804,张芳,2020-12-26 14:47:38,3,4,1,好棒的，讲的超级慢，巨细，一定要背诵哦。上课绝对点名，是抽人的（虽然我是旁听的~~~）
129470,4804,张芳,2021-01-06 03:18:09,3,3,0,只有棒
130764,4804,张芳,2021-01-24 13:32:53,1,6,5,芳芳老师真好！拿到了第一个满级
130776,4804,张芳,2021-01-24 13:57:58,2,2,0,讲得很好！也会讲一些经历和文化趣事之类的，所以上课不会无聊\n\n平时上课点人回答问题，期末口语考试+期末考，虽然平时没作业但是还是要多练练（不然期末会惨）\n\n感谢老师不挂之恩
130827,4804,张芳,2021-01-25 01:08:07,4,5,1,老师人超级好！讲课很认真，而且经常讲些自己的经历，好可爱呀。虽然有时候觉得有点枯燥，但学得很扎实（不过上课还是最期待老师分享法国经历hhh）。本来只是混个外语学分，学完对法语和法国开始产生兴趣了。想继续跟老师学法语2！\n\n出分超快，前天晚上考完今天早上求是潮就更新了。试卷难度不算很大，平时课下不算很用功，上课勉勉强强跟上，期末补了几天的天拿了4.5，感谢老师。
132263,4804,张芳,2021-01-31 11:49:24,1,1,0,芳芳老师超级温柔哒！讲课也耐心，还会给我们讲自己的经历和对法国的看法。给分超棒哒（期末视频迟交了，说明原因后也接受了哇），还有还有，钉钉秒回是真哒！
136655,4804,张芳,2021-06-22 12:40:52,3,3,0,merci beaucoup！
137015,4804,张芳,2021-06-29 10:56:28,3,3,0,张芳老师真的是女神！！！法语说得好听，上课会耐心地和我们讲知识点还会穿插法国小故事！给分也很好！这学期最后一节课舍不得老师呜呜呜！
145239,4804,张芳,2021-12-28 11:37:16,2,2,0,好得很
146214,4804,张芳,2022-01-06 01:45:18,2,4,2,老师超级温柔 法语也讲得超级好听 虽然差一分满绩 但主要还是我烂 老师还是超级棒的！
146216,4804,张芳,2022-01-06 01:48:19,4,5,1,芳芳老师真的真的是一个超级好的老师啦！法语语音入门导师，特别温柔特别可爱，过年会给我们送祝福，还会在课上和我们一起分享一些法国故事（我永远记得法国水很硬导致脱发这件事哈哈哈哈）
146218,4804,张芳,2022-01-06 01:50:31,3,3,0,芳芳老师期末海底捞了一把，感谢感谢，而且平时上课也超级有趣
146282,4804,张芳,2022-01-06 06:31:43,2,2,0,老师人超好，海底捞，经常给我们讲法国故事，法语说得很好听，外语通识课选她的法语就对了
148883,4804,张芳,2022-01-14 01:10:20,2,2,0,我爱芳芳老师！！\n\n人好亲切温柔善良，讲课好！
155440,4804,张芳,2022-06-14 16:41:49,6,6,0,如果你第一次要选芳芳老师的课然后不知道要不要选的话，选下去就对了！我爱芳芳老师！还有我超喜欢听老师的法国故事，超级有趣！\n\n法语1考完了，我觉得试卷难度还是比较大的，但这次还有另一名老师教平行班，所以芳芳老师还是très bien~
155815,4804,张芳,2022-06-16 05:52:21,3,4,1,好老师！上课讲得很仔细很有耐心，这次期末有点难，出分快给分好，比心～
159778,4804,张芳,2022-08-29 09:47:57,5,5,0,上课很耐心，能扎扎实实学到法语，老师人特别好～\n\nPS 我喜欢老师的衣品
161008,4804,张芳,2022-10-23 16:25:40,4,4,0,老师人真的超级nice！！
170591,4804,张芳,2023-03-07 03:45:28,7,7,0,还要讲什么，芳芳老师yyds，选下去莫犹豫
179083,4804,张芳,2023-08-27 13:08:28,19,20,1,毕业一年后回来追评：老师教的法语确实很实用，在巴黎和老板说Je ne parle pas francais他听懂了:)
187219,4804,张芳,2024-01-15 06:49:48,16,16,0,外专业选老师的法语国家与地区研究（一点法语都不会讲\n\n老师真的很好很好，给大家很大的自由度做课堂展示，点评的时候会肯定每个人的成果，然后在此基础上分享一些自己的感想和见闻。\n\n最后一节课讲布基纳法索也是很感动\n\n不点名、给分好（除了周一早八是真的有点难起\n\n大爱张老师！！！
197915,4804,张芳,2024-08-20 15:36:37,6,6,0,太喜欢了！！！
206535,4804,张芳,2024-12-16 02:07:54,11,11,0,我爱张老师，伟大无需多言呜呜呜呜呜张老师我爱你！真的是女神级别的legend级别的存在，性格很好讲课很幽默，法语很难但老师的课很有意思，还会分享自己在法国留学的有趣经历，对于请假签到方面也很宽容，大家都来学法语🥹
210179,4804,张芳,2025-01-08 09:55:25,5,6,1,芳芳老师很温柔，上法语国家与地区研究讲得也绘声绘色，虽然小登不太会写论文，期末给了4.5也很满意la
211865,4804,张芳,2025-01-13 02:37:53,9,11,2,挺好的老师，认真学能学到很多东西的
211946,4804,张芳,2025-01-13 02:34:36,10,12,2,老师人很好很温柔，讲得也很好，上课不仅会讲课本内容还会讲一些法国文化。某些删评说学不到什么的同学你怎么上的课你心里清楚。我想说你这么说老师不仅会误导别人，也会让老师心里寒心
211947,4804,张芳,2025-01-13 02:35:19,8,9,1,伟大无需多言 法语课超有趣\n\n期末只要学了听了基本会做老师也会捞\n\n笨人不太会学语言也有90 \n\n爱你😘
211957,4804,张芳,2025-01-13 02:50:21,7,8,1,法语I，非法专，老师的课通俗易懂，非常有趣，平时没什么事，非常推荐选。但因为我平时有点懒加上的语言天赋低，基础不牢，后面学的比较吃力。期末正常发挥，分也相当不错。说给分差的想想自己的原因吧，老师相当捞，但你不能期末啥也不会写还指望老师能给你一个高分。
211971,4804,张芳,2025-01-13 03:04:13,2,3,1,芳芳老师我爱你😘
211982,4804,张芳,2025-01-13 03:30:30,5,6,1,芳芳老师是特别特别好的法语老师，老师说了60%来自课本就是来自课本，有些你找不到很可能就是忽略了书上语法讲解和课后习题的位置。\n\n建议有些人自己看一下卷面分再去指责老师，或者问问自己真的上课认真听了吗🤣\n\n明年继续学法语2🤩🤩
212020,4804,张芳,2025-01-13 04:40:52,4,6,2,老师真的很好，上课会讲很多法国的趣事，这也是我这学期最喜欢的一门课。而且平时签到老师也会提前提醒（真的太善良。），期末卷子只要听了课考前把课后翻译题和谚语认真背了绝对不会差，很多同学都提前交卷了说明卷子出的也不难。如果每一节课都认真听记笔记，像我期末专业课很紧张只有一两天时间复习法语，也能有4.8。有的同学自己不付出努力还说老师给分差真的要点脸吧。。法语比起大英给分真的太善良了，学语言又怎么可能有速通的办法呢
212028,4804,张芳,2025-01-13 18:36:40,4,5,1,希望芳芳老师不要被某些没良心的人伤了心。说实话，讲得真的是非常好。唉可以这学期专业课太多平时疏于复习整理，最后考差了只能怪自己。但老师的确是不可多得的好老师。
212108,4804,张芳,2025-01-13 07:46:19,1,2,1,上课很有意思，会讲很多法国趣事，上课也能学到很多东西，期末考不算简单但也不难，个人感觉改卷挺松的，给分很不错。法语一平时基本没有作业，需要自己课后多熟悉熟悉课文，不然最后考试复习会很吃力。总的来说建议所有人来选张老师的法语课！
212144,4804,张芳,2025-01-13 09:43:19,2,2,0,老师人非常好，很负责，课也上得很用心；期末考试难度不小，绝对不仅仅是上课听听加上复习几天就能拿高分的，相信老师是捞了的，但是分数依旧难看；建议平时课下有时间积累和背诵、以及想认真掌握一门外语的同学选；如果像我一样只当一门通识、或者仅仅是想入门法语的同学就要做好花费大量时间去学习/拿低分的准备了（苦涩
212152,4804,张芳,2025-01-13 09:15:56,0,1,1,真的很好的老师！
212225,4804,张芳,2025-01-13 13:12:18,0,1,1,老师真的是很好很好的老师！！本人这学期状态很不好法语学的也不好，期末速成的卷面惨不忍睹，以为自己要挂科了但是老师捞了一把（呜呜呜是老师拯救了一个想学好语言但总是弄巧成拙的孩子的自尊心！！）不至于让我放弃法语，上课讲的很细腻还很风趣幽默，真不想让一些言论寒了老师的心，明年继续学法语2！
212269,4804,张芳,2025-01-13 15:47:02,2,2,0,老师上课注重基础，讲的点很细，好好听可以学到很多东西的。期末卷子出的不简单，需要大量的平时积累和记忆背诵，除非有法语基础否则没有速成可能。因为平时没花太多精力所以最后分数很难看，但很明显还是被老师捞起来了。所以不建议外专业同学在比较忙的学期选法语1，毕竟学语言还是要花费很多时间和精力的
70793,4865,Mario Circelli,2018-01-28 00:33:57,18,19,1,三个字
70915,4865,Mario Circelli,2018-01-31 09:31:34,144,196,52,最不靠谱的课，还算主修，超级绩点杀手，还算主修，抢了我的奖学金。  课程毫无意义，学不到东西，老师根本摸不透，最大的坑... 千万别选，千万别选，千万别选...\n\n
70916,4865,Mario Circelli,2018-01-28 00:13:22,3,5,2,唉，千万别选
72242,4865,Mario Circelli,2019-08-27 06:55:15,868,910,42,Fuck you
72595,4865,Mario Circelli,2018-01-31 06:46:57,77,89,12,想念aa
72619,4865,Mario Circelli,2018-02-12 10:42:20,907,1006,99,大家好 我是马里奥\n\n这是你从未上过的全新课程\n\n绩点回收 扣分自由\n\n只需一分钟\n\n你就会感受到来自加拿大的爱
72627,4865,Mario Circelli,2018-01-30 14:15:48,50,55,5,垃圾桶.jpg
72631,4865,Mario Circelli,2018-01-30 14:27:33,68,73,5,口语课：get participation score by asking questions
72642,4865,Mario Circelli,2018-01-30 15:07:48,308,328,20,嘿嘿 我就是来看大家怎么骂他的
72860,4865,Mario Circelli,2018-01-31 08:11:08,365,395,30,非常糟糕的体验。我上浙大以来唯一一次觉得，这样子的人也可以在大学里教书吗？其他的暂且不论，最让我受不了的是他的上课水平，上课不知所云，名为英语写作，实际上还没其他英语课上学到的写作能力强。看起来是有层次的，但是每次上课都整些虚的，实打实的干货在哪？所有东西都要从屏幕上手动抄下来，不抄下来，这么迷的上课谁知道考试怎么挂的！第二节课就立了一堆规矩，也是一些基本的内容无非是上课保持安静不要玩手机等等的，但是，他是一个非常易怒的人，经常上课拉着脸，上课非常胆战心惊，唯恐自己一个不小心又得罪了他，难道我们欠他工钱了？他嫌弃我们写作班不够活跃，嫌弃我们班超了几个容量，甚至不允许课下乃至课间找他问问题，说我们讲话有口音？？？\n\n总而言之，是一次非常恐怖的经历，仿佛回到了高压专制的时候。希望浙大以后可以在招外教方面仔细一点。
72864,4865,Mario Circelli,2018-01-31 12:23:59,35,37,2,提高口语？不存在的 这学期最紧张最头痛的一门课(╯°□°）╯︵ ┻━┻
72871,4865,Mario Circelli,2018-01-31 08:26:17,29,32,3,一点东西没学，还把自己均绩拉低了
72877,4865,Mario Circelli,2018-02-07 05:41:46,253,265,12,上这位老师的课你能学到很多东西，比如，各种标点符号的英文名称，真的是很大的干货是不是。他还会贴心地告诉你他对于有些单词的简写，并在最后的笔试中考你他对某些单词的简写是什么。最贴心的是他会在你回答不出问题的时候去教室外冷风中吹一会儿冷静一下。他还考虑到大家英文字写得不好看，会让我们把课上三四百字的文章抄下来当练字。你以为这就完了？发一节课的火仅仅因为天气热也不是没有的呢。上课所有内容都是一本上世纪的讲英语写作的书，我觉得把这门课放到小学去上有事半功倍的效果，因为他对课堂纪律的要求达到了小学老师所不及的高度
72888,4865,Mario Circelli,2018-03-29 12:45:35,-139,19,158,学不到什么东西是真的，脾气也是让人不能捉摸，搞不懂，但有时候很幽默，上课有时候也比较有趣，认真按照他的要求做作业，我最终的绩点出乎意料的还可以。
72902,4865,Mario Circelli,2018-01-31 09:36:04,12,15,3,一言难尽 就想问大家绩点拿了多少
72946,4865,Mario Circelli,2018-01-31 12:00:09,23,26,3,救命啊
72952,4865,Mario Circelli,2018-01-31 12:26:00,35,40,5,看到没有好评就欣慰了。
72953,4865,Mario Circelli,2018-01-31 12:15:35,25,27,2,上他的课生病请假死活不收假条，直接扣你分，一节课总评两分吧好像是，学了一学期写作水平退回小学生，学不到任何东西的作业一大堆，不管是上课还是作业一定要努力讨好他按照他刻板的规定走不然就像我一样，拿了一整学年最低绩点。
72955,4865,Mario Circelli,2018-01-31 12:20:42,39,41,2,最重要的是\n\n他的课 翘课和请假是等同的。\n\n你去找他请假只会被他骂一顿。
72956,4865,Mario Circelli,2018-01-31 12:22:14,58,63,5,这个老师吧有点迷\n\n上课的第一节还觉得没毛病，学不到东西至少这老师还挺乐呵\n\n第二节课开始登记你的名字的时候就知道了，明明可以用写的一定要我们用拼音告诉他，一旦没有准备好就说no you are not ready 然后就不让你说话？？？？\n\n每一节课都点名，迟到了要登记，一点余地也没有，你想请假是吧？“I don't care”你也别让别人来告诉我 反正我不管:)\n\n你以为上了半个学期了你掌握这个老师的套路，呵呵too naive\n\n每节课都嫌弃你们不说话，diss我们这就是 top three university的水平？？？？\n\noh god也不看看你每天问的都是些啥问题 我们是能回答出什么来？？？\n\n口语期末考简直令人印象深刻，所有人在外面吹着冷风，等着班长叫号（没错有班长，直接告诉你当班长满鸡，就是惨了点，每节课当驴使），劈头盖脸的骂呀，那感觉真是美滋滋。\n\n没错，畏畏缩缩为了分数忍气吞声的话，每节课坚持不懈发言的话，5.0满鸡你一定拥有。\n\n
72958,4865,Mario Circelli,2018-10-01 22:35:52,111,113,2,三个字，课都不想念了想揍你
72966,4865,Mario Circelli,2018-01-31 12:43:21,58,66,8,把大学生当小学生教呵呵呵
72967,4865,Mario Circelli,2018-01-31 12:48:19,32,34,2,一年前上过口语课，不喜欢这种上课必须勉强自己participate的感觉，每节课都上得很不开心。老师的问题都让人有真的是大学课堂吗、随时出戏的感觉。偏心很严重；如果没有让他impressed，即使你几乎每节课都发言也可能永远记不住你的名字，每次回答都要被问一句“What's your name?”蛮心寒的，特别是当他忘了名字又懒得问你干脆就不记你partcipation的时候很想怼了。惹不起惹不起。
72968,4865,Mario Circelli,2018-01-31 12:50:06,26,29,3,没话讲 只能奉劝大家 千万别选
72971,4865,Mario Circelli,2018-01-31 12:58:23,23,25,2,很迷，有点无语
72973,4865,Mario Circelli,2018-01-31 13:05:46,130,147,17,场景一：用一整节课的时间布置作业。\n\n场景二：课间走到后门，用尽全力反复几次疯狂砸门，一边砸一边嘴里说“I told you to close the back door！”\n\n无所谓收获，完全只求把课上完
72980,4865,Mario Circelli,2018-01-31 13:21:25,26,27,1,写作，没有收获，感觉不到这个人的水平和人格魅力，但港真他的压力也挺大的虽然想上好课但没那个能力。。。上他课的同学们谨记，不发言、面无表情、不被他记住，安安静静过一学期才是生存之道
73011,4865,Mario Circelli,2018-01-31 14:36:01,231,239,8,真不知道浙大怎么招到这种老师的，歧视中国学生，强行让我们发言，学生为了那个participation强行问弱智问题，真不知道这样上课练毛口语。上他的课，我抑郁症都复发了，不得不开始吃药治疗。真爱生命，远离马里奥。千万别选！千万别选！！
73388,4865,Mario Circelli,2018-02-01 13:11:57,21,23,2,不是很懂老师的思维，大冬天让人在外面冻着也是没谁了。课非常水，基本学不到什么东西。
73544,4865,Mario Circelli,2018-02-02 02:42:47,125,130,5,超级绩杀+性情古怪 \n\n上他的课简直是有生命危险\n\n如果实在只有他的课可以选\n\n请记得：\n\n直接回答问题 不要说多余的话 \n\n尽可能多发言 别把手机拿出来
73776,4865,Mario Circelli,2018-02-03 05:25:42,24,26,2,别选 选了后悔真的\n\n什么都学不到 口语课小学生水平 还贼专制贼高压\n\n连课程群都叫我们解散掉是怕背后说他坏话吗hhhhhhh
73786,4865,Mario Circelli,2018-02-03 05:41:19,30,34,4,呵呵，27分课的均绩被一门1分的课拉下0.03，呵呵。上课?呵呵，那也叫上课?早退家常，然而幸好他喜欢早退，根本没有人喜欢上。说到班长的问题，我们本来班长水平挺好的，然后他突然发飙把她撤了重新换了个，就丢下一句我会记得的，那个女生后来就没笑过……心疼……这样的老师为什么还能留在浙大?反正他看浙大不爽，我们也看他不爽，留着干嘛?
73788,4865,Mario Circelli,2018-02-03 05:44:46,13,14,1,npnp\n\n
73797,4865,Mario Circelli,2018-02-03 06:07:25,70,78,8,想把这垃圾老师告到校长信箱
73810,4865,Mario Circelli,2018-02-03 06:33:39,82,87,5,很赞成大家的说法，不过对于那些别无选择一定得上Mario课的人，给一些意见：首先尽量不要因为他那些奇奇怪怪的规矩而扣分，比如请假，迟交作业，或者没搞清他那些啰里啰嗦的格式，这些他都会跳脚。其次，个人觉得不一定很费心力地刷脸，只要把他规定的发言次数达到了就可以了~安安心心做一个小透明，他也不会很注意你。最后，个人觉得拿他课的高分关键在于他的quiz和期末考评，因为平时成绩只有做了和没做之分，quiz和期末会按照表现程度打分的，所以尽量充分准备。鄙人去年在他的英语辩论课上当了一学期的小透明，最后期末辩论的时候认真准备了一下，结果成绩还算可以。。。不过我真的挺讨厌他，希望大家尽量选别的老师的，不得已选他了就good luck吧~
74211,4865,Mario Circelli,2018-02-06 16:01:44,12,14,2,paranoid
74471,4865,Mario Circelli,2018-02-27 05:42:41,16,19,3,就是神经衰弱
74487,4865,Mario Circelli,2018-05-07 10:52:07,414,449,35,很不清真，这个老师不尊重我们穆斯林兄弟，下次看到他直接安拉胡阿克巴
74625,4865,Mario Circelli,2018-03-05 01:37:18,16,16,0,给他打一分真的都多了
74664,4865,Mario Circelli,2018-04-08 10:34:43,27,28,1,水平低教的差就算了 能力问题 但是他根本没把我们当大学生看吧 性格极差 上课嫌读课文声音小 说：你们中国人是世界上最吵的 怎么说起英语来就没音了 很想对他说fxxk off了 还有什么说台湾学生foreigner就不提了
74761,4865,Mario Circelli,2018-03-05 16:02:31,-26,4,30,佛系老师
75028,4865,Mario Circelli,2018-03-07 05:12:07,25,30,5,学不到东西！！！花一整节课告诉你怎么用标点符号！！！大片大片的文章让我们抄半节课！！！真的没用没用没用\n\n唯一让我觉得这个老师还有点人情味的是他对angel很友好，angel说她的英文名在以前被人嘲笑，他安慰她说这个名字很适合她，她是天使
75198,4865,Mario Circelli,2018-03-08 02:45:47,63,66,3,我一直以为他说\n\n是新的老师所以没有评分，仔细一看原来大家给的都是0分，那我就放心了。这个老师就像小学老师整治一班不听话的小朋友一样，生气暴怒，让学生罚站，点名，随意扣分，每次上他的课都心惊胆战，关键是大家明明都表现的很好，能不能举报他啊？?而且讲课的内容都是虚的框架，这都能讲一个学期??真的是见过最烂的老师了
75273,4865,Mario Circelli,2018-03-08 10:32:59,8,9,1,一言难尽
75348,4865,Mario Circelli,2019-01-08 01:31:49,145,155,10,人品败坏，品格奇葩，控制欲强，歧视中国学生，课堂没有东西，提心吊胆上课，我还能说什么？这位外教与众不同，这种人...不仅是超级绩杀的问题，他已经上升到了人品问题，甚至民族问题。竺院这种课为什么算主修，还出现在推荐，祸害了多少人？竺院的有关负责老师真的应该醒醒了，否则，我来竺院，放弃上交，放弃复旦一批，就是获得了这种课吗？因为mario，难道我还有后悔当年我的志愿选择吗？
75673,4865,Mario Circelli,2018-04-02 12:58:20,51,56,5,"整个浙江大学，我只碰到过这一位会因如回答问题声音太轻之类的小事，就把同学赶出教室的老师。\n\n整个外语学院，我只碰到过这一位会在课上骂""god damn it""""what the hell""的外教。"
75825,4865,Mario Circelli,2018-03-19 08:47:05,24,27,3,英语写作。第一节课营造出一种好像很爱与和平的表象，第二节课就开始狂躁症发作，和小学老师一样要求多，要求多也就罢了为什么这么爱对学生讲话大声，弄得我每周一下午想到这个课都觉得头痛，能有别人选就千万不要选这个课。
76251,4865,Mario Circelli,2018-03-30 11:13:58,33,35,2,册那.
76252,4865,Mario Circelli,2018-03-30 11:24:48,22,24,2,由于取了个德国人名字导致整学期在口语和写作都被Mario记的很牢，这感受太糟糕了\n\n我本以为世界上所有人都是可以沟通的，直到我遇到Mario，我终于放弃了\n\n然而我这种“刷脸”到完全被他记住的也并非绩点好了，实际上两门课都是比均绩高一点点。我自以为口语考的很好，写作很烂（没写完），结果一个分，感觉很迷。
76309,4865,Mario Circelli,2018-04-02 17:13:11,50,53,3,作业如果不亲手在铃响之前交到他手上，坐在后面的有个同学委托同学帮忙传一下，结果遭到一通训斥，还威胁坐在后面的同学你坐在后面我就给你低分。甚至还说你们中国人都是这样的吗？你以为你是老板吗还让同学给你传？我不知道这样有什么错，也不知道这位同学为什么要得到这样的训斥。\n\n有一位同学因为没听清楚老师说什么，旁边的同学悄声告诉他，结果两个人都被斥责一通，被点起来的同学还被迫要求坐在老师眼皮底下。这样的场景即便在高中也见不到。\n\n言语中透露着对国内学生的偏见，仿佛中国的大学生就是作弊、抄袭、逃课、偷懒成性的大学生，中国的大学教育水平在他看来一文不值。\n\n既然如此，为什么要拿着中国人给你发的工资，端起碗筷吃饭，放下碗筷骂娘。\n\n上课净扯些没用的东西，如果让学生只需要手抄投影上的文字就可以糊弄过去一节课，那当老师真的太容易了。
76515,4865,Mario Circelli,2018-04-12 02:56:23,22,24,2,5节课换了3个班长
76586,4865,Mario Circelli,2018-04-16 02:36:16,11,12,1,就想知道能不能因为受不了老师退课，真的受不了了
76778,4865,Mario Circelli,2018-04-23 06:02:41,2,3,1,emmmm
76801,4865,Mario Circelli,2018-04-23 14:22:26,18,20,2,今天翘了一节课..会死吗？
77825,4865,Mario Circelli,2018-05-08 04:04:58,20,24,4,老师的情绪像…………像这个春夏交替季节的天气
78253,4865,Mario Circelli,2018-05-10 08:06:41,12,12,0,千万别选
78923,4865,Mario Circelli,2018-12-18 19:29:51,114,131,17,？？？只有我一个人对他的老婆比较好奇吗
78991,4865,Mario Circelli,2018-12-30 12:34:32,2,3,1,fuck you
79004,4865,Mario Circelli,2018-05-20 05:02:05,18,19,1,报课时也不知道 只是想提高英语水平 而且以前上其它的外教挺好的。上着觉得这老师和其它外教不同，看了查老师，我怕了…………绩点求放过………………
79054,4865,Mario Circelli,2019-10-26 10:45:46,23,44,21,因为很多人说马里奥太严格 所以他之前试图放宽一点他的规定来让大家体验好一些 一个缺了1/3课的同学A在早上八点他马上要去上辩论课的时候堵住了他要求他给自己考试的机会 马里奥就同意了 让A周四来上课 但是他同时也觉得这个安排不太妥当 正好A同学周四也没有来上课 所以按照规定A要挂科了 重点是 马里奥给过A机会了 但A还是没有出现 所以事情不得不这样收场 马里奥只是想让大家体验稍微好一点
79066,4865,Mario Circelli,2018-05-22 05:34:58,57,58,1,控制欲极强。\n\n反社会人格。\n\n学生同事都开怼。\n\n但也许秋天他就消失了。\n\n也许不会。\n\n\n\n\n\n
79240,4865,Mario Circelli,2018-05-28 10:01:18,22,23,1,我不认识这个老师 但我朋友可能不喜欢他
79636,4865,Mario Circelli,2019-09-13 09:14:03,99,106,7,大家好，给大家介绍一下，这是我们浙江大学一号杀手，不怕死的可以一试
79662,4865,Mario Circelli,2018-07-05 08:11:43,48,50,2,想知道这种老师是怎么在中国活下去十年的
79663,4865,Mario Circelli,2018-07-05 08:42:27,23,26,3,希望他懂中文
79766,4865,Mario Circelli,2018-06-13 11:31:38,2,3,1,无语啊
79813,4865,Mario Circelli,2018-06-14 03:02:48,19,20,1,这个老师很奇葩 调拨离间 让同学关系不好 我不理解他怎么存活在浙大\n\n把针对发挥的淋漓尽致 我们进来这样被他对待的吗  what？\n\n然后在上课好像侮辱我们 真的受够了 以后再也不想拿 专业课也退课 真的太过分了 谁选谁倒霉 上课也学不了东西 绩点低
79814,4865,Mario Circelli,2018-06-14 06:19:06,15,16,1,精神压力巨大，每天怀着紧张小心翼翼的去上课 结果还是被diss 很难过\n\n感觉他也有点歧视中国学生 下课不允许和他交流？ 这什么口语课
79836,4865,Mario Circelli,2018-06-14 08:06:29,9,9,0,煎熬
80070,4865,Mario Circelli,2018-06-19 14:26:55,9,19,10,马里奥让人害怕，每次上课都心惊胆战，但是一方面也觉得他挺可怜的，学生都不太喜欢他，他问问题，需要帮助的时候，都不太有人理他
80130,4865,Mario Circelli,2018-06-20 09:51:20,10,10,0,吃柠檬
80256,4865,Mario Circelli,2018-06-23 07:52:00,10,11,1,朋友，别选
80603,4865,Mario Circelli,2018-06-28 08:30:31,63,65,2,恨他就推荐他去上mario的课吧
80684,4865,Mario Circelli,2019-03-19 00:30:21,3842,4114,272,如果一个房间里有希特勒，墨索里尼和马里奥，给我一把枪和两颗子弹，我会杀马里奥两次。
81063,4865,Mario Circelli,2018-07-03 13:38:16,13,15,2,见过人渣么
81491,4865,Mario Circelli,2018-07-05 08:04:32,-33,4,37,这个学期绩点还行 不知道是不是因为他说的“这学期收到很多complaint所以generous一点”。下学期又开课了，同学们慎选啊！
81499,4865,Mario Circelli,2018-07-05 08:43:56,35,37,2,大家怎么打的0分。我只能打1分 想剁手 给了他这一分
81504,4865,Mario Circelli,2018-07-05 08:43:28,8,9,1,垃圾老师
81505,4865,Mario Circelli,2018-07-05 08:44:47,13,15,2,在室友的极力推荐下打了一分
81506,4865,Mario Circelli,2018-07-05 08:50:54,14,15,1,室友激情推荐+1
81608,4865,Mario Circelli,2018-07-05 14:11:50,13,13,0,比较死板，老师性格不像想象中的外教
81626,4865,Mario Circelli,2018-07-05 15:01:22,-4,3,7,我就是看他评分不够来支援一下英语专业的同学
81652,4865,Mario Circelli,2018-07-05 16:42:19,7,8,1,英语写作 课超级水 什么也学不到 老师的心态很奇怪 给分最后令人无语
81678,4865,Mario Circelli,2018-07-06 01:06:45,9,10,1,专业课全部退选
83974,4865,Mario Circelli,2019-06-18 15:35:01,-77,14,91,有幸和他对上眼缘的人那恭喜您了您绩点应该不错了hhhhh人家也挺可怜，想知道对着一群怕出头丢脸什么都不愿意说的人他能怎样呢hhhhh
84031,4865,Mario Circelli,2018-07-12 01:26:03,7,7,0,呵呵呵
85606,4865,Mario Circelli,2018-07-21 01:46:31,69,72,3,想要弹劾老师的烤鸭要小心呀。我猜mario的路线可能是浙大失业-雅思口语考官?
85833,4865,Mario Circelli,2018-08-20 08:26:52,64,64,0,预置满员的课在开始选课第一天被退到只剩个位数
85966,4865,Mario Circelli,2018-08-26 07:45:08,7,9,2,辣鸡外教
86361,4865,Mario Circelli,2018-09-14 03:24:50,19,20,1,千言万语汇成一句fuck you
86421,4865,Mario Circelli,2018-09-15 18:06:16,-30,6,36,不错，幽默风趣hhh\n\n
86451,4865,Mario Circelli,2018-09-16 11:31:37,15,17,2,I just want to fuck you without speaking anything.
88101,4865,Mario Circelli,2019-01-24 06:51:53,68,93,25,I am Mario！\n\n我看中文的懂！\n\n我课上的好，大家来听！\n\n谢谢大家！
88104,4865,Mario Circelli,2018-10-22 07:26:51,4,6,2,我试试看零分\n\n
88105,4865,Mario Circelli,2018-10-22 07:54:04,4,5,1,可怕得课
88298,4865,Mario Circelli,2018-10-27 10:09:49,-1,3,4,没有体验
89154,4865,Mario Circelli,2018-11-16 05:41:37,-36,13,49,你只要按照他的规定就可以了\n\n不用讲太多没意义的话\n\n准时去上课然后乖乖交作业其实还是可以的\n\n勉强拿了个4.5还是ok的
89448,4865,Mario Circelli,2018-11-19 07:26:06,3,5,2,cnm
89514,4865,Mario Circelli,2019-02-19 02:55:24,15,16,1,辣鸡，如果都是这样的口语老师，怕是没有人能开口了。
91561,4865,Mario Circelli,2019-01-16 16:35:26,20,21,1,上课不知所云，完全耗时间。形式主义。什么都没学到。\n\n性情古怪，控制欲强，课堂死气沉沉，上课毫无热情。
91570,4865,Mario Circelli,2018-12-13 14:28:13,112,113,1,哔了狗的体验\n\n大家好\n\n我是one of被换下来的课代表哦！勤勤恳恳也就12周了吧突然因为上节课有一个同学的作业分发时掉在了地上就被fire啦～\n\n（分发作业的还不是我哦！还是他让我找的两个不熟悉的同学发的喔!我也不知道他为什么就要这样做还假惺惺的说不要过来给我道歉解释我不听我不听exm?我艹我准备要给你道歉吗?你是神经病我也要配合你演戏吗?是吃多了撑着了吗?我浙包容度也忒好了吧！）\n\n当课代表的体验就是他说的每句话都要成为你的人生名言完全不能走神喔～你还是班级冷场时的活跃小担当，要是接不住他奇奇怪怪的梗就fire警告喔～\n\n另外歧视中国学生真的是恶心哦说什么中国是世界上loudest country但是他面对的学生却是quietest...仅仅是因为后面的女生说话温柔了一点喔，就全中国的怼怕是脑子出现了什么问题・_・?确定不考虑一下自己耳朵不好不去检查一下吗?甚至大冷天关空调说你们死不了的呵呵好的☺\n\n听学姐一句劝 别作死了选他喔 没什么好处的喔～
91704,4865,Mario Circelli,2018-12-18 05:46:02,36,36,0,建议遣返加拿大，真是什么垃圾都往中国塞，可笑至极
92164,4865,Mario Circelli,2018-12-27 01:24:49,-23,1,24,海星哦
92171,4865,Mario Circelli,2018-12-27 02:17:23,5,6,1,fuck
93223,4865,Mario Circelli,2019-01-08 07:22:06,4,6,2,狗屎啊
93314,4865,Mario Circelli,2019-01-09 03:32:09,-10,1,11,。。。
94040,4865,Mario Circelli,2019-01-15 03:33:44,1,4,3,。。。
95053,4865,Mario Circelli,2019-01-18 15:41:53,11,13,2,1.上课无干货性内容\n\n2.体验外教上课的同学，请注意:本课过于拘谨，老师的规矩比较多\n\n3.成绩安排主要是: 平时分（出勤和课堂）课后作业（20%）知识点测试（10%）期末考试（50%）\n\n（顺带吐槽知识点测试，就是上课的内容。涉及标点符号、英文改错符号甚至是上课的规则。）\n\n个人觉得比较适合 英语水平比较高的 凑学分的同学 good luck \n\n绩点对于我这种菜鸡来说，凉(눈_눈)
96118,4865,Mario Circelli,2019-01-20 13:04:30,15,15,0,别教了，回加拿大吧。不送。
102934,4865,Mario Circelli,2019-02-25 04:54:54,6,6,0,英语演讲课 干货少 上课水 尽量不要缺课 绩点还行 上课要高度集中 不然问你问题不懂你就完了 他对听不懂英语的同学很不耐烦
103371,4865,Mario Circelli,2019-02-27 14:55:27,2,3,1,。。。。。。
103702,4865,Mario Circelli,2019-03-04 12:51:11,-25,6,31,好吧我被踩了，还是打个1分吧哈哈哈哈哈哈哈
103901,4865,Mario Circelli,2019-04-08 14:11:00,10,17,7,加拿大狗滚出浙大\n\n
103987,4865,Mario Circelli,2019-03-08 11:50:10,9,11,2,在3.8日这一天祝您三八快乐
104069,4865,Mario Circelli,2019-06-21 07:50:55,13,15,2,我也哭了 赶紧退课吧
104718,4865,Mario Circelli,2019-03-26 11:16:03,10,11,1,老师你知道加拿大凉了吗\n\n
104730,4865,Mario Circelli,2019-03-26 23:47:03,1,3,2,一言难尽
104736,4865,Mario Circelli,2019-03-26 23:26:33,4,4,0,哈哈哈
104960,4865,Mario Circelli,2019-04-01 03:56:13,24,26,2,愚人节快乐？？？马里奥竟然有分数了！
104967,4865,Mario Circelli,2019-04-04 04:48:55,3,9,6,他的心情貌似和天气有关?
105299,4865,Mario Circelli,2019-04-10 02:57:17,322,339,17,Mr. Mario， I strongly suggest you to consult a psychologist or doctor since you're not reflecting on yourself for years. You are not doing your job and wasting our time. Students have been insulting and cursing you for years， do you really think it's only our problem? Or do you get a kick out of it or received some sense of happiness every time when we scold you? Yes， there's SM in sex but not ZJUM in Zhejiang University.\n\n\n\nSincerely，\n\nYour student.
105724,4865,Mario Circelli,2019-04-19 02:18:21,5,9,4,无意中听到马里奥才来看看，挖凑，一年前我上过他的英语写作。。。。。后背发凉。。。
106909,4865,Mario Circelli,2019-04-30 08:06:11,3,3,0,帮忙拉低
106983,4865,Mario Circelli,2019-04-30 14:02:09,11,13,2,迷惑行为大赏
107332,4865,Mario Circelli,2019-05-06 07:44:08,14,16,2,我错了。\n\n英专必须要在马里奥的刀下走一轮。
107353,4865,Mario Circelli,2019-05-04 07:39:40,4,5,1,最后60多分..确实也没办法。
108068,4865,Mario Circelli,2019-05-14 03:22:59,6,6,0,太差了
108652,4865,Mario Circelli,2019-05-30 11:54:31,5,5,0,...
108995,4865,Mario Circelli,2019-06-05 07:06:23,8,9,1,快到期末了才发疯，今天真的气炸了……为什么会有这种人
109020,4865,Mario Circelli,2019-09-13 01:50:53,16,18,2,"打了一分是因为系统最低1分. 其实我想打-100. 老师就像在幼稚园，花时间在没有意义的事情上. 在课堂休息时间用中文交流他就说""you hurt my feelings"" ""you broke my hurt.""??????? 一个40多岁的男人那么vulnerable 我也是无语. 呵 能别选就别选. 要多痛苦有多痛苦"
109461,4865,Mario Circelli,2019-06-15 08:00:13,8,10,2,害……别选
109799,4865,Mario Circelli,2019-06-24 01:39:41,11,19,8,真是百年一遇的好老师啊！！
109901,4865,Mario Circelli,2019-06-20 05:30:09,13,15,2,简直噩梦 再见
110011,4865,Mario Circelli,2019-06-21 06:41:22,-73,10,83,???马里奥没有大家想象的那么坏！！?拿到的成绩让我感动哭了?
110013,4865,Mario Circelli,2019-06-21 07:12:37,11,13,2,我也哭了，不是感动的那一种。赶紧退课。
110144,4865,Mario Circelli,2019-06-24 01:41:30,14,15,1,绩点只能随缘 打分全靠眼缘
110176,4865,Mario Circelli,2019-06-24 07:26:02,13,14,1,这种人就是搞针对\n\n不止滚出ZJU\n\n最好滚出这个地球！\n\n外星人说不定也不收你呢
110181,4865,Mario Circelli,2019-07-02 08:07:35,13,17,4,看不起这种什么都不会的外国人跑来中国混
110234,4865,Mario Circelli,2019-06-25 01:50:06,23,24,1,我是一个心里对每个老师都挺尊重，给分不好也不会怪老师的老实同学。英语辅修，上了他的写作和辩论，让我第一次忍不住来查老师说句话。首先，英专明明有很多含金量高的课，他的这种课为什么还要存在下去？求取缔，表面看好像纪律严明，实质上干货屈指可数，多数时间陪老师演戏。演讲给分很主观，给我3.3就算了，为什么我国精班讲英语特别好的朋友也没上4？？没有联系方式，连说理的地方都没有。如果必须修这几门课，一定去选别的老师吧，免得啥都没学到心情还差还拉绩点，我辅修是想学知识的，这算怎么回事。
110457,4865,Mario Circelli,2019-07-01 15:21:18,10,12,2,Day be cursed and night be cursed.
111044,4865,Mario Circelli,2019-06-29 10:12:15,-1,1,2,没学啥
112788,4865,Mario Circelli,2019-07-05 03:11:25,1,2,1,?
115794,4865,Mario Circelli,2019-08-20 10:33:19,1,3,2,hello
115796,4865,Mario Circelli,2019-08-20 10:33:21,3,3,0,–dnmxjcud/shfhskk\n\n
115962,4865,Mario Circelli,2019-08-27 07:09:43,13,17,4,如果不幸被调剂到马里奥老师班......如果往事能重来，我愿重考一遍英语六级；如果上天再给我一次选择的机会，我还是会义无反顾地选择重来六级来换取免修条件.......
117108,4865,Mario Circelli,2019-09-19 07:33:45,8,8,0,我浙学子真的好包容啊
117656,4865,Mario Circelli,2019-09-28 02:11:49,2,3,1,把浙大学生当小学生教啊，整个人感觉神经兮兮的
117816,4865,Mario Circelli,2019-10-02 15:01:36,-1,2,3,辣鸡辣?
117964,4865,Mario Circelli,2019-10-17 03:36:56,8,11,3,zzzq过头让人反感 天天上课酸Travis 真是醉了
118398,4865,Mario Circelli,2019-10-26 10:50:43,17,17,0,时隔两年，我就来看看你被骂死没有?\n\n不好意思，上个星期又在外院见到你了，说真的，真晦气?
118477,4865,Mario Circelli,2019-10-27 12:03:59,2,2,0,垃圾垃圾
119610,4865,Mario Circelli,2019-11-14 06:06:19,2,3,1,简直了
120368,4865,Mario Circelli,2019-12-01 04:24:07,17,18,1,对中国学生偏见极大，对班里几个留学生小哥哥小姐姐态度巨好，老学生也是，简直判若两人。上课内容没有，倒挺会水。课堂规则还要手抄。阴阳怪气，实属人间迷惑。
123197,4865,Mario Circelli,2020-05-19 01:48:08,4,5,1,傻孩子 快跑啊！
123233,4865,Mario Circelli,2020-05-22 13:13:40,-47,1,48,马老师棒棒哒
123537,4865,Mario Circelli,2020-06-09 13:33:17,3,5,2,能打0分吗
123606,4865,Mario Circelli,2020-06-10 12:48:48,20,20,0,给1分是因为没有0分可选，上他的课就是浪费时间，还折寿，我tm居然上了两次
123607,4865,Mario Circelli,2020-06-10 12:54:37,30,33,3,…\n\nStop and listen to me\n\n这辈子都不想听到这句话了，然而新学期预置又是…
123609,4865,Mario Circelli,2020-06-10 13:06:45,0,1,1,呵呵呵
124065,4865,Mario Circelli,2020-06-23 05:03:12,0,2,2,啊这还
125579,4865,Mario Circelli,2020-09-11 18:21:17,3,4,1,这家伙滚蛋了吗？
125598,4865,Mario Circelli,2020-09-12 07:27:42,-89,5,94,这个老师特别好，很喜欢他上的课
126287,4865,Mario Circelli,2020-09-22 01:54:25,-7,1,8,
126391,4865,Mario Circelli,2020-09-24 21:38:56,6,9,3,我恐马了又是他的课 听到他的声音我就不由自主地很难受
126439,4865,Mario Circelli,2020-09-27 01:55:10,0,1,1,是人吗
126559,4865,Mario Circelli,2020-09-30 13:37:12,1,2,1,辣鸡人
126897,4865,Mario Circelli,2020-10-27 04:03:34,2,5,3,洋垃圾 上课划水 迟到早退 毫无责任心可言
127141,4865,Mario Circelli,2020-11-10 07:41:53,-2,2,4,不要上他的课！！
128444,4865,Mario Circelli,2020-12-23 06:56:44,1,3,2,垃圾！
128991,4865,Mario Circelli,2020-12-28 03:59:26,-1,1,2,这人是个什么鬼……
129339,4865,Mario Circelli,2021-01-04 10:13:33,538,564,26,今天心情不好，过来看看mario老师的评论区。兄弟们顶我！
129370,4865,Mario Circelli,2021-01-04 16:28:37,-1,1,2,快跑啊！！！
129924,4865,Mario Circelli,2021-01-13 14:37:09,-17,5,22,听说变好了
130046,4865,Mario Circelli,2021-01-18 11:26:14,14,15,1,Mario yyds！😊\n\n我来为评分收敛于1做贡献啦~
130054,4865,Mario Circelli,2021-01-16 03:06:08,49,52,3,一个外国人，不远万里来到中国，把浙大学子的正态事业当做他自己的事业。这是一种什么精神？
130156,4865,Mario Circelli,2021-01-18 07:44:41,1,3,2,123
130479,4865,Mario Circelli,2021-01-23 01:44:32,6,8,2,无话可说
130848,4865,Mario Circelli,2021-01-25 03:09:01,11,12,1,摸瑞尔不仅上课水 还绩杀 无语 tmd
130868,4865,Mario Circelli,2021-01-25 05:05:14,10,12,2,马里奥在经过汉语水平考试之后得到了进化。
131022,4865,Mario Circelli,2021-01-25 14:46:00,-37,5,42,外教好棒，听课有点难度，但是肯开口就能练口语
131142,4865,Mario Circelli,2021-01-26 07:10:58,117,120,3,慕名而来，研究数列收敛性质
131435,4865,Mario Circelli,2021-01-27 13:23:57,9,13,4,什么贵物🤮🤮🤮
133881,4865,Mario Circelli,2021-03-09 01:31:08,10,10,0,基本不听人说话，超级没有耐心..感觉他有狂躁症，太无语了
134009,4865,Mario Circelli,2021-03-12 01:05:21,4,5,1,呵呵呵呵
134145,4865,Mario Circelli,2021-03-17 04:05:41,180,183,3,终有一天，数列将收敛于1.0
134183,4865,Mario Circelli,2021-03-18 06:28:39,-3,6,9,可能是因为期望值降到最低 所以觉得上了几节课其实也还行 人也蛮有趣的 \n\n只要你认真做自己的事 你就会觉得整节课还蛮充实
134254,4865,Mario Circelli,2021-03-21 13:35:41,46,47,1,"you may be curious about why you get such low assessment， if you still have your conscience. 'cause you show your sins directly to every student， every student who attended your class and suffered from it. You may not believe in gods， but must devils for you are one of them. Never have you shown any respect or impartiality or provided any useful knowledge， but enforcing the ""rules"" made by you， a dictator who ""govern"" the classes with a gang of lackeys. Exploitation is not a lasting solution， and hope you can learn the ideal of karma and try to be good， otherwise your behaviour will disgust batches of students， and finally， yourself."
134295,4865,Mario Circelli,2021-03-23 02:49:50,4,4,0,s b老师
134791,4865,Mario Circelli,2021-04-15 07:21:01,0,2,2,垃圾！
134927,4865,Mario Circelli,2021-04-23 00:52:41,7,9,2,渡劫，上一学期他的课要折十年阳寿的程度。他可能不清楚自己在幼儿园还是在大学吧。
135109,4865,Mario Circelli,2021-04-30 12:59:53,-1,0,1,mmm
135687,4865,Mario Circelli,2021-05-19 06:28:51,7,14,7,我给打8分，可能我太仁慈了吧。上第二次就因为 英文名字表述的不太清楚，被轰出教书 冷静10分钟，我其余课程都是90+，就这一门60+， 郁闷呀
135688,4865,Mario Circelli,2021-05-19 06:43:51,3,3,0,黑板写一个问题2分钟，排火车回答15分钟，好的，一结果最多三个问题。
135840,4865,Mario Circelli,2021-05-29 01:47:07,2,2,0,。。。
136040,4865,Mario Circelli,2021-06-10 05:57:05,3,4,1,恶心恶心
136106,4865,Mario Circelli,2021-06-11 03:27:52,0,1,1,wuyu
136150,4865,Mario Circelli,2021-06-11 11:16:56,2,3,1,支持上面的
136169,4865,Mario Circelli,2021-06-11 16:26:39,1,5,4,Mario脑子有病
136606,4865,Mario Circelli,2021-06-22 01:47:39,22,27,5,公正公平的说Mario\n\n1.上课水的很\n\n2.最后的printed materials检查很恶心\n\n谁他妈会把一个非写作任务的题目打下来啊\n\n此后有Mario的课上没有我，有我的课上没Mario。
136636,4865,Mario Circelli,2021-06-22 09:01:38,5,6,1,呵呵 快逃 保命要紧
136657,4865,Mario Circelli,2021-06-28 02:20:21,5,6,1,快跑！！！
136692,4865,Mario Circelli,2021-06-23 05:47:19,3,7,4,楼下是不是tygg✌🏻
136832,4865,Mario Circelli,2021-06-25 09:12:16,10,11,1,我来看看他被浙大开掉了没，看来还没有…..垃圾还不清理掉
137257,4865,Mario Circelli,2021-07-02 14:48:51,-8,7,15,好老师 太好了
137341,4865,Mario Circelli,2021-07-03 10:05:45,6,8,2,晦气死了
137707,4865,Mario Circelli,2021-07-05 16:46:29,10,11,1,马里奥 一生黑 Good for you
137717,4865,Mario Circelli,2021-07-05 18:39:03,-19,5,24,其实老师也蛮有趣的，只要你认真做作业认真写论文，最终成绩不会太差。
138429,4865,Mario Circelli,2021-07-09 06:22:26,4,7,3,只配得1分
138640,4865,Mario Circelli,2021-07-10 05:34:33,8,13,5,上了他的英美文化和英语口语，感觉还可以，没有大家说的这么差，只不过给分确实一般，班级最高分好像就4.5。他现在会调分了，知道了给人88就调整到89，可以让人绩点上一档，所以也还行吧，选上了是可以上的，没必要退课。
138769,4865,Mario Circelli,2021-07-10 17:45:35,-6,6,12,给分很好呀，给他10分！
138962,4865,Mario Circelli,2021-07-12 03:49:08,27,27,0,有些老师上课教的内容多还有趣人非常友善给分还很好，而有些老师不仅学不到任何知识不说、人非常偏执，给分也非常恶心。感谢马里奥老师让我知道世界的参差，上第一节课告诉我们被上面叫去谈话，后来很庆幸自己没有丢了这份工作，我只想问问上面管理层为什么不直接开除他呢？真的不夸张我上去讲都能比他讲的要好，一节课除了搞的人心惊胆颤不知道他会什么时候发病之外，一点都没学到，浪费我的时间和生命之后给了我这么恶心的分数，我吐了。另外，马里奥老师的中文水平近乎没有，也就是说他是看不到查老师这个网站的，我觉得他的偏执有一部分来源于他的中文实在是太差了，所以如果有学生说话他听不懂或者是在讲中文就会立即被他打断然后逼问😅在这种情况下我建议您还是先回加拿大好好地学习一下中文再回来吧\n\n最后，我真的不明白这样的人是怎么能来浙大当老师的，你说timothy吧他给分差也严格，但是起码上课能学到知识，你能感觉到他的教学什么的是有条不紊的有目标的，马里奥可以说是除了十年的脑血栓什么都不沾，而学校还强制我们必须选他，我是真的不懂，贵校，宁，到底是怎么想的呢？
138986,4865,Mario Circelli,2021-07-12 05:54:04,4,6,2,给分什么东西。。
139049,4865,Mario Circelli,2021-07-12 09:29:43,10,13,3,2021年上的英美文化社会，马兄没有评论里那么夸张，只要你按照他说的一步一步做，分不会差
139565,4865,Mario Circelli,2021-07-17 09:01:45,5,6,1,可能比之前稍微好点 不知道是不是被投诉怕了
140009,4865,Mario Circelli,2021-08-23 06:25:23,5,9,4,😅😅😅
140016,4865,Mario Circelli,2021-08-23 11:17:08,3,3,0,哈哈哈哈不多说
140445,4865,Mario Circelli,2021-09-12 01:32:59,19,23,4,每一个学校都有一个或者几位长期居于教学岗位，自行其是，毫无立德树人之心的，与中国国情脱节的傲慢白种人做所谓的外教，Mario就是这样的苛刻，学术上毫无建树的语言教师，这样的教师长期占据985高校珍贵岗位，而不把宝贵教学资格给国内外年轻有为学术上颇有建树的中青年学者，这其实是一种教育初衷的悖离。中国正在日益强大，那些活在中国弱小时刻，傲慢的白人外教，打着学术自由的旗号长期打击中国学生自信心，这样的与时代脱节，与中国社会主义高校立德树人，为党育人，为国育才的教育总体目标严重违背的低档低质量白人外教，留在岗位上其实是祸害。我们需要的是高级外国专家，而不是仅有古早硕士学位的白人混子老师。Mario为人不够谦和，也没有学术建树，一个有学术自信心的学院或许早就把他开除了。
140537,4865,Mario Circelli,2021-09-13 12:22:15,5,6,1,一个很难缠的傲慢加拿大白人，常年打压学生，不知道他在浙大教书有什么意义
140549,4865,Mario Circelli,2021-09-13 15:17:57,7,7,0,来看差评的
140646,4865,Mario Circelli,2021-09-14 16:36:40,13,18,5,个人觉得Mario人挺好的，虽然课程内容比较简单，但是对于英语听说能力较差的同学可以试着选Mario的课，有很多发言机会，就算讲得磕磕巴巴也有足够的时间讲完，如果没听清，Mario也会重复好几遍，对不太敢在很多人面前开口讲英语的同学来说应该挺合适的。作业只要按要求的格式完成，积极发言（重点），成绩并不会低，顺便感谢Mario的课让我拿到了专业课最高的绩点，差点满绩（喜极而泣.jpg）不知道以前到底是怎么回事，大家都骂的比较狠，现在的话大家可以尝试一下，我很菜，有的看法不一定对，意见仅供参考。
140651,4865,Mario Circelli,2021-09-15 01:28:46,1,3,2,nbnb
140696,4865,Mario Circelli,2021-09-15 06:54:01,2,4,2,祸害老师
141093,4865,Mario Circelli,2021-09-23 07:11:05,4,6,2,喜欢老师的大瘙钢
141471,4865,Mario Circelli,2021-10-11 03:12:00,5,5,0,慕名而来
141535,4865,Mario Circelli,2021-10-13 11:27:44,5,6,1,这个老师是一位宝藏老师
142010,4865,Mario Circelli,2021-11-04 01:42:59,13,14,1,感兴趣的同学欢迎来东六319旁听一下写作3 就知道mario其实是个10分的老师呢～
142120,4865,Mario Circelli,2021-11-06 12:51:21,3,3,0,收敛于1
142200,4865,Mario Circelli,2021-11-08 11:45:00,6,7,1,收敛于1
142201,4865,Mario Circelli,2021-11-08 12:13:48,13,13,0,学完微积分来评论一下 数列极限
142203,4865,Mario Circelli,2021-11-08 12:14:56,8,8,0,收敛于1
142205,4865,Mario Circelli,2021-11-08 12:17:13,2,5,3,收敛于1
142211,4865,Mario Circelli,2021-11-08 12:42:52,4,5,1,收敛1
142223,4865,Mario Circelli,2021-11-09 01:33:43,14,16,2,go and fuck yourself
142522,4865,Mario Circelli,2021-11-12 14:47:32,7,8,1,太sb了
142837,4865,Mario Circelli,2021-11-16 23:50:04,12,14,2,想不开想死的同学可以选他的课，若一定得选择一种死亡方式，我选安乐死，请大家慎重选课🙂🙂
142868,4865,Mario Circelli,2021-11-17 03:34:42,22,23,1,救下希特勒
143826,4865,Mario Circelli,2021-12-08 01:26:08,6,8,2,不礼貌的人没资格要求学生礼貌，不尊重别人的人不值得别人尊重
143895,4865,Mario Circelli,2021-12-11 03:25:21,4,5,1,很垃圾
143943,4865,Mario Circelli,2021-12-13 15:10:39,-2,0,2,123
143996,4865,Mario Circelli,2021-12-15 10:39:09,-5,2,7,很好哦
143998,4865,Mario Circelli,2021-12-15 12:08:46,1,1,0,收敛~
144541,4865,Mario Circelli,2021-12-22 07:25:33,7,7,0,看到大家的评论我就放心了
145289,4865,Mario Circelli,2021-12-29 01:54:28,6,14,8,马里奥口语课挺不错的起码比Tim的事儿少\n\n老师上课还给我们做游戏，期末考也全上课讲的知识
145290,4865,Mario Circelli,2021-12-29 01:54:14,-1,6,7,马里奥口语课挺不错的起码比Tim的事儿少\n\n老师上课还给我们做游戏，期末考也全上课讲的知识
146573,4865,Mario Circelli,2022-01-07 03:18:31,2,4,2,666
147340,4865,Mario Circelli,2022-01-09 15:26:41,24,33,9,我在选Mario的英语演讲课之前没有来看查老师，直接去上了。\n\n一学期下来感觉这个老师还挺好的。上课会开玩笑，对作业也比较宽容。就是会有一些奇怪的执念。\n\n展开说说他好的地方：我是补选进来的，前两周的课没来，他很耐心地帮我找好了组员，并且和我说缺了前两周的课没关系。在第三周，我第一次去上课的时候，他也会关心地问我能不能跟上/听懂；我不知道有作业的时候，他也和我说没关系下周带来好了。我是别的专业的选这门课做个性，一开始还很忐忑，但看老师那么温柔地对我就决定还是好好上这门课了。\n\n早八课，有一次我迟到了。那天下雨，刚好他也迟到了些。我很紧张地进去，他还跟我开玩笑说不要让我知道今天他发生了什么，和我说take your time。让我感觉放松了许多。\n\n作业的话好像要交两三次纸质的作业，他也会给一些可爱的批注在旁边hhh。学期中要做一次free topic speech，他也是说这是一次练习的机会，只要上去说了都可以得到这项的满分。\n\n上课的氛围感觉也挺轻松的吧，没见他很生气地骂人过。\n\n缺点的话，会有一些自己比较在意的地方吧，如果踩到了雷会让他很认真地不开心，但我觉得也是可以理解的。比如说期末speech的稿子如果有一点点不符合要求他就会退回去，让你排到最后面去做pre。再比如说，不能接受他在说话的时候有人在下面发出食物包装袋的塑料声。也就是会比较严肃地提醒，不会很过分吧。\n\n具体的上课内容...其实我也不知道老师水平如何，我也没怎么听他讲hhhh\n\n最后给分也不错，上4了 \n\n之前的情况我不了解，反正这学期的情况是这样。希望后面的同学们还是能避开第一印象，可以去了解了解~
147708,4865,Mario Circelli,2022-01-10 13:54:22,15,15,0,脾气古怪的小孩子，顺着他来给绩还好
147788,4865,Mario Circelli,2022-01-11 00:54:35,9,10,1,😄💧😄💧😄💧
148647,4865,Mario Circelli,2022-01-13 05:59:56,1,5,4,。。。
150402,4865,Mario Circelli,2022-01-24 13:03:31,-21,8,29,虽然上课不是很硬核，但是总体而言还可以，能接受，给分也不错，现在也会倾听学生的建议的。
151644,4865,Mario Circelli,2022-03-10 07:22:39,4,5,1,令人无语
152066,4865,Mario Circelli,2022-03-25 01:06:43,6,9,3,能不能赶紧死了算了
152084,4865,Mario Circelli,2022-03-25 04:35:41,3,4,1,Yes I can.
154319,4865,Mario Circelli,2022-05-30 04:37:17,11,14,3,若得夫如此，凄凄惨惨戚戚。
154645,4865,Mario Circelli,2022-06-02 16:23:56,0,1,1,呃呃呃
155171,4865,Mario Circelli,2022-06-09 04:35:59,14,16,2,为什么没有0分捏
155360,4865,Mario Circelli,2022-06-12 19:12:39,13,17,4,有一说一，上第一堂课觉得老师不像评价那么糟糕，之后老师用了一节多的时间来问全部人的名字和声调，我也觉得可能是老师很用心吧，所以也没太在意，但是耽误上课时间实在没必要。还有为了他你必须要换你的钉钉昵称，还有头像（如果你的头像不够有特色的话），这些是第一节课要做的事(还特地写在PPT上）。之后他会问线上同学一些为了确认出勤的小学生问题，例如你喜欢什么颜色etc.还有线上学生的话他会不定时打给你，打去也没什么实质性内容，就是问刚刚展示有几个人之类的确认出勤的问题，或问你今天星期几，而且一定要打开摄像头，不得不说那学期因为他突如其来的打电话弄得我真的很抑郁。就BASC这门课来说内容很多都是视频、以前的人做过的PPT，上课没什么内容。一定要问问题才能有参与分，所以你绝对不能没有问题，就算问题看起来很蠢也要问。我说没有问题他说这里有五分哦~~~他的作业每次发回来都会有不少的评语，应该算好事吧。还有他对他的headings真的要求很高，你一直写不好他会一直提醒你。最后的纸质作业抽查我觉得真的很没必要，作业、阅读内容、上课过一遍的选择题全部都要打印，他说是为了帮我们准备开卷考试，但我觉得真的不用，就算有学生真的不准备资料去考试也是他自己的责任。最后绩点出来并没有很糟糕，所以未来要选的同学自己斟酌吧。总体来说，我自己的上课体验非常不好。
155705,4865,Mario Circelli,2022-06-15 09:02:34,39,39,0,reps基本上不用做什么事 为什么还是能拿高分？这里没有讽刺reps的意思。\n\n看到了稀烂的分数甚至一点不生气，只是感到有点好笑\n\n当然 马里奥真的好好（五毛一条，记得删/doge）
155720,4865,Mario Circelli,2022-06-15 11:14:42,32,35,3,22年最新通报，绩杀王者宝刀未老。我谢谢你噢。
155731,4865,Mario Circelli,2022-06-15 11:45:43,11,12,1,建议抢rep，做rep没什么事得分应有尽有，要么就刷脸熟吧
159517,4865,Mario Circelli,2022-08-01 12:38:30,18,23,5,上过21年的马里奥的课，怎么说呢，讲的很普通，就是正常高中生听了没有任何问题，甚至觉得简单。不过教课的态度和水平已经进步很多了，起码不会有反动反社会倾向了，或许和他的中国老婆有关系吧，给五分合情合理，不要拿之前的事情说事，我们就当是给他一个重新做人的机会
159847,4865,Mario Circelli,2022-09-06 04:39:54,2,3,1,xswl
160173,4865,Mario Circelli,2022-09-14 06:58:05,8,8,0,慕名而来，，xswl
160481,4865,Mario Circelli,2022-09-24 01:41:10,388,411,23,选英语课不选Mario，就像抽烟不抽电子烟，看抖音不看孟伟，运动不用浙大体艺，吃食堂不吃玉泉麦斯威，说明这个人文学造诣和自我修养不足，他理解不了这种内在的阳春白雪的高雅艺术，他只能看到外表的辞藻堆砌，参不透其中深奥的精神内核，他整个人的层次就卡在这里了，只能度过一个相对失败的人生。
161121,4865,Mario Circelli,2022-10-27 14:54:01,11,17,6,一会儿它去世了给它送个花圈奥🤮😅
162555,4865,Mario Circelli,2022-11-25 07:25:59,39,44,5,重温经典:If there are Hitler， Mussolini and Mario in a room， give me a gun and two bullets， and I will kill Mario twice.
163969,4865,Mario Circelli,2022-12-17 03:50:53,13,19,6,感觉Mario有很大的改变，希望大家不要对他有太大成见。\n\n选的2022秋冬学期的英语写作2，一开始特别怕他hhhh但后来发现其实只要严格按照他的要求来，就不会出什么岔子。老师对作业格式要求比较严格，但每次作业都会很认真地写评语，还会画可爱的符号hhh上课要积极一点发言，但是一定要在他要求发言的时候发言；老师还准备了两次小游戏，也挺有意思的~
164520,4865,Mario Circelli,2022-12-21 12:00:06,95,102,7,上一个经典版本英译版个人感觉一般啊，本翻译专业同学来改一下：If Hitler，  Mussolini and Mario were in a room and I were given two bullets， I would shoot Mario twice.
164707,4865,Mario Circelli,2022-12-24 01:11:59,9,12,3,哈哈哈谢谢，我不是英专生所以翻译得很直白，谢谢指正😊😊😊🤣🤣🤣
165369,4865,Mario Circelli,2023-01-03 08:37:07,25,26,1,拉倒吧，有时候他看你不顺眼你这个学期就别想高分过
165395,4865,Mario Circelli,2023-01-04 06:21:06,-29,4,33,Mario老师很好！英语写作二教学大纲清楚、课堂内容有趣，每次作业好好完成，给分不错的。
165633,4865,Mario Circelli,2023-01-09 05:26:40,-24,8,32,怎么说呢，单纯想要绩点的同学可以选，mario给分很好，前提是按照他的要求去做。上课确实很无聊，但是不至于评分那么低吧
165795,4865,Mario Circelli,2023-01-09 18:02:02,-19,6,25,说实话1分太低了哈哈哈 按部就班按照他的要求做就行，最后分数还可以的
166697,4865,Mario Circelli,2023-01-13 08:52:32,58,63,5,很久没上马里奥的课了，来评一下。\n\n依旧建议选马里奥的课前慎重考虑。他的性格很像小孩，需要哄的那种（倒也不是脾气差，就是有点怪）。不顺着他来就立刻炸毛。而且他会喜欢那些上过他的课的人，选rep的时候基本上首选熟面孔，然后选那些很积极的。他还要求第一排的同学坐到后面，让rep坐第一排。当了rep之后需要做的很少，但分很高。\n\n如果你是比较内向的人，建议别来马里奥的课，因为只要你在课程前期没有混脸熟，或者让马里奥觉得你上课不够积极，到后面拿高绩点就更累更难了。但是马里奥不是鼓励型的老师，在他的课上机会是不均等的。听说他有试着关注更多的人，具体改观我就不清楚了。在有的课上，你可以鼓起勇气举第一次手，然后整个学期都变得更加积极更加敢开口。但是在马里奥的课上不是。\n\n我英语口语1拿了4.8（别的老师的），英语口语2喜提3.6（马里奥的）。口语本来就是水课，可是上马里奥的课总是给我一种身心俱疲的感觉。当然我自身也有问题，没变成马里奥喜欢的那种学生。期中考试的时候他还告诉我 希望我更活跃一点，可是我心里想的是，我明明一直举着手，他也看到我了，可他为什么一直不喊我呢。\n\n其实马里奥本人是没什么问题的，但是他的教学方法（与教学水平）真的不太行……
168109,4865,Mario Circelli,2023-01-28 05:43:45,24,29,5,英语演讲被绩杀，真的是琢磨不透，迟到或请假不听解释，说是不需要跟他讲，结果最后直接给你体现到分数上，离谱。
169934,4865,Mario Circelli,2023-02-28 13:56:10,21,27,6,Mario，fuck u
170360,4865,Mario Circelli,2023-03-03 06:19:46,0,3,3,。。。
170717,4865,Mario Circelli,2023-03-08 11:09:33,3,13,10,chunluren，但是前来踩一脚（
170754,4865,Mario Circelli,2023-03-09 05:50:24,-7,13,20,纯路人，来踩一脚
170755,4865,Mario Circelli,2023-03-09 05:57:02,2,4,2,哈哈哈
170832,4865,Mario Circelli,2023-03-10 07:42:03,-9,4,13,纯路人
170879,4865,Mario Circelli,2023-03-11 06:55:15,64,72,8,自从有了这个软件，我不看别的老师又多好，专门来看这个老师有多烂
170895,4865,Mario Circelli,2023-03-11 12:04:35,31,36,5,yysy，你只要上课不玩电子产品，很容易和Mario混个脸熟的。然后剩下的按他要求来做，给分不会差的。
171770,4865,Mario Circelli,2023-04-04 13:36:41,-52,6,58,mario老师挺有趣的，有时候会发点脾气，总体来讲还是不错的
172848,4865,Mario Circelli,2023-05-08 10:31:18,-69,11,80,老师真的很nice!没上过他的课，但参与了很多次辅导，发现其实很认真很负责超有耐心！
172859,4865,Mario Circelli,2023-05-08 17:16:37,4,10,6,很难评，我很难讲没有给他零分使我多么难受
173412,4865,Mario Circelli,2023-05-23 14:42:31,9,12,3,慕名而来，专门研究数列收敛
173901,4865,Mario Circelli,2023-06-04 08:21:05,2,6,4,rubbish
174603,4865,Mario Circelli,2023-06-14 12:47:44,7,9,2,要见不到他了，wwww
174872,4865,Mario Circelli,2023-06-19 08:32:14,-2,2,4,真的事多而且烦，不要抱有任何尝试的心理
175019,4865,Mario Circelli,2023-06-21 05:54:21,0,4,4,慕名而来
175812,4865,Mario Circelli,2023-06-26 23:38:04,3,4,1,啦记啦记
176090,4865,Mario Circelli,2023-06-27 15:44:21,0,2,2,111
178313,4865,Mario Circelli,2023-07-10 03:10:55,1,2,1,ljsb
178496,4865,Mario Circelli,2023-07-12 14:48:45,-33,3,36,大一时上过，很简单就拿了4.2，非常友好的老师，爱来自龙门
178732,4865,Mario Circelli,2023-07-20 16:47:47,-1,0,1,逆天逆天
178733,4865,Mario Circelli,2023-07-20 17:31:31,6,6,0,不是浙大的🤗🤗🤗
178735,4865,Mario Circelli,2023-07-21 00:44:08,1,1,0,cnm
178739,4865,Mario Circelli,2023-07-21 07:25:47,0,5,5,sb玩意儿
178743,4865,Mario Circelli,2023-07-21 10:01:28,26,28,2,这个老师非常好，大家快选他的课
178744,4865,Mario Circelli,2023-07-21 12:21:09,-1,1,2,🤣🤣🤣
178745,4865,Mario Circelli,2023-07-21 12:54:37,2,3,1,一坨大便
178748,4865,Mario Circelli,2023-07-21 14:23:53,1,2,1,nmsl
178790,4865,Mario Circelli,2023-07-23 02:37:26,0,1,1,111
178797,4865,Mario Circelli,2023-07-23 12:30:31,0,0,0,666
178801,4865,Mario Circelli,2023-07-23 14:35:48,3,4,1,他太纯了
178804,4865,Mario Circelli,2023-07-23 14:55:30,-1,0,1,杀币，，
178805,4865,Mario Circelli,2023-07-23 15:49:40,2,3,1,想说的话都被大家说完了
178806,4865,Mario Circelli,2023-07-23 16:26:15,2,2,0,沙井。
179068,4865,Mario Circelli,2023-08-27 11:06:47,1,2,1,傻B1
179085,4865,Mario Circelli,2023-08-27 16:01:26,3,4,1,马牛逼。
179087,4865,Mario Circelli,2023-08-27 14:23:29,0,1,1,111
179117,4865,Mario Circelli,2023-08-28 06:36:15,1,3,2,大傻逼
179196,4865,Mario Circelli,2023-08-29 15:31:12,-3,9,12,同情一下，给个2分
179197,4865,Mario Circelli,2023-08-29 15:32:31,5,5,0,NB老师
179239,4865,Mario Circelli,2023-09-01 10:27:18,1,1,0,纯狗屎
179249,4865,Mario Circelli,2023-09-03 18:39:21,4,4,0,太烂了
179425,4865,Mario Circelli,2023-09-15 06:08:52,3,4,1,慕名而来m3
179439,4865,Mario Circelli,2023-09-15 11:20:35,2,4,2,大傻逼
179539,4865,Mario Circelli,2023-09-18 05:21:41,5,5,0,神经病
179595,4865,Mario Circelli,2023-09-18 13:47:20,8,10,2,あほ老师
179650,4865,Mario Circelli,2023-09-19 05:36:47,40,48,8,马里奥，你是不是玩原神啊😅
180380,4865,Mario Circelli,2023-09-21 10:22:20,22,23,1,这老师已经达到了0.5个ly了
180387,4865,Mario Circelli,2023-09-21 10:45:04,4,5,1,😅🤣🤣
180502,4865,Mario Circelli,2023-09-22 03:58:50,18,22,4,0.5个ly真的是紧跟时事，不过从某种方面来说，它和ly没区别
180761,4865,Mario Circelli,2023-09-26 01:48:54,14,15,1,总会有那么一天会数列收敛的，水课+绩点↓，自己看着办，要是能自己选避坑
180815,4865,Mario Circelli,2023-09-26 16:33:04,16,16,0,给1分是因为没有零分和负分
180822,4865,Mario Circelli,2023-09-27 02:22:43,3,4,1,111
180853,4865,Mario Circelli,2023-09-27 07:18:21,6,6,0,，?？？？
180854,4865,Mario Circelli,2023-09-27 07:24:19,-2,1,3,、、、、
181045,4865,Mario Circelli,2023-10-06 14:57:34,1,5,4,好\n\n好好
181116,4865,Mario Circelli,2023-10-09 03:48:35,15,17,2,为数列收敛贡献出一份力量
181535,4865,Mario Circelli,2023-10-21 15:54:20,-21,18,39,umm23级德专生在此 有没有学长学姐在评论区解释一下这个老师为什么被骂啊 没有上过他课 单纯好奇（）
181702,4865,Mario Circelli,2023-10-29 12:14:21,9,10,1,滚出china
181857,4865,Mario Circelli,2023-11-02 12:32:48,0,1,1,咳嗽声
182081,4865,Mario Circelli,2023-11-09 15:07:09,1,3,2,三个字
182117,4865,Mario Circelli,2023-11-10 08:20:19,3,4,1,very
182128,4865,Mario Circelli,2023-11-10 11:28:17,7,7,0,caonima
182166,4865,Mario Circelli,2023-11-11 08:26:23,47,50,3,马里奥你现在是真的火了，平时一定要注意自己的言行举止，不要让人以为你是个多坏的男孩。 你不知道有多少眼睛盯着你看着你出错，我知道你是很真性情的孩子，也希望你能保持这份直率，但你更要严格要求自己，谨言慎行，起到偶像的表率作用，这样才能走得更远 。
182861,4865,Mario Circelli,2023-11-21 00:05:40,7,8,1,很恶心
183573,4865,Mario Circelli,2023-11-27 12:00:51,51,54,3,mario已经不在zju了wwww
184672,4865,Mario Circelli,2023-12-22 06:30:23,32,37,5,给我把这位通情达理、暖心体贴、对学生一视同仁、和蔼可亲、学术水平高的好老师\n\n绑到会员制餐厅里灌满迎宾酒和雪，然后把他扔到黑色高级轿车上带到下北沢先辈家雷普三回啊三回\n\n让它成为新一代GV actress
184939,4865,Mario Circelli,2023-12-24 13:26:51,28,32,4,听说他被开除了？有人能具体说一说吗
185603,4865,Mario Circelli,2024-01-02 16:33:50,4,7,3,史史史
185901,4865,Mario Circelli,2024-01-05 14:38:34,5,6,1,慕名而来
187995,4865,Mario Circelli,2024-01-18 03:00:11,8,9,1,慕名而来
189061,4865,Mario Circelli,2024-01-21 14:01:50,10,11,1,打1.0也是一种传承
190248,4865,Mario Circelli,2024-02-26 12:21:02,2,2,0,daka
190579,4865,Mario Circelli,2024-03-10 07:16:12,5,6,1,fuck！！！
191890,4865,Mario Circelli,2024-05-03 14:49:46,4,5,1,Une grosse merde
193393,4865,Mario Circelli,2024-06-09 05:23:18,5,5,0,Je vais transformer ton chien au kebab!
194047,4865,Mario Circelli,2024-06-21 14:43:24,5,5,0,故地重游
194716,4865,Mario Circelli,2024-06-25 04:55:46,3,4,1,哥几个又来收敛啦
195657,4865,Mario Circelli,2024-06-29 09:07:22,-1,1,2,不养弱智
197843,4865,Mario Circelli,2024-08-15 14:07:30,1,2,1,if(now()=sysdate()，sleep(15)，0)
197879,4865,Mario Circelli,2024-08-19 00:44:19,3,4,1,纯纯丁真
197958,4865,Mario Circelli,2024-08-21 15:18:04,0,1,1,好好好
197974,4865,Mario Circelli,2024-08-22 03:29:30,-1,2,3,好奇为什么查老师显示的平均绩点这么高
198176,4865,Mario Circelli,2024-09-04 02:04:51,1,2,1,。。。
198298,4865,Mario Circelli,2024-09-06 07:30:00,0,0,0,nt马里奥
198326,4865,Mario Circelli,2024-09-07 05:39:23,2,2,0,+++++++++++++++++++++++++++++++++
198336,4865,Mario Circelli,2024-09-07 09:11:15,-2,0,2,，。。
198386,4865,Mario Circelli,2024-09-08 12:04:06,0,1,1,帮助数列收敛
198402,4865,Mario Circelli,2024-09-08 13:39:29,1,2,1,助力数列收敛
198479,4865,Mario Circelli,2024-09-09 07:02:36,1,3,2,㘸码顽意儿
198597,4865,Mario Circelli,2024-09-10 06:59:51,2,2,0,史史史
198655,4865,Mario Circelli,2024-09-10 11:51:09,2,2,0,666
198658,4865,Mario Circelli,2024-09-10 12:18:49,1,1,0,帮助数列收敛
198748,4865,Mario Circelli,2024-09-11 08:47:29,1,2,1,致力于数列收敛
198976,4865,Mario Circelli,2024-09-13 14:23:57,3,3,0,数列收敛
199163,4865,Mario Circelli,2024-09-18 11:03:36,-1,1,2,收敛！
199199,4865,Mario Circelli,2024-09-19 03:31:01,6,6,0,我不到啊，我就是来看看新奇物种
199203,4865,Mario Circelli,2024-09-19 03:49:56,2,2,0,。。。
199344,4865,Mario Circelli,2024-09-21 10:56:37,2,3,1,数列收敛
199346,4865,Mario Circelli,2024-09-21 11:37:03,4,4,0,20240921打卡
199455,4865,Mario Circelli,2024-09-24 02:52:06,2,3,1,数列收敛
199585,4865,Mario Circelli,2024-09-26 01:45:43,0,2,2,数列收敛
199630,4865,Mario Circelli,2024-09-26 11:00:49,1,1,0,史中史
199783,4865,Mario Circelli,2024-09-30 00:33:55,1,2,1,收敛！
199815,4865,Mario Circelli,2024-09-30 06:52:43,4,5,1,数列收敛，已经1.05了
199861,4865,Mario Circelli,2024-10-05 08:05:59,3,4,1,助力收敛，素未谋面的人
199932,4865,Mario Circelli,2024-10-08 15:42:34,3,4,1,收敛！
200334,4865,Mario Circelli,2024-10-16 04:59:44,3,3,0,助力收敛
200438,4865,Mario Circelli,2024-10-17 04:53:04,4,4,0,宝藏老师，20年入学时就有所耳闻，竟然一直没有给您评分，助力收敛
200451,4865,Mario Circelli,2024-10-17 06:25:00,2,2,0,助力收敛
200468,4865,Mario Circelli,2024-10-17 11:23:06,3,3,0,收！敛！
200499,4865,Mario Circelli,2024-10-17 17:33:01,0,0,0,收敛收敛
200603,4865,Mario Circelli,2024-10-20 08:32:53,0,1,1,助力收敛
200623,4865,Mario Circelli,2024-10-20 11:32:23,2,3,1,兄啊，拟合差小于1.05我们这做AI就可以退出迭代了\n\n（助力迭代
200655,4865,Mario Circelli,2024-10-20 14:41:27,1,1,0,333
200814,4865,Mario Circelli,2024-10-23 01:46:34,0,2,2,助力收敛
200832,4865,Mario Circelli,2024-10-23 05:45:54,1,1,0,助力收敛
200837,4865,Mario Circelli,2024-10-23 06:51:28,0,0,0,助力收敛
200865,4865,Mario Circelli,2024-10-23 14:58:06,1,1,0,助力收敛
200880,4865,Mario Circelli,2024-10-24 03:09:27,0,1,1,助力收敛
201005,4865,Mario Circelli,2024-10-26 13:24:07,2,2,0,助力数列收敛
201088,4865,Mario Circelli,2024-10-28 10:17:04,4,4,0,助力收敛
201667,4865,Mario Circelli,2024-11-05 08:17:54,1,2,1,助力收敛
201746,4865,Mario Circelli,2024-11-06 02:25:57,0,1,1,助力收敛
202255,4865,Mario Circelli,2024-11-11 04:31:36,0,0,0,马里奥
202267,4865,Mario Circelli,2024-11-11 06:12:28,0,1,1,助力收敛
202581,4865,Mario Circelli,2024-11-13 08:17:39,1,1,0,助力收敛
202739,4865,Mario Circelli,2024-11-14 05:55:49,0,1,1,哎哎哎
202831,4865,Mario Circelli,2024-11-14 15:37:48,1,1,0,我来助力一下
202924,4865,Mario Circelli,2024-11-15 07:35:16,0,1,1,助力收敛
203729,4865,Mario Circelli,2024-11-21 00:34:22,3,4,1,助力收敛
203769,4865,Mario Circelli,2024-11-21 03:20:39,5,5,0,助力收敛
203983,4865,Mario Circelli,2024-11-22 11:35:31,18,20,2,我只是想看看到底他和djf哪个跌的快
204200,4865,Mario Circelli,2024-11-25 03:15:57,0,2,2,助力收敛
204229,4865,Mario Circelli,2024-11-25 04:06:13,2,3,1,助力。。欸诶诶
204282,4865,Mario Circelli,2024-11-25 06:50:39,15,16,1,不如牢杜
204375,4865,Mario Circelli,2024-11-25 13:48:56,2,3,1,收敛。
204555,4865,Mario Circelli,2024-11-26 15:47:50,1,3,2,助力收敛
205694,4865,Mario Circelli,2024-12-11 08:36:09,6,7,1,达成成就：评分比牢杜高
205920,4865,Mario Circelli,2024-12-12 16:18:53,1,1,0,助理收敛
206105,4865,Mario Circelli,2024-12-13 05:28:27,6,7,1,fuckyou
206295,4865,Mario Circelli,2024-12-13 15:06:44,1,1,0,666
206299,4865,Mario Circelli,2024-12-13 15:31:13,0,1,1,收敛于一
206573,4865,Mario Circelli,2024-12-16 07:13:41,0,0,0,lim-＞0
206595,4865,Mario Circelli,2024-12-16 10:09:55,-1,0,1,點咩？
207082,4865,Mario Circelli,2024-12-19 07:10:26,1,1,0,收敛！
207887,4865,Mario Circelli,2024-12-25 01:00:44,0,1,1,差差差差差
208597,4865,Mario Circelli,2024-12-30 00:53:49,8,8,0,Mario还在浙大？我以为他23年就走了
212526,4865,Mario Circelli,2025-01-14 06:42:23,1,2,1,助力收敛
216836,4865,Mario Circelli,2025-03-26 10:26:35,0,0,0,助力收敛
218007,4865,Mario Circelli,2025-04-19 05:10:44,0,0,0,助力收敛
219010,4865,Mario Circelli,2025-05-18 16:45:13,0,0,0,💩💩💩
219144,4865,Mario Circelli,2025-05-22 07:42:39,0,0,0,嗨嗨嗨
75731,4900,Kevin Tang,2018-03-15 16:49:22,0,4,4,超可爱！！！超喜欢！！！
76952,4900,Kevin Tang,2018-04-26 12:23:27,0,0,0,Kevin Tang都可以评分了？！！
78619,4900,Kevin Tang,2018-05-14 01:43:55,1,1,0,信息量很大 全英文对英语能力要求高 想水课的不要选 不过好好上还是能学到东西der
81619,4900,Kevin Tang,2018-07-05 14:34:26,1,3,2,付出和回报真的不成比例 隔壁班zy女神了解一下
81719,4900,Kevin Tang,2018-07-06 03:22:59,4,4,0,事情非常多，但是老师讲的很好很易于理解，给分一般
81828,4900,Kevin Tang,2018-07-06 09:24:49,3,3,0,事略多，给分一般，但是课程内容干货满满。推荐想好好学的同学选课
89563,4900,Kevin Tang,2018-11-19 14:44:07,1,2,1,入学两年最低绩点举手
107919,4900,Kevin Tang,2019-05-11 12:51:10,6,6,0,语言学实验，谁用谁知道。拿学生当实验材料？既麻烦也学不到东西。给了一万个材料也说不清楚该干啥，最后还得重做。
109123,4900,Kevin Tang,2019-06-09 10:12:58,4,4,0,哈哈哈哈哈哈哈哈哈从未有过的体验哈哈哈哈哈哈哈哈哈我从未想过我一个外语专业的学生会成为做实验的人哈哈哈哈哈哈哈\n\n可是我并没有参与到实验当中呢，没有收获。我只是一个免费干白工的帮他们研究做杂七杂八工作的人吧呜呜呜呜呜呜  都要期末了。求求他放过我们吧。不仅语言学要期末考（都不知道要怎么考）。还有那么多课需要复习。同学也要复习，我们怎么找人来做他的实验哦。呜呜呜呜呜呜呜呜呜呜\n\n如果你对这些工作很感兴趣，真的热爱语言学，热爱实验。欢迎去上他的课。
113629,4900,Kevin Tang,2019-07-07 01:29:41,2,2,0,浙大外院历史第一人林逸晨说这个老师不错
113698,4900,Kevin Tang,2019-07-07 04:20:26,1,1,0,真的做了一学期的事，累成狗……但是除却这些有的没的我还是喜欢凯文老师的。听说kevin已经辞职了，感激他走之前给我的分还算和付出成正比……
81949,4911,杨敏,2018-07-06 15:12:21,0,2,2,很好的
94156,4911,杨敏,2019-01-15 10:48:41,10,13,3,平时分比别的老师给得低，而且回答问题算分的
95044,4911,杨敏,2019-01-18 15:32:20,3,12,9,大英课，就是水呗...老师挺负责的，每个单元课文的重点词汇短语句子都会很详尽地讲，就是...免不了困...
95155,4911,杨敏,2019-01-19 02:04:35,5,6,1,就那样
111111,4911,杨敏,2019-06-30 00:26:50,3,14,11,会固定座位分小组，相当于变相点名，请假需要提前写一封请假信，不然当做缺到。平时上课积极回答问题，期末平时分可以多0.5-1分的样子，作文练习比较多但是自愿，总体都在情理之中可以接受。老师的口音听得很舒服，考得怎么样更多看自己吧。   助教姐姐平时小测给分炒鸡好，期末监考的助教哥哥好帅呀，溜了溜了~    还有千万不要把医学院和外院的杨敏老师搞错了，评分不一样的~
116444,4911,杨敏,2019-09-10 14:35:49,3,5,2,听不懂
116876,4911,杨敏,2019-09-17 02:50:26,0,2,2,挺不错啊
118602,4911,杨敏,2019-10-29 07:24:39,0,1,1,老师人很好，负责
120525,4911,杨敏,2020-01-12 02:47:29,0,1,1,很温柔哦⊙∀⊙！
120983,4911,杨敏,2020-01-19 07:32:30,-12,6,18,老师真的很棒，上课讲得很详细，活动丰富多彩，虽然最后只有4.2，算是美中不足吧，但是已经很开心了！
121618,4911,杨敏,2019-12-12 07:43:00,3,6,3,挺不错的，口音也挺好，回答知识性问题也比较少，都是开放性的
122854,4911,杨敏,2020-04-15 01:47:46,0,3,3,挺好的，上课会划重点
130639,4911,杨敏,2021-01-24 05:11:42,2,3,1,口音nice！人很温柔。大英III把我捞起来了，感谢老师！课堂活动偏多，每个小组都需要负责一次活动，但是也因此认识了很棒的课友！
130645,4911,杨敏,2021-01-24 05:26:18,0,3,3,老师上课很注重teamwork，小组活动会比较多，但是老师的英语口音很好听。
134616,4911,杨敏,2021-04-06 02:23:41,14,17,3,事是真的多
137316,4911,杨敏,2021-07-03 05:33:52,3,8,5,老师挺不错的叭，虽然平时上课可能不是那么能调动大家积极性，但是日常作业也不会很多，而且老师期末捞人手法真的可以（做梦都没想到大英四会比大英三高，明明大英四疯狂划水）
141009,4911,杨敏,2021-09-21 09:09:48,1,1,0,作业真的多
144326,4911,杨敏,2021-12-21 05:58:57,-1,0,1,老师很负责
146201,4911,杨敏,2022-01-05 23:43:22,6,7,1,3.6一点脾气没有，能说什么，平时成绩还行，感觉考的也不赖，能说什么，绩点直接下4
146212,4911,杨敏,2022-01-06 01:21:28,23,35,12,平时分排全班前五，期末考的还行\n\n最后绩点3.0\n\n老师数学学的可以😁
149224,4911,杨敏,2022-01-14 23:57:48,-1,3,4,平时分班里第一，最后卡绩4.2，感觉老师根本不捞吧，但是平时上课可以水
152311,4911,杨敏,2022-04-03 04:08:53,-1,3,4,快跑！！！！！\n\n事超级超级多 每个单元都要一个project\n\n确实是很锻炼人的能力 但前提是你要有一个好的组员 不然就是自说自话 自己独立完成一整个pre吧～
155224,4911,杨敏,2022-06-09 14:49:51,-3,1,4,不错的
155645,4911,杨敏,2022-06-15 03:07:15,3,4,1,事情是有点太多了，每个单元都有pre，而且觉得口语并没有什么提高，单纯的完任务
157489,4911,杨敏,2022-06-23 12:07:18,2,2,0,老师很负责，口语很清晰，就是事情的确比较多，每单元都有pre。作业不算入成绩，可以不写，但是老师上课会抽人回答问题检查，可以直接用u平台临时抱佛脚。个人感觉大英绩点主要还是看期末，我大英三平时分班里第三，两次小测都是50+，最后只有3.3，大英四小测一般般，期末还可以，最后3.9。杨老师真的特别负责，但是选她的话要做好上台pre的准备。
160349,4911,杨敏,2022-09-20 02:48:25,1,2,1,事情好多，每章一个pre，还喜欢检查学生听pre的情况，避雷。
161941,4911,杨敏,2022-11-15 07:55:10,2,2,0,7天训练营认真参加，比不过摆大烂的同学，被绩杀了，被正态了，乱给吧属于
163133,4911,杨敏,2022-12-08 01:39:08,1,2,1,事儿特别多
163357,4911,杨敏,2023-01-07 14:32:45,1,2,1,事情太多了，大英课每个单元一个pre有必要吗？就是想水课是吧。
163418,4911,杨敏,2022-12-14 08:59:55,9,25,16,刚开始看杨敏老师还是8点多分，现在已经降到7点多了，有些诧异。说实在的，我觉得杨敏老师上课真的有内容，很负责，和她学英语真的会有提高，对于那些说事情多的，我想说的是，这是小组作业好吗，又不是一个人的锅，小组内分配不均哪能怪到老师头上呢？而且你自己认真准备之后，收获是实实在在的。
164401,4911,杨敏,2022-12-21 00:23:28,2,2,0,事情特别多
164434,4911,杨敏,2022-12-21 03:17:01,1,3,2,事情多，很麻烦，还给分低
164664,4911,杨敏,2022-12-22 16:31:16,2,2,0,事情真的多。。。
168859,4911,杨敏,2023-02-23 04:22:02,4,8,4,老师确实很棒很负责任，平时事情有点多，但你也能学到很多好的东西。还有老师确实很实事求是，一分就是一分，呜呜。
168903,4911,杨敏,2023-02-23 10:20:15,1,1,0,老师上课认真，布置作业也认真有规划，但是给分低！！上课回答问题会计入分数
169015,4911,杨敏,2023-02-24 03:54:30,3,4,1,杨敏老师的事情确实会很多，但我觉得上她的课真的能提高你的英语能力。老师很负责，在寒假期间给我们发了八套她自己出的听力训练与词汇选择题帮助学生学习，平时复习和教学也都是很有规划的。对预习的要求比较高，给分求是。老师是好老师，如果选了她的课好好学认真学，成绩不会特别差。
169808,4911,杨敏,2023-02-28 03:21:07,1,1,0,老师很负责任，期末复习周也给了很多资料，问问题也很耐心，虽然事情可能有点多，但是上课用心听真的有收获
170432,4911,杨敏,2023-03-04 13:56:45,0,1,1,事情确实多，不过也没有太过分的，就是些不像是作业的小任务，pre分到每个人头上也就一次，还有一些以小组整体的活动，我上学期世俗意义的单人pre也就是上台了一两分钟，而且能学到东西，上课也不是太压迫。
171409,4911,杨敏,2023-03-23 15:22:17,1,3,2,不是很理解为什么老师评分这么低。大英三预置老师的课，老师口音很好，听着很舒服，我看好多人都说事情多，其实也没这么多，就每人pre个一两次罢了。每节课前都有放视频，寒假还出题帮我们备考期末，绝对负责。也许给分比较求是吧，但我上课不太发言，期末考试自我感觉也不太好，但还是拿到了4.2。感觉如果上课认真听讲真的能学到很多，老师也真的很好很耐心。
186380,4911,杨敏,2024-01-10 23:30:39,0,0,0,老师超棒！课上会给很多总结的词组，对小测和考试很有帮助！！
186389,4911,杨敏,2024-01-11 02:31:01,0,0,0,被绩杀了 但是其实大英三均绩每个老师都不高 这个课也是正态分布的 老师不捞 感觉跟期末考的听力关系很大
186444,4911,杨敏,2024-01-11 05:46:49,2,3,1,期末出完分才来，平时分90左右（高中基础比较好），期末感觉试卷比较难，最后卡绩4.2（但大英分数跟老师关系不大），自己算比较满意。会给杨老师打十分。很客观的来说，杨老师上课备课都很认真，发音也很好。教学风格是以应对考试为主（上课会有单词默写、考试题型等练习），让我这种摆子很安心（）。有同学说杨老师事多，杨老师的作业主要是课本预习和习题，以及每个单元会有个project，基本上两周一次，但这个小pre并不是每次都需要全组一起准备，一般耗时也不会超过半个小时，如果轮到小组主持project可能会比较耗时，但一学期就轮一次。（至少今年）所有平时分老师都会给核对机会，包括档次占比老师也说的很清楚，不认为有故意压分的可能性。课程不算非常有趣，但我觉得至少是合格的。我觉得唯一需要担心的就是小组成员，我自己今年遇到了很好的组员，一学期都很愉快，比较建议担心组员不干活的友友竞选小组长，任务以及上课回答问题什么的主动分配。然后建议上课多回答问题！
186475,4911,杨敏,2024-01-11 08:28:16,1,3,2,上的大英三，老师很温柔，口语很清楚很舒服，也很有耐心很会鼓励你。上课确实是要卷发言的，但是你卷和完全不卷也就是1分的差别。平时分都是很捞的其实，但是大英本来就是求是的课，都是靠自己一分一分拼下来的，不能说老师绩杀吧。。。总之可以冲！
186498,4911,杨敏,2024-01-11 10:48:03,1,1,0,老师声音好听，平时小测会捞捞，每一单元都会很认真地讲
186575,4911,杨敏,2024-01-12 02:20:14,0,0,0,老师口音很正（听起来有点朱迪丹奇的感觉hhh），很温和也很有耐心。平时老师会整理每篇课文的重点语言点，感觉对quiz还是挺有帮助的，课堂也会作业写练习让大家熟悉考试题型。作业量还好（查的不严doge），每次小组展示的工作量也不大，给分合理，最后会让大家核对自己的平时分，课堂表现分也基本是4分起步，在课堂上能学到很多。\n\n总之是很好的老师啦！
186622,4911,杨敏,2024-01-12 07:09:08,0,0,0,杨老师上课很好嘞
188932,4911,杨敏,2024-01-20 17:02:24,-2,1,3,老师平时分很好，平时作业的话主要是一个单元完了多但是其实也还好！能学到很多东西，而且对班级后面的同学会格外关照！\n\n3.9飘过，给个9分！
190668,4911,杨敏,2024-03-14 01:14:36,6,6,0,花活真的多
193247,4911,杨敏,2024-06-05 05:31:59,-3,0,3,还没考试，但是整个整个学期上下来的感觉还是挺好的，虽然基本上是照本宣科，但是依然对于中等水平学生的提升还是不小的。而且老师人很耐心，很温柔。我大英是重修的，但是跟第一个老师张璐比起来，我更喜欢这种教条式的课堂，至少对于大英这种背诵记忆式的课程来说是很有效的
198776,4911,杨敏,2024-09-26 01:26:18,10,10,0,事情多，平时各种作业比别的大多数老师都多，没人主动发言还气急败坏搞整个班，想笑
200102,4911,杨敏,2024-10-13 05:39:45,7,8,1,作业布置连词典都看不懂，事情巨多还做作，上课就是自嗨，给分更是一坨，建议预置上的退掉改选
200167,4911,杨敏,2024-11-05 07:23:34,9,10,1,事情真的多啊，作业疯狂布置，花在英语作业上的时间比我微积分和线代加一起都多.…..上课也就这样吧
200225,4911,杨敏,2024-10-15 04:04:59,8,8,0,B事儿是真的多，上课还无聊
204421,4911,杨敏,2024-12-13 05:46:28,1,3,2,事多，但能不能真学到东西，全看你自己的态度
206219,4911,杨敏,2024-12-13 09:05:07,0,0,0,不喜欢被提问，不过口音还挺好的，一般般吧
208143,4911,杨敏,2024-12-26 02:21:42,-1,0,1,老师很负责，讲课也很清楚，不理解为什么评分这么低，考前也会说注意事项，强调题型等等，所有的事情说的很清楚，口音不错
209019,4911,杨敏,2025-01-04 08:30:08,0,1,1,刚出分 3.6 自己菜也不能怪老师吧 均绩以上了不求别的了
209028,4911,杨敏,2025-01-04 08:58:19,3,4,1,老师口音真的很好听，习惯全英文教学的应该会很舒服，关于给分的话我觉得大英都差不多吧，平时分不知道有没有被老师偷偷调了反正最后杀出重围喜提4.8（狗头保命
209090,4911,杨敏,2025-01-04 11:58:09,1,1,0,呵呵卡绩
209099,4911,杨敏,2025-01-04 12:44:03,0,1,1,划了一学期水（上课基本没听➕作业基本没写）平时也没咋回答问题 小测期末靠考前临时突击 最后3.9差点被卡绩（可能老师捞了） 想水大英推荐选😋
209131,4911,杨敏,2025-01-04 15:12:12,-1,0,1,没的说，老师是真好，相比我室友的老师，老师事情非常少，作业不检查，平时听写这种也几乎没有，助教也非常好，作文批的都普遍很高，期末考这种的也和老师没关系，对于我这种对英语惰性十足的人上课体验非常棒，十分不多说
209138,4911,杨敏,2025-01-04 15:35:28,-1,1,2,老师上课真的很认真啊，虽然平时事情有点多，但是做了确实是有帮助的，况且平时分都很捞的，真的不要只看别人的一言之辞
209157,4911,杨敏,2025-01-05 01:15:09,-3,0,3,喜提4.2，还算可以吧，作业量大但是不检查，所以你看着办吧。老师为人和善，问题解答及时，人很好。
209207,4911,杨敏,2025-01-05 04:36:17,1,1,0,还行的一个老师，事情有点多
209354,4911,杨敏,2025-01-05 14:04:50,1,1,0,事情确实很多，作业会布置课本上的练习，还有听力，但是不经常检查，老师说英语听着很舒服，比较认真负责，上课也基本就是讲课文，对于应试还是挺有帮助的，但是感觉我自己没什么提升，8分
211050,4911,杨敏,2025-01-10 11:56:50,-2,1,3,作业多但不查，全凭自觉；平时分给的松，课堂表现满分5分她说“只有4、4.5和5”。大英小测和期末分占比很大，全靠自己了。大英III作文全吃高中老本够用（还没学大英IV，据说很难）其实这门课还是主要看考试（平时分在扫描时就给好了不能调，不像其他学科可以调）
214626,4911,杨敏,2025-02-15 07:02:55,-1,2,3,老师所有的平时分都是公示的，5分课堂表现里全班都是4或4.5或5，感觉挺好的，事情也不是很多，每单元结束会用小测的题型来帮我们复习单词且不影像平时成绩，这样就不用在小测前补天了，小测里的翻译填空批得真的很宽，有点写对了就给0.5分，直接翻译并且没有语法错误就给1分，和课文完全不一样也没事。课文内容讲得很细，建议上课认真听，课后真的不用花太多时间
215513,4911,杨敏,2025-02-27 09:19:53,-1,1,2,老师挺好的，事情很少
218796,4911,杨敏,2025-05-06 03:37:21,0,1,1,😅😅😅
71712,5036,马鸿,2018-01-29 01:35:41,41,53,12,上的是她的大英四 真的是一个非常温柔非常和蔼的老师 相比其他的大英老师事很少了 就只有两次pre 一个学期下来锻炼非常多 无论口语还是听力还是阅读还是写作 听她的课很享受 就是那种早课你都不想迟到不想旷课的老师 直接十分了（ps老师真的很好看发音也超好听）
71719,5036,马鸿,2018-01-29 01:46:43,25,28,3,上了马老师的大英四，老师超漂亮超温柔
73527,5036,马鸿,2018-02-02 01:44:04,-1,3,4,还行……
74398,5036,马鸿,2018-02-18 15:36:38,14,16,2,非常漂酿可爱有责任心的老师~怀着宝宝还坚持给我们上课！发音是我见过的英语老师中最好的~强推！
78134,5036,马鸿,2018-05-09 12:40:44,9,11,2,很好的人啦，口音听起来还是挺舒服的。上学期上她的大英四可惜没上完就生baby去了。这个学期看到她的英语视听说，就又来上了
78927,5036,马鸿,2018-06-11 11:59:29,3,6,3,和后来的各位F类老师对比 真的还是最喜欢马老师 温柔真的温柔 喜欢真的喜欢
80358,5036,马鸿,2018-06-25 12:22:27,5,7,2,我超喜欢她的！口语一级棒，人也很善良，很为大家考虑。之前选了她的大英四，后来由于课业压力大就退掉了，不过记住了这个老师。今年选课的时候看到视听说有她的课就毫不犹豫的选了。
81312,5036,马鸿,2018-07-04 15:40:12,7,9,2,上了马老师的大英四~炒鸡温柔善良还很漂酿啊啊啊啊 宝宝也很可爱！作为一个挑英语老师只挑发音的人我真的是超级喜欢马老师的口音了！超正超享受啊~对学生也非常好！上课有时候会玩点小游戏 也能学到东西！大爱马女神~
82349,5036,马鸿,2018-07-08 03:09:20,3,5,2,真的只能用三个字评价：马女神\n\n真的很很很漂亮
84278,5036,马鸿,2018-07-12 12:10:32,0,3,3,马老师好啊，表白女神~
86556,5036,马鸿,2018-09-18 06:00:32,0,2,2,没毛病
86562,5036,马鸿,2018-09-17 07:53:25,3,5,2,超级温柔美丽可爱的老师\n\n口音超级棒！\n\n课也很有趣！\n\n第一次听 希望以后给分能高?
86576,5036,马鸿,2018-09-17 09:30:07,1,3,2,脾气超好，人又漂亮，没的说
88211,5036,马鸿,2018-10-24 05:27:56,2,2,0,听写收获蛮大的
89821,5036,马鸿,2018-11-21 02:34:30,12,12,0,老师真的很好，发音很标准，关心学生，上课注重培养学生的critical thinking，大英四上老师的课很开心
90697,5036,马鸿,2018-11-25 10:15:53,6,9,3,很漂亮的女神老师，给人感觉很好很温柔，希望期末给一个及格吧，不给挂了就好，否则就太让人失望了
90887,5036,马鸿,2018-11-27 05:29:16,1,1,0,老师人真的很和蔼
91315,5036,马鸿,2018-12-05 12:46:12,-18,4,22,有种想和马老师谈恋爱的冲动...
92273,5036,马鸿,2018-12-27 10:56:06,12,12,0,好奇宝宝马老师，真的不能再有趣了，虽然任务有点重但真的对学生很好(〃°°〃)ﾉ[⑅]
93088,5036,马鸿,2019-01-07 08:57:23,55,61,6,女神 每节课前看会生活大爆炸 上课很有责任心 会随时提问 老师人超好 女神女神！
93171,5036,马鸿,2019-01-08 02:44:53,15,16,1,给老师十分，希望大英四别挂我，爱您
93457,5036,马鸿,2019-01-10 01:10:38,9,9,0,女神，不解释?
93542,5036,马鸿,2019-01-10 08:46:57,23,24,1,女神不解释，求大英4不挂（捂脸）
93642,5036,马鸿,2019-01-11 04:43:49,15,15,0,老师超棒der，教的好，事不多，而且超温柔！在路上碰到了居然认出了我，选上她的课的同学们一定要好好上！
94215,5036,马鸿,2019-01-16 00:55:20,9,9,0,超喜欢这个老师呀！！！！\n\n英语菜是自己的问题，只求不挂，QAQ
94737,5036,马鸿,2019-01-18 04:18:40,5,5,0,⊙▽⊙超级漂亮的老师丫，超级温柔
94943,5036,马鸿,2019-01-18 13:23:38,9,9,0,趁着绩点还没出给一波评价～老师真的超温柔超nice 事情很少 但是大英四自己要多练习好好背单词～\n\n
95225,5036,马鸿,2019-01-24 02:14:13,-3,1,4,虽然卡绩了，但都是自己的问题，老师超级棒的(ฅ>ω<*ฅ)
95989,5036,马鸿,2019-01-20 10:25:42,4,4,0,特别好的老师，英语口语让人听得很舒服。课前会放小视频。上她的大英四很开心，希望最后有个好成绩
96209,5036,马鸿,2019-01-20 14:25:35,0,1,1,女神！女神！
96307,5036,马鸿,2019-01-20 22:55:17,1,4,3,我的天啊，老师给了我3.0hhhhhh，我以为自己上不了2的哈哈哈哈哈哈哈哈哈。这门课基本都是考出来的，（还是不敢相信有三点零嘻嘻嘻嘻嘻），老师很好，真的超可爱。
96308,5036,马鸿,2019-01-20 23:02:35,-7,5,12,大英四只有3.9 不过还是自己的原因吧 期末考太烂了 老师应该不调分 不过上课还挺好的 口音也很舒服
96312,5036,马鸿,2019-01-20 23:10:45,2,4,2,大英四事情很少，适合有水培养方案里外语学分需求的人(´∀｀)♡外语还是要自己好好学
96314,5036,马鸿,2019-01-20 23:59:38,0,4,4,大英四小测和考试前花一大块时间把单词记完的话最后绩点应该不会差
96318,5036,马鸿,2019-01-21 00:07:27,8,10,2,温柔又美丽，事情也很少，口语超级好听，考前背单词看课文成绩不会差的。
96335,5036,马鸿,2019-01-21 00:33:58,4,4,0,美丽温柔，有趣
96339,5036,马鸿,2019-01-21 00:40:03,2,3,1,平时作业巨少 上课很有趣
96341,5036,马鸿,2019-01-21 00:43:12,3,3,0,老师人超好的 和善 平常事也不多 强推
96343,5036,马鸿,2019-01-21 00:56:09,5,6,1,马老师人好漂亮事少，作业就是2次presentation和4篇作文。平时quiz要好好复习课本，期末考难点在听力。而且大英平时分是涂在答题卡上和期末考选择题一起读的，好像比较难调分，很多人成绩刚好会是那一档的最高分，有点难受。
96358,5036,马鸿,2019-01-21 01:08:36,23,23,0,马老师真的女神，而且很温柔啊有木有。有时候呆呆的样子也很好看！虽然我英语很差因为高考发挥超常而预置了大英四，在同组里面感觉挺自卑的，但是发言的时候老师总是会鼓励你啊，真的很想再上一次老师的课！！！
96435,5036,马鸿,2019-01-21 03:33:24,4,4,0,上了马老师的大英四，老师超漂亮超温柔
96484,5036,马鸿,2019-01-21 05:01:46,4,5,1,老师很棒，虽然我卡绩了
96488,5036,马鸿,2019-01-21 05:06:25,5,9,4,老师很nice，可能是大英课的性质决定的，我觉得课上基于课文做shuffle reading这些很没必要，都是高中练好的。但是老师真的好棒！课可水，不会管太严，但其实干货蛮多的。课前放生活大爆炸，做的pre也蛮有意思，给分也好，最后4.2。女神啊！
96496,5036,马鸿,2019-01-21 05:13:03,3,5,2,老师口语好棒，是个漂亮的温柔的小姐姐
96714,5036,马鸿,2019-01-21 09:39:51,-7,3,10,讲课挺水。长得漂亮。成绩感人。被绩杀的路过
96952,5036,马鸿,2019-01-21 13:14:02,1,2,1,我居然没挂科，感谢女神！
97436,5036,马鸿,2019-01-22 09:00:05,-1,2,3,卡绩了……但是实话英语也没什么调分的空间，老师人很好，事不多。十分路过
97710,5036,马鸿,2019-01-22 13:55:51,5,6,1,老师很棒啊对我们也超级包容
99659,5036,马鸿,2019-01-25 04:36:46,0,1,1,女神呀
102545,5036,马鸿,2019-02-07 04:38:07,0,0,0,老师很棒
102826,5036,马鸿,2019-02-24 01:34:08,3,3,0,老师真的很好看，声音超级好听。课可水，但是一定要认真学习外语，成绩的好坏全看个人考试如何。要想体验每节课前看生活大爆炸，选马女神没错了！！
102854,5036,马鸿,2019-02-24 08:22:06,1,1,0,虽然拉了我0.3均绩  但老师还是蛮好的
102961,5036,马鸿,2019-02-25 06:17:53,0,1,1,呵呵呵
102969,5036,马鸿,2019-02-25 06:49:49,2,2,0,事情少，上课压力小。不过有时候比较无聊。适合水水。给分还行。
103004,5036,马鸿,2019-02-25 10:04:12,3,3,0,老师挺不错的，人美事情少，上课之前会放生活大爆炸，但是如果老师可以回答我在微信上提的问题就更好了呜呜呜。。。
103021,5036,马鸿,2019-02-25 11:58:37,0,0,0,美女老师
103262,5036,马鸿,2019-02-27 05:12:39,1,1,0,无论是英语水平如何的学生，马老师都会很用心地教
103700,5036,马鸿,2019-03-04 09:01:34,-5,2,7,没觉得有评论里说的那么好…可能是我对老师的要求比较高了吧…毕竟年轻教师，教学技巧欠佳
104062,5036,马鸿,2019-03-11 07:35:33,4,4,0,马老师是不是怀孕了？？？
105630,5036,马鸿,2019-04-17 13:00:28,2,2,0,我没有挂都是被女神拉回来的
105646,5036,马鸿,2019-04-18 01:26:46,2,2,0,老师人超级好，很温柔，事情少，强推！！
106566,5036,马鸿,2019-04-28 06:43:24,2,2,0,女神老师 给分也好
106794,5036,马鸿,2019-04-29 14:20:28,1,1,0,超级好
106912,5036,马鸿,2019-04-30 08:17:32,3,4,1,跟妈妈教育儿子一样的感觉
107533,5036,马鸿,2019-05-06 09:27:17,0,1,1,女神老师！人美心甜！
107577,5036,马鸿,2019-05-07 02:41:51,1,1,0,感谢女神&祝福老师和宝宝健康快乐啦
111017,5036,马鸿,2019-06-29 06:54:07,0,0,0,10分吧
112266,5036,马鸿,2019-07-04 00:28:21,1,1,0,太棒了
112270,5036,马鸿,2019-07-04 00:46:10,9,9,0,老师也太棒了吧，真的超级超级超级温柔，口语也很棒，是那种很喜欢的声音了。大英事情也不算多，下课了就放生活大爆炸，但是老师听写抓的比较紧。正因为此，自己单词背的也挺不错。努力真的会有回报，大英3是3.9，大英4竟然有了4.8。我爱马老师
112273,5036,马鸿,2019-07-04 00:33:42,6,6,0,每节课前都可以看big bang!快乐源泉！老师很温柔 上课也很有内容 有时会点人起来回答问题 平时会听写 能够督促我们早点开始背单词哈哈 出分比别人慢应该是在捞我们哈哈哈 总之！我喜欢momo！！10分！！
112315,5036,马鸿,2019-07-04 01:27:44,3,3,0,老师太甜了～
114454,5036,马鸿,2019-07-10 03:41:38,0,0,0,舒服就完事了
116050,5036,马鸿,2019-09-01 11:29:40,-3,0,3,一般那
117523,5036,马鸿,2019-09-25 09:56:05,2,2,0,老师很温柔，就算站起来回答问题不太会老师也会和颜悦色的，而且老师很可爱！
118202,5036,马鸿,2019-10-22 23:37:33,0,0,0,有谁知道怎么联系上马鸿老师吗
121140,5036,马鸿,2020-01-20 00:37:58,3,3,0,老师的发音超好听
121415,5036,马鸿,2019-12-16 08:58:00,0,1,1,呜呜呜momo老师过于可爱，人美心善，一定要选！！！
121449,5036,马鸿,2019-12-16 05:07:23,0,0,0,啦咯啦咯啦咯
128890,5036,马鸿,2020-12-26 12:21:38,3,5,2,评论里的那些不反对，女神是女神，就是课上学不到东西
131523,5036,马鸿,2021-01-28 01:49:07,1,2,1,唉上课也有好好听，单词也认真背了，连占比很小的quiz也认真准备了两次都是60+，但是卡绩真的很难过，考完群里都在叫卡绩卡爆了，都没被捞起，上课也没获得什么内容，老师是挺好的，只是课上得一般。
136954,5036,马鸿,2021-06-29 01:43:23,2,2,0,太好啦太好啦
137711,5036,马鸿,2021-07-05 17:17:44,0,0,0,老师超漂亮，就是不知道给分咋样
137769,5036,马鸿,2021-07-06 05:15:14,2,2,0,人美给分好，虽然课堂互动性不太高，但是人真的很温柔呜呜，爱了爱了。女神！
137913,5036,马鸿,2021-07-06 14:24:05,0,0,0,momo老师！人好看且看起来很A其实超级温柔！老师口音这么好听人这么好看这么温柔还有什么理由不选 momo老师yyds！
140705,5036,马鸿,2021-09-15 07:48:35,2,2,0,很棒很棒
145155,5036,马鸿,2022-01-05 13:24:03,4,4,0,快出分了 菜鸡来夸夸老师 老师很好 如果挂了是自己的问题 但是希望不挂 祈祷祈祷
146674,5036,马鸿,2022-01-07 07:33:17,1,1,0,满分一百分  后悔自己没努力扣九十分 给十分吧  好老师
146693,5036,马鸿,2022-01-07 08:12:55,-12,1,13,讲课比较无聊，不过人很好，给分一般，3.9的绩点感觉低了
152799,5036,马鸿,2022-04-20 03:24:59,1,4,3,我不喜欢这个老师。。。见仁见智吧
154632,5036,马鸿,2022-06-02 14:12:43,1,1,0,女神！不解释！很幸运能上她的大英四www
155679,5036,马鸿,2022-06-15 07:00:56,2,3,1,菜鸡3.6还愿，老师事情真的少，最后主要还是自己水平问题，老师上课说实话有点无聊，但人很好
155683,5036,马鸿,2022-06-15 07:48:58,1,1,0,老师救大命，还愿
155693,5036,马鸿,2022-06-15 08:17:01,4,4,0,马老师人很好很漂亮，很关心同学，但是她的授课水平比较一般，很难抓住我的注意力，当然也是我自己的问题。课堂氛围很好，不卷，马老师的作业也很少，期末还有分数弗立（懂得都懂)想水水的建议选，想学东西的别选了。给分也挺好的，比我大英三高了好多。最后感谢一下马老师，你是我滴女神
155700,5036,马鸿,2022-06-15 08:34:19,2,3,1,马老师是个好老师，选她的大英课绝对不亏。大英真的是门很看老师的课，记得大一的时候预置大英三老师，不太好，查老师上评分有点低，换也没换成功，当时想着自己好好地学应该可以拿好的分数吧，展示，发言，能做的都做了，结果绩点只有2开头的时候，心态真的有点崩。但本学期有幸选了马老师的大英，当时是抱着摆烂的心态修的大英，第一次小测有点稀烂（可能被马老师注意到了），后来老师和我钉钉上交流一段时间，我决心好好学一次大英，最后出分4.2的时候真的很激动。总而言之，马老师相对一些老师给分很好，是一位十分关心人的好老师（可能是我的主观滤镜）。
155721,5036,马鸿,2022-06-15 10:53:05,0,0,0,可爱马老师，嘿嘿嘿，又捞又可爱，嘿嘿嘿
155830,5036,马鸿,2022-06-16 07:08:17,4,5,1,老师很好，学生很努力，成绩很低。。。
159970,5036,马鸿,2022-09-10 12:16:46,3,3,0,真的很温柔，我上过她的英文强化班，很喜欢这个老师！
163693,5036,马鸿,2022-12-16 03:09:44,3,4,1,马老师真的超级超级可爱，她的大英三是我预制课里面唯一没有退换的一节。上课可能节奏比较慢吧，有点小水，主要是讲课文做听力，可能知识点补充的不会有高中那么多，但是认真听收获也会很大，可是我确实不太能坚持听下来，然后老师人很好，下课去问她问题也会很认真的给你解答，会经常提醒我们让我们背单词，并且事情真的很少，至少跟我的室友们相比事情是真的不多，她甚至可以知道我叫什么名字。大英四因为和专业课冲突没有办法选马老师的了，好难过，浅浅给个10分吧...
163995,5036,马鸿,2022-12-17 06:45:51,0,0,0,女神老师，好喜欢！和其他大英老师相比，事情超级少。讲课很令人享受，发音非常漂亮。最后得分不高，都怪自己是个英语小菜鸡。
164347,5036,马鸿,2022-12-20 11:02:58,1,1,0,上过她的大英四，超可爱超好的老师www大一时还是8.9的，现在居然9.9了，值得值得\n\n老师会在课前和课间放生活大爆炸，课堂氛围也不卷，至少我上起课来没有一点不适。至于给分，或许大英的调分空间本身就不太大吧，我倾向于认为这是课程的问题而不是老师的问题
164864,5036,马鸿,2022-12-27 03:48:18,4,4,0,女神老师，真的超级好，吹爆！\n\n大英课事情是真的非常少，课堂氛围也很好，老师很温柔很耐心，而且发音特别好听！\n\n大英三上的她的课，大英四又选到了她诶哈哈哈哈太棒了！！！
169020,5036,马鸿,2023-02-24 04:19:35,0,1,1,不过出成绩要进入决赛圈……
184663,5036,马鸿,2023-12-22 06:15:57,2,2,0,事情巨少，很爽
184761,5036,马鸿,2023-12-22 14:16:36,-1,0,1,基本不点名，但是大家都有自己的座位，缺人很显眼，上完一个单元会听写单词，课堂有点无聊讲实话，给分看个人实力，我已经预感到了我的悲剧结果，一个小组pre，一个个人pre，两次quiz，加期末考试
184804,5036,马鸿,2023-12-23 02:30:20,-16,1,17,杀人犯
186277,5036,马鸿,2024-01-10 10:03:56,0,0,0,很温柔的老师，发音也很好，至于大英绩点都是自己考出来的
187036,5036,马鸿,2024-01-14 08:15:46,0,0,0,马鸿老师真的好温柔，谢谢捞我呜呜呜呜
187037,5036,马鸿,2024-01-14 08:21:26,0,0,0,上课轻松，任务不多，考试捞人，很好
187126,5036,马鸿,2024-01-14 14:59:06,0,0,0,性格特别好，上她的课不会让发言的同学感到尴尬！期末会捞！
190807,5036,马鸿,2024-03-20 02:11:23,0,0,0,女神 超喜欢
205496,5036,马鸿,2024-12-08 03:44:43,6,6,0,跟着我们马老师就偷着乐吧呜呜呜呜呜呜呜，我真是太幸运太幸福了
209100,5036,马鸿,2025-01-04 13:07:23,4,4,0,每篇作文都会给你悄悄加一分哦
209152,5036,马鸿,2025-01-05 00:52:35,-5,1,6,上课比较水，但是相应的课后事情很少。最后应该也是捞了，绩点刚好上4.5
209335,5036,马鸿,2025-01-05 12:27:13,1,1,0,老师很好
209412,5036,马鸿,2025-01-06 02:27:58,1,1,0,马老师我的女神啊啊啊啊啊啊啊啊啊啊我要永远追随你QAQ
211898,5036,马鸿,2025-01-13 01:22:33,1,1,0,超绝！上课无任务量，水水哒很安心
219729,5036,马鸿,2025-06-05 02:30:18,1,1,0,今天最后一次课了，老师真的太好了，强推！！！\n\n\n\n不管我最后得了多少分，马老师都是10分！！！
70942,5062,莫春燕,2018-03-13 11:46:05,0,3,3,越学越后悔没有报外院 就这样
72024,5062,莫春燕,2018-01-29 08:27:49,4,8,4,给分巨差 上课很不系统 据说这老师学业水平很高 教课教成这样？？？？？？ok
72611,5062,莫春燕,2018-01-30 13:33:34,2,6,4,老师人真的炒鸡炒鸡好，经常笑，也讲法国知识，有时候也开玩笑，好可爱好可爱的，可是说句实话，讲课水平真的……一言难尽……
72856,5062,莫春燕,2018-09-18 06:25:39,1,5,4,讲得有点快
72975,5062,莫春燕,2018-01-31 13:12:11,0,9,9,老师给我的分就不错啊……
75394,5062,莫春燕,2018-03-10 09:59:28,0,4,4,出尔反尔
78614,5062,莫春燕,2018-05-14 01:02:04,2,4,2,呵呵哒
79994,5062,莫春燕,2018-06-19 02:08:08,14,17,3,上课笑嘻嘻，给分mmp
80569,5062,莫春燕,2018-06-28 03:19:11,-3,2,5,讲课乱乱的 好像自己也没搞明白就来讲…讲话昨天一套今天一套变来变去的…喜欢问一些很刁难人的问题…反正就很呵呵…
82472,5062,莫春燕,2018-07-08 09:39:14,3,6,3,给分真的很差…上课就无功无过吧，但是真的笑面虎。
83738,5062,莫春燕,2019-07-05 03:41:16,5,12,7,考完来评，还没出分。只说二外的法语1和法语2，真的是我遇到过的最好说话的老师了。\n\n日常都是【上次布置大家回去做的练习做了没有啊？【没有————【那我们上课随堂做吧\n\n非常希望说给分不好的不是说法语1和2，拜托了诶3学分的课，这课比大英轻松多了好吗！只要拿出来学大英三分之一的时间来学这个都可以考的很好吧\n\n0基础从法语1开始学，法语2考试确实难了一点，好多靠猜，但是学语言嘛还不是开心为主，一个星期有3个小时让我上着很开心的课我就很满意了\n\n非常喜欢老师，还有一年的法语好学非常开心嘿嘿嘿
84007,5062,莫春燕,2018-07-11 17:03:23,5,11,6,楼下那个：“拿出来学大英三分之一的时间来学这个都可以考的很好吧”。 ？？？？？我无语了？？excuse moi？？？？？？你真的是来学法语的？？你给我学一个看看？
85800,5062,莫春燕,2018-08-12 08:15:14,2,2,0,觉得老师有点古板，感觉是因为老师比较学院派的原因吧，对我的语音的要求就稍微有点死板，有的时候也挺可爱，但真的太快了，我猜是因为她刚开始教书没多久的原因吧。
89177,5062,莫春燕,2018-11-16 10:49:38,-10,1,11,这老师真的巨差，很凶，讲话也不顾别人感受，自己上过就知道了。\n\n
91999,5062,莫春燕,2018-12-25 09:47:48,1,1,0,个人觉得老师讲的很细致 上课气氛也很好 可能确实有些时候问的问题难度大了些 但都只是平时这样 考试还是很厚道的 每次都很耐心的回答我的问题
98768,5062,莫春燕,2019-01-24 02:10:42,3,3,0,个人觉得老师讲得很好。虽然中文学子零基础选法语3基本是必挂无疑了，但上课体验还是很不错的，明年我还会回来的(๑•̀ㅂ•́)و✧
99761,5062,莫春燕,2019-01-25 06:38:49,1,1,0,请亲自体验
109454,5062,莫春燕,2019-06-14 16:25:05,0,0,0,法语发音有点不标准。
112809,5062,莫春燕,2019-07-05 03:43:55,-2,0,2,听她讲课不如自学，讲得不怎么样给分还差，还卡绩点，被她卡两个学期了我呵呵呵呵呵
129258,5062,莫春燕,2021-01-02 14:47:00,1,1,0,超级好的老师呀～
134131,5062,莫春燕,2021-03-16 16:06:09,0,0,0,感觉上课水平提高了不少
137502,5062,莫春燕,2021-07-04 14:32:07,3,3,0,人美心善莫老师！把我从锅底捞起来了呜呜呜呜呜呜呜真的太好了太天使了，上课特别好玩，也会补充很多法国的文化和饮食！到现在还记得一天喝一勺橄榄油的长寿老人哈哈哈哈哈哈哈真的太值得了，法语赛高！
137512,5062,莫春燕,2021-07-04 15:35:30,0,0,0,超温柔超有耐心的好老师～
137513,5062,莫春燕,2021-07-04 16:03:15,2,2,0,咋说呢，老师还可以的，但是有点一言难尽…这学期总共点了两次名，平时分说占40%，不知道是不是只参考点名。期末考的很简单，本来自我感觉考得还挺好的，觉得自己能上4，或者至少3.6+吧，结果最后出分才3，还没办法查分……如果有问题尽量课下当面问老师，千万不要钉钉上问。基本上好久好久才会回，回也就是“嗯”这种（关键我问的是选择题他回答我判断题的答案）。
137864,5062,莫春燕,2021-07-06 12:19:35,3,4,1,老师很好啊，超级温柔。只要认真学，上课跟上老师，下课自己稍微复习一下下，大概记一记单词和语法就好。有两次点名，是按照名单念名字的那种。上课会叫同学起来回答问题或者念课文，但是答不出来或者没做作业也是没有关系的。感觉自己买一本教师用书会轻松很多，就不怕上课提问啦。给分我个人觉得不错，不知道大家的情况，我是平时正常跟教学进度，期末每天复习一点点，最后绩点4.8。考试的时候，后半部分的翻译不怎么难，都在书上，可能前半部分的介词和人称填空会复杂一点点，但是占比不大的，没有到平时的难题那种程度。总之很推荐啦啦啦！超棒der！！
107869,5096,Laurent Broche,2019-05-10 19:35:50,0,0,0,
123526,5096,Laurent Broche,2020-06-09 10:42:20,2,2,0,laurent超可爱！
154912,5096,Laurent Broche,2022-06-07 00:56:24,2,2,0,lau劳斯俺滴宝
71183,5124,Esther Pascual Olive,2018-01-28 06:10:25,0,4,4,非常可爱0 0但是给分很一般 hhhhhh
142981,5124,Esther Pascual Olive,2021-11-18 02:48:33,1,3,2,好老师不解释
144069,5124,Esther Pascual Olive,2021-12-17 07:56:33,-3,1,4,会突然骂人口吐脏字。。。
133908,5220,刘海涛,2021-03-09 10:35:57,12,16,4,老师非常有智慧，有条理有干货，为学生着想，不瞎整些凑时间的个人和小组展示之类的，全程有效输出，幽默，一点点北方口音超级可爱，真正的大牛，通透有趣有料！
143763,5220,刘海涛,2021-12-05 10:25:33,8,8,0,老师很厉害，水平很高，听他的课很开心。
174744,5220,刘海涛,2023-06-19 06:49:29,4,4,0,刘老师上课 有趣有料
199574,5417,程工,2024-09-25 14:32:53,2,2,0,是2024年秋冬学期老师句法学的学生。目前才上三次课，来写评语是不是为时尚早了。\n\n不过程老师真是一位很有魅力的教师。第一节课的时候自信地说：“欢迎同学们来问我问题，我应该都能答上来。如果我不知道，可能国内也没有几个人知道。”此外，老师让我感觉到他对自己所从事的工作真的充满了热情，他觉得人的语言是非常神奇的，语言学是非常有趣的一个学科。\n\n有这样的老师真的很开心。
199586,5417,程工,2024-09-26 02:08:30,2,2,0,人超级好，很绅士也很善良，对自己喜欢的领域超级认真，感觉是天选科研人
203730,5417,程工,2024-11-21 00:40:39,3,3,0,程老师，讲课的时候眼里有光
208683,5417,程工,2024-12-30 19:44:22,3,3,0,👍👍👍
214631,5417,程工,2025-02-15 08:27:47,2,2,0,给分超好👍
215966,5417,程工,2025-03-08 09:37:44,1,1,0,给分人均4.8
217341,5417,程工,2025-04-09 01:36:00,1,1,0,老师人超级好
129559,5558,程乐,2021-01-07 07:45:58,-9,12,21,全世界最好的导师
134174,5558,程乐,2021-03-18 02:28:08,7,9,2,怎么会有这么无聊的课，一分钟都听不下去，不适合教本科生...
134664,5558,程乐,2021-04-08 02:48:52,7,9,2,学不到知识，完全就是浪费时间...
170999,5558,程乐,2023-03-14 03:03:23,3,9,6,国际法。讲课比较一般但给分还行
171841,5558,程乐,2023-04-07 11:49:31,5,6,1,感觉国际法的课比较无聊，而且过于强调实际（实践中都是由国家实力决定的），没有让我们了解法律层面应当如何操作
173564,5558,程乐,2023-05-29 04:31:54,-7,1,8,老师很和蔼亲切，虽然讲课无聊了一点，但最后会捞～
178873,5558,程乐,2023-07-27 01:27:16,8,9,1,懂法吗？
179853,5558,程乐,2023-09-20 02:13:46,4,4,0,啥也听不懂
180944,5558,程乐,2023-09-28 14:15:57,6,6,0,懂法吗？
206953,5558,程乐,2025-01-10 01:49:50,6,6,0,一年能发十几篇水文，科研质量如此，可想而知教学质量如何
208644,5558,程乐,2024-12-30 11:01:48,6,6,0,大水比，创个期刊自娱自乐。
213660,5558,程乐,2025-01-19 02:37:38,3,3,0,讲课水平令人发指。。上课的案例基本都不讲。。考试考的都是其他两位老师出的内容，他都没有讲到。。给分还行也没有传说中的好。。建议大家都去选mg）虽然当时想选mg但选不上
217421,5558,程乐,2025-04-10 05:33:47,2,3,1,法学院几大学术骗子之一。\n\n一个学语言学的人，来搞数字法治也就算了，还在国际法招博士，天下奇谈。\n\n会写批示，会发英文论文，不管内容是什么，能拿业绩就能坐头把交椅。\n\n继续捧这些人，主次不分，法学院可以被其它学院瓜分合并了。
217960,5558,程乐,2025-04-18 11:37:31,1,1,0,呃4.2，真的给分好吗
218758,5558,程乐,2025-05-02 00:10:31,4,4,0,自己办了本期刊，一期全发自己和自己学生的论文，当天submit，当天就accept，毫无学术底线。基本没学过法，讲国际法的课也是云山雾罩，不知所云，这种人竟然能在法学院带国际法和数字法方向的博士，法学院真的危险了
124100,5692,庄玮,2020-06-24 00:30:04,-8,9,17,Herr庄给同学们上课的气氛简直不能再融洽了，很轻松。最后考试给分也挺好
126537,5692,庄玮,2020-09-30 00:58:04,11,11,0,真的无聊
128870,5692,庄玮,2020-12-26 08:00:52,4,4,0,给分相对而言高一点 但屁事太多且讲课无聊
162636,5692,庄玮,2022-11-30 10:43:42,6,6,0,上课主要靠自学
174154,5692,庄玮,2023-06-06 16:27:29,10,10,0,事太多，还不会讲课，给分主要靠刷脸和卷字数
181631,5692,庄玮,2023-10-25 02:20:47,13,13,0,自己水，鼓励学生卷，事情超级多（怕学生水），但是上课很温和，不骂人
181635,5692,庄玮,2023-10-25 03:29:49,8,8,0,真的无语
184628,5692,庄玮,2023-12-22 03:58:53,16,16,0,如果想德语入门（学德语语法）的慎重，他不会教...上课要不停查询德语助手的程度
185311,5692,庄玮,2023-12-27 20:13:13,13,13,0,老水怪了，零备课，上课就是点人回答问题
191255,5692,庄玮,2024-04-15 10:34:31,10,10,0,讲的跟没讲一样，作业还一堆，全靠自学
198986,5692,庄玮,2024-09-13 15:41:29,13,13,0,上课喜欢抠脚
199687,5692,庄玮,2024-09-27 13:54:04,-13,1,14,1. 老师德语读音特别标准；2.老师特别温柔，上课特别和蔼可亲，课后回答问题也特别有耐心；3. 老师的德语可成安排的很好，在每一章节适量地加入了老师在德国的生活体验，非常有趣，让我们非常向往去体验一下；4. 老师对于作业的写作与反馈评判的非常认真负责；5.老师对于课后习题的讲解也非常通俗易懂，学到了很多；6. 非常开心修读了庄玮老师的德育课，学习到了很多，已经可以用基本的交流和沟通了，收获很多。
216159,5692,庄玮,2025-03-11 07:54:01,6,6,0,上nm1gb
219065,5692,庄玮,2025-05-20 07:48:04,1,1,0,打野的走位我就觉得你　　离谱，你老想着在这刷你　　三狼这干什么玩意呢我　　　　。
165894,5815,徐沁,2023-01-10 08:50:04,0,9,9,慕课很有意思，虽然繁琐了点
128379,5836,许钧,2020-12-22 02:38:33,4,6,2,许钧，著名翻译家、翻译理论家，学校实施“学术大师汇聚计划”以来引进的首位学术大师。2016年9月，他受聘成为浙大文科资深教授，全职加盟外国语言文化与国际交流学院。\n\n进入浙大后，许钧教授致力于培养优秀的复合型外语人才，促进外语学科发展，建设浙大中华译学馆，推动中华文化走向世界。期间，他的学术研究跃上了新台阶，荣获教育部第八届高校科学研究优秀成果奖一等奖，并依托中华译学馆组织策划出版图书百余部，担任多部丛书的总主编。此外，许钧教授还邀请了众多学术名家走进浙大，例如诺贝尔得主莫言、勒克莱齐奥以及国际翻译家联盟“北极光”翻译奖得主许渊冲担任浙大中华译学馆顾问，著名作家毕飞宇受聘成为浙大求是讲座教授，著名作家余华、苏童、韩少功等在浙大讲学。\n\n\n\nhttps://mp.weixin.qq.com/s/5tkBq97UBGba5HHIFnffhQ
125504,5846,聂珍钊,2020-09-10 15:51:38,5,14,9,第一年就43进1的概率，恐怖
125573,5846,聂珍钊,2020-09-11 15:24:33,0,0,0,还好老学姐已经选上了 这概率ssfd
127311,5846,聂珍钊,2020-11-20 02:49:13,0,1,1,不知道
127971,5846,聂珍钊,2020-12-02 00:26:47,8,8,0,助教绝了，每次都突然通知要做展示写论文，根本没时间
128690,5846,聂珍钊,2020-12-25 04:23:39,3,3,0,助教总是突然布置任务，导致先前的时间安排被打乱，跟助教老师商量也没用
130280,5846,聂珍钊,2021-01-20 12:18:20,1,1,0,给8分吧，有点无聊，助教有一次突袭式讨论课，但是整体很水
131300,5846,聂珍钊,2021-01-27 03:54:53,0,1,1,助教姐姐很喜欢点名，今年是第一次开课，总体而言事情较少，一次讨论课，一篇论文，有机会参加一个国际会议，聂老师人很有趣，给分也还行吧，上课可水
132442,5846,聂珍钊,2021-02-01 15:25:36,4,10,6,聂珍钊老师是文学伦理学批评之父，为中国学术走向世界做出了巨大贡献，值得每一个浙大人尊重与敬仰！\n\n尽管聂老师的理论建构存在诸多不足，第一次开课各项安排也多少有些匆忙，但是能够听聂老师的课还是非常幸运！聂老师在最后一节课上说的“一个中国知识分子的担当”的心声在今天的大学校园里还能听到多少？真是令人心有戚戚！
133051,5846,聂珍钊,2021-02-07 08:26:14,0,1,1,虽说老师的理论还有待完善，但是老师作为中国知识分子的使命感责任感值得我们敬佩\n\n另外，老师人好心善，课程事情算很少的了，给分也不错
133165,5846,聂珍钊,2021-02-12 06:27:29,2,2,0,老师很能讲，课也很水就能过\n\n但是课程体系有待提高：\n\n总是临时布置作业！\n\n堂堂都到，论文也写得很认真\n\n但是，最后绩点3.3\n\n不开心
141156,5846,聂珍钊,2021-09-25 02:29:04,6,6,0,名利场
144826,5846,聂珍钊,2021-12-25 03:51:23,1,1,0,感觉要挂了，不会写文学分析论文的uu千万不要选，真的会死的。
155501,5846,聂珍钊,2022-06-13 15:04:54,2,2,0,聂老师荣休了，去广外了。不管我们如何评价他的文学伦理学批评，他为三体系建设作出的贡献值得敬仰。
122335,5928,孙培健,2020-02-24 10:38:01,24,41,17,挺可爱的老师，上课也不错
129431,5928,孙培健,2021-01-05 09:00:41,13,13,0,超级棒
131103,5928,孙培健,2021-01-26 03:13:55,7,7,0,感谢老师的海底捞！！！十分！
133504,5928,孙培健,2021-03-01 10:49:10,7,8,1,老师很可爱
134278,5928,孙培健,2021-03-22 23:15:01,9,9,0,很用心
144249,5928,孙培健,2021-12-21 02:36:44,13,13,0,超级可爱，人很好，真的，选他！！！！中国人不骗中国人！！！
146240,5928,孙培健,2022-01-06 03:52:22,10,10,0,中国人不骗中国人，老师真的超好！
146280,5928,孙培健,2022-01-06 06:29:08,4,5,1,很用心，说英语有新西兰口音，很可爱
148372,5928,孙培健,2022-01-12 09:10:14,3,3,0,老师真的很可爱!!作业平常布置的不多，上课氛围也很轻松!!
149179,5928,孙培健,2022-01-14 16:02:33,2,3,1,老师很好很可爱，事情不多，给分还挺好的
150193,5928,孙培健,2022-01-20 05:29:59,1,1,0,很可爱
150220,5928,孙培健,2022-01-20 15:07:04,1,1,0,孙老师很nice！
150908,5928,孙培健,2022-02-21 03:02:49,-9,3,12,讲的一般，比较无聊，课堂氛围调动不起来，照课本的各个模块上成了高中英语课。人很好，很努力记住我们的名字哈哈哈哈哈哈不过不太成功哈哈哈哈，给分也很好嗯嗯
151414,5928,孙培健,2022-03-03 01:33:37,3,3,0,事情少，期末捞，课也很有意思
161032,5928,孙培健,2022-10-24 09:55:49,3,3,0,孙老师笑起来真的好可爱，努力记住每个人的名字，但是会抽人答问题。
163489,5928,孙培健,2022-12-14 12:50:57,4,4,0,老师很好很有趣！讲课也很有耐心！就是进度会有点慢٩( 'ω' )و
163761,5928,孙培健,2022-12-16 05:24:29,1,1,0,老师超级和蔼的！
164631,5928,孙培健,2022-12-22 10:05:27,2,2,0,孙老师是一位和蔼可亲的好老师，总是很努力的记住每位同学的名字，以鼓励为主，从来都没有发火过，讲解特别认真投入……很幸运能选上他的大英三，只可惜他不教大英四（*；︹；*）
168767,5928,孙培健,2023-02-22 03:15:13,3,3,0,老师很认真负责！\n\n他和助教姐姐给的作文均分算是较高的！\n\n大英平时分要正态，而且是先报平时分再改卷的所以他也没法捞卡绩，但是他会尽量给大家的平时分高一点。\n\n老师人很好，总是笑眯眯，从来不生气，会努力记住每一个同学的名字，平时几乎没什么事，也会关心同学，小测老师会自费给考的好的同学发奖品。\n\n老师是百人计划研究员，留过学，会和我们讲他的经历，上他的课还是很有趣的。\n\n老师很好，预置别退！
168969,5928,孙培健,2023-02-24 01:32:36,6,6,0,老师性格超级可爱，会和学生互动，努力地记住每个人的名字。\n\n人超级好，很和蔼、很耐心。\n\n考完试会自费给考的好的同学发小礼物，给参加辩论的同学也发小礼物，过新年时在钉钉群里给大家每个人都发了红包。
169002,5928,孙培健,2023-02-24 03:27:28,4,4,0,出分了再来感谢一下孙老师！老师脾气很好总是笑眯眯的😊作业也是自主完成✅之前小测是班里的前几名还收到了老师的笔记本奖励✌作文给分也很好\n\n只可惜老师下学期不教大英四了，不然真的很想再选啊～过年还发了红包😂
169320,5928,孙培健,2023-02-25 11:48:36,1,1,0,感谢老师捞我
170431,5928,孙培健,2023-03-04 13:42:58,3,3,0,班主任老师，人超好！
170569,5928,孙培健,2023-03-06 16:46:22,1,1,0,老师很可爱！也很认真负责！
170767,5928,孙培健,2023-03-09 08:50:20,3,3,0,不需要语言言说的好老师👍
173476,5928,孙培健,2023-05-25 15:24:55,3,3,0,老师认真负责，人也非常好！会给大家发红包，也会努力记住每个人的名字。给分也很好，我们班所有人都通过了！遇到这位老师，请好好学，请珍惜，以后有问题老师也会回答，真的是很好的老师！
174160,5928,孙培健,2023-06-07 01:37:17,3,3,0,是真的好
174830,5928,孙培健,2023-06-18 16:12:49,1,1,0,老师还不错
184851,5928,孙培健,2023-12-23 12:49:12,3,3,0,大一上有幸预置了孙老师的大英三，老师人真的很好，上课认真负责、对学生超级超级温柔有耐心！课下会认真回学生的每个问题、每条私信！笨人已经大三了，在食堂外面遇到老师，还主动跟我打招呼！然后和我说抱歉我忘了你叫什么，真的有被感动到，瞬间热泪盈眶。现在非常后悔我当时又菜又摆，没好好学，绩点不是很高。不可多得的好老师！给10分是因为满分只有十分！！！
184977,5928,孙培健,2023-12-25 04:02:12,2,2,0,大英三，我只听孙老师的，真神，无需多言，选就完了。
186474,5928,孙培健,2024-01-11 08:25:12,3,3,0,孙老师人真的很好，性格也很好，大捞特捞，被老师捞了，老师我爱您❤
186480,5928,孙培健,2024-01-11 09:20:31,2,2,0,老师好，但我太菜
186567,5928,孙培健,2024-01-12 00:21:19,3,4,1,上了一学期的课，上课很轻松有趣。一开始觉得在课上学不到什么，后来才发现是大英的通病。老师人很可爱，最后一节课还给我们玩游戏（哈哈哈哈哈joker悄悄隐身嘿嘿）平时小测会买小礼物给前十名的同学，真的很用心。期末成绩能捞就捞。本人英语几乎没咋学，只背了单词，平时也没怎么学，能有这个绩点真的心满意足
186699,5928,孙培健,2024-01-12 14:19:07,4,4,0,老师很好，怎么说呢，他是会尽力捞人的。而且平时上课非常的用心虽然我不怎么听，平时布置U校园，根据这个以及课堂表现给平时分。然后老师人非常有亲和力，临走告别的课上给我们发红包，每个人四块多！还根据每次quiz发小奖品激励大家，跟朋友一样。大英的绩点其实主要还是看自己，老师的话讲的很好就可以了。
186710,5928,孙培健,2024-01-12 14:51:56,4,4,0,不想挂科？选他！！！\n\n不想被卡绩？选他！！！\n\n讨厌课后作业？选他！！！\n\n求是的说，孙老师整体上是一位很值得推荐的老师。他上课会尽可能不那么枯燥的去讲本就乏味的大英课（大学英语这门课本身就和高中英语似的，很难让人体会到学英语的乐趣），孙老师上课是比较幽默的，虽然课堂上因为没人举手回答他有时会比较尬（大学生现状），会努力记住每一位同学的名字，而且课后没有作业，唯一的作业可能就是u校园上的一点题（也不是必做，只是平时分的一点参考）（不过似乎做不做也对平时分没什么影响），最重要可能也是大家最关心的是，孙老师真的很捞，只要你有一点及格的希望也会想尽办法给你拉上岸，期末改卷速度极快，基本早上考完当天下午就全批完了，然后他会认真海底捞（），尽可能让每一个同学绩点都高一点（虽然有正态的限制），然后大概第二天下午能整理好捞完的结果  最后我们班只有一个人没及格，也是因为期末太差实在捞不起来\n\n总体来说孙老师人很好，上课很有意思，真的很认真在捞!!!\n\n非常推荐学弟学妹们选他的课！！！毕竟这是第一次给一个老师打满分（）！！！
200871,5928,孙培健,2024-10-24 01:00:24,1,1,0,课堂氛围很轻松～
202777,5928,孙培健,2024-11-14 09:50:04,2,2,0,领到了老师的本子！ 超级温柔超级耐心的老师！
206319,5928,孙培健,2024-12-14 06:49:15,1,1,0,满昏，老师人特别好，上课也有意思，有时候还会讲一些自己在国外留学的故事，可惜老师不教大英四，不然下学期还选孙老师的大英
208150,5928,孙培健,2024-12-26 03:14:05,3,3,0,千言万语汇成一句话，大英三选他
208199,5928,孙培健,2024-12-26 07:13:13,2,2,0,大英三无脑选\n\n选了才知道有多爽
208211,5928,孙培健,2024-12-26 07:37:27,1,1,0,老师人特别好，特别可爱，特别体贴同学，两次小测自费给平均分以上的同学买小本子，最后一节课还发了红包。老师基本不布置作业，所以对学习自觉性要求比较高，课上一些拓展材料较多，课本篇目有时讲不完，需要自己课下再自学
208510,5928,孙培健,2024-12-28 15:05:20,2,2,0,孙老师超级超级棒，非常非常棒，上课从不强制发言，最后一节课给我们答问卷发红包还一起拍照！！！天哪，简直是我的神，孙老师太棒啦
208816,5928,孙培健,2025-01-02 08:18:36,1,1,0,非常和蔼可亲的老师，很有礼貌，人很好很舒服，对待学生像对待朋友一样＞_＜
209184,5928,孙培健,2025-01-08 03:45:08,3,3,0,培健哥补药太可爱！他真的超爱的！最后一节课有小红包+教室360 °旋转合照！培健培健我们喜欢你！本来期末考试在听力进行到15题的时候收音机没电了又坐在倒数第二排听不见小喇叭20分的题没听着，全凭课文印象填的空…以为要完蛋了但是！老师是捞捞的神！
210032,5928,孙培健,2025-01-08 03:19:02,3,3,0,老师特别温柔！对学生特别宽容！平时给分很好！期末会捞耶！
210038,5928,孙培健,2025-01-08 03:44:51,2,2,0,老师人很呆萌，ii的，上课不会给很多压力，作业非常少，i人狂喜！！！会给小测好的同学小礼物，作文一般写一次改一次取较高分，助教小哥也特别认真负责！期末也挺捞的，考不好纯粹是我个人水平问题🥲吹爆Paul Sun🫶🏻
210044,5928,孙培健,2025-01-08 03:55:18,0,0,0,温柔男神
210045,5928,孙培健,2025-01-08 04:08:16,0,0,0,出分了被paul捞到了满绩！圆满了🥹最后一节课还跟我们合照留念，特别好的老师喜欢！
210065,5928,孙培健,2025-01-08 05:19:28,0,0,0,老师很可爱，ii的中年小老头
210108,5928,孙培健,2025-01-08 07:13:55,0,0,0,虽然我很菜但是老师在很用力的捞我，大英三选他准没错。\n\n伟大无须多言！
218807,5928,孙培健,2025-05-06 10:02:25,0,0,0,耐心的好老师
158941,6193,董燕萍,2022-07-03 14:50:52,4,4,0,老师啥时候出成绩啊😂
172005,6193,董燕萍,2023-04-17 03:54:45,2,2,0,讲的特别好，上课清晰有条理，老师人也特别好，温柔知性。
178107,6193,董燕萍,2023-07-07 03:05:32,1,1,0,院长的可很有意思，对心理语言学感兴趣的同学必选！考核方式也很适中，不需要写期末论文。但是建议先上心理语言学再来选，会容易一些
178108,6193,董燕萍,2023-07-07 05:53:40,1,1,0,董老师温柔优雅、很会讲课、认真耐心对待学生、学术水平极高，时而很可爱时而很好笑。我常常沉浸在轻松有趣的课堂氛围以及董老师的美貌里，呜呜，真的很喜欢董老师！
178130,6193,董燕萍,2023-07-07 05:30:06,0,0,0,仙女！都来选！
219126,6193,董燕萍,2025-05-22 03:39:19,0,0,0,老师人真的特别好，很乐于帮助学生！非常难得的好老师。
126697,6264,杨革新,2020-10-14 07:18:21,58,67,9,杨老师的语法运用很到位，每个单词的读音都很准，讲话思路清晰，十分流畅，其能力已经达到顶尖中学教师的水平；从来不要求上早八课的学生至少提前半小时到教室读书，伴随他富有磁性的声音，让人一点也不想睡觉，同时间接促进了全家超市的咖啡销量，提高人均GDP，为国家发展做出突出贡献。这样的好老师，值得五星好评！
127196,6264,杨革新,2020-11-12 12:42:57,6,6,0,呵呵，
127198,6264,杨革新,2020-11-12 12:55:56,9,10,1,杨老师，真有您的，早八让我们提前半小时到班里早读，真有您的，我直呼好家伙
128511,6264,杨革新,2021-01-10 14:22:22,14,14,0,什么都别说了，我大一上就选了他两门课，算是毁在他手上了
128736,6264,杨革新,2020-12-25 06:12:55,3,15,12,杨老师人超级好！！特别体贴学生，课上还会勉励大家好好学习，但也别忘了注意身体健康！口语课练习机会还是挺多的，每节课都有不同的主题讨论，而且topics也非常有趣。杨老师也会分享自己的一些想法和经历，真的是特别好的老师。
129440,6264,杨革新,2021-01-07 06:15:17,11,12,1,懂得都懂
129553,6264,杨革新,2021-01-07 06:26:33,8,11,3,给分看脸熟，上课暖场主持人，心情好了布置个作业，虽然我之前说期末只有paper但是我考个试不过分吧
129582,6264,杨革新,2021-01-08 01:33:48,4,4,0,😤😤😤
129615,6264,杨革新,2021-01-08 17:56:12,12,14,2,口语1 从开学到倒数第二节课都没给出明确的评分标准 自称是为了让学生见识江湖险恶？？？上课就是放一些材料学生自己讨论 或者让我们写限时作文上交（没错这不是写作课）或者用中文和学生聊天 完全没有引导性的教学 公认的水课\n\n想拿高分就和他搞好关系 多发言 不过一般都没啥师生互动 很难相信这是口语课！！！
129963,6264,杨革新,2021-01-14 06:42:00,24,26,2,除了鼓励鹅颈只会讲废话 还喜欢雷人雷语 上了一学期的课除了前两节上网下载了ppt读了一些高中历史知识，剩下的课都是让学生来讲。额 给人的印象就是没有涵养没有脑袋不知道怎么混进来的
129984,6264,杨革新,2021-01-14 14:30:26,12,13,1,感受四天三千字的魅力吧
130034,6264,杨革新,2021-01-15 09:02:04,17,18,1,在期末复习期间布置四天时间写3000字论文，理由是反正你们现在这水平也只能生产学术垃圾，给几天也还是那样。
130073,6264,杨革新,2021-01-16 11:12:40,3,3,0,不解释
130128,6264,杨革新,2021-01-17 15:33:42,6,7,1,老师一看就身体康健啊 没怎么去过医院 讲话中气十足
130149,6264,杨革新,2021-01-18 06:21:38,4,4,0,不解释
130161,6264,杨革新,2021-01-18 08:44:47,9,9,0,人不差，平时事情还好，但期末几乎是一个周末写三千字有点过分；就中西文化交流史这门课而言讲得很水
130243,6264,杨革新,2021-01-20 03:26:45,8,8,0,给他一分，至少下载的ppt有背稿\n\n建议给学生发工资 我给我们班每个同学都打十分\n\n一度让我对浙江大学和外语学院国精班感到无语，相比之下李佳老师至少会把ppt自己念完(〜￣▽￣)〜实在太厉害了呢
132164,6264,杨革新,2021-01-30 17:57:02,-2,12,14,口语课的topics都很好啊，老师上课也很舒服亲切，都会鼓励大家跟他交流，口语本身毕竟也是个自己提高和努力的东西啊。\n\n中西文化交流史大家都说很水，可是如果真的想学知识，完全可以做到不水的啊。可能需要老师讲得更有趣叭！\n\n老师更注重和学生的思想交流碰撞叭，给分真的挺好的，人也超棒的啊，超级亲切！
132177,6264,杨革新,2021-01-31 00:33:28,9,10,1,上这个老师的课，你就必须要摸清他上课的套路，并且做好速肝论文的准备，做不到这两点高分挺难的
132179,6264,杨革新,2021-01-31 00:35:26,11,13,2,3.6不说了\n\n每次课都到了，论文也写的很认真，就是没有抢到展示，最低的一门
132464,6264,杨革新,2021-02-01 17:15:12,7,8,1,上课真的学不到什么东西，要求古怪，给分也不好。
132922,6264,杨革新,2021-02-05 03:35:40,0,8,8,给个高分～因为老师口语课事少给分好！人也不错的，不过想要大幅提升能力的同学可能会有一丢丢失望？我感觉口语不应该全靠老师应该靠自己不断努力呀！老师的教学方法还是很不错的，为学生考虑的也比较周到( ̀⌄ ́)
133077,6264,杨革新,2021-02-07 13:31:43,3,6,3,辣鸡老师，给一分我都嫌多
133262,6264,杨革新,2021-06-09 14:43:14,6,8,2,快逃！！
133326,6264,杨革新,2021-02-25 15:07:44,0,2,2,辣鸡课
133546,6264,杨革新,2021-03-02 03:37:41,1,1,0,自己领悟
133568,6264,杨革新,2021-03-02 08:29:20,1,2,1,老师人好
133669,6264,杨革新,2021-03-03 11:45:36,1,3,2,不解释
133709,6264,杨革新,2021-03-04 05:20:57,0,6,6,老师讲得很好呀，认真听就会有收获！给分也很宽容，下学期我还选了杨老师的课！
134013,6264,杨革新,2021-03-12 02:04:34,2,3,1,讲课条理不清晰，课程内容让人不知道怎么评价，我个人没有看到他对课程内容的详略安排，备课程度也存疑；不点名，课堂表现分按脸熟给，他觉得没有见过你的话，就算你去上课了分也不会高哦：）
134252,6264,杨革新,2021-03-21 12:31:14,0,1,1,希望老师上课能别再光是读文献和让同学pre了
134754,6264,杨革新,2021-04-13 11:38:59,6,6,0,非英专慎选，看脸给分
134861,6264,杨革新,2021-04-19 08:48:11,18,24,6,也不至于这么差吧……杨老师还是蛮好的，单单从文学课来说，课业压力=0，最后上课的时候自己写一点分析就能拿4.5，也不用鹅颈，点名也几乎不点...他作为研究员还是很有水平的，可能是教学不太擅长，但是打分真的好啊……还想要求什么...
135233,6264,杨革新,2021-05-06 09:56:27,2,4,2,上课突然布置当堂论文还必须手写恶心死
135347,6264,杨革新,2021-05-08 08:33:52,2,4,2,别去！！！！！！！！！！
136767,6264,杨革新,2021-06-24 07:15:31,1,3,2,觉得杨老师挺好的
138470,6264,杨革新,2021-07-09 10:51:35,3,3,0,上了去年的中西文化交流史和今年的外译中准备一起来评价）\n\n交流史…就…讲真讲的不很好，高中历史水平（？） 但个人觉得和老师研究的完全不是这个领域有关\n\n外译中感觉讲得还可（虽然好像到最后渐渐成了文学上的分析为主，翻译方面的内容好像少了一点hhh）感觉老师是挺努力地想让我们多读点传统经典了\n\n论文给的时间好像确实都蛮紧（外译中期中当堂手写论文我直接原地去世orz），给的理由好像是“时间紧也能看出水平差异”（）不过只要能发表一点自己的想法也就可以了？以及课上pre确实靠群里抢）但抢没抢到感觉和最后绩点关系不很大\n\n给分挺好的（
138830,6264,杨革新,2021-07-11 06:22:44,7,9,2,选他的课就是为了绩点，这么多节课没学到什么，而且最开始说了不点名签到后来还是悄悄纸质签到，嗯当堂手写论文+期末给不到一周时间写英语论文。不过课上他不管人看手机之类的，所以在他的课上看电影挺爽的。想卷一点的抢个pre+坐前排蹭脸熟。喔他论文要贴照片的哈哈哈
140984,6264,杨革新,2021-09-19 08:14:30,24,26,2,全外院给分最好的老师之一，还用说吗？上过老师的外译中国原著精读，听课时其实感受到老师对外译经典有自己的想法，并且老师认为不能给学生太多压力，所以对课堂也没有什么要求，三分大课是有两篇要求不高的论文。至于看脸给分，老师第一节课就说了，希望大家能往前坐让他认识一下大家，总有人喜欢缩在后面。其实你坐前面写作业玩电脑老师也不会管你啊。杨老师不能说非常好，但我认为他作为老师也是合格的 坐在前面认真听课其实也能收获不少
141088,6264,杨革新,2021-09-23 06:04:08,3,5,2,革新giegie给分还是不错的！
141155,6264,杨革新,2021-09-25 02:26:58,7,11,4,让这种人留在学术界，学生就再也没有理想了
144251,6264,杨革新,2021-12-21 02:47:59,1,5,4,老师人好事少 体谅学生
144343,6264,杨革新,2021-12-21 06:31:40,2,4,2,快逃、、
144973,6264,杨革新,2021-12-26 06:39:00,0,0,0,///
145802,6264,杨革新,2022-01-02 12:13:33,0,9,9,全校见过最烂的老师…？是中央督导组没查到他头上吗还是咋的 咋还没被开除？？？
157687,6264,杨革新,2022-06-24 10:34:44,5,6,1,革新真的超好，英语口语体验极佳。口语水平一般没关系，但只要积极发言，期末分数就不会差。
158064,6264,杨革新,2022-06-26 13:48:42,2,3,1,英语口语1和2都是杨老师的，老师的课堂比较轻松，压力很小，讨论的话题难度也比较适中，也有很新的根据时事的新话题，口语基础薄没关系的，老师会鼓励大家多发言的。期末是三人一组的讨论，一学期有一次随堂的作文（有点奇怪），平时表现突出多发言，给分很好的。没有上过老师别的课，单说英语口语老师的课还是蛮好的
158413,6264,杨革新,2022-06-29 05:19:14,2,4,2,老师人很好，口语课还是能讨论挺多话题的。
158844,6264,杨革新,2022-07-02 16:35:55,6,9,3,革新真的真的很好 无论是给分还是课堂 对大学教育有自己的想法 选了不会后悔 查老师这个分数明显偏低
159459,6264,杨革新,2022-07-21 14:18:59,4,5,1,看脸给分 给分玄学 慎选
163921,6264,杨革新,2022-12-16 14:23:06,4,6,2,杨老师挺好的，他说在他的课上能学到一点对自己来说有用的东西就很好了
165792,6264,杨革新,2023-01-09 17:53:56,4,5,1,革新人很好，上过他的好几门课，平时都比较轻松的，最后给分也都不错
170059,6264,杨革新,2023-03-01 07:17:02,0,0,0,纯捧哏，体验还不错
173661,6264,杨革新,2023-05-31 08:11:25,2,3,1,考前一周更改考试形式，口语课写随堂作文，分数构成也不讲。
174410,6264,杨革新,2023-06-12 03:35:49,0,1,1,。。。
185264,6264,杨革新,2023-12-27 12:08:55,3,3,0,折磨😅😅😅😅😅
185727,6264,杨革新,2024-01-04 02:12:43,2,2,0,革新人真的很好的，不知为什么评分这么低
187165,6264,杨革新,2024-01-15 02:04:49,2,2,0,上课体验很好，老师什么场都捧，不会有任何负反馈，给分也很好。本人既菜又i能拿到这个分数真的很感动。谢谢老师ww
190330,6264,杨革新,2024-02-28 05:59:59,2,3,1,口语课氛围很好 喜提满绩
199155,6264,杨革新,2024-09-18 08:27:04,0,0,0,老师人很有意思\n\n上课内容也丰富
206492,6264,杨革新,2024-12-15 13:45:58,2,2,0,天哪，杨革新上课这么好！又轻松又愉快，虽然我的口语不好但每次都会认真听完（“G~ood”鼓励）给出相关的评论\n\n怎么一下子评分这么低了我的天？？除了期中期末讲点东西平时上课他也不管参与度什么的，不要给低分啊😭
219270,6264,杨革新,2025-05-23 15:01:00,0,0,0,浪漫主义 事少 老师比较鼓励发言 不管说了什么都会very good～～～
121758,6357,左雅,2020-01-21 16:41:48,3,12,9,吹爆左雅姐，真的是超棒的老师，比后来那个杨骁强了不知多少，那天中午遇到她，赶紧跟她打招呼“Hola，profesora zuo”，她还冲我笑来着
122239,6357,左雅,2020-02-20 11:32:27,9,9,0,讲得超级好
122550,6357,左雅,2020-03-03 23:58:19,5,5,0,每个老师都有自己的风格，干嘛要拿老师之前互相比啊，我觉得西语系老师都挺好的。
122582,6357,左雅,2020-03-05 03:34:11,7,9,2,老师很好的，会耐心地讲书本的知识点，也会耐心回答同学的问题，正向反馈会给很多！
123484,6357,左雅,2020-06-09 06:35:10,13,15,2,左雅姐姐是神仙老师，muy bien
123935,6357,左雅,2020-06-17 05:27:06,1,2,1,老师很耐心很细致
124106,6357,左雅,2020-06-24 07:55:27,8,8,0,老师讲的特别细致，认真听一定可以学到东西。西语1最后考试不难，给分也是很好了！
124143,6357,左雅,2020-06-25 07:45:57,6,6,0,左雅老师真的是神仙！！！人美心善！！讲课真的超细致！！选老师的课真的收获满满！！
127843,6357,左雅,2020-11-28 11:56:58,1,2,1,左雅姐姐炒鸡炒鸡棒！！！！
128418,6357,左雅,2020-12-22 15:34:36,2,3,1,左雅老师！！！呜呜呜虽然要求很严格但真的很耐心很温柔！！！讲的超级好！！！
128577,6357,左雅,2020-12-24 05:37:38,2,3,1,不可多得的负责任的好老师!!
129960,6357,左雅,2021-01-14 06:30:49,2,3,1,喜欢老师!!超级负责，专业，人还超漂亮!绝对可以学到很好很多的东西!
131723,6357,左雅,2021-01-28 14:41:31,4,4,0,爱了爱了爱了爱了 虽然很严格但是真的很好很好很好 上课内容很充实 备课很仔细 讲课很生动 考试也不是很难 给分也挺好的
134101,6357,左雅,2021-03-16 03:43:21,2,3,1,muy bien
137713,6357,左雅,2021-07-05 17:32:02,18,19,1,美丽善良，比较严格，收获很多，非常重视和同学的关系，到浙大以来关系最好的老师，超级棒！
165170,6357,左雅,2022-12-29 16:30:14,3,4,1,左雅老师绝对是好的没话说的神仙老师，Muy amable
166204,6357,左雅,2023-01-11 11:56:57,1,4,3,左雅老师超级好！给分好，上课好，虽然很严格，但是
166652,6357,左雅,2023-01-13 07:19:01,9,10,1,好像老师 没有老师的课根本不想学西语了
171898,6357,左雅,2023-04-11 11:39:12,0,1,1,好好好
184542,6357,左雅,2023-12-21 13:52:51,1,2,1,我们最可爱最可爱的雅雅TT超级认真负责的好老师
185382,6357,左雅,2023-12-28 14:24:58,1,2,1,雅雅老师超美！语法讲的特别特别好！人也特别好！啊啊啊啊啊
127035,6474,陈鸿章,2020-11-04 02:39:09,6,9,3,一句话概括：\n\n问题就是评价系统没有0分，给一分我觉得太多了。
128152,6474,陈鸿章,2020-12-09 00:37:07,8,8,0,口语比我还差，要求还贼高，退课保平安
128154,6474,陈鸿章,2020-12-09 01:11:00,6,6,0,绝了，跟他观点不同就打断你，想反驳根本不给你机会
129848,6474,陈鸿章,2021-01-13 03:50:36,2,2,0,能过六级千万别来，能选其他老师千万别来，pua绝了
130244,6474,陈鸿章,2021-01-20 04:01:11,1,1,0,班级最高分70，要求还多....垃圾啊
130416,6474,陈鸿章,2021-01-22 07:41:33,1,1,0,辣鸡老师，口语奇差，给分奇差，还是个老顽固。给一分！！！
122243,6732,胡文海,2020-02-20 12:30:18,7,29,22,当第一个评分的！老师人很好呀，上课也补充很多知识！
122840,6732,胡文海,2020-04-14 00:14:41,-2,23,25,对日本文化比较了解，在关西待得比较久，他自己表示很注意，但有时候会不自觉蹦出关西口音。给分不错，当他自己命题，自己阅卷时，调分有一手。当时考试时自我感觉崩溃，但最终成绩不错。
123284,6732,胡文海,2020-05-29 07:11:57,12,30,18,干货很多，老师人也很可爱，期末凭本事拿分。
123372,6732,胡文海,2020-06-07 13:15:36,2,25,23,我的天 胡文海gg太可爱了吧！！！爱了爱了！！
123400,6732,胡文海,2020-06-08 07:13:36,-3,20,23,讲解很系统，也很可爱的老师！
124074,6732,胡文海,2020-06-23 08:19:53,5,26,21,胡老师真的分享了不少自己在日本的点点滴滴。也许能成为以后同学们去日本的参考。
125096,6732,胡文海,2020-08-31 03:38:50,-1,19,20,老师讲话清晰又温柔，语法讲解很系统，课后也会非常耐心地答疑，是超级有才又负责的xgg！
130484,6732,胡文海,2021-01-23 02:41:36,-2,22,24,小胡老师最高！！！给分超好！！！
137231,6732,胡文海,2021-07-02 12:47:25,-10,17,27,爱老师！！！！给分太好了！！！
137232,6732,胡文海,2021-07-02 12:48:19,-12,17,29,给分太好了
137263,6732,胡文海,2021-07-02 15:56:07,-1,20,21,胡老师挺好的！我上的这学期的日本动漫文化赏析课，事情很少，主要是期末一个小论文。平时上课氛围挺轻松的，会放一些动漫的片段，有时候会让回答一下问题啥的，还挺有趣的。讲了几个关于日本动漫的小专题。最后给分也挺好的！
138850,6732,胡文海,2021-07-11 08:16:47,-6,19,25,我只能说，胡文海老师yyds！
141999,6732,胡文海,2021-11-03 10:17:36,-11,17,28,非常好
142081,6732,胡文海,2021-11-05 08:31:30,7,32,25,胡老师人超级好，是很认真负责的老师。我之前对日语学习有些迷茫，压力比较大，但跟胡老师聊过以后就慢慢找到方向了，现在我也很难忘记老师一边鼓励我一边开导我安慰的样子😭真的很温柔很善良。上课时老师会给我们补充很多课外的东西，真的收获了很多。感觉老师自己对于学术的坚持与热爱是非常坚定和强烈的，希望老师可以越来越好啊！！我们都要好好坚持自己真正热爱的东西呀！！！
148189,6732,胡文海,2022-01-12 00:19:11,-13,22,35,特别温柔特别好说话的一个老师 给分超好我真的会谢
186529,6732,胡文海,2024-01-11 13:36:33,-12,19,31,真的很喜欢老师上的基日三，能学到很多东西🥺老师也真的很温柔，超级爱
186556,6732,胡文海,2024-01-11 17:36:52,21,34,13,老师真的是一位非常优秀非常有涵养的老师 上课也是内容很丰富很满 扩展很多学到的很多 但……考试实在太硬太难了 扩展的都会考我真的记不住记不住啊老师😭
194198,6732,胡文海,2024-06-22 12:23:51,18,27,9,给分也太差了，真的无法接受，讲课还可以
194567,6732,胡文海,2024-06-25 12:10:41,6,20,14,不推荐。
197648,6732,胡文海,2024-07-24 03:22:22,26,53,27,毕业后一段时间了，终于有勇气来到这个匿名平台写下我想说的话。\n\n\n\n平心而论，胡老师以前人挺好的，讲课也挺好的，知识面很广，很谦谦君子的感觉。\n\n\n\n但最近两年变化特别大。很容易生气，严厉到不近人情，只会竭尽所能为难学生。不知道是不是在学校受的委屈统统都要撒到学生身上。\n\n实用语法，莫名其妙就改成古典语法，因为觉得“实用语法没什么好讲的”。是老师自己只会专攻古典语法才会这么觉得吧？!我们班那么多致力于换专业日本留学或用日语工作的，致力于日本文学研究的几乎没有。实用语法显然要更适合我们一些。无法理解。\n\n至于古典语法更是难到大家纷纷组队通宵燃烧生命才勉强合格。\n\n\n\n连续三四个学期，他教的好几门课，我看到期末成绩直接哭出声，我感觉我的一切努力都是笑话。不明白天上下刀子都没缺勤一次的我是哪里得罪了老师，让他频频打出这样一个极具侮辱性的分数。\n\n（隔壁专业和我申请同一个梦校的同学却反映他人很和蔼，给分很友好。唉，第一次见到对外专业这么宽容，对本专业亲学生这样狠的老师。可能日语专业的学生却没和他一样专攻热爱古典文学就是原罪吧。可能我们不配学日语专业吧。）\n\n\n\n也许如果哪天他能看到我的评价，可能会有所转变，可惜我已经离开这里了，我的成绩钉在那里不会改变了。\n\n\n\n虽然我幸运，最后我的二手准备派上了用场，不至于沦落到无学可上，但我永远不会忘记，就因为他的心情不好，导致我拿着几个莫名其妙的超低分，永远和我四年的梦校失之交臂了。
197720,6732,胡文海,2024-08-04 10:45:35,-3,28,31,非常认真负责又具有学术素养的老师。讲课很生动有趣。老师本人是有许多幽默细胞的，上古典文法课，就连我这种菜菜的学渣最后也能学会读古日语。只要学习态度认真，感觉胡老师都是很亚撒西的~在老师的指导下进入了古典文学的世界，然后一发不可收拾，只能说胡老师赛高！\n\n\n\n至于评论区所说的给分问题。\n\n\n\n如果不是抱着一颗敬畏的心做学术的话，起码要具有基本的尊重老师，尊重日语的能力和态度吧？如果没有的话，为什么要选择浙大日语学科呢？想要浙大名头却不愿意建设学科，甚至连最基本的尊重和学习态度都没有，收到的给分低，到底是老师的问题，还是学生的问题？
197724,6732,胡文海,2024-08-04 13:24:12,-6,25,31,无论是备课还是上课都非常认真的老师。虽然老师的专长古典文学，但绝非那种把自己的意志强加给别人的人。在老师的课堂上，也能学到很多地道的日语表达以及日本文化的知识。给分上老师也没有为难过任何一个学生。老师非常尊重每个人的选择，如果在学习上有什么困难，可以直接给老师讲，老师都会很热情地帮忙解决。\n\n评论区无端批评老师的言论可谓是莫名其妙。首先，语法这门课是门选修课，老师在第一节课的时候就把授课内容讲的清清楚楚了，如果有人觉得难度太大，为什么不选其他的课？其次，其次，老师的评分一直很公正，所有试卷都有学校存档，如果有异议可以申请查看，何必在一个匿名平台上供给老师呢？自己没有申请的理想的学校就把所有的责任抛给老师，未免太部分责任了吧。这位同学应该首先先反思一下自己有没有问题。
197738,6732,胡文海,2024-08-07 07:06:53,-10,20,30,胡老师学渊博广识，备课特别认真！课程内容充实丰富。有些自己不努力就过来说老师不好的同学，在没有了解老师的辛苦付出之前，就凭一己臆测（还是不成熟的臆测）诽谤老师真可谓是见识浅薄。努力了不成功这人生常事。问题是看努力的方向和效率吧，自己瞎熬夜也不知道背没背下来，最后考不好也要泼老师脏水吗？学校也不是脑内科，治不了自我感动症。\n\n        人无完人，但胡老师是非常努力的人，严于律己能做榜样，楼上那位仁兄你确定换个老师你就全科一百了？那不是白日做梦吗。就凭熬夜还学不会，那也该看看是不是自己的问题了。你配不配学日语咱不知道。但是你确实不配上胡老师的课，这显而易见。
197740,6732,胡文海,2024-08-12 15:48:42,-20,21,41,胡老师是非常非常好的老师。\n\n四年来在胡老师的课上学到了很多很多。记得胡老师每节课都会补充很多知识，比如精读课上胡老师会尽可能以课本为依托、拓展新的词汇和惯用句等等，而且老师还会给每位背课文的同学逐字逐句地纠正发音，这些都对我们的日语学习起到了很大的帮助。非常幸运能够遇到胡老师这样的好老师。我没上过胡老师的古典文法课，但是作为在专八考试之前试图抱佛脚自学古典文法、最后连蒙带猜的人，实在是很羡慕那些上过胡老师的古典文法课的同学。\n\n\n\n更新：匿名不是可以随意抹黑老师的理由。
197767,6732,胡文海,2024-08-12 04:08:26,24,49,25,胡老师，你有发过C刊吗？
197772,6732,胡文海,2024-08-12 08:52:02,42,68,26,直接快进到大众点评给差评入刑
197773,6732,胡文海,2024-08-12 13:08:12,33,54,21,因为一条稍长的差评就跳脚甚至报警，除了让人感觉到你的脆弱和滑稽以外没有任何用处。【学生】在【匿名教评系统】发表【对老师的负面评价】这一行为根本就没有侵犯任何人的权利，学校官方每学期期末的教评不也是声称匿名的吗？但是很少有人在那里给老师打差评，各种原因应该不需要额外说明吧？査老师这个平台最初存在就是为了跳出前面那个规则怪谈给学生和老师双方一个机会，学生可以在这里发表对老师的负面评价提醒后来者，而不至于真的影响老师的职业生涯和自己的学生生活，老师也可以在这个平台上看到同学真实的想法从而改进自己的教学方法。本该是双赢的事件却被形容得好像厕所，真是时代在召唤但是召唤的是上个世纪啊。\n\n教与学本身就是双向的，【学生认真学了但老师感受不到】和【老师认真教了但学生感受不到】这两种情况都有存在。学生从来没有当面说过什么，一直等到毕业才来发表差评，甚至在开头还先认可了老师的优点，看到有学生直白地讨厌就认为这是诋毁。身为老师，却连这种程度的异议都容不下，若是才学如气量，那可真是一眼望得到头了呀。\n\nps.其实没什么好说的，但是致敬一下。感受到了高质量的幽默，非常感谢。\n\n二编再ps.坦率承认自己气量小很棒！用学生的未来发展来施压也可谓是强而有力！
197774,6732,胡文海,2024-08-12 12:08:56,-9,19,28,学术道路的启蒙老师。在学校混了两年，直到遇见胡老师，才终于有了一些学术的概念，才终于知道做一名学者是一件多么酷的事！
197775,6732,胡文海,2024-08-12 12:14:30,32,49,17,大受震撼。\n\n那条评价甚至都算不上差评吧，把它当证据拿去报警，警察可能看了都想笑。\n\n您之前的人生该是有多顺风顺水，才会让您这么容易就怒火攻心？羡慕。\n\n\n\n另，下面几条很长的反击评论，不管是您拉来的人所写，还是您本人撰写的，都难免会显得有些可怜。\n\n\n\n另另，如果您认为我的评论也构成对您的人格的侮辱，请随时报警，查我ip，给我发来律师函。
197777,6732,胡文海,2024-08-12 12:43:25,-9,21,30,匿名并不是你们抹黑，污蔑一个老师的通行证。你以为的片面的、不具有考证性的主观评价，却可能对整个浙大日语所古典文学的走向带来负面影响，追究责任怎么了？老师是一开始就这么具有攻击性的吗？你们难道可以扪心自问，真的有好好对待老师的课吗？真的有以严谨治学的态度研究日语吗？不敢当面对质一味在查老师刷恶评，真是又蠢又坏。\n\nShame on 众多负面评价的发起者。
197778,6732,胡文海,2024-08-12 12:49:06,-5,18,23,不是水军，甚至胡老师的很多课成绩都很一般、、但是实在看不下去日语所一些学生拉帮结派给老师抹黑打差评的行为了。对这个老师无感，但也不至于到评论区说的那么抽象的地步，，，师生关系矛盾到这个地步，肯定双方都有问题，给我一种浙大日语所要完蛋了的感觉。老师可能是好老师，但也有可能就被你们这些人气走了，哎
197779,6732,胡文海,2024-08-12 12:56:12,20,35,15,一口一个日语所，一口一个集体荣誉，这种程度的批评都接受不了还有什么可说的？\n\n报警等于维护集体荣誉吗？\n\n在大群里把矛头指向某位同学是在乞求进步吗？\n\n都做到这个份上了，就别再指控别人怎样利己主义了，现在无比利己的另有其人。
197781,6732,胡文海,2024-08-12 14:23:37,4,12,8,大受震撼
197782,6732,胡文海,2024-08-14 10:31:23,23,33,10,"【时间线】\n\n7.24 勇敢桑发布长评\n\n\n\n8.4 出现集体好评\n\n\n\n8.7 出现集体好评，另一个评论区老师也出现好评\n\n\n\n8.12下午 老师本人在专业大群中表示已报警，将发律师函，得到一些同学和一名老师的支持\n\n\n\n随后 查老师出现多条新的学生评论\n\n\n\n8.12晚上 老师本人在专业大群中表示，“某人和某人也就会拉水军”，“自己不会拉水军给自己刷屏，甚至自己评价”。老师也表示会将他们的试卷发给他们未来学校的国际处。\n\n\n\n随后 老师已退出班级群聊。某人和老师沟通，在班级群\n\n公布两方聊天记录，记录中似乎达成三方之间的谅解。另一位同学在群聊中表示希望得到清白。老师在聊天记录中表示让大家不要胡乱猜疑。\n\n\n\n8.14 老师本人在专业群中向前文一同学道歉。老师表示，因为自己表述""不够周全”，是他的疏忽导致这个同学被怀疑，经查实与该同学无关。他向同学道歉。他再次呼吁“网络是把利刃”。\n\n\n\n随后 该同学回应，希望各位同学今后如果有任何困惑都能及时与老师们沟通。\n\n\n\n随后 另一位老师点赞，表示日语所的老师们都很关心大家。\n\n\n\n随后 该老师“顺便”发布一条实习相关信息。\n\n\n\n随后 该老师表示毕业生原来还在群里啊，欢迎大家去校友群里交流。\n\n\n\n随后 毕业生被移出群聊\n\n\n\n【我不追求真相，我只相信记录的力量】"
197789,6732,胡文海,2024-08-13 06:26:17,13,24,11,不是这个专业的，没上过这个老师的课，更不是什么雇来的“水军”，纯路人一个。但了解到这个事情，再结合最近98的瓜，感觉最近我浙抽象的事情属实有点多，竟然老师群体都能这样。\n\n做老师的应该知道，千人千面，学生的评价有好有坏，这都很正常。查老师上不是所有老师都是10.0满分的吧，如果每个老师看到一条差评就报警，是不是不仅违背了网站的初衷，也浪费警力呢。\n\n面对这样一个再正常不过也没有辱骂性语言的评论，就拿学生的升学作为威胁，这不是一个老师该做出来的事吧？\n\n如果警察调查结果出来学生并没有虚构事实恶意诽谤的话，那是不是属于编内公职人员为自己做伪证了？当然如果不在编那另说。。。如果这位同学真的升学受影响了，那我觉得倒可以再立案调查一下
197792,6732,胡文海,2024-08-13 07:41:14,8,19,11,可以相信这里的匿名功能，技术手段是无法查询评论者信息的，如果查询出来一定是社工手段，不排除评论里出现的大量正面评价中有一些是同学，向老师提供了信息查出来是谁的。\n\nip肯定是查不到的
197794,6732,胡文海,2024-08-13 08:34:10,2,17,15,可笑至极，哈哈
197796,6732,胡文海,2024-08-13 11:49:32,-5,4,9,123456
197797,6732,胡文海,2024-08-13 12:18:22,-6,16,22,1、评价不是没有依据想当然的揣测，匿名评价平台不是发泄自己情绪、把自己的低分原因全部扔给老师的臭水沟。请勿合理化你的抹黑行为。\n\n2、如果真的有水军，因为你所谓朋友关系就在这乱踩也是很可笑。\n\n3、有条写时间线的我特别认可，8月12日开始所有好的评价都被踩到负数，几条最开始发泄情绪的评价冲上前列，这也很奇怪吧？请保持你清醒的判断能力。
197798,6732,胡文海,2024-08-13 12:39:11,-3,12,15,上个老师的课，老师很热心很温柔的
197800,6732,胡文海,2024-08-14 03:43:32,-3,15,18,很可悲
197802,6732,胡文海,2024-08-13 18:05:21,2,14,12,仔细一看这么多年的研究业绩，我悟了
197812,6732,胡文海,2024-08-14 22:59:53,33,41,8,我们任何人都知道一个事实，他破防最核心的原因，压根不是因为有人给他打差评。\n\n那个所谓的差评写得相当客气，他要连这都受不了，他当自己是谁呢？当自己比校长还牛吗？\n\n他破防的真实原因，其实底下已经有人指出来了：“你发过C刊吗？”\n\n说到底，他今年要是发不出C刊，明年很有可能就得走人（非升即走六年）。问题是他真没发过，这种情况谁碰上都着急。\n\n\n\n但这不是口不择言的理由。抽风并不能帮助他解决目前的局面，倒是很有可能给他带来更大的麻烦。\n\n因为他一抽风，很多人都明白了这是怎么回事。这下他想糊弄都糊弄不了了，发不出论文恐怕是真要走人了。\n\n这到底是给别人添堵，还是给自己添堵呢？
198413,6732,胡文海,2024-09-08 15:33:57,-3,5,8,见仁见智吧
199848,6732,胡文海,2024-10-03 16:00:59,1,12,11,躺着躺着ptsd发作，想起了这位老师的刚愎自用，念起了这位老师的道貌岸然，种种…
199988,6732,胡文海,2024-10-10 09:40:38,2,9,7,治学谨慎
201277,6732,胡文海,2024-10-31 03:55:34,0,10,10,见人，若之
207338,6732,胡文海,2024-12-20 15:06:07,-6,8,14,攻击老师的人，请问你是否认真对待学业、学术，希望自己反思一下，而不是四处攻击。网络不是不法之地，“匿名”也是国jia的移动基础设施的前提，请有些破防的同学自重，对自己的言论负责。我认为胡老师治学严谨，坚持原则，跟同学们关系融洽。至于某些人拉水军拉踩，希望你多少年后不要被自己的愚蠢言论后悔。
208917,6732,胡文海,2025-01-03 11:08:06,-1,7,8,胡老师真的是一位好老师，很负责，治学比较严谨，想要好成绩就要努力，只要上了课自然就会感受到老师的学识渊博。之前在网上攻击老师泼黑水的，给老师造成了很不好的舆论影响，事实完全是颠倒的，只因为老师求是就恶意诋毁，完全是无理的。
209178,6732,胡文海,2025-01-05 02:22:09,5,7,2,😭😭😭谢谢老师，很热心很温柔的一位老师，学的这么烂还是给我捞过了🙇🙇🙇万分感谢
209371,6732,胡文海,2025-01-05 16:11:16,6,7,1,讲课非常深刻，会拓展很多东西，期末巨捞😍😍
209911,6732,胡文海,2025-01-07 11:39:15,1,5,4,太捞了！！！！😍😍😘😘
212267,6732,胡文海,2025-01-13 15:38:47,2,6,4,莫名选到绩杀课，赶紧退了\n\n非日专，期末不会考我品词分解吧
132874,6855,Will Greenshields,2021-02-04 09:25:36,11,11,0,非常棒的老师，赞！
133733,6855,Will Greenshields,2021-03-04 09:25:55,9,10,1,老师好帅
151314,6855,Will Greenshields,2022-02-28 09:59:02,9,9,0,Kind and humorous. A very good professor!
156160,6855,Will Greenshields,2022-06-18 03:44:41,17,17,0,老师真的好帅，外院最帅的外教，还健身身材好好！讲课也很不错 任务量感觉还是比较小的 一个学期1篇1000words的期中论文 1篇1200-2000的期末论文 分还没出但是老师真的很不错！
185726,6855,Will Greenshields,2024-01-04 02:11:55,5,5,0,老师很帅，人很好，很愿意解答学生问题
190252,6855,Will Greenshields,2024-02-26 13:31:16,4,4,0,天呐老师太帅了，声音很好听，讲课逻辑清晰，感受到他对文学的热爱
199263,6855,Will Greenshields,2024-09-20 05:51:52,9,9,0,老师很好啊，怎么那么少人评
168466,6895,杨清,2023-02-17 09:16:44,0,1,1,老师很好，不为难学生，英语过了，特意来评价！！！
170339,6895,杨清,2023-03-03 03:17:08,-1,1,2,非全英语选的杨老师的课，非常体贴的老师，给分也很高，选她选她选她！
189626,6895,杨清,2024-01-26 06:08:05,-1,0,1,非全英语课，课堂压力很小，不为难基础差的同学，平易近人比较好沟通。就是上课形式上横向对比，比较单调。给分不错。
199519,6895,杨清,2024-09-25 02:23:29,1,1,0,一直点名 疯狂点名
222024,6895,杨清,2025-06-29 03:23:15,0,0,0,每节课都随机点名回答问题，课堂气氛比较紧张，但答不出来也没关系，老师人挺温柔，会耐心引导你。总体很满意，能学到点东西！
175823,7022,刘莹,2023-06-27 01:20:00,0,21,21,给分一般…很烂…
176489,7022,刘莹,2023-06-29 10:39:00,-1,18,19,出的难不捞就过分了啊...
176591,7022,刘莹,2023-07-13 00:17:21,0,14,14,日本概况某些题出太偏了TAT
178607,7022,刘莹,2023-07-16 15:00:32,7,27,20,很负责的干货姐，挺好的赞个，每节课时间都过的很快
179501,7022,刘莹,2023-09-17 16:20:07,4,22,18,好课 顶级 是学生水平太低 上课不知您所云
179502,7022,刘莹,2023-09-17 16:24:36,0,19,19,不想说，懂得都懂
179915,7022,刘莹,2023-09-20 03:36:22,-4,15,19,老师如果你玩原神的话我还能帮你说话，可惜你不玩原神。
181276,7022,刘莹,2023-10-13 01:49:24,9,23,14,水平非常高，能学到很多知识在里面
181278,7022,刘莹,2023-10-13 01:54:26,-1,15,16,跟咱们文超姐有一拼
181404,7022,刘莹,2023-10-17 04:24:14,4,21,17,作为学者很优秀，作为老师不合格
184307,7022,刘莹,2023-12-16 11:29:23,21,35,14,这么好的老师为什么评分这么低呀呜呜 刘莹老师超温柔讲课也超好呜呜 我那么废物还每次都鼓励我啊啊啊啊我真的特别特别喜欢😍
184535,7022,刘莹,2023-12-21 12:46:38,7,20,13,喜欢老师的日本概况课，总是能学到很多知识
187228,7022,刘莹,2024-01-15 08:02:45,9,26,17,讲课内容丰富，很求是，期末也很捞，顶级老师！
187403,7022,刘莹,2024-01-17 03:35:17,1,19,18,感觉老师有点偏心，出的难，不捞，鼓励卷风。
188184,7022,刘莹,2024-01-18 11:08:18,8,20,12,非常好的老师
189202,7022,刘莹,2024-01-22 10:11:04,4,18,14,顶级！
189335,7022,刘莹,2024-01-23 09:16:15,8,22,14,老师很认真也一直在鼓励我，我也会继续努力，老师也在很努力教好我们了
194199,7022,刘莹,2024-06-22 12:25:07,0,15,15,出题不管学生死活吗
194560,7022,刘莹,2024-06-24 11:04:53,0,15,15,不太适合作为老师
194975,7022,刘莹,2024-06-26 06:59:17,11,22,11,刘老师出题没有评论区里说的那么难，甚至可以说是完全不难！我期末绩点和日语水平并不高，大概是在班级中等甚至是偏下一点，我自己确实也没在课程上下很大的工夫，老师已经非常非常尽力地在捞了，期末总评也过4了。\n\n另外刘老师非常考虑学生的学业压力和其他课程的情况，包括是期末考试的范围啊平时之类的，尽量在减少我们的压力。\n\n第三，评论区有同学说刘老师不适合老师，我想说的是“你行你上”。刘老师不仅在学术上很专业，而且为人正直善良，出题非常考虑学生感受也尽力地让同学们的绩点更高一些。\n\n看到评论区一些人不学无术还恶意抹黑，我真的很痛心。我与老师没有直接利益关系，我的成绩也不算特别好，真心希望各位多多反思自身，说别的“不求是”的时候多反思反思自己是否能做到求是。
194981,7022,刘莹,2024-06-26 07:26:47,9,22,13,授课热情，待人亲切，考试难易适中，会及时与同学们交流
194984,7022,刘莹,2024-06-26 07:32:59,11,24,13,顶级老师！考试难度会事先争求学生意见，给分会尽量捞到比较高，基本上只要你在学习都能4.2及以上，认真学了4.8/5.0是很轻松的。
194989,7022,刘莹,2024-06-26 07:37:30,7,20,13,老师非常好！！
194990,7022,刘莹,2024-06-26 07:40:44,9,20,11,非常好的老师！讲课内容丰富，积极与同学们交流，也会考虑同学们的个人情况调整作业与考试安排
194991,7022,刘莹,2024-06-26 07:43:13,7,17,10,不知道为什么老师的分有点低，但是老师很好啊，上课能学到很多，而且人美心善
194993,7022,刘莹,2024-06-26 07:44:29,6,16,10,老师很好！！！
194994,7022,刘莹,2024-06-26 07:49:12,5,15,10,满昏！老师非常捞！
195613,7022,刘莹,2024-06-29 04:08:31,7,17,10,老师每次都很用心的准备课堂内容，课上非常充实，也会补充一些课本之外的语法和词汇，这些超级实用！\n\n老师人超级好ヽ(*≧ω≦)ﾉ，会很耐心的解答问题，也会鼓励我好好学习！
195827,7022,刘莹,2024-06-30 06:15:26,8,17,9,老师比较求是，但也会尽力捞学生（虽然我卡绩了，但是我相信这是老师给我捞到这一档最高了哈哈哈）平时相处很温柔轻松
196187,7022,刘莹,2024-07-02 05:48:33,3,14,11,很喜欢ly老师😍
197711,7022,刘莹,2024-08-03 11:21:58,1,13,12,还不错
197739,7022,刘莹,2024-08-13 08:10:42,-2,18,20,非常好
197801,7022,刘莹,2024-08-13 15:52:46,5,11,6,私以为刘莹老师算是日语所很会讲课的老师了，人也算随和。不清楚之前什么课什么事情招致了很多恶评。查老师有时沦为情绪宣泄的战场，相信像刘老师一样有气度的老师是“宰相肚里能撑船”的。\n\n\n\n不过，之前还有这样一条关于老师的评论，居然被原作者编辑掉了，只剩下寥寥几字对老师的夸赞。还好，互联网有些时候是可以有记忆的。现将这条精彩的评论“如数奉还”，以飨读者。\n\n\n\n------分割线------\n\n刘老师上课认真，对学生负责。在当今社会中真的是难得的好老师。非常感谢刘老师一直以来对我的指导以及鼓励。\n\n居然还有差评，你们真的利己到没有一点思考能力吗？\n\n会觉得日语所rj课比较好的同学，请你赶紧换个地方去投机好么。不要在这里显示自己的无知的同时还侮辱老师。\n\n\n\n------分割线------\n\n\n\n有理有据，充满溢美之词的一条评论，可惜无缘无故拉踩了另一位老师。不得不说，最后一段这个离题且惊险的跳跃，给这段文字增添了许多神秘的色彩。\n\n\n\n可是，如果心里没有鬼，为什么要编辑呢？\n\n\n\n说谎的人，要吞一千根针。\n\n\n\n这句话还是从日语俗语来的吧。\n\n\n\n您说巧不巧吧。
198914,7022,刘莹,2024-09-13 01:41:07,8,8,0,老师正直有原则但是很温柔，会为学生们着想
202080,7022,刘莹,2024-11-09 04:57:15,5,6,1,刘老师为人非常正直，对学生很温柔，但对专业要求很严格，是不可多得的好老师
208121,7022,刘莹,2024-12-25 23:26:02,8,8,0,必须要打十分hhhhh！
208918,7022,刘莹,2025-01-03 11:12:10,7,7,0,刘莹老师一位特别好的老师，有时候温柔到害怕老师被同学欺负。专业知识过硬且温柔如春风，怎么忍心不努力学习！
209179,7022,刘莹,2025-01-05 02:25:13,6,6,0,最喜欢的老师，课下很温柔课上很负责，很有原则但是人也很真诚的一位老师😘
209912,7022,刘莹,2025-01-07 11:41:48,4,4,0,😍😍😍
210579,7022,刘莹,2025-01-09 11:32:27,5,5,0,太捞了把我会话都捞上来了😋\n\n无论是做学术还是上课教书 老师都认真到极致
211698,7022,刘莹,2025-01-12 08:09:01,3,3,0,巨爱刘老师❤️❤️❤️
214616,7022,刘莹,2025-02-15 00:47:32,1,1,0,新学期期待老师的新课！
215612,7022,刘莹,2025-03-03 00:49:31,2,2,0,新学期依旧能听老师的课，巨开心！知识量大生动有趣！老师上课总是那么热情饱满，哈哈哈
126222,7427,张雯婷,2020-09-20 04:37:15,0,0,0,直接10分
131989,7427,张雯婷,2021-01-30 01:54:47,0,0,0,替qzj同学来打个10分
142290,7675,David Machin,2021-11-10 02:03:50,1,1,0,Machin老师的课堂很风趣，人也很帅www
145145,7700,杜磊,2021-12-27 16:52:48,12,19,7,太好了老师，yyds
159582,7700,杜磊,2022-08-20 12:20:59,1,5,4,杜磊yyds，很用心，喜欢和同学交流，很有亲和力！！！
185243,7700,杜磊,2023-12-27 08:45:28,5,9,4,应用文体翻译课，老师超级可爱，上课认真，很有共情能力的老师，上课压力很小，课堂氛围超级棒
185905,7700,杜磊,2024-01-05 15:40:11,3,8,5,老师很不错的，不知道给分怎么样\n\n亲和\n\n但是翻译这个东西确实难
187298,7700,杜磊,2024-01-15 12:12:22,2,7,5,应用文体翻译，还没有考试不知道老师给分如何，但上课真的亲和力很足，能感觉到是那种希望学生真的能学会一些翻译技巧、很喜欢英语而且自身态度也很认真的好老师，就凭课后会在钉钉群里说对自己上课翻译的内容不太满意，重发了一个答案让同学们思考这一点就值得一个十分
189865,7700,杜磊,2024-01-31 11:38:49,4,9,5,想象一门外语课，考试只需要写中文，神中神
190024,7700,杜磊,2024-02-11 02:36:09,3,6,3,应用文体翻译吹爆！老师真的很亲和，温文尔雅，也是我有生以来遇到的对学生最不吝惜说谢谢的老师。前面说在钉钉群重发翻译的那个真的深有同感！！！当时就被戳到了！考试不难，最终给分也好
190477,7700,杜磊,2024-03-05 12:38:03,4,7,3,真的很好的老师，教学很生动，给分也很好，每次上课都会说“我们一起来换一换脑子”，带我打开翻译的大门，超爱杜老师！
193037,7700,杜磊,2024-06-03 02:09:39,3,7,4,非常有亲和力的老师\n\n谦谦君子温润如玉
204626,7700,杜磊,2024-11-27 06:11:46,3,6,3,超级好的老师，应用文体翻译只要平时上课听了一点课，然后完成他布置的作业，考试就完全没有问题，还有很多课上讲过的原题，老师给分也超级仁慈，很有亲和力，都去选！而且真的能学到东西！
205412,7700,杜磊,2024-12-06 03:40:52,-5,10,15,真想拿根棒球棍给他来两下 杜磊你知道你每天上课都在干什么吗
206849,7700,杜磊,2024-12-18 03:07:44,-2,9,11,穿衣风格像“卧槽恶俗啊”那只绿色青蛙 上课过程更是让人直呼“卧槽神经病啊”
206982,7700,杜磊,2024-12-19 02:24:22,-11,7,18,给分还不错，但是上课极水不知所云，无法完成的教学任务就将压力转嫁学生，喜欢在课上对自己不理解的领域大发议论，很典的国男发言！！！
210542,7700,杜磊,2025-01-09 10:24:04,3,3,0,应用文体翻译\n\n挺有意思的，老师人很好
213024,7700,杜磊,2025-01-15 15:58:13,0,1,1,是不是有好几个dl啊\n\n感觉老师人挺好的，当然翻译确实难
213801,7700,杜磊,2025-01-20 04:13:57,1,1,0,老师会点名，建议每次课都去，虽然是英语但上课还是挺有趣的，期末考试对我来说稍微有点难（词汇量不够一直翻字典）但是老师特别特别捞，最后一题只写了一半都捞上4.5了，太太太太感谢了QAQ
213822,7700,杜磊,2025-01-20 06:43:14,1,1,0,老师超级好 平时必须每次课都去 不然成绩别想好，只要认真学，分数肯定高，而且毕竟是翻译课，讲实话并不难，只是期末考试的题量太大了，我稀里糊涂写完最后几题，但也有93
122225,7791,MatthewReeve,2020-02-20 05:37:57,13,20,7,上了句法学课，每周以邮件提交作业，他总会回复比作业字数多很多的评论。上课语速特别快，最后也没适应，句法学后半部分几乎完全是自学。但他的那种敏锐、犀利和明显表露的好奇心，十分另我难忘。
154406,7791,MatthewReeve,2022-06-01 03:06:26,-1,2,3,耐心，有幽默感
158108,7791,MatthewReeve,2022-06-27 04:42:51,-2,1,3,认真考试写论文还这样。。
158176,7791,MatthewReeve,2022-06-27 10:19:14,-2,1,3,分还没出来，说真的老师上课我没听懂，但是看得出老师有尽力要让我们听懂，还有学在浙大的讨论区也是很积极回应。还有老师不愧是名校出来的，测试那些我觉得难度都蛮大，不是死板板地出一个可以照搬答案的题目。还有要选语法的慎选，特别是外专业，我觉得难度挺大的。
158423,7791,MatthewReeve,2022-06-29 06:37:59,6,6,0,笑面虎了属于是
165802,7791,MatthewReeve,2023-01-09 18:16:01,-4,0,4,当代语言学对我来说真挺难的，最后尽力写了论文，给分还挺好的。
174452,7791,MatthewReeve,2023-06-12 09:58:54,-1,2,3,绩杀之王
192536,7791,MatthewReeve,2024-05-23 07:08:24,-4,0,4,声音太轻
127259,7871,邵斌,2020-11-18 03:54:28,23,24,1,关爱学生的老师
131603,7871,邵斌,2021-01-28 06:39:32,7,7,0,老师人其实很好！笑话有点冷哈哈哈哈
132006,7871,邵斌,2021-01-30 02:28:52,15,15,0,老师很可爱哒！我上的是写作课，但是英语写作1真的很简单所以老师会经常分享他的生活啊他的科研啊他的人文精神啊。他总说他最擅长的其实是语言学，所以他下学期要新开一门词汇学的课。而且真的可以看出他很热爱英语！他曾说他本科的时候并不是英语专业的，只是因为热爱罢了，才一路走到现在。总之是很关心学生的老师啦！
133420,7871,邵斌,2021-02-28 05:10:56,6,8,2,很认真负责的老师，人超级好！给分也很不错
133623,7871,邵斌,2021-03-03 03:12:16,7,7,0,很可爱
137932,7871,邵斌,2021-07-06 16:01:55,6,7,1,英语词汇学，老师人蛮好，但是给分有点低，可能是我论文没写好
138567,7871,邵斌,2021-07-10 00:58:52,-7,6,13,斩获四年最低绩点，真滴厉害
138626,7871,邵斌,2021-07-10 04:23:32,6,8,2,老师讲课很有意思，对学生很关心。但英语词汇学一共三次小测，第一次小测要看两本书，第二次要看一本，虽然预留时间有两周，但个人感觉还是看不完，小测导致总评已经扣了十分orz希望老师能够再细化一下考核方式，在开始上课时就明确考核方式可能会好一点
139100,7871,邵斌,2021-07-12 23:12:14,13,14,1,很好地老师！是那种能叫出名字的那种，英语垃圾在词汇学获得外语类最好成绩。老师真的很好！认真背，分不会低！选他！
141776,7871,邵斌,2021-10-25 10:16:34,7,7,0,老师人很好的！上课喜欢讲冷笑话哈哈😊
143576,7871,邵斌,2021-11-27 12:36:28,11,11,0,帅哥人巨好！巨帅！超级温柔，学术也做得好！理想型了简直。话说回来，词汇学认真背了，学到了很多东西，非常感谢邵老师！有机会再选！
144032,7871,邵斌,2021-12-16 08:42:16,5,5,0,老师人很好，上课内容的话按部就班，但是会时不时有些小惊喜，比如以游戏的方式开展词汇学练习。人还很帅哈哈哈哈！
151405,7871,邵斌,2022-03-02 12:08:46,1,2,1,追求自由（in a good way）的老师
164776,7871,邵斌,2022-12-26 03:52:50,6,6,0,实习瞎打分。。。
167428,7871,邵斌,2023-01-16 07:51:17,2,2,0,英语词汇学（通识）给分超级无敌好，老师人也特别好！！！！强推
190419,7871,邵斌,2024-03-02 08:56:08,0,0,0,喜欢做学术的一定要去上他的课，什么课都可以，前沿的东西很多，但不会弄得花里胡哨的，用很好操作的方法讲出来，而且时不时抛出几个idea就是一篇文章（当然，很多老师都会抛一些idea，但大多数是这种：“你可以去对比一样xxx和xxx的区别。”但是具体怎么对比一概不知。但邵老师课上抛的idea可操作性非常非常强），有能名师！
205978,7871,邵斌,2024-12-13 02:33:14,0,0,0,英语词汇学给分好
135345,7943,张炼,2021-05-08 08:32:04,9,10,1,快逃.jpg\n\n上的是语言史，怀疑她根本不懂\n\n上课非常滥竽充数\n\n就是读书/PPT\n\n问了问题也回答不上来\n\n还做一些让人感到不舒服的行为掩饰自己的窘迫\n\n千万别去 学不到任何语言史知识
149325,7943,张炼,2022-01-15 05:50:47,-5,4,9,老师人很好！学术水平很高！！
151378,7943,张炼,2022-03-02 01:54:24,1,2,1,求求了，带个扩音器😭😭😭
169573,7943,张炼,2023-02-27 03:45:50,2,2,0,上课读诗水时长 老师有点幽默、
170511,7943,张炼,2023-03-20 03:17:41,2,3,1,老师别念啦。。。能不能，讲点东西，救命\n\n不会讲课可以不讲
180864,7943,张炼,2023-09-27 08:57:29,0,0,0,怎么做到上课就读PPT最后还能拖堂拖那么久的，成功让我下节课美美迟到😅
200530,7943,张炼,2024-10-18 09:28:58,0,0,0,上一次她的课你就被她缠上了\n\n以后任何学院她负责的活动都会push你去帮忙，或者参加，完全不考虑是否在期末周之类的
136315,7974,宋晨晨,2021-06-16 07:15:21,8,17,9,新老师，上课有很多有趣的视频，鼓励讨论练习口语，非常非常积极听取学生建议，而且他说英语好好听
137382,7974,宋晨晨,2021-07-03 15:43:12,5,11,6,上课很水，老师人挺好但给分很差，不管是小测还是书评影评给分都很严，也不捞人，想水的可以选，追求高绩点的就别了，不学很容易挂的。
139700,7974,宋晨晨,2021-07-20 10:36:25,6,10,4,老师交的挺认真的，记住了我们（应该是所有人？）的名字，但是给分确实....挺迷的，全班最高可能也不是很高
144204,7974,宋晨晨,2021-12-20 11:25:09,4,4,0,嗯，，Ծ^Ծ，，老师人挺好的
146866,7974,宋晨晨,2022-01-08 00:02:07,-1,2,3,上课可以水，但给分想骂人
146888,7974,宋晨晨,2022-01-08 14:24:53,1,1,0,给分确实迷，不在乎绩点的可以选
147577,7974,宋晨晨,2022-01-10 08:48:42,3,3,0,老师非常温柔，三周以内记住了所有同学的名字。主要注重口语，鼓励同学多说，知识点还得考自己
150855,7974,宋晨晨,2022-02-20 01:19:13,13,15,2,宋老师很和善，英语水平也很高，口音特别好听，上他的课非常享受。不过作为一个新老师，他确实经验不足，也不懂捞人，绩点可能不会很好看。事情不是很多，两篇小作文，一次pre，平时也不默写之类的，都靠自己。大英本身期末占比很大，好好背课本单词就行。
151125,7974,宋晨晨,2022-02-23 08:52:10,1,1,0,觉得老师人不错，口语好，很温柔很耐心，希望绩点别那么难看捏
152284,7974,宋晨晨,2022-04-01 07:58:49,4,4,0,大英四，应该是新老师，目测香港人，很和蔼文雅，说话很温柔，两个作文一个书评一个pre，会很耐心倾听同学的建议，给分不懂会怎么样，老师我爱您求求您打高点分
154283,7974,宋晨晨,2022-05-28 08:24:08,2,2,0,老师人真好！讲课准备的好认真哦，英语水平也很高，而且特别温柔和蔼，一直笑呵呵的，很会鼓励和引导学生。是我这学期最喜欢的老师了。
154431,7974,宋晨晨,2022-06-01 09:08:41,4,4,0,老师应该是香港人，口语很好，上课很认真，也很负责，每单元会叫人上黑板写单词，温柔和蔼，就是不知道给分如何
155469,7974,宋晨晨,2022-06-13 08:36:54,5,12,7,建议大家去欣赏一下宋老师的主页，纯纯的狠人。老师是研究语言学的，貌似是正经走的代数、计算理论那一套。我作为cs的学生看了他两篇论文瑟瑟发抖，感觉老师去理工科执教也完全没问题….
155680,7974,宋晨晨,2022-06-15 07:33:05,1,2,1,老师给分太狠了，我接受不了，辛辛苦苦学了一个学期
161788,7974,宋晨晨,2022-11-14 04:11:16,5,5,0,小宋宝贝（悄咪咪这样叫应该没有关系吧呜呜）是我最喜欢的英语老师（呜呜）真的很好，非常温柔，经常会鼓励人，声音也很好听
165358,7974,宋晨晨,2023-01-02 12:20:15,4,9,5,如果有选择的空间，建议大家不要选他的大英课，平时看着很和蔼，一直说no worry，但到最后才知道给分真的一个字——绝，表现分（老师可以自己决定的），远比其他老师低了不只一个档次，口试给分也低，英语essay查重特别特别严格，大一上以来就被给分深深地刺激了，真建议大家能run就run，如果没选择那就用120的努力去试试能不能拿到理想分数
168661,7974,宋晨晨,2023-03-10 17:24:06,4,5,1,人很温和，口语超级好。会在课间放音乐，课上带着看视频什么的（but无字幕）；会叫人回答问题，但是完全不同担心回答不好，老师会很温柔地鼓励同学的。\n\n但是！！！\n\n老师主要在做科研，在英语学习方面是不会放一点点水的。ddl会很严格，所有bookreview会逐词逐句批改，在平时分打分上卡的比较紧，也不太会捞。如果选了他的课那就需要平时好好学英语了，拿高绩点有难度。\n\n我的建议是如果预置了宋老师的课就放心选好了，老师水平很高人也很好，可以督促自己学学英语（就当为了大英四打基础适应一下\n\n更新：\n\n体验了其他老师的大英，现在超级怀念宋老师。不论是口语、态度还是对课堂节奏的把握都超级好。除了平时要求和给分比较求是没有任何缺点。
168750,7974,宋晨晨,2023-02-21 15:45:53,2,3,1,老师真的很好，人很和蔼，水平很高，对学生很负责任，我平常就按老师的要求来，作业该做做，essay该写写，最后拿到的成绩也很满意。
169684,7974,宋晨晨,2023-02-27 11:02:44,1,2,1,没有对比就没有伤害
174602,7974,宋晨晨,2023-06-14 12:38:30,2,2,0,刚刚上完宋老师的大英4，体验很好。老师很有趣，待人温和，在课间还会放歌。在课堂上，老师准备了足够的练习，针对听力和词汇，可以说非常认真。而且你想水的话也可以水，他并不会检查每个人，但如果他下来问你做的怎么样就当我没说。对于想事少分高的同学，宋老师可能达不到你的要求，但其实大英这课就很难容易地获得高分。
186286,7974,宋晨晨,2024-01-10 10:48:09,2,2,0,非常好非常温柔的大英老师
186312,7974,宋晨晨,2024-01-10 13:15:52,3,3,0,宋老师发音很好听，上课很享受他温温柔柔的，也可以看看手机水水，我英语水平自认为挺好，小测也考得比较高，但是最后绩点杀我呃呃啊啊啊！！！！
186342,7974,宋晨晨,2024-01-10 14:18:10,0,0,0,人很和善，给分很一般。。。。。
186666,7974,宋晨晨,2024-01-12 11:46:54,0,1,1,老师特别鼓励人，上课不提问，作业自主完成，单词听写不收，最后绩点上四啦
186817,7974,宋晨晨,2024-01-13 07:15:06,1,1,0,宋老师上课很温柔也蛮有趣的，但是大英这门课就比较看自身的水平，虽然认真背了单词但最后还是有点可惜卡绩了，但是但是还是谢谢老师🥹
199395,7974,宋晨晨,2024-09-23 01:29:24,0,1,1,作业贼多
209036,7974,宋晨晨,2025-01-04 09:11:45,1,1,0,很棒很好的老师
209129,7974,宋晨晨,2025-01-05 00:27:07,3,3,0,宋老师口音很标准，讲课很认真，比较注重发音，上课会有很多比较难的练习（有一个采访陶哲轩，马斯克等人的听力是真的抽象）。人也很和善，课程开始就会发出来课程相关资料（课程安排，课文和附加文件，朗读材料），会在课间放音乐，下来问同学们的学习情况。宋老师确实是激起了我对英语的学习兴趣，让我很认真的复习单词和课文。最后给分也不错，3.9很满意，感觉是被捞了不少（事实上大英给分很稀碎，本就不容易拿高分，如果不是英语特别好或者特别努力的话很难上4）。希望宋老师身体健康，工作顺利，也希望大家多多选宋老师的课，认真学外语（专业课和论文很重要）。
209140,7974,宋晨晨,2025-01-05 04:42:13,6,6,0,（求大家帮顶）\n\n宋老师是很好的一位老师！\n\n说在前面：大英这门课就是比较求是的，本人英语课参与度比较高，两次小测一次第二一次第一，其他成绩都在平均之上，最后4.2。可能是因为我期末听力爆炸了（还是自己太菜了）。\n\n如果大家还没预置宋老师，又想卷高绩点的话，可以考虑选下别的老师（但并不是说老师不好！）如果想学真本领的冲就完了！\n\n谈谈课程情况：\n\n1.平常有听写（这样小测期中期末其实更轻松）\n\n2.老师口语非常非常好\n\n3.老师知识渊博，会在课堂上发额外的资料，非常非常负责\n\n4.有一次个人pre\n\n5.老师会讲课文，里面很多语法点都会涉及，上课认真听收获非常大（比如文末的结尾就是大英课本里的 .狗头.jpg），本人也非常喜欢英语（可惜听力还是太菜了）\n\n最后，选上的同学可以安心，因为晨晨（姑且让我这么叫吧）真的很好。\n\n希望老师越来越好，天天开心🥳\n\nGotta run.\n\nRemember you always，\n\nMe (Rui)
209232,7974,宋晨晨,2025-01-05 06:27:52,1,1,0,人好倒是挺好的，就是绩点唉😭都是泪啊，咋就只有3.3呢，算了看在老师人这么好的份上，给个8分感觉不过分😄\n\n评价是想水的人选😄\n\n不想水课的人赶紧去学别的老师的课
209831,7974,宋晨晨,2025-01-07 07:58:08,3,3,0,宋老师很可爱人很好！课间会放英文歌mv，上课也是温温柔柔的。大英本身卷绩点也比较吃基础，如果想要4+可能需要考虑考虑。如果对成绩没太高要求可以无脑选宋老师！
219309,7974,宋晨晨,2025-05-24 13:55:23,4,4,0,非常好的老师，大英这种课绩点基本上是死的，没有什么捞的空间，本身就很难拿到高的绩点，不能全怪老师。宋老师英语水平和人品都是超一流！
128794,8094,李雅旬,2020-12-25 10:54:40,7,11,4,沙发。真的是十分认真、负责的老师！
129502,8094,李雅旬,2021-01-30 08:44:08,10,14,4,你这是在为难我胖虎
130605,8094,李雅旬,2021-01-24 02:23:59,18,24,6,明天听写🙃
133806,8094,李雅旬,2021-03-06 04:24:14,4,7,3,上课很严肃
133889,8094,李雅旬,2021-03-09 03:33:06,0,6,6,真的很好，听写也很好的，基础确实要打牢才好
133890,8094,李雅旬,2021-06-24 07:12:40,12,15,3,老师很温柔，会听取大家的建议\n\n(还会看查老师
133894,8094,李雅旬,2021-03-09 07:32:47,3,6,3,有亿点点羞涩但是很认真负责的老师
133897,8094,李雅旬,2021-03-09 07:49:20,0,4,4,在我日语学习最艰难的时刻给予了我最慷慨的鼓励
133898,8094,李雅旬,2021-03-09 07:50:28,-1,5,6,老师备课很认真，也很有学识，人也很好。和老师说一声谢谢你，然后，要加油加油呀！
133916,8094,李雅旬,2021-03-09 11:25:52,-1,6,7,老师很可爱呀
133931,8094,李雅旬,2021-03-10 03:28:39,0,5,5,老师超级温柔超级可爱，上课也特别认真。超爱！！
134085,8094,李雅旬,2021-03-15 10:59:31,9,13,4,球球老师这学期绩点高一点吧qwq
137541,8094,李雅旬,2021-07-05 04:23:45,0,5,5,啊啊啊啊啊啊出分了，我爱雅旬老师！！您超好！真的人也超好上课超好负责认真人也hin温柔！爱您！！！
137880,8094,李雅旬,2021-07-06 12:56:04,0,5,5,李老师特别特别特别特别好！！！基础确实必须好好打牢才行~多读多背之后感觉自己的语感和各方面的能力都有提升，希望将来还能有机会跟着老师学习www
139113,8094,李雅旬,2021-07-13 01:41:02,0,4,4,老师人超级好！！问什么问题都会很耐心地解答！希望之后还能有机会选上老师的课～～
140483,8094,李雅旬,2021-09-13 03:31:29,1,2,1,教学是一门需要不断精进的艺术~
145219,8094,李雅旬,2021-12-28 09:41:19,0,2,2,老师，我觉得挺好的，挺温柔，但是呢，喜欢点名，但是呢，习惯了，你又不觉得有什么，然后啊，学习一定要上心，你要多练口语，口语口语练，零基础，不要担心，慢慢的努力，不要和别人比较，考试都是考书上的，把书上的搞明白就可以
147687,8094,李雅旬,2022-01-10 13:03:16,0,3,3,超级温柔可爱，腼腆但是很负责认真的好老师！
150938,8094,李雅旬,2022-02-21 07:03:54,0,1,1,老师真的很有耐心
152707,8094,李雅旬,2022-04-18 14:41:51,0,1,1,老师人很温柔，备课很认真，对学生很好
157260,8094,李雅旬,2022-06-22 16:13:54,0,1,1,老师超好的，期末狠狠捞，一年的学习很有收获，老师一直在鼓励学生。
157737,8094,李雅旬,2022-06-24 14:06:07,0,1,1,老师好 老师好 老师好 老师好 老师好 老师好 老师很善良、温柔。
159568,8094,李雅旬,2022-08-14 08:39:13,0,1,1,老师真的超级超级好！非常关心学生，被老师领着入门，课程收获也很大。真的特别喜欢老师！
170302,8094,李雅旬,2023-03-02 14:53:31,0,1,1,老师真的好好💋就是上课节奏有点慢，有时候有些啰嗦但还是给十分
184267,8094,李雅旬,2023-12-14 11:07:57,3,4,1,雅旬先生の笑顔は、我々が守ります！
194597,8094,李雅旬,2024-06-24 13:43:24,0,3,3,好想让雅旬老师教我基础日语入门呜呜呜，这样或许我就不会因为另一位老师的基日的绩杀而考虑艰苦的转专业方法了。虽然不得不承认日语所的大部分老师都非常好。
215521,8094,李雅旬,2025-02-27 11:47:25,1,2,1,所有老师里面最喜欢的一位，因为上课的时候我就坐在老师面前，老师是个比较容易害羞的人，笑起来非常可爱，感觉老师很有魔力，因为上课的时候我一和老师对视就会想笑，然后我笑老师也看着我笑🥰，真的非常非常可爱的老师，上课积极跟老师互动，认真听讲背单词，很容易就能拿满绩，和同学相处也非常温柔随和，就算有的同学经常迟到翘课上课一直聊天玩手机老师也只是非常温柔地在课间提醒ta，换做别的老师我感觉肯定就发火了，老师真的是非常温柔可爱，如果我早遇到老师10年的话一定会义无反顾爱上老师的
141907,8203,滕琳,2021-10-31 10:36:39,5,8,3,Sophie（老师英文名）上课很有意思，老师人很好，很漂亮而且口语超级好，虽然作业有点多但好像大英都是这样...10分吧还是
144548,8203,滕琳,2021-12-29 05:19:32,6,9,3,必须10分，还想上滕老师的课，可惜没有了，呜呜....
144574,8203,滕琳,2021-12-22 10:51:22,6,9,3,这还有必要讲吗，给10分是因为最高只有10分
144586,8203,滕琳,2021-12-22 12:09:39,6,10,4,滕老师超级sweet，作业也不会怎么检查，但是我还是认真的做了，而且她很希望大家都得到好分数，回答问题答不上来她也会很温柔的化解尴尬\n\n很喜欢她在课上分享的国外生活。
145042,8203,滕琳,2021-12-27 03:33:48,10,14,4,就是说直接吹爆\n\n老师人超级好，上课也特别有意思，会分享国外生活经历，作业并不多，pre很简单，考试也会捞。\n\n圣诞节还给每个人准备了圣诞礼物！\n\n不给10分天理难容好吧
145044,8203,滕琳,2022-01-06 02:12:15,16,19,3,滕老师我吹爆，可惜没有大英四可以选，人美心善，一等一的好老师
145877,8203,滕琳,2022-01-03 14:28:11,5,8,3,老师真的很好，可惜不教大英4 了
146198,8203,滕琳,2022-01-05 21:52:25,5,8,3,爱滕琳是一辈子的事
146635,8203,滕琳,2022-01-07 06:20:49,1,4,3,美丽温柔，上课风趣，超棒的老师
147135,8203,滕琳,2022-01-09 00:41:45,7,10,3,滕老师真的很好，虽然自己英语不是很好最后成绩也不是很高，但大英课真的可以收获很多，谢谢滕老师🌹
162612,8203,滕琳,2022-11-29 03:14:07,1,4,3,老师非常好
164917,8203,滕琳,2022-12-27 14:23:41,1,4,3,美女老师 很有趣的课堂
168081,8203,滕琳,2023-01-26 07:01:04,3,7,4,美女老师，让我爱她！课堂轻松愉悦，老师真的很好！
170500,8203,滕琳,2023-03-06 03:13:51,1,4,3,老师温柔又有趣 快冲
173777,8203,滕琳,2023-06-02 14:22:53,22,24,2,嘿嘿，深夜有感而发，狠狠夸一波我导！真的人美心善科研水平高。滕老师就是很有气质，个子高高的，然后科研水平很高，但她真的平易近人一点官架子都没有。不过，滕老师毕竟也是大牛，虽然在老师这里不会push（老师真的很尊重每个学生的规划不会 push 你去做不想做的事情一直都听学生的意愿），但老师科研项目也挺多的，基本也是研究前沿（最高被引学者哈哈），所以在老师这里想混日子那肯定也是不行（其实我们已经是 985 了想混混挺难的，而且外院的外应在全国水平都是很高的）。
179351,8203,滕琳,2023-09-12 13:57:07,1,3,2,很温柔 呜呜 和我说话都会加上名字
182866,8203,滕琳,2023-11-21 00:51:35,-2,6,8,作业多，上课水，老师对英语真的有那么热情吗？
183873,8203,滕琳,2023-12-02 03:43:19,2,6,4,很好的一个老师
188968,8203,滕琳,2024-01-21 02:23:09,1,7,6,大英3。呜呜滕老师真的人美心善。前几天出成绩我看绩点那么低就去问老师要小分，结果滕老师看我听力分高阅读分很低就问我是不是涂错卡了，还主动帮我去查卷子😭。之后还给了我很多英语学习上的建议，真的太感动了。滕老师的上课氛围也很轻松，作业不多，没有pre，平时作文都会让我们用AI改后再打分，平时分真的拉满了，但大英这门课感觉还是要靠自己平时多自学才好拿高分。
190476,8203,滕琳,2024-03-05 12:22:52,-2,4,6,老师人不错，但是给分是真的一言难尽，上课很水，不想要高绩点的可以选
191228,8203,滕琳,2024-04-13 05:05:42,-4,3,7,上课的氛围很好。\n\n但是作为对英语感兴趣的人来说，很失望，去上网络大学了拜拜！
192025,8203,滕琳,2024-05-08 02:46:01,-1,3,4,我应该感到幸运老师没有push我？但是我觉得老师上课就是很水
201110,8203,滕琳,2024-10-29 00:41:12,-2,5,7,上课有亿点水，，作业不知道算不算多，反正上课实在是浪费时间。。
205954,8203,滕琳,2024-12-13 01:59:52,2,2,0,人美心善，冲就对了www
207017,8203,滕琳,2024-12-19 03:49:46,-4,3,7,上课没很水，屁事很多，作业多
210499,8203,滕琳,2025-01-09 09:02:17,3,4,1,滕老师人美心善，上课会经常和同学互动，口语练习和小组讨论比较多，作业可能会比较多，但是老师真的很好！
213365,8203,滕琳,2025-01-17 06:19:38,1,2,1,上课有点水，课后作业有点多，但老师人很好很漂亮，可冲。
216604,8203,滕琳,2025-03-19 05:22:05,-1,0,1,上课水，给分比较捞
129031,8322,Ana？s Cabart,2020-12-29 03:10:51,0,0,0,给Anaïs疯狂打call
153890,8323,Andrew Robert Zint,2022-05-16 01:05:56,2,3,1,IE可以不去，考试都是托福原题
173455,8323,Andrew Robert Zint,2023-05-25 04:10:07,0,0,0,学学尊重他人吧
132178,8328,Marco Puig,2021-01-31 00:33:42,-1,1,2,不知道打什么分，给分太差了吧。
144068,8328,Marco Puig,2021-12-17 07:55:35,2,4,2,马老师干货多 人超好超耐心！
163324,8328,Marco Puig,2022-12-13 03:25:18,10,12,2,老马人超级好超级负责，上课态度很认真，对学生也很关心。挺可爱的老头子。
164270,8328,Marco Puig,2022-12-20 05:59:46,13,13,0,比Salva好太多。Marco真的很用心。也很和蔼。
166817,8328,Marco Puig,2023-01-13 16:50:17,-1,3,4,比salva好一百倍 是认真负责的 salva真的老鼠屎 坏了我们对西班牙人的印象
136777,8331,Salvador Santa Puche,2021-06-24 10:05:39,4,8,4,神仙老师！是一个低调的大佬！上课超级有趣！
138391,8331,Salvador Santa Puche,2021-07-09 01:25:35,4,7,3,除体育课之外的第一门满绩，上午考试下午就出成绩了，Salva yyds！
138392,8331,Salvador Santa Puche,2021-07-09 01:25:25,2,6,4,除体育课之外的第一门满绩，上午考试下午就出成绩了，Salva yyds！
147281,8331,Salvador Santa Puche,2022-01-09 11:14:17,-2,2,4,666
155124,8331,Salvador Santa Puche,2022-06-08 13:41:30,7,9,2,浅浅开门西班牙语报刊阅读吧 反正中文版教学纲要我看不懂  随心安排下\n\n每节课讲20分钟消息，报纸，杂志概念的定义\n\n然后让学生在20分钟内完成一份西语版的对应练习 做个广告/写篇新闻….\n\n期间自己可以美美的外放刷tik tok\n\n20分钟过去了 问下学生做完了没 嗯 没有\n\n那继续给你们延长15分钟吧 我继续tik tok\n\n接着让学生一个个上来讲 讲完了按照以下公式评价：wow（故作感叹调节气氛）➕muy bien（肯定学生👍：很好）➕但是可以加个标题/加张图片/写长一点/写短一点（不痛不痒的小提下问题吧）\n\n偶尔学生觉得无聊 好的 把自己学习中文的视频拿出来给大家看看吧 一个视频可以在不同学期不同课上都放一遍\n\n一学期16课时也不用上满 缺席个4/5次没什么关系的啦 提前一天在群里和学生说下就可以啦
157378,8331,Salvador Santa Puche,2022-06-23 05:37:02,21,25,4,出分不知道是在给什么分......考试的内容是上课讲的原文，题都没有变化。做完并没有什么错误，结果给的分数不好。\n\n老师上课比较摆，感觉不算很上心。喜欢外放刷短视频。\n\n但是老师整体来讲人是挺不错的。
160559,8331,Salvador Santa Puche,2022-09-27 02:53:48,-12,6,18,shame on you.get out of ZJU.I do not want to see u any more cuz you never seriously treat the classes.f**k bi*ch
163487,8331,Salvador Santa Puche,2022-12-14 12:45:08,-10,3,13,我觉得还蛮好的
166086,8331,Salvador Santa Puche,2023-01-11 05:12:25,-5,5,10,很水很水，但是常年给满绩
166649,8331,Salvador Santa Puche,2023-01-13 07:14:36,-13,3,16,垃圾中的垃圾 赶快滚出我们学校 你不配当老师
171899,8331,Salvador Santa Puche,2023-04-11 11:42:36,4,7,3,真的是好好的老师
172412,8331,Salvador Santa Puche,2023-04-26 11:04:09,-14,6,20,这傻逼怎么还没滚 西语系要倒闭了是吗
174745,8331,Salvador Santa Puche,2023-06-20 15:59:46,-3,2,5,salva好可爱的
174994,8331,Salvador Santa Puche,2023-06-20 16:00:42,5,7,2,主要是真摆，他自己摆，也给学生摆的机会。
175008,8331,Salvador Santa Puche,2023-07-03 11:53:41,-6,4,10,满绩了谢谢salva老师！
176931,8331,Salvador Santa Puche,2023-06-30 18:05:02,2,4,2,有进步
184053,8331,Salvador Santa Puche,2023-12-07 10:49:31,8,11,3,改过自新了。比yx老师好不少。
190357,8331,Salvador Santa Puche,2024-02-28 11:08:56,4,6,2,西班牙语阅读，上的和幼教一样特别幽默，看我们不懂一遍遍重复，时不时说一句蹩脚的中文。就是有些西式笑点我们get不到他自己笑哈哈哈哈
130737,8333,Valentina Ly,2021-01-24 12:00:13,11,12,1,人很好！期末考口试会提前告诉你内容！中文超好！课上可以聊很多文化差异哈哈哈，经常送我们礼物🎁！！！饼干，蛋糕，热可可，烟花棒～非常爱老师～
134806,8333,Valentina Ly,2021-04-16 00:56:48,4,4,0,超级好！
134807,8333,Valentina Ly,2021-04-16 00:57:02,5,5,0,超级有意思的老师～
136438,8333,Valentina Ly,2021-06-18 02:52:12,5,5,0,老师真的好可爱好可爱！！！我吹爆Valentina！！！上她的课没有专业课那么大的压力 她还会给我们讲很多德国生活的事 上课有时候会和我们一起做手工 周末会找时间带我们去郊游！考试结束还说要和我们一起做饭！上学期还给我们带了很多礼物 圣诞节的一些零食还有咖啡还有烟花棒www 老师真的好好 好亲切 好幸运有这样的外教老师😭
137359,8333,Valentina Ly,2021-07-03 12:15:52,3,3,0,太喜欢啦
138832,8333,Valentina Ly,2021-07-11 06:33:29,2,2,0,呜呜太可爱了！喜欢Valentina！
152108,8333,Valentina Ly,2022-03-27 06:21:01,1,1,0,Valentina，我的救星。
176650,8333,Valentina Ly,2023-06-29 14:31:55,0,0,0,完美啊
131373,8335,Zhu Zili,2021-01-27 08:51:28,5,5,0,老师太棒了！！
132340,8335,Zhu Zili,2021-02-01 01:55:02,18,18,0,老师上课很幽默，讲知识很有自己的方法，下课的时候很喜欢和同学一起聊天。德语需要下一些工夫，平时注意积累，考前好好看书，给分很棒！（PS：老师会很多语言）
133027,8335,Zhu Zili,2021-02-06 14:52:56,15,15,0,精通多国语言，是一个神仙😝
133554,8335,Zhu Zili,2021-03-02 05:38:26,4,4,0,老师很好，很幽默、风趣，专业水平也很高。
133615,8335,Zhu Zili,2021-03-03 02:10:00,28,33,5,超体贴和蔼的老师 德语1、2、3全都上4，平时过节还会发礼物啥的。过节偶尔会主动给我发句微信哈哈哈，真的很好。然后也很专业，zili的弟弟是德专老师，是学术世家；然后有丰富的商业经验，去过世界很多地方，精通多国语言…反正就是很好！我是头号迷弟！
135970,8335,Zhu Zili,2021-06-06 15:09:20,2,3,1,超级超级好的老师↖(^ω^)↗
136321,8335,Zhu Zili,2021-06-16 07:51:52,10,13,3,上课很轻松很愉快～偶尔还会唠嗑老师在各种地方的奇妙经历，儿童节还收到了小饼干！上课的节奏很舒服，没作业也没小测，平时稍微上点心期末就不会火葬场
136989,8335,Zhu Zili,2021-06-29 07:56:44,21,21,0,为什么不上9😠我要把老师的评分拉上去
137823,8335,Zhu Zili,2021-07-06 08:47:36,3,3,0,老师特别好，见多识广
142750,8335,Zhu Zili,2021-11-16 01:04:31,1,1,0,老师很好！
144698,8335,Zhu Zili,2021-12-23 08:11:08,0,1,1,好！好！
145376,8335,Zhu Zili,2021-12-29 08:25:13,0,1,1,gut！
149968,8335,Zhu Zili,2022-01-18 06:00:59,3,3,0,超棒超棒的老师！
150291,8335,Zhu Zili,2022-01-21 15:17:35,5,5,0,老师真的很厉害！而且上课也很耐心，还记得为了第三格第四格给我们来来回回复习(＞人＜;)就是这学期有疫情，感觉亏了（两周都线上了呜呜）
150775,8335,Zhu Zili,2022-02-18 06:24:27,26,26,0,Herr Zhu是我来大学见到的少有的几位真正可以称得上是大师，精通多门语言，在德语课上接触到许多有意思的文化，期末只要好好复习就很容易满了
151483,8335,Zhu Zili,2022-03-04 13:17:38,3,3,0,我喜欢他!
151798,8335,Zhu Zili,2022-03-16 05:37:15,3,5,2,除了以上，老师还很温柔～
156343,8335,Zhu Zili,2022-06-19 07:11:26,4,4,0,非常可爱的老师
161152,8335,Zhu Zili,2022-11-04 10:11:28,2,2,0,目前最喜欢的老师，大师风范
162498,8335,Zhu Zili,2022-11-23 12:47:06,4,4,0,老师我爱您....大一遇到最好的老师，最喜欢的老师。老师只要做自己就很好了，独一无二的气质，很幸运能遇到老师呜呜呜。再也不逃课了qaqqq
163677,8335,Zhu Zili,2022-12-16 02:39:48,6,7,1,呜呜大学以来最喜欢的老师，上课风趣幽默又有耐心，精通多国语言。但凡有一个没有上过Herr zhu的课的uu、，我都会伤心的好嘛
164889,8335,Zhu Zili,2022-12-27 10:17:03,7,7,0,本来对德语不感兴趣的，现在超爱德语，Herr Zhu 永远的神好吧
165797,8335,Zhu Zili,2023-01-09 18:06:02,4,4,0,上zili的德语课，除了能学到德语，还能听他讲一些文化方面的小知识，很有意思。老师人很好，懂得也很多，会多门语言。
166067,8335,Zhu Zili,2023-01-11 04:28:11,4,4,0,非常风趣幽默又可爱的老师
167362,8335,Zhu Zili,2023-01-15 15:39:59,14,15,1,就我一个人觉得老师gay里gay气吗（bushi）但是老师真的超级风趣超级温柔，我私下找他答疑的时候他还会主动帮我过一遍知识点呜呜呜，绝世好老师！！
167427,8335,Zhu Zili,2023-01-16 07:49:58,5,5,0,herr zhu真的很好 (≧∇≦) 上学期被老师狠狠捞了，这学期份还没出希望老师继续努力。老师的衣品很好（独特），笑点也很独特，属于冷幽默～ 有问题找老师会得到很耐心的回复，不用担心自己的问题蠢～要是能再次得到老师捞捞我一定好好学德语！(＞人＜;)背下来第三格第四格（两个学期了还是反应不过来，哭
167659,8335,Zhu Zili,2023-01-18 06:24:27,5,5,0,德语1：0基础no problem ，教的好给分也好
167662,8335,Zhu Zili,2023-01-18 07:26:57,9,9,0,德语1，老师上课非常有趣，说话声音很优雅，完全没有压迫感。除了讲基础的德语，还会介绍他在各个国家经历的有趣的事（老师会好多语言，在国外工作过很多年）。这学期点名了三四次，每次点名前都会提前通知，还给来上课的同学发了两次零食！大家多多到课呀，Herr Zhu的课很有意思哒！
167671,8335,Zhu Zili,2023-01-18 08:06:15,5,5,0,最喜欢的老师啊啊啊！他的德语课幽默风趣，旁征博引，可以学到很多实在的东西，给分也特别好！不选他的话我会伤心的！
168844,8335,Zhu Zili,2023-02-22 16:40:49,1,1,0,上课很有水平，给分也巨好，考前好好背一定能拿很高的分数的。
171032,8335,Zhu Zili,2023-03-14 15:36:14,1,1,0,因为Herr Zhu的人格魅力不畏艰难选了德语2，希望之后也能上他的3和4😍😍😍
173725,8335,Zhu Zili,2023-06-05 15:36:38,3,3,0,如果你能选上Herr Zhu 的课，那么我觉得，这件事情，实在是，泰裤辣🥵🥵🥵
174614,8335,Zhu Zili,2023-06-14 13:32:30,8,8,0,先生的到来为浙大带来了光辉色彩。一位广博的学者、敬业的人师。上的是您的德语课，学到的却是整个世界
175764,8335,Zhu Zili,2023-06-26 12:59:25,6,6,0,“さようなら ，它的意思是永别了” Herr Zhu
175803,8335,Zhu Zili,2023-06-27 06:22:11,15,15,0,先生是个潇洒的人。\n\n\n\n德语所曾经失去了国懿老师，现在朱先生也要离开了。\n\n\n\n最后一节课下课，Herr Zhu说了一句さようなら\n\n\n\n又补充道，“它在日语里的意思是永别了。”\n\n\n\n期末考完试，可能真的会永别了，但能在大学遇到朱先生这样的老师，很幸运，很幸运…
176031,8335,Zhu Zili,2023-06-27 12:54:40,3,3,0,很幸运，选上了zhu zili老师的课。老师超级博学，也很温柔、幽默。上他的课就好像在环球旅行，你可以了解到很多异国的风土人情。假如不是他，我根本不可能坚持学德语。期末之后我才知道朱老师马上要离开浙大了，真的好不舍......wuwuwuwuwuwuwuwu.....
176058,8335,Zhu Zili,2023-06-27 13:59:20,5,5,0,老师听说我想去德国留学，在课余时间和我分享了很多关于德国生活的事情。期末考完之后，还主动把我留下来告诉我应该怎么准备，应该向哪些人学习，应该具备哪些品质……总之就是非常非常好！可惜Herr Zhu下学期要走了，不能继续上他的德语3了。
176531,8335,Zhu Zili,2023-06-29 08:07:44,1,1,0,好好好
177842,8335,Zhu Zili,2023-07-05 04:01:25,3,3,0,老师真的很好，幽默风趣见多识广，给分也超级好，可惜要走了，真的很舍不得
177854,8335,Zhu Zili,2023-07-05 05:18:04,4,4,0,德语很难，老师很好。人生经历丰富，精通多国语言，上课风趣幽默，讲文化小知识，讲他在世界各地的经历。点名前一节课会提前通知，还给我们发巧克力吃。期末考试会提前划范围，所以也不难，给分很好。很幸运成为老师在浙大最后一个学期的学生，舍不得他离开。赞同下面一个评论，Herr Zhu是一个潇洒的人，进过企业、当过翻译、教过外国人汉语，去世界各地旅行，又来浙大教德语，或许浙大的环境就是留不住这样潇洒的人的。
178481,8335,Zhu Zili,2023-07-12 07:57:35,-7,0,7,实在难绷
183599,8335,Zhu Zili,2023-11-27 15:09:19,2,2,0,Herr Zhu我想您了😭😭😭😭😭\n\n在浙大遇到过的最好的老师之一，永远是我的榜样，希望我也能活成您这样潇洒的模样😭😭😭😭
184421,8335,Zhu Zili,2023-12-19 09:41:37,2,2,0,你快回来啊😭
185899,8335,Zhu Zili,2024-01-05 14:33:18,0,0,0,不给十分，天理难容。
186607,8335,Zhu Zili,2024-01-12 05:05:58,1,1,0,德语123全部4.5 老师特别好特别会教书 课后不用花太多时间 很容易就学懂了
187105,8335,Zhu Zili,2024-01-14 13:09:51,0,0,0,每天都很想念zhuzili老师\n\n回来吧我的Herr Zhu
190680,8335,Zhu Zili,2024-03-14 06:16:54,0,0,0,今天才知道已经不在浙大了。。。。
160185,8337,周闽,2022-09-14 10:32:20,1,7,6,好！！
160599,8337,周闽,2022-09-27 15:09:30,16,26,10,1.老师一眼看过去就是精英阶层，可能去当商务人士会更加合适一些\n\n2.颜值很高，说是女神毫不为过\n\n3.过分拘泥于学术严谨性，缺乏幽默感\n\n4.会否定不属于自己理论框架的东西，与她讨论前请务必三思
160704,8337,周闽,2022-10-02 17:31:10,11,14,3,很死板的教学。老师比较固执，不太能接受同学对翻译的观点。上课很无聊，读ppt，咬文嚼字，别选
164486,8337,周闽,2022-12-21 08:11:20,-1,9,10,实在不想多说什么，差评，千万别选。这群“百人计划”的人都不知道是怎么进的“百人计划”，想想就来气
170039,8337,周闽,2023-03-01 05:43:30,0,4,4,基础英汉互译。很好的老师，上课很成体系，旁征博引，干货满满，收获很大。作业量比较正常，有一些group work，考试形式都是教学组定的，不做评价。给分不错的。
170882,8337,周闽,2023-03-11 08:49:00,2,7,5,听周老师的课学到了很多很多知识！老师人超级好，很贴心，上课讲得也很好，会询问采纳我们的意见，注重和我们的互动，人美心善，超级nice！
171725,8337,周闽,2023-04-03 09:19:23,-8,5,13,烂透了
180125,8337,周闽,2023-09-20 12:55:22,7,9,2,上了老师的译读中国文学，感觉老师真的挺好的，而且这门课对英语不是很好的人很友好。10分！
185878,8337,周闽,2024-01-05 08:38:31,0,2,2,挺好的，很不错
188857,8337,周闽,2024-01-20 09:41:15,4,6,2,译读中国文学严格根据分数构成，姐你是一点都不捞啊
191911,8337,周闽,2024-05-05 02:13:55,2,3,1,【高级英汉互译】很好的老师，会根据学生意见修改课程大纲。学术功底深厚，介绍了很多文学及翻译理论，受益匪浅。推荐
198616,8337,周闽,2024-09-10 08:41:40,2,3,1,文学品读与翻译入门，老师讲的很好，人也温柔好看，给分也还不错
212302,8337,周闽,2025-01-14 01:07:20,1,3,2,纯纯的史
212771,8337,周闽,2025-01-15 01:19:35,-4,1,5,这门课的详细信息可以98版搜 我在2024秋冬上的和历年考核方案是一模一样的 现在可能改名了叫什么文学品读与翻译入门 \n\n但是上课体验非常好 这个课程是最原味的那种欧美式通识课 课程任务相当繁琐 任务量很大 \n\n但是讲的是真的好啊老师极其上心 在课程开始/中间/结束会用口头询问/纸质问卷的形式询问我们对课程的建议和看法 特别真诚 \n\n老师学术水平是没得说的 不论是之前讲英文诗歌体裁或者是后面对红楼梦翻译的赏析 确实能深刻的感受到翻译在“翻译”之外的意义\n\n出分补充：完全没有给分那么差呀 可能老师学会捞捞了 分数还是相当好看的（4.5） 可以选
221228,8337,周闽,2025-06-22 05:59:45,1,1,0,周老师人美心善！！！第一门绩点上4的英语课😭😭😭本来一次作业感觉翻译的烂透了（占10分），但是最后总评90！而且我感觉课程任务量相比其他英语课也不多吧，基本是课堂任务，课下两次作业和期末大作业。不知道老师评分怎么这么低，完全对得起9.9😍😍😍
221361,8337,周闽,2025-06-23 04:53:12,0,0,0,平时作业量有点大，翻译加上小组pre，平时上课完完全全的水货最后居然总评89，感谢老师不杀之恩，但是好像是批发4.5？不确定
139987,8338,Esther Pascual,2021-08-22 18:58:09,-3,4,7,讲的内容一般都是从论文里面扒下来的，第一节课下来第二节课就不剩几个人了。作业+点名+pre+考试，但是考试很简单，pre各自发挥，作业自愿完成反正考试会涉及。\n\n很有内容，当兴趣去选一下公共素质课没问题的
214275,8348,Юлия Алейникова,2025-01-31 12:13:36,-5,0,5,555
144292,8351,Maziyar Shokra,2021-12-21 04:41:39,1,4,3,虽然上课带了点口音，但是人真的超级好，给分也超级好，但是毕竟是外教，上课对英语还是要求比较高的
141586,9129,于梦洋,2021-10-16 02:06:28,-2,4,6,点名先锋了属于是
147022,9129,于梦洋,2022-01-08 12:44:36,-7,3,10,上课必点名。
171943,9129,于梦洋,2023-04-13 06:11:02,7,8,1,有能 名师
185591,9129,于梦洋,2024-01-02 13:02:15,14,14,0,梦洋老师温婉幽默，就算被点到名也是福气。
188882,9129,于梦洋,2024-01-20 11:06:19,10,10,0,人很好很幽默，美女老师，给分也很好
190418,9129,于梦洋,2024-03-02 08:47:43,9,9,0,很好很好
193345,9129,于梦洋,2024-06-06 16:10:25,6,6,0,前面的几位，点名怎么了，像于老师这样的课都不去真是可惜
193449,9129,于梦洋,2024-06-11 05:02:17,5,5,0,很好很好，老师真的很可爱
193961,9129,于梦洋,2024-06-21 06:10:22,4,4,0,人美心善上课好，给分也很好
194112,9129,于梦洋,2024-06-22 05:03:59,4,4,0,人美心善
197507,9129,于梦洋,2024-07-17 17:44:58,5,7,2,老师很精致\n\n课程发大水程度和她的精致度成正比\n\n（听说最近似乎有所改善）\n\n想要事少分高可以选\n\n想要学东西，建议不要有太多期待。
211908,9129,于梦洋,2025-01-13 01:38:34,5,5,0,又被女神溺爱、、
