评论id,老师id,老师姓名,发表时间,点赞减去点踩数量,点赞量,点踩量,内容
38,71,张海峰,2015-03-14 15:30:17,-6,9,15,上课有点闹心，考试非常闹心。。给分是最后的会心一击。。
806,71,张海峰,2015-03-17 08:39:07,-13,14,27,。。。。哎呀我的妈呀。。上课极其。。无语  他自己都不太清楚自己讲什么吧  本来以为给分挺好 也就忍了 尼玛。。。。。真的是致命一击
3574,71,张海峰,2015-06-17 01:39:23,4,6,2,感觉讲课水水的，但相比其它公策老师，还是不错的
6604,71,张海峰,2015-07-16 06:57:42,10,11,1,平时认真做笔记，上课多发言，分数还是蛮高的
6613,71,张海峰,2015-07-16 10:55:20,22,26,4,只要认真做笔记 期末绝对90
6654,71,张海峰,2017-03-02 05:28:08,10,13,3,不点名 考试一大半来自于上课课件 不给课件 所以全靠自己记
45096,71,张海峰,2017-01-19 03:27:11,4,5,1,老师是挺好的，就是喜欢补充经济方面的相关知识并在考试中体现，非经管类的同学慎选，一定要选就好好做笔记，好好听！！！！
46737,71,张海峰,2017-01-22 08:51:51,4,4,0,给分好，必须做笔记
46748,71,张海峰,2017-01-22 09:13:58,8,9,1,好老师！三观很合！喜欢他的思路~给分很好QAQ
46762,71,张海峰,2017-01-22 09:33:50,7,7,0,老师给分好好！上课很温柔，会有跟教材不一样的自己的干货
46763,71,张海峰,2017-01-22 09:34:48,1,7,6,给分好。做笔记【是那种事无巨细都写下来的那种。上课有点语无伦次??。逻辑堪忧。
46768,71,张海峰,2017-01-22 09:46:35,5,6,1,讲课很清晰也很有趣 给分好 要好好做笔记好好听
46875,71,张海峰,2017-01-22 15:09:35,5,7,2,给分挺好的，上课的气场很有趣~
47099,71,张海峰,2017-06-20 07:33:13,10,11,1,认真笔记期末满绩
47832,71,张海峰,2017-02-26 02:25:04,6,6,0,很负责的老师，给分不错。
48351,71,张海峰,2017-03-02 08:34:50,5,5,0,老师喜欢经济类的东西，而且考试也会有所涉及，所以上课一定要好好听，详细的记笔记，考试绝对没问题，感觉最后的给分还是相当看中最后考试的
72734,71,张海峰,2018-01-31 03:58:59,6,8,2,哈哈哈哈为什么出分了也没人在群里说 谢谢老师谢谢助教之类的 也没人在查老师评论 哈哈哈哈哈哈我怀疑我的是假分数…
74153,71,张海峰,2018-02-05 23:28:56,2,4,2,给分很迷
99010,71,张海峰,2019-01-24 06:57:28,4,4,0,给分太好了吧！老师挺萌的，但是这个学期因为是早课，每次都有很多人翘课，心疼老师。
102865,71,张海峰,2019-02-24 12:26:01,-1,0,1,老师挺好，只是给我的分不好…
122016,71,张海峰,2020-02-01 05:54:07,0,0,0,老师公共政策学开卷考，点名一次
127178,71,张海峰,2020-11-12 02:58:38,1,4,3,老师讲课的逻辑性确实不是很好啊，讲完一节课总是感觉自己没有学到什么东西，个人觉得是没有严格的数理证明推导的原因（貌似绝大多数经济学的课讲不清楚都是这原因）。但是人确实是蛮好的，很热情也很善良。
149031,71,张海峰,2022-01-14 09:11:57,14,15,1,老师讲课还是很好的，两位劳经老师都挺可爱的\n\n但是劳经课堂发生了一些很不愉快的事件，小组展示的分数由两部分构成，一部分是老师的评分，另一部分是同学的互评。有同学恶意给除了自己的全部小组打低分，而老师没有相应的监督机制，反而认为这是公平的评分。现在大家都将面临保研这件事，竞争的人数本来就那几个，这有限的人里面通过这种恶意踩踏其他同学分数的行为使得自己在保研里面占尽先机的人实在是过于离谱。\n\n对后来选这门课的同学老学长提醒一句，对于这样一个没有正态分布的专业课来说，实在是没必要做这种下流的事情，非常令人不齿，该多少分就多少分，做人要对得起良心。
149037,71,张海峰,2022-01-14 07:44:10,9,10,1,听说有同学在互评阶段背刺同专业同学恶意打低分，希望老师设计的评分标准对这类同学进行识别和惩罚
149039,71,张海峰,2022-01-14 07:53:20,4,4,0,老师讲的很通俗有趣，两位老师也是蛮体谅同学的。
149383,71,张海峰,2022-01-15 08:08:10,4,5,1,讲的还行吧，劳动经济学本身还是有意思的，在大三的课里难度不大，考前补天成绩也不会很差，这学期挺多人牺牲劳经换博弈论和中计的。至于楼上说的互评的事，老师初心是好的，除了谴责之外还得想想设计什么样的机制能让这样的行为少一点，毕竟经济学设计了不少机制来约束动机和行为不是嘛？不过惭愧，我也暂时没想出来特别好的，就算取消给自己打分也防止不了给其他组恶评。当然说出来这种现象总比不说好，愿后来的学弟学妹引以为戒。
149512,71,张海峰,2022-01-15 16:33:52,3,4,1,老师上课基本上不点名，东西讲得也很不错，答疑很有耐心，考试的题大部分比较基础，答出来没问题。就是有些同学打恶意低分的事情有点离谱，希望老师再多考虑考虑同学互评这件事。经院某系背刺同学的事情可不少发生，希望这些同学能好好做个人
180399,71,张海峰,2023-09-21 11:26:07,3,3,0,海峰老师太可爱啦~点赞！
213172,71,张海峰,2025-01-16 08:16:59,2,2,0,张老师很可爱，讲的很好而且很清楚
213396,71,张海峰,2025-01-17 07:48:49,-1,0,1,非常好的老师～
6032,81,李静松,2015-07-10 11:04:39,5,7,2,知识面丰富，认真听收获极大，视野的一种开阔
47220,81,李静松,2017-01-24 14:48:06,0,0,0,
47304,81,李静松,2017-01-25 07:17:18,0,0,0,一个人
62832,81,李静松,2017-11-27 06:16:54,-1,3,4,挺好的老师，就是面相好凶让人害怕，和善的微笑都像假笑一样，她提问都不敢随便回答?
63204,81,李静松,2017-11-29 07:19:26,1,1,0,老师估计是一边思考一边讲课的原因 说话语速比较慢 断句断很久 所以总觉得逻辑有点破碎 一句话听到后面就忘了前面讲了啥。。。课不算水 作业都认真完成还是有一定收获的
66327,81,李静松,2018-01-15 06:26:54,-4,1,5,反正我觉得讲的不是很有条理，作业又很多，最后考试是不给PPT的，能选其他个性还是选其他的吧
71646,81,李静松,2018-01-28 23:35:09,7,7,0,超级温柔的李静松老师，很有启发性。
129728,81,李静松,2021-01-11 13:31:10,5,5,0,李老师学富五车，才高八斗，上课滔滔不绝\n\n问题唯在：作业实在太难了
168221,81,李静松,2023-02-03 11:22:07,-1,0,1,很温柔很注重互动，也很注重保护学生的学术兴趣，和一些喜欢打击人的老师完全不一样
192725,81,李静松,2024-05-29 11:45:41,4,4,0,农村社会学。老师讲的挺好的，内容很丰富，但作业真有点难有点多吧lol
217594,81,李静松,2025-04-14 03:19:32,0,1,1,备课很认真，授课内容干货满满，每次课后作业老师都有认真讨论，非常nice的老师
218084,81,李静松,2025-04-20 15:10:55,2,2,0,逆天老师吧，期末作业没做完呢，把智云课堂、学在浙大上的课程和材料全给下架了；还让看教学大纲，我看牛魔
2371,252,王诗宗,2015-04-27 13:54:09,14,23,9,听不进去 助教挺好
2522,252,王诗宗,2015-05-04 13:26:17,16,23,7,讨论课太紧了，助教负责可爱，老师很牛
4568,252,王诗宗,2015-06-24 13:31:57,-3,6,9,\n\n就喜欢一个人自嗨\n\n\n\n
5329,252,王诗宗,2015-07-06 15:39:48,11,19,8,旁征博引，知识渊博。偶尔说到的人生经历特别引人思考。
6814,252,王诗宗,2015-07-23 06:34:17,-7,5,12,上课扯天扯低，当故事听不错，晚上助教的课就比较有意义
6855,252,王诗宗,2015-11-18 01:19:27,3,14,11,绩点杀手
6856,252,王诗宗,2015-07-26 11:59:29,0,6,6,给分低，讲课可以
6857,252,王诗宗,2015-07-26 13:54:57,7,23,16,给分简直低，学弟学妹慎选，血泪教训！
6858,252,王诗宗,2015-07-26 15:27:21,-2,5,7,无语…
6879,252,王诗宗,2015-07-28 11:16:07,8,20,12,王大绩杀名不虚传
11624,252,王诗宗,2015-12-08 11:40:38,-2,6,8,绝对的绩杀
12349,252,王诗宗,2015-12-23 04:43:59,-1,5,6,给分低
13816,252,王诗宗,2015-12-31 09:35:34,3,8,5,没上过 不过感觉大家为了绩点去批评老师不合适的 我只是支持一下老师
13907,252,王诗宗,2016-01-02 07:06:02,1,4,3,老师很牛 给分主要看自己吧
13917,252,王诗宗,2016-01-02 09:44:35,1,3,2,挺好\n\n
15511,252,王诗宗,2016-01-15 03:33:38,-1,1,2,。。。
16024,252,王诗宗,2016-01-17 04:49:08,0,5,5,奉劝一句：为了绩点千万别选他的课
18001,252,王诗宗,2016-01-21 05:46:59,2,4,2,助教好人，老师。。。。\n\n
19365,252,王诗宗,2016-01-24 03:06:32,0,2,2,王老师真博学
19513,252,王诗宗,2016-01-24 12:44:14,-12,7,19,一副愤世嫉俗的样子，整天讽刺这个讽刺那个，一张ppt可以讲几周，真心不觉得学到了什么，倒是助教不错，讨论课还是有不少干货。
22674,252,王诗宗,2017-06-23 12:30:24,2,9,7,考试摸良心说都是上课讲过的，就算是分析题也是讲过的类似案例，而且还是开卷，上课好好做笔记好好听课应该不会很难看吧。反正我4.5。
24130,252,王诗宗,2016-04-27 16:14:55,15,17,2,独立知识分子风范，有梁漱溟之硬气，中气十足。
24161,252,王诗宗,2016-04-28 02:41:53,1,2,1,还可以
25676,252,王诗宗,2016-06-01 13:40:27,0,1,1,挺好的！
27036,252,王诗宗,2017-02-27 09:29:02,7,10,3,说不点名就真的从来没点名 事情少上课可听有干货 你还想要什么？
31331,252,王诗宗,2016-07-03 16:15:17,4,6,2,讲课真正有大师风范
31928,252,王诗宗,2016-07-05 07:28:58,27,43,16,老师真的很厉害 隔壁班听过一节课来了 但是 现在我们连选个其实上课都不怎么听的课的老师还要挑三拣四 看一堆评论评分 看绩点怎么样 也许大学里每个人都走失了一点什么 没有找到自己喜欢的 有喜欢的也没有付出很大努力 老师的严厉大概是看不惯吧 说起来 老师的确有比我们高出几百倍的资本来蔑视我们 但唯一希望不要折杀了真正努力的同学 而大部分人的无谓的反驳也就是说说老师绩杀了..
31929,252,王诗宗,2016-07-05 07:35:17,10,13,3,老师人很好啊，讲课很呆萌，常常有一些语气词???只是最后考试的题都是大题，开卷考，用他自己编的那本书，简答题答案基本都找得到，只是我都来不及写了，最后一题30分大题就写了一点点???好难过啊，最后3.9，一个一般的成绩???其实老师应该也不是绩杀
31932,252,王诗宗,2016-07-05 07:42:56,9,13,4,说给分低的人 你们不知道正常来说给分和上课参与自己付出程度成正比吗？王老师的课堂基本不需要参与 课后作业少 也只有讨论课有参与。我自问讨论课也不认真没用心，但是考试带了他自己那本书。最后也3.9  虽然真的不高但是觉得这个付出就是这个绩点
31937,252,王诗宗,2016-07-05 08:02:04,3,5,2,虽然给分不是很满意，但是王老师是真的要比另外一个老师水平高，很渊博
31960,252,王诗宗,2016-07-05 08:35:48,4,4,0,老师学识真的很渊博，可能给分不如别的老师，但是感觉真的能学到些东西。
31984,252,王诗宗,2016-07-05 10:24:48,0,1,1,3.6
32053,252,王诗宗,2016-07-05 13:45:55,6,7,1,老师其实很厉害的，人也很萌
34390,252,王诗宗,2016-10-09 02:28:57,-1,3,4,王老师讲的挺好的，真性情，而且本科学物理过来的感觉比较牛。。。\n\n不过……给分真的低啊(T＿T)同样是公共政策，蒋文华4+，王老师……\n\n
42689,252,王诗宗,2017-01-15 02:39:46,2,2,0,老师学识渊博，应该去上上
46217,252,王诗宗,2017-01-21 02:58:51,1,4,3,别说什么不能因为绩点问题而评价而老师，可是他给的均绩真的比别的老师低很多，而且这课还要算进主修绩点，真的很不公平
56413,252,王诗宗,2017-07-03 16:19:07,10,13,3,王老师真的是大师了 这个知识面绝对不是一般人可以相比的 课堂可听性很强 可以一节课不水手机 但是体系的建立还是要靠读老师自己的著作 干货还是不少
57466,252,王诗宗,2017-07-08 08:01:39,-1,1,2,很杀很杀。
57470,252,王诗宗,2017-07-08 10:12:15,6,6,0,可能是水课太多所以大家上惯了水课，老师才会成为大家口中的绩杀。绩点很一般，但还是觉得老师讲的很多东西都很棒。
65596,252,王诗宗,2018-01-07 02:08:29,2,3,1,本身就是很有学识也很棒的老师 不知道为什么现在越来越变成为了成绩就老是传说他的不好 虽然我还没有考试没有办法评论给分吧 但是王老师的课真的会让你欲罢不能的！老师本人也很nice 这样的老师才是我心中大学老师应当有的样子
75567,252,王诗宗,2018-03-13 10:59:16,-3,3,6,我分明是蒋老师的课，晚课他来上 烦
82081,252,王诗宗,2018-07-07 05:04:15,2,3,1,现在还没有出分我就客观地评价一下。老师的课还是有干货的，就是真的选他的课的人好少，少的可怜。emmmm怎么说呢，唯一不喜欢王老师的一点就是他的口音，其他真的都挺好的。绩点什么的，我相信努力应该有回报的。总体来说，挺好的。
82084,252,王诗宗,2018-07-07 05:15:20,3,3,0,挺渊博的老师，上课很水，听不听都行，期末开卷，用他自己写的一本书加上ppt就行了。
82085,252,王诗宗,2018-07-07 05:20:05,13,13,0,事情少，给分居然很好！！期末开卷考，好好准备一下，还是可以拿高分的。点名两次。
82086,252,王诗宗,2018-07-07 05:20:41,15,16,1,以前听说老师是绩杀，没报什么希望的。然后成绩出来以后真的被感动了啊！事情少考试简单绩点高而且学识确实渊博！你值得拥有！
82088,252,王诗宗,2018-07-07 05:31:59,7,8,1,很少听课，讨论课自己也水水过，感觉期末考试占比挺大，花了一天时间预习完一学期的课程最后成绩也不低。。。老师并没有那么绩杀。偶尔听他讲那些事例感觉老师是真的学识渊博，想水也行，认真听也会有很大收获的吧。
82095,252,王诗宗,2018-07-07 06:07:44,1,2,1,绩点感天动地，很开心没有绩点失踪。考试前务必买小绿本，上课的时候不要光拍PPT，最后一节课告诉你PPT里有小陷阱的时候内心真的很崩溃。事少给分好，助教姐姐很漂亮，上课N多的例子里夹一两个知识点那种。
82099,252,王诗宗,2018-07-07 06:18:48,8,8,0,一个学期只点了两次名（早课基本只有一半的来…）给分超级好 开卷考试 带上他自己的书 写完了 并且写了自己的一点观点看法 4.5 自己已经挺满足的了 开心
82120,252,王诗宗,2018-07-07 07:20:51,3,3,0,老师干货挺足的，事情少给分也还ok
82125,252,王诗宗,2018-07-07 07:26:24,1,1,0,老师口音real好听，确实很渊博！
82127,252,王诗宗,2018-07-07 07:36:51,8,8,0,王老师上课是真的能引起我的思考的，举的事例也非常生动贴切(不过这个也看个人偏好，我也有朋友听不进去的)，可以把课当讲座来听。助教姐姐也超萌超棒。那些说老师绩杀的人，真的有每节课都来吗？没有的话错过点名被扣分能怪谁呢？上课真的有在听吗？没有的话期末看着ppt连哪里讲过哪里略过都分不出来能怪谁呢？
82136,252,王诗宗,2018-07-07 07:53:43,3,4,1,我觉得老师讲的很好，水平很高\n\n  事情也不是特别多，毕竟是三学分的课，而且我觉得老师也没有绩杀啊？老师说过点名会占很重要的一部分的分数的，缺过课的可能绩点会不好看吧\n\n  考试开卷考，ppt带着问题不大，我和我室友一起上老师的课，每次点名都在，也没有做过啥额外的努力，一学期下来绩点都不低，我觉得挺好
82175,252,王诗宗,2018-07-07 10:24:38,2,5,3,打分还比较客观，不过真的不喜欢他的上课，逻辑诡异(可能是意识流风格…）让人完全听不进去（有人还是听的，因人而异吧）。讲话比较“耿直”，比如某位学者过世了永远都说“挂了”，听着不舒服
82214,252,王诗宗,2018-07-07 12:23:55,4,6,2,老师真的不绩杀～要下课的时候时不时会有代替点名的小问题，按自己的理解发到老师邮箱就好，老师知识面很广啊，而且有事耽误的时候会解释清楚，助教小姐姐也非常阔爱
86431,252,王诗宗,2018-09-16 04:02:57,2,5,3,事情少给分好。给王老师正名，真的不是绩杀
99534,252,王诗宗,2019-01-25 02:20:44,3,4,1,我来还愿了，真的是绩杀，王老师毁我青春
104026,252,王诗宗,2019-03-10 12:24:20,1,1,0,偶像王
111529,252,王诗宗,2019-07-02 01:22:12,4,4,0,还没考试，老师真的很好，知识也很渊博，真的真的是偶像了
114523,252,王诗宗,2019-07-10 09:57:42,2,3,1,老师讲课意识流，但是知识非常渊博，很有特点
116941,252,王诗宗,2019-09-17 12:24:11,0,3,3,呕吐王失踪
124555,252,王诗宗,2020-07-03 01:38:56,2,2,0,我一开始觉得讨论课很硬核，但是为了平时分我冲了，我然后习惯了之后我敢于表达自己的想法了，老师的课早上8点，有时我会迷迷糊糊的上完，但是他讲到重要的部分我觉得还是很精彩，老师真的知识渊博，很喜欢他这种敢于说话的性格的，最后收获很多，成绩也很不错，谢谢老师，也同样希望以后选这门课的学弟学妹们不要水过去，都收获很多知识，拿到好的绩点，加油！！！
124556,252,王诗宗,2020-07-03 01:51:55,4,4,0,\n\n老师水平还是有的，知识渊博也是事实，人品也还行，但是我的绩点又掉了😭 情感上难以给10分，也算是我的一点点小私心吧，给8分，总体上还是不错的老师，不过上课有点意识流哈哈
124651,252,王诗宗,2020-07-05 05:10:56,2,2,0,感觉王老师很有知识，也很有腔调。上课是不错的，最后卡机了还是有点遗憾
124895,252,王诗宗,2020-07-16 04:08:18,2,3,1,思想很棒，启迪颇深，一分耕耘，一分收获吧
133343,252,王诗宗,2021-02-26 03:42:01,2,3,1,王老师的课如同品茶，越品越有味！
139686,252,王诗宗,2021-07-20 02:51:40,-2,3,5,大绩杀，不知道为什么这么低，明明已经很用心地对待讨论课，期末开卷也都认真地在书上找到答案了，凭什么这么低
158616,252,王诗宗,2022-06-30 17:32:48,-3,0,3,事少给分好
158627,252,王诗宗,2022-07-01 01:29:16,7,8,1,给分好nm呢
159169,252,王诗宗,2022-07-07 09:11:47,4,4,0,事少分好，上课有趣，建议买一下老师自己写的教材，很有收获！
174646,252,王诗宗,2023-06-15 04:24:17,1,2,1,很博学
178311,252,王诗宗,2023-07-10 02:44:23,0,2,2,绩杀！
178579,252,王诗宗,2023-07-15 07:35:38,0,1,1,绩杀，慎选
189373,252,王诗宗,2024-01-23 12:52:52,2,3,1,王老师很可爱！博学鸿儒
197429,252,王诗宗,2024-07-15 01:12:44,0,1,1,。。。
208360,252,王诗宗,2024-12-27 05:13:16,4,4,0,特别好的诗宗老师～身体健康一切顺利！
214086,252,王诗宗,2025-01-23 15:23:54,0,0,0,绩杀，事少
214128,252,王诗宗,2025-01-25 03:14:25,0,0,0,高分很难，大概87+-4分为主。\n\n事情很少，平时不点名。
215160,252,王诗宗,2025-03-03 07:39:52,0,0,0,读书人的风骨
110369,255,卓亨逵,2019-06-26 05:32:25,-2,4,6,老师上课很温柔很绅士，对学生也很温和，就是不知道给分咋样……
120088,255,卓亨逵,2019-11-17 11:23:17,1,2,1,有点麻烦
121315,255,卓亨逵,2019-12-20 15:53:04,-6,3,9,就是帅啊，说话也让人很听得进去，形策这种课让人舒舒服服的水过去?
137607,255,卓亨逵,2021-07-05 09:14:53,0,1,1,每堂课有当堂作业 当堂交 作为点名
137832,255,卓亨逵,2021-07-06 08:57:53,3,7,4,缺勤一次，其他作业和考试全部认真做，绩点2.7，供参考
171225,255,卓亨逵,2023-03-19 12:38:52,1,1,0,上他的形策就是一种坐大牢的体验，喜欢坐牢的uu快冲！
171374,255,卓亨逵,2023-03-22 18:09:44,0,0,0,围观一波
173502,255,卓亨逵,2023-05-26 12:45:54,1,1,0,班团评议给全班每个人都排名是什么馊主意？
175767,255,卓亨逵,2023-06-27 08:14:41,0,1,1,还不错
175772,255,卓亨逵,2023-06-26 13:46:26,0,0,0,求求你别教书了好不好
176077,255,卓亨逵,2023-06-27 14:45:28,-4,0,4,给分很好！
177053,255,卓亨逵,2023-07-01 10:07:15,0,0,0,垃圾绩点，快跑
179465,255,卓亨逵,2023-09-16 11:32:53,0,0,0,一分都嫌多
187065,255,卓亨逵,2024-01-14 09:42:11,0,0,0,上课很烂，而且要求很高，狗屁介绍自己的环节，尴尬死了。最后面绩杀
193820,255,卓亨逵,2024-06-19 15:20:47,1,1,0,懂得都懂
220968,255,卓亨逵,2025-06-20 13:36:27,0,0,0,额虽然教务网上是卓老师，但他似乎一直在出差，上的课不多，而且也很无聊\n\n给分就一般般吧
14833,272,李超平,2016-01-10 00:06:03,3,9,6,还好，铁琴铜剑，敦煌遗书，永乐大典…你值得拥有\n\n
34906,272,李超平,2017-03-02 04:46:30,6,9,3,一个老师发现没人听她上课，为什么总在质疑学生的学习态度，为什么不能反思下自己到底在上什么，值不值得花每周三节课学习？\n\n\n\n我想一个优秀的老师绝对不能把期末考评作为约束同学的唯一标准，也不能把所有教学上的失利归结到同学身上。固然你是一个有着几十年教学经验的老师，你更应该注意几十年间是否与时俱进是否上了些结合时代有应用前景的课。\n\n\n\n那么，尊敬的李教授，我对您上学期的境遇没有半点同情，而且，我支持其余老师的观点，您情怀是好的，但上课方式和课本身有问题。\n\n\n\n这课做1.5分通识我感觉都不值得。\n\n\n\n我说的是信息服务。
37592,272,李超平,2016-11-19 14:39:08,-1,5,6,老师人超好！其实一般不点名只有人特别少的时候才点?期末写一篇综述，认真去做成绩就会好的！
46704,272,李超平,2017-01-22 07:37:26,1,5,4,这zz上课不行给分还低，这破系统不能给0分有什么意思
46709,272,李超平,2017-01-22 07:49:19,1,1,0,(￣^￣゜)
47517,272,李超平,2017-01-29 02:18:41,0,2,2,都挺好的
63414,272,李超平,2017-12-03 11:23:05,5,6,1,老师说她快退休了，所以一副什么都无所谓的样子。所以对于自己辛苦写的综述分数不高也没什么别的想法了。总的来说，课程还是不错的，就是老师略矫情
98959,272,李超平,2019-01-24 05:57:02,1,1,0,很无聊
116232,272,李超平,2019-09-06 11:44:28,3,3,0,真的挺差的。讲事例时长篇大论，和三流小说一样。理论则一笔带过，完全没有不同理论之间的比较分析。
120482,272,李超平,2019-12-09 07:03:05,4,4,0,讲的一般，信息文化概论给分极烂。。
127157,272,李超平,2020-11-12 14:15:01,2,2,0,授课内容毫无新意，大量的故事、案例，对知识的深入度不足，更多的是在听故事一样。\n\n老师年龄大了，对一些新的思想和事物也比较排斥，而对于她固有的观念又十分的执拗，有时候和她交谈能够感受到很明显的壁垒。指点学生，还没深入了解学生的情况，不怎么读学生的文章，就以一种“你是我的学生，你交来的东西肯定是有问题的”的心态开始批判，同时还夹杂着“我肯定在这些方面都比你们强”，而不注重倾听学生的看法
143665,272,李超平,2021-12-01 03:57:10,0,0,0,听不听都不怎么样
183162,272,李超平,2023-11-22 12:56:12,0,0,0,真离大谱
11155,281,李艳,2015-11-24 23:15:15,-2,0,2,哎，不多说，自己感受吧
27834,281,李艳,2016-06-27 19:40:09,10,11,1,完全陶醉在自己的世界中读PPT
70737,281,李艳,2018-01-27 12:49:02,2,2,0,非常认真负责的老师，很有收获，期末会画重点，考题都在平时作业里
86874,281,李艳,2018-09-19 06:41:34,-2,0,2,一言难尽?
90575,281,李艳,2018-11-24 07:20:53,2,2,0,老师超级温柔啊！也很关心学生的生活
95863,281,李艳,2019-01-20 06:53:06,1,1,0,老师人很好很和蔼，对学生也很照顾，有问题也会尽力解决，有时候深夜微信老师，老师也会耐心解答。下面同学说上课很无聊，的确老师可能因为比较年轻也可能不太擅长教学，当然也和课程的设计有关系，土地遥感土地信息系统本身也是大致了解一下，老师上的再精彩意义也不大
111734,281,李艳,2019-07-02 16:38:20,7,8,1,教书育人，别无他心
127456,281,李艳,2020-11-23 07:24:05,0,0,0,上课可能会有点吃力，但是老师的PPT编排地非常好，知识体系很完整。土地遥感上完很有收获！
149985,281,李艳,2022-01-18 07:31:22,0,0,0,老师人特别好，很亲切很用心，真的是教书育人
156799,281,李艳,2022-06-21 03:29:07,2,3,1,还没上过李艳老师的课，但为了职规访谈冒昧地打扰了老师\n\n老师很好，看我是大一的同学把专业的就业方向、教学设置、主要研究内容都给我讲了一遍，还介绍了她的研究方向\n\n老师很温柔，真的想要帮助我交上一份很好的作业，她也说欢迎我们随时去找她和其他土管的老师（无论是学习上还是生活上）\n\n我很期待在大二开启专业课历程，也很期待大三的时候和李艳老师在课堂上相逢。
162506,281,李艳,2022-11-24 00:38:04,0,0,0,老师人真的很好 给分也很好 问她问题会很耐心地解答
163358,281,李艳,2022-12-13 13:43:07,-4,1,5,上传的PPT过几天就删除，你的PPT是金子做的还是银子做的？好，你喜欢删除是吧，能不能提前说好？PPT还上传到钉盘里面，群文件里面也没有，乱的跟狗窝一样，乱七八糟。
170304,281,李艳,2023-03-02 15:17:09,0,0,0,药理学给分太好了 亲亲＾3＾＾3＾＾3＾
829,318,林融,2015-03-17 15:53:00,139,144,5,一学期用王小狗、张美丽、扫地大妈讲完了社会学 很有趣
1911,318,林融,2015-03-26 06:32:47,25,29,4,好老师！\n\n
4892,318,林融,2015-06-30 06:50:57,10,12,2,风趣生动！ps：社会学和经济社会学内容有很大重复，可只选一门
7363,318,林融,2015-09-14 03:36:36,43,51,8,老师风趣幽默，不点名，给分厚道
7718,318,林融,2015-09-15 10:41:23,34,36,2,幼儿园的故事很好听
10139,318,林融,2015-11-16 23:12:37,13,17,4,李小狗，张美丽
10153,318,林融,2015-11-17 02:43:07,10,11,1,老师人很好 很幽默 给分也好
10166,318,林融,2015-11-17 05:33:50,15,19,4,超级棒！强烈推荐！
10172,318,林融,2015-11-17 06:05:22,13,16,3,上课好玩。给分也超好。老师人也超好。还给留学生送月饼。
10990,318,林融,2015-11-23 15:28:03,9,11,2,很生动有趣
11120,318,林融,2015-11-24 10:15:21,14,15,1,没ppt无板书但考他讲的，不会记笔记压力很大，不过讲的蛮不错的
11294,318,林融,2015-11-26 09:35:31,7,8,1,还不错。。好好玩
13036,318,林融,2015-12-24 15:02:11,10,10,0,讲课进度有点慢，但讲得很有趣，给分也好
15664,318,林融,2016-01-16 05:24:31,-20,4,24,老师人很不错，给分就一般般\n\n\n\n
15708,318,林融,2016-01-16 07:14:29,9,9,0,超棒，超有趣，考试题难度适宜，人也很好
19416,318,林融,2016-01-24 06:52:45,8,8,0,认真讲课的老师 每节课都觉得上的很用心 老师人本身也是好的不得了 简直大学最爱课
21147,318,林融,2016-02-22 03:46:13,6,6,0,幽默，大气，给分超赞。\n\n
21875,318,林融,2016-03-01 10:58:55,9,9,0,王小狗，张美丽
22052,318,林融,2016-03-02 07:50:30,20,24,4,很可爱的，知道没有
26081,318,林融,2016-06-15 12:35:00,6,6,0,张美丽和王小狗占据了整个课程，老师也是好到不行，认真听讲，最后背一下，90+
27845,318,林融,2016-06-27 19:56:56,4,6,2,有人格魅力
28509,318,林融,2016-06-28 09:42:43,2,4,2,讲得很好
31713,318,林融,2016-12-28 03:23:41,6,8,2,老师对讲授的内容很熟悉，讲课也很好，很有意思。课上真的能学到东西。就是老师有时候讲得太快了，记笔记压力很大，带电脑来记才勉强跟上。。
31761,318,林融,2016-07-05 01:26:52,-12,7,19,老师真心对课本知识熟悉，内容应该不多，但是能不能给个ppt啊！上课一走神，就不知道讲什么了。本身不喜欢社会学，所以无感
31849,318,林融,2017-11-22 08:26:32,-59,8,67,讲课语无伦次，不用PPT不搬书，最好别作为个性选
32101,318,林融,2016-07-05 15:30:40,10,10,0,没作业 不点名...考试100%...但是试卷真心简单 背背笔记就好了！王小狗 张美丽...
32381,318,林融,2016-07-06 11:08:16,9,11,2,特别好的一个老师，有什么问题微信问他总是秒回，很关心学生
36683,318,林融,2016-11-15 11:14:57,7,7,0,老师很好啊，本身对社会学不感兴趣，但上课还是很有趣，考前非常耐心为学生解答，考的内容都是平时讲过的，成绩还是比较好地能反映努力程度的。
36690,318,林融,2016-11-15 11:46:08,10,11,1,上大学一年半最喜欢的一门课。。。不知道要怎样形容林老师给我留下的印象，就是觉得平平淡淡，实实在在，但特别能抓住人心。觉得只上短短半学期，没上够…………这门课激起了我考研方向选择社会学的热情……实在喜欢。
36697,318,林融,2016-11-15 12:03:16,4,7,3,打十分好老师，虽然我完全按笔记背的只有80分(微笑)
36706,318,林融,2016-11-15 13:04:56,5,6,1,只有一次交作业点到 平时不管  好好复习好好背笔记成绩不会差   老师很好 社会学也很有趣
36713,318,林融,2016-11-15 13:31:09,6,7,1,给分超好~一学期只有一次课堂作业当点名，考试简答题论述题都是划重点的内容，认真听讲收获很大
36738,318,林融,2016-11-15 16:19:15,26,29,3,我对林老师很满意。平时不怎么点名，在教务处要求下通过小测的方式点了一次名。讲课跟其他社会学老师比算是比较有趣的，考试是他独立命题，只要好好背笔记，不会太差的！！！请不要黑他！！！
36844,318,林融,2016-11-16 08:33:28,5,6,1,社会学5来刷一发，老师和蔼+有趣，好好记+认真背90以上没问题。
37076,318,林融,2016-11-17 08:59:52,5,5,0,老师讲课很有趣，虽然是早课，但是完全不想睡觉，考完之后对自己的成绩不满意，老师还会耐心的给我讲哪里错了。真的超好的，希望你们考试的时候千万要看清题目啊，不要像我那样。
37139,318,林融,2016-11-17 14:20:47,5,5,0,老师很幽默，讲课深入浅出，能让我们从另一个视角理解一些曾经令人生厌的东西，上了老师的社会学改变了我的一些看法吧
37357,318,林融,2016-11-18 12:26:36,6,6,0,上课很有意思，只要考前背笔记，分数不会低
37625,318,林融,2016-11-20 01:05:28,10,11,1,喜欢老师的王小狗和张美丽还有她女儿的故事！老师很幽默很有亲和力，讲课认真课后答疑也很及时。不过因为大部分内容他是按照自己思路讲的，而且没有PPT，所以有个阶段会感觉有点乱，逻辑性不是很强，但到最后记清楚就OK了。考试考的都是讲过的挺基础的内容，认真听课和做笔记就没问题。
38289,318,林融,2016-11-29 08:06:18,1,4,3,。。。
39691,318,林融,2016-12-27 03:36:41,-2,1,3,上课内容不多，但都讲的很翔实。平时认真听考试很轻松
40334,318,林融,2017-01-03 03:17:50,2,2,0,很有趣，即使是早课也不会睡着！给分很好，又能学到有用的东西，超级棒！
51102,318,林融,2017-05-17 06:42:18,2,2,0,你这么说  ，那个人肺都要气炸了，知道了没\n\n张美丽和王小狗\n\n很有趣哈哈哈哈哈哈\n\n唯一一门错过了还要录音的课
55532,318,林融,2017-07-01 23:56:21,2,2,0,第一次在大学里遇到不用ppt，全靠嘴巴讲的老师\n\n\n\n虽然要背书，但是我到现在还记得。也算是有所得了
60984,318,林融,2017-11-06 11:52:21,-2,1,3,课堂超级有趣
61124,318,林融,2017-11-26 07:37:50,11,15,4,很棒的老师，学到了很多。最重视的一门课满了
61414,318,林融,2017-11-16 15:00:34,3,4,1,给老师打call！！！
61699,318,林融,2017-11-20 07:23:51,1,2,1,超级棒的老师，上课幽默风趣，给分也很棒！
61930,318,林融,2017-11-22 00:10:27,2,3,1,迄今为止听得最认真的课，整整记了一个小本子的笔记，很有意思，考试难度不大，认真复习必有回报
61935,318,林融,2017-11-22 01:05:22,1,2,1,一门很有趣的课，考试难度是真的低
61937,318,林融,2017-11-22 01:23:27,-2,2,4,讲课很有激情，把笔记背熟了绝对就满了！
61938,318,林融,2017-11-22 01:29:58,3,3,0,老师讲课真的思路超级清晰，很有趣，有很多超级生动的例子，点名的话就是有一个期中的小测试来看看人来齐了没，期末考点超级明确，只要稍加背诵与记忆就可以有90+的好成绩，问问题的时候真的超级好，会非常仔细的给你解释
61942,318,林融,2017-11-22 01:41:43,2,3,1,超好的老师，上课很有趣，王小狗和张美丽大概是忘不掉了。期末会给学生划重点，然后很体谅学生，每次在微信上问他问题，都回复特别快……给分也高！大爱！！
61980,318,林融,2017-11-22 04:13:11,0,1,1,可爱的老师ớ ₃ờ
62008,318,林融,2017-11-22 06:35:41,4,4,0,老师简直太好了！讲课很有趣，还给划重点，给分棒，只要好好背笔记期末考试完全没有问题。为林老师疯狂打call！
62031,318,林融,2017-11-22 08:10:30,2,4,2,总的来说就是想选社会学作为辅修了
62037,318,林融,2017-11-22 08:25:42,6,7,1,小伙伴们遇到期末划重点的老师请珍惜！认真记笔记期末好好背老师划的重点满绩无压力知道没有！
62104,318,林融,2017-11-22 11:38:50,6,6,0,天呐，林老师真的是我见过最认真的老师了，非常有人格魅力…本身就很喜欢社会学…考完试以后问题目，老师还打电话过来认真给分析题目，人超级好
64563,318,林融,2017-12-25 08:19:25,1,2,1,很好，认真背笔记分不会低
64823,318,林融,2017-12-27 09:00:11,3,3,0,强力推荐！上课认真！不明白的问题也可以微信问老师，老师也会详细讲解\n\n
65148,318,林融,2017-12-29 11:35:07,4,6,2,这门课上的我就想辅修社会学！！！大爱林融！！！！！！！
68838,318,林融,2018-01-24 03:03:17,2,4,2,社会学满绩啦  老师很好很幽默。回答问题也很热心  期末考挺简单的认真做笔记就OK\n\n\n\n
76569,318,林融,2018-04-15 10:26:41,1,2,1,最最喜欢的老师～很可爱，很亲切
87387,318,林融,2018-09-28 02:15:04,6,6,0,老师很好呀(●°u°●)​ 」讲的故事内容很社会很有趣很现实也很容易理解！
87490,318,林融,2018-09-29 14:02:02,4,4,0,不带讲稿不用PPT纯讲，妙趣横生出神入化的社会学课堂，令人陶醉。
87626,318,林融,2018-10-08 12:47:26,11,11,0,"老师自嘲""林小胖子""，惊了´∀`"
87966,318,林融,2018-10-19 01:26:57,4,4,0,收益一生的社会学课，上课从来不会睡觉的课
88843,318,林融,2018-11-09 14:58:14,4,4,0,上完课两年后才给的评价（捂脸）当年上课时觉得林老师非常幽默有魅力，对我们很体贴耐心，如今才发现他上课传授的干货对于做人非常重要，诚哉为人师表、倾囊相授！
89245,318,林融,2018-11-17 13:15:39,2,2,0,老师上课全程不用ppt不点名，讲得很好很有趣。绩点全看考试，只要认真背笔记考试就稳了。
89247,318,林融,2018-11-17 13:18:07,8,8,0,林老师这么太幽默了吧  上林老师的课就是一天快乐的源泉了，林小狗和张美丽hhhhhhhhh  只要认真记笔记  期末认真背 就能拿到好成绩哇～
89248,318,林融,2018-11-17 13:23:15,4,4,0,哈，刚刚出的成绩，说好三天内出成绩就三天内出成绩。上课不点名，只有期中一次小测作点名。上课没有PPT，就靠老师讲，然后疯狂记在小本子上。期末一看复习的东西好多，然后老师透题式的复习把内容压的很少。最后，老师上课经常说知道了没有? 超可爱的，渴望被同学加微信去问问题
89250,318,林融,2018-11-17 13:31:56,2,3,1,太感人了，给分超好，会把考点都跟你讲了，好好背完全可以拿高分
89252,318,林融,2018-11-17 13:44:32,2,2,0,好好记笔记认真背分高
89253,318,林融,2018-11-17 13:54:30,2,2,0,我爱林老师
89256,318,林融,2018-11-17 14:14:14,7,7,0,太喜欢林老师了，没有PPT没有教案，用王小狗和张美丽讲完了所有课，生动有趣，也没有作业，考前会复习划重点，超棒
89257,318,林融,2018-11-17 14:23:15,0,2,2,\n\n林老师社会学上课也太有意思了吧\n\n条分缕析 风趣幽默\n\n而且给分也太好了吧 \n\n认真背笔记分数不会低\n\n真的大爱
89259,318,林融,2018-11-17 15:25:09,0,1,1,老师给分太好太惊喜了吧！！
89272,318,林融,2018-11-18 02:00:51,2,2,0,草鸡年轻态的老师 声音也超温柔 没有ppt 教案全在心里 没有作业 期末好好背笔记就没问题 基础概念理解为主
89274,318,林融,2018-11-18 02:40:10,1,2,1,林胖好可爱！！！
89279,318,林融,2018-11-18 04:10:43,2,5,3,第一次满绩！开心！谢谢老师！
89284,318,林融,2018-11-18 04:36:56,2,3,1,啊啊啊吹爆老师！男神无疑了！
89301,318,林融,2018-11-18 07:37:53,0,1,1,超级棒！！
89303,318,林融,2018-11-18 07:49:35,6,7,1,大部分内容口述没有PPT，需要每节课都做笔记，语言风趣幽默，评论说的都是真的。最后一节课说考完三天出成绩就三天出，考完也可以微信找老师分析，老师一定一定会帮你找试卷分析失误，真的非常感谢&感动了。另外考试时东二201教室第二排那个戴帽子的男生作弊，中途还故意出去上厕所，衣服袋子藏纸片的，祝你这辈子都过不了这门课。
89316,318,林融,2018-11-18 10:34:35,2,3,1,为融融疯狂打call
89325,318,林融,2018-11-18 12:35:06,3,3,0,讲课相关 | 林老师讲课贴近生活，各种事例信手拈来。能感受出来，他是把社会学融入了生活。听其课，记笔记，背记时毫不费力。一学期下来，使人收获颇丰。如今遇人遇事，我常不自觉套用社会学所学来解释剖析。\n\n\n\n考核相关 | 老师会选一次人多的课以小测（不计分）形式点名，倒数第二节课会梳理重点，最后一节课是答疑。
89353,318,林融,2018-11-18 15:15:01,3,3,0,老师非常负责体贴，讲课考试什么的很实在，不搞花招，很棒
89368,318,林融,2018-11-19 00:33:14,5,5,0,林老师真的是一个非常好非常可爱的一个老师，很照顾学生，自己也很有水平，什么时候才能变成和老师一样优秀的人哇啊啊啊啊啊啊
89695,318,林融,2018-11-20 09:43:20,36,39,3,我考完查到分之后向他问考试情况，微信秒回并一定要晚上回家把试卷翻出来然后语音了十分钟，把每一分扣在哪里讲清楚，还提了对我以后学习的意见。就凭这个都可以一生推。
90011,318,林融,2018-11-21 14:33:34,-3,1,4,非常棒，老师会耐心地解答问题，基本上是秒回。必听之课!
90229,318,林融,2018-11-22 14:44:06,3,3,0,林融老师非常可爱 非常有耐心，负责任\n\n有问题立马微信语音回复 只要好好背笔记绩点就很不错
90883,318,林融,2018-11-27 03:29:30,-3,0,3,老师讲课还行，蛮有趣的。
91318,318,林融,2018-12-05 14:06:16,4,4,0,期末考试前15分钟，助教正把卷子摊在讲台上，老师过来说了一句:别把卷子摊开，学生是很狡猾的，瞄一眼就知道考试内容了。…………学生是很狡猾的Σ(っ °Д °;)っ
92236,318,林融,2018-12-27 07:22:31,1,1,0,真的太好了！！我感动得要哭了
93985,318,林融,2019-01-14 14:44:37,1,2,1,非常棒
102527,318,林融,2019-02-05 03:53:00,0,0,0,林老师太好了呜呜呜！大年初一还给我发新年祝福！！！
111615,318,林融,2019-07-02 07:41:23,-7,5,12,上社会学的专业课经常被老师diss社会学概论是怎么学的，林老师要背这个锅。
112742,318,林融,2019-07-05 01:52:06,3,3,0,林老师太友善了！！很会上课和教书的老师，对一个外专业的学生来说，社会学上学到了很多知识，很有用！（再次感谢老师呜呜
112913,318,林融,2019-07-05 10:39:59,-4,0,4,条理清晰
112973,318,林融,2019-07-05 17:09:50,1,1,0,给分太感人了，都怪自己考试的时候脑子卡壳
112982,318,林融,2019-07-05 17:14:16,3,3,0,老师太好了55，好好背真的没错！！谢谢老师！
113384,318,林融,2019-07-06 13:40:42,2,2,0,吹爆了
117618,318,林融,2019-09-26 23:58:23,6,6,0,知道了没有??
118556,318,林融,2019-10-28 12:36:14,3,4,1,社会学是我秋学期最最喜欢最最期待的一门课辣！
119221,318,林融,2019-11-11 09:53:47,2,2,0,老师很好，对学生很负责，考试期间问的问题都很认真的回答。从细节中可以看到一个人的人品，真的一名不错的老师。
119349,318,林融,2019-11-12 07:54:02,13,13,0,林融老师批280份试卷，亲手，一个人。
119762,318,林融,2019-11-15 11:50:49,0,0,0,老师真的很好 回答问题很耐心 一个人批快三百张卷子 给分很客观 考试好好复习分数绝对不低
119768,318,林融,2019-11-15 14:41:43,1,1,0,老师真的超级认真超级负责！！讲课幽默风趣，学生有问题微信秒回，出了成绩会语音通话细细的讲解，我的天这么好的老师真的不多了！！好好珍惜！！
119826,318,林融,2019-11-16 03:06:21,3,3,0,当个性来修的，老师人超级好，讲课条理清晰，重点分明。考前会划重点，考试难度挺低。是一门就算不点名也让我心甘情愿起床的两天早八
119867,318,林融,2019-11-16 11:37:29,0,0,0,对林老师早有耳闻，知道他是负责任出了名的。加了老师只是打算问一问今晚会不会出成绩老师直接一个电话打过来告诉我分数。简直太好了！
119924,318,林融,2019-11-17 01:01:47,-2,1,3,老师人真的很好，背半天去考完全没有问题，大概很久都会记得王小狗和张美丽的故事吧！
119942,318,林融,2019-11-17 01:34:40,2,2,0,近距离接触小哥哥的课程，感谢社会学让我一学期都坐在nlb后面，想和小哥哥组cp(*˘︶˘*).。.:*♡
120000,318,林融,2019-11-17 04:11:44,2,2,0,来浙大能选到最幸运的课！林融老师真的超可爱！教学水平极高，上课不用ppt不用书，全凭老师一张嘴！
120060,318,林融,2019-11-17 08:54:04,0,2,2,老师真的太棒了！课堂又有趣又有干货！给分超超超超级好！认真背书就能满绩满绩满绩！
120103,318,林融,2019-11-17 12:28:17,3,3,0,林老师真是太棒了！！！可是nlb xgg是我的！！！
120104,318,林融,2019-11-17 12:29:20,3,3,0,绝了，老师一绝，nlbxgg更绝，每次坐他后面都不能好好上课嘤嘤嘤
120130,318,林融,2019-11-17 17:56:22,1,1,0,社会学没满真的是我太辣鸡了。老师太棒啦！可以水，但是好好听课也超级舒服！顺便问下你们说的xgg到底是谁?
120163,318,林融,2019-11-18 01:48:33,1,1,0,疯狂给nlbxgg打CALL!!!\n\n
120268,318,林融,2019-11-27 02:04:36,-2,0,2,太负责了没见过这么负责的老师呜呜呜
124346,318,林融,2020-06-29 13:00:13,14,22,8,看到评论区里大家对林老师清一色的好评，那我不妨来说几句差评。就林融老师所开设的“社会学概论”这门课来说，我认为老师的态度是认真的，但是老师的专业程度是值得怀疑的。林老师上课的内容过于简单，过于片面，所授知识完全不能算得上“概论”二字。也许对非社会学专业的同学来讲，这是个不错的个性选修课，简单，给分好，又不点名。但是对于社会学专业的学生而言，这门概论课基本上只讲社会学当中微观人际互动的部分，重点是信任，信息以及中国的人际互动等等。一学期听下来，社会学中几个重要的方面比如社会结构，制度之间的互动关系，国家与社会的互动等等，很多议题都毫无涉及。更令人不满的是，作为社会学的专业课，实在是太水。没有文献阅读，没有论文写作。作为社会学专业的入门课，如果不带着大家读读三大家，读读吉登斯，读读哈贝马斯一些著作经典，怎么可能打好专业的基础？就此一点来说，林老师的“社会学概论”失败之至。拿着这些残缺不全的东西就去上各种专业选修课，不被其他老师diss才怪。
125443,318,林融,2020-09-09 08:13:12,-4,2,6,一学期笔记过三遍，当堂课讲一遍，下节课课前简略复习一遍，期末从头到尾过一遍。只能说实在太认真详细易懂了！\n\n林老师和王小狗的故事百听不厌！\n\n笔记是林老师一句话一句话复述出来的，一学期记笔记几万字555\n\n我爱林老师，我爱社会学w
126754,318,林融,2020-10-18 15:19:31,12,14,2,老师讲的是非常细致的，笔记也记了很多，还没考试。但是每年讲的东西是一样的，社会学通识课和社会学专业课讲的内容是一样的，好话已经有很多人说了，我也挑点茬，是不是多考虑一些案例能够把当今社会的热点和社会学的理论相结合？而不是反反复复机械化重复同样的例子
126891,318,林融,2020-10-27 01:33:24,10,12,2,讲课效率低下，虽然方式独特，但是严重影响了学习质量。同时，涉及内容也较为片面，并且相对过时。
127448,318,林融,2020-11-23 06:41:12,-1,2,3,林融老师，也太好了吧，让我深深记住了王小狗，张美丽还有马变斑马🐴 。
127492,318,林融,2020-11-23 12:22:36,8,14,6,问问很多同学，你们是真的意识到老师“好”在哪里，还是只是在大学遇到一位不用讲义不用PPT单靠一张嘴讲完32节课的老师，觉得牛逼而已？\n\n诚然，林老师自成体系的讲解，绘声绘色的举例，确实很有特色，也传授了不少知识，但是也必须意识到，这门课的讲授缺乏一定和当下结合的点，每一年的案例都是一样的，考试也相对僵化；\n\n其二，既然是这样的模式，没有讲义没有PPT，单凭学生对老师一张嘴所讲进行记述，我想可能1000个人会有1000份不同的笔记。之前说了，考试的题型很僵化，但是这些固定的答案，同学们可能记得并不一样，即便有考前复习，大家对一个知识点的掌握，可能是我觉得A这句话更重要，他觉得B这句话非写不可，而老师如果看不到C就不给分。甚至可能细致到一个字（规定与规范，这是老师强调的，如果还有其他老师没强调的呢？）所以最后给分，也不是所谓的“背了就满”，因为如果你的觉得要写上去的重点老师觉得没用，这部分分是不会给你的。
142127,318,林融,2021-11-07 07:14:15,-1,1,2,认真负责的好老师！
142473,318,林融,2021-11-12 03:30:29,2,9,7,就这种老师也配高分？你们长眼是留喘气的？
144022,318,林融,2021-12-16 05:22:33,6,11,5,lr凭什么9分？
151015,318,林融,2022-02-22 03:15:02,-8,0,8,听他的课我都舍不得玩手机
156916,318,林融,2022-06-21 10:32:05,-1,1,2,他特别注重理论工具的发展应用不能离开所要解决的问题本身，课程很多知识确实对中国社会的一些现象有解释力，很好的老师，只要学生态度认真他会很热情的。
159201,318,林融,2022-07-07 18:54:35,-10,0,10,给分真心好，上课也有趣
160265,318,林融,2022-09-16 03:19:05,-8,0,8,好可爱
160612,318,林融,2022-09-28 03:31:14,11,13,2,9.9怎么打出来的…真的过誉了…理论水平和阐释能力都很有限，课堂里太多飘忽的判断。
161354,318,林融,2022-11-04 13:10:15,7,9,2,一学期从头到尾听下来，怎一个平庸了得。陈旧老套，洞见全无，随便读一本社会学导论小册子所学到的东西都能比听一秋学期这个空洞冗长的低质量课堂来得多。最后一节课看到好些同学勤勤恳恳地询问问题，无论他们是出于纯粹的求知欲望还是仅仅为了应付考试，我都感到无比心疼：这样的课堂，不值得。好在这位即将退休，退位让贤。希望能够有年轻的杰出人士来到浙大，只有这样，浙大文科才能有未来。
161451,318,林融,2022-11-07 04:22:51,-2,1,3,老胡中肯。前期看到没有ppt，只有讲课，也不是很想听。到中后期发现讲的很有趣，很多关于中国社会很现实的东西还有过去那些事情，就开始后悔前面没有好好听。课后去问问题，老师也很热情回答，都会拖到很晚。但是听多了，也发现讲来将去就那些事情，但第一次听还是很有趣很受启发，感觉提前步入中国特色人情社会，最后希望可以给我高分嘤嘤嘤
161835,318,林融,2022-11-14 10:30:04,-4,1,5,不会说一个给分好的老师不好😍对Paper的要求也不高，只要研究具体一些的问题，结合上课讲解，多查查论文，体现出自己对于问题的思考就可以。\n\n但是老师把社会学局限在微观人际互动，个人觉得有点偏颇了，如果作为社会学专业的基础课可能不太合适。想了解社会学整个体系的架构，不如多看看社会学概论类的书。
161837,318,林融,2022-11-14 10:37:26,-5,0,5,作为外专业的学生，选这门课感觉还是挺不错的，挺有趣，也可以了解一些社会学的知识，虽然上课方式和考前复习实在硬核，但是老师给分也很好
161846,318,林融,2022-11-14 12:05:05,-4,0,4,给分不多说，好就对了。
161871,318,林融,2022-11-14 15:43:49,-3,1,4,非常不错！王小狗和张美丽哦豁
163129,318,林融,2022-12-16 08:18:16,2,3,1,是靠贩卖冷饭维持生计的可怜人呢
175081,318,林融,2023-06-21 12:16:31,0,2,2,哎哟喂，听说老师退休了来逛逛。自己不好好背讲义拿了低分在这踩，最新的评论只要夸给分好的全都是负的，有些人心里不要太不平衡。
180331,318,林融,2023-09-21 06:29:36,1,1,0,如果一门课上下来成了资料背诵为主导，那我觉得这门课是让人失望的
17057,349,岳文泽,2016-01-19 14:00:30,-1,7,8,是个很棒的老师！
27831,349,岳文泽,2016-06-27 19:36:12,16,22,6,节节课点名，作业超级多
28271,349,岳文泽,2016-06-28 08:24:22,-8,3,11,老师讲课很有趣，特别认真，两周点一次名。虽然作业比较多，但是作业都比较容易做，而且认真做作业对考试很有帮助。
28327,349,岳文泽,2016-06-28 08:33:52,6,8,2,几乎每节课都点名，一周留一次作业
49792,349,岳文泽,2017-04-26 05:39:50,-4,5,9,土管的孩子们，岳大大可有你们受的！\n\n但是你们会感谢他的
50371,349,岳文泽,2017-05-02 13:38:35,4,6,2,作业超多，其他专业的人慎选
51511,349,岳文泽,2017-06-07 02:07:04,2,4,2,认真，能学到东西，虽然作业有点多，
78832,349,岳文泽,2018-05-15 12:50:43,1,4,3,老师很爱思考，逻辑性很强\n\n但是！！！\n\n作业也忒多了吧\n\n一周两篇阅读报告\n\n100页阅读材料\n\n如果不读完就写可能零分\n\n啊啊啊啊啊啊
79111,349,岳文泽,2018-06-22 14:00:53,2,4,2,第一次脱发献给岳大大
83662,349,岳文泽,2018-07-11 03:14:58,-2,3,5,作业很多，但是老师很有思想，能学到很多知识，给分也不错，虽然辛苦但还是很有成就感的，谢谢老师
83668,349,岳文泽,2018-07-11 03:27:04,-3,2,5,作业多 但是给分很好噢!!
88303,349,岳文泽,2019-07-13 14:17:17,3,9,6,垃圾老师一个，节节课点名，作业超级多，讲课讲不知所云。
88304,349,岳文泽,2018-10-28 01:25:07,4,6,2,就是一个很严格很奇怪的老师
88310,349,岳文泽,2018-10-28 06:20:57,4,9,5,上课前先一个个点名。上课时提出很多问题，让学生一个个回答，基本上一天课，每个人都会叫到。课间休息还要点名。对了，作业超级多。
88620,349,岳文泽,2018-11-04 07:24:20,0,1,1,评分很水，都是高分！
88760,349,岳文泽,2018-11-07 11:31:48,-1,3,4,虽然每节课都有阅读任务有作业，但有收获，感谢老师～
93983,349,岳文泽,2019-01-14 14:33:49,-1,3,4,岳老师讲课真的很好哇！逻辑性很强，干货满满，讨论引人思考，作业虽然多，但是认真做真的有收获！
133638,349,岳文泽,2021-03-03 05:28:55,10,12,2,二货，事儿逼，喜欢用嘴而不是脑子提问题。
152872,349,岳文泽,2022-04-25 13:49:02,1,1,0,老师很温柔
152880,349,岳文泽,2022-04-21 07:29:32,1,1,0,作业有点多，但是讲课不错，学到很多，给分也挺好，认真学成绩不会差
190234,349,岳文泽,2024-02-26 07:51:30,1,1,0,开幕雷击
190746,349,岳文泽,2024-03-17 07:24:07,6,6,0,什么****，服了，目前为止上过最烂、屁事最多的两个学分的专业课……我再选，我就是**
190777,349,岳文泽,2024-03-19 12:02:14,4,4,0,每周两节早八必点名\n\n喜欢用嘴而不是脑子提问题\n\n关于作业，质上来看经常不明所以然（举例：读《中国新型城镇化规划》写读后感、自己找办法统计城市化率），量上来看平均每周字数2000+，相当于一个春学期4-5篇论文\n\n\n\n凑土管专业选修学分的话你选别的任何一门课都比来这遭罪强，跨专业的看到这赶紧划走吧
190779,349,岳文泽,2024-03-18 14:20:02,2,2,0,作业真尼玛多
190962,349,岳文泽,2024-03-26 01:03:04,4,4,0,城市地理学 2学分\n\n\n\n每周两次早八\n\n高频率点人回答各种莫名其妙的问题\n\n作业多得离谱，每周最少得花两天时间写他的作业\n\n讲课水平非常一般\n\n土管人慎选
192118,349,岳文泽,2024-05-09 12:14:24,6,6,0,新老师张衔春上课甩他8条大街 噩梦结束
219727,349,岳文泽,2025-06-05 01:57:04,1,1,0,他非常自信，但是现在城市地理学任务很轻松，只有一篇3000-5000的小论文，总体而言还可以
221042,349,岳文泽,2025-06-21 04:00:10,0,0,0,因为这个课是加开的，而且考虑了一下同学们的意见，现在的课程作业就只有一篇论文了，老师上课氛围也挺轻松的，理论讲解更细致，现在来说很推荐🥳
357,359,揭爱花,2018-04-11 05:57:38,59,86,27,揭老师以前受邀做过电台节目，接触到的实际例子非常多。她讲的例子都是真是的，有些特别动人，很有趣啊。
6346,359,揭爱花,2015-07-13 06:08:46,6,18,12,讲的非常好，开拓思路，新的角度，受益匪浅，给分也与付出成正比
6356,359,揭爱花,2016-12-21 04:29:57,-27,28,55,亲测，虽然考试还好，也每节课都去，但前排写作业就会被平时分超级低，两年来倒数第二低的绩点，心碎成渣渣了
15700,359,揭爱花,2016-01-16 07:07:51,-3,12,15,超棒！例子鲜活深刻，很有见解
19885,359,揭爱花,2016-01-25 13:41:44,1,13,12,老师讲的超好！！虽然最后考试有点难度，但还是平时接触过的话题，好好听课一定有回报。。最后给分也超好！
20393,359,揭爱花,2017-12-23 02:20:22,0,15,15,强推性别与社会！不按等级制给分超级好！老师讲的一些例子很有趣听来很有意思～
26232,359,揭爱花,2016-06-16 10:19:06,1,10,9,炒鸡棒 不按等级制的通核
34072,359,揭爱花,2016-09-26 11:43:06,-5,27,32,屁股决定脑袋的鲜活范例，大失所望
34921,359,揭爱花,2016-10-26 12:59:47,7,14,7,大学开蒙者
39081,359,揭爱花,2016-12-21 04:29:17,6,16,10,老师讲课很棒，建议人文社科的同学选一下，对社会和性别的分析很透彻，正三观。
43936,359,揭爱花,2017-01-17 06:45:56,-5,21,26,很恶心的课，讲的是不错，但是平时分这个老师就看你在她课上听不听她上课，因为她会让你做一个名牌放桌上然后拍照，表面上是点名，其实如果你不听课被她看见，她可以之后看照片给你打低分，谁跟老师混得面熟谁就赢，然后很多恶心的人就刷存在感，让人反胃
45887,359,揭爱花,2017-01-20 08:27:29,1,10,9,大一就选上通核，老师超级棒，大一印象最深的一门课，没有之一
46352,359,揭爱花,2017-01-21 10:09:44,0,24,24,老师的某些观点其实过于偏激了，上课没有之前想象的有趣。给分的话就看和助教关系了吧。虽然性别与社会这门课很多人推荐，其实个人觉得有点不符实。
46417,359,揭爱花,2017-01-21 13:46:01,-1,8,9,老师上课挺有意思  但是最后给分并不怎么样  即便最后考试考好分数也不会高  还是刷脸和助教的关系吧
47222,359,揭爱花,2017-09-18 08:54:54,-9,0,9,
47456,359,揭爱花,2017-01-27 00:56:02,0,4,4,给分hh
49600,359,揭爱花,2017-04-20 03:03:18,-4,10,14,无趣。
57379,359,揭爱花,2017-07-07 05:21:34,0,6,6,给揭老师和潘耘学姐满分～比心心～
60519,359,揭爱花,2017-10-23 06:34:15,-5,43,48,这老师课还能有人推？讲着几百年前的例子当靶子打，完全不管社会实际发展，希拉里失败是因为她是女人，宁为玉碎不为瓦全说的是女人？？真的是什么都和性别歧视有关的咯？
62828,359,揭爱花,2017-11-27 06:01:38,-9,6,15,吐了。
71754,359,揭爱花,2018-01-29 02:41:01,-3,8,11,说句真心话，大家上课都是为了绩点。揭老师的课，我作为一个医学生，有些不科学的东西比如人造子宫已经可以用了这种话我其实是很不爽的。但是这门课是真的给分好啊，一下就满了。还有一个超漂亮人超好的助教姐姐潘耘啊。
77887,359,揭爱花,2018-05-08 10:55:24,0,1,1,老师说的有些有道理，有些又有点偏激，感觉要凭自己的知识判断，不过整体很有趣，值得一上！
78827,359,揭爱花,2018-05-15 11:35:20,-9,11,20,性别与社会？\n\n女性与社会。
85260,359,揭爱花,2018-07-16 14:33:36,0,3,3,对老师感觉一般\n\n但助教太好了\n\n史上最帅老油条助教陈佳俊\n\n为了他给这课10分\n\n
85328,359,揭爱花,2018-07-17 04:51:42,-7,6,13,助教姐姐一级棒了，至于老师本身emmm观点有些偏激，有些陈年的例子就不要拿出来讲了吧...给分很不好??既然最后要考试能不能讲点有用的东西？
85358,359,揭爱花,2018-07-17 08:13:34,8,17,9,没忍住，第一次给一门课差评，给分真的是不能理解，分数是看跟助教关系？
85461,359,揭爱花,2018-07-18 06:09:02,-9,7,16,这是我见过的最辣鸡的课 \n\n比创业基础还玄学\n\n考试考的啥玩意儿   \n\n上课讲的什么玩意儿  \n\n拿着放在十年前很先进的观点现在还在讲\n\n无聊得一批 \n\n给分还差
85509,359,揭爱花,2018-07-18 16:39:22,-12,10,22,观点太过偏激！课程内容基本就是女性受到的不平等待遇，以及对比中国女性受到的各种压迫，中国男人有钱就会变差等等...个人不是很认可，然后给分一般，期末考试难，打分严格，不懂为什么有人说这个课好。
85716,359,揭爱花,2018-07-27 22:56:19,-2,4,6,事挺少的，助教姐姐特别善良，期末还开卷考，这也是我在夏学期选课时推荐朋友选这门课的原因；但是，我现在后悔了，给分也太差了吧，感觉自己平时分不会低啊，然后期末考也太玄学了吧，感觉自己答的书上和资料上都能找到啊，除了第一题的名词解释不确定，一下子就这么低的绩点了，还在平均分之下，均绩直降0.06!!!
93956,359,揭爱花,2019-01-14 12:27:09,0,1,1,我觉得吧，这门课对我的性别意识起了引导疏通作用。
93962,359,揭爱花,2019-01-14 13:06:54,5,12,7,我，必须要吹爆老师。受益良多，以前都是自己瞎看文献，现在终于有机会好好梳理这些东西了。我认为评论里的有些偏激了，个人认为老师的观点和讲课都很好，我学到了影响人生的社会学也好女权也好相关知识，也许是刚好和我想法一样的原因吧。讨论课氛围也很好，这是我目前唯一一门发自内心去听的课。医学生留。还没考试，我也不在意绩点。
99837,359,揭爱花,2019-01-25 08:13:27,-11,8,19,喜提A+感谢老师
99858,359,揭爱花,2019-01-25 08:43:38,27,29,2,不论成绩，揭老师真的完全改变了我对 性 和 性别 的看法，别的不说，至少现在，作为一个女生，我并不支持（当然也不反对）所谓的处女情节了，虽然别人看似是一小步，其实是我的一大步，这小小的事情背后可以追溯到婚姻家庭的起源，生育制度，性与爱，男女平等，女性觉醒和女权思潮等等，真的不是我们想的这么简单。给分的话，通核给分都要正态，看开了就好了。
99872,359,揭爱花,2019-01-25 08:55:43,29,32,3,有些评论戾气真的重。我觉得老师传达的一些观念挺好的，可能某些人自己接受不了吧
99915,359,揭爱花,2019-01-25 09:36:45,0,3,3,可能在通核里算是事情不多的，一学期两次展示，一篇读书报告，期末开卷考试。课程内容很有趣，值得以上。给分的话，通核等级制给分本来就不怎么友好，绩点也不能强求。
101862,359,揭爱花,2019-01-29 10:10:20,1,3,2,揭老师的课给了我不一样的感觉。虽然之前听同学说要立个名牌好让老师认识你，老师也提起过这件事，但整个秋冬学期都没有人立，坐在前几排的好像永远都是那些同学，助教小姐姐（小哥哥）人很好，每次讨论课都有新的收获，理论课也很好很有趣「虽然有些言论不是很认同」但每次都有认真听，毕竟最后的考试内容基本上是老师上课提到的，老师会在最后把PPT都给同学「虽然没什么用」开卷考，虽然通核不可避免会正态，但是一分耕耘一份收获吧，希望感兴趣的同学都能选上性别与社会，在讨论小组认识一群有趣的朋友。
107593,359,揭爱花,2019-05-07 09:11:57,2,3,1,老师讲课很棒，一个短学期的课程已经很满足之前对性别社会学内容的期待了，有很多干货。虽然时间很紧最后讲理论时有点匆忙，但是仍然让人感觉很有收获，很启发同学用性别视角观察社会事实。希望老师能开一门长学期的专业课，这样脉络可能更加清晰，我们也能学得更加充实。
112917,359,揭爱花,2019-07-05 10:44:59,0,2,2,很棒的老师！\n\n
113690,359,揭爱花,2019-07-07 04:02:05,0,0,0,还不错 给分全凭自己的期末和助教
115009,359,揭爱花,2019-07-14 04:06:36,3,4,1,老师对于婚姻那一块的剖析真的非常到位 让我对于婚姻有了新的理解 也明白了婚姻的实质是什么 如何去维系一段婚姻
117372,359,揭爱花,2019-09-23 12:12:59,-35,8,43,我是真的服，请问老师看过刘强东性侵事件视频没？我觉得这件事，一是刘强东自作自受，行为不检，所以他被人唾弃。但是那个女的在酒店回房过程中那种主动牵手，挽胳膊难道不是一种暗示行为？真的是什么都往性别歧视上面扯，我感觉太荒谬了。我个人非常反对性别歧视，但是老师能不能搞清楚哪些事是性别歧视，别瞎往上面扯啊???
119420,359,揭爱花,2019-11-13 00:00:36,3,5,2,来自浙江大学第一个有关性别的课程\n\n老师很有自己的女权思想，讲课很有趣\n\n
121893,359,揭爱花,2020-01-23 06:08:06,3,5,2,老师很好，让我思考了很多以前没有思考过的问题，对性别和女权有了新的认识和自己的思考。给分看考试，平时分没啥作用。发言只有几次的同学拿了A+，每次都发言的同学B
126498,359,揭爱花,2020-09-28 12:31:08,1,7,6,虽然老师的观点有些偏激，许多想法我都不能接受，也没有获得一个高的绩点。但是通过这门课我作为一个理科生，体会到了社会科学的乐趣。
126587,359,揭爱花,2020-10-04 13:55:33,5,9,4,揭老师真的是非常优雅知性的女老师，讲课逻辑非常巧妙清晰，运用的一些事例非常引人入胜，听说她的性别与社会课还蛮难选的嘿嘿
126607,359,揭爱花,2020-10-07 16:19:19,3,14,11,揭老师的课真的讲的很好啊，作为一个社会学的学者，真的很有逻辑和修养。作为一个男生我真的完全没有感到她有任何女权或者女拳的思想，都是非常客观和理性地在分析问题
127357,359,揭爱花,2020-11-21 04:18:12,-43,13,56,水平太差了，什么背景的人都能当老师。然后课程安排就非常水，一看就是从来不备课不准备的，就上去就乱讲一通毫无营养。。考试也很迷惑，给分也很迷惑。
129359,359,揭爱花,2021-01-04 13:10:54,5,7,2,好老师，讲课很有逻辑和思想，是真真实实的一个学者
132154,359,揭爱花,2021-01-30 15:49:18,14,16,2,为什么不到十分啊
132886,359,揭爱花,2021-02-04 10:45:07,7,8,1,助教姐姐人超级好！！每周上通核讨论课是我卑微专业课爆炸的大三最快乐的时光了~
133285,359,揭爱花,2021-02-23 12:51:00,20,21,1,性别问题本身就是一个敏感的问题，但老师不是偏激的人，反而会在课上告诉大家保护好自己，不要冲动。讲课理论偏多，不用太担心老师观点与自己不符的问题。讨论课非常舒适，整个学期讨论课保持着开放真诚的氛围，话题也都现实且有价值。
137476,359,揭爱花,2021-07-04 10:44:38,3,4,1,老师真的好温柔，而且很有气质！\n\n上课讲的也很生动很客观，不会让人觉得偏激！
137718,359,揭爱花,2021-07-05 18:50:10,14,15,1,太喜欢了，期末复习的时候才发现资料里特别多经典社会学理论，都是老师自己整理分析女性主义的，干货很多，每年也会更新ppt的内容，结合放下发生的事件来讲(21年有讲到三胎)。老师的观点比我这个radfem温和太多了hhh。我们班的讨论课气氛也非常好，同学们都是非常想要深入探讨性别相关的问题的，互相提问矫正，助教姐姐也给我们讲了很多，分享了很多视频，作业也很少就一份读书报告和两次小组展示(这大概是通核里最少的了？)不管给分，墙裂推荐。尤其是你，正看着我的评价，心里还对女性主义存在刻板印象的你。虽然这是通识课，但是系统性地去了解女性主义的发展和成果，对每一个人都非常有用
139596,359,揭爱花,2021-07-18 03:46:18,1,1,0,很好啊
139647,359,揭爱花,2021-07-19 05:09:39,8,9,1,听老师讲课真的很有收获，事情不多最后绩点也不错，讨论课超有趣而且不卷，吹爆助教zyxxjj
139724,359,揭爱花,2021-07-21 10:29:09,4,4,0,百分制通核太少见了，给分真不错，课程也很有意思，每次讨论课都能收获很多
140407,359,揭爱花,2021-09-10 17:20:21,89,93,4,是一个让我的人生发生重大转折的通识课（遇到了npy，向家里人出柜了
140424,359,揭爱花,2021-09-11 06:22:38,14,17,3,祝福楼下！！！
150905,359,揭爱花,2022-02-21 02:56:32,13,16,3,性别与社会。个人不喜欢，虽然说自己激进，但是观点很旧，教了几十年这个课，东西反复讲，一个事例会讲很多次很多次，真正有价值的性别知识不多，还不如读课本学的多。我觉得她真正想的只是希望我们婚姻生活美满，职业生活正常。如果你这一方面知识空白，学了有益，如果你已经是女权主义者或者有一定想法，你可能听不下去。    不过，周三的讨论课是助教主持，我超爱，能听到各种观点，认识很多有趣的人，就冲这个讨论课我也还是会推荐性别与社会。
150980,359,揭爱花,2022-02-21 13:29:46,5,5,0,女孩很好 很重要 。因为人很重要 。
154198,359,揭爱花,2022-05-26 00:15:25,4,6,2,歪个楼，大家好像都是在评价通核课，想来讲一下专业课，专业课事不多不点名，但是给分很玄学，可能动不动就3或3.3了，总之…小心为上
157047,359,揭爱花,2022-06-21 17:34:08,5,5,0,真的感觉揭老师讲的很好才过来评论的，em。。。一个学期下来感觉自己看待问题的角度，对人的宽容程度都有改善
158851,359,揭爱花,2022-07-02 19:35:09,1,6,5,专业选修课，快逃只能说。与系里其他老师详细的syllabus截然不同，到最后一周才知道考试范围与占比。课堂内容说是情感电台都是抬举，甚至不如民办妇科医院的小杂志。最后如楼下所言，绩点爆炸。
158900,359,揭爱花,2022-07-03 05:25:41,1,1,0,通核课，大课老师从不点名，去不去无所谓，讨论课积极发言即可，给分不错
159200,359,揭爱花,2022-07-07 18:52:05,1,1,0,给分没那么好，大课没什么干货但是讨论课还不错，谨慎选课
160064,359,揭爱花,2022-09-12 15:04:06,4,5,1,大学第一天上课就上了性别与社会，真的好爱揭老师！！讲课真的好好，气质还满分。虽然还没有深入学习这门课程，但我真的是第一次有这种上完课心灵得到升华的感觉！
169024,359,揭爱花,2023-02-24 04:47:57,2,2,0,课好意义大。但事多分差
171149,359,揭爱花,2023-03-17 03:36:41,0,0,0,通核一向事多，期末一篇论文+开卷考，如果通核能事少一点我能给10分
173694,359,揭爱花,2023-06-01 13:06:27,4,4,0,揭老师这个学期退休了，浙大没有讨论性和性别的通识课了。\n\n我以为进入大学，我们能以更开明的态度去谈性，会有更开放包容的空间去了解性/社会性别制度，但是没有。\n\n没有。所以也没必要再讲什么事多分低、给分不合理，也不知道什么时候会再有老师开课一门谈认真性和性别的课。\n\n性和每个人相关，性教育对所有人都非常重要，不光是对新生命产生的意义，还有对待自己身体，对生活方式的选择。学会爱他人爱世界，尊重他人的性权利，尊重他人的性隐私，学会选择积极健康的生活方式，我们太缺少对这些内容的思考了。
88050,495,许法根,2018-10-21 10:14:47,2,7,5,许老师讲得比较平庸，但还算敬业吧。他讲的那套唬唬没工作经历的学生可以，但对有机关经历的人来说，有些东西未免过时，还有错误。。比如机关连续三年优秀加一级级别工资，这个06年以后早就不执行了。。。
91326,495,许法根,2018-12-06 03:04:44,4,4,0,照本宣科，思想和知识储备老化，没机关经历来给公务员讲机关管理，贻笑大方？
107180,495,许法根,2019-05-02 05:50:10,2,3,1,听课浪费时间
129148,495,许法根,2020-12-30 13:24:19,0,0,0,GGG
139319,495,许法根,2021-07-14 09:36:33,-2,1,3,老师挺好的
143561,495,许法根,2021-11-27 03:47:01,4,7,3,丝毫没有备课痕迹，浪费我的时间和学费。
153212,495,许法根,2022-04-26 17:26:59,5,10,5,讲的啥内容的没有，纯纯水货，还绩杀我，为什么浙大还有这么一些混子老师啊
153244,495,许法根,2022-04-27 05:20:28,1,1,0,纯纯的绩杀了
170995,495,许法根,2023-03-14 01:37:26,1,1,0,老师讲课没东西，比思政课无聊那种，比较过时
192227,495,许法根,2024-05-12 12:47:10,0,0,0,唯一的好处就是不点名，展示好好做了，论文好好写了，最后3.9，不知道啥意思
192240,495,许法根,2024-05-13 01:11:28,0,0,0,老师人还是很好的，而且很希望和学生交流论文和课堂内容，多交流的话给分不会差的
45284,496,曹宇,2017-01-19 09:03:02,17,22,5,老师很有激情讲课认真人超好~
61244,496,曹宇,2017-11-13 02:58:59,8,12,4,曹老帅很可爱哈哈哈哈
61245,496,曹宇,2017-11-13 02:59:08,9,10,1,为评论而评论
61246,496,曹宇,2017-11-13 02:59:28,13,17,4,反正我是非常喜欢曹宇
61247,496,曹宇,2017-11-13 03:00:34,9,10,1,土地经济学前来打卡
61248,496,曹宇,2017-11-13 03:00:01,9,12,3,老师超可爱，很耐心，萌萌哒
61249,496,曹宇,2017-11-13 03:00:19,11,14,3,老师上课很幽默。要求有点高，嗯，就是这样
61250,496,曹宇,2017-11-13 03:00:36,10,13,3,汪老帅让我评论的
61251,496,曹宇,2017-11-13 03:06:51,14,18,4,宇晖CP粉打卡
61252,496,曹宇,2017-11-13 03:02:52,8,10,2,萌萌哒
88583,496,曹宇,2018-11-02 03:29:15,8,10,2,有激情。。。很受用哈
92715,496,曹宇,2019-01-28 02:05:42,1,5,4,给分有点看不懂
126954,496,曹宇,2020-10-29 22:59:19,1,12,11,阴阳怪气第一名，为人师请先学会说人话。
145885,496,曹宇,2022-01-03 15:43:19,2,3,1,很好哦
200784,496,曹宇,2024-10-22 08:39:32,0,1,1,。。。
964,529,陈建军,2016-09-16 02:58:01,31,95,64,老师上课很精彩，主要讲讲日本、韩国、台湾的经济，附带讲讲历史、名族性格，日本内容居多，不点名，有小组展示，无考试，写一篇1400论文，选题很重要！
1498,529,陈建军,2015-03-22 08:01:17,5,25,20,讲的很好，就是不周到给分怎么样
2969,529,陈建军,2015-05-12 02:36:57,1,5,4,讲的超级好！给分也好！
6302,529,陈建军,2015-07-13 01:13:48,8,14,6,很有兴趣的人听可能会觉得好吧，可惜我不是。论文要好好写，但字数不能多。给分嘛……反正期望不要太高。
10047,529,陈建军,2015-11-15 01:46:09,3,3,0,能学到很多
10099,529,陈建军,2015-11-16 00:52:34,2,5,3,虽然很多同学会水过去，但老师讲的真的很棒~有空还会去旁听的
10233,529,陈建军,2015-11-17 15:04:03,6,9,3,津津有味，学术型的老师，用了话筒声音还是比较轻
10250,529,陈建军,2015-11-17 15:47:44,1,5,4,呵呵呵
10291,529,陈建军,2015-11-18 02:26:52,3,9,6,小组展示很重要，论文选题好的话分数就上去了，不要写太多字
10497,529,陈建军,2015-11-19 07:32:06,1,3,2,讲得好，给分也好
10994,529,陈建军,2015-11-23 15:40:54,1,2,1,不错不错，给分一般能学到不少
11543,529,陈建军,2015-12-04 04:00:26,5,6,1,事不多，如果有兴趣听听挺好的。讲得很有条理。
12502,529,陈建军,2015-12-23 11:43:04,3,4,1,老师不错，就是讲话声音小
13273,529,陈建军,2015-12-26 05:12:31,10,16,6,要当班长！！我们班长4.7！！老师说话声音好轻的，上课居然是用word！给分怎么说呢，我的分数不上不下
13331,529,陈建军,2015-12-26 18:28:22,1,1,0,讲得很好，从经济拓展到周边国家的其他方面，给分一般
13486,529,陈建军,2015-12-28 10:47:44,2,3,1,因为我自己比较喜欢新闻，相对新闻来说，他讲得严谨性太差，语调也平淡，个人非常不喜欢。不过作业很少，好好写论文就好
18369,529,陈建军,2016-01-21 13:37:00,4,7,3,觉得给分很周到啊
21627,529,陈建军,2016-02-29 11:02:02,20,27,7,给他82分，剩下的已666的形式发送
24682,529,陈建军,2016-05-03 05:05:57,1,6,5,讲的炒鸡棒，很有思想！给分也不错（看过其他上这门课的成绩，不是很懂3.68的均绩怎么来的）
24699,529,陈建军,2016-05-03 06:55:45,2,5,3,感觉讲的一般 不过最后给分还是好的 论文要从小的方面写 展示水水过了
24865,529,陈建军,2016-05-04 05:51:12,1,4,3,老师上课讲很多干货，喜欢
25153,529,陈建军,2016-05-06 09:29:25,1,1,0,不错的
25385,529,陈建军,2016-05-19 04:23:21,1,1,0,还行哦
27892,529,陈建军,2016-11-23 09:26:51,-1,0,1,呵呵呵
27894,529,陈建军,2016-06-28 03:34:48,-7,3,10,太差了，徒有虚名。
27924,529,陈建军,2016-06-28 05:38:11,4,9,5,没有评论的那么好，讲课内容不能说差但是很旧，另外给分很迷
27952,529,陈建军,2018-05-08 02:02:59,4,9,5,给分不错 讲课都是干货 就是声音轻 蛮有趣的老师 小组展示很重要 可能选题猎奇一点比较好
27990,529,陈建军,2016-06-28 07:57:28,4,8,4,挺水的。。。但是给分就不行咯
28159,529,陈建军,2016-06-28 08:10:45,1,2,1,不点名，给分也不错，只有一篇论文和一个小组展示，都挺水的
35445,529,陈建军,2016-11-10 07:16:56,9,10,1,老师讲课跟幽默啊，很喜欢老师\n\n讲真，论文和小组展示选题很重要【敲黑板】
35815,529,陈建军,2016-11-11 07:17:05,1,3,2,很精彩可以学到很多东西，声音有点小，老师人很好。期末小组交ppt，个人交论文就行了，不知给分怎么样，恩！选题很重要，论文不要太长。
36717,529,陈建军,2016-11-15 13:36:13,1,3,2,讲课声音确实小，感染力不是很强，日本占比重比较大，不过给分还是挺好的
36931,529,陈建军,2016-11-16 15:02:28,1,1,0,是我感兴趣的部分
36963,529,陈建军,2016-11-16 23:23:59,1,3,2,说话声音小，上课比较无聊，给分偏低，但事情很少。
37083,529,陈建军,2016-11-17 09:38:27,1,2,1,给分很好 可水可听 讲日本比较多?
37367,529,陈建军,2016-11-18 13:34:02,1,2,1,老师讲课很有意思，作业就是小组PPT和个人论文，主要选题要新颖，小角度切入，给分就很好。
37852,529,陈建军,2016-11-21 11:21:20,1,3,2,讲的很好，给分也很好
38031,529,陈建军,2016-11-23 09:26:29,2,3,1,真的很棒 他觉得大家出勤率肯定是没有问题的 平时分打了十分 讲真我水了一个秋学期 就写了篇论文 4.2 分不算很高但过得去了呀
38216,529,陈建军,2016-11-27 08:41:30,1,1,0,水作业\n\n论文要写得好
40627,529,陈建军,2017-01-04 11:03:58,16,21,5,上课很好的，老师有自己独特的想法，又不偏激，认真听会很有收获。期末就是写一篇论文，不难写，不过给分一般，可能是自己的论文确实一般般吧
40650,529,陈建军,2017-01-04 14:11:42,-22,5,27,反正我是满了.
42699,529,陈建军,2017-01-15 02:58:41,1,1,0,还可以
42737,529,陈建军,2017-01-15 04:17:11,1,3,2,给分有点差……
42742,529,陈建军,2017-01-15 04:26:19,1,4,3,老师从来不点名的，但是上课其实挺有意思的。然后感谢老师给我了4.5，在我大一刚进来，大英三缺考挂科的情况下硬生生把我绩点提高了0.6。感谢老师。然后，论文选题真的很重要，大家加油。
42823,529,陈建军,2017-01-15 08:39:45,1,3,2,讲课挺棒的。干货。给分不好。被绩杀了\n\n
44651,529,陈建军,2017-01-18 05:28:33,2,2,0,确实是可水可听 觉得给分还不错吧 关键看自己论文水平咯
45176,529,陈建军,2017-06-28 12:14:49,0,1,1,给分很好
50681,529,陈建军,2017-05-04 08:21:45,0,2,2,个人论文水平有限吧 给分一般
50691,529,陈建军,2017-05-04 10:10:28,-7,5,12,满绩。说实话，老师的见识是十分开阔的，只是没有那么吸引人而已。这门课让我收获的应该是全球化分析问题的一些启示，而不是单纯的东亚经济是怎么发展的。
50721,529,陈建军,2017-05-04 14:00:03,6,8,2,93分，不是班长，但是回答了几次问题，也展示了几次，老师的见识非常有深度，看似讲得平平淡淡，实则蕴含了许多丰富的内容，在通识课里这门课可能略微水一点，但是要拿高分，那就只有四个字：付出时间。
51755,529,陈建军,2017-06-09 05:09:45,2,3,1,挺好的，给分也可以
51911,529,陈建军,2017-06-13 11:16:46,5,7,2,题目越奇葩越好
52915,529,陈建军,2017-06-23 13:11:31,11,13,2,真诚的建议大家不要都写什么日本动漫，日韩文化，很容易重
55697,529,陈建军,2017-07-02 08:02:38,1,2,1,好水，认真写了论文，结果成绩很不理想。建议不要写日本动漫……小组一定要被选上去展示!!!
55723,529,陈建军,2017-07-02 09:24:04,2,4,2,给分真心玄学
59748,529,陈建军,2019-01-03 11:37:31,7,7,0,能把复杂的东西讲得通俗易懂的，都是强者
60857,529,陈建军,2017-12-25 09:29:08,14,14,0,给分一般。一定要当课代表。一定要当课代表。一定要当课代表。课代表一般都满绩。
61426,529,陈建军,2017-11-17 04:50:56,2,2,0,上课很认真
61427,529,陈建军,2017-11-17 04:52:12,0,3,3,我爱老师啊！！！上课讲的很有意思，尤其是讲日本的文化经济，给分也很好!!!记得最后一节课下课的时候掌声经久不息!大家都很舍不得老师呢
61429,529,陈建军,2017-11-17 05:03:19,7,12,5,老师确实很有水平，我个人认为，能把复杂的东西讲的通俗易懂返璞归真，本身就代表了老师的水平。关键是，这门通识课好到我不想水课
61430,529,陈建军,2017-11-17 05:04:54,1,2,1,很棒的老师！！！给陈老师疯狂打call
61435,529,陈建军,2017-11-17 08:07:59,1,3,2,事少 但是给分不好
61437,529,陈建军,2017-11-17 08:20:30,1,2,1,平时比较水，但小组展示和论文比较重要，最难得的是老师说论文字数两千字上下，避免恶竞
61443,529,陈建军,2017-11-17 09:05:26,1,2,1,听陈老师的课可以开拓视野，也很幽默，一般都是边写作业边听的。最后绩点也很不错，好喜欢老师呀，除了讲课声音有点小，不过也算是种风格，并不影响听课！推荐！
61502,529,陈建军,2017-11-18 01:57:01,2,2,0,上课挺有意思的，事少
61603,529,陈建军,2017-11-19 06:14:45,1,1,0,还不错吧，个人论文好好写就有好成绩
61615,529,陈建军,2017-11-19 07:51:03,5,5,0,老师讲课讲得很好，而且课后作业也比较少，小组研究的对象要有特点有意思，如果论文选题选的好的话绩点很高的。\n\n(可以算是比较水的一门课)
61632,529,陈建军,2017-11-19 12:03:14,0,1,1,声音超低 又干货 但让人不想听  论文好好写！分不错的
61648,529,陈建军,2017-11-19 15:12:10,1,3,2,陈老师上课真的很有趣，每节课下大家都会鼓掌，给分超级好，事情也少，论文选题真的重要，目前分数最高的一门课。\n\n
61838,529,陈建军,2017-11-21 07:40:31,1,1,0,老师很好的，小组没进8强，但是个人成绩还是不错的。开心
62097,529,陈建军,2017-11-22 11:26:17,1,2,1,老师讲的很有意思，想水就水，想听就听，经常会讲一些例子，我觉得很生动。给分也很好呀，论文选题选好了基本上绩点就上去了\n\n
62339,529,陈建军,2017-11-24 09:16:44,7,10,3,进了小组赛，还是展示的人。。。认真写论文，。。。绩点3.3。。。。
62488,529,陈建军,2017-11-25 12:06:40,1,1,0,很好的老师啊
63131,529,陈建军,2017-11-28 13:33:15,2,2,0,老师很博学，但是听课体验非常糟糕，尤其是坐在后面几排，根本听不清在讲什么，小组展示选没选上影响不大，主要还是个人论文好好写，建议选题要新，要小。
63248,529,陈建军,2017-11-29 12:18:17,-1,1,2,不怎么样
63412,529,陈建军,2017-12-03 10:59:18,5,7,2,亚洲经济发展，听课感觉很好，老师很好，想认真听就坐前面，一个小组展示一个个人论文，小组展示被选上了，结果绩点3.3，都是泪，展示感觉没啥用，主要是论文，有人展示没选上绩点还高，建议论文写得好的同学选
63988,529,陈建军,2017-12-20 12:44:59,-5,3,8,老师讲得很好，小组没进8强，论文也就两千出头，也给了4.2，超开心
64258,529,陈建军,2017-12-22 03:56:04,4,5,1,可以每个周二晚上去临湖捉他嘻嘻嘻（选题很重要 上课听不清233）
64706,529,陈建军,2017-12-26 17:03:44,-1,2,3,给分不好，很容易被正太。
65089,529,陈建军,2017-12-28 15:09:58,10,10,0,老师讲的关于日本的只是挺多的 毕竟去过日本 长得也有那么一丢丢像日本人?期末论文要好好写 选题要新颖 给分才高
65217,529,陈建军,2018-01-01 05:50:27,9,11,2,首先能把自己并不擅长和了解的知识讲到我听懂就感觉很棒，有时能把你从一堆ddl中拉回到课堂上就可以说明一切了。\n\nps:这门课应该有个预修要求:阅读小说《白鹿原》?
65843,529,陈建军,2018-01-10 01:38:19,0,1,1,老师很好
66325,529,陈建军,2018-01-15 06:11:19,4,4,0,事情不多，论文选的角度要新颖
67136,529,陈建军,2018-01-20 10:12:37,3,3,0,很有水平的老师，对日本蜜汁在意，可能因为是去那里留学的。论文写得好的选一选还是可以的
67174,529,陈建军,2018-01-20 11:40:01,4,4,0,超好的老师超好的老师\n\n上课的时候会给你讲 你所不知道的在日本的故事哦
67178,529,陈建军,2018-01-20 11:52:04,0,1,1,很满意的课，从来没有听过课，整门课就是参与了一个小组展示，最后用心写篇论文就行了，绩点还满意吧。
67194,529,陈建军,2018-01-20 12:36:28,3,3,0,声音有点听不清楚，但认真听会觉得讲得真心可以，有收获。小组上去展示和论文的选题越奇葩越好……
67352,529,陈建军,2018-01-21 02:07:27,2,2,0,课讲得很精彩，老师经历丰富，在老师课上你收获的可能不只是亚洲的经济，还有各国的风俗文化和老师有趣的经历，给分还好吧，正常范围内
67480,529,陈建军,2018-01-21 09:53:29,1,2,1,有内涵，有深度，还有欢乐的通识课。\n\n
70741,529,陈建军,2018-01-27 12:54:06,2,3,1,会安排座位，有小组展示和论文。事情不算多。讲课很温和，推荐对课程本身有兴趣的同学选。
71771,529,陈建军,2018-01-29 02:57:04,1,3,2,好到不想水的通识 老师知识储备真的很够 然后自己也有很多亲身经历 课下也会很耐心和同学讨论问题 强推啊
75291,529,陈建军,2018-03-08 15:35:06,4,5,1,讲课好给分差
77653,529,陈建军,2018-05-07 06:05:40,2,3,1,这是反共爱国青年团被黑的最惨的一次
77812,529,陈建军,2018-05-08 02:42:44,3,4,1,非常有特点的老师
78063,529,陈建军,2018-05-09 07:55:55,0,5,5,老师真的很有见地，能学到很多，忍不住记了不少老师的深刻言论。上课虽然管理很松但我个人不忍走神。不过听说论文很重要，也确实需要肝。本人其实也不指望每一份努力都能在成绩中体现，只是自己想做下研究，也有兴趣和精力，最后4.8可以说非常感动，一种付出得到回报的满足。有幸选此通识，受益匪浅。
78083,529,陈建军,2018-05-09 09:18:43,28,32,4,杨白劳和黄世仁?
80042,529,陈建军,2018-06-19 07:05:35,2,3,1,给分呵呵了? ? ?
81646,529,陈建军,2018-07-05 16:08:28,3,3,0,亚经发得看你活不活跃咯，我只能说呵呵了
82458,529,陈建军,2018-07-08 08:52:35,2,2,0,呵呵呵
82490,529,陈建军,2018-07-08 10:31:34,4,4,0,可能是我论文写的差？？平时就是安静的水了一学期课小组也没做展示，这个给分应该算是一般般吧..
82647,529,陈建军,2018-07-09 02:03:11,1,2,1,上课认真还是很有收获的～给分占大头的是个人论文，记得挑一个老师感兴趣的话题，好好写
88846,529,陈建军,2018-11-10 00:46:56,8,8,0,听完老师的课，只要谈到中美贸易战，脑子里就会蹦出来黄世仁和杨白劳? ? ?
88986,529,陈建军,2018-11-13 10:09:29,-2,0,2,自由安排，有兴趣的可以有收获，不想听可以写作业
88988,529,陈建军,2018-11-13 10:55:58,2,2,0,讲的不错，就是给分不给力，可能还是自己水平不够啊
88991,529,陈建军,2018-11-13 11:44:44,5,5,0,上课很棒，给分太低了！
89024,529,陈建军,2018-11-14 04:39:07,-2,0,2,老师上课超有趣的，安利一波亚洲经济发展
89027,529,陈建军,2018-11-14 08:04:22,1,1,0,讲课比较轻，然后后排听不见就开始水了，最后给分并不好看?
89070,529,陈建军,2018-11-15 05:42:34,1,1,0,不好意思说（氵），全靠学长带飞，真心感谢学长。表示只写了一篇论文，而且是比较不正规的那种，绩点说得过去。
89088,529,陈建军,2018-11-15 10:15:48,1,1,0,老师上课讲的很不错，如果认真听可以听到不少有关于亚洲经济发展等方面的知识。作业就是期末一篇1500字的论文和小组研究课题，给分很良心哒，推荐哟!
89184,529,陈建军,2018-11-16 11:31:30,2,3,1,虽然陈老师声音可能比较小，但是认真听的话非常有意思，收获也很大，期末只有小组展示和一篇论文。自我感觉论文写得不怎么样2333所以感谢老师4.2的绩点。总之很推荐。
89340,529,陈建军,2018-11-18 14:15:15,1,2,1,讲课声音很轻 但是干货满满 给分么 哭辽
91980,529,陈建军,2018-12-25 07:09:32,1,4,3,1、老师给分不好\n\n2、讲课的内容中规中矩，有点意思但对我来说没有任何帮助，挺水的。\n\n3、有展示和论文，其实并不轻松，可能是因为我们比较认真。\n\n4、我看了几十篇论文，十几篇英文论文，做了两个严肃、数据和论点都很严谨的宏观经济研究，比不上制作随意、内容浅显的有趣课题。选题新颖有趣自然是优点，但是这样的分数结果是不是说明老师没有认真看ppt、论文呢？
96580,529,陈建军,2019-01-21 06:51:04,-2,0,2,想通过努力得到高绩点的可能性很小，给分感觉有点随意，但是确实水，干啥都不管
98432,529,陈建军,2019-01-23 12:40:06,2,2,0,其实课程还是相对轻松的（小组研究性学习+个人课程论文，），我很认真的写了课程论文 我们小组的的ppt也进了八强，最后成绩还是阔以的，主要原因应该是课程论文写得比较阔以…
98433,529,陈建军,2019-01-23 12:40:38,-2,1,3,通识课里最低的一门
98437,529,陈建军,2019-01-23 12:43:28,-4,1,5,听不清，干货少，绩点难看
98496,529,陈建军,2019-01-23 13:41:55,0,1,1,优秀小组展示+组长+认认真真完成论文\n\n=被卡绩+绩杀\n\n讲真，课代表才是上4的保证\n\n虽然我觉得我们课代表应该给满绩（事实上4.5），因为真的做的很好\n\n亚洲经济的问题可能就一个短学期也学不到什么东西\n\n如果想要划水，那可能会遇上绩杀\n\n我觉得要不是你实在没课上了\n\n还是躲得远远的比较好
98513,529,陈建军,2019-01-23 14:03:52,13,14,1,老师挺有趣，上课很有收获，个人论文很重要，我不是课代表，小组展示只是受表扬但没选上八强，最后绩点4.8很满意了。绩杀不绩杀还是看自己吧，不过听说这位老师绩杀比例比较高。。或许老师有一定因素，但其实最主要还是看自己吧。
98542,529,陈建军,2019-01-23 14:38:27,0,2,2,展示了，论文认真写了。3.3。通识拉低均绩。
98662,529,陈建军,2019-01-23 17:00:22,3,4,1,我挺喜欢老师的，当然群里好多同学都说绩杀、我不是组长、小组展示也没被选上八强、但是论文自认为认真写了、最后4.2，很满意了。
102482,529,陈建军,2019-02-03 08:02:25,-1,4,5,屎课！！！
104713,529,陈建军,2019-03-26 10:31:23,1,2,1,特别可爱 特别有趣讲的 能开阔视野
106201,529,陈建军,2019-04-25 13:41:55,0,4,4,垃圾！\n\n
106962,529,陈建军,2019-04-30 12:35:27,-2,2,4,绩杀！
106964,529,陈建军,2019-04-30 12:38:42,2,3,1,太难受了，上课认真听，总是坐前排，小组显示也入选了结果只有，3.3！！！
106970,529,陈建军,2019-04-30 13:03:02,-2,1,3,讲得不错，自己论文太菜，3.3怪谁？怪自己\n\n还是评分十分吧
106980,529,陈建军,2019-04-30 13:54:03,0,3,3,先生之风，高山流水。老师讲课不紧不慢，细致周到，对当今国际形式分析的也很到位，让人有如沐春风之感。但在某些问题上感觉比较保守，观念比较守旧，但也不难理解，毕竟时代发展得太快。 这门课给分不错，希望有兴趣的同学可以享受其中。
106997,529,陈建军,2019-04-30 15:33:06,-1,1,2,老师超棒上课超级有趣，给分很ok哦！
107005,529,陈建军,2019-04-30 16:24:05,0,2,2,又是一门3.3的通识。我醉了。展示课被表扬，论文我写得不算好但是至少是很用心的了。给分也太迷了
107202,529,陈建军,2019-05-02 08:05:50,-2,1,3,不是组长，但展示课入选了，4.5。怎么说呢，论文选题要新颖，不能敷衍吧，总之谢谢老师吧，课还是很有趣的。
107477,529,陈建军,2019-05-05 14:05:28,-2,0,2,挺不错的老师，给分也可以。
107553,529,陈建军,2019-05-06 12:41:26,-4,2,6,不黑不吹。组长+展示课入选+认真写论文最后4.5，觉得这门课很值得上，不仅是外专业的，也很值得社科专业的同学来听听扩宽你对外界世界经济现象的认识。\n\n因为老师是在日本留学多年，并且在日本留学期间尝试过非常多的兼职职务，所以我感觉不属于那种比较一般教育出来的老师。陈老师的视角其实比一般的老师要宽，因为他的观点除了来自于前人的知识，还来自于日本实际留学、与日本人民长时间相处的经历。而且老师的很多看法其实对我来讲也很新颖（本人社科大二学生，自认为还是有一定经济学基础的），我相信不同经济学知识储备的同学都会有自己的收获。\n\n成绩的话感觉还是有部分同学的成绩不理想，但是我觉得只要其实这门课的作业不多（展示+论文），用用心最后结果不会很差。
108770,529,陈建军,2019-06-01 16:12:03,5,5,0,3.3
108942,529,陈建军,2019-06-04 13:21:00,2,3,1,。。。
109424,529,陈建军,2019-06-18 11:15:36,0,1,1,杨白劳和黄世仁，老师讲课风格很好，人也很好
110617,529,陈建军,2019-06-27 15:57:42,-1,4,5,大垃圾\n\n
112541,529,陈建军,2019-07-04 17:20:07,-2,2,4,课不怎么听 小组展示需要内容翔实 个人作业选题要好 最后4.8来自大三老狗的强推
112668,529,陈建军,2019-07-04 23:56:44,5,5,0,大概是论文十分不对老师胃口，最后3.3。最后绩点跟展示没有关系，只看论文。所以选课有风险……我真没有想到一门通识拉我均绩哭了哭了
112684,529,陈建军,2019-07-05 00:33:15,5,5,0,3.3飘过。小组展示入了八强也没有用，太看期末论文了，而且老师只关心选题是否新颖，不太在意内容。大概率绩杀，慎选吧。
112698,529,陈建军,2019-07-05 00:45:07,1,1,0,给分挺迷的，和一个同学展示论文一个主题，都是前八，论文内容不论，至少把他流水账的形式改成标准论文格式。3.3和4.5，如果没有点名那只能说和座位有关了。我最后一排他第三排
113195,529,陈建军,2019-07-06 01:26:30,1,1,0,小组展示没有没有入围，不过每节课都去，没有翘课。期末论文认真选题然后找了好多资料认真写（大概花了一天半），还在里面搞了好多杨白劳和黄世仁的比喻。最后4.2，至少没有被正态吧！
114098,529,陈建军,2019-07-08 23:02:45,0,1,1,非课代表+非组长+未被选上展示+边缘座位，花了将近一周完成论文，可惜本人论文水平有限，最后拿了4.2，目前的通识最高分了。这些都不是重点，我想说点其他评论没有的。老师是希望论文里能出现他授课的方向或是思想吧，这是最重要的，所以尽量不要写太早，要对老师的课程结构和思路有大致的了解。
116928,529,陈建军,2019-09-17 10:39:45,-2,0,2,呵呵了
119895,529,陈建军,2019-11-16 23:13:54,1,1,0,自己不适合学这种课，老师讲的还蛮好的，有时候语出惊人。
119917,529,陈建军,2019-11-17 00:43:36,0,0,0,老师讲话声音比较小，听课要坐前排。课上认真听可以学到很多。给分比较迷，作业认真做了最后拉低均绩。
119919,529,陈建军,2019-11-17 00:49:47,0,0,0,上课挺有意思的，给分3.3，论文写的还不怎么会写的慎选
119944,529,陈建军,2019-11-17 01:33:49,0,0,0,老师讲课声音有点小
119956,529,陈建军,2019-11-17 01:58:05,3,3,0,展示不怎么重要，论文老师限制字数，不能写太，选题好分就上去了，我拿了4.8
119977,529,陈建军,2019-11-17 02:52:05,0,0,0,亚洲经济发展个人觉得更像亚洲经济漫谈一点，讲得很通俗，听听很有意思。
120232,529,陈建军,2019-11-24 10:59:39,0,0,0,老师对于课堂要求很低，听不听随你，内容还是相当有料的，主要讲东亚，日韩新等国家。得分的话，展示占30％，论文占70%，所以论文很重要～最后4.2还可以吧，讲了讲经济和教育的联系
120410,529,陈建军,2019-12-04 00:59:44,0,1,1,凭着兴趣选了老师的亚洲经济发展，毕竟是通识课，老师讲的内容比较偏介绍性，有点点小失落~没有入选高峰会没有课代表，论文匆匆水完绩点4.2，给分蛮不错了！！！
121127,529,陈建军,2020-01-19 18:55:34,0,1,1,老师声音小导致上课不想听，不太清楚讲得如何。参与展示+组长+论文认认真真写了将近两个星期，最后3.9觉得对不起自己的付出
122878,529,陈建军,2020-04-16 06:55:04,-2,2,4,所有上过的课里面给分最低的 不过可能自己也没有特别认真地听 3.9
126107,529,陈建军,2020-09-17 14:46:29,13,13,0,RIP
126113,529,陈建军,2020-09-17 16:29:25,10,10,0,rip，好老师一路走好
126121,529,陈建军,2020-09-18 00:53:30,19,19,0,老师走好
126125,529,陈建军,2020-09-18 01:59:01,13,13,0,大一节通识课老师，老师下课给学生鞠躬，大家鼓掌，陈老师第一次让我感受到大学的学习气氛。陈老师一路走好
126147,529,陈建军,2020-09-18 07:36:31,7,7,0,很好的老师。一路走好。
126167,529,陈建军,2020-09-18 09:16:00,6,6,0,一路走好！
126218,529,陈建军,2020-09-20 03:07:20,3,3,0,老师走好
126223,529,陈建军,2020-09-20 05:07:53,3,3,0,RIP
126419,529,陈建军,2020-09-25 12:39:11,3,3,0,陈老师一路走好，RIP
128614,529,陈建军,2020-12-24 15:47:08,1,1,0,陈老师rip
4907,573,徐力,2015-06-30 08:28:59,43,53,10,好老师\n\n
7508,573,徐力,2015-09-15 01:20:45,0,1,1,恩
13915,573,徐力,2019-04-12 10:07:51,-3,5,8,老师很好.可是 居然会 课前十分钟点名
14615,573,徐力,2016-01-08 03:09:18,1,6,5,还可以，人比较温柔，不过公策大课本来就比较水……
16143,573,徐力,2016-01-17 09:54:25,-3,2,5,水 水，水
17962,573,徐力,2016-01-21 04:51:42,10,22,12,老师真的很温柔也很好，学识也渊博。徐老师考试开卷，题目比较简单。大课点名不错过，论文好好写，考试不用刻意准备也能上4
17964,573,徐力,2016-01-21 04:52:29,4,6,2,老师人很好 给分高。助教超赞。
17976,573,徐力,2016-01-21 05:06:22,2,3,1,好老师 超级负责和蔼
18137,573,徐力,2016-01-21 08:06:07,-2,6,8,给分太坑
24740,573,徐力,2016-05-03 09:20:36,-1,4,5,徐老师的课可以用来刷绩点，至于上课的内容。。。
24744,573,徐力,2016-05-03 09:39:20,-2,3,5,给分不好
25183,573,徐力,2016-05-07 08:28:47,0,0,0,性情温和\n\n
31801,573,徐力,2016-07-05 02:38:38,1,1,0,认真写论文认真准备考试的话给分很好啊，我一个非专业的也妥妥的
46588,573,徐力,2017-01-22 03:19:52,-3,2,5,上课无聊给分也不好，人倒是温和。
46606,573,徐力,2017-01-22 03:45:20,0,1,1,事少分好
46613,573,徐力,2017-01-22 04:05:04,0,0,0,一个很好的老师，给分超级好。
46619,573,徐力,2017-01-22 04:13:24,0,2,2,老师给分很好，上课讲的也不错，声音很温柔~~
46644,573,徐力,2017-01-22 04:53:02,-5,4,9,公策这种课水，学不到东西是常态，平时尽心尽力浪费精力也就算了，没想到还没个好绩点，差评。
49347,573,徐力,2017-04-06 10:30:56,1,1,0,老师好温柔的说
50311,573,徐力,2017-05-02 10:03:56,1,1,0,老师很和蔼，很温柔，对学生很好
50333,573,徐力,2017-05-02 11:30:30,1,1,0,老师很温柔，上课其实认真听的话会有很多干货，组织行为学最后一节课点名+划重点记得去，最后考试闭卷，好好准备的话并不难，给分挺好的
50411,573,徐力,2017-05-02 17:08:39,0,1,1,最后一课点名，组织行为学很负责，满绩天使
50442,573,徐力,2017-05-03 02:19:58,1,1,0,说话温柔有条理 听着舒服 给分还高 啊啊完美
53026,573,徐力,2017-06-25 02:20:51,-1,1,2,上课挺无聊的，但老师人挺好的，给分也不错，考试也很简单。
57366,573,徐力,2017-07-07 04:27:53,0,0,0,很棒哦
62967,573,徐力,2017-11-27 13:21:45,3,6,3,真的是一个好老师，对学生很好！这么说吧 是我听说的第一个愿意帮你手写入党积极分子导师调查意见的老师。老师很靠谱，人很好，不会甩锅，是真的会在每一步上都棒到你的。
72648,573,徐力,2018-01-30 15:39:36,-4,0,4,给分不好  但是挺温柔的 上课有点无聊\n\n
76774,573,徐力,2018-04-23 04:08:43,6,8,2,徐老师是挺负责任的老师，公共政策分析的理论娓娓道来，不玩虚的。
76775,573,徐力,2018-04-23 04:29:51,-24,2,26,交作业的前两天偷偷往公邮里发要求，上课的时候还不说，辣鸡。
78318,573,徐力,2018-05-11 01:18:10,0,0,0,给分挺好的
78368,573,徐力,2018-05-11 06:53:49,3,4,1,人好事少给分高！
78540,573,徐力,2018-05-16 09:32:36,-3,1,4,好老师，负责！
79669,573,徐力,2018-06-12 14:20:37,0,1,1,老实人很和蔼，上课认真，讲的内容也易懂，平时认真对待最后分不会低的
85318,573,徐力,2018-07-17 03:28:02,1,1,0,认真负责的好老师，收获满满！
97642,573,徐力,2019-01-22 12:36:28,0,0,0,老师俺爱你!老师给分真的好(ಥ_ಥ)
97649,573,徐力,2019-01-22 12:41:22,0,0,0,老师的给分真的满满师生情，本来以为要凉凉的，没想到这么好，呜呜呜
105326,573,徐力,2019-04-10 03:11:15,0,0,0,老师上课很温柔，蛮有趣
147528,573,徐力,2022-01-10 07:11:13,1,3,2,老师上课超负责！！给分也很好！平时事情有点多，六个小组展示和两次大作业，还有期末论文期末考试，上课会随机叫人回答问题，没有统一点名！！
148405,573,徐力,2022-01-12 11:04:44,0,0,0,老师给分好好啊啊啊爱了！！！94！
153357,573,徐力,2022-04-28 10:49:10,3,3,0,老师上课很温柔，讲课很有条理，给分较好，外专业上课认真完成作业无压力～
154197,573,徐力,2022-05-25 19:06:44,0,0,0,可以的，
160562,573,徐力,2022-09-27 03:24:03,4,6,2,内个内个内个…
166547,573,徐力,2023-01-12 17:06:48,1,3,2,老师，人好好，很温柔。\n\n建议学弟学妹们：论文写完之后交给老师帮忙看看 老师会很用心的提很多建议，然后再去改，论文分数会提高，绩点自然也就提高了。
172824,573,徐力,2023-05-08 02:48:07,2,2,0,老师讲课有很多自己参与的案例，讲的深入浅出，给分也可以。
187988,573,徐力,2024-01-18 02:53:50,2,3,1,老师很温柔，给分很好，可能上课的能力不太好导致课有点水，但认真完成老师布置的任务能有许多收获
191929,573,徐力,2024-05-05 15:23:34,1,1,0,给分很好！任务也不是很多，老师人很温柔
193064,573,徐力,2024-06-03 07:50:11,0,2,2,组织行为学：\n\n1.给分较公管其他老师算是很好了\n\n2.印象中是3次作业+期末论文+小组展示，感觉作为一个8周的课程任务量略显充实\n\n3.两届早八呜呜呜呜（当然这和老师没关系）
193802,573,徐力,2024-06-18 11:20:31,1,2,1,给分不错，任务和楼上说的一样，三次作业+一次小组展示+一篇期末论文。认真完成给分不会差。徐老师很温柔，对同学们的展示也不吝惜鼓励和赞美～
209005,573,徐力,2025-01-04 07:12:58,1,1,0,老师超级好！很温柔也很关心学生！上课讲得很有逻辑很详细，认真学能有很大收获。
217667,573,徐力,2025-04-15 02:46:50,0,0,0,【24秋冬】公共政策学\n\n公共政策学的课程任务和考核要求是课程组统一的，没有期末考，平时成绩和期末论文各占50%，平时任务还是有些多的，尤其是秋学期，每个小组都要写6周的文献评述，小组合作氛围挺重要的，因为平时成绩除了两次点名之外，全部都是小组成绩。\n\n徐力老师和助教老师人都很好，徐老师特别温柔，很欢迎大家找她讨论选题和论文等事项，期末论文写完也可以向老师请教一些修改建议，老师真的会很认真地给出建议！（我原本觉得自己写得还行，结果看了老师的修改建议，感觉自己基本要全部改一遍hhh）最后认真完成分数不会差的。
6929,598,杨遴杰,2015-08-18 06:30:24,0,0,0,很有趣
4247,705,王素芳,2015-06-18 09:19:08,2,6,4,高分，水
6885,705,王素芳,2015-07-29 02:45:54,5,8,3,超级棒～
21864,705,王素芳,2018-06-19 06:46:14,7,12,5,认真听肯定有收获，老师人超级温柔，给分超高，可惜她的目录学不开了(;｀O´)o！
31017,705,王素芳,2016-07-03 06:17:26,3,5,2,超温柔
48539,705,王素芳,2017-03-07 02:48:22,3,5,2,很温柔人很好的老师～推荐修个性❤️\n\n
71366,705,王素芳,2018-01-28 10:59:11,0,3,3,老师人真的好 一个外专业的来上课还能上4 平时课程比较水 两次小组展示一次个人展示都很水 论文和开卷考要认真对待
88436,705,王素芳,2018-10-31 02:41:30,4,6,2,不下课
100122,705,王素芳,2019-01-25 15:19:17,2,5,3,老师真的太好了呜呜呜人很温柔！超级温柔！事情有些多但是也学到了很多！以及给分是真的好呀我真的被老师的给分感动哭了！！！
123033,705,王素芳,2020-05-03 17:06:23,-4,1,5,作为外专业的，感觉老师实在是太好了，人温柔给分还高
123686,705,王素芳,2020-06-11 13:24:29,-3,2,5,我班主任嘻嘻 老师超级好
125132,705,王素芳,2020-09-01 15:25:33,-2,1,3,还没上过班主任老师的课，但是开班会真的好温柔好体贴学生
126518,705,王素芳,2020-09-29 04:33:07,-6,1,7,老师超级好，我太爱了，作为这一届老师的独苗苗，我太幸福了
135540,705,王素芳,2021-05-13 05:14:41,8,9,1,说实话，真的很垃圾课程。\n\n作业是给了一大堆已经收集来的问卷（还是上一届的收集的数据），然后说从里面选取一些变量做一个实证研究。\n\n问卷设计过程也没有，以至于不知道什么问题归属于哪些变量，问卷问题也很垃圾\n\n理论基础也需要自己随便找一个套进去\n\n完全就是逆着科学研究的设计进行作业\n\n说白了就是不愿意备课\n\n课程上要讲解的文献也都是垃圾期刊的垃圾文献\n\nppt也很乱\n\n希望老师不要以作业为目的布置作业\n\n这样反而会误导科学研究的步骤\n\nmd没见过这么的作业设计
136917,705,王素芳,2021-06-30 15:24:02,11,17,6,社会信息化是什么lj课程，本来就是个水课，还非要当硬核上，学不到什么有价值的理论，也没有研究方法的介绍和应用\n\n给一堆文本，然后发题目让调查让分析，每次展示结果又不予置否，也不提建议不教我们如何改进\n\n1学分75块钱，我现在就想说xxx xx，懂的都懂\n\n还有案例报告，你如果有特定的格式要求，麻烦就在课上讲清楚好吗？\n\n给两个网页，却又没法获得案例，最后格式不合您意了也是我们的问题，您的课没有问题。\n\n典型的没有硬课的命得了硬课的病\n\n讲的内容本来就是lj，还要很当一回事地去讲，学生发言以后永远都是挑刺，一股子学阀做派\n\n看法一致的就是听课了的，看法相左的就连别人说话的机会都不给，听别人讲完话是基本的教养吧，不乐意听就不要装模作样问。\n\n还要拖堂，一个话题本来几句话就能讲完，硬是反过来倒过去讲，也没讲出什么亮点，真的是小言詹詹
141179,705,王素芳,2021-09-25 16:43:53,11,12,1,社会信息化这个课确实有些离谱，内容如果能够更偏微操（指调查方法，后续分析应用的技术细节）就更好了，感觉总体听下来只是对信息社会的蓝图有了一个大致印象，一些具体的测度指标现在也记不清了，只是了解了一些宏观上比较泛的理论\n\n但是王老师人还是很好的吧，我感觉我和她沟通也有收获，比如之前养老的问题我们就交流过一些现实困境，老师也说其实很难做，只能留待时间解决。可能唯一的缺陷是在任务安排上也不是特别明确和清晰，有时候大家不知道该做什么，不过老师对ddl之类的还是挺宽松的。王老师可能属于纯粹的学术型教授，如果私下沟通多一些应该能很有收获。
154675,705,王素芳,2022-06-03 07:28:45,-4,1,5,老师人很好，很善良。会体谅学生，别的不做评价
174123,705,王素芳,2023-06-06 11:19:57,11,11,0,转问卷转疯了，过来打个1分继续转
174754,705,王素芳,2023-06-17 01:20:51,13,13,0,拖堂天王
174848,705,王素芳,2023-06-19 04:35:00,12,12,0,呵呵，可怜，可悲，可叹，可笑，远离，各自安好。
178478,705,王素芳,2023-07-12 06:58:10,-13,1,14,我感觉老师还是蛮好的，不可否认老师有的时候和学生交流过程较为不畅，从而出现了误区的产生，但老师上课还是认真在上，有问题也会及时解答，交流过程还是蛮愉快的，至于点名这个东西，难道来上课不是很正常的一件事么。
202790,705,王素芳,2024-11-14 11:04:38,4,4,0,一堆破事
21008,706,李江,2016-02-10 00:28:13,0,0,0,还好，算一门良心课
33031,706,李江,2016-09-10 07:58:08,0,0,0,挺不错的老师\n\n
41210,706,李江,2017-01-10 04:35:21,0,0,0,高贵且自以为是且固执。大学碰到过最mean and tough的老师。
1551,715,郁建兴,2015-03-22 11:57:08,8,10,2,讲得好\n\n
9281,715,郁建兴,2015-10-20 03:50:27,1,4,3,政治学讲课脉络清晰 不过郁老师太忙了
56905,715,郁建兴,2017-07-05 03:04:09,13,19,6,挂名不上课
58559,715,郁建兴,2017-09-03 08:09:24,2,3,1,知识渊博！
65038,715,郁建兴,2017-12-28 10:12:24,1,2,1,还好吧\n\n
80227,715,郁建兴,2018-06-22 04:40:46,0,1,1,挺深奥
80689,715,郁建兴,2018-06-29 07:59:59,1,2,1,。。。
117861,715,郁建兴,2019-10-06 08:57:22,0,1,1,郁老师关心学生成长！有情怀！
121340,715,郁建兴,2019-12-19 06:41:35,0,1,1,醍醐灌顶
124893,715,郁建兴,2020-07-16 04:04:08,0,1,1,方法论启迪！！！感恩！
143697,715,郁建兴,2021-12-02 03:13:10,0,2,2,德高望重
156621,715,郁建兴,2022-06-20 12:07:02,3,8,5,是个徒有虚名，投机取巧，名过其实的老师
190721,715,郁建兴,2024-03-16 01:46:11,2,4,2,郁老师十分有水平，哲学出身做公共管理研究，有高度有深度也有温度。老师为人也很和蔼，没有什么架子。经常听他学生说，郁老师尽管行政工作非常繁忙，但仍然努力挤出时间指导学生帮助学生。好老师
218139,715,郁建兴,2025-04-21 12:28:23,3,3,0,彻彻底底的学筏！
1644,734,张翔,2015-03-23 05:21:51,131,138,7,很棒，张老师大气
1760,734,张翔,2015-03-24 05:30:51,63,67,4,老师很棒！
2936,734,张翔,2015-05-11 10:07:00,53,56,3,感觉学到很多东西，老师绝对男神\n\n
2947,734,张翔,2015-05-11 12:09:08,30,33,3,很棒 受益匪浅
3061,734,张翔,2015-05-13 09:25:20,17,21,4,超级赞
3983,734,张翔,2015-06-17 12:01:58,16,19,3,老师讲课很有逻辑，棒棒哒
5108,734,张翔,2015-07-04 07:23:14,-26,8,34,上课引经据典，但给分低
5259,734,张翔,2015-07-06 06:23:36,-25,10,35,除了给分低作业多都很好
9127,734,张翔,2015-10-14 00:39:47,15,15,0,绝对好老师
9183,734,张翔,2015-10-15 12:40:44,15,15,0,棒棒哒
9938,734,张翔,2015-11-13 02:31:31,14,15,1,挺有趣的
10317,734,张翔,2015-11-18 05:17:52,42,45,3,上他的新制度经济学导论，讲得很有意思，作业做得好还会有午餐会
11138,734,张翔,2015-11-24 12:39:38,6,8,2,收获很大
11208,734,张翔,2015-11-25 08:04:01,7,8,1,老师挺好的
13376,734,张翔,2015-12-27 11:46:32,6,7,1,给分好，还能学到东西
13787,734,张翔,2015-12-31 03:35:23,14,15,1,能学到很多，特别是一些优秀的思维方式
13818,734,张翔,2015-12-31 11:06:54,13,13,0,很有耐心，有逻辑\n\n
14521,734,张翔,2016-01-07 11:51:59,-9,3,12,82分啊
15275,734,张翔,2016-01-13 07:59:24,6,9,3,很欣赏老师的生活态度
18111,734,张翔,2016-01-21 07:52:03,8,10,2,本科最棒的老师
20456,734,张翔,2016-01-27 15:21:39,10,10,0,讲得有内容
21282,734,张翔,2016-02-28 03:07:19,2,8,6,91分的飘过。。好好听课认真做作业给分不低的
23708,734,张翔,2016-04-13 06:18:23,42,45,3,深藏不露的膜法师
23838,734,张翔,2016-04-18 12:54:13,18,18,0,真的很棒的
23839,734,张翔,2016-04-18 13:00:38,5,8,3,还不知道给分怎么样，不过老师讲的很好
23914,734,张翔,2016-04-21 02:28:43,8,9,1,很棒的老师
24109,734,张翔,2016-04-27 10:19:49,30,34,4,天哪，男神，年轻时候绝对小鲜肉，老俊了
24201,734,张翔,2016-04-28 08:09:39,8,9,1,棒，很享受
24310,734,张翔,2016-04-29 09:43:30,12,16,4,老师人炒鸡好！幽默大气！！！关键是课的内容充实有趣，越学越有兴趣！
24474,734,张翔,2016-04-30 15:01:20,19,20,1,张老师讲课超级棒，能学到很多东西。缺点是如果没听课看PPT可能看不懂，因为太简练了
24881,734,张翔,2016-05-04 08:05:35,6,9,3,认真，各种例子好丰富。主要是人好。
24891,734,张翔,2016-05-04 08:28:32,-15,4,19,。。。
24905,734,张翔,2016-05-04 09:25:26,-23,11,34,给分那叫一个低啊
24906,734,张翔,2016-05-04 09:32:31,7,9,2,老师讲的很好，也很负责…给分也很棒！
24912,734,张翔,2016-05-04 10:22:05,-28,8,36,给分炒鸡低！！
24919,734,张翔,2016-05-04 10:32:52,8,12,4,给分还行，水过去这门课分也不低
24930,734,张翔,2016-05-04 11:00:33,4,7,3,可以学到很多，给分不错\n\n
24954,734,张翔,2016-05-04 12:13:22,-6,14,20,作业也按时交了，上课也听了，给分怎么这么低啊，真是无语了！！！有毒吧。。。！！！
24955,734,张翔,2016-05-04 12:15:38,7,11,4,课讲的很好～好好学给分也不错
24979,734,张翔,2016-05-04 15:29:49,11,14,3,学到很多东西，平时听听课考试只要答得出料来绩点不错的~
25033,734,张翔,2016-05-05 02:26:49,9,11,2,讲课讲得很棒，给分也不错
25102,734,张翔,2016-05-05 09:10:37,5,10,5,老师超级棒，非常有思想的老师，可以说上课一点也不无聊！！
25104,734,张翔,2016-05-05 09:30:24,10,21,11,课不错，上课蛮有趣，但是给分低，作业按时交了考试好好考了，是我没学好吧(´-ι_-｀) …不适合水水过的人选。
25126,734,张翔,2016-11-19 02:14:47,14,21,7,十分不解释
25184,734,张翔,2016-05-07 08:32:27,-7,12,19,也不知道楼上有什么好得瑟的，是满绩了嘛？一门通识课还能学出优越感来这教训别人，真也是醉了
25192,734,张翔,2016-05-07 12:29:37,9,14,5,上课会讲一些理论，并举例子来说明。老师绝对的聪明人，只要你上课认真听，课后看点阅读材料，分不会低。作业写的有意思会被邀请共进午餐。考试判断题+设计题，虽说开卷但根本不用带东西，很灵活。
25235,734,张翔,2016-05-08 23:58:24,95,110,15,对经济学感兴趣的同学+上课愿意认真听的同学一定要选。考得上课都讲过而且很简单，社科的同学跟建议听一下。但一定不要因为这堂课就选择经济学为专业，经济学以数学为基本，这堂课学的是思想，两码事。
25309,734,张翔,2016-05-13 09:22:31,3,9,6,不错的老师，上课认真听，作业好好做，并且课后不用花费很长时间。也能学到很多，考试的分数也不会低。另外考试也不用太准备，考试虽然开卷，但我基本没翻过书。个人认为绩点上4还是很轻松的。
27246,734,张翔,2016-07-01 04:39:32,7,8,1,很有趣\n\n
27862,734,张翔,2016-06-28 01:10:13,8,8,0,老师上课很棒啊。听的最认真的一门通识课
28413,734,张翔,2016-06-28 08:53:41,4,7,3,很棒，讲的好给分也好
32222,734,张翔,2016-07-06 03:33:59,15,16,1,听老师的课非常受启发，尤其讲三年饥荒那段
32708,734,张翔,2016-07-11 01:43:56,12,12,0,简直是良心老师啊，上他的课感觉很有意思，而且能学到很多东西，能感受到不一样的有趣的思维方式，大爱
34077,734,张翔,2016-09-26 12:13:13,10,11,1,棒啊，幽默而有益\n\n
34080,734,张翔,2016-09-26 13:10:34,7,8,1,现代大学里不多的有大学气质的老师
35272,734,张翔,2017-01-14 01:26:28,11,12,1,一种享受
35293,734,张翔,2017-05-03 01:20:00,9,12,3,炒鸡棒
35296,734,张翔,2016-11-18 16:18:26,9,11,2,老师讲课有吸引力，可以学到真正的知识，如果你真的想学一门知识，老师的课非常值得推荐。
35513,734,张翔,2016-11-10 07:22:59,6,8,2,认真听绝对收获很大
35565,734,张翔,2016-11-10 07:27:53,10,10,0,老师讲课很有趣
35575,734,张翔,2016-11-10 07:28:38,5,9,4,颠覆了我很多惯性思维，上完课感觉看世界的角度都不一样了。非常棒的一门课，但是想水水刷绩点的就别选了，两篇阅读笔记还是有一定任务量的
35661,734,张翔,2016-11-18 16:15:17,8,10,2,老师的课绝对是通识课里数一数二的，认真学给分肯定不低，收获也很大
35683,734,张翔,2016-11-19 08:32:30,20,22,2,讲得真的很，绝对的好课。结束后对老师很愧疚，没有好好听课，对不住这么精彩的内容。老师真的很棒！
35693,734,张翔,2016-11-10 07:47:01,5,6,1,棒！学到很多
35740,734,张翔,2016-11-10 07:58:15,4,6,2,很棒，学到好多东西\n\n
35742,734,张翔,2016-11-10 07:58:51,16,18,2,张老师绝对优秀！新制度经济学讲的深入浅出，学到很多，也第一次了解到经济学并非只是微经那样冷淡的图与公式。建议大家可以选上的话，可以来学张老师上的劳保专业课~张老师在社保制度设计上有非常独到精辟的见解，引人深思。明天要考张老师的专业课，祝我好运(ㅅ´ ˘ `)♡爱您
35767,734,张翔,2016-11-18 16:48:31,8,9,1,棒棒哒！很大气很大气很大气的老师啊！反正炒鸡喜欢这个老师的！
35903,734,张翔,2016-11-10 08:48:53,11,11,0,真的非常好啊，引导我们自主思考，例子也很有趣，整堂课也很紧凑。\n\n感觉我自己学的不好，但是老师真的是好老师，没有认真听真的很对不起老师
35921,734,张翔,2016-11-21 14:07:43,7,17,10,是这样的，如果你不想当一个上课认真听讲记笔记，课后复习回顾，作业超额完成，看一堆资料的学霸，请不要作死，作为一个水水课的表示绩杀啊。。。。。
36079,734,张翔,2016-11-10 11:42:41,9,11,2,老师特别可爱，上课很有意思，让人懂了很多，推荐来选哦
36107,734,张翔,2016-11-10 12:33:14,6,9,3,好好好
36158,734,张翔,2016-11-18 23:47:53,11,13,2,用心的好老师，上完课以后总是会不自觉的用经济学的理论去分析一些生活中的现象。
36338,734,张翔,2016-11-19 03:07:30,17,18,1,好喜欢好喜欢张老师~非常幽默风趣~讲课很好~新制度经济学导论课很有趣，感觉能够换一个角度看待经济问题。认真上课写报告绩点就很高，对有兴趣的同学推荐哦~
36362,734,张翔,2016-11-12 08:38:56,7,8,1,太酷了！
36380,734,张翔,2016-11-12 15:32:25,43,48,5,楼上说老师有大学气质的真的戳到我的点?在高中的时候我期待的大学的课程不过如此吧 是第三轮选课选上的 第一节课就感觉自己摸瞎摸到一门好课???让我对以后的课有了更多期待 谁知道 哪里还会有像这样大家都不知道的好课呢 两篇读书报告但是材料也都很有趣 !!!重点是!!!上限一千五啊各位 想写什么写什么 重要的是你的想法! 但凡对经济学有兴趣的同学强烈推荐 不说内容有多好 能引导锻炼思考就很赞！
36381,734,张翔,2016-11-12 15:39:29,6,7,1,很不错的老师，认真听能听到很多东西
36406,734,张翔,2016-11-13 05:03:44,7,7,0,收获很大，不水但很有意思的课
36513,734,张翔,2016-11-19 03:40:00,7,8,1,老师真的太棒！
36616,734,张翔,2016-11-15 05:44:49,9,9,0,推荐想学习知识的不在意分数的同学选，当然你好好做的话分数不会差的
36879,734,张翔,2016-11-16 10:32:45,10,10,0,好！超好！渊博！
36935,734,张翔,2016-11-18 16:16:13,6,7,1,老师超好！
37395,734,张翔,2016-11-18 16:09:41,-27,8,35,不想说了 还是更喜欢有展示的通识课，这课事多分低，考试写了很多到最后还是爆炸，唉。
37397,734,张翔,2016-11-18 16:13:33,8,8,0,很有趣，也很有深度
37399,734,张翔,2016-11-18 16:15:10,11,11,0,好老师，真正的大学老师，你值得拥有
37400,734,张翔,2016-11-18 16:15:35,30,31,1,收获很多，能去卖橘子了?
37401,734,张翔,2016-11-18 16:15:52,3,7,4,老师上的非常棒，稍微听一听就觉得很有收获。考前突击看一眼ppt就能有不错的分数
37402,734,张翔,2016-11-18 16:17:16,8,9,1,棒！\n\n
37404,734,张翔,2016-11-18 16:17:45,6,8,2,真的很用心在上课，一定能学到东西
37405,734,张翔,2016-11-18 16:18:24,8,9,1,老师很博学，上课引人入胜，推荐！
37406,734,张翔,2017-01-09 13:09:12,4,10,6,有内容的通识课！老师好帅啊讲课也超级棒！虽然要交读书报告但是上限1500啊，只要提出自己的观点就好~期末考开卷 题型很新很有趣。虽然不水，但是给分也挺好的呀！上课好好听会有收获的！
37407,734,张翔,2016-11-20 06:03:07,15,17,2,男神老师上课前各种吓唬我们说给分低任务重建议退课，可等到真正考试的时候把我们能分数提高的都提高了而且考的很简单都是老师讲过的\n\n
37409,734,张翔,2016-11-18 16:23:51,4,7,3,老师挺好的
37410,734,张翔,2016-11-18 16:23:54,5,6,1,哈哈哈很不错
37412,734,张翔,2016-11-18 16:26:36,6,9,3,老师讲得很赞，即使被正态也不怪老师。
37413,734,张翔,2016-11-18 16:28:03,8,8,0,老师很耐心，讲得很清楚，私下里又很可爱，认真学真的能学到很多东西。
37414,734,张翔,2016-11-19 03:29:51,7,9,2,还想上老师的课！
37415,734,张翔,2016-11-18 16:30:31,12,12,0,一个字，好!爱上这门课的感觉。
37418,734,张翔,2016-11-18 16:34:11,5,6,1,非常棒
37419,734,张翔,2016-11-18 16:40:38,3,5,2,很棒！上课很好
37420,734,张翔,2016-11-19 00:27:07,14,16,2,挺有趣的……虽然是最后的30% 但是还是得说老师上的很赞
37422,734,张翔,2016-11-18 16:53:16,7,7,0,张老师上课幽默风趣、认真负责。
37424,734,张翔,2016-11-18 17:06:29,3,5,2,很棒！锻炼思维，感觉收获很多。
37429,734,张翔,2016-11-18 22:54:56,0,3,3,老师真的超级棒啊，给分也很不错
37430,734,张翔,2016-11-18 23:01:06,6,6,0,老师讲课既幽默干货又多，给分也好！强推！！(๑•̀ㅂ•́)و✧
37431,734,张翔,2016-11-18 23:17:02,1,5,4,讲的东西挺好的 就是声音轻了点 容易听不清走神
37433,734,张翔,2016-11-18 23:35:00,12,15,3,张老师很可爱也很男神阿阿阿。这门课真的很有意思，老师讲得超棒，不要被经济学吓跑了。作业是两篇读书笔记，会有一些书要看，感觉看了之后会有一些领悟吧，或者对张老师说的某一点印象更深，考试20道辨析题1道大题目，题目会提前告诉你hhh反正感觉老师很好阿。上的这个班人略多，扪心自问还是有点水水过的心态，经常走神阿，唉，七次课结束之后觉得超级后悔，呜。还有老师很可爱地一直想吓跑同学们退课呐，虽然大家别信，可是我还是觉得，想水课的同学不要选阿，把机会留给想上课的同学(⁎⁍̴̛ᴗ⁍̴̛⁎)
37437,734,张翔,2016-11-18 23:44:35,2,3,1,张老师讲得真的不错！绝对对你的人生思考有帮助！
37439,734,张翔,2016-11-19 00:02:33,2,5,3,什么都不说了，有思想有情怀，重要的是，学经济的人就是懂激励，绩点超高！
37443,734,张翔,2016-11-19 00:56:06,9,12,3,唯一不想水水过的通识。如果能选上张老师的新制度，你绝对是赚到了！
37450,734,张翔,2016-11-19 01:29:42,9,9,0,真正的大师级水准，讲的知识也都是干货
37452,734,张翔,2016-11-19 01:55:24,5,6,1,三言两句道出经济学真谛。好好努力分数让你满意。\n\n
37453,734,张翔,2016-12-14 06:24:47,3,4,1,享受，带我们领略用不一样的视角看到的世界。
37455,734,张翔,2016-11-19 02:07:05,1,3,2,认真学给分高，老师人很好
37459,734,张翔,2016-11-19 02:13:21,5,6,1,特别好特别好
37461,734,张翔,2016-11-19 02:18:32,10,12,2,张老师的课非常生动有趣，新制度经济学的思维也让自己有了思考经济现象的全新思路。期末考前不妨对照PPT回想下上课内容。期末绩点4.2，很开心。毕竟正如老师所言，绩点不是我们学习的全部！总之必须给十分！强烈推荐大家选这门课！
37462,734,张翔,2016-11-19 02:19:39,7,7,0,老师很好，而且收获很大。老师很有内涵，能学到很多知识点，给分不错。老师是个很通情达理的老师。\n\n
37464,734,张翔,2016-11-19 02:20:23,7,8,1,张翔老师讲的真的很棒哦 很有学者的魅力，新制度经济学的选修课作为一门0基础入门的课也是完全没问题的 大家有兴趣一定不要错过哦~\n\n
37467,734,张翔,2016-11-19 02:46:47,6,6,0,很有趣，也很有收获
37468,734,张翔,2016-11-19 02:55:41,3,6,3,张老师上的新制度经济学导论真的非常棒，强推。张老师上课很负责，讲的也让人耳目一新，收货良多。感觉就是张五常的小迷弟啊(๑•̀ㅂ•́)و✧
37476,734,张翔,2016-11-19 04:08:17,8,8,0,张老师课讲的超级棒，会举很多有趣的例子，学会了很多
37477,734,张翔,2016-11-19 04:08:31,4,7,3,人品了\n\n没预修过微观经济学 \n\n200多页阅读材料读得我想go die \n\n读书报告没写好\n\n每节课老师都没邀请我午餐会 难过 \n\n但是 上课真的很愉快 \n\n本来以为自己就是那30%了\n\n最后考试自己也花了很多时间 \n\n考试的东西上课大部分讲过了 \n\n要仔细听他上课讲过的每一句话和观点\n\n还有一定要挑好位子 \n\n知道我最后一节课坐在两个话唠前面是什么样的感受\n\n
37479,734,张翔,2016-11-19 04:12:30,5,6,1,还不错
37480,734,张翔,2017-03-06 11:28:23,4,7,3,好课 绝对好课 就算最后成绩是好还是不好 我 都要 好好学qwq
37481,734,张翔,2016-11-19 04:29:40,5,6,1,老师绝对男神，有气质，课讲的特别好，人更是认真负责，只可惜不能在选一次~这是上大学遇到的良心老师。
37486,734,张翔,2016-11-19 07:41:05,2,4,2,很棒啊
37487,734,张翔,2016-11-19 05:13:13,10,10,0,非常棒的老师。给分好是一方面但不是全部，听他讲课真的可以学到东西，准备自己看完张五常的经济解释。
37511,734,张翔,2016-11-19 07:54:23,2,3,1,老师讲课很有意思，认真听能学到很多东西！
37522,734,张翔,2016-11-19 08:40:01,4,6,2,好好听课，好好提问题，好好思考.
37525,734,张翔,2016-11-19 08:55:27,0,3,3,真的很棒 我听过最好的一门课 给分也好
37579,734,张翔,2016-11-19 13:58:35,4,4,0,真的好老师，课有趣
37607,734,张翔,2016-11-19 16:06:40,7,8,1,老师讲的很好，是我没有基础，有点一知半解
37659,734,张翔,2016-11-20 03:45:36,1,3,2,老师上课很有趣，能学到很多东西。而且考前一直吓我们是绩杀，考完后给分还是很厚到的，认真听课分不会太低。很棒的老师
37731,734,张翔,2016-11-20 12:31:17,0,2,2,非常非常棒的体验，但是，如果选了老师的课，请一定要好好听好好思考好好学
37737,734,张翔,2016-11-20 12:48:30,5,5,0,强推！有多好大家应该都看到了，但希望真正对经济学有兴趣的选，这样知识收获很多绩点也会不错哦
37741,734,张翔,2016-11-20 14:13:29,1,3,2,超棒!非常涨姿势～
37876,734,张翔,2016-11-21 13:13:34,5,5,0,从开学以来唯一认真听过的课。连微积分都没听张老师的课这么认真过?
37944,734,张翔,2016-11-22 06:51:56,3,4,1,好，赞\(≧▽≦)/
37974,734,张翔,2016-11-22 12:43:32,2,3,1,好好干
39123,734,张翔,2016-12-21 09:07:47,0,3,3,还不错
40160,734,张翔,2016-12-29 13:27:14,3,5,2,讲的超棒！！！
40323,734,张翔,2017-01-02 20:57:23,-20,9,29,建议1年级以上就别学这课了，没营养。
48517,734,张翔,2017-03-06 11:52:48,-5,1,6,解析几何至少需要笛卡尔发明坐标系吧。解析几何的内容古希腊已经研究清楚了是什么鬼。
49593,734,张翔,2017-04-19 13:27:16,4,6,2,老师提供的参考资料真是太棒了，看了不少，对整个新制度经济学的理论有了不少了解。课堂也特别有趣，干货满满。听完这课感觉非常值。
50324,734,张翔,2017-05-02 10:36:50,1,4,3,老师无敌可爱！课讲的很好，当然不直接给结论，思考比较多～
50341,734,张翔,2017-05-02 11:51:33,1,4,3,超棒的老师~给分好
50344,734,张翔,2017-05-02 11:56:54,2,4,2,不管最后绩点怎么样，这门课值得一上。\n\n对于我一个工科生而言，开启了新世界的大门。
50345,734,张翔,2017-05-02 12:01:45,0,3,3,老师讲课非常有魅力，可以学到很多知识，和生活息息相关，作为通识非常棒，给分也很好
50362,734,张翔,2017-05-02 12:47:00,4,7,3,老师很认真，很优秀，而且一起上课的同学超级爱思考，有想法，感觉自己受到了洗礼。最后的绩点出乎意料地好，最后一节课才知道老师不仅跟我同乡还是高中校友。
50368,734,张翔,2017-05-02 13:12:38,42,45,3,攻略先行：\n\n课程要求是两篇读书笔记（阅读材料每节课后发）加开卷考试，平时与期末各占50%，不点名。全课计有八讲。张老师是张五常的迷弟，课程内容其实更侧重于老师自己或者其导师等的社会调查，PPT上的问题其实只听课程的话是没法子得到直接答案的，需要补充阅读课后材料。\n\n感受在后：\n\n这门课其实一直听不懂或者有不同意见以至于没有办法很好的接受老师的观点，特别是第一课科学方法论一直搞不懂，学到中途甚至有种没退课的悔恨。只好硬着头皮看了一堆文献，把上课内容做成逐字稿打算开卷考试硬啃。祸不单行的是考前笔记被人拿走了，考试当天淋雨发烧没吃饭还差点迟到，看着周围的人提前交卷而自己有好多道题真的记不起来老师的观点只好写了自己原始的看法并坐到最后一刻，当时觉得一学期努力白费一定要被正态了，出分前几乎是绝望地刷开的，居然上了90，(´;︵;`)，忍不住来这里写下我第一个查老师评价。
50375,734,张翔,2017-05-02 13:55:42,2,4,2,86分，在班级里趋中吧，只怪自己没好好看文献，论文写得不好，考不好。老师教得很棒吧
50377,734,张翔,2017-05-02 13:57:13,6,9,3,非常非常好的老师。Knowledge competition is between yourself today against yesterday.上过这门课，不妄上过真正的大学。
50381,734,张翔,2017-05-02 14:01:51,-2,1,3,老师讲得很精彩！给分也好！点赞！！
50384,734,张翔,2017-05-02 14:15:54,6,8,2,老师超可爱的。跟他吃了两次饭，私下里的口头禅是“他妈的”哈哈哈痞帅痞帅的。上课能听到很多故事。上完这门课，对生活中的现象会多问一个为什么，相当于给了一个看世界的新角度吧。嘻嘻，10分啦！（老师很帅
50385,734,张翔,2017-05-02 14:23:07,6,9,3,不枉上过大学。
50389,734,张翔,2017-05-02 14:53:32,-5,1,6,。。。。\n\n
50400,734,张翔,2017-05-02 15:40:56,3,6,3,卖橘子，卖苹果，卖西瓜里面的经济学。能从生活中简单的事例入手讲解高深的经济学原理，赞!
50401,734,张翔,2017-05-02 15:43:37,-1,3,4,老师好得不像话！不要担心成绩，只要你敢想敢写，分一定高！（准备去卖橘子的人留）
50554,734,张翔,2017-05-03 12:07:04,3,4,1,课上长见识，课下学着用经济知识各种解释身边事了。话说午餐会时老师嘴上粘着番茄酱讲话有点可爱^ω^
51510,734,张翔,2017-06-07 01:46:01,2,3,1,张老师给我带来了非常多新的思维方式 上课非常有趣 人还长得帅 让我这种经济学零基础的渣渣 非常认真地一节课没水 而且得到了令我惭愧的惊喜的成绩 感恩我在zju遇到过这么好的老师！
52962,734,张翔,2017-06-24 07:45:54,1,4,3,给分公正。
54170,734,张翔,2017-06-28 15:02:01,3,5,2,在老师的课堂感受到了一流大学该有的精神气质，老师思想深邃，讲授清晰流利
54828,734,张翔,2017-06-30 09:17:32,2,4,2,讲得好学识渊博 而且 给分不错～
59654,734,张翔,2017-09-27 09:15:40,0,9,9,在中国土地制度问题概论上听的科学方法论，受益匪浅，真心感谢老师，你使全浙大最优秀的大脑更加强大。
59716,734,张翔,2017-09-26 06:49:28,0,3,3,最好的老师最好的课
60329,734,张翔,2017-10-17 11:57:41,7,8,1,苹果到底卖多少钱一斤啊
60355,734,张翔,2017-10-18 05:45:32,7,8,1,张五常的迷弟哈哈哈哈
60584,734,张翔,2017-10-24 11:38:18,0,3,3,张老师绝逼男神啊~
60708,734,张翔,2017-10-27 09:29:55,1,4,3,棒棒哒
60944,734,张翔,2017-11-04 09:04:04,-1,3,4,幸福的体验！\n\n爱翔哥哥！
61109,734,张翔,2017-11-08 13:35:54,29,30,1,下次就是最后一节课了，突然有点舍不得。自己上课听得不算很认真，但还是受益匪浅。第一节课讲的科学方法论把我以前脑子里很纠结的一些东西一下子就讲开了。每节课的例子都很有趣，贴近生活，而且思想也很深刻。虽然还没到考试，先来打个10分。如果最后绩点低怪我自己，没有把阅读文献都好好看一遍，但是就算是这样也已经得到了很多了。我觉得老师可以尝试把这门课开成长学期的，短学期实在有点意犹未尽hhh
61126,734,张翔,2017-11-09 01:40:19,4,6,2,刷新我的人生观啊，有一种“原来是这样啊”的感觉
61130,734,张翔,2017-11-26 03:59:17,6,10,4,课讲的还可以，但最后的绩点真的让人伤心了?
61288,734,张翔,2017-11-13 15:46:47,3,8,5,谁能告诉我这门课考试怎么复习，开卷考试需要带些什么？\n\n急！慌！虚！
61329,734,张翔,2017-11-14 14:01:19,2,6,4,是一门非常不错的通识课，可以说不水，因为在这们课上是真的可以学到东西的，老师很有思想，建议上课的同学准备一个本随时记录下你认为有用的观点和想法，因为每节课内容很多，不单单能靠记忆力记下来。
61343,734,张翔,2017-11-15 02:43:30,4,6,2,新制度经济学导论确实上得好
61344,734,张翔,2017-11-15 03:22:18,-1,4,5,一个真的是用魅力在吸引你听课的老师，在课上真的能收获很多东西。
61358,734,张翔,2017-11-15 08:07:40,2,4,2,每次上完课都感觉对每天习以为常的世界有了新的认识，感谢张老师用他的深刻给了我们思考。
61397,734,张翔,2017-11-16 09:03:21,4,7,3,真的是一门很真诚的通识课！认真听能学到很多东西的！我中间几节课都水过去做自己的事情了后来好后悔啊！！虽然要写的东西有点多（两篇论文一篇设计题）还有考试，但是这都不能阻止我给张老师打10分！！虽然我有些担忧自己的绩点吧…
61409,734,张翔,2017-11-16 12:42:46,3,6,3,很有意思的课，老师人也超级好！还请吃饭，非常平易近人!一下子改变了我对大学老师来去匆匆、权威不可亲近的形象。很惭愧，我也是听得断断续续的，但真的很喜欢这门课!长了不少知识!
61413,734,张翔,2017-11-16 14:03:02,8,13,5,课很好(✪▽✪)。不过有难度且任务多，想水别来。建议其它课不多再选，这门课需要投入时间思考。我课选多了，只能囫囵吞枣，可惜了。虽然成绩不好，还是推荐这门课。
61431,734,张翔,2017-11-17 05:05:50,-1,4,5,感谢你，张翔老师。听了你的课，我确信了我对经济的兴趣，并确擅长于此。打算转专业了
61507,734,张翔,2017-11-18 03:32:46,1,4,3,真的非常棒！即使是我这种对经济学没什么兴趣的人也可以听得津津有味！
61548,734,张翔,2017-11-18 12:42:41,11,13,2,老师老师争，学生学生争，老师学生从来不争ԅ(¯ㅂ¯ԅ)
61549,734,张翔,2017-11-18 12:44:42,5,7,2,很有意思的一门课，学到了很多新的思想，作业也不算很多，老师棒棒哒，为老师疯狂打call√，爱上了的时候却已经结束了……不管最后分数怎么样，这门课过得很开心，就像老师说的，绩点不是那么重要的。(๑•ั็ω•็ั๑)
61577,734,张翔,2017-11-19 01:02:30,0,5,5,可怕 老师还会看查老师上的评论。。。\n\n
61623,734,张翔,2017-11-19 09:37:05,1,4,3,老师真的非常棒！在他的课上真的会收获很多，不管绩点如何我都觉得选上这门课真的很值得！！
62145,734,张翔,2017-11-22 15:00:16,5,6,1,老师上课很用心，举例新奇有趣，很有感染力。即使在做自己事情的小朋友也会把头抬起来，啦啦啦。推荐噢
62254,734,张翔,2017-11-23 14:58:54,-1,2,3,干货很多，上课认真听，笔记记了很多，给分也不错~很棒的老师！
62255,734,张翔,2017-11-23 15:02:35,-4,5,9,张老师男神～讲的超级棒给分也好呀～本来以为自己肯定是后百分之三十了结果还是给我上九十了～
62258,734,张翔,2017-11-23 15:14:22,1,2,1,强推！
62259,734,张翔,2017-11-23 15:15:47,2,5,3,大气，不水
62265,734,张翔,2017-11-23 16:00:06,0,2,2,老师真.真学识渊博，谈吐幽默，人也极其平易近人，还会举办令人向往的午餐会。小小的遗憾是自己上课经常开小差，也没有及时记录老师的方法论和观点。听说老师有把课程升级为通核的想法，真的好想再学一遍啊。
62293,734,张翔,2017-11-24 04:31:26,2,5,3,超级棒的老师！\n\n来浙大一定要听他的课！
62296,734,张翔,2017-11-24 04:36:41,3,8,5,建议真正对经济学有想法的人选。理科生就算了。绩点很低，因为我对经济学也不是很感兴趣，但对老师的能力是肯定的。
62342,734,张翔,2017-11-24 09:32:58,10,11,1,认真上课，认真做作业，认真考试，然后被正态，ok吧
62353,734,张翔,2017-11-24 10:54:18,1,3,2,老师真的超级超级好！！！认真听课认真做作业真的能收获很多，老师讲课也很风趣，选课的人也很多，每次都要抢座(´∀`)
62385,734,张翔,2017-11-24 14:45:11,3,4,1,强烈安利，超级赞的老师，在他的课上你能接触到很多的全新的思想，不仅仅是关于新制度经济学，还有很多很多，而且不像一般的经济课那么略显枯燥乏味，张老师的课堂非常生动有趣，将那么晦涩难懂的东西讲得通俗易懂又精妙绝伦，而且给我的分很不错哦⊙∀⊙！
62411,734,张翔,2017-11-25 02:31:17,6,8,2,来不来上课看自己…内容还是比较扎实…给的阅读材料很丰富，不过部分文章可能部分观点显得有点老旧…平时作业设字数上线减少恶竞，良心…
62650,734,张翔,2017-11-26 09:17:13,-32,4,36,讲的很棒，可是我的绩点不高只有4.2可惜了！
62670,734,张翔,2017-11-26 10:26:37,5,7,2,认真做了作业听了课还被正态，老师讲的是不错的，但是还是后悔，想刷均绩慎选
62737,734,张翔,2017-11-26 16:44:51,1,5,4,老师很棒，上课很认真，虽然有时候我也会水，也会听的云里雾里，也会不想读阅读文献，但确实有很多茅塞顿开的时候，真的可以改变思想，改变看待问题的方式，虽然最后成绩不理想，但原因还是在我自己没能掌握知识，对问题思考不深入。（不要听老师在第一节课说的劝退的话(￣y▽￣)~*捂嘴偷笑）
62912,734,张翔,2017-11-27 10:37:32,-3,2,5,老师讲的很棒，愿意学是很好的，但是很容易犯困 ，给分超赞
62918,734,张翔,2017-11-27 10:47:01,0,2,2,男神老师 不解释！能学到很多
62992,734,张翔,2017-11-28 00:27:14,6,6,0,老师讲的很棒，干货满满，也非常通俗易懂。只是一开始没有认真听然后绩点也不是很高，但还是要为老师打call！！！另外，想水课的同学还是省省吧……
63064,734,张翔,2017-11-28 06:11:41,4,5,1,讲课非常有趣，认真听受益匪浅。是一门讲思想的课程。本人比较水，被3.6了，但还是没有遗憾的，不后悔选张老师的课。是自己不够努力！
63082,734,张翔,2017-11-28 07:57:58,0,2,2,很棒很棒
63287,734,张翔,2017-11-30 05:23:49,-3,8,11,真的没想到绩点有这么高！就按要求完成了两篇读书笔记和研究题，后半学期才开始认真听讲，然而期末笔试感觉有一大半不太确定，怕是药丸。啊啊啊啊啊啊啊可是老师好棒呀，期末考试判断错了也有分，理由写得好写的不好也都会给分。笔芯，打call！
63627,734,张翔,2017-12-10 13:53:54,1,4,3,高屋建瓴，深入浅出，给发棒
63893,734,张翔,2017-12-18 16:34:43,2,4,2,上张老师的课需要带脑子
64099,734,张翔,2017-12-21 03:28:50,3,7,4,我唯一一个因为有几节上课没有好好听而感觉愧疚的好老师qaq
64540,734,张翔,2017-12-25 04:53:28,-2,2,4,不能再棒了
64696,734,张翔,2017-12-26 12:16:33,4,6,2,不多说，张老师的迷妹٩(๑^o^๑)۶
64757,734,张翔,2017-12-27 05:12:37,-6,5,11,事多不水，不喜欢。
64779,734,张翔,2017-12-27 06:09:51,2,5,3,讲课很有趣，有点小拖课。。\n\n
65113,734,张翔,2017-12-29 02:22:52,-1,3,4,挺不错的
65137,734,张翔,2017-12-29 08:36:51,1,5,4,从中国土地制度问题概论课上听的张翔老师的课，张老师很优秀，幽默风趣，上课内容由浅入深，想必他的通识课也超棒，特来打call?
65154,734,张翔,2017-12-29 12:37:57,-3,8,11,新制度经济学满绩了，好好学很有收获
69759,734,张翔,2018-01-25 10:28:34,8,11,3,记住了张五常、周其仁、弗里德曼、阿尔钦、科斯......
74930,734,张翔,2018-03-06 13:16:17,-1,6,7,只有我觉得他讲了一晚上的tautology吗emmm长得神似甘均先
75067,734,张翔,2018-03-07 07:56:49,2,7,5,看到张老师上了高分榜特地来评一下 上了他的新制度经济学导论 思想非常独到深刻 作业和考试都特别有意思 是不可多得的好老师 虽然我成绩不大理想 但是老师值得十分
75216,734,张翔,2018-03-08 05:04:38,-7,1,8,\n\n\n\n\n\n\n\n
75737,734,张翔,2018-03-16 02:08:11,-1,5,6,很少有像张老师这样通识课认真教干货的老师了，上完受益匪浅，读书笔记只要有思考有想法就行，居然还会被老师叫去午餐哈哈哈哈哈做梦都没敢想，虽然才上了两节课但我觉得老师很棒很大气，对经济学一窍不通的我也可以理解到很多。
76733,734,张翔,2018-04-19 11:44:06,0,4,4,还没考试\n\n但是先打10分
76764,734,张翔,2018-05-11 10:17:34,19,23,4,收货蛮多的，虽然没有点名，但是一点也不水，上课的时候老师会讲很多案例，一定要记笔记，案例具体的情况还有老师分析的思路一定要记下来，考试的时候很有用。还有就是老师给分主要看学习质量，不推荐靠交读书笔记数量的恶竞大佬选这门课。
76847,734,张翔,2018-04-24 13:03:12,-2,3,5,老师讲课超级认真，经济学有些理论不好理解，但老师解释的很好。虽然还没有出分，但还是打10分！
76856,734,张翔,2018-04-24 15:45:48,3,5,2,强推，不说
76859,734,张翔,2018-04-24 16:04:45,10,12,2,今天是最后一节课，老师讲课省一点结尾有兴趣留下听完，没兴趣可以走，留下很多人。抱着疑问和老师讨论，可以说比较刷新三观，耐心风趣幽默，与老师讨论到11点，这门课是我为了凑学分补选，最开始上课甚至没好好听过，但是随着深入开始着迷，自己挤出时间看文献，下学期旁听下补足错过的，分数已经不重要，我得到了我想看的知识，我有了兴趣。谢谢老师！
77090,734,张翔,2018-05-02 00:32:48,0,4,4,(=^▽^=)天天沉迷于老师的口才和思想，第三周就能和老师共进午餐～后面还去蹭了一次午餐，晚上考试，不论绩点先给老师比心～
77105,734,张翔,2018-05-02 07:10:12,-1,3,4,老师上课很好 很有意思 很有趣 。不过我觉得社科的就没必要来听了。当然你要是过来上课也是有收获的。对老师没有任何意见。 只是这些评论真的有些言过其实。不知道是什么情况、可能是因为评论的人没怎么上过经济学的课或者类似的课？ 最后 老师讲的是真的好！！！
77120,734,张翔,2018-05-02 12:06:42,1,5,4,讲的内容太零碎了
77121,734,张翔,2018-05-02 12:07:27,1,2,1,老师讲的非常好，风趣幽默，每堂课我都占前排，午餐时的聊天很好，是十分难得的体验，上课会讲很多故事，好好听，没错的，力推！
77122,734,张翔,2018-05-02 12:15:01,2,3,1,老师讲故事，很有趣
77123,734,张翔,2018-05-02 12:16:00,0,3,3,老师真的讲的非常好，因为专业课太忙有的时候课上会打瞌睡，都想再听一遍……感觉打开了新世界的大门，非常负责任，想去上遍他的课_(:з)∠)_
77124,734,张翔,2018-05-11 12:39:16,9,13,4,看到有同学说老师的事多，觉得很不可思议。一共两篇读书笔记，上限1500字，多在哪里？老师上课真的很有趣，基本没什么恶竞，一学期下来可以学到很多东西。老师中午还会和同学们一起吃饭，非常平易近人，强烈推荐大家选
77125,734,张翔,2018-05-02 12:38:44,0,4,4,作为非经管专业的同学来说非常友好，老师口才很好，上课认真听的话很有收获，但是因为连上三节会有点困，需要毅力。然后课后的阅读和作业有一点点多，但是都是经典。赞美? 一下老师
77129,734,张翔,2018-05-02 13:09:02,-1,2,3,老师男神，讲课很有趣，内容也丰富，事情不算多，还会请同学吃饭。考试都是课上讲的东西，所以一定要认！真！听！况且那么有趣的课去水手机真的不划算(比如我现在就很后悔?，如果再给我一次机会我一定好好听课，趁着刚刚考完来给老师刷个10分 )
77130,734,张翔,2018-05-02 13:26:38,3,4,1,趁着刚刚考完来打个10分，真的是可遇而不可求的好老师??
77137,734,张翔,2018-05-03 00:21:31,2,4,2,老师超棒！但是自己也要...有体悟\n\n和老师吃饭真的！是最棒的午餐
77275,734,张翔,2018-05-04 09:31:25,-2,3,5,翔哥我男神!
77327,734,张翔,2018-05-04 16:20:32,1,3,2,永远喜欢张翔老师！
77333,734,张翔,2018-05-04 17:26:04,1,3,2,超超超超好的老师！
77465,734,张翔,2018-05-06 01:04:08,5,6,1,张翔老师、孙方裕老师等即是真正师者。
77564,734,张翔,2018-05-06 13:48:09,8,12,4,课堂很精彩!最开始想学点经济学的知识，但是无奈本学期学分太重本想听一节就退掉，结果一听就舍不得退了。中间纠结好多次最后下决心上这个课。很幸运坚持听了。上张老师的课会是我今后津津乐道的经历之一。说说体会，个人认为读书笔记闭门造车很难精彩，找一些论文的解读会有助于读透，这样才好思考到点子上。考试很看重概念清晰，平时千万认真听。考完试老师在群上讲答案（应该是为了让我们真正掌握对的知识），才发现自己答得一塌糊涂，上课只记得那些例子了，没有深刻辨析那些原理。哎...现在还没出分，但是强推!
78400,734,张翔,2018-05-11 09:49:15,-25,5,30,事多分少，再见
78402,734,张翔,2018-05-11 10:18:57,-2,4,6,老师太好了，讲的有趣给分也高。
78406,734,张翔,2018-05-11 11:18:17,0,3,3,好老师    学到很多东西
78414,734,张翔,2018-05-11 12:06:33,1,4,3,老师用心 人很好!
78420,734,张翔,2018-05-11 13:10:27,0,3,3,来到浙大听过的最好的课！
78472,734,张翔,2018-05-12 08:17:38,3,5,2,老师很用心地在教书育人，这就够了
78663,734,张翔,2018-05-14 09:09:30,2,5,3,完美好老师
79058,734,张翔,2018-05-22 00:22:05,1,4,3,好老师\n\n
80061,734,张翔,2018-06-19 10:41:02,6,8,2,我代表劳保全班感谢老师！您是我在浙大最喜欢的老师！查老师上不止有新制度的同学！
81481,734,张翔,2018-07-05 07:44:34,2,5,3,我已经推荐我们宿舍同学选课了，宿舍同学都选上了。。? ? ? ٩۹(๑•̀ω•́ ๑)۶
81771,734,张翔,2018-07-06 06:47:54,5,10,5,（≧∇≦）大三老学姐考试周来答一波。如果有人问我大学哪一门课让你印象深刻，一定是新制度经济学了。大二上选的课，当时没人选，第三轮还有好多名额，我也纯粹选着玩玩想着第一节课上了还可以退掉。但就是这么巧啊，它真的是我理想中的大学课程啊，我匿名推荐它为大一学生的必修课！不要因为一众水课对大学失去期待，拜托了！【突然发现首页2016.11.12的发言是我写的...想法还真的是一直没变呢】
86769,734,张翔,2018-09-18 13:09:03,-21,4,25,废话连篇，毫无上课体验
87216,734,张翔,2018-09-25 23:50:37,2,6,4,很棒！\n\n
88723,734,张翔,2018-11-06 12:58:21,0,3,3,真的很好，老师把新经济制度学讲得很透彻
88725,734,张翔,2018-11-06 14:21:21,4,6,2,真的是个好老师！课讲得也很好！
89006,734,张翔,2018-11-13 15:40:27,9,12,3,上完新制度经济学最后一课，有点不舍。今天的课本是不强求，但考试周来听课的人依然挺多，讲到了九点半。张老师的课是我继赵晖史纲后遇到的又一精彩的课堂，深入浅出，为老师的讲课魅力折服。老师本人是非常友善+用心的良心老师，还有点小帅。课程内容的话，作为小白我觉得其实也不是那么友好的，课后的有的文献往往一两遍琢磨不出什么东西，大佬提的一些问题我也不知所云。时至今日回顾课程我觉得自己的读书笔记实在写得太垃圾，挑的文献也不容易写，哎。考前来给老师刷个分。虽然目前身处对绩点的忧虑，但无论如何都会给老师打十分的。考完出分后再来补个攻略。
89071,734,张翔,2018-11-15 06:00:55,5,7,2,醍醐灌顶
89167,734,张翔,2018-11-25 10:50:45,-17,6,23,想水的慎选！超级无敌大绩杀！除非你准备好了上课认真听讲记笔记，课后复习总结，课外看很多的英文文献，否则请不要作死！这根本就不是1.5学分的课的内容量！！！
89627,734,张翔,2018-11-20 04:45:12,-1,3,4,为人师表
90706,734,张翔,2018-11-25 10:49:40,7,9,2,完美男人不需要解释\n\n
90708,734,张翔,2018-11-25 10:53:48,7,9,2,唯一一门每周从玉泉赶到紫金港都要听的课。\n\n老师真的炒鸡好，讲课生动有趣，能学到很多东西，给分也炒鸡好。\n\n
90709,734,张翔,2018-11-25 10:55:25,9,10,1,老师讲课很有趣，考试很简单，给分也好。新经济制度导论有其理论的部分，更多的是与生活与实际结合的部分。听了这门课我对生活中的一些现象确实是有了很多不一样的观点。不枉我每周二从玉泉赶到紫金港听课了，收获很大
90710,734,张翔,2018-11-25 11:00:09,-15,6,21,绩杀！！！
90714,734,张翔,2018-11-25 11:07:52,3,7,4,上课认真听了三四节，作业两次每次都1000多字，考试20分钟写完，最后4.5。无论从学知识还是水课的角度都是好课
90715,734,张翔,2018-11-25 11:18:19,6,7,1,张翔老师的新制度经济学导论绝对是一门非常能开阔思维的通识课，希望有一些经济学思维的人一定要上。
90716,734,张翔,2018-11-25 11:18:55,10,10,0,听老师课，不仅仅是一种享受，还是对自己的提升。思考问题的深度，角度，都很有助益~老师给的文献都不是长篇大论，都是精要之精要，读起来也很有意思。\n\n说实话课一点也不水 但老师说，希望大家不要花太多时间\n\n总之，是我遇到最好的最有气质的老师啊~
90718,734,张翔,2018-11-25 11:29:58,13,13,0,功利来说老师上课讲的例子要记得，包括同类但是没有展开的例子。当然，如果一些点理解了，那么一个点可以对付好几道题也是有可能的，不记得例子也没关系。读书笔记我写得都觉得写得不怎么样，但课基本好好听了课下也阅读了一些材料，考试大部分题都比较有把握，最终4.8。作为经济方面的小白，这门课程很能开拓人的思维，思索一些日常现象背后的经济原理。老师课上课下都很用心，课也不是照本宣科，绝对是遇到的良心老师。但想要完全吃透或是说有非常深刻的理解，那仅花一点功夫是不太行的。
90720,734,张翔,2018-11-25 11:32:24,-10,6,16,没上过课没看过资料期末也没带资料的工科生4.5
90725,734,张翔,2018-11-25 11:56:08,8,8,0,给分感人！
90730,734,张翔,2018-11-25 12:40:09,1,5,4,新制度经济学 讲的超好 事情很少 给分超高 炒鸡推荐！！
90735,734,张翔,2018-11-25 13:29:52,3,4,1,老师大气
90776,734,张翔,2018-11-26 03:28:03,1,2,1,讲得很有趣，实例很多，给分很好，很推荐～
92158,734,张翔,2018-12-27 00:39:26,4,5,1,爱好水课的我 上大学来第一次几乎从头听到尾的通识课。给分棒，真的强推。
92551,734,张翔,2019-01-02 13:48:53,12,17,5,大一秋期刚入学时有幸选上张老师的《新制度经济学导论》，也部分受这门课的影响走上了经济学这条不归路。大二上修一门通识课，作业和新经导的要求差不多，就准备把去年的作业拿过来“改编”，却意外发现大一时的“论文”从概念、推导到结果全都是错误的。当时还是萌新，也不会“借鉴”文献，就简简单单地用心去假设、去推导，甚至觉得自己挺厉害的，也受到了张老师午餐的邀请，最后得到了94分。如今感慨学了一年经济学还是有点进步之余，真的非常感谢张老师留给我的信心（emmm虽然被卡绩了）。其实现在大二回过来再看张老师的新经导，诚然讲的很多都是非常通俗的、基础的东西，并非老师没有水平，而是他真正热爱学生，循循善诱，为我们打开了一个美妙无比的新世界——老师的许多观点影响我至今。同学们，真正重要的是思想而非方法。如果你是经济相关专业的同学并且有一定理论基础，不一定要为了分数去听张老师的课；但如果是一位对经济学感兴趣的其他专业的同学，请相信，张老师能带给你的，足够精彩。 鞠躬。
92650,734,张翔,2019-01-03 09:46:43,-1,1,2,大一入学第一门通识，上了这么多课，遇到很多好老师，但是张翔老师的课最让我难忘
107539,734,张翔,2019-05-06 10:34:55,2,3,1,从土地制度那里来给张翔老师打十分，上课深入浅出太棒啦！
108515,734,张翔,2019-05-27 13:27:28,4,5,1,翔哥的逻辑思维很强，听他的课是种享受！
111380,734,张翔,2019-07-01 05:31:25,0,0,0,佩服张老师的逻辑和口才！他对养老保险的理解很深
112110,734,张翔,2019-07-03 15:11:23,0,2,2,来福哥讲的很多东西其实是思考方式上的，认真听真的可以改变很多原有的思维惯性
113900,734,张翔,2019-07-08 00:08:30,1,2,1,课超级有趣
120909,734,张翔,2020-01-18 17:15:12,-9,3,12,老师超级棒！但是对于成绩我确实有点疑问。。。我平时作业排在前10%，讨论课次次发言，考试只有一题没啥把握。。。最后4.2？？？？真的不太好接受
121089,734,张翔,2020-01-19 14:09:15,2,3,1,老师好给分一般。
121365,734,张翔,2019-12-17 14:54:43,0,2,2,张老师的课讲的深入浅出，逻辑满分，对于非经济类同学也非常友好(P.S顺便夸一夸助教，学姐长得太漂亮了吧，人也特别温柔
121570,734,张翔,2019-12-12 11:18:36,14,16,2,不错，收获了npy
122513,734,张翔,2020-03-03 01:42:06,-1,1,2,老师超棒
122721,734,张翔,2020-03-25 13:49:33,-22,7,29,吹捧科斯和张五常的媒体经济学家，宣传新古典经济学神话的江湖骗子张翔老师，可以把他的课与熊彼特的创新经济学、“眉山剑客”陈平的代谢经济学、温铁军的农村经济学放在一起学习，有助于更进一步了解新中国和世界近现代经济史，以及破解新古典经济学迷信。
125904,734,张翔,2020-09-15 12:35:49,3,3,0,吹爆男神老师!上他的课真的是一种享受，能学到很多东西
126316,734,张翔,2020-09-22 11:32:38,2,3,1,讲挺好
127032,734,张翔,2020-11-03 13:46:39,4,4,0,张老师说一个老师不应该通过点名来维持上座率，所以他从来不点名但是课堂永远坐满。即使以后绩点不高也是我们自己的问题，张老师的课真的是一点也不想水过去。
129705,734,张翔,2021-01-11 06:08:15,5,6,1,可惜满分只有10分。作为理工科背景的学生，这门课确实超出我的预期。在几天的时间里，通过张老师深入浅出的讲述，我对经济学，尤其是新中国成立之后那一段风云激荡的历史，有了更加直接的感受。也激起了我向更深去了解的动力。有幸课间向老师提了问题，PS，老师的眼睛会发光哈哈哈哈
129803,734,张翔,2021-01-12 13:10:13,4,7,3,浙大必上
129804,734,张翔,2021-01-12 13:10:59,2,3,1,老师人很好，讲解的内容对真心想要了解经济学的人绝对是有用的，想选的人务必不要犹豫
129805,734,张翔,2021-01-12 13:12:54,3,4,1,一定要选(//∇//)！！！！！！
129806,734,张翔,2021-01-12 13:13:04,0,1,1,人很幽默
129807,734,张翔,2021-01-12 13:21:27,11,12,1,竺可桢：张翔老师的评分怎么快赶上我了，年底了请同学们过来帮我冲冲呀业绩。\n\n（认真评价：心目中的大学课堂，原来没接触过经济学的也能学明白，而且老师会引导你去思考，收获很多远远不止经济学上的知识。选就完事了）
129808,734,张翔,2021-01-12 13:15:08,-2,0,2,超爱虽然我比较菜听不太懂
129809,734,张翔,2021-01-12 13:16:51,1,3,2,好喜欢张翔老师啊！！！简直是男神！！还请我吃饭哈哈哈
129811,734,张翔,2021-01-12 13:28:32,0,1,1,老师好啊，讲课好，人也很幽默
129812,734,张翔,2021-01-12 13:27:45,3,3,0,张翔老师永远滴神，上老师的课是醍醐灌顶，老人人格魅力突出，对待学生学习的态度简直是我向往的大学老师的教学态度，非常非常非常幸运能够上老师的课！
129818,734,张翔,2021-01-12 14:07:13,-1,2,3,小翔搞的不丑
129823,734,张翔,2021-01-12 15:05:19,2,2,0,没的说，棒极了，不服咱俩约个时间单挑
129980,734,张翔,2021-01-14 12:33:02,13,15,2,“横跨美国去看我老婆”“我老婆实验室里的切片机，是她老师的老师50年代从美国带过来的。” \n\n老师和他爱人好甜。。。两个北大博士神仙伴侣。。。我嗑了我慕了我酸了。。。。（在北京读书的男朋友什么时候能过来看我切片）
130777,734,张翔,2021-01-24 13:58:37,9,11,2,趁成绩还没出，过来评论一下。张老师很有少年感。就是那种眼里带着光，然后对自己的事业充满了赤子之心和认真劲儿的那种，从他写的自述也可以看的出他是个感恩之人。上这个课有点累，特别是基础不牢固的情况下，老师一讲90分钟，休息会儿又是90分钟，精神再好，这个知识量也容易瞌睡。老师不点名也比较少和同学互动，但是有什么问题还是可以当堂提出来的。强烈建议提前预习过PPT，否则容易跟不牢节奏，还有阅读材料一定要早点读，早点读对理解课堂内容有极大帮助，对作业也有帮助。作业可以洒脱点，但是千万不要抄，就说自己的东西就算说错了也没事儿。
131202,734,张翔,2021-01-26 13:29:41,7,8,1,一个上完课会在群里发查老师链接的老师
131862,734,张翔,2021-01-29 06:58:09,3,5,2,给分真的不低！从不点名+期末高分！值得选择！
131864,734,张翔,2021-01-29 07:02:52,1,4,3,张老师的《新制度经济学导论》生动有趣，给分大气！
132097,734,张翔,2021-01-30 08:27:59,-5,2,7,课内容略无聊但事少，给分贼好，选！
132540,734,张翔,2021-02-02 07:00:37,1,5,4,不谈给分了，已经很多人说过给分的慷慨了。单论课程内容就是一门值得选择的通核，新制度经济学内容非常有助于拓展视野，如果选上了讨论课请一定要多发言（吵架），非常有帮助！
133345,734,张翔,2021-02-26 04:32:09,5,5,0,张翔老师yyds！这是自己上大学以来听过的最好的一门课，也是让我重新找到大学意义所在的一门课！
133805,734,张翔,2021-03-06 03:49:28,15,17,2,这么久赶过来给个分\n\n课是好课，只可惜我那学期学业压力有点大了，没有珍惜。\n\nbtw，我在多个平台看到这门课是作为来浙大非常推荐的课。一个学长在读了那篇“绩点为王”的文章后，写下的读后感也引用了张翔老师的话，非常感谢张老师在绩点这方面对我的教诲。\n\n食用这堂课私以为不可缺少的是对文献的阅读。张老师的公共邮箱里有很多paper，非常建议把水手机的时间放到上面来。\n\n作为一个拿了3.8的学生来说，觉得还是给分不错，虽然说老师给分不错，但我真的希望大家不要浪费这门课。\n\n大一在浙大的体会就是，自学的时间占大多数。有课程质量的课比较少。学校最大的问题就是安排了太多的学分，这一点tizhi上没办法。很多学分就导致，老师也知道你不容易，就降低了课程难度和考核难度，这又导致你学的不怎么样就结课了。我本来想象的大学，这存在那种让我肝的很难受但回首下来无怨无悔的，能让我学到东西的课程，以及能让自我感受到充实和让自身灵魂嗡嗡作响的课程。\n\n以上，我希望大家能在一个轻松的学期，选上张老师的课，无愧于心的完成这门课程。\n\n愿zju多一些大家，国有成均，在浙之滨。
133827,734,张翔,2021-03-07 07:12:10,4,7,3,虽然张翔老师的观点我并不是全部都赞同，不过讲的水平还是很高的，最后4.5，跪谢助教小姐姐
139244,734,张翔,2021-07-13 17:25:32,4,5,1,老师超帅！
139250,734,张翔,2021-07-13 22:09:28,-23,10,33,吹捧科斯和张五常的媒体经济学家，宣传新古典经济学神话的江湖骗子张翔老师，可以把他的课与熊彼特的创新经济学、“眉山剑客”陈平的代谢经济学、温铁军的农村经济学放在一起学习
139887,734,张翔,2021-08-09 12:51:55,2,6,4,老师超棒！！收获满满！
140504,734,张翔,2021-09-13 06:19:58,1,3,2,《我爱北京天安门》。
140793,734,张翔,2021-09-16 05:55:26,6,6,0,神中神，很有思想的一位老师
143294,734,张翔,2021-11-23 04:49:17,14,15,1,张翔老师yyds！上课生动干货满满，《新制度经济学》作为一门通识课老师却一直超级用心超级复杂，每周都会找几位同学一起在临湖吃饭答疑，真的很感动www不仅是课程的老师更是人生的导师，平心而论，张翔老师真的是我遇到的为数不多的能让你在他身上看到何为师者风范的教授，真的是以学生为本，哪怕只是和老师聊了会天都觉得受益匪浅~不管给分怎么样真的值了！！！太幸运能选上这门课太幸运能遇到张老师，这就是学者！！！
144423,734,张翔,2021-12-21 12:21:12,5,7,2,感觉上这门课学到的比某些老师的专业课还多，选张老师的课，你不会后悔的
144570,734,张翔,2021-12-22 10:41:59,2,4,2,爱了爱了，还想再选，就是被正太了我也愿意
145230,734,张翔,2021-12-28 10:52:52,3,5,2,老师真的太棒太有思想魅力了！
145602,734,张翔,2021-12-30 12:37:54,0,3,3,老师真的好负责啊啊啊
145624,734,张翔,2021-12-30 17:57:57,1,3,2,男神老师，人好心善
148630,734,张翔,2022-01-13 05:03:10,1,3,2,老师很有想法，会启发你课程之外的人生。总之这是一门值得选的课，虽然我的分数还没有出（新制度经济学）
149199,734,张翔,2022-01-14 17:21:57,7,11,4,被正态了
149558,734,张翔,2022-01-16 02:47:53,3,4,1,好好好
162742,734,张翔,2022-12-05 12:22:40,5,6,1,上的是张老师的社会保障基金管理，因为是跨专业课程还是大三的，学起来真的会怕不理解，但老师真的能让你快速理解，课程很有益，至少我学完以后脑子里依旧保留了很多东西，本来还担心专业性较强外专业的可能考试分数会不好，最好居然有些惊喜到我，谢谢老师！！
163692,734,张翔,2022-12-16 03:08:24,4,7,3,老师超级好！讲课超好！而且这门课事还很少，只需要交3篇读书报告，还有一个期末随堂考。（ps：这次由于疫情，考试没了改成了一篇经济解释作业）
163714,734,张翔,2022-12-16 04:03:32,2,5,3,受不了了，怎么会有这么可爱的老师！上课生动有趣，和田传浩老师两个人真的是最佳拍档！不管出分如何，都大爱两位老师！
165255,734,张翔,2022-12-30 14:22:55,23,26,3,我就说一句：张翔老师现在还只是副教授，这是浙大的失职
165930,734,张翔,2023-01-10 12:11:35,2,4,2,老师的讲课水平以及敬业的态度不用说啦~除此之外，给分也不错的!冲冲冲。
165933,734,张翔,2023-01-10 12:27:25,0,2,2,讲课受益匪浅，但成绩不好说
165949,734,张翔,2023-01-10 13:07:30,3,6,3,爹！！！
165952,734,张翔,2023-01-10 13:16:55,6,8,2,刚看到出分就光速来评了。\n\n是收货满满的一学期。让我们自己看阅读材料写读书笔记确实挺难熬的，但是坚持下来啦！讨论课发言次数基本是一节一次……最后绩点上4了很开心！助教姐姐人也漂亮又温柔。\n\n最后非常感谢张翔老师
166005,734,张翔,2023-01-10 16:56:45,1,1,0,是五级制吗
166232,734,张翔,2023-01-11 13:19:05,7,7,0,新制度经济学课好事少给分好，经济学小白最开始还有点担心会不会跟不上，后来发现老师讲得通俗易懂而且很有深度，讨论课也有话可说，最后期末的时候刚好阳了但是老师还推迟了ddl，真的很为学生考虑，我好爱！这个学期最幸运的事情就是选上了张翔老师的课！
166477,734,张翔,2023-01-12 10:44:56,4,4,0,学得到东西，给分好
166641,734,张翔,2023-01-13 06:26:20,4,5,1,非常好的老师，会引发你思考，对不学经济的小白很启发经济学思维，会学到很多东西，有点后悔上课没有好好听，讨论课听大家讲对很多现象问题都有很多让人眼前一亮的解释，会挺有收获的。老师对作业的要求也很人性化，写的好的老师还会请吃饭（可惜我不在此列）。总之放心选，认真讨论写作业成绩不会差。
168016,734,张翔,2023-01-22 13:42:16,-13,8,21,给分超好的！93
174516,734,张翔,2023-06-13 13:15:05,9,9,0,刚上完最后一节课，感触很深，非常后悔自己之前没有认认真真上课，老师在讲课时眼睛似乎也在讲故事，我真切得感受到自己很久很久没有集中全部的注意力仔细听一门课了，老师讲的现实案例真的很发人深思，引发兴趣。虽然这学期讨论课是我最痛苦的课，但新制度经济学一定是我这学期启发见识增长最大，印象最深刻的一门课了！不论给分多少都会觉得值得。张翔老师，永远的男神！
174684,734,张翔,2023-06-15 13:32:00,10,13,3,张翔老师的课一定要听第一节和最后一节(严格来说是1.5节)。第一节讲的是世界观和方法论，最后一节是他博士论文(民间金融)对此的实践。第一节为我打开了一扇新门，耳目一新，初时震撼甚至觉得醍醐灌顶(在后续交流中，老师也坦然相关不足)。最后一节，民间金融的3段实例，精彩至极，精妙绝伦，在老师的调研思路下，我们一起见证了人民的智慧。大学之精神，在张翔，在张翔老师的课上，我感受到了，虽不能至，然心乡往之。\n\n关于可能的一些分歧。可能是老师家乡与研究领域的原因，老师对于民间有着很明显的同情、支持倾向，这可能会与一些同学的一些观点发生碰撞，但请不要情绪化的定论，去思考，去论证，去交流，我想我们都会有所收获。\n\n我觉得，这是一门可以不必要在乎绩点的课程。
174712,734,张翔,2023-06-16 06:21:21,9,11,2,吹爆张翔老师！新制度经济学感觉是进入大学后上的最能感染我的课之一。在这门课中收获了全新的看世界角度，也打开了经济学的大门。虽然还没考试，但是就根据这门课的内容也值得10分（也希望能有一个好的绩点）。
181429,734,张翔,2023-10-17 12:54:53,7,9,2,听了三周课已成张老师忠实粉丝\n\n大学里唯一一门让我从头到尾每个字都不想漏听 还舍不得下课的课
187177,734,张翔,2024-01-15 03:22:28,5,9,4,老师是好老师，讲课很好，但是通核课确实有点小绩杀
187182,734,张翔,2024-01-15 03:41:11,6,9,3,老师您讲得确实好 但是给分是不是低了点 建议可以不要发言正态给分了 大部分同学一学期都很认真对待但是这个绩点我有点心寒😭
187193,734,张翔,2024-01-15 04:15:20,1,4,3,新制度经济学，很有意思的一门课！\n\n事情不多，课程内容有意思，讨论课的话题也很有趣。
187203,734,张翔,2024-01-15 04:43:27,0,3,3,很厉害的老师，特别推张五常～
187206,734,张翔,2024-01-15 04:47:44,3,4,1,超级好
187226,734,张翔,2024-01-15 08:01:51,-6,6,12,绩杀！！！通识课最低nnd
187229,734,张翔,2024-01-15 08:12:42,-11,6,17,卡我绩点，上课还废话一大堆
187242,734,张翔,2024-01-15 09:57:24,3,3,0,非常好的老师，课上讲了很多东西还是能学到一些的
187244,734,张翔,2024-01-15 09:57:22,1,3,2,老师很好，助教人也很好，有时候有点拖课，给分可以再高一点，但是还是打了十分
187245,734,张翔,2024-01-15 09:58:14,0,3,3,好课！老师很有人格魅力\n\n期末随堂考要重新听智云记思路\n\n打开了很多曾经被高中zz必修二限制的思路，学到的东西多过绩点，推荐！
187246,734,张翔,2024-01-15 10:00:18,0,2,2,老师很好，都给我去上，事少给分也很不错，讨论课氛围也很好（在讨论课上认识了一个超级可爱的xjj）
187267,734,张翔,2024-01-15 10:41:05,0,1,1,通核没有小组汇报就是win！不过推荐那些比较愿意表达自己想法的uu选（读书报告和讨论课都很需要大胆表达自己的想法，因为是没有对错的）
187270,734,张翔,2024-01-15 10:45:29,5,6,1,讲课挺有趣的，但是给分真的绩杀...讨论课每节课发言一次，也去临湖过，考试也准备过历年卷，分数不太理想。。。跟付出的努力不匹配
187363,734,张翔,2024-01-15 15:20:42,3,3,0,讲的确实好啊，很受益
200556,734,张翔,2024-10-19 02:43:26,4,4,0,老师上课也太有意思了，上课氛围也很好～风趣幽默，案例➕理论，周末来上课很值得
201350,734,张翔,2024-11-01 04:09:29,0,1,1,非常好
208991,734,张翔,2025-01-04 06:00:05,-5,3,8,给分很差
219670,734,张翔,2025-06-03 16:19:41,2,3,1,老师超级棒！讲课节奏和故事带入感都特别厉害！谁听他讲课谁爽！老师人还超好超和善！
220814,734,张翔,2025-06-20 02:59:13,2,3,1,给分非常好的老师，讲课也让人很舒适（像听评书（不是）），而且事情真的很少（不要被老师第一节课的要求吓到了），只有3篇不到1500字的读书笔记和很多原题的期末小测，讨论课我几乎没发过言。
220947,734,张翔,2025-06-20 12:18:16,0,1,1,课好给分好🥹讨论课发言个位数最后也拿了很好的分
220974,734,张翔,2025-06-20 14:03:37,0,1,1,额老师感觉讲课还行，但是感觉上这门通核的体验感一般般
221584,734,张翔,2025-06-24 16:07:01,2,2,0,新制度经济学，非相关专业学生\n\n首先说常规的课堂要素，张老师不点名的！我有事请假的时候他总是说“你去吧，没关系”，真的很好…讨论课在周五晚上，介意勿选（据张老师所说这也是一种筛选的方式）事少，平时需要写阅读笔记（最少三篇），发的很多文献是全英文的，我是借助翻译工具看的xddd另外还有结课的小测（开卷，可带纸质资料！纸质资料！）没有考试\n\n然后说我的课堂体验，总体来讲是很轻松愉快的，张老师会讲很多案例，口吻像给大家讲故事一样，听起来没什么压力很轻松！想水的朋友们也可小水一下\n\n再说一些个人的感觉！我是属于读书笔记写的比较勤，讨论课发言也比较多的那一类。但是不知道为什么脑抽了以为最终的小测是可以带手机电脑的，遂没有准备纸质资料，然后被迫闭卷了。。。（但基本都记得起来关键知识点）最后拿了4.5，也许是读书笔记和讨论课比较重要吧。。其实这门课，个人感觉更像一个“脑洞大开”的探讨课，对于很多费解的经济问题都会给出一个奇妙的答案。总的来说就是非常推荐大家来选，非常好的一门通核！zx男神！
221779,734,张翔,2025-06-26 07:50:03,2,2,0,给分好 讲得好 体验好 事情比其他通核少
4587,742,Gregory Moore,2015-06-24 17:35:24,0,0,0,讲的节奏较慢，但是板书不易。美国老师很喜欢互动
19088,754,楼宇,2016-07-08 02:46:39,1,3,2,很好呀很严谨，成绩好坏都看自己学的怎么样了
1267,757,蒋文华,2015-03-21 17:12:06,31,65,34,上课风趣幽默，内容紧凑丰满。听他的课是一种享受。
1573,757,蒋文华,2015-03-22 15:59:43,80,150,70,上课内容非常有趣，值得推荐，可以学到会很多东西
2730,757,蒋文华,2015-05-06 07:43:12,12,30,18,好老师，必赞
3110,757,蒋文华,2015-05-14 14:12:32,0,10,10,有收获\n\nr
4016,757,蒋文华,2015-06-17 13:56:21,9,23,14,特别好的老师\n\n
4106,757,蒋文华,2015-06-17 17:31:42,2,17,15,这是真正值得上的课
4522,757,蒋文华,2015-06-24 06:42:49,8,20,12,内容丰富
4786,757,蒋文华,2015-06-29 01:31:17,-46,28,74,上课很幽默，能学到一点知识，但这个老师三观和思想都有点问题
5001,757,蒋文华,2015-07-02 02:42:53,10,25,15,讲课很好，学到很多东西。
7695,757,蒋文华,2015-09-15 09:31:09,10,28,18,听蒋老师的课是一种享受~有独立的思考。适合兼人生导师
11581,757,蒋文华,2015-12-06 13:56:21,8,20,12,讲道理 很不错的课
13067,757,蒋文华,2015-12-24 16:55:27,24,55,31,这个老师睿智 和蔼 懂人生 他的博弈论基础课是我至今为止上过的最棒最棒的课
13812,757,蒋文华,2015-12-31 08:46:07,2,10,8,超级喜欢这个老师，博弈论基础上课很有趣，每节课都没心思玩手机，聚精会神地听讲最后满绩。
15666,757,蒋文华,2016-01-16 05:28:13,0,6,6,很不错的一门课，给分一般\n\n
18808,757,蒋文华,2016-01-22 14:42:23,0,2,2,很好很有收获
18883,757,蒋文华,2016-01-22 16:28:55,1,10,9,好老师，绝逼的，给分好，讲课幽默！！！
18894,757,蒋文华,2016-01-22 16:58:28,0,5,5,上课有意思！！
18906,757,蒋文华,2016-01-22 17:45:54,0,8,8,良心老师！公策讲课很有意思 期末给满了
18986,757,蒋文华,2016-01-23 02:08:28,2,6,4,好老师，讲课很风趣，很有货。也喜欢公策课的助教！
19256,757,蒋文华,2016-01-23 16:14:28,-2,7,9,评分：9\n\n硬件：口齿略不清晰，但了解颇多\n\n软件：思想开放，崇尚自由\n\n课堂：大课很水（和奇葩的出勤政策有关），讨论课看情况（每次上课老师都不同）\n\n给分：良心
19423,757,蒋文华,2016-01-24 07:44:08,1,7,6,最有意思的公策课，助教也很赞，闭卷考但有范围
21134,757,蒋文华,2016-02-20 13:28:38,-28,20,48,期末作业逼人写反动言论，我拥护一下政府就给我低分。
21941,757,蒋文华,2016-07-05 08:02:20,1,6,5,必须满分啊！很博学给分也很良心！
22294,757,蒋文华,2016-03-03 09:28:09,3,16,13,博弈论基础是我目前听过最有趣的课，良心老师！必须赶来点赞，老师人格魅力大
22350,757,蒋文华,2016-03-04 01:52:54,-2,1,3,不错的
23874,757,蒋文华,2016-04-19 10:57:04,0,5,5,个人觉得讲得还不错
23959,757,蒋文华,2016-04-22 14:22:16,0,3,3,我太爱他了！
25241,757,蒋文华,2016-05-09 00:27:37,0,2,2,有趣幽默给分好
25539,757,蒋文华,2016-05-25 01:33:12,-1,9,10,该老师的皿煮自由理论真是让人印象深刻 茅塞顿开啊!公知精英啊!灯塔国的希望啊!大赞大赞呵呵
26630,757,蒋文华,2016-06-20 11:58:07,0,1,1,很好的老师，能学到很多为人处事的方法和学科知识，听课是一种享受
26951,757,蒋文华,2016-06-22 01:25:17,0,3,3,非常有收获
27274,757,蒋文华,2016-06-24 10:03:48,0,1,1,特别爱他，讲得这么好，不点名都会次次来听的
27439,757,蒋文华,2016-06-26 09:09:20,0,9,9,仅凭博弈的眼光无法看清这个世界
28169,757,蒋文华,2016-06-28 08:12:24,-5,2,7,公策给分规则挺麻烦的，上课倒是还好，有个奇葩规定一学期必须做前一二排，不然扣分\n\n
28203,757,蒋文华,2016-06-28 08:15:37,2,7,5,上课幽默风趣，学到了很多博弈论的知识。最喜欢他那个貌似“我读书少你们不要骗我”的表情。
29217,757,蒋文华,2016-06-29 12:17:44,0,1,1,妙不可言
31909,757,蒋文华,2016-07-05 06:51:51,0,5,5,讲课很有趣，能学到很多，在公共政策学中穿插博弈论，很有收获。课前会放一些有趣的视频。
31912,757,蒋文华,2016-07-05 06:55:16,0,2,2,我给这老师满分
31917,757,蒋文华,2016-07-05 07:00:02,0,2,2,我想知道我这绩点是不是平均水平以下 感觉老师真心给分好 本来一直担心自己讨论课回答不上问题以及展示无能的尿性大概是要完了 出乎意料 也有可能是案例分析和期末考试不错 总之 态度认真是必须的
31939,757,蒋文华,2016-07-05 08:02:59,1,3,2,老师讲的很有趣，深入浅出，人很好说话，讲课内容生动丰富。给分真的很好…大爱！
31940,757,蒋文华,2016-07-05 08:04:58,1,3,2,感人至深！！
31943,757,蒋文华,2016-07-05 08:06:56,0,2,2,给分好的不行，爱你蒋老师
31975,757,蒋文华,2016-07-05 10:03:38,0,1,1,给分好 上课有收获 好老师～
32140,757,蒋文华,2016-07-05 17:20:27,1,4,3,老师的公策课讲得很好，虽然事情比较多但是收获不小，以及给分很棒，强推
33742,757,蒋文华,2016-09-21 09:15:32,0,1,1,很有深度啊，选了绝对不后悔
40496,757,蒋文华,2017-01-04 01:20:57,0,1,1,上课很好
44746,757,蒋文华,2017-01-18 07:53:52,1,5,4,第一次通识课满了，老师很有见地，值得听
44748,757,蒋文华,2017-01-18 07:57:37,0,4,4,还好吧，期末有点坑…
44762,757,蒋文华,2017-01-18 08:15:19,0,1,1,老师人很好 教的内容也很有趣
44764,757,蒋文华,2017-01-18 08:15:54,0,1,1,老师很棒，很有意思的通识课，上课很少会想去水手机。最后期末的作业需要花一些工夫去完成。
44964,757,蒋文华,2017-01-18 15:59:26,1,9,8,上浙大唯一一门觉得上课时间过太快的课
45231,757,蒋文华,2017-01-19 07:48:44,1,6,5,尤其记得老师说为了能在课上讲自己想说的话，努力把当老师的工资占收入的一小部分，听课有趣又能学到东西，我上过最好的通识课。
47582,757,蒋文华,2017-03-13 12:33:45,3,14,11,好老师，每课必攻击政府，这么勇敢地为学生的三观着想的人值得给10分
48312,757,蒋文华,2017-03-02 05:55:39,0,2,2,很不错的老师，有干货，给人启发
49290,757,蒋文华,2017-04-01 12:11:15,0,2,2,幽默风趣
49324,757,蒋文华,2017-04-05 10:26:26,15,18,3,是不是被策反了？哈哈
50177,757,蒋文华,2017-05-01 01:04:58,0,2,2,很好的老师，很好的课
50572,757,蒋文华,2017-05-03 14:41:29,1,4,3,老师蛮好的，有自己观点有自己思想，教学模式改为线上线下，课堂听课大量互动，知识点可以网上随时随地听，作为通识课效率很高，给分也蛮公正
51921,757,蒋文华,2017-06-13 13:52:51,12,18,6,害怕失去是因为想象不到更好的未来
55123,757,蒋文华,2017-07-01 01:06:05,1,3,2,老师的博弈论基础是我上过的给我影响最大的通识课，小小游戏大道理！
56424,757,蒋文华,2017-07-03 17:48:31,0,2,2,上课内容丰富，幽默风趣，而且给分超好，拿到有史以来的最高绩点。
56426,757,蒋文华,2017-07-03 17:53:05,1,6,5,老师上课特别有趣，会拿博弈论的知识讲很多知识点，给分真的好的可怕！只要最后认真按老师给的提纲整一遍PPT，好好背，考试没问题的。案例分析题很开放，自圆其说就可以。满绩最后，特别开心！！
56427,757,蒋文华,2017-07-03 18:24:05,0,2,2,内容生动！幽默有趣！上课会让你们赚钱到他的支付宝账号做小游戏哈哈哈哈！最重要的是给分超级好啊啊啊啊！强行拉高绩点！
56429,757,蒋文华,2017-07-03 19:50:04,1,3,2,上课有趣，给分好，有干货。\n\n感觉从这门课里学会了非常多，对于自身能力的成长（特别是展示，论文，思考方式，交流方式等等）有一定的成长作用。\n\n反正百利而无一害，非常感谢老师了。也非常感谢教务能给我预置到这么好的课。
56452,757,蒋文华,2017-07-04 00:50:18,0,3,3,老师真的超级超级好 人生中第一个满级绩他给的 泪目
56541,757,蒋文华,2017-07-04 03:04:08,1,10,9,蒋老师像一只萌萌的小老虎。上课内容有深度，很能训练思维，每堂课都认真听。给分好，做了个组长每堂课发发言满绩了。期末自己做的案例选去大班展示的同学也容易满绩。
58565,757,蒋文华,2017-09-04 05:31:11,3,3,0,OvO
58983,757,蒋文华,2017-09-19 03:41:43,0,2,2,给分蛮好 也不点名 但是最后一节课一个助教提议老师点名 服气服气。 我没怎么听课，但感觉讲的还是挺有趣的，紧贴生活实际。
60006,757,蒋文华,2017-10-02 14:22:21,0,3,3,非常不错哦
62007,757,蒋文华,2017-11-22 06:30:33,1,5,4,老师也太有钱了吧，笑哭
65059,757,蒋文华,2017-12-28 12:03:10,0,3,3,很赞，甚至他的网课都很有意思
65102,757,蒋文华,2018-03-04 11:32:46,-22,24,46,蒋文华老师公开在课堂发表恐同言论：“我不喜欢同性恋这个群体，他们总觉得自己是同性恋就应该拥有什么特权。”本同性恋对他的言论深表遗憾
65382,757,蒋文华,2018-01-03 12:57:35,1,3,2,老师真的太有才了，能学到很多知识，很有才华!对很多社会现象有独特的观点，学习这门课收获颇丰!
65599,757,蒋文华,2018-01-07 02:17:27,0,1,1,老师上课真的超赞的，博弈论基础这门课不仅讲了博弈论，也讲了很多老师总结的道理，很有收获，真的觉得自己很幸运能选上老师的课
65702,757,蒋文华,2018-01-08 10:05:11,1,3,2,讲课风趣，不是那种冷幽默，是真的让我笑到肚子疼的那种。条理清晰，思想深邃，从他的课里不仅能学到博弈论知识，还能领悟人生智慧，开拓人生境界。很幸运在浙大遇到蒋老师！希望以后能继续选他的课，从他那里吸收更多思想！
66892,757,蒋文华,2018-01-19 08:27:31,0,3,3,博弈论线下每节课都笑得稀里哗啦，红包游戏很好玩，上课可以不知不觉学到很多东西，老师人很好，很有魅力。
67022,757,蒋文华,2018-01-20 03:56:28,2,6,4,真的是人生导师啊！博弈论基础太热门了，没选上，坚持旁听了整个学期，感觉收获很大！而且上课贼刺激，发红包的游戏斗智斗勇。三节课全程毫无尿点！强推！
70130,757,蒋文华,2018-01-26 07:00:02,58,69,11,上课使我贫穷....
70176,757,蒋文华,2018-01-26 07:59:28,3,9,6,每次下课给老师鼓掌的时候都笑中带泪
73202,757,蒋文华,2018-02-01 07:08:53,0,2,2,课上全程高能，感觉一下子就三节课过去了，能学到很多干货，强推！
75129,757,蒋文华,2018-03-07 11:59:55,0,3,3,赌狗末日，大奶全收蒋文华
75555,757,蒋文华,2018-03-13 08:06:54,-2,1,3,好玩，刺激，还可以挣钱，欣赏老师乐观富有激情的人生态度，上蒋老师的课很快乐!
76183,757,蒋文华,2018-03-28 11:34:16,-2,1,3,红包游戏超级好玩！
76738,757,蒋文华,2018-04-19 14:45:42,1,5,4,老师备课很用心，抓住大家的兴趣点而且节奏温和地将人生智慧娓娓道来。不是鸡汤胜似鸡汤，将博弈的思维应用于现实让我受益匪浅。期待蒋老师开更多好课！
76885,757,蒋文华,2018-04-25 08:31:44,2,7,5,正直敢说话，让人敬佩
77223,757,蒋文华,2018-05-12 03:35:29,0,2,2,老师可讲得很好。整体内容和公共经济学很像，考试太简单了，会集体下调分数，所以你能做的就是考100分，这是一个万元陷阱哟，也许考了95都要被正太到80多分。
78102,757,蒋文华,2018-05-09 10:24:23,20,24,4,网课重复听一遍很鸡肋，填空答案设置很不合理，给分呵呵
78125,757,蒋文华,2018-05-12 03:52:46,-7,7,14,给分呵呵，欺骗我们感情。\n\n你知道绩点对于一个认真学习的人来说有多重要吗？
78454,757,蒋文华,2018-05-12 03:37:48,3,9,6,老师是好老师，可惜浙大的正态制度让我对这门通识有点小失望，花了那么多时间只有这个成绩，真的很难受
78455,757,蒋文华,2018-05-12 04:17:47,1,3,2,老师讲课挺好的吧，就是浙大的正态制度挺难受的
78456,757,蒋文华,2018-05-12 04:30:29,-2,3,5,100分满绩。。因为小测难度巨大随意花了好多时间，也学到了很多东西。\n\n好老师。点赞。
78459,757,蒋文华,2018-05-12 05:02:12,0,3,3,好老师，上过最有趣的通识课，给分好！
78460,757,蒋文华,2018-05-12 05:09:51,0,4,4,老师非常亲切，现代化的教育模式，八次单元小测，每次5道题，都是书上或PPT有的，但是时间只有五分钟，所以最好先看透，期末考试50道题，基本都是选择，总体还是非常好的课，上课还可以玩红包游戏！本人5.0，加油学，任务不多，吐槽正态！
78468,757,蒋文华,2018-05-12 07:00:48,0,1,1,虽然最后有点小遗憾，但是课程本身真的是特别特别值得上的，谢谢蒋老师！
78507,757,蒋文华,2018-05-12 11:52:38,1,4,3,吃了慕课平台的亏最后总评少了不少分，老师也没有强调到位。。。除了这些还有正态之外。。。讲课质量还是挺好的，内容形式都很不错，学到了很多博弈论基础知识，一点也不水。
78523,757,蒋文华,2018-05-12 13:58:03,2,4,2,单元测试和期末考试总共扣了一分，但慕课平台讨论区翻车，就被正太了，有点可惜。
78871,757,蒋文华,2018-05-16 03:30:22,1,3,2,垃圾正太，其他都好
78891,757,蒋文华,2018-05-16 08:31:42,-3,8,11,辣鸡老师，自我吹嘘很厉害。给分很不公。
78928,757,蒋文华,2018-05-17 13:36:28,-7,6,13,在517这个特别的日子里，我想真心祝蒋老师一句: never mind scandal and liber❤
79529,757,蒋文华,2018-06-08 03:30:09,2,3,1,讲课很好，但我被慕课平台讨论区坑了。。。部分观点不敢苟同，大多时候常给人醍醐灌顶之感，推荐(另强烈吐槽恶心的正态制度)
80026,757,蒋文华,2018-06-19 05:03:26,-2,4,6,老师人生导师，小课堂，大智慧。敢直言政府的缺点，正直。给分好，分数来源三个，小测，期末，讨论区发言。以上均在慕课上进行，讨论区只要发够二十个帖子就好，小测和期末完全是PPT和书上还有上课讲的内容。这次课由于题目设置简单，老师被正太制度迫不得已下调考试分数，（按排名），但在提醒老师89也有4.5后，应该大家获得的都是正太制度下最高的分数。\n\n另外回应某些言论。\n\n说自己努力得到一个不好的成绩，还质问老师成绩对自己多重要的，我想请问在老师的评分标准中，有哪些是老师主观给分的？您所谓的努力到底是什么？考不好是努力的结果么？如此又与老师何干？\n\n还有说老师给分的，一样，到底哪里是老师主观给分？调分也是根据排名调的吧？\n\n对不起我是蒋吹，蒋老师的博弈论基础是我上过最好最有收获的通识课
80376,757,蒋文华,2018-06-26 00:45:32,0,2,2,10分没说的
84125,757,蒋文华,2018-07-12 05:23:16,-6,1,7,大学第一个满绩hhh
84131,757,蒋文华,2018-07-12 05:59:26,-4,2,6,必须10分，线下线上结合的模式较灵活，老师有一种天生的喜感，是大学里第一个能让我笑出声的老师。论文不强制写，写得好可优先不被正态，这句话博弈性质很强啊。感觉自己单元测试分挺高就没写，还是满了。
84135,757,蒋文华,2018-07-12 06:06:18,8,11,3,认真做测试，3.3不解释
84142,757,蒋文华,2018-07-12 06:22:37,6,9,3,整个学期只有三四次在教室里上课，其他全是自己看慕课。每张都有单元小测，最后期末有次测验。第二节课说一篇5000字论文可写可不写。关键这些都做了还被正态我还能说啥，rbq打扰了
84144,757,蒋文华,2018-07-12 06:27:01,0,3,3,要写论文，否则分就不好了，老师还好
84213,757,蒋文华,2018-07-12 08:52:29,0,2,2,上课气氛活跃，课程评价很量化，就是小测期末考加讨论，很合我口味，给分很好。\n\n
84255,757,蒋文华,2018-07-13 00:56:02,0,3,3,网课只有93，觉得会被正态于是写了论文，论文看了很多地方关于摇号的政策与建议，最后写了3800+，不想恶竞了。最后总评95，应该是老师论文给加分了。论文不一定要写到5000字，个人认为多看看不同地方的政策然后再加上老师上课说过的拍卖方法就好，但是按照网上来给分，真的风险很高。所以选的人最好自己先考量一下。
84441,757,蒋文华,2018-07-13 01:02:16,9,12,3,.........原始分94.5...最后被降了2档....\n\n（正态...不透明.....
85016,757,蒋文华,2018-07-15 03:44:24,-1,1,2,很棒很棒，在课堂上学到很多，给分也很好
85054,757,蒋文华,2018-07-15 06:49:47,6,10,4,一开始还蛮有意思的，到后面就有点点平淡了，上课的人也越来越少。虽然红包游戏是比较好的形式，但久了也觉得有点点低级。有些笑话没什么意思还有各种笑声。考试闭卷会划范围，也还简单，不过不建议裸考，分数会比较一般。讨论课也最好积极一点，争取期末可以展示吧。老师水平也很高，还是很值得上的课。
85362,757,蒋文华,2018-07-17 08:57:20,-4,0,4,蒋老师的公策肯定打满分啊，上课教你做人系列，不仅教你理论知识，还很认真地讲很多生活中的智慧，讨论课挺多，pre也挺多，但这门课就是这样的。期末认真复习，pre认真准备，蒋老师给分那么好，分不会低的!\n\n想选上蒋老师的博弈论哈哈哈
85684,757,蒋文华,2018-07-25 14:25:52,80,106,26,本同性恋深表遗憾
86089,757,蒋文华,2018-09-05 15:41:50,0,4,4,好感动，老师人很好。自己最近亲情上遇到困惑，无法排解，也招不到人解惑。就抱着一丝丝希望给老师发微信，发了很长的一段话。老师很认真地回复我了。感谢老师。
88472,757,蒋文华,2019-03-06 11:35:20,168,246,78,很为评论里面一边倒的评价感到恐惧。蒋老师讲课经验丰富生动易懂没得说的，但是用一种如同所有红爆四十岁老板朋友圈的鸡汤那般的语言，夹杂荤段子引发轰动效果，以及占据大部分课堂时间的新闻案例介绍和个人经历分享，尤其是这些内容跟博弈论又关系浅浅，我不明白为什么课堂收获能有上面同学说得那么多。老师只是讲解了博弈论比较浅的一部分，适用的约束条件非常多，解释力是很有局限的。除此之外蒋老师对女性与边缘人群的态度也真的不敢恭维。同学偷偷告诉我说觉得他其实挺庸俗的，不好意思，我也觉得。
88485,757,蒋文华,2018-10-31 08:28:29,31,42,11,朋友们，开始有线下小测了……非常迷人呢！
88486,757,蒋文华,2018-10-31 08:30:32,23,30,7,其他都还不错，远远好于别的通识课，但是感觉老师第一次的课程改革有点失败，在没有给任何例子的情况下考了一堆逻辑题。
88488,757,蒋文华,2018-10-31 08:44:15,36,41,5,课程改革的初衷是好的，考核的强度和难度确实上来了，但是教学模式没有任何变化，显然适应不了这次改革。
88489,757,蒋文华,2018-10-31 08:48:48,72,101,29,太麻烦了，除了网课上的测试和评论，还有期末考和课堂小测和论文，事情贼多
88598,757,蒋文华,2018-11-03 03:30:01,56,76,20,本来是听其他同学推荐的…结果这学期多了很多任务 平时小测  讨论 线上期末考 线下期末考 五千字论文，而且线下期末考，难度也上来，但是却并没有很系统的讲，完全拼的是数学功底…实在是心态崩了…
88604,757,蒋文华,2018-11-03 11:03:19,-5,5,10,上他的课很爽，毫无睡点，玩的游戏很刺激，讲的都是通俗易懂的东西，很有哲理性
88928,757,蒋文华,2018-11-12 11:17:06,-4,3,7,虽然事情很多，但是我认为很值得，是我上过最特别的一门课
88931,757,蒋文华,2018-11-12 11:41:18,14,21,7,觉得很无聊，讲的都是些什么东西，纯粹为了博眼球而发声。事情么贼多，还动不动一下这样一下那样的，总之我不喜欢这门课以及这个老师上课的风格，感觉就是哗众取宠！
90225,757,蒋文华,2018-11-22 14:28:19,-1,12,13,刚刚出成绩，真的有些话不吐不快。首先，尽管这是我第一门满绩的通识，但算起来真的是太耗费时间精力，线上线下考试，八讲网课加小测，下限五千的恶竞论文，对于一门1.5学分的通识来说确实让人吃不消。其次，老师的课其实是让我失望的，课堂上时有低俗的段子，其间流露出的对女性和社会少数群体的不尊重更是令人不适。总而言之，并不是很推荐大家选这门课，如果真的对博弈论感兴趣，倒不如自己去找资源学习，反而更省时间精力，也不必为了一门通识疯狂恶竞。
90226,757,蒋文华,2018-11-22 14:32:48,8,10,2,事贼多，分不好
90227,757,蒋文华,2018-11-22 14:38:37,16,20,4,事多，分不好，讲真学博弈论不如自己看书，上课太浅
90228,757,蒋文华,2018-11-22 14:40:05,-3,3,6,事情多但给分不错！\n\n
90230,757,蒋文华,2018-11-22 14:47:28,25,26,1,就我个人而言，事情贼多，论文认真写了，但是小测做的不太好，所以我的绩点不太好，只有3.3?，不过我个人来说对博弈论也没有太大的感觉，成绩不太好可能也情有可原吧
90234,757,蒋文华,2018-11-22 15:05:32,6,7,1,上课很热闹，但是事情是真的多，网课还不如线下上，最后绩点也emmmm是我小测太弱了吧
90320,757,蒋文华,2018-11-23 06:36:33,0,2,2,讲课主要是讲一些比较突出的点吧。其实很多博弈论知识都是我课下看书自学的，这样貌似效率比较高。不过课堂上有些观点是比较有启发作用的。博弈论真的挺有趣的。
93458,757,蒋文华,2019-01-10 01:24:58,1,5,4,苦涩，事情是真的多，又是网课又是课上小测线下小测，又是论文（而且论文迷得一批）。老师上课emmm不敢恭维，鸡汤挺多，把同学当小学生来上？讲的东西emmm不敢恭维，大多数靠底子。段子挺多，营养价值emmm不敢恭维。（个人想法，慎选）
97830,757,蒋文华,2019-01-22 23:19:37,3,3,0,过誉了
99617,757,蒋文华,2019-01-25 04:11:50,0,4,4,老师讲的是真的好 内容是真的有趣 事情也是真的多 给分也是真的普通。。。
100006,757,蒋文华,2019-01-25 12:28:47,-2,0,2,蒋老师真的是一个超级棒的老师！上课内容非常有趣，还有很多小游戏～给分也特别好！超级喜欢！
100651,757,蒋文华,2019-01-26 13:32:59,0,0,0,能收获很多，老师口才也很好，除了史纲老师之外的讲课生动的老师。课程改革了，所以以后想选的朋友们最好考虑一下占用时间和给分情况，这些相较于以前都是有所变化的
102469,757,蒋文华,2019-02-03 05:35:30,-3,1,4,实名吹爆蒋老师！！上课超级好玩，大概是浙大为数不多的会让你觉得，翘课或者水课是一件很遗憾，很自责的事情的老师了！！
102596,757,蒋文华,2019-02-12 03:36:28,-2,0,2,我看看
103337,757,蒋文华,2019-02-27 11:02:16,-2,1,3,老师非常非常可爱！
103864,757,蒋文华,2019-04-10 11:30:04,2,4,2,笑死我了哈哈哈哈哈哈哈哈哈哈
104205,757,蒋文华,2019-03-14 02:35:25,20,25,5,吊人一个，水平低的很，当微商可能有余，当老师还是别逗大? 了
104491,757,蒋文华,2019-03-21 13:29:51,16,17,1,事情太多了，而且自己独立完成的小测会被别人组队搞的完全碾压，所以感觉这部分给分比例太高很不合理。课上的很难受。
104754,757,蒋文华,2019-03-27 05:30:13,25,28,3,低俗，娱乐大于学问
104766,757,蒋文华,2019-03-27 10:45:14,13,16,3,课上的黄色废料真是令人无语
105338,757,蒋文华,2019-04-10 05:49:58,0,1,1,还可以的
105358,757,蒋文华,2019-04-10 12:52:44,0,2,2,老师很好，幽默风趣
105361,757,蒋文华,2019-04-10 14:52:15,0,2,2,老师课讲得很好，例子很生动
105362,757,蒋文华,2019-04-10 14:53:17,-2,1,3,老师讲课很好
105363,757,蒋文华,2019-04-10 14:53:50,-2,1,3,课上例子很多，内容很充实，也很吸引人，老师时常会有妙语！学这门课还能知识财富双丰收。很赞的老师
105364,757,蒋文华,2019-04-10 14:58:16,0,2,2,我觉得超有意思的，我是觉得能够从中学到很多道理和知识。
105371,757,蒋文华,2019-04-11 01:22:50,1,2,1,没有太大的收获，纯粹好玩\n\n
105436,757,蒋文华,2019-04-16 01:38:07,8,8,0,事情也太多了吧\n\n强烈建议大家不要选\n\n既然蒋老师会看查老师\n\n那我就顺便吐槽一下\n\n您课程改革的初衷是好的\n\n
105526,757,蒋文华,2019-05-08 03:49:13,3,11,8,大学第一门满绩 认真做分数不会差的
105537,757,蒋文华,2019-04-16 08:48:15,1,1,0,收获并不是很大，更多是趣味吧
105557,757,蒋文华,2019-04-16 15:28:18,0,2,2,事情挺多的，也挺难的，水肯定水不了，老师能力肯定是有的，就是课程太硬核了
105756,757,蒋文华,2019-04-20 04:19:27,6,9,3,讲课都是段子，干货少事情多，自学的话还是可以学不少，但是这种spoc课程改革说到头就是给老师偷懒的，说什么学生课下学习课上就能多讲一点，鬼啊课上都是没营养的低俗段子。\n\n老师会看查老师，还不满意学生给自己差评。评论区集中出现一堆无营养好评，会不会是自己刷的？
106750,757,蒋文华,2019-04-29 08:41:29,1,4,3,事情是真的多，上课的话感觉穿插了很多和博弈论无关的东西（？）黄色低俗啥的上课没出现过，但网课有。
107291,757,蒋文华,2019-05-03 05:16:41,-2,3,5,上课讲段子 不顾及女生感受
107490,757,蒋文华,2019-05-08 08:51:58,-11,4,15,垃圾老师 谁选谁倒霉\n\n
107547,757,蒋文华,2019-05-08 08:51:43,-9,2,11,垃圾 说五月二号出成绩 又拖到五月八号 一拖再拖
107556,757,蒋文华,2019-05-06 13:25:16,-3,0,3,N年了还没有出成绩 \n\n要出成绩了还要被正态\n\n如果成绩不好的话感觉自己的付出付之东流\n\n等出成绩再来继续评论\n\n课程事情繁多\n\n但是能学到很多东西\n\n如果啥也学不到选这课有啥意思\n\n回归学生学习的本质
107653,757,蒋文华,2019-05-08 03:37:34,6,8,2,现在的事情是真的挺多的，感觉自己要投入和专业课一样的时间来完成任务，但是最后分数真的挺低的，唉明明也都是认真做了。上课的话是挺有意思的，但是仅作为1.5分的通识课来说，大家还是慎重权衡吧。
107657,757,蒋文华,2019-05-08 04:27:30,-5,5,10,人生第一个满绩！真的吹爆蒋老师！如果本身对博弈感兴趣的话课程里面很多问题都很有意思的，个人感觉能学到很多东西。事情稍稍多一点，所以只想水或者对博弈完全不感兴趣的不建议选。
107660,757,蒋文华,2019-05-08 05:06:24,6,8,2,怎么说...过誉了是真的，但是本身我就没指望一门通识课能讲得多深入，所以感觉上课内容都还挺好，主要是从一些比较简单的博弈模型引出结论性的内容。体验最差的一点是讲的某些笑话...上面也有人说了，如果能减少这些比较低俗的内容就好了。另外，个人建议没有接触过博弈论的同学可以选一选，如果接触过，想稍微深入学习博弈论的话还是算了
107670,757,蒋文华,2019-05-08 06:12:02,-2,1,3,像听相声，同时也学到了很多。
107686,757,蒋文华,2019-05-08 08:50:27,0,4,4,自己宣扬言论自由，却不想听别人的批评？
107700,757,蒋文华,2019-05-08 11:01:08,-2,1,3,很不爽\n\n
107829,757,蒋文华,2019-05-10 07:57:59,-1,3,4,大学第一门满绩，吹爆蒋老师
107830,757,蒋文华,2019-05-10 07:59:26,-4,5,9,给分太好了，都没怎么听mooc就给了满绩，大家快来选啊，强烈推荐的
107922,757,蒋文华,2019-05-11 14:01:53,1,1,0,成绩出了还行，对得起付出，实际上自己想学什么和老师没太大关系，想学深买几本书看看。学了之后学经济很爽。
109801,757,蒋文华,2019-06-19 09:33:24,1,2,1,这考试也太鸡儿硬核了，知识点还重复。慕课也贼烦，课程真的学不到啥，你把他ppt拿来看看就行了。上了5次课吧，只记得抢红包。老师知识是渊博的，奈何这是个通识，课少，有正态。慎重吧。不说了，期末小测估计都没合格
110044,757,蒋文华,2019-06-21 15:57:51,1,4,3,不知道为什么评分掉了，大概现在博弈论课程考核改了一下吧！不过老师真的超级赞！！唯一一门翘课让你感觉会有罪恶感的课！！
110833,757,蒋文华,2019-06-28 10:10:29,0,1,1,不错 挺有收获的
111416,757,蒋文华,2019-07-01 11:10:57,5,6,1,其他不说，这个老师上课举例全举一些鸡汤，我觉得这并不能称得上“深入浅出”，私以为这个老师很肤浅。另外想对楼下这位说，我不迷信，不怕这种。该说的还得说。
112988,757,蒋文华,2019-07-05 17:16:45,-2,0,2,讲课很有意思，学到了不少东西，课程改革后也少了很多任务，很有意思的老师，极其推荐。
113006,757,蒋文华,2019-07-05 17:25:38,1,4,3,吹爆蒋老师。小测扣了2分，线上期末考试扣了6分，结果总评92。我真的要高兴死了。大概是期末考最后自己写出了对于博弈论这门课的真实感受和自己的一点点见解吧。希望大家去选啊，如果感兴趣的话。吹爆蒋老师的课，很有意思的那种。
113028,757,蒋文华,2019-07-05 18:03:01,4,6,2,蒋文华老师挺有亲和力的，通过发抢红包的方式让学生切实感受到了博弈论的魅力，博弈论本来就很高深，不要指望老师短短四节课能将博弈论的精髓和盘托出，老师更多的是在传达一种理性的态度，一种博弈的思维，希望我们能够因为这门课喜欢上博弈，并且运用到生活当中去，好老师，好课，10分顶上去
113067,757,蒋文华,2019-07-05 22:21:00,-2,1,3,事儿真的不是很多，师强我弱系列，选博弈论基础不玩红包就是赚到，但玩红包欢乐啊? 通过这个课我终于知道了浙大学生真的老有钱了
113334,757,蒋文华,2019-07-06 07:42:57,1,2,1,事情太多了，但感觉都是些没用的事情，除了浪费时间啥都学不到
113445,757,蒋文华,2019-07-06 17:24:01,6,6,0,取消论文挺好的
116999,757,蒋文华,2019-09-18 05:39:35,4,5,1,太麻烦了，上课都是段子，感觉像是微商开大会\n\n
122227,757,蒋文华,2020-02-20 05:59:19,20,32,12,不知道这么高的分数怎么来的，个人感觉过誉了。课堂事情贼多，各种小测互评，内容却没什么干货，上课离不开低俗黄色段子，还有攻击国家政府，阴阳怪气的一个人，有一说一真的欣赏不来。朋友圈像个微商，发的文章又都是些无脑的公知文（没错就是微博上最恶臭的那种，实在无语）也许在老师眼里反党反政府就是政治正确吧，还有一帮学生无脑舔刷好评，难不成是因为老师上课几块钱的红包把你们收买了？给爷爬
122322,757,蒋文华,2020-02-24 06:29:07,8,9,1,上的博弈论 作为通识课事情真的多 上课没什么干货 都是很浅显的东西 一学期下来回顾一遍老觉得课堂上没学到啥 干货都在spoc的网课里 不把网课和书本自学一遍小测和期末基本考不好（而且题目奇怪） 第一节课觉得老师人很好 符合查老师评分 多听几节课就知道这老师有点“虚” 很喜欢用给什么什么人上过课的句式鼓吹自己 朋友圈确如楼上所说经常发表反政府言论（开学第一课就是每个人强制加wx好友）\n\n还被卡绩了…
123894,757,蒋文华,2020-06-16 00:27:47,5,6,1,老师课是上的不错，如果撇开绩点和投入时间的话。不过微信朋友圈是真的一言难尽......
124520,757,蒋文华,2020-07-02 09:13:35,1,4,3,课程难度还是挺低的，干货硬核也说不上，另外给绩点很好。
124521,757,蒋文华,2020-07-02 09:18:21,0,1,1,给分我爱了
125266,757,蒋文华,2020-09-05 04:48:20,5,12,7,数院学子表示这不是我想听的博弈论，课堂上讲的案例经验居多，与我想象中纳什那种用数学构建起来的理论体系相去甚远。\n\n另外，其朋友圈真的恶臭，之前在那里转发各种阴阳怪气挺方方的文章，现在又像在冲今年公知KPI一样。\n\n给分是挺好的，但如果让我再选一次，这课不选也罢。
127077,757,蒋文华,2020-11-05 09:45:06,12,18,6,评论有个挺有意思的现象，17年以前好评占大多数，18年以后差评多起来了。个人是18年选的博弈论基础，听说上学期还没有课程论文之类乱七八糟东西，事情还算比较少，但之后就多起来了。具体课程内容确实挺有趣，是少有的能让我全程都不困的课。但说到老师嘛，借着课程跟所有人加微信，然后朋友圈时不时发些阴阳怪气的内容，批评政府嘲讽体制，蛮公知的。
127257,757,蒋文华,2020-11-17 12:07:22,-2,10,12,就您会的那点哗众取宠的破烂伎俩也配挂着博弈论这三个字？不学无术 喜欢装逼 建议避雷
127377,757,蒋文华,2020-11-22 01:31:24,0,3,3,很棒的
128981,757,蒋文华,2020-12-27 15:54:20,0,4,4,沐猴而冠
129909,757,蒋文华,2021-01-13 11:51:45,7,9,2,身为工科学生，的确可以在蒋老师的课上学到很多，我最后一节课之后评价，不想让结果左右自己，作为一门通识课，晦涩的地方很少，也的确是我最投入的一门课，事情也不会很多，大致是每节课之后五分钟在学在浙大上有个小测，偶尔参加一下讨论（一两百字），最后三个论文（两个1000字，一个模型总结），最后网上期末测试，事的确可能有点多，但也保障了平时分，否则你想想期末占个70%，那恐怕还是有点占用其他复习时间。反正非常推荐，或许从这上面你能学到更多生活的道理。
130053,757,蒋文华,2021-01-16 02:50:10,5,9,4,说实话老师的上课风格和一些观点我个人有点接受不能，但是老师还是挺认真负责的。博弈论基础作为一门通识课给没了解博弈论的同学上挺好的，对于接触过博弈论的就浅了。查老师上的有一些差评，不过我觉得没必要因为老师的上课风格就完全抨击甚至人身攻击吧？难道大学也要里只允许有一种声音吗？
130955,757,蒋文华,2021-01-25 11:29:21,4,4,0,事情多，课还是有意思的。本学期没听到什么不对的言语
131455,757,蒋文华,2021-01-27 14:34:41,-32,3,35,上课不点名，我只有第一节课到课。随便看一下ppt和书，就轻松满绩。老师人还是不错的。唯一可惜的是最后发红包的时候我不在，没有抢到。
131486,757,蒋文华,2021-01-27 16:30:53,0,1,1,还不错
133433,757,蒋文华,2021-02-28 13:40:55,9,15,6,关于言论问题：舆论场上无左右，不符合风向的一律按公知处理…真就人人自证文盲，污名化只需要一个词语就够了嗷？
133822,757,蒋文华,2021-05-23 14:47:24,-6,16,22,今天发李文亮训诫书，明天发“中国学生能力低下”，微信的内容诸如此类。总有一群所谓知识分子把自己视为国家的良心，新一代鲁迅。实际上不过是躲在象牙塔里享受着国家发展红利打打嘴炮的苍蝇罢了。
133825,757,蒋文华,2021-03-07 03:59:30,0,4,4,老师言论没毛病！
134524,757,蒋文华,2021-03-31 10:42:56,1,1,0,南征北战😅 给爷整无语了
134562,757,蒋文华,2021-04-01 13:46:34,-10,9,19,这老师讲话跟嘴里含了坨shit一样......听着真难受。然后就是，事情贼jb多，真恶心，每节课后面的小测测的都是什么垃圾玩意儿，他上课讲的每句话我都得记住吗？真的病的不清。上课讲的很多观点正如很多评论所说，油腻低俗恶心，三观不正。总的来说，课还算有趣，老师人一般，课程评分制度及其不合理，我看还是别选了吧。
135044,757,蒋文华,2021-04-27 15:36:36,0,2,2,屁事甚多，周周线上测试，期末题目多，慎选。
135307,757,蒋文华,2021-05-08 01:19:57,3,3,0,认真上课做作业3.6飘过
135453,757,蒋文华,2021-05-11 02:34:04,5,7,2,蒋老师是我高中就看过网课的老师，博弈论很有趣，老师很好，讲课易懂。数学功底要一点，高中水平即可。至于庸俗荤段子，本女权同性恋（笑）没有感到被冒犯，可能老师看评论修改了吧。一八年的评论说事多，现在也改了，平时每节课线上四道题，两篇论文，线上期末考，还行。博弈论的课堂真的非常有意思，而且能赚到钱啊！（咳
135527,757,蒋文华,2021-05-12 11:41:32,2,4,2,给分蛮好的。不过测试有、阴间。小测会问历年博弈游戏的结果来确保你认真听课。只能说不愧是博弈论老师@_@
135763,757,蒋文华,2021-05-24 08:06:47,1,4,3,要是拍下了三分我就满绩了😭
136487,757,蒋文华,2021-06-18 15:47:05,-3,7,10,浙大大大公知\n\n上课还挺有趣吧，起码我学到东西了 朋友圈真的ex
139926,757,蒋文华,2021-08-20 11:47:59,2,7,5,朋友圈这是收了境外势力钱了？
140580,757,蒋文华,2021-09-14 04:00:55,1,2,1,认真听课考试最后3.6的飘过
140699,757,蒋文华,2021-09-15 07:07:09,1,2,1,吹爆蒋老师！紧张刺激的博弈论课程最后变成了红包大战，氪金小游戏，欧皇利润翻数倍，非酋也不会亏太多！蒋老师yyds！
140743,757,蒋文华,2021-09-15 14:26:23,3,4,1,这小测试我就呵呵了，什么伞兵东西，跟知识一点关系没有。
141403,757,蒋文华,2021-10-06 11:52:31,1,1,0,上课风趣幽默 以具体案例为主 内容在通识课程中算是十分实用的了\n\n如果想认真的上这门课 建议先提前翻一下书 因为上课内容并不是按书上顺序讲的
141547,757,蒋文华,2021-10-14 02:38:34,5,6,1,讲课蛮有趣，但是语调有点奇怪，而且我在他课上一直亏钱，果然还是我太弱了
141922,757,蒋文华,2021-11-01 02:42:05,-2,3,5,无语了，事最多的一个老师，没有之一。
141972,757,蒋文华,2021-11-02 10:48:06,0,2,2,yysy我是冲着数学概念上的硬核博弈论选的这门课，但实际上老师的博弈论更偏向于讲故事性质的…\n\n虽然如此，但实际上课的体验并不差，上课不时有红包游戏掉落，老师的讲课也算言之有物（虽然很多情况下是过时心灵鸡汤）\n\n关于公知和对女孩子的冒犯，在21-22秋学期课堂上个人觉得没有很离谱\n\n关于给分，平时任务较杂，但都在学在浙大上，平时小测和期末题目会出现红包游戏等内容检测你有没有好好听课，笔者的成绩还没出但据学姐说存在绩杀，混分需谨慎
141979,757,蒋文华,2021-11-02 19:06:54,11,18,7,极其阴间的老师，其罪证包括但不限于：\n\n1.事情巨多。每周上完课后有一个小测，同时还有两次讨论，期末还要写两篇论文和一个测试。这么多的内容，塞到了一个1.5分的课里，这合理吗？\n\n2.分数安排离谱。之前提到的小测，一次有4道题，总分是4分。而两篇论文字数分别为1000-2000、2000-3000，总分都是10分。我在其他通识课写这么多字的文章可以拿到30分，这里却只有10分，仅仅只是两次半的测试分。实在不理解这样设置分数的理由。\n\n3.更加离谱的加分机制。如果你觉得以上的分数不好拿，那么你还有两次可以加分的机会。一次是某次讨论，这场讨论的内容是上这节课的感想，如果你的感想让老师觉得好就可以加1-3分。但这个老师从来就只看最新的讨论内容，感情我早早交了个寂寞呗。还有次机会是最后一节课，有个拍卖环节，就是直接拍卖成绩，谁买到了就可以加3分。无语，成绩竟然直接和钱挂钩，那我还上你的课干什么，不如进厂赚点钱来买分数。\n\n总之，不要选博弈论，快跑！
142117,757,蒋文华,2021-11-06 11:31:17,2,2,0,2021年的蒋老师很友好，没有什么事情
142176,757,蒋文华,2021-11-08 07:30:46,1,2,1,老师风趣，学到很多东西，觉得很有意义
142505,757,蒋文华,2021-11-12 10:35:36,4,4,0,一般般
142605,757,蒋文华,2021-11-14 09:18:36,2,9,7,哪里事多了…小测四个题而已，而且都是非常基础的问题，老师不知道给了多少次补测机会，论文就那几个字算多？通识课开来也不是让你水的，想水就接受低分呗，老师布置作业改作业不要花时间？什么时候“事少”和“事多”成为评判一门课的标准了？
142625,757,蒋文华,2021-11-15 00:05:15,4,6,2,给分呵呵了
142626,757,蒋文华,2021-11-15 00:07:59,9,11,2,老师很会给分啊，硬是用一个3.0把我另外一科5.0给拉没了
142628,757,蒋文华,2021-11-15 00:15:58,-3,2,5,给分优秀 赞赞赞
142629,757,蒋文华,2021-11-15 00:16:52,-49,3,52,无法理解，事情不是很多，两次讨论，两次论文，一周一次测试，期末考试，没有多少，但是课的话偏简单，讲的真的是“基础”，感觉自己看看书就行了，不明白为什么这么安排。其中分享的一些人生智慧还算不错，上课也比较轻松。\n\n给分并不好，我兢兢业业地学习，还有博弈论的基础，为什么才给我4.5？？？？？？不明白为什么这么低\n\n还有买分现象，不能理解，就算说是凑个奖励，也不应该用期末分数吧，个人觉得还是不合适
142631,757,蒋文华,2021-11-15 00:25:55,51,58,7,老师给分很好👍，希望下次别再给了
142632,757,蒋文华,2021-11-15 00:27:40,2,3,1,讲课幽默风趣，算是让我学到博弈论的皮毛。内容较简单，数学要求不高，可以水课。
142634,757,蒋文华,2021-11-15 00:53:46,-9,5,14,蒋文华老师yyds!!!博弈论基础是我上过的最好的通识课，作业基本没有，事情也少，人也超级好！刚刚出分，只要你好好学，满绩轻轻松松！！！最重要的是真的真的能够学到很多很多特别有价值的知识，也会让你认识到世界是善良的！！！
142635,757,蒋文华,2021-11-15 01:13:02,7,11,4,上课氛围轻松愉快，每节课后只有4道题，我觉得相较于一些要听网课的课程不多了。一个学期课听下来两篇论文，如果你认真听课那么你会有感而发写论文不会难的。虽然期末考有点阴间，但是可以智云课堂和上网啊。\n\n还有关于卖分数：\n\n1.蒋老师没收同学钱而是让同学们抢红包\n\n2.每班3个名额+3分能影响大局吗？图一乐罢了。\n\n3.你想要有钱的就去买呗。为什么要愤愤不平呢？
142639,757,蒋文华,2021-11-15 03:20:29,1,2,1,....
142641,757,蒋文华,2021-11-15 01:39:39,2,3,1,事是真的少，给分也是真的一般。小测题是不多，但题目很阴间了。居然还会有上课买分的价格，第一次游戏的结果这种题目，大无语。
142644,757,蒋文华,2021-11-15 01:45:52,0,2,2,老师的课上的真好
142658,757,蒋文华,2021-11-15 02:53:35,0,3,3,好老师哦 建议选
142664,757,蒋文华,2021-11-15 03:17:48,0,2,2,讲的挺好的 能讲基础也能抽象出大道理\n\n我觉得还是挺不错的一个老师 很风趣\n\n作业的话 就单元测试然后加课题 课题尽早开始 堆到学期末会....
142670,757,蒋文华,2021-11-15 03:59:13,4,5,1,给分真的离谱 两篇论文加起来快一万字了 平常也有认真在学 绩点低到爆炸呵呵了
142672,757,蒋文华,2021-11-15 03:57:15,1,1,0,鸡杀不解释
142687,757,蒋文华,2021-11-15 05:36:30,0,3,3,大学必上的通识课！该课俗称三墩镇赌场，成天传授赌博知识以及各种有趣知识。这门课是我唯一一门因为课程实在有趣而从未水过的课，每次带着学习资料去，从来都是还没翻开就发现下课了！真的是好老师！为什么还不是10.0！
142728,757,蒋文华,2021-11-15 13:39:25,0,0,0,如果及时写课题不堆到期末的话，事还是蛮少的，每周基本也就四道选择题，秋学期两个讨论贴＋两片小论文，比较轻松，可以水，没话太多时间4.5很合理了。上课想听的话也比较有意思，我甚至赚了一顿饭钱xs
142731,757,蒋文华,2021-11-15 14:14:23,3,3,0,给分很好捏，下次别给了
142806,757,蒋文华,2021-11-16 09:59:18,16,18,2,不否认他的讲课水平，但他给分的方式不行，平时每章节小测完全架不住有人合谋刷分，最终期末考试出题又过于主观和坑爹了。。。被正态到了
142827,757,蒋文华,2021-11-16 15:18:16,-4,3,7,小测和考试只要上课认真听，善用智云课堂，都能搞定。课堂内容也很轻松有趣，经常大家一起笑。计分规则第一节课就讲了，认真完成每一个部分相信绩点不会难看。
143140,757,蒋文华,2021-11-20 01:38:07,1,3,2,怎么说 事不少分不多  任务都完成了只有3.3 也不能完全怪老师吧 要怪就怪该死的正态\n\n感兴趣的话建议蹭课 言尽于此吧
143168,757,蒋文华,2021-11-20 11:28:21,20,22,2,为什么别的老师为了正态最低3.3，你却给这么多人打2.4？
143206,757,蒋文华,2021-11-21 11:44:10,2,3,1,本人旧高考理科生，此前政治只是初中水平，课程对我来说有难度。\n\n尽管老师风趣幽默，课程有趣也有一定深度，但是事有点多，每节课后都有小测（选择题，但是会问玉泉校区适用于碰头的标志性地点在哪这样的寡问题），最后有期末考试，两篇论文（超难写），没有管理、经济学基础的我查了很久资料努力写论文但只有3.3绩。\n\n总之，想要在课堂上获得快乐过的潇洒就来，在意绩点千万别报。
143290,757,蒋文华,2021-11-23 03:18:12,1,1,0,老师是个狠人
143707,757,蒋文华,2021-12-02 07:15:27,0,1,1,上课挺有趣的
143788,757,蒋文华,2021-12-06 09:29:27,5,12,7,满绩经过，老师水平还行有点鸡汤，每节课有小测，事情多意味着不容易被绩杀，反观龚梦园的心理学，一篇综述直接没了，直接绩杀，反正一平均也都没了，秋学期完没结束
143794,757,蒋文华,2021-12-06 14:27:53,0,2,2,蒋老师的课讲的不错，收获了很多哲理。但博弈论就是太卷了，三点几还行吧。
143924,757,蒋文华,2021-12-13 06:09:17,0,0,0,很有趣
144415,757,蒋文华,2021-12-21 11:30:36,0,0,0,不点名挺好，这学期朋友也想选
144895,757,蒋文华,2021-12-25 14:24:32,0,0,0,讲课真的很好
144916,757,蒋文华,2021-12-26 02:19:08,4,8,4,不愧是三墩镇最大赌场，基本每节课都可以玩小游戏，讲的内容也很有趣，每节课后有小测，但题目出的都很奇葩，最后期末考试题目都是以前出过的题目，可以找几个好朋友一起选
145011,757,蒋文华,2021-12-26 13:01:23,3,9,6,博弈论：上课真的很有意思，学的知识对我启发很大，不仅仅是社会学或者数学上的启发，更是为人处世和待人接物的启发。每节课后一周内完成一个4道题的小测试，很简单，善用智云课堂和PPT完全没问题。中期两篇小论文其实很简单，只要认认真真写就好，不必太卷。最后线上期末考，两次机会，建议第一次机会截屏所有题目去查到答案再考第二次，题目不会差太多。最后4.8，虽然没有满绩但也还好吧。总之强推，但是态度要端正！
145288,757,蒋文华,2021-12-29 01:53:48,0,2,2,鉴定完毕，该网红为实力型主播
145407,757,蒋文华,2021-12-29 11:58:29,-2,0,2,我觉得挺好的，深入浅出 娱乐幽默，说没收货的可能是没听懂……很多内容讲的蛮晦涩的
146975,757,蒋文华,2022-01-08 08:52:42,3,5,2,不要选
147500,757,蒋文华,2022-01-10 05:51:28,5,7,2,不要选
148044,757,蒋文华,2022-01-11 12:47:49,10,16,6,别选 给分极差 上课有听课后作业认真做你告诉我就三点几？真的无语 要均绩就别选
148066,757,蒋文华,2022-01-11 12:28:15,17,23,6,这真的给分极差，作业有认真做考试认真答，最后给分2.4。
148068,757,蒋文华,2022-01-11 12:34:34,-2,4,6,作业认真做， 上课的知识点认真记得，然后课后测试和期末考试和作业都认真做的话，会很高的，主要还是学到了很多知识，老师也非常有趣，欢迎大家来选，给分可以的
148073,757,蒋文华,2022-01-11 12:39:32,1,8,7,老师会耐心的跟你解释无私奉献是不可能的，跟你讲自私才是人之本色，会告诉大家精致利己世界和平，提倡奉献水平太低.呵呵🙂
148075,757,蒋文华,2022-01-11 12:41:37,11,20,9,啥都好好干，最后2.4。不说了，1分献给好老师
148087,757,蒋文华,2022-01-11 13:02:37,2,4,2,老师挺好的，上课真的学到了很多知识。老师在课堂上是不怎么讲数学推导的，更多的是一些人生哲理。老师对于教学的热情很高，我想他真的是很热爱教学吧。\n\n至于给分，我相信好好做了就会有个好成绩。正太是不可避免的，关键是自己认真学，通识选修也是需要花功夫的。
148097,757,蒋文华,2022-01-11 13:23:59,-1,5,6,蒋老师课讲的真的好，认真听绩点也绝对不会差
148100,757,蒋文华,2022-01-11 13:27:34,0,1,1,老师的课上的我很有收获 事情较多但是也都难度不大 有论文需要一些社科知识基础
148103,757,蒋文华,2022-01-11 13:35:59,7,8,1,绩杀……
148107,757,蒋文华,2022-01-11 13:41:20,1,3,2,老师讲课很好，会有很多独立的观点。成绩的话，我是上课随性听，作业认真写，最后3.9，也不算低。。。
148166,757,蒋文华,2022-01-11 17:14:04,2,5,3,讲课超好 楼下几位分低的不先想想期末考考得怎样就说给分差？
148233,757,蒋文华,2022-01-12 02:21:20,2,5,3,事情多是真的，略有一些庸俗也是真的，鸡汤有点多也是真的。但很喜欢他的讲课风格，超级生动形象，小白特别容易上手。如果好好听好好做作业，是真的可以收获有用的东西，老师也不会吝啬给你好看的绩点。
148412,757,蒋文华,2022-01-12 11:23:43,5,12,7,打一分是因为没有0分。课没旷一次，作业次次做，小论文都交了，期末也做了。2.1的绩点好意思给。上课真水。yysy没干货。发红包的游戏我确实玩不懂，也不觉得多有趣。
148566,757,蒋文华,2022-01-13 01:39:20,7,8,1,作为一门通识选修课，确实算是有意思的了，我的笑声在这节课上爆发的也确实很多。但是作业有点硬核，最后我个人的绩点在通识选修课里也算低的了
148612,757,蒋文华,2022-01-13 03:50:59,6,22,16,绩点4.5。\n\n老师讲课还是很有趣的，课堂内容也很不错，\n\n只是希望老师在教育我们认清现实的同时能增强民族自信心、增强文化自信，避免在课堂上宣扬一些不应该出现在中国高校课堂上的言论。
149367,757,蒋文华,2022-01-15 07:46:47,0,3,3,课比较水，但老师很有激情，认真听也会有收获。绩点给的比较迷，因为成绩不公开所以认真做了也不知道自己是什么水平，最后也只能归结为自己菜了。
149570,757,蒋文华,2022-01-16 03:58:42,-1,10,11,满了 说实话没有想到能够满，上课有些观点作为女生会有点不适，当然也没有特别认真听，但是还是蛮感激老师教的有些内容，确实开拓了眼界跟思考深度，作业和考试很重要。
149633,757,蒋文华,2022-01-16 08:43:25,0,6,6,事很多，但认真做，给分还行。
150287,757,蒋文华,2022-01-21 13:16:35,-10,5,15,挺好的:-)
151285,757,蒋文华,2022-02-27 14:15:54,17,28,11,师风师德问题突出
151306,757,蒋文华,2022-02-28 07:53:06,14,26,12,传统型网络公知
151307,757,蒋文华,2022-02-28 07:59:45,8,25,17,典型的公知 给爷爬😅
151326,757,蒋文华,2022-02-28 12:38:50,-15,5,20,“如果互联网只是局域网，你就是在被人洗脑”请问您怎么看所谓互联网让人闭嘴的能力
151735,757,蒋文华,2022-03-14 08:41:48,69,80,11,“试想，如果美国前总统特朗普不肯移交总统权力，美国人民如何才能迫使他不得不移交权力？”\n\n你不妨把话再讲得明白一些
151749,757,蒋文华,2022-03-14 14:27:57,-35,14,49,蔣的課程非常生動，他的觀點引人思考，推薦！
152032,757,蒋文华,2022-03-23 14:29:07,-9,2,11,水课，分g
152109,757,蒋文华,2022-03-27 06:21:11,8,23,15,公知形象真的是
152383,757,蒋文华,2022-04-07 11:10:16,18,27,9,博弈论基础\n\n水课 事多 快跑
152420,757,蒋文华,2022-04-10 12:08:44,4,16,12,“ 现阶段除了新冠，其它病都算不了什么”
152477,757,蒋文华,2022-04-12 13:28:36,-8,24,32,给满分，这是我在浙大上过最有意思的课。很多佐佐pinky看不惯蒋老师观点就给人家差评，showshowway吧
152504,757,蒋文华,2022-04-13 11:48:12,24,47,23,反动就是反动，何必以“不同观点”堂而皇之？照你这么说，难道国家的那些言论对你来说不是“不同观点”？你怎么不歇歇？你给龟充电别人拔你插座，下雨别人偷你伞，不是“不同观点”？你说他们干什么？更何况，反对蒋文华的难道不是“不同观点”？一定要跟你保持一致？一定要拥护他？你的逻辑自洽吗？\n\n难道判断观点不应该结合基本的公序良俗吗？为反动公知说话，你清高？你看得清楚？
152509,757,蒋文华,2022-04-13 16:04:23,-14,18,32,蒋老师反不反动我不知道，但兔u事真滴8⭐😅
152533,757,蒋文华,2022-04-14 06:34:06,-9,16,25,疫情之下似乎理解了老师的许多政治见解。
152965,757,蒋文华,2022-04-22 13:09:16,29,45,16,兔u⭐8⭐我不知道，但蒋事真滴反动😅
153127,757,蒋文华,2022-04-26 03:14:26,-15,3,18,谢谢老师！！！
153253,757,蒋文华,2022-04-27 06:30:52,28,35,7,事多分低，烂课快逃
153579,757,蒋文华,2022-05-05 05:09:39,-9,11,20,评论区又让我看到了大是大非前讲什么科学道理
153602,757,蒋文华,2022-05-05 12:36:39,22,29,7,回复上条“大是大非前讲什么科学道理”，\n\n没有人质疑他讲授的知识，知识是无辜的。\n\n人们质疑的是他的思想、师德师风和人品。
153695,757,蒋文华,2022-05-08 11:27:46,-9,18,27,兔友差不多得了，咱就别对号入座了好吗？我们的国家赢都赢了计较那么多干啥
153698,757,蒋文华,2022-05-08 13:01:15,-13,19,32,兔友收收味 十几岁搁那谈局势以为你多运筹帷幄以为你是下大棋的 结果老师那边都赢不了几毛 令人感叹\n\n以及“反动”意思是反历史趋势运动方向而行\n\n一群极端民粹保皇派保守逼有脸说别人“反动”？你们可有胆量问心无愧地唱出“英特纳雄耐尔”？
153783,757,蒋文华,2022-05-11 03:06:45,22,24,2,2.4含量bd
154789,757,蒋文华,2022-06-05 11:11:10,35,35,0,用繁体字夸的那位老哥真是神反串
155759,757,蒋文华,2022-06-15 15:49:58,0,5,5,赌博竞标课
158470,757,蒋文华,2022-06-29 13:16:58,-26,13,39,大学也有小粉红，动不动就反动反动给人扣帽子。那么红天天上思政去被洗脑不好吗
159785,757,蒋文华,2022-08-30 05:13:14,3,4,1,啧啧啧
159890,757,蒋文华,2022-09-08 03:48:49,10,14,4,兔友不知道怎么样，但是蒋无论如何不行
160178,757,蒋文华,2022-09-14 07:43:00,5,7,2,蒋老师的上课内容与其说是博弈论不如说是公共管理，抱着开放包容的态度可以听听，如果自己思想就很极端的就不要选了。最后，按字数给分的情况很严重，大家自己考虑。
161234,757,蒋文华,2022-11-01 13:16:36,0,0,0,老师上课很用心
161496,757,蒋文华,2022-11-07 17:59:02,0,1,1,刚刚结了蒋老师的课。体验感还是很棒的！平时单元测比较容易，就是主观题作业和期末考试需要动脑。有些题上课要好好听才能写出来！老师上课挺有趣的，课堂氛围也很融洽活跃（相比于我其他课堂里死气沉沉的通识课来说。\n\n最后一节课老师让我们平时赌输的都回本啦！真的很有趣。也确实能学到知识(˵¯͒〰¯͒˵)
161542,757,蒋文华,2022-11-08 11:57:04,0,1,1,事情很多，课后要测试，要考试，要写两次论文，写讨论题什么的，但是都不难完成，讲的也很不错收获很大
161565,757,蒋文华,2022-11-09 06:25:21,3,3,0,老师客观来说，讲课讲得很好，很生动，有趣，但是思想上确实西方化很严重，对枪支管理问题的想法上都有一定的问题，但是课上讲的博弈论模型什么的都讲的很好理解，而且上课比较水，去不去没很大问题，但是作业是真的有点多。但是考试问题也确实有点离谱的，什么上课同学们在红包游戏发过多少钱的红包，最后胜出的人发了多少钱都有的。这课我只能说看个人，自己考虑过再选。
161611,757,蒋文华,2022-11-09 11:50:33,3,5,2,永远不要以为这门课很简单\n\n永远不要觉得蒋老师很简单\n\n永远不要以为你赚得到钱（bushi）\n\n总而言之学点博弈论是很有好处的，而蒋文华教授的博弈论之有趣实在是太赚了\n\n实际上无论思想固然可能不同但个人感觉都不会生硬输出。\n\n上课会觉得好多东西都能靠博弈论解释，世界清晰有条理多了
161877,757,蒋文华,2022-11-14 16:21:08,0,4,4,22秋学期刚结课。\n\n感觉很好玩（通识课嘛，好玩就对了！），可以体验三墩镇赌场的魅力。\n\n课堂上面讲的博弈论知识本身比较浅，但是我觉得是因为它只是短学期的课，时间不够。\n\n课后任务虽然看上去多，但实际上是比较细碎（单元小测、讨论），总量也还好。\n\n老师除了博弈论知识之外，还会结合一些事情讲一些人生哲理。\n\n给分情况的话，个人正常对待这门课，然后绩点4.2。\n\n一些评论说的反动思想，我没有感觉到。\n\n不同的人情况不同，个人感觉满意！
161879,757,蒋文华,2022-11-14 22:51:57,0,1,1,上课有意思\n\nbut事多分少
161880,757,蒋文华,2022-11-14 22:56:59,0,1,1,给分一般
161908,757,蒋文华,2022-11-15 02:42:44,3,3,0,上课很有趣，但是给分不会很高
162358,757,蒋文华,2022-11-21 01:09:17,2,2,0,总体来说讲得不错，其实作业量不算大，两个讨论题一周一个就行，期末考试前最好把老师布置的主观题作业做完，相当于带你复习一遍了。有些时候老师会讲一些道理，如果你有类似经历的话会很有体会，我印象很深的一句话便是，''尽量从善的方面去理解他人，这样可以解决百分之九十以上的矛盾''。
162639,757,蒋文华,2022-11-30 12:21:37,4,4,0,给分不佳 但主要还是价值观不合
163448,757,蒋文华,2022-12-14 10:51:06,2,2,0,事多，分不高，其实比较后悔选了这门课，绩点。。。。。
163679,757,蒋文华,2022-12-16 02:40:49,-2,2,4,垃圾不解释
163823,757,蒋文华,2022-12-16 07:36:42,3,3,0,三墩镇赌王，我认为讲的很合理，因为讲深了也没几个人听。
164056,757,蒋文华,2022-12-17 13:20:46,1,10,9,名为博弈论，实则当代中国政治策论也。一定要选择门课，这是我们蔽于墙内为数不多的理性的声音。
164114,757,蒋文华,2022-12-18 07:18:19,7,7,0,绩点2.7，历史最低\n\n给分算严格的，如果不想绩杀每一环都得认真做\n\n客观评价，老师上课水平不错，讲的知识点很有趣，语气有点冲，有点口音，观点也感觉一边倒（很能驳斥误导人的感觉），上课也会有各种应用讲解和活动（大多是红包的形式）。不想听可全程水，有重点老师会强调。\n\n本人考这么差估计是被正态了，事确实相对多，每周小测（四五道小题目），月常小论文、讨论（3000字），期末考试两次机会，全选择题（不定项）。估计是我太浪了，两次取高的考试就水了一次，而且是电脑上做的，可以随便翻书查资料。
164477,757,蒋文华,2022-12-21 07:35:27,5,6,1,全程听课2.1
164537,757,蒋文华,2022-12-21 13:27:38,1,3,2,大一下听同学的推荐，说上课都在“赌博”，很有意思，评价也还不错，就选了这门课。上下来发现，其实所谓的赌博只不过是蒋老师用来吸引学生认真听课的方式（所有的钱最后一次课都会退还的，放心地去赌博吧），博弈论这门课真的也学到了很多东西，特别是讲完案例后的 特别提示 感觉是金句频出。说讲的很浅的人（可能是文科大佬？），反正对于我一个理工科的来说刚刚好，很有趣，也真的有干货。而且这作为一门通识课，也不能要求它难度太大吧。\n\n最后也是10分给满了
164546,757,蒋文华,2022-12-21 15:13:14,7,7,0,事是真多，分也是真低，不知道选他干嘛\n\n顺我者独立思考，逆我者已被洗脑
164613,757,蒋文华,2022-12-22 08:24:09,5,6,1,出这么无语的题目干嘛啊 每错一道扣一分 打出2点几真的好意思吗
164726,757,蒋文华,2022-12-24 08:43:14,0,10,10,评论区有的兔友又破防了🤣
165363,757,蒋文华,2023-01-02 18:21:49,-1,2,3,一节通识选修课搞成一个任务量如此巨大、考核内容如此复杂、考核内容如此硬核的“专业课”（？），真有你的。
165576,757,蒋文华,2023-01-08 12:48:28,0,8,8,给分挺好，满了，感觉大家这次分都不差，可能主要还是助教姐姐捞捞（会给分数较低的同学小测补测的机会www）\n\n但是思想方面只想说，有的真的是缺点，可以接受；有的就是无理取闹了，真的不太行...\n\n比如说“在中国开放毒品、枪支”什么的，那怎么不去给每一个国家配备核武器更安全？为什么不给每一个美国公民配备核武器增大安全性？
165595,757,蒋文华,2023-01-08 21:21:19,-7,5,12,上课小学生过家家的游戏做得浑身难受，哪天来几个富哥让我等屁民见识见识资本的威力，我看看死公知这课开不开得下去。
165620,757,蒋文华,2023-01-09 04:29:13,4,4,0,事多分少.....后悔
165645,757,蒋文华,2023-01-09 05:59:03,2,3,1,蒋老师讲得确实很好，从生活出发讲课，深入浅出，平时的小游戏也很有意思。课程虽然是门通识课，但是比较硬核，尤其是最后几章。课后作业方面，平时做一下讨论和测试，接近期末有两个论文。虽然期末考和测试有点难，考了好多很硬的计算题，但是老师也说过要得高绩点就不能只靠上课，要课后自己学。\n\n总之，想要选事少分高的课的人慎选。
165661,757,蒋文华,2023-01-09 07:21:30,-5,2,7,上课挺有意思的，但是事情确实不少，每节课有小测，最后期末还会考课上说的一些事情，期末考试前补天最后4.8真的很满意了
165744,757,蒋文华,2023-01-09 13:05:14,4,4,0,想水的不要选了，给分不好
165788,757,蒋文华,2023-01-09 17:38:24,2,2,0,能学到很多东西\n\n至于思想方面只能说想法不同，以纯博弈的观点和考虑其他层面的观点是不一样的，辩证地看待吧\n\n给分的话有点迷，和同学的期末答案差不多，一个4.8一个4.2，很怪\n\n算分制度实在是太奇怪了\n\n上课特别有意思，但是课后事不算少，自己考虑吧
165899,757,蒋文华,2023-01-10 09:19:37,5,6,1,上课比较有趣轻松，但是事也比较多（每节课后学在浙大有5到10分钟的单元小测，以及总共有2次100字的讨论和2个1000-2000字左右的小论文），感觉给分基本上就由期末考试和小测决定的，这个分是丢了就没了，想要拿高一点的分还是要课后看一下书什么的
166050,757,蒋文华,2023-01-11 03:01:13,15,15,0,给分太差
166092,757,蒋文华,2023-01-11 05:39:12,27,29,2,2.4的绩点 真tm逆天啊
166481,757,蒋文华,2023-01-12 10:50:21,5,5,0,就这啊？
167664,757,蒋文华,2023-01-18 07:38:09,-10,2,12,任务确实有、、重，不过课堂真的很有意思，都净赚30+了，分低点可以接受
167707,757,蒋文华,2023-01-18 13:02:00,-4,2,6,课上玩的游戏还蛮有趣的，只是有些观点不敢苟同。每次课都有限时（约5min）作业（几道选择题），最好看一遍书再去做，期末有线上考试，还有两道讨论题和一篇论文。给分据说比较随机，个人拿到了4.5觉得还不错。
168317,757,蒋文华,2023-02-11 04:24:21,2,5,3,有些观点很雷人而且诱导性太强，但是抛开随机给分不谈，蒋老师人还是很好的
170143,757,蒋文华,2023-03-01 13:53:04,1,5,4,认真对待给分还行  多年后回想起来最有趣印象最深刻的通识课!
170329,757,蒋文华,2023-03-03 02:03:20,-10,1,11,不如中微
170710,757,蒋文华,2023-03-08 09:16:21,10,21,11,今天有人在某校内论坛吐槽蒋老师的观点，引发了不少人对他的人身攻击。我的理解，事情的缘由是蒋老师对包括唐山打人事件在内的受害者给出了妥协退让的建议。\n\n偏激的人认为，这是纯纯的被害者有罪论，可是，蒋老师认为被害者反击的行为不对并不代表他认为受害者不对，而是觉得这项选择是负和博弈中的非纳什均衡选择。从他之后给出的例子——蜈蚣博弈——也不难看出他的思想:在竞争博弈或者竞合博弈中，自己的利益是最大化的。这句话，或者说这个思想，纸面上看并没有什么问题，但一旦放在实际场景中，却显得非常油腻圆滑。是啊，被害者一味地退让不就是助长施暴者的暴行吗？很多人觉得，蒋老师是站在旁观者的方面想问题，但其实恰恰相反，只有旁观者才能理直气壮地说，被害者的软弱是施暴者的倚仗，你凭什么让别人承担反抗的后果？\n\n在博弈中，只考虑自己的利益当然没错。但在社会上，只考虑自己的利益是否会让社会承担更大的代价呢？这点蒋老师似乎没有直说，但他在课堂上一遍又一遍用他的案例和他的观点告诉我们，如何在生活中用博弈论的方法让自己的利益最大化而丝毫不顾及其他，我觉得这就是他被骂最大的原因之一。\n\n我并不想也不能用文字为谁扣上钠翠的帽子，只是不愿看到有人肆意用键盘涂抹自己眼中的东西，掩盖了事实。有人说蒋老师对边缘人物和女性的歧视在课堂上有所收敛，但是我觉得一个人根深蒂固的思想还是无处不渗透在他的举止之中，大家能在课上在论坛上都一样，或对或错的观点都只是参考，而不是洗脑。
170716,757,蒋文华,2023-03-08 11:01:07,-25,6,31,受害者有罪论是吧
170849,757,蒋文华,2023-03-10 11:07:20,-11,5,16,如果有零...
171073,757,蒋文华,2023-03-15 12:36:23,27,30,3,如果让女生保护好自己不要主动和别人起冲突都算歧视女性，那我只能说真的牛批，明明核心论点就是“不知道反应函数不要轻举妄动”，怎么就给你们搞出这么多解读了？我寻思着老师不是说先保证自己安全以后再报警吗？难道一定要用自己生命作为赌注换取退一步就可以得到的“正义”吗？\n\n\n\n至于楼下说的助长施暴者、受害者有罪，我只能说不好好听课就别出来丢人现眼了。老师很明显的意思是“不值得”而不是“不正确”好吧？
171116,757,蒋文华,2023-03-16 06:49:33,4,6,2,为什么秋冬学期给分差距很大？？
171234,757,蒋文华,2023-03-19 16:20:51,-18,7,25,别发乱七八糟的，与课程无关的东西到群里了，自己没发啥文章，脑子又一点不长的吗？不关心那点jb事情，看垃圾公众号看得想吐
172202,757,蒋文华,2023-04-21 16:57:17,1,1,0,特别好的课，全程认真听，很有趣、能吸引人
172572,757,蒋文华,2023-04-30 10:51:36,0,1,1,请打开最新评论🤣👇🤡不爱看就别看🙈给你惯的，这有什么好喷的，发的三门问题什么的真的开阔了眼界
172573,757,蒋文华,2023-04-30 10:51:36,-2,0,2,请打开最新评论🤣👇🤡不爱看就别看🙈给你惯的，这有什么好喷的，发的三门问题什么的真的开阔了眼界
172587,757,蒋文华,2023-05-01 04:02:37,-16,12,28,博弈论基础刚出成绩，97，收获大一第三个满绩~\n\n\n\n主观感受不太普适，讲点客观事实吧，希望能对正在选课的大家有帮助\n\n\n\n一，这门课不点名；二，课堂氛围相对轻松（经常全班爆笑），老师也经常讲故事；三，游戏多（各种博弈小游戏）；四，每周有4道题的小测，但很简单（而且可以查）；五，期末线上考试，不能切页面查，但是可以自己找地方找时间做，有一个星期的期限，题目是题库随机抽40题，且有两次机会，还有一次补测机会；六，事多，但不难，每周有线上小测，有几道讨论题，有两篇1000~2000字的论文，但要求都不高；七，没有正态分布（助教说的）。
172760,757,蒋文华,2023-05-06 09:07:56,2,5,3,还可以，事超多，但是浅显理论讲得够实在（尽管有些东西说出来就是不对），有红包游戏，只要少参与一定会赢好多（问就是本人红包没抢到，游戏全输），临考前稍看一下应该可以，我纯靠自己没找别人帮忙满绩了，推荐，还是挺有趣的
173282,757,蒋文华,2023-05-17 14:06:23,-69,5,74,4.5\n\n但是真无语了一个五十几快活到嗝屁的男的，一点脑子不长夸夸搁这聊他那点苍蝇屎思维
173496,757,蒋文华,2023-05-26 08:39:13,-3,0,3,非常好的老师 给分相当好了 除了作业和期末考试，剩下基本认真做了就是满分\n\n课很有意思 从来不点名 期末考试也相当于开卷 而且年年就那些题
173742,757,蒋文华,2023-06-02 06:13:12,0,0,0,很幽默
175110,757,蒋文华,2023-06-21 13:55:31,0,1,1,上学期上的，依然是记忆深刻，过了一个学期在钉钉上问老师问题也会回答，真的很负责，对学生也很好。教我们怎么买车子印象深刻～
183094,757,蒋文华,2023-11-22 06:11:37,3,3,0,老师很好，上课很有意思，很用心。
183101,757,蒋文华,2023-11-22 07:15:11,11,12,1,原来说的是朝鲜，我还以为说的是印度呢
185814,757,蒋文华,2024-01-04 14:27:46,1,2,1,蒋老师的博弈论基础真的非常有意思，是我为数不多忍不住不会挂机的课（bushi），听老师的课能学到很多做人处事的道理，让我对于博弈论、兵法书等纵横之法充满了兴趣。学蒋老师的课会令我贫穷，也会让我血赚。在三墩镇赌场，幸与蒋老师相遇。想再上一遍课！我就不信不能让老师大出血了！
186421,757,蒋文华,2024-01-11 04:25:54,0,3,3,人很好，话很骚，分不高
186804,757,蒋文华,2024-01-13 06:10:22,2,2,0,硬核 & 赌博爽课
187715,757,蒋文华,2024-01-17 08:07:34,-13,3,16,1分不能再多了
188091,757,蒋文华,2024-01-18 07:37:17,-2,3,5,这个学期的课没有点过名，而且没有一些评论中提到的课程论文、线下考试等等，总体课程任务较为轻松，课堂氛围比一般的通识课更活跃。最后，给分很不错了，4.8通过
188133,757,蒋文华,2024-01-18 09:06:33,-1,3,4,喜提第一个选修课满绩，感谢蒋老师，很有趣的课堂，一学期还赚了点钱\n\n但是事情略多，课多的同学不建议\n\n应该是有正态，蒋老师亲口说调分了，但是根据我知道的数据估计很多都是给的每档最低分，89，95这样，能认真完成任务的同学强推\n\n10/10
188142,757,蒋文华,2024-01-18 09:20:57,-3,2,5,博弈论事少分高爱了
188154,757,蒋文华,2024-01-18 09:41:25,0,2,2,神中神
188167,757,蒋文华,2024-01-18 10:06:31,-11,5,16,老师很不错，给分不太行，我就得了70.\n\n建议大一没绩点要求的听
188199,757,蒋文华,2024-01-18 11:34:53,6,8,2,其实事情远远没有想象到的那么多，我是按时完成小测、期末考和两篇小作文的作业的，事情对于一个认真完成作业不拖ddl的人来说完全不多，小测网上题目都能找得到，找不到的认真听课肯定能写。期末线上测试，有点看运气，但是ppt和网络能解决大部分，计算题上课听了也大致能写。可惜最后被正态了，我预估92讨论贴还被蒋老师点赞了，本以为至少能拿4.8，但老师说90分以上的人过多，最后被调到89了，4.5的绩点中规中矩吧。\n\n另外从上课内容看也是一门好课，三墩镇赌场活跃气氛，我还赚了不少钱哈哈哈。老师上课也很有趣很幽默，三观和政治观点有些争议，我不评价
188222,757,蒋文华,2024-01-18 12:28:03,0,5,5,博弈论无脑选，蒋老师满分不解释。
188274,757,蒋文华,2024-01-18 14:13:06,-7,1,8,事情略多，但如果合理分配不会成为太大的负担。价值观这件事情上就见仁见智了，本人表示接受。\n\n本人94分，说明本课程存在卡绩。不过假如能在课堂上听到足够关键点的话，绩点的上限是很高的。但是如果真的不好好听课，绩点的下限也很低。另外，除非对第二次成绩提升有足够把握，不建议补测或使用第二次期末考机会。可能或多或少真会影响成绩。
188279,757,蒋文华,2024-01-18 14:31:44,1,4,3,这学期没有点名，上课听得不认真也没关系，章节测和期末的答案都在课件里找得到，就是总结和博弈模型分析要花点时间，肝一晚上5.0了，赞一个。
188317,757,蒋文华,2024-01-18 15:29:39,2,4,2,蒋老师的课的内容确实足够有趣，但绩点都要自己一分一分去挣，虽然最后给了4.8，但感觉还是付出的努力还是超过了等学分的课程。1）成绩的大部分都是源自于历次单元测试和期末测试（这部分区分度极大，平常一道题就等价于期末总评的一分），还有一部分是几个总结（基本是90+，感觉区分度不大）。2）课程内容上我听得不多，但有一些人生经验还是很值得借鉴的，当然，本课程对博弈论的介绍比较基础，仅仅是一个入门级别的。3）课堂的小游戏还是很有意思的，虽然每次投入的钱都会打水漂（不过老师期末会以抢红包的形式还给大家）。4）选这门课程最好有同学跟你一起，不然做题会有些许麻烦。
188357,757,蒋文华,2024-01-18 17:49:40,-2,0,2,选就完事了！一门真正会带给你人生大道理的课程
188416,757,蒋文华,2024-01-19 03:03:24,4,12,8,给分最好的通识，小测和期末网上有答案，加上智云回放游戏结果就都全对，大作业助教改，交了就行，最后100
188557,757,蒋文华,2024-01-19 08:42:58,-3,1,4,老师幽默生动，上课很好玩
190887,757,蒋文华,2024-03-23 15:10:58,-5,9,14,反党反国家急先锋，各种政治观点让我严重怀疑收了美国钱
191441,757,蒋文华,2024-04-22 11:26:46,-2,2,4,讲的很好，逻辑清晰，作业不多
191662,757,蒋文华,2024-04-27 06:02:19,5,8,3,事情很多，测试，线上课，考试，讨论，而且问的问题高度个人化，比如第一次做这个游戏的时候以多少钱胜出……课认真听了，游戏也都参与了，但是给分不高，一门通识课比我均绩低了0.9，选这个课单纯为爱发电吧
199237,757,蒋文华,2024-09-19 15:15:13,10,11,1,唐氏小测
201207,757,蒋文华,2024-10-30 07:45:12,2,4,2,讲的水平不敢恭维，包括讲课的人，讲课的内容。同时事情贼多，做了也没什么用，课没什么意思，很浅显，慎选
201573,757,蒋文华,2024-11-04 11:58:10,1,5,4,8个小测，3个讨论，2个大作业和1个期末考，每节课后的小测比较重要，基本一道一分，想要拿高分有种步步为营的感觉。。。期末考题目有点奇葩，还好考两次
201829,757,蒋文华,2024-11-06 16:43:02,3,4,1,好好好
201863,757,蒋文华,2024-11-07 04:31:49,11,11,0,认真做成绩也不高
201864,757,蒋文华,2024-11-07 04:39:00,5,6,1,上课玩的开心就好，绩点高=运气+实力+用钱买分
201866,757,蒋文华,2024-11-07 04:52:15,3,4,1,老师挺好的，助教是%，没办法
202204,757,蒋文华,2024-11-10 16:25:19,15,15,0,小测认真做论文好好写期末考试也好好做只有2.7，不知道为什么
202292,757,蒋文华,2024-11-11 09:29:37,13,13,0,认真听课，认真做作业和测试，最后被分数重创
202299,757,蒋文华,2024-11-11 10:10:39,6,7,1,分数构成不合理
202403,757,蒋文华,2024-11-12 11:16:54,11,12,1,每次都按时完成测试，比不过课程结束一起照答案抄的哥们们。题都是老题，题干已经老到在百度输入前几个字就能自动补出完整题干，答案也是一成不变。全是选择题，七成的分都在这，就看网络谁玩的6。组团报这门课更是mm，一起扌少到接近满分。而且蒋老师不点名，选上课一次也不要来，直接考就行。几乎教考分离，偶尔几个题检查看你来没来上课直接智云看回放即可。总之，这课氵到极点
202441,757,蒋文华,2024-11-12 19:20:56,12,12,0,好好做了小测，好好完成了期末考，上课也有互动刷表现，结果3.9还卡绩
202442,757,蒋文华,2024-11-12 22:10:13,6,7,1,真的卡绩。
202443,757,蒋文华,2024-11-12 22:54:03,-19,6,25,卡绩了C，差一分满绩
202457,757,蒋文华,2024-11-13 00:05:51,9,11,2,博弈论基础这课争议应该挺大的。八节课八次小测，每次四道题五分钟（有计算十分钟），一题一分直接进总评；期末学在浙大考试，四十分钟四十题四十分，一题一分直接进总评；两个讨论题一个四分；一个博弈论模型总结30分。没有什么课堂互动的加分，老师说不点名，红包游戏也是自愿，但据说第六节课玩了一个游戏强制参与类似点名（反正我是没听，不知道最后是不是卡我绩的理由）客观比重极大，主观作业基本交了就给满，个人觉得和我选的其他通识好课比起来事情太多。而这个客观题都是陈年老题，只能说选这个课最好有资源+合作博弈。当时冲着室友说拍卖三分总评，直接群里发红包选的这课，才得知他发的个数只有班级人数的一半，最后网速慢+手气差350*3就抢到1.5无语了。再说老师和课程内容本身，老师跟我们成长的年代不一样，他输出的很多观点只能说不敢苟同，可能有的同学喜欢老师有趣的上课方式，但我只是单纯不喜欢听他的声音（有点吵）；课程内容其实在博弈论中也是比较浅的，感觉意义不大吧。
202461,757,蒋文华,2024-11-13 00:22:29,13,13,0,花这么多时间拿不好看的分...
202467,757,蒋文华,2024-11-22 13:13:46,17,18,1,绩杀2.7
202485,757,蒋文华,2024-11-13 01:54:56,6,6,0,不得不说讲课讲的确实有意思……\n\n\n\n想水过去的话课程压力也不大，但是想拿高分真的付出回报不成正比……\n\n\n\n可能老师自诩的给分好只是觉得基本不让人挂……但他可能作为老师对我们身边的序位竞争产生的万元陷阱已经有多深只有理论没有概念……
202503,757,蒋文华,2024-11-13 02:50:37,5,6,1,个人绩点4.2，但是说实在的感觉并没有在课上学到特别多的东西，有不少东西感觉是夹杂着插科打诨直接就过去了，作为通识课可能也正常，讲太深入可能不太好懂了。老师推荐的一些国外的博弈论入门书籍（《策略思维》、《妙趣横生博弈论》）还是不错的，如果真正感兴趣的话可以看看，本人在这两本书里还是学到了不少东西。主观（论文、讨论）感觉区分不大，主要是小测和期末考试。不过小测和期末考试实在不敢恭维，题目确实比较老了，如果和同学期末开黑肯定比一个人做强，本人独自完成亏麻了。但这都不是重点，主要是老师喜欢在小测和期末当中加入一些非知识性的问题，比如同学们玩红包游戏出了多少钱。用老师自己的话说是为了检测同学们是否听课，不过我个人感觉听完课后也记不住，而且这种非知识性的东西是否有必要记忆还是一个问题，如果为了这种题目去回放智云是否值得。感觉可以换一种检测方式，在期末的时候碰到这种题目确实有点搞心态。
202522,757,蒋文华,2024-11-13 14:35:47,1,5,4,给分很不合理，我和舍友三个人一起做小测和平时作业，然后一个3.3一个4.2一个4.8，纯纯抽象东西，上的课也不咋样，给分抽象，这么好的课到哪找！！！
202523,757,蒋文华,2024-11-13 03:25:36,13,13,0,给分真的真的很差很差很差，打响大一第一枪☝🏻️☝🏻️☝🏻️
202528,757,蒋文华,2024-11-13 03:36:08,7,8,1,事不少分也不多，想水课慎选
202529,757,蒋文华,2024-11-13 03:39:05,0,2,2,见仁见智。身边不少同学还是觉得蒋老师讲得很好、很有趣的。红包游戏哪怕不参加，最后一节课也能白嫖到一点钱（前提是网速手速好！最后一节课的大红包我就一个都没抢到）每节课后有线上小测，最后有两道讨论题，两篇论文。名义上没有点名，但测试里会考上课的游戏结果，不到课可能做不出来。这是我上的第一门通识课，没有横向比较，也不好说事多不多。想要拿高分的话，估计管好客观题就行了，论文正常写似乎差距都不太大。客观题的话，小测和期末考时间都比较紧张，翻PPT是来不及的，要善用信息检索工具，知乎、CSDN、一些个人博客上都有很好的课程笔记。\n\n以下内容比较主观，酌情阅读：课程涉及的博弈论内容相对较浅（当然，对于通识课考试来说是好事），并且更多的是借助博弈模型进行“成功学大师”式的传教。加之，可能由于身份立场等等不同，个人实在不太认同老师的某些观点（包括性别观念）。个人认为，课程没有传说中那么“有意思”。如果觉得无趣，可以不听课，就是课上做游戏的时候要留意一下游戏结果，会考。
202541,757,蒋文华,2024-11-13 04:42:07,3,5,2,我真的服了，事情么多得要死，好好做了给分也超级低，讲的东西是什么真理吗我请问\n\n为什么不能打0分，无亩的東希
202545,757,蒋文华,2024-11-13 05:18:40,0,2,2,讲课情绪挺激动的，我不太习惯。然后吧有些观点也不敢苟同。最主要的还是卡我绩，我88分4.2，室友89分4.5，然而我们搞作业都是一起搞的，卡我绩就很难受
202553,757,蒋文华,2024-11-13 06:00:04,4,4,0,明明课也有好好听，小测和各种作业都有好好做，最后被分数重创啊啊啊啊啊啊只有3.3啊啊啊啊啊
202564,757,蒋文华,2024-11-15 05:48:55,9,10,1,给后人的建议：真正的博弈不在于课堂，在于课后。多交流多合作，小测慎做。
202570,757,蒋文华,2024-11-13 07:06:02,7,8,1,事情挺多的，写论文搞了5000字。讲话不是很能听清楚，自己在上面激动。有些观点很抽象本人不是很同意。还有，绩杀，绩杀，绩杀，2.4我疯了！！！
202610,757,蒋文华,2024-11-13 10:56:00,-3,0,3,老师上的还是比较好的
202620,757,蒋文华,2024-11-13 11:30:28,3,3,0,被卡绩了。。。。\n\n平时线上的小测比较重要，错一题总评扣一分。其他的主要还是要有互帮互助的合作精神吧，尽人事听天命。上课不点名，有点教考分离。
202623,757,蒋文华,2024-11-13 11:47:45,1,1,0,一门通识课卡得一手好绩，没话说
202643,757,蒋文华,2024-11-13 14:51:18,0,1,1,课烂事多，还卡我绩，我选上这门课算我倒霉！！！
202653,757,蒋文华,2024-11-13 15:27:39,2,2,0,怎么回事分数一查天塌了咋做到的分这么低我做错什么了吗就这样给力下3了真的假的真的假的不是真的假的不如水课呢遗憾离场
202742,757,蒋文华,2024-11-14 06:08:35,8,9,1,给分低
202762,757,蒋文华,2024-11-14 07:56:32,5,6,1,给分很看重期末考试和平时小测成绩，想要拿好成绩一定要组队上分，善用网络查询，我由于小测不够重视不幸斩获3.6。\n\n老师关于课堂内容讲解还算生动有趣，但是内容本身关于博弈论的部分较为浅显，数学层面的计算讲得很潦草，考试题出来又不会做，还是挺折磨的。\n\n关于红包游戏：我个人认为不赌为赢。\n\n总的来说，作为一门通识课还算有趣，但是事多分少性价比真的不高，我直接反观《器官捐献与器官移植——生命的接力与延续》，只需一篇论文就能拿高分，而且课堂上真的可以听到很多这个领域的大师授课，有不小的收获。博弈论基础我上完感觉跟上之前的理解没差太多，学的太皮毛了。
202878,757,蒋文华,2024-11-15 03:34:15,5,5,0,矢中矢
203063,757,蒋文华,2024-11-16 07:43:55,-16,1,17,被人传授经验了需要小组合作，很幸运凑到了四个人有人会计算有人会找PPT有人会卡bug，大家都高分通过了HHHHH~老师人还是挺好玩的吧，上课很有激情。
203240,757,蒋文华,2024-11-18 10:20:58,3,7,4,典型的公知，崇洋媚外。在朋友圈经常转发阴阳怪气的东西，曾被学生在朋友圈评论质疑，就把学生删了。
203690,757,蒋文华,2024-11-20 13:09:02,-20,22,42,对于同性恋的发言听爽了，同性恋确实傻逼
205352,757,蒋文华,2024-12-05 01:17:44,3,4,1,小测也是博弈的一部分
205363,757,蒋文华,2024-12-05 05:54:39,1,1,0,很好混的课，能学到一点东西
205629,757,蒋文华,2024-12-10 08:47:03,-4,2,6,希望改进课程吧，是被带飞的，没怎么深入参与过课堂最后给分也很好。。。老师讲的有点口音（听着不像是河南的但上课多次提到河南，老师有可能是豫南的？），与学生互动很多，但考核形式实在需要改进，不然真学不到什么东西也能5.0
205909,757,蒋文华,2024-12-12 15:19:36,2,3,1,评分方式不合理
206255,757,蒋文华,2024-12-13 11:50:24,5,5,0,给分主要看线上测试，搜题不一定搜得到，而且网上的答案很可能是错的，有些题目课件上也找不到，总之不是很好做，要绩点的建议别选。
206287,757,蒋文华,2024-12-13 14:24:12,0,0,0,觉得老师有在好好上课，但是最后一节课的博弈不是在用钱买分嘛，大家出到千把块的时候还是感觉这个规则不太合理捏
206505,757,蒋文华,2024-12-15 15:00:25,1,5,4,重新打个10分(抛开他卡我绩不谈)\n\n私以为博弈论基础是很不错的通选，讲得很不错，可能有人觉得内容太过基础，我一个大一生过去没有接触过相关内容的倒觉得挺合适的，毕竟是“基础”嘛，不知道认为此课内容不值一听的人对这些红包游戏能够给出老师的精准实用的策略吗？\n\n至于给分问题\n\n1.此课不点名，且有两节课是线上进行，实际只上六周线下(当然即便你八节都翘了也无所谓)\n\n2.此课每次课后有4题的线上小测，4*8占总评的32分，一题就是最终成绩的一分，期末考试线上进行，占总分40分\n\n3.主观题，2个讨论题各4分，2个作业各10分，均是线上进行，两个作业总字数要求1500+2000，主观题给分应该都大差不差\n\n4.了解给分机制后想拿高绩点并不难，主要在于客观题的72分，在网上可以找到有关资料笔记，理论上一次课都不上也可以拿5.0\n\n5.买分问题，最后一次课会有第二高价封标拍卖，大致成交价格3分300元，根据自己对钱和分数的权衡选择，一个班3个名额，这3分并不会对绩点造成太大影响(但我只差一分就满绩了啊啊啊)，不拿也不影响你拿高绩点
206756,757,蒋文华,2024-12-17 11:38:57,1,2,1,课程非常有趣，但评价很不合理，题目老套
210700,757,蒋文华,2025-01-10 00:48:16,3,3,0,老师人挺好的，就是好像改了以后期末考变难了，打分会很低。老师平时上课不会局限在书本上，但是学到的知识也没那么系统，作为一个通识课来说算中等水平
217516,757,蒋文华,2025-04-12 04:43:40,8,8,0,小测题是真sb啊，谁记得住那么多具体金额。做之前建议先把智云课堂打开
217576,757,蒋文华,2025-04-13 18:07:30,6,6,0,如果你必须在一节课和一晚好觉之间做选择——\n\n那就去睡觉吧。\n\n\n\n那是你和你大脑之间的Nash均衡。
217726,757,蒋文华,2025-04-15 14:04:02,-1,2,3,最后一节课用钱买分，真恶心
218292,757,蒋文华,2025-04-22 11:07:43,0,1,1,好课好老师
218319,757,蒋文华,2025-04-22 13:14:34,1,2,1,这门课程本身挺有意思的，老师会和学生玩红包游戏活跃课堂气氛。不过对于小测和期末考，请记住这些也是博弈论的一部分，单打独斗非常容易寄，建议找一个可靠的团队。当然，也不建议团队人数过多，因为这门课仍然会被正态限制，会被调分:)
75,773,米红,2015-03-14 15:40:23,38,46,8,国际知名教授国务院特聘有识之士教你人到中年如何调整心态平稳度过中年危机
483,773,米红,2015-03-15 03:08:45,-22,20,42,风趣幽默，虽然爱吹吹小牛，不过很可爱。学术上很厉害的，很关心学生。
21649,773,米红,2016-02-29 11:59:06,-11,7,18,爱吹点牛皮，好像很流弊，但是人还不错
21665,773,米红,2016-02-29 13:23:37,19,29,10,"""我这门课是门硬课”“期末考试肯定会难的”米老师在公共危机管理课上如是说。感觉如果真的认真做会学到很多。别看是门人文社科类的课，老师数学系出身，文科生慎选。"
22761,773,米红,2016-03-11 00:45:34,32,43,11,上了一节课，学生走了一半。。。确实是硬课\n\n
23397,773,米红,2017-09-12 15:18:39,12,14,2,哎，我也不说什么了，双语教学，全英展示。。
24088,773,米红,2016-04-26 23:51:41,-32,7,39,作业仅仅是做一张表格，很水的，考试开卷
25860,773,米红,2016-06-12 11:42:23,87,106,19,建议退课
25887,773,米红,2016-06-13 11:23:19,44,64,20,公共危机管理强烈不推荐，70%的课时都是学生在展示，内容要是跟他所想的不太一样不用解释你已经完了
26102,773,米红,2016-06-15 16:47:49,48,61,13,国家领导人顾问\n\n帮过杭州首富的忙\n\n说着说着就开始追忆往昔
27070,773,米红,2016-06-22 15:04:49,23,26,3,没交什么东西，基本都是展示，送你一本他写的书，然而那书烂的不行
28438,773,米红,2016-06-28 08:59:42,22,27,5,每节课要点名，内容很无聊，第三节课开始基本都是展示，没有实质性收获，期末作业还要用到程设，考试难度飞起，直逼专业课，老师不怎么赞同别人的观点【公共危机管理】
31019,773,米红,2016-07-03 06:20:37,9,9,0,基本都是展示
31455,773,米红,2016-07-04 02:39:46,22,26,4,展示观点和老师想的不一样的下场就是死的很惨，给分很差，基本不上课，英语不好就不要选这个了，感觉最坑爹的一门通识
31510,773,米红,2016-07-04 04:27:10,35,39,4,点名 事多 整天展示 零价值 零收获 期末作业 莫名其妙 送本破书 烂的要死 你不退课 白受折磨
31547,773,米红,2016-07-04 06:03:25,-9,4,13,其实挺水的，给分不行啊
58918,773,米红,2017-09-18 12:25:07,9,9,0,退课退课果断退课
58935,773,米红,2017-09-18 14:12:56,50,52,2,垃圾课程，故意吹自己多牛逼，天天事多的一比，还拽英语，考试难度爆炸，也是醉了
59653,773,米红,2017-11-30 02:18:55,-16,9,25,很好差点满\n\n大水课
59675,773,米红,2017-09-26 00:29:50,14,14,0,一半段子一半天书。
60456,773,米红,2017-10-29 06:17:29,16,17,1,建议退课\n\n
60531,773,米红,2017-10-23 10:43:46,0,1,1,。。。。
60538,773,米红,2017-10-23 13:39:34,-12,4,16,挺好的老师啊
60732,773,米红,2017-10-29 01:18:44,0,4,4,大教授
60733,773,米红,2017-10-29 01:20:15,15,15,0,打国际飞机上课的大教授
61192,773,米红,2017-11-10 12:21:54,-30,5,35,上过米老师的公危课，非常喜欢他啊，直爽真性情，“著名话剧演员”，还给我们讲上大学偷懒被他老爸抓哈哈，出国开会给我们带巧克力棒棒哒，虽然英语不好但引导大家英语尬聊哈哈。补课大家都愿意上，不明白为什么分这么低。大家做展示也都收获很多，米老师打call!!
61222,773,米红,2017-11-12 13:28:43,9,9,0,讲的不多，留的倒是不少
61301,773,米红,2017-11-14 03:47:55,12,12,0,小心大教授报复你们。不，是报复他自己。
61624,773,米红,2017-11-19 09:41:37,31,32,1,选他的课感觉就是跟自己过不去，口语差，还要讲英文，每次都装逼，著名教授。。。(没听说过)
61657,773,米红,2018-01-17 12:41:37,-37,10,47,不得不说，米红老师的课是一些懦弱的学生上不起的。米红老师上课虽然是全英文展示，但这也是一种提升；而且米红老师非常有幽默感，经常跟我们开玩笑，还对我们特别好，给我们带小礼物。总之，上米红老师的课，绝对是正确的。
62938,773,米红,2017-11-27 11:41:41,2,2,0,看起来很难
62940,773,米红,2017-11-27 11:44:32,4,5,1,建议不要大一选\n\n
62945,773,米红,2017-11-27 12:04:30,-5,5,10,老师很好，我不配
63190,773,米红,2017-11-29 16:14:10,3,4,1,听不懂
63265,773,米红,2017-11-30 01:56:14,7,9,2,为什么没有0分？辛辛苦苦做展示，口语绝对不差，考试写了三千多字而且绝对踩到给分点，结果被正态？报警了！
63277,773,米红,2017-11-30 08:58:56,4,5,1,退了吧   骚年  如果你想被坑 那就选课
63283,773,米红,2017-11-30 04:00:17,5,6,1,大一就不要选了
63284,773,米红,2018-01-02 13:46:44,-15,7,22,不知道为什么评分低。。。认真完成每一项任务上4是没问题的。而且米老师除了有点爱吹牛之外，人挺不错。
63887,773,米红,2017-12-18 14:37:46,8,8,0,作业多，而且还要求展示用英文。\n\n慎选！慎选！慎选！
64136,773,米红,2017-12-21 05:16:37,-11,2,13,课程结束后我只求不挂，结果绩点比我想象中高
65622,773,米红,2018-01-07 13:49:42,18,18,0,垃圾老师，毁我青春
65626,773,米红,2018-01-07 14:56:22,14,15,1,听老师的课是啥感觉？要回答这个问题，有点难，因为你会发现这种感觉操蛋的无法形容，孩子，退了吧！
66593,773,米红,2018-01-17 12:01:45,16,17,1,请踩我下去屑屑。给一个对这门课的客观评价，供想选这门课的人参考。考试暂且不说了，评价里很多人说了。按顺序讲一下要完成的内容：1、退课。2、留下来的人恭喜你因为各种理由留下来了。接下去准备：ppt展示（重点你们的ppt，一不要堆砌，二可以用一些黑科技；做的内容要有逻辑，基本应该有的是四点五阶段，模型，数据，分析，对我国。我们做一下知网搬运工又何妨）；生命表（excel代码：1-2*a/（b+c/if（d=0，0.1，d））；第二次数据计算0.1变成上一个d），生命表分析（书上有），要加分把0岁死亡人数估计出来；论文（就懒到不能按照毕设格式改吗），内容同展示。3、学到了什么？以后转专业可能还有一个去路。
70376,773,米红,2018-01-26 14:14:16,-20,4,24,笑声很有感染力。。尽管老师爱吹牛事情也比较多很烦讲的也不算太到位，但人无完人嘛? 。。我觉得还行
72036,773,米红,2018-01-29 08:44:29,9,9,0,令人窒息的一门课…
72826,773,米红,2018-01-31 06:47:01,9,9,0,给分一般，没有学到东西
72840,773,米红,2018-01-31 07:34:04,11,12,1,一门通识，老师从不讲课，全英展示，有论文有作业有考试，考试内容从没讲过，你敢想？？哦，对，还他妈绩杀，退不退课你们自己看着办吧！！！
72909,773,米红,2018-01-31 10:07:16,12,12,0,作业挺多，包括英文展示、生命表（这个真得挺麻烦的）、论文。说真的，老师是真的没有教给我们什么东西。。。。米老师一点都不谦虚。他的课，真的好尴尬。
79253,773,米红,2018-05-29 02:35:04,18,19,1,2分，不能更多了，不如代课小哥哥教的干货。整天都在吹牛吹嘘自己，不能更烦。
79531,773,米红,2018-06-22 15:32:04,40,43,3,傻逼老师，毁人青春。没欠课也要补，神经。
79532,773,米红,2018-06-11 04:00:24,36,38,2,你们没有查到我21年前发表的文章，失去了很好的一次拍马屁机会。......这身材是拍猪油屁吧
79564,773,米红,2018-06-09 12:00:43,20,20,0,不知道在干什么，贼蠢
79588,773,米红,2018-06-11 02:47:18,16,17,1,迷……平时不好好讲课，讲不完了要周末补课…其实还是没讲什么东西………
79596,773,米红,2018-06-11 05:04:45,40,43,3,特别爱装逼，批评毫不客气，给分像是施舍，不来上课周末补课，没有0分吗！
79996,773,米红,2018-06-19 02:37:24,28,29,1,吃屎一样的体验，耽误他拿诺奖了
79997,773,米红,2018-06-19 02:40:50,30,31,1,可不敢多说\n\n“我是著名人口学家，我能不懂吗？”
80000,773,米红,2018-06-19 02:49:04,7,7,0,棒棒哒，但我给1分
80001,773,米红,2018-06-19 02:50:01,4,4,0,ToT
80005,773,米红,2018-06-19 03:25:26,42,44,2,“你们都谦虚一点，我可是大教授，参加最高水平会议的，给你们上课你们要感恩”（微笑?️）不能好好上课就别教了好吗我们不配听大教授上课，也不需要大教授牺牲自己施舍时间给我们上课
80018,773,米红,2018-06-19 04:19:08,21,21,0,“打国际飞机给你们上课，要感恩！”“我是著名人口学家我能不懂？”“我这篇文章也是国内里程碑式文章”，好了，大教授听不起！真是不断刷新我对教授的认知啊
80020,773,米红,2018-06-19 04:33:45,10,11,1,其他老师的课都应该被珍惜
80023,773,米红,2018-06-19 04:54:13,16,16,0,太自大，上课完全吹逼，没有内容。
80024,773,米红,2018-06-19 04:58:23,10,10,0,吔屎了
80033,773,米红,2018-06-19 05:58:28,6,7,1,我谦卑地敬重一种红，那就是\n\n\n\n\n\n\n\n\n\n\n\n\n\n\n\n\n\n纯粹的红——切·格瓦拉
80048,773,米红,2018-06-19 07:43:27,6,6,0,贼难受
81422,773,米红,2018-07-05 05:06:28,10,10,0,建议去退了
81423,773,米红,2018-07-05 04:57:46,11,11,0,惊天地，泣鬼神，真垃圾，假包赔
82045,773,米红,2018-07-07 02:39:41,21,21,0,上完他的课你会发现，社保系其他所有老师都太优秀了。
82063,773,米红,2018-07-07 04:12:08,9,9,0,没有教什么实际的东西。希望老师能稍微谦虚一点。。。。
89831,773,米红,2018-11-21 03:04:19,7,7,0,贼蠢的
106735,773,米红,2019-04-29 07:10:10,26,27,1,吃?一样的体验……不懂得一点都不懂得尊重学生的隐私，下课的时候非得当着全班同学的面，质问一个请假的同学得了什么病……表现得多么关心学生一样...连最起码地尊重学生隐私都不懂吗？？？ 生怕全班其他同学不知道那位同学得的什么病吗？？？有病的人怕是另有其人吧！
107513,773,米红,2019-05-06 06:06:44,21,21,0,建议退课\n\n这种老师真的是浙江大学教授里面的败类\n\n上课只会瞎逼逼自己有多牛逼，只会瞎逼逼自己的恩师有多牛逼
108840,773,米红,2019-06-03 06:18:54,17,17,0,垃圾老师毁我青春！
108842,773,米红,2019-06-03 06:46:37,12,12,0,课程展示的观点要是和老师不一样就会给低分\n\n傻逼老师的观点和普遍观点不一样\n\n建议退课
113959,773,米红,2019-07-08 03:07:56,11,11,0,查老师的均绩偏高了吧……风险统计模型这个课 啥也学不到 不过幸好是最后一届了
113998,773,米红,2019-07-08 07:23:55,19,19,0,辣鸡老师，无力吐槽
126737,773,米红,2020-10-16 15:23:46,23,23,0,垃圾教授，上课什么也学不到，就会吹牛 让学生感恩，恶心吐了
126848,773,米红,2020-10-23 16:20:46,28,29,1,垃圾老师，上课除了吹嘘自己曾经为总书记做顾问，给雄安新区提意见别人都是错的都听他的，没啥实质内容。课堂准备极不认真，就知道卖弄一些跟学术无关的东西。可能这就是著名人口学家，大教授吧。
130890,773,米红,2021-01-25 06:27:47,-21,2,23,老师很棒！
130891,773,米红,2021-01-25 06:28:31,-16,1,17,老师有点可爱 笑声很魔性
134690,773,米红,2021-04-09 14:46:45,-28,0,28,19年在红米老师的课堂上的课，永远不会忘记红米老师可爱的笑容~
135761,773,米红,2021-05-24 04:30:06,14,14,0,为什么查老师不能打0分。。。
137906,773,米红,2021-07-06 14:02:57,-27,1,28,永远忘不了米红老师课上爽朗的笑声！值10分！
139653,773,米红,2021-07-19 11:03:53,9,9,0,吐了…...
142455,773,米红,2021-11-11 14:55:48,3,3,0,拉了哦
151555,773,米红,2022-03-07 12:09:21,6,7,1,莫名其妙
151825,773,米红,2022-03-17 02:16:08,-18,1,19,其实老师人虽然比较爱吹牛，但是笑声挺可爱哈哈啊哈
153629,773,米红,2022-05-06 12:41:15,-11,0,11,老师挺可爱的
153948,773,米红,2022-05-17 15:48:05,4,4,0,浙大之耻，
156431,773,米红,2022-06-19 15:13:01,7,7,0,我是2007级的，简单说就是常常吹嘘，以证明自己有荣耀光环。学不到实质的东西，感谢助教小姐姐。
166401,773,米红,2023-01-12 07:18:54,5,5,0,一分都嫌多。。。垃圾课垃圾老师，纯纯浪费时间浪费青春，每次上课都是折磨。。。
172469,773,米红,2023-04-27 10:18:41,4,4,0,有可能换个人来上人口学吗？
173014,773,米红,2023-05-14 04:10:06,3,3,0,久仰大名，真的很烂 中文都说不清楚
173249,773,米红,2023-05-16 15:51:24,0,0,0,继续逼近1
173251,773,米红,2023-05-17 02:56:40,0,0,0,mh可以原地暴毙吗
173277,773,米红,2023-05-18 07:40:39,0,0,0,呃哈哈哈哈哈哈哈
173379,773,米红,2023-05-27 10:51:12,0,0,0,谢谢老师让我懂得什么是上课上出心理阴影！ \n\n还能跑还能退就赶紧吧 求你们了 🙂
173609,773,米红,2023-06-08 14:21:49,6,6,0,终于被学院停课了。。。。
173610,773,米红,2023-05-30 05:56:32,0,0,0,没有0分我是不认可的
174046,773,米红,2023-06-06 02:36:58,0,0,0,打1分，那是因为这个系统没有0分！（气愤）
189993,773,米红,2024-02-07 04:16:20,1,1,0,退课吧
191196,773,米红,2024-04-11 10:52:22,0,0,0,别选，跑路
194465,773,米红,2024-06-24 05:10:51,4,4,0,从何文炯那边过来，围观一下哈哈哈😅
3292,800,王小章,2015-05-27 14:44:53,1,1,0,很有激情
7361,800,王小章,2015-09-14 03:34:39,-4,1,5,很固执，不留情面，不好好学会挂哦！
14167,800,王小章,2016-01-05 06:26:58,8,11,3,是不是啦
17152,800,王小章,2016-01-19 16:47:24,2,2,0,很有学识的老师
19528,800,王小章,2016-01-24 14:11:24,0,0,0,挺有个性的老师.
25687,800,王小章,2016-06-02 16:41:48,6,6,0,社会学系最好的老师
29228,800,王小章,2016-06-29 12:54:29,0,0,0,很戳…很好听
29809,800,王小章,2016-06-30 10:38:54,0,2,2,老师人蛮好的，就是给分不太好
55670,800,王小章,2017-07-02 06:54:39,1,1,0,听老师上课可以真的学到好多东西，收获很大，只要好好学，老师的给分不会不好的!太喜欢他了!
66637,800,王小章,2018-01-18 00:38:51,1,1,0,“诗人才子”
109600,800,王小章,2019-06-17 11:43:28,1,1,0,有内涵有思想有深度有激情   是个很富有人格魅力的老师
5032,828,陈丽君,2015-07-02 11:02:05,11,17,6,老师人超级好 给分也很好
13684,828,陈丽君,2015-12-30 10:42:22,2,3,1,感觉不错
22306,828,陈丽君,2016-06-16 11:52:52,5,6,1,超棒的
50295,828,陈丽君,2017-05-02 08:07:15,0,0,0,很好很温柔的老师。给分也超好
61763,828,陈丽君,2017-11-20 17:32:27,0,2,2,老师人好又漂亮
135850,828,陈丽君,2021-05-29 07:37:38,0,0,0,讲课很好，非常清楚，是印象很深的一个老师
144112,828,陈丽君,2021-12-18 04:11:14,0,1,1,老师上课和给分都很友好～
150655,828,陈丽君,2022-02-10 02:12:03,0,0,0,陈老师很好！
151864,828,陈丽君,2022-03-18 07:44:48,0,0,0,上课有点无聊
174223,828,陈丽君,2023-06-08 02:17:16,-3,0,3,有点子敷衍，慎
195752,828,陈丽君,2024-06-30 01:29:41,0,0,0,给分一般
197082,828,陈丽君,2024-07-07 11:24:25,0,0,0,给分很好
217814,828,陈丽君,2025-04-17 02:38:25,1,1,0,提早上课，延迟下课，对上课充满了迷一般的热爱，然而不知所云。对学生的专业存在隐晦的偏见，所以将我第一次査老师评分贡献给这位老师^_^
217878,828,陈丽君,2025-04-17 10:56:02,1,1,0,课水事多，感觉说话暗含着对同学的偏见。抬走不送
218208,828,陈丽君,2025-04-22 04:51:57,1,1,0,早十提前二十分钟上课，知识内容不做评价，事多，点评学生刻薄并且有失偏颇，给分未知但是上课体验为负
220142,828,陈丽君,2025-06-15 11:55:06,0,0,0,老师人挺好的，但上课模式实在不敢恭维
220243,828,陈丽君,2025-06-16 15:07:49,0,0,0,特别好
3393,902,刘志军,2015-06-08 04:20:10,10,11,1,略无聊
6663,902,刘志军,2015-07-17 13:20:03,7,13,6,什么干活都没有 给分也不怎么好 竟然还闭卷
7850,902,刘志军,2015-09-15 15:47:20,1,4,3,大爱啊
7851,902,刘志军,2015-09-15 15:49:42,-1,4,5,大赞，很nice的一个老师~\(≧▽≦)/~
48826,902,刘志军,2017-03-14 06:16:21,4,7,3,有气无力
58534,902,刘志军,2017-08-31 13:11:28,0,4,4,平和朴实的一个老师，思维很开阔，细细聆听和领会，收获很多。只要努力表现，给分也不错，?
58535,902,刘志军,2017-08-31 13:22:38,-2,2,4,脾气好，知识全面，娓娓道来，是我喜欢的老师类型。关键是给分很公正，也比较仁慈。
58589,902,刘志军,2017-09-07 01:00:42,-4,1,5,低调内敛，思维发散活跃，颇有启发。给分不错。
58913,902,刘志军,2017-09-18 11:52:19,74,95,21,谁知道他的人类学导论给分怎么样.....
63951,902,刘志军,2017-12-20 03:46:11,11,21,10,老师讲课很随性平和，爱笑，很不错，作为外专业选了文化人类学，当然我也很用心在听，论文也很认真写，最后满绩
73414,902,刘志军,2018-02-01 14:03:53,8,11,3,人类学导论 期末好好复习噢
73549,902,刘志军,2018-02-02 03:05:13,-4,4,8,人类学导论，讨论课多发几次言，最后一节课认真听，4.2还是可以的
73606,902,刘志军,2018-02-02 05:37:32,20,27,7,人类学导论：平时会随机点名，考试一般，最后1.5
73911,902,刘志军,2018-02-03 13:51:47,-1,6,7,人类学导论主要是小组讨论，课堂上会随机叫人回答问题，不值得最后主要是老师给分还是助教给分，表示讨论课从没发过言最后4.2，很满意了
74355,902,刘志军,2018-02-14 01:40:57,-4,1,5,认真听就会有收获
74356,902,刘志军,2018-02-14 01:31:31,-7,2,9,认真听就会有收获
92139,902,刘志军,2018-12-26 15:17:56,7,9,2,人类学打分真的低，而且他校学生慎选
114136,902,刘志军,2019-07-10 00:16:22,2,11,9,人类学真的刷新了我的世界观，老师给分还不错，4.5，努力上课就能拿高分
114322,902,刘志军,2019-07-09 18:44:08,6,7,1,这给分是什么情况？
114347,902,刘志军,2019-07-09 23:23:30,6,7,1,五分制  不说了  都是泪
114941,902,刘志军,2019-07-13 01:17:48,-2,4,6,老师上课随和爱笑，给分好
117847,902,刘志军,2019-10-05 06:15:23,-4,1,5,上课比较自由，基本都是小组讨论，给分还不错，社会调查
124740,902,刘志军,2020-07-07 14:15:19,-1,5,6,人类学导论给分挺好的
124750,902,刘志军,2020-07-08 00:45:30,4,4,0,人类学导论不是五分制吗 为啥楼下会有4.2 忙了一学期给了B 3.5
124780,902,刘志军,2020-07-09 03:28:11,3,4,1,四分通核2.8太为致命。。
138740,902,刘志军,2021-07-10 15:22:58,4,4,0,人类学导论千万别选，均绩整体下拉0.5我吐了
139202,902,刘志军,2021-07-13 08:22:14,-1,3,4,老师人真的很随和了…哪怕上课真正在听的人很少，老师还是尽量把内容讲得有趣。期末PPT真的复习不完，只能看大概看一遍，重点记忆一下濡化、主位客位、船货崇拜、文化相对主义之类的重点概念。论述题大题不会做，因为对族群冲突的专业知识完全没印象，按照自己的想法有逻辑地论述了一下，老师应该也通融给分了。平时好好做展示，理论课用哪怕60%的认真程度听，也能拿到不错的分数。
155678,902,刘志军,2022-06-15 07:04:34,2,5,3,2022春夏班课堂体验（没出成绩）\n\n社会工作 外专业选作劳育课\n\n最后一堂课期末考 听了课都能写出很多话 老师也不倡导刻意背概念 不用术语写出那种意思也行\n\n平时不点名 很多人不在教室听课 但老师终究还是能观察出谁比较认真 比方说有几个社会学专业的同学常常课上课下和他探讨问题虽然我理论也不完全懂\n\n平时小组任务就是一次展示  组员是不是社会学的关系好像不大 当时我们班也好像有完全外专业的人组成的队伍 但是完全不用担心 搜一搜资料多调研一下展示也能不错 \n\n还有个个人作业是关于失恋的 好像每年换个主题\n\n一开始觉得声音催眠 后来听说了老师以前做的研究、走过的地方就觉得他对社会的看法还是蛮独特的，学识也比我们深厚\n\n社会工作这个专业 善良有爱的人都能去听 外专业不会听不懂\n\n开始大家没人发言 后来我自己有的时候看大家发言聊的很high我也试着举手 开放性问题老师很尊重大家 就算他压缩自己时间也会尽量都请我们说完 我上课说的话不多也不专业也没什么关系 老师有适当引导 而且每次回答完老师都会记一下同学的名字和脸 我名字有个字很难写他也最后记住了\n\n一学期下来还是有体系地了解了一下这个陌生的领域 很有收获
157534,902,刘志军,2022-06-23 15:27:44,-2,1,3,给分非常好！任务也很轻松！对感兴趣的同学来说很友好~
157827,902,刘志军,2022-06-25 04:08:13,1,3,2,开什么玩笑，勤勤恳恳背PPT好每节课都去听，期末考试问上课同学回答了什么，我听了课按回忆写了，害怕影响真实性一点没编，朋友好多没听课回来和我说全是自己编的，然后他们全满了，我就这？？？
180602,902,刘志军,2023-09-23 10:04:24,1,3,2,大傻逼
180605,902,刘志军,2023-09-23 10:13:40,3,3,0,上课讲的会考的内容考试都不考，均绩整体下拉0.5
180606,902,刘志军,2023-09-23 10:20:32,0,0,0,我和室友一个2.8，一个2.2
193411,902,刘志军,2024-06-10 02:50:59,2,2,0,假随和
195701,902,刘志军,2024-06-29 17:04:00,2,2,0,社会工作：第一门专业课满绩 能感受到老师的认真和负责 我个人非常喜欢老师用心组织的实地调研的活动 再次谢谢老师给我打的高分
195895,902,刘志军,2024-06-30 14:38:09,0,0,0,给分真的。。。。。无语了
10036,931,刘晓婷,2015-11-14 15:09:57,16,17,1,很棒的
25497,931,刘晓婷,2016-05-23 13:53:18,8,8,0,很负责
35916,931,刘晓婷,2016-11-10 08:52:11,6,7,1,晓婷老师棒棒的！
37667,931,刘晓婷,2016-11-20 04:28:43,-27,6,33,日了狗了?写的这么认真 分数这么低 努力和回报不相符吧?再见
41213,931,刘晓婷,2017-01-10 05:30:25,2,4,2,不错的老师
44753,931,刘晓婷,2017-01-18 08:06:59,2,3,1,老师超级棒~就是作业多了点，给分很不错！
50551,931,刘晓婷,2017-05-03 11:46:15,3,3,0,晓婷老师人很好(✪▽✪)讲课水平很高！分也很好！
78426,931,刘晓婷,2018-05-11 15:50:06,3,3,0,晓婷老师太棒了呜呜呜
78510,931,刘晓婷,2018-05-12 11:58:13,4,4,0,如沐春风
105125,931,刘晓婷,2019-04-04 05:19:11,-21,4,25,辣鸡老师乱给分
124060,931,刘晓婷,2020-06-23 03:35:59,3,3,0,好温柔的老师，给分赞爆了
136444,931,刘晓婷,2021-06-18 03:30:06,8,8,0,很喜欢晓婷老师课！老师超级温柔，讲课也很清楚，期末还会给范围，强推！！
159377,931,刘晓婷,2022-07-15 07:31:54,-5,1,6,给分低，慎重
190460,931,刘晓婷,2024-03-05 02:11:23,2,2,0,给分好（讲课水平高
192434,931,刘晓婷,2024-05-19 15:56:51,2,2,0,作业会有点多，但是老师对待作业很认真，给分好
197814,931,刘晓婷,2024-08-15 05:55:19,6,6,0,社保系专业课里为数不多正常的老师\n\n授课认真，对学生态度好，专业水平高\n\n作业量稍微有点大，但是平时作业其实可以水过去，大作业认真写就好\n\n给分友好
200326,931,刘晓婷,2024-10-16 04:14:28,2,2,0,晓婷老师人超nice，课也讲得超级好！
205070,931,刘晓婷,2024-11-30 16:03:50,2,2,0,晓婷老师我不允许任何人忤逆你呜呜呜呜呜呜呜呜呜
216532,931,刘晓婷,2025-03-18 04:15:52,1,1,0,超爱晓婷老师！！！
34798,1095,包松,2016-10-23 10:41:12,3,9,6,好年轻。。。你休想玩手机
35218,1095,包松,2016-11-06 12:03:58,7,15,8,超级奇葩，两节课中途让助教点名！问题没人回答一定要问五遍，超级无语。。。
56489,1095,包松,2017-07-04 01:41:20,3,6,3,(✘_✘)
60588,1095,包松,2017-10-24 13:37:37,-7,6,13,挺好的  不逼逼
64879,1095,包松,2017-12-27 15:15:34,2,11,9,给分不好 讲课还行
79193,1095,包松,2018-05-26 16:47:56,9,14,5,给分很差，不明白每次都去最后交了作业给个70多分直接拉低成绩怎么想的
147870,1095,包松,2022-01-11 04:41:24,-138,10,148,劳资形策4.8!!!\n\n一帮水课的不绩杀你们绩杀谁!!??
156089,1095,包松,2022-06-17 12:59:05,-11,2,13,……..
171220,1095,包松,2023-04-02 11:05:40,4,7,3,每节课必点名，鼓励鹅颈，上个课还像个阴魂不散的老逼登一样转来转去
174385,1095,包松,2023-06-11 12:23:41,2,5,3,就一分不能多了😅讨厌你讨厌你讨厌你讨厌你😤
174429,1095,包松,2023-06-12 06:20:27,2,4,2,就一分不能再多了。。我恨你
175020,1095,包松,2023-06-21 06:09:42,8,10,2,傻逼东西赶紧滚
175133,1095,包松,2023-06-21 17:04:00,7,8,1,鼓励恶竞是真有点
175916,1095,包松,2023-06-27 06:30:41,-15,9,24,4.5不错，谢谢老师吧
179391,1095,包松,2023-09-14 07:26:39,65,74,9,按计划进行
179402,1095,包松,2023-09-14 11:36:46,35,38,3,按计划进行
192309,1095,包松,2024-05-14 14:37:58,3,5,2,劳资形策3.0！！！\n\n一帮水课的被绩杀力！
193895,1095,包松,2024-06-20 12:54:14,-7,2,9,考形策之前晚饭的时候背了一小会，最后4.2，课上没回答过问题小组调研报告也是水过去的，感觉给分还不错，还是看助教吧，讲课也很有激情虽然我没怎么听过...
197882,1095,包松,2024-08-19 01:03:42,1,1,0,水水水
198026,1095,包松,2024-08-25 13:54:45,18,21,3,说的最多的就是“按计划进行”，做的最少的就是“按计划进行”。
198041,1095,包松,2024-08-26 12:32:51,3,3,0,按计划进行
198135,1095,包松,2024-09-02 04:44:25,4,4,0,好一个“按计划进行”
198151,1095,包松,2024-09-03 04:16:32,30,31,1,按计划进行，但却没有按计划进行的能力\n\nbs：我是蓝田最大的官
198155,1095,包松,2024-09-03 05:01:46,10,10,0,慈祥的老妖婆
198164,1095,包松,2024-09-03 09:37:29,3,3,0,按计划进行
198165,1095,包松,2024-09-03 09:37:53,3,3,0,安计划进行
198167,1095,包松,2024-09-03 14:39:36,1,2,1,没什么好说的，安计划进行好吧
198184,1095,包松,2024-09-04 03:35:11,0,0,0,按计划进行
198190,1095,包松,2024-09-04 07:58:33,9,9,0,按计划进行，我是蓝田最大的官
198221,1095,包松,2024-09-05 08:06:57,5,5,0,你只靠你的嘴执行你那b计划吗？
198234,1095,包松,2024-09-05 12:40:56,11,12,1,案寄划劲刑
198268,1095,包松,2024-09-06 03:33:46,10,10,0,按几八精性
198285,1095,包松,2024-09-06 05:59:24,1,1,0,按计划进行
198286,1095,包松,2024-09-06 06:00:28,0,0,0,按计划进行
198314,1095,包松,2024-09-07 00:14:13,3,7,4,氨戢猾搢哘
198343,1095,包松,2024-09-07 12:40:34,4,4,0,原来不止我一个人觉得她傻逼
198397,1095,包松,2024-09-08 12:49:58,31,32,1,彼阳东西，初升晚意。若雉飞舞，莎沘淖潭。
198476,1095,包松,2024-09-09 06:54:41,2,3,1,按计划进行
198506,1095,包松,2024-09-09 10:50:15,2,2,0,按计划进行
198511,1095,包松,2024-09-09 11:01:08,0,0,0,按计划进行
198543,1095,包松,2024-09-10 01:27:31,-38,1,39,包包大人永远满分😛
198697,1095,包松,2024-09-11 03:19:42,2,2,0,按计划进行
198994,1095,包松,2024-09-13 16:41:34,2,2,0,按计划进行
199077,1095,包松,2024-09-15 16:05:31,13,13,0,按姬霸进行
199558,1095,包松,2024-09-25 10:44:59,6,6,0,吃jb就行
199714,1095,包松,2024-09-28 05:48:50,4,4,0,鉴定为传销小组组长，让我们班干听完讲话后直接无脑发疯，不顾其他人日程安排无节制布置作业，第一次知道神经病会传染
200110,1095,包松,2024-10-13 08:01:04,3,3,0,hhh，什么大学生立志当大官
200434,1095,包松,2024-10-17 03:53:22,0,0,0,纯一坨
201235,1095,包松,2024-10-30 14:27:51,4,4,0,按计划进行
201264,1095,包松,2024-10-31 02:09:06,4,4,0,纯纯减除，鉴定为传销小组组长，非常好传销，搞得某班班委不顾实际情况制定了大量离谱班规，然后成功被冲上朵朵十大
201430,1095,包松,2024-11-02 13:33:42,1,1,0,chunchunnt
206524,1095,包松,2024-12-15 23:47:59,0,0,0,按计划进行
207209,1095,包松,2024-12-20 00:45:11,12,13,1,您的b包松的😅
207493,1095,包松,2024-12-22 11:24:02,1,1,0,按计划打分 为什么没有0分
209182,1095,包松,2025-01-05 02:43:40,1,1,0,按几把进行
215724,1095,包松,2025-03-04 16:08:44,1,1,0,按计划进行
15577,1100,叶艳妹,2016-01-15 12:41:40,1,5,4,上课可能是有些枯燥，但是老师很关心学生，人超好
19095,1100,叶艳妹,2016-01-23 08:54:44,10,12,2,给分不太好…怪我自己没好好学，内容有点多，第一门专业课，很多东西都不太清楚
20954,1100,叶艳妹,2016-02-05 10:22:22,1,3,2,这老师挺自信的，呵呵
27832,1100,叶艳妹,2016-06-27 19:37:24,2,2,0,不是很有趣
28387,1100,叶艳妹,2016-06-28 08:48:06,-3,2,5,没什么意思
64646,1100,叶艳妹,2017-12-26 02:08:50,14,16,2,作业来的猝不及防
70255,1100,叶艳妹,2018-01-26 09:55:46,28,31,3,阿妹老师，我真的背不动了QAQ
70627,1100,叶艳妹,2018-01-27 10:03:46,3,7,4,老师经常自己说着说着就笑起来，很可爱。观点经常和知网上的不一样，作业真的是猝不及防，展示也是猝不及防。课件很多，单靠期末背不动（一口老血喷死）
74038,1100,叶艳妹,2018-02-04 11:39:00,3,5,2,老师的课还挺好的，经历了tr的两门课，觉得老师真是良心啊！ 
74039,1100,叶艳妹,2018-02-04 11:41:02,4,6,2,虽然阿妹动不动来个展示来个论文，PPT字贼多期末根本背不掉，但是阿妹给分还是比谭荣爸爸良心一点啊?
74042,1100,叶艳妹,2018-02-04 11:51:17,4,4,0,老师人很好，给分一般。但觉得投入与回报不成正比，平时作业太多了，要求也不算低……
74046,1100,叶艳妹,2018-02-04 12:42:05,2,5,3,阿妹阿妹漂亮的妹妹
94845,1100,叶艳妹,2019-01-18 10:10:06,1,1,0,阿妹老师，我真的看不懂工程图啊！
94893,1100,叶艳妹,2019-01-27 00:57:34,-1,2,3,只要足够努力的刷脸，考试别太惨，给分还是可以的
95093,1100,叶艳妹,2019-01-18 21:17:56,1,2,1,背ppt使人崩溃
95124,1100,叶艳妹,2019-01-19 00:36:35,2,2,0,背PPT背到闭眼1秒以上就开始做梦然后立马惊醒继续背，可我还是背不完，也不知道背了些啥
95408,1100,叶艳妹,2019-01-19 10:42:55,1,1,0,
98285,1100,叶艳妹,2019-01-23 09:18:23,0,1,1,土管考前来打个10分希望老师给分手下留情，PPT太多真的背不动呀！
98820,1100,叶艳妹,2019-01-27 06:31:53,2,4,2,...期末背书自己体会吧\n\n...给分巨差
102043,1100,叶艳妹,2019-01-30 06:40:18,5,5,0,非土管专业，平时展示比较多吧，期末ppt认真准备给分也不算太差，至少比想象中好很多惹...以及土管ppt助眠效果一级棒_(:з」∠)_好多次失眠拿出手机看了几眼土管ppt就睡过去惹?
122023,1100,叶艳妹,2020-02-01 06:01:30,-2,0,2,展示来的猝不及防，但是最后给分还好
133481,1100,叶艳妹,2021-03-01 06:26:30,-2,0,2,老师对待教学还是挺认真的，听进去会有收获；小组展示确实多，老师会有点评和改进意见；考试比较细，但是都是老师上课强调的内容，还是要好好听讲啊。
140501,1100,叶艳妹,2021-09-13 05:52:14,0,2,2,阿妹真的巨佬
141247,1100,叶艳妹,2021-09-27 07:02:48,2,2,0,在阿妹课上差点睡过去，叶老师知识储备丰富，但是讲课略枯燥，提的问题总是让人摸不着头脑，而且还老是中途不下课...
150313,1100,叶艳妹,2022-01-22 08:31:12,7,7,0,给分也不必如此的低呜呜┭┮﹏┭┮
159891,1100,叶艳妹,2022-09-08 04:08:44,3,3,0,给分不好
161810,1100,叶艳妹,2022-11-14 00:35:04,2,2,0,上课很无聊
161901,1100,叶艳妹,2022-11-15 01:56:10,6,8,2,不知道这样说是否合理。感觉谭爸为我们构筑了一个偏理想化的世界，而阿妹用现实将它撕碎。虽然到目前只上了几节课，但能感受到两位老师各自的用意。
164178,1100,叶艳妹,2022-12-19 01:40:02,5,5,0,破防了
165920,1100,叶艳妹,2023-01-10 11:05:57,-21,1,22,好耶，满级了哈哈哈哈
166029,1100,叶艳妹,2023-01-11 01:29:44,7,7,0,真的不知道在上啥，无聊至极
169306,1100,叶艳妹,2023-02-25 10:12:11,3,3,0,对授课不怎么上心的感觉
184428,1100,叶艳妹,2023-12-19 12:51:17,6,6,0,挺喜欢让大家做小组展示的
185168,1100,叶艳妹,2023-12-27 09:46:45,10,12,2,大家等她公布期末论文题目等了小半学期，她今天终于一口气憋出来个任意主题，3000字+，25篇参考文献，考试周结束必须交\n\n行吧起码比背七八个100页ppt能接受\n\n————\n\n补：朝夕令改改的真nb，早上宣布的3000-5000字晚上直接翻一倍到6000😅
185405,1100,叶艳妹,2023-12-29 02:06:28,3,4,1,头一次评价老师 之前老师再烂感觉都可以接受 唯独这个真的恶心😅
185497,1100,叶艳妹,2023-12-31 07:38:57,2,3,1,佛口蛇心
185715,1100,叶艳妹,2024-01-04 00:13:33,1,2,1,唉，唉唉唉
187614,1100,叶艳妹,2024-01-17 00:15:25,1,1,0,上午课上说好的3000-5000字，下午群里直接变6000，要求25篇及以上的参考文献，还要查重。。。之前一直在问论文的相关要求，但一直拖到了倒数第二周才肯说，安排在期末周中间交，还好我们这一届期末周结束的比较早，有那么点时间可以赶赶，只能说下一届学弟学妹注意早点要具体安排（当然以这个老师的感觉搞不好1最后还要改一下，只能说注意。。。）\n\n上课还是可以的，只能说最后考核的安排不太好
192947,1100,叶艳妹,2024-06-01 05:17:34,3,3,0,其实还是挺好的哈哈
214596,1100,叶艳妹,2025-02-14 05:50:15,1,1,0,老师人挺好的，知识储备也挺足的。但有些安排欠妥了些。期末论文ddl提前，然而成绩到快开学才出，给分也一言难尽
214647,1100,叶艳妹,2025-02-15 16:15:48,1,1,0,两次自由组队小组展示 不定期会按名单点名 比较喜欢点人回答问题（虽然感觉很多时候老师要被我们蠢哭了...） 课程可认真可水 老师有点随性 课程论文拖了很久才公布题目和要求（结果题目是不限） 现在取消期末考试改成论文结课了 期末论文字数和参考文献要求挺高的 最后又临时把论文ddl提前了 以后的学弟学妹们可以提前有个心理准备应对各种随性的变化 免得弄得措手不及
216477,1100,叶艳妹,2025-03-17 06:51:03,0,0,0,老师上课挺喜欢提问互动的，知识储备与实践经验挺丰富的，可以从她的课上了解到很多理论知识在实际运用中存在的缺陷与问题。授课上可以看出，老师是一个典型的p人，非常随机。会临时说下周做个展示的那种，考核方式也是，一开始考核方式没公布是考试还是论文，后面公布是论文之后，没有公布论文选题，宣布选题不限之后，DDL最后临时提前一个星期。总之，上阿妹的课，要做好一切临时准备。
8432,1173,章燕华,2015-09-25 04:33:52,62,82,20,这个软件为什么不能打零分？
12735,1173,章燕华,2015-12-24 02:50:47,22,28,6,无聊，给分坑，可能自己太水了。
14332,1173,章燕华,2016-01-06 11:10:22,9,13,4,课程麻烦，给分也不厚道，非常不推荐
16019,1173,章燕华,2016-01-17 04:31:08,3,8,5,给分巨坑 不推荐
19317,1173,章燕华,2016-01-24 01:31:26,2,7,5,上课太水了，能拿多少分全凭自己
23100,1173,章燕华,2016-03-18 00:33:04,30,53,23,老师讲课无聊就不说了，老师有老师的水平………我就是想说，假如你的老师安排任务安排不明白，上课废话超级多，说话很墨迹……到了那种几乎不想听下去的地步……给分也真的很不厚道，总是拿着我要给你们挂科的话，你们还能顺利毕业吗，这种烂理由威胁学生……
23101,1173,章燕华,2016-03-18 00:42:51,18,25,7,就不明白，浙大怎么会有这种教授！
26190,1173,章燕华,2016-06-16 07:48:43,1,4,3,不好听
33426,1173,章燕华,2017-01-17 17:29:28,20,25,5,***，垃圾课，每次上课都到，布置的作业也认真做，很多是候小组里都是我一个人在操心作业，分个*的组，没做的同学最后还是一样的成绩。在这垃圾课上浪费了好多时间，做ppt技术实在不行，或许这也是分低的原因吧，每次为了做个ppt，都几乎要花上一整天，轮到我们组展示的时候我周六基本是废的，全花在这垃圾课上了，最后的5000字论文实在不知道该写什么，布置作业也不是很清楚，一篇论文憋了我2，3天，在这个课上花的时间就仅次于数分高代了，最后还是只有2点几的绩点，相当于60多点！实在是受不了这种垃圾课，浪费我时间！
33432,1173,章燕华,2016-09-19 12:00:09,-15,3,18,爽爽啊
34060,1173,章燕华,2016-09-26 08:25:06,3,5,2,...
38255,1173,章燕华,2017-01-17 12:02:28,13,17,4,有点坑，特别水，最好不要选，给分不知道怎么给的，可能是论文吧，但我论文完全自己写的，很认真，但给分一般，上课特水，基本没学到什么东西，真的好气。
41116,1173,章燕华,2017-01-09 08:38:28,3,3,0,。。。
41253,1173,章燕华,2017-01-10 08:47:46,1,2,1,还能更水吗？？
42808,1173,章燕华,2017-01-30 03:26:03,-4,3,7,想得高分，一定要当组长。\n\n当组长是必要不充分条件。
44226,1173,章燕华,2017-01-17 12:12:01,2,2,0,啥也不说了，拉我绩点坏我心情
44248,1173,章燕华,2017-01-17 13:05:47,-13,2,15,课水，给分还可以
44276,1173,章燕华,2017-01-17 13:57:39,11,11,0,老师上课不知道在讲什么，而且给分也确实不好
44284,1173,章燕华,2017-01-17 14:11:09,8,10,2,太水了，完全没学到东西，给分也超级低
44763,1173,章燕华,2017-01-18 08:15:36,-20,4,24,给分不错啊，就是看你自己啦，老师特别好，就是小组制都这样，你们懂得。不过我还是很喜欢哒
45032,1173,章燕华,2017-01-19 00:39:50,1,4,3,通核上课水水水水水……但是论文要好好写……展示要好好做，不然成绩会不好看……
45182,1173,章燕华,2017-01-19 05:56:11,3,3,0,腊鸡腊鸡腊鸡，每节课都在，小组讨论认真做，考试认真考，我自问已经够用心了，mmp最后成绩B-几个意思，妈蛋
47947,1173,章燕华,2017-02-27 12:29:31,1,2,1,。。。
48481,1173,章燕华,2017-03-06 02:57:42,12,15,3,垃圾系统不能打0分要你何用！\n\n\n\n展示课打断别人无数次，说话语速奇快，到底说了什么一个屁都理解不了。\n\n\n\n上课讲人生大道理，自己上课上的差但是一点都不在意。\n\n\n\n我真不好意思骂老师，但我真的想知道章老师脑子不知道还好不好。
49522,1173,章燕华,2017-04-17 19:14:31,10,11,1,Question：评价都这么差了，为什么还能有3.0+，坐等评分下2.0。
53474,1173,章燕华,2017-06-26 16:38:10,5,9,4,信息化与信息社会：挺水的，老师上课讲着讲着就偏了，讨论课总共一组大约两次展示，小的总结无数，讨论课评分略乱，一篇论文字数还好改成3000+了，考试前老师没有划重点，大后天考试我现在还不知要带什么书去，希望下面有人说带啥
56721,1173,章燕华,2017-07-04 12:29:33,8,11,3,我就随便说句，我考试全部写满，每次课都发言，展示我想但凡听过的都知道花了多少多少力气，论文花了创赛同样的力气。就这样我和经常不来的同分。
59829,1173,章燕华,2017-09-27 09:41:52,6,7,1,主观题你tm能改出50多分
63496,1173,章燕华,2017-12-05 08:31:27,4,6,2,垃圾老师，我每学期来打个一分，真是受不了这种辣鸡课程
66579,1173,章燕华,2018-01-17 12:17:05,3,3,0,呃呃呃
75071,1173,章燕华,2018-03-07 08:06:23,-1,0,1,给分差
75072,1173,章燕华,2018-03-07 08:07:09,0,0,0,无聊1
75081,1173,章燕华,2018-03-07 08:59:38,-1,0,1,真醉了
77937,1173,章燕华,2018-05-08 16:41:05,1,1,0,难受啊
85147,1173,章燕华,2018-07-15 23:11:12,0,1,1,怎么说呢，虽然给了我还不错的分，但是还是不能给高分。上课非常水，非常非常水。考试也在乱说，明明要考上课说过的，非说不考，想以此来压低分数吗？最后PPT也不给，期末想考的好一点的话建议把讨论课所有题目找出来，找综述性文献。打3分，两分给助教，剩下一分App自带。
85160,1173,章燕华,2018-07-16 00:48:36,2,2,0,信息化与信息社会这门课是不会学到信息知识的，工科生真的不要冒险选这个。讨论分数判的也很迷，不可能上90的。论文也说是不限定范围，但是众所周知，不限定是最坑人的。最后，这个课好像是五级制。\n\n所以，看到2.几这种神奇的评分就真的不要想着好好弄依然可以拿高分好吗？你没有办法打动老师的，也没有办法短时间对于政策的了解可以称上优秀的，不幸选上的同学相信我，退课是你们最好的选择。
85284,1173,章燕华,2018-07-16 20:56:33,0,1,1,真辣鸡的课，我说了每学期来打1分
86566,1173,章燕华,2018-09-17 08:04:51,-1,1,2,不想再听了
109021,1173,章燕华,2019-06-05 19:58:13,1,2,1,不要再互相伤害了好吗
116929,1173,章燕华,2019-09-17 10:55:16,-1,2,3,老师o(^o^)o嘻嘻(♡˙︶˙♡)哈哈(ಡωಡ)hiahiahia
120311,1173,章燕华,2019-11-28 03:14:57,3,5,2,憨批老师 憨批课程。。。选上的赶紧退课吧
123473,1173,章燕华,2020-06-09 05:22:47,2,2,0,亲亲这里建议退课哦
123512,1173,章燕华,2020-06-09 08:51:40,2,4,2,怎么说呢？当时考虑到这是信息化是一门通核课所以即使知道老师评分低我还是没有退。给分真心不好，我当了组长，考试也全部写满了但是分依旧不高。秋学期啥作业都没有，夏学期4次展示几乎是连着的，还有一些杂七杂八的作业和一篇三千字论文，花了很长时间的，时间分配极不合理。嘴上说着助教手把手做研究，但是最后还是小组在瞎忙。嘴上说着每个档次都会给满，最后也不知道有没有做到，反正从出成绩那天群里刷谢谢老师的人寥寥无几，我估计大家大多数都不咋地吧。也怪我自己，老师开始上课就说了，有部分同学不适合她的课。算了，最后劝一下选上这门课的同学，除非你有很强的人际交流能力可以让老师对你留下很好的印象，否则还是退吧！
123815,1173,章燕华,2020-06-14 14:27:15,0,0,0,哈哈哈哈
123869,1173,章燕华,2020-06-15 12:19:02,1,1,0,幸好有弃修这个办法
124444,1173,章燕华,2020-07-01 10:11:31,2,2,0,对了，顺便补充一下，信息化与信息社会改名叫数字化与数字素养了，大家及时了解一下
124722,1173,章燕华,2020-07-07 04:30:17,1,1,0,呵呵呵
125516,1173,章燕华,2020-09-11 02:18:57,2,2,0,差评啊！
125982,1173,章燕华,2020-09-16 07:46:03,0,1,1,快跑啊！
128082,1173,章燕华,2020-12-07 02:54:02,-1,0,1,时间安排不合理，任务安排随心所欲，课堂教授无组织无逻辑。
128711,1173,章燕华,2020-12-25 05:19:02,0,0,0,快（）跑
128983,1173,章燕华,2020-12-28 01:28:17,1,1,0,学生展示的时候她在下面玩手机或者看电脑，完全不知道她打分是按什么打，乱打吗？平时事情特别多，占去大量时间。建议就是：哪怕别的通识课都爆满了也不要来选这个，选了就后悔
129153,1173,章燕华,2020-12-30 15:11:09,-1,1,2,信息化与信息社会，平均每周要花两三个晚上做小组作业，很占时间，很烦。上课学不到东西，给分很坑，考试骗我们说讲过的都不考，其实考的，不可理喻。现在好像改名成数字素养啥的了，大家小心，快跑！
129471,1173,章燕华,2021-01-06 03:26:13,3,4,1,怎么说呢，周一的理论课可以睡觉，周二的展示课要准备很久，但给分就很呵呵。有没有什么有意义的地方？1.教你怎么用搜索引擎；2.助教xjj特别漂亮。
129710,1173,章燕华,2021-01-11 09:05:46,1,1,0,。。。
130752,1173,章燕华,2021-01-24 13:05:17,-1,0,1,老师讲话很快
131988,1173,章燕华,2021-01-30 01:46:09,5,5,0,这是我上过最差的课，耽误特别多的时间。（数字社会与数字修养）\n\n上课很水啊，天天扯一些没用的东西，一学期上来，什么都没学到，老师到底教了个啥，给分也超低？赶快跑，千万别选这门课
132030,1173,章燕华,2021-01-30 03:33:10,3,3,0,弃修 是我最后的倔强
132044,1173,章燕华,2021-01-30 04:05:55,1,1,0,呵呵一笑
132217,1173,章燕华,2021-01-31 04:12:43,7,7,0,确实上课学不到什么东西，整天讲什么买房的事情，干货还都是助教xjj教的，信息检索和社会网络分析确实很有用，但不知道下次换助教还会不会有这些干货呢？整个长学期下来ppt一共就五个，想学知识的快逃，事多
132253,1173,章燕华,2021-01-31 09:29:54,2,3,1,数字社会与数字素养 快跑 我们小组五个人一个挂科，一个一点五，一个二点几，理论课完全学不到东西，实验课确实有干货，不过几乎每周都需要展示，事情特别多，快跑吧
132653,1173,章燕华,2021-02-03 06:44:29,2,2,0,给分差，事多，学不到啥（有用的不少，废话居多）跑，跑就对了。天下通核千千万，何必拘泥这一个？
132949,1173,章燕华,2021-02-05 10:07:14,1,2,1,烂烂烂还好及时脱离苦海
133538,1173,章燕华,2021-03-02 02:14:45,4,4,0,5分全给助教，老师是真的水…想要绩点高，只能看运气，能不能有个好助教
135033,1173,章燕华,2021-04-27 11:31:46,5,5,0,辣鸡中的..
136884,1173,章燕华,2021-06-27 13:11:07,0,1,1,感觉还行吧
138668,1173,章燕华,2021-07-10 08:28:27,1,2,1,真不错
143781,1173,章燕华,2021-12-06 04:26:22,2,4,2,讲的还行，就是真没时间观念...
152436,1173,章燕华,2022-04-11 07:55:56,-7,3,10,老师讲得还可以，也经常讲一些学长学姐的经验，人不错
152983,1173,章燕华,2022-04-23 04:47:21,6,6,0,不多说了，懂得都懂了…
154394,1173,章燕华,2022-05-31 14:43:30,8,13,5,老师的知识水平还是有的，但是爹味太重了，还有性别歧视。课程的内容和授课的方式一言难尽，作业也很离谱
155356,1173,章燕华,2022-06-11 12:57:29,-11,3,14,老师人很好，授课内容如果不感兴趣的话的确不容易听进去，但说真的课程已经算是事少给分好了
156519,1173,章燕华,2022-06-20 07:01:29,5,7,2,建议老师转去外语学院
156710,1173,章燕华,2022-06-20 17:06:39,-1,2,3,全英文可能对有些同学难度挺大的...或许可以考虑提供中英文双份资料...?
157978,1173,章燕华,2022-06-26 02:02:31,4,4,0,答辩的时候论文能不能先好好过一遍再提意见建议。
158895,1173,章燕华,2022-07-17 15:07:11,0,5,5,非常好 非常好
159430,1173,章燕华,2022-07-21 04:00:22,2,3,1,快跑快跑
159451,1173,章燕华,2022-07-21 04:02:10,7,7,0,浙大为什么会有这样的教授，这个学校因为有这样的老师而倒霉，shame on zju，别祸害更多人了。每年过来评低分，什么时候能到全校最低分
159452,1173,章燕华,2022-07-21 04:24:41,1,3,2,ntyg djkr
161653,1173,章燕华,2022-11-10 04:28:57,0,0,0,dinner
169633,1173,章燕华,2023-02-27 08:08:57,2,3,1,翳眼丁真\n\n鍳定為：\n\n緋霧初升東兮，似瑪在中
170677,1173,章燕华,2023-03-08 03:16:40,0,1,1,只能说：一点几分是有道理的
170727,1173,章燕华,2023-03-08 15:20:33,3,3,0,这臭傻逼怎么不能打零分啊，速速上新0分！
180295,1173,章燕华,2023-09-21 03:48:21,6,8,2,提前来这里蹲一下，希望23届数字公共治理班的同学不要太难过。
181659,1173,章燕华,2023-10-26 03:04:36,15,16,1,月考完来噜！！坐教室后面是为了躲避摄像头捏
181660,1173,章燕华,2023-10-26 03:30:31,8,9,1,为什么不能打零分，这课能不上千万别上！！！
181661,1173,章燕华,2023-10-26 03:47:07,5,6,1,避雷吧
181662,1173,章燕华,2023-10-26 03:48:15,4,5,1,造孽啊
181663,1173,章燕华,2023-10-26 03:48:56,5,5,0,傻逼，快跑
181664,1173,章燕华,2023-10-26 04:10:22,13,14,1,我就想知道窗户怎么你了
181666,1173,章燕华,2023-10-26 12:16:06,-1,0,1,无语。
181839,1173,章燕华,2023-11-02 04:12:48,9,9,0,意义是什么？我建议您先问问自己。
181842,1173,章燕华,2023-11-02 06:36:22,2,3,1,嗯嗯嗯嗯见证历史
181844,1173,章燕华,2023-11-02 06:40:20,4,4,0,受不了一点zyh
182046,1173,章燕华,2023-11-09 04:07:21,14,14,0,同学展示在下面打电话，展示过程是想打断就可以打断的。评价是高高在上的，会直接在课上评论小组，“你们就做了这么个东西啊”。言论是迷惑的，不自知的性别歧视、pua，会说出，“不给你们做这些东西我完全可以多发两篇文章“这种话，上她的课精神心理容易受到损失。查老师什么时候出0分！！给1分都多了
184152,1173,章燕华,2023-12-11 08:59:53,8,8,0,100分钟的展示？
184323,1173,章燕华,2023-12-17 05:24:07,-15,4,19,怎么说呢，感觉上老师其实是希望学生能学到一些东西的，但可能方法上还是需要进行一定的改进，希望老师能够在之后的教学生涯中更多的和学生沟通，或许能够消除一定的误会
184418,1173,章燕华,2023-12-19 08:37:42,3,3,0,能跑则跑，不能跑就等着被折磨死吧
185749,1173,章燕华,2024-01-04 05:01:30,2,2,0,自己都快死了为什么还要捅我们一刀
187464,1173,章燕华,2024-01-16 08:56:57,1,2,1,纯傻逼
188180,1173,章燕华,2024-01-18 11:02:11,2,2,0,谢谢老师，让我对信管这个专业彻底失去热情
191052,1173,章燕华,2024-03-30 14:30:15,1,1,0,测试..
191507,1173,章燕华,2024-04-24 04:21:23,0,1,1,我测你妈 傻逼
192495,1173,章燕华,2024-05-22 03:01:47,13,14,1,出生玩意，没有师德，你浙但凡少招这种狼心狗行之徒，信管也不会烂成这样，不过是个跳梁小丑罢了，也配在这里狺狺狂吠？你浙不想开这专业早说，让这种崽总大三来恶心我们，你觉得能考上浙大的学生需要听这种出生放屁，把专业开成真三本，终于倒闭了，好似，建议这些尸位素餐者陪葬吧，别尼玛祸害世人了！
193375,1173,章燕华,2024-06-11 15:20:46,2,2,0,绩你太美
194085,1173,章燕华,2024-06-22 02:18:36,1,1,0,论文字数决定了分数的下限
195961,1173,章燕华,2024-07-01 02:54:42,1,2,1,论文开题和答辩的时候，都没好好看文章，就七七八八主观臆断，提出一堆问题？
200009,1173,章燕华,2024-10-11 01:09:58,-1,3,4,其实我觉得老师挺好的欸，尤其是对于公共管理学院的想就业的同学们来说，老师上课会提到一些自己对就业的看法，我觉得有一些还是很有参考意义的。老师本人比较能说，输出的内容也很多，但是人是善良的。我不是章老师的弟子，但是上过课后觉得没有评论说的那么恐怖，上课前查评分吓我一跳…… 但其实还好啦
201557,1173,章燕华,2024-11-04 09:05:14,0,3,3,首先感觉章老师人很好，特别平易近人关心体谅学生，课程方面老师对我们这门课设计得很用心，真的能学到不少东西，任务也不多，老师课上提到的一些就业、未来发展还有学习、人生方面的建议也都对我蛮有启发！（研究生）
201658,1173,章燕华,2024-11-05 07:22:25,3,4,1,前面的别刷评论了 恶心就是恶心 狗屎就是狗屎
204160,1173,章燕华,2024-11-25 00:38:31,1,1,0,泥浙信息资源管理专业关停简直就是拜它所赐
215549,1173,章燕华,2025-02-28 05:35:31,1,1,0,如果不是必修就快跑，从没见过这样的。。。。
215629,1173,章燕华,2025-03-03 05:02:09,0,0,0,快跑啊
219117,1173,章燕华,2025-05-21 19:14:54,0,0,0,我最喜欢的游戏是56张牌的德扑，还是四个花色，但每个花色14张牌从小到大2 3 4 5 6 7 8 9 10 J C Q K A（C是骑士cavalier）。感觉非常有意思。
3791,1243,崔顺姬,2015-06-17 04:24:38,8,10,2,朝鲜族的 慈祥
20643,1243,崔顺姬,2016-01-29 09:42:59,5,5,0,很负责的老师
38782,1243,崔顺姬,2016-12-19 02:15:14,5,5,0,崔老师超萌的
51968,1243,崔顺姬,2017-06-14 03:19:38,7,7,0,老师人很好，只是讲课速度太太太太慢了点
54888,1243,崔顺姬,2017-06-30 11:28:58,6,6,0,老师人很好 给分也不错 \n\n不过对英语要求挺高的
77108,1243,崔顺姬,2018-05-02 08:11:21,7,7,0,有口音 但很认真，会准备很多参考资料。
103827,1243,崔顺姬,2019-03-06 06:34:28,4,4,0,我能开四倍播放吗
114626,1243,崔顺姬,2019-07-11 01:33:35,4,4,0,上课很无聊 不如自己看书看ppt\n\n给分一般
151263,1243,崔顺姬,2022-02-27 02:28:48,3,4,1,讲课速度很慢，容易睡着啊啊啊啊\n\n给分我觉得挺一般的
155562,1243,崔顺姬,2022-06-14 09:57:24,2,2,0,老师人很好，只要自己努力了，给分也大可放心。
170961,1243,崔顺姬,2023-03-13 09:52:43,0,0,0,👍👍👍
205716,1243,崔顺姬,2024-12-11 12:02:40,4,4,0,崔老师的博导是英国学派第四代掌门人Barry Buzan～崔老师本人也是安全化理论的大家～对学生很好的老师
216784,1243,崔顺姬,2025-03-25 11:44:33,0,0,0,超好的老师
48978,1253,吴宇哲,2017-03-20 06:36:14,1,14,13,简直丧心病狂！
62613,1253,吴宇哲,2017-11-26 07:19:49,-4,4,8,上课很有趣 很认真 还带着女儿一起来教室上课 很萌 第一次评分 沙发哦
88003,1253,吴宇哲,2018-10-20 11:22:52,-1,7,8,挺好的老师，课程吸引力强，收获多多。唯一不足的时普通话有点点不标均。
88599,1253,吴宇哲,2018-11-03 06:55:11,-1,4,5,厉害的
91325,1253,吴宇哲,2018-12-06 03:02:57,-1,6,7,挺好的老师，收获满满！给十分，不怕骄傲！
184508,1253,吴宇哲,2023-12-22 06:14:29,6,11,5,上课和他的名字一样，无语…上课不教知识，讲情怀，大四还要天天签名点到，不知道学生要实习吗？出生一样的东西
216584,1253,吴宇哲,2025-03-19 01:57:06,-2,0,2,好老师！！！
217852,1253,吴宇哲,2025-04-17 07:29:40,2,2,0,因为某场学术沙龙没人听，直接在不通知同学的情况下把学术沙龙安排在展示课后面，强拉课堂上没来得及开溜的所有人当观众，压堂一小时，牛逼[赞][赞][赞]
218459,1253,吴宇哲,2025-04-24 10:32:23,2,2,0,他的傲慢使他看不见具体的人，并试图利用暴政和强权消除一切否定性；他的无知使他成为一个单向度的愚蠢的人，也难以认识到痛苦能成为激发生命成长的力量。因此你只有1分。
219519,1253,吴宇哲,2025-05-29 07:28:17,1,1,0,小组展示没花心思嫌弃，花心思了还嫌弃，分析的不够深嫌弃，分析的深但是错了也嫌弃，分析的对了又说做的太高大上。在他面前站着就是原罪。
4888,1316,郎友兴,2015-06-30 06:48:26,37,44,7,听郎老师讲课，总能收获课堂以外的东西，虽然总会讲很多内容orz
7788,1316,郎友兴,2015-09-15 13:27:10,28,31,3,郎老师上课很用心很负责任。
21979,1316,郎友兴,2016-03-02 03:33:27,7,10,3,有意思
29571,1316,郎友兴,2016-06-30 03:53:39,11,12,1,超棒的老师！人超好
29622,1316,郎友兴,2016-06-30 05:21:21,75,83,8,郎老师是自由主义知识分子的楷模，独立之精神，自由之思想，共三光而永光
53204,1316,郎友兴,2017-06-26 07:37:51,2,3,1,气度不凡
54306,1316,郎友兴,2017-06-29 04:45:28,21,21,0,大家风范，不拘小节，课程充实，只是认真听的人少了
54369,1316,郎友兴,2017-06-29 07:55:34,29,31,2,老师很喜欢粉色衬衣(⁎⁍̴̛ᴗ⁍̴̛⁎)
54692,1316,郎友兴,2017-06-30 04:52:27,2,3,1,听学生做报告特别认真 自己干货也多 老师人很好
54709,1316,郎友兴,2017-06-30 05:24:30,2,4,2,老师很有思想，听同学报告也很认真，重点是给分真的不错
54745,1316,郎友兴,2017-06-30 06:46:04,8,12,4,给分超棒，好像也不点名。三篇论文认真写，考试给的题目好好准备，基本OK了~平时上课也超有趣，很敢讲，给老师一万个赞~
54754,1316,郎友兴,2017-06-30 07:12:10,2,3,1,老师很有思想，为人负责。给分棒。
55102,1316,郎友兴,2017-07-01 00:16:03,2,3,1,老师很渊博 认真学真的能收获不少\n\n
55771,1316,郎友兴,2017-07-02 10:59:45,2,4,2,享受啊，大爱郎教授
56473,1316,郎友兴,2017-07-04 01:09:53,5,6,1,是一个很有思想的老师(((o(*ﾟ▽ﾟ*)o))) 认真听的话收获会很大。虽然三篇论文作业量不少，但是给分好哇。
57251,1316,郎友兴,2017-07-06 07:05:30,26,29,3,前面的女生说，我好怕他看我，因为感觉他看我一眼就可以看穿我的浅薄肤浅。老师很可爱，给分棒棒的^_^
62533,1316,郎友兴,2017-11-26 01:09:42,0,0,0,很好的老师
78229,1316,郎友兴,2018-05-10 05:35:33,2,4,2,老师的观点有点矛盾呀（支持自由主义又支持集权领导？？），吞吞吐吐，可能还是有些话不方便说吧
83702,1316,郎友兴,2018-07-11 04:40:59,4,6,2,大佬很多，对政治不是很了解的同学可能给分不是那么好
83850,1316,郎友兴,2018-07-11 10:13:25,9,11,2,给分不错，即使你觉得自己考得很虚。上课干货满满，只可惜现在zf管的严了话不能说太多，大家都懂就好啦～
86790,1316,郎友兴,2018-09-19 00:07:44,8,10,2,老师超级棒!上课有干货，会介绍很多书，上课介绍的书基本都可以找他借，鼓励学生发言，自己超级谦虚，给分又棒人又可爱!
92238,1316,郎友兴,2018-12-27 07:25:01,11,13,2,讲一下午政治我都不睡觉
103650,1316,郎友兴,2019-03-03 15:15:47,5,8,3,老师学识渊博，但讲话语速和口音一定程度上影响了上课体验
104469,1316,郎友兴,2019-03-21 06:34:25,14,16,2,老师真的喜欢粉色衬衣
107526,1316,郎友兴,2019-05-06 09:01:48,54,59,5,每一节课都怕郎老师突然被人带走，所以每一节课都倍加珍惜
108320,1316,郎友兴,2019-05-21 03:45:34,21,23,2,郎老师的课，听一节，就少一节了。
113423,1316,郎友兴,2019-07-06 17:14:22,4,9,5,有政原的星期二在整周的日程表里发着光~
115346,1316,郎友兴,2019-07-19 06:15:05,3,5,2,知识渊博，有独到的思想见解，平时作业也可以接受（反正不多），超级可爱有趣，很喜欢老师，而且也感谢老师。楷模
119442,1316,郎友兴,2019-11-13 01:05:35,1,3,2,很舒服
124712,1316,郎友兴,2020-07-06 16:12:36,5,8,3,非常好的老师，无论是水平还是人品。唯一有点遗憾的是本人分一般。不过这当然不是老师的问题。
124713,1316,郎友兴,2020-07-06 16:33:07,-1,4,5,分一般，难受，均绩掉好多
134015,1316,郎友兴,2021-03-12 02:20:40,-27,5,32,垃圾死了
134536,1316,郎友兴,2021-03-31 15:37:38,-22,9,31,先说字数5 6k为宜，之后又补一句说不设上限，这不是鼓励恶竞是什么？\n\n整个学期下来光读书报告论文加起来一万二往上，不排除某些所谓的卷王轻松破两万，一共270+人，想问一下能仔细改得过来吗？如果不能又怎么保证给分公正？
136810,1316,郎友兴,2021-06-25 03:51:54,-71,15,86,我上大学以来见过的最差劲的老师，教的政治学原理是我听过的最烂的课，自以为是，胡扯黑扯，根本讲不了多少有价值的东西，上一个学期，课本都没讲多少，基本靠自己，垃圾到家，无法形容。
139078,1316,郎友兴,2021-07-12 13:05:12,3,3,0,或许还行
150690,1316,郎友兴,2022-02-13 07:54:01,1,1,0,超级好的老师～
156917,1316,郎友兴,2022-06-21 10:35:55,8,8,0,内心里有一股对于中国社会的担忧和期盼，对学生也有耐心，反复劝同学交论文希望能够挽救其成绩，很好的老师，不要太苛责他
159176,1316,郎友兴,2022-07-07 09:23:11,8,8,0,听郎老师讲课真的很有意思，观点很犀利，对现实有批判，但是听课很容易走神，需要较高的专注度。政治学原理两篇读书报告，一篇论文再加上期末考试，总体而言作业偏多，但认真完成绩点可观。
178053,1316,郎友兴,2023-07-06 12:15:36,7,7,0,政治学原理，将近300人的大课。老师很好很认真（也很忙，但再忙也会挤出时间上课...），认真听会发现他上课很有意思（或许口音对于外省的同学不太友好...）。作业量偏大，两篇读书报告一篇论文，期末考会提前给题目从里面抽（不过据他所说明年会变动，难度不小，上课别走神[doge]）。给分不算好也不算特别差，可能老师更希望看到属于自己的思考，不管是报告、论文还是考试的论述题，对政治学感兴趣的同学会占点优势。
178058,1316,郎友兴,2023-07-06 12:42:13,2,2,0,老师很好，是我不够好555，给了10分
178379,1316,郎友兴,2023-07-11 08:01:36,4,4,0,不管老狼给我几分，我永远给老狼十分。（外专业慎选，事情太多了。）
185158,1316,郎友兴,2023-12-27 01:13:12,1,1,0,特别好的老师
193762,1316,郎友兴,2024-06-17 14:37:32,1,1,0,【政原】23~24春夏期末的变动仅仅是应本科生院的要求（“这种大课期末至少要有三种题型”）增加了名词解释一项题型而已，仍然是提前给题抽考的形式，后来的学弟学妹（暂时）可以放心ww
194303,1316,郎友兴,2024-06-23 07:25:54,0,0,0,考试很难
195830,1316,郎友兴,2024-06-30 06:38:26,3,3,0,工科生跨专业4.5。下学期去玉泉补选进的，郎老师讲课非常有观点和深度，我坚持每节课都到，摸鱼偶尔听课。说句心里话，读书报告和论文的作业量还是比较大的，期末闭卷要准备的内容也比较多，我也没啥有关知识，考前天天背用了很多时间直接把所有名词、思考题、论述题答案背下来了，最终成绩也还算让人满意。
195919,1316,郎友兴,2024-07-01 00:59:53,5,5,0,【政治学原理】本专业来说说~郎老师最大的特点是！爱穿粉色衬衣（bushi 郎老师虽然天天开会但是还是会很尽心来上课！上课讲的很多东西都超级值得一听 老师很有见识和深度 主要都是一些反省和批判（？hhh 可能听起来有些激进一点 但我觉得还是比较中肯的 不过也可以当水课来上（左右手指）\n\n作业比较多（两篇读书报告一篇论文） 期末考试划了重点 虽然复习那两天快要背晕过去了但是都是PPT和书上的内容！！考试的时候都会写！！都在范围内！！老师线下口头点名了两次 好多人都去上厕所了（误）给分蛮不错的！！作业认真写考试努力复习期末捞捞捞到4.8啦！郎老师和助教姐姐们好！
196402,1316,郎友兴,2024-07-03 08:29:28,2,2,0,上课很敢讲 如果以后有机会还是很想认真听老师讲课的
196411,1316,郎友兴,2024-07-03 08:48:37,-1,0,1,给分挺迷的，考前把25道题的答案全背下来了，论文和两次读书报告也好好写了，最后远远不如预期。。。
197727,1316,郎友兴,2024-08-05 06:20:55,1,1,0,希望郎老师能一直讲下去！
199317,1316,郎友兴,2024-09-21 02:17:27,2,3,1,24春夏政治学原理 本人专业行管）\n\n总评：平时40%➕期末60%\n\n平时任务量在大一来看有点大 但是上了大二之后跟专业课比起来其实也还行TT：两篇读书报告（3000字/篇，春学期1下学期1）➕课程论文（5000字为宜）\n\n上课的话少量口头点名 但随机 当时翘课碰到点名 但幸运的是没点到自己 点名点到率大概十分之一（室友说的） 纯出于节省时间的考量 听和不听（个人感觉）对于期末考试区别不大 如果出于兴趣和知识拓展还是值得一听（就是老狼实在是太能讲了 有时候忘记下课）\n\n读书报告好像没什么可说的 感觉跟其他课大同小异 论文 对于大一来说算是要求比较高 但是可以善用搜索（我记得当时看到朵朵学长姐对于论文要求的简单分析来着） 然后尽力去写 记得当时查了很多文献 堆了统计数据和案例 感觉丰富一点会比较好\n\n期末考试闭卷 三种题型（名词解释和简答题加起来60卷面分 论述40卷面分）当时所有题目给定范围 从中抽取 我自己是简答题和名词解释好好背了 论述题听天由命（对素养要求比较高 答题的时候可以联合其他的一些知识 多写写多拓展）\n\n然后名词解释和简答 可以在ppt里找答案 基本能找到（但是麻烦）也可以搜索资料（但是拿到的不太完整）\n\n最后4.8 预祝可能上这门课的大家拿到自己理想的成绩\n\n当然 跨专业不太推荐（不过也不知道其他课怎么样 如果有更好的选择那还是再考虑考虑）
214654,1316,郎友兴,2025-02-16 02:51:26,1,1,0,很敢讲的一位老师，听他讲课是一种享受，给分也很宽松！
214889,1316,郎友兴,2025-02-19 02:14:58,1,1,0,老师的课非常值得听。
219667,1316,郎友兴,2025-06-03 15:54:43,0,1,1,只能说一开始会以为是还过得去的课，仔细看就是水课+一大堆无效没反馈的作业+无效且繁重的考试+ 不flexible的课
221404,1316,郎友兴,2025-06-23 08:44:28,2,2,0,感觉给分不是很好（也可能是我太菜了。。）
32608,1332,郭继强,2016-07-08 04:47:06,4,15,11,坑
32691,1332,郭继强,2016-07-09 13:29:51,0,6,6,大清亡了？
32753,1332,郭继强,2016-07-12 08:45:34,-2,11,13,老师挺可爱的，给分可能严格了一点，但是看到自己的分数时请扪心自问有没有认真对待这门课，希望郭老师以后的学生们能够认真一点。
32795,1332,郭继强,2016-07-14 04:15:03,1,6,5,好老师，要求严格，能学到知识开拓眼界
35505,1332,郭继强,2016-11-10 07:22:10,3,7,4,蛮好的老师
51970,1332,郭继强,2017-06-14 03:20:53,0,7,7,特别让人心塞的老师，就让你看书，然后总结展示，不讲课本知识。考试也是考推荐书单的内容，很心塞
52531,1332,郭继强,2017-06-21 02:03:28,18,37,19,很反感老师的教学方式，上课就知道展示，然后提一堆问题要自己去弄懂，自己啥都不讲，考试的话恨不得把论述题出成论文，真奇葩
57572,1332,郭继强,2017-07-10 03:06:41,0,5,5,出分真慢，这都10号了，是不打算出分了吗?
57590,1332,郭继强,2017-07-10 08:29:37,0,6,6,超级差
57595,1332,郭继强,2017-07-10 09:52:37,0,6,6,每次点名都去 展示认真做了 考试全部准备 也发了论述题给老师… 然后血崩hhhhh 真的mmp… 付出和回报不成正比
57963,1332,郭继强,2017-07-18 16:24:47,6,12,6,听他上课很累，说话没有重点，Get不到他的意思
58008,1332,郭继强,2017-07-22 13:41:23,-7,9,16,淋分滚粗靴靴，认真准备考试也发了邮件，还夸我写得很好最后给我3点几也是迷幻惹，nmsl
60363,1332,郭继强,2017-10-18 06:29:24,-7,6,13,傻逼玩意，不会讲课，不懂沟通，不认真不用心
60990,1332,郭继强,2017-11-06 14:10:03,0,3,3,呵呵呵
66125,1332,郭继强,2018-01-12 03:24:25,-15,8,23,感觉负面评价比较多，打个10分平衡一下。
72555,1332,郭继强,2018-06-28 04:17:23,7,11,4,强哥强
78238,1332,郭继强,2018-05-10 06:22:43,-10,5,15,我来说一句～上过郭老师的公共经济学，个人体验是不错的，老师会比较注重对阅读书目学习的考察，展示也会给出很深刻的评价。没得到高分的同学不要乱喷，一般只有少数对分数自认为没达到理想高度的同学会特地找来查老师乱喷，不要给后来的同学造成误解～老师很好，放心选，所有的课都是自己先付出才能要求理想回报(❁´◡`❁)*✲ﾟ*
79117,1332,郭继强,2018-05-23 10:07:09,1,6,5,是魔鬼吗
79249,1332,郭继强,2018-05-29 00:36:07,1,5,4,是魔鬼
79998,1332,郭继强,2018-06-19 02:41:07,5,10,5,老师是很重视学生的各方面的知识的人，所以会希望大家在本科阶段能够多涉猎一些书籍，作为大课来说可能确实不“水”，但仔细听他讲的内容和他对展示的点评，会发现确实是一个认真负责的老师
80390,1332,郭继强,2018-06-26 03:12:55,0,6,6,是魔鬼吧
80461,1332,郭继强,2018-06-27 00:57:09,4,11,7,不懂引导不懂沟通不懂尊重 从他不断打断学生展示抢着讲话就可见一斑了吧 上课方式就像一种专门要整你们的感觉 初衷不坏但真的令人难受
81409,1332,郭继强,2018-07-05 04:12:26,7,14,7,老师很可爱！也很负责！也知道很多东西！超棒！
82448,1332,郭继强,2018-07-08 08:16:01,7,8,1,越复习越难过
83410,1332,郭继强,2018-07-10 08:36:46,1,2,1,。。。
83432,1332,郭继强,2018-07-10 09:29:09,-4,3,7,课水又绩杀
83619,1332,郭继强,2018-07-11 00:01:17,0,2,2,给分还可以，不过上课讲的内容比较有限，启发式教学。\n\nitp经济学
84603,1332,郭继强,2018-07-13 09:34:11,4,6,2,老师很喜欢讲一些课外的东西，但是考试主要还是一些书上和阅读文献的内容，个人认为如果可以在答题时有作图说明会比较好哦
85624,1332,郭继强,2018-07-22 12:52:10,11,18,7,郭老师的学术水平非常令人崇敬，我课后跟郭老师讨论问题，郭老师指出我几点不足，当时还不觉得有什么精彩，回去仔细想过才发现郭老师准确切中研究的难点和关键点，瞬间感觉郭老师是学术界的神枪手。老师的启发式教学很考验大家的时间投入，而且我投入越多时间下去，越觉得经济学非常精彩。但是——我绩点依旧很低、很低。。。（吐舌头）作为大师会有高要求吧
107340,1332,郭继强,2019-05-04 05:39:38,0,1,1,我觉得非常棒
113456,1332,郭继强,2019-07-06 17:33:48,0,3,3,启发式教学 认真负责！itp经济学
114593,1332,郭继强,2019-07-10 23:39:41,2,2,0,给分是真的低
115307,1332,郭继强,2019-07-18 07:52:12,1,2,1,就是平时不讲书上的内容 然后事情很多 但老师非常有深度…
123916,1332,郭继强,2020-06-16 07:51:13,2,3,1,不习惯这个老师的上课方式
129486,1332,郭继强,2021-01-06 06:50:01,7,8,1,老师讲课很难抓到重点
136911,1332,郭继强,2021-06-28 06:26:29,30,33,3,任何一个老师，如果给分低，那么一定是有理由的。作为学生评分，更多考虑的不是老师的科研能力、人品等，至少会衡量老师授课能力、课堂水不水、给分如何等原因。如果一个老师最终评分只有五点几，一般还是有问题的。
139699,1332,郭继强,2021-07-20 09:41:37,0,1,1,出分好慢啊。。十多天了
140045,1332,郭继强,2021-08-24 04:11:18,0,0,0,老师上课方式真的很奇怪
151909,1332,郭继强,2022-03-20 10:59:32,1,1,0,连逻辑都不能自洽。有没有一种可能，他是发自内心地相信他的西方经济学
158766,1332,郭继强,2022-07-02 02:42:41,10,12,2,ITP的经济学，体验很不好。上课很没有体系，老师说话还有吐字不清，参考书目一堆，考试还是闭卷的。给分奇差，还卡绩。感恩经济学，磨灭了我对ITP最后的一丝热情。
158777,1332,郭继强,2022-07-02 04:01:32,6,7,1,郭老师上课体验极差 对学生很不负责 作业一堆 给分乱给 一片绩点3左右甚至有2.4的 考完试后直接人间蒸发对学生意见不管不顾 itp的老师和课就这么垃圾吗?
158781,1332,郭继强,2022-07-02 05:56:37,3,6,3,经济学，说实话我是不服的。这课我学到的东西全是来自于自己看书，老师不仅没有给到我知识还用了一种让我摸不着头脑的方法judge了我的学习成果，嘿嘿
170351,1332,郭继强,2023-03-03 04:24:39,4,7,3,老师真的是博闻强识啊，知识储备惊到我了，拓展性的东西和推荐书目很多，很能开拓眼界。而且讲课虽然乍一听东一点西一点，但是仔细想想其实都是围绕一点展开，蛮有逻辑的。对于本不太追求绩点能听到好玩的课就阿弥陀佛的小渣渣来说，还是很不错的听课体验。
171143,1332,郭继强,2023-03-17 02:44:52,4,5,1,讲课令人摸不着头脑，感觉听了=白听
172197,1332,郭继强,2023-04-21 14:26:39,3,3,0,本以为是我没有认真听课，结果是很后悔认真听课了
173250,1332,郭继强,2023-05-17 00:47:12,0,0,0,。。。
177071,1332,郭继强,2023-07-01 13:50:08,3,4,1,郭老师授课方式有些偏西方：抛出一个问题，让同学们自己思索答案。对于长期接受应试教育的我来说确实有些难以接受。虽然上课很无聊，像坐牢，但平心而论，可以看出郭老师对中国经济发展是有很多自己的思考和见解的，这学期也在老师的半“push”下看了很多专业相关的优秀书籍。考试的话着重看老师画的重点就好了，大部分都能覆盖到。
177076,1332,郭继强,2023-07-01 14:31:13,4,5,1,出分了，小评一下\n\n刚刚开始确实被查老师有点吓到了，上课老师不怎么用书，考的也不完全是书，感觉难抓到重点，但课挺有意思的，老师人也很好很认真负责，一学期下来虽然前面没怎么认真听但也确实让我这种不闻窗外事的人对中国当下有了更好的了解而非延续李嘉图恶习
177124,1332,郭继强,2023-07-01 23:05:02,0,1,1,不点名，一次展示，水过去绩点也不错，其实还行
177150,1332,郭继强,2023-07-02 02:01:55,0,1,1,老师上课对于书本的知识不太强调，更加强调对于知识的扩展和对现实问题的考虑，所以初听可能会觉得有一些分散，但是确实可以学到一些和公共经济学有关的知识。在期末最后两节课老师会划重点，考试内容大概就是这些，只要回去结合老师之前讲的内容好好准备即可，最后的成绩也会不错。
177297,1332,郭继强,2023-07-02 17:58:10,0,2,2,给分好的。
178364,1332,郭继强,2023-07-11 02:42:12,2,5,3,ITP的经济学\n\n比去年情况好了不少，期末考题大部分内容取自曼昆的经济学原理\n\n老师还是很好沟通的，上课很多观点也蛮有启发性\n\n个人认为好好读一遍经济学原理期末考试应该不成问题（去年可能是大家复习没到位导致的考试分数较低
178701,1332,郭继强,2023-07-18 14:53:41,-2,1,3,好！！
185213,1332,郭继强,2023-12-27 05:54:10,1,5,4,拉一拉均分，哪有这么差啊。郭老师自身学术水平是很高的，就是对本科生要求太高了，劳经上课总是打开一篇准备好的实证论文开始解读，反而比较轻视对课程主线知识的深入讲解，不过期末会划重点，考试题目全部都是重点里面出的，只要模型都掌握完全没问题，期末认真准备给分挺好的。
190338,1332,郭继强,2024-02-28 08:01:08,3,5,2,郭老师给分好低哦
191063,1332,郭继强,2024-03-31 11:39:37,1,4,3,温文尔雅的老师
191278,1332,郭继强,2024-04-16 11:08:29,-4,2,6,很认真，不懂查老师上分为什么这么低
195907,1332,郭继强,2024-06-30 19:34:56,5,5,0,微甲，给分真低到离谱，，，
195921,1332,郭继强,2024-07-01 01:17:53,9,10,1,上课讲的一坨，期末还得自己从头看，柠檬什么时候熟，给分烂，被骂似是活该
195937,1332,郭继强,2024-07-01 02:03:33,4,4,0,微经，寄了
195993,1332,郭继强,2024-07-01 04:35:49,7,8,1,初衷不坏但是给分极差，表达能力也极差，不知道在讲什么东西。
195994,1332,郭继强,2024-07-01 04:37:38,1,2,1,上郭老师的课要求有极强的自学能力
196136,1332,郭继强,2024-07-01 23:36:13,5,5,0,给分非常差、上课作业布置不清不楚
196683,1332,郭继强,2024-07-04 17:41:44,0,1,1,讲课比较模糊，难以跟随进度，主要靠自学最后还可以，需要额外多看很多书
197048,1332,郭继强,2024-07-07 02:20:56,5,7,2,讲课不知所云，给分烂，几乎每节课都点名而且大部分时候是纸质签到...期末周钉钉问问题一个礼拜都快考试了才回，问了三个问题只回了一个，放弃沟通了已经...人其实不错，但是真不是个好老师
199383,1332,郭继强,2024-09-22 14:17:29,2,3,1,讲课没有逻辑 完全脱离教材 全靠自学。上课中间签到
212305,1332,郭继强,2025-01-14 01:12:51,13,14,1,非常差，讲课也不知所云，给分更是一坨
212308,1332,郭继强,2025-01-14 01:16:24,12,13,1,纯nt老师，真的，赶快跑，总评至少比其他平行班少10分。
212314,1332,郭继强,2025-01-14 08:11:38,16,18,2,纱布老师所有题都答出来了，只是不太准确给了2开头，是人啊，快跑。\n\n经院李际军。您就是彼阳的晚逸，初升的东曦。\n\n小朋友们不要被这个网站上的成绩骗了，上这个纱布的课默认只有一半平时分
212319,1332,郭继强,2025-01-14 01:30:11,6,7,1,给分真的烂
212320,1332,郭继强,2025-01-14 02:03:09,7,8,1,烂，别选
212332,1332,郭继强,2025-01-14 01:37:06,9,12,3,公示平时分和期末成绩！！！我倒要看看坐了一个学期前排，几乎每节课回答问题，期末考题目全做出来（虽然没有全对，但是不可能tm只有六十多吧），最后总评只有3.6是怎么算的！
212353,1332,郭继强,2025-01-14 02:03:28,-5,5,10,老师的学术水平很高，对于相关问题重要论文都记得很清楚，注重启发学生思考和将经济学联系我国经济现实，推荐了很多参考资料供学生进一步学习。
212400,1332,郭继强,2025-01-14 03:04:29,7,9,2,有些课出分低是我问题，但是这次微经我是不知道这个老师怎么能给这么低的分数，基本都做出来了还能给个2开的绩点，上课体验也是依托，基本靠自学，如果你也是在选跨专业地时候看到只有这个老师还有多的名额，快跑
212413,1332,郭继强,2025-01-14 03:18:59,4,6,2,沙避 脑子里装的是史 上课不知所云天天点名叫学生上去讲题 自己结结巴巴用个别人的ppt还声明好几次 给分一坨答辩 学一个学期2.7我超市你的穆
212425,1332,郭继强,2025-01-14 03:47:21,1,2,1,讲课不咋滴，给分还烂，别选，避雷
212426,1332,郭继强,2025-01-14 03:49:37,2,3,1,老师给分尤其低，相比别的平行班尤其低，避雷避雷，上课PPT讲不清楚只会让学生上去讲题，别选
212435,1332,郭继强,2025-01-14 04:05:43,3,4,1,这是真垃圾，期末基本都做出来了给了个2.7，直接给我均绩拉低0.06，上课也是依托，根本就不知道布置作业和上传ppt，这个班的人都被他毁了
212569,1332,郭继强,2025-01-14 08:10:41,0,1,1,这老登咋又祸害了一届学生T⊥T
212669,1332,郭继强,2025-01-14 11:50:09,0,0,0,给分太差了说实话，看同期其他几条评论就知道了
213733,1332,郭继强,2025-01-19 10:32:56,1,1,0,第二次上他的课就退课了！讲课毫无逻辑，脱离教材，上课中间签到。
216519,1332,郭继强,2025-03-18 02:53:37,2,2,0,心情不好回来看看
220528,1332,郭继强,2025-06-18 11:33:15,0,0,0,同学们 写个资政报告给我
221374,1332,郭继强,2025-06-23 06:32:21,1,1,0,大哥我就是个臭学工科的，辅修里面要求修读经济学应该是浅尝辄止吧，你还真想着我一个学期把经济学大学四年的课学明白啊，期末占比百分之六十平时分也不知道能剩几分、、
18214,1364,苗青,2016-01-21 09:34:18,-1,13,14,实践性强
24876,1364,苗青,2016-05-04 06:19:51,8,14,6,总是要出去调研
31822,1364,苗青,2016-07-05 03:15:23,6,14,8,没考试，但平时事多，还不如考试
31968,1364,苗青,2019-10-27 14:57:48,10,26,16,这个老师重男轻女，有点不尊重学生，给分极其不公平
51208,1364,苗青,2017-09-09 04:34:30,8,22,14,一点都不尊重学生，不会好好说话。不经历别人的人生有什么资格轻易评判？
59771,1364,苗青,2017-09-27 01:58:38,12,23,11,不懂得尊重人的吗？是教授就优越吗？
60577,1364,苗青,2017-10-24 09:15:09,9,18,9,看到大家都骂他我就放心了
61795,1364,苗青,2019-10-27 14:55:34,8,16,8,最基本的尊重不会吗？嘴上说的很厉害，事情发生在您身上也能那么云淡风轻吗？
66425,1364,苗青,2018-01-16 08:31:33,8,16,8,不知道为什么会有这样的教授。。瞎了眼了
75017,1364,苗青,2018-03-07 04:04:56,10,19,9,天知道为什么会有这样的教授啊？浙大竟然有这样的考试，震惊。
77127,1364,苗青,2019-10-02 08:14:59,8,18,10,震惊！浙大竟然有这样的教授！无以言表的惊讶，为什么学校要聘请这样的老师。
77573,1364,苗青,2018-05-06 14:42:07,5,13,8,事情又多又麻烦，。。。。。
77645,1364,苗青,2018-05-07 04:55:59,3,12,9,作业太麻烦了吧……主要不知道意义是什么
78191,1364,苗青,2018-05-10 02:13:38,2,14,12,上课还蛮有意思的。展示调研很多，喜欢judge别人，比较自以为是。。
79614,1364,苗青,2018-06-11 12:00:26,2,13,11,没有零分吗？对我浙的这个老师失望到极点，没有什么素质，竟然还有四点几？
80462,1364,苗青,2018-06-27 01:02:43,4,11,7,还挺好的啊…
83162,1364,苗青,2018-07-10 00:39:22,2,10,8,给分不太好事多还没素质
86443,1364,苗青,2018-09-16 08:08:00,5,11,6,超级不好，竟然没有零分？还有四点几的评分？狂妄自大还事多不尊重人。
91380,1364,苗青,2018-12-07 07:36:59,7,14,7,对学生没素质，对领导一脸奴相
109131,1364,苗青,2019-06-09 14:19:52,2,11,9,好浮夸的课
109132,1364,苗青,2019-06-09 14:21:03,4,12,8,好浮夸的人
113376,1364,苗青,2019-10-30 14:01:45,5,19,14,苗老师人超级好，课程也是干货满满！
113382,1364,苗青,2019-07-06 13:36:06,8,21,13,综合上课 考评和给分 老师还挺不错
115676,1364,苗青,2019-08-18 01:42:06,2,5,3,………
117449,1364,苗青,2019-09-24 12:07:44,5,14,9,老师讲的课很生动，对我的触动很大。老师对学生严苛一些也有利于学生的进步，有个性的老师才更有利于思想碰撞出火花，希望老师再接再厉，我就只能帮你到这了。
117808,1364,苗青,2019-10-02 08:23:05,5,13,8,老师人很好沟通，对同学很好。讲课不是一味地理论堆积，是案例化教学。值得推荐！！好评10分！！
117812,1364,苗青,2019-10-02 09:09:40,5,14,9,老师有点刀子嘴豆腐心，给分很好，案例教学还有调研，社会科学还是要在实践中学才能深刻理解，推荐！
117885,1364,苗青,2019-10-07 23:52:20,7,14,7,从课程而言，与学生的校园生活并不一致，但是打开了一扇了解社会的窗口
117886,1364,苗青,2019-10-08 00:35:37,6,14,8,谈吐幽默，万世师表
117887,1364,苗青,2019-10-08 00:40:11,5,12,7,特别亲和的老师，上课干货满满，深入浅出。社会调查讲的很细致，对课题研究有全面深刻的体验。良师益友，收获匪浅！
117894,1364,苗青,2019-10-08 06:34:47,6,11,5,苗老师人很好der
117895,1364,苗青,2019-10-08 06:34:48,6,11,5,很有趣，老师也很幽默。
117896,1364,苗青,2019-10-08 06:35:13,3,9,6,老师人很好的，很关心同学的生活
117897,1364,苗青,2019-10-08 06:35:39,4,9,5,教了很多全新的思维模式 醍醐灌顶
117898,1364,苗青,2019-10-08 06:36:58,0,3,3,没啥好的也没啥不好的\n\n
117899,1364,苗青,2019-10-08 06:37:27,4,9,5,给分很好呀！讲课很有趣，对学生仁慈  么么啾
117900,1364,苗青,2019-10-08 06:38:42,0,4,4,事不多
118486,1364,苗青,2019-10-27 14:50:40,2,4,2,好老师，真心喜欢
118488,1364,苗青,2019-10-27 14:48:52,3,7,4,nice，全小组一起满绩的感觉也太爽了吧*\(^o^)/*
118489,1364,苗青,2019-10-27 14:49:31,2,6,4,有趣，给分好
118490,1364,苗青,2019-10-27 14:49:49,0,4,4,还行吧，眼睛好大
118491,1364,苗青,2019-10-27 14:50:02,2,6,4,老师上课很有热情，不拘泥于课本，跟同学玩得很开！（小声bb 给分也超nice）
118492,1364,苗青,2019-10-27 14:50:11,4,7,3,老师人超好的\n\n鼓励式教学！\n\n受益匪浅！
118493,1364,苗青,2019-10-27 14:50:13,-3,3,6,还行叭
118494,1364,苗青,2019-10-27 14:54:32,2,4,2,老师人超好der相处无隔阂，平时生活的小困扰也乐于提供建议
118495,1364,苗青,2019-10-27 14:52:17,1,3,2,和学生互动很多，挺好的老师
118497,1364,苗青,2019-10-27 14:57:14,0,3,3,苗老师超好(✪▽✪)
118498,1364,苗青,2019-10-27 14:53:43,-3,2,5,还行吧
118499,1364,苗青,2019-10-27 14:55:27,3,6,3,这老师上课不仅不挣钱，还倒贴了几千给学生，从这点我觉得这老师真的在认真想做点事。
118500,1364,苗青,2019-10-27 14:57:00,2,4,2,苗老师超级幽默，上课也很有激情！
118501,1364,苗青,2019-10-27 14:59:40,1,4,3,轻松愉快，理论与实践相结合，满满的收获感!
118502,1364,苗青,2019-10-27 15:00:00,2,5,3,苗青老师还是挺好的\n\n上课很轻松\n\n给分也很好\n\n还爱发红包
118503,1364,苗青,2019-10-27 15:02:25,2,5,3,老师很棒哦！
118504,1364,苗青,2019-10-27 15:02:50,2,4,2,老师人超级好，上课总会鼓励我们发散思维，多方位的去想问题！而且开心的时候就会在群里发红包！\n\n中午吃饭也会约同学一起，聊聊人生谈谈课上的项目，一级赞！
118505,1364,苗青,2019-10-27 15:09:31,0,3,3,很优秀的老师，教了一些课本学不到的思维方法，整合社会资源创新模式
118515,1364,苗青,2019-10-31 23:03:12,-4,1,5,良师益友！苗老师上课案例分析多，很实用
118646,1364,苗青,2019-10-30 03:45:14,21,26,5,挺垃圾的，还让学生帮忙刷查老师评分，原来只有三分的。
118647,1364,苗青,2019-10-30 03:56:05,3,5,2,无语了
118730,1364,苗青,2019-10-31 10:18:42,-4,1,5,讲的太好了特别详细
118731,1364,苗青,2019-10-31 10:35:07,-4,1,5,讲课特别认真，同学们也特别爱听。
118732,1364,苗青,2019-10-31 10:35:21,-3,2,5,很喜欢上苗老师的课。很好！
118733,1364,苗青,2019-10-31 10:38:21,-4,1,5,老师讲的挺好，同学们特别爱听
118734,1364,苗青,2019-10-31 10:41:32,-3,1,4,苗老师讲课，好听棒棒哒么么哒
118735,1364,苗青,2019-10-31 10:46:16,-3,1,4,好的好的
118736,1364,苗青,2019-10-31 10:48:00,-3,1,4,老师课上的很好，大家都非常喜欢
118738,1364,苗青,2019-10-31 10:57:30,0,2,2,老师讲课特别认真，孩子们越听越喜欢听老师讲课也有了学习的兴趣
118739,1364,苗青,2019-10-31 10:56:30,-4,1,5,老师人很好，课上的也好。
118740,1364,苗青,2019-10-31 11:03:13,-4,1,5,老师教学质量好，工作认真。
118741,1364,苗青,2019-10-31 11:25:18,-1,2,3,人挺好的，上课认真
118742,1364,苗青,2019-10-31 11:03:39,-3,1,4,这是一名负责的老师感恩我能遇见这么好的老师
118743,1364,苗青,2019-10-31 10:59:36,-1,2,3,课讲的非常好，丝丝入扣把大家带进去，大家很舒服的上课。
118744,1364,苗青,2019-10-31 11:00:30,-3,2,5,通俗易懂，风俗幽默，最重要的是有亲和力，让人觉得很想接近，上课时并不觉得听的是课程，就像是朋友在聊天！
118745,1364,苗青,2019-10-31 11:05:29,-3,1,4,讲课非常好，有真才实学
118746,1364,苗青,2019-10-31 11:13:54,-4,1,5,苗老师讲课特别容易让人理解
118747,1364,苗青,2019-10-31 11:08:37,-4,1,5,老师很有责任心，人也比较容易相处
118748,1364,苗青,2019-10-31 11:13:30,-4,1,5,老师是最好的
118749,1364,苗青,2019-10-31 11:26:28,-3,1,4,好老师我稀罕
118750,1364,苗青,2019-10-31 11:27:39,-3,1,4,老师比较好
118751,1364,苗青,2019-10-31 11:30:12,-3,2,5,老师特别好，讲课认真，明了清晰
118753,1364,苗青,2019-10-31 11:32:12,-3,2,5,老师比较好
118754,1364,苗青,2019-10-31 11:46:21,-3,1,4,\n\n感觉非常好
118757,1364,苗青,2019-10-31 12:07:02,-3,2,5,特别喜欢上老师的课，学生特别喜欢您！
118760,1364,苗青,2019-10-31 12:49:54,-3,1,4,老师上课非常认真。学生接受很快。讲的好。么么哒么么哒
143393,1364,苗青,2021-11-25 03:10:54,-3,0,3,苗老师上课很有趣，课堂上也很放松，认真听会有很多收获的。上课也不点名，给分也不错
143563,1364,苗青,2021-11-27 05:21:21,2,3,1,卡绩了...
152097,1364,苗青,2022-03-25 23:06:33,2,3,1,Low
159543,1364,苗青,2022-08-08 08:04:21,0,0,0,通天塔
160226,1364,苗青,2022-09-15 11:02:29,0,0,0,。。。
161297,1364,苗青,2022-11-04 02:56:57,11,11,0,这老师雇人刷分，原来只有三分，2019.10.27-31疯狂找水军，笑了
161301,1364,苗青,2022-11-04 02:58:28,5,6,1,3分的老师为了评先进，硬是找搞学生工作的老师帮忙找人刷到了9分，2019.10.27-31
177851,1364,苗青,2023-07-05 04:37:46,-3,0,3,实用，有价值
181405,1364,苗青,2023-10-17 03:58:33,1,2,1,无语了
190383,1364,苗青,2024-02-29 04:23:47,1,2,1,以物易物，以分换分
195021,1364,苗青,2024-06-26 10:41:30,0,2,2,给分确实好
195065,1364,苗青,2024-06-26 15:37:12,-1,0,1,教的两门必修都给的很好，而且事情确实少，作为水课很合格。
199559,1364,苗青,2024-09-25 10:56:11,8,8,0,完了孩子们快跑是公益慈善，24年这课老师讲故事讲得头脑一热直接安排我们组织慈善活动作为期中考试了（须用视频记录并展示），难度不亚于今天学走路，明天开飞机，对i人来说纯纯地狱模式
199654,1364,苗青,2024-09-27 03:16:48,0,1,1,上课浮夸死了，不知道搞什么东西，事情倒是挺少的确实水，但是建议除了水课不要有过多接触
200147,1364,苗青,2024-10-14 03:12:56,0,1,1,真不知道有什么好装的
201312,1364,苗青,2024-10-31 12:24:21,0,0,0,课程作业到底是什么？
209116,1364,苗青,2025-01-04 14:08:17,2,3,1,抽象大王呵呵呵呵。。。每天早退，期末让大家ai写答案，最脑抽的安排是这个大水课竟然还是主修。。。
209551,1364,苗青,2025-01-06 08:40:26,-1,0,1,水课挺好的，不给大家增加负担，但不知道老师怎么评成绩的
216377,1364,苗青,2025-03-15 01:53:32,0,0,0,任务不多给分好，不为难自己也不为难学生，也是种方法吧...
216689,1364,苗青,2025-03-21 04:23:11,2,2,0,苗老师提倡让大学生，老人可以去做公益，利于减少抑郁，这一点老师还是不错的，实打实做公益，热爱公益
219131,1364,苗青,2025-05-22 04:21:14,0,1,1,谢谢老师
219922,1364,苗青,2025-06-11 06:57:28,0,1,1,很好的老师！
7668,1375,连连,2015-09-15 08:13:07,1,11,10,上课内容非常有趣，不像有些老学究讲的全是理论知识点，非常贴合现实。而且人很好，容易相处
9284,1375,连连,2015-10-20 04:06:43,2,7,5,上过连连老师的社会学和文化社会学记得有一次课在中秋节前 连老师带着几大盒鲜肉月饼来了 每人3个 哈哈
10187,1375,连连,2015-11-17 08:43:35,-3,3,6,讲课挺好的
10640,1375,连连,2016-06-26 17:50:59,5,15,10,循循然善诱人，博我以文，约我以礼。再加一个，给分好。
10660,1375,连连,2015-11-21 16:44:24,3,6,3,给分还好啊，谁说给分不好的
13645,1375,连连,2015-12-30 08:02:27,-1,8,9,很博学 很和善 而且思想非常前沿 真正能学到东西 每次讲完课大家都鼓掌 真羡慕社会学专业的同学能有这样的好老师当导师
26216,1375,连连,2016-06-16 09:30:33,3,10,7,今天就要上她最后一节课了。\n\n欢迎各个专业的同学来把她的课上成通识课，反正作为社会学系的学生我只想说两个字，差评！\n\n不说了，吃饭。
26222,1375,连连,2016-06-16 09:55:19,7,12,5,教马原估计还行，教社会学勉强能听，中国社会思想史……此课只应天上有！
26944,1375,连连,2016-06-23 15:50:20,1,6,5,没有觉得老师是鸡汤派，很有想法的一个老师，觉得老师是鸡汤派的自己怎么不反省一下有没有认真听完和思考，别为了那点绩点的利益没得到就去喷一个好老师。
26973,1375,连连,2016-06-22 03:13:49,3,6,3,请喝下每节课的一大碗毒鸡汤╭(°A°`)╮
27180,1375,连连,2016-06-23 12:35:02,4,6,2,人是真好，至于上课……已经超出我语言表达能力……
27187,1375,连连,2016-06-25 15:16:32,13,23,10,不好意思。有些想给连连洗白的我只想呵呵……我们作为交钱来上课的，是想满足自己知识的迫切和匮乏感的，连连这种教史纲马原出身的人就不要给社会学添乱了好吗？社会学不是你一口一个我们社会学和社会化的内涵，社会学没这么肤浅鸡汤（况且这鸡汤还是兑水和劣质鸡精的），当然有些同学听不懂社会学其他老师的课就觉得连连接地气我也无言以对，品味问题……连连一生黑，这种人都能当社会学副系主任，呵呵，浙大社会学系这么多年得不到发展大概都是因为学生愚钝，不懂雅斯贝尔斯和马克思主义中国化……
31342,1375,连连,2016-07-03 16:39:38,5,7,2,人文类，作为个性学分修的中国社会思想史，有点失望。点名都在，论文算是中规中矩认真写的，打了4，我也不知道她算给分好不好。想听社会学的，想听中国古典知识的，特别是人文大类的学生，真心不推荐。如果你想水，那当然OK，不过有不定期点名。
31358,1375,连连,2016-07-03 17:15:40,10,14,4,社会学本专业学生，上的中国社会思想史，一学期下来最大的收获是深入了解了将专业核心课程改造成通识课的具体实行方式。全过程讲课难成体系东拉西扯四处引用见早起来的纸糊大厦，到最后期末论文题目是历史发展进程中思想与社会的关系这种妙不可言的命题作文。真乃神课也。不过最令我感到困惑的还是最后绩点连平均分都不够。欢迎社会学专业以外的大家尽情攻陷本课程来感受浙大之世界一流名校风范，个性学分的不二选择，装逼利器，值得拥有。
61165,1375,连连,2017-11-09 12:55:08,5,6,1,老师人还不错..但是上课实在..怎么这么能把课上的这么没意思又长啊...
192238,1375,连连,2024-05-13 00:46:13,4,4,0,不懂以前的评论（？ 这学期上了文化社会学，老师本身在这一方面十分专业且了解颇深；在对小组展示的评价和提问中也可以看出老师的敏锐。因为看了之前的评价把它当水课上了，小组展示也没有特别精心准备，但老师给我的提问依旧对我有很强的启发性。\n\n最后老师对论文的要求和评分也很认真。给分也竟然不错。某种意义上是既可以水又值得认真学，给分还好的好课了。
192247,1375,连连,2024-05-13 02:41:17,4,4,0,（文化社会学）连老师对待教学很认真，人也很温柔和蔼，对同学很包容（体现在虽然是小组展示，但是还是包容了个别同学单独讲的意愿）。上课准备了很多文本材料；对待每个展示都有点评和提问，而且明显不是敷衍，而是平等的对话和交流；对论文的问题也专门在钉群里指出，还专门私聊了我个人论文存在的问题，给予了鼓励和指导，非常令人感动。\n\n如果说缺点的话，可能在于PPT内容比较简练，老师大部分的论述都是基于课堂上对文本的解读和论述，而没有体现在课件里。这大概也是以往评论里所说的“东拉西扯”的根源。可能对于习惯于上课听讲的同学而言这不算很致命的缺点。\n\n课程任务是一次小组课堂展示+一次期末课程作业，课程中有数字点名。认真对待最终的给分大概不会差。当然老师对作业质量还是有辨识的，因此随便水出高分应该也是不太容易的。
192265,1375,连连,2024-05-13 06:54:03,4,4,0,其实老师挺好的，对待上课、展示和作业都很认真。跟系里其他年轻海归老师相比上课可能比较平淡，内容也不算前沿，但认真听还是能学东西的。
192985,1375,连连,2024-06-01 16:07:05,4,4,0,课水分低...
214022,1375,连连,2025-01-23 03:47:03,0,0,0,讲课内容确实很无聊 但是人很好 中国社会思想史每个人还送两本书 也很认真 给分也不错
30614,1426,傅荣校,2016-07-02 05:07:02,11,14,3,绩点杀手
40102,1426,傅荣校,2016-12-29 07:27:13,-16,11,27,有学识的老师
57365,1426,傅荣校,2017-07-07 04:22:08,10,13,3,实在是无语，辛辛苦苦做了那么多事情到头来居然是这么低的分数
75700,1426,傅荣校,2018-03-15 07:34:23,14,20,6,跟在北京坐出租车一样
75794,1426,傅荣校,2018-07-11 10:14:53,24,40,16,傻逼老师，上课不知所云。\n\n
76501,1426,傅荣校,2018-04-11 15:22:55,25,34,9,很无聊 要求还巨多 呵呵了
78944,1426,傅荣校,2018-05-17 08:01:19,17,23,6,终极恐怖，要求贼高！
80419,1426,傅荣校,2018-07-11 10:15:14,26,30,4,真的自以为是 有什么好吹的\n\n夕阳产业夕阳红老师\n\n拜拜了您\n\n\n\n可别搞笑了
80427,1426,傅荣校,2018-06-26 11:12:43,2,7,5,芙蓉芙蓉 温馨又从容（微笑
88479,1426,傅荣校,2018-10-31 07:26:30,2,5,3,无聊死要求多
91110,1426,傅荣校,2018-11-30 06:28:15,-15,4,19,学识丰富，讲课风趣，要求很高！
91448,1426,傅荣校,2018-12-10 12:15:48,-24,7,31,有思想有高度，可爱博学的老师！赞赞赞！！??
105144,1426,傅荣校,2019-04-04 10:36:47,14,14,0,整堂课不讲课讲自己私事，考试题还乱出，垃圾中的战斗机！
105397,1426,傅荣校,2019-04-11 14:11:49,5,6,1,只能呵呵了
111392,1426,傅荣校,2019-07-01 06:02:44,0,0,0,，，，
111625,1426,傅荣校,2019-07-02 08:44:39,7,9,2,真想扇这傻逼玩意几巴掌
112711,1426,傅荣校,2019-07-05 01:00:55,17,23,6,老师考试不画重点，所以给学弟学妹说说考试题回忆版。名词解释6个30分:电子政务，电子化管理，政府流程再造，互联网＋政务服务，电子政务项目，电子政务建设总体框架  简答题（从学生出的题中抽取）:3个30分:发达国家电子政务的共性，电子政务建设如何配套治理体系与治理能力现代化，条块分割及其治理。论述题2个40分:我国电子政务的建设现状与方向，还有一个不记得了。
113173,1426,傅荣校,2019-07-06 01:04:42,6,6,0,太难熬的四节课了，感觉完全没学到什么东西
113289,1426,傅荣校,2019-07-06 04:02:03,2,3,1,服，老师迷助教也迷，如果不是必修，emmmm\n\n顺便拉黑一波16信管某些同学\n\n如果你适应能力超强，且有时间有耐心，\n\n同时有抄a4纸的偏好，\n\n欢迎选择
113325,1426,傅荣校,2019-07-06 06:53:23,5,6,1,老师备课备的还是挺好的，所以1分还是要给的。其他方面嘛……就不说了
114544,1426,傅荣校,2019-07-10 14:15:23,11,11,0,傻X一个
119963,1426,傅荣校,2019-11-17 02:16:57,9,11,2,毫无逻辑 自己不授课 只听学生讲 那需要你干嘛？？？
119968,1426,傅荣校,2019-11-17 02:28:05,6,6,0,第一次遇到以体罚来威胁学生的老师
121079,1426,傅荣校,2020-01-19 13:12:43,0,3,3,档案学基础，一次期中作业一次文献翻译一次课堂测验，认真做的话分数不会差。
129127,1426,傅荣校,2020-12-30 08:32:25,-25,4,29,学业上的严师、生活中的慈父，浙大这位老师赢得无数师生点赞！\n\nhttps://mp.weixin.qq.com/s/C6lm6d4XbNIJqqsXvcdKBA\n\n浙江大学第十届“三育人”教书育人标兵
141643,1426,傅荣校,2021-10-19 01:21:55,6,6,0,劝退~
152463,1426,傅荣校,2022-04-12 08:22:10,13,13,0,没有干货，讲课东拉西扯讲不到点子上，学生展示提一堆反对意见，却从不示范该怎么做，就这还“教书育人标兵”？
154195,1426,傅荣校,2022-06-11 12:58:20,13,14,1,这B也能有1.89分？真是都侮辱这1.89分了
154674,1426,傅荣校,2022-06-03 07:26:55,12,12,0,为什么TNND为什么没有0分，快退休吧您，鳄梨把心的。他儿子在美国竟然会TNND做饭，老父亲欣慰到流泪！“你们会做饭吗？”“你以为我们都和您一样人上人吗？”
154965,1426,傅荣校,2022-06-07 07:00:19,7,8,1,懂的都懂只能说，别祸害学生了
156709,1426,傅荣校,2022-06-20 17:05:43,11,12,1,每日三叹\n\n您什么时候退休\n\n电子政务什么时候停开\n\n系里什么时候能摆脱以元老自居的人的阴影...
158356,1426,傅荣校,2022-06-28 15:56:42,3,4,1,去死吧尼玛
159892,1426,傅荣校,2022-09-08 04:13:14,-3,0,3,还行吧
173302,1426,傅荣校,2023-05-25 07:44:17,1,2,1,求求大家不要选，求求了。作业多到爆炸，两轮展示，论文，小组报告。上课不知所云，讲的东西早就被淘汰了，就喜欢炫耀自己多牛，儿子还上北大。个性自大又爹味儿，求求了，不要选!!!!!!
176537,1426,傅荣校,2023-06-29 08:28:49,3,3,0,学术水平可以，教书水平不行
176542,1426,傅荣校,2023-06-29 08:29:32,0,0,0,感觉不如方子的讲课水平
191015,1426,傅荣校,2024-03-28 08:06:18,3,4,1,每节课都会点名，上课不知所云，展示要求一堆，同时还要写课程论文，期末半开卷考试，展示要求每次45分钟，任务量巨大，每次只给一个礼拜准备时间，但是他只把这个当小作业看的，所以一个学期展示也不止一次。。。。。我好想死
191732,1426,傅荣校,2024-04-29 07:34:54,10,10,0,啥课能三轮展示？天天展示天天展示
192690,1426,傅荣校,2024-05-28 09:33:56,6,7,1,“你们不配听我上课”
192698,1426,傅荣校,2024-05-28 14:01:21,1,2,1,“75的学分费还是太低了”“你们不配听我上课”
193673,1426,傅荣校,2024-06-15 05:31:30,2,2,0,傻卵。。。。。
193799,1426,傅荣校,2024-06-18 10:37:38,2,2,0,通计一舟，为人五；为窗八；为箬篷，为楫，为炉，为壶，为手卷，为念珠各一；对联、题名并篆文，为字共三十有四。而计其长，曾不盈寸。盖简桃核修狭者为之。嘻，技亦灵怪矣哉！
194084,1426,傅荣校,2024-06-22 02:17:17,0,0,0,电子政务这门课吧，期末考试还是蛮难的
216871,1426,傅荣校,2025-03-27 20:40:43,1,1,0,天呐，一个展示弄了60张PPT，还被骂了一顿，我好冤枉呜呜呜
218272,1426,傅荣校,2025-04-22 09:50:00,1,1,0,真是个好父亲啊，每节课听了不下四五遍你的孩子哈哈哈。
41948,1483,孔小惠,2017-01-13 09:27:53,1,1,0,没有什么
53202,1483,孔小惠,2017-06-26 07:36:18,4,5,1,讲的很细致，但气氛有点尴尬
70404,1483,孔小惠,2018-01-26 14:43:48,1,2,1,老师讲课很有水平，但是可能外专业会听不太懂。
82526,1483,孔小惠,2018-07-08 11:55:41,4,4,0,老师很温柔^ _ ^上课有干货
85141,1483,孔小惠,2018-07-15 16:22:55,2,2,0,孔老师真的超和蔼超好，上课希望和学生有互动上的是欧盟政治虽然不是本专业的学生但还是挺有收获的
136759,1483,孔小惠,2021-06-24 06:07:42,4,4,0,老师讲课很清楚 而且很有学识很有涵养！中国外交唯一让我觉得有收获的老师！！！大惊喜！以后还想选老师的课
138100,1483,孔小惠,2021-07-07 10:18:10,5,5,0,最后四节课是20-21春夏外院中国外交课中最符合我想象中的“中国外交”课的样子的。老师的授课虽然不能说完美，但如果稍微认真学习一下，是可以有所收获的。
150528,1483,孔小惠,2022-01-29 03:02:36,7,7,0,老师很和蔼亲切的，如果有什么问题会解答，会记住每个人的脸和名字，给分也好
166526,1483,孔小惠,2023-01-12 15:31:39,2,3,1,孔老师的课程很有思想和干货，也特别愿意和学生交流，对于年轻人感兴趣的话题也能聊得很自在，偶尔会有天然呆的一面很可爱哈哈哈，但是要注意老师会比较注重到课率和论文质量，不要存在水学分绩点的侥幸心理
184481,1483,孔小惠,2023-12-20 12:05:52,1,1,0,短学期的课，一次问题回答pre+一次文献综述pre+一篇6000字的论文，事情有点多，但是最后给分还可以接受！
185840,1483,孔小惠,2024-01-05 00:28:18,3,4,1,跟着老师上了中国外交和台湾问题研究。老师在这方面的研究很深入，经常能够给人不一样的启发。老师十分平易近人，和同学相处的时候很可爱，虽然偶尔会有一种莫名的“尴尬”，但很乐意和学生交流，也会尽可能记住每一个同学的名字。老师对文献综述和期末论文的要求比较高，所以需要下一定功夫。
212312,1483,孔小惠,2025-01-14 01:19:42,2,2,0,我讨厌你
212339,1483,孔小惠,2025-01-14 01:44:12,2,2,0,课上的真的很好*^_^*但是这门课想拿更高分还是挺难的感觉 而且要求也不算少 短学期需要汇报*读书报告*论文 尤其是论文要求高 70%的课都点名了 所以外专业选之前还是考虑一下自己有没有足够多的时间花在这门课上 并且要接受老师的高要求 给分的话跟我预想的差不多（ ｉ _ ｉ ） 4.5感谢
213791,1483,孔小惠,2025-01-20 02:19:04,2,2,0,老师人非常好！！！教学有干货，认真听可以学到不少东西，打分也超级好！！！！推荐给大家上！！！
1102,1524,余潇枫,2015-03-21 16:10:13,-3,9,12,有活力、激情～
1119,1524,余潇枫,2015-03-21 16:13:25,1,12,11,听君一言、精神抖擞
1669,1524,余潇枫,2015-03-23 07:13:38,1,17,16,不能更赞，很有活力的老师，课堂很有意思
2099,1524,余潇枫,2015-04-01 11:06:25,1,8,7,有激情
6499,1524,余潇枫,2015-07-14 13:02:00,-1,8,9,棒！随时要乘风而去～
6594,1524,余潇枫,2015-07-16 04:19:00,12,22,10,莫名其妙
12339,1524,余潇枫,2015-12-23 04:09:36,-11,2,13,棒棒\n\n
12532,1524,余潇枫,2015-12-23 12:10:04,-6,4,10,非常好的老师
13599,1524,余潇枫,2015-12-30 02:33:17,-3,2,5,哈哈哈哈
17401,1524,余潇枫,2016-01-20 07:29:46,33,46,13,恕我思维愚钝，不能跟老师一起保护宇宙。  作为一门新兴学科，研究范围都没有界定清楚，到头来就是什么都没研究清楚。
17661,1524,余潇枫,2016-01-20 14:58:56,5,10,5,讲得激情，实际上经不起推敲
19502,1524,余潇枫,2016-01-24 12:00:37,8,12,4,一般，完全是看助教因缺斯汀给的分
19946,1524,余潇枫,2016-01-25 15:20:50,4,7,3,嗨 我还是不太适应这种老师
19950,1524,余潇枫,2016-01-25 15:43:01,7,10,3,太无聊，没什么实际内容，没有形成体系。
19952,1524,余潇枫,2016-01-25 15:46:36,9,12,3,不想说什么有关给分的任何东西。
19954,1524,余潇枫,2016-01-25 15:48:56,11,15,4,老师口才不错，助教很坑。给分很差。
20011,1524,余潇枫,2016-01-26 01:51:32,4,10,6,老师好助教负责。给分超级差
20018,1524,余潇枫,2016-01-26 02:10:42,9,12,3,助教呵呵
20025,1524,余潇枫,2016-01-26 02:26:32,20,27,7,老师演技堪比奥斯卡影帝，自己开辟了一个学科，能招揽各方人士来讲课，但是上课没用心，像是来说着玩的，助教水平参差不齐，但是事多。等级打分，呵呵，别太自信哦。
20060,1524,余潇枫,2016-01-26 04:03:10,5,8,3,老师人挺好，助教有好有差，给分绩点最低。迷醉。
20223,1524,余潇枫,2016-01-26 15:04:02,3,6,3,给分呵呵
20287,1524,余潇枫,2016-01-27 02:49:45,12,15,3,除了名头大 能bb 好像也没啥了。一学期下来一头雾水 考场上直接懵逼。4学分等级制 呵呵 大家要三思啊。
20384,1524,余潇枫,2016-01-27 09:35:36,7,11,4,讲课重点不突出，感觉一学期下来什么都学不到，老师太自大了，助教给分很坑…
21567,1524,余潇枫,2016-02-29 08:16:55,2,6,4,确实可以学到一些东西，但是想水也是很容易的。努力程度和给分毫不相关，主要在助教。换句话说，助教不是很负责，给分不合理，平时成绩的量化大写的渣。（但看个热闹还是不错的
21591,1524,余潇枫,2016-02-29 09:07:18,4,6,2,给分超差！憋选！到最后自己理亏！给分真的差哭！
21894,1524,余潇枫,2016-03-01 12:51:15,0,2,2,很棒的老师
21917,1524,余潇枫,2016-03-01 15:37:57,4,6,2,给分极差
22051,1524,余潇枫,2016-03-02 07:48:07,5,7,2,呵呵，没见过这么爱夸自己的老师
23332,1524,余潇枫,2016-03-24 14:14:54,-1,2,3,棒棒棒
23654,1524,余潇枫,2016-04-12 00:59:06,4,6,2,大课非常有意思 余老师简直是个相声演员 每堂课都有笑声 讲的知识又深入浅出 讨论课就比较水 收获比较少 但锅也少 我们小组一整个长学期只做了两次展示  评分是等级制噢
24686,1524,余潇枫,2016-05-03 05:50:26,4,5,1,听了一学期，完全不知道在学什么。没卵用的课，分还tm低\n\n
28597,1524,余潇枫,2017-02-26 14:18:13,2,4,2,就当小品看看好了，形式主义内容空虚，认真修你的专业核心课程吧！要说有什么作用那就是可能让你更自信点
32840,1524,余潇枫,2016-07-17 16:34:09,4,4,0,给分不能再坑
39759,1524,余潇枫,2016-12-27 10:27:15,2,9,7,你们什么逻辑啊，人家教授本身要搞研究，上课只是一部分，你有什么理由要求他每天围着你们转。不要太自负了
51276,1524,余潇枫,2017-05-27 05:29:41,3,3,0,和郑强倒真有点像
53088,1524,余潇枫,2017-06-25 12:54:45,3,5,2,平时还好啦，期末考试背死了(T_T)
56562,1524,余潇枫,2017-07-04 03:42:43,3,3,0,玄学。。。给分真的一言难尽
56564,1524,余潇枫,2017-07-04 03:45:32,4,4,0,分贼低 不过非传安全管理不开了\n\n只谢不挂之恩 尼玛好好学习好好背书 gpa出分后狂掉 上课讲啥完全懵逼 带着蜜汁自信1考试  在微笑中打下gg
56565,1524,余潇枫,2017-07-04 03:46:19,5,5,0,老师讲课热情洋溢，让人听来像搞传销给人洗脑。一本书那么多作者，整本都是文献综述，同一个知识点散落在书的不同地方，真的让人好找。\n\n但是这些都不是重点，重点是学不到实在的东西，而且给分极差。
56567,1524,余潇枫,2017-07-04 03:47:03,10,11,1,上课整天招摇撞骗，讲周易连爻都能画错，讲孔子把孟子的话套到他头上。上课整天吹嘘与什么亨廷顿等学术大牛进行交流，实际上只是人家在拍照时走过他的背景。整天吹嘘自己的和合主义，其实就是抄袭西方国际政治理论，还说自己在中国传统文化中找到了源头。最后给分特别差。看了这么多，我们上的是非传统安全，不是中国传统文化。
56678,1524,余潇枫,2017-07-04 08:46:20,0,0,0,瞎鸡博扯
56714,1524,余潇枫,2017-07-04 11:41:57,5,5,0,老师确实不怎么的，但是感谢善良的助教姐姐王曼妮
78698,1524,余潇枫,2018-05-14 14:16:11,-1,0,1,风趣幽默博学
190867,1524,余潇枫,2024-03-22 09:38:36,2,2,0,求是大讲堂后来打个10分，分10期付款\n\n纯纯是张vv和民科的叠加态
207232,1524,余潇枫,2024-12-23 12:05:00,1,1,0,听余老师的课，仿佛回到了上个世纪七十年代，特别像民科讲课。学是学不到什么的，但是要听他说“zjdx的学生最大的问题就是没有问题”“我这么顶尖的教授给你们讲课大家居然在下面自己做自己的事”等等此类话语，像一场大型的传销会议。傻杯一个
22615,1617,钱雪亚,2016-03-09 01:03:19,8,9,1,上课比较有意思
24784,1617,钱雪亚,2018-04-25 13:53:06,-10,8,18,好大喜功，把本科生当研究生来上，上课像在开一对一教学一样，给分还停留在四分制满绩的观念。 奇坑，专业课老师能这样也是佩服
24798,1617,钱雪亚,2016-05-03 17:02:03,10,14,4,逻辑性强，循循善诱
24823,1617,钱雪亚,2016-05-04 02:13:43,-4,3,7,真心不喜欢，不知道说什么好……
24854,1617,钱雪亚,2016-05-04 05:09:28,-2,0,2,。。。
38583,1617,钱雪亚,2016-12-10 08:30:31,5,5,0,循循善诱，真正好老师！
47210,1617,钱雪亚,2017-01-24 13:49:48,5,5,0,如沐春风，认真负责
48278,1617,钱雪亚,2017-03-02 01:48:50,4,5,1,有生活气息
50552,1617,钱雪亚,2017-05-03 12:01:13,8,8,0,把方法论的东西讲的比较容易理解，对待学术非常严谨，只是课程考核的方式设置有一些不合理，希望以后登记发言的方法可以更科学
77832,1617,钱雪亚,2018-05-08 04:35:52,0,1,1,挺有意思的
78220,1617,钱雪亚,2018-05-10 05:02:58,0,1,1,老师上课很认真 给分也不错的
81410,1617,钱雪亚,2018-07-05 04:14:54,0,1,1,本学期最喜欢的课！老师上课真的很棒！考试也很正常，理解就行！喜欢。
105859,1617,钱雪亚,2019-04-22 05:49:30,6,6,0,老师很好，但只能说一些恶竞的人发言登记也太虚假了吧
107810,1617,钱雪亚,2019-05-10 02:19:41,0,1,1,给分挺好的，讲课很有意思，平时的展示要求挺严格。
117633,1617,钱雪亚,2019-09-27 02:46:48,1,1,0,上课严谨，循循善诱。很喜欢
125554,1617,钱雪亚,2020-09-11 11:22:57,-1,1,2,平时展示很严格，开卷考试的题目设置让人摸不着头脑（两道大题各50分）...
134357,1617,钱雪亚,2021-03-24 16:37:58,2,2,0,很不错
190521,1617,钱雪亚,2024-03-07 01:12:17,0,0,0,希望改进发言登记方式
192132,1617,钱雪亚,2024-05-09 18:11:12,4,4,0,给分好差。。。
192298,1617,钱雪亚,2024-05-14 08:25:20,3,3,0,老师退休快乐。\n\n但给分真不好呜呜呜
195821,1617,钱雪亚,2024-06-30 05:09:51,1,1,0,煞笔老太害我保研无望
2952,1667,李金珊,2015-05-11 13:20:25,-2,6,8,能学到东西，公共政策领域十分有创见，期末闭卷但是不难
4992,1667,李金珊,2015-07-02 02:34:20,2,6,4,期末给分好像不太好。。
12690,1667,李金珊,2015-12-24 02:04:57,12,28,16,讲课及其糟糕，不知所云。经常吹牛，讲拓展不着要点，总之就是上了一学期课不知道学了什么
13589,1667,李金珊,2015-12-29 15:47:52,7,9,2,人越来越少的体验
18461,1667,李金珊,2016-01-21 16:14:19,1,1,0,为什么不能打0分？只给1分不能再多了
18502,1667,李金珊,2016-01-22 00:32:09,-6,15,21,老师很好的不要黑她 会选择重点的有逻辑地授课 虽然不点名爱学习的孩子听得津津有味 没见过几个会课堂上走掉的 如果纯粹是凭着绩点掂量老师的话 那就尽情黑吧。
18665,1667,李金珊,2016-01-22 08:56:11,1,2,1,讲课其实可以的吧，就是上课总是迟到。。。不过感觉很牛逼，给政府做政策评估什么的，给分也还可以吧，不坑
18694,1667,李金珊,2016-01-22 10:43:07,1,2,1,无聊 给分差
39766,1667,李金珊,2016-12-27 11:38:25,2,2,0,无聊到爆炸，想给0分，讨论课老师也很渣
40512,1667,李金珊,2017-01-04 02:37:27,-1,5,6,讲课视野很宽，有许多世界观上的收获。助教很温柔有学问有情趣。公共政策闭卷考前把书看过一遍，不需要特别去背，跨大类4.8
42084,1667,李金珊,2017-01-13 14:23:08,2,2,0,不能再高了
45853,1667,李金珊,2017-01-20 07:30:12,0,5,5,从来不点名，哪怕只有十个人，最后一节课去听一下划重点吧，考试前去98上看看往年卷，还有讨论课尽量多bb
45857,1667,李金珊,2017-01-20 07:34:11,0,1,1,算是挺累的 给了3.6 不想说话
46192,1667,李金珊,2017-01-21 01:41:57,2,5,3,期末考试考好了给分才会好看，当然你的平时成绩也是要不错。 说明一下，这些分数都是助教打的，讨论课成绩助教平时就打了，期末试卷这是好几个助教一起改的，比较公正，所以成绩不理想的人肯定是没答到点子上，以为自己写得多就对。和老师是没有什么关系的，她只负责上课，出题，然而很多人没去上过课，仅仅凭着成绩就在那里说。。。rbr
46382,1667,李金珊,2017-01-21 12:11:19,1,2,1,给分什么的貌似都是助教的事吧，老师的课讲的怎么样我不知道，但是从来不点名，而且课上很多歪果仁，讨论课上好好表现就行了
56399,1667,李金珊,2017-07-03 15:41:27,-2,2,4,公共预算管理\n\n上课好好听，认真做笔记\n\n老师讲的还是很有趣的\n\n助教很亲切可爱
56450,1667,李金珊,2017-07-04 00:36:51,-1,1,2,老师上课讲的东西很有意思，打开了一扇新的大门，让我第一次知道了分税制改革
84652,1667,李金珊,2018-07-13 12:30:08,3,4,1,很迷啊！一次课没翘过，大部分都认真听并做笔记了，考完试感觉怎么都能有80分吧结果只有75。大学最低绩点。难道我字写得太烂老师没心情看？\n\n不过老师个人在这方面的知识还是很棒的！上完后眼界开阔了许多，撇开成绩我觉得上老师的课挺值的！
114365,1667,李金珊,2019-07-09 23:50:13,2,2,0,绩杀!
158729,1667,李金珊,2022-07-01 15:20:47,0,1,1,给分是真的低。
182661,1667,李金珊,2023-11-19 05:48:41,0,1,1,不建议选，老师上课不知所云，喜欢阴阳怪气Government，然后就是一些没什么用的judge，既学不到什么东西，还浪费时间，最后给分随心所欲，普遍给低，自己内容上不好还在作业提了一堆要求，能不选就不选
196517,1667,李金珊,2024-07-04 01:40:22,2,2,0,给助教打5分，老师负6分，公管学院最傻逼的老师（可以说没有之一），课是早八的，点名是没节必点的，作业布置是含糊不清的，上课更是依托答辩，给分很迷很迷，总是除了行管的uu非选不可，其他外专业一律劝退
196535,1667,李金珊,2024-07-04 03:10:34,0,0,0,真的无语，能不选就不选，给我绩杀了，喜提专业课最差成绩
196536,1667,李金珊,2024-07-04 03:23:36,0,0,0,作业很多很难，老师和助教完全没有任何指导，作业要求一团乱麻，全靠自己摸索，最后分数也不好看。两节都是早八的课，第一节课有几个同学迟到老师发火说最讨厌迟到的人开关门打扰她上课，结果自己迟到了非常多次。。。。
22305,1688,何子英,2017-09-04 01:08:36,3,13,10,这种人也配当老师？上课的时候吊儿郎当，油嘴滑舌，完全没有干货，感觉像是在逛天涯论坛.....把开课当任务，对学生不负责任。
31598,1688,何子英,2016-07-04 08:59:14,1,6,5,老师人很好 给分也不错
32396,1688,何子英,2017-09-04 01:08:39,9,19,10,油嘴滑舌，没有一点读书人的样子，这种人也能评上副教授。都是这样的唯利是图的人在参与医改，怪不得改不好，怎么能改得好。
51927,1688,何子英,2017-06-13 15:16:40,2,4,2,非常棒，虽然还没拿到分
56298,1688,何子英,2017-07-03 12:27:16,-1,9,10,助教姐姐不要太赞，下学期选幸运的话还能轮上，感觉选上这门通核简直是幸运～老师讲课也挺有趣，不要因为这门课程的名字觉得又红又专，其实真的能学到一些东西，尤其是讨论课。有辩论赛，赢的班老师还奖励全班看电影
56313,1688,何子英,2017-07-03 13:04:20,3,6,3,当代中国社会建设这门课给分真的太差了 每周都要展示 最后分数还低 关键是四学分 绩点一下就下来了
58848,1688,何子英,2017-09-18 05:31:51,-1,2,3,课程事情太多
143375,1688,何子英,2021-11-24 12:29:26,8,10,2,行政伦理学事少分好
151293,1688,何子英,2022-02-28 02:57:27,2,7,5,哈哈 说女生双十一购物败家娘们儿 花你的钱了？你见过几个女生购物了？刻板印象带入课堂
184251,1688,何子英,2023-12-14 03:31:47,14,17,3,上的行政伦理学，建议做好疯狂抢发言机会的准备。这门课一言以蔽之就是平时超级不爱发言的人被逼无奈去抢发言还抢不到。再容我吐槽一句，一个讨论题讨论到最后都讲烂了，还在继续讲。是在锻炼我们如何将别人已经讲过的观点用自己的话改述的能力吗？我不知道这门课给分如何，就算给分好这种上课模式我也真的很难评，我祝他成功吧。
188874,1688,何子英,2024-01-20 10:35:05,0,2,2,行政伦理学给分超级无敌巨好！！！
189501,1688,何子英,2024-01-25 03:58:58,5,6,1,哎，咋说呢，确实学不到什么东西，但是给分确实好啊。包括虽然点了一次名但是最后给全体同学这一块都是满分。
190270,1688,何子英,2024-02-27 02:07:34,-2,0,2,上课。。。上课就是完全没上课，但是给分确实非常好。。。。
214034,1688,何子英,2025-01-23 05:09:09,1,1,0,。。。不做评价
214088,1688,何子英,2025-01-23 17:13:09,4,4,0,对不起这是一个分数导向的评论：是不是本学期给分一般啊
4383,1711,吴结兵,2015-06-20 10:41:32,1,11,10,吴老师，有点小幽默，很可爱的一个老师，我喜欢
32765,1711,吴结兵,2017-06-14 04:44:29,1,2,1,很好的老师，讲的挺有趣，平时事少，给分好！点赞！
50776,1711,吴结兵,2017-05-05 08:15:14,1,1,0,比较水，有三次点名，给分一般
50785,1711,吴结兵,2017-05-05 10:01:37,1,1,0,讲课有点小无聊.....老师给分还不错
50788,1711,吴结兵,2017-05-05 11:10:04,1,1,0,他的课比较轻松
50838,1711,吴结兵,2017-05-06 10:29:39,0,0,0,一学期点2-3次名，上课水，开卷考。
50863,1711,吴结兵,2017-05-07 12:40:23,2,2,0,给分好 事少 但是上课一般般吧  点名就当平时分 期末开卷 良心专业课
71858,1711,吴结兵,2018-01-29 04:41:43,9,11,2,平时三次点到，期末一篇论文，给分超好，生病发邮件请假也会很认真回复，很关心学生的老师，讲课认真听也不错。
94875,1711,吴结兵,2019-01-18 11:47:52,1,1,0,这课可以改名叫《论考公务员的利与弊》
102565,1711,吴结兵,2019-05-17 08:11:32,10,14,4,出分超慢\n\n
102593,1711,吴结兵,2019-02-12 00:56:29,1,1,0,出分有点慢...给分有点接近，没有区别
132326,1711,吴结兵,2021-01-31 17:52:16,4,5,1,给分好，讲的也不错，有三次签到，上课听不听随意，水水的，期末一篇论文花了一周时间构思，最后4.8
133886,1711,吴结兵,2021-03-09 02:37:10,1,1,0,老师人好，讲的也好，喜欢这样的课！
159799,1711,吴结兵,2022-08-31 16:22:29,1,1,0,老师人超级好，给分也很好！
168207,1711,吴结兵,2023-02-02 16:03:25,6,7,1,出分巨慢巨摸
168918,1711,吴结兵,2023-02-23 11:54:35,1,1,0,出分巨慢，本来要求三次点名的，线上了也不点了，全靠论文给分，给分也不怎么好。上课挺水的.....
171051,1711,吴结兵,2023-03-15 04:51:49,1,1,0,给分不咋地
182566,1711,吴结兵,2023-11-17 14:29:48,2,3,1,要站起来点名！！！
35111,1714,谭永忠,2016-11-02 11:45:17,0,3,3,老师很棒呀 对学生好好 给分也好
50022,1714,谭永忠,2017-04-28 15:23:39,1,3,2,地籍管理，干脆叫地籍点评课好了
57916,1714,谭永忠,2017-07-17 14:35:55,1,3,2,其他专业慎选
79183,1714,谭永忠,2018-05-26 04:43:20,2,3,1,老师人好，讲得细，课堂节奏不快也不用担心跟不上。
82872,1714,谭永忠,2018-07-09 08:44:17,9,12,3,书贼厚，唉，背到痛哭出声
83344,1714,谭永忠,2018-07-10 07:10:31,5,6,1,土地资源学竟然不开卷？
135099,1714,谭永忠,2021-04-30 08:58:09,6,8,2,辛辛苦苦背五百页ppt最后3.9说不难受是假的
135328,1714,谭永忠,2021-05-08 06:25:08,4,9,5,翻译论文，几十页，一周完成，就离谱。真就蠢
159109,1714,谭永忠,2022-07-06 09:26:36,2,2,0,还行，事情略多，主要是背书
159193,1714,谭永忠,2022-07-07 15:14:07,1,1,0,平时听课，考试背老师划的重点就行
190351,1714,谭永忠,2024-02-28 10:28:56,1,4,3,666
197783,1714,谭永忠,2024-08-13 03:00:14,0,1,1,事多分低
206025,1714,谭永忠,2024-12-13 03:22:25,1,3,2,粮食安全，通识课，没有小测与考试，点名是上课随机抽人回答问题。不过随便作答、发表自己看法就好，老师不会很主观地评价同学的观点。\n\n论文占60%好像？我平时就玩玩手机，大一的时候选的，其实都不知道怎么写论文，水了一篇，但是还给了89分，算良心了。\n\n好像说发言占30%，但是不用卷。像我每次都到课了，十六周下来也就发言过一两次，给老师留了个印象而已。\n\n第一节课一定要到，老师会询问大家来自哪里并做记录，要是不在场还是挺尴尬的，给老师的印象也不好。\n\n个人觉得，没通识上的时候选粮食安全凑一凑还是值的，应该也比较好上。
217446,1714,谭永忠,2025-04-10 12:31:09,0,0,0,老师人很好的，很温和，虽然听课的同学很少但老师还是会尽力和大家分享有趣的经历！
22551,1717,毛丹,2016-03-08 01:50:08,0,4,4,挺不错
23674,1717,毛丹,2016-04-12 03:43:26,5,7,2,是个很有魅力的儒雅君子，听他上课可以学到很多干货！
23881,1717,毛丹,2016-07-01 13:42:30,8,15,7,下课时自己出去抽根烟
29612,1717,毛丹,2016-06-30 04:58:07,4,6,2,毛老师学识渊博，风趣幽默，学贯中西，文理兼修，实是教授之楷模，教师之模范
29867,1717,毛丹,2016-06-30 12:16:47,2,5,3,有情怀，有思考。
30593,1717,毛丹,2016-07-02 04:32:39,8,12,4,工科生修了西方政治思想史做个性学分，基本上等于政治学名著导读，没有考试，只有自选书目做读书报告和展示。老师上课没PPT板书少但是思路还是很清楚的，不认真听容易有缺漏。这门课内容比较简单但是可以看出老师的水平素养都不错，讲得言简意赅也有特别的理解。人的气质也挺儒雅让人喜欢，有真性情，偶尔批评其他老师，给一些忠告。最后成绩也不错，谢谢老师。
38659,1717,毛丹,2016-12-13 17:40:38,1,4,3,帅气
48825,1717,毛丹,2017-03-14 05:55:07,4,5,1,非常有学者风度，讲课思维清晰，可以看出来是老师每次都用心地备课，而且是一位非常有情怀的老师。
79734,1717,毛丹,2018-06-13 06:44:08,6,7,1,可能是唯一不多的 会讲课的老师。与吹嘘和炫耀自己经历的老师不同，听毛老师的课是一种很愉悦的体验。肯定会二刷～！
103148,1717,毛丹,2019-02-26 07:30:37,2,3,1,帅叔叔啊哈哈哈哈
103200,1717,毛丹,2019-02-26 16:44:29,0,3,3,满满的干货，思路明晰，将简单的内容也讲的很有深度，旁征博引，幽默风趣，一看就是那种有风度儒雅的学者，越听越精神，不舍得浪费一秒的那种
125698,1717,毛丹,2020-09-13 09:23:06,-1,0,1,毛丹老师学识渊博，风趣幽默，对学生极好，难得的好老师，帅帅的。
140401,1717,毛丹,2021-09-10 14:30:26,-1,0,1,太牛了，太喜欢了，一句话都不想错过，课超级有趣
177931,1717,毛丹,2023-07-05 14:02:15,1,3,2,毛老师帮扶贵大后，学会了贵州话的“马上马上”哈哈哈哈
193803,1717,毛丹,2024-06-18 11:26:51,1,2,1,感觉老师年轻的时候肯定是个大帅哥！
217596,1717,毛丹,2025-04-14 03:30:23,-1,0,1,讲课和性格都很有趣的一个小老头儿，完全没有长江学者的架子，平易近人
218581,1717,毛丹,2025-04-25 04:53:54,0,2,2,小人一个
221552,1717,毛丹,2025-06-24 12:07:36,0,0,0,我小时候梦想的那种大学老师
836,1729,戴文标,2015-03-17 16:07:07,80,89,9,讲课诙谐幽默，关键是他什么都敢讲，也不怕查水表
2470,1729,戴文标,2015-05-04 07:53:53,3,5,2,无聊可以听听
9505,1729,戴文标,2015-10-29 05:18:27,13,18,5,上他的课很放松\n\n
10314,1729,戴文标,2015-11-18 05:14:49,4,8,4,想快速补学分的同学建议选，轻松愉快
22186,1729,戴文标,2016-03-03 01:58:26,1,2,1,什么都敢讲，讲课很放松
26419,1729,戴文标,2016-09-12 09:41:19,0,1,1,爱吐槽 有知识 有想法 好老师！
28827,1729,戴文标,2016-06-28 16:43:14,3,6,3,讲课很棒 有真正的知识 也不会为难学生 因为班里有紫金港的学生总会提前下课让学生赶车 论文字数要求也不高 只要求自己写 写出自己的看法 真的是好老师
28912,1729,戴文标,2016-06-29 03:14:47,8,10,2,标标男神，特别照顾紫金港的同学
30388,1729,戴文标,2016-07-01 13:04:24,3,4,1,说的很开
36286,1729,戴文标,2016-11-11 13:23:48,11,12,1,很爽。有干货有幽默。提前下课。没作业。没考试。论文字数要求少的可以。
37085,1729,戴文标,2016-11-17 09:51:59,-1,3,4,老师讲课很有趣，也能听到知识。关心紫金港的同学，所以公共经济学都会提早放。事不多，给分高
38036,1729,戴文标,2016-11-23 10:45:22,-1,1,2,真的好老师！推荐
40786,1729,戴文标,2017-01-05 13:18:32,-1,1,2,不错，。\n\n
41873,1729,戴文标,2017-01-13 06:26:21,5,8,3,第一次查老师评分献给第一门给我绩点上4的老师。
43267,1729,戴文标,2017-01-16 05:05:59,14,19,5,只写一篇论文，认真写，每次课都去，最后4.8飘过。每周去一次玉泉挺好的，还能吃玉泉的美味啊啊啊。上课他什么都敢讲，可以让你对中国经济有新的看法。绝对男神，要是在紫金港他的课可能比周黎明还火。
45162,1729,戴文标,2017-01-19 05:29:09,1,1,0,讲课超级有趣
47624,1729,戴文标,2017-02-08 15:50:13,6,8,2,讲的逗！给分高94
49052,1729,戴文标,2017-05-02 07:38:38,2,2,0,好老师，男神！！！
50289,1729,戴文标,2017-05-02 07:48:02,3,4,1,被正态了……血崩TAT
55250,1729,戴文标,2017-07-01 05:45:07,0,0,0,论文好好写
55464,1729,戴文标,2017-07-01 14:06:49,0,1,1,论文只写了1000字，而且感觉不太好，竟然有4.5
55610,1729,戴文标,2017-07-02 04:42:47,1,2,1,偶尔点点名，什么都敢讲。虽然总说『我们这群人是真的没有良心』，但对一些问题有非常强烈的，知识分子式的关怀。提前下课，课堂交流，最后两天时间认真写了4000字4.8的飘过~
56154,1729,戴文标,2017-07-03 07:03:10,1,2,1,仍然记得老师第一节课说的他现在思考的三个问题……许多话没有挑明了讲。看到最近的形式不禁回忆起了他说的话。。。讲课一小时半小时交流照顾紫金港学生八点下课。第六第七周点了两次名期末论文500字以上只要能得出自己的观点就4.5+。
58746,1729,戴文标,2017-09-16 11:57:51,1,2,1,很照顾学生的老师 为其他校区学生提早下课 作业要求也很简单只要上课听进去一点就没问题
59827,1729,戴文标,2017-09-27 09:31:16,1,1,0,社会我标哥~
60886,1729,戴文标,2017-11-01 11:46:00,0,1,1,是男神了
61761,1729,戴文标,2017-11-27 03:10:44,0,1,1,老师人超好，会提早下课，讲课很幽默，很有自己的想法
61768,1729,戴文标,2017-11-21 00:32:19,-2,1,3,认认真真听课，认认真真写论文。结果远远低于预期，心累
66873,1729,戴文标,2018-01-19 08:00:48,9,11,2,真的有好多想说的，打了一段夸老师的话怕学弟学妹们没有同感又删掉了。所以就干脆更直白一点：1.老师很有思想2.给分好3.一定要选 over
66925,1729,戴文标,2018-01-19 09:51:52,0,1,1,非常轻松的氛围，讲课幽默，非常大胆，10分！不能再多了！
66999,1729,戴文标,2018-01-19 17:16:57,4,6,2,听戴老师的课是一种享受。\n\n一周去一次玉泉也蛮好的，而且每次课都是讲课一小时回答提问半小时，基本八点就下课以便让同学回紫金港，虽然上课时间短但收获一点也不少，好几次水着水着手机但不禁就重新被吸引回去听课。平时没有任何作业，期末没有考试，只要求写一篇500字以上的文章就好，还是相当轻松的。\n\n今天刚好出分，文章写了3000字不到，最后4.2。但是和绩点无关啦，就算最后绩点只有3我也要强推戴老师的课。
67060,1729,戴文标,2018-01-20 07:41:14,2,3,1,老师太棒！！！去玉泉也很棒啊老师真的好棒！！！强推
67457,1729,戴文标,2018-01-21 08:41:09,3,4,1,老师真的很有想法，推荐！最后论文字数要求很低，写了800字4.5
75084,1729,戴文标,2018-03-07 09:09:29,1,2,1,哇！我就每次去了，也不提问，写了800字就给我4.5吗？？？？本来选这个课也不是在意绩点的，听到了好多干货就已经很满足了，虽然每次会带作业去但根本没机会做啊老师讲的太好了(哭泣)，总之，强推！
77063,1729,戴文标,2018-05-01 02:00:30,32,34,2,上课上得太有趣扣二十分，考虑学生回港问题提前下课扣二十分，作业太少只要求交一篇论文扣二十分，期末没有考试扣三十分，所以我最后给老师十分
77101,1729,戴文标,2018-05-02 06:02:36,2,3,1,就算每周坐公交去玉泉晕得不行 听完老师的课感觉也值得了
77119,1729,戴文标,2018-05-02 11:51:22,0,2,2,一千多字的论文，两小时写完，点名都到了，最后4.8，不多说了满分
77174,1729,戴文标,2018-05-03 09:41:41,1,2,1,绝对好老师！
77803,1729,戴文标,2018-05-08 02:09:01,0,1,1,有趣～
78553,1729,戴文标,2018-05-13 02:19:44,-2,1,3,很随意的教师…但讲得很好。不过，或许过于随意了？公共经济学概论打分全靠500字小作文…
82363,1729,戴文标,2018-07-08 03:48:42,1,4,3,呜呜呜，利用专业课知识认真写了3000+论文，老师不会以为是抄袭的把？我只有4.2诶
82649,1729,戴文标,2018-07-09 02:08:34,3,4,1,听课不错，给分太低，每节课都去，论文认真写，绩点还不高，给分完全随机。
86554,1729,戴文标,2019-02-28 16:07:03,-20,3,23,推荐选这门课，事情不多，有一次展示，给分还行。考试考10个课本思考题（想要答案整理的加QQ3402783729  考试直接抄就好了！）
89360,1729,戴文标,2018-11-18 16:25:49,2,4,2,公共经济学概论两小时1000字4.5，主要是老师讲话也很有意思，一本正经地逗人笑
89364,1729,戴文标,2018-11-18 18:46:12,2,3,1,老师讲得挺好的。有好好听课，跨校区上课也并没有缺过任何一节，最后论文也是熬夜查资料认真写了的，但莫名被正态了分巨低，就...感觉有一点委屈。
89424,1729,戴文标,2018-11-19 05:03:56,1,3,2,查到分数之后来给差评 emmmm认真写论文最后只有3.6真的心痛
89954,1729,戴文标,2018-11-21 11:20:34,0,1,1,太可爱了，第一次遇到比手机有吸引力的老师。
91535,1729,戴文标,2018-12-13 01:02:57,0,1,1,上课很有趣 给分其实一般般 日常被卡绩 事倒是确实少
91755,1729,戴文标,2018-12-19 12:01:06,0,1,1,真的棒！
91756,1729,戴文标,2018-12-19 12:01:33,0,0,0,就很轻松，特别好
91757,1729,戴文标,2018-12-19 12:49:47,1,2,1,本来是冲着玉泉的食堂去的 本来以为老师的课是水的。今天才发现，老师只是没有放开讲，今天老师情绪控制不住了，讲得真的是精彩又漂亮，听得我一愣一愣的，一定要来打10分
92441,1729,戴文标,2018-12-28 16:39:38,1,1,0,老师快退休了\n\n想听课的请抓紧
93778,1729,戴文标,2019-01-13 13:51:20,0,0,0,吹爆戴老师!对当代中国经济确实有自己独特的看法，现身说法，就是每次只讲一小时，感觉没听够!500字论文真的很良心了!(当然不可能真的写500字的)平时没事而且不点名!三天出分!最后4.5美滋滋!
93924,1729,戴文标,2019-01-14 10:05:34,0,0,0,课非常水，给分很好。
94184,1729,戴文标,2019-01-15 13:04:23,0,0,0,老师很有想法，听得很高兴，任务又不多，绩点无所谓
103355,1729,戴文标,2019-02-27 12:26:42,0,0,0,思想自由活跃
105323,1729,戴文标,2019-04-10 03:03:48,0,0,0,老师真的敢说，讲话太有意思了。真不是吹 这老师是我大学三年里面遇到的最可爱最有趣的一位，必然会火
106256,1729,戴文标,2019-04-26 03:01:40,1,1,0,老师讲课很有意思 让我了解了从各个学科角度看问题区别很大 受益很多 而且事少给分好 当然即使他给分不好我也觉得这课绝对推荐
106262,1729,戴文标,2019-04-26 03:29:45,0,1,1,听了老师的课，知道了很多社会上存在但以前没关注到的事情。整体来说，课堂很轻松，分数也还好，大概是大学最后一门通识课啦，给老师好评！！
109264,1729,戴文标,2019-06-12 12:02:06,0,1,1,请认真听，多提问，老师很有思想，讲得很好，但是上课不敢看学生，都在干自己的事情，谁看了都难受，所以
111233,1729,戴文标,2019-06-30 17:10:07,0,1,1,我天哪我真的吹爆这个老师，我是紫金港的学生，老师在玉泉开课，之前只是听说事少给分好才选的老师的课，想着没有什么压力。但是听了老师一次课之后！我真的！被他吸引了！他让我觉得，就算89路坐晕车了也是值得的！在这里还是要跟老师说声对不起，我上课一直低着头，并不代表没有听老师讲课，我只是有点害怕和老师的眼神交流，后来听到老师有点落寞的说都没有人好好听课我真的想站起来说有的，但我怂。老师真的好棒，真的想不通为什么那么多人不去上课哎。
111293,1729,戴文标,2019-07-01 00:59:14,1,2,1,给分挺差的，上课讲的内容太主观了
118806,1729,戴文标,2019-11-06 09:22:34,0,0,0,点名吗
119276,1729,戴文标,2019-11-12 01:57:19,0,0,0,必须10分！！！！！！！！
119318,1729,戴文标,2019-11-12 05:08:17,0,1,1,好玩，给分还行，一小时写的论文4.2
119324,1729,戴文标,2019-11-12 05:39:53,-3,2,5,老师很好玩 但89又不占90分以上名额为什么要给我88?
119549,1729,戴文标,2019-11-13 12:12:22,0,0,0,作为一个理工科学生，听一些经济知识挺受用的，而且老师风格比较诙谐幽默，一篇论文定成绩，好好写就行，四千多字我4.2
1005,1778,董绍春,2015-03-21 07:26:25,-21,15,36,老师上的美学概论很醉人，打开了我的新世界。顺便一提，老师是个米boy。
2393,1778,董绍春,2015-04-28 11:20:19,16,36,20,思想被强奸
2394,1778,董绍春,2015-04-28 11:22:15,66,96,30,过度宣扬反dang反zhengfu言论，为何到今天都没有被查水表
3145,1778,董绍春,2015-05-18 01:14:48,28,43,15,呵呵呵呵呵，给分随意，作为哲学老师非常主观，男权主义，只认可自己的道理
3264,1778,董绍春,2015-05-25 04:03:50,0,11,11,虽然课堂上思想比较激进 但平时生活还不错
3302,1778,董绍春,2015-05-29 04:59:29,14,32,18,很自大的老师，虽然专业水平不错，但是目中无人，没有做人的气节，像个寻求私利的奸商！
3827,1778,董绍春,2015-06-17 05:30:34,46,68,22,对女生毫不尊重。还嘲讽以前挂科的学生，把人家求情的email当众挂出来。通识课有闭卷考试，全主观题，给分看他心情，所以很多人挂科。
4018,1778,董绍春,2015-06-17 14:00:20,3,10,7,重塑世界观\n\n
4648,1778,董绍春,2015-06-25 12:18:51,-7,18,25,通识课评价论美学其实上得还是挺有特色的，听说有很多人挂科，但是只要上课认真听了，最后成绩还是会不错…是个很有个性的老师
4970,1778,董绍春,2015-07-01 16:12:05,2,14,12,反动
7590,1778,董绍春,2015-09-15 06:16:46,-5,12,17,有个性的老师，很有自己的想法
10494,1778,董绍春,2015-11-19 06:49:07,10,23,13,简直SB，讲故事！说什么去新疆探险，骑着28自行车走过大森林。言行翻动，宣扬无政府主义歧视留学生，运动员，女同学！也不知道这种水平的老师怎么能在浙大讲课
22972,1778,董绍春,2016-03-15 10:48:22,5,12,7,太反动了吧。。二次wg在即，保重。。。
22974,1778,董绍春,2016-03-15 10:52:07,25,54,29,他只是说了真话，他备课十分认真，十分客观，作为一个政治学老师，他总不能成为毛概，思修，马原那样吧，毕竟任何老师都要有对自己教授知识的忠诚。
23308,1778,董绍春,2016-03-24 03:49:56,12,23,11,烂透了
23851,1778,董绍春,2016-04-18 18:16:35,7,15,8,呵呵，最自大无情的老师非他莫属
23904,1778,董绍春,2016-04-20 13:19:16,2,10,8,垃圾中的垃圾
24040,1778,董绍春,2019-03-02 06:09:16,1,21,20,sb老师，给分差，以后来上课前死个码
24114,1778,董绍春,2016-04-27 12:02:28,-2,16,18,我是工科生，平时上课每次都来，但基本完全没听进去。最后一节课上老师讲了要考什么题，我稍微准备了一下，最终得了85。分数上还不错吧，但这门课没给我带来什么知识。如果认真准备的话考高分应该不难，但最好别指望学到什么。老师的很多言论我是极其反对的。
24126,1778,董绍春,2016-04-27 15:12:00,3,8,5,慎选，对他宣扬的观点持保留意见。
24965,1778,董绍春,2016-05-04 13:43:55,17,34,17,尽管同学们对老师看法很不一致，不过在浙大敢直言直说的老师不多，顶董老师一个
25820,1778,董绍春,2016-06-09 11:41:54,-1,6,7,想知道政治学原理怎么考试 求 平时老师上课个人主观色彩太浓厚 说一些东西很容易让人不相信或者可笑
28884,1778,董绍春,2016-06-29 02:34:16,-1,10,11,这痞子，反党反政府先不说，自以为是不说，男权主义不说，心里有问题不说，瞎说八道不说，种种不符浙大教师素质行为的都暂且不说。丫就是一SB！这点无疑！绝对客观！望诸位后生早退课，省的恶心你一学期！
30100,1778,董绍春,2019-01-06 06:15:24,-1,10,11,b了狗一样的课
30140,1778,董绍春,2016-07-01 03:34:45,-11,5,16,很主观 但是给分很好 不点名不用写论文不用展示
30541,1778,董绍春,2017-05-09 10:51:32,-2,7,9,政治学原理85分以上很多，给分挺好的，备课也很认真，只是讲课技巧一般
35392,1778,董绍春,2016-11-10 00:51:08,3,13,10,这个老师的课最好不要听，老师刚愎自用讲课内容流毒很深论据毫无逻辑。
48092,1778,董绍春,2017-02-28 11:48:50,0,3,3,何为自负?哈哈……
48102,1778,董绍春,2017-03-07 10:51:07,-3,13,16,其实他说的都是真相孩子们，多去翻墙看看新闻吧，不要因为从小的灌输被蒙蔽了眼！
48367,1778,董绍春,2017-03-02 10:47:46,4,6,2,一些言论不敢苟同
48376,1778,董绍春,2017-11-09 06:53:10,20,32,12,什么胸部大臀部大的，我看你是失了智了，兄弟
48377,1778,董绍春,2017-03-23 11:56:07,-2,7,9,对评价论美学这门课很失望。讲的大半是教师自己的观点，有些很难让人认同。举的例子低俗。
48378,1778,董绍春,2017-03-02 12:38:26,0,9,9,有思想
48384,1778,董绍春,2017-03-02 14:06:26,-6,10,16,很棒，不懂打低分的人的逻辑
48695,1778,董绍春,2017-04-26 06:10:58,4,18,14,还是可以学到一些东西的。考试也很简单，容易得高分
48783,1778,董绍春,2017-03-13 02:44:49,-3,3,6,倒不是说一定要追求所谓政治正确，可是这三句话不离黑gcd也过分了点。
48839,1778,董绍春,2017-03-14 11:48:57,11,19,8,每次课后的听课报告?
48842,1778,董绍春,2017-03-14 15:24:33,1,7,6,每节课说十句话里面必有一句赞扬自己的话，自负到极点，必黑gcd。真的是b了狗的一节课!
48850,1778,董绍春,2017-03-15 01:51:28,0,7,7,每节课要写不少于1000字的听课报告，第一次上课就拖堂，并且讲明了会挂掉不少人，讲课比较催眠，上了一节课之后我果断选择退课
49034,1778,董绍春,2017-03-22 05:43:21,5,9,4,怎么没有-2选项？
49035,1778,董绍春,2017-03-22 05:45:46,3,9,6,狂妄自大 目中无人 思想腐朽 误人子弟
49079,1778,董绍春,2019-01-05 18:55:31,-7,7,14,真的傻逼………
49179,1778,董绍春,2017-03-28 14:22:22,5,8,3,为什么最低才一分？
49243,1778,董绍春,2017-03-30 11:27:53,7,18,11,大家看评论，可能觉得两极分化很严重。我来说明一下，我上了评价论美学。这是一门哲学课，讲一些内容有唯心主义，的确可能会觉得难以接受。逻辑难以理解。他的一些观点的确政治不正确。作业也很多。一星期1000字，一共7次。\n\n但是其实老师的哲学知识，心理学知识很丰富。如果对感知觉，认识论有兴趣的话值得一听。但是真的，得要感兴趣！期末考试不用准备。\n\n个人感觉对生活有一点帮助。相比水课，更加喜欢这种课。
49265,1778,董绍春,2017-03-31 13:45:22,-1,5,6,这老师迟早?
49770,1778,董绍春,2017-04-25 16:17:05,-1,3,4,还行吧
49795,1778,董绍春,2017-04-26 06:05:04,7,22,15,每周都有1000字的听了报告，两个小时就写好了，很好写的。然而每周都会有人不交听了报告、不来听课，所以这些人才挂科的。连平时分都没有，难道还想满绩吗。这是一个思想碰撞的课程，如果老师不敢说真话的话，那和编故事哄小孩有什么差别。听者深思，言者无罪。成年人了还只愿听童话故事，干脆退学去幼儿园复读。本次课程有很多人满绩，4以上的也很多，一学期下来收获很大。至于挂科的，真的是不交报告、不来签到，甚至不来考试的人。
49815,1778,董绍春,2017-04-26 08:24:55,-8,0,8,嗯…上课思想像被强奸…但是给分还行（微笑）
50933,1778,董绍春,2017-05-09 10:51:45,3,5,2,呵呵呵
51777,1778,董绍春,2017-06-09 15:35:22,2,4,2,很绝望
52491,1778,董绍春,2017-06-20 12:57:10,2,5,3,被查水表了好像。。
52703,1778,董绍春,2017-06-22 08:17:25,18,34,16,董老师的课明明这么好，以身作则为我们诠释什么叫威权主义，你们黑他干嘛？反正我给1分。
56125,1778,董绍春,2017-07-03 06:23:59,4,9,5,每周1000+听课报告，老师某些思想真心无法接受，其他还行。期末花了一天时间背了18000+的复习题纲，最后4.5。
56137,1778,董绍春,2017-07-03 06:38:22,2,4,2,我去，炸了
74289,1778,董绍春,2018-02-09 11:57:24,7,15,8,那些只会骂老师SB、痞子的人当别人看不出来你自己是什么货色吗？
76337,1778,董绍春,2018-04-03 11:28:51,3,5,2,这没有零分吗，这老师真是让人恶心啊
76341,1778,董绍春,2018-04-03 14:57:53,-2,2,4,有想法
77053,1778,董绍春,2019-01-05 18:54:11,1,9,8,每日一评，腊鸡老师
77056,1778,董绍春,2018-04-30 09:47:41,3,6,3,上课成天放黄图，然而放的黄图还不好看。讲课水平差，课程可以说是十分无聊。考试闭卷全主观题，两个半小时让你写两千个字手写到麻。上课成天威胁给人挂科。总而言之课不值得听，给分也不好，学弟学妹们慎选
77114,1778,董绍春,2018-05-02 08:57:55,7,11,4,评价论美学，感觉不是很难，老师有自己的观点，理论逻辑上其实没有那么难以理解。。。只要上课稍微听一下，听懂老师的美学的理论体系。。感觉很简单的，最后那个写听课感受也只要一篇，最后老师会给讲课稿子。看懂也很容易，不怎么需要背，真的不用背很多。听说楼上以前一周一篇听课感受，现在一篇就很轻松了，而且懂了之后老师告诉考题。感觉其实挺好的。只要能适应老师的风格，至于老师风格嘛。。海纳江河还行
77126,1778,董绍春,2018-05-02 12:42:11,8,11,3,没错，确实十分对自己的观点十分固执，确实存在对于同学的不尊重，确实在上课时宣传带有性别歧视的言论，但不得不说，于美学方面有自己的见地。以前是要一周一篇听课报告的，现在只用一学期一篇即可（当然多写显然更好）。
77155,1778,董绍春,2018-05-03 04:25:34,1,4,3,呵呵给分还行其他887?
77435,1778,董绍春,2018-05-05 14:05:59,2,6,4,自以为是 全世界都欠他的
78281,1778,董绍春,2018-05-10 11:33:03,5,8,3,挺难受的，这门课是我这学期学的最卖力的一门。因为是哲学相关，所以我每节课都记笔记，交了多于要求篇数的读书报告，最后考试整份试卷也写了两三千字，但最后结果出来竟然只是不挂而已。只是不挂而已啊。\n\n努力和回报真的可以不成正比。在此祭奠我下降的均绩。\n\n\n\n
78339,1778,董绍春,2018-05-11 03:13:50,3,7,4,上的社会与政治专业外语 并没有评论中说的那么不堪 确实是上课学到知识且氛围比较轻松的课 也很不吝惜夸奖同学 给分也挺好的吧 还挺可爱的一个老师
87479,1778,董绍春,2018-09-29 11:38:51,8,11,3,本来觉得老师挺有货的，听到他一个外行对医学的胡扯直接呵呵……医生自负害人，老师自负也害人
87779,1778,董绍春,2019-04-18 04:24:14,4,15,11,送董老师一句话，入不入档是选择问题，反不反档是智商问题
88273,1778,董绍春,2018-10-25 10:45:07,6,8,2,参考所有差评
88274,1778,董绍春,2018-10-25 11:30:11,3,7,4,这老师有毒吧，自以为自己懂很多东西，懂英语，结果英语都弄错了。自以为智商高，呵呵呵。。。
88277,1778,董绍春,2018-10-25 12:53:34,-2,3,5,的确有自己的理论，但脾气有点古怪，很多想法比较偏激，经常拖堂，不太喜欢～
89086,1778,董绍春,2018-11-15 09:59:24,5,8,3,头一次见通识课给挂的，早知道不在最后考试的讨论题反驳老师的观点了，结果最后考试分巨低，体验感极差。平常上课就不多说了，大家已经讲的很具体了。最后通识课学分还要出这么个事情，大家千万别修他的课，浪费学分钱。\n\n
89099,1778,董绍春,2018-11-15 13:17:05,3,6,3,给分是真的辣鸡啊。一共四题，错一题你就濒临挂科了？
89108,1778,董绍春,2018-11-15 16:31:55,1,10,9,老师你是瞧不起工科生吗？？？工科没前途，你去用你的美学，用你的唯心主义转世论，用你的性别歧视，用你的反档反社绘去救中国啊？？？事多不说分数还极差，社科人文的普遍90上下，工科哪有个过90的？？？后来的学弟学妹参考差评，祝老师早点转世吧别霍霍学生了?
89229,1778,董绍春,2018-11-17 06:01:11,5,8,3,上课观点尺度大，说话讲课非常主观，容不下反驳的观点。一学期要写4篇报告，期末考也是主观性很强，观点和他不一致，就是低分。关键是最后还不调分，挂科率和低分率那么高，一门通识课至于吗？？？
89231,1778,董绍春,2018-11-17 06:08:04,4,10,6,算是一个有思想的老师。课堂上提出的很多观点可能和我们一直以来所习惯于接受的差异较大。但仔细想想的话也不算完全无法接受，尤其是在美学本质论的方面，还是有一定亮点和新意的。但是，作为一门通识课未免标新立异有些过分，并没有考虑到同学的接受能力以及思想认识问题。最显著的弊病是打分确实过严了。好几个认识的同学都被打了低分甚至挂，尤其是对那些坚持不同意见的更是不留情面。其次，任务量偏大通识课毕竟很少有人愿意投入和专业课同样的精力，尤其是比较忙的专业更是如此，进度快内容多而且给分不好，这样的通识课，不被欢迎也是必然是。最后提醒一下，注意绩点的切勿选，工科生，留学生切勿选，想水一个均绩或者真的很忙的也切勿选。
89234,1778,董绍春,2018-11-17 07:37:19,-7,4,11,还好吧，个人觉得任务量很少，四篇报告只要上课有认真听，下来半小时一篇听课报告，简直洋洋洒洒\n\n老师上课有标新立异的地方，但是对女性大胆的想法和毫不谦虚的话让我有些不舒服。\n\n考试也不难。最后满绩谢谢。\n\n
89239,1778,董绍春,2019-04-03 11:39:28,2,13,11,就是个傻逼。天天说女性胸部臀部怎么怎么样，打分nc，一言不合就平时分0分。\n\n\n\n狗崽子\n\nSon-of-a-bitch\n\nZoon-van-a-wijfje\n\nFils-de-un-chienne\n\nSohn-von-ein-Weibchen\n\nFiglio-de-un-femmina\n\nHijo-de-uno-perra
89261,1778,董绍春,2019-04-03 11:40:03,3,15,12,怎么还有这种傻逼老师，我他妈真服了，错一道题就濒临挂科了，和他观点不同也不给分，给分全凭个人喜好，他妈的，人文社科类的都给高分，你他妈是人社的舔狗？sb老师，大家千万别选，学不到东西还他妈得不到绩点，全班挂科七八个，六十多分的七八个，真操蛋
89491,1778,董绍春,2018-11-19 10:09:54,-4,3,7,评价论美学，课上言论直男癌，感觉并没有什么审美，还是很老土的那一套。给分还行，虽然会威胁你这门课很难必须听，其实可以不听，自己看着课件整理一下好好理解就行了，会给考试题型
90117,1778,董绍春,2018-11-22 06:48:31,2,5,3,上课签到 给下课补签 四篇听课报告 上课完全可以不听写听课报告的时候自己看课件和其他同学的听课报告 写出自己的（迎合老师观点）的观点 考试闭卷给题型和往年优秀答卷 总之一句话 迎合老师观点 分不会低 愿意就选 不愿意就别选
92941,1778,董绍春,2019-08-22 02:03:00,42,62,20,（上）首先一句话评价一下董先生：“自反而缩，虽千万人吾往矣。”   因为我没有发现一条完全客观合适的评论，所以我觉得我有责任写一篇长文说明白一些事情。本人打算通过评论其余而间接评价先生其人及其课程（评价论美学），而非直接评价其教育水准与研究等级：①所谓直男癌＃无稽之谈。Ⅰ性别歧视言论＠若有人说先生在课上发表性别歧视言论，要么是人类学知识水平不足，不了解相关的领域结论这情有可原；要么就是根本没听清楚先生说的话，或者他说的话戳到了自己的痛处（比如女性与幼童倾向于直觉性思维活动及其论证），就一棍子打死；还有一种可能，先生完全是在给大家分析自己的心理活动（比如对圆脸胖女人的感受）及其成因，都把自己拿出来公开处刑了，怎么还被认为是性别歧视呢？Ⅱ种族歧视言论＠若有人说先生在课堂上发表的关于留学生的言论涉及种族歧视，可自己和他请求看一看留学生的答卷和听课报告。先生从教数十年所遇学生无数，这方面的经验他丰富，而他发现留学生常见敷衍与抄袭的时候是一视同仁的。②所谓刚愎自用＃Ⅰ跨学科经历＠董先生确实是化工学士、哲学硕士、文学博士，不说他专修过的生命科学、心理学之类的了，起码这几个学科是已有名校学位承认了的。这种跨学科经历是目前强调术业专攻，学术等于职业的我国科学研究大背景下面所稀缺的，我想就凭这一点，我们就不该凭他简单几句话就随意否定其观点。Ⅱ横断科学＠他的部分跨学科经历还是停留在经验阶段，虽实属难得但也有部分错漏；而剩余的那部分则组织起来，成为了他的横断科学（系统科学）功底，具有这种能力的人实际上是可以解决“其他领域”的问题而处之泰然的，同样也更是值得大家学习的。Ⅲ独自一人细化学科＠评价论美学乃先生一人开创，以他之经历，为何传统的学术道路不走，非要冒天下之大不韪来做这件事？就是因相应领域确实完全缺乏这样的跨学科思想来解决哲学的“真·善·美”范畴中最复杂的美学问题。…以下见（下）…
92945,1778,董绍春,2019-08-22 02:03:00,38,56,18,（下）如果他不坚定维护自己的立场，谁来替他维护？就算是这样，他还希望能把自己千锤百炼的知识体系奉献给大家不求回报。科学史上有很多类似的事情发生；此教师虽可能不是那样的历史上的大人物，却也实在是把握真理的少数人。③所谓不接受反驳#这个知识体系的结构是他一人组织总结起来的，那有不完善之处自然是肯定的（虽然不容易看出）。因此，本人曾不止一次地直接反驳他的一些观点，而先生在辩论之后，也会向真理的方向再前进一步。有人说他不接受反驳的话，应该是一开始就持有明确反对立场，完全没有按正确的辩论方式和追求真理的态度同先生辩论过的。④真正的弱点与缺点#Ⅰ先生为人敏感@生来即有所向往，随时准备为更靠近真理一步而放弃原先，于是能敏锐察觉周遭情形，也因此成为研究美学的不二人选；正是因为要和学科传统中的糟粕部分彻底决裂，从而常常处于对抗之中，要时刻察动向以求安全感，这种敏感程度自然是进一步提升的，有时会存在对现实的不恰当反映。但只要理解了这个原因，我们应当能做到共情（同时也代表我们学会了课程中的这部分内容），而非一味指责。Ⅱ想教太多可能反而适得其反@他曾说过，能有5％的学生听懂这课，他就心满意足了。但是这却又是一门内容颇为复杂的课，其实甚至可以当做核心课程。但是他只有一个季度的时间来做这件事，不做得圆满则又感觉愧对自己。故此，课上的一些内容不待论证便引入（比如灵魂论），平时没有思考过的学生则由于一贯的教育而感到十分反感了。但对于本课程核心部分来说，其实完全不存在这样的问题。Ⅲ“劣币驱逐良币”@先生是一位独特的教师，不为讨好学生而活。显然他在当前中国本科教育的大环境下是难以适应的，但这不是他的错也不是学生们的错，他从未责怪过学生；我们能做的，就是相应地不要去随意责怪他。⑤总体评价#如真的有愿意思考、发问，且能够与教师多多交流的学生，希望你们看到此文后能大致了解情况以及评价的多样性，请选课。
98237,1778,董绍春,2019-01-23 08:31:14,-9,6,15,为什么这种老师还会有舔狗呢？
103859,1778,董绍春,2019-03-06 11:39:56,2,5,3,内容引起我的不适
105624,1778,董绍春,2019-04-17 11:44:52,4,7,3,行吧你说啥是啥
105629,1778,董绍春,2019-04-17 12:52:08,2,5,3,很一般 \n\n可能对女人的美见识太落后了
106355,1778,董绍春,2019-04-26 15:08:10,-2,2,4,人类学概论：我和猴儿?有个约会\n\n其实老师还是有东西的，就是表述上有点（？）
106466,1778,董绍春,2019-04-27 15:29:02,1,7,6,要不是我们联名反对，他就是我们老师了太可怕了
106542,1778,董绍春,2019-04-28 05:03:22,7,15,8,我上的是董老师的评价论美学，因为课程冲突，申的是免听。大一学生，绩点4.5。当初选这门课，一方面是因为培养方案要求，一方面是董老师的班级凑不齐人数要开不下去了有点同情他。选上之后一看查老师，几乎都是差评；而且老师课件开头就说明，此课程难度较高，不适合大一学生修读，所以有、慌，但是因为对自己的学习能力有相当的自信，还是学了下去。老师的理论框架我个人认为我是基本掌握了，而且在此基础上作出了一定程度的自我理解和升华，老师也没有反对，所以我认为不是老师不接纳其他观点，而是你没有认真地和老师讲自己的逻辑，而且我估计很多人是没有理解老师的理论就反对他了吧。老师的给分可以说是毫不留情，该多少就是多少，他直接跟我挑明了，就算我是免听也不会给我的评分掺水；我也看了一些求情的和提问的伊妹儿，我觉得这不应该责怪老师，更多的还是当事学生自己的能力不足（也不看看自己提的问题有多么弱智）。结课后，老师说是我的高智商弥补了美学方面原先积累不足的缺陷（我是工科生），他也很惊讶我一个免听的大一生能拿到这个分数；但是我还是想说，态度才是关键，哲学理论本就生涩难懂，如果不摆正态度去学，又怎么能get到那个点呢？当然，我是不推荐在美学方面没有积淀的学生和大一生修这门课，毕竟难度摆在那里。
110630,1778,董绍春,2019-06-27 23:14:41,1,5,4,一肚子气，不说了，别选，别看云朵朵什么上面的推荐，总而言之别选
122851,1778,董绍春,2020-04-14 13:54:53,8,11,3,3.6分，我说几句公道话，用董老师的话来讲，足以证明浙大同学们的平均智商，没错你们也就3.6分的水平
123427,1778,董绍春,2020-06-09 01:22:52,9,15,6,还好没有因为评分低而不选这门课。
124123,1778,董绍春,2020-06-24 15:22:25,10,14,4,上过董老师两门课，单单说老师的讲义，就令人敬佩
124155,1778,董绍春,2020-06-25 15:43:25,13,19,6,敢讲真话，于教学有责任感。
124891,1778,董绍春,2020-07-15 19:35:22,-2,7,9,挺搞笑的 确实
128558,1778,董绍春,2020-12-24 01:29:33,12,17,5,挺喜欢董老师的，希望同学们不要因为一些批评就先入为主对董老师怀有偏见。上过董老师和Philipp.D老师的人类学概论，两位老师都很认真。董老师的讲义很详细，对书中一些内容也会提出自己的看法。在生物人类学上学到的不仅仅是人类学知识，更是从跨越时空的角度审视人类自己，寻找当下许多受争议人类行为的合理性与不合理性。确实是学到了一些改变我的思想。
133974,1778,董绍春,2021-03-11 03:17:09,3,9,6,不要因为平分先入为主
137643,1778,董绍春,2021-07-13 08:14:39,3,8,5,我上的也是董绍春老师的人类学导论课，考的那几个填空，6000万，4000万，2500万，2000万，1600万，800万年，200万，30万，15万，1万，都是上课再三强调过的，人类历史的几个重要节点。楼下那位同学，考古人类学你连最重要的时间节点都没复习到，究竟是你自己的问题还是老师的问题？你的言论是否暴露了你只听过一节课，剩下课程根本没有用心的事实？
138738,1778,董绍春,2021-07-10 15:35:10,2,7,5,真tm是个傻逼老师！我上的是他的人类学导论课。上课时我记得清清楚楚，老师至少说了两遍期末绝对不考那种填写某某猿类生活在多少多少万年前的死记硬背的填空题，还说百度上能查到的机械化的知识不考。结果期末突然要求闭卷，我翻开卷子一看人都傻了:前五题全是古猿年代填空题。给分比狗屎还烂，动不动就濒临挂科，实在是糟透了。
144739,1778,董绍春,2021-12-23 11:21:17,6,10,4,过去了很久，发现很多观点已深深启发了我给分不怎么样，但是我牢牢记住了“相信真理怀疑一切”，要到处走走火车旅行感受人类生活的不同，内容相当值得一学
144936,1778,董绍春,2021-12-26 03:37:42,3,6,3,我觉得不行
151884,1778,董绍春,2022-03-19 05:24:30,1,7,6,哎，每学期都会点进来看看董老师风评有没有变化，又在教务网上看到人类学导论、评价论美学两门课已经没有了，我只想说这对于浙江大学来说是一个巨大的损失。
152936,1778,董绍春,2022-04-22 03:13:38,11,13,2,选课人类学概论。\n\n浅列三点不太负责的讲课事实情况。首先，讲课缺乏辩证性，常常只根据个体案例只强调某一方正确正义，只强调某一方错误卑劣，而不常以全面的视角分析人类的复杂性，不常深入分析表面现象背后的深层原因而停留在印象阶段。同时，很多情下拿自己在营销号里道听途说的无认证真实性的消息作为讲课材料（例如特斯拉手稿的例子等等）。最后，讲课喜欢夹带zz私货，无法在传授知识的过程中控制自己的情绪，常常知识点讲到一半开始自顾自跑题。\n\n\n\n但他整理的讲义和知识个人认为很有价值，能够梳理清楚概念，个人深感开阔视野。\n\n\n\n总而言之，建议选课的同学有自己的独立判断。
155779,1778,董绍春,2022-06-16 02:22:53,0,3,3,存在于自己构建的学术世界体系中，并以此为基准来应对其他人。如果真的要选，希望自身要有一定的判断力吧，虽然我觉得这种判断力大概率会让你在他的课上过的很痛苦，因为没有人可以完全体会另一个人的世界，特别是一个自言自说的世界…
156096,1778,董绍春,2022-06-17 13:47:25,0,5,5,终于荣休了，以后的学子不用再受折磨了，身为学长的我感到莫大的欣慰
173903,1778,董绍春,2023-06-04 08:28:06,3,6,3,先生之风，山高水长
180608,1778,董绍春,2023-09-23 10:30:42,3,3,0,脑子有病吧
180609,1778,董绍春,2023-09-23 10:41:31,-1,2,3,给分全看心情
180611,1778,董绍春,2023-09-23 10:48:04,-1,2,3,选上了人类学导论就自求多福吧
197528,1778,董绍春,2024-07-18 03:37:55,2,2,0,人类学概论，认真学收获很大，扩大自己的视域。最后考试自认为答得还不够好，最终95分
205053,1778,董绍春,2024-11-30 11:32:39,1,1,0,恩师！
41015,1826,王江丽,2017-01-08 04:32:08,5,9,4,会讲很多干货！
46674,1826,王江丽,2017-01-22 06:37:46,-1,3,4,对学生要求严格，人挺好
47970,1826,王江丽,2017-02-27 16:01:33,14,21,7,很有情怀的一个老师，总是鼓励学生多看是\n\n
53203,1826,王江丽,2017-06-26 07:37:23,7,12,5,很热心，课讲的太发散了，一定要自己看文献才行
62025,1826,王江丽,2017-11-22 07:49:45,1,2,1,？？？
62136,1826,王江丽,2017-11-22 13:29:28,0,1,1,666
62302,1826,王江丽,2017-11-25 08:45:03,7,9,2,点名全到，准备发言花了一个早上的时间，论文全部是非常用心写的，大部分时候坐前排，不水手机听了大概80%的内容，可以说是目前为止最用心的一门通识了。最后3.6，无话可说。毕竟这么努力还比不上那些从来不听课最后肝一篇论文的人。
62304,1826,王江丽,2017-11-25 00:12:59,5,6,1,我已经非常努力了（？），至少比以前慢绩的通识要努力，而且能争取的都争取到了，绩点还是不够令人满意。不过，大家到底是学到了真东西，还是浮躁的为了绩点，我想老师是看得出来的，所以我还是很服气，这个老师有真才实学，严格得让人心服口服
62310,1826,王江丽,2017-11-24 06:50:08,2,4,2,点名2~3次。国际法与国际关系这门通识课重心还是在国际法。课上套话不多，一个学期的课还是收获挺大的。
62371,1826,王江丽,2017-11-24 12:56:56,0,2,2,知识量挺大的，认真学是能学挺多的。但是本人比较懒，就水过去了。论文要注意格式，感觉挺看重的，最后一篇论文两天肝完，3.9，我觉得给分还不错
62378,1826,王江丽,2017-11-24 13:42:25,5,5,0,作业认真做了 点名也都到了 给分却很低
62386,1826,王江丽,2017-11-24 15:00:54,1,2,1,讲课讲的不错哦，不会困的，上课要求发言一次，中间有一个1500-3000字的小论文，期末考是3000-5000字的大论文，绩点感觉一般还行，3.6
62401,1826,王江丽,2017-11-26 07:52:14,1,2,1,感觉只有国际法，国际关系的内容涉及很少啊
62450,1826,王江丽,2017-11-25 09:42:41,-1,0,1,一个可以学到很多东西的课和一个对自己事业非常热爱的老师
62472,1826,王江丽,2017-11-25 11:28:03,2,3,1,还可以，3.6
62481,1826,王江丽,2017-11-25 11:51:41,2,4,2,很认真的老师，每次第一节课都留给同学分享与提问，会耐心解答，也会讲她参加国际会议的经历，总之优秀！
62501,1826,王江丽,2017-11-25 13:52:19,5,5,0,全勤加作业 3.0 呵呵
62585,1826,王江丽,2017-11-26 04:55:26,1,2,1,事例与理论结合来教学。很多国际大事虽然我不太了解，但是仍然感觉很有趣～总是鼓励我们自己多读书，还带我们去听了前中国驻荷兰、阿联酋大使的讲授～老师，很开心能上你的课！
62626,1826,王江丽,2017-11-26 08:31:06,-1,2,3,很好，
62656,1826,王江丽,2017-11-26 09:37:14,7,10,3,感觉老师很渊博。。内容很干货。。大一新生兢兢业业。。全勤。。作业也做。。感觉自己发言也不错。。竟然被正态了呜呜呜3.0。。造化弄人
62939,1826,王江丽,2017-11-27 11:42:10,1,3,2,上完一个秋学期的课，我认为王老师是非常让我敬重的好老师，备课仔细，干货多，强调自主逻辑思维能力和学术写作规范，提供大量课内外的互动机会并且鼓励我们自主学习，可以说负责、严格。国际法与国际关系课老师更多地教授国际法内容，可以说为有志于走这条道路的同学提供了很好的打基础的机会。作业不算太多，文献阅读比较多，给分我个人而言还不错，是一门不水有收获的通识，推荐有兴趣的同学修读！
63333,1826,王江丽,2017-12-01 02:32:57,5,9,4,老师学识渊博经历丰富，上课内容理论结合实践，干货多，认真听课能学到很多知识。最后拿到了4.6，发言一次，论文好好写了，自己觉得还不够满意。作为学姐在这里多说一句，虽然现在绩点确实重要，但对一个学生来说知识的学习才是真正有价值的，所以看开点。以及那些努力了分不高的同学可能还是因为你能力不足，这理由很现实挺伤人的，不过论文和思维逻辑随着知识积累和练习总会有进步，这需要时间。更好的解决办法是专注提高自身而不是怪老师严格。
66664,1826,王江丽,2018-01-18 05:32:40,3,5,2,事情偏多，但是教会了我写论文。给分一般般，主要看论文吧。两篇论文，没有恶竞，主要在于思想——社科大佬很多，压力好大啊。老师要求比较高，上课很有内容，还是学到了一些的。付出与回报成正比吧。
69638,1826,王江丽,2018-01-25 06:06:43,4,4,0,讲课很发散 不系统 声音比较絮叨那种。老师自己倒是挺厉害的 是个博士
149237,1826,王江丽,2022-01-15 00:40:34,3,5,2,就从老师会仔细读几次论文并写上意见发回这点，我觉得王老师很负责任
161825,1826,王江丽,2022-11-14 06:20:53,-1,2,3,想水课和绩点的就别来了（国际法和国际组织）\n\n上过课的我只想说：“Elegent!”
165159,1826,王江丽,2022-12-29 12:03:02,5,5,0,三节课有时候经常不下课听起来还是挺累的，老师声音小小的坐在后面一点就听不清在讲什么。上了几节课发现自己对国际法可能没什么兴趣但还是上完了。作为一个大一新生，考核的方式是要非常严谨的写两篇论文，极度重视格式让我觉得作为一门通识课未免太死板，且上课也没有教我们怎么写论文，只是拿了个样板就让我们自学。考核方式很主观捉摸不定，不知道自己的努力会不会有回报。总之老师确实是有真才实学，但这门课也有点枯燥艰涩，不想读很长很难懂的一堆国际条约的话还是不要来了
168048,1826,王江丽,2023-03-07 03:48:00,5,6,1,发言不太多，pre参与度一般，其他环节自认为做的还可以，但是期中论文捅了大娄子（格式出了点问题），最后86，4.2.已经很满意了
168067,1826,王江丽,2023-03-16 14:12:05,-5,5,10,论文死抠格式，内容反而是其次，感觉挺离谱的。想高分的别选了，均绩大掉😅
168097,1826,王江丽,2023-01-27 04:51:34,4,6,2,很有魅力很有情怀的老师，非常认真。要求相应高、但是可以学到东西！
214541,1826,王江丽,2025-02-11 16:48:01,2,3,1,给分不好
214561,1826,王江丽,2025-02-13 04:53:06,4,5,1,因为是公管的老师，所以整体课程的安排更偏向于国际关系而不是正宗的法学概念上的国际法。\n\n上课会点名，拉小火车让你读案例文本、条约文本，梦回小学了属于是？？？？？不懂在干什么\n\n期中一次重格式的论文，期末一次论文，上课本来说要求每个人达到5次发言，结果自己就没有好好安排这个发言，没有一个同学达到这个标准，我请问呢？\n\n上课的内容完全不成体系、有一种用很学术、大师语气给你阐述出来一堆废话的感觉？课件也从不发在群里。。。我的理解是不如法学院自己的国际法\n\npo自己期中的论文是优秀，期末也有用心在写，喜提85卡绩，其他同学也很多85，给分很差，比公管其他老师差多了，赶紧跑吧不要回头反正是选修！！！！！！！！！！！！！！！！！
20652,1831,陈东进,2016-01-29 12:05:15,-6,2,8,课讲的感觉比较随意
33023,1831,陈东进,2016-09-10 05:34:32,-5,3,8,给分不要太高~不然怎么拉开距离^o^
45650,1831,陈东进,2017-01-20 02:03:11,11,14,3,人很好，比较关心学生，但讲课水平有待提高
46349,1831,陈东进,2017-01-21 10:03:05,6,7,1,老师人不错，也挺温和。就是不知道是课程本身内容的原因还是讲课方式的问题，感觉比较枯燥乏味，不过给分貌似还可以\n\n
60754,1831,陈东进,2017-10-29 12:17:18,5,5,0,陈老师讲得很认真，不过有时候有些枯燥，7.5分吧。
64813,1831,陈东进,2017-12-27 08:45:29,2,2,0,老师比较关心学生，讲课也很有水平，教授了很多学术研究所必须的方法，给分也高，美中不足在于说话声音不太高，上课略嫌枯燥。
79176,1831,陈东进,2018-05-25 14:26:10,2,2,0,老师人品太好 不选她的课后悔去吧
87416,1831,陈东进,2018-09-28 15:44:47,0,0,0,老师讲课非常认真
90336,1831,陈东进,2018-11-23 07:57:25,0,0,0,一个很温柔的老师
90641,1831,陈东进,2018-11-24 15:54:54,0,0,0,老师人真的很不错，给分也不错。
98974,1831,陈东进,2019-01-24 06:07:18,2,2,0,会特别照顾本专业的学生，外专业慎选，给分也没有想象中的那么好，只能说一般吧
99475,1831,陈东进,2019-01-25 00:36:01,1,1,0,本专业和外专业差别对待，说实话也没觉得本专业的人学的比我们外专业的好在哪里?但就是给分低，而且讲课不行
3356,1870,许庆明,2015-06-05 02:22:57,17,28,11,原本以为这门通识应该挺有趣，结果上到后来真是水得不行。
3790,1870,许庆明,2015-06-17 04:23:12,12,20,8,没有这么差吧 上课认真 人慈祥 给分还不错
5315,1870,许庆明,2015-07-06 14:02:14,3,7,4,我觉得是很不错，有水平的老师，还特别认真地帮我改了一遍小论文。
7299,1870,许庆明,2015-09-13 08:36:44,2,3,1,好
8949,1870,许庆明,2015-10-04 00:56:37,10,13,3,中国区域发展这门课真的没什么重点可言啊，难道空间经济学，区域经济学就只有这么点理论吗？
9307,1870,许庆明,2015-11-23 10:01:10,6,7,1,老师全凭论文给我们打成绩 感觉太主观随机了 论文又不是很努力就能写的和你心意的 有点不公平
9859,1870,许庆明,2015-11-11 10:32:31,3,4,1,老师很可爱 就够了
9986,1870,许庆明,2015-11-14 02:05:07,3,4,1,可以，好好听还是很有收获的
10709,1870,许庆明,2015-11-23 02:27:04,3,6,3,很有耐心的老師，講的也挺好，很認真，給分也不錯
10715,1870,许庆明,2015-11-23 03:00:38,0,2,2,呵呵呵
10743,1870,许庆明,2015-11-23 04:07:50,3,3,0,不错哒\n\n
10755,1870,许庆明,2015-11-23 04:25:02,9,12,3,好苦啊 认真写了论文还是只有3.7
10756,1870,许庆明,2015-11-23 04:25:58,1,2,1,好苦啊
10757,1870,许庆明,2015-11-23 04:32:15,3,3,0,挺水的课，讲课的内容基本可以用一个框架直接概括，老师人不错
10809,1870,许庆明,2015-11-23 05:53:01,8,16,8,论文写了8000字还是。。。唉
10819,1870,许庆明,2015-11-23 06:13:03,4,4,0,老师人很好，讲课的话听了是很有意思的，很可爱的一个老师，如果能有一份教学大纲就好了
10996,1870,许庆明,2015-11-23 15:50:54,3,3,0,还可以。是有些有意思的东西
11063,1870,许庆明,2015-11-24 04:36:00,9,12,3,水，但是分不高，特别是辛苦写了两篇论文之后。
11077,1870,许庆明,2015-11-24 05:13:47,-7,6,13,反正我是满了 论文多写点没坏处 认真对待 很有收获
11119,1870,许庆明,2015-11-24 10:11:18,0,3,3,课很水，给分不错
11149,1870,许庆明,2015-11-24 16:44:41,1,2,1,老师很不错的 虽然课可能是很单调了点 但是认真学还是可以学到很多的 推荐选的
11253,1870,许庆明,2015-11-26 02:52:45,6,8,2,课挺水 老师慈祥还有点可爱 讲的还算可以吧 但是给分一般 辛辛苦苦码的论文啊 唉
11255,1870,许庆明,2015-11-26 02:58:02,-8,6,14,老师人真的很随和的，很开心，课也还好玩，就当听了长知识长见闻，有点像高中的人文地理，期中一篇案例期末一篇论文，给分还行吧拿了4.5
11344,1870,许庆明,2015-11-28 03:25:44,8,9,1,老师蛮慈祥的 上课都是理论概括 蛮虚 我认真写了论文啊然而只有3.4.....类似高中地理吧 很水
11371,1870,许庆明,2015-11-29 08:52:37,3,3,0,水，超水，就凭两篇论文打分\n\n
11381,1870,许庆明,2015-11-29 11:57:25,8,10,2,还不如看高中地理必修二
11408,1870,许庆明,2015-11-30 11:03:36,8,9,1,绩点3.2，我无语了
11425,1870,许庆明,2015-12-01 02:00:28,2,2,0,讲课接地气，没学过经济学也能听懂～
11975,1870,许庆明,2015-12-21 12:09:47,9,11,2,感觉学者气息浓厚，但是几年都没有换内容
12296,1870,许庆明,2015-12-23 01:36:11,3,3,0,中国区域发展的课 不点名 超级水
12302,1870,许庆明,2015-12-23 02:05:59,1,3,2,很水很水，两篇论文，给分倒不错
12494,1870,许庆明,2016-01-13 08:39:51,8,8,0,我觉得这个课其实可以加个考试，去掉一篇论文。光看论文有的时候还是不太合理。
12858,1870,许庆明,2015-12-24 06:45:33,0,2,2,很有意思
13147,1870,许庆明,2015-12-25 03:19:24,1,2,1,好老师！！！
13330,1870,许庆明,2015-12-26 18:26:33,2,3,1,再讲一遍高中地理，给分也不太好
13899,1870,许庆明,2016-01-02 05:56:23,6,6,0,中国区域发展很水的，但是给分一般。
21301,1870,许庆明,2016-02-28 03:24:13,1,2,1,老师讲课很认真，人很好，给分也不错
21455,1870,许庆明,2016-02-29 02:03:59,2,3,1,老师人很风趣，但是没有学到很多东西
21555,1870,许庆明,2016-02-29 07:47:49,1,2,1,讲的有料，水的不行
23878,1870,许庆明,2016-04-19 12:17:25,3,3,0,只有我觉得这老师长得像约翰洛克吗…
26696,1870,许庆明,2016-06-21 02:42:41,2,2,0,特别水(๑• . •๑)，但老师讲得比较认真
35711,1870,许庆明,2016-11-21 13:24:02,0,2,2,16秋学期，成绩昨天刚刚出来，不及格而且低的离谱，我每节课都去，两篇论文也交了。非常诧异（打击之巨大，伤害了我涉世未深的心灵，一度以为自己真的太渣了，论文不合要求云云）然后就发邮件给老师，度过不眠之夜，第二天有回复，说没有收到我的期末论文，我核实了一下，自己之前是发过的，而且在成绩出来当天我把两篇又发了一次。然后我乖乖的补发论文，到现在去查我的分数依然那样，不管怎样，差评是一定的。
36093,1870,许庆明,2016-11-20 09:21:51,0,2,2,老师很好啊⊙▽⊙回答问题超认真，很用心的。最后给分也还不错，事情也不多，就写两篇论文。上课认真听有收获的。
37447,1870,许庆明,2016-11-19 01:11:56,0,0,0,水真的是挺水的。可能是我不在频道上，当我听说写论文要用到他的理论时，我真不知道有什么很独到的理论。。。
37569,1870,许庆明,2016-11-19 13:29:04,2,2,0,考核内容就是两篇论文，感觉不太客观，老师课上得还是挺不错的。
37622,1870,许庆明,2016-11-20 00:53:43,1,2,1,水课是大水课，但是给分不是很好，毕竟论文这种东西……
37661,1870,许庆明,2016-11-20 04:04:06,2,3,1,非常水，不点名，写期中案例和期末论文要用课程的理论，但我觉得课程的理论和高中人文地理没什么区别。。给分在通识课里不算最好，但也不至太差。记住论文要多写点，参考文献多引些，就不致拉低你的均绩了。给高分还是全靠运气的。
37684,1870,许庆明,2016-11-20 06:24:15,1,2,1,课水，完全不知道理论是什么，给分也不高
37687,1870,许庆明,2016-11-20 06:45:48,1,2,1,老师蛮不错，但是课感觉没什么用
37696,1870,许庆明,2016-11-20 08:54:03,-1,1,2,水，不点名，但我每节课前排认真听，有事还正式请假，论文超认真，文献拼命查，分为什么这么低！
37742,1870,许庆明,2016-11-20 14:34:21,-1,1,2,垃圾许庆明
37744,1870,许庆明,2016-11-20 15:22:27,1,2,1,一个每节课都听的人…被正态…一个没一节课听的人…满绩…
38112,1870,许庆明,2016-11-24 11:44:58,1,1,0,讲课很认真，给分也不错
39986,1870,许庆明,2016-12-28 12:33:50,1,2,1,其实论文认真写，上4还是很容易的。
47425,1870,许庆明,2017-01-26 08:03:17,0,0,0,没意义，水到不行，完全看两篇论文，又不教怎么写，一天到晚瞎BB，作为理科生真的是生无可恋，最后3.9，竟然还算好了
47656,1870,许庆明,2017-02-13 03:13:43,0,0,0,老师挺好的。一篇论文，3000字。绩点3.1～上课没压力，就是讲讲城市的发展
56253,1870,许庆明,2017-07-03 10:31:24,0,0,0,课还不错，给分不好。炸毛。
7744,1890,刘朝晖,2015-09-15 11:28:19,0,6,6,可以的
8572,1890,刘朝晖,2015-09-22 13:15:01,1,7,6,滔滔不绝，太能说了，不过挺有意思的\n\n就是作业有点多，还有很多要看的书
9147,1890,刘朝晖,2015-10-14 10:54:48,-5,5,10,理论课很开心    讨论课助教来上   非常痛苦  要看的书太多了
13587,1890,刘朝晖,2015-12-29 15:00:31,-3,6,9,老师人很好，不过讲课思路不怎么清晰
13960,1890,刘朝晖,2016-01-04 08:28:03,9,12,3,很不错
14214,1890,刘朝晖,2016-01-05 11:22:32,21,30,9,思维发散  语速快   通核讨论课做讨论简报的时候仔细听了两星期课的录音  才发现刘老师不仅仅是滔滔不绝      受益匪浅
16608,1890,刘朝晖,2016-01-18 14:42:42,3,10,7,知识太渊博了，讲起来滔滔不绝，让人很有思考。
16613,1890,刘朝晖,2016-01-18 14:13:55,0,5,5,这学期上的，老师知识渊博视野开阔对我有很大启发。成绩最高比例给了，没拿到优秀怪老师？要看的书多，但总任务也就1次简报+1小组PPT，比周周做PPT的好多了
16618,1890,刘朝晖,2016-01-18 14:20:57,2,5,3,挺喜欢讨论课的
16620,1890,刘朝晖,2016-01-18 14:22:54,2,9,7,好老师，好助教，拉高绩点0.6☺
16626,1890,刘朝晖,2016-01-18 14:31:51,2,6,4,非常棒的老师～我上的文化人类学的通识课感觉很有收获，老师和助教真的有引发我对人类学的思考。包括学习过程中每周一次的文献阅读和讨论课任务，都是非常有意义的。
16680,1890,刘朝晖,2016-01-18 17:37:40,2,3,1,老师知识面很广，也亲身参与过很多调查研究，讲课内容还是很丰富有趣的，人也很幽默。作业不算太多，也不是太强制，阅读材料都比较有意思有内容，是老师筛选过的ˊ_>ˋ
16685,1890,刘朝晖,2016-01-18 18:37:47,0,2,2,老师确实挺渊博的～表示该课助教绝赞！
17096,1890,刘朝晖,2016-01-19 14:50:16,0,1,1,好好好
21526,1890,刘朝晖,2016-02-29 06:06:28,-2,2,4,老师超好的哇，给分也超赞，你们懂的，基本没什么事，但是就是分高
26139,1890,刘朝晖,2016-06-16 05:51:14,0,1,1,很棒的
26390,1890,刘朝晖,2016-11-02 17:04:35,0,1,1,上完这门课收获颇多，拿到优秀保住了绩点(ಥ_ಥ）
26903,1890,刘朝晖,2016-06-21 14:13:42,0,1,1,老师超棒啊 讲的很有趣很渊博 而且会听学生的建议
32260,1890,刘朝晖,2016-07-06 05:16:01,0,2,2,好老师，知识渊博
61971,1890,刘朝晖,2017-11-22 03:51:56,0,2,2,挺好的。。。
65290,1890,刘朝晖,2018-01-02 11:14:47,6,8,2,老师其实挺好的，不过自己可能真的不适合学人类学吧，阅读资料甚至讨论问题真的看不懂啊。。。(捂脸逃
66533,1890,刘朝晖,2018-01-17 07:46:09,3,7,4,刘老师人超nice啊，路上碰到了还能主动和我打招呼哈哈哈，上课也挺有趣的，真的能启发我们去思考。每周的阅读资料有点多，看不过来呜呜，表白助教迪娜姐姐吼吼！
69594,1890,刘朝晖,2018-01-25 04:44:41,2,3,1,老师上课超级棒，通核很有意思，要看挺多书的，非常有收获，助教哥哥也超级棒，让我感受到人类学的魅力
73674,1890,刘朝晖,2018-02-02 14:01:49,0,2,2,很棒的老师
100079,1890,刘朝晖,2019-01-25 13:55:51,-4,2,6,老师超棒！
100110,1890,刘朝晖,2019-01-25 15:13:09,3,6,3,刘老师的知识水平很高，能将人类学中的知识讲得通透又不要失去严谨性。助教是老师带的研究生学生，我们班的助教金学长很幽默，组织的讨论课也很有趣，看得出学长是很想调动我们的探讨热情的。也有自己的独立观点，之前就文明史观向学长讨教，印象深刻。
100205,1890,刘朝晖,2019-01-25 23:14:16,-1,6,7,老师超级超级好！助教也超级超级好！讨论课多发言，讨论简报好好写，读书报告好好写，考试稍微准备一下，上4没问题的！老师似乎给了挺多满绩。
100218,1890,刘朝晖,2019-01-25 23:29:07,7,9,2,就是好！事实证明讨论简报，论文和期末考占大头，（课上没发炎几次）208班的助教xgg人很好！
100282,1890,刘朝晖,2019-01-26 02:01:19,5,7,2,老师很棒啊虽然说的东西很快但是收获也很大！讨论课氛围也很好！就大家一起怼助教2333
100539,1890,刘朝晖,2019-01-26 09:14:55,0,3,3,老师超棒的！人超好懂得多思维敏捷！助教也很好（大家一起怼助教！2333
100573,1890,刘朝晖,2019-01-26 10:29:13,4,20,16,认真学的一门课成为了通识绩点最低的课\n\n一礼拜好几本书全都要看完 很有可能就抽你上去展示 \n\n一个学期平均展示三次 论文三篇\n\n劝退！劝退！劝退！（重要的事情说三遍）\n\n我上课积极 作业认真 考前认真复习 \n\n结果绩杀！绩杀！绩杀！
100784,1890,刘朝晖,2019-01-27 00:20:27,2,6,4,这门课是不喜欢讨论的同学的福音啊！主要是讨论简报，小论文还有考试。每个人平均写两次讨论简报，这些认真点上四不是问题。本人一学期就发言了四五次，最后4.5。感谢！
102519,1890,刘朝晖,2019-02-04 07:10:50,2,4,2,老师人超好超可爱！会鼓励同学发表自己的见解，让我真的有了解到人类学的很多东西aaaaaand这节课对不善发言的也很友好！强推强推
116708,1890,刘朝晖,2019-09-14 00:47:53,2,2,0,社会调查4.5，比较满意，老师超级渊博、耐心。
116722,1890,刘朝晖,2019-09-14 05:28:42,1,2,1,其实正太了但是问老师的时候老师很认真解答！真的很负责，讲课相对另外老师也更有逻辑有更多案例分析
120789,1890,刘朝晖,2020-01-17 03:00:16,6,16,10,感觉自己的努力没有被尊重
121000,1890,刘朝晖,2020-01-19 08:22:45,14,18,4,对不起 老师是很好 但是理工科慎选
123814,1890,刘朝晖,2020-06-14 14:23:16,1,1,0,老师真的超级好 作为外专业的同学上了通核课收获真的很大 虽然过程中有点辛苦 但是真的很有帮助 表白刘老师1
131817,1890,刘朝晖,2021-01-29 04:15:20,5,6,1,文化人类学事情很多的，如果学期专业课比较忙慎选。给分其实还好，因为通核本身就是五级制而且正态要求，所以没办法做到给每个人分数都好，但是绝对会最大程度给高分。老师人真的很好。
133992,1890,刘朝晖,2021-03-11 12:15:03,0,2,2,。。。。
146045,1890,刘朝晖,2022-01-05 08:17:32,2,2,0,文化人类学：\n\n课程本身是值得来选的：难得有机会能和同龄人交流文化、技术、宗教和婚姻等话题，老师和助教备课认真，只要听得进去就有启发。至于人类学有什么用这个问题，期中时我觉得这些理论观点和远方的人和事确实没什么用，期末时发现确实一定程度上影响了我的思维方式和三观。\n\n任务量：今年是一篇3000读书报告（万古江河）、一篇讨论简报和两次pre/人以及最终的开卷考试。经典阅读任务量不算重，虽然书目很多但老师节选了相关章节，而且讨论的时候不看书也能凭直觉讨论，所以坦白讲我读得不太多，但轮到自己展示前肯定是要读的。\n\n给分情况：还没考，但通核课都要正态的，又是4分的课，所以还是慎重一些吧。
147250,1890,刘朝晖,2022-01-09 08:53:17,3,3,0,老师学识渊博，但是文化人类学对我来讲真的有点难，上课糊里糊涂，课后阅读内容偏学术，看的一知半解。作业量很大，一个学期下来每人都会轮到写1w+字的讨论课简报，3k读书报告，3-4次pre，课后阅读材料非常多（讨论课需要用），到后来太忙只看自己组展示需要看的那份材料了。如果不是对社会学相关很感兴趣，慎选。
149417,1890,刘朝晖,2022-01-15 09:03:41,0,2,2,文化人类学不是百分制，给分是11级制/5级制，考试成绩占绩点比重比较大，考试发挥还不错，平时发言论文中/中上水平，最后得了A，谢谢老师。
150947,1890,刘朝晖,2022-02-21 09:34:36,0,0,0,上课还挺有意思的，内容丰富，可以拓宽知识面
155355,1890,刘朝晖,2022-06-11 12:12:42,2,3,1,文化人类学。\n\n事情很多。一万字简报会卷到一万四千字，每周都要准备展示的资料啥的。\n\n但是，这门课，特别是讨论课，真的令人印象深刻。宗教，性，美食，生态。。等等等等，无所不包。
155629,1890,刘朝晖,2022-06-15 00:58:22,5,5,0,虽然被卡绩了，但是还是对自己的成绩挺满意的(别误会，我没啥追求)，感觉老师和助教都非常好，细心负责，而且在课上真的能学到很多知识，感觉自己的视野和格局都得到了提升，不过平时任务有点多每周一次展示，期中一篇3000字读书报告，每个人都会轮到写一次讨论简报，期末开卷考，助教会提前发PPT，对社科类感兴趣的uu快冲，真的可以学到很多，极佳的上课体验
155637,1890,刘朝晖,2022-06-15 02:40:36,2,2,0,文化人类学很辛苦的一门课，但是讨论课真的很温暖，也能学到很多有意思的知识，刘老师很随和，很有学问也很谦虚。太爱209讨论班助教小姐姐啦！
156449,1890,刘朝晖,2022-06-19 18:46:07,6,6,0,大赞刘老师的文化人类学，分值最高的通核课，选课时也是大热门，可以说用尽了我一轮选课的好运选上了，刘老师和助教老师可爱的yccxjj都好好\n\n刘老师上课很亲切和蔼的，经常拿他做田野调查的事例现身说法，对同学的讨论简报的阅读和点评也很深入和细致。任务肯定是多的，毕竟是通核课，8000—10000字讨论简报也有人卷到三万多字，还有3000字读书报告，每周小组展示（附加着大量文献的阅读和材料搜集），对我个人写作和文献检索也是很有裨益\n\n讨论课比较积极地参与吧，原来我后来也在划水了。期末是随堂开卷考，PPT打印下来完全没问题的。本来以为是五级制，出分的时候还是万分忐忑，结果竟然超出预期（毕竟是大佬云集的课）呜呜跪谢
197308,1890,刘朝晖,2024-07-10 17:03:40,6,6,0,修过文化人类学，过去很久了来写个点评，这门课每周两次，理论课大班90人左右刘老师上，讨论课分30人左右小班助教组织，说实话阅读量不算少，任务量也不算轻，但绝对是我本科目前觉得最有意思的课，理论课有故事，讨论课有思辨。期末考前会发PPT，开卷考，认真准备分数不差。如果不是这门课，我从来不会思考人种、婚姻、家庭、社会、宗教，也不会接触人类学，因为我的专业和人类学一点关系都没有，但这门课给我提供了一个新的看待世界的角度，影响了我对许多社会现象的看法。重点说一下讨论课，我个人认为讨论课的助教很重要，否则就是坐牢，我班助教是YCC（因为很感谢所以要写一下），讨论课这种反人类的设计被她带得氛围很好，看得出来是认真备课的，会根据讨论问题做PPT、设计延展问题、讨论相关案例、还有很多有意思的书影音推荐。讨论课到后来我们小组大家还成为了朋友，大家都觉得她真的很能够组织调动同学们对问题的讨论，温柔鼓励有同理心，总是笑着可爱又好看，是一个非常认真对待讨论课的超棒助教，点赞，希望她快点穿上博士大红袍，姐姐值得。
197519,1890,刘朝晖,2024-07-18 03:22:22,0,0,0,文化人类学还是很不错的，课程内容丰富学到很多，但是给分比较一般
203917,1890,刘朝晖,2024-11-22 03:50:26,0,0,0,老师人很好，学识很渊博。质性课要求有点高，短学期的课时间有点赶，辛辛苦苦做完研究但给分略低于预期。但算是真的学到了很多东西的一门课。
205633,1890,刘朝晖,2024-12-10 10:06:16,0,0,0,鼓励交流，特别可爱
210198,1890,刘朝晖,2025-01-08 10:47:46,8,8,0,一学期的通识课，每周一次展示，每人写一份一万字的简报，累是真的很累。\n\n不过我还是要给这门课打十分：或许宗教、文化等等的各种各样的知识并没有在我脑中留下任何痕迹，但我始终记得老师讲过的，一名人类学家应该有的心态——中立，客观与包容。放下成见，坦诚交流，以研究和理解的心态面对遇到的人和事。老师和助教始终认真聆听我们的发言，给出话题让我们多讨论，多交流。这让我们小组五个来自天南海北，不同专业，原本有可能毫无交集的同学成为了朋友。\n\n我原本对自己的专业、身边的人始终抱有消极情绪。当我开始站在别人的角度客观地讨论自己时才发现，每一个人在这个社会中都站在独一无二的位置上，你越包容世界，世界越包容你。\n\n感谢老师、助教和组员们，我从这堂课中得到的收获远远超过课本上的内容本身。
213742,1890,刘朝晖,2025-01-19 11:34:59,2,2,0,文化人类学，虽然事情比较多，但是一个学期努力下来很有收获，给分也很好
216662,1890,刘朝晖,2025-03-20 08:51:08,2,2,0,老师好，助教好，组员好，我也很满意上这堂课的自己。
217717,1890,刘朝晖,2025-04-15 11:20:50,1,1,0,文化人类学真的是大学上过最有收获的课。现在回想一下，虽然很累，但是那段每周都被迫阅读，思考和表达的日子真的感觉，让我原本沉寂的脑子又重新活动了起来。感谢文化人类学，感谢老师和助教老师。
312,1925,冯钢,2017-10-23 08:57:12,15,27,12,人生第一次三观的质问，第一次开启自己反思社会的大门，高深的道理却用小故事娓娓道来，赞！
460,1925,冯钢,2015-03-15 02:47:17,39,53,14,带给你不同的看世界的视角，是启迪人思考的好老师，至少我是这么认为的。
510,1925,冯钢,2015-03-15 03:42:58,9,31,22,课好 分坑 挂科率高得不行了 一寝室三个人挂
800,1925,冯钢,2015-03-17 05:06:32,8,13,5,上课认真听，会有很多启迪
872,1925,冯钢,2015-03-18 07:13:35,4,7,3,赞 男神！！
902,1925,冯钢,2015-03-18 15:16:49,4,7,3,老师讲的很好，难得这么好的老师！
2676,1925,冯钢,2015-05-05 07:29:49,6,10,4,课好，适合旁听～
4491,1925,冯钢,2015-06-24 02:02:23,18,30,12,例子鲜活生动，讲述清晰明了，考试绝对是讲过的，认真记笔记听讲分不会坑，而且老师是男神啊还有什么好挑剔的！！！
4513,1925,冯钢,2015-06-24 05:14:43,4,7,3,讲的超级好 开拓的是人生的视野 也很幽默风趣～
7849,1925,冯钢,2015-09-15 15:38:14,4,7,3,浙大男神！
11461,1925,冯钢,2015-12-02 04:45:14,2,4,2,冯老师人很有魅力，上课很棒
15306,1925,冯钢,2016-01-13 13:16:03,3,5,2,风流倜傥 每次课都很有意思
15308,1925,冯钢,2016-01-13 13:21:02,0,3,3,老师的个人经历很丰富！讲课也风趣。
15779,1925,冯钢,2016-01-16 08:57:02,12,21,9,没有写文综卷的经历还是慎重吧，作为理科生认真笔记期末几乎都背下来了然而绩点还是爆炸，听课不错只是考试相对坑。
15780,1925,冯钢,2016-01-16 09:00:44,0,4,4,看百度百科就懂了。非常好的老师。分给的一般般。但是事少
15808,1925,冯钢,2016-01-16 10:06:24,5,6,1,老师讲得很好\n\n上课一定要听，否则考试会完
15813,1925,冯钢,2016-01-16 10:16:52,-1,2,3,确实讲的很好～给分其实不错虽然我并不算太好= =
16017,1925,冯钢,2016-01-17 04:21:33,-1,1,2,课好，分少。怪我没好好听，但我确实背笔记了\n\n
16254,1925,冯钢,2016-01-17 14:55:45,0,3,3,课讲得好，然而本人表示死于考试，不擅长答这种题怎么记笔记都是没有用的
16509,1925,冯钢,2016-01-18 09:21:31,1,3,2,简直男神
16773,1925,冯钢,2016-01-19 02:50:55,1,4,3,老师上课完全信手拈来非常流畅，认真听的话不仅考试轻松而且真的会让你思维方式被拓宽～虽然被正态了没有90还是超级爱这门课！
21713,1925,冯钢,2016-03-01 01:19:54,4,6,2,师者，所以传道，授业，解惑也
22767,1925,冯钢,2016-03-11 02:08:14,0,2,2,考试只要把他上课说的话都记下来，就是满绩
31275,1925,冯钢,2016-07-03 13:56:24,6,13,7,此君在浙大可谓特立独行，然而一头长发又自带男神气质，社会学视角独特，举的例子也很新颖。至于给分的问题，只要你考试按他的观点来答，成绩就不会有问题
37250,1925,冯钢,2016-11-18 04:38:47,1,5,4,我是搞妇女的
39696,1925,冯钢,2016-12-27 04:09:47,-1,1,2,男神，不解释
41109,1925,冯钢,2017-01-14 15:28:42,3,5,2,大爱老师
41720,1925,冯钢,2017-01-13 01:32:11,-7,6,13,上课不点名，平时无作业，考试很简单，只有四道题，随你怎么答，绩点都不低，最低3.5，满绩很容易。
42663,1925,冯钢,2017-01-14 23:15:24,-1,0,1,很好，
42666,1925,冯钢,2017-01-14 23:33:24,2,3,1,课很好人也很好就是考试好坑绩点也好坑大概理科生不合适
42703,1925,冯钢,2017-01-15 03:04:33,1,4,3,冯钢的课真的很有意思，好好听课能够学到很多。而且考试千万要按上课讲的来写，如果平时真的不能每节课都集中精神好好听，考前一定要借大佬的笔记，好好看。其实不用背，理解了顺手就写出来了。
42704,1925,冯钢,2017-01-15 03:05:26,4,5,1,死于考试，只适合听课
42715,1925,冯钢,2017-01-15 03:24:51,0,3,3,个人觉得大一上听的最好的课\n\n事情少\n\n只要认真听课考前复习一下给分不会坑
42843,1925,冯钢,2017-01-15 09:30:55,-1,1,2,给分很好!
43018,1925,冯钢,2017-01-15 14:58:39,3,5,2,上的社会学入门，老师本人很风趣幽默，会举很多生活中的例子或历史上的事件再用社会学的相关知识解释。课上还会涉及一些心理学，经济学的内容，课程的知识很有用，除了能解释很多社会现象问题还能用到其他课上，比如我的史纲论文里就用了社会学的视角看问题。\n\n想拿高绩点的话，一是要上课好好听讲，做笔记，考前看一看，其实很多事例记住了，理论也差不多理解了，就是用词的专业性，二是如同文科生的答题逻辑和技巧可能更得助教心。老师的原话是考试中想着怎么让助教看出你听过课。我最后4.2，算是对得起自己付出的认真和努力吧，毕竟是理科生，字不好看，逻辑也没文科生的好。
43196,1925,冯钢,2017-01-16 03:22:18,0,1,1,虽然绩点低，但老师真心不错
43954,1925,冯钢,2017-01-17 07:00:50,1,5,4,绝对的深度，会打开思考问题的思路，但是理科生不友好啊啊啊，明明期末所有的题我都看了自己的笔记、继承的学长的笔记以及老师的书，还是只有3.6（字丑是我的问题…）只有期末考试这个对理科生要求比较高啊，适合旁听～
44036,1925,冯钢,2017-01-17 08:33:42,5,8,3,知识渊博，学问深厚的老师，有大师风范。讲问题一针见血，令人心服口服。上课思路有点散，所以上课时一定要记下笔记回去还要整理，上他的课可以改变你对世界的认知。
44975,1925,冯钢,2017-01-18 16:37:10,-1,0,1,老师讲课挺有趣。但不是很喜欢期末考考4道大题而且只能按照老师讲的回答。
47223,1925,冯钢,2017-01-24 14:49:40,0,1,1,\n\n
47631,1925,冯钢,2017-02-09 05:36:12,2,4,2,不错的老师
48218,1925,冯钢,2017-03-01 09:22:10,6,6,0,……个人不喜欢他的上课风格
49190,1925,冯钢,2017-03-29 03:00:15,4,9,5,听了一圈所谓各个男神的通识课，冯钢讲得是最好的
60442,1925,冯钢,2017-10-24 01:16:20,1,32,31,是把性别歧视玩得飞起的老师呢~
60444,1925,冯钢,2017-10-21 10:24:22,-9,14,23,老师，请问你是猪猪吗
60449,1925,冯钢,2017-10-20 07:40:13,-1,22,23,没想到你是这样的渣
60451,1925,冯钢,2017-10-26 02:51:16,-2,43,45,女权婊都杀到查老师里来了？
60455,1925,冯钢,2017-10-20 16:53:41,1,2,1,
60464,1925,冯钢,2017-10-24 09:40:12,1,40,39,你们知道这位老师在微博上把读研不是为了搞学术现象和推免的女生挂钩吗？知道这位老师在微博上多次借网友回复侮辱女性吗？真的枉为社会学老师。不知道为什么浙大的同学好像看不到一样，就不能正视一下这个问题吗？？？？
60545,1925,冯钢,2018-03-27 03:55:28,25,85,60,他可能是一个好的传授知识的人 但他不可能是一个好老师 因为我觉得老师只能教学生知识是远远不够的 真正为人师表者应将学生引向人生的正途 而很显然的是 他自己就没有做到这一点 他在微博上的话语是如此粗俗不堪 你是无法将他说的话和浙大教授这个词联系在一起的 那些说女权婊的人 请你们从大清的迷梦里醒一醒 新中国已经成立68周年了 毛主席说的妇女能顶半边天在现在这个社会应该更加为人们所认同 不是所有维护男女平等反对性别歧视的行为都是极端的女权主义 都是你口中的女权婊 我们生而为人 而不是生而为生殖器 如果你觉得你的生殖器让你觉得优越的话 那我只能祝福你多多益善
60555,1925,冯钢,2017-10-24 04:10:01,4,7,3,难以置信
60557,1925,冯钢,2017-10-24 05:29:17,0,3,3,大师风范
60606,1925,冯钢,2017-10-25 06:16:32,3,5,2,呵呵哒
60641,1925,冯钢,2017-10-26 02:21:05,5,7,2,这老师好迷啊
60652,1925,冯钢,2017-10-26 04:07:06,-1,4,5,无话可说 摊手
60683,1925,冯钢,2017-10-26 11:59:07,5,10,5,大清亡了
60764,1925,冯钢,2017-10-30 00:32:06,-12,10,22,为人师还不够格，为人够不够格还是问题。
60916,1925,冯钢,2017-11-02 10:37:51,-9,14,23,为啥一个在微博上各种歧视女性的老师有那么高的分  完全不理解
61029,1925,冯钢,2017-11-07 06:55:12,1,23,22,凡是微博女权婊反对的就是我支持的
61521,1925,冯钢,2017-11-18 08:37:58,-1,21,22,女权婊在微博上叫还不过瘾这里也不放过也是6
63397,1925,冯钢,2017-12-02 17:48:06,-6,11,17,歧视女性的垃圾。
65138,1925,冯钢,2017-12-29 08:47:09,-6,10,16,那个高亮的长篇大论说的是什么玩意？什么生殖器优越？怎么？女性就没生殖器了？
65315,1925,冯钢,2018-01-03 03:06:42,-8,15,23,请不知道冯老师何许人也的同学在知乎或者微博上搜索冯钢这个名字，看看他公然性骚扰和歧视女性的言论。无论他课上的怎么样，为人如此令人恶心，不配为人师表。想要读他的研究生的人千万慎重了。\n\n评分这么高，哎，，Ծ^Ծ，，，你们难道一点不在乎老师的品德问题么？
73881,1925,冯钢,2018-02-03 09:59:55,3,9,6,抛开性别歧视不谈，冯钢老师的社会学入入门带给了我非常多的启迪。不仅仅是社会学上的，而且是整个人文学科范畴内的重新认识。他性别歧视，那我们要向美国一样搞政治正确，把他开除出浙大，批臭批倒吗？我也觉得他性别歧视是非常不对的，说明他三观不正。但是私以为，大学生怎么也二十岁的人了，应该了解清楚你是要从他那里学知识，不是认他作爹学做人。
74577,1925,冯钢,2018-03-04 02:33:40,-1,2,3,呵呵呵
77466,1925,冯钢,2018-05-06 01:26:42,0,3,3,社会学入门这个课干货和段子都很多，一个学期下来真的觉得收获很大，能够有很多新的角度去思考问题。老师上课虽然有时候忘记开麦克风，虽然字也不太好看，但是内容和讲述形式都挺容易让我听明白，我觉得至少在作为任课老师这个角色上冯老师还是很不错的。而且老师也不要求每个人都接受他讲的观点或者理论。不过说好的考试只考有没有认真听课的呢？为什么好几题要谈自己看法呀
78461,1925,冯钢,2018-05-12 05:13:47,1,4,3,社会学入门，还是给个满分吧，老师挺用心地上每一堂课的，最后的考试，老师说只要体现出听过他的课就行了，我把上课的段子，老师的一些知识点都写上去了，4.8，考试还是挺功利性的一个东西，所以好好准备笔记，没听课可以借，背熟了成绩不会差。至于微博的言论，至少从课堂体验来看，我认为老师不是那样的人。
78588,1925,冯钢,2018-05-13 13:26:12,-1,3,4,给分超级棒。虽然最后还是不知道滕尼斯是谁。。。展现你听过课给分就不会低。好好复习就好。老师讲的真的一级无敌棒。很多启发。虽然是入门但是认真听真的不止于入门！段子手！无敌帅气
78914,1925,冯钢,2018-05-16 18:06:02,2,7,5,当固化的社会思维受到社会学体系冲击，引发了重新思考的时候，“入门”的意义或许真正体现了出来。可惜来人体验不到了。很荣幸能成为冯老师的关门弟子，即使是一门通识。
86150,1925,冯钢,2018-09-08 08:51:41,6,11,5,“消费升级是向上趋优向下好省”\n\n这种无耻言论的存在时刻提醒我\n\n以后研究社会学做学术了不能成为这种人\n\n社会学不为了人类发展而存在那就没有意义\n\n人们研究劳动史只想让未来的劳工少走弯路少受罪\n\n他竟然还还舔着脸问百姓\n\n何不食肉糜\n\n让人怀疑这家伙的觉悟究竟有多低\n\n诸如此类，冯教授之前微博上的性别歧视言论也是招骂\n\n以上\n\n
86151,1925,冯钢,2018-09-08 10:20:48,2,6,4,真的垃圾
87233,1925,冯钢,2018-09-26 02:51:07,1,6,5,枉为人师
92040,1925,冯钢,2018-12-25 15:03:09,1,6,5,傻逼。
121310,1925,冯钢,2019-12-22 04:58:22,1,4,3,垃圾，枉为人师
134449,1925,冯钢,2021-03-29 04:10:57,6,7,1,那年夏天的反贼，还不爬出浙大!
134457,1925,冯钢,2021-03-29 06:40:12,3,3,0,垃圾玩意
134468,1925,冯钢,2021-03-29 13:51:36,3,4,1,https://mbd.baidu.com/newspage/data/landingsuper?context=%7B%22nid%22%3A%22news_9809995892906197751%22%7D&n_type=0&p_from=1\n\n女权的事先不管，老师，您屁股歪了
134478,1925,冯钢,2021-03-30 00:29:44,4,6,2,卖国贼爬
134480,1925,冯钢,2021-03-30 01:54:13,4,4,0,思想有问题，趁早清除教师队伍
190940,1925,冯钢,2024-03-25 05:30:04,1,2,1,非本专业，今天在98上吃到的瓜，公然在网络发表歧视女性的言论，用喝酒当入门考试的奇葩研究生招生政策，鼓吹西方不戴口罩之自由。去看了微博个人主页，那头像那个人简介那发言，纯纯B男一个，比起大学教授，更适合当网络上的低脂键盘侠
957,1961,陈大柔,2015-03-19 14:33:15,-1,4,5,上课很有趣，老师的确蛮幽默，讲课也很有意思，而且基本上课上都会有一些心理测试的实验
50592,1961,陈大柔,2017-05-03 23:27:25,0,0,0,老师人非常好
60558,1961,陈大柔,2017-10-24 05:52:43,1,1,0,很认真，靠自身魅力留住学生
60756,1961,陈大柔,2017-10-29 12:21:27,0,2,2,有情怀的老师，互动挺多，鸡汤很多，凑合着听吧，7.5分！
62424,1961,陈大柔,2017-11-25 06:18:20,0,1,1,大柔老师超级好！
85321,1961,陈大柔,2018-07-17 03:36:15,0,1,1,鸡汤太多，观念有点过时。
121312,1961,陈大柔,2019-12-21 08:20:04,0,1,1,鸡汤课
128326,1961,陈大柔,2020-12-19 02:07:30,-1,2,3,挺好的。让我从社会回归校园。真的很治愈。评价他鸡汤太多的真是没有受过社会的毒打，这么纯真的感动，很难得的。给老师点赞。失恋那天听的老师的课，前男友完全不care了。整个人都豁达了。
128327,1961,陈大柔,2020-12-19 02:08:30,1,1,0,很喜欢这个老师。一个温柔可爱的小老头~
166251,1961,陈大柔,2023-01-11 14:29:41,0,0,0,卖书，还和仰慕他的女同学神交呢，哈哈
20180,2016,施红,2016-01-26 12:06:33,-10,2,12,很差，照本宣科
20687,2016,施红,2016-01-30 00:03:39,2,4,2,很负责的老师
25499,2016,施红,2017-11-25 09:36:05,2,5,3,棒棒哒
48715,2016,施红,2017-03-10 03:10:57,1,2,1,哈哈哈
54410,2016,施红,2017-06-29 09:37:44,7,11,4,绩点炸了!
81581,2016,施红,2018-07-05 12:46:03,-23,1,24,超级好！！！给分也很高哈哈哈哈
106581,2016,施红,2019-04-28 07:49:18,7,10,3,老师很负责啦，就是分不好
111374,2016,施红,2019-07-01 05:24:06,0,3,3,很认真的老师，传授工伤保险、医疗保险的知识，很有用！
124466,2016,施红,2020-07-01 15:19:46,4,5,1,这学期明明是专业课但莫名其妙考试改论文（还是一个很水的主题，跟上课传授的保险学知识关系不大那种），给分也很emm，完全不像专业课的给分。\n但上课确实很好很负责，能学到很多东西，如果不是专业课建议旁听，不建议选课
124489,2016,施红,2020-07-02 01:58:58,5,5,0,给分是真的...一言难尽
138368,2016,施红,2021-07-08 18:49:40,-12,2,14,保险学绩点4.8，怎么说呢，以为自己能满的（大雾）。施红老师人很好，保险专业科班出身的，对风险、管理的讲授很全面。在课堂上最享受的是讨论保险原则如何确定，讨论案例的时候，那是一种经济学思维的训练。
157762,2016,施红,2022-06-24 17:21:40,2,3,1,给分挺严格的，上课挺好的
173054,2016,施红,2023-05-12 05:06:00,-2,0,2,很好🀄️🀄️🀄️🀄️
177564,2016,施红,2023-07-03 17:59:28,3,4,1,老师讲的很好很认真负责，我自己上课也比较认真论文也在努力写，期中考试出题有点难，确实自己在努力复习，但是和考点完全没多大重合，最后给分也比较一言难尽，是我历史最低分吧只能说，不过还是谢谢老师
177566,2016,施红,2023-07-03 17:55:31,6,6,0,付出了很多努力但是给分和其他专业课相比太差了..比其他专业课均绩低了整整一分
191252,2016,施红,2024-04-15 05:48:49,4,4,0,劳保的专业课，唉
195732,2016,施红,2024-06-29 18:04:01,6,6,0,你大爷的sh，严重怀疑论文给分乱给……………………………均绩掉的找不到头了………………………
197310,2016,施红,2024-07-11 00:57:45,1,1,0,老师人是很好的，但是不妨碍上课体验不太好。首先是期中考试，教考有些分离，建议考前大家找模拟题试试手。其次是论文，同时也是最难受的部分。选题很重要，不好的选题可能导致你搜集材料时举步维艰，建议大家自己找选题...论文的设置其实我也不是很理解，感觉和教学内容关联度不大，但在给分中占比极大。最后，希望老师在钉钉回消息不要已读未回，如果无法回复简单说明一下也行啊。
213031,2016,施红,2025-01-15 17:33:18,1,1,0,老登翻查老师随手评价。施老师功底扎实，授课水平也比较好，保险学可以说是某专业为数不多能真的学到一点东西的课。向以后的学弟学妹说一些经验，符合老师的风格，降低击杀风险：1. 保险学的论文遇到问题多和老师在课间/课后交流，老师会给你一些写作的思路以及资料搜集的途径，写作过程不停探讨修改，分数一定有保障。这毕竟是一门专业课，对待论文的时间投入肯定需要比一般的通识课多；2. 上课最好认真听，或者补天的时候听智云，做好笔记，学有余力可以找本质量好的教材看看，PPT是提纲式的，有些东西期中考试和平时作业的考察内容光看PPT肯定覆盖不全（还有也是出于避免抽问回答不出，当时一个学期下来老师能通过上课随机抽问记住很多人）；3. 尽量不要逃课，被老师点名抓到一定会印象深刻，低分直接和你招手。场外：老师线下人很好，当时还有同学和她交流学业规划的事情，很耐心地聊天给建议。
220784,2016,施红,2025-06-19 16:55:58,1,1,0,绩点低的离谱
39500,2081,刘卫东,2016-12-23 08:10:24,8,10,2,土地孜然薛
39566,2081,刘卫东,2016-12-25 07:48:36,1,3,2,普通话十级\n\n
61896,2081,刘卫东,2017-11-21 12:34:50,3,4,1,见多识广，率直不羁
74829,2081,刘卫东,2018-03-06 05:04:21,0,1,1,除了口音之外，没啥槽点
82940,2081,刘卫东,2018-07-09 10:34:03,0,0,0,hhh
107707,2081,刘卫东,2019-05-08 12:31:00,0,0,0,啥都不说了，老师早日康复吧
169453,2081,刘卫东,2023-02-26 08:37:05,0,0,0,给分逐渐变好
169456,2081,刘卫东,2023-02-26 08:46:14,0,0,0,不动产估价好美的分数（褒义）
3197,2160,田传浩,2015-05-20 11:34:41,6,12,6,老师讲课很有趣
3213,2160,田传浩,2015-05-21 06:37:30,40,50,10,小田田棒棒的！超级负责任！
3764,2160,田传浩,2015-06-17 03:41:51,18,21,3,负责任的老师！
12184,2160,田传浩,2015-12-22 08:11:17,18,22,4,有趣 能引人思考 但是个人不认真就什么也得不到
14005,2160,田传浩,2016-01-03 14:12:08,30,34,4,冷幽默多多，必须认真听才不会错过。非常有收获的通核课。赞赞赞！！！
18556,2160,田传浩,2016-01-22 04:15:12,8,10,2,真的超级超级负责，不过作业要认真做哦，他会认真看的！
19884,2160,田传浩,2016-01-25 13:39:25,7,8,1,好好好
20337,2160,田传浩,2016-01-27 04:55:38,6,8,2,好叼啊！超级好的老师，知识教的很透彻，能学到非常有用的知识！点一百个赞！
21767,2160,田传浩,2016-03-01 05:09:26,6,8,2,很棒的啊 思维有很大提高
24087,2160,田传浩,2016-04-26 23:20:07,5,7,2,见解独到，思想深刻
30694,2160,田传浩,2016-07-02 08:24:22,15,17,2,有认真做学术的感觉，上课认真听不会失望，我从做作业中收获颇多，不过作业确实不算少了，推荐
31316,2160,田传浩,2016-07-03 15:46:33,8,15,7,通核感觉给分随缘
31726,2160,田传浩,2016-07-04 15:35:06,2,4,2,真的学到好多 简直搭起了社会科学学习的基础框架
35909,2160,田传浩,2016-11-10 08:50:05,6,6,0,很有内容的课和老师，上干货
38541,2160,田传浩,2016-12-08 06:36:24,6,6,0,作业不算少，但很有收获，让我对社会科学有了很大兴趣
41075,2160,田传浩,2017-01-09 05:29:56,47,54,7,真的是冷幽默很多啊  跟张翔老师绝对好基友\n\n课堂上也有经济也有政策 还会讲历史\n\n喜欢思辨的同学千万不要错过啊
46024,2160,田传浩,2017-01-20 12:14:20,14,15,1,上课幽默风趣，干货满满。
46386,2160,田传浩,2017-01-21 12:26:13,9,10,1,很会做学问的老师，很有深度，收获很多的通核，强推\n\n
47620,2160,田传浩,2017-02-08 11:19:42,6,7,1,老师很有那种存在于想象中的学者气质，会讲很多自己做的调研，干货满满。
48357,2160,田传浩,2017-03-02 09:52:58,6,7,1,思想独到，能学到东西，也有自己探索的空间～
48827,2160,田传浩,2017-03-14 06:17:20,0,2,2,不太感兴趣，刚进入专业课程的我觉得，田老师是个很有思想的老师！
49566,2160,田传浩,2017-04-18 23:57:18,9,9,0,真正做学问的老师
51992,2160,田传浩,2017-06-14 04:44:11,1,2,1,非专业课中最棒的一门课了，虽然通核作业略多
55246,2160,田传浩,2017-07-01 05:31:56,5,6,1,很喜欢田老师，幽默风趣又干货满满，还有点小可爱，就是语速有点快，需要你集中注意力
63729,2160,田传浩,2018-03-14 12:35:51,6,9,3,民国学者
65660,2160,田传浩,2018-01-30 07:58:37,9,10,1,课程很难，作业很多，压力蛮大了。因为我上课不怎么听，所以给我的分数很不好。唉
71347,2160,田传浩,2018-01-28 10:31:17,2,3,1,老师很有学识，知识渊博，讲的也很好，要认真听收获很大。作业蛮多的，但其实做起来乐在其中，一学期下来感觉很开心，以及，为助教打call。
71354,2160,田传浩,2018-01-28 10:43:44,14,15,1,田老师上课很好，后悔有蛮多节没有认真听。很多内容要想深入理解其实需要自己再花功夫，包括一些很基础的概念，作为外专业的本人上课的时候，面对各种土地领域的概念真的是懵笔。总之，好好上课，课后花点时间钻研一小下，会有不错的成绩的。至于期间的各种任务，有展示、调研、课程报告之类的，个人觉得虽然形式多样，但工程量也是常规通核课的配置。彭助教真的很好！
71379,2160,田传浩,2018-01-28 11:15:12,-4,1,5,讨论课只发过一次言 其他加分的辩论赛什么的都没参加 绩点4.5 感谢助教 期末考试很重要 考的都是上课讲的 认真听每一次课做笔记就行
71409,2160,田传浩,2018-01-28 11:54:21,-1,0,1,老师很有水平，超级睿智！听课收获很多，也很好玩
71862,2160,田传浩,2018-01-29 04:49:08,0,3,3,我平时讨论课不怎么积极，期末也只复习了两天，却没有把我正太，非常非常感谢了，甚至觉得自己配不上这个分数
72171,2160,田传浩,2018-01-29 13:47:23,-3,5,8,现在通核是11级制，土地制度均绩有4.02，只要平时认真，考前花一天左右复习分数不会差的^o^
72417,2160,田传浩,2018-01-30 05:38:54,0,2,2,特别感谢老师，我一个外专业的人第一节课差点被吓走，后来辩论赛调研也没参加居然拿了A。真的学到了很多很多东西，老师人也很好
75643,2160,田传浩,2018-03-14 12:37:34,16,18,2,田老师很好，讲课幽默，学识渊博，听完很有收获，超爱，让我爱上了文科!就是男助教有点...水平一般，还很拽，天天说自己做毕业设计，忙，要是当助教影响你自己学习，就自己调整计划嘛，我觉得既然当了助教，也算为人师了，就应该注意自己行为，请多用用心吧。
77899,2160,田传浩,2018-05-08 11:18:27,2,3,1,难…难…难
78904,2160,田传浩,2018-05-16 11:40:25,8,10,2,为彭莹助教小姐姐大call
84024,2160,田传浩,2018-07-12 01:07:25,2,3,1,好课，有内容，我有点水了，反思一下。不过A-可以接受
84026,2160,田传浩,2018-07-13 03:59:26,-14,8,22,真的是js，学期最低分直接拉低均绩
84027,2160,田传浩,2018-07-12 01:11:34,-1,3,4,非常好的老师，非常好的课，让我觉得上了这么好的课3.8自认倒霉也值了
84046,2160,田传浩,2018-07-12 02:31:02,4,7,3,付出与收获成正比的一节课，各种课后作业和调研报告加起来，我写了有15000＋，考试前也认真的整理了ppt，出了成绩挺满意。老师讲的很好，对开设的这门课有很全面的知识和和很深的认识。而且这门课程里涉及到的很多知识确实是需要把老师列出的参考文献读一读才能有更深的理解，我只是挑着读了一部分，也觉得收获很大了。这门课不太适合想水通核的同学，但认真学一学会有收获的！
84253,2160,田传浩,2018-07-12 11:00:04,4,8,4,课程内容很有收获，真正了解到中国现行土地制度，其中变革的难题。讨论课拓展阅读，助教小姐姐很漂亮人也好，调研一定要实地的，这个很重要。夸一下我们小组，结识一群志同道合的人很幸运，期末了大家都很忙，还是努力把调研报告做好。最后绩点4.2，很满意了
90904,2160,田传浩,2018-11-27 08:09:44,49,60,11,洪学姐有男朋友了吗
97898,2160,田传浩,2019-01-23 01:22:32,7,9,2,老师真的太好了，上课经常流露若不经意的小讽刺和小幽默，同时也传达了很多知识，经常问“我说清楚了吗”，小田认真得可爱。\n\n讨论课的形式也很有意思。洪学姐很负责，学期末还反思了一学期的不足总结了优点也说了抱歉，蛮被震惊的，原来助教可以这么认真。\n\n最后关于成绩，试卷不难的！而且现在有书了，考试变得容易了。只要上课认真听了，一些主要的知识点都能记住的，期末考试建议带书和平常作业的参考材料，很可能出原题
97943,2160,田传浩,2019-01-23 02:25:20,0,3,3,蛮好的
97944,2160,田传浩,2019-01-23 02:25:46,1,3,2,全靠助教提分
97946,2160,田传浩,2019-01-23 02:30:47,0,2,2,老师超级棒的，上课不点名而且阻止恶竞势力
97958,2160,田传浩,2019-01-23 02:43:46,0,2,2,老师超级棒，助教也很给力，只要好好学绩点不低的!
97962,2160,田传浩,2019-01-23 02:47:49,3,5,2,看见助教小姐姐：糟了是心动的感觉
97964,2160,田传浩,2019-01-23 02:48:15,2,5,3,田老师讲课超有意思，上课还会卖萌，表情丰富，经常问“有听说过吗”“我表达清楚了吗？”还有张翔老师讲课也很幽默，到最后两节课才后悔之前没有好好听，满满的干货！尤其是洪学姐，人美心善，天使本使(ฅ>ω<*ฅ)每节课都会提醒我们要好好听课，讨论课也安排的很有趣，鼓励大胆发言，学到了很多
99477,2160,田传浩,2019-01-25 00:36:53,0,6,6,给分不好
108123,2160,田传浩,2019-05-15 10:29:32,24,25,1,一个没什么头发笑起来像蒋介石的老师
109377,2160,田传浩,2019-06-13 13:39:23,12,13,1,这学期选的，还没考试。但是我要吹爆这个课！为什么要这么早写查老师评价呢？因为这么好的通核竟然没啥人选！实话讲，这门课任务比其他通核多一些，但是对培养思维方式和了解中国农村土地制度来说是超级棒的！中国农村的土地是非常非常重要的一个部分，从这个角度去思考某些社会问题经常能得到不一样的结论！总之，学这门课会收获很大，两位老师和助教超级负责，给老师们疯狂打call！（希望自己期末可满绩hhh）
109820,2160,田传浩,2019-06-19 12:26:28,8,10,2,土概课，为我头哥疯狂打call！
109822,2160,田传浩,2019-06-19 12:30:59,4,7,3,田老师很重思维，让人受益匪浅，张翔老师也是好厉害好厉害，在浙大好好上一门有意思的通核很值，助教头哥也思路清晰，不搞恶竞，提升了很多，好喜欢这课，甚至想继续选他俩的新制度经济学惹！
113819,2160,田传浩,2019-07-07 17:09:49,5,6,1,付出和收入不成正比吧……
113857,2160,田传浩,2019-07-07 20:23:01,-1,1,2,上课干货很多，认真听能够学到很多东西，讨论课也非常棒，助教超级超级棒，对于考试嘛……最好能根据老师的讲课自己记录笔记，这样考试的时候会更有帮助
113898,2160,田传浩,2019-07-08 00:06:24,-2,1,3,我只能说我什么都做了，为什么绩点还是那么难看
113899,2160,田传浩,2019-07-08 00:06:27,1,1,0,老是上课很有趣！给分也很好(✪▽✪)
113903,2160,田传浩,2019-07-08 00:16:03,2,3,1,表白两位老师和助教以及在课上认识的大佬们！不用恶竞，考试和调研认真准备分数就不会低的课！满满干货，让我从对土地制度一无所知到略有了解，甚至比专业课学到的还要多。
113949,2160,田传浩,2019-07-08 02:26:18,16,20,4,上的田老师的土地制度通核，学期开始时就听行管的同学说田老师很严格，是行管唯一会挂人的老师，因此开始有点担心给分不好；然鹅自己对土地制度确实有兴趣，也就一直坚持了下来。刚开始要读好多文献，讨论课也不知道该说些啥（跟科学有关系啊...太抽象）。但是听到后来渐入佳境，不必恶竞，田老师和张翔老师上课都很用心，经济学的抽象原理在土地制度下更能被深刻理解；讨论课形式也多样，可以打辩论。到最后做了调研，认真复习，早上查到成绩是96分，满绩，可以说是意料之中，因为我的付出有了回报；这门课事情真的不少，但是真的学到了很多。既然是3学分的通核，又何必水过去呢？能学到点东西才好，不要为了水学分而带着目的去选课
113975,2160,田传浩,2019-07-08 05:03:12,13,15,2,满了，感谢田老师和张老师的授课，也感谢自己的认真。\n\n  谈谈自己的感受：田老师特别有水平，上课也都是干货，严密逻辑推导，不同假设推论。但是最让我喜欢的还是田老师的冷幽默，当你认真听课，听懂这个冷幽默时，你会感觉有意思极了。? \n\n  平时有十次作业，但是只要完成5次就行，想要拿到高的平时分，这5次作业就一定要表达出自己的想法。同时，如果有调研的话，可能会有一点点加分。\n\n  期末考试其实挺简单的（只要你上课都听了），基本上都是书本内容。教以后学习的学弟学妹一个小技巧：就是在考试前，像军理一样，把整本书的目录写一遍（特别是一些小分类），这样考试开卷，你一看题目就知道在书上哪里了。我考试的时候带了许多笔记，然而一本书就够了?
114000,2160,田传浩,2019-07-08 07:31:04,1,2,1,自己的确是菜，但也很用心在学。感觉付出的努力和成绩，还是有点意难平了
114013,2160,田传浩,2019-07-08 08:37:51,2,3,1,上老师的通核能学到很多！但不建议想要水的人选！！一定要好好听呀！老师讲课真的很好！and有些课上会由张翔老师上！两个人真的很萌了！！还有助教小姐姐们也超级好
114230,2160,田传浩,2019-07-09 07:06:55,8,8,0,十分！老师很棒，张翔老师很棒，助教小姐姐也很棒！但是不建议对社科没有兴趣的旁友选，因为课比较硬。或者选了以后好好学，或者干脆不要选。虽然老师有些观点不是很赞同，但是老师还是欢迎讨论的！棒棒棒
118776,2160,田传浩,2019-11-01 02:04:24,0,4,4,这门通核对理工科极不友好，慎选
121199,2160,田传浩,2019-12-30 11:45:27,-14,5,19,老师挺好，挺厉害的。但问题是身为大学教授，我觉得他脑子有问题。“知识越多越反动”这句话在网上随便搜一下都有其他版本的，你却直接说了“知识越多越反动”。身为大学教授，老师是不是有点蠢啊？\n\n
122187,2160,田传浩,2020-02-20 01:04:35,2,2,0,上得非常好，能学到很多！！！\n\n
122560,2160,田传浩,2020-03-04 05:36:39,-5,7,12,老师课上的很好，但是我只想说助教滕宇就是个傻逼，是她当助教的班好自为之
123932,2160,田传浩,2020-06-17 03:14:33,10,10,0,满满的干货，即便对土地制度不是很感兴趣，也可以学到很多思想方法。或者说，老师是以土地制度作为载体教授一种认识世界和理解世界的方法，强推
124783,2160,田传浩,2020-07-09 05:37:29,4,5,1,满分！\n\n做拜物教领域的老师，给我们上近代史纲课。虽然有一小部分思想不认同，但也是大学几年印象很深的很尊敬的老师！比较喜欢这类老师而不是军理课那种长于振奋人心的老师，可能是个人偏好哈哈！\n\n会要求同学们做困惑解惑和论文，认真做字数都有7、8千吧，疑惑之类的稍稍超纲也没事，不需要很hz
126357,2160,田传浩,2020-09-23 14:03:27,4,4,0,都散了吧，你们心心念念的洪学姐已经毕业了
126360,2160,田传浩,2020-09-23 17:01:07,-4,3,7,老师是好老师，但给分属实不行，可能是附议前面说助教腾宇了。真的辣鸡，看到队友还去问了老师成绩，结果全班都没有满的，最高就4.5。。。内容是好的，值得学习，不过要拿好绩点可能真的要很努力还可能拿不到
129802,2160,田传浩,2021-01-12 13:09:40,8,8,0,一个幽默又博识的老师，又有谁会不爱呢
131203,2160,田传浩,2021-01-26 13:32:43,6,7,1,考通核期末考记得带书，ppt倒不是那么重要；还有记得洗头，因为老师监考的时候会拍照
131839,2160,田传浩,2021-01-29 05:52:16,0,3,3,低情商：给分好像真的不太好\n\n高情商：很求是
133589,2160,田传浩,2021-03-02 11:36:42,-2,3,5,蛮轻松的，任务很少，期末开卷（除了一道问张翔老师上了哪些课的题，基本抄书就行了），最关键的是上课很有意思，课程内容充实有趣。讨论课氛围也很好，也不会讨论太难的东西。
138310,2160,田传浩,2021-07-08 12:40:18,5,5,0,田传浩老师，我的超人！！
138494,2160,田传浩,2021-07-09 14:00:35,2,2,0,我的超人
140817,2160,田传浩,2021-09-16 10:19:16,1,1,0,太棒了
144752,2160,田传浩,2021-12-23 12:33:28,1,1,0,【中国土地制度概论】十分值得，大学最喜欢的两门通识课之一。课程和老师都很值得。
145107,2160,田传浩,2021-12-27 12:14:51,0,1,1,笑死，只有我听老师讲课会犯困吗\n\n(ㅇㅅㅇ  )但即使犯困我也在努力好好听！！！！真的非常有用且有趣！！
149794,2160,田传浩,2022-01-17 03:37:36,1,3,2,老师真的很可爱！课程内容认真听会有很多收获的
149797,2160,田传浩,2022-01-17 03:48:32,5,7,2,课很好，在通识里应该也是很硬核的\n\n我平时没怎么听，但考前突击了spoc和智云课堂，自己写了笔记，最后4.5挺满意的。\n\n老师讲课很好很好，肯定能学到东西，推荐\n\n打了9分是因为五级制给分，见仁见智吧
149806,2160,田传浩,2022-01-17 04:28:30,13,15,2,土地制度来评。老师很幽默也很友善，上课的内容其实有一点点难度，但是认真学真的很有收获，而且有很多新颖的其他课上学不到的观点。老师也很努力地在教授我们社会科学的思维。给分可能比较求是，不过感觉认真学还是可以拿到不错的绩点的😘
149825,2160,田传浩,2022-01-17 15:12:08,0,1,1,啊啊啊老师我爱你！
149827,2160,田传浩,2022-01-17 07:22:32,5,8,3,作业认真完成，每节课都去，讨论课发言较多，参加了辩论赛和模拟听证会，期末考也有认真复习，最后得到绩点3.2。虽然我知道我这门课确实没怎么花时间，但就凭这些参与度绩点只有3.2也属实离谱。现在回头想想也挺好笑的，讨论课发言助教压根不问名字，怎么给分，也属于是我倒八辈子大霉了碰上这样一个完全不管事的助教。老师人不错，但课不推荐选，而且助教也是真的不负责
149829,2160,田传浩,2022-01-17 07:25:44,-3,3,6,中土来的，给分很差，问遍小组成员一个上四的都没有
149904,2160,田传浩,2022-01-17 16:01:06,4,4,0,田老师人超级棒！上课时真的是冷幽默很多，属于是那种学识渊博且非常有趣的好老师了。\n\n土地制度这门通核真的有许多干货，上课只要好好听讲，能从中学到很多知识。而且只要认真对待课后作业和课堂讨论，最后的结果都不会差的！\n\n这学期能上到田老师（以及张老师，笑死我感觉他的声音乍一听好像沈腾哈哈哈哈哈）的课真的非常幸运！\n\n还有助教小姐姐人也超级奈斯！\n\n绝对的好课好老师！选他就对了！！
158524,2160,田传浩,2022-06-30 03:42:45,-4,14,18,屁都不教给分烂，研究方法快逃，哦逃不了啊，别来这专业，后悔死了
158714,2160,田传浩,2022-07-01 14:09:50,-14,14,28,给分烂无比，垃圾😅
161566,2160,田传浩,2022-11-09 06:30:52,4,4,0,田老师人真的超好，讲的课也挺有深度的，跟张翔老师老基友了。老师很热心，很有意思，最后考试的问题也是上课讲过好多遍或者是讨论课讨论过的东西，理论课也不点名，人超级好的。
165257,2160,田传浩,2022-12-30 14:24:45,5,5,0,来浙大上过最好的课
168579,2160,田传浩,2023-02-20 02:46:13,5,5,0,讲课非常精彩，期末的成绩能反映你的付出
178811,2160,田传浩,2023-07-24 04:45:31,-5,6,11,你是在瞎胡闹吗？
181383,2160,田传浩,2023-10-16 08:02:03,0,0,0,好啊 很好啊
187324,2160,田传浩,2024-01-15 13:09:22,1,1,0,中国土地制度问题概论\n\n\n\n神，ppt没有用，因为根本不读ppt\n\n在浙大三年上过所有课体验感最好的老师之一，以土地制度变迁为载体，梳理了中国自上世纪40年代以来发生的巨大变革，作为通识课让我对过去近百年的中国历史大事件有了较为深入的了解（特别是革命时期，三年自然灾害，亚洲金融风暴，08年四万亿投入，当前高涨的房价与尖锐的土地财政问题），其中蕴含的人文社科方法论熠熠生辉\n\n23-24秋冬 期末考试出的题目是上课讲过非常精彩的，1999年禁止城市人口购买农村住房的原因，私以为只要有听过课，这个点绝对忘不了，其他题目也都是上课强调很多遍的，要么是书（《土地制度兴衰探源》）上一翻就有的，全部做第一排认真听课的话感觉期末闭卷也不是不行，带的资料几乎没翻过\n\n都给我选！本人工科专业，高中大理，体感非常良好，这门课特别适合工科学生了解社会科学\n\n刚考完留，希望有个好分数
188554,2160,田传浩,2024-01-19 08:35:42,1,3,2,先讲成绩，和下面的同学相比我很惭愧，期末考很没底，觉得自己成绩最多上四吧，结果满了。非常感谢老师助教的手下留情，虽然我在考前也做了些努力，但是仍觉得没把老师传授的东西完全吸收。\n\n再是过程，老师讲课无可挑剔，有趣与内容皆备，尤其是内容，听得很神清气爽；助教老师（我的是罗yc学长）也很好，每节课尽心尽力。但是讨论课其实让我觉得很有压力，性格和知识储备使然，在讨论课上很少表达自己的观点，成绩出来前也担心自己表现分低。但是现在结课了，倒是觉得课堂上是多好的交流思想的机会呀......\n\n希望有机会上这门课的朋友，在大课好好听讲，吸收老师思想，讨论课上尽情发言。一个学期下来，会非常有收获的。大学教育，真的很有趣。
189006,2160,田传浩,2024-01-21 08:03:30,2,2,0,上了土地来答一下\n\n首先老师是讲得很好的，各种方面都很好\n\n其次我还是没怎么听课，但感觉拿到了还挺好的分数所以来感谢大捞特捞\n\n作业是六选三写小作文，加上一个案例调研的大作业，说真的这个给了我巨大的心理压力，最后也是乱写交上去了，超级超级心虚……一周是一次统一授课，一次分班小组讨论，形式还挺丰富的。\n\n总的来说，是干货很多的课，最后考试是随便从ppt上翻了点然后抄抄抄（不得不说不仔细复习实在是有很多写不出来，所以对于希望学习到这方面知识的人强推\n\n给分的话不了解其他人的情况，从个人来说既可以说给分好又可以说有点迷惑，以上
189503,2160,田传浩,2024-01-25 04:01:45,1,1,0,中土，真的能学到很多东西。
193578,2160,田传浩,2024-06-13 07:18:41,0,0,0,我真的很喜欢田老师。大一一进来就选了通核课，但是别担心，只要你认真听讲就会有很大的收获，绩点不会欺骗你！田老师真的很风趣幽默，你会不由自主沉浸课堂中，和张翔老师搭档真的很好！！！最后一节课还有和两位老师的大合照！我还蹭了张单人合影，太赚了！选了这门课你们就偷着乐吧！
197081,2160,田传浩,2024-07-07 11:23:20,0,2,2,讲课很用心，能学到很多东西
199276,2160,田传浩,2024-09-20 08:55:28,-2,0,2,...
205649,2160,田传浩,2024-12-10 14:58:01,0,1,1,田老师真的特别认真负责！最后的大作业给了我特别细致的点评，而因为是通识课没有太认真听，感觉很对不起老师😭
208986,2160,田传浩,2025-01-04 05:38:41,2,2,0,干货满满，给分比较实在，只要每节课都认真听会有极大的收获，最终的考核难度不大，大作业比较硬核需要认真对待，对于培养社会科学研究方法及思维很有好处
209011,2160,田传浩,2025-01-04 07:49:50,0,0,0,太爱了啊啊啊啊啊啊啊啊，课程和老师、助教都超赞！
209015,2160,田传浩,2025-01-04 08:08:49,0,0,0,讲课超级有意思，有真东西，老师的中国土地制度问题概论课给分很高，平时认真完成作业，考试认真答题就可以拿分，得了4.5
209075,2160,田传浩,2025-01-04 11:03:03,0,0,0,田老师讲课很好，没想到通核也能拿这么高的分，大家只要踏实做事，其实不用花很多时间也能学好的
209204,2160,田传浩,2025-01-05 04:30:02,0,0,0,土概是很棒的通核！课程信息量其实蛮大的，配合慕课理解会更好，认真听真的可以窥见社科的魅力；有一次比较临时的纸质签到；课后作业（三次小论文+期末案例报告）有难度但不用担心给分，田老师和助教给的评语都很细致；讨论课无强制发言，不卷，可水；最后一节课会有开卷考，难度不是很大，会调分
209450,2160,田传浩,2025-01-06 03:32:40,0,0,0,受益匪浅\n\n老师和助教都很好
212078,2160,田传浩,2025-01-13 07:01:17,2,2,0,确实是一门比较硬核的通核课，但是老师讲课和给分都很好，认真学、用心做真的收获良多！
216579,2160,田传浩,2025-03-19 01:39:38,1,2,1,一分钟的点名
218451,2160,田传浩,2025-04-23 15:35:43,0,0,0,公共管理研究方法，能跑快跑，好评都是别的课的
218802,2160,田传浩,2025-05-06 07:16:58,0,0,0,土地制度与国家治理来评，个人认为是我修过的研究生课程里最硬核的一门，把通识课上成专业课的感觉！给分也很好！
113496,2274,吴次芳,2019-07-06 18:52:22,0,0,0,试试看？\n\n
119471,2274,吴次芳,2019-11-13 03:19:43,0,0,0,好好好好
681,2277,张国清,2015-03-15 11:55:49,51,69,18,他基本上不讲什么有用的内容，一顿闲扯，听他的课就是浪费时间。
696,2277,张国清,2015-03-15 15:13:18,-17,11,28,这门通识是我觉得上学期四门里最好的一个
846,2277,张国清,2015-03-18 00:24:17,5,7,2,点名一次五分
7228,2277,张国清,2015-09-11 13:21:24,-9,6,15,虽然最高据说只给90，但真的很不错
14777,2277,张国清,2016-01-09 03:51:27,0,13,13,去年上智慧与正义。平时有讨论课，我反正没发言。会点名。论述题只交一张A4别人都是精装论文。期末开卷tm没带书。整个学期内心卧槽。可能主要看期末，最后4.5。
21888,2277,张国清,2016-03-01 12:20:06,5,11,6,感觉很烂
23438,2277,张国清,2016-03-30 01:41:57,-1,8,9,讲课很好啊  讨论很喜欢
25121,2277,张国清,2016-05-05 15:29:30,4,7,3,给分辣手无情
30599,2277,张国清,2016-07-02 04:39:26,22,32,10,工科生，修过智慧与正义和现代西方政治思潮。老师语言表达能力一般，因为学术成果集中于罗尔斯而偏重讲他，从上课内容可以看出来思考内容略微有些狭窄。政治思潮每一部分都会拿来反思怎么解决现实存在的政治问题，这点还是很棒的。总体水平85吧。
33406,2277,张国清,2016-09-19 06:45:05,5,7,2,自以为是
34085,2277,张国清,2016-09-26 14:44:55,4,6,2,听课就是扯淡。睡觉和游戏。\n\n
34650,2277,张国清,2016-10-17 09:11:58,5,6,1,真的很烂，讲得不知所云，上名著导读，后半部分老师已经不来了，让助教给上课。我想说，做老师总该有点诚意吧？
35421,2277,张国清,2016-12-28 16:23:05,8,11,3,正态\n\n完全是随机正态\n\n真的不想说什么了\n\n上课就是瞎扯\n\n考试 呵呵\n\n室友从来不听课 没看书\n\n分比我高？？？？\n\n呵呵哒
35818,2277,张国清,2016-11-17 08:42:12,5,5,0,我的绩点啊伤心
35829,2277,张国清,2016-11-10 08:23:44,-10,2,12,很有收获！
35934,2277,张国清,2016-11-10 08:56:27,-1,3,4,老师人挺好的，他看到我在他办公桌上放的字条还会回我电话☎️
36341,2277,张国清,2016-11-12 04:53:09,3,4,1,昏昏欲睡的课...几乎没有讲什么有意义的东西
36376,2277,张国清,2016-11-12 14:09:32,4,5,1,上课讲得东西中有价值的并不多，看你怎么筛选。
37075,2277,张国清,2016-11-17 08:59:27,-10,3,13,智慧与正义，老师知道的很多，上课不带书也可以听，他的课或许可以开拓视野
37148,2277,张国清,2016-11-17 14:50:13,3,4,1,老师很有知识，但是表达欠缺，一共就点了一次名。考试以个人理解为主，打分不高，可能是我论文写差了。
37196,2277,张国清,2016-11-18 01:48:09,3,4,1,课上就是一顿闲扯，不知道能学到什么，给分随机正态
37252,2277,张国清,2016-11-18 04:41:26,1,6,5,在他眼中，北方人都是蛮夷，就tm他这种的是文明人
37255,2277,张国清,2016-11-18 05:07:55,1,4,3,听他的课没有任何意义 有时候上课还传递负能量 浪费时间
37376,2277,张国清,2017-12-25 10:17:04,5,7,2,听到第二节课讲他可能出现的发财机会立马退了课。。。感觉很无聊
37448,2277,张国清,2016-11-19 01:13:45,15,18,3,智慧与正义每周三节课，讲两节半课他本人如何弔他女儿如何弔他同事如何无辜而弔他同事的学生……逻辑混乱，三观奇妙，无脑黑理科，全世界只有哲学好，虽然社会和大学对哲学不重视，那又怎样，反正我的哲学比理科工科强多了←呵呵。下课铃响的时候说“我给你们看PPT”然后三秒翻完。考试周前最后一次课开始涉及正义问题，然并卵，因为下周就考试。虽然课上成这个样但是没翘过一堂课，认真写论文认真考试，最后3.3。
37824,2277,张国清,2016-11-21 08:41:36,-3,3,6,上课真的水，给分倒还不错
37928,2277,张国清,2017-10-28 21:56:08,6,12,6,老师知识水平还是有的，但上课实在是无聊。上课完全没有重点，一顿闲扯。会点一次名。
38023,2277,张国清,2016-11-23 08:47:47,-2,11,13,老师明明讲课超好啊 ，特别喜欢的讲课风格，内容也很丰富啊，讨论的话根本不用慌张，老师总是态度很好啊还会鼓励，超喜欢的老师啊，为什么这么多黑。
38046,2277,张国清,2016-11-23 14:04:33,1,4,3,成绩就是正态的，上课很无聊，扯他的人生观，及文科在浙大如何不受待见，他的待遇如何低。。。
38369,2277,张国清,2016-12-01 03:39:53,8,11,3,身为哲学老师，很多观点却有明显的主观臆断。经常强调浙大老师对哲学的偏见，然而自己对很多事物都有偏见。
38912,2277,张国清,2017-03-01 05:01:00,10,11,1,绩点不是自己能控制的。
40687,2277,张国清,2017-01-05 04:08:07,-1,3,4,课基本瞎逼逼，评分看论文，论文写得好也有满绩的
50977,2277,张国清,2017-05-10 16:04:41,1,2,1,还是不错的
56379,2277,张国清,2017-07-03 15:22:11,0,4,4,仔细听还是很有收获的！老师非常有才华有见地！值得一学~
57636,2277,张国清,2017-07-11 09:23:32,2,5,3,没水平就是没水平，这个装不来的
59533,2277,张国清,2017-09-22 07:25:01,-1,2,3,还不错
59849,2277,张国清,2017-09-27 12:48:00,0,2,2,一顿胡扯
59851,2277,张国清,2017-09-27 13:32:33,0,8,8,不知道吐槽的都是什么心态。客观的讲，老师的智慧与正义还是不错的课，通过一些哲学理论和日常生活的例子来引出一些很简单但是又很少有人重视或者身体力行的道理。也有很精辟的理论，能听出来老师还是有很高的知识水平的。讲课虽然带些口音，有时候表达的不是很清楚，但不至于有些人说的没有条例。在这个课中仔细思考还是有很大收获的，这种收获不是用考试成绩能够衡量的。
62286,2277,张国清,2017-11-24 03:33:23,-3,3,6,老师确实是有思想、专业底子也很好。但是讲课并不怎么样，期末给分很迷，建议非文科同学或者没太有哲学思想的同学不要选这门课，据说给分主要看论文。被正态分布的我已无力吐槽
62287,2277,张国清,2017-11-24 03:44:22,3,4,1,绩点爆炸
62289,2277,张国清,2017-11-24 03:47:20,-3,3,6,老师讲课讲很多故事 天马行空 人超好 很和蔼
62291,2277,张国清,2017-11-24 04:25:58,3,4,1,懒得写，分数很丑陋，我难过
62292,2277,张国清,2017-11-24 04:28:13,3,4,1,真的很烂！千万别选！\n\n不但浪费时间，成绩还差！\n\n血的教训啊！
62306,2277,张国清,2017-11-24 06:12:51,-13,1,14,旷过一次课，并且点名了，但是期末分数还是有4.2，平常不用听课，考试题目写得详细点就行
62358,2277,张国清,2017-11-24 11:10:34,-3,4,7,老师很有思想，但建议文科底子不好尽量别选，期末看论文，没有被正态，分也不是很高，但也算有所收获
62362,2277,张国清,2017-11-24 11:52:16,-4,5,9,《智慧和正义》张国清老师推荐的浙大人文经管类十位名师张国清老师88年就来到浙大任教，他各种研究领域都有所涉猎，先后在教育学院、人文学院、法学院当过教授，现在已经转到公共管理学院，所以他对浙大人文经管类的老师都比较熟悉。在讲了几堂的股票和投资方面的内容之后，今天终于讲到了智慧和正义。他推荐了浙大人文经管类的十位非常有思想有个性老师，有机会的话一定要去听听他们的讲座哦~~（据说在浙大不去听他们的讲座是一种很大的损失），他逐一介绍了这些老师的独特风格，并且大加赞誉，这十位老师的思想性占了整个浙大思想的半壁江山。作为一个工科的学生，觉得自己这么长时间都没怎么在学校听过传说中学术大师的讲座，缺乏精神和思想的陶冶~~！毕竟我觉得一个学校的内涵很大一部分要取决于人文经管的教授思想有没有深度...这个要记下来，有机会是一定要去的\n\n   张应杭（人生美学），余潇枫（人生哲学），何俊（中国哲学），林来梵（宪法学），孙笑侠（法理学），郁建兴（政治学），邢以群（管理学），叶航（经济学），陈劲（创新管理）。另外还有冯钢（社会学）和毛丹（政治学）两位教授。。
62435,2277,张国清,2017-11-25 08:31:13,5,6,1,认真学习认真论文全勤考试认真绩点3.3...
63188,2277,张国清,2017-11-29 03:48:43,0,2,2,没啥好听的，听和不听考试没差，反正开卷考，期末交一篇论文，好像大家都有做封面，我没做。。。。建议论文做一下1封面吧，给分迷，这个看课程名称就知道了，祝你好运
63362,2277,张国清,2017-12-01 13:50:23,1,2,1,不要选 就这样
63477,2277,张国清,2017-12-05 01:43:44,10,10,0,老师人还是不错的，就是给分很玄学，你能想象论文分最高，然而绩点3.3的感受吗。。
65800,2277,张国清,2018-01-09 07:38:24,2,3,1,第一，大家不要认为这课能给你的哲学素养和人文素质带来什么提升。第二，给分玄学。没有标准。另外我就透个题吧，题里好像问过对西游记四个人的职能分析（感谢我吧吼吼吼）
66623,2277,张国清,2018-01-17 14:58:56,-7,1,8,老师讲课超棒！自己认真写的论文被老师给了最高分！很喜欢老师的课！点赞！
66849,2277,张国清,2018-01-19 07:34:21,0,2,2,怎么说呢，第一次选课的时候没看分，后来知道了还特别忐忑。但其实说实话，也还好，生活琐事什么的确是多了点，但也可以说是引证的方式嘛。最后一节课总结了整个学期的知识，还是有学到的。一篇论文一场考试，认真做了也不会太差，还是一个很可爱的老师呀，不先入为主去看就是一个平时有点喜欢嘟嘟囔囔的有文化的小老头嘛【褒义】，希望大家选上了也不要慌张，作为一堂水课也是不错的。
66997,2277,张国清,2018-01-19 16:26:52,4,6,2,全浙大最烂老师之一，上课一点都不可能学到东西，分还是随机打得，越认真分越低
68993,2277,张国清,2018-01-24 07:31:40,2,2,0,都是泪\n\n
73572,2277,张国清,2018-02-02 04:06:18,2,3,1,上课一般般，很水，期末论文认真写，考试多写一点就行，跟平时讲的完全没关系。
80138,2277,张国清,2018-06-20 12:16:19,-5,1,6,客观评价，智慧与正义这本书确实是好书，至少对我影响很大。
87204,2277,张国清,2018-09-22 07:55:39,3,4,1,很差全程水给分坑
105587,2277,张国清,2019-04-17 02:09:15,4,5,1,典型的没什么能力怨环境，现在老了没干劲的人吧
108051,2277,张国清,2019-05-14 02:19:52,11,12,1,客观来讲，这个5.3的查老师评分有点虚高了。先不论你研究到底做得好不好，就你这个人品，还有上课的态度，我就给最低分！！！一学期16节课，你总共就来两次，还搞得和什么天大的恩惠一样。我也不管开课是挂谁的名，课上的好，就算是个本科生来讲我都愿意叫声老师；课上的low，管你是什么教授学者。不仅讲课无逻辑，连课上发牢骚也毫无逻辑！（希望有一天我能有机会来查老师给您修改评分，张老师加油，做人做事做学问都是一个理）
109762,2277,张国清,2019-06-19 05:37:51,8,10,2,《当代西方政治思潮》——期中突然某节课让写随笔，最后随笔成了期中论文？？说是没有格式要求，随便写些关于“恶与人类是否能够得救”的想法，最后给反馈说格式不规范？？说是会给论文反馈，结果是助教特别水的评价？？真的很气愤。此外，课堂几乎一半的时间都在讲罗尔斯和正义论，但是感觉没有很多实质内容。张国清个人也是个迷，自己在课堂上宣称如果在公共场合看到没有素质的人，如果劝他不听的话，会找兄弟打对方？？？？不吃不喝连打游戏三天三夜去挑战生命的极限？？
113040,2277,张国清,2019-07-05 19:58:06,5,6,1,马的，辣鸡，极其不负责任
113082,2277,张国清,2019-07-05 22:54:57,4,7,3,傻逼有病吧，论文加起来四万字给我3.3？\n\n我现在什么脏字都能骂出来
113259,2277,张国清,2019-07-06 03:09:37,5,6,1,给分咋回事？？？？
113336,2277,张国清,2019-07-06 07:49:04,4,5,1,上大学的第一门课就是他的\n\n现在上了三年大学\n\n他给的分还是我的史上最低分
113386,2277,张国清,2019-07-06 13:51:03,4,4,0,在课上讲传销被骗……
113387,2277,张国清,2019-07-06 13:58:55,5,6,1,上课让助教放批站视频应付应付，给分标准也没说是就让助教打，自己就来两节课还莫名其妙发火，然后卖惨，绩点真就随机呗，那我们与努力不相称的绩点又谁来负责呢？
113995,2277,张国清,2019-07-08 07:04:19,5,5,0,该老师无论上课还是打分都极其不负责任，期末您将收获一份盲打分的惊喜。助教平时不会出现，邮件也不会回，在你问分数之前根本没有打分标准，全凭心情打分。还有就是建议不要去上课，这样平时分比较高。如果你想体验zju最差课程体验和给分机制，欢迎选择该老师的相关课程
118600,2277,张国清,2019-10-29 07:11:32,2,2,0,不负责任
124437,2277,张国清,2020-07-01 08:47:30,-3,1,4,可以试试
127544,2277,张国清,2020-11-24 07:02:18,-3,1,4,带着问题来上课的最好，能给予研究方向的支持以及论文指导，对于理清思路非常有帮助.当然对于没有哲学基础的同学稍有难度。
170609,2277,张国清,2023-03-07 06:35:04,7,7,0,当代西方政治思潮，总共三节课，1.5节课在讲他发表论文的故事
172279,2277,张国清,2023-04-24 06:37:11,7,8,1,去死吧傻逼
174097,2277,张国清,2023-06-06 07:43:49,4,4,0,不太好评价，学术水平是著名的不太行，翻译的专著也经常是漏洞百出，上课古典自由主义和正义论可以一听（张老师近年一直在做正义论研究），其他的什么后现代和女权主义基本上都很难绷。
174193,2277,张国清,2023-06-07 07:45:53,5,5,0,有病这个人
177295,2277,张国清,2023-07-02 16:03:12,16,17,1,那些说张国清老师有病，说他傻逼的人，还真给你们说对了😋
177599,2277,张国清,2023-07-04 01:51:09,7,9,2,张国清老师，一个脱离了高级趣味的人，一个将翻译工作转化成原创工作的人（有兴趣的朋友可以对照Taylor的原文读张国清翻译的《黑格尔》，绝对会有同时读两本不同的书的感受，张国清老师的哲学学术原创能力可见一斑！）
179063,2277,张国清,2023-08-27 06:32:50,7,8,1,张国清教授以一己之力拉低了浙江大学二级教授的含金量
190281,2277,张国清,2024-02-27 06:28:15,8,8,0,当代西方政治思潮开学第一节课狙击中华文明，说中华文明不符合西方正义观念，是没有合法性合理性的低能文明。如果真如您所言您在2014被评为浙大政治学求是特聘教授，是学科带头人，那我理解为什么2015年浙大政治学硕士点被撤
190284,2277,张国清,2024-02-27 06:52:50,3,4,1,全方位的逆天……
191267,2277,张国清,2024-04-16 06:04:03,6,6,0,离谱，逆天，令人窒息
192042,2277,张国清,2024-05-08 06:15:29,4,4,0,鉴定为啥比一个。上课除了吹水还是吹水，授课能力不如维基百科一根毛（可以跟百度百科搏一搏）
192313,2277,张国清,2024-05-15 01:08:43,-7,1,8,老师真是太好了，政治哲学随便缝了几篇论文给了4.8，心满意足了
193465,2277,张国清,2024-06-11 07:15:14,-5,1,6,观点自由，讲的挺好的
217641,2277,张国清,2025-04-14 12:01:50,1,1,0,神金神金神金
7364,2312,赖金良,2015-09-14 03:38:33,1,4,3,老师人挺好，但是讲课略沉闷，要点名
17371,2312,赖金良,2016-01-20 06:31:38,2,3,1,近代社会keshe⋯
20172,2312,赖金良,2016-01-26 11:24:31,7,9,2,人本身很好 给分比较低 还有一些一定要坚持的东西 比较看合不合他的喜好
21862,2312,赖金良,2016-03-27 14:59:09,2,4,2,欢迎来到啰唆的世界
25412,2312,赖金良,2016-05-17 13:53:36,1,2,1,讲得很深入
27183,2312,赖金良,2016-06-23 12:38:42,1,1,0,超级有货，是我太low听不懂
40762,2312,赖金良,2017-01-05 09:10:24,9,10,1,赖老头子博学又谦逊，每次下课都自己坚持擦完黑板再走这个小细节让人感动，有人说要对老师口味才好，其实对老师的口味就是必须认认真真读书，他的要求就是写读书报告要有自己的读完独立思考的想法而不是去抄别人的观点和介绍词，如果连这点都做不到不但不尊重老师还是不尊重原著更不尊重自己。反正谁用心老师都会看得到。就是口音有点迷，习惯就好
47221,2312,赖金良,2017-03-08 13:06:08,-2,0,2,
140400,2312,赖金良,2021-09-10 14:28:27,0,0,0,赖老师很好的，很有耐心
195687,2312,赖金良,2024-06-29 14:28:48,1,1,0,老爷子还不错
30203,2316,陈国权,2020-02-20 09:05:13,-102,12,114,助教长得像头猪，应该是助教给分的，有专业保护，其他专业的应该分不会高。另外，个人觉得行政管理专业的学生都是被社科淘汰的学生，水平很低，展示做得小学生一样的。不得不说，这个老师水平还是可以的，讲的很好。
107612,2316,陈国权,2019-05-07 18:39:26,8,15,7,陈老师是建院大佬，可惜近几年不给本硕上课了。但其师风之高尚，品德之高洁，令人钦目。
139188,2316,陈国权,2021-07-13 07:29:35,8,13,5,老师水平很好，但教学大纲真的很迷惑，一整个学期的展示真的有意义吗……给分也很迷惑。
194163,2316,陈国权,2024-06-22 09:54:25,0,0,0,。。。
194178,2316,陈国权,2024-06-22 10:48:17,0,0,0,。。。。。。
196141,2316,陈国权,2024-07-02 00:26:44,4,10,6,助教确实像头猪，上课从来不尊重学生的展示，想打断就打断，不听内容揪着小点疯狂质疑，三节课两个组展示，居然可以次次做到第一个组展示一节半课，点评半节课，第二组没时间展示被要求“跳过，这个不重要，我想听后面的，这些都没意义”，试问这样的展示究竟公平吗？尊重学生的准备吗？对待作业态度完全不认真的同学非但不批评，还说他们态度放松，思维活络，以后必然有大出息，合着辛辛苦苦准备的同学反倒是低人一等的笑话👍🏻老师从来没有到场一整节课，通常听一半就走，整个学期只有三周有上课，小组展示一整个学期、期末闭卷考近五年论文，这样的意义到底在哪里？
197452,2316,陈国权,2024-07-15 11:55:58,2,5,3,老师自己讲开头几节课，后面大多数时间用于展示，期末闭卷考老师的论文。事情相对较少，但所学内容不是学界共识，存在争议。功能性分权更倾向于概念描述，缺乏实证支撑，其理论建构过程不符合行政管理前沿的研究方法和学科范式。助教情商低、水平次、架子大，幸已离开浙大。老师稍有情怀，其学科背景多元但不扎实。
197741,2316,陈国权,2024-08-07 13:16:08,0,0,0,。。。
1345,2446,钟瑞军,2015-03-22 00:34:41,2,2,0,很负责任！作业很多！
6059,2446,钟瑞军,2015-07-10 13:55:38,0,0,0,很好
8171,2460,张蔚文,2015-09-17 08:38:40,2,6,4,都是双语课
10824,2460,张蔚文,2015-11-23 06:24:32,0,5,5,英文说得很好  注重与学生交流互动
18435,2460,张蔚文,2016-01-21 15:39:48,0,3,3,主要靠自学。ch-English 你懂得
27829,2460,张蔚文,2016-06-27 19:32:54,-7,5,12,美女老师啦
59238,2460,张蔚文,2017-09-20 10:36:17,25,40,15,上到了新开的 世界名城治理\n\n感觉不错
59271,2460,张蔚文,2017-09-20 12:01:34,1,5,4,世界名城及其治理课 第一次开课 还不错啊 内容挺丰富的 仔细听有收获 没到考试 不知道什么情况
59841,2460,张蔚文,2017-09-27 12:07:58,1,5,4,好无聊啊，讲名称治理\n\n
61096,2460,张蔚文,2017-11-08 11:59:01,-5,7,12,还好吧\n\n就是有一点不太喜欢 她每次都自称张老师\n\n“张老师……张老师……“ 直接自称我不行么……听着很别扭
62830,2460,张蔚文,2017-11-27 06:10:06,10,20,10,给分爆炸惨遭正态...论文明明写的很认真啊
62831,2460,张蔚文,2017-11-27 06:14:48,12,19,7,世界名城 绩杀了
62835,2460,张蔚文,2017-11-27 06:22:56,3,7,4,世界名城出分了来评一波\n\n说实话，课不是很有趣，原本以为就是想旅游一样了解各个城市，然而事实上...讲治理组委会什么的类似这种\n\n论文认真写分数还是挺高的
62879,2460,张蔚文,2017-11-27 08:30:49,5,10,5,世界名城及治理，水。更喜欢那个只有一节课讲新加坡的老师。这个老师没有点名。讲课有些无聊，但没有考试，只有一个论文。感觉论文一定要体现自己的思想不要老是copy百度之类的，并且一定写的要多，我们小组险些绩杀。。。
62880,2460,张蔚文,2017-11-27 08:39:35,0,0,0,城规，绩杀了
63050,2460,张蔚文,2017-11-28 04:47:22,0,0,0,在全英课里还算比较和善的|･ω･｀)
63389,2460,张蔚文,2017-12-02 09:20:33,3,5,2,单纯的得了一个炸掉的?点，感觉不是很明白这门课到底目的是什么
64122,2460,张蔚文,2017-12-21 04:24:02,-2,3,5,老师和助教姐姐都很漂亮
64512,2460,张蔚文,2017-12-24 23:38:17,-23,11,34,我世界名城4.8，单纯因为队友给力，和我啥关系也没有，这个课除了那个讲芝加哥的翘不得，其他都可以翘，期末论文一样93，爽歪歪，良心课啊
64800,2460,张蔚文,2017-12-27 07:21:19,-1,2,3,世界名城及其治理 有点无聊
65235,2460,张蔚文,2018-01-02 02:11:07,0,0,0,一般般
117944,2460,张蔚文,2019-10-16 12:02:56,4,5,1,世界名城一个普通通识课整这么多讨论课干啥，难不成宁是通核？
118689,2460,张蔚文,2019-10-30 14:47:55,0,1,1,世界名城及其治理 好课啊好课！讲得东西真的会长知识呢！！土管萌新听得超快乐！！
118690,2460,张蔚文,2019-10-30 14:50:05,0,1,1,受益匪浅
118691,2460,张蔚文,2019-10-30 14:50:59,0,1,1,听君一席话，胜读十年书
120309,2460,张蔚文,2019-11-28 02:47:26,1,2,1,世界名城及其治理，给分还可以，另一个邹老师上课会按名单点人回答问题。把论文好好写吧，争不争发言意义不大，恶竞的样子看着令人厌恶。
120333,2460,张蔚文,2019-11-28 16:44:24,-3,0,3,世界名城及其治理。上课比较无聊，给分并不怎么令人满意，但事情也很少，各有利弊吧。个人觉得不是对这门课很感兴趣不要选。
123510,2460,张蔚文,2020-06-09 08:33:19,1,1,0,有一说一，不如邹老师，给分还绩杀
125809,2460,张蔚文,2020-09-14 11:36:35,1,2,1,感觉张老师很和蔼啊，人很好。
127927,2460,张蔚文,2020-11-30 11:03:04,0,0,0,老师人挺好，但是事情蛮多的，给分中等偏下吧。但上课内容蛮有趣的
136579,2460,张蔚文,2021-06-21 08:16:03,8,9,1,世界名城及其治理，我的确学到很多，然而作为一门短学期课，最后一个月内布置了两篇写作题加一篇5000字期末论文，而且论文ddl放在考试周内，让我不堪重负
136600,2460,张蔚文,2021-06-21 16:31:10,3,4,1,逃！世界名城快逃！
136601,2460,张蔚文,2021-06-21 16:32:10,3,3,0,世界名城事多还特卷
136617,2460,张蔚文,2021-06-22 03:18:07,2,2,0,快逃！
150965,2460,张蔚文,2022-02-21 11:34:56,0,0,0,tinghaode
153852,2460,张蔚文,2022-05-13 06:41:10,1,1,0,上课麻烦自己来上，别老是邀请别的老师过来，偶尔分享一下也就算了，喧宾夺主就不太好了。时长凑不到还临时抽同学来讲，自己临场发挥的水平没有么
154737,2460,张蔚文,2022-06-04 12:19:38,2,4,2,一门短学期的课有讨论有两次展示还有读后感，思考题，论文要做，是否事情太多了。平时分的打分应该先说清楚，最后一节课了说要展示且还要算平时分且是发言分数的五倍，不是摆明了要我们卷吗，意义何在。。。
168302,2460,张蔚文,2023-02-10 01:14:40,1,1,0,世界名城及其治理，讲述国内外著名城市案例，可以学到东西，课程设置还不错。不过课程的作业有点多，讨论也比较多。（老师说是希望多和大家交流，而不是仅仅听讲）
169332,2460,张蔚文,2023-02-25 12:29:25,0,1,1,世界名城，事多，给分不算好，和付出不成正比
174012,2460,张蔚文,2023-06-05 14:21:10,0,0,0,还可以
211212,2460,张蔚文,2025-01-11 04:30:53,0,0,0,绩杀sm
213715,2460,张蔚文,2025-01-19 08:44:14,0,0,0,感觉还好，平时没怎么做过展示发过言，最后论文认真写了一下，绩点也上了4
221195,2460,张蔚文,2025-06-22 02:13:47,1,1,0,评价一下世界名城这门课以警示后人，我高中选课是地理，当时也是抱着对地理的喜爱选了这门课，但是后续发现了一系列问题，罗列如下。1.上课小组分组混乱，平时成绩可能只给上台讲的人，忽视了小组内准备文案的人的付出。2.成绩是正太分布，这个学期均绩3.9，比上学期降了0.3。3.论文讲求质量，与付出无关，课上城市规划专业的同大佬同学比较多，这就导致在正太分布的背景下，其他专业或者成绩一般的同学很容易被绩杀，lz就是其中之一。\n\n如果学弟学妹们非常勇敢选了这门课，我想给出一下忠告：1.上课多发言。2.期末论文一定要完全按照人文社科的格式来，引用文献要多，AI不可被看出，逻辑要清晰。3.要严格按照上课讲的城市治理手段来分析，不能偏题。4.论文要求5k到6k，建议同学们要早点写不要影响期末周。\n\n总之，作为一个高中学地理的学生，我觉得这门课十分无趣，没有高中分析城市来的有条理。其次作为一门选修通识课，可能缺乏对其他专业同学的照顾。最后成绩正太分布！！快逃真绩杀，辛辛苦苦一天写了6k字表达一下对家乡城市的看法，半点AI没用，结果出来成绩不尽人意，世界名城治理还我一天假期！
21863,2482,周萍,2016-03-01 10:22:08,0,4,4,还行，给分挺好的！次次点名
62033,2482,周萍,2017-11-22 08:12:40,3,5,2,不想评价
66395,2482,周萍,2018-01-16 03:45:02,3,4,1,听天由命吧
66432,2482,周萍,2018-01-16 10:00:05,5,7,2,不有趣，
80820,2482,周萍,2018-07-01 11:49:38,0,6,6,老师挺好的
142584,2482,周萍,2021-11-13 17:12:24,2,5,3,上课很无聊..而且感觉自己都不清楚自己想要教什么，上课的内容没啥有用的，纯纯浪费时间
156240,2482,周萍,2022-06-18 12:08:25,1,3,2,无语。
173127,2482,周萍,2023-05-14 04:05:42,5,6,1,上课太尴尬，学不到什么有用的东西，不知道在干什么
174989,2482,周萍,2023-06-20 14:46:28,4,6,2,信管选读上课无聊无比，课程内容也很枯燥，完全不知道她在干嘛，考试就是上课讲的课后题和写恶心人的abstract，最后给分也不好，属实后悔选这门国际化了
174990,2482,周萍,2023-06-21 03:30:30,3,5,2,想浪费时间就来选捏
176700,2482,周萍,2023-06-29 18:05:45,3,4,1,为什么没有0分
193736,2482,周萍,2024-06-17 04:47:50,0,0,0,期末整整三张正反面A3纸纯英文文章写概要，知识还是专业知识那种不好读懂的，前面还有15道来自课内十几篇文章的选择题，我母语又不是英语，出这么长的文章你逗我呢？
194713,2482,周萍,2024-06-25 04:52:50,-1,2,3,我无知，我忏悔，之前还在跟室友说课无聊，考试难，摘要写的一坨对绩点已经不抱期望了，结果成绩出来，对不起我之前错怪你了
201591,2482,周萍,2024-11-04 14:51:41,0,0,0,。。。
25419,2495,曹洋,2016-05-18 03:03:28,8,9,1,温文尔雅 不失风趣  老师很有修养 且非常有礼貌   难得的好老师   推荐！
25884,2495,曹洋,2016-06-13 07:33:03,1,1,0,很棒的老师
26978,2495,曹洋,2016-06-22 03:40:36,6,6,0,上课干货很多，很为学生考虑。学术气质强烈~
27174,2495,曹洋,2016-06-23 10:53:55,0,0,0,男神啊
28344,2495,曹洋,2016-06-28 08:36:41,1,1,0,温文尔雅
29230,2495,曹洋,2016-06-29 12:55:41,6,6,0,男神…讲得挺清楚的 就是爱叹气hhh
20491,2619,左红,2016-01-28 01:11:42,0,0,0,还行吧
28451,2619,左红,2016-06-28 09:03:09,0,0,0,一言难尽……
30502,2619,左红,2016-07-01 18:53:52,6,8,2,老师上课比较无聊，基本是照本宣科。最后小组发表有些犀利。
30601,2619,左红,2016-07-02 04:42:02,-7,0,7,low！！！上课就是读书！！！每次都点名！给分还烂！
31550,2619,左红,2016-07-04 06:13:42,0,0,0,真的是照本宣科没意思，另外作为一个非劳保专业的我有点怀疑被给了偏低分
51892,2619,左红,2017-06-13 08:00:52,1,2,1,不管怎么样都是我女神
52507,2619,左红,2017-06-20 14:44:51,2,2,0,老师不错的
54366,2619,左红,2017-06-29 07:51:11,2,2,0,上理论课的时候确实有点水，但是老师挺幽默的，喜欢跟学生交流
56199,2619,左红,2017-07-03 08:44:00,1,3,2,给分超好的
86344,2619,左红,2018-09-13 15:18:22,-1,0,1,真的难。复读机了解下？
123149,2619,左红,2020-05-13 07:48:39,3,4,1,老慕课了
124154,2619,左红,2020-06-25 15:38:02,1,4,3,怎么会有给分这么好的老师，新晋女神无疑
127952,2619,左红,2020-12-01 06:46:15,-1,0,1,虽然论文写作真的不知道这个课开了有什么意义，但是小组展示也没什么压力，老师不点名，最后给分也挺高的
139650,2619,左红,2021-07-19 08:39:53,7,8,1,短学期社会实践，真有你的
159215,2619,左红,2022-07-08 07:06:02,1,2,1,太烂了，一点没有感受到班里同学为发言而发言
7487,2733,阮云星,2015-09-14 23:06:07,0,12,12,老师人很好，风趣幽默，上课的时候有时会请一些嘉宾老师一起讲课，让大家体验不同的风格
19758,2733,阮云星,2016-01-25 10:18:43,0,9,9,傻逼老师
19766,2733,阮云星,2016-01-25 08:56:30,9,13,4,怎么没有负分
19808,2733,阮云星,2016-01-25 10:38:23,-5,11,16,是个傻呵呵老师 别选   
19879,2733,阮云星,2016-01-25 13:13:28,9,15,6,给分低的离谱
19882,2733,阮云星,2016-01-25 13:33:26,-2,6,8,可惜等级制了，不然确实给分好
20046,2733,阮云星,2016-01-26 02:57:05,13,23,10,请来讲课的大咖讲的都挺好，给分神坑！考完助教还在群里说是给分制，出分这天告诉我们是等级制，还敢不敢再坑一点，4学分的课，被害惨了
20603,2733,阮云星,2016-01-29 02:20:11,-6,6,12,有病\n\n
21313,2733,阮云星,2016-02-28 03:49:58,7,12,5,给分离谱的低！！不知道别人的时间和精力有限吗？
22132,2733,阮云星,2016-03-02 12:43:30,-1,5,6,不知道说些什么
26458,2733,阮云星,2016-06-18 14:34:02,0,7,7,给分是等级制，而且是4.5，3.5这种等级。所以坑的是这个制度，老师本身人超好，特别有魅力，请到的讲课嘉宾，还有助教都一样，都是人类学那种很包容的气质，特别亲切。反正推荐对人类学有兴趣的同学选，认真学争取优秀档次咯
27120,2733,阮云星,2016-06-23 05:06:57,-1,2,3,很有趣大咖讲的还行
41144,2733,阮云星,2017-01-22 02:39:02,-6,4,10,阮老师绝对好老师，各种请大咖来讲课，人非常好，三位助教也是绝对nice的，能上这门课十分幸运，如果非要吐槽一下-----老师有时候拖堂十分忘情，Hhh
41363,2733,阮云星,2017-01-11 04:59:34,0,6,6,大课会拖堂(●—●)为什么要拖堂？不拖堂哪来的时间吹口哨给我们听，哪儿来的时间打太极拳给我们看 一个超级可爱的好老师@_@反正我给10分
42007,2733,阮云星,2017-01-13 11:52:55,21,24,3,拜托，上课时间这样安排有意思吗，大课两节，每次拖课；小班三节，每次提早下课。\n\n         老师讲课真的无语，引入课程内容要一节课?!一句话讲讲完整好不好，有时候真的想听也不能理解。好吧也有可能是我道行太浅。\n\n         水通核选了无所谓，绩杀罢了。\n\n
46902,2733,阮云星,2017-01-23 00:12:25,3,4,1,老师会请其他老师来讲，这点真的不错。但这个课也有缺点，就是大课和小班课时安排不当，明显大班需要3节课而小班2节课足以
51973,2733,阮云星,2017-06-14 03:32:47,-1,4,5,阮老师和助教们都挺关心大家的，也很和蔼。稍微认真点给力也还行了。
57059,2733,阮云星,2017-07-05 10:09:21,3,4,1,老师人真的很好，虽然上课讲的内容我不感兴趣
60072,2733,阮云星,2017-10-09 12:19:08,3,6,3,真是没有0分，周杰伦的再给我两分钟都不够用了？开始要扯淡，后来还要拖堂扯淡，觉得大家都很爱听一样的，都是为了学分罢了，
63457,2733,阮云星,2017-12-04 12:23:29,10,12,2,拖堂十分过分，老师自己很博学，但讲课没什么章法，对初学者太不友好了
63459,2733,阮云星,2017-12-27 11:32:58,6,8,2,真的无语，平时事情一堆，然后就十分；堂堂拖堂，关键是明明就没什么营养，是他自己说话唧唧歪歪，无语了。\n\n\n\n学了这么多什么都没教会，无语。
63460,2733,阮云星,2017-12-04 12:40:30,3,5,2,拖堂 每次都拖
63482,2733,阮云星,2017-12-05 02:44:09,5,7,2,废话太多了。
63646,2733,阮云星,2017-12-11 12:18:29,4,6,2,真的想不通为什么要开这么课，不适合当一个老师，是个当一个学者，上课没有章法，想到哪里是哪里。时间乱来，废话很多，不讲重点，自我感觉太好。
63881,2733,阮云星,2017-12-18 10:43:24,1,4,3,屁事多，黑脸
66359,2733,阮云星,2018-01-15 10:41:24,0,3,3,屁事一大堆，全是废话。同样是文化人类学，怎么刘朝辉班级没有这么多屁事。
66368,2733,阮云星,2018-01-15 12:21:23,1,3,2,老师太自我陶醉了，拖堂真的很过分
68556,2733,阮云星,2018-01-23 10:55:35,1,2,1,整个学期课堂体验非常不好 心累
68583,2733,阮云星,2018-01-23 11:41:51,-1,0,1,心痛啊！
68680,2733,阮云星,2018-01-23 15:13:03,0,0,0,老师学识挺渊博的，就是讲课方式对初学者不太友好，而且超级能拖堂……但是老师还有助教哥哥姐姐都很和蔼，玩的蛮好……会请很多人来讲，有一部分讲的还蛮有趣得
68724,2733,阮云星,2018-01-23 16:08:45,4,4,0,说实话，阮老师真的是个很不错的老师，不仅博学，而且温柔。虽然上课的内容常常有点阳春白雪的意思，不仔细听根本跟不上，但是的确是很有专业主义和人文情怀的老师。 而且助教也真心很棒！  田野也可以学到很多...   如果不谈分数，单看老师本人，真的是很好了。
68744,2733,阮云星,2018-01-23 17:10:47,2,4,2,这学期真的给分很好了，你见过几个通核均绩能有3.99的…说绩杀的大概是自己不认真罢了
68821,2733,阮云星,2018-01-24 02:38:53,0,1,1,事多 但是我们这届给分好像蛮好的 均?3.99 然鹅我是个渣渣 点名没到 考试偏题
69625,2733,阮云星,2018-01-25 05:43:05,0,0,0,还行哈哈哈
72412,2733,阮云星,2018-01-30 05:30:03,1,2,1,请来的人讲得都挺好的，老师自己...emm...
82059,2733,阮云星,2018-07-07 03:44:20,2,2,0,上的政治人类学，给老师留下最初好印象十分重要，一定要关注期中的报告或论文，写好它就成功了一半。老师基本不点名，但你在的话会随机当面叫你回答问题。
552,2769,徐忠海,2018-04-17 05:44:22,31,56,25,可能是商业界的成功者，但绝对是教师界的失败者
2060,2769,徐忠海,2015-03-31 04:41:40,23,34,11,上课敷衍，给分随意\n\n
2820,2769,徐忠海,2015-05-08 04:28:14,1,3,2,作业简单，给分简单
3269,2769,徐忠海,2015-05-25 11:11:07,4,8,4,想真的学到点什么的同学慎选
3569,2769,徐忠海,2015-06-17 01:36:41,0,2,2,还行
4426,2769,徐忠海,2015-06-22 16:57:03,9,19,10,我觉得市场营销上的挺好的啊
4733,2769,徐忠海,2018-06-12 08:28:38,6,9,3,论文坑人
5891,2769,徐忠海,2015-07-10 00:02:52,14,22,8,唉，讲课倒是慷慨激昂，给分我就不说什么了
6031,2769,徐忠海,2015-07-10 10:46:54,-9,7,16,给分高
6190,2769,徐忠海,2015-07-11 21:59:51,2,2,0,不好
6435,2769,徐忠海,2015-07-14 03:10:42,8,13,5,给分极其随意
7168,2769,徐忠海,2015-09-09 13:45:04,4,7,3,上课还行，仔细听有那么些收获。但是给分很随意，虚心问原因不予理睬
13956,2769,徐忠海,2016-01-03 03:24:59,10,13,3,课很水，前提不要在意绩点
14822,2769,徐忠海,2016-01-09 14:21:13,7,9,2,学了一学期，只记住一个“4p”原则\n\nps：只有我一个人觉得徐老师的炫富有水分吗？
17999,2769,徐忠海,2016-01-21 05:44:39,2,3,1,课很水只要布置作业那节课去就行，另外，给分随意
18216,2769,徐忠海,2016-01-21 09:35:17,1,14,13,给分超低～之前听室友说给分好才决定去“临幸”它，结果通识最低分～～呵呵，老师是到更年期了吗，这么狠。我论文是认认真真写的，被他随意正太了，是看我名字不顺眼吗…
18427,2769,徐忠海,2016-01-21 15:15:41,-2,2,4,反正我没觉得学到了多少东西，老师算凤凰男一个，是很厉害，也很有钱。。。
22097,2769,徐忠海,2016-03-02 10:36:07,-1,2,3,乍一看像讲的很好，但仔细一听发现根本不是那么回事儿，完全在吹嘘自己，不知道他在讲些什么，最后的给分极其随意
23972,2769,徐忠海,2016-04-23 10:00:11,1,4,3,没听过课，期末交一篇作业就行
25438,2769,徐忠海,2016-05-19 04:41:45,8,9,1,我想知道他什么时候布置作业
31159,2769,徐忠海,2016-07-03 09:55:08,2,5,3,给分巨坑啊！！！
33277,2769,徐忠海,2016-09-17 10:48:01,1,3,2,极坑啊
33476,2769,徐忠海,2016-09-19 12:46:04,94,101,7,一双情怡袜，99朵新棉花
35239,2769,徐忠海,2016-11-18 10:57:18,7,10,3,上课随意，给分标准不知道，但我给的还挺高的把我吓到了?
35992,2769,徐忠海,2017-01-13 15:19:33,3,9,6,给一分是因为没有零分，给分随意，老师是根据人名打分吗？exm?
36178,2769,徐忠海,2016-11-19 03:59:41,1,4,3,辣鸡给分
37285,2769,徐忠海,2016-11-18 07:52:15,4,7,3,如果学分不够千万不要选，上课很水，没有收获，打分随意，真的，真的
37299,2769,徐忠海,2016-11-18 08:52:43,5,14,9,来点干货～很水的课，平时没有任何作业（相比其他通识是不是轻松很多哈）嗯，对哒(>^ω^<)，从不点名，只有一次期末考试而且可以随意发挥，给分也还行吧不算很差～ps：老师好像对德系车很有研究啊(´▽｀)
37343,2769,徐忠海,2016-11-18 11:34:09,-1,3,4,希望大家努力学习，鲁花花生油，金颗玉米油，金龙鱼葵花籽油。\n\n然后期末自己啃下一本四百多页的书\n\n祝好运?
37348,2769,徐忠海,2016-11-18 11:56:39,1,3,2,有趣有趣
37354,2769,徐忠海,2016-11-18 12:17:06,3,5,2,水，平时没有作业，考试不用准备，给分好，虽然老师说自由发挥，但我猜选项还是按照他上课的来
37444,2769,徐忠海,2016-11-19 00:57:51,-7,3,10,给分高的有点奇怪。难道老师突破了正太的壁垒？
37463,2769,徐忠海,2016-11-19 02:20:21,1,4,3,市场营销概论上的还挺好的，有一些收获，上课好好听了考试扯一扯给分还不算低
37516,2769,徐忠海,2016-11-19 08:32:39,-2,1,3,水，很水
37849,2769,徐忠海,2016-11-21 11:15:42,-3,1,4,很好玩，有一点收获就是情怡袜
42056,2769,徐忠海,2017-01-15 05:23:33,2,3,1,绩点给的超低，都不知道老师依据什么给的绩点
44008,2769,徐忠海,2017-01-17 08:07:47,1,1,0,没用，不说别的
44013,2769,徐忠海,2017-01-20 00:08:56,1,1,0,怪我没掌握到窍门，上课完全不用听，考前熟悉一下课本，用点专业术语糊弄一下就行。
44014,2769,徐忠海,2017-01-17 08:08:22,0,1,1,一门非常水的课，不点名，不做作业，成绩就看最后的考试……给分标准不知……
44034,2769,徐忠海,2017-01-17 08:32:57,7,7,0,最后的考试很重要
44079,2769,徐忠海,2017-01-17 09:02:12,2,5,3,老师的课挺好的啊，很有趣，感觉老师很有阅历啊，总结下来就是浙江民营企业到全国知名品牌的崛起之路。不签到，没有论文，没有展示，最后有一个考试，我什么也没准备去考了，4.8。只能说要认真听课吧，最好自己喜欢，还有答题尽量用营销学的观念。
44084,2769,徐忠海,2017-01-17 09:05:38,-3,1,4,给分极其随意，好像要用书上的概念回答考试分数才会高？然而我......课很水，学不到东西，一个学期不去都没问题。
44104,2769,徐忠海,2017-01-17 09:24:30,1,2,1,通识最低分..
44157,2769,徐忠海,2017-01-17 10:58:47,1,1,0,我觉得挺好的课，不知道评分为什么那么低……徐老师是商界的成功人士，他的课都是结合自己的经历的讲的，反正我认真听了学了不少东西。
44810,2769,徐忠海,2017-01-18 09:29:57,11,16,5,我的建议啊，选这个老师，然后不用去上课，就自习好了，最后一节课考试，是开卷哦，所以很水。不过，如果想听故事的话，建议每节课都去上，并且认真听，最好做下笔记，潜移默化中，还是能学到东西的。所以啊，完全取决于我们自己啊。如果只是为了学分，就选择前者，投入与产出会成正比，如果真的想学点什么，我的理解，文科方面的东西，想直接通过教师授课获得是不太可能的，必须经过自己的提炼跟加工。
55887,2769,徐忠海,2017-07-02 14:37:23,1,2,1,我觉得这老师还不错啊 就是论据有些单一 给分挺好的
55892,2769,徐忠海,2017-07-02 14:48:04,-2,1,3,给分不错，期末好好写就不会差！老师虽然有点吹逼嫌疑，但是听听例子，讲讲实战经验也挺好，总之还是给他个赞?
55897,2769,徐忠海,2017-07-02 14:59:28,2,5,3,不点名，没作业，就一个考试。不知道给分标准是什么，给我的一般反正。
55898,2769,徐忠海,2017-07-02 14:59:47,1,2,1,老师讲的很好的，上课挺有意思，就是给分很迷很随意，注重分数的慎选。
55899,2769,徐忠海,2017-07-02 15:01:11,1,3,2,无价值
55905,2769,徐忠海,2017-07-02 15:25:18,2,6,4,老师讲课真的是挺有趣的，在他的课上我都不做作业，老师很幽默经常让大家哈哈大笑，平时什么事都没有，期末那个卷子考的都是上课讲过的内容，很简单就做好了，最后拿了4.5，感谢老师。
55912,2769,徐忠海,2017-07-02 15:48:56,-5,1,6,给分超级棒，只要上课听了\n\n
55936,2769,徐忠海,2017-07-02 16:42:07,6,8,2,给分随意，讲道理上课真的不知道在讲什么，不听吧考试就考不出来，我就是那个没听考不出来的。
55948,2769,徐忠海,2017-07-02 17:38:24,0,5,5,认真听，真的是有收获的，而且期末的题目基本上都在课上提到的例子里（94分喜滋滋）。不想听也可以水，没有点名没有作业，只有最后一节课上的随堂考。
56010,2769,徐忠海,2017-07-03 02:13:45,4,6,2,没收获，给分随意真的气死我了。。
57708,2769,徐忠海,2017-07-12 16:48:26,1,2,1,我上课认真听，考题也基本在课堂内容，最后给分85。不好不差吧。对于同学们所说的给分随意我是有点赞同的…因为评论里有些同学说了分数出奇意料的高。如果想对营销感兴趣的同学可以旁听，上课以选课的课程介绍为主线，结合老师个人的生活和案例，挺有趣的。关于绩点倒是没什么建议提供给大家，只能说考题出自课堂。
59089,2769,徐忠海,2017-09-19 11:24:51,2,2,0,全程自己吹逼，根本没在上课。讲的段子也不是那么好笑，呵。
61631,2769,徐忠海,2017-11-19 11:50:26,4,5,1,长寿花玉米金胚油 上课其实挺有意思 不点名 说了可以不去 期末写3000字论文就好 不过还是去上了 全当讲座
62412,2769,徐忠海,2017-11-25 02:36:52,3,3,0,听前两节课，然后就不用去了，最后一次再去领作业\n\n
62420,2769,徐忠海,2017-11-25 05:34:14,3,4,1,垃圾老师，辛辛苦苦上课给分3.3。呵呵
62421,2769,徐忠海,2017-11-25 05:35:27,2,2,0,给的什么绩点
62436,2769,徐忠海,2017-11-25 08:35:35,-1,0,1,除了炫富，也很少有讲东西了。
62603,2769,徐忠海,2017-11-26 06:48:35,2,2,0,不知道是按什么给的分
62672,2769,徐忠海,2017-11-26 10:35:27,3,3,0,上课轻松，听故事，给分就呵呵了。认真写论文，结果……
62758,2769,徐忠海,2017-11-27 01:46:09,0,1,1,老师给分很高！很惊喜！平时水水就好了，论文认真写！老师给的分真的太惊喜了！
62868,2769,徐忠海,2017-11-27 07:37:57,0,2,2,老师上课挺有趣的，17年从考试改成了写论文，只要你平时听了课，老师就不会给你低分
64074,2769,徐忠海,2017-12-21 01:55:51,0,0,0,楼上3.6的有什么好说的。。3.3（虽然是错过最后交ddl第二天才交然后写了一张解释书好吧怪我自己早就写好了忘记塞门缝）
64975,2769,徐忠海,2017-12-28 05:48:53,0,0,0,无话可说
66091,2769,徐忠海,2018-01-11 13:21:24,0,1,1,上课很轻松，讲的内容也比较有趣，期末一篇论文，给分比较随意。
66344,2769,徐忠海,2018-01-15 07:49:53,0,1,1,最后是一篇论文，给分很随意\n\n
70715,2769,徐忠海,2018-01-28 03:17:46,0,2,2,不错不错，卷子写了一下午，平时认真听，本以为满了，可惜还是差了一点\n\n
70960,2769,徐忠海,2018-01-28 00:56:50,0,0,0,给分很好！上课很有趣很轻松！期末就一次作业一定要认真做，平时上课最好记记笔记。
71065,2769,徐忠海,2018-01-28 02:16:56,0,1,1,水水水
71076,2769,徐忠海,2018-01-28 02:26:42,4,6,2,睿智老师 全勤不翘课 上课 听课 最后认真写绩点2.4 mmp
71247,2769,徐忠海,2018-01-28 07:52:40,-7,2,9,没翘过课，但也没怎么听，最后不小心满绩了
71633,2769,徐忠海,2018-01-28 20:53:27,0,2,2,上他的市场营销概论，老师和课程都很有意思，不点到不考试不论文，只要最后一节课认真听完成期末作业题，4.5+应该挺随意的。
72699,2769,徐忠海,2018-01-31 02:14:30,4,4,0,上课基本没有听，写期末作业题的时候，照着老师ppt的内容写，最后4.8。总之写题的时候，记得用上老师讲过的内容，基本上就可以了。
76647,2769,徐忠海,2018-04-17 05:44:13,0,3,3,超级棒很有收获，那些说评分随意的，你们有认真听课吗？\n\n
80366,2769,徐忠海,2018-06-25 13:18:20,0,0,0,想知道市场营销的ppt地址
82284,2769,徐忠海,2018-07-07 16:18:00,4,4,0,商科学子觉得徐老师市场营销概论的mindset还是不错滴听了有一些收获，之前听说给分随意也蛮担心的，不过可能是我运气比较好吧给分还不错，非要说什么经验的话就是写卷子的时候拼命把老师上课讲的案例和经验往上怼吧……ps：老师真有钱呐
86505,2769,徐忠海,2018-09-17 02:50:07,6,7,1,真的是乱给分 3.3 绝望
90929,2769,徐忠海,2018-11-27 15:19:10,14,14,0,一双情怡袜，99朵新棉花
92458,2769,徐忠海,2018-12-29 07:18:59,6,7,1,我想知道期末作业到底是什么。
99519,2769,徐忠海,2019-01-25 01:57:01,9,10,1,老师给分太惊喜了，3.3，感觉非常随意吧。然后上课内容没啥好听的。既不提绩点又学不到有用的东西还浪费了时间。差评
99568,2769,徐忠海,2019-01-25 03:28:35,0,1,1,垃圾老师，看名字给分的吗？！秀优越我忍，四处喷我忍，上课水我忍，最后这个对不起我的付出的绩点是真的不能忍！第一次怼老师，您赢了！
99602,2769,徐忠海,2019-01-25 04:02:22,5,5,0,上课很水，给分随意
99665,2769,徐忠海,2019-01-25 04:41:11,1,2,1,好歹考试周辛辛苦苦写论文了 给分太随意了吧 哭了
110500,2769,徐忠海,2019-07-06 00:58:50,1,2,1,好像书上也没有，反正多写点，老师给分不错
113139,2769,徐忠海,2019-07-06 00:10:34,3,4,1,我也不知道为什么一堆人在骂，考试考的内容都是上课很仔细讲的案例，答题全用自己的话去答就好，不难。老师上课都很认真，每次都提前准备话筒和课件，讲的不错，也不知道为什么有些人平时都在后面水，出分的时候这么酸，给分也没有想象中那么差，前提是你上课都听，听了案例甚至不用带书去考都行
113801,2769,徐忠海,2019-07-07 15:18:10,1,2,1,老师蛮好的，在老师课上做作业效率很高，不布置作业，想拿高分去向老师要个PPT就好了，想学到东西还是绕道吧。
119859,2769,徐忠海,2019-11-16 10:43:07,1,1,0,上了一学期的课，说好的期末考试，准备了半天资料，结果最后一节课有事没去，布置了论文还点名了。。。认认真真写了文章，最后只有70多一点分数。
120066,2769,徐忠海,2019-11-17 09:34:29,2,2,0,市场营销概论有趣味性，但学不到东西。最后一篇论文，很认真的写了，也很规范地用了学过的知识，并且连成体系去分析，结果3.6emmmmmm自闭了
124589,2769,徐忠海,2020-07-03 10:38:28,2,2,0,老师人和市场营销课本身都还好，但是给分真的太摸不清了！！我真的属于听课比较认真的同学，期末论文也都按上课的体系和案例去靠拢，结果只有70几。我是真的想不通了，完全不能检验课程学习情况的考核方式，也许我中规中矩按要求，没有去恶竞吧。
7467,2783,汪晖,2015-09-15 09:58:15,8,11,3,赞赞赞
8878,2783,汪晖,2015-09-29 07:33:07,0,1,1,无聊…无聊…给分好。
13355,2783,汪晖,2015-12-27 07:20:58,3,5,2,
15626,2783,汪晖,2016-01-16 01:34:35,0,1,1,考试难不难啊
16682,2783,汪晖,2016-01-18 17:41:29,25,31,6,老师的PPT组织很好，听课时没注意，但在复习时这个优点特别明显，相对于其他老师来说这方面好很多！
27836,2783,汪晖,2016-06-27 19:42:36,-5,2,7,给分低
28288,2783,汪晖,2016-06-28 08:26:44,-1,0,1,考试容易，大水课，给分好
28356,2783,汪晖,2016-06-28 08:39:12,0,2,2,自己能给自己讲糊涂，不太想上课的意思，所以很水很水
44620,2783,汪晖,2017-01-18 04:35:24,2,2,0,上课下课气氛活跃，太喜欢啦。
46572,2783,汪晖,2017-01-22 03:04:08,1,1,0,老师很亲切 没有架子 讲义条理清晰 讲授有趣 考试不难
61236,2783,汪晖,2017-11-13 00:54:57,0,0,0,很不错啊
61237,2783,汪晖,2017-11-13 00:55:55,1,1,0,给10分怕骄傲 讲课很有自己的想法 上课也不无聊
61238,2783,汪晖,2017-11-13 00:57:13,0,0,0,
67865,2783,汪晖,2018-01-22 08:23:23,4,4,0,我总觉得自己都背出来了 然而成绩并没有很好看…难过
73285,2783,汪晖,2018-02-01 09:21:28,4,5,1,老师人很好=讲的很细致=考试不难=虽然不点名但是会知道谁没来=虽然我在这里给好评=但是房地产经济学这门课他好像不教了=
73299,2783,汪晖,2018-02-01 09:45:05,1,1,0,可水可不水，就一次作业一次小组展示，给分很不错，据说下学期不上房经的课了？
91122,2783,汪晖,2018-11-30 15:21:44,0,2,2,虽然一拿到被形容为很简单的卷子看到题目还是一脸懵，虽然出分过了半个月，虽然上课经常查户口，但是不得不说老师给分太好了吧！
122022,2783,汪晖,2020-02-01 06:00:36,0,0,0,PPT很清楚
128158,2783,汪晖,2020-12-09 02:19:10,0,0,0,太喜欢汪总了！专业课就是要这样有思想有活力 爱了爱了
141409,2783,汪晖,2021-10-07 06:05:59,0,0,0,。。。
143975,2783,汪晖,2021-12-15 01:54:10,0,1,1,给汪老师打10分  给出分速度打5分  给马克思同学打1分
146334,2783,汪晖,2022-01-06 08:41:17,1,1,0,老师讲课耐心幽默，能学到很多知识。
162592,2783,汪晖,2022-11-27 06:00:38,1,1,0,出分怎么这么慢 决赛圈了
164339,2783,汪晖,2022-12-20 10:29:57,1,1,0,内容有深度，授课很幽默，但是喜欢查户口
165601,2783,汪晖,2023-01-09 03:06:03,0,0,0,两次点名我都没去 惨死
182094,2783,汪晖,2023-11-15 06:31:22,4,6,2,【城市与房地产经济学】\n\n课不难，可以当成高中人文地理plus\n\nPPT结构逻辑很清晰，很方便复习\n\n老师上课比较随性（？），讲到哪就算哪考到哪\n\n成绩组成只有期末考试，没有各种乱七八糟平时分环节\n\n总之课体感很舒服，给汪老师10分awa\n\n\n\n另外汪老师自己说自己出题风格是往简单了出，基本就是考PPT内容默写，太难的章节内容甚至不会出
182100,2783,汪晖,2023-11-10 02:37:25,3,3,0,汪老师很幽默，上课也很有意思！城经平常没有事，只有最后一个期末考，考的分就代表了你的绩点。希望自己能考好一点吧🙏
183676,2783,汪晖,2023-11-28 10:38:58,15,15,0,上课挺好的 但是成绩完完全全看期末，最后因为有点没背全，成绩稀烂
183718,2783,汪晖,2023-11-29 08:11:15,6,9,3,别管大二大三的都是自己学院的亲学生\n\n给分给好点不行吗 光看个*期末考多少给多少\n\n调调分也不会 成绩美化上帮帮忙也不会？\n\n外推和申请的时候一看专业主修七八十怎么搞
183881,2783,汪晖,2023-12-02 10:35:24,6,6,0,课很水，可来可不来。给分全看期末考，要是考不好就像我一样遭殃了
184035,2783,汪晖,2023-12-07 01:23:09,7,7,0,如下，给分求是
198492,2783,汪晖,2024-09-09 08:31:02,0,0,0,小汪，我不知道你在看😡
203576,2783,汪晖,2024-11-20 05:36:00,0,0,0,城市与房地产经济学像高中人文地理plus，和想象的不太一样；不过老师人很好
214863,2783,汪晖,2025-02-18 12:24:23,0,0,0,老师人很好，ppt很好背，历年卷也可以参考总而言之很推荐，无论是跨专业或者本专业
35295,2808,郭夏娟,2016-11-07 17:35:28,1,3,2,很有气质
59700,2808,郭夏娟,2017-09-26 03:36:22,-2,0,2,很有收获
60743,2808,郭夏娟,2017-10-29 07:34:10,0,1,1,老师很文雅，就是任务比较重
60943,2808,郭夏娟,2017-11-04 08:18:05,5,6,1,事的真多
87365,2808,郭夏娟,2018-09-27 12:11:42,7,8,1,呵呵！官僚主义的实践者，还真好意思教学生行政伦理
122764,2808,郭夏娟,2020-04-01 07:48:02,5,5,0,作业很多很多
126773,2808,郭夏娟,2020-10-20 01:14:22,7,7,0,哈哈哈我醉了
126778,2808,郭夏娟,2020-10-20 01:29:35,11,11,0,作业无比多，而且和教学计划不相符，多了很多其他作业。互评规则随便改，公平原则不知道怎么实践的
126780,2808,郭夏娟,2020-10-20 01:31:58,0,1,1,mdcsb
126783,2808,郭夏娟,2020-10-20 02:20:57,13,14,1,行政伦理学，短学期2学分课程，任务有：每周个人提交思考题；第三周提交一篇英文文献翻译，第五周提交一篇文献综述，期末提交一篇大论文；每组准备一次辩论，会在课堂上进行；课后有许多布置的资料文献，自己安排阅读。任务多不说，小组的辩论是其他组匿名打分，互评出现离谱的不及格分数之后的改进方法竟然是在评分表上注明“打分在80-100之间”，已被恶意低分的组处理方式未知。以及一些经验：辩论大可以提前准备当场棒读，主持稿照搬百度文库也没问题，老师看起来挺喜欢安排好的表演类型的辩论。
126784,2808,郭夏娟,2020-10-20 02:28:44,4,4,0,事情最多的老师没有之一\n\n匿名互评本就离谱，前后判断标准不一致太讽刺了吧
127012,2808,郭夏娟,2020-11-02 14:15:01,2,3,1,老师很文雅不否认，是我心中优雅的女性知识分子模样。作业量多任务重我无异议，毕竟是专业课。但是我想知道开始给我们一个考核标准的作用是什么？仅仅是为了“无知之幕”那节课的举例吗？为何一开始如此强调规则重要性后面却肆意更改？
127887,2808,郭夏娟,2020-11-30 00:34:13,1,1,0,期末给分还行，辩论规则最终解决是统一评为最高分，提建议的大佬赛高！
6040,2852,林卡,2015-07-10 12:10:13,1,2,1,好的
25498,2852,林卡,2016-05-23 13:57:03,10,13,3,帅一脸
50979,2852,林卡,2017-05-11 00:18:02,0,1,1,
51186,2852,林卡,2017-05-23 08:58:24,3,6,3,我是一个卡吹
54698,2852,林卡,2017-06-30 05:03:41,1,1,0,………
77859,2852,林卡,2018-05-08 08:27:29,0,0,0,心很累
81318,2852,林卡,2018-07-04 16:21:18,2,4,2,卡卡神仙上课！
81407,2852,林卡,2018-07-05 04:09:18,9,9,0,意识流啊…上课和考试都是哇
99764,2852,林卡,2019-01-25 06:42:23,5,7,2,卡爷的课有货的，就是太瞌睡了，适合喜欢理论的学生。
100067,2852,林卡,2019-01-25 13:36:41,1,2,1,太深奥
107831,2852,林卡,2019-07-01 22:28:48,1,4,3,其实感觉老师英语水平一般。。但课讲的还是不错的 可以学到东西
111591,2852,林卡,2019-07-02 05:32:45,7,8,1,给分垃圾试卷垃圾
115377,2852,林卡,2019-07-20 07:02:06,9,9,0,社会保障学这个课真的很让人崩溃 考前预习和考试时候真的特别烦躁 最后绩点也很低
121989,2852,林卡,2020-01-28 14:43:52,0,1,1,好好好
122110,2852,林卡,2020-02-13 11:23:44,0,1,1,卡卡是我最敬佩的老师
127493,2852,林卡,2020-11-23 12:41:10,-3,5,8,全球社会政策，非常有趣，了解了很多的社会话题，同时也学会了怎么用科学的方法研究社会问题，真的很适合想做科研的同学，第一次让我觉得科研其实很有趣。平时任务不多，参加两次讲座有加分，两位老师各上3次课，第四周和第八周是大家的pre。最后一篇论文当做期末成绩，和pre相关就好。\n\n4.8应该还算可以吧，比我想象的给分好不少，谢谢Ka Lin老师！
137486,2852,林卡,2021-07-04 12:08:53,5,5,0,不管给分怎么样，就是给差评。上社会保障课临时把笔记作为平时分，之前没交导致绩点直接降档。出卷子挺难，还闭卷，按照参考笔记还是有挺多超出范围的。课是真的水，一点意思也没有。
137724,2852,林卡,2021-07-06 00:14:58,8,8,0,太意识流了，浙大普鲁斯特吧
156174,2852,林卡,2022-06-18 04:40:02,3,4,1,课很无聊，不点名。给分很低
156701,2852,林卡,2022-06-20 16:21:10,0,1,1,可爱随和，但讲课比较平淡\n\n试卷题目ppt里基本都有，给分因为自己确实也没好好复习没背下来所以不做评价\n\n我还是挺喜欢林卡老师的hhh
20336,2950,范柏乃,2016-01-27 04:53:25,9,11,2,吃屎一样的感受，一节课点好几次名
110005,2950,范柏乃,2019-06-21 04:46:48,3,3,0,批示？
122488,2950,范柏乃,2020-03-02 02:15:52,19,20,1,上课真的很无趣，只知道点同学回答问题
123090,2950,范柏乃,2020-05-09 06:13:09,9,10,1,真的建议老师专业做科研吧。。。
123122,2950,范柏乃,2020-05-11 04:09:33,28,35,7,为啥这里评论的人那么少？都没人来吐槽一节课点20次名吗
123246,2950,范柏乃,2020-05-25 08:24:54,9,10,1,上网课：好的你坐下哦
125144,2950,范柏乃,2020-09-02 07:28:53,13,14,1,关键是，感觉水平真的一般，还一直提问。讲的内容还没我本科数学建模学的有深度。
125333,2950,范柏乃,2020-09-07 02:35:15,8,8,0,分低事多 一节课能把一个班点两个来回 啥也没学到 说话很难听清
126090,2950,范柏乃,2020-09-17 09:04:14,-2,6,8,老师有点可爱的
127176,2950,范柏乃,2020-11-12 01:01:21,4,5,1,干货少 点名多 吐了
134087,2950,范柏乃,2021-03-15 12:14:09,5,7,2,怎么说呢 这个老师很固执 一般而言不喜欢学生有任何他思想外的想法
134270,2950,范柏乃,2021-03-22 07:44:11,12,14,2,喜欢讲冷笑话
134458,2950,范柏乃,2021-03-29 07:51:23,4,4,0,不行啊
141184,2950,范柏乃,2021-09-26 01:33:15,12,12,0,没啥水平 上课还一直点人回答问题 然后就是你想和他讨论个问题他说这个很简单 你自己想一想 不允许别人质疑他的权威
153684,2950,范柏乃,2022-05-07 17:25:58,3,3,0,喜欢点名
171381,2950,范柏乃,2023-03-23 02:55:18,13,14,1,一眼丁真鉴定为纯纯的逆天
171948,2950,范柏乃,2023-04-13 09:00:32,9,9,0,爹味十足 喜欢点名 不允许学生反驳😅
173451,2950,范柏乃,2023-05-25 04:41:13,8,9,1,不允许质疑“权威”，很喜欢提问但在座诸位永远说不到老师心中的标准答案\n\n只能说之前遇到的教授都太“大学教授”了，总是温和地鼓励学生发表自己的观点，让我无法接受这样的老师……
178185,2950,范柏乃,2023-07-07 17:27:28,-10,6,16,出分了，快给范老师道歉，人家给分无敌好
178300,2950,范柏乃,2023-07-09 17:10:28,5,5,0,只能说除非必修千万别选
180928,2950,范柏乃,2023-09-28 08:06:21,3,6,3,逆天 第一次打分献给这哥 讲课三小时提问两个半小时
181496,2950,范柏乃,2023-10-19 07:55:29,9,9,0,没有人吐槽这老师很喜欢贬低学生吗
182222,2950,范柏乃,2023-11-13 02:48:09,4,5,1,上所有课都是同一套思路，点名，提问，嘲笑，贬低
191120,2950,范柏乃,2024-04-05 13:22:43,8,8,0,很喜欢提问，但是会贬低人😂问题是，教的研究方法其实和最前沿的比，也很落后了啊
196019,2950,范柏乃,2024-07-01 07:12:23,9,9,0,mpa课程都要每次点名，每次课全部人轮一遍，请假要盖公章，人没来扣很多分，挂科威胁，答不出来还要嘲讽。
197237,2950,范柏乃,2024-07-09 16:43:21,3,3,0,范老师什么时候出成绩
201487,2950,范柏乃,2024-11-04 00:53:26,1,1,0,sb中的战斗机
203206,2950,范柏乃,2024-11-18 03:40:33,4,4,0,从本科到博士，zju公管噩梦
204166,2950,范柏乃,2024-11-25 01:14:37,0,1,1,傻逼玩意早点死
216287,2950,范柏乃,2025-03-13 02:20:19,0,0,0,爱点名提问，事多
216453,2950,范柏乃,2025-03-16 15:35:54,0,0,0,极其抽象，每节课全班都点一遍提问
32556,2993,顾征,2016-07-07 17:24:51,0,2,2,没有显示行政法的均绩。。。
63609,2993,顾征,2017-12-08 17:17:49,3,6,3,老师非常有激情！
79761,2993,顾征,2018-06-13 10:37:00,1,1,0,没试过
91241,2993,顾征,2018-12-04 05:13:07,1,1,0,老师人超好！
112019,2993,顾征,2019-07-03 07:45:07,1,1,0,老师给分很好
118065,2993,顾征,2019-10-20 05:01:58,11,12,1,老师人超好，我们的班主任秋游bg
134048,2993,顾征,2021-03-14 07:55:23,-1,4,5,讲课：有意思，深入浅出\n\n点名：不点\n\n口音：没问题，普通话\n\n课程压力：一个展示、一个论文，大体轻松\n\n给分：很好，感动哭了\n\n总结：好，好，好（重要的事情说三遍）
140342,2993,顾征,2021-09-10 01:29:08,0,1,1,很不错
151230,2993,顾征,2022-02-25 04:27:27,0,0,0,最后一次作业可能需要卷？\n\n总之给分好像有点低..
151287,2993,顾征,2022-02-27 15:16:20,6,8,2,平时上课很水很水，学不到什么。期末考试行政法和行政诉讼法涉及到的内容还是比较多的，但比较基础。宪法论文正常写还是没问题的。98上有回忆卷，老师好像比较懒。
171503,2993,顾征,2023-03-27 04:04:54,7,7,0,叮叮~
186055,2993,顾征,2024-01-08 05:30:05,3,4,1,搞笑，这个老师会什么？自称《研究兴趣很广泛》，上课讲了什么？秋学期的课期末考完才出分，什么混子老师，浪费时间
190429,2993,顾征,2024-03-03 13:38:17,3,3,0,大三上上的宪法与行政法，过了一个年加上开学一周了还是没出分。。。
190449,2993,顾征,2024-03-04 12:34:40,3,5,2,老师摆，课程硬，出分慢，给分低。
190454,2993,顾征,2024-03-04 13:39:19,0,0,0,一般般
190455,2993,顾征,2024-03-04 14:21:04,0,0,0,期末只占30%，占比很低了，不过确实很硬
190459,2993,顾征,2024-03-05 02:07:13,4,4,0,宪法学与行政法学有闭卷考试，考得比较差所以分数低这很正常（98上有回忆卷，强烈建议大家去看看，重复率很高）。\n\n但是秋冬学期的课到了春夏开学一周才出分。。。。焦虑一整个寒假
194745,2993,顾征,2024-06-25 08:35:35,0,0,0,给分好
197706,2993,顾征,2024-08-01 14:21:18,1,1,0,老师出成绩太慢了~
214723,2993,顾征,2025-02-17 06:05:18,0,0,0,已经开学第一天了。还没出成绩^ ^。 牛牛哒
215656,2993,顾征,2025-03-03 12:30:43,0,0,0,回点人回答问题但是不在貌似也不扣分。期末考试范围很大可以参考历年卷，准备好了给分还行
8912,3105,谭荣,2015-09-30 07:31:38,2,6,4,没得选。。专业课。人挺帅。就是讲课好无聊。
9461,3105,谭荣,2015-10-28 08:39:53,0,9,9,老师很厉害
9933,3105,谭荣,2015-11-13 01:39:49,8,11,3,呵呵呵呵
10810,3105,谭荣,2015-11-23 05:56:04,3,8,5,知识体系完整
10817,3105,谭荣,2015-11-23 06:11:23,5,17,12,老师很帅，年轻有为
10826,3105,谭荣,2015-11-23 06:26:46,-5,7,12,有思想的一个老师！
10860,3105,谭荣,2015-11-23 07:26:01,10,12,2,有时候听不懂
15579,3105,谭荣,2016-01-15 12:43:39,3,7,4,绝对是有深厚专业知识的老师。理论性太强。佑我过过过
20617,3105,谭荣,2016-01-29 04:47:25,16,18,2,跟他不是一个世界的\n\n
21293,3105,谭荣,2016-02-28 03:16:40,21,28,7,研究做得好，但是并不觉得是个好老师
25927,3105,谭荣,2016-06-14 11:04:34,-26,2,28,好好听课 拿高分很容易的 只复习了一两天 最后4.5+ 老师讲课也很棒 有很多自己的见解 很有收获
36545,3105,谭荣,2017-01-21 15:34:56,0,3,3,土管爸爸说好，真棒，嗯，真棒
41079,3105,谭荣,2017-01-09 06:15:37,5,8,3,上课听不懂，看见看不懂，老师人很好
46489,3105,谭荣,2017-01-22 01:07:11,-13,5,18,老师很萌很负责任，虽然平时作业批的很慢，但是最后给分真的好好，是男神啊！把我第一条评论献给老师！
62366,3105,谭荣,2017-11-24 12:18:06,-11,2,13,非常棒
62754,3105,谭荣,2017-11-27 01:04:43,5,9,4,理论性很强，课程偏难。均绩高到不科学，可能是我太菜了
62760,3105,谭荣,2018-01-10 06:23:28,19,24,5,研究做的不错，教书实在不咋样
63049,3105,谭荣,2017-11-28 04:44:57,11,12,1,卷子……出的有点看不懂
63319,3105,谭荣,2017-11-30 11:38:52,17,20,3,ppt很学术，完全看不懂，逻辑思维不适合教书，丹老师本人很厉害 ，只能说老师自己在飞，还以为我们都听懂了
73505,3105,谭荣,2018-02-01 23:56:01,19,30,11,听我的话好吗？千万别选别选别选别选这个老师的课，能不选千万别选，讲的扯让人听不懂给分还差，千万千千万别选
73511,3105,谭荣,2018-02-02 00:41:44,21,33,12,实话说，老师讲课真的太有深度了，完全没有考虑我们的年级合段位。课难就算了，考试更难，真的不能理解一个专业课为什么要这样为难自己的学生。给绩点也是毫不留情。再给我一次机会，一定不会选他的课。
73512,3105,谭荣,2018-02-02 00:50:28,3,4,1,老师上课很理论，整个体系特别完善，最后一节课给我们复习当时把每节课的逻辑都连起来了，复习的时候就挺清晰的，不过可能自己水平太低，听不太懂，最后考试挺多题目迷迷糊糊。
73519,3105,谭荣,2018-02-02 01:08:43,-34,3,37,老师的ppt很深，而且基本都是逻辑框架，需要理解，但是上课认真听了，考前再复习一把，还是很好拿分的，这学期第一门满绩谢谢老师
73523,3105,谭荣,2018-02-02 01:36:33,6,7,1,嗯，公共管理学很难，或许是我太菜，不过还有一次机会的话，我不会选他的课，听说我们是唯一闭卷考的公共管理学
73538,3105,谭荣,2018-02-02 02:34:30,9,13,4,成绩一出绩点下降了0.2，比微积分还低，服了。
73541,3105,谭荣,2018-02-02 02:32:23,5,6,1,…血凉
74040,3105,谭荣,2018-02-04 11:42:20,3,6,3,谭荣爸爸讲得太高深了不适合我们渣渣本科生?
74041,3105,谭荣,2018-02-04 11:42:41,5,8,3,呵 两门课占据了我的低分榜 呵
98870,3105,谭荣,2019-01-24 04:24:01,7,10,3,老师讲得太好了！！！！！再给我一次机会，我一定及时退课！！！
99550,3105,谭荣,2019-01-25 02:42:03,0,1,1,
99551,3105,谭荣,2019-01-25 02:43:22,6,8,2,真的绩杀，内容难也就不说了，辛辛苦苦复习给分还特别差，本学期最低了，自闭了
100460,3105,谭荣,2019-01-26 07:04:24,-1,0,1,
101397,3105,谭荣,2019-01-28 06:40:12,2,4,2,太坑了，慎选！！
102002,3105,谭荣,2019-01-30 03:27:02,5,8,3,老师授课体系是自成一套的框架，正常人都很难理解吧，有一种自说自话的感觉？ppt上课不听根本看不懂，上课听了也看不懂。作业布置得很迷，试卷出得更迷，根本get不到考点！专业课复习半个月才二点几，有史以来最低绩。退课保平安?
103618,3105,谭荣,2019-03-02 11:07:30,0,2,2,最低，没话说
118960,3105,谭荣,2019-11-08 12:09:26,2,3,1,ppt根本看不懂，背也背不动。明天考试，祝我好运
120385,3105,谭荣,2019-12-02 03:55:55,1,2,1,认真听课会有很大收获，老师也会给分很好，主要是认真听讲，要有自己的思考如果只想水着拿高分是不可能的
122021,3105,谭荣,2020-02-01 06:00:00,2,4,2,谭老师超级棒
122074,3105,谭荣,2020-02-11 07:28:07,2,3,1,名不虚传，，
122706,3105,谭荣,2020-03-23 02:26:23,10,16,6,谭老师思想很深邃，学术能力也超棒！课上老师会讲授很多理论和实例的结合，刚开始学的时候确实很吃力，但是理论毕竟是要理解的，想要水过这门课根本不可能，所以希望想要水过这门课的同学移步别的老师。如果认真笔记，认真理解和做作业的话，最后的分数会很可观，根本不会故意绩杀任何人。顺便说道说道，老师是土地资源管理和农业经济管理的双料博士，还是Ostrom的忠实粉丝，真的好可爱！
123765,3105,谭荣,2020-06-14 02:22:52,3,7,4,选课时无意中又看见这门课《公共管理学》，顺手评价一波。\n\n老师学术水平拔尖，讲课水平也不差，基本跟随自己的思路和见解在授课，如果有疑惑也会及时解答，不过还是有一定难度，如果感兴趣认真听自然能收获很多。听老师说对我们这个班比较满意，虽然闭卷但期末考试不难，绩点也还好
125176,3105,谭荣,2020-09-03 03:49:39,0,2,2,老师风趣幽默，水平高，耐心，课后交流时间也多。我上的是公共课“制度与社会”，这是相当不错的课，说来比较可笑，对于我这个工科学生来说这门课是本科阶段印象相当深的课。作业是课后小作业与期末大论文，对综合能力提高相当有用，社科等不清楚，但工科生建议选，认真听收获相当大，给分也很不错。
128157,3105,谭荣,2020-12-09 02:17:55,6,9,3,谭爸爸nb！土地制度这个课是我到现在最最有收获的一门课。老师极其厉害极其有思想见解
128241,3105,谭荣,2020-12-15 02:55:51,-4,4,8,两门课都知识点多，很深，但不杂，能很好地理清楚，另外绩杀假的
128253,3105,谭荣,2020-12-15 05:56:36,-6,4,10,我爱谭老师 4.8爱了爱了爱了\n\n但好像这次分都很高\n\n选吧各位！老师已经不绩杀了！上课特别有收获 最喜欢的一门课
128255,3105,谭荣,2020-12-15 06:43:39,1,5,4,老师的课仔细听收获还是很大的，干货满满。不过事情确实有点小多，要求也高，不过现在给分真的很棒
144654,3105,谭荣,2021-12-23 03:44:25,-1,1,2,说实话，除了作业多，谭老师还是非常棒的，分也没想象中的低
145053,3105,谭荣,2021-12-27 05:47:24,1,5,4,是我太菜，看不懂PPT，上课听了也记不住，给我2.几的绩点我也是心怀感恩。老师太厉害了，上课有自己的思路唉，考试也没有重点唉，闭卷考试也很棒棒唉。
149086,3105,谭荣,2022-01-14 10:53:24,9,12,3,学不到任何东西，作业特别特别多，每节课好几个作业，还没有标准答案很麻烦，课堂氛围特别差，讨论区直接卷疯了，有一会课堂直接变成菜市场了，为大家演绎了公共管理的崩溃，一学期下来感觉认认真真听也学不到任何东西，讲课内容特别乱，一点逻辑都没有，而且还绩杀
149108,3105,谭荣,2022-01-14 11:59:39,2,3,1,非常欣赏谭荣老师！学术水平很高，学者的典范！\n\n虽然但是，努力了一学期，最后还是被谭爸爸绩杀了【小丑就是我自己】
150624,3105,谭荣,2022-02-05 14:43:44,6,7,1,公共管理学，不点名，给ppt。\n\n搞分上说：作业每周都有但是每个作业只占比一分，也不用特别卷，有一个小组作业，一个小组PRE，闭卷考试（考前老师说主观题写字即给分 最后到底怎样不清楚）。助教姐姐很好，作业可以补交。老师不绩杀，平时作业一般认真 小组作业一般卷卷，考前抱佛脚一晚上，也得到了满意的分数。大家不要怕绩杀，好好做就行。\n\n学术上说：课程体系很烂，作为专业基础课真的没达到应有的效果，只能说零散的学到了几个知识点吧，考完很快忘掉了。谭老师讲话很温柔，就是太好睡了。谭老师在自己的领域很好，就是拜托学院派个别的老师上这课吧。
152130,3105,谭荣,2022-03-28 05:57:22,-7,1,8,学术大佬。上课真的能学到很多东西。就是作业比较多。给分也还比较好。
162594,3105,谭荣,2022-11-27 08:26:58,0,3,3,出分了 回来给老师评论一下\n\n不要被老师吓到喂\n\n单纯看ppt可能会有点看不懂的\n\n平常的mooc好好做\n\n给分不会差的\n\n能学到知识
169620,3105,谭荣,2023-02-27 06:59:28,0,5,5,喜提专业课最低绩点，但还是给谭老师打高分，真才实学而且能看出谭老师很努力地想教会我们，知识成体系，小菜鸡也在课上学到了很多知识。\n\nps.杭州地铁和德国地铁的问题，虽然德国地铁不用检票，但如果他们像杭州地铁一样使用支付宝，也不用检票，而且无人逃票，确定性无穷大；因为使用了支付宝，资产专用性小。结论，德国地铁不如杭州。（谭老师在上课的时候似乎完全没有考虑如今中国地铁是什么样子的
170197,3105,谭荣,2023-03-02 03:10:53,6,11,5,纯纯傻卵老师，md受不了了
181449,3105,谭荣,2023-10-18 06:40:38,35,40,5,正常的ppt：\n\n1 aaaa 1.1 bbbb 1.2 cccc\n\n1.2.1 dddd 1.2.2 eeee 1.3 ffff\n\n\n\ntr的ppt：\n\n1 aaaa bbbb cccc\n\ndddd 2 eeee ffff\n\n\n\n正常的思维体系：\n\nA. XX: ①aa: xxxx ②bb: xxxx ③cc: xxxx\n\nB. XX: ①dd: xxxx ②ee: xxxx ③ff: xxxx\n\nC. XX: ①gg: xxxx ②hh: xxxx ③ii: xxxx ...\n\n\n\ntr的ppt思维体系：\n\nxxxxaaxxxxx  xxbbxxxxxxx ccxxxxxxxx\n\nyyyyyyyddeeyyyyy ffyyyyyyy yyyyyyyyy\n\nzzzzz zzzzzzz zzz  zzzzzzzzz\n\nmmmggmmhhmmmm mmmiimmm
181824,3105,谭荣,2023-11-08 05:43:38,13,17,4,【中土制度】PPT自成一套体系，比较难懂\n\n课后有mooc要做（看视频+客观主观题）；有三次翻转课堂（辩论+模拟市长+模拟教学）\n\n但是23年取消了闭卷考试（改成了心得体会？）\n\n所以是我不成熟了，谭荣是我爸爸，谭爹万岁
182021,3105,谭荣,2023-11-08 08:28:42,5,5,0,经常出差，很有学者风范，讲课比较难懂，是一个不错的老师
182026,3105,谭荣,2023-11-08 10:57:56,5,5,0,tr老师我爱你
182028,3105,谭荣,2023-11-08 11:05:45,5,5,0,特别特别好的一个老师！！！！
182055,3105,谭荣,2023-11-09 06:53:47,7,7,0,实际上比较体谅学生awa
185241,3105,谭荣,2023-12-27 08:21:40,1,1,0,【中国土地制度】\n\n课程内容：\n\n有一本他的教材，课程内容上知识性的部分就差不多了（网课部分教材就是讲义（笑））；\n\n谭老师上课思路个人感觉更偏向于，探讨问题的线性思路，又会举例子插入超链接（如果之前没有听他讲例子，就会听不懂他想表达什么）；\n\n讲知识性部分确实比较枯燥，但是还是比较喜欢听老师讲案例，讲案例就不会那么困了（）；\n\n重视思维；\n\n上课还是要听，光看PPT是搞不懂的（有同学在评论中举例了）\n\n\n\n形式：网课+网课作业+三次翻转课堂+期末思考题（以前是闭卷考试，不知之后如何。感谢老师期中周取消考试救我大命）\n\n\n\n算是土管的第一门专业课，学完对这个不太熟的专业比以前要熟了一些吧\n\n\n\nPS：tr老师声音比较小+低，可能要坐前面一点（在大教室尤其）\n\n下课后会很耐心的回答疑问，感觉这个时候讲得比上课要清晰很多（笑）
185401,3105,谭荣,2023-12-29 01:24:43,4,4,0,很厉害的老师，事情不算多，给分也很好。比心
185529,3105,谭荣,2024-01-02 00:54:39,6,7,1,ppt真抽象。。。
185655,3105,谭荣,2024-01-03 09:46:42,3,3,0,看得出来是一位知识渊博的老师，但是PPT也太令人费解了，看不出编排的逻辑和层次关系......
185979,3105,谭荣,2024-01-07 05:34:27,1,2,1,要考试了，来拜拜谭爹，给谭爹点个赞！
186125,3105,谭荣,2024-01-08 18:30:45,1,1,0,上课内容干货还是很多的，不过内容确实太多了
186126,3105,谭荣,2024-01-08 18:45:52,5,6,1,ppt依托答辩的方式，完美呈现
186237,3105,谭荣,2024-01-10 03:17:19,4,7,3,公共管理学......毫无逻辑的PPT+教学，属于是听了也不懂到底在上什么的程度......还有公共管理学为什么要讲那么多经济学的东西......感觉跟主流的公共管理学课程脱轨了......越复习越一头雾水......可能是我水平太低了吧......
186279,3105,谭荣,2024-01-10 10:08:41,1,3,2,PPT非常混乱，
186382,3105,谭荣,2024-01-11 13:24:44,4,11,7,公共管理学顶级弱智课，从考核方式到课件到教学到期末卷子都烂成一坨，建议学院早日取缔\n\n根据23-24秋冬学期考核标准，选上《公共管理学》这门课的大部分人会因为不是自己的错误总评-7，这何尝又不是一种公共管理
188283,3105,谭荣,2024-01-18 14:30:08,2,2,0,公共管理学不认真听课，只看ppt的话，肯定是看不懂的，感觉老师的思维也比较活跃，所以有时候确实会出现听不懂的情况，但是课后能琢磨明白，而且课时之间也很连贯，感觉很可爱！！
188337,3105,谭荣,2024-01-18 15:58:36,1,1,0,给分有点迷
188415,3105,谭荣,2024-01-19 03:02:28,4,4,0,谭老师人很好，讲课有深度
189505,3105,谭荣,2024-01-25 04:08:04,0,2,2,tr老师本身讲课水平还可以，可以学到东西，但是ppt真的一言难尽
199840,3105,谭荣,2024-10-02 13:06:38,1,1,0,upa的第一个学期拜他所赐感觉是那么的不好
202388,3105,谭荣,2024-11-12 08:41:42,7,7,0,助教姐姐人好好啊，给她打满分
203806,3105,谭荣,2024-11-21 06:51:28,0,0,0,ppt：量大内容多\n\n逻辑有点乱\n\n干货似乎不在ppt上
204048,3105,谭荣,2024-11-23 11:44:20,3,3,0,upa课取消考试，点赞。不过要求不太明确，课堂讨论和学在浙大这个要求不清晰，发言数次回帖数条这一项也无法满分。但总体给分还不错，每一项即使赋分都是最低也有82.4（也不可能真的都最低吧），所以4.2不难。但是86-88可能过于密集，以及能否上90几乎完全取决于论文。\n\nppt比较凌乱，但是讲课很好，安排也不错，事情也不多。4.2也可以满意吧，就可惜了发言。
212961,3105,谭荣,2025-01-15 10:46:45,-2,3,5,复习了一天拿了4.8嘿嘿
216479,3105,谭荣,2025-03-17 06:57:17,0,0,0,公共管理学\n\n上课可水，但最好还是听一听，因为偶尔会提问，每节课后还要画知识图谱，老师PPT的结构框架挺意识流的，没听课的话很难搞懂讲课的逻辑是什么。最后期末是闭卷考，可以拿着平时画的知识图谱与老师的PPT复习，98上有不少回忆卷，可以自己构思一下答案，不少题型会反复考。好好复习的话，感觉给分其实还可以。
219627,3105,谭荣,2025-06-01 19:29:31,0,0,0,公共管理学，感觉他24-25秋冬ppt稍微改了一下，好像变得有逻辑了！最好上课稍微听一下，有印象他讲了啥即可，反正最后也要写他布置的思维导图，思维导图稍微用心做一下对期末有帮助\n\n期末考试前认真看看他的ppt，对着思维导图就能搞懂考点了，上考场不会手忙脚乱
27835,3146,沈兵明,2016-06-27 19:41:58,3,3,0,很爱讲风水，学不到什么
28301,3146,沈兵明,2016-06-28 08:29:13,3,3,0,完全学不到东西！
52219,3146,沈兵明,2017-06-16 04:25:47,2,2,0,真是百年难遇的奇葩。
52976,3146,沈兵明,2017-06-24 09:19:53,2,2,0,土管最差的老师没有之一
92615,3146,沈兵明,2019-01-14 05:07:59,12,16,4,那个糟老头子坏的很
92621,3146,沈兵明,2019-01-03 06:50:26,2,2,0,不知道在讲什么，事情贼多贼无聊，听说还是绩杀，服了
93440,3146,沈兵明,2019-01-09 15:00:08,2,2,0,奉劝其他专业的同学千万别选他的课，本专业的同学能不选也别选，什么都学不到不说，还非常浪费时间?
93918,3146,沈兵明,2019-01-14 08:51:22,4,4,0,事多，课无聊且无用，浪费时间，还绩杀，打分相当不公平，如果有机会专业评议，真想废掉这门课。
93930,3146,沈兵明,2019-01-14 10:47:21,7,7,0,不公平
94605,3146,沈兵明,2019-01-17 10:56:10,3,3,0,绩杀，事多，牛逼
253,3230,胡税根,2015-03-14 23:11:09,13,33,20,分分钟教你做人\n\n
19947,3230,胡税根,2017-09-20 00:24:05,-68,14,82,胡老师太帅了，听他和徐林老师合作的公共管理学（甲）真是享受，真正教授的风范
27161,3230,胡税根,2016-06-23 09:02:45,15,17,2,作业多，科研很忙
46350,3230,胡税根,2018-05-20 17:30:19,25,35,10,在课堂上公然攻击前国家领导人，naive
51495,3230,胡税根,2017-06-06 13:08:49,25,31,6,作业多！超级多！课无聊，还总是找别人代。
57455,3230,胡税根,2017-07-08 05:36:49,21,31,10,写论文，文献综述，翻译，展示……
57902,3230,胡税根,2017-07-17 06:37:11,18,24,6,无偿劳动力
59135,3230,胡税根,2018-06-10 12:40:31,35,68,33,“这人实在受不了，很少亲自上课就算了，亲自上课起来让人只想睡觉，作业就不列举了，平均到每周足足有十小时左右，我简直不知道如何评价”我把这段发到社交网站上，第二天就被辅导员约谈了。我辩解到：“怎么能处分我，我又没有指名是谁。”“少装蒜”，辅导员大吼到：“谁教学那么差大家心里会没点B数吗”
60594,3230,胡税根,2017-10-25 00:53:19,19,22,3,傻逼老师\n\n真的傻逼\n\n没见过这么傻逼的老师\n\n作业多到分分钟教你做人\n\n不是必修的千万别选
60625,3230,胡税根,2017-10-25 11:25:56,9,10,1,不对老师做评价，就是课程作业实在太太太多了。
60689,3230,胡税根,2017-10-26 15:10:35,-6,3,9,
60739,3230,胡税根,2017-10-29 07:16:16,12,13,1,事儿多
63964,3230,胡税根,2017-12-20 06:51:19,14,16,2,不是必修课千万别上\n\n千万别\n\n千万
64881,3230,胡税根,2017-12-27 15:28:46,13,16,3,安心做科研吧，老师给我们上了四次课就可以把我们当免费劳动力嘛！啥也没学到，是想要我们从作业中学习么？!那真是高估我了。。
68133,3230,胡税根,2018-01-22 15:34:55,-24,4,28,事情比较多，但是给分好到哭。
68324,3230,胡税根,2018-01-23 03:28:04,7,11,4,十分是给助教的 给分好但是事情确实很多 不是必修的话 慎选
73915,3230,胡税根,2018-02-03 14:08:49,-39,6,45,胡老师是个很有学术魅力的老师！两个助教也超级认真负责！作业比较多是真的 ，但是也真的可以从作业中学到很多东西！还是很值得花这些时间的！喜欢～
79144,3230,胡税根,2018-06-21 15:45:19,27,30,3,感觉胡老师立场有问题，很迷美国，难以保持客观公正，连我这个很鄙视小粉红的人都看不下去了，既然美国有那么好，你怎么不去移民？？
85320,3230,胡税根,2018-07-17 03:32:37,5,9,4,其实还可以，就是ppt太水了，也不更新一下。
87783,3230,胡税根,2018-10-13 05:33:32,16,18,2,观点有所偏颇，应该站在中国立场去看问题
87799,3230,胡税根,2018-10-14 05:56:13,32,42,10,水平相当一般，讲得很啰嗦，明明对现实诸多不满，但是又不敢明讲，遮遮掩掩的，其实既然相信普世价值那套，为何又不敢大大方方的表达呢？当然，时下确实有些敏感，不过既然认为自己是有独立思考能力的高级知识分子，就该坚持自己观点到底……竟然还怕学生举报，还当堂骂与他的观点相左的学生是傻叉，没有一点为人师表的气度，说白了还是嘴炮型无胆公知……
91413,3230,胡税根,2018-12-09 11:52:51,14,14,0,太差了
91729,3230,胡税根,2018-12-19 02:57:36,16,16,0,作为一个大学老师是怎样说出这些很无脑的话的???立场很迷 看问题的角度很偏执 只是一味批判 真的再也不想上他的课
97685,3230,胡税根,2019-01-22 13:28:17,-19,4,23,从公共管理学到绩效管理，老师改了很多啦，对讲课重视起来了，喜欢这样的胡老师~而且老师上课认真讲，还是有很多干货的，是个非常负责的老师。课堂上设置了很多锻炼人的项目，只要认真做会得到很大的锻炼哒~
99750,3230,胡税根,2019-01-25 06:24:29,17,17,0,上课划水，内容又多的一批，讨论展示翻译文献，wdnmd真把我们当白给的劳动力？这不敢讲那不敢讲，全程G点的课有什么上的必要? ？
104008,3230,胡税根,2019-03-09 10:29:10,10,11,1,千万别上
118088,3230,胡税根,2019-10-21 01:22:02,9,10,1,也许老师有研究之才，但实在不适合本科生教学，尤其是公共管理学这种大二就上的、会影响对自己本科几年专业生涯认知的重要基础课。上课总是说自己被举报，看起来非常可笑。
118692,3230,胡税根,2019-10-30 16:19:09,6,7,1,老美有很多地方很好我承认，但是不要用一种偏激的观点去看问题，强调别人论据的真实性，自己却对小道花边消息深信不疑不是很可笑吗？
121339,3230,胡税根,2019-12-19 06:43:27,6,6,0,水平差倒算了，为人师表呢？
127102,3230,胡税根,2020-11-07 13:06:46,3,4,1,上课有气无力的样子根本听不清楚，上了两次科就要ppt展示，给的课题又是老师的研究方向，真的很难不怀疑把我们当免费劳动力了
129274,3230,胡税根,2021-01-03 06:45:18,3,3,0,上课有气无力，说出差就出差，讨论课分分钟提前，醉了
189517,3230,胡税根,2024-01-25 07:08:36,1,1,0,呵呵。
189699,3230,胡税根,2024-01-27 04:49:49,0,0,0,绩效管理很水哒，给分也不错，很有公管水课风格的一门课，事少分高
199368,3230,胡税根,2024-09-22 09:34:34,3,4,1,上过胡老师的课，他的观点属于偏右的，我作为一个鄙视小粉红的同学有些观点都听着刺耳，但是右有什么问题，有些人可以左，有些人为什么不能右？是他讲的案例是假的，还是数据是编的？那些举报他的同学，是质疑上课内容，还是因为觉得自己的认知被冒犯恼羞成怒，大学应该是一个公开讨论允许各种尖锐声音发出和碰撞的地方，你觉得他讲的不好不对，你就输出更牛的对的东西去跟他碰，不立不破，躲在一些所谓的大旗主流意识形态之后狐假虎威，不该是今天青年的精神面貌
205534,3230,胡税根,2024-12-09 04:18:31,6,6,0,不近人情，上课不知所云，展示随意打断
205538,3230,胡税根,2024-12-09 02:13:59,6,6,0,平时看着没脾气很好说话的样子，但是关键时刻会展示mean老头的超绝刻薄素质给你一记绝杀呢~
205661,3230,胡税根,2024-12-11 03:02:31,3,3,0,很烂，讲课烂、展示评价也烂，你认真看我们的小组展示了吗？？？上来就一顿批驳，其他小组怎么不评价了？我选这门课是我倒霉
213798,3230,胡税根,2025-01-20 03:59:02,0,0,0,老师和助教哥哥人都很好！！ 事少分高！！
213918,3230,胡税根,2025-01-21 09:40:59,0,0,0,烂，教育局考核期间坐前排加分等骚操作频出，上课念ppt和自己的往事，其实根本0人在意。频繁调课
214704,3230,胡税根,2025-02-17 02:15:10,0,0,0,六百六十六，盐都不盐了这老师
215146,3230,胡税根,2025-02-23 01:33:30,0,1,1,公共管理学本来是mpa一门很重要的基础课程，怎么会碰到一个这样的老师我请问呢。很少亲自上课，一学期可能自己讲个两次吧，声音很轻，讲的也都是和课堂无关的东西，吹自己、吹儿子、吹国外，这个老师zz立场有问题，经常说mei国好要移民，那你倒是走啊，不明白这种人怎么能来教书的？？事情也很多，要小组展示还要考试，简单来说这门课就是又小组展示组成的。期末考试也不是随堂，非要让在职的人再另选一个没课的周末来考试真是醉了。给5分纯粹是因为最后分数还可以，但是出分数很慢很慢，下学期快开始了才出分数，而且周围有小伙伴分数很低，感觉就是后面来不及了助教随便打的分？避雷避雷！
215147,3230,胡税根,2025-02-23 01:41:57,0,0,0,没有缺过课，小组展示认真做的，给分超级低。公共管理学没交什么，都是学生展示，感觉学费白交了
17320,3260,吴金群,2016-01-20 04:30:42,1,6,5,虽然没有拿到很高的绩点，但是老师讲课很好，绩点可能因为没考试没考好吧
17569,3260,吴金群,2016-01-20 12:17:04,2,7,5,上课讲的挺好的，人很和善，给分很好
30016,3260,吴金群,2016-06-30 18:06:29,1,6,5,地方政府学除了2周交一次小作业外，可能会有展示，上课老师很风趣，幽默，内容不错，给分不错的，均分有4.3左右
32037,3260,吴金群,2016-07-05 12:45:21,-7,11,18,这个老师，给分超级差。而且很无聊。
46256,3260,吴金群,2017-01-21 05:11:33,1,7,6,讲的不错，然而期末开卷是个大坑啊，好难过\n\n
47856,3260,吴金群,2017-02-26 12:28:21,2,4,2,老师上课很有意思啊，人也很好
52522,3260,吴金群,2017-06-21 01:02:49,2,4,2,大师兄段子说的一等一地好，他的课非常有趣
63953,3260,吴金群,2017-12-20 04:32:17,1,3,2,幽默风趣，内容深刻又不乏味，很乐意跟学生交流，互动性强，愿意引导学生思考
80713,3260,吴金群,2018-06-29 14:18:35,10,18,8,老师很好的！课也很有意思
84148,3260,吴金群,2018-07-12 06:39:02,0,5,5,老师很无聊，上课就是念PPT讲故事，还鼓励恶竞。
117780,3260,吴金群,2019-10-01 11:08:39,1,3,2,吴老师上课比较克制~会在PPT上有一定的发挥，但是不会离题太远。中间会穿插一些小段子，善于利用隐喻。很棒！
119423,3260,吴金群,2019-11-13 00:07:49,-6,1,7,老师其实很专业，课程也特别有趣\n\n可是总感觉老师有一股歧视劲儿\n\n记得有一节课 好多人貌似翘课没来，他只是扫了一眼也没有点名，就直接得出 （某一个群体）可真是喜欢翘课啊，难怪期末过不了。\n\n可是那节课 翘课的人明明什么群体都有，他直接帽子扣其中一个群体头上了。这点我不太能接受
126723,3260,吴金群,2020-10-16 00:23:54,0,3,3,不行不行 无聊无聊
138269,3260,吴金群,2021-07-08 08:59:32,1,1,0,🐂🐂🐂
138444,3260,吴金群,2021-07-09 08:46:28,0,0,0,给分其实挺迷的
160535,3260,吴金群,2022-09-26 06:30:38,12,15,3,上课有体系，可以让你实实在在做笔记的那种，老师很幽默，内容也挺有趣的，给分也好！
183528,3260,吴金群,2023-11-27 05:54:03,3,3,0,补一下评价，事少分高，期末开卷，上课可以听一下，老师会暗示一些期末的题目
203878,3260,吴金群,2024-11-21 15:52:45,0,1,1,非常赞
46604,3268,周颖,2017-01-22 03:44:26,1,2,1,给分有点低，小难过
70057,3268,周颖,2018-01-26 05:11:32,2,2,0,逻辑清晰，平易近人
89596,3268,周颖,2018-11-20 01:54:01,0,0,0,没什么
99910,3268,周颖,2019-01-25 09:27:35,1,1,0,老师人挺好的 发邮件问问题都会很认真详细的回答。给分也还不错，但是对作业要求比较高，需要花时间
119416,3268,周颖,2019-11-12 23:54:23,2,3,1,老师好像詹青云啊 讲话方式也像节奏语气也像\n\n很有逻辑性，总之干货满满
122228,3268,周颖,2020-02-20 06:27:51,-3,2,5,太喜欢老师了，讲课逻辑清晰，案例生动！每节课都是满满干货！也非常平易近人和可爱的老师~！最后，老师每节课的穿搭都深得我心哈哈哈！
148690,3268,周颖,2022-01-13 08:30:39,4,5,1,给分略迷惑
148713,3268,周颖,2022-01-13 10:02:31,2,3,1,给分太迷了
148731,3268,周颖,2022-01-13 10:32:52,1,2,1,给分是啥呀这是
154196,3268,周颖,2022-05-25 18:56:51,0,1,1,一言难尽
164636,3268,周颖,2022-12-22 10:48:34,1,2,1,事真的多。。
174290,3268,周颖,2023-06-09 03:48:11,0,1,1,额 每节课都是雷达点名 之前上网课还要手写考试内容拍照 最后给分也是简直了 历史最低分 一言难尽….
189853,3268,周颖,2024-01-31 08:07:08,1,2,1,专业课历史最低分，第一次忍不住来查老师打分了，我寻思我写的也挺认真的……
190183,3268,周颖,2024-02-24 13:43:11,0,2,2,喜提专业课最低分。。。。本学期写了七篇论文，自认这篇论文写得最认真，结果给分最低；把这篇论文改成了学年论文，学年论文给分也还挺不错，就是一整个大无语。实际上这门课给分和谭荣的公共管理学一样低，但是谭荣的课很明显有水平得多，最后分数低只能怪自己能力不够。周颖的课只有案例有价值，一大堆铺垫好似要说出什么nb轰轰的管理技巧，结果就这？甚至案例还是往届学生写的论文。我的评价是最好别选这课
212391,3268,周颖,2025-01-14 02:52:19,3,3,0,我看有很多人说老师给分迷，但其实只要和老师多交流，多问问老师论文和平时作业，再加上论文和作业认真做，分真的给的很好
212594,3268,周颖,2025-01-14 08:58:42,1,1,0,非常好
212916,3268,周颖,2025-01-15 09:00:30,1,1,0,给分超好啊😭，感觉自己的付出都有了回报！！！
214717,3268,周颖,2025-02-17 04:36:00,0,0,0,给分很好！论文和作业认真做不会差
105761,3287,童菊儿,2019-04-20 06:04:50,0,0,0,建设项目管理，每章写课后习题，三次展示，还要考试，这么水的内容，对得起我们的时间吗。不是这个方向千万别选，学不到东西。老师也很无厘头，一言难尽。
107524,3287,童菊儿,2019-05-07 08:56:36,0,0,0,老师人挺好，给分真的哎
107667,3287,童菊儿,2019-05-08 05:46:14,1,1,0,课程内容多，作业也多，但老师课程时间安排非常不合理，布置了很多展示任务却没有留出足够的时间给我们做展示。给分一般，其他专业的还是别选了。
19097,3299,靳相木,2016-01-23 08:58:57,1,3,2,很有想法的老师，给分也很好
32783,3299,靳相木,2016-07-13 08:34:45,1,1,0,很好的老师，讲的观点清晰透彻\n\n
84443,3299,靳相木,2018-07-13 01:11:07,1,1,0,给分很好，作业很多，喜欢提问。
93149,3299,靳相木,2019-01-07 16:34:49,0,1,1,发人深思，受益匪浅，父爱的关怀
111190,3299,靳相木,2019-06-30 12:22:09,1,1,0,很好！！
192506,3299,靳相木,2024-05-22 06:11:18,0,1,1,课很硬，事很多，老师很负责
193431,3299,靳相木,2024-06-11 00:41:41,11,11,0,老登以为整个考试周大家只用管他一门课
194596,3299,靳相木,2024-06-24 13:42:19,0,2,2,选课注意点吧，期末论文1.2w字
38172,3334,林平,2016-11-25 08:15:51,0,5,5,痛苦的感觉
38173,3334,林平,2016-11-25 08:16:19,0,6,6,公管的林平真的垃圾，忍无可忍
50387,3334,林平,2017-05-02 14:36:11,2,5,3,。。。
75381,3334,林平,2018-04-08 14:03:40,10,11,1,任务巨多，时间也急，无话可说\n\n
75382,3334,林平,2018-03-09 14:24:33,-12,7,19,公管林平老师人很好很可爱！上她的课受益匪浅而且作业真的不多！期末考还会给考差的我们调分！良心老师！
75383,3334,林平,2018-03-09 14:26:45,3,6,3,老师还是很用心很棒的
76226,3334,林平,2018-03-29 10:53:10,4,6,2,公管的林平作业不多是在搞笑吗？？短学期的课作业跟长学期有的一拼。上课也是巨无聊
80381,3334,林平,2018-06-26 01:23:13,5,5,0,噩梦啊
109125,3334,林平,2019-06-09 11:12:15,2,3,1,公管林平也太迷了吧……作业要求不提前说清楚，明天展示，今天竟然要个人作业？全班同学连课代表都不知道还有个人作业、、、真是fo了
139704,3334,林平,2021-07-20 13:41:52,9,9,0,朋友们，保险学快逃！！！全背过了每条都会写，给分真的是太美丽了呵呵！！！
152080,3334,林平,2022-03-25 03:19:22,0,0,0,保险学 真的 上张月飞的吧 没有干货 给分绩杀……
152419,3334,林平,2022-04-10 10:39:32,2,2,0,纯sb
155811,3334,林平,2022-06-16 05:40:04,13,14,1,我并不认为一个从来不用学在浙大的老师，从来不发ppt的老师，让学生去智云课堂上一页页寻找整理ppt的老师算得上一名关心学生的老师。
175461,3334,林平,2023-06-25 04:58:00,1,2,1,几乎每节课点名、有发言分、展示只给1周ddl、临时调整展示顺序\n\n快跑
194304,3334,林平,2024-06-23 07:27:28,2,4,2,纯sb
208484,3334,林平,2024-12-28 08:41:52,-1,0,1,只要认真听认真复习 上课多发言 给分就超级好
46700,3378,乐君杰,2017-01-22 07:33:52,-3,2,5,给分很奇怪
51929,3378,乐君杰,2017-07-16 10:36:19,-5,1,6,很呵呵
57856,3378,乐君杰,2017-07-16 10:35:10,-3,2,5,呵呵呵
58993,3378,乐君杰,2017-09-19 04:03:50,-5,4,9,第一节课就毁了我对这堂课的兴趣
61209,3378,乐君杰,2017-11-12 05:18:21,-5,1,6,什么鬼…
66246,3378,乐君杰,2018-01-14 05:30:44,18,18,0,老师还是懂很多的，答疑也比较耐心，只是上课音调很高，笑声无比魔性
71250,3378,乐君杰,2018-01-28 07:53:52,5,6,1,乐老师人很好的
99726,3378,乐君杰,2019-01-25 05:50:38,0,0,0,老师给分还可以的，就是上课有点魔性笑声
115324,3378,乐君杰,2019-07-18 15:24:10,6,6,0,我们乐老师就是典型的刀子嘴豆腐心罢了?
125018,3378,乐君杰,2020-08-12 04:36:55,0,3,3,他的中级劳动经济学是只有我下4吗？不可思议
125709,3378,乐君杰,2020-09-13 11:05:30,3,3,0,乐老师懂得很多，又很耐心，是很nice的老师。
134358,3378,乐君杰,2021-03-24 16:46:04,0,0,0,还可以
146584,3378,乐君杰,2022-01-07 03:48:36,1,1,0,计量给分到底怎么样阿兄弟萌
157354,3378,乐君杰,2022-06-23 04:33:30,1,1,0,应用计量4.5，平时作业和期中考试应该错了不少，大作业做得很完美，就这样。。我们那年没有期末考试
165469,3378,乐君杰,2023-01-06 14:55:06,0,0,0,还可以吧 论文要求太高了 难以达到
165500,3378,乐君杰,2023-01-07 10:06:19,1,1,0,老师给分挺好的
186957,3378,乐君杰,2024-01-14 01:53:44,1,1,0,应计\n\n点过一次名，说认识下同学？\n\n开题要求比较严，论文占大头\n\n作业需要认真做，貌似不是交了就给满\n\n考试难度一般，但PDF内容杂乱，不易于新手学习计量，但尽量按照他的来背就行。。。。。\n\n给分比较好
187003,3378,乐君杰,2024-01-14 06:08:27,1,2,1,是一个很好的老师，就是上课声音像花腔男高音，进度像坐火箭，想要学会写论文的计量技能肯定需要自己课后再自学。
205836,3378,乐君杰,2024-12-12 07:18:03,2,2,0,论文难以达到要求
210780,3378,乐君杰,2025-01-10 02:48:05,1,2,1,给分一般，而且开题评价很犀利
211058,3378,乐君杰,2025-01-10 12:28:09,6,6,0,课程：应用计量经济学\n\n分数组成：两次作业+一次期末小测+一篇实证论文\n\n是否点名：不点名，连上五节课非常辛苦，但是效果感人。基本不会有人听课，后半学期基本只有一半的人到课\n\n\n\n讲课感觉比较赶，课件很零散，如果想学好应用计量和因果推断，建议直接去看《基本无害的计量经济学》，听这门课很难学到什么东西。这门课的精华在高老师的实证方法与Stata应用教学\n\n\n\n论文要求比较高，有时候有点吹毛求疵。表演型人格，几乎不会给学生反驳的机会，语气咄咄逼人，多次骂哭学生。不知道乐桑看到自己的论文会不会一样狠批，想看左脑搏击右脑\n\n\n\n给分成谜，细说容易掉码，但是明显与课程的给分标准不符\n\n\n\n总的来说体验比较一般，但是讲体验也没什么用，毕竟来上这门课的都是必修吧（乐）
219626,3378,乐君杰,2025-06-01 19:21:16,0,0,0,计量经济学，好像没有上这门的评价，时隔一学期来简单评一下，这个课是开给公管英才班的，我是隔壁逃难过来才选的这门，不是很推荐农经学弟学妹来选，因为会发现班上除了自己其他都是大三的，感觉实力不一样还是挺影响给分的，我自己当时有一半时间都在阿巴阿巴，另外乐老师给分没有另一位老师好（虽然那位不教东西）\n\n考核是期中小测和期末小组文献汇报，加一篇计量论文，小测比较简单，不必太担心，老师考前会把题型考点都说出来，对照发的课件基本上都能找到，还会考一个简单的统计计算，敲计算器即可。\n\n最后两周的课小组文献汇报20+分钟，发的都是英文文献，两人小组合作完成，感觉老师听到最后也很疲惫了。。\n\n课程论文，用计量方法做，也是两人小组完成，应该是评分大头，本人因为被小组成员坑+自己初学没啥经验导致做的不是很好，评分拖后腿了，这块还是要找靠谱组员\n\n偶尔点一次名，老师上课还是会讲东西的，所以最好还是来听\n\n其实总体给分应该还是很善良的，只是我太菜被吊打了。。
16884,3518,徐林,2016-01-19 07:12:01,-11,7,18,讲课有趣
17578,3518,徐林,2016-01-20 12:26:51,-1,21,22,仪表堂堂，风趣幽默，知识渊博，讲课清晰，超级超级好的老师
18245,3518,徐林,2016-01-21 10:29:51,2,24,22,上课经常讲新加坡，有不少干货
19948,3518,徐林,2016-01-25 15:37:09,-8,16,24,讲课超帅，风度翩翩，仪表堂堂，个人魅力爆棚，研究城市管理的，爱讲新加坡。幽默，深刻。
20030,3518,徐林,2016-01-26 02:42:46,-8,12,20,讲新加坡很多，但对公共管理问题确实有真知灼见，而且十分关心学生，人超好。
21323,3518,徐林,2016-02-28 04:26:27,-7,8,15,上课很多干货，对新加坡有很多了解，对学生特别真诚
21953,3518,徐林,2016-03-02 01:55:22,-7,7,14,喜欢徐老师，有想法！
23068,3518,徐林,2016-03-17 01:28:47,-11,6,17,不能更好
34355,3518,徐林,2016-10-06 06:11:18,-6,7,13,??求问课程公邮、考试形式等呀~没教材没公邮考试慌慌的诶，应该怎么准备呀！
37999,3518,徐林,2016-11-23 03:10:44,42,69,27,恕我直言，此人较评价是过誉了。是有才能，但此刻讲的一般。再说，何来干货之言？推销自己的书呢
38221,3518,徐林,2017-10-20 02:20:46,23,29,6,垃圾，自恋
40095,3518,徐林,2016-12-29 06:55:12,-7,5,12,老师人确定很好，也看得出来对公共管理方面有很多的思考（虽然我并不赞同他的某些观点，但当学生的也不能一味接受老师的思想，如果有什么想法你提出来他也是会回应的），很重视实践调研的一个老师，感觉公共管理学院也需要一些这样的老师，不然会感觉听了一学期理论有点枯燥...
41393,3518,徐林,2017-01-11 08:12:50,36,45,9,一直推销他的书，不强制买但是有考的内容。。黑人问号?
41883,3518,徐林,2017-01-20 00:36:05,30,40,10,考试一个是要买他的书，二是要按他写的答，千万不要认为言之有理即可，助教感觉很坑
41928,3518,徐林,2017-01-13 08:39:27,-10,4,14,老师实地研究做的还是很不错的
41988,3518,徐林,2017-01-13 11:17:42,-5,7,12,还行吧
47033,3518,徐林,2017-01-23 10:04:03,-6,5,11,老师上课挺有意思的，有自己的想法，虽然一直在安利自己的书…给分还是挺不错的！
47538,3518,徐林,2017-01-30 07:00:24,24,39,15,讨论课展示从来不来 助教也不点评 很懒 上课都在吹嘘自己和政府的关系和推销自己的书 很迷
60206,3518,徐林,2017-10-13 02:44:19,14,17,3,老师讲话声音太小了，而且突然声音会小下去 真的听不到…
61567,3518,徐林,2017-11-18 15:09:52,-10,3,13,很享受他讲新加坡的过程
62843,3518,徐林,2017-11-27 06:35:29,10,13,3,给分...癌...
62882,3518,徐林,2017-11-27 08:40:02,-11,4,15,上课很有趣
65877,3518,徐林,2018-01-10 00:46:51,23,26,3,我去新加坡说是您的学生 你觉得有人care么？ 太浮躁的老师，在zju上课的老师谁还没个C刊啊exm？ 多潜心讲课做学问吧
68132,3518,徐林,2018-01-22 15:34:49,-9,1,10,还行吧
68670,3518,徐林,2018-01-23 14:57:29,19,23,4,非要让我们买他的书，还是75块一本的…老师课上的不错就是觉得他不太负责。ppt做的很糟糕一点也不用心，讨论课一次也不来，也不关心学生是怎么想的。很喜欢吹嘘自己。不太喜欢这样的老师。
69989,3518,徐林,2018-01-26 01:42:20,-6,6,12,老师看起来比较严肃，结果到期末才发现贼逗
73531,3518,徐林,2018-02-02 01:50:35,-13,3,16,老师其实很nice，期末开卷考，抄抄他的书就可以了。平时分也会尽可能的给我们调，上课也风趣幽默，非常棒的老师了
73744,3518,徐林,2018-02-03 05:01:51,1,9,8,大一误选上的大类课。评论说的很准：讨论课绝对不来，绝对要吹自己的书还必须要你去买。课堂氛围倒是不错，虽然嘴巴离话筒就是那么远每次不是坐前三排根本听不清。一般。
74141,3518,徐林,2018-02-05 15:30:28,1,5,4,上课真的听不清，必须要买他的书，考试比较简单，给分还行，大概就是……水……水……的……
74311,3518,徐林,2018-02-10 10:56:30,-8,3,11,虽然蠢萌蠢萌的，但是让学生倒水啥的个人觉得不是很恰当…上课有点水，讨论课占用了很多时间（我觉得可能是老师想偷懒吧：））考核方面的话还是简单的，就是考试字写的好看点：）
75460,3518,徐林,2018-03-12 06:18:27,12,14,2,讨论课是真的不会来，期末考试真的是自己的书，上课真的会吹新加坡，PPT真的只有黑白两色。干货有但是不太多。期末考有难度，会划重点。主要靠自己，想学当然还是能学好，但不推荐大一选这门课。
79145,3518,徐林,2018-06-21 15:41:38,15,18,3,整一堂课都在吹牛逼，说自己跟Sj跟厅局长各种谈笑风生……讲的都是新加坡如何如何好，就这么一个城市国家，对天朝大国有多少参考价值？你这么迷坡县，怎么不移民去那儿？？
79197,3518,徐林,2018-05-27 03:46:57,6,7,1,忽悠\n\n
85319,3518,徐林,2018-07-17 03:31:07,1,5,4,一直强调新加坡如何如何好，但新加坡也就一个城市，没有可复制性。
87127,3518,徐林,2018-09-21 00:16:35,15,17,2,老师听我一句劝，做学问切忌浮躁自大。天天拿自己那些荣誉说事
87218,3518,徐林,2018-09-26 00:29:31,-11,2,13,老师风趣幽默，人很好
87677,3518,徐林,2018-10-10 03:01:34,20,21,1,没上过他的课 你不会知道为什么还会有如此自恋骄傲的老师 上课不知所云 知识点直接略 瞎讲新加坡 和胡税根相互贬低 服了 为人师表 德才育人 此种心性 何以教学？以及 强烈质疑相似的官话好评和虚高的评分是徐老师买的水军吧
87780,3518,徐林,2018-10-13 02:39:06,-20,4,24,看在签名的份上打8分
96621,3518,徐林,2019-01-21 08:01:18,9,9,0,sbsb给分很低
96658,3518,徐林,2019-01-21 08:43:32,8,12,4,呵呵 公共管理学每节课都去了 小组展示也做的不错 上课也发言了 开卷考 结果就这点分数 宏经都满了 竟然被这种课拉低绩点 如果不是必修千万不要选
96700,3518,徐林,2019-01-21 09:24:46,6,6,0,上的挺好吧其实，反正我被击杀了。气死，这个小组作业杀我。
96972,3518,徐林,2019-01-21 13:38:44,-14,3,17,老师给分很好啊，考试就要好好看老师的书就行了，没问题的。
97216,3518,徐林,2019-01-22 00:40:40,3,3,0,哦，逗逼
97487,3518,徐林,2019-01-22 09:19:32,9,9,0,上课不知所云，展示课从来不来，给分一言难尽，一个开卷考，不知道自己为什么会这么低，不是必修不建议选课
97542,3518,徐林,2019-01-22 10:21:36,6,7,1,就是自己推销自己的书 讲话又大话连篇
97686,3518,徐林,2019-01-22 13:34:18,-6,7,13,不管怎么说老师的水平肯定是在的 成果确实是很大佬了。至于上课风格可能有些人不太喜欢谈笑风生吧 但是我觉得还好啦 这样听起来不是也还轻松的么…老师人还是很有意思的偶尔蛮逗的。有次在点评讨论课的主题的时候很诚恳的说到 真实的问题带来的价值 ，还是挺感动的毕竟公管的老师多少都得有些情怀吧。并不是很自以为是吧。最后期末时划重点 考试结合新加坡的书多写点 他给分还是很为学生着想的鸭。（对 一定要结合书上新加坡的内容 如果只是自己想当然编几句会被他吐槽…
98332,3518,徐林,2019-01-23 10:35:31,7,8,1,谁说给分好的？？btw 不恶竞不喜欢发言的就等着被正态吧
98335,3518,徐林,2019-01-23 10:40:32,9,9,0,\n\n我靠给分是真的迷真的迷一点都不清楚难受被正态了
99748,3518,徐林,2019-01-25 06:20:54,17,18,1,精神新加坡人，上课只做两件事，吹新加坡，吹自己。天天往群里发自己的文章被某某领导批示了，你发你? 呢，几年前培养的硕士现在还在吹，哦豁，真的牛批
106465,3518,徐林,2019-04-27 15:20:02,11,12,1,这老师能有6分水出来的吧~ 听他上课推销自己的学问“我可是给政府写内参的”我做自己的事都笑出声了
118087,3518,徐林,2019-10-21 01:17:02,8,8,0,上课全是新加坡，也不知道和胡老师有没有沟通过如何一起上课、有没有这门课的框架。上课声音小还会离话筒很远，并表示听不到你要往前坐，这不是他的问题。自己写的书不知为何定价这么高，考试必考，但上课不提供，逼人去买。
118678,3518,徐林,2019-10-30 12:14:02,1,2,1,我就不明白，李家坡真的有那么好？
119945,3518,徐林,2019-11-17 01:40:08,8,9,1,不像是教授，更像是商人
121082,3518,徐林,2020-01-19 13:27:34,2,3,1,点名三次，平时除了展示也没什么事儿，考试只需要带打印的ppt和老师写的书，给分还可以。
121577,3518,徐林,2019-12-12 11:01:54,2,5,3,老师全程吹爆德国新加坡，到那时每当说到自己的国家时就变得讳莫如深。第一次见到一学期课程ppt总大小2.1M前半学期疯狂暗示：“考试要抄我的书”，很棒的推销！
121724,3518,徐林,2020-01-21 07:50:22,0,3,3,别的不说 给分是真的好 我一个外专业上课从不发言的裸考4.5 不过记得带他的书
121728,3518,徐林,2020-01-21 08:45:42,1,2,1,无话可说
122017,3518,徐林,2020-02-01 05:55:04,0,0,0,公共管理学一定要找靠谱的组员，不然展示很累
126828,3518,徐林,2020-10-22 03:56:09,2,6,4,这老师是纯nt吗？
129272,3518,徐林,2021-01-03 06:41:34,0,4,4,研究新加坡垃圾的“垃圾”老师。自吹自擂，没一点干货。
131131,3518,徐林,2021-01-26 05:49:36,-3,5,8,公共管理学平时事挺少的，三次小组展示+期末开卷考。课确实很无聊但是给分很不错，一学期都没听课书也没怎么翻过最后居然还有4.5，谢谢老师……
131257,3518,徐林,2021-01-27 00:51:11,6,12,6,老师水平其实很高，但是讲出来的会让大家感觉水，如果自己下课能先研究一下相关领域的实例，再去和老师讨论，你会立刻发现他的专业素养之高。
134001,3518,徐林,2021-03-11 14:34:17,-5,6,11,你们听不明白是你们没有经历过，专业素养不够，你和老师交流过几次就说人家水，说人家没干货？就该让xl来治lj学生
147907,3518,徐林,2022-01-11 06:43:56,8,9,1,给分烂的要死
149439,3518,徐林,2022-01-15 10:52:18,-2,1,3,谢谢老师quq
155932,3518,徐林,2022-06-16 15:15:35,0,0,0,\\\
161141,3518,徐林,2022-10-29 03:00:05,9,12,3,1极度自恋浮躁，喜欢吹和省市各级领导干部谈笑风生，领导干部对其敬佩不已的经历 2上课阴阳怪气，不好好谈问题，国外的月亮特别圆，国外的屎都是香的，在不擅长的领域经常出现地摊文学段子 3精神新加坡人，新加坡的制度什么都好，都可以学，有不一样的地方就是国内不对，噢新加坡也有比不过国内的，比如没有d的领导(上课就是这个画风) 4考试给分还可以，记得带上他写的书，按照他的书上的内容“借鉴”“新加坡经验”(他的书出到第八版了，记得买新版，最后两章内容和之前的不一样
165767,3518,徐林,2023-01-09 14:39:13,30,31,1,人生病了，其言也善。——徐林
168074,3518,徐林,2023-01-26 01:21:09,3,4,1,讲课重点不清，喜欢谈论新加坡和德国，语气很公知，个人认为给分和自己平时以及考试前付出的精力不匹配
168086,3518,徐林,2023-01-26 09:06:30,5,5,0,一直想不明白为什么喜提专业课最低绩点
168102,3518,徐林,2023-01-27 15:44:16,-3,3,6,评和谭荣老师合上的公共管理学。\n\n个人觉得讲课通俗易懂，逻辑也是在的。学术大牛，喜欢引用各种自己研究过的案例来帮助理解知识点。综上，听他的那部分课会轻松一点（因为知识图谱比较好画）。\n\n评价不好的原因大概是一方面比较喜欢展示自己的学术成果，另一方面是比较推崇部分国外的基层治理模式（此点个人认为，好的东西学习借鉴没有错，故不作判断）。\n\n最后，期末主命题是tr不是他，他的重点听听就好。考前把所有PPT都看了2-3遍，背了关键的概念，翻了下新加坡那本书介绍社区的几页（他出的那道大题真的很有用），最后给分正常。
168104,3518,徐林,2023-01-28 01:33:27,9,9,0,和tr老师合上公管学\n\n复习的时候看了历年卷，出的题比谭老师简单\n\n不点名\n\n平时ppt比tr老师好理解，内容精练，tr老师动辄一节课五六十页ppt真的难顶\n\n作业少，大部分时间只有一次图谱，小组作业两个\n\n上课很轻松，没事喜欢开玩笑\n\n和tr老师各有千秋，看大家喜欢哪种方式了\n\n给分的话，不太清楚普遍水平，不作评价
169619,3518,徐林,2023-02-27 06:54:43,6,6,0,能感觉到老师是有点真才实学的，身体力行地执行环保主义（据他自己说），研究过一些城市垃圾处理的问题，对所有搞实践的人都致以崇高的敬意。\n\n但是上课的时候阴阳怪气，喜欢暗戳戳讽刺，吹嘘新加坡和自己，这个立场倾向。。。。见仁见智吧
169785,3518,徐林,2023-02-28 01:47:25,7,7,0,公共管理学，作业巨多，还小组讨论，最后期末考说是给重点根本不在重点上，喜提专业课最低绩点，明明和别的专业课一样都认真对待了。
172051,3518,徐林,2023-04-18 06:41:21,4,4,0,给我的分挺高的，他和tr老师也不知道谁给的分。但出卷tr老师占主导吧.....\n\n期末好好背我觉得问题不大来着，但也有同学说都写出来了分数不好，仁者见仁，智者见智吧。\n\n老师讲课其实我从没听过，挺喜欢吹嘘自己研究的，大概是公管老师的通病....
180832,3518,徐林,2023-09-27 04:21:05,7,7,0,翻看了大家的评价，发现一个人真的是不太会改变。精神新加坡人，德国人，喜欢拿中国做对照。麦克阿瑟曾说过：有好必有坏，但在徐君这里，有个国家（他就这么说的）他找不出一点好。听他讲课能知道他的荣誉、学生、与新加坡哪个部长吃早饭，与哪个德国院长畅谈，收获颇丰。
181354,3518,徐林,2023-10-15 16:32:07,25,25,0,新加坡驻杭大使
181438,3518,徐林,2023-10-17 15:40:25,8,8,0,是真的新加坡迷，ppt做的真的垃圾，人脉是学生的，讲课也真的一直吹嘘自己。一边将政府说成离了他不行的sb，一边又将这个当做自恋的资本，讲课一直欲盖弥彰、阴阳怪气，干货是一点没有，75元的他写的书是必须要买的，是一名合格的商人，但不是一位优秀的老师。也不懂得因地制宜的道理，难道弹丸小国的经验是百分百适配人口大国的？希望老师能别在这么自恋且没用了
181621,3518,徐林,2023-10-24 11:53:00,8,8,0,日常吹嘘就算了，放宣传视频就算了，甚至会跟你讲他的学生请他吃什么，以及送了他怎么样好的草莓、、、
181752,3518,徐林,2023-10-31 03:03:58,12,13,1,新加坡驻杭大使可笑死我了
181989,3518,徐林,2023-11-07 11:39:50,6,6,0,期中考试周之前留了个小组案例讨论，全班同学给他查资料做ppt上台展示，展示了两节课\n\n他的点评：\n\n“这个点评就不做什么点评了，通过这个案例讨论的目的呢，实际加深对政府制定政策的理解，因为自己去做一个案例剖析的话，有助于你对政策进一步深化理解，所以布置这个是这样一个目的啊，那么我觉得大家呃讨论都比较充分，看来是认真看了很多书很多东西，把很多理论都用在上面了，这个非常好，我们基本上达到了额我们讨论的效果啊”\n\n耗时约30秒
181998,3518,徐林,2023-11-07 14:56:09,4,4,0,阴阳怪气
182056,3518,徐林,2023-11-09 06:55:25,5,5,0,。。。不点名算是能为这老师说的最后一点好话了
182255,3518,徐林,2023-11-13 10:44:35,8,8,0,精神新加坡人
182917,3518,徐林,2023-11-21 05:42:39,2,2,0,ppt和讲课都是一坨……概念性和理论性的东西很少讲，很难听到一点干货。如果不买书就考不好期末的话我再回来打更低的分。
183212,3518,徐林,2023-11-23 01:08:18,8,9,1,你画了个寄吧重点，想到哪说到哪
184427,3518,徐林,2023-12-19 12:55:39,6,6,0,梗指南之人生病了其言也善\n\n出自2022-23秋冬学期xl和tr合开的公管学，xl老师生病了，对同学说他“人生病了其言也善”，在最后一次课划了他那一部分的重点，划的重点还挺多的，结果十二道题只考了两道他的题目，剩下的全是tr老师出的
186278,3518,徐林,2024-01-10 10:07:58,6,6,0,有几页PPT直接来自知乎
186381,3518,徐林,2024-01-11 13:29:42,11,15,4,公共管理学顶级弱智课，从考核方式到课件到教学到期末卷子都烂成一坨，建议学院早日取缔\n\n根据23-24秋冬学期考核标准，选上《公共管理学》这门课的大部分人会因为不是自己的错误总评-7，这何尝又不是一种公共管理
207016,3518,徐林,2024-12-19 03:51:09,8,8,0,纯闹弹 \n\n上课新加坡花园国家起手，引入德国严谨工匠精神案例，不经意露出超绝MPA官员人脉和指导学生全国奖，结尾再经典“我是工科生比你们学的难我成绩很好数学很好最后选了你们公共管理方向是你们的荣幸”小连招\n\n上课不是在吹牛就是在酝酿吹牛 还喜欢直接要求人回答问题\n\nppt上写了很多字一坨看起来很多，仔细一看什么有用内容都没有，不如放个绿植图片养眼（不是说老师上课讲的就有有用内容的意思\n\n\n\n唯一的优点是不点名
211892,3518,徐林,2025-01-13 01:15:59,0,0,0,我只能说老师要考你的书我们也只会买拼多多版
212933,3518,徐林,2025-01-15 09:42:09,4,4,0,助教姐姐很漂亮，老师讲课很无聊
213188,3518,徐林,2025-01-16 09:03:38,5,5,0,【公共管理学】\n\n如果老师课上不会超绝不经意露出自己的学术成就+新加坡故乡花开了+官员智囊形象的话讲课应该会好很多吧。。。。。。。。最烦装x的人\n\n考试内容上来讲的话相较tr老师的会少一些\n\n24秋冬给分相较上一届整体给得更高了。感觉自己就是为了挣绩点在上这课、\n\n（不过助教姐姐人很好 美美
215161,3518,徐林,2025-02-23 09:02:07,0,0,0,曾一度让我对浙大感到失望
186056,3553,孔寒冰,2024-01-08 05:30:40,0,0,0,没讲课啊
192149,3553,孔寒冰,2024-05-10 04:44:26,0,0,0,临近退休的老师，提供的学术指导有限，选导师慎重
119865,3555,黄萃,2019-11-16 11:36:49,0,24,24,黄老师幽默风趣，上课让我们选择发言3次或者一篇论文。分组做ppt，感觉收获很大。
133997,3555,黄萃,2021-03-11 14:30:05,0,14,14,赞，很喜欢黄老师，在讲政策的时候讲的很深入
141178,3555,黄萃,2021-09-25 16:39:57,5,16,11,政策研究方面很有心得，也期待能加入老师的科研组
141807,3555,黄萃,2021-10-27 02:05:19,2,21,19,辣鸡老师
142297,3555,黄萃,2021-11-10 02:32:14,2,25,23,黄老师是真的看戏大师，一学期四次小组展示够头疼了吧，她还要改成各种形式，题目池抽签、组间辩论样样都有。\n\n一个展示要准备三个题目、课前抽签确定展示哪个也就算了，课前十分钟发在群里的展示顺序上课铃一响说改就改我完全respect\n\nwhat’s more，布置的时候说准备三个题目可以不用做ppt，上课前又说ppt可以加分，当代鼓励内卷大师🌹🌹🌹
142298,3555,黄萃,2021-11-10 02:32:14,-1,20,21,黄老师是真的看戏大师，一学期四次小组展示够头疼了吧，她还要改成各种形式，题目池抽签、组间辩论样样都有。\n\n一个展示要准备三个题目、课前抽签确定展示哪个也就算了，课前十分钟发在群里的展示顺序上课铃一响说改就改我完全respect\n\nwhat’s more，布置的时候说准备三个题目可以不用做ppt，上课前又说ppt可以加分，当代鼓励内卷大师🌹🌹🌹
142305,3555,黄萃,2021-11-10 04:15:05,-5,16,21,啥b老师，给爷爬！
142308,3555,黄萃,2021-11-10 04:43:34,2,18,16,离谱！就离谱！
142317,3555,黄萃,2021-11-17 07:15:29,-5,15,20,黄老师真好我好爱，我们只管卷，剩下的，为我们开讨论，内卷的合理性大讨论。
142585,3555,黄萃,2021-11-13 17:28:07,-3,17,20,能感受得到黄老师在自身的专业领域有不错的造诣，但是喜欢在自己不了解的领域只凭臆想就指指点点恕我不敢苟同。课程本身在设计上都有一定的逻辑性与合理性，但是在实际教学过程中则是逻辑散乱，不太明白最终教学的目的是什么。而且老师极度鼓励内卷，设置了繁琐且意义不大的各种形式的展示，非常浪费时间。另外，作为系主任，个人认为培养方案安排的真的很烂，课程之间十分不搭而且很多课程上完了没学到什么东西。说着技术与理论并重，实际上则是技术类课程浅尝辄止，理论课枯燥无聊且很多都是念ppt+各种展示等无意义作业课程，总之学不到什么东西，对系真的十分失望
143022,3555,黄萃,2021-11-18 09:00:42,3,18,15,课程压力确实挺大的，有点累…但是有些同学自己做得那么垃圾还不允许做得好的拿高分，有点搞笑吧
143024,3555,黄萃,2021-11-18 08:47:33,15,29,14,很喜欢黄老师的课，老师很真诚，会认真听取学生的想法并一起讨论交流！
143025,3555,黄萃,2021-11-18 08:51:23,6,24,18,楼下说“看戏大师”的真他妈无语。我就直接开喷了。\n\n1: 关于做不做ppt。黄老师说“可以不做ppt”，言下之意是是说“你只要讲的清楚你就可以不做ppt”，好家伙，课上讲的跟屎一样不清不楚，你自己也不准备ppt，你自己毫无逻辑，大家听的也糊里糊涂，你讲完了自己记得自己说了什么么？我反正没记住。相比之下，做了ppt的同学至少能给大家拎出来逻辑，大家有印象他们组的内容。还内卷？现在内卷都被大家当作了自己可以不努力的借口了吧，什么是内卷，使劲做一些无意义的事情才是内卷，我上个课做个ppt就他妈内卷了？\n\n\n\n2：关于展示和作业。你要是觉得多你就提出意见，或者你简单应付，那你就承担相应代价啊。你为啥又不想花时间做，又想要高分？你他妈的还觉得做了多的同学不能得高分？凭啥啊？就凭你天之骄子啊？现在学生有的真的是被惯坏了，求求你们了，我们只是普通学生，谁也不必谁骄傲。\n\n\n\n3: 关于指责黄老师“指指点点”，培养方案烂的。先说客观，你他妈了解的有一个老师多？你说指指点点就指指点点啦？再love&peace一点，学术研究从不介意指指点点，你难道只涉猎自己熟悉的领域？培养方案的事情可以更新可以修改，可以有意见，你有意见直接说啊，别他妈的在这bb，直接说ok?\n\n\n\n4: 有情绪可以，别上升到老师个人。黄老师不管在课堂内容设计、讲述上都很有启发，你可以质疑老师授课内容，咱们上课直接说，用事实说话，别隔着放p，谢谢你全家。
143031,3555,黄萃,2021-11-18 09:07:43,3,8,5,信息量很大 收获也很大
143032,3555,黄萃,2021-11-18 09:09:39,0,6,6,我爱黄老师的课！！！
143033,3555,黄萃,2021-11-18 09:16:37,6,13,7,不知道在这里发言的同学有几个是认真听过课的，认真听了以后我是觉得逻辑和内容都挺好的，也能感觉到黄老师很希望我们都参与进课堂里、都能有所收获。对于老师不要做PPT、但别人做了这件事不满的，我是感觉有点疑惑，个人觉得展示这个事情本身就是过程大于结果的一件事，给了你一个下限，只是确定了门槛，你能达到什么高度完全取决于你自己。但是有的人就觉得，规则说可以不做的事，你为什么要做，这样听上去其实挺无理取闹的。而且老师也道歉了，做不做ppt，最后给课程成绩都会一视同仁，我觉得能在课堂上这么开诚布公地讨论这个事，也能对没做好的地方真诚地向学生道歉的老师，挺难得的
143069,3555,黄萃,2021-11-18 15:44:01,3,12,9,别的不说，你们有意见提意见，就事论事，别打开查老师自己就不是个浙大学生了，成了个社会混混一样张口就骂的，给你送面镜子看看你这幅样子也配在这里讲话吗？也配说自己是浙大学子？也配对一个愿意交流改进，真心希望学生能学到内容的教授指指点点？\n\n你做PPT也好，不做PPT也罢，我们既然是来学习的，是来做研究性的展示和讨论的，你评判的标准是不是应该是别人的内容？就算他们形式卷翻天，内容一堆水货，我们打低分是不是也底气足？如果的确有内容，但是形式惹到我们了，甚至让我们觉得是在鼓动内卷，我们发发牢骚，冷静下来评价人家的成果的时候，难道摒弃不掉一些个人的情绪？\n\n上这课也都是大三的人了，在浙大学了三年，更有甚者在竺院学了三年，最后连基本的理性都没有，连如何客观地进行一个评价都不会，你到浙大混什么来了？\n\n难道现在浙大的风气是，老师的课程设计让您不满了，他的学术水平甚至他的为人都要被您攻击？\n\n您哪位啊？您私下里和老师交流过几句？您对课题研究到什么程度了？文献看了几篇？问题挖掘了几个？\n\n动不动说水课，那搞人社的“水课”多了去了，课上完拍屁股走人，作业糊弄过去半本著作不读，天下之课皆是水课？您想学的“硬课”是什么？写代码？那您自己找本书学，找案例写，找大厂实习啊，或者你直接学工科去啊，搁这发哪门子牢骚？有些人是不是技能没见自己主动锻炼多少，指点开这个水那个水能耐倒挺足的？\n\n动不动就老师怎么怎么，助教怎么怎么，您又有什么成就呢？黄老师在数字治理的整个理论到实践上都有系统的成果，参与到政策撰写当中，你读过她几篇论文你在这里指点江山？我们助教实打实中山大学保研过来，中山大学公管全国前2%，什么叫“外校来的搞浙大学生”？就某些人的发言，也配代表浙大学生？真是恨不得丢人丢到全国是吧\n\n别光喊竺老两问的时候一个个正气凛然，求是，你看看你求的哪门子的是？
143111,3555,黄萃,2021-11-19 05:10:40,3,7,4,老师上课挺有逻辑的
143132,3555,黄萃,2021-11-19 15:28:16,9,13,4,黄萃老师人很好，有些课程设计是第一次尝试，会有不好的地方难免的，有人尝试总是好的，不能一边骂上课展示的模式没有新意，一边又骂有新意的课程展示任务量太大不是吗（虽然真的很大，个人认为这种模式有极大改进空间）？她真的是个好老师，有在思考创新，有在听我们的意见，也有在及时反思调整，讲课的逻辑很清晰，说话很有调理，作为系主任进行的一些改革也很不错（比如19级大三就可以选择毕设导师）。但这学期的这门课真的有丝丝让人不适，我就像是沙丁鱼效应里的弱沙丁鱼，明知道无意义，最后结果都是要考研，但还是因为鲶鱼和其他受影响的沙丁鱼被迫被挤着做无谓的挣扎内卷，麻了。老师，求求了，下次别再非要跨班级组队了，想躺的人就该和想躺的人一队，不然双方都很难受，难受得就像康师傅调料包撒进了螺蛳粉里一样
143155,3555,黄萃,2021-11-20 06:55:33,1,8,7,看戏，楼上打起来了\n\n本专业的没吭声，英才的打起来了，课上的越来越有意思了\n\n黄老师还是很有水平的，可能游戏规则上崴了一次
143174,3555,黄萃,2021-12-03 04:13:53,0,4,4,黄老师讲课认真！！人也超级nice!
143177,3555,黄萃,2021-11-20 15:04:19,2,5,3,黄老师很真诚很好
143352,3555,黄萃,2021-11-24 01:59:51,1,5,4,好老师，会思考。
143730,3555,黄萃,2021-12-03 04:14:03,0,3,3,黄老师的课收获很大 学习到了很多多多
147445,3555,黄萃,2022-01-10 04:12:07,0,2,2,很好的老师
150380,3555,黄萃,2022-01-23 18:45:41,34,41,7,只能说公管英才的人卷疯了，我庆幸不与其为伍
152464,3555,黄萃,2022-04-12 08:23:57,3,7,4,希望信管某些和黄老师资历差不多的都有黄老师的水平
159440,3555,黄萃,2022-07-20 04:56:33,1,4,3,顶顶 信管好老师
169329,3555,黄萃,2023-02-25 12:25:45,3,6,3,大学写作给分太差，一个通识课给那么低的分，想干嘛？？？
171185,3555,黄萃,2023-03-17 16:51:09,0,4,4,（跨专业选手报道ヾ(◍°∇°◍)ﾉﾞ老师非常欣赏有自己见解，同时能够充分搜集证据（包括文献资料和现实生活中丰富生动的实例），予以论证并诉诸表达。老师个人的讲课逻辑非常清晰，课程设计提纲挈领，从一开始就有明确的目标可以冲。过程里面，涉及有些过于武断的结论/推论过程，黄老师很乐于补充上她的学识见解以及明了有效的改进建议，完全不存在什么猜来猜去orCPU情节。最最重要的是！！老师给予的信心不能更爱！
174562,3555,黄萃,2023-06-14 05:39:43,-2,4,6,大学写作一堆专业必修究竟是什么馊主意？专业不对口的文献综述，在自己不熟悉的一堆领域强行讨论，各种强行点名，强行听讲座，而且基本准备搞的也不好，有一次给助教的名单里竟然把老师学生并列，结果助教点到了好几个老师，而且还学的浮皮潦草，还特么绩杀，服了。通识选修嘛，博雅技艺课有好多都挺好，好好把课程做好的话课程肯定是相当热门的，真没有必要搞这么多强制的要求
212360,3555,黄萃,2025-01-14 02:09:52,1,1,0,金玉其外，四字足以
97190,3578,潘有能,2019-01-21 23:59:51,2,3,1,潘老师很和蔼，信息资源管理专业教技术的老师，很体贴学生，超好脾气的老师
124721,3578,潘有能,2020-07-07 04:24:39,3,3,0,非常非常非常非常非常非常好的老师，给满分！！上课也很清楚！！强烈安利！！入股不亏！
126517,3578,潘有能,2020-09-29 04:28:39,3,3,0,潘老师超级可爱，人也特别特别好，强力推荐！！
126558,3578,潘有能,2020-09-30 12:50:04,4,4,0,潘老师太可爱了！！！上课风趣幽默，干活满满，实践课老师有问必答，强力推荐~
138806,3578,潘有能,2021-07-11 02:56:20,1,3,2,作为外专业学生上过潘老师的大数据分析课程，学到了许多实用的知识，老师人超级超级好，讲课条理清晰。总体来说作业不多，每周的作业半小时足够完成，最后的课程论文是开放性的，认真完成收获会很多。\n\n刚刚出成绩，感谢老师给我满绩!!!
143688,3578,潘有能,2021-12-01 15:05:11,0,2,2,一直对自己的技术能力很怀疑，而且也没信心学好带编程的课\n\n虽然说大数据的编程也挺简单的，但是老师真的很耐心地教每一个算法，然后给我们练习和反馈，最后的大作业也是选自己感兴趣的话题用一种分析方法去研究性学习，真的感觉收获很多，特别是对技术方向的内容也慢慢有了兴趣和自信，谢谢潘老师。谢谢大数据课。
159441,3578,潘有能,2022-07-20 04:57:08,0,0,0,就一次点名，给分超好
177106,3578,潘有能,2023-07-01 17:05:55,1,1,0,大学初体育课外第二个满绩，爹！
178712,3578,潘有能,2023-07-19 08:42:18,0,0,0,上的大数据分析，给分很好
192129,3578,潘有能,2024-05-09 14:03:04,1,1,0,老师人真的好好呜呜，无论是讲课还是作业布置都达到了良好的水准，此外温柔且人好！会留一次平时作业补交机会，点了一次名，请假方面也能体谅学生TT
195846,3578,潘有能,2024-06-30 09:26:20,4,5,1,4.5均绩刷出来的吧？纯牛马
197201,3578,潘有能,2024-07-09 03:33:17,0,2,2,潘老师讲课有条理，作业量布置适当，一学期下来感觉也学到了不少东西，就是最后出成绩的时候有点意外，不差但感觉没有达到心里的预期，平时每次作业都认真做了，课程论文也是有史以来写得最认真的一次，但成绩没有特别理想
197585,3578,潘有能,2024-07-20 09:11:04,7,8,1,期末论文的要求不明确，给分标准不明确，给分很低
211746,3578,潘有能,2025-01-12 09:55:13,-3,2,5,信息安全与隐私保护\n\n真的事少分高，两次点名，一次pre，一篇期末论文\n\n潘老师为学生着想，课程没有平时作业，也没有小测和考试\n\n真的爱死潘老师了！男神！
21165,3646,刘玉能,2016-02-24 16:10:13,34,70,36,上课基本不听 最后闭卷考 背了一遍ppt就满绩了 平时分就是点名 没有作业
25782,3646,刘玉能,2016-06-08 05:10:12,4,18,14,助教真心狠啊，签到又签退，五节课的话三节会点名。作业虽然不多但不至于到没有的程度，一次小组展示，一份报告。老师人挺好的。讲真，为什么有那么多不负责任的回答
27716,3646,刘玉能,2016-06-27 09:07:18,0,3,3,点名没到 哈哈哈哈
29541,3646,刘玉能,2016-06-30 02:52:18,9,15,6,我也觉得老师是一个很正直的人，虽然讲课有点无趣=_=但是能感到他是非常用心的在上课，无奈助教换了之后可能事情就多了起来，作业展示都有了，希望下一年选到他课的人能没有这么多事吧，另外，考试非常简单，不到一个小时就可以做完。
33366,3646,刘玉能,2016-11-22 16:28:04,3,5,2,ez4.8
34015,3646,刘玉能,2016-09-26 00:52:29,0,2,2,无聊啊
34279,3646,刘玉能,2016-09-29 15:16:34,4,6,2,老师人不错
35372,3646,刘玉能,2016-11-09 11:09:17,3,4,1,老师很认真
35474,3646,刘玉能,2016-11-10 07:20:10,13,20,7,刘老师人挺好的，也会给我们分享一下故事和经历，分享他自己对一些问题的看法，上课不听也没事，可以自己做自己的事，期末会给重点，上课有PPT一开课就会放到公邮里，考试把概念背一下就好，论述题言之有理都能得分
35530,3646,刘玉能,2016-11-10 07:24:14,-11,6,17,我在浙大遇见的最差的老师了，讲得烂还不负责任，布置一套四卷本的书让大家看是什么鬼，还把活都推给课代表干？让我们看的英文文献自己都没看过，是让我们帮写文献综述吗（蠢拒）
36162,3646,刘玉能,2016-11-10 16:27:51,-7,5,12,刷新我系教师教学水平下限，几无收获，总之以后研究方向不会是城市社会学了（手动再见）
37891,3646,刘玉能,2016-11-22 00:00:34,6,8,2,刘老师上课非常投入，赞！
37901,3646,刘玉能,2017-12-22 12:39:04,-16,7,23,可以，看了不到半天PPT就上4了
37904,3646,刘玉能,2016-11-22 02:01:31,2,3,1,还行吧==
37913,3646,刘玉能,2017-11-13 23:44:15,13,19,6,老师人其实是真的很好，而且他自身这段时间只能说经历了很多人承受不住的痛楚吧...所以可能教学上放的精力不如之前，老师的课会不定时点名，认真按老师要求分数就挺好的，如果觉得有些无聊上课可以看别的，在考核项目上多花点精力就可以了
37918,3646,刘玉能,2016-11-22 03:13:56,4,7,3,讲的一般，给分超好！最后把PPT好好背背成绩肯定好！
37919,3646,刘玉能,2016-11-22 03:21:36,7,9,2,老师讲课还可以，可以不听，但是会突然点名，平时没有作业，期末只要认真看PPT和样卷成绩会很好看的。
37922,3646,刘玉能,2016-11-22 03:32:35,1,4,3,谢谢老师不挂之恩
37923,3646,刘玉能,2016-11-22 03:44:04,4,5,1,另外一个社会学老师侧重人的研究，这边侧重理论方面，风格不同吧。老师蛮好。\n\n
37983,3646,刘玉能,2016-11-22 15:27:08,7,9,2,刘老师很负责啊，没用心听课的，对社会学不感兴趣的别怪老师。老师主要会针对社会现状来帮助我们理解社会现状，很有帮助。考试很简单的。
38015,3646,刘玉能,2016-11-23 06:07:56,-1,2,3,老师会点一两次名，其余并没有什么作业，考试只要把PPT背好就行啦
38106,3646,刘玉能,2016-11-24 08:25:15,-1,2,3,上课有些无聊，但是给分还可以
38244,3646,刘玉能,2016-11-28 05:42:28,0,1,1,我觉得老师蛮好的
38938,3646,刘玉能,2016-12-20 02:39:18,1,3,2,老师讲的真的很好，书读的很多，人也很好，给分超好啊
39522,3646,刘玉能,2016-12-23 13:05:31,3,4,1,社会学。\n\n上课没怎么听，完全没有兴趣。期末稍稍背了一下3.9。\n\n下雨天要去啊!这学期就是下雨天人少点名的!
44393,3646,刘玉能,2017-01-17 17:19:22,0,1,1,很淳朴的老师，期末背ppt，给分很好
46066,3646,刘玉能,2017-01-20 14:13:28,-1,2,3,给分虽好但事多，上课就。。。
56689,3646,刘玉能,2017-07-04 09:19:24,-2,3,5,61分 自己去悟吧
56858,3646,刘玉能,2017-07-05 01:27:37,-9,3,12,没时间复习了 最后就看了一晚上PPT分数91，很开心了
57040,3646,刘玉能,2017-07-05 08:49:57,-1,3,4,老师人很好，不定时点名。上课时有点无聊，但只要认真背好ppt，听好要求，给分就很棒了！
61595,3646,刘玉能,2017-11-19 04:47:42,4,5,1,老师人很和善 很不错的老师！
63022,3646,刘玉能,2017-11-28 02:52:26,16,34,18,老师给我多少分 我给老师多少分
63025,3646,刘玉能,2017-11-28 03:06:45,5,9,4,感觉给分不太对啊
63030,3646,刘玉能,2017-11-28 03:11:27,13,16,3,我觉得老师挺好的，同样来自小地方，为老师的经历感同身受，希望老师能够越来越好！
63045,3646,刘玉能,2019-01-26 15:00:36,-20,15,35,有毒吧？平时分最高才给90，考的题目都背到了，你还只给3.9？平时分大家为什么不都一样？你连人都认不全还能给出高下来了？考试不管怎么说该背的全背到了也都写了，拓展的也有了，你最高才给到4.5？用一句大家都考的不好就能打发了？我真是笑死，还和我们说不需要全照资料上写，其他没有完全按照资料写的分更低，作为一个老师在这方面连最基本的态度都没有，讲了一学期自己离婚的事情，您离婚关我们屁事，别把这种情绪带到课堂上来，更不要影响我们成绩！8.5的评分？您配吗？
63047,3646,刘玉能,2018-09-19 01:40:57,4,12,8,其实老师挺好的，最高分没有限制到4.5啊，不知道同学是不是有误解。\n\n最后希望社会学能开卷…背PPT好苦…
63075,3646,刘玉能,2017-11-28 07:35:40,-1,7,8,无聊➕绩杀
63087,3646,刘玉能,2019-02-27 07:37:57,-6,5,11,天天上课说自己有多痛苦讲课无聊爆炸。期末GPA killer。
63094,3646,刘玉能,2017-11-28 08:49:22,-2,4,6,不太好
63162,3646,刘玉能,2017-11-29 01:25:56,4,7,3,刘老师人很好，很和蔼，上课事情很少，很认真。大家的展示他都会认真听认真提问，很nice，给分也很好。
63318,3646,刘玉能,2017-11-30 11:36:32,2,6,4,ppt背了一遍，考试全写的ppt上的，点名也到了，最后分数3.3?难道考试只考了60多?说一句这次很多同学都没考好?自己说没有标准答案，结果给分随机?我真的醉了，超级生气！
63658,3646,刘玉能,2017-12-20 14:10:32,-2,4,6,听课有点无聊，给分可以去吃屎了
80444,3646,刘玉能,2018-06-26 13:50:38,4,6,2,快考试了问一下怎么复习啊《社会学》
82033,3646,刘玉能,2018-07-07 02:00:55,0,1,1,老师上课很有激情的，点名的次数也少，虽然后半段时间听的没有那么认真了非常对不起老师QAQ但老师很优秀的很好的，真的是认真讲课，比较注重理论。考试的话就是需要花大力气背PPT，成绩如何目前不知道，但确实觉得一学期下来老师还是很好的
84450,3646,刘玉能,2018-11-24 10:09:29,5,6,1,老师您给分真的没给错吗？？我把PPT全都背完了就这个分数？?
84948,3646,刘玉能,2018-07-14 13:34:32,0,0,0,同意楼上…好奇老师怎么阅卷的
86828,3646,刘玉能,2018-09-19 03:13:27,4,5,1,我……就想问问 城市社会学怎么样？
87375,3646,刘玉能,2018-10-19 02:30:29,-2,0,2,真的无聊 真的不要去 真的不要xuan
88133,3646,刘玉能,2018-10-23 01:50:56,4,5,1,以后刘老师的社会学我不可能迟到\n\n不愧是社会学老师，那说话就是社会\n\n说论文不要写一万多字，太多了，写3 5千就行。\n\n我乍一挺挺高兴，不愧是大学教授
89053,3646,刘玉能,2018-11-15 01:12:32,-5,0,5,觉得自己上了一学期苗族文化鉴赏课
90160,3646,刘玉能,2018-11-24 14:28:06,1,4,3,真实绩杀！！！
90642,3646,刘玉能,2018-11-24 15:58:45,1,2,1,看到成绩还是很开心的。社会学好好写论文，有自己的一点东西，然后期末闭卷好好背PPT。另外，刘老师虽然有些观点女生不太能接受，但授课整体还不错，会讲比较多苗族的故事和老师自身的故事。我给9分叭
90647,3646,刘玉能,2018-11-24 16:54:53,4,5,1,老师人真的很好啊讲课也会结合很多现实现状，但是可能是理论性课程会比较枯燥，但是整体而言，其还是很棒的!\n\n老师考试内容就是完全PPT上内容 认真复习满绩都可能哦!但是不背就凉凉了\n\n平时一篇读书报告和一次点名\n\n总体而言，挺好的一门课，可以拿比较高的成绩哦!\n\n最后，觉得老师好萌啊哈哈哈
90657,3646,刘玉能,2018-11-25 01:46:24,1,2,1,讲的挺好的，就是早课太困了……所以上课基本不怎么听，读书报告好好写一下，考前背了一天PPT，分数就还行～
90662,3646,刘玉能,2018-11-25 03:14:59,5,6,1,课不用听。老师人很好。事少，分不错。
90677,3646,刘玉能,2018-11-25 07:23:16,0,1,1,老师是挺不错的，就是一周两节早课，之后真的就没怎么听加走神，看PPT写读书报告感觉收获也挺大的，就是这个给分挂了11％外加没有满绩(？)是个什么制度，一开始还以为自己选的是个通识来着qaq
90903,3646,刘玉能,2018-11-27 08:01:53,-1,1,2,隔壁林融期末卷面基本90分以上，这位卷面90分个位数，大家自行感受
91024,3646,刘玉能,2018-11-29 04:12:57,-2,0,2,请问秋学期有人满级绩了吗？
91858,3646,刘玉能,2018-12-23 11:43:31,2,2,0,好喜欢老师啊
99907,3646,刘玉能,2019-01-25 09:26:50,3,3,0,考核方式一次展示一篇论文没有考试  会抽点名 ，老师人很好的 给分也很棒
105272,3646,刘玉能,2019-04-09 02:24:49,8,10,2,老师人很好  为人正直善良 对学生也很负责任  也许老师在生活上遇到一些不顺心的事  但这并不影响老师的工作  那些不喜欢上老师课的同学请你不要乱评论老师  是你自己对这门课不感兴趣 而不是因为老师课上得不好   老师在课堂上讲他离婚的事并不是要跟你们抱怨或者倾诉  老师上的是社会学  把社会的一些经历告诉你们  让你们以后怎么选择另一半   所以请那些不爱学习的学生要学会尊重老师，连起码的尊重都不会，你这学校是怎么考上的还真是个问题？？？？
115339,3646,刘玉能,2019-07-19 02:28:04,3,3,0,老师给分很好
115354,3646,刘玉能,2019-07-19 14:20:56,1,1,0,老师超好的，讲的课内容有意思，也很有思考性，学到蛮多东西的
116640,3646,刘玉能,2019-09-12 06:23:03,-7,3,10,谁说最高4.5的，我就拿了满绩（手动狗头
119294,3646,刘玉能,2019-11-12 03:25:14,5,5,0,不管教学怎样，可以体会到老师是用真心上课的，这一点已经非常非常非常可贵了。
119418,3646,刘玉能,2019-11-12 23:55:54,-1,2,3,特别特别无聊的课，语调无聊，声音无聊，内容更是无聊。听着会睡着的那种无聊，而且还会拖堂
128156,3646,刘玉能,2020-12-09 02:16:32,3,4,1,老师人很好 社会学一定要选刘老师的 一次作业一次小组展示 期末好好背给分很好的
128159,3646,刘玉能,2020-12-09 02:20:23,3,4,1,给分好事情少
128164,3646,刘玉能,2020-12-09 03:53:17,1,2,1,终于出成绩了，开心~\n\n虽然有些观念我不太认同，但老师人品很好，上课也耐心，认真听也能有收获\n\n期末复习要全面，很多上课的时候只是简单点到的知识点也会考到。不过不需要完全按照ppt背，只要能复述出关键词和大体意思就可以了。
132890,3646,刘玉能,2021-02-04 11:55:36,1,1,0,一次展示+一篇读书报告+闭卷考试\n\n会点名，课可以不听\n\n考前背一下ppt就可以啦
139077,3646,刘玉能,2021-07-12 12:58:44,4,4,0,很好很好很好
139109,3646,刘玉能,2021-07-13 01:00:52,3,3,0,事情真的蛮少！没有读书报告，只有一次展示。期末的300页PPT考得很刁钻，不能存侥幸心理，都得背，至少得把角度记住，能用自己的语言表述。21年春学期能满绩的
142594,3646,刘玉能,2021-11-14 03:59:10,0,2,2,还可以 分数一般
143297,3646,刘玉能,2021-11-23 05:48:16,3,3,0,《社会学》，每个人都会点到一次（按名单顺序来，自己估计一下），期中一篇读书报告，期末背ppt就可以了。上课不用听，听听其实也蛮有意思，可以满绩。
143394,3646,刘玉能,2021-11-25 03:13:46,5,5,0,《社会学》就点过一次名。平常上课可以不用听，一篇读书报告+闭卷考试。就是考试三百页的PPT要全部背，都有可能出
143395,3646,刘玉能,2021-11-25 03:13:42,2,2,0,《社会学》就点过一次名。平常上课可以不用听，一篇读书报告+闭卷考试。就是考试三百页的PPT要全部背，都有可能出
152129,3646,刘玉能,2022-03-28 05:56:02,3,3,0,老师人很好，给分好，作业少。就是上课略感无聊
161850,3646,刘玉能,2022-11-14 13:05:19,10,10,0,事少 给分好 一次小组pre（基本都给45分以上）+期末考 五五开 上课干货多 期末ppt认真背 成绩不会差的   ps：老师说我们到课率一直很好所以本学期是他上社会学以来从来没点过名的班～
161976,3646,刘玉能,2022-11-15 14:19:18,5,5,0,事少给分好，认真背PPT就可以满了
168058,3646,刘玉能,2023-01-24 17:25:02,3,3,0,【城市社会学】\n\n早八太困了，而且老师上课确实有点水，所以没怎么听课（我忏悔，通过阅读ppt和推荐书目可能学到了一点东西吧。\n\n平时任务是一次小组读书pre和一篇3000字读书报告。pre时间非常不固定，惊险刺激。\n\n我们组的pre有点摆，我读书报告写得还算认真，最后4.5，供参考。\n\n第一节课说每个人都会轮到三次点名，最后一次也没点。
172497,3646,刘玉能,2023-04-28 03:03:44,-9,0,9,感觉根本不看学生的报告。。给分很随意。。。
182017,3646,刘玉能,2023-11-08 06:42:50,7,7,0,刘老师教完这届就要退休了，讲课挺有趣的，也很体贴学生，能够看出他的职业操守和教学责任心。
183641,3646,刘玉能,2023-11-28 05:55:12,3,3,0,老师讲课挺好的，我自己不想听，但就算是这样，期末ppt背好也能满绩
183682,3646,刘玉能,2023-11-28 11:37:11,2,2,0,会捞人、回报考前认真复习的同学、给我满绩的老师就是好老师
183717,3646,刘玉能,2023-11-29 07:23:36,2,2,0,哪里是老师，是我恩人o(╥﹏╥)o
185004,3646,刘玉能,2023-12-25 10:16:37,-4,2,6,一言难尽
185541,3646,刘玉能,2024-01-02 04:50:31,4,4,0,平心而论，社会学平时除了一次小组展示之外没任何事情，ppt更是学期开始就发了，所以这门课没有任何压力，给刘老师10分
185969,3646,刘玉能,2024-01-07 01:25:30,2,2,0,祝刘老师退休愉快
185981,3646,刘玉能,2024-01-07 05:46:18,2,2,0,很有爱，我很喜欢的一位老师，退休快乐！
186724,3646,刘玉能,2024-01-12 19:39:40,0,0,0,还行吧
188844,3646,刘玉能,2024-01-20 08:03:23,5,6,1,老师马上退休了，人很好，课水水的
192175,3646,刘玉能,2024-05-11 00:47:21,0,0,0,很好的一个老师！感觉很慈祥也很正义，超级喜欢这位老师！事也不多，就只有展示和读书报告。其实还蛮难过老师就要退休了呢www
195179,3646,刘玉能,2024-06-27 05:11:27,1,1,0,上过老师两门课了，老师退休快乐！
195211,3646,刘玉能,2024-06-27 08:16:24,0,0,0,老师给分太好了🥹
192148,3657,朱凌,2024-05-10 04:41:23,-1,1,2,劝大家快跑
26943,3697,陈宗仕,2016-06-22 00:39:48,2,5,3,说实话，很失望，估计和老师在美国待久了的原因，说话总是很跳，想到哪就说哪。老师还是懂得很多的，就是老讲不出来，而且比较浅。
27173,3697,陈宗仕,2016-06-23 10:52:39,12,13,1,虽然是刚从美国回来没多久，讲课有些毛病，但是确实有干货，赞啦
27191,3697,陈宗仕,2016-06-23 12:55:05,7,10,3,非常负责任的一位老师，上大学以来第一次论文得到了这么详细的反馈，老师评语写了整整一页。虽然刚从美国回来讲课跳来跳去的，但是那些例子的确有助于对知识的理解。另外，老师估计和北大有仇，黑起来根本停不下来
27193,3697,陈宗仕,2016-06-23 12:56:09,4,4,0,见仁见智，总之我蛮喜欢这个老师的课
27198,3697,陈宗仕,2016-06-23 13:08:26,3,4,1,老师是难得的细心尽职型，人生中第一次收到亲笔的论文评语。学术姿势也高，佩服。个人对授课风格不太感冒，有点跳有点快，和婆婆特君要不你侬我侬要不恩断义绝，不过没啥大问题，有些跳跳的例子还是很有意思的。可能只是我上课爱走神吧（月亮脸）。打7.5分。
27211,3697,陈宗仕,2016-06-23 14:16:10,0,0,0,讲课比较浅，比较跳跃。论文会有手写的批复，文章中也有标记，看得出来很认真负责。缺勤会比较麻烦。
29227,3697,陈宗仕,2016-06-29 12:51:26,3,3,0,作业得到反馈超棒！
31289,3697,陈宗仕,2016-07-03 14:35:11,3,3,0,老师知识还是丰富的 见识也广 最大的缺点是上课没逻辑 很乱
52730,3697,陈宗仕,2017-06-22 10:28:04,0,0,0,哇感觉很喜欢老师（虽然我上课常走神），然后反馈真的一级棒！觉得老师特别认真负责！
81963,3697,陈宗仕,2018-07-06 16:00:08,0,0,0,上课从东走到西从西走到东好萌?
83359,3697,陈宗仕,2018-07-10 07:26:37,4,4,0,现代社会学考试真的是大三的一道坎，但认真学习认真思考会有很大收获，以一门课的阅读材料之力极大提高了我的雅思水平，虽然痛苦，但非常感恩
111597,3697,陈宗仕,2019-07-05 14:12:05,1,3,2,球球老师改进上课风格，学生对知识的兴趣是很珍贵的
111727,3697,陈宗仕,2019-07-02 16:25:37,1,2,1,讲课能力大硬伤，谁上谁知道，其他都OK。
117595,3697,陈宗仕,2019-09-26 12:38:42,1,2,1,陈老师是一个内敛的人。言下之意即是，他其实知道很多东西，你可以请教他从定量分析到调查访谈的全部内容。他是一个\n\n从UCB毕业的专业的社会学PHD。但同样，因为他是内敛的，所以从上课可能难以体现他全部的水平ಥ_ಥ。。。有时候会有一些不尴不尬的话题在进行，但是若是reading看一些，多扯扯的话还是会有点东西的。。。主要还是看自己呢
177129,3697,陈宗仕,2023-07-02 00:53:16,1,1,0,给分真的不错，对学生也好。希望老师课上多讲些例子让大家更明白一些
177154,3697,陈宗仕,2023-07-02 02:08:56,0,0,0,感谢老师不杀之恩，期末感觉自己答的就像依托答辩，但老师还是给捞上来了 哭死
194612,3697,陈宗仕,2024-06-24 15:02:08,1,1,0,老师人挺好的，就是讲知识点的时候会突然高速运转读PPT。
196259,3697,陈宗仕,2024-07-02 17:10:07,1,1,0,给分太好了！！！！！
196262,3697,陈宗仕,2024-07-02 17:15:35,1,1,0,老师人很好，点名会提前在群里说，给分也特别好，考前背了一天竟然满了……\n\n上课可能有一点无聊，不过私下找他提问都会认真回答，对学生特别有耐心
196339,3697,陈宗仕,2024-07-03 04:31:28,1,1,0,讲课风格见仁见智吧，但是老师给分也太好了吧，人也超好！
217595,3697,陈宗仕,2025-04-14 03:22:43,0,0,0,备课充分，很愿意与同学们共同讨论，除了讲课内的知识，陈老师也分享了一些他混国内学术界的一些“经验”。
53590,3733,郑盛,2017-06-27 05:51:02,0,2,2,很积极传授新的东西，人很好\n\n
93150,3733,郑盛,2019-01-07 16:35:41,1,2,1,帅是真的帅
107200,3733,郑盛,2019-05-02 08:00:04,2,5,3,一言难尽
109763,3733,郑盛,2019-06-19 05:41:25,3,3,0,老师超级好，授课认真，注重教学与方法的教授，kindly还有点小帅，嘻嘻嘻
111728,3733,郑盛,2019-07-02 16:26:05,4,4,0,学生名字咋就记不住呢
118059,3733,郑盛,2019-10-20 03:08:43,1,4,3,老师讲课声音让人听不进去…听过的都懂，他的社会研究方法不适合在职研究生学，太专业太学术，有一种重上高数的痛苦?  同学说，百度百科都比他的课好懂??
181970,3733,郑盛,2023-11-07 03:20:03,1,1,0,我盛哥真的帅！
200722,3733,郑盛,2024-10-21 09:40:45,0,2,2,非常水。。
215179,3733,郑盛,2025-02-23 20:09:31,1,1,0,郑老师上课非常好，很有干货，会有互动哦！但是不会为难大家，放心服用。
88732,3815,高翔,2018-11-28 01:50:53,-12,5,17,海星都可以
121103,3815,高翔,2020-01-19 15:16:45,73,100,27,总给人一种人在美国，刚下飞机✈️的装b赶脚，事贼多，专业课也就罢了，懒得吐槽了
126810,3815,高翔,2020-10-21 06:33:31,46,59,13,上过的事情最多的课。每节课点名回答问题，不听不行。但是课又特别无聊，逻辑混乱、口水话巨多。讲问题也不是很清楚，东扯西扯。就很痛苦。反正体验很差，如果不是专业课，绝对退了。
126917,3815,高翔,2020-10-28 06:01:21,36,40,4,不多说了，懂的都懂
127218,3815,高翔,2020-11-15 04:31:57,9,13,4,很爱点名，这点我能接受。但是课上的真的有点无聊。。。为数不多，每次都能让我很想很想睡觉的课。。。每次上课推荐的书目太多了，根本看不过来，就干脆不看了，不过老师还是很前卫的。认真负责。而且，我觉得挺漂亮，身材也好。我是女生~
127534,3815,高翔,2020-11-24 05:47:44,-8,24,32,学弟学妹们不要因为大二刚刚进入专业课领域就觉得高老师作业很多，以后会更多的。高老师真的人美、水平高，以后你们就知道高老师多好了。
129295,3815,高翔,2021-01-03 16:53:38,-18,14,32,说实话，课堂上感觉投入回报不成正比我能理解。书不看吐槽老师事多的，可以有权不看书啊…无非是绩点差点，也不过在抱怨“这个老师绩点怎么给的这么难，不像隔壁水课好蹭分”罢了。大学能半年能读完十来本书的课程已经不多了。
134041,3815,高翔,2021-03-13 13:36:14,43,49,6,反正发邮件和老师讨论上课疑问，都是以 自己看为回复内容  为人太过骄傲，老是想显摆自己的学识\n\n大学里面第一次遇到这样的老师
134299,3815,高翔,2021-03-23 03:24:36,61,73,12,作为行管的研究生，看到了同学在她手下的惨状，奉劝读研的同学慎重考虑！
136208,3815,高翔,2021-06-12 17:06:34,28,35,7,之前只听说高老师菜，那还没啥；偶然搜到评论说心还狠，见识了
150327,3815,高翔,2022-01-22 13:43:33,-9,11,20,很喜欢高老师的课，觉得很有意思，也锻炼人的思维和表达能力，结合实际案例也特别有趣，感谢高老师给了非常活跃，有趣，有挑战的课堂氛围，帮助大家更好理解和表达～
150419,3815,高翔,2022-01-25 03:33:41,33,35,2,有种把传道授业当生意来做的商人味道
159326,3815,高翔,2022-07-13 04:01:19,14,16,2,不太喜欢这个老师，自带一种优越感，出成绩出的很慢
160238,3815,高翔,2022-09-15 12:29:10,16,19,3,如果不是专业课，老子绝对不上！事情多，讲课没逻辑，爱显摆自己的学术成就，不尊重学生，随意打断学生展示，很讨厌！
168771,3815,高翔,2023-02-22 05:23:30,-10,8,18,还是很好的课程，老师和助教都很认真。行政管理著作选读是构筑知识体系的硬课，这也使得行政管理专业并不空。老师对学生的期待比较高，希望我没让她失望
170540,3815,高翔,2023-03-06 08:25:01,13,16,3,这都春夏开学了，还没出成绩。。。
171096,3815,高翔,2023-03-16 01:35:40,5,10,5,太烂了，终于出分了，给分也不好。平常事情也多，上课有ppt非要自己乱讲，每次点同学起来回答问题，同学不知所云，她还能接着讲，当然讲得也不知所云。整节课逻辑混乱，根本听不懂。平常读书报告也没个给分的标准，期末还要求交一篇论文，一堆要求，出分到现在才出，给分贼烂。不多说了，作为我最差的专业课，只能庆祝结课了。。。。
171126,3815,高翔,2023-03-16 10:19:07,-5,10,15,竟然有人觉得高老师讲课没逻辑也是绝了。。。高老师非常认真负责，鼓励大家分享观点和批判性思考，尤其著作选读这种课程打好基础是很重要的，希望大家不要太功利主义
171127,3815,高翔,2023-03-16 10:40:28,11,14,3,烂的要死
171297,3815,高翔,2023-03-21 06:43:30,4,9,5,给分极慢且差，没想到能给这么低，极其不理解，要不是专业课必选绝对不会上。上课也没学到什么东西，读个ppt也好啊。
171508,3815,高翔,2023-03-27 06:24:19,9,15,6,事多、讲课烂、给分低，垃圾老师该占的她都占了。可惜是专业课，不能选择其他老师，每个行管人都要经历的痛苦。
172938,3815,高翔,2023-05-10 06:58:15,5,16,11,高老师差评怎么会这么多！不能因为别人格调高就觉得人家装吧？这都能伤害到你我只能说是你有点太把自己当回事了。高老师很博学，经历丰富，上课经常旁征博引，逻辑性强还幽默。不过要求是比较高的，出分慢也是真的···
173969,3815,高翔,2023-06-05 09:37:43,8,16,8,高老师作业在这个时段的课程中是稍显多了些，但是后面的专业课更硬事情更多。老师的讲课水平很高，旁征博引且逻辑通顺，只要你完成阅读任务，或者大致读过书其实就明白她在讲什么了（一周的阅读量确实很大），至于觉得别人装这种评论我只能表示欲加之罪何患无辞，多讲点相关知识就是装，那人家引用的东西如果太少是不是又要批判别人土？当然，如果你什么事都不想干，只想摸摸鱼然后混个不错的绩点，这门课确实很煎熬，因为你不看书确实上课会听的云里雾里，最后论文绩点考核非常硬。著作选读这门课事多，出分慢和给分狠确实很难受，但别的方面的苛求。。。我只能表示你是来学校学习的，不是来学校逼老师让你称心如意的。
178335,3815,高翔,2023-07-10 06:35:49,10,15,5,作为一名成功的女性教授，却有一种自己淋过雨所以要撕烂别人的伞的感觉
184748,3815,高翔,2023-12-22 12:07:30,5,6,1,为什么这么多恶评，我觉得高老师很好
185143,3815,高翔,2023-12-26 15:52:15,0,0,0,太抽象了
186129,3815,高翔,2024-01-08 18:52:09,4,6,2,不是那种古板的教授，上课蛮有意思的，好好听可以学到点东西。也没有前面评论说得那么那么吧，不知道给分咋样。
188373,3815,高翔,2024-01-19 00:29:15,0,0,0,期末论文实在写不出来，在这里寻求一点感觉🥹
189499,3815,高翔,2024-01-25 03:54:44,1,4,3,很疑惑为什么高老师评分会这么低，来给个10分，评论来自行管导读课\n\n先说下分数构成：30读书笔记，50课程论文，20课堂表现\n\n首先行管导读课确实会要求比较大的阅读量，这一部分和课程性质相关，但是如果能够坚持下来一定会有很大提升。我还记得辅导员说过大学期间学到的东西最多的就是这门课。\n\n其次高老师本身十分温柔的，课堂氛围也不错。高老师鼓励学生和她讨论关于课程、读书笔记、论文的事项，且回复非常细致耐心。高老师很关照学生，几乎能念出来每一个参与过讨论的学生的名字，上次课程出分特别晚被人诟病也是因为还有学生没提交论文，高老师想办法不让学生这门课被挂掉而申请延长时限。\n\n至于课程内容，因为是导读课，所以老师会主要围绕著作内容和同学们课前阅读中的问题来讲解，如果没有提前阅读的话可能会听得很吃力，但如果提前阅读过课堂其实很轻松。\n\n关于给分，目前还没出分但是分数构成已经出了所以大概能猜到会在什么水平。决定得分主要在读书笔记和论文，只要不耍小聪明被发现（比如使用chat或者摘抄来自网络的读书笔记），绩点不会难看。
189583,3815,高翔,2024-01-25 12:55:49,6,10,4,老师知识渊博、温柔，就专业性来看，老师人非常好。同时，查老师上大家往年吐槽老师给分烂。我们这学期，老师可能是改革了，给分超级好。我一直拖延到截止日期才开始写论文，一天赶完的论文，最后4.5。真的是我想象不到的给分好，平心而论，我的论文真的写的很烂，4次读书报告分数也不高，所以老师的给分真的出乎我意料
189588,3815,高翔,2024-01-25 13:03:35,12,15,3,行管著作选读来的\n\n一学期上下来感觉目前的5分属实还是偏低了。不否认这门课确实有难度，不是一门可以随便水水就可以拿高分的课。但是如果认真学，多多少少还是可以学到东西的。高老师对待这门课也是十分认真，每次读书报告都会给反馈，就连最后的期末论文都会给写作反馈，这是我上大学以来碰到的第一个这样做的老师。有时候高老师的认真程度都让我有点羞愧，感觉自己对待这门课的认真程度比高老师差远了。\n\n因为之前早就听说过高老师很求是很认真，所以对这门课也不敢水，这门课确实是这学期花费时间最多也是学的最认真的一门课了，最后的分数也没有辜负自己的付出。尽管在写读书报告和论文的时候很痛苦，也吐槽过很多次，但回顾一整个学期发现还是有不少收获的，总之还是挺感谢高老师的。
190265,3815,高翔,2024-02-27 00:27:13,6,10,4,仅从今年的上课情况来看，高老师绝对值得比现在更高的评分。\n\n我因为排课的问题，没有在大二上这门课，是大三才上的，先说一下同届同学打低分的理由：事情多、给分差、出分慢。今年的课程只有4篇读书笔记和一篇期末论文，事情不算很多；据说给分情况有很大好转，我不知道大家的分数，但是对自己的成绩还算满意；出分慢是因为那一届有个同学休学了，作业没交，但是老师不知道就一直等那位同学，所以很迟才出分。\n\n理论上来说，这门课需要读十几本书，对于绝大部分同学来说都是不可能完成的，但实际上来说只需要在确定写读书笔记的那一周，看几章然后写自己的理解就好，读书笔记完全不卷字数，纯靠质量，老师还会给每一篇读书笔记反馈，哪里写得好哪里写得不好，这是唯一一个我遇到的会主动给反馈的老师，其他老师如果主动去问，他当然也会回答，但是给每个学生写反馈几乎是不可能的事。读专业书对专业学习确实有帮助，但是放在大二秋冬学期，课又多，还有概统（相信行管的很多同学都会头疼数学），还要读这些书，会觉得压力大也很正常，放在大三秋冬其实还挺舒服，可以在上面花很多功夫。\n\n最后，高老师上课非常有水平，逻辑清晰，内容合理，从头到尾详细论述了行政管理这一学科的古往今来，受益匪浅，绝对值得认真听课，是众多专业课中脉络最清晰的一门.
207661,3815,高翔,2024-12-23 14:23:30,0,1,1,来自行管导读课 没出分、甚至没结课 但是已经交完了平时作业，实在忍不住来给女神一个好评 \n\n这门课是这学期最有收获的课（暂且没有之一） 而且每一次看高翔老师的作业反馈都会被感动 \n\n先小放一段 其他的等后面再说
214121,3815,高翔,2025-01-24 15:29:38,5,6,1,非常好著作选读，使我的专业知识飞增\n\n非常好高翔老师，使我的学习热情飞增
141369,3912,曹正汉,2021-10-02 11:18:26,-1,2,3,点名，讲课一般且无聊，给分差，属于是大佬也只有3.9的情况
110686,4064,刘国柱,2019-06-28 04:21:59,0,1,1,国柱的外交学真的不太行，因为他自己不懂，后面几节课基本都是照章念ppt。
118056,4089,郭红东,2019-10-19 14:47:45,1,10,9,无聊作业非常多
140907,4089,郭红东,2021-09-17 14:58:37,15,21,6,挺无语的，上来就给农经的同学贩卖焦虑，上课啥正经内容也没有，作业还多，很多话大家听听就好别当真
161744,4089,郭红东,2022-11-12 02:12:17,5,5,0,给分一般，boyi事极多
161912,4089,郭红东,2022-11-15 03:28:39,0,3,3,是我很喜欢的一个老师，很有情怀
165879,4089,郭红东,2023-01-10 08:07:56,0,3,3,虽然老师作业很多，但是很有情怀，几乎能认识班上每一个同学，给分也不错
167199,4089,郭红东,2023-01-15 05:18:40,2,3,1,作业真的多——，外专业选来可能想吐血。\n\n不过老师人蛮好的，给分也超级好，助教姐姐也超级好，整体来说也不差
182232,4089,郭红东,2023-11-13 04:21:20,1,3,2,老师很好，作业也确实多。但是他会记住每个人的名字和地区，还有课外考察，挺有意思的。收获很多。
199888,4089,郭红东,2024-10-07 04:44:43,-1,1,2,教授了很多方法论方面的知识，鼓励学生发挥自己的知识和技能，热衷于翻转课堂
202026,4089,郭红东,2024-11-08 10:16:07,-2,1,3,郭老师人很好，非常关心学生，会给大家中肯的指导建议。课程作业对于短学期来说相对较多，但认真完成对自己专业能力的提升有很大帮助。
202353,4089,郭红东,2024-11-12 03:26:27,6,6,0,认认真真做了所有作业，但是最后绩点很一般，有点失望。作业确实很多。
202547,4089,郭红东,2024-11-13 05:23:49,8,8,0,作业超级多，给分很差，外专业同学最好不要选，一味渲染农经专业有多好
214834,4089,郭红东,2025-02-18 06:40:25,3,3,0,不点名建议跑，作业很多，给分不好，上课什么都学不到。
219628,4089,郭红东,2025-06-01 19:37:30,0,0,0,事多给分差还爱吹，ppt感觉是十几年前的远古遗物，另外严重怀疑此人有地域歧视
73765,4167,朱建梅,2018-02-03 05:16:09,-1,5,6,很可爱的指导员～
85860,4167,朱建梅,2018-08-23 14:26:36,-1,4,5,朱十七！
105376,4167,朱建梅,2019-04-11 03:36:52,0,5,5,哇。是我见过最可爱 最美丽 最善良的小姐姐\n\n超级喜欢怎么办
107706,4167,朱建梅,2019-05-08 12:26:24,-1,3,4,嘤嘤嘤舍不得梅姐走
107708,4167,朱建梅,2019-05-08 12:34:17,0,4,4,最美丽有气质优雅的辅导员  关心学生  有时会皮 哈哈哈
107709,4167,朱建梅,2019-05-08 12:36:34,1,6,5,为什么没有100分1000分？心里永远挂着同学的老师值得被爱！
107710,4167,朱建梅,2019-05-08 12:38:59,1,5,4,超级好的老师，没选上就很可惜
107711,4167,朱建梅,2019-05-08 12:39:51,0,5,5,好老师
107712,4167,朱建梅,2019-05-08 12:41:01,0,5,5,ball ball 大家顶我上去\n\n朱十七是最美丽的小可爱! ! !
107713,4167,朱建梅,2019-05-08 12:41:55,0,3,3,明白我意思吧！???
107714,4167,朱建梅,2019-05-08 12:42:02,0,3,3,超可爱的梅姐呀！学习和生活都特别照顾我们！喜欢喜欢！
107715,4167,朱建梅,2019-05-08 12:49:33,0,3,3,猪小妹真的超nice好像知心大姐姐一样
107716,4167,朱建梅,2019-05-08 13:05:20,0,3,3,就是享受
107717,4167,朱建梅,2019-05-08 13:07:23,0,3,3,梅姐这么可爱！十分怎么够！真的对人很亲切跟亲姐姐一样！
107719,4167,朱建梅,2019-05-08 13:16:07,0,2,2,有趣 老师平易近人 完美
107720,4167,朱建梅,2019-05-08 13:16:15,0,2,2,超级赞～
107721,4167,朱建梅,2019-05-08 13:16:30,0,2,2,棒棒棒棒梅梅 爱她！
107722,4167,朱建梅,2019-05-08 13:16:41,0,2,2,优秀鸭
107724,4167,朱建梅,2019-05-08 13:31:55,0,3,3,炒鸡认真的指导员。平时也很关心学生
107725,4167,朱建梅,2019-05-08 13:35:01,1,4,3,娇俏的小声音、连骂人的劲都透出一股可爱的感觉
107726,4167,朱建梅,2019-05-08 13:46:25,3,6,3,人小鬼大
107728,4167,朱建梅,2019-05-08 13:57:01,0,3,3,梅姐  特别可爱  特别喜欢梅姐  爱你呦
107731,4167,朱建梅,2019-05-08 14:51:01,18,20,2,公管小霸王
107735,4167,朱建梅,2019-05-08 16:47:55,0,2,2,优秀！
107736,4167,朱建梅,2019-05-08 16:49:20,1,2,1,公管小公主
108249,4167,朱建梅,2019-05-17 11:31:23,-1,0,1,很好听
109179,4167,朱建梅,2019-06-11 08:08:33,0,1,1,
109595,4167,朱建梅,2019-06-17 10:45:01,0,1,1,超级美，超级好
199993,4167,朱建梅,2024-10-10 11:50:31,-1,0,1,sb啊
162202,4172,何文炯,2022-11-17 15:03:37,-3,2,5,何老师真的很好！！
195513,4172,何文炯,2024-06-28 12:50:12,9,10,1,何教授的学术能力毋庸置疑。但作为一个本科学生，窃以为老师对精算学授课真的很不负责，课是不会自己上的，学生自己讲自己学的时候却点评一大堆，觉得同学们自学能力不足、数储备不够、翻转课堂备课不认真……那么请问老师自己呢？没有一节课是自己上的（虽然确实一直在做点评），没有一次课堂作业是自己留自己改的，考试试卷不是自己出的，监考也是绝对不会在场的，但却要求学生认真严谨求学，并说出“一半以上的人都期末不及格是很正常的”，我请问这时候是不是可以反思一下自己的课程内容了？
197014,4172,何文炯,2024-07-06 15:49:33,5,5,0,学术能力毋庸置疑，教学态度很不严肃
88705,4393,周洁红,2018-11-06 06:31:59,3,3,0,自己学吧，上课都是废话。
81766,4446,付慧真,2018-07-06 06:24:35,2,2,0,挺好的老师
86813,4446,付慧真,2018-09-19 02:06:51,2,2,0,老师可爱美丽又温柔！！
87685,4446,付慧真,2018-10-10 04:57:50,1,1,0,爱上老师
87759,4446,付慧真,2018-10-11 15:30:23,1,1,0,球对小付老师说：Ты красива!
87760,4446,付慧真,2018-10-11 15:39:17,1,1,0,我永远喜欢小付老师！！！！
87761,4446,付慧真,2018-10-13 00:51:00,1,1,0,老师能把本来不太感兴趣的课上的超级好！！！好喜欢老师(｡･ω･｡)ﾉ♡
87777,4446,付慧真,2018-10-13 00:44:08,1,1,0,老师超甜！
87778,4446,付慧真,2018-10-13 00:46:24,1,1,0,年青而有热情，很关心同学，很有耐心，讲课很细致
87796,4446,付慧真,2018-10-14 01:26:56,1,1,0,怎么会有这么好的老师嘛！
87797,4446,付慧真,2018-10-14 01:26:56,1,1,0,怎么会有这么好的老师嘛！
87818,4446,付慧真,2018-10-15 03:24:00,2,2,0,今天也是思念小付老师的一天！
87826,4446,付慧真,2018-10-15 06:06:54,1,1,0,最喜欢的老师，不会打瞌睡，呆萌呆萌的
92002,4446,付慧真,2018-12-25 10:29:59,1,1,0,特别好的老师！
94132,4446,付慧真,2019-01-15 09:02:37,1,1,0,很好哇
104733,4446,付慧真,2019-03-26 15:34:17,2,2,0,挺好一老师
105378,4446,付慧真,2019-04-11 04:17:40,2,2,0,很好的老师，温柔贴心，知识丰富。私下交流也很愉快！即是老师也是朋友~
116916,4446,付慧真,2019-09-17 08:02:33,1,2,1,小付老师冲冲冲！！！
116917,4446,付慧真,2019-09-17 08:03:26,2,2,0,小付老师超甜！选到就是赚到！
120477,4446,付慧真,2019-12-09 06:39:32,0,1,1,信息管理实用统计方法与工具，个性课强推！老师人真的很好，课程平时事情很少，但是真的能学到很多知识，最后随堂考试考的也都是课上的内容不难，而且给分特别好！给分超级好！强推
123012,4446,付慧真,2020-04-30 08:39:06,12,14,2,文献管理与信息分析，第一次开课，小付老师很好，教的内容也很实用，教我们用文献管理与信息分析的软件，推荐大一大二的同学来选，早点接触这方面的知识挺好的。唯一的缺点就是，工作量太大了，短学期的课，8次作业，8次限时小组讨论还要交报告，次次互评，还有一次展示加几次小测，期末还有额外的考试和报告……对于一个2分的通识来讲还是有点过了。
123151,4446,付慧真,2020-05-13 10:42:52,16,19,3,老师很好，讲课也很好，助教超级认真，听课感觉也很好……不足之处就是作业有点过多了。。。。。。
123184,4446,付慧真,2020-05-17 14:36:22,5,6,1,文献管理与信息分析\n\n作业有点多，上课讲的只覆盖作业的一半，剩下的还得看网课\n\n等出分了再来评价一下
123262,4446,付慧真,2020-06-03 11:54:12,7,7,0,中国好助教
123331,4446,付慧真,2020-06-03 11:44:33,2,2,0,没有所谓的几次小测和报告哇，期末就是一篇论文，中间有个限时测试
124576,4446,付慧真,2020-07-03 07:07:48,1,1,0,学在浙大上好像出分了？不知道是不是最终成绩，希望是hhh，谢谢小付老师和可爱的助教～
126027,4446,付慧真,2020-09-16 15:38:06,1,1,0,被卡绩了，好难过
127828,4446,付慧真,2020-11-28 04:22:54,4,4,0,信息管理实用统计方法与工具这门课很好，强推，对我这种科研小白很有帮助。老师人也超好的，年轻老师没有代沟，虽然是个发了超多文章的学术大佬但是完全没有架子，私下超级萌的（老师还经常喝奶茶hhh）！希望我专业也有这么好的老师
131823,4446,付慧真,2021-01-29 04:18:58,1,1,0,人很好，给分也特别好！！！可以当个性课
134000,4446,付慧真,2021-03-11 14:31:59,0,0,0,不听后悔一辈子
136573,4446,付慧真,2021-06-21 07:11:02,6,8,2,文献管理与信息分析：事情多得离谱难度又大又卷 上课讲的内容也不多 选这课纯属自讨苦吃不如直接看同名慕课
137409,4446,付慧真,2021-07-04 08:12:51,2,5,3,文献管理与信息分析:结课了，还没出分，先来评一下。作为一门通识课事情实在太多，而且真的太卷。每堂课都有作业，除了个人作业，还要交小组报告，期末作业正文 论文下限3500，报告下限4000。课堂讲的内容不多，基本靠MOOC。可能因为我是大一吧，学的东西现在不太用的上，最好用的可能就为知笔记和mindmaster。总之，学还是能学到一些东西，就是花费时间精力太多了。看大家评分那么高，可能老师人还可以（挺温和的感觉，我对她不喜欢也不讨厌），想选的同学自己斟酌吧。
147584,4446,付慧真,2022-01-10 08:55:20,1,2,1,小付老师好友善
154677,4446,付慧真,2022-06-03 07:29:52,0,0,0,一般吧
181717,4446,付慧真,2023-10-29 14:51:30,1,1,0,喜欢小付老师！
181843,4446,付慧真,2023-11-02 06:39:14,1,1,0,真真姐是天使
216868,4446,付慧真,2025-03-27 16:02:08,0,0,0,九点几真高了吧，顶多7分
79790,4447,阮俊华,2018-06-15 12:33:07,-1,25,26,在这里，可以遇见更优秀的自己，甚至改变命运，因为一位老师和N个育人平台。阮老师为了学生成长创立了很多育人平台，为了培养学生从政能力创立的紫领计划，政府领导担任导师；为了培养学生的走商业之路创立的强鹰计划，企业老总担任导师，这些平台都是高水平的育人平台，对我们学生来讲非常珍贵，是非常难得的机会。在这里，阮老师求学时给我们引领培养，工作后为我们引路帮助。阮老师是我们一生的老师，有情怀、有格局、有激情，让我们自立自强自信，无比感恩！
102625,4447,阮俊华,2019-10-01 15:32:33,22,31,9,从跟着他的学生就可以看出这老师怎么样了
107821,4447,阮俊华,2019-10-07 05:20:03,6,25,19,官僚主义 形式主义
111730,4447,阮俊华,2019-10-07 05:20:20,3,22,19,辣鸡老师，毁我青春
117698,4447,阮俊华,2019-10-06 00:50:04,4,24,20,的确有一部分受其恩惠，但更多的学生深受其害
117789,4447,阮俊华,2019-10-01 15:27:54,-4,10,14,非常好的老师
117793,4447,阮俊华,2019-10-04 01:40:52,18,23,5,客观来说，确实做了不少事，影响力在老师里算很大了。但过度的演讲和宣传方式、公众号千篇一律的鸡汤容易降低好感
117794,4447,阮俊华,2019-10-02 00:59:45,1,19,18,二十年公益坚持做一件事情。人生能有几个二十年？执着的精神，值得学习
117797,4447,阮俊华,2019-10-02 05:12:34,-9,12,21,阮老师于1999年创办浙大绿之源环保协会，2000年创办“绿色浙江”环保公益组织坚持至今近20年，培养首届中国生态文明奖、中国青年五四奖章获得者忻皓等成千上万青年学生环保志愿者，克服无数困难，推动浙江省环保公益事业发展，集聚民间的力量助力浙江省五水共治；坚持创办“求是强鹰计划”12年邀请100多位风云浙商和知名企业家担任浙大求是强鹰导师一起培养推动了上千名浙大“求是强鹰学员”和上百名哈佛、耶鲁、牛津、北大、清华等海内外高校“强鹰名誉学员”加入，助其成为创新创业新星，推动全国互联网+大学生创新创业总冠军白云峰等100多人成功创业；坚持创办“紫领计划”10年邀请了60多位厅级以上领导干部担任浙大紫领公益导师一起培养推动上千名紫领成员成长发展，推动众多学员服务基层服务西部服务国家；“黄土地计划”（青知计划）自2006年暑期坚持至今14年，累计组织推动近800名浙大学子在基层挂职锻炼志愿服务成长。阮老师还坚持组织“清廉文化宣讲团”、“问政讲堂”、“中国县域治理大讲堂”、“强鹰论道”等，影响无数浙大学子。发现阮老师为学生为社会确实做了非常多的事情，很多事情都很有影响，很辛苦！
117798,4447,阮俊华,2019-10-02 05:26:25,3,20,17,阮老师二十年坚守的精神始终都给我很大的鼓舞，也能感受到老师是真心为了学生
117799,4447,阮俊华,2019-10-02 05:38:44,0,12,12,我没参加紫领和强鹰，但看到更多同学受益成长。愿做个路边鼓掌? 的人！
117800,4447,阮俊华,2019-10-02 05:42:23,0,14,14,阮老师的讲课风格比较有激情，他和很多做行政党务的老师不一样，我坚持认为没有调查就没有发言权，只有真正了解的才会知道阮老师的无私。\n\n在这个信息爆炸的时代任何好的东西都需要一定的宣传，只要是正能量对学生有意义的事情他都会大力地去推广，他的思想和做法影响了很多人。\n\n彩虹人生坚持二十年，我相信一个人坚持做一件事情二十年都是不容易的，这是真爱，也是他的梦想和事业，更是为了浙大莘莘学子的事业。
117802,4447,阮俊华,2019-10-02 06:06:06,-10,8,18,阮老师二十几年来投身公益事业，从绿色浙江到结对帮扶（应该是强音鹰计划的一个雏形）；再到彩虹人生平台，到强鹰计划、紫领计划、黄土地计划（青知计划）以及“问政讲堂”“中国县域治理大讲堂”“强鹰论道”等（走向成熟的教育品牌），为无数浙大学子提供了方向，也为无数有着明确目标而且正在努力的浙大学子提供了平台。当年不够成熟，连自己的人生方向都没有明确，所以没能加入强鹰计划这些平台，但在阮老师的帮助下也有了现在的人生路径，我想阮老师应该是想努力为更多学子提供机会，为社会培养出更多人才，所以这么多年来我对他的称呼始终没有变过，依然是“阮老师”而不是阮书记或者其他的。
117803,4447,阮俊华,2019-10-02 06:09:26,-2,10,12,桃李不言下自成蹊，无私奉献的好老师。
117807,4447,阮俊华,2019-10-02 08:13:18,-2,13,15,时间可以验证人心，见证人性，二十年如一日的坚持，为青年学子提供彩虹人生育人成长平台，钦佩、感恩！
117809,4447,阮俊华,2019-10-02 08:39:36,-3,9,12,桃李不言下自成蹊，给阮老师一个赞?? ！
117821,4447,阮俊华,2019-10-05 01:53:30,3,14,11,我反对
117826,4447,阮俊华,2019-10-04 01:39:11,-4,10,14,这么多学生受益，赞一个\n\n
117829,4447,阮俊华,2019-10-04 02:02:51,-8,7,15,根据绿色通道就能找到老师签字，发现老师很关心学生，平易近人
117842,4447,阮俊华,2019-10-05 01:55:57,-8,8,16,真的是一位非常好的老师，无私奉献精神值得我们学习，他用自己的行动鼓舞了无数的人，非常感激老师！
117851,4447,阮俊华,2019-10-05 12:17:08,-9,5,14,步入社会后就会感觉到当初说的还是挺有道理的，彼时在学校的一些想法和做法、甚至轻狂、执拗，进入社会和工作后就会发现还是难以为继的。所谓成熟，改变所能改变的，试着去接受和优化那些不能去改变的。有人像阮老师这样敢于去做点什么。总比每人去说去做去尝试的好，要知道浙大以外的学生是多么的羡慕紫领和强鹰，毕了业感受就会更深了。
117852,4447,阮俊华,2019-10-05 13:41:21,-9,7,16,老师大公无私投身公益二十余年，把人生最好的年华都奉献给学生事业，改变了许许多多人命运的走向，每一位受老师感召而自立自强、懂得感恩传承的伙伴都应理解老师真实的心意，也把这份传承坚守下去，祝福老师！感恩老师！
117863,4447,阮俊华,2019-10-06 09:04:07,-6,8,14,经常聆听教诲，感到阮老师对学生的关心和成长是长期的，细致的，没有任何功利心的，单凭这一点，无论本人有什么讲课或为人特点，都值得学生尊重并从中汲取无尽的精神营养，我认为这一点最难学，业务吸引不吸引人是其次
117872,4447,阮俊华,2019-10-07 05:02:31,-5,4,9,学习付出的精神
118328,4447,阮俊华,2019-10-25 02:27:18,33,51,18,社会毒瘤 乌烟瘴气
153672,4447,阮俊华,2022-05-07 12:23:42,5,9,4,我们是否应该成为低需氧人才？
153849,4447,阮俊华,2022-05-13 05:33:52,18,25,7,传销组织头头
159503,4447,阮俊华,2022-07-28 06:45:19,-8,9,17,就坚持和无私这两点，在我心中已经是非常了不起了
161299,4447,阮俊华,2022-11-04 02:45:45,11,14,3,典型的两面人，表面刚正不阿，实际呵呵，找人给某差评老师刷好评、给某发不了文章的人发国奖的正是此人
171177,4447,阮俊华,2023-03-17 13:10:11,1,8,7,呵呵，什么玩意
173821,4447,阮俊华,2023-06-03 08:27:09,0,3,3,不建议上
185276,4447,阮俊华,2023-12-27 13:02:12,3,7,4,滚远点
185292,4447,阮俊华,2023-12-27 15:04:06,1,7,6,虚伪的人
186524,4447,阮俊华,2024-01-11 13:00:49,-1,6,7,分好事不多
198657,4447,阮俊华,2024-09-10 12:16:15,0,5,5,分多事少
202476,4447,阮俊华,2024-11-13 01:16:35,0,6,6,有情怀的老师！
203291,4447,阮俊华,2024-11-19 02:50:15,-8,6,14,看一个老师，不在于他说了什么，而要看他干了什么！发现帮助同学学术科研成长的启真问学创新平台也是阮老师创办和牵头负责的，发现竟然有300多位浙大专业教师教授参加做志愿者结对服务本科生上千人。阮老师竟然做了这么多好事实事！
206318,4447,阮俊华,2024-12-14 06:13:32,-8,3,11,阮老师是一个非常好的老师，私底下与学生非常亲近，双创课上能有机会见到很多集团董事长，启真晨跑活动上能结识很多硕士博士学长学姐，能让我们在学习的路上少走很多弯路。双创课只是启蒙，想要对创新创业有更深入了解的一定要加入阮老师的强鹰计划，非常值得！
207204,4447,阮俊华,2024-12-19 18:34:01,8,11,3,专门开了个新身份刷评分？
207205,4447,阮俊华,2024-12-19 18:40:57,0,3,3,课给分的确好，但课前课后先宣传半小时自家五六个组织有王婆卖瓜的观感
207222,4447,阮俊华,2024-12-20 02:13:58,16,18,2,请了水军朵朵和98刷分
207254,4447,阮俊华,2024-12-20 03:37:25,13,15,2,请人给你刷分？ 我们浙大也有自己的尊者
207278,4447,阮俊华,2024-12-20 05:37:23,9,13,4,这门课是老师请各个企业的大牛讲课，含金量不错，事多分多，课前课后两次点名，老师说话有点像传销，但总体还不错，参观企业什么的按照老师说的还能加二课和三课分，但对于老师在查老师里面新开马甲，在98和朵朵以及群里面拉拢水军刷分带节奏的做法感到恶心，评价一个人要看他做了什么这句话自然不假，老师确实做了很多实事，但这些像传销一样的操作同样是他做的，只能说辩证看待
207286,4447,阮俊华,2024-12-20 07:12:03,-3,1,4,有点忙但忙的有价值，起码还有二三课分
207291,4447,阮俊华,2024-12-20 07:26:31,3,3,0,xswl
207300,4447,阮俊华,2024-12-20 08:32:47,5,6,1,本来想公平公正打一下分的，想着他邀请的老师都是10，然后他人不太行-2分，评个8分的。\n\n但他居然搞了好多骚操作，还请水军……那我只能奉上1分帮助他现在9分的小号回到8分了
207311,4447,阮俊华,2024-12-20 10:00:12,2,3,1,建议参考分低评论多的那个，这个是为了挽尊新开的
207312,4447,阮俊华,2024-12-20 10:32:59,0,1,1,请不要刷分噢
207351,4447,阮俊华,2024-12-21 00:30:46,3,5,2,重开一个号还请水军就有点过了吧
207360,4447,阮俊华,2024-12-21 02:06:14,0,2,2,令人作呕
207368,4447,阮俊华,2024-12-21 02:50:51,0,0,0,。。。。
207369,4447,阮俊华,2024-12-21 02:59:49,0,0,0,特意来的
207431,4447,阮俊华,2024-12-21 14:26:54,0,1,1,成功学进校园
207437,4447,阮俊华,2024-12-21 15:19:24,4,6,2,太恶心了吧？新开一个号刷高分，这老师只手遮天啊，查老师都能控制。说不定最近查老师校园网打不开，就是这家伙干的。
207489,4447,阮俊华,2024-12-22 11:14:08,1,4,3,把保护打在公屏上💗
207803,4447,阮俊华,2024-12-24 10:51:24,1,1,0,man
212348,4447,阮俊华,2025-01-14 01:54:51,-2,3,5,创新创业实践启蒙 2024冬 课程更适合有想法，不怕折腾的人，给分挺好
212600,4447,阮俊华,2025-01-14 09:06:16,2,2,0,上的另一个1.5的通识没什么事但和这个分一样，完成了所有布置的任务，一节课也没缺过，只能说评分还没课程平均分高。事多，分也不是很高。如果它是2学分就算了，关键它只有1.5啊！
212738,4447,阮俊华,2025-01-14 16:04:57,1,3,2,抛开别的不谈，给分确实挺好的
215628,4447,阮俊华,2025-03-03 04:59:10,2,3,1,企业参访占用大量时间\n\n冒雨出行尽显尊者风范
217723,4447,阮俊华,2025-04-15 13:29:09,-1,2,3,你妈死了
219823,4447,阮俊华,2025-06-08 03:13:20,1,1,0,你越是要刷分，我越是给你低分
221084,4447,阮俊华,2025-06-21 07:51:57,1,1,0,rjh老师是一个非常敬业，执着，值得尊敬的老师。我认为不论你在学业，生活，社交方面遇到了什么问题，你都可以大胆的去找阮老师，他一定会给你他的见解和建议。如果没有这门课，没有这个老师，我原本不可能有资源有机会去见到各行各业的大牛。阮老师本来也没有义务为我做这些。我真的非常非常非常感激。
75933,4495,邹永华,2018-03-22 06:51:13,5,6,1,很好的老师，房地产金融虽然是双语授课，但是一个英语学渣也能很好的理解。老师的作业不多，考试也很为学生考虑。总之课程让我开阔了眼界，老师也很好。
86377,4495,邹永华,2018-09-14 09:33:05,8,9,1,挺好的！！！
91041,4495,邹永华,2018-11-29 07:01:33,6,6,0,老师讲课很有趣很认真，难得一见的好老师！
92468,4495,邹永华,2018-12-29 12:22:39,5,5,0,老师讲课内容很丰富，很有内涵！
94592,4495,邹永华,2019-01-17 09:46:25,4,5,1,老师人很好，作业不多，上课很难走神，期末英文考试让我有点方，等考完成绩出来再看吧
95724,4495,邹永华,2019-01-20 02:46:28,30,38,8,刚考完，考前老师说“你们考试考差了咱们还可以通融，要是作弊被学校抓了我捞都捞不出来”
98430,4495,邹永华,2019-01-23 12:38:43,4,4,0,老师的课干货很多，讲课认真，对学生也很好……做好复习题期末问题就不大，总之很喜欢老师（虽然绩点没有到我特别满意，但是已经蛮好了）
98450,4495,邹永华,2019-01-23 12:54:22,5,5,0,678节也不困
98616,4495,邹永华,2019-01-23 15:53:34,9,11,2,老师很可爱啊！而且每次都特别早到教室，备课什么的都很负责。真的很难见到教学态度这么这么好的老师了，讲的也超棒
103455,4495,邹永华,2019-02-28 07:47:31,6,6,0,有用又有趣的专业课，老师人超级nice，给分也好
108466,4495,邹永华,2019-05-26 01:32:11,5,5,0,非常有趣而有用
118809,4495,邹永华,2019-11-06 10:35:33,3,6,3,世界名城治理 邹老师的通识课负责洛杉矶 芝加哥伦敦三个城市确实讲的非常好，备课充分，能给人在人文地理方面新的启发，毕竟是管院的......人非常好温文尔雅只是每节课最后有讨论环节这个对能上台报告的同学有较大优势，希望以后可以全面一点。总之绝对是10分男神。估计他不会负责期末论文的打分吧？
119613,4495,邹永华,2019-11-14 06:33:09,5,5,0,楼上的，邹永华老师是公共管理学院，不是管院
120323,4495,邹永华,2019-11-28 11:19:43,3,4,1,讲课很精彩！给分也很棒！
120334,4495,邹永华,2019-11-28 16:45:31,0,4,4,世界名城及其治理。上课比较无聊，给分并不怎么令人满意，但事情也很少，各有利弊吧。个人觉得不是对这门课很感兴趣不要选。
122642,4495,邹永华,2020-03-11 03:53:53,4,6,2,老师特别的认真，每次上课都会提前到教室，他自己打印的ppt上慢慢都是他备课的笔记。而且把知识讲的非常清楚易懂，一个学期下来十分有收获。老师给分也很不错，会给出对得起大家努力的成绩。强推！！！！！
122700,4495,邹永华,2020-03-21 04:30:45,13,15,2,老师人真的特别好，一学期下来收获满满，之前看了简介是双语授课还有点虚，后来发现完全不必担心听不懂！授课方式也是超喜欢类型，作为大一新生的我完全可以听懂这门专业课，期末复习时按照自己的理解看PPT和论文，有好多实用的知识。虽说选这门课不是为了学分和绩点，最后收获的成绩非常好还是很开心哒！为老师点赞！！！
122702,4495,邹永华,2020-03-22 00:21:24,6,6,0,超级好的老师，可以学到很多有用的知识，给分也不错
129734,4495,邹永华,2021-01-11 16:26:56,10,10,0,大一时有幸学习了邹老师的房地产金融，认真听完每一次课真的可以学到很多知识！双语教学对于本英语学渣也是很友好了，认真阅读过老师推荐的文献，也尽当时自己的最大努力完成了论文，最后收获的成绩也很不错！印象很深刻的是老师每次上课都来得很早，备课特别认真，回答问题特别耐心，超级感谢老师！\n\n大二时候虽然通识已经修满了，还是选了老师的世界名城，只要认真听，多思考，不抱着水课的心思，收获是很多的，可以说对城市规划领域有了一定理解吧。（上课时候没有很积极展示，论文是自己认认真真写完的，给分超棒）
141991,4495,邹永华,2021-11-03 06:36:02,5,5,0,邹老师果然和传说中一样厉害，讲课内容丰富，人也无敌nice
142531,4495,邹永华,2021-11-12 15:56:44,6,7,1,超级超级nice的老师！课程容易理解，备课超认真，学到了很多知识，给分也特别友好！
162486,4495,邹永华,2022-11-23 08:23:34,0,1,1,老师给分超好
183655,4495,邹永华,2023-11-28 07:33:54,0,3,3,选的房地产金融与投资。邹老师是很好的老师，但是讲课模式会比较催眠，声音有点小，节奏比较慢很容易走神听不进去。不过老师人真的很好，会给我们讲很多结合实际的案例，感觉可以应用到未来投资里面哈哈哈。最后就是双语的问题，我感觉学起来问题不太大，但是还是要用点心去记里面的名词之类的。考试偏理论（文的那种理论，不考计算什么的）感觉老师在尽力降低难度了，计算部分认真学了收获也挺大的，后来上金融学的时候发现讲得一模一样。我平时没怎么听过，最后一周奋战ppt老师给了4.8，还是比较满意了，是一门用心就能够有收获和成绩的课程！可以按照兴趣选
191448,4495,邹永华,2024-04-22 14:16:09,2,2,0,备课认真是真的，每次都特别早到教室，纸质稿上满满的都是备课笔记
89561,4521,卫龙宝,2018-11-19 14:40:03,-2,0,2,非常好
124389,4521,卫龙宝,2020-06-30 04:14:36,-1,0,1,非常非常棒
97002,4541,尤怡文,2019-01-21 14:13:11,0,0,0,老师人超级好！！！超可爱！！！上课收获还是蛮大的重点是老师超级好但作业有点多要自己努力跟！！
100167,4541,尤怡文,2019-01-25 16:29:30,0,0,0,尤老师是政治经济学的学者，有着很多研究经历。尤老师的课实际上课外的任务很多，基本每周一本书加上一个展示的量。当然，每节课的收获都会很多，基本上是类研究生seminar的课程。选了肯定有收获，以及期末老师会和大家约饭，聊一些非常有意思的东西hhhh
81054,4629,Cole Carnesecca,2018-07-03 12:56:59,0,0,0,got it
91147,4629,Cole Carnesecca,2018-12-02 02:36:43,0,0,0,我校对外教的容忍度太高了
112021,4629,Cole Carnesecca,2019-07-03 07:58:39,0,0,0,很喜欢康老师
171249,4637,蔡宁,2023-03-20 05:42:12,0,3,3,。。。
183642,4637,蔡宁,2023-11-28 06:24:42,0,1,1,烂，太烂了
195963,4637,蔡宁,2024-07-01 02:55:19,0,1,1,蔡老师学术水平高，待人亲和，关心学生，难得一见的好老师！
133177,4652,金少胜,2021-02-14 06:50:36,0,3,3,（接管理学院 金少胜老师 《全球食物系统与政策》通识课的评分）\n\n    最后，对金老师，我打9分；对这门通识课，我打8分；对同教这门课的汪老师、ZHIGANG老师（是中国人）我都打9分；对助教YYY小姐姐我打10分～(￣▽￣～)~\n\n（助教小姐姐人美心善～(￣▽￣～)~，大爱，吹爆！）\n\n    这门课确实能够培养学生的家国情怀、对土地的热爱、对三农问题的关注、对“贫困”的理解（中国太大了，有好多地方仍然深陷于落后的泥潭————我打下这篇评论时所在的亲戚家因为海拔高、气温低、县政府财政紧张，2020年才通上自来水，以前都是接的雨水……），并且能够培养我们的实践能力（开展调查、分析数据得出结论）\n\n    也许这就是通识课真正的意义吧……毕竟，好好水分提高绩点是一方面，获得并锻炼自身真正的能力以在社会上立足也是很重要的一方面。\n\n    大家共勉！
142112,4652,金少胜,2021-11-06 08:31:23,-3,1,4,索然无味
127875,4677,梁巧,2020-11-29 13:12:04,3,7,4,老师特别温柔特别好！我一个大一同学选上了大四的课，全程听讲学到了很多，指点了我很多迷茫。闭卷考试也基本和上课内容相关。最后绩点也很不错！超级喜欢梁巧老师！！！！！
79716,4693,耿曙,2018-06-13 03:37:55,13,22,9,如沐春风，娓娓道来，启人深思，浙大太需要这样的人才好老师了
80215,4693,耿曙,2018-06-21 15:47:20,14,19,5,为耿叔爆灯！！！选到就是赚到！
84150,4693,耿曙,2018-07-12 06:46:41,4,9,5,最好的老师了
84697,4693,耿曙,2018-07-13 14:45:01,8,13,5,学识深厚，逻辑清晰，启发学生思维，善于引导讨论、争论，能得的愿意好好给本科生上课的好教授（政治学）
85555,4693,耿曙,2018-07-19 10:09:33,4,8,4,轻松愉快
86278,4693,耿曙,2018-09-12 02:59:22,1,6,5,学识渊博，善于启迪学生，真正的好老师
86450,4693,耿曙,2018-09-16 10:15:34,3,10,7,需要说一下的是，政治学经典著作选读的均分很低是因为另一位非常有趣的老师给分不高(ಡωಡ)hiahiahia\n\n耿叔是一个非常和善的老师，有幸可以在课上与他交流，颇具学者风范。作为一个经验丰富的长者给了我以及同学很多的指导。
89089,4693,耿曙,2018-11-15 10:49:25,-1,5,6,如沐春风
89694,4693,耿曙,2018-11-20 09:30:31,6,15,9,不要看现在耿老师评分还是0分，但是我可以负责任地告诉所有浙大同学，耿老师的课上到就是赚到，要求少给分高都不是我给他打10分的主要原因，主要原因是因为他真的是一个有理想有抱负的老师，讲课清晰激情，是我大学里遇到过最好的老师和朋友了！
94586,4693,耿曙,2019-01-17 09:22:32,21,31,10,性骚扰
102631,4693,耿曙,2019-02-15 07:17:43,-1,4,5,听到赚到，教研最佳，独此一家。
102637,4693,耿曙,2019-02-16 03:04:06,17,29,12,据台湾媒体报道，因为性骚扰问题被迫从台湾政大辞职
103999,4693,耿曙,2019-03-09 01:10:06,-1,5,6,太喜欢耿老师了～
104900,4693,耿曙,2019-03-30 09:25:25,-1,3,4,耿老师就是优秀啊！
105919,4693,耿曙,2019-04-23 06:08:28,19,30,11,性骚扰真的非常恶心了
108181,4693,耿曙,2019-06-20 12:55:35,-1,1,2,关心学生的好老师！！真的很喜欢耿老师！
108721,4693,耿曙,2019-05-31 17:41:27,-1,2,3,非常负责任的老师，真正能够为学生着想
109704,4693,耿曙,2019-06-18 14:12:36,29,64,35,作为老师这样一个神圣职业，性骚扰这样的事情一旦发生，无可原谅，没啥可说的，负分！！教学风格这些与人品道德相比哪个更重要呢？
114074,4693,耿曙,2019-07-08 17:15:14,1,3,2,耿老师的课跟应统还不太一样，就是让同学在理解中明白很多的干货，真的会学到很多，老师人也特别亲和，吹爆耿老师♥
114238,4693,耿曙,2019-07-09 08:12:47,0,4,4,耿老师太好了是我大学遇到最帅气最温柔的老师，讲的好 人好，给分好呜呜呜呜呜呜我这么菜居然满绩了谢谢老师的仁慈！
115656,4693,耿曙,2019-08-16 03:01:34,-1,1,2,给分高，很会为学生考虑，大赞！
115670,4693,耿曙,2019-08-17 08:02:35,0,2,2,娓娓道来，大师遗风
132719,4693,耿曙,2021-02-03 11:48:51,8,15,7,给分确实是高，水是确实水。。。但。。上课混乱+偶尔阴阳怪气+偶尔不尊重学生+黑历史，一度让我以为他是4v间 谍\n\n想水水过当然可以选他的课，想学点东西还是算了
141599,4693,耿曙,2021-10-16 16:20:15,0,4,4,老师给分特别好（真的很好，一个班没几个90以下的）。而且对女生友好，人狠和善，深目蛾眉，状如愁胡，既文既博，亦玄亦史，听说还能整篇地背长恨歌呢
150463,4693,耿曙,2022-01-26 02:21:53,1,4,3,上课有激情，貌似鼓励大师但其实对学生很严格
150617,4693,耿曙,2022-02-05 03:48:53,0,2,2,哈哈哈耿老师能背诵长恨歌是因为他的名字就是取自长恨歌，耿耿星河欲曙天
153297,4693,耿曙,2022-04-27 22:14:11,-2,1,3,高大伟岸的形象深入人心
213199,4693,耿曙,2025-01-16 09:15:36,0,2,2,【政治学方法论】\n\n性格非常非常非常！外向的老师 人很好！\n\n鼓励学生们多讨论多交流 对社科学习的思维方式有助益\n\n很体谅学生 会给所有人很不错的成绩！\n\n快来和老师一起学社科改变世界（
213799,4693,耿曙,2025-01-20 04:01:06,0,3,3,老师人特别特别好！！打分超级友好！！！上课非常有收获！！！入股不亏！！
215009,4693,耿曙,2025-02-20 05:10:35,0,2,2,给分特别好
74208,4759,陈随军,2018-02-06 15:16:45,0,0,0,深恶痛绝
72816,4775,任强,2018-01-31 06:20:51,0,0,0,讲课自成体系
86983,4775,任强,2018-09-20 01:17:40,0,0,0,老师很能讲，信息量很大，但很有收获。感觉人应该也不错的。喜欢！
101431,4775,任强,2019-01-28 07:54:19,8,9,1,如果你想要好看的分数，千万别选
149759,4775,任强,2022-01-16 18:00:19,0,0,0,老师给分还好，其他就emmmmmmm...
149971,4775,任强,2022-01-18 06:15:09,0,1,1,为啥还没有出分。。。
150692,4775,任强,2022-02-13 09:37:22,-3,1,4,出分真的慢（差点就要赶上新学期开学了....），给分还行
152656,4775,任强,2022-04-17 13:29:02,1,2,1,乱给分
158235,4775,任强,2022-06-27 15:40:24,3,3,0,真的很垃圾，上课讲的东西到处是史实漏洞，连五国伐齐都不知道是哪五国
168141,4775,任强,2023-01-30 05:06:54,-2,0,2,仅供参考吧。上课内容更像是政治学导论而不是政治社会学，老师可能是研究韦伯比较多专门讲了一整章的韦伯（总共就5、6章）。读书报告认真写了，最后4.5
168167,4775,任强,2023-01-31 08:16:04,0,0,0,【政治社会学】\n\n出分挺慢的，离结课一个月了。\n\n因为对政治这个方向不太感兴趣，而且老师讲得……所以上课基本没听。老师会莫名其妙宣布考核方式，比如突然说要期中测验，突然布置了两篇读书报告……\n\n本学期的考核组成是，一次期中测验（全开卷，时间两节课，两道论述题），两篇读书报告（蝇王和美丽新世界），一次期末测验（形式同期中），没有说具体占比。\n\n肝读书报告那段时间生理期特别烦躁，期末测验时又不幸阳了，所以几乎水完了所有课时和考核。最后得分4.2/88，感觉给分还是不错的，供参考。
189764,4775,任强,2024-01-28 13:16:33,4,4,0,你的强来了
80318,4876,范晓光,2018-06-25 05:34:25,5,14,9,讲得不好，b事还多。慎选。
85083,4876,范晓光,2018-07-15 09:17:56,3,5,2,课程作业quiz和考试会比较多
85143,4876,范晓光,2018-07-15 16:58:57,4,7,3,上课自己上不下去也是醉了
88617,4876,范晓光,2018-11-04 06:06:17,3,8,5,我觉得看课本比听老师讲课有用很多。\n\n（总觉得范老师可能看不懂自己的ppt，反正就是解释不清楚。?
90975,4876,范晓光,2018-11-28 08:47:52,0,1,1,van晓光
91094,4876,范晓光,2018-11-30 00:26:33,11,21,10,老师对待教学认真。但课堂内容单薄，感觉很简单的东西费过多口舌去讲。上课的内容不如自己看书学到的多。当然感觉这不完全是老师的问题。如果照着教科书内容讲，这门课的课堂时间应该每周45分钟就够了。
91382,4876,范晓光,2019-01-25 05:39:29,3,10,7,事儿贼多，给分贼差，垃圾老师
91422,4876,范晓光,2018-12-09 16:57:49,0,3,3,作业太多了，真的累死……
92616,4876,范晓光,2019-01-03 06:29:15,2,3,1,...
94527,4876,范晓光,2019-01-17 05:30:43,8,12,4,老师人hin好哒~就是在教学方面可能还需要再摸索一下吧
94571,4876,范晓光,2019-01-17 08:31:31,0,4,4,事情很多，给分不是很好
96973,4876,范晓光,2019-01-21 13:39:19,9,12,3,老师给分太严格啦，标准很硬
99744,4876,范晓光,2019-01-25 06:17:29,2,9,7,呵呵，事多分低，wnmb，作业考试认真写，qui认真做一节课没翘就这么点分数，你可真nb，你对得起你布置的那么多作业吗？
99772,4876,范晓光,2019-01-25 07:00:19,3,7,4,上课水平不行，事儿贼多。\n\n这门课自己做得问心无愧，然而分低
99854,4876,范晓光,2019-01-25 08:32:52,5,9,4,不是怀疑老师的专业水平但是上课真的让我怀疑他的专业素养，很多时候讲到一半讲不下去？？然后就蒙混过去。。事儿贼多，给分差
99899,4876,范晓光,2019-01-25 09:19:59,4,7,3,自学吧
100401,4876,范晓光,2019-01-26 05:16:15,3,5,2,作业这么多，给分这么差，讲的也这么差。手动微笑(•‿•)
101100,4876,范晓光,2019-01-27 13:34:40,1,12,11,五次两页纸的作业还叫多?学个文科把你们惯的。
101378,4876,范晓光,2019-01-28 06:07:53,12,17,5,说句实话，作业的量偏大一点，但还好其实，有些人看来是被某些只要写写论文的社科水课给惯坏了。按比例来讲，quiz10%，五次作业25%，课堂5%，一次期中一次期末各30%，艾尔·巴比的书好好看。说实话，老师上课真的不是想认真听就可以听下去的，希望老师以后的讲课水平可以再提高一些。
102159,4876,范晓光,2019-01-31 00:39:00,4,12,8,hhh，又出现了说什么自己态度认真但分低之类的话了。态度认真的难道就你一个??难道分数比你高的都是态度不如你的？?这又是什么受害者思想！作业多……和一些通识水课相比作业当然要多了，这可是专业课，如果专业课的培养也是能够水水过的话，那贵浙又有什么值得你留在这读书呢？！
105021,4876,范晓光,2019-04-02 10:43:16,4,4,0,讲课水平有待提高
105697,4876,范晓光,2019-04-18 14:20:43,0,9,9,发现现在查老师上基本都是老师给分不高就给老师打低分的发泄和报复心理。按说在坐各位都是社会学专业的学生，有多少人能有一些公平公正的人文精神呢？国外的社会学专业，不管是阅读材料还是写作任务，远远超过浙大的课程，没有坚实的理论和方法基础，这个专业怕是很难学出什么成就。如果因为自己适应不了，应该从自身找问题（当时读这个专业不是自己选的吗？自己在这门课上投入了多少呢？），或者和老师进行沟通，匿名乱喷实在是让人不齿。\n\n回到老师的教学，真的是把自己的经验毫无保留地分享给学生，备课也非常认真，仔细听讲做作业收获会非常大。想混日子是每个人的权力，但不是你滥用匿名评价机会的理由。
105880,4876,范晓光,2019-04-22 13:47:38,8,9,1,老师真的很认真，态度很好，但是讲的不做评价，学到的东西也不做评价，作业多且不切合实际，如果干中学有用，为什么还开课？？
105881,4876,范晓光,2019-04-22 13:47:50,8,9,1,各位别来
105882,4876,范晓光,2019-04-22 13:48:07,7,8,1,小组汇报＋平时作业＋期末考试＋期末大作业+讲课不行
105883,4876,范晓光,2019-04-22 13:57:23,6,7,1,老师学术水平应该挺好的，只是教学不跟自身学术水平成正比，教学方式和节奏等等都有待再思考和改进吧。智者造桥，愚者筑墙。多沟通多问问。老师和同学信息对称。上课收集反馈并及时调整。这些都能够有所不同。不只是学生 老师也可以干中学。加油！
109324,4876,范晓光,2019-06-13 06:10:41,2,3,1,穿衣搭配舒服
109325,4876,范晓光,2019-06-13 06:11:38,-4,2,6,真的专业课还想混的人就不要上了，我觉得老师给分真的是一份付出一份回报的。社调好好看书好好做作业给分不会很差，那些说老师绩杀很差的，考虑一下自己有没有用心吧
110076,4876,范晓光,2019-06-22 07:43:58,0,0,0,………………
115081,4876,范晓光,2019-07-15 08:08:27,1,1,0,ojbk
126850,4876,范晓光,2020-10-24 02:16:04,6,8,2,要不是就这人开课，打死都不会选的
127124,4876,范晓光,2020-11-09 08:28:23,0,2,2,老师是一位愿意和学生沟通的，也会改进个人教学方法
132801,4876,范晓光,2021-02-03 16:42:46,-3,1,4,讲课水平确实有待提高，不过查老师的评分也有点低了。
142115,4876,范晓光,2021-12-29 17:44:09,20,23,3,以下评论，仅针对社会调查与研究方法一门课。我做不到客观，因为这是“我”听课的感受，“我”学习后的想法。我能做到的只有利益无关，因为我写下这段评价的时候还没有任何考试进行，平时作业的成绩也应该都是满的（如果5分是满的话），不存在报复性的评价。\n\n开宗明义的说，你们社会学怎么搞，怎么评价是你们专业的事，但这门课不只是你们专业修，作为一个外专业必修的，我说句实话，和我们本专业的老师相比真的太差了。\n\n首先是教学。\n\n上课的PPT 基本是课本定义的英文翻译，不知道是Earl Babbie这本书教师版随附的，还是自己“辛辛苦苦”翻译成英文的。授课的能力真的很差，我不知道你是不太会表达，还是根本没有备课，我（及我询问过的同一个课的朋友）的感觉都是照读PPT，对于很多概念的解读空洞，要么泛泛而谈，要么就是用定义解释定义，可能我理解能力很差。但课后我读完教材，说实话，这课是没必要听的，浪费时间，还讲不明白，不如直接看书。\n\n课堂的另一个内容就是讨论。\n\n每次的讨论话题设计都很模糊，纯粹是为了讨论而讨论，学生提出意见，老师也基本不愿意理会，学生询问题目的含义的时候，永远都在说“是让你回答”“你用一句话回答”之类的，用了一本国外的教材，装模作样地学习这种互动课堂，却根本没有鼓励学生发表自己的观点，引导学生分析问题的精神，如果学生分析的不对，你是不是应该去告诉他哪里有问题，而不是说“你先闭嘴，直接回答这个问题”？\n\n对于每次讨论的问题，最后也不作概括总结，也没有一个很高明的学术评价（甚至没有评价），那么讨论的意义是啥？帮你耗掉一小时？\n\n课后作业，设计的也很无语。社会研究方法这东西，说难听点只是框架，但如果是这样，分析的具体内容给就会因人而异吧，那么谁得高分，谁得低分，不敢说能有比较清晰的标准，至少也该给出理由？还是说设计的具体内容，符合您脑海中对抽象概念理解的就是高分，有所偏离的就是低分？
143322,4876,范晓光,2021-11-23 09:40:50,10,11,1,平时作业扣分有点狠啊，一般平时作业不都应该给满的么。给的评语很模糊，只会说错了，但不会仔细说究竟是怎么错了，正确的应该是如何。有些推荐的作业也很迷惑，推荐作业也有错，为什么还要放上来呢。越学越糊涂了。
145069,4876,范晓光,2021-12-27 08:37:53,2,4,2,老师人真的挺好的，有在认真听取学生意见，为学生考虑，就是教学水平确实……
148460,4876,范晓光,2022-01-12 14:12:18,-6,1,7,老师人性格很好，对学生也很亲切，有什么问题反馈的话都会有所调整，最后给分也挺好的。
153691,4876,范晓光,2022-05-08 10:08:11,5,5,0,我为我曾经给他好评而悔不当初
156026,4876,范晓光,2022-06-17 07:19:40,9,13,4,范晓光的讲课水平烂已经是社会学系公开的秘密了，笑死，估计要去公管了
159449,4876,范晓光,2022-07-21 12:50:18,2,4,2,实在是太把精力花费在没有意义的事情上了
185351,4876,范晓光,2023-12-28 06:59:24,2,3,1,范老师讲课真的很烂，不否认他的学术能力，只是把学术知识转化为学生听得懂的话语的能力太弱了。PPT基本由英语写成，上课却是用中文，然而中文也讲不透彻，甚至不展开讲，只是直白翻译一下，或是直接跳过。因此，课堂体验就是得不到切实有用的知识，需要课后自己看书花功夫。平时作业共5次，虽然有推荐作业，但没有评语，之后也不会讲解或指导，只能自己从推荐作业中学习点滴，或者自己去问吧。期中期末都是开卷考试，自学空间很大。总之感觉是一门学得累人，而收获感不强的课程。
206843,4876,范晓光,2024-12-18 02:12:26,3,3,0,课上几乎学不到干货，让人没有听下去的欲望。PPT的英文排版也多此一举。感觉老师有在用心备课，但是教学方面还是需要多琢磨一下吧。
211169,4876,范晓光,2025-01-11 03:09:34,2,2,0,表达能力不足：\n\n\n\n评价中多次提到“讲课水平烂”“讲不明白”“用定义解释定义”，说明范老师在将学术知识转化为学生易懂的语言方面存在较大问题。他的表达可能过于抽象或晦涩，难以让学生理解。\n\n\n\n教学方式单一：\n\n\n\n学生反映他“照读PPT”“中文讲不透彻”，表明他的教学方式缺乏灵活性和互动性，过于依赖PPT内容，未能有效引导学生思考和理解。\n\n\n\n课堂组织能力弱：\n\n\n\n讨论环节“设计模糊”“为了讨论而讨论”，且“不作概括总结”，说明他在课堂组织和引导讨论方面缺乏技巧，未能充分发挥讨论的价值。\n\n\n\n反馈机制不完善：\n\n\n\n作业评语“模糊”“只会说错了，但不会仔细说究竟是怎么错了”，表明他在作业反馈方面不够细致，未能帮助学生明确改进方向。\n\n\n\n忽视学生学习体验：\n\n\n\n评价中提到“作业多且不切合实际”“推荐作业也有错”，说明他在作业设计上可能过于理论化或缺乏实用性，未能充分考虑学生的实际学习需求。\n\n\n\n自信心不足或准备不充分：\n\n\n\n有学生提到“讲到一半讲不下去”“蒙混过去”，这可能反映出他在课堂上缺乏自信，或者对某些内容准备不足。
211467,4876,范晓光,2025-01-11 14:03:11,0,1,1,老师人挺好的 很关心同学的反馈 可以看出来老师捞了 就是课程还需精进
213182,4876,范晓光,2025-01-16 08:54:12,0,1,1,给分很仁慈呀、课业压力也不会很大 老师人很好但确实教学水平有很大进步空间
213454,4876,范晓光,2025-01-17 12:19:08,0,1,1,老师人很好 给分好很捞 也感觉到老师确实在根据同学反馈改进自己 希望老师能继续加油吧😂
75362,4927,周云亨,2018-03-09 08:37:08,8,9,1,性格温柔 声音甜美\n\n学识渊博 分高事少
76646,4927,周云亨,2018-04-17 05:42:07,5,5,0,10分
86279,4927,周云亨,2018-09-12 03:00:41,4,5,1,周老师待人随和，关心同学，对学术亦有着极高的热情
86894,4927,周云亨,2018-09-19 08:58:37,10,12,2,老师很有学识，很关心体谅同学，课绝对不水
125332,4927,周云亨,2020-09-07 02:33:54,6,7,1,超级好的老师 热衷帮学生做介绍 分高事少
151264,4927,周云亨,2022-02-27 02:34:46,6,6,0,周老师真的超好！分高事少！课堂也很有意思！（被朋友推荐去听过
156016,4927,周云亨,2022-06-17 06:39:54,1,3,2,yyds 入股不亏
204634,4927,周云亨,2024-11-27 06:58:34,0,1,1,蛮好的
219441,4927,周云亨,2025-05-27 09:27:26,1,1,0,讲课很棒的，有内容有深度，不水。
220956,4927,周云亨,2025-06-20 12:44:13,1,1,0,乱打分。。。。。。
78826,5001,谷保静,2018-05-15 11:21:23,-4,4,8,给谷老师打call啊，人特别有趣，讲课也很不错，这门课虽然要翻译要看英文文献要写原创的论文，但是收货真的多，还想上谷老师的课哭唧唧
85513,5001,谷保静,2018-07-18 23:39:07,-2,3,5,班主任是真的帅
100997,5001,谷保静,2019-03-16 15:07:40,-1,6,7,年轻有为，关心学生，欢迎大家去东三311找老师聊天
102809,5001,谷保静,2019-02-23 12:06:05,5,11,6,超级有个人魅力的老师，给分超级好，课后让我们看论文，学到了很多知识，浑身散发着单身狗的清香却是两个大胖小子的爹，谷老师是非常可爱了。
106869,5001,谷保静,2019-04-30 05:51:36,-1,3,4,满分没得讲！虽然课程有一点点无聊，但是内容还是挺充实的，关键是老师人超好！好到哇哇叫！
109463,5001,谷保静,2019-06-15 08:20:38,-3,2,5,嘤嘤嘤最喜欢老谷了
151942,5001,谷保静,2022-03-21 08:49:39,-3,3,6,谷老师，YYDS！
152293,5001,谷保静,2022-04-01 15:44:11,-3,3,6,谷老师真的是yyds
154687,5001,谷保静,2022-06-03 12:25:43,-1,4,5,非常和蔼可亲！
172717,5001,谷保静,2023-05-05 04:23:31,2,4,2,能学到很多东西，虽然事情挺多的
192316,5001,谷保静,2024-05-15 01:49:15,5,15,10,首先肯定一下肯定是学术大牛，并且大部分时候都装的非常好，毕竟混到这个地步的人都很会演戏。然后明显可以看出上课不认真，然后在同学展示的时候玩手机，后续点评的内容又和学生PPT的内容重合。大部分时候都保持着高高在上的地步，NS挂在嘴边，就是个逼王，在课堂中透露出对蹉跎博士一两年的理所当然，认为是学生自己地问题。非常不尊重人，一边说着这门课不用在意，一边对不符合自己要求的学生，在课堂上辱骂内涵五六分钟，师风师德都很差劲。最后，居然在最后一节课让学生帮他做PPT，实在是太可笑了，免费牛马啊，完全不把学生当人看。
196440,5001,谷保静,2024-07-03 12:07:46,2,6,4,人不太行
197700,5001,谷保静,2024-08-01 02:05:32,5,9,4,惊讶居然有恶意诋毁谷老师的人！良心不觉得痛么？
218472,5001,谷保静,2025-04-24 02:47:47,1,1,0,很和蔼的老师，给分也很好
134348,5007,陆文聪,2021-03-24 11:36:25,4,5,1,硬学术的代表人物，提出了很多学术观点与模型，真的是大佬！
78809,5028,沈永东,2018-05-15 08:55:38,-15,8,23,东东有点可爱的~ớ ₃ờ
118487,5028,沈永东,2019-10-27 14:46:26,-1,4,5,真棒谢谢
134185,5028,沈永东,2021-03-18 08:32:46,20,33,13,事挺多
134852,5028,沈永东,2021-04-19 03:24:41,11,15,4,沈怼怼
136851,5028,沈永东,2021-06-26 01:32:05,-3,6,9,沈老师备课很认真，精心为同学们设计了参访实践课程，课下还耐心指导同学开展公益慈善与社会组织学习。
172377,5028,沈永东,2023-04-25 14:58:23,-4,1,5,非常认真负责！
173927,5028,沈永东,2023-06-04 17:37:42,5,6,1,很喜欢阴阳怪气
181188,5028,沈永东,2023-10-11 06:26:07,2,2,0,有点吓人
193705,5028,沈永东,2024-06-16 02:01:22,3,3,0,事多，3分的水课比专业课加起来事情还多
193840,5028,沈永东,2024-06-20 06:14:49,1,1,0,定性分析研究导论课，虽然各种上这个课的时候各种暗示这个课事多分低，但是这个课事是真的多但是给分好，而且除了期中都不怎么不需要复习，认真交了作业，上课听了，分都很好的
198847,5028,沈永东,2024-09-12 06:30:02,0,0,0,好好好
218507,5028,沈永东,2025-04-24 05:25:29,2,2,0,上课的时候是痛苦的，拿到分数只有感恩的心
218509,5028,沈永东,2025-04-24 05:32:04,1,1,0,老师要求确实高，但是相处下来感觉人还是很好的！课程内容也很丰富，感谢沈老师、程老师和助教，很快乐的一学期！
218513,5028,沈永东,2025-04-24 05:48:07,1,1,0,4.7的均绩不是吹牛，但事情确实不少
218885,5028,沈永东,2025-05-11 05:34:34,1,1,0,事儿太多了，特别喜欢点名，为人不纯粹
91205,5047,鲁柏祥,2018-12-03 08:11:18,-40,15,55,很棒\n\n
103843,5088,张跃华,2019-03-06 08:08:23,-2,11,13,很棒棒棒！
128237,5088,张跃华,2020-12-14 16:42:32,-7,9,16,老张的课真的是一种享受！\n\n因为老师一般带的是本专业本科生的社会保险课，此外就是给博士生上课了，所以老师对课堂的印象就是学生很认真投入地听课，不水手机也不做其他的事情。这个学期老师开了一门博雅技艺，有各个专业的同学，但还是希望大家都可以盯着老师的眼睛听他讲妙趣横生的故事哈哈！\n\n这真的是我大学以来听得最认真的课了！老张总是能够根据同学听课的眼神调整讲课内容，而且他好迷人啊，有这么多亲身实践的经历，总能勾起你无限遐想与敬佩。\n\n老张人品和三观绝对杠杠的，对学生是一流的好！\n\nps今天老张额外给我们看了他年轻时的驴友之旅，简直是我多年前畅享的人生！
160834,5088,张跃华,2022-10-16 09:24:01,5,7,2,讲课喜欢用学术的例子，老师比较有水平，有一些成就，因此自我感觉也不错。事多倒也不是太过分的问题，但是不论如何，讲的再好，水平再高，一个大一为主的通识课，往参考文献就直接往群里扔全英论文不加任何说明的老师似乎也并不对学生怎么上心。我知道老师会看查老师的评价，希望您能为不同层次的学生考虑一下吧，毕竟我们也不是您长得帅英语说得溜托福雅思分高高的好儿子。
181396,5088,张跃华,2023-10-16 16:53:53,6,6,0,蛮爱画饼捧杀人的，有干货但不多，看得出更喜欢把重心放在自己的研究和行政工作上。会让本科生自己补天做文献pre，然后叫去给研究生讲文献。自己讲过的逻辑也没有敏感性，这一点比较失望，讲故事的时候也有种出走半生归来仍是大少爷的美感
213656,5088,张跃华,2025-01-19 02:16:27,6,6,0,事多给分烂，上课全靠学生、助教或者小老师讲，上课水平远远不及自己的职称，不过这种自以为是的老师也不会看这里的评论哈哈哈
215005,5088,张跃华,2025-02-20 03:51:54,3,3,0,喜欢画大饼，个人的建议是除了学术本身之外一个字也别信
118980,5098,熊艳艳,2019-11-09 02:12:27,19,34,15,老师很好
132372,5098,熊艳艳,2021-02-01 06:49:56,-2,7,9,老师真的很不错 要是能早生20年。。。
132587,5098,熊艳艳,2021-02-02 13:11:12,0,5,5,绩杀，不正态的研究生课也绩杀
138655,5098,熊艳艳,2021-07-10 06:32:14,2,4,2,讲的有东西，给分也不错，我课上小测平均五六十，作业平均80，期末突击一天4.8。当我期末突击的时候才发现小测都是配套辅导书上原题，我当时都随便一蒙
145804,5098,熊艳艳,2022-01-02 12:42:10,0,2,2,平时上课不讲清楚学在浙大小测要不要做，考前突击说需要做，还只留一次机会
146569,5098,熊艳艳,2022-01-07 03:06:07,-2,0,2,熊老师讲课有货 平时分和期末都很友好
146864,5098,熊艳艳,2022-01-07 23:25:00,0,3,3,绩杀，给分不好，平时作业也不说清楚
146928,5098,熊艳艳,2022-01-08 05:29:46,7,7,0,个人感觉老师还不错，期末选择做的稀烂但是分数还可以，可能被老师捞了。平时有一次小组作业是做历年GDP数据的，另外学在浙大上有几次自我测试和个人作业，给分感觉比较中肯，只要平时踏踏实实学了应该就不会差。不过有一个减分点是平时没说线上自测算成绩，到最后才说。
146933,5098,熊艳艳,2022-01-08 05:57:44,-1,1,2,全班114人，63人小测未交也不考虑是不是自己的问题…补交起评分80…期末给分一般
154619,5098,熊艳艳,2022-06-02 12:49:15,1,2,1,看看怎么样
165126,5098,熊艳艳,2022-12-29 08:44:52,2,2,0,不得不赞赏我熊姐，她对学术是非常严谨的，对学生也是顾及到学生每个人的立场
180491,5098,熊艳艳,2023-09-22 03:16:26,0,1,1,迟到一次扣15分尼美舒利
181088,5098,熊艳艳,2023-10-08 02:32:21,0,1,1,老师讲课很快，大一新生哭死
186268,5098,熊艳艳,2024-01-10 09:17:27,2,3,1,老师讲课很好，课后也会及时回答问题，宏观经济不点名
187365,5098,熊艳艳,2024-01-15 15:22:54,0,0,0,老师给分是真的好，神中神。lz工科er选的宏经乙当跨专业，真的不太会，但是作业自测题全部按时完成，期末大补天，最后平时分满了，绩点也满了。总结一句，真的很能捞！
187378,5098,熊艳艳,2024-01-15 17:37:02,1,1,0,大一学了宏观经济甲，出成绩4.8，老师讲课超级好，回答问题也很快很认真，不点名，10分不为过
187396,5098,熊艳艳,2024-01-16 01:44:26,1,2,1,感觉查老师上的评分偏低了，讲课好，课后问老师问题老师也很耐心很细致。宏经没点过名，平时分和总评给的都很好。
193163,5098,熊艳艳,2024-06-04 05:54:19,0,1,1,工科生，确实花了心思在这门课上，对最后的给分也很满意。老师不错。
195267,5098,熊艳艳,2024-06-27 14:08:50,1,1,0,给分好，不会在平时分上为难你，每项分数构成很清晰；期末考试有部分练习原题，也有一些体现区分度的新题和较难题，试卷设置很合理
199051,5098,熊艳艳,2024-09-14 11:47:15,0,0,0,我爱熊老师，如听仙乐耳暂明，在大学第一周下来最喜欢的课，文科生选修经济学都超喜欢的而且能听进去的那种，喜欢，必须满分！
208625,5098,熊艳艳,2024-12-30 07:19:55,0,0,0,宏经乙还没考试，但是老师上课确实从不点名。我还怀疑自己是不是没注意点过名了，去问了老师本人这件事hhhhh
213192,5098,熊艳艳,2025-01-16 09:06:03,1,1,0,【宏观经济学（甲）】\n\n为啥cls上面熊老师评分这么低（？\n\n老师人美心善 上课从不点名 也会反复提醒观看网课 偶尔讲一点有趣小故事 整体上课节奏偏快一点 期末给我捞上来了、感恩
122890,5110,张忠根,2020-04-17 03:55:15,0,2,2,讲课烂到死了我真是服气，老师人也很刻薄
131877,5110,张忠根,2021-01-29 07:51:58,0,1,1,老师这么好，ppt制作精良，给分也挺好。某人你怎么敢的啊？
147705,5110,张忠根,2022-01-10 13:47:41,0,0,0,讲的确实不错 ppt做的又请楚又详尽 事少 但给分确实差
102892,5208,姚先国,2019-02-25 00:16:06,0,0,0,我是老师的小迷弟！！
102893,5208,姚先国,2019-02-25 00:16:36,0,0,0,大格局、大视野，听姚老师的课，受益匪浅！尤其是治学的态度、方法上，也有所收获：）
90742,5214,方恺,2018-11-25 14:00:40,10,18,8,上课学不到什么内容，一直展示。
107575,5214,方恺,2019-05-07 02:29:36,2,6,4,能给贵班某位渣渣写推荐信那也是很棒了
118105,5214,方恺,2019-10-21 03:26:57,3,7,4,垃圾 作业贼多 事情贼多 不太聪明
143749,5214,方恺,2021-12-04 07:35:43,4,22,18,1.科研实牛，H指数30，文章发表三位数，985学科带头人的水准，发过Nature Sustainability、RSER等SSCI顶刊；\n\n2.研究方法扎实，限于课程内容无法详陈，只讲了有些论文写作的注意事项，可贵的是，包容不同的研究旨趣；\n\n3.低调谦虚，邮件回复及时，待人和蔼亲切，哪怕是有些同学展示糊弄得很，也给予中肯和善的点评，情商非常高，如沐春风。
162451,5214,方恺,2022-11-22 23:24:07,1,1,0,终究是我太菜！
162564,5214,方恺,2022-11-25 11:54:00,5,6,1,外专业上的环境管理与政策，论文5k-8k字要查重，真写不明白非常煎熬，平时要展示两次而且有随机课堂作业，呵呵😁
167093,5214,方恺,2023-01-15 02:45:30,1,4,3,老师很牛，上课有点水，两次展示一个论文，给分挺好的
184000,5214,方恺,2023-12-06 02:36:34,-5,1,6,给分挺好！
184088,5214,方恺,2023-12-08 10:00:33,-6,1,7,水平很高，给分挺好
184089,5214,方恺,2023-12-08 11:03:06,-1,4,5,老师很年轻也很有才华，能看得出是有学术理想和教学理想的，有的同学评价说“展示太多”，但是老师的想法其实是课堂上讲的东西同学们不一定能听进去，自己查资料做的、了解的事情却可以记很久，个人挺认可老师的这种想法。\n\n而且方恺老师的性格也很好！哪怕是很粗糙的展示或者很抽象的发言，也都会鼓励、肯定，五分的评价感觉有点低了\n\n课堂任务就是2-3个展示，一篇论文以及随堂小作业，点名主要取决于助教学长姐。
184092,5214,方恺,2023-12-08 12:33:20,-3,3,6,给分不错
205122,5214,方恺,2024-12-02 02:41:51,1,2,1,老师人还是非常不错的，很温柔谦和，就算上课回答不出问题来，老师也不会为难你，老师真的是性格很好、能为学生考虑。课程任务我感觉还好，就是最后的论文5k-8k查重写的相似，给分一般。总体来说老师很不错，真正的知识渊博，而且让人如沐春风。
206021,5214,方恺,2024-12-13 03:15:23,-1,0,1,给分一般
210039,5214,方恺,2025-01-08 03:48:24,-1,1,2,【人口、环境与资源管理】谦逊温和，学术水平高，虽然所学专业和方老师研究方向不同，但是听他讲课确实很能启发一些思维，认识到一些本专业之外的“世界”之大、之深；就课程本身而言，本来有 pre 方老师直接删掉了，结课一篇 5k-8k 论文，压力不是特别大，平时上课会纸质点名、课堂互动等，作为平时分主要组成。
167186,5315,龚斌磊,2023-01-15 05:07:09,0,6,6,男神，真的男神😭 \n\n上课条理极其清楚，深入浅出而且很生动，对学生耐心负责，一个短学期的课送了学生两本参考的书，最后绩点给得在农经专业的老师里面确实不算高，但是也不是乱给分（我的分数确实就是我的水平）\n\n谁不来听听龚老师的课我都会伤心的ok？
170681,5315,龚斌磊,2023-03-08 03:52:58,-5,3,8,课堂知识深入浅出，结课了会集中回应同学对于课程的建议，并给予可行的改进，真的很用心在授课了
184649,5315,龚斌磊,2023-12-22 05:15:40,0,3,3,上的是老师第一次开课的粮食安全与能源安全，6个人的课没什么点名与不点名的了doge，上课准备很充分，也挺有意思，考试开卷，没有什么乱七八糟的任务，2学分的课真的很少
194988,5315,龚斌磊,2024-06-26 07:36:46,10,12,2,【粮食与能源安全】 非常好的老师 ，课堂准备的很充分，条理清晰。没有论文，有一次小辩论，但小组成员可沟通的情况下没什么压力。期末考试开卷可带电子设备，不用打印PPT。出分非常快，给分非常好。助教小姐姐人美心善。
195004,5315,龚斌磊,2024-06-26 08:08:44,3,4,1,老师真的太好了！！！我上的粮食安全与能源安全，老师讲课逻辑清楚，内容丰富很有趣，开阔视野，平时就2次作业和1次辩论，期末没有论文，考试开卷，可以带任何纸质资料，还允许用电脑看PPT；卷子题目也很简单，全都能在PPT上找到原题；最后给分也很好
195017,5315,龚斌磊,2024-06-26 10:17:16,0,1,1,老师人很好，很有学识！粮食安全与能源安全这门课非常棒！对我一个能环专业的学生非常受用！课上事情非常少，只有两次小作业和一次辩论，期末考试可以带电脑去考，所有题目ppt上都有！最后给分也很好，出分也快，没花什么时间就让我美美拿到4.5!
195311,5315,龚斌磊,2024-06-27 17:22:13,0,1,1,好，无需多言
198951,5315,龚斌磊,2024-09-13 10:31:10,1,2,1,龚老师的粮食安全和能源安全，事少不点名给分还特好，第一门满绩，只有一次辩论和几个小作业，期末开卷看ppt就行，龚老师课上的也很有意思，我感觉对我启发还是挺多的，虽然也不怎么听课（汗，尽管冲就对了
206784,5315,龚斌磊,2024-12-17 14:09:44,-2,0,2,111
207609,5315,龚斌磊,2024-12-23 08:39:43,0,0,0,超级好的粮食安全与能源安全，事少分高，老师人也很好，儒雅随和
212080,5315,龚斌磊,2025-01-13 07:01:36,4,4,0,龚老师的课简直了~太优秀了！
212093,5315,龚斌磊,2025-01-13 07:23:38,0,0,0,龚老师人很好，还给买咖啡，课也不错
219290,5315,龚斌磊,2025-05-24 08:39:13,3,3,0,事少分好，大胆冲
221515,5315,龚斌磊,2025-06-24 07:04:23,2,2,0,事少分高，老师上课准备的很充分，干货满满，讲课有趣不枯燥。考试开卷也简单。不可多得的好课。顶顶顶
221651,5315,龚斌磊,2025-06-25 05:58:01,0,0,0,强推！！！事少分高，老师儒雅随和，如果认真听能学到很多，如果水一水也能得到不错的成绩，期末可以带电脑看PPT，不用打印基本上PPT都能找到。
221766,5315,龚斌磊,2025-06-26 06:22:55,0,0,0,老师为人与上课都是没话说的高水平，十分。但是本学期上课体验让我有一点点的建议：老师与助教可能对ai作业并不熟悉，认识的人里面有靠ai拿到满绩的，可能会让其他认真做作业的同学比较失望。建议同学们上课前想想是想学到点什么还是纯来水一门课的//
142184,5330,陈帅,2021-11-08 08:48:15,7,8,1,老师的课程内容硬核，初次听感觉好难听不懂，上完计量经济学深刻地感受到了这些内容是多么实用（学院没好好排课啊！），收获很大，回过头来膜拜老师。
142330,5330,陈帅,2021-11-10 08:10:53,10,12,2,老师上课怎么可以这么有趣！能听到老师做研究的很多故事，讲课条理清晰，考前认真听老师划重点就没问题。主要是上课内容太有用了！学了计量之后更知道研究方法太重要了
142657,5330,陈帅,2021-11-15 02:51:52,5,6,1,陈帅粉丝来打卡！(*๓´╰╯`๓)老师学术也棒人也棒！超级nice！\n\n很享受听他讲课，也很享受听他唠闲嗑呀ヾ(^∀^)ﾉ（比如听他讲本科时代的逃课史哈哈）
154508,5330,陈帅,2022-06-02 02:53:40,2,4,2,为陈帅老师疯狂打call！老师可能上课讲的内容确实比较难，但是老师对学生超级好，很理解学生！不要因为老师讲课难就被劝退了！平时作业认真完成老师都会给满分的，期末只要认真做大抄就行，给分超级无敌好！而且老师讲的内容回过头来看确实很有用～老师上课讲的人生经历也很好玩哈哈哈，现在还印象深刻🥰
165876,5330,陈帅,2023-01-10 08:00:16,2,2,0,卡绩了，推荐帅老师搞一张绩点对照表
179702,5330,陈帅,2023-09-19 11:27:47,0,1,1,…………
192851,5330,陈帅,2024-05-31 04:04:13,2,2,0,帅，爱，牛。认真听真好玩！
194555,5330,陈帅,2024-06-24 10:42:15,2,2,0,优点：上课穿插讲故事，非常有趣，个人魅力；会教做研究真正有用的技巧\n\n难点：对计量有基础，老师思维活跃，需要课后智云自己理逻辑
194578,5330,陈帅,2024-06-24 11:52:31,1,1,0,老师给分极好无比，看这个均绩就能看出来了吧。上课也讲的非常不错，非常推荐学！
196680,5330,陈帅,2024-07-04 17:37:10,2,2,0,人均5.0
198282,5330,陈帅,2024-09-06 05:25:27,1,1,0,帅惨了
122108,5377,钱文荣,2020-02-13 11:21:12,15,19,4,谦逊，和蔼，有原则。
123367,5377,钱文荣,2020-06-06 08:03:42,5,7,2,长贼帅
123600,5377,钱文荣,2020-06-10 11:02:58,3,6,3,上课读ppt，不是很喜欢
125134,5377,钱文荣,2020-09-02 00:19:17,0,6,6,6月28号考的试，结果现在都没出分，不知道老师在干什么？助教也稀里糊涂，7月份说马上出了，呵呵。同学们在钉钉群里问，老师和助教也没反应，不负责任
136285,5377,钱文荣,2021-06-15 10:54:39,5,5,0,钱哥很有范儿，长贼帅，流口水ing
136286,5377,钱文荣,2021-07-10 04:28:34,13,13,0,阿钱长贼帅，流口水ing，在线蹲一个vx
136368,5377,钱文荣,2021-07-10 10:17:50,5,5,0,阿钱yyds
138782,5377,钱文荣,2021-07-11 00:26:39,0,4,4,通识课给分好，非常好，从来没听过课，期末考试也不难对付。
140533,5377,钱文荣,2021-09-13 11:40:14,1,2,1,给的太多了（鼻血
140993,5377,钱文荣,2021-09-20 02:54:40,5,6,1,18-19春夏第一年开通识的时候选的，当时云朵朵上说老师风度翩翩高颜值，现在看来诚不我欺hhh。就是课讲得比较水后面感觉每节课都在讲差不多的东西（？）不知道现在有没有改进。
151653,5377,钱文荣,2022-03-10 11:15:44,4,4,0,老师好有气质，太帅辣，讲课也很容易懂，经常举例子，爱辽爱辽
174524,5377,钱文荣,2023-06-13 15:22:09,3,4,1,任务不重，一篇小作文加一个四到五人的小组展示，偶尔点几次名，PPT上的内容比较重要，有条件可以尽量往下记
175367,5377,钱文荣,2023-07-08 05:53:34,2,6,4,总结一下，中国农村这门课事少，学分多，讲得好，但知识点多，给分乐色，一上完课笑嘻嘻，一看给分麻卖批，不介意绩点想学到真东西的可选
178161,5377,钱文荣,2023-07-07 10:28:10,1,4,3,助教会点名。开卷考要对PPT内容十分熟悉。给分还算不错的。
198276,5377,钱文荣,2024-09-06 04:57:06,2,2,0,被绩杀TT当然老师上的课很好
201141,5377,钱文荣,2024-10-29 08:55:57,0,0,0,长江学者
202312,5377,钱文荣,2024-11-11 12:30:42,1,2,1,老师讲的很好很专业但是真的绩杀TT一个3学分的课，课上一个小组展示，期末开卷考\n\n快开学了才出绩点，一看人都傻了...比我python还低....如果要绩点的话请慎重考虑。。。\n\n（但是老师真的好帅啊...）
202868,5377,钱文荣,2024-11-15 02:38:21,1,1,0,确实是风度翩翩学者范，很有情怀很纯粹
221313,5377,钱文荣,2025-06-23 01:47:45,1,1,0,非常纯粹的学者风范，上课也很有激情，事情几乎为零，这个学期一次点名也没有，只有一个很简单的思考题和小组合作PPT展示，如果对农村理论感兴趣是可以学到很多知识的，期末考试也不是很难，多看几遍资料，考试找起来还是比较容易的。但是缺点就是给分不太好，我小组展示还可以，然后期末考几乎都找到了，最后只有4.2，中规中矩吧，但还是很喜欢钱老师的课！
221325,5377,钱文荣,2025-06-23 03:18:26,0,0,0,老师讲课确实还不错，但是给分太低了，感觉都没怎么捞，还卡绩
221369,5377,钱文荣,2025-06-23 05:54:58,0,0,0,这个课几乎不点名，所以来听课的人也很少。钱是一位及其富有学者气质的教师，不仅仅着装是这样，授课的方式也很学者，他会就着干巴巴的PPT上的几个论题讲出自己的看法和理解之后再念PPT上的内容。内容很干，议题很宏大，也许仔细听会有不少收获？反正我听不来ε(┬┬﹏┬┬)3。开卷考试是60的选择题和40的论述题，找好资料就能把选择题的分拿得差不多了，论述题看自己发挥。
139189,5442,俞晗之,2021-07-13 07:33:23,9,11,2,温柔的力量
165236,5442,俞晗之,2022-12-30 11:40:10,3,4,1,俞老师人超级nice，很体谅学生:)
197218,5442,俞晗之,2024-07-09 09:51:01,3,3,0,老师给分不错，看菌剂应该大部分都是4.5往上吧，老师也是懂绩点转化的，给了89分。\n\n老师温柔知性，理解学生，挺好的，上课也挺可爱
122926,5549,吴超,2020-04-21 06:08:45,5,10,5,有收获
127140,5549,吴超,2020-11-10 04:48:40,8,11,3,人工智能课的联邦学习讲得挺好的，尤其是用户、企业与隐私的关系
129224,5549,吴超,2021-01-01 10:16:57,11,23,12,授课共欣赏，疑义相与析。快来讲讲，听吴超老师的课是怎样一种体验？你我一时的栽树，为后来的同学提供一片绿荫~\n\n评价请以事实为依据，以公正为准绳哦，不然网站又要中道崩殂，命不久矣~
139025,5549,吴超,2021-07-12 11:42:07,4,6,2,上了一门人工智能初步通识。事情少，水，几乎没有作业，期末考核做aat的考试题和写论文二选一。老师上课讲的很泛，人工智能的各个方面都有，而且大多都浅显易懂，只要学过编程的都可以去尝试，这可以说非常友好了。最后如果想要选择做aat的考试题的话，平时上课也要好好听一下，特别是一些基础概念。给分一般，所以也没必要硬卷，水课你还奢求啥呢
142595,5549,吴超,2021-11-14 04:49:09,-31,8,39,就是一个大傻逼
151113,5549,吴超,2022-02-23 06:21:09,0,3,3,给分相当可以，但是说真的我觉得讲课很无聊，讲的东西难度很大但是在实操上又不够硬核且指导不多，学了有收获，但是感觉收货不够多。
213917,5549,吴超,2025-01-21 09:38:37,1,2,1,给分可以，上课内容有点深奥，但是教考分离，不点名
213985,5549,吴超,2025-01-22 11:58:01,3,3,0,给分一般。
169206,5568,季晨,2023-02-24 15:49:51,5,11,6,老师是关心学生，有学术水平的好老师，（也会有很女孩子的一面hhh）。作为本系的学生这里10分送上~\n\n对学术的标准比较高，对最后期末展示的要求会比较严格（所以非常不推荐跨级选/作为个性课程修读）······不过给分还是很好的啦。\n\n看到这的学弟学妹们，如果是课程预置，可以放心上这门课。
173341,5568,季晨,2023-05-20 03:11:41,0,1,1,讲课略平淡 但是老师人很好 很可爱 课程设置也合理
219462,5568,季晨,2025-05-28 01:35:11,0,0,0,正在课上如坐针毡……\n\n上课是非常平淡的，课堂展示是时间紧迫要求极高的，提出问题是很mean无厘头的，一点不开心是会甩脸子的。\n\n如果你不是本专业，死都不要选这门课，她会在你做的不尽如人意的时候说“你们做成这样我没法给你们过”这样所谓威胁挂科的话。\n\n如果你是本专业，请准备好赴si并且从现在开始写你的毕设论文，因为她的要求跟中期也差不多了
139832,5629,肖武,2021-07-30 08:42:27,0,8,8,帅哥！超级超级帅！！！！！讲得很清楚~
157197,5629,肖武,2022-06-22 08:40:37,4,4,0,老师上课有时候蛮幽默的，课程我感觉有点硬核
170614,5629,肖武,2023-03-07 07:40:13,1,1,0,温文尔雅
176695,5629,肖武,2023-06-29 17:46:50,1,1,0,好老师我哭死\n\n狠狠捞了
182623,5629,肖武,2023-11-18 12:03:12,1,1,0,老师人超级好，给分不错，说话比较直接坦诚hhhh，长得也帅～
194826,5629,肖武,2024-06-25 14:14:21,1,1,0,考前来拜拜，求求老师了
199100,5629,肖武,2024-10-09 15:18:56,2,4,2,助教是啥比
201854,5629,肖武,2024-11-07 03:01:14,0,0,0,问助教明天实验课啥时候取仪器，助教：啊？明天实验？
221933,5629,肖武,2025-06-27 13:22:14,0,0,0,1.点名：老师基本上不会点名，除了到课率真的太差，偶尔点名～\n\n2.成绩构成：作业+实验报告+闭卷考。作业而言：助教会批改感觉给分应该不错的；实验报告小组完成：助教gg给分也不错。接下来就是期末闭卷考：虽然讲的东西很多很难比如交汇计算什么的，但是考试真的不难\n\n3.就肖武老师而言：专业知识过硬，讲课也很有趣，会认真跟大家分析，感觉老师人也很帅\n\n简而言之很推荐，学弟学妹们平时上上心，闭卷不会太难的！！！！
168320,5630,孙艳菲,2023-02-11 05:19:01,1,8,7,【宗教社会学】（不过老师好像也就上这一门本科生课）\n\n课程内容：有经典理论和主流理论的介绍，但是更多是老师自己做的研究与这些理论的对话（这样看老师真的很厉害...）。视角都是比较宏观的，涉及轴心时代极几大世界性宗教的确立、世界性宗教的政教关系、世俗主义的兴起和反世俗主义的回潮等议题，课程的材料非常丰富经常是一节课讲不完准备内容的程度。
214101,5630,孙艳菲,2025-01-24 06:47:21,1,1,0,课否均分好高
214105,5630,孙艳菲,2025-01-24 08:40:44,1,1,0,特别好
214653,5630,孙艳菲,2025-02-16 02:46:38,0,0,0,学术水平和授课水平都非常高的老师！讲的全是干货，有时甚至因为备课过于充分导致讲不完（但从未拖堂）。对学生也非常温柔，给分也很大方！非常推荐学弟学妹们选孙老师的课程。
123071,5645,石敏俊,2020-05-08 09:34:46,0,16,16,石老师人很好，但讲课真的无聊，不过或许对通识课这算一个美德？给分很公正，认真完成展示老师能看出来，作业论文再好好写就满了
123365,5645,石敏俊,2020-06-06 06:32:56,-1,10,11,因为和我的专业有一定关系 自认为是所有通识课里上得最专心的一门 问答题和论文都认真写了 不知道内容老师看来如何但真的问心无愧 最后被绩杀有点接受不了
133587,5645,石敏俊,2021-03-02 10:54:05,2,5,3,老师挺大佬的，很温和，不累，对一个每天13节课的孩子来说晚上这三节通识真的很好
135603,5645,石敏俊,2021-05-17 00:49:38,1,2,1,上的是亚洲经济发展，论文认真写了，老师挺负责的，最后成绩也还算满意～
145026,5645,石敏俊,2021-12-26 15:14:09,0,0,0,~~~
151813,5645,石敏俊,2022-03-16 12:42:15,2,2,0,讲得很好 非常喜欢
153177,5645,石敏俊,2022-04-26 11:23:09,1,1,0,老师讲课挺好的，这次成绩也还不错。谢谢老师！
182506,5645,石敏俊,2023-11-16 22:31:48,2,2,0,很平易近人，爱了爱了
185315,5645,石敏俊,2023-12-28 00:57:48,2,2,0,很体谅学生，会为了减轻学生考试周压力调整课时安排，而且ddl尽其所能延后了
191673,5645,石敏俊,2024-04-27 11:37:40,8,10,2,快跑，绩杀
191801,5645,石敏俊,2024-04-30 09:33:31,2,5,3,辛苦找了8篇论文，写了2500字的结课论文，最后才3.3，无语了...
204656,5645,石敏俊,2024-11-27 07:57:45,1,2,1,助教是个挠摊
209251,5645,石敏俊,2025-01-05 07:56:17,-1,0,1,被助教杀死！
218411,5645,石敏俊,2025-04-23 08:27:45,4,4,0,好老师给分好
218701,5645,石敏俊,2025-04-29 06:45:55,1,1,0,上的是UPA，老师备课很认真，事少分高，大家最后的分都特别特别好，当然也一定程度上是因为辅修班不受比例限制的关系。印象最深的是老师有一天手术完完全没休息直接来上课了，感动～
143301,5678,麻美英,2021-11-23 07:01:54,6,7,1,身心受益
143306,5678,麻美英,2021-11-23 07:10:49,-2,7,9,快逃！课有点无聊展示还特多
144127,5678,麻美英,2021-12-28 09:43:20,0,4,4,还可以我认为，结课了，收益是有的，上课方式和节奏不同于其他的课，养生加人际交往为主要内容，老师人好。
145064,5678,麻美英,2021-12-27 07:44:10,12,18,6,真正以学生为主的老师，懂得自我审视。教的东西真正可以受益。
150267,5678,麻美英,2022-01-21 06:45:25,9,11,2,怒斥正态分布，和领导硬刚
150299,5678,麻美英,2022-01-22 00:33:35,-2,3,5,讲的内容跟想象的完全不一样，没什么用，但可以水，出分很慢因为老师会很照顾拖作业ddl的同学
150797,5678,麻美英,2022-02-18 16:16:16,5,8,3,能够因为高分太多去和学校申请还成功的老师，爱了爱了\n\n新开的课所以内容没有很细致，但是课后和老师反馈或者讨论老师都会认真回复，这门课能帮到多少看自己，个人是比较喜欢的
152253,5678,麻美英,2022-03-31 11:15:47,3,4,1,很好的老师
160336,5678,麻美英,2022-09-19 09:00:07,5,6,1,评价全在十分里了
161529,5678,麻美英,2022-11-08 08:02:38,1,2,1,非常好的老师，拿的绩点高，人很温和，而且可以帮你治疗社恐
163588,5678,麻美英,2022-12-15 12:33:53,4,4,0,非常关心学生的老师，认真学可以学到一生受用的知识
164553,5678,麻美英,2022-12-22 00:49:48,1,3,2,上课注重与学生的交流，都给我选！
167651,5678,麻美英,2023-01-18 05:32:45,0,2,2,事多分低
167676,5678,麻美英,2023-01-18 08:51:48,0,2,2,傻孩子快跑
207585,5678,麻美英,2024-12-23 07:34:51,1,1,0,人际交往与社会适应课结课啦\n\n这里有一些想说的话\n\n当时选这个课只是因为自己缺一个博雅技艺的通识学分，而这门课不仅是博雅技艺还有整整两个学分！而且这门课容量很少，不到二十个人，我肯定得看看这是怎么个事。\n\n这门课虽然起了很“水”的名字，但是它讲的东西上至黄帝内经下至非暴力沟通，在这门课上不仅能学到社会适应的理论，还有站桩盘龙操的实操等等。当时我在成长记录中提到我有鼻炎，第二节课老师就给我带了姜粉来，后面还给我带了党参粉来补气，虽然我本人有时觉得中医的部分理论有些“神叨”，但老师对于每一位学生的关心是真诚且温暖的，老师的调适方法在我的实践检验后证明是真的有效，也扭转了我对中医的一些偏见。\n\n师生关系真的是一种奇妙的关系，你们明明是素昧谋面的陌生人，但是她就是会全心全意地希望你变得更好，看到你不熬夜了，规律地吃早饭，能量更充足，与周围人的关系更亲密，她是由衷地替你感到开心。\n\n关于考核，除了上课的参与和讨论情况，书面作业平常有三次成长记录，和一次沟通记录，字数与格式都不限，每一次老师都会认真看完并作出评语，期末有一份总结，总结自己一学期以来实现身心调适的目标情况和未来成长的目标，也是不限字数与格式。老师说，我不想给你们的考试周增加压力，也为了了解你们所学习的知识是否真的让你们在考试周有更多能量，我们的期末作业将在考试周结束三天后截止，也希望你们在考试周结束之后能认真回顾自己的一学期。真的很感动。\n\n今天上课听到麻美英老师说这是她站在讲台上的最后一节课了，突然很感慨，也觉得自己很幸运，虽然这门课没有出分，但是绩点已经是这门课最不值一提的部分了。祝麻老师能继续在教育领域闪闪发光，也祝我今后能成为更好的自己。\n\n加油！
129769,5704,周沐君,2021-01-12 06:44:32,1,1,0,经典理论课很有趣，能学到很懂，老师人也很好。
130060,5704,周沐君,2021-01-16 05:02:01,1,1,0,好老师，推荐，深入浅出
135314,5704,周沐君,2021-05-08 04:36:18,6,7,1,老师讲的好，给分。。。
135942,5704,周沐君,2021-06-04 05:02:34,10,12,2,周老师讲课很好、人很随和、明目张胆不点名，\n\n但对绩点系统相当不以为然，\n\n会因为选课人数太多故意给分低一点，以此试图劝退一波同学，\n\n对成绩数据比较注重的同学还请谨慎
140995,5704,周沐君,2021-09-20 05:47:34,2,4,2,超可爱的老师！我爱她✧*｡٩(ˊᗜˋ*)و✧*｡
150160,5704,周沐君,2022-01-19 15:39:27,2,7,5,经典社会学理论每周会布置reading，都配有reading guide，阅读量在15～40页不等，课前会抽人回答reading内容，但不是很严格～上课挺有意思的，会介绍各个理论家的生平，讲到理论的时候用深入浅出的例子来帮助我们理解，零基础也能懂，外专业的uu可以放心冲！另外我其实觉得给分还不错，光看这学期期中成绩觉得上4就谢天谢地了，但是总评有4.8🙏
166548,5704,周沐君,2023-01-12 17:29:35,0,0,0,这学期寄在这门课上了，论文写不出来是真头疼啊
166558,5704,周沐君,2023-01-12 23:41:56,9,9,0,老师课讲的很好！不过自己分数he期望确实落差很大，专业课最低绩点了
166683,5704,周沐君,2023-01-13 08:23:39,18,18,0,老师给分是真的很“求是”，但是老师要是考前能给点例题和大概想看到什么样的答案，或者说恢复期中考试提前有个预演就好了，不至于期末被杀得这么惨......
166702,5704,周沐君,2023-01-13 09:07:19,17,17,0,花了不少精力在这门课上，最后只有3.3，受打击挺大的，甚至开始怀疑自己是不是不适合学这个专业了。老师讲课确实很有水平，也收获很多知识，至于成绩，只能说我确实太菜了，不想怪老师。
166777,5704,周沐君,2023-01-13 14:29:23,2,4,2,特别喜欢周老师的讲课风格～我是外专业的 看之前评论说老师会压分本来还在担心 但事实并没有 考试也不难 最后4.8真的远超我预期了！
168220,5704,周沐君,2023-02-03 11:20:48,4,5,1,老师精英主义的思想内核很重，因而在很多接触中常常让人深受打击。非大神慎重吧……
169303,5704,周沐君,2023-02-25 09:57:25,1,1,0,周老师幽默风趣，学术能力强，对学生有要求负责任同时很尊重学生
169697,5704,周沐君,2023-02-27 12:18:29,0,1,1,………………
184563,5704,周沐君,2023-12-21 16:11:46,0,0,0,很喜欢周老师的教学理念和教学风格 o(^▽^)o
189552,5704,周沐君,2024-01-25 12:45:31,8,8,0,老师上课挺有趣的，但是给分确实不太慷慨，虽然这学年开课恢复了期中考，我还是不清楚她到底期待看到怎样的答案，也可能是我的问题。。。总之最后分数不太好看吧。
189572,5704,周沐君,2024-01-25 12:17:24,5,6,1,老师上课很有趣，人也特别有学识，我真的很喜欢她。这学期期中考改得很严，所以相较之下期末考就改得就宽松了很多。期末考前因为种种原因都有点想放弃准备了，所以在看了cc98上仅有的一份历年卷和听周沐君说她出的这份卷子其实理论上只用掌握三个理论家就可以去考试了之后，毅然决然地选择只整理了韦伯（周沐君最爱的）、马克思（因为相对于其他理论家这位对我们来说肯定是最熟悉的）和周沐君用分别用一节课就讲完了的杜波依斯和齐美尔（内容少所以好整理）。最后考试的时候也确实只用这几位的理论就够了。感谢老师和助教这学期的不杀之恩。
191167,5704,周沐君,2024-04-10 08:37:46,9,10,1,老师挺有趣的玩豆瓣，还有两个号哈哈哈哈哈哈哈哈哈
204449,5704,周沐君,2024-11-26 03:19:02,10,10,0,老师上课很好 给分差 但是鞋踩在桌子椅子上不太卫生呀
211205,5704,周沐君,2025-01-11 04:17:17,3,4,1,【经典社会学理论】74/3.0，感觉考试准备的很充分，出分只能说是大跌眼镜，还是一门3分的专业课，hh只能说是我自己菜吧…\n\n以下是zmj老师原话：期末考试我已经都批完了。卷面分满分70，全班平均分55，中位数58。最后总评分的平均分是77，中位数81。90分以上4人，最高分94。最低分60——如果你看到你的分数是60，请记住那都是我的功劳。
211248,5704,周沐君,2025-01-11 05:18:22,1,1,0,经典社会学理论，老师讲课很好听，基本也不点名。期中成绩跟中位数差不多，发现老师比较注重每句话之间细微的逻辑过渡，期末答题的时候就比较注意这点。平时要好好读文献，这些逻辑很多在文献里都会更清楚。最后总评90，超级满意了。但是这课普遍给分不高，想水的就不要选了。
122150,5779,郦菁,2020-02-17 11:05:03,12,13,1,大一上学期选修了老师社会学入门，真的是一门收获颇丰的课。虽然文献阅读略微有些多，但绝对能收获关于社会学的初步知识。老师上课是非常有趣的，绝对不会无聊到睡过去，前提是认真地阅读了老师课前布置的文献。老师也是个很喜欢亲近学生的人，每次下课后都会非常耐心地答疑解惑，有时候甚至8点下课老师可以留到9点多。印象中也从来没有点过名…来不来纯属自愿，不来亏的只有自己。
122469,5779,郦菁,2020-02-29 03:30:35,26,31,5,啊啊啊终于有郦菁了，十分冲！\n\n也是上的社会学入门H，老师的教学大纲非常清晰并且会有序执行，讲课慢条斯理，说话温柔，只和郦菁老师待一起就简直是神仙般享受了~除了一次非常困睡着了（忏悔脸）以及有事翘了一节课，其他基本每节课都认真听。\n\n关于课程内容：1.平常要阅读的文献还蛮多的，不过你没读也没人发现哈哈哈哈，当然读了也不亏呀知识长在自己脑袋里 2.有三篇3k字左右论文，最后写出来总共一w多，虽然很脱发，但是收获颇丰~ 3.一次小组展示，根据不同的影视书籍作品进行展示分析。\n\n给分应该是很不错的，有社会学大佬A+满绩（非常想知道自己哪里做的不好才只有A 5555）\n\n助教哥哥zy也非常好~论文给的评语看得出来很走心，平常也可以去问他问题。上这门课简直幸福感爆棚！于是打算辅修社会学辽（好的光荣掉码）\n\n最后，我爱郦菁！！！
133290,5779,郦菁,2021-02-23 13:06:21,8,8,0,不点名，给分好。老师特别温柔知性。工作量略大，对社会学小白可能略有些不友好。高赞回答夸得对！
133668,5779,郦菁,2021-03-03 11:41:25,5,5,0,赞美的话不多说，10分！
142906,5779,郦菁,2021-11-17 09:05:38,1,1,0,迟到好久的评论。话不多说，我好爱她！！
145154,5779,郦菁,2021-12-28 01:44:38,2,2,0,好老师，讲课有意思
150416,5779,郦菁,2022-01-25 02:13:02,5,5,0,好的很
150420,5779,郦菁,2022-01-25 03:46:31,2,2,0,老师讲的好，给分好
151592,5779,郦菁,2022-03-08 13:46:13,3,3,0,郦老师会很用心的回答你的问题！\n\n除了社会学入门，我也强烈建议去听一听她的讲座，多和老师交流！
153296,5779,郦菁,2022-04-27 22:11:45,4,6,2,老师好
160403,5779,郦菁,2022-09-21 11:19:26,-68,8,76,讲的挺好，但是怎么打拳啊，说选美都是男性凝视，符合男性审美，性别对立言论一套一套的，这拳法我猝不及防
161062,5779,郦菁,2022-10-25 10:36:25,2,2,0,好好好，超有意思的老师，温柔善良，观点独特，真的让我在各种课里死去的大脑复活了
161610,5779,郦菁,2022-11-09 11:47:19,6,6,0,绩点已经无关紧要了，郦菁教授是我目前最钦佩的人文科学学者，没有之一。上她的社会学入门（H）可以得到新的视角和教益。一定要选，选了血赚。
162609,5779,郦菁,2022-11-28 15:20:58,3,4,1,我的人生楷模…希望未来能成为像老师一样的人
165146,5779,郦菁,2022-12-29 10:22:35,1,2,1,全宇宙最完美的老师
168130,5779,郦菁,2023-01-29 14:46:45,4,6,2,社会学入门（H）\n\n郦老师非常有意思，上课非常敢讲（偶尔说完之后我都会心想这是能说的吗），同时老师也很有知识，对社会学感兴趣的话可以听的很开心很有收获。\n\n分数的话是平时10%+论文3*30%，老师开始上课时会列出课程计划，基本按照计划进行，每个论文在什么时间布置都会提前说而且留的时间也会照顾我们。论文每篇字数3k左右，给分很好的，基本写出自己的思路想法都可以有不错的分数，如果高中纯理科也不用怕，指定的书感兴趣可以看（真来不及看也可以挑着看）\n\n平时分的话计算方法个人猜测是所有人10分，如果平时有发言额外加上1到2分，这个加分老师会在群里面问，平时有发言的同学自己去私聊老师，由于我没发言这项是没加分的算了一下给了10分应该是默认10分，发言附加。\n\n老师下课了一般会留一段时间，有问题想讨论的同学可以自由去问（不得不说有很多同学是发自兴趣去问而不是为了分数，非常好的课堂氛围，负责的老师）这次我们结课了，老师在群里还补充了最后一次作业做的好的文章，语音分析了布置的题目，可以说是非常负责的。\n\n总结：对社会学有兴趣，直接选！\n\n兴趣一般，愿意认真写三篇文章，直接选！\n\n给分很好的，如果想要满的话平时可以发发言期末申请附加，论文可以清晰点（本人前两篇都是直接长篇大论没有分几块，但给分也不错）和内容丰富一点。
168131,5779,郦菁,2023-01-29 15:21:26,0,1,1,社会学入门h，10分满上\n\n深入浅出，很有意思，给分好
168132,5779,郦菁,2023-01-29 15:21:50,0,0,0,打分很nice，会收获社会学的想象力
169613,5779,郦菁,2023-02-27 06:23:22,0,1,1,很不错的老师
169679,5779,郦菁,2023-02-27 10:44:50,0,1,1,超级棒的老师！巨捞，社会学入门的神！
170270,5779,郦菁,2023-03-02 11:12:02,2,3,1,社会学入门（h），是大一上过的通识课里最值得的一门。\n\n培养对社会学和经济学的兴趣就不用说，上课让我感受到了一位人文社科的学者应该有什么样的素养：客观，理性，求是。当然给分很好（如果认真写论文的话）。写邮件给老师老师也会很认真回答，下课后往往答疑很久。写论文更像是自主学习的过程而非简单地完成作业。\n\n总之是给我了一个从未有过的科学的角度看待整个社会和其中的一些现象与问题，一言以蔽之就是还没上够。\n\n\n\n又，谢谢助教老师，您对我第一篇论文的评语真正教会了我如何写一篇专业的论文
208279,5779,郦菁,2024-12-26 12:54:36,20,22,2,听到了一些传闻。不论怎么说，学校放弃了lj老师，绝对是学校和后来学生的大损失。学生难道会不需要这样会讲课、循循善诱的老师吗？只看科研留人的话，谈何大学教育？当然，lj老师的科研能力有目共睹，只是感叹风云变幻、时运不济。
208569,5779,郦菁,2024-12-29 13:51:44,21,21,0,老师不要走啊！\n\n蠹僵疯，引咎辞职！弹劾史上最差校长蠹僵疯！！！！
208582,5779,郦菁,2024-12-29 16:08:12,2,3,1,有没有人能讲一下整个经过呀？大一新来的完全不知道发生了什么www
208609,5779,郦菁,2024-12-30 05:21:37,11,11,0,跨专业选上了郦菁老师的历史社会学，顶级好课、完美老师，但可惜今后或许再也听不到这样的课了
208655,5779,郦菁,2024-12-30 13:07:19,5,5,0,上课再好，走了之后就会被遗忘
208699,5779,郦菁,2024-12-31 05:46:04,10,10,0,lj妈妈永远满分
208712,5779,郦菁,2024-12-31 08:50:26,11,13,2,赵鼎新3月“卸任”后，赵和他重用的老师们将会逐步“淡出”社会学系，郦菁也在2024年的12月29日上完了她在浙大的最后一课。当然这可能只是个开始，赵担任社会学系期间引进的老师，可能大多都要和浙大告别。
210138,5779,郦菁,2025-01-10 08:39:09,6,12,6,起初我们以为这是一场普通的非升即走，后来却发现这是浙大人文社科衰败的开始。
214247,5779,郦菁,2025-02-20 00:47:57,5,7,2,浙大社科的教育部最高科研成果奖，ssci ，国际化一流人才引进早就超过南京大学了，很多人刻板印象罢了。只能说吴朝晖确实牛，杜江峰确实烂\n\n杜走了，希望学校返聘郦老师
157421,5914,顾昕,2022-06-30 04:29:58,1,5,4,。。。
158762,5914,顾昕,2022-07-02 02:26:33,5,10,5,。。。
160066,5914,顾昕,2022-09-12 15:37:47,-4,0,4,。。。
172288,5914,顾昕,2023-04-24 09:40:37,1,4,3,不点名，讲课通俗易懂。内容充实，可以熟悉了解公共经济学的主要观点，为理论研究打下基础。读书报告和论文需要结合课堂内容自己写，认真写了，epa上4.8不难，全寝室没人低于4.8，以前体育生挂了很多。
172290,5914,顾昕,2023-04-24 09:50:12,0,0,0,春学期结课！最充实的一门研究生课，salute
126511,5937,钱力成,2020-09-29 03:04:46,8,12,4,老师才比子建，貌胜潘安
171133,5937,钱力成,2023-03-16 12:12:09,0,0,0,老师好像去澳门大学了，可惜啊，非常想上他的社会记忆研究
149873,5946,杨一心,2022-01-17 11:52:28,8,14,6,啥也不说了，一心，社保系最正常的老师，满分
166396,5946,杨一心,2023-01-12 07:10:07,6,6,0,老师真的特别好，讲课认真，条理清晰，作业就一次小组展示和一篇课后小论文，能学到很多的东西，大爱!
178852,5946,杨一心,2023-07-26 03:16:25,3,3,0,心门！！！
196883,5946,杨一心,2024-07-05 17:45:43,2,2,0,条理清晰，温文尔雅，对学生的学业很关心，平时考察会放宽一些，自己努力学吧
198351,5946,杨一心,2024-09-07 16:33:55,1,1,0,令人舒适的一切。
201391,5946,杨一心,2024-11-01 12:13:40,1,1,0,心门！！！！！！！！！一心真的特别特别特别特别好55555讲课又清晰又体谅学生 上他的课心情都会好！！
201565,5946,杨一心,2024-11-04 11:09:55,2,2,0,完全同意一楼的观点
202629,5946,杨一心,2024-11-13 12:40:14,1,2,1,能不能给社保的孩子们多开几门课😭
222018,5946,杨一心,2025-06-29 02:09:31,2,2,0,社保系讲课最清晰、最有逻辑的老师！上课体验非常舒服！关怀学生！给分超好！
134346,5978,鄢贞,2021-03-24 11:34:16,21,26,5,呜呜呜呜鄢老师太好了
159832,5978,鄢贞,2022-09-05 07:04:02,1,1,0,给分好
193738,5978,鄢贞,2024-06-17 05:02:29,0,2,2,分数还没出来，但是受不了了先来打分了，这门课事情爆多！！！外专业别选\n\n这学期，四次小组作业（包括两次小组展示），四次个人作业，外加农事实践（每周还要轮流浇水）\n\n考试周前一天公布最后一项小组作业和两项个人作业，其中一个个人作业是四千字以上的proposal或者案例分析或者文献综述，还要求在考试周内提交，还没有规定字数上限、、、、、、
193749,5978,鄢贞,2024-06-17 12:24:51,2,3,1,无语至极！老师安排事情非常非常非常多，且很随机，全凭她心意。有时在课堂上口头安排了任务，但又不说具体要求，课后有同学问也不会及时回应（隔两三天）。或者书面布置下任务后又反悔，说不用做了。并且每次布置作业留的时间都很短。但最雷的点是期末大作业在考试周才布置，并且还附加一个小组作业和个人作业，要求在考试周内完成（期限只有十天），考试周大家有多忙她是一点不管不顾的。作业量大尚且可以接受，但至少得留充足的时间给学生完成吧，更别提大家还有很多考试。。。\n\n另外，这门课需要下地种植作物，从翻土到收获作物，完整的一个周期。听起来很有意思，但还是挺累的，需要每天去给地浇水。令人难受的是这门课没有劳育分。\n\n会点三四次名。\n\n--《农业概论》
195839,5978,鄢贞,2024-06-30 07:44:35,1,2,1,事情很多，考核标准并不清楚，相比开学列出的任务多出了很多别的，感觉老师布置作业非常随心所欲。最痛苦的一点是考试周前一天才布置一项小组作业，一项调研心得，一个农产品销售任务还有一篇没有字数上限的大论文。私戳老师问问题也经常已读不回。哎，上得很心累的一门课。。。
196091,5978,鄢贞,2024-07-01 13:34:21,2,2,0,这门课助教老师非常非常nice，问问题会回答的非常非常认真，点赞！
197655,5978,鄢贞,2024-07-24 13:55:08,1,3,2,傻孩子们，快跑呀
198280,5978,鄢贞,2024-09-06 05:23:23,3,3,0,给分很好，但是事情也确实有点点多，尤其是期末的大论文，我用3天赶出来的（然鹅也可以水
198499,5978,鄢贞,2024-09-09 09:22:40,2,2,0,农事劳动大约3周一次 一般最后一节课去 劳动量不大。论文2天可以写完 2次左右小组展示。给分超级nice！
198779,5978,鄢贞,2024-09-11 14:59:55,2,2,0,鄢老师真的很温柔 妈妈式的 卡特之母的感觉 特别体贴学生啊 啥意见都可以直接提 （虽然她上学期的期末论文布置的晚了一些 但是平时作业+农事劳动是很好玩的 当然如果觉得累可能也会有点（本专业当然觉得还好 外专业可能会觉得有点？） 但是还好 感觉跟鄢老师交流可以学到很多TT希望鄢老师越来越好
133179,6123,Zhigang Chen,2021-02-14 06:52:40,17,20,3,这是对2020秋冬《全球食物系统与政策》通识课的评价……（没想到吧，这门课是由ZHIGANG CHEN，金少胜，汪笑溪三位老师一起上的！）\n\n    总的来说，如果说是想“水分”/轻松提均绩的话，请大家避让————这门通识课有点（很）硬。\n\n    这门课中，你除了需要在课间（以后也有可能是其他时间段）参与数字点名外，还需要写两篇评论短文（大约1500字，问题不大，就像写作文一样），并进行一个课程项目的调研（这个硬）。\n\n    首先，大家需要组队对调研项目（小课题）进行选题。选题后要进行调查（网络问卷等形式）和分析，最后要进行小组PPT展示，并上交调研报告（几千字吧）。在小课题这里，就会有人真正地卷——调研500人的大样本/进行SPSS分析……\n\n    最令人头疼的是，这门课有期末闭卷考————以老师们上的十几节课的课程PPT为考试范围进行出题。\n\n    虽然说这只是门半学期的课，但在上这门课的短学期内，每星期有四小节课，除了课堂时间（并不多），还要占用你不少课外时间来进行选题、调查和撰写调研论文，时间投入产出比相对较低，并不划算……\n\n    作为小组的组长，我投入了很多，但绩点（4.5）比我的两位组员都要低，不知道这是怎么回事……
134347,6146,史新杰,2021-03-24 11:35:30,-5,11,16,作业和任务太多了，听说给分也不好，老是喜欢提一些不知所云的问题。论文什么时候能发表出来啊？
135074,6146,史新杰,2021-04-29 06:45:23,8,13,5,老师好帅嘿嘿嘿，人也很好嘿嘿嘿
140550,6146,史新杰,2021-09-13 15:18:43,7,9,2,老师人很好，细致认真，上课认真听讲满绩不是问题！
153210,6146,史新杰,2022-04-26 15:44:28,2,5,3,史老师讲课还是很扎实的，也想通过课堂辩论之类的方法创新教学方式（强烈建议大家去史老师朋友圈看看他的逗比视频）
181521,6146,史新杰,2023-10-21 03:01:23,0,1,1,232
215652,6146,史新杰,2025-03-03 10:55:27,2,2,0,讲课很有条例，中间穿插一些提问，有利于知识的理解
217638,6146,史新杰,2025-04-14 10:44:32,0,0,0,助教老师会手动签到点名，老师上课很有条理，会划很详细的重点
220413,6146,史新杰,2025-06-18 01:12:55,0,0,0,老师讲课很细心生动，收获多多
128172,6179,李学文,2020-12-09 19:04:40,5,10,5,亲切温柔，给分挺好的。
152685,6179,李学文,2022-04-18 09:04:56,3,3,0,人很不错的学术型老师！点赞！
155546,6179,李学文,2022-06-14 07:53:26,8,10,2,考试前来打个分~老师看了很多书，但是感觉适合学术理论研究，不适合教书hhh，上课有点听不懂，抓不住重点，但老师人还是挺好的。
155930,6179,李学文,2022-06-16 15:11:51,2,4,2,期末考试巨难！！！要背的东西很多，还不划重点……\n\n平时讲课也不太清楚。。
155944,6179,李学文,2022-06-16 16:09:45,1,2,1,不讲武德，说闭卷会划重点，什么都没划
158843,6179,李学文,2022-07-02 16:02:04,12,13,1,老师很亲切温柔，学识渊博，给分挺好的。有种典型的学术型老师气质，有自己的风骨和坚持。唯一的缺点就是上课有点听不明白…
159324,6179,李学文,2022-07-13 00:26:26,8,8,0,老师特别注重个人的思考，尤其是读书报告，千万不要抄袭，好好读书，写出自己的见解就好了。不过期末闭卷确实背的很多，个人建议提前开始准备，不要考试前才开始背。我是在考试周前两周就开始每天看一些，所以其实背的不是很累。而且老师出的题基本都是PPT最重要的，很偏的几乎没有，所以背的时候有所取舍，上课注意一下老师重点讲的，满绩还是可以的。
160865,6179,李学文,2022-10-17 12:27:24,3,3,0,老师人很好，对待学生非常耐心亲切也很负责，对待学术研究非常认真严谨。虽然有的时候讲课确实听不太明白，但是可以看出来老师对学术是有追求和热爱的。
192611,6179,李学文,2024-05-25 03:03:30,1,2,1,太抽象了
196881,6179,李学文,2024-07-05 17:35:54,3,4,1,唉，回答问题算多的，课堂实验也是都积极参加的，考试感觉写的也不错，本来想拉惨淡的绩点一把，没想到反而拖后腿了，真睡不着。老师你上课逻辑真的得再理一理…
196921,6179,李学文,2024-07-06 02:18:38,1,1,0,看得出来很有学术思考，但是授课的话感觉有点听不懂，有点乱。以及，给分不太好（全勤平时分还额外多加一分，并且感觉期末答得还可以）
122340,6433,张诗蕾,2020-02-24 12:58:08,5,12,7,什么sb老师！学院的对外交流项目sb的要死，老师没什么能力，只知道讨好继续教育学院的老师和中介机构！浙大怎么会养这种闲人！
159834,6620,金鑫,2022-09-05 12:19:34,1,2,1,老师好帅好温柔！好喜欢！
161339,6741,邵立,2022-11-04 09:09:09,10,10,0,比较政治导论和制度 强烈建议政治学的同学早点选 老师人超级nice 能学到很多
162076,6741,邵立,2022-11-16 12:47:58,13,13,0,真的很可爱ww头大大的圆圆的，有很多知识
163771,6741,邵立,2022-12-16 05:40:42,3,4,1,很可爱嘤嘤
170610,6741,邵立,2023-03-07 06:37:26,19,19,0,在搞学术之余不忘快乐游戏，公管的未来steam的王者，邵立老师，政行学子的正确选择
173168,6741,邵立,2023-05-15 00:51:20,2,2,0,外专业学生来选《比较政治学导论》做跨专业（跨度真的…有点大）（最后总评85分，我觉得还是挺贴切的）。\n\n老师和蔼可亲hhh，但是诙谐之余又不缺少专业素养和教学态度——无论授课内容还是授课方式都非常好！学期初会把评分标准、课时安排等列出来发一份大纲，很清楚详细。感谢我的组员带着我这个小拖油瓶入门呜呜！结束后回望，感觉有很多思维方式、基础知识上的收获，是很有价值的一门课！
174096,6741,邵立,2023-06-06 07:37:45,4,4,0,比较政治学导论，外专业辅修。邵立老师学术水平是外行人也能看出很高的那种，上课信息密度不低，需要认真听，不过好在期末考试提前划重点。对读书报告和书评的要求是不低的
196369,6741,邵立,2024-07-03 06:38:48,2,2,0,首先老师给分是真的好！！外专业人选课，导论和进阶课都上下来了，虽然强度略大（特别是进阶课需要准备文献综述和展示），但是能学到的东西真的很多！能感受到老师在手把手地教我们学术训练范式，参考文献选择是最新最好的，老师的学术品味没的说；导论课的期末作业也会给评价和修改意见，真的感觉受益匪浅。还会定期推送一些学术前沿讲座鼓励我们参加，对学生这么真诚的老师没谁了！一整个长学期下来感觉自己的阅读和写作能力都有所提升，非常感谢老师！！
199764,6741,邵立,2024-09-29 07:02:14,2,2,0,大头娃真的好
218666,6741,邵立,2025-04-28 12:07:56,0,0,0,🎵圆头圆脑圆肚皮🎵\n\n给分特别好
127214,6743,菅志翔,2020-11-14 07:41:43,1,3,2,总是有的老师不用在乎她的给分。课程逻辑性强人也很温柔，力荐
141560,6743,菅志翔,2021-10-14 16:27:51,0,3,3,这门课事情贼多，想拿低分或者想被队友气死/下黑手的就去学
144584,6743,菅志翔,2021-12-22 12:03:46,1,5,4,大学里的好老师，讲课很有逻辑，听同学提问的时候很认真，眼睛亮亮的。课程事少分高，前提是找到好组员。
189675,6743,菅志翔,2024-01-26 14:29:15,0,1,1,老师人非常好，圣诞节还发巧克力，眼睛亮亮的，很认真耐心回答同学问题。
189718,6743,菅志翔,2024-01-27 10:53:15,-2,2,4,外专业，在这门课上从老师身上学到了很多，无论是社会学研究方法还是一些老师经历的小故事，都非常值得一听，最后也取得了不错的成绩。
189719,6743,菅志翔,2024-01-27 11:50:26,7,8,1,本人4.2\n\n客观评价查老师的均绩偏高了不止一点点
218580,6743,菅志翔,2025-04-25 04:43:47,0,1,1,非常差劲儿
220837,6743,菅志翔,2025-06-20 05:27:50,1,1,0,非常好的老师，上课准备很充分。
221430,6743,菅志翔,2025-06-23 11:15:00,0,0,0,中华民族共同体概论，任务是一篇期中论文加下半学期的一个小组pre，菅老师负责下半学期授课。她特别善良，听报告很认真，能写满整个黑板的笔记，评价也很全面，学识也的确很渊博，能讲特别多的民族知识，如果对这方面感兴趣一定能学到很多。而且老师非常慷慨，每次报告都自掏腰包给同学们买茶歇，课程结束之后甚至还请同学们到成均苑吃大餐，让我这个上课老是玩手机的人很惭愧O_O
141061,6887,李实,2021-09-22 11:56:02,16,17,1,超级棒的老师！很有深度
158903,6887,李实,2022-07-03 06:33:35,8,9,1,入股不亏 给分OK的
158910,6887,李实,2022-07-03 08:04:15,7,8,1,水平高，经历丰富\n\n真正用心做学问的学者，也是个好老师\n\n讲课有趣，注重培养学生自我思考的能力\n\n选课不亏(￣▽￣)
161733,6887,李实,2022-11-11 13:30:53,12,14,2,学术界的超级巨佬。我人生的偶像。\n\n作为一个立志学术的本科生，我对李实老师只有‘钦佩’二字！李老师实在是太牛了！
174817,6887,李实,2023-06-18 12:40:21,-13,3,16,差劲1
175226,6887,李实,2023-06-22 14:12:50,9,11,2,（）不知道说差劲的人出于什么心理（）这种大牛能给本科生上课（）好好听着吧（）内容也比许多迷的课好多了吧（）作业和考试又没有（）就一个展示还不好吗（）
198261,6887,李实,2024-09-06 03:10:20,3,3,0,温文儒雅！有深度！
201436,6887,李实,2024-11-02 19:06:14,4,4,0,国内收入分配领域领军人物。在他的带领下浙大公管获得A+评级进入国内顶尖
127581,6940,马高明,2020-11-24 15:32:58,7,21,14,马老师超关心学生！
179598,6940,马高明,2023-09-18 14:05:34,18,23,5,大学写作社会，不建议大家选任何大学写作但老师很好，20个人的小班老师一眼看全不能逃课也算是一种点名吧。老师很认真负责，上课会分组玩一些小游戏做一些分享，会教大家怎么从知网下文献怎么用zotero这些软件怎么正确规范地进行文献引用。课程要求需要写一篇800字读书报告一篇两三千文献综述（大学写作社会统一），主要讲关于社会保障的书比如资本论正义论（挑一本细读写相关文章），一定要选一门大学写作的话还是很推荐马老师的。
179717,6940,马高明,2023-09-19 13:08:00,7,7,0,马老师人很好
185110,6940,马高明,2023-12-26 10:08:05,9,9,0,马老师人真的超级好，塞尔达领域大神，他的大学写作课事少还有趣，能学到很多。不管给分怎么样，如果大学写作社会的小班课能分到马老师还是很幸运的。
189218,6940,马高明,2024-01-22 11:49:08,9,10,1,马老师很真诚，是真的想教你点东西、希望你进步的那种好老师，他会把steam带来给大家玩塞尔达，也会带巧克力来给大家吃。马老师的写作课虽然是“社会”板块，但是他本人在很多方面都有涉猎，是很博学的老师。他的口头禅之一是“我很open的，大家放心”，事实也确实如此，虽然要求选读的书不好读，但是上他的课感觉挺愉快、挺有收获。
193245,6940,马高明,2024-06-05 05:16:42,11,11,0,儒雅文士方显人大风姿，前八周能不能金立下去换马老师，神中神！！
198262,6940,马高明,2024-09-06 03:12:51,1,1,0,马老师真的人超好！是一位用心做学问的老师了！\n\n人非常的真诚！对学生特别用心！
201201,6940,马高明,2024-10-30 05:30:43,2,2,0,马老师人特别好，特别关心学生，是同学们的良师益友！
201566,6940,马高明,2024-11-04 11:15:34,7,7,0,有点东西 塞尔达老师
201639,6940,马高明,2024-11-05 05:35:53,4,4,0,有幸做马老师四年的学生，非常非常关心学生的好老师
205561,6940,马高明,2024-12-09 08:39:44,4,4,0,马老师真的很好，虽然自称水货，但是一点都不会水，上课幽默风趣，其实真的有东西！！！快选！！！
205837,6940,马高明,2024-12-12 07:24:07,5,5,0,选到就是赚到
206533,6940,马高明,2024-12-16 02:02:11,2,2,0,老师真的好，在大学写作课上拓展教学，教学思路也清晰
211315,6940,马高明,2025-01-11 07:43:59,8,8,0,“我允许所有人无故缺课一次，双十一要购物？晚上想睡觉？没关系。事假不扣分，如果你想陪女朋友让她写个条就行”“你们放心水货老师人水分数永远不水，大家分数都是很高的”“大家都知道我们大学写作90以上不超过30% 你们不用担心 我们班绝对超 我自己去跟学校说”“文献综述雪灾浙大ddl就十二号吧 如果你还想休息会也没事 给我发个邮件 你十五号再交 这是学校底线了”就冲这几句话谁不想选他的课
213136,6940,马高明,2025-01-16 05:33:01,3,3,0,马老师是我这个学期最喜欢的两个老师之一，有亲和力爱笑，虽然没有出分，但是在课上的欢乐是真的，上课不是照本宣科的读那些老掉牙的东西，而是用更有趣的方式来教我们真东西，虽然自称宇宙第一水货，但是真的无敌好啊啊啊啊啊，无脑可冲，lc助教也是温柔没边，耐心教我们写论文，无敌啦
213498,6940,马高明,2025-01-18 02:13:37,1,1,0,马老师真的超级好，上课很有趣，给分也很好，而且非常体谅学生，选到就是赚到
213971,6940,马高明,2025-01-22 08:25:28,1,1,0,马老师人超级好，lc学长人帅还脾气好，特别认真负责，虽然马老师自己说自己是水货老师可是如果你想认真听他讲课会发现他讲的很多东西其实都很有用！！给分超级好！！一晚上速通的论文拿了92！都来选
214882,6940,马高明,2025-02-19 00:00:53,0,0,0,马老师真的人超好，上的他的大学写作社会，很实用地教我们ai写作和论文规范，大一小登收益了。而且人很幽默，还给我们看打游戏，带零食
215639,6940,马高明,2025-03-03 06:42:08,0,0,0,马老师上课只有一次展示和期末论文，上课很有趣和深度
215670,6940,马高明,2025-03-04 02:19:06,0,0,0,期末自定义ddl，最迟可延期至下学期末，会让同学自己定ddl。期末论文选题非常开放，无论选什么题目都会支持，我当时选了一个比较敏感的论题，马老师还认真的跟我讨论怎么样把这个选题写的更好，最后也是拿到了4.8的绩点。课堂氛围非常开放，基本上属于畅所欲言。而且在马老师的课上他会教你怎么正确使用ai，让ai生成的文章跟你自己写的一样（马老师叫这个是水货技巧）。事假的理由可以千奇百怪，同组的一个同学因为暴雨不想出去请假都能批。任务雀食少，毕竟他让你用ai做也不费力。除了塞尔达高手，马老师应该再加一个黑神话高手。
160681,7125,李莹珠,2022-09-30 11:23:48,8,9,1,李老师讲课生动有趣 干货满满
164747,7125,李莹珠,2022-12-25 04:20:12,2,3,1,虽然我还没上过课但希望对得起我给的十分
171028,7125,李莹珠,2023-03-14 11:17:28,2,2,0,超棒！
171771,7125,李莹珠,2023-04-04 13:43:02,-1,2,3,不点名的通识，本来应该翘课，但是老师太有趣了，腿自己动起来去上课了 2333
171926,7125,李莹珠,2023-04-12 15:25:47,0,1,1,老师超好，通识课干货满，看看给分怎么样
172235,7125,李莹珠,2023-04-23 07:14:44,2,4,2,亚洲经济发展，第一节课老师就表明【这门课不点名，】，到第八节的时候，去听课的人还是很多owo\n\n老师讲课讲得很好，想听课可以学到很多东西，不想听课的话也不会影响成绩。不点人回答，老师随口问的小问题也不用举手回答，直接接话回答就能记加分，下课后在钉钉给老师私信发名字就行。比如有次老师说到“瑞士旁边的一个小国家，念那个名字我每次都舌头打结”，我在第三排随口说了一句“列支敦士登”，最后竟然也算一个有效回答。\n\n无小测，无考试，有一个小组合作pre，一篇期末论文，工作量不多，摆烂人很舒服。\n\n事少，给分好，讲课好，不点名，老师可爱，亚经发放心选！\n\n(*･ω･)
173336,7125,李莹珠,2023-05-19 13:17:30,0,1,1,事少给分不错
173367,7125,李莹珠,2023-05-21 13:46:05,3,3,0,课还挺有意思的
174978,7125,李莹珠,2023-06-20 13:36:04,1,2,1,课很好
178358,7125,李莹珠,2023-07-11 01:38:48,2,4,2,上课过于随意，上课举手发言算分数，期末这个小组讨论有点困难，她评价蛮尖锐的，理科的同学慎选，想高分很难（这个老师情商不好
178500,7125,李莹珠,2023-07-12 15:36:38,0,1,1,很好的老师，点赞！
178769,7125,李莹珠,2023-07-22 04:59:18,0,1,1,事少，不点名，人也不错。小组做pre的留学生同学临时说他是线上的，加上ppt的字都念不流畅，以为完蛋了（也算是个教训吧www。不过我自己的论文写得挺认真，最后给分挺好的。
192312,7125,李莹珠,2024-05-15 00:31:13,-7,4,11,纯纯出生
192809,7125,李莹珠,2024-05-30 17:05:06,0,0,0,老师讲课还是很有意思的，干货满满。但上一个给我这么低的通识分数的人还是军理的lq……也可能是因为我对经济就和对军理一样一窍不通吧。让我有些疑惑通识课的论文要写到什么水平，毕竟课堂本身也更像是对亚洲各国和各个合作组织点到为止的介绍。
193009,7125,李莹珠,2024-06-02 11:56:06,1,1,0,半个月前就出分了，居然今天才看到qwq老师明确不点名，上课干货比较多，但其实也只是偏向于介绍。考核是发言+小组展示+个人论文，老师貌似对百分制和绩点的对应关系不太清楚（是的没错我被卡绩了555）我们组的小组展示应该算出彩的，但我个人上大学第一次写论文所以一般般，最后给分还可以接受，但肯定不如某些公认给分好的老师。
220546,7125,李莹珠,2025-06-18 12:30:38,0,0,0,分不错事少
221490,7125,李莹珠,2025-06-24 04:48:58,0,0,0,上的是李老师的《亚洲经济发展》课程，老师上课从不点名，课程的任务也很少，只有一篇期末论文和一次小组展示，老师为人也很和蔼，但是感觉老师的历史素养稍稍有点尴尬，可能也是老师自己提到了自己是理科生的原因吧
161450,7195,谢倩雯,2022-11-07 04:18:43,0,3,3,老师人很好，关键结课pre白嫖了两次奶茶，还拿了水果券嘻嘻
163870,7195,谢倩雯,2022-12-16 10:02:27,0,1,1,给分不好
171473,7195,谢倩雯,2023-03-25 10:23:31,-1,2,3,老师上课很认真，也很幽默噻！结课作业也不难，给分超级nice~重点是在课上学到了好多东西，入股血赚！！
171477,7195,谢倩雯,2023-03-25 13:24:06,-1,1,2,老师上课讲得很细致，超级负责，给分也很不错！
171479,7195,谢倩雯,2023-03-25 14:17:01,-1,0,1,老师上课超认真，干货多多，给分公平合理，而且很高！每一次的课堂气氛都超级活跃，很喜欢大家积极回答问题的感觉！
178197,7195,谢倩雯,2023-07-08 01:34:08,0,0,0,年轻老师上课
183669,7195,谢倩雯,2023-11-28 09:30:18,3,4,1,呵呵了  只能
200561,7195,谢倩雯,2024-10-19 04:43:33,6,8,2,我觉得在上课语言上 没有人文关怀 有些话听了让人觉得非常刺耳
215351,7195,谢倩雯,2025-02-25 09:36:39,9,9,0,跟楼上同学的感受一样，这位老师非常缺乏人文关怀，并且给人一种非常高高在上的感觉。说话很多时候感觉在阴阳怪气的。好奇去查了下她的学术发表，Emmm一言难尽，感兴趣的可以自行去搜索。
158948,7204,汪笑溪,2022-07-03 19:47:52,0,4,4,很喜欢老师的课，听得最认真的专业课啦，收获很多，给分也不错🙏
219683,7204,汪笑溪,2025-06-04 04:54:55,1,1,0,老师很好，上课内容丰富，考试也不算很难，就是有点做不完。小组作业要求有点高
125080,7645,黄洁,2020-08-28 10:03:57,1,1,0,黄老师很亲民，和学生打成一片
133918,7645,黄洁,2021-03-09 11:35:36,1,1,0,还可以
146140,7671,余露,2022-01-05 14:34:17,1,20,19,不知所云
158617,7671,余露,2022-06-30 18:22:49,-26,9,35,讲课差给分烂，能逃快逃
169061,7671,余露,2023-02-24 07:23:36,15,15,0,给分很好，很关心学生，上课准备很认真，是很好的老师！
172766,7671,余露,2023-05-06 10:33:07,8,10,2,余露老师我真的强推！！！特别温柔特别好的老师！！！在同学做pre的时候会很认真听还会做笔记！！！
182624,7671,余露,2023-11-18 14:06:33,4,4,0,老师是班主任，真的人特别好，很关心学生，和我们像朋友一样，很愿意在各个方面给我们给出建议。\n\n从上课来说，给分超级好，不足之处是可能有些缺乏上课经验，节奏控制得不是很好，但是老师也有在听取大家的建议～\n\n总之不给满分对不起余老师TT
184768,7671,余露,2023-12-22 14:40:03,4,4,0,露露超负责超棒，给分也好上课也好人也温柔，我爱露露，最爱露露没有之一！！！
184772,7671,余露,2023-12-22 14:51:55,2,2,0,遇到老师是我的幸运，关心学生的好老师
186463,7671,余露,2024-01-11 07:51:38,5,5,0,我导是最最最最最温柔的老师！读博读硕都很推荐！！！认真负责，关心学生，特别亲切！！！
192323,7671,余露,2024-05-15 06:44:55,1,1,0,好好好
194841,7671,余露,2024-06-25 16:10:20,1,1,0,体贴学生，上课认真，给分好
203024,7671,余露,2024-11-16 03:19:44,2,2,0,最好的老师
218012,7671,余露,2025-04-19 06:59:03,0,0,0,非常好的老师。
219726,7671,余露,2025-06-05 01:53:24,0,0,0,余露老师特别温柔，上课也会结合很多自己的科研经历中的很有意思的事，上课超级认真负责，结课任务也很轻松，推荐！！！
127846,7717,杨超,2020-11-28 12:44:26,8,8,0,最后一次课送我们书也太好了8！
138413,7717,杨超,2021-07-09 03:53:01,7,8,1,太喜欢杨超老师了！人真的很好很有趣也很为学生着想，没有一点架子真心的为学生学到知识而努力的老师
139738,7717,杨超,2021-07-22 09:21:22,5,6,1,9...99？\n\n杨超老师yyds！！！
141176,7717,杨超,2021-09-25 16:37:31,6,7,1,我又来给杨老师刷分了，希望将来杨老师留在浙大当教授啊，太好的老师了！！\n\n从来不觉得是老师在给我们上课，而是一个知识广博的朋友在耐心引导我，所谓如沐春风大抵如此罢！
159442,7717,杨超,2022-07-20 04:57:29,1,1,0,超好！！！！！
164524,7717,杨超,2022-12-21 12:15:42,1,1,0,很温和很会体谅学生的一位老师！！上的是他的大学写作课，因为疫情的原因就是在线上上课，很喜欢这个老师！
165022,7717,杨超,2022-12-28 11:38:52,2,2,0,老师真的很温柔，有谦谦君子的风范！！！
165154,7717,杨超,2022-12-29 11:24:24,0,1,1,还可以
173100,7717,杨超,2023-05-13 11:15:45,4,4,0,老师特别特别好，很幸运成为他的学生
178257,7717,杨超,2023-07-09 02:26:34,14,15,1,亦师亦友
178356,7717,杨超,2023-07-11 01:18:36,8,8,0,yc老师是我在信管遇到的脾气最好的老师，他对待自己的研究认真而专注，对待自己的学生非常关心而懂得换位思考，他不会像某些老师那样张口闭口谈自己获得什么荣誉，也不会和某些老师一样面对学生的疑问而当作是挑衅。他在谈论自己的学术研究永远保持着谦逊的态度，力求从学生的想法中提取有益的观点来丰富自己的研究，真正把一门课上好，或许老师还有一些不完美的地方，但我根据我上课的体验，和老师交流的过程，学术论文撰写过程中与老师的探讨深入，以及老师设定的一系列宽松的ddl时间，都说明这是一个很难得的老师。
180911,7717,杨超,2023-09-28 06:07:07,3,3,0,杨超老师是宇宙最好的老师！如沐春风！春风化雨！
182161,7717,杨超,2023-11-11 05:20:59,2,2,0,杨老师真的好老师啊！上个学期上的信息组织，最后没注意论文超字数了给老师发邮件，但是老师回复超级耐心，也没有因为我没有遵守规定就态度很差，最后给分还超级好我哭死
183109,7717,杨超,2023-11-22 08:34:48,5,5,0,给老师20分，这是溢出来的10分
184843,7717,杨超,2023-12-23 11:14:41,3,3,0,全世界最好的大学班主任，想给100000分
213473,7717,杨超,2025-01-17 14:45:09,1,1,0,老师人超级好！
216869,7717,杨超,2025-03-27 20:34:07,1,1,0,这确实是好老师啊，给分好，事情少，不点名还给论文辅导。
217320,7717,杨超,2025-04-08 11:20:40,1,1,0,无敌好
124119,7777,杜锦佩,2020-06-24 13:05:34,0,1,1,老师人挺好的，职规的内容就中规中矩吧，但认真写写职规书还是有收获的。
124121,7777,杜锦佩,2020-06-24 13:38:57,1,2,1,老师不算很出色，但也没什么雷点，毕竟是水课，给分感觉还行
125129,7777,杜锦佩,2020-09-01 12:42:15,1,3,2,没给3.3已经可接受，课友很不行是真的
131076,7777,杜锦佩,2021-01-26 01:08:17,2,4,2,中规中矩，没有雷点\n\n考试前竟然一直在读诚信守则。。。\n\n考试时也三番两次提醒我们有360度监控。。。\n\n到底是有多怕我们思修作弊啊（雾）
143336,7777,杜锦佩,2021-11-23 13:33:53,7,9,2,不怎么样
152219,7777,杜锦佩,2022-03-30 15:45:19,2,2,0,不太行
152220,7777,杜锦佩,2022-03-30 15:46:42,0,0,0,………
162613,7777,杜锦佩,2022-11-29 06:17:46,5,5,0,毫无责任心，查老师不能选负分和零分真的很遗憾，一分难以正确描绘该老师
172440,7777,杜锦佩,2023-04-27 02:39:41,1,1,0,...
191997,7777,杜锦佩,2024-05-07 05:59:45,0,0,0,给分依托，二十个人的班还要强制要求正态
204163,7777,杜锦佩,2024-11-25 01:09:36,0,0,0,好拽啊
212637,7777,杜锦佩,2025-01-14 10:22:16,2,2,0,sbsbsb给分居然才3.9
128208,7801,杨国富,2020-12-13 11:44:55,0,4,4,人好事少
156914,7801,杨国富,2022-06-21 10:30:10,0,0,0,事少给分好
166527,7808,师小芹,2023-01-12 15:35:57,7,9,2,老师的经历相当传奇，人生观也很豁达，上课说话很勇敢，会追问发言倒逼学生思考，对抗压能力有一点要求，认真看书的话给分不会差（老师曾在课后透露她一眼就能看出谁的读书报告是自己写的谁是抄的）
197149,7808,师小芹,2024-07-08 07:02:20,5,5,0,国际政治理论课需要主动发言，计发言次数，算入平时分。老师基本每节课都会布置讨论题，而且对发言的质量要求高，会经常反问同学，对于学生临场抗压和变通能力要求比较高。此外还需要写两篇读书报告和一篇书评，若要拿高分，须认真阅读老师的要求，用心阅读，莫怀应付侥幸心理。总之是一门压力比较大、但认真完成收获不会少的课！
198592,7808,师小芹,2024-09-10 06:09:47,3,4,1,大师风范
201931,7808,师小芹,2024-11-07 12:40:19,5,5,0,上了师老师的研究生课《战略决策研究》来的，真的好棒！！不仅课程设计有意思，老师本人也富有思想，善于引导我们思考。可以说是目前学过最“寓教于乐”的一门课。
148616,7852,陈志钢,2022-01-13 04:26:39,0,1,1,老师挺好的 温润如玉 很喜欢跟学生交流 助教姐姐超级漂亮\n\n全球食物系统与政策这门课作为通识课来说。单就课堂内容而言其实挺硬核的 能学到很多东西 但如果你想水的话 闭卷考试绝对会让你劝退的 我喜欢在成绩没有出来之前评价老师 这样比较客观 不会带有主观情绪
150810,7852,陈志钢,2022-02-19 01:02:05,-1,0,1,感觉老师本身的研究很厉害，考试内容来自于PPT，对每个小组的展示都做出了点评，而且老师很和蔼
152329,7852,陈志钢,2022-04-04 08:48:22,1,1,0,作业贼他妈多\n\n给分贼他妈差\n\n目前最低绩点科目
161980,7852,陈志钢,2022-11-15 14:54:22,-1,0,1,老师水平不错。上课也很nice。能学到很多。但是事情比较多，有一次小组汇报（专题研究，还有小组论文），一次个人论文，闭卷考，考得蛮难。平时点名。我上课完全没听，小组干了分到的锅，作为一个对课上内容毫无想法的工科生，个人论文也是混过去的。考前花了一天时间猛背ppt，去考场默写。最后绩点不错，谢谢助教姐姐。
166601,7852,陈志钢,2023-01-13 03:24:40,1,2,1,第一次评价一门课……全球食物系统与政策，期末闭卷考不给重点和范围，要硬背的内容巨多无比，老师上课讲的很一般期末考全靠像背高中政治一样死记硬背。调研的事情很多，很认真做了调研也很认真背了最后老师给分也很一般。\n\n总结起来：把自己的课太当回事明明就一门通识……不仅事多还给分差……不想期末被这个搞差心情就千万别选吧
166611,7852,陈志钢,2023-01-13 04:00:09,0,2,2,客观说一下，这门课事情很多，上课想学也是能学到内容\n\n但是期末考试一定要好好准备，我背了一个星期，虽然最后被卡绩了，但也还算不错
166878,7852,陈志钢,2023-01-14 04:50:44,-2,0,2,老师挺厉害的，上课很有水平，是一门硬课。事情有点多，有评论短文，小组论文展示，闭卷考，认真做还行的。上课几乎没听，考试当天硬背一整天PPT，最后成绩还行。还有，助教小姐姐很漂亮啊啊，声音好甜好好听爱了爱了
166939,7852,陈志钢,2023-01-14 09:54:11,0,0,0,老师人不错，助教xjj很漂亮人也很好，上课的感觉很好🤔但是如果是来水课的话还是不建议了，因为硬核的课堂内容，一篇小组研究展示+大论文和不水的闭卷考试足够劝退😭说良心话，我的绩点倒也不能说差，只能说一般，可能和期末恶补PPT有关吧
167944,7852,陈志钢,2023-01-20 14:40:51,3,4,1,考试一定要复习，老师很牛，助教姐姐声音很甜，爱了爱了
168440,7852,陈志钢,2023-02-16 13:51:50,1,2,1,第一次评价老师，单从个人角度：\n\n说实话，教授是真的有教授该有的风貌，上课紧跟时事，认真听会觉得有很多“出乎意料”的小常识之类，但是说实话，有种看碎片化知识感觉，就像是教授来做讲座，我们听听，然后左耳进右耳出，只有一些自己比较感兴趣的点会被记住。课堂上老师与大家的互动也比较好，也不会说大家回答的不好之类的。\n\n这次的小组合作，匹配到的人都很好qwq，唯一一次比较有参与感而且组内气氛比较融洽的小组合作，而且大家都好优秀，在最后ppt展示环节每个小组的课题都非常有趣而且有意义，非常用心！！！！！\n\n助教姐姐真的好好漂亮，温柔而又有力量，声音也好听！！！！！我真的很爱！而且陈老师和助教姐姐的交流是我心中非常完美的前后辈之间的交流。与《流浪地球》里面周老师和晓曦的相处方式完全一样！！！陈老师叫助教姐姐也是她后面两个字！有一次助教姐姐叫我们中一位学生的名字，也是叫他后面两个字，当场我就沦陷了，声音真的太太让人舒服了！\n\n唯一一点就是真的期末考试不会划重点，没有上课听讲或者说上课听可能都找到考试重点。最后绩点4.2，仅供参考
172101,7852,陈志钢,2023-04-19 11:12:43,-2,0,2,差，太把自己当回事了，开口闭口要向教务处反映啥的
187537,7852,陈志钢,2024-01-16 12:53:53,0,0,0,事多给分求是 差差差\n\n老师助教人不坏 课烂烂烂 农林经济管理的可学 其他人一个也不要来
187994,7852,陈志钢,2024-01-18 03:06:58,0,0,0,全球食品系统与政策，这门课实在太硬了，1500字短评不说，课程选题调研非常麻烦，平时花了很多时间整理资料，我在思修，史纲上花的时间加起来都没有这一门课多，还有最恶心的没有重点范围，完全靠背PPT的期末闭卷考试，真是就纯纯死记硬背什么都学不到，不想期末猛背PPT就不要选这门课。虽然老师和助教其实还可以，但这门课作为一门通识课太硬了，一个冬学期给我点了12次名，除体育课外，成功超过我秋冬学期其它所有课程的点名次数之和，事最多，分最低，同样的精力用在其它水课上绝对能冲满绩，一定一定要慎选。
189656,7852,陈志钢,2024-01-26 10:37:13,0,0,0,别选 想逼这门课改革
194337,7852,陈志钢,2024-06-23 09:02:27,0,0,0,挺好的老师，课也不是很硬吧，和两个室友一起选的，小组作业也挺轻松的完成了，没有做实地调研只是做了文献搜索和写报告，最后有小组汇报，还有一次个人的短评大概1500字。上课基本没听过，最后一天补天背ppt4.2，可以的。\n\n老师上课永远西装革履很儒雅讲课也很慢条斯理，没怎么听过就是了，每节课都会数字点名，还是建议和朋友一起选，自己选有点i人不友好真的
206430,7852,陈志钢,2025-01-08 04:15:57,2,2,0,首先，全球食物系统与政策这门课比较硬（最后考核肯定是不能水的，但也有比较轻松的方法）1000字左右的小论文（主要有关于生活，内容越让人想不到越好，格式什么的也没有正式的要求）一次小组展示（这个也避免不了，做好自己那部分就好了）闭卷考试（其实看历年卷然后找lpt的内容基本能答对60%，其他的看ppt，被重点就好）；其次，这门课的老师和助教真的很好，还有去青山村实地调研，替换了一个星期的课，能学习到很多关于粮农系统，生态系统的知识；最后，这门课是非常值得上的一门课！
208880,7852,陈志钢,2025-01-03 04:16:22,1,1,0,老师和助教姐姐都很好，但非常不建议选这门课，期末闭卷考太逆天了
210048,7852,陈志钢,2025-01-08 04:16:37,0,0,0,老师人很好，很温和，今年还带我们到青山村现场教学，就是课程比较硬
212484,7852,陈志钢,2025-01-14 05:21:05,-1,0,1,课是比较硬的，但最后给分还行？我猛背一天ppt，出分后感觉比其它也是纯背诵的课好
130482,7878,黄飚,2021-01-23 02:27:12,47,47,0,飚哥人超级好，备课非常充分，有干货，强烈推荐
130781,7878,黄飚,2021-01-24 14:19:28,43,44,1,老师不会点名，但是助教会签到。老师是90后，对工作又有精力又有激情，是情商和智商都很高的那种人，同学们就算回答有偏颇，也能适时的得到台阶。老师在自己领域反应非常快，知识也很渊博，时常能联想到一些相关的好的学习材料，课后会发给我们。考试还行，只要有好好听课就不至于答不出。
131650,7878,黄飚,2021-01-28 10:16:08,52,59,7,我相信会有一群同学来夸飚哥讲课有多棒，给分有多好\n\n\n\n你给我96分，我给你9.6分，四舍五入一下，我满绩，飚哥10.0！\n\n\n\n（不知道后面的公共政策学还是不是飚哥嘞）
133996,7878,黄飚,2021-03-11 14:29:37,38,38,0,飚哥nb
134710,7878,黄飚,2021-04-11 12:45:29,36,36,0,有情怀，有思考，有耐心，挺好的老师
136975,7878,黄飚,2021-06-29 05:02:34,32,32,0,好老师！
146018,7878,黄飚,2022-01-05 04:21:34,29,29,0,老师超棒！！非常体谅学生，上课干货多，年轻又帅气！成绩不卡绩 推爆大家去拿黄老师的公共政策学 肯定不后悔！！
146571,7878,黄飚,2022-01-07 03:17:23,24,25,1,讲的好给分高，开卷而且出的很简单，作为一个小白，听他讲各种案例，感觉自己对“真实世界”终于有了一点点初步的了解。做大pre的时候去采访校领导，也学到了很多…总之选就对了！一开始选的是王诗宗老师，后来发现是飚上课，感觉赚大发了。
146577,7878,黄飚,2022-01-07 03:26:45,23,23,0,好得把
154708,7878,黄飚,2022-06-04 03:45:51,22,22,0,黄老师真的超级好！！上课也很有趣！+10分！
162580,7878,黄飚,2022-11-26 07:35:14,10,15,5,老师水平很高，但我上课听不懂呜呜呜
167770,7878,黄飚,2023-01-19 03:55:30,19,19,0,飚哥真的超级棒，上了半年老师的课真的收获满满（以至于其他公共管理学院考试时候都在想黄老师上课内容），平时课堂上老师会和我们沟通交流很多问题和看法，也会给我们完成作业提供很多的思路和建议，老师也对我的课程论文写作进行了指导和点评，从老师这里真的学到了公共政策相关的论文写作思路和方法，干货满满！真的超喜欢老师
167771,7878,黄飚,2023-01-19 03:59:19,18,18,0,爱死飚哥 碰到摆烂组员 一学期都很难受 但是飚哥的给分充分肯定了我的努力 爱他啊啊啊啊
167882,7878,黄飚,2023-01-19 19:09:29,18,18,0,老师真的年轻有为 学到了很多 给分也很好！
169408,7878,黄飚,2023-02-26 03:41:52,20,20,0,跨专业选了飚哥的公共政策学，收获贼大给分好，上课贼有内容
170281,7878,黄飚,2023-03-02 12:12:05,20,20,0,老师很有想法和观点，人也很好\n\n公共政策学认真学是能有收获的\n\n想水也可以\n\n强烈安利!!!
173889,7878,黄飚,2023-06-04 06:46:25,17,17,0,飚哥我真的吹爆！！！！
178840,7878,黄飚,2023-07-25 05:04:14,-15,2,17,客观评价：\n\n老师上课很有水平，讲课通俗易懂，循循善诱。\n\n但从学术层面讲，老师可能欠缺一些国际视角和理论视角，观点相对狭隘，缺乏一些经济学素养（这也合理，老师可能更偏定性研究）。\n\n总体而言，黄老师尽管带有精英主义式的傲慢，但仍不失为一位好老师，推荐选课。也期待老师未来在学术上有更大的成就。
178892,7878,黄飚,2023-07-28 12:34:50,22,23,1,大体认同楼下同学的看法，不过有一些细节还可商榷。国际视野、理论视野和经济学素养等可能老师并不见得“欠缺”（详见其经历和学术成就），不过这很难专门在公共政策学/公共管理研究方法上一一向学生展现。黄老师尽量以放松投入的状态上课，有时难免显露其个性（但似乎不太伤人）。或许他会有点精英主义，但还不至于“傲慢”（跟他线下沟通的同学应该有感触，还是很亲切的）。
182156,7878,黄飚,2023-11-11 00:51:07,10,10,0,事情很多，但是确实能学到很多东西，给黄老师十分先
185402,7878,黄飚,2023-12-29 01:28:10,6,7,1,老师讲得好，人也温柔！工作量其实还算可以，不算太多，没有考试。点赞👍
189028,7878,黄飚,2024-01-21 09:59:44,7,7,0,hb老师的公共政策学！给分好，前期可能感觉任务多但是没有期末考也算是平衡了，而且老师上课幽默风趣，推荐来选！
191337,7878,黄飚,2024-04-18 02:54:43,6,6,0,黄老师的课堂很负责，最后分数的构成权重也都合理
192318,7878,黄飚,2024-05-15 03:15:57,5,5,0,特别幽默风趣，上课会有很多很有趣的例子
200142,7878,黄飚,2024-10-14 02:40:12,-1,0,1,。。。
214219,7878,黄飚,2025-01-29 04:16:40,7,7,0,老师人很好 讲课风趣 也善于引导同学们思考\n\n但这门课的任务属实繁重 特别是小组任务（nnd） 部分课程内容真的挺枯燥 \n\n而且今年给分真的一般 还是大年初一出成绩.
214273,7878,黄飚,2025-01-31 10:27:46,0,2,2,付出和结果不成正比，小组作业太多了，遇到摆烂组员真的很心累（不让自由组队，小组成员拿一样的分很不合理，一些人真的很摆烂让人生气，老师助教对此不管也管不了）总之个人项上本人已经很卷了，但结果真的不满意
134084,7892,徐元朔,2021-03-15 10:30:36,14,19,5,哇哦老师好年轻啊啊啊
134675,7892,徐元朔,2021-04-08 11:31:25,7,8,1,好老师，干货与讲课效果兼备
135604,7892,徐元朔,2021-05-17 01:07:05,23,24,1,好帅，上课感觉心情都变好了
135851,7892,徐元朔,2021-05-29 07:38:25,8,9,1,好老师，内容丰富
135900,7892,徐元朔,2021-06-02 03:47:50,8,9,1,帅！！！课程干货满满，老师人超级好，建议感兴趣的同学一定要体验一下！！！小徐yyds！！
136809,7892,徐元朔,2021-06-25 03:38:32,8,8,0,很幸运能成为老师在zju的初代学生🥺
138759,7892,徐元朔,2021-07-10 16:46:59,31,33,2,吾辈之楷模\n\n真正做到了传道授业解惑\n\n亦师亦友\n\n徐老师 很荣幸做你的学生
138762,7892,徐元朔,2021-07-10 17:16:21,7,7,0,徐老师yyds 备课超认真 干货超多 知识点讲的超清楚
138796,7892,徐元朔,2021-07-11 01:25:57,10,11,1,老师又帅又温柔，上课讲的很认真，喜欢打篮球，经常和学生交流，师生关系就像朋友一样，十分舒服
138851,7892,徐元朔,2021-07-11 08:25:39,8,8,0,徐老师yyds!年轻有为
140402,7892,徐元朔,2021-09-10 14:37:43,7,7,0,讲课好 人帅 还想怎么样
142478,7892,徐元朔,2021-11-12 04:41:28,10,11,1,徐老师zju第一班学生，同时我的第一个满绩，yyds！！！
144817,7892,徐元朔,2021-12-24 10:57:08,6,6,0,老师超好的
150900,7892,徐元朔,2022-02-21 02:21:58,5,5,0,老师性格超好，上课讲解细心，上课准备充足，上课体验感太好了！！！
151002,7892,徐元朔,2022-02-22 00:51:01,3,4,1,徐老师yyds！
151793,7892,徐元朔,2022-03-16 02:14:44,4,4,0,挺好的 上课很详细
155483,7892,徐元朔,2022-06-13 12:11:16,3,3,0,十分，我喜欢的类型
162688,7892,徐元朔,2022-12-04 13:12:36,1,1,0,不错哦
163937,7892,徐元朔,2022-12-16 15:52:42,7,7,0,徐老师人真的超级超级超级好，给分也特别特别特别好。上课讲的内容也很吸引人，会很认真听取同学们回答问题，有时候不敢举手小声回答，他也会立马get到你！！！咱就是说前两周下来，直接从最后一排坐到第一二排，真的很喜欢！！！内容也很丰富！徐老师的城管可以说是我上大学一年多真正学到，喜欢的课程。而且老师贼好。问问题会及时回你，而且会鼓励你。大家快冲！！！！！
168348,7892,徐元朔,2023-02-13 06:11:04,1,1,0,还行哦
172826,7892,徐元朔,2023-05-08 03:25:24,2,2,0,徐老师讲课全是干货，又很有耐心，还帅！完美老师
173669,7892,徐元朔,2023-05-31 12:43:12,2,2,0,徐老师yyds
177641,7892,徐元朔,2023-07-04 04:00:46,2,2,0,最完美的徐老师！\n\n专业性强，上课认真，备课扎实。\n\n性格特别好，很温柔，关心学生。\n\n长得特别帅！\n\n请问徐老师，上天为你关了哪扇窗？
179505,7892,徐元朔,2023-09-18 00:05:59,1,1,0,很棒啊！
179506,7892,徐元朔,2023-09-18 00:06:00,1,1,0,很棒啊！
180335,7892,徐元朔,2023-09-21 06:43:18,1,1,0,徐老师这学期去美国了，要下学期才能再上帅哥老师的课了
195671,7892,徐元朔,2024-06-29 11:24:46,1,2,1,很荣幸上徐老师的课
196643,7892,徐元朔,2024-07-04 12:52:12,2,2,0,老师真的很有人格魅力，讲课生动又清楚，找老师补选的时候老师会告诉你联系哪个行政老师进行补选，对待学生真的特别好，给分也很好。
215585,7892,徐元朔,2025-03-02 01:17:53,0,0,0,徐老师的课，干货非常非常多，一定要仔细听。还会讲很多毕业课题和论文的指导，人帅专业强！
216771,7892,徐元朔,2025-03-24 13:00:56,2,2,0,他真的好帅
221917,7892,徐元朔,2025-06-27 11:50:22,1,1,0,很有幸成为徐老师第三届毕业的硕士生，为人和学术都值得钦佩，人真的超级好！！！有一种如沐春风之感
157874,7893,林雯,2022-06-25 09:23:16,6,13,7,给分奇烂无比，不知所云
157875,7893,林雯,2022-06-25 09:24:07,9,13,4,快逃快逃，上课没啥逻辑给分还烂
158696,7893,林雯,2022-07-01 11:32:17,2,8,6,上面的几位为什么这么吐槽啊？我不太了解\n\n我眼里的 林雯老师为人和善，乐于助人，教学认真，给分在农经系也算可以的呀。我目前了解到的，我们这一届的最高能给到4.8\n\n（虽然我太菜了没拿到呜呜呜。而且我被卡绩了呜呜呜）
158763,7893,林雯,2022-07-02 02:26:37,6,11,5,楼上说身边人分高的既得利益者就别坑害学弟学妹好叭，不论给分，讲课是真的迷
158901,7893,林雯,2022-07-03 05:35:30,1,10,9,学弟学妹们不要被前面的评论吓到了。林雯老师真的很好的。\n\n说到上课，她上课的逻辑是典型的经济学研究者的思维逻辑，完全没有什么不知所云。\n\n\n\n展开来说，农业经济学课程的班级以农经专业的学生为主。其中大部分是非竺院专业班，少部分几个来自公管英才班，其他极少数是外专业的同学。\n\n我和我周边农经专业班的同学（也就是那个大多数），对老师上课的内容、逻辑， 完全没有任何接受上的困难，完全不会觉得不知所云。\n\n（于我自己，我甚至完全能get到她的思维逻辑是怎么展开的，她为什么会讲这个。有的时候瞄一眼她的PPT都能猜到她会在哪里拓展哈哈哈（虽然最后绩点并不算高））\n\n前面几位同学不太适应，大概是因为他们的学科背景不太一致，思维方式不太契合。但如果你是农经专业班的学生（是那个大多数），正常按照预置课表来，实际上学这门课完全不会有任何问题。不要被前面的恶评吓到哈。
160963,7893,林雯,2022-10-21 03:13:50,7,7,0,要求经济学背景
176551,7893,林雯,2023-06-29 08:57:10,3,4,1,虽然还没出分，感觉考得很烂但是老师叫我不用担心，真的人美心善又女神好吧！
187417,7893,林雯,2024-01-16 04:12:41,1,1,0,123
195626,7893,林雯,2024-06-29 05:38:12,5,6,1,人美心善好老师 会根据绩点对照表捞捞
197976,7893,林雯,2024-08-22 03:40:16,3,3,0,不点名，但要求经济学基础
198283,7893,林雯,2024-09-06 05:27:06,2,3,1,美炸了
199730,7893,林雯,2024-09-28 08:37:18,3,5,2,讲课生疏、时常卡壳，对于同学的题目不能做出专业回答，给分普遍70多
216546,7893,林雯,2025-03-18 08:22:26,0,0,0,不点名 要求经济学背景
145057,7930,张衔春,2021-12-27 06:33:37,-6,18,24,作业布置得太脱离学生能力了......还没出分，分数方面先不评价，但个人作业和小组作业简直是把你当专家看待，要你做那些网上找不到资料的作业，还不如考试呢
145887,7930,张衔春,2022-01-03 15:44:57,9,18,9,上课很仔细 为人很谦和
150363,7930,张衔春,2022-01-23 09:06:15,20,23,3,给分很nice 课堂也很轻松 特别是国土课 就是内容太多了......
151690,7930,张衔春,2022-03-12 05:58:41,7,11,4,老师给分很好，为数不多的会对小组展示内容给出反馈的老师
152148,7930,张衔春,2022-03-29 00:47:38,7,10,3,课堂内容很丰富 而且会仔细点评大家的小组汇报 人也很亲善 分数给的也很好 赞啊！
162514,7930,张衔春,2022-11-24 02:10:28,6,7,1,上课干货超级多~~给分也不错 如沐春风
167170,7930,张衔春,2023-01-15 04:38:08,8,9,1,老师人超级好，上课认真听的话收获很大，小组调研报告和论文好好写的话成绩不会差的
168060,7930,张衔春,2023-01-24 22:51:21,6,8,2,老师上课很认真，内容很丰富，对制度的理解很到位。鼓励同学们思考。期待国土课了
181189,7930,张衔春,2023-10-11 06:55:46,13,15,2,张老师来代了一节某老师的中土制度，在引发学生思考并引出逻辑链和结论、通过举例阐释概念、对知识体系的把握及讲解等方面真的完全爆杀了某念ppt老师
192098,7930,张衔春,2024-05-09 05:37:41,-8,3,11,怎么越来越觉得他跟笑面虎一样\n\n同是年轻老师 和隔壁张英男的感觉完全不一样\n\nzyn很真诚 他就感觉怪怪的（莫名
192538,7930,张衔春,2024-05-23 08:57:22,5,5,0,老师授课非常认真，课程内容丰富，提问也很启发大家思考~~点赞~
197750,7930,张衔春,2024-08-08 11:41:31,4,4,0,张老师上课很干货
199582,7930,张衔春,2024-09-26 00:45:48,2,2,0,房地产课讲了很多住房政策与原理，讲真学到了很多。张老师频繁互动，课堂氛围也很好
201946,7930,张衔春,2024-11-07 15:09:34,4,4,0,yyds
201947,7930,张衔春,2024-11-07 15:09:34,4,4,0,yyds
215225,7930,张衔春,2025-02-24 14:19:54,2,2,0,张老师讲课很耐心温柔，让人如沐春风
215584,7930,张衔春,2025-03-02 01:15:42,1,1,0,张老师讲课很有逻辑 干货很多 必须仔细听 收获很大 对质性研究有兴趣的必须听张老师的课
215774,7930,张衔春,2025-03-05 11:52:53,2,2,0,很有水平的老师，尤其是在论文写作指导方面，指出论文致命问题，醍醐灌顶！
219432,7930,张衔春,2025-05-27 06:52:52,0,0,0,对城市的理解非常深刻 上课能触类旁通 触发思考 是难得的好老师
128335,7965,蒋卓人,2020-12-19 06:58:13,1,6,5,老师水平很高，讲的内容很干货，但是风格太老套，略显古板
129885,7965,蒋卓人,2021-01-13 07:29:32,18,21,3,老师备课很认真，知识量超级大
133999,7965,蒋卓人,2021-03-11 14:31:31,11,13,2,干货非常多，信息检索领域的绝对专家
141177,7965,蒋卓人,2021-09-25 16:38:51,8,10,2,这学期的IR，先给老师打个10分，达摩院的技术大牛，既有干货又幽默风趣
141282,7965,蒋卓人,2021-09-28 07:32:36,6,8,2,技术向的老师
156261,7965,蒋卓人,2022-06-18 14:01:22,7,8,1,有点理想主义光芒的老师
168232,7965,蒋卓人,2023-02-04 15:57:44,2,4,2,在蒋老师课上能听到不少延伸的有趣内容，而且老师好像是达摩院的专家学者，在讲到知识点的时候常常能够听到目前大公司实际是怎么操作的内容，很干货
180912,7965,蒋卓人,2023-09-28 06:10:17,3,4,1,蒋老师是一个特别open、温柔的老师，达摩院大牛，但是人没架子，超级可爱、超级Q，上课也软硬兼具、干货硬核权威，给蒋老师拉大旗。
180988,7965,蒋卓人,2023-09-30 16:00:18,3,4,1,蒋老师的课很有趣，之前以为是比较技术的老师，不过最近的几节课都能感受到他的人文关怀。
198258,7965,蒋卓人,2024-09-06 02:44:55,1,2,1,上的社会\n\n老师人非常好，唯一毒点在于第二学期第二周有一次时间比较紧张的pre，需要小组之间尽快完成，其他的都很好，给分也很好。
201558,7965,蒋卓人,2024-11-04 09:15:16,2,2,0,研究生的课，超级超级喜欢蒋老师！\n\n老师人特别可爱亲切善良，总是给学生肯定，学术以及个人能力方面还是大牛的存在\n\n老师在课上会延伸很多观点，很多是我平时都没有想到过的让我耳目一新豁然开朗的见解，好多次感叹：原来这个问题还能从这个角度来看！\n\n总之老师的课我收获很多，很幸运有这么棒的课！
207361,7965,蒋卓人,2024-12-21 02:08:07,0,0,0,曼联死忠，前阿里大佬，干货满满，太可爱的老师了\n\n就是身为利物浦球迷看到他总想tease哈哈哈哈
216870,7965,蒋卓人,2025-03-27 20:35:10,1,1,0,蒋老师是我的班主任，猜猜我是谁。
135517,7970,谈婕,2021-05-12 10:21:26,-1,25,26,必须支持一下谈老师！
184476,7970,谈婕,2023-12-20 10:44:29,1,4,3,挺好的，ppt不错，课堂内容很充实。比较认真负责。
189700,7970,谈婕,2024-01-27 04:51:40,2,2,0,研究方法感觉一般，学年论文给分蛮水的哈哈
196018,7970,谈婕,2024-07-01 07:09:06,2,3,1,mpa来评，谈老师公共管理学讲得很棒！不点名，开卷考。
205494,7970,谈婕,2024-12-08 02:39:39,1,3,2,和善的老师，讲课很好！认真负责仔细！也会努力给大家高分！“我知道89分是一个对你们很重要的分数”
208654,7970,谈婕,2024-12-30 13:06:32,0,0,0,这样啊
214125,7970,谈婕,2025-01-25 02:13:12,4,4,0,谈老师是一位认真负责的老师。\n\n但是如果明年UPA的课的同学分组的时候抱人多的组的大腿，今年小组展示有一组只有四个人而其他组十人左右，最后四个人的展示部分都被扣了八分总评。\n\nUPA课说是刷脸给高平时分，但是目测好像刷脸和代签到区别不大。\n\n需要注意的是第一次小测好好考。老师总体给大部分同学的分还是好看的。
215024,7970,谈婕,2025-02-20 06:01:43,3,3,0,谈老师好，谈老师的课放心选就行了
215289,7970,谈婕,2025-02-25 04:06:37,0,1,1,人不错，讲得仔细。\n\n给分需要抱大腿，总体比较求是，但做的好的也会给高分。大腿胜过努力。
216696,7970,谈婕,2025-03-21 06:08:47,0,0,0,严谨的老师
135063,8028,刘珍,2021-04-28 14:18:56,9,11,2,联合学院的inequality课，任务量还好，没有考试，有quiz出勤率不错，但听课的极少。老师很温柔声音很小。
135945,8028,刘珍,2021-06-04 09:00:57,-17,5,22,平时轻声细语，期末就搞绩杀？快逃！
139965,8028,刘珍,2021-08-22 14:38:05,-19,4,23,大绩杀，英语口语差，课程质量差，千万别选。
149756,8028,刘珍,2022-01-16 17:51:06,6,6,0,老师很温柔，回答问题很耐心，给分很好。就是上课声音有点催眠…略困；但笑声挺搞笑的，可以让我稍微清醒一点。
150674,8028,刘珍,2022-02-11 13:14:04,1,3,2,workload不大，不过确实有点绩杀\n\n楼下的，这口语还差吗？
150879,8028,刘珍,2022-02-20 13:03:00,16,17,1,声音有点小，老师很好看
152221,8028,刘珍,2022-03-30 15:47:50,13,13,0,人美心善
152326,8028,刘珍,2022-04-04 07:19:34,10,10,0,老师本人是很温柔的，自身外形条件很优越，也不会一上来就把课程内容讲得很难。课后深入提问老师也会耐心讲解。
152554,8028,刘珍,2022-04-14 12:36:04,11,11,0,点燃学习兴趣
152556,8028,刘珍,2022-04-14 13:45:42,12,12,0,老师很好哇
154231,8028,刘珍,2022-05-26 12:23:13,0,1,1,workload挺小的，上课不用听，老师很温柔
154290,8028,刘珍,2022-05-29 07:30:20,-4,2,6,老师讲的很好，人也不错，就是给分不太高，甚至可以说有点低...
154314,8028,刘珍,2022-05-30 02:17:13,8,10,2,这个给分还不好吗
154588,8028,刘珍,2022-06-04 05:07:39,-12,5,17,期末搞绩杀\n\n从未缺勤，辛辛苦苦写完作业，最后拿个c，服了
154712,8028,刘珍,2022-06-04 05:45:24,5,5,0,quiz都是当堂写，没写就没分
159935,8028,刘珍,2022-09-09 07:43:44,-8,2,10,别的都好，除了绩杀
180781,8028,刘珍,2023-09-26 06:50:56,4,4,0,感受到尊重，作为一个“人”被看到。
193410,8028,刘珍,2024-06-10 02:49:36,2,2,0,平时认真出勤就可以了
134474,8070,罗梦莎,2021-03-29 14:26:21,7,11,4,上课读稿子，重复文献内容，并且事多...但是一学期下来读文献还是能提高很多的
139854,8070,罗梦莎,2021-08-02 08:38:34,6,7,1,课程任务量大，占用时间多。适合课少同学夯实相关领域知识选修～
149757,8070,罗梦莎,2022-01-16 17:55:31,1,2,1,老师人很好，讲课很认真，给分也好。其实事多只是表面上的，如果想水，每周文献+memo一小时绝对能完成，最后论文限3000字所以也写得很快
160988,8070,罗梦莎,2022-10-23 06:11:47,0,0,0,很适合想要继续科研的同学听，老师对于提高写作很有心得
222008,8070,罗梦莎,2025-06-28 15:40:19,0,0,0,老师上课很多干货，虽然事情比较多但是完整跟下来非常有收获！老师也很耐心！
199300,8075,胡伟斌,2024-09-20 13:33:39,0,0,0,沙发
192574,8232,詹鹏,2024-05-24 04:56:28,19,28,9,目前还没结课，但他的作业真是抽象的一批。
193488,8232,詹鹏,2024-06-11 14:26:05,4,8,4,给6不是因为讲的好 是因为有点6
197367,8232,詹鹏,2024-07-11 13:49:30,13,19,6,很无语，，，大家快跑，，，处事非常不和善，，，有点针对学生
197644,8232,詹鹏,2024-07-23 15:03:34,7,11,4,被狠狠急刹了
197649,8232,詹鹏,2024-07-24 04:25:10,3,7,4,作业很抽象 鼓励鹅颈...
197784,8232,詹鹏,2024-08-13 03:12:46,3,13,10,其实詹老师人还是挺好的，但是确实不适合上工资薪酬，对老师和学生都比较折磨：之前本硕都是统计学，博士是经济学，缺乏人力资源管理的经验；学生上课体验也比较一般，到最后听课的人不多\n\n如果让他上社会调查这种他一直做的课，或者是计量/定量研究方法这类他更加专业的课程会好很多，但是社保在培养方案和课程设置在令人失望方面从不令人失望，发挥太稳定辣👍
198264,8232,詹鹏,2024-09-06 03:15:27,7,13,6,教书水平 和科研水平配不上这么多课时 听一节课听你扯也就算了  上课教学内容更多是敷衍 就你这个水平 足以让天下经济学博士和教授为你xiukui
198265,8232,詹鹏,2024-09-06 03:20:56,8,13,5,情绪极其不稳定，汇报被怼跟汇报的好坏没什么关系。不管怎样，自己别内耗，别当回事
198541,8232,詹鹏,2024-09-10 01:10:30,-1,10,11,詹老师人挺好的，赞同楼下同学的说法，希望詹老师可以结合自己的专业背景（统计学），多讲讲自己擅长的课程。
199097,8232,詹鹏,2024-09-17 07:39:35,0,9,9,楼下的差评太震撼太迷惑了。。。别同名同姓看错了吧，我真的跟你上的是同一节课吗。。。授课内容确实有待商榷，但说老师情绪不稳定不和善针对学生到底是怎么得出的结论啊？课程给分平均4.74，这也能叫绩杀吗，大开眼界。。。
199951,8232,詹鹏,2024-10-09 08:53:48,-2,8,10,詹老师人挺好的，并非像一些同学所说的鼓励鹅颈、针对学生。不过他的个人背景，确实不适合上人力相关的课程，如果是统计相关的专业课会好很多。
206401,8232,詹鹏,2024-12-15 02:58:35,-1,7,8,老师人特别特别好，很关心学生！！
209443,8232,詹鹏,2025-01-06 03:13:52,-2,5,7,詹老师人挺好的，鼓励学生做科研训练，跟老师约时间有求必应，再忙都会抽时间。跟詹老师做科研训练收获很多。
214239,8232,詹鹏,2025-01-30 10:59:59,1,6,5,给分不错，一学期下来也学到了不少东西，虽然离想象中的还是有点差距（不是。。
214371,8232,詹鹏,2025-02-02 07:38:51,-1,4,5,詹老师人挺好的，也很关心学生~
216677,8232,詹鹏,2025-03-20 16:58:45,-1,4,5,詹老师对待学生的问题都能很耐心的回答～获益匪浅！
217193,8232,詹鹏,2025-04-14 15:39:52,8,11,3,水军别刷分 误导学弟学妹 上课没干货 不熟悉的人觉得他温润如玉 熟悉的人会发现 快逃吧！老师能做到的不好的都有 对学术听了一学期课毫无长进都是学生自己讲 他连课都不用备 对学生的前途 充满了算ji 考虑学生能为他做什么
218769,8232,詹鹏,2025-05-04 01:01:43,-2,1,3,刷高分的水课，一己之力提高保研绩点内卷新高度。
220345,8232,詹鹏,2025-06-17 11:15:16,2,2,0,话总说不清楚，该怎么听懂。一字一句像念经。照本宣科，毫无重点。
127614,8318,赵鼎新,2020-11-25 04:37:30,46,56,10,上课十分之爽，也看了大把大把的赵老文献，现在对他的思想脉络那可是烂熟于心（雾。有些懵球的点虽然提问题赵老有做出回答，但是经常没听懂。搞懂他是通过文献搞懂的，不是通过他的课堂，课堂是用来爽的。\n\n但是吧，方法论这个给分，我哇的一声就哭了。总之，建议就是，欢迎旁听。朋友们晚安。
127751,8318,赵鼎新,2020-11-26 10:27:43,28,31,3,赵老牛逼
152528,8318,赵鼎新,2022-04-14 04:45:21,5,8,3,从98过来的
159408,8318,赵鼎新,2022-07-17 12:37:41,7,9,2,大牛！
163596,8318,赵鼎新,2022-12-15 13:23:13,18,23,5,中国社会学之光，浙大文科之光
168482,8318,赵鼎新,2023-02-18 11:18:13,6,8,2,如雷贯耳\n\n如梦初醒
168926,8318,赵鼎新,2023-02-23 13:52:05,2,5,3,赵老师的课一定要看文献，《什么是社会学》对理解他上课的东西很有帮助，更加有逻辑。
188170,8318,赵鼎新,2024-01-18 10:10:52,6,9,3,赵老师什么学术水平就不用说了吧...方法论这门课内容主要以他的一些学术观点为主，上课非常爽，不过考核不管是考试还是proposal都有一定难度。
189170,8318,赵鼎新,2024-01-22 08:22:21,17,20,3,方法论课程比较硬核\n\n但是，能上赵老这个级别的课程，为何在意那一点绩点呢？有幸上过国内top级别的社会学家！
190877,8318,赵鼎新,2024-03-23 10:16:24,95,99,4,干4陈素珊之流，什么东西还竟然敢排挤您
194579,8318,赵鼎新,2024-06-24 11:54:28,1,3,2,不否认其学术能力。
207780,8318,赵鼎新,2024-12-24 08:49:58,2,3,1,大牛，看了好多他的文献
212120,8318,赵鼎新,2025-01-13 08:22:39,2,3,1,读赵老师文献颇受启发，就是觉得老师如果能亲自讲讲他的逻辑就好了。点评学生研究问题确实很可贵也颇受启发，但是一直点评感觉内容有点空。最后给分也不错。
213597,8318,赵鼎新,2025-01-18 12:43:24,1,2,1,大师，就是给分有点严格
218449,8318,赵鼎新,2025-04-23 15:18:08,-7,2,9,每次看到98上把zdx神化成圣人的帖子就想笑，要知道zdx是按照国家法律规定退休的，不再参加党政会议有任何问题吗？你见过哪个退休领导还对现任班子指指点点的？把自己当太上皇了？要整出个”祖宗家法不可变“？自己的权力一旦受到阻力就搞出”一封公开信“，玩dazi报，挟持舆论公开炒作，博取不知情同学的同情心，简直可耻，他和他的拥趸们把上世纪六七十年代的权力斗争术运用地炉火纯青。这么多人在吹他，可大多数人连他的课都没听过。我是把他两年来的《方法论》从头到尾听了2遍的，可以说40％的时间在吹嘘自己，40％的时间在批评各种上层，只剩下20％的时间在不知所云地讲课。全校这么多院系，只有社会学系领导班子换个届一天到晚整出各种幺蛾子。
143582,8352,Peter Ho,2021-11-28 01:21:16,8,10,2,非常可爱的老师，很努力的说中文。不过说英文也会慢慢说，会努力解释。讲课内容有趣，喜欢互动，有人答出来了会很激动，超可爱啊
159203,8352,Peter Ho,2022-07-08 02:19:34,12,15,3,认真负责，希望学生们每节课都可以获得新的知识，老师说不论是知识、感受，还是观点都是一种习得的经验~\n\n课业过程中负担太重，可以及时课后找老师聊天。（因为自己是个考试臭手，第二节课后向老师表达了晦涩的知识语块吞咽下去而应付考试的痛苦，有幸把这门课建议成论文考核~哈哈😄 学弟学妹们加油！
166648,8352,Peter Ho,2023-01-13 07:00:48,-1,2,3,l老师很友善，口语很好听，很清楚，英语一般也可以听懂。对学生也很关心，和国内的老师课程要求不太一样，但整体来说非常不错
166874,8352,Peter Ho,2023-01-14 04:32:57,2,3,1,不理解，作业认真完成，展示认真对待，最后3.6
167355,8352,Peter Ho,2023-01-15 15:17:00,2,3,1,课的作业量特别大
149758,8353,贺巧玲,2022-01-16 17:57:15,1,7,6,老师上课很有趣，据说以前还写武侠小说
184516,8353,贺巧玲,2023-12-21 08:19:29,1,2,1,老师课上得非常好，人也很好。
188543,8353,贺巧玲,2024-01-20 08:18:25,5,6,1,法律社会学事情不少的，不过老师上课很认真。本人分数一般，给分比较严格，看评论那位4.5的同学真的付出了好多
188568,8353,贺巧玲,2024-01-19 09:12:37,1,2,1,嗯、事情真的非常多，但是被绩杀了。小组作业做的很心累
188598,8353,贺巧玲,2024-01-19 10:46:37,0,0,0,给分有点低😭
188616,8353,贺巧玲,2024-01-19 12:09:40,1,1,0,老师很好，但是给分有点难看
188814,8353,贺巧玲,2024-01-20 05:05:02,3,3,0,法律社会学，课程任务是任选四次课的文献，阅读后在讨论区提问，并回答其他同学的问题；期中一篇纪录片的观后感（2000-3000）；期末一篇结合案例进行分析的论文（4000-5000）；不设置出勤分\n\n老师很美，讲课很有意思，理论之外会穿插不少案例，一学期下来收获还是挺大的，打破了我从前对于法律的僵化认知。\n\n根据反馈，老师给分比较严格。交流过程中也意识到自己在写作方面的许多不足，期末论文磨了很久，个人觉得要拿一个比较满意的分数还是需要下很大功夫的。
188835,8353,贺巧玲,2024-01-20 07:05:56,2,2,0,老师上课的内容非常开阔视野，但是因为是全英ppt所以想要理解的话还是得稍微认真一点听。事情不算少，4次读文献+memo、一篇2000字期中观影报告、一次小组展示、一篇5000字期末论文。最后拿了4.5，还是很满意的。\n\n看到有同学说给分不太好，我复盘了一下自己的学习，觉得有两点可以给后面选这门课的同学参考一下：\n\n1.要求至少读4次文献，如果学期比较忙的话，就把这四次读文献的机会好好把握住，认认真真啃完。因为文献的理论都要求在观影报告、小组展示、期末论文里用到，而且根据和老师的交流，她对我们运用理论的要求还是比较高的，避免生搬硬套的最好方法就是充分理解\n\n2.小组展示和写论文的时候都可以找老师聊一下，找找问题或者寻求建议，好好利用office hour！
189557,8353,贺巧玲,2024-01-25 11:09:13,1,1,0,讲得不错，事情挺多，给分很低，自认每个任务都认真做了且完成了也没缺课但拿了所有学期所有专业课的最低绩点TT有点子难过，但老师讲得还是挺好的…另外要读的文献绝大部分是英语，对能力要求可能比较高吧
190255,8353,贺巧玲,2024-02-26 13:53:43,0,0,0,超级喜欢贺老师～😍🥰
191216,8353,贺巧玲,2024-04-12 09:58:02,-9,4,13,美女姐姐！讲课特别好给分高
213174,8353,贺巧玲,2025-01-16 08:18:46,1,1,0,贺老师的法律社会学绝对的好课，不仅学到很多知识，改变以往认识中一些想当然的偏见，还事少分高不点名。
201877,8506,叶民,2024-11-07 06:07:51,-4,7,11,搞行政或者思政任务的，工程文化就是一个他的业绩项目，他到处蹭大佬的同框拉高自己的伪身份，学生跟着听一些院士的讲座，你说烂吧，好歹是院士讲的，你说好吧，真的什么都学不到.至于这个叶老师本身，那真是毫无营养，倒是有人情攀附的艺术呵呵呵。
205872,8506,叶民,2024-12-12 11:39:21,5,8,3,课程内容特别丰富，而且有特别多的名家大师来讲课，作为通识课太超过了
205975,8506,叶民,2024-12-13 02:29:18,3,5,2,比较有情怀，精神状态饱满，给人一种谦谦君子的感觉
152182,8797,吴桐雨,2022-03-29 14:01:26,1,2,1,工作社会学——老师人好又有趣。认真读文献、做作业、参加讨论的话很硬的一门课，但是收获也很多，系内最推荐的课程之一。
192353,8797,吴桐雨,2024-05-16 09:54:33,4,8,4,给分好差啊
192403,8797,吴桐雨,2024-05-18 02:36:54,5,5,0,特别好的老师，讲课好，也很注重鼓励学生
192408,8797,吴桐雨,2024-05-18 07:17:37,2,2,0,老师讲课真的很有意思，虽然总是要讲不完要拖课哈哈，但是收获蛮多的！
192986,8797,吴桐雨,2024-06-01 16:50:44,3,3,0,老师课讲得很好，课后还会和大家交流，很轻松自由的上课氛围，互动很多。但是最后分数不太好……可能是我没有认真读文献吧www
208171,8797,吴桐雨,2024-12-26 04:51:53,1,1,0,桐雨老师上课特别有趣，会跟学生进行很多交互，讲的内容也不仅限于理论，会结合很多现实案例。非常优秀的年轻老师，新书也很棒。浙大需要这样的新兴力量
208608,8797,吴桐雨,2024-12-30 05:09:44,3,3,0,老师不要走，打倒杜江峰！
210394,8797,吴桐雨,2025-01-09 05:09:27,0,0,0,老师你也要走吗🥹🥹🥹
151943,8902,SongHa Joo,2022-03-21 08:51:03,9,11,2,老师人挺好的
152912,8902,SongHa Joo,2022-04-21 14:07:03,5,6,1,老师是普林斯顿毕业的，讲的很好，也很温柔漂亮，期中考试给分不错
178170,8902,SongHa Joo,2023-07-07 12:01:50,2,6,4,如果是王正绪教，建议赶紧退课
205492,8902,SongHa Joo,2024-12-08 00:25:39,1,1,0,浙大你留不住朱松河老师就是罪该万死😡
135421,8904,李昂然,2021-05-10 06:24:20,3,3,0,听过老师的《高级定量分析方法》，真的讲得非常好！深入浅出，给分也很好，人特别nice，而且长得很帅！强烈推荐！
136783,8904,李昂然,2021-06-24 11:41:00,4,4,0,李老师人超帅，讲的东西也高级
149809,8904,李昂然,2022-01-17 05:29:45,-4,3,7,老师上课讲得挺清楚的。不足之处在于照骗。
151454,8904,李昂然,2022-03-03 13:41:02,8,9,1,和隔壁李林倬老师真的非常好可磕了！！！昂然老师上课一口一个林倬老师，林倬老师上课一口一个昂然老师，海尔兄弟名不虚传\n\n虽然我可能学不好定量，可是我真的磕到了cp呜呜呜
152568,8904,李昂然,2022-04-15 00:39:39,2,2,0,讲得非常清楚的老师！对待教学很认真！期末成绩还会curve哈哈哈哈哈
152571,8904,李昂然,2022-04-15 01:33:54,4,4,0,阿拉倬然不群是真的
161361,8904,李昂然,2022-11-05 01:07:52,2,3,1,老师人帅心善 讲课幽默风趣 穿卫衣的时候跟男大生一样😭和隔壁李林倬老师并称为定量双子星😭谁没去听过他们两个讲课我都会伤心的ok？
149760,8915,Kurtulus Gemici,2022-01-16 18:02:47,1,5,4,老师上课有区，给分好。老师给我多少绩点，我给老师多少评分。
152037,8915,Kurtulus Gemici,2022-03-23 19:09:05,-3,6,9,绩点乘以2就是给老师的评分！当然是满分啦～
157255,8915,Kurtulus Gemici,2022-06-22 15:14:31,3,5,2,老师超级好，上课有去，还会唱sound of silence
183945,8915,Kurtulus Gemici,2023-12-04 12:20:49,3,3,0,给分很好，不点名。每周阅读材料都非常难，但是幸好他都会发自制的lecture note来提要阅读材料的重点。note写得像小论文一样，条理清晰，文笔很好。不过，为了督促同学们读原著，听他说下一届不准备发lecture note啦？
153295,9093,周陆洋,2022-04-27 22:09:59,2,6,4,老师很好
159318,9093,周陆洋,2022-07-12 12:01:51,4,10,6,虽然作业有点多，但老师声音很有特点，而且可以说是社会学系外形条件最好的男性老师了吧
177157,9093,周陆洋,2023-07-02 02:14:59,2,6,4,老师对我们太温柔了，不管是讲课还是给分
177544,9093,周陆洋,2023-07-03 15:50:40,2,6,4,老师真的很好，期末大作业因为选题的问题很忐忑地发邮件问了一下老师，老师特别好地给我指了方向还给了相关文献，我真的哭死呜呜呜呜呜
177849,9093,周陆洋,2023-07-05 04:32:25,2,5,3,上的社会调查与研究方法，系里面改革过的课程，三个老师上，周老师负责比较历史部分。可以看出来几位老师对学术和教学都很认真，作业要求有点高但是努力一下可以完成，最后给分也还行。周老师和助教都很好（虽然比较历史是我三个部分里学的最糟糕的，到现在还搞不懂那几个概念...），唯一的一点意见是老师上课进度有点太快了（也可能是课时太少的缘故），不认真听容易走神。
184622,9093,周陆洋,2023-12-22 03:44:14,2,6,4,非常儒雅温和的老师，上课虽然平淡沉闷了一些，但内容非常充实
184866,9093,周陆洋,2023-12-23 15:40:18,3,7,4,周老师特别温柔特别好，讲课逻辑清楚，给分也超好！以及绝不拖堂（下课了比同学消失得还快哈哈哈）
185322,9093,周陆洋,2023-12-28 01:40:15,7,11,4,同意楼下，周老师控时的能力让我觉得他脑子里有个秒表。而且讲课内容也很清楚，以及去找他求指导他真的会给非常详细的帮助，堪称人好事少课妙分高的绝佳老师！！ps：周老师课上不是沉闷，是冷幽默啊朋友们！！！
194372,9093,周陆洋,2024-06-23 11:50:39,-2,3,5,。。。
195029,9093,周陆洋,2024-06-26 11:55:22,0,2,2,还行，内容的学理性很强。
195401,9093,周陆洋,2024-06-28 03:12:34,1,3,2,高要求
195420,9093,周陆洋,2024-06-28 04:54:14,5,7,2,老师水平很高，上课内容丰富，时间观念巨强；作业要求比较严格，鼓励咨询但常常被他的回复打击（）；给分太友好了我都觉得自己不配
195429,9093,周陆洋,2024-06-28 04:21:08,1,3,2,给分超级好！4.8！谢谢老师
195560,9093,周陆洋,2024-06-28 18:06:48,2,4,2,老师和助教都很认真负责，给分也特别好 ww
195778,9093,周陆洋,2024-06-30 02:27:50,0,2,2,算是硬课，干货多，上课知识点密集。但是给分友好，推荐感兴趣的同学选
205381,9093,周陆洋,2024-12-05 07:51:07,12,13,1,木菌，我们该如何自处……
205632,9093,周陆洋,2024-12-10 10:01:13,2,3,1,周老师超帅的(ಥ _ ಥ)
218811,9093,周陆洋,2025-05-06 12:36:40,-2,2,4,期中四个题40分，刚好期中占比百分之40，最关键的是老师给分非常之求是，我就会写一个题，最后得分10分，等于说我编的那三个题全都没分，当然，老师不给分也没问题，只是学生的分难看点。不建议跨专业选这课，如果只是为了学分，那没问题，想学到东西的话，我感觉没必要选，因为老师讲的东西对我这种小白来说，听不进去而且意义不大。还有就是，我认为老师对学生挺冷漠的，他上课只是完成任务，下课铃声一打直接结束，一个字都不多说，我钉钉上问他两次问题，第一次问他考试大概什么形式，他说“勿紧张”，第二次问他弃修相关，他说“你自己决定”，一共就这八个字，我问那么多就这八个字，真难绷
221909,9093,周陆洋,2025-06-27 10:59:56,0,0,0,男神，给分特别好。政治社会学一次期中考试一次期末论文。平常没作业不点名。上课内容和文献都偏综述类型，期中考只要有读文献就能写出来。前面说期中考给分不好的是自己平常没学吧，反正我和几个课友都考得挺好的。论文问选题老师也会给很详细的回复，我第一次没太明白又当面问了一次，周老师人很好的。
147984,9109,封宁,2022-01-11 09:03:43,0,0,0,真的不行，态度太差了
167705,9363,Marie-Eve Reny,2023-01-18 12:40:55,2,4,2,老师是加拿大人，是全英文授课，母语是法语，因此英语有一点口音。老师的课件做的非常详细，看课件也会有很多收获，但老师上课讲的很快，我自己觉得是很难跟得上。上课不点名。老师不允许课堂上有人咳嗽。给分一般，比较求是。
182294,9363,Marie-Eve Reny,2023-11-14 07:02:40,5,5,0,老师会因为有人咳嗽而暴走\n\n感觉有点极端
204926,9363,Marie-Eve Reny,2024-11-28 15:43:30,1,1,0,情绪火山\n\n一点小事就能让她暴走
217477,9363,Marie-Eve Reny,2025-04-11 03:40:06,3,3,0,请不要咳嗽
179332,9367,戴良灏,2023-09-11 13:03:00,0,6,6,戴老师的专业写作，课程内容非常使用，不仅教你如何写一篇论文，更传授了我们如何做好研究的相关知识，很有收获！老师人也非常nice，期末每篇作业都会认真批改，平时答疑也很有耐心，感谢老师~~~~
217366,9367,戴良灏,2025-04-09 05:32:39,-1,0,1,老师很好
217367,9367,戴良灏,2025-04-09 05:34:15,-1,0,1,感恩老师
217368,9367,戴良灏,2025-04-09 05:29:49,1,1,0,给分差
167714,9368,姜山,2023-01-18 14:26:34,4,10,6,特别可爱的老师，声音好听，给分也很好！选了老师的社会工作，虽然一个班只有二十多人，分成几个小组，氛围还是比较欢乐轻松的。老师的授课体系挺完整的，不过可能是第一次讲课的原因（挂在任强老师名下），有时候会觉得在念ppt有点催眠。课程任务不算少，一次小组辩论，一次30min展示（大概是有关一些前沿议题的文献综述），一次微电影/项目设计/ngo纪录片展示，一次期末随堂测验，每项任务占比25%。学下来收获了非常多东西，可惜的是由于后半程疫情影响，原定的两次去社工组织参访的行程取消了。
168218,9368,姜山,2023-02-03 11:14:41,3,10,7,人帅心善，唯一的缺点可能就是授课经验不足。
171959,9368,姜山,2023-04-13 16:03:13,13,15,2,姜山老师简直就是浙大第一帅气的老师！
179461,9368,姜山,2023-09-16 08:40:54,0,1,1,还不错哦
192176,9368,姜山,2024-05-11 01:44:46,0,3,3,实用统计软件与定量分析\n\n能听出来老师授课经验有一点点不足（可能因为年轻），但是备课和上课很认真，助教姐姐也很负责！！\n\n主要是给分超级超级好哇嘿嘿～～
192199,9368,姜山,2024-05-11 09:24:01,0,2,2,实用统计软件与定量分析，人帅心善给分好
192248,9368,姜山,2024-05-13 02:49:07,5,6,1,（实用统计软件与定量分析）每周两节，一节理论课，一节上机课。使用的软件是Stata，对统计基础的要求个人感觉不是很高。从第二节课开始上机课都有大概半小时时间来做小测，即做即交，难度尚可。最后一节课上机课一整节是期末考试。内容覆盖比较全面，数据清洗、回归、调节、中介等都讲到了，重点突出“实用”。认真完成下来给分挺好，任务也不算重。最大的负担大概就在于每周五早上要跑大老远去社会学系上上机课了（笑）。老师是年轻老师，讲得不错，助教姐姐也很好，干净利落、清晰到位，有收获。
192326,9368,姜山,2024-05-15 07:46:39,1,3,2,给分特别好
193211,9368,姜山,2024-06-04 12:42:15,1,2,1,可以的
177622,9369,李林倬,2023-07-04 03:00:20,7,8,1,李老师，我的神！！！非常诙谐有趣的老师，教学内容也很有用，大作业也非常灵活，而且不点名！！！强烈推荐🙌🙌🙌
177831,9369,李林倬,2023-07-05 03:13:46,12,14,2,谢谢妈妈！特别为学生考虑的老师，用统计学知识跟我们分析为什么他要给我们的期中考赋分赋很高lol。因为不点名所以在领导来视察的时候不得不独自抗下一切（好可怜的妈妈）（暴风哭泣）……千方百计让大家别卷，然后喜提有史以来最高分。谢谢妈妈！
177852,9369,李林倬,2023-07-05 04:38:33,14,15,1,人帅心善，上课不点名（第一节课就说是可以缺席的），社会统计这东西真的很无聊，但老师上课已经尽力讲的有趣了。几次小作业都不难，期中考试会调分，期末大作业给的自由度很高（大家的主题都好有意思），最后报告的ddl还放在考试周之后完全不用着急。给分超好，llz我的超人！（ps:老师好像特别喜欢喝水动乐...)
178893,9369,李林倬,2023-07-28 18:07:18,0,2,2,感谢老师拯救数学与计算机菜鸡的社会统计
193718,9369,李林倬,2024-06-16 06:14:11,4,5,1,老师讲课超级好，最后一节课还请我们吃小零食！助教姐姐也超级负责任！这门课有点难，不过在老师和助教姐姐的帮助下真的学到了很多！非常感谢！
195998,9369,李林倬,2024-07-01 05:31:22,0,0,0,非常体贴的老师，会认真倾听同学的需求
196590,9369,李林倬,2024-07-04 06:54:13,0,0,0,上课很nice
171875,9370,刘世定,2023-04-10 05:35:54,6,7,1,很有深度
175308,9370,刘世定,2023-06-23 13:26:47,9,9,0,上课感觉是大佬来新手村乱杀
176799,9370,刘世定,2023-06-30 07:58:47,4,4,0,老师讲的特别特别特别好！侃侃而谈特别有大家风范
176812,9370,刘世定,2023-06-30 08:41:25,3,3,0,老师很厉害，讲的也很好，但是一节课内容超级多，一节课的提纲两万多个字，复习的时候感觉自己要昏厥了，但是考试不难，选择有很多来自课前小测的题目。
176813,9370,刘世定,2023-06-30 08:41:58,3,3,0,北大来的老师，经济社会学大佬，课程很有深度也很和蔼. 可能对于概论课来说太深了一点，但是真的能学到很多.
176826,9370,刘世定,2023-06-30 09:18:23,1,1,0,刘老师上的社会学概论主要为经济社会学部分～\n\n很有深度，对公管的同学帮助很大👍
177061,9370,刘世定,2023-07-01 11:38:01,0,0,0,社会学概论全是干货 看着刘老师的两万字讲义感觉要崩溃 但是努力努力多理解还是有4.8 非常感谢老师！
177488,9370,刘世定,2023-07-03 12:11:58,1,1,0,刘老师是北大来的老师，有一种大家风范，温文尔雅，讲课声音让人觉得非常非常非常舒服。老师知识渊博，跟着学，可以学到很多东西。
178574,9370,刘世定,2023-07-15 06:42:58,2,2,0,刘世定老师，好爱，嗷呜（）一百五十页文字讲义我跪拜\n\nbytheway楼上4.8的uu也太强了啊啊啊啊啊）
185116,9370,刘世定,2023-12-26 11:01:37,1,1,0,满绩，刘老师讲的很经济学，沈老师讲的很社会学
192951,9370,刘世定,2024-06-01 06:11:42,0,0,0,太棒了！！
193981,9370,刘世定,2024-06-21 07:32:52,3,3,0,2023-2024春夏学期社会学概论，刚考完还没出分，先来评价一手。\n\n\n\n平时没有作业，期末和sy老师出期末卷，闭卷。\n\n\n\nlsd老师是偏向经济社会学的，负责前八周的教学。刘老师一看就是知识很渊博的大家（词穷ing），讲课语速超爱，正好就是能让你听懂并理解的程度（平时好好听！！期末就不需要费力补天，不然有好果子吃）。每次课的讲义虽然看起来2万字贼多，但是很多都是解释性的内容，为了帮助你看得更流畅。（方便复习起见）建议上课前花一丢丢时间把讲稿用A4纸打印一下，然后上课做纸质笔记（主要是划重点）or在word或者pdf里做一下批注，剩下的交给听课就好，包懂的。不懂可以去问老师，刘老师超级无敌耐心温柔！！！\n\n\n\n从第三周开始，课前会有5min小测时间，就是做五道选择判断，上节课听了的话2min包做完的，没听也可以看笔记（因为是学在浙大上测）（这是可以说的吗/doge）虽然很简单但是答应我好好做，这是平时分（对，没有点名，平时分全靠小测）\n\n\n\n哦对了，98上有期末卷题型，言尽于此，大家放心学
194358,9370,刘世定,2024-06-23 10:42:46,0,0,0,老师很有学问。上课好好听的话期末不需要花大力气补天。讲义的字有点多，像高中语文的阅读理解，不过问题不大。先给老师打满，希望老师也给我打满嘿嘿嘿
196818,9370,刘世定,2024-07-05 10:06:44,1,1,0,博学 有幸上过您的课
174552,9371,沈原,2023-06-14 04:05:13,12,12,0,老师真的讲得特别特别好，学识渊博侃侃而谈，因为老师喜欢上社会学了
176808,9371,沈原,2023-06-30 08:36:47,3,3,0,老师讲的很好，一节课内容也不是很多，认真听一下很容易理解消化，每次课前有一个很简单的小测，是对上一节课知识的复习，老师每节课上课之前会把前一节课的知识脉络拎一遍，还是很清楚的！老师讲课真的很好，是希望我们构建起一个社会学知识的框架，期末考试的内容也大部分在ppt里都能找到，因为老师喜欢上社会学了。
176815,9371,沈原,2023-06-30 08:44:10,2,2,0,沈老师水平没得说，课也讲的很有趣，真的能启发人，鼓励学生思考.
176824,9371,沈原,2023-06-30 09:16:45,2,2,0,老师真的特别特别好！！！
179005,9371,沈原,2023-08-18 12:32:24,2,2,0,沈老师很幽默，讲课思路很清晰，每节课前会有上节重点内容小测（不多，就一两个点），之后会回顾一下上节课的内容。要读的书挺多的……我选择略读然后听展示的同学分享书中重点……
179623,9371,沈原,2023-09-19 02:05:31,2,2,0,劳工社会学拉满了
193982,9371,沈原,2024-06-21 07:35:59,0,0,0,夏一周上课前，sy老师跟前排同学聊天：“你们觉得lsd老师讲的难吗？放心我没他那么复杂，很简单的。”（真）
194360,9371,沈原,2024-06-23 10:44:25,0,0,0,老师有地道的北京腔~看起来很有学问，讲的内容比lsd老师更好懂一点。给老师拉满，希望我也能被捞嘻嘻
197021,9371,沈原,2024-07-06 17:27:22,0,0,0,大师啊 佩服
196122,9372,夏丽丽,2024-07-01 17:20:46,0,1,1,人美心善给分好～课也比较水
196229,9372,夏丽丽,2024-07-02 10:47:44,0,0,0,水课，可能因为我也没认真听过，给分还行
196382,9372,夏丽丽,2024-07-03 07:52:51,1,1,0,老师人很好，声音很温柔，也很耐心。《社会心理学》不点名但是会点人回答问题，任务量不大，给分很好。
203111,9372,夏丽丽,2024-11-17 03:03:55,0,0,0,老师很温柔，上课的体系逻辑很好，最后给分也超出了预期。外专业强推。
205635,9372,夏丽丽,2024-12-10 10:08:45,0,0,0,给分主要看小测吧，课水
221818,9372,夏丽丽,2025-06-26 12:25:54,0,0,0,老师上课会结合很多当下发生的事情，讲课不枯燥，给分也很好！
168179,9374,张英男,2023-02-01 02:14:44,4,15,11,老师人真的很好啊，讲课很有耐心，也很温柔，备课感觉也很用心。还会尽量帮助学生，老师能理解的都会改善或者帮忙。感觉是目前遇到的为数不多的温柔的老师了
173160,9374,张英男,2023-05-14 15:04:17,5,11,6,是很温柔很负责的老师哇
184994,9374,张英男,2023-12-25 08:53:10,1,6,5,abstract
191465,9374,张英男,2024-04-24 11:13:50,6,9,3,老师真的好年轻，看着就像博士生助教来代课，PPT也很中国大学生风格（能说吗），然后也在说要给我们减负，课下强制作业我们肯定是糊弄之类blabla\n\n但是讲课水平真的高！循循善诱，同时老师也说“在我看来这些基础性概念很多都是很枯燥过时的，你们没有必要死记硬背，只需要把握他的感觉就好了，所以每次讲到这些基础性概念的时候我都会说说他目前比较前沿的一些发展情况”
193758,9374,张英男,2024-06-17 14:27:41,1,2,1,老师真的好温柔
200155,9374,张英男,2024-10-14 05:42:16,0,6,6,讲课内容比较专业，可以看出老师学问很深，给分比较中肯，可以选。\n\n不过细节见人品，感觉讲话有点傲慢，会区别对待学生，这很难评价。
201526,9374,张英男,2024-11-04 05:40:01,1,3,2,对学生很好的一个老师。授课专业，重点也会多次强调。课程任务不算太多。
201609,9374,张英男,2024-12-04 16:49:11,-2,3,5,绝对好老师，上课认真，喜欢和学生探讨学科前沿，有水平的老师
205190,9374,张英男,2024-12-06 04:18:30,5,9,4,上课不知所云，很喜欢提问，但是问的问题有很奇怪，感觉像让学生帮他想科研题目。可以明显看出对某些学生的偏爱和看不上
205389,9374,张英男,2024-12-05 11:34:42,1,4,3,没有论文，只需要读文章pre，简直是研究生的伟大救赎！
205392,9374,张英男,2024-12-05 11:40:57,1,4,3,老师讲课的水平很高，喜欢和学生探讨前沿知识，考核也很简单，压力很小
205809,9374,张英男,2024-12-12 05:59:58,4,7,3,给了两个srtp小组同一份材料和选题，不好评价
206463,9374,张英男,2024-12-15 09:32:50,-2,2,4,超级nice的老师！！！墙推！
219725,9374,张英男,2025-06-05 01:51:43,1,1,0,授课内容很用心，不是几百年的PPT，而且反内卷，结课只用PPT
167014,9375,张永平,2023-01-14 15:27:20,7,8,1,张老师很博学 大学写作个人觉得讲的挺清楚的
167331,9375,张永平,2023-01-15 14:13:44,20,22,2,好老师！！！人超级温柔，讲的也很清楚，没上过张老师的课就像四大名著不看红楼梦，后面忘了总之只能度过相对失败的人生
170405,9375,张永平,2023-03-04 01:10:41,7,9,2,给老师打十分，帅帅的，博学的🤣虽然喜提3.3，但还是大赞老师
171206,9375,张永平,2023-03-18 13:57:52,8,8,0,张老师人非常好，选择他总没错
171207,9375,张永平,2023-03-18 14:11:07,9,9,0,老师很帅，讲得很好；助教小姐姐非常漂亮，认真负责
171208,9375,张永平,2023-03-23 01:26:40,9,10,1,永平老师讲课生动，风趣幽默
171216,9375,张永平,2023-03-19 05:05:20,4,4,0,老师超级好温文尔雅风度翩翩博学多识！！！
179059,9375,张永平,2023-08-26 14:40:52,2,2,0,张老师很年轻，比较博学，讲课也深入浅出
182378,9375,张永平,2023-11-15 10:24:13,3,3,0,讲的很不错
185008,9375,张永平,2023-12-25 12:19:56,3,3,0,课堂比较有趣（同比于其他老师）
185227,9375,张永平,2023-12-27 07:26:27,4,4,0,听张老师上课像听相声一样，在风趣幽默中，也了解到论文的书写方式以及各种知识，还蛮有意思
186083,9375,张永平,2024-01-08 08:16:00,2,2,0,知识渊博，然而课程有点无聊
197379,9375,张永平,2024-07-12 01:38:59,5,5,0,老师上课讲的很好，助教小姐姐也很温柔！会用单独的一节课教我们用zetore之类的写论文小助手。笨人大课小作文和报告都烂烂的，但是综述和读书报告认真写了喜提4.8
207145,9375,张永平,2024-12-19 12:05:02,2,2,0,让我在无聊的大学写作中真的能收获到东西，老师温和儒雅，知道的很多。
207916,9375,张永平,2024-12-25 03:10:25,0,0,0,点了两次名\n\n张老师还是很年轻的（不要被名字误导了）\n\n上课很有意思，特别是在讲智慧城市的时候\n\n会教一些很实用的东西
213438,9375,张永平,2025-01-17 11:47:51,4,4,0,老师知识很渊博，水平很高，教的东西也很有用，助教也很好，不过大学写作本身的课程设置会让人反感，如果培养方案硬性要求的话，张老师是个很棒的选择，如果读书报告和文献综述认真写的话，给分也会不错
213477,9375,张永平,2025-01-17 16:12:15,3,3,0,老师幽默风趣，喜欢和学生开玩笑，就跟同学一样，性格很好，深入浅出 给分很好，狠狠点了
169203,9470,赵志荣,2023-02-24 15:42:41,7,11,4,Jerry大院长终于有自己的查老师主页了哈哈哈，作为小迷妹，首先10分送上\n\n    客观评价赵院长课程的缺点：事多（一周两次作业你敢信），课硬，给分一般（我当时上这门课花了很多功夫，最后4.2，与之相对应我自己大部分专业课都4.5，4.8）。\n\n    优点也很明显：老师学识渊博，很关心学生又精力充沛，上这门课确实能学到很多。助教ssy姐姐也很友善。\n\n    我自己是冲着赵大院长的推荐信来的，也对这门课的硬核程度早有预期，所以我自己的上课体验还是蛮愉快的。要选课的各位可以结合自己的情况妥善考虑。
193598,9470,赵志荣,2024-06-13 11:47:35,5,5,0,大院长人很好，课讲得也好，公共部门财务管理学的内容简单，0基础完全没问题
193757,9470,赵志荣,2024-06-17 14:26:56,3,4,1,事多，课不硬，总体体验很好，给赵老师10分
218803,9470,赵志荣,2025-05-06 07:21:54,4,4,0,赵老师的课程深入浅出，有大家风范，内容也很充实能学到很多。助教zkx姐姐特别友善！
218804,9470,赵志荣,2025-05-06 07:24:07,4,4,0,赵教授知识渊博，授课非常认真，课堂上互动挺多的，讲课清晰易懂，上他的课能学到很多知识，强烈推荐！
218952,9470,赵志荣,2025-05-15 02:39:08,3,3,0,课程内容丰富，老师富有人格魅力
219031,9470,赵志荣,2025-05-19 09:54:46,2,2,0,千教万教，教人求真
219876,9470,赵志荣,2025-06-09 13:23:12,0,0,0,有情怀的公共管理大师
220359,9470,赵志荣,2025-06-17 13:02:37,0,0,0,《公共财政和预算》\n\n听力+口语全废选手为了毕业不得不选了这么课呜呜呜\n\n赵老师和助教老师都很有耐心，能看出海底大捞了\n\n\n\n期末总分100分，考核如下：\n\n1.预算10分，大概第三周提交一份个人有关于预算的memo，2页；\n\n2.收入30分，小组合作\n\n3.支出25分，个人作业，需要2分钟闪电演讲，之后有一周时间修改并提交8-10页memo\n\n4.课堂参与15分，平时课后需要提交与本周课程memo，一般一页就够了，不确定出勤情况是怎么算的；\n\n5.期末开卷考20分，可用电脑
200822,9648,董照樱子,2024-10-23 03:45:29,2,2,0,老师人太好啦😭
202684,9648,董照樱子,2024-11-14 01:00:54,4,4,0,很年轻的老师\n\n老师比较精通经济学的分析方法 讲课也主要教授这一点
217658,9648,董照樱子,2025-04-15 02:10:52,0,0,0,老师人很好啊，没书面作业没小组作业（一个展示可以自行组队也可以个人完成），点名没来的不扣分来的加分，期末就一个论文，老师我永远追随你老师!
171443,9657,方珂,2023-03-24 11:13:06,0,0,0,方老师我男神，理论功底扎实
201665,9723,吴中盛,2024-11-05 08:00:48,0,3,3,胡乱给分，不配为人师表，不愿与同学沟通，根据自己的一套rz理论来评判同学的标准，毫无逻辑依据，大学遇到的最恶心老师，给了大学以来最烂的绩点
201801,9723,吴中盛,2024-11-06 11:31:55,-1,2,3,期末展示一顿拷打
203771,9723,吴中盛,2024-11-21 03:22:17,3,3,0,上了他的UPA社科研，虽然事情不少，但不点名，小组展示在准备的时候和他沟通也非常得耐心，我们组也从一开始被他疯狂批判到最后让他比较满意，平时小测是mooc的题，小测和期中都允许开卷，难度不大，如果你都认真付出了，感觉给分真的挺好的，付出与回报最有正比的一次
203842,9723,吴中盛,2024-11-21 12:24:55,1,1,0,吴老师挺认真负责的，课程要求从一开始特别严格到逐渐放松，and感谢带我飞的几位大佬
204046,9723,吴中盛,2024-11-23 11:40:01,2,2,0,upa课给人感觉很严谨认真。一开始要求很严格，后面放开，可以开卷，客观题都是mooc（但不允许对着mooc截图开卷），出题善良，展示分数大家都还可以。所有人80+，然后90+的比例也应该蛮多的，虽然不会调卡绩就是。\n\n老师讲课还是让我们学到挺多的，老师综合的也不只是北大mooc，有些地方是有自己的理解的。
204077,9723,吴中盛,2024-11-24 01:04:41,1,1,0,UPA社科研nice！
204804,9723,吴中盛,2024-11-28 02:54:37,1,1,0,好老吴
208162,9723,吴中盛,2024-12-26 04:31:45,1,1,0,sb老师不知道怎么给他当上老师的，课程成绩完全胡乱给分，提前也不说自己的评分体系，学生来问也不回答
216501,9723,吴中盛,2025-03-17 12:36:47,1,1,0,UPA社科研是UPA第一学期给分最好的课，虽然考的不好会给4-，但是厉害的同学我听说给了几个满。\n\n相比来说：tr论文统一-6消灭满绩，wsz难寻90，hwj杀掉一片，tj虽总体还可但要靠大佬加持相比，吴老师算是最能让人感受到付出就有收获的了。
179115,9802,郑淋议,2023-08-28 05:38:10,17,27,10,已选写作，期待
179148,9802,郑淋议,2023-08-28 14:15:43,-19,12,31,不知道，给个7分吧
179343,9802,郑淋议,2023-09-12 05:52:56,7,9,2,很好的
182183,9802,郑淋议,2023-11-11 17:10:21,38,51,13,同学们好！我是郑老师。希望同学们给我好评。并请忽略那些差评。请一定相信我，我的课分高事少，很少点名。欢迎同学们上我的课！
182303,9802,郑淋议,2023-11-14 09:46:46,4,6,2,老师人看着很和善，助教也非常有耐心，感觉是个好老师
184898,9802,郑淋议,2023-12-24 08:09:17,3,4,1,郑老师我要当你的舔狗🤣🤩
185117,9802,郑淋议,2023-12-26 11:10:37,4,5,1,老师人很好，讲课和讲解作业也很仔细，给郑老师打call！
185285,9802,郑淋议,2023-12-27 14:03:44,5,5,0,先中规中矩打个8分 你要是骗我我就黑化！
192396,9802,郑淋议,2024-05-17 12:55:50,2,3,1,很好的老师
193534,9802,郑淋议,2024-06-12 12:34:35,3,4,1,老缠课，事多分少
197936,9802,郑淋议,2024-08-21 07:26:44,0,1,1,老师很好。大学写作这门课很烂，事巨多，前半个学期大课讲的很无聊，郑老师小课对大一刚入学的同学应该有些作用，但是我大三修了所以没什么感觉。郑老师给分也很好，在这门烂课里选到好老师算幸运。
202052,9802,郑淋议,2024-11-08 16:24:45,1,2,1,被冤枉用AI了，无话可说
207639,9802,郑淋议,2024-12-23 11:45:35,0,1,1,老师很真诚，真心想教会同学点知识，很努力和同学们交流。碰到这样的老师很感动！不管老师最后给我多少绩点，我给老师满分
208176,9802,郑淋议,2024-12-26 05:01:09,2,2,0,大学写作事情多是课程的问题，不是老师的问题。我个人认为老师还行，但是水平并不高。社会这门课是写3000字文献综述，需要引用比如30篇文献才行。
213488,9802,郑淋议,2025-01-18 00:31:09,0,0,0,能理解但是事真的不少 几乎每门课都有作业 不是ppt就是写读书报告/文献综述
213988,9802,郑淋议,2025-01-22 13:08:42,1,1,0,老师很真诚，真心想教会同学点知识，很努力和同学们交流。碰到这样的老师很感动！不管老师最后给我多少绩点，我给老师满分
197127,9860,贡森,2024-07-08 04:08:32,3,3,0,给分还行，老师水平确实很高，而且看起来确实是一个为国为民的学者形象。
198225,9860,贡森,2024-09-05 09:20:46,2,2,0,为人风趣幽默，教学经验和实践经验都很丰富，是一个内外兼修、身为师范的好老师！
207669,9860,贡森,2024-12-23 15:23:33,0,0,0,好～～
216018,9860,贡森,2025-03-09 12:19:45,0,0,0,很不错的老师
177051,9887,梁祖荣,2023-07-01 09:49:10,7,12,5,出分了，有点伤心💔
177217,9887,梁祖荣,2023-07-02 09:18:37,2,6,4,有一张zju社科门面的脸，真的不考虑进军演艺圈吗！人非常好，对每个学生都很用心，会专门抽时间指导大作业。给分上不是特别友好，不过第一年开课可能还在摸索
177273,9887,梁祖荣,2023-07-02 13:30:43,4,7,3,救命，给分怎么，，，
201963,9887,梁祖荣,2024-11-08 00:23:48,1,2,1,上课语速太快了，讲课好像不想让我听懂。作业也很多，要求很严。会认人
212752,9887,梁祖荣,2025-01-15 00:42:06,2,4,2,给分一般。
212777,9887,梁祖荣,2025-01-15 01:42:13,1,3,2,跨专业千万别选性别社会工作，事情极多且分组极其不公平，两次小组pre一次田野调查一次闭卷考一篇个人论文，真是啥事都让他沾了。分组是私下组，所以两极分化很明显。上课收获的话，讲理论知识时是真听不进去，但案例分析和同学发言/汇报还是有一点含金量。这门课大佬真的很多非专业慎选。
212823,9887,梁祖荣,2025-01-15 11:17:25,3,6,3,不推荐选课，本专业更要避雷。事情非常多，小测+论文+两个小组展示，而且每天都要点名，缺勤不是扣出勤分，而是直接在总分里扣分，即使上课发言了很多次，没有做到每节课都发言照样扣很多分。结果就是给分堪称教学事故。有评论说这门课大佬太多了所以给跨专业的打分太低，这属于是脑补了。这老师给上课积极的本专业同学打分同样烂得过分。问老师小分就说不公开，有问题异议。但是你都不公开小分我怎么异议？我对出勤分提出异议了他就跟我玩文字游戏。太荒唐了。
213176,9887,梁祖荣,2025-01-16 08:23:42,0,1,1,学到东西了
214152,9887,梁祖荣,2025-01-25 22:20:26,-4,1,5,全程跟完课程，分数还不错。
215284,9887,梁祖荣,2025-02-25 03:48:22,1,1,0,事多！给分也不太好💔😢
216941,9887,梁祖荣,2025-03-30 01:19:57,0,0,0,老师课程内容很丰富，对于了解性别相关议题很有帮助！
219191,9887,梁祖荣,2025-05-23 02:24:49,0,0,0,慎选 老师讲得很好，性别议题探讨得很深入，很有趣，想要了解这方面相关知识的话可以选，上课氛围也很好——但是！事情很多！个人论文、小组汇报、小组期末作业、考试该有的都有，还有回答问题加分。以及给分很差。
198556,10181,易福金,2024-09-10 02:40:05,0,0,0,非常好的老师，基本没有作业，讲课也很有趣踏实，作业是一篇读书报告（可以2-3人合作）字数也不多，考试是开卷考，基本都是上课讲过的
198769,10181,易福金,2024-09-11 13:18:18,4,4,0,非常好的老师，非常好的课
199593,10181,易福金,2024-09-26 04:44:37,1,1,0,人帅心善！
202833,10181,易福金,2024-11-14 16:25:16,0,0,0,非常好的老师，《课堂上只要不打电话就好》，太温柔了
205970,10181,易福金,2024-12-13 02:23:18,0,0,0,好老师！
206910,10181,易福金,2024-12-18 10:14:34,0,0,0,超级好的老师
210495,10181,易福金,2025-01-09 08:48:08,0,0,0,老师非常温柔有耐心！！！！！非常好的老师
212077,10181,易福金,2025-01-13 07:00:32,0,0,0,超爱男神讲课！深入浅出，精妙绝伦！！
197451,10195,王正绪,2024-07-15 11:47:15,-3,1,4,还可以
204830,10195,王正绪,2024-11-28 05:27:06,2,2,0,我很难说 希望不要大一就喜提绩点2开头
205491,10195,王正绪,2024-12-08 00:20:22,7,7,0,ballball浙大别引进这种老师了……专业课纯水，还很没有学者素养。哎，国内反西方的政治正确大环境下的得利者
205607,10195,王正绪,2024-12-10 06:01:26,5,5,0,不点名但是逃不了课，我也不知道他在讲什么，学不到什么救命
206930,10195,王正绪,2024-12-18 13:17:30,7,7,0,难评，上课讲的一头雾水，但是能感觉到他在尽力讲了，希望给分不要太烂，要不然我会再返回来的
206931,10195,王正绪,2024-12-18 13:24:27,4,4,0,每周1200字的报告，每周，如何呢？
207041,10195,王正绪,2025-01-18 00:33:54,0,2,2,政治学导论 出分4.5 大概来讲讲这门课 一句话建议如果你的生活很空闲以及非常愉快可以选这个课 它会让你的生活变得非常忙碌以及阴暗\n\n成绩组成：20%平时分+20%pre+60%考试\n\n平时分主要看每周一篇1.2k字的读书报告 lz是从头到尾自己写下来了 坦白来讲给的材料部分不错 部分还行 部分完全不行 加上后期写不动了质量非常不能保证 同学们后面多少都采用了一点ai 于是你自己写的到后期哪怕质量下降分数都还会比较高 以及报告需要每周交 所以实际上是不能翘课的\n\n20%组队pre 组队半强制因为要求一个组里有不同省份不同性别的同学 选择自己喜欢的政治热点 这里不展开\n\n60%期末考试 容易跳 考前老师会给一个提纲 然后对照着平时课后发的讲义整理一份答案硬背就可以了 但是挺难背的\n\n总结：事多 分容易烂（lz属于完全的幸存者偏差 因为这个课上不了4甚至出现一些专业课的绩点才是常态）对于人社同学来讲明明有那么多其他社科模块课完全不需要选这个让自己每周坐三个小时牢 对于其他跨专业的非ckc同学想说的是选这个不如去选化学课 据说有些化学课背好了真能满绩\n\n\n\n关于老师本人：教育背景和任职履历radiant 热爱音乐和体育 每节课都会让我们起来跳一下 但给分确实 也许可以和他科普一下绩点和百分制对应关系 但谁敢呢…
211027,10195,王正绪,2025-01-10 10:59:52,4,4,0,同样是评价Acemoglu的《国家为什么失败》：\n\n\n\nYXD：这本书很好，但拿了诺奖应该被批评，因为在我看来是没什么创新性的。尽管他们分析的很好，但只是前人已经讨论过的问题，他们只是讨论的更完善和逻辑化一些，这是不足以拿诺奖的。\n\n\n\nGS：如果zg经济始终成功，Acemoglu等人的观点就会被证伪。又或者说，他们届时会分析zg又有哪些制度是“包容性”的了，但这样一来他们的理论就会陷入循环论证的陷阱，永远也不可证伪了。\n\n\n\n王正绪：西方拿民主当自变量的研究都是放屁。\n\n\n\n😅不是哥们，你不会觉得自己说的话很香吧？你只不过是放了个某些人群更爱听的响屁罢了。
213293,10195,王正绪,2025-01-17 01:11:27,0,0,0,纱布。
214790,10195,王正绪,2025-02-18 02:45:53,1,1,0,史中史
220023,10195,王正绪,2025-06-13 14:10:17,0,0,0,我回来了，史
201560,10205,刘子铭,2024-11-04 10:40:35,3,5,2,很幽默随和佛系的老师
213722,10205,刘子铭,2025-01-19 09:14:15,0,1,1,感谢刘老师，期末狠狠捞。
218690,10205,刘子铭,2025-04-29 03:19:16,0,0,0,水平一般 啰嗦
221401,10205,刘子铭,2025-06-23 08:27:39,0,0,0,讲课认真，比较有耐心。
211059,10253,高叙文,2025-01-10 12:30:33,2,3,1,幸运的是，社保有高老师\n\n不幸的是，社保只有一个高老师
213029,10253,高叙文,2025-01-15 17:14:48,1,2,1,高姐终于有页面了，前来满分Ψ(￣∀￣)Ψ
216221,10253,高叙文,2025-03-12 14:04:10,2,4,2,吃力地教书
216678,10253,高叙文,2025-03-20 17:01:49,0,1,1,被高老师的学术和人格魅力所折服！
217644,10253,高叙文,2025-04-14 12:36:21,-1,1,2,不允许任何人诋毁我们Xuwen Gao老师🥺🥺🥺🥺🥺
217650,10253,高叙文,2025-04-14 15:40:54,0,1,1,授课听不懂 表述不清晰 思路不清楚
202603,10263,王晓梦,2024-11-13 10:11:52,8,8,0,给分很不错的老师，上课真的很认真，而且课堂氛围很愉快
207672,10263,王晓梦,2024-12-23 15:44:19,5,5,0,非常好的老师！每节课言之有物，是真的能学到东西的课。
208187,10263,王晓梦,2024-12-26 06:14:33,3,3,0,还不错，上的大学写作社会。老师讲的内容对以后大学写论文和做pre都很有用（即使我上课不听课都能感受出来哈哈哈）。而且老师可能是比较年轻吧人也很好很和蔼，不会太有距离感。但是冬学期（或夏学期）的作业任务可能会多且紧凑，我们需要写一篇读书报告，两稿文献综述，读书报告需要你一个星期以内读完书写完，文献综述初稿的时间是一到两星期，终稿一学期时间，每个作业都比较紧，觉得太麻烦的同学还是建议不要选。不过老师对待我们作业很认真，有在尽量给分，还会在课上给大家讲解我们的不足。对文献综述终稿的打分要求也讲的比较清楚，只要不是课上一句话不听的都能活，就算课上听不全，课下老师会发PPT。\n\n打个9分，主要是因为大学写作这门课有点一言难尽……前八周大课闲的发慌无所事事，后八周小班课把作业全赶在一起，赶上期末月忙的脚打后脑勺……还要额外花时间听讲座看慕课，讲座签到又签退，而且作为理科生我不太能从前八周内容和讲座里找到对我有帮助的东西。但后八周给我们上课的晓梦老师人真的很好，这是真的
213436,10263,王晓梦,2025-01-17 10:43:39,4,4,0,选选选！
213494,10263,王晓梦,2025-01-18 01:21:23,4,4,0,老师很棒，实力很强，给分也很好
213555,10263,王晓梦,2025-01-18 07:46:36,3,3,0,老师备课非常认真，讲课很细致，给分也很好
216132,10263,王晓梦,2025-03-11 03:13:53,0,0,0,作业比较多，会点人起来回答问题
219416,10296,沈伟,2025-05-27 01:44:23,0,0,0,小心思真多
219426,10296,沈伟,2025-05-27 05:01:27,0,0,0,很坏很坏的老师
199464,10352,卢圣华,2024-09-24 06:10:16,15,15,0,老师讲课很有意思，会将很多例子，上课很负责，满昏!
199669,10352,卢圣华,2024-09-27 08:28:28,2,2,0,老师很认真，很负责，很和蔼
199670,10352,卢圣华,2024-09-27 08:38:41,1,2,1,超级好的老师！
199734,10352,卢圣华,2024-09-28 10:30:40,9,9,0,上课有时会做小游戏，课堂比较有趣
199795,10352,卢圣华,2024-09-30 03:21:19,2,2,0,课堂非常有趣！
200572,10352,卢圣华,2024-10-19 13:25:51,3,3,0,介绍的案例和日常生活密切相关，长知识了！
207997,10352,卢圣华,2024-12-25 07:16:38,4,4,0,分高任务少，我愿称之为卢神！
205634,10699,冷玲莉,2024-12-10 10:07:45,3,3,0,水水的
216799,10699,冷玲莉,2025-03-26 00:53:09,1,1,0,很傲慢，不对学生进行进行了解就输出主观评价，轻视学生付出的努力和付出。老师的个人言行跟其教育经历极不相符，学历和知识还是不能跟人品挂钩
198183,10700,邱昱,2024-09-04 03:15:58,-1,0,1,中非相遇论文要求很高 老师准备很用心 最后给分一般般 谢谢老师捞我
200415,10701,沈黎勇,2024-10-17 01:04:14,14,18,4,感觉还可以，就是上课不让吃早餐，8分吧
200859,10701,沈黎勇,2024-10-23 12:53:17,-1,1,2,，，，
201260,10701,沈黎勇,2024-10-31 01:39:53,4,5,1,很好的老师呢，真的很认真的备了课，但是奈何这堂课的性质真的很难让人全程认真地听下去。
201783,10701,沈黎勇,2024-11-06 08:38:59,5,5,0,老师人真的很好，我觉得上他的课其实蛮有用的，超鼓励人（虽然我真的不喜欢被鼓励），推荐职规
201785,10701,沈黎勇,2024-11-06 09:16:52,2,2,0,我爱沈老师！
202257,10701,沈黎勇,2024-11-11 04:49:52,9,9,0,平常事情比较多，期末事情少，平常也很少点名，沈老师人真的不错。就是职规课有一点点无聊，像初高中心理课
203839,10701,沈黎勇,2024-11-21 12:02:57,3,3,0,不点名，话比较多，给分好
203916,10701,沈黎勇,2024-11-22 03:47:48,7,7,0,偶尔随机抽人回答问题，其他不点名。个人不是非常喜欢老师的上课方式，感觉可能过多注重分享老师的经历而略少理论知识的分享（比如一份简历应该注重哪些，一次面试应该注重哪些。这些我会比较希望听到），不过职规课可能也很难讲出什么花来……事不算很多，期末只用pre不用拍小短剧不用演情景剧我可太感谢了。\n\n不过老师的给分很好！全程上课没发言没上台只是在角落摸鱼，作业虽然算是认真完成但也没有被作为优秀作业推荐过，期末也只是在小组里服从小组安排打打杂工。本来预计能上4就很好了，结果最后老师给的分超出想象的好👍大赞！
204150,10701,沈黎勇,2024-11-24 17:00:49,5,6,1,沈老师比较关心学生，上课也比较认真负责，经常笑眯眯的；而且给分好！
204494,10701,沈黎勇,2024-11-26 08:12:00,2,3,1,首先，平时作业我觉得真的不多，对比其他的职规老师很少了，就几个基本作业，字数也不多。上课也不错，课程本身就无聊，老师已经尽力上的很有趣了。人也很好，非常温和没有架子。期末作业也是事情最少的，基础的pre就可以了。给分友好，反正我微微卷了一下期末作业（按照提供的模板结构完成，弄一些组图插图。课堂上每次写一点课后做一点）就满绩了。但是作业形式还是要注重一下，做得漂亮一些确实分数更可观。
205370,10701,沈黎勇,2024-12-05 07:08:37,7,8,1,老师很爱笑哈，朝气蓬勃的中年人给活人微死的青年人上课有种带不动的搞笑感。\n\n老师人是真的有种赤诚的感觉，特别是他讲汶川大地震他带着学生去汶川找家人的时候，人性的光辉快闪瞎我。\n\nHowever，职规课属于认真听绝对会被气死的课，因为知识太陈旧了，而且老师有意无意地鼓励优绩主义；在被气死之前还会很焦虑，特别是人文社科的，恨不得赶紧转个啥环化材生能源工信，整点什么项目成果出来助力社会发展，不然你在就业市场上就岌岌可危辣。。。\n\n满绩了，谢谢老师，老师人很好，很阳光，但是课just so so。\n\n想拿高分的同学记得认真写作业，用ai没关系，但要做出差异化。
205715,10701,沈黎勇,2024-12-11 11:53:52,1,3,2,老师超鼓励人（但我不是很喜欢被鼓励），不影响，老师很愿意和我们分享经验，也很愿意私下跟我们交流。有些关于面试简历的问题都可以找他，我觉得老师很好
209623,10701,沈黎勇,2025-01-10 02:34:49,2,3,1,事少给分好，还非常会鼓励人，神老师！
210241,10701,沈黎勇,2025-01-10 10:14:22,1,2,1,挺好的老师，就是有点无聊
210242,10701,沈黎勇,2025-01-08 13:59:21,4,5,1,上的德法课。老师很好，很慈祥笑呵呵的，而且上课也很用心，备课也很用心。问题是这门课程的性质真的让人很难认真地听下去。老师后来似乎发觉不论如何我们都懒得听，所以渐渐的也不太管我们了。挺悲哀的，老师在用上个世纪激情的余热试图唤醒当代学生，但大家早就在应试体系里死过一次了。
210733,10701,沈黎勇,2025-01-10 01:31:13,5,6,1,老师人真的很好  上课非常用心  每一个人的发言都会认真点评  生病了也坚持上课 \n\n\n\n但毕竟是思政课  大家都不怎么听  也是很悲哀吧  上课的时候总是叫大家头抬一下\n\n\n\n给分还是不错的  我是他和fll的班  没有种地直接给了我们那分  小组作业也会自己分配百分比
210749,10701,沈黎勇,2025-01-10 01:55:12,3,3,0,给分很求是，上课不让玩手机
210772,10701,沈黎勇,2025-01-10 02:33:48,5,6,1,老师真的是很真诚很温暖的人 \n\n虽然思政大家都在干自己的事但是偶尔听听沈老师的积极的话还是很正能量 \n\n给分比想象中的好？志愿者只做过一次 小组作业没有太大贡献水过去的 高中选考政治期末第一次翻书最后4.5 让我们说谢谢sly\n\nps老师经常点名 记得要来上课啊
210832,10701,沈黎勇,2025-01-10 04:52:00,-4,5,9,纯纯cs，纯纯cs，纯纯cs，重要的事情说三遍。\n\n作为思政老师，连道德底线都没有，就是一副既得利益者的丑态。24年下半年学校曝出很多事情，它居然给方能洗白，还说方能是那么优秀的学生，称在98上伸张正义的学生惹是生非，要求我们所谓的维护学校形象……\n\n而他，丝毫不关心学生，明明是早八的课，却以早点到教室为荣，甚至宣扬提早一小时到教室的极致的病态行为！！！
212040,10701,沈黎勇,2025-01-13 05:32:41,2,2,0,特别好的老师！！！！！
212055,10701,沈黎勇,2025-01-13 06:09:03,2,2,0,给分比较求是 平时事情不算多，三次小作业 一次期末大作业和展示，只要最好展示和职规书好好准备绩点不会差的，算比较负责的老师
212974,10701,沈黎勇,2025-01-15 11:35:48,0,1,1,作业比较少，给分比较高
213124,10701,沈黎勇,2025-01-16 04:55:08,0,0,0,职规，最后一波1.5学分的职规\n\n职规事情一向多，大概除了职业生涯规划书还有两三次其他的作业，上课没怎么听过。\n\n给分也挺好的，毕竟职业生涯规划书是我一个字一个字敲出来的。
214953,10701,沈黎勇,2025-02-19 09:22:48,0,0,0,备课认真，上课敬业、富有激情，态度和蔼可亲，对学生比较关心，是一位称职的老师。
213529,10702,沈阳,2025-01-18 05:34:03,1,1,0,任务量是真的很大，但一个学期下来还是挺有收获的
214911,10702,沈阳,2025-02-19 05:20:57,1,1,0,讨论课，老师很耐心，无论说什么都会认真反馈，体验感很好。老师性格也很好，很幽默。但任务量有点大。
220070,10702,沈阳,2025-06-14 13:31:36,1,1,0,特别nice的老师！课堂任务虽然有点多但非常有意思给分也很高，有空的同学务必来选
198182,10703,孙金昱,2024-09-04 03:14:49,2,3,1,性别与社会4.8 永远爱
199605,10703,孙金昱,2024-09-26 07:46:26,6,6,0,很年轻的老师，社会学系的课讲的很有意思，每节课前会发阅读材料，明确不点名，期末考试是最后一节课上考都是论述题，据老师说给分和考勤都不会为难学生（相信老师），虽然不是社会学专业但是每节课必来听，喜欢老师~
205685,10703,孙金昱,2024-12-11 07:03:27,2,2,0,特别理解学生
206305,10703,孙金昱,2024-12-13 16:34:16,4,4,0,我的女神…
206306,10703,孙金昱,2024-12-13 16:34:34,2,2,0,特别好!
207064,10703,孙金昱,2024-12-19 06:24:49,7,7,0,当代西方社会思想，不点名没有平时任务，期中期末两次考试。平时会布置点reading（虽然我都没看 好愧疚啊…）考试是闭卷，期中是五道题选三道，期末估计差不多，只要上课好好听就可以！老师更注重你的思维逻辑，能不能有条理 清晰地表达你的观点，题本身是没有固定的答案的。上课也一样，会给你自由讨论的环节 你可以自己选择发言，老师都会耐心记在黑板上，不论你说了什么。最后一堂课给我们讲了如何去写论文写作以及文献积累，老师真的很渊博很可爱很关怀学生，其实不来上课不会怎么样（本人经常翘课听智云www对不起🧎‍♂️）不过老师会有点小失落但是也不会说你什么毕竟都不放考核里面。总的来说可以冲呀～
211381,10703,孙金昱,2025-01-11 09:25:26,1,1,0,完全的女神老公….性别与社会特别好的一门课，老师知识渊博且尊重学生，给分也相当良善啊！
212611,10703,孙金昱,2025-01-14 09:19:25,4,4,0,当代西方：特别好的一门课，讲课内容很丰富也挺有意思的，老师人也很好很体谅学生。虽然最后我的成绩不太好，但我还是会永远支持女神的。
213574,10703,孙金昱,2025-01-18 10:11:25,3,4,1,老师人非常好，干货满满，很有水平。\n\n不过给分似乎有些随机了，说考试哪种观点都可以，主要看看我们的看法，没有评分标准，没有公开期中成绩，也没有对期中的情况进行点评，期末还是一样，最后只看到一个总分，分低了也不知道哪里出了问题。
213907,10703,孙金昱,2025-01-21 07:49:55,3,3,0,什么都别说了这是真妈妈😭
215286,10703,孙金昱,2025-02-25 03:53:59,1,1,0,特别好的老师！
216975,10703,孙金昱,2025-03-30 17:16:09,2,2,0,就是完美
197708,10704,张晓鸣,2024-08-03 06:16:59,1,2,1,做定量的老师！张老师人特别特别好，备课很认真、对学术热情也很高！课后去提问老师会留下来给出很详细、很耐心的回答。给分也超级善良～～
221987,10704,张晓鸣,2025-06-28 08:51:01,0,0,0,课上得很好，内容很丰富而且很清晰。考核方式是展示一篇论文+期末论文。老师人也很好，看起来真的很喜欢做研究
