评论id,老师id,老师姓名,发表时间,点赞减去点踩数量,点赞量,点踩量,内容
28220,32,叶艳,2016-06-28 08:17:29,0,2,2,很负责的一个老师
58728,32,叶艳,2017-09-16 05:30:13,1,2,1,不喜欢
61307,32,叶艳,2017-11-28 06:34:00,1,1,0,呕……………
104732,32,叶艳,2019-03-26 15:23:07,4,6,2,说话方式让人极其不适，总感觉她字里行间表达着对你的不满
126691,32,叶艳,2020-10-14 05:09:05,0,1,1,挺好的！
128402,32,叶艳,2020-12-22 08:37:22,-3,1,4,呵呵，我从来没有见过这么不负责任的老师，所有东西都弄得一团乱，同学们问也给不出明确的答案，作业还搞互评，互评多么不公平你心里没点b数吗？说对分数有异议可以去找她但是同学去找了就是糊弄一下然后再也没有了下文，称得上我学生生涯里最离谱的老师
131882,32,叶艳,2021-01-29 08:05:19,0,0,0,在心理测量实验课中学习到了很多东西，可惜没有上到发展心理学的实验课
168214,32,叶艳,2023-02-03 09:11:11,0,2,2,好老师！心理系最认真负责上课最清晰的实验老师！不接受反驳！每次期末会主动公开实验报告成绩和平时分！也很可爱！
200886,32,叶艳,2024-10-24 05:19:32,0,0,0,说话感觉看不起学生，前后言行不符
203156,32,叶艳,2024-12-11 15:33:58,1,1,0,课讲不好，作业布置不明白，发站心理学和心理测量让我们写科普文、写教案、给小学生上科普课的意义在哪
15001,49,王慈,2016-01-11 13:10:21,3,4,1,王爸爸
26334,49,王慈,2016-06-17 03:00:13,1,3,2,王爸爸
35039,49,王慈,2016-10-31 06:13:06,1,2,1,王爸爸
59782,49,王慈,2017-09-27 02:54:07,11,12,1,天呐居然没有人给王爸爸评分，真的是一个超级无敌巨温柔可爱的老师了
63565,49,王慈,2017-12-07 02:53:32,0,5,5,2017年的心理学导论实验部分使我第一次产生轻生的念头，这种课开出来不知是什么意思，建议和系主任反映一下，别再恶意搞学生了\n\n
66679,49,王慈,2018-01-18 07:47:27,3,6,3,没耐心.很烦\n\n学生和他说话就只会怀疑学生做的不对.\n\n怎么说，虽然老师人不错\n\n但是很烦
74997,49,王慈,2018-03-07 02:42:03,2,4,2,实验课上的很玄妙，成绩什么的不懂是什么规则
103496,49,王慈,2019-03-28 13:18:33,5,6,1,一级温柔与慈祥！好！
105077,49,王慈,2019-04-03 07:54:29,-1,1,2,超好的老师
105078,49,王慈,2019-04-03 07:55:09,2,3,1,王慈爸爸真的人好温柔说话又有意思了！实验报告也没有格式要求，真的特别友好了！
12896,98,张琼,2015-12-24 07:48:01,3,11,8,呵呵无聊还凶
20128,98,张琼,2016-01-26 07:19:11,0,5,5,老师比较温柔
21515,98,张琼,2016-02-29 05:48:21,25,35,10,讲课挺没意思的
26329,98,张琼,2016-06-17 02:54:43,14,17,3,讲课挺没意思，不如自学
30782,98,张琼,2016-07-02 13:02:17,4,7,3,比较压抑
32347,98,张琼,2016-07-06 08:03:34,-2,3,5,给分不错
35442,98,张琼,2017-01-20 12:09:42,2,7,5,老师对心理学很有研究\n\n讲课有想法 材料很好\n\n有干货\n\n讲课不按课本 不给ppt \n\n给分迷\n\n非心理系或对心理学有浓厚兴趣慎选
35755,98,张琼,2016-11-10 08:03:23,12,18,6,真的很不喜欢这个老师。不明白，算是出国过了厉害了？好好说了几十年的中文不会说，一定要夹着英文说，说的那些又不是专业名词?? 上课也学不到什么
36233,98,张琼,2017-01-08 13:39:36,9,15,6,呵呵/::) 感觉她上课什么都没讲，期末不给重点，不给ppt，呵呵哒
38496,98,张琼,2017-02-28 11:52:10,0,8,8,经常点名……讲得也不算差，有时候跟书本顺序不一样然后就经常找不到…她也不说在哪里。
39627,98,张琼,2016-12-26 07:56:10,5,7,2,建议蹭课，别选0，0
41126,98,张琼,2019-01-19 15:53:00,12,16,4,绩点即将被一门和我专业毫无关系的课给毁了
45663,98,张琼,2017-01-20 02:19:33,2,2,0,此说并非发泄，只为警醒世人，三人行必有吾师，因而必有鸡鸣狗盗有才华。
47567,98,张琼,2017-02-01 02:50:03,-4,3,7,讲课无聊，不给重点，但意外的给分好
47813,98,张琼,2017-02-25 17:01:29,0,5,5,老师还蛮好的呀，给分也不错，考试前会画重点的，而且还友情提示了一些，没有说的那么差，上课也是蛮有趣的
48119,98,张琼,2017-02-28 14:25:49,0,1,1,老师很温柔的，期末没有ppt，不过好好背书，还是不难的。
49211,98,张琼,2017-03-29 12:20:42,0,5,5,首先老师点名，几乎每节课都要点，第二很多人说上课无聊，那是你们没认真听吧，一学期的课我都坐第一排，PPT挺好，还有很多视频，上课前最好花点时间复习上节课的内容，老师每节上课前都有提问，那些问题很重要，几乎都是重点，期末会有考到。我觉得挺有收获的，虽然最后只有3.9。
65196,98,张琼,2017-12-30 14:29:55,3,7,4,老师说话虽然比较细声细气，一开始有点不适应，但是适应了以后还是能感受到老师的魅力的。PPT内容很丰富，课上看了很多有意思的视频，还请过医生来上了一节很有趣的催眠课 (＾▽＾) 。考试没给PPT，主要靠背课本，不过题目基本上都在书上，不是特别难。
66390,98,张琼,2018-01-16 00:39:01,-1,0,1,
104043,98,张琼,2019-03-11 02:49:34,6,8,2,上课太烦了，难受
110791,98,张琼,2019-06-28 08:26:54,6,9,3,发展心理学，期末考核今年改成写论文了。上课迷，感觉讲课水平不太行，互动差，明明很有意思的内容硬生生被她讲得很无聊？每节课好像没啥逻辑，听课的同学不多，有时候放的录像倒是挺好玩的。每节课都点名或者小测（大概有三四次，需要自带白纸），还会强行叫同学回答问题。每节课都去，论文也认真写了，还做了心理学实验有点加分，但最后成绩一般，可能是我论文写得不好吧（挠头），所以给分就不作评价了。个人建议别选，旁听也不太建议吧，真的对发展心理学感兴趣不如自己买本书看看国外大学的网课
110795,98,张琼,2019-06-28 08:35:26,0,3,3,抱着会被绩杀的心态选上了发展心理学及应用，最后给分真的很好。只是想说老师并不是绩杀，虽然老师讲课没有那么地好，而且课堂是以互动的形式开展，可能会让不喜互动的同学感到不适，但还是值得一听的。当然，如果不喜心理学，那就另当别论了。
118244,98,张琼,2019-10-23 13:16:37,0,1,1,呵呵?
118668,98,张琼,2019-11-17 23:56:02,5,6,1,谁还没好好写论文了。。。只是水平各有高低，有的人适合考试有人适合写论文，反正给分真的不好，给分高是少数论文写的好的（这对上课认真听的同学非常不公平），我想我是好好写了，也做了实验有加分，我知道写的一般般但也不用给我这种绩点吧？建议各位不要选，蹭蹭课好了，想要绩点的别选，容易3.0、3.3
119319,98,张琼,2019-11-12 05:14:28,2,3,1,心理学及应用很有意思的哦
119411,98,张琼,2019-11-12 23:42:21,0,1,1,真的让人不舒服 讲的无厘头 绩点莫名低 建议别选?
119431,98,张琼,2019-11-13 00:47:33,1,3,2,论文好好写真的不会被绩杀，事情巨少，写个论文就行，考试就10道选择，以上个人感受，仅供参考，反正我觉得不错
119432,98,张琼,2019-11-13 00:49:50,4,8,4,老师上课挺有趣的，会在课上做很多心理测试。会有互动叫同学回答，但都不是很难的问题。事情很少，没有作业也不用展示。课堂小测不难吧基本上就是点名用，期末有一次十道选择题的小测，我大概会6道，因为是开卷的书里找找就好了。做心理学实验有加分，我做了挺多次的大概可以加5分了（5分上限），每一节课都到了，自己觉得论文写得不咋样但最后4.5。就是论文布置有点迟，不过…也还好提前了两周吧…
119435,98,张琼,2019-11-13 00:54:40,-8,3,11,老师好温柔啊啊啊啊！！给分也很好啊！你只要论文好好写，分数不会很低的啊！
119436,98,张琼,2019-11-13 00:56:25,1,2,1,?杀！
119440,98,张琼,2019-11-13 00:59:20,1,2,1,还可以，就是分给的不高
119443,98,张琼,2019-11-13 01:07:45,0,1,1,课挺好，给分差
119453,98,张琼,2019-11-13 02:00:18,0,1,1,给分挺低的\n\n
119577,98,张琼,2019-11-14 01:47:57,0,1,1,我同学上完一个秋学期，直接回甘肃了不想学了，我没理解，冬学期我也选了，希望绩点能上1.4
119662,98,张琼,2019-11-14 17:00:23,2,2,0,认真上课还被挂科的唯一通识了
119952,98,张琼,2019-11-17 01:50:09,3,3,0,老师一开始讲故事声音就不自觉放低，但是故事常常没头没尾的，而且感觉我什么都没学到，老师也不给PPT，唉，绩杀不解释
121423,98,张琼,2019-12-16 08:09:03,0,0,0,挺无聊的
127736,98,张琼,2020-11-26 08:29:55,2,4,2,感觉自己论文写的一般，但还是拿了4.5的绩点，谢谢老师
127823,98,张琼,2020-11-28 02:37:23,2,2,0,上课很温柔，就是作业有点多，总之最后给分也满意了，谢谢老师给的绩点
127834,98,张琼,2020-11-28 05:10:14,4,5,1,作业非常少，最后一节课留的作业就是给这门课提提建议，就是上课声音有点小（比较容易困困啊哈哈），感谢老师的绩点！
127847,98,张琼,2020-11-28 13:42:57,3,3,0,事挺少的，就是论文好好构思一下，老师很温柔
127849,98,张琼,2020-11-28 16:05:18,2,2,0,真的还不错吧，挺水的
127991,98,张琼,2020-12-02 11:28:16,0,2,2,张琼老师真的好，不知道为什么评分这么低，但真的给分好，讲课有趣！！
128633,98,张琼,2020-12-25 01:28:46,1,3,2,认真听的话老师讲的小实验还是很有趣的，论文有点难，但是好好写加上做实验还是可以拿高分呢(✪▽✪)
128918,98,张琼,2020-12-27 01:23:28,2,2,0,很喜欢参加的心理实验！
129025,98,张琼,2020-12-29 01:31:30,1,1,0,恶心到我了，绩杀，慎选
129599,98,张琼,2021-01-08 08:24:22,0,0,0,发展心理学及应用通识课\n\n老师课上经常有点名形式的互动、小实验，不会特别管做与课程无关的事的同学但会强行拉人起来回答问题。还有老师说话声音有些太轻了，而且经常中英文夹杂着say（明明不是专业术语，没有必要的）...\n\n一共布置了四次作业，期末是一篇2000～2500字的综述，写得和心理学关系不太大，估计得分也挺惨的，但最后被做被试的加分救回来了。So记得参加心理学实验并让主试盖章！
130274,98,张琼,2021-01-20 12:09:22,0,1,1,千万不要选她的发展心理学，绩点杀手，胡乱正态，见过最垃圾的老师了
139412,98,张琼,2021-07-15 09:47:27,3,3,0,发展心理学。。。被绩杀了
151362,98,张琼,2022-03-01 11:06:28,3,3,0,太无聊了，不如自学
151983,98,张琼,2022-03-22 11:29:53,3,3,0,发展心理学，讲课水平很微妙，不给PPT，而且讲的完全没啥逻辑，想学这些东西的真不如自己看书
152472,98,张琼,2022-04-12 11:19:32,2,2,0,微辅修的发展心理学课程。老师讲课说话声音轻且细，听起来有点费劲；知识不系统条理，讲课没有生机活力。也许是个人能力不够吧，感觉半个学期下来对发展心理学的热情被消磨的差不多了。选这门课并不是为了所谓微辅修学位，期末考前背书补天也并非本意。可惜老师并未意识到，只能说对这门课有点失望吧。
162249,98,张琼,2022-11-18 08:36:22,1,1,0,评了5分，因为讲课感受中等，不算坐牢。但是不知道为什么给分非常奇怪。这学期的没有期末考，然后在课堂都会布置一个小题，每节课的我都很认真的写完交上去（除了第一节节课因为播放的纯英文视频，无字幕看不懂才没交上，但是最后的课程感受里面我说了这个事，可能老师觉的英语水平不行还要多扣几分吧），还有心理学实验做了2个，据说有加分，期末论文也比较认真，要说完全不抄那不可能，还是借鉴了几篇文章，有很少的字段重叠，要扣分可能这里扣了不少。但是最后只给了71分（2.7绩点），我是万万没想到，合着加分项都变成扣分项，缺一次当一半算是吧。反正给分过于玄学，不知道怎么算的，还好我也不怎么在意绩点。这课还是蹭着听一听就行了，选的话有风险。
166496,98,张琼,2023-01-12 11:38:30,2,2,0,给分很迷
166587,98,张琼,2023-01-13 02:35:14,0,0,0,给分很迷
171667,98,张琼,2023-03-31 12:06:12,0,0,0,上课不发PPT，问个问题还爱答不理的，群里发消息都不回私信，讲课毫无逻辑
171816,98,张琼,2023-04-06 11:06:15,0,0,0,怎么一股社达味？
183878,98,张琼,2023-12-02 10:27:12,2,2,0,老师人还是很好的，课上也不需要听很多内容，有的时候会让我们做做小测试，不想听课的话可以做做作业。至于绩点很迷，我的评价是通识课就是和老师混个脸熟名字熟，绩点真的无所谓了
184001,98,张琼,2023-12-06 02:42:56,2,2,0,老师挺好的，讲话温温柔柔，就是不发ppt，问了问题忙起来也没有回复，选了发展心理学与应用，只要论文好好写（最好给老师过目一下），实验分加满，多戳戳助教，最后给分挺高的。
190337,98,张琼,2024-02-28 07:42:55,23,24,1,讲课无聊，半天抓不住重点。自以为举的例子有意思，但和很多思修老师上课举的例子没啥区别，课也和思修上得差不多。看起来想活跃课堂氛围，到处走动强制叫学生回答问题，但问题并非有意义的开放式提问。相反，都是很无味很干瘪的、闭卷考试填空题式的问题。作用则是适得其反，很尴尬。并且略微带点专业歧视（可能老师本意没有，只是贴主本人主观的感受，但存在这种倾向），喜欢临床和cs的学生，似乎有隐隐觉得其他专业的学生选这门课是在浪费资源。
190341,98,张琼,2024-02-28 08:13:01,3,3,0,1分，我认为人品有问题
197592,98,张琼,2024-07-20 12:14:11,2,2,0,纯nt
201674,98,张琼,2024-11-17 11:13:44,4,4,0,不知道在讲什么，没有逻辑思路，天天莫名其妙笑来笑去，天天讲她儿子，反正挺神经的\n\n很好  绩杀
202839,98,张琼,2024-11-14 23:00:56,5,6,1,吐了，不要选她的课，为了能有个好成绩，明明有认真对待每项任务，最后只有3.9的均绩（大一新生来了大学妥妥开了三个坏头，真的有点伤心）还要我怎样？！
202950,98,张琼,2024-11-15 10:47:01,3,3,0,老师总体来说还可以，上课轻松，论文轻松，给分也相应的较低呵呵，还行吧。
202983,98,张琼,2024-11-15 15:55:38,0,0,0,给分迷😅
203080,98,张琼,2024-11-16 11:19:49,1,3,2,老師很溫柔，只要好好寫論文分不會低的
203169,98,张琼,2024-11-17 14:37:01,2,2,0,垃圾，绩杀，快跑
206480,98,张琼,2024-12-15 11:55:55,0,0,0,有种人生被她毁了的感觉…
207004,98,张琼,2024-12-19 03:13:29,0,0,0,绩杀绩杀绩杀
26336,551,张智君,2016-06-17 03:01:32,0,0,0,课讲的还是不错的
54666,551,张智君,2017-06-30 03:49:16,0,0,0,玄学。。。
82372,551,张智君,2018-07-08 04:15:03,0,1,1,刚考完试过来给学弟学妹们福利。复习一定要多看重点实验！我觉得实验记住了就没啥问题了，奈何我……\n\n题目 生理心理学学科与神经生理学的关系。生物化学技术应用。额叶。PET关于言语感觉的那个实验。\n\n算了心情太差了 不想回忆了
84976,551,张智君,2018-07-14 23:25:45,1,1,0,3.9
110661,551,张智君,2019-06-28 03:19:35,3,4,1,萌萌哒老爷爷，就是生理心理学这门课本身。。。。
111488,551,张智君,2019-07-01 21:15:45,3,3,0,上课干货很多、跟课本不一样，考试考上课的内容而不是课本的内容，专题必考一题
111539,551,张智君,2019-07-02 01:48:22,-4,4,8,课上讲的东西很多，但其实课本上的干货更多。给分蛮好的，卷子上一道题不会还能上4
111546,551,张智君,2019-07-02 01:57:07,3,4,1,老师好热情的讲课 虽然平时很难跟上 但是复习了一整天效果蛮好的
125618,551,张智君,2020-09-12 11:18:53,0,2,2,讲课很无聊，基本就是读PPT，考试也很迷，主要背讲过的实验，给分挺差的，不给调分
137225,551,张智君,2021-07-02 12:07:15,0,2,2,讲课一顿输出，就只会念ppt，期末害死人
141087,551,张智君,2021-09-23 05:24:43,0,0,0,老师上课很认真
147260,551,张智君,2022-01-09 10:07:34,0,0,0,上课内容准备充足
151729,551,张智君,2022-03-14 03:12:20,0,0,0,hhh
154680,551,张智君,2022-06-03 07:54:14,1,1,0,老师人很好，但是课一般般～～～
157782,551,张智君,2022-06-24 23:00:21,0,0,0,上课其实学不到啥东西，考试全考临时抱佛脚地死背，然后给分挺严的，按照我的成绩应该是完全没有调分……不过上课内容准备还是很认真的，有一点点佛的老师。
157879,551,张智君,2022-06-25 09:55:00,0,0,0,讲课方式一般，内容充实。
177803,551,张智君,2023-07-05 02:26:37,3,3,0,绩点薄纱，期末卷跟历年卷几乎没联系感觉，不知道在学什么，不知道在背什么，不知道在考什么
177811,551,张智君,2023-07-05 02:37:08,6,6,0,强烈建议修改这门课的评分标准
194725,551,张智君,2024-06-25 05:49:23,1,1,0,哎，一定要提前好好背，感觉今年题目挺简单的（如果好好背了的话），笨人没背熟，考的一塌糊涂，但是看周围同学反馈都挺不错的，心情低落呜呜，都不想复习实心了。来此一游希望助教可以捞一下我啊啊啊啊啊
196446,551,张智君,2024-07-03 12:41:44,1,2,1,纯sb
196601,551,张智君,2024-07-04 08:00:20,1,1,0,服了。。。
219740,551,张智君,2025-06-05 04:58:41,2,2,0,这门课真是说不出地烦，教材、课件、老师都让人学不下去…………
1859,625,卫薇,2016-06-16 15:17:26,-3,10,13,基本就是照着书念。给跪。。。下课铃一打就下课。话说一半。听的这个难受。。
5606,625,卫薇,2015-07-08 15:59:20,10,15,5,老师超年轻超温柔！课上会放心里实验相关影音资料，感受得到老师是用心准备了的～另外最后给分相当不错哦～
29506,625,卫薇,2016-06-30 01:52:49,6,8,2,平时分和考试55开，所以压力没那么大；考点很清楚，每张都会讲，平时的练习也很有用，讲课清楚，很温油～
31575,625,卫薇,2016-07-04 06:55:52,7,8,1,认真就有收获，比很多超级随意的老师好
32112,625,卫薇,2016-07-05 15:52:55,6,7,1,平时分50分只要稍微认真点，加上实验加分拿到，可以拿满?
33428,625,卫薇,2016-09-19 08:30:38,0,2,2,要选吗……⊙_⊙
38979,625,卫薇,2016-12-20 06:57:53,-3,6,9,很坑很坑很坑
43141,625,卫薇,2017-01-16 00:42:05,6,6,0,超喜欢老师的课！\n\n老师人超好，上课会放很多有意思的心理学视频，而且很贴合讲课的内容，平时任务还是有的，毕竟55开，但是个人作业给分真心好，平时分拿满了！
45179,625,卫薇,2017-01-19 05:47:53,7,7,0,老师挺好的，平时分比较容易拿
48349,625,卫薇,2017-03-02 08:32:55,0,1,1,认真听真的有很多很好的东西，想水水过的也就别选了。\n\n
48901,625,卫薇,2017-03-16 02:55:03,0,1,1,很喜欢老师的课，都是干货。只要上课认真听，肯定满绩
56874,625,卫薇,2017-07-05 02:05:02,2,3,1,超级好的老师和助教！付出一定会有收获～
56875,625,卫薇,2017-07-05 02:06:27,0,1,1,老师很好，平时分可以争取满，考试认真背就会有不错的成绩，推荐～
56877,625,卫薇,2017-07-05 02:07:25,5,5,0,这是我第一次评价，老师超温柔，考试只要把ppt后面写的重点背下来就好：）平时有两次小测，但很简单，有一个计划书的大作业，但给分超好^_^所以平时分很容易拿满，期末只要认真背了就可以满绩！
56879,625,卫薇,2017-07-05 02:10:25,0,1,1,老师美丽温柔～给分也超好
56918,625,卫薇,2017-07-05 03:19:55,1,2,1,上课很有趣。 好好背?点不会差
56947,625,卫薇,2017-07-05 04:24:34,2,3,1,老师讲课严谨思路清晰，把社会科学研究的要点梳理得非常清楚，会结合许多有意思的视频，认真学能收获很多。各项分数占比也划分得很细致，公平公正，大学里遇到的好课。
56988,625,卫薇,2017-07-05 05:59:21,2,3,1,啊真的超级好的老师和助教啊，最后的大作业迟交了还以为只能零分了结果助教大大还是给分了哈哈好开心，认真背知识点真的会有好成绩的，第一门满绩的课！
111649,625,卫薇,2019-07-02 10:39:52,0,0,0,老师人很好，助教也很负责。
114275,625,卫薇,2019-07-09 17:08:31,0,0,0,可以不要卡我绩点嘛
114336,625,卫薇,2019-07-09 22:46:24,-4,2,6,上课前会放心理相关的电影，上课老师讲的比较快，但会有复习，讲的内容＞考的内容，要考的范围是讲过的和书上知识点的交集，其实只要看PPT上标注的章节重点即可。两次小测会出填空题，没有把握可以往后坐几排（你懂的），在期末会布置一个大作业设计实验。虽然小测和大作业可能差距和别人可能有点大，但在平时分结分的时候差距会缩小不少，考试题比较简单，重点在最后的实验设计。可水。
114345,625,卫薇,2019-07-09 23:17:36,3,3,0,老师炒鸡好，助教炒鸡好，挽救了一个学渣的? 点。学习帝上这学期平均给分3.96。
122932,625,卫薇,2020-04-22 06:29:36,0,0,0,老师讲课非常有条理，准备了很多很经典的案例，从这门课上学到的东西在其他社科类的课上也会用到！老师对课程的安排也很清晰，作为一个长学期的课，作业不算多。从这门课上学到的东西是非常实用的！
138464,625,卫薇,2021-07-09 10:25:17,0,1,1,讲课讲得很好，但容易困。给分可以的。
139604,625,卫薇,2021-07-18 09:27:25,1,1,0,老师很好！条理清晰重点分明讲的东西都非常清楚还有丰富的补充资料，说话风格也非常让人舒适
158174,625,卫薇,2022-06-27 10:16:20,1,1,0,给分不太好 但是学到的东西挺多的
178024,625,卫薇,2023-07-06 09:50:23,1,1,0,非常严格，不讲情面，自己看着办吧
178150,625,卫薇,2023-07-07 07:42:36,-2,0,2,很严谨的老师，上课比较有条理，复习也没别的资料，对着ppt看就行了，给分不错。\n\n不要缺勤！不要缺勤！不要缺勤！后果自负
196412,625,卫薇,2024-07-03 08:50:14,1,3,2,心理测量微辅修，老师很好，讲课很好，给分很好！
218075,625,卫薇,2025-04-20 09:55:05,5,6,1,神人视频编码作业，一个人做6个小时，给你当苦力，嘻嘻
218077,625,卫薇,2025-04-20 10:20:34,0,1,1,能学到东西的都是神人了。
221202,625,卫薇,2025-06-22 02:47:40,0,0,0,老师给分很好
4494,728,董一胜,2015-06-24 02:40:40,-6,15,21,一个字爽！
20536,728,董一胜,2016-01-28 12:10:54,-12,11,23,一个字 励志
22889,728,董一胜,2016-03-14 07:06:42,-12,10,22,好好好
23463,728,董一胜,2016-03-30 13:41:47,-11,24,35,送老师一张敬业福。从上午一直批改作业到晚上，一个个地指出问题。超级感动的
25840,728,董一胜,2016-06-11 12:20:19,-12,24,36,老师超级萌?
26965,728,董一胜,2017-01-19 07:05:26,3,27,24,有多少人爱就有多少人黑，贵系理念的集大成
28182,728,董一胜,2016-06-28 08:13:19,-13,11,24,我爱她，我还能说什么
34908,728,董一胜,2016-10-26 10:31:38,16,29,13,喜欢开电扇
40106,728,董一胜,2016-12-29 07:42:23,-17,10,27,非常好的老师，有点强迫症哈哈
42326,728,董一胜,2017-01-14 04:29:55,29,44,15,机器人
49653,728,董一胜,2017-10-17 04:47:54,40,65,25,不认同他的教学理念
51486,728,董一胜,2019-03-28 16:55:14,59,84,25,死脑筋，误人子弟
55458,728,董一胜,2017-07-01 13:53:12,28,47,19,麻蛋最后平均分70–，心理系最坑课之一，动不动就零分乱扣分误人子弟！！！
56249,728,董一胜,2017-07-13 08:36:04,11,16,5,???
58176,728,董一胜,2017-08-15 07:33:19,20,28,8,无fuck说
58217,728,董一胜,2017-08-24 13:43:05,0,11,11,给分给在批改认真细致和专业知识以及勤劳程度\n\n扣分扣在毫无道理的拉低平均分宣称正态（嗯差不多平时分90折合70）和完全不讲正常人情\n\n挺矛盾的一个老师吧，但是还是衷心希望别再有老师的课了——绩点真的伤不起
58711,728,董一胜,2017-09-15 10:35:59,-4,14,18,心理系两大魔王之一，学习指导绝对的完美主义，可以百度的问董老师绝对不给回答。真的超级敬业，不过也稍微僵硬了些。
58921,728,董一胜,2017-09-18 12:41:47,11,17,6,不讲课
59329,728,董一胜,2017-09-21 02:09:07,20,30,10,不适合当老师
59375,728,董一胜,2017-09-21 05:34:56,-6,13,19,很严格，但是对学生很有用
59383,728,董一胜,2017-09-21 05:47:32,-8,18,26,是好老师的，不该比萌萌低?
59384,728,董一胜,2017-09-21 05:47:38,-11,10,21,为董一胜打call！
59385,728,董一胜,2017-09-21 05:48:23,-6,15,21,董老师很棒！面批到晚上9:30，认真！
59386,728,董一胜,2017-09-21 05:48:30,-12,11,23,受益匪浅！比萌萌分低应该只是因为萌萌比较萌！
59387,728,董一胜,2017-09-21 05:50:26,-14,9,23,逻辑上面的东西讲的很清晰。\n\n面批作业很认真！可以收获很多东西\n\n超喜欢的啊！
59410,728,董一胜,2017-09-21 07:42:12,-8,17,25,老师真的很认真负责！以前根本不知道报告怎么写，听了老师的课，老师对论文格式的严格要求终于让论文规范了很多，记得有一次面批程序到很晚，老师也没吃晚饭还分了自己的饼干给我们，对于一些没看懂的问题也会和你讨论你是怎么想的，看到老师这么被伤到的样子默默心疼一波……
59419,728,董一胜,2017-09-21 08:36:41,31,46,15,伪君子，自己的观念都是错误的，还试图操纵学生喜欢他，强行斯德哥尔摩综合症
59427,728,董一胜,2018-03-17 05:59:00,-35,12,47,这底下的某些评论让我见识到了什么叫真正的伪君子。\n\n另，这破app已经成了发泄情绪的垃圾场，再不想办法解决迟早要完
59458,728,董一胜,2017-09-21 13:24:22,24,36,12,年轻人们，半年后你们就会知道你们被这个老师耽误了
59481,728,董一胜,2017-12-08 01:52:59,-27,13,40,董老师是严格了一点，但是有原则是好事啊，虽然我成绩很差，但是董老师是好老师是事实，没必要因为自己成绩不好就给老师差评，老师多用心，不辞辛劳的，那些差评的自己几斤几两心里还没点B数么，要把气撒在这种匿名评价上，可笑。
60018,728,董一胜,2017-10-04 02:46:53,16,24,8,兵强则灭，木强则折
60587,728,董一胜,2017-10-24 13:28:55,9,17,8,系网炸了，认知实验网完好无损
60801,728,董一胜,2017-10-30 11:39:56,24,35,11,认真是认真，所以勉强加三分。把您对我的不公平，权当做进入社会前面对不公平待遇的历练。真是是一路由粉转路再转黑。在您手底下学习要是不讨您喜欢是真的受气。
61308,728,董一胜,2017-11-14 07:30:43,5,9,4,呃……
62248,728,董一胜,2017-11-23 12:12:42,-9,15,24,这么好的老师要珍惜啊 这个社会上对我们负责的人除了父母外真的很少了 为什么老师那么负责 不是因为老师吃了饭没事干 是因为老师为我们好 点点滴滴都是希望我们进步 为以后的发展培养好习惯 打好基础 感恩遇到董老师这样负责的老师！
62410,728,董一胜,2017-11-25 07:39:59,-15,6,21,宇宙超级无敌认真负责的老师 大写加粗的赞
64436,728,董一胜,2017-12-23 14:46:12,11,14,3,？？？
72625,728,董一胜,2018-01-30 14:02:31,17,27,10,为什么不能打0分
75057,728,董一胜,2018-03-07 07:09:57,-7,6,13,还不错啊 .将就吧.
75058,728,董一胜,2018-03-07 07:11:15,-13,4,17,严格不失风趣\n\n
75300,728,董一胜,2018-03-09 00:12:10,8,16,8,严格不是风趣
75789,728,董一胜,2018-03-18 06:22:45,-9,10,19,肥肠好的教师
76624,728,董一胜,2018-04-16 12:55:29,21,26,5,除了敬业没有别的优点，实验报告不看内容只看细节
76692,728,董一胜,2018-04-18 11:39:38,16,22,6,可能董大哥生来就会编程吧，学不来学不来
78091,728,董一胜,2018-05-09 09:59:33,8,14,6,嗯 很敬业 讲课也讲的还可以 被他面批指出的错误也确实存在  不过把自己的观念强加在别人身上很恶心
79123,728,董一胜,2018-05-23 13:17:15,-9,8,17,董先很可爱啊！而且很敬业， 我为董先森打电话
79957,728,董一胜,2018-06-19 19:27:54,11,14,3,呵呵呵
80220,728,董一胜,2018-06-22 01:31:40,15,19,4,我们要好好感谢董老师，感谢他的死脑筋坑学生
80514,728,董一胜,2018-06-27 10:18:58,46,50,4,董之面批，小顶嘴则自灭，大顶嘴可能存活，顺从如绵羊亦可能存活。存活程度一半看修行，一半看心情。实验报告建议早批，留足好印象，晚批之流常被蔑视至尘埃蝼蚁(顶端大佬除外)。总之，察言观色，左右逢源，见风使舵，虽有万分不服依然表露如坐春风高山仰止之态，如此为之，必成大材。
86044,728,董一胜,2018-08-29 13:09:22,18,23,5,浙大心理系劝退最佳榜样
88004,728,董一胜,2018-10-20 11:33:36,-11,10,21,重要的事情说三遍
88005,728,董一胜,2018-10-20 11:33:47,-13,8,21,有安全感
88006,728,董一胜,2018-10-20 11:34:55,-15,9,24,董老师幽默风趣，挺喜欢哒！
88007,728,董一胜,2018-10-20 11:36:11,-15,7,22,很认真的老师，脑回路太好，有点跟不上他的节奏。
88008,728,董一胜,2018-10-20 11:36:39,-13,11,24,如沐春风，非常认真仔细用心的老师，上课风趣幽默，把难懂的统计学都上得通俗易懂，人生好老师！
88009,728,董一胜,2018-10-20 11:37:31,-12,9,21,很精彩
88010,728,董一胜,2018-10-20 11:37:41,-15,9,24,很风趣，感觉讲课真的很不错??
88011,728,董一胜,2018-10-20 11:37:49,-12,11,23,认真 原则 风趣
88012,728,董一胜,2018-10-20 11:38:58,-14,8,22,通俗易通
88013,728,董一胜,2018-10-20 11:39:40,-14,8,22,老师严格是好事情，有些时候老师的仁慈其实是在害你。
88014,728,董一胜,2018-10-20 11:39:43,-12,10,22,简直是老师中的战斗机，不抛弃不放弃，把文科生夸上天，打足了鸡血，文科生表示残脑也要学统计学。
88015,728,董一胜,2018-10-20 11:40:10,-14,6,20,董老师的孜孜不倦一定能让你起死回生！
88016,728,董一胜,2018-10-20 11:41:18,-14,8,22,认真细致，不厌其烦，严谨不失风趣，有自己的Style。
88017,728,董一胜,2018-10-20 11:42:07,-13,17,30,必须满分啊，能把统计讲成段子也就董老师了。虽然一直威胁59分也不给及格，听不懂真的只能怪自己数学太渣?
88018,728,董一胜,2018-10-20 11:44:27,-11,11,22,知识飞快右不懂到懂
88019,728,董一胜,2018-10-20 11:44:35,-11,14,25,很认真的老师，不怕麻烦不怕讲就怕我们不懂。点赞！
88020,728,董一胜,2018-10-20 11:44:49,-15,11,26,董老师非常认真，简直是呕心沥血，一整天都在教室，为了能让大家答疑，牺牲了自己的午饭时间。下午放学后最后一个走。老师辛苦，您的付出和用心，我们都懂。感谢感恩。
88022,728,董一胜,2018-10-20 11:51:50,-17,8,25,尊重知识，尊重分数，一位令人尊重的老师
88023,728,董一胜,2018-10-20 11:52:22,-14,9,23,董老师这么的负责，有原则的好老师，上的课程难度系数这么高，还能讲的这么好，太难啦，为你加油
88024,728,董一胜,2018-10-20 11:53:43,-14,9,23,喜欢老师的风趣，幽默，严谨的治学态度，真的很棒！? ? ? ? ? ? ? ? ? ? ? ? ? ? ? ? ? ? ? ? ? ?
88025,728,董一胜,2018-10-20 11:54:06,-14,8,22,太喜欢听董老师上课了，绝对10分！
88026,728,董一胜,2018-10-20 11:57:57,-16,7,23,董老师上课幽默风趣，耐心，认真负责，中国需要这样的老师
88027,728,董一胜,2018-10-20 12:00:02,-14,7,21,深入浅出，讲解耐心细致
88028,728,董一胜,2018-10-20 12:01:05,-15,7,22,严谨，认真，客观～不取悦学生，是好老师～
88029,728,董一胜,2018-10-20 12:08:29,-17,5,22,耐心，就是课程比较难
88030,728,董一胜,2018-10-20 12:09:40,-16,4,20,尽职尽责
88031,728,董一胜,2018-10-20 12:10:30,-14,6,20,“不要放弃啊同学们”，“听不懂是正常的，那些听不懂的才是不正常的”? ，把统计讲成这样太不容易了
88032,728,董一胜,2018-10-20 12:12:20,-18,6,24,超刺激～超烧脑～超耐心～超细心～就是老师你体谅下我的脑子跟你的脑子不是一个级别的
88033,728,董一胜,2018-10-20 12:21:11,-15,5,20,认真，尊重学生
88034,728,董一胜,2018-10-20 12:26:46,-16,5,21,认真的好老师\n\n
88035,728,董一胜,2018-10-20 12:31:12,-16,5,21,认真负责的董老师，为你打call！
88036,728,董一胜,2018-10-20 12:42:21,-16,5,21,有趣，超级耐心，好老师！
88037,728,董一胜,2018-10-20 12:42:31,-16,5,21,很热情，很有耐心
88038,728,董一胜,2018-10-20 12:48:39,-21,4,25,明明很风趣幽默的老师啊！可能还没经历过考试所以没有体会到学长学姐们的痛苦吧…不过上课逻辑清晰推导细致，一看就是教数学的～一直强调他的严格大概是希望我们真正重视这门课，再难也要不抛弃，不放弃！\n\n
88039,728,董一胜,2018-10-20 14:30:49,-19,3,22,孜孜不倦
88040,728,董一胜,2018-10-20 14:17:53,-20,2,22,挺好的。非常负责。很有收货
88041,728,董一胜,2018-10-20 14:37:53,-22,3,25,非常负责，幽默风趣
88042,728,董一胜,2018-10-20 15:01:17,-24,5,29,董老师不是money，不可能人人都爱。看评论就知道董老师属于“榴莲型”教师，爱则深爱，不喜则恨。反正目前我挺喜欢，幽默的老师都极为帅气！希望等考试之后，我依然喜爱如初，一定争取不挂科！
88043,728,董一胜,2018-10-20 15:15:02,-20,5,25,把枯燥无味的统计课上的这么有趣也是佩服。竟然我全程听的全神贯注。非常负责敬业的老师。一遍遍给我们讲解直到我们理解为止。搞得我们想放弃都不好意思。有原则。治学严谨。这样的老师一定要??。非常感谢董一胜老师。
88044,728,董一胜,2018-10-20 15:29:16,-3,8,11,教学态度严谨，但教学内容安排不太合理，拖堂严重，填鸭式灌输知识点
88049,728,董一胜,2018-10-20 22:55:16,-22,2,24,相当对得起良心的老师
91884,728,董一胜,2018-12-24 07:57:26,56,62,6,如果不是必修，真的不想上他的课。首先，感觉他根本没上课，不教内容没有硬货，有的时候甚至感觉他自己就不懂。永远活在自己的想法里，一概否认学生的观点，不会有什么实质性的建议。对学生有严重的刻板印象（甚至有歧视意味感觉），如果你第一次不OK，那么对不起，你凉了。改实验报告只看格式不看内容。最虚伪的一点，每次浪费很长时间装着和大家商量，最后还是按自己的想法来，既然这样直接公示不就行了。一言概之，眼高手低，耽误学生。虽然他挺敬业，比如面批实验报告，但是成效呢，说实话你可以学到很多他的格式，除此之外也没什么了，如果你的想法或者说你说的没有提到他想的词，那么对不起，他觉得你根本就不懂。总之，上他的课，别和他怼，他说什么就是什么好吧，为了绩点，很现实。但是请一定要有自己的想法，并且不会因为他而丧失，熬过一学年就好了。当然上述言论只是我个人的看法，自己体会吧。
92895,728,董一胜,2019-01-05 11:30:18,17,22,5,好老师，不错（一条五毛）（能别买水军吗）
93935,728,董一胜,2019-01-14 11:10:01,16,16,0,在他的眼里，第一次你是什么样，基本以后就这样了。
93936,728,董一胜,2019-01-14 11:13:30,25,30,5,整个大学生涯里遇到的最奇葩的老师，刻版印象严重而不自知，口口声声说着公平却做着毫不公平的事情！真的不明白身为一个心理学专业的老师，评分者效应这么严重，给学生打标签，自己居然都没有意识到……尽责是好，但是不把学生的努力当回事，仅凭一己之见如此主观的给分也是佩服，甚至无节制想要占用学生的时间。记住：在董先生的眼里，优秀的人做什么都是好的，辣鸡的人无论如何也做不好? 搞好关系是拿高分的保障哦，成果可比不上人呢
93937,728,董一胜,2019-01-14 11:14:27,27,32,5,这位老师认真负责，最让我敬佩的是他的编程技术，比如你往下拉，他10.20为自己编了程序给自己加了这么多好评，着实让人佩服！（这条不花钱）
93938,728,董一胜,2019-01-14 11:15:42,15,18,3,老师挺好的，编程ok，文采ok，看看10.20的好评就知道。
93939,728,董一胜,2019-01-14 11:20:36,18,20,2,心理系能不能换个老师来开课
94252,728,董一胜,2019-01-16 04:49:53,9,13,4,会给自己刷好评却不反省自己的典范
95493,728,董一胜,2019-01-19 13:03:28,10,14,4,我从未见过如此厚颜无耻之人，还编程给自己刷好评。 心里系得毒瘤
95994,728,董一胜,2019-01-20 10:42:32,16,17,1,课程体验贼差
95995,728,董一胜,2019-01-20 10:42:57,15,16,1,刻板印象害死人！
95998,728,董一胜,2019-01-20 10:54:38,14,14,0,先呵呵为敬
96007,728,董一胜,2019-01-20 11:09:17,0,7,7,刻版印象恶心人，别的方面还行吧
96020,728,董一胜,2019-01-20 11:32:33,-11,4,15,老师很好，在他的课上学到了很多，作为老师董老师尽了应尽的责任。虽然董老师真的很严格，但是董老师也是我在大学见过唯一一个这么负责的老师。谢谢董老师。
96042,728,董一胜,2019-01-20 11:57:18,-8,3,11,非常好 老师很认真
96083,728,董一胜,2019-01-20 12:36:12,-12,3,15,董缺点不少，但不应该被不客观地瞎jb抹黑
96100,728,董一胜,2019-01-20 12:48:27,23,25,2,做老师最紧要是学会自省
96923,728,董一胜,2019-01-21 12:33:09,-24,4,28,请注意10.20的好评是我们班同学给的，发自内心，不要脑洞太大，随意揣测抹黑任何一位负责的老师好吗？
96947,728,董一胜,2019-01-25 15:53:41,20,24,4,让我对心理学的兴趣极快地消失，董一胜绝对功不可没。学了这么多年的心理学对这个世界对他的学生还能这样充满敌意，永远不会思考自己的问题，只会叫嚣着自己的寒心，我听得很烦心！踩一批，夸一批，虚伪恶心，在一个课程群里翻来覆去没完没了发泄私人怨气，只许州官放火不许百姓点灯，我们发表观点就是不知恩图报让人寒心，他说的就必须是正确无比的金玉良言金科玉律，恨不得让别人拿本子记下来翻来覆去背是吗？真想骂出来
100068,728,董一胜,2019-01-25 13:40:01,17,17,0,这辈子见过最恶心的老师，心理系怎么会招这种人来上课
100173,728,董一胜,2019-01-25 16:42:55,41,44,3,严肃地建议一下心理系的领导们考虑一下这个人的去留和授课资格。我非常好奇为什么这种人都能进心理系。很多人说董一胜被差评是因为他对学生严格和认真负责，这纯属胡扯。我现在放下我对他的厌恶客观地评价一下他：1. 讲课水平低。说白了就是个PPTreader，请问一下各位同学他难道有一堂讲得给人留下深刻印象的课吗？除了跟个复读机一样地照念基础知识点他还讲了什么？他根本不配在三本院校讲课，进入浙江大学的心理系就是个笑话，只能反映了领导的无能和引入机制的僵化。2. 自私，根本不考虑学生的感受。用所谓的严格要求学生为借口变相地强加给学生自己可笑的想法。认为自己就是权威，梁静茹给你的勇气？ 3. 人品差到极点，因为学生在课程群里匿名地表达了对他的不满就在群里破口大骂，炮轰学生。还说让匿名的有种站出来。你是黑社会还是老师？不管是查老师还是课程群里有人表达自己的意见和触犯他的权威他的第一想法不是自我反省，而是把匿名的人揪出来报复。恕我直言，你不配当老师，希望你能离开ZJU，别给这个学校这个系抹黑了
100296,728,董一胜,2019-01-26 02:20:47,17,18,1,本来对dys感觉还行，可你最近在群里的各种骂娘行为成功的让我路转黑了。你太装逼了，一天到晚在群里说匿名的有种站出来，真太把自己当回事儿了，因为你是老师才尊重你，真觉得学生怕你什么吗？苏格拉底的话送给你：认识你自己。希望你接受各位同学的建议，重新做人。
103582,728,董一胜,2019-03-01 13:48:14,10,10,0,烂的不能再烂的老师，最难听的话骂都不过分！
103658,728,董一胜,2019-03-04 01:11:13,20,20,0,刷好评的人，你自己想想你们上了一节课而已，我们对着这个老师俩个学期了谢谢！相比之下谁看的更清楚还不明白吗！什么叫大学生不会反省自己！虚长几岁而已，一副说教的口吻真是好笑。这个老师偏见非常严重，对学生的态度差！不接受差评一个劲发寒心寒心，怎么不想想反省自己对学生的态度和自己的教学水平？
104214,728,董一胜,2019-03-14 05:16:18,22,24,2,现在开始直接说学生有心理问题了，董一胜牛逼就完事了昂
104215,728,董一胜,2019-03-14 05:21:16,23,24,1,就冲这老师对学生的态度，被恶心到了。说学生有心理问题？见鬼，我可去你妈的。
104217,728,董一胜,2019-03-14 05:36:01,19,20,1,浪费青春
104220,728,董一胜,2019-03-14 06:09:34,20,21,1,可以开始讲正事了吗？？？
104221,728,董一胜,2019-03-14 06:12:42,16,18,2,有病  报复社会   撒价值观？？
104222,728,董一胜,2019-03-14 06:16:37,22,24,2,……能不能讲正事？我们真的不想听人生经验啊
104223,728,董一胜,2019-03-14 06:17:43,30,31,1,……一句话能说清楚的事情翻来覆去讲了一个月……你说啥就是啥行吧我们认，别浪费时间了行吗？？？
104225,728,董一胜,2019-03-14 06:23:44,-21,4,25,我觉得还好吧！老师说学生有病，不也有学生说老师有病吗？可能话是多了一些，但点开评论看到一堆难听的谩骂，还是被当代大学生惊到了！
104226,728,董一胜,2019-03-14 06:44:52,7,8,1,啊你们都在啊
104232,728,董一胜,2019-03-14 07:58:32,30,33,3,现在就开始喷董老师了啊？这怎么行？那你们以后两个学期怎么办？别以为对他的印象会改观，只会不断发掘她各种恶心人的点，而且！他不仅不肯改还有对你不依不挠一直骂你，已经不是三观的问题了，EQ绝逼负数，路人缘都败坏完了，我就是典型从粉到路到黑到一生黑。你们只要表面做他舔狗就行了，毕竟他喜欢别人舔他。舔狗一时爽，一直舔一直爽。
104267,728,董一胜,2019-03-15 10:11:56,-26,8,34,希望大家都能够对自己说的每一句话都负起责任来。刀子扎进去，血会流出来，还会感觉到疼痛，这是理所当然的事情却没有人会注意到，想着是匿名的不需要负起任何责任？眼睛和嘴长在身上，是用来分享和感知喜悦的，不是用来伤害人的！不经意的一句话，可能会深深地伤害到对方。\n\n做出决定以前先好好思考一下，评论每一个字的时候都好好思考一下。当然我并不指望这条评论能够改变所有人处事的态度，并且肯定有相当多的人会对此事不关己高高挂起，或者是恶言相向。但是只要有一个人做出改变，认真思考，这就是有意义的。
104335,728,董一胜,2019-04-02 01:01:45,23,36,13,董老师，never mind the scandal and libel。永远不要被流言和诽谤所中伤。加油！
104355,728,董一胜,2019-03-18 13:45:06,-11,3,14,其实还好
104830,728,董一胜,2019-03-28 12:01:31,20,20,0,听老师的课是一种怎样的体验？\n\n他讲课？
104832,728,董一胜,2019-03-28 12:47:14,13,14,1,为什么没有0分呢？
104897,728,董一胜,2019-03-30 06:06:48,-14,1,15,其实还好
105154,728,董一胜,2019-04-05 06:52:06,-11,9,20,昨天第一次面批，别的水平不敢乱说，但是老师改了这么多年实验报告对于思考点肯定是烂熟于胸，对于思考题的细节问题解读超级棒，面批的收获是很大的。虽然给分真的可怕，排版烂直接回炉重造。\n\n讲课的水平也真的有点一言难尽，看似是和你在讨论，但是由于没人回应就变成了他一个人自嗨，而随着自嗨的时间越来越长大家就不想要讨论只想让世界安静下来....\n\n人品不知道，反正不凶。不知道给自己刷好评、辱骂学生的事是不是真的，但是面批到11点多是真的。总之是没见到过更敬业的老师了。看到评论里对价值观的批评也是重灾区，我想说Beck了解一下？有的不能接受没问题，全盘否定过了吧？哪有十足的恶人啊？又哪有十足的善人啊？他又没强迫你接受他的价值观不是？\n\n查老师的一个通病就是给分差大家就骂，很影响客观性。所以看评论，应该能看出这个老师给分有多差吧。\n\n
107758,728,董一胜,2019-05-09 09:04:53,22,22,0,某编程96分同学，改了不止3次了吧，看到分数就反胃
107786,728,董一胜,2019-05-09 14:34:57,14,16,2,相信我，董批实验报告只是为了给自己找找优越感，他就是享受那种把你的分数攥在自己手心里的感受
107832,728,董一胜,2019-05-10 08:38:01,18,19,1,一位让读书人忍不住爆粗的优秀教师，乐于表演求是精神。哦我说话还是求是一点，一位让读书人忍不住爆粗的优秀编外教职工。
109307,728,董一胜,2019-06-13 04:26:24,7,8,1,垃圾老师
109809,728,董一胜,2019-06-19 11:19:22,10,12,2,就一傻屌老师，不容忍他人意见，和他意见不同就是学生的问题，他绝对没有问题，别问，问就是你错了。看似公正却不给选择的机会
113380,728,董一胜,2019-07-06 13:07:31,7,11,4,希望浙大少一点这样的老师。
123499,728,董一胜,2020-06-09 07:22:39,6,6,0,理解能力和表达能力都不是很好的亚子。只要你写的跟他用的词不一样，你就是不懂，脑筋死的一批，宛如杠精。明明是他自己没明白还要说是别人不懂。表达想法的时候甚至搞不清自己的意思？他真的不适合待在浙大
126076,728,董一胜,2020-09-17 06:27:29,4,4,0,emmm，这个老师确实很享受把学生分数掌握在自己手中的感觉，\n\n虽然他上课挺认真挺用力，但他总给人一种不容置喙的感觉，\n\n虽然他总是说“意见可以直接说出来”，但其实尤其是实验报告上的问题，就是不容商榷的，问就是你错，他肯定是对的，他的思路与方向是最好最合适你的，尽管你觉得不合适。
130435,728,董一胜,2021-01-22 10:24:52,8,8,0,设活讲，1分奉上
133935,728,董一胜,2021-03-10 05:27:17,4,4,0,nc老师，无话可说
133938,728,董一胜,2021-03-10 05:42:39,9,10,1,鬼话连篇，特别看不起学生，喜欢炫耀，还把自己的偏见合理化，他在课堂说了一个意思如果同学拿高分和低分完全取决他先前对你的印象，不取决于你该次的分数。还说自己是个会反省的老师，看来反省个寂寞。奉劝浙大能把这老师铲走，误人子弟，胡言乱语！！
134522,728,董一胜,2021-03-31 07:46:23,-4,1,5,好好好
135902,728,董一胜,2021-06-02 05:21:39,1,1,0,呵呵呵
136240,728,董一胜,2021-06-13 10:01:06,0,1,1,。。。
136708,728,董一胜,2021-06-23 08:27:37,-3,1,4,好好好
137325,728,董一胜,2021-07-03 08:08:37,10,11,1,我说dys是狗不会有人反对吧？
137421,728,董一胜,2021-07-04 05:19:24,7,8,1,吃屎吧
141443,728,董一胜,2021-10-09 05:07:14,2,2,0,。。。。
141444,728,董一胜,2021-10-09 05:07:22,2,2,0,再见了您嘞
143685,728,董一胜,2021-12-01 14:20:35,0,1,1,今天也是元气满满的一天呢董老师
143686,728,董一胜,2021-12-28 15:13:50,3,3,0,就是说啊，柠檬什么时候熟啊
145812,728,董一胜,2022-01-02 15:14:44,4,4,0,怎么会没有零分！！！
145826,728,董一胜,2022-01-03 04:28:00,4,4,0,选上课的xdjm自求多福吧
151181,728,董一胜,2022-02-24 05:34:34,1,1,0,绝绝子
151978,728,董一胜,2022-03-22 08:47:03,0,0,0,哈哈哈
151988,728,董一胜,2022-04-05 12:25:24,3,3,0,哈哈哈哈哈哈哈哈哈哈dddd
168587,728,董一胜,2023-02-20 03:47:28,45,46,1,“浙大学生凭什么不能做60元一个小时的家教”\n\n跟资本共情的喜欢压榨学生的懂哥一枚吖\n\n微信搜索公众号“小董略懂”掌握懂哥最新逆天发言
168617,728,董一胜,2023-02-20 09:44:31,15,15,0,您的时薪是60块钱嘛？\n\n我觉得按照您的脑子，您时薪60都不配
168618,728,董一胜,2023-02-20 09:48:07,19,19,0,逆天，第一次见到用脚本给自己刷评分的老师了\n\n他给自己刷了这么多10分，平均分才5.5。\n\n说明他实际分数应该是1分
168632,728,董一胜,2023-02-20 12:24:22,6,6,0,这个老师完全不懂什么叫人权和教学相长
168633,728,董一胜,2023-02-20 12:27:14,4,4,0,呵呵 纯纯**
168635,728,董一胜,2023-02-20 12:39:26,6,6,0,浙大学生只配60块一小时，您也只配在查老师上拿一分。
168638,728,董一胜,2023-02-20 13:00:49,4,4,0,您这样的好老师应该一小时1分
168640,728,董一胜,2023-02-20 13:30:57,5,5,0,自己给自己刷分的nt
168641,728,董一胜,2023-02-20 13:32:48,10,10,0,董老师，您的工资也太高啦，应该降一降，浙大的老师就不能从事月薪三千的工作吗？现在的大人心气也太高了，佩服佩服！
168642,728,董一胜,2023-02-20 13:33:55,3,3,0,学生不值六十，你也不值一分
168761,728,董一胜,2023-02-22 01:29:25,6,6,0,原来就是你要浙大学生做60块钱的家教啊，乐了
170051,728,董一胜,2023-03-01 06:26:42,6,6,0,拼音缩写和那个狗都不看的dys有点缘分
170735,728,董一胜,2023-03-09 02:09:16,7,8,1,听说你喜欢给自己刷分
171689,728,董一胜,2023-04-02 04:14:56,12,12,0,这个老师一堆自己的观念输出，得亏是大学老师，小学老师那不得教出一堆和他一样的沙币
172680,728,董一胜,2023-05-04 09:37:08,-3,2,5,刚面批完，蛮好的，笑嘻嘻的！
173977,728,董一胜,2023-06-05 10:43:53,4,5,1,逆天、、
181964,728,董一胜,2023-11-06 15:41:06,-17,1,18,上了两三节课，董老师人很好，上课会讲一些别的地方听不到的东西。而且我的spss安装不了，董老师十分耐心地帮我安装。总体感觉，老师很认真负责，真正为了学生好！是位好老师！10分给了！
186029,728,董一胜,2024-01-08 02:16:30,-5,2,7,也还好，是教东西的，之后很多课都用spss分析，但考试都只是背书
190333,728,董一胜,2024-02-28 06:05:30,3,3,0,有点难评
192606,728,董一胜,2024-05-24 17:18:40,8,8,0,我听我同学骂了你几个小时
194628,728,董一胜,2024-06-24 16:46:50,6,6,0,真的难绷
199033,728,董一胜,2024-09-14 07:50:51,11,11,0,太糟糕了，上课鲜闲话一箩筐，收获满满
199179,728,董一胜,2024-09-18 15:51:39,-35,1,36,讲的真可以
200548,728,董一胜,2024-10-18 15:25:31,54,54,0,上的是心理学专业课，教的是人口性别年龄统计，布置的两次作业是分析中国人口变化原因，抛开畸形的价值观输出不谈，我只想说您更适合进入国家人口局工作，您如今所在的浙大心理系并没有做什么极其对不起您的事，虽然除此之外我也想不出他们不让您滚蛋的理由了～
200549,728,董一胜,2024-10-18 15:31:22,53,53,0,我从小到大就没有这么讨厌过一个老师，，，这sb上课从最开始就跑题，越跑越远，说上spss结果铺垫了7节课，尽在讲他那些肤浅庸俗市井化常识性的“思想”，ranging from人口学、社会学、性别学，话题涉及英国脱欧、中欧航班、婚姻观、性别歧视、强奸、老龄化、二孩政策、双减，可惜就是没有spss。。。他以为自己很有“思想”，呵呵。槽点太多，这种人不配称老师，称傻逼都是对他的尊敬。你以为他有5分？呵呵，是他自己刷上去的，你评评这是什么人啊…
200557,728,董一胜,2024-10-19 02:44:46,45,45,0,毋庸置疑的1分
201020,728,董一胜,2024-10-27 04:20:51,33,33,0,毋庸置疑的一分+1
201035,728,董一胜,2024-11-07 14:44:44,37,37,0,1分，肆不肆啊，看到没有
201036,728,董一胜,2024-10-27 14:36:14,29,29,0,毋庸置疑的一分+3
201045,728,董一胜,2024-10-28 02:09:00,29,29,0,毋庸置疑的一分+5
201076,728,董一胜,2024-10-28 07:21:28,26,27,1,毋庸置疑的一分+6
201247,728,董一胜,2024-10-30 16:37:24,23,24,1,毋庸置疑的1分+7
201248,728,董一胜,2024-10-30 16:37:28,24,24,0,毋庸置疑的1分+4
203388,728,董一胜,2024-11-19 11:42:13,20,20,0,从他一节课中任意抽一分钟听完就会有一股强烈的冲动想来查老师上给这个傻逼（或者用他最爱的那个词，脑残）踩个1分。
205456,728,董一胜,2024-12-06 14:20:11,20,21,1,嘴上说着跟你们商量，心里其实想都没想过。什么大模型机器人搭建，很不清楚地布置下来，然后大家就得花大量的时间去满足他那你从中不可能学到一点东西的要求。我今晚带着想杀了他的心写下这条评论。
205639,728,董一胜,2024-12-10 10:28:46,23,23,0,真是逆天，这货教的是心理统计，然后布置了一个阿里云上的服务企业的课程的作业。首先，这课程面向的是希望进入服务性企业工作的人员，并不是他所谓的“对所有同学都是重要必要的”；其次，这么推崇这个课，你不好专门开一门课来讲？一共24课时加上两个考试还要拿两个证书，每个课时花的时间也都不少，你在学期结束前最后两周布置这个作业，ddl一共十多天？你自己学了吗？我想你是不会承认自己没学的，但抱歉，你自己把向别人借证书的聊天记录展示出来了。呵呵，这种老师的存在真是心理系的不幸
206620,728,董一胜,2024-12-16 15:25:28,8,8,0,话不多说，1分奉上
206941,728,董一胜,2024-12-18 15:28:17,6,8,2,那些负分的评论，转人工吧，就别用ai回答学生的质疑了吧。\n\n2018.10.20的评论那么多？是不是恶意的自己都懂
206942,728,董一胜,2024-12-18 15:35:08,11,11,0,我们寝室聊天话语体系里的绝对主角
206974,728,董一胜,2024-12-19 02:17:55,9,9,0,sb无须多言
207190,728,董一胜,2024-12-19 16:11:54,13,13,0,最近又开始在别的专业课来推销莫名期末的阿里云项目，与课程毫无关系，但完成就加分，最终被同学正义围殴。过程中高高在上的姿态令人作呕。
208189,728,董一胜,2024-12-26 06:19:34,11,11,0,强行拿一节课推销阿里云，也不知道是不是收了钱，后来又因为上不完了就加了好几节课，浪费大家时间，真的没得洗。\n\n要说有什么优点的话，大概他自己也清楚上课内容营养不多，允许大家不去教室，可以看直播或者回放，除了杀千刀的阿里云之外作业也不难。好歹水一水还算轻松吧。
209779,728,董一胜,2025-01-07 05:27:43,12,12,0,💩💩💩
216727,728,董一胜,2025-03-23 03:32:39,9,10,1,SPSS是世界上最废的科研软件……（确信）系里的专业课真是与时代严重脱轨……
217491,728,董一胜,2025-04-11 10:02:27,9,9,0,极端的形式主义者，数据分析错了没关系，但你的行间距必须全部一致！。。。大概只能通过这种方式掩饰他那质量不足1g的脑袋的空空无物吧
217705,728,董一胜,2025-04-15 10:22:15,5,5,0,心统的实验作业能把话说清楚的题目屈指可数
217732,728,董一胜,2025-04-15 14:52:29,7,7,0,依托勾石
219540,728,董一胜,2025-05-29 11:37:50,2,2,0,听到他的声音就生理性不适了
219636,728,董一胜,2025-06-02 15:28:03,3,3,0,从没有接触过怎么没有水平的老师，自以为是盲目自大，一个点能和你掰扯几个小时。\n\n此外，价值观真的配得上老师这个头衔吗，上课宣传赌博，彩票，甚至呼吁风险投资，拿赌博能挣钱忽悠我们。\n\n实验报告太不求是，女生去撒撒娇就能拿到高分，带把的去找他进行不知所谓面批，稍有顶嘴轻则掰扯，重则挨批，分数也普遍低一大截。
219637,728,董一胜,2025-06-02 15:48:34,1,1,0,董老师唯一的优点可能是他自己知道自己的课没什么意义，所以不强求大家来上吧哈哈。
220251,728,董一胜,2025-06-16 15:24:25,1,1,0,期末突然加一项作业说要做什么海报，点进去他发的模板链接发现是个公众号，想要模板得转发集赞或者直接付钱😩说没赚外快我是不信的👍🏻
221891,728,董一胜,2025-06-27 07:34:28,0,0,0,毕业多久回来踩一脚。没有教任何东西，但又要求格式的条条框框，不管是工作还是科研都用不到，纯粹浪费青春，zju毕业谁会去去做格式校对。
5222,866,何洁,2015-07-06 02:01:18,0,6,6,上课内容不错，给分也很好，比较注重上课提问并且有一定加分
11639,866,何洁,2015-12-09 05:18:56,10,16,6,。。。。
15070,866,何洁,2016-01-12 01:40:57,0,4,4,老师讲的很不错的~上课也有很多举手加分的机会
17222,866,何洁,2016-01-20 01:46:01,0,2,2,老师很有趣的，上课也很好…但心理学不太好学是事实
18689,866,何洁,2016-01-22 10:19:17,2,8,6,很好的老师，虽然平时严了点，但考试简单，给分也好
18698,866,何洁,2016-01-22 10:49:51,1,5,4,很好的老师 虽然课前会点名提问 但上课还是不错的 考试也简单 给分也不错
18866,866,何洁,2016-01-22 16:00:09,2,11,9,绩杀别选，其他人忽悠你呢！
18975,866,何洁,2016-01-23 01:34:49,0,4,4,比较严，但课上得好
19058,866,何洁,2016-01-23 07:01:37,4,8,4,发展心理学的，讲课很喜欢举自己专业方向里面的例子。平时分都很透明的，努力按要求去做会有回报的。
21577,866,何洁,2016-02-29 08:28:50,-4,2,6,上课云里雾里，讲的很多但不知道讲了啥。给分不错，上课多举手回答问题就对了。
22646,866,何洁,2016-03-09 06:18:03,-1,4,5,人好很nice
23084,866,何洁,2016-03-17 05:26:33,7,10,3,讲得很好就是事情比较多
23564,866,何洁,2016-04-06 10:20:32,0,6,6,很有趣，而且很吸引人啊，给分超级好！
23744,866,何洁,2016-04-14 09:08:23,-4,5,9,心导，基本就是书上一模一样，自己的理解也基本没有加进入，讲解很一般。管得太严，还不让拷课件，甚至还怂恿其他老师也不要给我们课件。
26328,866,何洁,2016-06-17 02:53:44,-1,4,5,讲课轻松风趣
27318,866,何洁,2016-06-24 15:37:41,3,9,6,相比于卢老师，何老师的课看似事情多，（抽查，提问）但其实她注重的是让大家能够参与进来，上半学期我一直觉得她不如卢老师，但是现在想来，何老师的课的确对我们有很多帮助（听课效率and考试）而且何老师的课基本没打过瞌睡≥﹏≤卢老师的却忍不住想睡……
32203,866,何洁,2016-07-06 03:03:04,5,13,8,能学到很多。再说成绩吧。实验去了5次，上课认真发言了好几次，平时分应该没问题的。然后我期末就是刷夜，自我感觉最后也就一两道不会。不过我为什么还是没上4啊！！！一个工科生感觉都要用专业课的时间去学了，不，花的时间更多(去西溪做实验)，为什么还是不上4啊！！！选心导要绩点的别选她，前车之鉴！\n\n
32213,866,何洁,2016-07-06 03:13:39,3,10,7,老师人还可以 就是闭卷考反人类 考试并不简单 前面的人都在忽悠你 绝对是绩杀 非相关专业慎选
36121,866,何洁,2016-11-10 12:59:51,4,5,1,。。。。。。。。。。
44052,866,何洁,2017-01-17 08:46:18,2,5,3,学了一学期什么都没学到，基点还被拖垮了……不知道该说什么好 连课件都不给
46212,866,何洁,2017-01-21 02:47:23,3,5,2,学不到什么东西，后半程是蔡永春老师上课，期末考试不会的都是她的内容。。。
48238,866,何洁,2017-03-01 11:23:47,0,3,3,人很好呀很萌！超喜欢老师！讲课也很有趣～但可能专业知识涉及比较少...需要自己去看书
118790,866,何洁,2019-11-06 01:51:59,1,2,1,偶尔点名。上的是老师新开的发展心理学及应用。要刷慕课。评分主要由慕课和期末论文构成。\n\n很喜欢老师上的课，很有意思，老师讲得也很生动，课上会给很多例子。哈哈哈，我最喜欢看小朋友们的例子了哈哈哈
119220,866,何洁,2019-11-13 12:11:52,2,2,0,4.8  老师很好，认真学可以学到很多，要发言，听慕课，写综述，因为找的很多都是外文资料，所以好像分还不错
119525,866,何洁,2019-11-13 09:09:21,1,2,1,干的漂亮 水都4.2 （水是因为发展心理学讲的都是小孩子的故事没兴趣 只要mooc刷满期末论文也很轻松 悄咪咪问了助教 没有重复率要求 因为是文献综述类的 所以很好写
122977,866,何洁,2020-04-27 09:28:38,5,6,1,上过发展心理学，老师挺和善的。不要随便翘课，会随机点几次名。上课可以划水，我基本都在最后几排补觉（因为课时较长）或者写别的作业，时不时看一下视频听一下知识点。要看慕课并参加慕课考试。大作业是文献综述，发展心理学相关的主题我觉得都挺有意思的，做起来不算吃力。最后得分4.5，文献综述和慕课好好做，上课点名都在的话分不会太低~~
127121,866,何洁,2020-11-09 07:02:31,4,5,1,发展心理学及应用任务是真滴多，通识赛通核，个人对于儿童的心理也不太感兴趣，所以体验很不好。
127814,866,何洁,2020-11-27 15:56:42,4,4,0,发展心理学及应用#任务巨多 两篇书面思考都要求1000-3000 期末文献综述3000-8000（问了助教 查重要求同普通论文） 要刷慕课和慕课考试 最离谱的是还有实践研究作业 以小组为单位要跟社区家庭对接采访然后期末做pre（光是寻找支撑文献就又肝了3000+） 所幸给分是真的好 但还是建议大家慎选吧
127943,866,何洁,2020-12-01 04:17:16,1,2,1,课上得很好，确实能学到很多，就是对于一门就一个秋学期的课来说事有一点多...想真的学东西的同学可以放心选，想水课的慎。
128769,866,何洁,2020-12-25 08:23:13,1,3,2,发展心理学及应用强推
129114,866,何洁,2020-12-30 07:37:14,0,0,0,我就每节课都去水课，然后作业按时写按时交，实验就做了一两次，期末论文由于我是大一啥也不会，就瞎写，最好分数挺不错的！老师的话很好，讲的例子很多，还有可爱的小孩子。就是有一点不好，全英助教我接受不了呜呜
129997,866,何洁,2021-01-14 16:21:53,1,1,0,发展心理学及应用，直接了当地说，事情确实很多，但给分也确实可以，慎选。老师人很好，也能学到不少知识。
148213,866,何洁,2022-01-12 01:39:39,0,0,0,发展心理学，事情确实多，但是确实可以学到很多东西，给分非常好，
148256,866,何洁,2022-01-12 03:42:16,1,1,0,老师真的很好！课上能学到很多东西！但前提是你有在听！\n\n想来纯划水的不建议来，对不起老师也对不起自己的…我自己就是十一月末网课后摆烂了再没听过，最后的得分也很真实地反应了…挺后悔的，感觉错亿了。\n\n但老师真的很好！课堂氛围也很不错，只要投入进来了一定能有收获的。推荐！
148272,866,何洁,2022-01-12 04:29:19,1,2,1,发展心理学与应用\n\n事比起其他通识会比较多，但真的学到很多，收获满满；给分方面还不错，只要有努力和认真就肯定收获，付出和分数成正比；老师人很好，上课很生动。非常非常推荐对儿童心理学有兴趣或想学东西的选，不过想水的就慎选吧。
148306,866,何洁,2022-01-12 06:06:47,-1,0,1,除了事情比较多，其实很不错，给分也还行，
149384,866,何洁,2022-01-15 08:08:35,2,2,0,老师上课很认真，也很有激情。个人觉得课程介绍的心理学实验都很有意思。论文认真写，慕课认真做绩点也会有体现。总体来说作业算比较多的，但还是推荐有兴趣的同学选。
151228,866,何洁,2022-02-25 04:21:24,0,2,2,老师人很好，给分也很好，认真做可以拿满绩
187887,866,何洁,2024-01-17 16:59:26,2,3,1,老师很好，上课很有趣。但比较惭愧都没怎么好好听课，以后要改一改水课的毛病了😰另外，我没做心理学实验，两次课堂小测也就七八十分，最后4.5分，已经很满意啦。文献综述一定要找老师或者助教好好沟通一下选题问题划定范围！认真写也不需要特别卷，4000多字也还行。还是比较推荐选的。
188672,866,何洁,2024-01-19 13:36:11,8,9,1,【发展心理学及其应用｜通识】\n\n何洁老师上课很有趣，以通俗易懂的方式讲述心理学知识（主要是儿童相关的），尽力与同学们互动，课后也乐于和大家讨论问题。成绩与个人付出成正比的一门好课。\n\n平时分和期末综述论文各占50%，平时分包括上课签到、课堂小测、随堂发言和实验被试。课堂小测全都是mooc的题目，刷完mooc很容易拿满小测分；做心理学实验被试每满1h加1分，上限5h。\n\n期末是写一篇发展心理学相关的综述论文，3000字左右，不限定主题，老师和助教会在群里发写作指导，可以和老师讨论选题。这里给大家推荐一个很有用的网站：https://srcd.onlinelibrary.wiley.com/\n\n我上课发言了五六次；两次小测一次80，一次100；心理学实验时长拉满了；综述论文费了很大心思写。最后看到成绩真的很开心，感谢老师和助教
208307,866,何洁,2024-12-26 15:43:03,-3,1,4,不是很推荐\n\n事情很多不适合水课\n\n心理学实验被试可以加分，相当于变相在要挟学生了，对时间少或者不想去的同学不友好（有人加分拉满了五六分，想想都吓人）\n\n而且开课内容和title不符，本来title是发展心理学，实际上只是说了老师自己的细分方向做儿童这块，本来选课是想参考发展心理学做自己生涯规划的，结果整个冬学期下来有用的知识反而没多少
211412,866,何洁,2025-01-11 10:53:37,0,1,1,老师人很好很温柔，作为心理学类通识课，上下来感觉还是蛮有收获的。上课主要用儿童的视频素材，看的时候很经常被小朋友萌到🤓（如果不喜欢小朋友可以再考虑一下要不要选）这学期不要求MOOC，两次小测也挺水的，发言和实验被试会加分（这个卷不卷我也不清楚，时间少的话也可以再斟酌一下选不选）大作业是文献综述，选题和助教沟通了，花了挺多时间写，最后给分很好！
211616,866,何洁,2025-01-12 04:21:18,0,1,1,事少分高，上课内容很有意思，选她！
215506,866,何洁,2025-02-27 06:34:10,1,1,0,同类别通识课程不如其他老师有趣 考评机制不太清晰
216669,866,何洁,2025-03-20 13:14:12,-1,1,2,事多，讲课语言组织不好，考核标准不清晰，一门大水课绩杀你母呢，司马老师
960,911,何贵兵,2015-03-19 14:36:34,15,30,15,三次小作业，期末开卷卷考试，两道主观题老师上课风格可能略沉闷，因为我看周围人好好听的没几个。。
3214,911,何贵兵,2015-05-21 06:49:53,4,7,3,人资虐成狗…\n\n
3921,911,何贵兵,2015-06-17 08:41:09,8,26,18,如果想要轻松一点的通识，强推他的心理学及应用
5105,911,何贵兵,2015-07-04 07:20:20,0,4,4,挺无聊的，但给分出人意料。
9419,911,何贵兵,2015-10-26 16:55:13,37,57,20,只能说上课认真听了，结果只有77分，大学第一个学期就知道了通识课是什么鬼
10157,911,何贵兵,2015-11-17 03:39:04,7,15,8,老无聊。考的上课都讲过。一定要听。考试不难。
11210,911,何贵兵,2015-11-25 08:05:30,-7,3,10,无聊然而评分真的出乎意料 考的都是平时提起过的
11212,911,何贵兵,2015-11-25 08:15:20,6,9,3,我的给分…爸爸想哭\n\n
11264,911,何贵兵,2015-11-26 05:41:24,16,18,2,爸爸想哭
11300,911,何贵兵,2015-11-26 11:04:39,8,12,4,一点用都没有，声音听都听不清
11311,911,何贵兵,2015-11-26 15:51:07,4,6,2,听何老师的课挺有收获的，每次坐在第一排认认真真从头听到尾，然而最后给分只能呵呵。考试都是课上讲过的东西，然而给分真是叫人迷茫了。
11325,911,何贵兵,2015-11-27 03:15:40,-44,8,52,课上没有好好听，考前临阵磨枪还是给我了4.5。给分挺良心的
11336,911,何贵兵,2015-11-27 09:32:07,5,5,0,。。。。。。
11496,911,何贵兵,2015-12-02 14:59:09,-6,7,13,平时作业只布置了一次，期末考开卷考，然而书上能找到的只有一题。期末给分很高，估计是因为上一次老师说的不强制要求完成的作业我认真做了。其实认真对待每门课就好。
12016,911,何贵兵,2015-12-21 13:45:46,3,6,3,上课略沉闷，但任务还是蛮轻松的
12099,911,何贵兵,2015-12-22 00:06:05,0,3,3,挺沉闷的，考的是上课讲的东西
12202,911,何贵兵,2015-12-22 10:00:00,8,10,2,给分标准呵呵
13266,911,何贵兵,2015-12-26 02:58:19,2,8,6,气氛不是很活跃，大部分人都在水，不过老师有时确实会讲一些很有趣的心理学效应和现象，考试开卷很多都是课上讲过的，认真听过就不会有问题
14638,911,何贵兵,2016-01-08 05:00:13,-9,4,13,心理学及应用绝对是一门好的水课   感觉我上课都没怎么听  最后也有3.9的平均水平
17436,911,何贵兵,2016-01-20 07:59:15,7,8,1,无聊死了，给分还坑，秋学期的绩点到冬学期末又改成分级制的，搞得绩点又低了。。。出完的成绩还改你咋不上天呢
18736,911,何贵兵,2016-01-22 12:25:09,28,45,17,每次作业认真准备按时提交，从来不缺课，上课认真听课，最后一节课考试全都好好做了，最后2.5
18774,911,何贵兵,2016-01-22 13:33:04,4,5,1,呵呵，无以言表。
20970,911,何贵兵,2016-02-06 01:52:44,8,8,0,日了狗了真是，，给分太低，课件也不给。。。。。。
23329,911,何贵兵,2016-03-24 12:54:04,0,3,3,有收获
35837,911,何贵兵,2016-11-10 08:25:00,-4,1,5,还行吧
37843,911,何贵兵,2016-11-21 10:53:29,12,12,0,蓝瘦，香菇，妈妈问我为什么跪着哭。
38198,911,何贵兵,2016-11-26 07:16:00,3,3,0,爆炸啊
38231,911,何贵兵,2016-11-27 23:54:41,8,8,0,作业都做了，签到的时候都在，班上一群卷子都看不太懂的韩国人，我就不明白我怎么就3.0了？
38251,911,何贵兵,2016-11-28 07:53:35,2,4,2,老师人还是很宽容的，至于内容上，当然是想学的人就能学到一些，不听的人当然没有收获，总体来说还行，考试会考平常讲的并不是很难，但是个人感觉文字功底很重要…
38252,911,何贵兵,2016-11-28 08:08:51,0,3,3,-虽然只有2.5还是觉得学到了一点东西
38661,911,何贵兵,2017-01-03 10:55:51,5,7,2,还好，就是成绩挺伤感的。
39549,911,何贵兵,2016-12-24 08:25:40,5,5,0,无聊，绩杀
43921,911,何贵兵,2017-01-17 06:25:21,-6,5,11,这是我第一门凭借自己的喜好选的通识课，谢谢何老师的给分，也真的特别有收获
44012,911,何贵兵,2017-01-17 08:06:48,4,4,0,慎选(இωஇ )
44770,911,何贵兵,2017-01-19 08:32:03,5,7,2,有毒的老师，给分超坑。\n\n简直一个lsb
49501,911,何贵兵,2017-04-17 06:26:22,1,2,1,不知所云
59325,911,何贵兵,2017-09-21 01:50:06,6,6,0,是不是？！(就这句话听的清楚)\n\n
60322,911,何贵兵,2017-10-17 08:53:05,7,7,0,无话可说
60624,911,何贵兵,2017-10-25 11:21:48,3,3,0,哇?
62469,911,何贵兵,2017-11-25 11:10:40,7,9,2,参加了所有的实验，上课认真听了，考试认真准备了，最后3.3，果然是个绩杀
62473,911,何贵兵,2017-11-25 11:52:11,6,7,1,辣鸡 无聊 心理问卷好好填，助教还说你内容不符合规定，然后就以后再也不给你发，呵呵。成绩贼差，绩杀 事情很多。成绩很低。 千言万语汇成一句mmp。
62486,911,何贵兵,2017-11-25 12:03:49,12,14,2,这老师值这个分
62492,911,何贵兵,2017-11-25 12:20:47,1,2,1,蛮好的，有责任心
62516,911,何贵兵,2017-11-25 15:05:34,3,5,2,还是上课认真听吧，有些内容讲得挺有用的，确实学到了不少心理学知识，平时作业好好写，作业很少，老师事儿少，想水的可以考虑一下\n\n
62548,911,何贵兵,2017-11-26 02:06:27,1,2,1,zzz
62551,911,何贵兵,2017-11-26 02:17:09,8,8,0,没认真听过一节课，给分随便给，实验什么的都做了但是没什么大用处。不推荐！！！
62679,911,何贵兵,2017-11-26 10:58:54,-13,2,15,讲的很有条理，很有用处，很有趣。好好做作业，好好考试是可以4.8/93的。
62696,911,何贵兵,2017-11-26 12:26:56,5,6,1,傻逼一个
62708,911,何贵兵,2017-11-26 13:20:32,-18,2,20,强烈推荐心理学及应用！我一次都没去上过，只去考了试，绩点4.8！
63713,911,何贵兵,2017-12-13 09:53:52,-3,4,7,不点名，给分好
63885,911,何贵兵,2017-12-18 12:43:39,1,4,3,很好的老师，事少给分好，不点名
64411,911,何贵兵,2017-12-23 10:02:24,0,3,3,水水水啊，没有论文，期末开卷考，多赞的老师啊
64611,911,何贵兵,2017-12-25 13:48:37,0,1,1,认真听课和做了笔记，考试不难。老师声音不大，但讲课内容很有意思
68335,911,何贵兵,2018-01-23 03:42:32,2,2,0,给分垃圾
70831,911,何贵兵,2018-01-27 14:51:45,1,2,1,绩杀。没缺勤过，考试时答什么不答什么心里还是有点数的，考试当天还有几人没去。不明白自己被正态的理由？
73770,911,何贵兵,2018-02-03 05:20:59,1,2,1,上课有收获，给分也不错，感觉挺好的吧
78469,911,何贵兵,2018-05-12 07:27:49,6,6,0,绩杀。
80076,911,何贵兵,2018-06-19 15:25:59,-10,0,10,老师很好啊，感觉讲的案例很有趣，然后就是视频的画质有点迷，坐前排好好听，虽然实验也没怎么做，期末4.8
86967,911,何贵兵,2018-09-19 23:56:15,0,1,1,。。。
88672,911,何贵兵,2018-11-05 11:25:41,16,19,3,行为决策，，，只有20个学生，助教准备不充分，老师要求助教都不明白，老师课下准备也不充分，助推课题要求还一套一套的，体验极差
88950,911,何贵兵,2018-11-12 13:04:42,-11,1,12,老师不坏也不差，真的，谢谢
91443,911,何贵兵,2019-01-07 11:10:24,6,8,2,对学生不尊重，老喜欢打断别人的展示
93109,911,何贵兵,2019-01-25 05:11:14,16,18,2,很认真地做实验 回答问题 最后绩杀我 hbgwcnmb
93111,911,何贵兵,2019-01-07 11:12:35,6,8,2,咳咳，老师老师打断学生，非常不尊重。互相评分真是垃圾方案，看着办吧
93129,911,何贵兵,2019-01-07 13:13:00,19,25,6,哈哈哈看了一下评论，大概都是今天展示课上评价的吧。我的感受：1.不会把控时间，自己前面超时太久，就让后面展示的人压缩时间;2.经常打断学生，不尊重人，固执己见，听不进意见，太过主观;3.备课不充分，临时决定评分方式;4.做好拖堂的准备;5.求求老师善良点吧;6.还未结课，给分未知，看评论有点方。
93133,911,何贵兵,2019-01-07 14:02:34,13,13,0,大三为止上过最垃圾的一门课
99585,911,何贵兵,2019-01-25 03:50:37,4,4,0,求求学校提升一下通识课质量吧 别再让行为决策与助推这个烂课出来害人了 误人前程如谋财害命 我有一句djcycbsksbfjvisbdjvik
99594,911,何贵兵,2019-01-25 03:58:36,2,3,1,点名都到了，开卷都找到答案了，积极发言了，小组作业尽自己所能好好做了，我寻思必不可能被伤害了，3.0是真的受伤了
99596,911,何贵兵,2019-01-25 03:59:44,5,5,0,没有0分，给个1分吧
100369,911,何贵兵,2019-01-26 03:53:51,5,5,0,辣鸡老师，大二，上课认真坐第一排，积极发言，作业高水平，最后均绩因为这门课掉了0.4，气哭。辣鸡老师辣鸡给分，不求是！
100538,911,何贵兵,2019-01-26 09:14:15,2,3,1,就算被绩杀也很少给老师打低分的我 这次只想打0分
101996,911,何贵兵,2019-01-30 03:02:13,12,13,1,行为决策助推，学生少，上课认真听了，很认真的上课做小组作业，拿到了目前为止最低的通识课分数。小组作报告不控制时间，前面小组时间长没事就压缩后面小组的报告时间，不觉得很可笑吗，时间短自然没办法很好的说明。而且会拖堂，上课比较生硬，总体还能接受。给2分。1分上课还可以，1分给老师想要把这门课发扬成学校最火的课的梦想
103808,911,何贵兵,2019-03-06 02:48:28,5,5,0,就是一个老sb\n\n你他妈乱打分绩杀别人不尊重学生真的很有意思么\n\n一副看不起人的油腻样子\n\n别人展示你他妈上去乱翻PPT\n\n还强行要求答辩\n\n你真的配做浙大老师吗sb\n\n反省一下您自己的5.7分
109362,911,何贵兵,2019-06-13 09:25:06,1,1,0,傻逼玩意儿
118551,911,何贵兵,2019-10-28 11:42:56,7,7,0,垃圾老师教我们如何垃圾。\n\n
118561,911,何贵兵,2019-10-28 13:05:39,6,7,1,有一说一，课程的内容很有意思，但是这个老师是真的不行。。。\n\n好好的一个期末展示怎么就给你变成答辩了呢???前面组大大超时，下课了还有4组没讲完。 \n\n气人!
118563,911,何贵兵,2019-10-28 13:34:55,2,3,1,真是服了\n\n比微博上的杠精还杠\n\n每个上台报告的同学都要被他搞半天\n\n拖堂而不自知\n\n莫名其妙
118565,911,何贵兵,2019-10-28 13:41:34,16,19,3,现在是2019年10月28日21点40分，我还在听何老师的谆谆教诲，即使因此错过了校车我也觉得不亏，毕竟白嫖一节课
119229,911,何贵兵,2019-11-11 11:23:42,1,2,1,说实话助推的通识课任务不多，上课内容还可，考试内容上课老师都有提到。除了老师比较能拖课。。。
120491,911,何贵兵,2019-12-09 08:24:36,1,1,0,很崩溃
120773,911,何贵兵,2020-01-16 22:17:45,-1,1,2,老师emmm不咋样，助教小姐姐人美心善！！！
120781,911,何贵兵,2020-01-17 00:39:26,-5,0,5,老师平时上课挺水的，但是要注意ppt拍照，老师对小组讨论和展示抓得很严，最后开卷考试也占了很大的比重（内容都是ppt），水水过是可以的，非常感谢老师给我满绩
120807,911,何贵兵,2020-01-17 10:45:47,0,2,2,老师上的课要认真听，认真做笔记，虽然可能有些枯燥，但是认真学还是有东西的。上课要多和老师互动，老师人还是不错的。虽然小组作业有些麻烦，还没做好，但还是满了，感谢老师。
123513,911,何贵兵,2020-06-09 08:53:46,-31,1,32,满绩飘过
127856,911,何贵兵,2020-11-29 02:06:23,6,6,0,谢谢老师绩杀我
127893,911,何贵兵,2020-11-30 02:07:42,0,0,0,这门课本身是挺有意思的，但老师上课就很困，一直不停地讲数据、讲例子，PPT极其单调，很难吸引人的注意力，上课体验一般\n\n期末考莫名其妙，实验展示要求也挺高的，中间一次作业专业性也很强
135411,911,何贵兵,2021-05-10 03:04:31,0,0,0,人力资源平时两三次作业期末开卷，八周的课学不到什么东西，记得打印PPT。
142210,911,何贵兵,2021-11-08 12:30:05,0,1,1,老师还不错，给分不行，但是助教一看就很不通人情，第一节课上来就主动提出要点名，不懂得人情世故。已经退课，
143937,911,何贵兵,2021-12-27 07:23:28,0,0,0,快跑！！！！上课不停地讲一大堆例子和实验，挺无聊的
150067,911,何贵兵,2022-01-18 17:55:22,3,4,1,你有事儿吗sb老师\n\n你给那什么破分那 我幸幸苦苦拉上去的均绩给您毁了 我也每节课到 作业都写 考试我都复习了 二点几你怎么给的出来的真他妈大sb\n\n别出来嚯嚯人了真无语
150075,911,何贵兵,2022-01-19 00:39:57,0,0,0,呵呵呵
150076,911,何贵兵,2022-01-19 00:39:57,0,0,0,呵呵呵
150179,911,何贵兵,2022-01-20 01:56:40,4,4,0,老师还可以，以下是对想选课的建议:估计评价分数中期末比重最大，但这学期因为疫情似乎取消了一些任务，所以平时挺松的，到课率和作业保证的情况下，参加一下几次行为实验，PPT考前认真过一遍基本上考试还是不难的，总体半学期的课还是比较轻松的。
160051,911,何贵兵,2022-09-12 11:21:42,-4,3,7,开学第一节课就迟到？还没有钉钉群，也不跟我们说一声？就这么浪费学生时间？给一分是因为最低只有一分，就算是**s了也得跟我们说一声啊 ，***让我们几十个人白白等？
161881,911,何贵兵,2022-11-14 23:52:11,0,0,0,行为决策与助推，如果对心理学不感兴趣的同学可能觉得课堂上有些无聊，期末认真考，给分还不错诶
161955,911,何贵兵,2022-11-15 10:54:37,0,1,1,老师真的很博学，讲课虽然不算有趣但是内容很充实，本来看到评分这么低好担心最后评分，结果最后还是拿了4.8，总之只要认真学就会有很好的成绩啦
163323,911,何贵兵,2022-12-13 03:23:56,6,9,3,前面的评论已经过时了，现在的行为决策与助推作为一门通识课还挺水的，平时上课稍微听一点，最后开卷考试之前看一下ppt，理一下思路，最后的考试还是蛮轻松的。平时只有两次300字左右的小作业。其它就没有了。最后绩点4.8.课程整体上还是超轻松的啊！老师上课也在用心讲知识（虽然我没怎么听，但是看看ppt也还是能理解，能学到一点东西的，应付平时作业和考试也还是够的）
189832,911,何贵兵,2024-01-30 11:39:10,1,2,1,我还以为考后24天出分是因为在想办法捞我了呢，自作多情了。
189854,911,何贵兵,2024-01-31 08:25:41,0,1,1,上课其实内容挺丰富的 不过确实作为通识课 讲义偏深奥些  考试虽然跟课堂挂钩很深 但是也要看个人理解  总体体验都算良好 期末考好好准备了  也努力写了  只是作为最后一门  新年的临门一脚 \n\n 被卡绩的我尸体有点不舒服
190582,911,何贵兵,2024-03-10 08:43:09,0,0,0,事情很少
193196,911,何贵兵,2024-06-04 10:34:28,5,5,0,我是上个秋冬学期选的，最近又在选课，看到何老师分低，想说句公道话，何老师的行为决策与助推是一门很好的课，老师上课会讲很多的事例，整体听下来并不会很枯燥，同时也可以收获很多。何老师的一些观点到现在还在启发我，包括我自己设计的srtp项目也是将决策与专业内容相结合，何老师讲过的齐当别模型，人们种种非理性决策的案例都令我印象非常深刻。但与此同时值得强调的是，虽然说这门课开卷考，但是其实翻资料翻不到什么太多的东西，我们当时考了四道简答题，都是比较开放的问题，并且来自于老师上课反复强调的重点，如果上课基本没听，那答题可能有点困难（介意这一点的千万别选），如果上课听了一些，那还是基本没什么太大问题得
193236,911,何贵兵,2024-06-05 03:04:15,8,9,1,【行为决策与助推】我也是上学期冬选的课，最近选课发现何老师评分依旧很低，确实有点小难过，这也是我第一次在查老师上写评价。何老师人还挺不错，讲得也很好，上课喜欢举各种各样的例子，也从来不点名，并且，布置的作业也很少。我上的大概情况是：从不点名，有两个必做作业，一个加分作业，每个作业不会超过1000字就能写好。助教会评分，我的第一个必做作业分数比较高，后面两个分数很低，感觉应该是被压分了。考试是开卷考，老师不发PPT，但是可以善于搜索，能够找到，我的那次考试题目是全部都可以在PPT上找到的，题目有五道论述题，四个必做，一个选做，老师说想考得高一点可以做一下选做题。更离谱的是老师在考试之前，还带着我们分析了一下题目，而这个时候是没有收起手机的，其实还挺水的。所以我认为，无论是从哪个方面来讲，这门课，这个老师都是值得选择的，如果看重绩点，认真对待平时作业和考试也就足够了。哦对，没有展示，没有小组讨论，也不用发言。
210904,911,何贵兵,2025-01-10 06:23:23,2,2,0,点过一次名（口头点），布置过一次作业，期末考试开卷但是老师不提供ppt，可以自己搜。给分尚可。课还挺有意思的
210919,911,何贵兵,2025-01-10 06:41:41,0,0,0,【行为决策与助推】课是很有意思的，考试也不难，平时事情很少，个人觉得给分很好，老师挺厉害的
214916,911,何贵兵,2025-02-19 05:37:13,0,0,0,事情很少，给分也没有那么不堪，考前熟悉一下ppt还是问题不大的
28286,943,曹立人,2016-06-28 08:26:35,1,1,0,不清楚他分数是怎么判定的，我还每次都去上课的，期末考试题目是开放题最后成绩低的可怕
261,1029,水仁德,2015-03-14 23:32:55,0,9,9,正如他的名字，上课非常水，很无聊。但是又有不定期小测验（点名），所以不敢逃课。有人说他给分仁德，怎么说，我和一个课友水一水都上4了，但还是有差距的。
2220,1029,水仁德,2015-04-10 23:36:57,14,22,8,人称又水又仁德。自称粘液质，上课水，作业少，考试简单，给分看人。
3381,1029,水仁德,2015-06-08 04:13:34,0,2,2,上课无聊，黏液质，课堂测验
6716,1029,水仁德,2015-07-20 02:11:23,2,7,5,经常课堂测试，然而测试题都是考试题，期末刷完测试题就好，给分高才是王道
6828,1029,水仁德,2015-07-23 08:33:42,0,3,3,课堂测试虽然麻烦 但是老师相当良心\n\n
19569,1029,水仁德,2017-09-14 01:39:27,7,11,4,给外系的分超低
26333,1029,水仁德,2016-06-17 02:59:36,3,4,1,心理学史别再排早课了，一个班来不到30个人
32177,1029,水仁德,2016-12-08 00:58:55,-2,5,7,给外系的分那么低，上课无聊还绩杀，傻逼老师
32713,1029,水仁德,2016-07-11 06:22:15,1,2,1,深入浅出 很好
35642,1029,水仁德,2016-11-10 07:37:57,2,3,1,讲学校的时候还是可以的，只不过都是早课就会翘了不少
45211,1029,水仁德,2017-01-19 07:08:56,-5,0,5,一板一眼，挺老派的
48493,1029,水仁德,2018-04-07 04:19:30,-12,3,15,下地狱？
59493,1029,水仁德,2017-09-22 02:21:16,-2,2,4,棒棒棒\n\n
60686,1029,水仁德,2017-10-26 12:47:32,4,5,1,老师讲课很认真的，课程内容都有讲到，说老师不好的是为逃课找借口吧。不过课程时间确实容易犯困。
60961,1029,水仁德,2017-11-05 12:56:06,-3,0,3,。。。
65409,1029,水仁德,2018-01-03 16:57:07,2,5,3,很可爱的老师，很专业，认真听可以学到很多的。不过有的是挺水的，我想说大概是课程本身比较水吧，老师还是不错的。给水老师比个心心。
75628,1029,水仁德,2018-03-14 08:14:26,-5,4,9,给水老师比颗心心！对学生态度仁慈，特别可爱！课程会分小组，作业也以小组形式上交。可能是因为心理学史偏理论的较少，所以可能有人会觉得水，但认真听能学到很多交叉的东西！期末主要是论文＋闭卷考试，平时认真给分不会差。
78803,1029,水仁德,2018-05-15 08:17:17,6,6,0,给分巨巨巨巨低，呵呵
80387,1029,水仁德,2018-06-26 02:08:15,5,6,1,有别的老师可以选就别选他了，早课从不逃课，每节课小测也认真做了，期末基本把整本书都快背下来了，要求的实验小时数也够了，就因为小组给分低，绩点呵呵了。
135586,1029,水仁德,2021-05-15 14:40:04,0,0,0,秋冬上的心理学导论，给分一般
6267,1061,蔡永春,2015-07-12 13:33:02,5,18,13,能学到些有用的东西，但想那高分就得下点狠功夫了。另外个人觉得那个实验加分有点坑！
9696,1061,蔡永春,2015-11-04 15:19:36,3,27,24,三观不正
11641,1061,蔡永春,2015-12-09 05:30:37,8,27,19,真的是绩杀！！
12366,1061,蔡永春,2015-12-23 06:01:57,0,2,2,5分多有点低了吧 老师上课前几节课是挺无聊 到后来还不错吧 会用课堂小测验点名
12505,1061,蔡永春,2015-12-23 11:45:42,2,5,3,上课很幽默，可以学到好用的心理知识。觉得很不错的
14294,1061,蔡永春,2016-01-06 06:29:32,-1,2,3,还可以
14495,1061,蔡永春,2016-01-07 09:01:13,11,15,4,老师很和善啊～上课氛围轻松自然，能学到东西，挺喜欢的！
14718,1061,蔡永春,2016-01-08 12:26:01,9,23,14,老师备课很认真 会推荐一些好看的电影啊什么的 讲课还不错吧 作业也很少 但是拿高分有难度……
16374,1061,蔡永春,2016-01-18 04:01:41,8,11,3,课的内容还不错，但是考试很难
17979,1061,蔡永春,2016-01-21 05:18:09,-1,2,3,还可以
18268,1061,蔡永春,2016-01-21 10:52:22,1,6,5,绩杀不讲话。上课没人听
18274,1061,蔡永春,2016-01-21 11:15:09,1,4,3,这个真的是绩杀
18493,1061,蔡永春,2016-01-21 23:59:05,-1,2,3,。。。
20655,1061,蔡永春,2016-01-29 12:19:23,2,3,1,老师准备得很充分，经常会在课上放视频
25296,1061,蔡永春,2016-05-09 10:53:36,-1,1,2,很好的老师
26759,1061,蔡永春,2016-06-21 05:09:23,0,4,4,举例很多 比较有趣
26989,1061,蔡永春,2016-06-22 05:25:16,0,2,2,看视频超级赞
27918,1061,蔡永春,2016-06-28 05:16:57,2,6,4,老师课讲的不错，挺有意思的。。考试都是ppt不用去那本厚厚的心理学书上找，但是给分不好。。不建议大一的同学选。
29225,1061,蔡永春,2016-06-29 12:49:24,2,3,1,课有趣，但是是绩杀！\n\n
29245,1061,蔡永春,2016-06-29 13:23:08,25,44,19,课很有趣，听起来很有意思，绩点低的心灰意冷。每节课都认真听，作业按时交，也参加了两次实验，然并卵。。。
30597,1061,蔡永春,2016-07-02 04:36:12,4,11,7,老师上课是很不错，虽然不点名但是上课偶尔会有小测，考试就是真的。。。拿分很难，记得一定要去做实验加分。
44165,1061,蔡永春,2017-01-17 11:08:20,30,52,22,其实在蔡老师班里拿高分也不难 主要是实验加分加满 然后考前好好背一下东西 选课的时候看楼上的评论有些担心 考试的时候发现其实也不难 只要上课理解了 考前把定义什么的背背（所谓精细复述的方法）考试主要考理解。至于老师 老师主要是研究感知觉这方面的 虽然对中国文化和唯物主义观点有看法但是并不妨碍讲的不错。
45509,1061,蔡永春,2017-01-19 15:55:39,1,3,2,听老师课能学到很多很实在的东西。分数的话平时上课听课是必要的因为要理解，然后期末认真背一背拿高分还是很容易的。
46770,1061,蔡永春,2017-02-15 02:09:21,3,5,2,心理系的老师对专业知识要求很高，并不是水水就能高分的课。但是努力肯定会收获的。讲的很多内容都非常实用。
63330,1061,蔡永春,2017-12-01 01:42:52,-2,0,2,我好喜欢这个老师\n\n虽然感觉他其实是一个非常严格的人\n\n但是很有趣
68698,1061,蔡永春,2018-01-23 15:42:21,3,6,3,课非常有意思，但千万不要选！否则你就等着复习死然后第二天闭卷考什么都不会吧。建议旁听。
77051,1061,蔡永春,2018-04-29 12:59:08,1,5,4,复习3天 3.3呵呵
89129,1061,蔡永春,2018-11-16 02:54:23,0,2,2,老师超级幽默，超好玩
90063,1061,蔡永春,2018-11-22 09:50:46,0,4,4,老师会用心理学的知识教你怎么撩妹
90073,1061,蔡永春,2018-11-22 04:51:40,10,18,8,绩杀。。。
90087,1061,蔡永春,2018-11-22 05:54:59,-10,6,16,老师太好了吧!\n\n通识课能学到很多，只要去做两次实验，考试很简单认真写，平时上课到就好了!\n\n讲的很棒，启发很大，大学第一个满绩啊!
90127,1061,蔡永春,2018-11-22 07:21:54,3,16,13,实验加分是什么鬼道理，没空闲时间的人就注定低分吗？考试写很满了还那么低分，千万别选这堂课，对你往后的成绩不但没帮助，还会抹杀你的成绩
90132,1061,蔡永春,2018-11-22 07:41:27,2,9,7,别选，相信我，给分出乎你的想象，做实验做满次数也没用，1分都不想给
90141,1061,蔡永春,2018-11-22 08:05:10,-1,3,4,有趣，有收获。第一次当被试，零距离接触了真正的心理学研究。
90163,1061,蔡永春,2018-11-22 09:43:30,17,18,1,老师上课挺好的，课也很有意思。但我心理学实验也做了，考试前也准备了好久，考试自认为也答得不错，不懂为什么分那么低。心累
91159,1061,蔡永春,2018-12-02 11:34:18,-1,3,4,很有趣！例子和视频很多！
92293,1061,蔡永春,2018-12-27 13:43:38,1,5,4,老师的心理学及应用真的超级好！事情比其他班少，给分也很好啊，虽然没有上过老师的其他课。真的比其他通识选修有意思多了！！！强推
92911,1061,蔡永春,2019-01-05 14:25:15,0,3,3,觉得老师挺好的 只要坐满了实验 理解了上课内容 给分不会低的！
94003,1061,蔡永春,2019-01-15 00:33:08,4,8,4,上了老师的两门课，其中心理学及应用大概是我听过的最不水的通识课，干货很多，还有几次小测，期末是开卷考，不过很多都是理解题，只要上课认真听就行。还有说老师是绩杀的，秋学期成绩出来后老师就把成绩分布图发在群里了，成绩是自然正态，不需要调动。只要你小测都做对了，做满两次实验，考试好好考，上4没问题吧～
95903,1061,蔡永春,2019-01-20 11:35:53,-18,4,22,真的傻*，绩杀，不要选，这个分不可信
96028,1061,蔡永春,2019-01-20 11:40:33,5,6,1,老师挺温柔的吧
99863,1061,蔡永春,2019-01-25 08:49:28,0,1,1,好老师！！
99865,1061,蔡永春,2019-01-25 08:49:54,2,7,5,蔡老师的课真的能学到东西，干货很多，有自己的知识框架。只不过要求课上一定要认真听，他会在讲课的过程中随时停下突然开始小测…不过给分很赞！
99867,1061,蔡永春,2019-01-25 08:49:59,3,4,1,满了 真的好老师
99883,1061,蔡永春,2019-01-25 09:05:17,2,3,1,老师的心理学及应用很好，上课知识比较多，认真听的话能学到不少，绩点也不会很差，但如果只是想要水课的话建议不要选。
99940,1061,蔡永春,2019-01-25 10:17:14,2,3,1,虽然有一点困吧但真的可以学到东西的！每堂课都到最后期末认真写题分数不会差的！
99988,1061,蔡永春,2019-01-25 11:51:00,4,5,1,课程内容很丰富，会放很多有趣的视频，给分也不错
99996,1061,蔡永春,2019-01-25 12:12:08,13,19,6,心理学与应用，老师讲课比隔壁高分老师干货多多了，平时认真听了，开卷考试很简单啊！！选择题二十道都很很基础，两道大题分数占比比较大，结合平时讲的实验答就好，高分不难啊
100014,1061,蔡永春,2019-01-25 12:41:50,11,17,6,老师上课讲的实验都很有意思，还比较幽默，反正我听得挺开心的，而且一学期事情很少！考试还好，毕竟是通识课还开卷，没有为难学生，上课认真听，然后打印一下课件的话应该就不会有问题。会有几次当堂小测，一个是用作平时分，不过我觉得更多还是充当点名用处？看到有人说绩杀，我没感觉到啊，因为也没什么扣分点，保证考勤和听课的话不可能分数会低吧？心理实验我也只去了一次紫金港的2分实验，但是最后成绩还是看起来比较ok的，况且就当是为了心理学做贡献也好呀(不是)总之我觉得看到有些评论说什么绩杀和三观不正问题，我还挺莫名的，个人完全没有那些感觉。总而言之这门课无论是想学点东西，还是想修一节有点意思的通识都比较合适吧！
100461,1061,蔡永春,2019-01-26 07:07:34,1,1,0,老师讲课讲的很好，会举一些很有意思的例子，课上有时会小测，好好学的话绩点应该不是问题
102646,1061,蔡永春,2019-02-17 10:02:35,4,4,0,随堂测验应该也算是点名了吧。跟老师说的一样，只要好好听课，肯定不会差！课上挺有趣的，视频和图片，很多过去的经典心理学实验，很多匪夷所思的东西。听课是为了随堂测验，一共三四次吧。期末是考试，开卷，选择题简单，简答题恶竞？平时去做心理学实验被试也超有意思的！至少去西溪校区玩了圈（主试学长为什么都挺帅的[狗头]
104695,1061,蔡永春,2019-03-26 04:45:34,1,2,1,讲课讲的特别好，通情达理，还很可爱，做实验附加分有限度，做实验的小姐姐很好看～
105618,1061,蔡永春,2019-04-17 10:05:44,4,4,0,上心理学与应用。\n\n不点名，但常有小测代为点名。\n\n老师讲课不错，能在课上学到东西，课后事情也不多。只要上课认真听（记笔记就更好了）最后的考试应该不成问题。\n\n成绩还没出，无法评价给分情况。但一门通识课能让人真正学到东西，这就足够了，已经比某些事情贼多的鸡汤课不知道高到哪里去了。
105928,1061,蔡永春,2019-04-23 08:27:15,8,8,0,讲课不错，给分低，卡绩
105932,1061,蔡永春,2019-04-23 08:39:07,1,1,0,好棒啊老师，给分挺好，讲课 实验也很有意思
105933,1061,蔡永春,2019-04-23 08:57:10,-5,3,8,好好听课做白鼠，4.8分拿回家
105934,1061,蔡永春,2019-04-23 09:04:34,2,3,1,真的不错啊
105935,1061,蔡永春,2019-04-23 09:06:28,3,3,0,挺有趣
105936,1061,蔡永春,2019-04-23 09:06:28,4,5,1,心理学及应用，一篇课程论文+几次小测，小测很简单，是当堂讲的内容，基本当点名了，课程论文有字数上限;行为实验一次三分，脑电一次四分，上限五分;最后一节课有期末小测，二十道选择题很简单，都是ppt上有的内容。老师讲课很有趣，干货很多，给分可以说十分良心了
105937,1061,蔡永春,2019-04-23 09:21:19,3,6,3,蔡老师是一个很好的老师，给分很好，上课也很有趣，而且论文也很有意思，防止恶竞，快来pick蔡老师！
105940,1061,蔡永春,2019-04-23 10:13:53,16,20,4,两次实验也做了，每次课也都去了，论文也都认真写了，期末题自认为答得也还可以，绩点还是有史以来所有课中最低。drl，我不配选这门课吧..
105967,1061,蔡永春,2019-04-23 22:57:48,9,13,4,绩杀！！！通识课竟然能拿到61 我也是醉了
106119,1061,蔡永春,2019-04-25 04:36:24,4,6,2,没做过一次实验，论文也很水，最后4.2
106185,1061,蔡永春,2019-04-25 12:35:55,2,2,0,课讲的还可以，但是真的绩杀
107326,1061,蔡永春,2019-05-04 01:13:22,1,1,0,课程干货很多，老师很好玩，认真听讲认真做实验认真写论文然而卡绩没上4，应该还是自己的问题吧，顺便表白实验的小哥哥人超帅 超nice啊
107703,1061,蔡永春,2019-05-08 12:08:25,15,20,5,19夏，本应该是张萌老师结果被换课的课友来举个手
109521,1061,蔡永春,2019-06-16 09:47:59,-1,0,1,真的很生动有趣哇
109620,1061,蔡永春,2019-06-18 02:48:29,0,0,0,挺好的 先是选了他的通识课 然后因为微辅修心理学所以以后还要见哦～ 挺开心的
111113,1061,蔡永春,2019-06-30 00:59:56,15,19,4,刚刚出成绩，分很高，没有像评论里说的绩杀。之所以一出成绩来打分，不是因为“我分很高所以他给分好是个好老师”，而是因为“他是好老师所以我认真听了一学期分很高”。真的是好老师，上课超级有趣的
111123,1061,蔡永春,2019-06-30 02:54:59,8,10,2,非常好的老师，首先课程讲得好，知识多，而且为人幽默。课堂测验就是当堂课讲的内容，认真听绝对会。最后期末考核是论文，认真写自己的收获，不抄袭。最后一节课的课堂考试只考20个选择题，开卷，稍微认真点就可以拿高分。只要实验分做满，论文认真写，课堂测验不缺，最后的考试把资料带上，绩点绝对高。
111278,1061,蔡永春,2019-07-01 00:01:58,6,8,2,赞成一楼，想拿高分不太难。因为老师不调分，只拉拉不及格的同学，所以成绩都是各部分成绩实打实想加。各部分成绩有实验成绩（这部分做满，大概两三次）、论文成绩（主要是写自己心得体会，占30%）、平时小测（主要起到点名作用，大概会有4次样子）、随堂测验（总共20道选择，开卷考，把老师ppt打下来，考前看一遍熟悉一下，题目挺简单的，一般都可以在ppt里找到答案，极少数没有的题老师上课也会提到，好好听课的同学肯定没问题）。老师课堂有趣没话说，能学到很多有趣的心理现象，但毕竟不可能所有人都高分，但只要好好完成每一步骤，被正态的肯定不会是你。
111324,1061,蔡永春,2019-07-01 02:48:55,-1,0,1,干货很多，很有趣，给分也不错
111340,1061,蔡永春,2019-07-01 03:37:17,5,6,1,每节课都上，小测认真答，论文认真写，考试感觉害行(大多数题都翻到了？)\n\n最后1.5
111667,1061,蔡永春,2019-07-02 13:05:56,1,2,1,心理学及应用课程过来滴！老师给分公平公正！真的自己付出多少，最后就会有多少收获！喜欢老师的幽默风趣以及上课放的心理学小视频！（在恋爱方面也有很多小技巧提供哦 滑稽）表白蔡老师❤️！
111671,1061,蔡永春,2019-07-02 13:20:34,3,4,1,心理学及应用：很有智慧的一个老师，真正站在学生的立场上，也很乐意跟学生互动。因为心理学研究的需求靠实验加分是必须的，就别吐槽这个了。总之是门很有收获的课程，以及，你甚至还能学到恋爱小技巧~
111988,1061,蔡永春,2019-07-03 05:56:35,7,10,3,心理学应用 是挺有意思，不过大家要想清楚，绩点可能会贼恶心，有多恶心呢？1.5。想象一下通识课会有1.5。
115298,1061,蔡永春,2019-07-18 04:32:32,1,3,2,表白蔡老师，又帅又有人情味，认真听课，保质保量完成每项任务，绩点不会第的。
119669,1061,蔡永春,2019-11-14 22:41:58,0,2,2,付出就会有回报！愿意学一定能学到很多东西（稍微复习一下甚至最后的小测闭卷考都没问题），实验分拿满，论文好好写，然后成绩会很好。老师真的非常非常好。大学第一门满绩，非常感谢老师！！
119727,1061,蔡永春,2019-11-15 03:52:37,0,1,1,课程：心理学及应用\n\n实验分两次拿满，上课记一下PPT上没有的笔记即可，老师发在群里的讲义一定要打印。\n\n一篇感想，会有随堂小测，开卷考\n\n干货非常多，老师人很好，课堂氛围很活跃，会让人对心理学感兴趣的一门课。\n\n虽然不打算保研，不过拿到5.0还是很开心的(๑＞ڡ＜)☆再次谢谢老师和助教xjj
119884,1061,蔡永春,2019-11-16 15:50:37,-10,1,11,垃圾，只会振态学生，老是要我们浪费其余时间去帮他的学生做实验当白老鼠才能加分！
120602,1061,蔡永春,2020-01-13 17:18:15,-2,0,2,醉了，我都不知道为什么只有61分，明明课都去了，日常小测也还可以，绩杀 无语死
120610,1061,蔡永春,2020-01-14 00:04:45,0,1,1,上课真的非常的有意思！能够学到很多的东西～感觉这才是最重要的吧…\n\n看样子老师应该不太调分，所以绩点上4了但没有感觉特别好。
120643,1061,蔡永春,2020-01-14 09:28:07,0,0,0,蔡老师课很有趣!几乎每节课会小测一下，小测很简单，有听课就一定会，感觉他的主要目的是用来点名的。期末小测也不难，把ppt 打印出来看一遍基本没问题。做实验被试有加分，虽然去西溪有点麻烦，但参加这种实验也挺新奇。论文跟感想似的，1500到2500字（有效防止鹅颈?）
122220,1061,蔡永春,2020-02-20 05:17:05,2,3,1,有这样的老师是一个学院和一个学科的幸运
122410,1061,蔡永春,2020-02-26 13:00:09,0,1,1,蔡老师心理学及应用这门课有一说一，平时花5分精力，考前花八分精力就能有不错的成绩了，实验要做而且要趁早做。上课听个大概有个印象就可，最后拿了4.8。为蔡老师打call
122712,1061,蔡永春,2020-03-23 13:01:42,1,2,1,老师太好了，很高兴可以上他的课
122978,1061,蔡永春,2020-04-27 09:34:20,0,0,0,冬学期选过心理学及其应用，上课内容很有意思~会时不时针对课堂内容小测，作为点名。参加实验有额外加分，但是我没去。最后得分3.9，比较平平的分数，不过我听课比较水所以感觉也还合理。
123023,1061,蔡永春,2020-05-01 03:21:55,3,3,0,不论绩点，课本身是很有意思的，老师也很可爱
123260,1061,蔡永春,2020-05-26 07:46:59,9,10,1,课堂内容很有趣，每堂课认真听了，考试和论文也认真完成，但是被绩杀了，超级生气
123261,1061,蔡永春,2020-05-26 07:48:10,-2,4,6,给的满分，老师真的很棒，是一门让我觉得我真的有收获的课，很神奇一些理论会不自觉应用到生活，看到有人说绩点低，其实只要认真听考试完全没有问题，拿高绩也完全不是困难的事情
123263,1061,蔡永春,2020-05-26 09:40:40,10,10,0,课程有趣是真的有趣。。。。绩杀的时候也是真的绩杀。。。。。
123264,1061,蔡永春,2020-05-26 09:56:07,0,1,1,老师讲的也太好了。。绩杀有点难过，不过也就1.5学分，加油用其他科目补回来吧。。
123330,1061,蔡永春,2020-06-03 09:55:41,-2,3,5,谢谢老师的满绩！说实话每节课都认真听，笔记认真做，拿高分真的不难的。如果要抱着水的心态还想要高绩点的话建议别选这门课。
123364,1061,蔡永春,2020-06-06 04:37:04,-1,1,2,老师的课超级有趣\n\n一边上课一边看同学在群里随心所欲的发言就好像在b站看视频的弹幕一样\n\n考核就一篇1500-2500字的感想和期末随堂考（PPT里的内容）\n\n感想写得像小学生作文\n\n字数也才刚刚好1500\n\n然而竟然上了4\n\n感谢老师不杀之恩
123388,1061,蔡永春,2020-06-08 04:27:05,3,4,1,小测，平时分满分，论文认真写了。最后下4。哎。
123497,1061,蔡永春,2020-06-09 07:18:43,1,1,0,老师认真负责，内容有趣充实，上课认真听讲，实验好好做了，论文认真写了，绩点2.4，自闭
123614,1061,蔡永春,2020-06-10 13:44:10,2,2,0,老师上课好，但成绩……
123685,1061,蔡永春,2020-06-11 13:17:16,4,4,0,上课没话说得好，事情不是很多，还是推荐上的，给个高点的分，只是绩点不理想。但是给分真的……（可能疫情期间也不好给吧），班群都炸了，2点多的也蛮多，我3.3。
123800,1061,蔡永春,2020-06-14 09:49:57,3,3,0,是我上过的最喜欢的一门通识，课有意思，平时没有作业，按付出来讲4.5的绩点已经很可了，上课可能有简单的小测试变相点名，论文限制最高字数防止恶竞这点真的nice，唯一不好的一点是去西溪做实验加分，不过是自愿的，想绩点好一些的同学建议抽时间去做做
123863,1061,蔡永春,2020-06-15 07:36:31,1,3,2,老师上课非常有趣！只要态度端正好好完成作业和考试就能拿高分！
124694,1061,蔡永春,2020-07-06 09:55:14,-10,2,12,心理学及应用。83/3.9。最后一门通识get了最低分……课本身很硬，60分论文，30分小测，10分点名，今年又没有实验加分，所以绩点低也在意料之中吧。和老师没有别的接触，只是觉得上课讲得真的有点点枯燥难懂
126643,1061,蔡永春,2020-10-11 02:05:32,0,1,1,上课有趣，能学到很多东西，考核中论文占比比较少，主要靠平时测验和期末考（期末考上课听一听，最后复习一下没有什么问题）。虽然我没有参加试验但是最后绩点也挺不错的。推荐。
127430,1061,蔡永春,2020-11-23 03:25:55,3,6,3,本来学这门课是想了解心理学，自己这方面的知识窄，一直感觉它很玄学，很单调。\n\n  听完蔡老师上课后，才知道心理学原来触及这么多方面。老师从大脑构造一点点讲起，再讲睡眠、感觉、认知、记忆、情绪……真的感觉受益匪浅。同时蔡老师讲课也很有条理，感觉他整个学期的教学大纲顺序很有序，感觉每节课老师都认真准备，课上的一些视频也很好玩。\n\n 感觉上通识课，能遇到讲课这么好的老师已经很少了。真的学到了很多，认知的理论在我另一门课上还用上了，奇妙的缘分!\n\n  总之，上课好好听课，稍微做一下笔记(不做也行)，老师论文要求字数不多。然后有空参加心理学测试，在最后都会拿到好的分数的。知识多但不难。\n\n
127435,1061,蔡永春,2020-11-23 04:13:12,2,3,1,老师的课很好很有趣，就是给分有点迷，是我最低的通识课了，想拿高绩点的同学慎重考虑。
127455,1061,蔡永春,2020-11-23 07:23:13,2,4,2,认真听课适当电脑敲笔记 应付小测没问题\n\n实验拉满\n\n考试前把ppt打印出来浏览一下 分数绝对没问题\n\n说绩杀的大多是后排做自己事情不听课的
131001,1061,蔡永春,2021-01-25 13:57:08,2,5,3,1.偏向理科的课，和一般认知的“心理学”不太一样；主要讲的是神经科学、脑科学、意识等等的内容，类似生物，科学性很强，如果对这方面有兴趣会很有意思。\n\n2.经常临下课时会突然抛出两道题当场上交，来检验是否认真听\n\n3.实验做满，论文认真，期末打印ppt，大多可上4.5
131041,1061,蔡永春,2021-01-25 16:04:47,0,0,0,每节课尽量听，随堂小测认真做\n\n实验分最好拿满\n\n考试是二十道选择题，是开卷\n\n总的来说还是轻松愉快，能学到好多东西的
131137,1061,蔡永春,2021-01-26 06:54:10,1,1,0,去年的心理学及应用来补个评价 实验做满了 期末作业认真写的 小测也都到场了 估计是期末开卷考的问题最后77 不过真没想到这么低。。。 不过老师上课还是没有问题的 这门课似乎两极分化比较严重 感兴趣的学还是可以的
131797,1061,蔡永春,2021-01-29 03:51:32,0,7,7,学生不是人吧 就是免费的实验道具吧
133396,1061,蔡永春,2021-02-27 01:35:10,-3,1,4,实验分加满，每次课都去，测验都是选择题，拿高分不难
135572,1061,蔡永春,2021-05-15 00:40:39,-3,8,11,这老师脑子有个大病，通识课给分一片二点多，讲课极其无聊，给分不透明，经常突然搞意义不明的小测，期末最后一节拖堂一个小时，治治你的脑子吧
135583,1061,蔡永春,2021-05-15 07:12:18,3,6,3,我本来看了查老师的评论有点害怕老师会绩杀，然后想着听一节课看看他值不值得我就算给分不好也继续上，结果第一节课就觉得好有趣老师上的很好，之后也想无所谓了反正能学到东西分数就不重要了，没！想！到！我的给分还算挺好的！！上课认真听了基本没啥问题的说真的，好好学了不用担心给分
135641,1061,蔡永春,2021-05-18 01:38:54,2,2,0,给分低，压堂情况严重，不定时的主观题小测，期末一篇不好写的论文。\n\n但是课堂内容其实还可以，只是我不够感兴趣。
135839,1061,蔡永春,2021-06-21 12:41:35,0,2,2,如果你没有把实验分拿满，做好给分巨低的打算
136770,1061,蔡永春,2021-06-24 07:28:16,-4,0,4,课程快结束了才发论文要求，提前很久已经写好了论文，就剩一周时间了老师发要求规定了题目
136946,1061,蔡永春,2021-06-28 13:32:50,1,1,0,我推荐留学生不要听这门课。
137224,1061,蔡永春,2021-07-02 11:55:50,-9,3,12,傻逼老师
137768,1061,蔡永春,2021-07-06 05:03:14,0,1,1,分出来了，专门来评价，老师真的太好太好了，上课讲的让我第一次这么认真的听通识，可以学到很多很多知识，第一次通识满绩啊啊啊啊，实在表白老师
137857,1061,蔡永春,2021-07-06 11:23:17,3,3,0,蔡永春老师第一次上课就明确说明他是不调分的，平时认真听课，除了有一次没有去小测，所以对自己的几点也有了心理准备。自己是多少分就是多少分，怪不得老师。老师人很好，讲课真的吸引到我这个小白了！真正学到知识的感觉，是不会因为绩点而消磨的。加油！
137963,1061,蔡永春,2021-07-07 02:02:57,1,1,0,上的是心理学及应用。成绩是平时成绩➕论文，平时有随堂小测，最后一节课开卷考，论文主要是要求举例子，参加实验有加分，上限5分，实验要是群里发布的。\n\n因为实验很多在玉泉，所以我没有报名过，也就是没有附加分。平时上课大部分会听，偶尔会发个呆刷刷手机，开卷考之前也翻过一遍资料，论文是比较急地赶出来的，绩点还不错。\n\n推荐选课，挺有收获的，讲得很有条理。但是大家上课要认真听，偶尔水一水可能就会漏掉随堂小测的题。
138427,1061,蔡永春,2021-07-09 06:12:32,-18,4,22,垃圾老师
138481,1061,蔡永春,2021-07-09 12:35:51,1,2,1,小测很骚，上课只要听力一点点就行，讲的真的很有趣
142124,1061,蔡永春,2021-11-07 03:44:10,2,7,5,心导实验也太难了，ptb讲也没讲清就得上大作业，全靠自学
142335,1061,蔡永春,2021-11-10 10:04:35,2,5,3,蔡老师讲课很幽默，课堂氛围很好，平时不点名，小测也很简单。个人对心理学蛮感兴趣，然后实验时间做满，上课听一下把几次小测做好，期末考试开卷全部是ppt上内容，论文认真写，95分评了满绩，爱了爱了
142374,1061,蔡永春,2021-11-10 15:12:27,9,10,1,十分十分，超级好的老师，助教smm学姐人也超级好。蔡老师上课非常有意思，下课会考两道小题考验大家有没有听课，都不是很难，听课肯定会，结课有开卷考。论文也不卷，听课就很容易写好，老师讲的也很有趣。（结课的时候太激动在和老师说再见的时候把手机甩出去屏幕摔坏了）要想分高上课不要太水，实验分要加满！
142402,1061,蔡永春,2021-11-11 04:21:46,2,5,3,绩杀。。
142499,1061,蔡永春,2021-11-12 09:16:05,1,7,6,心理学及应用课程\n\n老师人其实是偏严肃的，有时会有冷幽默什么的，上课不是特别有激情，大家觉得的课堂有趣更大的原因是心理学案例本身比较有意思。\n\n上课学到的东西确实是多的，干货很多，认真听收获很大\n\n不过也不是水水亦可，要想着不认真听水水过去就能拿高绩点基本不可能，一是老师的小测比较猝不及防，二是老师不会捞你的\n\n老师上课时候讲的关于其他学科的东西最好不要全盘接受，无论是关于理工科还是文科抑或是艺术类知识，他会在不经意间带入一些偏见式的解读（虽然不是学美术的，但是有一节课他讲“中国画没有透视”，是不好的怎么怎么的，感觉格局小了）；以及写论文最好还是就着心理学这一门学科写（或许？反正我是没弄明白QAQ），不要和我一样稍微尝试了一下结合自己的学科，对课堂的一些非心理学的例子做了点拓展，然后在平时小测基本满分、实验分数加满的情况下还喜提3.6（以上分殊数据问了助教，不存在捏造，&论文在格式正确的情况下被给了60）
142599,1061,蔡永春,2021-11-14 05:47:04,-2,6,8,我谢谢你，1.5
142683,1061,蔡永春,2021-11-15 05:29:08,11,14,3,和上面的长篇大论不同，蔡老师上课很有激情，内容也很有趣。被查老师上部分评论恶语中伤后还在群里发了成绩分布和解释。我从来没有在查老师上评分过，但这一次我要站出来为老师正名。
143261,1061,蔡永春,2021-11-22 14:10:00,1,1,0,呜呜┭┮﹏┭┮，老师还行，就是2学分的心理学导论实验4学分的任务量...
144139,1061,蔡永春,2021-12-19 12:06:26,4,4,0,我觉得蔡老师真的很好啊呜呜，讲课很幽默也很有趣，而且平时都很轻松只要好好听课都没什么问题，真的很喜欢的一门通识，看到别的评论言语好伤人，不知道老师看到了会怎么想呜呜呜，蔡老师真的很好哇
145118,1061,蔡永春,2021-12-27 13:12:16,2,3,1,结课啦～，想说不管最后结果怎样蔡老师都很好！这课要求很少，只要写一篇论文就好了，课堂上会有小测但是小测内容全是上课的，只要上课认真听基本没问题～而且蔡老师虽然讲的是偏基础心理学方面的，但是老师讲课很幽默还会看我们视频，一点都不无聊！推荐推荐
147389,1061,蔡永春,2022-01-10 02:11:37,3,5,2,老师真的很好呜呜呜，每次去上课+认真听讲做出小测+论文认真写+期末考试花了半天准备拿了大学的第一个满绩！！好开心
147400,1061,蔡永春,2022-01-10 02:39:59,3,5,2,虽然我绩点很低，但蔡老师是个好老师。\n\n公布成绩之后私戳老师询问，有展示各次小测的成绩，告诉我小测和随堂考成绩不是很理想，确实我自己是没有认真听课的原因。老师交流超级友好！\n\n如果你真的想了解心理学、真的对心理学感兴趣，就选蔡老师的课；如果跟我一样不是很感兴趣，不喜欢那些生物生理的知识，或者是只是想轻轻松松的上一门水课，那么就不要选蔡老师的课。
147451,1061,蔡永春,2022-01-10 04:26:03,1,2,1,论文挺认真的，实验也做了，考试开卷复习挺认真的题也做出来了，可能前两次小测比较差吧，绩点2.1，一门通识课啊，我还跑两次玉泉
147452,1061,蔡永春,2022-01-10 04:26:03,0,0,0,论文挺认真的，实验也做了，考试开卷复习挺认真的题也做出来了，可能前两次小测比较差吧，绩点2.1，一门通识课啊，我还跑两次玉泉
152958,1061,蔡永春,2022-04-22 10:48:36,2,3,1,老师讲课很有条理，是我很喜欢又能听得很清楚的一门课了，认真听能学到很多干货！\n\n最后期末考没有复习，全凭记忆……防止自己看到绩点后对老师的评价可能会有偏差，所以提前来了……\n\n老师真的很好很好！
153305,1061,蔡永春,2022-04-28 01:06:49,-8,3,11,#心理学及应用 老师讲课挺有意思哒！给分也挺好滴～呜呜这是我唯一一门上90的通识课
153338,1061,蔡永春,2022-04-28 08:19:48,5,9,4,给分很差\n\n很差很差\n\n还有qq群里一堆拍马屁的\n\n真是让我开眼界了
153346,1061,蔡永春,2022-04-28 09:39:21,5,7,2,最认真的一节晚课，结果分最低，每节课都去，心理学实验也参加了，论文也是认真写的，最后给分69，千万不要选
154950,1061,蔡永春,2022-06-07 04:11:37,1,3,2,真的好老师，上课很有趣，参加了三次实验，开卷考前看看PPT就可以了，最后满绩，最愉快的一节课
156712,1061,蔡永春,2022-06-20 17:20:14,2,4,2,每次小测点名都去了，上课也是马马虎虎的听了。最后一节课考试前，也看了书复习了下，因为是开卷考。最后考完试，感觉也还不错。\n\n但是最后绩点出来就2.1。我表示真的很不理解，通识课能给这么低的分？老师之前说可以自愿做心理学实验，每次一小时，然后可以加一分，最多加五分。我因为平时课比较多没有去做心理学实验。那没必要最后给分这样吧？我有认识的朋友啥都没听过上课，就做了实验然后就4.8？？？不是说好就五分吗？是不是很夸张？另外，这种心理学实验在朵朵上大概一个小时四五十块钱吧，老师用一门通识课的一些分数从而去掉了对试验者的报酬，是不是不太合适？？？这只是个人一些观点，老师讲课蛮有趣的，就是对给分标准有点疑惑和意见。
157743,1061,蔡永春,2022-06-24 15:03:39,1,5,4,给分超级好，课上好好听，小测和期末参加一下，现在看来就算五个实验都不去也有满绩
161841,1061,蔡永春,2022-11-14 11:10:32,-26,9,35,个人觉得这位老师三观可能有点问题，也可能是他个别的话表述不严谨导致了我的误解吧。上课公然说南方人更偏向集体主义，北方人更偏向个人主义，说北方人挪凳子是自私只顾自己，本北方人真是被恶心到了，你有问过北方人挪凳子的目的和内心真实想法吗？！拿着自己那个扣扣搜搜小家子气来想别人，妄下断言！你就是这么搞研究的？真的下头！我的舍友都是南方人，个顶个的自私，（当然也有很好的南方人哦，是很好的朋友）你就这样一锤子打死？下头下头下头
165968,1061,蔡永春,2023-01-10 14:01:51,6,8,2,分数为：四五次小测（相当于点名）+期末论文+期末最后一节课测试+心理学实验额外加分（上限5）\n\n感觉事情不是很多，上课讲得比较有内容，尤其是第一节课\n\n期末内容不难（由于线上所以老师在学在浙大上开卷考，以后恢复线下是开卷），如果平时认真听肯定是会做的\n\n实验当然是多多益善，基本上都是感知/视觉的实验\n\n论文是命题的了\n\n最后100分满绩了
166201,1061,蔡永春,2023-01-11 11:47:04,-38,6,44,绩杀，人生第一次拿到4以下的绩点...只能说我尽力了，却还是...but老师的课上的很好，真真学到了很多东西...假假自我安慰一下（起码能学到东西
167620,1061,蔡永春,2023-01-17 17:37:43,5,7,2,绩杀。努力得不到回报。不如运气好的。
167741,1061,蔡永春,2023-01-18 17:19:40,0,2,2,绩杀绩杀绩杀绩杀!
167804,1061,蔡永春,2023-01-19 07:06:05,0,5,5,快跑！！！太卷了对外专业想跨专业修习的很不友好！！！不想1.8就快跑呜呜呜哇哇！！！
176065,1061,蔡永春,2023-06-27 14:20:59,3,4,1,上了一些心理学的课了，觉得蔡老师真的是上课质量最高的老师之一（据我现在感觉本系应该不超过3位），老师是真的不调分，但是老师讲的绝对能保证你听懂学会！老师真的想教会我们，我真的哭死，所以认认真真学过，蔡老师的课我真的得分很好!最重要的是，可以学到东西！
189425,1061,蔡永春,2024-01-24 05:58:22,4,5,1,老师讲课很有趣，可以真的学到东西，没做实验，上课认真听，每次课后小测认真答，论文题目也不难，都是老师上课讲过的，结合老师讲的写，很容易拿高分，不知道为什么查老师上评分这么低
189451,1061,蔡永春,2024-01-24 09:41:33,-5,2,7,出分了，妥妥绩杀！作业都交了，考试也准备了唉
189470,1061,蔡永春,2024-01-24 14:28:41,-2,1,3,shishishi
191876,1061,蔡永春,2024-05-03 03:47:12,7,7,0,坐标心理学及应用，老师讲课讲得极好，既有深刻的思想，也有有趣的视频案例，只要上课用心听基本都能听懂。并且老师讲的很多东西都很实用，随堂的小测都是考之前讲过的东西，上课听了基本都能写出来，最后考试的内容ppt上都出现过，考核不算太难。总而言之课还是很棒的，狠狠地安利
196383,1061,蔡永春,2024-07-03 07:56:57,-1,0,1,心理学及应用。课非常有趣好玩！给绩也还行
196780,1061,蔡永春,2024-07-05 05:55:00,2,2,0,点名是小测形式，给分略求是但是提供做实验的额外加分机会，上课有趣，任务适量
213201,1061,蔡永春,2025-01-16 09:41:26,1,3,2,给分不理解
213202,1061,蔡永春,2025-01-16 09:44:42,1,1,0,心理学及应用：小测形式点名，一篇论文+最后一次课开卷考试。讲得其实还不错，学到蛮多有意思的知识，不过给分真的依托。愿意花时间去当被试并且每节课上课都不会划水or想学点知识不在意成绩的可以选，其他只能说再考虑考虑。
213215,1061,蔡永春,2025-01-16 11:09:51,1,1,0,课程内容很有意思，但是想拿高分每节课都不能划水
213569,1061,蔡永春,2025-01-18 09:36:25,-4,1,5,微辅修的心理学导论，给分和隔壁wmz的社会心理学一样迷，只能说上4很有难度
217202,1061,蔡永春,2025-04-04 04:05:55,2,2,0,心理学及应用，每节课课后有几个选择题小测，课上稍微听下差不多都没问题，最后一节课有一个全选择题的纸质开卷期末考试，差不多ppt上都能找到，然后一篇主题论文，还可以做被试加分。然后课上非常有意思，老师讲课清楚易懂，课后也可以找老师交流老师也很热心，我觉得蔡老师值得一个9以上的评分。
218433,1061,蔡永春,2025-04-23 12:07:15,0,0,0,虽然不点名，但小测，有的同学没来就算缺勤。我觉得挺不错的，课程设置很有意思，我在生活中也应用了心理学知识，很棒的一节课，很棒的老师
218474,1061,蔡永春,2025-04-24 03:07:28,0,0,0,老师讲的很好，我觉得有些内容也很有意思，但确实每堂课都到，小测自己努力做，论文是认真写的（可能内容不是很深，但是是结合上课内容和自己的理解的…），实验加分只去了一次，是因为去的唯一一次发现自己不适合眼动类实验，既然不适合我就没再去…上大学以来最低绩点吧，追求完美绩点的建议不选，但老师是有学问的人！
218488,1061,蔡永春,2025-04-24 04:02:00,-3,0,3,老师上课讲的心理学案例都很有意思，最后给分也很好。
218490,1061,蔡永春,2025-04-24 04:06:56,0,1,1,分给的挺好的，就是课中间让你复写刚刚讲的实验内容有点吓人。感觉绩点主要还是最后的考试加上心理实验的加分。考试需要做充分准备（如果上课懒得听），只简单打印ppt是不太够的
218575,1061,蔡永春,2025-04-25 01:22:03,4,5,1,绩杀3.0
221604,1061,蔡永春,2025-06-25 02:04:39,0,0,0,老师很有学问，讲了很多有意思的心理学知识。但是课堂小测和期末考试不好过。蔡老师是一个合格的心理学老师，但绝不是一个能让你水水就过的通识课老师
1129,1214,张萌,2019-04-22 07:58:58,77,147,70,不能更愉悦 上课有逻辑而且很有趣～ 重点是人很萌很好不过该减肥找老公了w
3942,1214,张萌,2015-06-17 10:41:54,25,31,6,老师很可爱～\n\n
5221,1214,张萌,2015-07-06 01:59:59,38,41,3,唯一一节全程无睡点的课=_=老师很棒，有热情很有亲和力，上课内容很有趣，给分也相当棒呢~
5781,1214,张萌,2015-07-09 10:35:40,44,50,6,爱她没有理由
9887,1214,张萌,2015-11-12 01:35:34,-2,2,4,红红火火h
12264,1214,张萌,2015-12-22 15:31:49,1,3,2,萌老师人如其名！选了萌姐绝不后悔！
12848,1214,张萌,2015-12-24 06:31:30,7,12,5,老师很萌 上课很有趣 超棒的
13385,1214,张萌,2015-12-27 13:16:18,21,26,5,萌老师讲的真的很有趣！上课一直笑呵呵的！心导课我就没睡过！后半学期换了老师就经常睡觉了。
14846,1214,张萌,2016-01-10 04:50:04,3,6,3,上课很有趣
15408,1214,张萌,2016-01-14 09:19:39,15,18,3,很喜欢萌萌老师，语速很快但听起来一点也不吃力。上课内容特别丰富，老师讲得也特别特别好～
16208,1214,张萌,2016-01-17 13:25:39,5,8,3,人如其名，上课也有趣
18020,1214,张萌,2016-01-21 06:13:26,1,3,2,萌老师！
18699,1214,张萌,2016-01-22 10:50:54,1,3,2,萌萌哒
19018,1214,张萌,2016-01-23 04:26:08,0,5,5,老师很萌，但事多，想水慎选
19057,1214,张萌,2016-01-23 06:58:49,3,10,7,上课没有废话，基本都是重点。而且讲课有趣，人也有趣。提问题很给学生台阶下的，耐心答疑。这门课平时不听，期末会后悔的。
19168,1214,张萌,2016-01-23 11:39:19,3,7,4,萌！对我们很好
19713,1214,张萌,2016-01-25 06:51:29,3,4,1,有激情活力
19752,1214,张萌,2016-01-25 08:39:56,0,3,3,挺吓人的！全程上课无法打瞌睡...要提问
19804,1214,张萌,2016-01-25 09:54:34,1,3,2,上课很有趣
20126,1214,张萌,2016-01-26 07:18:16,2,4,2,老师很萌
20764,1214,张萌,2016-01-31 07:20:36,2,4,2,非常好
21575,1214,张萌,2016-02-29 08:25:49,1,5,4,张萌老师让我明白原来心理学也可以辣么萌，辣么好玩儿。，自从遇见她，我心导课再也没有睡过。棒棒哒！
23830,1214,张萌,2016-04-18 10:19:13,2,3,1,今天要考试了，好方
25810,1214,张萌,2016-06-08 15:17:23,0,2,2,炒鸡棒的体验！
26330,1214,张萌,2016-06-17 02:57:00,2,3,1,上课很有意思
28274,1214,张萌,2016-06-28 08:24:54,2,3,1,真的非常好的老师!!!
33492,1214,张萌,2017-09-18 12:25:18,2,4,2,很风趣\n\n
33505,1214,张萌,2016-09-20 01:03:59,2,2,0,可爱的老师，看了半节课的视频
34477,1214,张萌,2016-10-11 12:43:57,0,3,3,很好非常好
35086,1214,张萌,2016-11-02 00:40:51,13,17,4,老师很棒，和名字一样萌萌哒，会讲讲笑话，讲讲段子。很有意思，她的通识课一定要选！！上课很宽松，允许睡觉吃东西玩手机，在轻松愉快的环境中可以学到知识！
35245,1214,张萌,2016-11-07 07:16:39,3,5,2,很有意思而且不水的一门通识课，老师很可爱。嗯，就是这样。
35286,1214,张萌,2016-11-07 13:36:25,0,1,1,好喜欢
35291,1214,张萌,2016-11-07 14:07:27,0,1,1,老师还在群里面发红包～
35394,1214,张萌,2017-01-14 16:02:47,1,4,3,满分！老师很萌很公正！上课也超级有趣！
35500,1214,张萌,2016-11-10 07:21:53,1,1,0,有趣！可爱！还会在群里参与讨论
35525,1214,张萌,2016-11-10 07:23:58,7,9,2,超级好啊，一直笑呵呵的 而且会放很多有意思的心理学实验视频
35533,1214,张萌,2016-11-10 07:24:41,1,1,0,很好玩，有很多的心理学视屏
35559,1214,张萌,2016-11-18 00:05:19,1,2,1,赶紧选
35970,1214,张萌,2016-11-10 09:23:40,1,1,0,讲课质量高，人很亲切。简直找不出不给满分的理由！
35985,1214,张萌,2016-11-10 09:34:07,1,1,0,为啥不给十分，没理由不给
36133,1214,张萌,2016-11-10 14:05:26,0,1,1,挺有趣
36392,1214,张萌,2016-11-13 01:02:07,0,1,1,老师上课非常有趣，很好的老师\n\n
36541,1214,张萌,2016-12-08 10:43:21,0,2,2,老师很萌。讲课挺有趣的，给分其实不错，对心理学感兴趣的建议修读。
37091,1214,张萌,2016-11-17 11:11:21,0,1,1,老师上课很有意思，最后给分也不错
37106,1214,张萌,2016-11-17 12:11:10,0,1,1,日常十分 不能再赞
37163,1214,张萌,2017-01-17 18:25:20,9,12,3,强推她的课！上她的课就像是听科普讲座，很有趣，根本不忍心在课上水手机。而且平时没作业，考试开卷，很轻松！
37647,1214,张萌,2016-11-20 02:40:53,2,2,0,真的是非常好的萌萌哒老师～上课很有意思，内容丰富，给人很多启发，给分也超级赞，很为学生考虑～考试开卷，只要有自己的思想就好了，不难。老师的教学理念，就是通识课要带给学生欢乐，让我们觉得有收获(ฅ>ω<*ฅ)
38010,1214,张萌,2016-11-23 04:53:25,5,7,2,上课内容有趣，但是一学期下来你不做实验的话、绩点可能略低
38260,1214,张萌,2016-11-28 11:02:31,3,6,3,萌萌的课一级棒！\n\n心理学及应用非常有趣，萌萌会讲很多有趣的小故事，放很多有趣的实验视频，就算是晚课也全程无睡点！\n\n超棒的老师，经常在群里和我们讨论超有趣的问题！\n\n人也超级好，给分超级赞，超为我们考虑！\n\n给萌萌笔芯！
39208,1214,张萌,2016-12-21 15:17:19,1,2,1,张萌萌老师实在是萌萌哒~人超棒~上课也有趣~都没怎么玩手机~
39380,1214,张萌,2016-12-22 09:39:35,0,4,4,超萌！上完这门课后疯狂向周围人安利！就是要好好听啊平时测试还是很重要的\n\n打分也不错，好好学上四绝无压力_(:з」∠)_
40780,1214,张萌,2017-01-05 11:44:18,1,1,0,必须满分！老师很好，课程有干货又有趣，考试形式也很合理。
48445,1214,张萌,2017-03-04 03:14:58,1,1,0,老师上课会结合一些心理学实验视频，从多方面了解心理知识，而且课堂上十分幽默，语言组织的很好，是一门值得修读的好课！
50468,1214,张萌,2017-05-03 05:29:26,7,15,8,分数不高，学得很认真，绩点有点失望。
50501,1214,张萌,2017-05-03 07:52:19,1,3,2,上老师的课真是一件很愉快的事情，在课上学到很多心理学的知识，有很多视频案例，真的很有意思，对心理学越来越感兴趣了，有空的话多去做实验，心理系的小哥哥小姐姐都很nice的，还能拿点分数！
50507,1214,张萌,2017-05-03 08:13:52,1,4,3,没做多少实验，绩点不高。但是推荐选哦！
50569,1214,张萌,2017-05-03 14:11:54,-1,3,4,给分好
50734,1214,张萌,2017-05-04 15:53:05,4,6,2,如果想高分甚至满绩，请一定做一定量的实验。小测有点难度，好好听课可以拿近满分。期末考也是拉分暗礁，主要是要有自己的思考和迁移。
58216,1214,张萌,2017-08-24 13:37:06,2,2,0,萌萌姐太可爱
61536,1214,张萌,2017-11-18 10:37:10,2,2,0,点名是签到表，老师超好，有小测，考试就几百字小论文。
61872,1214,张萌,2017-11-21 10:35:19,3,4,1,老师很可爱，上课很好玩（上课还是要听一听的不然小测不好做），记得一定要多做实验。\n\n
61874,1214,张萌,2017-11-21 10:39:15,1,2,1,作为一个习惯通识课玩手机的人，我想说这个课真的是我上大学以来第一个不想玩手机的通识课。
61875,1214,张萌,2017-11-21 10:44:38,1,2,1,老师上课很有趣，人也很好。一定要做实验！没有付出就没有回报！
61883,1214,张萌,2017-11-21 11:08:50,1,1,0,老师的课真的挺好的，不怎么做实验就可能绩点比较低了
61893,1214,张萌,2017-11-21 11:50:22,0,1,1,绩点略低，很大程度取决于有参加过多少次心理学实验，要刷分的不推荐，心理学及应用上课内容很有趣，经常放科普类视频，老师很可爱
61897,1214,张萌,2017-11-21 12:36:53,2,2,0,老师讲课真的很有趣，实验要稍微做一点啦，帮忙拉一下绩点！
61904,1214,张萌,2017-11-21 13:37:49,2,9,7,课很有趣 但是老师给多少绩点我就给老师多少分吧微笑
61997,1214,张萌,2017-11-22 05:44:01,71,86,15,请抄下PPT上的内容及老师举的例子。期末开卷考按照上课的内容和课本来写。做满实验。经验以上。祝满绩: )
62190,1214,张萌,2017-11-23 05:14:57,-2,2,4,虽然分好低呀，但是老师很棒！大家可以考虑旁听_(:_」∠)_
62229,1214,张萌,2017-11-23 10:06:14,0,1,1,有用!就是班里大神多
62335,1214,张萌,2017-11-24 08:51:20,0,2,2,特别棒收获特别大
62871,1214,张萌,2017-11-27 08:02:32,4,8,4,老师上课生动有趣，但是干货不怎么多，大多时候只是简单介绍一下心理学的内容，想学东西的朋友们慎选。另外，刷分要靠课外做心理学实验，没时间的同学们慎选（实验刷满能加6分，一小时一分）平时上课认真听，小测能得高分，但最后的考试的现场写论文就很玄乎了，基本靠欧气。对写论文有自信的人选吧，反正我最后论文分数惨不忍睹。
63012,1214,张萌,2017-11-28 02:20:03,1,2,1,这个课可以说是听的最认真的通识课了哈哈，老师讲的很有意思！还能自己去做一些心理实验。只要有付出，最后给分还超级棒！
63325,1214,张萌,2018-07-05 10:16:53,67,90,23,如果想知道浙大的恶竞能到什么程度的话，这门课应该能给你一点体会吧。这个冬学期的课程群里，有的人因为恶竞的事吃相可难看，仗着有匿名怼同学怼得不亦乐乎。同学，有的时候问问你自己，你来浙大做什么，是学知识学本领学做人的道理还是为了把别人比下去？和你一节课的不是你同学是你的敌人吗？
66417,1214,张萌,2018-01-16 07:38:43,1,4,3,超级好的老师，上课十分有趣，考的都是讲过的，认真听，有收获，相信成绩也不会失望！
70504,1214,张萌,2018-01-26 23:15:41,4,6,2,只能说老师是好老师，但是绩杀
71613,1214,张萌,2018-01-28 16:52:16,6,9,3,上课还是挺有趣的吧，自己也有认真听，不过期末给我80也是醉了
71680,1214,张萌,2018-01-29 00:34:24,0,3,3,老师很可爱！上课很有趣有很多视频很多故事！认真听课平时多做实验成绩不会差的，推荐！
71729,1214,张萌,2018-01-29 02:02:29,4,5,1,老师是挺好的，上课也会放一些视频。就是小测太难了，要是想得高分，必须做满心理学实验才可以，推荐有时间去做实验的人选吧。期末很简单的。就是作为一门通识来说，是我通识最低分，拉低了我的均绩（保持微笑）
72758,1214,张萌,2018-01-31 04:57:59,0,5,5,超开心的！！！\n\n心理学及应用！\n\n虽然每次都被巨多作业包围，但还是没有办法不听课！！！小测都是上课内容，期末考写小“论文”，也是根据上课内容写写就好～老师助教姐姐都太萌了，小论文都忍不住卖个萌～上课好好听收获满满开心满满小测期末都轻松，也不用花课下时间准备什么。一开始听说正态有大神还很担心，最后没想到自己满了，一扫崩溃的考试周的阴霾！给萌比心心～
73971,1214,张萌,2018-02-04 02:45:00,0,0,0,非常有趣，适合对心理学有粗略了解的同学来听～
74631,1214,张萌,2018-03-05 02:01:13,-2,2,4,好好表现，做好实验，满了嘿嘿嘿
74913,1214,张萌,2018-03-06 11:07:47,1,2,1,张萌老师的心理学及应用超级有趣的ヽ(*・ω・)ﾉ每次上课的时候都不舍得看手机，会放很多心理学实验的小视频，老师人也很幽默有趣，助教姐姐很负责，每天发布实验信息，统计平时成绩，还是很辛苦的。总之非常庆幸能选上一门这么有意思的课程～期末考也是课上开卷，不是很有压力\n\n
77742,1214,张萌,2018-05-07 12:58:37,0,0,0,超可爱的老师，人如其名
79053,1214,张萌,2018-05-21 15:23:47,3,4,1,实名举报老师上课放视频的时候自己偷偷吃香喷喷的肉脯，被我们发现以后还超委屈地辩解我们都不和她一起分享，她不想再带回去才偷偷吃的? 也太可爱了吧，我永远喜欢张萌老师??
80539,1214,张萌,2018-07-15 06:25:37,1,2,1,考试周前一周考试结课 到现在考试周结束后一周都不出分 ？没懂
85120,1214,张萌,2018-07-15 13:39:05,2,4,2,讲真的心理学应用上课很有趣 老师非常可爱 心理学试验也有很有意思的实验不会当作是负担 但老师出分是不是太太太慢了一点？
85148,1214,张萌,2018-07-15 23:16:25,7,12,5,讲的很好，但是给分很迷，实验做满，学的很认真，小测也高，最后分数很低...
85149,1214,张萌,2018-07-15 23:27:59,4,6,2,没翘过课，每节课都在第一排认真听了，小测不定项选择所以容易崩，但是我实验6个小时刷满了，最后卡绩了，而且是最低的一门通识……（我在想要是我实验没刷是不是就2.几了？给分真的可怕……）
85151,1214,张萌,2018-07-15 23:46:15,4,5,1,讲课很棒，很用心，但是绩点就不想说什么了。付出与回报不成正比，给分是我史上最烂的通识，hh。慎选吧，建议旁听不要选。
85173,1214,张萌,2018-07-16 01:34:33,1,5,4,刷满实验了 小测两次都是9分 期末卷子挑的最简单的题但是写了巨多无比 bonus写了超过八个 最后94分4.8 感觉还是符合自己付出的
85177,1214,张萌,2018-07-16 01:57:39,0,0,0,讲得很好，学的很认真，实验也刷满了，但是分数真的不好看，建议旁听
85178,1214,张萌,2018-07-16 02:02:13,0,0,0,老师很好，长得也萌萌的。不过可能是课太好的缘故吧。大家都挺认真的，所以最后的成绩可能没有原先想的那么好。(毕竟要正态)不论如何，这门课收获还是很大的。笔芯老师～
85701,1214,张萌,2018-07-26 12:20:50,0,0,0,本以为实心要死于董一胜之手了，万万没想到. . .
85835,1214,张萌,2018-08-20 16:59:09,2,3,1,老师超可爱的！课也真的是干货满满并且有趣！虽然绩点没眼看但通识课里真情实感地最最最喜欢这节课了！
86911,1214,张萌,2018-09-19 10:54:45,1,2,1,老师真的好，上课很风趣，\n\n好可爱啊，第一印象超级棒，\n\n可是为什么只有八周啊……唉\n\n喜欢这个老师
89376,1214,张萌,2018-11-19 01:32:02,1,1,0,老师人简直不能再好了，老师上课很有意思，而且和学生完全没有隔阂，人很温柔，也很有趣，能吸引学生，课下对我们的指导也很全面，超级喜欢老师啊啊，一定不能错过
89909,1214,张萌,2018-11-21 08:08:49,2,2,0,超级可爱的老师 上课很有意思 只要认真听记一下老师讲的实验小测就没问题
90431,1214,张萌,2018-11-23 12:49:51,1,3,2,呵呵呵?
90435,1214,张萌,2018-11-23 13:00:11,2,3,1,上的是心理学及应用！嘤嘤嘤我爱死萌姐！！！是个超级可爱的吃货！！上课干货满满，是我唯二认真上的课之一啦！最后成绩也超棒的！表白萌姐！
90441,1214,张萌,2018-11-23 13:20:08,4,5,1,自闭了，老师好，课也好，去tm的实验，白做了……去tm的分数！
90452,1214,张萌,2018-11-24 04:55:30,0,4,4,萌萌老师简直就是天使啊啊啊啊啊!!! 上课超级丰富有趣 能学到很多 关键是给分好啊!! 我课外实验没刷满 论文也没有恶竞凑字 竟然获得了大学的第一门5.0!! 爱死萌老师!!
90460,1214,张萌,2018-11-23 14:29:58,1,1,0,萌老师超棒的！给分也不错??
90465,1214,张萌,2018-11-23 14:46:50,0,1,1,萌萌老师真的超可爱~上她的课每周都乐呵呵的 有很多有趣的实验例子 最后给分也超棒！！爱她没理由！！！
90506,1214,张萌,2018-11-23 16:30:02,0,3,3,太可爱了我萌老师。课程也非常有意思。\n\n小测只有几个选择题，也不严格。\n\n会有签到表格，你找人代签也没问题吧，但是这么有趣的课不去也可惜。老师会介绍很多实验，看很多国外的视频。超级可爱超级有亲和力了。\n\n最后 ，好好写论文，实验做满，不缺课，满绩不是梦
90536,1214,张萌,2018-11-24 01:27:22,0,2,2,课真的真的有意思!学到了很多心理学知识，会在日常生活中突然“噢我记得这个东西萌老师讲过” 萌老师真的是一个很可爱的吃货呜呜呜呜 两次全选择题开卷小测和一次期末论文♡好好写绩点不会低的
90540,1214,张萌,2018-11-24 01:34:48,0,1,1,课堂体验超级棒，能学到一些特别有意思的心理学知识，而且一些重要的知识点在老师有趣的讲解下不用刻意就能记住
90542,1214,张萌,2018-11-24 01:47:55,0,3,3,老师很好，绩点不高只能怪自己水课水的太过了(●—●)
90567,1214,张萌,2018-11-24 06:20:51,0,2,2,萌老师人很nice！心态超年轻！感觉完全没有代沟hhh上课很有趣，会讲很多非常有意思的实验，还会放视频。给分也超让人惊喜呀
90722,1214,张萌,2018-11-25 11:39:37,0,2,2,很棒的课程，很有意思，给分不错
90807,1214,张萌,2018-11-26 07:21:16,1,3,2,老师超级超级可爱，上课内容很有趣
91712,1214,张萌,2018-12-18 09:50:54,0,3,3,老师超可爱的！
91931,1214,张萌,2018-12-25 04:08:25,-1,3,4,老师讲课超级棒!
91939,1214,张萌,2018-12-25 04:40:00,1,5,4,张老师真的可爱极了(๑´∀`๑)虽然是通识但是上的课不水而且很有趣！老师人也超好的！虽然论文格式真的把我弄到崩溃但是看分数好像还挺友好的。恋爱心理学讲的超棒啦hhhh
91966,1214,张萌,2018-12-25 06:30:41,-7,3,10,讲话超快，人也不大客气
92439,1214,张萌,2018-12-28 15:51:47,-2,2,4,老师超级可爱 会讲到一些有趣的心理学现象 小测上课记一些例子就好 论文也很轻松，还防鹅颈 强推 老师真的敲好
93515,1214,张萌,2019-01-10 07:11:24,0,3,3,内容很贴近生活能学到很多东西
93836,1214,张萌,2019-01-14 03:29:42,1,2,1,合理安排教学进度也是上课水平的一部分，每节课都要拖堂...
93914,1214,张萌,2019-01-14 08:34:34,-3,1,4,收获挺多，很多现象都很有趣，最后的论文我是连蒙带猜瞎写的绩点4.2
96027,1214,张萌,2019-01-20 11:39:38,0,2,2,超可爱的老师！！！
96086,1214,张萌,2019-01-20 12:37:24,-1,3,4,特别好
96534,1214,张萌,2019-01-21 05:40:48,5,8,3,次次点名，分数又给不高
96835,1214,张萌,2019-01-21 10:22:31,-4,2,6,不知道为什么没有到9.9呢？
96981,1214,张萌,2019-01-21 13:48:20,-8,7,15,最垃圾的通识课了  没见过这么吃相难看的学生和老师   别的心理学老师设置额外做心理学实验加4分满  这里是六分，让学生做免费劳动力 半个学期花六个小时去搞你的实验  呵呵呵了 好一群人争着抢做实验  这就是浙大鹅颈的力量吧  呵呵最后把加分项变成了必要项，做得少的没做的加一二三分  多的6分满  你的实验能成功做了  呵呵学生却多了学业负担 口口声声说是加分项 变成这个样子，不做就要被正太 。呵呵了，建议课多的千万别选。课少还想当小老鼠的去报这门课吧，被正太了别哭
98055,1214,张萌,2019-01-23 04:31:30,-9,3,12,垃圾老师。为什没那么多还说那么多人脑不脑残。
98168,1214,张萌,2019-01-23 06:46:45,0,1,1,老师很活泼可爱，上课内容很有趣，为我打开了心理学世界的大门。心态很年轻，经常在群里和大家交流，也经常皮。但是实验确实太难做了，为了这个加分花了很多的时间，鹅颈比较严重。而且由于助教更新实验信息的缘故课程群很快就变成了复读群。但是课程还是很值得听的。
99109,1214,张萌,2020-01-19 15:13:04,-83,4,87,bitch
100010,1214,张萌,2019-01-25 12:35:00,-8,6,14,自私，不为学生考虑  绩杀   就知道做实验做实验哪来这么多时间，?
100151,1214,张萌,2019-01-25 15:59:55,4,6,2,哇评论里戾气也太重了吧，我上的是心理学导论，感觉张萌老师讲的很有趣啊，每个理论都会有小故事可以讲（这大概是会拖堂的原因？），考试考的也是讲过的书上的内容，认真学了没有什么难度。还有做实验加分，这是心理系的传统，想加分肯定要花时间和精力，做实验就是一种特别的方式而已。如果你不想做，只要你学的足够好，靠自己的考试成绩也能满。
100172,1214,张萌,2019-01-25 16:43:31,3,3,0,大爱萌萌老师啊啊啊！！ヽ(*´з｀*)ﾉ\n\n萌萌老师人超级可爱的，上课会放很多有趣的视频，十分有趣，还经常在群里和同学们开开小玩笑，探讨生活中的心理学问题，选上她的课是我的幸运！墙裂安利一波！
100179,1214,张萌,2019-01-25 16:49:18,1,1,0,快来听萌萌讲故事吧～
100183,1214,张萌,2019-01-25 16:53:30,6,8,2,实验刷满。点名全到。被正态了。迷醉。也许是我小测全错论文70吧。fine
100190,1214,张萌,2019-01-25 17:42:47,5,8,3,实验打满6h，小测点名不缺，同样被正态到70+。。可能确实是我太水了，不适合【随机正态？】的课。
100198,1214,张萌,2019-01-25 22:43:19,-3,1,4,上课很有意思，超喜欢听，平时没时间做实验就做课上的实验，论文结合课上的内容，我文笔很烂但老师给了我4.5，老师太好了！
100245,1214,张萌,2019-01-26 00:38:29,0,0,0,有付出有回报老师看得到！\n\n大学第一门满绩，感谢萌萌老师
100253,1214,张萌,2019-01-26 01:00:12,-1,2,3,老师人很好，在群里和同学们聊成一片。至于分数，老师和助教已经仁至义尽了。被正太的同学去看看群里助教的解释吧。实验分数刷满和最终高分并没有什么关系。大家都很努力那就看谁的成果更优秀了。
100490,1214,张萌,2019-01-26 07:55:56,4,4,0,很有趣，虽然有很多以前就已经知道了，但是听老师再讲一遍也有趣的。\n\n而且得到了大学里的第一个满绩和第一个一百分。
100599,1214,张萌,2019-01-26 11:22:34,21,24,3,那些老是拿成绩，正态来说事的，也就那点水平了，反正我学习是因为兴趣，dl们分高是因为别人有能力并且愿意努力，我觉得评价一个老师好坏不应该以她给自己的成绩作为标准。像萌萌这样能和同学打成一片，认真负责的老师已经够好的了行吧。
100661,1214,张萌,2019-01-26 14:10:23,1,1,0,老师上课讲很多生动的例子帮助理解，为人很耐心，找她问问题她一定会留下来解答完再乘班车回西溪！
100713,1214,张萌,2019-01-26 15:15:28,3,3,0,萌萌，我可以请你喝奶茶吗？
100719,1214,张萌,2019-01-26 15:28:09,0,2,2,以为论文写的很烂结果分数却很好！萌萌真是挽救我的绩点的好人！！！我爱萌萌一辈子！
102752,1214,张萌,2019-02-22 09:18:14,0,0,0,老师讲得很有趣，认真听也学到了知识。这就够了呀～
103011,1214,张萌,2019-02-25 10:41:40,0,0,0,超喜欢萌萌老师！！！！！！实验没做满 但认真写了论文 最后4.8真的惊喜！爱老师！！！
105487,1214,张萌,2019-04-15 08:25:54,0,0,0,理科生呀 认真写了论文  都有到课  最后4.8  谢谢萌萌！
107059,1214,张萌,2019-05-01 08:10:30,5,5,0,19春心应。呃。虽然。。，总之，还是祝张萌小姐姐快快康复！！
108177,1214,张萌,2019-05-16 05:04:43,4,4,0,老师非常平易近人！
122222,1214,张萌,2020-02-20 05:21:23,1,1,0,舍不得听完的一程课
122705,1214,张萌,2020-03-22 19:48:47,-4,3,7,悄悄推一门名为认知科学的通核，涉猎的面较广，而且能接触到比较前沿的心理学实验，更有VR、fMRI、视觉追踪等高科技等你体验哦，当然最重要的是导师们人都很nice~
123431,1214,张萌,2020-06-09 01:37:07,0,0,0,必须好评
123568,1214,张萌,2020-06-10 05:38:25,0,0,0,老师温柔，有小测，期末写论文，给分巨好，强推
123979,1214,张萌,2020-06-18 11:20:44,0,1,1,不多说，选张老师的课就对了。不过实验名额，我是真的抢不过呀，老年人手速。
124238,1214,张萌,2020-06-27 23:00:45,0,1,1,必须十分
124695,1214,张萌,2020-07-06 09:56:19,4,4,0,心理学及应用隔壁蔡老师班的，张萌老师只上过四节课，只说上课：非常棒，有趣生动，虽然会拖堂😂
124731,1214,张萌,2020-07-07 09:04:57,-54,4,58,没交论文，最后90分，老师给分挺好的
128971,1214,张萌,2020-12-27 14:27:33,50,51,1,一次上课，老师拎个瑞幸的纸袋进门，里面一杯是奶茶，另一杯还是奶茶。
135388,1214,张萌,2021-05-09 11:30:02,0,0,0,呜呜呜太可爱了
135437,1214,张萌,2021-05-10 10:47:10,-6,5,11,辣鸡课，实验一去少绩点就贼低，期末论文费了老大的心思，结果绩点3.0
135438,1214,张萌,2021-05-10 10:54:25,2,2,0,讲课还行，给分一般
135439,1214,张萌,2021-05-10 11:03:49,0,0,0,心理学及应用\n\n萌萌老师讲课超级有趣，人也好可爱ớ ₃ờ\n\n给分方面还行，小测上课认真听了就会，就是实验有点费时，不过实验只是bonus
135445,1214,张萌,2021-05-10 14:04:53,3,3,0,认真写论文 实验刷满 小测正确率也还可以 成绩普普通通 比专业课拿的还低一些…感觉没必要吧 唉
135466,1214,张萌,2021-05-11 04:11:51,6,8,2,老师讲课有趣，视频很多，有干货。小测两到三次，每次十分。实验6小时，一个小时加一分。最后给分基本靠论文，额。。。（恶竞，你懂的）达到要求远远不够，因为要和别的同学比较给分。所以一些不恶竞的同学慎选
135481,1214,张萌,2021-05-11 08:33:48,1,2,1,每节课都有数字点名，小测不定时掉落。如果要拿很高的绩点实验小时数基本是要做满的，小测也不能像我一样裸考…论文尽量切入点有趣点。emmm我是花了很多时间做实验和写论文，最后给分也算是成正比。 总之，想拿高分还是要花时间的，课也是很有趣的。
137613,1214,张萌,2021-07-05 09:56:25,2,8,6,怎么说呢，老师上课是挺激情的，但确实没激起我的兴趣......而且，老师说不要我们恶竞，但是做实验有加分（这真的就很恶竞啊 我们是免费实验对象？很搞笑），不做实验 分不会高，而且论文给分真的很迷，不恶竞不行啊，事情还有点多，介意慎选吧，没有传闻中的那么好
137632,1214,张萌,2021-07-05 11:22:56,2,3,1,zm老师给分很好的！实验做满了6个小时，三次小测总共扣了4分，溢出两分。论文上限3000字，我写了大概2400字，选的主题是和书本知识相关的两个心理学现象，结合生活经验去写，最后总评96，第一个通识课满绩，感谢zm老师。
137638,1214,张萌,2021-07-05 12:16:26,0,3,3,啊啊啊啊啊啊啊啊啊啊啊，我来给张萌老师打打打call\n\n拿到了第一个满绩，97！！平时分靠着实验小时数拿满了，论文写的其实算是隐喻对心理学的影响，据说好像外国文献多一点分会高，\n\n刷实验小时数这件事……只要你玩王者荣耀，刷刷很快的（嘿嘿嘿）\n\n这真的是我这一年听得最认真的一门课了哈哈哈，学有所值，也拿到了理想到不能再理想的成绩，\n\n再次感谢老师！\n\n也给各位推荐这门课，这门课专业性并不很强，如果想要更专业的知识可能需要心理学导论吧，但很好玩，也的确能学到很多实用的tip。强别的不说，至少你知道怎么背书了（bushi）
137660,1214,张萌,2021-07-05 13:45:11,11,15,4,老师上课很有收获，打了9分 但是这个打分是不是有点迷惑啊 做的实验少平时分拿了34 最后总评只有3.0，论文3000字，写得是生活中的案例结合张老师课上讲过的很多内容，是我被正态了吗？\n\n不过老师上课真的好，只是打分我有些怀疑，没有足够时间去做6个小时实验建议慎重选吧，容易被正态。
137680,1214,张萌,2021-07-05 14:56:22,1,1,0,10分，虽然拉了均绩，但是还是很推荐，课程挺有意思的，夏学期因为萌萌缓解了一点痛苦~\n\n不过论文还真得鹅颈啊…达到标准果然完全不够qwq
137727,1214,张萌,2021-07-06 01:32:57,5,5,0,唉，心理学与应用3.3，正态了，不过也猜到结局。平时分10分点名，30分3次小测每次10分，每次十分要好好准备一下。本人第一次小测爆炸只有4分，考的内容都是上课讲过的和mooc上的，不记笔记人就是我知道这讲过了，但是我记不清了。实验最多可以加6分，每小时1分，我比较懒就没有做。抛开给分来说我觉得老师讲的内容还是十分有趣的，还为我等母单讲了一节课的恋爱心理学，看得出来老师是挺希望我们找到npy然后翘课的(手动滑稽)，上课会讲很多有趣的心理学实验现象，从拓宽视野的角度来说也相当不错。老师也是十分热情的，非常希望我们和她互动，也会问我们现在喜欢的明星或者女神是谁，总之感觉老师就是十分亲切的。总结一下，想听一门有趣的心理学课程，选吧，绝对不亏，上课划水写作业也完全没问题，如果要拿高的绩点建议还是上课认真听听，防止小测爆炸，多做心理学实验拉高平时分，毕竟占比60%的论文这东西好像有些玄学的。
138196,1214,张萌,2021-07-08 01:25:46,2,4,2,震惊！这么好的张萌老师评分居然只有9.8！
138334,1214,张萌,2021-07-08 14:16:52,0,0,0,老师很可爱，很活泼，上课氛围很好。但是我这学期太水了，最后也没认真写论文，小测也不太好，没刷平时分，所以最后分数惨淡，但是这门课真的很好!
138575,1214,张萌,2021-07-10 02:19:25,1,2,1,萌姐上课幽默风趣，干货满满，而且人特别可爱。我平时小测爆炸了，实验拉满都只有35。但是论文用心写了一个晚上，最后总评92，感谢老师！
139203,1214,张萌,2021-07-13 08:26:36,4,5,1,心理学及应用。萌姐！！！选她！！！\n\n（老师上课内容编排到作业都很符合通识课的预期，平时分每次课点名+实验内容，一共三次小测每次十道题，内容是上课内容和mooc内容（那么精彩的课堂内容一定不会水过去的！）；最后期末交一篇1000-3000字的论文，两天写的有点仓促；实验挺有趣的，做满了六小时，小测769，平时分差一点，论文没有特别好好写，最后4.5，据说论文多引用外国文献比较好）
140074,1214,张萌,2021-08-24 14:50:08,-2,0,2,。。。。
141366,1214,张萌,2021-10-01 09:55:20,1,1,0,蛮好的！
142006,1214,张萌,2021-11-03 14:33:09,1,1,0,这辈子没遇见过这么好的老师
142348,1214,张萌,2021-11-10 11:37:22,3,3,0,建议选心理学及应用的第一节课往前面坐，别问为什么。
145299,1214,张萌,2021-12-29 03:31:19,0,3,3,给分不行，其他的都无敌
145663,1214,张萌,2021-12-31 04:01:06,1,1,0,老师真的好棒棒
146357,1214,张萌,2022-01-06 10:01:38,1,1,0,快乐有收获的通识课，怎能不爱！
146374,1214,张萌,2022-01-06 11:08:20,5,7,2,课确实有趣，但是这真的是我上过最卷的一门通识课啊啊啊
146471,1214,张萌,2022-01-06 15:49:19,3,4,1,老师讲课有趣生动，给分也特别好。助教小姐姐人美心甜歌善。推荐筒子们选她！
146478,1214,张萌,2022-01-06 16:01:32,0,3,3,很看论文。。而且心理学实验真的难顶\n\n谨慎人云亦云
146479,1214,张萌,2022-01-06 16:03:46,1,1,0,感谢老师一学期的陪伴。
146628,1214,张萌,2022-01-07 05:49:13,11,12,1,我大一，今年秋学期选了张老师  心理学及其应用通识课。作为大学第一门通识课，感觉很好。张老师用大家喜欢的方式讲解心理学知识。大家都很开心，气氛也很活跃。\n\n再说一下给分：六小时实验建议做满，小测三次（MOOC认真看，上课记一点关键的（我上课时候旁边大二的一直记笔记给我整怕了）），论文认真写，不要翘课，应该不会差。\n\n4.5（90）
152913,1214,张萌,2022-04-21 14:45:44,4,5,1,太好了！太有趣了！张萌老师的心理学课每一分钟都是享受！给分超好超好！谢谢老师！人生的第一门满绩！
152978,1214,张萌,2022-04-23 01:59:20,-9,1,10,给分不行。
153025,1214,张萌,2022-04-24 01:21:03,1,3,2,平时分拿满（全班一半左右都能实现），论文好好写，最后满了，给分还是不错滴
155177,1214,张萌,2022-06-09 05:35:36,1,1,0,张萌姐姐真的很好，课很有意思还是能学到不少东西的。看到有的人说事很多，我个人觉得还好，就一篇课程论文然后两次线上小测（课堂内容，不听课的话真的不会做，基本也查不到）还有要上线上网课。实验做了差不多5个小时最后平时分拉满了，老师算平时分还是很详细的最后会有每一项的统计也很公正公开，课程论文好好写最后拿了4.8。如果想水确实不建议选不然可能绩点不好看
155340,1214,张萌,2022-06-11 05:53:17,3,3,0,有点累 最后4.8 平时分刷满了 干货满满 不水的
156886,1214,张萌,2022-06-21 09:25:12,0,0,0,上课有意思
156923,1214,张萌,2022-06-21 10:38:50,0,0,0,挺不错的老师 上课很有趣
157111,1214,张萌,2022-06-22 02:58:30,0,0,0,老师讲课很有趣！给分也很不错！只要平时把实验小时数刷满，论文认真写，给分不会低的！
157337,1214,张萌,2022-06-23 03:56:33,0,1,1,心理学及应用\n\n老师好温柔呀！有问题在钉钉问老师也耐心回答，事情巨少，讲了有趣，给分也很好！uu们冲就是了！
157634,1214,张萌,2022-06-24 07:12:22,1,2,1,萌萌老师的心理学真的是可以应用的！\n\n学习心理学，可以明白自己，懂得他人，做一个更宽容的人。
157786,1214,张萌,2022-06-24 23:17:25,0,0,0,心理学及应用\n\n上课内容有趣，老师人也很好，不过5次小测相对其他通识来说感觉有点多。建议上课记笔记，小测考很多ppt没有的。最后给分还是不错的，有兴趣的还是可以来选，绝对有收获。
158456,1214,张萌,2022-06-29 11:58:49,1,3,2,萌萌老师是浙大最可爱最有魅力的老师！！！
158469,1214,张萌,2022-06-29 13:14:34,3,5,2,4.5评：平时分想拿高要么认真听课做好小测，要么做实验刷分，自己选吧。\n\n小测分为mooc小测和课堂内容小测，前者可以搜到答案，后者不听课一脸懵。本人是一节课没听，靠着做实验平时分离满还差两分，然后论文写的应该还可以拿了4.5.\n\n论文的一些建议就是zm老师可能不会出一些很常规的论文题，大家可以先了解相关的资料（重点，如果中文资料找不到可以试着找英文的，英文资料可能更有帮助），我当初就是将论文的一些关键词翻译成英文搜索了一下，找到了一些外网上的资料。\n\n最后，如果不认真听课也不想做实验刷分，别来；如果对自己写论文的能力缺乏信心，别来。如果你是兴趣，随便来
159018,1214,张萌,2022-07-04 13:01:39,20,22,2,其他的不谈，张萌老师真的是非常负责任的心理专家。\n\n她拯救了我的精神，把我从深渊中拔起。
159750,1214,张萌,2022-08-28 07:25:55,9,10,1,心理学及应用这门课有不同老师的版本，张萌老师是我最喜欢的。另一个开这门课的王老师评价“张萌老师是我们里面讲这门课讲得最好的”。都去选！
161015,1214,张萌,2022-10-23 16:33:12,0,0,0,老师讲的很好！认真听还是能学到不少东西滴！通识选心理学及应用还是很不错的
162023,1214,张萌,2022-11-16 05:39:58,0,1,1,老师很好，给分有点伤心
162068,1214,张萌,2022-11-16 11:52:00,5,7,2,不点名社恐人福利，上课也很有意思，靠着实验分拉满最后平时分满了，论文照着自己真实感受写的hhh最后4.8
162369,1214,张萌,2022-11-21 04:37:40,-33,3,36,会有非常恐怖的血腥图片实验，指路朵朵“满是血的断手”帖（帖里没有血腥图片），怀疑老师科研伦理的严谨性，所以打一分。
163341,1214,张萌,2022-12-13 08:39:13,1,1,0,非常有趣的课程内容以及非常可爱的反对内卷的老师~
163851,1214,张萌,2022-12-16 08:48:11,1,1,0,萌萌老师讲课很好，人很有趣，我选的心理学及应用，给分超好
165842,1214,张萌,2023-01-10 05:27:49,0,1,1,给分好好！！！！！
165843,1214,张萌,2023-01-10 05:28:13,1,1,0,要求同学不内卷，上课干货多
166048,1214,张萌,2023-01-11 02:53:15,0,1,1,张萌老师人真的很好！课上的非常生动有趣，平时小测虽然有点难但分数可以用实验补回来！期末写论文的时候问老师的意见也得到了非常大的启发！能选必选的一门课啊啊啊
166269,1214,张萌,2023-01-11 15:09:54,1,2,1,是个萌萌的老师！心理学及应用上课干货满满，真的学到了很多。老师性格也很好，感觉很亲切。总之谢谢老师~
166471,1214,张萌,2023-01-12 10:34:10,3,3,0,老师真的很负责，对论文的要求会有点高，但是如果结课后私下去问会非常耐心的给指导
167621,1214,张萌,2023-01-17 18:09:32,8,14,6,心理学导论给分是不是在报复社会
167801,1214,张萌,2023-01-19 07:03:16,-13,8,21,快跑！对外专业很不友好！不想1.8就快跑呜呜呜！！！
168068,1214,张萌,2023-01-25 11:41:08,1,4,3,一位上课绝对值得你去认真倾听的老师，线上线下教学内容重点上有重叠，但使用的案例，引用的资料都有一定区别，看得出来精心准备，而且上课超级有趣，作为心理学的入门课程强烈推荐\n\n会安排多次小测，期末测试是论文且占比很高，只要认真写有一些自己的思考就有高分，何况还有参加心理实验给的免费送分，根本不愁满绩\n\n小测题目难度较大，需要你上课认真听讲以后对知识吸收消化，并且还能学以致用，这点其实个人觉得难能可贵，毕竟心理学本质上都是应用于生活的
169691,1214,张萌,2023-02-27 11:50:56,0,2,2,老师无敌可爱讲课很吸引人！！！
169800,1214,张萌,2023-02-28 02:42:08,2,3,1,喜欢喜欢
172115,1214,张萌,2023-04-20 02:04:35,0,0,0,太喜欢了！！！！！！！！
172627,1214,张萌,2023-05-02 13:30:50,2,5,3,老师的课非常好，满满的干货！\n\n心理学及应用。\n\n考勤5分，观看mooc5分。\n\n小测30分，其中mooc上的可以查到答案。做实验可以加平时分，1小时1分，不超过6分。做实验基本可以加满平时分。\n\n最后是不超过2000字的论文。\n\n老师人很好，问老师论文老师还会告诉你论文的优缺点和给这个分的原因。\n\n当然，如果平时分满分，其实大概率卡绩（笑哭），其实老师也不是有意卡我们，举个例子40+90*0.6，80，85同理（笑哭），但是认真写，虽然也许会卡绩，总体给分也是很好的，有不少超高分的同学。\n\n这门课我是很推荐的，能学到东西，事情也不太多，老师也很好，给分也不错，为什么不选呢？
172651,1214,张萌,2023-05-03 13:16:59,0,1,1,老师真的很好
172701,1214,张萌,2023-05-04 14:34:51,0,1,1,博学，幽默，有耐心的老师，强烈推荐！！！
173784,1214,张萌,2023-06-02 17:19:40,0,1,1,上课很有趣！
173785,1214,张萌,2023-06-02 17:19:41,0,1,1,上课很有趣！
174203,1214,张萌,2023-06-07 09:47:40,0,2,2,课好给分好，心理学及应用通识课推荐！
174595,1214,张萌,2023-06-14 10:53:43,0,2,2,好喜欢这个老师！上课超有趣！都给我选！手把手教你谈恋爱啊哈哈哈哈哈哈
176373,1214,张萌,2023-06-28 14:46:53,1,3,2,究极好老师，上课超级有趣且能学到很多东西🥰
181997,1214,张萌,2023-11-07 14:37:57,2,4,2,真的太好了
182672,1214,张萌,2023-11-19 09:55:29,2,3,1,张萌老师真的超级好，讲课超级有趣！
182752,1214,张萌,2023-11-20 04:48:15,-12,13,25,首先我不知道为什么查老师上面对这个老师的评价那么好，他的心理学及其应用的课真的非常的无聊，每节课都不知道在讲些什么一点趣味都没有，而且每次小测的内容巨难感觉根本就没有学过，或者是学了，不知道到底该怎么做，每个选项好像都对，然后做了志愿活动之后平时分是满分，认认真真改了无数次的论文结果到最后还是被绩杀了
182791,1214,张萌,2023-11-20 08:45:56,2,4,2,大爱萌萌老师！建议是一定多做实验刷平时分，论文按照心理学的格式找一个有趣论点切入。老师的课很有趣，内容比较简单，视频很多，期末给分也很好 喜欢心理学的同学放心冲
182836,1214,张萌,2023-11-20 14:10:28,1,2,1,张萌老师真的她值得！！讲课很有意思有很多案例还有一些视频教学，在我当时很emo的时候真的有很大帮助，喜欢心理学或者感觉有心理问题的都可以闭眼冲而且考核形式就是实验＋论文＋线上小测完美避开期中考！！老师给分很好，治愈了我被军训伤害的心ヽ(✿ﾟ▽ﾟ)ノ
183189,1214,张萌,2023-11-22 14:36:33,2,3,1,给分超好，大爱好吧
184713,1214,张萌,2023-12-22 09:49:48,1,2,1,上课很有意思。期末论文3000字以内，不像隔壁要3000字以上。建议把6个小时的实验时长做满，基本可以把平时分加满。
185300,1214,张萌,2023-12-27 15:51:33,-4,6,10,以激励性加分，让人去当心理学实验的小白鼠。
187330,1214,张萌,2024-01-15 13:20:13,1,1,0,6个小时实验建议做满，小测了四次，两次线下课两次慕课，平时上课只要听讲线下课小测问题不会很大。上课很有意思，老师很可爱，每节课都会数字点名。
187348,1214,张萌,2024-01-15 14:10:35,1,1,0,老师讲课是好的，但是没做那6h实验，最终被绩杀了，第一门只有3.0的，论文明明是自己认真手搓的，真的玉玉了，难道我被正态了
187359,1214,张萌,2024-01-15 15:08:33,3,3,0,老师上课很有意思，但是论文给分可以给到很差。不擅长写论文的话不建议选。
187595,1214,张萌,2024-01-16 16:59:23,2,2,0,好老师，上课非常有趣。数字点名，甚至可以智云。但是实验6h没有刷满，平时分拿的不是很多。\n\n论文字数上限3000，挺挑剔的，第一次写论文，写的很烂，然后就3.9了。\n\n对于了解心理学会有帮助，但是一定要会写论文再来呀[哭哭]
189730,1214,张萌,2024-01-27 16:33:54,0,1,1,心理学导论（为微辅修学生开设）。老师数字点名，讲课很有意思。给微辅修学生开的心导是开卷的，期末考试99%都能翻到，很良心，可以用做心理学实验补分（1h=1分，上限5分），最后个人体感给分挺好的。
190245,1214,张萌,2024-02-26 11:44:34,0,0,0,老师备课非常非常用心，从上课体验来说可以感受到老师花了很多时间在课程上，很喜欢上张老师的课～
190672,1214,张萌,2024-03-14 03:40:58,0,1,1,老师上课特别有趣
191204,1214,张萌,2024-04-11 16:36:31,0,0,0,Something Something Something ChatGPT ~\n\n张萌老师太可爱了 !!!
193213,1214,张萌,2024-06-04 12:43:15,2,2,0,老师上课超级有意思！感觉很能抓住学生的注意力
195336,1214,张萌,2024-06-27 18:39:05,-4,3,7,给分不好
199995,1214,张萌,2024-10-10 12:44:30,2,2,0,这学期还没结束，不知道如何给分，但就上课来说，神！
201441,1214,张萌,2024-11-03 03:27:12,1,1,0,给分还没出但是来评分，给所有人安利我女神qaq。唯一想要节节课抢第一排的课程，张萌老师就是讲课的神！
202435,1214,张萌,2024-11-12 17:02:06,3,3,0,妈妈妈妈妈妈妈妈妈妈妈妈妈妈妈妈妈妈妈妈妈妈妈妈妈妈妈妈妈妈妈妈妈妈妈妈妈妈妈妈妈妈妈妈妈妈妈妈妈妈妈妈妈妈妈妈妈妈妈妈妈妈妈妈
202495,1214,张萌,2024-11-13 02:18:03,-12,0,12,老师超级棒超级棒超级棒！！！上课有趣而且给分超级好！！！平时实验做满+Spoc视频全部看完+论文认真写多结合上课的内容=满绩！！！
202505,1214,张萌,2024-11-13 02:35:04,2,2,0,论文慎重
202521,1214,张萌,2024-11-13 03:16:38,0,0,0,张萌老师上课真的很有趣，能学到许多有用的知识，可能因为我本身就对心理学比较感兴趣吧，人很好，给分也很好，安慰了我被军训绩杀的心
202536,1214,张萌,2024-11-13 03:50:12,4,5,1,小测爆炸  实验没有做满平时分很拉垮 但素 被老师和助教捞上了4.5（89）感谢老师！！！
202640,1214,张萌,2024-11-13 14:30:36,2,3,1,萌萌妈妈对不起因为spoc课程的事情和实验数据问题说你坏话TAT给分超好，实验就做了2h平时分也没满，出分4.8，妈妈呜呜妈妈
202689,1214,张萌,2024-11-14 01:19:48,0,1,1,老师很好 给分好
202775,1214,张萌,2024-11-14 09:45:28,0,0,0,谢谢萌萌妈妈 课上学到了很多\n\n呜呜呜认真学了然后平时分拉满\n\n绩满了
202806,1214,张萌,2024-11-15 04:53:24,1,2,1,论文给分有点。。。。
203646,1214,张萌,2024-11-20 09:43:42,1,1,0,女神无须多言
206490,1214,张萌,2024-12-15 13:37:34,0,0,0,事少分高，认真听课就能拿高分
211407,1214,张萌,2025-01-11 10:40:46,0,0,0,张萌老师人很可爱亲近，讲课非常轻松愉快和温馨，主要这门课的内容对生活很有帮助和指导意义，给我的精神和心理提供了很多有益的指引和建议，感谢张萌老师也感谢让我选上了这门课
212008,1214,张萌,2025-01-13 04:23:08,1,1,0,心理学及应用 点名都是数字的每节课都有，老师人很好，讲课很有意思，但是我被卡绩了wwwwwww，论文分比较低，但可能也是我不怎么会写的原因
213702,1214,张萌,2025-01-19 08:19:06,3,3,0,老师上课超级有意思，讲的内容也很接地气，和日常生活关联度颇高，听完可以收获一堆有用心理学常识！\n\n关于给分，老师自己在第一节课也强调了不希望大家卷。总的来说这门课只要mooc认真做、每节课的数字点名签一下、稍微去个几次心理学试验被试，40分的平时分满分是不难拿到的。而期末论文，建议还是自己认真写一下，不要死板地套用AI，贪图省事！鉴于前人经验，哪怕口水话比较多、用词没那么专业和高级，给分也不一定低的！而如果全是AI糊弄，生搬硬套，反而容易翻车。
216946,1214,张萌,2025-03-30 06:26:13,0,3,3,又有小测、又有论文、又有展示（每组3个人要pre45分钟哦）、又有报告，研究生课每节课都签到（上课打铃后5分钟内签）。。。还是全日制和非全日制一起上的课，布置这么多任务纯属膈应人
220700,1214,张萌,2025-06-19 08:50:47,1,1,0,坐标心理学及应用，课上得很好，内容很有趣，但论文给分一般。小测的题都是课上的内容，如果没听的话答不出来，搜也搜不到，只能靠做被试加分。
955,1241,吴明证,2015-03-19 14:30:08,8,20,12,很有趣的老师~很好的课…会教你一些平时不会学到的内容~
1754,1241,吴明证,2015-03-24 04:41:38,23,37,14,上课很有意思的
3855,1241,吴明证,2015-06-17 06:35:19,51,68,17,老师讲得超级有意思
4217,1241,吴明证,2015-06-18 06:33:31,18,26,8,上课上的很好，连续讲似乎不会停，挺有趣
6439,1241,吴明证,2017-02-26 18:07:33,15,44,29,课讲得不错，但是造就了本人的最低绩点，关心绩点的千万别选。
6530,1241,吴明证,2015-07-15 00:05:40,10,19,9,很好的老师！
8521,1241,吴明证,2015-09-22 05:07:59,6,13,7,有趣啊
10707,1241,吴明证,2015-11-23 02:17:38,9,17,8,走神你就会错过笑点
11234,1241,吴明证,2015-11-25 12:18:17,6,16,10,老师讲课超有意思，肚子都笑痛了。
11238,1241,吴明证,2015-11-25 13:51:36,18,30,12,上课非常幽默风趣，喜欢讲故事，又蕴含着心理学原理，作为一门通识课真的很棒。
11497,1241,吴明证,2015-12-02 15:21:35,-4,3,7,。。。。
11547,1241,吴明证,2015-12-04 05:36:00,14,22,8,将知识与生活结合起来，特别有意思，还喜欢秀恩爱←_←
11638,1241,吴明证,2015-12-09 05:15:10,-5,3,8,，，，
11938,1241,吴明证,2015-12-21 11:15:20,1,6,5,脱口秀
12165,1241,吴明证,2015-12-22 06:30:02,7,15,8,很少有这样的课程让我连手机都不想水，interesting
12240,1241,吴明证,2015-12-22 13:35:01,20,28,8,简直棒，掌握了不少追女生的技巧，然而我还是单身orz
12890,1241,吴明证,2015-12-24 07:40:25,7,13,6,老师真的超幽默  一不留神会错过笑点  喜欢用自己老婆做例子  每次都被秀一脸
14314,1241,吴明证,2016-01-06 07:52:28,1,4,3,很好玩
15000,1241,吴明证,2016-01-11 13:09:51,1,8,7,好老师，讲课逗
17118,1241,吴明证,2018-01-09 02:25:05,1,6,5,上課很好 給分不好
17226,1241,吴明证,2016-01-23 08:27:17,3,13,10,真的是绩杀。
17726,1241,吴明证,2016-01-20 19:26:59,3,8,5,让我主动放弃水手机和睡觉
18872,1241,吴明证,2016-01-22 16:03:17,1,7,6,段子手给分好 通识课考试论文要多写写上课的感受
18887,1241,吴明证,2016-01-22 16:46:09,1,8,7,上老师的社会心理学 非常非常有意思而且可以学到好多东西！不过平时分似乎没有，就是最后一篇论文定成绩 原来以为自己死定了结果超级高！好老师！
18895,1241,吴明证,2016-01-22 17:01:00,3,9,6,不舍得翘课
18968,1241,吴明证,2016-01-23 00:57:14,0,5,5,超级好玩。给分很好啊。
18976,1241,吴明证,2016-01-23 01:44:30,2,6,4,如果你不是段子手，还是不要选这门课，不然你会发现认真写的论文最后。。。。
19027,1241,吴明证,2016-01-23 05:35:54,1,5,4,神级段子手！
19089,1241,吴明证,2016-01-23 09:18:03,-2,7,9,老师讲的好，不该这个分。
19093,1241,吴明证,2016-01-23 08:51:44,2,11,9,分低啊
19094,1241,吴明证,2016-01-23 08:51:54,1,2,1,。。。。。
19098,1241,吴明证,2016-01-23 09:02:19,0,4,4,超级有意思
19473,1241,吴明证,2016-01-24 09:58:18,-2,3,5,老师讲课有趣，给分挺好～
19520,1241,吴明证,2016-02-09 16:38:03,3,4,1,。。。。。。。。
19543,1241,吴明证,2016-01-24 15:22:35,4,8,4,可以粗浅了解社会心理学的内容理论，授课类似漫谈，系统性一般（常跳讲），达不到学以致用的高度。老师讲课幽默，私货多，允许翘课水。大家看需要选吧。ps不用预订教材
20000,1241,吴明证,2016-02-25 14:12:20,3,10,7,真绩杀。
21216,1241,吴明证,2016-02-26 09:35:26,1,3,2,老师超好，风趣幽默，段子手啊！然而，分数惨不忍睹。不能怪老师，考的是书上内容，是闭卷。考的不好，分数自然低，不怪老师。
21266,1241,吴明证,2016-02-27 16:34:36,3,7,4,课很有趣，事情也不多
21342,1241,吴明证,2016-03-28 05:48:40,-2,6,8,真的极差
21383,1241,吴明证,2016-02-28 11:19:38,3,5,2,选到就是赚到！
21435,1241,吴明证,2017-01-22 09:45:15,4,6,2,道德天尊\n\n段子手\n\n秀恩爱\n\n心导的绩点可能会稍微低，然而人好啊\n\n专业造诣很深
21689,1241,吴明证,2016-02-29 15:39:09,3,5,2,老师太好
26349,1241,吴明证,2016-06-17 04:51:29,1,1,0,。。。。。。。。
26883,1241,吴明证,2016-06-21 12:47:23,0,3,3,分很高 讲很好
30227,1241,吴明证,2016-07-01 05:51:47,2,3,1,讲的真心好，就是别的班都均绩4，吴老师均绩3，大一最好别选
32712,1241,吴明证,2016-07-11 06:19:05,-2,10,12,可以这么说，此老师认为自己特别有趣。选择一些猎奇的话题给学生讲。很多例子举的不恰当，不科学，也不可笑，课程以秀自己为主，心理学内容讲的很烂。
36566,1241,吴明证,2016-11-15 02:05:56,-14,8,22,说话有点结巴，听课很累。恕我直言，社会心理学真是垃圾，概念乱七八糟，理论一塌糊涂。
48240,1241,吴明证,2017-03-01 11:27:12,1,2,1,事情少，上课好，有意思?
48250,1241,吴明证,2017-03-01 12:09:40,1,2,1,虽然老师的语速很快，但会习惯过来，老师上课超有趣的
49614,1241,吴明证,2017-04-20 09:14:29,2,7,5,超有意思，唯一一门因为喜欢而舍不得水手机的课~
50613,1241,吴明证,2017-05-04 01:23:38,2,6,4,老师讲课超级有意思 ，是一门值得认真听的课～而且老师超级敬业，给老师比心❤
50620,1241,吴明证,2017-05-04 02:12:45,1,5,4,论文只要选题新，给分就很好啊
51027,1241,吴明证,2017-05-14 12:02:40,-7,3,10,95分，满了
51191,1241,吴明证,2017-05-23 13:29:49,8,10,2,怎么说呢 水课 期末三千字论文就行了 但是上课总能在某些瞬间学到些什么 因人而异 老师拄着拐杖下雨天来上课太感动了！
62103,1241,吴明证,2017-11-22 11:37:44,1,2,1,cool
64506,1241,吴明证,2017-12-24 16:15:09,1,2,1,太好听了，我不管绩点了，绩点还不知道，但是太好听了啊qaq。每周不想错过的幸福。
65937,1241,吴明证,2018-01-10 11:10:35,0,2,2,讲的是挺好，也经常讲段子，事也少，3q字论文...但北方人真心听不清这种口音啊 囧rz
66644,1241,吴明证,2018-01-18 02:43:58,0,1,1,不太讲课本，但老师各种人生经历真的很有意思，期末一篇论文，上课很有趣的，强烈安利
68650,1241,吴明证,2018-01-23 14:19:02,1,2,1,心导！绩杀！
71212,1241,吴明证,2018-01-28 16:46:29,4,7,3,大绩杀
71226,1241,吴明证,2018-01-28 07:23:25,0,2,2,老师对学生很好，成绩由两次心理学实验和一篇3000+论文组成\n\n两次心理学实验一定要做满并确认算到课程实验里面！！\n\n我因为自己没注意做错了实验收获了史上最低绩点，但我是咎由自取，不过老师还超耐心地帮我查数据、联系主试，真的超级感动！！虽然绩点让我想哭（都是我这个傻子的错），但是还是二话不说给吴老师满分！！\n\n\n\n
71322,1241,吴明证,2018-01-28 09:40:23,-6,1,7,老师超有趣！谢谢老师给我满
73738,1241,吴明证,2018-02-03 04:57:10,-1,1,2,好好好
75159,1241,吴明证,2018-03-07 15:24:24,0,3,3,虽然我的分不是很高，但是老师的课真的超级有趣。真的超级棒。
80087,1241,吴明证,2018-06-20 01:31:21,5,9,4,老师有一点俗...不是很懂礼貌
80226,1241,吴明证,2018-06-22 04:19:51,1,1,0,不喜欢
81647,1241,吴明证,2018-07-05 16:10:00,0,2,2,老师人很好，只是分数看你论文写得怎样，写得不好只能呵呵了
85140,1241,吴明证,2018-07-15 16:10:32,2,3,1,老师幽默又风趣，上课语速虽然有点快但是我觉得还好都能听得懂，主要是课堂上很有意思，推荐！
87171,1241,吴明证,2018-09-21 07:44:47,2,3,1,真的服了，听他专业宣讲，其实内容挺有意思，但是语速太快，还不够清楚，听不清。
91405,1241,吴明证,2018-12-09 02:03:19,4,6,2,听不懂他的普通话。完全不知所云。
92883,1241,吴明证,2019-11-12 07:55:34,-143,8,151,傻逼老师期末还那么多作业 我女朋友天天跟我抱怨 给你一分算给你面子
93407,1241,吴明证,2019-01-09 12:21:36,9,11,2,老师上课十分有趣，收获也很大，在重感冒的情况下，老师还坚持来上课，最后一节课老师感冒加重住院了，很可惜没有见到老师，希望能快点好起来。
93416,1241,吴明证,2019-01-09 12:54:30,13,14,1,超级喜欢吴老师了！！\n\n很可惜这学期最后一节课因为生病住院没有来，上节课咳嗽很严重还是来上课了。在这堂课上学到很多，尤其是有关谈恋爱的哈哈。课堂很是有趣了！
93487,1241,吴明证,2019-01-10 04:15:03,7,8,1,爱情婚姻导论
97448,1241,吴明证,2019-01-22 09:04:11,6,11,5,不懂老师的方言……不懂老师的笑点……不懂老师上课的干货怎么那么少……更不懂自己怎么就被正态了……anyway都是我的个人观感而已，班里其他同学好像都很喜欢老师的
97527,1241,吴明证,2019-01-22 09:55:07,0,1,1,我学的吴老师的社会心理学，有收获，上课有意思，收到的绩点也高，只是期末论文要花一些心思
97543,1241,吴明证,2019-01-22 10:21:52,1,2,1,老师上课非常有趣，上课手机都不会玩。期末只要认真对待，我感觉分数不会低。非常喜欢老师的课，也非常喜欢老师。给老师满分。
97636,1241,吴明证,2019-01-22 12:27:09,1,1,0,！！！
97647,1241,吴明证,2019-01-22 12:40:39,0,1,1,老师上课还挺有趣，有口音，语速较快，喜欢讲段子和变相秀恩爱，不需要课本，挺水的，平时没有其他作业，一篇三千字论文定绩点。
97675,1241,吴明证,2019-01-22 13:09:08,0,1,1,吴老师上课超有意思，有点口音，说话有点快，开头有点不适应但两节课就习惯了，而且分享的人生经验(猜测在课程安排上是作为理论的例子)炒鸡有用。给分就看3000字论文，费点心思按照要求(基本自由发挥)好好写不水就行，给分绝对不会差。赞！
97840,1241,吴明证,2019-01-22 23:41:02,-1,2,3,期末只有一篇3000字论文，没有上限，最好多写一点。本人就吃了少写的亏。人家满绩我才4.2。
97874,1241,吴明证,2019-01-23 00:39:18,1,3,2,吴老师真的太有趣啦，唯一一节不会水手机也不愿意水手机的课，上课比玩手机有趣多了！！！！老师的口音稍稍有点重，语速有点快，认真听还是很好玩的！！给分就看期末3000字论文，其实很简单的，不要太水，绩点绝对是可以的！！
98110,1241,吴明证,2019-01-23 05:27:47,0,1,1,非常有趣的老师，满分!
98494,1241,吴明证,2019-01-23 13:40:45,0,1,1,老师上课超有意思，总喜欢讲各种实例，期末论文好好写，给分很不错的。
101102,1241,吴明证,2019-01-27 13:35:42,2,2,0,老师上课会有很多的小技巧和小故事，非常实用，而且幽默风趣，超级棒。不过期末的论文要花一定的心思，选题可以私聊老师，要用所学的知识解释现象，从而需要上课抓一些要点。最后，老师人真的很好！
103854,1241,吴明证,2019-03-06 10:44:26,0,0,0,讲课很有趣，会讲有一些非常有意思的内容
109303,1241,吴明证,2019-06-13 03:34:41,0,0,0,上课有趣，事少，给分好
110576,1241,吴明证,2019-06-27 13:39:35,3,3,0,讲的很有意思.但是说话有点不清晰.总的来说是好老师啊.学术不错.在生活中也很有智慧.
114640,1241,吴明证,2019-07-11 02:26:52,4,5,1,社会心理学:只要不被老师认识，不用担心签到问题，不然他很容易cue你。老师幽默风趣，是大多枯燥的心理学课堂的一大慰藉，非常喜欢听老师的课。老师很注重讲课内容的严谨性和科学性(生气水这种是绝对不会讲的)，也注重内容的时新。教会你怎么谈恋爱，怎么维持良好的婚姻，在这方面有疑问的同学建议选修。老师人很好，总是乐呵呵的，人格魅力高。给分好。
119231,1241,吴明证,2019-11-11 11:33:34,1,4,3,老师讲课有点意思，但感觉不是认真上课。PPT上很多字，内容特别多，没重点，根本讲不清楚。希望老师用心一点。
122452,1241,吴明证,2020-02-28 08:53:21,1,2,1,给分差
123693,1241,吴明证,2020-06-11 15:05:05,3,3,0,过了一年来给吴老师评分哈哈哈。上课幽默风趣，后悔当年划水。用心写一篇论文，真的要用心，选一个新奇的现象就是成功的第一步。然后绩点应该不会低的。
131473,1241,吴明证,2021-01-27 15:45:36,3,4,1,上课挺有意思的，可以学点做人的套路（不是）
133197,1241,吴明证,2021-02-16 11:01:35,3,4,1,讲得真的很有意思，但给分确实低😅
142748,1241,吴明证,2021-11-16 00:52:04,4,4,0,讲课有意思，给分低
143021,1241,吴明证,2021-11-18 08:41:50,0,1,1,开卷居然有这么多的问题，那还是闭卷吧
143723,1241,吴明证,2021-12-02 13:03:07,0,0,0,有点。。。听不懂
145039,1241,吴明证,2021-12-27 03:02:56,2,2,0,老师的社会心理学讲课还行，就是PPT上很多字但是找不着重点，内容分散，给我的感觉好乱，做作业和复习时看的好痛苦。。。
145442,1241,吴明证,2021-12-29 14:57:28,-1,0,1,你到家弟弟家读读记记
154628,1241,吴明证,2022-06-02 13:46:33,0,0,0,好老师o(^o^)o
162069,1241,吴明证,2022-11-16 11:54:29,0,0,0,上课点了一次名好像，我忘了。老师上课讲的很认真，有耐心，很多同学坐在后面，哈哈，内容有趣，值得上！
162124,1241,吴明证,2022-11-17 02:17:08,0,0,0,可水，分主要看论文？还行的课
167696,1241,吴明证,2023-01-18 10:57:33,13,14,1,社会心理学（微辅修）3.9\n\n没有达到预期的成绩，但是期末考试考试考的确实不好。后来去问了一下助教，大概算了一下，老师的平时分是给满了。个人认为上课蛮有意思的，虽然吴老师语速比较快，第一节课的时候不太适应（有些地方听不太清），但是讲的还是很通俗易懂的。今年这门课是和方霞老师合开的，吴老师上前10节，方老师上后6节。期末考之前吴老师会给他讲的那块内容的复习提纲，但是PPT+提纲选手发现期末考考了PPT上没有的书上有的东西。成绩组成是平时和期末五五开，期末闭卷考20%选择题+20%名词解释+24%简答题+36%论述题，一定要好好背，考的虽然不偏不难但也不是常识性的。感觉平时成绩还是有一点模糊？所以给老师打了8分。第一节课说有4次作业+开卷期中考+小组前沿进展报告，但是实际上只有1次作业和期中考，所以整个学期上下来我还是有点迷糊……
168005,1241,吴明证,2023-01-22 04:47:19,0,1,1,👇平时两次作业
181081,1241,吴明证,2023-10-07 12:17:05,5,8,3,讲课真一般
182725,1241,吴明证,2023-11-20 02:24:09,-2,3,5,讲课有点无聊，事情多
185667,1241,吴明证,2024-01-03 11:44:38,1,2,1,吴老师特别好，讲课很有趣，而且很有人格魅力
187167,1241,吴明证,2024-01-15 02:25:22,4,5,1,吴老师这个人非常的幽默风趣，上课总会有一些好玩的心理学知识，平常听不听课都不会无聊，没有点名，作业也就是去参加一次心理实验都会组织好的。最主要期末没有考试，只有一篇论文，好好写分不会很低(˵¯͒〰¯͒˵)
187262,1241,吴明证,2024-01-15 10:33:00,1,1,0,可恶，又来卡绩，明明论文占100%的（逃
188264,1241,吴明证,2024-01-18 13:48:03,7,9,2,首先，社会心理学（通识）完全不点名。\n\n其次，吴老师讲课非常有意思，能学到很多东西。\n\n最后，事少，只有一次心理学实验和一篇课程论文，最后评分主要看期末论文。感谢吴老师给了我第一个满绩！！\n\n这样的课怎么能不选？（doge）
190441,1241,吴明证,2024-03-04 08:00:54,-5,4,9,有一些观点真的不敢苟同，有些物化女性了……
190442,1241,吴明证,2024-03-04 08:14:20,-11,4,15,总爱说和课堂无关的话题，还总问学生谈恋爱了没，上课来学知识的，老师只会扯到婚姻恋爱的话题上。上课讲俗气低级段子，自以为是的很有趣，上课感觉就像浪费时间。。。。1分都不想给。。。
200889,1241,吴明证,2024-10-24 06:13:30,7,7,0,省流：社心（通识）是我大一秋学期最有趣的课，且收获非常大。\n\n把社心当成传统意义的水课是非常错误的，在课上一心多用不如认真和老师互动收获大。老师分享的一些人生指导令我受益匪浅，包括但不限于“重要的事情需要长时间的付出”“克服拖延”“利用时间”等而非泛泛而谈（听到真是赚到），而且课程压力小，仅有一篇论文。\n\n吴老师课上确实频繁的提到两性问题，但是我并不认为上一条“物化女性”以及前面认为“老师教的不是知识”是正确的。虽然在当代舆论裹挟下性别议题成为了一个敏感话题，乃至老师每每提到“男人”“女人”相关时我总是心惊胆战，而实际上老师非常会叠甲（真心），提到的论断都是有实验、数据支撑的结论，是完完全全符合科学要求的，而不是大家下意识认为的“刻板印象”。（虽然刻板印象又何尝不是一种统计呢）\n\n所以说所谓的“物化女性”的描述，对，也不对。心理学这门科学要研究人的行为，必然绕不开物化人，但不仅仅是男人或者女人。如果不将人物化、量化，反去强调人的崇高、不可物化，那这门作为科学的心理学就不存在了。我们21世纪的大学生大可以坦率地面对科学的结论，大可以坦率地面对两性的差异和特点，而不是囿于一些政治正确，对明明存在的视而不见。\n\n我在高中也自己在网上看了北师和南开的心理学课程，一直很期待大学的心理学课，而浙大没有让我失望。吴老师的课是非常有互动趣味、科学内涵和现实意义的好课而非照本宣科的水课，照顾了通识同学（课上说不要把时间花很多在心理学论文上而是要重视专业课）。至于认为老师教的不是知识的同学大可以在课上认真干自己的事情，拿了学分便好。\n\n写了这么多，逻辑有点混乱，希望给以后同学一点启发。大胆冲！！！欢迎大家选吴老师的课啊！！！
201589,1241,吴明证,2024-11-04 14:42:00,1,1,0,很喜欢老师的课！虽然在一些男女议题上实在有点（就是感觉语气间不太尊重女性，但是说话都会叠甲，除此之外是个非常可爱上课很有意思的老头，事情很少，只有期末有一篇论文，绩点还没出先来平分了，老师真的很好，可以学到很多心理学知识
202028,1241,吴明证,2024-11-08 10:58:01,1,1,0,非常有意思的老师，上课很风趣，可水但完全不想水
202129,1241,吴明证,2024-11-10 01:42:18,2,2,0,上课很有意思，不点名，作业就期末一篇三千字的作文，不过平时表现像举手发言几次期末竟然是填问卷自己填的，请假次数也是自己填的，除了这个有点过分（对于每次认真听课的人来说）其他都还好
202151,1241,吴明证,2024-11-10 05:17:13,1,1,0,上课很有趣，创造了我的第一个满绩
202178,1241,吴明证,2024-11-10 11:23:06,3,3,0,注意评分几乎全看论文 所以论文一定一定要好好写 写好要交给老师询问意见 最后4.8 真的非常非常开心
202189,1241,吴明证,2024-11-10 13:32:32,1,1,0,上课很有趣，完全不会想去水这种课，每次都收获满满，能学到很多生活、做人的小知识。平常没有点过名，期末是一篇3000字的小论文，每次课开始会有助教老师讲一下论文怎么写，讲得也很不错。
202215,1241,吴明证,2024-11-11 01:52:32,0,0,0,吴老师真的超级无敌好！！！上课非常生动！！！能够学到很多心理学知识！！！
202379,1241,吴明证,2024-11-12 07:33:45,0,0,0,第一次课确实觉得挺有趣，但第二节开始就觉得无聊了。。。。。可能是我get不到有趣的点吧。讲的内容也没那么吸引我，如果对心理学之类的不感兴趣的话就不要抱太大的期待了。而且绩点给的不高。。。。期末一篇三千字论文，最后绩点3.9，对于新生确实没那么友好（
203785,1241,吴明证,2024-11-21 05:08:35,1,1,0,老师上课非常的幽默，不是按课本讲的，是通过一些心理学知识衍生出来的生活小故事和人生经验（尤其是有关恋爱的（笑）），上课环境很好，想摸鱼也不是不行。这学期平时没有作业，期末考是3000字的大论文，要求结合社会现象，要新颖（不新颖老师默认参考了很多），包括内容和形式（之前有一位用数学公式论证观点的同学拿了5.0的绩点），给分也是很不错的，再来一次还是会选这门课（开心）
210781,1241,吴明证,2025-01-10 02:49:57,2,2,0,社会心理学（微辅修），这门课是吴老师和方霞老师一起上的，两个老师上课风格差异非常大，方老师课堂会以思路串联为主，一步一步从生活现象引申到心理学概念，上课互动非常多，最后题目主要也是课堂上讲过的内容，认真听的话还是比较好做的；吴老师课堂内容相对书本化很多，围绕一个概念会展开超级多小概念，虽然上课会举很多风趣的例子，但是要记忆还是比较困难的，期末考综合性也很强，个人认为要求有点太高了。\n\n期末闭卷考做的时候大概有70%把握吧，吴老师监考的时候还专门强调了一下“无情监考，友情改卷”，但是最后综合很多课友的成绩来看给分真的很差！！！查老师的均绩应该是受同名通识课的影响了，非必要不建议选，尤其是不要当个性化！！！（气死了）
221699,1241,吴明证,2025-06-25 09:55:47,0,0,0,老师给分真的很好
4885,1255,聂爱情,2015-06-30 06:46:08,-19,5,24,给分一般，课很有趣
5044,1255,聂爱情,2015-07-02 13:23:21,1,4,3,何厚铧
6987,1255,聂爱情,2015-08-23 23:46:04,17,28,11,很坑
7239,1255,聂爱情,2015-09-12 06:06:42,29,39,10,上课比较空洞，理论缺乏支持，且比较过时
7240,1255,聂爱情,2015-09-12 06:07:13,18,23,5,。。内容陈旧，比较空，跟社会有些脱节～
7242,1255,聂爱情,2015-09-12 06:12:06,18,28,10,课件制作粗糙，缺乏授课技巧，观点陈旧
7243,1255,聂爱情,2015-09-12 06:13:00,12,20,8,教学过程中没有系统的理论基础，缺乏与时俱进和实际的案例
7244,1255,聂爱情,2015-09-12 06:13:01,18,20,2,毫无专业性可言
7245,1255,聂爱情,2015-09-12 06:25:32,3,7,4,内容太旧
7246,1255,聂爱情,2015-09-12 06:18:26,5,7,2,对本宣科
7247,1255,聂爱情,2015-09-12 06:19:12,4,6,2,无聊有点
7255,1255,聂爱情,2015-09-12 09:17:53,5,7,2,感觉为了这个课不值得一大早大老远赶过来
8292,1255,聂爱情,2015-09-18 04:00:03,11,13,2,上次跟我们讲人体催眠悬浮术的时候我彻底绝望了。另：补觉神课
8488,1255,聂爱情,2015-09-22 00:50:43,5,7,2,非常无聊 但会点名提问
8491,1255,聂爱情,2015-09-22 00:54:54,4,7,3,呵呵哒
10385,1255,聂爱情,2015-11-18 10:38:55,6,8,2,无聊 想退退不了
12702,1255,聂爱情,2015-12-24 02:13:12,11,13,2,讲了一大堆现象，然后也不告诉我们这些现象说明了什么。内容不是特别精彩
14288,1255,聂爱情,2016-01-06 06:15:07,11,14,3,这老师有毒  分分钟想冲出去跳进启真湖
16383,1255,聂爱情,2016-01-18 04:10:23,1,3,2,选了心导作为个性课程，不是心理系上课就不做评判。\n\n但是考试前划重点，这个赞，省去很多复习时间
17213,1255,聂爱情,2016-01-20 01:33:18,1,3,2,还行，虽然课件陈旧但还是能学到一些东西
17214,1255,聂爱情,2016-01-20 01:33:52,7,8,1,讲的极差，给分很坑
17416,1255,聂爱情,2016-01-20 07:38:38,5,5,0,我就呵呵\n\n
20308,1255,聂爱情,2016-01-27 03:20:58,-3,2,5,上课很仔细的，还会互动，只是有些枯燥。
23058,1255,聂爱情,2016-03-16 23:32:46,9,11,2,听课水水的，实验不能忍，竟然要求跑西溪去当小白鼠！
23471,1255,聂爱情,2016-03-31 00:51:41,12,13,1,讲的全是上个世纪的内容 视频都是黑白的
25836,1255,聂爱情,2016-06-11 06:01:38,2,5,3,说实话，给分莫名其妙。全勤作业全交，考前给画了重点，在考试期间基本都比较有信心地答完，还做了心理学试验。最后连80都没有。。。最不可思议的一门课的成绩，至今懵逼。
27841,1255,聂爱情,2016-06-27 19:51:14,6,6,0,上课很过时，还很无聊
28866,1255,聂爱情,2016-06-29 01:17:19,24,26,2,逼人做实验 很恶心\n\n
32625,1255,聂爱情,2016-07-08 07:51:41,1,4,3,春夏的心导水水的，只有一次作业，考试前老师也会画重点，只要努力了，分数不会低的~
32628,1255,聂爱情,2016-07-08 08:36:08,6,7,1,给分看不懂，上课没意思
32629,1255,聂爱情,2016-07-08 08:08:39,1,3,2,上课比较无聊 但给分还是可以的\n\n考前会画重点\n\n
34051,1255,聂爱情,2016-09-26 06:50:28,10,11,1,讲课十分无趣，内容空洞过时，笑话不好笑，事例引用很不对口，都讲成这样了还要点名
34230,1255,聂爱情,2017-12-30 02:04:12,73,87,14,爱情来了，她趁着夜色来看望一个人，那不是我
34760,1255,聂爱情,2016-10-20 08:28:01,38,42,4,我的爱情鸟已经飞走了\n\n
34761,1255,聂爱情,2016-10-20 13:54:21,19,22,3,爱情的凝视
34762,1255,聂爱情,2016-10-20 13:47:27,31,36,5,hu hu hu 这只爱情鸟
34768,1255,聂爱情,2016-10-20 13:45:59,37,42,5,我的爱情鸟她还没来到
34770,1255,聂爱情,2019-06-02 13:27:10,16,17,1,色情的凝视。盯
35116,1255,聂爱情,2016-11-09 12:30:50,3,5,2,听她课烦的要死，还不下课
37757,1255,聂爱情,2016-11-21 01:08:12,-3,3,6,我觉得还不错啊老师\n\n好好上课论文好好写\n\n给分还是不错的啊
37761,1255,聂爱情,2016-11-21 01:30:45,-1,6,7,为什么评分这么低，不明白，上课也会互动，讲故事也挺有趣的啊，上通识课其实讲故事挺好的，不用太理论，给分的其实也还可以。至少我说的社会心理学是这样的。
37887,1255,聂爱情,2016-11-21 15:51:28,1,2,1,课比较无聊
37910,1255,聂爱情,2016-11-22 02:50:08,1,5,4,上课就按ppt内容来，不听其实也可以，跟论文没什么太大关系，很水的一门课，而且老师给分巨好，刷绩点必备！
38002,1255,聂爱情,2016-11-23 03:44:51,34,40,6,我是自考的，听她自己说是博导，一起培训的学生感觉很高大上，但从听课过程来讲，语言表达不流畅，学生问题回答不屑一顾，甚至发脾气，导致下面学生不敢再提问，网上论文指导，提交的问题也从不理会，论文内容与格式指导，有些写的无中生有，摸不着头脑，答辩时按她要求写的，反而被主答辩老师责问，论文最后评分也是敷衍了事，高的拉低，有印象的低的拉高，自考生的命运就在她鼓掌之间，总之一句话，不友好，看不起自考生，误人子弟！
38228,1255,聂爱情,2016-11-27 15:43:55,-8,3,11,还好，认真听还是有点收获的，毕竟心理学不是看上去那么好玩的
49761,1255,聂爱情,2017-04-25 13:48:53,-11,3,14,给分好
57056,1255,聂爱情,2017-07-05 10:00:53,10,14,4,内容非常幼稚无聊 给分差！
57915,1255,聂爱情,2017-07-17 13:51:30,18,19,1,到底是谁把这种人招进心理系的
59461,1255,聂爱情,2017-09-21 13:35:19,-1,1,2,博导教师遭遇二五仔
60608,1255,聂爱情,2017-10-25 07:06:43,4,5,1,逼人做实验真的太恶心
61856,1255,聂爱情,2017-11-21 09:15:50,-4,2,6,老师真的很好，老师老实，被下面那些喷子喷，看不下去。
62722,1255,聂爱情,2017-11-26 14:42:40,0,2,2,怎么说呢，社会心理学挺水的，也没去参加实验，但是论文真的纯手码2500+ 500 摘抄。最后绩点4.5也是挺意外的。可以的吧
62752,1255,聂爱情,2017-11-27 00:54:27,8,9,1,上课内容陈旧，不去做实验基本得不到高分(做实验还得跑去西溪)
62779,1255,聂爱情,2017-11-27 03:08:03,-10,2,12,老师我爱你❤️
62787,1255,聂爱情,2017-11-27 03:28:12,16,19,3,挺水的，上课做别的作业，小测验错一堆，然而只要牺牲一下去做个实验，论文再好好写一写，满绩还是挺容易的
62814,1255,聂爱情,2017-11-27 04:57:14,-5,4,9,没听过课……但是最后绩点4.5……
62896,1255,聂爱情,2017-11-27 09:44:13,0,1,1,给分不错
63577,1255,聂爱情,2017-12-07 07:36:34,3,5,2,社会心理学给分还可以，但是上课讲的内容比较浅。要是想学到什么东西还不如自己看教科书
64938,1255,聂爱情,2017-12-28 04:06:00,-5,0,5,老师挺负责的 参加心里实验可以加分 没考试 交论文 给分还挺好 上课也不算太无聊
64980,1255,聂爱情,2017-12-28 06:15:48,6,7,1,上的是社会心理学。上课非常无趣，内容无趣，讲课方式无趣...给分还可以，事情也不算很多，就一次作业一篇论文。想刷培养方案+晚上去西区自个修的可以选。
65171,1255,聂爱情,2017-12-30 02:13:59,-12,7,19,那些喷子简直拉低了我浙素质水平  真给浙大丢脸  根本看不下去  你那么厉害干嘛选这门课  老师毕竟是老师  最起码的尊重还是要有的吧
65397,1255,聂爱情,2018-01-03 15:03:08,2,2,0,老师各种不理睬学生，上课内容空洞乏味，给分差，只给留学生分数好
74084,1255,聂爱情,2018-02-05 03:03:33,-2,1,3,老师上课虽然有些僵硬，但很体贴学生，可以感受到老师对于我们的关心，包括日常签到的提醒，平时分尽量给满，考试一张A4半开卷，最后成绩不错。
75846,1255,聂爱情,2018-03-20 00:56:58,-7,0,7,好好好
78326,1255,聂爱情,2018-05-11 01:56:00,-2,2,4,前几节课很生动，后面略显无聊，可听可水。随堂考试不难，只要牺牲些时间去西溪做心理学实验，高分妥妥的。
78331,1255,聂爱情,2018-05-11 02:39:14,4,4,0,所以我大概是因为没去参加过实验被正态的那个/手动微笑。
78351,1255,聂爱情,2018-05-11 04:23:54,6,8,2,作为一个社会心理学拿了4.8的人 平心静气来做一个公正的评论。聂老师的教学水平真的很一般，上课没有节奏感，举例没有说服力，甚至可能会被同学问倒，社心这门课真的水，我是完全没听过课，也真的学不到什么东西（至少课堂上学不到），一次作业字数很少，一次小测一次期末很水，百度都搜得到答案，不让用手机也没事反正开卷，去做两次实验吧，做那种时间长的，每次上课都去，分不会低的
78372,1255,聂爱情,2018-05-11 07:22:43,2,3,1,老师上课不是很好，有些测试是错误的，但是教材挺好的，给分还好（没听课没做实验没怎么准备考试，最后给分挺满意
78997,1255,聂爱情,2018-05-20 00:58:26,4,5,1,讲课一般，给分还行
80125,1255,聂爱情,2018-06-20 08:24:23,0,3,3,老师其实人很好啊，蛮可爱的。
86928,1255,聂爱情,2018-09-19 12:24:17,8,8,0,笑了笑了\n\n我们的回答和实验结果相左，她居然会说我们错了？\n\n老师您……真的知道“统计意义”下的实验结果是什么意思吗？\n\n满口实验实验，您实验都是学生做的吧？
90668,1255,聂爱情,2018-11-25 05:23:08,0,0,0,老师水平一般，多做实验刷满平时分，反正我是水的最后4.5还可以吧
90669,1255,聂爱情,2018-11-25 05:42:56,0,3,3,一次作业 开卷考试 一次小测（开卷） \n\n很水，上课想干什么就干什么，有几次要签到。 \n\n多做几次心理学实验，给分还不错，最终绩点4.8
91153,1255,聂爱情,2018-12-02 06:49:48,1,1,0,很无趣
116492,1255,聂爱情,2019-09-11 02:13:20,9,9,0,说话逻辑？答非所问？急躁？没有上课技巧？
116948,1255,聂爱情,2019-09-17 13:35:44,14,15,1,我很无语，也很无奈。辅修的社会心理学，平时分制定毫无逻辑，没有一个统一的标准。上课例证真实性存疑，讲课内容混乱，甚至没有之前的心理学选修课内容详实。
116950,1255,聂爱情,2019-09-17 13:43:00,11,12,1,社会心理学，心理学实验5小时起算，上不封顶，算入平时成绩，不知道是老师的个人行为还是心理系的普遍操作。哦对了，不同意这个条件就退课，奉劝各位如果对心理学感兴趣就旁听吧，自己看看书也省的被人抓苦力。
117026,1255,聂爱情,2019-09-18 11:17:03,17,18,1,qq空间学博士，老年人朋友圈忠实读者，听课完全是侮辱智商，要不是?大四没得选我绝对会退课。从这个人身上看不出来任何受过严谨的科学教育的痕迹。
119664,1255,聂爱情,2019-11-14 17:18:39,9,10,1,其实老师还挺可爱的，但确实学不到什么东西。我感觉这门课就是为了心理学系做实验开的咳咳...
119667,1255,聂爱情,2019-11-14 18:14:36,0,0,0,努力写小论文！
125483,1255,聂爱情,2020-09-10 08:27:11,4,4,0,上的心理学导论~虽然上课很无聊，但期末认真复习了所以给分不错~
126933,1255,聂爱情,2020-10-28 14:09:37,2,10,8,没有零分，难受。\n\n讲得很烂，很多内容并不科学。\n\n统计表上把香港列为国家，不是她做的表就不能审核一下？
126963,1255,聂爱情,2020-10-30 11:17:53,5,5,0,是垃圾，快跑，全方面垃圾
134471,1255,聂爱情,2021-03-29 14:07:52,7,7,0,听她讲课还不如读两年份的《意林》\n\n这门课的课本倒是很有趣，还是去看课本吧
136659,1255,聂爱情,2021-06-22 13:28:04,11,11,0,垃圾老师 瞎布置作业 没有点师德品质 交个论文也得要向她致谢 缺爱吗
138488,1255,聂爱情,2021-07-09 13:24:50,10,11,1,社会心理学，这5分给助教小哥哥，实在是太可爱了，不敢给高分，但是因为挑不出错所以给了99。\n\n上课很水，学不到什么东西，仿佛在看百度营销号，有点点失望吧。
142379,1255,聂爱情,2021-11-11 00:15:44,0,0,0,。。。。
145649,1255,聂爱情,2021-12-31 02:36:07,7,7,0,水平一般，基本学不到什么东西，比较枯燥，而且社会心理学这门课还有做实验加分，我不知道这合不合理，本来社会心理学就正态分布的课，你这样搞，不等于不做实验减分🐴，我确实不知道做了实验对于我对这门课的理解能提升多少，总之不建议大家选
151331,1255,聂爱情,2022-02-28 15:11:22,19,20,1,水平有限，PPT陈旧，做的实验很多就是在乱加变量水文章。
151334,1255,聂爱情,2022-02-28 17:08:55,13,13,0,红配绿课件陈旧，讲课水平极差，完全把学生当傻子哄。非常垃圾，误人子弟。还自我感觉良好，令人作呕。
151336,1255,聂爱情,2022-03-01 00:07:37,21,21,0,给分是挺高，确实学不到东西，实验非常折磨相当反人类。另外听说她的研究生们都跑完了？
151511,1255,聂爱情,2022-03-06 10:09:28,6,6,0,PPT感觉起码有二十年不换了，讲课水平糟糕。学不到东西
151563,1255,聂爱情,2022-03-08 01:51:17,17,17,0,救命！刚刚发现舍友之前上社会心理学和我上的心理学导论的PPT是基本一模一样的。天下居然有这么偷懒的老师，内容还非常陈旧。这是公然摆烂了
151892,1255,聂爱情,2022-03-19 13:06:52,12,12,0,快逃！浙大怎么招进了这种人，看起来几十年都不换幻灯片，很多新进展都不知道。就是混日子到退休的感觉
157821,1255,聂爱情,2022-06-25 03:31:33,7,7,0,老师上课特别水。个人很喜欢心理学，但是这门课一节课没听过。只做了一次实验，期末论文看书改编，最后4.8。如果是为了找水课的话，推荐。为了学习一些心理学知识，劝退，谁再和我说兴趣是最好的老师我跟谁急。
159222,1255,聂爱情,2022-07-08 09:18:53,4,4,0,浙大怎么会有这样的老师？
160080,1255,聂爱情,2022-09-13 04:37:44,5,5,0,cc98前来围观
160111,1255,聂爱情,2022-09-13 09:20:28,4,4,0,好似！支持正义薄纱！
160125,1255,聂爱情,2022-09-13 13:24:26,5,5,0,从98过来的，它已经滚蛋了
21231,1388,钟建安,2016-02-27 05:51:36,-1,4,5,小测验多，都是上一节课的知识，也有点名的作用。考试基本算是开卷，选题写小论文。上课内容与一般的心理学通识课差不多。给分很不错，认真一点就好啦。
36870,1388,钟建安,2016-11-16 10:05:51,1,4,3,给分不错啊quq   上课略无聊..
37359,1388,钟建安,2016-11-18 12:36:41,2,9,7,心理学这门课本身就很有趣，特别喜欢老师上课的风格，会讲一些数据和有关心理的实验，作为一个大一新生收到了某门课3.6的绩点以后在这门课受到了4以上的绩点感觉被治愈（当然上课要认真，其实认真很容易的）顺便一提我是紫金港校区的学生，这门课在西溪，每个星期都坐车过去再回来，能看到这个分数也是很欣慰。
37859,1388,钟建安,2016-11-21 11:51:33,0,1,1,不错呀
40583,1388,钟建安,2017-01-04 07:20:11,0,3,3,老师很温和，课的内容也很丰富，虽然内容以理论为主，但由于这门课程本身的特性内容还是很有趣且吸引人的（我是本身对心理学感兴趣）。短学期的课，压力不大，没有大型考试，平时会在课上写一些作业（不限字数，主要是你对上课内容的认知，与生活的联系等），最后有一次课上论文作为考核。钟老师是教材的主编，在西溪教课，偶尔会让别人代课但同样是很棒的老师。因为课在西溪所以人不多，课堂座位坐率大约60%，所以还是一门很轻松的好课
41431,1388,钟建安,2017-01-11 14:09:12,0,2,2,老师很不错的 上课很有意思 贴近实际 最后开卷考 总之上课很轻松 学到很多 给分也不错
41519,1388,钟建安,2017-01-12 06:01:03,-4,2,6,给分好
47842,1388,钟建安,2017-02-26 08:06:25,5,9,4,从紫金港到西溪讲真挺累的、但最后4.5还是很开心的。每周第三节课上做个小测，主要看自己的理解书里也有可以找到的知识点，期末就考个试，开卷。不难，上课也挺有趣的，水是有一点水，不过付出就会有回报的，比辛辛苦苦一学期结果只有80分的某药物与健康好多了。感恩。
49502,1388,钟建安,2017-04-17 06:27:02,-1,1,2,很和蔼可亲，认识班里不少人，挺不错的，期末划重点
50089,1388,钟建安,2017-04-29 12:24:49,3,4,1,老师很和蔼，上课有趣且有条理
50150,1388,钟建安,2017-04-30 10:42:45,1,3,2,老师特别善良 讲课也有意思
50165,1388,钟建安,2017-04-30 13:07:06,1,3,2,并不会很负责
63716,1388,钟建安,2019-09-05 14:27:14,25,50,25,老师人很不错，就是是是……每听一次都让强迫症的我受不了，老师说心中有郁结应该说出来，于是就在这宣泄一下
69482,1388,钟建安,2018-01-25 00:33:52,-1,5,6,给分不错啊 上课从来没怎么认真听过 小测稍微长点心就行 考试也是主观题随便扯就行 做为一门通识课我给满分
76912,1388,钟建安,2018-04-26 01:44:45,0,1,1,很好的老师！很和蔼！
81541,1388,钟建安,2018-07-05 10:36:32,-6,1,7,老师上课很有意思?
81562,1388,钟建安,2018-07-05 11:37:00,2,3,1,内容一般般吧，有结构，但是很多东西过时了。\n\n用很古老的课本（不是教务网上的），绝版了，很难搞。ppt没几个字，没有课本无法复习\n\n胡乱给分，一个学期的作业一起交，交上去两天就出分了，差评。
81594,1388,钟建安,2018-07-05 13:24:14,-3,2,5,心理学及应用 每次晚课西溪来回真的很苦…不过上课蛮有意思的，基本都会听课记，随堂小测和最后的随堂测试大致都是课上的！成绩也可以
97639,1388,钟建安,2019-01-22 12:33:01,2,2,0,就是是…难受…
97666,1388,钟建安,2019-01-22 12:54:08,10,20,10,我真的佛了没有任何评分细则给分这么迷每周三风雨无阻紫金港西溪往返最后拉我均绩0.23作为一门通识水课我是真的服真的优秀
97690,1388,钟建安,2019-01-22 13:36:37,4,6,2,我佛了 给分是真的很迷 被卡绩也真的很难受 每次都认真做小测考试也认真考不知道是什么情况给分是这样？？？
97752,1388,钟建安,2019-01-22 14:57:10,4,6,2,课水，给分玄学，选不上通识课的非洲人可以选
97775,1388,钟建安,2019-01-22 15:51:49,3,6,3,真的是够了，认认真真上课给分那么低，通识课有必要吗
98837,1388,钟建安,2019-01-24 03:52:57,9,10,1,我fo了 我以为大家说的给分好是真的好呢……
99216,1388,钟建安,2019-01-24 12:21:41,0,0,0,课挺无聊的...
99579,1388,钟建安,2019-01-25 03:44:03,3,3,0,8.多评分刚刚好，事儿少，但给分机制贼迷，课上不建群，出分贼慢
102308,1388,钟建安,2019-02-01 01:24:19,-8,4,12,老师很好呀。上课非常风趣幽默，还会说很多生活中的心理学知识。基本无作业，最后的期末考试我真的都。。。。笑了，老师真的是等于白给分了。最后绩点也超级高。
103174,1388,钟建安,2019-02-26 10:55:38,17,18,1,就四四四四。。。
105250,1388,钟建安,2019-04-08 11:36:09,1,1,0,消费心理学作业是真的多……还有小组作业期末闭卷考……我枯了
106164,1388,钟建安,2019-04-25 11:35:26,3,6,3,请老师告诉我评分细则到底是什么？小测和考试都非常简单要做的实验都做了风雨无阻从紫金港到西溪每周都上课，最后成绩70多分？
107549,1388,钟建安,2019-05-06 11:52:40,0,0,0,给分差，风雨无阻从紫金港前往西溪，最后2.4呵呵了
122817,1388,钟建安,2020-04-10 08:09:00,0,0,0,消费与广告心理学，讲课有内容，但是明显是很久没更新过ppt了，复习的时候感觉到讲授的内容有些零散。还没考试，给分不明。\n\n口癖令人印象深刻，我私下里叫他944老师
131667,1388,钟建安,2021-01-28 10:38:14,-10,2,12,nt老师
145992,1388,钟建安,2022-01-05 02:38:53,4,8,4,选的心理学与应用，今天刚出分，4.5，马马虎虎吧，来客观评价一下这个老师。首先，单看这个人感觉还是蛮不错的，比我一开始想象的好很多，挺和蔼的，期末考试的时候看我们很多人第一题答偏了甚至还会告诉我们第一题怎么做，可能这几年改变了吧。然后从这门课的角度看，我觉得他应该是事情最少的，我同学选的别的老师都要写什么论文啥的，他只要每节课小测10分钟，取五次最高的，最后一节课考1个小时左右，全是开卷，很轻松，反正我是就听了前两节课其他时间都在划水，开卷考试答案很好找。个人感觉是我遇到最轻松的通识课了，不过要想学东西认真学的话肯定也能学到，感觉讲的也不算差。
146006,1388,钟建安,2022-01-05 03:39:59,0,1,1,挺不错的\n\n老师上课很有趣\n\n是我这学期以来通识课最高绩点了
146267,1388,钟建安,2022-01-06 05:30:06,2,2,0,心理学及应用绩杀了…
146358,1388,钟建安,2022-01-06 10:08:03,0,0,0,老师的课认真听的话还是有意思的。随堂小测的内容都是上一节课讲的，期末考的题目也是课堂上举过的例子，测试都是开卷而且可以用电子设备。总之，感谢老师不杀之恩。
152189,1388,钟建安,2022-04-03 14:54:47,0,1,1,讲课很无聊，照本宣科，小测说是开卷但是题目很难查到，给分不好
152479,1388,钟建安,2022-04-12 14:45:55,1,1,0,好极了
153074,1388,钟建安,2022-04-25 02:38:58,0,2,2,上的是消费与广告心理学，老师人挺好的，但就是上课所准备的材料都有点旧了
165542,1388,钟建安,2023-01-08 08:01:47,1,1,0,【心理学及应用】不用写论文，不用课外花时间，给分好
165546,1388,钟建安,2023-01-08 08:29:29,1,1,0,钟老师非常好！
165593,1388,钟建安,2023-01-08 15:32:49,1,1,0,水课，冲
165735,1388,钟建安,2023-01-09 12:45:09,1,1,0,拿到4.8了来好评～钟老师讲课挺好玩的，就是那个句尾语气词让人不大适应（）五次小测一次大测都是开卷，好好写拿高绩点没问题
166725,1388,钟建安,2023-01-13 10:16:04,1,1,0,真正的事少分高，大一上学期就美美得到了大学生涯的第一个满绩~
167508,1388,钟建安,2023-01-17 00:38:38,3,3,0,第一个满分，谢谢钟老师！
167793,1388,钟建安,2023-01-19 05:48:00,3,3,0,就是看不用写论文 考试完全开卷 不用做实验来的，事情是真的少，小测和期末考都可以查网上检索信息直接满绩了爱了爱了
173385,1388,钟建安,2023-05-22 14:34:20,3,3,0,课下什么也不用做，绩点超好，事少分高！
177913,1388,钟建安,2023-07-05 11:19:05,1,1,0,事情确实少，但是给分确实很迷惑，不知道给分标准是怎样的
186947,1388,钟建安,2024-01-14 00:23:59,0,2,2,从来不点名，只有小测和最后的quiz，都很简单，随堂小测15分钟在宿舍做一下，最后一节课纸质的quiz（5个大题结合心理学知识解释现象）。和其他老师相比应该算是心理学通识课课最少的老师了，讲的也不错，轻松4.8
187048,1388,钟建安,2024-01-14 09:04:47,0,0,0,上的是心理学及其应用，老师的讲课还不错，至少我觉得和现实很贴切。每一节课基本都有小测，但是开卷甚至可以查电子设备，最后一次随堂考试，开卷，可以查找电子设备。4.8，给老师好评。
187301,1388,钟建安,2024-01-15 12:26:35,1,1,0,事情很少，只是每节课开卷小测和最后一节课的一小时考试（也是开卷），轻松事少给分好
194662,1388,钟建安,2024-06-25 01:43:51,1,1,0,每节课开卷小测就当点名啦 老师讲的也还可以 但是不听也没事 期末也开卷可以查手机！答题的话建议字数多写一些 事少分高~~
209649,1388,钟建安,2025-01-06 12:44:26,2,3,1,给分好到底是谁说的。老老实实上课小测和考试，最后3开头了。
209670,1388,钟建安,2025-01-06 12:52:30,-1,1,2,给分略迷惑。事情确实少但是都认真做了。凭什么拉我均绩0.2？？？
209683,1388,钟建安,2025-01-06 13:58:40,1,2,1,任务只有上课的5次随堂小测和随堂期末考\n\n只要信息检索能力还可以的话，分数肯定不会低的\n\n简答题记得多写点字，分点作答\n\n事少分高！强推！
209718,1388,钟建安,2025-01-07 00:27:59,0,1,1,很好哦
210066,1388,钟建安,2025-01-08 05:28:47,0,1,1,事少，小测考试都开卷可以用电脑，\n\n但是分不知道怎么评出来的，3.9，太痛了
214072,1388,钟建安,2025-01-23 11:56:19,0,0,0,上的是心理学及应用，为数不多的没有考试也没有论文的通识课，只有全开卷的大测和小测。我的绩点蛮高的，归纳来说可能有以下几个原因：\n\n1.尽可能使用高级智能的AI，比如能用正版GPT就不要用智谱清言，能用智谱清言就不要用文心一言，当然有条件的话，多个AI的答案进行整合肯定是更好的。\n\n2.作答时分条作答，每条先写关键词，再简单阐述概念，再结合材料进行详细说明。\n\n3.在上课时可留只耳朵，测试题中可能会让同学举课上的例子。\n\n4.虽然老师说没必要写太多，但感觉适当多的篇幅和良好的书写应该也有一定的帮助。\n\n上课内容跟心理学导论很像，都比较浅，也比较有意思，个人还是比较推荐哒~
439,1391,高在峰,2017-09-20 11:16:23,19,37,18,事例丰富，课堂生动。脑洞大开，畅所欲言。
1234,1391,高在峰,2015-03-21 16:51:14,0,11,11,很棒的老师。推荐人类工效学
4365,1391,高在峰,2015-06-19 13:49:40,5,14,9,讲得比较粗浅 作业和考试略奇葩 给分不咋地
5985,1391,高在峰,2015-07-10 06:25:44,0,6,6,男神～～(>﹏<)
7321,1391,高在峰,2015-09-16 10:38:12,0,3,3,幽默，以色列海龟！
7343,1391,高在峰,2015-09-14 01:59:26,-8,5,13,给分坑
9472,1391,高在峰,2015-10-28 11:18:11,0,3,3,老师超级平易近人
14451,1391,高在峰,2016-01-07 06:55:14,-1,2,3,很为学生考虑
15665,1391,高在峰,2016-01-16 05:28:02,0,2,2,一个字，帅！
21167,1391,高在峰,2016-02-25 02:20:24,-1,2,3,高在最萌了么么哒
33465,1391,高在峰,2016-11-15 03:59:48,1,7,6,强无敌的老师 给分好
33509,1391,高在峰,2016-11-16 10:48:52,11,11,0,蜜汁课堂蜜汁给分
34047,1391,高在峰,2016-11-10 07:44:33,-1,4,5,很赞的老师！对待这门课不水的话能学到很多东西～
34469,1391,高在峰,2016-10-11 09:52:12,-2,1,3,赞\n\n有趣而有用的通识
35192,1391,高在峰,2016-11-04 10:42:49,-2,2,4,老师超级帅，课超级有意思，可惜前几节课没有认真听，后来才发现高在的课那么有意思！力荐！
35409,1391,高在峰,2016-11-10 07:13:54,-2,2,4,非常开脑洞，但想做好很需要一番功夫
35440,1391,高在峰,2016-11-10 07:16:29,2,10,8,能学到很多，大家能就一个问题畅所欲言，最重要的是养成了观察和批评身边的一切产品和设计的习惯，感觉自己患上了工效偏执症。ps:高在男神
35457,1391,高在峰,2016-11-10 07:18:11,15,25,10,告诉学弟学妹们一个小秘密?他的前几次课PPT里会有加4分的机会哦
35484,1391,高在峰,2016-11-15 04:46:50,-3,1,4,特别爽
35498,1391,高在峰,2016-11-10 07:21:43,0,3,3,高在男神
35869,1391,高在峰,2016-11-10 08:36:11,0,2,2,超棒 虽然听的时候没什么感觉 但是不知不觉中真的养成了一种思考模式
36223,1391,高在峰,2016-11-11 06:44:30,0,6,6,舍不得上完的通识是一种什么样的体验……\n\n老师是男神\n\n课不水，学到很多东西\n\n\n\n\n\n
36575,1391,高在峰,2016-11-15 03:10:22,-3,3,6,非常爽，就是很好玩，唯一缺点就是不下课
36579,1391,高在峰,2016-11-15 03:25:05,1,3,2,不会把控时间
36582,1391,高在峰,2016-11-15 03:39:55,1,9,8,帮他的学生的实验做实验被试者给加分，算不算以权谋私
36585,1391,高在峰,2017-04-02 13:42:51,-2,3,5,高在，青年才俊，长江学者，课干货很多
36587,1391,高在峰,2016-11-15 03:57:06,0,2,2,老棒了
36588,1391,高在峰,2016-11-15 03:53:37,0,3,3,男神！给分非常棒！大力推荐！
36590,1391,高在峰,2016-11-15 10:13:06,0,1,1,会展示好玩
36591,1391,高在峰,2016-11-15 04:11:09,-2,1,3,不得不说，这是我选的最值得的一门课，一种新思维新眼界，当然高在绝对我男神嘻嘻
36592,1391,高在峰,2016-11-15 04:11:21,3,12,9,其实大部分人都是因为自己成绩好而给老师高分，其实我想说，成绩不在老师还是在自己，高在的课很有干货，他带给你的是一种看待事物看待设计看待未来的态度。支持高在!
36593,1391,高在峰,2016-11-15 04:12:21,0,6,6,高在超棒，严父慈母型老师，对你的作业会给出严格而中肯的评价，但是绩点给的超高。能在他的课上学到很多东西。最喜欢听他批评小组作业，信息量大，语言犀利，一针见血，被虐的同时快乐地学习着。非常工效
36598,1391,高在峰,2016-11-15 04:28:44,0,3,3,虽然事情多但是人帅啊 不水可以拿很满意的分
36611,1391,高在峰,2016-11-15 05:19:14,0,5,5,高在是个敲可爱的好老师！～平常作业不多，而且社科妹子在课上组里结识了很好的理工科的朋友，很开心！绩点挺好的，重要的是上过课之后看事物会多一个批判的角度，想着去改进。看到吃藕的ppt会忍不住吐槽，生活中遇到不爽的设计脱口而出“不工效！”ahhhhh反正很好啦强推！
36612,1391,高在峰,2016-11-15 05:21:38,0,1,1,很有意思，老师很可爱。
36615,1391,高在峰,2016-11-15 05:39:47,-1,2,3,讲得很好，就是教室设计非常不工效，导致上课效果大打折扣。不是老师的错，是……
36623,1391,高在峰,2016-11-15 06:07:14,0,0,0,总有收获
36625,1391,高在峰,2016-11-15 06:17:36,-2,1,3,整个小组差不多都满绩，开心~感谢高在男神对我们的鼓励与支持！
36640,1391,高在峰,2017-03-07 13:23:31,0,3,3,给高在笔芯，上一门工效学，受益整个大学♥️♥️♥️♥️♥️♥️♥️
37247,1391,高在峰,2016-11-18 04:16:45,1,2,1,还是可以听听的，不过据说要没了
39582,1391,高在峰,2016-12-26 00:13:28,0,1,1,老师是好老师，认真负责，课堂表现很重要，多思考多提问绩点不会差
49574,1391,高在峰,2017-04-19 03:42:13,0,2,2,大大大大大佬
51076,1391,高在峰,2017-05-16 06:33:57,12,12,0,作业太太太太太太多了
51478,1391,高在峰,2017-06-06 07:28:00,65,76,11,结论放开头：和他合不来的人不要选他的课，针对高在的评价永远是两级分化的，这也反映了他和学生的双向选择\n\n\n\n工程心理学这门课，会花掉你大量的时间学习很多有意义的东西，这很可能是你大三下学期的几乎所有时间。如果你真的想对工效，交互设计等方面感兴趣，可以选。如果不是，你会感觉自己的时间被一群疯狗吃了。\n\n\n\n对于高在这个人，我不想过多评价，肯定是一个负责的老师，但是呢…固执肯定是的，功利肯定也有的，而且他本人不愿意在学生面前承认这些。面对纷繁复杂的贵系人际关系，高老师您辛苦了！
51483,1391,高在峰,2017-06-06 10:15:06,36,45,9,高在是非常负责的老师，但对其它的思维方式、研究方法和主题，他会否定你的想法，让你认为你做的东西不为人接受，实际上只是不为他所接受。 如果想纯粹顺从他的思路，那么可以选择，但是如果你有自己成形的思维方式，有与他不同的观点，谨慎考虑。
58177,1391,高在峰,2017-08-15 07:42:25,8,15,7,山东人，重感情
59306,1391,高在峰,2019-03-02 01:09:50,29,36,7,很浮夸的一个人。
61797,1391,高在峰,2017-11-21 03:37:09,-1,2,3,高在超棒！大一上选了高在男神的课，安利给了身边所有的朋友！
61951,1391,高在峰,2017-11-22 02:29:11,0,1,1,的确是不错的老是
62020,1391,高在峰,2017-11-22 07:17:30,8,10,2,事多事多...也没有真的多有收获吧
63142,1391,高在峰,2017-11-28 15:33:17,2,5,3,人类工效学让我得了PPT完美主义强迫症⊙▽⊙感觉自己水水的，期末考认真一点，也就上4了~~
63143,1391,高在峰,2017-11-28 15:36:59,0,4,4,给分差
63144,1391,高在峰,2017-11-28 15:39:13,20,25,5,人类工效学这课吧    自己杂七杂八有点感觉的话收获不大    上课听到的发言有时候挺尴尬的    而且发言时间挺多的    不活跃的同学慎选
63148,1391,高在峰,2017-11-29 00:59:15,5,6,1,有点小坑
63149,1391,高在峰,2017-11-28 16:05:40,5,6,1,给分没有想象中的好……
63151,1391,高在峰,2017-11-28 16:15:42,15,16,1,课堂中确实能学到一些东西，但觉得并不是很多，反而觉得在期末前仔细看工程心理学笔记收获了很多。上课中太多的时间用来怼别人，其实并不喜欢这样的方式。发言多得分一定很好，发言少很容易被正态。
63154,1391,高在峰,2017-11-28 17:14:14,4,5,1,还好，可能主要还是自己懒得发言，懒得做心理学实验吧
63187,1391,高在峰,2017-11-29 03:48:41,1,4,3,给分也是尽量往高的给\n\n事情很多，嫌事多不愿意参与的千万不要选，但是很有趣，会给你展示vr游戏，会教你怎么做ppt，等等，最后要参加一定要组好队友
63205,1391,高在峰,2017-11-29 07:27:35,1,5,4,最幸运的是在这门课上遇见了自己喜欢的人
63273,1391,高在峰,2017-11-30 02:19:02,-1,0,1,老师很棒，课程有意思，上课多发言就行啦～
63528,1391,高在峰,2017-12-06 04:58:54,-1,1,2,高在人还是不错的，人类工效学这门课挺有意思的，上课认真听还是很有收获的，给分还行，平均分84我就是平均分，确实自己参与课堂还是少了一些，不过最后给分比其它通识课要好些\n\n
63546,1391,高在峰,2017-12-06 11:39:32,-2,2,4,老师人很nice 给分好 事不算多 个人在最后的那个大作业收获也不少 只被小怼了一下 对这门课程的话 前几堂课引入感觉有点长 真正讲到干货的地方形式又不太吸引人 穿插着小活动的时候比较激烈所以才给人一种都在怼人的错觉 相对来说是一门值得给满分的课 毕竟你不太可能找到给分好 事少 干货又多的课
63817,1391,高在峰,2018-09-10 04:34:15,3,15,12,奶头比较黑
64117,1391,高在峰,2017-12-21 04:07:17,-3,0,3,人帅，课好，给分也好。
68307,1391,高在峰,2018-01-23 03:06:18,0,2,2,。。 。
68765,1391,高在峰,2018-01-24 00:47:50,13,18,5,人类工效学：上完课过了一年多，我们有几个小组提出的校园设计缺陷居然被学校一一整改了。 就感觉这门课不亏。
74413,1391,高在峰,2018-02-20 03:18:51,0,3,3,浩克沙东高在峰！
79664,1391,高在峰,2018-06-12 13:14:25,-2,1,3,高在的课是我大学最喜爱的课没有之一
80193,1391,高在峰,2018-06-21 09:41:03,3,8,5,老师本身并没有那么好，讲课感觉也一般，其实他的课程并没有达到他想要的效果，9分出头的老师，不一定比六七分的老师好，记住这个教训了
85780,1391,高在峰,2018-08-08 03:07:37,-2,0,2,Perfect!
88958,1391,高在峰,2018-11-12 14:18:54,1,5,4,高在的课干货很多呀，有一些自己想到的稀奇古怪的问题高在也能给出源头性的专业性的解释。人类工效学真的建立了一种思维方式，虽然大作业被怼了，但还是很开心啦。老师不是不认同你自己的思维方式，只是希望在你的课堂表现中展现出他的课教会你的东西。总之，为高在打call！
89121,1391,高在峰,2018-11-16 02:20:35,-1,2,3,非常精彩，能为我们带来一些生活中一般不会意识到的设计不足之处
89277,1391,高在峰,2018-11-18 03:55:08,-3,0,3,上完人类工效学给高在疯狂打call!学习的很多干货，真的和其他评论里所说的，看世界的角度不同了。自己对大作业和随堂作业不是特别上心(不过课后作业确实很多很占时间)，绩点什么就随缘吧。最后的考试很简单，记得考前多翻翻教材。
90123,1391,高在峰,2018-11-22 07:10:05,4,7,3,被正态，小组作业队友坑，呵呵 \n\n 老师评价的确两极，心态爆炸
90128,1391,高在峰,2018-11-22 07:30:20,10,10,0,不喜欢怼人和不太活跃的同学慎选，课上吵来吵去的，恶竞啊，靠怼人拿分？？
90131,1391,高在峰,2018-11-22 07:40:48,0,2,2,首先，人类工效学这门课，学完后会获得一种理念，批判性地看设计，挑出其中不工效的原因。其次，不喜欢小组作业的同学不要选，很多小组的展示。最后实验一定要做满。（个人感觉小组作业凉了，开卷考没答完凉了…以为班级垫底了…结果最后绩点4.5？震惊，给分也太好了吧。
90138,1391,高在峰,2018-11-22 07:55:36,-2,0,2,收获挺大的
90204,1391,高在峰,2018-11-22 12:36:36,4,4,0,上课不活跃的人真的别选，点人回答也是清奇，不看先后顺序，如果入他法眼重复cue一个人是经常的
90239,1391,高在峰,2018-11-22 15:44:10,0,2,2,高在的课很有趣，性格也真心好，是我少有不想水的课|ω・）
90240,1391,高在峰,2018-11-22 16:03:52,4,5,1,老师不点名是真的，但是心理学的课本身就变态，用绩点绑架实验（虽然你做了他也不一定给你加分），感兴趣的可能可以学到东西吧虽然我没有，上课一定要发言，发言多了他就认识你了分数就好了，不然再努力也没什么用。
90250,1391,高在峰,2018-11-22 23:56:40,6,6,0,不爱发言 不喜欢小组作业的慎选吧
91135,1391,高在峰,2018-12-01 09:51:24,0,3,3,首先要感谢一下老师让我成了制作ppt小能手，现在看东西都会脱口一句“这不工效”。其实你的最后成绩真的和你的小组有很大的关系，所以感谢我优秀的小组…因为抢到了开放课题(一定要认真做嘎)，我们小组最低的绩点是一个实验也没参加的4.5，其余基本都是4.8，两个满?。然后唯一不喜欢的是一些同学的态度，感觉在吵架，有时候真的不太尊重人。
92399,1391,高在峰,2018-12-28 08:49:54,7,8,1,你要是闲的没事干，就选这门课。每堂课都有作业，你要是想拿高分，耗时不比一门数学课少
92719,1391,高在峰,2019-01-04 03:16:15,5,5,0,不喜欢发言的同学慎选，一下就被正态了。上课老师想倡导活跃的气氛，但很多同学明明就是乱发言啊，怼来怼去。那个态度我自己还蛮不喜欢的。
94948,1391,高在峰,2019-01-20 11:46:50,2,2,0,虽然我被正态了呜呜呜 老师挺好的
104853,1391,高在峰,2019-03-28 17:02:48,0,2,2,给高在打call
108397,1391,高在峰,2019-06-02 11:59:40,1,2,1,真的感觉过去的时间越久，老师的教导愈发在脑海中闪现，是因为不希望忘却而闪现。老师教授的是人类工效学，但是其中传达出来的内容可以在我们的学习生活中运用，特别是做PPT。感觉值得
113535,1391,高在峰,2019-07-06 23:18:07,4,11,7,大一结束，回想这一年，觉得最有用的课就是上学期在高在老师这上的人类工效学。也许事多，可是值得。为什么要一味地追求水课呢？实实在在地学一些对自己学习生活真正有用的东西，能受益一生的东西，不好吗？高在老师的课，是我心中通识课该有的样子。这绝对是门值得大家上的课，但绝不是门让你去水的课。
118842,1391,高在峰,2019-11-07 02:34:27,1,1,0,这门课上完收获的不仅是知识，更是一种理念，看到生活中一些产品的时候开始从工效的角度进行审视、批判，这是我以前很少会想到的。小组作业和大作业不水，但收获挺多的，最实用的可能就是ppt的制作原则了hhhhh。表白高在，很负责的老师！上课回答问题的话，我感觉认真听了还是有很多想说的，不过不喜欢上课发言的同学还是慎选8，以及不喜欢小组作业的同学也谨慎，这门课非常需要小组合作。做实验的话，心理学的通识基本都有这个要求，我做了几次以后感觉对心理学有了不一样的认识2333。考试还没考，不知道会不会很难ovo
119672,1391,高在峰,2019-11-14 23:42:35,2,3,1,超棒！作为一个萌新，选进这门课超开心的哈。有很多18级甚至17级的学长学姐，小组课题超幸运的有一群通力合作的组员们，也从组长身上学到很多小组分工课题进行的经验，在之后的小组作业中有很大帮助！课程里ppt制作真的超棒了，理论上真的学到很多。至于课上发言要记分这件事，反正我就回答了一次，但是可能我经常坐前排同一个位置刷脸熟了吧?第一门满绩的通识课真的超开心了?。
119679,1391,高在峰,2019-11-15 00:47:25,10,11,1,一门课时间顶的上微积分，但由于没分到好队友，结果被正太，体验极差。干货并不像楼上说的那么多。而且这门课不稳定性很大，可能你很努力了，连六个小时实验分都刷满了，最后拿了个不符合你付出的成绩，但可能你几乎不费力，因为有好队友，不刷实验分也能轻轻松松上4。而且这门课对于内向学生一点也不友好，上课活跃分占了极大的分数，不爱发言的人慎选。还是得重复：事情很多很多，努力了也不一定拿的到高绩点，而且最终PPT作业的分数是组长单独打一个权分，不公开透明，一旦组长鹅颈，那组员分数可能就低。
119684,1391,高在峰,2019-11-15 00:29:05,5,5,0,事超多 还拿不到高绩点
119707,1391,高在峰,2019-11-15 03:01:11,1,2,1,讲的很有用也很有意思，大力种草人类工效
119862,1391,高在峰,2019-11-16 11:12:51,0,1,1,除了说好的，我想不到还有什么反驳的理由
124083,1391,高在峰,2020-06-23 12:00:44,0,1,1,好老师，强烈推
127825,1391,高在峰,2020-11-28 02:50:01,3,3,0,非常喜欢高老师的课，人类工效学内容非常丰富，也很实用，建议大家积极参与，一定会对自己有很好的启发。
127901,1391,高在峰,2020-11-30 03:27:28,0,4,4,老师给5.0  那就给老师10.0吧
128593,1391,高在峰,2020-12-24 09:30:46,3,3,0,给分有点点随意
128872,1391,高在峰,2020-12-26 08:03:36,0,0,0,很风趣的老师~我为了加分做了很多心理学实验确实比较麻烦，但最后给分还可以~
129216,1391,高在峰,2021-01-01 02:22:27,1,1,0,只想看个评论
129270,1391,高在峰,2021-01-03 04:51:35,9,10,1,想知道为什么有时老师叫高在有时叫高在峰？
129962,1391,高在峰,2021-01-14 06:31:37,2,2,0,很有氛围的课
131659,1391,高在峰,2021-01-28 10:27:39,2,3,1,课还不错，给分很恶心！想要分高上课一定要回答问题
139605,1391,高在峰,2021-07-18 09:38:04,2,2,0,感觉热评已经说的非常到位了，高在着实非常固执，很难听进去别人的想法并且会疯狂捍卫自己的观点，但确实是一个对教学很有想法的老师。上这门课感觉学到的东西没有期待的多，很多项目让我觉得确实学不到什么东西
142011,1391,高在峰,2021-11-04 01:47:02,5,6,1,事真的很多，给分主要看小组怎么样了，如果组员给力可以躺高绩，组员摆烂你累死也没用
142819,1391,高在峰,2021-11-17 03:47:28,-3,1,4,快逃吧
142842,1391,高在峰,2021-11-17 00:53:52,-2,2,4,事剧多，给分极差
143136,1391,高在峰,2021-11-19 22:41:22,1,1,0,老师对学生要求挺高的，会存在很犀利的语言，如果获得了他的表扬似乎是一件挺荣幸的事了～
143163,1391,高在峰,2021-11-20 10:48:23,5,5,0,最后评分不尽人意，不知道为什么只有这么点分
143171,1391,高在峰,2021-11-20 11:47:18,8,9,1,这条anti高赞评论。\n\n并没有感觉到功利，也并不觉得固执，没觉得他有什么人际关系很难处理。\n\n上课内容干货很多，课不硬，很实在，可惜本人愚钝不怎么学得进去。\n\n私以为仅仅因为给分低而给老师差分不是非常理性的选择。\n\n确实，想要得到他的认可不容易，但是他给出赞赏的时候也很大方。\n\n本学期有一份单人份小作业，一份期末合作大作业和一份报告，心理实验（有上限）推荐抢也推荐做。\n\n可能有的人觉得是鹅颈，但是单纯做心理实验也是挺奇妙的体验，指不定还能挣个八十块钱。\n\n小组合作组员就算拉垮终评也有互评，一般都是相互拉满除非组员摆得太离谱，组队也纯纯靠自己。\n\n期末那个大作业做的不完美亲测不完全影响绩点（前提不要太烂），可以靠其他地方补，这门课显然你想摆也可以摆，水个两千字谁不行（严格控制字数的报告）。\n\n但是高在老师真的很可爱，看得出他是尽心尽力了想要交给我们一些生活的实用型知识，也在学校政策范围内给出了最好的成绩。\n\n不是满绩，没有鹅颈，最后报告是对着ppt努力翻的，猛然发觉自己错过高在的课也错过了不少。\n\n他是个好老师，希望评论区的同学友善一些。
143172,1391,高在峰,2021-11-20 12:33:08,2,3,1,其实课还挺有意思的 上了课后时不时就来一句“这不符合人类工效学啊”，把室友也带会了。\n\n至于绩点感觉也还合理吧，第一次作业分数平平，小组作业展示爆炸，甚至被评价为“人类工效学灾难”，大概分数是所有组最低，最后总结好好写，分还挺高的，加上心理学实验做满，最后4.5，感觉有被捞！\n\n事情稍微有点多，但完成难度真的不高。\n\n\n\n不管怎么说 个人认为都是好课啊，老师也挺和善的！\n\n\n\n就是真的不知道为什么这么多负面评价..
143193,1391,高在峰,2021-11-21 08:31:29,-1,1,2,课很有意思，老师也很好。但对于那些觉得自己努力就能拿高绩点的人来说，快逃。课程分数不确定性挺大，打分会让人看不懂，但是会捞一下人。
143342,1391,高在峰,2021-11-23 16:43:56,3,3,0,评分方式确实让人看不懂
143634,1391,高在峰,2021-11-29 10:51:48,6,6,0,有一个好的小组显得太重要了，我心理试验做了，论文认真写了，但小组实在太拉胯最后3.3，供参考
144253,1391,高在峰,2021-12-21 02:50:23,1,3,2,人类工效学最后绩点4.2，秋学期的课，作业不多，自己做个ppt，然后就是小组活动、小组展示，事情很少，最后写一个结课感想，就是说说自己在小组活动中收获了什么，结合课本知识，再提一些对于课程的建议。课程很有意思的，老师也很有激情，我觉得这真的是很值得上的一门通识，真的算是一个可以放松的课程。
151010,1391,高在峰,2022-02-22 02:42:00,0,0,0,上课有自己的想法，思路开阔，不拘于形式，会充分利用各种资源为学生提供各种锻炼
159548,1391,高在峰,2022-08-08 09:00:53,-1,1,2,心理科学探索1，很轻松有趣的课，主要是可以认定劳育。不过除了一次小作文差一点没满，每次点名都到，最后分数只有90？虽然是专业课，但是给分疑似有正态。
162164,1391,高在峰,2022-11-17 07:25:54,0,3,3,组队不慎，给分极差，努力做完，认真写文被绩杀，人麻
162186,1391,高在峰,2022-11-17 11:43:00,0,0,0,选了人类功效学，仔细听的话超级有趣捏，老师简直是我的嘴替，喜欢吐槽的同学们不要错过这个课哦，主要是发现生活中不合理的设计，上了这门课觉得会很留心生活的捏，而且只要你把两次作业认认真真的做好，论文认认真真的写好，上课多发言，一定会收获比较满意的成绩哒！
162194,1391,高在峰,2022-11-17 13:08:27,0,1,1,小组表现那么好，还被卡绩了，垃圾
163857,1391,高在峰,2022-12-16 08:59:34,0,0,0,高在！！高在的课还算有趣吧，用心听听还是能学到很多的。小组作业认真做，认真搞展示，分不会低的。总体还是很推荐的！
166603,1391,高在峰,2023-01-13 03:29:27,0,0,0,作为工业设计学生，感觉人类工效学的很多知识可以加深自己对专业课的理解。不错的通识课，最后展示的PPT被高在夸赞啦，绩点也是符合自己的期待(^_^)
183544,1391,高在峰,2023-11-27 08:42:10,0,0,0,高在上课比较有趣
183550,1391,高在峰,2023-11-27 09:31:39,0,0,0,大一秋学期学了人类工效学这门课。每堂课都到，但长期摸鱼，有两三次发言，实验拉满，小组作业成果不错，论文认真写，不是组长，最后4.5，个人觉得很满意。这门课不算水，能学到一点东西，但时间也不算花的太多。高在批评起来不留情面，但是是一位负责任的好老师。前面的评论中的一些问题在这次课程中都有改善，相信后面的同学能听到更好的人类工效学。（不喜欢发言的朋友挑几节课坐前排！抓住机会说几句就可以啦！）
183560,1391,高在峰,2023-11-27 11:19:37,3,3,0,劝退，目前绩点最低hhh 感觉老师很浮夸 分组也很离奇
183582,1391,高在峰,2023-11-27 12:50:09,0,1,1,慎选吧，，，给分不是很好。我是看了之前这么多好评才选的，结果。。。这个课老师特别认脸，最后大作业画的时间也很多，还要规定做心理被试五个小时作为加分，很浪费时间。通识课的话还是尽量选更好的老师，对比起来更好的老师对自己的收获不仅仅是在学习上，而是对整个自我的价值观，以及自信心、包容心等有很大的提升。人类工效学不推荐。
183698,1391,高在峰,2023-11-29 01:39:28,0,0,0,高在，我的捞王。强推这门课，无论从老师讲课风格还是内容上它都是我想象中大学课程的样子，最后给分也相当友善，感恩
183752,1391,高在峰,2023-11-29 14:30:28,1,1,0,客观评价：给分一般。就干了4.5的事，收获了4.5的绩点。小组挺重要的，然后期末论文最后的课程建议，建议好好写，感觉本人就是这块写的太少被扣了。课程还蛮有意思的！也给我一种新的思考思路吧。（鹅颈还是有，但没之前说的那么严重，本人课堂未发言最后4.5，供参考）
184054,1391,高在峰,2023-12-07 11:07:10,2,2,0,人类工效学课；上课很有意思，但给了很不友善的分数，上课可以快乐摸鱼，最后课题报告和小组作业还是要听点课才能拿高分的；上课发言加分和心理学实验加分能争取还是争取一下吧，最后你的绩点是4.5还是3.6就差在这种地方\n\n不过老师第一节课说他不定期点名结果后面一次也没点过名
185419,1391,高在峰,2023-12-29 05:25:40,1,1,0,课很有意思，给分要看组队和作业论文，也要做心理实验，上课尽量多发言，想摸鱼的慎选叭
216945,1391,高在峰,2025-03-30 06:10:17,2,2,0,工程心理学与实验，我只能说累死。。。
221698,1391,高在峰,2025-06-25 09:54:19,0,0,0,给分确实挺好的，就是太累了，只适合想要保研的同学
698,1791,符德江,2015-03-15 15:49:17,31,63,32,幽默风趣，人格魅力。
1361,1791,符德江,2015-03-22 00:58:21,25,48,23,真心好！老师一个话题接一个话题，过渡得如行云流水，引人思考而且听着很享受。后几讲会涉及书上内容。论文只要写出真实感悟就好，给分不错的。
2280,1791,符德江,2015-04-16 08:24:32,1,7,6,讲的很有趣，认真听也很有启发
2376,1791,符德江,2019-01-25 10:06:18,34,59,25,很能扯。。。不知所云。。。。\n\n
2773,1791,符德江,2015-05-07 06:24:00,21,32,11,神棍 给分呵呵
3198,1791,符德江,2015-05-20 12:24:47,-1,4,5,挺棒的！
3590,1791,符德江,2015-06-17 01:44:43,6,11,5,挺好的老师，很有想法
3802,1791,符德江,2015-06-17 04:41:18,10,21,11,老师很有思想 只是觉得自己思维深度不够 跟不上老师
4262,1791,符德江,2015-06-18 12:07:32,-1,5,6,讲的不错
4598,1791,符德江,2015-06-25 01:33:45,22,40,18,老师的确讲的是心理学及应用，偏哲学\n\n一般人是听不懂的。\n\n一个班大概捉到老师灵魂高度的，大概也不超过10。
5239,1791,符德江,2015-07-06 03:25:22,7,13,6,非常生动的课堂体验
10732,1791,符德江,2015-11-23 03:40:18,5,11,6,不听后悔
10863,1791,符德江,2015-11-23 07:38:36,19,34,15,浩浩乎如冯虚御风，而不知其所止；飘飘乎如遗世独立，羽化而登仙
11130,1791,符德江,2015-11-24 11:55:39,1,4,3,挺不错的
11242,1791,符德江,2015-11-25 14:34:53,1,7,6,幽默风趣，自称全名，段子手一名。
11569,1791,符德江,2015-12-06 04:48:53,-5,2,7,哈哈哈哈
14345,1791,符德江,2016-01-06 12:35:04,1,4,3,讲的很棒，听得舒服
18593,1791,符德江,2017-04-29 04:50:13,9,14,5,很喜欢 就是讲的很好 虽然最后给分并不那么好 但是还是蛮高兴的 很值得上的课
18601,1791,符德江,2016-01-22 06:06:26,13,21,8,跟其他的通识课比起来给分不算高，但是比很多通识课有意思得多得多得多～【成绩似乎主要看最后的论文，平时课上有类似签到的东西】
18650,1791,符德江,2016-01-22 08:32:50,2,8,6,心理大师，人格魅力
19658,1791,符德江,2016-01-25 04:39:39,7,10,3,符老师是个信息量很大的人●ｖ●心理学及应用均绩不高，如果选了大概是真的喜欢，一点要好好吸收老师的智慧
19789,1791,符德江,2016-01-25 09:19:06,1,4,3,超级有人格魅力的老师
21170,1791,符德江,2016-02-25 02:45:36,2,8,6,内容偏哲学，比较晦涩难懂，有趣还是挺有趣的，给分是我大一上学期所有课最差的呵呵
22096,1791,符德江,2016-03-02 10:35:01,2,5,3,比较幽默，男神级别的感觉，知识渊博，据说很喜欢编程，上课不经意间就把你带到课堂里了。
22945,1791,符德江,2016-03-15 04:42:13,2,6,4,老师是个段子手
24718,1791,符德江,2016-05-03 07:48:26,22,36,14,竹影扫阶尘未动，月穿潭底了无痕
24953,1791,符德江,2016-05-04 12:08:17,4,9,5,讲得好，给分差
25063,1791,符德江,2016-05-05 05:56:55,2,5,3,给分不太好，上课不错
25293,1791,符德江,2016-05-09 10:12:31,1,12,11,说实话在心理学及应用上没学到什么干货，感觉老师一直在强行秀自己的思维深度，把不复杂的东西装得很玄。
26054,1791,符德江,2016-06-15 08:48:59,-5,9,14,尽是胡扯，忽悠能力一流
33241,1791,符德江,2016-09-16 10:22:41,11,21,10,诶不是我说，有些同学真的很喜欢把自己听不懂的东西看做是老师装逼诶，毕竟老师心理学博士生，而我们没有那么深的接触过心理学。我觉得老师讲的很好很好啊。
35213,1791,符德江,2016-11-05 12:23:02,15,24,9,你很酷，我想跟你玩
41633,1791,符德江,2017-01-12 09:25:41,-9,9,18,老师上课很有深度，引导你进行思考，对于真正感兴趣想学的，这是一门很值得的课，比现存的大多数通识课都更有意义。然而，如果是那些认为通识课的意义是轻松、水、好拿分的，还是算了吧。客观来说，上4还是很容易的，4.5需要更用心一些。老师是一个好老师。
44290,1791,符德江,2017-01-17 14:19:19,4,20,16,努力去听、几乎没有收获，我说服自己，凡有所学、皆成性格，逼迫自己去听那些玄之又玄、昏昏欲睡的内容，但是回头去看，太不值得每周去浪费3个小时，这不是真学问，对我没有价值。至于分，垃圾。
44879,1791,符德江,2017-01-18 12:28:12,-2,5,7,绩点是真的不怎么样，虽然很用心地把论文写了。
49136,1791,符德江,2017-03-27 11:09:21,-9,6,15,自以为是。
50247,1791,符德江,2017-05-02 02:50:31,11,15,4,수업내용은 알차고 좋습니다. 논문 한편만 쓰면 됩니다. 매일 치엔밍 있습니다. 점수는 짭니다.
50577,1791,符德江,2017-05-03 15:24:50,8,10,2,老师讲课幽默风趣，自成体系，而且和学生交流很多哦。上他的课会很有趣的，如果你真正去听而不是水的话
50611,1791,符德江,2017-05-04 01:21:15,-3,7,10,? 绩杀
50629,1791,符德江,2017-05-04 02:40:20,-7,6,13,很水很扯，想学东西的千万别来，巨坑勿入啊！
50682,1791,符德江,2017-05-04 08:31:29,1,6,5,给分不太好…
50844,1791,符德江,2017-05-06 15:01:44,25,38,13,在选他的课前请想好你的目的是什么。如果你是单纯要上一门水课，那你就选吧；如果你是要听人瞎扯，那你就选吧；如果你有足够多的时间并想体验一下心理学实验，那你就选吧；但是如果你想系统学习教科书上的心理学基础知识，那劝你选这门课的其他老师吧。
52101,1791,符德江,2017-06-15 00:25:04,11,14,3,一开始是搞错教室才上了符老师的课，一发不可收拾，听了 秋+冬 整整两遍课程，每节课都有新启发。本以为自己不爱学习，没想到会迷上听课。后来出国交换才停了，不然想一直听下去。
55564,1791,符德江,2017-07-02 02:15:29,8,11,3,人格魅力，大一上完通识念念不忘，大三工科的我从玉泉跑到西溪上他的课
59380,1791,符德江,2017-09-21 05:43:42,6,8,2,超级爽
64952,1791,符德江,2017-12-28 04:40:50,2,4,2,极致思维提升
65550,1791,符德江,2018-01-06 00:12:29,18,24,6,上他的课就像是成了一位意识流的作家，思想一直在流动，不会停止，上他的课，学到的不仅是心理学方面的知识，还有人格魅力和为人的生活态度
65991,1791,符德江,2018-01-11 00:34:12,17,27,10,老师的课很有深度却不枯燥，就算内容不太容易理解，但他总能让你非常愉快地听进去。极富个人魅力和演讲功力。另外，这是我见过的惟一一位每节课下课后都能获得同学们最热烈掌声的老师。
70226,1791,符德江,2018-01-26 09:09:03,-3,5,8,感觉自己的灵魂在飞
70427,1791,符德江,2018-01-26 23:01:49,-22,6,28,垃圾太垃圾
70480,1791,符德江,2019-01-05 04:53:49,-23,9,32,垃圾 大垃圾
70503,1791,符德江,2018-01-26 23:00:41,3,6,3,点名的方式很特别。很有人格魅力。学到多少看个人。
71911,1791,符德江,2018-01-29 05:35:10,10,12,2,分低，，伤心
74218,1791,符德江,2018-02-07 02:11:03,5,10,5,深深浅浅，收获挺大，给成绩有点不知所以然而已…单独询问也只是答非所问，可能也是常态啦。论文这种事哎…
75190,1791,符德江,2018-03-08 02:31:41,8,11,3,老师的课真的没的说，上得太好了，可能不是那么容易理解，但是去听了，每个人都能听出自己的理解。老师上课还提到每个阶段会有不一样的感受，以后应该会每年去蹭一次课的哈哈。作业只有论文，好好写，写出自己感悟，分也不会太低。
75762,1791,符德江,2018-03-16 13:17:05,-1,6,7,浙大人的人文素养难道不足以判定这样一个老师的优劣吗？
76899,1791,符德江,2018-04-25 12:53:11,-19,10,29,歧视女性，还包了个壳子，说自己不歧视但是言语里充满了鄙夷。歧视同性恋，一边说自己没意见，一边说自己性取向正常，所以同性恋就是不正常吗？
78087,1791,符德江,2018-05-09 09:50:30,2,6,4,get不到点，打分机制完全不明确
78105,1791,符德江,2018-05-09 10:30:28,4,6,2,对心理学不感冒，但上课氛围好，老师思维很开放，完全不像有年代差，要做心理学实验有点麻烦
78175,1791,符德江,2018-05-10 00:51:08,26,37,11,“我是谁？”\n\n“心理学正宗第五代传人”\n\n“错了！我是符德江”\n\n…\n\n标准动作：哈哈大笑～
93424,1791,符德江,2019-01-09 13:08:36,2,5,3,哈哈大笑就完事了
93430,1791,符德江,2019-01-09 13:58:13,13,22,9,我一直觉得，听这种偏哲学类的课，你的思想层次在哪里就能听到什么。老师真的尽力把高深精妙的人生哲学或是心理学道理用很形象的生活中例子说出来。每节课都会引起很多很多共鸣和思考！最后一节提问课，老师用超级温柔细致的讲解解决了一个困扰我很多年的问题。超级喜欢老师，崇拜老师，感谢老师！我觉得这才是大学通识课的意义，跟不同领域的有深度的灵魂对话，太幸福了！（虽然有一些真的听不懂）
93533,1791,符德江,2019-01-10 07:57:28,3,5,2,进大学来最喜欢的老师，亲切可爱，天真却深刻，我好想再上他的课啊啊啊啊啊！
93982,1791,符德江,2019-01-14 14:30:20,2,4,2,上浙大以来最喜欢，最有深度的课
96062,1791,符德江,2019-01-20 12:10:46,1,7,6,心理系最棒的老师也是我大学最喜欢的老师，给差评的大多是低分。                          老师属于讲的好，给分低的类别。建议想学知识思想的选，苛求绩点的没必要选，更没必要给差评
99575,1791,符德江,2019-01-25 03:36:54,0,1,1,给分差 上课挺有意思的 有些玄乎
99661,1791,符德江,2019-01-25 04:37:59,-4,4,8,老师人很风趣，课的含量很高，给了我很多启发，最后论文我写的是散文，关于语言和意识流动的，刚好两千字，4.5，感谢老师拉高我GPA！
99668,1791,符德江,2019-01-25 04:47:28,7,8,1,给分有毒
99676,1791,符德江,2019-01-25 04:49:36,0,1,1,老师知识很渊博，讲课很有趣。
99732,1791,符德江,2019-01-25 05:55:23,6,7,1,给分不好，绩杀
99782,1791,符德江,2019-01-25 07:19:50,0,5,5,论文刚过2000字...4.5，感觉成绩和字数关系不大，还是看内容的。这学期最喜欢的课...感觉能提升自己的思维深度，升华人生观...值得选或旁听
99870,1791,符德江,2019-01-25 08:53:28,2,2,0,很好的
99923,1791,符德江,2019-01-25 09:54:28,0,2,2,不知所云
101837,1791,符德江,2019-01-29 08:41:58,3,4,1,老师人真的很不错，但最后期末认认真真写的学术论文得分比硬吹课堂彩虹屁的少很多就很不理解了
104183,1791,符德江,2019-03-13 14:59:08,-5,5,10,没有恶竞，老师讲的听起来不是那么硬核，但是本来就是通识课又不是导论课，主要是启发和产生兴趣的，当然对能接上老师高度的又是另一种。老师看论文绝对看题材的，我同学写了一个很心理学的水文只有3分多，我从文字艺术和区域文化发展来推心理学，老师还给了建议，最终4.5分，浙大难得这么好的老师。境界是真高。
104438,1791,符德江,2019-03-20 14:00:24,14,18,4,旁听了老师的几节课，深深感受到了老师饱读诗书的同时又拥有万贯家财。如果老师家境真的如此优渥，学生斗胆希望老师多拿出一些钱来帮帮山区的孩子们。另外，老师您关于品味的看法恕我不能苟同：价格确实在一定程度上能够反映产品的质量，但是我想问老师感受艺术、欣赏艺术一定要通过一款豪华的耳机才能算为有品味吗？一个人购买越贵越精致的物品品味就越高吗？另外，一款奢华的杯子可能对您来说真的很重要，尚且不考虑很多同学生活费相当有限，请问您认为我们学生阶级是应该将更多的钱花在您所谓的提高自己“品味”的物品上面，还是花在提升自己能力、塑造自己内心上面呢？
104767,1791,符德江,2019-03-27 11:06:50,0,4,4,九字真言：\n\n符德江！符德江！符德江！
105483,1791,符德江,2019-04-15 06:52:52,6,7,1,感觉太扯
105634,1791,符德江,2019-04-17 14:21:42,-1,1,2,很棒很喜欢！！！有些知识不进我的脑子但是很喜欢老师的讲课风格
106961,1791,符德江,2019-04-30 12:30:39,7,10,3,给分真的差，认真上了课，每次点名都到，论文认真写了，实验也都做了，结果还是3.3，真的无话可说。
106966,1791,符德江,2019-04-30 15:58:43,2,4,2,一般般吧
106971,1791,符德江,2019-04-30 13:05:18,3,6,3,无聊。
106996,1791,符德江,2019-04-30 15:30:59,8,13,5,实验时间全满，签到全勤，最后给了3.3。完全不知道评分规则，对于论文，意识流的，造高楼的拿了高分。好好论证，务实规范的拿了3.3。规则制定者随心所欲为所欲为，讲课如此，给分亦如此。
107009,1791,符德江,2019-04-30 16:47:02,-1,2,3,是很有知识涵养的老师啦，上课认真听，文章形式不限，老师看中学生自己的理解和想法，很OK
107257,1791,符德江,2019-05-02 17:17:46,-12,6,18,老师很好！给我论文提了建议，最后4.5！提示：心理学选题要新，要有切入点。其他给低分的同学也许是老老实实论证了，但是这样的论文太常见了，没有新意，感觉是拼拼凑凑的假文献综述。论文这样的话为什么要要求老师看几百篇这样的论文还要给你高分？
107487,1791,符德江,2019-05-06 00:41:11,3,7,4,心理学垃圾
116457,1791,符德江,2019-09-11 00:14:38,-2,1,3,老师人很幽默！认真回答同学问题
116580,1791,符德江,2019-09-12 01:21:58,0,4,4,觉得这个老师好的，很有可能之前并没有任何的这方面的积累，才会对心理学有像符德江那样的偏见
117039,1791,符德江,2019-09-18 12:57:27,8,11,3,瞎说八道，随便给分。
118233,1791,符德江,2019-10-23 10:56:58,2,4,2,就讲的课来说满分
119789,1791,符德江,2019-11-16 00:20:50,8,9,1,点名收集学生各类信息，上课玄学，实验做了，论文认真了，每次都到课了，给我3.0？？？
119812,1791,符德江,2019-11-16 02:09:37,13,13,0,论文花了那么多时间写，也写了很多，给分真是不堪。
121411,1791,符德江,2019-12-16 09:26:39,2,3,1,也许是因为我断断续续听的，感觉老师东拉西扯，讲得很多听不出与心理学有什么关系（所以我也就断断续续听了），我自己而言觉得老师给分还是可以的，或许是运气好。
126271,1791,符德江,2020-09-21 13:36:31,7,9,2,上课不知所云，东扯扯西扯扯，除了心理学知识什么都讲，挤挤全是水。
126835,1791,符德江,2020-10-22 12:13:37,0,4,4,我爱符德江
126970,1791,符德江,2020-10-31 10:39:23,-3,2,5,实话说，第一课对我的影响就是使我有点怀疑人生，怀疑世界，怀疑我个人的存在。老师的课就是那么玄。但是老师讲课的方法很奇异，也很新鲜。老师讲的话题，一个接一个，形成一种隐形的大网。你每次上课都有一种新的了解，新的认知。老师的课会改变你对人生的看法。建议选这门课 😀
127542,1791,符德江,2020-11-24 06:53:04,0,0,0,3.9啥概念
127587,1791,符德江,2020-11-24 17:09:47,3,4,1,绩点3.0也是服了
127594,1791,符德江,2020-11-25 01:36:55,24,27,3,给分真的迷，有标准吗？全程懵逼
127606,1791,符德江,2020-11-25 03:12:11,6,7,1,上课时意识流的讲课方式，当故事来听的话会蛮开心吧，但想想自己想来学点心理学就有点伤，完全不知道他故事里的内涵，说实话有点隐晦了。\n\n最后成绩应该基本看论文，很认真准备的，写的蛮有学术感的，但被绩杀了3.3～应该是没有意识流感觉不受喜欢了，后来看了大家的评论才知道他prefer的方向\n\n总的来说有点失望
128483,1791,符德江,2020-12-23 11:00:13,11,12,1,不行不行 别选！！！
128848,1791,符德江,2020-12-26 03:41:22,-2,1,3,只能说一定要预习，一定要认真卷
129190,1791,符德江,2020-12-31 03:54:58,7,7,0,事很少，课很水，给分是真的一般
130395,1791,符德江,2021-01-22 01:34:23,10,11,1,真的学不到什么东西全程胡扯 给分也一般 各位慎选
131250,1791,符德江,2021-01-27 00:13:58,12,15,3,讲的内容真的是在东拉西扯没有营养。有人吹他讲的有哲学的内容，那我只能说是还没有真的接触过哲学的东西。哲学是可以不够正统严肃，但是他的想法没有和哲学扯上一点联系。还总是讲一些莫名其妙的故事还有自己用心理学推测别人心理的。但是我又不是这个专业的，你这样讲我什么也学不到。水一水没问题，给分也真的不行。我次次都到，实验也做，交的论文写了四千照样3.3被绩杀。正是因为这几天出了别的通识课满绩还有4.8的专业基础课，我越想越气。老师给分真的不行。快逃
134329,1791,符德江,2021-03-24 02:35:54,3,4,1,呵呵，讲故事挺牛，绩杀！
134770,1791,符德江,2021-04-14 12:44:08,-1,5,6,就一老头而已，而且还是个讨厌科技发展的老头，思想就跟那群过时的家长一样，抵触一切新颖但是存在风险的事物，作为计算机专业学生上课感觉躺着也能中枪，推荐工科的学生不要选，选了就是自取其辱。\n\n上这课本身也没有任何意义，讲话内容跟我家里奶奶讲的东西如出一辙，甚至我觉得我奶奶的思想觉悟比这老师高了不知道几倍，上课还不如在寝室里睡觉来的有意思
135098,1791,符德江,2021-04-30 08:57:51,0,2,2,老师讲的挺好的，讲的也很有深度，每节课都能有所收获。但给分确实偏低
135112,1791,符德江,2021-05-01 01:27:25,6,6,0,给分不好
135929,1791,符德江,2021-06-03 15:09:38,6,9,3,这老师的通识课不行 想学东西的别来 想被🐔杀就来
135930,1791,符德江,2021-06-03 15:12:45,5,8,3,快逃！
136395,1791,符德江,2021-06-17 10:35:32,1,6,5,讲道理，一门与心理学有关的短学期通识课，受众是各个专业的学生，有些人不会真的想在这堂课上学到很多系统的心理学知识吧？我上课的那个学期老师第一节课就问过我们想听哪种讲法，是偏哲学的讲生活中心理学的应用还是偏理学类的把心理学用到的数理知识和研究方法讲出来，前排好几个文科的女生说想听前者，老师就按前者讲了，我觉得效果还可以，的确激发了同学们的兴趣，我自己结合生活实际也算有所收获，这对于一门心理学相关的短学期通识课已经够了。在最后一节课，我问老师如果想学心理学知识能不能辅修心理学，老师说辅修的用处不是很大学不到太多，弄不好还影响主修，如果真的感兴趣，建议考研时跨考心理学。所以心理学真不是有些人想的那么简单一次短学期课就能学到什么的，老师这种讲法对一些偏文的同学有好处，大家自己权衡利弊吧。
140722,1791,符德江,2021-09-15 10:41:47,-1,1,2,太幽默了，bdbd
142057,1791,符德江,2021-11-05 02:37:36,2,4,2,心理学及应用事情很少
142142,1791,符德江,2021-11-07 15:10:37,0,2,2,老师讲课有趣幽默，故事很多，尊重学生。课程轻松，全部任务只有一篇论文
142469,1791,符德江,2021-11-12 02:27:48,3,3,0,数据结构课上成了玄学课，讲的东西莫名其妙，云里雾里，而且还莫名自信。\n\n班里有个人选了计算机学院的数据结构替代这门课，大家能跑的也快跑吧，别在这里浪费时间。
143281,1791,符德江,2021-11-23 01:08:39,5,7,2,瞎扯就是哲学？热评真搞笑
143385,1791,符德江,2021-11-24 23:40:34,1,3,2,sb老师，绩杀怪
143388,1791,符德江,2021-11-25 01:36:51,4,5,1,没作业，一次论文，绩杀
143389,1791,符德江,2021-11-25 01:48:00,0,2,2,老师上课任务很少，虽然我去了不怎么听，期末交一篇论文，个人认为用心写了最后绩点上4。总体来说还是不错的，老师从不点名，来去自如👐🤲🤲🤲🤲
143401,1791,符德江,2021-11-25 05:28:07,9,10,1,老师讲课是把一些大道理揉碎进小故事里。现在听就是一滩水，但如果用心感受真的可以收获很多——个人来说他改变了我不少的看法：一是先管理好情绪，然后是精力，最后才是时间；二是他对于人工智能要想真正立于不败之地，必须是能真正触及我们的intention（意图）——目前以及未来很长一段时间都很难做到；三是如何真正做到专注；四是如何将知识融会贯通。\n\n关于大家最感兴趣的绩点问题，提一些建议：\n\n①老师不喜欢过于专业化的论文，因为非心理专业或者大一新生很难真正写出专业的论文。\n\n②个人建议写散文，而且一定要显示出自己的独立思考，对社会、对情感等等\n\n③尽管每节课都点到，但给分就看最后论文。至于来不来课都看自己了（第一节和最后一节一定要来）\n\n\n\n最后绩点4.2…当时本来做好下3的准备了——但他吹的水着实精彩，当初只上了两节课的我跟室友放狂言：“他就算给我0我也值了。”当然，对于老师讲课内容究竟有多少价值，见仁见智。\n\n如果选上了，“逃”不了了，不妨以此为契机：要么看看一个人能有多会吹水，于是干脆逃掉；要么顺着他的思路去思考，去阅读相关书籍。
143564,1791,符德江,2021-11-27 05:24:09,3,3,0,被绩杀了，上课讲的不知所云，评分完全靠他感觉，反正我认为论文写的蛮认真的，但是给分太惨了
143608,1791,符德江,2021-11-28 15:09:30,3,3,0,emm给分真的挺差…差点就到正态线下去了…说实话 老师上课我确实听不太懂 就感觉飘飘乎如凭虚御风？？？老师举的一些例子我也…满脸问号❔或许真的不太适合搞这种心理学吧 但是课是真的挺水 事情也是真的少…最后论文个人觉得写的很认真，但没办法，老师貌似不太喜欢，所以给分也就可想而知了…
143741,1791,符德江,2021-12-04 01:06:21,4,6,2,老师人挺幽默的，上课内容虽然说不是很专业的心理知识，但是心理学及应用本来就是一门通识课，面向各个专业学生来讲太专业的知识可能效果反而不好，而且老师讲到的一些知识改变了我之前的一些认知，比如不同的人有不同的记忆模式。总之感觉大有受益。
143759,1791,符德江,2021-12-30 01:57:35,2,5,3,对分数的评判仅凭期末的论文，完全无法全面考察学生的能力，给分低，要绩点别选。\n\n老师人挺好。\n\n卡绩痛苦面具。
144045,1791,符德江,2021-12-16 17:40:40,2,6,4,长期脱离一线，讲出来的所谓“哲学”能有什么价值？完全是个人的自嗨和臆想
144070,1791,符德江,2021-12-17 07:57:04,7,9,2,感觉有点性别歧视，虽然自称没有。非常爱分享自己的经历，比如买了多贵的电脑诸如此类的云云。讲得一般喜欢推锅给学生，说是听的人水平不够。但通识课真的没啥事，只要去签个到最后写篇论文就行
160512,1791,符德江,2022-09-25 07:28:12,3,4,1,三年了我还是忘不掉这位老师，当初本来是很期待这大学的第一门课的，结果讲的乱七八糟又绩杀，不想教课可以不教
161436,1791,符德江,2022-11-07 03:13:47,0,3,3,我强烈推荐符老师的心理学及应用这门课，老师不会按照书本的内容来讲心理学，而是一个有一个生活中的小故事，来告诉我们怎么去生活，怎么去布置婚房，怎么去找女朋友等等，我是2022年上的这门课，可能以前有很多人对老师评价不太好，符老师也在做出改变，把自己的年龄降到27岁，来贴近我们的年龄，让我们更好的理解老师闭关读书十几年所领悟到的人生哲理，，他非常的风趣幽默，上他的课我从来没走神过，如果你不用心去领悟，你或许会觉得这门课很水，但是认真听讲真的会学习到很多有用的思想，这些或许不会立竿见影的产生效果，比如拉高绩点，但是会潜移默化的影响你的人生。老师在第一节课上也说明了论文要求，就是自己写出自己的感悟，不要去引用太多高深的知识，我们非心理学专业的学生达不到那样的高度。至于正态分布老师也没办法，所以选课前想清楚，你想要的是什么。
162234,1791,符德江,2022-11-18 04:48:09,1,3,2,老师讲课是没的说，真的非常棒，的确和心理学本身关系不算特别之大，但是讲课行云流水一气呵成，也真的收获了很多\n\n听他的课是不亏的，也可以课下和他聊聊天！\n\n但是有一件事需要注意的，符老师给分真的迷，好像不太喜欢给高分，如果很想要绩点建议智云旁听这门课。
171033,1791,符德江,2023-03-14 15:50:15,9,9,0,评一评心理过程仿真算法这门课。上半个学期下来，感觉浙大心理系真的没有这门课存在的必要了。上课不知所云，前几节课故弄玄虚地东扯一点西扯一点，讲了一些心理学的历史、定义什么的，还自诩为哲学，顶多就是fdj自己的人生感悟，毫无营养可言。后面又讲数据结构与算法，其实什么也没讲，还默认我们都懂了（可真是高抬我们了。作业也是一些和课程毫不相关的题目，还说什么课程思想都在里面。总之，心仿就是一门shit课，建议心理系的领导们赶紧取消这种无意义的课，还不如多安排一些心理学史课。
171102,1791,符德江,2023-03-16 02:44:22,3,5,2,有些人别在这儿侮辱哲学了，，，
180881,1791,符德江,2023-09-27 14:24:20,7,8,1,心理学及其应用水死了，简直就是fdj无聊人生经历加吹牛逼，两个多小时简直如坐针毡
181229,1791,符德江,2023-10-12 03:20:24,5,6,1,两个半小时的课是我一周最痛苦的时间
182034,1791,符德江,2023-11-08 14:04:40,-2,2,4,“一支笔把这个世界变成自己的，一支笔记录下自己的思想，一支笔在书上‘骂娘‘”，符老师的一些思想还是让我感触很深的，感谢符老师半学期来的陪伴。
182387,1791,符德江,2023-11-15 12:02:51,4,4,0,标准动作：哈哈大笑。当然老师会讲很多东西，但是并没有围绕一个主题，几乎可以说是唠嗑聊天，课程很水，两次作业只需要回答问题即可：1、先天性盲人能不能知道白天鹅长什么样？ 2、植物有没有意识？期末没有考试，只需要交一篇论文，不想写论文可以交一篇心得体会。声明这门课很水，上课完全可以干自己的事。
183296,1791,符德江,2023-11-23 13:15:15,4,4,0,被卡绩力
183328,1791,符德江,2023-11-24 00:43:04,3,4,1,老师真的很好，讲的很有深度，带你进行一场灵魂体验、哲学思考，用心听讲，用心悟，能悟到一些有价值的东西。我不知道为什么别人说给分不好，但我确实得了4.2的绩点😄
183356,1791,符德江,2023-11-24 05:02:25,6,6,0,8/10 老师是会点名的，会通过课前填表格的方式，说实话课程比较水。老师的经历比较丰富但是有很多观点不太能认可，而且有些了解的领域能听出老师其实也是一知半解，有吹牛成分在。最后4.2，感觉符合自己对课程和作业的态度（不过都88了为什么不能再给我一分让我捞个4.5呢TT），作业很少，基本就期末一篇论文。
184753,1791,符德江,2023-12-22 12:31:08,3,3,0,过于在于绩点的同学不建议选\n\n讲的东西蛮有趣的 适合思考
186010,1791,符德江,2024-01-07 13:37:02,2,2,0,总体来说，上课还是挺水的，课堂氛围也还比较轻松。\n\n但是，为什么绩点这么低啊，作业和论文明明都认认真真写了，课上也没有摸鱼，为什么分还这么低，真的会谢啊啊啊啊啊
199569,1791,符德江,2024-09-25 13:12:55,4,4,0,“人只能在路灯下寻找项链，在路灯以外的地方找项链，那不是傻子吗？”
199590,1791,符德江,2024-09-26 03:25:51,3,4,1,抽象得很，发言略有逆天。
201409,1791,符德江,2024-11-02 04:47:22,2,4,2,如果你本身对心理学和心理学在生活中的应用挺感兴趣的，那么请不要被这位教授现在7点几的评分所误导，我极其推荐你选这门课，每堂课都有种渐入佳境，仿佛心被甘泉洗涤的感觉，结业论文需要有自己的思考，那么对于你来说肯定是信手拈来，且给分很高；但如果你只是来水课的，那么极其不建议你选这门课，因为你会完全听不懂他上课在讲什么，以及他为什么要讲这些东西，结业论文也会成为你无法跨越的一道坎，因此你可能会给这位教授极低的评分。不过，且不谈他对于专业知识的炉火纯青，光是这位教授的为人就极富有魅力，我也上了这么多老师的课了，至少在我看来，这位教授是最值得被学生所敬爱的
202338,1791,符德江,2024-11-11 23:56:03,0,0,0,早上醒来顺手看了一眼手机，没想到心理学比我另一门课先出分了，于我个人而言，我本身对心理学比较感兴趣，符老师上课会讲许多自己的人生经历，或许你会觉得他在夸夸其谈，但是听进去也能收获挺多的，至少我在上课过程中解决了我许多之前心理上的疑惑。平时没有作业，期末一篇论文（这样考核让我担心了好久），上课氛围也比较轻松，如果对绩点要求不高，想汲取一些思想的话可以选。
202339,1791,符德江,2024-11-12 00:50:21,0,1,1,老师讲的课真的很有深度，我最后拿的分也不错。不过经常在老师课上写作业有点对不起老师……
202368,1791,符德江,2024-11-12 06:18:28,0,0,0,老师人还行，但给分比较一般，可能上课的条理比较一般，今天看到成绩还是比较失望的，毕竟我每次作业都有认真写，期末考完成的的也挺好，但是最后绩点这样我也很无奈……
203023,1791,符德江,2024-11-16 03:08:00,0,1,1,老师给分好
203211,1791,符德江,2024-11-18 04:58:45,0,0,0,还行的吧
203235,1791,符德江,2024-11-18 08:20:32,0,0,0,快跑，绩杀
205132,1791,符德江,2024-12-02 04:10:23,0,0,0,emm
206188,1791,符德江,2024-12-13 07:46:48,0,0,0,意识流讲课，真的很水。但是他就是喜欢卡绩这点差评
206921,1791,符德江,2024-12-18 11:54:38,3,3,0,老师人其实很好，可以感受到他是真心热爱教学的，不过上课方式不一定适合所有人且经常会有小作业（当做点名）ps.结业论文建议真情实感写
207557,1791,符德江,2024-12-23 05:06:55,0,0,0,中等偏上吧，上课可以说是比较有意思的，有点讲相声的感觉。作业也比较少，也很简单 期末一篇论文。但是给分相对而言相当正态，一般你认真和普通写基本都是4.2左右这样，如果渴望高分的话就不推荐了。
208125,1791,符德江,2024-12-26 00:50:31,0,0,0,符德江老师的课并不适合没有任何心理学基础的人来听。可以听得出符老师对专业知识具备系统且深入的认识，但由于其认识过于高深导致讲出来令人感觉“从心所欲”、意识流，没有心理学基础知识储备和一定深度的思考与人生体悟去听他的课再怎么听也听不到什么东西。会有一种“听不懂但大受震撼”的感觉，总之就是对不上电波。
215376,1791,符德江,2025-02-25 13:05:54,0,0,0,一个很好很好的老师（暂且不论给分之类的功利性问题）\n\n既然要选水课，为什么不选有意思的课？如果单纯为了水分那别选，很无聊。如果上课只是玩手机写作业，那别选，很无聊。但如果你想认真听听，顺着老师的思维，那就是非常棒的人生哲学课（以心理学视角）。讲通了我很多思考过但是没有结果的事情，三观很正还不死板，与时俱进，很对我味，感觉每次上完课后心灵都能变得澄澈一些。对自己的一些思想观念更坚定了，也对自己的一些思想观念有了新的认识，有了新的改变。\n\n总结:听听对人生观有好处的
218477,1791,符德江,2025-04-24 03:18:53,0,0,0,老师挺风趣幽默的，认真写了论文最后拿的成绩也不错
218519,1791,符德江,2025-04-24 06:42:41,1,1,0,挺好的老师，虽然被卡绩了，但4.2也符合预期
218541,1791,符德江,2025-04-24 10:29:52,0,0,0,还行，中规中矩，我论文抄的也给了4.2
218557,1791,符德江,2025-04-24 14:05:12,0,0,0,老师人挺好的，确实幽默风趣，可以不用买教材（毕竟一点也不讲），我认真写的论文但是绩点不高
15006,1881,沈模卫,2016-01-11 13:12:31,0,5,5,系主任爷爷 必须讲的好
21844,1881,沈模卫,2016-03-01 08:09:00,2,4,2,沈爷爷棒棒的
24584,1881,沈模卫,2016-05-02 03:52:02,-1,0,1,还行吧\n\n
30690,1881,沈模卫,2016-07-02 08:19:01,-1,4,5,很严谨的一个老师
38052,1881,沈模卫,2016-11-24 00:31:12,5,8,3,四个半小时的认知
38924,1881,沈模卫,2016-12-20 01:57:28,-1,0,1,爷爷棒棒哒?
46874,1881,沈模卫,2017-01-22 15:05:12,2,3,1,沈爷爷讲课挺好哒～
54102,1881,沈模卫,2017-07-17 13:49:32,6,11,5,工作记忆系
57914,1881,沈模卫,2019-01-26 04:28:49,4,5,1,工作记忆
58538,1881,沈模卫,2017-08-31 16:09:36,6,8,2,组块绑定
65093,1881,沈模卫,2017-12-28 15:47:13,0,2,2,老爷爷挺好的，讲话中气十足，人很好
131341,1881,沈模卫,2021-01-27 06:48:56,0,0,0,，，太难了
152111,1881,沈模卫,2022-03-27 06:24:57,1,1,0,希望课程能更贴近时代需求
155305,1881,沈模卫,2022-06-10 12:13:37,5,6,1,统计理论水平有待提高
176558,1881,沈模卫,2023-06-30 01:20:56,5,5,0,给助教gg十分捏 考前耐心回答我的问题 期末拿了98
177033,1881,沈模卫,2023-07-01 08:07:50,5,5,0,同上 给助教哥哥十分，心统1 95，心统2 94。助教哥哥人真的特别好！！ 讲课不如自学，教材也很烂。
178951,1881,沈模卫,2023-08-05 01:26:41,3,5,2,https://mp.weixin.qq.com/s/5j6WKe6gouhxDn7nmic8gw\n\n\n\n在一个夜晚，当时心理系的所有男生（一共二十几个）都被叫出去拉飞机。飞机太大，只能拆卸成机翼、机身等部件分开拉。机场离杭州大学有十余公里，但是条件所限，当时都是步行将飞机搬运回校。如此艰苦的经历，参与过的人在后来回想起时却都觉得意义非凡。\n\n\n\n当时参与拉飞机的男生，其中一位就是现在的沈模卫教授。他在给我们讲授实验设计与心理统计课程时偶然提到了这件事。一开始，我只觉得沈老师上课和蔼可亲且学术功底深厚。查询后才得知，他是我系工业心理学国家专业实验室的主任。而该实验室又是我国心理学领域首个国家实验室，于1989年由国家计委和国家教委联合批准成立。在航空工程心理学研究方向有着许多突出的贡献。座舱照明无疑也是该方向中的一个研究。目前，该实验室也与时俱进，进行脑功能与认知、智能人机交互与虚拟现实等研究。于是，当我再看到这架飞机，我看到了许多学者数年、十数年、数十年的努力，看到了心理学研究对我国建设的意义，也更是看到了我们肩上的责任。
209170,1881,沈模卫,2025-01-05 01:51:52,1,4,3,心统这门课再怎么吹，我想基本上已经稳坐心理系最差专业必修课之位了（同理心或还有得一比）。先别提逆天的董一胜，单是沈老师，我就不理解为什么有人夸他讲课讲得好，，，他甚至连样本和总体之间的区别都没讲清楚，这使我不得不怀疑他对统计的底层理解有巨大漏洞，，，这学期的心统在概统的对比下显得尤其乏力无味单薄……上课看似很充实，讲研究、举例子、讲方法，实际上收获寥寥。还有这垃圾教材，我敢说编这教材的人根本不懂统计，，，搞心统的人能不能先好好去学学数统啊！！求你们了……我都要怀疑心统这门课开课的意义了，实验部分实心会讲，统计部分数统会讲（当然心统有些多的东西，但那还需要专开一门课讲吗？），沈老师美其名曰会把实验和统计联系起来讲，但事实上他就是先讲实验再讲统计，结果搞得不三不四……唉，无力吐槽了真是
211472,1881,沈模卫,2025-01-11 14:12:51,2,2,0,谈老师的部分不说 想说一点跟上面的同学不一样的观点 个人感觉心统书讲统计比概统清楚的多 对于只需要做题和用的人来说非常一目了然 我是期末突击党 概统对着书学是铁定挂科（现在还没出） 过了一天复习心统才发现这些东西原来这样就好了
217187,1881,沈模卫,2025-04-03 09:20:47,1,2,1,早八的烂课就该有点自知之明。
6559,1949,卢舍那,2015-07-15 08:01:42,5,15,10,给分还可以
6605,1949,卢舍那,2015-07-16 07:23:18,-15,8,23,除了讲课无聊点，给分还行吧
8670,1949,卢舍那,2015-09-24 01:24:09,17,35,18,还算蛮有趣的，会提到一些比较有趣的实验
11939,1949,卢舍那,2015-12-21 11:15:51,10,17,7,很不错啊，经常会讲一些心理学小实验
14750,1949,卢舍那,2016-01-08 15:31:40,2,8,6,很轻松
16919,1949,卢舍那,2016-01-19 09:08:27,3,9,6,课上讲的实验挺有趣的~
19054,1949,卢舍那,2016-01-23 06:49:03,-1,4,5,很有趣呀，考试背ppt就可以
20875,1949,卢舍那,2016-02-02 18:41:04,5,14,9,上课一定要去，感想千万不要好好写(帮不了分数，不要浪费时间)，期末要好好准备，特别是大题，不然绩点和我一样难看，而且大一上不要选这个课，等绩点没用的时候再选
21106,1949,卢舍那,2016-02-17 08:18:13,0,7,7,讲得非常好，也没什么作业。人挺好的，会把ppt给大家（好多老师都不愿意给的）可惜我自己懒得去西溪做被试，最后分数有点低了。
22499,1949,卢舍那,2016-03-07 03:30:51,-11,8,19,差得要死！！
23745,1949,卢舍那,2018-11-01 06:19:52,-1,5,6,卢老师上课很有趣很温柔，可惜这学期是和何洁同上，何洁简直垃圾。
31552,1949,卢舍那,2016-07-04 06:14:36,0,4,4,还不错
40422,1949,卢舍那,2017-01-03 08:18:21,1,5,4,晒娃狂魔?
40893,1949,卢舍那,2017-01-17 08:51:54,3,9,6,挺好的老师
42592,1949,卢舍那,2017-01-17 08:46:40,0,3,3,老师上课很有趣，提到很多心理学试验，助教姐姐也很认真负责。大赞
44418,1949,卢舍那,2017-01-17 23:13:23,-2,5,7,很喜欢卢老师的课，给分也公道，努力收获成正比，做实验，认真听课，复习ppt，分数肯定满意
44508,1949,卢舍那,2017-01-21 12:02:42,12,21,9,平时那么认真最后还是给那么低的分，醉了
73631,1949,卢舍那,2018-02-02 06:59:24,-1,2,3,老师人很好，考试难度适中不过势必要花很多精力，心导论这个课大家选之前还是做好思想准备，不过学一学心理其实是挺有趣的
73635,1949,卢舍那,2018-02-02 07:32:40,27,62,35,看到成绩可以说很失望了\n\n水课却出题这么难，水课用心复习却于事无补。\n\n最后一堂课上老师说行行好，评价和老师给分互相留点面子。。可是我真的很失望的吧。用心写的感想和心得写了3000字不知道老师有否看了呢？用心做的实验花费了那么多时间，有意义么？用心的复习却于事无补，会不失望么？\n\n给后来者尤其是新生提醒：\n\n1.这是大类课而不是通识课\n\n2.点明方式为课堂测验\n\n3.结课感想想来只是形式，随便写吧，老师可能并不看\n\n4.如果这门课继续这样开展，我很质疑这门课的价值和意义了\n\n5.希望你不会拥有和我一样的绩杀吧
74395,1949,卢舍那,2018-02-18 09:18:52,3,6,3,这不是演习\n\n\n\n这不是水课\n\n\n\n这不是水课\n\n\n\n这不是水课\n\n\n\n重要的事情说三遍
86908,1949,卢舍那,2018-09-19 10:40:02,9,12,3,每节课都点名
86918,1949,卢舍那,2018-09-19 11:24:59,4,5,1,客观来讲，我想上沈晓红社会心理学的，但素，人品不够，课稍稍有点无聊
86964,1949,卢舍那,2018-09-19 15:27:54,-1,1,2,不错啊\n\n
87275,1949,卢舍那,2018-09-26 11:58:38,-3,0,3,超级棒的老师啊
90392,1949,卢舍那,2018-11-23 10:44:36,0,4,4,老师人很好，上课氛围轻松、内容丰富，能学到很多有用的知识
90394,1949,卢舍那,2018-11-23 10:56:38,-1,6,7,每堂课都点名 需要到西溪校区做实验 上课无聊 老师不会给ppt 这次运气很差 即考试又论文 老师不太负责任 论文题目 难到让你怀疑人生 慎选 绩杀 1.x 学分 大家想好好吧
90395,1949,卢舍那,2018-11-23 10:58:31,0,3,3,第一门通识就是老师的心理学及应用，可以看出老师很尽力地想把心理学介绍给选修了这门通识的学生，而不是照搬专业课的套路。课上实验介绍敲级多。考试开卷，好好做实验，认真写论文，考前过一遍课件，最后绩点也还过得去，毕竟平时在水，正态之下，只能说和自己的付出相符合。如果有机会，还想旁听老师的课。
90399,1949,卢舍那,2018-11-23 11:29:28,3,5,2,上课讲的实验什么的很有意思，要到西溪做心理实验，还有论文和开卷考试，觉得题挺简单的，可是……分低，可能我论文写的太渣吧………………
90404,1949,卢舍那,2018-11-23 11:42:56,10,17,7,给分超级差，绩杀，别选
90410,1949,卢舍那,2018-11-23 12:03:30,7,11,4,简洁点（个人体验）:\n\n上课开始有趣后来无聊，我们班给分不好。\n\n对比:我们有论文有期末考，别的班无考试只论文。我们3.9算高的，人家4.5有不少。\n\n结论:选课先看均绩。\n\n我就是累死，肝死外边，从管院楼跳下去，也不选分低的课！
90449,1949,卢舍那,2018-11-23 13:36:21,3,13,10,老师超级温柔，上课会讲很多很多有意思的心理学案例，比如说盖吉啊等等，我想说付出是有回报的!我上课一直认真听讲，从来没有水过手机，自己觉得也没有和老师刷过脸熟，但是考试的时候觉得知识点很熟悉啊，尽了全力一刻不停写了两个小时的试卷，一个一个字码论文找资料，找了好多地方得到了正确的论文格式，跑了三次西溪做心理实验，顾不上吃饭，终于满绩了，真的很感谢老师，看见了努力的人。每门课都有正态的，只要老师可以公正打分，认真上课，我就很满足啦。卢老师还是很好的。
90466,1949,卢舍那,2018-11-23 14:53:39,13,20,7,非常客观的说，老师评分确实是8.5左右，就我角度来说，挑不出什么特别好的，也不至于被批。但是不得不说我觉得心理系以分数为胁给自己学生谋福利的行为对我来说不能接受，正常的被试都是要工资的，虽然这是心里与应用所有老师的共识，我觉得不合理。就给分，群里的发言当然都是分低的，大佬怎么会炫耀呢。其实根本不用管给分好坏，我觉得大部分老师不管好坏，肯定会充分利用好正态的20％名额，这个不用担心。还有就是我点名制度虽然被改良，但是换汤不换药啊，如果真的很有吸引力，可以取消这个制度的。
90487,1949,卢舍那,2018-11-23 15:52:14,1,3,2,课很好。绩点偏低
90539,1949,卢舍那,2018-11-24 01:34:01,-1,5,6,虽然作为一门通识课让人又写论文又开卷考很累，但是努力做了的话给分还是好的鸭。
90585,1949,卢舍那,2018-11-24 08:22:06,-3,3,6,我觉得老师讲课还是很认真的 人也很温柔 给分也很好！
90596,1949,卢舍那,2018-11-24 10:23:16,5,11,6,每次上课都认真听 你给我挂科？？？
91154,1949,卢舍那,2018-12-02 07:05:09,6,9,3,分太低
92575,1949,卢舍那,2019-01-03 03:49:05,-3,2,5,老师上课很好很认真，给分的确很迷
92750,1949,卢舍那,2019-01-04 06:53:36,6,9,3,自己没有好好听课，但认真复习了，开卷考很简单，做了一次实验（晕车就不想去第二次），给分2.7，有点难受
93583,1949,卢舍那,2019-01-10 14:29:18,3,7,4,无聊 把我对心理学的仅剩的一点兴趣都搞没了 对这些研究心理学的人也没什么好感了 这门课可能就是寻找免费被试而开的吧\n\n因为做实验的算分方法群里撕逼好几次了 结课后把匿名关了有点好笑 五次大佬也只有膜的份 长实验短实验都是跑一趟算分不一样也不想说什么 最后临时改了做两次算平时分更是无语 相比室友上个学期的另一个老师的加分制总觉得差些 课件做的也一般吧 后悔拿这个凑学分了
99190,1949,卢舍那,2019-01-24 11:28:04,3,4,1,给分不好
99992,1949,卢舍那,2019-01-25 11:56:11,6,10,4,上课有很多有趣的实验案例，能学到干货，但是不建议选修该课，建议旁听，否则你可能认真听了一学期课，认真参与零回报的实验，认真完成三千字的论文，最后拿到1.8的学分，而同课的舍友逃了一学期课却拿到3.5，你都不知道该找谁哭。\n\n
101069,1949,卢舍那,2019-01-27 12:04:02,7,10,3,为寻找免费被试以学生成绩相“要挟”，让同学给自己分数好点结果给学生的分数差的一批，大绩杀。
101072,1949,卢舍那,2019-01-27 12:14:29,15,24,9,我想骂人了真的\n\n上课没意思，给分还低。每节课都到了小测也写了期末考每个空好歹都认真写了\n\n绩点3.0我真的不知道说什么了\n\n强制要求自费去西溪做实验。不做就没分\n\n甚至后期想要求每人两次\n\n实验要求对着电脑看一个小时我眼睛要炸。而且名额是要抢的。\n\n一分都不想给
101080,1949,卢舍那,2019-01-27 12:20:58,5,8,3,垃圾 肥肠垃圾\n\n真的要谨慎选择\n\n还什么都没学到 \n\n每节课点名\n\n自费做实验恶性竞争\n\n课堂小测\n\n期末开卷考没有意义\n\n
101082,1949,卢舍那,2019-01-27 12:25:14,6,10,4,去做了3次实验，2次短实验，1次长实验。期末认认真真写，填空只有2，3个不确定，大题目写了非常多。最后绩点4.5。emmm我感觉付出了很多，跑西溪做实验很累，有一次拦不到车，真的是走回紫金港，走到11点30。感觉有点为了招被试而开这门课，上课没听，就没学到什么。\n\n这么课想要绩点，就拼命去做实验，主试xjj都非常温柔。如果比较懒，没怎么做实验的话，估计绩点就。。。。。
101086,1949,卢舍那,2019-01-27 12:34:24,0,7,7,楼下那个和我好像哦，我也是做了两次短实验，一次长实验，期末试卷一直做到交卷，最后4.5。关于做实验，我觉得的确不太好，有种要挟的感觉。不过每次我都是骑共享单车去的，一边兜风一边听音乐的感觉挺好。关于课程，其实老师还是上的不错的，干货不少，笑料也不少。总之，付出与回报还算平衡。一门挺不错的通识课。
101088,1949,卢舍那,2019-01-27 12:41:31,7,9,2,差评 被胁迫做实验的感觉真的很不好 老是要我们跑西溪 没时间 实验名额还要抢 非得拿学生做无偿被试吗 但是总归总老师上课还是不错的 但是看着我被拖下来的均绩 不想给高分
101089,1949,卢舍那,2019-01-27 12:48:35,10,13,3,一分都不想给。选修通识课2.7的绩点你能信？
101101,1949,卢舍那,2019-01-27 13:35:16,13,19,6,emm还能说啥呢，从没缺过课，顶着寒风去西溪做了两次短实验，一次长实验，期末考超级认真地对待，差不多写到最后一刻，字也写得很认真，填空题什么的差不多都找到了，大题也写得又多又认真，反正就是自我感觉应该不错。。。。。。然后得了3.0。成为目前课程最低分。反正这老师，真的，emm很有意思。大家还是慎选吧。
101106,1949,卢舍那,2019-01-29 01:05:35,4,6,2,无聊。给分低。毫无乐趣
101116,1949,卢舍那,2019-01-27 14:28:32,4,5,1,晕车的人跑西溪做实验真的要命……而且感觉浪费时间耗时太长……虽然主试xjj挺好的……实验名额还要抢……
101122,1949,卢舍那,2019-01-27 15:04:11,1,5,4,不咋的
101141,1949,卢舍那,2019-01-27 16:10:56,1,4,3,绩杀。
101163,1949,卢舍那,2019-01-28 00:01:38,13,15,2,真的有点像是为了找实验对象而开的这门课，实验做的多的相对分就好，要跑到西溪去做实验，一做一个下午没有了，鸡肋，我嫌麻烦，最后分数不咋地，最低的一门课
101396,1949,卢舍那,2019-01-28 06:40:09,1,4,3,呵呵呵\n\n
101984,1949,卢舍那,2019-01-30 02:08:09,5,8,3,感觉这门课就是为了西溪学生找免费的被试，但有些人的课比较满时间上有冲突，本来规定每人去一次就行，后来快期末还又说想每人至少去两次。讲的课其实说不上太好，自己看书可能也可以到通识的程度，所以说老师的出发点不在于学生，而像是自己的利益，如果不是对心理很有兴趣还是考虑下别的老师吧
101997,1949,卢舍那,2019-01-30 03:04:07,1,4,3,绩杀，绩杀，绩杀，别选别选别选
102553,1949,卢舍那,2019-02-08 04:09:24,1,2,1,我寻思平时看着挺好的，考试咋还绩杀了呢(ノ=Д=)ノ┻━┻
102811,1949,卢舍那,2019-02-23 13:00:21,-1,2,3,辣鸡，千万别选，绩点低的要死
103633,1949,卢舍那,2019-03-03 03:00:51,-4,1,5,【心理学及应用】\n\n1.觉得老师人还可以，比较温和，不是严厉的那种。\n\n2.讲课的内容有点无聊，大体是照着PPT讲，中间穿插一些（十多年前的）心理学视频、图片和小实验。老师说话有时候会词不达意。\n\n3.实验要求是每人至少做一次实验（西溪），实验很简单。后来说，实验做得越多加分也越多。但是实验名额很少，可选时间段也不多，有可能抢不到实验名额。\n\n4.期末是开卷考试。填空题和大题，填空1分一空，大题15-25分一题。个人觉得分值安排有点不太合理。\n\n5.点名是花名册签到。有一次是小测验，一张纸条上有两个小问题，不难，老师一边讲课我们一边写，下课交就行。\n\n6.课是真的蛮水的…一般般的认真程度上完一个学期，期末也打印PPT认真复习了，绩点3.6。
104365,1949,卢舍那,2019-03-19 01:29:11,-3,1,4,扯淡课
104820,1949,卢舍那,2019-03-28 08:54:03,-4,3,7,选的时候还八点几于是没退。结果现在。。。
104996,1949,卢舍那,2019-04-02 02:13:28,-2,4,6,为啥就没有0分啊，我2.7绩点，云朵朵上发现过一个1.8的，还有一个居然给挂科了，啥都不想说了，
105352,1949,卢舍那,2019-04-30 06:19:27,6,7,1,还可以
106038,1949,卢舍那,2019-04-30 16:37:09,-3,6,9,老师真的不好，大家千万别选。理由1.事情贼多，强迫去西溪做心理学实验，还要恶竞2.上课很无聊，会完全打破你对于心理学的美好幻想3.给分很差，真的，呵呵
106752,1949,卢舍那,2019-04-29 08:56:59,4,7,3,没有期末考试\n\n有课堂小测\n\n记得记笔记\n\n论文有字数限制\n\n虽然要去西溪做实验\n\n但因为最后获得不错的成绩\n\n并且自己本身就对心理学感兴趣\n\n所以还是很喜欢这门啦\n\n谢谢老师（*/∇＼*）\n\n
106770,1949,卢舍那,2019-04-29 11:18:56,5,9,4,看到成绩出来的那一刻 我真的很想哭 果然努力是有回报的 1.每次上课都坐在第二排跟老师互动 2.去做了两次实验 一次短实验一次长实验 3.小测都是课上的内容 因为听的很认真 所以都会做 4.论文全是自己的理解 我的文笔向来很差 但是最后却是这么好的成绩 我一直觉得通识课我不可能取得很好的绩点 没想到这门课 让我真真正正的意识到了努力一定会有回报！！谢谢老师！！
106776,1949,卢舍那,2019-04-29 11:37:28,-4,3,7,上课还行吧 会看几个视频 但论文真的反复修改好了很多次，又有论文又有考试的课不多吧 但是分数还低 真的挺失望的\n\n下课中途 和老师在路上看见 眼神也挺冷漠的 唉
106808,1949,卢舍那,2019-04-29 23:40:33,8,10,2,我觉得我的得分实在超出了想象，建议得高分的做法：多做实验，笔记要做的勤以防小测（可以看笔记），论文要注重实际
106813,1949,卢舍那,2019-04-30 00:40:20,4,7,3,［心理学及应用］没有期末考试，只有几次小测和期末论文，论文有字数限制。老师很温柔，课上会放一些有意思的实验视频，会挑选几个小实验与大家互动。关于成绩，如果用心上了，老师会看见的，努力和回报是成正比的！
106819,1949,卢舍那,2019-04-30 01:47:56,8,10,2,在上头两节课的时候，卢老师列了许多课程要求，比如实验，比如点名，比如小测和论文。说实话普遍通识课都是比较水的，所以一时觉得这个老师要求真多真麻烦。但是因为真的喜欢心理学，所以坚持了下来，由于担忧小测所以在课前会简单复习一下，最后感觉还是有很多干货的，老师有遵循记忆曲线规律教学，认真听没问题。这不是水课，这就是一门普通的通识课，看到老师的评分这么低，所以声援一下。
107697,1949,卢舍那,2019-05-24 03:03:27,1,4,3,不是很懂你的教学方式
107790,1949,卢舍那,2019-05-09 23:55:54,-2,3,5,辣鸡老师
107900,1949,卢舍那,2019-05-11 03:08:28,1,6,5,公平的评分制度吧。你想，点名你不来上课，测验不参加，实验一次都没做，你凭什么得高分呢？让那些平时上课认真听记笔记，早上八九点就赶到西溪做实验，论文句句斟酌格式内容毫不怠慢的同学情何以堪～～反正按照老师要求来最后98，99，甚至100都没问题。点名一次没到，实验一次没做，论文都不交还想过，那岂不是让老师对不起其他同学嘛……
108384,1949,卢舍那,2019-05-22 11:18:24,3,5,2,莫名其妙。\n\n
108651,1949,卢舍那,2019-05-30 11:30:46,1,5,4,不提前通知就小测，上课读ppt感觉我上去也可以讲了hhhhh 萌萌的课比她不知道好多少
108814,1949,卢舍那,2019-06-03 02:01:32,1,4,3,恶竞加绩杀
109257,1949,卢舍那,2019-06-12 10:55:12,5,8,3,我真是呕了。\n\n一开始说实验做一次就好了，突然变成做两次？？突然失忆。\n\n期末论文倒数第二周才布置，期限一个星期。\n\n真是什么神仙老师。
109504,1949,卢舍那,2019-06-16 05:16:30,0,6,6,我tm想骂人！这个老师就是强制学生当免费劳动力！自费去西溪做一个小时实验，没有被试费，还鼓励恶竞。真的没见过这么恶心的老师。有点道德都不会这样做啊。将心比心一下吧。我们是来听课学习的，不是给你免费当劳动力的！
109594,1949,卢舍那,2019-06-17 10:35:57,0,4,4,给1分都嫌多\n\n
109900,1949,卢舍那,2019-06-20 05:30:34,-1,1,2,很认真
113105,1949,卢舍那,2019-07-05 23:31:00,3,4,1,认真听课做笔记好好小测写论文，做了两次实验最后满了。谢谢老师！是我第一门上4的通识课，因为感兴趣所以学的也比较认真。付出跟收获真的是成正比的
115490,1949,卢舍那,2019-07-28 13:28:11,0,0,0,。。。
121769,1949,卢舍那,2020-01-21 18:13:25,0,1,1,要去西溪做实验\n\n课堂小测如果不听课做得可能不太好 百度不一定能查到……\n\n论文比同科目其他班要求要多\n\n
122307,1949,卢舍那,2020-02-24 01:19:00,4,6,2,本来是一门一直后悔没有退掉的课，结果居然抢了我大学第一个满绩？出成绩时把我震惊了。课堂小测好多次，必须好好听课才可以。讲课还行吧，会让看一些有趣的实验视频。因为我对心理学比较感兴趣所以一直很认真地听。论文格式要求多，没有期末考试。
123867,1949,卢舍那,2020-06-15 11:11:35,2,3,1,我满了，可是我觉得我论文没写多少字啊。
125135,1949,卢舍那,2020-09-02 02:24:40,3,3,0,还可以，讲的实验挺有趣的
126034,1949,卢舍那,2020-09-17 00:35:40,2,3,1,给分真的好 \n\n拿到了大学以来最高分99
127674,1949,卢舍那,2020-11-25 15:52:14,5,5,0,心理学及应用#能感觉老师有注意到实验分占比过大的问题 这学期调整了五分上限 基本上同学都只去了一次 感觉还是合理的 课上会放很多著名实验视频 小测开卷但难度不小 期末论文也需要花点心思 给分很好 对心理学有兴趣的可以考虑一下
127789,1949,卢舍那,2020-11-27 06:02:32,0,3,3,测验太多， 论文写的认真了，给分太低！\n\n这是算大类课不算通识课。太失望选了这门课。让GPA变臭!!!!
128775,1949,卢舍那,2020-12-25 09:03:20,3,3,0,老师还行啦，每节课都到，小测都写完，论文也没有多卷，绩点给的虽然没有预期，但是也还行了，毕竟自己论文写的确实没有某些卷王多
129180,1949,卢舍那,2020-12-31 02:44:11,3,5,2,很棒的老师，很温柔，讲课很有意思。\n\n满绩啦ヽ( ￣д￣;)ノ\n\n希望大家不要只看绩点，要真正学到东西才是真的。
129550,1949,卢舍那,2021-01-14 12:05:45,4,5,1,现在还可以了
132080,1949,卢舍那,2021-01-30 06:44:02,2,3,1,超级好的老师 温温柔柔 只要努力分数就不会差！上课会看一些有意思的小视频，小测有四五次吧，论文虽然要求多但是1500+就可以了。真的棒！
132089,1949,卢舍那,2021-01-30 07:48:43,3,4,1,挺好的啊。上课认真点，小测就不用担心。论文多写自己的话，有空还能去做实验拿拿分。最后绩点不会难看的。
139756,1949,卢舍那,2021-07-25 12:33:11,-6,3,9,讲课无聊，给分离谱，就想不通浙大为什么有她？特别懒，理由还多
143137,1949,卢舍那,2021-11-20 00:27:24,5,5,0,心理学及应用：还好，学不到太多，但事情也少，权当放松的通识课。平时就听听课写写作业，会看很多视频，介绍一些非常入门的心理学知识。\n\n做了一个实验，小测有在复习后认真做，论文也查了文献认真写了一下，满了。基本评分标准也就这三个吧。给大家参考。\n\n老师是比较温柔的，有问题都会解答。但或许因为专业领域的原因，干货比较少。
143151,1949,卢舍那,2021-11-20 03:55:54,1,2,1,老师人很好 上课算有趣的 在课上根据ppt稍微划一下课本就行 没有太硬核 论文字数也不多最后冲满绩了我他妈直接好评
157456,1949,卢舍那,2022-06-23 09:33:07,1,1,0,老师很好，很温柔，大学第一节只有十几个人的通识课，老师给我们做有趣的实验，没有小测，老师给分也好
157470,1949,卢舍那,2022-06-23 10:41:23,5,5,0,每节课都到了，就怕有小测或者点名，课后做了一次心理实验，论文水了两三千，4.8.大家参考一下。
159223,1949,卢舍那,2022-07-08 09:22:35,-4,1,5,一门通识课还闭卷？？
159343,1949,卢舍那,2022-07-14 04:24:35,8,9,1,卢老师真的很和蔼又可爱 上的是通识课，一般都不点名 有时候会用在钉钉群里互动的方式稍微看一下人来了多少，又一次还让大家在群里分享自己最常用的表情包，课上会看很多有趣的心理学实验。心理学及应用这门课真的教会了我一些心理学常识来分析日常生活中的问题，也让我对自己有了更全面的了解。今年的期末考核是一篇论文加几道论述题（开卷），只要上课好好听，做一些逻辑性的笔记，论文认真一些，最后成绩一定不会差的，还有同学担心做实验的问题，我是只做了一次1.5h，最后4.8。卢老师真的很好 推荐大家选！！！
160801,1949,卢舍那,2022-11-19 14:23:38,5,5,0,老师很好
160885,1949,卢舍那,2022-10-18 08:02:02,6,6,0,挺棒的老师，讲课很温和，这学期的课（心理学及应用）平时也没有作业，上课认真，干货还挺多，最后不论给分怎么样都挺满意的了
161968,1949,卢舍那,2022-11-15 13:45:06,2,2,0,给分很好 没有小测 论文+实验 感觉比zm的课更容易拿高分
161970,1949,卢舍那,2022-11-15 13:29:09,6,7,1,去了两次实验 一次1h 一次40min 请过一次事假\n\n论文认真写了四千字 最后4.8\n\n上课会播放视频 挺有意思的\n\n有些心理现象也会拍下来和朋友分享\n\n但是感觉如果真正想系统学还是不推荐\n\n老师人很好 很温和～\n\n平时点名就是写在纸张上或者随堂小测试
161973,1949,卢舍那,2022-11-15 13:35:57,4,4,0,6\n\n卢老师的课怎么会没人来抢\n\n老师人美心善，给分巨好，干货很多，没有作业\n\n坐标心理学及应用，绩点4.5起步
161974,1949,卢舍那,2022-11-15 13:48:23,2,2,0,课程内容好有意思\n\n事少分高
161975,1949,卢舍那,2022-11-15 13:53:28,15,16,1,不知道为什么查老师上给的评价全是绩杀，可能是因为年代久远了叭。。。。。。（看清楚了我是2022年11月！！！）\n\n刚刚喜提卢老师的4.8的绩点，作为我大学生涯以来除了军训的第一个绩点真的非常非常非常欣喜，虽然知道绩点会有正态，老师给分的时候肯定会比较为难，但是不管怎么说自己能得到老师的高分肯定是很激动的啦！\n\n其实抛开给分不说，个人觉得老师人真的很好，脾气巨温柔，讲课认真也负责，而且经常会给我们放一些视频啥的。虽然有时候对知识点的讲解可能略显枯燥（我觉得那也是因为自己对于一些新的名词的不了解）\n\n最后说实话，因为是下午1点半开始上的课，非常非常困，老师讲的时候我大多在走神。但是只要课后好好看老师的PPT，搞懂一些最基本的术语名词，写论文的时候认真看要求，就肯定没啥问题啦！相信老师一定是公正的！\n\n再次感谢老师！！！！！！！！！！！
161979,1949,卢舍那,2022-11-15 14:57:39,1,1,0,给分很不错，平时没作业，课很轻松，期末论文要求也不高，可以选择性卷。
161990,1949,卢舍那,2022-11-15 23:56:04,3,3,0,给分巨好！会捞的一位老师！一学期没听过课最后满了！事少分高，入股不亏！
162087,1949,卢舍那,2022-11-16 17:00:02,2,2,0,棒！！！！
163438,1949,卢舍那,2022-12-14 09:54:10,3,4,1,心理学及应用 事少分高 没有考试 小测是个很有趣的小测验 期末一篇论文 4.5
164165,1949,卢舍那,2022-12-18 15:04:03,2,2,0,好 给分不错
166549,1949,卢舍那,2023-01-12 17:39:05,0,1,1,给分超好，但是上课可能会有点点拖沓，不管如何4.8我非常开心了
166554,1949,卢舍那,2023-01-12 19:44:41,0,1,1,老师贼好，而且事情很少，只有一篇论文，然后我只写了一天的论文就满绩了，大晚上来还愿的，大爱老师和助教
166568,1949,卢舍那,2023-01-13 05:47:25,1,3,2,给分没想象的高，但是4.2也很满意啦。老师温柔负责，上课轻松有趣，经验就是论文好好写！
166618,1949,卢舍那,2023-01-13 04:22:31,1,1,0,非常好的老师，平时没有作业，期末论文也好写，给分也超级好，还有认真负责的助教姐姐！
166971,1949,卢舍那,2023-01-14 12:16:55,3,3,0,好，非常好
169395,1949,卢舍那,2023-02-26 02:57:11,0,1,1,人很温柔
182987,1949,卢舍那,2023-11-21 10:58:04,2,2,0,老师很温柔，上课有所收获，给分也很不错
182988,1949,卢舍那,2023-11-21 10:58:15,5,5,0,老师和助教人都很好，上课是是纸质表签到，给分很好，抽时间做几次实验，最后论文好好写，绩点都不会的的
182990,1949,卢舍那,2023-11-21 11:06:14,6,6,0,老师人真的很好，上课没有小测，平时会放有趣的实验视频，也会带着我们做一些趣味小测验。期末写一篇论文，只要认真写，绩点就一定不会低。平时多支持一下心理系学长学姐的心理测验，对绩点很有好处
182991,1949,卢舍那,2023-11-21 11:07:17,1,1,0,捞了我一把
183004,1949,卢舍那,2023-11-21 11:41:49,1,1,0,上课很生动风趣，有课堂小实验，做着挺有意思。\n\n每节课都要点名，最终考核是写论文，八道老师出的题目+主观小论文（1000+500）。附加分是帮忙做心理学被试。
183007,1949,卢舍那,2023-11-21 11:50:25,1,1,0,上课比较轻松 论文好好写 多做几次试验 分数能基本满意
183019,1949,卢舍那,2023-11-21 13:34:34,0,1,1,水课，讲的也不错。平时没有作业，期末一篇论文。平时要去做实验分才会高。我做了2h实验，论文至少认真做的，3.9，有点低了感觉。
183021,1949,卢舍那,2023-11-21 14:22:10,0,0,0,期末论文看看ppt
183052,1949,卢舍那,2023-11-22 02:30:25,4,4,0,真的是很温柔的老师！上课会介绍很多有趣的实验和“小游戏”，也有很多视频，学到了很多有用的知识🌟平时多支持一下学姐们的实验，当被试可以算课程加分🤩期末作业也不难就是写几个小题和一篇小论文，格式要求也不是很严格。认真做给分很好的！🥰🥰
183518,1949,卢舍那,2023-11-27 04:13:38,-2,0,2,认真写的论文，2h实验，3.9……
184692,1949,卢舍那,2023-12-22 07:57:12,0,1,1,1500的论文写了2500字，3h实验，最后4.2，助教xjj都人美心善
185195,1949,卢舍那,2023-12-27 04:29:12,1,3,2,4h实验，认真写论文，4.5不卡绩
185537,1949,卢舍那,2024-01-02 04:27:02,1,3,2,一种很新的点名法，给分巨烂
187842,1949,卢舍那,2024-01-17 14:45:44,7,9,2,期末论文有关学习心理学前后的变化，写了篇言情小说，结果满了，已经准备在98挖坑了
190171,1949,卢舍那,2024-02-24 07:44:55,2,2,0,挺好的一位老师，讲课声音温柔，小心睡着（bushi）\n\n上课内容挺生动的，评价标准跟隔壁班好像不同且更简单，参加实验和多发言可以拿到比较高的平时分\n\n结课论文比较固定，好像是课标规定的，不好说啥。\n\n缺通识课的同学可以考虑冲一冲
191936,1949,卢舍那,2024-05-06 01:25:12,7,8,1,给分很好，说了自己会打到能打到的最高，不卡绩，上课挺有意思的，认真听好玩，就算想水不听也没关系，老师也不会管，任务就是期末一篇论文，平时去做做心理被试
191941,1949,卢舍那,2024-05-06 02:04:59,1,2,1,4h实验3k论文，最后4.2 感觉给分比较一般。但是老师人挺好的，上课也比较有趣。
201768,1949,卢舍那,2024-11-06 05:35:46,6,6,0,老师人很好，很慈祥，说话很安稳、温柔，我上的心理学及应用基本没有作业，只是有期末论文，而且格式什么都说好了，挺轻松的
204576,1949,卢舍那,2024-11-27 01:35:55,3,5,2,谢谢卢老师事少分高的心理学及应用 拿了大学第一门满绩
204591,1949,卢舍那,2024-11-27 02:42:07,2,4,2,心理学及应用，上课会放更多有趣的视频，认真听能学到东西。4h实验＋两千字左右论文认真写，绩点4.8，没卡绩，很好的老师呀！
204592,1949,卢舍那,2024-11-27 04:16:07,6,6,0,必须10分！！！签到可以偷偷补，上课舒服补作业，回答问题能分，实验总评+5分，论文随便gpt水6k字，最后满了！！！
204593,1949,卢舍那,2024-11-27 02:46:49,2,4,2,老师真的特别好，助教也好，都好！人生第一个4.8，泪目了
204608,1949,卢舍那,2024-11-27 04:11:18,3,4,1,爱死你啦卢老师，课程很轻松，老师讲课很温柔，多做实验水水论文能轻松4.8！感谢！
204674,1949,卢舍那,2024-11-27 09:26:34,2,3,1,老师很温柔，作业只有一篇论文，事少分很高，想学上课也能学到一点有意思的知识，非常推荐！
207663,1949,卢舍那,2024-12-23 14:32:37,1,1,0,事情少，可以水，听的话也蛮有意思的，老师说话很温柔
208890,1949,卢舍那,2025-01-03 06:52:47,0,0,0,老师上课挺有意思的，认真听能学到东西而且生活里也用到。另外助教zsy超贴心，会专门帮你看论文和提建议，非常的负责任捏。
213790,1949,卢舍那,2025-01-20 02:02:54,0,0,0,补个评论~\n\n助教老师很好，认真给出论文修改意见（像论文引用期刊斜体这种都会指出来，真的很细心）\n\n老师上课也很有意思 事也比较少 做两次实验交个论文就可以了
213877,1949,卢舍那,2025-01-21 01:52:53,-2,0,2,满绩，lsnyyds，速选
213882,1949,卢舍那,2025-01-21 03:42:01,1,2,1,感觉自己学得挺认真，论文也认真写了，结果只有3.6，还以为这么晚出成绩是在调分，唉
213902,1949,卢舍那,2025-01-21 06:23:28,0,0,0,很温柔耐心的老师，上课有趣。事少分多，去海纳苑打了两次电动喜提4.8。赞美大佛
213954,1949,卢舍那,2025-01-22 04:44:01,2,2,0,点名方式:纸质签名\n\n教学:老师上课感觉是娓娓道来的，讲得比较成体系，也会在课上介绍一些有趣的小实验，感觉很有意思。\n\n考核:考勤+论文+实验时长+举手\n\n论文小tip:论文分成两部分，前一部分是自己整理ppt，围绕老师给的论点收集论据；后一部分是自己的思考吧。我简单写了自己最近生活中的一些思考(有种写日记的感觉)，老师应该比较看重后一部分，最后满绩啦。感谢卢老师!!
215059,1949,卢舍那,2025-02-20 11:05:39,3,3,0,老师超级超级超级好啊啊啊啊 上课基本一个字没听 论文是半百度半ppt半ai凑出来的 参加了一次被试（有点痛苦再也没去） 最后4.5 很满意了也没有卡绩
8008,2015,杨宏飞,2015-09-16 12:36:48,2,6,4,一直笑
8030,2015,杨宏飞,2015-09-16 14:49:15,-1,4,5,挺幽默的
8107,2015,杨宏飞,2015-09-17 04:55:21,12,17,5,老师太逗了！上课一半时间都在笑！
8129,2015,杨宏飞,2015-09-17 05:59:08,1,9,8,思想有点反动，上课好玩有趣，一堂课下来笑声掌声不断，就是不知给分坑不坑。。。
9960,2015,杨宏飞,2015-11-13 08:55:51,6,12,6,相当放松的心理课，ppt只有精简的关键字，内容都在老师脑中，现实例子老师信手拈来，气氛活跃一直笑的确不假，必须给赞
10765,2015,杨宏飞,2017-06-14 10:48:29,-2,4,6,非常棒
10972,2015,杨宏飞,2015-11-23 14:11:39,-3,4,7,超级好*^_^*太棒了!
12912,2015,杨宏飞,2015-12-24 09:48:08,0,4,4,超级好玩的课，有很多游戏和奇葩的案例，强烈推荐！
13092,2015,杨宏飞,2015-12-25 00:49:01,-3,5,8,听老师的课是一种精神熏陶！老师把心理学的理论真的应用到生活中，令人眼前一亮！去晚了，可就只能坐后面了～
13175,2015,杨宏飞,2015-12-25 04:56:49,0,5,5,你试试。心理学毕竟要开心。
14015,2015,杨宏飞,2016-01-03 16:23:57,0,4,4,又有趣又有内容，好可爱的老师
14039,2015,杨宏飞,2016-01-04 02:57:58,-1,7,8,杨老师的心理咨询原理真的很棒，上课都在笑233
14533,2015,杨宏飞,2016-01-25 06:30:48,15,29,14,老师的课超级搞笑，虽然最后是闭卷考，但是会给重点在哪里，不难。老师人也很乐观积极向上。
19717,2015,杨宏飞,2016-01-25 07:10:36,8,22,14,给分神坑，均绩直接被拉0.1呵呵哒
19738,2015,杨宏飞,2016-01-25 07:59:48,0,6,6,可爱的老师，段子例子信手拈来，考前诚意划重点，稍微认真点看书听课就没问题~本学期最喜欢的通识课
19847,2015,杨宏飞,2016-01-25 11:47:06,25,37,12,给分不怎么样
19908,2015,杨宏飞,2016-01-25 14:16:51,12,23,11,老师很幽默，内容很实用，每一节课上完后心情都很好。考试前认真看书拿4.5可以做到的。
20367,2015,杨宏飞,2016-01-27 07:17:15,-2,4,6,上的好！
21565,2015,杨宏飞,2016-02-29 08:05:53,2,8,6,虽然我得分很低但是我超级喜欢杨老师！他的课真的很棒！
21876,2015,杨宏飞,2016-03-01 11:06:00,-6,11,17,上过最棒的通识课 幽默风趣 人好  课后还会帮你解决问题 考前按照他划的重点背4.5+很轻松（重点不多）
24937,2015,杨宏飞,2016-05-04 11:17:33,-1,5,6,超级搞笑，深入浅出…
27410,2015,杨宏飞,2016-06-26 02:06:38,-1,4,5,老师超好，上课有趣
40547,2015,杨宏飞,2017-01-04 04:27:23,1,6,5,我在浙大上过最有趣的课堂，没有之一，讲课讲的最好的老师，在轻松幽默的课堂氛围中学到了太多！
45980,2015,杨宏飞,2017-01-20 10:36:52,4,13,9,老师上课有趣好玩，上课讲好多好笑的小故事，都不想干别的事情，平时没作业，期末考给重点，内容很少，基本只要花一个小时时间仔细看看就能得很好的分，上过最优秀的通识了～又能学东西又轻松愉快～推荐大家选～
45997,2015,杨宏飞,2017-01-20 11:08:32,-4,9,13,意外地拿到了大学三年来的最高分！
46012,2015,杨宏飞,2017-01-20 11:54:39,28,47,19,给分很坑
46088,2015,杨宏飞,2017-01-20 15:03:03,5,17,12,给分超级烂，考试占比100%，平时还要没节课都签到，不计入平时分，没来要扣分，而且表演短剧也没有加分，改得超级严，写得多也没用
51010,2015,杨宏飞,2018-01-24 12:32:15,4,67,63,他说同性恋是种疾病，这种老师配当心理学教授？
52471,2015,杨宏飞,2017-06-20 09:26:18,12,18,6,思想没有太跟上时代，很多本世纪初的案例和思维，不过人挺善良的
53500,2015,杨宏飞,2017-06-27 01:02:28,4,34,30,杨教授鼓吹同性恋是疾病，醒醒吧大清亡了
54908,2015,杨宏飞,2017-06-30 12:35:06,0,3,3,老师的课听进去了就会让人整节课都很投入，喜欢老师使用案例分析的讲课方式。
55131,2015,杨宏飞,2017-07-01 01:19:29,0,3,3,给分极低
58009,2015,杨宏飞,2017-07-22 13:45:16,-4,12,16,心理学教授反同，我们国家有习望了
58873,2015,杨宏飞,2017-09-18 07:34:51,-2,8,10,反同辣鸡
58925,2015,杨宏飞,2017-09-18 13:08:43,1,2,1,很有趣
64676,2015,杨宏飞,2017-12-26 08:00:29,0,0,0,老师人很好，我很喜欢。少数几个我还想继续上他课的老师。
66363,2015,杨宏飞,2018-01-15 11:21:35,4,8,4,杨老师讲课很好，水可水，干货有干货，上课风趣幽默。作为通识课，唯一一点就是期末闭卷考，唉，瑟瑟发抖。\n\n前几位说老师反同的，每个人的看法不同而已，没必要过分夸大，过度引申吧。而且老师也没贬低什么，你是来学心理咨询的，不是来……的。
70757,2015,杨宏飞,2018-01-27 13:20:20,5,7,2,老师的课挺有趣的 \n\n平时上课做自己的事情也挺好的\n\n最后考前有重点  觉得不用背很多啊  理解就行\n\n考试大题都是选做的  我觉得很人性化啊  戳到知识盲点还能跳过\n\n希望最后出分也能够让我满意~提前感谢老师\n\n
72552,2015,杨宏飞,2018-01-31 11:13:13,0,1,1,一般般吧
72844,2015,杨宏飞,2018-01-31 07:45:40,1,2,1,老师人很逗，上课还是很有意思的，每节课都在笑，平时每节都会签到，会表演心理短剧，很水的，考试占比大，不过会划重点，认真背，照着重点看看书，平时稍微听一点，花个一天复习包你绩点不会差的。
72849,2015,杨宏飞,2019-05-31 05:07:47,0,1,1,讲的真的很好
72866,2015,杨宏飞,2018-01-31 08:18:33,3,5,2,考前看了一下午书 没想到竟然只有2.1，要求的心理实验我也参加了，郁闷\n\n听说这门通识课还有人挂科
72907,2015,杨宏飞,2018-01-31 09:55:12,1,3,2,给分巨坑……平时啥事都没拉下，期末考好好复习了题也都写了，最后3.0
73917,2015,杨宏飞,2018-02-03 14:20:23,2,3,1,老师超棒从第一节课笑到最后一节课完全不会走神！
92991,2015,杨宏飞,2019-01-06 15:59:00,0,0,0,老师很有趣
97937,2015,杨宏飞,2019-01-23 02:15:42,0,1,1,我想学心理学！我想当咨询师！
101234,2015,杨宏飞,2019-01-28 02:33:44,0,1,1,没有拿到想要的分数有点遗憾，但是老师的课听着还是很爽的，一学期的欢乐源泉吧。
101241,2015,杨宏飞,2019-01-28 02:38:06,1,3,2,慎选，期末分占总评70%。干货不多给分坑。考前看了一下午书然后75。。。学期均绩瞬间减了0.13
101272,2015,杨宏飞,2019-01-28 03:09:34,15,18,3,老师上课水平是的确不错的!课堂氛围超好老师超搞笑超嗨皮，上课都挺水的，但是就好搞笑哈哈哈哈哈哈，每次都笑死。\n\n但是占比80%的闭卷考试大家就要小心了!\n\n一不小心就挂了hhh? ，而且不要轻易相信老师的考试范围，我只能说考试的时候你会发现什么都超出考试范围，所以要复习就全书复习吧!（真实经历!）\n\n然后期末考试难度挺大的，个人感觉比专业课还难，题目量特大，没有时间背书或者不想背的小伙伴我建议你就别选心理健康与心理咨询这门课了，不然分分钟弃考哈哈哈!该说的说完了溜了溜了，反正叫我再选一次，我就退课了嘻嘻，祝大家上课开心!
101293,2015,杨宏飞,2019-01-28 03:35:52,1,1,0,老师上课挺有趣的 每次课上完都感到很轻松 但是给分真的有点不尽人意 自认为复习的也还算可以了
101322,2015,杨宏飞,2019-01-28 04:14:25,4,5,1,瞎给分
101323,2015,杨宏飞,2019-07-02 06:01:59,6,26,20,沃日 真的辣鸡 给分绩杀绝逼绩杀 所有课最低 比当年的微积分线代还低 cnm 所有知识点全部照着书背了 每节课都签到了 每次扫码填问卷也填了 2.7 ？你改你? 呢？真的晴天霹雳 艹艹艹 老子是要出国的GPA直接下滑0.9 gnm 艹
101329,2015,杨宏飞,2019-01-28 04:26:57,11,16,5,我实话实说  一门每节课都签到 整学期三次心理测试都参加  按照老师给的重点都背了 的 通 识 课，我不知道为什么能能拿这么低的成绩 个人经历  如果做好期末看完整本书并背诵的话  的确是可以选这门课  或许该说强推  但如果没有的话  请 不 要 选！
101342,2015,杨宏飞,2019-01-28 05:00:52,8,17,9,真的太过分了 考试之前也算有花一天时间背书了 做好拿不到太好成绩的打算了 结果只有1.8？无法接受
101344,2015,杨宏飞,2019-01-28 05:00:00,9,12,3,五分给老师平时讲课，挺有趣的。但是零分给绩点，平时全到，问卷都写了，平时上课也记了点笔记，最后也和其他通识选修一样的复习，自己选的通识选修就没下过3.9，这次只有1.5…？？？万万没想到，我感觉怎么水 也得有3吧…？（就平时上课复习而言）期末…只考了50分…？？？不知道怎么给的，居然比我各种数理课程都低 不知怎么说
101346,2015,杨宏飞,2019-01-28 05:06:13,8,11,3,平时什么都没落下 考前复习一天 2.4 谢谢老师
101453,2015,杨宏飞,2019-01-28 08:26:32,2,4,2,老师最喜欢的一个，给分最恶心的一科，呵呵，难受
102660,2015,杨宏飞,2019-02-18 07:23:58,2,5,3,心理健康和心理咨询，课堂内容偏向趣味性，干货不多，上课去了几次就没去了，但是3次问卷还是填了的，最后考试的题目有几个是书上原本的案例比如沉默的羔羊、爱德华大夫等，所以考前最好翻一遍书，题目有很多涉及精神分析和弗洛伊德的，结合平时学的怎么扯都能扯上了，最后也拿了91，还行
103461,2015,杨宏飞,2019-02-28 08:24:56,-13,3,16,还不错啊老师，平时认真，期末准备一下上九十问题不大啊
110051,2015,杨宏飞,2019-06-22 01:47:51,1,2,1,除了给分太低，其他都很好
111665,2015,杨宏飞,2019-07-02 12:20:47,2,3,1,每节课签到，理论课内容是非常多，有一次小组心理剧展示，下半学期还要做一个咨询作业，每周写周记。事挺麻烦的。但是考前徐青会给个大致的考点，我就按那个自己背的。不一定涵盖全部，只是对抱佛脚有用。杨宏飞这个人我就不说了，见其他评论。这门课给我感觉就是一个体验吧，我觉得跟组内其他成员每周有一个吃瓜的讨论课，然后一起分享好事坏事，蛮好的。反正，通核课都很麻烦都很硬核，没得选。
112089,2015,杨宏飞,2019-07-03 13:06:21,2,2,0,感觉老师的课听起来真是轻松自在，团心本来就是一个认识小伙伴深入交流了解自己的平台，老师十分亲切善良。平时没作业，巨轻松考完两天出分，再也不用担心等分煎熬，ballball老师或许可以考虑一下不卡绩？
114679,2015,杨宏飞,2019-07-11 03:35:39,0,4,4,好好背了考点，认识了一群很好的小伙伴 4.8
114868,2015,杨宏飞,2019-07-12 06:15:12,1,2,1,给分真的真的真的不行，哭晕在厕所了，写满了而且应该都对到考点才3.3，累了不想再说了。
114940,2015,杨宏飞,2019-07-13 01:02:04,0,0,0,期末其实认真背了还不是很难（准备了将近两天吧，其实不到），平常除了周记和最后一个咨询作业（也不是很麻烦，主要是找不到人）以外没什么事，听不听讲随缘，但要签到，讨论课聊天很开心（结课以后和组员关系也都很不错，毕竟每周尬聊一节课）。背考点的时候一定要理解着背，不死记硬背，这样答题时才能更好运用。其实看进去了很有意思（因为我是对文学哲学十分爱好的理工生……）
130904,2015,杨宏飞,2021-01-25 07:47:57,3,4,1,讲课还行吧，但是给分真的低！！！！！！问了小组同学，都没有上4，明明大家讨论什么的都很积极，考试也好好考，可就是不肯给4，给分太差了。
130937,2015,杨宏飞,2021-01-25 09:49:53,0,3,3,每节课点名，上课是有意思但是给分是真的坑，一门课拉我均绩0.27，慎选
131043,2015,杨宏飞,2021-01-25 16:17:15,1,1,0,前不久帮别人做心理咨询的现在要看心理医生了，呜呜～什么积极心理学，什么玩意儿
133327,2015,杨宏飞,2021-02-25 16:18:28,-1,2,3,老师还是很幽默的，但上课签到设置的很鸡肋，一次一个人签一组助教也从来不管我们哈，看很多人吐槽给分低，但感觉自己作业好好做，考前背了两三天，最后4.5了，满足了
137658,2015,杨宏飞,2021-07-05 13:28:11,0,1,1,讲课好，给分差。慎选慎选
138415,2015,杨宏飞,2021-07-09 04:24:11,1,2,1,给分认真的吗
149153,2015,杨宏飞,2022-01-14 14:37:41,4,8,4,tnnd，又一个正态，这分数就离谱
149174,2015,杨宏飞,2022-01-14 15:38:05,16,19,3,收获了史上最低绩点，直接原地去世……\n\n我需要一波心理咨询……来维持心理健康……
149291,2015,杨宏飞,2022-01-15 03:58:09,1,3,2,心理健康与心理咨询，客观讲杨老师上课非常非常有意思，讨论课业很水且有收获，但是这个给分我真的是服了，拼绩点的慎选！
158125,2015,杨宏飞,2022-06-27 05:44:42,7,8,1,杨老师讲课风度翩翩，讨论课能认识许多有趣的小朋友，课程内容也不难，作业是一次个案咨询和心理周记。期末前会发提纲，照着提纲背诵就OK，背了两天最后4.8
158570,2015,杨宏飞,2022-06-30 08:57:14,5,8,3,杨老师讲课还是比较幽默的，上课也是到登记表上签个到就可以了。最后考前用98的祖传资料认真背两三天，把咨询方法和PAC理论搞清楚（这次考试两大道分析考的是这两个知识点），考试主观题给的范围很广（请用所学知识分析-  请用积极心理学知识分析——），感觉还是需要好好背一下讲过的知识点。最后考试复习的比较认真写的也很慢，出分4.8，不知道是不是给分跟以前比已经变好了...
169786,2015,杨宏飞,2023-02-28 01:58:20,5,5,0,老师对于心理健康与心理咨询有很丰富的教学、研究经验，上课听讲感受挺不错（条理比较清楚，案例故事超级多，听得津津有味），期末考背知识点挺痛苦。但是在完成各种学期中作业的情况下，期末好好备考、认真背了，把记得的能写的尽量写上卷子，绩点不会低。学期中的作业包括写心理周记、心理咨询并写分析、小组心理剧展示等。
169845,2015,杨宏飞,2023-02-28 06:02:34,2,2,0,个人觉得选这个课还不错的，应该是通核里比较水的了。最后没怎么复习，绩点也不高，但是不算主修，也无所谓。
171452,2015,杨宏飞,2023-03-24 15:11:42,4,13,9,一天只知道绩点，又不是主修你计较个啥？学到东西了没啊
175032,2015,杨宏飞,2023-06-21 07:39:23,1,1,0,还有两个多小时我就要去考试啦，什么都没复习，看似凶多吉少了
175097,2015,杨宏飞,2023-06-21 13:16:29,7,7,0,通核课，没出分，讨论课超有趣，杨老师不管是长相还是讲课都好有喜感哈哈哈哈😄
188743,2015,杨宏飞,2024-01-19 20:13:20,4,4,0,除了期末闭卷考试毫无缺点\n\n但期末考完下来确实是只求不挂了
190049,2015,杨宏飞,2024-02-17 09:36:52,5,5,0,1.讲课讲得很有趣，条理这些很清晰，会学到很多东西\n\n2.闭卷考，期末考前发提纲，对着教材和提纲考试当天背一个早上+一个下午，最后4.5，其实没有那么难背！\n\n3.讨论课挺有趣的
190167,2015,杨宏飞,2024-02-24 07:17:57,3,3,0,讲课很有意思，会拿现实古早案例来讲原理\n\n讲真心理健康与心理咨询这门课还是有些干货的（认真听的话），除了闭卷太伤了\n\n考试题目不难，背背就会，还有老师会捞！\n\n\n\nPS：本门课综评包括考勤（含讨论课）+心理问卷+心理剧（小组）+心理周记+实操（做一次心理咨询师）+期末考  （然而没有论文我已经谢天谢地了）
195679,2015,杨宏飞,2024-06-29 13:23:10,1,2,1,老师讲课很有意思，讲一些小故事真给我教会一些心理咨询技巧（我甚至没仔细听课），但是这门课是闭卷考，追求高绩点不容易。但课和老师是非常好的，10分给到
197552,2015,杨宏飞,2024-07-18 14:12:38,-1,3,4,通核，上课签完到就跑，讨论课自习，考前背一背4.2
209384,2015,杨宏飞,2025-01-06 00:48:44,9,12,3,给分真的巨差啊孩子们
209387,2015,杨宏飞,2025-01-06 01:01:24,-7,1,8,作为刚刚看分的同志，一下几点评论\n\n1.给分……难评，为啥呢，lz这门课从12月初开始天天背，考前一周每天拿三个小时来背，其它要求都做了，你告诉我89？（不是说相比评论区其它人三点几的，我只是想告诉后来的这门课不是靠努力就能上去的，当然也有背两天4.8的，所以掌握学习方法很重要，但是谁能告诉我学这门课的学习方法是什么）\n\n2.早规划啊学这门课的（早找历年卷，按照给分细则下手啊，光看期末百分之50的分数上不了90的）\n\n3.单论这门课的实际用处：上课有意思，但是感觉实际意义不大，我这门课学到的都是在自己备考期末的时候自学到的心理咨询理论（可以库库吹牛逼用）\n\n4.助教很好，温柔且漂亮，打call打call
209480,2015,杨宏飞,2025-01-06 05:09:50,6,6,0,10分给助教姐姐，人很好！最后一节讨论课课很感动，一起拍合照、写祝福语\n\n课程扣两分，给分不太好，平时不听绩点完蛋，而且有点卡绩，考前补天效果有限，我上课水但作业认真做，出分只有3.9，想水的同学还是要慎选\n\n讨论课很有趣，但考试闭卷且较难
209973,2015,杨宏飞,2025-01-07 15:35:52,0,1,1,通核讲的真的很有意思
221556,2015,杨宏飞,2025-06-24 12:18:49,1,1,0,心理健康和心理咨询的通核课，事少应该是公认的，每周讲课没啥硬核内容，讲讲理论和一些案例（像在听段子），讨论课小组随便聊聊，也挺轻松的。心里周记和期末的心理咨询作业对质量要求感觉也没那么高。总体蛮轻松的。给分见仁见智，主包期末一天速成4.8，推荐大家选
310,2127,马剑虹,2015-03-15 00:37:12,20,32,12,呵呵
8739,2127,马剑虹,2015-09-25 04:22:40,1,4,3,。。。有毒
9031,2127,马剑虹,2015-10-10 17:12:49,0,5,5,颜值高
20571,2127,马剑虹,2016-01-28 13:12:49,0,0,0,一般吧
20706,2127,马剑虹,2016-01-30 05:13:26,0,0,0,何厚铧
21470,2127,马剑虹,2016-02-29 03:12:08,0,0,0,红红火火
25107,2127,马剑虹,2016-05-05 10:51:27,6,7,1,呵呵，给分有毒
41396,2127,马剑虹,2017-01-18 01:28:56,10,13,3,西溪鸽王，发票大师
41767,2127,马剑虹,2017-01-12 14:11:04,18,19,1,从作业到考试就是在搞人
47578,2127,马剑虹,2017-02-02 14:14:11,5,6,1,不必修的话就别修了吧  超坑超坑 搞事情
48784,2127,马剑虹,2017-03-13 02:48:53,8,9,1,可能是心理系除了爱情鸟最差的老师/手动微笑，比爱情鸟给分不知道差到哪里去了
51597,2127,马剑虹,2017-06-07 11:59:29,15,18,3,从不点名，因为自己都有可能鸽掉自己的课
52914,2127,马剑虹,2017-06-23 13:07:26,3,13,10,某些人因为上课无法跟上马老师高逼格的英语和如同L.Thurstone般深邃的思想，以及高度负责的作业要求，就对马老师妄加评论。\n\n在我看来，马老师就如他课上提到的Guttman Scale一样大智若愚，比起因为公务繁忙，不喜欢经常往紫金港跑而让助教代课的心理统计老师真是不知高到哪里去了！
60926,2127,马剑虹,2017-11-03 02:34:46,-2,3,5,哈哈哈哈，心疼我马爷爷
73700,2127,马剑虹,2018-02-02 17:34:34,0,0,0,。。。
74695,2127,马剑虹,2018-03-05 06:19:18,1,2,1,呵呵呵
79007,2127,马剑虹,2018-05-20 05:53:56,1,1,0,略略略略略
79480,2127,马剑虹,2018-06-06 10:54:41,1,2,1,懒散，拖延，自大，漫谈
114639,2127,马剑虹,2019-07-11 02:21:48,1,1,0,心理学研究方法:感觉上课有点..难跟上老师的节奏吧，讲一些可能我们学生觉得没有必要讲的事情，或许老师可以把重点更多的放在讲知识点上。希望老师讲作业的时候能讲的稍微清楚些，作业布置的更加具有科学性和严谨性。这课给分可能比较硬核，建议期末考好好准备，感觉期末下功夫应该是会被看见的。
122694,2127,马剑虹,2020-03-20 03:33:52,0,0,0,。。。
126709,2127,马剑虹,2020-10-14 18:50:24,1,4,3,老师不错，可天天让尼哥助教老师上课就离谱
133058,2127,马剑虹,2021-02-07 10:43:07,0,0,0,管心给分吐了，傻孩子们，快逃啊
133088,2127,马剑虹,2021-02-08 01:36:38,0,0,0,其实我觉得给分还挺好的欸，之前都说绩杀，出成绩也等了很久，焦虑死了，但是成绩出来还不错，毕竟我就背了一晚上，上4不错了…
135410,2127,马剑虹,2021-05-10 03:02:41,-7,1,8,经济心理学4.8，平时两三次作业期末闭卷。因为感兴趣有努力学，老师讲得也可以。
172085,2127,马剑虹,2023-04-19 03:47:21,1,1,0,中间五次课缺课，最后10天里补课+3篇读书报告+1次实验报告，好家伙，合着长学期的量都被你给压缩到10天里了呗。
172127,2127,马剑虹,2023-04-20 04:15:04,1,1,0,有些根本不适合授课教学的老师就别出来上课了，还算成必修，留的作业满天飞而且不清不楚，导致根本无法进行。还要在周末补课占用时间，考试内容也不说，我只能说不用上这个课的人有福了
172683,2127,马剑虹,2023-05-04 09:46:43,1,1,0,狗都不学
172686,2127,马剑虹,2023-05-04 11:44:16,1,1,0,给分很差
172735,2127,马剑虹,2023-05-05 16:53:38,0,0,0,五次作业都写得还行吧，期末也考了差不多，能给66是真离谱。很无语的课，能不上就别来！
174766,2127,马剑虹,2023-06-17 07:36:28,0,0,0,给分太差了，1分不解释
15595,2812,钱秀莹,2016-01-15 13:54:53,14,15,1,老师语速一直很快不过超级和善嗯
20568,2812,钱秀莹,2016-01-28 12:51:08,5,7,2,很棒!超级和蔼慈祥⊙▽⊙
34562,2812,钱秀莹,2016-10-13 15:25:01,8,8,0,第一节上课就表示从来不点名，这样自信的老师值得尊敬。
54703,2812,钱秀莹,2017-06-30 05:12:25,6,6,0,较快的语速代表着力量和能力
66621,2812,钱秀莹,2018-01-17 14:33:05,1,1,0,老师很萌
72621,2812,钱秀莹,2018-01-30 14:00:25,2,2,0,难得的几个好老师
132207,2812,钱秀莹,2021-01-31 03:33:14,2,2,0,超超超超超级好的老师!
144250,2812,钱秀莹,2021-12-21 02:37:25,2,2,0,讲课很有意思，会讲很多例子，平时也几乎没任务，就是ppt比较迷，不过是根据书本来讲的，所以不是很影响。期末不考试，交一篇论文就可以了。总之还是蛮不错的。
144695,2812,钱秀莹,2021-12-23 08:01:31,3,4,1,心理学导论:事情超少，就两次心理学实验和一篇期末总结论文
144985,2812,钱秀莹,2021-12-26 08:07:50,4,4,0,能力很强，事情也很少，推荐心理学导论（专业课）
145152,2812,钱秀莹,2021-12-28 01:37:28,4,4,0,非常好的老师，讲课生动有趣，有干货有事例，并且心理学导论期末只需要写课程总结论文
147384,2812,钱秀莹,2022-01-10 01:40:30,2,4,2,非常好的老师，真心推荐。
149563,2812,钱秀莹,2022-01-18 07:33:30,1,1,0,给分超级好\n\n讲课比较拓展，会有一些无聊。\n\n老师答疑个方面都很及时
149947,2812,钱秀莹,2022-01-18 02:46:41,4,4,0,老师貌似是第一次开心导（心理学导论），平时非常非常水，不需要做很多实验，期末考试改成论文。当然，个人感觉平时讲课比较无聊，相对于我上的通识心理学及应用而言学不到太多东西，给分一般般，不算差（就我个人情况），想水的完全可以选
149970,2812,钱秀莹,2022-01-18 06:14:21,-1,4,5,给分真不咋地
150993,2812,钱秀莹,2022-02-22 00:00:54,0,0,0,无敌，心导爆选！
154142,2812,钱秀莹,2022-05-24 12:17:27,0,0,0,除了语速比较快都很好滴
177862,2812,钱秀莹,2023-07-05 06:24:51,0,0,0,心导今年第一次考试，个人感觉上课还是比较轻松的
178469,2812,钱秀莹,2023-07-12 05:38:05,4,5,1,出分前就说不管她给我多少分我都给她1分。。。但是她给得好像有点多。。。竟然有点不好意思了。。。但是从没见过这么离谱的老师，上课全讲例子考试还闭卷考说“不用写得很准确”，根本不知道怎么复习。用的ppt感觉是上个世纪的，上面基本还是英文，配套的还是另一本教材。。。
1744,2836,陈树林,2015-03-24 03:13:42,31,45,14,上课很轻松\n\n社会心理学课讲人际交往之间的问题\n\n不错
7125,2836,陈树林,2015-09-03 09:43:31,14,23,9,会讲很多例子和故事，人很温和，上课轻松，循循善诱的类型
7983,2836,陈树林,2015-09-16 11:00:01,6,12,6,第一次课就被吸引了。
8637,2836,陈树林,2015-09-23 11:48:24,9,16,7,讲课很有意思很有趣
9998,2836,陈树林,2015-11-14 06:29:56,-1,4,5,论文有点多，一门秋学期的课写了5篇论文，不过真的可以学到知识，老师人特别好！
10789,2836,陈树林,2015-11-23 05:20:46,-1,4,5,一个字好。
11182,2836,陈树林,2015-11-25 04:47:59,1,5,4,很多例子很有趣，但是一共8节课有三节是另外的女老师代课…
13950,2836,陈树林,2016-01-03 01:55:23,-1,2,3,很好的老师，给分好，讲得很有趣，会有很多自己做咨询师的例子
21585,2836,陈树林,2016-02-29 08:52:26,-1,2,3,老师讲得很好，很不错的知识。并且作业也少三次小作业一次论文
35417,2836,陈树林,2016-11-18 08:55:12,1,3,2,给分很迷，上课其实挺有意思的
37332,2836,陈树林,2016-11-18 10:22:04,-1,1,2,很幽默风趣，讲的东西也有用~值得一学，给分也好！
43345,2836,陈树林,2017-01-16 07:24:56,-1,5,6,唯一一门一节课不落听完的课
43401,2836,陈树林,2017-01-16 08:18:24,3,7,4,心理系讲课水平最好的老师之一，每次听完课都充满了人生的动力，感受到人生的价值。给分也真的是毫不吝啬，为人师表，医者仁心。
59241,2836,陈树林,2017-09-20 10:38:22,-1,2,3,很轻松 有趣
60150,2836,陈树林,2017-10-11 12:55:00,-1,1,2,有趣，不嚼课本，会讲很多对个人有益的东西，人也很好，受益匪浅
60891,2836,陈树林,2017-11-01 12:57:09,0,1,1,开心，很好玩
61581,2836,陈树林,2017-11-19 01:33:07,2,7,5,我就客观的描述老师讲课吧。老师很和蔼，会举自身的例子来讲课，但并没有很有趣，有时候你都替他尴尬（因为没同学理他）。那么厚的书基本没用过，但内容有点多所以只是讲了重点。评时作业也就两三个论文。容易水学分。
62063,2836,陈树林,2017-11-22 10:19:05,31,39,8,今天也是星期三，我来得挺早的，但是不再是坐电梯直达那个四楼的教室。我依然坐在第三排左起第一个位置，但是不会再有社会心理学的课了，老师也不会在上课的时候说他观鸟的事情，引起底下一片唏嘘了。因为有这样的想法，就突然想来评论了。\n\n第一次上课就觉得听老师讲课很舒服，非常温和。听这门课也的确能够收获到一些奇怪的知识，对于更好地管理自己和与人相处应该是有益处的。老师偶尔会讲一些类似鸡汤的话←_←“要告诉自己我有能力把这件事情做好”“考差了的话应该归因于考卷太难（有玩笑成分）”之类的。但是我很喜欢这样的话哈哈！每次过了浑浑噩噩的周末，狂补作业的周一周二周三，到了周三的夜晚，上课的时候就突然又对生活充满了信心！\n\n点名有三次，是在纸上签到的形式，忘签了也没关系，告诉助教一下就好；帮忙签也没关系，反正不会被发现的...\n\n作业方面，有两次论文，都是1500字+，期末写的时间管理方案觉得很有实际用处（虽然到现在还没实行就是了...）\n\n偶尔会叫我们做奇奇怪怪的问卷。\n\n虽然学这门课整体任务挺轻松的，但是想水的同学还是不要选了吧。毕竟还有很多人是真的想学习一点东西，接触一个有人格魅力的会观鸟的老师。\n\n啊废话好多，也只有匿名才敢做马屁精了哈哈哈哈，不要孤立我！！
62257,2836,陈树林,2017-11-23 15:12:00,-2,3,5,我上的是陈树林老师的社会心理学。老师人超好！！！上课风趣幽默，感觉人生阅历很丰富的样子。我们这学期交了两篇1500-3000字的论文，第一篇我写了2000字，第二篇我写了3000字，最后绩点4.2_(:з」∠)_给老师笔芯。
62260,2836,陈树林,2017-11-23 15:16:14,-5,1,6,水课啦，不建议选的。。。
62268,2836,陈树林,2017-11-23 23:21:36,0,2,2,老师超有趣！会在你问问题的时候耐心解答！
62429,2836,陈树林,2017-11-25 07:47:36,2,14,12,给分没有标准，很随意，两百多人的大课一人交两篇论文写的再好老师也不会认真看的。上课很水，节奏很慢，感觉没有学到什么干货，甚至还不如来代课的女老师讲的有用。想学知识、想刷绩点就慎选吧。
62597,2836,陈树林,2017-11-26 06:10:57,7,12,5,认真写了2篇论文结果被正态了呵呵
62854,2836,陈树林,2017-11-27 07:07:27,-5,3,8,本来很喜欢的课程 一节不落地认真听完 论文也认真写了 结果被正态?真的无话可说……
63034,2836,陈树林,2017-11-28 03:25:30,0,1,1,点名点名点名！
63119,2836,陈树林,2017-11-28 11:28:44,0,3,3,老师讲课很有趣生动，但是由于课程安排的原因没有办法系统深入地学习，感觉自己还是只知道一些皮毛。课程整体感觉还是水水的，和成绩挂钩的就两篇字数不太多的论文和水水的签到。书很贵，而且基本用不上，想自己多学些的话课本还是很棒的。论文好好写，有自己的想法和认真的态度分应该不会低。
63316,2836,陈树林,2017-11-30 10:57:41,-1,1,2,老师人很好，很有耐心，给人一种亲切的感觉。比较轻松，四次点到，两篇论文，还有字数上限防止你恶竞。认真写分数不会低。
63360,2836,陈树林,2017-12-01 12:25:19,0,1,1,超棒超棒！我上的是社会心理学，超有趣，还有很多小故事。
86934,2836,陈树林,2018-09-19 12:10:29,0,4,4,让我对心理学这门学科有更深层的认识，上完课如沐春风，犹如刚在温暖的阳光下沐浴完。绝对的好老师，引人入胜的教学方法，让同学们见识到了十年树木，百年树人的精神。好评
87910,2836,陈树林,2018-10-17 11:42:06,3,6,3,看到没有
87984,2836,陈树林,2018-10-19 08:48:33,1,5,4,社会心理学很放松，内容有趣而且易于接受。大概是我本学期上得最开心的一门课了
88758,2836,陈树林,2018-11-07 11:24:26,1,3,2,觉得很赞\n\n就是这学期社会心理学论文没有字数上限\n\n鹅颈开端⋯
89480,2836,陈树林,2018-11-19 09:12:44,3,9,6,真的是一个非常非常有才华的老师！待我们很温柔而且经常和我们分享自己观鸟以及作为心理医生的小故事。能抛出很多现象背后的问题，也能剖析得非常清晰。作业只有两篇很短的论文，期限也没有特别严格，总之老师和助教都很好！
89852,2836,陈树林,2018-11-21 04:36:12,3,6,3,老师上课体验很好，人和蔼可亲，最后一节课会抽一节课让我们自主提问。上课也比较有趣，总会讲一些他自己碰到的实际病例。总之，喜爱心理学的小伙伴可以pick这位老师
90594,2836,陈树林,2018-11-24 09:45:20,2,9,7,老师很好，不怪老师怪正太?
90595,2836,陈树林,2018-11-24 09:55:08,-6,5,11,想听或想水都可以，讲亲密关系的一课很有趣。论文就只按字数要求写，最终居然依旧有4.8！！太感动了！
90599,2836,陈树林,2018-11-24 11:47:25,-4,3,7,陈老师教书的同时也是心理医生，说话亲切自然，能触及同学心灵。缺点是上课有些随意，干货不多。给9分吧
90621,2836,陈树林,2018-11-24 15:19:02,9,16,7,认真听课。认真对待并不繁重的两篇论文。我满了。\n\n老师真的很好。上课轻松，如沐春风。在陈教授之后或许不会有第二个老师的课再让我如此喜欢了。
90632,2836,陈树林,2018-11-24 15:35:48,0,2,2,超级有趣的老师!上课很有内容。没有考试，只有两篇论文。给分也可以～(￣▽￣～)~
90638,2836,陈树林,2018-11-24 15:52:39,0,1,1,还不错
90791,2836,陈树林,2018-11-26 05:24:55,1,4,3,|•'-'•)و✧课还是挺有趣的 两篇论文 给分也不错～
90795,2836,陈树林,2018-11-26 05:50:37,2,7,5,对生活有很大的帮助。两篇论文认真写了，绩点4.2，开心
91150,2836,陈树林,2018-12-02 03:23:37,1,3,2,老师很好，课也很有意思，可能最后期中期末论文会有些恶竞。。。？绩点不算很高
91223,2836,陈树林,2018-12-03 16:15:03,3,8,5,真心推荐這位老師！！！不是心理學的同學也可以選選他的通識課，真的乾貨滿滿，老師個人也非常幽默，上他的心理通識課學到了很多，真的在愉快中學習！！！而且平常過去聽聽課也很舒壓，心理真的會舒服很多（老師個人覺得給分不錯的，因為像我這種上課不記筆記＜連書都沒買的同學＞也能學到很多東西），老師完美令教育成果結在同學的心里，而不是冷冰冰的課本和复習資料上。
92404,2836,陈树林,2018-12-28 09:28:10,1,3,2,我真的爱了，这老师必选
93735,2836,陈树林,2019-01-12 11:24:19,0,1,1,老师真的好温柔啊
95822,2836,陈树林,2019-01-20 05:59:24,-33,5,38,上课没听\n\n期中期末恶竞\n\n4.8\n\n（呲牙笑）
96232,2836,陈树林,2019-01-20 14:45:11,-2,3,5,唉唉唉，一言难尽
97229,2836,陈树林,2019-01-22 00:52:06,9,13,4,上了老师秋学期的社心通识。\n\n一位非常享受生活，经历过很多的老师，他喜欢观鸟，他曾经在精神病院工作过，他曾经是一位心理咨询师。他见过形形色色的人，因此会有很多自己参悟出来的道理，上课的时候也经常会用他经历过的事情来当作例子讲知识，让人受益匪浅。\n\n我依稀记得，每一周，都在期待周三晚上的那个西一的教室，那是我一周中最幸福的时刻。他总像一个朋友一样，给你分享很多经历，分享很多自己的看法，让你对知识有更深刻的理解。后来我开始疯狂安利同学来旁听，起初我害怕老师的风格不被他们接受，没想到他们也说，这个老师讲的课好好。\n\n老师布置了两篇论文，都是谈谈自己对某个理论的看法，没有期末考试，两篇都是你认真查文献，自己深刻理解一遍这个知识点之后，会对你将来的生活很有益处的知识点。当然，有鹅颈，你要是啥课也不听，那其实也是门水课。毕竟老师从来不会点名，也没有课后作业。但是你认真听了，就能学到很多。\n\n我起初是不为绩点去报这门课的，因为非常喜欢这个老师，后来的两篇论文我都查阅了大量的文献，再把自己对这两个理论的看法整合到论文里，没想到我一个工科生却在一门理科中比较偏文科的课程里，拿到了自己的最高分。\n\n鹅颈是存在的，当然也别一味喷老师，毕竟我也不知道论文是老师批的还是助教批的，如果您只追求高绩点，那么我不欢迎您来，毕竟这门课绩点是真的不稳定。如果您想学到社心在生活中的运用，那请您来听吧，老师讲的绝不只是浮于文字之上。
118897,2836,陈树林,2019-11-07 11:51:26,0,2,2,老师人挺好的，亲切幽默，上课会讲很多有趣的故事，还会给我们放电影分析人物心理，也会按排依次叫同学回答些小问题。事不多，能水课，期中期末一小一大两篇论文就完事。虽然我中后期一直水课，但真心觉得这门课特别有意思，是为数不多的能放轻松去享受的一门课。
119914,2836,陈树林,2019-11-17 00:31:02,-1,0,1,老师讲课风趣
119951,2836,陈树林,2019-11-17 01:48:46,0,1,1,都给我选！！老师特别可爱啊！上课很听得进去，讲的东西很接近我们生活，能让你看到生活不一样的一面，有不一样的思考，观鸟的经历也经常出现在课上，哎真是温柔有趣又可爱！（现在对心理学特别感兴趣呜呜）顺便表白一下助教姐姐，助教姐姐真的特别特别好！(⁎⁍̴̛ᴗ⁍̴̛⁎)大一其实没什么通识课对经验，但是两篇论文认真写，加分作业啥的也努力完成，绩点很棒！！开心！！
119998,2836,陈树林,2019-11-17 04:06:17,-1,0,1,享受，如沐春风
120013,2836,陈树林,2019-11-17 04:44:32,-1,0,1,老师的课特别有意思，会讲很多有趣的心理学知识而不枯燥，认真完成论文的话给分也很高(ง •̀_•́)ง\n\n我 吹 爆！
120032,2836,陈树林,2019-11-17 06:29:33,-1,0,1,老师人很幽默很亲切～课堂氛围很赞。能水但内容很有趣很值得听！社会心理学通识基本没有作业，就期中期末两篇论文～最后绩点也挺不错的 感谢！
120267,2836,陈树林,2019-11-27 02:03:15,-2,0,2,超棒的老师 通识正态而已
127663,2836,陈树林,2020-11-25 13:59:07,-1,1,2,老师和蔼可亲，内容贴近生活，非常实用。\n\n课上会签到，有两篇3000字论文。\n\n是这个学期最喜欢的课，喜欢心理学可冲。
128038,2836,陈树林,2020-12-04 02:01:39,2,4,2,给分比较随意，就靠两篇论文，期末论文还不设字数上限。。。虽然讲得不错但是对通识课比较不上心，想水可以选，记住不要买书浪费钱！
128764,2836,陈树林,2020-12-25 07:38:34,-1,0,1,上课很有趣，有部分是干货，给分也还可，挺好的
129331,2836,陈树林,2021-01-04 07:54:22,-1,1,2,我真的觉得老师上的很好哦！\n\n一点都不水！\n\n让我真实地看到了精神科医生的生活！\n\n这是我最仰慕的老师！！！
129608,2836,陈树林,2021-01-08 13:07:25,-2,0,2,好老师！
130825,2836,陈树林,2021-01-25 00:48:13,9,16,7,“我希望我们还能在课堂上遇到，也真心希望各位不会在我的心理诊室遇到”
142189,2836,陈树林,2021-11-08 10:56:29,-1,0,1,很轻松，在上了一天课的疲惫的周三晚上，能放松地学到一些很神奇的心理学。作业布置的两篇论文也是用心良苦，真的是想让学生把握自己的未来。\n\n助教小姐姐也超赞
142272,2836,陈树林,2021-11-09 13:09:12,-2,0,2,太棒了
142553,2836,陈树林,2021-11-13 06:44:24,-1,0,1,虽然还没看到最后分数 但是这门课真的很赞 非常喜欢 老师讲的一些内容 会让迷茫的我感到平静 不过课程是短学期的时间有限 如果有时间讲的更深入一些就更好了
143043,2836,陈树林,2021-11-18 10:46:27,-1,1,2,平时上课氛围很轻松，很有趣的同时学到了一些实用的心理学知识。\n\n作业是两篇论文，认真写注意格式应该不会差。\n\n比较推荐大家选社会心理学！（就是学期太短了QAQ
143056,2836,陈树林,2021-11-18 13:14:17,1,2,1,老师讲得不错，助教小姐姐也很好，学到了很多社会心理学理论（虽然不深入），是个好课。论文也认真写了，但是不知道最后为什么被绩杀了？！
143076,2836,陈树林,2021-11-18 17:45:10,8,9,1,这不太像是正态了，根据现代教务管理系统的成绩更正公示，一大片的70-80的同学，26个人里就没看到任何一个超过80的…这是单纯的给分差吧
143133,2836,陈树林,2021-11-19 16:58:28,-1,1,2,陈老师的课真的很有趣，即便是晚上三节也基本不会感到犯困（其实实在想睡也没什么问题的，不过你会错过很多乐趣），课本对于这门课来说其实意义不是很大，主要就是两篇论文可能对于一些同学来说会有点棘手，主要还是要依靠对于一些心理学理论的理解和阐述，其实只要格式上结构上写到位了给分不会差的（当然也别水得太过分），像我自己就是DDL前一个周末才从零开始肝的期末论文，最后绩点86/4.2，对于一门平时不需要太多功夫的通识课来说是相当值得的！
143275,2836,陈树林,2021-11-22 16:42:11,-2,1,3,出分了来打个分～课很有趣，就是讲的比较浅。给分。。。只能说写的论文是什么水平给分就是什么水平了。。。我论文写了一些没有新意的东西，给分就中规中矩，也算满意了。
143374,2836,陈树林,2021-11-24 11:44:23,-2,3,5,回复上面那个说正态的，注意更正前这些人已经是正态的低分段了，所以更正之后自然不能上80啊，很正常
144088,2836,陈树林,2021-12-17 10:25:34,0,3,3,幽默却自称内向的老师，总爱嘲讽数学系哈哈哈哈哈。虽然不能简单通过一门课学懂心理学，但是陈老师绝对可以把你领进心理学的大门。上他的课你能感受到，心理医生和心理疾病患者其实离我们很近，他们跟普通人没什么两样。
144677,2836,陈树林,2021-12-23 05:36:12,-1,1,2,（社会心理学 通识选修 秋学期）\n\n  陈老师是很典型的语速不快音量不大但说话很清楚的类型。也许是老师本身就是心理学医师的原因，听他的课会有被治愈的感觉。\n\n  课程本身偏向对心理学知识的科普，知识大多贴近现实且实用，认真听你会觉得收获颇丰。老师会用妙趣横生的语言和娓娓道来的方式，像聊天一样传授知识，你不必担心课程无聊。在讲亲密关系那一课，老师就边放电影边讲里面体现的心理学知识。\n\n  老师不会按照课本讲，所以有人说不必买课本倒也没错，但如果只是听课便很难把知识掌握下来。我这次课的作业是两篇3k+论文，第一篇关于16PF（一种心理测评表），第二篇关于计划行为理论。作业并不算多，从某种意义上你就算完全不听课也能完成。\n\n  给分情况请查看均绩\n\n  （・∀・）
147860,2836,陈树林,2022-01-11 04:24:16,4,5,1,上课好，给分大概不好，我没被正态但认识好几个二点几，可能是老师过于求是了
148264,2836,陈树林,2022-01-12 04:01:07,-3,0,3,陈老师上课超级有意思，课堂形式和发问是我学期结束回望所有课程中最有趣的。\n\n给分不多说，看均绩！总之推推推推荐！
154500,2836,陈树林,2022-06-02 02:26:03,-1,0,1,哈哈哈
154627,2836,陈树林,2022-06-02 13:43:18,-2,1,3,好老师o(^o^)o
160044,2836,陈树林,2022-09-12 08:04:24,0,4,4,他超级棒的！我好爱他！可是我真的会哭泣啊，作为大一非心理学专业新生被劝退，说作业量大，基础知识不够呜呜呜好吧我打算退课旁听😭
160828,2836,陈树林,2022-10-31 04:10:46,3,5,2,社会心理学作业改革，从一篇大论文变成四篇小论文加一篇大论文，作业量翻好几倍，对于一门通识课来说性价比极低，而且上课会叫人起来回答问题，想水学分慎选；好的部分是老师和助教人都不错，上课也算不无聊。还没出成绩，据了解是正常给分，反正卡优秀率是逃不掉的
161809,2836,陈树林,2022-11-14 11:39:57,-4,11,15,第一门下4的通识课，如果我不认真，那我活该，我现在就是想说，我不服😓
161824,2836,陈树林,2022-11-14 06:21:29,0,2,2,没太大用讲实话，不如心理学及应用
177694,2836,陈树林,2023-07-04 09:52:02,-7,1,8,男神男神男神！人很有趣很温柔，喜欢！
179582,2836,陈树林,2023-09-18 11:39:11,-5,1,6,选上是福
181009,2836,陈树林,2023-10-02 07:31:30,12,14,2,老师上课非常有趣，有很多生动的实例。但社会心理学一门半学期的通识课要交5篇小论文1篇大论文属实让人难崩
183113,2836,陈树林,2023-11-22 08:42:33,9,9,0,六篇论文写得太开心了
183121,2836,陈树林,2023-11-22 10:02:25,11,13,2,怎么说呢？就是产出与回报不成正比吧，六篇论文，这感觉比一部分专业课的体量还大，还是需要综合考虑一下学生的努力程度与所给分数吧
183147,2836,陈树林,2023-11-22 11:52:14,-1,4,5,好老师，给分和作业量比起来算一般，但也没有很差
183477,2836,陈树林,2023-11-26 14:01:40,13,14,1,用最大的工作量获得最小的回报。\n\n八周写6篇论文，每篇2000字，论作业量堪比微积分，结果呢？结果你告诉我绩点3.3？选这门费力不讨好的抽象课是我上浙大最大的失误。
183738,2836,陈树林,2023-11-29 11:26:12,14,16,2,短学期的课，五篇少于2000字的论文，一篇不少于3000字的大论文，真不知道是怎么想的...上课可以当段子听，但也差不多只能当段子听，PPT有跟没有一样，讲的完全没有逻辑，我在这门课学到的知识完全是因为要写作业。虽然我的绩点还行，但我还是不推荐上，可以旁听，但真没必要选课恶心自己。
184495,2836,陈树林,2023-12-21 01:39:39,12,13,1,上课啥也学不到，作业贼多，八节课6篇论文，绩点给的很难蚌！
187737,2836,陈树林,2024-01-17 09:16:18,10,10,0,这节课告诉了我，对于某些课程，绩点随作业量的增加而减少……乐，早知道就不该选他的课
189050,2836,陈树林,2024-01-21 12:37:53,5,7,2,社会心理学，作业量巨大，半学期6篇论文，承受不了的同学慎选；\n\n给分一般，疑似被正态卡了，但是相比其他通识课还算好的其实）
189737,2836,陈树林,2024-01-28 05:08:59,8,8,0,上课无聊，陈词滥调。论文6篇极其折磨人，最后获得的绩点还不高。他可能曾经是个好老师。但是现在真的黑化了。
190078,2836,陈树林,2024-02-19 09:16:15,8,8,0,这可真是绩点杀手啊，潜伏在通识课中的绩点杀手。坑人啊
193041,2836,陈树林,2024-06-03 02:55:43,8,9,1,这什么绩点杀手啊！本以为查老师上面分数够高就选了。给的绩点是不是有点离谱了啊！
205821,2836,陈树林,2024-12-12 06:41:50,9,9,0,事实证明2015年和2017年同学们古老的好评价对于现在的这门烂课并没有参考价值……看看最新评论你会发现这烂课“差评如潮”
206601,2836,陈树林,2024-12-16 11:07:43,-2,0,2,作业多，互动多😬😬😬
211538,2836,陈树林,2025-01-12 01:30:39,5,6,1,每次上课都很认真，作业也精心完成，全都是自己写的，而且也好好查资料了。我还记得有一次作业被评为优秀作业分享。结果，这个分数只能说是差强人意，有点像一片真心被辜负。慎选......
211558,2836,陈树林,2025-01-12 02:15:25,-3,1,4,很有意义的课，作业虽然多但是有价值，老师也能给你带来很多启发
211632,2836,陈树林,2025-01-12 05:26:57,-1,2,3,老师上课很用心，很喜欢和同学们互动，还会分享自己的经历，会给我们放经典电影片段，助教姐姐又温柔有好看（强烈夸夸助教姐姐），然后一学期点两次名，会提前通知。期末是一篇论文，不考试。作业的话确实偏多但是老师说这个是教务处要求的，貌似下学期社会心理学这门课要升级到2学分🥺🥺（1.5学分的末班车感觉自己亏麻了）我觉得对这一领域有兴趣的话，这门课是值得上的！！！
211963,2836,陈树林,2025-01-13 02:57:03,3,4,1,作业多中多，讲课水中水，给分低中低
218291,2836,陈树林,2025-04-22 11:07:26,0,1,1,这分给的是认真的吗？一个通识选修课让均绩直接低了0.2！你不如给个挂科得了！\n\n孩子们快逃啊！
8923,3424,徐青,2015-10-01 07:00:39,-12,4,16,呵呵。
9683,3424,徐青,2015-11-04 10:44:58,2,7,5,不错啊
12755,3424,徐青,2015-12-24 03:18:16,6,11,5,老师非常认真，幽默，有深度
15233,3424,徐青,2016-01-13 02:27:20,2,4,2,挺好的 不点名
20266,3424,徐青,2016-01-27 00:33:41,2,13,11,老师蛮可爱的、给分也不错，上课都不听，看看书考试照样能考好^ _ ^
22857,3424,徐青,2016-03-13 13:14:36,0,3,3,很好噢
24857,3424,徐青,2016-05-04 05:28:24,2,12,10,老师人很好，讲课和课后解答都很耐心，总是微笑点头说“嗯”。上的是“心理健康与心理咨询原理”，有问卷作为点名，但如果错过了也有别的补偿方式。第一节课的时候的某些建议很意外地在最后变成了保分方式:)很喜欢这个老师。
26053,3424,徐青,2016-06-15 08:47:59,-10,3,13,呵呵，看着办
26583,3424,徐青,2016-06-20 07:39:51,7,14,7,很和蔼可亲的一个老师，给分好
33764,3424,徐青,2016-09-21 11:36:50,-1,1,2,声音有时轻
34660,3424,徐青,2016-10-17 12:15:27,-1,3,4,这老师特别好
35112,3424,徐青,2017-01-04 14:45:49,22,29,7,为了助教姐姐来评论，助教熊婧学姐真的超棒的说，对我们太好了，好喜欢学姐啊啊啊，不想和学姐分别，学姐真的超棒！！！！谢谢学姐呢~
38166,3424,徐青,2017-03-08 07:43:05,46,50,4,老师很温柔，助教姐姐必须好评呀(/ω＼)
40500,3424,徐青,2017-01-04 14:09:19,0,2,2,享受，随心所欲
40524,3424,徐青,2018-01-29 00:27:37,5,8,3,助教好棒棒的说
42589,3424,徐青,2017-01-14 13:39:27,0,2,2,是我见过最好的助教学姐，
42590,3424,徐青,2017-01-14 13:39:34,1,3,2,为了助教姐姐来打分，助教姐姐真的很赞，大爱～
46541,3424,徐青,2017-01-22 02:15:51,2,4,2,为了助教姐姐来评论～助教姐姐超级好啊！这门课就算绩点低一点为了助教姐姐选一下也值了！
46546,3424,徐青,2017-01-22 02:27:39,1,3,2,讲课一开始感觉没什么内容，但后来就多了。老师讲课的时候有一种很落落大方的风度，感觉很自然。重点是助教，特别好！给分就…看你天赋吧……
46727,3424,徐青,2017-01-22 08:32:39,0,4,4,老师本身还是不错的，但是上课可能会有点无聊，中间会有一次问卷和一次心理学实验，平时的作业也只要做了就好，期末考试前照着复习思路看看就好，给分是不错的。另外，助教真的很好。
46759,3424,徐青,2017-01-22 09:26:38,2,6,4,老师很和蔼很亲切，会给大家推荐很多书，平时事情不多，期末考会给范围，压力不大。今年的助教姐姐熊婧真的超级好，很关心大家，最后会给大家复习提纲，我就是考试前一天照着她的提纲来复习最后4.5的～真的是我遇见的最好的助教姐姐了 ～必须给满分啊
49500,3424,徐青,2017-04-17 06:25:36,0,3,3,讲课清晰，条理分明，非常喜欢这个老师了，很有情怀
52549,3424,徐青,2017-06-21 03:29:25,-1,1,2,老师和助教学姐都很棒
52916,3424,徐青,2017-06-23 13:21:43,-1,1,2,沉迷助教小姐姐、小姐姐是好文明
52989,3424,徐青,2017-06-24 13:18:41,0,2,2,老师和助教姐姐都很温柔很为我们着想！\n\n平时不点名这学期只有两次作业，不会给我们太多压力，知识点和生活结合学起来还是很有趣的～\n\n对心理学感兴趣的话强推！
54874,3424,徐青,2017-06-30 11:02:44,4,6,2,单纯为了助教小姐姐来评论，\n\n可曾有第二个助教在考试周前自己整理思考题的答案给大家。如此用心！更何况平时又那么温柔体贴，和蔼可亲。心理健康与心理咨询，平时很水，作业少，考前复习，有助教，有资料，怎么可能考不好嘛！\n\n  如果没考好，那就是自己没有好好复习喽。平时分两次作业不写，明显找挂。不能怪老师，不能怪助教！！！
55545,3424,徐青,2017-07-02 01:19:28,4,7,3,老师是好老师 扪心自问 认真学了 作业交了 每节课都去  绩点怎么这么低？？
55560,3424,徐青,2017-07-02 01:56:46,2,7,5,最后一场考试看着徐老师一直在台上挂着酒窝微笑，眼神特别温柔，突然有种想学心理学的冲动
58897,3424,徐青,2017-09-18 10:24:09,1,3,2,老师和助教都超级好！
59522,3424,徐青,2017-09-22 04:00:31,-20,5,25,我tm怕是上了假的管理学？！？！？！你们前面各种好是什么鬼东西？日了这傻逼上课不能开手机？有事请假也要扣分？！？！exm？
72796,3424,徐青,2018-01-31 11:37:32,1,12,11,绩点低到无法想象。辣鸡老师，自己不想开课了吧
72798,3424,徐青,2018-01-31 05:44:40,1,9,8,还有别的专业课考试却要去背一大堆心理知识，根本还不理解就去硬背，通识课浪费时间影响别的考试，最后还拉低绩点我也是醉了，徐老师自己都说别太在意绩点，你们在意绩点自己掂量着选，通识2.1不是梦呵呵呵呵呵呵
72799,3424,徐青,2018-01-31 05:46:44,-1,2,3,老师很和蔼啊 考试的时候看他还是带着那样的微笑在讲台上真的很可爱
72906,3424,徐青,2018-01-31 09:54:58,5,9,4,平时分有实验分和思考题分数，实验应该做够要求次数就满了，思考题最后是助教在群里催了好几遍的，花点时间写写就有分，考前会给复习提纲和所有PPT，考卷几乎都是从复习题衍生过来的，考前认真背背老师不至于为难大家的，分数出来没有想象中好，但是不至于说很难看，的确是自己没有复习到位。我觉得老师给分还是比较公正严格的，以及某些平时不听课考前突击结果绩点低的同学来给老师刷低分的行为真的让人无语了，考试周大家都有很多专业课要复习，看你自己怎么取舍了，讲真通识课都是正态的没有义务帮谁拉高绩点的。老师很温柔，推荐了很多心理学电影和书籍，推荐感兴趣的同学来选课，还是很有收获的～
72918,3424,徐青,2018-01-31 10:48:04,0,1,1,不多说
80518,3424,徐青,2018-06-27 11:06:46,-1,1,2,只想给老师疯狂比心心～大学以来觉得最有亲和力的一位老师。自己是对心理学感兴趣，个人感觉收获很大
84797,3424,徐青,2018-07-14 01:49:26,-1,1,2,心理健康与心理咨询：老师很好，曾经是心理医师。非常温柔，说话温和缓慢，一直微笑，说话时非常关注同学的反映。我给10分，但就教学上来说不完美，有些教学知识点讲得并不是很清楚。课程内容是不错的，但光课堂学想透彻领悟比较难，PPT也没几个字，真正想学的同学课下最好再阅读教材和其它书籍。书老师推荐了很多，对心理学有兴趣的同学还是很适合学习这门课程的。考试有一定难度，考前想水水过不太可行，但按提纲弄清楚哪些详细记忆哪些理解的话，要背的东西不是很多。平时分想拿高的话也是有不少事情的。但是付出了成绩还是不错的。
84867,3424,徐青,2018-07-14 06:25:55,1,2,1,很好的老师，但是给分有那么一点点……
84907,3424,徐青,2018-07-14 10:09:14,1,2,1,一分给老师和蔼可亲带着酒窝的温暖笑容，一分给我太浅薄get不到的老师的哲学般的深度，一分给整个学期从不翘课却听了也没听懂的自己。评价两级分化挺大的就我了解来看，有人说老师具有大智慧，博学多闻，而就我看来，这种哲理的思维我还是太辣鸡，怎么样也get不到，如果你也和我一样搞不懂哲学，慎选。
85053,3424,徐青,2018-07-15 06:49:14,6,7,1,心理咨询及心理健康是蛮麻烦的课，因为有10小时的实验分和四份作业，还有额外的影评作业2份和每日步数记录10000步。对我来说，事很多，但老师是真的很用心教学和很慈祥，也推介了很多本心理学的书。不过考前ppt的复习坦白说太少字了，太浓缩了，所以建议看老师给的范围去复习课本，搞清楚基本的知识，就会比较好。基本的作业和实验做完，考试正常发挥，应该可以拿到不错的成绩的。我做完了这些考试得出来的成绩也是蛮满意的。虽说是通识课，但如果考不好也蛮亏的，会拉低绩点，看大家如何衡量专业课和通识课的学习呗。
99673,3424,徐青,2019-01-25 04:49:09,1,3,2,一开始觉得平时作业有点多和麻烦，讲心理健康的时候很想打瞌睡，但是后来对平时分的评分方式进行修改之后，平时分就很容易满了。上课认真听的话，应该还挺有趣的。老师很认真负责，很温柔。上cc98会搜到根据复习提纲整理的资料，我是根据那个复习的，但考试还是有一小部分内容没涉及到，例如名词解释中有考到心理健康促进、刺激反应等。还有就是建议看一下影片，至少是知道大概内容是什么，考试有关于影片的题目，不过是选做题。
102998,3424,徐青,2019-02-25 09:23:23,1,2,1,老师的课有一些有趣的例子，人也很和蔼。但是……绩点真的有点惨?
107008,3424,徐青,2019-05-08 01:31:17,5,5,0,好评的助教姐姐现在已经毕业了...可能是通识课老师上的比较有趣，但是专业课真的难受? 讲课太自我了，第四节课还在讲希腊神话...我佛了
107484,3424,徐青,2019-05-05 17:12:46,-1,0,1,很有意思的老师，虽然确实有时候讲着讲着就跑偏了，课堂时间有些不够用。
112091,3424,徐青,2019-07-03 13:11:29,-1,1,2,心理咨询与心理治疗:专业课平时作业有难度，任务相对重，老师上课有点玄妙，会发很多课外书，如果想自己有所提升，提升知识的广度和深度选这个课会不错，热爱文学的真的可以来探讨一波了，老师在精神分析领域是真的有造诣，非常注重答题的逻辑性，总的来说老师还是很不错的。考前复习和考试自求多福。
114869,3424,徐青,2019-07-12 06:17:21,6,6,0,心理健康与心理咨询课，给分是杨老师的，和这个老师关系不太大。但是上课讲到希腊神话我觉得应该再斟酌一下，感觉偏离了心理的科学严谨性。
116541,3424,徐青,2019-09-11 10:59:51,5,8,3,对不起但是我要指出来，这位老师适合自己搞研究，不适合上课，讲课像是在推销书籍，总是在讲怎么看书怎么找资料，但是必要的理论知识上课都不怎么讲，要我们自己课后看。那我干嘛不自学？怎么找书怎么看书这种需要每节课都教吗？真的是很迷很迷抓不到重点，也学不到任何东西，不管是变态心理学还是心理咨询还是认知神经科学都是如此，上课学不到任何东西！全靠自己跟着书学！
135578,3424,徐青,2021-05-15 06:01:50,4,4,0,给分奇低 快逃
135580,3424,徐青,2021-05-15 06:14:28,4,4,0,真的离谱，事情巨多无比，最后给分差到让人无语。上课总是东扯西扯，你倒是把重点讲清楚啊我真是服了，不要出来害人了好不好。
135668,3424,徐青,2021-05-18 13:18:40,1,2,1,楼下的逃早了，重新给分了，还不错
139603,3424,徐青,2021-07-18 09:21:06,2,2,0,？不知道上他的课能学到啥玩意，每天不知所云重点不明神神叨叨
149946,3424,徐青,2022-01-18 02:43:49,1,1,0,心理咨询通核，讲的比较无聊，给分也不太好
188103,3424,徐青,2024-01-18 07:58:06,6,6,0,心理咨询与心理健康课程：他讲课重点不突出，东拉西扯，不知所云，学不到什么东西。讲的“心理学故事”不是积极心理学案例而是“希腊神话”，我认为严重偏离了主题。相比之下，杨老师讲授的案例紧贴课程内容，并且让课程变得生动有趣了。也许徐老师有学术造诣和学术水平，但是他讲课水平是真的不怎么样。一堂课下来不知道他要讲什么。和杨老师的授课形成了鲜明的对比。
190050,3424,徐青,2024-02-17 09:41:42,3,3,0,优点：老师很和善，和你讲话如沐春风，就像心理咨询师一样\n\n缺点：1.期末考是说对着ppt复习，但是老师的ppt做的不咋地，比如说你想根据提纲找一个“乐观”的定义，虽然ppt的章节名里带有“乐观”，但是翻遍ppt都没有哪块内容在很清楚地介绍“乐观”，总之积极心理学ppt这块复习得很迷\n\n2.上课重点不清，不知所云
190168,3424,徐青,2024-02-24 07:21:57,2,2,0,徐老师主讲积极心理学\n\n但是上课以希腊罗马神话开篇让人摸不着头脑\n\n课程内容比较虚所以讲课有点无聊\n\nPPT批注不会保存上传，建议上课的同学有必要时拍照\n\n不如杨老师但是能接受
34561,3471,周吉帆,2016-10-13 15:24:04,-7,1,8,幽默风趣
34787,3471,周吉帆,2017-01-21 09:23:38,-9,1,10,相当好
46897,3471,周吉帆,2017-01-22 22:46:42,-9,0,9,男神老师 给分好 而且考察的是你运用知识的能力 不是死记硬背
51830,3471,周吉帆,2017-06-12 01:10:24,-5,2,7,特别好，男神\n\n
58726,3471,周吉帆,2017-09-16 05:29:25,-8,0,8,非常好
59941,3471,周吉帆,2017-09-28 14:02:51,-8,1,9,讲课贼棒，给分贼好
104896,3471,周吉帆,2019-03-30 04:15:37,11,15,4,为什么要利用分数要求学生做实验?学生是上课学知识的，不是你开课，用来当做实验对象的好吗？
106519,3471,周吉帆,2019-04-28 03:40:58,7,11,4,with high zhuangbility and low academic performance
106521,3471,周吉帆,2019-05-05 05:30:54,5,6,1,给了1分，上课总体难度高，基本就是一门高级的计算机课。一门通识课要靠参加他们院的课外实验拿分，60分钟给一分，我一次也没去，76，还刻意卡绩点，服了。
106532,3471,周吉帆,2019-04-28 04:23:30,4,5,1,做360分钟实验头大\n\n上课说实话很难听懂 专业知识较深
106534,3471,周吉帆,2019-04-28 04:43:18,9,15,6,绩点4.5，但是我一点也不开心。首先，如果想刷绩点，这门课要干的事情特别多，恶竞气息浓厚：你可以选择参加课后讨论，然后你会发现一些不要脸的在讨论现场做作业，然后签个名就走了，助教也不会管，或者是有些人讨论结束前10mins来签个到，woc？？？这波操作真的瞎了我的眼；还要做心理系一群主试的心理实验，60mins+1分（我的时间没有这么贱好吗？！）；三次随机的上课签到，这个倒是无可厚非；期末论文本来要求是5k，呵呵，让占80%的一群大一生写这么多学术垃圾？初衷还是考验我们的信息搜寻能力？后来才改到2500起步。其次，老师上课AI内容只涉及皮毛，我一个工科生当初报这么课是想了解算法，重点关注在AI，不是tm的多如牛毛的心理学内容啊！最后，鉴于这门课是新开的，我能给予一定的理解，但是我还是忍不住diss这门课的弱鸡评分体系。
106548,3471,周吉帆,2019-04-28 05:17:44,-9,1,10,91分被卡绩，做了300min实验，上课很少\n\n水，内容浅显，有随机点名，给分只能说尚可
106585,3471,周吉帆,2019-04-28 08:05:46,3,7,4,我一个纯文科生，比工科生还不懂那些心理学计算机神经学名词，全自己查文献、查大计基的教材，写了6000字综述，修改了好几遍，自我感觉还不错。实验做了200分钟为了所谓的实验加分。没有缺过签到，也没有参与过课后讨论，最后绩点3.6。不想说什么了。就像上面说的，恶竞。一堆人为了平时分水各种问题，在助教面前混脸熟。但我看期末论文占70％，也没有去凑什么活跃度，结果绩点呵呵了。最恨的是整个心理系把课程实验跟成绩绑定在一起，实验课程章跟薪酬只能二选一，问了交大的同学也有这样的要求，但是他们薪酬比我们高一点啊。
106608,3471,周吉帆,2019-04-28 10:10:23,25,31,6,我就给1分 心理学与人工智能这门就是沙雕恶竞课 我来上课不是为了给你们做心理学实验的 说好的不计入成绩的课外讨论？问助教还说评分细则无可奉告？？wdnmd!! 这学期我因为想转专业所以加入了恶竞 忍着恶心和烦躁做满了实验360分钟，各种查文献论文贼认真的写 就因为两次你说的讨论课不计入成绩没来 平时分就25！还加上了6分实验分？？？ 结果跟我说绩点连4都没有 强烈建议不要选这门课 水课 正态 恶竞3标签直接劝退 帮我顶上去谢谢
106710,3471,周吉帆,2019-04-29 04:47:12,-11,1,12,即使我什么都没干，期末论文2500刚好都有3.9，说真的这绩点我也是服了，不敢相信，谈不上运气多好我还有种莫名的愧疚感
106719,3471,周吉帆,2019-04-29 05:30:17,3,6,3,单单评价老师的话，我觉得周老师在讲一些浅显的专业知识时还是调理很清晰的，比较喜欢这种讲课风格。但评价心理学与人工智能这门课的话...emm除了第一节沈模卫老师的课是比较惊艳的以外，剩下的几节课毫无意外地上成了专业课，上课除了一脸懵还是一脸懵，后来基本上就用来写作业了。至于给分..不知道是不是心理学课程都是这样，用实验时间换分。可以说是相当恶竞了
109571,3471,周吉帆,2019-06-17 05:56:01,0,1,1,心理学与人工智障，垃圾
114416,3471,周吉帆,2019-07-10 01:21:12,0,0,0,评价一下春学期的心理学与人工智能。在上课方面，前面几节课有时听不懂，最后三节课还是不错的，收获在所有通识课中属于中等。论文很重要，占70%，要求正文5000左右，写论文的过程既费时又痛苦，因为我既不懂心理学又不懂人工智能，只能猜测很多文章的意思，然后根据猜测拼成综述。讨论课上我由于不知道问什么，多数时候只能听别人讨论。我一次实验都没做，但成绩不错，大概是因为论文比较好吧。以上情况可能会改变，因为讨论课时助教说这是第一次开课，很多东西会调整。
123288,3471,周吉帆,2020-05-29 13:46:19,0,1,1,心理学与人工智能，慎选。事不多，但给分也不算好，对这方面有兴趣或者不在意绩点的同学可选。认真写了论文，实验也做满了，也就是正态左右的分数。开心就好。
123901,3471,周吉帆,2020-06-16 04:59:11,0,3,3,本来看了评价很担心，但是因为感兴趣还是选了…老师挺幽默的，很鼓励学生有自己的思考，课程内容可能这学期调整了？上下来感觉没有想象中那么硬核（大一工科 之前没有学过相关内容）作业是两篇500字的读书报告和最后一篇论文，事不算太多但是有讨论区这个还挺让我焦虑的。然后做实验加分这个真的…感觉浪费时间我没有做满（。\n\n讨论区发表了一次意见，实验做了三分之二左右，论文和读书笔记写得很认真，最后分还可
131879,3471,周吉帆,2021-01-29 07:58:02,1,3,2,尽管是为了复习而智云课堂看的老师的大部分课，也快进过了很多老师举的例子，但是在老师的课上还是收获很多，心理测量听过老师的课之后复习考试真的完全没问题，课上会有很多生动的例子讲明白一个概念，也给了我这个心理学差生第一个上4的专业课绩点，谢谢周老师
134198,3471,周吉帆,2021-03-19 03:05:32,0,1,1,大概意思就是30块钱（1个小时的心理实验报酬）换1分平时分喽？最高能换用180块6分？
135210,3471,周吉帆,2021-05-06 03:53:12,1,2,1,我是第一次评价，给了2分。只能说是太水了，上课枯燥乏味，用加分让大家做实验，60分钟换一分，也不想说什么了。如果真的感兴趣就来吧，刷绩点的远离。总结一下，除了均绩一把降了0.05，其他的没感觉。\n\n    诶，我这是评价谁来着？
135253,3471,周吉帆,2021-05-07 01:59:15,0,0,0,讲课例子挺多的，听着不会枯燥
152969,3471,周吉帆,2022-04-22 13:55:53,0,0,0,讲课还是有意思的，给分也不错
153168,3471,周吉帆,2022-04-26 10:44:45,5,5,0,只有第一次和最后一次课会纸质签到，平常也没有什么作业，论文3000-5000字，也没有特别恶竞，给分我觉得也特别好，是我第一门满绩通识，课堂内容也特别有趣，真得没有有些评论里所说的那么不好，只要每一项作业认真完成就有高分，大家快冲！
177380,3471,周吉帆,2023-07-03 05:43:43,2,2,0,心理测量微辅修出分3.9\n\n课程有三次展示，两次是期中期末的小组作业（编制一份量表）进度汇报，还有一次是文献阅读汇报，都是以小组为单位的（7-10人），另外还有闭卷期末考\n\n个人觉得是这次期末复习得最久的一门，但是成绩不理想，主要原因可能是问卷编制过程不顺利，汇报问题很多。另外拿到期末考卷的时候真的感觉没有复习到点上，一点都不会。但是周老师讲课还是很有意思的。
185484,3471,周吉帆,2023-12-30 10:55:58,0,2,2,小组作业非要同组同分，发消问问问题已读不回，期末也不划重点，上课经常跑题。专制集权在周身上得到了充分体现。课很垃圾，但不得不修。
190651,3471,周吉帆,2024-03-13 05:47:43,7,7,0,上课简直是一场酣畅淋漓的赤石
196416,3471,周吉帆,2024-07-03 08:51:31,0,4,4,心理测量微辅修，老师很好，问了几次问题都耐心回答，小组展示的点评也比较专业，给分很好！
218199,3471,周吉帆,2025-04-22 03:48:06,0,0,0,心理学与人工智能给分不错
219243,3471,周吉帆,2025-05-23 09:40:15,0,0,0,心理学与人工智能，老师平时上课不点名，只有第一节课和最后一节课有纸质签到，6小时实验可以加6分，期末需要写一篇论文，本人实验分数加满最后绩点满了，如果愿意花时间做实验加分的可以冲！
22423,3525,李峙,2016-03-05 07:15:16,11,22,11,挺好的  就是作业感觉略多一点 但是做了这些作业对我们还是有益的
23637,3525,李峙,2016-04-11 08:56:59,7,15,8,作业真心麻烦。非心理专业慎选！
25520,3525,李峙,2016-05-24 09:02:58,17,23,6,哎…论文至少看十篇英文文献什么鬼，非专业学生心理苦
25980,3525,李峙,2016-06-17 01:57:55,9,15,6,很认真的教学 但是可能刚回来不太适应国内的应试教育
30644,3525,李峙,2016-07-02 06:25:18,1,5,4,一生黑
31181,3525,李峙,2016-07-03 10:56:34,17,29,12,备课挺认真的，课件以图片为主，上课不听的同学期末复习会有困难，平时四次小作业，一次大作业，期末考闭卷，作业和考试比较灵活。老师是做认知的，社会心理学、教育心理学、临床咨询等就讲得比较浅。这学期点名两次，到的同学平时分每次加两分，一次课堂展示，自由报名，根据展示情况加三到四分，好好学分数还是可以的。不过毕竟是两个学分的大类课，像我这样到大三了没几门课的学生学着还好，理科大类一堆专业课的同学负担会比较重吧。
31444,3525,李峙,2016-07-04 02:17:40,10,17,7,老师是一位很好的老师，准备充分，知识面很广，讲课内容超越课本。但是学生学习起来会挺累，而且对英文有一定要求，平时作业难度也挺大，最后考试考点无迹可寻，但是认真学习的估计还不错。感觉老师对学生有种蜜汁自信，也可能是我能力太低?。总之，是个好老师，但是要求严格，给分什么的，算是公正吧……为自己掬一把泪?
31835,3525,李峙,2016-07-05 03:50:26,1,2,1,呵呵呵
31923,3525,李峙,2016-07-05 07:16:50,7,10,3,上这个课确实挺累的，对大一来说比较难，但是如果有心往科研方向发展选他没错！上课听了书看了ppt过一遍上4不难
32790,3525,李峙,2016-07-14 02:21:30,1,3,2,作业真心麻烦…一定要看很多英文文献。平时分就是靠四次作业和大作业一分一分辛苦攒起来的…一把泪
33283,3525,李峙,2016-09-18 00:34:47,-1,3,4,非常好
48700,3525,李峙,2017-03-10 00:37:08,0,4,4,看过耶鲁的心理学导论，觉得他讲的比较枯燥无味。
51064,3525,李峙,2017-05-16 01:10:35,2,3,1,能学到东西的
52592,3525,李峙,2017-06-21 09:28:01,1,6,5,挺坑的
53940,3525,李峙,2017-06-28 05:54:28,1,7,6,哇哇哇 没想到给分这么好！上课每次点名都到，展示了一次，考试填空题全不会，选择题错一半都能上4！真心老师给分高！\n\n另外，老师讲课真的很有意思，这个学期一来唯一认真听了的课，从头到尾，老师很棒！
53942,3525,李峙,2017-06-28 05:55:30,4,6,2,很喜欢不定期点名，要求也很高，但认真做了作业和展示，多做几次实验最后给的成绩会很好的~总得来说是个好老师啊
53955,3525,李峙,2017-06-28 06:10:24,-1,2,3,真好，期末给分会照顾学生的，只要认真绝对没问题\n\n
54060,3525,李峙,2017-06-28 10:37:40,0,1,1,上课内容很有趣不无聊 给分好
54074,3525,李峙,2017-06-28 11:18:29,1,2,1,作业改了，只有两次小作业。上课没认真听，最后全靠老师抬一手，成绩一下来感慨好老师啊。
54097,3525,李峙,2017-06-28 12:41:37,0,1,1,感觉课挺棒的\n\n
54105,3525,李峙,2017-06-28 12:59:29,0,2,2,平时上课很轻松 还蛮有趣的~虽然考试难有点名有两次小论文还要做心理学实验选做课堂展示 但是给分很不错啊！
54126,3525,李峙,2017-06-28 13:44:12,5,13,8,不定期点名，但是我每节课都去了的，这学期开始减负了，两篇一页以上两页以下的论文，一次展示（自选上或不上），觉得老师展示的要求很低，还可以带稿子和手机什么的……但是有的点评很到位。上课比较轻松，老师也比较注重和学生互动。心理学的课本来就会很有趣。论文认真写（我第一篇论文是真的看了4篇英文论文，有一篇是32页的，其他的也不下10页，但是第二篇要水一点，当时太忙了）展示尽量参加，老师要求也不高，很容易就加分。期末考试就……确实很多题答不上，但是主要是填空题，选择题有一些内容不是课本上的，是《心理学与生活》上的。后面的简答题什么的，看了书，认真听讲过就能回答了（我考前看书看到两点，第二天早上六点半起来继续背……）。但是觉得老师给分还挺工整的（可能因为我是满绩哈哈）
59537,3525,李峙,2017-09-22 10:01:38,-3,1,4,李老师长得特别帅！上课上的很棒，讲课内容很丰富 能学到不少东西
60989,3525,李峙,2017-11-06 13:13:36,0,2,2,先说课程：心理学及其应用，一篇期末论文（2-3页纸），平时点名，要求发言+实验，实验经常在西溪。\n\n再说一下评价：课件内容多以科普向为主，老师上课也可以看得出来有想上的幽默风趣让学生多多参与。所以想学一些专业理论的不用选，有点兴趣的可以有。\n\n老师自己水平应该挺高的，但是心证太强。人对别人的想法都是照着自己想法会自动脑补的，我觉得赞同。发言点名老师自己点，如果准备想一想组织语言，估计抢不过别人。\n\n不过，反正发言机会也不是你认真举手了就有，也不是你做了笔记思考就有，参与不参与又有什么意义呢，不同观点提出又有什么意义呢。\n\n总之推荐有冲劲的人坐在老师眼皮子底下，让老师绝对能次次看见你。
61243,3525,李峙,2017-11-13 02:25:44,-4,1,5,不定期点名，课上会讲很多心理学的知识，类似科普。给分好。\n\n
61313,3525,李峙,2017-11-14 08:08:04,-3,2,5,首先，不得不说，老师给分真的很好。其次，老师上课也很认真，内容也很有趣。不要翘课，多举手发言，多去做做实验，论文好好写，相信你就是满绩。
61367,3525,李峙,2017-12-27 08:36:21,2,4,2,心理学及其应用（听老师自己说这门课还是挺水的，老师好像教的还有心理学导论，比较正规的课），课讲的挺有意思的，准备充分，如果上课时候多举手发言，实验去做一两次，论文好好写，得分肯定不会差。平时也没什么作业，就最后有一篇三页以内的论文，要求参考5篇以上英文文献。挺喜欢这个老师的，而且助教小姐姐人也很好啊?
62139,3525,李峙,2017-11-22 13:53:33,-3,0,3,很用心 绩点很棒
76789,3525,李峙,2018-04-23 11:45:10,2,4,2,备课很认真的老师\n\n平时课堂要求4次发言\n\n课后要求做3次心理学实验（前期靠抢 后期没人去）\n\n论文要求上限3页\n\nqq群里大家匿名发言也不管\n\n成绩出来前先给老师10分\n\n最后一节课还挺舍不得的
77162,3525,李峙,2018-05-03 08:34:43,-3,1,4,老师很好！强推?
77172,3525,李峙,2018-05-03 09:35:19,6,16,10,给老师满分！！李老师人太好了！心理学及应用是上到目前最爱的一门通识课了。上课非常有意思，有时候甚至会当堂做心理学小实验，还会放记录心理学实验的小视频，这学期有一节课老师专门教把妹技巧，让我想专心写作业都不行hhhh老师这学期减负很多了，没有考试只有一篇不超过3页的论文，内容只要和心理学相关这什么都可以，平时还会有很多做实验机会，还会给被试费。平时积极参与课堂，论文好好写，拿了4.80。助教小姐姐也超可爱！
77173,3525,李峙,2018-05-03 09:35:51,0,5,5,emmm这学期第一门课，上4了比较开心。总的来说老师上课是非常认真的在讲东西，而且也不是很专业的那种感觉，是在给我们这些小白普及心理学知识的感觉。说一下考核吧，因为我从头到尾没发过一次言，最后还能上4其实挺惊讶的还是。如果能举手发个言说不定就满了呢哈哈哈，但是本身性格的问题一直和问答问题绝缘。还有一方面就是实在不知道怎么回答老师的问题，太专业了感觉自己很菜。点名说是四次，但从某一节课开始感觉一直点了6，7次这个样子。总之每次还是都去吧，听听也好，实在不想听水手机电脑写作业也可以的。老师的很多视频都非常有意思。实验是3次，其实不用一开始使劲抢，后面还有巨多的机会，完全可以慢慢做满！课上韩国留学生比较多，影响最深的一次，老师给了好几张各国最帅的脸，问我们哪个最丑，小姐姐们全都指着Korea哈哈哈太尴尬了，老师真坏！最后赞一下助教小姐姐，非常负责地帮大家签到统计回答和实验，身上自带霸气光环哈哈哈！强推这门课
77175,3525,李峙,2018-07-09 05:19:41,5,10,5,1.每节课点名 点名很严格\n\n2.要做6h心理学实验\n\n3.论文字数有上限 但对于要求挺高的\n\n4.发言四次满分 每节课记一次\n\n性格有点执拗 给分不太行 是我最低的一门通识了 难过\n\n但老师心理学素养真的不错\n\nppt基本是英文\n\n
77200,3525,李峙,2018-05-03 14:41:50,-2,5,7,【心理学及其应用】大学以来最有趣的一门通识课，真的很有意思，墙裂推荐！！！平时认真发言做实验，论文好好写，给分超好的！！！
77206,3525,李峙,2018-05-03 16:38:07,7,7,0,心理学与应用，现在没有之前那么麻烦，就期末一篇论文。但是感觉恶竞很严重。
78230,3525,李峙,2018-05-10 05:39:01,0,1,1,上课超级有意思！作业是一篇论文，然后参与三次实验。基本上每节课点名，交纸条，所以不太可能代签。
79726,3525,李峙,2018-06-13 05:51:18,2,4,2,心理学及应用强推，甚至想再上一次。\n\n作业上学期开始减负了真的不多。在我心里就是满分的老师！
82734,3525,李峙,2018-07-09 07:55:40,21,32,11,讲课还行，给分不好。我考勤、实验、发言都满了，论文也认真写，最后3.9。我们班均绩77分，论文均分68。4.5+的只有13个，给分真的不行。
104123,3525,李峙,2019-03-12 12:13:41,1,3,2,态度超级好，人超级好
118681,3525,李峙,2019-10-30 12:40:31,2,5,3,出分前评价一下。\n\n先客观。\n\n讲课好，有趣，有货，不水。期末小论文。\n\n人也很不错，总是带着笑容，可爱的工科男。\n\n但是5小时实验比较坑，很无聊，没办法收获东西。\n\n然后私心一下。\n\n老师好帅，好温柔，我太可了！强推！表白！(｡･ω･｡)ﾉ♡\n\n
119823,3525,李峙,2019-11-16 03:02:35,20,26,6,点名，实验都满了，发言了两次，论文很认真写，最后3.6，呵呵呵。一个通识课拉我0.01绩点，再见！
119831,3525,李峙,2019-11-16 04:48:00,11,16,5,别选！说给分好那是三年前！现在是全程?杀，只想打一分。理由如下：\n\n1.不通知学生擅自修改评分标准，给分随意。上课所有问题都回答了实验也做满论文也是认真准备的没有跑题或套作，最后给个3.几的绩点有点过分了吧？学期和群里公告说好的平时分和期末论文分五五开，最后我发现成绩不对问助教，才知道临出成绩的时候老师没有通知任何人就把评分标准擅自改为平时40%论文60%，而且论文就给了68分！\n\n2.拿学生当廉价劳动力用。实验时数五小时而且必做算平时分，别的老师都是自愿做给报酬，就我们要求时数，学校应该不差找被试的经费吧？实验内容对学习没有任何帮助而且非常损伤眼睛，就是拿我们给他那些心理学系学生当小白鼠用。跑躺西溪一下午五小时车费就40多，就给记了50分钟时长，没有任何报酬，有这时间我看微积分大英做志愿者好不？\n\n3.现在作业任务很重尤其实验，不过确实没有考试，但是论文给分呵呵。不定期点名，拿张纸写自己名字不许代写别人，助教挨个边检查边收。为了平时分上课硬着头皮答自己一点也不了解的专业问题。\n\n算是我分最低的一门课程了，一个通识课拉低我不少绩点，给分很迷，呵呵再见！选经济学基础也别选它！慎选！⚠️
119863,3525,李峙,2019-11-16 11:28:02,1,2,1,超级好的老师哇～～给老师打call
121070,3525,李峙,2020-01-19 12:19:39,6,10,4,老师的作业只有一篇小论文，大家都是认真对待的，有给分低的在所难免。老师人和上课都是不错的，希望给分不要成为评价老师的唯一标准
127526,3525,李峙,2020-11-24 03:25:03,8,11,3,先说结论，给8分\n\n出完成绩回来看，通识平均绩点3.56，呵呵，我当时居然敢选课\n\n不过话说回来上课干货不少，专聘副系主任，留美回来，水平不错，英语氛围浓厚\n\n对心理学感兴趣又不是很在意绩点的可以选
129443,3525,李峙,2021-01-05 11:39:38,1,1,0,上课回答问题占平时成绩的哦～不喜欢发言的慎选
129835,3525,李峙,2021-01-12 16:11:45,2,2,0,讲的挺好，上课举手发言很烦，还要求心理学实验，想水的别选!
131333,3525,李峙,2021-01-27 06:18:34,-3,2,5,事少分高，讲得好长得帅
131339,3525,李峙,2021-01-27 06:33:48,-1,1,2,事情少，结课一论文，就是回答问题要记名字
132135,3525,李峙,2021-01-30 12:49:57,12,12,0,卡绩了，也有些低。老师上课是很有趣的，人也很好，作业不多，做几个被试实验，最后一篇论文就行了。但是大一的话不擅长写论文就要注意一些，论文占比挺大的，我认真的去学了论文的格式和脉络，一篇写了一个星期结果绩点比我水的课还低......
136794,3525,李峙,2021-06-24 16:10:37,2,3,1,好老师！！人超好！！
142515,3525,李峙,2021-11-12 12:26:28,10,14,4,【2021秋·8分】绩点4.5\n\n1.点名：每个人拿纸写名字，就像之前有条评论写的，基本不允许不到。\n\n2.提问：回答问题有记名字加分，但经常有点难抢回答机会，要使劲努力举手！答错了也没关系老师会鼓励的。\n\n3.作业：平时没有作业，就是要求做实验！！！！非常麻烦的实验我特别讨厌！！但是实验算是加分的bonus，不是必做。整学期就期末一篇论文，而且反内卷，要3000字以内。\n\n4.上课：漫谈式讲课为主，就当个解闷科普向的课程听，很有意思，经常有有意思的互动、视频之类的，也不用记笔记也不用课本，老师还会分享很多有意思的事情，下课也很愿意回答心理学相关的任何问题。上课会有很多英文，ppt也是英文为主。总是笑呵呵的，也没有发过脾气，对于后排水课的同学也不会管得很严，但会提醒他们抬头看有趣的视频哈哈哈。\n\n5.给分：百分之60论文+百分之40点名回答问题的平时分+百分之10的实验bonus。\n\n大一新生论文完全不会写，综述型的也不会整，还要求看英文文献，非常煎熬，自我感觉论文奇差。但是回答问题应该有5、6次，实验180分钟做满了，最后还是拉上了4.5.超开心！！！很适合心理学想要入门的人选这门课，我真的对心理学很感兴趣，就很快乐地上了一个秋学期，还有点舍不得www
142534,3525,李峙,2021-11-12 16:49:52,5,5,0,社恐人上课从没发过言，同时比较懒也没去做实验，最后3.9，心甘情愿了8算是。老师有点小帅～
142540,3525,李峙,2021-11-13 00:47:34,14,14,0,上课上得很好，但是建议不喜欢发言的同学就别选心理学及应用，回答问题少了就绩杀了。
142550,3525,李峙,2021-11-13 05:13:55,14,16,2,实验其实有招揽工具人的意思，体验不算很好
144270,3525,李峙,2021-12-21 03:45:21,5,5,0,心理学导论，讲得很OK\n\n注：如果时运不济只能上网课的话要小心这位老师，一节课从头到尾至少会签三次到（
145639,3525,李峙,2021-12-31 01:34:50,8,8,0,上课举手了无数次都不叫我。。
146291,3525,李峙,2022-01-06 06:56:56,1,2,1,实验时长满了，回答一次问题，论文写得很认真，最后3.9…只能说还行吧，，有点低
146305,3525,李峙,2022-01-06 07:24:43,1,2,1,是心理学及应用这门课，很喜欢老师的讲课风格，在课堂上学到了很多，本来以为自己没有怎么回答问题，绩点会很低很低，但是也不后悔，因为觉得上大学还是应该求是一点，就像老师上课提到的，学到知识更加重要，但是最后的结果还不错，有4.2，可能是因为这次受到疫情影响，有几次线上讲课都有签到吧，而且我觉得论文写好也很有必要，我的选题就选了很久，也读了挺多的论文，查找英文文献花了挺长时间，但是也没有用到很多，是我太菜了哈哈，总之，这门课很值得选，发言（认真听课）+好好写论文结果不会差的。
146307,3525,李峙,2022-01-06 07:28:26,0,3,3,虽然上课发言加分让课上有点卷，但是也还是比较有趣。本人一次都没发言，也还有4.5(或许是论文的缘故?)
146308,3525,李峙,2022-01-06 07:39:18,0,2,2,老师对点名抓的比较严，论文占比很高，建议尽可能的多引用文献，大一大家都不太擅长写论文，重在写出高级感来。\n\n上课发言确实有影响，但论文更关键，如果社恐的uu选了这节课，可以努力写一写论文，绩点依然有希望的，本人一次没发言，最后也上4了
146315,3525,李峙,2022-01-06 07:54:45,0,0,0,老师课讲的很有意思，想了解心理学相关可以放心大胆的选。\n\n就是没必要卷，发言基本卷满，实验做满，论文认认真真写了，也没缺勤，出分也高不到哪里去，卷了真的也没用。
146331,3525,李峙,2022-01-06 08:29:43,0,0,0,老师人挺好的，讲课也挺用心。比较注重发言和签到，不喜欢卷发言的不建议选。但我论文挺水的，只做了一次实验，上课从来没发言过，最后3.9，个人来讲挺满意了。
146352,3525,李峙,2022-01-06 09:51:51,5,6,1,老师本身上课比较有意思平时事情也不多。。。就是最后给分太难看了，上课每次课都有发言然后实验做满了，结果最后3.3。。。。。。真的看到分之后心情真的很不好很不好
146572,3525,李峙,2022-01-07 03:17:23,6,7,1,想水通识的别选 求求了 被绩杀 很惨 很惨 很惨 上课要很积极发言 课后要做实验 最后论文也很惨
147085,3525,李峙,2022-01-08 15:30:32,1,2,1,老师讲课水平挺不错，不过平时分里面有一部分是要发言才能拿的，还有10分是bonus，做3小时心理学实验就能拿到，老师对论文要求说是不高，但是实际打分应该很严格。我实验10分满了，没发过言，论文写得比较认真，最后4.2，我觉得还挺能接受的。论文一定要好好写！论文这里要是水过去很有可能绩点就很低了。总体还是很不错的。
148763,3525,李峙,2022-01-13 12:32:39,3,3,0,绩杀。对不喜欢举手的小朋友可能不大友好，最后期末考试虽然准备了很久成绩也依然很拉跨。当然平心而论上课内容老师都有精心准备，也挺有意思的。
149394,3525,李峙,2022-01-15 08:27:22,-1,0,1,期末考试从较早的时候就开始复习，实验做满，回答问题有几次，论文应该一般，期末考试自我感觉还不错，最后绩点4.8，李老师讲课内容挺丰富的，人很好。比较难的地方就是期末考试占比高，考试考得细，需要常看PPT，充分复习
150942,3525,李峙,2022-02-21 08:07:58,0,3,3,上课很有趣，学到了很多东西，讲的挺吸引人，上课都不怎么会走神。我性格内向不太喜欢举手发言，尝试举了几次也没有被点到，有点难过。但是论文认真写了，最后绩点还不错，4.5。
151012,3525,李峙,2022-02-22 02:51:25,0,0,0,如果对心理学感兴趣的话课是非常合适的\n\n老师点名比较严格，回答问题很重要\n\n最后成绩是我所有课程巅峰了
153481,3525,李峙,2022-05-01 10:45:48,3,3,0,老师对点名有很高的的要求，而且完全不接收代签和补交，因为是实体的每个人交上去写着自己名字的纸。我想了想我自己应该是把能做到都做了但是论文没写好（但是我真的写不出好的论文），每堂课都到，每堂课都举手，180min的心理实验bonus做满了，真的是把自己能做的都做了的，但是最后是没上4，去想要找老师问原因，是一个已读不回，不过讲课是真的有趣，所以给了8分。
154592,3525,李峙,2022-06-02 10:14:45,5,5,0,对社恐人来说极度不友好，期末非常用心写了论文结果绩点特别低
159998,3525,李峙,2022-09-11 09:34:53,0,0,0,很nice的老师！
161563,3525,李峙,2022-11-09 06:13:33,-1,1,2,555我写个临床心理学的论文咋就寄了2.4分
161567,3525,李峙,2022-11-09 06:37:10,1,1,0,课不错都很有趣\n\n但是绩杀😭
161585,3525,李峙,2022-11-09 07:59:01,3,3,0,个人认为老师讲课讲得挺好的，不太想水的一门课，但是给分…emm
161594,3525,李峙,2022-11-09 08:41:32,1,1,0,2022秋冬学期心理学及其应用通识课\n\n老师上课很有意思\n\n基本都要点名\n\n深入浅出\n\n给你展示各种心理学方面的有趣知识\n\n没有考试\n\n平时出勤，举手回答问题，bonus是参加被试有十分加分，最后小论文占比很大，我不是很会写，尽力了（笑\n\n9分，给认真且风趣的老师和漂亮的助教jj
161605,3525,李峙,2022-11-09 10:48:50,1,2,1,hin烦，绩点给蛮低的，除了讲课还算有意思，给绩点真的拉，劝三思（我实验回答问题论文都很认真，最后绩点3.3服啦！其他都是满绩就这拉胯的课拖我后腿，差评！可恶！！！）
161623,3525,李峙,2022-11-09 12:58:20,2,2,0,社恐人士极不友好 论文写的巨认真实验也做满了 发了一次言 最后3.9
161625,3525,李峙,2022-11-09 13:42:59,-4,2,6,必须满分啊，我感觉给分还是很好的，他已经把给分的点列的很明确了，自己不去争取加分却说老师给分不行?\n\n我最后绩点4.8。老师每次点名，用小纸条，所以肯定不能缺勤。我每次上课坐第一排，除了第一节课一直举手但可能大家第一节都很积极没抢到发言机会以外每节课都发言。然后被试做满180min，然后小论文查了12篇英文文献。我感觉做起来也不是很难啊，自己认真做就很容易拿4纷纷以上的。
161632,3525,李峙,2022-11-09 18:03:14,7,7,0,大一上心理学及其应用通识课   没太懂分数组成再加上社恐几乎不怎么发言（平时分占40%呜呜呜） 实验什么的也没有做满（我真的不知道实验要做满实验数才加分啊） 很认真写了论文（论文要求蛮高大一完全不怎么会写分数也不是很理想） 出分真的很快给分真的真的太低了吧救命救命救命 绩点二字开头真的给我一棒槌让我差点对大学生活失去希望呜呜呜 整个人麻了\n\n老师是很好的老师幽默风趣 但是课比较多时间不太够比较社恐不喜欢发言的uu们慎选吧真的要气到吐血呀
161911,3525,李峙,2022-11-15 03:28:15,1,2,1,没发过言，实验bonus做满，最后满绩，感觉论文占比还是比较大，另外每堂课一定要去，小纸条点到
162046,3525,李峙,2022-11-16 09:07:52,-2,2,4,2022年秋学期上了李峙老师的《心理学及应用》，上课很有意思，课堂氛围也不错，了解到很多知识；最后4.8分。
162103,3525,李峙,2022-11-17 01:00:01,0,1,1,上课要求发言每节课纸条签到给分低
163517,3525,李峙,2022-12-15 00:51:51,-4,1,5,上课非常有趣，连上三节课都不会困，最后4.5，发过一次言，实验做满了，可能还是论文写得不够好哈哈哈哈哈，上课真的很有趣，学到很多其实，不需要课本
163601,3525,李峙,2022-12-15 13:36:25,2,3,1,课讲得很好，用心听能够有不少收获。但是比较内向不喜欢发言的人尽量避开吧，我每次上课自我拉扯真的很折磨……\n\n论文一定要好好写，实验bonus也拉满，分数不会差的\n\n可能是我举手不够吧，最后被卡绩了……\n\n以及写论文查英文文献看得很崩溃，个人来说付出收获不成正比，大家还是自己考虑
163713,3525,李峙,2022-12-16 03:58:17,5,5,0,绩杀老师，我死
164224,3525,李峙,2022-12-19 12:03:22,13,13,0,看了评论区有说给高分有说给低分的\n\n实验做满 上课也发言了 论文也写的很认真了 精心选的题目还看了文献 写了很久的小论文\n\n最后3.9 没有很低但是落差好大
164612,3525,李峙,2022-12-22 08:23:39,1,2,1,绩杀……
165508,3525,李峙,2023-01-07 13:17:46,-1,4,5,给分很差，要免费为他做实验，为他卖命，真的不理解，用手中的给分权力压榨学生免费当被试？？\n\n每个学生都想要好的绩点，你让同学们当被试只会加大同学们的内卷，就像你让同学们每人都给你钱你酌情加分，但不给的得不到这一块的平时分一样，故意让同学们内卷给你卖命。被试也有被试费，所以就是等价的性质，利用同学们的老师应该吗？\n\n讲课无趣，但要求同学们听，也采用互动加分的方式？\n\n我总觉得这个老师是把加分的权力用的太好了以至于来PUA学生了，浙大遇见最差的老师没有之一
166009,3525,李峙,2023-01-10 17:04:34,8,8,0,被绩杀了，但事是挺少的。
166221,3525,李峙,2023-01-11 12:49:58,1,2,1,老师课上的的确很好，但给分一般
166233,3525,李峙,2023-01-11 13:21:40,2,2,0,预期比较低，所以分数有点惊喜。听别人说lz老师给分不好，他对论文要求很高，我论文努力写了好久，出分就挺好的。\n\n总结:不会写论文别选。\n\n上课举手是很卷的，能有一两次我觉得就🉑。不必追求举很多次，占比应该不高。\n\n心理学实验完全看个人追求，在意绩点的要做满。
166240,3525,李峙,2023-01-11 13:35:15,2,3,1,虽然最后我的得分不错，但是还是要说，出分前两天(考试周)突然开始强调说论文抄袭的问题，还说有引号也算抄袭巴拉巴拉，让我这种没有抄袭查重不到5%，但有引用的人都慌的一批，那两天都没心思复习专业课就怕莫名其妙挂科……当然最后还是自己想多了。所以后面学习这门课的建议自己到知网什么的查一下重，让自己自信一点，不要影响到复习其他课
166353,3525,李峙,2023-01-12 05:11:02,2,2,0,给分一般
166454,3525,李峙,2023-01-12 09:46:05,0,1,1,老师上课确实很有意思，也会积极鼓励我们思考。但是那个论文确实很难搞，而且老师会纸质点名。如果认真听真的会有收获，如果是想水课的同学，退退退。
166744,3525,李峙,2023-01-13 11:41:18,0,1,1,老师的课讲得很不错的 如果认真听可以学到很多东西 也挺有趣的\n\n平时上课举手发言确实挺难抢 抢不到就随缘吧哈哈 我还是抢到了两次 不管怎么说都可以的 老师很鼓励回答问题 不会刁难的\n\n事情很少 没有小测什么的 就最后交一篇论文 论文主要是写问题来源、综述和批判性思维这些 有字数限制 只要写三千字\n\n不过虽然是通识课 但论文要求确实有点高 可能是因为心理学比较注重这些吧？\n\n论文交上去很久突然在群里说抄袭的事情 像我这种不知道抄袭的具体标准引用了很多的就很慌 最后想了想还是修改了一下又重交 说是会酌情考虑 本来感觉分数应该不太好看的\n\n但是最后有4.8 很开心 实验没白做吧\n\n反正个人认为这节课事情不多还算有趣 主要是论文要认真写哦 然后发言如果可以的话还是发言几次比较好 想要比较高的绩点的话可以做一做实验的bonus\n\n下学期要开始学心理学的专业课了 这门课算是一门启蒙课吧？哈哈
167086,3525,李峙,2023-01-15 02:26:46,3,3,0,不定时点名，甚至让人签纸条。因为疫情做了两小时以上的实验就回家了，发言了两次，写了2000+的论文，最后3.6？看到其他同学的评论和分数真的挺不好受的。
168907,3525,李峙,2023-02-23 10:43:20,5,8,3,不太理解，论文参考了十几篇中英文献，平时上课也会举手但是每次都不叫我，最后2.7😰崩溃辣
171717,3525,李峙,2023-04-03 04:20:25,3,3,0,给分好差\n\n去年冬学期的课 做了两个小时快三小时实验 结果疫情提前返乡了 老师一点别的措施都没有吗？不能酌情加分吗？提问也都努力抢了，论文也好好写了，最后绩点很低……
181759,3525,李峙,2023-10-31 05:16:50,6,7,1,写你的作业真的内耗住了，对大一学生而言太难了
182092,3525,李峙,2023-11-10 01:24:39,0,1,1,上课很好，很有趣，强推
182382,3525,李峙,2023-11-15 11:28:37,9,9,0,我就好奇我举手你是喊还是不喊？
182547,3525,李峙,2023-11-17 10:34:29,-2,2,4,老师有趣，给分合理，我反正没有遇到想回答问题但是叫不到我的情况（我每节课都回答问题了），事少分高，满分！
182585,3525,李峙,2023-11-17 18:56:43,7,7,0,备课认真，讲课很好，心理学及应用很有代入感，任务少，评价里硬性任务就是论文+踊跃发言+到课率（几乎每节课都点名）。但短学期似乎也学不到多少东西，且3000字论文挑战很大，非本专业相比本专业的学生劣势明显。总言之，老师很好，非水课，但东西不足以满足对心理学有业余兴趣的同学的需要，考核要求高，最最重要的——绩杀。慎选。
182591,3525,李峙,2023-11-18 02:45:36,-8,0,8,事少分高
182603,3525,李峙,2023-11-18 05:10:41,2,3,1,绩杀！慎选！！！\n\n期末作业写论文要看全英文献😅\n\n上课挺好玩但是回答问题举手真的会看不到，最后绩点3.6😅
182610,3525,李峙,2023-11-18 08:03:37,0,1,1,只要你上课肯每次都回答一次问题，实验做满三个小时，分肯定是不会低的。就是论文实在太难写…
182671,3525,李峙,2023-11-19 08:56:39,2,2,0,挺离谱的。对于上课不喜欢回答问题，不太愿意给老师打苦工，并且只会默默写论文的人来说，别来，别选。真的花了很长时间，最后3.9，挺无奈的。
182680,3525,李峙,2023-11-19 11:42:26,1,4,3,别来别来别来别来！！！！！超级绩杀！！！\n\n垃圾老师鼓励恶竞，还会阴阳人，假洋鬼子一个\n\n天天让你举手回答问题，而且每节课都要做几道课堂内容相关的题，翘都没法翘
182773,3525,李峙,2023-11-20 07:30:49,4,5,1,绩点4.5别人说的是真的，一定要回答问题，多做实验，然后论文别瞎写，课上的很有趣，但你要想水绩点就算了
182796,3525,李峙,2023-11-20 09:30:53,0,2,2,老师上课不水，每节课讲一个主题，结合着理论与实验，且幻灯片主要是英文的。从得分角度说，举手回答问题是必须的，实验也是要做的，但重点还是论文。虽然看英文论文很难，但可以先在中文网上了解一些基础理论，再把推荐的那个英文论文用翻译软件翻译，概括一下。注意选题很重要，他给的那几个题目中一定有一些题目相对好写，建议各个题目都搜一下，看哪个文献最多再选哪个。绩杀不好说，反正我满绩了。
182848,3525,李峙,2023-11-20 15:31:56,1,4,3,每节课都有做题考勤，举手回答举了两三节只抢到了一次，没做实验（说是额外加分）。一看绩点2？不如不去上课。。论文要求非常高，不推荐。。我又不是心理专业，我要是能提出什么理论找到什么心理学新发现我还用坐着听课？写的很认真给这么低。。不如chapgpt。。牛逼
182863,3525,李峙,2023-11-21 00:18:29,0,1,1,上课很好玩，论文写得很痛苦，但是满绩了
183247,3525,李峙,2023-11-23 06:26:20,0,0,0,回答问题两次左右就够了，实验做满，论文认真写的话最后分数还可以
183366,3525,李峙,2023-11-24 06:56:53,0,1,1,绩杀 不要选
183396,3525,李峙,2023-11-25 01:27:29,0,1,1,玛雅这给分，吓死个人，通识课给2点几？
183407,3525,李峙,2023-11-25 06:08:45,2,3,1,至今犹记2.4的绩点\n\n吓惨了
184091,3525,李峙,2023-12-08 11:32:12,0,1,1,srtp答辩的时候就他一个老师在那边反复打断展示人的讲话，展示人讲到一半就疯狂提问题，而且是那种“你研究的我不了解，但就觉得你这儿、那儿不对”的那类问题
184248,3525,李峙,2023-12-14 02:54:57,2,2,0,选得心理学及应用，一门通识课，拿了满绩，特别高兴。老师上课对我而言是非常有趣的，有些知识超越了课本，但也可以接受，论文可选度很高。我上课基本上每节课基本上都回答了问题，实验做满，论文完成度也是ok的，对于这个成绩非常满意。
184441,3525,李峙,2023-12-19 16:00:07,4,4,0,感谢老师 人生第一个满绩
184944,3525,李峙,2023-12-24 14:29:46,0,0,0,节节课发言，实验做满，论文写的很痛苦。满绩供参考。上课很有意思
185675,3525,李峙,2024-01-03 12:28:03,2,2,0,老师很有学问，课也很有意思。发言和实验全拉满了，论文也很用心写，希望老师期末给我个满绩吧求求了，先给老师打个10分
185973,3525,李峙,2024-01-07 03:03:15,2,2,0,学富五车的好老师，课堂上有超级多有趣的心理学问题和实验。刷刷脸，好好写论文，做个半小时的实验，绩点4.5+不是梦。
186867,3525,李峙,2024-01-13 09:33:21,0,2,2,绩杀，谢谢他
186886,3525,李峙,2024-01-13 11:26:21,4,4,0,硬性的事不是很多，但是要去抢发言和做实验，我实验做满，五次发言最后满了，不发言和做实验的话好像挺容易被绩杀的，比较忙比较社恐的话慎重吧
186897,3525,李峙,2024-01-13 12:44:19,2,2,0,心理学及应用作为一门通识课老师讲的蛮有意思的，上课会看一些有趣的视频。给分的话确实一般，但是也没有评论说的那么差，做一半的实验，发两次言，绩点不会难看的。另外，助教小姐姐真的很美很可爱，表白~
186908,3525,李峙,2024-01-13 13:28:44,4,4,0,给分比较极端，认真对待的话分数就特别高，不认真的也会绩杀，想水课的就不要来了，而且很重视发言和论文，社恐真的劝退
186914,3525,李峙,2024-01-13 13:33:42,0,0,0,一些告诫：上课有随堂，所以是必点名；实验bonus必须得拿；期末论文学术性很强，一定要自己好好理解了再写，要花心思。但最后给分不会让你失望的，老师上课也很有意思、干货满满，适合想真的学到东西的人
186929,3525,李峙,2024-01-13 15:09:02,0,0,0,每节课基本上都有随堂测试（一两题选择，很简单），所以每节课都要来。老师讲课很有意思，心理小实验，心理视频很好玩，ppt也很用心。但要追求高绩点需要做实验（有点烦），每节课发言（问题很简单，无论对错都会加分）。
187100,3525,李峙,2024-01-14 12:54:16,3,4,1,期末论文真不是人写的，学术性太强了，不是一门通识课吗，搞得我们像心理学专业的一样要做研究似的。
187153,3525,李峙,2024-01-15 00:15:07,3,3,0,心理学及应用，老师讲课很有意思，每节课都认真准备过，没有期末考试，就当每周听一次讲座就行。\n\n但是，期末论文会比较耗时间。十个话题选一个，基本就是了解以前的研究成果然后给出评价。这玩意ai都写不来，你真的得去查文献（很多是英文的）。如果不是心理专业，光弄懂里面的一些术语就很费劲了，要花不少时间。\n\n总之非心理专业做好期末论文花上十小时以上的准备。
187456,3525,李峙,2024-01-16 08:01:23,2,3,1,心理学及应用 出分前看评价一直挺担心分数的 但是最后满了 我觉得事多事少因人而异 但是和成绩关联度较大（看评价比较两极分化）成绩包括平时课上发言+小测+论文（60）+实验（额外加分） 课上发言我大概五次 就我个人而言基本都是先抢到就开始不听干自己的事当自习 比较感兴趣的部分会听一下 我感觉如果在意分数想发言举手基本上是能叫到的 小测的话每节课后两道题限时两分钟需要现场扫码 感觉是变相点名 当然北教智云没有延迟可以智云扫码做了 我这个前几次没太掌握方法错了好几道 感觉作用是变相点名 论文是十选一 需要看英文文献比较费时间（我前几篇看的比较认真 后面基本只看了摘要和结尾概括知道大概讲了什么 但是这样都很费劲了） 我觉得认真写的和gpt的老师能明显看出来 我选的题目到最后发现找的论文都是一个人的 就大概按时间串了一下 然后写了一些我觉得可能的机制 其实我觉得没太写好 因为完全是自己想象的 没有再去查相关论文支持 实验的话好像是三个小时还是两个小时 我大概去了两三次 然后因为我去做的实验实验时长都远小于他写的时长 又因为大概是测反应时间的 时间越短越好所以还有bonus拿 最后大概实际时长就只有一半 在开始的几周就做完了后面比较轻松了 需要注意的是实验是发在群里的可能不太好抢
190430,3525,李峙,2024-03-03 14:00:08,0,1,1,投入与收获成正比
192931,3525,李峙,2024-05-31 16:32:45,2,3,1,我卷满了，供参考
201330,3525,李峙,2024-11-01 00:30:10,0,0,0,任务量很重，主要是如果选了他就要当实验主试，每周一个上午花下去打工的那种，学到的东西不算很多（去年的认科）
202133,3525,李峙,2024-11-10 02:16:49,3,3,0,上大学的第一门满绩课🥹🥹大爱老师，本人为非心理专业学生，没接触过心理学，但对心理学超级感兴趣。老师讲得超级好，认真听课真的能学到很多东西，作业也很少！只有期末的一篇论文，认真写，观点有点思辨性，格式好的话真的会得到很好的分数😭😭不是很难\n\n加分途径也很多，做实验背试1h就加两分，但那个实验真的有点牛马哈哈哈，不过最起码有机会加分\n\n强烈推荐啊啊啊啊啊啊
202153,3525,李峙,2024-11-10 05:34:02,1,1,0,满了，谢谢老师，很开心，只要认真，绩点不会低的
202158,3525,李峙,2024-11-10 06:10:03,3,3,0,上的《心理学及应用》，平心而论，课上的妙趣横生，但是课后事真的很多……每节课课后问卷相当于点名，课后实验被试，课上要积极回答问题，期末一篇小论文……但给分我觉得蛮好的，是小登第一门满绩的课！（当然每节课发言、被试去了很多、论文也写得挺认真的……）总结一下，大概是一门付出和回报成正比的课吧
202196,3525,李峙,2024-11-10 15:23:28,3,3,0,卷满绩了，仅供参考。最主要原因可能还是本人对课程比较有兴趣吧，投入也不算太少。\n\n要想高绩点的话一定要做满实验，因为有十分附加分感觉占比很大，我们上限是五个小时，然后我做了六七次实验凑满了。其实就当乐趣也行虽然有时候的实验有点无聊机械……\n\n上课等发言，发言完可以开始摆，我上课全在一边听上课内容里的乐子一边写自己东西，虽然老师有时候会cue一下不在听课的同学(｡•o•｡∩)\n\n论文，好好写，不要用AI！对着参考文献多的找，网站一个一个翻过来，最后自己的理解要多写多归纳总结，不要全篇引用沦为摘抄。\n\n最后，老师和助教人真的挺好的，有事情也都帮你解决，而且非常和善，上课内容还是非常有趣的。
202426,3525,李峙,2024-11-12 14:39:33,-1,0,1,讲的挺有趣的，只要期末作业认真写，还行的
202535,3525,李峙,2024-11-13 03:52:01,-1,0,1,最开始看到查老师评分低不敢选，后面还是选了，本人社恐只回答了两三次问题，实验参与了两次（不知道算不算少）但是论文认认真真写了，最后绩点被捞到了4.5，很感谢老师，来给个满分，而且心理学课的内容很有意思！！！最开始老师跟我们说会尽量把分数给到最高，真的给了！刚好总分89！超级感谢！！
202730,3525,李峙,2024-11-14 05:55:57,1,1,0,感谢老师🥺满绩了。回答问题三次，实验做了150分钟。个人觉得事情不多，平时上课真的很有意思，老师确实是非常有风范的。会有点名性质小测，期末论文有点硬，但多查查文献，加一点自己的思辨就行，个人一共花了四到五个小时吧。
203109,3525,李峙,2024-11-17 01:50:51,1,2,1,怎么说呢 这个老师课的成绩和你投入的时间成本是成正比的 本人只有两堂课没有回答问题，心理实验参试了3个小时，期末论文应该是写了有7工小时左右。最后是满了。所以说选这个课就要做好当牛马的准备
203219,3525,李峙,2024-11-18 06:22:00,2,3,1,老师给分挺好的，上课多回答，参加被试，论文认真一点就分很高！
203298,3525,李峙,2024-11-19 03:20:39,2,2,0,很好。
206667,3525,李峙,2024-12-17 04:15:33,0,0,0,一分耕耘一分收获
207373,3525,李峙,2024-12-21 03:44:30,0,1,1,很好的
208341,3525,李峙,2024-12-27 02:44:21,6,6,0,评论别人研究，先入为主，所有组都是“狗屁不通”
208354,3525,李峙,2024-12-27 04:37:17,7,7,0,一分不想给。认知科学最后的最佳海报他知道的三个组全中，什么意思？我没看出来他们做的哪里好。最后的评选也是他主持的，助教宣布的时候都尴尬，说：『反正都是你的没必要宣布了吧』就这种老师，说学阀都不为过，还打压其它老师，只关注自己那一亩三分地，研究稍微往心理学外围拓展一点他都不认可。学术乐色
208521,3525,李峙,2024-12-29 01:51:06,6,6,0,笑面虎，虚伪的要死
208922,3525,李峙,2025-01-03 11:41:10,1,4,3,回答了六次问题，被试做了5h，论文很认真的写，满绩了，付出和收获成正比，老师是很会给分的，上大学第一个满绩，李峙是我男神，大家快冲！！！
208956,3525,李峙,2025-01-03 14:49:42,0,1,1,emm和上一个哥们相比我是每次课都回答，实验4.5h，论文也尽心尽力(做的心率变异性)，但是4.5，和秋学期的一门社心相比基本是吃力不讨好。老师的课程内容实话不是很吸引我
209108,3525,李峙,2025-01-04 13:23:55,7,7,0,只有投入才能拿高分\n\n不发言的，上课不来的，实验不做的，论文用AI的，绩点都不会太好
209149,3525,李峙,2025-01-04 17:52:31,-2,0,2,上课每次都回答问题，一次都没落下，实验做了四个小时，4.5，论文自认为也蛮走心的，相比之下感觉还是有点落差的T_T
209875,3525,李峙,2025-01-07 09:54:19,0,2,2,24冬 心理学及应用\n\n分数构成：40%平时+60%课程论文（3000字，从给定的课题中选一个做文献综述、阐发自己的看法）+10%做被试额外加分（最多5h）\n\n平时分里每节课的发言都会计分（i人慎选），每节课后有签到和2道选择题小测\n\n课程论文确实专业性有点太强了，给的参考文献都是全英文的，里面学术名词较多，比较花时间\n\n个人对心理学还是比较感兴趣的，李老师上课讲的挺认真的，大多数内容也比较有趣，也会引导我们回答问题，\n\n但也确实感觉到李老师有一种高傲的气质，有点点自以为是的感觉，很多观点上不会给大家留太多的讨论空间\n\n本人发言4/8次，实验4/5小时，课程论文花了挺多时间的，最后4.8\n\n也看到了下面有些同学对李老师的批评，不过单从这门通识课来讲，我认为可以给9分，总体还是可以的
210880,3525,李峙,2025-01-10 05:53:56,0,2,2,满绩了，谢谢老师！给后来人以下建议：\n\n有几点需要注意：\n\n1.上课要回答问题，我8次课回答了4次，对i人不太友好，不过愿意坐到前面的话老师一定会给机会的，不为难人\n\n2.要做实验被试，这个有10分，5个小时满，会有点忙\n\n3.论文要好好写，占比很大，最好有点水论文能力，不太推荐大一同学选择\n\n4.助教学姐好漂亮！
211791,3525,李峙,2025-01-12 12:29:38,0,1,1,虽然努力过，但拿分一般。
213043,3525,李峙,2025-01-16 01:05:46,1,3,2,多亏了你啊 艹
213084,3525,李峙,2025-01-16 03:15:01,2,3,1,认知科学\n\n是他带的组员，也没见过多少次面，都是他带的博士生指导我们。做主试任务量巨大，每周都得5h以上做实验，甚至有时吃不上中饭晚饭。\n\n怀疑有些数据被拿去给他们组提供论文数据了。学不到多少东西，最后就算拿了最佳组（我确实不知道有多少水分在），绩点仍然很低。\n\n警钟长鸣！！！
213265,3525,李峙,2025-01-16 13:52:24,-3,1,4,心理学及应用通识课，本人满绩了，感谢老师。老师每节课都会以课后问题的形式点名。问题很简单，扫码做，基本上听课了都能做的来。上课会提问，需要自己抢。着回答。每节课一次的发言也算是平时分的一部分。小论文会提供选题，不会太难，老师也会提供一两篇参考论文，但一般是外文的。没有考试。参加心理学实验可以提供额外加分，实验时长达到5个小时就可以拿满10分的额外加分。课堂很轻松，老师讲的很有趣。认真听课+积极抢答+认真写论文+把心理学实验做满，个人感觉拿到一个比较高的绩点还是可以的。
216399,3525,李峙,2025-03-15 12:54:06,4,4,0,心理学及其应用。\n\n很坏的老师，就凭你你那5小时实验加分（10分），就说明了你给分的水分。如果做实验的人多了，大家又回到接近的起跑线，那是不是又得压低论文分啊，不就成给你们学院白打工了？再说，论文写点对心理学小白友好的主题不行吗，非要选你们专业搞研究的课题论文。要求你必须上nature，sci等等去查全英文论文，对于任何只是想浅显了解心理学的学生都是非常不友好的！无非是浪费我们时间去生产没啥用的学术垃圾，仅此而已。我承认李老师上课的内容确实不错，作为科普内容很好，但是你要在浙大这么卷的大学开一门通识课，你就是不尊重学生的学习成果，糟蹋我们的绩点，我只能给你打1分。🤣
219301,3525,李峙,2025-05-24 11:33:05,3,4,1,2.7
58727,3711,宋超,2017-09-16 05:29:58,-1,1,2,很温柔的老师
63566,3711,宋超,2017-12-07 02:55:07,0,2,2,呵呵(^_^)，同王慈
93471,3711,宋超,2019-01-10 02:32:27,-1,1,2,超温柔
177840,3711,宋超,2023-07-05 03:41:26,13,15,2,10分给大物乙的宋超老师。很年轻很温柔，从不点名，小测开卷考，期末海底捞。
179480,3711,宋超,2023-09-17 03:17:47,7,9,2,大物乙的宋超老师）老师开课不久，但讲课思路很清晰，谦逊温柔，很为同学考虑的年轻老师。此外，在官微上看到许多宋老师大学期间的分享和从事科研的心得，优秀且很有人格魅力，一度成为我学物理的动力！
184386,3711,宋超,2023-12-18 12:40:06,0,1,1,杜校长都去听过他的大物课
189247,3711,宋超,2024-01-22 14:58:28,2,3,1,大物的宋超老师，真的好
193363,3711,宋超,2024-06-07 08:26:51,1,2,1,大物乙无敌好老师，真神！
195262,3711,宋超,2024-06-27 13:38:30,1,2,1,很好的老师，为学生着想，给分很好，平时分基本拉满
195751,3711,宋超,2024-06-30 01:25:16,1,2,1,给十分
198548,3711,宋超,2024-09-10 01:40:23,0,1,1,超好的大物老师
199925,3711,宋超,2024-10-08 12:08:47,0,1,1,老师人好温柔讲的细从不点名小测开卷而且提前通知，总而言之选到就是赚到
208253,3711,宋超,2024-12-26 11:20:55,-1,0,1,大物讲的特别好，讲话清楚，逻辑明确，很推荐选
211355,3711,宋超,2025-01-11 08:34:59,0,1,1,老师自己是竺院求科毕业，自己淋过雨，也会为学生们撑伞
212836,3711,宋超,2025-01-15 04:29:00,0,1,1,超级好的大物老师，捞我两个学期\n\nPPT全面，讲课清晰，从不点名
219821,3711,宋超,2025-06-07 12:34:02,0,1,1,大物乙，只有小测时会雷达点名，且会提前通知\n\n先打个10分，其他出分再说
221308,3711,宋超,2025-06-24 07:23:43,-2,0,2,优点是不点名、作业少、小测不查作弊\n缺点是给分求是（纵然只差0.几的平时分就不卡绩也不会捞，我期末卷面98依然卡绩）、平时分差（写作业的时候漏掉几个公式都要扣分，我同学认真写的作业就因为答案不对那次作业就只有70多分）（当然平时分这方面是助教在管）\n\n综上所述 我认为对于平时就可以把大物学好的同学可以选，如果想靠期末考试逆天改命的同学请移步其他老师
221328,3711,宋超,2025-06-23 03:24:59,2,3,1,老师人很好，只有小测点名还会提前通知，平时分可能是按照期中期末来的，我小测有一次错了一道，照理来说平时分没拿满，但期中期末考的比较高给我平时分拿满了。总之无脑选。
221864,3711,宋超,2025-06-27 03:44:32,0,0,0,大物乙宋超老师：讲课清晰，只在小测点名，小测会提前通知，题不难，并且是开卷，可以翻笔记和书。简直神中神
70777,3951,陈辉,2018-01-27 13:43:38,3,8,5,上的是心理学及应用 课很有趣还会有各种实验demo和课堂实验  不水 可以学到东西 上课认真做笔记 有两次开卷小测和最后开卷的期末考 平时可以做心理学实验赚分 最后满绩啦
74550,3951,陈辉,2018-03-03 11:07:42,4,6,2,老师超棒呀！看到没什么人评分就来的。讲课内容很丰富，人也很有趣，学到不少东西，喜欢心理学的同学推荐选这个！事情不算多，不过想拿高分还是要认真听认真写笔记。还有就是做心理学实验加分的，多加几分绩点会更好看
74642,3951,陈辉,2018-03-05 02:39:21,2,4,2,不点名，但是要签到，老师人很好
74654,3951,陈辉,2018-03-05 03:46:26,1,3,2,老师的心理学及应用，首先，课程不水，可以学到很多东西，增强基本的心理学素养，而且老师还会安排实验，虽然有点麻烦，但是也是不错的体验。老师上课也会让我们了解很多心理学的实验，特别有意思。最后的分真的很不错，只要上课有听讲，期末差不多就是完全抄书
76499,3951,陈辉,2018-04-11 12:38:58,9,17,8,老师人好，大学霸，耶鲁、宾夕法尼亚高材生，心理学应用给分十分尽力。
79830,3951,陈辉,2018-06-14 05:44:32,0,4,4,认真听的话有收获，没有论文，事情少，一次小测一次期末随堂考试，开卷，给分好。10分推荐
86930,3951,陈辉,2018-09-19 11:59:05,6,10,4,听第一节课就来评分的我...可能因为很喜欢心理学而且很崇拜老师~老师讲课轻松幽默、循序渐进、干货满满
88318,3951,陈辉,2018-10-28 10:14:46,4,6,2,干货多废话少，超棒
89238,3951,陈辉,2018-11-17 08:48:59,0,2,2,老师上课很有趣，都很难走神嘞，会讲很多心理学方面的理论和实验案例，干货很多哒！\n\n平时要签到的，小测是10分钟，上课听了就会做的\n\n还可以参加心理学实验赚点外快咦嘻嘻嘻嘻嘻
89751,3951,陈辉,2018-11-20 14:41:36,-1,1,2,很棒的体验啦
89975,3951,陈辉,2018-11-21 12:11:21,12,15,3,2.7的绩点了解一下
90600,3951,陈辉,2018-11-24 11:49:36,0,1,1,虽然只听了一次，但老师的学术水平毋庸置疑，真的能学到自己想学的心理学知识
90729,3951,陈辉,2018-11-25 12:30:36,2,5,3,蛮好的老师，态度好给分也很用心了。
91473,3951,陈辉,2018-12-11 06:21:35,13,16,3,绩点低
92837,3951,陈辉,2019-01-05 05:01:19,1,3,2,我觉得真的是非常好的老师，老师本身也非常厉害呀！上的是老师的心理学及其应用，每节课都听得很认真，最后一次开卷考，考的都是上课讲的内容，虽然最后绩点不怎么样，但这并不降低老师的个人魅力。上课的时候干货超级多，认真听可以收获很多，对我个人而言学到了很多新的观点和知识。（想水的同学当然也可以很水）
95245,3951,陈辉,2019-01-19 05:37:34,-4,1,5,老师很幽默！\n\n高材生！超有才华！(第一门上4的课(ฅ>ω<*ฅ))
95614,3951,陈辉,2019-01-19 16:13:41,11,12,1,心理学及应用，是个年轻的新老师，这门课好像是他第三四次开。老师上课挺好的，讲的东西蛮有意思，值得一听。每节课要签到，有两次小测，最后要交一篇规定题目的2000字（?）左右论文，记不太清字数要求了。比较坑的一点是做心理学实验有加分，助教会在群里发布被试招募信息，要抢名额，竞争还蛮激烈，最多可以加六个小时实验的分，这点比较耗课外的时间，恶竞的时候到了（叹气）。但这门课结束后我打开了做心理学实验赚零花钱的新思路嘻嘻~我课外实验只做了2个小时，绩点不咋地，桑心，但这门课和老师还是不错的(*๓´╰╯`๓)♡
99825,3951,陈辉,2019-01-25 08:06:25,20,24,4,绩杀不解释\n\n
99850,3951,陈辉,2019-01-25 08:28:00,15,17,2,老师还行，绩杀
99901,3951,陈辉,2019-01-25 09:20:50,6,8,2,看不懂老师的给分?
99979,3951,陈辉,2019-01-25 11:33:25,4,5,1,被卡绩了...
100078,3951,陈辉,2019-01-25 13:49:35,8,9,1,给分不好，很容易就绩点比较低，刚开始选课的同学，不要因为这一科拉低你的GPA，慎选。\n\n
100335,3951,陈辉,2019-01-26 03:14:27,0,1,1,老师是好老师 我是菜学生 每节课都认真听也认真每节课都认真做笔记 奈何论文渣渣 喜提第一门3.3 均绩一下降了...分 哎..大家加油吧 对心理学感兴趣和有悟性的论文又写得好的应该会分高吧..做实验做满了的话就拉不开差距..
101855,3951,陈辉,2019-01-29 09:37:34,-2,0,2,
106294,3951,陈辉,2019-04-26 07:39:05,1,2,1,专业，上课非常有趣
106295,3951,陈辉,2019-04-26 07:39:24,0,1,1,优秀的老师
107047,3951,陈辉,2019-05-01 04:36:48,3,5,2,绩点很低 十分伤心 实验做了，论文也好好写了，绩点2.4
107048,3951,陈辉,2019-05-01 04:37:22,1,2,1,老师的课真的超棒！！
107049,3951,陈辉,2019-05-01 05:07:20,2,3,1,老师讲课很有意思呀 可以看出是很好很温柔的人~ 讲的内容也很专业 总之很棒啦
107076,3951,陈辉,2019-05-01 10:46:43,3,5,2,老师讲课又有趣干货又多，而且小测占比还是有点多的，所以建议上课的时候听一听，就当科普了。论文学术要求和字数要求并不高，可能是这学期心理学论文普遍改革了。认真写了小测和论文，实验做了五个多小时，虽然没满绩但是也4.5了，付出和回报成正比，还学到了知识，好评！（PS.实验时间其实并没有那么难刷满，趁有时间早点开始刷就行！
107327,3951,陈辉,2019-05-04 01:46:43,0,2,2,给分呵呵不解释\n\n论文写了好久，搜了很多资料，做过好几次实验，上课小测验题目基本都会，你给我3.0你? 呢\n\n
118755,3951,陈辉,2019-10-31 11:49:49,1,1,0,课上真的干货满满～老师人也不错(好像不怎么管玩手机的) 除了自愿做的实验外课程压力真的挺小的了。
118965,3951,陈辉,2019-11-08 15:16:22,2,3,1,虽然我还不知道成绩(听说很多人绩点不高)但实话说老师人很好啊，年轻有为讲课也有趣，有两次小测，只要认真听就不难，就是期末论文不太会写哈哈，贼喜欢这个老师o(^o^)o
119894,3951,陈辉,2019-11-16 22:51:56,4,6,2,课上的很好，收获特别多！认真听课，认真做实验，认真写论文，最后4.5！也许不是太高，但已经对得起自己的付出了！谢谢老师！
119900,3951,陈辉,2019-11-16 23:47:22,-4,2,6,3.3...不做实验只配被正态，一共就24课时18小时的课一定要做6小时实验。课上小测抄的有 查手机的也有 谈何公平性？不是深爱心理学并且热爱做重复且无聊的实验真不建议选
119915,3951,陈辉,2019-11-17 00:37:00,0,3,3,老师很幽默很厉害，这大概是我秋学期觉得最有意思的一门课了！好好做实验（基本每周一次就行了），上课好好听（因为有小测记得做点笔记），论文，讲道理我写的挺水的，就上4了！！感激老师和助教小姐姐！！
119920,3951,陈辉,2019-11-17 00:51:00,3,3,0,老师上课很有意思，会时不时结合一些小实验让大家一起参与。认真听的话肯定能有所收获。当被试虽然可能有点费时间，但能了解心理学实验是怎么操作的以及大家在研究什么，我觉得也是一种经历吧。
119931,3951,陈辉,2019-11-17 01:08:37,3,5,2,好开心，实验刷满了，论文认真写了，然后课上好好听，小测难度就不会很大，最后绩点不差。老师干货满满，而且助教小姐姐很可爱哦ớ ₃ờ
119940,3951,陈辉,2019-11-17 01:26:41,0,1,1,老师上课很棒！！内容干货满满，收获很大。\n\n就是做实验有点恶竞。做了三小时，最后绩点3.9emm
119976,3951,陈辉,2019-11-17 02:42:31,1,2,1,老师讲得很好，好好听肯定会有收获
119983,3951,陈辉,2019-11-17 03:04:28,1,1,0,这是我的绩点？？？？？？？！！！！！！
120030,3951,陈辉,2019-11-17 06:25:49,2,2,0,上的是心理学及其应用这门通识～首先课程本身很有趣，老师讲得很好，逻辑与表达都很清楚，课程氛围也很轻松。从一开始就打破了一些对心理学的“误解”，收获和体验我觉得都很实在。再到课程评价体系，有两次小测和期末论文，做实验被试还可加分，平常没有作业。小测都是选择题，只要ppt内容记录下来就没问题；期末论文也不难，字数要求不多。做被试虽然有点耗时但还是挺有趣的……之前看评价绩杀有点担心，但自己上下来算是这学期最喜欢的通识了～
120071,3951,陈辉,2019-11-17 10:00:24,2,3,1,老师超级棒棒！！！干货满满，讲课真的很有意思！小测不用担心，上课只要认真听，做笔记，就不会差，考的都是学的东西。助教姐姐很可爱也超级热心。总之很喜欢这门课，棒棒！！！
120081,3951,陈辉,2019-11-17 10:47:18,0,3,3,本来以为自己会只有3点几，结果4.8……哭了
120136,3951,陈辉,2019-11-17 23:17:41,1,1,0,男神，心理学课超有趣，是秋学期唯一慰藉我的课
121065,3951,陈辉,2020-01-19 12:05:29,1,2,1,上课很有意思，心理学的科普很棒！有两次小测+科普论文一篇（1000-2000字不恶竞哈哈哈哈），做心理学实验一小时+1分，最多六分。\n\n\n\n小测都是ppt上的内容，听课了就很简单！水一水的话，翻翻书也能有个大概，但最好还是听一下大致有个印象。\n\n\n\n看评论有人吐槽实验，其实我感觉还好啦。我做了五个小时最后4.8。我也有同学三个小时不到也有4.8，但可能论文什么的就要写的好一点啦。\n\n\n\n当然如果你排斥做实验的话，还是不要选心理学相关课啦。其实，我觉得体验一下实验也挺有意思哒。\n\n\n\n如果要做实验的话，建议早点开始哦。到课程结束想起来，就会发现来不及啦！
121195,3951,陈辉,2019-12-31 01:40:14,2,2,0,这绩点，能忍？？？！！！！算了，课还不错_(´ཀ`」 ∠)__ 欲哭无泪(´；ω；`)呜呜呜呜    劝那些想水课的别选这门课，不对，别选他的课
121298,3951,陈辉,2019-12-23 10:59:48,-1,0,1,心理学及其应用\n\n课程内容主要是比较基础的心理学基础，老师讲得也不错。没有乱七八糟的展示，两次开卷小测，每次15道选择，听课大致能做。期末2000字论文。总的来说还是比较符合我理想中的通识选修的。\n\n不过本课程可以做心理被试，1h加一分，最多加6分，也可以赚点零花钱。我感兴趣所以自然地做完了，但课程成绩应该评价的是对这门课程的学习情况，把这六分附加分加入一门有正态分布的通识课的考核真的合理吗？\n\n尚未出分，祈祷不被正态。
127505,3951,陈辉,2020-11-23 17:54:46,0,0,0,很不错的老师
127509,3951,陈辉,2020-11-24 00:01:29,-1,3,4,实验一定要刷满！我刷满了，最后得分93分，绩点4.8，感觉不做实验应该就跪了。平时上课好好听，很有意思，小测的题目在上课说的话里面，听了基本都会了。
127522,3951,陈辉,2020-11-24 01:52:13,2,2,0,陈辉老师上课讲得很好，认真对待的话成绩也还可以。论文要写得高质量一点吧应该就没问题了
127543,3951,陈辉,2020-11-24 07:00:51,0,0,0,挺好的，上课可以学到很多（只要有听，可惜我自己后半学期划水了orz），老师很不错，课后还可以体验一下什么是心理实验（真的和想象中差太大啦），给分也不错，比我想的要好。
128756,3951,陈辉,2020-12-25 07:14:51,-3,0,3,上课很有趣！给分也不错！！
129794,3951,陈辉,2021-01-12 11:40:54,-2,1,3,上课挺有趣的，虽然我经常水过去...\n\n实验刷满拿了4.2
130458,3951,陈辉,2021-01-22 13:51:38,1,1,0,怎么还不出分啊？
131623,3951,陈辉,2021-01-28 07:58:02,0,1,1,刚刚出分了，跟自己的估计差了好多，去问了助教姐姐，确实是自己小测没做好。\n\n无论如何，课是绝对的好课，有干货，老师也亲和。划水的同学的同学可能会很吃亏，小测的内容不太会在书上找到的，一定要跟着老师听。10分好评。
131627,3951,陈辉,2021-01-28 08:14:38,1,1,0,课是好课，很有趣的～\n\n哦对了，小测的答案很难找。
131642,3951,陈辉,2021-01-28 09:33:24,0,0,0,上课不错，干活多，略无聊。但…绩杀啊，有认真上课记笔记写论文做实验，小测也都保证大多对但绩点……
131648,3951,陈辉,2021-01-28 09:55:32,-3,0,3,纪念一下大一第一门出分的课，满了\n\n上课可水可听，气氛很好，建议实验和论文多用点时间，成绩不会差
131833,3951,陈辉,2021-01-29 04:45:01,0,0,0,上课幽默风趣，论文好好写，小测好好做，肯定会好
131856,3951,陈辉,2021-01-29 06:50:10,1,1,0,每节课都有签到。两次quiz，quiz开卷，但是内容几乎不是课本和PPT上原有的，是老师上课分享的例子之类的，就是老师讲解的内容比较多，要想得高分还是得认真听课做点笔记～最后一个一千字的小论文 是比较少，但是还是得认真听，老师很幽默，其实也能学到很多东西
135402,3951,陈辉,2021-05-10 01:50:08,0,0,0,很好的老师
153105,3951,陈辉,2022-04-25 13:33:37,5,5,0,不知道是老师还是助教绩杀
153120,3951,陈辉,2022-04-25 23:58:48,4,4,0,课还行，蛮有意思的。就是这个绩点.....我感觉是最后论文的问题。老师说写写感想和对课程的理解，我就...。难道说这个也要按照很正式的那种来写吗。
153137,3951,陈辉,2022-04-26 04:30:53,0,1,1,课程建议：手写签名点到，每次要去上课；\n\n小测内容比较细，大部分是上课讲/ppt内容，测之前智云截图ppt(最好能2倍速听一下老师讲的小细节，补充一下)；实验做满6小时(基本每天都会有)；论文多举上课出现过的例子，有条理，绩点不会低的~(老师讲课还是很有意思的)
103350,4523,林伟连,2019-02-27 11:51:24,0,4,4,啥都能奖励一朵小红旗。。。奖励个?儿 变相强迫听课是真?儿难受
104175,4523,林伟连,2019-03-13 11:24:29,1,3,2,辛苦老师了，非要开这种课。其实已经讲的不错了。虽然鹅颈是为了保证课堂质量，但是真的神烦。
104247,4523,林伟连,2019-03-14 16:24:24,0,3,3,老师您好，真的不是每个人都喜欢举手发言的，这样鼓励恶竞的方式真的令人感到不适。而且，“奖励的小红旗”并没有令人信服的标准，就算是随意的插嘴也会被奖励，看上去似乎是随心所欲。讲课很有激情！但是给分方式真的有待商榷。
105196,4523,林伟连,2019-04-07 10:56:16,0,3,3,创您?的业，大学生创业失败了您来买单吗？？还小红旗恶竞，这种沙雕课有没有人听您心里没有b数吗，既然是应上级要求，水水不就好了？还写这么麻烦的创业计划书，你真觉得我们的项目拿出来能创业？写计划书就是浪费时间，在浙大最后一门通识课。谢谢您让我认识到原来傻逼的老师真的不少，傻逼的课程更是多之又多
105309,4523,林伟连,2019-04-09 15:52:25,5,6,1,已经预想到30多页的创业计划书在结课后变成一堆废纸的未来
105823,4523,林伟连,2019-04-21 10:18:42,-5,1,6,老师人很好\n\n也很博学\n\n点赞！\n\n
106561,4523,林伟连,2019-04-28 06:37:18,1,2,1,73 哭了?
74707,4985,王腾飞,2018-03-05 08:31:10,18,21,3,老师亚撒西～
76024,4985,王腾飞,2018-03-25 00:20:36,8,9,1,老师很和善也很年轻
76025,4985,王腾飞,2018-03-25 00:21:05,1,2,1,好～！
76026,4985,王腾飞,2018-03-25 00:22:38,2,2,0,好评不解释(๑•ั็ω•็ั๑)
79822,4985,王腾飞,2018-06-14 04:15:25,7,7,0,老师性格很好很温和，只要认真完成任务给分不会低！
81815,4985,王腾飞,2018-07-06 08:46:33,8,8,0,老师很认真负责哦，而且很温柔，而且很帅气～
92770,4985,王腾飞,2019-01-04 10:15:06,7,9,2,很帅很温和的老师，老师又一次点名的时候点到一个同学没来，很忧伤地说这个同学选了他三年的课，三年都没来上课2333。社科研究方法好好学收获还是挺多的，期末一个大的课题，一定要选好组员，我被一群留学生坑惨了，这种课一带六真的带不动
100493,4985,王腾飞,2019-01-26 08:00:50,8,8,0,老师认真又年轻！！爱了爱了！给分也好！！
100911,4985,王腾飞,2019-01-27 05:50:50,2,2,0,老师人好，给分一般
102852,4985,王腾飞,2019-02-24 08:04:22,2,2,0,老师好好
103127,4985,王腾飞,2019-02-26 05:52:26,6,7,1,上课有干货也不无聊，老师人超级nice，小组作业难度不大，期末考试不难还划重点，个人报告认真写就好不用鹅颈字数，个人体验给分超级好
113842,4985,王腾飞,2019-07-07 17:40:04,2,2,0,人很温和，讲课也很清楚。
113947,4985,王腾飞,2019-07-08 02:15:35,2,2,0,给分超级好！！
122387,4985,王腾飞,2020-02-26 03:47:21,1,3,2,很认真准备的老师～上网课还会认认真真看每一条消息。讲的例子很丰富！爱啦
124961,4985,王腾飞,2020-07-26 10:58:25,3,3,0,老师人很好，会耐心听学生建议，每节课准备的也很认真
150662,4985,王腾飞,2022-02-11 01:32:41,4,4,0,男神！
156864,4985,王腾飞,2022-06-21 07:53:46,3,3,0,挺帅的
158490,4985,王腾飞,2022-06-29 16:39:32,6,9,3,虽然名字是wtf，但作业给分根本不wtf！
158720,4985,王腾飞,2022-07-01 14:28:04,4,4,0,老师又帅，给分又好，平时上课也很生动，会放很多心理学实验的视频，开卷小测，答案都在ppt上，ppt老师会给。论文字数要求低，因为是通识课，主要写感受，所以论文应该不是评分重点，重点应该在平时分。大爱老师，表白男神！
159098,4985,王腾飞,2022-07-06 06:54:04,2,3,1,通识课给分真的挺好的 论文要求挺低的 比较好水的那种 事少分高 真的听推荐的吧
168691,4985,王腾飞,2023-02-21 05:29:24,3,3,0,Very nice Prof. pretty easy going. I feel comfortable with his class and the grading policy is also friendly for students. btw，he's really handsome lol
178301,4985,王腾飞,2023-07-09 17:23:59,6,6,0,表白啊啊啊啊 男神！！讲得好给分超级好啊啊啊啊啊
183513,4985,王腾飞,2023-11-27 03:40:27,2,2,0,给分好
183602,4985,王腾飞,2023-11-27 16:46:41,2,2,0,给分好！人也很好！
198729,4985,王腾飞,2024-09-11 06:55:56,1,1,0,老师本人很温柔，看待事物也很有社科类学者（虽然他是心理学啦)的那种“勿惋惜，勿嘲笑，勿憎恶，唯求理解”的客观与平和。\n\n对学生很认真负责，上社会科学研究方法时的小组展示，他会很认真地给每个小组点评，你问他问题也都会很耐心地回答你。\n\n而且社科研期末考试只要认真复习就能考得很好！
201784,4985,王腾飞,2024-11-06 08:41:01,0,0,0,老师很看重平时课堂发言，如果平时发言较少可能期末分数就会不太好看……上课如果积极些有可能分数会还可以
218950,4985,王腾飞,2025-05-14 17:09:26,0,0,0,老师人非常好，很平和很幽默，上了两门课一门98一门99，别的不用说了
123616,5415,戴俊毅,2020-06-10 13:45:47,0,3,3,不点名，就小组展示＋小组一份报告＋开卷考，我是组长，平时上课都坐前排认真听＋上课提问＋下课之后单独问老师＋代表小组做展示，最后4.2，应该是开卷考考的不怎么好，很多都是ppt的内容，然而我没打印ppt。组员有打印了ppt的，最后4.5
124482,5415,戴俊毅,2020-07-01 23:56:40,1,2,1,这门课就比较轻松，老师的作业很少，可能有点恶竞吧，但是只要平时按要求做，考试时认真，基本都可以拿个不错的分数。
124707,5415,戴俊毅,2020-07-06 15:04:48,0,1,1,不喜欢╮（﹀＿﹀）╭
124971,5415,戴俊毅,2020-07-27 09:18:57,1,2,1,戴老师讲课很棒
125038,5415,戴俊毅,2020-08-17 10:28:10,1,2,1,给分不太好
136722,5415,戴俊毅,2021-06-23 11:13:49,1,2,1,给分不好
138121,5415,戴俊毅,2021-07-07 11:56:16,-1,0,1,一般般
172606,5415,戴俊毅,2023-05-02 01:47:31,-3,0,3,贝叶斯统计学基础，上课比较轻松，作业量也还行，就是给分很烂，就只有个位数的学生，分还这么低着实说不过去
192537,5415,戴俊毅,2024-05-23 07:23:16,0,0,0,老师非常认真负责！讲得也很好！
138069,5511,周宵,2021-07-07 08:55:34,0,1,1,老师超好的！
138352,5511,周宵,2021-07-08 15:23:59,5,7,2,对我而言这门课的实践部分在于，如何用课程所学拯救因绩点造成的心理创伤。
139098,5511,周宵,2021-07-12 18:09:06,-4,2,6,大一学的，被惨不忍睹的绩点所创伤\n\n但老师人还是很好的呜呜呜给9分
145571,5511,周宵,2021-12-30 09:29:19,0,0,0,。。。
156936,5511,周宵,2022-06-21 11:11:08,0,0,0,幽默风趣，上课热情，超喜欢老师～～～
157346,5511,周宵,2022-06-23 04:23:41,0,1,1,上课有热情，有趣，给分也很好~\n\n创伤心理与危机干预这门课，上课内容有趣且不难，可以不听，作业是500字小作文+2500字论文，给分很好（看谢谢老师的个数？），我上课没听+论文一天速成也有4.5，非常适合当跨专业。
157547,5511,周宵,2022-06-23 16:46:47,0,0,0,老师个人经历和专业知识都很丰富，上课非常有意思且实用，事少给分好！！
167038,5511,周宵,2023-01-14 17:07:12,0,1,1,老师人超好
178151,5511,周宵,2023-07-07 07:46:36,5,9,4,上课太有意思了，可以学到恋爱小知识（x\n\n教学理念很棒，很真诚，明确说不点名不考试，想不想学看自己\n\n很幽默，但是自己又没意识到，发现我们笑会停下来好奇问哪里好笑，哈哈哈哈真的超可爱！\n\n事情少给分好，期中做实验/写小论文，期末大论文（也就2000字
139318,6010,胡玉正,2021-07-14 09:24:39,4,8,4,课程难度适中，毕竟是导论课，老师也没有过多深入讲解认知神经的一些专业知识。每次课也都有一些互动讨论环节，很有意思。认真听讲的话肯定有很多收获！平时作业不多，也没有考试，给分也很好！
159099,6010,胡玉正,2022-07-06 07:16:14,4,6,2,老师人很好，也很和蔼，会尊重学生，然后上课注意互动，还是很不错的
177433,6010,胡玉正,2023-07-03 09:02:57,3,6,3,好得很 我是外专业的 选这课只为了凑学分 也提前跟老师说过了 期末考试多实在没来得及交大作业但是老师还联系我督促了下 我都差点放弃了 最后赶了份大作业交了上去也拿到了我自己很满足的分数
196494,6010,胡玉正,2024-07-03 18:50:21,2,4,2,认知神经科学导论：上课内容还行，但是考核方式不太合理，考教过于分离
201881,6010,胡玉正,2024-11-07 06:58:06,2,3,1,磁共振数据分析，授课内容确实有助于学生理解大致的分析逻辑，但是是不是有点太大致了，诚然，软件操作的重要性远不如逻辑思路，但是也不能一句话没教过实操期末大作业是要独立分析并撰写论文一篇吧；其次上课时间浪费现象严重，每节课最重要的内容时长远小于对同学们挨个提问时长，无论问题质量，甚至连什么是标准误这种问题都要全班问一遍，诚然这些小问题也很重要，但是能不能保证重要内容讲解充分？
201882,6010,胡玉正,2024-11-07 07:01:33,1,1,0,难评 难评
201996,6010,胡玉正,2024-11-08 04:01:40,0,1,1,明天大作业ddl，今天才发了组分析教程，意思让二十四小时出一篇论文呗，真是浙大速度啊
201997,6010,胡玉正,2024-11-08 04:10:18,0,1,1,看视频可以，作业全是靠视频，这门课改成叫看视频能力培训得了
215754,6010,胡玉正,2025-03-05 07:40:47,1,1,0,特别好特别好的老师！！！！！！！！
125617,6391,蔡瑛,2020-09-12 11:15:46,20,32,12,很棒噢
126140,6391,蔡瑛,2020-09-18 06:33:00,4,8,4,体验良好
126833,6391,蔡瑛,2020-10-22 10:38:10,3,4,1,太亲切了！
127128,6391,蔡瑛,2020-11-09 12:30:45,8,11,3,老师喜欢说anyway哦，课程很有趣，可以有很多机会参加心理实验（如果和课程不冲突的话），有时会拖堂。
127291,6391,蔡瑛,2020-11-20 00:49:41,4,6,2,老师讲课很有意思！平时事情不多，每个星期写几道测试题，期末交一篇论文，没有考试！对心理学感兴趣的同学放心冲！
127366,6391,蔡瑛,2020-11-21 11:39:37,4,7,3,老师很幽默，上课超有意思。事少，无考试
127368,6391,蔡瑛,2020-11-21 11:42:39,15,20,5,上课口头禅anyway，每次听都很想笑。老师上课会给我们看B站上有关心理学的视频，虽然有时候会掐头去尾。有时会忘记下课，导致一节课时间很长，偶尔还会点个名。总体来说课程作业比较少，平时认真听课，做好测试，期末只要一篇论文，没有考试。是个好老师。喜欢心理学的同学可以选。\n\n
127673,6391,蔡瑛,2020-11-25 16:02:08,16,27,11,绩杀 别选
127675,6391,蔡瑛,2020-11-25 16:13:03,4,7,3,老师人很好，但是被正太了，想学点东西的话推荐选。
127677,6391,蔡瑛,2020-11-25 16:21:01,13,16,3,老师人很好的\n\n无奈学校要求正态\n\n尽管我的心理学被试时长没有加入，但是给分也已经很好了。
127679,6391,蔡瑛,2020-11-25 16:45:47,10,14,4,超级超级可爱的老师！上了她的《心理学及应用》，真的爱了❤️❤️❤️上课很有意思，可以看出每次备课都很认真，很爱笑，会分享自己的小故事，有每周一问每周一事，老师都会很认真看完。平时每个章节做测验，课程结束交一篇论文，作业真的不多，上课认真听可以学到很多东西，超级喜欢老师啦，也有尽力给我们高分了，真的是很可爱的一个老师，希望有机会还可以上她的课💕
127720,6391,蔡瑛,2020-11-26 05:32:59,29,42,13,真就绩杀呗
127902,6391,蔡瑛,2020-11-30 03:48:03,15,28,13,之前还觉得老师很亲切课堂也很有趣，课也按时去，每周测试也认真做，最后的论文也用心写，但到最后绩点还是很低…不想说啥了
127985,6391,蔡瑛,2020-12-02 08:15:24,7,11,4,给了九分，一分扣在绩点
127992,6391,蔡瑛,2020-12-02 11:29:10,-2,4,6,给分好，上课有趣，可以学到东西
128166,6391,蔡瑛,2020-12-09 06:37:03,10,14,4,绩点也太低了...
128325,6391,蔡瑛,2020-12-19 01:39:47,4,10,6,不知道最后成绩怎么算的！\n\n绩杀
128404,6391,蔡瑛,2020-12-22 09:50:14,3,4,1,感觉老师讲课很有意思
128529,6391,蔡瑛,2020-12-23 14:37:19,2,4,2,还好，很棒的课
128796,6391,蔡瑛,2020-12-25 11:04:19,0,3,3,选到就是赚到
129873,6391,蔡瑛,2021-01-13 06:38:35,9,13,4,虽然老师有点可爱，但是绩点真的好低...
130176,6391,蔡瑛,2021-01-18 12:10:02,4,7,3,绩杀555
142051,6391,蔡瑛,2021-11-04 18:05:17,-6,8,14,修的是蔡老师的心理学及应用课\n\n这门课本身就还挺有趣的 工作量也不大 推荐选修\n\n老师人超级好 很亲切 很喜欢笑 讲课生动有趣 内容也很丰富 心态也很年轻（嘛毕竟年龄也不大） 还是能和学生有不少共鸣的\n\n喜欢吐槽哈哈哈😄 还经常b站上的视频给我们看帮助理解\n\n有时候会稍微拖一下堂 也不超过2分钟 可以理解\n\n绩点方面 刚结课还不知道绩点qwq 有些人绩点低可能也有你自己的原因吧 你觉得你很认真 但是说不定比你更强更卷的人一抓一大把 毕竟正态分布 能拿到高绩点的人本来就少 问问别人付出了多少再想想自己配不配得上满绩8⃣️\n\n（语气有点冲不好意思）
142069,6391,蔡瑛,2021-11-05 05:16:25,6,7,1,感觉老师是一个特别乐观开朗的人，待久了也会被她的乐观活泼影响
142449,6391,蔡瑛,2021-11-11 13:10:25,0,1,1,上课很认真有趣，可以学到东西\n\n点名，偶尔拖堂
142675,6391,蔡瑛,2021-11-15 04:23:06,1,1,0,老师很认真有趣
142677,6391,蔡瑛,2021-11-15 04:37:13,20,23,3,蔡瑛老师很爱笑，平时的话，也很有意思，论文认真写了，可能论文写的挺幼稚的哈哈，也去做了很多类型的心理学被试，然后每周一问好像没被选上去过，但是老师和助教都有认真回复问题，这节课老师反复强调心理学也是一门科学，这门课有和我们讲到认知的生物学基础，包括拓展了一些神经啊中枢啊脑区的功能分布，也有一些很有趣的心理学现象，比如说视觉的欺骗或者电影里失忆、睡觉什么时候是快速眼动期、睡多久不容易困，或者说还有一些和社会生活的密切相关的，比如ptsd和抑郁症啊，到底是蓝白还是黄黑，这门课是三节连上的，但是一点都不无聊，学习完这门课后，真的感觉到人类心理的奇妙和研究课题的多样性，包括最后很多研究结果都是很独特的，体验一级棒！最后是拿了4.5，我觉得挺满意的啦。
142678,6391,蔡瑛,2021-11-15 04:37:40,3,6,3,老师很认真，很可爱，是实实在在科普心理学知识的，srds我后面在水课，但认真听绝对有收获。作业也不多，课后6道选择+期末论文。论文好好写，就一定会有高分!实验参加的少也没事。
142692,6391,蔡瑛,2021-11-15 06:35:18,9,11,2,绩杀，给分低
142693,6391,蔡瑛,2021-11-15 06:56:37,3,6,3,超级喜欢的老师！！！人很可爱上课也很有趣！！！选的是心理学及应用，偶尔会点名，没有期末考试只有一篇论文，只是我太菜了只拿了4.2呜呜呜\n\n虽然有时候会拖课被学生吐槽hhhhh
142694,6391,蔡瑛,2021-11-15 07:05:44,0,2,2,出分后来评价～一开始看查老师评论内心还是有些犹豫的，但是不要求课堂发言+不用看网课+无当堂小测及期末考，在各个老师横向比较来讲都算很良心了，上课也非常有趣，想要高一点的绩点可以考虑多做一些实验加分（5h封顶，平均一周一次即可）、每周一问想一个有价值的问题。总之是事少且能学到东西的课程！
142701,6391,蔡瑛,2021-11-15 08:22:42,2,4,2,老师蛮可爱的，备课很认真。但还是美美卡绩
142715,6391,蔡瑛,2021-11-15 11:31:29,5,7,2,绩杀了
142720,6391,蔡瑛,2021-11-15 12:30:22,9,9,0,学的挺认真的 论文也好好写了 绩点真的很低 真的想了解扣在哪里了
142730,6391,蔡瑛,2021-11-15 14:08:03,0,3,3,蔡老师讲课真的很棒！！是个很爱笑的人，听她的课也很有趣，虽然我心理学被试从来没去过，听课也只是一知半解，最后靠着论文上了4.2，总之还是不错的！
142734,6391,蔡瑛,2021-11-15 14:39:35,3,3,0,老师备课很认真，有一个专门提问的板块，老师都会看然后挑个别回答。平时作业挺少的，每章节结束有几个选择题，会计平时分，但是错了也没关系可以通过做实验、提问题来补。期末论文格式认真处理，内容认真写，把态度摆在那老师给分也不差。
142983,6391,蔡瑛,2021-11-18 02:58:39,1,2,1,是有激情的老师，但如果没有一些基础容易困，论文写不出深度容易被绩杀
143026,6391,蔡瑛,2021-11-18 08:58:06,3,3,0,怎么说...绩点😭😭
143202,6391,蔡瑛,2021-11-21 10:55:57,22,25,3,蔡老师上课生动有趣，本人也幽默亲近，很爱笑。\n\n在课上我学到了心理学的一些基本知识，有感觉、知觉与意识之间的区分，有睡眠机制的作用，有催眠的原理啊，这让我也有了去学心理学的兴趣（虽然不能，嘿嘿~）。\n\n\n\n课后作业也不多，每章节课后会有7、8道选择题，老师上课全讲过，不记得也可以去智云课堂上翻ppt，做全对很容易。\n\n最后的作业是一篇结课论文，选题范围老师很早就布置了，要用APA 6 or APA 7的格式，3000~5000字，参考文献10篇以内。大家可以提前开始写。\n\n\n\n关于加分：1.在每周一问讨论板块提出自己的问题，被老师选上ppt课堂回答，结课成绩可以加1分，上限5分。\n\n2.助教会在群里发一些心理学测试的报名链接，每做一小时加1分，同上限5分。一定要填实验记录表！助教会把文档发群里，最后期末和纸质论文一起上交。\n\n\n\n我的话，课后选择题满分，每周一问没有被选上过，实验小时数做满了，课程论文没选老师列好的题目，以自己感兴趣的方向写了一篇研究性论文（或许不算，因为感觉写得太拉了，称不上研究报告），最后绩点4.5，满足了。\n\n\n\n最后结合其他同学的评价，要想绩点好看一点，最关键的就是结课论文。当时老师列出来的题目有一个层级，越往下越难写，但老师也会酌情给分。论文要尽量写得有深度，高逼格一点！！！\n\n以上就是我的一些想法，希望能帮到你们。
143737,6391,蔡瑛,2021-12-03 10:14:18,1,1,0,上课氛围很轻松，内容也很有趣，但是论文我是真的不会写啊姐姐QAQ。本来觉得水课心理负担很大，但是看到我被绩杀感觉这个分数特就差不多是我该得的分，内心算是平衡了
144741,6391,蔡瑛,2021-12-23 11:22:02,4,4,0,老师长得就很有心理学老师那味儿，温柔大气，谈吐幽默。一直对心理学很感兴趣于是选了这门课，平时选择题做得挺好的，最后绩点三点几，刷新最低了。要高分一定要去参加心理学实验次数，还有就是我期末论文写的读后感，和其他写研究心理学行为的论文相比可能深度不够。。。不知道为什么这门课卷王巨多。不过课程内容很丰富，能学到很多有用的知识。
145390,6391,蔡瑛,2021-12-29 09:58:35,-1,3,4,我感觉老师给分挺好的，没有绩杀。而且很乐观的感觉，听她说话就会变开心。
145846,6391,蔡瑛,2022-01-03 08:37:05,5,7,2,老师很可爱，作业也不多，但是绩点真的好低...
146565,6391,蔡瑛,2022-01-07 02:46:34,-4,11,15,绩杀！！上课讲的东西太学术太理论太深奥太科学了 和大家想了解的心理学根本不是一回事 无聊➕绩杀➕做实验发言学在浙大上问问题 事情略多 最后的论文要求也不低 慎选慎选！！！！！
161942,6391,蔡瑛,2022-11-17 01:05:26,8,19,11,你给我多少分，我也给你打多少分
161944,6391,蔡瑛,2022-11-15 08:40:23,3,4,1,心理学及应用。老师上课很有意思，人也很好，偶尔会点名。期末论文感觉主要是看有没有自己的思考和想法。虽然我平时小测经常错很多，但最后绩点竟然还不错！
163699,6391,蔡瑛,2022-12-16 03:32:09,-5,5,10,满绩不多说，论文好好写，实验做满
171815,6391,蔡瑛,2023-04-06 10:41:18,5,5,0,现在大三了，想到大一的时候这门课作为我第一门出分的课就让我拿了个3.6仍然难以忘怀，反正当时每节课都会去实验也做了论文也认真写了，只不过年少时太天真不知道这种通识课的论文多抄点多裁缝点多卷点字数才能分高，只能说这门课很符合如今大学中诸多质量低事情多给分差的stereotype吧
174773,6391,蔡瑛,2023-06-17 11:38:49,0,0,0,fmri讲得有一点不清楚且事情比其他老师多，但是也算认真
182639,6391,蔡瑛,2023-11-18 15:47:50,0,1,1,超级喜欢这个老师，很爱笑，上课氛围很好，知识慢慢渗透我哈哈哈哈。
182640,6391,蔡瑛,2023-11-18 15:52:43,2,3,1,卡绩。
182642,6391,蔡瑛,2023-11-18 15:56:08,2,2,0,拉分主要在五次被试，一定要拉满。会点名。小测在学在浙大上，以作业形式进行。不强制回答问题，回答问题好像也没加分。然而本人缺课一次，缺小测一次，论文缝合怪，没有任何被试，故而3.6.都是泪。。。
182643,6391,蔡瑛,2023-11-18 16:01:05,6,7,1,讲课内容还是挺有意思的，作业正常写，实验五个小时做满，最后4.5。\n\n据说今年90分以上依然正态，有点无语
182660,6391,蔡瑛,2023-11-19 05:03:38,6,14,8,这老师就特么一蠢朱，千万别选她的课，课上一堆事不说，从来不发PPT还要回答课后的小测，那些题上网找都找不到，知识点又是很偏很怪。成绩组成还强制参加实验，一小时一分你他妈有那么多时间给这玩意当小白鼠？而且鼓励恶行竞争，提问还要有水平有趣味才给加分，完事课后还来一句要求正态平时分全都很低，你这个比老师自己心理没点数吗？上你这比课比我专业课花费时间还要多，最后还是绩杀。没嘛的东西谁选你这几把课我笑话他一辈子
183377,6391,蔡瑛,2023-11-24 12:50:51,1,2,1,绩杀。
184621,6391,蔡瑛,2023-12-22 03:40:57,0,1,1,emmm 绩杀
184934,6391,蔡瑛,2023-12-24 13:08:09,1,2,1,非常好！！！
191014,6391,蔡瑛,2024-03-28 05:15:21,2,2,0,绩杀！
202142,6391,蔡瑛,2024-11-10 04:30:06,2,2,0,还不错
202167,6391,蔡瑛,2024-11-10 09:02:14,7,8,1,老师一上来就说正态分布，不过是学校要求的，那也没办法。开始我上课还是认真听的，后来感觉实在没什么意思就不怎么听了，开始干自己的事情了。然后实验做了三个，因为不知道可以重复做，但是尽量都参与了，然后每周一问有两次成了反例。测试也做了，最后论文借助某位up主的思路写了出来，借助了一些ai手段，最后绩点4.5，还不错，平时也不怎么花时间的。感谢老师，确实是很好的老师。唯一不好就是第一次写论文不知道什么apa 7th格式，然后老师给了一个几十页的心理学论文写作标准，真的刚开始的时候很难接受，不过最后还是随意完善了一下格式。
202172,6391,蔡瑛,2024-11-10 10:06:09,-2,1,3,上课上得还可以，比较有意思，上课不容易犯困，心理学实验内容也还行，强度不算大。少给个1分是因为小测的题目有些迷，最后总分91，被绩杀了，稍微有点不爽（当然和我问问题不那么积极有一定关系）
202175,6391,蔡瑛,2024-11-10 10:58:20,-5,0,5,一些记录，以供参考：课程为“心理学及应用”，平时分分为小测（课后的），参加实验（最高5次，如果只靠老师在群里发的实验做不满，可以去98或者朵朵看看有没有招募被试），课后讨论（最高5次），出勤（本学期3次），期末是论文形式。本人课后0次，满勤，小测2次80一次未公布，实验2次，绩点4.8。\n\n评价：期末论文好好写，分数不会太低，因为平时分被正态都差不多（不清楚今年有没有），但是如果想冲高绩点一定要多参与平时分相关事宜。老师人挺好的，课程也收获了不少东西。
202212,6391,蔡瑛,2024-11-11 00:57:32,4,6,2,内容是枯燥无味的（对我来说），上课是一个字没听的，实验是只做了一次的，课后测验是纯问AI的，但是点名是每次都在的，每周一问是次次都问的，论文是别出心裁认认真真一个字一个字写的，最后绩点是满的。
202296,6391,蔡瑛,2024-11-11 13:57:15,0,0,0,还行把
202764,6391,蔡瑛,2024-11-14 08:12:50,0,0,0,上课内容真心不错，老师温柔大气，如果能接受做心理实验可以选，论文不能水。
202848,6391,蔡瑛,2024-11-15 01:16:58,1,1,0,一定要记得做课后小测！
203078,6391,蔡瑛,2024-11-16 10:05:37,1,1,0,很好的老师，论文新颖绩点就高
207018,6391,蔡瑛,2024-12-19 03:53:24,0,0,0,老师挺好的，有在认真分享心理学知识，课堂也比较有趣，可以干自己的事情，我忘记参加心理学试验，但其他作业和论文都有好好写，感觉绩点还可以
209071,6391,蔡瑛,2025-01-04 10:52:05,3,4,1,老师上课很幽默，我是偶尔听一听，也会被知识所吸引。课后小测基本全搜的，也错不少。实验做了三次。论文是认真写的，没有ai。最后4.8。超开心谢谢老师！
124230,6448,何安娜,2020-06-27 14:45:28,0,0,0,老师好热情，负责
124511,6448,何安娜,2020-07-02 07:18:34,0,0,0,喜欢她的教学方式，很多交流和互动，上课的整个状态都很轻松。
126694,6448,何安娜,2020-10-14 05:23:10,1,1,0,非常喜欢安娜老师！真诚，热情，专业！
143604,6448,何安娜,2021-11-28 13:00:34,1,1,0,interesting
145759,6448,何安娜,2022-01-01 13:34:37,0,0,0,老师的英国管好棒
191594,6448,何安娜,2024-04-25 15:08:30,0,0,0,生动的人
129395,6465,徐雅竹,2021-01-05 04:15:40,4,4,0,人美心善
219873,6465,徐雅竹,2025-06-09 11:37:58,0,0,0,心理学的选课老师，非常耐心，会倾听学生的声音，很体谅学生，非常棒！
127206,6513,龚梦园,2020-11-13 05:17:29,14,27,13,好老师！
127725,6513,龚梦园,2020-11-26 06:08:27,4,10,6,还是听不戳的，上课有趣
127726,6513,龚梦园,2020-11-26 06:09:08,3,11,8,上课挺有意思，老师也蛮可爱，事情超级少，但是打分有点狠😢
127727,6513,龚梦园,2020-11-26 06:17:02,0,5,5,第一节课说点名两次还真点名两次（笑cry，但奈何自己太菜，拿的分不是很高，老师是好老师，上课也会活跃课堂气氛。
127728,6513,龚梦园,2020-11-26 06:37:39,12,17,5,老师好可爱 上课很有趣！
127730,6513,龚梦园,2020-11-30 01:32:59,1,5,4,老师非常好，上课很有趣，确实是看你自己听不听，最后一篇论文，打分确实狠，不管怎么说，十分十分。
127732,6513,龚梦园,2020-11-26 06:54:14,2,6,4,还好，上课其实挺用心的
127733,6513,龚梦园,2020-11-26 07:40:27,7,12,5,老师很用心！上课讲得很好很清晰！对同学们态度也很好！
127738,6513,龚梦园,2020-11-26 08:41:04,0,5,5,只点一两次名，老师很认真，课也比较有趣，平时事少，只需要交一篇论文就可以，但这个绩点是真的有点令人痛苦。
127747,6513,龚梦园,2020-11-26 10:04:23,8,11,3,老师很认真负责，而且没有作业，期末就一篇论文，看样子好像大家的绩点可能都不是很高？然后就是课有点太硬核了qwq
127838,6513,龚梦园,2020-11-28 07:23:25,8,14,6,很好的课，节奏适中，各种事例和调查结果很有意思，一些视频也非常吸引人，老师活泼风趣，课程可水可硬（完全看你自己），最终考核是写论文（只有这一个作业），非常nice的课，强烈推荐
127844,6513,龚梦园,2020-11-28 12:00:10,0,3,3,老师讲课是很用心啦，就是自己论文写的差，绩点给的低，哭哭(´;︵;`)
127931,6513,龚梦园,2020-11-30 11:39:34,12,24,12,emm看大家都说给分狠，但我感觉其实论文要是用心写给分还挺好的吧…？我是对心理学的一些话题本身比较感兴趣，然后认认真真看参考文献，组织自己的思路，也没有卷很多字，最后满绩，还是很感谢老师！老师平时上课也很用心呀！感觉感兴趣的话会收获很多！
127997,6513,龚梦园,2020-12-02 15:31:30,5,11,6,打分太狠了 呜呜呜呜呜呜呜呜呜呜呜呜对不起
128046,6513,龚梦园,2020-12-04 08:49:33,7,10,3,可爱的老师
129201,6513,龚梦园,2020-12-31 06:10:29,1,5,4,上课很用心，但对于我这种对心理学并不十分感兴趣的人来说略无聊。作业只有一篇论文，写的过程相当痛苦，资料很硬核，五个实验做满了，最后拿的分还行。
135793,6513,龚梦园,2021-05-26 03:18:37,7,10,3,真的是个非常非常好的老师！！上课超级用心，对同学们也很友善，答疑解惑超级耐心！会非常认真地回消息（老师回复的比我给她发的还长呜呜呜好感动），最后说以后有什么问题都可以尽管找她哇，总之选就是了！绝对不亏！
138070,6513,龚梦园,2021-07-07 08:57:13,4,6,2,老师太可爱了！
141692,6513,龚梦园,2021-10-20 08:47:32,-3,7,10,给分烂，不给我高分也别想我给你高分
141868,6513,龚梦园,2021-10-28 10:39:40,5,10,5,每节课必点名，看上课回答问题和参加心理学实验卷分，课程作业一篇论文，写得相当痛苦
142913,6513,龚梦园,2021-11-17 10:19:45,9,27,18,真他妈服了，认认真真做了所有事情，心理学实验也参加，论文好好写，还他妈要怎么样，3.3，喜提最低绩点。最后一节课让把座位号写在论文上，你要干嘛？坐的前就分高吗？我们几个坐的靠后的都巨低，什么狗屁
142917,6513,龚梦园,2021-11-17 10:32:02,18,34,16,心理学及应用，今天出分了，老师讲得真的好，很有趣，有视频来解读实验，也能学到很多东西，不枯燥，能听得进去，课可水可硬完全看自己。事少，除了期末论文啥也没有，心理实验是bonus，但我论文认认真真写，实验做满了，分却没有那么理想...
142928,6513,龚梦园,2021-11-17 12:32:01,6,13,7,这老师我嘛了，课还行吧，反正我觉得没啥意思，一篇综述定终身，虽然事情少，但你也懂，容易绩杀。嘛了，想高绩点的还是逃吧
142932,6513,龚梦园,2021-11-17 13:14:56,-4,3,7,本来想打一分，但是确实上课讲的不错，那就多打一分吧再，但是真的给分狠，就算你实验刷满了发言卷了论文认真写了你的绩点也不高
142933,6513,龚梦园,2021-11-17 13:26:53,6,7,1,上课干货很多+人很可爱+点名次数比较多\n\n评分的最终标准主要看文献综述吧，个人感觉实验的加分占比不大。综述格式要求能做好我觉得比较关键，可以多参考知网的格式，然后选一个自己感兴趣的心理学问题写就能拿高分了，感谢老师！
142936,6513,龚梦园,2021-11-17 13:45:27,4,9,5,综述全都是用英文文献，BONUS也是全班加的最多的了，绩点3。。。
142943,6513,龚梦园,2021-11-17 15:20:44,0,0,0,每节课必点名，实验也参加了，综述写得也挺认真的，但是绩点挺低～上课挺有意思的，就是给分成谜。
142962,6513,龚梦园,2021-11-18 00:59:09,13,16,3,老师很好，一个学期什么都没干就写了一篇论文，保证出勤，就有3.9。反观我博弈论，赚到了钱亏了分
142996,6513,龚梦园,2021-11-18 05:04:29,-2,5,7,绩杀快跑
142997,6513,龚梦园,2021-11-18 05:04:16,-7,4,11,绩杀快跑
143003,6513,龚梦园,2021-11-18 06:15:36,4,7,3,个人感觉课程体验不错~没有参加实验但是回答了几次问题（没有三四五次的同学卷），问题难度不大上一节课好好听抓住机会举手就好（所以如果你今天想回答问题往前坐一些，剩下几节课往后挪），没有参加实验，综述努力做了但是还是学术裁缝，（话说这个综述真的好硬核，文科生痛苦）格式自己晕晕乎乎搞不明白就交了，不过最后给分上四了！（也许是运气好，或者感谢老师放海）另外老师上课很有意思，可水可卷\n\n另外有同学好像被绩杀了（摸摸），不清楚具体什么情况，不过大家要选的话还是做好准备，给分可能有一定运气因素
143004,6513,龚梦园,2021-12-04 12:51:22,1,10,9,干，给分巨烂，快跑吧，绩点杀手，我好不容易坐认真听了几节课课就给了那么点分，快逃，还我绩点
143018,6513,龚梦园,2021-12-05 10:45:18,5,13,8,绩点杀手，不想骂脏话，但我很鄙视这种草菅人命的老师
143057,6513,龚梦园,2021-11-18 13:19:37,-6,2,8,绩杀 绝了
143162,6513,龚梦园,2021-11-20 10:47:55,1,2,1,事不多，绩点主要看论文
143348,6513,龚梦园,2021-11-24 00:57:34,10,13,3,虽然没坐在最后一排，但我还是蛮靠后的。由于不敢发言，只好去做实验加分。本身对心理学感兴趣，每节课都认真听讲，认真记笔记，感到学到了很多东西受到了很多启发，综述也是认真写的，但本身文笔就不太行，也第一次写，很多就是乱写。最后也没有被绩杀，虽然也不高，感觉到对得起自己花的时间。\n\n对课的感觉来说，如果想要绩点，就要有胆量回答问题（社恐真不敢，有一次鼓起勇气举手又没被点）如果确实是评论区那种情况的话，那可能绩点不是很高。\n\n上课的内容很有意思，当然这也只有认真听讲的同学能有所感受了。有人说好通识课要做到绩点高和有趣，那么这门课至少做的了有趣，而且真的非常有趣。\n\n怎么说呢，从我的角度而言，感觉还不错，得分蛮公道的。认真上课是学生的本分，如果就因为是通识课，那么认真上课，甚至不认真上课，只是完成了最后的大作业就应该高分的话，那确实也是有所不公的。
143758,6513,龚梦园,2021-12-04 15:51:11,4,5,1,老师讲的超级棒，讲的心理学实验都很有趣，真的是干货满满，而且考核方式也相对轻松，稍微认真听一下就可以答的不错。而且老师很有气质哦～～
143881,6513,龚梦园,2021-12-10 04:16:26,1,5,4,绩杀啊
143926,6513,龚梦园,2021-12-13 06:59:23,3,6,3,老师超级好！很有气质
144137,6513,龚梦园,2021-12-19 10:55:57,-4,9,13,傻逼老师还我绩点
145317,6513,龚梦园,2021-12-29 04:01:34,2,5,3,给分不太好，给分标准要求太严格了作为一门通识课
148585,6513,龚梦园,2022-01-13 02:32:04,4,4,0,挺有意思的课
150347,6513,龚梦园,2022-01-23 02:20:27,3,4,1,老师人超nice！好温柔好女神！！
150842,6513,龚梦园,2022-02-19 10:03:39,-5,2,7,绩杀快跑
151448,6513,龚梦园,2022-03-03 09:53:54,-1,2,3,太理论化了
152401,6513,龚梦园,2022-04-08 05:47:03,2,4,2,老师真的超用心！认真听了会很有收获！论文用心写给分不会低的
152563,6513,龚梦园,2022-04-14 15:04:59,7,7,0,课上得很好，内容也很不错，分数很糟
153811,6513,龚梦园,2022-05-12 01:00:43,3,5,2,课很好，分很低。参考最后一堂课座位前后给分，觉得有些不合理。心理学实验内卷严重，如果不想卷课下实验，建议完全躺平或别选。
154731,6513,龚梦园,2022-06-04 10:33:49,-1,2,3,一篇论文定终身，绩杀快跑，收获大学有史以来最低绩点
157825,6513,龚梦园,2022-06-25 03:44:34,2,3,1,老师认真的特别温柔，特别好，上课很有趣，能学到很多知识！
160128,6513,龚梦园,2022-09-13 14:08:55,1,1,0,好老师，
165422,6513,龚梦园,2023-01-05 00:26:19,-2,1,3,没意思
165865,6513,龚梦园,2023-01-10 07:38:58,2,4,2,牛马绩杀
165870,6513,龚梦园,2023-01-10 07:44:56,3,4,1,老师讲的很好\n\n每节课有随堂小测，时间完全够用\n\n论文有字数上限，选题很自由\n\n可以去当被试给课程加分，我只当过一次，最后4.5，感觉也不是很卷
165904,6513,龚梦园,2023-01-10 10:16:55,2,2,0,如果不参加课下实验，绩点会有点惨
165905,6513,龚梦园,2023-01-10 10:24:43,0,1,1,老师上课还是ok的，要积极发言然后做实验，每节课会有小测记得做，期末是课程论文，基本上用心写用心上课做做实验绩点就不错了，最后4.5 感恩老师～
165975,6513,龚梦园,2023-01-10 14:11:18,1,2,1,老师上课讲的内容很贴近生活，即使不学相关领域也可以对生活大有裨益，课程内容丰富，有很多心理学实验案例和视频挺有趣的。每节课会有课堂小测但不算很难，平时完全没有作业，只有学期末一个论文，选个有意义的题目好好写4.5+不是问题。
166293,6513,龚梦园,2023-01-11 17:48:32,1,2,1,被击杀
175725,6513,龚梦园,2023-06-26 10:16:03,2,2,0,太吓人了，幸亏我被试做满了，不然就被绩杀了。快跑！！！
182601,6513,龚梦园,2023-11-18 07:23:19,1,1,0,老师讲课很有意思的，很吸引人，课程一点也不枯燥，但是每节课最后都会点名加小测，题目不难，都是上课讲过的，论文难度也不大，很容易，可以参加被试加分，只要认真上课写论文，参加一些被试，最后满绩了
182604,6513,龚梦园,2023-11-18 05:29:37,3,3,0,老师很认真，上课很有趣，讲的心理学知识很系统。主要涉及的是认知心理学和发展心理学的相关内容，讲的还是很系统的，可以学到不少可以用在生活中的东西。
182645,6513,龚梦园,2023-11-18 16:08:11,-3,0,3,论文的给分有点怪怪的 不太清楚 \n\n除了第一节第二节课没有点名和小测 剩下的都有题目不难 \n\n上课感觉也还可以 视频很多 听着比较舒服
183871,6513,龚梦园,2023-12-02 03:09:17,4,4,0,温馨提示，最后一节课尽量坐前面～
184582,6513,龚梦园,2023-12-22 01:40:24,-3,1,4,老师的课讲的还行，挺好，但是是绩点杀，给分超差，平均绩点才3.几，千万别选，浪费时间和感情
191691,6513,龚梦园,2024-04-28 06:44:18,0,0,0,老师讲课挺有意思的，很喜欢上课的视频案例。这学期交论文老师没有让写座位号。本人参与实验全满，认真写了最后的论文，平时小测扣了4.5分（说好很简单呢），4.5，刚好89，出分之前很怕被绩杀，这个结果真是出乎意料，谢谢老师和助教！
193333,6513,龚梦园,2024-06-06 12:36:50,1,2,1,心理学及应用\n\n老师上课很认真，很有意思。秋学期选这门课的人很少，老师也不太能互动。感觉唯一的缺点就是每节课后的小测，十分钟左右吧。我自认上课认真听了还认真做了笔记，但小测内容有些就是上课内容之外的。所以有个别题目是做不出来的。\n\n最后实验做满，论文认真写，收获4.8。
208523,6513,龚梦园,2024-12-29 02:08:39,1,1,0,老师年轻的时候一定是个花季少女mua
127488,7884,Annette Hillers-Chen,2020-11-23 12:17:25,5,6,1,老师人也太好了，上的格式塔治疗非常精彩！我一个外院的人都爱了爱了
135796,7884,Annette Hillers-Chen,2021-05-26 06:20:07,1,2,1,有趣、认真、细心
136514,7884,Annette Hillers-Chen,2021-06-20 02:22:41,4,5,1,老师巨好！很可爱的安娜老师～
137481,7884,Annette Hillers-Chen,2021-07-04 11:27:33,4,4,0,老师人很好很可爱，很尊重学生，作业取分数最好的80%\n\n就是跨文化交流实验单独占了十分，呜呜呜这次因为个人问题忘记做了，所以成绩可能会很惨，大家千万不要忘记做\n\n趁没出分之前过来给10分
139220,7884,Annette Hillers-Chen,2021-07-13 10:11:10,2,2,0,老师人很好，上课也非常认真很想把课教好，也很有意思。给分也nice。这样的老师必须给十分
164596,7884,Annette Hillers-Chen,2022-12-22 05:46:57,1,1,0,老师真的特别好，很有魅力
177194,7884,Annette Hillers-Chen,2023-07-02 05:26:30,1,1,0,安娜，我的超人
177196,7884,Annette Hillers-Chen,2023-07-02 05:28:14,1,1,0,不错的，就是平常的小作业比较多，做起来稍微占用一点时间。期末占比不是很大，哪个高分还是很容易的
185031,7884,Annette Hillers-Chen,2023-12-26 03:32:40,0,0,0,我觉得好
194763,7884,Annette Hillers-Chen,2024-06-25 10:01:41,1,1,0,老师很有个人魅力，让我一个大懒人都每节课出勤了hhh最后给分也很好，感觉一个学期下来写作能力进步了不少。
197140,7884,Annette Hillers-Chen,2024-07-08 04:51:23,0,0,0,很好的老师，上课很风趣
197730,7884,Annette Hillers-Chen,2024-08-05 15:43:22,0,2,2,非常好的老师，认真对待且尊重她的话她也会很认真地对待你！会给你非常认真的反馈！会鼓励会夸夸会关心学生！真的非常非常好的老师，只是别忘了在ddl之前交上你的作业（）上课的内容也很有意思，老师在课堂上很有活力。
213197,7884,Annette Hillers-Chen,2025-01-16 09:11:44,2,2,0,【跨文化心理学】\n\n本人外专业 英语授课+专业词汇 难度确实比较大 但是安妮是一个对待学术非常热情认真也非常可爱有人格魅力的老师！！！很注重学生的反馈意见 给我带来很大的慰藉、好喜欢安妮\n\n会制订很详细严谨的评分细则 论文的话一定要严格按照要求和ddl来哦 最后给分也挺好的 不过感觉任务量对于一个短学期的课略大\n\n助教姐姐也非常认真！特别特别好的课呀
219037,7884,Annette Hillers-Chen,2025-05-19 14:02:14,0,0,0,事多分好，上课很有意思，给9分
144272,8034,张顺民,2021-12-21 03:46:04,4,5,1,心理学导论，很nice很有亲和力的老师
145079,8034,张顺民,2021-12-27 09:21:24,-4,6,10,这讲得啥玩意啊，，一句话根本就讲不清楚 “就是 就是”的......讲得思路也不清晰
149398,8034,张顺民,2022-01-15 08:37:25,6,6,0,老师人很好，也有学术水平，很喜欢
176957,8034,张顺民,2023-07-01 01:16:49,2,4,2,讲的挺好的，会划重点！！期末完全根据重点出，求是∽
216386,8034,张顺民,2025-04-05 03:42:12,6,7,1,事情比我上过的任意一门课都要多。规则一大堆但都不是第一节课定下来的。必做的有论文加期末考加平时课后作业。选做的是当被试和提“高质量”问题和答案以及文献分享。课后作业出题不严谨。学普心这辈子有了😅每节课都点名\n\n表白代课的付老师
159646,8035,陈小丽,2022-08-22 12:56:54,0,0,0,小丽老师希望你真的不点名\n\novo
169973,8035,陈小丽,2023-03-01 00:23:05,-1,2,3,给分超级好！
155873,8040,刘争光,2022-06-16 11:05:24,5,9,4,好老师，好班主任
170226,8040,刘争光,2023-03-02 05:30:07,2,3,1,超级认真负责，而且给分超好
182598,8040,刘争光,2023-11-18 04:05:52,1,1,0,老师是真的热爱给同学们上课的，认真负责，平易近人、有种自由成长的感觉，很享受老师的课堂。
210470,8040,刘争光,2025-01-09 08:16:15,1,1,0,出分来评，给分非常好，非常认真负责的老师。\n\n讲课内容说实话听一听对未来的生活、工作、人际交往帮助还是很大的，虽然大家平时都不听。\n\n早八课堂，迟到情况很普遍老师也理解，虽然明面上不点名，但班里就二十多个同学也差不多都认识。\n\n课堂的主要内容是小组实践，随机分组，如果能随到一个认真负责的同学会好很多，活动难度不大。有企业调研活动，尽早开始，可以直接找老师要学长学姐联系方式？（主打一个向上服务，跟老师搞好关系也很用）\n\n今年考试大改，基本没怎么背，有一个团队的形成的阶段，这个知识点我考前正好看到了，本来觉得不会考，但是押韵了就正好记下来了（ing），哈哈哈哈哈哈。\n\n顺便缅怀一下马老师RIP
213525,8040,刘争光,2025-01-18 05:09:13,0,0,0,很好的老师，讲课很干货，有很多有意思的小组活动，老师脾气也特别好，最后的考试基本没太考背记，上课认真参与活动就能有很多话写。我是跨专业，最后拿到了4.8
216284,8040,刘争光,2025-03-13 02:05:35,0,0,0,给分好！！！人也好
145680,8147,孔祥祯,2021-12-31 06:21:09,1,4,3,老师很棒
150454,8147,孔祥祯,2022-01-25 14:38:16,5,10,5,老师人很好，会用心准备课程内容，讲的东西都很前沿。课程任务相对比较多，老师要求也比较高，不过用心学习会有收获的。
182761,8147,孔祥祯,2023-11-20 06:28:35,3,8,5,心理编程，第一节课讲了个激八
203532,8147,孔祥祯,2024-11-20 04:23:10,1,5,4,nmd讲得跟屎一样\n\n\n\n你确定你是在跟本科生讲课吗，讲个Python编程你tm倒是讲讲具体怎么编啊，讲了些什么玩意就布置个nm的大作业，艹了
205628,8147,孔祥祯,2024-12-10 08:36:33,1,3,2,以抛勾式
207670,8147,孔祥祯,2024-12-23 15:24:00,0,2,2,人非常不错
209690,8147,孔祥祯,2025-01-06 14:32:59,2,4,2,讲课内容非常充实，学习到很多
209695,8147,孔祥祯,2025-01-06 15:12:16,0,2,2,老师很负责
150661,8237,王英英,2022-02-11 01:29:34,0,3,3,老师讲课很好，思路清晰。
165456,8237,王英英,2023-01-06 08:16:37,4,4,0,呵呵哒
171215,8237,王英英,2023-03-19 04:16:44,5,6,1,王老师很有韵味，很漂亮
182755,8237,王英英,2023-11-20 05:39:44,0,1,1,美女老师 讲课生动 为人随和 爱上王老师的课
209356,8237,王英英,2025-01-05 14:18:24,2,3,1,还没出分先来评价一下，非常可爱的美女老师，说话很有条理同时很温柔，虽然我上课几乎不听，但是还是来给个好评，希望期末补天能捞到一个好点的分数！
167312,9067,吕韵,2023-01-15 13:08:20,9,9,0,美女老师！！
168101,9067,吕韵,2023-01-27 14:52:19,3,4,1,作业挺多，但是上课很认真，批改作业也很认真，能学到很多。
171257,9067,吕韵,2023-03-20 06:48:31,1,1,0,超级好
174765,9067,吕韵,2023-06-17 07:35:24,0,0,0,老师非常好，也很温柔~~理想中的心理咨询师的气质！
176366,9067,吕韵,2023-06-28 14:30:24,1,1,0,好好好好！人美心善给分好！团体心理咨询强推！强烈建议长学期！体验极佳！！！快冲
182030,9067,吕韵,2023-11-08 12:10:21,0,0,0,老师真的很好，上课有被治愈到。
192803,9067,吕韵,2024-05-30 14:10:20,0,0,0,感觉事情很多要求很高对外专业很不友好 于是退掉了
193073,9067,吕韵,2024-06-03 08:35:15,1,1,0,上的吕老师的团体心理咨询课\n\n首先老师一上课来说，如果你想学习团辅的技巧，那你可以退课了;如果你想学习团辅的理论知识，那你可以退课了......\n\n这门课是面向心理学的专业课，我觉得对于心理学专业的课和面向外专业的课的目标应该不同，我们就是为了学习主导一个团辅，而不是说体验团辅的过程(虽然体验也很重要，体验可以开另外的课)\n\n学习过程是八个人在中间做团辅，我们在外圈围着看，每节课都点名，蛮水的，想选跨专业的同学可以冲了，老师本身授课很美式的感觉，从体验出发，感觉不太适合中国宝宝体质(
181386,9145,陈骥,2023-10-16 09:36:00,3,6,3,吃了使一样的听课体验
190002,9145,陈骥,2024-02-07 14:26:09,3,4,1,给分高，要求比较严，但是态度端正的话手比较松的
190377,9145,陈骥,2024-02-29 02:13:57,5,5,0,A class experience like eating shit
190737,9145,陈骥,2024-03-19 01:36:24,5,5,0,陈骥哥哥别走。。。涛涛舍不得。
170658,9338,操礼遇,2023-03-07 16:54:20,17,20,3,实话是讲课有一点点无聊，课间的时候老师会发呆看着学生们hhh，不知道为什么感觉有点落寞呀，可能因为这门课的内容确实不太能得到大家的回应和课堂感吧。但感觉老师是很认真想讲好这门课的，准备的文献资料也很全面，而且会为学生着想。老师继续加油鸭！
171277,9338,操礼遇,2023-03-20 12:50:04,3,3,0,操哥上课准备的很充分很认真的，但是心理学史这门课本身是真的很无聊，老师也尽力想把课上好了，也会积极听取学生的意见。
171331,9338,操礼遇,2023-03-22 02:35:54,1,1,0,老师很认真，备课很充分，点名是几乎堂堂都点名
171361,9338,操礼遇,2023-03-31 02:12:42,4,9,5,大逆天
171431,9338,操礼遇,2023-03-24 03:12:37,1,2,1,感觉挺无聊的 总点名 没了
171513,9338,操礼遇,2023-03-27 08:06:04,2,4,2,全洋文讲义加全洋文考试加15min20道洋文题😅
171514,9338,操礼遇,2023-03-27 08:06:14,8,11,3,大一上的心理学研究技术，课件全英文，小测全英文，听不懂也看不懂，全班小测懵b，他看着我们可能还觉得自己布置的很简单吧
172514,9338,操礼遇,2023-04-28 10:20:31,2,5,3,老师是真的很认真的备课，虽然讲的有的让人容易开小差，但是有听取建议，进行了改进（成效的话…），但是不讨论讲课的话老师真的很好！！很为学生着想！
177505,9338,操礼遇,2023-07-03 13:43:34,1,3,2,很负责任的老师！
190824,9338,操礼遇,2024-03-20 05:55:00,4,6,2,很认真负责的好老师，注重引导学生，而不是灌输课本上的材料。
191571,9338,操礼遇,2024-04-25 07:16:29,2,3,1,课挺好的，想要高一点的分数的话平时还是要听课的
193452,9338,操礼遇,2024-06-11 05:21:02,-3,4,7,选课切记有操不选
194336,9338,操礼遇,2024-06-23 09:00:33,1,6,5,讲课真的讲不清楚，照着ppt自己反应半天而且讲不清楚，其他人说他认真备课，不敢苟同
203950,9338,操礼遇,2024-11-22 08:11:54,-19,2,21,既然姓操，那就操你妈吧
216615,9338,操礼遇,2025-03-19 08:36:46,4,4,0,讲真话，认真听课思考的话心理学史还是很有趣的
220160,9338,操礼遇,2025-06-16 02:21:52,0,1,1,非常无聊，ppt里面好多英文非常难懂，讲得不清晰，说话声音小第二排也不清楚，极易睡觉，整体的逻辑性不好，不能通过同学们能听懂的方式讲解出来
220274,9338,操礼遇,2025-06-17 04:34:38,1,1,0,虽然老师还是尽心尽力地讲了，但脑电还是比较难懂。。。
178964,9340,潘亚峰,2023-08-07 16:29:57,3,3,0,可爱帅气的胖潘潘
190331,9340,潘亚峰,2024-02-28 06:03:02,1,1,0,潘老师yyds
167697,9462,方霞,2023-01-18 10:59:43,4,5,1,社会心理学（微辅修）3.9\n\n没有达到预期的成绩，但是期末考试考试考的确实不好。后来去问了一下助教，大概算了一下，老师的平时分是给满了。今年这门课是和吴明证老师合开的，吴老师上前10节，方老师上后6节。期末考之前吴老师会给他讲的那块内容的复习提纲，但是PPT+提纲选手发现期末考考了PPT上没有的书上有的东西。成绩组成是平时和期末五五开，期末闭卷考20%选择题+20%名词解释+24%简答题+36%论述题，一定要好好背，考的虽然不偏不难但也不是常识性的。方老师的PPT是英文的，可能对有些同学来说比较难理解。
171332,9462,方霞,2023-03-22 03:22:35,6,7,1,上的社会心理学（微辅修）后6节课是方霞老师上，虽然老师不点名但是会经常点人回答问题，个人感觉问的问题都没什么意义，感觉老师讲的没有吴明证老师讲得有趣，但也可以感受到老师其实很想把课堂变得更有趣的。
174119,9462,方霞,2023-06-06 10:46:14,3,7,4,方老师最美
186138,9462,方霞,2024-01-09 02:46:12,0,5,5,老师人很好，很体贴学生，很温柔
206975,9462,方霞,2024-12-19 02:18:59,4,4,0,节节课点名，不点名就小测，2学分的选修课作业要求堪比专业核心课程
213361,9462,方霞,2025-01-17 04:55:44,8,8,0,【情绪心理学】2.0学分冬学期专业选修课/跨专业\n\n方霞老师自己开的课，在这里写一下关于这门课和老师的一些评价\n\n0. 总体来说，要求高，事情多，有一定专业门槛，本专业和外专业同学选课都建议慎重考虑一下\n\n1. 每节早八都雷达点名，一门冬学期的课点名次数比我所有其他长学期的课都要多\n\n2. 有很多突击小测，需要听课，而且很不舒服的是，突击小测和早八点名这些事都发生在冬二周不能再退课之后，只上头几节课看不出来事情有这么多\n\n3. 期末大作业是一份研究计划，有一定的专业门槛，对低年级同学和一些外专业同学不太友好；而且研究计划是要pre的，这个pre要求也很高，老师会在你pre到一半的时候打断批评，而且特别严格，用对自己组里的研究生的要求来要求本科生\n\n4. 算发言分，按你发言次数在班里的排名给分，需要卷发言，介意的同学不建议选（但是客观来说，发言难度不算低，机会也还挺多）\n\n5. 不捞，给分一般般\n\n6. 还是要客观点说一句，老师讲得还不错，内容还挺有意思，但老师可能确实不太明确这门课作为专业选修课和很多外专业同学来选的跨专业课，应该有怎样的难度、要求和任务量定位
190508,9485,陈志琴,2024-03-06 11:18:19,9,14,5,【决策心理专题】老师很温柔，课不是很硬，非心理学学生也可以修>-<平时只有6次100字左右的预习作业，最好写贴近生活的案例。一次小测闭卷，一次展示，期末开卷。最后老师为我们整理好了开卷资料，超级贴心！
192600,9485,陈志琴,2024-05-24 12:57:52,-10,9,19,上课听听就算了，其他的。。。听说很凶，还很mean
193020,9485,陈志琴,2024-06-02 13:47:29,2,5,3,爱老师！感冒还坚持上课！
193051,9485,陈志琴,2024-06-03 04:39:38,2,5,3,老师很好很负责
196089,9485,陈志琴,2024-07-01 13:31:55,5,7,2,好老师！
205664,9485,陈志琴,2024-12-11 03:20:13,3,4,1,感觉决策心理学非常适合跨专业！课上大部分都是跨专业的同学，作业基本只要找案例，最后期末考有老师整理的一份名词解释（不过有的可能不太全，还是要看看PPT）对外专业的同学给分也比较友好~
205743,9485,陈志琴,2024-12-12 02:00:03,1,2,1,很喜欢陈老师
171233,9515,洪佩佩,2023-03-19 15:04:18,2,3,1,感觉不是很会上课和给分
171734,9515,洪佩佩,2023-05-05 10:39:19,0,0,0,出分了 还可以
194842,9515,洪佩佩,2024-06-25 16:41:24,-1,1,2,一次不签到总评扣10分。老师你是真的死了哈哈。
197304,9968,尤雨奇,2024-07-10 15:56:37,0,2,2,很一般，咨询伦理课程就是照本宣读，没啥水平。
207306,9968,尤雨奇,2024-12-20 09:21:58,1,1,0,丶丶丶丶丶丶
