评论id,老师id,老师姓名,发表时间,点赞减去点踩数量,点赞量,点踩量,内容
121327,80,刘海江,2019-12-19 12:55:04,35,45,10,上刘老师的课真的能学到东西的，就是作业有点多真的忙不过来了
37069,420,李莉,2016-11-17 08:26:50,1,4,3,感官的差劲??
58117,420,李莉,2017-08-02 04:06:14,5,6,1,太啰嗦
66750,420,李莉,2018-01-19 00:05:00,7,9,2,上课有点混乱
87822,420,李莉,2018-10-15 05:36:48,-12,1,13,完美的老师，别问我怎么知道的，我也是乱说的
100940,420,李莉,2019-01-27 07:13:01,-4,2,6,挺好的呀
101414,420,李莉,2019-01-28 07:10:16,7,9,2,老师人不错，但是作业和考试毫无关联，复习很困难，
101420,420,李莉,2019-01-28 07:23:03,9,10,1,作业跟上课内容有关系??是学软件课还是tmd专业课啊。
110843,420,李莉,2019-06-28 10:42:14,6,7,1,奉劝学弟学妹别选她的课，特别是要保研的各位，浪费时间，给分很差。
110844,420,李莉,2019-06-28 10:44:45,-2,3,5,还不错，专业课给分一般，航道工程学不错
110945,420,李莉,2019-06-28 16:17:29,7,7,0,每个字都是理解的，连成一句话不知道想说什么
111033,420,李莉,2019-06-29 08:46:57,-4,1,5,还不错
153093,420,李莉,2022-04-25 10:43:49,0,0,0,上课无聊
168501,420,李莉,2023-02-19 03:01:21,16,16,0,笑里藏刀
173411,420,李莉,2023-05-23 13:10:22,2,2,0,布置都什么吊毛作业
174481,420,李莉,2023-06-13 02:54:52,4,4,0,尼玛就离谱，叫我们查中英文文献各10篇，最后就写一个1000字作业，问的问题真的牛马，我要是依靠我自己的能力可以把铁山港航道整治的各个问题弄明白，我还来听你上课？
174686,420,李莉,2023-06-15 14:21:01,1,1,0,别选她，谁选谁后悔！
190328,420,李莉,2024-02-28 05:54:23,1,1,0,建议任何跟她有关的别选
191214,420,李莉,2024-04-12 05:29:21,2,3,1,上课讲的内容与作业不符合，作业有套idea的嫌疑。其次从其他接触的方面来看，是一个会让做本科毕设的人做额外的事情，不把学生当人且极度会pua的人，跟各位劝诫一句，慎选。（以上是我身边人的经历）
191743,420,李莉,2024-04-29 12:01:49,0,0,0,好尖利的笑声
211145,420,李莉,2025-01-11 01:47:52,0,0,0,一坨狗屎
20817,446,叶瑛,2016-02-01 05:13:48,-5,1,6,必修课，没法躲……
47472,446,叶瑛,2017-01-27 13:52:28,8,9,1,叶爸爸真的和那些妖艳贱货不一样，果然越厉害的人越谦逊
52445,446,叶瑛,2017-06-20 06:41:30,0,0,0,涨姿势
52446,446,叶瑛,2017-06-20 06:41:50,14,18,4,老师真的很为我们着想 \n\n还参加了南极科考\n\n上课打蚊子好可爱
58130,446,叶瑛,2017-08-04 11:09:25,-1,1,2,好老师。上课有意思
58722,446,叶瑛,2017-09-16 01:52:06,-1,1,2,贼6的老师～音量稍显不足
122136,446,叶瑛,2020-02-16 11:03:43,-2,1,3,叶老师还用说吗？
171158,446,叶瑛,2023-03-24 01:31:39,5,6,1,呵呵呵
176337,446,叶瑛,2023-06-28 12:35:03,4,4,0,一般般
190906,446,叶瑛,2024-03-24 03:55:41,5,5,0,家人们谁懂啊，让我们康康海院的虾头领导在年级大会上的精彩发言吧😅：\n\n“海洋的同学平均智力一百一十几，计算机的有一百三十几，学海洋你智力水平相对更高能读上研究生的概率更大”\n\n这话怕是没十年脑血栓说不出来，还好我转专业跑得快哈哈哈哈很难想象其他老师得有多sb
2337,687,冷建兴,2015-04-23 11:45:36,6,11,5,很好的老师 和爱
11893,687,冷建兴,2015-12-20 16:18:42,-1,2,3,和蔼哦
14006,687,冷建兴,2016-01-03 14:41:18,-3,1,4,挺好的老师
20478,687,冷建兴,2016-01-27 17:09:06,4,5,1,\n\n\n\n\n\n\n\n
23479,687,冷建兴,2016-03-31 03:56:53,-1,2,3,还行吧
41656,687,冷建兴,2017-01-12 10:02:11,4,9,5,无敌大水货
61696,687,冷建兴,2017-11-20 07:08:00,8,8,0,给分坑
124806,687,冷建兴,2020-07-11 11:51:08,3,5,2,。。。
48951,979,孙贵青,2017-03-18 05:45:09,7,8,1,我们跟着他做本科毕设的都延毕。本科啊！（硕士生也延毕，不过对他都正常了）
134678,979,孙贵青,2021-04-09 02:43:15,5,5,0,口嗨怪，喜欢给中青年教师洗脑
162692,979,孙贵青,2022-12-04 16:00:06,4,5,1,人麻了\n\n先这样吧\n\n能不上就不上\n\n对海院失望的第n次
165073,979,孙贵青,2023-01-07 08:08:44,3,3,0,海院特色
168248,979,孙贵青,2023-02-06 12:16:42,1,2,1,给分害行\n\n事情贼多\n\n0基础也可以学\n\n但是事情很多很多
185209,979,孙贵青,2023-12-27 05:27:32,11,11,0,强烈避雷海院研究生课程《声纳与雷达》！！！这门课的事情多到令人发指：首先点名不到每次扣总分的10分，然后是每章节课后小作业，最后是小组大作业和期末考试。第一个难崩的是小作业考试前10天才发布的，一共7个章节共30多道题啊，很多题还需要matlab编写程序。第二难崩的是，小组大作业虽然口头上“分工合作”，但是每个人都要独立完成一份20页以上的报告。所以，你只有10天的时间完成远超其他同等学分课程一个学期的事情，这还不说我们还有其他的课程需要准备期末。上面两个噩耗是倒数第二节课老师通知的，一个30人不到的班级，刚下课就有10多人上台与老师争论作业机制的不合理性。很遗憾，老师并没有采取一个正确的态度与我们协商解决方案，反而是“舌战群儒”，坚持认为自己是对的，完全不理会学生的时间与精力。\n\n    虽然说海院课程大多数都是比较逆天的，但是这门课的逆天程度能在海院里轻松排进三甲，对后来者我的建议是：惹不起咱逃得起！
185485,979,孙贵青,2023-12-30 11:28:07,3,3,0,如果想给他写20页的项目申请报告可以选选他的课，纯纯白嫖各种代码，还要超分辨，做信号处理的都知道靠这东西申项目
185620,979,孙贵青,2024-01-03 04:13:29,0,0,0,逆天老师，已经有其他小论文了，懒得说
115869,1110,郝帅,2019-08-22 13:59:44,7,7,0,真敢起名字啊
63780,1124,瞿逢重,2017-12-14 14:29:18,-37,11,48,挺好的呀，扩充知识面
123768,1124,瞿逢重,2020-06-14 03:30:35,31,43,12,通信原理课考试不能用计算器，还一直立“我的考试是真正考你们对知识的理解与掌握”的牌坊。
134901,1124,瞿逢重,2021-04-22 01:59:17,39,48,9,上课之前必须上交否则作为迟交扣分，说话像是没睡醒像是想把学生全部催眠。
151415,1124,瞿逢重,2022-03-03 01:53:14,47,59,12,现在骂瞿逢重傻逼还有赞吗？？
151421,1124,瞿逢重,2022-03-03 02:31:07,30,35,5,逆天瞿逢重
152059,1124,瞿逢重,2022-03-31 13:22:30,-29,3,32,讲的挺好
152866,1124,瞿逢重,2022-04-21 03:53:33,13,18,5,为什么不给课件啊，上课讲那么快，短学期课硬是上成五分课
152991,1124,瞿逢重,2022-04-23 08:20:54,17,21,4,快跑快跑快跑快跑快跑
153024,1124,瞿逢重,2022-04-23 23:36:07,15,19,4,半个学期这么jb多内容，不说重点怎么复习？当48课时学吗？
153048,1124,瞿逢重,2022-04-24 08:53:32,19,25,6,如果真的想学通信原理，建议选别的学院的课
153054,1124,瞿逢重,2022-04-24 10:22:24,18,22,4,内容太多了！考试还不给带计算器
153061,1124,瞿逢重,2022-04-24 14:12:55,22,30,8,评1分的原因是没有0分的选项；\n\n瞿逢重基本上可以说是个报复社会的（S）B，一天天除了瞎jb扯不讲啥实在内容，海院的学生真的可怜，学着所谓的21世纪学科，就业平均薪资比不上开挖掘机也就算了，还要在这种毫无意义的课（通信原理）上面浪费时间，接受这种蠢币老师的压迫。 上来就直接让我们达到研究生水平，你他妈不识字是不是，老子是海洋工程的本科生，你他妈动动嘴皮子我就牛逼了是吧?那你他妈还当啥老师，直接去开辅导班啊，布置个完全不会的作业给学生，学生就牛逼了，你他妈肯定可以一本万利。 日常：“这个问题我觉得太简单了，大家自学就行，这个公式我没推导，但是我觉得很简单，大家努努力肯定可以自己自学。”最可笑的是，这sb课还自带sb实验。老子辛辛苦苦做实验写报告，结果尼玛啥也学不到。考前让他发ppt，结果问他，他说什么不如自己看看课本，真她妈大言不惭。 \n\n看到这个评论的兄弟，如果你还是大一大二，赶紧转专业吧。动科、农学，哪个专业水转哪个。4年紫金港不香吗？要来这么个鸟不拉屎的小岛？腾出时间考研跑路不好吗？要在这么个毫无前途又令人秃头的专业上面耗？如果你大三了，考研准备起来，别在意这种傻逼课的绩点了，纯是坑人的。（以上建议对想要多赚点钱韭菜有效，后浪们就随意吧）
158816,1124,瞿逢重,2022-07-02 12:04:34,16,18,2,不配当老师
168345,1124,瞿逢重,2023-02-13 02:57:51,12,15,3,作为授课老师，情商很低，传道授业解惑一样没做，沉浸在自己的世界里，只听得进对他的奉承马屁，强行把自己的意志加在别人身上，想法一天一变自相矛盾，上课还不如上刑，适合退休回家养老。
168359,1124,瞿逢重,2023-04-13 11:30:23,-13,6,19,海院为数不多讲课还算逻辑清晰到位的老师，喉咙不好声音小但也不是听不到
170392,1124,瞿逢重,2023-03-03 12:40:32,8,10,2,情商很低
171190,1124,瞿逢重,2023-03-18 01:41:25,11,14,3,海院没救了
171340,1124,瞿逢重,2023-03-22 03:54:18,11,14,3,垃圾老师，自恃清高，上课毫无逻辑与水平，故意把声音压低让人听着催眠，就这能力还能当海院副院长，赶紧洗洗睡吧
171665,1124,瞿逢重,2023-04-02 04:01:20,10,12,2,海院留瞿逢重一人，建成世界一流学科注定遥不可及。
172465,1124,瞿逢重,2023-04-27 09:07:18,-20,5,25,srds他给分真的很好\n\n关于怎能水瞿老师的课：作业认真抄，按时交，实验每次都做，最后比着答案把每道题搞懂每周学习时间几分钟美美收获4.8
172884,1124,瞿逢重,2023-05-09 05:16:00,9,13,4,建议不上他的课，也不当他的学生。\n\nPUA
174976,1124,瞿逢重,2023-06-20 13:33:09,9,11,2,垃圾老师，纯纯脑瘫
177627,1124,瞿逢重,2023-07-04 03:12:57,-13,2,15,至少人挺求是
179207,1124,瞿逢重,2023-08-30 08:54:55,13,15,2,大一必须选这节课，希望他能。。。（srds我给的是1分）
179622,1124,瞿逢重,2023-09-19 02:02:11,14,14,0,催眠且水，补觉可以
180577,1124,瞿逢重,2023-09-23 04:31:26,17,17,0,傻卵玩意儿
190810,1124,瞿逢重,2024-03-20 03:09:44,17,17,0,听说就是瞿逢重搞出了研究生中期考核
191807,1124,瞿逢重,2024-04-30 11:04:32,10,10,0,傻逼中期考核😅
198928,1124,瞿逢重,2024-09-13 03:54:28,0,0,0,。。。
200361,1124,瞿逢重,2024-10-16 08:17:17,9,9,0,傻逼老师不解释
207614,1124,瞿逢重,2024-12-23 08:53:53,6,7,1,沙伯一
216854,1124,瞿逢重,2025-03-27 04:49:31,1,3,2,自创拍照点名的傻逼😆，给我口我都嫌他脏，海院摊上这种生物算是这辈子玩完了
219338,1124,瞿逢重,2025-05-25 12:45:40,4,4,0,组里强度非常大，十分适合喜欢天天科研的人
7692,1126,张继才,2015-11-18 12:47:18,32,47,15,我只能说：你，值得拥有。
7863,1126,张继才,2015-09-16 00:21:23,13,19,6,老师挺不错的
8635,1126,张继才,2015-09-23 11:34:19,1,4,3,三体狂热粉
9151,1126,张继才,2015-11-17 15:04:29,10,11,1,老师人好
9298,1126,张继才,2015-11-23 10:41:47,14,19,5,莫非只有我一个人是被正态的？
9937,1126,张继才,2015-11-18 12:45:08,10,14,4,老师人挺好，课也比较水。
10222,1126,张继才,2015-11-17 13:41:18,4,6,2,太棒了
10225,1126,张继才,2015-11-17 14:03:29,2,4,2,老师本人幽默风趣，上课内容很丰富。
10230,1126,张继才,2015-11-17 14:52:59,13,14,1,张老师人超好！给分也棒棒嗒！很为我们考虑。
10231,1126,张继才,2015-11-17 14:53:27,1,3,2,还行吧
10232,1126,张继才,2015-11-17 15:03:34,7,8,1,老师很好很幽默 认真听收获很多哦 干货满满
10234,1126,张继才,2015-11-17 15:04:26,5,6,1,给分很好，尽可能给好，不错不错
10235,1126,张继才,2015-11-17 15:06:57,2,4,2,呵呵。
10236,1126,张继才,2015-11-23 05:01:36,2,4,2,老师萌萌哒水群
10237,1126,张继才,2015-11-17 15:07:57,4,5,1,老师很幽默，给分也不错
10239,1126,张继才,2015-11-17 15:13:25,2,3,1,特别好的课，特别好的老师！
10240,1126,张继才,2015-11-17 15:15:01,18,23,5,老师是个段子手！老师是个段子手！老师是个段子手！
10241,1126,张继才,2015-11-17 15:16:04,8,12,4,点名很重要，作业很奇葩，绩点出乎意料。\n\n
10245,1126,张继才,2015-11-17 15:26:57,11,14,3,难得遇到一个下课时间还跟你水群的老师
10247,1126,张继才,2015-11-17 15:36:34,1,3,2,老师很棒严肃外表下隐藏的逗比～
10248,1126,张继才,2015-11-18 10:06:46,3,5,2,我试试留言
10249,1126,张继才,2015-11-17 15:41:40,-1,1,2,给分好
10254,1126,张继才,2015-11-17 23:50:24,-1,1,2,好好好
10256,1126,张继才,2015-11-17 23:56:47,-1,2,3,上课略无聊  但是人很幽默 而且想办法给高分 只是正太没办法 好老师！
10280,1126,张继才,2015-11-18 01:40:10,4,6,2,课可以水但一定要去。作业奇葩但一定要好好做。群可以潜但不得不看，因为老师太！萌！啦！
10282,1126,张继才,2015-11-18 01:44:56,1,3,2,每节课都点名，讲的挺好。
10288,1126,张继才,2015-11-18 02:14:09,-1,1,2,尽管每次都点名，但都是分数啊！老师真的很不错，真心好
10289,1126,张继才,2015-11-18 02:17:52,-1,1,2,老师上课很幽默，性格也很好~作业略猎奇눈_눈
10360,1126,张继才,2015-11-18 08:11:00,-1,1,2,老师很幽默，人很好，重点是给分好
10362,1126,张继才,2015-11-18 08:18:17,-3,1,4,。这个不好说
10397,1126,张继才,2015-11-18 11:42:51,0,1,1,老师棒棒的\n\n
10410,1126,张继才,2015-11-18 12:52:32,9,10,1,老师人很好，给分也不错，上课认真听也能学到不少知识~论文看起来比较累但写完会觉得很有趣。不过平时会点名，想翘课的同学就别选了~
10459,1126,张继才,2015-11-19 03:07:34,-2,0,2,老师会点名，上课蛮无聊，但群里萌，给分好
10521,1126,张继才,2015-11-19 11:04:42,-2,0,2,www老师棒
10526,1126,张继才,2015-11-19 11:34:36,-1,1,2,逗比，水水哒，作业奇葩
10561,1126,张继才,2015-11-20 02:16:31,-2,1,3,还好。\n\n
10564,1126,张继才,2015-11-20 02:34:53,-2,1,3,幽默风趣给分透明平易近人
10780,1126,张继才,2015-11-23 05:10:13,-2,1,3,水哒哒
11867,1126,张继才,2015-12-18 12:43:54,-2,1,3,超级棒的老师！有内涵！
12226,1126,张继才,2015-12-22 11:58:13,-2,2,4,满绩不多说了。。。
12959,1126,张继才,2015-12-24 11:33:49,1,3,2,挺温和的胖老师，给分不错
13222,1126,张继才,2015-12-25 08:41:10,1,3,2,非常赞的老师~很幽默。作业很有趣。内容不深奥，可以学到东西。
13431,1126,张继才,2015-12-28 03:46:04,0,2,2,666
14126,1126,张继才,2016-01-04 15:53:03,-1,1,2,蛮好的\n\n
14675,1126,张继才,2016-01-08 08:25:08,-1,1,2,人很有趣！很好的老啊
15874,1126,张继才,2016-01-16 13:13:09,3,6,3,当初因为喜欢海洋才选，没亏！
16793,1126,张继才,2016-01-19 03:30:16,-2,0,2,棒棒哒
17584,1126,张继才,2016-01-20 12:39:30,-5,1,6,好老师，尽可能给你高分
17585,1126,张继才,2016-01-20 12:39:45,1,6,5,给分超级好，每次都点名，但是一学期只有两次论文作业！为了你的成绩挑战教务系统，这门课你值得拥有
17586,1126,张继才,2016-01-20 12:41:17,-1,4,5,听老师的课很享受！虽然是个爱点名的老师，但是被张老师点名的感觉很幸福！也爱水群(多可爱啊！)讲的东西很有意思，而且作业也很有趣，给大家很大空间
17587,1126,张继才,2016-01-20 12:42:12,-2,3,5,既可以真好真水，又可以真好不水，老师人非常好！给分没的说！
17589,1126,张继才,2016-01-20 12:42:44,-2,3,5,基本每节课都点名，但是会有很好的纪录片看，内容也挺丰富的，给分也非常为学生着想~
17590,1126,张继才,2016-01-20 12:43:43,-2,2,4,你真的值得拥有
17607,1126,张继才,2016-01-20 13:08:16,-2,2,4,给分真心很不错\n\n
17611,1126,张继才,2016-01-20 13:24:11,-1,3,4,老师人很不错的，很能为同学着想，爱水群的老师真是可爱。
17612,1126,张继才,2016-01-20 13:26:24,-1,2,3,我简洁明了地说: 讲课认真，课业负担小，作业不多且有趣，给分好。总体评价:非常棒!
17657,1126,张继才,2016-01-20 14:53:18,1,3,2,耐斯!
17709,1126,张继才,2016-01-20 16:29:51,0,2,2,自由  平等  公正  法治\n\n\n\n说人话:上课轻松，给分顺利
17810,1126,张继才,2016-01-21 02:07:03,-4,2,6,给分炒鸡好，大爱
18300,1126,张继才,2016-01-21 11:59:04,-3,3,6,有意思
18447,1126,张继才,2016-01-21 15:56:09,-4,2,6,给分高 课水的老师评分就是高啊\n\n
18564,1126,张继才,2016-01-22 04:34:14,8,8,0,被正态
18716,1126,张继才,2016-01-22 11:52:44,6,7,1,哈哈哈
23327,1126,张继才,2016-03-24 11:13:47,-6,0,6,很赞，值得选课。
26672,1126,张继才,2016-06-21 01:27:57,-4,2,6,会尽量给高评分，期末评分老师提交了两次都因为高分太多被退回来了_(:_」∠)_会在课上和群里卖萌，超可爱的老师！绩点也给得高！只要你不翘课就没问题
27107,1126,张继才,2016-06-23 02:38:30,-5,1,6,不错的
27492,1126,张继才,2016-06-26 14:14:52,-5,1,6,有个性
28305,1126,张继才,2016-06-28 08:29:28,-5,1,6,棒，但作业一定要交
28370,1126,张继才,2016-06-28 08:41:35,-6,1,7,遇见过的最好的老师，没有之一
30268,1126,张继才,2016-07-01 07:12:36,-5,1,6,超赞超赞，想水可以水，想听讲的很好。作业很容易，还没有考试。你不来还在等什么？
58352,1126,张继才,2017-08-29 07:50:09,-7,0,7,好，好，好
106443,1126,张继才,2019-04-27 12:05:14,-8,1,9,给分高，但比较装逼
124186,1126,张继才,2020-06-26 16:21:56,4,9,5,给分没想象的好………非常认真的做了，论文也挺新颖的，4.2.。。。。。
124189,1126,张继才,2020-06-26 17:16:52,8,10,2,给分em迷人 有史以来绩点最低
124196,1126,张继才,2020-06-27 02:01:33,-9,4,13,给分挺好的，事情也不多，老师也很有趣，好说话，会听取同学们的建议。分数和付出是成正比的吧，再加上通识课还有正态的要求，分数没达到预期可能是别人付出的比你更多，总的来说只要态度认真，尽自己最大努力把事情完成好，分数都是不错的，算是我上过那么多通识课以来最良心的一门课了
124201,1126,张继才,2020-06-29 08:38:47,10,13,3,一句呵呵
124246,1126,张继才,2020-06-28 04:28:43,14,16,2,这老师绝对会点名，事情贼多给分也不怎么样，我就是看着查老师里很多好评才选他的课，出分了才知道给分真的没那么好
125774,1126,张继才,2020-09-14 07:45:15,-5,6,11,虽然老师的课标了舟山校区，但是其他校区的学生是可以线上上课的，所以不用担心跨校区的问题\n\n
127803,1126,张继才,2020-11-27 08:06:13,-11,0,11,讲课挺好的 作业也就两份~
130414,1126,张继才,2021-01-22 07:24:20,-12,3,15,1.讲课好；\n\n2.人幽默；\n\n3.待学生友善；\n\n4.给分好（在学校正态分布要求下给最高分），努力分绝不低；\n\n5.海洋与人类事情少；\n\n6.线上授课，无需担心跨校区；\n\n7.一句话：你值得拥有。\n\n希望更多的同学选到这样的老师。
132120,1126,张继才,2021-01-30 12:01:24,-23,1,24,专业课给分好到怀疑人生……建议是给下一届Fortran小作业留难点（逃）
133636,1126,张继才,2021-03-03 05:06:32,-19,1,20,很负责。和幽默
141719,1126,张继才,2022-01-14 11:54:02,20,30,10,1分的原因是没有0分的选项； \n\n张继才基本上可以说是个报复社会的（S）B，一天天除了吹牛不不讲啥实在内容，通识课收获好评之后就成精了，三句话不离这破事。 海院的学生真的可怜，学着所谓的21世纪学科，就业平均薪资比不上开挖掘机也就算了，还要在这种毫无意义的课（海洋数值模拟）上面浪费时间，接受这种蠢币老师的压迫。 上来就直接说我们对物海和数据分析已经很熟悉了，你他妈不识字是不是，老子是物理海洋大三本科生，你他妈动动嘴皮子我就牛逼了是吧?那你他妈还当啥老师，直接去开辅导班啊，布置个完全不会的作业给学生，学生就牛逼了，你他妈肯定可以一本万利。 \n\n日常：“这部分内容大家看看就好，这里觉得比较简单，大家自学就行，这个代码我觉得很简单，大家课下自己去搞清楚。”最可笑的是，自己的上课水平一塌糊涂，内容完全画大饼没有干货，老子辛辛苦苦认真听讲，下课认真看PPT，结果尼玛根本看不懂。问他，他他妈说什么是大三学生应有的水平，真他妈大言不惭。 然而最垃圾的当属期末，他他妈上课讲了一堆公式和原理，结果考试还出了一堆名词解释？倒数第三周用不到两节课时间呼呼上完，结果期末前一周直接甩一个狗屁不会的大作业给我们，这是人能干出来的事你敢信？说是教学大事故都不为过吧？？😅 \n\n看到这个评论的兄弟，如果你还是大一大二，赶紧转专业吧。动科、农学，哪个专业水转哪个。4年紫金港不香吗？要来这么个鸟不拉屎的小岛？腾出时间考研跑路不好吗？要在这么个毫无前途又令人秃头的专业上面耗？如果你大三了，考研准备起来，别在意这种傻逼课的绩点了，纯是坑人的。（以上建议对想要多赚点钱韭菜有效，后浪们就随意吧）
144110,1126,张继才,2021-12-17 16:16:04,-19,2,21,老师人很好上课内容也很有意思，知识点非常多，认真听讲收获是非常多的。基本上汇报还是论文有啥问题找老师都会替我们解决，非常奶思！考核是出席率，一次分组汇报和一篇论文，认真做的回报还是相当不错的！原本都怕被正态了结果老师给了满绩！强推海洋与人类这门课！
145492,1126,张继才,2021-12-30 03:43:05,23,24,1,烂课 垃圾 看到这条快转专业离开傻b海院
145708,1126,张继才,2021-12-31 11:31:42,-15,3,18,老师人很好，课也挺有趣(海洋与人类)
145731,1126,张继才,2022-06-19 06:08:14,42,44,2,讲下专业课。\n\n关于点名：确实很坑，张老师一眼看过去就知道人到没到齐了，然后发现人数不对就会开始点名。\n\n关于作业：Fortran的小作业真的是量大难度高，没学过C/C++的话很难上手，且老师讲的很少。大作业嘛，也是非常玄乎，全程不怎么讲，最后期末几天匆匆忙忙搞了个自己不是很明白原理的东西交上去了（雾）\n\n关于考试：怎么说呢，今年老师没有给划重点，就很难顶。如果考前有划重点，啊害，可惜没划。\n\n\n\n关于19级：emmm这里是和学弟学妹们说一下。不仅是物海专业，包括海工和港航的同学都受了很大刺激，就是整个氛围都比较暴躁和激进，再加上舟山校区自上而下的摆烂气息。所以评论里面大部分都是客观事实的内容，望各位明悉，化谩骂为动力，今后逃离垃圾海洋学院。
145906,1126,张继才,2022-01-04 05:34:11,21,21,0,傻逼玩意儿
146137,1126,张继才,2022-01-08 01:39:07,22,22,0,评分全是通识课刷出来的 必修课嘛 呵呵
148672,1126,张继才,2022-01-13 07:38:38,-16,3,19,通识课的，刚刚看评论专业课那边不太清楚\n\n通识课真的非常好啊，我觉得作为一门通识又顾及了人文社会思想，又有科学技术，真的非常不错，老师也是很幽默风趣，内容充实，然后给分真的是好到爆炸。觉得自己不配满绩真的。
149103,1126,张继才,2022-01-14 12:06:26,20,20,0,牛马老师
149939,1126,张继才,2022-01-18 02:00:52,16,17,1,过于理想主义
150112,1126,张继才,2022-01-19 07:39:08,-19,6,25,看了专业课的评价 自己没有上过张老师的专业课就不不给评价了 但没必要对一个老师有这么大的戾气叭 再怎么说也是你的老师 尊师重道这个事情作为浙大学子也应该有这个意识叭\n\n我是通识课的学生 一开始选这门课之前给张老师发了邮件 张老师也给我分析了这门课的利弊 让我慎重选择 出于学分低的原因我选了这门课。收获了很多关于海洋的知识 在做小组作业和写论文的时候也学到了很多 小组里的大家也都很好 \n\n最后的绩点4.2自己也很满足了\n\n老师也很有趣 虽然是网课总是一个人很认真地在教室上课 课堂内容也很丰富和有趣 可能有人说张老师不好说话 但是我觉得张老师还是挺温柔的 每个老师都有自己的教学风格 不可能适合任何一个人 大家还是理性评价吧
150117,1126,张继才,2022-01-19 07:49:35,19,21,2,楼上典型的马后炮行为，建议上完老师的专业课再过来评价。\n\n通识课确实还行，但专业课一言难尽，其中冷暖，只有本专业的同学才能理解。
150234,1126,张继才,2022-01-22 13:26:53,19,20,1,垃圾老师，海洋数值模拟上的一言难尽，还经常立“学习要靠自己努力”的牌坊，大作业什么都不教，直接扔了一个狗屁不是的题目让我们在考试周前一晚做完，我看你tm脑子是有病😅
150369,1126,张继才,2022-01-23 14:33:57,18,19,1,傻逼玩意儿😅
150410,1126,张继才,2022-01-24 16:38:08,18,19,1,傻逼老师滚
150414,1126,张继才,2022-01-25 00:15:40,24,26,2,19级海科-物海方向的学生来评一下吧。\n\n客观来说，老师确实认真负责，但是…上课内容和大作业与考试严重脱离，前几周上课相当于听了个寂寞。在离考试仅剩不到两周的时间甩手一个毫不相干的大作业，强迫你从0开始速成Fortran及Matlab数据分析，另外Fortran小作业的量也不低，语言的讲解也显得可有可无。\n\n曾经多次跟老师建议过调整教学安排，但老师仿佛活在自己的世界里，根本听不进外人的想法，为此还被反怼一顿。\n\n就以上这几点，我觉得1分不能再多了…
150424,1126,张继才,2022-01-25 04:22:11,-35,2,37,楼上几个粗口骂老师sb的，实际上这种歇斯底里的态度已经暴露了你们。。。目测是被抓不及格的吧。说实话，这种上课直接说过要考的题目都能不及格，也真有你们的。实话总是难听，不管是对于老师还是对于学生。
150434,1126,张继才,2022-01-25 08:06:48,22,25,3,楼上那个说“歇斯底里”的怕不是老师本人吧？？😅 \n\n就连我迟到20分钟都直接记我缺勤，说老师是傻逼难道说错了吗？？
150441,1126,张继才,2022-01-25 08:43:21,24,24,0,楼下说目测不及格的，不好意思，爷的分数还可以。实话总是难听的，别因为给分给您好，就一副跪下来的奴才嘴脸
150557,1126,张继才,2022-01-30 08:16:00,22,23,1,课讲的差就算了，考前在群里放狠话，整天阴阳怪气搞得就好像别人欠你200块钱一样，请问您是兵马俑第几排？？😅
150558,1126,张继才,2022-01-30 08:15:59,20,20,0,课讲的差就算了，考前在群里放狠话，整天阴阳怪气搞得就好像别人欠你200块钱一样，请问您是兵马俑第几排？？😅
150957,1126,张继才,2022-02-21 10:32:47,-16,2,18,通识课还是很棒的，感觉算是神课了
152722,1126,张继才,2022-04-19 02:09:35,16,16,0,极度自以为是，非常傻逼的玩意儿😅
154321,1126,张继才,2022-05-30 04:42:01,16,16,0,物海所的老师就没几个正常人。。。。。无语
154957,1126,张继才,2022-06-07 05:45:11,17,17,0,什么垃圾啊
157343,1126,张继才,2022-06-23 04:21:55,21,21,0,也不知是环境塑造人还是人本性如此。。。
171525,1126,张继才,2023-03-27 11:00:11,9,9,0,这年头是连老师都要润出海院
5031,1129,胡鹏,2015-07-02 10:39:02,4,7,3,口可
107650,1129,胡鹏,2019-05-08 03:15:00,14,17,3,浑身难受：） 屁事又多又爱点到  还没上课就叫写对课程的理解 wdnmdb
122907,1129,胡鹏,2020-04-20 02:26:24,18,21,3,屁事儿贼多，选课需谨慎
177614,1129,胡鹏,2023-07-04 02:29:23,5,6,1,能不能自己讲，别一个动量定理还要浪费时间问学生啊
179172,1129,胡鹏,2023-08-29 06:42:14,3,3,0,提出了
181451,1129,胡鹏,2023-10-18 06:16:36,5,6,1,水了一早上的课还要写假大空的报告
181577,1129,胡鹏,2023-10-23 08:56:08,0,7,7,备课很认真，会认真整理授课思路
192638,1129,胡鹏,2024-05-26 07:41:55,0,1,1,没那么抽象，环境水力学还行
194490,1129,胡鹏,2024-06-24 06:37:42,1,2,1,第一节课抽象，后面上起来反而感觉好了不少。至少上课的3*45分钟可以保证投入度和知识量，但是下了课就把课程的事情给忘了，导致这学期的课上一半虎头蛇尾，ppt也是边上边改。\n\n\n\n人还不错，闭卷考试改课后自行完成，给的时间也很充裕，不过暂时不知道给分如何。
217604,1129,胡鹏,2025-04-14 04:33:12,1,1,0,完全不是人
218016,1129,胡鹏,2025-04-19 07:30:32,1,1,0,上他的课，人都没见过
151944,1224,吴嘉平,2022-03-21 09:04:52,-8,8,16,很好的老师哦~
152061,1224,吴嘉平,2022-04-12 06:49:29,-9,7,16,同意楼上！老师很有大学学者的风骨和风范了。另外，每次上课都会提一下我们不开空调的事情，不愧是研究蓝碳的老师（笑哭.jpg）
132396,1449,樊炜,2021-02-01 09:14:54,-12,4,16,还行吧……讲着讲着就有一种思想教育的味道了……
142686,1449,樊炜,2021-11-15 05:34:50,20,23,3,自动控制上的什么垃圾玩意，讲了一个小时把自己讲懂了？还不如我上去讲呢
164931,1449,樊炜,2022-12-28 01:42:32,7,8,1,傻逼海洋传感技术😅
32864,1494,Atilla Incecik,2016-07-19 10:31:39,0,0,0,请问会挂科吗
33047,1494,Atilla Incecik,2016-09-11 04:30:08,0,0,0,助教偶尔点名～
33055,1494,Atilla Incecik,2016-09-11 09:44:09,0,0,0,老师讲课还是不错的，可惜我听不懂呀！\n\n\n\nPs这课简直海院的绩点杀器，跟老师没啥关系，的确是自己菜，大家保重！
58774,1624,金爱民,2017-09-17 06:40:48,2,2,0,很和蔼呀
98392,1624,金爱民,2019-01-23 11:49:46,0,1,1,均绩4.4+的课被接盘后变成了3-，看着办
217385,1624,金爱民,2025-04-09 09:08:23,0,0,0,垃圾老师，垃圾课程，一篇破课程论文要求50篇参考文献。在课上说25篇，之后又改成50篇，这让那些写完的学生怎么办，纯纯出生
20819,1635,孙志林,2016-02-01 05:15:23,1,1,0,#@9~0
24335,1671,高洋洋,2016-04-29 14:26:25,5,8,3,泊位长度怎么确定？还有呢？嗯哼
24336,1671,高洋洋,2016-04-29 13:44:21,1,1,0,楼上是nf
24337,1671,高洋洋,2016-04-29 14:12:50,2,2,0,楼上是fhf
24339,1671,高洋洋,2016-04-29 14:35:15,2,2,0,楼上还是nf
105773,1671,高洋洋,2019-04-20 09:36:39,2,2,0,嗯？有道理～嗯哼～也是一方面～\n\n
108743,1671,高洋洋,2019-06-01 07:48:44,2,2,0,笑咪咪的，声音好听
152144,1671,高洋洋,2022-03-29 00:14:07,2,2,0,每节课上课前全班按人头问一次上节课说了什么，有点搞，除了这个方面，老师人还是不错的
193810,1671,高洋洋,2024-06-19 10:21:54,4,4,0,记错考试时间的老师一枚捏~( ﹡ˆoˆ﹡ )
150058,1728,夏乐章,2022-01-18 15:18:27,12,15,3,垃圾中的垃圾，给分差的一匹，一分都不调。 \n\n海院的课还真是奇葩，期末直接照搬人家其他学校的期中考试卷，被当作重点的后四章几乎没怎么考，反倒你妈出一堆要背诵的概念题来故意拉分，我看你妈真是个nt😅。
150119,1728,夏乐章,2022-01-19 07:53:04,19,25,6,1分不能再多了。\n\n上课不知所云，期末试卷乱出题，上课讲的所有重点一点没考，反倒考了一堆概念题。\n\n最后给分绩杀又卡绩，建议这样的老师都滚出海院。
168128,1728,夏乐章,2023-01-29 13:49:48,-5,5,10,还不错的结构力学老师
181235,1728,夏乐章,2023-10-12 03:35:43,6,6,0,讲课不太行，泛泛而谈，很多细节没有讲，初学者第一遍有点吃力 还要自己课下翻书细想
189839,1728,夏乐章,2024-01-30 17:10:50,3,4,1,上课还行（但是感觉隔壁班略胜一筹），不过老师真的有参加流体力学出卷吗感觉后半部分完全没怎么出到
190225,1728,夏乐章,2024-02-26 05:54:34,9,10,1,夏老师的流体力学还可以吧，我觉得难得的海院还算可以的课了。\n\n夏老师本人很和蔼，但是普通话不是那么标准，课讲的也没啥大问题吧。\n\n至于楼上说的期末卷的问题，那可能是那年出的教学事故，23年的期末卷还挺正常的。\n\n和夏老师的老婆李莉聊过天，感觉他老婆有点逆天，夏老师还是挺不错的。
194197,1728,夏乐章,2024-06-22 12:20:56,4,4,0,流体力学上的还不错，至少讲的比另一个老师好点
214519,1728,夏乐章,2025-02-10 15:59:45,1,1,0,差评大多来自19级同学的流体力学考试，那次考试真不是夏老师一个人的锅，是出题老师的问题.夏老师和邓老师的结构力学绝对是非常耐打的好课.
217624,1728,夏乐章,2025-04-21 10:48:03,2,2,0,感觉流体力学讲的还可以？挺细致的，步骤也能带我们一起推导，普通话也没有不标准，声音也很好听_(:з」∠)_\n\n4.21补：感觉老师很认真负责，原来老师要换教室，说原教室黑板太小了。当时我还觉得老师小题大做，但是换了教室之后才发现老师真的很细致，两扇黑板是换了擦，写了换，生怕我们不理解一样，真的是海院难得的好老师一位了(◞‸◟ )
5122,1964,孙红月,2015-07-04 09:09:52,0,1,1,讲课还不错，人很好。
9650,1964,孙红月,2015-11-03 16:29:52,1,1,0,好好好
24145,1964,孙红月,2016-04-28 01:06:05,0,1,1,老师讲得还挺好的，最后给分也不错
42829,1964,孙红月,2017-01-15 08:49:28,0,0,0,知识渊博
191397,1964,孙红月,2024-04-19 06:20:03,3,3,0,老师是好老师，上课很努力让大家听懂，也很想和大家交流，只是大家有点害羞沉默，可能让老师有点无奈，就是这个加分体系有点让人无语
3940,2101,朱蓉,2015-07-14 07:39:55,0,2,2,还以为给分挺好，没想到那么坑！
21554,2101,朱蓉,2016-02-29 07:36:31,2,2,0,有点抓不住重点啊
27934,2101,朱蓉,2016-06-28 06:02:24,0,0,0,地科课讲的面还是到了，能提高一些生动性可能没那么容易犯困吧。
59156,2101,朱蓉,2017-09-20 03:42:46,1,1,0,ｸﾞｯ!(๑•̀ㅂ•́)و✧
63304,2101,朱蓉,2017-11-30 09:17:45,1,1,0,(눈_눈)
132122,2101,朱蓉,2021-01-30 12:04:48,0,0,0,讲得还挺有干货的虽然我没听（全靠同行衬托）
150242,2101,朱蓉,2022-01-21 01:04:04,1,1,0,海院啊，就缺少这种对学生放水的好老师
213605,2101,朱蓉,2025-01-18 13:32:51,0,0,0,全勤，全作业，开卷期末，给分2.1
18518,2226,姚炎明,2016-01-24 03:31:08,11,11,0,海岸老头\n\n
19372,2226,姚炎明,2016-01-24 03:32:07,5,5,0,海岸老头
20389,2226,姚炎明,2016-01-27 11:13:55,3,3,0,海岸老头
105774,2226,姚炎明,2019-04-20 09:51:44,3,3,0,天马行空
107080,2226,姚炎明,2019-05-02 02:01:49,5,5,0,垃圾老师
107436,2226,姚炎明,2019-05-05 07:16:58,4,4,0,上课吸烟
108742,2226,姚炎明,2019-06-01 07:45:28,3,4,1,给分慢，也迷
151951,2226,姚炎明,2022-03-21 12:28:54,3,3,0,呵呵呵
153199,2226,姚炎明,2022-04-26 14:33:45,1,1,0,讲课是真的迷离
135940,2583,张大海,2021-06-04 04:16:10,11,13,2,上课手写翻译两千字文献，你是个人啊
138718,2583,张大海,2021-07-10 13:10:44,12,13,1,上课看两节课走近科学梦回小学科学课
153399,2583,张大海,2022-04-29 04:38:51,7,9,2,从不回复同学问题，极难相处
154407,2583,张大海,2022-06-01 03:58:55,5,7,2,“端午节快乐”，快乐你妈逼啊快乐😅
155281,2583,张大海,2022-06-10 06:36:36,7,7,0,考试周前两天布置project，还让考试周期间交？？\n\n什么傻逼玩意儿？？？😅😅😅
155300,2583,张大海,2022-06-10 10:42:47,4,5,1,。。。。。。
157353,2583,张大海,2022-06-23 04:32:21,6,6,0,课程水，讲课一般，给分拉胯。
157873,2583,张大海,2022-06-25 09:02:58,6,6,0,期末考试布置project，你这门课不用考试别的课还要考试，给分还这么差
159537,2583,张大海,2022-08-06 11:16:28,2,3,1,不在意绩点想混学分的话，还是不错的
196246,2583,张大海,2024-07-02 13:48:32,2,2,0,这畜生东西似乎还没学会使用手机的接电话和回信息功能
196790,2583,张大海,2024-07-05 07:21:51,0,0,0,海洋能技术一次课上作业两次课后作业一次汇报无考试  总体上比较轻松 适合缺专业选修学分的同学选取
132395,2771,宋宏,2021-02-01 09:14:01,45,49,4,能不能别上课回答问题了……好尬
150329,2771,宋宏,2022-01-22 13:54:23,44,45,1,天天上课不知道在干什么，作业乱布置，给分很差。\n\n另外千万不要跟这位老师做科研，只会一个劲push你，当半天打工人却学不到任何东西。
150548,2771,宋宏,2022-01-30 00:28:51,42,43,1,每次课上让别人回答问题拖延时间，讲课毫无干货却硬要整出一堆新活出来，想学东西的赶紧避雷吧
154131,2771,宋宏,2022-05-24 08:22:31,35,35,0,18级有幸来评一下：\n\n首先千万别找他做SRTP\n\n全程放养+极其不负责任的学长+情商贼低不回话的学姐\n\n实验室里都是一群纯纯牛马玩意儿\n\n近十年没发表过论文，整天沉迷于在杭州开公司，常年不在舟山\n\n快跑！
156147,2771,宋宏,2022-06-18 02:47:34,28,28,0,什么nt玩意儿？想问srtp的事直接甩手给实验室学长，结果学长情商巨jb低，发消息不回，半天回了一个“自己的事情自己完成”？？？\n\n我可去ntmd
158881,2771,宋宏,2022-07-03 03:56:49,25,26,1,海院典型畜牲之一
159518,2771,宋宏,2022-08-02 04:11:37,21,21,0,cs。
159519,2771,宋宏,2022-08-02 04:14:41,17,17,0,上课很水
159520,2771,宋宏,2022-08-02 04:14:52,18,18,0,快跑！
159523,2771,宋宏,2022-08-03 07:31:19,31,31,0,海院典型畜牲之一
163190,2771,宋宏,2022-12-09 08:34:41,16,17,1,强烈建议取消这位老师的职称。\n\n上完唯一的收获就是看清了浙江大学海洋学院金玉其外败絮其中的真相，一众所谓杰出人才皆欺世盗名之徒，这位老师更如跳梁小丑一般哗众取宠，真乃百年求是之大耻！
164959,2771,宋宏,2022-12-28 05:52:46,13,13,0,快逃.jpg
170894,2771,宋宏,2023-03-11 11:56:35,12,12,0,sb
171218,2771,宋宏,2023-03-19 09:16:19,13,13,0,臭sb一个
171844,2771,宋宏,2023-04-07 12:58:03,12,12,0,真不行
178357,2771,宋宏,2023-07-11 01:26:43,13,13,0,sb，千万不要跟他做srtp和暑期实践
178570,2771,宋宏,2023-07-15 05:52:38,16,16,0,千万不要跟这个老师做暑期实习，事多还啥也学不到，全是跟一个学长搞，他还啥也不会
178698,2771,宋宏,2023-07-18 13:24:29,12,12,0,这个老师真的不行
178699,2771,宋宏,2023-07-18 13:27:49,22,22,0,sb一个，和冀大熊詹舒越焦鹏程并列海院四撒比
178923,2771,宋宏,2023-08-01 06:26:26,10,10,0,牛马
178924,2771,宋宏,2023-08-01 06:28:20,8,8,0,sb一个
178950,2771,宋宏,2023-08-04 12:56:27,14,14,0,千万不要跟他搞srtp和实习
179004,2771,宋宏,2023-08-18 06:38:57,25,25,0,sb
192420,2771,宋宏,2024-05-19 04:06:07,13,16,3,人菜瘾大，自己不管事又疯狂pua学生，搞延毕了好几个人。已有的评论都没说sh恶心的具体地方，我来告诉你们，快跑！\n\n顺便补充一下，zsy，sh，jdx这种老师共同特征就是没有利益关系的时候看起来很 平  易  近  人，但凡扯上啥事绝逼很难全身而退了。
192648,2771,宋宏,2024-05-26 16:36:38,0,18,18,关于最后一条品论。就是那个说延毕研究生的那个同学，不用藏着掖着，你就是2023-2024年在宋宏课题组做毕设的本科生。请问，他为什么在明知道知道保研不成功的情况下还找宋宏老师说想要直博？另外，为什么后面又要选宋宏老师的毕设？如果想对线，我们直接去教务处，无所谓。可能老哥你一开始是觉得宋老师比较好说话，所以毕设可以水一水，但是老哥没想到你不是水，你是臭水沟啊，每次说什么就是好好好，论文一会提交一版，但是做的时候从来没做过，拿之前实验室同学的代码，数据，论文，抄都没抄明白（都直接给你喂饭了，你咋还这样）。让你做缺陷检测，你把缺陷识别成厕所，狗，鸟，你倒是认真检查一下啊，这就是你所谓的十五天的工作量？目录没做，公式序号都没有，这些问题和你反应只是想让你顺利通过盲审而已。另外，冷暖自知，宋老师比较宽松，但是你也不能把人当傻子啊，谁都有底线吧？做人可以精致，可以懒，但是一定要踏踏实实的先做好自己的事，欢迎直接对线，九八，査老师，任何网站，包括教务处。如果你想实名，你就直接实名，我不想说你的名字，是因为这个地方以后会有很多学弟学妹，不想让你以后还要被人说，如果你觉得没问题的话，可以实名公开。\n\n今天是2024年5月26日，在看到你论文图片中出现dog，toilet，sink，bird这些单词的时候，实验室所有人都破防了，不然为啥宋宏老师课题组的人都怼你，质疑你。我们也都是学生，很多事情都能理解，但是你老哥你真的太离谱了吧。如果你可以实名的话，我们就都实名，因为聊天记录，你的论文，你做的事情，我做的事情，都是能查到的。
192768,2771,宋宏,2024-05-30 06:24:39,5,11,6,楼上给老师洗白的扎布多得勒😅作为海钓老师极其不负责，byd就来念几节ppt还叫人回答问题拖时间是吧
193435,2771,宋宏,2024-06-11 10:28:18,8,10,2,楼下说老师好的，欢迎对线不好意思，实话总是难听的，别因为自我感觉良好，就一副跪下来舔的奴才嘴脸
197454,2771,宋宏,2024-07-15 13:33:39,10,10,0,该老师带的三个毕设学生均没能一批答辩，且在二批前的盲审时均吃到大修/不同意答辩\n\n我不清楚是三个学生实力都不行还是这个老师的实验室有问题
199142,2771,宋宏,2024-09-18 06:23:31,6,7,1,不负责，啥也不会
199837,2771,宋宏,2024-10-02 05:55:47,-2,3,5,还可以，比较负责
202434,2771,宋宏,2024-11-12 17:01:09,-2,1,3,海洋技术导论：课比较水，给分还行
216332,2771,宋宏,2025-03-13 10:54:14,2,2,0,sb
217634,2771,宋宏,2025-04-14 09:20:46,3,3,0,相当牛马累死就和他读研
33684,2806,吕庆,2016-09-21 03:58:21,0,1,1,尽心尽力劝退社科的同学，好感动
59179,2806,吕庆,2017-09-20 06:01:22,0,0,0,第一次上，看到老师没有分数就先来刷一下
59207,2806,吕庆,2017-09-20 07:32:41,0,0,0,我觉得ok
62795,2806,吕庆,2017-11-27 03:49:41,0,0,0,老师很有耐心，讲得也很清楚，助教在作业给分时也很好，
40127,2870,贺治国,2016-12-29 10:01:07,-25,6,31,浙大本土老师，讲课好，人长得帅，声音好听，还特负责任，我还能要求什么呢？
135905,2870,贺治国,2021-06-02 09:18:51,-30,1,31,上课特别认真负责。
144879,2870,贺治国,2021-12-25 11:32:03,25,26,1,你是什么鸟？还浙大本土老师，一点也不体谅学生的都滚好吧？
149564,2870,贺治国,2022-01-16 03:20:23,19,21,2,乱给分，我其他科目一直都是90分以上，他给我最终69，想问一下什么情况还联系不到？
149921,2870,贺治国,2022-01-19 07:52:06,16,19,3,1分不能再多了。\n\n上课不知所云，期末试卷乱出题，上课讲的所有重点一点没考，反倒考了一堆概念题。\n\n最后给分绩杀又卡绩，建议这样的老师都滚出海院。
150055,2870,贺治国,2022-01-19 00:41:31,15,16,1,垃圾中的垃圾，给分差的一匹，一分都不调。\n\n海院的课还真是奇葩，期末直接照搬人家其他学校的期中考试卷，被当作重点的后四章几乎没怎么考，反倒你妈出一堆要背诵的概念题来故意拉分，我看你妈真是个nt😅。
150073,2870,贺治国,2022-01-19 00:25:32,15,15,0,傻逼中的傻逼，就你也配流体力学课程负责人？出的什么牛马题目，纯纯脑瘫
150309,2870,贺治国,2022-01-22 07:31:48,17,18,1,一句话：\n\n傻逼玩意儿😅
200667,2870,贺治国,2024-10-20 16:09:14,1,1,0,我觉得挺好的
68964,2872,陈雪刚,2018-01-24 07:18:56,4,7,3,好课，不水，感兴趣就有收获
75327,2872,陈雪刚,2018-03-09 03:06:22,1,4,3,炒鸡好
119226,2872,陈雪刚,2019-11-11 10:55:28,9,11,2,作为一门1.5的课非常非常麻烦，作业和考试都花费大量精力，且上课难度和考试作业难度脱节，非必修不建议选
119973,2872,陈雪刚,2019-11-17 02:38:20,4,6,2,非必修不要选，你懂的
127780,2872,陈雪刚,2020-11-27 01:45:44,6,11,5,老师长得很帅，就是写他留的作业有一种被渣男PUA了的感觉……\n\n不过说来这课的设置就很矛盾，又想要专业课的难度又想要通识课的课时，或许以后可以考虑加几个学分什么的
139760,2872,陈雪刚,2021-07-26 02:16:43,0,5,5,希望老师能降低平时作业难度，将大作业改为若干次小作业，这样会更合理一些，每次大作业做到头秃还学不到东西 属实难顶！
142613,2872,陈雪刚,2022-10-09 08:48:00,3,10,7,没来上过课
142919,2872,陈雪刚,2021-11-17 10:36:38,0,7,7,非常好的老师!上课幽默风趣 课后没有作业\n\n考试一点不会 给分倒是合理 建议选!
143046,2872,陈雪刚,2021-11-18 11:14:53,0,6,6,特来为老师正名!老师讲的蛮有趣的，考试内容也很明确，真的能学到一些东西，虽然每次都连上三节课，但真的不会感到无聊，推荐推荐!(PS，老师可不是渣男，有趣的灵魂+翩翩君子!!!(推眼镜)）
143485,2872,陈雪刚,2021-11-25 16:29:56,-5,4,9,渣男说法始作俑者来解释一下\n\n说渣男是因为老师长得帅，且喜欢笑眯眯地留一些他觉得还好但我们觉得很迷给分也很迷（指莫名其妙的高和莫名其妙的低）的大作业，然后还睁着无辜的大眼睛跟我们说你看这作业不难吧（这么一想用🍵形容更加合适……溜了溜了）\n\n就这个比喻老师还在座谈会上当面对线过，说这是他人生中第一次被骂渣男……滑跪滑跪
145930,2872,陈雪刚,2022-01-04 11:54:53,3,8,5,老师变了，变得更帅了😍😍😍
150554,2872,陈雪刚,2022-01-30 07:50:43,-12,5,17,建议取消这位老师的职称。\n\n一门专业必修课，完完全全上成了通识课的感觉。取消了大作业过后变得太水，身边很多同学上课玩手机、课下压根不看PPT，自己认真花时间总结复习，甚至还不如那些手速快的人分高。\n\n作业也是几人一起合作完成，希望明年能改回之前的大作业吧，口口声声说要把海院建成世界一流学院，但必修课有你这样水的吗？？
150555,2872,陈雪刚,2022-01-30 07:47:57,-8,4,12,取消了大作业过后变得太水了，身边很多同学上课玩手机、课下根本不看PPT，根本学不到任何东西。\n\n作业也是几人一起合作完成，考试开卷+中文也显得过于简单，希望明年能改回之前的大作业吧，这样至少可以帮助学生学到一些必要的技能。
150730,2872,陈雪刚,2022-02-16 07:45:13,0,2,2,老师讲的都是干货，记下的笔记有时候会反复翻看！特别棒
150731,2872,陈雪刚,2022-02-16 07:45:09,0,2,2,老师讲的都是干货，记下的笔记有时候会反复翻看！特别棒
150732,2872,陈雪刚,2022-02-16 07:45:09,0,2,2,老师讲的都是干货，记下的笔记有时候会反复翻看！特别棒
150734,2872,陈雪刚,2022-02-16 07:47:05,0,2,2,这老师很帅，幽默风趣，可爱迷人，考试也不难。
154572,2872,陈雪刚,2022-06-02 07:13:23,2,4,2,陈老师真的很好很好，课上干货很多，也会普及一些人生哲理。虽然没了大作业，但是还有平时小作业来帮助大家巩固复习，总之体验非常好，强烈建议老师继续保持！
154963,2872,陈雪刚,2022-06-07 06:32:29,3,3,0,自从老师改变之后，物海所有必修课中极少数几门体验最好的课
182449,2872,陈雪刚,2023-11-16 05:38:33,1,1,0,上课很有趣!!没有作业赞赞的，，可惜不开了，，
201422,2872,陈雪刚,2024-11-02 11:20:41,1,2,1,nmd开卷考试做全英文ppt，放一堆意义不明的图和意义不明的话，考前对着一千多页ppt一张一张的筛，真司马了
202395,2872,陈雪刚,2024-11-12 09:57:00,1,1,0,给分很一般
202843,2872,陈雪刚,2024-11-15 00:46:43,1,1,0,平时不点名但是会提问，所以你懂的。最后绩点给卡了一下，难受。不过总体而言讲课还是不错的
205468,2872,陈雪刚,2024-12-07 04:58:25,2,2,0,海洋地质与海底资源这门课给分巨烂
208696,2872,陈雪刚,2024-12-31 05:39:35,1,1,0,海洋地质与海底资源给分特别烂，劝退
208706,2872,陈雪刚,2024-12-31 06:04:41,1,1,0,讲课还可以，但不知道最后七十多的均分怎么给出来的。文献综述要写的能发表你才满意？
20281,3189,魏艳,2016-01-27 02:16:23,4,9,5,很好的老师哦～
20818,3189,魏艳,2016-02-01 05:14:21,0,1,1,ooo
145221,3189,魏艳,2021-12-28 10:06:50,3,6,3,在这种情况下
147547,3189,魏艳,2022-01-10 08:06:32,0,5,5,宝藏老师！！！她的大学写作上学了很多干货，尤其是关于论文写作的一些规范！！很值得！！
165373,3189,魏艳,2023-01-03 12:11:03,-4,3,7,老师给分太好辣，划水4.5！！！！！！！！！！！！！！！！！！！！！！！！！！！！！！！！！！！！
168980,3189,魏艳,2023-02-24 02:26:47,-4,5,9,超级好的老师啊啊啊啊啊5.0我的神！！！\n\n写作课真的能学到很多干货，每堂课的ppt教案也是精心准备\n\n吹爆魏老师👏👏10分！
169695,3189,魏艳,2023-02-27 12:06:12,0,4,4,作为班主任真的非常认真负责
180341,3189,魏艳,2023-09-21 07:12:15,9,14,5,傻逼东西
180348,3189,魏艳,2023-09-21 07:26:20,5,6,1,认真负责，管得严，重视成绩。像高中老师
183412,3189,魏艳,2023-11-25 08:55:21,17,18,1,众所周知，大学写作课是一门水课，你不会学到有关写作的任何东西。如果你想在冬学期写作业，请不要选择这个老师，因为她会走来走去，还会叫你回答问题。
189242,3189,魏艳,2024-01-22 14:43:48,0,2,2,给分还可以，全程划水4.5
191025,3189,魏艳,2024-03-28 14:16:56,1,2,1,哈哈哈
196649,3189,魏艳,2024-07-04 13:44:35,-3,0,3,作为班主任魏老师人品性格真的不错，能感受到对学生的关爱。存在感不太高，参与班级事务很少，但大学老师好像本来也没多大必要管班
208296,3189,魏艳,2024-12-26 13:44:55,3,4,1,大学写作课来的\n\n别的老师不了解，但不推荐wy\n\n1.wy老师本人逻辑性较差，说话很卡壳，对自己的PPT挺陌生的感觉；个例评析比较阴阳怪气；如何写不讲，带我们像找病句一样，会在一些莫名其妙的句子上纠结（她读不通，但同学们看着蛮顺的hhh，不太认可你读不懂就阴阳别人逻辑这种事情）\n\n2.内容方面，重点之一例如如何引用参考文献，连着几节课只会说：看国标，看我发的标准。我个人认为事半功倍的方法就是演示一遍，特别是一些网页资料如何把各种参数引用进去，同学们作业交上去复制知网生成的引用格式她都说是错的，何不授人以渔？\n\n\n\n那么有的好学者可能会说哈：同学你都是浙大学子了自我学习能力没有吗还要老师喂到嘴里吗？\n\n那我只能说：仁者见仁智者见智。学生固然要学，老师也要教，大家可以根据个人情况选择吧，我也不了解别的老师上课风格我只能说，如果你想从wy老师口中，学到大学写作知识，还是不要想了。\n\n另举一个小例：下课有同学好像去问了，wy老师好像推荐了一个应用可以生成引用啥的。上课何不说？那时我已经走到门口了，也不愿再听，转身向大海走去。
214093,3189,魏艳,2025-01-24 01:52:43,0,0,0,额，给分不行，学不到任何东西，还不让写作业，真是服了
20241,3296,陈家旺,2016-01-26 15:56:24,-24,5,29,好老师，不解释。
33591,3296,陈家旺,2016-09-20 07:40:56,-29,1,30,很不错\n\n
33645,3296,陈家旺,2016-09-20 16:15:21,-31,0,31,给分好得不得了！
114446,3296,陈家旺,2019-07-10 03:19:31,21,24,3,好差啊
138715,3296,陈家旺,2021-07-10 13:06:55,29,29,0,岛主上课照着ppt念且念的ppt很明显是从b站上中国海洋大学的课件上截的图也是我没想到的
145789,3296,陈家旺,2022-06-10 15:46:01,37,39,2,“注意你的说话态度”\n\n“我做不好可以有很多理由”\n\n“已经尽力协调了”\n\n是不是你们没当过人所以理所当然地把学生也不当做人了啊
147280,3296,陈家旺,2022-06-06 05:29:49,45,49,4,不想上课可以不上，妈的你找你的研究生上课算个几吧？\n\n自己开8周的课，有一半时间见不到人，甚至有一次直接忘记这回事了，还得让同学提醒才来？真他妈的好笑\n\n上课纯念ppt，第七周周末端午节临时决定出海\n\n从领导层到老师到学生都是纯纯nt\n\n10个人有9个想跑路\n\n去他妈个逼的海院，谁爱来谁来
150578,3296,陈家旺,2022-01-31 00:31:30,20,21,1,傻逼玩意儿😅
154090,3296,陈家旺,2022-05-23 05:23:59,17,17,0,评1分的原因是没有0分的选项；\n\n陈家旺基本上可以说是个报复社会的（S）B，一天天除了吹牛不不讲啥实在内容，最近几年当了海南研究院的副所长就成精了，三句话不离这破事。\n\n海院的学生真的可怜，学着所谓的21世纪学科，就业平均薪资比不上开挖掘机也就算了，还要在这种毫无意义的课（海洋调查方法）上面浪费时间，接受这种蠢币老师的压迫。\n\n上来就直接让研究生给自己代课，你他妈不识字是不是，这是你自己开的课，你他妈动动嘴皮子我就牛逼了是吧?那你他妈还当啥老师，直接去开辅导班啊，布置个完全不会的作业给学生，学生就牛逼了，你他妈肯定可以一本万利。\n\n日常：“这个问题我觉得太简单了，大家自学就行，这个代码我没写，但是我觉得很简单，大家努努力肯定可以完成。”最可笑的是，拿着个github上面直接clone下来的代码，连尼玛解压缩都没干，就发上来了。老子辛辛苦苦装环境，结果尼玛根本跑不了。问他，他他妈说什么是以前学长写的，毕业很久了，没法弄。他妈的真当我们不会用github，连readme.md都没删，上面有原网址的链接，是他妈国外的一个大学写的，真她妈大言不惭。\n\n看到这个评论的兄弟，如果你还是大一大二，赶紧转专业吧。动科、农学，哪个专业水转哪个。4年紫金港不香吗？要来这么个鸟不拉屎的小岛？腾出时间考研跑路不好吗？要在这么个毫无前途又令人秃头的专业上面耗？如果你大三了，考研准备起来，别在意这种傻逼课的绩点了，纯是坑人的。（以上建议对想要多赚点钱韭菜有效，后浪们就随意吧
154091,3296,陈家旺,2022-05-23 05:23:59,10,13,3,评1分的原因是没有0分的选项；\n\n陈家旺基本上可以说是个报复社会的（S）B，一天天除了吹牛不不讲啥实在内容，最近几年当了海南研究院的副所长就成精了，三句话不离这破事。\n\n海院的学生真的可怜，学着所谓的21世纪学科，就业平均薪资比不上开挖掘机也就算了，还要在这种毫无意义的课（海洋调查方法）上面浪费时间，接受这种蠢币老师的压迫。\n\n上来就直接让研究生给自己代课，你他妈不识字是不是，这是你自己开的课，你他妈动动嘴皮子我就牛逼了是吧?那你他妈还当啥老师，直接去开辅导班啊，布置个完全不会的作业给学生，学生就牛逼了，你他妈肯定可以一本万利。\n\n日常：“这个问题我觉得太简单了，大家自学就行，这个代码我没写，但是我觉得很简单，大家努努力肯定可以完成。”最可笑的是，拿着个github上面直接clone下来的代码，连尼玛解压缩都没干，就发上来了。老子辛辛苦苦装环境，结果尼玛根本跑不了。问他，他他妈说什么是以前学长写的，毕业很久了，没法弄。他妈的真当我们不会用github，连readme.md都没删，上面有原网址的链接，是他妈国外的一个大学写的，真她妈大言不惭。\n\n看到这个评论的兄弟，如果你还是大一大二，赶紧转专业吧。动科、农学，哪个专业水转哪个。4年紫金港不香吗？要来这么个鸟不拉屎的小岛？腾出时间考研跑路不好吗？要在这么个毫无前途又令人秃头的专业上面耗？如果你大三了，考研准备起来，别在意这种傻逼课的绩点了，纯是坑人的。（以上建议对想要多赚点钱韭菜有效，后浪们就随意吧
154336,3296,陈家旺,2022-05-30 11:59:33,15,15,0,什么傻逼？ 第七周周末出海是吧？？ 有病 从老师到助教 全是傻逼  不想上就别开这门课 开了就别恶心人
155091,3296,陈家旺,2022-06-09 04:13:58,-51,5,56,10分，为老师鸣不平。\n\n我是助教，两位老师超级好，讲课清晰为人诚恳，群里问问题也会秒回，平时作业认真做基本都会给高分，期末好好复习也能拿到满意的分数。\n\n那些平时不努力，上课都不来上的人活该挂科，差不多得了，一群傻逼玩意儿一个个的有这闲功夫搁这哔哔赖赖diss老师真不如上街去见见世面，乞讨要饭也行，你真以为浙大文凭这么好混？？😅 😅
155092,3296,陈家旺,2022-06-08 07:13:24,23,25,2,什么狗屎垃圾纯纯傻逼助教王开创？？？\n\n你妈死了😅 😅 😅
157985,3296,陈家旺,2022-06-26 03:05:28,17,18,1,助教彭晓清、王开创真是纯纯脑瘫傻逼😅 ，无视老师定下的时间节点，擅自变卦，5个实验报告的截止时间强行提前两天，中午通知第二天下午上交，真你妈傻逼玩意儿。
158591,3296,陈家旺,2022-07-06 02:10:48,24,24,0,sbsb
158879,3296,陈家旺,2022-07-03 03:53:34,24,24,0,畜牲一个，你要是不想上课，就别你妈开课行吗?你让学生帮你上课是什么意思?你配当老师?贱种
159820,3296,陈家旺,2022-09-03 07:38:12,13,13,0,无语子
163196,3296,陈家旺,2022-12-09 13:02:14,12,12,0,强烈建议取消这位老师的职称。\n\n上完唯一的收获就是看清了浙江大学海洋学院金玉其外败絮其中的真相，一众所谓杰出人才皆欺世盗名之徒，这位老师更如跳梁小丑一般哗众取宠，真乃百年求是之大耻！
171904,3296,陈家旺,2023-04-11 23:46:43,5,5,0,666
171987,3296,陈家旺,2023-04-19 08:56:45,16,16,0,呵呵这下是真被取消职称了😅
176285,3296,陈家旺,2023-06-28 08:55:10,59,63,4,是故弟子（陈家旺）不必不如师（陈鹰），师不必贤于弟子（指生活作风），闻道（指婚外情）有先后，术业（指出轨对象）有专攻，如是而已。
204034,3296,陈家旺,2024-11-23 10:06:55,0,0,0,司马玩意
7830,3311,赵西增,2015-09-15 14:22:40,-16,13,29,老师很帅
19374,3311,赵西增,2016-01-24 03:35:39,-22,9,31,老师很帅
40126,3311,赵西增,2016-12-29 09:59:54,31,38,7,流体力学这么正经的课，全程让学生讲也是呵呵了生生把基础课上成了presentation
42818,3311,赵西增,2017-01-15 08:26:40,13,18,5,没听过
127334,3311,赵西增,2020-11-20 09:05:00,-33,11,44,蛮OK的一个老师，上课正常，作业不多，考试会给些大题范围，给分也正常
135595,3311,赵西增,2021-05-16 07:10:17,34,45,11,海岸动力学，啥也没听懂
145594,3311,赵西增,2021-12-30 11:28:18,29,38,9,苑家培真是你🐴 傻逼玩意儿😅
151366,3311,赵西增,2022-12-04 16:27:16,42,54,12,你说的对，但是《水动力学》是由赵西増自主研发的一款全新开放世界冒险游戏。游戏发生在一个被称作「教学楼103」的幻想世界，在这里，被神选中的人将被授予「王阳明心学」，导引孝之力。你将扮演一位名为「孝子」的神秘角色，在自由的旅行中邂逅性格各异、能力独特的同学们，和他们一起每天5公里，重获新生——同时，逐步发掘「知行合一」的真相。
159053,3311,赵西增,2022-07-05 07:08:23,19,23,4,讲课水平是真的一般，从来没讲清楚过
159822,3311,赵西增,2022-09-03 13:37:39,7,9,2,。。。
160303,3311,赵西增,2022-09-18 11:14:03,8,10,2,。。。。。
161439,3311,赵西增,2022-11-25 06:58:39,24,28,4,反动学术权威名单可以有他一个（接楼上），每次写他的作业都会骂骂咧咧。有些老师水平不够就不要来上课了，先提升一下自己的修养和学术水平吧。
161442,3311,赵西增,2022-11-26 02:01:48,29,34,5,“挺好的老师很好！！！！！！！！！！！！！！！！！”\n\n改别人评价是吧\n\n原评论：只讲教学质量，本来是有6分基础分的，但是我觉得不好，取消下限，打个1分吧\n\n我错了，不该这么讲文明，赞同楼里的同学，你就是依托答辩
161449,3311,赵西增,2022-11-07 04:14:42,35,38,3,老师上课很喜欢讲哲学，当班会上，吹嘘自己，贬低学生。“你们没有人格”这样的话都说得出口，是让人万万没想到的。
161469,3311,赵西增,2022-11-20 13:25:32,37,41,4,鼓励恶性竞争、道德绑架、精神打压PUA。\n\n上课收手机，每节课签到还点名。\n\n前言不搭后语，半节课在讲自己怎么跑步。\n\n四十岁的人看着像七十岁。
161602,3311,赵西增,2022-11-15 12:24:42,22,26,4,山重水复疑无路，柳暗花明CPU。
161715,3311,赵西增,2022-11-11 03:23:04,22,26,4,一星期一篇论文😅😅真是去你妈的，上课孝孝孝，你妈有病？
161811,3311,赵西增,2022-11-24 04:59:32,18,19,1,无论是当班主任还是当水动力学的老师，都是不尽如人意的，水动力学课硬是上成了大型班会，而班会上又讲一些让人摸不着头脑的东西
161816,3311,赵西增,2022-11-14 01:50:08,17,18,1,想想这几周都要被pua三小时，每分钟身上都像有蚂蚁在爬，上这门课只记得了你孝不孝😅
162073,3311,赵西增,2022-11-16 12:40:22,-23,2,25,老师很好
162162,3311,赵西增,2022-11-17 07:19:58,-18,0,18,！！！
162236,3311,赵西增,2022-11-18 05:08:14,17,19,2,等你死了我去你坟上调研，写好的报告发SCI😅
162329,3311,赵西增,2022-11-20 07:03:19,16,17,1,依托答辩
163249,3311,赵西增,2022-12-11 05:04:22,28,30,2,“我觉得我们的学生应该大一就来舟山，高数这些通识课都要由我们的专业老师上”\n\n我tm读的是浙江大学还是浙江舟山大学😅
165088,3311,赵西增,2022-12-29 04:33:19,28,29,1,以打压学生为乐，教学毫无章法
165285,3311,赵西增,2022-12-31 03:43:46,44,46,2,爹瘾很重的一个老师…
170608,3311,赵西增,2023-03-07 06:21:58,26,28,2,你上的是水动力学还是王阳明心学导论？
173170,3311,赵西增,2023-05-15 01:22:17,10,11,1,傻杯玩意
177836,3311,赵西增,2023-07-05 03:31:28,14,16,2,“我最近在研究中医”
178204,3311,赵西增,2023-07-08 02:40:46,14,16,2,你踏马什么时候四啊
178262,3311,赵西增,2023-07-09 03:44:59,16,17,1,建议把听他讲课列入十大酷刑
178354,3311,赵西增,2023-07-10 16:08:28,20,21,1,有些人也就只敢在学生面前作威作福了
179723,3311,赵西增,2023-09-19 13:35:13,-19,2,21,上课有些无聊，但是课程还是能学到东西的
181095,3311,赵西增,2023-10-08 07:12:55,29,29,0,说他上课能学到东西的，确实，学了不少王阳明心学知识
193532,3311,赵西增,2024-06-12 12:01:48,12,12,0,完全就是依托答辩，你是来当老师还是当阴阳师的，摆出一副高高在上的样子，问个问题也是一副爱答不理的样子，春挠滩
195669,3311,赵西增,2024-06-29 10:56:10,10,10,0,毕业了再来踩一脚，大学四年见到过最脑瘫的老师
198704,3311,赵西增,2024-09-11 04:28:55,7,8,1,研究生课大作业自己编程或者买开源模型，两人组队做ppt，每组10mins，上个锤子课程
213257,3311,赵西增,2025-01-16 13:11:28,2,3,1,不想说了，大无语。海院就是被这些人搞臭的
216390,3311,赵西增,2025-03-15 08:13:25,0,0,0,著名学者赵西增教授浪迹天涯时，有一次天黑找不到住处，想就近去一个老大爷家里借宿，老大爷隔门问他谁啊。\n\n赵教授怕老大爷听不清，对门喊：浙江大学教授、博士生导师，港口海岸与近海工程研究所副所长，港口航道与海岸工程专业负责人，海洋工程专业方向负责人，求是青年学者、首届仲英青年学者；浙江省万人计划青年拔尖人才；浙江省杰出青年基金获得者！\n\n大爷：住不下这么多人！
10434,3406,徐敬,2015-11-18 16:52:32,6,10,4,课还行，分数很凄美。
39120,3406,徐敬,2016-12-21 08:49:22,10,12,2,微机课有几次小测，老师上课很细心，考试内容不深，不过据说课程要加长了呀
139870,3406,徐敬,2021-08-05 07:34:01,31,36,5,乍一看还以为是xjzh学长（战术后仰）
154154,3406,徐敬,2022-05-25 01:09:24,11,15,4,人品道德败坏，非常辣鸡的老师。
178550,3406,徐敬,2023-07-14 17:16:43,4,4,0,毕设慎选
181454,3406,徐敬,2023-10-18 06:20:26,4,5,1,杀必老师，上课讲的什么垃圾东西，慎选
34158,3407,万占鸿,2016-09-28 01:13:41,5,5,0,纯真河南口音。
118183,3407,万占鸿,2019-10-22 07:31:33,4,4,0,很奇怪的老师
159325,3407,万占鸿,2022-07-13 01:56:44,10,10,0,真恶心，40度的天让我们来一个和海洋没有任何关系的地方，sb
159388,3407,万占鸿,2022-07-15 14:59:55,7,7,0,实习去的地方感觉完全是自己想去，和工作人员聊的很开心，最后要交啥也不讲清楚，日记？1w字报告？算了，我是傻逼
160377,3407,万占鸿,2022-09-21 01:20:49,1,2,1,口音奇怪
168094,3407,万占鸿,2023-01-26 15:33:20,1,1,0,。。。
178582,3407,万占鸿,2023-07-15 08:19:51,8,9,1,不要和海洋结构物概论搞混了，那门课简直是垃圾中的垃圾，万老师上的海洋结构动力学相对来说很友好：开卷考试60%，几乎都是教材/ppt原题，考前看一遍书基本能找到位置，平时40%因为今年只有4个人选所以几乎白送，平时会口头布置作业但不强制交（虽然没人做的话老师会有点失望），总之体验还挺好的，而且确实学到一些很有用的东西。\n\n至于饱受诟病的大二暑假专业实践，万老师只负责带队啊，行程是海院安排的。
178737,3407,万占鸿,2023-07-21 03:09:39,2,2,0,纯纯的啥比
51386,3481,刘小为,2017-06-04 06:39:19,1,1,0,hhh
109165,3481,刘小为,2019-06-11 01:35:03,4,6,2,畜牲一样
120250,3481,刘小为,2019-11-26 07:57:56,1,3,2,nmsl
153544,3481,刘小为,2022-05-04 11:32:27,0,2,2,建议这门课的助教分组的时候能给一张表，能不能走点心？
154323,3481,刘小为,2022-05-30 07:11:53,0,1,1,刘老师课讲得很好，但是最后考试给的分数感人。
158070,3481,刘小为,2022-06-26 15:52:15,2,3,1,明天实习了今天啥通知没有，什么牛马
182074,3481,刘小为,2023-11-09 12:46:49,2,2,0,刘老师的工程项目管理非常好，大家都快来选吧！！！
183820,3481,刘小为,2023-11-30 11:59:41,0,0,0,。。。。
196894,3481,刘小为,2024-07-05 21:36:32,0,0,0,😅😅😅
196922,3481,刘小为,2024-07-06 02:24:42,0,0,0,出生，给分低到死
199938,3481,刘小为,2024-10-09 02:14:14,0,0,0,还可以
210556,3481,刘小为,2025-01-09 10:42:23,0,0,0,。。。。
75215,3496,黄慧,2018-03-08 04:35:33,-35,1,36,很好
132394,3496,黄慧,2021-02-01 09:13:14,-28,6,34,讲得挺好给分也非常不错……就是考试太灵活了我也不知道写了些啥……
150328,3496,黄慧,2022-01-22 13:52:40,31,32,1,海洋传感技术：\n\n讲课不知所云，作业比较硬核，给分很一般。\n\n如果不是为了凑学分千万别选。
150547,3496,黄慧,2022-01-30 00:27:19,36,37,1,快跑！
154132,3496,黄慧,2022-05-24 08:21:21,40,42,2,2022年3月，两名已通过考研复试，导师确认为黄慧的学生果断放弃入学资格，并为第二年的考研做准备。\n\n言已至此，慎重！
164882,3496,黄慧,2022-12-27 08:12:17,7,8,1,伞兵海洋传感技术😅
164924,3496,黄慧,2022-12-28 00:02:42,5,6,1,sb一个
165171,3496,黄慧,2022-12-29 16:53:29,4,5,1,sb一个
165349,3496,黄慧,2023-01-02 05:55:53,6,7,1,上课不好好准备念PPT，快要期末考试了才想到要布置作业！
165449,3496,黄慧,2023-01-06 07:32:50,7,8,1,上课真差
173169,3496,黄慧,2023-05-15 01:18:51,5,6,1,傻呗一个
183375,3496,黄慧,2023-11-24 12:03:11,14,16,2,现在海院的老师都已经进化到懒得自己念ppt了吗。。。。每节课喊学生起来念ppt，闻所未闻，见所未见。上课给人一种不太专业的感觉，每次这位老师想拓展一些ppt上面没有的东西的时候都会卡壳。。
183959,3496,黄慧,2023-12-05 01:48:04,3,4,1,sb一个
185125,3496,黄慧,2023-12-26 12:00:36,3,5,2,shi，太sb了还随机分组
190174,3496,黄慧,2024-02-24 08:00:08,0,2,2,海洋传感技术，烂课；凑学分可选，给分还行
217555,3496,黄慧,2025-04-13 05:43:39,2,2,0,你要是外校考研海院  不知道情况 被骗入黄老师手下 还可以理解；\n\n\n\n你要是浙本读研，导师还选黄慧，其他人知道了能笑你一辈子
191446,3502,李薇,2024-04-22 13:55:13,0,2,2,傻逼。
216240,3502,李薇,2025-03-12 15:39:33,0,0,0,很好的老师
218018,3502,李薇,2025-04-19 07:33:03,0,0,0,人很好
89306,3506,郭真祥,2018-11-18 08:46:30,0,0,0,虽然偶尔很严厉，但绝对是负责的好老师，相信上过船舶原理的同学深有同感！
22437,3522,肖溪,2016-03-05 12:18:06,-1,8,9,人超好！！
132123,3522,肖溪,2021-01-30 12:06:08,-1,6,7,美女老师就是作业多了点（狗头）人太少上起课来就有点尬不是老师的问题
145494,3522,肖溪,2021-12-30 03:46:19,-7,3,10,非常好的老师 我爱了
150449,3522,肖溪,2022-01-25 11:59:45,-6,2,8,满分！来海院遇到的为数不多的好老师！\n\n美女老师课好给分好！
158636,3522,肖溪,2022-07-01 02:15:34,3,8,5,纯纯脑瘫
159515,3522,肖溪,2022-08-01 00:21:47,4,11,7,纯纯脑瘫
181514,3522,肖溪,2023-10-20 06:32:11,-1,4,5,为什么老师总是打扮的很孩气？跟学生站在一块的时候这个穿衣风格毫不违和，装嫩吗？
198516,3522,肖溪,2024-09-09 11:29:56,0,0,0,爱你爱你，肖老师最棒！
198849,3522,肖溪,2024-09-12 07:05:10,0,0,0,在海院一群卧龙凤雏中算很够意思的了（）
217535,3522,肖溪,2025-04-12 13:35:59,0,0,0,希望海洋沉积地球化学能纳入国际化：)))
218831,3522,肖溪,2025-05-07 10:55:53,0,0,0,避雷海洋沉积地球化学，cs里的cs
47486,3532,王英民,2017-01-28 00:21:54,0,0,0,超可爱的老师，老顽童
58661,3533,刘淑霞,2017-09-13 03:21:20,0,0,0,爽  人很随和
98629,3545,王品美,2019-01-23 16:17:57,-2,4,6,美美老师会在实验课拖堂的时候请全专业吃黄焖鸡哦
121274,3545,王品美,2019-12-24 15:50:01,-3,3,6,舒适，自然
134571,3545,王品美,2021-04-02 07:03:52,-4,2,6,老师孕期挺着大肚子，还给我们讲课，让人不得不salute
158835,3545,王品美,2022-07-02 13:44:11,1,5,4,老师很负责很好啊
162586,3545,王品美,2022-11-26 16:27:57,0,1,1,很负责很好
164203,3545,王品美,2022-12-19 07:36:03,1,2,1,班主任姐姐捏
181507,3545,王品美,2023-10-19 11:54:57,8,10,2,王老师真的是没得说，整个浙大都找不出来几个这么好的班主任
201095,3545,王品美,2024-10-28 13:01:56,1,1,0,海院为数不多的好人
215222,3545,王品美,2025-02-24 12:27:19,0,0,0,人美心善好老师！
218151,3545,王品美,2025-04-21 13:49:33,0,0,0,大善人+好导师！！！
150341,3597,黄煜,2022-01-23 00:47:09,7,7,0,流体力学实验老师。\n\n一上来就让我们课下预习，上课什么都不讲直接就让我们做实验，还鼓励恶竞，说什么手写可以得高分。\n\n实验设备一言难尽，每次都要花大量时间去判断仪器能否正常工作，实验考试随便糊弄两道1+1=2的题滥竽充数，最后给分大绩杀。\n\n建议这样的牛马老师滚出海院，这样的课我上我也行。
150533,3597,黄煜,2022-01-29 05:20:31,7,7,0,这是什么傻鸟老师？？
150576,3597,黄煜,2022-01-31 00:29:45,7,7,0,操你妈傻逼玩意儿😅
190226,3597,黄煜,2024-02-26 06:01:06,0,0,0,没上过他的实验课，上过流体力学中静力学部分\n\n老师还可以，但是留作业太随意，课讲的也还行吧，和其他牛马老师比算是不错的了
191372,3597,黄煜,2024-04-18 17:26:16,1,1,0,老师还是挺照顾的， 因为在别的校区学习，平时做实验不方便，老师也最后也花时间帮忙指导补做了一下实验，流体力学是难得学的还不错的课
18520,3605,宋丹,2016-01-22 01:39:21,31,32,1,这个会考个简答题，这是个名词解释，这里有填空。。。。
19193,3605,宋丹,2016-01-23 12:44:51,-12,14,26,轻松考试简单
150056,3605,宋丹,2022-01-18 15:17:38,19,31,12,垃圾中的垃圾，给分差的一匹，一分都不调。\n\n海院的课还真是奇葩，期末直接照搬人家其他学校的期中考试卷，被当作重点的后四章几乎没怎么考，反倒你妈出一堆要背诵的概念题来故意拉分，我看你妈真是个nt😅。
150243,3605,宋丹,2022-05-18 05:32:31,-20,19,39,好老师！
150577,3605,宋丹,2022-01-31 00:30:26,6,19,13,傻逼玩意儿😅
153958,3605,宋丹,2022-05-18 04:27:44,5,17,12,傻逼一个
153963,3605,宋丹,2024-11-17 14:33:43,11,22,11,很坑很坑，远离~
158880,3605,宋丹,2022-07-03 03:55:17,3,13,10,畜牲一个
170381,3605,宋丹,2023-03-03 09:28:53,6,6,0,这 就 是 绩 杀
170870,3605,宋丹,2023-03-11 02:22:18,11,11,0,讲课不好，给分不好，原本在保研线内硬是被这老师给拽了出来，唉
173447,3605,宋丹,2023-05-24 22:26:34,4,5,1,牛马一个
173580,3605,宋丹,2023-05-29 10:05:14,6,7,1,牛马一个
178787,3605,宋丹,2023-07-22 14:35:38,15,16,1,给分确实不好，深有体会\n\n希望看到这条的海院学弟尽早规划好跑路的方案，不要被这蠢驴学院误了终生
197757,3605,宋丹,2024-08-10 03:45:40,-4,0,4,大洋环流和区域海洋学\n\n这两门课在物海的选修课里算比较硬的，老师上课略有些催眠，好在逻辑清晰，复习还是比较容易的，整体学下来也有所收获。\n\n由于是选修课，没考试，给分基本都靠互评展示，大伙比较团结，所以分数都还行
215370,3605,宋丹,2025-02-25 12:07:29,6,6,0,建议避坑🤮🤮🤮
61878,3611,郑豪,2017-11-21 10:48:30,0,0,0,好烦啊
116263,3611,郑豪,2019-09-06 23:51:59,0,0,0,专业正态三十年
136013,3615,佟蒙蒙,2021-06-25 09:46:43,20,22,2,实验报告事情贼多，都写完了才讲要求，一个实验做十天，简单重复，贼无聊。
139811,3615,佟蒙蒙,2021-07-28 05:58:56,16,18,2,这老师是真的垃圾
139836,3615,佟蒙蒙,2021-07-30 17:06:52,21,24,3,傻逼，第四课堂都在恶心人。三个小时里点三次名就为了纠几个人出来不给第四课堂学分。
155485,3615,佟蒙蒙,2022-06-13 13:07:01,11,15,4,属于是垃圾中的垃圾，实验报告屁事贼多，而且节节课都拖堂，好像我们不用上剩下的课一样了，煞笔，然后以后的学生上她的课记住她考试考的是她上课的原话，注意是原话，差一个字都不行，要扣分的，总之就是煞笔，把生态学上成初中政治，牛逼。
157172,3615,佟蒙蒙,2022-06-22 07:06:43,13,14,1,大SB
168034,3615,佟蒙蒙,2023-01-23 09:31:54,6,6,0,tm研究生课作业打分纯看心情？您批那么多份作业合着每个作业就花几秒是吧？\n\n辛辛苦苦看那么多跟本人方向毫无关系的文章来给您做一个课程小作业，纯纯地浪费时间和生命。\n\n早知道还不如抄作业然后让您打个0分或者压根儿别做作业:-)
188286,3615,佟蒙蒙,2024-01-18 14:42:29,4,6,2,纯纯的剑冢，为你那破作业查了一堆傻逼文献，最后给个及格分。最后展示也是根据自己喜好打分，搞不懂为啥一个7个老师开的研究生课最后就两个老师展示打分，而且你不认同的观点就打低分，纯nm傻逼，勾八女人面相看上去很强势，慎选
205502,3615,佟蒙蒙,2024-12-08 05:51:20,0,0,0,纯纯大sb
208704,3615,佟蒙蒙,2024-12-31 06:02:45,0,0,0,应用海洋科学这门课不会开可以别开，让一群研究方向八竿子打不着的研究生去听你讲两节课的生物药物生态化学地质基础知识，毫无收获，给分也很烂
221316,3615,佟蒙蒙,2025-06-23 02:18:02,0,0,0,本学期本科生《海洋生态学及实验》经过版本更新已经修复了诸多BUG，现已非常人性化
51989,3624,陈振纬,2017-06-14 04:32:38,5,5,0,不知所云
75282,3624,陈振纬,2018-03-08 12:32:26,5,5,0,还能更差点...？
82100,3624,陈振纬,2018-07-07 06:19:35,5,5,0,什么沙雕老师
82102,3624,陈振纬,2018-07-07 06:21:47,-14,1,15,不跟陈老师读研简直是人生一大损失。海院首屈一指的老师
92421,3624,陈振纬,2018-12-28 12:54:49,-11,1,12,大神老师，一定要选他做毕设啊。
141526,3624,陈振纬,2021-10-13 07:39:30,7,7,0,谁会给陈振纬打10分啊？？？本人吗？？？快跑啊！！！！
143019,3624,陈振纬,2021-11-18 08:31:25,12,13,1,每当我认为某一个老师堪称浙大最差时就会有一个新的老师来刷新下限，相信不会再有比陈振纬更差的了
151658,3624,陈振纬,2022-11-05 10:31:34,4,6,2,离谱至极
161650,3624,陈振纬,2022-11-10 03:59:30,4,4,0,。。。。。
181595,3624,陈振纬,2023-10-24 02:38:40,4,4,0,抽象\n\n—请个同学起来回答问题\n\n—老师，我不知道\n\n—不清楚啊，那没关系，这个我们还没讲到
182592,3624,陈振纬,2023-11-18 03:12:34,3,3,0,没有听过陈老师的课，那么我只能说你只能度过一个相对失败的大学生活。现在站在你面前的是，疑似大学老师，“冒111充”浙大教授，只能进行简单的播放ppt功能的陈振纬副教授，我只能说这门课能开到现在，你我都有不可推卸的责任。课程不是双语教学的，文字是英文或者繁体的，ppt能在百度上搜到一模一样的，换个背景，公式推导是不讲的，只能详见教材的，什么，你问教材，emmm，还在娘胎里。最抽象的是，您好像不知道这门课有实验是吧，怎么比我们还外行啊，真的清楚自己在教什么吗？
183701,3624,陈振纬,2023-11-29 01:47:03,2,2,0,老师和这门课不是很熟的样子
190499,3624,陈振纬,2024-03-06 04:24:55,1,1,0,这位更是重量级
36159,3640,黄豪彩,2016-11-10 15:50:33,-18,14,32,黄所讲的非常好呀，有条不紊，给了例子概念马上就清晰了，课下也乐于帮助我们
59743,3640,黄豪彩,2017-09-26 11:38:23,18,20,2,呵呵\n\n
63500,3640,黄豪彩,2017-12-05 09:15:08,28,32,4,我们来例行小测一下～小试牛刀一下～热身一下...
99720,3640,黄豪彩,2019-01-25 05:43:53,-26,3,29,这些都是很好的资源，建议大家都选
119244,3640,黄豪彩,2019-11-11 19:32:04,25,26,1,自动控制原理，几乎每次上课都小测，课后有非常多的思考题要做成报告和PPT进行展示。课堂授课几乎是对着PPT念，课下再花精力看一遍课本倒也能跟上。\n\n但是思考题往往是与教学计划内容有一定联系，但拓展到非常深度的题目，且量很大，总的来讲课程体验非常不好。
125668,3640,黄豪彩,2020-09-12 23:36:23,-21,6,27,好！！！
126941,3640,黄豪彩,2020-10-29 02:06:17,-18,5,23,讲了很多知识
128197,3640,黄豪彩,2020-12-12 05:13:57,24,25,1,给分很差
145588,3640,黄豪彩,2022-01-03 00:59:49,22,29,7,傻逼玩意😅 。\n\n整天布置的作业是隔壁班两倍还多。\n\n另外，自控班上那个叫黄朴文的东西，你以为你自己多厉害啊？？是老师上课还是你上课啊，不懂就别搁那叫😅
146821,3640,黄豪彩,2022-01-21 10:16:32,25,29,4,PPT其实做的还可以，基本解题就按照PPT上的套路往下做，上课要点名和小测，给绩点能不能多给一分啊……卡绩点有意思吗……麻了！
150227,3640,黄豪彩,2022-01-20 15:56:36,27,29,2,讲课还行，给分差到极致，还故意把每一位同学都调成卡绩的分数，私聊询问老师问题，永远都是已读不回，回复就是嘲讽你上课没认真听。很难想象这种人是怎么当上浙大老师的😅
150406,3640,黄豪彩,2022-01-24 13:32:00,33,41,8,卡绩是真的难顶…\n\n上课基本念PPT，布置作业多是课上不讲的超纲题目，估计老师都没看过…\n\n期末考试还算比较友好\n\n最后，真诚建议选另外一个班的自控，真的
150575,3640,黄豪彩,2022-01-31 00:28:50,38,55,17,强烈建议取消这位老师的职称。\n\n上完唯一的收获就是看清了浙江大学海洋学院金玉其外败絮其中的真相，一众所谓杰出人才皆欺世盗名之徒，这位老师更如跳梁小丑一般哗众取宠，真乃百年求是之大耻！
159267,3640,黄豪彩,2022-07-10 02:29:03,29,30,1,脑缠一个。
178558,3640,黄豪彩,2023-07-14 12:33:54,25,27,2,奴才一个😆这个porn baby一有讲座就算主讲人体谅学生想早点结束也要搞同学提问之类的飞机给领导挣面子，明显是跪多了不知道怎么站了。这种奴才多了哪哪都会乌烟瘴气的
184328,3640,黄豪彩,2023-12-17 12:52:51,15,16,1,垃圾老师，你早点去死吧
189701,3640,黄豪彩,2024-01-27 05:40:29,9,12,3,衣冠禽兽
189999,3640,黄豪彩,2024-02-07 11:21:35,-9,0,9,好，好，好
192513,3640,黄豪彩,2024-05-22 09:46:36,9,9,0,莎伯一
193543,3640,黄豪彩,2024-06-12 16:29:42,4,4,0,傻逼哈哈
197391,3640,黄豪彩,2024-09-29 10:47:40,15,15,0,上的老师海洋机器人导论，导论课懂得都懂，和另一位老师一起来上的，感觉上完基本没什么东西掌握，非常浅。课程要求同学们去调研三种新型海洋机器人，最后做一个汇报，要求是让我们有很多想法，后来展示的同学都很厉害，包括浙大的水下直升机、伍兹霍尔的remus系列等等，也有很多的创新点。但是每次问老师问创新点，他都说“只要有想法就行了”，挺难绷的，不知道具体要求是怎样。最后6.21结束课程ppt、报告等作业，成绩到现在还没什么出。非常中庸的老师\n\n…………………………………………………………………\n\n牛魔的，导论课给3.9是吧，什么sb
197754,3640,黄豪彩,2024-10-04 11:29:47,13,20,7,是不是漂亮的女生睡一晚就轻松满分了
198024,3640,黄豪彩,2024-08-25 11:25:16,10,10,0,上了这个老师的海洋机器人基础课。总的来说，没什么用，我觉得老师本人的人格魅力和这门课也是非常的契合，都是一坨。上课就是自嗨，然后上课还公然说转专业的人是没有眼光的，海洋也多好多好，讲情怀是吧，真没意思。你怎么不想想为什么海院留不住人，找问题就喷学生，像您这样子的海院老师，当然了，怎么会有问题呢，海院老师最棒了。出分也是，期末就PPT和报告，你从六月三日开始看，八月二十五才出分，什么速度啊，我奶奶来看出分都比你快。如果是海洋的小朋友来查老师的，我的建议是海洋导论完全是一门可以选的课，内容没有，随便水水，给分也不差。这门课就算了，内容没有，给分还差的一批。哼？海洋，还不快跑！这个学院不值得你们待。
198132,3640,黄豪彩,2024-09-01 16:49:11,3,3,0,海洋机器人基础给分巨烂，我真服了快跑
198816,3640,黄豪彩,2024-09-12 02:15:15,6,6,0,说话都不利索，课怎么听得下去啊。
199066,3640,黄豪彩,2024-09-30 03:25:51,4,5,1,黄狗，谄媚逢迎的奴才之辈，对学生犬吠，对领导狂摇尾巴
199878,3640,黄豪彩,2024-11-20 03:26:36,0,5,5,仅从自控课程来看还算可以吧
200158,3640,黄豪彩,2024-10-14 07:27:34,4,5,1,垃圾鼓励一下
209210,3640,黄豪彩,2025-01-05 04:55:46,3,4,1,你是老年痴呆了吗？你自己说期末卷会给公式的，结果一个没给？
217507,3640,黄豪彩,2025-04-12 01:28:09,2,2,0,以大黄狗为代表的很多短命儿东西评了教授就忘了自己做学生的时候，做了领导就忘了自己当下属的时候。说白了学生就是下等人，只能在网站怒喷什么也改变不了，坐在他这种位置的人不需要考虑学生。\n\n可悲的是，大多数时候贤能就不是任用人的标准，你像黄狗一样从给大领导当奴才做狗开始才有油水吃🫥\n\n“那我不成了跪着要饭的吗”\n\n“就这，多少人想跪着都没有门路呢”\n\n各位以后如果能在学术界有所成就或者在单位当了领导哪怕只是当了父母，也请多想想自己以前被管控恶心的时候，多体谅一下晚辈下属吧
219110,3640,黄豪彩,2025-05-21 15:10:39,1,1,0,上此老师的课，门门卡绩。
219658,3640,黄豪彩,2025-06-03 11:27:09,1,1,0,黄狗黄狗黄狗黄狗黄狗黄狗黄狗黄狗黄狗黄狗黄狗黄狗黄狗
39700,3649,葛晗,2016-12-27 04:48:07,-9,8,17,棒棒哒
48266,3649,葛晗,2017-04-22 03:32:30,12,21,9,上课就是喜欢漂亮小姐姐所以特别努力听讲的感受，然而小姐姐的英文口语感觉除了声线很美，声音超嗲之外，我就只剩下黑人问号脸了～\n\n
48995,3649,葛晗,2017-03-21 06:05:49,1,14,13,海概课讲得不好，有题目没解答，准备很不充分，感觉没把教书当回事，浙大有这样的老师，挺失望的
49538,3649,葛晗,2017-04-18 05:05:22,9,13,4,海概课，首先是课堂内容，主要是在读全英ppt，当然，作为双语课还是会用中文解释的，然而这些有道、维基百科、度娘做得更好……其次，学生关心的考试，考试形式题型范围含糊，没有解释清楚，大大增加备考难度，另外小组作业要求同样含糊，展示前几天又新增要求，然而这个要求简直可以把有些组的主题都给判死刑了……
49649,3649,葛晗,2017-04-21 12:54:14,-11,6,17,老师上得非常好   别被那些人误导
49738,3649,葛晗,2017-04-25 05:18:34,-6,6,12,老师声音嗲嗲的，超可爱
51227,3649,葛晗,2017-05-24 15:47:18,8,10,2,你真的是老师嘛～
63441,3649,葛晗,2017-12-04 06:44:54,5,6,1,船舶英语不知道上的什么玩意儿\n\n听写是简直了
85889,3649,葛晗,2018-08-25 05:14:22,3,7,4,除了声音嗲，没啥优点
116326,3649,葛晗,2019-09-08 10:27:51,-4,3,7,老师超可爱~海概课本身就是个大坑，感觉老师有努力在讲了
124919,3649,葛晗,2020-07-20 10:48:33,-6,2,8,有老师的照片吗，想看哎
193521,3649,葛晗,2024-06-12 08:25:31,5,5,0,呵呵了，
193659,3649,葛晗,2024-06-15 03:57:20,15,16,1,怎么说呢，海洋调查方法期末闭卷，牛逼
193691,3649,葛晗,2024-06-15 12:10:13,28,28,0,第一次评论一个老师，是真的很离谱，海洋调查方法这门课抽象得脱颖而出，一门3学分的课平时有作业，期末要小组展示，还要写小组报告。平时不安排出海，期末了才做湖试和海试，还有那个虚拟仿真实验也是期末才搞得，还要写实验报告，实验报告以个人为单位，连个模版都没有。还有闭卷考，闭卷考这个老师怪学生不听她课，都不给考试范围，也不给ppt，平时上课就天天破防，也不看看自己讲什么样，不知道学生怎么惹到她了😅。
193702,3649,葛晗,2024-06-15 16:48:09,30,31,1,葛晗简直就是同时辱没了清华和浙大，到这个年纪了上课还是纯念ppt，自己讲的烂还跟小学老师一样上课上一半破防，不发ppt、考试改闭卷，纯折磨学生。\n\n\n\n她要是年轻20岁，我可以说是没经验给她点面子，清华高材生活到这把年纪了，上课上成这种鬼样子，我只能说是态度有问题。给1分不谢，即使在海院也是烂的出类拔萃的。
193833,3649,葛晗,2024-06-20 04:17:40,21,21,0,这次不评价海调这门课了，就是来针对Gehan的。据说海调期末考试的闭卷考是你定的，人家cjw好歹给学生开卷考。你tm定闭卷考也就算了，隔壁lpl至少还会给一个重点提纲，你tm就啥也不给，就说考试范围就是我上课讲的内容，谁tm不知道考试范围是老师上课讲述的内容，你这说了没说有什么区别？上课就是永远摆着个臭脸，纯念ppt，还质问学生为什么不听课？你tm配么，就你这讲课水平，狗都听不下去。还有都四十多岁的大妈了，也别整什么可爱风了，搞得怪恶心的，用着打扮的精力好好备备课会死么？咱就是一句话：不想上课就立马滚蛋，别tm留着祸害下一届了。😅😅
193875,3649,葛晗,2024-06-20 11:32:48,13,13,0,海钓闭卷期末考的鼻祖，因没人听课而破防第一人
193939,3649,葛晗,2024-06-21 02:54:18,22,23,1,挺无语的就是，头一回见有老师因为学生不听她讲课而破防的，先看看自己课讲得怎么样再说吧。。。。纯念ppt，什么都学不到。破防完了还把海调期末改成闭卷，折磨学生有什么意义呢？？？人lpl好歹还给了个提纲
193950,3649,葛晗,2024-06-21 04:13:51,8,8,0,脑回路和zsy有得一拼，如果真的是她提出的闭卷的话哈哈哈
193953,3649,葛晗,2024-06-21 05:11:06,10,10,0,听说就是你定的海调期末闭卷，牛逼
194025,3649,葛晗,2024-06-21 12:55:39,37,38,1,表弟今年高考打算去读清华的，后来听说gehan是清华毕业的，就对清华的印象很差，把第一志愿直接改成北大了。
194029,3649,葛晗,2024-06-21 13:04:02,59,63,4,清华大学在6月3号邀请我的父亲去那边当长聘教授，结果我tm邀请我父亲周三来舟山玩，我父亲旁听了gehan的课程，觉得清华大学的人才培养模式有严重的问题，结果我父亲现在接受了新加坡国立大学的邀请。现在我一年只能见我父亲一次。我只能说gehan你tm真牛逼，不仅让海调这门课风评变得更差，还对别人温馨的家庭造成了影响。
194056,3649,葛晗,2024-06-23 11:02:19,13,16,3,我听说海院有个老师，拿着和别的课程一模一样的ppt，里面的错误也没有改改，上课直接就照着念了。\n\n而且你知道吧，那个老师念ppt就算了，毕竟大家都知道她不懂。结果她还因为没人听破防了。\n\n嗨呀，我就不说是谁了(｡･∀･)ﾉﾞ\n\n（复习的时候发现声学部分ppt和水声学wdl的ppt几乎一样。。）\n\n（考完试了，发现上课内容，考试提纲，历年卷，期末卷四者正交，不能说不搭边吧，只能说毫无关系。有这复习时间不如多看看别的课）
194076,3649,葛晗,2024-06-22 01:47:07,11,12,1,你和zsy真是天作之合😓
194094,3649,葛晗,2024-06-22 06:11:59,2,2,0,楼下评论的意思是今年海钓开了三个教学班吗？不是一共就六七十个学生修这课么，去年都是一个大班上课的
194103,3649,葛晗,2024-06-22 04:05:45,21,21,0,海调是这样的，同学只要考虑平时作业，小组合作，ppt展示，出海实验，仿真实验，实验报告，闭卷考试就行了，但是老师要考虑的就多了，用什么样的方法念ppt，多久看一次钉钉，都需要仔细斟酌。
194104,3649,葛晗,2024-06-22 04:06:38,6,6,0,沟槽的公式秒了
194114,3649,葛晗,2024-06-22 05:11:11,12,12,0,在gh出现以前，打死我也不会想到海技大三了竟然还能有这种纯背书的闭卷考……
194202,3649,葛晗,2024-06-22 12:47:03,9,9,0,老师您是s吧
194209,3649,葛晗,2024-06-22 13:30:43,15,15,0,每两小时来看一遍怎么骂你的才能支撑我背下去
194239,3649,葛晗,2024-06-23 00:55:49,18,18,0,在考试前一小时我想说，人善被海调欺，人善被葛晗欺啊
194245,3649,葛晗,2024-06-23 01:16:59,19,20,1,葛晗，老师中的nt，nt中的老师，nt中的支配者，nt中的统治者，nt之主nt的终结者 王！背书之王！大师！！破防大师！压倒性的破防之s！海洋调查方法史上永垂不朽的巅！！峰！！！
194256,3649,葛晗,2024-06-23 02:09:10,10,11,1,葛晗是海洋学院最垃圾的老师之一。同时她也是海洋学院最垃圾的女老师，没有之一。
194269,3649,葛晗,2024-06-23 04:35:28,22,23,1,葛老师，别人都在骂你，但我非常同情你。我的发小以前也这样，整天闷闷不乐，毫无精气，且最重要的是报复社会的倾向非常明显。后来她妈妈带她去了浙大一院的杨建中主任那边看心理疾病，杨主任的妙手最终治好了她的精神疾病。老师我建议您也去杨主任那边看看，杨主任的上班时间是周二和周六，挂号费有点贵的。老师您要是看不起病可以去众筹一下。真的老师您的报复社会倾向指标很高，再不看可能要在海院闹出事了。
194271,3649,葛晗,2024-06-23 04:41:16,22,22,0,在海洋调查方法，你甚至可以在考前十五分钟得知考试题型😋
194273,3649,葛晗,2024-06-23 04:50:27,14,20,6,海洋调查方法 x\n\n海洋思政理论 ✓\n\n考前十分钟骄傲地和大家说咱们这次考试只有简答和论述很开放的（前两天钉钉问你范围倒是不读…
194301,3649,葛晗,2024-06-23 07:16:37,14,15,1,强烈建议评选这位老师为院士。\n\n上完唯一的收获就是领悟了浙江大学海洋学院重剑无锋大巧不工的风范，一众所谓普通教师皆学界栋梁之才，这位老师更是如扫地僧一般隐姓埋名，真乃百年求是之荣耀！\n\n建议老师去研究”报复心理学”
194347,3649,葛晗,2024-06-25 04:50:38,23,23,0,水机乞 丐詹舒越。破防萝 莉葛晗。开源代码李培良。小小老师李爽。海院四大天王名不虚传。
196433,3649,葛晗,2024-07-03 10:25:35,4,4,0,哈哈哈
205924,3649,葛晗,2024-12-12 17:25:17,3,4,1,有一说一，她课我没上过，不过我在她那做毕设，她带毕设还是可以的，挺维护自己学生的。答辩的时候她本来可以选择沉默（海院奇葩到让给课题的老师参与自己带的毕业生的结题答辩）但是她还是直接帮我回答了我不太能回答的问题（船舶所一个傻逼老师觉得我半年干不了那么多事，纯纯sb）。
156179,3660,徐金钟,2022-06-18 05:10:47,5,7,2,感谢老师不挂之恩
221315,3660,徐金钟,2025-06-23 02:16:43,0,0,0,不点名，上课大家都没咋听懂看回放也有点糊涂TT（自己确实没学）最后出题比较人性化，感谢老师不挂
41655,3666,焦磊,2017-01-12 10:01:32,8,8,0,老油子，辣鸡到不行啊，以上他的课浑身不舒服啊!
55739,3666,焦磊,2017-07-02 09:57:28,6,6,0,垃圾老师，自以为了不起，坑学生!
57721,3666,焦磊,2017-07-13 02:03:36,7,7,0,什么破玩意，负分滚粗好吗？
94089,3666,焦磊,2019-01-15 07:10:22,-19,2,21,焦磊老师认真负责。对所有学生的毕设都会认真指点，管得不严而且布置的工作量往往出乎意料。大家毕设记得选焦磊老师啊。
115621,3666,焦磊,2019-08-10 13:47:30,8,8,0,真 什么都不懂就敢瞎说啊
151654,3666,焦磊,2022-03-10 11:26:58,7,7,0,。。。
151656,3666,焦磊,2022-03-10 11:30:51,13,14,1,这不是我原化机所大聪明嘛，跟他做本科毕设的时候，他那档子烂事所里人尽皆知，还在带学生呢？
151657,3666,焦磊,2022-03-10 11:45:51,9,9,0,大家都说他“教做人”，搞人很有一手，建议躲他远远的
152196,3666,焦磊,2022-03-30 03:49:44,11,11,0,只能说懂的都懂...望慎重
152198,3666,焦磊,2022-03-30 03:57:55,7,7,0,神坑，巨tm坑
161286,3666,焦磊,2022-11-03 14:01:28,10,10,0,真的是无语了，nt中的nt，1.5学分的课，五个作业，一个论文，一个展示，还要期末考试，无语
161476,3666,焦磊,2022-11-07 12:15:44,11,11,0,海洋结构物概论一生之敌，1.5分选修课，每周作业+论文+展示+闭卷考试+堂堂点名回答问题...作业很多计算题(上课讲不明白，要自己查公式...)，最后还有一道操作题(程序几乎自学...)，展示的前一天晚上加要求，展示当天时间安排不足拖堂，论文参考范文给了一篇武汉理工大学的论文??麻了，真麻了...别选...别选...别选...
161693,3666,焦磊,2022-11-10 13:51:16,9,10,1,伞兵海洋结构物
182335,3666,焦磊,2023-11-15 02:11:07,5,5,0,海洋结构物概论千万别选，这是我最后的波纹了
182593,3666,焦磊,2023-11-18 03:09:39,6,6,0,您能继续上这门课真的得谢谢陈振纬老师，教学水平全靠同行衬托，真就是概论课，概而不论，相比于另一个抽象怪，您最大的优势在于拥有一份自己做的ppt，上着2.0学分的课，做着5.0学分的事，小组展示，课程论文，实验，闭卷考，这玩意能不能闭卷你心里没点ac数吗？属于是不知道在上什么，没有一个完整的体系，盲目相信学生的创造力，没点底蕴真上不来这课的。
183697,3666,焦磊,2023-11-29 01:37:38,5,5,0,海洋结构物概论沟市一般
183700,3666,焦磊,2023-11-29 01:45:46,5,5,0,2分还是高了
190394,3666,焦磊,2024-03-06 04:23:04,8,8,0,快润，讲课一坨，海洋结构物概论你可以做课后感想，计算题，文献阅读，实验报告，课程论文，ppt展示等各种作业，还有实验和上机课，期末考试闭卷出题也有点离谱。至于给分，知道的是考出来的，不知道的还以为是捞毕业生呢。下学期有很多不错的选修课，修够培养计划绰绰有余，选修课不急于这一时
116203,3689,邸雅楠,2019-09-06 06:53:27,-13,4,17,还行吧
118455,3689,邸雅楠,2019-10-27 07:04:01,-14,3,17,t q l
136014,3689,邸雅楠,2021-06-09 09:15:38,-17,3,20,比起隔壁好多了
139865,3689,邸雅楠,2021-08-04 08:24:43,14,24,10,何梓桐是个什么玩意？？你寄吧谁呢？？\n\n遇到这样的人差不多得了😄😅
158278,3689,邸雅楠,2022-06-28 03:49:10,11,15,4,压迫感
159839,3689,邸雅楠,2022-09-05 15:26:56,-11,3,14,是会在实习后给我们买棒棒冰的神仙老师！老师人真的很温柔！
160174,3689,邸雅楠,2022-09-14 07:20:26,13,14,1,适合选课 但不适合选作导师 非常非常push
181693,3689,邸雅楠,2023-10-28 08:54:25,14,15,1,盲猜某研究生又在pyq狗叫了😅
198020,3689,邸雅楠,2024-08-24 12:44:51,5,5,0,挺好的姐姐，班主任挺会活跃气氛的
218150,3689,邸雅楠,2025-04-21 13:48:15,2,2,0,海洋生物学这门课是不可多得的可以学到有用知识+有趣味的好课，但是平时学得多有趣到准备英文考试的时候就有多痛苦TT
219883,3689,邸雅楠,2025-06-09 22:55:43,1,1,0,作为班主任真的没话说，满分奉上！
23946,3691,宋春毅,2016-04-22 04:10:54,-6,5,11,老师超好！
159967,3691,宋春毅,2022-09-10 10:43:36,-1,4,5,好老师！！！
160005,3691,宋春毅,2022-09-11 12:34:22,-2,2,4,老师非常好，关心学生，给分也好
180085,3691,宋春毅,2023-09-20 09:18:53,1,1,0,请以事实为依据，公正为准绳。
181310,3691,宋春毅,2023-10-13 20:22:19,5,9,4,垃圾老师
17417,3696,范佳佳,2016-01-20 07:39:32,0,1,1,上课不知所云打分不知所谓
17602,3696,范佳佳,2016-01-20 13:05:26,0,0,0,还口以
47473,3696,范佳佳,2017-01-27 13:53:57,0,0,0,只喜欢上课和她互动的学生
23273,3700,吴斌,2016-03-23 10:54:00,5,13,8,自来卷萌萌哒
23274,3700,吴斌,2016-03-23 10:58:23,6,13,7,讲课略平缓，长得萌萌哒，看起来很年起
34918,3700,吴斌,2016-10-26 12:41:32,0,4,4,挺好的~有点冷幽默 哈哈 听他的课收获蛮多的
49320,3700,吴斌,2017-04-05 07:17:24,1,5,4,好老师!
84037,3700,吴斌,2018-07-12 01:33:00,-2,4,6,通识课听过一次老师的代课，很...嬉皮士的老师？
118366,3700,吴斌,2019-10-25 16:48:29,1,5,4,长得像新疆买羊肉串的，上课反差萌
119970,3700,吴斌,2019-11-17 02:37:26,3,7,4,迷一样的给分:-(
119971,3700,吴斌,2019-11-17 02:37:55,2,7,5,均绩4.41是真的吗
143333,3700,吴斌,2021-11-23 13:08:09,1,4,3,绩杀 慎选……
150928,3700,吴斌,2022-02-21 06:19:49,1,1,0,适合不选课，去蹭课
153834,3700,吴斌,2022-05-12 12:14:42,4,6,2,斌哥很负责，上课幽默。
182122,3700,吴斌,2023-11-10 09:30:35,-4,2,6,傻逼，为人相当的恶心
184989,3700,吴斌,2023-12-25 06:07:27,3,3,0,很不错的老师，在尽力把课上好
218844,3700,吴斌,2025-05-08 05:28:51,2,2,0,吴老师的课我很少走神，他讲得清晰明了
221820,3700,吴斌,2025-06-26 12:30:06,1,1,0,压榨研究生
19960,3719,李爽,2016-01-25 16:21:08,-23,6,29,很好的老师。真的很好
114731,3719,李爽,2019-07-11 07:44:44,85,92,7,怎么大学里还有幼儿园老师？！
117065,3719,李爽,2019-09-19 02:05:39,23,24,1,令人无语
117077,3719,李爽,2019-09-19 03:40:31,14,19,5,感性物理学
123813,3719,李爽,2020-06-14 13:05:08,-18,8,26,很负责的老师
124798,3719,李爽,2020-07-10 03:43:57,-16,5,21,非 常 好 的 老 师
126274,3719,李爽,2020-09-21 15:32:26,-22,5,27,老师的课堂很活跃啊
126368,3719,李爽,2020-09-24 02:47:44,14,15,1,唉唉唉\n\n
127115,3719,李爽,2020-11-09 08:46:07,18,20,2,令人无语
127276,3719,李爽,2020-11-19 10:53:42,-40,6,46,老师很好，上课也很活跃，给分也很好，也确实从这门课中了解到了一些物海的基础知识。就是希望PPT上英文少一点，毕竟课堂速度很快，英文多少有些让人跟不上。
133121,3719,李爽,2021-02-09 03:08:29,34,38,4,我一直觉得把这种老师捧到教学专家的位子是海院的悲哀，热衷让学生把慕课评论区填满大搞鹅颈美其名曰要你们的态度，热衷折腾学生花式搞展示最后给分发大水然后自己落个认真负责好老师乃至海院教学扛把子的名头，我可真佩服您的机智程度。另外，把暑假一个月的交流当正儿八经的访问学者经历一条条列在个人主页上的，我还是第一次见。
139824,3719,李爽,2021-12-04 03:48:17,64,76,12,评1分的原因是没有0分的选项； 李爽基本上可以说是个报复社会的（S）B，一天天除了搞形式主义玩它马雨课堂不讲啥实在内容，海院的学生真的可怜，学着所谓的21世纪学科，就业平均薪资比不上开挖掘机也就算了，还要在这种毫无意义的课（物理海洋学基础）上面浪费时间，接受这种蠢币老师的压迫。 上来就直接让我们看文献达到研究生水平，你他妈不识字是不是，老子是海洋科学的大二本科生，你他妈动动嘴皮子我就牛逼了是吧?那你他妈还当啥老师，直接去开辅导班啊，布置个乱七八糟的作业给学生，学生就牛逼了，你他妈肯定可以一本万利。 日常：“这个问题我觉得太简单了，大家看看就行，这个问题需要大家头脑风暴一下，大家努努力肯定可以完成。”最可笑的是，这门课不仅浪费时间，最后给分也贼它马差，连尼玛什么知识都没学到。老子辛辛苦苦听课完成作业，结果尼玛被你个（s）b绩杀。问她，她他妈说什么是某位教育学家说这样教学比较有效果，绩点低是自己的问题。他妈的真当我们不知道自己几斤几两，就这还能当上海院教育界的扛把子，真她妈大言不惭。 看到这个评论的兄弟，如果你还是大一，赶紧转专业吧。动科、农学，哪个专业水转哪个。4年紫金港不香吗？要来这么个鸟不拉屎的小岛？腾出时间考研跑路不好吗？要在这么个毫无前途又令人秃头的专业上面耗？如果你大二了，考研准备起来，别在意这种傻逼课的绩点了，纯是坑人的。（以上建议对想要多赚点钱韭菜有效，后浪们就随意吧）
142572,3719,李爽,2021-11-13 13:18:57,28,31,3,上物理海洋基础的这个秋学期，是我度过的最痛苦的学期。不仅仅是因为每一次物理海洋课程的一堆繁琐事而烦恼，更是因为课程的一无所获而对未来感到希望渺茫。我不理解接触这一大堆查文献、玩数据的网站意义何在，也不理解整“词云”、小视频是为了什么，上课用的“雨课堂”也显得可有可无。美其名曰“课上更多讨论、头脑风暴”，倒还不如把慕课里的干货搬到课上来吧！我们想学的东西不是被动给予的呀！老师就像是活在自己的世界里，按着自己的想法来上这8次课，听不见我们学生最真实的声音。当然，也没有哪个学生直接说出来，最大的反抗也只是自己请假了一次课换得一天的安宁。\n\n培养方案也好，短学期也好，物海基础也好，海院给于我们大一大二海科同学的第一印象大家心里都有数的，。将来大三真正进入海院，或许有更多压迫，或许也会受益良多——因而我会抱怨，也会心怀感激，而唯独，不会在乎。
142651,3719,李爽,2021-11-15 02:33:41,18,24,6,假装认真 不太认可
142718,3719,李爽,2021-11-18 15:59:09,49,54,5,强烈建议取消这位老师的职称。\n\n上完唯一的收获就是看清了浙江大学海洋学院金玉其外败絮其中的真相，一众所谓杰出人才皆欺世盗名之徒，这位老师更如跳梁小丑一般哗众取宠，真乃百年求是之大耻！
142805,3719,李爽,2021-11-16 09:29:00,31,35,4,学不到啥东西，被正态到3.3，那么高的主修绩点被这一门垃圾课程拉下来了，唉，当年zlm的经济法也是3.3，可是老师教得好。李爽教的是啥呢？
142887,3719,李爽,2021-11-17 06:07:31,19,24,5,什么垃圾老师
142918,3719,李爽,2021-11-17 10:33:14,20,26,6,垃圾老师 建议不要呆在海院了 去浙大附小任职
143477,3719,李爽,2021-11-25 15:55:35,34,37,3,不愧是白晔斐的师妹……心疼他俩共同导师宋金宝老师一秒钟
149902,3719,李爽,2022-01-17 15:59:27,25,27,2,Run!
150225,3719,李爽,2022-01-20 15:52:46,26,29,3,傻逼玩意儿😅
150236,3719,李爽,2022-01-20 23:41:28,24,26,2,一句话：\n\n傻逼玩意儿😅
150374,3719,李爽,2022-01-23 14:36:29,27,29,2,垃圾老师，还经常立牌坊。
150567,3719,李爽,2022-01-30 09:37:42,41,46,5,20级来评一下：人傻逼事多，差生文具多，都是一样的道理。\n\n以下搬运自楼下，感觉说的非常贴切：\n\n评1分的原因是没有0分的选项； 李爽基本上可以说是个报复社会的（S）B，一天天除了搞形式主义玩它马雨课堂不讲啥实在内容，海院的学生真的可怜，学着所谓的21世纪学科，就业平均薪资比不上开挖掘机也就算了，还要在这种毫无意义的课（物理海洋学基础）上面浪费时间，接受这种蠢币老师的压迫。 上来就直接让我们看文献达到研究生水平，你他妈不识字是不是，老子是海洋科学的大二本科生，你他妈动动嘴皮子我就牛逼了是吧?那你他妈还当啥老师，直接去开辅导班啊，布置个乱七八糟的作业给学生，学生就牛逼了，你他妈肯定可以一本万利。 \n\n日常：“这个问题我觉得太简单了，大家看看就行，这个问题需要大家头脑风暴一下，大家努努力肯定可以完成。”最可笑的是，这门课不仅浪费时间，最后给分也贼它马差，连尼玛什么知识都没学到。老子辛辛苦苦听课完成作业，结果尼玛被你个（s）b绩杀。问她，她他妈说什么是某位教育学家说这样教学比较有效果，绩点低是自己的问题。他妈的真当我们不知道自己几斤几两，就这还能当上海院教育界的扛把子，真她妈大言不惭。 \n\n看到这个评论的兄弟，如果你还是大一，赶紧转专业吧。动科、农学，哪个专业水转哪个。4年紫金港不香吗？要来这么个鸟不拉屎的小岛？腾出时间考研跑路不好吗？要在这么个毫无前途又令人秃头的专业上面耗？如果你大二了，考研准备起来，别在意这种傻逼课的绩点了，纯是坑人的。（以上建议对想要多赚点钱韭菜有效，后浪们就随意吧）
150591,3719,李爽,2022-01-31 16:15:03,50,54,4,两个字 傻逼
152000,3719,李爽,2022-03-23 01:31:40,39,42,3,确实很不好
154153,3719,李爽,2022-05-25 01:06:15,27,30,3,你在狗叫什么？？
156177,3719,李爽,2022-06-18 04:50:27,31,34,3,曹尼玛个臭逼
158083,3719,李爽,2022-06-27 01:10:34,31,36,5,表面工夫集大成者
161098,3719,李爽,2022-10-27 00:56:35,8,10,2,sb一个
163188,3719,李爽,2022-12-09 07:47:00,7,10,3,sb玩意儿，脑瘫一个
169552,3719,李爽,2023-02-27 01:49:42,15,19,4,什么玩意啊
169565,3719,李爽,2023-02-27 03:08:42,21,23,2,学期前两节课，搞了什么雨课堂，什么词云，乱七八糟的东西，对科目本身帮助约等于零，两节课上过了，书都没翻开过，真是给我的新学期开了个好头啊
169622,3719,李爽,2023-02-27 07:09:36,15,16,1,纯杀币
169853,3719,李爽,2023-02-28 07:43:10,24,26,2,第一节课什么东西都没讲，第二节课直接让同学改程序，真以为大家都知道这些语句语法怎么用啊，要不是我有编程基础我怎么死的都不知道
169856,3719,李爽,2023-02-28 06:26:35,19,20,1,臭傻逼，果断退课
169874,3719,李爽,2023-02-28 07:42:10,13,15,2,虽然给分好，但是这个风格真的很不喜欢，要求高，事情多，上课讲的大部分都在“锻炼你的科研能力”，给分掩盖不了这个上课形式的离谱。\n\n另外海洋的如果没有什么爱好驱动还是建议跑掉，确实没什么钱途，早点转或者自学码到时候考研换专业都行。要学这玩意要么是你家境优越随便学啥都行，要么你有非常强的兴趣。\n\n我希望是有人真的想搞这块，研究总也要有人做；所以对于有李老师这样专门来磨灭兴趣的人，我只能给你打3分了。
171018,3719,李爽,2023-03-14 07:08:43,15,18,3,别选她的课！！！第一次见这种课还分组，搞任务的。千万别选！！！
171232,3719,李爽,2023-03-19 15:00:29,11,15,4,Python还分组？什么牛马？
172813,3719,李爽,2023-05-08 00:34:34,8,9,1,上你吗课\n\n这逼课别选
172814,3719,李爽,2023-05-08 00:50:27,2,4,2,hai
172873,3719,李爽,2023-05-09 03:30:22,10,11,1,Python连书都不用，本应该讲五章的时间水了七章内容，快回你们海院去吧，别跑到这种通识课里祸害小朋友了！
173061,3719,李爽,2023-05-12 06:55:04,17,18,1,草尼玛，能不能别来这种通识课祸害其他小朋友，赶紧滚出Python！
173161,3719,李爽,2023-05-14 16:16:19,12,13,1,纯傻逼
173162,3719,李爽,2023-05-14 16:16:17,6,9,3,纯傻逼
174833,3719,李爽,2023-06-18 17:31:28,8,9,1,纯逆天，不仅事多且没用，还给人一种高高在上的感觉，很不舒服
174973,3719,李爽,2023-07-08 08:26:31,12,15,3,楼上那位舔老师的狗差不多得了
178173,3719,李爽,2023-07-07 12:08:59,-33,6,39,我给老师打了5分，python\n\n\n\n说实在话\n\n老师是完全点名的，然后\n\n老师确实也想给学生教好，真的。人也比较和蔼友善，她是会记住每一个同学的名字的。优点也就这么点。所以还有5分打给她。\n\n然后的话，教的很快，教学进度很离谱，教学方式很普通很拉。教学比较注重形式。所以她评分很低。\n\n然后python的话，这门学科是很简单的，能学好就能考高分，说什么被绩杀，真的和李爽没多大关系，无非就是她教的不好而已。\n\n如果要我推荐的话，实在选不上其他老师的课了的话，选她也没毛病，不会太折磨的。忍忍就过去了。
180501,3719,李爽,2023-09-22 03:53:29,7,10,3,滚
180644,3719,李爽,2023-09-24 06:35:13,12,14,2,海院老师全tmsb
180795,3719,李爽,2023-09-26 09:22:20,21,23,2,有没有和我一样花了大半节课才知道小小老师原来就是指她自己的
190214,3719,李爽,2024-02-26 01:54:09,9,10,1,很抽象的老师 别选
190215,3719,李爽,2024-02-26 02:17:03,5,6,1,神金 自以为是
190219,3719,李爽,2024-02-26 04:40:47,1,3,2,我给一分只是因为最低只能给一分
190224,3719,李爽,2024-02-26 05:01:31,3,5,2,1分都不想给\n\n纯nt\n\n建议ls去看精神科医生
190291,3719,李爽,2024-02-27 10:30:37,13,14,1,凭票出门是怎么回事
190345,3719,李爽,2024-02-28 08:40:49,17,18,1,纯牛马 啥也学不到 别惦记你那雨课堂了
190349,3719,李爽,2024-02-28 10:14:13,32,32,0,不懂就问，现在sb也可以当老师了吗，上课第一句话：我的课不教任何知识点，第一次课直接让我们全程做题目，让我们每次自学完去上课，我们全自学了还要你这个sb干嘛😅。第一次见python 还分小组的，还凭票出门，你怎么不收费出门啊。还上我的课感觉累就对了，我看你是一点都不累啊就讲台上炖炖鸡汤就行😅
191138,3719,李爽,2024-04-08 02:12:32,11,12,1,远远不如ChatGPT
191243,3719,李爽,2024-04-15 01:44:37,-9,5,14,python:虽然教学方式很猪鼻，但是给分不错。点名是下课时候凭票出门的方式进行，但是只是走个形式，过后可以补。适合摆子和大佬，摆子不学，大佬不用学。\n\n给了8分
191340,3719,李爽,2024-04-18 04:14:51,4,7,3,无需多言 这是多出来的一分
191680,3719,李爽,2024-04-27 15:28:09,17,17,0,五一自己提前跑了，希望你命不久矣
192431,3719,李爽,2024-05-19 14:51:44,9,11,2,md 气笑了 知不知道只剩四周就考试了？？两周就实验考了？ md这么多作业 md真以为我们就只有一门python吗 ？我们别的课不用学了是吧？我牛逼了是吧 我是什么大神吗
193179,3719,李爽,2024-06-04 08:03:26,11,11,0,纸质签到，上课不用听，大作业水一水。基本靠自学。
193724,3719,李爽,2024-06-16 13:53:27,5,6,1,化学er前来围观海院王敏
194005,3719,李爽,2024-06-21 10:19:59,5,6,1,李爽纯尼玛逆天玩意，这老师真太自以为是了
194008,3719,李爽,2024-06-21 10:45:28,3,4,1,。。。
194093,3719,李爽,2024-06-22 03:11:08,7,9,2,快跑。
194130,3719,李爽,2024-06-22 06:11:20,13,16,3,python，上课内容和课本内容几乎无关，要靠自己自学的。\n\n也是惨了赶上第一年理论考试从上机改成纸质答卷，阅读程序全靠自己写没有选项可以选，据说挂了1/3，感谢老师没把我挂了，感谢爽！\n\n小测是可以用python编译器的，平时分来说给分还算不错，pta作业不算分的也可以不做，有四次大作业占20%，不看质量做了即拿满分，相对来说事情不多，但就是学不到考试要用的知识。
194135,3719,李爽,2024-06-22 06:46:13,14,16,2,毕业生你都挂，害死人了
194402,3719,李爽,2024-06-23 15:55:49,4,7,3,浙大倒了八辈子血霉了轮到这个畜牲强碱每个被预置到她的课的人
194730,3719,李爽,2024-06-25 06:31:36,2,4,2,预置到了就赶紧退掉换老师吧
194813,3719,李爽,2024-06-25 13:31:59,11,12,1,水机乞 丐詹舒越。破防萝 莉葛晗。开源代码李培良。小小老师李爽。海院四大天王名不虚传。
195201,3719,李爽,2024-06-27 06:50:40,10,12,2,随便点了一节智云听，人傻在原地，这是在赣神魔
195812,3719,李爽,2024-06-30 04:11:11,7,9,2,逆天李爽，没有出门票就扣考勤分，补了出门票才改分，差点导致一个人挂科，司马玩意
196245,3719,李爽,2024-07-02 13:43:49,11,11,0,小小老师我们喜欢你，我们喜欢雨课堂，出门票，头脑风暴
197416,3719,李爽,2024-07-13 17:29:06,28,28,0,建议老师在小小的海院里面挖呀挖呀挖，不要来教Python嚯嚯广大医学生。
198350,3719,李爽,2024-09-07 15:22:58,4,4,0,。。。
198805,3719,李爽,2024-09-12 00:09:45,1,2,1,whuwverudjsi
200050,3719,李爽,2024-10-12 02:01:52,-9,1,10,感激涕零，不知所言
200055,3719,李爽,2024-10-12 02:45:15,5,7,2,1.3分接近查老师的极限，但绝对不是这位老师的极限！
200150,3719,李爽,2024-10-14 04:20:04,5,6,1,一塌糊涂，一分是网站的极限，而不是我的极限，不懂为什么本科生要学那么多东西，要求还贼几把多
205072,3719,李爽,2024-11-30 19:01:40,1,3,2,无道李爽，贪残酷烈！
206631,3719,李爽,2024-12-17 00:49:49,5,6,1,我的评价是，海洋学院交Python？您是闲得发慌呢出这么多莫名其妙的pta呢？没想到zju这么缺老师给您混进pta了
206632,3719,李爽,2024-12-17 00:50:51,1,4,3,纯纯神金玩意，Python作业一次出140道文件的理论题，而且140题里面最起码有100多道题目书上一点找不到，老师也从来没有讲过。谁让您这么出题的啊，是想让您显得比我们这些非理工科的学生博学很多吗？虽然没上过您的课，但是已经被您恶心得透透的了
207237,3719,李爽,2024-12-20 03:04:38,8,9,1,傻逼玩意儿，没见过python一下布置140道逆天文件题的，书上根本找不到，AI都被干爆了
214092,3719,李爽,2025-01-24 01:25:34,5,7,2,李爽这傻逼老师确实有一套自己独特的教学方法，但这套方法不但无助于学生的学习，反而以为难学生为第一要义，所以这个老师不及格
214309,3719,李爽,2025-01-31 12:13:42,0,2,2,555
216954,3719,李爽,2025-03-30 11:20:49,3,4,1,觉得眼熟？🤔\n\n这样的场景，此时此刻正在折大的各处上演！😨\n\n下一个可能就是你👈\n\n除非你能做出生命中最神金的决定👍\n\n向所有人证明，你拥有追求赤石的力量与勇气✊\n\n加入ls的python课程吧！ 💪\n\n成为全世界精英中的的精英！💂\n\n见识奇异的马戏团🐵\n\n让爽式教学惠及整个折大🚩\n\n成为构思，成为拉几💩\n\n成为挂科潜兵！😎
220819,3719,李爽,2025-06-20 03:28:59,1,1,0,这位的人工智能基础课能刷新任何人对大学课程的理解，上课ppt是ai做的，念ppt30分钟，剩下什么不会的去问ai吧。美名其曰新时代要练习和ai学习的能力。
221294,3719,李爽,2025-06-22 14:43:19,0,0,0,python homework里面140道文件题都是AI出的吧？很有意思哦
121208,3723,楼章华,2019-12-29 11:46:16,2,4,2,学术能力过硬，就是不上课
171625,3723,楼章华,2023-03-30 08:53:58,5,5,0,楼老师水平很高，很亲切，希望楼老师多开几门课
26367,3730,马忠俊,2016-06-17 06:11:32,20,30,10,一节课被问三次问题\n\n
146833,3730,马忠俊,2022-01-07 14:34:56,21,22,1,团支书是个铁憨憨
207612,3730,马忠俊,2024-12-23 08:50:01,3,3,0,不好意思马老师，教管部某王姓和张姓逆天老师在查老师搜不到名字，只能来您这给这两个萨博一个差评了
116623,3828,厉子龙,2019-09-12 05:30:35,-1,1,2,非常好，深入浅出
116832,3828,厉子龙,2019-09-16 07:35:56,3,6,3,毫无逻辑，不知道上课的意义是啥，学不到东西，上课效率极低
119388,3828,厉子龙,2019-11-12 14:13:11,0,2,2,人真的挺好
119885,3828,厉子龙,2019-11-16 16:04:27,3,4,1,基本每节课点名 作业多 上课无聊（坐标旅游地学
128473,3828,厉子龙,2020-12-23 10:43:32,-3,2,5,厉老师的课不是想象中的上等课程，作业很多，而且上课普遍不知道在讲什么。但是说实话，厉老师真的很负责，会和同学认真地交流沟通，探讨问题，最后给分也很不错。他的旅游地学课还有机会上管院顶层和免费出去玩。还是比较推荐上的哦！
143592,3828,厉子龙,2021-11-28 07:58:46,15,15,0,乱给分
153960,3828,厉子龙,2022-05-18 04:29:51,9,9,0,什么傻逼？
135306,3863,林穎典,2021-05-08 01:11:39,0,1,1,老师关心学生，知识也讲的透彻，给分也好
172812,3863,林穎典,2023-05-07 17:53:56,1,1,0,老师很好
152776,3919,李春峰,2022-04-20 02:04:09,26,28,2,海洋地球物理学：\n\n讲课不知所云，中间不下课，非常喜欢点人回答问题。\n\n4次作业、1次展示、1篇论文、期末占比60%而且是闭卷。\n\n避雷了。
153880,3919,李春峰,2022-06-25 17:14:45,41,44,3,其它我也不想管，NMB乱加考试是什么司马行为，还占60%到70%，我还写尼玛作业展尼玛示啊\n\n\n\n傻逼东西，一专业选修课给分纯纯的畜生，司马玩意，强烈建议学弟学妹避雷
154007,3919,李春峰,2022-06-09 04:06:26,-72,8,80,10分，为老师鸣不平。\n\n我是助教，老师非常好，讲课清晰为人诚恳。平时作业认真做基本都会给高分，期末好好复习也能拿到满意的分数。\n\n那些平时不努力，上课都不来上的人活该挂科，差不多得了，一群傻逼玩意儿一个个的有这闲功夫搁这哔哔赖赖diss老师真不如上街去见见世面，乞讨要饭也行，你真以为浙大文凭这么好混？？😅 😅
154029,3919,李春峰,2022-06-08 13:35:55,33,36,3,老师不行，助教也不太行，这课纯纯恶心人，建议老师还是去做科研吧，你不适合上课\n\n----------------------------------------------------------------------------\n\n那个无脑乱洗的野种，你知不知道海洋地球物理学这课今年第一年开，你知不知道李春峰这逼五年没教过本科生，洗之前先动动脑子ok？
154066,3919,李春峰,2022-05-22 07:46:18,19,22,3,有些选修课老师真的有点太把自己当回事了我只能说
154264,3919,李春峰,2022-07-10 16:34:27,63,71,8,上面那个李春峰与李培亮——海院的卧龙与凤雏那位，笑的眼泪都快出来了，会说话就多说点，大家爱听；学弟学妹们记好了，这二位被称为卧龙凤雏它不是没有原因的🤗😅😅
154272,3919,李春峰,2022-05-27 20:47:04,18,21,3,煞笔玩意
154285,3919,李春峰,2022-05-28 14:15:43,23,25,2,教学管理信息服务平台可以给助教评分，现代教务系统可以给老师评分，我已经想好打什么分数了😅
154293,3919,李春峰,2022-05-29 10:43:06,29,31,2,评1分的原因是没有0分的选项；\n\n李春峰基本上可以说是个报复社会的（S）B，一天天除了吹牛不不讲啥实在内容，当了海洋科学系主任就成精了，三句话不离这破事。\n\n海院的学生真的可怜，学着所谓的21世纪学科，就业平均薪资比不上开挖掘机也就算了，还要在这种毫无意义的课（海洋地球物理学）上面浪费时间，接受这种蠢币老师的压迫。\n\n上来就直接让我们达到海洋科学研究生水平，你他妈不识字是不是，老子是海洋工程的本科生，你他妈动动嘴皮子我就牛逼了是吧?那你他妈还当啥老师，直接去开辅导班啊，布置个完全不会的作业给学生，学生就牛逼了，你他妈肯定可以一本万利。\n\n日常：“这个问题我觉得太简单了，大家自学就行，这个代码我没写，但是我觉得很简单，大家努努力肯定可以完成。”最可笑的是，拿着个github上面直接clone下来的代码，连尼玛解压缩都没干，就发上来了。老子辛辛苦苦装环境，结果尼玛根本跑不了。问他，他他妈说什么是以前学长写的，毕业很久了，没法弄。他妈的真当我们不会用github，连readme.md都没删，上面有原网址的链接，是他妈国外的一个大学写的，真她妈大言不惭。\n\n看到这个评论的兄弟，如果你还是大一大二，赶紧转专业吧。动科、农学，哪个专业水转哪个。4年紫金港不香吗？要来这么个鸟不拉屎的小岛？腾出时间考研跑路不好吗？要在这么个毫无前途又令人秃头的专业上面耗？如果你大三了，考研准备起来，别在意这种傻逼课的绩点了，纯是坑人的。（以上建议对想要多赚点钱韭菜有效，后浪们就随意吧）
154727,3919,李春峰,2022-07-03 16:53:40,47,52,5,李春峰你是真的司了，活生生把我从保研线拉下来。我点名都到了，每次作业都听回放查文献，期末展示也都做了，考试也认真复习了。结果成绩出来活生生把我拉下两名，直接跌出保研线，我真的谢谢你全家。
155014,3919,李春峰,2022-06-07 12:34:31,23,26,3,不是，你自己随便安排闭卷考试还在考试周向学校申请了吗？第八周才通知考试时间，教务处估计还没备案，尼玛的什么恶心臭狗屎，能不能举报啊？
155030,3919,李春峰,2022-06-08 00:45:24,24,29,5,我操你妈了个逼的傻逼玩意儿 \n\n一天天整的跟个脑瘫一样 \n\n问问题从来都不回复 \n\n上课纯瞎jb扯 \n\n给分故意绩杀+卡绩 \n\n后面的人赶紧跑吧\n\n你他妈个逼的以为自己是谁啊 \n\n整天热衷于提问\n\n从不考虑学生感受 \n\n把学生当作牛马来使唤\n\n纯纯傻逼一个
155150,3919,李春峰,2022-06-09 00:02:25,37,40,3,那个说是助教鸣不平的什么玩意儿？看看是什么个时间，考试都还没考呢什么“认真复习就能拿高分”，良心没了脑子也没了是吧？
156215,3919,李春峰,2022-06-26 05:20:24,39,42,3,6次作业，不公布答案，一次展示，点名，期末闭卷，不说重点。不知道哪里找的ppt，这贴一点那贴一点，一倒关键地方就是那个b的英文，用中文很low是吧，你用英文无所谓，你别不解释啊，ppt太烂了，复习的时候很恼火。下面那个助教，你他妈是什么牛马，6月9号考试还没考，真他妈能舔。这傻逼老师就该早点死，早点再外边被干死都没人给你收尸，司马玩意
157954,3919,李春峰,2022-06-25 18:29:10,29,32,3,这给分？？作业交了展示做了课也来了考试复习了你给61？？？？？？
157955,3919,李春峰,2022-07-08 16:44:55,33,36,3,李春峰与李培良，海科的卧龙与凤雏😅\n\n海院知名畜牲
159514,3919,李春峰,2022-08-01 00:02:05,-52,5,57,下面说李春峰和李培良老师的，自己差就别过来bibi，老师讲课非常好，给分也很好，卧龙凤雏？好笑，今年海院是出了什么东西，一个两个因为自己菜在这无差别乱喷，不仅喷李春峰老师，还去李培良老师底下喷，垃圾去你马活该挂科，就会动嘴皮子，爷照样满绩😅🤣🤤
159521,3919,李春峰,2022-08-02 08:04:11,25,28,3,那个无脑乱洗的野种，你知不知道海洋地球物理学这课今年第一年开，你知不知道李春峰这逼五年没教过本科生，洗之前先动动脑子ok？
159858,3919,李春峰,2022-09-06 12:08:41,-56,2,58,老师希望从物理原理的角度出发告诉我们地球物理很多现象的本质和发展的原因，数理公式多了课程也容易枯燥起来，但是也侧面说明老师在这个方向研究很深，有自己的建树。喜欢这个方向的同学可以和李老师多交流，应该会有很多收获的。至于课程的得分，有人得低分就必然有人得高分，得低分的人骂骂咧咧，却没有想过为什么有人能得高分。从什么时候开始，按时交上作业、按时到课考试就成为了老师必须要给你高分的理由了呢？当划水的人多了，大家也就容易忘记原来的路该怎么走了。
159873,3919,李春峰,2022-09-07 11:47:59,23,25,2,一个原本对地球物理感兴趣的同学，上完课之后直接跑路；地球物理出分之后，李春峰与某老师聊的时候说“好像挂了很多人”，诸位细品
173577,3919,李春峰,2023-05-29 08:31:44,13,13,0,海洋地球物理在海院一众烂课中教学质量评价位于后10%，那个洗的同学，你的良心不会痛吗？
182478,3919,李春峰,2023-11-16 10:41:03,7,7,0,纯纯脑瘫
218137,3919,李春峰,2025-04-23 11:13:00,0,1,1,李春峰老师的海洋地球物理学。\n\n总体来说其实还可以，如果有海科物海（不知道后面还有没有这个方向）的同学准备进行海洋地球物理方面的研究的话，我觉得还是值得一上并认真听听的。一共是八周课，但内容很多，地震（声学）、电磁、重力、地热等方面都有介绍，很全面，基本知识都有介绍。需要一点偏微分方程的基础，所以我觉得海洋生化方向的同学不要选（虽然在22级海科培养方案选修课程里）。\n\n对于课程教学，可能老师也听到了前几届同学的呼声，这次课是四次课程作业加闭卷考试（考试没在教务系统登记，是私底下找时间考）。作业都比较简单，考试是简答和论述，主要考察理解，没有公式推导。总的来说今年课程没有前几年评论里的那么可怕，但老师可能确实不太了解本科生教学，这次打分用了五等制打分（第一等优秀，绩点4.5），和别的选修课满绩5.0比低了一些。\n\n总的来说，对于海科物海的同学来说，还是值得上的。\n\n------------------------------------------------------------------\n\n补充一下：成绩后来改成了百分制，而且给分应该也很不错，和我一块儿选课的海生化的同学分数也不错，感兴趣的同学都可以选一下试试。
85952,3961,司玉林,2018-08-26 02:02:44,-5,9,14,不错啊
86287,3961,司玉林,2018-09-12 06:30:14,-9,7,16,特别好的老师\n\n
104129,3961,司玉林,2019-03-12 13:38:04,-12,5,17,非常有用的课程
106450,3961,司玉林,2019-04-27 12:36:27,-11,7,18,挺好的班主任
152909,3961,司玉林,2022-04-21 13:44:07,6,14,8,课程还可以，也算比较关心学生\n\n但群里有同学问问题你不回答，等另外一个同学出来回答以后，你在跑出来来个“加分”是几个意思？后天就考试了，今天搁这搞心态是吧
170528,3961,司玉林,2023-03-06 06:40:15,15,19,4,PPT居然是b站正点原子的教程里面截图截下来的，你这个老师也别当了，大家看b站的了😅
170598,3961,司玉林,2023-03-07 05:10:46,11,14,3,我笑了就这水平也能当老师？上课讲了一堆不讲重点，一到关键部分直接copy正点原子，查老师上评分是刷的吧？
171321,3961,司玉林,2023-03-21 14:00:08,-5,3,8,很好的老师
171362,3961,司玉林,2023-03-22 10:59:50,6,9,3,垃圾老师
171483,3961,司玉林,2023-03-26 02:02:44,10,14,4,垃圾老师
191023,3961,司玉林,2024-03-28 12:50:48,8,9,1,“就是故事讲的好罢了”
191260,3961,司玉林,2024-04-15 14:19:25,9,9,0,第四个实验是💩
201026,3961,司玉林,2024-11-19 03:53:34,4,5,1,外院过来竞赛合作的，真的是超级超级负责任也很热心的老师，大一在海院的时候想要了解一些相关信息就得到了很多的帮助，大三了需要专业知识帮助也会很热心的帮助本科生。
207451,3961,司玉林,2024-12-21 18:30:02,1,3,2,风骨远胜于媚骨
218800,3961,司玉林,2025-05-06 06:28:16,0,0,0,人不行，不知道咋刷的这么高的分数。教学质量低，然后人品也不好。看着人畜无害，实际上真的是依托答辩，披着羊皮的狼，希望大家无论是上课还是读书都避雷吧
126275,3967,宋金宝,2020-09-21 15:34:39,21,21,0,很负责的老师
132128,3967,宋金宝,2021-01-30 12:14:55,20,21,1,讲得很有条理的
140311,3967,宋金宝,2021-09-08 06:06:39,-6,7,13,出去才知道老师能量巨大，毕竟是我国海洋领域第一位杰青[ac01]
143482,3967,宋金宝,2021-11-25 16:49:50,17,20,3,宋老师非常关怀学生，待我们温和亲切。虽然平时很佛系，但是一旦我们提出请求，无论是学业的疑惑还是日常事务，他总是尽力帮助我们。在海院中为数不多的温暖和感动都来自宋老师。\n\n相比于另一位讲物理海洋学的老师，我更喜欢宋老师的风格，讲得比较有条理而且易懂。另外跟着老师做项目的时候，我的学术知识和视野都得到了很大提升。\n\n虽然知道老师可能快退休了，估计也没有人看到这条评论，但还是想借此表达我的感激，谢谢老师。
143513,3967,宋金宝,2021-11-26 02:43:36,20,23,3,给10分是因为满分只有10分。\n\n刚开始上宋老师物海课的时候，只是觉得老师讲的很好，答疑也很耐心。考虑到我们19级数理基础比较差，老师还会偶尔停顿下来帮我们复习微积分，心想如果海院所有老师都像宋老师这样该多好。\n\n直到后来有一天听其他老师说到宋老师是国家海洋领域第一位杰青，当我知道宋老师对海洋的贡献有多大的时候，剩下的课已经不多了…
143560,3967,宋金宝,2022-06-08 13:02:52,37,40,3,自从宋老师卸任物海所所长，傻逼小人李培良上任，整个海院就笼罩在一片乌云之下。\n\n研究生快跑路吧，趁一切还来得及。
145936,3967,宋金宝,2022-06-06 02:34:31,27,29,2,真是可笑\n\n一群人在这里吹宋老师多好多好\n\n怎么到课率和听讲率还不如曹贼啊
151704,3967,宋金宝,2022-03-13 04:22:38,12,15,3,快逃！
154130,3967,宋金宝,2022-05-24 08:18:21,12,12,0,千万别找他做SRTP，快跑！
169525,3967,宋金宝,2023-02-26 15:59:25,12,12,0,海洋学院的好老师之一
170657,3967,宋金宝,2023-03-07 15:59:00,8,8,0,老师讲课认真，给分不错，海好老师之一
170675,3967,宋金宝,2023-03-08 03:14:14,10,10,0,宋老师确实是好老师，值得10分
124960,3994,王滔,2020-07-26 06:04:55,11,20,9,唉唉唉，差
153400,3994,王滔,2022-04-29 04:39:58,-10,5,15,人品很好的老师，同学遇到问题耐心解答，很好沟通
155858,3994,王滔,2022-06-16 10:08:23,17,19,2,哎，别选，给分真不太行。
191894,3994,王滔,2024-05-04 06:06:03,0,5,5,老师对学生态度挺好的，也常常说有问题可以交流讨论。老师讲课内容和ppt内容大体一样。\n\n液压这门课是本学期难得的循规蹈矩的一门课，正常的ppt正常的讲课正常的复习资料。个人体验上，平时上课稍微带着听听，作业不多，考前着重跟着复习ppt和作业复习的话没太大问题。
193394,3994,王滔,2024-06-09 05:50:03,-9,1,10,从海洋液压装备这门课来说，王老师还不错
197400,3994,王滔,2024-07-12 13:59:31,15,15,0,水机这课主要就败坏在zsy身上，但你和hhc啥都不管也不制止他，无所作为，无视学生利益，属于助纣为虐行为，也不是啥好东西
76413,4021,郑道琼,2018-04-08 08:36:17,-23,3,26,非常享受，非常棒！
79573,4021,郑道琼,2018-06-10 07:17:40,-26,4,30,超级超级超级赞的老师！！❤️
107535,4021,郑道琼,2019-05-06 10:11:06,30,35,5,上课非常不认真
167517,4021,郑道琼,2023-01-17 02:50:30,29,33,4,妈的我不知道这是个什么畜牲啊? 你妈你也好意思带本科生课?开始什么都不说，学生都不知道到底上的什么东西，结果突然说自己有事，生物信息学交给傻逼助教来念ppt，你妈你能提前跟学生说吗?你负责吗? \n\n整个课程屁都没说，最后考试周你妈自己布置一堆脑瘫作业，搞心态是吧？就这还你妈专业必修课? 还你妈海科系主任教授？真他妈大言不惭。\n\n然后作业和考试内容学生不问就不讲，什么要求都不说，非得学生群里指着你的脑袋你才说要求是吧?就这傻逼样和傻逼课程还指望学生能海洋强国？你妈你信吗？你配当老师?你有一点责任心?你是个什么傻逼玩意?\n\n傻逼学院傻逼行政傻逼专业依托答辩，谁爱来谁来😅
180655,4021,郑道琼,2023-09-24 08:55:58,26,28,2,只能说，学弟学妹们擦亮双眼。就学长学姐们和学长学姐的学长学姐们这么几年的观察来看，他的表现一直不变。就规律性而言，一般是大二的同学对他有好印象，在大三之后基本都没有什么好印象了。如果各位有可能遇到任何与他沾边的事情，听一句劝，要么自己后台够硬，硬钢；要么跑，赶紧跑，一点也不要沾边。最后，希望大家看评论的时候给骂他的评论点点赞，不然后来者就不知道他是个什么情况了，还真以为他改过自新了，当然也是防止水军，感谢各位！海院模块查老师的公平公正就靠各位海院学子维护了
192628,4021,郑道琼,2024-05-25 12:54:17,14,15,1,海院没救了，就这逼养的也能评上三育人标兵？这一刻注定被钉在教育史的耻辱柱上\n\n科研，郑很幼稚\n\n课用，这货运作\n\n考研，郑皇欲阻\n\n苦呀，浙海冤种\n\n堪忧，海生一族\n\n抗议，最好越走\n\n可疑，怎会厌郑？\n\n开眼，真会引战！\n\n看样，郑黑一只？\n\n可以，这很也中！
193671,4021,郑道琼,2024-06-15 03:45:22,10,10,0,大一海院的看到这里，我只说一句话：赶紧跑。这就是座海上牢笼，能留下来的天生就是会坐牢的料。
198701,4021,郑道琼,2024-09-11 03:41:43,3,3,0,似人玩意
200473,4021,郑道琼,2024-10-17 11:51:36,4,5,1,带本科生课非常不认真，基本就是完成任务打卡上下班，实验课基本不在都是让助教念PPT，最幽默的是有时候问助教问题助教都不会。\n\n还有我想说，你院能不能多干点实事别整那亖仁英文课件折磨学生了？
200536,4021,郑道琼,2024-10-18 10:05:23,4,4,0,上他的课，他比你更希望下课。上他的实验课，说两句话就让我们自己操作。简直绝了！
200996,4021,郑道琼,2024-10-26 09:50:02,-2,3,5,郑老师人还是很不错的，可以来课题组看看
115769,4038,沈林维,2019-08-19 13:16:58,18,26,8,沈老师给分超好，人也很亲和，真真的好老师。\n\n
145751,4038,沈林维,2022-01-01 10:08:04,16,23,7,老师人很好，讲课水平也很高，海院为数不多的好老师之一。
150175,4038,沈林维,2022-01-20 01:16:56,14,22,8,讲课水平我太菜了无法评价，但是老师绝对很认真负责。
152197,4038,沈林维,2022-03-30 03:52:30,5,13,8,真的特别好的老师，为学生着想，学术水平高，学术又很严谨。
156457,4038,沈林维,2022-06-20 00:45:24,-3,8,11,师者其骨，学者其风。\n\n能跟着沈老师做SRTP真的很幸运！
161370,4038,沈林维,2022-11-05 08:44:09,1,9,8,海院为数不多的好老师，钉钉消息秒回，交流时十分温和，会考虑到每个学生的实际情况，就是有时讲课拓展内容较多，要求有点高
162281,4038,沈林维,2022-11-19 03:39:12,-2,6,8,绝对的好老师
164930,4038,沈林维,2022-12-28 01:25:07,8,10,2,傻逼玩意儿😅
165306,4038,沈林维,2023-02-27 14:15:44,0,9,9,老师人很好，讲课也还行
170193,4038,沈林维,2023-03-02 02:48:52,-2,5,7,给分一般，讲课还行
170380,4038,沈林维,2023-03-03 09:28:21,13,13,0,这 就 是 绩 杀
171363,4038,沈林维,2023-03-22 11:18:57,14,15,1,讲课一般，给分也太差了吧，喜提本学期最低绩点
172672,4038,沈林维,2023-05-04 04:49:54,20,22,2,可以听他的流体力学课，但是不要跟他搞科研和毕设
174583,4038,沈林维,2023-06-23 02:36:46,11,14,3,只能说，学弟学妹们擦亮双眼。就学长学姐们和学长学姐的学长学姐们这么几年的观察来看，他的表现一直不变。就规律性而言，一般是大二的同学对他有好印象，在大三之后基本都没有什么好印象了。如果各位有可能遇到任何与他沾边的事情，听一句劝，要么自己后台够硬，硬钢；要么跑，赶紧跑，一点也不要沾边。最后，希望大家看评论的时候给骂他的评论点点赞，不然后来者就不知道他是个什么情况了，还真以为他改过自新了，当然也是防止水军，感谢各位！海院模块查老师的公平公正就靠各位海院学子维护了
178962,4038,沈林维,2023-08-07 11:59:03,10,10,0,给分稀烂，人品极差
179579,4038,沈林维,2023-09-18 11:35:34,13,13,0,就这傻逼玩意儿把我从保研线拽出来的😅
180576,4038,沈林维,2023-09-23 04:30:38,12,14,2,有幸上过这B玩意的流体课，给分烂的一逼还pua压榨研究生
181100,4038,沈林维,2023-10-08 12:57:53,15,16,1,垃圾老师
216627,4038,沈林维,2025-03-19 12:32:20,2,2,0,教学还是比较负责任的，作业会点评，讲课会强调重点，也没有什么扯淡废话内容。美中不足的是讲题可能只过一过思路，如果跟不上的同学说不好会听不懂，不过老师每次会留一点时间给大家提问，如果你愿意问一问，应该还是能听懂。
102661,4051,黄善和,2019-02-18 09:32:21,6,6,0,很差别选
190956,4051,黄善和,2024-03-25 14:22:34,0,0,0,很差不早说
128199,4127,吴叶舟,2020-12-12 05:14:53,26,27,1,醉了，为什么不去数学学院
132193,4127,吴叶舟,2021-01-31 01:49:03,19,21,2,真.数学老师不过讲课水平离数院的微积分线代概统老师差远了……
141578,4127,吴叶舟,2021-10-15 07:36:21,22,25,3,你们以前都学过，基本上
143879,4127,吴叶舟,2021-12-10 03:39:19,24,25,1,老师人品很好，但是讲课水平只能说见仁见智吧。
143912,4127,吴叶舟,2021-12-12 08:46:42,32,32,0,没有海院英才的数理基础，选他的课就是坐牢
144048,4127,吴叶舟,2022-10-11 10:05:19,34,37,3,不会教可以不教，没必要折磨我们
144054,4127,吴叶舟,2021-12-17 06:32:37,29,29,0,老师人还行，但讲课能力一言难尽…\n\n1分不能再多了。
146142,4127,吴叶舟,2022-01-05 14:36:12,41,42,1,会讲课吗？讲得明白吗？讲不明白就换人
146583,4127,吴叶舟,2022-01-07 03:41:31,-20,8,28,海洋数据分析考试还是很友好的
150371,4127,吴叶舟,2022-01-23 14:34:45,15,23,8,傻逼玩意儿😅
160098,4127,吴叶舟,2022-09-13 07:10:54,4,4,0,一言难尽
160987,4127,吴叶舟,2022-10-23 03:31:38,8,8,0,上课胡言乱语，神志不清
161278,4127,吴叶舟,2022-11-03 09:15:49,6,7,1,听他讲数学我宁愿听MIT自学
163191,4127,吴叶舟,2022-12-09 08:35:05,-8,6,14,强烈建议取消这位老师的职称。\n\n上完唯一的收获就是看清了浙江大学海洋学院金玉其外败絮其中的真相，一众所谓杰出人才皆欺世盗名之徒，这位老师更如跳梁小丑一般哗众取宠，真乃百年求是之大耻！
169714,4127,吴叶舟,2023-02-27 13:11:26,-1,3,4,讲课水平见仁见智吧，给分是真的厚道
170141,4127,吴叶舟,2023-03-01 13:53:09,1,4,3,很好的老师，爱来自龙泉南楼❤️
170185,4127,吴叶舟,2023-03-02 01:59:22,1,8,7,海工建模给分挺好的，期末认真做做作业题老老实实全抄到A4纸上基本就没什么问题了。但是数学不好讲课大劝退，老师大概讲了八次课，除了最有次序那节别的我能听懂的部分可能都不到45分钟......
171952,4127,吴叶舟,2023-04-13 11:32:14,8,9,1,不适合教书
180802,4127,吴叶舟,2023-09-26 11:06:34,2,7,5,学弟学妹们不用太担心不及格，试卷的命题和批改都会放水的
181557,4127,吴叶舟,2023-10-22 14:03:23,10,12,2,上nm呢在，课讲不明白就别讲了，把课程内容整理成系统的资料行不行，md上课基本等于没上，想自学也P都没有，垃圾玩意
187730,4127,吴叶舟,2024-01-17 08:56:03,3,6,3,针对矩阵论的评论：平时讲的比较难，因为老师的目的是让大家知道有这个工具，考试考的很简单很简单（在你认真对待平时作业的前提下）
188503,4127,吴叶舟,2024-01-19 05:57:56,4,6,2,吴老师海工建模的课程内容确实抽象，但是人挺好的，钉钉有问必答，是不错的老师。
189471,4127,吴叶舟,2024-01-24 14:38:41,7,8,1,挺好的老师，除了不会编程（）
191752,4127,吴叶舟,2024-04-29 19:05:45,6,6,0,在海院的一众奇葩中还算不错
193937,4127,吴叶舟,2024-06-21 02:53:09,2,2,0,在海院大三那六七门专业课里算是体验中上的
200054,4127,吴叶舟,2024-10-12 02:24:45,1,2,1,都不知道他上课在bb啥，这门课都没有教材和大纲的吗？
200140,4127,吴叶舟,2024-10-14 02:35:54,1,2,1,老师课后答疑很耐心。但是……上课的时候不知道在讲啥，没什么条理，而且很多我们根本没学过，一点也不懂的内容都是一笔带过，默认我们懂，然后接着讲以此为基础的知识。很难受，如果不自学的话，课后作业也不太看得懂。但是ppt太简洁了，很难自学😅
208857,4127,吴叶舟,2025-01-02 14:49:26,2,2,0,舟哥给你个十分，舟哥别挂我啊舟哥
201788,4195,丁婉婧,2024-11-06 10:26:56,1,1,0,事少，讲得好，考前会划重点总结，细胞生物学体验非常好！！！
201789,4195,丁婉婧,2024-11-06 10:27:10,1,1,0,讲得好，条理清晰，划重点很到位，非常好的老师，人也很温柔，不选真的血亏
217390,4195,丁婉婧,2025-04-09 12:26:27,0,0,0,据说丁老师实验室非常好经常看到研究生出去玩XDDD
86005,4215,王万成,2018-08-26 23:38:18,3,5,2,绩杀，
92321,4215,王万成,2018-12-27 16:24:36,-6,2,8,老师超级好的，每次都会和我们讨论一些东西，而且观点都很新的。对人也很和蔼，非常好，非常好
108788,4215,王万成,2019-06-02 11:13:06,0,2,2,挺好的，在他课上作业补了挺多
109414,4215,王万成,2019-06-14 03:48:35,1,4,3,辣鸡老师
110946,4215,王万成,2019-06-28 16:18:09,5,7,2,为什么没有0分
111104,4215,王万成,2019-06-29 18:38:55,-3,1,4,点了一次到，还能补签，海星
111435,4215,王万成,2019-07-03 08:13:21,1,3,2,...
112578,4215,王万成,2019-07-05 00:04:08,-12,7,19,考前刷课后选择题，附录时事政治扫一眼，单元主题要有印象。王老师是一个有思想的老师。绩点4.5！！！
112715,4215,王万成,2019-07-05 01:04:13,-6,3,9,刚开始看到均绩二点几对自己很担心...没想到老师给分太好了吧！事少分高的典型了。平常没有论文，不用学习强国打卡，只需要点名和做一次小组展示。
113235,4215,王万成,2019-07-06 02:25:06,0,5,5,看到自己的绩点感觉老师为了拯救海院均绩已经尽力了……事情少，两个长学期一次小组展示，发言也没什么鹅颈，认真写了卷面给分也很好。
115591,4215,王万成,2019-08-06 06:10:20,-4,0,4,老师挺和蔼的！
120114,4215,王万成,2019-11-17 13:35:31,-3,2,5,挺好的老师！\n\n
122433,4215,王万成,2020-02-27 11:18:39,-6,2,8,形策老师里面事情最少的了吧……一年一共一个展示，不用听课，只要每次课在就行，最后考试好好写给分不会差的
125782,4215,王万成,2020-09-14 08:28:01,1,4,3,垃圾老师，乱给分的，带的班恶竞严重
125783,4215,王万成,2020-09-14 08:29:48,2,5,3,鹅颈极其严重 给分惊人 就这？还6分多的老师？出成绩第一件事居然是解散群聊？
137370,4215,王万成,2021-07-03 13:50:07,11,14,3,我实在是无语了，作业什么的都认真写了，期末考试也好好复习了，考试时候尽量把字写的很漂亮，答案也是尽量完整，最后2.7?！考完试就把群解散了也是nb，淦！
137675,4215,王万成,2021-07-05 14:33:58,3,5,2,浅色红一只，还不如中学历史老师
137778,4215,王万成,2021-07-06 06:02:51,4,7,3,这个老师讲课其实倒是挺好，第一次课给我们每人各送了一本竺可桢演讲选录，而且老师上课之余也会给我们提出许多很有用的建议，课堂开始会给我们介绍国内外时事，就课堂本身来说还是不错的\n\n作业只有两次，算是很少的了\n\n但是...这老师乱给分也是真的，身边好多人都没上3，估计是早料到会被学生骂了，刚考完就解散了钉钉群，就nm离谱...\n\n就凭这点，4分，不能再多了\n\n最后关于点名，老师说是只在第一节课点名，但是老师会不时点学生提问，更离谱的是，这老师经常出差，只能让助教代课，然后助教完美无视了这个承诺，直接全班点名...吐
137786,4215,王万成,2021-07-06 06:42:08,5,7,2,拖堂分低
139524,4215,王万成,2021-07-17 02:37:18,3,6,3,没意思，反正努力也没分，不努力分高，微卷屁用没有，要卷拿满绩就当毕业设计去卷
141730,4215,王万成,2021-10-23 06:53:38,4,6,2,乱给分算是见识到了
142623,4215,王万成,2021-11-14 15:50:57,5,7,2,小组展示半个小时起步就离谱
145003,4215,王万成,2021-12-26 12:22:21,12,13,1,拖堂，不说了
151189,4215,王万成,2022-02-24 07:06:55,6,7,1,傻逼玩意儿
151280,4215,王万成,2022-02-27 12:10:42,6,7,1,拖堂，毫无意义的课程
151717,4215,王万成,2022-03-13 12:23:43,12,13,1,老是拖堂老是拖堂，讲一堆没有内容的东西，什么也学不到 浪费时间
151855,4215,王万成,2022-03-18 02:36:28,16,17,1,傻逼东西
154050,4215,王万成,2022-05-20 14:29:06,10,11,1,吊毛一个
154830,4215,王万成,2022-06-06 03:34:36,16,17,1,勾八玩意儿给爷爬，就你配当海院思政部部长？妈的屌毛东西让你办个事逼逼那么多话还不给办，tmd到处踢皮球，不会办事就给爷去死，傻逼玩意儿cnmd
155303,4215,王万成,2022-06-10 12:06:56,30,33,3,我操你妈了个逼的傻逼玩意儿\n\n一天天整的跟个脑瘫一样\n\n问问题从来都不回复\n\n学生会要举办活动就纯瞎jb扯踢皮球\n\n还他妈的思政部部长\n\n你他妈个逼的以为自己是谁啊\n\n整天热衷于做宣传，从不考虑学生感受\n\n把学生当作牛马来使唤，自己坐收渔翁之利\n\n纯纯傻逼一个
157039,4215,王万成,2022-06-21 17:04:46,-8,4,12,没什么作业，期末被狠狠捞了，感觉不像以前的评论
157138,4215,王万成,2022-06-22 04:33:07,-10,4,14,感觉有必要加一加了💦上课的体验不止2.9这个分....事少，一次小组一起的展示，20-30min好像，然后寒假似乎有一篇800字作文，其他再也没有了。第一节课点名，然后说以后的课提问代点名，但提问真的很少...我第二学期就开始翘课了，大家看情况自己去，拖课是真的，最多拖到20-30min，（但是人都没到就没的拖了），期末裸考，最后得分4.2/86，似乎说被捞的人也不少，大家看情况选择哦
157388,4215,王万成,2022-06-23 06:06:51,19,21,2,表白xjzh学长，班群说会考ppt原题，结果真的就考到了！！
159541,4215,王万成,2022-08-08 01:43:24,8,9,1,。。。
159772,4215,王万成,2022-08-29 03:52:57,11,13,2,无语子
159792,4215,王万成,2022-08-31 06:51:17,21,22,1,wwc绝对是我见过最傻逼的东西，真不知道学校党委是怎么把这种人放到这么重要的思政部部长岗位上来的，格局中只有自己的升官从来不加考虑学生们的感受。对学生抠抠搜搜的，对领导点头哈腰。\n\n办事永远只会想着这事儿对领导好不好，对自己好不好。在他眼中哪儿来的为人名服务，只有“为自己服务，为领导服务”学生要办个什么事情，首先想到的是有没有出事的风险，自己会不会下岗。\n\n还有很多的东西不适合多说，反正就请大家知道这是个人品很有问题的东西就好
159963,4215,王万成,2022-09-10 08:20:24,13,14,1,傻逼东西。家里面没人了才会是这样。
161166,4215,王万成,2022-10-30 13:00:57,5,7,2,虚伪的一批，装腔作势
163924,4215,王万成,2022-12-16 14:32:27,4,7,3,SB无语
170474,4215,王万成,2023-03-05 13:01:28,14,15,1,不想骂人的我两年回来追评：wwc同样也绝对是我见过最傻逼的东西，真不知道学校党委是怎么把这种人放到这么重要的思政部部长岗位上来的，省级优秀毕业生答辩吃相简直不要太难看，格局中只有巴结自己以及留本院读研的学生才是最优秀的，其他就算你成绩再好，学生工作做的再多也白搭，一听到你保研出去直接脸色拉的难看的一批，最后提问环节搞得就像是法院审判罪犯一样审问你。\n\n其次就是表面功夫做尽，紫金港遭遇疫情期间倒是知道给低年级本科生发物资，结果舟山校区的学生找你办事，你倒成了缩头乌龟了。大四申请回紫金港住宿永远要被这玩意盘问来盘问去，最后一票否决不给签字盖章，永远只会想着这事儿对领导好不好，对自己好不好。\n\n我只能说在海洋学院呆的后两年是我活这么大所经历的最窝囊的两年，曾经昧着良心尽量不给学弟学妹传递海院的负能量是非常后悔的做法，就指望这样子的人建设海洋学院，落实海洋强国战略，你妈你信吗？\n\n如果再让我给低年级学生做分享，我只会劝他们赶紧逃离海院，越快越好，留在这只会徒增精神内耗。
171396,4215,王万成,2023-04-18 21:19:11,6,8,2,枉为人师
171765,4215,王万成,2023-04-04 11:08:34,2,4,2,呵呵呵
175987,4215,王万成,2023-06-27 10:47:45,-1,1,2,老师给分巨好！！！
175988,4215,王万成,2023-06-27 10:49:25,-1,2,3,这老师给分真的好好，我平时上课水一下考前ppt都没怎么看竟然有4.5！！！（感觉老师现在已经改过自新了，还是可以给个机会的）
175990,4215,王万成,2023-06-27 11:04:56,-3,1,4,给我卡94 服辣
176091,4215,王万成,2023-06-27 15:49:10,1,3,2,就因为他给了我满绩，我也必须给他满分了
176143,4215,王万成,2023-06-28 02:54:00,2,2,0,阿巴阿巴阿巴
176865,4215,王万成,2023-06-30 13:07:49,0,1,1,意满离
177911,4215,王万成,2023-07-05 11:12:25,9,9,0,这么喜欢海洋怎么调去历史学院了呢？
179084,4215,王万成,2023-08-27 13:27:46,7,7,0,傻逼玩意儿
181349,4215,王万成,2023-10-15 12:38:56,8,8,0,🤗拖堂好手
188747,4215,王万成,2024-01-19 22:35:07,4,4,0,垃圾老师
194272,4215,王万成,2024-06-23 04:41:31,1,1,0,疑似有点太能装了
194794,4215,王万成,2024-06-25 12:15:38,-2,1,3,23-24学年，不知道为啥这个老师评分这么低。但我感觉老师蛮好的，最后认真背一下老师发的ppt，老师给了4.5的绩点，不卡绩，挺好的~好多其他班的同学绩点才3开头。
194806,4215,王万成,2024-06-25 13:03:09,-2,0,2,来救一下老师的分 形策课没有签到只有随机点人回答问题 本人一次病假+一次发言+考前速通两小时，最后4.5挺满意的
196742,4215,王万成,2024-07-05 02:55:37,-2,0,2,事情少，给分好而且不卡绩
196836,4215,王万成,2024-07-05 11:48:47,0,0,0,臭煞笔
200253,4215,王万成,2024-10-15 07:08:53,2,2,0,不要用文字游戏般的法律条文欺压学生，当老师的该有一定的职业操守
205105,4215,王万成,2024-12-01 13:47:09,3,3,0,迟到十分钟不给补签。难评。说什么靠平时成绩自己补。好吧，我是还没遇到过这种老师。🙄🙄🙄
217177,4215,王万成,2025-04-03 06:22:24,0,0,0,每每想到这笔都要过来打个1分
219994,4215,王万成,2025-06-13 09:57:47,0,0,0,助教李哥又帅又捞给8分，老师倒扣2分
85375,4299,王华萍,2018-07-17 09:37:26,-23,9,32,我能说课难不怪老师吗?ʅ(´◔౪◔)ʃ
145592,4299,王华萍,2021-12-30 11:16:23,27,32,5,傻逼😅
150446,4299,王华萍,2022-01-25 11:16:09,18,22,4,讲课不行，给分也很差，非必修千万不要选。
150581,4299,王华萍,2022-01-31 02:15:20,17,20,3,上课很无聊，小测很多，最后给分大绩杀。
151660,4299,王华萍,2022-03-10 13:39:44,22,24,2,😅😅😅
152309,4299,王华萍,2022-04-03 03:02:56,-6,7,13,看起来很凶，实际上很和蔼的老师
152393,4299,王华萍,2022-04-07 14:22:35,24,26,2,我是傻逼
152493,4299,王华萍,2022-04-13 06:12:53,20,23,3,态度还行，教学能力不敢恭维
158548,4299,王华萍,2022-06-30 07:18:48,2,7,5,上课啥也没讲明白，但是课后非常负责…
160296,4299,王华萍,2022-09-17 11:17:20,7,7,0,上课啥也不讲，考试题出的还难，不过应该捞了
168432,4299,王华萍,2023-02-16 08:49:08,4,7,3,很负责任的老师，答题很仔细。
171157,4299,王华萍,2023-03-17 06:07:28,9,11,2,伞兵海院信号与系统😅
184234,4299,王华萍,2023-12-13 13:52:15,0,0,0,态度不错，给分不错，讲的答辩，建议b站自学，最后考试简单的
190927,4299,王华萍,2024-03-24 13:32:13,10,10,0,条理不清，甚至让我一度有连她自己都不知道自己在讲什么的感觉。表述不清，听课全凭“意会”。上课强行“活跃课堂氛围”，点人上黑板写题，个人认为这样不仅题目没有讲清还浪费很多时间，且是在讲课并不好的情况下抽人。作业题让同学们分小组自己讲，浪费时间且很无效。课堂效率极其低下，上课什么都不讲给你布置阅读课本的作业让你下去自己自学。还有实验课的老师，讲得也是一坨。
191239,4299,王华萍,2024-04-14 13:57:45,4,4,0,教学大纲乱七八糟的，没有逻辑
194901,4299,王华萍,2024-06-26 01:39:13,5,5,0,讲课水平非常难评，可能她自己明白自己想讲什么，但是从嘴里说出来就是毫无逻辑连贯性，作为学生，我觉得她讲课真的不咋地。\n\n态度挺不错的，对学生并不算严苛，我觉得能算是比较宽容的那类老师，考试之前感觉心里很慌，就去和老师稍微吐槽了一下，老师也比较平和地安慰了我……给分可以，看最后总分应该是捞了的，平时分好像能给高就给高？\n\n我觉得这个老师还是可以考虑的，虽然总体评分不高，但是给分还不错，至少不像某些老师，分一出直接傻眼。
196077,4299,王华萍,2024-07-01 12:31:55,3,3,0,信号与系统\n\n对同学还是挺好的，也能看出认真备课了，但是和课本顺序分离，最后还需要学生自己细细理一遍。不过也能顺便准备2张a4纸。\n\n平时分不会为难学生，给的还是很高的，不过这门课大家也没有别的选择了哈哈哈
197256,4299,王华萍,2024-07-10 03:11:11,3,4,1,好老师，课讲的确实不太清楚，但是大学不本来就是靠自己期末速通吗？就算老师平时讲得好，上课也认真听了，到期末也基本忘的差不多了。我反正认为不管课讲得怎么样，只要平时分捞了，期末出卷简单，就是好老师。
216186,4299,王华萍,2025-03-12 02:17:21,0,0,0,这老师真的无敌了
216829,4299,王华萍,2025-03-26 07:40:28,0,0,0,讲课简单的部分还算清楚，一难起来就不甚明白了，而且课上讲的东西能解决课后作业么？另外这作业也太多了吧，时间还都这么紧张……只能说老师上课颇有不少同学学习的意思——态度是好的，效率实在不高，那总评也只能给到同学们的常见分数——及格分了
221628,4299,王华萍,2025-06-25 04:27:49,1,1,0,选了信号与系统\n\n1.黑板板书板书授课，偶尔用ppt，字好看，平时上课没怎么听，期末梳理挺好的，帮你搭建解题的知识框架，对我有很大帮助\n\n2.三次小测，题目都是历年题里面挑的，难度不大\n\n3.这学期没点过名\n\n4.要分小组讲解每一章节作业题的高频错题，每个人1-2道\n\n5.matlab和理论知识分开上的，matlab有四个project，实验课听了就会做都不难\n\n6.课程设计有简单，有难的，也有创新型的题目，三种题目评分标准不一样，我选了简单的给分还可以\n\n\n\n信号与系统建议去听hhj老师的b站课，已经封神了，除此之外就是自己记牢变换对，记牢变换性质，多刷题多做历年卷就好\n\n老师授课水平不做评价，态度很真诚很温柔，我自认为学的不算特别认真，平时作业也有迟交，小测三次也考的烂，但是最后给分非常好，看得出老师很捞了\n\n总结：不点名，给分捞，自学能力强的无脑选
86447,4300,陈正,2018-09-16 09:30:40,-4,10,14,很棒感觉受用一生
86448,4300,陈正,2018-09-16 09:30:43,0,14,14,老师上课非常有趣，知识点讲解透彻。给分也不错
102568,4300,陈正,2019-02-09 05:53:29,4,15,11,非常棒
112906,4300,陈正,2019-07-05 10:16:59,-1,10,11,高大上
116184,4300,陈正,2019-09-05 15:03:59,-1,16,17,海院第一帅！虽然老是点我起来回答问题，但就是很喜欢陈老师的课，给分也不错。
118224,4300,陈正,2019-10-23 07:59:22,-3,9,12,讲的非常通透！
120320,4300,陈正,2019-11-28 09:32:59,0,12,12,男神！！！
121641,4300,陈正,2019-12-11 07:13:28,-4,7,11,正哥我爱你
141280,4300,陈正,2021-09-28 06:07:51,-3,9,12,老师好帅！声音也好听！
149927,4300,陈正,2022-04-28 12:05:43,15,46,31,下面说陈正老师的，自己差就别过来bibi，老师给分非常好，老师讲的很好，给分也很好，卡绩？好笑，今年海院是出了什么东西，一个两个因为自己菜在这无差别乱喷，不仅喷陈正老师，还去黄豪彩老师底下喷，垃圾，就会动嘴皮子
150226,4300,陈正,2022-01-20 15:54:48,11,23,12,从今年开始，老师就像变了一个人一样，讲课也没有以前那么清晰，给分也绩杀，整个海院都处于摆烂的状态，奉劝看到评论的各位尽早准备跑路吧，海院不珍惜自己的学生，留在这纯属浪费时间。
150301,4300,陈正,2022-01-22 01:18:06,15,23,8,讲课还行，不知道以往如何，至少今年给分特别差。
150436,4300,陈正,2022-01-25 07:53:18,9,18,9,绩杀，慎选。
150574,4300,陈正,2022-01-31 00:29:06,0,22,22,强烈建议取消这位老师的职称。\n\n上完唯一的收获就是看清了浙江大学海洋学院金玉其外败絮其中的真相，一众所谓杰出人才皆欺世盗名之徒，这位老师更如跳梁小丑一般哗众取宠，真乃百年求是之大耻！
150755,4300,陈正,2022-02-17 12:18:46,-7,14,21,卡了点成绩至于吗？被卡绩谁都失落甚至痛苦，但因为一分两分就对老师妄加评价，这就是浙大学生吗？
151687,4300,陈正,2022-03-11 16:27:02,-9,14,23,老师就是好，一群人自己不行别哔哔，爷照样满绩
151971,4300,陈正,2022-03-22 06:34:39,9,24,15,金玉其外，败絮其中，这个老师讲课没有一点水平，果然科研能力和教学能力不挂钩，上课态度极其敷衍
152515,4300,陈正,2022-04-14 00:37:13,13,27,14,楼下那几个乱bb什么给分好，讲课好的，差不多得了😅 。\n\n别说是控评了，我只能说还没转专业的抓紧时间跑，反正我们又不用对你们今后在海院遭受的折磨负责，一路培养方案上过来，机械设计、信号与系统、海洋资源学概论、物理海洋学基础、水声学原理、海洋信息学、海洋调查方法、都是逆天老师逆天课，新一届提交转专业有70几个，成功跑了30几个，直接问直系学长学姐，海院傻逼老师多不多就完事了。
153431,4300,陈正,2022-04-29 12:07:21,9,27,18,偶尔逛一逛查老师\n\n发现海院听话舔老师的狗还挺多嘛\n\n傻逼玩意
158973,4300,陈正,2022-07-04 06:19:03,-4,19,23,海院确实出问题了，就不该招今年上课的来这骂街的这几个人。自己菜就把怒气都撒给老师撒给学院，知不知道羞耻。你如果正常批评一些该批评的老师、该批评的现象，我们支持，在这无脑乱喷，真是跳梁小丑。
159051,4300,陈正,2022-07-05 07:05:51,17,30,13,楼下那几个乱bb什么给分好，讲课好的，说什么无脑乱喷的差不多得了😅 。\n\n别说是控评了，我只能说还没转专业的抓紧时间跑，反正我们又不用对你们今后在海院遭受的折磨负责，一路培养方案上过来，机械设计、信号与系统、海洋资源学概论、物理海洋学基础、水声学原理、海洋信息学、海洋调查方法、都是逆天老师逆天课，新一届提交转专业有70几个，成功跑了30几个，直接问直系学长学姐，海院傻逼老师多不多就完事了。
159491,4300,陈正,2022-07-25 12:33:44,-14,10,24,希望求是一点，没有所谓一点不付出就想有好的回报的，有些人天天上课都不来，出成绩了就在这骂，而且你考的差不代表老师不行、其他人不行，不要把你的无能怪在别人身上，爷照样满绩。\n\n老师讲课逻辑很清晰，知道自己在讲什么，而且考试小测都有捞人，唯一可能就是平时作业会有点多，不过自控原理也难免。
164275,4300,陈正,2022-12-20 06:18:04,-1,8,9,那两条评论别复制粘贴了
170811,4300,陈正,2023-03-10 03:33:04,8,17,9,海院过誉的老师之一，没必要捧上神坛
170942,4300,陈正,2023-03-13 03:38:30,-3,17,20,srtp极其不负责任，对课题提供不了半点指导，无语
171434,4300,陈正,2023-03-24 04:10:43,1,9,8,上过课的都知道讲的怎么样吧，自控讲的那么清楚都能打低分，什么学渣啊
171764,4300,陈正,2023-04-04 10:32:58,10,10,0,中规中矩，下面无脑吹的差不多得了
172059,4300,陈正,2023-04-18 09:01:23,0,5,5,上课上的好，作业量合理，给分不错。
173940,4300,陈正,2023-06-05 04:09:39,1,5,4,相较这学期的神课，自控还是太友好了
174294,4300,陈正,2023-06-09 05:24:12,10,10,0,不点名但小测很多，平均两节课一次，别翘课。讲的还可以吧，反正也无所谓，不都是靠写作业自学吗\n\n另外，这是我上过的所有海院专业课里，体感最好的一门课。\n\n注意，并没有说这门课真的好的意思。
174979,4300,陈正,2023-06-20 13:36:21,10,11,1,课程中规中矩，没必要喷，但也没必要捧这么高
178941,4300,陈正,2023-08-03 00:57:57,13,17,4,也就那样，别太当回事
179458,4300,陈正,2023-09-16 07:06:02,27,35,8,背靠大树好乘凉
180869,4300,陈正,2023-09-27 10:07:44,12,23,11,傻逼东西
180995,4300,陈正,2023-10-01 07:25:22,33,39,6,前面那位骂SB的我知道是谁了hh 只能说cz今年保研搞得骚操作是真的多，提前联系老师的学弟学妹们建议稍微谨慎点
184115,4300,陈正,2023-12-09 23:55:41,6,17,11,垃圾老师
189473,4300,陈正,2024-01-24 14:42:00,0,12,12,讲课不错！给分也不错
191157,4300,陈正,2024-04-09 11:55:27,1,10,9,挺好，回答问题很及时
192286,4300,陈正,2024-05-13 14:55:10,11,17,6,感觉老师是个i人哈哈哈哈哈，老师很可爱很帅人很好很好！！！
192813,4300,陈正,2024-05-30 23:48:53,-5,10,15,公道自在人心，垃圾老师
193703,4300,陈正,2024-06-16 01:07:13,6,9,3,这个真的还可以了，硬喷没意思
193940,4300,陈正,2024-06-21 02:57:05,20,24,4,在海院里已经是T0级别的好老师了，硬喷没意思
203637,4300,陈正,2024-11-20 08:26:00,16,18,2,楼上这是在乱讲什么，随便复制粘贴别的老师评论区的评论？
206409,4300,陈正,2024-12-15 03:58:57,-13,2,15,风骨远胜于媚骨
218888,4300,陈正,2025-05-11 09:35:04,0,1,1,老师非常好，推荐读他的研究生~
138716,4321,罗佩珊,2021-07-10 13:08:36,22,22,0,这tm是宁上课还是老子上课啊……英语和中文说得都很迷，海院为提高国际化程度招这种外国野鸡大学毕业的老师也是醉了
152828,4321,罗佩珊,2022-04-20 07:56:44,20,20,0,什么垃圾啊  英文说的还没小学生好  也没啥水平
153257,4321,罗佩珊,2022-04-27 07:13:45,18,18,0,傻逼老师节节课点名几十分钟 从头点到尾 是个什么垃圾水平 想必不用多说
153561,4321,罗佩珊,2022-07-04 05:58:19,30,31,1,纯SB，群里那些说谢谢老师的几个玩意差不多得了😅\n\n海院知名畜生之一 什么垃圾也配当老师？嗯？
153562,4321,罗佩珊,2022-05-04 17:31:23,16,17,1,你在狗叫什么
153795,4321,罗佩珊,2022-05-11 08:42:16,22,22,0,英文念得跟坨屎一样 海院为了什么国际化也是不择手段了什么垃圾都能引入
153888,4321,罗佩珊,2022-05-15 16:16:48,-16,5,21,罗老师yyds！
153929,4321,罗佩珊,2022-05-17 05:16:37,24,24,0,那个无脑说好话的  学生的叛徒 老师的走狗\n\n你怎么敢的？还是走错片场了？
157576,4321,罗佩珊,2022-06-23 22:34:22,19,19,0,讲课一塌糊涂，给分更是重量级，差不多得了😅
157591,4321,罗佩珊,2022-06-24 01:36:45,25,25,0,给分太感人啦，着实绷不住了
157605,4321,罗佩珊,2022-06-24 06:42:07,23,23,0,我三年以来最低的一门课\n\n上课内容：内容本身没什么营养，认真听课毫无收获，上课英语口语口音很严重，口语极差，严重影响听课。\n\n上课方式：PPT很差，对复习没效果，我在整理的时候甚至发现某些个PPT没有任何信息和知识。浪费大量时间在讨论和点名上，没有意义。会时不时给十分钟要求看视频写总结，不过有一说一视频的英语口语舒服多了…\n\n课程展示：没意义\n\n期末考试：平时说可以用中文写，最后说不行，很离谱\n\n绩点给分：呵呵，我2020疫情期间夏学期的离谱常微分（期末比春学期难很多，给分差）都比这课高…
191613,4321,罗佩珊,2024-04-26 01:20:39,2,2,0,这也能当老师？我不好说
217862,4321,罗佩珊,2025-04-17 08:27:39,0,0,0,喜欢点名互动，口语一般
219565,4321,罗佩珊,2025-05-30 01:11:18,0,0,0,大份的大粪
220021,4321,罗佩珊,2025-06-13 13:47:05,2,2,0,每节课都点名，口音严重。课程内容没啥东西，这门课程真的很差劲。\n\n中间陈雪刚老师会来教学几次课，实话说陈老师上的要比罗老师好很多我个人觉得，教学内容会更深入，课堂讨论也会更有深度。\n\n教学的内容很空洞无味，知识很少，很多时候拿一些很浅显的知识来讨论来讨论去（很大部分是在海洋化学基础这种课里学到过的）。总的来说设置这门课时可能预想很好，既有国际化因素又可以加强同学们的环保教育吧，但实际上这课我真的觉得开设的效果很一般......\n\n分数是由某次课程讨论加课程展示加课程论文加考试决定的。我的分数很低，但我确实没在期末给这门课花时间，所以不讨论给分问题。
220193,4321,罗佩珊,2025-06-16 07:45:46,0,0,0,每节课必一个个点名\n\n简单的东西重复讲，重复的东西学生再讲，我上我也行的课
182339,4453,江宗培,2023-11-15 02:45:22,2,4,2,江老师课题组是不是延毕了好多（）
185779,4460,刘维杰,2024-01-04 09:44:19,0,1,1,太棒了
216203,4460,刘维杰,2025-03-12 10:50:56,1,1,0,老师为人和善，专业知识精通
105916,4498,沈佳轶,2019-04-23 04:48:54,0,0,0,有意思
203351,4589,王赤忠,2024-11-19 10:24:37,-1,0,1,讲课讲的很好，势流理论功底非常扎实，为数不多的能在课上学到东西的好老师。
150342,4723,赵洪洋,2022-01-23 00:47:47,16,16,0,流体力学实验老师。 \n\n一上来就让我们课下预习，上课什么都不讲直接就让我们做实验，还鼓励恶竞，说什么手写可以得高分。 \n\n实验设备一言难尽，每次都要花大量时间去判断仪器能否正常工作，实验考试随便糊弄两道1+1=2的题滥竽充数，最后给分大绩杀。 \n\n强烈建议这样的牛马老师滚出海院，这样的课我上我也行。
170842,4723,赵洪洋,2023-03-10 08:54:18,7,7,0,qnmd臭煞笔，lz要知道实验课三节，谁tm选你这傻逼课，纯脑子有屎
143052,4727,张治针,2021-11-18 11:54:48,4,6,2,emmm，怎么说呢，感觉自己在上药学院的专业课?一堆化学式和化学测量手段，到头来期末考试考得跟政治题一样，大题写的手都断了，海洋资源学概论，快跑吧
115648,4821,冀大雄,2019-08-15 03:34:45,22,24,2,傻B\n\n
118387,4821,冀大雄,2019-10-26 06:57:01,19,20,1,shab导师
124958,4821,冀大雄,2020-07-26 06:01:36,19,19,0,是个sb
133129,4821,冀大雄,2021-02-09 06:07:08,20,20,0,是个sb
139775,4821,冀大雄,2021-07-26 08:37:16,21,21,0,有幸被这sb指导srtp，差点延毕了
139959,4821,冀大雄,2021-08-22 14:11:56,15,15,0,sb啊
140204,4821,冀大雄,2021-09-05 01:19:54,14,15,1,傻bi
140206,4821,冀大雄,2021-09-05 02:16:07,16,16,0,sbsbssb
140232,4821,冀大雄,2021-09-06 08:07:22,20,20,0,煞笔？
140249,4821,冀大雄,2021-09-09 11:44:25,19,19,0,真的sb
140256,4821,冀大雄,2021-09-07 06:46:45,28,29,1,1202年了浙大居然还有这样的sb
140666,4821,冀大雄,2021-09-15 03:32:49,20,20,0,真的是傻b啊，恶心死我了！
143677,4821,冀大雄,2021-12-01 10:52:06,19,19,0,有幸被sb评审
143690,4821,冀大雄,2021-12-02 00:59:21,47,49,2,评1分的原因是没有0分的选项； 🐔大🐻基本上可以说是个报复社会的（S）B，一天天除了吹牛不不讲啥实在内容，海院的学生真的可怜，学着所谓的21世纪学科，就业平均薪资比不上开挖掘机也就算了，还要在这种毫无意义的课（水下机器人设计）上面浪费时间，接受这种蠢币老师的压迫。 上来就直接让我们达到研究生水平，你他妈不识字是不是，老子是海洋工程的本科生，你他妈动动嘴皮子我就牛逼了是吧?那你他妈还当啥老师，直接去开辅导班啊，布置个完全不会的作业给学生，学生就牛逼了，你他妈肯定可以一本万利。 日常：“这个问题我觉得太简单了，大家自学就行，这个代码我没写，但是我觉得很简单，大家努努力肯定可以完成。”最可笑的是，拿着个github上面直接clone下来的代码，连尼玛解压缩都没干，就发上来了。老子辛辛苦苦装环境，结果尼玛根本跑不了。问他，他他妈说什么是以前学长写的，毕业很久了，没法弄。他妈的真当我们不会用github，连readme.md都没删，上面有原网址的链接，是他妈国外的一个大学写的，真她妈大言不惭。 看到这个评论的兄弟，如果你还是大一大二，赶紧转专业吧。动科、农学，哪个专业水转哪个。4年紫金港不香吗？要来这么个鸟不拉屎的小岛？腾出时间考研跑路不好吗？要在这么个毫无前途又令人秃头的专业上面耗？如果你大三了，考研准备起来，别在意这种傻逼课的绩点了，纯是坑人的。（以上建议对想要多赚点钱韭菜有效，后浪们就随意吧）
143724,4821,冀大雄,2021-12-02 13:55:00,16,16,0,无话可说
145590,4821,冀大雄,2021-12-31 11:45:37,17,17,0,傻逼😅
148453,4821,冀大雄,2022-01-12 13:37:01,18,18,0,大傻B
151039,4821,冀大雄,2022-02-22 06:31:56,19,19,0,大雄老师，柠檬什么时候酸啊
151046,4821,冀大雄,2022-02-22 07:44:43,12,12,0,ex，ex
151302,4821,冀大雄,2022-02-28 06:44:40,34,34,0,每次上课困了就来看一遍 看完很感谢 立马精神
152121,4821,冀大雄,2022-03-27 16:06:14,29,29,0,唉 记录一下\n\n2022  02.21开始水机课  到03.25号  修理模型机一事儿以学校资金不足，四到五个小组共同使用一个模型机的方式告终\n\n然后紧接着在群里发大言不惭的说03.29进行模型机检查，纯纯铁树开花，牛马奇葩\n\n牛马海院，不怪学生们考研都想逃离这儿，自己看看这水声学，嵌入式，通信原理，海洋调查，引以为傲的水机，哪一门不是纯纯谢特，还tm专业课，全改成自学课算了，啥也没学会，就学会了复制粘贴，有没有任何价值？\n\n望后来的学子要么清醒逃离要么奋勇向上当个院长换这个专业一片光明！
152844,4821,冀大雄,2022-04-20 11:52:11,15,15,0,真离谱，存不存在没有区别
154383,4821,冀大雄,2022-05-31 11:22:06,18,19,1,我操你妈了个逼的傻逼玩意儿\n\n一天天整的跟个脑瘫一样\n\n问问题从来都不回复\n\n你他妈个逼的以为自己是谁啊\n\n整天热衷于做宣传，从不考虑学生感受\n\n把学生当作牛马来使唤，自己坐收渔翁之利\n\n纯纯傻逼一个
155232,4821,冀大雄,2022-06-09 14:19:44,34,34,0,活了20年第一次碰到这种傻逼
159826,4821,冀大雄,2022-09-04 06:25:36,24,24,0,什么睿智
192632,4821,冀大雄,2024-05-26 14:37:02,8,9,1,利雅得新越VS冀大联合
197410,4821,冀大雄,2024-07-13 08:13:39,6,6,0,大傻逼啊我操你妈
197411,4821,冀大雄,2024-07-13 09:23:24,4,5,1,别光骂老詹，这玩意也半斤八两😊
72233,4870,高铭希,2018-01-29 15:10:37,0,0,0,官僚主义浓厚，作为学生会的负责人真的是差劲！带个军训，装模作样，官腔一套一套的，当个辅导员觉得训学生很好玩很开心？
75658,4870,高铭希,2018-03-15 01:31:36,0,1,1,蓝田刘恺威
76734,4870,高铭希,2018-04-19 12:26:38,0,0,0,话痨...
80183,4870,高铭希,2018-06-21 06:56:07,0,1,1,希哥真心和善，表扬。。
90214,4950,林渊,2018-11-22 13:20:14,9,9,0,Just soso
117370,4950,林渊,2019-09-23 11:41:05,8,8,0,念ppt
150059,4950,林渊,2022-01-18 15:18:44,13,13,0,垃圾中的垃圾，给分差的一匹，一分都不调。 \n\n海院的课还真是奇葩，期末直接照搬人家其他学校的期中考试卷，被当作重点的后四章几乎没怎么考，反倒你妈出一堆要背诵的概念题来故意拉分，我看你妈真是个nt😅。
150118,4950,林渊,2022-01-19 07:52:42,12,14,2,1分不能再多了。\n\n上课不知所云，期末试卷乱出题，上课讲的所有重点一点没考，反倒考了一堆概念题。\n\n最后给分绩杀又卡绩，建议这样的老师都滚出海院。
162614,4950,林渊,2022-11-29 07:21:01,4,4,0,上课念ppt
214131,4950,林渊,2025-01-25 04:58:11,0,0,0,just soso
213961,4961,王晓萍,2025-01-22 06:40:57,0,0,0,讲课挺清楚，就是微机原理这门课事情真的太多了，学生拿的都是辛苦分
197746,4968,何方,2024-08-08 02:36:19,6,6,0,大啥笔
197876,4968,何方,2024-08-18 09:12:27,6,6,0,啥笔呀
98342,4977,邓争志,2019-01-23 10:45:10,6,6,0,老邓牛逼
120544,4977,邓争志,2020-01-12 10:08:20,2,2,0,确实让我们有在课堂中掌握到学习方法的一位老师
123675,4977,邓争志,2020-06-11 10:09:49,3,3,0,课堂氛围可以说是最好了。
125479,4977,邓争志,2020-09-10 03:48:51,3,4,1,真正的好老师，有情怀，会考虑学生。\n\n结构力学课教得很好
160626,4977,邓争志,2022-09-28 14:10:23,0,1,1,邓老师是真大牛
165911,4977,邓争志,2023-01-10 11:09:28,4,4,0,好好好
170154,4977,邓争志,2023-03-01 14:48:32,2,2,0,好好好
175361,4977,邓争志,2023-06-24 08:07:15,1,1,0,邓哥嘿嘿我滴邓哥
181167,4977,邓争志,2023-10-10 12:24:33,4,4,0,这是不是海院所有老师里评分最高的
187640,4977,邓争志,2024-01-17 02:44:01,1,1,0,老师你是我的神
190465,4977,邓争志,2024-03-05 03:08:32,2,3,1,This time of last semester， no one knows who Mr.deng is. This time this semester，everyone knows Mr.deng is the king of jungle!\n\n“喜欢打野”，讲课清晰，作业合理，给分不低。上课没法水手机，但确实能学到东西且拿到不错的分数
215939,4977,邓争志,2025-03-07 22:37:09,-1,0,1,邓老师是我在浙大这么多年遇到的最好的几位老师之一了，无论是学术能力还是情怀层面，希望老师做大做强！
216152,4977,邓争志,2025-03-11 05:25:04,1,1,0,邓老师看来是王者老玩家了，经常打野
127781,5113,乐成峰,2020-11-27 01:51:19,-4,8,12,既然老师给我的分不太行那我给老师的分也必然不太行……几乎没有平时分吧……课上的这么水给分还这么不行也是我没想到的\n\n
127795,5113,乐成峰,2020-11-27 06:49:16,10,15,5,画饼大师
139761,5113,乐成峰,2021-07-26 02:17:56,7,10,3,希望老师给分能好一些，这门课难度很大，再加上ppt讲的不是很清楚导致学起来很费劲。
143089,5113,乐成峰,2021-11-19 01:49:17,-1,6,7,10分 必须10分 我乐哥课上得好 人也负责 给分只要你认真那就是好
159536,5113,乐成峰,2022-08-05 10:21:33,7,11,4,纯纯的狗杂种
182130,5113,乐成峰,2023-11-10 11:33:46,1,2,1,不清楚
200597,5113,乐成峰,2024-10-20 07:35:19,0,1,1,物海特有的必修水课
205309,5113,乐成峰,2024-12-04 07:25:19,0,0,0,上他的课不如上课睡会觉，至少自己还开心点\n\n不知所云\n\n真是伟伟又大大的海洋水课
208762,5113,乐成峰,2025-01-01 12:12:10,1,2,1,为什么自家学院的学生还要绩杀这么狠呢，半学期课考的东西又这么糅杂
107566,5127,张朝晖,2019-05-06 17:57:13,10,13,3,垃圾中的垃圾，要求做答辩还不能查文献了？个人主观因素太多了，对于学生区别对待，不舔的没活路，真的
115468,5127,张朝晖,2019-07-26 00:50:22,7,10,3,呵呵了
115469,5127,张朝晖,2019-07-26 09:10:09,9,12,3,爱怼人
115620,5127,张朝晖,2019-08-10 02:22:07,20,24,4,听完物理海洋那个女老师讲的课之后我居然觉得zzh挺真诚挺可爱的……但是海洋科学概论这门课除了像阿笠博士的老爷子以外所有老师都透露着一种蜜汁自信不可一世的感觉……连cy前院长都那样……讲真海院各位老师的辣鸡双非甚至二本学历和科研成果真的配不上zju的名头，仔细看看简历ls老师她们还大搞学术近亲繁殖，海院的研究生每年调剂一堆助教有多水你们又不是没听说过……从这种意义上说zzh真的还算老师里面好的，你们别怼他了，有这么多猪队友真不是他一个人的锅。总之理论课水过史纲实验课乱七八糟最后几篇报告七拼八凑混个分数完事，舟山公费20日游我给满分。不过答辩被怼的各位摸着良心想一下，你放几个显微镜下的微生物照片从知网荡几篇论文复制粘贴一下的工作量和选物海的组至少用计算器算了个平均值甚至学了学怎么用matlab装逼的能比吗？没说不能查文献但不能只查文献。最后分数不好回来把气全撒在老师身上，你真的觉得老师们不知道海院均绩低不想找机会拉你一把？
115859,5127,张朝晖,2019-08-21 09:05:56,9,12,3,上课很水，真正的干货没有，但是答辩要求又高
132999,5127,张朝晖,2021-02-06 05:09:24,12,16,4,百度或豆瓣搜索“征婚启事（wife needed）”你会打开新的天地（溜了溜了）
139798,5127,张朝晖,2021-07-27 14:46:56,11,14,3,做个答辩能被怼出心理阴影（lz是一年级本科生，不是研究生）
139815,5127,张朝晖,2021-07-28 07:36:49,12,15,3,渣渣辉怼人名不虚传，\n\n建议取消答辩，毫无意义，要求还贼高。
139915,5127,张朝晖,2021-08-18 05:07:38,11,14,3,总评成绩中等，喜提2.5绩点
139922,5127,张朝晖,2021-08-20 02:44:13,15,20,5,小学期成绩奇低。答辩不说清楚要求还以一套所谓的标准把真正有思考的答辩选材一顿痛骂，那么多同学那么多辛苦和思考全部白费。上课不知所云，自私自利，没有一点为人师表的样子。
144515,5127,张朝晖,2021-12-22 04:01:56,22,25,3,张老师的课是我上过的所有课中最有意义的\n\n通过张老师的课堂，我学到了人生中一条宝贵的箴言\n\n那就是:\n\n学生的人格和尊严，算个屁
152394,5127,张朝晖,2022-04-07 14:43:10,16,19,3,前日出版的《扬子晚报》刊登了一则征婚启事，征婚者自称南京大学教授、博士生导师，广告用4种语言穿插，诗词歌赋并用，希望找到一位30岁左右的姑娘。不过，通篇启事只留下个人邮箱，未透露姓名和其他联系方式，引发网友好奇。很快，有人根据履历检索出他是南京大学地球科学与工程学院教授、博士生导师张朝晖。前日，记者证实了这一消息。\n\n\n\n经历非凡文风霸气\n\n\n\n这则占据了半版、引发网络强烈围观的征婚启事用词诙谐，开篇即夹杂使用中英文等4种语言展开自我介绍：……男，44岁，168cm，74kg，未婚，浙江人……\n\n\n\n因为征婚者介绍了身份——南京大学本科，中国科学院硕士，美国常青藤(IvyLeague)学校Ph.D.（哲学博士），麻省理工学院(MIT)博士后，2009年结束在美13年的生活，到南京大学担任教授和博士生导师，因此引发了网友的好奇。这名教授还详细介绍了自己的兴趣爱好和经济情况：江南地铁沿线住房3套，地下车位2个，勉强可维持体面、温饱生活的收入1份。\n\n\n\n征婚最后提出要求“寻找一位30岁左右的未婚姑娘，心态平和，热爱生活，性格温柔、乐观、开朗；足够成熟可以为人妻、为人母”，并表示对容貌的要求是长相体面即可。\n\n\n\n征婚广告花两万元\n\n\n\n征婚的教授身份神秘，除了留下征婚邮箱外，没有留下其余的联系方式，也没有透露真实姓名。\n\n\n\n不过，很快有网友根据其履历对南京大学疑似人员展开搜索，并锁定在一个人身上：南京大学地球科学与工程学院的教授、博士生导师张朝晖。\n\n\n\n《扬子晚报》广告部的一名工作人员向记者证实，征婚者就是张朝晖教授本人。据其透露，张教授明确要求将征婚启事刊登在“南京城事”版面，刊登这样版面大小的征婚启事需要花费约两万元。\n\n\n\n前日，张朝晖在接受媒体采访时透露，征婚启事写作连带修改大概有两个月。
154998,5127,张朝晖,2022-06-07 09:33:37,11,14,3,张老师要求比较高，学术水平是没得说的，想混学分的同学，退！退！退！
172113,5127,张朝晖,2023-04-20 01:50:02,9,14,5,不论海洋科学概论如何（22年的海洋科学概论也有改进）有机地球化学真的是一门很棒的课程，只有两次作业，是课上讲过的题，考试虽然闭卷，但是基本上是作业和上课讲过的。如果专心听的话，每一节课还是会很有收获的。
175006,5127,张朝晖,2023-06-21 02:39:30,-7,6,13,楼上那个无脑吹老师好的差不多得了\n\n别给你一个可怜的分数，就表现出一幅跪下来舔的嘴脸
178786,5127,张朝晖,2023-07-22 14:32:40,7,11,4,渣渣辉，这人不是很友好，出了名的坏老师。\n\n反正对于能从zzh手上毕业的研究生，我是很佩服的😅
178982,5127,张朝晖,2023-08-11 15:24:50,3,5,2,舟山三周游还行
179011,5127,张朝晖,2023-08-20 07:11:45,5,10,5,挺负责的老师，生病了还坚持来上课。海洋科学概论给分变好了，答辩氛围也没有底下评论说得可怕。
179012,5127,张朝晖,2023-08-20 07:21:28,2,7,5,短学期安排还挺不错的，就是个别可能累了点，最后的答辩也不会太折磨人，每个报告都认真写了的话成绩还是不错的，最后满啦，谢谢张老师
183481,5127,张朝晖,2023-11-26 14:52:39,3,8,5,从上课来看是挺好的老师。据说以前很凶，现在起码从有机地化来看没有什么逆天的地方。上课内容比较充实，很多PPT讲的都是他自己做的研究，讲课得挺实在，听起来挺舒服。给分也蛮好，考试作业重合度高，考的也不难，平时事少。这届有机地化就5个人选，挺推荐之后的学弟学妹选的。
197567,5127,张朝晖,2024-07-19 09:08:25,1,3,2,天才一般的老师，把学生也当作天才，所有的软件都是自学，两天创造一个奇迹
198566,5127,张朝晖,2024-09-10 03:23:11,3,3,0,短学期课上的挺舒服的
201408,5127,张朝晖,2024-11-02 04:42:57,5,5,0,上课很踏实的老师，短学期和有机地球化学都是他带过来的，从本科生的角度来说并没有什么逆天之处，恰恰相反，反而是海院里难得一见的知识踏实，不讲废话，上课有水平的好老师。
170816,5196,梁旭,2023-03-10 03:56:19,6,9,3,情商巨低
219896,5196,梁旭,2025-06-10 11:26:35,1,1,0,压榨研究生，慎选
152645,5201,袁野平,2022-04-17 06:04:47,2,11,9,真tm无话可说，物海实验课非要考试，考试还没说要带尺子和计算器，最后试卷乱出题，真有你的
152648,5201,袁野平,2022-04-17 10:18:25,2,10,8,你是什么垃圾玩意儿？😅 就这态度和能力还能当浙大的老师？
152710,5201,袁野平,2022-04-18 15:24:59,-3,6,9,袁老师真的不错～
152744,5201,袁野平,2022-04-19 06:13:05,-10,7,17,可以给老师一个中规中矩的评价。作业布置不算很明确，但是考试内容确实都是上课讲过的，尺子我觉得不是什么问题，因为考试对画图的精确性要求不高，都是示意图即可。计算器的问题老师也说了没带计算器的话就保留根号。我觉得这些都是挺小的事情。没想到有人特意拿这些事情来评价老师。\n\n不过yysy，我们这届有些人戾气真的很重。如果有后面几届的同学来看这些老师的评价，还希望辨别一下，不要提前主观带入了。
152915,5201,袁野平,2022-04-21 15:14:10,-6,9,15,还行吧 事不多
157606,5201,袁野平,2022-07-24 14:26:45,-6,11,17,袁老师如果你们还能挑出毛病那你们到了社会是活不下去的
171338,5201,袁野平,2023-03-22 03:52:25,8,8,0,中规中矩
191069,5201,袁野平,2024-03-31 15:17:14,2,3,1,绝对的好老师！能感觉到知识储备超级丰富
193610,5201,袁野平,2024-06-14 02:00:54,2,2,0,讲课很温柔，逻辑清晰。
193905,5201,袁野平,2024-06-20 13:33:39,2,2,0,科技英文写作，还算可以
197721,5201,袁野平,2024-08-04 10:57:02,4,4,0,科技英文写作这门课给分还是不错的，袁老师人也很好，虽然上课的几位老师都很喜欢喊人回答问题哈哈哈
197760,5201,袁野平,2024-08-10 13:15:21,4,4,0,老师挺好的
115780,5209,于洋,2019-08-20 08:38:29,0,1,1,哈哈哈
132892,5209,于洋,2021-02-04 13:00:16,0,1,1,老师对学生非常真挚，讲课有条理又风趣
190496,5209,于洋,2024-03-06 04:15:26,0,0,0,蛮有意思的老师
132118,5260,杨续超,2021-01-30 11:59:09,21,26,5,感谢老师的大作业让我一天速成ArcGis（雾）。给分海星讲课是真的不行，内容基本等同文献综述，念ppt好歹带点感情吧老师……
140307,5260,杨续超,2021-09-07 23:07:08,22,24,2,arcgis不教让老子速成，那要你何用？小学期哪天答辩提前不通知，学生问你还特么一脸无辜，你给我解释解释月底和30号是不是划等号的，你们家7月份就30天是吧。讲课跟念经似的，没经费就花式卖惨，我看你是活该。
144404,5260,杨续超,2021-12-21 11:05:05,27,29,2,🤡🤡🤡
145589,5260,杨续超,2021-12-30 11:11:48,23,24,1,傻逼😅
150344,5260,杨续超,2022-01-23 00:54:27,20,20,0,上课超级水，给分超级差。
150448,5260,杨续超,2022-01-25 11:51:50,24,25,1,傻逼玩意儿
152063,5260,杨续超,2022-03-24 13:07:14,35,36,1,上了某位L姓所长的课以后\n\n发现杨老师也不是那么糟糕
158251,5260,杨续超,2022-06-28 00:08:43,20,21,1,物海大三科研实习来评：\n\n纯纯nt一个，自己作为负责老师连是否上课都不知道，上课当天直接一句自己去郑州招生，把所有的活转手踢给曹安州。然而更可笑的是，曹安州连这门课要干什么都不知道，这nmb的也能成为大三物海的必修课，还nmb3学分？？\n\n强烈建议取消这个专业，一路走来：大二专业实习、物理海洋学、流体力学、海洋调查方法，都是什么逆天老师逆天课？差不多得了，傻逼海院，谁爱来谁来
159366,5260,杨续超,2022-07-14 17:56:19,17,18,1,我不知道这是个什么畜牲啊?\n\n你妈你也好意思带科研实习?开始前什么都不说，学生都不知道到底上不上课，结果突然说自己在郑州招生，科研实习交给傻逼曹安州，你妈你能提前跟学生说吗?你负责吗?\n\n整个科研实习屁都没说，最后答辩你妈自己都不来，线上是吧，让我们来自己不来?\n\n然后实习报告学生不问就不讲，什么要求都不说，非得学生群里指着你的脑袋你才说要求是吧?你配当老师?你有一点责任心?你是个什么玩意?
159393,5260,杨续超,2022-07-15 17:39:06,19,20,1,畜牲一个 无语 你也配带课带实习?
159405,5260,杨续超,2022-07-16 17:00:55,19,21,2,畜牲也配当老师
160071,5260,杨续超,2022-09-13 03:00:51,5,6,1,本来给分高的话，啥都好说。\n\n你这个课搞得这么拉夸给分也一般，咱也不好说什么了。
162576,5260,杨续超,2022-12-09 07:45:07,7,8,1,sb老师上课水的一b给分也贼垃圾
163501,5260,杨续超,2022-12-14 13:47:44,14,14,0,给分不好
179025,5260,杨续超,2023-08-22 03:44:10,9,11,2,畜生一个，不得好似
181995,5260,杨续超,2023-11-07 13:47:16,13,16,3,第一次想骂一个老师，1.5分通识课，翻译两篇英文文献，对其中一篇做展示，期末开卷考试。每一篇文献就算我用翻译软件也对着校正了几小时，最后做ppt做了二十几页，展示被骂了一顿，没做的直接被赶下去，有做了的像我一样的中途被打断，直接结束赶下台，说我们不尊重他，说有明显软件翻译痕迹的直接60分，期末开卷考不上传ppt，妈的（第一次说妈的），我要不尊重你1.5分通识课给你做二十几页ppt，一篇文献十几页，我用软件翻过之后逐一核对数据校正一篇文献花67个小时，对数据眼睛都要对瞎，你说我们不尊重你，到底是谁不尊重谁呀，妈的
190402,5260,杨续超,2024-03-01 03:15:09,3,3,0,脾气有一点大，不是很有耐心，课中做完展示后被放狠话说不超过60分，但是最后出分的时候发现老师还是嘴硬手软（至少对我），分还可以吧
202418,5260,杨续超,2024-11-12 13:43:01,2,3,1,24秋海洋灾害监测与预警\n\n之前的同学评论有些比较激烈，我们这学期老师没有出现之前同学说的那些情况，最后期末展示虽然拖堂了挺久但老师还是让每一个同学都完整展示完了，没有之前说的中途赶人，老师对同学的评价也都温和了很多，基本没啥批评，可能是因为老师看过查老师评价，所以改了。\n\n说一下课程内容，以各种介绍为主，略水，但其实挺值得上的。老师PPT内容还是挺多的（可能是因为祖传），但同学基本都没人听课所以课上氛围也不是很有激情。上完课之后基本可以对几种主要的海洋灾害有个认识，对于灾害评估有些系统科学的看法吧，能够对海洋灾害的认识观念更深入全面一些。毕竟是个性修读课程，所以实话实说很认真地听肯定没必要，挺适合边做个简单的作业边听课或者刷个单词边听课（PS：我绝对尊重老师的教学），有些有意思的地方或者稍微重要的地方就抬头听听。\n\n再说一下考核，开卷考试和两篇灾害相关文章翻译作为作业，最后一节课要挑一篇翻译的文章做展示。考试没啥好说的，考的题也都和课程内容挺契合的。关于期末作业，确实要花些时间。我身边的同学大多是纯人工翻一篇，机器辅助翻一篇，然后展示人工翻的那篇。再实话实话一下，认真翻一篇文章虽然耗时间但我感觉还蛮好的，毕竟大部分选课的同学是大三刚到舟山校区，之前没有怎么接触过专业相关的东西，借着这个作业正好让自己起码能够看点专业英文文献了，看个十页的小文章基本上能看下去了，是值得做的。时间上纯人工翻译一篇我花了八到十个小时（可能因为我英语比较差），第二篇人工翻的话熟练了可能会快些，如果用机器辅助的话大概两三个小时？\n\n给分情况我不是很清楚，但我猜测总体给分应该在最近几年都给的还可以？认真做的话给分肯定是高的，老师不会连这个都看不出来的，大家放心。一点时间都不花在这门课上确实不合适，翻译用机器随便翻翻，展示的时候把机翻的结果搬到PPT上然后照着念，这种确实没啥意思，大家不要这样。
123665,5261,李培良,2020-06-11 09:21:25,-48,6,54,这位老师认真负责，态度严谨，是为当代教师之典范
123666,5261,李培良,2020-06-11 09:31:10,95,100,5,摄像头前栓只鸭子讲的都比他好
123667,5261,李培良,2020-06-11 09:31:49,24,24,0,快跑\n\n
123668,5261,李培良,2020-06-11 14:27:59,23,24,1,我想一wo lin guang(二声) guang（三声）他一 pu pa
123669,5261,李培良,2020-06-11 09:32:45,35,36,1,我愿称之为海院最shit
123670,5261,李培良,2020-06-11 09:33:10,26,27,1,自恃清高，东经西经都分不清，还战术闭麦。“有问题你们可以问别的老师，别来问我”，问也问不到啊，都不回消息问个xx。
123671,5261,李培良,2020-06-11 09:37:58,55,63,8,评1分的原因是没有0分的选项；\n\n\n\n李培良基本上可以说是个报复社会的（S）B，一天天除了吹牛不不讲啥实在内容，14年出了趟海之后就成精了，三句话不离这破事。\n\n\n\n海院的学生真的可怜，学着所谓的21世纪学科，就业平均薪资比不上开挖掘机也就算了，还要在这种毫无意义的课（海洋调查方法）上面浪费时间，接受这种蠢币老师的压迫。\n\n\n\n上来就直接让我们达到海洋科学研究生水平，你他妈不识字是不是，老子是海洋工程的本科生，你他妈动动嘴皮子我就牛逼了是吧?那你他妈还当啥老师，直接去开辅导班啊，布置个完全不会的作业给学生，学生就牛逼了，你他妈肯定可以一本万利。\n\n\n\n日常：“这个问题我觉得太简单了，大家自学就行，这个代码我没写，但是我觉得很简单，大家努努力肯定可以完成。”最可笑的是，拿着个github上面直接clone下来的代码，连尼玛解压缩都没干，就发上来了。老子辛辛苦苦装环境，结果尼玛根本跑不了。问他，他他妈说什么是以前学长写的，毕业很久了，没法弄。他妈的真当我们不会用github，连readme.md都没删，上面有原网址的链接，是他妈国外的一个大学写的，真她妈大言不惭。\n\n\n\n看到这个评论的兄弟，如果你还是大一大二，赶紧转专业吧。动科、农学，哪个专业水转哪个。4年紫金港不香吗？要来这么个鸟不拉屎的小岛？腾出时间考研跑路不好吗？要在这么个毫无前途又令人秃头的专业上面耗？如果你大三了，考研准备起来，别在意这种傻逼课的绩点了，纯是坑人的。（以上建议对想要多赚点钱韭菜有效，后浪们就随意吧）
123672,5261,李培良,2020-06-11 09:48:18,32,33,1,原来这年头是个东西都能当老师
123673,5261,李培良,2020-06-11 09:58:29,63,64,1,海院有个憨憨郎，\n\n名字叫做李培良。\n\n问他问题全不回，\n\n出一次海真是狂。\n\n布置作业却不考，\n\n上起课来只会装。\n\n跟他去上海雕课，\n\n恭喜你毕业凉凉。
123678,5261,李培良,2020-06-11 10:16:58,30,31,1,海院留李培良一人，其建设世界一流海洋学科目标注定遥不可及
123694,5261,李培良,2020-06-11 15:15:10,16,16,0,真有你的，培良先生
123712,5261,李培良,2020-06-12 07:56:08,32,32,0,明辉湖，湖辉明\n\n明辉湖上开荷花\n\n荷叶上面趴蛤蟆\n\n一戳一蹦跶
123967,5261,李培良,2020-06-18 08:22:57,23,24,1,上了跟没上一样，上了个寂寞
126376,5261,李培良,2020-09-24 08:03:17,24,26,2,真的1分都不想给，太差了
126443,5261,李培良,2020-09-27 03:03:54,-36,3,39,好老师 上课生动有趣
150929,5261,李培良,2022-02-21 06:35:33,22,22,0,物海所没救了
151180,5261,李培良,2022-06-27 03:51:10,43,44,1,也不想吐槽什么了，只想说，如果你不是真的热爱海洋，别抱有任何幻想，赶紧润
151890,5261,李培良,2022-03-19 10:25:53,22,22,0,傻鸟一个
151891,5261,李培良,2022-03-19 10:27:49,25,25,0,傻逼玩意
151940,5261,李培良,2022-03-31 12:34:49,5,22,17,建议是，物海的老师不要再染指海工，祸害自己专业的学生得了。
151941,5261,李培良,2022-03-21 08:39:53,39,40,1,1分。\n\n我认为这个老师不及格，原因如下：\n\n①上课不知所云。你很难想象，一个简单的概念能用近乎半节课的时间去解释，而且越解释越往自己的经历上去靠，很难不让人觉得是故意拖延时间。\n\n②作业与上课内容严重脱节。各种Matlab画图，每一次都要从0学起，而且每一次都要浪费巨多的时间。\n\n③课程设置存在很大问题。海调为物海和海工的必修课，但课程质量一言难尽，每次上课都要花时间去思考老师这节课在干什么，纯粹浪费时间。
151985,5261,李培良,2022-03-22 11:50:56,42,43,1,“女生化妆是给别人看的”\n\n你tm寄吧谁呢？？😅 😅
151991,5261,李培良,2022-03-30 02:13:24,28,28,0,什么nt！“我做的不好有很多理由”
152303,5261,李培良,2022-04-02 10:18:24,29,29,0,野种啊野种
152917,5261,李培良,2022-04-21 15:53:48,18,19,1,无语了
153234,5261,李培良,2022-06-09 04:13:36,-69,9,78,10分，为老师鸣不平。\n\n我是助教，两位老师超级好，讲课清晰为人诚恳，群里问问题也会秒回，平时作业认真做基本都会给高分，期末好好复习也能拿到满意的分数。\n\n那些平时不努力，上课都不来上的人活该挂科，差不多得了，一群傻逼玩意儿一个个的有这闲功夫搁这哔哔赖赖diss老师真不如上街去见见世面，乞讨要饭也行，你真以为浙大文凭这么好混？？😅 😅
154335,5261,李培良,2022-06-02 05:34:41,33,35,2,什么傻逼？ 第七周周末出海是吧？？ 有病 从老师到助教 全是傻逼  不想上就别开这门课 开了就别恶心人  整个海调课程组全是纯纯的畜省
154350,5261,李培良,2024-06-25 08:14:42,53,56,3,喜欢纯12道论述题的闭卷期末考试吗？去年开卷考的试卷都比这张试卷更适合闭卷，能问一下能出出来这种“谈谈你对海洋调查的认知”的题也是真抽象
154361,5261,李培良,2022-05-31 05:39:28,36,36,0,从老师到助教都是他妈的贵物中的贵物，我愿称之为新贵中贵。首先是李培良本人平时上课划水念PPT作业又和平时课程半毛钱关系都没有。两个多月前提过一次出海然后中间屁话没有在倒数第二周说同学们我们要出海啦生怕没影响到我们期末考试是吧？？？？然后就那两个傻逼助教，第十五周了PPT只上传到第十一周，偶尔来代两次课还板着个司马脸，还好意思在群里问「你们周二周三周四有课吗？」姐姐你是没上过大学吗正常的周三四五还可能没课吗？还问我们周五（端午节）有没有空，请问你是没有家人吗？把出海时间限定到事最多的端午假期和考试周前两天二选一，然后来一句「我们已经尽力协调了」尽力协调协调出这种结果？？？？没尽力协调是不是要我大年三十跟你出海去纪念你🐴啊？？？？？？？？？？？
154362,5261,李培良,2022-05-31 05:39:29,20,20,0,从老师到助教都是他妈的贵物中的贵物，我愿称之为新贵中贵。首先是李培良本人平时上课划水念PPT作业又和平时课程半毛钱关系都没有。两个多月前提过一次出海然后中间屁话没有在倒数第二周说同学们我们要出海啦生怕没影响到我们期末考试是吧？？？？然后就那两个傻逼助教，第十五周了PPT只上传到第十一周，偶尔来代两次课还板着个司马脸，还好意思在群里问「你们周二周三周四有课吗？」姐姐你是没上过大学吗正常的周三四五还可能没课吗？还问我们周五（端午节）有没有空，请问你是没有家人吗？把出海时间限定到事最多的端午假期和考试周前两天二选一，然后来一句「我们已经尽力协调了」尽力协调协调出这种结果？？？？没尽力协调是不是要我大年三十跟你出海去纪念你🐴啊？？？？？？？？？？？
154465,5261,李培良,2022-06-20 00:55:04,22,22,0,zzz
157099,5261,李培良,2022-06-22 02:27:27,18,18,0,傻逼。
157142,5261,李培良,2022-06-30 11:54:11,30,31,1,按照全国年节及纪念日放假办法，端午节是全体公民放假的节日，李培良先生跟海调课题组的老师却在端午节当天让我们出海，不把我们当人是吧，课程开始的考核标准跟最后的完全不一样，出海实验一拖再拖，上课就是念PPT，还让助教上课，老师这么忙别开这课了呗，对大家都好
157144,5261,李培良,2022-06-22 05:21:08,21,21,0,课件不发又要考，李培良和助教里至少有一个人是nt😅
157159,5261,李培良,2022-06-22 05:51:12,16,16,0,你温度那章的PPT呢？要我们自己去智云课堂扒吗？
157984,5261,李培良,2022-06-26 03:05:03,27,27,0,助教彭晓清、王开创真是纯纯脑瘫傻逼😅 ，无视老师定下的时间节点，擅自变卦，5个实验报告的截止时间强行提前两天，中午通知第二天下午上交，真你妈傻逼玩意儿。
158405,5261,李培良,2022-06-29 04:28:28,23,23,0,傻逼度百分百无杂质纯杂种
158878,5261,李培良,2022-07-03 03:51:58,41,44,3,李培良真是个纯纯贱种，手机里都没下载钉钉，消息从来不看不回，上课一坨屎，没有一点负责任的态度。更让人作呕的是，你他妈哪找来的畜牲助教?没见过这么畜牲的助教!装你妈呢装，希望原地去世
163195,5261,李培良,2022-12-09 13:02:06,14,16,2,强烈建议取消这位老师的职称。\n\n上完唯一的收获就是看清了浙江大学海洋学院金玉其外败絮其中的真相，一众所谓杰出人才皆欺世盗名之徒，这位老师更如跳梁小丑一般哗众取宠，真乃百年求是之大耻！
170515,5261,李培良,2023-03-06 04:26:24,10,10,0,傻逼玩意儿
170992,5261,李培良,2023-03-22 03:49:35,14,15,1,我现在算是终于明白为什么学长让我赶快从海院跑路了😅
171189,5261,李培良,2023-03-18 01:40:45,12,12,0,海院没救了
172149,5261,李培良,2023-04-20 14:10:26,5,5,0,鉴定为莎比
172294,5261,李培良,2023-04-26 04:30:18,8,8,0,一如既往的离谱
172301,5261,李培良,2023-04-26 02:03:54,10,10,0,布置的什么啥β作业
172997,5261,李培良,2023-05-12 06:42:31,11,11,0,纯纯的出生，草拟吗煞笔
177603,5261,李培良,2023-07-04 01:53:05,-18,2,20,偶尔点名，老师上课虽然只是照着PPT念但是也还行吧\n\n不过布置的作业有点抽象
177717,5261,李培良,2023-07-04 11:45:47,8,12,4,楼上那位舔老师的狗差不多得了
179580,5261,李培良,2023-09-18 11:36:55,13,13,0,屮拟蟆剎匕
184123,5261,李培良,2023-12-10 06:47:05,14,14,0,看到这么多喷的，我就放心了
191974,5261,李培良,2024-05-06 13:55:45,9,10,1,不知他为什么差评如潮的可以看他的智云，简直能刷新对“老师”这个工作的认知下限\n\n随便点开一个视频，只见PPT上就两三行字，然后他的讲课就是一字一顿的念上面的字，语速比疯狂动物城里的树懒都慢，简直划水摸鱼到了极点！
192581,5261,李培良,2024-05-24 08:54:31,12,12,0,跟李老师不熟，不具体评价。但是詹sy的评分比他高这一点我是不认同的。。。
192743,5261,李培良,2024-05-30 03:18:00,12,12,0,没有人吐槽临近期末考试周一天湖试一天海试占两个整天吗？海钓这傻逼课，有出海实验要写实验报告，还有期末小组展示，还要期末考试，这任务会不会太多了，我真服了！
193144,5261,李培良,2024-06-04 04:03:54,10,11,1,看样子21级海钓屁事更多了，你院专业课这块真的幽默，23年还像模像样地找了十几个同学询问课程改进意见，也不知道改了些啥
193388,5261,李培良,2024-06-08 12:38:28,19,19,0,海洋调查方法，3学分的课，包括时间足足两天的湖试和海试实验、期末小组展示以及期末考试。你搞那么多东西也就算了，tm的期末最后的考试还是闭卷考，老师你自己看看你上课讲的纯记忆性的内容给同学闭卷考有意思么，我真是去年买了个表，但凡把期末考试改成开卷评分也起码3起步，可以比那个SBzsy高整整1.5分
193416,5261,李培良,2024-06-10 06:49:20,13,13,0,期末最后两周，一整天湖试，一整天海试，一个傻逼的虚拟仿真实验，一个内容贼多的实验报告，虚拟仿真实验还有实验报告，小组展示，期末闭卷考，尼玛的，傻逼事真多，呵呵
193420,5261,李培良,2024-06-10 09:12:16,7,7,0,强烈建议取消这位老师的职称。\n\n上完唯一的收获就是看清了浙江大学海洋学院金玉其外败絮其中的真相，一众所谓杰出人才皆欺世盗名之徒，这位老师更如跳梁小丑一般哗众取宠，真乃百年求是之大耻！
193522,5261,李培良,2024-06-12 08:34:28,5,6,1,伟大，无需多言，1分献上敬意
193631,5261,李培良,2024-06-14 14:20:31,10,10,0,报复社会，智商还停留在胎教水平，脸皮真是你身上最神奇的地方，可大可小，可薄可厚，甚至可有可无！劝你还是在家好好地呆着，街上是不允许宠物乱跑的。你是什么牌子的塑料袋，这么能装？你又在山海经的哪一页？你那么嚣张是有动物协会保护你吗？看得出来是第一次做人，没什么经验，完美的躲过了所有人该有的样子。
193640,5261,李培良,2024-06-14 07:53:18,14,14,0,海洋调查方法屁事是真tm多
193644,5261,李培良,2024-06-14 09:30:47,17,17,0,洋验丁真，鉴定为：弱智课程
193661,5261,李培良,2024-06-14 13:23:07,12,12,0,和zsy决战海院低分之巅！
193675,5261,李培良,2024-06-15 06:03:03,4,6,2,来到舟山的这一年，是我度过的最痛苦的一年。不仅仅是因为每一次课程的一堆繁琐事而烦恼，更是因为课程的一无所获而对未来感到希望渺茫。我不理解上课念ppt、下课做毫无头绪作业的意义何在，也不理解湖试出海做实验写报告是为了什么，来上课的老师和助教也显得可有可无。培养方案也好，短学期也好，水下机器人海洋调查方法也好，海院给于我们同学的第一印象大家心里都有数的。一个没有希望充满黑恶势力的学院，上至领导教授辅导员下至学生会没有正常人存在，学着所谓21世纪学科，遇到各种傻逼老师傻逼事，情怀被扔进粪坑无情践踏。将来毕业真正逃离海院，或许有更多压迫，或许也会受益良多——因而我会抱怨，也会心怀感激，而唯独，不会在乎。
194046,5261,李培良,2024-06-21 14:37:55,7,7,0,为什么闭卷啊啊啊这内容有任何闭卷的必要吗
194291,5261,李培良,2024-06-23 14:31:10,26,27,1,评10分的原因是没有100分的选项；\n\n\n\n李培良基本上可以说是个回馈社会的伟人，一天天除了硬核知识和先进技术不讲啥废话，14年出了趟海之后就超凡入圣了，但人家也不提这事。\n\n\n\n海院的学生真的幸福，学着名副其实的22世纪学科，就业平均薪资碾压大厂程序员就算了，还要在这种精彩绝伦的课（海洋调查方法）上面接受浙大第一流的教育，接受这种大牛老师的熏陶。\n\n\n\n日常：“这个问题我觉得太难了，要带着大家手把手地教，这个代码我已经写好了，大家研究一下其中的思路。”最让人叹服的是，拿着个花了几年原创出来的代码，连他的研究生尼玛都没欣赏过，就慷慨地发给我们了。老子简单装了下环境，结果尼玛一个bug都没有。问他，他他妈谦虚地说什么是以前学长写的，毕业很久了，不是他自己写的。他妈的真当我们不知道李老师的学术造诣之高，连注释里的由李培良先生原创都没删，上面有原网址的链接，是他妈李老师整个学术生涯的精华，真他妈感动。\n\n\n\n看到这个评论的兄弟，如果你还是大一大二，赶紧转来海洋吧。海工、海技，哪个专业硬转哪个。2年舟山不香吗？要在偏僻的紫金港呆四年？腾出时间跟着李老师、詹老师做科研不好吗？要在除海洋之外的那些毫无前途又令人秃头的专业上面耗？如果你大三了，本院直博准备起来，把这门神仙课考到满绩，纯是百利而无一害的。（以上建议对所有求是学子有效，领略不了海洋之美的大专废物们就随意吧）
194295,5261,李培良,2024-06-23 07:01:01,9,9,0,强烈建议评选这位老师为院士。\n\n上完唯一的收获就是领悟了浙江大学海洋学院重剑无锋大巧不工的风范，一众所谓普通教师皆学界栋梁之才，这位老师更是如扫地僧一般隐姓埋名，真乃百年求是之荣耀！
194812,5261,李培良,2024-06-25 13:31:16,6,7,1,水机乞 丐詹舒越。破防萝 莉葛晗。开源代码李培良。小小老师李爽。海院四大天王名不虚传。
195733,5261,李培良,2024-06-29 18:13:27,9,11,2,多少？你给了多少？？？？
197503,5261,李培良,2024-07-17 13:17:06,12,12,0,平时成绩已然不错的情况下你考了这12道论述题我想不明白最后为什么只有这点分呢？？？
197712,5261,李培良,2024-08-03 11:41:26,-38,1,39,老师挺好的
128726,5267,陈鹰,2020-12-25 05:52:57,22,28,6,海洋与人文评分标准太过单一而且给分巨低，慎选
143875,5267,陈鹰,2021-12-10 02:29:03,52,68,16,还真娶了自己学生啊……
168467,5267,陈鹰,2023-02-17 10:47:37,9,13,4,真不行
182274,5267,陈鹰,2023-11-14 00:15:58,4,7,3,很有想法，但是说实话并不能引起我们的共鸣，而且感觉很不讨人喜欢
182711,5267,陈鹰,2023-11-19 20:59:15,4,7,3,rz老师
183858,5267,陈鹰,2023-12-01 09:10:40,-9,3,12,还可以
199432,5267,陈鹰,2024-09-23 11:25:19,1,3,2,讲课好无趣啊😑
133269,5306,章春芳,2021-02-22 08:56:36,13,22,9,我只能说各位如果有缘看到这条评论记得上课前买好耳塞或者耳机，我长这么大还没见过说话语气能让人听起来如此难受担忧下一秒就要断气的人……给分一般吧。还有我很好奇老师的二本本硕是怎么能来浙大当老师的……
142790,5306,章春芳,2022-01-06 20:49:51,19,22,3,很难想象，这样一个优秀的老师竟然不给海工和港航的同学安排她的必修课。
146144,5306,章春芳,2022-01-13 02:46:55,8,15,7,烂透了
146620,5306,章春芳,2022-01-07 05:37:38,18,20,2,老师讲课水平确实不高，但好在人很好，科研能力也挺高，考前也会画重点，课后也认真负责。\n\n衬托之下，比白某人好多了😅
149130,5306,章春芳,2022-01-14 13:29:06,24,30,6,要是所有必修课像章老师一样多好，虽然上课水，但是对学生也放水，不像某些牛马，自己上课烂成狗屎，还不让学生混。
150566,5306,章春芳,2022-02-04 00:14:20,17,17,0,中规中矩吧，算不上好老师，但比本专业那一大堆牛马老师好多了。
163345,5306,章春芳,2022-12-13 09:33:08,4,7,3,要说科研水平肯定可以，但是来教书就是另外一回事了，这个老师基本上不怎么会教书，烂透了，而且经常上课语无伦次，对作业的要求很奇怪，没什么道理（科普文需要写引用的文献吗？？？）\n\n这种老师教书就是把学生教的越教越气，好好考考教师资格证吧
166630,5306,章春芳,2023-01-13 05:27:25,5,5,0,上课一般，大学写作给分还行，上课会提问点名，但是任务要求不高，总体来说尚可
177086,5306,章春芳,2023-07-01 15:13:51,6,6,0,老师人很好，真的是个好老师
204050,5306,章春芳,2024-11-23 12:01:43,0,0,0,海洋生态学基础\n\n上课偶尔点名，有点像念ppt，不过也不管我们。内容还是比较多的，考的也比较细，不过会划重点，背背就好了。给分不高不低。
138711,5310,朱渭宁,2021-07-10 13:01:55,25,26,1,讲课和给分都很迷……是讲图像处理呢还是讲心理学呢……优点是每个软件安装和操作都会给详细的教程，比某灾害课好多了
149937,5310,朱渭宁,2022-01-18 01:55:25,22,22,0,到底是你讲课还是我们讲课啊？？😅
153752,5310,朱渭宁,2022-05-10 05:59:52,12,14,2,垃圾老师
154126,5310,朱渭宁,2022-06-12 08:17:56,12,13,1,海院究竟是些什么老师啊，快逃
158248,5310,朱渭宁,2022-06-27 23:43:25,13,13,0,这讲课能力和给分水平差不多得了，我上我也行，给分还比你好😅
197871,5310,朱渭宁,2024-08-18 04:27:38,2,3,1,给分比较松，作业少，能学习到一些实用的知识和技能
139778,5347,林颖典,2021-07-26 08:39:11,12,12,0,好老师，温暖人心
152349,5347,林颖典,2022-04-05 16:12:01,-2,0,2,某位同学是不是不知道私聊怎么用还是对“公共空间”没什么理解\n\n大半夜给大伙连钉几下 睡眠浅的直接给整麻了
191068,5347,林颖典,2024-03-31 15:16:17,2,2,0,课程给分好，老师很温柔！
139961,5388,朱江,2021-08-22 14:13:25,30,41,11,不行啊
140141,5388,朱江,2021-08-29 02:25:58,41,52,11,课讲的差，脾气又大，慎选
150375,5388,朱江,2022-01-23 14:37:24,24,35,11,你是什么牛马？？不能教就不要教。\n\n可怜水声学是必修，想考研的千万不要在这门课上浪费时间。
151271,5388,朱江,2022-02-27 08:04:27,16,22,6,水声实验是什么人间疾苦哦唉
151666,5388,朱江,2022-03-13 16:43:47,23,33,10,“每次第三节课波动方程就很多人没听懂，我也不知道为什么”\n\n傻逼玩意
152775,5388,朱江,2022-04-19 14:05:24,16,24,8,1.老师的水声学原理第三章波动方程真的讲得太差了，课上完了关键部分还没讲，许多时间要花在课外自己学上面，关键是考试还考了10分的大题，我相信包括我以内的许多人分全没了（那些考试大佬有时间钻研，就别不食肉糜了，看看身边的人是不是都有你这么优秀）。\n\n2.没有用PPT的习惯，讲课几乎都是对着讲义讲的，结构感不清晰，水声学另一位老师都有自己的PPT，上课体验就好很多。\n\n3.老师很想把本课的内容与前面学的课相结合，例如在讲课中多次提及信号与系统的知识，初衷是好的，但是大部分人应该把前面的都忘得差不多了，往往会听得云里雾里\n\n4.除了以上的问题，在水声学原理这门课上老师还是尽到了责任的，态度也是比较好，个人看来没有其他评论那么严重，希望大家不要因为其他评论产生太大的排斥心理\n\n\n\n（考试完后的一点小插曲，我实在很想讲一下。大概就是有一个学生给朱老师看了查老师对自己的评论，老师大受震撼。我实在很想问一下啊，这位好事者您没事吧？到底是什么驱动你做这种让学生老师两边都尴尬的行为，是因为好玩吗？）
152782,5388,朱江,2022-04-20 00:41:59,23,31,8,如果说您的查老师评价很差的话，那么请您从课程讲解上改善您的评价，而不是说在群里让大家给出所谓“公正”的评价
152783,5388,朱江,2022-04-20 02:58:29,18,26,8,楼下那几个乱bb什么给分好，讲课好的，差不多得了😅 。\n\n别说是控评了，我只能说还没转专业的抓紧时间跑，反正我们又不用对你们今后在海院遭受的折磨负责，一路培养方案上过来，机械设计、信号与系统、海洋资源学概论、物理海洋学基础、水声学原理、海洋信息学、海洋调查方法、都是逆天老师逆天课，新一届提交转专业有70几个，成功跑了30几个，直接问直系学长学姐，海院傻逼老师多不多就完事了。
152785,5388,朱江,2022-04-29 02:48:28,21,33,12,回应一下楼上说“考试简单”“给分好”“最后一节课指哪打哪”的同学，你是来评价朱江的，不是来评价水声学的。\n\n\n\n课程过程中明显王德麟部分比朱江部分逻辑脉络清晰，资料准备充分，哪有朱江上课方程不会推让同学自己看着办的？4节课对着您那讲义干讲，那我交学费上您课干嘛？\n\n\n\n讲又讲不明白，还说这些年来海院同学一到波动方程都听不懂，那确实，就你给的那讲义，真想看懂还真不得指望您。就自己懒得改，多少年了。\n\n\n\n就硬自学，玛德海院所有傻逼课都这德行，最后到头来不还是期末复习一晚上考试直接糊鬼来的效率高？吐了，就这指望海洋强国，你妈你信吗？\n\n\n\n考试题偏题怪题都是朱江出的，推反射公式那10分他妈的公式里还有参数没给定义，摆明了就是背题应试呗？\n\n\n\n得，最后还要求“客观评价”“查老师上的评分针对我不要针对水声学”，一看评论，海院听话的狗还挺多的嘛。\n\n\n\n最后附上钉钉原话，傻逼玩意\n\n\n\n“@所有人 今天有位同学给我看了查导师，里面对我的评价非常糟糕，包括水声学原理课程。我本人对这种评价是不在乎的，但这种评价可能会误导一些低年级同学，这是我所在乎的。如果大家有些时间，麻烦在上面给一些客观的评价，正确引导低年级同学学习。”\n\n\n\n我现在只想引导21级往后同学转出海院。
152788,5388,朱江,2022-04-20 01:50:52,-16,10,26,水声学本来就不是一门水课，来混的同学别多评价了好吧。虽然讲课很难听懂，但是只要考前都来听了复习课，基本上老师就是说啥考啥啊，这还不会做只能怪自己好吧。
152789,5388,朱江,2022-04-20 01:52:22,-17,9,26,课确实难，但考试不难，考什么考前基本上都给你说了，来听复习课了基本没啥问题，给分都挺好的
152797,5388,朱江,2022-04-20 02:57:07,12,22,10,强烈建议取消这位老师的职称。 \n\n上完水声学唯一的收获就是看清了浙江大学海洋学院金玉其外败絮其中的真相，一众所谓杰出人才皆欺世盗名之徒，这位老师更如跳梁小丑一般哗众取宠，真乃百年求是之大耻！
152852,5388,朱江,2022-04-20 16:03:31,-2,19,21,个人观点以备学弟学妹们参考:水声学原理这门课不是一门水课，学习的时候需要有足够的重视，因为不管是波动还是数学推导过程都需要前置的知识基础，但这并不代表学不会，老师会一步一步推导，自己有疑问可以查资料，可以问老师，和我们学习微积分大物等课程是一样的道理，至于老师和课程的评价，我是觉得我们作为大学生要有自己的判断和学习能力。回过头来评价朱江老师，老师的能力蛮强的，板书手推公式从不含糊，当然也可能是因为这个原因，老师有时会get不到我们哪一点不太懂(毕竟老师都是懂的，人类悲欢并不相同hh），因此我们数学基础差了一些或者哪一步跑神没听懂可能就会很有一大片不懂，这个时候建议大家课后花时间整理下，不懂的及时问老师，老师真的很乐意给大家答疑的，每次不管是课上还是钉钉问老师，老师都回复的很认真很及时，看得出来是很负责的。课程考试老师会在最后的复习课讲所有的考点，只要认真听，考试问题不大。至于说海工课程安排的问题，大家可以有意见也可以吐槽，但学好每一门课对我们来说总归是没有坏处的，毕竟学到的都是自己的嘛，道理大家都懂
159482,5388,朱江,2022-07-25 04:14:46,8,16,8,楼上那位直呼老师姓名的同学，是不是在某毛概课上见过？学习拉胯素质低到极致，差不多得了傻逼玩意儿😅 😅
161822,5388,朱江,2022-11-17 16:28:37,10,11,1,垃圾老师
164273,5388,朱江,2022-12-20 06:15:54,-11,6,17,有个装逼犯在所有海院老师评论区都留了同样的两条评论
168344,5388,朱江,2023-02-13 02:53:49,19,20,1,没什么好说的，水声学不给你1分都对不起我的良心
170539,5388,朱江,2023-06-21 12:41:47,54,71,17,垃圾老师，就喜欢做些损人不利己的事情，弄坏学生耳机，扣学生工资，枉为人师
170852,5388,朱江,2023-03-10 11:38:17,24,29,5,请不要找他srtp或者读研，自行体会。
170869,5388,朱江,2023-03-17 16:17:54,7,10,3,“有个装逼犯在所有海院老师评论区都留了同样的两条评论”\n\n哈哈哈哈哈哈哈笑死人，你怕不是老师本人？海院老师什么b样你自己心里还不清楚？？
170959,5388,朱江,2023-03-13 09:24:18,12,15,3,今日又一次讲波动方程，还是没讲清楚
170991,5388,朱江,2023-03-14 00:55:10,10,12,2,不清楚对研究生或带srtp怎么样，但讲课是真的一塌糊涂
171186,5388,朱江,2023-03-18 01:38:22,10,15,5,平心而论老师的科研水平是有的，但的确不适合教学，波动方程讲了半天把自己给讲晕了，到头来还让学生自己去推，那我tm要你有何用？？
171197,5388,朱江,2023-04-06 14:58:32,19,20,1,“你让我讲就很困难”
171660,5388,朱江,2023-03-31 07:55:11,-9,4,13,好，好，好
172206,5388,朱江,2023-04-22 02:30:39,12,16,4,平心而论，老师的数学水平还是可以的，但是其上课水平不敢恭维。在课堂上对于课堂的节奏把握堪称灾难，喜欢讲一些拔高的内容，偏偏考试还喜欢考这些东西。私下请教问题得到的回复居然是“你做的肯定有问题”“这个问我干啥，和同学讨论一下不就出来了吗”（听说指导SRTP和毕设也是这个样子）。考试的时候全场打野，不停和考场上的同学交流，对于熟悉的同学甚至还会指出答案是否错误。这对于考场公平本身就是一种极大的影响。和同上一节课的王德麟老师相比，无论是课程讲授还是答疑也是有很大的差距。
172283,5388,朱江,2023-04-24 07:58:04,4,7,3,垃圾玩意，课讲的是什么\n\n慎选作为研究生导师或者srtp导师
172544,5388,朱江,2023-04-29 11:07:01,5,14,9,刚有幸可以和老师深度交流，老师本人的学术水平其实很强，人还是可以的，奈何老师本人性格比较装逼，当然最大问题是海洋专业垃圾，所以老师迷惑我们为什么不听，我们也不理解为啥老师要开这课...悲哀
172564,5388,朱江,2023-04-30 06:45:00,-9,3,12,还可以
173082,5388,朱江,2023-05-12 15:47:13,-5,7,12,还行其实
173479,5388,朱江,2023-05-26 11:48:52,5,8,3,垃圾老师，好老师
173494,5388,朱江,2023-05-26 06:50:51,4,6,2,自行体会
174305,5388,朱江,2023-06-09 06:50:03,6,10,4,典型小市民，时不时pua学生
179317,5388,朱江,2023-09-10 21:05:03,12,21,9,枉为人师，欺负学生
183431,5388,朱江,2023-11-26 04:48:23,-14,8,22,好老师，好好好
184261,5388,朱江,2023-12-17 10:10:56,13,22,9,你早点去死啦，你为啥不去死啊，这样对学生
190095,5388,朱江,2024-02-21 09:04:27,15,17,2,人品很差，大男子主义
190642,5388,朱江,2024-03-13 02:19:24,26,37,11,🤓：如果你听不懂，我觉得可能还是要从自己的角度去想一想你到底缺了哪些东西。\n\n\n\n出自20240226水声学原理：\n\n“ 往年的话我讲第三章，总是会被有一些学生在网上喷我喷得很惨。就首先说句实在话，听懂的人肯定不会在网上喷听，不懂的人他就会在网上喷。\n\n……\n\n所以这个我觉得听不懂呢，有些东西大家总是会在网上说是我讲的不好或什么的。但如果说我讲的课程，有十来个人都听得懂，就是如果你听不懂，我觉得可能还是要从自己的角度去想一想你到底缺了哪些东西。去沟通一下，然后再去想想怎么去把它理解了。”
191212,5388,朱江,2024-04-12 04:19:50,20,21,1,课讲得上得不好可以练，但是这老师态度就有问题，上课感觉也不备课，就念念ppt然后有时候也不理解ppt的内容。然后念的还死快的，根本听不清在说什么，更别说理解他讲的内容了。
191592,5388,朱江,2024-04-25 13:32:18,16,18,2,老师酱我真的不知道汉克尔变换是什么呀，，，
191719,5388,朱江,2024-04-29 03:29:31,25,28,3,这b老师有什么问题呢？\n\n首先，对教学完全不上心，显然是没有备课的，划着ppt看到什么脑子里有什么就讲什么，印象很深的就是他通信原理课讲到一节，说自己不懂直接说不讲，翻了十页ppt开始讲下一节，没有一点备课的态度。\n\n其次，就算讲他自己懂的内容，语速飞快、口齿不清，教室里恐怕没有任何一个人能理解他所表达的东西，讲完了还不忘强调一下刚刚讲的东西有多简单，这种课谁能听得下去。\n\n再次，备课态度不好，讲课讲不清，也就算了，毕竟老师又不是专业上课的（不是的吗？），那你起码课程得有完备的参考资料供学生自学吧，中文课本教材倒是有，但他就乐意用国外教材的东西，认为国外的书才讲得的清楚，直观的就是水声学原理第三章直接一本英文教材称之为参考资料，不知道的还以为是什么国际化课程，然后自己根据这本教材做的ppt也逻辑不清，完全没办法根据这些资料把第三章学懂，这也是他的第三章被喷的尤其惨的原因（但是不影响其他几章他上的也不好）。\n\n最后，备课没态度、上课讲不清、资料没法看也都就算了，他脑子里想的还不都是如何能让学生容易学懂，而是我怎么出题有区分度，怎么让学生分数不要太高，写到这里真的感觉很可笑，他还看起来很自豪地开玩笑说每年都有学生“配合”他挂科，这真的是一件能让你自豪的事？\n\n最后的最后，水声学之后貌似是变成选修课，如果还是这b老师上，请跑的越远越好，也正是有像这样的老师在，海院的本科生教育风评才这么差。\n\n\n\n好吧，其实在问这个问题之前，我们应该谨遵老师在第一节课就和我们强调的，先从自己的角度去想一想到底缺了哪些东西，那么引用某位均绩前列的同学的一句话：“我觉得是缺了ta ma de gu hui”。
191847,5388,朱江,2024-05-02 02:22:46,-39,12,51,下面说朱江老师的，自己差就别过来逼逼，老师人非常好，讲课清晰为人诚恳。缺了他妈的骨灰？好笑，今年海院是出了什么东西，一个两个因为自己菜在这无差别乱喷，不仅喷朱江老师，还去徐志伟老师底下喷，垃圾去你马活该挂科延毕退学😅🤤那些平时不努力，上课都不来上的人纯纯活该，差不多得了，就会动嘴皮子，爷照样满绩。一群傻逼玩意儿一个个的有这闲功夫搁这哔哔赖赖diss老师真不如上街去见见世面，乞讨要饭也行，你真以为浙大文凭这么好混？？ 😅😅
192134,5388,朱江,2024-05-12 22:04:00,3,15,12,垃圾老师，你什么时候去死啊，早点下地狱呢
192415,5388,朱江,2024-05-18 13:28:54,0,15,15,你什么时候去死，枉为人师，早点下地狱
201923,5388,朱江,2024-11-07 11:55:08,9,13,4,老师人还是可以的，可能有时候说话方式有所欠缺
207452,5388,朱江,2024-12-21 18:54:47,-8,3,11,风骨远胜于媚骨
207613,5388,朱江,2024-12-23 08:53:19,10,13,3,多接触接触海院/传感所其他老师之后就会发现朱老师已经是一位很正常的老师了
213920,5388,朱江,2025-01-21 10:35:09,10,14,4,老师的学术水平绝对胜过海院大部分人
214536,5388,朱江,2025-02-11 13:55:06,3,7,4,好老师，跟着朱老师能学到切实的学术上的东西
214837,5388,朱江,2025-02-18 06:52:49,-4,4,8,草泥马
215326,5388,朱江,2025-02-25 07:14:13,2,5,3,0个人听懂了。\n\n\n\n只管讲自己的 丝毫不考虑学生的接受程度
216054,5388,朱江,2025-03-10 04:12:55,3,6,3,朱老师其实讲的很好的，可能讲课模式与大家平时适应的应试刷题型不同，但是朱老师这种模式才是更对我们有利的。朱老师讲的内容包含比较复杂数学内容，很多内容与我们前置课程脱节，听不懂我觉得更大原因是学院乃至学校教育体系问题，数学课内容与实际脱节，朱老师讲课至少愿意停下来带你一点点去理解复杂的数学知识，将大家所学的知识有什么应用说清楚，有问题问他他能很热心详细的回答，还会给你相关资料，如果你认真专心地去对待、思考，想必是能理解一部分内容的，对于自身发展会有收获。
216254,5388,朱江,2025-03-12 16:49:38,3,5,2,毕业了回来看看，楼上满绩的哥们，我挺你，我当年也满绩。我想对学弟学妹们说，朱江讲课确实烂，因为他自己数学水平太高了，不知道同学们的数学基础(特别是概率论和信号与系统)和这门课的所需的基础之间有哪些gap。大家给下课了当面给他提意见，让他怎么提升提升讲课水平，但是别骂他。
217942,5388,朱江,2025-04-18 07:35:17,2,2,0,其实老师人挺好的，就是数学水平过高+上课喜欢装逼的特点令人昏厥（可能他是真的不理解数学菜鸡的痛苦\n\n不过我看下课有人去问老师问题的时候他也会认真回答，并不是故意看不起来上课的同学\n\n比起海院某些表面伟光正实则（）的老师好多了
219430,5388,朱江,2025-05-27 05:55:16,1,1,0,这边建议这逼去死
219935,5388,朱江,2025-06-11 11:13:01,3,3,0,海洋人工智能基础。老师的数学水平确实高，但是教学方面讲的没有很通俗。且老师不太会说话，有时候情商有些低。但纵观海人机三个老师，他已经是讲的最好最关心学生的一位了。。起码zj会给我们准备期末考例题，发考试大纲，会降低考试难度，考题照着给的例题出。。。其他两位纯纯读ppt，例题还是zj催着才发的，题自己是没写过的，一副事不关己高高挂起的样子，不如不上课…但这门课本身还是很重要的，希望海院可以把这门课建设好。。
221289,5388,朱江,2025-06-22 13:55:17,1,1,0,朱江老师确实是一位学识颇丰的老师，尤其是数学水平很高，但讲课的问题主要就在这里，诸如先验后验似然等概率论名词以及一些线代知识理解上和同学们有相当的gap，但是他本人确实也十分热衷于解决同学们的问题，但是作为一名学生，我又不是很能精准定位自己不懂的地方，说的情绪化一点就是啥也没听懂，所以我和我朋友都不是很会跟朱老师去沟通，这个知识上的gap就一直存在这里导致知识体系上有很多淤塞。\n\n老师的教学态度和三观以及学术水平我认为还是可以的，也不故意刁难学生，而且听说人工智能基础在全校范围内开设的通识课也不如人意，我认为海洋人工智能基础这门课也不必太过于苛责，希望老师们还是能积极打磨这门课程，以后的学弟学妹们也可以多多和老师们交流。
171484,5423,冯雪皓,2023-03-26 02:03:37,-7,8,15,垃圾老师
193269,5423,冯雪皓,2024-06-05 12:51:44,6,7,1,海洋与人类 老师人很好，讲课内容很丰富（不听也没关系。水水的，没有作业，只有最后的小组报告。给分很可以
193594,5423,冯雪皓,2024-06-13 11:05:07,2,4,2,海洋与人类：老师人很好，很随和，课堂有内容，考核是讲PPT，然后把PPT整理成文字报告交上去
201830,5423,冯雪皓,2024-11-06 17:15:11,1,1,0,课不错，考试内容ppt都有，就是给分不太行
201953,5423,冯雪皓,2024-11-07 19:04:57,0,1,1,好好好
202818,5423,冯雪皓,2024-11-14 14:01:33,0,0,0,海洋管理概论\n\n课程真的很水，老师在台上也是真的不管你，偶尔点次名字。最后有一次展示，加上半开卷的期末考试。期末考试考的很杂，需要费点功夫。\n\n但是均绩好像是3.3，反正算是给分不太好的。\n\n自己斟酌吧
219029,5423,冯雪皓,2025-05-19 09:02:51,1,1,0,快跑！快跑！傻孩子们，瞎给分，能给出你历史最低分，整个人非常不求是，能劝一个是一个。。。。等给你个最低分你就老实了
150407,5513,马东方,2022-01-24 13:39:15,-10,21,31,老师超级无敌负责!!!最最重要的是让我们经历了海工建模前半段课程的线代毒打后能看到一丝坚持下去的希望🤣
163186,5513,马东方,2022-12-09 07:44:01,-1,7,8,讲课一塌糊涂，完全不知所云，无奈今年海工建模变成了必修课，躲也躲不掉
169792,5513,马东方,2023-02-28 02:13:58,4,5,1,好老师，讲课深入浅出，非常儒雅
169796,5513,马东方,2023-02-28 02:26:03,2,3,1,人挺不错的
170184,5513,马东方,2023-03-02 01:55:57,3,6,3,上课会提到一些考试要点，能不能听懂再说，感觉老师人挺好的
178981,5513,马东方,2023-08-11 13:05:52,-2,4,6,讲课稀烂
180147,5513,马东方,2023-09-20 11:23:33,4,7,3,马老师讲解得详略得当，很棒的老师
188502,5513,马东方,2024-01-19 05:56:33,2,3,1,马老师人非常好，很负责，为学生着想，平时上课会反复强调重点，讲课清晰有条理，期末卷也出得不难，是很好的老师。
189472,5513,马东方,2024-01-24 14:39:58,7,7,0,萌萌老师！
193938,5513,马东方,2024-06-21 02:54:12,2,2,0,非常好相处，讲课也不错
208994,5513,马东方,2025-01-04 06:21:05,4,5,1,马院士哈哈哈哈哈
150057,5616,黄滨,2022-01-18 15:18:09,21,35,14,垃圾中的垃圾，给分差的一匹，一分都不调。 \n\n海院的课还真是奇葩，期末直接照搬人家其他学校的期中考试卷，被当作重点的后四章几乎没怎么考，反倒你妈出一堆要背诵的概念题来故意拉分，我看你妈真是个nt😅。
189840,5616,黄滨,2024-01-30 17:11:31,3,7,4,讲课很好啊，出卷有点抽象
190043,5616,黄滨,2024-02-15 06:31:04,7,11,4,垃圾老师，早点去死
192230,5616,黄滨,2024-05-14 16:45:22,2,6,4,PUA学生，枉为人师，早点下地狱
199855,5616,黄滨,2024-10-17 19:39:45,4,9,5,是不是漂亮女生和你睡一晚就满分了，自己做过什么自己知道
216750,5616,黄滨,2025-03-24 05:32:51,3,3,0,老师人挺好的，讲课很清楚，作业布置也很宽松，作业没交会给延期再交的机会，期中考试准带一张A4纸，客观评价感觉算是海院里不错的老师
136737,5633,徐志伟,2021-06-23 23:40:59,56,79,23,为什么不能给0分？作为导师，把活甩给学长学姐；作为老师，发邮件也不回，海洋信息学从头到尾一团乱麻，总之为海院有这样的老师而感到悲哀。
151965,5633,徐志伟,2022-03-22 03:49:15,36,40,4,海洋信息学是什么人间疾苦啊啊啊啊啊
152217,5633,徐志伟,2022-03-30 15:21:52,27,33,6,老师不错。\n\n强烈建议取消通与观这门课
153091,5633,徐志伟,2022-04-25 09:27:49,31,33,2,海洋信息学太难了啊
154363,5633,徐志伟,2022-05-31 05:45:49,26,31,5,海院败类
161821,5633,徐志伟,2022-11-14 04:56:59,9,12,3,垃圾老师
169527,5633,徐志伟,2023-02-26 16:05:53,8,8,0,快跑.jpg
169754,5633,徐志伟,2023-02-27 16:10:47,9,9,0,只听了第一次课，讲半天讲了个啥
171124,5633,徐志伟,2023-07-09 05:35:49,14,24,10,垃圾国家青年千人，请问你配得上上这个称号吗
171144,5633,徐志伟,2023-05-12 08:48:54,23,25,2,别跟这b老师做srtp做毕设了，差点延毕了都😅
171187,5633,徐志伟,2023-03-18 01:39:11,12,14,2,这就是学长学姐极力推荐的志伟大牛吗😅
171451,5633,徐志伟,2023-03-24 14:04:38,8,9,1,垃圾课程
171842,5633,徐志伟,2023-04-07 11:51:45,17,19,2,上课根本没有重点，一方面说着要海院学子留在海院，另一方面自己的实验室根本不要海院来的。上课也老是念叨着美国人数学好得不得了，怕不是个香蕉成了精
172297,5633,徐志伟,2023-04-24 11:25:57,12,13,1,海院想学东西的，千万别浪费时间在海洋信息学上，不如去学点别的学院正统的专业课。\n\n再劝一句，愿润尽润！
172605,5633,徐志伟,2023-05-02 01:43:57,11,14,3,回放信息学觉得讲得实在是太稀碎了，全是些有的没的。建议老师专心科研，不要上课了
172784,5633,徐志伟,2024-09-18 11:48:32,21,24,3,硕五博八
175062,5633,徐志伟,2023-06-21 10:27:07,10,12,2,垃圾国家千人，push学生，上课讲的稀烂
177617,5633,徐志伟,2023-07-04 02:36:53,17,19,2,牛，真牛，您为什么不留在美国，求求你别回来祸害我
179006,5633,徐志伟,2023-08-26 06:56:27,2,4,2,垃圾老师
179042,5633,徐志伟,2023-09-14 01:32:27,9,10,1,垃圾老师
179321,5633,徐志伟,2023-09-10 10:34:31,4,9,5,好老师，垃圾老师
180578,5633,徐志伟,2023-09-23 04:33:18,14,16,2,傻卵玩意儿
184034,5633,徐志伟,2023-12-07 01:17:17,12,14,2,你配得上国家青年千人吗
184295,5633,徐志伟,2023-12-15 13:54:27,13,14,1,你早点去死啦
184478,5633,徐志伟,2023-12-20 10:46:42,-7,5,12,好好好
189280,5633,徐志伟,2024-01-22 20:20:16,17,22,5,400元一晚是说你自己
189671,5633,徐志伟,2024-01-30 14:58:01,11,16,5,垃圾老师，课不好好上，好好好
190096,5633,徐志伟,2024-02-21 12:31:31,25,30,5,你早点去死啦，你配得上国家青年千人吗
193364,5633,徐志伟,2024-06-07 08:33:52,8,8,0,回放海信通与观听得我有点崩溃了，上课内容和作业有关系吗我请问呢……要是挂科了真只有跳了我恨海院
193383,5633,徐志伟,2024-06-08 07:16:52,9,9,0,：你们紫金港门口的腐败街
194430,5633,徐志伟,2024-06-24 02:04:40,6,6,0,美式男孩 u know m3🤓\n\n4月19日我私聊问他什么时候期中考试，他4月28日回我“5日初”，最后期中考试是6月9日考的。
201796,5633,徐志伟,2024-11-06 10:57:26,8,11,3,海星海星
216671,5633,徐志伟,2025-03-20 13:23:21,0,1,1,不想上可以不上
133120,5713,张冬冬,2021-02-09 02:48:35,-15,4,19,先来给班主任打个10分
122120,5847,程年生,2020-02-14 12:45:16,8,8,0,超级nice
122908,5847,程年生,2020-04-20 02:28:41,2,4,2,知识渊博，和蔼可亲，强烈推荐
176098,5847,程年生,2023-06-27 17:13:03,10,10,0,知识渊博，和蔼可亲，为学生着想，来舟山见到的最好的老师\n\n泥沙动力学特别推荐选修，不过老师说可能过两年又会改回必修
177856,5847,程年生,2023-07-05 05:36:27,2,2,0,知识渊博，和蔼可亲，非常喜欢老师。点名泥沙动力学
214737,5847,程年生,2025-02-17 07:27:16,0,0,0,很好的老师
218017,5847,程年生,2025-04-19 07:31:21,0,0,0,有耐心、细致
218502,5847,程年生,2025-04-24 05:06:33,0,0,0,泥沙动力学：作业只有三份实验报告，期末是80道选择题的闭卷考，给分一般
145790,5852,王杭州,2022-01-02 10:40:17,20,22,2,就是个憨憨
145821,5852,王杭州,2022-01-03 03:42:15,21,23,2,憨憨老师，赶紧滚出浙大。
202260,5852,王杭州,2024-11-12 04:11:24,6,6,0,纯纯sb，课多事多给分差，md请不要再消费海洋学生的热情了。一个实操性质的课程理论考试占40，对着ppt念+实验课就发给学生十年前的教案让对着做，大作业要求暧昧不清，这sb海洋工程设计课你可以不开，但请不要浪费学生的时间和金钱\n\n弟中之弟\n\n快滚出浙大，shame on you!
202320,5852,王杭州,2024-11-11 14:43:31,4,4,0,海洋工程设计，事多（工作量很大的大作业+无数小作业+出题非常奇葩的期末考），给分很差，上课学不到任何有用的东西，简单来说就是课烂、人烂
202333,5852,王杭州,2024-11-11 15:58:08,8,8,0,有一天海洋学子走在路上，发现一匹马死在了路上。\n\n学生问：这是谁的马？\n\n路人答：这是杭州知州的马。\n\n学生又问：杭州王乃武林显赫世家，为何其马骈死街头？\n\n路人指着知州的宅邸，东边的太阳从屋檐下缓缓升起。\n\n难道这就是所谓初生东曦？\n\n路人点头：人在做，天在看。杭州丧马，初生东曦，此乃大凶。怕不是要苦了武林海院学子喽。\n\n学生：何故？\n\n路人：杭州以陈年草饲其马，令其马窥弼马宝典而自训。王不知此乃刻舟求剑、揠苗助长，故其马死而无憾，此乃人祸。东曦初生，仿若彼洋的晚意，因果轮回，此为警以天示，此为天灾。人祸天灾，海院学子可得全乎？\n\n学生：嗟乎！海院学子命丧此乎！\n\n方数日，基甸军大败，杭州亡。\n\n故今有诗曰：“州王饲马陈年草，初生东曦天尽知”。
202361,5852,王杭州,2024-11-12 05:12:39,4,4,0,遗言丁真，鉴定为纯纯的傻逼。其真无马耶？其真无马也🫢
129355,5863,叶观琼,2021-01-04 12:27:50,24,27,3,好讨厌呀
132121,5863,叶观琼,2021-01-30 12:03:28,29,29,0,老师活泼到我都不敢相信这是个老师（虽然我怀疑我当了老师也这样）
138712,5863,叶观琼,2021-07-10 13:02:39,29,30,1,老师人是个好人就是太水了……
142755,5863,叶观琼,2021-11-16 02:29:53,36,37,1,这老师认为km/h m/s换算是除60哦\n\n夸张 感觉水平不是很高 上课也没什么干货
145493,5863,叶观琼,2021-12-30 03:45:20,31,32,1,水平很差 感觉我也能当教授了
154289,5863,叶观琼,2022-05-29 06:37:39,28,28,0,18级来评一下吧：\n\n目前是跟她做毕设，只能用非常后悔来形容，几乎提供不了任何指导，还会把你当成廉价劳动力帮她打工，最后差点延毕。\n\n快跑啊，傻孩子们！
155189,5863,叶观琼,2022-06-09 07:06:24,21,21,0,垃圾老师
156145,5863,叶观琼,2022-06-18 02:42:04,27,28,1,考试周前一次课布置5000字论文，让周日之前交，还tm查重。\n\n自己记错课程时间让学生买单，最后给分大绩杀。\n\n鉴定完毕，纯纯傻逼一个
159470,5863,叶观琼,2022-07-22 07:22:24,-27,2,29,上叶老师的课可能需要对所上课程的内容有自己的思考，有主动想深入了解和拓展的欲望，才能学好（或者就是大家说的取得高绩点）。其实认真听过叶老师的空间规划课程并撰写过课程论文之后，觉得在这个方向叶老师还是有自己的专业水平的。只是社科的内容和工科的内容性质不太一样，学习起来的方法论和大家传统的理科思维不太一致，就可能会觉得比较空，但是如果课后细细整理回忆一遍，内容很多的，要全部理解记忆崽拓展是需要花功夫的。\n\n完全个人观点，随便说说，不喜勿喷。
159505,5863,叶观琼,2022-07-29 08:06:07,17,18,1,楼上那个典型拿了高分就卖乖，注意嘴脸，差不多得了🤣 😋 😅
162955,5863,叶观琼,2022-12-07 00:12:40,5,6,1,课越水越爱点名，不知道这种课每周点名的意义是什么。再怎么点名也改变不了到课率不到一半的事实，就挺搞笑的。那些退课的同学真是明智之举。
164832,5863,叶观琼,2022-12-26 12:39:08,8,8,0,u1s1能打0分吗，我觉得它比马原毛概老师还麻烦，真tm纯纯nt
165401,5863,叶观琼,2023-01-04 10:54:48,12,12,0,辣鸡中的垃级
171188,5863,叶观琼,2023-03-18 01:40:29,13,14,1,整天叽叽喳喳，本身水平几乎为零，大无语
185197,5863,叶观琼,2023-12-27 04:38:27,6,7,1,事无敌多，别选别选别选
185230,5863,叶观琼,2023-12-27 07:45:36,10,10,0,我是真的无语了，课程论文3k字参考文献要30篇，还要求百分之六十以上是英文文献。也就是说每一百字要一篇参考文献，合着老师您发论文都是当裁缝抄别人的是吧？😅
185553,5863,叶观琼,2024-01-02 06:24:36,9,9,0,事无敌多还都堆在期末，早八晚六还天天点名叫人回答问题，，，个性化选什么不好跨专业也能当个性化啊朋友们，，
216624,5863,叶观琼,2025-03-19 11:14:00,1,1,0,不行不行
139774,5864,焦鹏程,2021-07-26 08:36:09,22,24,2,对研究生很压榨，课程的话工作量非常大，但给分高
141234,5864,焦鹏程,2021-09-27 03:49:04,26,26,0,上课要求高、事情多，课题组闭关修炼（物理闭关）。\n\n早知道海上风电PJ来上肯定不会选了。
151795,5864,焦鹏程,2022-03-16 03:40:36,33,34,1,中英文杂交，任务量感人。讲课天马行空，作业硬堆难度。要不是必修课这课程活不过一周，这种自我意识过剩的老师就别来讲课了，拉出去骗骗科研经费也好啊
151810,5864,焦鹏程,2022-03-16 11:56:16,33,35,2,Ukraine和Russia的这个war啊
151811,5864,焦鹏程,2022-03-16 12:06:02,17,17,0,呵呵呵
151815,5864,焦鹏程,2022-03-16 13:21:20,21,22,1,快run！不过这是门required course\n\n╮( •́ω•̀ )╭
151819,5864,焦鹏程,2022-03-16 14:36:30,22,23,1,看看今天勤勤恳恳的港航学子有什么作业🤡：\n\n根据HW2设计的Cellular、Chiral单元结构，提出人工智能性能预测模型。\n\n要求：\n\n1）自己定义输入变量，预测变量是杨氏模量；\n\n2）运用Genetic Programming算法建立Cellular单元结构预测模型；\n\n3）运用Machine Learning算法建立Chiral单元结构预测模 型；\n\n4）可以用文字表述形式阐述模型开发过程，但要具体、清晰，尤其要结合单元特点，体现算法区别
159153,5864,焦鹏程,2022-07-07 02:38:00,10,12,2,正常人别来…来了就快逃
159437,5864,焦鹏程,2022-07-19 14:30:48,16,17,1,和他一起做事简直是一种折磨
168370,5864,焦鹏程,2023-02-14 10:55:38,14,14,0,别来，来了PJ会让你“滚犊子”的
171069,5864,焦鹏程,2023-03-15 12:01:56,11,13,2,科技英文写作花了一整节课时间论证英语相比中文的优越性，之后说话就像挤牙膏一样，中英文混杂且讲了半天都不知道在讲什么，海院的傻逼老师可真是一板砖拍下去能砸死一大片😅
171337,5864,焦鹏程,2023-03-22 03:51:58,11,12,1,垃圾老师，自恃清高，讲课毫无逻辑与水平
171441,5864,焦鹏程,2023-03-24 10:51:00,12,13,1,焦老师 美式商务，为人师表
173640,5864,焦鹏程,2023-05-31 01:15:17,8,8,0,2.75太高了，打个一分拉低一下
174975,5864,焦鹏程,2023-06-20 13:31:45,8,8,0,脑瘫一个
179601,5864,焦鹏程,2023-09-18 14:39:50,6,6,0,上课作业与课程内容无关，学生累半死每周按照他的复杂要求完成作业以后，他自己拿去发综述论文了，真的无语，啥也没学到
179602,5864,焦鹏程,2023-09-18 15:05:46,5,5,0,脑瘫一个
180418,5864,焦鹏程,2023-09-21 13:37:31,7,8,1,老师长的像张嘉文 但没有狐臭
181412,5864,焦鹏程,2023-10-19 11:11:36,9,9,0,风电\n\n1.每节课都有小测\n\n2.喜欢放洋屁\n\n3.靠同学回答问题撑时长\n\n4.每节课都有课后作业
190732,5864,焦鹏程,2024-03-16 10:20:15,6,6,0,傻逼老师  人坏
197875,5864,焦鹏程,2024-08-18 09:09:33,-5,1,6,焦老师太棒了
200666,5864,焦鹏程,2024-10-20 16:07:31,1,1,0,唉，怎么说呢，头铁就来吧，但是没必要和自己过不去
202513,5864,焦鹏程,2024-11-13 02:57:52,-4,1,5,海上风电还是很不错的，给分非常好
216210,5864,焦鹏程,2025-03-12 12:52:52,5,5,0,唉，怎么说呢，别选他，无论是课程还是研究生导师，非常缺德，对学生态度极差，学生就是赚钱的工具，快跑
216686,5864,焦鹏程,2025-03-21 02:28:09,0,0,0,感觉这个老师是国外留过很长时间学的，上课风格有点不太像中国人，有点不适应。
216733,5864,焦鹏程,2025-03-23 09:57:26,0,0,0,我不会做他的作业😢😢😢
129575,5953,白晔斐,2021-01-07 15:03:59,-6,19,25,白老师课讲得这么好，该不会是某个小姐姐帮你做的吧（战术后仰）
139762,5953,白晔斐,2021-08-10 01:56:22,24,28,4,上课很差劲。
140308,5953,白晔斐,2021-09-07 23:12:23,34,37,3,8节课拿别的老师课件念了4节课，讲课烂也就算了，还经常有迷惑言论，时不时挑动性别对立，违背社会主义核心价值观，比如我们能量转化就跟阴阳调和一样，男的是阳女的是阴，再比如对着女生说你作业写得这么好该不会是哪个男生帮你写的吧，您恶意揣测学生作弊很幽默吗？真当我们不知道在美国当了8年博后找不到正式教职的人是什么水平？
142706,5953,白晔斐,2021-11-15 09:54:02,35,36,1,垃圾老师，混子老师，去研究你的星座去吧
142719,5953,白晔斐,2021-11-18 16:00:30,31,35,4,强烈建议取消这位老师的职称。\n\n上完唯一的收获就是看清了浙江大学海洋学院金玉其外败絮其中的真相，一众所谓杰出人才皆欺世盗名之徒，这位老师更如跳梁小丑一般哗众取宠，真乃百年求是之大耻！
143053,5953,白晔斐,2021-11-18 11:59:09,-28,7,35,上课讲的确实有点迷，点到为止，但还好期末考的东西比较基础，重点突出。另外大作业也能学到东西，还是推荐的，就是每节课都要认真听，把握一下重点。老师还是蛮好的，还有有趣小实验
143093,5953,白晔斐,2022-06-27 08:23:14,-73,8,81,我不允许你们这么诋毁白老师 明明是很好的人 你们不能断章取义 希望能客观评价\n\n我的亲身经历告诉我 白老师实际非常认真负责 说话直接但是很在理 希望某些同学不要跟风恶评 见风就是雨 停止诋毁好吗
143721,5953,白晔斐,2021-12-02 12:16:56,39,41,2,宋老师什么都给你讲了是吧？😅
146141,5953,白晔斐,2022-01-05 14:35:05,-38,5,43,超级好的老师 白老师是我男神~\n\n爱了爱了
146514,5953,白晔斐,2022-01-06 23:23:00,-34,7,41,BYFYYDS
146593,5953,白晔斐,2022-01-07 04:27:42,43,43,0,上课一言难尽，给分还行。\n\n想刷分可以选，如果想学点东西还是快跑吧，平时作业又多又难，上课经常扯皮。\n\n反正如果当初再让我选，我肯定是不会再选了。
150373,5953,白晔斐,2022-01-23 14:35:58,36,38,2,牛马老师。
152218,5953,白晔斐,2022-03-30 15:23:42,-42,4,46,白老师真YYDS，虽然上课时会讲一些星座，但也是为了挑动大家课堂积极性。
154956,5953,白晔斐,2022-06-07 05:44:43,31,33,2,白晔斐注定是每个物海学子直面舟山真相的第一个老师，如果他还教大二短学期的话
158268,5953,白晔斐,2022-06-28 02:56:44,25,25,0,那个无脑乱洗的，你在狗叫什么？
159052,5953,白晔斐,2022-07-05 07:06:42,28,29,1,8节课拿别的老师课件念了4节课，讲课烂也就算了，还经常有迷惑言论，时不时挑动性别对立，违背社会主义核心价值观，比如我们能量转化就跟阴阳调和一样，男的是阳女的是阴，再比如对着女生说你作业写得这么好该不会是哪个男生帮你写的吧，您恶意揣测学生作弊很幽默吗？真当我们不知道在美国当了8年博后找不到正式教职的人是什么水平？
161092,5953,白晔斐,2022-10-26 12:22:02,11,11,0,怎么说呢，认真听课你也听不明白他作业到底要你干什么
162190,5953,白晔斐,2022-12-09 08:34:23,12,12,0,强烈建议取消这位老师的职称。\n\n上完唯一的收获就是看清了浙江大学海洋学院金玉其外败絮其中的真相，一众所谓杰出人才皆欺世盗名之徒，这位老师更如跳梁小丑一般哗众取宠，真乃百年求是之大耻！
169541,5953,白晔斐,2023-02-27 01:12:59,21,22,1,这下我是知道为什么学长都叫我赶快从海院跑路了🤣🤣🤣
169755,5953,白晔斐,2023-02-27 16:13:26,16,16,0,垃圾老师混子老师，第一次课让自我介绍，还他妈讲籍贯和星座，啰哩啰嗦逼逼叨叨快大半个小时，去你他妈的研究星座去吧
172406,5953,白晔斐,2023-04-26 08:23:36,13,13,0,水平极差，学不到任何东西，教学态度也不端正，不知道这样的人怎么配当浙大的教师。海院也就到这了，我希望海院能有良好的发展，但不抱信心。
174974,5953,白晔斐,2023-06-20 13:31:16,14,14,0,sb玩意
180992,5953,白晔斐,2023-10-01 02:41:13,14,14,0,傻逼东西
181316,5953,白晔斐,2023-10-14 05:38:19,-6,7,13,物海基作业真的烦，特别是对于生化的同学来说太不友好了。还是必修课，建议下届培养方案改一改。
181479,5953,白晔斐,2023-10-18 14:17:37,11,14,3,上面那个生化让下一届改方案的，笑的眼泪都快出来了，会说话就多说点，显示出自己的无知与低能大家爱听；自己能力不行就别怪老师和学院，能沦落到上这b老师课的人可怜不是没有原因的🤗😅😅
183170,5953,白晔斐,2023-11-22 13:12:51,15,15,0,无语，
186609,5953,白晔斐,2024-01-12 05:45:07,-8,1,9,其实挺好的
188505,5953,白晔斐,2024-01-19 06:01:58,-7,2,9,白老师上课还挺认真的，就是作业有点多，而且非常注重排版和格式，给分还可以。
189096,5953,白晔斐,2024-01-22 01:12:23,10,10,0,s.b
190516,5953,白晔斐,2024-03-06 13:27:57,-9,0,9,没那么抽象
193523,5953,白晔斐,2024-06-12 08:39:53,6,6,0,我不允许lpl、ls之流只比你低一分
193617,5953,白晔斐,2024-06-14 03:03:02,6,8,2,8节课拿别的老师课件念了4节课，讲课烂也就算了，还经常有迷惑言论，时不时挑动性别对立，违背社会主义核心价值观，比如我们能量转化就跟阴阳调和一样，男的是阳女的是阴，再比如对着女生说你作业写得这么好该不会是哪个男生帮你写的吧，您恶意揣测学生作弊很幽默吗？真当我们不知道在美国当了8年博后找不到正式教职的人是什么水平？
199841,5953,白晔斐,2024-10-03 09:27:58,5,5,0,大出生（本来想评出生，但是不能少于三个字）
202819,5953,白晔斐,2024-11-14 14:06:38,-4,0,4,物理海洋学基础（24秋冬）\n\n每节课课前点名，老师会扯东扯西，比如统计星座，不过这门课也偏通识，理论上无伤大雅。讲课会划重点，考点清晰，比一些半开卷感觉好不少。平时作业会鼓励形式主义，就是做的精美一点，不过你不做精美也不会把你怎么样，就是分低一点。matlab的作业对于某些专业可能有难度。\n\n虽然听说培养方案改了，应该不上了（）
218357,5953,白晔斐,2025-04-23 02:09:37,3,3,0,老师人真的不太行，作业总是搞些莫名其妙的东西，看学生也是有偏见的
218595,5953,白晔斐,2025-04-25 16:30:52,2,2,0,sb
153162,5994,朱嵘华,2022-04-26 10:19:42,5,6,1,这位更是重量级！（褒义）
155718,5994,朱嵘华,2022-06-15 10:27:18,10,12,2,老师人很好，很喜欢装逼🤗
171425,5994,朱嵘华,2023-03-24 02:02:28,-1,2,3,sb玩意
201205,5994,朱嵘华,2024-10-30 06:20:52,3,3,0,是不是好老师不了解，但是真大佬
202515,5994,朱嵘华,2024-11-13 02:59:39,2,2,0,海上风电不错，虽然经常在讲自己的经历，但是最后给分非常高。平时上课就当听故事，期末考前好好整理半开卷资料就行。
202820,5994,朱嵘华,2024-11-14 14:09:32,2,2,0,海上风电工程技术（24秋冬）\n\n老师是大企业家，会讲曾经的经历，不允许大家玩手机，好好听课。他是希望我们能够有大局观，把握时代机遇，听听也不错。\n\n没作业，期末半开卷，还是要下点心思准备的，给分最后还是很好的。
216219,5994,朱嵘华,2025-03-12 14:01:12,2,2,0,我给国家能源局局长开过直升飞机，缅甸国防军开坦克送我到机场
216235,5994,朱嵘华,2025-03-12 15:14:11,2,2,0,情商高不push，财商高亿万身家，组内氛围比较自由，学习靠自觉。
135947,6042,李刚,2021-06-04 11:45:59,26,28,2,课程稍微有点难度，但好在老师认真负责，PPT做得简洁清晰，讲述也通俗易懂些。老师推起公式起来有点猛啊
135948,6042,李刚,2021-06-04 11:57:45,26,28,2,认真负责的好老师
142108,6042,李刚,2021-11-06 06:02:38,22,27,5,数值模拟与机器学习\n\n算是学到了些东西。\n\n老师比较和蔼，乐于讨论和解答同学问题。\n\n虽然在课堂上常说考试不难，但是还是有60分出在解答题...\n\n两道是做过的作业，一道推导，一道流程，一道公式。还是要花时间背啊T_T
179524,6042,李刚,2023-09-18 02:27:30,14,17,3,海院真正的好老师之一
183905,6042,李刚,2023-12-03 10:55:58,14,16,2,真正的好老师，讲课清晰，体谅学生
201790,6042,李刚,2024-11-07 15:16:44,12,14,2,数值模拟与机器学习基础，一门不错的课。适合大三的同学来上，部分内容与之前的计算方法有衔接。
201828,6042,李刚,2024-11-06 16:01:56,13,15,2,好课！建议冲！\n\n虽然培养方案是推荐才大四上，但很适合大三的学生！\n\n数值模拟以及机器学习的内容对后面的科研、学习都有不小的帮助。虽然教的内容浅尝辄止，但也算是不错的启蒙。覆盖面还是很广的。\n\n老师很和善。真的很不错的老师！为了大家着想取消了期末的考试，改为了三次作业（实验报告）。而且怕我们觉得太难了，有时候还会更改实验题目的难度。只要你问老师问题，他一定会有耐心地教你。
201842,6042,李刚,2024-11-07 01:54:14,-13,2,15,后来的同学别被2024的串子骗了\n\n作业难度不小，物海的同学全部破大防连夜快马加鞭，超级无敌聪明保研一哥也不会写
201941,6042,李刚,2024-11-07 14:47:57,13,14,1,老师上课认真负责，问题都能一一解答，任务轻松，作业只需要一点点课外时间就可以完成，对大三的学生帮助极大。
201942,6042,李刚,2024-11-08 15:11:38,13,14,1,好老师，非常棒，尤其适合大三同学学习
201943,6042,李刚,2024-11-07 14:37:22,11,13,2,海院少见的好老师，非常建议大三学生学习，帮助极大
202017,6042,李刚,2024-11-08 08:03:24,8,9,1,非常好的老师，使我的大脑旋转
202018,6042,李刚,2024-11-08 08:06:23,9,10,1,课挺有意思的
202023,6042,李刚,2024-11-08 08:58:42,8,9,1,大三 学生必选课 不选真的亏！
161129,6126,THOMAS PAHTZ,2022-10-28 02:50:20,13,15,2,海洋学院最好的老师
193683,6126,THOMAS PAHTZ,2024-06-15 10:00:34,4,5,1,观点同上，绝对吊打海院其他专业课的臭鱼烂虾，不知道他的流体力学以后还开不开，如果还有的话强烈建议学弟学妹们选他的课体验一下
221610,6126,THOMAS PAHTZ,2025-06-25 02:23:37,0,0,0,虽然是德国人但是也有外教特有的幽默风趣，，上课氛围比较轻松，经常会坐在桌子上，很可爱的一位老师呀。因为研究理论多一些所以上课重推导，但是英文班的弊端就是可能有些听不懂。还吃到了他儿子的喜糖嘿嘿
138710,6182,贺双颜,2021-07-10 12:59:32,4,19,15,可能是物海课程所有女老师里唯一不水的人……老师脾气太好了叭
151570,6182,贺双颜,2022-03-12 01:13:47,24,26,2,每次上课都要花半节课的时间点人回答问题，每次作业量都贼多且难度很大，非必修千万别选。
151614,6182,贺双颜,2022-03-09 14:43:01,19,22,3,我从来都没见过有哪个老师会花上半节课的时间去点人回答问题，\n\n我也从没见过会有老师布置一堆什么都不会的作业给学生，\n\n且作业又多又难。\n\n1分，不能再多了。
151868,6182,贺双颜,2022-03-18 14:58:18,23,24,1,我真是醉了，大妈，我们是大三下，不是大一下，更不是大班下，能不能收收你的花式点名，循循善诱……
152459,6182,贺双颜,2022-06-28 02:39:45,7,23,16,不可否认老师想让每个同学都学会学好，但是老师上课跟开了5倍速一样，完全听不出来哪些是重点哪些是非重点\n\n上课水平差  每次浪费大量时间点人问问题 作业设置不合理  讲也讲不明白  烂课给分还差 无语
158246,6182,贺双颜,2022-06-27 23:28:30,10,10,0,不是我说…今年这给分也太差了吧？？绩杀加卡绩，不知道是只有我一个人这样还是其他人也是这样，无语（＃－.－）
158279,6182,贺双颜,2022-06-28 04:06:12,10,12,2,海院课的典型，事多爱点名给分差
170871,6182,贺双颜,2023-03-11 02:23:38,7,7,0,讲课就像开火箭，一言难尽
193453,6182,贺双颜,2024-06-11 05:33:42,2,2,0,每次上课之后都要逐个点名提问。lz没那么多时间花在您这门课上还没次问我们记住了多少，无语😓。
160745,6261,吴涛,2022-10-09 02:41:10,-8,5,13,sb老师教都不会教
160749,6261,吴涛,2022-12-14 13:55:55,9,11,2,老师还是可以的啊，讲的算不错的了
161177,6261,吴涛,2022-12-14 13:56:21,5,7,2,可能老师比较年轻没有授课经验所以显得有些生硬，但是总体来说讲的还是很好的，也很体贴同学
163005,6261,吴涛,2022-12-14 13:54:20,7,8,1,老师确实已经很不错了，没必要喷
164110,6261,吴涛,2022-12-18 06:44:09,7,8,1,老师还是挺好的，有些同学体验不好有很大一部分归咎于课程设置的问题
164121,6261,吴涛,2022-12-18 08:26:15,6,6,0,个人感觉挺好的
164239,6261,吴涛,2022-12-19 14:32:38,6,6,0,挺好的老师
168261,6261,吴涛,2023-02-07 09:32:46,6,9,3,给分还行，但我并不认为可以作为给老师高分的理由。上课毫无逻辑，喜欢点名拖延时间\n\n10分有点多了，4分差不多
178904,6261,吴涛,2023-07-30 07:47:46,1,4,3,垃圾老师
183164,6261,吴涛,2023-11-22 13:02:27,2,2,0,很可爱的老师喵
200029,6261,吴涛,2024-10-11 09:23:10,1,1,0,在海院算是难得的好老师了
132133,6291,曹安州,2021-01-30 12:29:31,-28,7,35,我觉得老师是个对教学很有想法的人，坚持手写板书（虽然我觉得还有很大提升空间，有的地方写的没那么整齐还有前后用差不多的字母很容易看着看着就晕了，另外就是手推公式把物理海洋学搞得很不海洋虽然在这一点上我也没什么好的建议），总之算是海院一众混日子的老师里的一股清流。\n\n最后最后……老师为什么长得和我们这届海工的一个男生几乎一毛一样！搞得某同学每次在食堂遇到都思考要不要说老师好，虽然我只想请教一下保养方法（ac01）
142920,6291,曹安州,2022-01-08 01:23:06,18,23,5,出分了 是什么牛马
142921,6291,曹安州,2021-11-17 10:38:12,25,28,3,什么垃圾老师 ppt都没 上你个头
142950,6291,曹安州,2021-11-18 15:59:53,23,27,4,强烈建议取消这位老师的职称。\n\n上完唯一的收获就是看清了浙江大学海洋学院金玉其外败絮其中的真相，一众所谓杰出人才皆欺世盗名之徒，这位老师更如跳梁小丑一般哗众取宠，真乃百年求是之大耻！
143083,6291,曹安州,2022-01-08 03:03:19,18,23,5,考完来看，有亮点，有槽点，出分来看，哪有亮点，全是槽点，谁说污泥满身的不算垃圾
143085,6291,曹安州,2022-01-09 09:20:14,26,28,2,（评论已被编辑）
143679,6291,曹安州,2022-01-08 06:42:35,24,26,2,一朝被绩杀，\n\n十年怕安州。
144029,6291,曹安州,2021-12-16 07:17:25,-22,4,26,唯一像个讲师的老师。
145008,6291,曹安州,2022-01-08 00:46:54,21,21,0,真有你的，安州先生。
145489,6291,曹安州,2021-12-30 03:38:22,21,23,2,手写板书  纯纯牛马\n\n这位老师到底在上什么？会教吗？手写板书效果好吗？教的是什么玩意呢？自得其乐吗？那个说清流的 良心在吗？光有态度有用吗？凭态度能弥补拉胯的本质吗？请问这个世界是缺认真的人还是有水平的人呢？老师的态度我不否认 但是水平 教学能力 教学方法 我认为就是垃圾。\n\n这门课还是必修 还必须得上这门老师的课 唉 海院学子就被当成牛马呗
146139,6291,曹安州,2022-01-08 02:05:55,19,20,1,什么玩意  赶紧滚吧\n\n滚！你妈的讲的什么玩意  赶紧滚！\n\n不如把PPT给宿管阿姨 也比曹贼上的好
150229,6291,曹安州,2022-01-20 16:04:23,30,31,1,总算是知道物海专业绩点一直很低的原因了，你妈了个逼的整天嚷嚷着大作业很重要，结果上课一点内容都不讲，直接丢给我们做你敢信？？你敢信期末考试完全绕着上课重点讲的内容？？你敢信期末出分把每一个人都调成卡绩的分数，以此故意来恶心我们？？\n\n上课听天书，辛辛苦苦付出一学期，最后拿着一个刚好及格的成绩，奉劝看到评论的各位尽早跑路，不要继续留在这种傻逼学院傻逼专业上面浪费时间了😅
150235,6291,曹安州,2022-01-20 23:40:37,18,19,1,傻逼玩意儿，傻逼老师，傻逼学院，傻逼专业😅
150372,6291,曹安州,2022-01-23 14:35:34,21,21,0,上课嘻嘻哈哈，期末大绩杀。\n\n什么成分，想必已不用多说。
150565,6291,曹安州,2022-01-30 09:25:33,20,21,1,楼下那位说的太对了，这sb老师是真•金玉其外、败絮其中、跳梁小丑、百年求是之大耻！\n\n敢问您是兵马俑第几排？
153824,6291,曹安州,2022-05-12 07:30:16,23,24,1,你在狗叫什么？
153959,6291,曹安州,2022-05-18 04:29:03,24,24,0,那张嘴是真的欠抽
154320,6291,曹安州,2022-05-30 04:41:05,23,23,0,物海所的老师就没几个正常人。。。。。。无语
181423,6291,曹安州,2023-10-17 11:29:58,8,8,0,快逃！
181847,6291,曹安州,2023-11-02 06:59:40,10,10,0,曹贼！
186610,6291,曹安州,2024-01-12 05:46:01,4,4,0,求你做个ppt吧
189097,6291,曹安州,2024-01-22 01:12:41,4,4,0,s.b
194227,6291,曹安州,2024-06-22 16:15:11,6,6,0,该骂骂，物理海洋学这门课笔记还是得跟着做，不然后面完全没法听，智云也听不了，血与泪的教训
197945,6291,曹安州,2024-08-21 11:13:06,-4,1,5,非常好的老师。上课黑板手推公式，也会主动停下来，问某个点有没有听懂；非常负责。
130498,6294,李新刚,2021-01-23 05:31:15,-9,7,16,难顶杀杀杀
142781,6294,李新刚,2021-11-16 05:04:01,20,26,6,非常好的老师 我心目中学问人的完美形象\n\n希望大家都来选!肯定会有收获!
163046,6294,李新刚,2022-12-07 03:52:36,17,17,0,老师各方面都很帅。
192425,6294,李新刚,2024-05-19 11:16:27,7,8,1,不太了解老师的研究方向，但看个人主页应该是非常厉害的人物。国际航运法给人耳目一新的体验，无论老师本人风格还是课程内容都和海院其他课程迥然相异，挺有意思的。而且这个老师的业务水平明显比负责海工海技必修课的某些奇葩强得多
198334,6294,李新刚,2024-09-07 08:37:58,1,2,1,很温柔有耐心的老师，给分比较求是
198342,6294,李新刚,2024-09-07 12:13:30,5,5,0,老师是一位儒雅学者，航运领域的知名权威专家，课堂收获满满，气氛非常好，考查形式也很简单，在众多工科课程中是非常好的中和！！！
200286,6294,李新刚,2024-10-15 10:52:02,4,4,0,上课前来一句同学们好，然后大家回答老师好。有一种回到小学初中的感觉😂
200405,6294,李新刚,2024-10-16 15:31:48,6,6,0,老师是航运领域的知名学者，课堂氛围很好，一看就是有自己真东西的，助教老师人也很好，有事儿请假说一声就可以，给分也很友好，在一众海院的奇葩课程中可谓一股清流，无脑冲！
200915,6294,李新刚,2024-10-24 13:06:12,2,3,1,海商法教授 √\n\n国学大师 √√√
202170,6294,李新刚,2024-11-10 09:13:27,6,6,0,好老师，专业水平很高，讲课也能做到深入浅出。
202259,6294,李新刚,2024-11-11 05:05:03,1,1,0,国学大师，上课有自己的想法哈哈，不过能感受到是真的想教会同学一些东西而非拘泥于上课讲授的东西。对于没有商法基础的同学来说考试可能还是会有难度，虽然课有点水，平时上课讲的案例和大篇幅强调的内容还是得认真听的🤓
124959,6296,詹舒越,2020-07-26 06:04:01,36,41,5,辣辣鸡鸡的的
145591,6296,詹舒越,2021-12-30 11:14:11,45,47,2,傻逼😅
151685,6296,詹舒越,2022-03-11 15:20:05,41,43,2,真nm无语，一点责任都不负
151721,6296,詹舒越,2022-04-02 08:55:33,18,41,23,只能说是海院为数不多的较为正常的老师了，货比货得扔，人比人得死。全靠同行衬托。确实不负责任nmd
152019,6296,詹舒越,2022-03-23 07:41:13,72,77,5,真tmd有病，上个机器人课，发的全是坏的机器人，问他怎么办，“你去找助教，我也没办法，不是我管”，助教也sb的一批，“我也没办法”，课程快结束了还没用上机器，最后怎么平分，“我也没办法”\n\n建议取消这门课，完全就是区别对待参加省赛和不参加省赛同学，课程设置也拉胯。真不知道这种课怎么过的审，可能只有参加竞赛的同学人家才会认真教吧。
152042,6296,詹舒越,2022-03-28 10:35:23,34,39,5,我是傻逼
152119,6296,詹舒越,2022-03-27 14:13:41,38,38,0,汪新伟：我也不知道呀～\n\n真tmd脑子有病
152163,6296,詹舒越,2022-09-02 06:21:37,-10,40,50,短学期来的，老师超耐心，python的空格问题都愿意耐心帮我找出来，问的问题全都回复得很及时。
152777,6296,詹舒越,2024-07-13 07:02:37,57,87,30,当你整个学期周六日都在机器人上焊接，通宵几个晚上加班加点调试机器人之后，牢詹能在群里嘲讽一句花费精力不多，然后反手把你们上交的全部东西全部分享出去
153197,6296,詹舒越,2022-04-26 14:01:46,75,80,5,不想教可以不教，没有指导就算了，连机器人的问题都解决不了，也真是服了
159744,6296,詹舒越,2022-08-28 02:24:41,35,36,1,发邮件不回 发消息不回 问问题避而不谈 一点责任心都没有 我还要你有何用？ 前辈所骂不假
159819,6296,詹舒越,2022-09-03 07:32:46,21,29,8,差不多得了
159843,6296,詹舒越,2022-09-17 13:41:52,-38,12,50,这也能喷，多少有点跟风了
160818,6296,詹舒越,2022-10-14 02:54:23,37,38,1,喷这个老师有什么问题吗？？你有上过他的水下机器人课吗？\n\n问问题从不正面回复，遇到问题直接甩手给助教，机器坏了就说不关我的事？\n\n下面那帮硬洗的人差不多得了😅
164731,6296,詹舒越,2022-12-24 11:15:00,24,29,5,sb老师，一脸不屑与人沟通的样子
168246,6296,詹舒越,2023-02-06 02:43:37,34,37,3,水下机器人竞赛，已经想不出怎么骂这个老师了，海洋学院不亏是废弃垃圾回收站，什么样的畜生都能当老师
169579,6296,詹舒越,2023-02-27 03:59:27,28,31,3,快跑，能不上zsy的课就别上，只能徒增精神内耗
171061,6296,詹舒越,2023-03-15 08:33:07,31,33,2,布置任务出尔反尔，水下机器人设计完又临时改条件，纯纯搞人心态是吧？😅
172110,6296,詹舒越,2023-04-19 16:50:57,26,28,2,纯纯sb
172266,6296,詹舒越,2023-04-29 11:17:18,53,55,2,原本短学期对老师的印象还可以，结果水下机器人属实被震撼到了， 作为裁判和命题人甚至不知道自己出的题， 还只会疯狂抠预算从中盈利，只能说别被老师上课看似和蔼的样子骗了
174356,6296,詹舒越,2023-06-10 12:52:41,29,31,2,最新评论才没几天就-24了，懂得都懂捏
174365,6296,詹舒越,2023-06-11 00:53:24,18,21,3,sb玩意
174392,6296,詹舒越,2023-06-11 13:35:52,19,21,2,sb东西
174987,6296,詹舒越,2023-06-20 14:34:14,107,112,5,只能说，学弟学妹们擦亮双眼。就学长学姐们和学长学姐的学长学姐们这么几年的观察来看，他的表现一直不变。就规律性而言，一般是大二的同学对他有好印象，在大三之后基本都没有什么好印象了。如果各位有可能遇到任何与他沾边的事情，听一句劝，要么自己后台够硬，硬钢；要么跑，赶紧跑，一点也不要沾边。最后，希望大家看评论的时候给骂他的评论点点赞，不然后来者就不知道他是个什么情况了，还真以为他改过自新了，当然也是防止水军，感谢各位！海院模块查老师的公平公正就靠各位海院学子维护了。
175165,6296,詹舒越,2023-06-22 05:39:58,26,27,1,人面兽心
177630,6296,詹舒越,2023-07-04 03:22:25,50,52,2,对于这个老师我想说没情商就别硬整事，能力低，人品差，你看有哪个老师跟他一起玩？简直就是智海楼的老鼠屎，狗仗人势，欺软怕硬，以后总会有人教训他的
178320,6296,詹舒越,2023-07-10 04:18:00,20,28,8,垃圾老师，水下机器人刻意压课程组的分
178611,6296,詹舒越,2023-07-20 12:00:24,-108,7,115,10分，为老师鸣不平。大二短学期来的，老师人非常好，讲课清晰为人诚恳。平时作业认真做基本都会给高分，大作业只要努力就能拿到满意的分数。那些平时不努力，上课都不来上的人活该挂科，差不多得了，一群傻逼玩意儿一个个的有这闲功夫搁这哔哔赖赖diss老师真不如上街去见见世面，乞讨要饭也行，你真以为浙大文凭这么好混？？😅 😅
178965,6296,詹舒越,2023-08-08 01:28:25,84,86,2,从大三下开始的那一刻，深深感受到海院没救了，真正优秀学生的所谓情怀与抱负遭到无情践踏，反倒是做学生工作跟领导走得近的人被褒奖。\n\n一众所谓杰出老师皆欺世盗名之徒，表面功夫做尽，背地里坑害学生，就连纪委书记都懒政腐败，研究生天天混日子等死，正所谓上梁不正下梁歪。\n\n大一大二的如果有幸看到这条评论就赶紧跑吧，趁一切还来得及。
178997,6296,詹舒越,2023-08-17 02:47:18,60,64,4,楼上那位准大三小朋友先不要激动，我们当时也是这么想的😋
184068,6296,詹舒越,2023-12-07 15:04:32,19,21,2,好久不见
190610,6296,詹舒越,2024-03-11 14:16:25,23,23,0,撑到大三下了？恭喜你全面进入自学模式～
191740,6296,詹舒越,2024-04-29 09:40:00,11,12,1,谁上谁知道
192279,6296,詹舒越,2024-05-13 10:31:14,20,21,1,预言一下，这位老师即将成为海技下一届“四大天王”之一
192376,6296,詹舒越,2024-05-17 02:52:42,16,17,1,最后一条评价不会是zsy自己评价的吧哈哈哈哈哈哈哈哈哈
192417,6296,詹舒越,2024-05-18 15:34:48,14,14,0,适合去教新闻学
192476,6296,詹舒越,2024-05-21 11:44:54,23,25,2,我是放下偏见去感受zsy的历史学家 这旧时史
192483,6296,詹舒越,2024-06-04 16:57:36,41,41,0,听到过这个老师有严重干扰学生毕业答辩的事情，我想请问一下师德在哪里了，我听别人描述都要红温了，真不怕学生自爆一换一？
192502,6296,詹舒越,2024-05-22 05:08:59,14,14,0,EEer围观海院陈宏
192521,6296,詹舒越,2024-05-25 11:30:50,48,51,3,科研，詹很幼稚\n\n课用，这货运作\n\n考研，詹皇欲阻\n\n苦呀，浙海冤种\n\n堪忧，智海一族\n\n抗议，最好越走\n\n可疑，怎会厌詹？\n\n开眼，真会引战！\n\n看样，詹黑一只？\n\n可以，这很也中！
192532,6296,詹舒越,2024-05-23 06:48:44,-55,2,57,下面说詹舒越老师的，自己差就别过来bibi，老师讲课非常好给分也很好，旧时史？真他妈好笑，今年海院是出了什么东西，一个两个因为自己菜在这无差别乱喷诽谤造谣，不仅喷詹舒越老师，还去朱江老师底下喷，垃圾去你马活该挂科，就会动嘴皮子，爷照样满绩😅🤣🤤
192561,6296,詹舒越,2024-05-23 13:31:31,20,21,1,水机本来挺好一门课，大家同学自己用三年学到的知识做点东西，能有点实质性的成果。非得被这傻逼到处扣经费、加要求，搞到最后还扣你课程总评分。想做东西的同学做不出成果，想卷绩点的同学拿不到绩点，想去打打比赛争点荣誉更是要被他的内定操作浇灭对海院的热情，就算最后靠自己努力做出成绩，也要被他以各种名义被迫开源上交劳动成果。而且这个老师从来不敢自己正面回应问题，只会躲在下水道里偷偷干恶心学生欺下瞒上的事。
192604,6296,詹舒越,2024-05-24 16:40:49,22,23,1,小詹非常不求是，评价方式非常主观，不讲科学只凭个人好恶。举个例子：\n\n小詹在竞赛群里：收到8017，8021，8023三组申请单项奖，裁判组决定授予8021爬爬该单项奖。这个最独特，做工也不粗糙。8023架子很漂亮，但现场看到同款还挺多的。8017有点像浙大两组结构，但比浙大的更小巧可爱。\n\n现场实测结果如下：8017“小巧可爱”组重量6.65 kg，浙大冠军组4.30 kg，浙大亚军组3.55 kg。从重量上相比，小詹认为的“小巧可爱”是最重的。\n\n换算为体积：8017“小巧可爱”组重量6.65 L，浙大冠军组4.30 L，浙大亚军组3.55 L。从体积上比，小詹认为的“小巧可爱”是最大体积。\n\n如果只是相差10%确实很难肉眼直接分辨。但相差40%，可以轻易用肉眼分辨的差别。小詹还要评价6.65 kg为小巧可爱。那就只能解释为不求是了。\n\n另：竞赛群号112474871，欢迎围观小詹对内对外的双重表现。
192624,6296,詹舒越,2024-05-25 12:40:39,33,33,0,：詹舒越是一名T0级别的好老师，拥有一秒红温功能，一键传唤学生，对内对外双重人格模式，多种“经费”来源。这位老师能够提升学生独立科研水平、培养研究生自我奉献精神的能力以及面对项目验收的抗压能力，且身怀令人耳目一新的师风师德，成为了导师中的佼佼者。升级解锁科研助理DLC还有机会享受看房、买车、擦床服务体验。 希望您可以把握这次机会，慎重选择。
192626,6296,詹舒越,2024-06-07 13:33:43,51,51,0,每周二代码调烦了都来看一眼，神清气爽
192636,6296,詹舒越,2024-05-26 05:59:41,28,28,0,喜欢搞群众斗群众，挑拨离间学生，把小詹和大家的矛盾，转移成大家之间分配不均的矛盾。\n\n就比如内定省赛名额，拿到内定名额的队伍就不会帮其他队伍争取。被内定不去的队伍就会一直孤立无援。每年不举办公开的校内选拔赛，可能也是一直想通过这个办法瓦解大家，然后享受这种权力感。\n\n再比如报销这件事，他会选各组开销最低的项目作为标准，然后合在一起搞个“全组最小开销参考”。比如裸奔的深度传感器，比如很难用的开关。结果就是让大家喂他省钱的同时，还要互相恶性卷成本。卷到最后体验感基本没有，非常恶心。至于省下来的钱去哪里，反正也没公示，谁知道去哪了。\n\n这门课恶评如潮的锅，小詹至少要负责一大半。强烈建议不要再让小詹参与这门课了。
192696,6296,詹舒越,2024-06-13 12:08:46,33,34,1,呸！恶心！真恶心！还tm背地里诋毁别人
192721,6296,詹舒越,2024-05-29 09:41:01,25,27,2,小詹没这个能力指导水机这门课，也非常不适合命题水机竞赛。小詹组都没有什么像样的水机课题，自己更不在一线，完全没这个能力指导水机。平常指导的内容好多都是错的，比如前一段时间放出来质量很差的训练集（这个训练集甚至都是慨他人之康）。再者，发布的竞赛题目，很大程度上是他自己要做但还没做出来的研究课题内容。他自己都没验证过题目，可能他自己都没这个能力做出来。然后等着白嫖大家的劳动成果。就这水平，指导水机课或者竞赛合适吗？他现在借口为学弟学妹留资料，实际在白嫖大家的劳动成果，为自己谋私利。我们同学们不需要知识二道贩子！强烈要求小詹离开水机课！！！
192729,6296,詹舒越,2024-05-29 13:30:56,13,14,1,傻逼玩意，不用评价了
192792,6296,詹舒越,2024-05-30 11:49:47,21,22,1,🗡️🧍‍♂️ 🕸️🐴🌶️\n\n吟诗一句：\n\n初升东曦，彼阳晚意
192811,6296,詹舒越,2024-05-30 19:34:14,26,26,0,水下机器人课 x\n\n算法与控制学习 x\n\n视觉学习 x\n\n\n\n焊接工艺与技术 ✓\n\n灌胶与防水工艺 ✓\n\n精准定时与代际传承 ✓\n\n\n\n得益于詹老师对经费的精准把控与课程设置的高自主程度以及横向项目的提前接触，同学们被拯救于枯燥的代码，手工艺与人际交往水平得到大幅提升，时间不利用效率大幅上升，人均不幸福与空虚度大幅上升\n\n\n\n（真想学到东西的同学建议参加竞赛并且拉到经费早早开始，课程组就是前期毫无指导无从下手只能从学长学姐那讨讨饭收收破烂再靠自己焊接才不至于超出预算，视觉板也带不动模型，推进器和传感器更是始终始，大部分小组到下水这一步就快期末验收了根本来不及学真正重要的部分o，当然也要面对小詹作为竞赛负责人为难本校组强制开源把自己的项目安到竞赛要求以及💩一样的路线规划就是了）
192814,6296,詹舒越,2024-05-31 00:57:09,7,9,2,。。。。
192882,6296,詹舒越,2024-05-31 08:26:56,23,24,1,心眼很小，总想着打击报复违逆他心意的学生，而且手段都很无耻。平时爱使唤学生为他干活。
192884,6296,詹舒越,2024-06-01 00:05:44,21,21,0,强烈建议取消这位老师的职称。\n\n上完唯一的收获就是看清了浙江大学海洋学院金玉其外败絮其中的真相，一众所谓杰出人才皆欺世盗名之徒，这位老师更如跳梁小丑一般哗众取宠，真乃百年求是之大耻！
192924,6296,詹舒越,2024-05-31 14:54:50,18,20,2,理解一下，他把克扣的经费去买纸钱了
192944,6296,詹舒越,2024-06-01 04:41:08,25,25,0,水机课程克扣课程经费，水机竞赛刁难本校学生，你们有没有这样的zhanshuyue呀，真是恶恶又心心啊。
192952,6296,詹舒越,2024-06-01 06:26:45,19,19,0,这就是我们的zsuy，你们计量有没有这样的zsuy啊🥰🥰🥰
192953,6296,詹舒越,2024-06-01 06:29:48,24,24,0,小詹喜欢让听话的小朋友帮忙洗钱钱，假装心善帮你报报路费，实际转念让你全额返还，小钱钱就 到 手 啦 😋
193080,6296,詹舒越,2024-06-03 09:49:08,19,20,1,科研，詹皇迎战\n\n堪忧，詹皇硬仗\n\n哭晕，詹黑言中
193102,6296,詹舒越,2024-06-05 12:07:35,53,54,1,小詹是这样的，海院的学生只要用着最低预算，在没有丝毫老师指导的情况下，用最差的或者捡来的硬件设备想办法拼出能跑完困难题目的水下机器人就可以了，可是小詹需要考虑的事情就很多了。
193215,6296,詹舒越,2024-06-04 13:04:48,21,22,1,最低预算，无老师指导\n\n使用最差或捡来硬件设备\n\n跑完巡线和识别\n\n这，就是水下机器人课程
193336,6296,詹舒越,2024-06-06 13:51:23,-25,9,34,你说的对，但海院是一个老师sb学生也足够nt的学院😊
193389,6296,詹舒越,2024-06-08 12:44:55,34,35,1,大家别骂他了，这个老师是个变态，有严重的心理问题，你们越骂他他越爽的。
193436,6296,詹舒越,2024-06-11 01:13:47,21,22,1,小詹啊小詹
193439,6296,詹舒越,2024-06-11 03:07:49,35,35,0,:明天以下这些可以酌情加点分，\n\n1.主动热心为小朋友讲解的，\n\n2.帮助拍一些现场照片视频。\n\n\n\n请问为小朋友讲解和课程有什么关系呢😕😕😕
193458,6296,詹舒越,2024-06-11 06:39:23,17,18,1,纯纯nt
193493,6296,詹舒越,2024-06-13 12:57:30,14,15,1,奸邪小人，歹毒之人
193518,6296,詹舒越,2024-06-12 07:34:15,13,14,1,谵言妄语、谵妄之言——《谵语》
193558,6296,詹舒越,2024-06-13 04:09:40,12,14,2,真是恶心他妈给恶心开门恶心到家了
193641,6296,詹舒越,2024-06-14 08:05:52,11,17,6,不允许lpl比你分高
193653,6296,詹舒越,2024-06-14 12:34:29,20,20,0,大一海院的看到这里，我只说一句话：赶紧跑。这就是座海上牢笼，能留下来的天生就是会坐牢的料。
193654,6296,詹舒越,2024-06-14 12:54:50,53,58,5,小詹同志，最近我收到了大量同学的举报，同学们向我反映你的教学工作和师德师风存在一些问题，这个状况不容忽视，我们认为有必要于近期开展一次批评会议，大家一起讨论一下你的工作有哪些地方可以改进，或者说是这个课程能不能优化掉你。
193660,6296,詹舒越,2024-06-14 13:20:59,18,19,1,水机课开出来从课程设置到经费安排到竞赛要求和最后的报告提交无一不是在恶心学生呀~
193663,6296,詹舒越,2024-06-14 13:25:06,15,16,1,舒和悦他是一点不沾啊
193674,6296,詹舒越,2024-06-15 06:01:33,30,31,1,来到舟山的这一年，是我度过的最痛苦的一年。不仅仅是因为每一次课程的一堆繁琐事而烦恼，更是因为课程的一无所获而对未来感到希望渺茫。我不理解故意压低经费、自学手搓机器人的意义何在，也不理解整各种花活比赛是为了什么，来上课的老师和助教也显得可有可无。培养方案也好，短学期也好，水下机器人海洋调查方法也好，海院给于我们同学的第一印象大家心里都有数的。一个没有希望充满黑恶势力的学院，上至领导教授辅导员下至学生会没有正常人存在，学着所谓21世纪学科，遇到各种傻逼老师傻逼事，情怀被扔进粪坑无情践踏。将来毕业真正逃离海院，或许有更多压迫，或许也会受益良多——因而我会抱怨，也会心怀感激，而唯独，不会在乎。
193684,6296,詹舒越,2024-06-15 11:32:04,29,30,1,宇宙大爆炸以来地球历史第一初生
194041,6296,詹舒越,2024-06-30 02:40:34,40,41,1,海院能有如今的风评，你是真的功不可没
194095,6296,詹舒越,2024-06-22 03:55:20,47,48,1,致敬传奇水机比赛大使詹📕🌙\n\n致敬传奇旷工王🐥大🐻\n\n致敬传奇耐骂王李爽\n\n致敬传奇垫脚怪李陪粮\n\n致敬传奇萝莉葛晗\n\n致敬传奇心学大师赵东减\n\n致敬传奇哑巴张大海\n\n致敬传奇学术混子陈振纬\n\n致敬传奇海龟焦🦅🍊\n\n\n\n致敬传奇米其林霸主舟山食堂\n\n致敬传奇商圈启真超市\n\n致敬传奇最多跑一次示范区海院行政楼\n\n致敬传奇耐钉王教管部\n\n致敬传奇物种舟山眼镜蛇\n\n致敬传奇交通工具甬舟大巴车
194290,6296,詹舒越,2024-06-23 06:48:09,15,18,3,1.3分对于小詹来说还是太高了，不能体现出小詹在 节（） 约（） 经 费 方面做出的 突yi 出tuo 贡da 献bian。
194300,6296,詹舒越,2024-06-23 07:14:58,24,25,1,家人们，考试周乐子指路如下：詹舒越、葛晗、李培良、李爽
194400,6296,詹舒越,2024-06-23 15:48:16,9,11,2,sb一个
194456,6296,詹舒越,2024-06-24 04:55:51,23,23,0,考完试了，那么接下来又是审判小詹的时刻
194923,6296,詹舒越,2024-06-26 02:48:11,15,16,1,评论区那个人是领导？真的？
195460,6296,詹舒越,2024-06-28 10:29:32,19,21,2,詹老师教的不是水机课\n\n他是让我们认识到人类的下限可以有多低\n\n致敬\n\n“詹神”\n\n🐮🐮🐮
196452,6296,詹舒越,2024-07-03 13:23:49,33,34,1,我直接在这里拉屎\n\n⠀⠀ ⣀⣤⣤⣀\n\n⠀⠀⠀⠀⣠⠟⠁⠀⠀⠀⠀⠙⣆\n\n⠀⠀⠀⣴⠁⠀⠀⠀⠀⠀⠀⠀⠀⢷\n\n⠀⠀⠀⡇⠀⠀⡴⠀⠀⡴⠀⠀⠀⠀⡆\n\n⠀⠀⠀⡇⠀⠀⠀⠀⠀⠀⠀⠀⠀⠀⠇\n\n⠀⠀⠀⢿⠀⠀⣤⣀⣀⣤⠀⠀⠀⣼\n\n⠀⠀⠀⠀⠳⣀⠀⠀⠀⠀⠀⢀⡴⠁\n\n⠀⠀⠀⠀⠀⠈⠛⠶⡆⠀⠀⢿⠀⠀⠀⠀⣀⣀⣀⣀⣀\n\n⠀⠀⠀⠀⠀⠀⠀⣴⣴⠛⠃⠀⢻⠀⠀⠸⡀⠀⠀⠀⢀⠇\n\n⠀⠀⠀⠀⣠⣴⡿⠋⠀⠀⠀⠀⠀⣇⠀⠀⡇⠀⠀⠀⢸\n\n⠀⣴⠟⠛⠉⠀⠀⣠⣶⠋⠀⠀⠀⢹⠀⠀⡇⠀⠀⠀⢸\n\n⢠⠃⣶⠶⣺⡿⠿⠶⠾⣦⡀⠀⠀⠀⣇⠀⡇⠀⠀⠀⢸\n\n⠘⠳⠾⣯⠁⠀⠀⠀⠀⠀⠀⠀⠀⠀⢹⠀⡇⠀⠀⠀⢸\n\n⠀⠀⠀⣿⠀⠀⢸⣀⠀⠀⠀⠀⠀⠀⡾⠀⡇⠀⠀⠀⢸\n\n⠀⠀⠀⣿⠀⠀⣿⣰⠾⠿⠿⠿⠿⠿⠶⢦⣷⣤⣤⣤⠞\n\n⠀⠀⠀⡟⠀⢠⠃⣇⠀⠀⠀⠀ ⠀⠀⠀⠀⠀⢠⠃\n\n⠀⣠⡶⠃⠀⣿⡄⠈⢲⠀ ⡟\n\n⢠⣿⣿⣿⣿⣿⣿⠀⡏⠀ 💩 ⠀⣸\n\n⠀⣿⣿⠀⠀⢿⣿⣸⠀⠀⠀⠀⠀⠀⠀⠀⠀⢀⠃\n\n⠀⠙⠁⠀⠀⠘⠋⠛⠒⠒⠒⠒⠒⠒⠒⠒⠒⠋
197409,6296,詹舒越,2024-07-13 07:20:01,9,10,1,sbsb
197422,6296,詹舒越,2024-07-14 09:50:44,26,27,1,这个逼太nm抽像了，长得一表人才儒雅随和，实则人模狗样道貌岸然。尽躲在阴沟里干些龌龊事。自己没能力、没技术解决不了问题就算了，还天天霍霍学生，没有研究生可以霍霍就来霍霍本科生，抠搜的一逼，就nm是出生时卡在他妈阴道里被扣出来的，倒是挺会利用学生劳动力为自己服务。只能说海院烂成这B样子不是没有原因的，老师教学能力不行就算了，师风师德败坏的倒是一大堆。希望海院快快倒闭，别给浙大争这个烂名声了。
197591,6296,詹舒越,2024-07-20 11:38:03,14,15,1,z老师福泽万代啊……
197845,6296,詹舒越,2024-08-15 14:07:37,7,7,0,"-1"" OR 2+905-905-1=0+0+0+1 --"
197850,6296,詹舒越,2024-08-16 02:25:13,11,11,0,这个老师赶快被上帝收走吧，别留在海院霍霍学生了。
198804,6296,詹舒越,2024-09-12 00:07:43,9,10,1,依托构思
200647,6296,詹舒越,2024-10-20 13:30:06,22,22,0,是一种很优秀的催吐剂
202214,6296,詹舒越,2024-11-11 01:28:03,21,22,1,珍惜现在的平静时光，等下学期就有一堆人来问候你了
202314,6296,詹舒越,2024-11-11 13:51:25,10,10,0,建议把它和几只峨眉山猴子一起关在一个笼子里，那样绝对会很好玩
202321,6296,詹舒越,2024-11-11 14:52:23,9,10,1,学弟学妹擦亮眼睛，不要被他装可怜的表演蒙骗了。咖啡过滤之后是咖啡渣，小詹不需要过滤就是（）（）。
205338,6296,詹舒越,2024-12-04 12:54:38,10,10,0,可以，这很也中，致敬海院沾满屎
205737,6296,詹舒越,2024-12-11 18:18:20,10,11,1,这种畜生就应该先往它眼睛里滴几毫升溴乙酸乙酯\n\n然后往它鼻腔里灌点四氢呋喃\n\n往它嘴里灌一瓶三乙胺\n\n等它被折磨够了，直接往它静脉里打一针饱和氯化钾让它感受心脏骤停的滋味
206647,6296,詹舒越,2024-12-17 03:02:46,19,19,0,突然觉得这人还是有一点点功德的：衬托同行。在这位天赋型逆天选手面前，其他老师的“相对”正常程度都有所提高
208992,6296,詹舒越,2025-01-04 06:15:28,17,17,0,海洋经费“奋斗者”你好
209037,6296,詹舒越,2025-01-04 09:12:55,9,10,1,1分不能再多了
213762,6296,詹舒越,2025-01-19 13:52:38,11,11,0,不会出题就别出题了！弄这么离谱的题目你自己能做得出来吗？假模假样假装征集意见，实则根本懒得改动。自己不会做水下机器人还好意思自称什么水机比赛命题人 呸
213817,6296,詹舒越,2025-01-20 05:39:58,14,15,1,还有一个月就又会再来一波海院大军来冲你辣
213999,6296,詹舒越,2025-01-26 14:45:24,20,20,0,阿詹，非常期待下学期你评论区的盛况
214573,6296,詹舒越,2025-02-13 10:19:54,10,10,0,慕名而来。海院四大天王之首绿茶宝宝詹舒越名不虚传。
215089,6296,詹舒越,2025-02-21 01:35:17,13,13,0,让我对“存在即合理”这句话产生了重大怀疑
215219,6296,詹舒越,2025-02-24 11:30:24,13,13,0,不是，水下机器人课程里你发的ppt怎么回事啊？文案语气这么冲？谁惹你了？
215346,6296,詹舒越,2025-02-25 09:20:06,7,8,1,水下机器人经费只有1500也太逆天了吧？其他类似层次学校，哪个不是经费足足的？至于和职业学校对标预算，和顶尖高校对标性能吗？请问这位小詹老si只会抛开性能谈预算吗？让大家做饭盒机器人，做成了是小詹的英明领导，做不出是大家的手艺不精是吧？不愧是海院四大金刚之首绿茶宝宝。能别让这人出题了吗？太逆天了
215405,6296,詹舒越,2025-02-26 01:43:51,12,12,0,你是抛开性能只谈预算的“专业人士”
215622,6296,詹舒越,2025-03-03 03:44:25,9,9,0,没有本领不要乱出题目，你出的题目你自己做得出来吗？就不能换个出题老师吗？
216033,6296,詹舒越,2025-03-09 15:25:28,11,11,0,恶心东西只会推卸责任
216034,6296,詹舒越,2025-03-09 15:41:30,10,10,0,第一次见到上课也会破防的老师。情绪不稳定不适合教书育人。突然理解为什么大家称呼他绿茶宝宝了。
216120,6296,詹舒越,2025-06-02 10:00:11,9,9,0,“嫌我克扣课程经费的，可以全部由你来管理支配，如果钱不够了自己想办法解决”\n\n“经费一组1500”\n\n这么看来，PPT上“面向海公鸡专业大三38人”，绝对不是没有原因的\n\n牢詹应该被用熔化的液态银灌满五官。喜欢克扣课程经费是吧？喜欢钱是吧？给你灌满钱
216260,6296,詹舒越,2025-03-12 18:18:05,-9,2,11,小詹老师压力还是蛮大的，希望越变越好哇小詹老师！
216331,6296,詹舒越,2025-03-13 11:02:22,14,14,0,谁说daoshu第一就不是第一了哇！小詹老师这分，前无古人，后无来者。放在海洋学院无人能敌，放眼浙大也是拼尽全力无法战胜啊！！加油，小詹老师，我们相信你。
216972,6296,詹舒越,2025-03-30 15:08:20,12,12,0,水机省赛官方群\n\n外校队伍:请问一下各位老师，如果说要用声纳检测的方案自己费用又不高应该怎么办\n\n奶茶宝宝小詹:用别人的钱\n\n\n\n这是人能干出来的事？别丢浙大的脸行吗？\n\n\n\n小詹应该不是那种喜欢占小便宜的人吧？不会吧？所以水机经费到底发生了什么？这句用别人的钱好让人害怕
218821,6296,詹舒越,2025-05-07 02:41:39,4,4,0,怎一个煞笔二字了得
219316,6296,詹舒越,2025-05-25 04:33:54,10,10,0,小詹宝宝我们错怪你了，原来辛辛苦苦做的机器人真不如你要的饭盒制作分来的高啊😭\n\n最高指示 机器人一定要能下水
219319,6296,詹舒越,2025-05-25 06:51:06,5,5,0,8叽叽叽，真累
219320,6296,詹舒越,2025-05-25 06:51:43,4,4,0,8叽叽叽，真累\n\n我们是谁？
219322,6296,詹舒越,2025-05-25 07:47:34,3,3,0,8叽叽叽，真累
219325,6296,詹舒越,2025-05-26 10:11:08,8,8,0,被詹院士挂在朋友圈，真的荣幸之至🙌🙌👐🤣👐🙌🙌
219327,6296,詹舒越,2025-05-25 09:19:42,2,2,0,跑啊，别回头，快跑
219394,6296,詹舒越,2025-05-26 10:11:26,4,4,0,竞赛跟8叽叽叽的关系到不到位？
219399,6296,詹舒越,2025-05-26 11:12:48,2,2,0,大型连载电视剧—院士怨天
219852,6296,詹舒越,2025-06-09 03:08:38,2,2,0,巨傻逼，语气又冲又没有能力
221754,6296,詹舒越,2025-06-26 03:37:25,1,1,0,活这么大头一次见破防到在自己朋友圈挂人上演大型连续剧的“副教授”\n\n8叽叽叽老师一步步走到今天的1.20分是真的很不容易啊
141262,6480,王德麟,2021-09-27 23:51:44,-23,6,29,王老师真的好！
150376,6480,王德麟,2022-01-23 14:37:49,27,32,5,讲课一般，给分很差。
152580,6480,王德麟,2022-04-15 05:07:27,-12,9,21,水声学的王老师在结课的时候会给你画重点告诉你哪里考，哪里不考，你问他也会细心给你解释，我认为这点很好
152768,6480,王德麟,2022-04-19 11:55:24,-10,8,18,水声学全靠他撑着了
152769,6480,王德麟,2022-04-19 12:03:06,-14,5,19,难得能把课讲明白的老师
155406,6480,王德麟,2022-06-12 11:14:11,21,24,3,信息学讲了个啥，云里雾里
155442,6480,王德麟,2022-06-13 13:57:38,23,26,3,1分不能再多了，海信讲的极其拉胯\n\n水声学攒下的口碑全被你的海洋信息学毁了😅
156021,6480,王德麟,2022-06-17 06:48:29,-10,8,18,我觉得王老师在海信和水声学里面真的算好老师了，但是我认为海信与水声学两门专业课从课程本身上有一些需要改善的问题，但是王老师挺好的
156078,6480,王德麟,2022-06-17 11:31:28,24,25,1,老师没什么问题，海洋信息学能不能选修啊，啥也听不懂。为什么要强迫我上这种课啊！
156378,6480,王德麟,2022-07-04 11:27:30,-16,6,22,王老师讲课清晰明了，声音也好听，对学生很认真。代码风格好，专业技术过硬，是个好老师。
158590,6480,王德麟,2022-06-30 11:48:20,-16,3,19,好老师，顶，！！
168105,6480,王德麟,2023-01-28 01:59:01,7,8,1,除了给分好没其他优点，下面那几个瞎jb扯讲课好的差不多得了
169158,6480,王德麟,2023-02-24 13:14:09,-10,6,16,2022年上课的小朋友们你们喷魔怔了吧，真给海院丢人。先从自己身上找找问题吧。
170647,6480,王德麟,2023-03-07 13:30:41,-8,2,10,真苛刻\n\n10分平衡一下
170782,6480,王德麟,2023-03-09 13:37:44,6,8,2,真搞笑\n\n1分平衡一下
171465,6480,王德麟,2023-03-25 05:20:09,9,9,0,态度认真负责，但讲课确实不太好
174685,6480,王德麟,2023-06-15 14:03:17,10,11,1,和海院大家庭众多贵物老师相比，显得正常得有点不正常
176092,6480,王德麟,2023-06-27 15:58:28,18,18,0,说实话 老师上的海洋信息我是一点都听不懂的\n\n这门课老师的部分对我来说实在是太抽象了\n\n建议这部分改改看看怎么能让大家更好接受一点 复习属于纯纯折磨
176866,6480,王德麟,2023-06-30 13:07:57,10,11,1,上完水声学感觉老师挺好的，上完信息学...算了吧
178961,6480,王德麟,2023-08-07 11:58:07,8,8,0,讲课稀烂
179240,6480,王德麟,2023-09-01 17:42:06,-10,3,13,男神，真的很帅
179428,6480,王德麟,2023-09-15 07:01:09,-7,2,9,海洋信息学难度太大了，幸亏评分标准比较友好
181768,6480,王德麟,2023-10-31 07:41:29,22,25,3,海洋导论就你屁事最多，学学隔壁胡鹏，人家虽然评分低但起码不刷分，上个通识水课还留1500字的课程论文，是把自己当太爷等着人给你上坟呢，纯纯不把学生当人来恶心人呐？
181769,6480,王德麟,2023-10-31 07:29:44,8,9,1,666
187600,6480,王德麟,2024-01-16 17:34:19,6,10,4,垃圾老师
190045,6480,王德麟,2024-02-15 20:33:20,2,9,7,垃圾老师，早点去死
192812,6480,王德麟,2024-05-30 19:38:24,9,10,1,水声学讲得不错但是老师你的海洋信息学我怎么一个字也听不懂呀，，，以及老师的作息看起来有待提高啊hhh
193229,6480,王德麟,2024-06-04 17:23:26,12,13,1,已读不回
193804,6480,王德麟,2024-06-18 12:28:28,9,9,0,海洋学院你真是在大三下给大家伙拉了坨大的
193848,6480,王德麟,2024-06-20 07:26:21,10,10,0,王老师我只能说海洋信息学您上的信号部分，从海洋学院大三本科生的知识储备以及学术理解水平来说，是完全看不懂的。
193849,6480,王德麟,2024-06-20 07:30:35,8,8,0,这个海洋信息学啊，能看懂十分之一的都是神人了😂
193901,6480,王德麟,2024-06-20 13:13:05,6,6,0,感觉王老师上海洋信息学的时候有一套自己的汉语体系（意思是我完全听不懂）
193904,6480,王德麟,2024-06-21 02:50:53,5,5,0,学弟学妹们不要自暴自弃，我们当时也听不懂这课，最后期末卷面考四十来分的也差不多都过了
194364,6480,王德麟,2024-06-23 11:15:28,10,11,1,轮到你了(◐‿◑)﻿
194380,6480,王德麟,2024-06-23 13:08:29,1,1,0,楼上为我寝室带来笑容
194391,6480,王德麟,2024-06-23 15:06:34,6,6,0,轮到我了(◑‿◐)﻿
194441,6480,王德麟,2024-06-24 02:52:58,6,7,1,德麟老师人还是很不错的，但也是真的很忙hhh，希望海信给分善良
196161,6480,王德麟,2024-07-02 02:16:17,1,2,1,起码比信息学其他老师好，实验也不算难
196232,6480,王德麟,2024-07-02 10:56:23,7,7,0,大三结束了，恭喜21级院友们迎接崭新的人生
212024,6480,王德麟,2025-01-13 05:03:01,-3,0,3,海信真的听不懂，平时作业交了，期末考试多写点字基本就能过。助教老师满分。
218594,6480,王德麟,2025-04-25 16:08:47,3,3,0,经典已读不回，课程内容不知道在讲啥，考试时间假装征集意见，
135951,6728,刘一锋,2021-06-04 12:01:21,7,7,0,水平不高，思维混乱，不知所云。
135952,6728,刘一锋,2021-06-04 12:03:55,7,7,0,水平一般，讲课混乱不堪，这老师都来放水的吗
122581,6768,李传通,2020-03-05 03:19:04,1,3,2,通哥棒棒哒
200497,6768,李传通,2024-10-17 17:22:43,2,2,0,不要玩文字游戏般的法律条文，没有一点做人的基本操守，枉为人师
201007,6768,李传通,2024-10-26 13:50:24,0,1,1,不要玩文字游戏般的法律条文，没有一点做人的基本操守，枉为人师 垃圾老师
164727,7144,魏茂兴,2022-12-24 09:50:20,12,13,1,不知道老师上课，但是是还可以的班主任
190614,7144,魏茂兴,2024-03-12 01:00:58,6,6,0,好好好
192665,7144,魏茂兴,2024-05-27 10:23:29,2,2,0,脾气很好的老师
196211,7144,魏茂兴,2024-07-02 08:21:51,4,4,0,海工认知实习讲的很仔细
201223,7144,魏茂兴,2024-10-30 11:47:15,2,2,0,好好好好
213956,7144,魏茂兴,2025-01-22 05:51:21,1,1,0,不错。
216279,7144,魏茂兴,2025-03-13 02:00:35,1,1,0,很好的老师，脾气好，学术水平也高
218015,7144,魏茂兴,2025-04-19 07:29:53,0,0,0,当班主任不错
186396,7224,秦世杰,2024-01-11 02:52:37,2,2,0,非常好
186692,7224,秦世杰,2024-01-12 13:52:12,2,2,0,长得帅，性格也很好，海底捞，爱了
186693,7224,秦世杰,2024-01-12 13:54:14,1,1,0,非常好，使我的学业上升
194974,7224,秦世杰,2024-06-26 06:57:01,4,4,0,过程机械这门课，讲的内容远不及考试内容，上课老是侧重在设备的举例，原理性的东西一笔带过，期末复习难以找到方向，望学弟学妹上课注意重点，提前复习，早点自学多看看书。
221673,7224,秦世杰,2025-06-25 07:53:10,0,0,0,上课一般，给分挺不错的
128128,7239,朱贤辉,2020-12-08 03:19:03,0,0,0,“奋斗”海底10000米！央视这场振奋人心的直播中，有这样一群浙大人！\n\nhttps://mp.weixin.qq.com/s/zhAiFJC4vYmLUpaLqkuUog\n\n在这场直播中，来自浙江大学海洋学院的博士生曲梦杰、实验师朱贤辉、博士生张培豪，搭乘“紫金港号”教学实习船，在舟山摘箬山岛海上公共试验场进行了同步科普讲解，带网友看懂此次深海挑战。
154398,7512,李欢,2022-06-01 00:34:47,13,23,10,我操你妈了个逼的傻逼玩意儿\n\n一天天整的跟个脑瘫一样\n\n问问题从来都不回复\n\n上课纯瞎jb扯\n\n给分故意绩杀+卡绩\n\n后面的人要想学就选其他学院的课\n\n你他妈个逼的以为自己是谁啊\n\n整天热衷于做宣传，从不考虑学生感受\n\n把学生当作牛马来使唤，自己坐收渔翁之利\n\n纯纯傻逼一个
159591,7512,李欢,2022-08-21 10:35:16,15,16,1,打1分是因为没有0分的选项。别的我不说，但作为班主任极其不负责任，从来不在群里说话，发消息也是大半天才回复，并且态度非常敷衍，无语子。
169239,7512,李欢,2023-02-25 03:00:04,2,9,7,别听下面的，本人海院黑， 但确实感觉数字信号处理两个老师都超好，课也值得一上
169751,7512,李欢,2023-02-27 16:05:45,10,10,0,看完楼上的我笑了，单凭给分好就说老师好？课程值得一上？\n\n有一说一两位老师挺负责，但上课水平确实不太高，可能也跟第一次上课有关，综合来看4分差不多了
175798,7512,李欢,2023-06-26 16:17:11,6,7,1,我可以发言一下吗？上了数字信号处理和海信两门课，给我的感觉是，这个老师确实是在认真备课了，很多东西讲的都是近期最新的研究，也很多都从论文里摘出来，虽然瘸子里挑将军不好，但是我觉得这个老师的讲课态度确实是海院瘸子里的将军了
176456,7512,李欢,2023-06-29 03:15:06,8,9,1,中规中矩，算不上好，但也比某垃圾国家千人好多了
193995,7512,李欢,2024-06-21 08:42:01,7,8,1,海洋信息学，相比起wdl老师，特别喜欢lh老师这种把我们当小学生教的
194117,7512,李欢,2024-06-22 05:32:34,0,1,1,楼下演的吧，感觉老师态度还行，但完全听不懂在讲什么
197672,7512,李欢,2024-07-26 11:32:23,2,2,0,讲挺好
156216,7875,LOH PEI SUN,2022-06-18 09:01:01,3,4,1,每节课都点名，一个一个点，点一节课，一次课的内容也就半个小时就讲完了，硬拖，考试开卷却不然带字典，我他妈都买了你说不能带了，每节课有作业有展示有考试，见仁见智吧，老师比学生还混，这大概就是海院吧，逆天
132192,7958,林建民,2021-01-31 01:46:47,-25,6,31,又一门给分高到离谱的课……建议明年海洋数据分析方法的俩老师单飞，编程和多元统计回归分析硬生生拼在一起讲起来难受听起来也难受。老师是个很负责的人，作业看得特别认真每个人都写了很长的评语，不过我第一眼看到评语感觉要被骂哭了………仔细想想好多东西说的确实很对，不过建议明年留作业说清楚到底是画张图还是写篇论文，毕竟表扬的优秀作业里面我觉得有的人卷的嫌疑太大
144807,7958,林建民,2022-01-12 09:28:38,35,38,3,海院这门课设置的真的很烂，不知道是哪一位优秀的老师想出了将林老师和吴老师两个老师完全不同的课程融合在一起，结果就是1.5分的课硬生生搞出了4学分的作业设置，最后，感谢林老师的Linux作业设置，让我在最后几天内痛苦的速成Linux，毕竟上课听代码和自己编代码真的是两回事。
144808,7958,林建民,2021-12-24 04:42:11,-29,4,33,我不允许你们这么诋毁林老师 明明是很好的人 你们不能断章取义 希望能客观评价\n\n我的亲身经历告诉我 林老师实际非常认真负责 说话直接但是很在理 希望某些同学不要跟风恶评 见风就是雨 停止诋毁好吗
144809,7958,林建民,2021-12-24 04:44:52,26,27,1,那个说吃了shit的  完全说出了我的心声 \n\n强烈建议取消这门课 大烂课滚出浙大
144810,7958,林建民,2021-12-24 05:18:14,25,28,3,那个到处找人抬杠，四处帮老师说好话的评论者该不会是班长吧？？\n\n连“诋毁”和“客观评价”都傻傻分不清楚，我看你也是shit。
144814,7958,林建民,2021-12-24 09:24:54,22,26,4,那个无脑乱洗的同学  我强烈建议取消他的学籍
145460,7958,林建民,2021-12-30 00:46:31,21,22,1,上课的PPT直到下一次上课前才放出来。\n\n玛德傻逼。
145491,7958,林建民,2021-12-30 03:41:08,18,19,1,会教吗？教的是什么？这门课还有存在的必要吗？没有意义的课为什么还不取消？或者换有能力的人来也行啊？现在这算什么呢？
146047,7958,林建民,2022-01-05 08:44:45,18,20,2,考试前一天发PPT，还tm要手写编程，自己讲的什么水平没点数吗，看到这个老师就快跑吧
146136,7958,林建民,2022-01-15 06:39:49,19,20,1,这是什么傻鸟老师？
149028,7958,林建民,2022-01-14 17:02:12,17,18,1,傻逼玩意儿😅
149852,7958,林建民,2022-01-18 02:55:24,18,19,1,服了。
149920,7958,林建民,2022-01-18 04:06:59,15,18,3,牛马老师，纯纯脑瘫，事多分低，真的恶心。
150370,7958,林建民,2022-01-23 14:34:26,14,14,0,傻逼玩意儿😅
150411,7958,林建民,2022-01-30 03:07:41,23,25,2,我不能允许如此傻逼玩意儿评分上2
150564,7958,林建民,2022-01-30 09:23:50,10,13,3,人傻逼事多，差生文具多，都是一个道理。\n\n建议老师滚出浙大。
153383,7958,林建民,2022-04-29 01:13:30,12,13,1,贵物老师
153526,7958,林建民,2022-05-03 20:56:43,13,14,1,没话说
171053,7958,林建民,2023-03-15 05:47:32,5,6,1,大傻逼
175929,7958,林建民,2023-06-27 07:16:16,2,4,2,期末考试乱出题😅
174791,8137,张泽君,2023-06-18 05:32:33,0,4,4,很好的老师
180090,8137,张泽君,2023-09-20 09:30:23,-1,2,3,很好的导师
182594,8137,张泽君,2023-11-18 03:19:49,-1,3,4,老师很不错，可以参见98这个帖子https://www.cc98.org/topic/5753480/1#1
182618,8137,张泽君,2023-11-18 11:38:22,4,7,3,楼下说老师好的，不好意思，实话总是难听的，别因为给分给您好，就一副跪下来的奴才嘴脸
183870,8137,张泽君,2023-12-02 03:00:51,3,5,2,楼上说老师好的，建议眼睛扣掉😅
188504,8137,张泽君,2024-01-19 05:59:51,3,5,2,文献综述，张老师讲得很好，内容充实逻辑清晰，认真负责，而且学生的作业会很认真地看并给出建议，给分也不错。
216202,8137,张泽君,2025-03-12 10:40:12,0,0,0,张老师特别好，会手把手帮我写论文，推荐读研冲一手
179603,8201,罗敏,2023-09-18 14:58:32,-1,4,5,很温柔的老师，上课很有条理
193427,8201,罗敏,2024-06-10 13:04:28,-4,3,7,事太多
193682,8201,罗敏,2024-06-15 09:56:46,-1,3,4,这绝对算是海院比较正常的老师了
203056,8201,罗敏,2024-11-16 06:47:27,-1,0,1,远超海院平均水平
216454,8201,罗敏,2025-03-16 16:06:59,0,1,1,罗老师是我大学四年最尊敬的老师，恩师，为人治学值得我永远学习！
153229,8223,王奎,2022-04-27 01:44:02,6,9,3,这给分是真的给我整无语了😅
153394,8223,王奎,2022-04-29 04:10:05,7,8,1,老师人挺好的，作业布置挺少的，只是是我太差了吗，给分挺低的
156180,8223,王奎,2022-06-18 05:15:53,-10,2,12,展示好好做，做到图文并茂（最好图片多且图片详实）。期末把ppt过一遍，分数就相对能看了。
134828,8270,车淼洁,2021-04-17 11:08:13,-3,19,22,就嗯卷，5000字一般般，2.5w就算好的是吧😅😅
134946,8270,车淼洁,2021-05-06 07:37:55,-28,10,38,马里亚纳海沟都能被捞起来，海洋的同学快去选哦，入股绝对不亏
135036,8270,车淼洁,2021-04-27 13:06:25,2,18,16,车老师的课真的讲的特别好，从课上可以学到很多很多的东西，内容很充实很生动，最后还准备了很精美的奖品，大家记得一定职规课要pick车老师噢～
135037,8270,车淼洁,2021-04-27 13:10:37,8,19,11,讲课还行吧，至少职规书里要写的内容都讲到了，课后也没作业。职规书要求字数也就三四千吧，老师上课也说过不要内卷，字数多分不一定高。
135042,8270,车淼洁,2021-04-27 15:02:33,0,12,12,这不叫卷吧，她只是鼓励我们的积极性、参与度，确实课上活动完全参与进去，才会有感受，有很多小小的启发
135043,8270,车淼洁,2021-04-27 15:05:04,2,15,13,人美心善，强推，入股不亏。车老师上课讲的很详细了，基本职规的东西都会讲到，也没有乱七八糟的事情，绝对不会让你失望的
135127,8270,车淼洁,2021-05-01 16:59:41,0,15,15,选的这位老师的职规A，感受如下：\n\n\n\n课上活动比较多，基本都是大家参与的小游戏或思考题。内容不是很教条，与实际联系较大，感觉选她的课的医学生还蛮多的，课上好多医学生上去发言。有一定的收获。\n\n\n\nps：课堂发言不计入平时分，平时分只有一次作业（交了就满分）和点名，课上卷也没用的；总分基本就靠职规书，职规书要求也不高，我们组除了某个卷王写了1w+，其他人字数都在4k到5k之间，实在谈不上卷。（老师也说过字数别多写来着）
135852,8270,车淼洁,2021-05-29 08:41:16,-17,7,24,事少分还行，差强人意。
136475,8270,车淼洁,2021-06-18 11:20:25,-8,12,20,这个老师比较温暖的感觉，会关心我们学僧的疾苦，稍微调整作业的量，有人文关怀气息。课上常有游戏练习讨论什么的，一开始觉得有社恐压力，后来竟然觉得蛮解压的！
136871,8270,车淼洁,2021-06-26 22:12:42,-20,4,24,速来！
139844,8270,车淼洁,2021-08-01 03:35:33,1,28,27,作为19级辅导员，自始至终没有管过我们，辅导员换来换去也没有任何通知，全程迷的一匹。\n\n临走前送蛋糕只给5-6楼的送，你当我们三楼的不是人？？你寄吧谁呢？？活生生把一手好牌打烂。\n\n1分，不能再多了。
139873,8270,车淼洁,2022-04-02 00:21:05,20,44,24,到了舟山之后，才知道车老师有多好。\n\n比某叶姓辅导员好太多了，无论是态度还是能力上。
140749,8270,车淼洁,2021-09-15 15:37:52,-11,8,19,她很好啊，就是真的好忙，个人觉得是制度的问题，学校把fdy当超人使吧
141328,8270,车淼洁,2021-09-29 15:22:00,-15,5,20,好家伙，奖品有一次是口红！还是限量版哒，嘤嘤嘤(ಥ_ಥ)
142859,8270,车淼洁,2021-11-17 03:02:43,-14,5,19,事少分高有人情味，职规书没有卷甚至烂尾了给分也很好
143028,8270,车淼洁,2021-11-18 08:58:34,17,22,5,已读不回 。。。
143029,8270,车淼洁,2021-11-18 08:58:31,18,24,6,已读不回 。。。
144003,8270,车淼洁,2021-12-15 14:54:26,-13,5,18,棒棒棒
144778,8270,车淼洁,2021-12-23 14:33:39,24,29,5,我军训脚都磨起泡了还一直坚持全训，没犯任何错，绩点3.0……呵呵
145604,8270,车淼洁,2021-12-30 12:58:47,23,29,6,傻逼玩意儿😅
146092,8270,车淼洁,2022-01-05 12:52:37,25,30,5,所以我给她打一分
150254,8270,车淼洁,2022-01-21 03:37:01,22,29,7,1分是因为没有0分的选项。\n\n整天在群里放狠话，经常群里立牌坊，没有及时打卡就直接把你挂在群里示众，更离谱的是每次紧急事件都已读不回。\n\n看到这条评论的兄弟感觉转专业走人吧，海院就是这么垃圾。
150255,8270,车淼洁,2022-01-21 03:37:00,26,31,5,1分是因为没有0分的选项。\n\n整天在群里放狠话，经常群里立牌坊，没有及时打卡就直接把你挂在群里示众，更离谱的是每次紧急事件都已读不回。\n\n看到这条评论的兄弟感觉转专业走人吧，海院就是这么垃圾。
150256,8270,车淼洁,2022-01-21 03:37:01,17,22,5,1分是因为没有0分的选项。\n\n整天在群里放狠话，经常群里立牌坊，没有及时打卡就直接把你挂在群里示众，更离谱的是每次紧急事件都已读不回。\n\n看到这条评论的兄弟感觉转专业走人吧，海院就是这么垃圾。
150537,8270,车淼洁,2022-01-29 10:18:51,41,52,11,你是什么傻鸟？？还蓝田学园优秀辅导员，怕不是花钱买的吧？？很努力的去学习，最后被老师绩杀，你跟我说建议我退学？ 真有你的😅
150562,8270,车淼洁,2022-01-30 09:16:10,26,31,5,19级来评一下吧。\n\n感觉这个人根本不配当辅导员，整天一副爱理不理的样子，大二下学期干脆直接甩手给一个叫做周多的sb接管，然而那个人狗屁不懂，干什么事都要开会讨论，情商几乎为0，自己什么都不管不问，我可真是佩服你是机智程度啊。
151856,8270,车淼洁,2022-03-18 02:41:05,18,24,6,傻逼东西
151916,8270,车淼洁,2022-03-20 16:07:37,-16,4,20,fdy真的太忙了，我觉得他已经尽力了
152003,8270,车淼洁,2022-03-23 01:49:49,-21,5,26,是一位真正关心学生走近学生的知心姐姐，在我心里对她充满感恩！
152255,8270,车淼洁,2022-03-31 12:32:21,-18,5,23,18级的来说一下：我们大多数人都觉得她很好，对学生很上心哒，只要被她谈过话就知道了
152367,8270,车淼洁,2022-04-07 03:07:35,-25,1,26,非常有耐心的一位老师，作为辅导员也能认真聆听同学的不满和抱怨，挺负责任的一位老师
152438,8270,车淼洁,2022-04-11 09:00:36,29,31,2,纯sb一个\n\n那些突然刷出来的好评是花钱请水军的吧?
154427,8270,车淼洁,2022-06-01 08:26:55,22,22,0,😅😅😅
154428,8270,车淼洁,2022-06-01 08:24:06,18,19,1,😅😅😅
154429,8270,车淼洁,2022-06-01 08:24:07,16,16,0,😅😅😅
154717,8270,车淼洁,2022-06-04 06:39:41,18,18,0,。。。
156308,8270,车淼洁,2022-06-19 02:05:35,25,25,0,前面水军差不多得了，课上得如何我不评价，但作为辅导员其业务能力和工作态度绝对是标准的反面教材。
158572,8270,车淼洁,2022-06-30 09:10:42,20,21,1,全靠同行衬托
158602,8270,车淼洁,2022-07-01 03:52:52,26,27,1,无语…大家点进来6.6，表面9.0😓
161679,8270,车淼洁,2022-11-10 11:14:17,-5,4,9,在海院呆了四年才发现原来车老师是最好的辅导员（相对于思政部那些如yf，jyj，lxx，xl之流），真的好怀念杰哥和车老师带我们的日子
162439,8270,车淼洁,2022-11-22 12:18:47,12,13,1,傻逼，人身攻击你妈呢
162440,8270,车淼洁,2022-11-22 12:19:58,11,11,0,傻逼，人身攻击nmsl
164599,8270,车淼洁,2022-12-22 06:04:31,20,21,1,按年龄大小排序分组，夸完年纪最小的那个，问我年纪这么大是不是复读来的，我们就差两岁啊，还觉得自己很亲切？？
167596,8270,车淼洁,2023-01-17 14:01:56,-12,8,20,上的车老师的思修课，查老师上没有这门，可能是因为新开的原因吧。\n\n给分非常好，老师真的很能捞！
168819,8270,车淼洁,2023-02-22 12:50:53,-9,7,16,上的思修 事情不多(也没怎么听)\n\n97满绩 谢谢老师！\n\n超级能捞～
168979,8270,车淼洁,2023-02-24 02:24:26,11,11,0,唉，一言难尽
174066,8270,车淼洁,2023-06-06 04:37:19,8,8,0,这么长时间过去了，我依然不明白，为什么声称身体不适每天抱着腿坐在地上的学生军训绩点比我高1.💧💦
185890,8270,车淼洁,2024-01-05 13:25:46,3,3,0,。。。
189187,8270,车淼洁,2024-01-22 09:34:26,3,6,3,都来选cmj老师的思修，她真的巨捞，原本考试的时候都不知道自己在写什么，但是出分却出乎意料~~~
189248,8270,车淼洁,2024-01-22 15:04:18,4,7,3,cmj老师不是我的辅导员，但单从思想道德与法治课的角度出发，我愿意给出好评，她真的很捞！
189946,8270,车淼洁,2024-02-03 10:50:58,3,4,1,德法课学生，老师很捞，给分很好
204102,8270,车淼洁,2024-11-24 07:36:09,4,4,0,sb一个，开年级大会还要人罚站，逼逼赖赖那么多还挑刺
205711,8270,车淼洁,2024-12-11 11:32:11,4,4,0,【思想道德与法治】\n\n上课挺好，给分很奇怪
212843,8270,车淼洁,2025-01-15 04:57:40,0,0,0,给分很好
218526,8270,车淼洁,2025-04-24 07:35:01,0,0,0,给分好差。
218560,8270,车淼洁,2025-04-24 14:44:53,1,1,0,朋辅课上的授课也更让我们了解了心理学和心理辅导的意义所在吧，总体来说感觉是一个不错的老师，给分也很好
150343,8271,潘军廷,2022-01-23 00:48:15,9,9,0,流体力学实验老师。\n\n一上来就让我们课下预习，上课什么都不讲直接就让我们做实验，还鼓励恶竞，说什么手写可以得高分。 \n\n实验设备一言难尽，每次都要花大量时间去判断仪器能否正常工作，实验考试随便糊弄两道1+1=2的题滥竽充数，最后给分大绩杀。 \n\n强烈建议这样的牛马老师滚出海院，这样的课我上我也行。
159341,8271,潘军廷,2022-07-14 01:33:31,8,8,0,傻鸟老师，纯纯傻逼一个，不做实验就不做实验，你几把粑粑两个小时说你那什么几把实验设备不行干什么？学生实验做不了要你这仪器有个几把用啊，海院学生做实验还寄吧要出去找水池是吧，还紫金港的水池能不能用，你自己怎么不坐车回去给我开水池？等着放假不想给自己摊事儿是吧，海院要是都你这样的老师早寄吧关了，服了我真的。
201952,8271,潘军廷,2024-11-07 19:00:46,1,1,0,好好好
151816,9061,吴创周,2022-03-16 13:22:32,-1,4,5,爱了爱了
152308,9061,吴创周,2022-04-03 02:21:44,2,8,6,吴老师备课很认真，也很亲切，
153011,9061,吴创周,2022-04-23 14:14:15,2,8,6,傻逼玩意儿
153092,9061,吴创周,2022-04-25 10:42:42,3,7,4,上课挺好的，也很认真。给分真是nm个b了
160496,9061,吴创周,2022-09-24 14:23:58,-4,0,4,上课还可以
163142,9061,吴创周,2022-12-08 05:46:49,3,4,1,挺...
181061,9061,吴创周,2023-10-07 04:33:18,1,2,1,烂人一个，课堂看到的都是假象，很多都不是他的劳动。另外千万 千万 千万别读他的研究生，建议多打听，谁读谁知道
211106,9061,吴创周,2025-01-10 16:20:23,1,1,0,垃圾老师，垃圾课程，垃圾给分，纯纯浪费时间，byd
169240,9136,齐小康,2023-02-25 03:01:41,-2,9,11,老师超好，完善考试第二天早上就处分，非常负责，给分不错，数字信号处理课值得一上
169752,9136,齐小康,2023-02-27 16:09:40,13,18,5,态度认真，但讲课水平就见仁见智了，给分属于是正常水平，不低但也不高
181887,9136,齐小康,2023-11-03 12:33:02,2,5,3,老师确实有认真备课（数字信号处理），也十分考虑学生负担，作业超级少，挺好的。
188226,9136,齐小康,2024-01-18 14:20:50,6,8,2,捞王之王！齐老师态度超好！钉钉答疑也回很快，就是上课有时候会听着有点抽象()
188412,9136,齐小康,2024-01-19 02:49:50,5,5,0,海院大帅哥
188501,9136,齐小康,2024-01-19 05:54:26,5,5,0,老师人非常好，钉钉有问必回，讲课很认真很负责很有条理，给分也非常好，捞中之王！！！
190227,9136,齐小康,2024-02-26 06:06:05,3,3,0,数字信号处理，课很难，考试比较简单，实验课和课后作业都非常简单，老师答疑很快尤其是实验方面。\n\n课真的挺难的，也很困，讲课还可以。\n\n给分有点过于好了，没啥区分度。我们班20多个人，就俩人没上90，评分过分溢出，原因是平时作业几乎就是给满，所有人都是，完全看一次期末考试，但是期末考试又比较简单，所以大家分数都很高。
191098,9136,齐小康,2024-04-02 12:55:21,6,6,0,特别好的老师，上课认真负责，答疑也很迅速，如果有事暂时回复不了，也会先回复和你说明一下，之后空闲了马上就回复了\n\n重要的是上齐老师的课真的是在学习。实验课写的代码有很好的和理论课的进度齐平，学习理论之后进行应用巩固。齐小康老师强调方法的掌握，也真的的做到了考察方法的使用，而非死记硬背，考试的时候也、不要求我们背一些 在工作的时候会选择查表获得的公式 ，会直接在试卷附录上给出。
191338,9136,齐小康,2024-04-18 03:09:07,1,2,1,全浙大最好的老师，最认真负责，体贴学生的帅哥老师
192639,9136,齐小康,2024-05-26 08:55:53,2,2,0,老师人挺好的
193418,9136,齐小康,2024-06-10 07:22:36,0,1,1,好好好
209034,9136,齐小康,2025-01-04 09:09:18,2,3,1,爱小康！得永生！
209041,9136,齐小康,2025-01-04 09:17:07,2,2,0,牛逼康神
214476,9136,齐小康,2025-02-07 02:55:52,0,0,0,这门课感觉像是信号与系统的缩略版，老师态度认真负责，但讲课水平只能说还行，给分还好，作业不多，实验课次数比较多但都会给出示例代码 不算太难。
219035,9136,齐小康,2025-05-19 12:56:14,0,0,0,嚼嚼嚼
221331,9136,齐小康,2025-06-23 03:42:59,0,0,0,为学生考虑的好老师
171759,9173,涂星滨,2023-04-04 08:29:34,7,7,0,催眠大师
173034,9173,涂星滨,2023-05-11 14:20:01,5,5,0,助眠神器，治好了我的失眠
173232,9173,涂星滨,2023-05-16 09:19:31,5,5,0,讲课是真的依托答辩，依托答辩。。。。。
181703,9173,涂星滨,2023-10-29 09:45:58,3,3,0,上课叫魂
197259,9173,涂星滨,2024-07-10 03:20:47,1,4,3,课讲得确实让人听不下去，但是至少挺负责的，钉钉上问问题很快就会回复，而且平时布置的作业也不难，就算上课没听，照着ppt里给的代码套，也能做出来。评分真不至于这么低。
171953,9332,TAEWOO LEE,2023-04-13 12:57:27,1,2,1,。。。
191458,9332,TAEWOO LEE,2024-04-23 03:28:20,4,4,0,课没营养，屁事又多，慎选
217052,9332,TAEWOO LEE,2025-04-01 02:33:10,1,1,0,任务量巨多，能选上别的国际化就别选这个。半个学期的课有两次英文展示，还要交报告，写会议记录，各种阶段性任务。老师中文不好，很容易出现任务传达不够清晰的情况。慎选慎选慎选。
183751,9333,傅维琦,2023-11-29 14:26:07,-2,2,4,海洋化学研究所唯一的良心。
216667,9333,傅维琦,2025-03-20 12:16:58,4,4,0,首先，我只是傅老师海洋环境化学的学生，不讨论老师的人品以及科研能力，仅讨论上课内容。\n\n事比我妈还多……到浙大以来见过的事情最多的老师……\n\n个人感觉海洋环境化学课是大三春学期是最无聊且最折磨的一门课，老师会在一些不知所谓的地方浪费时间（比如花大量时间论述ai的优势，与课程内容毫无关联），还会上课要求同学把计算题过程写在黑板上并叫其他同学进行纠正（极其浪费时间），课程内容平淡而混乱，没有重点，不成系统，以至于让学生觉得这是一门水课然后又会给学生布置奇怪而繁琐的任务。可能是老师觉得这才是学生需要的培养能力的教育……\n\n授课极具距离感，让人感觉很装……大概是冰岛大学客座教授的余裕……\n\n布置的任务包括但不限于：布置两篇论文并在下周要求学生读完并讲述内容（甚至还要提问读完一篇自然科学论文的感受……这是最简单的任务）；要求学生以某个在课堂上只提到两三句的现象内写一篇1200字左右的论文（要求正规格式，引用文献不少于十篇且三分之二以上必须是英文文献）；举办一点也不公平的辩论会，辩题是用脚丫子想出来的……\n\n会有课堂测验，个人认为比较抽象，是大学以来头一次见到选择题只有不定项的测试，说是小测但实际上跟期末考试差不多，其中还会问到某些在课堂上完全没有强调过的内容，还会让你举例子说明海洋环境化学的重要性……\n\n会随机点名，想点子的时候疑似会优先折磨班委……\n\n既然已经有了一条好评，说明老师肯定还是有做得好的地方，希望老师越教越好，这样对学生和自己的口碑都好
216680,9333,傅维琦,2025-03-21 00:08:24,3,3,0,海洋化学研究所的大便之一
216749,9333,傅维琦,2025-04-27 09:13:23,5,5,0,围棋先生上大学的时候遇到了一个每节课一个个点名的老师，有一天迟到了两分钟，老师刚好一边说着“点名是为了认识同学们”一边在点名，赶紧跑到后边坐下。老师大叫一声：“同学们不要坐后面坐前三排！”围棋先生只好悻悻地坐到同学们留下的“精品”第一排位置。上课的时候，老师出了道计算题，咳咳咳几声后还不忘带着贪婪的眼神给同学们做CT，说道：“有没有同学自告奋勇的？”见无人应答，便叫“今天刚认识的”围棋先生上去解答，完事了还让其他同学予以点评。上课的时候，围棋先生发现PPT很无聊，甚至还有“百度百科”的水印。老师更是在摸鱼水课，拉扯一番日常话题的同时还不忘对世界大事件输出自己的见解。就这样子竟然还聊些有的没得才堪堪拖延到下课时间。本以为这是一个简单的专业课，没想到老师郑重其事宣告下周有一个辩论赛！倒霉的围棋先生作为班干部要担任队长带领一支队伍。小测试的时候，围棋先生胸有成竹地带上满满当当的资料，结果发现选择题竟然是不定项，令人大跌眼镜！！！
167808,9334,顾艳镇,2023-01-19 07:24:33,-4,8,12,给分差的一批
168983,9334,顾艳镇,2023-02-24 02:28:20,4,10,6,楼上的，那是你能力不太行
169004,9334,顾艳镇,2023-02-24 03:28:20,3,8,5,给分高，讲课认真，海院真正的好老师之一
169005,9334,顾艳镇,2023-02-24 03:28:21,3,8,5,给分高，讲课认真，海院真正的好老师之一
169135,9334,顾艳镇,2023-02-24 11:48:55,1,6,5,新来的老师，关心学生，给分好
169568,9334,顾艳镇,2023-02-27 03:21:12,1,6,5,顾老师人挺好的，讲课也很用心，值得10分。
169834,9334,顾艳镇,2023-02-28 05:46:50,1,6,5,老师讲课水平很高，通俗易懂，备课认真，极力推荐推荐
170597,9334,顾艳镇,2023-03-07 05:07:53,0,7,7,遥感课还行，数值模拟讲了个啥？只能说老师态度很认真负责，但单从数值模拟课来看，老师一看就是被临时拉去讲这门课的，自身理解并不是很透彻
170656,9334,顾艳镇,2023-03-07 15:54:04,0,7,7,我觉得顾老师数值模拟讲的挺好的，不知道楼上为什么这么说
172156,9334,顾艳镇,2023-04-21 01:30:07,4,8,4,数值模拟大作业太多太硬核，而且没有意义
175063,9334,顾艳镇,2023-06-21 10:28:50,6,7,1,上完短学期感觉老师挺好的，直到上完下学期的课。。。
181018,9334,顾艳镇,2023-10-03 06:58:31,6,6,0,一般般
190891,9334,顾艳镇,2024-03-23 16:13:42,-1,0,1,还不错
216805,9334,顾艳镇,2025-03-26 02:09:44,0,2,2,上课一开始就点名，迟到4分钟必须说明理由
176043,9335,梅国雄,2023-06-27 13:15:51,7,7,0,瞎扯淡
193811,9335,梅国雄,2024-06-19 10:23:41,2,2,0,逆天！！！
194576,9335,梅国雄,2024-06-24 11:44:54,1,1,0,?????\
195819,9335,梅国雄,2024-06-30 05:07:12,1,1,0,致敬传奇袋装石油理论之父长江学者 ♣️国🐻
169350,9500,钱鹏,2023-02-25 13:36:10,-114,13,127,老师非常好，真的很好
190139,9500,钱鹏,2024-02-23 14:39:11,65,79,14,压榨学生
193006,9500,钱鹏,2024-06-02 11:26:54,101,115,14,什么狗东西，自以为是。
197656,9500,钱鹏,2024-07-24 14:14:03,21,36,15,抽象怪，整组都是抽象怪。
199678,9500,钱鹏,2024-09-27 10:49:31,138,162,24,纯纯出生，马上就是四十岁的光棍。江苏大学本硕，兰卡斯特博士，后受高人指点来了海院。只能说，百人中的废物，人渣中的结石。研究方向无数，没有一个入门。快跑
200621,9500,钱鹏,2024-10-20 11:16:16,100,113,13,科研实力堪忧，很会抢学生一作，入学不久把我单独叫到办公室和我说“教研室规定，所有博士第一篇文章都要导师一作。”在遭到我抗议后开始PUA“如果不是这个课题组，你哪有机会发文章。”强行拿走一作，不论学术贡献。还说“课题组多几个你这样的人早就无法运行下去”，可见这个组很穷，明明打着学生成果的主意，被拒绝后开始说学生吸血。\n\n因为我维权意识很强，所以钱鹏在我这里占不到便宜，反倒让我起了戒心，原本打算收集他学术不端的证据，所以他背着我和学院说强迫我换导师，没来得及收集证据。我十分后悔他第一次要我一作的时候每次和他打电话或者见面聊的时候没有录音，否则足以证明我上面说的都很真实。
207114,9500,钱鹏,2024-12-19 09:46:01,42,53,11,没接触过他的人务必警惕刚接触他时他的极尽贴心的承诺、他所表现出来的善解人意、他所宣扬的有项目有能力。这一切背后都是为了把你骗进来，为了掩饰一颗想把你吃干抹净你还得为他数钱的腌臜的心。
215782,9500,钱鹏,2025-03-14 10:51:59,-88,7,95,钱老师挺绅士的，对大家都很友善，声音很好听。
215783,9500,钱鹏,2025-03-06 05:12:27,-68,10,78,课题组内氛围很好
215784,9500,钱鹏,2025-03-05 12:48:17,-81,8,89,包容照顾学生，手把手指导，和蔼友善，课题组大家团结，科研氛围浓厚，能学到真知识，提升能力
215785,9500,钱鹏,2025-03-05 13:03:26,-68,10,78,团队经费充足，发展好，氛围不错
215786,9500,钱鹏,2025-03-05 13:09:03,-73,16,89,本科出身绝不应成为衡量潜力的标尺，浙江大学以其博大的胸怀和开放的姿态，不断激发着创新的火花与创造力。一个真正优秀的课题组，既要致力于攀登学术的高峰，追求卓越的学术成果，又要脚踏实地，将科研成果转化为可实际应用的工程示范。而这一切辉煌的成就，都离不开源源不断、稳定可靠的经费支持作为坚强后盾。特别是在水下机器人这一前沿且充满挑战的领域，经费的支持更是至关重要。一个仅仅涉足水下机器人领域两年的年轻团队，已经凭借其不懈的努力和卓越的才华，成功搭建起多套试验样机，这样的斐然成绩，无疑令团队对他们的未来充满了无限的期待与憧憬。
215787,9500,钱鹏,2025-03-05 13:14:43,-73,8,81,老师和蔼可亲，有实力
215789,9500,钱鹏,2025-03-05 14:05:59,62,74,12,杭州本部来吃瓜，听说这老师看见他网上口碑不好，让学生给他刷好评
215795,9500,钱鹏,2025-03-05 14:35:54,-86,5,91,总有个别人别有用心，但群众的眼睛是雪亮的，课题组作为整个学校动力最足，做事最实，氛围很好，项目最前沿的大团队，近些年的成绩在学院的学生，老师眼睛里有目共睹。作为课题组在读博士，相信团队未来会更加强大！
215808,9500,钱鹏,2025-03-05 15:48:51,-76,6,82,课题组氛围很好，老师很会拉项目，组里不缺项目
215820,9500,钱鹏,2025-03-06 01:59:17,-81,3,84,课题组老师和蔼可亲，平易近人。课题组学术氛围浓厚，项目很多，可以学到很多有用的东西，提升自身实力，有利于找到好的工作。
215822,9500,钱鹏,2025-03-06 10:14:23,-82,4,86,导师始终以严谨负责的态度对待每位学生！每周的组会讨论既充满学术深度，又兼顾人文关怀！他不仅关注我们的科研成果，更重视科研品格的培养！
215828,9500,钱鹏,2025-03-06 02:16:51,45,50,5,像伪人
215851,9500,钱鹏,2025-03-06 03:32:06,-78,3,81,钱老师人很友善，关心学生，提的要求都会尽可能满足，课题组氛围融洽，大家团结一致
215874,9500,钱鹏,2025-03-06 10:35:04,54,58,4,2025.3.5一堆刷分的评论是什么成分，太幽默了，有个词很合适，又当又立
215875,9500,钱鹏,2025-03-06 10:35:04,50,53,3,2025.3.5一堆刷分的评论是什么成分，太幽默了，有个词很合适，又当又立
215881,9500,钱鹏,2025-03-06 11:10:37,36,40,4,哈哈哈还有水军的，夸张
215917,9500,钱鹏,2025-03-07 11:56:53,-62,3,65,课题组 很好。好想去读博
215921,9500,钱鹏,2025-03-07 10:22:10,69,72,3,钱老师很好，因为没有比他更坏的了
215962,9500,钱鹏,2025-03-08 08:18:01,-64,3,67,诬陷我们钱老师抢一作，我真的呵呵了。web of science 上自己去查，一作通讯各占几何，自见分晓。
215970,9500,钱鹏,2025-03-13 05:50:33,35,37,2,钱牢师别请水军了……
216201,9500,钱鹏,2025-03-12 10:16:26,-14,8,22,钱老师人还是很好的，最起码要脸
216214,9500,钱鹏,2025-03-12 13:19:08,8,9,1,666
216215,9500,钱鹏,2025-03-12 13:32:01,22,25,3,慕名而来，8u们快让进步发生，像🐝看齐
216227,9500,钱鹏,2025-03-12 14:33:10,9,10,1,让群众说话，天塌不下来。
216236,9500,钱鹏,2025-03-12 15:25:26,13,14,1,情感里的小丑，学术上的废物，学生眼中的抽象怪，你也不看看cc98十大对你的美言。戴女士的论文致谢里没有你，真是舔狗一个，Joker一枚。
216237,9500,钱鹏,2025-03-12 15:27:01,4,5,1,滚出浙大！！！！！！
216238,9500,钱鹏,2025-03-12 15:31:07,0,2,2,怎么这么多水军
216239,9500,钱鹏,2025-03-12 15:31:42,4,5,1,@钱鹏老师，看完别气急败坏哦。https://www.cc98.org/topic/6132647/1
216241,9500,钱鹏,2025-03-12 15:40:02,5,7,2,钱老师学术水平高，待人和善，对于每个学生都悉心指导。五毛一条，括号删掉
216242,9500,钱鹏,2025-03-12 15:49:30,2,3,1,水军走开
216244,9500,钱鹏,2025-03-12 15:56:55,3,4,1,请了很多水军在查老师给自己洗地，还真是活久见
216247,9500,钱鹏,2025-03-12 16:14:02,2,3,1,臭狗屎
216258,9500,钱鹏,2025-03-12 17:59:46,6,7,1,远离海院
216261,9500,钱鹏,2025-03-12 19:00:04,2,3,1,平衡一下，没必要加
216263,9500,钱鹏,2025-03-12 20:25:05,1,2,1,xxs
216265,9500,钱鹏,2025-03-13 00:01:35,0,2,2,bdbd
216266,9500,钱鹏,2025-03-13 00:40:01,22,24,2,钱老师热情无私，不抢一作，是个好老师（五元）
216268,9500,钱鹏,2025-03-13 00:45:13,5,6,1,跟周勇光一样的毒瘤
216271,9500,钱鹏,2025-03-13 01:05:56,4,6,2,人渣！
216278,9500,钱鹏,2025-03-13 01:58:33,5,8,3,傻逼别刷了，恶心就是恶心，还来这捂嘴，你有几个妈好死啊
216281,9500,钱鹏,2025-03-13 02:01:14,3,6,3,还请水军，难绷\n\n亖了几个🐴
216292,9500,钱鹏,2025-03-13 02:49:52,2,3,1,避坑 避坑
216293,9500,钱鹏,2025-03-13 02:59:19,0,1,1,钱牢师别请水军了……
216297,9500,钱鹏,2025-03-13 03:16:32,0,1,1,活久见
216300,9500,钱鹏,2025-03-13 03:40:23,10,11,1,钱老师人很好，组内氛围热烈，非常体贴学生学术发展（五元一条，括号内容记得删）
216301,9500,钱鹏,2025-03-13 03:45:09,5,6,1,钱老师人特别好五元一条记得删括号
216313,9500,钱鹏,2025-03-13 07:46:07,2,3,1,上梁不正
216318,9500,钱鹏,2025-03-13 08:26:13,1,2,1,出生东西
216343,9500,钱鹏,2025-03-13 17:19:14,4,6,2,钱鹏手底下的阴兵数量怕不是堪比三国杀移动版？
216359,9500,钱鹏,2025-03-15 05:47:03,8,10,2,钱鹏这么多阴兵都是管三国杀借的吗\n\n杀比东西
216361,9500,钱鹏,2025-03-14 15:15:40,2,10,8,多套水下机器人样机，不是，您这些学术垃圾还好意思端出来？纯纯缝合怪，还不如学生打比赛的那些。。。
216362,9500,钱鹏,2025-03-14 09:46:39,11,12,1,啊我们小詹老师都还没上十大呢你怎么好意思领先他，简直僭越
216411,9500,钱鹏,2025-03-16 06:49:49,1,2,1,浙江大学海洋学院钱鹏老师怎么样査老师
216631,9500,钱鹏,2025-04-22 12:15:50,10,11,1,钱鹏的组非常抽象，钱鹏坏心眼很多，非常会颠倒黑白。整个组里拉帮结派内耗严重非常抽象。组又小又穷，工位上工作的电脑都要学生自己花钱买
217525,9500,钱鹏,2025-04-12 08:52:22,4,4,0,吹牛能力惊为天人
195601,9579,王臻魁,2024-06-29 03:34:07,2,5,3,古希腊掌管绩点的神
204328,9579,王臻魁,2024-11-25 09:17:29,3,5,2,老师好帅，想知道老师结婚了嘛哈哈哈哈哈
178270,9810,胡春迪,2023-07-09 06:48:50,10,11,1,很幸运毕设是跟着胡老师做的，能给予很有效的指导，会充分为学生考虑
182608,9810,胡春迪,2023-11-18 07:27:29,4,7,3,很棒，刚来浙大，第一次开课，节奏不太对但是讲课挺认真的，给分也比较宽松，大部分人都在八十大几的样子
194296,9916,蒋弘毅,2024-06-23 07:02:06,5,6,1,新老师，但人蛮好的，不点名，有什么重要内容还会提醒来上课的同学告诉没来上课的同学，课也讲得蛮好的，感觉是大三上的一股清流（本人不幸选了zsy和hhc的微机和自控），希望海院以后多引进这种负责任通人情的好老师
207892,9916,蒋弘毅,2024-12-25 01:30:20,2,2,0,认真负责且没有架子的好老师。
208705,9916,蒋弘毅,2024-12-31 06:03:26,2,2,0,老师刚来有些讲的不清楚的地方，但对比起来真是海院的一股清流
214475,9916,蒋弘毅,2025-02-07 02:38:02,2,2,0,蒋老师上课的讲授重点很清晰明了，这一点我很喜欢（非考试重点的内容就是几句话带过，重点的内容则会讲得很详细），而且很注重知识之间的连贯性（知识点之间的关系，时不时会给出总结 很直观好记）和实用性（如何用到题目中以及实际应用）。\n\n老师上课会让同学回答问题，但对与错无所谓，只是跟同学稍微互动一下也不用太紧张。整体上我感觉老师人很好，讲课听起来也很舒服，课后作业也不是很多（但都是重点题目）。
181579,10116,王立林,2023-10-23 08:56:58,3,4,1,给班主任打call
199948,10116,王立林,2024-10-09 05:48:46,0,1,1,水课提问
200346,10116,王立林,2024-10-16 06:43:26,0,2,2,海洋导论上批评打开电脑的同学，并说你们转专业不是自讨苦吃吗
215038,10116,王立林,2025-02-20 07:39:57,0,0,0,上得什么东西
216831,10116,王立林,2025-03-26 08:16:54,0,0,0,学了这个老师的人工智能基础(A)，感觉上课像是在讲历史，跟作业没有关系
215221,10162,安新宇,2025-02-24 11:56:38,1,1,0,说话不太利索，口癖较多，讲课抓不住重点
216053,10162,安新宇,2025-03-10 04:06:46,2,2,0,很差，话也讲不清楚，讲话让人听着很累，能力也感觉没有特别强，大多数东西都是潦草讲过，只讲表象
216982,10162,安新宇,2025-03-31 02:15:41,1,1,0,呵呵呵
217364,10162,安新宇,2025-04-09 04:59:35,0,1,1,感觉还行，就是比较吃自学，ANSYS仿真基本全部自学
219803,10162,安新宇,2025-06-06 13:41:22,2,2,0,老师人和态度还挺好的，就是跟他对话好像不在一个世界，不管是上课还是私信答疑，都听不懂…水下机器人学大史课，逃…讲的难度奇高无比，涉及一点数学内容就一句话听不懂了…期末考试也不说考什么，也不给复习重点，真把学生当日本人整了
220019,10162,安新宇,2025-06-19 12:18:37,4,4,0,屎，给的期末复习知识点一堆乱序的找都找不到，实际上就是把PPT全部丢过来然后列了一列小标题让你自己去复习。上课也是一坨屎，不知道在讲什么。30多分的考题范围是别人占比50分范围的两倍。\n\n考完了，回来追评一下，纯cs。划的重点一点用没有，至少一一般以上都没考，没划重点的也考了不少。再加上钱鹏最后一节复习课说的话没一句真的。题型考前一天晚上突然改了，说了必考的大题压根没考，保证自己这部分的内容至少出50分以上的题目结果连40分都不到。再加上安新宇这傻逼范围根本不告诉你考什么计算题，完全没法准备，又是他这部分题目占大头，已经没什么好说的了
220595,10162,安新宇,2025-06-18 21:46:02,2,2,0,cs，aiPPT加ai复习提纲糊弄学生，还没跑的快跑
220620,10162,安新宇,2025-06-19 03:00:49,2,2,0,神秘AI人唐完了
198938,10318,熊学军,2024-09-13 06:54:46,15,24,9,你说得对，但是海洋科学基础是一门讲述时空观、微积分、量子力学和道德经的综合性课程，在这里，你甚至能学习到海洋科学。
198939,10318,熊学军,2024-09-13 06:59:14,12,19,7,烂透了，
199978,10318,熊学军,2024-10-10 07:17:50,5,10,5,中登们，快跑！
215474,10318,熊学军,2025-02-26 12:42:07,4,8,4,物海所的毒瘤~
198054,10334,郑思明,2024-08-27 05:17:49,11,11,0,好好好
201508,10334,郑思明,2024-11-04 03:41:41,8,8,0,好好好好
207497,10334,郑思明,2024-12-22 12:02:43,11,11,0,请我吃烧烤，必须十分
207559,10334,郑思明,2024-12-23 05:11:05,4,4,0,人超好好吧
208855,10334,郑思明,2025-01-02 14:31:02,8,8,0,我是2201曾骁凯，老师看到我请请我吃烧烤
216213,10334,郑思明,2025-03-12 13:17:52,3,3,0,好好好
197925,10695,闫小龙,2024-08-21 05:11:49,0,5,5,好好好
202433,10695,闫小龙,2024-11-12 16:34:32,5,9,4,领导的狗，狂舔领导屁股。。。领导指哪它往哪叫唤！学生工作干的不如狗咬的🐶🐶🐶
204123,10695,闫小龙,2024-11-24 12:30:56,0,1,1,补药再拖堂了
205465,10695,闫小龙,2024-12-07 03:17:33,2,4,2,海洋学院的罪人 把海洋学院思政工作弄的乌烟瘴气
207137,10695,闫小龙,2024-12-19 11:08:07,1,2,1,一言难尽
207138,10695,闫小龙,2024-12-19 11:07:30,0,2,2,别听他们恶评，这是宝藏老师
207891,10695,闫小龙,2024-12-25 01:28:02,0,0,0,上课点名，教学内容也很一般，还不如我本科辅导员讲得好。一天要求也很多，五花八门的作业。给分很低。如果觉得自己学习工作太顺利，建议选他的课。
220383,10695,闫小龙,2025-06-17 14:24:54,1,1,0,阴间形策，哎
