评论id,老师id,老师姓名,发表时间,点赞减去点踩数量,点赞量,点踩量,内容
1091,10,罗孟波,2015-03-21 16:08:02,12,16,4,挺好挺负责的
3088,10,罗孟波,2015-05-14 02:08:25,8,13,5,老师好棒
3256,10,罗孟波,2015-05-24 08:12:52,44,49,5,小测比较多，因此平时要经常复习，感觉挺负责人的
3498,10,罗孟波,2015-06-17 00:53:50,63,76,13,不好好听课他会撕逼的23333
3771,10,罗孟波,2015-06-17 03:55:48,5,8,3,非常负责
5132,10,罗孟波,2015-07-04 13:08:24,33,40,7,老师负责又幽默，一定得选！！满绩妥妥的！
5318,10,罗孟波,2015-07-06 14:42:02,3,6,3,棒！
5435,10,罗孟波,2015-07-07 12:21:37,8,11,3,老师很认真负责，认真学成绩一定不会差的
7287,10,罗孟波,2015-09-13 02:41:28,21,25,4,老师认真负责，会建群，有什么不懂的就问，基本能得到老师的及时回复，上课时老师不允许睡觉，挺像高中老师的\n\n
8971,10,罗孟波,2015-10-07 09:55:35,3,6,3,好老师！
21973,10,罗孟波,2016-03-02 03:17:27,3,6,3,啧啧啧
23037,10,罗孟波,2016-03-16 10:41:10,55,59,4,每每听到老师的笑声，就能感受到老师对于物理那种纯真的热爱
23698,10,罗孟波,2016-04-13 01:52:40,34,37,3,非常认真负责的老师，我要顶他得那一百万
23762,10,罗孟波,2016-04-15 03:47:30,18,22,4,见过的最负责任的老师，没有之一。会建群，群里问问题都会很认真的解答。小测验对我这种学渣来说有点难，但是都会很仔细的讲解很棒。
26024,10,罗孟波,2016-06-15 06:25:08,-1,1,2,很好的老师，讲课很有意思，讲课风格也很好
26027,10,罗孟波,2016-06-15 06:38:15,-1,2,3,负责，调理清晰，虽然有点口音
26379,10,罗孟波,2016-06-17 08:53:26,-1,1,2,好老师，可惜没好好学
27371,10,罗孟波,2016-06-25 09:37:45,6,8,2,物理没学好完全是自己的错
27722,10,罗孟波,2016-06-29 15:33:22,6,9,3,很好的老师 讲课很清楚 还会讲很多科学轶闻 \n\n很耐心 很负责  讲话有一点口音 浙江人表示无压力
28383,10,罗孟波,2016-06-28 08:45:56,3,4,1,超级好！！
28892,10,罗孟波,2016-06-29 08:01:20,4,6,2,很有责任心。学不好完全是我自己的锅…
28929,10,罗孟波,2016-06-29 03:42:37,6,11,5,目前遇到的最负责的老师，没有之一，上课很认真负责，有时也很幽默，在群里面认真回答每一个同学提出的问题。没有好好听课我感到很羞愧，对不起大物男神老师，可惜老师不教大物甲二，难过……
29167,10,罗孟波,2016-06-29 10:18:39,-12,10,22,讲课不错，给分真是垃圾\n\n平时分很低，太坑了\n\n千万别选
29261,10,罗孟波,2016-06-29 13:50:10,9,15,6,最后考试分数不高，但是别的老师的话平时分会给高点。总之绩点很低，平时分跟期末成绩成正比。
29298,10,罗孟波,2016-06-29 14:41:48,3,9,6,明明就很按照比例给分啊...说按照期末考试给平时分的人是认真的吗？据说这次两个班36个人满绩，如果只按照期末考满绩的人会更多吧。
29305,10,罗孟波,2016-06-29 14:49:42,6,10,4,非常认真负责的好老师，讲课思路很清晰而且有趣，会建群经常在群里解答问题，给分还超级好。认真学的话满绩不是问题。
29310,10,罗孟波,2016-06-29 14:53:14,0,1,1,老师不错  很认真负责
29332,10,罗孟波,2016-06-29 15:16:36,-4,2,6,老师超好超负责，坚持线上答疑，轻轻松松满绩
29336,10,罗孟波,2016-06-29 15:22:26,2,5,3,真的是非常非常认真负责，平时课下也能及时交流。有机会真想一直选完两门大物。
29337,10,罗孟波,2016-06-29 15:22:37,0,1,1,超级赞的老师 罗男神
29338,10,罗孟波,2016-06-29 15:22:38,0,1,1,罗老师真的很好很负责，给100个赞
29339,10,罗孟波,2016-06-29 15:23:09,0,2,2,超级超级好的老师。上课认真有条理对学生也很负责！！！！
29341,10,罗孟波,2016-06-29 15:23:47,12,16,4,学习是靠自己的，所以成绩和老师没关系。罗老师的态度非常认真负责，真的大学能操这份心来敦促学生的老师基本绝迹了。非常负责任的老师，被人格所折服。
29343,10,罗孟波,2016-06-29 15:24:47,0,1,1,好老师。
29347,10,罗孟波,2016-06-29 15:26:36,16,20,4,男神老师啊，工作很负责，教学也规划得井井有条。上课会阻止你睡觉，玩手机，补作业。小测也很有质量，罗老师的课能学到很多东西，老师也很可爱。（我才不是因为全班有二十个人满绩才给满分呢）
29349,10,罗孟波,2016-06-29 15:30:59,2,6,4,老师男神啊❤❤罗老师可以说是我大学的启蒙老师了，老师对学习工作认真严谨的态度，让上学期堕落的我终于找回学习的快乐。虽然因为马虎没能满绩，还是谢谢老师！大学遇到的最好的老师了！
29351,10,罗孟波,2016-06-29 15:31:42,2,3,1,赞！！！！\n\n
29353,10,罗孟波,2016-06-29 15:35:11,3,5,2,老师非常认真负责。人很好，勤勤恳恳兢兢业业！必须给十分！浙大我见过算很不错的老师了。
29357,10,罗孟波,2016-06-29 15:38:38,2,5,3,罗老师真男神！大学第一门满绩的课，老师上课讲的真是好，而且还会在qq群里面答疑各种的，很负责的老师！赞一个！
29374,10,罗孟波,2016-06-29 15:53:17,2,3,1,老师非常认真非常负责 是我见过最最好的老师 也非常关心学生 会花很多时间在线上解答我们的问题 课也上得非常非常好 给分也非常好 总之 没有不好的
29419,10,罗孟波,2016-06-29 17:51:06,2,3,1,老师真男神！！！上过他课的都说好！
29420,10,罗孟波,2016-06-29 18:02:30,-2,4,6,绝逼男神！！！赞
29435,10,罗孟波,2016-06-29 23:08:13,0,2,2,很负责的老师，讲课也很幽默
29443,10,罗孟波,2016-06-29 23:47:58,0,2,2,老师很好 也很负责
29446,10,罗孟波,2016-06-29 23:58:44,0,2,2,超级好的老师。 很负责能学到很多
29458,10,罗孟波,2016-06-30 00:22:23,0,7,7,很负责啊，好好学就满绩了?
29459,10,罗孟波,2016-06-30 00:22:37,12,14,2,良心老师，纯粹的，朴素的人民教师
29465,10,罗孟波,2016-06-30 00:26:58,0,4,4,三次平时小测，一次期中考，老师会督促你学习的，不然平时分很难看，期末好好考就行，满绩妥妥的。
32764,10,罗孟波,2016-07-12 12:22:33,0,3,3,遇到罗老师你会爱上物理，平时严厉，但是老师会看见你的努力。老师很负责很风趣，对物理有很生活的见解，好好学习，等待满绩。
48749,10,罗孟波,2017-03-11 13:15:16,0,3,3,很好的
50755,10,罗孟波,2017-05-05 02:02:27,0,3,3,很负责的老师
51697,10,罗孟波,2017-06-30 07:56:46,1,5,4,本来说会给我们调分的，老师一分也没给我调
52032,10,罗孟波,2017-06-14 08:58:15,3,5,2,老师讲课很清晰，有重点，关心学生成长，可惜只开一年的课
52543,10,罗孟波,2017-06-21 03:12:51,0,3,3,老师是一个超级无敌好老师 可是我太菜了\n\n
52544,10,罗孟波,2017-06-21 03:15:43,0,3,3,很认真负责
53025,10,罗孟波,2017-06-25 02:20:38,0,3,3,很不错的老师
53480,10,罗孟波,2017-06-26 17:22:16,-4,8,12,平时分低到爆表
54104,10,罗孟波,2017-06-28 12:58:48,0,2,2,大一遇到最棒的老师，课讲的清楚明白有条理，非常负责任，就是第一次小测有(fei)点(chang)难，一般是3 月末就考，做好准备。稍有不同意的就是老师会把考试考的不好的大类的同学叫起来批评，不过这也是认真负责的一种表现吧！总之十分。
54790,10,罗孟波,2017-06-30 08:34:05,0,2,2,大爱罗老师！\n\n
54812,10,罗孟波,2017-06-30 09:02:18,0,1,1,老师真的很好。\n\n认真听课的部分都学会了。\n\n第一节课就告诉你每节课干什么什么时候小测。给分比较求是。真的希望学弟学妹们能认真对待大雾。加油！\n\n：）
54856,10,罗孟波,2017-06-30 10:21:53,1,4,3,认真听，认真学，满绩不是问题
54992,10,罗孟波,2017-06-30 14:45:33,3,5,2,老师真的好棒，ppt非常清晰，上课很有逻辑。可惜大物没有满，不过绩点已经不错了。期中考是大头，得期中考得天下，自己就是吃了期中考的亏，当做教训吧。
55344,10,罗孟波,2017-07-01 10:21:38,4,5,1,老师讲课很可爱，发型也很可爱
56070,10,罗孟波,2017-07-03 04:22:45,0,3,3,老师对我们非常严格，讲课非常棒，还坚持在qq群里为我们答疑，他教的班成绩都很棒 好好听就能满绩\n\n
59558,10,罗孟波,2017-09-22 18:25:32,0,4,4,老师是负责的，但讲的一般。
59582,10,罗孟波,2017-09-24 01:47:26,-10,4,14,平时分低到炸裂，像一个小学老师，唯分论，不知道这和负责什么关系
65826,10,罗孟波,2018-01-09 11:44:52,-1,2,3,老师极其负责，群里也会及时解答问题，感觉如此认真做教育的老师不多了。\n\n4.5飘过。。。
74789,10,罗孟波,2018-03-06 01:55:58,0,2,2,我爱罗 老师
75137,10,罗孟波,2018-03-07 13:11:27,40,41,1,发型，性格都体现着他是一名学物理的男人。
77790,10,罗孟波,2018-05-08 00:37:58,0,2,2,我男神，室友都说听不下去我对大物老师的赞美之词了。为了他好好学物理hhh
80286,10,罗孟波,2018-06-24 09:56:59,35,35,0,一个对物理充满了单纯的热爱的老师，也是一个还没有被岁月磨去棱角的老师。对学生很负责，浑身充满了可爱的气息。早八不爬起来去上大雾都会觉得很对不起他。
80561,10,罗孟波,2018-06-28 02:20:22,8,8,0,超级认真负责！课后问问题，不管我多智障? ，都会认真解答的
82499,10,罗孟波,2018-07-08 11:02:15,0,0,0,hin负责!小幽默哈哈总之很可爱～
82584,10,罗孟波,2018-07-08 14:49:59,-14,2,16,大学第一门满?\n\n一定要来答一下
82592,10,罗孟波,2018-07-08 15:28:48,0,0,0,罗老师超可爱超认真超仔细超负责的，口音也很可爱的！
82600,10,罗孟波,2018-07-08 16:02:44,2,2,0,只要有疑惑，一定会为你解答。
83192,10,罗孟波,2018-07-10 01:58:55,-2,3,5,平时考不好也没事，期末考好就行，老师会调
83626,10,罗孟波,2018-07-11 00:25:32,0,1,1,超级好啊，各种认真负责，就算大物不喜欢我，可仍然让我喜欢上了大物。
83942,10,罗孟波,2018-07-11 15:07:05,0,1,1,老师人超好 讲课也好\n\n就是小测毒 每列不一样 难度差异有点大
84679,10,罗孟波,2018-07-13 13:29:06,0,2,2,我的错
85472,10,罗孟波,2018-07-18 07:13:53,4,6,2,说实话老师讲课本身没有任何问题，讲得很详细很生动还会开点玩笑啥的。但小测制度还是感觉不公平。每列难度不同先不说，平时成绩大部分的差异都在小测这里，明明很认真听课做作业但小测的题确实就不会做，高中没选物理所以平时能跟上已经不容易，最后期末考前肝了4天，考的也还可以，但无奈平时分30分被扣了10多分，最终绩点也很难看。同学选的阮永红，上课讲的一般但平时分是满的。大家自己斟酌考虑吧，要是本身物理不大好的同学不建议选罗老师
85829,10,罗孟波,2018-08-19 15:33:45,2,3,1,bang bang bang
87480,10,罗孟波,2018-09-29 11:57:12,8,10,2,差0.5分就能调一档了(;´༎ຶД༎ຶ`)老罗宁死不调(;´༎ຶД༎ຶ`)是个好老师(;´༎ຶД༎ຶ`)
105879,10,罗孟波,2019-04-22 13:40:54,2,2,0,我真的爱了，我吹爆!!超级耐心超级负责的老师啊!!讲课也很幽默，让物理课永远睡觉的我毫无困意?
109394,10,罗孟波,2019-06-14 00:17:10,2,2,0,可惜自己对大物不感冒……\n\n热爱物理的同学一定要选老孟！
109395,10,罗孟波,2019-06-14 00:19:02,2,2,0,波波老师真的超级好，平易近人，幽默风趣，会和同学们进行眼神交流哈哈哈哈哈，还跟我们说不要怕物理题，很暖了
109976,10,罗孟波,2019-07-01 13:28:48,4,4,0,真的特别好！！！之前没出分就给老师评了10了，现在出分了，再刷一个10分！
110019,10,罗孟波,2019-06-21 08:38:37,2,2,0,老师真的超级负责，如果考试考不好的话，我也只能怪自己。
110329,10,罗孟波,2019-06-25 16:09:09,0,0,0,好哈哈哈
111437,10,罗孟波,2019-07-01 13:25:56,0,0,0,挺好\n\n
111439,10,罗孟波,2019-07-01 13:42:04,3,4,1,没挂，10分！！！
111444,10,罗孟波,2019-07-01 13:56:28,2,2,0,非常棒，上课风趣幽默，知识点讲的清晰。最后一节课给我们讲了重点，给了重点PPT。最后给分也非常好，太感动了。本来觉得自己选考没选物理，学大物要死了的，感谢老师！
111448,10,罗孟波,2019-07-01 14:06:40,2,2,0,老师真的特别好啊，很可爱，讲课也很细致！人巨好！！！
111452,10,罗孟波,2019-07-01 14:46:46,0,0,0,真的是个好老师
111457,10,罗孟波,2019-07-01 14:54:25,0,0,0,10分 老师真的好到没话说
111459,10,罗孟波,2019-07-01 15:11:23,0,0,0,老师爱点名，在后排玩手机或者迟到太久会说你，但是真的很负责，真的超好的一个老师！！！但是自己好菜，觉得对不起他ｍ（．＿．）ｍ
111470,10,罗孟波,2019-07-01 16:00:39,0,1,1,超严谨 课上喜欢走动点人 就是平时分略低
112076,10,罗孟波,2019-07-03 12:00:16,0,0,0,超好的老师！一定要选！
112439,10,罗孟波,2019-07-04 07:24:41,0,0,0,老师绝对是顶级好老师。答疑出分都非常负责。但你要好好上课，不要迟到太久，不要旷课，不然老师真地会怼人。\n\n我觉得老师这样做是想尽可能让大家过，不好好上课他就帮不上忙，老师这种气还挺无助的。所以选上老师课的一定好好上呀，绩点绝不会低的。
112442,10,罗孟波,2019-07-04 07:50:39,2,2,0,大学很少能碰到这样子认真督促你专心听讲的老师了。风格也很幽默，一心希望你能多学点，别看手机。
112972,10,罗孟波,2019-07-05 17:07:41,0,1,1,很认真负责的老师
114969,10,罗孟波,2019-07-13 09:10:20,1,1,0,会开与物理相关的玩笑，真的很可爱！！平时两次小测，加上作业这三项是平时分  公开透明（期末会调高一丢丢哦）。非常负责负责负责！
115057,10,罗孟波,2019-07-15 02:22:24,3,3,0,老师真的超可爱啊\n\n上课认真条理清晰，还会抓玩手机睡觉的人233\n\n是那种就算他挂了你你也只会觉得是自己没好好学的好老师。\n\n同学们，选他选他！
117129,10,罗孟波,2019-09-19 14:30:41,0,0,0,物理学不好都是我自己的问题。。\n\n上课还是蛮有趣的，不过有时候以小测作为点名方式。。。。
120644,10,罗孟波,2020-01-14 12:27:48,9,9,0,小弟认为 我能过都是lmbgg的恩赐 恨不得在他的tu头上狠狠嘬两口 孟波勇敢飞小弟永相随❤️
125123,10,罗孟波,2020-09-01 08:47:08,0,0,0,老师上课很好很好很好很好，选他选他选他。很认真很负责很用心在教学的老师，看的出来很认真在准备上课内容，PPT做的也很好很好，很喜欢老师。
125231,10,罗孟波,2020-09-04 06:34:12,0,0,0,很棒哦
125701,10,罗孟波,2020-09-13 10:29:33,0,1,1,罗老师真的好
135370,10,罗孟波,2021-05-08 15:14:36,0,0,0,老师很用心
136055,10,罗孟波,2021-06-10 11:06:58,0,0,0,真的负责认真，小测居多，坚持点名，给分求是，上次小测提交有问题他也是查了很久才帮改分数，人很和蔼！
136144,10,罗孟波,2021-06-11 09:24:35,0,0,0,上课挺好 但是也经常点名
136753,10,罗孟波,2021-06-24 03:59:07,0,0,0,罗老师人真的超级好！！！
136984,10,罗孟波,2021-06-29 06:16:10,1,1,0,我爱死罗孟波老师了！转专业之后修大物甲还选罗老师的课！
137154,10,罗孟波,2021-07-01 14:08:13,0,1,1,缺课了一次平时分还是满的，爱老师
138399,10,罗孟波,2021-07-09 02:30:19,1,1,0,老师人超可爱! \n\n会有很多稀奇古怪的小测试，但是幸好有这个测试很多知识点都记住了！\n\n永远爱罗孟波老师 喜提97 ！
152407,10,罗孟波,2022-04-08 13:03:26,3,3,0,建议像罗孟波老师这样纯粹的老师给我来一万打。
153132,10,罗孟波,2022-04-26 03:42:39,2,2,0,基里夫人
153735,10,罗孟波,2022-05-10 00:53:32,1,1,0,很好的老师，作业小测什么的都很宽松，好评好评
157117,10,罗孟波,2022-06-22 03:12:17,3,3,0,好可爱的老教授，非常严肃正经的在搞笑，ppt也做的很清楚，复习的时候直接看ppt就好了。
157118,10,罗孟波,2022-06-22 03:12:56,2,2,0,老师的课堂氛围很轻松又严谨，对同学们的提问也是有问必答，非常求是的老师。上课听到罗老师笑起来都会忍不住跟着一起笑
157124,10,罗孟波,2022-06-22 03:28:49,1,1,0,前半期非常多小测和点名，后半期点名依旧很多，小测稍微少了一些。总之认真跟着老师的讲解不要掉队，不管有没有基础都能学好的！非常非常负责的老师！
157181,10,罗孟波,2022-06-22 08:07:23,1,1,0,上课不错，PPT有用，可惜期中前的点名略多后面又小测偏多+求是给分（真的是一分都不加），不多评价了
158517,10,罗孟波,2022-06-30 02:32:33,11,12,1,讲课真的好，很认真负责，点名+小测+作业\n\n\n\n平时作业满分五分，折算平时分的时候，5分记0.1，4分3分2分都记0，有点难过十几次作业4分等于白做。。sad（\n\n可惜总评不给调分，59挂掉了
171129,10,罗孟波,2023-03-16 10:46:01,3,3,0,讲课很有条理，上课幽默风趣，老罗的tu头和口音了真是太亲切了
174280,10,罗孟波,2023-06-09 00:16:35,1,2,1,老师人很好，但是太严格，早上车坏了迟到了两分钟签到就不给补了T_T
174836,10,罗孟波,2023-06-19 01:13:43,5,5,0,期末考前来评分，一个真正的师者，大师。负责认真是他为师的底色，探讨物理问题时的认真与微笑，告诉我们什么是热爱
175372,10,罗孟波,2023-06-24 09:22:44,1,2,1,妈的，好喜欢罗老师的讲课方式，但是我没选上，我的大物丙是听罗老师的网课学的，妈的，讲太好了艹
175742,10,罗孟波,2023-06-26 11:13:08,2,2,0,老师很亲切也很负责，是一个即使让人听不懂课也能听得很开心的老师。只可惜自己没有好好学
177193,10,罗孟波,2023-07-02 05:05:10,2,2,0,点名和随堂测试特别多，不适合考前突击类型的选手选，好好学的确是能学到东西。
177259,10,罗孟波,2023-07-02 12:44:01,0,0,0,老师人很好，讲课认真且条理清晰，为人也很亲切负责。关于老师本人的溢美之词无需多言，老师的评分和同学们的评价已经说明了一切，只是想说一说关于给分的事情。大物课程组对于给分的要求很严格，平时分平均分布是硬性规定，老师也没办法做更改，期中期末的分数更是实打实的没办法更改，所以所有大物老师给分都很“求是”。选罗老师的课绝对入股不亏！
177387,10,罗孟波,2023-07-03 06:00:45,0,0,0,lmb老师人很好，课也讲的很不错，只是我太菜了😭😭没有学过物理，这个学期的课程基本上都听得迷迷糊糊，只知道几个公式🤯期末不出意外的寄了ww 这个学期我听到最欣慰的一句话是，lmb老师和第一排的同学说他理解有些同学不能理解这门课，因为他们没有学过 感谢lmb老师理解我不理解！
192686,10,罗孟波,2024-05-28 06:57:45,0,0,0,给的分不高绝对不是因为lmb老师讲的不好。lmb老师的课，大概可以说是“贪生怕死勿入此门”；我确实没见过可以做到，第一节课课前随机抽人问四五个问题，课后点名，第二节课课后当场小测的hhhh\n\n可能是这门课本身内容比较多，再加上我比较愚钝，lmb老师讲的对我来说有些快；但他确实也讲得好，讲得精，对公式背后的原理都细细分析。确实是一位很爱物理的老师。
194614,10,罗孟波,2024-06-24 15:08:12,1,1,0,好老师，无须赘言
194740,10,罗孟波,2024-06-25 07:43:54,0,0,0,我的神！！！！！
195008,10,罗孟波,2024-06-26 08:49:28,0,0,0,非常有趣的老师！一本正经地搞笑哈哈哈。经常会在课上让同学起来回答问题，但是每次请完之后都会说感谢大家的回答，一时卡壳也会得到提示，会带着你做题。会有挺多小测的。总之是不怎么能全程摸鱼的课，但是能保证你在大考临近的时候不会有这么大的压力。
195251,10,罗孟波,2024-06-27 12:24:51,0,0,0,老师非常非常负责，期末前会发历年卷和答案，讲课风格幽默，但是求是是真的很求是，小测也很多（有时猝不及防），取得高分看个人
195528,10,罗孟波,2024-06-28 15:20:31,0,0,0,非常求是的老师，虽然评分高但还是慎重选择，每隔几章有阶段性测试，小测也有点多，在学在浙大按总分排名赋平时分。我期中期末均90，平时分扣了总评8分属实有点难顶。老师的教学水平很高，PPT很详细，有小结有例题，还会主动发历年卷，别的班的可以看罗老师的智云。
216974,10,罗孟波,2025-03-30 15:35:34,5,6,1,好烦，基本每节课都点名或者小测，感觉已经完蛋了
220584,10,罗孟波,2025-06-18 15:31:24,1,1,0,罗老师的课很严格，经常小测和点名，尤其是前八周，后八周稍微松了一点，但是最好还是每堂课都到，跟着老师走，把当天讲的弄懂了，考试没有问题的。老师人很好，问问题的时候很耐心，讲课非常棒，期中期末都会发历年卷。虽然很讨厌物理，但是很高兴教我的是罗老师，找回了一点点学物理的信心。如果想好好学，平时分也能卷的话，推荐选。
220901,10,罗孟波,2025-06-20 09:49:40,0,0,0,老师上课讲得很清楚，下课问问题会及时回答，讲不明白的地方课后还会录视频补充，非常认真细致。其实老师还是很可爱的，课间还会和前排的同学聊聊天，超级亲和，就是对于上课不认真听讲和睡觉、学别的科目的同学会批评，感觉比较像高中老师。然后小车比较多，平均每周一次小测，较高频率小小测，然后点名也比较多。但是只有稍微花点时间认真学习，最后的绩点一定不会差的！
221082,10,罗孟波,2025-06-21 07:50:31,0,0,0,好👍
221656,10,罗孟波,2025-06-25 06:44:14,0,0,0,罗老师给人的感觉更像是一位高中老师。上课前和课间会和前排的同学聊一聊和学习有关的事情，上课讲的也非常细致，重点地方会提醒，有时候会抽学生起来回答问题，并且对上课看手机和做别的作业有点关注。期中期末考试前会上传历年卷，而且如果有时间的话会单独拿一节课出来作为复习课，没时间的话也会上传复习视频。平时分为了更有区分度和合理所以加入了很多小测和点名，总的来说你的平时分和你的上课作为基本上成正相关。
3439,40,陶向明,2015-06-12 14:24:13,9,22,13,听不懂\n\n
3539,40,陶向明,2015-06-17 01:30:09,-3,11,14,垃圾
3717,40,陶向明,2015-06-17 02:39:28,11,28,17,讲课认真 喷的都什么心态。。。
3839,40,陶向明,2015-06-17 05:51:35,2,16,14,每日一分
4060,40,陶向明,2015-06-17 15:40:29,8,15,7,老师讲课不是很好，但老师很平易近人，对学生也比较关心，用ppt，每次课后也会及时上传ppt
4245,40,陶向明,2015-06-18 09:11:07,-1,9,10,声音大，不知所云，感觉人品也不咋地
4304,40,陶向明,2015-06-19 00:02:32,-9,6,15,垃圾
4470,40,陶向明,2015-07-08 13:47:23,2,10,8,挺好的呀  很负责很认真  有激情
4489,40,陶向明,2015-06-24 01:46:21,-7,6,13,每日一分\n\n
4797,40,陶向明,2015-06-29 02:57:00,-4,6,10,烂
4803,40,陶向明,2018-09-17 01:59:02,2,15,13,烂\n\n
4959,40,陶向明,2015-07-01 14:02:10,11,22,11,催眠
5528,40,陶向明,2015-07-08 05:23:23,3,12,9,挺好的
5555,40,陶向明,2015-07-08 08:25:08,1,10,9,老师很认真！
5752,40,陶向明,2015-07-09 08:42:13,31,49,18,老师人很好！
5963,40,陶向明,2015-07-12 00:41:53,0,6,6,还不错
6182,40,陶向明,2016-06-22 06:49:20,-43,9,52,因为给了我99才来打十分的。。。实际上讲课不咋地
7770,40,陶向明,2015-09-15 13:17:09,0,5,5,可以吧
7772,40,陶向明,2015-09-15 13:17:45,4,12,8,好老师，我们永远支持你
7773,40,陶向明,2015-09-15 13:18:05,1,10,9,垃圾
8235,40,陶向明,2015-09-17 15:49:24,3,8,5,给分好(>﹏<)
14579,40,陶向明,2016-01-08 00:31:02,1,9,8,超级烂 不如自己看
18398,40,陶向明,2016-01-21 14:21:36,-12,2,14,爱装逼
19911,40,陶向明,2016-01-25 14:19:16,0,10,10,吾爱大物，吾更爱明明\n\n\n\n
22337,40,陶向明,2016-03-04 00:37:17,0,4,4,讲道理老师讲的很透但是这也决定了她讲的慢，如果想拿绩点的可以来，想要有所真正在物理方面有所提升的，推荐去修物理学123
22339,40,陶向明,2016-03-04 00:54:57,19,26,7,老师人不错，善意提醒一下不要一个音调唱几十分钟。
22346,40,陶向明,2019-03-27 03:14:38,11,27,16,她治疗失眠绝壁能挣大钱\n\n
22359,40,陶向明,2016-03-04 02:19:18,14,25,11,像卖菜的，这口音听得闹心！
22374,40,陶向明,2016-05-06 02:10:05,8,14,6,我可能不适合学物理吧呵呵
23103,40,陶向明,2016-03-18 01:13:27,7,13,6,听不懂
23241,40,陶向明,2016-03-23 01:10:08,12,25,13,还是自学靠谱
23335,40,陶向明,2016-03-25 02:12:53,10,19,9,催眠技术6得一比
23437,40,陶向明,2016-03-30 01:26:29,-4,4,8,垃圾。
23453,40,陶向明,2016-03-30 06:41:22,1,6,5,讲课还是挺有效果的
24216,40,陶向明,2016-10-31 04:18:31,1,7,6,烂的一匹
25982,40,陶向明,2016-06-14 23:19:55,0,2,2,老师备课和上课虽然感觉很认真，但是讲课的语气太随便了，没有权威感，上课太难集中注意了。
25997,40,陶向明,2016-06-15 03:34:24,9,13,4,刚开始可能不适应老师的口音，但真的是一个很和蔼，很有耐心，很负责的老师。
26312,40,陶向明,2016-06-17 00:20:39,8,16,8,疯狂自嗨   没有人能理解她的话语
26622,40,陶向明,2016-12-27 02:44:48,-45,2,47,我大物96分我爱陶向明
27544,40,陶向明,2016-06-29 09:54:14,1,5,4,这个给分也是呵呵了
29119,40,陶向明,2016-06-29 09:00:35,0,2,2,老师人很和蔼，只可惜我自己没有好好学
29120,40,陶向明,2016-06-29 09:02:39,0,2,2,老师讲的很详细，所以上的也比较慢。有同学觉得她声音听不惯，但我觉得还好，反正我上课不会睡觉。记得期中考试我考的很差，问老师题目老师还安慰我说期末肯定练的没问题。果然，感谢老师。大雾其实期末不难，好好听课，期末刷题，仔细一点就没问题了。
29123,40,陶向明,2016-06-29 09:07:04,1,2,1,还行吧
29143,40,陶向明,2016-06-29 09:42:58,0,0,0,讲课还算仔细，就是比较平铺直叙，容易犯困orz，老师人还是不错的
29148,40,陶向明,2016-06-29 09:48:36,-2,2,4,老师嗓门粗了点，前几章听课确实犯困，但后面讲的真心挺好。老师是个好老师，9分良心分。
29181,40,陶向明,2016-06-29 10:44:52,-6,0,6,班主任人超好
29235,40,陶向明,2016-06-29 13:04:50,2,5,3,一开始看她评价不高还以为大物要全凭自学了。说实话上了一学期下来，觉得虽然讲课不是那么精彩，但是听懂学懂还是没问题的，这老师不错。
29439,40,陶向明,2016-06-29 23:28:19,0,1,1,从头到尾没听过课，可能讲课风格不适合我，大物说实话主要看自己，老师给分挺客观，算不上差。
29960,40,陶向明,2017-06-05 11:18:43,4,6,2,个人感觉她的课挺容易听懂的，老师人也很好，有点好奇评分怎么那么低
30480,40,陶向明,2016-07-01 16:35:15,0,3,3,说实话，陶老师上的课没有其他男老师上的好。但是老师人很好，和蔼的很，就是劝后人每两章请复习一次，因为有quiz(手动微笑)
30582,40,陶向明,2016-07-02 04:08:16,7,8,1,以小测的形式来点名，声音洪亮，不要坐在第一排震得耳朵受不了，但知识讲的很是清楚的，若预制不必退
32530,40,陶向明,2016-07-07 12:02:23,-2,0,2,老师讲得挺认真，有板有眼的
34748,40,陶向明,2016-11-21 01:31:43,25,34,9,不能以态度好来给讲课糟糕这个客观事实找理由。
38092,40,陶向明,2016-11-24 04:12:31,0,3,3,毫无逻辑，不知所云
45002,40,陶向明,2017-01-18 19:36:27,1,2,1,好老师呀，为什么评分这么低
50985,40,陶向明,2017-05-11 02:52:11,6,8,2,高效自学速成班，免费效果好
51458,40,陶向明,2017-06-06 01:52:43,12,15,3,第一排那两个男生求您闭嘴！！！！
54117,40,陶向明,2017-06-28 13:31:18,1,1,0,老师讲的还行，期中考得很渣，一直担心期末会挂 ，最后60飘过，感谢平时分。
54142,40,陶向明,2017-06-28 14:20:03,0,1,1,老师挺好，就是绩点不尽人意
54189,40,陶向明,2017-06-28 15:37:28,1,1,0,不点名，请加油自学，当然跟着老师步伐走更好！
54281,40,陶向明,2017-06-29 03:06:27,14,17,3,老师很认真 调理清晰 不明白说有口音的是什么心态 比起其他老师算是普通话比较标准的了 还有第一排左边的两个不停说话的男生不止我讨厌你们吧
55807,40,陶向明,2017-07-02 11:55:02,1,1,0,老师人还是不错的。就是上课容易犯困然后好多东西都要自己悟了（导致期中崩了的一个原因）。楼下:第一排靠窗的那总是在讲话两个男生我也很讨厌………特别是靠走廊的…
56354,40,陶向明,2017-07-03 14:28:34,2,2,0,老师很耐心。那些说老师上课讲得快不管同学有没有跟上的，你们也没提出问题啊，没问当然默认你们都听懂喽。
60297,40,陶向明,2017-10-17 00:54:04,4,4,0,老师人很好 很认真 坐在第一排的两个没完没了说话的bitch真的怎么骂都不够
63427,40,陶向明,2017-12-04 00:19:42,2,3,1,老师讲得很耐心，对学生也非常好。期中考试没有达到预期成绩问老师，还亲自帮我找试卷分析，真心好老师
63788,40,陶向明,2017-12-15 02:47:42,5,6,1,原子物理冬学期我就没听过课，别问我这和陶老师有什么关系
65146,40,陶向明,2017-12-29 10:58:18,3,4,1,陶的讲课就是讲课，纯粹的讲课，太纯粹。\n\n老师很善良，水平也不差，但讲课真的很难让人提起精神。\n\n
67485,40,陶向明,2018-01-21 10:00:04,4,4,0,经常把看一看说成看看看
71217,40,陶向明,2018-01-28 06:58:42,0,0,0,讲课很清晰！人也好！最后没有考太好还是因为自己期末准备不足。
71235,40,陶向明,2018-01-28 07:38:56,0,0,0,小测次数比其他老师多。不过这学期4次小测，我考的都不好最后一次还错过了，平时分还有16/20，（没有竞赛加分），毕竟给我过了最后，给分还行吧
71251,40,陶向明,2018-01-28 07:53:55,2,3,1,客观讲 平时分给的好 给分主要还是看自己吧 六点几分还是低了 能给8分 预制可以不退的
71528,40,陶向明,2018-01-28 14:46:28,2,4,2,人很好，不点名，但是会有四次小测，不过小测的题大部分找得到的。期末给平时分很好【我是20满了】感谢老师不挂之恩！
71700,40,陶向明,2018-01-29 01:19:12,4,6,2,物理这种啥的都看自己的，小测想要满分有点难，但是最终平时分给我满了就是好老师了
71856,40,陶向明,2018-01-29 04:38:50,2,4,2,老师给分很好www小测分数不高平时分还是全满了
72380,40,陶向明,2018-01-30 04:46:55,0,2,2,毁人不倦
73658,40,陶向明,2018-02-02 10:04:22,1,1,0,无话可说
73847,40,陶向明,2018-02-03 08:52:35,1,2,1,原子物理 讲得很差 像在吼叫一样
73987,40,陶向明,2018-02-04 03:25:57,1,1,0,喜欢老师上课
86477,40,陶向明,2018-09-17 00:12:12,0,0,0,还不错呀
88731,40,陶向明,2018-11-06 23:55:30,1,1,0,老师每节课前都会给作业的反馈，讲课主要是PPT上的内容
99421,40,陶向明,2019-01-24 21:59:10,0,0,0,小测题还不错...上课无力
99636,40,陶向明,2019-01-25 04:22:19,1,1,0,老师很认真！！但是大物这个很多时候靠自己，就不想说什么
100225,40,陶向明,2019-01-25 23:51:56,2,2,0,老师人很好啊！搞不懂评分那么低
101151,40,陶向明,2019-01-27 23:09:09,3,3,0,老师是个好人，对人对事态度很认真。最后平时分给满了，没有下4。但是听老师的课确实有点痛苦，容易走神，，，
101727,40,陶向明,2019-01-29 02:53:26,1,3,2,不要被评分骗了，老师还是很好的，大物1是近乎满分的老师，然后1.8，大雾2是陶老师的，期中没及格，考了五十来分，考试周把光学和量子物理好好学了一下，电磁学不管了，填空题有一半不会写，最后3.3。老师讲课是有些口音，但听个两三节课后就没感觉了。
104139,40,陶向明,2019-03-13 02:36:38,4,6,2,麻烦老是做第一排的那个声音很难听的男生，上课不要老师说一句你“嗯”一声，很讨人厌。
104168,40,陶向明,2019-03-13 10:21:44,5,10,5,老师真的很有热情，上课讲的很好，而且群里有人问问题的话会很认真的回答，十一点多了还在群里答疑，(虽然我没问过题? )  但我觉得她真的是很负责的老师，我每次上她的课都要坐第二排或第一排。给十分。
104637,40,陶向明,2019-03-25 15:54:31,2,2,0,我觉得陶老师很好啊，起码东西都讲到了也很认真\n\n那些说容易困的可能是客观事实，但是喷给分垃圾的我这么说吧这样的学习态度换个老师你分也一样
104666,40,陶向明,2019-03-29 13:25:15,5,8,3,人是好的，课是真的听不进去的，听下来脑子一团浆糊
106660,40,陶向明,2019-04-29 00:35:55,4,5,1,鼓膜杀手 但人还不错
108512,40,陶向明,2019-05-27 10:47:10,4,6,2,真的好喜欢老师～～～讲题目特别耐心 感觉课讲得也很好阿 说听不进去的是因为不喜欢物理这门课而已吧 \n\n我高中不学物理 本来真的很害怕大物 但是老师上课大多都能听懂 虽然期中考没考好 可是还是很感谢老师！希望期末考好吧\n\n老师真的特别负责！只有一次重感冒才用小蜜蜂 平时都是自己原声响亮地授课 感觉真的很辛苦
109615,40,陶向明,2019-06-18 01:41:53,1,1,0,老师真的很好，我自己比较菜
111012,40,陶向明,2019-06-29 06:22:01,2,3,1,大一下预置的陶老师的大物I。刚开始来看查老师以后有点担心，但其实老师人真多很好。讲课挺好的，平时也会在微信群里答疑。
111832,40,陶向明,2019-07-03 00:35:38,0,2,2,非常认真负责的老师啊
112055,40,陶向明,2019-07-03 10:28:12,1,2,1,老师讲的很细致，也很有耐心，经常在群里答疑，老师人真的很好！
112059,40,陶向明,2019-07-03 10:42:06,-10,3,13,虽然几乎没听，但是最后绩点上4? ，老师打分还不错(*๓´╰╯`๓)♡
112276,40,陶向明,2019-07-04 00:36:23,1,1,0,最后期末复习的时候感觉PPT上有很多很好的内容，但老师讲的时候没感觉到，不过老师人挺好的，给分也不错
112349,40,陶向明,2019-07-04 02:28:34,4,6,2,上课是真的听不进去，但老师给分是真的好。一学期大概有个三四次小测吧，我折算下来每次也就六七十分，最后平时分给满了！不过期中考太差了导致我总评比期末低了一分惨遭卡绩不过这也不是老师的问题呜呜呜
112480,40,陶向明,2019-07-04 11:09:32,0,6,6,垃圾老师毁我青春 上课根本不用听 自己刷刷题不就完了
112501,40,陶向明,2019-07-04 14:30:17,-6,0,6,平时分给的好
112785,40,陶向明,2019-07-05 03:08:34,-26,1,27,我觉得老师讲的挺好的，上课也不是特别容易睡着吧，平时两次小测虽然只考七八十但是最后平时分还是给满了，ppt上的例题也很棒，半期期末考得也不难，成功满绩：）
113348,40,陶向明,2019-07-06 09:13:43,0,1,1,不点名，翘了好几节课，我一个自学的人也没资格多说什么，不过8分还是有的
116503,40,陶向明,2019-09-11 02:37:40,-2,0,2,还行啊明明就
117485,40,陶向明,2019-09-25 02:13:59,2,2,0,个人以为老师讲课没什么逻辑\n\n
120680,40,陶向明,2020-01-15 05:28:32,1,2,1,陶老师人超好！是那种真正会关心学生的老师！会在群里耐心答疑！总之非常非常推荐！！
120713,40,陶向明,2020-01-15 17:33:44,0,0,0,真的是特别好的老师
121497,40,陶向明,2019-12-15 03:06:03,0,0,0,真的挺好的
123789,40,陶向明,2020-06-14 07:20:31,2,3,1,讲课没什么逻辑……而且北方同学已经被老师的口音绕晕了……
123836,40,陶向明,2020-06-15 01:54:27,3,5,2,老师上课有很大的热情，力求做到回答每一位学生的问题，老师上课会很详细地讲习题，而且是比较多的习题，小测试的题目与老师讲过的习题以及上课老师强调过的知识点息息相关，最后的平时成绩也是按照成绩排名给出，如果想要水水，请不要把自己成绩不好的原因归于老师，成绩是自己获得的，因为是上网课，最后老师打开摄像头说，希望大家见到之后能认出来，当时听到之后有点抽噎，陶老师真的是一位非常好的老师！
125223,40,陶向明,2020-09-04 02:51:53,3,7,4,就凭她考试成绩差的会调低平时分就给她低分
125536,40,陶向明,2020-09-11 05:22:34,37,44,7,不要以老师“态度好”就给“讲课差”找理由……不然这和饭圈有啥区别……
125929,40,陶向明,2020-09-16 00:34:10,3,3,0,我觉得还可以啊，哈哈哈语调有点像熊二
131026,40,陶向明,2021-01-25 15:02:06,0,0,0,成绩还没出，先给老师打个分求过噻
131147,40,陶向明,2021-01-26 07:34:11,20,22,2,刚考完，趁成绩未出，为陶老师做一简单授课体验分享：\n\n1.点名：本学期共点名6次，随机分布于20周内，属于第1.2节课中间突击点名那种，每次缺勤扣平时成绩1分。\n\n2.授课：授课体验一般，属于知识点覆盖比较全面，授课比较细致，但是总体上课体验一般。ppt每次授课前都放在学在浙大上，复习比较方便。\n\n3.小测：本学期共小测4次，其中2次提前提醒，2次突击（大概吧……记不太清楚了），之后会把部分小测题目做一讲解。\n\n4.态度与给分：老师态度不错，有问必答，也欢迎提问同学。期末平时成绩（包括出勤、加分、扣分）会公示，同时会按照期末有微调（为人诟病已久），个人感觉尚可，毕竟大物最后还是要看期末为主。\n\n总评：8分，适合没有选到好老师但是又不想去差评极多的老师那里时选择。\n\n以上，为个人意见，供参考。
131531,40,陶向明,2021-01-28 02:27:00,5,5,0,我的大物😭我的大物😭
136141,40,陶向明,2021-06-11 08:33:52,17,23,6,能看得出来老师准备课程非常认真，到现在为止的三次小测都不是很水，据说老师为了找热学小测的题目花费了一天时间，被老师的认真感动到了，上课老师讲的也很细致，虽然有时候确实有一点催眠。最重要的是老师很关心学生，基本上有问必答，并且鼓励学生提问，在小测没考好时还用钉钉小窗私聊提醒我分析原因，后来答疑的时候又帮我分析了原因。先不论老师上课的效果和最后给分如何，首先为老师的认真态度点个赞。可惜小测大多考的不尽如人意。
138094,40,陶向明,2021-07-07 10:01:36,0,3,3,好好好好好好好
141267,40,陶向明,2021-09-28 01:48:28,0,2,2,大物上的时候不知道老师好，大物甲下换了老师，感觉陶老师好好呜呜呜
143830,40,陶向明,2021-12-08 02:11:13,1,2,1,上课确实讲的没有其他老师好，但态度还不错
143920,40,陶向明,2021-12-13 03:44:16,2,5,3,搞阴的
146054,40,陶向明,2022-01-05 09:21:00,2,4,2,一言难尽
147664,40,陶向明,2022-01-10 11:30:08,-4,4,8,别选，绩杀
147678,40,陶向明,2022-01-10 12:24:55,1,6,5,作业都认真做了，不会的及时问助教，点名只缺过一次，小测有时间都会认真准备，不说我水平怎么样，但该做的都做了、努力的问心无愧，最后平时分30/40，我真的很不理解。
147682,40,陶向明,2022-01-10 12:37:40,2,4,2,讲课中规中矩，有时候要靠自学。\n\n小测很难，想及格不太容易，但毕竟是赋分制，所以影响不大。\n\n经常在课间点名。\n\n大物的分数，都是靠自己考出来的，不知道有没有捞，但肯定不至于绩杀
147686,40,陶向明,2022-01-10 13:00:29,4,6,2,老师上课很认真，各部分的占比都说的很清楚。有些同学说的绩杀，我个人认为还是成绩没到，不是老师的问题。（老师又不知道你是谁，为什么要平白无故绩杀？）大物只要认认真真跟着陶老师学没问题的，大家放心选哦。
151006,40,陶向明,2022-02-22 01:58:58,0,0,0,老师人很好，态度很好，很有耐心解答学生们的问题，在钉钉上问老师问题，老师从来不嫌学生烦，总会很耐心回复学生问题，解释到你会为止，很负责任。\n\n讲课是还行，给分也可以
152282,40,陶向明,2022-04-01 07:53:22,2,2,0,不懂只是她绩杀，还是说整个大物课程都绩杀。
152686,40,陶向明,2022-04-18 10:05:19,2,2,0,参加过陶老师8次小测的选手来总结一下:\n\n1.小测题目量大，开卷闭卷不一定，即使是开卷也很可能来不及翻书，需要很熟练地掌握知识才能做完；\n\n2.题目难度以中等难度为主，难题和简单题较少，有一定计算量；\n\n3.题目主要来自于作业题和历年卷及其变形；\n\n4.小测前会通知时间和范围；\n\nPS：老师人很好，有问必答，即使问课上讲过也没关系；有时候老师讲课太快跟不上很容易犯困；平时分都是根据表现来的，考试也不能调分，不会绩杀
156527,40,陶向明,2022-06-20 07:40:19,3,4,1,自认为物理还可以，但是最后绩点很低，老师不会捞人，经常点名，作业给分也一般
156549,40,陶向明,2022-06-20 08:38:24,-3,0,3,期中时考不到五分之一的成绩 最后还是被捞了 谢谢老师！
157434,40,陶向明,2022-06-23 08:15:15,4,4,0,老师讲课一般，点名比较频繁，小测确实很有难度。
157838,40,陶向明,2022-06-25 05:31:22,6,8,2,1.点名点得比较多的，但是全是数字点名\n\n2.小测还是有难度的，可能会来不及写，但是如果能够认真复习准备小测，期末的复习压力会小很多\n\n3.小测里和课上讲的题都很经典，期末有可能考到的\n\n4.说老师给分不行的emmm期中期末都是自己考出来的，平时分也是看小测签到作业然后排名赋分的，跟老师有什么关系
161217,40,陶向明,2022-11-01 02:30:20,-3,0,3,讲课很认真，声音洪亮，态度负责。
161511,40,陶向明,2022-11-15 02:13:22,-2,1,3,很好啊
170789,40,陶向明,2023-03-10 00:08:26,8,8,0,啊～吧啦吧啦，啊～😂
171649,40,陶向明,2023-03-31 01:34:27,-7,1,8,老师讲课很好啊，不知道为什么那么多人说老师讲课不好
173491,40,陶向明,2023-05-26 03:51:35,-3,0,3,谁说备课备得认真的，ppt上的物理量符号和书本里都不一样，你要听懂她在讲什么你就要去理解她世界里的物理量符号，然后再去理解书本里的物理量符号，口音更是难受，填chong题
174250,40,陶向明,2023-06-08 06:50:26,0,0,0,感觉还行，虽然不捞，但是也不算坑，该怎么样就怎么样；老师人也不错，挺照顾学生的
175953,40,陶向明,2023-06-27 08:59:55,0,0,0,老师人很好，就是点名比较频繁。
176486,40,陶向明,2023-06-29 05:43:32,-1,1,2,老师就是最屌的，第一次评论给txm老师，爱她！
176599,40,陶向明,2023-06-29 11:45:20,0,2,2,讲课还可以，数字点名，小测有难度；\n\n本人期中期末80+最后3.6，感觉给分一般般吧
176645,40,陶向明,2023-06-29 14:20:58,-6,1,7,点名比较多，但是给分真的很不错。我缺勤两次少交了一次作业最后总评92真的很爱陶老师。老师讲课也很不错，会有许多复习课，完全跟得上。
176670,40,陶向明,2023-06-29 16:00:26,2,2,0,老师给分比较求是，平时点名比较多，小测题量比较大
186183,40,陶向明,2024-01-09 09:08:06,-4,0,4,老师讲超耐心，答疑很及时，最后还会调分，真的非常好，建议选
187461,40,陶向明,2024-01-16 08:19:54,0,3,3,老师超好！上课挺有激情的，而且一看就很有教学经验，我听课听得也很安心。点名迟到了会给你补签。我们班整体给分也不错！不存在绩杀，大物的每一点分数都是自己考出来的。平时认真准备陶老师的小测，期末复习的时候特别轻松。总之陶老师非常好！助教也很好！10分送上！
187591,40,陶向明,2024-01-16 16:48:19,4,5,1,上的大物2\n\n上课：整体来说讲课还是不错，也很认真，但有些部分（可能是知识比较复杂，也有可能我在走神）有点听不太进去，感觉重点不突出，我就去听的lcm的智云。\n\n点名:前半学期点名比较多，后半学期较少，全部采用雷达点名且时间固定（早八为八点，早十为十点），来晚了课间可以补签。\n\n小测：一共四次，题目较多（填空+大题，卷面满分一百分），但整体难度不是很高。开闭卷看情况，后面两次因为时间紧张就是开卷了，前面两次为闭卷。\n\n平时：一次作业认真完成并按时提交就是100（如果助教发现有一道题做错了就扣1分），老师在群里也会认真回答每位同学的问题。\n\n整体我给了9分，属于是如果选不上更好的老师，也是很不错的选择。\n\n最后也拿了满绩，也在这谢谢老师！
190196,40,陶向明,2024-02-25 07:34:21,2,3,1,对于认真学习，善于钻研问题的同学来说是个不错的选择。
191073,40,陶向明,2024-04-01 03:22:43,3,3,0,很一般的老师 上课很一般
192582,40,陶向明,2024-05-24 09:02:11,4,4,0,小测主打一个为难学生
192653,40,陶向明,2024-05-27 03:09:41,0,0,0,抑扬顿挫
193079,40,陶向明,2024-06-03 09:22:53,1,1,0,小测会提前一周通知\n\n但是小测相对别的老师难很多\n\n而且题量很大 每次小测一节课\n\n讲的就一般
194702,40,陶向明,2024-06-25 03:14:28,-1,3,4,平时分巨好
194710,40,陶向明,2024-06-25 04:38:02,1,2,1,小测会有点难，对自己物理能力有自信的可以放心冲。平时分的话，因为大神少，所以相比xxp班容易拿高分，因为小测难，所以相比lcm班容错率高。讲课方面，我前半个学期主要靠xxp网课，后半个学期主要听老师上课，感觉老师讲的还是不错的。
194803,40,陶向明,2024-07-05 11:07:11,2,4,2,老师已经尽量捞我了，前两次小测考的都不是特别好，但是就这样平时分都只扣了两分，奈何期中期末不尽如人意。\n\n陶向明老师查老师评分为7.9，其实上下来感觉老师讲的挺清晰，上课也挺有激情，唯一的不足可能就是重点不太突出，然后略带一点口音，我至今不知道老师是如何用普通话表达赋分的另一方面感觉ppt上公式符号和书上习惯的不太一样，ppt数学公式有些没处理好，不知道是老师自己不上心还是其他问题，然后老师可能有些地方会有自己的一些想法，比如让我们把热力学第二定理改成Q=E+W，然后对外做功取正，感觉这个属实没什么必要，而且一时改变传统的计算习惯很难接受。然后小测的话，公平性还行，老师会强调隔位就坐，小测都会提前通知。点名的话，还是比较多的，基本雷达点名，但是迟到可以补签。给分的话，大物小测赋分一直被诟病，但感觉陶老师给分还行（？），我四次小测64（第一次不太适应）+82+95+95最后平时分只扣了2分。总之，感觉没有查老师说的这么多雷点，总体还是一位好老师，我打了8分
196167,40,陶向明,2024-07-02 02:48:26,-4,0,4,小测是真的难，主要是到后期一堆人就拿着手机跟那儿搜题。。。还不如出简单点，大家都自己做，大家都拿好分数，不就没事了吗
196255,40,陶向明,2024-07-02 15:59:01,0,1,1,老师态度算认真，课讲得一般，但小测有时候难，平时分给分不行，不怎么捞人
207681,40,陶向明,2024-12-23 18:06:25,0,0,0,新评论，自认为还是比较客观的：老师有点口音，讲课比较细致但是没有重难点突出，所以你很难集中注意力在她的课上，ppt做得一般，条理性不强。另外，她的小测体验很一般，虽然是赋分制，但是每次小测题目很多，知识点覆盖过于细致，如果小测想要好成绩得花很多时间复习才行
536,110,方明虎,2015-03-15 04:26:32,42,53,11,普物教得好，把概念讲清楚了。也有同学觉得他考得难，但我认为题很好，关键是概念，不是偏题怪题。虎哥是我评价其他老师的标杆之一。通识教得也有趣。
792,110,方明虎,2015-03-17 03:45:03,53,57,4,虎哥是我大学遇到过最有激情的老师，没有之一
979,110,方明虎,2015-03-20 01:36:51,51,51,0,看懂我的ppt
1082,110,方明虎,2015-03-21 16:06:01,8,9,1,很难，不过老师很耐心，很好\n\n
1111,110,方明虎,2016-12-30 00:41:01,93,98,5,还记得当年北高峰上的天线吗？
1811,110,方明虎,2015-03-25 07:10:04,60,63,3,写一组方程，改变一个世界～
1884,110,方明虎,2015-03-26 03:50:16,6,6,0,北高峰
1889,110,方明虎,2015-03-26 04:10:25,18,26,8,吹比少年\n\n
1966,110,方明虎,2015-03-27 04:23:47,7,8,1,很棒的老师。
3170,110,方明虎,2017-10-12 02:11:09,6,7,1,很有激情
8487,110,方明虎,2015-09-22 00:38:24,40,41,1,探索发现系列节目，引领世界潮流之方明虎-未来诺贝尔奖获得者
9036,110,方明虎,2015-10-11 08:12:04,63,64,1,虎哥明明说的是百高峰的天线
10336,110,方明虎,2017-05-03 11:42:22,36,41,5,虎哥普物没得说。讲题不多，但重在思维推导，与前沿和应用结合，很有收获。故事多～那些年他出过的高考题～几百个打工妹～超导材料～世界的未来在中国～
11568,110,方明虎,2015-12-06 04:46:50,7,7,0,Pie脑袋
12958,110,方明虎,2015-12-24 11:32:38,6,7,1,很有激情！
13221,110,方明虎,2015-12-25 08:32:21,10,12,2,他是一名热爱学生的物理学家
13312,110,方明虎,2015-12-26 13:15:48,27,31,4,课讲的好，期中考略难。把激光说成极光。钱塘江大桥学生集体跳江事件。
14996,110,方明虎,2016-01-11 12:56:25,18,18,0,考完试我就去炸北高峰
15602,110,方明虎,2016-01-15 15:13:52,28,31,3,永远忘不了及格率百分之十五
16799,110,方明虎,2016-01-19 03:57:07,15,16,1,真的好老师！普物是期中期末各50%然后开根号乘10的结果。超导 百高峰天线 写一个公式让世界跟着你玩
16808,110,方明虎,2016-01-19 04:14:21,2,3,1,超级喜欢他~
16832,110,方明虎,2016-01-24 17:30:43,5,6,1,签到，讲的很好，很难，给分低
16876,110,方明虎,2016-01-19 06:45:17,2,3,1,真正在教课的老师 很棒
17044,110,方明虎,2016-01-19 13:49:19,3,4,1,讲课有激情，不用担心犯困
38307,110,方明虎,2016-11-29 15:56:37,1,2,1,讲的不错，给分也还好。激起了我的物理兴趣。
40185,110,方明虎,2016-12-30 00:40:22,45,48,3,在座的都是未来的工程师，你要研究出一个方程来让全世界玩一辈子，那才算厉害。
40397,110,方明虎,2017-01-03 07:08:22,3,4,1,虎哥讲的很好，可是我物理太差了，感觉考试好难(ಥ_ಥ)
41237,110,方明虎,2017-01-10 07:13:43,3,4,1,老师上的还行，很有激情。但我觉得远没有达到深入浅出的地步，大学课程感觉就是这样，时间太短，课程量太大，老师只能提纲挈领，修行在于个人
42672,110,方明虎,2017-01-15 01:13:21,9,10,1,?哥超级棒，百高峰天线，全世界跟着你玩一百年，差一点诺贝尔奖就是我的，可爱的老师
44518,110,方明虎,2017-01-18 02:19:17,2,4,2,老师上课超有激情，而且他比较注重大家对概念的理解，不大强调做题，所以最后给分都是按照排名给的。好好跟着虎哥，真的能对物理有个更深的理解。尤其是信电的小朋友们，你们的体系就是建立在麦克斯韦方程组基础上的23333333
45008,110,方明虎,2017-01-18 22:57:04,4,6,2,谢萌虎不杀之恩抱拳
45009,110,方明虎,2017-01-18 23:00:17,3,7,4,付出和回报真的成正比吗？
45016,110,方明虎,2017-01-18 23:52:36,-3,3,6,老师给分太好了！抱着物理必挂的心去考试最后给分出乎意料 上课很有激情对学生很好 讲的也很清楚
45029,110,方明虎,2017-01-19 00:30:53,1,4,3,虎哥我爱你
45035,110,方明虎,2018-03-05 01:36:24,13,16,3,萌虎方方真是我亲爹
45036,110,方明虎,2017-01-19 00:54:32,2,4,2,谢虎哥不杀之恩
45055,110,方明虎,2017-01-19 01:58:49,5,6,1,为数不多的不论给分怎样，我都要打10分的老师。虎哥讲得好，有耐心，真的是好老是
45074,110,方明虎,2017-01-19 02:31:13,2,2,0,萌胡方方很好，人很赞，但是要自己去tei一遍公式还是有难度
45095,110,方明虎,2017-01-19 03:21:53,1,2,1,感谢老师呜呜呜呜呜！！！！虎哥讲的超级好呜呜呜呜呜！！！爱您比心！！！！
47126,110,方明虎,2017-01-24 03:12:35,3,3,0,1.打一个电磁波\n\n2.六六八十四\n\n3.4399\n\n4.北高峰天线
47338,110,方明虎,2017-01-25 10:37:01,1,1,0,讲的很好，很细致，但是自己对物理实在不行，期中期末都没考好，最后还是谢谢老师，竺院有这样的老师还是很开心的。
52620,110,方明虎,2017-06-21 13:02:09,8,8,0,科学美学课老师太善良了，从不打断同学展示的时间，导致大家任意拖延时间最后讲不完....可能是通识课还没有经验吧。很喜欢方老师的激情和执着，希望科学美学能给个好绩点。。。。
54900,110,方明虎,2017-06-30 12:11:48,2,2,0,科学美学真的很美
54903,110,方明虎,2017-06-30 12:15:00,3,3,0,科学美学建议选哦，好好写论文
54905,110,方明虎,2017-06-30 12:19:41,5,5,0,科学美学作为一门对理工科完全没压力的的I类课程，推荐大家选，老师上课还会科普很多时下的物理知识。顺便说一句虽然没有去展示但这个分数真是惊喜ww
54938,110,方明虎,2017-06-30 13:04:49,5,5,0,科学美学给分好，上课有趣轻松，没有期末考。ps 老师你还记得北高峰上的天线吗？
55006,110,方明虎,2017-06-30 15:38:00,2,2,0,上老师的科学美学，可水可听，干货有很多，领略到了不一样的科学。
55091,110,方明虎,2017-06-30 23:53:50,2,2,0,通识打分就看论文，加分看自愿的展示……反正我的论文认真写了一千多字，然后交的时候看其他人都是整本整本交的。。于是我3.3
55169,110,方明虎,2017-07-01 02:36:22,-3,3,6,3.0……
55183,110,方明虎,2017-07-01 03:05:12,-2,1,3,被绩点击中。。
55202,110,方明虎,2017-07-01 03:37:57,-2,4,6,通识课很有趣还不考试。我没做展示，考试周前认真写了5000+论文就满了～
55518,110,方明虎,2017-07-01 22:29:03,-11,2,13,简直是刷脸的课，我写了一篇很有意思的论文，花了很长时间，竟然只有3.3，感觉很不值\n\n
57704,110,方明虎,2017-07-12 15:46:00,1,1,0,通识课很有趣，但也可以水，给分好
57994,110,方明虎,2017-07-21 07:04:12,-2,1,3,通识课课水，给分乱给
61736,110,方明虎,2017-12-07 05:59:28,7,8,1,虎车\n\n虎力发电
62705,110,方明虎,2017-11-26 13:13:40,5,8,3,公邮上有往年卷子，还说你们刷题是做不到我的原题的，呵呵
63054,110,方明虎,2018-01-25 22:47:13,4,4,0,你一定要把ppt从头tei一遍\n\n
68300,110,方明虎,2018-01-23 02:52:20,0,0,0,老师真的很好，真的很好，求给过，真的很好，真的很好，求给过
68321,110,方明虎,2018-01-23 03:26:05,2,2,0,讲的好考的难。期末透心凉
68589,110,方明虎,2018-01-26 10:39:51,1,1,0,虎哥讲课真的很棒……平时一定要认真推ppt上的公式
69733,110,方明虎,2018-01-25 09:35:31,1,1,0,虎哥人真的很好很好很好\n\n结课了突然有点小遗憾
69863,110,方明虎,2018-01-25 14:21:57,0,0,0,虎哥讲课真的非常棒，就是自己太菜了
70002,110,方明虎,2018-01-26 02:31:56,-1,0,1,居居居居居然及格了\n\n虎哥真的好人..\n\n我都担心死了
70016,110,方明虎,2018-01-26 03:20:29,1,1,0,huge真的是超级棒的老师\n\n只是普物2确实难而且我也没用心学\n\n感谢huge不杀之恩！
70021,110,方明虎,2018-01-26 03:41:38,1,1,0,think big
70046,110,方明虎,2018-01-26 04:55:04,1,1,0,什么都不说了，谢不杀之恩
70061,110,方明虎,2018-01-26 05:15:41,3,3,0,huge给分一般啊，不过真的是极好的老师了。
70076,110,方明虎,2018-01-26 05:27:29,5,5,0,萌虎方方上课很好，给分看排名，期中卷子很难，适合物竞大佬选
70082,110,方明虎,2018-01-26 05:31:38,4,4,0,huge超可爱！！是我不好没把ppt推一遍…我知道huge调分已经尽全力了…QAQ爱你！祝虎哥早日拿下诺奖！
70512,110,方明虎,2018-01-27 00:04:12,5,6,1,现在知道高中为什么要学竞赛了
70535,110,方明虎,2018-01-27 00:59:48,2,2,0,一位有激情、有物理思维的老师！像一位斗士，想打倒一切伪科学！说一个谣言：“WiFi影响胎儿健康”kkk
73856,110,方明虎,2018-02-03 09:09:11,4,4,0,超级享受 讲得超级好 可以感受到物理学的力量 在虎哥的带领下建立起电磁学的大厦\n\n\n\n
73974,110,方明虎,2018-02-04 02:48:59,1,1,0,讲课富有激情，思路清晰，认真听课的话PPT都不难理解，喜欢讲一些当今物理前沿问题，考试较难，但给分好，认真学一定有很多收获
87767,110,方明虎,2018-10-12 01:23:31,3,3,0,讲课太好了吧～
88002,110,方明虎,2018-10-20 11:08:22,4,4,0,忍不住来评论。方老师太棒了！可以看的出来他是能看到理论后面的本质的老师，真的很喜欢。
91157,110,方明虎,2018-12-02 10:11:48,7,7,0,老师真的超级超级棒!自己太菜了，防止期中出分后影响心情提前来评论。
91470,110,方明虎,2018-12-11 05:47:25,4,4,0,方方超棒的！
92494,110,方明虎,2018-12-31 09:46:16,0,1,1,给了十分，但我觉得有时候听得不怎么明白？？
95978,110,方明虎,2019-01-20 10:03:24,7,7,0,电磁学讲的无敌好，量子力学今年开了个头，寒假有空自己推一遍咯
96293,110,方明虎,2019-01-20 16:38:01,10,11,1,huge！！求求别杀我！！别杀我呜呜呜呜呜呜  考后再来还愿
96401,110,方明虎,2019-01-21 02:26:17,6,6,0,huge上课讲的真的很有趣\(//∇//)\听课真的很开心 就是我太菜了 不能学好huge教的知识T^T就算挂科也依然爱萌虎～
96402,110,方明虎,2019-01-21 02:26:18,2,3,1,老师讲课真的清楚。\n\n自己太菜，挂科也是自己的问题\n\n超喜欢虎哥！
96407,110,方明虎,2019-01-21 02:30:16,-3,4,7,感觉不是给我们这种第一次学普物的人上的
96417,110,方明虎,2019-01-21 02:53:11,4,6,2,老师讲的还是很好的\n\n不过这试卷\n\n明年再来吧
98181,110,方明虎,2019-01-23 07:22:23,-35,6,41,来自一个高中没学过竞赛的菜鸡的参考：课上好多不懂，老师真的超强，所有的东西都要推导一遍，但是我真的是带不动型的。我期中不高（没到80），竞赛三等奖，期末前夜还在看球（已宣告放弃），期末后面两道大题都不太会。。。结果，竟然92！？所以，大家不必因为他题难而换课，huge的课，很值的，竞赛完全不白参加，高中没搞过竞赛的也不必担心。
98186,110,方明虎,2019-01-23 07:10:38,0,8,8,来大学之后遇到的最好的老师，每节课抢前排认真的听，听完分分钟想转物理系…真的学到了很多知识！考试虽然难但给调分，幸运遇到方老师的普物二。\n\nPS：要是别卡我94分4.8就更完美了
98195,110,方明虎,2019-01-23 07:27:23,6,8,2,huge是真的超级棒！当然这也阻止不了普物杀我！真实菜鸡表示只要学不会挂的，但想拿个看的过去的绩点还是要花比较多的时间的认真学的！
98241,110,方明虎,2019-01-23 08:39:29,9,11,2,高中没学过竞赛的表示：萌虎方方课上得很好给分也好（看排名&调分）。虽然之前听很多人说过题目难，但也只是一部分难，很多基础的分还是比较容易拿的。
98284,110,方明虎,2019-01-23 09:17:44,6,6,0,huge真的好老师 点名看有没有取作业本 只要认真听讲认真看ppt不会挂的
98531,110,方明虎,2019-01-23 14:32:58,17,17,0,来还愿了 后五道大题一道没写完，上了3，感激涕零\n\nhuge考试选择题填公式题已经站了50分，公式有35分，要好好背一下公式\n\n期中考前的东西完全不考！电磁学的考点完全从期中考后开始
98719,110,方明虎,2019-01-24 00:24:15,6,7,1,不说了，虎哥人太好了，就我这种物理水平没有挂我真的太感人了
99640,110,方明虎,2019-01-25 04:24:28,5,7,2,讲得最好的物理老师，没有之一！考前答疑问他题全部秒答，是真的有情怀的那种老师！\n\n我爱超导！
99656,110,方明虎,2019-01-25 04:34:00,20,21,1,这个要记住哦!回去要自己推哦!小心我考你!
103685,110,方明虎,2019-03-04 07:23:34,4,6,2,讲是真的好，题是真的难
109535,110,方明虎,2019-06-16 15:51:01,24,26,2,伟大的工程师们，你们要是搞个方程，让别人搞一百年，那你们就厉害了
126866,110,方明虎,2020-10-26 01:33:14,1,2,1,好老师不需要解释
130682,110,方明虎,2021-01-24 07:34:08,2,3,1,虎哥是我遇到的最有激情最棒的物理老师，知识点讲解的很透彻，答疑很负责认真，遇上他是我大学中的幸运，绝对给10分。只是考试太难了呜呜呜，希望虎哥救救俺呜呜。
130689,110,方明虎,2021-01-24 08:03:34,1,2,1,虎哥 我滴超人\n\n救救孩子吧救救孩子吧救救孩子吧
131633,110,方明虎,2021-01-28 08:51:50,2,3,1,聪明的脑袋瓜子们！
131688,110,方明虎,2021-01-28 12:23:56,0,5,5,大学第一门满分，特地来此表示感谢（因为没有群……）。上课很难让人听不进去。考试略难，如果物理实在太差慎选，不过有开根号×10，认真学了应该成绩也会不错的。（决定以后大考前去北高峰天线拜一下）
133192,110,方明虎,2021-02-16 04:28:14,-6,7,13,呵呵呵
135743,110,方明虎,2021-05-23 02:50:29,-32,9,41,每次过来，就记得给你打个差评
138302,110,方明虎,2021-07-08 11:51:13,-7,8,15,好久没来了，给个一分再走
139564,110,方明虎,2021-07-17 09:01:13,0,1,1,虎哥永远滴神！！！
144277,110,方明虎,2021-12-21 03:52:54,1,3,2,给我们班代过一次课，有幸一睹其讲课风采
146777,110,方明虎,2022-01-07 12:08:50,-1,1,2,呜呜呜先评论个10分，希望虎哥捞捞我
148259,110,方明虎,2022-01-12 03:50:07,-1,0,1,很有激情～
148261,110,方明虎,2022-01-12 03:52:40,0,1,1,虎哥永远滴神！！感谢海底捞感谢海底捞
148267,110,方明虎,2022-01-12 04:11:22,0,1,1,感谢虎哥捞我
148271,110,方明虎,2022-01-18 06:34:09,5,6,1,谢谢你 老虎
148305,110,方明虎,2022-01-12 06:05:24,0,1,1,虎哥yyds!\n\n虽然期末卷很难期中考试不理想，但是老师是可以看到你的努力的。\n\n感恩！
149071,110,方明虎,2022-01-14 09:37:16,0,1,1,虎哥y y d s
149290,110,方明虎,2022-01-15 03:55:55,1,3,2,我爱他，普物期末考考的好是可以覆盖期中的！
149661,110,方明虎,2022-01-16 09:40:47,4,13,9,我挂了，这应该是为数不多会挂人的普物老师了，虽然我学的也不怎么样，真诚建议物理不好的同学慎选，评分什么的都是假的，老师对倒数的几个人根本不捞，最后老师还在群里祝大家有美好的未来，可普物挂了被退院的我已经没有未来了呜呜
149694,110,方明虎,2022-01-16 12:00:50,4,6,2,方老师是大师级别的人物 今年来重修方老师的课 相比去年的懵懵懂懂上完一学期 今年有了不少的收获 平常非常关心学生 去找老师答疑 老师甚至会站起来跟我手舞足蹈地比划 生怕我听不懂 好好学 真的一定会有收获的 方老师不仅是学术上的大师 更是大学期间最难忘的一位老师 至于考试 确实很难 但虎哥的ppt 一定要推 一定要自己推！看懂的话一点用都没有！写到纸上 才是自己学会的东西
149746,110,方明虎,2022-01-16 15:57:03,2,3,1,老师讲得真的很好，但是我是fw。。。
152304,110,方明虎,2022-04-02 10:44:22,2,3,1,讲课真的很有激情😘😘😘
152545,110,方明虎,2022-04-17 13:28:35,-2,2,4,就这样
155154,110,方明虎,2022-06-09 01:47:28,1,2,1,虎哥的最后一节课，舍不得呜呜呜
155514,110,方明虎,2022-06-14 01:39:26,0,1,1,讲课很好，上课很有激情也很有条理，就是我自己容易犯困。。
155568,110,方明虎,2022-06-22 00:42:26,-16,2,18,电磁学满绩了哈哈
161251,110,方明虎,2022-11-02 08:02:48,0,1,1,下次让我被逮到
169076,110,方明虎,2023-02-24 08:24:33,11,11,0,吹牛能力物院第一
169399,110,方明虎,2023-02-26 03:15:09,3,4,1,虎哥太能捞了呜呜呜
169701,110,方明虎,2023-02-27 12:43:47,0,1,1,非常Nice的物理老师！
171603,110,方明虎,2023-03-30 01:03:51,2,2,0,课上的太好了，为师为人都是一级棒。上了大学以来第一次觉得听课是这么享受，真正学到了东西的。
175111,110,方明虎,2023-06-21 14:10:01,7,8,1,不是，热门的那几个评论为啥能发语音啊
175819,110,方明虎,2023-06-27 00:34:07,3,3,0,老师很好，是我太菜[朵朵表情-小丑]
175945,110,方明虎,2023-06-27 08:25:40,2,2,0,不多说，直接10，谢谢虎哥
176013,110,方明虎,2023-06-27 12:14:29,2,2,0,给分很好
176227,110,方明虎,2023-06-28 06:18:27,4,6,2,学识渊博，讲课风趣，从不点名，给分很好，人格魅力拉满，虎哥一百昏！
183906,110,方明虎,2023-12-03 12:20:28,11,11,0,老师上课很有趣，讲得也好。还经常拓展一些应用。他对超导材料是真的有热情，能有一项热爱的事物并一直研究下去，是非常理想的状态了。\n\n\n\n“你课上听懂了，但这不是你们的，回去自己推一遍就变成自己的了”\n\n“回去自己推一遍，小心我考你”\n\n“聪明的脑袋瓜转过来没有”\n\n“能源系的同学，未来的烧煤专家们”\n\n“热能是一种很垃圾的能源，我们要把它变成电”
185251,110,方明虎,2023-12-27 09:55:12,3,3,0,大家好，我是钱塘江，现在我旁边拉了一辆车，一群学生手牵手，我现在很方
188158,110,方明虎,2024-01-18 09:48:16,5,5,0,非常好的普物老师，期中考大题量压力，期末的题目也挺偏，四个大题两个算自感/互感系数.感觉考察不综合，不全面
188173,110,方明虎,2024-01-18 10:14:08,2,2,0,虎哥，伟大。
188970,110,方明虎,2024-01-21 02:28:58,0,1,1,讲课牛逼给分牛逼
189878,110,方明虎,2024-02-01 04:13:49,4,4,0,虽然这次期末题出的怪，但是感觉虎哥给分还是很捞的。主要还是虎哥的态度和热情令我印象深刻，他是少数能给我感受到研究的希望的老师。
190146,110,方明虎,2024-02-23 17:20:29,2,2,0,方老师给分很不错，“捞”的力度很大。他《普物》课讲解清晰，但课程内容量较大，进度较快；他经常点名，但主要以数字点名的形式为主；完成作业也不算轻松。期中和期末考试题目有一定挑战性，且可能覆盖非常规的考察方面；但最后给分老师基本上都能“海底捞”。谢谢方老师！
193172,110,方明虎,2024-06-04 07:14:25,0,0,0,超导我回来了～我们今天讲麦克斯韦方程组（扶眼镜）
193973,110,方明虎,2024-06-21 06:51:28,11,11,0,虎哥最爱：\n\n1.超导 super conductor\n\n2.出过一个...的高考题\n\n3.钇钡铜氧 YBa2Cu3Ox
195359,110,方明虎,2024-06-28 00:58:02,-17,2,19,虎哥上课很好，但是好像没有想象中捞啊😭感觉我学得也挺认真的，结果获得了大学第一个3.6
195392,110,方明虎,2024-06-28 02:49:19,0,0,0,上的电磁学（理科班），上课不点名。讲课很有激情。容易讲偏题，特别是对于一些发散性比较大的内容，但是谁又不喜欢上课跟着老师一起摸鱼呢。作业是英文题。期中期末卷子都是英文，本身难度不低，但是自我感觉考差了并不代表最终成绩不好，心态要放平，最后大多会捞的。
195415,110,方明虎,2024-06-28 03:51:47,0,0,0,感谢虎哥不杀之恩
195448,110,方明虎,2024-06-28 05:56:32,-14,2,16,感谢虎哥的满绩😭 😭
208306,110,方明虎,2024-12-26 15:24:30,2,2,0,期末考试前看完了去年智云，来给虎哥写查老师\n\n上的是普通物理学II(H)，非常好的上课体验，作为一个高中物理不是太好的同学，能够理解虎哥讲课的绝大部分内容，即使有不懂的地方下课问他也会非常好的解答，可能我们不会每个人都成为伟大的工程师或者找到一个让所有人玩的公式，但是在虎哥的课堂每个人都能感受到虎哥伟大，认真听课每个人都能在物理世界快乐的玩耍（）\n\n还是在期末考试前写了这些，期中考的很差，希望期末认真复习，好好考试，这可能确实是我们学习生涯最后一次接触物理学了……\n\n谢谢虎哥！
208561,110,方明虎,2024-12-29 12:26:42,0,0,0,老师讲的很好，上课思路很清晰，也喜欢讲一些题外话，比如钇钡铜氧和北高峰的天线。期中考试略难，及格率很低，但是分数不重要，rank最重要，期末还没考，希望虎哥捞捞，相信你会喜欢上虎哥的物理课的。
208893,110,方明虎,2025-01-03 07:30:44,0,1,1,无敌好老师，过去半年再回想还是觉得颇有感触
210604,110,方明虎,2025-01-09 11:58:52,2,2,0,直到冬学期虎哥不在请老师代课的时候才体会到虎哥讲的有多好，推导都尽可能讲得通俗易懂（比如说看智云补衍射那里用几何进行推导真的会很简单，但是用复数对我来说就不那么直观了），上课也会讲很多有意思的小故事。不知道是不是因为后半学期虎哥不在，期末考试卷子还是考了不少电磁学，小小警示后人不要把前面扔得太干净
212449,110,方明虎,2025-01-14 04:19:52,5,5,0,上课有数字点名，挂人比较少，据说每个班只挂5个人。讲课比较好但考试出题比较偏，全凭心情出题，考察也不全面。话说回来虎哥人还是很好的，给分中规中矩吧，不算给分很好。
212471,110,方明虎,2025-01-14 05:05:21,7,8,1,心碎了……老师很好，是我不好，期末考的还凑合但期中太炸裂了，最后出分也还是意料之外，情理之中的很低……一学期白忙活，躲过了专业课和工图的绞杀，栽到了这儿……物理，我恨！普物，我恨！
212485,110,方明虎,2025-01-14 05:43:07,3,3,0,唉 老师人很好但是这学期专业课实在太多 普物出来直接炸掉了 不知道是不是一次点名没到和物理竞赛没有加分的缘故 这辈子不会学物理了
212507,110,方明虎,2025-01-14 06:01:27,3,3,0,虽然但是，我的普物为什么这么低啊，啊啊啊，虎哥虎哥，说好的开根号乘十呢
212632,110,方明虎,2025-01-14 10:07:34,4,5,1,个人感觉可能不太适合真正学物理的人？虽然老师一直在抨击高中教育，但是似乎并没有像普物一外教班那样子真正考察到物理的本质？事情算是少的，给分中规中矩（也有人说很捞），可能比较适合物理不算好也不算差的同学选择
212750,110,方明虎,2025-01-15 00:38:21,-13,5,18,虎哥太好了!讲课非常非常有激情，而且讲的非常清楚，条理清晰。给分也相当相当好，我期中只考了61分，最后4.8的绩点!爱死了这老师!
212878,110,方明虎,2025-01-15 06:48:11,6,6,0,一点也不捞啊，普物成绩一出菌剂库库掉😭😭😭😭😭😭😭虽然老师课还是上的好的，但是真的不捞啊。这学期学的最认真的一节课收获了最惨烈的绩点😭😭😭😭😭😭
214754,110,方明虎,2025-02-17 10:45:38,0,1,1,讲的很好 但是考试相较于平行班难度比较大 尤其是期中考试 也不是很捞吧 基础不好慎选
219956,110,方明虎,2025-06-12 06:17:17,0,0,0,"看到今年这么多学弟学妹选虎哥，很有感触\n\n当时我们也是听说虎哥考试简单给分好，所以一股脑全部冲虎哥.虎哥上课十分有激情，课讲得也很好，确实是一位好老师.\n\n期中考试考完感觉自己炸的一批，发下来发现还有四五十分，虎哥原话:""考四十分以上的同学，你们应该为自己感到骄傲""\n\n期末好多人看历年卷以为不考电磁，结果大题全是电磁，所以还是要把整个学期的内容好好看一遍的\n\n量子力学基本就背薛定谔方程就好，什么一维定态\n\n光学也会考背书题，填空题要默写磨镜者公式"
4894,142,陈红雨,2015-06-30 06:52:00,14,35,21,大物实验简直水到爆炸
4903,142,陈红雨,2017-06-05 14:12:35,9,42,33,给分好
8405,142,陈红雨,2015-09-21 03:45:19,2,15,13,给分超级好
8930,142,陈红雨,2015-10-01 17:11:05,-2,6,8,和蔼可亲。
13767,142,陈红雨,2015-12-30 17:59:48,9,21,12,老师说话的感觉超爱，特别的和蔼，讲实验要求很清楚。
19043,142,陈红雨,2016-01-23 06:16:32,3,12,9,给分非常好，讲的也不错
19080,142,陈红雨,2016-01-23 08:16:28,-4,4,8,有趣，真的有趣。
19734,142,陈红雨,2016-01-25 07:50:15,-3,6,9,给分好，好老师
26830,142,陈红雨,2016-06-21 08:29:19,-28,3,31,给分很高（很水），只要基本要求内容都包括就随意给90、95
28168,142,陈红雨,2016-06-28 08:12:05,-96,8,104,她只上了节导论课。总之我最后大雾实验4.5
29498,142,陈红雨,2017-01-14 11:18:51,23,34,11,感觉给分瞎给 好低啊拉绩点
29517,142,陈红雨,2016-06-30 02:11:19,23,29,6,给分太低！巨拉绩点！
29521,142,陈红雨,2016-06-30 02:18:36,3,6,3,我从来就没见过她，也不知道分是怎么打的，也就那样
29602,142,陈红雨,2016-06-30 04:39:38,23,29,6,不怎么样，巨拉绩点
29778,142,陈红雨,2016-06-30 10:01:37,1,4,3,从来没见过。。。
29813,142,陈红雨,2016-06-30 10:51:10,42,53,11,大物实验选小实验的时候一定要选对老师，有的老师最高分就是90。
29857,142,陈红雨,2017-09-22 01:57:02,8,17,9,普物实验1一定要选好老师，有些老师最高90，有些老师给分基本不下90。最后考试也比较重要。最后分数普遍比较低
35002,142,陈红雨,2016-10-28 17:10:06,-1,0,1,。。。
35665,142,陈红雨,2016-11-10 07:41:05,-4,1,5,好啊啊啊
40171,142,陈红雨,2016-12-29 15:58:42,1,5,4,反正大物实验课程实验分数最高的几次都是她给的。
42575,142,陈红雨,2017-01-14 13:18:05,-5,1,6,给分不错的老师，挺萌哒
42576,142,陈红雨,2017-01-14 13:18:30,3,4,1,认真负责，实验给分挺好，考试题目出乎意料，导致总体分不高
42831,142,陈红雨,2017-01-15 08:52:54,8,15,7,大物实验只看有效位数，注意有效位数就可以拿95了
45484,142,陈红雨,2017-01-19 15:18:01,6,7,1,老师很和蔼。不过大物实验最后的考试还是挺迷的。。
45564,142,陈红雨,2017-01-19 22:43:30,7,10,3,感觉最后实验考试答得还行但是为什么总评被拉了这么多…
45597,142,陈红雨,2017-01-20 00:14:14,7,10,3,期末给分好差啊。平时报告都有90+的，期末总评才80，难道是因为期末考？？？
45669,142,陈红雨,2017-01-20 02:28:12,8,10,2,不是很懂物理实验网的留言板有什么用。反映了之后还是没有给我一份实验报告的成绩。实验报告全都交了。而有一份丢了没分。然后绩点就m9( ｀д´ )!!!!生气啊生气。哼！
45765,142,陈红雨,2017-01-20 04:59:09,15,21,6,简直气炸，14次实验平均90分，总评居然这么低！！
46832,142,陈红雨,2019-01-17 11:46:26,25,31,6,单纯评价大物实验这门课，由于老师是代表，所以包涵一下。大物实验平时的实验有90分，但结果只有80+，期末考拉分那么严重么，真不知道这样的评分有什么意义
47500,142,陈红雨,2017-01-28 07:41:07,7,7,0,我认为我期末卷子不会扣太多分，最后给我79，真是可以
49256,142,陈红雨,2017-03-31 05:12:55,78,101,23,由于查老师上没有，我只好在这说：不要选肖维文！！！
52281,142,陈红雨,2017-06-17 10:46:33,9,14,5,恕我直言，选了课没见过人
54031,142,陈红雨,2017-06-28 09:13:34,1,3,2,普物实验的期末考简直了... ...
54133,142,陈红雨,2017-06-28 13:55:24,11,12,1,千万不要选陶潜
54245,142,陈红雨,2017-06-29 01:27:09,2,4,2,普物实验一定要这么搞吗？难受，大家都高一点不是皆大欢喜吗
54305,142,陈红雨,2017-06-29 04:44:05,7,7,0,别选陶前
54820,142,陈红雨,2017-06-30 09:09:26,-3,1,4,不错哦
60393,142,陈红雨,2017-10-19 03:14:18,-2,7,9,老师自己带的实验给分很好的，认真做认真写实验报告就好
60638,142,陈红雨,2018-01-25 07:07:25,-1,6,7,
60711,142,陈红雨,2017-11-09 01:44:21,1,7,6,每次去拿实验报告的时候都超级亲切啊啊啊，每次都会帮我分析问题很关心学生！老师很温柔，讲的很仔细，问她问题或者对实验报告分数有疑问都很认真的回答，第一次分不太高但请教她之后学到了很多自己没有注意到的地方。给分不会乱给，你写的好老师自然会给你高分
63425,142,陈红雨,2019-09-12 08:30:46,252,279,27,章林溪一定要画表格给分好会给100会批思考题和实验器材 张建华讲解详细要求手绘图像但给分好 朱蕾迷迷糊糊报告感觉随便批的但给分都还不错基本90+ 房若宇会把操作都演示一遍认真点给分都还好 杨波批得仔细给分看个人尽量把她的实验放后面等比较会处理数据了再做她的实验分数应该会好一点 仇志勇年轻有点凶据说会骂人给分都不太好没什么人90以上 陶前张寒洁没选翻报告的时候看了看给分都不太好 \n\n但最后给我分数最低的是杨波 两次89 和别人一样的数据处理有效位数结果批得都不一样 感觉错的有点冤\n\n以上都是个人观点请选择性参考 毕竟查老师只是辅助工具很多都是片面印象自己亲身体会时可能会得到不同的印象（当然也是片面的）从这个学期上的课来看查老师真的看看就好了不必太过介怀\n\n
63758,142,陈红雨,2017-12-14 05:53:27,3,3,0,***
63818,142,陈红雨,2017-12-15 11:14:59,2,8,6,给分杀，巨低巨低，大物实验最低的一个就是这老师的了，一定要当心，这老师有毒。
65088,142,陈红雨,2018-01-26 01:16:07,9,11,2,的确感觉期末考蛮迷的
65618,142,陈红雨,2018-01-26 13:12:15,32,36,4,想问一下楼下那位说考试都是原题的同学，题库或者试卷哪里找的呀？方便告诉一下吗？感觉考的都没怎么复习到
66106,142,陈红雨,2018-01-11 23:58:37,-5,1,6,温柔和善的女老师，讲课细致^_^
66155,142,陈红雨,2018-01-12 07:41:05,-8,3,11,会随意瞟几眼实验预习报告，个人感觉讲得有条不紊比较详细，认真写报告最后她的三次实验平均96，我觉得很不错的
67610,142,陈红雨,2018-01-22 00:28:47,6,6,0,期末考凉凉。
69587,142,陈红雨,2018-01-25 04:28:57,11,11,0,期末考试真的迷
69591,142,陈红雨,2018-01-25 04:40:08,86,110,24,学弟学妹们注意了，大物实验大家平时分都差不多，分数还是看期末考！期末考主要考绪论，和必做实验，但是比文印店的卷子要难！2018.1.25
69685,142,陈红雨,2018-01-25 08:09:33,45,47,2,难不成我期末考了20分？
70004,142,陈红雨,2018-02-08 13:32:44,33,39,6,垃圾课，巨拉绩点，巨水
70012,142,陈红雨,2018-01-26 03:05:04,23,30,7,算了一下。我只有考试得65分才会拿3.9。然而考试都是原题，想知道考试怎么给分的。1分
70019,142,陈红雨,2018-01-26 03:30:32,20,25,5,期末考了50分？wqnmd
70020,142,陈红雨,2018-01-26 03:38:19,59,68,9,？？？？我期末考是交了白卷？？？？
70023,142,陈红雨,2018-01-26 03:56:22,68,84,16,平时勤勤恳恳写实验报告，努力把平时分拉到93+，那算了问下期末考您是给了我神头鬼脸的53哦，期末考难道占70%？真是谢谢您了 敲里抹，这么不注重平时又乐于调分那么教条大家干脆不要做实验好了啊，敲里抹。
70026,142,陈红雨,2018-01-26 03:57:48,32,34,2,大物最后期末60才能得到3.9 emmmmm 难道我期末刚及格吗???
70040,142,陈红雨,2018-01-26 04:49:25,27,29,2,脸上笑嘻嘻，心里***，平时实验均分90，最后结果75，我期末是拿脚写的卷子吗就给我四十分不到，反正我是不信的，大物实验真是最玄幻的实验课了，之前大化G期末考试给分很有谱的。
70043,142,陈红雨,2018-01-26 04:53:00,15,16,1,平时均分90加，难道我期末考还能不到50？怎么给的分
70052,142,陈红雨,2018-01-26 05:00:50,10,11,1,我想说周一班和周五班实验平均分可以差五六分吧?
70086,142,陈红雨,2018-01-26 05:35:18,8,8,0,期末考四十分???
70094,142,陈红雨,2019-01-10 11:12:03,-82,2,84,我上四啦，开心～
70097,142,陈红雨,2018-01-26 05:52:09,31,31,0,我怀疑老师把我期末卷子弄丢了然后随便给我打了一个分。
70103,142,陈红雨,2018-01-26 06:08:27,14,16,2,期末怎么只有40分？！！真是给分成迷！！！
70117,142,陈红雨,2018-01-26 06:38:49,50,54,4,平时成绩93，认认真真做实验的，期末总评告诉我卷面60？这个实验的意义在哪？我认为这么多人有意见，不应该只在查老师里抱怨，大家应该联合起来表明疑问，把分数明明白白的算清楚，让我们看到卷子也好知道怎么考的60分吧。我已经发邮件了，老师联系方式实验网站上有，这个事情不解决不知道还要害多少人
70122,142,陈红雨,2019-05-30 03:42:26,124,146,22,浙大二大玄课:大物实验，工训
70123,142,陈红雨,2018-01-26 06:47:50,18,18,0,我大物实验理论连50分都没有？？？真是惊了……成功拉低了我的绩点……看来平时实验都没用，最后占30%的理论考才是重点？？？
70152,142,陈红雨,2018-01-26 08:42:13,3,3,0,或许只能怪自己当初没有退了大物实验这门课吧
70156,142,陈红雨,2018-01-26 08:07:36,3,4,1,吃屎的体验
70204,142,陈红雨,2018-01-26 08:36:46,9,9,0,巧了 我期末看来也才40几分 没想到评论里大家都这样……
70221,142,陈红雨,2018-01-26 08:59:25,23,24,1,我说我工训比大物实验高，你信吗
70240,142,陈红雨,2018-01-26 09:24:57,5,6,1,平时成绩92，最后总评下4，不是很懂这门课的意义，理论部分只上过一节课，最后的重点却全是理论。
70328,142,陈红雨,2018-01-26 12:48:19,1,2,1,强烈建议土木的同学退课，平时做得再好期末考都会调你的分数的
70438,142,陈红雨,2018-02-01 06:05:01,3,3,0,选了他两节课，却没见过真人
70530,142,陈红雨,2018-01-27 00:50:56,13,14,1,大雾试验确实还是挺麻烦的课 文印店的假卷子害人无数啊
70989,142,陈红雨,2018-01-28 01:31:01,16,17,1,大物实验千万不要相信文印店的卷子，会把你坑的很惨
71088,142,陈红雨,2018-01-28 02:47:32,2,2,0,给分迷
71103,142,陈红雨,2018-01-28 03:01:03,-43,3,46,平时93左右，总评上四，算了一下期末考70+，感觉和我自己估算的差不多。
71742,142,陈红雨,2018-01-29 02:23:05,-7,5,12,客观的讲，实验给分还是不错的，正常写基本95+，老师人也挺好，大概就是这门课本身比较玄学吧，没什么评分标准也没有过程成绩，最后成绩也不能全怪老师呀，错的是这个世界呀。给10分。看什么看我就3（逃
72049,142,陈红雨,2018-01-29 09:02:33,2,3,1,老实讲平时分大家都挺好的，老师也很和蔼，期末考试是怎么回事我也不知道，怎么也不至于都这么低，我想想填空题计算题加最后一个建议题随便算算也不会只有五十分。但是期末考老师一起改卷是谁给的分数也不知道，出了成绩后发邮件问陈老师，老师只是给我看了成绩表中我自己那一栏的截图，但就算看到截图我还是不知道期末考为什么这么低啊！看卷面才有用啊！当初想想让老师为我一个人翻那么多试卷有些为难就没追问，现在看到那么多人相同的遭遇绝对该要求看卷面的！这种情况就算是正态分布这μ也太低了吧！以前上的同学告诉我都是水水过？（况且我并没水啊）不上四是不正常的？exm？问号脸？？？
72058,142,陈红雨,2018-01-29 09:14:59,32,35,3,亲眼见证评分从7.7降到5.7 ，其实陈老师还是很棒哒，不满的只是大物实验课的考试。。。。
72325,142,陈红雨,2018-01-30 02:04:44,7,7,0,辛辛苦苦做报告，一考回到解放前
72352,142,陈红雨,2018-06-10 15:22:16,3,4,1,傻逼无疑
72694,142,陈红雨,2018-01-31 01:57:33,0,8,8,其实我觉得是卷子挺难的原因啊……而且没啥送分题，考50分也很正常啊。然后大家都是这样的，没必要喷老师。你自己不知道，可能好几道大题做错了，然后老师可能扣分也没留情就这样了。我问了圈，身边最高的4.5，确实考的好的期末也只有70多分
72850,142,陈红雨,2018-01-31 07:56:51,1,2,1,cnmua
73644,142,陈红雨,2018-02-02 09:02:36,-6,4,10,陈红雨老师报告给分还不错，实验讲得也很细。
74167,142,陈红雨,2018-02-06 03:04:10,10,13,3,为什么总有人在给分差的老师这里秀绩点
77169,142,陈红雨,2018-05-03 09:22:27,1,9,8,什么鬼？？？？认认真真写了五个小时的实验报告给了85？？？？？
79311,142,陈红雨,2018-05-30 17:03:16,0,1,1,给分好
79384,142,陈红雨,2018-06-02 10:54:09,13,13,0,强推包仁杰
79652,142,陈红雨,2018-06-12 10:02:44,1,3,2,表白包仁杰 嘻嘻
80833,142,陈红雨,2018-07-01 15:36:45,1,10,9,听我一句劝，千万别选房若宇，和谐老师，无话可说，和谐。
81003,142,陈红雨,2019-02-01 16:09:13,-2,8,10,吐槽一下物理实验：\n\n普物实验1考试真的心烦，示波器考我们完全来龙去脉，我们都好久之前做的！？最后一点分也不调，结果周围一圈人不是85就是86，结果我85；普物实验2不考试，就是一片高分，选了小课题，结果95。吐槽一下预习报告的抄书，真的意义不大，我们来大学就是练习抄书的吗？重点表扬小课题，明显更加高效（没有手抄），而且感觉研究价值更大，推荐。
81740,142,陈红雨,2018-07-06 04:51:44,22,25,3,本次普物实验考中有一个填空题是【μ-2σ，μ+2σ】之间的概率，最后本次成绩成功的符合了该正态分布 ，只不过上界是3.9罢了。
82327,142,陈红雨,2018-07-08 01:41:34,0,1,1,大物实验丙主要看小实验的老师，有些老师给分很差，有些给分很好。另外大物实验丙没有考试。
82429,142,陈红雨,2018-07-08 07:22:57,5,8,3,大物实验一定要选好老师吖，张建华如果认真写报告的话给分还是很好的。金敏也不错，不过如果出点错直接就90了，然后会就被卡绩了，血的教训！！只差0.2就上上一档了。陈红雨给分还是很好的。潘伯良认真写报告的话给分也很好。王立刚给分也很好，并且交流电的功率因数这个实验真的非常简单，可以选一下。
84615,142,陈红雨,2018-07-13 10:27:43,6,6,0,陈红雨老师讲课还是很棒的
88096,142,陈红雨,2018-10-22 06:58:24,3,4,1,不要选毛若松 最高分还赶不上别人的平均分
88119,142,陈红雨,2018-10-22 11:56:20,18,24,6,防火防盗房若宇
88127,142,陈红雨,2018-10-23 00:02:55,13,13,0,乔玉龙巨坑，分低，表面笑嘻嘻
88191,142,陈红雨,2018-10-23 16:30:43,5,5,0,董晓菲给分什么情况？？？？？？
88424,142,陈红雨,2018-10-30 14:23:14,4,6,2,乔玉龙给分是真的低
88785,142,陈红雨,2019-03-01 06:48:06,46,48,2,查老师上没有，但我还是要前排表白苏玉国老师，人可爱给分还好
89142,142,陈红雨,2018-11-16 04:58:09,0,1,1,很好很和蔼的老师
90954,142,陈红雨,2018-11-28 04:10:30,10,13,3,胡畅选不得！！！
91255,142,陈红雨,2018-12-04 10:01:47,-6,2,8,别选陈红雨的任何实验，最低两次都是她的。
91403,142,陈红雨,2018-12-08 16:11:12,1,1,0,他给分没准。随缘。（水溶液表面张力思考题不知道在哪里？）
91452,142,陈红雨,2018-12-10 14:39:03,7,8,1,为什么选了张宇三次实验85.86.85？？？
91801,142,陈红雨,2018-12-20 12:12:12,-2,3,5,不好意思 我吴行健满了
92215,142,陈红雨,2019-01-25 06:42:38,8,17,9,说实话，今年期末考真的不难，我身边甚至有满绩的
92478,142,陈红雨,2018-12-30 05:22:41,0,0,0,唉。。。
92921,142,陈红雨,2019-01-05 16:11:05,2,2,0,刚打错了，是没有85+的，好老师真的hin重要
92983,142,陈红雨,2019-01-06 13:50:00,8,8,0,emmmm慎选王立刚，这老师把我实验报告的均分从90拉到87，希望后面的同学避坑（反正他的实验分数都不到85，佛了）
92990,142,陈红雨,2019-01-06 15:50:51,1,5,4,大物实验最好的一个老师哦٩( 'ω' )و ，潘佰（伯）良老师给分超好，我的三个实验都选了他的，分别98，95，98。欢迎大家踊跃选他的实验。选拨凉，分拔凉！
93330,142,陈红雨,2019-09-08 23:59:18,115,136,21,这就是浙大某些学生的日常吗？网上小测几个人一起“合作”；实验报告相约去东四把别人的报告一一“欣赏”，然后把“满意”的报告从头到尾拍下来，然后若无其事的走了；通识课说好每人发言一次，结果就是有人霸占讲台……这样的学校让我有些失望和迷茫
93448,142,陈红雨,2019-01-09 16:40:20,0,0,0,...
93719,142,陈红雨,2019-01-12 10:42:29,1,5,4,乔玉龙神坑实锤。另外再举报个张寒洁，也是奇坑无比。这两个人尽量别选，上课体验差而且给分巨低。
94598,142,陈红雨,2019-01-17 10:02:16,0,0,0,帮帮帮
94632,142,陈红雨,2019-01-17 12:55:39,-2,2,4,除了乔玉龙的，我所有实验都是90多，他给了我一个82(ಥ_ಥ)
94805,142,陈红雨,2019-01-18 08:14:06,5,5,0,不说这个老师。周一下午黄凯凯老师还是很不错的，实验内容简单，老师人好，给分又高，力推。
94877,142,陈红雨,2019-01-18 11:50:31,3,8,5,周二下午，说一下我的给分情况供参考\n\n俞莹91，94；王宗利97，98，董晓菲86，90，95；陈红雨84；李建民95；陈泽升96；张俊香98，96，100王从健95；不得不说老师给分差距确实挺大的……
95474,142,陈红雨,2019-01-19 12:36:39,2,2,0,陈红雨老师上课很耐心，是个好老师
95526,142,陈红雨,2019-01-19 14:08:07,4,5,1,李锐波，我是服了，给分天才
95798,142,陈红雨,2019-01-24 03:29:17,1,2,1,二大玄学 名不虚传
95962,142,陈红雨,2019-01-20 09:36:46,1,2,1,其他13个实验均分92+，最低88，胡畅那个实验70，我枯了一个实验拉低平均2分
96634,142,陈红雨,2019-01-21 08:19:04,5,8,3,碰到张俊香一定要选啊 我室友选了三个她的实验一个99两个100 羡慕哭了
98395,142,陈红雨,2019-01-23 11:52:38,3,4,1,周四班给分好的老师：苏玉国（真的牛逼，在他手里几乎没有97以下的），李锐波和陈水桥基本能95以上\n\n给分一般或者坑：熊龙（要求比较高，但好好写还是可以拿很高的分），张宇（巨坑，几乎不会给90以上）
98881,142,陈红雨,2019-01-24 04:30:32,2,3,1,无语了，果然神课。那么认真复习，最后给我总评这么低...
98946,142,陈红雨,2019-01-24 05:31:38,4,4,0,光学慎选
98951,142,陈红雨,2019-01-24 05:39:15,2,2,0,什么鬼
98957,142,陈红雨,2019-01-24 05:56:20,2,3,1,什么垃圾课
98962,142,陈红雨,2019-01-24 05:59:20,-12,3,15,这学期给分是不是变好了很多啊，不过卡绩了还是有点难受。emmm
98973,142,陈红雨,2019-01-24 06:05:20,1,2,1,垃圾课程，垃圾老师
98977,142,陈红雨,2019-01-24 06:11:52,1,2,1,给分好很多?好尼玛呢
98984,142,陈红雨,2019-01-24 06:23:23,3,5,2,大物实验纯绩杀，实验给分莫名其妙，期末考试决定绩点。别选王鲲张寒洁?
99007,142,陈红雨,2019-01-24 06:48:08,9,12,3,平时实验分均分95+，最后3.6……真的服
99009,142,陈红雨,2019-01-24 06:55:26,2,3,1,大部分老师还是不错的 但千万不要选毛若松 不要选毛若松 不要选毛若松 其他所有报告都90了 他的三个平均分85 十分十分扣的 实验前讲的不清楚 做实验问他问题还很不耐烦 空气密度实验要调节分析天平 我没怎么听懂 问他怎么读数怎么调节 他跟我说旋钮就在天平上面 照着读啊 what？？？
99011,142,陈红雨,2019-01-24 06:58:27,1,3,2,不好意思 我平时实验分93  期末总评77  笑了\n\n 我理论考试闭着眼睛写的
99034,142,陈红雨,2019-01-24 07:25:32,4,5,1,周四上午：苏玉国给分超好(迷上了)，一次97一次96，还有水桥给分也很好，李锐波一般般，张宇的实验最好别选，特别是那个两个实验一起做的报告写起来极其恶心，潘伯良很好但千万别选他的碰撞试验，一翻报告全是80多，熊龙要求高，认真写成绩也可以有好成绩，至于詹丽瑶，自求多福吧。
99042,142,陈红雨,2019-01-24 07:36:29,3,4,1,刷平时分有用吗
99052,142,陈红雨,2019-01-24 07:55:24,7,9,2,周一上午班：不要选陶前和张寒洁，这俩满分90。
99066,142,陈红雨,2019-01-24 08:16:32,15,17,2,陶前讲的很好，但是给分确实不高。张寒洁虽然讲的不好，但是给分比陶前还差。
99131,142,陈红雨,2019-01-24 12:14:17,-20,7,27,张俊香老师的实验超赞，实验简单给分好，稍微认真一点就100了，随随便便就98，这还不选？最后混了个4.8，嘻嘻。
99469,142,陈红雨,2019-01-25 00:29:45,3,5,2,看这分数我期末怕不是没考=_=
99499,142,陈红雨,2019-01-25 01:17:54,4,6,2,说句实话，感觉今年均绩比往年要高一些了。身边还是不少4.5，4.2的。虽然3.9  3.3也很多
99521,142,陈红雨,2019-01-25 01:58:02,2,3,1,什么傻逼课程
99682,142,陈红雨,2019-01-25 04:55:30,3,3,0,随缘了吧，这题目就是神经刀，拿什么绩点看碰到什么样的题吧
99719,142,陈红雨,2019-01-25 05:43:31,2,4,2,88卡了
99723,142,陈红雨,2019-01-25 05:52:52,-3,1,4,今年的期末考卷前面真的有很多和历年重复的 我做了一部分并且网上搜了答案 最后4.2\n\n期末没做14-16的卷子的可能会很难受 填空题容易一头雾水
99743,142,陈红雨,2019-01-25 06:16:13,0,1,1,我可能期末考考了44分?
99754,142,陈红雨,2019-01-25 06:27:35,2,4,2,实验平均93.7多，总评76，我理论是考了30分？？辛辛苦苦坐了两个小时是在干嘛
99755,142,陈红雨,2019-02-26 02:29:00,-119,1,120,4.5的满足！虽然还是拉低了均绩
99767,142,陈红雨,2019-01-25 06:45:56,0,0,0,看完大家的评论我就不难过了～
99842,142,陈红雨,2019-01-25 08:17:18,4,5,1,为什么期末占比那么大？？？十四个实验报告一点五分的课还不够么？
100024,142,陈红雨,2019-01-25 12:53:42,3,3,0,这门课安排确实有一些不合理 平时实验报告根本赶不上期末一道选择题 我算了一下我期末考了77分 还算预料之中 总之虽然卡绩 我也算满足了
100077,142,陈红雨,2019-01-25 13:49:03,11,12,1,大物实验周一下午班，选课完全乱选，没有查过老师，后来有点了解后发现自己选了三个张寒洁两个陶前ssfd，大一萌新写实验报告一度自闭。不过14个实验14份报告以及期末考都过去之后的现在，觉得也还好。如果想要高分的话，建议去翻你选的这个老师改过的报告，看一看ta怎么扣分，有哪些东西会仔细看的，写的时候休注意一下。张寒洁貌似最高只有92，误差控制在10%以内基本可以得90-92，个人觉得讲的还可以？；陶前的实验报告不知道去哪里找，所以他的要求也不清楚，老师是真的温柔讲的仔细声音好听有点帅，然而分数是比较低的，我两次分别是85和90；蔡寿福会给你讲他报告的要求，然后会有依据地扣分，按他的要求写、用origin作图会有高分；张建华普遍90-95；李逍迪人好讲的仔细，报告翻一翻都是96-98的；胡畅看数据处理非常仔细，报告上批的成绩普遍低，但录进去的时候貌似会加一些，或者某个地方写的好也会相应加分。最后的理论考，考绪论和必做实验，看往年的题貌似每个部分最前面的基础知识也会涉及，然后选择题有两个正确也是只要选一个就好。听大家说今年题目简单了许多，而我并没觉得……14次实验平均92，最后4.2，也比较满意啦。
100261,142,陈红雨,2019-01-26 01:23:08,15,20,5,打破玄学的我来写个长评。平时只有91，只有一次报告我只有70，房若宇老师的。其它都90以上了。但是我另外两次她的实验给分都不错，所以也不能怪老师，应该是我没听清要求。选课也是随便瞎选，其实发现老师都差不多。最后考前，我把大物实验历年卷做了一遍，然后把课本的绪论和两个必做实验背了好几遍，搞到晚上三点。第二天选择题填空题只有两个不会，很多历年卷的原题。最后大题第一题和第三题都是做过的，第二题的话，我用的取对数描点作图发现是直线，然后线性回归方程，最小二乘法求斜率做的。很多同学是猜想，感觉猜想出的关系应该没有给分，所以可能很多同学怀疑自己得分被黑了。\n\n最后4.5，算是打破玄学了吧。但是我觉得我配的上这个分。确实平时分给分对结果影响不大，但是考试是实打实的影响。制度确实该喷，实验课考试确实不应该占比太大，但是三七开也算可以了吧，不要为自己的不重视找借口，得分不高，先想想自己的问题，不要戾气那么重。自己也有一些课不好，比如创业基础，虽然制度不太合理，但是总有人4.5。你可能会说，这门课没什么用，但是如果你拿了很高的分数，也会为自己的利益辩驳。
100427,142,陈红雨,2019-02-28 13:33:35,-74,1,75,平时十四次实验均分95，期末除了大题第二题不太会外，其余全会，不知为什么只有4.5而且卡绩，有点难受。
101973,142,陈红雨,2019-01-30 01:42:51,7,14,7,下面的，第二个大题都不会你在这装个屁的b，那么简单，废柴。
102114,142,陈红雨,2019-04-19 02:12:30,-19,3,22,那个4.5还是拉低均绩的有那么一点点危险呀。毕竟强如此的人很少，又知是何时上的课。算了，智商不够生气也没用，膜拜大佬了。希望大家不要因为我没骨气的妥协而踩我吧?
102182,142,陈红雨,2019-01-31 06:18:40,-34,0,34,平时实验平均分95，最后总评也是95，不知道考试的成绩到底算不算数
102523,142,陈红雨,2019-02-04 08:49:44,23,27,4,真的各位对老师忿忿不平的同学我求求你们不要以为自己期末考很高好吗？因为室友报告分数没有录进去我去老师那里补分的时候无意中瞅了一眼大家的期末考成绩，平均分六七十啊！最低的二三十也不是没有的但是八九十的也不少啊，人家就不抱怨老师啊。本人虽然总评挺看得来的但是完全平时分拉分期末考一查分居然只有六十啊【抱头痛哭】我也以为自己考的挺好的哇，结果后来研究了一下卷子确实是点子都没答到。这个期末考考的还是挺细的，大题尤其注重物理学思想和数据处理，建议书上有的数据处理方法都去顺一遍，然后小题考的就是绪论和必考实验偏多了，把重点背一下就好。最后！成绩出来前一定要去看一眼自己的平时报告分！最后一周的分数查询是全开放的，可能会出现老师漏登了你成绩的情况，一定要及时去反应！好了，我只能帮到这了，各位学弟学妹珍重哇(´•௰• ` )
102668,142,陈红雨,2019-02-18 15:00:02,2,3,1,周四下午的孩子一定不要选陈星的实验，，，满分只有90是一种什么样的体验?你自己看着办。
104833,142,陈红雨,2019-03-28 13:13:29,2,6,4,感觉房若宇老师的实验给分不太好～
105527,142,陈红雨,2019-04-16 05:06:41,12,13,1,拍照就算了为什么要拿走我的报告…
105830,142,陈红雨,2019-04-21 14:01:30,9,13,4,那啥，房若宇真的是大坑，我求你们看待谭明秋一样看待这个老师，否则你要是想着查老师里面查不到就相信她你就完了
106469,142,陈红雨,2019-09-10 07:35:28,-41,6,47,我是ikun，考试之前约kunkun打了场球，竟然就满了，真呀么真神了！
106847,142,陈红雨,2019-04-30 04:55:50,3,4,1,平时成绩93 期末40多分?
108454,142,陈红雨,2019-05-24 14:48:34,5,9,4,没上过他的课，就是想评一下房若宇。\n\n绩杀。\n\n认真写的实验报告（组装整流器），给了58分。问她问题会被怼不认真听讲，学生实验没做完自己先走了mmp就想问她几个意思
108462,142,陈红雨,2019-06-25 04:30:43,-18,3,21,考前拜从未谋面的陈老师
108902,142,陈红雨,2019-06-04 01:59:46,2,3,1,亲眼看着这老师从7.7分掉下来哈哈哈
108996,142,陈红雨,2019-06-05 07:14:04,4,9,5,千万别选房若宇！！！！！
110635,142,陈红雨,2019-06-28 06:58:00,3,10,7,3.3是什么鬼，哦，原来我期末考了49分啊，那我给您5分吧
110637,142,陈红雨,2020-02-25 03:32:44,-110,6,116,楼下那位确实太低了，着实有点菜，还是要继续努力呀，以及感谢陈老师的满绩。
110644,142,陈红雨,2019-07-06 16:00:29,7,10,3,大物实验，平时实验报告推荐当天写完，记得清楚分才高，亲测陶前95分。推荐王宗利和刘才明，认真写可以打到100。期末考试崩盘会比较悲剧，文印店试题无答案，考点少因此考得细，绪论要记清楚，公式背好（这次考了均匀分布的标准差……？）。最后有一个设计实验题，这次是给一个检流计两个电阻箱两个开关两个电源，测两个电源电动势的比值，个人做得比较痛苦，仅供参考。
110761,142,陈红雨,2019-07-08 10:54:34,6,10,4,不是这个题有两个电源两个回路嘛 肯定需要两个开关啊 要不然不是一直通着电嘛
110869,142,陈红雨,2019-06-28 12:16:32,1,3,2,呵呵呵呵呵呵
110996,142,陈红雨,2019-06-29 04:24:18,0,3,3,收获很多，谢谢物理系各位可爱的老师w
111320,142,陈红雨,2019-07-01 02:33:35,2,4,2,nmd wsm
112371,142,陈红雨,2019-07-04 03:09:42,3,3,0,普物实验平时算下来93+，结果总评70+，期末考试这么猥琐的吗，好吧我承认我没有好好考试
113517,142,陈红雨,2019-07-08 13:22:01,2,2,0,好的，明白了?
114747,142,陈红雨,2019-07-11 09:10:40,1,1,0,以下评价仅针对普通物理实验I，不针对老师。这门课非常费时，每周大概需要一天，因此是性价比最低的课之一，期末考试使实验基本上失去了意义。建议：认真选课，趁早选课，重视考试。
114768,142,陈红雨,2019-07-11 12:06:39,1,4,3,老师是物理实验中心的负责人，所以所有的实验课老师写的都是他，当然，好像我没有被他实际教学过，但是上完整个实验课程，我觉得好像还是不错的，所以就给老师来拉一下分
115475,142,陈红雨,2019-07-27 01:48:29,-3,0,3,
116686,142,陈红雨,2019-09-13 07:32:56,1,2,1,傻逼玩意
116782,142,陈红雨,2019-09-15 23:38:18,0,0,0,还可以
117765,142,陈红雨,2019-09-30 11:59:35,1,1,0,问下有没有选到唐启承分光计的，上课什么都没讲最后给分巨巨巨巨巨巨巨巨巨低，低过70\n\n可以请问下你有讲任何有关数据处理的东西么？如果有讲没听到我闭嘴，但至少我问过很多同学，他们也都不知道情况到底是怎样，那请问你扣这分有何居心，误差我不管了反正我真不会写，但数据处理直接写个没有我真的不能接受，不能！
118146,142,陈红雨,2019-10-21 18:43:00,9,9,0,裴健成强推~老师超好给分也很高
118726,142,陈红雨,2019-10-31 08:10:44,1,1,0,10分送给乔磊老师！！！！！！！！我是周日下午的实验，乔磊老师又帅又温柔啊！！！！！！啊啊啊啊啊啊啊 特别自信耐心，最后我做的特别晚 就一直在边上指导，特别温柔！！！！！！！！ \n\n一定要选
118941,142,陈红雨,2019-11-08 05:35:36,7,8,1,房若宇也太坑勒！！
119306,142,陈红雨,2019-11-12 04:07:59,6,7,1,房若宇也太坑了
119604,142,陈红雨,2019-11-14 05:32:57,2,2,0,为什么没有唐启承的页面？他给我0分我也要给他0分！
120399,142,陈红雨,2019-12-03 12:07:32,0,0,0,还不错。
120770,142,陈红雨,2020-01-16 21:57:40,2,2,0,老师对不起，其实我没见过你，但大学物理实验课的不满也只能在这里发泄。真的是玄学课程，成绩高低讲真和你自己怎么写和怎么对待真的没半毛钱关系，主要看老师。有些老师给分就是高，有些老师就是成心给你打低分恶心你（就不说具体哪些老师了）。反正真的是和工训齐名的玄学课程，最后考试反正都靠瞎写。哎，再说要落泪了。
121680,142,陈红雨,2020-01-20 19:10:43,1,1,0,期末卷面44-46。。。我服了，平时认真做期末就给这么低？好歹我综合题过程都写了不给半对？可能我填空简答写的不会太好但整体加加减减没有50我觉得过分了！
121711,142,陈红雨,2020-01-21 04:29:31,5,5,0,说几个查老师没有的：张俊香给分巨好，能打到满分；潘伯良上限95分，给分基本80多；唐启承给分很奇怪，一开始给了我87、95，后来改成了92、99，可能意识到自己打分太低？
121742,142,陈红雨,2020-01-21 11:49:39,4,5,1,说说自己的想法，至于最后绩点卡了可能是因为期末考试的题比较少分值都很大然后就很容易被扣吧哭考之前没有样卷，那就回忆一下今年的题供学弟学妹参考。今年题型是5个选择+一些填空+示波器左移右移的分析+设计自准直法测顶角+一个误差传递的计算题+画曲线 最小二乘法。最后强推lrb和pjc老师！给分超好
121816,142,陈红雨,2020-01-22 05:47:29,26,26,0,先亮成绩：实验报告平均分95.5分，总评87/4.2（大概期末考试67—68分的样子，某阅卷老师透露70分以上已经是凤毛麟角）。实验报告：胡樑栋（博士生助教）：【示波器】93分、【整流器】85分；陈楚凡（博士生助教）：【密立根油滴】91分、【万用表】93分；段文峬（博士生助教）：【分光计】100分、【棱镜偏向角】100分、【双棱镜】97分；李妙聪（博士生助教）：【等厚干涉】96分、【迈克尔逊干涉仪】96分；黄凯凯（实验中心教师）：【动态法杨氏模量】100分；蔡寿福（实验中心教师）：【金属杨氏模量】98分；张建华（实验中心教师）：【功率因数/电子荷质比】96分；王鲲（实验中心教师）：【非平衡电桥】94分、【双臂电桥】98分。但是这次理论考试考得巨难！（题目详见CC98.）
121846,142,陈红雨,2020-01-22 12:37:37,2,2,0,张敏捷姐姐是女神，选她选她！
121887,142,陈红雨,2020-01-23 05:46:34,12,12,0,一些经验分享给学弟学妹:\n\n1.每次实验一定要把实验教室的黑板拍下来，对写报告有用。\n\n2.大物报告要认真写。只完成老师的任务会在90－92分，未完成任务或实验误差太大会在90以下，完成任务后有自己的思考和分析会在93以上。（上述规律不适用于个别给分过高或过低的老师）\n\n3.注意一些老师的习惯:潘伯良会仔细检查预习报告，以及实验前画好的数据记录草表；朱蕾非常喜欢电脑软件模拟，所以她的每个实验都要模拟；刘才明讲的很详细很透彻，但会讲很长时间。
121946,142,陈红雨,2020-01-25 09:25:25,4,4,0,平时实验自己认真做报告好好写平均分可以得到92以上。老师推荐张俊香（给分是真的香）、刘才明（讲得很好、得分95左右），不推荐朱蕾（讲的迷迷糊糊、给分很一般）。期末考前认真复习绪论和考试的两个实验，会考得很细所以一些细节需要格外留意（比如写出正态分布3sigma分别对应的值、系统误差产生原因写出五条等等），最后得分应该还可以。本人88，虽然卡绩但还是挺满意的。
121967,142,陈红雨,2020-01-26 08:55:37,2,3,1,不知道为啥分这么低
121968,142,陈红雨,2020-01-26 12:33:46,4,5,1,大学物理实验垃圾课程，浪费时间还没用\n\n
123283,142,陈红雨,2020-05-29 05:31:52,8,8,0,我就是来吐槽一下线上大物实验
123289,142,陈红雨,2020-05-29 15:53:11,1,1,0,，，，
125042,142,陈红雨,2020-08-18 07:43:17,2,2,0,绩点超级低，史无前例地低，靠
131815,142,陈红雨,2021-01-29 04:12:40,4,4,0,大物实验阴间课程，给分很差
132221,142,陈红雨,2021-01-31 04:23:25,5,5,0,大物实验给分极迷
161266,142,陈红雨,2022-11-02 15:34:11,-22,3,25,为什么除了实验数据都抄了公众号上的95分报告，然后所有实验均分只有88？？？
161702,142,陈红雨,2022-12-29 09:20:51,18,18,0,物理实验考试，4号的考试29号通知，21世纪了手焯尸验报告，预习报告无意义的抄书，还得写一堆寡不垃圾的心得，再加上某些随便就给80分的牛马，恶心至极，那么多同学阳了，根本没法好好复习，你只给留几天复习时间还不能缓考，你良心呢？\n\n\n\n大学物理实验你妈阳了、你全家都阳了
5389,150,何国光,2015-07-07 06:03:17,-27,9,36,一丝不苟
8624,150,何国光,2015-09-23 08:58:02,5,10,5,教做人
8913,150,何国光,2018-01-18 15:25:56,38,57,19,从没见过这样的老师 呵呵
8915,150,何国光,2015-09-30 10:23:52,4,10,6,没见过这样的老师
9010,150,何国光,2015-10-09 01:50:08,0,6,6,呵呵呵
9131,150,何国光,2015-10-14 02:10:41,7,14,7,目前见过最不负责任最有“个性”的老师
9811,150,何国光,2015-11-10 02:58:53,32,45,13,呵呵，认真写的大物实验给我70分
9821,150,何国光,2015-11-10 09:45:20,0,9,9,咋没有0分
11475,150,何国光,2015-12-02 11:15:48,4,9,5,呵呵呵
11522,150,何国光,2015-12-03 15:08:28,4,10,6,分数低
12438,150,何国光,2015-12-23 09:22:24,14,24,10,给分神坑
13337,150,何国光,2015-12-27 03:17:54,4,12,8,死辣鸡，丢人现眼，乱给分
13583,150,何国光,2015-12-29 14:43:26,7,14,7,没见过这样的老师 课不好好讲 同学做错了只知道骂人
13974,150,何国光,2016-01-03 08:06:42,1,9,8,沙雕老师
14361,150,何国光,2016-01-06 13:33:09,4,10,6,呵呵，请问有负分吗
16200,150,何国光,2017-09-27 06:13:48,-92,18,110,很好的老师！给了我一个92一个95，认真，专业
16635,150,何国光,2016-01-18 14:47:47,3,9,6,给光哥个一分不过分
18103,150,何国光,2017-01-09 09:25:53,30,45,15,为什么不能给0分\n\n“你迟到了，所以这个数据肯定不是你做出来的。下周重做，你要是顶嘴重做也不给分。“\n\n长见识了\n\n各位使劲选他，我的成绩就变高了。
21500,150,何国光,2016-02-29 05:11:00,-3,7,10,老师人还是挺好的。就是你看一下均绩。。。
23198,150,何国光,2016-03-21 15:13:31,22,32,10,我赵日天服了
23281,150,何国光,2016-03-23 12:23:24,-10,1,11,不认识，路过
24994,150,何国光,2016-05-04 17:05:05,-20,4,24,认真负责
30007,150,何国光,2016-06-30 17:12:47,5,7,2,简直了……
30345,150,何国光,2016-07-01 10:30:40,5,7,2,呵呵呵呵
30819,150,何国光,2016-07-02 14:23:35,-24,2,26,很好的老师
32992,150,何国光,2016-09-10 04:26:48,5,7,2,和智障一般，还不负责
33950,150,何国光,2016-09-23 11:31:22,5,9,4,渣渣老师，大物实验给分差，态度烂
35079,150,何国光,2016-11-01 13:53:55,7,15,8,认真做实验 签字检查数据 最后处理也没问题 给70 呵呵哒
35080,150,何国光,2016-11-01 14:02:04,5,8,3,呵呵，喜欢光学，大物实验选了三个他的，结果三次里最高的一个比后面最低的一次都低了十三分。
35349,150,何国光,2016-11-09 04:04:47,19,27,8,智障公众号，还不能给老师打负分
35350,150,何国光,2016-11-09 04:04:55,29,36,7,客客气气的地请教他，我待他如初恋，他待我如大便。
35351,150,何国光,2016-11-09 04:06:00,121,135,14,我是新来的，请问是直接喷还是走流程。\n\n
35363,150,何国光,2016-11-09 07:07:17,5,9,4,垃圾啊垃圾 拿着认真写的实验报告去找他问为什么才八十 md说错一个地方给你这么多分够高了
35368,150,何国光,2016-11-09 09:41:38,4,5,1,什么鬼，凭什么给我70啊大物实验，老子明天去找他喝茶我靠
36839,150,何国光,2016-11-30 02:06:22,2,5,3,傻比，不解释，唉。
38301,150,何国光,2016-11-29 14:55:46,0,3,3,这个老师是专门来拉低实验平均分的吗
38494,150,何国光,2016-12-07 05:45:21,4,6,2,我就想知道60分咋来的。
38657,150,何国光,2017-10-16 05:52:32,-1,8,9,辣鸡老师毁我绩点
38679,150,何国光,2016-12-14 08:35:14,-1,3,4,微笑脸
38750,150,何国光,2016-12-17 01:47:01,-26,7,33,实验前讲步骤和原理很清楚。看了一圈评论给分低的请问你们实验认真做了但实验结果（如相对误差一类）好吗？误差分析认真分析了吗？
38980,150,何国光,2016-12-20 07:03:40,3,6,3,脑子有坑\n\n
39367,150,何国光,2017-03-16 05:18:42,-70,4,74,微机原理满绩路过\n\n
39369,150,何国光,2016-12-22 08:12:28,2,3,1,一个悲伤的故事
39371,150,何国光,2016-12-22 08:21:57,2,5,3,垃圾！
39372,150,何国光,2016-12-22 08:25:30,1,3,2,不熟悉实验仪器就让我重做呵呵哒
39395,150,何国光,2017-01-09 09:26:45,5,10,5,这个老师好率真 好不做作哦 突如其来的60分
39401,150,何国光,2016-12-22 12:34:14,1,3,2,何gg名不虚传\n\n
39757,150,何国光,2016-12-27 10:24:00,11,15,4,大物实验选何gg就等着gg吧
39819,150,何国光,2016-12-28 01:31:57,5,13,8,讲真，虽然何国光上课凶一些，但给分比房若宇好的多了
39870,150,何国光,2016-12-28 05:20:02,4,7,3,听何GG的课是一种吔屎的体验
39966,150,何国光,2016-12-28 10:59:00,3,6,3,傻逼老师 就知道骂人 讲课不好好讲 不会也不告诉你 就一直骂人
40341,150,何国光,2017-01-03 03:51:36,2,4,2,真想揍他
41331,150,何国光,2017-01-10 15:14:42,6,14,8,何国光：实验报告你尽管写，上85分算我输
42349,150,何国光,2017-01-14 05:10:05,0,8,8,我不知道为什么，分光计他没给我签字却给了我90+的分
42838,150,何国光,2017-01-15 09:05:48,-1,4,5,一圈看下来，我拿86好像算高的了，慎选
51113,150,何国光,2017-05-18 02:01:28,4,4,0,mdzz
51299,150,何国光,2017-05-29 11:06:02,3,4,1,qnmd微机原理
51397,150,何国光,2017-06-04 15:06:47,2,4,2,微机原理讲得其实是还行的..也没有实验课那么凶
51886,150,何国光,2017-06-13 07:25:12,2,2,0,无聊\n\n点名\n\n丧病\n\n慎选
52118,150,何国光,2017-06-15 02:28:35,4,9,5,ppt不需要你用难听的口音读一遍，谢谢
52123,150,何国光,2017-06-23 10:16:57,-16,4,20,很好奇最低下93 95那个，在报告里是怎么舔何国光的
52422,150,何国光,2017-06-20 02:51:35,1,2,1,选实验的时候慎选
52824,150,何国光,2017-06-23 05:38:17,2,4,2,抑扬顿挫，一副全场都是渣渣的王霸之气，“你们这个样子期末很难通过的”
53020,150,何国光,2017-06-24 21:31:18,4,5,1,微机原理60飘过
54630,150,何国光,2017-06-30 02:51:19,2,2,0,qnmb 微机原理\n\n
54727,150,何国光,2017-06-30 05:58:22,4,6,2,挺严格的，每节课签到，好吧，听课也觉得迷迷糊糊，但课下好好学不会有这么多问题，各位还是戾气太重了
54772,150,何国光,2017-06-30 07:58:45,1,1,0,忘了，GG
54959,150,何国光,2017-06-30 13:30:56,2,13,11,不管老师给分如何，能不能不要进行言语辱骂、人身攻击啊，再怎么说那也是老师啊
55190,150,何国光,2017-07-01 03:14:06,2,6,4,老师是一个挺负责的人\n\n
56090,150,何国光,2017-07-03 04:55:31,1,5,4,客观讲其实老师还是挺认真的，不过有的时候会变成固执……\n\n建议老师微机课能选择配套的教材和ppt，顺序和结构不一样看起来很痛苦
57624,150,何国光,2017-07-10 22:51:59,1,1,0,醉了醉了
57825,150,何国光,2017-07-16 05:21:20,4,9,5,呵呵，70分就是迟到了，好言好语问他怎么回事，一个浙大老师居然咆哮了起来还把报告往地上摔。这种人还当老师，真是亵渎老师一词，丢浙大的脸。
58556,150,何国光,2017-09-03 01:37:30,2,2,0,太恐怖
58881,150,何国光,2017-09-18 08:17:10,-2,3,5,老师很认真负责的，心地善良
58932,150,何国光,2017-09-18 14:02:30,1,4,3,物理实验什么光不能直视？\n\n何国光！
60267,150,何国光,2017-10-16 08:07:53,6,6,0,【大物实验】分还没出先来评价，免得让成绩影响我的评价。客观的说，我觉得老师的态度没有评价里说的那么不堪，正常回答问题和讲课，数据有效数字有问题会提醒你。但是我感觉我的分数要gg.\n\n
60331,150,何国光,2017-10-17 13:16:07,7,11,4,认真写的分光计实验，本来还有点担心，但给分确实我得到的最高分，有点受宠若惊。吐槽给分的孩子最好看看数据处理是不是真的算对了
60654,150,何国光,2017-10-26 04:51:14,5,7,2,讲解清楚很复杂啊！为什么评论这样。。。给分主要还是自己要认真，现在老师给分挺合理，错了自然分不高，没错也可以上90。不过有的时候扣分严了一些倒是真的
60861,150,何国光,2017-10-31 12:41:53,18,27,9,gg这是转性了？...分光计给分出奇的高耶...\n\n可能是老师真的很严格吧...大家注意数据处理和误差分析好了咯\n\n
60883,150,何国光,2017-11-01 08:02:34,10,12,2,不知道怎么了分光计给的很高  看了别人的成绩发现好像都很高??
60910,150,何国光,2017-11-02 07:38:58,7,8,1,只要好好算不确定度，分数就不会很差。
60914,150,何国光,2017-11-02 09:35:53,7,10,3,分光计给了96，听周围的人都说不太低啊...跪舔？不存在的，也就是比平时的实验报告多检查了两遍...分光计不确定度±3′好像也不算好吧。但愿我不是遇到了假老师˵ •́ o •̀ ˵
61077,150,何国光,2017-11-08 04:49:10,1,10,9,冲着他给我95我也要给10 分
61940,150,何国光,2017-11-22 01:34:45,15,17,2,做了他的分光计实验，不懂的地方会来指导，看到数据不对会怼你让你再去做，但好过那些很温柔没指出数据错误而使最终得分低的老师。一开始选了他的实验感觉很惶恐，其实真的做过了看到成绩了也真觉得不错
61954,150,何国光,2017-11-22 02:30:46,8,12,4,后悔没有多选几个何gg的实验
62109,150,何国光,2017-11-22 11:56:27,25,32,7,真的感觉他变了……抄了一个88分学长的报告结果在他手里得了96
62238,150,何国光,2017-11-23 10:35:36,21,29,8,感觉没有评论里说的那么差，实验讲解得挺清楚的，做实验的时候还会仔细观察每个同学有什么问题并及时帮你解决，虽然有点凶，但是很负责任
62245,150,何国光,2017-11-23 11:40:08,51,60,9,gg不再是以前那个gg了，他和这个世界和解了。。。（以前是真的严格，所以有些分光计拿了90+的同学，不是你太强，不是以前的同学不行，是gg变了
62710,150,何国光,2017-11-26 13:28:16,2,6,4,很棒棒
63191,150,何国光,2017-11-29 04:41:41,8,17,9,【大物实验】分还没出先来评价，免得让成绩影响我的评价。客观的说，我觉得老师的态度没有评价里说的那么不堪，正常回答问题和讲课，数据有效数字有问题会提醒你。但是我感觉我的分数要gg.\n\n分数根本没有gg，而且我去拿实验报告的时候翻了一下，大家基本都是90+，一连串的949596，只有偶尔几个人下了90，但是也绝对没有70分那么低的，90以下的也基本在85以上
63728,150,何国光,2017-12-13 14:49:45,5,8,3,其实老师讲的挺详细，就是给分前几个学期不好，这个学期给分变好了，真的。
64025,150,何国光,2017-12-20 14:23:54,0,1,1,三个字
64389,150,何国光,2017-12-23 06:54:56,1,3,2,这老师我服！
64705,150,何国光,2017-12-26 16:42:23,4,9,5,分光计 调不出来，问他，他先很凶地说你一顿，然后也不帮我看看哪里错 就跟我说照着我刚刚讲的再做一下。我卡住了 就想问问问题出在哪里 他看都不看我的分光计一眼 就跟我说出错自己找原因？？我特么找得出来还问你？
64878,150,何国光,2017-12-27 15:13:51,-7,4,11,分光计95
65274,150,何国光,2018-01-02 08:04:30,0,6,6,从来没有遇上讲实验态度这么糟糕的老师。操作过程有疑问他直接先把你骂一顿
65327,150,何国光,2018-01-03 04:55:10,-3,4,7,如果有零分。
65336,150,何国光,2018-01-03 06:01:38,0,5,5,两个学期的物理实验最低分，服了服了
65482,150,何国光,2018-01-04 11:43:00,1,8,7,还好吧，给分挺不错啊
65502,150,何国光,2018-01-04 17:07:19,6,9,3,这学期的物理实验给分的确好很多
66297,150,何国光,2018-01-15 02:49:53,2,5,3,很负责
67215,150,何国光,2018-01-20 13:01:49,5,7,2,没像评论里说的那么凶，迟到的没让重做，给分也还可以，可能人是会变的吧……
74540,150,何国光,2018-03-03 08:14:06,0,4,4,GG不是原来的GG了
75010,150,何国光,2018-03-07 03:42:37,0,1,1,。。。
79406,150,何国光,2018-06-04 03:50:55,0,2,2,希望不挂
82204,150,何国光,2018-07-07 11:32:51,1,3,2,微机原理凉了啊！
83380,150,何国光,2018-07-10 07:45:03,0,4,4,其实老师人很好，只是会对学生要求会比较严格；大物实验的话，讲的很清楚，很容易听明白；微机原理也没有传说中那么可怕，考察还是在合理范围内的（至少今年是的）；接下来的小学期还会和hgg一起度过，体验之后再说。
84068,150,何国光,2018-07-12 03:11:26,-8,1,9,hgg还是很好的，上课讲得清楚，而且很体谅我们，微机考试前相当紧张了，结果还可以。感谢老师。
84074,150,何国光,2018-07-12 03:20:44,-5,0,5,一般吧
84077,150,何国光,2018-07-12 03:33:48,1,3,2,何哥哥
84081,150,何国光,2018-07-12 03:39:33,-1,5,6,光光和世界和解了，何GG变成何哥哥啦ヘ(￣ω￣ヘ)♪
86304,150,何国光,2018-09-13 03:32:40,4,4,0,直接喷，还是走程序\n\n
88186,150,何国光,2018-10-23 12:47:33,12,12,0,60分，不解释\n\n
88281,150,何国光,2018-10-26 01:57:38,-6,3,9,我觉得还挺不错的呀，他真的没有那么凶残了。他已经变了?
88426,150,何国光,2019-12-07 04:28:22,-29,11,40,给了我97，后悔没选他的其他实验，唉……
91737,150,何国光,2018-12-19 03:59:06,49,50,1,分数还没出，我客观的来说，这个老师思想有问题。我是物竞党，分光计实验熟的不能再熟，到实验室直接开始实操，二十五分钟后准备签字走人，他一定要说我的数据有问题。第一次我接受了，我想可能学校的仪器和我高中的时候有区别，于是仔细的看了看书之后第二次实操，测的数据他还说我的数据有问题。第三次我很生气，我直接把第一次的数据交了上去，他竟然拍拍我的肩膀说这次做的不错？我不清楚这老师是出于什么样的心态让我耽误了那么多时间，明明很简单的东西，我半小时搞定就可以走了，他非要用神奇的理由让我在实验室浪费了两个小时时间，我觉得这个老师可能单纯的喜欢刁难学生
93263,150,何国光,2019-01-08 13:12:30,4,5,1,这种人怎么在浙大当老师的？随便一个三流大学老师都比他强
93329,150,何国光,2019-01-09 04:32:31,6,8,2,你胸你? 呢 我就问了一个问题 你就diss我 全程看我做实验各种怼 二十年没人说我做事不认真 你是第一个 你知道个屁 对不起作为浙大学子我爆粗了
94669,150,何国光,2019-01-17 15:57:25,1,1,0,...欲哭无泪
98431,150,何国光,2019-01-23 12:38:59,-4,0,4,还行的
111948,150,何国光,2019-07-03 04:07:57,-12,1,13,光光现在是好人……真的……
114012,150,何国光,2019-07-08 08:17:20,-3,1,4,比以前已经好很多了……f但是)
114263,150,何国光,2019-07-09 13:19:03,9,9,0,实话说，物理系他开的课感觉就没啥大的意义，然后是真的很不友好，考试只要不过，都不会给你平时分拉上去的。怎么讲呢，讲课一般，人情世故很烂
115517,150,何国光,2019-07-31 20:42:58,6,6,0,神经病老师，给分差差差
115610,150,何国光,2019-08-08 07:59:53,3,3,0,...
116988,150,何国光,2019-09-18 04:29:01,-2,1,3,呵呵小学期考试实验做出来了然后总评85:)
118055,150,何国光,2019-10-19 14:36:54,5,5,0,这个老师的态度和工训wedm的老师有得一拼，呵呵
118643,150,何国光,2019-10-30 03:35:59,10,12,2,对一个女生那么凶干嘛，我都看不下去了，更年期？
118651,150,何国光,2019-10-30 04:21:39,9,9,0,太凶了吧，我肺都被吓裂了，心疼xjj
118981,150,何国光,2019-11-09 02:18:38,9,10,1,什么杀比老师，分光计同学连等边三角形几度都不知道你还给他打60？？？求是？
119510,150,何国光,2019-11-13 07:08:09,12,12,0,傻逼老师，凶你?，还下课直接去吃饭，一群学生等他签字到下午上课，午饭也没得吃还下午上课迟到！
120415,150,何国光,2019-12-04 04:53:40,9,9,0,这个人恐怕心理有问题。
121215,150,何国光,2019-12-28 06:42:59,4,4,0,傻逼老师，分光计给60分，我特么
121757,150,何国光,2020-01-21 13:52:26,4,4,0,不好意思并没有和解，这个学期依然是只要分光计角度算错就是60分。这个我感觉是真的有点过分了。班级群里每周都要暴雷的人来诉苦
125030,150,何国光,2020-08-16 10:00:05,6,7,1,
126551,150,何国光,2020-09-30 08:11:02,0,0,0,绝望了
126915,150,何国光,2020-10-28 05:22:29,38,41,3,如果一个房间里有马里奥，希特勒，墨索里尼，何国光四个人，给我一把手枪，我可以杀何国光4次
127036,150,何国光,2020-11-04 03:11:06,4,4,0,这老师有毒，给分太毒了。刚开始的时候我只是以为他是一个比较严格的老师，结果给了这个司马分数，那没事了。别的实验都90+，就这个逼给了60多，服了，
127095,150,何国光,2020-11-07 00:59:56,0,1,1,让人无语
127244,150,何国光,2020-11-17 02:53:54,1,1,0,sb老师，辛辛苦苦65分直接拖低我所有的小实验平均分
128266,150,何国光,2020-12-15 14:23:20,1,1,0,爷佛了
128277,150,何国光,2020-12-16 05:05:32,1,1,0,70分，呵呵
128435,150,何国光,2020-12-23 03:50:07,1,1,0,就这就这就这
128663,150,何国光,2020-12-25 03:01:33,1,1,0,认真的做实验给个70分美其名曰你动手能力不行
129076,150,何国光,2020-12-29 14:47:49,4,4,0,sb一个，别的不知道，脾气特臭，分数完全就是对不起你花的时间，完全就是耽误学生时间，课还没下就收拾好，准备走
129536,150,何国光,2021-01-07 02:37:21,2,2,0,sb。。。
129767,150,何国光,2021-01-12 06:32:53,4,4,0,大垃圾
135330,150,何国光,2021-05-08 06:27:49,1,1,0,气死我了
136987,150,何国光,2021-06-29 07:52:56,4,4,0,别选微机 花时间背还过不了 纯送
142329,150,何国光,2021-11-10 07:55:46,4,5,1,怎么会有一个老师凶蛮到如此地步，就像一个农民工，下课急着跑，实验不好好教，做不出来就凶，直接被他气哭了还要被骂
142445,150,何国光,2021-11-11 12:42:48,3,3,0,光的色散，老师人都没怎么在。认真做的实验和数据处理，给分巨低，也不写评论。我看不到做他的实验能给学生带来任何进步。
149376,150,何国光,2022-01-15 07:59:26,2,2,0,烂烂烂
150486,150,何国光,2022-01-26 13:55:59,2,2,0,差差差
160205,150,何国光,2022-09-15 03:47:15,1,1,0,给分是有点玄学在身上的
161109,150,何国光,2022-10-27 07:49:26,1,2,1,还是那句话，选hgg的实验就gg……
161134,150,何国光,2022-11-04 13:19:43,1,1,0,还是那句话，选hgg的实验就gg
161241,150,何国光,2022-11-02 01:55:56,1,1,0,傻孩子们，快跑啊！
161248,150,何国光,2022-11-02 07:25:10,1,3,2,分光计实验，老师超级严谨，课前会认真检查我的预习报告，没写的同学要倒霉了，要么补做要么马上抄（在教室外抄会记迟到），如果上课时分光计实在不会调，可以大胆问老师，老师会帮你调并扣你的分（动手能力不行），老师也很负责的，如果你一直不能得到正确的数据老师会让你一直做（我上午的课被留到下午两点），大家不要被老师的评分骗了呀！
164938,150,何国光,2022-12-28 02:25:12,0,0,0,线上分光计讲的就是一坨大便
179242,150,何国光,2023-09-02 08:55:49,0,1,1,hh沙比呀
184492,150,何国光,2023-12-20 21:02:47,0,1,1,自从有次在朵朵上看到有人叫他hgggg（鸽鸽），从此对此缩写再也无法忘怀…人抽象无比，计算机实践这门课抽象程度也不相上下。但由于他废话也蛮多和我闲聊了几次，感觉产生bonding了，平时看着挺正常的，可能上班让人变态吧呵呵呵
187027,150,何国光,2024-01-14 07:43:32,-1,2,3,老师上课比较凶但是给分很高
191647,150,何国光,2024-04-26 14:28:36,2,3,1,给分相当糟糕，理由也不解释，三个他的实验，三个最低分
192587,150,何国光,2024-05-24 09:53:03,2,4,2,老师比较严格，想混的话分数会很难看，但认真写了分数也会比其它老师更高，三个实验100、99、97供参考
198030,150,何国光,2024-08-26 01:38:27,4,4,0,ljljlj真垃圾
198070,150,何国光,2024-08-28 05:26:28,3,3,0,我可以不好好学，但你不能不好好教啊
198376,150,何国光,2024-09-08 09:05:08,3,3,0,神人。计算机实践也是门神课。浪费了我宝贵的两周暑假，忍住不喷的怕是能戒毒
198760,150,何国光,2024-09-11 11:11:21,2,2,0,计算机实践是什么鬼，哪怕我不学也不能完全不教吧。不过24届改掉了，希望他们新添的课不这么折磨吧。
199217,150,何国光,2024-09-19 09:58:03,4,4,0,他真的很差劲
199218,150,何国光,2024-09-19 10:00:45,7,7,0,只会告诉你操作错误但是不会告诉你正确操作的人......全程都在骂人
199594,150,何国光,2024-09-26 05:42:25,8,8,0,计算机实践期末考试前说能上网搜，结果让我搜到原题了，20分钟做完，自信满满以为满分5分没问题，结果考试结束后说我这个是抄抄的，根本没动脑筋，打了2分。md，我还不如不搜哪，我自己写说不定都比这高
199674,150,何国光,2024-09-27 08:51:18,4,4,0,计算机实践出分了，只能说，恭喜不用上这门课的同学，也“恭喜”要上这门课的同学！
199676,150,何国光,2024-09-27 09:32:14,4,4,0,马里奥 这次你活了\n\n因为那道光来了
199679,150,何国光,2024-09-27 10:52:31,2,2,0,计算机实践是什么东西不用我多说了
199709,150,何国光,2024-09-28 03:41:42,1,1,0,有一种光 无法直视
201919,150,何国光,2024-11-07 11:13:07,0,0,0,一道光，璀璨亮瞎了我的眼。它照亮了一切，一切小细节都会因那道光而灼烧。如果你认真写了大物实验报告，报告的分数是一杯倒满的水，那道光会不遗余力、没有理由地无私分享它的热，沸起来吧！
217259,150,何国光,2025-04-07 03:45:15,1,1,0,实验报告评分标准与官方不一致，莫名其妙就得了个85，其他老师正常写怎么说都有90（误差分析，官方的模板要求是算相对误差、不确定度等，但是你如果写这个不写误差的来源的话，就会被扣很多分哈）
217833,150,何国光,2025-04-17 04:52:29,1,1,0,气死了实验报告莫名其妙打低分，而且还是特别特别低的分
7108,195,谭明秋,2019-05-20 09:50:08,-106,21,127,讲课思路清晰 逻辑性强 吾爱物理 更爱谭谭
8597,195,谭明秋,2017-09-21 03:47:49,57,64,7,傻不拉叽
8797,195,谭明秋,2016-08-27 12:58:56,111,124,13,逻辑混乱，天马行空，举各种无关例子，会导致你犯晕。老师一节课下来不会停嘴，一直在讲，听着很累，因为你要在他讲的20句话里面找出有营养的一句或者说两句话。
9015,195,谭明秋,2016-08-27 12:59:18,40,47,7,很难找到一个比他讲的更烂的老师，毫无逻辑，不负责任。这种老师可能适合去做研究，但觉不该站在讲台上。
9193,195,谭明秋,2017-09-21 03:47:56,57,58,1,太他妈傻逼了   后悔选了他的课  怎么会有这么恶心的老师\n\n\n\n
9455,195,谭明秋,2015-10-28 01:46:36,37,42,5,自求多福\n\n一句“我不知道”解决好多的老师
9839,195,谭明秋,2017-03-13 22:36:20,85,89,4,垃圾应该分类回收，建议此种垃圾不用，直接销毁。
10366,195,谭明秋,2015-11-18 09:11:35,39,41,2,真的很混乱，上课压力还很大，莫名其妙地自以为是
10538,195,谭明秋,2017-03-13 22:35:26,44,52,8,有一种垃圾叫做，无与伦比。相信我，这辈子你绝不会见到一个比之更烂的“教师”(这个词语似乎已经不能形容它了)，讲的不好，人品也极差。
10550,195,谭明秋,2017-09-21 03:48:05,37,40,3,傻逼老师
11456,195,谭明秋,2015-12-02 02:54:52,20,23,3,无语……
11457,195,谭明秋,2015-12-02 03:06:56,10,15,5,听了想睡觉
11678,195,谭明秋,2015-12-30 01:57:19,14,19,5,垃圾垃圾
13936,195,谭明秋,2016-01-02 14:10:28,15,17,2,简直不要太。。。坑
14834,195,谭明秋,2016-01-10 00:37:36,25,29,4,从未见过此般奇葩老师。以高度的不负责任心和垃圾到家的授课，还有尖嘴猴腮的说辞给我们留下了深刻印象。
15846,195,谭明秋,2017-09-21 03:48:11,35,36,1,妈的怎么没有0分！！！！！！
15848,195,谭明秋,2016-01-16 12:18:14,20,23,3,辣鸡啊
15849,195,谭明秋,2016-01-16 12:19:24,11,14,3,听到吐血\n\n\n\n
15850,195,谭明秋,2016-01-16 12:19:34,15,20,5,SHIT
16267,195,谭明秋,2016-01-17 15:21:07,9,10,1,讲课确实不咋地
17317,195,谭明秋,2017-03-13 22:36:41,28,34,6,总是一副鄙夷当代大学生的模样，上课时扯废话，一直批判那些不来上课然后作业本落在前排的同学，还一直拿记缺课威胁其他同学，讲课文没有逻辑就是照着ppt念
17498,195,谭明秋,2016-01-20 10:10:34,6,8,2,巨垃圾
17539,195,谭明秋,2016-08-27 13:02:20,2,14,12,不能更差
17821,195,谭明秋,2016-01-21 02:16:26,21,23,2,毁人不倦，好老师对于更好的学习效果是十分重要的，所以大家千万别选他的课，坑得死死的
17825,195,谭明秋,2016-01-21 02:18:03,7,8,1,上课没重点
17827,195,谭明秋,2016-01-21 02:20:59,7,11,4,没素质，东扯西扯
17830,195,谭明秋,2016-01-21 02:25:32,9,13,4,一点师生情不讲，期末不调分。
17838,195,谭明秋,2016-01-21 02:30:53,35,37,2,这个学期的大雾课上的我真是太难过了 每节课都精神压力很大 这个老师给我留的阴影太重以后绝对不要再上他的课\n\n
17857,195,谭明秋,2016-01-21 02:52:08,7,10,3,从来不敢睡觉，强行认真听课
17858,195,谭明秋,2016-01-21 02:53:49,-26,8,34,虽然最后分很好 但是老师态度真的很不好
18215,195,谭明秋,2016-01-21 09:34:25,16,18,2,辣鸡老师！给分不好！关键是！平时讲的都是什么鬼！辣鸡！辣鸡！辣鸡！不给我一个好好上课的机会！全靠自学啊！
18958,195,谭明秋,2016-01-23 00:37:59,-30,4,34,讲得一般，但谭老师有句话说得很好：不要怨天尤人，一切都靠自己。
19922,195,谭明秋,2016-01-25 14:28:42,8,14,6,吾爱大物，吾恨谭谭\n\n
20307,195,谭明秋,2016-01-27 03:20:19,17,19,2,我相信群众的眼睛，不是每个老师都能引起这么大的公愤，既如此，也足见此人之奇葩。给一分，算多的。学弟学妹，如遇此人，一定换课，自学也比听他讲强。
21317,195,谭明秋,2016-02-28 03:55:56,12,14,2,一言以蔽之，曰:毁人不倦。(这一分打的我好为难啊，为什么没有负分呢！！)
22660,195,谭明秋,2016-03-09 10:55:50,-6,3,9,………
22757,195,谭明秋,2016-03-11 00:00:35,16,19,3,灵车漂移
22758,195,谭明秋,2016-08-27 13:01:21,29,32,3,老师好腻害！\n\n您的思路清晰得要死，发音如此动听，一整堂课都是在像唱歌一样，永不停歇。\n\n您不用强调您是有资质来上大物的，\n\n您上课的真实情景早已说明—您是完全合格教印度小学生哒～～～～
22770,195,谭明秋,2016-03-11 02:42:58,-10,5,15,感觉比较适合闲聊的老师，总是喜欢带入自己生活经验。 不过教题目重概念(但又不是调理很清楚)不重具体步骤，讲话跳恸有点难跟上。
22890,195,谭明秋,2016-03-14 07:21:24,-3,5,8,回信息慢的一笔
23201,195,谭明秋,2016-03-21 16:33:17,5,8,3,为什么垃圾不能回收？
23283,195,谭明秋,2016-03-23 12:31:44,6,9,3,不认识，看到现在最低的
25941,195,谭明秋,2016-06-14 13:07:57,-1,5,6,太垃圾了
26591,195,谭明秋,2016-06-20 08:56:26,1,5,4,呵呵呵
29694,195,谭明秋,2016-06-30 08:02:58,-9,2,11,啦啦啦
29695,195,谭明秋,2016-06-30 08:03:13,-16,3,19,好想去体验一下谭谭的课
33351,195,谭明秋,2016-09-18 15:39:09,5,8,3,傻逼傻逼傻逼(⊙o⊙)…(⊙o⊙)…
34021,195,谭明秋,2017-01-17 11:15:01,17,21,4,很伤心，自以为比上个学期大物认真学习了很多很多，不知是考卷的原因还是什么原因，绩点比上个学期还差，反正内心的失落，唉，奉劝各位对大物没有把握的退课，真的伤不起，别以为自己好好学真的可以学好的，换个好老师吧，从没给老师打过10分以下的，这是第一个，我给了1分！！
36895,195,谭明秋,2016-11-16 11:15:43,0,5,5,不如自学，听他的课就是浪费时间
38390,195,谭明秋,2016-12-01 16:38:37,6,6,0,爽！\n\n
39056,195,谭明秋,2016-12-21 02:17:16,4,6,2,动不动就骂人。。。脾气贼差
40919,195,谭明秋,2017-03-16 06:55:05,10,12,2,垃圾中的战斗机。
41714,195,谭明秋,2017-01-12 11:59:10,2,4,2,垃圾啊
42531,195,谭明秋,2017-01-14 11:35:27,-32,5,37,不认识，路过，给个10分吧
42641,195,谭明秋,2017-01-25 17:20:29,2,4,2,呵呵呵呵
42642,195,谭明秋,2017-01-14 16:04:30,4,7,3,老师讲课挺好的，思路清晰，生动有趣，知识点什么的都能涵盖到，，，，，所以，挂科这事怎么算，手动微笑。
44167,195,谭明秋,2017-01-17 11:09:56,1,4,3,逻辑是很不清楚\n\n但上课老讲些别的事\n\n没有课堂小测验\n\n给分不是很好\n\n要靠自己的。。。\n\n
44218,195,谭明秋,2017-01-17 12:04:52,2,4,2,呵呵哒
44223,195,谭明秋,2017-01-17 12:09:49,6,6,0,这给分也真是，怎么这么低\n\n
44413,195,谭明秋,2017-01-17 23:02:26,-14,2,16,还不错，挺负责
45107,195,谭明秋,2017-01-19 03:45:51,3,4,1,生不如死
46819,195,谭明秋,2017-01-22 11:22:19,4,7,3,。。。
60080,195,谭明秋,2017-10-10 01:48:18,10,13,3,第一次遇到在学生作业本上打草稿的老师......还写英文How do you get this result？强迫证表示真的很不爽
60804,195,谭明秋,2017-10-30 12:06:39,1,4,3,垃圾老师
60951,195,谭明秋,2017-11-05 05:00:19,3,4,1,这老师就一是浆糊，如果不是我自己做题就被糊弄过去了
62183,195,谭明秋,2017-11-23 04:32:28,9,9,0,饶过我吧，我和你无冤无仇
66030,195,谭明秋,2018-01-11 04:24:35,9,10,1,同学在群里问题，一副不耐烦的样子，像谁欠了他二斤白面似的
70035,195,谭明秋,2018-01-26 04:42:32,-21,1,22,老师虽然讲课有点水，不过确实有师生情的，考试只要差不多都会让你过的\n\n
70145,195,谭明秋,2018-01-26 07:20:07,5,9,4,逻辑混乱讲课不清晰喜欢diss学生 \n\n监考的时候一直在和另一位监考老师说话\n\n没有退掉他的课真是最大的遗憾
70984,195,谭明秋,2018-01-28 01:28:43,-36,4,40,我觉得老师很好啊，毕竟让我上了四
75919,195,谭明秋,2018-03-22 01:55:52,3,4,1,极为尖酸刻薄，一副小人模样，怀疑其有心理或精神问题
87422,195,谭明秋,2018-09-29 00:45:10,4,5,1,阁下额上似可跑马\n\n傻逼一个
87632,195,谭明秋,2018-10-08 23:49:02,5,5,0,人品实在是不够格，对学生对其他课程到处嘲讽鄙视，自己讲的又是垃圾得要命
93216,195,谭明秋,2019-01-08 06:49:42,1,4,3,呵呵哒
94249,195,谭明秋,2019-01-16 04:48:16,15,16,1,千万别选这个老师。首先上课体验很糟糕，废话多，其次就是讲知识点也不清楚。自我感觉非常良好，喜欢吹嘘自己的儿女和家庭，吹嘘自己在德国（或奥地利）和日本的经历，同时也非常看不起学生，觉得学生都是sb。如果有不懂的问题去问，首先他讲的很模糊，其次就是还会嘲讽你。总之这老师教学能力辣鸡，毫无师德。建议不要继续教书害人了，你不喜欢，学生也不喜欢。
100176,195,谭明秋,2019-01-26 03:34:51,3,7,4,毫无素质
104099,195,谭明秋,2019-03-12 03:13:10,5,6,1,这态度...
104461,195,谭明秋,2019-03-21 03:21:15,4,6,2,垃圾老师，一幅自己很屌的样子，你算老几啊，辣鸡老师
104702,195,谭明秋,2019-03-26 07:17:52,10,12,2,实验做不好不仅一点鼓励也没有，还骂学生脑子不好使，连作为老师最起码的素质都没有！您说我不配在浙大当学生，那您配在浙大当老师吗？
104776,195,谭明秋,2019-03-27 16:13:59,11,13,2,很想打爆他的头，实验内容乱讲一通觉得你就应该什么都会，问他问题回答道 难道你们什么问题都要问老师吗？自己去想去. 我靠这是实验哎，有什么不懂不能问吗？？？ 倚老卖老，语气调侃，典型混饭吃类型，建议直接报销，不要给养老金了，害人的人不配. 极度不负责任！！！
104918,195,谭明秋,2019-03-31 05:50:11,1,4,3,态度极差
104961,195,谭明秋,2019-04-01 04:05:26,6,8,2,实验课千万不要选
105286,195,谭明秋,2019-04-09 06:50:26,9,10,1,选了你是我活该    实验报告签字前还要看你的名字   这点真的很恶心
105508,195,谭明秋,2019-04-16 01:47:30,2,4,2,真的傻逼 大物实验报告连个勾都不打只看数据处理而且完全不听你解释他说是错就是错的傻逼
105700,195,谭明秋,2019-04-18 15:16:19,3,6,3,给他一分是因为没有零分。\n\n是怎样一个老师能让一个素质良好的浙大学生在看到分数后骂半个小时脏话。
105777,195,谭明秋,2019-05-06 07:05:36,2,5,3,太傻逼了 人品极差
106882,195,谭明秋,2019-04-30 06:46:25,3,4,1,垃圾老师
107584,195,谭明秋,2019-05-07 05:06:09,0,3,3,十足的蠢货
107597,195,谭明秋,2019-05-07 10:18:38,5,6,1,探明球的满分是90吧
107604,195,谭明秋,2019-05-07 12:58:24,22,23,1,一进实验室就开始BB个没完说我们学生不懂操作导致实验仪器的损坏，现在的大学生都不懂得怎么学习，不懂得听话。严重的民族歧视，看到一个女生肤色黑有点内向就直接走上去问她是不是少数民族。在实验室里和别的老师大声扯蛋句句带脏话。言论自由但不代表就可以在这种公共场合大声发表各种敏感意见观点。真心感觉这老师心理道德有问题，建议浙大立即辞退这类老师或去做个心理健康测试和人品评价！
108550,195,谭明秋,2019-05-28 06:37:46,-6,5,11,教大物实验时像个老小孩一样，哄好了会额外给你塞私货，做的慢的话还会和你聊这个实验的问题，基本上我做他实验还是挺有收获的
109014,195,谭明秋,2019-06-05 12:34:48,8,9,1,这个真的是我在浙大最讨厌的老师，我把骂他的都赞了一遍
109056,195,谭明秋,2019-06-06 10:15:52,2,3,1,哈哈哈的体验
109459,195,谭明秋,2019-06-15 07:30:51,27,30,3,谭明秋在校，有两个问题应该自己问问。第一，你到浙大来做什么？第二，将来失业后，你会去哪里的红灯区养老？\n\n诸位在校，有两个事情应该自己明白。第一，好不容易考到浙大，不要选谭明秋的实验课。第二，为了能毕业，不要选谭明秋的大物课。
109460,195,谭明秋,2019-06-15 07:48:32,38,41,3,据不完全统计（样品大概为200份报告），谭明秋的最低分低于60，最高分报告为95分打分区间大多在75~88之间，极个别报告会有90、92、93、95分。给分没有明显规律。据对较高分报告的观测，具有但并不同时具有以下所有特点。①两份95分报告。其中一份95报告十分潦草、简略，甚至没有写思考题。但两篇实验数据记录较为全面 ②一份93报告，书写量较大、工整。但数据不齐全。90-92分报告：或数据齐全、或较为工整。书写量不大。     实验友情提示：谭明秋态度恶劣，语言粗鲁，请务必忍住打人的冲动。实验前会检查预习报告，且对迟到学生极不友好，所以预习报告一定提前写好。如果在他什么都没说之前就做实验可能会听到粗鄙之语。实验过程可能会盯着人做。且要求每个实验同学签字，检查数据比较仔细，检查并签字后勾选人名，以确保每个同学没有翘课完成实验。
109588,195,谭明秋,2019-06-17 08:57:46,11,12,1,“这实验我没做过，下次做一下”
110526,195,谭明秋,2019-06-27 09:38:57,8,10,2,“老师，我这为什么误差这么大？”“啊？我不知道，你们是不是没学过物理？不要拿手抠挡光板！你自己回去再好好想想”\n\n很不负责任呢（吐槽）\n\n
110719,195,谭明秋,2019-06-28 05:29:12,7,7,0,报告交了，偏偏不给分
111468,195,谭明秋,2019-07-01 15:51:41,-26,10,36,不知道为什么所有的人都在骂他，但是在我看来，他是一个很好的老师。我的报告是95，在我的实验的那节课上，他表现的非常和善，而且还给我讲了不少碰撞实验的有关知识，可能是碰巧，但是光看那节课的话我真的觉得他是一个非常好的老师。另外，他跟我聊天的时候说他会看实验原理，因为书上的实验原理有一些是错的，他如果看到我们抄的话都会给比较低的分，那些说他骂人素质不好的我没经历过，无话可说，但是那些说分数给的低的，我觉得其实可以先考虑一下自己是否认真的问题。个人觉得这门课，哪个老师并不重要，重要的还是自己！
116414,195,谭明秋,2019-09-10 03:51:52,4,6,2,真是太狂野了！
118701,195,谭明秋,2019-10-31 01:43:17,4,5,1,真的恶心
120696,195,谭明秋,2020-01-15 10:25:03,6,9,3,可能所有上过他的课的人都知道他有个女儿，在美国留学
124519,195,谭明秋,2020-07-02 08:58:08,2,6,4,唯一一个让我想给差评的老师。\n\n实验报告给分真的是不好，而且肉眼可见的上课不用心。实验课完全不讲解，直接就让你做。实验报告评语奇奇怪怪，对数据处理要求极其苛刻，一点没处理好就分数贼低。\n\n对待学生真的不用心，不讲课，在群里也叫同学不要私聊。说实验报告给分好的，自己可以去了解下别班老师的给分再说话。\n\n总之不要选就对了，这学期分到他的课算我倒霉。实验报告每次认认真真写也比不上别班的随便写写的分数。还不敢不认真。上课不用心，不对，就是不上课。体验特别差，千万不要选。和绩点无关，他这个上课体验，就算给了我满级都想给差评！\n\n选别的老师好好学东西，得比较高的分数不香吗，非要找虐。
125013,195,谭明秋,2020-08-10 11:56:24,0,2,2,哈哈哈
125119,195,谭明秋,2020-09-01 08:38:26,1,2,1,前面那段话是我打的，当初确实有点生气，感觉措辞有些激烈。但确实希望老师能好好上课，而不是就把实验题目发一下就没了。现在仔细想想，老师事情挺少的，就是比较严格。不过也挺想给老师提个建议如果老师能看到的话，既然老师对数据处理要求这么严格，可以在最初的几节课都抽点时间讲一下数据处理。毕竟一上来就让我们这些大一同学有这么高的数据处理能力肯定不现实，更何况很多同学没有学过微积分，只是学了高数，数据处理挺难的。如果这样我们也能学到一些东西。查老师的评论不能撤回，就当这个才是我最真实的想法。
125563,195,谭明秋,2020-09-11 14:08:42,9,11,2,就凭您这1.25分，我一定要体验一下这无与伦比的课堂（
126232,195,谭明秋,2020-09-20 08:23:24,-21,18,39,有些人没点能耐就在这骂，但凡平时学学，期末像我一样拿个5.0不是有手就行？
134592,195,谭明秋,2021-04-03 11:53:49,-7,2,9,大物实验，感觉还行....
135213,195,谭明秋,2021-05-06 04:58:32,8,8,0,垃圾老师，大物丙实验最低的实验，明明画了图，评语说没画，实验数据一丁点错就给低分，无语!
135526,195,谭明秋,2021-05-12 11:28:14,0,3,3,绩杀，垃圾
136474,195,谭明秋,2021-06-18 11:18:02,5,8,3,刚被预制，已经开始抑郁了
140563,195,谭明秋,2021-09-14 00:34:02,3,4,1,废话真多
141151,195,谭明秋,2021-09-25 01:44:20,1,3,2,很恶心
141487,195,谭明秋,2021-10-12 02:27:33,4,5,1,还没上课就开始说挂科挂科，本来想着好好听课你在这恶心人？睡大觉至少不会让我恶心
147660,195,谭明秋,2022-01-10 11:23:22,3,4,1,学会调分了，但sb的样子还没改，自学能力强的还是推荐一手，很多老师还是不调分
149501,195,谭明秋,2022-01-15 15:46:37,12,12,0,乐色老师。。污染浙大教学的老鼠屎
152236,195,谭明秋,2022-03-31 05:05:46,1,4,3,垃圾！
153019,195,谭明秋,2022-04-23 16:34:10,11,12,1,这玩意也配当老师？也不知道是哪个垃圾场里跑出来的……
153317,195,谭明秋,2022-04-28 02:48:45,5,6,1,真就无语好吧
153604,195,谭明秋,2022-05-05 12:54:26,6,8,2,听学生讲话？怎么可能，我是老师欸！哪有老师会听学生讲话的？\n\n你做的跟我想的不一样，你就是错的，毋庸置疑。\n\n你实验中有问题？你自己不听我讲还好意思问我？\n\n\n\n来自于做了碰撞实验的一员对于老师内心的揣测。
153766,195,谭明秋,2022-05-10 11:38:39,5,7,2,给分极差，快跑
154720,195,谭明秋,2022-06-04 06:59:41,7,10,3,公正客观的评价，如果我的实验报告水平是稳定的话，那么谭老师给我的实验报告平分全部都是本学期实验报告的最低分可能就反应了谭老师本身的给分就是偏低的这个事实
156241,195,谭明秋,2022-06-18 12:18:37,2,5,3,体验非常不好，力学实验仪器本来精度就一般，但他对实验误差看的很重，有点超了就把分直接拉到很低很低，但是有些明显是伪造的数据他也看不出来，我只能说很离谱，伪造的数据反而个个高分，这样的教学什么水平一目了然
157913,195,谭明秋,2022-06-25 13:25:34,-1,2,3,我不好说
161102,195,谭明秋,2022-10-27 03:43:15,8,11,3,老馋东西赶紧滚吧，你也配当老师？
161349,195,谭明秋,2022-11-04 11:39:33,12,13,1,傻逼老师，垃圾赶紧分类回收
161730,195,谭明秋,2022-11-11 12:37:30,2,5,3,非常严格，预习报告没写直接赶出去不让做实验
161964,195,谭明秋,2022-11-23 09:42:49,13,15,2,实验室拴条刀哥都比它强
161966,195,谭明秋,2022-11-15 13:10:27,9,10,1,しねこのやろう、ちくしょう
162488,195,谭明秋,2022-11-23 09:37:09,7,9,2,씨발このやろう、しねちくしょう！
165148,195,谭明秋,2022-12-29 10:42:09,-1,2,3,大雾实验给分极差
170363,195,谭明秋,2023-03-03 06:55:29,4,4,0,tmq
173113,195,谭明秋,2023-05-13 16:47:08,4,4,0,ばかやろう！
173306,195,谭明秋,2023-05-18 07:09:06,4,7,3,疯疯癫癫 抽象大王
173922,195,谭明秋,2023-06-04 14:59:42,-3,4,7,我碰撞实验写了个实验失败报告，得了92分，再看看这个评分，感觉能吹一年
174173,195,谭明秋,2023-06-07 04:14:20,10,12,2,实验课找他签字，他在打麻将，666
174316,195,谭明秋,2023-06-09 08:52:44,-12,4,16,讲课认真，提前来教室和同学聊天，很随和的老师，普物实验给分也不错
181381,195,谭明秋,2023-10-16 07:05:43,0,3,3,还好吧 我做的碰撞实验也拿了93分。言语方面是有点但是也没有评论那么离谱，实验报告老老实实用心多写点应该不会有大问题。我上课有个女生没写预习报告老师也没把她赶走，还是挺不错的
181691,195,谭明秋,2023-10-28 08:34:51,3,5,2,第一次见到有老师会数落做实验慢的学生，作为旁观者的我人都傻了
183719,195,谭明秋,2023-11-29 07:39:35,0,2,2,连续上了老师两节实验课，被单独揪出来连续批了两节课，刚开始觉得好奇怪，头一次碰到这样的老师，后来第二节课觉得他还挺好玩，个人觉得比那种不搭理人的老师好很多，实验课也会不那么无聊。给分的话其实还好，我碰撞实验误差分析跟实验心得写小作文抨击他他也没挂我，甚至分数还不是最低分（最低分示波器83，这个85），我觉得平时学习比较压抑想调节一下选这个老师还是可行的（在出生榜（低分榜）看到这老登过来给他打个10分😋）
183900,195,谭明秋,2023-12-03 07:17:40,5,6,1,这老登火气挺冲的，但看他讲话总有种莫名的滑稽感
185678,195,谭明秋,2024-01-03 13:05:01,4,6,2,大物实验三个都是这狗屎老师，瞎几把乱给分，稍微有一点点错误就直接90以下，自己三个实验要算些啥又不讲清楚，本身实验又难算（扭摆法和碰撞实验），辛苦一晚上算那啥不确定度结果老师直接因为其他一点点他自以为的小错误扣分，狗屎
192191,195,谭明秋,2024-05-11 06:35:09,6,6,0,什么也不讲直接做，做得慢会赶人走，除了个别不清楚为什么get 到他点的人有高分，一般人给分都不好（样本6，100 一位，87-5位），想冲5.0的可以选，一般人能不选就不选吧
192334,195,谭明秋,2024-05-15 14:22:42,4,6,2,傻逼，上课嘴臭讲不清楚道理，最脑瘫的是做个实验不确定度要用一整张纸才写的下，究极脑瘫，当初还不如选陶潜
192588,195,谭明秋,2024-05-24 09:56:19,-3,5,8,选到他的实验课，被评分所惊，战战兢兢地认真写了两次报告（课外用时均5h+)，把纸上几乎所有空白都填上，还另附了两页纸，最后分数不错，99+96，也对得起我的付出了
192757,195,谭明秋,2024-05-30 05:22:33,1,4,3,事多分少
195244,195,谭明秋,2024-06-27 11:44:21,2,3,1,说话方式有点不喜
217863,195,谭明秋,2025-04-17 08:27:41,0,0,0,。。。
1069,204,厉位阳,2015-03-21 16:04:35,28,60,32,上课不是照着书本念的，讲的很好
1682,204,厉位阳,2015-03-23 08:12:05,3,12,9,章末总结是个坑
2523,204,厉位阳,2015-05-04 13:26:28,12,30,18,上课讲的很好
4320,204,厉位阳,2015-06-19 03:33:32,2,13,11,好！
5320,204,厉位阳,2015-07-06 14:52:20,6,21,15,很认真的一个老师
9000,204,厉位阳,2015-10-08 12:51:33,4,23,19,感觉是讲的最好的大雾老师
9427,204,厉位阳,2015-10-27 02:58:38,-2,3,5,爽爽爽
11515,204,厉位阳,2015-12-03 09:09:05,2,5,3,好好好
13090,204,厉位阳,2015-12-25 00:36:41,-2,2,4,很不错
14612,204,厉位阳,2016-01-08 03:04:08,5,14,9,不喜欢讲题目，但非常看重物理知识的来龙去脉，看重基础，经常强调要把物理思想用到其他地方
15832,204,厉位阳,2016-01-16 11:43:42,-3,2,5,有才华的老师
23240,204,厉位阳,2016-03-23 00:09:18,7,15,8,比较有自己的教学方式，喜欢让大家提问题和分享问题
23595,204,厉位阳,2016-04-08 04:44:04,1,11,10,感觉老师平时上课高度很高 会讲一些有趣的问题。不屑于答疑也就算了，要求我们自己提分享性的问题，可是我们又不止物理一门课，哪有时间看物理课外资料。平时上课吧，扯扯国家，社会大事也就算了，说这个教授不对，那个教授错的，这不太好吧。总之，如果把物理当成兴趣来学，上他的课还是不错的，要是当成课程来学，自求多福吧。
23947,204,厉位阳,2016-04-22 04:24:57,10,15,5,并不是很喜欢这样讲课拖沓喜欢聊天的老师
25534,204,厉位阳,2016-05-25 00:54:15,16,31,15,差！上课不知道在讲什么。一大半时间在扯别的
26434,204,厉位阳,2017-06-26 05:10:27,15,35,20,个人非常不习惯老师的讲课方式，总觉得在拖时间，一个点讲很长时间貌似很深入实际上感觉就是三两句就能讲明白的东西…真的听不进去他讲课，最后也考得超差?而且感觉他并不能包容学习一般的同学，张口闭口都是讲学习好的同学要如何如何的，感到很失望?可能是我太蠢了吧
28360,204,厉位阳,2016-06-28 08:40:06,0,2,2,挺好的，老师教的挺不错的
28386,204,厉位阳,2016-06-29 07:10:22,-8,5,13,认真学绝对有收获———来自一个高中物理小弱变成大雾差点满绩的小透明的感悟
28966,204,厉位阳,2016-06-29 04:32:13,0,4,4,真的差
29027,204,厉位阳,2016-06-29 06:50:09,-5,2,7,老师上课真的让我对物理有了新的认识，讲课也非常有趣。
29070,204,厉位阳,2016-06-29 08:07:41,5,5,0,不好\n\n
29086,204,厉位阳,2016-06-29 08:25:31,4,7,3,反正我上课也没听
29905,204,厉位阳,2016-06-30 13:24:16,-1,2,3,讲的好，包含了很多课外的知识
30291,204,厉位阳,2016-07-01 07:56:28,-2,3,5,蛮好的
31371,204,厉位阳,2016-07-03 20:44:59,-6,2,8,三观很正
34511,204,厉位阳,2016-10-12 09:09:21,-3,2,5,课上得很好，不讲习题也没什么啦
34792,204,厉位阳,2016-10-23 05:32:37,42,55,13,大物实验巨坑，讲得很好，实验报告给分巨坑，不要选他的实验
35106,204,厉位阳,2016-11-02 10:19:55,-2,4,6,实验课给分最坑的老师，没有之一！
38966,204,厉位阳,2016-12-20 05:37:18,4,6,2,大物实验给分太差了，他眼里太容不得沙子
40438,204,厉位阳,2017-01-03 09:50:06,-5,3,8,大物最好老师
42242,204,厉位阳,2017-01-14 02:58:48,-2,3,5,很有想法的老师 很用心
43843,204,厉位阳,2017-01-17 04:57:01,7,12,5,除了给分巨坑外没有别的问题了
44057,204,厉位阳,2017-01-17 08:50:26,7,12,5,给分太低了\n\n
48390,204,厉位阳,2017-03-03 00:04:13,3,6,3,自学是坠吼的
49635,204,厉位阳,2017-04-21 00:18:06,-2,1,3,课很好
49981,204,厉位阳,2017-04-28 03:01:09,-2,1,3,思路清晰，也注重物理思维的培养，不是照本宣
51532,204,厉位阳,2017-06-07 03:17:52,11,11,0,被分到他的自学班。。
51545,204,厉位阳,2017-06-07 04:14:28,0,5,5,听老师谈人生，物理课过得很快乐
53055,204,厉位阳,2017-06-25 07:42:17,-2,1,3,喜欢科学，爱刨根问底的老师
53382,204,厉位阳,2017-06-26 13:05:29,1,3,2,老师认真是相当认真的，上课讲的是很好的，回答问题也相当耐心。那个线上线下...可能我基础不好，不太适应
54748,204,厉位阳,2017-06-30 06:58:00,-1,2,3,还可以，这学期课少，老师上课挺会抓重点的
55070,204,厉位阳,2018-12-26 14:54:11,2,6,4,是一个很有想法的老师，认真负责，这学期分到了他的自学班，还是很考验能力的，课上不拘泥于书本，讲的挺有趣，不过对于成绩不好的同学可能会有点困难。至于给分，，，大物更多的还是靠自己吧。
58656,204,厉位阳,2017-09-12 17:00:56,20,25,5,什么线上线下混合教学？!emmmm……大物甲1全靠自学，，，给分一般般，，，
59774,204,厉位阳,2017-09-27 02:16:17,4,5,1,贼鸡儿烦
60337,204,厉位阳,2017-10-18 00:05:29,-1,2,3,代班的老师，感觉说得很清楚，很不错的。
61064,204,厉位阳,2017-11-08 01:18:05,-3,4,7,为什么小测不在交作业的那一天，也不提前通知...
65198,204,厉位阳,2017-12-30 14:53:50,7,10,3,真的差，整天扯别的不好好上课
65509,204,厉位阳,2018-01-05 00:56:18,1,6,5,为什么不能给0分，这老师真的有毒
66569,204,厉位阳,2018-01-26 03:22:15,7,12,5,剧毒，瞎扯
69879,204,厉位阳,2018-01-25 15:16:58,0,2,2,好老师，受教了
69897,204,厉位阳,2018-01-25 15:34:46,1,3,2,可能我不太适合老师的讲课方式，上课基本没听，全靠自学，，最后成绩还行。
70304,204,厉位阳,2018-01-26 11:55:28,2,6,4,其实是很可爱很有赤子之心的老师，感觉很幸运！期中考完还会让你查卷子，还会给你讲，真的很好
76882,204,厉位阳,2018-04-25 08:01:52,1,1,0,讲实验最细致的老师
79136,204,厉位阳,2018-05-24 02:03:02,2,2,0,给分低外没什么问题
79172,204,厉位阳,2018-05-25 08:21:35,20,26,6,上课该讲的题目不讲，扯别的一大堆。当然，也许物理好的会比较喜欢，反正我不适应，仁者见仁智者见智吧。
79280,204,厉位阳,2018-05-30 03:13:27,-3,5,8,上课自己讲自己的，完全不知道他在讲什么，完全靠自学。
79725,204,厉位阳,2018-06-13 14:43:48,2,2,0,不好意思老师还是很好的\n\n上面那个是我发的\n\n然而那个老师不是厉位阳老师?‍♂️
83024,204,厉位阳,2018-10-15 03:17:44,0,4,4,听老师的课，看老师的给分方式，是一种很垃圾的体验。你会感受到一种由内而外的恶心
83049,204,厉位阳,2018-07-09 14:25:17,-2,1,3,老师课上人生哲理挺多的，自己学学课本也能学好，老师有些题的想法是很不错的。解题时候很舒服。人很好的！
83057,204,厉位阳,2018-07-09 14:40:26,3,4,1,老师课讲得蛮好，不过不公布平时分实在太伤了…
83066,204,厉位阳,2018-07-09 14:58:07,2,3,1,神奇的课程和给分
83088,204,厉位阳,2018-07-09 15:51:15,4,5,1,挺无聊，不如自学
83151,204,厉位阳,2018-07-10 00:13:37,8,11,3,低分飘过 尽量客观的评价一下这个老师吧。平时分没有一个固定的给分框架(至少对学生而言是不可见的)，但是他很重视微信群中的发言与讨论，积极性高平时分肯定不低。总评的话，满绩挺多，低分应该也不少。
83195,204,厉位阳,2018-07-10 02:12:50,-30,4,34,很好的老师，上课比较有意思，最后收获第一个满绩。
87084,204,厉位阳,2018-09-20 07:46:06,1,2,1,太啰嗦了
88198,204,厉位阳,2018-10-24 01:34:21,2,2,0,无语了
91495,204,厉位阳,2018-12-12 01:04:25,4,4,0,一份都不想给
91829,204,厉位阳,2018-12-21 15:20:16,0,0,0,大物试验课上开始讲人生哲理，然后成绩给了最低??
92620,204,厉位阳,2019-01-03 06:43:32,0,1,1,是个好老师，但也是个话唠
93694,204,厉位阳,2019-01-12 02:10:32,-3,0,3,大物实验选了老师的两个实验。碰到简单的实验老师在讲原理前会说很多课外的东西。（还是挺有趣的）\n\n实验报告认真写（比如实验数据处理中的分析）再加一些拓展或者是补充，给分还是可以的。
103957,204,厉位阳,2019-03-08 02:55:22,0,0,0,日常口胡\n\n这个这个这个....\n\n乌鲁乌鲁乌鲁
104571,204,厉位阳,2019-03-24 00:55:53,1,1,0,讲得很细，但是实验玄学给分
104826,204,厉位阳,2019-03-28 10:23:08,-16,2,18,……竟然给了我95？？
105627,204,厉位阳,2019-04-17 12:36:01,7,7,0,物理实验绩杀，别选他的实验
105660,204,厉位阳,2019-04-18 05:47:05,2,3,1,不明白为什么分数这么低，选到他的大物实本来没报什么希望，上完课觉得好喜欢这个老师。实验讲解很细致，对器材的介绍也很有条理，那节课因为人少所以老师一直在来回走动看大家做实验时有没有遇到什么问题，非常负责。最后签字的时候还和我们唠嗑开玩笑，对我们专业似乎也挺好奇的，感觉他是挺可爱挺负责的一老师
105876,204,厉位阳,2019-04-22 12:49:39,0,3,3,讲的稀烂
109404,204,厉位阳,2019-06-14 02:39:33,3,5,2,老师课讲的很不错，目前也会讲一些习题，大部分课不点名，偶尔可能会点名。感觉很负责任
110156,204,厉位阳,2019-06-24 03:10:55,2,3,1,人挺好的，有耐心，和之前看到的不太一样
111442,204,厉位阳,2019-07-01 13:47:34,7,9,2,我觉得老师上课上的挺好的hhh评分一开始低还想换掉但是上了这个学期我觉得收获还挺多，而且而且不用占座?
112485,204,厉位阳,2019-07-04 11:46:48,-1,1,2,对于公式的记忆有形象的方法。很关心同学！
112925,204,厉位阳,2019-07-05 12:25:20,-2,1,3,大物甲体验很不错
113628,204,厉位阳,2019-07-07 01:29:35,-2,0,2,上课感觉挺好，但是总觉得缺点什么。老师人很好，课后可以聊天。
116608,204,厉位阳,2019-09-12 03:52:17,-1,2,3,讲的很细，认真负责
117692,204,厉位阳,2019-09-29 03:21:51,5,6,1,比别的老师讲得快一章的时候“我从来没有讲得这么慢过”
117962,204,厉位阳,2019-10-17 02:32:12,8,9,1,大物实验 没见过b话这么多的老师
120664,204,厉位阳,2020-01-14 22:37:28,-4,3,7,老师看起来经验挺丰富的，但是建议有较好的物理基础的同学选他的课，要不然可能听不懂。平时听老师讲讲他的物理思想还挺有意思的。期中考的时候被玉泉食堂的诺如给毒了，只考了七十多，期末极限反杀但还是差了两分才满。最后总评94，差一分老师也没给调。总体来说还行吧，主要是期中炸了，的确没啥办法。
121120,204,厉位阳,2020-01-19 17:10:01,-2,3,5,大物课讲的超级好！
122406,204,厉位阳,2020-02-26 09:03:47,4,4,0,上的普物实验，老师喜欢拖堂，而且都是无关内容，对比其他普物实验老师，非常糟糕：实验报告ddl非常短，而且不近人情，讲得挺一般的，难道还希望学生个个是天才都自学实验然后交报告？
123311,204,厉位阳,2020-06-02 07:46:48,112,120,8,讲得太好了，1.5学分的实验课讲了15学分的内容，而且还是重复的1.5学分讲10遍，必须十分好评，分十次付款
123838,204,厉位阳,2020-06-15 01:55:19,1,5,4,上课废话多，要求屁事多，不说了写论文去了，口区
130192,204,厉位阳,2021-01-19 01:13:56,5,7,2,自己评分越来越低心里没点数么，还一直自我感觉良好，确实会比其他老师讲得深入些，但我实在受不了这个人，跟我初中班主任一样，搞得人毫无学习的兴趣
135264,204,厉位阳,2021-05-07 06:20:38,2,7,5,实在是不知道这老师评分怎么会只有七分的 这真的是我见过最负责最和善的老师了 期中考考得不好去找他 他帮忙分析了卷子 还帮我找到批错了五分马上给我加了回去   小测什么的给分都很好 上课讲的也很好很有意思  有问必答还鼓励提问
135707,204,厉位阳,2021-05-20 04:43:43,-5,1,6,大物实验的同学，当天做了实验草草就写了报告没想到出分之后还挺高的，就很开心，对他讲课没啥感觉，给个八分好了
137516,204,厉位阳,2021-07-04 18:00:06,-7,1,8,老师挺注重对概念的理解，不让我们死记硬背，对于知识点的讲解也很透彻，平时钉钉上同学有问题他也会回答，总之是一个很好的老师，我绩点虽然不高，但是我还是很庆幸我有这么一个好老师，9分走起
139817,204,厉位阳,2021-07-28 10:56:12,-5,10,15,厉位阳阳痿
140999,204,厉位阳,2021-09-23 08:48:09,-2,3,5,在浮躁的时代，老师让我们耐下性子手抄实验报告，于浮世中练就自己的沉稳气质，用心良苦，10分！
145635,204,厉位阳,2021-12-31 01:12:38,4,5,1,平时分太搞心态了
145867,204,厉位阳,2022-01-03 12:50:32,6,6,0,感觉老师只关注成绩好的同学，干啥都是学习好的同学怎样怎样，像我这种物理学不会的小辣鸡真的感觉很不舒服，不过也可能是我太菜了 也不能怪老师。我室友物理很好，就很明显看出来态度不同，就，还是很难受的吧，虽说老师都喜欢成绩好的同学，但他真的对成绩不好的同学没有什么包容心。
146049,204,厉位阳,2022-01-05 08:53:22,82,87,5,希望你找工作工资先不告诉你，稍微增加点难度，意味你自己判断。生活也是如此，已知条件多，就容易些，反之亦然。
146056,204,厉位阳,2022-01-05 09:28:03,20,25,5,您家人是死是活，这个有点区别，但感觉区别不大呀[抱拳][抱拳][抱拳][抱拳][抱拳][抱拳][抱拳]\n\n相安勿躁\n\n祝阅卷顺利。
146059,204,厉位阳,2022-01-05 09:43:32,7,8,1,搞我心态？薛定谔？\n\n我把您塞进箱子里
146600,204,厉位阳,2022-01-07 04:54:30,-4,3,7,还行吧
146747,204,厉位阳,2022-01-07 10:10:21,15,17,2,就是说一学期下来很不爽
146986,204,厉位阳,2022-01-08 09:44:17,-10,3,13,平时分给的很好
147689,204,厉位阳,2022-01-10 13:06:35,7,8,1,平时分正太，小测还要写的快，至少对于推理的比较慢的同学挺不友好的吧，感觉最后全是给他平时分乱搞毁了。
149437,204,厉位阳,2022-01-15 10:37:27,16,17,1,大物实验\n\n恶心人
152363,204,厉位阳,2022-04-06 15:40:02,2,9,7,阳痿厉？
152706,204,厉位阳,2022-04-18 14:28:36,8,10,2,同意下面的某条评论。老师很有想法，喜欢跳出课本讲一些学习习惯、个人经历等话题，还会讲一些开放性的题目，课堂上会抽同学发言，课后鼓励同学提问交流，一定程度上可以培养物理方面的兴趣。但是真正讲课的时候极其草率，要么语无伦次、思维不清，要么直接让看书或者看课件，很大程度上要靠自学，对物理小白来说很不友好。\n\n老师在第一节课就强调逻辑的力量，课上也不断提及物理的逻辑，但是个人感觉他自己的授课没有体现出这一点。
155365,204,厉位阳,2022-06-11 15:02:46,-1,4,5,老师挺负责的挺认真的 就是小测有点恶心人
156538,204,厉位阳,2022-06-20 08:02:16,-1,6,7,虽然我很烂，但是看得出老师在用心捞我了\n\n老师是挺热情有想法的，小测的难度比较大吧，\n\n建议物理程度好一点的同学选
156750,204,厉位阳,2022-06-21 01:40:53,-2,5,7,我愿称之为神捞
156751,204,厉位阳,2022-06-21 01:40:52,-2,6,8,很能捞 很喜欢老师 虽然上课不听是因为听不太进去 物理不好也是自己的问题\n\n群里开团骂老师那个你有事吗？要不看看自己过程成绩？
158119,204,厉位阳,2022-06-27 05:26:03,4,6,2,给分太差
158748,204,厉位阳,2022-07-01 23:41:25,13,16,3,lwy给分奇差无比，我平时实验平均93还能给我3.6还nm卡绩，吐了啦
160940,204,厉位阳,2022-10-20 12:00:43,-6,5,11,大物实验，很温柔的一个老师
165151,204,厉位阳,2022-12-29 10:56:15,19,19,0,6 6 6
165153,204,厉位阳,2022-12-29 11:15:35,43,47,4,大物实验一个月前考试取消，考前五天通知考试，同学们集体诉求时您在群里维稳，说老师们都是为大家考虑，可笑
165184,204,厉位阳,2022-12-30 02:27:52,28,32,4,换位思考，多角度去看，如何去做？\n\n这分数对你有多重要？\n\n应该没什么影响吧
165185,204,厉位阳,2022-12-30 03:22:15,28,28,0,66666666
165186,204,厉位阳,2022-12-30 02:42:06,77,81,4,扪心自问一下，你服务的是学生还是自己的乌纱帽？
165199,204,厉位阳,2022-12-30 04:05:35,48,50,2,《请学生们相安勿躁，老师们一直在为你们考虑》
165204,204,厉位阳,2022-12-30 05:32:29,19,20,1,相安勿躁，1分送上
165208,204,厉位阳,2022-12-30 06:06:48,17,19,2,同学们相安勿躁，老师们一直在为你们考虑，不过是提前五天通知有期末考而已
165217,204,厉位阳,2022-12-30 06:47:31,13,13,0,纯纯罕见
165220,204,厉位阳,2022-12-30 07:07:15,15,16,1,cpu谁呢，依托答辩
165222,204,厉位阳,2022-12-30 07:53:00,7,7,0,给分真几把差
165225,204,厉位阳,2022-12-30 09:14:45,9,12,3,为物理实验中心背锅？\n\n小丑罢了\n\n且不上升到为人，只说情商，很不合格\n\n\n\n你的乌纱帽在不在，这有点区别，但区别不大呀\n\n同学们也一直在为您的乌纱帽考虑
165245,204,厉位阳,2022-12-30 13:35:17,8,8,0,大物实验死ね！씨발노마
165246,204,厉位阳,2022-12-30 13:37:07,7,7,0,傻逼一个，还“老师们一直在为你们考虑”😅第一次网课的时候说考试取消，后来同学们在群里问考查是什么意思，课程组也一直在装死，结果考前五天出尔反尔突然通知要考试，这就是你们所谓的认真考虑的结果吗😅傻逼，大物实验和大物实验课程组就是一坨屎💩
165307,204,厉位阳,2023-01-17 12:11:04,38,39,1,依托答辩
165315,204,厉位阳,2022-12-31 12:39:19,8,8,0,课程组考前六天通知增加考试，厉发表重要指导：扪心自问，在这非常时期，你作为浙大学生，你在做什么？
165329,204,厉位阳,2023-01-01 09:11:13,28,29,1,不尊重人民，人民将他踩在脚底
165330,204,厉位阳,2023-01-01 09:33:53,18,19,1,呵呵呵呵\n\n每年的逆天言论都是他\n\n明明不把学生好好对待，还要说的自己很伟大，站在道德制高点似的
165332,204,厉位阳,2023-01-01 10:19:13,11,13,2,老师的钉钉群的表现不必多说了吧
165333,204,厉位阳,2023-01-01 11:18:06,11,12,1,666666\n\n真希望教师工资和评分挂钩
165334,204,厉位阳,2023-01-01 11:20:01,7,7,0,666666\n\n为什么教师工资不和评分挂钩呢\n\n还有真不知道他在疫情期间做了什么感天动地的伟业
165337,204,厉位阳,2023-01-01 13:56:56,7,8,1,傻逼哦
165341,204,厉位阳,2023-01-01 16:25:13,9,9,0,不评价老师  大物实验这门课就是一整个SB课！
165382,204,厉位阳,2023-01-04 02:48:22,15,16,1,纯纯nt
165384,204,厉位阳,2023-01-04 03:11:52,11,11,0,很会说话
165392,204,厉位阳,2023-01-04 05:23:35,21,21,0,厉老师是怎么做到几天出了别人一辈子都想不出来几个的逆天解决方案的。。。
165399,204,厉位阳,2023-01-04 08:59:48,34,35,1,既然只考单摆，为什么考前要瞎给考试范围？？？说好的考绪论，示波器和分光计呢？？？这屎课干脆改名叫大学单摆实验得了😅😅😅
165489,204,厉位阳,2023-01-07 06:23:12,17,17,0,大物实验课程组，柠檬什么时候酸啊😅
165510,204,厉位阳,2023-01-07 14:25:11,17,18,1,依托答辩
165602,204,厉位阳,2023-01-09 03:12:05,33,34,1,"大物单摆实验课题组纯逆天:\n\n平时实验报告必须手写；\n\n老师评分扣分项不给理由（尤其是最后几次实验为了拉低学生平均分有故意打低分的嫌疑）；\n\n考前五天通知限时""作业""，网络拥堵交不上还要倒扣分；\n\n对考查有关的问题通通冷处理装死；\n\n还有傻逼的限时""作业""，你他妈给的范围是啥，考的又是啥？\n\n课题组你们都是一个妈生的吗？怎么个个这么脑瘫逆天？"
165702,204,厉位阳,2023-01-09 10:19:06,15,19,4,厉位阳\n\n你阳痿\n\nnmsl
166160,204,厉位阳,2023-01-11 08:29:02,15,16,1,dinner
166530,204,厉位阳,2023-01-12 15:46:19,14,15,1,CNMD，给的分什么玩意，我的报告误差和不确定度这么小给最低的分又不写理由，纯整人是吧
166937,204,厉位阳,2023-01-14 09:42:08,0,8,8,看在你期末给分还行的份上，就勉强不给你打一分
166950,204,厉位阳,2023-01-14 10:22:54,4,5,1,不太行
168010,204,厉位阳,2023-01-22 06:46:30,8,9,1,呵呵。
168045,204,厉位阳,2023-01-24 08:19:21,7,9,2,6\n\n6\n\n6
168238,204,厉位阳,2023-02-19 05:25:38,21,29,8,我今天想骂人，不骂阳痿厉位阳了
168245,204,厉位阳,2023-02-06 02:30:27,8,9,1,差不多得了
168504,204,厉位阳,2023-02-19 04:00:31,175,207,32,期末考泄题，操你妈，很公平？
168506,204,厉位阳,2023-02-19 04:12:07,66,75,9,nmb泄题？
168507,204,厉位阳,2023-02-19 04:16:26,59,67,8,泄题是吧
168508,204,厉位阳,2023-02-20 08:18:17,124,139,15,给他洗的，典型的抢到史吃的狗护主
168512,204,厉位阳,2023-02-19 04:29:03,75,85,10,期末考前泄题，依托答辩
168513,204,厉位阳,2023-02-19 04:29:06,59,68,9,泄题!泄漏期末考试试卷！！！人品问题，素质感人，不会做人吗？？？
168514,204,厉位阳,2023-02-19 04:39:18,26,32,6,牛马老师，还tm泄题
168515,204,厉位阳,2023-02-19 04:44:31,49,60,11,学弟学妹请选，这个剑冢他妈的泄题
168516,204,厉位阳,2023-02-19 04:53:30,28,34,6,泄题狗去死
168518,204,厉位阳,2023-02-19 04:51:43,27,34,7,老师可能觉得学生考高分就会给他打高分
168519,204,厉位阳,2023-02-19 05:02:30,14,19,5,泄题是吧
168520,204,厉位阳,2023-02-19 05:02:22,25,31,6,是故意的还是不小心？
168521,204,厉位阳,2023-02-19 05:14:11,18,24,6,学弟学妹快跑，且不论泄题说明此人人品如何，这人是大物实验管事的，各位查查大物实验往事就知道这人有多nt
168522,204,厉位阳,2023-02-19 05:15:13,6,9,3,呵呵，真6啊
168523,204,厉位阳,2023-02-19 05:15:13,5,7,2,呵呵，真6啊
168525,204,厉位阳,2023-02-21 15:19:54,-44,18,62,选就完事了 考前泄题 希望我浙千万不要处理这件事 这种老师越多越好🤗
168526,204,厉位阳,2023-02-19 05:48:36,7,10,3,???要是泄题是真的，那枉为人师
168527,204,厉位阳,2023-02-19 06:35:19,35,42,7,因为疫情导致期末考开学考，请你扪心自问，在这非常时期，你作为浙大老师，你在做什么？你为了让你的学生的考得好来满足您那羞耻心就故意泄题，这是一个浙大老师应有的风范吗？强烈建议学校给该老师一个处分，给广大学生一个合理的说法!
168528,204,厉位阳,2023-02-19 06:37:16,8,10,2,这到底是怎么样的一位人物 好好奇真人………………
168529,204,厉位阳,2023-02-19 06:59:43,9,10,1,阑尾炎
168530,204,厉位阳,2023-05-08 06:22:52,22,24,2,泄题是吧\n\n答辩老师厉阳痿\n\n好了 就因为你现在大雾甲期末整个学期的东西都要考了
168531,204,厉位阳,2023-02-19 07:29:44,15,18,3,泄题，结合其发表的“为什么我给同学们分高 同学们给我打分却那么低”品\n\n早就觉得这人人品多少有问题，但没想到低劣到这种程度\n\n但悲观一点看，学校某些领导大概不会处理这种事情吧
168533,204,厉位阳,2023-02-19 08:13:39,7,10,3,我囸你仙人
168534,204,厉位阳,2023-02-19 08:21:45,7,11,4,泄题哥阳痿厉
168535,204,厉位阳,2023-02-19 08:22:23,6,8,2,泄题狗***
168536,204,厉位阳,2023-02-19 23:54:30,7,9,2,我从未见过如此厚颜无耻之人！yue
168542,204,厉位阳,2023-02-19 09:16:28,5,7,2,大物甲2期末泄题，大物实验依托答辩，求是创新？
168544,204,厉位阳,2023-02-19 09:24:00,5,9,4,牛马老师，nmsl，脑西带佬，那么个比，西斯
168546,204,厉位阳,2023-03-02 06:15:58,18,21,3,老阴逼\n\n真撒比\n\n立阳痿
168547,204,厉位阳,2023-04-20 07:07:52,16,18,2,阑尾炎，柠 檬什么时候酸啊？\n\n期末考试爆炸，如果泄题的分全对，我直接能满绩😋
168564,204,厉位阳,2023-02-20 03:47:07,33,38,5,666楼下洗地的差不多得了，又当婊子又想立牌坊
168565,204,厉位阳,2023-02-19 14:11:05,6,8,2,操你妈，傻逼
168566,204,厉位阳,2023-02-19 14:12:25,2,3,1,泄题垃圾
168570,204,厉位阳,2023-02-19 15:11:13,3,4,1,泄题勾 泥麻麻石蜡 🤗
168571,204,厉位阳,2023-02-19 15:38:45,3,4,1,nm去死吧
168572,204,厉位阳,2023-02-19 16:33:54,0,2,2,呵呵呵
168573,204,厉位阳,2023-02-19 17:44:24,4,4,0,这个老师很棒，有一种失去珍珠的美
168574,204,厉位阳,2023-02-20 00:19:50,59,67,8,大学物理请务必选他，考前发的练习卷可是有9道原题呢😅
168575,204,厉位阳,2023-02-20 01:17:46,-33,10,43,洗白了，sorry老师
168583,204,厉位阳,2023-02-20 03:15:20,-69,20,89,泄题一事感觉是偶然吧\n\n老师泄题对他有何好处？\n\n感觉就是一堆没考好的人不找自己原因急了（真实实力体现
168588,204,厉位阳,2023-02-20 03:50:53,30,35,5,快选快选 期末考前白送九道真题包您满绩
168594,204,厉位阳,2023-02-20 04:34:28,6,6,0,。。。
168597,204,厉位阳,2023-02-20 04:59:33,-24,20,44,大家冷静些，我不是这位老师班上的，但看到大家这样骂还是觉得不太合适……
168599,204,厉位阳,2023-02-20 05:03:56,19,22,3,希望泄题事件能给公众一个交代
168601,204,厉位阳,2023-02-20 06:20:29,9,14,5,辣鸡玩意喜欢泄题，给爷死
168602,204,厉位阳,2023-02-20 06:54:57,24,32,8,lwy班上的既得利益者把你们的🐶嘴闭上😋 他🐴了个8兹的洗地的啥比都去亖捏🤗
168604,204,厉位阳,2023-02-20 07:12:28,17,18,1,快来，期末肯定考得好哈～
168619,204,厉位阳,2023-02-20 09:52:14,17,19,2,既得利益者在下面洗洗洗，我们其他老师班的活该被这种卷子恶心，你们就理所应当觉得我们做不出来是不努力吗😅
168620,204,厉位阳,2023-02-20 09:58:21,9,9,0,36000+
168621,204,厉位阳,2023-02-20 09:59:10,19,21,2,考前给了三套卷子加起来没三十道题，有六七道就是考试原题，那他妈大物一张卷子就18个题，还几把巧合呢，能不能算算巧合的置信区间啊\n\n还有孝子隔这洗，用自己的浮木换考试的几道原题是吧
168677,204,厉位阳,2023-02-21 01:59:53,1,3,2,lwy
168712,204,厉位阳,2023-02-21 10:42:22,37,40,3,真的是我见过最逆天的人啦，脑子被驴踢了吗？大物实验办的跟浓泄一样，这次的大物考试还tm泄题。你怎么不把你🐎的骨灰泄出来呢？
168716,204,厉位阳,2023-02-21 10:49:33,21,23,2,就上课体验来说，大学物理实验组的平均智商可能不到80，是不是物理系学渣才去教实验啊？
168751,204,厉位阳,2023-02-21 16:00:03,4,6,2,666
168814,204,厉位阳,2023-02-22 11:36:27,-46,8,54,老师教的很好，大物实验和大物都是这个老师教的，人非常负责任
168837,204,厉位阳,2023-02-22 14:55:14,10,16,6,好老师？？？
168841,204,厉位阳,2023-02-22 15:23:47,33,36,3,说是好老师的，你在狗叫什么？
168863,204,厉位阳,2023-02-23 04:42:30,7,8,1,66666666666666666666
168891,204,厉位阳,2023-02-23 08:46:31,-43,8,51,给分真的很好，大物1根本学不会，这次居然满了
169396,204,厉位阳,2023-02-26 02:59:38,9,10,1,我从未见过如此厚颜无耻之阳痿厉
169466,204,厉位阳,2023-02-26 10:16:54,10,10,0,一直到出分也没有解释 真够尿性的 牛 以后每年都押题吧 学弟学妹肯定给10分
169526,204,厉位阳,2023-02-26 16:01:01,7,7,0,泄题666没得洗
169602,204,厉位阳,2023-02-27 05:47:37,7,7,0,666
169603,204,厉位阳,2023-02-27 05:48:54,9,9,0,泄题，6
169726,204,厉位阳,2023-02-27 14:04:47,1,3,2,真是太关心学生啦
169766,204,厉位阳,2023-02-28 00:21:32,20,20,0,……期末考贼难还泄题 一个班几十个满绩 其他班期末分数像依托答辩 您老人家真的觉得这很公平吗…………（汗颜）
169982,204,厉位阳,2023-03-01 01:17:13,14,14,0,这么多评论被删了？
170306,204,厉位阳,2023-03-02 15:22:06,13,15,2,出了那么严重的教学事故，为什么不辞退lwy，甚至连通报批评都没有？
170307,204,厉位阳,2023-03-02 15:22:06,12,13,1,出了那么严重的教学事故，为什么不辞退lwy，甚至连通报批评都没有？
170356,204,厉位阳,2023-03-03 05:51:38,9,9,0,隔壁班的.泄题真恶心
170491,204,厉位阳,2023-03-06 02:18:09,20,21,1,据说这次大物其他班平时分不按正态算，只有lwy的班按照正态来降了学生平时分。如果这是真的，那何尝不是一种做贼心虚，给其他班补偿，给lwy班降分？\n\n只能说祂给自己维护行为和那些维护祂的人真让我反感
170808,204,厉位阳,2023-03-10 03:25:32,5,6,1,一般吧
170905,204,厉位阳,2023-03-12 05:15:58,13,13,0,感谢浙大治好我素质过高的问题
171087,204,厉位阳,2023-03-16 01:06:14,6,6,0,yue
171448,204,厉位阳,2023-03-24 13:28:41,5,5,0,泄题的事处理了吗
172340,204,厉位阳,2023-04-25 07:34:26,3,4,1,讲的烂，人品还烂
172584,204,厉位阳,2023-05-01 02:09:30,6,6,0,你说的对\n\n但是大物实验和泄题是您的创薪吗
172795,204,厉位阳,2023-05-07 07:56:04,3,3,0,简直是一个sb
172864,204,厉位阳,2023-05-09 00:54:47,-1,0,1,123
172981,204,厉位阳,2023-05-10 23:46:09,30,31,1,泄题就算了，物理组的处理方案居然是认为考试范围过小导致撞题，因此现在每次期末都要考这学期全部内容（以前是期末不考期中的内容），恶心之后每一届学生
173140,204,厉位阳,2023-05-17 01:00:31,6,7,1,大物实验考察是你吗什么馊主意，然后大物期末考泄题，草尼玛，很公平？
173171,204,厉位阳,2023-05-22 06:08:04,-3,2,5,老师普物实验讲的挺好的，也很有耐心，人很友善。给分也很好！！
173421,204,厉位阳,2023-05-24 02:45:27,5,5,0,泄nm题
173828,204,厉位阳,2023-06-03 11:03:14,2,4,2,傻鸟.
173829,204,厉位阳,2023-06-03 11:04:52,9,9,0,没有师德 打电话威胁学生 依托答辩
173891,204,厉位阳,2023-06-04 07:11:08,2,2,0,11111
173926,204,厉位阳,2023-06-04 16:28:37,-22,19,41,即便厉老师有什么做的不够好的，做学生的也不应该对老师进行人身攻击和辱骂吧？学生在学校不仅仅学习知识，尊师重道也是学生应有的修行。
174159,204,厉位阳,2023-06-07 01:34:51,9,13,4,单说普物实验，可以选，讲得清楚给分好
175435,204,厉位阳,2023-06-25 01:49:00,12,14,2,我真无语了，真的会谢谢你。期末周本来就已经很来不及了，我真谢谢你还多给我四章复习。这前后压根就没有什么联系啊，我真的会谢啊。虽说这个前面四章忘光光也是不应该的，但是我不管，我就是很想哭啊啊啊啊啊啊
175443,204,厉位阳,2023-06-25 02:46:45,6,9,3,慕名而来，给个一分
175462,204,厉位阳,2023-06-25 05:15:54,-3,8,11,巨捞 我哭死😭
175551,204,厉位阳,2023-06-25 12:54:34,15,17,2,泄题事件后大雾要考包括期中考前的所有内容，以大雾甲的难度和大雾公式的数量来说根本不合理。现在复习得想死。如果这就是你们口中的老师为学生考虑，我只想说我来这里就是个错误
175583,204,厉位阳,2023-06-25 15:59:02,2,6,4,实话实说，普物实验讲的很不错，普物实验可以放心选，老师挺耐心的。
175584,204,厉位阳,2023-06-25 16:00:07,6,6,0,慕名而来
175585,204,厉位阳,2023-06-25 16:03:08,7,8,1,慕名而来，“大物教学体制改革先驱者”，一己之力“造福”万千后生，“功”在去年，“利”在千秋，“受益者”前来打一分
175598,204,厉位阳,2023-06-25 18:46:16,5,5,0,考前熬夜补天还要多补前四章，慕名而来
175599,204,厉位阳,2023-06-25 18:47:05,4,5,1,测试你的码
175749,204,厉位阳,2023-06-26 11:49:10,7,10,3,因为他泄题害的大物期末全部都要考，期末哪来这么多复习时间啊哥？？？
175958,204,厉位阳,2023-06-27 09:13:52,4,9,5,慕名而来，为给泄题神仙打个一分
176165,204,厉位阳,2023-06-28 03:36:55,-3,5,8,老师讲课真的很认真，很有热情
176428,204,厉位阳,2023-06-29 01:54:37,0,9,9,上的老师的普物实验，有一说一老师人还是很好的，讲解非常细心，答疑也很耐心。
176886,204,厉位阳,2023-06-30 14:18:09,8,12,4,就是你泄题导致期末范围加倍是吧
177952,204,厉位阳,2023-07-05 17:21:05,6,8,2,🗡霍
178158,204,厉位阳,2023-07-07 09:29:14,4,5,1,收敛。
180575,204,厉位阳,2023-09-23 04:17:37,9,9,0,笑死我了又上朵朵十大了，厉老师今年疯狂上大分啊
182041,204,厉位阳,2023-11-08 17:26:06,1,4,3,这么喜欢泄题？
182257,204,厉位阳,2023-11-13 11:30:07,-1,5,6,呵呵 懂得都懂
183065,204,厉位阳,2023-11-22 03:54:31,7,17,10,以前的事厉老师有错，但今天我看到厉老师因为一个学生的痛苦而在一百多人面前哽咽，这样的老师又会坏到哪里去呢
184084,204,厉位阳,2023-12-08 08:19:07,0,7,7,他的整流器和磁滞回线实验当场要求比其他老师少，拍个照什么的很快就能结束，报告给分也还不错。\n\n但对于因为他这个事件导致期末要多复习我也是不能接受的，因为孩子大物本来就不太好……
184913,204,厉位阳,2023-12-24 09:56:22,1,2,1,就物理实验给大家个参考，事少给分不错，可以选他的实验
185585,204,厉位阳,2024-01-02 12:10:21,5,6,1,老师其实挺好的
186514,204,厉位阳,2024-01-11 12:10:48,1,1,0,grd
186561,204,厉位阳,2024-01-11 19:36:45,0,0,0,现在还在补天
187813,204,厉位阳,2024-01-17 13:50:00,0,1,1,神中神
190915,204,厉位阳,2024-03-24 07:21:30,1,1,0,呵呵呵
191551,204,厉位阳,2024-04-24 16:48:14,5,5,0,普物实验讲的很清晰，教学水平很高，可以明显感受到老师对这个实验非常了解，对实验中的问题给出了很好的解答
193288,204,厉位阳,2024-06-05 15:53:47,0,0,0,物理实验给分非常好的
194018,204,厉位阳,2024-06-21 11:45:45,1,1,0,小老头讲课还行 可惜以后不带大物甲了
198572,204,厉位阳,2024-09-10 04:11:57,1,1,0,除去以前那个押题事件，其实实验挺负责，认真答疑甚至给分也还可以。
198609,204,厉位阳,2024-09-10 08:00:16,0,0,0,喜欢拖课嗯嗯难评
201131,204,厉位阳,2024-10-29 07:08:41,1,1,0,选的两次光学大物实验，讲解清晰有耐心，事也少能提前很多下课，好评
564,237,叶高翔,2015-03-15 05:06:28,109,112,3,这是我上过所有课中最好的老师，认真，风趣，水平很高，给分也不错。
591,237,叶高翔,2015-03-15 06:13:13,144,146,2,浙大学生应该为有这样的老师而欣慰
673,237,叶高翔,2015-03-15 11:40:40,193,205,12,一个字 好
831,237,叶高翔,2017-03-13 23:48:38,605,680,75,上叶老师的课重点不在专业知识，而是听叶老师讲他的人生阅历，正视听，塑三观。叶老师是我进浙大遇到的第一个我打心眼里佩服的老师，所有上过他课的小伙伴表示都有同感。
1071,237,叶高翔,2015-03-21 16:04:46,45,47,2,超棒，很喜欢
1154,237,叶高翔,2015-03-21 16:20:34,50,52,2,百度上还是浙科院的校长？
1204,237,叶高翔,2015-03-21 16:38:26,132,138,6,上课幽默风趣，刚进来就选上了他的课，很幸运学到了他的一些态度
1260,237,叶高翔,2015-03-21 17:09:10,74,77,3,一个真正的教育者
1273,237,叶高翔,2015-03-21 17:14:59,24,24,0,叶老师经验丰富，人很好，听课收获超级大
1280,237,叶高翔,2015-03-21 17:20:11,15,16,1,很不错
1355,237,叶高翔,2015-03-22 00:51:26,34,36,2,妥妥的十分
1446,237,叶高翔,2015-03-22 04:23:32,34,35,1,上课有趣……
1606,237,叶高翔,2015-03-23 01:41:49,13,14,1,很风趣\n\n
1650,237,叶高翔,2015-03-23 05:37:55,114,124,10,非常好，让我从一个理科生变成了一个真正的人，一个学理科的人。
2585,237,叶高翔,2015-05-04 15:27:25,11,12,1,棒。不仅在于学到了多少知识，更在于学到了多少做人做事的方法和态度！
2765,237,叶高翔,2015-05-07 04:35:40,14,15,1,能听他的课是一件幸运的事
2929,237,叶高翔,2015-05-11 08:31:25,17,17,0,棒棒哒   经验丰富的老师   很有阅历   对学生负责
3546,237,叶高翔,2015-06-17 01:31:21,28,30,2,这是人生\n\n
3707,237,叶高翔,2015-06-17 02:34:46,14,17,3,真正能学到的不是物理知识，而是态度\n\n
4117,237,叶高翔,2015-06-18 00:15:05,16,18,2,完全不摆架子的老师
4588,237,叶高翔,2015-06-24 17:57:51,41,42,1,叶教授不光讲专业知识幽默风趣，更告诉我们如何做人～
4765,237,叶高翔,2015-06-28 03:17:20,6,8,2,幽默
4781,237,叶高翔,2015-06-28 16:33:30,7,9,2,感受人生意义\n\n
5161,237,叶高翔,2015-07-05 12:00:53,19,20,1,超级赞啊
5195,237,叶高翔,2015-07-05 16:42:27,87,90,3,在浙大一年接触过的最好的老师  与其说是老师不如说是教育家  很幸运选上了他的课  收获的不仅仅是知识  还有做人做事的态度    。听叶教授的课  正三观！
5284,237,叶高翔,2015-07-06 09:49:21,20,20,0,真心好老师 没架子 有思想
6653,237,叶高翔,2015-07-17 04:27:21,3,5,2,棒！
7817,237,叶高翔,2015-09-15 14:04:04,35,37,2,能给100分吗？\n\n
7989,237,叶高翔,2015-09-16 11:43:57,4,5,1,很幽默，很有趣\n\n
7992,237,叶高翔,2015-09-16 11:51:14,99,101,2,物理学家都不叫猜想，那是天才的灵感( •ิ_• ิ)
7994,237,叶高翔,2015-09-16 12:00:25,0,3,3,叶老师讲得特别好，特别幽默，听叶老师的课感觉特别开心……
7996,237,叶高翔,2015-09-16 12:02:27,4,5,1,老师很幽默，而且不是很简单的取悦。讲得太好了，真心佩服！知识面广，和蔼，讲道理。
8002,237,叶高翔,2015-09-16 12:13:04,299,305,6,老师：我买了这个袜子之后噢 脚更臭了
8011,237,叶高翔,2015-09-16 12:44:55,156,166,10,我感觉他的课虽然叫物理和人类文明，但是重点不在物理，甚至不在人类文明。而是教我们做一个有科学思想与精神的人。感觉有这样的老师，是我个人的荣幸，也是浙大的荣幸。
8024,237,叶高翔,2015-09-16 14:10:43,35,35,0,他让我不带功利去上物理课
8035,237,叶高翔,2015-09-16 15:15:51,0,3,3,即风趣又正经！上课很有感染力！绝对的好老师！
8041,237,叶高翔,2015-09-16 15:59:04,0,3,3,太棒了！大赞
8117,237,叶高翔,2015-09-17 05:33:06,2,3,1,有趣啊！！！
8470,237,叶高翔,2015-09-21 13:02:51,5,7,2,超级幽默的。
8626,237,叶高翔,2015-09-23 10:12:18,5,7,2,赞 太赞 讲的超好
8928,237,叶高翔,2015-10-01 17:05:57,8,10,2,宰相肚里能撑船
8938,237,叶高翔,2015-10-03 11:49:59,135,139,4,我有没有讲清楚？好有趣的口头禅。
9170,237,叶高翔,2015-10-15 03:58:16,1,5,4,超级好
9198,237,叶高翔,2015-10-16 07:01:31,103,105,2,我是文科生，物理一窍不通。但听叶老师的课也是津津有味。他教的是一种阅世态度。
9321,237,叶高翔,2015-10-21 11:29:03,12,14,2,如上面评论所述，我是15级社科生，这是我最喜欢的通识课了
9331,237,叶高翔,2015-10-22 02:46:46,12,14,2,他的通识课是我听得最认真的课，老师上课幽默风趣，但又不是简单的搞笑，他教给我一种科学的思维方式与态度。
9361,237,叶高翔,2015-10-24 03:50:49,14,16,2,传道授业
9390,237,叶高翔,2015-10-26 03:18:14,13,16,3,满分  妥妥的
9429,237,叶高翔,2015-10-27 03:24:53,1,3,2,太棒了\n\n
9659,237,叶高翔,2015-11-04 01:54:08,3,4,1,男神。。跪着听完他的课。上课非常幽默风趣。
9682,237,叶高翔,2015-11-04 10:39:51,0,3,3,好好好
9770,237,叶高翔,2015-11-08 14:12:00,7,8,1,享受！享受！享受！
9793,237,叶高翔,2015-11-09 10:49:49,-2,1,3,牛逼\n\n
9865,237,叶高翔,2015-11-11 11:08:56,1,2,1,超级好
10150,237,叶高翔,2015-11-17 01:34:06,3,4,1,叶老师的课是我所有课里面听得最认真的
10520,237,叶高翔,2015-11-19 11:02:59,24,26,2,非常非常喜欢他的课 以至于如果迫不得已要翘课都觉得是一种损失。在幽默的话语中有很多哲理，让我一个高中最讨厌物理的人都想去读物理，一节课鼓掌五六次。非常好的老师
10804,237,叶高翔,2015-11-23 05:42:19,1,2,1,很好的老师
11664,237,叶高翔,2015-12-09 14:03:33,2,4,2,叶老师讲课很风趣，每次上课都很欢乐。
11916,237,叶高翔,2015-12-21 10:36:24,0,1,1,没有上过更好的物理课了
12063,237,叶高翔,2015-12-21 15:23:57,4,6,2,怎么说呢，幽默风趣，很有哲理的教育家，上课塑三观，听了才知道什么叫好
12336,237,叶高翔,2015-12-23 03:55:12,-2,0,2,太赞
12396,237,叶高翔,2015-12-23 07:39:26,0,1,1,ka ka ma ma ma m ma ma
12460,237,叶高翔,2015-12-23 10:37:08,-2,0,2,非常好
12472,237,叶高翔,2015-12-24 03:17:25,2,4,2,讲得太好了
12475,237,叶高翔,2015-12-23 11:07:11,2,3,1,正三观，他的课应当是每个浙大学子所应该上的课
12480,237,叶高翔,2016-01-03 14:01:40,7,9,2,有意义\n\n
12567,237,叶高翔,2015-12-23 13:30:47,3,4,1,叶老师讲课十分风趣，而且有一定原则，正三观！
12722,237,叶高翔,2015-12-30 11:50:17,66,67,1,不能听一学期叶老师的课，将是一个很大的遗憾。就算没选上也一定要去旁听啊！！不为学分，不为绩点，仅仅因为，他，是叶老师，他，是我见过最好灵魂工程师，没有之一
12744,237,叶高翔,2015-12-24 03:04:54,3,3,0,吊炸天
12761,237,叶高翔,2015-12-24 03:23:37,16,17,1,经常听课听到热泪盈眶，唯一一节课能够专注不玩手机听进去！！！！简直男神！
12922,237,叶高翔,2015-12-24 10:29:04,9,9,0,叶男神永远是我男神 当物理与哲学碰撞出火花大概就是在男神这里了
13339,237,叶高翔,2015-12-27 05:06:10,0,2,2,真的十分不错，人特别幽默又随和
13523,237,叶高翔,2015-12-29 02:37:26,0,1,1,我男神！！！
14027,237,叶高翔,2016-01-04 01:08:26,1,1,0,太逗了
14333,237,叶高翔,2016-01-06 10:55:40,-1,0,1,享受！
14406,237,叶高翔,2016-01-07 02:14:22,6,7,1,不去听叶老师的课，你来浙大确实很遗憾！
14444,237,叶高翔,2016-01-07 06:37:51,0,1,1,钦佩他
14571,237,叶高翔,2016-01-07 16:32:37,-3,0,3,超级棒！
14628,237,叶高翔,2016-01-08 04:18:17,1,1,0,目前为止遇到最好的老师
14664,237,叶高翔,2016-01-08 07:47:28,2,3,1,只能说很幸运选到
14761,237,叶高翔,2016-01-08 16:56:45,3,3,0,收获人生
15026,237,叶高翔,2016-01-11 14:37:20,45,46,1,感动，最后一节课偷偷拍了几张照留作纪念。叶老师从来不提当年的调任风波，但网上关于这件事闹得沸沸扬扬。好老师，好人，是不会被埋没的
15107,237,叶高翔,2016-01-12 05:34:22,1,3,2,棒！要了他的签名！
15315,237,叶高翔,2016-01-13 14:20:10,0,3,3,非常有收获
15714,237,叶高翔,2016-01-16 07:26:10,0,1,1,好的不行
15764,237,叶高翔,2016-01-16 08:39:53,-1,1,2,超级好的老师，人生导师系列
15981,237,叶高翔,2016-01-17 01:41:12,-1,1,2,没听过
16156,237,叶高翔,2016-01-17 10:43:09,2,2,0,红红火火恍恍惚惚
17098,237,叶高翔,2016-01-19 14:52:05,2,3,1,老师不仅把书本知识讲得很生动，而且分享自己的海外学术访问经历，给予我们人生方向上的启示。是一个极具人文情怀的物理学者\n\n
17271,237,叶高翔,2016-01-20 03:18:34,4,5,1,可惜只有通识课，好希望大物是他。
17275,237,叶高翔,2016-01-20 03:22:46,41,45,4,能让人对物理产生无线兴趣的大师！顺便一说谁知道情人坡那个钱三强的原子核三分裂模型的阿尔法粒子哪去了，叶老师挺惦记的。
17727,237,叶高翔,2016-01-20 19:28:40,0,1,1,很好！
17945,237,叶高翔,2016-01-21 04:37:38,1,3,2,男神！！！
17967,237,叶高翔,2016-01-21 04:56:26,3,5,2,棒棒的，就是不知道期末考要怎么考，还有平时的问题一定要发答案给他！偶尔发几个无脑的问题给他！涨绩点用的！
18354,237,叶高翔,2016-01-21 13:14:36,1,2,1,讲的课很有价值
18361,237,叶高翔,2016-01-21 13:26:19,3,3,0,很有哲理\n\n
18375,237,叶高翔,2016-01-21 13:49:35,4,5,1,最好的老师之一 ！！ 我给100个赞
18464,237,叶高翔,2016-01-21 16:22:32,5,6,1,海纳江河，有这样的老师是浙大物理系、浙大的幸运。
18631,237,叶高翔,2016-01-22 07:17:27,2,3,1,好好好
18794,237,叶高翔,2016-01-22 14:19:51,1,2,1,一场场人生讲座
18938,237,叶高翔,2016-01-22 23:47:53,4,5,1,叶老师是人生的导师，当然是我在浙大迄今为止遇到最好的老师，没有之一。
19440,237,叶高翔,2016-01-24 08:23:12,2,2,0,正三观，好老师。
19830,237,叶高翔,2016-01-25 10:56:24,0,0,0,听老师讲他留学的经历，是总很棒的体验
20051,237,叶高翔,2016-01-26 03:18:12,1,3,2,棒棒棒！！！重要的事情说三遍！
20386,237,叶高翔,2016-01-27 10:19:22,-15,2,17,老师讲课很好，人也很好，最后试卷有些主观吧，给分只是一般。
20839,237,叶高翔,2016-02-01 15:10:59,9,10,1,竟然有人没打10分。。强迫症表示受不了了这么好的老师
21107,237,叶高翔,2016-02-17 08:20:04,2,3,1,棒棒哒！
21497,237,叶高翔,2016-02-29 05:05:28,9,13,4,叶教授！！！好老师！！！人品超级好。印象最深的就是他那句：我有没有讲清楚？
21972,237,叶高翔,2016-03-02 03:14:32,10,10,0,这么说吧～虽然这是门通识，虽然永远都不点名，虽然介绍的专业知识你以前都有了解，但是每节课教师都做得满满的，有几次来的晚差点以为没位置了，找了个偏僻的位置才坐下～嗯，我有没有讲清楚（正宗叶老师腔）
22090,237,叶高翔,2016-06-16 06:41:43,-18,1,19,挺搞笑的老师，人很nice，但想多学点东西就去选冯波老师的原子物理学吧....l
22137,237,叶高翔,2016-10-20 16:25:11,5,5,0,风趣的老师，听课收获很多
25525,237,叶高翔,2016-05-24 11:48:26,1,2,1,好好好
26415,237,叶高翔,2016-06-18 07:18:03,3,4,1,上完课还找老师签了名哈哈哈（就是这么厚脸皮(╯з╰)有幸在刚进校就遇见叶男神 虽然期末跪惨了但都是我自己的原因，男神最棒了哈哈哈哈哈哈脑残粉一枚
26749,237,叶高翔,2016-06-21 04:49:13,0,2,2,爱叶老师，很有人格魅力。最后一节课因为分离觉得忍不住掉眼泪。。。。
26762,237,叶高翔,2016-06-21 05:11:47,-1,1,2,很入耳
26879,237,叶高翔,2016-06-21 12:19:50,17,20,3,我很好奇为什么会有人没给叶老师10分…
27520,237,叶高翔,2016-06-26 17:48:03,-2,0,2,叶！男！神！
28457,237,叶高翔,2016-06-30 08:18:07,1,2,1,超级棒
28464,237,叶高翔,2016-06-28 09:06:55,2,3,1,太好啦！
28774,237,叶高翔,2016-06-28 14:23:07,3,3,0,男神嘛
29282,237,叶高翔,2016-06-29 14:15:16,4,4,0,好！旁听了一学期他的课
33006,237,叶高翔,2016-09-10 04:52:55,0,3,3,靠！竟然有人不打十分！
33079,237,叶高翔,2016-09-12 05:50:27,-1,1,2,有意思
33458,237,叶高翔,2016-09-19 11:47:02,1,2,1,我这句话说清楚了吗。
33460,237,叶高翔,2016-09-19 11:59:31,8,8,0,袜子延年益寿
33471,237,叶高翔,2016-09-19 12:20:03,3,4,1,只恨十分不够多\n\n
33473,237,叶高翔,2016-09-19 12:32:30,6,7,1,吾爱吾师 吾犹爱真理
33483,237,叶高翔,2016-09-19 14:26:08,0,1,1,好好好
33488,237,叶高翔,2016-09-19 15:55:51,4,4,0,老师用幽默的语气和严谨的态度把你带进物理的发展史。连带调侃一番逻辑学，中文系，哲学系。。~玩笑中却透露着睿智和深思。很幸运选上了老师的课，一个小时40分钟的课一下手机都没动过！\n\n
33490,237,叶高翔,2016-09-19 23:20:26,2,3,1,酣畅淋漓  爽！
33533,237,叶高翔,2016-09-20 03:16:35,0,2,2,真正的老师（≧∇≦）
33629,237,叶高翔,2016-12-28 14:40:53,-1,0,1,慕名而来
33767,237,叶高翔,2016-09-21 11:54:29,51,55,4,老师:穿上这双袜子后，我寿命延长了多少秒？\n\n+1s
33930,237,叶高翔,2016-09-23 02:23:00,2,3,1,从头爽到尾\n\n
33993,237,叶高翔,2016-12-12 14:24:19,88,89,1,叶老师，咱们学校的湖终究会有鱼，有野鸭，有天鹅
34210,237,叶高翔,2016-09-28 11:22:31,0,2,2,很幸福\n\n冒着淋湿的风险也要来
34426,237,叶高翔,2017-01-18 07:16:20,3,4,1,你不选他的课你就输了
34941,237,叶高翔,2016-10-27 01:36:29,2,3,1,给老师打满分
35045,237,叶高翔,2016-10-31 10:10:24,2,2,0,非常好
35048,237,叶高翔,2016-10-31 11:06:32,1,1,0,一个字，非常好
35107,237,叶高翔,2016-11-02 10:30:37,-1,1,2,男神\n\n
35252,237,叶高翔,2016-11-07 08:59:49,1,2,1,非常好
35396,237,叶高翔,2016-12-12 12:29:42,29,33,4,最高能的是叶老师的最后一节课。让人情不自禁的想让老师拖堂。\n\n本来看到评分感到很不可思议，课程结束之后我在想，为什么居然会有人不给十分。
35681,237,叶高翔,2016-11-10 07:44:38,5,5,0,叶老师是一位对物理学有感情、教学艺术和经验丰富的老师，是浙大的财富。每一个物理中的科学规律都对应着一个人生道理，这门课便是带你连通物理与人性，强推。
36309,237,叶高翔,2016-11-11 15:12:48,-2,0,2,很好的老师\n\n
36608,237,叶高翔,2016-11-15 05:08:14,1,1,0,挺不错
37229,237,叶高翔,2017-01-18 00:56:39,9,11,2,我不管 绩点爆炸也爱叶男神
37339,237,叶高翔,2016-11-18 11:03:08,1,2,1,正三观
37828,237,叶高翔,2016-11-21 09:19:40,2,2,0,୧⍢⃝୨
38454,237,叶高翔,2016-12-05 11:52:07,3,4,1,念诗，哼歌
38525,237,叶高翔,2016-12-07 15:22:18,0,2,2,必须十分！
38696,237,叶高翔,2016-12-15 04:02:01,1,2,1,这位老师简直好到爆炸好吧
38808,237,叶高翔,2016-12-19 06:51:15,0,1,1,大学少有的真正的老师。
38876,237,叶高翔,2016-12-19 15:41:17,3,4,1,我见了每个人都会安利这门课，叶老师真的太好了，讲的很生动很有趣，刚来浙大就遇到了他我真的好幸运，感觉就是人生道路上的一颗星，他真的很塑造三观，我很喜欢他。
39155,237,叶高翔,2017-01-18 00:47:18,2,3,1,超级棒，有思想，有内涵。建议大家都去听。给分也不错。好老师
39162,237,叶高翔,2016-12-21 11:49:50,3,4,1,有趣 笑到停不下来 还要选
39176,237,叶高翔,2016-12-21 12:46:55,1,3,2,不听叶老师课是一大遗憾啊！！！
39289,237,叶高翔,2016-12-22 03:09:33,16,19,3,叶（ye二声）
39412,237,叶高翔,2016-12-22 13:37:22,2,2,0,分不一定，但是上课真的很好，不会玩手机的
39437,237,叶高翔,2016-12-22 16:42:45,0,2,2,叶老师用自己的阅历思想正三观，交给学生正确的科学态度，讲的不仅仅是物理，更是素质教育，教会学生做人的道理。
39808,237,叶高翔,2016-12-28 00:35:06,10,12,2,第一节通识课上的是他的，错以为浙大通识课都超有趣
39913,237,叶高翔,2016-12-28 07:25:27,-3,0,3,风趣幽默，受益匪浅。
40003,237,叶高翔,2016-12-28 14:03:11,1,2,1,除了好没什么可多说的\n\n好到爆
40202,237,叶高翔,2016-12-30 02:40:56,4,5,1,蹭过他的课，这学期没开课，想哭。
40298,237,叶高翔,2017-01-01 15:51:42,0,1,1,没啥说的，就是好
40623,237,叶高翔,2017-01-12 11:07:43,3,3,0,有趣，学到很多东西
41159,237,叶高翔,2017-01-09 14:58:11,2,3,1,最后一节课听的挺感动的
41567,237,叶高翔,2017-01-12 07:57:30,-1,0,1,好好好\n\n
41780,237,叶高翔,2017-01-12 14:30:25,1,2,1,老师超级好
41798,237,叶高翔,2017-01-12 15:54:51,4,4,0,叶老师的课，我节节课都是强势前排，超级喜欢听！人也很好！
41844,237,叶高翔,2017-01-13 04:22:02,5,5,0,浙大最好的通识课 没有之一
42781,237,叶高翔,2017-01-15 05:22:42,-2,0,2,非常好
44301,237,叶高翔,2017-01-17 14:38:45,2,4,2,老师真的是非常的好!是目前我在浙大上过的最好的通识课。
44338,237,叶高翔,2017-01-17 15:42:10,-27,2,29,文科生不要选?
44373,237,叶高翔,2017-01-17 16:20:09,0,1,1,很幽默很有趣很可爱的老师，给分一般但是上课真的很有吸引力，物理学深入浅出文科生也不用担心，最喜欢的老师之一
44381,237,叶高翔,2017-01-17 16:49:00,0,2,2,风度翩翩，幽默风趣，严谨务实，正人君子。
46168,237,叶高翔,2017-01-21 00:20:28,0,1,1,上课非常好，非常有人格魅力
46733,237,叶高翔,2017-01-22 08:48:06,2,2,0,老师真的很好，课上介绍的内容范围很广，但不会很深，所以不用担心听不懂，可以开拓见识。更重要的是老师还会讲一些自己的经历，除知识外更重视对人格的培养，收获很多，是不可多得的好老师。
46775,237,叶高翔,2017-01-22 10:00:15,-1,1,2,老师是真的棒，绝对人生导师，男神！但是这门课对于人文的学生来讲有些难，如果对考试没有把握的平时多写写论文，多提一些问题加加分吧。
47096,237,叶高翔,2017-01-23 17:41:20,4,5,1,叶教授是真的良心好老师。他的物理学与人类文明以及原子物理学都讲得相当出色，能够使人真正对物理着迷！
48304,237,叶高翔,2017-03-02 04:14:14,-1,1,2,完美！
48398,237,叶高翔,2017-03-03 01:22:56,1,2,1,浙大学生应该为有这样的老师而欣慰
48611,237,叶高翔,2017-03-08 09:46:23,5,6,1,我讲清楚了没有?
50634,237,叶高翔,2017-05-04 03:08:09,2,3,1,老师幽默满分，口才满分，三观满分，每一次上课都是一场高水平的讲座！\n\n考试注重融汇他平时讲的方法精神，对硬知识要求不高\n\n其实能上老师的课就很荣幸了，分数什么的真得不重要！
50746,237,叶高翔,2017-05-05 00:59:11,4,4,0,人生导师，你不容错过！
51136,237,叶高翔,2017-05-18 07:37:03,1,2,1,如沐春风
51338,237,叶高翔,2017-06-01 03:44:27,-2,3,5,皮皮叶我们走，回科院了
51789,237,叶高翔,2017-06-10 08:36:37,1,2,1,无敌棒，浙大遇到的最好的老师，没有之一
51878,237,叶高翔,2017-06-13 05:59:44,2,2,0,真·男神
51889,237,叶高翔,2017-06-13 07:36:23,0,1,1,真的好想再上一次啊! ! !
52087,237,叶高翔,2017-06-14 14:02:41,3,3,0,这课上的值。
52426,237,叶高翔,2017-06-20 03:22:06,-1,1,2,真正的人生美学
53369,237,叶高翔,2017-06-26 12:53:49,0,2,2,一个字棒！最好的通识课！
56901,237,叶高翔,2017-07-05 02:56:09,1,1,0,幽默风趣
59005,237,叶高翔,2017-09-19 05:33:02,3,3,0,帅炸了，来大学遇到的最好的老师
59107,237,叶高翔,2017-09-19 13:19:37,5,5,0,虽然是一门通识课，但我不想水手机!不想写作业啊啊啊!
59282,237,叶高翔,2017-09-20 12:24:47,19,21,2,女朋友可以不找，叶老师的课不可不听！\n\n
59741,237,叶高翔,2017-09-26 10:49:19,21,22,1,叶老师是最好的老师，最平易近人的老师，百度了之后发现其实叶老师的荣誉已经多不胜数，仅仅是因为想给我们上课而来上课
59801,237,叶高翔,2017-09-27 05:22:01,1,2,1,一种享受
59962,237,叶高翔,2017-09-29 03:31:23,4,5,1,妙极了！
59980,237,叶高翔,2017-09-29 16:50:01,0,3,3,看脸给十分
59981,237,叶高翔,2017-09-29 23:19:54,10,13,3,老师太帅了，虽然我是个男的，但是老师把我掰弯了
60270,237,叶高翔,2018-01-08 11:23:09,18,20,2,水是清的，有鱼的，有野鸭的，有天鹅的
60279,237,叶高翔,2017-10-16 11:30:16,-25,4,29,一半话是有道理，听着挺好的。\n\n一半话是没道理，也就忽悠别人。
60626,237,叶高翔,2017-10-25 11:33:57,1,2,1,十分好评
60986,237,叶高翔,2018-01-27 09:04:40,1,2,1,改变了我们的思维方式
61786,237,叶高翔,2017-11-21 02:17:43,-21,6,27,只有我觉得老师的课对于理工科学生来说没什么干货…挺无聊的吗…
62906,237,叶高翔,2017-11-27 10:14:45,0,1,1,简直是享受
64439,237,叶高翔,2017-12-23 15:54:43,2,2,0,叶老师好!
64947,237,叶高翔,2017-12-28 04:31:45,0,1,1,非常好啊
65367,237,叶高翔,2018-01-03 11:29:56,3,5,2,第一次写查老师的评价，给叶男神了！虽然考试很虚，绩点也很虚，还是要给男神打call，长得帅，讲得有意思，说实话比盛老师的课要吸引人。老师年轻时候真的帅啊！现在也帅
65698,237,叶高翔,2018-01-08 09:40:18,25,28,3,简直是一种享受，听老师的课让我不想打游戏，不想谈恋爱，自此物理成为了我的女朋友，叶老师就是我的岳父，我完全不懂为什么有人会打9分及以下，为什么叶老师的评分不是10分整！！！
65711,237,叶高翔,2018-01-08 11:23:05,16,17,1,水是清的，有鱼的，有野鸭的，有天鹅的。
65718,237,叶高翔,2018-01-08 12:37:01,10,10,0,对于一个专业课都经常翘的学渣，唯一不愿意漏掉的课就是物理学与人类文明
65779,237,叶高翔,2018-01-09 05:57:17,-1,1,2,太 棒 了 爱您
65871,237,叶高翔,2018-01-09 17:02:23,2,3,1,有鱼有野鸭有天鹅
66071,237,叶高翔,2018-11-02 14:25:15,-11,12,23,课有趣，不建议工科生选，本来以为考物理结果tm考的是哲学，猝不及防。然后就凉了\n\n
66189,237,叶高翔,2018-01-12 16:40:58,3,3,0,幽默风趣，又认真负责，这样的好老师真的太少了
66594,237,叶高翔,2018-01-17 12:03:07,-2,0,2,两位男神，平易近人，考试前一个10分保佑我考试神助
67074,237,叶高翔,2018-01-20 08:14:17,-1,1,2,叶男神
67345,237,叶高翔,2018-01-21 01:33:51,-1,0,1,真的好
68876,237,叶高翔,2018-01-24 04:34:23,2,4,2,作为文科生 老师让我真的体会到物理的魅力 真的男神 给老师10分是因为只有10分
70547,237,叶高翔,2018-01-27 07:49:03,0,1,1,很轻松放松的一门课\n\n
70628,237,叶高翔,2018-01-27 10:06:01,3,3,0,很好的老师啊，虽然给分很不好，推荐旁听更好。
70636,237,叶高翔,2018-01-27 10:19:02,1,2,1,给分好，讲课棒，还很幽默～
70646,237,叶高翔,2018-01-27 10:27:28,-1,4,5,实名反对楼下说给分不好的，认真写论文，认真备考，最后给分很好啊
70650,237,叶高翔,2018-01-27 10:30:22,-13,6,19,还好，绩杀，请谨慎，2.1的飘过
70726,237,叶高翔,2018-01-27 12:40:08,2,5,3,上课讲的东西真的干货满满，给分也棒！考前记得去98下载历年卷超级有用的~文科生也可以拿到不错的绩点呀
70775,237,叶高翔,2018-01-27 13:42:00,2,4,2,上老师的课真的很舒服 平常也没什么压力～ 晚上给老师发邮件老师第二天马上就回了 文科生表示给分也挺好 自己努力了就会有收获的
70809,237,叶高翔,2018-01-27 14:15:01,-4,5,9,喜欢老师。但是认真写论文了，认真备考了，绩点真的扎心了。
70835,237,叶高翔,2018-01-27 15:08:51,3,4,1,反对说老师给分不好的 文科生 什么都不懂 你用心去学去上课 给分非常好
71623,237,叶高翔,2018-01-28 17:51:01,-8,6,14,哈哈哈哈哈哈 好！\n\n论文没写 提问没提 给了我4.2 太感谢老师啦！
71898,237,叶高翔,2018-01-29 05:15:09,0,2,2,不忍心低头做其他的一门通识
72793,237,叶高翔,2018-01-31 05:39:50,-24,4,28,得分最低的通识课。我该评几分？
73853,237,叶高翔,2018-02-03 09:02:24,4,5,1,原子物理 讲课和对待学生 比lj陶向明好太多 希望叶老师一个人上原子物理 有意思\n\n叶老师让人觉得物理有意思\n\n陶会让你丧失对物理的兴趣
74168,237,叶高翔,2018-02-06 03:15:58,41,44,3,有个人说觉得对理工科的学生没干货，你认真听了吗？这门课的重点不是物理学，也不是人类文明，而是物理学与人类文明，你理工科好只能说明你物理学掌握的好，可是你把握住物理学与人类文明之间的关系了吗，我也是理工科的，我觉得这门课的最大亮点探讨了物理学与哲学的关系，还有科学的素养与思想，这些的重要程度不比你的所谓单一的、知识性的“干货”低，反正我是受益匪浅。
76663,237,叶高翔,2018-04-17 14:24:23,2,3,1,老师太好了
77743,237,叶高翔,2018-05-07 13:12:29,1,2,1,风趣幽默 本科阶段遇到的最好的老师之一
79690,237,叶高翔,2018-06-12 20:04:09,41,43,2,高中不是理科的，学物理底不好有点困难，课后发老师邮件求建议。后来老师加了我的号码提议见个面，推荐了我国外课本（我是留学生），然后带我参观实验室，还送了我几样纪念品。后来连续两个月每星期信息我问我进度如何，现在时隔一年了，老师还记得我的名字并问我的学业情况。老师是我在浙大见过最耐心最善良的老师了，发自内心敬佩他。
85182,237,叶高翔,2018-07-16 02:40:06,8,11,3,综合颜值 教学态度 和能力 我觉得叶老师是全浙大最棒的
87182,237,叶高翔,2018-09-21 11:22:06,11,12,1,诸位在校，一定要上上叶老师的课啊！
87276,237,叶高翔,2018-09-26 12:02:41,7,9,2,讲清楚了没有
87278,237,叶高翔,2018-09-26 12:08:00,3,4,1,很有趣啊
87700,237,叶高翔,2018-10-10 10:31:10,6,6,0,超级超级超级棒，每次上课前还走一圈与同学们交流，贴心的给同学找空位，真的不能有再好的老师了
87708,237,叶高翔,2018-10-10 12:35:44,11,15,4,听了他的《物理学与人类文明》。非常认真负责，喜欢和同学交流，每次下课后都要在教室呆好久好久，很耐心、热情地回答同学们的问题，非常平易近人。我觉得老师是真心热爱这一门课，希望传播科学精神。就冲着认真负责的好老师，也推荐大家试一试这门课。\n\np.s.理科生听这门课可能觉得有点水
87843,237,叶高翔,2018-11-12 12:41:42,4,6,2,叶老师好帅啊啊啊啊啊啊，顿时对学物理的人有了极大好感
87909,237,叶高翔,2018-10-17 11:37:34,6,6,0,老师把段子都准备好了，穿了纳米防臭袜子脚更臭了讲了很久，每次都会问我们，我说清楚了没有？非常幽默风趣，适合理工也适合人文同学听，
87939,237,叶高翔,2018-10-18 05:22:48,1,1,0,太好了
88226,237,叶高翔,2018-10-24 11:34:57,2,3,1,老师讲课太太太有趣了哈哈哈，让我这个不太爱听课的人都认真听
88240,237,叶高翔,2018-10-24 16:32:25,19,21,2,叶老师：建筑水平极其有限
88817,237,叶高翔,2018-11-09 02:17:53,1,3,2,我讲清楚了没有？
88930,237,叶高翔,2018-11-12 11:25:55,5,7,2,上课特别认真地幽默，完了还要另外附一句口头禅:我讲清楚了没有。
89014,237,叶高翔,2018-11-14 01:44:48,1,2,1,有激情，有情怀。
89571,237,叶高翔,2018-11-19 15:56:23,4,5,1,叶老师的评分竟然有9.9分？我真怀疑你们的评价水平，他应该上10分啊！
89832,237,叶高翔,2018-11-21 03:09:58,0,2,2,有叶教授这样的老师，是浙大之幸。
89966,237,叶高翔,2018-11-21 11:49:07,6,7,1,叶老师绝对是学物理中高音唱的最好的，唱高音中物理学的最好的！
89982,237,叶高翔,2018-11-21 12:34:21,2,3,1,没有什么可说的，心灵震撼，绝对是一次不悔的选择
90060,237,叶高翔,2018-11-22 04:07:23,2,5,3,希望大家喜欢。\n\n我有没有讲清楚？\n\n有没有人回答？没有人回答，我来回答。\n\n
90349,237,叶高翔,2018-11-23 08:39:19,-2,1,3,超级喜欢叶老师的原子物理 \n\n上的真好！
90374,237,叶高翔,2018-11-23 09:47:17,20,21,1,Of是叶的时候真的……老师真的很幽默！\n\n每次上完课，走出教室满脑子都是给叶老师打call。能把前沿物理知识深入浅出地讲出来，每一节课都正能量满满，听他的课不用特意集中精力也不会走神……\n\n不选太亏了，真的。下一节课就是最后一节叶老师的课了，超级不舍得他。
90842,237,叶高翔,2018-11-26 12:31:58,5,6,1,叶老师见多识广、风趣幽默，很有人格魅力，他的课非常有吸引力，可以让人全程认真听课。物理知识并没有什么，主要是塑造我们的三观，每堂课都如同精彩的演讲，深入人心，让我深受启发。
90843,237,叶高翔,2018-11-26 12:35:06,7,7,0,不说别的，这门课真的对我们大学生的思想提升有帮助。上课不只是教教材，更多的是传授一些科研精神，做人哲理。强推?
90844,237,叶高翔,2018-11-26 12:42:42,7,7,0,最高分竟然只有十分
90980,237,叶高翔,2018-11-28 11:17:03,3,4,1,太有趣了，太有趣了哈哈哈，好老师。原谅我竟然翘了两节课……
90981,237,叶高翔,2018-11-28 11:17:32,28,29,1,清的，有鱼的，有野鸭的，有天鹅的……
90988,237,叶高翔,2018-11-28 12:38:57,3,6,3,叶老师真的超级好！！不想让他下课的老师！！吹爆！
90989,237,叶高翔,2018-11-28 12:49:58,0,2,2,旁听了两节课，最后悔自己偷懒不看教务网课表安排，不然能听一个秋学期的课。\n\n\n\n是您让我相信我可以成为一个更好的人，我答应您的不弄虚作假，学术诚信，我都会努力做到
91022,237,叶高翔,2018-11-29 04:00:13,11,12,1,先生之风，山高水长
91025,237,叶高翔,2018-11-29 04:31:06,4,4,0,超级超级好，老师讲课很风趣，对学术的态度非常非常认真，每次上课穿西装，很佩服
91033,237,叶高翔,2018-11-29 05:58:29,14,18,4,这辈子都不会学术造假！
91034,237,叶高翔,2018-11-29 05:59:22,5,6,1,我要到了，我要到了老师的签名。物理学与人类文明讲的真心不错，作为一门通识课老师，和我们谈了关于他自己的经历，当然其目的在于要我们自己创新，我感受很深。虽然最后成绩不是很理想，但是在这们通识课上，学到的可不仅仅是知识。
91043,237,叶高翔,2018-11-29 07:18:38,2,3,1,老师真的是好老师，三观正，人很幽默，超级喜欢他！听了老师的经历真的会不自主的想成为更好的人呀！！！
91065,237,叶高翔,2018-11-29 11:27:33,1,2,1,太棒了
91077,237,叶高翔,2018-11-29 15:16:22,7,8,1,真的是入浙大遇见的最有趣的老师。能从老师身上学到很多，很敬佩叶老师。希望以后能够成为叶老师一样优秀的人。
91114,237,叶高翔,2018-11-30 10:19:51,3,3,0,发明舔狗? 这个词的人，原子核物理肯定学得好~\n\n而且写得一手好湿
91138,237,叶高翔,2018-12-01 14:43:45,5,5,0,传道授业
91634,237,叶高翔,2018-12-17 02:00:00,17,17,0,老师非常好！他重点介绍的不是物理知识，而是物理知识背后的科学精神。会用很多亲身的例子来讲明道理。老师的金句很多。比如会很亲切地说“我知道你们中有些人很讨厌数学，没关系，这些公式大家看不懂也没事，我们不讲数学。”还有，“大学给你们最有价值的东西是思维方式的改变”。他确实教授了一套科学到思维方式，对我一个文科生来说，非常受用，就好像一个仰慕已久的新世界打开了大门。每周听他的课是一种巨大的享受。叶老师还有一个细节，他每次来上课必定穿着西装。非常正式，感觉很受尊重。冬二周老师结束讲课的时候，围着他签名的人有一大群。像明星的发布会一样。
92170,237,叶高翔,2018-12-27 02:16:21,-1,1,2,后悔没有去听最后一节课
92251,237,叶高翔,2018-12-27 08:46:33,12,12,0,我哭了，为什么叶老师没有开大学物理甲呢？\n\n想上叶老师的大物
92912,237,叶高翔,2019-01-05 14:33:27,6,6,0,老师真的很好！三观正！和蔼可亲！不管最后绩点怎么样上这节课收获太大了。喜欢叶老师！！！
92925,237,叶高翔,2019-01-05 18:06:09,6,8,2,上课幽默又有深度，不仅于物理，更在于科学研究的方法与思维。每节课结束都掌声雷动，老师回礼，最后一节课结束更是几乎半个班的同学排队找老师签名，一边说笑着一边把所有人的要求都满足。难得一遇的极好老师。
93928,237,叶高翔,2019-01-14 10:35:35,4,4,0,没有遗憾
94670,237,叶高翔,2019-01-17 15:59:33,1,3,2,不多少，超级赞，没有之一
95726,237,叶高翔,2019-01-20 02:47:48,4,5,1,受益匪浅\n\n
97730,237,叶高翔,2019-01-22 14:22:15,3,3,0,很风趣
97959,237,叶高翔,2019-01-28 12:12:43,-9,9,18,一门通识绩点2点几，老师是很好没错，但是这个绩点无法接受，均绩拉下1分多，最低的一门课【手动微笑】
99004,237,叶高翔,2019-01-24 06:47:38,5,6,1,虽然是一门物理学的课程，内容上涉及到了很多经典的、前沿的物理知识，但是作为文科生听过之后真的感觉收获颇多，不一定学会物理学的多少知识，会做多少难题，对这门课来说，你会觉得分数都是次要的，关键的是感受到了老师身上的那种风范，老师身上的那种朗朗的人格，对教学的热忱，还有对理想的忠贞不渝，是很多课很多老师不能给你的。
99122,237,叶高翔,2019-01-24 09:46:13,4,6,2,来考试的路上，遇到两个老师！耶，受到庇佑的感觉，两位大师悠哉悠哉的一边走一边讨论球形闪电⚡️ hhh
99213,237,叶高翔,2019-01-24 12:16:43,6,7,1,考完来打满分qaq 让我都想转去物理系了 一辈子都会记得叶老师的话的！
99214,237,叶高翔,2019-01-24 12:18:55,15,16,1,这么说吧，叶老师就是给我2分的绩点我照样给他10分。进大学以来唯一钦佩的老师，真的让你感受到什么叫作人格魅力。出考场之后老师还超级亲切地问我怎么不再做一会儿还问我的专业又祝我新年快乐，跟他说话我都感动得不行我真的好崇拜他！不给满的是怎么想的！(ノ=Д=)ノ┻━┻
99229,237,叶高翔,2019-01-24 12:58:01,184,185,1,在昏暗的过道里，老人垂手站立等待我们。前一位同学正在向他保证：“老师，我绝对不会忘记你的话，一辈子不会弄虚作假。”\n\n我等待着，直到老人转过来看我，我面对着他，他伸出手，我紧紧地握住，说出口的却只有一句：“谢谢老师”。老人笑笑，“挺好的，新年快乐！”\n\n我终于忍不住，和老人抱在一起，觉得已经到家了。\n\n转过头跑开，不知道还会有什么机会再相遇\n\n他的一生有点像孔子，早年游历欧洲各国，在有名的研究所求学研究，回到国内后就在一所大学教物理学与人类文明，一讲就是二十年，从1998年到2018年，学生越来越多。\n\n当时我并不知道，我只觉得这个两学分的课，比1.5学分多，于是就选择了这门课。\n\n他上课前会绕着教室走一圈，看一看每一个孩子，就像看自己的孩子一样。一节课，他要重复一次又一次，“我说清楚了吗？”，直到我们都能异口同声地说出他想说的话，他才会满意地笑笑。\n\n人不可能改变这个世界，但是他改变了他班上二十届的学生，大学没有不能翘的课，没有要认真听的课，他的课，却总是能让我们记得那么深刻，他的话，我们真的明白了。\n\n“你们这辈子，不要弄虚作假，能不能答应我？”\n\n我们怎么能不答应他？
99276,237,叶高翔,2019-02-01 12:43:13,30,32,2,再更一下，今天去搜了一下调任风波，对叶老师的敬佩上升到新高度。来浙大没有听过叶老师的课，真的十分十分可惜，这样的人太少了。明明做出了那么多成就却十分谦虚，明明曾身居高位却没有一点官腔和高高在上，他是真正关心学生的老师，真正有理想有情怀的老师。来浙大我遇到很多老师，绝大多数老师的教学水平都很高，但只有叶老师让我真正尊敬、感动。他一直坚持着一种理想和气节，身上有一种君子之风。叶老师曾在微博上关心学生选课的问题，天知道今天的我们同样关心，却没有这么一条渠道能反映上去。比起口号，教育不更应该体现在这些微小的地方上吗？有很多人能说会道，但叶老师却是去身体力行的人，关心学生、教育学生，通过他的课程，他的言行，教我们做正直、不弄虚作假的人，做谦虚认真友善的人，做有创新精神科学精神的人，做不盲从、不崇洋媚外的人。今天学习，明天创新，共勉。
99530,237,叶高翔,2019-01-25 02:14:51,2,5,3,这不是一位简单的物理老师，这是一位散发着崇高科学精神的科学大师
101458,237,叶高翔,2019-01-28 08:45:34,2,5,3,这才是我想象中的通识课！
101459,237,叶高翔,2019-01-28 08:49:25,3,4,1,老师很注重对学生人格的培养，真的是一个纯文科生但是会情不自禁地被吸引的课，让人根本水水不起来。3.9可以接受，没写论文也没提问过
101489,237,叶高翔,2019-01-28 09:45:55,7,9,2,老师的课真的很棒，最后期末考看到老师还觉得蛮惊喜的，就是今天出分3.3让我有点懵了。没提问没论文，期末考感觉答得还不错，也不知道详细的分数细则。不过算了啦，很荣幸在浙大彩票系统遇见物理学与人类文明。
101494,237,叶高翔,2019-01-28 10:02:31,1,5,4,老师是真的好，给分是真的不太好
101600,237,叶高翔,2019-01-28 14:42:18,2,6,4,老师很有人格魅力！但是不建议理科生选，上课可能会觉得挺无聊...强烈建议文科生选，应该能获得很多东西～老师给分挺实诚，一就是一，二就是二，不会调分，没有上4，只有失望没有抱怨，毕竟我没写论文，也没有好好听课。考前突击一天还是能上三的，信我！
101601,237,叶高翔,2019-01-28 14:42:55,8,10,2,课程自愿写一篇论文，一稿交上去之后老师非常认真回复邮件提出修改意见，二稿交上去以后老师给了很温暖的评价！真的是非常非常非常好的老师！超级负责，超级谦和，真的是男神！最后一场考试完以后匆匆走出考场，老师还和我说再见5555我爱老师！\n\n
101620,237,叶高翔,2019-01-28 15:31:37,3,4,1,选上叶老师的课是我的幸运，男神没疑问
101670,237,叶高翔,2019-01-29 00:37:44,12,19,7,文科生，说实话学这门课有点累，平时没有基础不太听得懂，考试也只能靠刷题，最后只拿到了最低绩点3.6，拉低均绩。但是不后悔选这门课，叶老师和盛老师诚乃大师，老师的知识广博、谦逊和人生态度，让我学到的远不止是物理学和人类文明。
101693,237,叶高翔,2019-01-29 01:21:20,8,11,3,听老师的课是一种十分享受的体验，老师最发人深省的一个问题就是——同学们，你们能保证以后永远不会干出抄袭之类的事，你们能答应我吗？与此同时，老师也是十分耐心，提交期末论文时，老师总会在2天之类回复，并指出其中的问题，并鼓励我修改，这也是我期末论文前前后后提交了5次的原因。当然最后绩点不算好，但依然要给三观超正的叶老师10分
101750,237,叶高翔,2019-01-29 03:42:32,18,19,1,叶老师是我最敬佩的老师，没有之一。上大学以来，唯一使我每周都期待的课就是物理学与人类文明。老师更多的是结合自己早年游历各国的经历，以及各种社会现状，向我们揭示科学与人文之间的。老师讲道理总能以小见大，而且上课不用话筒，配上那铿锵有力的声音，我听得简直如痴如醉。感觉老师的每节课都是一次精彩的演讲。我觉得浙大集颜值，学问，才华于一身的，唯有叶老师。
101766,237,叶高翔,2019-01-29 04:21:27,4,12,8,老师很好，给分很不好。
101894,237,叶高翔,2019-01-29 13:24:57,5,6,1,真的是好老师，你在他的课上能学到很多课外的东西，虽然最后没有上四，但是一点也不后悔?
102964,237,叶高翔,2019-02-25 06:25:43,8,8,0,啊叶老师真的是个博学的人啊，然后人也特别棒真的是高山仰止那种感觉，又幽默又文质彬彬，年轻时候也是个帅哥，或许这就是男神吧，虽然绩点很低但是我还是爱他
104038,237,叶高翔,2019-03-11 02:59:31,4,4,0,无法用语言形容\n\n此时已泪流满面\n\n很爱老师\n\n讲的太好了\n\n最后一次去拥抱了老师
104189,237,叶高翔,2019-03-13 15:08:33,0,1,1,回答问题很认真
114990,237,叶高翔,2019-07-14 00:05:03,15,18,3,2019年的新同学大概要来了，如果你看到了物理学与人类文明，不要犹豫。一年过去了，唯一让我记忆深刻的课，让我感觉浙大真的没白来，感觉自己足够幸运的课，就是物理学与人类文明；唯一让我发自内心尊敬的人就是叶老师。不听一次他的课，很亏的。
116557,237,叶高翔,2019-09-11 13:10:35,6,6,0,学到了很多\n\n感觉不止物理和历史，还有语言，英语和哲学
116598,237,叶高翔,2019-09-12 02:57:10,2,2,0,厉害的
116639,237,叶高翔,2019-09-12 06:13:49,1,3,2,最好的老师没有之一
116668,237,叶高翔,2019-09-12 16:13:41,0,1,1,非常好
116839,237,叶高翔,2019-09-16 11:25:17,3,5,2,发自内心的冲动，想拍下老师讲的视频，肯定是网上超“”网红”老师(｡･ω･｡)ﾉ♡
117031,237,叶高翔,2019-09-18 11:43:26,5,7,2,佛光照耀，你们运气都很好。\n\n剑桥有牛顿，浙大有陈叔平
117271,237,叶高翔,2019-09-22 04:09:27,1,2,1,除了物理部分有些不能很懂之外，其他都很棒
117761,237,叶高翔,2019-09-30 10:33:54,2,3,1,是我以前来浙大物竞集训给我们讲相对论的老师，当时就被叶老师震撼到了，真的是好老师
118347,237,叶高翔,2019-10-25 08:37:06,1,3,2,叶老师男神不解释！听他的课真的能学到科学精神，大师
118594,237,叶高翔,2019-10-29 06:18:27,0,2,2,老师特别幽默，特别亲切，上课掌声不断，下课他还很耐心地回答各种各样的问题，我遇到的物理老师都这么酷的嘛
119232,237,叶高翔,2019-11-11 11:59:36,2,3,1,从他身上学习到了很多东西，是对人生真正有用的东西。若要形容这位老师，那我只能说叶老师很褒义词。
119235,237,叶高翔,2019-11-11 12:53:33,1,2,1,2019年11月11日\n\n结课留念\n\n祝叶老师工作顺利
119320,237,叶高翔,2019-11-12 05:17:03,-1,1,2,上课很有意思
120229,237,叶高翔,2019-11-24 10:44:14,6,7,1,这是进浙大以来遇到的最好的老师，没有之一。遇到叶老师是我的荣幸，不只查老师被封之后您能不能看到这条，或者说有没有人能看到这条，但我一定要抓紧这机会表达对您的敬佩！
120445,237,叶高翔,2019-12-08 05:36:55,3,3,0,享受！
120489,237,叶高翔,2019-12-09 08:22:39,4,4,0,先生之风，山高水长
120698,237,叶高翔,2020-01-15 10:31:05,4,5,1,男神！！！
120739,237,叶高翔,2020-01-16 04:21:09,-2,2,4,老师超级超级好www\n\n下次还想来
120778,237,叶高翔,2020-01-16 23:58:28,4,5,1,老师超有气质，上课和考试都像是教我们做人做一个学者，真正好的老师！
121588,237,叶高翔,2019-12-12 10:01:41,0,1,1,享受，美的享受
121614,237,叶高翔,2019-12-12 08:09:32,3,5,2,希望大家都能去听听他的课，通识课真正该有的样子啊！！叶要读第二声dwd
122152,237,叶高翔,2020-02-17 11:11:53,7,9,2,先生风骨，山高水长。能有这样的先生，实属我浙之幸。
123437,237,叶高翔,2020-06-09 02:20:32,3,3,0,叶老师真的很好！虽然由于我自己太菜分数不高，但讲课很风趣，对学生也很好！！！
123754,237,叶高翔,2020-06-13 14:09:37,6,6,0,本科毕业两年 一直想找机会再听一次叶老师的课
123757,237,叶高翔,2020-06-13 15:49:42,6,7,1,老师真的很令人敬佩！而且听说了叶老师之前的经历后真的很感慨。。
125584,237,叶高翔,2020-09-12 01:56:03,4,5,1,叶老师的课分数不重要，重要的是上课真的很有意思
127764,237,叶高翔,2020-11-26 14:51:56,5,6,1,叶老师就是我的人间理想
127810,237,叶高翔,2020-11-27 12:38:12,12,14,2,我愿意答应叶老师，永远不吸烟，永远不作弊，永远不闯红绿灯
130125,237,叶高翔,2021-01-17 13:40:34,3,5,2,唯一一个让我摒弃成绩只为学知识而去的老师
130237,237,叶高翔,2021-01-20 00:31:30,2,4,2,有幸遇到这样的好老师。
132685,237,叶高翔,2021-02-03 09:55:27,1,3,2,一门听后让人对物理学感兴趣的课，一位学问深厚却谦虚有礼、有家国关怀和君子之风的老师。
132695,237,叶高翔,2021-02-03 10:54:09,0,2,2,不可多得的好课啊！老师讲课又好听，给分又很高，认真复习往年试题就可以满了！
134492,237,叶高翔,2021-03-30 05:47:18,-29,3,32,无法认同
135022,237,叶高翔,2021-04-27 08:48:50,-1,1,2,先生之风，高山仰止。
136269,237,叶高翔,2021-06-15 01:59:59,2,3,1,真正教导学生独立思考的好老师，不唯师，唯真理。这才是大学老师应该有的样子
136326,237,叶高翔,2021-06-16 08:35:27,5,8,3,14年秋天选的课，7年过去仍然对我影响深远。对低年级同学来说，有一门正三观，开视野的通识课是很有用的。
137069,237,叶高翔,2021-06-30 09:22:34,0,2,2,棒极了
138202,237,叶高翔,2021-07-08 02:12:47,10,12,2,叶老师很好啊！每节课都讲得很慢很细致。这门课可能需要一些数学基础（微积分线代常微分）但老师的教学目的重在物理过程而不是数学过程，所以数学不好的同学不用担心~~（我就是数学渣渣hhhhh）看起来像是老虎课，但如果你对量子物理学感兴趣，这6分学分肯定是值得的！（不用担心考试，考试真的很简单，重在理解物理概念与思维！）
140186,237,叶高翔,2021-09-03 12:20:24,3,3,0,为叶老师打call
140546,237,叶高翔,2021-09-18 11:22:12,2,3,1,非常好
140620,237,叶高翔,2021-09-14 11:44:30,9,9,0,没有任何缺点，能找出缺点算我输
140950,237,叶高翔,2021-09-18 06:55:28,0,2,2,太好了
142345,237,叶高翔,2021-11-10 11:22:40,22,24,2,叶老师是一个慈祥温柔又幽默，学术功底十分强大，真的很厉害很厉害的人。\n\n他也有很好的文学或者说是人文素养，对音乐美术建筑各种方面也有很好的理解\n\n三观很正 而且也很懂得如何去塑造学生\n\n唉我浅薄的词汇简直不能形容这么优秀的老师\n\n先说结论:不给十分我对不起自己\n\n今天是这个学期物理学与人类文明叶老师上的最后一节课\n\n在课上听到“这辈子不要做偷偷摸摸的事，能不能答应我”\n\n抬头看见他带着慈祥的笑容，但是语气真的很严肃 于是莫名其妙的 热泪盈眶\n\n虽然我是一个文科生 对物理学一点不懂 现在还在担心考试能不能平安度过 还考虑过要不要弃修\n\n但叶老师绝对是我甚至可以说是这辈子遇见过的最好的老师之一。\n\n我也不在意自己将来考试怎么办了 至少我要好好学好这门课 不能对不起自己 更不能对不起叶老师
142516,237,叶高翔,2021-11-12 12:33:33,26,29,3,【2021秋·物理学与人类文明】\n\n叶老师上了前半学期的课，真的很开心很享受，作为文科生，这是我最喜欢的一门通识课！！！课上非常有趣，会引用很多曾经的趣事以及自己的经历。\n\n叶老师真的给人是一种先生的感觉。用很淡泊的口吻讲出他曾经那些极高的成就，比如接到诺贝尔物理学会的邀请……真的很让人敬佩！！！\n\n叶老师注重的是思维方式的引导，虽然会有不明白的物理学公式之类的，但这并不是这门课的重点！期末也就是一篇论文，可以与物理学毫无关系。（考试应该还是有一定的比较浅的物理知识）。平时很喜欢跟学生交流（虽然我一直没有敢上去与老师交谈过），循循善诱，上课经常说的是“我讲清楚了没有”而不是“听懂了吗”，这种主体的转换非常戳人。\n\n我不知道怎样形容叶高翔老师的风范。\n\n很遗憾自己并没有选择物理也没有能力在物理学领域深造，但遇见叶高翔老师，何其有幸！
142684,237,叶高翔,2021-11-15 05:29:12,5,6,1,好喜欢前面两位同学有爱的评论\n\n好喜欢叶老师层出不穷的段子\n\n好喜欢静静聆听叶老师的故事\n\n好喜欢叶老师
144117,237,叶高翔,2021-12-18 12:18:54,6,7,1,一定要选物理学与人类文明这堂课，绝对不会后悔的
144236,237,叶高翔,2021-12-21 01:41:22,14,15,1,强推量子物理学，叶老师能用轻松而非繁杂数学的方式带大家初探量子力学，对量子力学有兴趣的各位千万不要错过
144418,237,叶高翔,2021-12-21 11:36:21,1,3,2,推荐各位同学选叶老师的课，内容充实，幽默风趣
144834,237,叶高翔,2021-12-25 04:51:41,11,11,0,我们有机会听叶老师的课，是我们的荣幸：\n\n浙大能有叶老师，是浙大的荣幸。\n\n上了叶老师的课之后我才明白来浙大是为了什么，是为了上中国第一流的学府，见识中国第一流的知识分子，做中国第一流的真正的人。
144884,237,叶高翔,2021-12-25 12:03:52,14,16,2,物理系理科男一枚，上课的种种之前的学长们已经说了很多了，就不多加赘述了，我想分享一件事，今年开学的时候，物理系开迎新大会，叶老师就坐在我旁边，我从小性格内向，老师坐在旁边我很紧张，甚至忘记了问好，叶老师不仅没在意，还主动和我聊天，另一边坐着个求物的大佬，跟叶老师很聊得来，他们说的东西我不是很懂，叶老师跟他聊的同时也不忘和我搭话，当时我就觉得这个小老头是个很慈祥温柔的老人，他会很细心地照顾到学生的心情，也会很耐心的听学生讲话，强烈推荐叶老师的课，幽默诙谐，也很贴近生活，虽然原子物理很难就是了（笑哭）
146882,237,叶高翔,2022-01-08 01:59:52,2,4,2,必须满分！！！！！！！！！！！！！！！！！！！！！！\n\n千万不要错过他的课！
147835,237,叶高翔,2022-01-11 03:24:28,10,11,1,物理学与人类文明，不学白上浙大了
148036,237,叶高翔,2022-01-11 11:29:14,5,6,1,原子物理明天考试，先来给叶老先生刷个十分支持
148588,237,叶高翔,2022-01-13 02:35:31,3,3,0,必选课
149660,237,叶高翔,2022-01-16 09:37:46,2,4,2,想拿绩点的别来（有物理基础和科学思想的除外），课程体验巨棒，所以给10分
149679,237,叶高翔,2022-01-16 10:24:37,8,9,1,不得不承认物理学与人类文明是一门超级好课 但也不得不说确实是绩杀
149803,237,叶高翔,2022-01-17 04:10:36,3,4,1,简直要吹爆叶老师的课，上课超级有趣，一看就是那种很博学，很有思想的老师。认真听课，真的能学到很多。吹爆叶老师
151176,237,叶高翔,2022-02-24 04:02:35,1,2,1,浙大前辈王淦昌先生的故事感人至深
157097,237,叶高翔,2022-06-22 01:56:48,4,5,1,上了叶老师的科学精神，是很水的一门课其实，叶老师的气质真的好赞，很温柔也是一个老帅哥，绅士气息拉满，太爱叶老师了
159205,237,叶高翔,2022-07-08 05:06:30,4,5,1,在浙大求学四年、遇到的最具有学者风范与师者之心的老师
159925,237,叶高翔,2022-09-09 04:30:40,5,5,0,叶老师讲课非常活泼有趣，很喜欢讲故事讲自己各种奇妙的经历，作为一个文科生也特别喜欢来上他的课。展示环节我讲的内容明显不如班上很多理科生，但是老师还是肯定了我的一些想法并给出他的建议，是非常耐心的一位老师。虽然最后的考试限于我的知识范围一大部分都是瞎蒙瞎写，但也拿到了3.9，很知足也很开心能上到老师的课！
160052,237,叶高翔,2022-09-12 11:33:31,1,3,2,真的牛逼，选到就是赚到
160542,237,叶高翔,2022-09-26 08:42:27,4,6,2,听叶老师的课不仅仅是听物理那么简单，他在努力塑造我们成为未来对国家有用的栋梁之材
160687,237,叶高翔,2022-10-01 00:48:43,2,3,1,老师非常好！
161481,237,叶高翔,2022-11-07 12:37:17,2,4,2,超级好的老师
161544,237,叶高翔,2022-11-08 12:50:25,13,14,1,先生之风，山高水长\n\n叶老师的讲理完全不同于思政类的大道理，完全是一个物理工作者的实实在在的思考，发人深省\n\n他上课最常说的一句话是:“我讲清楚了没有”，而不是“你们听清楚了没有”\n\n这学期的课虽然只上了一半，但是对叶老师的课，就算是被正态我也真心觉得不虚此行
163220,237,叶高翔,2022-12-10 08:11:56,5,5,0,触动很深
164251,237,叶高翔,2022-12-20 03:39:18,3,5,2,物理学与人类文明作业只有期末一篇论文，还有一个自愿的基于你论文的展示，平时不签到。总而言之选到就是赚到，两位老师也是相当的和蔼和平易近人，听课也是比较享受的。
165375,237,叶高翔,2023-01-03 14:14:52,2,3,1,物理学与人类文明。环游了大半个世界的叶老师，年轻时是妥妥的小鲜肉~
166476,237,叶高翔,2023-01-12 10:42:21,-3,1,4,给分可以
166859,237,叶高翔,2023-01-14 02:59:15,7,7,0,期末考试对于文科生来说可能不太友好，但认真复习绩点不会太低！这门课更重要的是学会思考，学习科学精神，至于成绩，倒是次要的了。感谢叶教授！真正的学者！风度翩翩！
167457,237,叶高翔,2023-01-16 11:46:31,-1,1,2,他讲故事总是那么吸引人
167721,237,叶高翔,2023-01-18 15:08:07,1,1,0,中性评价
167727,237,叶高翔,2023-01-18 15:38:53,0,1,1,人品好
167950,237,叶高翔,2023-01-20 15:29:23,4,7,3,《原子物理》\n\n说一点个人的想法，这门课程确实，随着时间的推移已经逐渐很不适合现在的教育形式了。考核方式，评分标准这是一方面。同时课程内容和学时也需要改革。现在实际上是讲两节，一节习题课，一学期才32学时。而且个人感觉学习的知识很少，甚至连32学时都填充不了，已经不能作为基础课去支撑后续课程了，应该像求科班的模式学习。\n\n老师也表示了这门课程的不易，在自己编讲义想改变这种情况。
168543,237,叶高翔,2023-02-19 09:20:10,4,4,0,目前遇到的最有人文气息的老师
172002,237,叶高翔,2023-04-17 00:47:33,1,2,1,真的很好，物院俩大人生导师，他跟盛老师的课真的是对科学精神有很深的体会
173677,237,叶高翔,2023-06-01 02:25:21,-1,4,5,一般吧
174328,237,叶高翔,2023-06-09 14:19:19,1,2,1,老师真的很好，物理学与现代文明现在叫作科学精神，不清楚给分，但是推荐！
175620,237,叶高翔,2023-06-26 02:43:21,-2,0,2,通识课拉低均绩了😢但老师很好
175717,237,叶高翔,2023-06-26 09:46:50,0,0,0,上课很认真，而且给分也很不错，想学到点东西或者想水都建议选这门学分高的课
175791,237,叶高翔,2023-06-26 15:16:12,1,1,0,科学精神，五校联课，很水，上课可以不去，不点名，给分正常(不是很高，需要卷论文字数，论文字数不设上限)
175794,237,叶高翔,2023-06-26 15:43:32,4,5,1,科学精神很好的课，对人文社科的同学也比较友好，认真写论文成绩不会失望的
176102,237,叶高翔,2023-06-27 17:25:30,3,3,0,科学精神论文很认真写但绩杀了，不过老师是好老师，钉钉上提问题回复很认真
176873,237,叶高翔,2023-06-30 13:33:45,0,3,3,我们小组有幸被选中作为浙大的代表在五校讨论课上发言，叶老师亲自指导我们，还请每位同学喝了咖啡!最后喜提满绩，谢谢老师！
178383,237,叶高翔,2023-07-11 09:16:47,-13,7,20,对于叶老师的原子物理，如果你是物理系普通班的同学并且想要了解更多理论方面的知识，我建议快跑。去上求科班的原子物理绝对比在叶高翔普通班要学的多得多，上这门课纯浪费时间，造成这种情况的原因一是课程内容过于落后，二是老师授课水准有待提高（理科老师专业课上大部分时间在念ppt我的评价是差不多得了）。还有物理系的培养方案我是真的会谢，想深造的能提前学就提前学吧，按着培养方案学多半本科废了。
178583,237,叶高翔,2023-07-15 10:16:54,1,2,1,大四结束了，依然对叶老师念念不忘。大学四年遇到过的好老师top3。来浙大不听叶老师的课是一种损失
180170,237,叶高翔,2023-09-20 12:31:17,8,9,1,今天我们几点开始上课打铃的?六点五十?难道不是六点五十正负零点零零零一?我们是永远不知道的。\n\n（真的好老师啊！）
180890,237,叶高翔,2023-09-28 01:24:47,4,6,2,大学之大，非有大楼之谓也，而有大师之谓也\n\n叶教授完美诠释了这句话
181234,237,叶高翔,2023-10-12 03:27:41,3,4,1,精彩，精炼，精深，敬佩
181268,237,叶高翔,2023-10-12 13:48:46,-1,2,3,指引我思考怎么样成为优秀的物理工作者的引路人。真正的学者，思想家和教育家。
182381,237,叶高翔,2023-11-15 11:20:37,9,11,2,叶老师真的是第一位我上完课忍不住来评价的老师。真的非常喜欢上他的课，也非常舍不得他。他说如果三潭印月没有了，人们一定会在原处造一个一模一样的。你是愿意花很多钱盖一个长方体，还是花很少很少的钱造一个三潭印月？给了我很大震撼。真是极具人格魅力的老师。
182390,237,叶高翔,2023-11-15 12:14:17,3,5,2,阅历丰富，平易近人，无愧于大师之名。
182404,237,叶高翔,2023-11-15 14:47:20,6,7,1,叶老师真的是超好的老师。他让我知道了大学的意义——不只是学知识，更在于成为一个真正健全的人。我会谨记您的教诲——不唯书、不唯师、只唯真理。
182413,237,叶高翔,2023-11-15 16:48:08,7,7,0,物理学与人类文明，相当长见识的课，不讲专业物理知识但却能培养科学思维。每节课听听故事，总之就是好。(教授年轻的时候帅捏，真羡慕老师能周游世界)
185051,237,叶高翔,2023-12-26 04:32:27,5,5,0,超级喜欢叶老师，就是超级喜欢的那种，不自觉的就会很想听他讲话
187249,237,叶高翔,2024-01-15 10:08:29,5,6,1,刚考完还没出分，这应该是我在浙上的最后一门通识了，听老师讲课真的酣畅淋漓！有重点而且还很有趣。\n\n以及助教真的高强度水朵哎，甚至指路98有回忆卷，他真的我哭死TAT
187256,237,叶高翔,2024-01-15 10:16:40,3,5,2,物理学与人类文明，真的是来探讨科学方法那种，也很有思想，不拘泥于成见
188269,237,叶高翔,2024-01-18 13:58:29,4,5,1,真正的大师，带来的远不只是理论知识的拓展，更是思维方式与价值取向的熏陶——叶老师是真正的教育者！（有幸要到了签名嘻嘻
188627,237,叶高翔,2024-01-19 12:25:28,3,5,2,原子物理结束了，但是我的物理没有结束。有点热泪盈眶，不是为了出分的那一刻，而是为这个世界上最真诚最可爱的人而感动，今后一定还会再见，感谢一路有你！
188669,237,叶高翔,2024-01-19 13:31:14,2,3,1,原子物理 期末考所有内容ppt里都有，而且大部分是作业题做过的题目的改编。老师人也很nice，上课讲得很清楚，每次的作业题都会讲，每周五下午都会答疑（虽然去的同学好像不多hh）
188804,237,叶高翔,2024-01-20 04:27:09,0,2,2,原子物理\n\n作业(不要抄答案，是有错的)+期中+论文+展示(自愿)+期末(作业题)\n\n我认为这门课确实是有一定的不足和遗憾，不过ygx讲课我认为是挺好的。\n\n至于为什么我打10分，其实就是因为他给(分)的实在是太多了(:\n\n(跨专业的同学想修的话，好好听课就没问题的)
188880,237,叶高翔,2024-01-20 11:04:44,2,2,0,10分，不多说了。关键词：鼓励式教学、对文科生很友好
189051,237,叶高翔,2024-01-21 12:46:50,16,17,1,物理学与人类文明，课程是文理结合的，期末考试更是重视理性思辨，文科同学也应该无压力；\n\n老师很有风度，不仅介绍物理学经典理论和发展前沿，还给我们讲很多中外人文趣事，从简单的现象中总结出深刻的道理，最终能很自然而有理有据地落脚到科学精神对国家发展民族复兴的重要意义上；\n\n老师很真心在号召所有同学学习科学精神，并在大学学习生活中实践科学精神，很有一种再启蒙意义，让我很敬佩；\n\n至于给分，即使我没有参加pre，也拿到了90+，老师是不会为难大家的；\n\n听闻这门课好像不再开课了，挺惋惜的，也很庆幸我能有机会选上这门课。
190924,237,叶高翔,2024-03-24 13:03:52,3,5,2,老叶，想你了
192479,237,叶高翔,2024-05-21 13:32:14,3,3,0,先生之风，山高水长
198787,237,叶高翔,2024-09-11 15:41:15,2,2,0,先生之风，山高水长！
201345,237,叶高翔,2024-11-01 02:56:17,25,26,1,谁去请老叶出山，来当校长\n\n我们不需要院士，我们不需要亿万富翁\n\n我们需要一位大先生
201820,237,叶高翔,2024-11-06 13:04:59,0,2,2,最喜欢的老师
201895,237,叶高翔,2024-11-07 08:23:55,2,3,1,真的很感动，能在浙江大学这里遇到叶老师，当时我早就已经对大部分通识课有点失望，但有幸能遇到叶老师。在听他的课时，我才找到了那种听课的乐趣，而且他不只是简单传授知识，同时会和学生讲述更多有深度的观点。总之能选的真心建议去听一下，不是说一定要学到什么东西，但这是真真实实能有所收获的。
201930,237,叶高翔,2024-11-07 12:37:42,8,8,0,先生之风，山高水长。\n\n每节课都穿着笔挺西装，很认真的对待每一节通识课，精神比我这个大一学生还好，怎么说呢，听叶先生的课是一种享受。
201932,237,叶高翔,2024-11-07 12:45:43,4,5,1,真正的学者风范
202010,237,叶高翔,2024-11-08 06:52:39,0,1,1,喜欢听叶老师的课，有知识有想法有阅历，先生之风山高水长，十分敬上！
202982,237,叶高翔,2024-11-15 15:27:04,0,1,1,上您的课是我的幸运，一个字：好！
204894,237,叶高翔,2024-11-28 10:54:46,1,1,0,叶老师的物理学与人类文明可以说是我大一秋冬学期唯一的一门让我觉得有价值，有趣的课了，实在是厉害。
205544,237,叶高翔,2024-12-09 04:21:21,3,3,0,打破了我对理科教授的刻板印象，是一位特别特别有人文情怀的老师，上课也很有趣
205803,237,叶高翔,2024-12-12 05:15:18,1,1,0,好麻了
205818,237,叶高翔,2024-12-12 06:33:13,0,1,1,满分！
206625,237,叶高翔,2024-12-16 16:59:05,11,12,1,桃李不言，下自成蹊
207090,237,叶高翔,2024-12-19 08:09:54,6,6,0,最好的老师
208955,237,叶高翔,2025-01-03 14:44:34,2,2,0,叶老师很好
210479,237,叶高翔,2025-01-09 08:28:47,1,4,3,老师挺好，但给分不好，展示也做了，复习也挺认真自我感觉考的挺好，最后只有3.9
210490,237,叶高翔,2025-01-09 08:41:41,1,2,1,讲课很好，不仅是物理学，还有很多人类文明，但是考试还是有一点硬核的，所以最后绩点可能会不如很多通识课那样好看
210568,237,叶高翔,2025-01-09 11:09:58,-2,1,3,物理学与人类文明 好多原子物理的影子，考前复习原子物理是正确的🤤
210576,237,叶高翔,2025-01-09 11:28:26,0,2,2,特别负责又有人格魅力的老师
210715,237,叶高翔,2025-01-10 01:09:30,4,5,1,我觉得叶老师有大师之范。虽然物理学与人类文明卡我绩了，但不妨碍我对叶老师的爱戴～
210756,237,叶高翔,2025-01-10 02:12:38,2,3,1,老师的人格魅力远大于物理学与人类文明这门课程的内容，整个学期听完课程，印象最深的反倒是老师出国留学的各种照片故事，以及老师课上侃侃而谈的风范，关于课程内容，确实较为硬核，但对于浙江选考过物理化学的人来说是可以课上摸鱼然后考前看书复习的，多了解物理领域的一些基本内容，多想多思考一些辩证问题，考试也基本考的就这些
211954,237,叶高翔,2025-01-13 02:48:11,4,4,0,满分给上，最好的老师，上的是叶老师的原子物理，期中开卷考一个星期基本上是复习之前的内容，作业只要交了就给满分不论对错（他相信你只要写了并且听了就会有收获，有了收货就给你满分），上课讲的很好很清晰，期末有一个课程论文他会给很多题目这个也挺简单的一个上午时间就能搞定，那个小组展示就是线上讨论课应该是参加了就给满分不管有没有发言过（因为我没发言过），他上课一般是三节课前两节讲知识点第三节课讲作业，讲的比较慢，一点一点攻克知识点非常适合我这种不太聪明的学生，每节课开始还会花个十几分钟来复习之前上课的重点，上课中还会时不时穿插几个笑话或者小故事给我们听（应该是想让课堂不枯燥），最后期末是不允许带计算器的想锻炼一下计算能力，其实复杂的计算是没有的，主要是原子量的加加减减要看仔细就行了，期末考的内容基本上是作业里面的很基础，没有那些很复杂的公式都是一些简单到可以现场推导的公式。最后给了我4.8分真的很好的老师
212137,237,叶高翔,2025-01-13 09:00:11,2,2,0,他是物理系第一个记得我叫什么名字的老师。\n\n他是教会我觉得物理学不只有数学语言，更有人文关怀的老师。\n\n他是我无论期末多少分在我心里都是满分的老师。
213472,237,叶高翔,2025-01-17 14:12:52,5,5,0,人格魅力大于一切
214384,237,叶高翔,2025-02-02 15:00:47,0,0,0,555
216330,237,叶高翔,2025-03-13 10:24:02,1,1,0,超级棒的和蔼的老师 上他的课不认真听真的会愧疚
219960,237,叶高翔,2025-06-12 07:38:47,0,0,0,真的好，推荐
221473,237,叶高翔,2025-06-24 03:16:20,1,1,0,物理学与人类文明给分并不是很好。但是叶高翔老师值得一个接近于正无穷的分数。很少打心底里由衷钦佩一个教授，但叶老师会让你有这种感觉。一个治学严谨、温良慈祥、洗尽铅华的老人，一个被一辈子经历的各种事情打磨成一块中庸平和、圆融耀眼的璞玉一般的学者，一个大气谦和、拥有大智、通透宁静的圣人。
242,241,马志为,2015-03-14 17:37:05,26,47,21,上课无聊，纯研究员出身，不会上课。不过是美国回来，上课会跟你讨论自己关于某个知识点的想法，人品还可以，虽然最后大物被他打得很低
817,241,马志为,2015-03-17 12:41:35,0,6,6,哈哈哈，好老师
1251,241,马志为,2015-03-21 17:04:37,0,2,2,志为马 普林马
3946,241,马志为,2015-06-17 10:54:05,30,36,6,乖，如果今天大家都不去上课你就去吧，人太少他会点名的，上课带好书自修就好了……老师很认真但是…真特么不会上课
5145,241,马志为,2015-07-05 03:12:05,7,12,5,老师人真的超级好！
18829,241,马志为,2016-01-22 15:18:55,17,22,5,讲课糟糕的简直，喜欢乱出题，给分依然糟糕的简直。上过的物理课里面几乎最不靠谱的
21971,241,马志为,2016-03-02 03:12:06,11,14,3,绝望  hopelessness
21977,241,马志为,2016-03-02 03:25:36,17,29,12,两节课讲一百多页，效率出色，水平高超
21978,241,马志为,2016-03-02 03:30:02,0,2,2,啊，我的父亲
22493,241,马志为,2016-03-07 02:51:54,2,7,5,不咋地\n\n
23244,241,马志为,2016-03-27 05:16:47,7,11,4,根本讲不清楚。还没有别的老师可选。
25631,241,马志为,2016-05-30 04:06:51,2,5,3,自学小能手养成中…
25643,241,马志为,2016-05-30 14:04:18,2,5,3,哈哈 老师人挺好的 就是讲的不是特别清楚
25977,241,马志为,2016-06-14 16:40:53,0,2,2,好好看课件
25978,241,马志为,2016-06-14 16:41:22,0,0,0,这不是个问题
26200,241,马志为,2016-06-16 08:08:37,61,66,5,I suppose 你们都会了。
26730,241,马志为,2016-06-21 03:38:13,3,6,3,我觉得很好啊 很和蔼 很耐心
26780,241,马志为,2016-06-21 05:58:46,29,32,3,其实老师还是很认真的，也很和蔼，可以看出来他尽力想把课讲好，然而也是真的讲不太清楚。。。
27109,241,马志为,2016-06-23 02:59:33,0,4,4,piece of cake
27366,241,马志为,2016-06-25 08:28:24,-7,4,11,上课讲得不怎么样但是考试出题简单
27528,241,马志为,2016-06-27 01:52:30,9,13,4,虽然讲得一般般，但是面对学生的提问解答很耐心。
27731,241,马志为,2016-06-27 10:01:05,1,5,4,上课确实有点讲的不清楚，不过老师人超级好，回答问题很耐心，给分业界良心，没有之一
28283,241,马志为,2016-06-28 08:25:52,3,5,2,老师人很好，但是确实很难把他的想法传达给我们，大多数时候云里雾里。如果预习的话，听还是听得懂的。还有就是quiz总是有点措手不及……
29945,241,马志为,2016-06-30 14:29:49,0,4,4,谢马老师不杀之恩！虽然这个学期我什么都没有听懂！还是看个人修为啊！
29967,241,马志为,2016-06-30 15:29:52,-1,7,8,绝对绩杀，我期末90+绩点能给出3.9来，上课讲的什么鬼，还有出卷子时候的英语水平，我也真是醉了
29978,241,马志为,2016-06-30 15:51:36,1,7,6,期中考乱出题，一道平时几乎略过期末都不考的题算最大比重。然后最终成绩居然这次坑爹考试占25%。反正我内心是奔溃的。理念就有问题，没办法评价了。
30015,241,马志为,2016-07-01 13:24:32,2,6,4,开大奔，戴劳力士的等离子志为马~
30018,241,马志为,2016-06-30 18:16:02,2,4,2,Quiz:这个题简单吧？\n\n这个题不会的举手\n\n做完没有？\n\n交了吧？
30082,241,马志为,2016-07-01 02:06:25,-1,3,4,我第一次发现我自学能力这么强
30210,241,马志为,2016-07-01 05:39:38,1,3,2,平时quiz点名，难得一匹，期末考试给分也不好，人很好但讲课一般。
31432,241,马志为,2016-07-04 02:07:33,4,5,1,不会讲课。不会讲课。不会讲课。
32099,241,马志为,2016-07-05 15:24:29,0,3,3,老师人好没话说 但是讲的实在太烂 普物虽然只有3.6但是觉得自己也就值这个水平 还算公正吧
32271,241,马志为,2016-07-06 05:23:12,9,12,3,很可爱的老师*^o^*尤其是早上带着耳机走进来的时候^。^
34116,241,马志为,2017-01-03 08:44:18,8,12,4,超好的老师
34394,241,马志为,2016-10-09 03:37:03,-7,5,12,怎么没有0分啊，见过最差的老师没有之一
34459,241,马志为,2016-10-11 05:22:12,2,5,3,老师性格好确实，但是试图通过用quiz和点名来绑住学生的行为不能忍，真心想去隔壁听课却不行，还有就是课件传得晚，课件里的bug简直鬼畜……请给自学派一条出路吧……
34508,241,马志为,2016-10-12 07:50:03,17,26,9,本来能评国奖，自从上了马老师的课，现在思考的问题是怎么能不退院
34572,241,马志为,2016-10-14 02:51:30,4,8,4,一次课交两次quiz简直丧病！
34573,241,马志为,2016-10-14 03:14:41,-1,2,3,腊鸡腊鸡
39381,241,马志为,2016-12-22 10:12:37,-1,1,2,上课完全不知所云
45739,241,马志为,2018-11-05 08:51:17,-34,6,40,傻逼 傻逼
50951,241,马志为,2017-05-10 02:16:19,-1,0,1,我勒个
51966,241,马志为,2017-06-14 03:18:32,4,6,2,搞学术厉不厉害不清楚\n\n但是讲课真的一言难尽\n\n听他讲课还没有看ppt有用\n\n每节课必有quiz\n\n当我上完了刘康生的线代我以为我再也不会重温那样的噩梦了\n\n知道我遇上马志为的普物\n\n坑爹的是康生期末还给你讲讲历年卷\n\nzwma就...i suppose 你们都会了??
52781,241,马志为,2017-06-23 00:40:14,1,3,2,讲道理其实老师挺好的，其实我觉得他讲的快也是有重点的，难的地方讲的挺慢的，而且老师也挺萌的
53916,241,马志为,2017-06-28 04:22:50,0,2,2,不调分的老师简直有毒…???
53933,241,马志为,2017-06-28 05:13:50,7,8,1,崩溃，不调分，我估计要退院了
53950,241,马志为,2017-06-28 06:04:35,-2,1,3,老师给分超级好啊！
53968,241,马志为,2017-06-28 06:32:03,3,4,1,老师人真的很好，给分也好
53969,241,马志为,2017-06-28 06:33:18,-1,1,2,给分好
53971,241,马志为,2017-06-28 06:34:46,7,12,5,老师人真的非常好，给分特别良心！大家不要吐槽上课听不懂了，普物本来就不是很简单的课程，需要认真预习，就算老师上课讲的全都听懂了，也需要课后复习。所以不要把责任推到老师身上啦。
54034,241,马志为,2017-06-28 09:28:10,-3,3,6,讲课菜就不说了，给分一点都不好。平时分就扣掉了总评的十多分。quiz乱出，然后就拿来扣平时分，太差的老师。\n\n
54041,241,马志为,2017-06-28 09:47:35,-1,1,2,自学吧，绩点还是可以很高
54165,241,马志为,2017-06-28 14:55:16,2,4,2,噩梦。。。老是quiz，但是最后会调分，人还不错
54507,241,马志为,2017-06-29 12:49:10,0,2,2,老师讲课根本听不懂，而且不准你自学，天天quiz
55364,241,马志为,2017-07-01 11:16:04,20,24,4,老师人品是毫无疑问的好，nice到上课你的笔掉了会下来给你捡，而且两节课的时候一定会回答问题一直到十二点，超感动～上课内容怎么说呢，我的感觉是老师自己太明白，所以他认为显然的会默认我们明白就导致课很容易听不懂，但是如果抓住使劲问老师会很耐心的给你讲到明白为止。quiz算是变相点名吧…一次调休起晚了…趴在门上听到里面还有两分钟下课要quiz被怼回去了?给分…我觉得分不是给的【捂脸】考不好是我太菜…
55547,241,马志为,2017-07-02 01:24:59,0,4,4,老师人真的太好了，超喜欢的一个普物老师，人萌萌的回答问题很耐心给分也很好，总之选他的课不后悔
56490,241,马志为,2017-07-04 01:43:13,2,3,1,quiz极难，也用于控制学生到场。。人挺好，表达能力十分欠佳。简而言之，全靠自学。
58166,241,马志为,2017-08-13 13:42:33,-2,4,6,听他的课真的痛苦...\n\n虽然课后刷ppt考前刷卷子也能拿4.8\n\n但真的是拼了老命的\n\n真的听不懂他在讲什么\n\n听三句话我就开始神游\n\n啊zwma?再见
58211,241,马志为,2017-08-23 08:45:51,0,0,0,呃。。。思路没法跟上老师
59006,241,马志为,2017-09-19 05:35:47,0,0,0,听不懂 自学 出题怪
63738,241,马志为,2017-12-14 00:30:12,2,4,2,上课确实不好，给分真良心（跟别的老师比起来，本人竺混）
64855,241,马志为,2017-12-27 12:28:40,2,3,1,给了zhiwei ma 10分，I suppose 你们都会了哈哈哈哈哈，我只能说老师期末给分真的很好了，期末考了70多一点点，老师硬是调节平时分的比重，把我的绩点拉到了3. 6。现在在上沙健爸爸的普物2，我希望他可以和zhiwei  ma 一样nice，哈哈哈哈哈哈哈哈哈哈哈哈哈哈
66307,241,马志为,2018-01-15 03:48:32,-11,0,11,给分超级好，自己复习一下很容易满。
74961,241,马志为,2018-07-10 07:28:23,2,2,0,虽然老师讲的不是特别好，但是人很好，前面讲得很快，自己下去要多做题，最后考试是没问题的
76154,241,马志为,2018-03-28 04:30:11,9,10,1,老师可能不是那种帮你预习帮你复习的人，也不是那种能保证你上课一定能听懂的人，但是绝对是一个认真负责而且慈祥可爱的好老师，回答学生的问题非常认真耐心，人也很随和经常笑，推荐读普物教材有困难的同学买一本大物教材来读，老师说他也有看学生的评论也有在努力改正，但上课进度是不会变化的，quiz难度会适当降低，总之还是很幸运能上老师的课。
77912,241,马志为,2018-05-08 13:20:44,7,8,1,老师超好啊，他说看了这里的评论，同学们都在抱怨，于是这个学期就取消了期中考。而且平时小测还会给提示，超好的。特意在考前来评论，反正我学的蛮开心的。
83377,241,马志为,2018-07-10 07:42:15,-1,1,2,会调分，不管教得好不好，给分很仁慈。
83429,241,马志为,2018-07-10 09:19:34,9,11,2,期末一定要带计算器！！！\n\n血一般的教训！！！\n\n还有，牛津词典上没有monatomic这个词，记住它，单原子分子的。不然热学题的绝热系数就靠蒙了…
83443,241,马志为,2018-07-10 09:50:48,0,1,1,人品很好，有次迟到了硬着头皮走正门，老师还冲我微笑(也可能是故意让我不好意思的)，就是喜欢这种态度好的老师
83467,241,马志为,2018-07-10 10:45:43,2,2,0,老师很和蔼
83515,241,马志为,2018-07-10 13:08:10,4,5,1,给了老师10分。普物本身难度就在那里，也没有什么办法，老师绝对是一个好老师，对学生真的特别特别好，回答问题超级耐心！
85161,241,马志为,2018-07-16 00:50:33,15,16,1,"老师:""懂嘞个""\n\n"
85535,241,马志为,2018-07-19 03:42:16,0,0,0,老师真的超级nice，最后绩点低是我自己太菜_(:з」∠)_
86286,241,马志为,2018-09-12 04:55:14,-32,3,35,给分超好，感觉考爆炸了还有4.8，qiuz贼简单，难了的话一般就是全班都不会，qiuz直接取消。虽然有时候听起来有点吃力，但还有ppt刷。很nice
87307,241,马志为,2018-09-27 01:16:58,4,5,1,？？？
99921,241,马志为,2019-01-25 09:53:04,-1,2,3,老师人很好\n\n
109610,241,马志为,2019-06-17 18:08:18,0,2,2,老师人很和蔼。有些年纪了，也不是什么网红教师，所以对学生相当有耐心。但是普物真的是需要自己好好努力，平时下去多用功的课，不论万歆还是方明虎都一样。加上老师自己是专业的，所以有些同学包括我会认为他讲的可能有些不好接受，但事实上，只要把他的ppt提前预习，下课后把上节课内容搞懂，再实在不行就看看大物书，就没问题的。理科的课不能指望自己不努力就学好。当然给分我是不怎么看好，我就希望过3.3就行
112202,241,马志为,2019-07-03 22:35:06,-2,0,2,老师人很好上课很认真，不过普物本身的难度加上英文PPT导致我听课有一点犯困（老师对不起），但课后自己多看看PPT就好。考前一定要认真看总复习的PPT!
112239,241,马志为,2019-07-03 23:57:14,3,3,0,真的挺喜欢老师的，但是恕我直言，老师真的不适合教学啊?
112313,241,马志为,2019-07-04 01:23:03,1,3,2,老师很耐心很nice，期中考看我们考得不是很好期末出卷就很nice～好好看ppt基本就没问题?
112348,241,马志为,2019-07-04 02:27:32,-1,2,3,马志伟老师可能教学方法不会适合每一个人，但是老师真的很有耐心，很负责，作业迟交也没事，许多同学上课迟到也没事，而且给分也好，像我期中没及格最后都能拿到八十多分，给老师点赞
112616,241,马志为,2019-07-04 22:37:55,8,9,1,小测当点名，半期粘滞系数杀我，期末考卷很nice。教学。。。一言难尽，zwma引新概念会不讲清楚就开始推导，ppt有不少错误，但老师人确实很好。
117036,241,马志为,2019-09-26 02:28:39,1,3,2,。。。
123299,241,马志为,2020-06-01 01:27:50,0,1,1,
125580,241,马志为,2020-09-12 00:15:43,0,1,1,老师人真的很好呀～
125588,241,马志为,2020-09-12 02:39:25,0,1,1,老师人还不错
126247,241,马志为,2020-09-21 00:52:03,1,1,0,老师真的OK，但是上课声音实在催眠，乌乌
128155,241,马志为,2020-12-09 02:04:20,0,1,1,很喜欢！
134905,241,马志为,2021-04-22 03:23:27,17,20,3,老师人很好，很和蔼，年纪挺大了，主要搞科研兼职教学。现在讲课已经不错了，虽然有一点点犯困，但是知识点比较详细，没听懂下课看ppt自己再过一遍就是了。喜欢quiz当点名。另外助教zhx小哥哥极其认真负责，会很耐心回答每一个问题，每次作业都会反馈问题。总得来讲我觉得完全对得起给满分。
135579,241,马志为,2021-05-15 06:12:53,34,35,1,没有人表白助教xgg？\n\nzhx xgg好认真！！！\n\n（大概是老二刺螈了吧）好可爱哈哈哈哈哈哈\n\n马老师解答问题的时候很认真
135675,241,马志为,2021-05-19 03:04:16,-19,6,25,老师真的让我失去了对物理的热爱 \n\n真的搞笑\n\n感觉他不能教本科生并不适合上课\n\n只会说什么okok\n\n如果要自学的也不建议上课\n\n天天quiz\n\n如果基础差的也不要选 \n\n听听过来人的建议
139307,241,马志为,2021-07-14 06:59:36,1,3,2,感谢老师捞我
139309,241,马志为,2021-07-14 07:32:13,0,2,2,感谢马老师不挂之恩
139314,241,马志为,2021-07-14 08:45:51,1,5,4,给分高的离谱\n\n这么高的给分都让我觉得自己对不起助教哥哥和老师了…普物2我一定好好学习
139322,241,马志为,2021-07-14 10:32:29,1,2,1,马老师乃武德真君
139485,241,马志为,2021-07-16 10:58:25,1,2,1,非常好
140433,241,马志为,2021-09-11 08:59:00,1,2,1,老师还是很和蔼认真的，虽然上课能力确实一般，但不妨碍是个好老师！期末给分还是很给力的！
140727,241,马志为,2021-09-15 12:02:01,1,4,3,助教捞完老师捞，学得很差但分数比预想高太多
151536,241,马志为,2022-03-07 04:12:17,1,1,0,真的很无聊
155015,241,马志为,2022-06-07 12:32:06,0,0,0,把简单的问题讲的很复杂
155055,241,马志为,2022-06-08 03:09:38,0,0,0,解答问题无敌认真，水平超棒
158373,241,马志为,2022-06-29 00:25:53,0,0,0,嘿嘿嘿
158391,241,马志为,2022-06-29 02:48:11,0,0,0,感觉还行
158822,241,马志为,2022-07-02 12:46:11,3,3,0,给分比去年差太多了
161403,241,马志为,2022-11-06 07:56:24,-5,0,5,马老师的期末卷子应该是比较简单的，题目很常规，不过据说不调分，要注意细节，避免粗心大意丢分（有点像高考？）\n\n老师讲课也很不错，值得好评。
171037,241,马志为,2023-03-15 01:22:53,2,3,1,很简单\n\n这不是很简单\n\n？？？
171965,241,马志为,2023-04-14 03:43:54,0,0,0,老师人确实很nice，很和蔼，感觉可能有时候确实听不懂，但是平时作业题目还是很简单的，可能是上课一下子上经典例题太难了导致听不懂，还是要预习。
176925,241,马志为,2023-06-30 17:19:05,4,4,0,好，特别好的老师，期末超会捞人
176941,241,马志为,2023-06-30 23:15:37,1,1,0,一个很慈祥很可爱的老头子，讲课不是很清晰(可能因为他太巨了不懂我们有多菜)，但是也会询问我们的意见积极做出改进。几乎每节课都有小测(有的时候刚讲完的知识就测)，不过是以点名为目的，做不做得出来问题不大。总的来说是好老师。
176952,241,马志为,2023-07-01 00:46:41,2,2,0,超能捞，老师人也很好
176998,241,马志为,2023-07-01 04:00:40,1,2,1,神级老师，普物一3.9虽然不高，但是我知道自己的物理水平，普物没有挂掉已经非常惊讶了，ZHIWEI MA神级老师！！！
177267,241,马志为,2023-07-02 13:05:23,2,2,0,听课体验可能没那么好，更多地需要课下消化，但考试给分超好，还是比较推荐的
177539,241,马志为,2023-07-03 15:38:38,3,3,0,认真听过几节课，其实老师讲课的思路逻辑都是很好的，感觉问题是讲课时没有侧重点，然后和学生有些脱节？所以最后还是自学了，考试是普物里面最简单的了，也很能捞。老师非常和蔼可亲，下课问问题会经常耐心地解答到很晚。
195582,241,马志为,2024-06-29 01:20:03,1,2,1,每节课都点名，基本每节课都有quiz。但我觉得是给你调分用的。太捞了真的太捞了真的太捞了，我先叫一声爹
197099,241,马志为,2024-07-07 15:36:06,-1,0,1,给分很好，但堂堂点名
197321,241,马志为,2024-07-11 02:12:01,0,0,0,虽然点名小测 但这也太能捞了！！感谢老师
198504,241,马志为,2024-09-09 10:22:38,0,0,0,老师人很好，水平也很高，给分很捞，但是老师讲课确实讲得不是很清楚。
217098,241,马志为,2025-04-02 00:51:51,5,5,0,好，我们来做quiz
221511,241,马志为,2025-06-26 06:28:01,1,1,0,老师给分很好！
221785,241,马志为,2025-06-26 08:11:43,0,0,0,卡绩了，不知道是老师求是打分还是说我太菜
221786,241,马志为,2025-06-26 08:22:29,0,0,0,只要能接受当堂小测无脑选，老师人巨好很和蔼，给分也好
221791,241,马志为,2025-06-26 09:04:23,0,0,0,伟大无需多言，捞王中的捞王
16086,249,冯波,2016-01-17 07:04:22,2,5,3,老师数学太凶残了
18356,249,冯波,2016-01-21 13:16:48,7,13,6,对学生自学能力要求高
18841,249,冯波,2016-01-22 15:31:28,3,8,5,渣渣被虐成狗的感觉
18847,249,冯波,2016-01-22 15:33:50,2,5,3,学渣上完课一身内伤
18853,249,冯波,2016-01-22 15:42:05,11,20,9,上过+旁听过冯老师开的所有本科生课，难得能把数学物理融合在讲的老师，观点也很鲜明，跟着学了不少东西
19481,249,冯波,2016-01-24 10:50:29,0,7,7,老师实力真心好，就是太高估我们实力了，讲课太快。9分。
19833,249,冯波,2016-01-25 11:08:34,0,9,9,男神啊不解释
40266,249,冯波,2016-12-31 06:22:21,0,6,6,男神，强到无话可说
59141,249,冯波,2018-01-24 15:18:06,8,15,7,终于知道为啥评分上9了。因为期末给分还不错
59144,249,冯波,2017-10-25 02:59:38,-10,5,15,zz。
59547,249,冯波,2017-10-11 04:55:04,2,4,2,快快快
59775,249,冯波,2017-09-27 03:08:12,2,6,4,开飞机？
59779,249,冯波,2018-10-18 14:36:48,-4,18,22,他的课是讲给他自己听得，不要看下面那些评论，什么男神之类的。其实他根本没有把知识点讲透，只是一味按照他的数学水平去推，然后好像一切都是当然的不需要解释。偶尔讲一些和课程无关的物理概念，也只是讲一下名称，有点哗众取宠的感觉。书上知识，完全自学。上学期评分还是7点几不知道谁给他刷的分。
59786,249,冯波,2017-09-27 03:18:19,7,9,2,他说要有意培养我们自学能力。。。
59793,249,冯波,2017-09-27 03:52:01,2,4,2,同一身伤。。。
60227,249,冯波,2017-12-13 03:10:52,5,11,6,上课的人越来越少了…听课的人也超不过十个…真的是讲得太快作业还太多?遭不住啊
60235,249,冯波,2017-10-18 03:17:40,8,12,4,完全浇灭我对物理的热情。。。
60343,249,冯波,2017-11-22 12:48:37,22,28,6,我是16级的学生，之后的新生听着，冯老师的课不是一般人能上的，老师最喜欢讲打星号的章节（就是不考的），布置的作业是往难的挑的，（考试会考的不布置），我并没有说这个老师不好，只是自学能力不强，而且不是十分自信的同学千万别选这个老师！
60435,249,冯波,2018-01-23 02:58:35,3,9,6,冯波老师还算很负责的吧。不过他喜欢在自己了解的领域，讲得很深，不太了解的地方一下带过，这有点。。。
60504,249,冯波,2017-10-23 01:11:50,17,19,2,老师热衷于讲相对论
60599,249,冯波,2017-10-25 02:47:02,5,8,3,冯老师17秋冬第一次开大物课，以前教的都是比较高级的物理课，所以他上课的风格其实并不适合那些没有物理基础的同学，然而大物课本身就是基础物理课，所以会觉得那啥是在所难免的。不推荐没有物理兴趣没有物理基础没有很强的物理自习能力的学生选冯老师的课，但物理系的同学们可以去选冯老师的另外两门课，绝对是物理系的良心课程
60635,249,冯波,2017-10-26 00:39:19,2,5,3,我只能说冯波老师的大雾不适合我，(?)
63302,249,冯波,2018-01-15 00:37:05,1,9,8,不说别的，100多人的班后面只有十几个上课，可想而知老师有多优秀，呵呵
64515,249,冯波,2017-12-25 00:55:53,1,3,2,上的很快，可能我比较喜欢快节奏的老师吧，反正我觉得老师很好！
65313,249,冯波,2018-01-03 02:48:59,52,58,6,看完了评论，各位我今天算是要得罪你们一下。还不是因为浙大数学物理等基础课以前太过水了，大家都以为大学是这个样子。。。大学哪是这个样子的。。。看看某科，看看两个top，哪个不是课程压力上天的。三本浙把物理上成ppt课也是少有的(包括某H)。fb大概是高估了各位的水平，以为这真是世界一流大学了。各位还要多加努力啊，提高对自己的要求啊。。这么划水怎么行呢，上面怕也是意识到这个问题了，这一两个学年公共课的去水是相当明显的。希望这个趋势能够继续下去。
65314,249,冯波,2018-01-03 02:53:02,5,9,4,看完了评论，各位我今天算是要得罪你们一下。还不是因为浙大数学物理等基础课以前太过水了，大家都以为大学是这个样子。。。大学哪是这个样子的。。。看看某科，看看两个top，哪个不是课程压力上天的。三本浙把物理上成ppt课也是少有的(包括某H)。fb大概是高估了各位的水平，以为这真是世界一流大学了。各位还要多加努力啊，提高对自己的要求啊。。这么划水怎么行呢，上面怕也是意识到这个问题了，这一两个学年公共课的去水是相当明显的。希望这个趋势能够继续下去。\n\n//本人工科16级，
67845,249,冯波,2018-01-22 08:12:43,0,3,3,\n\n老师的思维速度很快，拓展内容也很多，适合学有余力的同学
69392,249,冯波,2018-01-24 14:59:26,9,9,0,首先老师的数学水平很强，其次老师物理境界高到你们难以想象以至于听课费劲，然后没有很强自学能力微积分线代常微分复变数学物理方法学得很好且对物理抱有极大兴趣的同学慎选，想通俗易懂考试不慌的请找评分高的前三位，最后感叹一句是我们太渣了老师强得一批。（无小测不点名作业多且难）
72112,249,冯波,2018-01-29 11:15:05,0,2,2,老师真厉害
75615,249,冯波,2018-03-14 05:43:56,-1,1,2,你在说什么
76324,249,冯波,2018-04-03 03:59:39,4,5,1,老师很厉害，数理结合，作业很多，好好完成对期中期末帮助很大，对自学能力要求比较高吧，还有助教太辛苦了，改作业估计要哭\n\n
76599,249,冯波,2018-04-16 06:21:03,6,13,7,追求绩点的同学去看上面的评论。凭良心说，冯老师的大物课内容绝对是其他老师都比不上的。拓展线性代数，介绍相对论的四矢量方法，最小作用量原理，量子纠缠效应，其他老师课上听得到吗？他的大物课不是为了成绩，而是培养自主学习能力。他说不想听的随时可以离开，可以回去自学课本内容。那些绩点低的自己想想平时花了多少时间来学。教师的水平不是简单的均绩就能评判的。
78035,249,冯波,2018-05-16 02:25:15,5,6,1,听不懂学不会什么都学不到
79110,249,冯波,2018-05-23 07:20:46,9,10,1,我的课你们只要听懂百分之50就行了\n\n
79729,249,冯波,2018-06-13 06:19:34,2,6,4,只想说一个好老师并不要求他学术能力如何科研成果如何，评判的标准应该是他的教学能力，学生能否接受他所教授的内容。基础都不打好以后怎么学
82824,249,冯波,2018-07-09 07:43:02,9,10,1,坐等一波力学的朋友来反思自己
84020,249,冯波,2018-07-12 00:11:38,1,2,1,1.那个xxx（忘了）的目标是不让学生全听懂，只听懂80％，我还没他那么厉害，我只能让你们听懂50％。\n\n2.你们觉得听懂我课50％的举手\n\n（有几个人举手）我觉得我好失败，没事，培养你们的自学能力。\n\n3.老师很强，是我太辣鸡了。虽然物理学一成功贡献我的最低绩点（全靠师生情没挂），但是老师是真的强。（10分）\n\n4.对了，不点名的。
86143,249,冯波,2018-09-08 03:26:15,0,2,2,很好，非常好
96569,249,冯波,2019-01-21 06:38:46,0,1,1,物理一，给老师拉低均绩了。\n\n不过1.5飘过，还是要感谢老师!
103842,249,冯波,2019-03-06 07:52:27,1,2,1,强\n\n\n\n10分
104165,249,冯波,2019-03-13 08:06:17,1,2,1,不适合基础不强的人
105082,249,冯波,2019-04-03 09:38:55,3,6,3,一边倒的偏向好评，我问问大家物理课是不是基础扎实最重要?平地建高楼?\n\n我不是爱因斯坦，希望老师能更注重些基础。讲课深入是一种本事，浅出也是一种本事
110305,249,冯波,2019-06-25 12:39:26,4,5,1,上课的确很累，很多地方都听不懂，需要课后自学，但是！自学过后再一想老师上课讲的内容和发了讲义，就突然感觉豁然开朗。用老师的话来说就是，书上讲的太啰嗦了，我喜欢直指本源
110380,249,冯波,2019-06-26 08:13:43,1,1,0,上物理学一的后来的小朋友，强推MIT的《力学概论》。老师上课比较深，基础不清楚的先看那本，多练题目，比较熟悉了，再看老师给的讲义。会有很大的收获。老师给分还是很好的，虽然难了一点，，要花很多时间，但是这样才是大学生应该有的样子。
110411,249,冯波,2019-06-26 12:29:59,2,2,0,相信我，选他的课不会错的，真的超级棒。我是18级的，刚学了他的物理1，特别有收获。他的讲课方式很独特，但是也很有魅力，不会让人想睡觉不想听课，一次听三节都ok的。这门课不水，需要课后花时间看讲义看书，推荐的那些书老师都帮我找图书馆借好，我们去图书馆就能看，这么好的老师哪里找。强调一下，不是绩杀不是绩杀不是绩杀，他真的不是绩杀。
110420,249,冯波,2019-06-26 13:23:55,4,4,0,谢谢老师海底捞，我小论文没写，期末考啥也不会都及格了
110629,249,冯波,2020-01-12 06:37:39,3,6,3,4.8飘过。。。相信我，总是有办法的
112074,249,冯波,2019-07-03 11:52:27,2,3,1,不预习大概率是听不懂的，预习了大概率也是听不懂的，，不过半年下来自学能力确实如他所说有一定提高，微积分线代上完了有时候回想老师讲课的一些东西，发现老师用到的数学推导大部分也不是很难，希望老师以后照顾一下大家的数学基础，或者多分享一下相关的数学课程吧（老师是真的强，是我tcl
119233,249,冯波,2019-11-11 12:01:26,2,3,1,课很难，但真的不错
122662,249,冯波,2020-03-13 08:33:21,3,4,1,冯老师的力学课程飘过，相对论、刚体力学部分挺有深度的，还拓展了很多其他物理课没有的内容。从课堂上真的能学到很多东西，不光是数学，还有物理思维。当然老师人也很好，风趣幽默，给分也不错的~
123593,249,冯波,2020-06-10 10:11:38,1,1,0,有点难度，给分不错
125833,249,冯波,2020-09-14 15:19:59,9,9,0,大师。力学课：授课内容有难度，但考试不要求，只考基本力学题，每节课都值得认真听，老师对数学物理的结合让学生极受启发，适合有力学基础的同学学习。板书有点难看懂，但讲义很清楚。这门课无需考虑给分，仅讲授水平便足以得10分。
133449,249,冯波,2021-03-01 01:49:32,1,1,0,冯波老师 上课认真 内容详细
137505,249,冯波,2021-07-04 15:07:30,0,0,0,上课很有价值的
2838,345,王浩华,2015-07-12 23:48:59,-4,2,6,呵呵
4488,345,王浩华,2015-06-24 01:08:44,-4,3,7,呵呵\n\n\n\n
4943,345,王浩华,2015-07-01 08:24:49,4,7,3,偶尔点名，风趣幽默
6131,345,王浩华,2015-07-11 05:50:50,-5,2,7,呵呵\n\n
6441,345,王浩华,2015-07-14 03:57:44,20,26,6,一个希望大家可以有自己想法的老师，答疑认真，看重诚信。每每看到他提问底下鸦雀无声水边手机的无奈，大多数人只是为必修罢。挺感到可惜的，不过祝科研顺利！\n\n
12617,345,王浩华,2016-12-21 13:44:06,7,8,1,其实老师挺有趣的 希望大家能够积极互动 就是试卷最后不对自己口味
21439,345,王浩华,2016-02-29 00:43:24,-5,1,6,呵呵…
22846,345,王浩华,2017-03-17 01:53:52,-11,3,14,各种不爽
23701,345,王浩华,2016-04-13 02:58:55,-5,2,7,呵呵呵
27524,345,王浩华,2016-06-27 01:37:36,18,21,3,其实是个很认真很好的老师 真正在向西方课堂看齐 注重师生互动 讲完该讲的内容就会提前下课 干净利索 如果真心想学好 只要跟上老师的节奏一定没问题 如果想走捷径或是想水 可能就不适合娃哈哈了
27533,345,王浩华,2016-06-27 02:52:47,10,11,1,真心好老师啊，人很好，对物理知识掌握的很有深度，上课也不晕，就是希望同学们能和他好好交流，有高中的一点感觉。（不喜欢迟到的人?，却不点名）
28173,345,王浩华,2016-07-01 07:12:40,5,7,2,老师人很好，只是上课方式不被一些同学欣赏，所以有时课堂氛围比较尴尬。
28205,345,王浩华,2016-06-28 08:15:50,1,3,2,一个很有想法的老师，思路清晰上课麻利节奏有点快的，希望和同学们有互动交流，鸦雀无声就会很不开心。经常讲完了就提早下课~~~
29713,345,王浩华,2016-06-30 08:17:58,1,3,2,我觉得还挺好的啊、可以提前下课哦h h h hi
29716,345,王浩华,2016-06-30 08:27:07,1,3,2,会提问，希望大家跟着老师的思路走，不错的老师。而且平时讲完会提早下课，安排答疑课。
29720,345,王浩华,2016-06-30 08:38:11,1,3,2,挺好的老师，开始可能会觉得不太适应\n\n
29723,345,王浩华,2016-06-30 08:43:14,1,2,1,。。。。。
29725,345,王浩华,2016-06-30 08:45:31,-1,1,2,还行吧
29735,345,王浩华,2016-06-30 09:07:11,1,2,1,重点是可以提前下课hhhh
29786,345,王浩华,2016-06-30 10:11:07,1,2,1,挺好的呀
32679,345,王浩华,2016-07-09 09:05:00,1,2,1,还是挺不错的老师，上课讲的也比较清楚，会告诉哪里是重点。讲得干脆，不拖堂。最后给分按卷面，卷面高了分数总不会低的\n\n\n\n
48410,345,王浩华,2017-03-03 02:40:56,-10,1,11,提前下课，不存在的\n\n
48411,345,王浩华,2017-03-03 02:41:29,8,10,2,提前一节课下课O(∩_∩)O\n\n你觉得怎么样(๑•ั็ω•็ั๑)\n\n反正我觉得特别好\n\n
48846,345,王浩华,2017-03-15 00:43:05,1,2,1,老师人很好啊
50237,345,王浩华,2017-05-02 01:24:41,5,6,1,男神！超喜欢！
50477,345,王浩华,2017-05-03 05:49:51,29,34,5,王浩华实验室联合搞定了量子计算机，就问你牛不牛逼！！
50587,345,王浩华,2017-05-03 16:39:46,1,3,2,搞定量子计算机，必须满分
51948,345,王浩华,2017-06-14 01:16:06,1,1,0,很厉害
52212,345,王浩华,2017-06-16 03:05:47,1,1,0,大牛哦
53035,345,王浩华,2017-06-25 04:42:16,1,1,0,男神！
55330,345,王浩华,2017-07-01 09:29:55,1,1,0,老师真的很棒，讲完了就下课，所以大家上课的时候一定要好好听，而且我居然没挂！
55331,345,王浩华,2017-07-01 09:40:47,0,1,1,老师人很好，就是出分慢了点
55353,345,王浩华,2017-07-01 10:34:14,3,3,0,浩华我男神！
55375,345,王浩华,2017-07-01 11:43:51,-5,0,5,毫无师生情
55569,345,王浩华,2017-07-02 02:53:29,3,3,0,虽然因为平时分没满卡绩了 但还是要谢谢老师
55617,345,王浩华,2017-07-02 05:06:44,3,3,0,老师很厉害，上课很认真负责，问问题的时候态度也很好。但是不知道平时分是个什么机制，一整个学期我没有过一次翘课或者迟到，平时作业全部认真做完，平时分才15，真感觉有点少了……
55643,345,王浩华,2017-07-02 05:50:56,4,4,0,老师不喜欢迟到的同学，希望大家上课能积极一点，和其他老师比上的快但是知识点都讲到的，平时分应该是看作业吧，提醒下届平时作业会打分要好好做啊！
55725,345,王浩华,2017-07-02 09:28:02,3,3,0,好老师，棒棒的
55947,345,王浩华,2017-07-02 17:35:02,2,3,1,王老师真的是一个很负责任的老师，也真心希望学生能在课堂里学到有用的知识，能听得进去。大类课里能与他比较的大概只有微积分的矿爷和陈锦辉老师了吧。虽然最后考的不好，是我自己的问题，不能怪老师。希望下下届的同学们都能认真听他的课吧，别让他心寒，感觉大学里很多其他的老师都是因为这个才逐渐开始不关心学生的，最后祝王老师科研顺利，这一年不带班好好休息！
56406,345,王浩华,2017-07-03 16:00:29,5,6,1,真是唯一一门没翘过的课，老师很有趣，也很萌，给分也不错。在他课上，你总会有一种他是大英老师的错觉，这个用英语怎么说……
80679,345,王浩华,2018-06-29 04:46:41,4,4,0,科大潘建伟，浙大王浩华，牛逼是超级牛逼的，就是……出题也太难了
105477,345,王浩华,2019-04-15 05:40:20,1,2,1,十分努力地营造课堂氛围 讲课有重点 注重思维的培养
109886,345,王浩华,2019-06-20 04:20:29,8,14,6,科研很牛逼，人品不行
123267,345,王浩华,2020-05-27 00:19:35,1,2,1,事好多
130140,345,王浩华,2021-01-18 03:47:38,1,3,2,在这间略显拥挤的房间里，郭秋江和实验室其他成员潜研精思，为推动超导量子计算领域的发展奋斗着。过去的一年中，在导师王浩华教授的指导下，郭秋江主导搭建了可同步调控20个超导量子比特的量子模拟平台，模拟了多体物理中“多体局域化迁移率边”这一在理论上富有争议的现象，并为解决该问题提供了实验方法。该成果最终发表于权威期刊Nature Physics上，被审稿人评价为“极具创新性，是利用超导量子比特研究多体物理的一个巨大进步”。\n\n在科研道路上，郭秋江的引路人是他的导师王浩华教授。王老师热爱科研，治学严谨，在浙大建立了业内顶尖的超导量子计算实验室。\n\nhttps://mp.weixin.qq.com/s/9jfk8I12HS6Hb9X19A5_sg
138087,345,王浩华,2021-07-07 09:40:50,1,1,0,真的很好
152698,345,王浩华,2022-04-18 12:40:51,3,3,0,老师讲的很好，就是和区块链有点过不去(雾
166138,345,王浩华,2023-01-11 07:30:22,2,2,0,课堂氛围不错
176082,345,王浩华,2023-06-27 14:57:20,0,0,0,👍🏻👍🏻👍🏻
191266,345,王浩华,2024-04-16 04:10:54,2,2,0,西溪野球王
214696,345,王浩华,2025-02-17 01:00:04,1,1,0,让我们说英文。。。
219013,345,王浩华,2025-05-19 00:53:40,0,0,0,年少不知浩华好……
220848,345,王浩华,2025-06-20 06:03:06,0,0,0,很棒 课堂氛围超级好
30594,347,应和平,2016-07-02 04:33:29,20,20,0,老师上课很认真，讲课很人性化，很照顾学生，上课提问一直鼓励学生，是一个暖暖的大叔，遇到节日还有小礼物。真心好老师。幸好遇到了这位老师教我物理，彻底激发了我对物理的学习兴趣。老师真的很赞。
31057,347,应和平,2016-07-03 07:30:34,11,11,0,超棒！满满的爱，一直鼓励我们，还请我们吃饭，把我们当作自己家孩子一样，超级爱应老师。
48625,347,应和平,2017-03-08 14:19:28,16,16,0,一对一也能负责，我很钦佩
48627,347,应和平,2017-03-08 14:46:20,9,11,2,敬业的老师！
48631,347,应和平,2017-03-08 16:23:47,36,36,0,火了火了
48632,347,应和平,2017-03-08 23:52:47,16,17,1,为敬业的老师点赞
48638,347,应和平,2017-03-09 00:37:07,8,9,1,负责，支持
48659,347,应和平,2017-04-14 03:33:38,7,7,0,棒棒哒
48666,347,应和平,2017-03-09 05:37:02,8,8,0,学到的不仅仅是知识。还有一份感动
48684,347,应和平,2017-03-09 09:20:12,8,8,0,好老师，敬业的好老师
48691,347,应和平,2017-03-09 12:26:35,10,10,0,看到新闻过来的  真的很感谢这样的老师
48698,347,应和平,2017-03-09 15:40:40,10,10,0,看到新闻过来的，点个赞，支持一下
48716,347,应和平,2017-03-10 03:16:17,3,4,1,好老师，敬礼
58900,347,应和平,2017-09-18 10:35:07,2,2,0,老师上课会尽量让同学们听懂，老师很慈祥，超爱
66243,347,应和平,2018-01-14 02:58:44,1,1,0,这么良心的老师，上哪儿找去?
66489,347,应和平,2018-01-17 03:40:42,1,1,0,非常好！！！\n\n
66491,347,应和平,2018-01-17 03:43:46,1,1,0,老师很关心学生，教得很用心，人也很和蔼
66640,347,应和平,2018-01-18 02:36:43,2,2,0,收获了两份感动
69854,347,应和平,2018-01-25 14:04:22,1,1,0,超级好的老师
1827,360,杨波,2015-03-26 00:47:47,1,9,8,昏昏欲睡
2070,360,杨波,2015-07-13 10:52:21,1,4,3,讲课不好
2245,360,杨波,2015-04-13 16:07:36,7,11,4,讲得太快了
2824,360,杨波,2015-05-08 06:02:46,10,19,9,太快 只会念ppt.
3111,360,杨波,2015-05-14 16:47:12,0,5,5,感觉不错
4325,360,杨波,2015-06-19 04:02:46,-1,4,5,不好
5480,360,杨波,2015-07-08 01:31:23,0,1,1,困
5580,360,杨波,2015-07-08 12:25:03,4,11,7,只会念PPT，遇到需要重点讲解的也一带而过。\n\n
6718,360,杨波,2015-07-20 03:30:31,8,15,7,感觉还不错啊
6870,360,杨波,2015-07-27 05:50:28,71,90,19,确实比较死板但也算是满足了教学大纲的要求；上面同学的评价有失公正：老师的讲解还是很清楚的而且为人相当不错。
7370,360,杨波,2015-09-14 04:02:36,9,18,9,腿很好看，因为打排球。但是讲课水平。。如同念经。
8113,360,杨波,2015-09-17 05:19:23,15,20,5,学习的人到哪里都会学习
24402,360,杨波,2016-04-30 12:10:58,6,11,5,明明是我女神
26003,360,杨波,2016-06-29 16:43:02,2,4,2,不错，但是有点自顾自
26802,360,杨波,2016-06-21 06:44:53,-1,2,3,老师人挺好的。
27137,360,杨波,2016-06-23 06:52:23,-1,2,3,老师挺可爱的
28792,360,杨波,2016-06-28 15:17:26,0,1,1,讲的一般吧…课堂测验感觉没什么必要
29308,360,杨波,2016-06-29 14:52:04,0,4,4,其实老师还是挺好的，毕竟学习是自己的事情，不能要求老师太多，只要用心一点学老师给分还是不错的
29346,360,杨波,2016-06-29 15:26:05,4,5,1,给分不好
29757,360,杨波,2016-06-30 09:37:16,0,1,1,讲的中规中矩
30314,360,杨波,2016-07-01 08:40:30,2,4,2,老师还是很可爱的 然而我期末考砸了_(:з」∠)_跟她查分之后发现她平时分给我三十满分_(:з」∠)_哎大概是我期末考真的太粗心了吧T^T
34872,360,杨波,2016-10-26 00:36:07,1,3,2,再难的题也都是一带而过，感觉上课听到最多的一句话就是“啊，是不是这样子啊？！”讲解并不太详细，太快了…重点不是很突出。
47348,360,杨波,2017-01-25 10:48:37,-1,1,2,一般吖
49151,360,杨波,2017-03-28 01:22:53,3,3,0,太快了吧
49223,360,杨波,2017-03-30 02:29:29,14,22,8,看到你们一脸迷茫老师会很开心的笑起来
49444,360,杨波,2017-04-13 02:22:21,-17,3,20,讲课仿佛为了完成任务，不是为了教会学生。对于学生提问非常不尊重，只在乎自己能不能上完课，完成教学任务。浙大本科教学不负责任的缩影
49445,360,杨波,2017-04-13 02:35:23,23,33,10,第一排的人请你闭嘴?
51581,360,杨波,2017-06-07 09:54:54,2,4,2,讲课确实学不到什么...但是不理学生问问题真不是她的错，那个zz.....
54918,360,杨波,2017-06-30 12:50:43,-2,0,2,讲得中规中矩，给分挺好
54956,360,杨波,2017-06-30 13:19:37,5,5,0,公正无私，秉持如一.计入平时分的作业，课堂小测到期末会公示.至于考试，完全是自己的事了，考砸了不能怪老师.
55036,360,杨波,2017-06-30 16:22:47,4,4,0,上课讲得蛮清晰的 答疑的时候也讲解得蛮清楚的呀 可能楼上问了些比较高深的问题吧 反倒是上课老师每次问问题学生没啥反应搞得比较尴尬
55211,360,杨波,2017-07-01 03:46:33,0,3,3,哈哈哈我是之前怒怼第一排的那个人～这次来评老师了。说实话老师讲的一般，有点照本宣科的感觉。而且小测有点偏多，基本一章就测一次的节奏。但老师人还是很和蔼的，问她问题她也会耐心地回答，上课听不明白的话还可以回去看她的课件，课件是很详细的。\n\n总之大雾1是很简单的，不要抱怨老师，主要看个人的奋斗啊。
55595,360,杨波,2017-07-02 03:54:59,-18,4,22,真的是超级烂超级烂，读ppt，根本就不会讲课。尽量避免选她。一个女老师，如果稍微好一点也不会这么多人给她打这么低的分。自己不尊重学生自己应得的，这种老师怎么来的浙大是个问题\n\n
55834,360,杨波,2017-07-02 12:38:23,-7,2,9,我觉得老师很好啊，你们不要不知足...大物这么水的课，学不好只能怪自己。况且有一个愿意好好讲课的老师已经是莫大的福分了...
56157,360,杨波,2017-07-03 07:06:31,1,2,1,其实老师的小测就相当于点名啦，到的人就有60分打底啦。老师讲课还蛮清楚的，认真听有收获的。老师人也挺好，一学期一直有个男生抢话，她都没生气
56213,360,杨波,2017-07-03 09:08:16,1,1,0,还可以咯。后期小测变得很飘逸，不能理解
60228,360,杨波,2017-10-14 10:13:35,7,10,3,大物实验给分差
60252,360,杨波,2017-10-16 01:31:12,-1,2,3,这老师，大物实验全程就出现几分钟，最后签名根本找不到人，真sa
60542,360,杨波,2017-10-23 14:23:30,0,2,2,我觉得这老师挺不错的啊…不管是大物还是实验…谈不上特别特别好但是也挺尽职
60979,360,杨波,2017-11-06 10:39:41,4,6,2,认真写实验报告，三次88，89，86\n\n其他4分的老师都给90＋\n\n7分的老师反而给分更少\n\n我大概是选了假的7分老师?
66168,360,杨波,2018-01-12 08:33:20,3,3,0,大物实验给分差
66683,360,杨波,2018-01-18 08:03:51,4,5,1,大雾实验，人很好，和蔼可亲，但给分是真的烂
66688,360,杨波,2018-01-18 08:54:03,3,3,0,实验讲的清楚，给分很不好
75657,360,杨波,2018-03-15 01:26:07,1,1,0,太快了，不知道怎么做到的
76138,360,杨波,2018-03-27 14:46:14,1,1,0,果断听隔壁王老师的课了 唉 心疼占不到座的自己
76843,360,杨波,2018-04-24 12:26:14,0,1,1,重点不突出，所以一节课就显得有很多内容，所以她就要飞快地讲才能讲完，所以什么都没听懂
79658,360,杨波,2018-06-12 12:45:02,2,3,1,猝不及防的小测，完全没准备，感觉空的很冤。
79811,360,杨波,2018-06-14 02:55:41,-1,0,1,不点名，小测不多。讲的一般，热力学那套符号跟书上不一致。不如看书自学。
83325,360,杨波,2018-07-10 05:57:34,0,3,3,念PPT，球壳（qiao)，第一次听到物理老师可以口误把光年说成时间单位
83392,360,杨波,2018-07-10 07:56:29,4,4,0,刚体力学、振动波动、热力学、电学快上完的时候基本会分别来一次小测。不过只要人到了老师就会给6分，如果平时有认真学的话平时拿满并不是很难（期中考要仔细）。老师上的比较快，或许教学进度很紧也是一部分原因，但主要还是考自己课下的积累呀。事实上老师人还是很好的。
84808,360,杨波,2018-07-14 02:23:39,1,3,2,讲的挺好的啊，不像评论那么惨
85122,360,杨波,2018-07-15 14:08:18,1,1,0,大物这种课主要还是预习和自学，预习一遍再听课比较好，老师的平时分按比例给，期中考试难，期末一般比较简单。
88149,360,杨波,2018-10-23 05:58:50,0,0,0,大雾实验讲得emmmm
92156,360,杨波,2018-12-26 23:09:12,1,2,1,我好后悔没仔细看评论佛系选课
94516,360,杨波,2019-01-17 04:13:29,0,0,0,大物实验\n\n老师认真负责\n\n实验事少变事多\n\n给分差
94730,360,杨波,2019-01-18 04:00:17,0,0,0,呜呜呜大雾实验目前低于90的分都是杨波老师给的，老师的给分:82-86-90，拿到90分的那次，不确定度老老实实算了，误差分析和思考题也在网上找了很多，感觉老师对数据处理的要求有些高啊，有效数字和不确定度的处理最好看一下书，不要出错。
112440,360,杨波,2019-07-04 07:35:52,2,4,2,除了讲的内容很多、速度很快，问题不大。我一个学期在微信群，每个礼拜都要说两次“老师，今天还有些没听懂，可以发一下上课的PPT吗”然后老师喜欢我们问她问题，很暖心，平时分给的很好，不过期中期末得自己加油，如果认真学的话，满也不难吧。
122062,360,杨波,2020-02-10 21:07:42,1,1,0,ppt比较详细，适合自学
123560,360,杨波,2020-06-10 03:23:54,9,10,1,杨老师很负责，讲课也很耐心，干货其实很多，可能适应学习能力强的同学，因为上课给的例题很多，示例很详细。非常和蔼可亲，其实挺好的。
126777,360,杨波,2020-10-20 01:29:35,-1,2,3,慎选慎选！！真的讲太快了 不会认真分析原理 感觉自己也没搞懂 念ppt的机器 快得不是一般 所以导致别的班一周六道题 而她的作业超级多
127567,360,杨波,2020-11-24 12:42:00,-1,0,1,还可以啦
129566,360,杨波,2021-01-07 12:44:57,1,1,0,大物甲Ⅰ。讲得还是蛮详细的，上课认真听的话成绩不会太差。
131124,360,杨波,2021-01-26 05:01:56,1,1,0,老师的PPT做的很仔细，就是平时小测什么的量也很足啦，节奏还是挺快的，需要认认真真听课
132025,360,杨波,2021-01-30 03:18:15,2,3,1,每次课都点名 每个单元完都有小测 出分贼快丝毫不调的那种 讲课挺好人很亲切 就是给分真不行
132115,360,杨波,2021-01-30 10:55:33,-1,1,2,讲的好，归纳得也好
133858,360,杨波,2021-03-08 10:10:50,1,1,0,老师还是很好，很亲切，很负责哒
134715,360,杨波,2021-04-12 00:52:04,10,10,0,感觉老实人还是很好的 很和蔼 就是小测有点难………\n\n笑着笑着就哭了出来
134716,360,杨波,2021-04-12 01:00:00,23,27,4,小测偏多偏难，题目太多而且难度不低，根本来不及写，（45分钟，三道大题计算且都不简单，还有n多填空小题，你是想让我不写小题直接去做大题吗？真的佛的不行）小测分数很凄惨，就很打击信心……小测能不能挑重点啊，题目难一点没问题，但是少一点啊，全班没人做完的话小测有意义吗？我吐了。
135223,360,杨波,2021-05-06 07:15:40,14,16,2,我被老师的小测pua了
137381,360,杨波,2021-07-03 15:08:36,1,1,0,老师态度和蔼，问很弱智的问题也会认真的讲解，就是小测太太太太太太太难了！（来自弱鸡的哭泣）
138075,360,杨波,2021-07-07 09:18:19,19,26,7,我刚开始上物理课态度不端正，觉得老师讲的节奏不太适合自己就想翘课，然后老师节节课点名心里还有一点反感，有一次点名没去老师甚至私信问我原因，当时我就震惊从来没遇到过这么负责的老师....后来我端正态度发现老师人真的好好，会认真耐心回答同学的各种问题。最后5.0，真的太感谢老师了！
138089,360,杨波,2021-07-07 09:41:07,13,16,3,老师很认真很负责，课下钉钉问问题回答的特别快，期末还说尽量不卡绩，最后也真的把我拉到那一档的最低分 ( ੭ ˙ᗜ˙ )੭
138093,360,杨波,2021-07-07 09:53:54,1,1,0,重修废物欣喜，真调分了！
138124,360,杨波,2021-07-07 12:00:23,1,2,1,老师小测是很难，不过没关系，因为成绩是赋分制的。老师真的非常非常耐心，非常非常负责。而且最后的给分也太师生情了吧！为老师打call！
138485,360,杨波,2021-07-09 13:06:50,-49,4,53,见过的最垃圾的物理老师，第一，上课速度很快而且完全没有深入本质，只会念ppt，关键是连ppt都念不顺畅，更别提突出重难点了；\n\n第二，巨爱小测，可是小测的题目多且不适合刚上完新课来练习，一学期五六次的小测真的恶心人；\n\n第三，平时分正态分布，并且每节课都点名，真的被恶心透了。\n\n杨老师，你讲课真的很像一坨屎，但愿此生再也不要见到你。\n\n要是选上了她，做好自己自学的准备吧
147562,360,杨波,2022-01-10 08:29:27,3,4,1,确实很认真负责，但不适合我这种摸鱼的\n\n小测就能给我淦碎了嗷，感谢不挂之恩
147589,360,杨波,2022-01-10 09:08:26,12,16,4,有一说一，杨波的小测确实难，主要是题量大，45分钟8道填空2道大题，就算平时作业认真做，但如果掌握不是很熟练的话仍然会翻车。就我自己来说，上课认真做笔记，作业认真做，结果电磁学部分一次40一次60（满分100，基本上都是没时间思考或者来不及写）。好在小测是算在平时分里的，平时分按教务处要求是要正态的，所以后来还是给了我39的平时分（基本上所有学生的平时成绩杨波都会尽可能往高了给）。但是但是但是，杨波真的很认真负责（有点像高中老师的感觉），答疑回的很快，上课过程会问学生能不能听懂然后以此来改变节奏，最牛逼的是她会给小测成绩不理想的学生加餐（钉钉群直播，听不听看你自己了）。最后，她不卡绩🥰🥰🥰
147719,360,杨波,2022-01-10 14:12:24,1,2,1,杨老师真的人好好！！我问问题都秒回的！期中考考差了一点，后面每次上完一章杨老师都会主动来问我有没有懂，不懂的可以提！呜呜呜超级感动，有高中老师的感觉！最后低分飘过，感谢杨老师捞我！
151268,360,杨波,2022-02-27 06:38:35,-14,3,17,他奶奶的，狗他妈的都不是，沃日了
151599,360,杨波,2022-03-09 01:30:22,1,1,0,能不能讲慢点啊 听不懂啊
151754,360,杨波,2022-03-14 15:41:55,0,0,0,很喜欢老师在脱口秀大会上的表现
151996,360,杨波,2022-03-22 23:18:50,4,4,0,绝对是好老师，很细心 钉钉提问秒答，就是每节课必点名
152180,360,杨波,2022-04-17 12:23:53,4,4,0,好老师，真的好老师！\n\n杨老师可能是为数不多的大学阶段如此认真、关心学生、秒回问题的老师\n\n叫妈妈也不过分
152599,360,杨波,2022-04-15 12:37:34,5,5,0,光速已读，非常好的老师啊
153075,360,杨波,2022-04-25 02:51:26,5,6,1,老师明明很好很负责，简直手把手交了，大学学习本来就是自学为主呀。
153552,360,杨波,2022-05-04 14:44:38,3,6,3,都给我打十分啊 为什么评分这么低？为什么😡😡😡
154845,360,杨波,2022-06-06 07:08:45,6,6,0,为什么不是十分，老师绝对是我见过最爱笑，最温柔的老师了。虽然有时候可能讲的有点快，但是大物想要好分数肯定离不开课外学习，老师是个好老师。
155105,360,杨波,2022-06-08 10:15:27,1,1,0,好老师，认真学、想得高分的同学只管放心选，不过为什么分数好老师，认真学、想得高分的同学只管放心选，不过为什么分数这么低啊 感觉至少9分以上这么低啊 感觉至少9分以上
155324,360,杨波,2022-06-11 02:32:58,-11,3,14,慎选，事很多很多，每节课都要点名，而且会经常占用课外时间上课！（你可以解读为老师负责，但是我不认同，其他老师就能在规定时间内完成教学为什么你还要占用我们时间？）\n\n当然，老师为人极为不错，问问题很多都秒答，但就学知识而言，人品好的老师未必教得好，毕竟我后期就去看其他老师的智云了
156650,360,杨波,2022-06-20 13:41:13,-5,1,6,别选。
156707,360,杨波,2022-06-20 16:59:43,4,4,0,老师人很好，钉钉回复速度很快，甚至我当时问了vjf的问题（期中的时候助教敷衍我，老师还没回）虽然没解决但也够了啊，然后小测很多人觉得难，也确实比期中期末的难很多，但是这主要因为大学的试题难度比较低吧，个人觉得她小测难度其实还可以，而且会讲解，用的不是卷面分，是赋分的，我前两次小测都是好好复习，后面没时间有点摆了，最后5.0满了
156732,360,杨波,2022-06-21 00:14:56,0,0,0,老师人真的很好，当时因为一些原因没选上别的老师本来很难过了，但是上了杨老师的课才发现她真的也挺好的，讲课很清晰，上课很认真负责，问问题都及时回答，关于小测和作业，是比较严格的那种，小测题目也许偏难，但其实挺多都是历年真题里面选的，比较灵活，如果真的学懂了发现也不难（很不幸，每次都在小测之后才学懂），我是小测比较拉的那种，基本没有平均分，最后平时分32（唉还是自己不努力吧，是赋分排名的），期中期末有在好好考了，一次90一次86，最后3.9，被卡绩了，只能说有点失望，但也不能怪老师不捞吧。
156908,360,杨波,2022-06-21 10:20:10,3,3,0,老师是真的好，讲课非常细心，课后回答问题也是基本秒回 小测难度是比较大，但是我觉得1.大物本来就是排名给平时分，小测卷面不高平时分也能很高的 2.个人认为这样的小测确实督促我平时认真学习课后及时复习，期末复习说实话没有很吃力 最后，送上我的十分！
158353,360,杨波,2022-06-28 15:43:38,9,9,0,给杨老师十分啦。\n\n和其他人说的差不多，杨老师的小测是很难，经常出现及格率20%的情况，不过好在是赋分制，所以绝对分数低问题不大，只要相对其他人高就可以。而且杨老师确实会很耐心回答学生问题，告诉学生要找到具体不懂的地方，她一定会给出解答。上课的话，个人觉得确实是有些略快，但是大物这门课的课程安排也确实有些紧，在两学期对整个物理学有个初步的了解确实有些紧张。不过杨老师真的会每节课都点名，如果早八起不来的还是慎选。给分的话，老师自己也说了只要作业交满，她能保证平时分不会差，出分后来看也确实是这样。总体来讲，还是很推荐杨波老师的大物课的。
161087,360,杨波,2022-10-26 08:33:52,0,0,0,人很好，讲的课很适合我这种弱鸡
161683,360,杨波,2022-11-10 11:39:28,2,3,1,老师很好，回答线上问题极快，建议小测前复习
162008,360,杨波,2022-11-16 02:46:56,2,2,0,难得遇到一个讲课流畅语速快的老师，完全不会卡住，至少说明是有认真备课的。课程内容量比较大讲的很快，但全程坚持跟下来肯定能起飞的。老师挺好，课件、作业答案会及时发到学在浙大上，也好及时复习，小测么见仁见智了。
163179,360,杨波,2022-12-09 03:27:07,2,3,1,老师很好，线上回复巨快，讲课内容也很丰富，对自己的实力有信心又想拿高分的同学推荐选，因为小测区分度很大，能筛出真正厉害的，不会因为粗心一两个就改变什么（小测前推荐预习）
164610,360,杨波,2022-12-22 08:14:40,2,3,1,不错啊
164936,360,杨波,2022-12-28 02:13:57,5,7,2,杨波老师为人非常不错，而且上课认真负责，完全值得10分的评价
165412,360,杨波,2023-01-04 13:51:08,3,3,0,此处评论是给教大物的杨波老师。杨波老师在第一节课就表明自己会每节课都进行数字点名，然后开始讲课。电磁场这一块确实难，但是不妨碍老师讲课讲得好。她会把重要的公式都列在黑板上，重点就很突出。小测确实难，而且一块内容结束后就进行一次小测。大物II有静电场、磁场、电磁感应与电磁波、光学、近代物理五次小测，前三次真的挺难的。但是老师应该不会傻到拿平均分五六十分的成绩当做小测成绩吧。然后老师的答疑也是挺及时、听清楚的。是一个非常不错的老师
168351,360,杨波,2023-02-13 10:20:50,5,5,0,每次课必点名，讲课很好但是小测是真离谱😢
168603,360,杨波,2023-02-20 06:45:52,7,8,1,杨老师讲课很好，每节课点名，小测量大有难度，但是确实有助于对物理知识的掌握，10分走起~
168823,360,杨波,2023-02-22 13:32:56,6,6,0,老师真的很好！！虽然小测有点难事有点多，但是最后平时分给的很好(小测五十多以为寄了)最后还是拿了个很满意的分数！
168849,360,杨波,2023-02-23 01:30:48,2,2,0,讲得很清楚，重点也明确，就是小测题目比较多（但不是开卷的吗）给个9分还是可以的
169869,360,杨波,2023-02-28 07:20:08,3,4,1,老师好像妈妈一样(^-^)
171906,360,杨波,2023-04-12 03:35:51,4,5,1,老师好好！小测会提前通知，作业不多，上课重点突出，节奏很好，人也温柔风趣有活力，认真负责，这还不冲！？
173366,360,杨波,2023-05-24 01:30:45,-25,3,28,一眼丁真，鉴定为隋唐小测零昏\n\n这个老师的课谁选我笑谁😅
173420,360,杨波,2023-05-24 01:31:39,-24,2,26,一眼丁真，鉴定为隋唐小测零昏\n\n这个老师的课谁选我笑谁😅
173542,360,杨波,2023-06-08 14:49:39,2,6,4,我不知道连刷三条评论的让是什么意思，0分是学在浙大的显示问题，点进成绩分析就可以看到每一块平时分。小测题目多但是开卷，可以让熟练的人得高分也可以让听了一点课能翻书的人得一部分分。题目多偶尔算错一个也影响不大。\n\n现在大物课程组平时分标准是统一的，老师的小测绝对分数不高但赋分不比其他班差就行。老师每次小测都会公布平均分，自己和平均分最高分比较一下大概就知道自己在什么区间。\n\n老师讲课很负责，上课每节都点名，同意线上听课，只要在老师雷达五分钟内给她发消息或者数字几分钟内自己签就算签上。很晚问老师问题老师也会回。\n\n另外，老师班上的大考高分比例是高于年级平均比例好几个百分比的。
173950,360,杨波,2023-06-08 07:11:35,3,5,2,我不知道连刷三条评论的让是什么意思，0分是学在浙大的显示问题，点进成绩分析就可以看到每一块平时分。小测题目多但是开卷，可以让熟练的人得高分也可以让听了一点课能翻书的人得一部分分。题目多偶尔算错一个也影响不大。\n\n现在大物课程组平时分标准是统一的，老师的小测绝对分数不高但赋分不比其他班差就行。老师每次小测都会公布平均分，自己和平均分最高分比较一下大概就知道自己在什么区间。\n\n老师讲课很负责，上课每节都点名，同意线上听课，只要在老师雷达五分钟内给她发消息或者数字几分钟内自己签就算签上。很晚问老师问题老师也会回。\n\n另外，老师班上的大考高分比例是高于年级平均比例好几个百分比的。
173957,360,杨波,2023-06-05 07:53:56,4,4,0,每节课都会点名，但允许线上听课。讲课围绕ppt，个人感觉中规中矩，但会强调重点，不过ppt类的资料非常全面，想自学完全可以。老师人很好，答疑非常热情。作业也不是很多，但唯一美中不足就是小测题量太大，难度较高，而且改卷挺严格（但真正的大佬，每次还是都能接近满分），最后平时分是按排名来赋分，只要都完成了27以上肯定会有。综上所述还是建议物理基础不错和学习能力较强的同学来选。
174075,360,杨波,2023-06-06 05:44:16,6,6,0,给打10分。老师讲课很清楚，完全能听明白。而且很认真负责，小测题会在群里开直播讲解。至于小测难度……确实一言难尽qwq
174272,360,杨波,2023-06-08 14:51:57,4,5,1,我不知道连刷三条评论的让是什么意思，0分是学在浙大的显示问题，点进成绩分析就可以看到每一块平时分。小测题目多但是开卷，可以让熟练的人得高分也可以让听了一点课能翻书的人得一部分分。题目多偶尔算错一个也影响不大。\n\n现在大物课程组平时分标准是统一的，老师的小测绝对分数不高但赋分不比其他班差就行。老师每次小测都会公布平均分，自己和平均分最高分比较一下大概就知道自己在什么区间。\n\n老师讲课很负责，上课每节都点名，同意线上听课，只要在老师雷达五分钟内给她发消息或者数字几分钟内自己签就算签上。很晚问老师问题老师也会回。\n\n另外，老师班上的大考高分比例是高于年级平均比例好几个百分比的。
174439,360,杨波,2023-06-12 07:11:13,3,4,1,老师讲课好好，但是期中期末80+的我小测及格不了˃ʍ˂
175926,360,杨波,2023-06-27 06:58:47,0,1,1,好好好
178339,360,杨波,2023-07-10 09:52:17,2,2,0,好汉，欧内的手，eui
178731,360,杨波,2023-07-20 14:01:18,5,5,0,认真负责的老师！
186491,360,杨波,2024-01-16 12:24:54,2,4,2,挺不错的
187518,360,杨波,2024-01-16 12:25:02,2,3,1,捞我就是神
187538,360,杨波,2024-01-16 12:59:18,3,3,0,好老师！认真负责平时分会尽量让大家的绩点抬高！资料很多！点名严格小测有挑战性但人很好，答疑很耐心！
187608,360,杨波,2024-01-16 22:16:34,2,2,0,考完第5天就出了成绩，给分感觉一般，不过可能是她的小测难拿分加上大物竞不直接加2分的原因，不过老师也在不断调整教学，总的来说还是很不错的，数字点名小测提前通知非常适合我这种跨校区上课的选手。
189442,360,杨波,2024-01-24 07:49:46,4,4,0,老实人很好，讲的清晰，给分不错，就是小测偏多，但是总体下来还是很推荐的
189917,360,杨波,2024-02-02 10:37:26,4,4,0,老师人好资料多！\n\n喜欢点名以及小测题目多但是很负责！\n\n期中之后为了体谅新助教改卷子也减少了题目数量！\n\n小测会提前通知且很有区分度！\n\n老师说尽量不卡绩，跟着老师上了一年，还是有所感觉的！
190804,360,杨波,2024-03-19 17:49:00,3,4,1,讲课语速快进度也快，但质量一般，ppt风格不太统一，不如谢小平老师讲的通透
195026,360,杨波,2024-06-26 11:45:50,23,23,0,大物甲1一共点名27次，但是大家别怕！！，绝大多数都是数字点名（懂的都懂，除了最早有一两次雷达）。老师人很好！！，会提前发ppt，有复习课，小测会提前通知（难度较大，开卷，监考较严格，可以保证平时分的公平性！！），作业交了作业分基本上就满了。上课水平来讲，进度适中，个人感觉略逊于xxp老师，但还是很好的，答疑很有耐心，很晚也会回复！！老师还会上下调整1分平时分保证不卡绩！！！（这个爱了，真的爱了，本菜菜也被捞捞了）。总而言之还是非常推荐的！！
195553,360,杨波,2024-06-28 17:38:00,4,5,1,完完全全的好老师啊！
195646,360,杨波,2024-06-29 06:56:15,-13,2,15,死板，自己感受吧
198037,360,杨波,2024-08-26 08:43:05,0,0,0,还没上，期待
199173,360,杨波,2024-09-18 14:59:26,3,3,0,杨老师的课很好，人很好，小测很难，会调卡绩。\n\n由于老师评分一直上不去，又长期和xxp老师同一时间，所以很多重修的同学，而很多重修的同学只求过，因此你想拿一个中等的平时分是不难的。（高分需要努力，因为大佬一次小测就可以一骑绝尘）
199600,360,杨波,2024-09-26 07:36:01,0,2,2,听了xxp的课还是要来给个差评，讲的太快太不清晰
200872,360,杨波,2024-10-24 01:17:03,5,5,0,老师人很好答疑超快
203035,360,杨波,2024-11-16 04:28:46,4,4,0,杨波老师值得10分啊！！\n\n杨老师上课很细致，人很好，课后回答问题基本上都是秒回，助教也很贴心！\n\n小测相比其他班有难度，但是赋分制，时间一节课，也可以接受吧~
208351,360,杨波,2024-12-27 03:46:57,6,6,0,杨老师绝对值得9分+\n\n人很好很温柔，上课都是面带微笑的，像妈妈一样亲切\n\n答疑也很快，会讲的比较仔细\n\n小测情况，我觉得起码这学期难度比以前简单不少\n\n可能讲课水平确实不如其他比较好的老师，但起码我个人感觉是比较听的进去的，声音比较大，节奏不快，不容易跟丢。
209347,360,杨波,2025-01-05 13:13:30,2,2,0,杨波老师的讲解非常清晰，小测虽然难但因为是赋分所以影响也不大，给分很好，老师也很温柔，大三考试周回忆起来是很美好的学习体验，所以还是想回来给老师十分😘
211628,360,杨波,2025-01-12 05:15:20,4,4,0,杨波老师完全值得10分啊！！ 以前的评论抓着小测或者签到不放感觉有点偏见……..\n\n\n\n杨老师上课很细致，课后回答问题超级快而且很清楚。老师会给很多复习课和习题的资料，上课还会重点讲大家错的多的题目，很有帮助。助教也很贴心！ 小测相比其他班有难度（也有可能是大二秋冬各门课都很忙，有时候很紧没怎么复习），但是赋分制，时间一节课；大物I2参加大物竞赛的话可以加分。感觉像大物这样的课程还是得踏踏实实学，最后4.8
211884,360,杨波,2025-01-13 01:10:28,0,0,0,老师讲得挺好的\n\n这学期我感觉小测难度还好吧，测了四次（电磁波因为和期中考撞上老师决定和光学语气测）\n\n这学期比上学期高了九分，开心
212548,360,杨波,2025-01-14 07:28:37,6,8,2,大学物理（甲）II   4.0学分    99/5.0       \n\n课程老师：杨波\n\n课程分数构成：平时分40+期末40+期中20。\n\n老师上课体验：杨波老师还是一位比较负责任和热心的老师，答疑的态度还是比较积极的。但是讲课速度比较快，部分内容略显粗糙，ppt感觉涉及到的内容也不是特别细致。小测的话，还是有一定难度的，前两次是线上在学在浙大上测，后两次是纸质的。另外，杨波老师几乎每节课点名，秋冬学期共点名28次，不过都是数字点名，对智云党很友好。本学期还有三次课堂练习，总分值占到了平时分的1分，如果都没测的话平时分可能会被拉开（当然主要看小测），所以建议还是智云挂着杨波老师的听或者和同学一起选课（）\n\n课程学习体验：我的大物一成绩是85，其实自中学起我的物理基础不是特别好。大物二进步比较大的原因，一方面是课程难度有所下降，另一方面其实也是自己在应试方面更细致了一些。考试周主要的复习资料来自savia前辈的资源站和谢小平老师的ppt，如果有同学能直接听谢小平老师的智云，其实是更好的，但是我为了保平时分和保持节奏还是选择听杨波老师的课，谢小平老师的ppt上面很多题目和对知识的总结还是很不错的。然后大物二有竞赛加分，建议大家都去参加，得奖概率还是比较高的，我感觉我挺多题目不会的也得了三等奖。然后因为这次期中考试比较简单，担心期末考试比较难，考试周我在复习时特意关注了许多冷门知识点，比如有限长直导线磁场，等厚干涉检查平面平整度时对凹凸平面厚度的计算，换作上个学期的我是不屑一顾的，但这学期不希望有失误，所以都复习了，这些最后期末考都涉及到了，因为其实光学和量子物理其实还是偏简单的，要难到你还是得考一些冷门的知识点。有关期末考试的话，虽然大题有新意但其实点不是特别好（比如大角度不能直接用sin值估算tan值），总之细致比较重要
215882,360,杨波,2025-03-06 11:36:56,0,0,0,老师很好的，提前发ppt这一点很好
217374,360,杨波,2025-04-09 07:13:14,-1,0,1,小测比较多，别的都好
218960,360,杨波,2025-05-15 07:13:04,6,6,0,这学期都是雷达点名哦
220913,360,杨波,2025-06-20 10:20:01,-1,0,1,老师真的会调分防止卡绩，除了小测比较难之外都很好，like！！
11868,388,李健民,2015-12-18 14:28:20,24,28,4,据说实验给分较坑
14229,388,李健民,2016-01-05 13:21:33,7,11,4,纳米科技导论:挺可爱和蔼的老师，最后一节课会和大家合影留念。没有什么作业。最后交一篇论文做一次展示就好了。
15490,388,李健民,2016-01-14 18:11:30,7,9,2,实验给分。。。
15830,388,李健民,2016-01-16 11:30:01,4,7,3,给分还可以吧，课比较水
21656,388,李健民,2016-02-29 12:26:21,5,7,2,有水平想学纳米者的好地方，他会很认真跟你讨论，想水就别选了。每节课3分之1时间讨论并记录，最后俩节课展示，再加报告。比较涨知识涨能力，给分还公平
34717,388,李健民,2016-10-20 04:48:16,1,5,4,老师讲课不错，给分稍低
34815,388,李健民,2016-10-24 03:05:45,13,15,2,实验给分能不能更低一点...
38030,388,李健民,2016-11-23 09:26:17,-3,5,8,贱民实验给分低
38800,388,李健民,2016-12-19 05:44:15,7,8,1,大物实验千万别选，给分巨坑
39576,388,李健民,2016-12-25 11:34:02,2,4,2,实验给分太低了吧
40312,388,李健民,2017-01-02 07:35:59,1,2,1,实验给分爆低
42792,388,李健民,2017-01-15 05:58:19,-1,3,4,给分爆低，绩杀。。。
52186,388,李健民,2017-06-15 15:17:32,2,3,1,实验课给了几个95+，就是事情有点多？
58853,388,李健民,2017-09-18 05:35:34,5,5,0,脾气略微有些不好
63924,388,李健民,2017-12-19 12:58:40,0,4,4,性别歧视，女生一起做实验就老是挑三拣四还超级凶，非得说男生做得好速度快什么的让搭着一个男生做你当女生全是废的么，大雾实验评价不好老师的有很多但没一个像这样人品问题。。。不得不冒出来了，这个老师可能不是大雾实验的老师?那还真是连累您了。。
65271,388,李健民,2018-01-02 07:51:02,1,2,1,大物实验体验极差。
65316,388,李健民,2018-01-03 03:07:00,7,11,4,我发现所有大物实验评分低的老师都是很负责任，要求比较严格的老师。这些老师本身是很好的，不要被其他评论误导。老师不水一点反而能多学到点东西。李建民老师真的很有耐心，你做的不太好他说一下也没什么，别太玻璃心。而且报告好好写一下也能得高分的，我有95。
67590,388,李健民,2018-01-21 15:19:21,-6,2,8,大物实验给分好，讲解很棒
88366,388,李健民,2018-10-29 14:18:44,0,1,1,给分低
89647,388,李健民,2018-11-20 06:27:53,1,1,0,实验给分真的坑！计算机拟合数据他说无图无真相直接扣到八十...我真的没见过什么有毒的实验老师。上课也不管啥
90905,388,李健民,2018-11-27 08:38:21,5,5,0,暴躁老哥，年纪都大了还是开心点吧
94610,388,李健民,2019-01-17 11:21:49,2,4,2,毕设选题我刚开始选了他的，给他发邮件，结果一周没回我( 是看过邮件了) 当然本身我也是拖了很久才选题，那会儿已经快开题了，后来打他办公室电话打不通，物理系老师主页就他点开什么也没有，后来又发了一封邮件，态度诚恳，结果还是不回我，连个，我无力接收这种冠冕堂皇的话也没有。找其他老师要到了电话，发了短信还是不回。就觉得，好歹还是一个副教授，就算不接收，我找了你三次连个回复都没有的吗？
104739,388,李健民,2019-03-27 01:33:34,18,22,4,总感觉这个老师自己很多问题都没搞懂，上课一直扯概念，讲到题就ppt展示一下直接跳过，让我们自己下来看，一堂课下来根本没什么干货
113646,388,李健民,2019-07-07 01:56:32,19,21,2,强烈不推荐他的大学物理课，可以说听了跟没听没区别，在他的课上大部分人都在做自己的事情，口口声声说自己的ppt准备的很好，但是只能照着ppt读，物理那么有意思的学科，教科书上讲的都比他生动且明白。我实在搞不懂这个物理老师上课的意义何在？你有这时间还不如多审批杂志，既然给不了学生切实的帮助，甚至连讲题都讲不清楚，那你为什么还要做这门课的老师？\n\n是，我的绩点是很低，但这不代表我会贬低所有我得低绩点的课的老师。就比如我上学期上的线性代数，老师是周青龙，虽然我绩点不高，但不是人家老师水平不行，实在是自己不够努力（在这说一下，如果你上周青龙老师的课，一定要预习，预习了就跟的上了）。而你，李健民老师，你作为一个大学物理老师的水平实在不行。\n\n不要说我是个学生就没评价老师，我就起了怪了，一个老师好不好，难道不是由我们这些切切实实上过他的课的苦学生说了算？一个老师的荣誉与头衔，在我看来，跟他的教学水平根本不相符。\n\n
113647,388,李健民,2019-07-07 01:56:32,2,3,1,强烈不推荐他的大学物理课，可以说听了跟没听没区别，在他的课上大部分人都在做自己的事情，口口声声说自己的ppt准备的很好，但是只能照着ppt读，物理那么有意思的学科，教科书上讲的都比他生动且明白。我实在搞不懂这个物理老师上课的意义何在？你有这时间还不如多审批杂志，既然给不了学生切实的帮助，甚至连讲题都讲不清楚，那你为什么还要做这门课的老师？\n\n是，我的绩点是很低，但这不代表我会贬低所有我得低绩点的课的老师。就比如我上学期上的线性代数，老师是周青龙，虽然我绩点不高，但不是人家老师水平不行，实在是自己不够努力（在这说一下，如果你上周青龙老师的课，一定要预习，预习了就跟的上了）。而你，李健民老师，你作为一个大学物理老师的水平实在不行。\n\n不要说我是个学生就没评价老师，我就起了怪了，一个老师好不好，难道不是由我们这些切切实实上过他的课的苦学生说了算？一个老师的荣誉与头衔，在我看来，跟他的教学水平根本不相符。\n\n
114427,388,李健民,2019-07-10 02:13:08,3,3,0,大物期末真的很神奇，期末分数是我期中的一半，我认真学一个学期还不如别人考前一周复习考的好……
114592,388,李健民,2019-07-10 23:28:41,14,14,0,总评成绩比期末考试卷面成绩低？！上课照着PPT念经催眠，讲题就是这样那样，你还没看清两行他就换下一张了，小测题难得跟屎一样，大物慎选！也可能是我太菜了，大佬随意。
116400,388,李健民,2019-09-10 01:47:24,-18,0,18,上课确实需要预习，不预习的话有时候讲着讲着就完全不懂了（虽然讲的东西书上都有）。一学期上下来其实也没有很恐怖，老师人也挺好的，大物更多的是靠自己，预习做好，作业做好，就算老师讲的东西比较难懂你的成绩也不会太差。
123353,388,李健民,2020-06-05 06:38:00,5,8,3,大雾甲千万别选他，上课讲题：“你这个带进去简单带一下公式就出来了”刷刷刷过的贼快，讲也讲不清楚，口齿也不清洗，小测题目都表达不清楚，有个题目说是要求膨胀前和膨胀后的温度，他最后答案就给了个膨胀前的，乌鸡鲅鱼，我怀疑他自己题目都没怎么看，好多还讲错的，自己也搞不清楚，有些都乱讲的，真的无语，真心辣鸡，还说自己已经很尽力很认真在讲了，这老师真的老糊涂了
125070,388,李健民,2020-08-26 06:33:57,7,8,1,垃圾建民
125540,388,李健民,2020-09-11 06:23:27,7,8,1,我一时不知道该骂健民还是夸健民，你说我骂吧，他讲课实在是非常非常烂，不是不用心，而是不会讲，他就应该去做研究，别来讲课，他完全就是读ppt，而且ppt里的题的质量也不怎么好，还经常弄错，另外他还花很多时间表达了对科学家的敬仰，包括但不限于牛顿、伽利略、爱因斯坦等等等等，口口声声说自己的习题比别的老师多，但是你一个题都讲不清楚，你弄那么多不就是浪费时间吗？他的小测题目非常非常难，就是为了难倒你们的，像我的微积分老师的小测，完全就是为了送分，卷面总分值有120分，但是因为小测这一项的成绩满分只有100，所以只要超过100分就是满分了，而且举办多次小测取最高分，而不是平均分，这就是送分的好老师，小测非常多人都是满分，而且这位微积分老师的查老师评分没有上9，而健民呢，所有题都超级超级难，而且还取平均，我都不知道怎么说好了。但是你说我夸他吧，我本身是不及格的，硬生生给我从不及格拉到了60分多一点点。我已经无法用言语来描述这位老师了，因为我觉得很矛盾，反正，那就教师节快乐吧，虽然是昨天。。。祝健民老师的科研之路一切顺利，教学之路一切不顺利。
125608,388,李健民,2020-09-12 10:10:44,-4,3,7,大雾甲虽然教得烂点，小测虽然很怪，但好好自学期末考还是可以满的
134538,388,李健民,2021-04-01 01:31:59,6,7,1,大雾讲得好烂，快逃... \n\n什么都讲不明白，一节课下来感觉在上水课。。。\n\n还说“我讲得这么慢这么清楚你们理解我的苦心了吧？”\n\n真的是觉得上课是在浪费时间
145654,388,李健民,2021-12-31 02:48:28,-5,2,7,其实老师人挺好，就是跟评论区里面说的一样，建议如果需要听老师讲课的同学感觉退了选其它老师的，自学的同学无所谓了
170936,388,李健民,2023-03-13 01:56:03,-3,0,3,好好好！！！
177396,388,李健民,2023-07-03 06:26:08,2,3,1,啥币，快逃
179846,388,李健民,2023-09-20 02:12:00,3,5,2,快跑啊
189423,388,李健民,2024-01-24 04:52:31,2,4,2,建议别选他的课，除了很少点名几乎没有任何优点，小测又难给分又垃圾
190665,388,李健民,2024-03-14 00:50:09,5,8,3,若之老师，上课给我整破防了，是不是以为我们都已经全会了例题一个不讲全跳过，口口声声“这么简单你们都该会的吧”我会还来上课干嘛
191404,388,李健民,2024-04-19 11:19:31,-5,6,11,大物。除了讲课水平差，其他方面都其实还可以。作业少，不点名，小测中等难度，会提前通知，不搞偷袭。有时拖五分钟堂，但也是讲课水平差的体现，他不会安排时间。建议自学。给他3.3分有点低了，我觉得5分左右差不多。
191870,388,李健民,2024-05-02 12:48:37,-4,9,13,讲课偏快，但PPT做的很好，能充分复习。拖堂的时间后来会补回来（提前下课），喜欢提问前排同学。是不错的一位老师
192069,388,李健民,2024-05-08 13:11:08,6,8,2,讲的史，考的难，上课都没什么人来，快跑
193440,388,李健民,2024-06-11 03:10:58,3,6,3,神金老师，不会教就别教了，先回去练练普通话，口齿清楚点再来上课。
195423,388,李健民,2024-06-28 04:04:52,0,5,5,这学期貌似点了两次名，小测按理来说是有4次的，除了振动之外难度基本接近竞赛水准了（比作业难出至少一个档次），合理推测是因为他要给自己亲爱的课代表调分捏，本人每次小测至少写出来一半的题，最后的平时分和不去上课也没啥区别，想选他的课除非自己想当课代表，第一次去坐最前面，但是一节课可能会被提问个五六次吧。老师水平还是很高的，但是讲课会扯一些其他的内容，如果不预习基本听完是一头雾水的状态，指不会做题，所以还是尽量预习一下。刚开始学就会用到重积分的数学工具，如果不知道的话不容易听懂，如果你恰巧选上了课，不如提前了解一下重积分的几何意义之类的。最后祝李老师科研之路一帆风顺，教学的话还是算了吧
195548,388,李健民,2024-07-05 02:49:19,22,24,2,我辛辛苦苦，问心无愧学的大物，就栽在你这个老毕登手里了，给分真的太差了，小测巨难，还在那儿进行意义不明，自以为是的提示，吵的要命，让学生安心做题不行吗，是的，我是菜，我物理是不好，但我可以负责的说，我一直在很认真学，认真备考复习，但是你这个小测难度，基本一个简单题没有，难度远超期中期末题，我复习了又有什么用呢，我基本拿不到分，你是来教学的还是来选拔小天才的，你出难点也行，但你这个教学质量能匹配上你的小测难度吗，还这简单那简单，你配叫老师吗，一点羞耻心都没有，抛开这一切不谈，你好歹捞一捞分吧，把平时分多给一点吧，结果一分不捞，你真的是一无是处了，真的是我目前见过最差的老师，没有之一，每每想起都让人作呕，真的是愧为人师，还在那儿夜郎自大，说什么只有在你这儿才能学到好东西，别的老师都不教，可笑至极。我一直都很尊敬传道授业的老师，但是这个人我不认为他称得上老师，我实在是忍不了了，在此为不是物理小天才的同学避雷，选他的课就是自毁前程。
195663,388,李健民,2024-06-29 10:01:15,7,9,2,狗屎的可以 真的能有这种教的又烂给分又差 发消息已读不回的老师 真的谢谢了 给分真的差的可以 想要低绩点就选它吧
195668,388,李健民,2024-06-29 10:37:28,6,9,3,上课超差，基本的力不是维持物体运动的原因都讲错多次，还强制要求学生听课；平时给分极烂，小测打分完全看老师心情，期末考后所有消息已读不回，千万别选
195684,388,李健民,2024-06-29 14:12:16,4,6,2,授课差，不建议选
195815,388,李健民,2024-06-30 04:43:41,15,17,2,煞笔老师 平时没旷课作业全交全是A平时分只有24/40？？？？？小测难的跟史一样，平时上课专注于讲故事然后内容没时间讲最后一笔带过。我来听你这坨屎讲故事的吗？
197799,388,李健民,2024-08-13 14:07:05,4,5,1,千万别选
199887,388,李健民,2024-10-07 04:38:06,1,1,0,别选了
263,427,盛正卯,2015-03-14 23:35:26,47,49,2,卯哥的课最棒
877,427,盛正卯,2015-03-18 09:55:47,12,15,3,讲得好，人有趣
1552,427,盛正卯,2015-03-22 12:03:37,14,15,1,很棒，给分也不错\n\n
5293,427,盛正卯,2015-07-06 10:00:53,5,7,2,讲课很棒
7827,427,盛正卯,2015-09-15 14:14:20,6,6,0,真心好
9688,427,盛正卯,2015-11-04 12:17:10,6,6,0,一个字，好
11844,427,盛正卯,2015-12-17 11:44:42,7,7,0,很好很好很好
12832,427,盛正卯,2015-12-24 06:11:51,13,15,2,挺好，和叶高翔老师果然好搭档
13341,427,盛正卯,2015-12-27 05:39:01,-5,1,6,…………
13794,427,盛正卯,2015-12-31 04:09:40,4,4,0,卯哥威武！
14411,427,盛正卯,2016-01-07 02:18:47,0,1,1,卵哥啊
16106,427,盛正卯,2016-01-17 08:08:29,2,3,1,大學最喜歡的老師，講課生動易懂
18352,427,盛正卯,2016-01-21 13:12:48,2,2,0,尽职的好老师
18419,427,盛正卯,2016-01-21 14:51:21,42,42,0,和叶高翔老师好搭档！
18465,427,盛正卯,2016-01-21 16:23:23,2,2,0,好老师，幽默风趣又负责
18931,427,盛正卯,2016-01-22 23:28:14,-8,3,11,推導的很淺顯
19482,427,盛正卯,2016-06-22 11:02:46,3,3,0,好。9分。
22809,427,盛正卯,2016-03-12 07:05:12,11,14,3,男神不解释 数理讲得真心好 给分更好
24259,427,盛正卯,2016-04-29 03:34:21,0,1,1,讲课真的好
28459,427,盛正卯,2016-06-28 09:05:56,0,1,1,好搭档
28870,427,盛正卯,2016-06-29 01:54:29,1,1,0,感觉会兼顾到每个人
35047,427,盛正卯,2016-10-31 10:37:13,22,23,1,老师长得好年轻好帅，但是声音好沧桑。。。
35753,427,盛正卯,2016-11-10 08:01:59,37,37,0,盛老师给人的第一印象是科学怪人，讲课很有激情，会从一个物理现象推出很多有趣的例子。为浙大有这些优秀的老师骄傲。
39402,427,盛正卯,2016-12-22 12:49:26,1,1,0,不错啊
39697,427,盛正卯,2016-12-27 04:13:10,1,4,3,上课解方程卡壳了就咯咯咯的
44382,427,盛正卯,2017-01-17 16:52:56,1,1,0,精神抖擞，认真耐心，友好随和，儒雅君子。
44467,427,盛正卯,2017-01-18 00:49:17,0,0,0,老师不错啊。讲课本讲的十分认真。感觉不如叶老师有意思。不过是好老师。10分啊
45513,427,盛正卯,2017-01-19 16:04:22,7,7,0,卯哥没有那种研究理论物理的学究气，很好的一个人，想的也很深邃，上课很有意思，数理上的特别好，可惜我没考好感觉很对不起卯哥。
46169,427,盛正卯,2017-01-21 00:21:55,2,2,0,兼具学识和人格魅力
46358,427,盛正卯,2017-01-21 10:43:03,1,2,1,卯哥给我找分真的不容易啊，真的感谢卯哥
46735,427,盛正卯,2017-01-22 08:51:40,8,8,0,上课很有趣，会讲一些自己的经历，貌似物理学与人类文明还是国家级的资源共享课？_(:з」∠)_
47475,427,盛正卯,2017-01-27 16:31:04,0,0,0,好老师，认真听，不会浪费时间的。
48737,427,盛正卯,2017-03-10 15:41:02,1,1,0,老师真的好有趣，上次说西安电子科大找他做项目，他说这个好，可以以后给学生吹23333
50635,427,盛正卯,2017-05-04 03:12:07,6,7,1,难道没人觉得老师和神似张鲁一演的石泓(去掉那股废柴劲)嘛？
52387,427,盛正卯,2017-06-19 11:54:33,1,1,0,盛老讲课真心好
59973,427,盛正卯,2017-09-29 08:29:16,8,8,0,预置老师有事，盛老师带了一节大物课，就觉得老师很有气质，也很帅，讲了很有深度，有激情，但也可听懂。现在的大物老师好难受啊，给盛老师疯狂打call
66150,427,盛正卯,2019-04-25 05:10:51,4,4,0,男神，懂？
70634,427,盛正卯,2018-01-27 10:18:19,2,2,0,给分好，讲课棒，特别有激情的一个人，能把你感染，今天收到老师回的邮件，感谢老师百忙之中还不忘回答我的问题～
70649,427,盛正卯,2018-01-27 10:28:30,1,1,0,讲课好，给分棒！
71236,427,盛正卯,2018-01-28 07:40:06,0,0,0,卯哥最高！人也和蔼给分也好，讲课也棒！
71857,427,盛正卯,2018-01-29 04:39:56,0,0,0,有意思
75169,427,盛正卯,2018-03-08 00:39:54,0,0,0,爽 啊啊 啊啊啊啊
77723,427,盛正卯,2018-05-07 11:54:54,0,0,0,卯哥炒鸡好
78648,427,盛正卯,2018-05-14 06:49:09,0,0,0,很有激情
81923,427,盛正卯,2018-07-06 13:22:07,2,2,0,老师讲的很清楚，很棒棒，给分好，不点名
86910,427,盛正卯,2018-09-19 10:50:23,1,1,0,舒服啊
86950,427,盛正卯,2018-09-19 13:51:52,10,10,0,真的真的真的可爱，上课有激情，看得出他对物理的热情
87026,427,盛正卯,2018-09-20 03:50:48,9,9,0,物理课与酸梅汤更配哦
93163,427,盛正卯,2019-01-08 01:58:35,0,2,2,盛正卯老师美臀啊
93421,427,盛正卯,2019-01-09 13:02:35,13,14,1,物理学与人类文明今天结课了，把这门课列为理工学生的必修课都不为过！
93954,427,盛正卯,2019-01-14 12:18:43,1,1,0,老师讲课很有激情，而且学识丰富\n\n
99215,427,盛正卯,2019-01-24 12:21:00,4,5,1,文科生很享受的课啊！大爱他和叶老师！10分太少了！
100576,427,盛正卯,2019-01-26 10:35:15,3,3,0,老师给分很好！上课很有意思，一位好老师！
101784,427,盛正卯,2019-01-29 05:16:35,25,30,5,文科生，说实话学这门课有点累，平时没有基础不太听得懂，考试也只能靠刷题，最后只拿到了最低绩点3.6，拉低均绩。但是不后悔选这门课，叶老师和盛老师诚乃大师，老师的知识广博、谦逊和人生态度，让我学到的远不止是物理学和人类文明。
102798,427,盛正卯,2019-02-23 07:17:26,5,5,0,老师讲课有在听讲座的感觉，能把人完全带入进去，最后绩点也超好，4.5，老师讲相对论那里时候，对于大一同学有点难度。没有太多物理学知识的同学可能绩点会低一点，不过学到的多啊！
104188,427,盛正卯,2019-03-13 15:08:07,0,0,0,很认真回答问题
108536,427,盛正卯,2019-05-28 02:28:11,0,0,0,老师很有风范，人也好，关键是给分不错！
121750,427,盛正卯,2020-01-21 13:26:15,9,9,0,wow！！！我数理过了！一出分就来老师的评论区还愿。\n\n__1老师个人：长得超帅有没有！我要是女孩子我肯定会爱上她的。上课也非常生动有趣，讲课也是非常的清楚，相比于书本有自己的风格思路与节奏，感觉比书本讲得好。\n\n__2上课本身：数理一是真的难，期中就烤炸了，不过期末可以覆盖。期末考试更加难，不过看来应该是有很大很大幅度的调分，最后的给分也很好。\n\n__我就是喜欢这样的老师，上课与考试都有相当的难度，但是给分不错，\n\n__我爱男神盛正卯老师！我爱男神盛正卯老师！我爱男神盛正卯老师！
130502,427,盛正卯,2021-02-03 00:13:01,-8,3,11,谢谢盛哥的4.8
134617,427,盛正卯,2021-04-06 03:25:35,2,2,0,奇数卯，yyds（懂得都懂）\n\n酷爱奇数，不能自拔
144118,427,盛正卯,2021-12-18 12:21:28,1,1,0,一名优秀物理学者该有的样子
147325,427,盛正卯,2022-01-09 14:16:31,20,20,0,物理学与人类文明？\n\n叶高翔/盛正卯与浙大文明！\n\n好课不多说，能选就选，上大学就得先看看真正的学者长啥样
148034,427,盛正卯,2022-01-11 11:18:57,0,0,0,跪谢老师海底捞，不挂之恩！
148151,427,盛正卯,2022-01-11 15:52:02,0,0,0,海底捞
149680,427,盛正卯,2022-01-16 10:30:15,1,2,1,这门课挺好。但我讨论课、论文都很认真完成了，考试也很顺，最后3.9，不是很懂。
149807,427,盛正卯,2022-01-17 04:42:17,4,4,0,超级喜欢盛老师，可能有点口音，刚开始有些听不惯，但是后面就好多了，老师真的人很好，讲课超级棒，太喜欢了
153101,427,盛正卯,2022-04-25 13:11:03,1,1,0,卯哥nb！不多说，10分。
165198,427,盛正卯,2022-12-30 03:46:33,2,2,0,和叶老师一样认真负责，学识渊博，两位老师的课很精彩
165481,427,盛正卯,2023-01-07 02:33:30,3,3,0,啊我死了，好难好难好难，球球卯哥捞捞
166226,427,盛正卯,2023-01-11 12:58:16,7,7,0,收获蒸滴很多，但是有点孤勇者的感觉：期末考书从头到尾翻了好几遍，专门准备了几个专题；论文7k字，感动自己；就是没有参加展示，最后3.6。只能说，有的时候努力和结果不一定是成正比的，或许这就是所谓复杂系统的特点吧。希望大家还是能更关注自己学到的、感悟到的货真价实的东西，成绩这东西，尽力就好。
167680,427,盛正卯,2023-01-18 09:16:22,0,3,3,期末成绩来自论文，闭卷考，还有展示（附加分），老师是很有情怀，很纯粹的物理学者，听课很是享受。论文创意似乎是最重要的，我没参加展示，但是论文结合心理学，经济学和科学哲学写了一篇对理性知识的反思，本来觉得会寄，因为感觉虽然视角独特，但是理由不充分，不过最后论文分数90+，总评90，如果参加了展示应该就满绩了
169790,427,盛正卯,2023-02-28 02:09:15,1,1,0,卯哥捞神！
170937,427,盛正卯,2023-03-13 02:10:24,2,2,0,智云专门来听盛老师的数理课，手写板书真的好认真负责！
175246,427,盛正卯,2023-06-23 00:43:49,2,2,0,真的好老师啊😭\n\n数理方法听了两学期卯哥的课\n\n初听时敬佩卯哥，不懂时质疑卯哥，迷惑时撇开卯哥自学，自学时理解卯哥，学懂后崇拜卯哥
175792,427,盛正卯,2023-06-26 15:17:31,1,1,0,科学精神，上课很水，不点名，可以不去，给分正常(需要卷论文，论文字数不设上限)
181630,427,盛正卯,2023-10-25 01:33:01,4,4,0,回来吧，我的卯哥，我最骄傲的数理，还有给力的答疑。因为上过卯哥和老叶的物理学与人类文明，对两个老师无条件带有学者滤镜，这学期选了卯哥的数理，结果卯哥上了两节课就去教竺院了😭
181813,427,盛正卯,2023-11-01 10:49:09,0,0,0,good
187247,427,盛正卯,2024-01-15 10:04:27,7,7,0,是上课会手推公式的老师，也是看到你笑也会对你笑的老师，这种反差真的好可爱啊！数理方法就是靠老师救的，这学期上物理学与人类文明，感觉看到了老师另一面嘿嘿
187293,427,盛正卯,2024-01-15 12:08:34,4,4,0,感谢盛老师大捞之恩。盛老师我男神，望周知
187295,427,盛正卯,2024-01-15 12:09:13,2,2,0,神！堪比万吨级打捞船
187296,427,盛正卯,2024-01-15 12:10:32,1,1,0,卯哥海底捞之神！
187299,427,盛正卯,2024-01-15 12:13:22,2,2,0,捞王锅物料理都没你捞😭szm老师给我找分辛苦了😭
187368,427,盛正卯,2024-01-15 15:25:23,1,1,0,卯哥找分辛苦了😭
187605,427,盛正卯,2024-01-16 19:20:07,8,8,0,卯叔我爱你😭😭😭\n\n（但我总感觉卯叔的面相有点像港片《奇门遁甲》里的遁甲老太[ac01]
188633,427,盛正卯,2024-01-19 12:33:17,-30,2,32,上课毫无内容，考试卷出的很奇怪，给分还贼低，我就是被评分骗了。
188793,427,盛正卯,2024-01-20 03:18:20,1,1,0,物理学与人类文明这个学期考试改版了，把30分从简答题改成了选择题，变简单了很多
188810,427,盛正卯,2024-01-20 04:53:29,0,0,0,老师人挺好
191871,427,盛正卯,2024-05-02 13:32:03,-29,4,33,男神，就凭单独在办公室给我一个人讲了一个小时就值得满分了，并且给分贼好觉得肯定要挂科了最后被捞到98分
199399,427,盛正卯,2024-09-23 02:08:00,1,1,0,“难懂”成为“爆款”，这门课有绝招！\n\nhttps://mp.weixin.qq.com/s/RhqParZzpkohX_Zh7tgvRw
210719,427,盛正卯,2025-01-10 01:15:29,0,0,0,我男神(｡･ω･｡)ﾉ♡有大师之范
213948,427,盛正卯,2025-01-22 03:28:13,0,0,0,老师海底捞我真的哭死啊啊啊啊期末几乎一道题都没写出来居然有80分！！！卯哥我滴神
218428,427,盛正卯,2025-04-23 11:29:50,0,0,0,讲课真的很棒，给分也很好，必须10分
219961,427,盛正卯,2025-06-12 07:39:23,0,0,0,推荐科学精神
5143,430,潘佰良,2015-09-21 03:46:54,-6,5,11,还行吧
25140,430,潘佰良,2016-05-06 05:10:22,4,11,7,物理实验给分坑的一逼
33867,430,潘佰良,2016-09-22 07:11:59,-4,6,10,给分超好
38764,430,潘佰良,2017-10-26 12:42:52,8,13,5,真垃圾
40707,430,潘佰良,2017-01-05 05:23:02,8,13,5,大物实验，给分不好
51147,430,潘佰良,2017-05-19 00:47:26,-3,7,10,打分超客观，超好
60685,430,潘佰良,2018-05-16 04:31:56,-4,8,12,老师给分很客观合理 取报告时一筐报告的分数里 高分的确写的很好 低分就不用说了 所以说给分不好的同学大概需要审视一下自己的报告质量
60766,430,潘佰良,2017-10-30 01:01:06,-5,2,7,认真写，给分很好！讲得也简洁明了
61197,430,潘佰良,2018-05-16 04:31:51,0,11,11,会查预习报告。第一次我实验报告写的粗糙给了85，第二次写的很符合要求给了96，所以给分真的属于一分钱一分货类型的，不会坑也不会水的好老师。
61215,430,潘佰良,2017-11-12 08:03:26,-3,6,9,用扭摆法测定物体转动惯量 96\n\n铁磁材料居里温度测量 95\n\n碰撞实验 95\n\n写邮件给老师能及时回复\n\n我觉得已经很不错了
63889,430,潘佰良,2017-12-18 15:20:27,1,2,1,遁入智瞳
63898,430,潘佰良,2017-12-19 02:09:52,10,13,3,大物实验给分不好，问他数据处理要求一脸不耐烦，还说这种问题也要问...
64615,430,潘佰良,2017-12-25 13:52:27,-3,2,5,平分比较客观
64862,430,潘佰良,2017-12-27 12:50:10,-3,4,7,给分很客观很好 不水不坑 很真实求是
65693,430,潘佰良,2018-01-08 08:54:57,-13,3,16,万用表给分不好，93
66347,430,潘佰良,2018-01-15 08:04:11,12,14,2,实验给分真的差，在其他老师那都是95，到他那没一次上90
67105,430,潘佰良,2018-01-20 09:33:57,21,26,5,被绩杀了呢，好好写实验报告写满了给了75，很失望
67588,430,潘佰良,2018-01-21 15:16:45,-5,1,6,给分还可以，实验比较简单
73550,430,潘佰良,2018-02-02 03:06:45,12,15,3,怎么做实验就几句话，给分极低
76518,430,潘佰良,2018-04-12 04:31:30,-1,2,3,大物实验给分不太好，但是讲得挺好，略快
78052,430,潘佰良,2018-05-09 07:15:27,5,6,1,说实话我看了评论选了他的实验课，但是给分真的不好，也不发实验报告，不知道自己哪里写得不好。\n\n反正我周围的人选他的实验都是所有实验最低分，到90算不错了。\n\n很无语，劝别选。
78863,430,潘佰良,2019-03-20 00:15:44,9,19,10,上面说筐里有报告而且高分报告质量都很高的同学，首先从你的时间来看你是跟我一个学期的大物实验，然后非常不巧潘佰给我说的是这学期不发报告叫我有问题找助教。而且事实上224（不知道房间号有没有写对）里面是没有潘佰良的筐的。\n\n如果是确实有报告的话我无话可说，可如果你用这种低端洗地来掩饰潘佰无良给分低且不解释原因的事实的话我只能说你妈死了，不死不是亲妈。
78876,430,潘佰良,2018-05-16 04:30:23,14,16,2,实验不讲，设定是 学生都知道。别的老师那97的报告在老师这直接85，我和我室友写的都不错，直接都85，真的好客观啊，同学们积极选这个老师，你的物理实验成绩一定比其他同学低。
79333,430,潘佰良,2018-05-31 04:13:54,6,7,1,辣鸡辣鸡，鸡杀，好好写报告只给80，辣鸡老师
81246,430,潘佰良,2018-07-04 12:11:46,6,7,1,物理学实验I，其他老师实验报告平均分93.7，潘老师87.2，不想多说了……
81734,430,潘佰良,2018-07-06 04:26:39,3,4,1,给分最烂的老师，没有之一
87707,430,潘佰良,2018-10-10 12:15:15,-2,0,2,做实验讲的很快，我以为报告会跪，但最终没有，感谢老师。
88190,430,潘佰良,2018-10-23 16:26:28,-2,2,4,给了我95？
88712,430,潘佰良,2018-11-06 08:53:43,2,4,2,感谢您赐予我两个学期实验课以来第一个90分以下
91383,430,潘佰良,2018-12-07 08:58:07,-1,2,3,我觉得潘老师还挺好的 给分也不错 写报告的时候把该注意的都注意到就好了
91705,430,潘佰良,2018-12-18 05:52:52,0,3,3,满满的报告60分
92278,430,潘佰良,2018-12-27 11:31:04,1,4,3,这老师是really naij啊，故意跑来问你要笔然后查你报告，说你写的预习报告不好。补充好了在下课前交给他还不行，真的垃圾，要扣分直说，何必拐弯抹角。
92511,430,潘佰良,2019-01-01 12:45:54,5,5,0,不讲实验要求。自动默认？这是负责吗？这是自找麻烦吧。谁知道要做到那一步，要不要把相关理论都学个底朝天再写实验报告。对两方都吃力不讨好的事也要做。
92989,430,潘佰良,2019-01-06 15:49:41,12,17,5,潘拨凉老师给分超好，我的三个实验都选了他的，分别98，95，98。欢迎大家踊跃选他的实验。选拨凉，分拔凉！
93270,430,潘佰良,2019-01-08 14:02:18,-2,1,3,我就做了一次潘老师的实验。老师实验前讲了操作步骤和注意事项，实验时就过来签字了，没有看数据。我认真写了实验报告，在误差比较大（碰撞实验）的情况下也拿了95
93695,430,潘佰良,2019-01-12 02:14:00,-4,1,5,大物实验里面有老师的几个实验。老师讲原理会认真讲，给分是不水的，像之前有同学讲的一分钱一分货。数据处理还是好好写为好。实验预习也要提前做好。
105548,430,潘佰良,2019-04-16 12:26:36,-2,4,6,给分挺好的，他的实验都95  96，是所有实验给我分最高的老师了
108449,430,潘佰良,2019-05-24 10:38:05,-1,3,4,挺好的，碰撞试验弹性碰撞能量损失高达40％多，95.
114767,430,潘佰良,2019-07-11 12:05:19,-4,3,7,给分所有老师最高
115036,430,潘佰良,2019-07-14 17:40:12,-1,6,7,老师给分很客观，而且不吝啬高分。按照要求严谨写的话是可以得到97，98这种高分的。当然如果写得很水的话也会拿到90-。总得来说感觉给分很好。
122358,430,潘佰良,2020-02-25 07:21:04,9,11,2,我疯了，第一节课讲的跟飞一样就是为了提前下课三十分钟，生平仅见，震撼我妈，该讲的都没好好讲，不该讲的墨迹半节课。我真是服了，给一分都多。
122423,430,潘佰良,2020-02-27 03:18:54,1,3,2,讲课飞快，该讲的东西不讲清楚
135819,430,潘佰良,2021-05-27 13:41:35,1,3,2,老师给分很好，讲课的实验要求要求也很详尽
154391,430,潘佰良,2022-05-31 13:16:40,-5,1,6,这学期给分超好！！！！！98 97 96 97 94 不多说pbl老师yyds！
156198,430,潘佰良,2022-06-18 06:53:56,-12,0,12,4个98 1个97 不给你十分给谁？
157657,430,潘佰良,2022-06-24 08:39:00,-5,0,5,如果想要高分可以选，给分真的不错\n\n不过如果讲解实验确实不清楚
162291,430,潘佰良,2022-11-19 07:56:59,4,4,0,做他的实验一定要课前好好预习，讲课的时候不会很清楚，去问他他还会很不耐烦，第一次实验给了我85我当时还在反思自己是哪里没做好，第二次专门按照他的要求好好写了，结果还是85…真的很失望…
162501,430,潘佰良,2022-11-23 13:53:15,3,4,1,1分不能再多了，你TM大物实验长点眼睛行不行啊，别TM和个SB一样，认真写的实验报告和抄袭的一样的得分，真就日你仙人了
164785,430,潘佰良,2022-12-26 06:36:25,7,7,0,大物实验录视频，就你一个是对着仿真软件的pdf在那边一顿读，话嘛还说不清的，不想教可以不教，这么糊弄的是毫无羞耻心
165239,430,潘佰良,2022-12-31 06:59:58,6,6,0,傻逼一个。线上大物实验讲的不知道什么东西。别的老师都是认真准备了ppt，还会亲自在仿真平台上演示。就只有pbl这个傻逼，对着一份实验指导书在那里读，关键你他妈读也读不好，自己也不看看自己在干什么。最后给分也是很烂，傻逼，一坨大便💩
165291,430,潘佰良,2022-12-31 05:00:28,4,4,0,傻逼玩意
167208,430,潘佰良,2023-01-15 05:43:56,5,5,0,真的不行，给分差，讲课讲的不清楚，而且语调低沉昏昏欲睡，线上那个实验不说了。关键是报告分还低，他手下我没有一份上90
168239,430,潘佰良,2023-02-05 11:49:39,7,7,0,长得和一坨屎一样，被光学所淘汰的废物来糊弄大物实验
171212,430,潘佰良,2023-03-19 00:53:47,4,4,0,完全不知道学校招这种人有什么用
171245,430,潘佰良,2023-03-20 04:13:25,2,2,0,上课不知道人去哪了
173256,430,潘佰良,2023-05-17 06:21:56,0,1,1,给分来看，还可以，90+是有的\n\n讲课来看，实验能力不强的狠狠避雷，老师的演示操作实在比较……（懂得都懂）每次听他讲完还是一脸懵逼，跟其他老师就是没有对比就没有伤害😢，第一次和最后一次实验都在他那，每次实验做到很晚真的很痛苦
173587,430,潘佰良,2023-05-29 12:06:40,1,1,0,烂 很烂 非常烂
173765,430,潘佰良,2023-06-02 12:10:38,1,1,0,纯纯绩杀 建议退休捏😅
175322,430,潘佰良,2023-06-23 17:56:22,2,3,1,你装什么呢？摆谱到这份上。也不教操作。
191550,430,潘佰良,2024-04-24 16:42:32,1,1,0,实验给分很差\n\n死板，上课昏昏欲睡
192390,430,潘佰良,2024-05-17 07:26:13,4,5,1,这学期选了老师的三个实验，都是比较简单的实验，给分得了两个98一个90（90的一次确实是放假开摆然后赶报告的时候胡写了），感觉还是不错的（第一次遇到给95分以上的老师！）\n\n老师对实验的要求比较少，很多地方都是让我们能轻松一点就轻松一点，比如测数据的量和数据处理的内容会少一些，思考题也不做要求等，讲课有些不清楚的问题可能确实有，不过个人感觉影响不大。\n\n总地来说还是很不错的老师！
192586,430,潘佰良,2024-05-24 09:44:35,1,3,2,天啊，看了老师的评分，本来抱着得90就算好的心态选的，结果居然得了100分！好后悔因为看了评分只选了一个潘老师的实验，没有都选上。人是会改变的，就现在而言，能选的话冲就完了
192630,430,潘佰良,2024-05-25 14:42:45,1,2,1,普物实验给分有点好啊
192631,430,潘佰良,2024-05-25 15:07:33,1,2,1,死妈玩意
193290,430,潘佰良,2024-06-05 16:49:02,1,1,0,纯纯nt，给分奇差
194214,430,潘佰良,2024-06-22 13:56:41,3,3,0,虽然给分还好，但是还是要说说你。\n\n问你数据处理，我也是想满足你那莫名其妙的要求啊，用什么变量，组什么图，自己不讲，同学问还要“这也要问”，我不问你难道问牛魔吗？\n\n坐标普物实验I某必做实验。
195191,430,潘佰良,2024-06-27 05:57:24,0,0,0,大哥你给分低一点我认了，我写的确实是答辩，但是你别第一次实验分都不打啊，我都交了报告的呀
197468,430,潘佰良,2024-07-16 06:45:16,0,2,2,普物I\n\n只选了亥姆霍兹，给了96，把老师提到的图表数据处理好了不会差（虽然听说其他的实验给分很难评）
200071,430,潘佰良,2024-10-12 08:33:26,-1,3,4,（做的是密里根油滴）呜呜呜呜拿到了实验报告分数最好的一次，感谢潘老师！！！老师讲解挺清楚的，就是演示的时候个子矮矮的同学一定要往前挤！！！站在后排会什么都看不到！！！实验做得不太成功但是报告认真写了，老师检查签字的时候也没有说什么，最后给分也很不错！密里根油滴大胆选！
200687,430,潘佰良,2024-10-21 03:32:40,1,1,0,nt，教个鸟课装你沐啊
203234,430,潘佰良,2024-11-18 08:07:47,4,4,0,讲完人就不见了，实验没做完不看数据就签字了。问他一下操作就阴阳“你会不会做实验”，我要是这么会做实验不会碰到任何疑问还用得着你来教？
203255,430,潘佰良,2024-11-18 12:24:57,1,1,0,大物实验两次给分确实不错，但是讲解并不清晰，要求说的比较含糊，答疑也不太好
204798,430,潘佰良,2024-11-28 02:46:49,1,1,0,逆天的这辈子没见过这么辣鸡的老师，这也配叫老师？他教了个蛋教。讲课极其垃圾，给分极其差。大家绝对不要选这个乐色的课
220420,430,潘佰良,2025-06-18 01:54:29,1,1,0,一坨屎装你木呢？摆脸色给谁看啊nt，浙大养这种fw老师来恶心学生吗？
221000,430,潘佰良,2025-06-20 15:32:27,0,0,0,大物实验丙老师讲的水水的，虽然讲得一般，但是很推荐选他的实验，水且给分好
1076,475,阮永红,2015-03-21 16:05:27,28,39,11,给分不高，上课太水，搞各种学生不感兴趣的活动，建群都在用于聊天
1507,475,阮永红,2015-03-22 08:48:36,-6,3,9,给分可以，就是上课无聊
1951,475,阮永红,2015-03-27 00:28:15,9,14,5,笑的好阴森，小组有什么用
1952,475,阮永红,2015-03-27 00:29:20,17,21,4,说的最多的就是不理解可以看书，那要你何用！！！
2085,475,阮永红,2015-04-01 08:55:42,5,10,5,上课爆无聊
2632,475,阮永红,2015-05-05 01:50:51,4,7,3,讲课就是划一下公式，还让我们自己看书，听不懂也不深入，习题课都没有，让我们自己去看。不过平时分应该还可以的吧，最后组建什么学习小组感觉完全是为了占课时。。。
5461,475,阮永红,2015-07-07 16:33:40,48,59,11,简直不能更无聊……
5485,475,阮永红,2015-07-08 02:13:47,-10,3,13,老师其实很棒的，上课很水，大家自觉就好
5490,475,阮永红,2015-07-08 02:45:07,4,7,3,老师本身很可爱但是课堂还是有点无聊的…给分并没有那么好
5604,475,阮永红,2015-07-08 15:36:31,2,8,6,无趣，建群但是各个年级班级混在一起水群。还要建立小组期末展示！平时装和蔼，期末你差了一点点找她加一分她就恨不得问候你十八代祖宗，人前人模狗样，人后各种拿乔！
5640,475,阮永红,2015-07-09 02:13:12,1,4,3,谁来告诉我大物一的均绩不是真的………
7355,475,阮永红,2015-09-14 03:24:23,29,35,6,太糟糕了！不知道在讲什么！！还老是干干的笑！！
7905,475,阮永红,2015-09-16 05:06:55,9,11,2,从未见过…这么…无聊的…
8386,475,阮永红,2018-03-06 06:59:28,20,36,16,垃圾，我为浙大有这样的老师感到悲哀
8398,475,阮永红,2015-09-21 02:46:31,37,45,8,能把大物上的那么无聊，我也是蛮佩服她的。。。\n\n可惜我已经退不了课了，以后的童鞋请自重吧。
8404,475,阮永红,2015-09-21 03:38:35,27,32,5,哈哈哈哈哈哈哈哈哈 这课上的 哈哈哈哈哈哈哈哈哈 我选择狗带
8901,475,阮永红,2015-09-30 04:30:40,11,15,4,讲的太浅。 总是说你们可以认识认识 这是老乡会么？还有小组 增加无意义的负担。
8975,475,阮永红,2016-12-21 03:19:17,19,23,4,根本不会讲。就是念PPT.
9959,475,阮永红,2015-11-13 08:45:20,0,2,2,不写评论不能提交评分啊
10754,475,阮永红,2015-11-23 04:23:33,-6,2,8,给分高不过上课无聊
11393,475,阮永红,2015-11-30 02:19:29,8,12,4,上课就是念ppt，根本不管有没有人听懂，希望能退课的同学尽快退课！
11777,475,阮永红,2015-12-15 06:09:29,18,19,1,上课会发大白兔奶糖。。。。
11846,475,阮永红,2015-12-17 15:02:36,82,104,22,其实老师人还是不错的，会为学生想，心还是很好的。\n\n就是不会教课，比较无聊，还搞各种意义不大的组队。\n\n不知道这样的心很好但真的不会教课的老师，算不算一个好老师
13594,475,阮永红,2015-12-30 01:06:26,3,5,2,最多2分了
13596,475,阮永红,2015-12-30 01:46:56,16,18,2,这个老师上课跟哄小孩似的，做一道题能给你讲半天闲话啊卧槽
16001,475,阮永红,2016-01-17 03:02:28,4,5,1,俩字：呵呵
17299,475,阮永红,2017-03-10 02:45:30,30,38,8,老师给了我60分！！！！yeah！！！！！！！！！
17314,475,阮永红,2016-01-20 04:23:18,1,3,2,老师其实还是挺好的，只是不怎么会上课
19381,475,阮永红,2016-01-24 04:04:41,4,5,1,除了无聊，就是无聊，应该去教高中\n\n
22265,475,阮永红,2016-03-03 06:32:42,6,8,2,浙大怎么会招这种老师？
22277,475,阮永红,2016-03-03 07:24:35,1,3,2,悲哀啊
22478,475,阮永红,2016-03-07 00:45:02,7,9,2,啰嗦 无聊 到爆
23160,475,阮永红,2016-03-20 23:52:32,9,11,2,如果是预置，能退能退赶紧退吧，上课上的我一脸的忧伤啊，讲到难一点就让你自己看书，还在旁边干笑，也是醉了
23853,475,阮永红,2016-04-19 00:56:46,15,19,4,1分都不想给！大一期间，见过的最差的老师！没有之一！！！不会上课还不给翘，这张脸我不想再看到第二次
25243,475,阮永红,2016-05-09 00:53:54,1,1,0,哎'...哎....哎
25244,475,阮永红,2016-05-09 00:58:09,25,27,2,超级无聊，她笑得我尴尬症都犯了
25255,475,阮永红,2016-05-09 03:02:52,4,5,1,这样的老师居然是浙大的。。
25629,475,阮永红,2016-05-30 03:08:54,3,4,1,没见过这种老师。。建议退课吧
25872,475,阮永红,2016-06-13 03:19:13,12,16,4,第一次打1分嫌多，现在给10分吧（随意喷我，反正我平胸而论）\n\n大物丙 没其他老师这个可以将就听\n\n评价 上课的时候把你当大神，什么都懂的那种，讲的很快，上课很差，但是。做题目的时候，把你当煞笔，口算题可以发呆半节课。\n\n给10分是因为课件还行，还会给历年题，给公式总结，都会传网上，所以大物丙好评，毕竟水课，适合自学。大物甲不清楚，应该很烂。\n\n确实用心，个人观点。\n\n心怀感恩 祝自己满
26566,475,阮永红,2016-06-20 06:34:53,4,5,1,可以给0分吗…\n\n
27606,475,阮永红,2016-06-30 12:23:03,0,2,2,大物并真的适合自学 然而听老师上课比较能抓重点 anyway老师给分挺好的！
28329,475,阮永红,2016-06-28 08:34:05,1,2,1,课太无聊了，我听着听着就想直接放弃
28594,475,阮永红,2016-06-28 10:46:17,2,2,0,上课水，然而平时活动却多
29845,475,阮永红,2016-06-30 11:36:57,-1,3,4,老师给分很好
29885,475,阮永红,2016-06-30 13:00:34,-6,2,8,给分很棒哦
29915,475,阮永红,2016-06-30 13:40:44,0,2,2,挺好的，认真会有收获
29971,475,阮永红,2018-06-28 00:20:02,6,9,3,简直不能再差了，教的又差，给分又不好，简直不能再傻逼了T^T
30002,475,阮永红,2016-06-30 17:02:45,15,17,2,老师的课可能比较适合水水的同学 毕竟大雾丙考前突击一下就没什么问题 给分真心不错
30003,475,阮永红,2016-06-30 17:04:06,-2,3,5,老师人超好，给分好到爆！！虽然上课比较无聊，对于我这种很水很水很水从不听课的人，完美……
30079,475,阮永红,2016-07-01 02:00:25,5,8,3,没听过课……最终居然给过了 60分 浓浓师生情……
30449,475,阮永红,2016-07-01 15:27:35,1,4,3,虽然老师一开始确实讲得挺无聊的，不过老师人很好啦，认真学习绩点不会差
34173,475,阮永红,2016-09-28 03:09:27,4,6,2,人傻事多 完全不会上课 还无聊搞搞什么学习小组？第一次觉得大雾课那么无聊 如果选上赶紧退课了吧(微笑
34193,475,阮永红,2016-09-28 07:12:32,1,3,2,拎不灵清
34645,475,阮永红,2016-10-17 07:58:27,4,5,1,念PPT，很无聊，笑点很奇怪，听不懂课，我选择狗带。。
34975,475,阮永红,2017-01-04 03:19:58,3,7,4,为什么没有0分的选项呢，虽然我很不想骂人，但还是想说一下，真的讲的很垃圾
39776,475,阮永红,2016-12-27 12:20:34,0,0,0,
41712,475,阮永红,2017-01-12 11:57:31,-6,2,8,老师人很nice
41743,475,阮永红,2017-01-12 13:10:33,-7,4,11,听好的老师，待人很好。浙大资历很老的教师。赞
42243,475,阮永红,2017-01-14 02:58:58,3,4,1,还不错\n\n今年并没有那么不堪
43316,475,阮永红,2017-01-16 06:38:41,4,7,3,给分极差 上课无聊 尬笑极多 不能再差了
43328,475,阮永红,2017-01-16 06:55:39,1,3,2,我去，给分烂到这种地步也是无语
43379,475,阮永红,2017-01-16 07:59:17,1,3,2,给分好差
43869,475,阮永红,2017-01-17 05:21:22,6,8,2,什么老师，给分巨差，教的也烂，平时也绝对不要想翘一节课，她会用各种方式点名，而且会扣很多分
44124,475,阮永红,2017-01-17 09:48:19,7,7,0,期末会给公式总结、习题精选之类的复习资料，感觉帮助还是挺大的。就是每节课都要签到
48039,475,阮永红,2017-02-28 06:03:13,5,6,1,那啥，那个八百人群刚进的时候，有毒，很深
48596,475,阮永红,2017-03-10 02:45:17,0,4,4,浙大最垃圾的老师，应该没有之一
48714,475,阮永红,2017-03-10 02:45:54,-2,2,4,好好好好
48816,475,阮永红,2017-03-14 00:02:36,0,1,1,简直不想多说什么。。。
48818,475,阮永红,2017-03-14 00:23:31,0,2,2,这老师真的上课贼无聊，只会念PPT，讲也讲不清楚，真是醉了，建议预制课是她的赶紧退了换一个
49033,475,阮永红,2017-03-22 05:23:57,7,10,3,老师讲课是不清楚，但是很为学生着想，经常在群里回答各种杂七杂八的问题，评分真的不该这么低……
49349,475,阮永红,2017-04-07 01:43:49,5,6,1,垃圾老师讲的差还点名
50235,475,阮永红,2017-05-02 01:04:11,5,5,0,......每节课都要签到
50236,475,阮永红,2017-05-02 01:03:42,6,8,2,建议立即退课
50532,475,阮永红,2017-05-03 10:11:20,3,4,1,变着法的签到，讲课无聊，简直不能更催眠
52203,475,阮永红,2017-06-16 01:53:13,1,3,2,课不评价，人还行
52208,475,阮永红,2017-06-16 03:00:03,1,2,1,无聊的要死还要点名垃圾老师
52209,475,阮永红,2017-06-16 03:00:43,-2,2,4,想和老师做爱做的事?
52778,475,阮永红,2017-06-23 00:15:05,4,6,2,讲课是有点无聊，但是老师人真的很好很好，是我见过浙大最贴心的老师了
54651,475,阮永红,2017-06-30 03:19:32,-8,3,11,搞不懂你们这批学生\n\n自己静不下心来还说老师不好\n\n这么好的老师你们再找找看啊
54801,475,阮永红,2017-06-30 08:48:17,1,1,0,可能是我学的是大物丙吧，考试基本上看看公式总结做一遍历年卷就可以高分了很简单，所以虽然老师有点无聊，但感觉还是挺可爱的
54985,475,阮永红,2017-06-30 14:19:31,-2,1,3,上课水一水，毕竟大物丙嘛很多东西自己看看书就行了，讲的一般但回答问题比较耐心，上课有笑点哈哈
55347,475,阮永红,2017-07-01 10:27:20,0,1,1,期末的时候她就满满负能量。。。讲课挺无聊的。。。。然后自己说的承诺没实现还骂我。。。可以说是很骚了。。。但是还是比较认真的吧
55585,475,阮永红,2017-07-02 03:29:09,-2,1,3,还不错
57238,475,阮永红,2017-07-06 05:39:03,0,1,1,来，干了这碗毒鸡汤！
58594,475,阮永红,2017-09-07 12:50:14,0,1,1,不上阮老师的课，你的大学生活是不完整的
58988,475,阮永红,2017-09-19 03:48:28,-2,1,3,很关心学生的
59125,475,阮永红,2017-09-20 00:41:20,1,1,0,刚才看到只有不到10个人在上课。。。
59393,475,阮永红,2017-09-21 06:15:36,-1,0,1,还不错
60051,475,阮永红,2017-10-09 02:33:50,3,3,0,水平真的有限
60971,475,阮永红,2017-11-06 04:31:56,1,2,1,老师的实验课给分真的好。讲题也很认真，就是不太会讲课。老师应该是适合做研究的类型
62750,475,阮永红,2017-11-27 00:47:33,1,1,0,天天说进度来不及 上课少说废话就来的。。。上课就是尬，真的不如自学
62960,475,阮永红,2017-11-27 12:58:00,0,1,1,我觉得还行 挺认真的
63184,475,阮永红,2017-11-29 03:32:31,3,7,4,他妈这是傻逼吧！感觉有点老年痴呆了，而且感觉她对知识理解不够，或许知道，但是教起来跟屎一样，就像你教幼儿园小朋友，然后直接说知识点，解释不清楚。然后给分不好，没有什么感情分什么的。建议直接退她的课，每堂课都点名，主要是上课讲不明白。如果实在退不了，建议完全自学，上课自己看书，写习题。
63807,475,阮永红,2017-12-15 06:55:49,2,3,1,老师人很好，讲的不很好。\n\n
74884,475,阮永红,2018-03-06 08:13:21,1,1,0,扫描水稻显微镜？\n\n我在这里祝老师新年快乐！
75544,475,阮永红,2018-03-13 06:41:56,0,1,1,刚上课就想退，高中题都能讲错
75547,475,阮永红,2018-03-29 01:53:24,2,2,0,真的，别选她的课，课讲得非常不好，还会在你做课堂练习的时候一直唠叨个没完，相当烦人。
75652,475,阮永红,2018-03-15 00:18:30,2,2,0,她还能继续教就是因为一届届的学长学姐坑学弟学妹给她打高分！！！什么水平！！！
75869,475,阮永红,2018-03-20 09:54:01,3,3,0,我有时候想不明白 我为什么还早在位子上没有上去打她
76250,475,阮永红,2018-03-30 08:17:22,-2,0,2,还行吧
79319,475,阮永红,2018-05-31 02:59:41,4,4,0,上课上得我浑身难受
82633,475,阮永红,2018-07-09 01:12:05,2,2,0,真的有毛病，物理课竟然说背背公式划划重点就可以，根本没有讲物理思想，真是辣鸡！！！
82661,475,阮永红,2018-07-09 02:30:44,0,0,0,资料最全的老师，大物丙从开学开始下载PPT自学，绝对稳。大物丙就是自学的，因为听课会有点无聊ớ ₃ờ
82732,475,阮永红,2018-07-09 04:45:10,4,4,0,想好好学物理的就不要选她的课了，想水一水的可以考虑一下。上课全程念PPT，而且逻辑混乱完全没有顺序，根本不知道她是怎么当上老师的。但是大物丙只要期末考好了，应该不会给你太低的绩点。考前一定要刷历年试卷，会有很多原题。
82759,475,阮永红,2018-07-09 05:22:20,1,1,0,无聊到爆，给分不好，上课尴尬到窒息，只说:啊，这个你们要会，自己却无法说清楚具体怎么做，问她题目只说在哪一页，记公式，强烈吐槽!!建议退选!!绝对没错!!
85761,475,阮永红,2018-08-04 02:13:12,4,5,1,nmsl
86660,475,阮永红,2018-09-18 01:38:19,-4,1,5,超级好的老师，娓娓道来。还关心学生，没有架子
88522,475,阮永红,2018-10-31 23:57:09,0,0,0,大物实验成绩还没出？慢死了
88624,475,阮永红,2018-11-04 11:32:25,0,1,1,emm老师用心为学生，但上的课确实不怎么样
88848,475,阮永红,2018-11-10 02:46:36,2,2,0,大雾实验 示波器的应用 老师给演示操作 真的很细
91066,475,阮永红,2018-11-29 11:56:54,2,2,0,实验给分好，课没上过?
92387,475,阮永红,2018-12-28 07:41:54,-1,1,2,大雾实验给分真的太好了！！！
92942,475,阮永红,2019-01-06 06:28:03,-1,0,1,实验课很好很好
94646,475,阮永红,2019-01-17 13:57:10,-5,0,5,实验超好
98490,475,阮永红,2019-01-23 13:36:12,3,3,0,就事论事，讲课真的只能打一分，给分一般
99747,475,阮永红,2019-01-25 06:19:32,1,1,0,呵呵呵呵呵，大物实验这种课我觉得还是没什么意义了吧
104209,475,阮永红,2019-03-14 03:22:02,3,3,0,只会讲PPT，以为所有人都会，一直在讲其他无聊的话，一碰到题目就简略跳过。感觉连我小学老师都不如。第一次给老师评分，实在不想给高分。
104331,475,阮永红,2019-03-18 04:32:05,1,1,0,别问，问就差评。
104451,475,阮永红,2019-03-21 02:00:32,7,8,1,真的不会教课。讲概念和公式念ppt我都忍了，但是讲习题也念ppt是什么操作？口口声声说着好多人题目都做得不好，一次小测两道题都不会的大有人在，那你花几分钟写点板书讲一下怎么了？又放一下答案就过去。老是说什么你们基础应该不错，上课全靠自己想象出来的好基础划水。佛了。
104457,475,阮永红,2019-03-21 02:44:46,9,9,0,尴尬，回答问题还要自我介绍
105462,475,阮永红,2019-04-15 00:46:36,1,1,0,无聊死了
107504,475,阮永红,2019-05-06 03:27:17,2,2,0,想给0分的，长这么大这么上课的老师也是第一次见！总把学生都当选考大佬！讲课讲得也是一坨屎，能退就退吧
107576,475,阮永红,2019-05-07 02:39:31,4,5,1,我觉得老师人是蛮好的，真心希望学生好
108740,475,阮永红,2019-06-01 06:54:22,1,1,0,除了老师真的不会讲课，别的还好。
109546,475,阮永红,2019-06-17 01:29:07,3,3,0,或许人不错，但我非常讨厌她和她讲的课，她的笑和鸡汤也让我很难受。讲得不好。
109547,475,阮永红,2019-06-17 01:33:15,2,3,1,老师人还是好的 就是太不会教课了 就自己学吧 上课念ppt 无聊死 真啥也学不到
109669,475,阮永红,2019-06-18 08:38:08,0,1,1,我滴妈，有阴影了
111193,475,阮永红,2019-06-30 12:53:43,0,0,0,老师是真的不会讲课，板书是几乎不写的。\n\n选上她的课做好几乎全程自学的准备吧。
111303,475,阮永红,2019-07-01 01:48:40,0,1,1,少给了一套历年卷里面有14分原题，就这样吧，是我菜
111474,475,阮永红,2019-07-01 16:57:23,2,3,1,不会上课就算了，习题课讲题不好也算了，考前无数次提醒我们期中之前内容要考的，结果期末基本考了后面（其他大物老师都提醒后面占比大），这是什么操作，怕我们考太好了？无语。本来考试周就忙，还被这么坑
111717,475,阮永红,2019-07-02 16:01:19,4,5,1,首先，老师人是真的很好的，会真心为学生着想，会关心学生，鼓励学生，看到老师分这么低，有点难受。上课的话，会督促学生好好学习，有抽人回答问题和小测，但是答不上来也没关系老师很宽容，如果想好好学习，建议坐前排，是真的会每节课都认真听，这种感觉很好。不过讲知识点可能不太仔细，比较适合稍微有点基础的同学。我平常好好学了，最后期末却考得很差，绩点很低，有些遗憾，但是学习大物、掌握知识的过程很满足、很愉快。
111722,475,阮永红,2019-07-02 16:12:40,1,2,1,老师不擅长讲课是真的，无敌关心学生也是真的。最后感谢老师期末考海底捞！
111986,475,阮永红,2019-07-03 05:53:51,2,2,0,说实话，老师真的不会讲课，不过好在大物丙内容简单，历年原题多，稍微有点基础自学满绩还是不难的。
111992,475,阮永红,2019-07-03 06:02:58,1,1,0,不调分，死抠平时分，人还行，建议改选邱东江。
114660,475,阮永红,2019-07-11 02:59:33,1,1,0,老师人好！\n\n但是！除了人好别的就算了，讲课是读ppt，问她问题如果她讲过会被反问为什么不听课！（菜鸡哭泣听一遍不懂的啊）\n\n平时分会尽量给高。如果是物理大佬可选，平民菜鸡慎重
115429,475,阮永红,2019-07-23 08:58:56,-1,0,1,老师特别好，很认真负责！
122993,475,阮永红,2020-04-28 03:46:03,1,1,0,真心觉得这老师有点辣鸡...
125222,475,阮永红,2020-09-04 02:27:21,2,3,1,自学满绩\n\n大物丙还是可以自学的 老师上课水水的按照ppt讲\n\n但是平时分给的挺好 建议课前课后多预习复习
125232,475,阮永红,2020-09-04 06:51:55,2,2,0,老师讲的不咋样，上课就是点名，念PPT，让学生做题，高中没基础的听不懂，有基础的不想听，建议自学
125234,475,阮永红,2020-09-04 06:56:14,1,1,0,给分好，讲课不行，建议自学。
134509,475,阮永红,2021-03-31 00:36:21,0,0,0,没有板书叫什么物理课。\n\n如果黑板上那几个随意画画的式子叫板书\n\n那我没话说。
135746,475,阮永红,2021-05-23 04:37:56,2,2,0,自学能力不好的就快逃
136572,475,阮永红,2021-06-21 07:06:04,0,0,0,我觉得老师还是很好的，为学生着想
141475,475,阮永红,2021-10-11 06:18:27,2,3,1,我只能说垃圾老师，讲课进度巨快，还不知道在讲什么。小测前不通知，直接突击小测（还比别的老师提前一个课时，导致根本没复习），然后有一次小测竟然只出一道巨偏的题目，就给15min，还是那种想错了就全错的那种，我不知道她小测的目的是什么。我建议上她的课就坐后排做别的科目作业，然后之后听别的老师的网课。
147880,475,阮永红,2022-01-11 05:20:53,6,7,1,讲课一般，给分很好，我大物就没听过课，期中考只有77分，结果总评93分，可见老师捞人还是可以的，不过我都是期末自学的，平时作业都是直接抄答案，书都没翻过，不用担心，老师的小测除了第一次，剩下三次都是送分，上课照着ppt发言几次，平时分就差不多了，期中期末准备好，满绩不难
148158,475,阮永红,2022-01-11 16:31:56,0,0,0,感谢老师捞我
151182,475,阮永红,2022-02-24 05:40:16,6,6,0,每节课都点名 上课听她讲无用 适合自学可以学好的同学 小测很简单比其他班好 老师人也很好会及时回答问题多简单的问题都会回答 给分也很好！
151457,475,阮永红,2022-03-04 00:24:16,2,3,1,讲课不行，人很好
151922,475,阮永红,2022-03-21 00:10:25,2,3,1,我只想说……这老师讲的差试卷还乱批呢
152638,475,阮永红,2022-04-17 02:45:01,1,2,1,老师讲课，我觉得还行，就是可能活跃课堂的能力不够，而且有问必答，已经很好了。感觉老师对待事情可能有些严厉，可是大学不就该这样吗
153134,475,阮永红,2022-04-26 03:43:45,1,1,0,无聊，无能，无用。
154200,475,阮永红,2022-05-26 03:02:10,3,3,0,这样的老师根本不适合来上课，知识点完全讲不清楚，还是靠自学吧。不如高中物理老师，这本教材也是垃圾中的垃圾。
157320,475,阮永红,2022-06-23 03:11:22,4,4,0,老师讲的确实不好，不过还是给了8分，因为老师还是挺用心的，PPT也还不错，平时分也好。大物丙适合自学，所以老师讲的好不好也无所谓了。
157352,475,阮永红,2022-06-23 04:31:21,1,3,2,老师人真的太好了，绝对绝对对学生超级好超级好。爱老师
157410,475,阮永红,2022-06-23 06:58:07,5,6,1,大物丙\n\n老师上课讲的emm一言难尽，看的一些视频还是有助于理解的，主要还是靠自学\n\n鼓励上课回答问题，答对可以加分，问题也都很简单\n\n考前会偷偷给你划重点，期末都是做过的课后题\n\n以及，吹爆童鑫助教xgg！超级无敌温柔细致地回答我的每一个傻x问题\n\n高中没选物理的我居然也满了呜呜呜
157459,475,阮永红,2022-06-23 09:37:41,1,1,0,讲课不行 我上课就是来划书知道哪些会考期末复习用…回答问题答对一个就能加整整一分！！虽然有点蠢但真的可以弥补小测丢的分！！建议坐在过道侧老师会走下来看的qwq 考试就把课后题和往年题全部做会就行
159504,475,阮永红,2022-07-28 10:09:27,-1,0,1,老师讲课一般，但人很好，很慈祥，有问必回。
160253,475,阮永红,2022-09-16 01:56:36,0,0,0,填好了
160757,475,阮永红,2022-10-10 02:41:48,0,0,0,ljlj
169193,475,阮永红,2023-02-24 14:37:12,1,1,0,老师虽然讲课水平大家不太满意，但是人非常好，很为学生着想，平时分给的也高，看我的情况应该是会调分的。大物也不像专业课那么难，自学或者听听其他老师的课也是可以的（但是不好的一点是她的点名方法是传名单签名，不去的话比较难搞）
169506,475,阮永红,2023-02-26 13:38:49,0,0,0,大物甲2，老师人比较好，上课回答问题有加分，每节课传一张点名纸，适合上课摸鱼自学
173167,475,阮永红,2023-05-15 00:43:30,0,0,0,只能说，确实不适合来教课
178022,475,阮永红,2023-07-06 09:25:24,0,0,0,老师的ppt很好，上课没有被带着上课的感觉，还是自学吧。上课一定要发言，不发言总评扣两分……
181143,475,阮永红,2023-10-10 03:04:40,0,1,1,快跑。
181594,475,阮永红,2023-10-24 02:15:25,0,1,1,讲课一般也就算了还一定要管这管那…高中生活限时返场
182483,475,阮永红,2023-11-16 11:39:13,-1,1,2,太幼稚，哄你家小孩去吧
186219,475,阮永红,2024-01-09 13:59:40,4,4,0,没上过她的课，但是她在大物课程答疑群很积极在回答同学问题，冲这点点个赞先
188009,475,阮永红,2024-01-18 03:36:34,0,0,0,节节课纸质签到，上课一定要积极回答问题拿更高的平时分。
192700,475,阮永红,2024-05-29 01:32:39,2,4,2,讲台上放只狗都比你会讲
193366,475,阮永红,2024-06-07 09:23:24,2,2,0,不建议选（大物甲2）\n\n上课管这管那的，出发点是好的，问题大家都是成年人了，道理灌输式教学除了自我感动，很多时候起得到的反而是反作用，至于讲课水平那更不敢恭维，不如看例题和作业自学\n\n签到是每节课都点到，前半学期是点名单，经常会传到一半不知道传到谁那儿去了，效率很低，后半学期变雷达点名了，错过了几乎不会补签，如果要帮其他同学签到的话，记得下畅客app，网页端学在浙大签不了雷达，浙大钉换账号后可能学在浙大还是自己的账号，且没法退
194634,475,阮永红,2024-06-24 17:26:40,7,7,0,平心而论，讲课一言难尽，建议快逃。但是捞我了，老师本心也不坏，所以还是给10分（无所谓别人喷不喷我）。预置到她的同学也别怕，靠自学吧（大雾丙）
200347,475,阮永红,2024-10-16 06:45:57,0,0,0,大物甲Ⅱ，讲到14章节了，基本没听懂过。。。全都靠自学；第一次小测前经常点名，然后又不点了
200768,475,阮永红,2024-10-22 05:57:10,1,1,0,先给10，期末再来看。目前事情很少，小测简单，savia的网站上前两次都有原题，大幅度降低学生在这门粪课上花的时间（跟那竞速小测比简直不要太轻松）。课我也没听过，觉得烂或许可以听听其他老师智云。
207779,475,阮永红,2024-12-24 08:38:01,3,3,0,老师对学生很好
210748,475,阮永红,2025-01-10 01:54:57,5,5,0,期末出分了，再来评价一下。个人认为老师的分在这学期可能不至于这么低，给个7.5是不过分的。上课确实很催眠，但是小测确实相对很轻松。我觉得到这种地步，还要骂她的小测的也得反省反省哪怕测前学过一个小时，说不定都能满。而且她发言都会有平时分加分，你不够了发言就行了，既不够又不发言那我觉得也没理由喷的。这一学期她的课上也没有雷海班那么多的大佬，所以平时分个人认为是比较好赚的。至于课堂质量确实不敢恭维而且说不准点名的问题，或许课上看其他老师智云是不错的选择。坐后排她也基本不怎么管，爽的一匹好吧。
210837,475,阮永红,2025-01-10 05:10:06,2,2,0,自学可以选，自学不了就别选
1661,503,王从健,2015-03-23 06:58:43,2,16,14,讲课讲的好。容易听懂
2058,503,王从健,2015-03-31 03:14:19,14,26,12,老师急性子，但交的不错\n\n
2352,503,王从健,2015-05-04 13:25:11,1,7,6,一般般
2757,503,王从健,2015-05-07 01:54:37,2,4,2,讲得飞快，经常小测试，说小测比作业简单可是时间往往不够…经常强调课堂纪律…(客观评价，主观不多说了)
2937,503,王从健,2015-05-11 10:08:14,14,30,16,讲的跟飞一样快，一星期上完相对论，再一星期上完第五章加6.1 6.2，讲完概念喵一眼例题就结束，基本回去一定要好好自学。测试据说不能，偏偏是易错的坑点。
3209,503,王从健,2016-12-29 03:21:04,22,48,26,鄙视后几排同学
3926,503,王从健,2015-07-07 15:14:42,2,5,3,老师教的蛮好的啊
5270,503,王从健,2015-07-06 07:34:23,124,139,15,认真负责吧，觉得实实在在学到了东西，测试练习会让你不能水，尤其ppt做的很好，期末发现历年考题不少他都在课上讲了，是一个好老师。
5789,503,王从健,2015-07-09 11:19:59,62,69,7,王老师的课经常有小quiz但是这让你在平时就能掌握住知识点，期中考试比较难但有助于自我反省。老师上课条理很清楚，认真听的话会有很大收获。
5934,503,王从健,2015-07-10 03:14:13,0,1,1,讲得比较清楚，快是快了点。还是不错的。
6740,503,王从健,2015-07-20 08:00:56,22,26,4,平时要求比较严格，认真做肯定对期末有好处的。老师性子有点急，有时候也会被吓着，但是平心而论真的是为学生着想的好老师。
8628,503,王从健,2015-09-23 10:59:53,1,2,1,一星期讲完大物甲第七章。平时的小测试也真的是在测试！期中考试做他出的卷子只得了50+。但是最后期末考还是考的很不错。总体来说讲课很不错，很有重点。
8863,503,王从健,2015-09-29 05:53:23,1,7,6,有点太凶了，讲课的语气也很冲
10133,503,王从健,2015-11-16 16:02:31,1,1,0,很好，老师要求严格，认真负责，不过感觉上课互动不强，不太敢问
10888,503,王从健,2015-11-26 02:36:56,2,5,3,无力。。\n\n
11734,503,王从健,2015-12-13 12:11:41,3,6,3,王从健的课是提高篇，奉劝一句一定要预习
11809,503,王从健,2015-12-16 03:14:37,2,4,2,超爱的老师啊！讲的特别好，也很爱和同学们讨论，给人感觉比较严格吧就是
11904,503,王从健,2015-12-21 04:46:47,3,6,3,大物实验泪奔憋选他，何国光大大都给了95，他的两个竟然全是70几
12800,503,王从健,2015-12-24 05:35:30,5,9,4,他的大物实验是绩杀……
13584,503,王从健,2015-12-29 14:52:28,4,8,4,大物讲蛮好，实验别选他
14469,503,王从健,2016-01-07 07:26:37,1,2,1,对于认真的同学肯定是不二选择
16075,503,王从健,2016-01-17 06:48:42,46,51,5,刚开始感觉这个老师好凶，到期末发现是个隐藏的逗比
17220,503,王从健,2016-01-20 01:40:50,2,3,1,讲课讲的很清晰
17342,503,王从健,2016-01-20 05:12:51,1,1,0,很负责
17552,503,王从健,2016-01-20 11:39:52,3,3,0,听了老师的大物2比大物1提高了20分
18291,503,王从健,2016-01-21 11:42:12,21,25,4,非常好的老师
19287,503,王从健,2016-01-23 22:41:33,59,69,10,期中24 期末90+ 谁上谁知道。复习PPT尤其好
21776,503,王从健,2016-03-01 05:47:25,2,3,1,语速bbbbbbbbb
22219,503,王从健,2016-03-31 02:37:50,3,4,1,好老师哦
22227,503,王从健,2016-06-26 15:07:45,77,87,10,嘴里像含着一发鞭炮
22623,503,王从健,2016-03-09 02:11:07,2,2,0,严厉，讲课快，但是是个良心好老师。
23073,503,王从健,2016-03-17 01:55:13,12,15,3,讲得快 听着爽
23680,503,王从健,2016-04-12 05:49:23,7,10,3,就喜欢这种跳跃性思维的老师，尤其是相对论，高中学竞赛时都不太懂，听完他的课感觉一下子明白了。
25117,503,王从健,2016-05-05 13:43:14,23,28,5,我再讲两秒钟←_←→_→然后说一句话就下课了
25919,503,王从健,2016-06-14 09:45:04,8,10,2,上课明显感觉老师嗓子不舒服，坐后排的同志们可能听得不是太清楚。但是讲课思路还是很好的，PPT会提前上传到网站，可以帮助预习（说得好像我预习过一样2333~）总之一学期下来感觉收获还是蛮多的，下学期继续选~
26109,503,王从健,2016-06-16 00:10:30,2,3,1,教的负责
26170,503,王从健,2016-06-16 06:50:36,186,201,15,来浙以后见过的最有求是精神的老师。会因为同学们上课讲话而傲娇，也会因为同学们小测时交头接耳而大发雷霆，展开批评教育。\n\n不断提醒我们数学物理并重，要从数学背后看到物理关系；反复强调我们要画好示意图讲清坐标系，无图则无物理。\n\n不管最后得了什么绩点，我都不会改动给他的10分。
26291,503,王从健,2016-06-16 15:14:14,2,3,1,讲得非常棒，很喜欢！通过小测验可以掌握大部分的内容，ppt上的例题好好掌握成绩一定不错
26858,503,王从健,2016-06-21 10:45:18,9,11,2,很棒的老师 虽然下学期选不到他的课了(￣▽￣)
27563,503,王从健,2016-06-27 03:38:31,3,4,1,PPT超赞
27956,503,王从健,2017-01-05 13:46:41,71,77,6,跟王从健老师上了整整一年的大物课，这是我见过的最负责的老师了，虽然他对学生要求很严格，但他在第一堂课上的学习方法才真正是大学生应该具备的。他在解答问题时真的特别平易近人。课件有重点，讲课语言非常直白，有什么话都直接说出来，像个很可爱的老头，能让每一个学生听懂。更重要的是，他讲求真正的求是精神，不管什么样的知识，他都注重挖掘物理思想，“这不是拍脑瓜，这是严格推理出来的。”真的怀念这一年的大物课，不管最后老师给我的分数是多少，我都给王老师满分。
27958,503,王从健,2016-06-28 07:24:45,9,11,2,老师很帅讲课也很好
29180,503,王从健,2016-06-29 10:44:04,3,3,0,讲课很认真，也挺负责，小测试比较多，但也只是用来点名和统计平时成绩。总的来说，虽然性子比较急，但还是很好的。
29314,503,王从健,2016-06-29 15:00:05,15,17,2,王老师是我到学校以来最为尊敬的几个老师之一，不仅仅体现在物理思想，还体现在他的严格与认真包括对学生品格的要求
29330,503,王从健,2016-06-29 15:17:02,35,39,4,为什么会觉得老师有点萌？ 尤其是在说怎么办办（怎么办吧？）的时候
29344,503,王从健,2016-06-29 15:28:34,1,1,0,很负责的老师  喜欢他的风格
29367,503,王从健,2016-06-29 15:48:45,3,3,0,讲真，虽然老师平时有点严厉，但讲得真心好，重点突出，我考试前几乎不用花大量时间刷题
29400,503,王从健,2016-06-29 16:27:56,1,1,0,虽然凶虽然小测多，但是老师是个好老师！真的负责！
29897,503,王从健,2016-06-30 13:18:03,12,15,3,讲的超级好~口头禅：不是从天上掉下来的
30341,503,王从健,2016-07-01 10:22:21,2,3,1,喜欢这个老师 老师很傲娇也很严格哈哈哈   进大学第一门满绩 开森>3<
31470,503,王从健,2016-07-04 02:58:22,0,0,0,一个真正能让你学到东西的老师\n\n
31998,503,王从健,2016-07-05 10:45:06,3,3,0,我只是来打个十分的
33435,503,王从健,2016-09-19 09:27:58,10,13,3,认真负责的老师，公式都认真推导，没有很多花里胡哨的东西，认真听能学到很多东西 ppt是复习神器 必须给10分
33530,503,王从健,2016-09-20 02:47:32,1,1,0,老师很负责，课堂纪律好。平时严，题目难，最后期末会觉得很容易。
34236,503,王从健,2016-09-29 02:37:19,3,4,1,我喜欢这个有脾气的老师\n\n
35138,503,王从健,2016-11-03 06:40:54,0,0,0,ym健少
35292,503,王从健,2016-11-07 15:13:30,2,5,3,大物实验给分比别的低很多
37114,503,王从健,2016-11-17 12:40:40,0,2,2,只能说好老师
39663,503,王从健,2016-12-27 02:05:30,3,4,1,不管了这个老师就是超好超喜欢，要不是期中太水了那我肯定就满绩了。不要觉得他凶他真的特别关心学生啊，喜欢啊喜欢啊，笔芯
43579,503,王从健,2017-01-16 14:46:17,-7,2,9,。。。
43594,503,王从健,2017-01-16 14:58:40,-7,6,13,再也不想上他的课
43605,503,王从健,2017-01-16 15:20:55,3,3,0,老师很严厉，不过感觉也有点萌哦o(≧∇≦o)
43608,503,王从健,2017-01-17 04:31:46,-8,6,14,给分超差！！心好痛！！
43620,503,王从健,2017-01-16 23:26:56,-12,2,14,非常严谨同时对学生要求也很严格的一个老师，但是我个人觉得有点太严格了。quiz超多，期末考前还在讲大物这种课突击是不行的…但是我平时也不算认真考前看了一天也上4了…所以给分不算很差吧
43674,503,王从健,2017-01-16 21:20:43,-2,1,3,出分快！！！
43688,503,王从健,2017-01-16 23:25:13,-13,2,15,呵呵呵
43725,503,王从健,2017-01-17 01:30:47,2,3,1,老师上课风格略显严厉，这也是为了保证课堂质量的一种形式吧
43786,503,王从健,2017-01-17 03:08:24,2,3,1,王老师声音有点轻，但是很可爱呀
44085,503,王从健,2017-01-17 09:05:45,1,1,0,老师认真负责，很会为学生考虑。会帮做复习提纲，上课讲的题大多会在期考考试考到!能选上王老师的课很幸福!!!
44232,503,王从健,2018-05-31 09:29:14,35,40,5,王老师是我见过最好的大雾老师！高中的时候我的大雾就是个渣渣，然后就被王老师拯救了！上课很有激情，有时候好像会很凶，（假的！都是假的！）但是实际上炒鸡炒鸡好啊！今年军理是他监考，他还很高兴的和我打招呼！真的是炒鸡炒鸡好的老师！良心推荐！
44233,503,王从健,2017-01-17 12:19:20,-2,2,4,我没上过他的大物课，但是他教大物实验太水了，讲完课就走人，想问问题都不行，难过不解释。
44723,503,王从健,2017-01-18 07:05:11,-10,3,13,王从健爸爸给人一种很严厉的感觉，这也有督促学习的作用吧，对于学习不好的同学他的话可能听起来很刺耳，但是说的也都没错。。。小测是不定时的，有次早课我迟到十分钟结果进门发现大家在做小测题，我刚刚坐好，老师就把小测收上去了，所以我就没交（其实交了还有签到的2分，后悔死了）。期中考试我是62分，还有一次作业少做了两道题也扣了一点平时分。最后为了拯救平时分我参加浙江省物理创新竞赛，三等奖平时分加3分，所以最后平时分还可以。最后期末认真地复习了一遍，看了一遍课本，刷了历年试卷，感觉考的很好，最终成绩94分。
49175,503,王从健,2017-03-28 10:28:30,4,7,3,不管将来绩点多少先给老师打10分?
49193,503,王从健,2017-03-29 03:25:09,2,3,1,老师讲得简直超棒，第一节课讲的学习方法简直让人豁然开朗。。上课一定要课前预习课后复习不然绝对跟不上
52419,503,王从健,2017-06-20 02:45:39,89,96,7,浙大就是因为有这样的老师才能不负浙大的名称。
52550,503,王从健,2017-06-21 03:30:07,0,1,1,很棒啊
52959,503,王从健,2017-06-24 07:26:08,1,1,0,课讲的贼棒！！不过自从期中就没听过课的我后天考试怎么破！！！绝望……我错了老师?
53257,503,王从健,2017-06-26 09:05:15,9,10,1,值得上他的课，有些严厉也不失人情味，关键是讲课节奏很好，也讲得很透彻，PPT做的尤其好。感激不尽。
54114,503,王从健,2017-06-28 13:27:34,2,2,0,出分之前给个10分压压惊
54632,503,王从健,2017-06-30 02:56:02,1,1,0,是个好老师 无论分怎么样都不会改给他的10都不会改给他的10分
55122,503,王从健,2017-07-01 01:03:35,9,13,4,大物真的不能算一门难的课，只要态度好，上四都是没问题的。\n\n王从健就是能把很多上三困难的人拉到上四的老师。\n\n上课给人一种踏实、清晰的感觉。小测紧张刺激略恐怖，能促进很多自觉性不够的同学用功(我一次都没有全对过，但是期末考高分后平时分还是给满了 要感激王老师)
55135,503,王从健,2017-07-01 01:39:08,1,1,0,非常认真，负责的老师
55136,503,王从健,2017-07-01 01:43:02,6,7,1,有小测就刺激，督促复习吧。
55148,503,王从健,2017-07-01 02:04:37,4,6,2,每个单元都有小测啊，但我小测每次都扣分，作业还有一次没交，平时分也只扣了一分，老师很可爱，对有困难想放弃的同学很严格，是一个好老师！
55187,503,王从健,2017-07-01 03:09:43,1,2,1,好好学，可以上4的～
55237,503,王从健,2017-07-01 05:16:36,1,2,1,讲课超好，对同学们关心负责，找到了上高中时老师的感觉。下学期换老师又换到了他嘻嘻嘻^_^
55664,503,王从健,2017-07-02 06:41:18,2,3,1,老师人真的很好，有点逗，有些时候也会有点凶，不过凶起来看起来更逗！ppt做的很好，只要认真听，考试完全不是问题！
58131,503,王从健,2017-08-04 11:10:33,1,1,0,好老师，但都怪我自己没好好学
59136,503,王从健,2017-09-20 02:22:23,0,1,1,很清晰\n\n
59376,503,王从健,2017-09-21 05:35:07,-1,1,2,很认真负责
59471,503,王从健,2017-09-21 16:11:54,0,1,1,真的是好老师
59559,503,王从健,2017-09-22 18:30:00,0,1,1,优秀，充实，膜拜\n\n
59604,503,王从健,2017-09-25 00:50:21,1,1,0,王老师讲课认真负责，给分公平公正
59906,503,王从健,2017-09-28 06:26:44,8,10,2,绝对是我遇到过的上课最活跃，理论夜最为严谨的老师了！要求可能有时候会有些高，但是的确都是为培养我们的物理意识，认真上课可以学到很多东西！
60085,503,王从健,2017-10-10 02:30:10,-17,2,19,说话就不能说清楚一点吗？
60162,503,王从健,2017-10-12 02:24:28,10,13,3,上课上到一半想给王老师打call 是大学里碰到最敬业的老师了 太好太棒了
60759,503,王从健,2017-10-29 13:01:04,3,4,1,实验可能分不是很高
61378,503,王从健,2017-11-15 14:53:29,1,1,0,棒棒棒
61381,503,王从健,2017-11-16 02:14:21,-1,1,2,王老师的实验课讲的比较逗，人很好，给分也很好，和他的大学物理课一样好玩。
62249,503,王从健,2017-11-23 12:30:29,1,1,0,666666233333
63046,503,王从健,2017-11-28 04:17:52,-3,4,7,实验严格的要死，要求特多，给分极低！认认真真写了，用电脑作图，都按要求分析了最后得分82！创了我实验分新低！能选其他别选他！
64637,503,王从健,2017-12-26 00:35:07,1,1,0,王男神
64841,503,王从健,2017-12-27 11:27:58,3,4,1,大物课很好，实验课给分太低了。我2个实验一个80一个75。。
64860,503,王从健,2017-12-27 12:47:53,-2,1,3,王从健老师大物实验给分很好 都在95以上 只要好好写就一定有好分数。\n\n这里还要给大家避雷：肖维文老师 能不选就不选 给分真的很不好 其他老师给分都在95左右 肖维文老师自己说90分在他这里最好了基本没有什么的 结果都是八十几 脾气也不太好讲也讲不清楚
65998,503,王从健,2018-01-11 01:46:10,3,4,1,名副其实的好老师，上课严肃又不乏趣味，还记得印象最深的一句口头禅：不带这么玩的啊~
69999,503,王从健,2018-01-26 02:22:54,2,2,0,非常好的老师，有高中老师的严肃认真和大学老师的风趣幽默，上课感觉想飞一样棒。
70067,503,王从健,2018-01-26 05:21:10,7,8,1,教的好，他的题目比较难，也有一些拓展，如果他的ppt全懂了妥妥满。大物二小测期中前非常密集，敬告翘课党勿选，给想选的同学留点位置。平时分客观，前10％给20，然后每10％减一。不过大物二有物理竞赛，参加一下平时分差不多就满了，不受正态影响。
70120,503,王从健,2018-01-26 06:42:38,19,21,2,老师萌萌哒，又很逗比，认真负责，上他的课绝对不会无聊，尤其是量子物理部分。虽然每次小测略紧张，有时还会做不出来。。。但是老师改变了我对物理的一贯看法，以前我一直很抵触物理的，甚至选专业时都想挑和物理关系不太大的专业，但在王老师的大雾课上我真的发现了物理的趣味所在。最后期末的分数也是蛮理想的。\n\n另外再说一点，老师是真的灵魂很伟岸的人。\n\n顺便再表白一下助教（不知道是小哥哥还是小姐姐），很负责的，看到小测里面错误的地方被很详细的标了出来真的是感动
71704,503,王从健,2018-01-29 01:24:04,5,6,1,只能用优秀来形容，讲得太好，针对考试内容的话讲得更好
72261,503,王从健,2018-01-29 16:04:23,7,8,1,老师讲得好，上课认真。最重要的是真的很关心学生啊，虽然表面上凶凶的但是还是会认真帮我们查小分，这些细节都是感受得到的关怀啊。
75634,503,王从健,2018-03-14 09:47:48,-10,4,14,素质教育了解一下
77902,503,王从健,2018-05-08 12:01:12,3,4,1,就感觉贼紧张，生怕因为头低下去看书上内容而错过重点
78218,503,王从健,2018-09-20 06:28:31,12,15,3,老师非常好，但是周二1.2节第一排的同学，请你闭嘴!?
78953,503,王从健,2018-05-17 12:09:45,23,24,1,超好超认真的老师！最近想给老师买一支激光笔当礼物！
80089,503,王从健,2018-06-20 01:48:14,2,2,0,很好～～
80131,503,王从健,2018-06-20 10:28:47,2,2,0,给男神打call！！！
80161,503,王从健,2018-06-21 01:10:36,6,8,2,清清楚楚，明明白白。“不带这么玩儿的啊”“怎么办办吧”真的敲可爱～
80173,503,王从健,2018-06-21 04:13:26,1,1,0,完蛋了 又掉坑里了 回去好好反思反思
80548,503,王从健,2018-06-28 00:21:05,7,9,2,浙大难得的好老师！好老师啊！！！ ? ? ?
81772,503,王从健,2018-07-06 06:51:44,4,5,1,好老师！！！考完试了，不管结果都是正能量评价！真能学到东西！
83070,503,王从健,2018-07-09 15:05:08,-25,2,27,宿舍三个5.0
83071,503,王从健,2018-07-09 15:05:32,-32,2,34,激动！总评给了我100！
83078,503,王从健,2018-07-09 15:26:12,3,7,4,老师课讲的很好，就是有点看不起坐在后排的人
83081,503,王从健,2018-07-09 15:30:51,3,4,1,本来刚开始觉得老师嘴里像含了鞭炮一样，上课方式我不太适应。后来！！越上越渐入佳境，才发现老师讲得真的很好，后悔前面几章听得不认真！不过期末只要把ppt都弄懂了，完全不是问题。最后，老师不喜欢坐在后排的人（虽然我一直坐在靠后。。。
83083,503,王从健,2018-07-09 15:38:34,1,2,1,好想再选王老师的课！！！！！！！！
83090,503,王从健,2018-07-09 15:53:13,3,4,1,被卡?了 还是爱他！！！
83095,503,王从健,2018-07-09 16:08:10,2,3,1,非常好的老师 挺严格但是不严厉 实打实的学到知识
83103,503,王从健,2018-07-09 16:27:50,3,7,4,感觉过誉了，知识的引入和思考思维模式并不适合新知识的学习而更像复习，效果只能因人而异。但严格是很严格。
83126,503,王从健,2018-07-09 19:13:00,0,1,1,
83173,503,王从健,2018-07-10 01:06:16,3,4,1,很好的老师。\n\n虽然平常会有一些小严格，但就像高中老师一样都是为你好。真的关心了学生到底有没有学到东西。上课一定要好好听，尤其是当他说出注意了这里是重点的时候。ppt也全部都有分享。
83459,503,王从健,2018-07-10 10:16:37,3,4,1,绝对的好老师，认真负责，上课总会敲打我们。虽然有点凶，但是有时候真的非常可爱了。能选上老师的课真的是非常幸运了。
83651,503,王从健,2018-07-11 02:27:38,2,3,1,真的好老师，一定要仔细听课，听课会是一种享受，一定要做好预习！
84921,503,王从健,2018-07-14 11:08:29,-40,3,43,我自己渣不能怪老师，期末考试才考88，幸好平时分满了，总评才上了92。老师真的很好，没满绩很对不起他。
86584,503,王从健,2018-09-17 10:21:51,3,3,0,舒服啊，听得明明白白而且毫无废话
87166,503,王从健,2018-09-21 05:16:21,-20,1,21,前面期末88那个，装逼不要过度，我期末96，结果总评只有94我说什么了吗?
87597,503,王从健,2018-10-08 05:06:14,6,7,1,那个老是跟在老师后面说对的人，电路原理也在那逼逼的人，给我闭上你的嘴巴!
87598,503,王从健,2018-10-08 05:45:40,-24,0,24,前面92和94的，我也4.8。咱们班有这么多满绩，我们都没满绩，还是自己太菜了，哎。给老师十分。
89198,503,王从健,2018-11-16 15:20:34,1,5,4,别的不会，甩锅是一流的
89407,503,王从健,2018-11-19 03:21:40,5,7,2,大物实验给分莫名地低
91350,503,王从健,2018-12-06 07:02:59,1,2,1,我觉得大物实验的时候好凶，讲不清楚要求，也不会耐心地帮你解决问题，给分似乎也不是很高。
91363,503,王从健,2018-12-06 11:18:15,14,15,1,我的老天爷哦
91420,503,王从健,2018-12-09 15:22:16,5,6,1,大物实验成绩真的给的不良心
91440,503,王从健,2018-12-10 08:16:51,-9,4,13,很凶的大物实验老师，讲的不清楚给分贼垃圾，没有师德，态度很丧
91899,503,王从健,2018-12-24 13:43:16,2,4,2,唯一一个低于80...不90分的实验，来纪念一下
92445,503,王从健,2018-12-29 01:48:22,2,3,1,大物实验老师真的很认真，没有预习的100%会老师一定会diss你，抛体实验也只给70分，给分真的很求是
93992,503,王从健,2019-01-14 15:24:06,-1,1,2,好老师，挽救了我惨不忍睹的大物，虽然小测较多，但可以让你趁早复习一下，挺好的。
93999,503,王从健,2019-01-14 16:49:56,1,4,3,大物实验是我所有实验中给分最差的? 讲的还行吧
94103,503,王从健,2019-01-15 07:48:43,-6,6,12,大雾实验讲实验一脸不耐烦，给他签字他给你甩脸。为人师表，连解惑都做不到，还谈何传道授业？感觉这老师就是被你们吹飘了，现在给分闭着眼睛给，?佛辣
98914,503,王从健,2019-01-24 05:04:42,-29,7,36,垃圾老师王从建
99563,503,王从健,2019-01-25 03:22:34,2,3,1,良心好老师，谁上谁知道
99770,503,王从健,2019-01-25 06:56:15,2,3,1,听了老师一年的课，老师讲的是真的很棒，条理清晰，注重物理思想的阐释，但是要求比较严格，平时分按排名给，但也不克扣。我虽然平时分满了，但最后期末崩了，绩点真是惨不忍睹。感觉有点愧对王老师(T＿T)
101734,503,王从健,2019-01-29 03:01:29,2,2,0,很棒，两个学期都是他，考的都很好
104088,503,王从健,2019-03-12 01:13:23,6,7,1,好凶哦哦
104370,503,王从健,2019-03-19 01:50:38,0,6,6,分真的给高了
108623,503,王从健,2019-07-12 03:08:27,10,12,2,嘴上说着大学老师不会像高中那样盯着你学，但实际上比高中老师还关心学生。在大学里能遇到这样的良师真是幸运至极！
109877,503,王从健,2019-06-20 03:28:28,1,1,0,老师虽然很严格，但是确实在课上能学到很多东西
110060,503,王从健,2019-06-22 04:36:20,9,10,1,凡事都是有后果的
110390,503,王从健,2019-06-26 09:02:46,3,4,1,很严格的老师，甚至有时候还会骂人。但是有水平的，最后给分还不错。
111473,503,王从健,2019-07-01 16:40:35,11,11,0,王老师真的是有一种物理学家的气质，一直会说让我们不要只看考试考的公式，要理解物理本质，讲得也超棒，听他的物理课有一种很过瘾的感觉，可惜下学期选不了他的大物了，，，
111497,503,王从健,2019-07-01 22:55:37,3,3,0,第一节课，强调了课堂纪律，瞬间对老师好感爆棚呐（上课的时候有人小声讨论真的贼烦）老师上课，真的很棒，很有我高中物理老师的感觉，就很喜欢哈哈。下学期也成功选上老师的大物二，开心！
111578,503,王从健,2019-07-02 04:23:09,4,5,1,虽然期末没考好，但是王从健老师永远我男神，吹爆！
111609,503,王从健,2019-07-02 06:45:34,15,15,0,王从健老师是我大学以来唯一怕过的老师，但也是我最要感谢的老师，他真的教会了我怎样去学习，你也许会觉得他所说的方法太消耗时间（其实效率真的很高很有用，期中40+最后用他的方法好好学期末80+），还经常上课嘴臭，但他对于物理溯源求是的态度和对教学的认真与负责真的值得这10分，这才是浙大老师该有的样子
111708,503,王从健,2019-07-02 15:26:43,9,10,1,让我知道了严格和小测极多才是有效提升成绩的方法
112954,503,王从健,2019-07-05 15:29:47,2,2,0,男神超棒 老师上课很严谨很认真 虽然老师有时很凶 但都是在强调规范和标准 总之很棒强推
113634,503,王从健,2019-07-07 01:33:32,5,6,1,期中50多，期末80多，高中没选物理，上课讲的好，平时小测容易被正态(督促你好好学)，我要是平时好好学，平时分就不会被正态了，挺好的。
114084,503,王从健,2019-07-08 18:37:50,2,2,0,老师挺好的，讲得有点快，认真听下来一节课感觉挺累的；很严格，强调物理思想和规范，每个部分讲完之后会有小测（有一半人写完就会收），平时成绩按作业和小测严格给，不会调分和捞人。老师真的很认真，还有点可爱，ppt特别好，认真跟着老师走肯定能学的特别好qwq。
114751,503,王从健,2019-07-11 09:27:57,12,15,3,王老师打十分一点都不过分。原来我对大学物理一直很害怕，但是王老师却帮助我收获了大学第一个满绩。第一次上课会觉得要求有一点严格，但是稍微想想他为什么这么做就明白他是在对你负责。上课也很注重规范的训练，会抠细节。跟着他一步步走应该可以训练出不错的基础。虽然给分不水，每一分都是要靠自己劳动才能收获，但是我想这本身是对学生的负责，所以一点也不过分。
116514,503,王从健,2019-09-11 03:12:59,1,1,0,老师也太好了吧
118184,503,王从健,2019-10-22 08:13:32,29,30,1,感觉被骂的解锁了一些了不得的属性......
120520,503,王从健,2020-01-14 01:04:11,3,4,1,我爱王从健
120597,503,王从健,2020-01-13 15:16:06,0,0,0,太棒了 谢谢老师捞我
120811,503,王从健,2020-01-17 11:07:22,4,5,1,老师脾气爆，上课讲话哪怕不生气嘴里也想含了个雷，所以建议玻璃心的同学慎选。平时小测四五次，硬核考核且不调分，平时靠最后期末冲刺刷题的慎选。老师是好老师，上课讲的都是很本质的东西，强调自主学习。有学习意愿且乐于探索承受能力较强的同学可以选。综合以上，9分评价吧
123623,503,王从健,2020-06-10 14:01:49,4,5,1,严格，讲得清楚，有物理图像，听着爽
123652,503,王从健,2020-06-11 07:18:34,9,10,1,是真的好，虽然是网课但是教的很认真，看到抄作业的就大发雷霆，是一个真正的浙大老师。
126038,503,王从健,2020-09-17 01:10:43,2,3,1,真的是很好的老师，太幸运了能选上他的课
127030,503,王从健,2020-11-03 07:27:05,1,2,1,教的水平确实不错，之所以老是说我们太差，可能是在为我们着急。平时挺严的，严到个人感觉有点死板。
130138,503,王从健,2021-01-18 03:38:47,1,2,1,必须10分！想要学习真本事的同学选王老师绝对不会后悔
131151,503,王从健,2021-01-26 07:51:42,0,3,3,选上王老师的课是真幸运，完成了1.8到4.2的飞跃
134412,503,王从健,2021-03-27 23:58:02,-22,9,31,无语。gggggg。从第4周开始，这门课最高分也只有92分（这是在期中和期末都满分的情况下），服了呀。这学期最错误的决定就是选了这吊老师的课。。。。。。草。一点人情味都没有。超级冷漠。。。。。。
134416,503,王从健,2021-03-27 15:01:43,-13,5,18,为什么这老师分这么高？
134422,503,王从健,2021-03-27 23:40:43,-17,4,21,gggggg，第四周人傻了。什么鬼老师啊。虚假的评分。服了
134615,503,王从健,2021-07-08 04:30:44,6,7,1,"老师yyds\n\n可惜下学期不是他了\n\n""我可不希望你们到时候到别的老师班里这么惨，这个对期末影响不大但你要是学不会你下学期就完～了。哎呦我的老天爷啊""\n\n总是能笑出声"
134781,503,王从健,2021-04-15 00:34:06,-14,4,18,无语至极，就生怕少扣分一样
134812,503,王从健,2021-04-16 02:27:39,-15,4,19,没有人情味！
136200,503,王从健,2021-06-12 13:20:06,4,4,0,对待学生认真负责，看到学生作业做的差会很着急，一直强调作业不能抄，是一位真正具有求是精神的好老师！
136966,503,王从健,2021-06-29 03:26:42,2,2,0,可能以后都很难碰到这么认真负责对学生要求严的老师了
138230,503,王从健,2021-07-08 05:07:26,5,7,2,太严了，压力和高中一样
138282,503,王从健,2021-07-08 10:24:23,4,4,0,那个第四周开始总评就顶多92那个，不知道平时分是赋分的?第一节课讲的清清楚楚你怕是没听吧？
138665,503,王从健,2021-07-10 07:45:12,5,5,0,能敦促同学把时间花在平时过程上\n\n同时对我来说约束力好像过了些，有点难受
139155,503,王从健,2021-07-13 04:01:28,2,2,0,救命！
142306,503,王从健,2021-11-10 04:23:02,3,3,0,刚开始上课还在心里骂他来着，上了几节课就被他的人格魅力折服了
142368,503,王从健,2021-11-10 13:37:38,3,3,0,上过课的都明白，老师绝对是好老师
142688,503,王从健,2021-11-15 05:39:56,1,2,1,期中。。。
143227,503,王从健,2021-11-22 01:05:26,-3,2,5,期中才23.4。。z
145472,503,王从健,2021-12-31 15:47:40,5,5,0,当年王老师退出霸总圈要投身科研的时候，我是极力反对的
145809,503,王从健,2022-02-10 06:09:28,-1,8,9,教的不错，实在没有人情味，不会调分
146813,503,王从健,2022-01-07 13:35:14,1,2,1,对于程度不好的学生来说，非常建议不选他
147478,503,王从健,2022-01-10 05:14:48,3,5,2,如果时间不能给大雾分配比较多的慎选，别问，问就是已经寄了
147501,503,王从健,2022-01-10 05:56:03,5,6,1,老师确实是好老师，给分很严格，不捞人，如果想水的话一定别选。
147502,503,王从健,2022-01-10 05:56:30,2,4,2,wcj不调分的，要是遇上难的卷子就很难顶
147551,503,王从健,2022-01-10 08:11:14,1,2,1,王老师！我滴超人！我物理就从来没有学这么好过呜呜呜呜呜
147570,503,王从健,2022-01-10 08:38:41,1,3,2,直接一个十分，wcj我爱你🤟
147649,503,王从健,2022-01-10 10:57:29,3,5,2,王老师上课进度太快了，不适合基础不好的人选。对作业的提交要求非常苛刻，测验也是给的巨难，电磁学在第十周都教完了，结果在第十六周突然给电磁学的随堂测验，完全没准备到。选这门老师的课要确保常常复习，老师上课还常常吐槽学生的功底不好！！！！
148005,503,王从健,2022-01-11 09:54:50,1,1,0,还好 慢了
149375,503,王从健,2022-01-15 07:58:53,-9,6,15,烂烂烂
151860,503,王从健,2022-03-18 05:55:17,0,0,0,。。。
152164,503,王从健,2022-03-29 06:55:07,2,3,1,就来打个10分而已
154216,503,王从健,2022-05-26 05:39:39,2,2,0,挺好的老师 但是我菜
154482,503,王从健,2022-06-02 01:45:57,0,0,0,非常好的老师，教得很详细
154653,503,王从健,2022-06-03 01:39:49,5,6,1,给王老师评个10分，讲真一开始听王老师的课感觉王老师数落人数落的毫不留情，一开始有想润的感觉，但是王老师教的大物真的思路很清晰，只要自己在课下时间愿意复习巩固，上课也不全程走神，大物的整体掌握水平我觉得会很清晰，而且课下解答我们问题的时候也很仔细，狠狠bd
155001,503,王从健,2022-06-07 09:52:19,25,29,4,上王老师的大物甲I有一个很大的坏处：如果选不上他的大物甲II，会难受很久😭
155987,503,王从健,2022-06-17 04:21:28,13,14,1,竞速式小测
156745,503,王从健,2022-06-21 01:27:09,11,14,3,感觉上了他的课之后有种豁然开朗的感觉……\n\n讲课行云流水，真的好。\n\n预置了他的课的同学人品爆炸，选上了他的课的同学运气超好\n\n我很少一次性打这么长的评论，但我真的很认可王老师。
156747,503,王从健,2022-06-21 01:38:14,3,5,2,wcj，love😘😘
156766,503,王从健,2022-06-21 02:25:48,3,5,2,谢谢王老师
156767,503,王从健,2022-06-21 02:30:57,8,9,1,客观的讲，给分很求是，一点都不捞，平时分正太公开，但是但是但是，讲的真的非常好。
156801,503,王从健,2022-06-21 03:40:20,0,1,1,很好的老师
156802,503,王从健,2022-06-21 03:40:15,-1,0,1,很好的老师
156809,503,王从健,2022-06-21 04:03:37,1,2,1,老师讲得很好，还不卡绩点
156875,503,王从健,2022-06-21 08:36:45,7,8,1,王老师对物理的理解相当深刻，难得的是他能把这其中的细节全部都融于自己的课堂中去。只有上了他的课程，我才体会到什么是真正好的大学课程。如果选上了他的课的同学自己却不认真听课，那损失的不仅仅是你自己，更是对这些我们想再上wcj老师的物理课却选不上的同学的损失！
156907,503,王从健,2022-06-21 10:19:16,5,7,2,虽然拿了1.8但实在是个好老师，是我太菜了
157167,503,王从健,2022-06-22 06:53:24,2,9,7,狠狠拿下5.0
158684,503,王从健,2022-07-01 09:20:49,13,16,3,一遍遍地说“下次我不强调啦”，再次遇到后——“哎……我再讲一遍啊，最后一遍了”\n\n给分很求是，物理菜鸟及格已经很满意了
159747,503,王从健,2022-08-27 15:35:40,-1,1,2,good
173769,503,王从健,2023-06-02 13:06:30,1,2,1,紧急集合
181836,503,王从健,2023-11-02 03:50:16,0,1,1,好好好
182224,503,王从健,2023-11-13 02:54:15,3,4,1,老师讲得不错，但是比较严格，作业不能补交，小测也比较严
187678,503,王从健,2024-01-17 05:29:17,2,4,2,上老师的课真的有一种如沐春风的感觉，老师平时要求严格也确实是为了让我们真正学到点东西，而且就老师打电话向同学讲解习题这点也可以看到这是一位真正关心学生的老师，最后感谢老师一学期的辛勤付出！
191153,503,王从健,2024-04-09 06:30:18,14,15,1,上课不错，小测真六，全班有七八个人左右做完就要提交小测，已经吐了
191545,503,王从健,2024-04-24 12:43:35,3,6,3,老师的ppt思路清晰内容全面，能感觉到老师备课很认真，像是高中物理老师一样是真的想教会大家（不像有些专业课老师只管讲得飞快，完全不顾学生死活555）。平时小测很极限，有十个同学写完就要收卷，但是小测题目都比较基础，只要认真完成作业及时复习基本都没问题。老师很讲原则，先立规矩后严格执行，作业不能补交，给分应该挺求是的。总之上课认真听讲，下课稍微复习一下，再加上认真完成作业就足矣学好大雾，拿高分需要小测做完+作业及时交+期中期末考试。
192683,503,王从健,2024-05-28 03:57:58,5,6,1,上课是挺不错的，但是小测也太离谱了，和催什么一样，100多个人里六七个做完就要收，来不及做的就只能空题，平时分就拿不到，也没见期中期末考试谁先做完谁拿高分啊，不理解老先生为什么这么高分，难道是最近才开始这种小测模式吗？
192755,503,王从健,2024-05-30 05:08:17,8,10,2,课上的好，ppt不错，但是小测真有点无语。没做几分钟刷刷刷就举手然后强制收卷了。我以为是我太菜，那没什么好吐槽的，后面才知道我们这个班平均分比另一个班以及年级平均分高出一大截。原来收卷那么快，是大佬太多了。那这种情况下，中等生不也被硬生生挤成差生了？那我还不如转去另一个班？真觉得这个小测模式有点问题，既然大佬扎堆，能不能考虑放开几个人的名额，多几个人做完再收卷。名额一定，大佬扎堆，只会恶竞
192763,503,王从健,2024-05-30 05:43:47,1,2,1,一个很好很负责任的老师！是真的在帮我们构筑物理思维，本人也非常负责任！虽然比较严格，但是也很体贴学生~强烈推荐
192791,503,王从健,2024-05-30 11:43:46,4,9,5,老师真的好可爱好可爱，一开始以为很严厉的一个教授，后来发现真的很孩子气，很可爱，但是教书特别特别认真！！！最喜欢的老师，对待规矩比较严格，但是只要上一点点心其实这些规矩都是很正常很容易做到的，老师也很体贴学生（五一节大家很多没来上课，老师没有点名，说点名太不人道了），老师教书巨巨巨认真，讲的很好很细致，真的想教会我们。伟大无需多言！！！
192989,503,王从健,2024-06-02 03:59:33,4,8,4,好老师，除去小测相关我会给十分，但是这学期的小测实在不合理，酌情扣两分。王老师讲课超一流，PPT特别好，上课风格我也很喜欢，很傲娇的一位。限时小测确实太赶，全班八十人只要十个人写好就要收卷，这种压力训练我认为对于期中期末的应考很有帮助，但是对我个人来说每次小测的分数都不会很好看，还是挺失落的。明明只要给多五分钟，也许就能把正确率从50%提到100%（对于自己来说），平时真的也很努力复习……期中考了96我相信对自己的能力是一个很好的证明，但是小测只有50%不到的正确率……唉
193509,503,王从健,2024-06-12 03:46:41,1,4,3,上课真的好，就是小测要比速度，大家尽量好好学，上前预习课后复习，这样大物肯定能学好
194930,503,王从健,2024-06-26 03:08:42,7,12,5,傻逼老师 逆天小测 还喜欢PUA你 不知道前面的评分是怎么给的 评分这么高是受虐倾向的人多吗
195147,503,王从健,2024-06-27 02:59:09,10,13,3,出生竞速小测，平时分给扣光，期末96最后还是正好卡上3.9，快快快快快跑！！！
195409,503,王从健,2024-06-28 03:38:22,2,5,3,小测玩心跳，但题目真不难，上课跟着老师好好学还是可以掌握很多方法的
195498,503,王从健,2024-06-28 11:28:06,-3,4,7,小测虽然竞速，但出的题比较简单，掌握技巧的话没有传闻中那么吓人，讲课是真好
195583,503,王从健,2024-06-29 01:20:17,6,11,5,小测是真的恶心人，也没见哪个大型考试是谁先做完谁分高啊，平时分掉完，拿个尴尬绩点，后悔没换老师
195636,503,王从健,2024-06-29 06:17:57,6,10,4,竞速小测，科技哥的天堂
195641,503,王从健,2024-06-29 06:40:54,-19,2,21,本人4.2低分飘过，因为平时分只有32（期中88，期末90）。\n\n但是还是给王老师本人10分，因为其求是之精神和求真之课堂。\n\n小测制度确实有失公平，不开科技除非实力过硬不然自认倒霉，想要高绩点需要在小测上花点心机。
196065,503,王从健,2024-07-01 11:09:58,3,4,1,每节课都学得很扎实，成绩没那么好，但一学期听下来觉得值！！！
197076,503,王从健,2024-07-07 09:22:08,2,8,6,小测制度太抽象，还喜欢骂学生
197100,503,王从健,2024-07-07 16:29:26,18,18,0,一个学期不敢翘的课\n\n竞速小测其实算公平的了，开科技了也不一定分就高的一个老师（指路隔壁某老师出平时成绩后发现都是科技哥\n\n平时作业交了就给分\n\n上课是真的好，有理有据的那一类，而且上完课看ppt会有一种恍然大悟的感觉\n\n只能说wcj是真的求是而且公平的一个老师吧，上他的课（除去小测）也是一种享受\n\n期中考有点难，最后4.5路过了
197620,503,王从健,2024-07-22 12:39:19,8,9,1,竞速小测实际上很难用科技，来不及搜的，除非题都不读，但不读的敢直接抄吗？所以其实蛮公平的
199603,503,王从健,2024-09-26 07:41:33,2,6,4,过誉 知道是难点还讲的不细致 不如xxp
199682,503,王从健,2024-09-27 12:31:19,2,4,2,失去了才懂得珍惜.....王从健老师的课确实讲得很好，思路很清晰，学不好大概是我自己当时上课时不时走神玩手机的问题。小测的话，确实对我这种不怎么频繁复习的同学不太友好吧。
200168,503,王从健,2024-10-14 10:29:28,19,19,0,喜欢竞速小测的可以来😋
200800,503,王从健,2024-10-22 12:56:29,15,15,0,竞速小测个人认为不能体现物理水平。物理题不应该做成提心吊胆的样子，而应该仔细斟酌理清思路再下笔计算。
201122,503,王从健,2024-10-29 05:25:41,13,15,2,私以为竞速小测确实不合理，只遵循自己的原则不管学生的多样是否真能算得上求是？选课前没意识到严重性现在心中较为后悔。另外上课评价认为过誉了，虽然较好但真值得为了上课而忽视小测带来的影响吗？
201150,503,王从健,2024-11-02 05:46:48,8,11,3,快跑！
201200,503,王从健,2024-10-30 04:57:55,8,9,1,pua
201304,503,王从健,2024-10-31 10:06:00,6,8,2,推荐慎选，仔细看看评价再说，不要被高分欺骗
201415,503,王从健,2024-11-02 09:09:00,5,6,1,离谱哥
203265,503,王从健,2024-11-18 15:15:26,0,1,1,除非你是真的热爱物理⊙︿⊙
205515,503,王从健,2024-12-08 11:33:58,3,3,0,大物1是王老师的课 大物2时间冲突选了另一位老师 对比一下发现王老师的课真的条理清晰重点突出 PPT做的很清楚 是我遇见最好的老师之一！！关于小测想说的是竞速确实不是很好 太刺激了容易心态炸裂 不过题目没有大家想象的那么难（我一般会小测前把课后题都写一遍或者看着答案过一遍 这样小测基本都有思路不至于没法下笔什么的 正确率也挺高的）（个人认为喜欢听课慢慢学习的同学可以放心选 课后及时巩固小测前突击即可 偏向自学的同学慎选
205726,503,王从健,2024-12-11 12:52:28,7,7,0,大物二选了王从健，真的讲课很好！和我一头雾水的大物一形成鲜明对比！\n\n老师签到、小测、作业都很严格，签到基本不能混过去，GPS签到只开两三分钟，没签上的要当场去补签；\n\n小测不会提前通知且竞速，没法科技外挂，感觉还是很公平的（但是竞速小测确实让人很有压力哈哈\n\n作业每次一分，不看正确率只看完成度，漏掉一道题就只能得0.5分，漏掉一半以上就零分。\n\n还是很幸运能选到王老师（但是小测太拉了，大物下绩点要爆炸了哈哈
206155,503,王从健,2024-12-13 06:35:16,4,8,4,xxp和wcj老师的课都上过，两个老师上课都很清晰，但是单从小测这一点来说我还是更喜欢wcj老师的风格。xxp老师的小测作弊横飞，完全不管，个人认为这样不公平的小测才是最影响课堂的；wcj老师的小测虽然对时间要求严格，但是能够保证绝对公平，我认为这才是小测的最基本要求。
208118,503,王从健,2024-12-25 16:47:43,6,7,1,我又能怎么样呢，生气也只能在查老师上码俩字儿^_^。
210540,503,王从健,2025-01-09 10:22:18,1,1,0,讲课好
210954,503,王从健,2025-01-10 08:37:52,1,2,1,大物一和大物二都是老师的课，我评价老师好坏的是讲课是否清晰、（大）作业是否多。大物是一门40分平时分（正态）、20分期中、40分期末。\n\nwcj老师的课，可以算是我接触的课里讲的最清晰的一批，而且老师的ppt做的很详细，包含公式、推导过程、例题等，对于听课学和不听课自学的同学都是件好事。我大物二从光学就没怎么听，全是看ppt记公式的。老师评价褒贬不一的是竞速小测，我个人看法是这个小测制度是建立在平时分正态的情况下的，所以还是蛮公平的。小测题基本是历年卷的题，难度不大，所以考察的是同学知识的掌握能力。上王老师的课，一定要做好预习与复习，我想这也是上课最基本的要求。\n\n最后，很推荐选王老师。
212682,503,王从健,2025-01-14 12:39:07,-1,0,1,。。。
213274,503,王从健,2025-01-16 15:00:06,3,3,0,大物甲1是lcm的，大物甲2是wcj的，个人认为两位老师讲课水平相当，个人还是喜欢lcm的风格，wcj上课十分严肃，还喜欢训人，不像lcm让人感觉如沐春风，反而让人感到十分压抑。竞速小测的话，个人觉得很公平，你如果学好了还有不少的容错空间，比如我最后一次光学的小测寄了，最后影响并不大。但是，竞速小测的压力太大了，小测时间十分随机，在讲完习题课的几节课之内随机出现，几乎不可以被预知，甚至最后一次习题课也没上直接测了，导致整个学期十六周至少有八九周都面临着小测的压力，还没算上期中期末的复习压力，整个大二上学期这课给我带来了巨大的精神压力。即使通过竞赛把平时分补满了，我还是对王老师的过程考核有很大的不满。这学期期末比较难，自己发挥也比较灾难，期末分低的出乎我意料，wcj事先还说了不让查分，真的很难过……大物甲讲课好的老师就那么几个，平时分给分基本也都是赋分，知识点其实也比较简单，愿意投入时间，心理素质还可以的话选wcj也挺好的吧。
216141,503,王从健,2025-03-11 04:19:15,2,8,6,口气太臭了，非常喜欢骂人，死板到有点bt了
217261,503,王从健,2025-04-07 05:32:38,-14,8,22,不理解怎么这么高分的，买水军了还是啥。除了讲课还行，其他行为实在让人难评价，不能补教作业，随机竞速小测，随机超短时间签到也不能补签，再怎么样也到不了9.7
218185,503,王从健,2025-04-22 02:54:27,5,6,1,楼下那个，不能补交作业和不能补签所以不配高分是什么逻辑？？？这难道不应该是你的问题吗？更何况大物平时分都是赋分制的，你不来上课迟交作业凭什么又想拿高平时分。竞速随机小测虽然确实很折磨，但平时分赋分的话这种方式反而是最公平的。
219431,503,王从健,2025-05-27 06:52:32,0,1,1,伟大 无需多言
219500,503,王从健,2025-06-03 03:22:22,5,5,0,只推荐卷王选这门课，wcj的大物与其他老师相比压力不是一个量级的。
219503,503,王从健,2025-06-21 01:35:38,3,3,0,“现在的考试，用对付敌人的办法，搞突然袭击”，“使中小学生、大学生天天处于紧张状态”\n\n\n\n出分了，跪谢老师和助教海底捞😭
220354,503,王从健,2025-06-17 12:17:35,-3,1,4,如果想要公平的小测的话建议选，每一次课前都会很紧张不知道会不会考试，压力会有一点，但老师讲课确实好，我每次课前一天都会看一遍近日学的内容，最后平时分裸分拿到了100，虽然期末还没出，但我觉得王老师非常好。
220585,503,王从健,2025-06-18 15:32:01,1,1,0,不适应竞速小测的赶快逃。。。\n\n大物平时分非常高，而且非常严格。所以真的只推荐自信的哥们选，不适应竞速小测的赶快逃，期末考无力回天的！（指绩点
221063,503,王从健,2025-06-21 05:31:24,0,0,0,老师ppt清晰，上课讲的很清楚明白，没口音，是我觉得讲课水平能排前几的老师。\n\n老师唯一的槽点就在于竞速小测，做题较慢的同学要结合自身情况慎重选择。除去这个因素，我觉得wcj老师是很值得选的老师（可惜我大物二没选上他的课），毕竟他是真的在教你怎么学物理，而不是仅限于教你如何拿一个较高的绩点
221354,503,王从健,2025-06-23 04:17:41,2,2,0,竞速小测是赋分制的产物，至少保证了公平，不像别的班科技成群。总体上还是一位非常值得选的老师，身边的同学上完他的1后都很想选他的2.\n\n小测题目比较简单（如果碰上像这几年这么难的期中很可能会不太适应，建议大考前还是要做一些隔壁xxp的题目换换口味）。\n\n老师看到人少就点名，喜欢翘课的勿选。
221530,503,王从健,2025-06-24 08:30:45,2,2,0,虽然绩点只有三开头，但wcj老师教我的物理思想，学习方法等终身受益，下学期还选您的课！\n\n详细一点来说：独立思考的能力，减少AI依赖，思考问题从本质原理出发
221547,503,王从健,2025-06-24 11:46:44,1,1,0,讲课很好，ppt很好，竞速且随机的小测压力非常大，建议卷王选……
3054,508,陆璇辉,2015-05-13 07:27:58,-1,31,32,难道没人觉得老师略坑么…考试前漏给ppt，考试内容有三分之一以上是没给的ppt里的，好多人都翻不到…
9698,508,陆璇辉,2015-11-04 16:00:12,-2,4,6,讲的不错
10151,508,陆璇辉,2015-11-17 01:55:19,1,8,7,呵呵呵\n\n
10196,508,陆璇辉,2015-11-17 10:16:51,-3,5,8,呵呵呵
10207,508,陆璇辉,2015-11-17 11:23:50,1,8,7,激光科学与生命技术，讲课还好吧，读ppt的基础上加自己的阐述，课间有点名，最后有考试，给分3.9，算一般吧
10422,508,陆璇辉,2015-11-18 14:27:52,2,10,8,陆老师的激光技术与生命科学，基本上是科普，课堂气氛很轻松，考试也不太难。
10576,508,陆璇辉,2015-11-20 05:38:44,1,5,4,喜欢老师讲课，每节课我都是第一排，也是因为没人坐\n\n只有3.6略有点不满
10583,508,陆璇辉,2015-11-20 08:20:07,3,13,10,垃圾老师，建议大家别选\n\n
11473,508,陆璇辉,2015-12-02 11:16:12,-6,3,9,呵呵，用英文，慎选
12147,508,陆璇辉,2015-12-22 05:21:06,-8,1,9,还好的啦，毕竟浙大第一水课
17625,508,陆璇辉,2016-01-20 13:48:14,0,5,5,没意思
37847,508,陆璇辉,2017-01-17 14:10:19,1,8,7,真心好老师啊，平时成绩就是点个名，上课讲得还是有点干货的，最后做一次小组ppt展示（很轻松随意的）最后开卷考早点打印好资料，抄抄就行了（抄详细点啊亲）然后论述题发表一下这门课的收获（认真点写写）。老师人很好的（当然遵守底线原则）最后给分哈哈哈4.5+啦，基本不耽误其他课复习。
39645,508,陆璇辉,2016-12-26 12:04:56,-4,3,7,水，难，坑
39997,508,陆璇辉,2017-01-17 23:45:22,1,4,3,耐心学，知识量还是可以的，但绩点确实偏低
44266,508,陆璇辉,2017-01-17 13:44:22,-1,5,6,辣鸡辣鸡辣鸡不要选
44354,508,陆璇辉,2017-01-17 15:59:40,1,3,2,自己看ppt比听他讲好多了，ppt还算全面吧
44485,508,陆璇辉,2017-01-18 01:15:11,5,12,7,作为一门科技类的通识，讲得算挺好的了，认真听会收获不少的。老师人很好，每次下课都会提前到八点半，最后的考试很简单，只要把ppt打印下来，答案都在上面。最后绩点给了4.5，总的来说是一门比较轻松、不耽误其他科复习、给分又好的通识。
45544,508,陆璇辉,2017-01-19 17:34:21,0,6,6,上课略无聊，这我都忍，毕竟事情也少。可我想知道到底是怎么给的分？我没缺过一次课，小组作业也做了，考试也认真抄了一大堆ppt，最后2.4？？？日了狗了
46148,508,陆璇辉,2017-01-20 16:55:57,-4,0,4,最后的绩点强行正态
47153,508,陆璇辉,2017-01-24 05:36:34,0,1,1,上课比较无聊，好好听可以收获很多，最后的考试其实很简单，估计大家分数差不多，我估计被正太了哭π_π
47201,508,陆璇辉,2017-01-24 12:07:34,0,1,1,被正太，其他还好。
48182,508,陆璇辉,2017-06-11 15:11:59,1,1,0,老师给分超好的，上课也很轻松，只是听起来难，考试不太难。注意期末准备考试资料就可以了。
66177,508,陆璇辉,2018-01-12 12:29:32,0,3,3,垃圾老师，建议别选，对学生一点都不好，自以为是的老师，给分就不评价了
67297,508,陆璇辉,2018-01-22 13:36:02,5,7,2,感谢老师的4.8，讲课稍微无聊给9分，老师人很热心，问问题懵的时候有点萌？？？ 认真对待绩点真的很好的，事情也不多，谢谢老师，建议大家选。\n\n楼下说写的字多绩点高是不可能的，要动脑子的，认真对待，认真对待。
68025,508,陆璇辉,2018-01-22 13:30:50,-4,1,5,有毛病 。考试全是抄，写了很多字绩点还是很低。坑
68064,508,陆璇辉,2018-01-22 14:29:18,0,2,2,超轻松的，老师人很好，重点是真的超轻松啊！！考试的时候机灵一点绩点就好。但是就冲着平时轻松给别的课多出学习的时间就很好了吧……
68090,508,陆璇辉,2018-01-22 14:45:44,0,2,2,给分不好
68330,508,陆璇辉,2018-01-23 03:37:02,1,1,0,课上能学到很多啊，而且考试就考ppt好好写就行了，事情也不多给分很不错\n\n
68398,508,陆璇辉,2018-01-23 06:25:20,5,6,1,老师讲得很专注，即使下面的同学没有多少听也不会生气。老师对于这门技术的研究还是很深的。而且事情不多，一个学期就做一次PPT展示，期末有开卷考试，内容全是PPT上的，不用专门买书。有兴趣的同学可以认真听，可以稍微水一水，但是如果纯粹是为学分连上课都不想来的，建议还是算了。
93409,508,陆璇辉,2019-01-09 12:25:32,3,3,0,很好鸭，事少，可以水也可以好好听！
99941,508,陆璇辉,2019-01-25 10:17:49,0,3,3,给分恶心不解释
99983,508,陆璇辉,2019-01-25 11:38:04,1,1,0,可水可听，一学期就一次小组ppt展示，期末开卷，几乎没有什么压力吧。没怎么听过课考试尽力写了，绩点也...还能接受
104328,508,陆璇辉,2019-03-18 03:16:25,5,6,1,实验课 报告分数乱打 同组同学答案一样 分数不一样
135192,508,陆璇辉,2021-05-05 14:09:59,0,0,0,感觉他的实验分是乱打的。。。说话像在嗓子里装了个扩音器
29050,519,袁辉球,2016-12-30 16:08:40,2,3,1,不认识，路过
46043,519,袁辉球,2017-01-20 13:25:38,2,2,0,好好好好\n\n
108353,519,袁辉球,2019-05-22 00:53:13,2,4,2,球哥nb
133317,519,袁辉球,2021-02-25 07:24:02,-18,6,24,？袁老师评分这么低也太离谱了吧？？？？10分走起
145258,519,袁辉球,2021-12-28 13:33:37,9,11,2,美国物理学会学士都是这个样子的
145262,519,袁辉球,2021-12-28 14:28:10,12,15,3,近代物理实验，上课基本不讲实验怎么操作，有哪些要点和细节，随便说了两句就让我们做实验了，一脸懵逼。还有激光原理调研报告要求a4纸10页，不知道的还以为是整门课的大作业呢，纯纯牛马
184029,519,袁辉球,2023-12-06 14:33:35,9,10,1,◯辉◯\n\n鉴定为◯太多导致的
3211,584,阮晓声,2015-05-21 03:49:42,3,6,3,唱歌好好听
4223,584,阮晓声,2015-06-18 06:58:29,3,6,3,风趣幽默给分好
5118,584,阮晓声,2015-07-04 09:01:47,6,8,2,棒
9005,584,阮晓声,2015-10-08 23:55:13,-6,2,8,老师ppt念的我一愣一愣的（不懂为什么别人的评分那么好，搞得我都不敢给低分）\n\n人挺好的就是我听不下去他讲课。。。
13479,584,阮晓声,2015-12-28 09:37:18,11,12,1,上课能学到很多，常会扯对世界和生活的思考，关键是quiz能翻书！！
18725,584,阮晓声,2016-01-22 12:03:53,3,4,1,讲课很认真。quiz开卷。
22680,584,阮晓声,2016-03-10 01:10:40,2,3,1,很棒的老师
26192,584,阮晓声,2016-06-30 05:50:58,3,4,1,上课喜欢讲小故事，而且还把quiz答案提前放到网上
27760,584,阮晓声,2016-06-27 11:55:03,1,2,1,老师很棒，人好幽默，体验很好！
28250,584,阮晓声,2016-06-28 08:21:19,2,3,1,当年修大物甲1的时候太年轻，预置的老师也没换，落得重修。这学期选了阮老师的课简直给力
29116,584,阮晓声,2016-06-29 08:57:43,1,2,1,跟舍友的老师相比觉得老师除了上课还拓展了很多知识，课讲的也很棒（这个看个人喜好吧，我就喜欢多讲些知识的老师，讲课要只为了考试多没意思啊）
29681,584,阮晓声,2016-06-30 07:32:40,1,2,1,超级好的老师，选了他的大物一，还想去上大物二，可惜没有
33302,584,阮晓声,2016-09-18 03:29:34,1,2,1,在quiz前就把答案放网上这点太萌了！甚至当着所有人的面直接在大屏幕上直播传答案全过程hhh
83014,584,阮晓声,2018-07-09 13:13:56,1,2,1,每节课都去了，考得也都复习到了，分还给的特别低
104939,584,阮晓声,2019-03-31 12:58:51,0,2,2,很好的一个老师！
106488,584,阮晓声,2019-04-28 01:08:30,1,3,2,很有趣
108897,584,阮晓声,2019-06-04 00:32:39,-8,1,9,这个老师莫不是个傻子
109183,584,阮晓声,2019-06-11 07:56:00,3,3,0,good
109339,584,阮晓声,2019-06-13 06:51:04,-6,1,7,讲的真的烂，不如看ppt
109746,584,阮晓声,2019-06-19 03:31:48,4,4,0,老师超级和蔼的，讲课也很详细，有时候也会来点小幽默，挺有意思的。
113680,584,阮晓声,2019-07-07 03:41:42,3,4,1,老师平时分给满了，期中考试考得不好，虽然最后期末考了90多，但还是卡绩了，还是很感谢老师，老师上课真的很有意思
114052,584,阮晓声,2019-07-08 13:43:05,3,4,1,感谢老师的海底捞。
114061,584,阮晓声,2019-07-08 15:02:58,5,5,0,期末考崩了，还是谢谢老师
114099,584,阮晓声,2019-07-08 23:05:46,3,4,1,宽松自主的学习氛围（自己体会），给满的平时分，再不考好只能怪自己了。期中77，期末90勉强上了4.5，感谢老师，虽然基本没听课但还是能通过这门课程获得知识和绩点。
114223,584,阮晓声,2019-07-09 06:04:23,3,4,1,幽默和蔼随和，讲得透彻。期中没考好，但老师高抬贵手平时分给满了，最终堪堪满绩。没有群，在这里谢谢老师！
126967,584,阮晓声,2020-10-31 02:14:41,1,1,0,风趣又可爱 讲的课条理清晰一听就能懂 平时分也从不克扣 不刁难同学 总体来说是一个学识渊博 也能从细节上让人感觉很温暖的老师
48881,633,吴惠桢,2017-03-15 10:58:47,0,1,1,老师很好\n\n讲课无聊\n\n\n\n
74523,633,吴惠桢,2018-03-03 02:18:25,0,2,2,差差差
74825,633,吴惠桢,2018-03-06 04:51:29,0,0,0,听不太懂
75486,633,吴惠桢,2018-03-12 10:44:48,0,0,0,老师人很好  ，很和蔼，没有太多破事。就是讲课的听不太清，可能是本人耳朵有毛病吧！
75487,633,吴惠桢,2018-03-12 10:45:24,0,0,0,老师挺认真的，有学者气息。
77073,633,吴惠桢,2018-05-01 10:10:42,1,1,0,额\n\n其实听不懂\n\n绩点略微坑了一点
77083,633,吴惠桢,2018-05-01 14:01:00,1,2,1,老师人很好，很认真，就是讲的东西比较艰深晦涩。总体事情不多，一篇论文加上一个PPT就可以，绩点也不错！
82325,633,吴惠桢,2018-07-08 01:35:47,1,2,1,老师上课非常非常认真，有学者之风。可惜的是自己上课没有好好听，因为上课内容实在有点无聊。最后就是一次展示一份报告，绩点也不错，有4.5～
106609,633,吴惠桢,2019-04-28 10:10:28,1,3,2,老师上课慢条斯理，节奏有点慢。很求是，每一句话都经过深思熟虑。老师人很好。物理学与半导体发展课其实有点难 ，但是肯跟着老师走，也还是听得懂的。事情不多，给分也不错。
118843,633,吴惠桢,2019-11-07 02:43:57,1,1,0,老师上课声音比较小，有点听不清说啥
12340,647,罗民兴,2015-12-23 04:10:48,10,13,3,院士大法好
18351,647,罗民兴,2016-01-21 13:11:54,4,5,1,罗院士，有趣的老师
60508,647,罗民兴,2017-10-23 02:38:03,4,4,0,教的好
72501,647,罗民兴,2018-01-30 08:47:56,1,1,0,好好好
65646,654,赵道木,2018-01-08 03:18:01,5,5,0,CUPT&创新竞赛紫金港代言人？
70410,654,赵道木,2018-01-26 14:52:44,0,1,1,可能是做行政事情比较多吧，上课有点口胡，不过人还是很好的
121752,654,赵道木,2020-01-21 13:35:20,6,10,4,上课主要就是念念ppt吧，不过看的出来学术上有很大的成就，浙大光学的领头羊？行政做的比较多吧，经常会讲一些挑战杯赛还有他的学生的科研成果，他自己的访学经历等等。\n\n事情不少，要出竞赛题目，还要做研究型展示（好像都是matlab模拟新型光束的传播问题），但是最后给分挺好的。PS：考前记得看一下什么是阿贝成像原理！
122492,654,赵道木,2020-03-02 06:02:34,7,13,6,老师人很好，很和善，而且给分不错。上课因为讲PPT的缘故，可能稍稍有些沉闷。做展示的大作业是一个很好的学习机会。可以自己选定题目，然后广泛的去搜索文献，从文献中去学习。这个过程跟上课不一样，它的学习不是从知识的起点开始的，而是需要你广泛阅读的基础上深入思考，把各个知识点穿成一个相对独立的系统。我觉得这个对科研很重要，所以当真是个不错的锻炼机会。
128863,654,赵道木,2020-12-26 06:46:28,3,5,2,听过他在行政论坛的发言 萎得很
132009,654,赵道木,2021-01-30 02:37:22,7,8,1,不是所有的正态都叫赵道木。
136854,654,赵道木,2021-06-26 02:38:18,3,4,1,有些时候评分不高也请您反思一下自己的问题
149516,654,赵道木,2022-01-15 17:10:02,4,4,0,老师上课基本念PPT，还不如自学
150150,654,赵道木,2022-01-19 11:46:55,2,2,0,平时事比较多 期末试卷巨捞无比 期中如果竞赛基础不好还是难顶的\n\n人很好 讲自己的人生经历很搞笑\n\n反正期中考试就看高中竞赛的几何光学 期末考看ppt
161044,654,赵道木,2022-10-25 01:09:35,3,3,0,上课念ppt，易困。ppt用蓝色背景，有点刺眼。
169343,654,赵道木,2023-02-25 12:54:14,3,3,0,给了8，稍稍捞回来一点吧，但确实可能是性格问题，上课很内敛沉稳，可能会有瞌睡感，但不得不说真的很关心学生，非常好沟通交流，不会很严厉，有啥问题都可以直接反映，老师都能理解的。可能是22年的光学分低了，今年猛捞人吧。出的题目都是很基础简单的，只要认真学可以拿高分的。整体上，15竞赛题 15展示 10作业 20期中 40期末，可以对照一下。上一年的光学期中可能很难吧，今年好很多了。要准备考试的话不要害怕，不会有这么难的，但最好ppt和书本平时都自己过一遍。（吐槽一下，这个蓝色背景的ppt看着太伤眼睛了，道木老师看到了改一下吧，球球辣）
187064,654,赵道木,2024-01-14 09:41:50,-6,2,8,赵道木😭目前遇见的最好的专业课老师😭
198496,654,赵道木,2024-09-09 09:13:08,4,4,0,开学第一课就被他创到了。。。\n\n先是叫我们班级统购他写的书，还不给pdf版。。。喜欢给他冲业绩是吧hh\n\n这本书是怎么来的呢？每个选光学课的同学都要出题目，当作平时分。然后他再汇编，又或者根本就是其它他的学生汇编的。\n\n然后这本书呢，又高价给竞赛教练。。。\n\n他还经常去高中做客。。。？\n\n他也不缺钱吧\n\n是怎么拿到段教学金的呢？
199391,654,赵道木,2024-09-23 00:57:21,3,3,0,讲的真无聊🥱
209348,654,赵道木,2025-01-05 13:21:34,0,0,0,事多，讲的烂
13448,777,王兆英,2015-12-28 05:30:14,12,22,10,物理实验给分好的没谁了，打100也是吓尿
23476,777,王兆英,2016-04-17 07:28:28,1,6,5,逻辑性很差，读ppt
34583,777,王兆英,2016-10-14 08:33:02,4,6,2,老师很温柔很耐心
34983,777,王兆英,2016-10-28 02:20:51,3,6,3,好老师，给分也好\n\n
36216,777,王兆英,2016-11-11 06:01:53,0,5,5,实验给分好，注意数据处理，认认真真写是能拿满分的
36266,777,王兆英,2017-05-26 16:15:36,-2,8,10,大物实验难得的好老师！会很仔细地看你的数据记录并且很耐心地讲解有效数字的问题，最重要的是两次实验都给了100！！
36488,777,王兆英,2016-11-14 08:05:43,-1,6,7,大物实验给分好到爆炸
37377,777,王兆英,2016-11-18 14:01:17,0,5,5,超级好的老师，人好说话，给分也超好
38193,777,王兆英,2016-11-26 02:41:22,0,4,4,老师给分真的太太太太好了！！！
40311,777,王兆英,2017-01-02 07:34:59,-1,4,5,给分棒极了
40344,777,王兆英,2017-01-03 03:59:07,0,6,6,老师很认真，给分好到爆！
40467,777,王兆英,2017-01-03 13:44:10,0,5,5,实验二分数无敌了。。
60332,777,王兆英,2017-10-17 13:54:02,9,14,5,RLC电路坑得一比！！！！！！误差超两百！！！！！！醉了……于是此实验挂了……哭唧唧
60977,777,王兆英,2017-11-06 09:37:03,2,5,3,给分莫名其妙，实验报告没什么问题，比我的其他实验平均得分低十分。
61187,777,王兆英,2017-11-10 09:02:58,7,9,2,老师特别好!不说给分，我实验做砸啦，重做几次中间还有好多别的事情麻烦老师，老师都耐心的替我解决，给老师填了这么多麻烦，实在不好意思。十分十分
63681,777,王兆英,2017-12-12 13:57:20,-1,3,4,真的呵呵
88057,777,王兆英,2018-10-21 08:50:02,0,2,2,RLC电路才给92，不高不低，一般。
90831,777,王兆英,2018-11-26 11:06:53,2,2,0,我也不知道为什么我什么都分析了还附了图没有任何错，一个电子束实验可以给82分醉了，比别人的都低了10分好吗
105555,777,王兆英,2019-04-16 14:21:24,2,2,0,一次课点两次名
119295,777,王兆英,2019-11-12 03:28:09,1,1,0,好好好
126747,777,王兆英,2020-10-18 03:54:49,1,2,1,讲课指导比较耐心，但是对数据处理要求很严，我认认真真写了好久的实验报告最后就因为数据处理只得了八十多分，而且我看我们那个班基本都是九十分一下的。。。
141196,777,王兆英,2021-09-26 04:17:15,3,3,0,大物实验，老师超级耐心，分光计调不好她会一个一个帮我们调
148766,777,王兆英,2022-01-13 12:36:20,1,2,1,老师人真的非常非常好！！！
151608,777,王兆英,2022-03-09 09:10:28,2,2,0,王老师上课认真负责，私下对同学也超级好
153797,777,王兆英,2022-05-11 09:04:21,1,1,0,上过《近代光学》\n\n是一个过了一年看到她的名字突然想起来没评价给10分的老师
161026,777,王兆英,2022-10-24 07:59:09,1,1,0,老师真的很温柔
161111,777,王兆英,2022-10-27 09:32:26,1,1,0,很好。
163291,777,王兆英,2022-12-12 07:40:32,3,3,0,讲的很详细，很温柔！
201918,777,王兆英,2024-11-07 11:08:02,0,0,0,大物实验选了两个王兆英老师的实验，分别是双棱镜干涉与棱镜偏向角特性。有一说一这俩实验在所有实验中难度算高的了，尤其是后者，做到下课还没做完，关着灯看折射光，眼睛是真难受（点名表扬蓝光紫光）。不过老师一直让我们别急，耐心陪我们一起做（因为那节课总共就三个人选），有人测出一组数据误差有点大，老师就帮他寻找原因。
207949,777,王兆英,2024-12-25 04:23:50,0,0,0,刚做完实验立刻来打分 老师人太好了呜呜
208866,777,王兆英,2025-01-02 16:14:33,1,1,0,老师人很好，是唯一一个认真帮我检查数据然后找错误的老师，测量任务也比其他老师少，给分好，推荐
214862,777,王兆英,2025-02-18 12:15:11,0,0,0,像妈妈一样！！！！
5527,785,陈一新,2015-07-08 05:22:25,10,16,6,一新大师：“真没用！”
6328,785,陈一新,2015-07-13 04:28:35,3,8,5,讲的很好，给分也很不错
6537,785,陈一新,2015-07-15 02:30:04,1,3,2,好老师，不过讲课有点飘
6641,785,陈一新,2015-07-17 02:34:17,0,2,2,给分不想传说那么坑
14557,785,陈一新,2016-01-07 15:10:28,1,5,4,要挂了
18838,785,陈一新,2016-01-22 15:30:39,2,7,5,跟陈老师学了一年量子力学，讲的其实还是挺清楚的，而且人也挺好对学生也很有耐心的解答问题
21128,785,陈一新,2016-02-20 07:32:27,0,2,2,很不错
27660,785,陈一新,2016-06-27 07:30:27,0,0,0,还是挺不错
29548,785,陈一新,2016-06-30 03:06:52,0,1,1,讲课真的好！人很随和！
29553,785,陈一新,2016-06-30 03:17:25,6,7,1,讲的还是不错的，是我差，很多东西没听懂。给分不错
29910,785,陈一新,2017-01-11 06:52:01,0,0,0,讲得不错，很有耐心，基本都能听懂\n\n
30351,785,陈一新,2016-07-01 10:54:38,1,2,1,老师很好，只是几乎节节睡觉，希望以后讲义可以更好一点
33788,785,陈一新,2016-09-21 15:49:36,0,2,2,很儒雅很有气质的老师，让人理解科研学者的魅力～
35132,785,陈一新,2016-11-03 05:39:55,0,2,2,一新大师就是我的榜样 怪我当时没有好好学习量力
47986,785,陈一新,2017-02-28 02:08:03,0,1,1,声音好苏啊
48087,785,陈一新,2017-02-28 10:44:46,7,7,0,史蒂芬·霍金的无奈
49156,785,陈一新,2017-03-28 02:06:07,1,3,2,坐后排别想听了
52340,785,陈一新,2017-06-18 15:06:49,4,5,1,易有云，云雷屯，君子以经纶。盖自习量力之谓也。
55486,785,陈一新,2017-07-01 15:27:31,1,1,0,没办法
56829,785,陈一新,2017-07-04 19:28:42,3,5,2,虽然大师挂过我 但是不得不说一新大师真乃不可多得的良师
57834,785,陈一新,2017-07-16 06:37:20,-20,2,22,考题出得太简单
99569,785,陈一新,2019-01-25 03:30:17,-4,3,7,真正的量子力学，而不是解乱七八糟的薛定谔方程
147397,785,陈一新,2022-01-10 02:34:34,16,17,1,乱七八糟的薛定谔方程，而不是真正的量子力学
169292,785,陈一新,2023-02-25 08:57:59,1,3,2,老师人很儒雅，考题难度适中，给分应该算是讲原则，不好不差，中规中矩。\n\n量子力学I主要复习：量子力学基本原理，常见量子力学模型的解，全同粒子体系波函数，自旋，微扰论和量子跃迁。至于非常复杂的求解薛定谔方程的问题，老师在考试中从不考察。\n\n给老师9分，扣1分是因为老师的授课安排是大家公认比较不合理的。量子力学的历史、一维问题求解这样比较简单的内容加起来要讲两个月左右，而作为考试重点的自旋、微扰论几乎是在课程最后一个月内迅速完成的，自然没有办法讲得细致清楚。事实上微扰论部分的内容我身边的同学几乎都是考前自学完成的，还是比较吃力，自旋部分由于有王凯老师原子物理课程的基础，并不感到很困难。\n\n不过从老师的授课风格也可看出，他非常注重基础，这与考题的风格也是一脉相承的。因此对考试大家不必过于紧张和担心，只要基础到位，拿到一个不错的成绩还是很有希望的。
181481,785,陈一新,2023-10-19 00:50:45,2,4,2,经常点名，内容陈旧，习题计算量大而看不到本质，课程进度安排不合理，作业得用作业本交，槽点太多
184956,785,陈一新,2023-12-24 15:36:18,3,4,1,教学陈旧，讲课沉浸在自己的世界里面，本来曾谨言教材的槽点就多，教学安排更是结构不合理，而且和作业严重分离，该退休了不退休，对自己的讲课水平固步自封，该换老师了。。。。。。
186726,785,陈一新,2024-01-12 20:47:33,2,2,0,一新大师要退休了，在此也不做课程的介绍了，但还是要感谢一新大师，虽然有时候很急，而且有一点小老头的古板，但还是一个很认真负责的人。\n\n给一个10分吧，可能往后也不会有人在查老师上搜索一位叫做陈一新的先生，但这些评价背后的时间还是值得追忆的。\n\n不知为何就出现了一种使命感了，又带着一点史诗的宿命感。\n\n最后也祝一新大师在退休之后平安喜乐，事事顺心。与诸君共勉，感谢。
186978,785,陈一新,2024-01-14 03:57:56,1,1,0,老师要求很严，我这学期生病住院了，结果补交作业还有没有上课还被扣分了，唉\n\n考试也不让把纸撕下来，写起来很麻烦的，其他老师都同意的\n\n作业也比较难，不过我认为布置的很好，能练习到知识 课程结构我是真也不太认可，但我知道学长们已经说过无数次了\n\n老师也不教书了，说这些也没有意义了，祝您退休愉快，不用再操心这些量子力学课程的事，享受退休后的美好时光\n\n再见一新大师
3512,845,王淼,2015-06-17 01:25:07,11,14,3,老师讲的很利于考试，个人很喜欢~
4267,845,王淼,2015-06-18 12:37:40,22,29,7,老师人好。至于讲的么。就很想睡觉。
4284,845,王淼,2015-06-18 14:50:41,36,47,11,大物小测验，抄上题目就满分，前提你得去上课哦！
4384,845,王淼,2015-06-20 11:44:10,8,11,3,不交作业的不去上课的的经常被点名，像高中老师 PPT做的很好 就看自己的努力 老师一定挺你
5539,845,王淼,2015-07-08 05:53:37,11,12,1,好老师，师生情啊
8504,845,王淼,2015-09-22 02:38:27,8,9,1,好老师...
13127,845,王淼,2015-12-25 02:32:28,5,6,1,喜欢王淼！
20821,845,王淼,2016-02-01 06:08:28,21,27,6,适合平时就认真的同学。。。平时的课堂小测是点名，去了就满分，老师会想方设法提高学生的平时分。。。总之，一学期上下来一直是一种安心的感觉。。。
21784,845,王淼,2016-03-01 06:02:18,-14,4,18,不负责任
26676,845,王淼,2016-06-21 01:33:09,2,2,0,老师人很好，讲的有利考试，但是解答问题能力实在是不行
26679,845,王淼,2016-06-21 01:41:31,4,5,1,老师上课节奏把握的很好，只要平时认真作业交了测验去了，平时分都不会低！
28174,845,王淼,2016-06-28 08:12:40,5,5,0,中规中矩，不好不坏的样子，对考试重点的把握还是挺好的
28450,845,王淼,2016-06-28 09:02:35,5,6,1,老师讲课认真，略无聊
28502,845,王淼,2016-06-28 09:36:59,11,13,2,认真负责 为学生考虑着想
29919,845,王淼,2016-06-30 13:46:19,4,4,0,要点抓的特别准
29922,845,王淼,2016-06-30 13:49:27,2,3,1,简直棒呆！！！
29936,845,王淼,2016-07-01 23:09:42,3,3,0,挺好的，就是对知识点的讲解感觉有点生硬，提不起兴趣
29940,845,王淼,2016-06-30 14:23:19,1,1,0,很好啊
29974,845,王淼,2016-06-30 15:40:19,63,80,17,【1】第一节课把如何给分讲的很清楚，少有老师能做到。【2】四次quiz去了抄上题目就给分，但是也会有点名，基本都是叫没有交作业的人，最后会随机抽。【3】平时分给得很厚道，会尽量达到学校限制的上限。【4】对于考试要求的内容，讲得很仔细，上课也会放一些有趣的小视频，拓展课外知识。【5】对于学生的问题，回答也很仔细，也关心学生的生活和未来发展。总之，是个很温柔的女老师。
30184,845,王淼,2016-07-01 04:50:22,5,6,1,老师讲的挺好的，但是感觉她自己知识也不是很牢固，讲题有点讲不明白。想方设法给同学们增加平时分数，平时小测去了抄题就满分，人很好的～
30513,845,王淼,2016-07-01 23:20:54,0,0,0,好老师，上课很好
30773,845,王淼,2016-07-02 12:40:59,0,0,0,只要上课都去了，给分就会很好
32463,845,王淼,2016-07-07 03:27:12,3,3,0,真的是好老师，讲的细而且非常关心学生，还会给我们讲国家出国资助的事情。
32766,845,王淼,2016-07-12 12:57:50,2,2,0,想睡觉，但给分好才是硬道理
37014,845,王淼,2016-11-17 06:17:24,1,1,0,课堂内容还是蛮有意思的，讲讲科学历史、方法论，认真就会学到东西！赞！
37029,845,王淼,2016-11-17 07:06:59,-16,5,21,老师是男的，人文学院的，讲课水，学不到东西给分还低。
37046,845,王淼,2016-11-17 07:23:20,1,1,0,毕竟是去剑桥交流过的老师，认真听能听到很多东西。
37064,845,王淼,2016-11-17 08:19:50,2,3,1,人文学院的科技史  给分挺好\n\n
37169,845,王淼,2016-11-17 16:55:39,2,2,0,科学史讲得很棒，也很好拿分
37178,845,王淼,2016-11-17 23:56:02,14,14,0,科技史\n\n事情稍微有点多，小组讨论+1论文+1小作业，上课可水，给分不错
37195,845,王淼,2016-11-18 01:42:40,2,2,0,事有点多 但上课轻松给分不错
37601,845,王淼,2016-11-19 15:41:55,0,0,0,老师挺好的，给分也好哈哈！
37676,845,王淼,2016-11-20 05:25:02,1,1,0,通识给分不错?
40103,845,王淼,2016-12-29 07:32:29,0,1,1,人还不错
47941,845,王淼,2017-02-27 11:25:09,108,147,39,看上去应该有两个王淼老师，一个教大雾，另一个是人文学院的……机智如我
48641,845,王淼,2017-03-30 03:22:37,2,5,3,大物的，人挺好，废话多，对物理的理解全部建立在数学表达上，不鼓励创新，解题能力不如很多同学。\n\n
49330,845,王淼,2017-04-05 12:35:45,3,10,7,人文的老师。老师满分助教满分课程五分？还可以有很多改进，讨论课什么的没有存在的必要，助教很负责讨论很无语，心疼助教。
49794,845,王淼,2017-04-26 06:03:14,11,21,10,工程伦理导论有一两次点名，去了就好，一次小考试，老师讲评试卷一定要记下答案，期末往往会考原题，给分好，虽然一周上两次，但有一次是讨论课，聊聊天，听美腻的助教姐姐讲讲笑话，也挺有趣的哦。老师上课挺水的。赞一个，但老师人超好
49800,845,王淼,2017-04-26 06:41:57,5,6,1,我上的是《工程伦理导论》，课有一点无聊，但负担较轻，话题本身也让我有思考。很喜欢老师本人，无关给分和教学。
49834,845,王淼,2017-04-26 10:20:34,0,0,0,很不错
49903,845,王淼,2017-04-27 04:40:16,1,1,0,最爱讨论课，特欢脱，有时候脑洞大开。
50321,845,王淼,2017-05-02 10:30:33,4,7,3,人文学院的王老师，给分真的好到没话说，人生第一次满绩，，，大爱老师！
50511,845,王淼,2017-05-03 08:28:00,1,2,1,人文学院的 上课虽然有些无聊但是负担很轻 如果好好听的话会有很多收获 和大家在一起的讨论课可以开脑洞相互了解 积极发言的话给分非常好 人生第一个满绩
50548,845,王淼,2017-05-03 11:40:04,6,10,4,人文学院的王淼老师是一个很有风度的男老师哦！很有自己的想法，尊重学生，给分也超级好！工程伦理导论这门课还是能有收获的！(*'▽'*)
51336,845,王淼,2017-06-01 02:14:39,2,2,0,人很好。但是大物讲的并不清楚。还是要自学。
51506,845,王淼,2017-06-06 23:40:14,2,2,0,东北人，靠谱，开门见山，总之上她的课特别放心，人也体贴，有11分选项吗?
51632,845,王淼,2017-06-07 16:33:31,1,1,0,老师人很好，但是要把本来就不怎么有趣的课讲得有趣也要求太高了，平时分尽量多给，但是对那些一直不交作业的人……上课点名都是点那些不到场的人（你懂的），对大家还是很关心的
52517,845,王淼,2017-06-20 19:05:10,6,8,2,我评的是教大物的王淼老师。说实话，我物理很不好，但是这么好的老师真的让我讨厌不起来，她做什么都说得很清楚，特别坦诚，而且想方设法让我们少扣分，除非一些特别不听话的总也不来不交作业的会扣很多以为，大家基本在平时分有正态的情况下也能得很高的分。她讲课重点也很突出，我觉得我听不懂不是因为她讲不明白，是因为我笨?。总之总之，是一个让我挑不出毛病的满分老师，我觉得她应该能9.7以上，应该是另一个王淼把她评价拽下去了?
53389,845,王淼,2017-06-26 13:22:38,4,4,0,工程伦理导论两次小测，比较简单。一篇论文，事不多，老师挺好。可惜绩点低，可能是我辣鸡吧，被正态了
54530,845,王淼,2017-06-29 13:54:55,0,0,0,老师确实是讲的好，很耐心，很负责，无奈我考的太次……
54531,845,王淼,2017-06-29 13:57:09,1,1,0,谢谢谢谢
54540,845,王淼,2017-06-29 14:23:09,3,4,1,评价大物王淼老师，讲课特别用心，但是有时候会不太清楚，给分挺好的。
54546,845,王淼,2017-06-29 14:59:01,0,0,0,PPT很好，人很好，讲课少差。\n\n
54589,845,王淼,2017-06-29 22:15:20,-1,1,2,大雾满了，爱老师
54675,845,王淼,2017-06-30 04:01:55,0,0,0,大雾：老师人很好ppt不错讲课比较一般但重点突出 上课会点人回答问题基本上抽作业没交的人 老师尽力给我们打高分安心跟着老师期中期末考好最成绩还是不错的
55656,845,王淼,2017-07-02 06:12:27,-3,1,4,嘿，大雾甲一满了，满了。今年改革，有期中考，平时的话也改了，有两次小测是算分的。讲课的话还算可以，所以，一切都要靠自己。嗯，这是我的真实想法。
56209,845,王淼,2017-07-03 09:01:19,-1,1,2,满了大爱
59291,845,王淼,2017-09-20 12:44:53,2,2,0,表示科技史有点无聊╯﹏╰
61681,845,王淼,2017-11-20 06:11:41,1,2,1,这是科技史的王淼老师\n\n上课语调很缓和，PPT内容也比较丰满。科技史，讲的就是科学技术的历史，是一门偏文科的通识课。上课认真听收获不会小的。强烈推荐给喜欢科技的发展历程的同学！\n\n一学期3点名+1次小作业+1论文。事有点多但是很好完成。还有论坛一定要积极参加。就会分数很高。大爱王淼老师！
61682,845,王淼,2017-11-20 06:17:22,0,1,1,科技史老师的语气真的很温柔！是很儒雅的老师！对待问题有自己独到的见解。上完一节课会感觉很治愈（因为那天满课晚上以科技史结束...\n\n事情稍微有点多会让人在ddl那一周有点崩溃 还有点名会比较多次 但是最后给分超级不错！浓浓师生情！
61688,845,王淼,2017-11-20 06:24:43,0,0,0,老师讲的很棒，给分也很好，赞赞
61691,845,王淼,2017-11-20 06:29:56,16,17,1,科技史：态度重于你对历史本身能记忆多少。老师有着研究历史的学者儒雅的气质，不过要是你对历史一点都不感兴趣你应该会在课上睡着。两个同名的老师放在一起同样都得到了学生的好评，这样和谐的画面确实也不多见。
61698,845,王淼,2017-11-20 07:23:27,0,1,1,科技史经常点名\n\n
61720,845,王淼,2017-11-20 09:10:36,1,1,0,很温柔，经常点名，好好写论文给分很好
61726,845,王淼,2017-11-20 09:48:56,4,7,3,科技史 两篇论文1000+3000 1000的百度整合的 3000的图书馆借了四本书看完自己写 小组展示抱大腿 点名每次到 绩点4.2 老师人不错
61739,845,王淼,2017-11-20 12:46:01,5,6,1,听说科技史给分高，但是每次必到，认真完成两篇文章却只有三点几
63524,845,王淼,2017-12-06 02:55:17,1,1,0,参与其中，还是很有趣的
76320,845,王淼,2018-04-03 03:20:47,5,6,1,浙大能把物理讲的最清楚的老师，没有之一。
79550,845,王淼,2018-06-09 03:35:16,2,2,0,老师淡淡的东北口音很有趣，课件很好，很为学生着想，平时分很容易满，小测抄了题就满分，人也很nice啦～
81420,845,王淼,2018-07-05 04:46:02,2,2,0,很不错\n\n
81802,845,王淼,2018-07-06 08:12:53,2,3,1,老师给分还算友好吧
81830,845,王淼,2018-07-06 09:27:12,8,8,0,大物的王老师\n\n讲真老师给分干啥的都超级厚道，上课超级安心，就给了我一种大物稳了的错觉……\n\n事实证明老师讲的是真的很不错 我是真的菜 考试是真的凉_(:з」∠)_
82168,845,王淼,2018-07-07 10:00:12,1,2,1,大雾讲的很好，条理清楚，还会提一些针对性强的问题问大家，认真听很有意思，课后和同学们交流也很用心，超级负责的一个老师，喜欢点没交作业的同学的名字，平常都去的话平时分基本满的，强推。
83190,845,王淼,2018-09-15 06:48:51,-1,2,3,工程伦理导论～\n\n大课基本上从第三节到第七节都要点名，讨论课助教带着现场讨论水水的……稍微发言一两次就好了。作业是一个1000字论文和1000字小作业，最后期末开卷考试，感觉很轻松，给分也不错
83986,845,王淼,2018-07-11 16:02:30,-15,2,17,老师人很好，对学生也很好，但这样有时会导致学生自己放纵自己。大物除了上课跟着老师学还要自己花。我其实也就考前看了一天书最后绩点4.5，谢谢老师
84107,845,王淼,2018-07-12 04:31:25,0,4,4,第一个评论的老师，刚出了分数，满了大爱！其实高分还是要自己努力的，但是老师确实非常好，不管是知识点还是给分都很清晰，真的是想让学生得高分。最重要的是清晰地指出那些重点那些不考！！！这个好多老师都不说的，会在最后复习的时候浪费大量时间。报王淼老师的课然后一起努力吧！
84347,845,王淼,2018-07-12 15:23:44,2,2,0,听老师课不错真的，讲的很认真很用心，给分细节交代的很清楚，很负责。\n\n但是出分真的有点不敢相信，怎么也没想到比预估的低那么多，考试的时候感觉做的挺顺的，按给分来算卷面分才六十左右，真没想到，还是我自己太菜了吧。
84540,845,王淼,2018-07-13 06:10:59,2,2,0,这个绩点。。。我不服
84685,845,王淼,2018-07-13 14:13:57,0,0,0,老师人超级好
87053,845,王淼,2018-09-20 05:54:46,-12,4,16,我满了，你们呢？
87270,845,王淼,2018-09-26 10:51:20,0,1,1,科技史屁事超多别选
89151,845,王淼,2018-11-16 05:21:09,1,1,0,很儒雅的老师 \n\n说话不紧不慢\n\n打分很合理 \n\n这门课没有作业 期末考试简单的一匹 平时只有一篇论文和小组展示 好好准备分不低的
89189,845,王淼,2018-11-16 11:56:10,3,3,0,人文学院的王淼老师，真的很棒呀！比较推荐那些理工科的同学来选这门课，他会把我们从平时里具体而琐碎的知识或者技术中拉出来，突然站在整个历史进程的角度来看我们做的研究，会有很多的新的想法和体悟，真真能够一定程度上对于我们以后的研究起到精神指导作用呀！比如他自己的关于创新如何而来以及科学共同体的想法就很值得我们深思。而且感觉每次上完他的课后，我都有一种踌躇满志，路在前方的感觉～\n\n关于任务，有一次科技史论坛一次论文和一次真·开卷考，认真准备积极参与分数就会挺好看的，而且！！老师真的很有人格魅力有木有
89197,845,王淼,2018-11-16 15:15:12,1,1,0,太好了，我的天哪，给分及其和蔼
89219,845,王淼,2018-11-17 03:43:24,0,1,1,科技史超棒的老师，儒雅博学，为人谦和，不过想拿高分写好论文是不够的，一定要在课堂上给老师留下深刻印象，最好PPT展示自己来
89224,845,王淼,2018-11-17 04:43:26,0,1,1,科技史王老师超好 上课极其令人愉悦
89230,845,王淼,2018-11-17 06:04:20,4,4,0,被正态   哭了
89953,845,王淼,2018-11-21 11:16:53,-5,1,6,科技史的王老师\n\n老师给我的印象就是十分儒雅博学，ppt的内容很丰富，认真学的话确实能学到很多。\n\n一次论坛+一篇论文+一次十分简单的开卷考试。\n\n上课虽然从未发过言但最后还是能有4.5的绩点，实在是超乎意料。
93217,845,王淼,2019-01-08 06:51:28,0,0,0,emm
98748,845,王淼,2019-01-24 01:20:24,1,1,0,工程伦理导论，点名几乎每次都点吧，讨论课真的很无聊，倒是和课友聊聊天还行。一周两次课比较烦，一篇一千字小论文，这学期还多了次辩论。再有期末考卷考，给分不错
109858,845,王淼,2019-06-20 00:59:40,4,5,1,谁特么阻止我吹王淼老师我和谁急。课上的很好，讲的明明白白，很有系统性。老师还专门额外给我们上课（自愿是否去上），帮助我这等刚力、相对论弱鸡成功混过。给分超级棒。总之，吹爆王淼老师！
109870,845,王淼,2019-06-20 02:32:49,-5,3,8,教的很棒，很不错的老师，但平时分给的有点坑了
111308,845,王淼,2019-07-01 01:58:10,1,6,5,给分机制透明，让同学们有努力的方向，成绩还没出，应该是满了。
112036,845,王淼,2019-07-03 08:48:16,3,3,0,真的很好的老师，时刻替学生着想，大物平时分尽可能往高的给，平时的成绩反复提醒学生核对，四次小测，如果能满足学校的要求(比例分布)，就只要交了就是满分
112756,845,王淼,2019-07-05 02:31:35,2,4,2,王老师真的人超好啊！上课讲得很细致，评分很公正，全看自己，自己努力了分自然就高，一共四次小测，前两次用做点名性质，后两次是实打实的批分数用来算做平时成绩的，至于考试，努力背公式刷题肯定没错！
114479,845,王淼,2019-07-10 05:14:26,2,3,1,老师人超好，会耐心解答大家的问题，甚至主动帮助有需要的同学进行课外辅导（无偿自愿）。很为学生着想，有一次为了学生方便去和保安大叔交流自行车停放的问题。但我觉得有一些不足，有些地方讲得不很清楚，讲课内容过于局限，会纠结在与知识无关的琐事上（如考试安排，评分标准，强调得太多了甚至耽误了上课）。总的来说还是不错，感谢老师！
120036,845,王淼,2019-11-17 06:40:23,0,3,3,上课有点无聊，但会经常点名。读书报告认真写了，展示感觉也还不错，但只有3.3
125402,845,王淼,2020-09-08 06:52:11,4,5,1,王老师真的是一位认真负责的好老师，这次自己的大物期末考试成绩低的超出了自己的预期，于是就找老师帮忙查卷，王老师发现批改确有错误，最终十分不容易地帮我申请修改期末考试成绩。她对于同学合理的要求都会尽力实现，不会敷衍了事！
127336,845,王淼,2020-11-20 09:53:34,0,2,2,王老师的世界科学技术史，其实想水还是挺好水，考前PPT过一遍（开卷），论文一篇3000一篇1000，事不多，老师为人亲切，助教xjj很有趣
127852,845,王淼,2020-11-29 01:16:52,1,1,0,王淼老师人真的非常儒雅随和，和同学们互动也很好，很支持同学们提问，也会解答和鼓励。
128324,845,王淼,2020-12-19 00:33:07,0,1,1,科技史：老师人超级好，讲话很温柔，学识广博。第一个通识课老师，给我留下了很深的印象。很高兴遇见老师\n\n作业其实也还行，不是很多
130321,845,王淼,2021-01-20 15:42:13,2,2,0,谢谢老师捞我！虽然老师上课很清楚，但是一定要考前背公式，要不然大物甲上一定会给你一个惊吓
142848,845,王淼,2021-11-17 01:50:44,1,2,1,我真的不明白，科学技术史怎么能给分这么差
142924,845,王淼,2021-11-17 11:47:54,0,2,2,王淼老师讲课认真~也挺好水的，论文还在怕写的不够多，三千多一点字，满绩了来感谢老师呀！！！！！
156515,845,王淼,2022-06-20 06:29:28,0,3,3,讲课挺清楚的，平时分能给的都给了。
158343,845,王淼,2022-06-28 13:14:16,2,3,1,就有点儿离谱
160412,845,王淼,2022-09-21 15:23:31,0,1,1,谦谦君子，温润如玉。老师上课可能比较无聊，但是他比较喜欢下课和他交流
160546,845,王淼,2022-09-27 02:31:20,-7,3,10,下课前一分钟点名也是没谁了😅😅😅
162029,845,王淼,2022-11-16 06:46:23,-1,0,1,不卡绩的老师，爱了爱了，（づ￣3￣）づ
162037,845,王淼,2022-11-16 07:16:37,-1,0,1,老师真的超级超级好啊，我就平时上课认真听了，考试感觉考的一般般，但老师竟然给我那么高，真的谢谢老师。真心建议选王老师，人真的太好了吧
162050,845,王淼,2022-11-16 09:38:40,2,2,0,世界科学技术史全程上课不用听（到场做别的作业），写完简单的论文，完成一个讨论课就满绩啦，推荐推荐～
162145,845,王淼,2022-11-17 04:45:20,0,1,1,工程伦理导论的王淼老师！！！偶尔上课随机点名，每周一次讨论课，短学期的课只有一次大作业和最后一次课的随堂考。课程内容有趣！也不会占太多时间！体验感最好的一门通识课！
162177,845,王淼,2022-11-17 10:00:58,0,1,1,上课娓娓道来，课上可能有一点无聊但是课后和老师讨论很有意思，第一次写论文还在担心不知道该怎么写但是最后绩点还不错诶好惊喜\n\n科技史给分超级好！我们小组好多人都挺满意的！
162330,845,王淼,2022-11-20 07:13:21,2,3,1,第一门满绩通识！！王老师yyds！！
177065,845,王淼,2023-07-01 12:11:39,5,6,1,这是我爹
180031,845,王淼,2023-09-20 07:07:58,0,1,1,王老师真的太好了，讲课带着东北口音，但不影响听懂，给分很公正，也很照顾同学
182779,845,王淼,2023-11-20 08:20:02,0,1,1,秋学期的课出分了，过来谢谢老师，王老师儒雅随和而且给分好！感恩感恩
182820,845,王淼,2023-11-20 12:22:33,-1,0,1,王老师我的神！
182822,845,王淼,2023-11-20 12:47:06,-1,0,1,世界科学技术史：一篇论文加一道思考题，评分讲得很清楚，事少分高。想水的可选！！想学到东西的也可选！！老师讲课是那种娓娓道来的。
182846,845,王淼,2023-11-20 14:48:35,0,1,1,爹！！！！！！！！！
182885,845,王淼,2023-11-21 02:43:51,0,1,1,出成绩了，同一个小组的好几个都满了，来给老师磕一个
202524,845,王淼,2024-11-13 03:26:14,1,1,0,世界科学技术史，大一第一门满绩的课，都给我狠狠地选！老师上课内容丰富，认真听能学到很多。老师人也很温柔，给分很好。如果想水也可以水（bushi）。没有期末考，只有一个课程作业和一篇课程论文，老师人很好！！！
202628,845,王淼,2024-11-13 12:32:42,2,2,0,世界科学技术史：老师人好，事少，给分好
28796,858,鲍德松,2016-06-28 15:22:37,4,5,1,讲解简洁清楚，做事清爽，给分慷慨！
42029,858,鲍德松,2017-01-13 12:37:49,0,3,3,乱给分
80510,858,鲍德松,2018-06-27 08:46:13,0,4,4,没有老师敢承认自己的失误
87120,858,鲍德松,2018-09-20 14:34:03,0,1,1,呵呵呵
91295,858,鲍德松,2018-12-05 06:37:20,6,8,2,老师真的非常棒啊，唯一一个演示实验的近代物理老师，和蔼可亲，还会讲一些实际应用的东西！
104884,858,鲍德松,2019-03-29 11:58:59,5,10,5,这里评论太少了，我来反应一下大物实验的情况，千万不要选他的示波器和组装，真的，有时候真的别太相信老师上的评分，陈飞燕你们查查看，3.几的老师，你们肯定不选她的实验，但是她的示波器你们自己去207教室看看96，97遍地都是，你们再看看鲍总的篮子，82，83超过90的就一个(这就是我唯一一次去取报告发现的)，求路过的捧我上热评，示波器又麻烦分又不好，选你? 呢
105620,858,鲍德松,2019-04-17 11:08:54,1,4,3,。。。慎选，是我见过最认真的大物实验老师，也是给了我最低分的老师，本来可能满绩的，就他的一门实验直接拉低整体分数。各位慎选吧...
123925,858,鲍德松,2020-06-16 13:54:35,1,3,2,在出分钱来评个分。老师真的很棒！既认真又有耐心。很喜欢鲍老师。
131130,858,鲍德松,2021-01-26 05:37:34,0,1,1,给分整不戳
134443,858,鲍德松,2021-03-29 01:34:48,2,2,0,啥也不教，没有提升，相当于自学
139866,858,鲍德松,2021-08-04 08:46:01,2,2,0,简单地说，他基本上啥也不教
141113,858,鲍德松,2021-09-24 01:46:43,0,0,0,鲍老师千古\n\n先生之风，山高水长
141114,858,鲍德松,2021-09-24 17:34:09,0,0,0,中国共产党党员、浙江大学物理学系高级工程师鲍德松老师于2021年9月22日7时23分在浙江医院三墩院区因病不幸逝世，享年57岁。\n\n鲍德松同志长期从事物理实验教学工作，发挥了模范带头作用。他工作严谨细致，爱护学生，引领广大同学开展探究性实验研究，指导学生在全国大学生物理学术竞赛中取得优异成绩，相关工作获浙江大学教学成果奖一等奖；建设浙江大学演示实验室；致力于实验教学及改革等。他为物理实验中心及物理学系的建设和发展做出了重要贡献。
141118,858,鲍德松,2021-09-24 02:25:39,0,0,0,R.I.P.
141119,858,鲍德松,2021-09-24 02:38:51,0,0,0,先生走好
141150,858,鲍德松,2021-09-24 17:44:03,0,0,0,纪念🕯️
141216,858,鲍德松,2021-09-26 15:07:47,0,0,0,鲍老师已于2021年9月22日在浙江医院三墩院区去世。他为物理学系和物理实验中心都作出了巨大贡献。我们将永远怀念他！
160916,858,鲍德松,2022-10-19 15:48:25,0,0,0,写作业时又翻到老师的模板，想起他对我们的教导，先生之德山高水长
85,884,朱雯,2015-03-14 15:44:07,32,34,2,很有重点，很清楚
94,884,朱雯,2015-03-14 15:49:16,80,103,23,很好很喜欢，老师教龄30+，知识很丰富，不光物理，还有其它知识，但不会浪费时间，规划合理，上了她一年课都坚持不拖堂，［但仍然讲授清楚］，很喜欢！
104,884,朱雯,2015-03-14 15:53:09,1,7,6,讲的很明白，一打铃就下课，这点棒！
226,884,朱雯,2015-03-14 17:09:00,13,16,3,条理清晰！
306,884,朱雯,2015-03-15 00:36:27,1,3,2,讲解清楚到位
665,884,朱雯,2015-03-15 11:15:58,6,7,1,课堂氛围满轻松的
841,884,朱雯,2015-03-17 17:13:18,5,6,1,讲的非常明白 重点一定让你掌握
970,884,朱雯,2015-06-17 15:34:57,28,30,2,女神！
1191,884,朱雯,2015-03-21 16:28:33,5,6,1,很清晰
2200,884,朱雯,2015-04-08 01:17:53,6,8,2,清晰有重点
2622,884,朱雯,2015-05-05 00:28:34,4,5,1,老师很好
2663,884,朱雯,2015-05-05 04:04:52,-13,10,23,很赞，就是课堂测验有点坑…
3526,884,朱雯,2015-06-17 01:28:36,3,5,2,棒棒棒
3581,884,朱雯,2015-06-17 01:43:02,2,4,2,老师讲的很仔细很认真
3594,884,朱雯,2015-06-17 01:46:11,1,4,3,好
3739,884,朱雯,2015-06-17 02:56:58,2,3,1,讲的很仔细
3844,884,朱雯,2015-06-17 06:04:21,2,4,2,挺好的不坑
4056,884,朱雯,2015-06-18 02:35:01,2,4,2,总结公式很好，讲课给分都不错，好老师！\n\n
4145,884,朱雯,2015-06-18 02:01:33,11,12,1,好老师\n\n对学生宽容且教法极好\n\n
4595,884,朱雯,2015-06-25 00:43:03,0,2,2,讲的很仔细
4606,884,朱雯,2015-06-25 03:14:26,10,11,1,老师非常负责，讲课很有条理，不浪费课堂的每一分钟，上课气氛很轻松，赞！
5334,884,朱雯,2015-07-06 23:06:52,7,8,1,我大朱雯简直上课生活像神一般
5817,884,朱雯,2015-07-09 13:48:24,1,3,2,大赞朱雯老师，讲课清楚，而且穿插幽默
6953,884,朱雯,2015-08-23 05:30:49,0,2,2,课讲的很好
8236,884,朱雯,2015-09-17 15:49:59,-1,0,1,~~~
8238,884,朱雯,2015-09-17 16:01:49,21,22,1,时间观念强，条理清晰，很少拖堂。讲话利索，给分公平。（改了二十分钟才把字数压缩到80）感觉是目前最喜欢的一个老师～选上的要好好珍惜！
11990,884,朱雯,2015-12-21 12:36:47,1,3,2,好老师！各种好！
14863,884,朱雯,2016-01-10 10:42:01,2,4,2,物甲一是她的课，当时就觉得她上的真的炒鸡好，可惜物甲二没能选上她，因为担心老师会点名就没去蹭她的课，现在想想真的得不偿失
17332,884,朱雯,2016-01-20 04:49:40,7,8,1,老师很好，没有期中考试只有三次课堂测试，甲Ⅱ因为冲突选不了她的课好可惜
17540,884,朱雯,2016-01-20 11:13:20,1,2,1,不错。
19005,884,朱雯,2016-01-23 03:26:35,2,4,2,大物甲1和2都去朱雯老师那蹭课，一下子懂了许多，好老师，超赞！\n\n
20443,884,朱雯,2016-01-27 14:43:17,-8,4,12,超级棒女神不解释 然而二没有满好难过
21456,884,朱雯,2016-02-29 02:04:35,1,2,1,讲的很好，课堂测验代替期中考试也很好
23732,884,朱雯,2016-06-29 08:27:01,3,4,1,真的是很好的老师
23832,884,朱雯,2016-04-18 10:49:18,1,2,1,超级棒的老师，讲的很有条理，很吸引人
24642,884,朱雯,2016-05-02 23:58:27,28,28,0,很荣幸听了朱雯老师的课。老师上课不拖堂，合理规划很有计划，知识点结合例题讲解，很到位。最感人的是，一次老师骨折，但是没有请一次假，准时给我们上课。
26316,884,朱雯,2016-06-17 00:46:54,1,3,2,本科教学的典范
26467,884,朱雯,2016-06-18 15:31:14,1,1,0,像听故事，有趣
26563,884,朱雯,2016-06-20 06:20:26,1,1,0,没有期中考，考点清晰，这学期没选上，遗憾遗憾遗憾\n\n
26726,884,朱雯,2016-06-21 03:31:07,0,0,0,很好的课
27546,884,朱雯,2016-06-27 03:15:53,2,2,0,真的超级超级棒啊！讲得特别好！PPT很棒。人很好，不拖堂不点名。
28335,884,朱雯,2016-06-28 08:35:15,0,0,0,挺好的，可惜我转专业了
28470,884,朱雯,2016-06-28 09:10:45,0,0,0,知识点梳理的很清晰
28780,884,朱雯,2016-06-28 14:36:52,0,0,0,老师上课条例清楚，重点明确，选择的例题典型难度合适，负责加耐心，ppt也很棒很清楚，大物甲二没办法选时间冲突了泪。
28978,884,朱雯,2016-06-29 05:01:40,0,0,0,讲解非常清楚，上课有条理，很赞！
29062,884,朱雯,2016-06-29 07:57:24,3,3,0,朱雯!朱雯!朱雯!重要的女神说三遍!(可惜甲二没有选上老师的课︶︿︶)
29074,884,朱雯,2016-06-30 02:46:52,0,2,2,老师真的不会因课堂测验的成绩拉下你的总成绩的，平常测验全都三四分（五满），最后还是满了，好老师啊(ಥ_ಥ)
29097,884,朱雯,2016-06-29 08:34:51,1,1,0,给分.讲课.为人.都很好。就是女神！！！
29156,884,朱雯,2016-06-29 10:02:35,1,1,0,讲课非常棒，ppt也很好。平时测验水。
29215,884,朱雯,2016-06-29 12:15:46,0,0,0,啊啊啊
29216,884,朱雯,2016-06-29 12:15:53,0,0,0,。。。
29222,884,朱雯,2016-06-29 12:35:46,0,1,1,讲课很清楚，会讲很多例题，很敬业，平时测试非常水，期末考我填空错了两道，给了我4.5，感觉给分非常求是?。
29321,884,朱雯,2016-06-29 15:10:19,0,0,0,很好的老师
29322,884,朱雯,2016-06-29 15:11:04,6,8,2,怒给老师点赞!不明白这么好的老师评分怎么只有9.4! 老师讲课超好，听老师上课简直就是一种享受! 给分超好，只要上课随便听听期末就满分了!注意，是满分! 老师对同学很负责，有一次受伤了还天天柱拐上课! 怒赞! 朱雯老师女神!
29428,884,朱雯,2016-06-29 22:53:03,2,2,0,骨折后带伤上课的老师。
29499,884,朱雯,2016-06-30 01:43:17,0,0,0,老师很细心
29679,884,朱雯,2016-06-30 07:31:56,9,9,0,真良心好老师，干净利落，讲课有规划，从不拖堂，讲解耐心，上课还很风趣，遇上这么好的老师一定要珍惜！没有期中考只有三次测验。上次脚扭了打着石膏还坚持给我们上课～very nice很有责任感的老师！而且给分也好。可惜甲Ⅱ冲突选不了，上了半年课感觉怪舍不得的。爱朱雯老师～
29765,884,朱雯,2016-06-30 09:48:21,0,0,0,老师有爱又有趣~规划清晰 为学生着想 但是更希望老师能将侧重点从“怎么做”转到“为什么这样做”
30304,884,朱雯,2016-07-01 08:25:25,2,2,0,这个学期预置了朱雯老师真的很幸运啊，老师真的很棒很棒，讲课很清楚，会有自己的例题教你解题方法。如果不是下个学期课程冲突，我一定会选她的课_(:з」∠)_
32075,884,朱雯,2017-01-24 06:54:37,1,1,0,特别认真负责的老师，上课也很棒
32192,884,朱雯,2016-07-06 02:08:53,0,0,0,老师很好，可惜我没有好好学
32487,884,朱雯,2016-07-07 05:32:40,0,0,0,老师人非常好！
42036,884,朱雯,2017-01-13 12:47:40,-1,0,1,恩师，然而希望大物2再上90
43560,884,朱雯,2017-01-16 14:16:25,1,1,0,朱雯老师是个很优秀的老师 很关心学生 也很守时 讲课也很清晰 我是个物理渣然后，没挂！女神爱你 么么哒
43570,884,朱雯,2017-01-16 14:32:15,0,0,0,朱雯老师应该是我见过的最好的大物老师 虽然我没有满绩但是她的态度让我真的喜欢上大物 很感谢老师
43582,884,朱雯,2017-01-16 14:47:01,4,4,0,讲的不错就是给分略差
43591,884,朱雯,2017-01-16 14:56:46,4,4,0,老师的均绩好像比其他老师低一点哎，不过老师讲的好，赞??
43596,884,朱雯,2017-01-16 15:00:21,2,5,3,抱歉，我不觉着好
43598,884,朱雯,2017-01-16 15:03:07,1,1,0,大物1是谢男神，大物2是朱雯，但是个人还是喜欢朱雯的上课风格，讲的特别清楚，语速也适合，小测可以翻书提前说，老师人很好，简直女神，听课十分的享受啊～
43600,884,朱雯,2017-01-16 15:04:43,1,1,0,人超好！虽然大物2考的非常垃圾，但是老师真的不错
43617,884,朱雯,2017-01-16 15:32:48,0,1,1,老师好！
43650,884,朱雯,2017-01-16 16:41:42,0,0,0,超爱朱雯老师！上完她的甲1特地退了预置选的她的甲2，上课很有意思，不枯燥，老师懂得知识也很多，期末会给总结公式，很负责，很有爱的老师～
43665,884,朱雯,2017-01-16 17:03:47,2,2,0,能扯，虽然期末复习还是靠的自己。不过听听课还是蛮好的，调理清晰，有助理解对学习知识效果好，时不时提及考试重点与技巧对考试帮助很大
43885,884,朱雯,2017-01-17 05:31:22,1,2,1,超级好的老师TAT把我的大物拯救了回来！上课上得很好人也很nice！给她发邮件都会很认真的回复！祝老师新年快乐撒～
44081,884,朱雯,2017-01-17 09:03:59,0,1,1,棒棒哒
44107,884,朱雯,2017-01-17 09:30:44,-7,0,7,挺好的，就是没满绩好难过
44573,884,朱雯,2017-01-18 03:18:57,6,7,1,卷面分扣得特别狠，真的。。。
53016,884,朱雯,2017-06-24 16:24:32,0,0,0,朱老师讲题超棒的
73750,884,朱雯,2018-02-03 05:06:07,0,0,0,好好好
5308,906,吴建澜,2015-07-06 12:41:08,15,16,1,难的一笔，无论考试还是上课
18844,906,吴建澜,2016-01-22 15:32:42,15,16,1,好难啊
22221,906,吴建澜,2016-03-03 03:34:54,12,13,1,特别难
52812,906,吴建澜,2017-06-26 10:56:10,11,12,1,但故事还没有结束……
53353,906,吴建澜,2017-06-26 12:27:03,12,15,3,果粒橙与热学更配哦
56156,906,吴建澜,2017-07-03 07:06:15,43,46,3,你们听懂了吗？有什么问题吗？\n\n没人问问题的话，那我按名册一个一个喊了\n\n
80505,906,吴建澜,2018-06-27 07:39:22,6,7,1,最后一节课，考前评论一波。\n\n上课的内容是真的难?考试难度还不知道，但是遇上这个老师的大概都是求是班没得选了?\n\n老师上课还是很用心了，为了让我们理解按着名单问问题?\n\n（还有不退院的话固体物理他也等着你）\n\n（看最后绩点了?
86157,906,吴建澜,2018-09-09 11:25:44,0,1,1,虽然很难，但是是很用心的老师，上课也很耐心，有问题不管怎么样都会耐心解答，还是很喜欢的。最后的考试内容课上都讲过，给分也还行，还是很棒的。
104536,906,吴建澜,2019-03-23 03:02:50,8,10,2,老师好喜欢喝各种奶茶饮料哈哈哈哈，超级认真讲的超级好的老师了，只是我太菜orz
113733,906,吴建澜,2019-07-07 06:35:33,5,6,1,点名是肯定会点名的，很鼓励学生思考提问，赞一个。教的知识可能有点太深了，也许是我的境界还没达到吧。作业形式很现代很多样化，还有matlab的模拟，但是很难很花时间。可划水也可认真学，反复去读去想，第二次的收获更大。\n\n不说了，我重修去了
114331,906,吴建澜,2019-07-09 22:17:23,4,5,1,老师很棒，很负责任，会认真回答你的问题，虽然上课很难，但我觉得考试里的几点都应该是要掌握的，上课都讲过
114380,906,吴建澜,2019-07-10 00:25:29,8,11,3,老师上课不是照本宣科的那种，而是按着自己的逻辑讲下去。课件很用心，但有些地方有点看着摸不着头脑（自己太菜了）。突然来个配分函数给我整蒙了? 。     助教水平很高，不多说话，人很好，改作业尤其认真，几乎每一步都批了对错。让我印象深刻的是一个物理量单位写错了都给发现了?
114484,906,吴建澜,2019-07-10 05:21:58,2,4,2,不解释，共同富裕吴建澜
114486,906,吴建澜,2019-07-10 05:26:56,3,5,2,喜欢每节课按照点名册念一遍的老男神。个人认为大一一年里上的最好的物理课。老师人真的很好，声音很好听。讲的非常有思想。平时作业和考试会难一点。但是努力了就不会太差( ๑‾̀◡‾́)σ»
114489,906,吴建澜,2019-07-10 05:34:17,6,7,1,很喜欢的老师，人很好，学术能力超强，讲课超级认真，和尹艺老师是中国居里夫妇哈哈哈。还很喜欢助教小哥哥，很萌很认真，每节课都会坐在后面，批改作业很负责，每节课被吴老师cue去帮他买水也是很萌哈哈哈
114908,906,吴建澜,2019-07-12 16:38:59,1,4,3,就是上课比较难，但是我感觉都是踮起脚尖就可以够到的，算是激励学生。\n\n化挑战为动力，这样才可以学好热学这门课
115687,906,吴建澜,2019-08-18 13:30:16,4,5,1,考前建议将40ml午后奶茶，加30ml果粒橙，加20ml可乐，加10ml纯净水混合服下，必可获佳绩（开个玩笑，老师给10分
115876,906,吴建澜,2019-08-23 02:24:47,8,8,0,这门课建议改叫热统导论比较合适
119355,906,吴建澜,2019-11-12 08:18:09,0,2,2,老师挺帅的！
123347,906,吴建澜,2020-06-04 14:19:26,9,11,2,吴老两问：你们有问题吗？你们说说看刚才我讲了啥？
125331,906,吴建澜,2020-09-07 02:20:26,0,1,1,老师非常非常的好，期末考试和作业不简单，but给分真的太好了，也能学到不少东西。
127975,906,吴建澜,2020-12-02 03:00:27,-5,1,6,人帅给分好，讲的很深
133998,906,吴建澜,2021-03-11 14:31:02,11,13,2,不是很适应老师的讲课风格，还是书上写的清楚。感觉老师有意在用简单的方法讲课（就是尽量简化数学过程），但是这样就会导致逻辑上有诸多漏洞。反正我听着挺累的
138922,906,吴建澜,2021-07-11 23:17:48,-4,2,6,吴总yyds，热学课讲的东西深入浅出，很有灵性。老师人很好，上课前看看他的ppt，上课认真听一定能学到东西。\n\n这门课其实东西内核还算是简单的，理解之后其实对数学没有很高的要求，只是东西新，感觉很“物理”，收获不小的
139185,906,吴建澜,2021-07-13 07:17:00,0,3,3,给了吴总8分。吴总的课确实非常不错，非常重视在普物阶段引入统计的相关概念，对物理思维的建立很有帮助。但是毕竟热学是3学分的课，每周只有3节连课，而热统是5分（还是6分来着）的大课，在热学里面大量引入统计可能内容太多了，自己课下要花大功夫去理解。\n\n不过对于求物的同学来说，我感觉在给分这件事上，虎哥有些被妖魔化，吴总有些被神化了。这两位老师这里只要平时有在学挂科肯定是不至于的，但虎哥给分也没有那么差，吴总给分也没有那么好，感觉两位给分都挺求是的。往届学长有那样的评价可能是因为吴总捞的确实会比较狠一点，但他也只是把你捞到不挂而已，真的要捞到很高也是不会的。\n\n大一一年过去了，感觉求物的师资还是很不错的，所以大家不要因为对老师给分好坏的评价就对电磁很紧张，对热学很放松。还是希望之后的学弟学妹们能学进去！
141661,906,吴建澜,2021-10-19 08:40:44,17,18,1,查老师果然是本科生的天下啊…奉劝读研的不要进他的组，如果你不想获得抑郁体验的话
144600,906,吴建澜,2021-12-22 14:21:37,3,4,1,借楼问一下为什么不推荐读研跟他?
155953,906,吴建澜,2022-06-16 17:17:53,8,10,2,上的固体物理，上课贼难受。上课笔误很多，经常多出一项或者写错一项，过好久才反应过来，再加上这课本身就难，总以为是自己出错了，然后思维卡住，结果是老师自己的问题。\n\n还有老是点名浪费大量时间，导致几乎每节课都拖堂几分钟，整体课程进度也很赶。而且我觉得固体物理这课上课仅仅是跟上就很难了，没什么时间再去思考，所以上课很难提出什么有价值的问题来。
156836,906,吴建澜,2022-06-21 05:27:05,-4,1,5,老师真好
157957,906,吴建澜,2022-06-25 20:23:17,9,9,0,我感觉这上面的均绩是假的
159067,906,吴建澜,2022-07-05 11:47:19,10,10,0,均绩3.6？我看怕不是全班最高3.6…\n\n据助教说全班只有五六个总评上80的
169048,906,吴建澜,2023-02-24 06:32:55,0,2,2,点名式遍历提问，每个人都会在课堂上被叫起来回答问题，所以上他的课绝对不会困哈哈哈
171531,906,吴建澜,2023-03-27 13:44:44,10,14,4,讲的烂作业多
175339,906,吴建澜,2023-06-24 05:08:56,8,11,3,快跑，老师三节课点一百二十多次名，没几个人能回答出来\n\n考试也难的要死，上课抽象的要死\n\n总之他成功把热学上成了奇怪的热统
175867,906,吴建澜,2023-06-27 04:07:17,3,7,4,人品不行
176692,906,吴建澜,2023-06-29 17:20:42,-6,0,6,讲的很难但是巨捞\n\n给十分 谢谢吴老师捞我
176902,906,吴建澜,2023-06-30 15:29:39,-7,2,9,吴老师真的很厉害，跟着他能学到很多
194798,906,吴建澜,2024-06-25 12:22:19,1,4,3,1.问的太简单他会反问你有没有来上课or来听课，问的太难他会说让你自己看书。\n\n2.ppt上面小错误很多，有些地方自己也没检查过。解释一个概念就是把ppt再念一次。\n\n3.点名的时候太典了，懂的都懂。\n\n4.给分比较求是，没有传的那么捞。但其实看试卷的话，主要是考ppt上面的内容和应用。\n\n5.老师讲课应该算挺有热情的，但是对我们的水平还有空闲时间有着不切实际的想象。\n\n6.推荐上他课前确实要及时复习。预习就看汪的书就可以了。\n\n7.作业很多，而且布置得不及时，平时分也很求是。\n\n8.没有了。
195115,906,吴建澜,2024-06-26 23:54:22,-8,1,9,上课会顺着名单提问 所以别想逃课hh\n\n建澜哥为人和蔼，很负责任。最特别的一点是课堂内容结合了热学和热统，并用自己的思路讲授。非常喜欢建澜哥的课堂，跟着他的思路不知不觉三节课就过去了，一气呵成。\n\n热学这门课难度很大，需要自己课下花很多时间消化形成知识体系，建议多问问题，ppt上的推导都要自己会推（ppt上确实会有小错误，可以直接问建澜哥也可以看汪志诚相关部分）。\n\n建澜哥有一点很好就是教考紧密结合，作业的题目可以帮助同学深化对概念的理解，考试的内容也和ppt高度相关，难度分配也很合理。\n\n至于给分，似乎褒贬不一，个人感觉给分挺好的。\n\n总之吹爆建澜哥！
195231,906,吴建澜,2024-06-27 10:29:52,0,4,4,吴老师上课很有热情，备课的也很仔细。课程难度和容量，个人觉得对大一ers很合适。但其中系综和相变的部分讲的不是很深入，需要自己下来看热统的书才能弄明白。
218975,906,吴建澜,2025-05-15 16:49:39,6,6,0,人很差作业很多要求很多上课也讲不明白还会发火不让玩手机
219125,906,吴建澜,2025-05-22 03:20:27,7,7,0,这人分这么高请的水军吧，课讲不明白，作业一大堆，分也很低，考试巨难，人还高傲，我们全班都建议你别选
219174,906,吴建澜,2025-05-22 17:09:24,7,7,0,被恶心到了，爱点名讲得差考试难作业多脾气差，一个老师不能全占吧，但是你做到了
219354,906,吴建澜,2025-05-25 15:17:17,5,5,0,讲的又差又难，作业一堆，上课提问还压力同学
219367,906,吴建澜,2025-05-26 01:53:38,5,5,0,怀疑请的水军，春夏学期体验感最差的课
219479,906,吴建澜,2025-05-28 08:35:05,6,6,0,讲的乱，从来不按课本讲，自身能力还不行，自认为讲的极好，但是学生水平太次。经常怀疑学生是不是走后门进来的。上课类似火爆辣椒，一点点一排，要么就是可汗大点兵，按着点名册点。
220155,906,吴建澜,2025-06-15 15:34:49,4,4,0,太难了快跑
220804,906,吴建澜,2025-06-20 01:26:16,4,4,0,课程难度高，考试也比较难，需要努力自学，热学书和热统书结合着看，如果这样的话可以学到挺多东西的。
14558,977,李有泉,2016-01-07 15:11:07,3,3,0,很棒的授课技巧
21934,977,李有泉,2016-03-02 00:32:31,2,3,1,讲课好无聊。
365,978,王俊,2015-03-15 01:26:36,22,32,10,上课讲的很催眠 一学期有两次小测 最后给分极坑
644,978,王俊,2015-03-15 09:55:51,30,47,17,大物最后一节课放全班鸽子，课程进度慢
925,978,王俊,2015-03-19 03:02:37,23,27,4,糟透了
1008,978,王俊,2015-03-21 07:44:26,7,12,5,听懂很费劲
1964,978,王俊,2015-03-27 03:09:17,9,13,4,我直接去听别的老师的课了
2578,978,王俊,2015-05-04 14:55:49,13,19,6,考卷很明显出错了，他说没错\n\n有题目不清楚有歧义，其他班有提示，他什么都没有说\n\n原来以为老师不重要，学习靠自己，结果事实证明还是重要的，最起码考试的时候比较有用
2780,978,王俊,2015-05-07 07:23:17,170,191,21,这个有问题，我的哲学老师是王俊，浙大有两个王俊，这个给并在一起了。不公平
3023,978,王俊,2015-05-13 03:16:45,8,11,3,无聊
3485,978,王俊,2016-06-15 02:19:57,35,61,26,最后竟能满绩…不得不说大物主要还是靠自学\n\n
3907,978,王俊,2015-06-17 07:59:45,8,10,2,很无聊的
4019,978,王俊,2015-06-17 14:00:53,16,20,4,催眠曲，只能自学了！而且据说给分也挺低的。
4678,978,王俊,2015-06-26 04:21:28,8,9,1,呵呵和呵呵
5498,978,王俊,2015-07-08 03:11:29,8,10,2,上课特别无聊就算了，还点名；点名就算了，最后给分还这么低！
5728,978,王俊,2015-07-09 08:02:46,-3,3,6,给分不错
6294,978,王俊,2015-07-12 19:32:54,18,19,1,自认为学得还行至少能及格，然而49分已无爱
6625,978,王俊,2015-09-15 06:19:30,8,8,0,给分极坑
8131,978,王俊,2015-09-17 06:03:19,8,10,2,想睡觉
8461,978,王俊,2015-09-21 11:25:59,8,10,2,想睡觉
8469,978,王俊,2015-09-21 12:30:59,8,8,0,极烂！
8795,978,王俊,2015-09-28 02:55:20,8,8,0,谢邀，听的醉了。
9251,978,王俊,2015-10-19 01:53:45,8,9,1,呵呵呵呵。良辰都听不懂你还能懂么
10266,978,王俊,2015-11-18 00:47:12,0,1,1,现象学导论上课极其无聊 给分不可理喻
11167,978,王俊,2015-11-25 02:51:05,3,4,1,泻药。不好意思大雾没听过。
12104,978,王俊,2015-12-22 00:25:02,81,112,31,要是名字加个凯字我还能勉强听的下去！
13662,978,王俊,2015-12-30 09:03:38,2,9,7,听说他和掏粪男孩的关系不错
14124,978,王俊,2016-12-19 13:42:43,19,21,2,进度超级慢，其他老师都上完了，他上不完于是留了两章给学生自学
14325,978,王俊,2016-01-06 08:50:58,0,2,2,老师讲课非常逗，不过进度有些慢，如果不考虑老师单纯听课的话其实可以学到一些知识的。
14656,978,王俊,2016-01-08 06:11:49,10,12,2,这什么情况啊，看你们的评论都不知道你们评的是物理的还是人文的老师。可以注明一下么。
15753,978,王俊,2016-01-16 08:28:36,45,47,2,哲学系王俊老师很好啊！！不过学习帝，两个老师在一起什么鬼！！
17240,978,王俊,2016-01-20 02:24:02,2,8,6,只能说大物真的完全靠自己  和老师没多大关系  当然王俊也没想象中那么差
17289,978,王俊,2016-01-20 03:45:34,4,10,6,大雾主要还是自学，至于老师本人，人其实不算差，不过讲课可能不是很好
17628,978,王俊,2016-01-20 13:50:59,26,33,7,上课无聊，爱讲冷笑话，大物全靠自学，进度比人家班慢不知道几章，最后得分极低……大物竞赛得奖都不能拯救绩点……哭给你看……
17691,978,王俊,2016-01-20 15:48:53,8,8,0,@那个49分的，我也49分。他大物甲2班上挂的人真多
17960,978,王俊,2016-01-21 04:51:08,7,8,1,很儒雅 哲学问题讲得挺好
17961,978,王俊,2016-01-21 04:51:27,29,33,4,王俊(哲学问题)老师人很好，对于我们大多数没有接触过哲学的学生来说，他的讲课方式循循善诱，非常适合
18144,978,王俊,2016-01-21 08:18:59,1,3,2,除了逗，一点都不好，给分也不好，上课也不好。
18270,978,王俊,2016-01-21 10:58:16,-1,2,3,好，太幽默了
18345,978,王俊,2018-09-21 04:38:28,35,39,4,第一节课他说：“你们自学能力差的还是不要来上我的课。”我一直不信。直到刷出期末的成绩，我才第一次意识到，原来我的自学能力    这么差（微笑）（冷漠）.
20280,978,王俊,2016-01-27 02:14:32,37,40,3,这个10分我给的是哲学老师王俊，真的是很棒的老师!
21242,978,王俊,2016-02-27 10:18:28,3,5,2,物理系王俊。在他之前，我这辈子就没有遇见过这么差的老师。
21290,978,王俊,2016-02-28 03:10:35,2,2,0,上课没意思，进度太慢。等到期末了来不及了才疯狂赶进度，最后还没赶完。。
21454,978,王俊,2017-09-27 16:52:47,42,47,5,付丁为了听懂课，憋着不拉屎
21469,978,王俊,2016-02-29 03:05:36,0,1,1,睡吧~睡吧~睡哒~水哒
21540,978,王俊,2016-02-29 06:41:54,2,2,0,呵呵呵的物理老师
22864,978,王俊,2016-03-14 00:46:15,2,2,0,这物理让他讲的，好差啊，讲的是什么鬼
23099,978,王俊,2016-03-17 15:27:50,-2,3,5,我室友说老师很渣所以我给10分
23431,978,王俊,2016-03-30 00:25:47,1,1,0,不解释，差评
24842,978,王俊,2016-07-01 03:18:10,1,3,2,大物讲课糟糕糟糕糟糕。给分极差极差极差
25418,978,王俊,2016-05-18 02:57:01,0,3,3,老师很可爱，上课还会给我们带一些试验器材，也很有耐心。
25950,978,王俊,2016-06-14 14:03:41,1,2,1,好老师，只是讲课讲得太烂
26071,978,王俊,2016-07-05 02:35:22,23,26,3,虽然满绩，但是仍然给了一分。一个好老师应该有自己的讲课风格，有自己的讲课重点。大物老师王俊完全只是照着ppt在读，根本不解释每一步的分析过程，平时还有过嘲讽学生的现象。很多题目感觉他自己都不清楚却来教我们。我希望评分能客观一点，不要因为给了你满绩就一直帮他吹。
27771,978,王俊,2018-07-10 05:40:42,-24,3,27,大雾。期末发短信很重要很重要。估计期末考是不及格的，然后考完发了短信，硬生生被拉到七十多。一本满足。
27876,978,王俊,2016-06-28 02:20:36,0,0,0,。。。
28143,978,王俊,2016-06-28 08:09:37,3,4,1,上他的大物课=药丸，不说什么了，希望别挂。。。
28146,978,王俊,2016-06-28 08:09:52,0,0,0,从来没听过，也不好做评价
28964,978,王俊,2016-06-29 04:31:47,2,3,1,垃圾老师，烂的一批。不如自习，听课不如自习。
29014,978,王俊,2016-06-29 06:27:27,4,5,1,哲学的王俊真的超棒的 期末考题目都会提前告诉 事少人棒
29138,978,王俊,2016-06-29 09:34:51,12,13,1,人文学院的王俊老师很好！！从不点名没作业，期末考会先告诉你题目！上课内容很棒还会和大家一起讨论问题，学习帝把两个老师弄一起了
29163,978,王俊,2016-06-29 10:21:38,0,2,2,（物理 甲1）为了平时分好打，会有点名，三四次吧。然后课上的一般，开始能跟上，然后感觉不行，期末的时候自学了四个章节，应付考试还行。经常会带器材来演示（陀螺仪，什么速率分布的板）期中小测有点难，这也是要我们平时好好学啊。如果期末难度3，小测就有7，也别妄想上课听听就能考好，关键是课后的投入。
30068,978,王俊,2016-07-01 01:46:10,0,1,1,靠自学喽，最后分还不错，嘻嘻
30073,978,王俊,2016-07-01 01:50:39,1,2,1,哲学问题的王俊，课很水，非常水。。。但是期末会给题库，给分很好
30075,978,王俊,2016-07-01 01:53:52,7,7,0,让我体验到了付出没有一丝回报的感觉。
30076,978,王俊,2016-09-02 17:48:06,2,2,0,自学比听课效率高
30111,978,王俊,2016-07-01 02:49:28,27,30,3,我只能说哲学老师王俊也拯救不了这个坑比王俊（ps.SB老师毁我青春）
30115,978,王俊,2016-07-01 02:50:25,1,1,0,给分不是一般坑
30121,978,王俊,2016-07-01 02:55:42,4,5,1,哲学的王俊老师超级棒超级棒！！给分好！物理的王俊老师就是辣鸡！
30122,978,王俊,2016-07-01 02:58:28,0,1,1,辣鸡辣鸡辣鸡辣鸡辣鸡辣鸡辣鸡辣鸡辣鸡辣鸡——P学姐
30123,978,王俊,2016-07-01 02:59:25,3,3,0,不给过程分！！！真是日了狗了。。。给分超级坑，开学的时候学长听我大雾选了王俊劝我赶紧退，但是懒得退，唉，伤心
30124,978,王俊,2016-07-01 03:05:24,2,2,0,无聊，给分坑。大物选上他一定要退课
30127,978,王俊,2016-07-01 03:18:42,3,3,0,哲学课老师，人超级好，讲得有很好，幽默
30133,978,王俊,2016-07-01 03:22:26,0,1,1,上课不是很清楚  期中考难度挺大  到最后按排名给分的  不要慌  主要是提醒你该预习了   期末刷刷题  绩点也是可以的
30151,978,王俊,2016-07-01 04:03:15,1,4,3,靠自己拿了满绩，但还是打1分。上课没有重点，不知道在上啥
30264,978,王俊,2016-07-01 07:04:11,0,9,9,大物全靠自己 最后三天自学满绩 不是很懂为什么评分这么低？考得差还怪老师！我知道这条评论肯定要被灭！但我觉得大家还是应该找找自己的问题！老师只是学习的辅助！
30324,978,王俊,2016-07-01 09:15:17,0,1,1,老师讲的还行，要加紧自学是真的，最后给分不错啊不知道为啥评分这么低
31292,978,王俊,2016-07-03 14:38:37,2,4,2,不听4.8。听了3.9。嗯就这样
31605,978,王俊,2016-07-04 09:07:20,4,5,1,10分给教德国哲学的王俊老师，我一个对哲学一无所知的人纯粹为了凑学分选了他的课，但真的收获了很多知识，老师人非常好
33880,978,王俊,2016-09-22 08:45:19,2,2,0,垃圾大物老师，毁我青春
38353,978,王俊,2016-11-30 16:33:52,-1,3,4,老师人真的挺好
38488,978,王俊,2017-02-26 07:07:26,0,1,1,傻逼透顶
38624,978,王俊,2016-12-12 16:30:14,3,4,1,给分低
41060,978,王俊,2017-01-09 02:16:43,12,12,0,大物老师王俊:运气不太好连着两学期都是他的大物，非常坑，讲得太慢导致最后一章讲不完，别人老师都在复习了，他还好几章没讲完，这几章怎么也得在最后考试中占几十分吧，考试周自学完几章直接导致没时间复习，然后就完了
41195,978,王俊,2017-01-10 03:08:17,4,5,1,哲学系的王俊老师：老师上课干货很多，如果好好听课的话真的会有所收获，讨论课也很有意思！！建议好好听课！好好听课！！
41854,978,王俊,2017-01-13 04:55:50,6,7,1,哲学的王俊老师人超级好哒 哲问期末会给考试范围 还把所有的课件都给我们了。平时上课有一种翩翩风度，时不时有一些小幽默。感觉挺好的。
42428,978,王俊,2017-01-14 07:55:30,-4,3,7,1.会补充一些课外内容，对真正想深入学的人有帮助 2.讲课会慢很多章，原因在于上一条（真的得自学）3.竞赛参加就能加平时分 不过不知道最后给分如何 4.比较耐心 下课我拖住他问四十分钟他也没有不耐烦 \n\n5.我要感谢他 因为参加了才知道竞赛这么水！以前一直不敢去 6.没有平时小测验欸！！！7.真的真的没他们说的那么差！！！明明是个好老师...值得一选\n\n\n\n
42646,978,王俊,2017-01-14 16:09:58,7,7,0,人文学院的王俊老师 人真的非常好 非常好非常好 我是老师迷妹ahhhh能学到很多哲学 虽然我们都不是哲学专业但是老师很认真 讨论课都很认真的听我们非哲学专业的瞎扯ahh
43753,978,王俊,2017-01-17 02:26:25,0,1,1,出分了兄弟们
43758,978,王俊,2017-01-17 02:31:24,3,4,1,物理的王俊是真的差，讲课和给分都不好。
43839,978,王俊,2017-01-18 09:43:37,7,8,1,傻逼公众号，把两个老师混在一起我还以为物理的王俊不错，害惨了我。。。
43849,978,王俊,2017-01-17 05:02:55,2,3,1,零分滚粗，人贵有自知之明啊，自己讲的不好，好歹给分好一点啊，不求别的啊
44042,978,王俊,2017-01-17 08:40:14,0,1,1,竞赛获奖了，然而...期中考90+，又有什么用呢，结果期末呵呵...（只能说上课貌似不备课的样子）
44219,978,王俊,2017-01-17 12:03:54,2,2,0,王俊大物课的小伙伴们，自求多福吧！垃圾老师?
44749,978,王俊,2017-01-18 07:59:28,2,2,0,大雾二讲的超慢好多都不讲了让自学，然而讲了的部分也就是慢速读ppt，考试周基本全用来看大雾了考完觉得勉强七十吧结果最后五十多？？？好气
44819,978,王俊,2017-01-18 09:47:01,1,1,0,能选别的老师就去选别的老师吧
48447,978,王俊,2017-03-04 05:18:45,4,5,1,辣鸡王俊挂我大雾辉我青春
48652,978,王俊,2017-04-30 13:30:39,3,3,0,哲学系的王俊老师非常好～工科生 选了两次哲学系的课 收获很多 觉得老师闪闪发光hhh
48793,978,王俊,2017-03-13 06:22:59,1,1,0,确实辣鸡
50348,978,王俊,2017-05-02 12:08:35,1,1,0,听不懂，完全靠自学
52955,978,王俊,2017-06-24 06:44:27,0,0,0,其实讲的可以，就是教了大物。
53158,978,王俊,2017-06-26 05:26:53,0,2,2,很好的老师，喜欢
53397,978,王俊,2017-06-29 12:44:31,6,6,0,全靠自己\n\n还有期末考一定要写好序号
53726,978,王俊,2017-06-27 11:30:07,0,0,0,不点名，讲课慢，从没听课，不知成绩怎么样
54419,978,王俊,2017-06-29 09:54:33,-2,1,3,物理王俊，真的有点坑………
54438,978,王俊,2017-06-29 10:07:38,0,0,0,大物讲的无聊还绩杀
54445,978,王俊,2017-06-29 10:14:37,0,0,0,期末考试之前有好好复习 为什么啊天
54487,978,王俊,2017-06-29 11:22:25,8,8,0,成绩靠自己，不点名，上课可以不去，作业要交的。
54505,978,王俊,2017-06-29 12:45:59,0,8,8,教物理的王俊上课从来不点名，到课率低也不会去查谁没来，上课爱讲冷笑话，最后给的平时分是比较高的。虽然听说他期中期末改卷给分有点问题，但是总体上来说还是可以的。那几个说拯救不了绩点的怕是不听自学，然后失败了吧。
54510,978,王俊,2017-06-29 12:54:00,3,3,0,不知道试卷怎么改的，和对答案的估分差了10分，求复核啊！！！
54557,978,王俊,2017-06-29 15:19:27,2,2,0,老师不点名，不管教室多空也不会。可以不上课，但作业不要漏交，一次都不要漏。大物丙期末考试比以前难很多，考前一定好好复习吧。王俊的物理，能退了重选就退了重新选吧！！！！！！！！！！最后考试给分呵呵。
54596,978,王俊,2017-07-01 14:28:26,0,0,0,扣平时分？？……是为了正态吧
54652,978,王俊,2017-06-30 03:20:02,0,0,0,必须声明一下，这1分是给大雾的王俊。讲课那么烂，给分还那么差，绩杀
54659,978,王俊,2017-06-30 03:29:36,0,0,0,想睡觉啊感觉讲得不如自己看清晰，笑话的点很奇怪。
54721,978,王俊,2017-06-30 05:43:57,1,1,0,头一次给老师评分 就是恨不能给负的 上课不知道讲的什么玩意儿 还瞎扣平时分 以后选上了赶紧退了去选别人的吧
55037,978,王俊,2017-06-30 16:23:19,0,0,0,。。。
55048,978,王俊,2017-06-30 16:36:01,1,1,0,呵呵呵呵呵呵 每次都有交作业每节课都有到尽管老师讲得根本都听不下去 还扣平时分？？（大学物理
55137,978,王俊,2017-07-01 01:45:22,1,1,0,期末莫名其妙这么低我可能是做了答案没保存就提交了
56191,978,王俊,2017-07-03 08:12:22,0,1,1,老师讲得实在差，完全靠自学。最后虽然拿了满绩，但从老师的课上并不能学到很多。
56226,978,王俊,2017-07-03 09:35:38,-1,1,2,可以的
58892,978,王俊,2017-09-18 09:35:38,0,0,0,被室友拉来旁听一节哲学问题 作为理工科被老师鄙视了
60768,978,王俊,2017-10-30 02:30:20,3,3,0,讲真，大物老师王俊很有催眠功底，恕晚辈不才，只能从清醒中昏睡，却不能再清醒过来。
62943,978,王俊,2017-11-27 11:58:09,0,5,5,提前声明是大物王俊，这个人真的垃圾，预置他的课赶紧退！赶紧退！赶紧退！重要的事情说三遍！讲的烂还他妈故意给别人挂科？？？平时分给满绝对能过的就是不给满？？而且卷面分故意给的特别低？？辣鸡玩意配在这里教书？？
63637,978,王俊,2017-12-11 06:48:28,0,3,3,大物实验-王俊。他的三个实验是最简单的三个，给分好的不得了。学习帝上还有相关实验报告模版。就冲这个实验难度，给分程度，给个10，真不嫌多。
64875,978,王俊,2017-12-27 14:51:30,-1,2,3,看他大物实验给了我这么高的分，一定要给他十分
66457,978,王俊,2018-01-16 16:35:33,0,0,0,讲课速度慢像给小孩讲课，但完全讲的不好，没有节奏。老师特别不好！太在乎点名而不是学生的学习。建议退掉如果选上这门课。
67589,978,王俊,2018-01-21 15:18:30,1,2,1,大物实验给分超级好，讲得也清楚，关键是他的实验是最简单的！
70907,978,王俊,2018-01-27 23:59:59,2,2,0,不太负责任，发邮件问题目也不回我，和上学期的物理老师谢小平形成极大反差，上课也不太清楚。记得他讲过一个冷笑话，在课堂上做展示实验的时候，这两个磁铁吸的很牢，下个做这个实验的是个女老师，我看他怎么弄开！。。。。。。
71618,978,王俊,2018-01-28 17:13:23,7,8,1,物理王俊，简直刷新我想象中最烂的老师的下限，预置他的不退后果自负
72591,978,王俊,2018-01-30 12:54:43,1,2,1,大物课上人不多，老师讲的也慢悠悠的，到期末刚刚好上完所有内容。王俊老师没前面那些评论里说的那么差。无论上谁的课，大物想要那好成绩，主要还是靠自学。
73025,978,王俊,2018-01-31 15:59:46,2,3,1,哲学问题期末占70%，很好考，提前两天准备一下就好，平时就每节课去接受一下思想的碰撞就行，没有任务，很轻松。
73063,978,王俊,2018-02-01 00:15:03,3,4,1,10分给哲学王俊老师 上课循循善诱 条理清晰 也有意思 另外 助教也非常棒
74697,978,王俊,2018-03-05 06:43:23,3,3,0,大物丙……玄学
74797,978,王俊,2018-03-06 02:16:19,1,1,0,垃圾物理老师
76059,978,王俊,2018-03-26 06:09:10,1,1,0,脑洞真大……
76462,978,王俊,2018-04-10 05:07:54,0,0,0,想睡觉
79027,978,王俊,2018-05-21 04:28:10,4,5,1,大物是真的很烂了！！！要不是要交作业 我真的一节都不想去…………根本不如自学………讲的超级烂超级慢 根本不知道你在讲什么东西 有些很简单的道理 语速超慢地讲超多超多遍 有些难题 又讲得乱七八糟
80291,978,王俊,2019-07-11 03:20:12,-30,22,52,给教我大物丙的王俊老师评分，10分！虽然我上课从来不听，都是自学，期末快考试了很慌。但是，想给老师洗一波白！老师上课是不吸引人，也会讲冷笑话。但是他上次说，最近梅雨天气，雨很大，快期末了，我的想法就是，奉陪到底。我听了很感动啊！其实我觉得老师应该是很认真在给我们上课，从来没有迟到过，作业量和交作业时间也很考虑我们的感受。尽管老师也许真的不适合上课，也许更适合做科研，脑子里很有思想，可是就是不知道该怎么传达给我们。好的教授不一定是好的老师，好的老师不一定是好的教授。我们人生的运气是一定的，一段时间里，总会碰到几个上的很好的老师，也会碰到几个上的没这么好的老师。遇到不好的，绩点低，没必要怪老师。本来老师就只是起一个引导的作用，真正学的还是你自己。如果说，到了大学了，还没点自学能力，真的建议你应该好好反思一下。另外，再重复一下，那些说老师不好的话的人，你们应该感到羞愧。因为你在不尊重别人，尤其是长者的时候，其实是把你自己的素质丢了一地。
80295,978,王俊,2018-06-24 13:41:43,1,3,2,物理老师讲课水平确实不咋地，但是态度满分，而且感觉老师已经很努力表达了，可能不适合教课吧。靠自学，物理基础好的没考好怪自己，基础差的不建议选这个老师。知道很多人不来也绝对不点名。确定交作业的时间还会考虑学生意见。
83032,978,王俊,2018-07-09 13:52:57,12,12,0,这是第一次在查老师上评分，但是真的对老师很失望了。想佛系来着。。。但是不管是期中评分，还是最后总评。。。
83038,978,王俊,2018-07-09 14:05:02,3,4,1,讲课不在重点，用的大物甲的课件，不讲丙的，期中说是他自己出的卷，基本都不及格(-ι_- )
83041,978,王俊,2018-07-09 14:10:03,2,2,0,大物老师  讲课真的很差 认真听都不知道在讲什么  如果上他的课完全就靠自己自学吧  最后全班成绩贼低  真的不适合上课
83045,978,王俊,2018-07-09 14:16:04,3,4,1,大物王俊上课无聊最后绩杀，上课等于自学，预置到他的大物emm自求多福
83050,978,王俊,2018-07-09 14:25:25,5,7,2,大物老师是我这辈子遇见的最差劲的老师，没有之一，有节上课上十几分钟因为自己身体原因走了，进度极慢，最后一节直接告诉我们不要来了…全靠自学…虽然期中成绩不好，可我期末卷应该还行吧，但是给分极低，差点就挂了…最低绩点…说实话一分都不想给，不只是绩点，更觉得老师上课无聊而且态度有问题
83051,978,王俊,2018-07-09 14:28:08,4,5,1,有零分一定给零分，这老师上课没重点，最后几章内容讲的少，然后考试全考后面的内容，很多人挂科，预制了他的课赶紧退赶紧退
83058,978,王俊,2018-07-09 14:42:16,-3,7,10,大雾丙的王俊，出分前看老师的评论心都要碎了，没想到最后能给满绩，可能大雾丙这门课本身相比大雾甲乙还是简单不少。老师人还是不错的，平时不签到就是收收作业本，期末最后也把平时分调高了，讲课相比其他老师确实慢一点也比较无聊，但应付大雾丙的考试足够了(可能大雾甲就不太一样了)，总之学弟学妹们要是预置了他的大雾丙还是不要虚
83067,978,王俊,2018-07-09 14:58:42,0,0,0,呵呵呵
83069,978,王俊,2018-07-09 15:03:20,1,1,0,……1.8，虽然老师人还不错，但教学实在……不解释
83084,978,王俊,2018-07-09 15:43:19,1,1,0,无语了....真的是无语 绩点这么低
83097,978,王俊,2018-07-09 16:11:07,3,4,1,大物老师王俊，上课很慢，声音很黏，适合睡觉。从来都是本想认真听，却没过几分钟就犯困的状态。期末全靠自学，其实大物丙不管是哪个老师基本上都是自学，也没什么区别。上课不点名不签到，不过要交平时作业。不仅讲得慢，平时还会有事故不来上课，最后一节直接不上。不过他会调高平时成绩比例，如果期末认真复习，最后的绩点不会太丑的。
83104,978,王俊,2018-07-09 16:33:07,3,3,0,为什么没有零分！！！垃圾王俊！毁我青春！（我指的是大物的王俊）
83133,978,王俊,2018-07-09 22:27:54,4,7,3,学弟学妹，听一句劝，预制了王俊的课赶紧退，千万别犹豫，预制他的课基本等于自学。听他的课就等着绩杀吧，即使大物丙很简单
83143,978,王俊,2018-07-09 23:37:12,3,3,0,大雾的王老师 本来想着都上过大雾甲1了期末都考94了大雾丙随便选个老师没什么关系的……平时作业都交，都拿到了A，然后最后就拿到了大学最差成绩没有之一……虽然自己期末没复习好也有原因，但……期中考试前一个班全部连在一起坐，考试未结束的时候都能看到很多的交头接耳，轮到我们班全部隔开坐，大题结果错分数基本扣完。不知道期末成绩，预估没有差成这样，估计批卷的时候也没给过程分。no zuo no die吧
83148,978,王俊,2018-07-09 23:56:41,0,0,0,最好背下一本书的公式
83220,978,王俊,2018-07-10 02:49:07,1,2,1,教物理的王俊简直就是一个弱智
83274,978,王俊,2018-07-10 04:00:13,2,2,0,毁我青春和gpa
83417,978,王俊,2018-07-10 08:46:29,3,3,0,大物实在是......全靠自学！\n\n
83446,978,王俊,2018-07-10 09:53:20,6,9,3,首先，这个老师是不点名的，到课程的中后期教室就空了一半了。其次，这个老师是不调分的，也不回邮件的，所以分数不好就自己扛着。最后，这个老师的课，会有很多人挂，听说有一个寝室全挂了，所以，大家且行且珍惜，宁愿退了预置选其他的，也不要冒这个险。
84569,978,王俊,2018-07-13 08:05:28,0,2,2,虽然满了，但1分不解释
85232,978,王俊,2018-07-16 08:41:42,3,4,1,我只想让他负分滚粗\n\n考完试直接失联，连邮箱都不说\n\n上课跟屎一样基本靠自学\n\n无故不上课，还说最后一节课不上是机动？？？？
87192,978,王俊,2018-09-22 01:36:03,1,1,0,辣鸡玩意
88431,978,王俊,2018-10-31 01:27:02,0,0,0,十分稳加平淡\n\n
93893,978,王俊,2019-01-14 07:36:59,0,1,1,哲学老师，王俊；真的很好，讲课语气听着很舒服，而且内容还挺多的，学到了很多，感受到了哲学的美丽。老师在考试之前还会给大家讲讲大概出那些方面的题，很用心地帮大家备考，太暖心了吧\^O^/特来评论给老师打call
94151,978,王俊,2019-01-15 10:38:13,6,6,0,大物乙一循环班，老师讲课很细致，要签到，没有作业。考前说题目在ppt里有很多就真的有很多一样的。可惜考前没有做完PPT里的题，然后考试就觉得凉了但是出分了居然没挂，真的感谢老师。老师会在自己感冒的时候说我普通话说的不太标准很抱歉因为感冒更加不标准了，也会在雪天只来了几个人的时候说我们先看看雪等一等别的同学。而且很多人在签到前才来，签完到就走他也很难过。老师很努力在教，而且也没有看不起我们这些挂过科的人，是真心希望我们能学一些物理并且拿到及格的老师。当时循环班只有这个老师看了评价差点决定重修，现在想想很感谢老师，也很后悔上课没有很认真。不评价他其他课毕竟也没有上过，但循补班不必因为老师那些评价而退缩。
94661,978,王俊,2019-01-17 15:07:18,0,1,1,想嫁给他！男神！爱现象学！
108869,978,王俊,2019-06-03 11:45:44,1,1,0,告诉大家一件好事！哲学王俊和物理王俊分开了！
111331,978,王俊,2019-07-01 03:20:23,3,5,2,不调分.大家看着办吧
111332,978,王俊,2019-07-01 03:23:11,3,6,3,一分送给大物王俊.\n\n一分不调.动不动点名.上课念PPT\n\n同班同学都退选.我怀着侥幸心理想试试.\n\n果然试不得.后面的同学别再冒死选了.就算是预置的赶紧退退退！！！
111334,978,王俊,2019-07-01 03:25:36,3,4,1,大物丙绝对垃圾课程！！！考试玄学！！！教材出的也不好 明明很简单的概念反而被他说的很难 最后一句老师上课念经加考试不调分是真顶不住...喜提大学最低绩点
111343,978,王俊,2019-07-01 03:48:02,1,2,1,【大物丙】谢谢王俊爸爸不挂之恩
111345,978,王俊,2019-07-01 03:54:55,4,5,1,均绩3假的吧，挂了怎么多难道不应该1.0左右吗，艹
111348,978,王俊,2019-07-01 04:11:28,2,3,1,我以为wqy的普化是我的最低绩点了\n\n没想到一山更比一山高\n\n我落泪了?\n\n感谢老师平时分给满让我过了? \n\n但是可以看出真的不调分?
111353,978,王俊,2019-07-01 04:31:16,3,4,1,讲课慢，催眠，点名，如果上课自学他还会一直叫你听课，一个班上两排人都坐不满哈，我挂了是我垃圾，但是老师也垃圾。
111381,978,王俊,2019-07-01 05:34:32,3,3,0,太辣鸡了555555\n\n赶紧退！！！！
111434,978,王俊,2019-07-01 13:10:34,2,2,0,本来没觉得我会挂的，但是不调分这个真的顶不住了，本来就期末就出得比较难不及格的人就很多了。要是都不调分就算了，关键其他老师都在想办法给分。服了，自己倒霉呗。
111438,978,王俊,2019-07-01 13:32:30,4,4,0,别以为自己物理基础不错就不会受到老师的影响了，王俊能让你怎么死的都不知道。教的稀烂还不调分，想挂科就赶紧选吧。
111721,978,王俊,2019-07-02 16:09:29,1,3,2,上课没水平，期末不调分，差评
111942,978,王俊,2019-07-03 03:53:41,2,4,2,还不错，喜欢，问他问题很耐心地解答
116710,978,王俊,2019-09-14 00:57:18,2,3,1,如果你抱着想努力向上认真听课的心去上课，那这老师不适合你，根本是自习课呢
118683,978,王俊,2019-10-30 12:54:50,0,2,2,评一下大物实验，真的给分超级好，不要因为别的课他评分低就不选他的实验。他的实验是我目前最高分的一个
118845,978,王俊,2019-11-07 03:29:03,3,7,4,建议开除
119156,978,王俊,2019-11-11 02:16:33,-2,6,8,王老师nb！物理
125163,978,王俊,2020-09-02 12:48:56,8,11,3,给分极低，讲课极差，我怀疑他在搞我考试周心态
125164,978,王俊,2020-09-02 12:52:46,0,2,2,没话说了
125165,978,王俊,2020-09-02 12:53:48,1,3,2,很差欸
125170,978,王俊,2020-09-02 20:38:32,2,5,3,傻逼东西，tmd大物丙被他教不挂科就是万幸
125290,978,王俊,2020-09-05 15:01:33,1,3,2,上课教得云里雾里，全靠自学，给分极差，平时分瞎给。\n\n快逃。
125335,978,王俊,2020-09-07 03:16:11,5,7,2,大物丙，一个字“逃”（微笑脸）
125761,978,王俊,2020-09-14 04:51:26,0,3,3,垃圾中垃圾
125822,978,王俊,2020-09-14 13:06:43,1,6,5,傻逼王俊 毁我绩点  拉了0.5  那没事了 傻逼傻逼傻逼 傻逼傻逼 垃圾老师 赶紧退课 别怀有侥幸心理  傻逼老师  傻逼傻逼傻逼
125944,978,王俊,2020-09-16 02:40:53,0,1,1,讲课有点慢
133846,978,王俊,2021-03-08 05:58:24,1,3,2,老师没有自知之明，讲课讲的烂，还让同学们听，还非要点名
135326,978,王俊,2021-05-08 06:19:09,11,12,1,别的课我补没交的作业\n\n他的课我补没教的作业
136429,978,王俊,2021-06-18 01:58:24,0,6,6,fw东西，还全员禁言，真是奇葩
137395,978,王俊,2021-07-03 23:02:29,0,2,2,不要靠近，会变得不幸（物理）
137807,978,王俊,2021-07-06 08:19:27,8,9,1,总评：老师很努力想把课讲好，但就是讲不好\n\n因为一节课都没听，公式全忘了，考的稀巴烂，最后老师还是捞我了\n\n谢谢老师捞我！
137838,978,王俊,2021-07-06 09:21:07,-7,3,10,wj一生黑
137840,978,王俊,2021-07-06 09:24:45,10,10,0,至少平时分很透明，剩下还是基本靠自学
137849,978,王俊,2021-07-06 10:27:59,10,11,1,我觉得老师是非常认真在讲的，只是很少人听，给分挺透明，在过程成绩里都查的到，整个寝室都上4了，总之没有评论说的那么差。
137875,978,王俊,2021-07-06 12:44:30,4,5,1,wj讲课就不做评价了，挺耐心的吧，重点是今年捞人了 落泪 力度很大可冲
137892,978,王俊,2021-07-06 13:21:19,-1,4,5,快逃，平均分比其他班低1到2个档次
137901,978,王俊,2021-07-06 13:47:21,-2,2,4,只说一句要是有零分绝不打一分
137929,978,王俊,2021-07-06 15:45:46,2,2,0,老师上课有点无聊 但是是有想认真讲好的 建议上课看别的老师智云课堂 最后给分出奇的好
138098,978,王俊,2021-07-07 10:12:11,7,8,1,u1s1\n\n老师并没那么劝退\n\n试卷统批的，小测很水\n\n签到也没办法\n\n考前把作业题和书本例题刷一遍肯定没问题
138263,978,王俊,2021-07-08 08:22:11,29,30,1,（大物丙）学弟学妹们，我们的评价都是比较主观的，老师没有亏待20级的学生，但这未必代表你选了他的课就能够轻松高分或者是不复习就能不挂科；老师曾经挂了一个班一半的学生，因为没有把平时成绩算在内，好像也没有过程分，但这也不代表这种事情一定会再次发生到你们身上。\n\n\n\n如果你也和我一样预置了他的课并且没有其他老师可以更换，不必很焦虑，任何课程只要努力学都会有好结果的。老师讲课很慢，到最后节奏也很乱（有的时候讲没有用的东西有点多），我到复习的时候其实很没有安全感，很慌，书上的公式很多，老师的课件对于我们这些学高数的也很难，所以一定要提前准备！！！作业题+历年卷 一定都要过一遍并都要会做，尤其是历年卷，重复率甚至有90%，作业题最好平时自己独立完成，弄明白，考试才不会更困难。（20级的甚至100%是历年卷+作业题中的原始考法）\n\n\n\n目前来看，大物丙考试不难，但我也无法承诺以后会是怎样，大一下蛮多课的，希望学弟学妹不要把这门课忽视掉，毕竟也有4个学分。\n\n\n\n总之，复习很重要，历年卷+作业题很重要，听老师的课未必让你考试有底气，多靠自己！
139227,978,王俊,2021-07-13 10:57:53,3,4,1,讲课很慢，也挺无聊的。主要还是靠自己叭，但是最后给分真的是出乎意料的好。
140469,978,王俊,2021-09-13 00:10:27,0,4,4,。。。
155233,978,王俊,2022-06-09 14:39:31,54,55,1,老师讲课确实不太清晰，但是老师人真的很好。\n\n上课我不怎么听，但有时也会抬头看一眼。\n\n有时候他在黑板上板书，写一些或许可以用上的小技巧，确实可以感受到他非常认真迫切地想教给我们有用的知识。\n\n有时候课前会在教学楼走廊碰见老师，手上提着包，拿着厚厚的资料和教案，走进那个总是有些闷热的教室。\n\n他偶尔也会想幽默一下，会希望得到大家的回应。\n\n最后一节课，人尤其少，前七排只有三个人，我就是三分之一。说实话，本来是想戴耳机看智云的。\n\n但是他自嘲说我们的课有始有终，就是边缘效应比较明显。\n\n还和我们教室里的同学说，如果有自己的安排也可以不听课。\n\n到这一刻还是觉得有点心酸。最后一节课认真听了很久。\n\n这个时候我没有考虑什么其他的东西，只觉得浇灭一种热情是有些残忍的事情。
155487,978,王俊,2022-06-13 13:28:37,24,25,1,如前面所说，最后一堂课人数寥寥。\n\n似乎他总是很想调动我们的注意力，所以经常讲一些细细品味起来有点幽默的故事。\n\n但是基本没有得到过回应。\n\n所以，就自己角度出发，很想为自己的沉默向老师说一声抱歉。\n\n老师授课方式一般，有时甚至加入了超纲内容，但进度把握恰当。【选课的同学可通过网课回放体验，再做选择】\n\n另外，老师非常善解人意，除恶性缺勤适逢点名外，作业错判等损失尽力帮助挽回损失。【自身经历，也是留下评论的原因】\n\n也许老师的言行并不讨巧，但还是善良的。
155503,978,王俊,2022-06-13 15:16:00,2,3,1,老师人很好，很善良，问问题也会温柔回答。
156478,978,王俊,2022-06-20 03:07:52,3,7,4,为俊哥哥打call，上课比较自由，期末看智云倍速补天，刷历年卷，给分好
156480,978,王俊,2022-06-20 03:09:41,4,9,5,俊哥哥🤤🤤🤤谢谢俊哥哥，平时基本数字点名，就算没签上说一下都会补签，四次小测都只有一题大题嘿嘿，老师讲课很努力，不过因为上的是大雾丙所以我也没怎么听课，考前刷了两天历年卷绩点挺好的哈哈
156481,978,王俊,2022-06-20 03:09:56,4,6,2,老师人真的非常非常非常好！！！很温柔，签不上到的都会帮我们补签，点名都是数字点名，会把数字特别大地写在黑板上方便课堂上和智云的同学签。小测很少很少，一学期只有三道题，也不难
156495,978,王俊,2022-06-20 04:17:03,2,5,3,其实老师很好，讲课可能比较慢，容易让人分心，但老师很温柔也很努力
156607,978,王俊,2022-06-20 11:45:30,0,8,8,好疑惑呢，为什么22年的评论一溜子夸，是请的水军还是单纯分好爱屋及乌了呀😜😜他讲课啥样心里都没点数吗😚😚
156722,978,王俊,2022-06-20 21:00:05,2,2,0,我会永远记得这个摇着蒲扇、和蔼可亲的好老师。
156774,978,王俊,2022-06-21 02:53:19,0,2,2,老师挺惨的
156828,978,王俊,2022-06-21 05:10:03,4,4,0,王俊老师不捞人是事实，这个不可置否\n\n我主要是不喜欢老师讲课的口音？让我有种被催眠的感觉，然后对老师自以为幽默的冷笑话也不是很感冒。比较喜欢对超纲内容深入分析，刚开始听他的课真的很不适应很难跟上，后来就智云别的老师的课了，但每节课都去，因为老师会点名（虽然我们班的点名系统总是出各种各样的问题）\n\n眼见一个班来上课的人数越来越少，六十几个人的班日常只有二三十个人，明明坐在第六排都成了有人坐的第二排（五六七甚至都只有一排一两个人），哎\n\n全仰仗期中期末考得还算不错？全勤？作业基本都对？小测也还行？最终绩点还算满意，但身边朋友室友都狠狠地e了。秘诀的话只能说考前刷历年卷和课后习题了，重合率真的非常高，加油
157192,978,王俊,2022-06-22 08:34:35,2,3,1,其实没有大家说的那么糟。大雾给分都比较求是的，所有老师都一样的，不存在捞不捞。老师虽然课上得一般（语速有点慢哈哈哈），但是人很好，小测也比较简单。如果实在学不会可以去b站看看网课。
160507,978,王俊,2022-09-25 03:30:59,1,1,0,。。。
160726,978,王俊,2022-10-07 16:29:28,0,3,3,好奇怪下面那条阴阳怪气的评论、、大家的好评只是针对老师这个人本身以及其对待教学认真的态度，对于教学水平和教学方式都是客观评价的呀，多大仇恨哪看不得别人夸老师👍🏼
161095,978,王俊,2022-10-26 15:32:29,1,3,2,他的课程可能讲得很无聊，但是他是一个爱学生的老师
161709,978,王俊,2022-11-11 01:57:11,1,2,1,单走一个6
163707,978,王俊,2022-12-16 03:36:35,1,2,1,不知道你的小测题是哪里找的，考的到底是英语阅读还是数学计算😥
163744,978,王俊,2022-12-16 04:45:33,0,2,2,和室友双双满绩bd\n\n虽然室友是选着wj的课听着lmb的课\n\n给个满分
165694,978,王俊,2023-01-09 09:30:37,0,1,1,真恁马离谱啊
168760,978,王俊,2023-02-22 00:33:33,1,2,1,这位老师必须夸，抛开讲课，真的很会关心学生！小测简单，尽管我做的有瑕疵，但是平时分直接拉满（过程成绩可查），众所周知，大雾给分全看小测，你们懂的。至于上课可以做最后一排看xxp智云（bushi）。
168822,978,王俊,2023-02-22 13:22:11,2,2,0,老师很好呀
176208,978,王俊,2023-06-28 05:13:58,1,1,0,老师是很好的老师，课讲的很认真，但说实话确实质量很一般，不过不管来多少人还是认真讲课这点还是值得肯定的\n\n一学期下来没怎么听过课，考前稍微突击了一下3.3，感觉还行了，毕竟我没怎么努力，在吃高中留下来的老底子
176218,978,王俊,2023-06-28 05:40:11,0,0,0,老师真的很善良 我这学期没去过几次，真的愧对老师
176290,978,王俊,2023-06-28 09:10:24,0,1,1,捞了平时分，谢谢老师
176291,978,王俊,2023-06-28 09:10:34,0,1,1,一点不捞啊，改卷估计也贼严，22-23春夏大物丙，全班73人，挂了21个人，挂科率高达28.7%，快跑
176297,978,王俊,2023-06-28 09:37:59,0,1,1,yue
176301,978,王俊,2023-06-28 10:03:27,-1,1,2,千万别选快逃，反向调分第一人，我们一圈人认真学了全是2点几的，课也不会讲基本靠自学，要是很不幸预制了就赶紧退
176305,978,王俊,2023-06-28 10:30:26,5,5,0,老师其实人很好，也很善良。\n\n1.今年小测改为英文题，但只要认真学都可以做出来，即使不会也可以翻书。\n\n2.期中考试基本上都是原题，看一遍书，记了一下公式，刷两套历年卷就行了。考试考了40分钟就提前交卷了，最后98分；\n\n3.至于期末考试，我是两天绝杀（可能和自己高中学过一点相关知识有关），最后考得也还不错。有消息称今年这个班73人挂科21人，我想可能跟斩杀线有关吧，毕竟跟自己卷面有关，老师也很难捞人。\n\n4.平时分方面，我一次作业是B（当时没关注sloffde，没校对答案），后面几次都是A；老师点名都是数字点名，老师讲的细也讲的慢，所以我一般都是智云课堂点完名，然后去另一个老师那里听，或者自己找资源自学；四次考试我并没有都拿满，总是出现瑕疵被扣分。但老师平时分给的多，应该是在这方面捞人了。\n\n最后绩点上4了，还是比较满意的。上诉观点仅个人评价，勿喷。
178027,978,王俊,2023-07-06 10:07:08,0,0,0,物料学给分真差。
181212,978,王俊,2023-10-11 15:22:16,2,4,2,王老师是一个好老师，我舍友预置是他，比我自己选不到还让我开心。我特意过来感谢
187084,978,王俊,2024-01-14 11:30:14,2,2,0,纯自学喜提4.8，但是讲课听不了一点。
187142,978,王俊,2024-01-14 17:00:38,1,1,0,老师人还是不错的，但是上课水平有点欠缺，自学能力较强的可以选，平常事情很少小测也很简单。
187204,978,王俊,2024-01-15 04:43:55,0,1,1,纯自学4.5 自学看谢小平的PPT就好，想要听课的还是跑吧，小测开卷可搜题，好像只小测了三次，平时几乎无压力，还挺好的
194353,978,王俊,2024-06-23 10:34:23,1,1,0,老师认真的挺好的，有一次数字点名漏了还会给你补，小测开卷，可以翻书，平时分基本能拿满，而且老师都有在认真上课，虽然我听不懂，太菜了，大物丙还是看期末和期中的，考前补了三天，最后上4了，也没有卡绩！！！谢谢老师！！！
194382,978,王俊,2024-06-23 13:32:51,-3,0,3,讲课垃圾，但给分很捞，小测可以看手机
199403,978,王俊,2024-09-23 03:25:38,2,2,0,熊二。。。
210498,978,王俊,2025-01-09 09:02:06,1,1,0,sb玩意
210617,978,王俊,2025-01-09 12:37:21,0,0,0,out
217164,978,王俊,2025-04-03 02:06:21,2,2,0,😅老师讲课奇慢，讲话也奇慢反人类直觉，两节课就讲一两个公式，我都不知道是他讲得太细了还是他不会讲课，属于是那种认真听课就要被折磨，不认真听课就必须靠自学，要不是我高中学过物理竞赛又碰巧是最简单的丙级，我都不知道这门课要怎么学，总之推荐学弟学妹们努力自学，有问题可以问老师（人还是很好的），但不要期望他课上能给你多少东西，有物理竞赛基础的看看书回顾一下也差不多了
220724,978,王俊,2025-06-19 10:22:41,0,0,0,纯tmsb，我觉得就是熊二，听一点耳朵都不舒服，期末考也不捞，🥲本人平时分几乎满的，期中92期末82最后被卡到88
4202,1033,张宏,2015-07-10 07:07:59,-2,11,13,非常棒，问题都耐心的解答，99分好开心。/滑稽
4281,1033,张宏,2015-06-18 14:13:51,7,8,1,好老师，讲课也不错\n\n
5134,1033,张宏,2015-07-04 14:27:39,8,8,0,挺好的，下课去问问题会回答得很耐心又讲得清楚。
5556,1033,张宏,2015-07-08 08:27:46,30,33,3,萌萌哒~~~
5633,1033,张宏,2015-07-09 00:26:55,1,2,1,好
5794,1033,张宏,2015-07-09 11:29:18,3,4,1,很好
7029,1033,张宏,2015-09-16 02:04:58,0,3,3,课件可能有错⋯⋯据说用十年
7615,1033,张宏,2015-09-15 06:34:03,0,8,8,用大物甲的课件讲的大物乙，醉
17531,1033,张宏,2016-01-20 10:47:11,1,1,0,人特别nice
18514,1033,张宏,2016-01-22 01:13:03,0,1,1,老师还是不错的
21502,1033,张宏,2016-02-29 05:12:57,0,2,2,呵呵呵
25286,1033,张宏,2016-05-09 08:10:26,22,23,1,老师好萌啊( ´▽` )ﾉ一本正经地讲课然而莫名其妙就会全场爆笑，，我自己都不知道为什么会笑( ´▽` )ﾉ太有趣了hhh
27221,1033,张宏,2016-06-23 15:15:13,7,7,0,每次都提前下课:)  讲课语调比较平，所以容易睡着...特别是678节课。不过老师讲的非常认真细致！
31068,1033,张宏,2016-07-03 07:40:13,3,6,3,辣鸡，不好意思说的是我自己
39952,1033,张宏,2016-12-28 09:28:47,1,4,3,得到大学里第一个满分哈哈哈哈
42283,1033,张宏,2017-01-14 03:27:13,0,6,6,反正比周一峰好.....
43414,1033,张宏,2017-01-16 08:40:36,6,6,0,老師人超級好解答問題超級有耐心啊！而且關鍵是不容易掛。平時作業也少，點名一個學期就點了一次，有個小測驗，但是不要緊啊，張宏爸爸是我一生的偶像！
43444,1033,张宏,2017-01-16 09:38:27,6,7,1,老师可好了
43738,1033,张宏,2017-01-17 01:59:59,4,4,0,师生情深\n\n
47954,1033,张宏,2017-07-01 07:10:00,-1,3,4,没有师生情了，再见.jpg
55367,1033,张宏,2017-07-01 11:30:09,-1,6,7,为什么平时分扣那么多 作业按时交 从不翘课 而且没有小测 不知道平时分怎么算的
58066,1033,张宏,2017-07-28 03:11:41,35,36,1,要学习老师爱喝水的好习惯，“大家思考一下”，“给时间大家认真看一下”，“有没有问题？”。还有宏哥是不是唯一一个会单独做PPT介绍物理学家的老师?
68841,1033,张宏,2018-01-24 03:22:03,3,3,0,特别帅 讲得也很好 是我太菜了?
69822,1033,张宏,2018-01-25 12:57:42,4,4,0,认真细致，思路清晰
70570,1033,张宏,2018-01-27 08:33:15,-3,1,4,老师讲课是很好的，但我基本没怎么听，毕竟自学更快
70578,1033,张宏,2018-01-27 08:51:24,-4,1,5,老师人很好，讲得也很耐心。不过大雾乙这个课本来就比较水，所以我没怎么听……
70587,1033,张宏,2018-01-27 09:00:36,1,3,2,平时分给的有点低了吧，怒卡一档
76245,1033,张宏,2018-03-30 03:17:49,-2,3,5,这课听了有用吗？课件和书完全不一样的 大家大概是看脸打的分吧 老师看起来和善倒是和善的
76978,1033,张宏,2018-04-27 02:43:16,-3,1,4,为什么不给说期中具体时间，???复习都来不及
77773,1033,张宏,2018-05-07 16:21:07,-7,0,7,这工程管理老师自己上课点名的东西都会搞丢，上课讲什么也不知道
77781,1033,张宏,2018-05-07 23:54:25,22,28,6,浙大有好几个张宏老师，物理系的张宏老师只上大学物理，不上工程项目管理....系统有问题
78325,1033,张宏,2018-05-11 01:53:49,4,4,0,好老师！
80197,1033,张宏,2018-06-21 10:17:39,-16,2,18,建工学院上工程经济管理的张宏，非常糟糕的一位老师。全方位代表了迂腐、不负责任、上课爱发牢骚的各种品质。上不上课不要紧，反正最后成绩是随机正态的。签不签到不要紧，反正老师会把花名册弄丢的。这种老师还能如此体面地上台授课，可以断定贵系不会好。老师不尊重学生，不要奢求学生能尊重老师好吗，小学生都知道的道理。
80247,1033,张宏,2018-06-23 01:55:55,6,7,1,这里是物理系张宏老师的教学评价网络平台，物理系张宏不上工程管理课程（系统出问题了）。对工程管理课程的评价请到浙大其他张宏老师教学网络平台
83495,1033,张宏,2018-07-11 05:37:01,4,4,0,张宏老师很不错，不过上上条评论是神魔恋？骨儿么？
83641,1033,张宏,2018-07-11 02:01:52,-6,4,10,我觉得没有这么好吧 从物理老师来讲 也就这样吧
83643,1033,张宏,2018-07-11 02:08:51,8,17,9,大物乙1\n\n张老师讲的有条有理，平常认真的有点可爱哈哈哈！平常也没怎么听过课，平时就把布置的作业（特别少特别简单）做了做，有过一次签到（按专业）。到期末我就把书看了一遍，期末卷子写了两套，真的很轻松，随随便便就拿了4点8。真的很轻松很好！满分老师！
83644,1033,张宏,2018-07-11 02:09:50,3,4,1,楼上的是故意让你们来踩他的！别中计！
86386,1033,张宏,2018-09-14 13:00:15,2,2,0,老师讲的很仔细，认真听是一定有收获的
91035,1033,张宏,2018-11-29 06:00:20,0,2,2,讲课五分钟就喝水
99217,1033,张宏,2019-01-24 12:23:07,2,2,0,给老师满分求不挂555
99843,1033,张宏,2019-01-25 08:18:10,3,3,0,给老师满分求一个满意的成绩
100085,1033,张宏,2019-01-25 14:16:06,4,4,0,蛮可爱的！对我这种平时不太爱听课的学生很友好，小测保底6分，也不难，只要学了就会的那种，期末还没出，但是先谢谢老师，觉得是一个很温柔的人
100423,1033,张宏,2019-01-26 06:00:26,2,3,1,
100446,1033,张宏,2019-01-26 06:44:20,-1,1,2,平时分低，不高兴
101725,1033,张宏,2019-01-29 02:46:37,0,0,0,老师非常棒，但我想知道大物乙期中究竟有没有改错题。
102493,1033,张宏,2019-02-03 12:00:43,3,3,0,很负责，很用心。对电脑、音响等的要求很高，对自己上课也要求很高。最后一节课不上不考的内容，直接下课。比较严格，小测就管的很严。期末考试提前半小时到考场。
103739,1033,张宏,2019-03-05 01:47:31,4,5,1,讲得很清楚！！！很棒！
104098,1033,张宏,2019-03-12 03:02:52,-1,4,5,老师人是挺好的，就是。。是我买错书了嘛，为什么上课内容跟书上完全不一样。。
106832,1033,张宏,2019-05-14 03:47:50,4,4,0,石泓既视感
108537,1033,张宏,2019-05-28 02:29:08,2,2,0,nice
108699,1033,张宏,2019-05-31 10:41:21,2,3,1,听课心稳
109420,1033,张宏,2019-06-14 06:41:37,1,1,0,很不错
111968,1033,张宏,2019-07-03 04:58:03,2,2,0,给老师10分，老师没挂我就已经很不错了，虽然绩点比较低
112023,1033,张宏,2019-07-10 10:49:14,6,6,0,人很好，挺萌的。ppt满分，有些例题虽然对初学者来说可能难了点，但基本把考试内容都覆盖了。一本正经地讲课莫名觉得好好笑~
112634,1033,张宏,2019-07-04 23:18:27,3,4,1,老师讲的超级好!
117169,1033,张宏,2019-09-20 03:24:57,4,4,0,特别好哇，在比较难的地方会停下来问我们有没有问题，很温柔的老师
123792,1033,张宏,2020-06-14 08:49:20,5,5,0,讲课很认真也很细致~是个很温柔的老师！
125200,1033,张宏,2020-09-03 13:24:42,4,6,2,老师很温柔，讲的很详细，期末好好复习，分不高基本是自己问题（大物乙基本看书就行）
125390,1033,张宏,2020-09-08 05:35:48,-7,5,12,讲课一般，小测贼坑
130680,1033,张宏,2021-01-24 07:24:51,36,36,0,大物乙II：平时成绩20分，包括课堂表现、考勤、作业、小测、竞赛。\n\n【课堂表现】一些问题会让同学们在钉钉群里回答，助教会登记。\n\n【考勤】课后会有学在浙大的数字点名。\n\n【作业】每次的平时作业要求签名，通过学在浙大上传，助教会打分。\n\n【小测】秋学期1次，冬学期1次，严格限时15分钟，做2～3道大题，拍照上传或发给助教。超时1分钟：成绩给70%，超时5分钟或不签名：50%。\n\n【竞赛】冬学期会有一次物理竞赛，获奖加分3～5，参与加分0～2。\n\n【合成成绩】最后把每个同学的平时分算好，从上往下排，进行正态处理，18～20分50%，15～17分40%，14分以下10%。
132359,1033,张宏,2021-02-01 05:16:58,14,14,0,小测基本ppt的题，也就2次小测，挺舒服的。其他的只能说自己考太菜了。
138453,1033,张宏,2021-07-09 09:18:41,12,12,0,张宏老师超级超级超级棒！讲课认真咬字清楚，还很冷幽默哈哈哈\n\n选他选他！
138477,1033,张宏,2021-07-09 11:26:54,8,9,1,节奏蛮好的，听起来舒服
146336,1033,张宏,2022-01-06 08:50:02,4,5,1,超级好！！
148136,1033,张宏,2022-01-11 14:55:53,1,2,1,谢谢老师！非常好的老师 会尽量给同学好的分数 但肯定还是建立在排名的基础上 所以不要考得太差
149056,1033,张宏,2022-01-14 08:58:24,-35,3,38,小测除了一次八十分其他全满，作业都按时交了打分也不低。只有一次签到没到，平时分就33？喷不死你！
156938,1033,张宏,2022-06-21 11:19:30,8,8,0,还没出分，先来写一下评价。\n\n大物乙，讲课感觉不错，可惜我对物理比较苦手，基本上听一节课就想玩手机了🙄，ppt很棒，补天帮大忙！张老师甚至还会专门在ppt上介绍物理学家，有时会提前几分钟下课，挺好的\n\n还有作业也比较少🥰\n\n希望张老师不要挂我🥺
156963,1033,张宏,2022-06-21 12:38:37,5,6,1,张宏老师，我的神！期中九十多，但是期末考差了只有八十多。但老师平时分直接给我满上了！然后总评92，成功上4.8！\n\n张宏的这门课真的只要你好好听课，然后平时举手发言几次，小测好好考，就可以去的好成绩
156978,1033,张宏,2022-06-21 13:05:36,6,6,0,经常提前下课，给分好，是那种希望学生拿好成绩的老师
156987,1033,张宏,2022-06-21 13:15:28,1,1,0,老师超级好！！
159932,1033,张宏,2022-09-09 07:21:37,2,2,0,大物乙一，上课用ppt方便理解也好复习，讲课很好，作业不多也很简单。（可惜大物这种东西不是听懂就会了的……）
160703,1033,张宏,2022-10-02 14:08:14,3,3,0,是个好老师，很认真，会希望学生取得好成绩的那种
174567,1033,张宏,2023-06-14 06:52:46,2,2,0,老师好亚撒西！课上完了会提前下课！我超爱！
176978,1033,张宏,2023-07-01 02:46:14,1,1,0,老师讲得很细致很好
177097,1033,张宏,2023-07-01 16:05:44,3,4,1,上课感觉一般？讲得很细致但主要是靠PPT，需要课后认真再学一遍（大物课应该都是这样\n\n老师人超级好，课间休息，按时甚至提前下课，答疑很有耐心，小测大部分都讲过原题（坏处是全班同学分数都差不多\n\n最后给分很严谨，只要认真努力一定成绩不会差。
177212,1033,张宏,2023-07-02 07:56:16,6,8,2,本分，求是，ppt。
180558,1033,张宏,2023-09-23 00:45:00,3,3,0,上学期上了张宏老师的课最后满了，老师特别特别细心温柔！！！人很好！！小测为学生着想！这学期没选他的课，但去问他要ppt他还全发过来了呜呜呜，我哭死
188127,1033,张宏,2024-01-18 08:45:57,1,1,0,上学期大物1唯唯诺诺，这学期跟上宏叔的节奏！稳啦！\n\n老师ppt真的很不错，讲课也可以，但是ppt用多了上课就比较容易跟不上，所以回来还得再看看智云总结一下。\n\n平时分发言有加分，竞赛有加分，小测每次两道必有一道是上课讲过的题目（所以小测前突击ppt就稳过）。\n\n剩下期中期末考试部分就不是老师可以捞的部分了。总之大物里很好的老师
189564,1033,张宏,2024-01-25 11:29:24,5,5,0,老师讲课很用心还改PPT，不过大物没有时间节节课听，只能靠考前突击，不过看到老师这么认真，我也会坐在课堂里自习不翘课
194687,1033,张宏,2024-06-25 02:39:45,2,2,0,很好的老师，给老师10分，求不挂
195266,1033,张宏,2024-06-27 14:01:00,-5,2,7,小测纯搞人心态，计时小测，超时间折减分数很猛。平时分搞正态分布一点不捞。史。
215451,1033,张宏,2025-02-26 07:43:02,4,4,0,老师说你们压力不要太大，这很让人感动
215452,1033,张宏,2025-02-26 07:44:36,6,6,0,很有趣的老师\n\n“我女儿肯定考不上浙大，但是我让她学习不要有任何压力，身心健康最重要。你们也不要有压力，比如说哪门课挂了真的没啥，天不会塌的。”
217441,1033,张宏,2025-04-10 12:00:56,3,3,0,很可爱的老师，上课氛围很好！
220713,1033,张宏,2025-06-19 09:12:57,-6,0,6,小测难，给分差
220826,1033,张宏,2025-06-20 04:20:40,4,4,0,老师和mjt助教都很好。上课清晰，能够替学生着想的好ls。（虽然期末考的并不好：（\n\n下学期还想上二可是不开了
221178,1033,张宏,2025-06-21 22:37:59,1,1,0,好老师！选到就是赚到！
221765,1033,张宏,2025-06-26 06:19:31,1,1,0,小测简单，期末求是
29470,1050,许祝安,2016-06-30 00:32:23,1,3,2,讲课有点随意，考试却挺严格
34454,1050,许祝安,2016-10-11 02:36:44,0,1,1,题目讲不清楚，上课也没有激情，快把我的虎哥还回来╯﹏╰
190853,1050,许祝安,2024-03-21 14:10:46,0,0,0,真的神仙讲课，这谁听得懂
193487,1050,许祝安,2024-06-11 14:15:40,0,1,1,凝聚态这样的课为什么考核这么严格。不给ppt，讲一遍就要求你会。建议别选
10395,1060,张剑波,2015-11-18 11:34:59,1,5,4,很好的
11488,1060,张剑波,2015-12-02 12:42:03,2,8,6,不错哦(ᵒ̤̑₀̑ᵒ̤̑)哦
14483,1060,张剑波,2016-01-07 08:33:58,1,6,5,希望过
14872,1060,张剑波,2016-01-10 12:34:41,21,25,4,老师本身是没问题的，就是要记得东西太多了，容易挂。。。\n\n
15088,1060,张剑波,2016-01-12 03:27:55,2,6,4,会学到很多知识
15984,1060,张剑波,2016-01-17 01:55:47,15,20,5,天文学原来是开卷的，后来老师说大家绩点不高，于是乎就闭卷了。。。尼玛闭卷更难。如果期末考试很多建议不要选这门课，因为要背很多。老师很好的，想保全绩点的慎重\n\n
16429,1060,张剑波,2019-02-14 03:09:14,71,77,6,诸位选天文学有两个问题应自己问问:1.你背东西的能力强不强 2.你想不想背东西
16442,1060,张剑波,2016-01-18 05:52:04,0,3,3,老师很喜欢说得奖hhh
17236,1060,张剑波,2016-01-20 02:20:19,-2,6,8,作业很水，把所有PPT都看一遍就能考试了。
17452,1060,张剑波,2016-01-20 08:37:16,0,3,3,老师很好，可以学到很多东西，推荐喜欢天文学的同学选他的课
23912,1060,张剑波,2016-04-21 02:25:18,0,3,3,老师讲课很有兴致，就是大学物理有点粗糙的
25747,1060,张剑波,2016-06-06 08:14:06,1,5,4,天文学太坑，千万别选
28871,1060,张剑波,2016-06-29 01:58:24,0,1,1,讲的不清楚 人挺好的 就是不知道为什么最后绩点那么低
28881,1060,张剑波,2016-06-29 02:24:18,0,2,2,讲道理，平时上课我是服的。为什么期末绩点能那 么 低（好吧是我菜
39006,1060,张剑波,2016-12-20 12:17:55,1,3,2,可自学 感兴趣请选 不好好学容易挂科
45609,1060,张剑波,2017-01-20 00:38:00,-6,1,7,毁我绩点\n\n辣鸡通识
45615,1060,张剑波,2017-01-20 00:54:18,9,11,2,老师还是很棒的，感觉老师在拼命提高我们的绩点，但是70%的期末考试考的太烂，老师也没办法提呀。。。。希望有想选天文学的朋友，好好背课本吧，不然会挂科的呦。
45628,1060,张剑波,2017-01-21 12:08:02,1,4,3,这课倒是文科生有可能比理科生分高。。因为都是要记的，跟物理相关的计算什么的很少，需要用物理知识理解的也考的少，考试就看谁能记住的多。
45632,1060,张剑波,2017-01-20 01:30:32,0,3,3,老师人很好，但是想水这课不适合，甚至会挂。如果是文科生，再问自己一个问题，你觉得自己理科尤其是物理学得怎么样。
45649,1060,张剑波,2017-01-20 02:03:02,0,2,2,很认真学\n\n很认真记\n\n分数很低
45659,1060,张剑波,2017-01-20 02:16:23,17,18,1,我来客观说几句，首先老师人是很好很负责的，讲课也很到位了，每两周交一次作业，交完后下一周拿作业，没交或者没拿作业的话相当于逃课吧，就当作点名了。绩点低是因为期末考试需要我们记很多东西，而且老师应该已经尽力让我们分数高一些了，成绩再差也没办法了，如果真的是想了解天文的话选这课是个不错的选择，如果很注重绩点的话，务必务必务必务必务必平时多记多背。
45834,1060,张剑波,2017-01-20 07:04:26,2,3,1,老师讲得很有趣，天文学本身也是我感兴趣的东西，其实这东西如果你真的喜欢是还好的，背的东西没那么多，很多都是天文常识，虽是闭卷，半小时差不多就ok了。绩点我还是上四的，不错。那些不喜欢而是纯粹为了学分的不建议选，平时课虽然可以轻松水过去，但期末考试没什么基础会很辛苦的。
45863,1060,张剑波,2017-01-20 07:57:38,0,2,2,老师还是很好的，不过我来理科就是为了不背东西，天文学是什么鬼。。。
46033,1060,张剑波,2017-01-20 12:42:11,-3,1,4,那么努力才2.4
47667,1060,张剑波,2017-02-15 12:34:23,0,0,0,大物丙，讲课还可以，给分一般
48838,1060,张剑波,2017-03-14 11:12:20,0,3,3,期末写了满满好几张知识点绩点还是没话讲
61294,1060,张剑波,2017-11-14 01:29:55,1,2,1,老师很好，但是。。。考试会考一些奇奇怪怪的题目，比如2010年中国哪一天可以看到日环食之类的
61468,1060,张剑波,2018-09-17 08:54:41,1,4,3,emm  好吧  不爱这门课的小朋友千万别选 老师上的很好  可是要记得东西几乎是整本书  不愿意背书的千万别选了 绩杀  期末考试平均分连60分都没有 呜呜呜  然后会问类似于M31是什么星座这种细到爆炸的问题 dying~(>_<)~
61533,1060,张剑波,2017-11-18 10:35:30,1,2,1,天文学\n\n老师讲课是非常认真的\n\n然而期末考试要背的东西真的是巨多…好在好好背了背不然真的会挂科orz
61534,1060,张剑波,2017-11-18 10:35:43,7,8,1,给的七分。老师没问题，讲得挺好。考试闭卷有点难受，临时抱佛脚只有3.3(开卷考我一定能高不少)。看重绩点的话平时千万要认真听，最好做笔记，不然考试周会很痛苦，感觉知识点复习不完。最好有兴趣。一般会有一次观星还挺有意思的。学习方法最好借鉴高中历史，平时小背考前大背。评论可能有点主观性，希望能对后来人有帮助吧，加油～
61535,1060,张剑波,2017-11-18 10:36:22,-1,3,4,老师人很可爱。之前上课没怎么听，考试周之前刷课件刷的很辛苦，但是考试难度其实不大，只要你把之前天文学的考卷都拿出来刷一遍，就基本OK了。（来自一个只刷课件没刷题的学生的血泪）
61537,1060,张剑波,2017-11-18 10:38:19,1,2,1,他的物理知识能带你领略比文科天文更深层次的东西。
61538,1060,张剑波,2017-11-18 10:44:59,4,6,2,老师挺好的 就是考试闭卷真的太难了…要背的东西真的很多 没有一定的物理基础或者天文基础建议不要选 认真复习也还是挂了 把卷子给老师的时候很愧疚的 唉
61540,1060,张剑波,2017-11-18 10:50:43,-2,0,2,作死的感觉
61541,1060,张剑波,2017-11-18 10:55:48,5,5,0,1.老师上课很不错，能学到挺多的，虽然普通话有点不那么标准。两周一次作业，有答案可抄，交和拿各算一次点名。\n\n2.有一次观星的机会，对个天文小白来说是个很好的体验。\n\n3.秋学期的这次考试有点难了，很多偏的点，所以只背了重点的我....\n\n4.总的来说需要比较强的背诵能力，还要有一点天文学常识。如果平时很懒，或者临近考试也不想突击一下的慎选。\n\n5.个人觉得不要太看重绩点，相比于那些水课，这门课还是需要付出的，而且背了确实能记住不少。
61543,1060,张剑波,2017-11-18 11:50:18,0,1,1,老师很好，主要是背的东西太多，容易挂科
61545,1060,张剑波,2017-11-18 12:13:00,1,3,2,能学到很多东西，不过考试时要背的东西真的多，不过把ppt和课后习题都记熟了，绩点肯定好。平时一定要多记多背，考前背真的很痛苦。我是背了3天3夜，整整20页重点笔记，才拿了挺好的绩点。
61547,1060,张剑波,2017-11-18 12:27:35,0,1,1,老师挺好的 但是背的东西太多了 背了很久还是拉低均绩sad
61571,1060,张剑波,2017-11-18 16:18:35,6,7,1,老师教学和知识水平很高，人也很幽默：有的东西是能超光速的，比如人的思想，你不知道下一秒就想到哪里去了。课程内容也很好，唯一不好的就是考试。其实有些物理基础然后上课记住一些东西也没那么容易挂科，但拿高分还是很吃力的。总之对天文感兴趣的人选了一定不会吃亏，多多少少还是能学到东西的。
61585,1060,张剑波,2017-11-19 02:56:53,1,5,4,热爱天文的同学觉得这门课非常非常友善，连论文都不用写～考试选择填空简直跟玩儿一样，计算题加起来只要写一行，只要叙述题多写一点就能有个不错的成绩。\n\n        至于喜欢星象学的朋友，请量力而行。
61586,1060,张剑波,2017-11-19 03:01:44,-2,3,5,考前一整本书，呵呵
61591,1060,张剑波,2017-11-19 04:19:26,0,8,8,94分 4.8 平时分扣了1分 略微不甘心\n\n真正的考试内容没有样卷上那么细。熟悉整个内容框架，再加上一些重要的天文学数据和常识就可以了。当然学还是要认真学的。\n\n总之，不建议想水课以及考试压力大的同学选这门课，选了的也别丧失信心。\n\n老师讲课内容感觉一般般，比我另外两面通识课的老师讲的好一点，但不如荣誉课的老师。\n\n喜欢天文学的同学其实可以旁听或者自学，没必要选门课来折磨自己(逃
61622,1060,张剑波,2017-11-19 09:34:05,-4,2,6,其实好多人说通识课绩杀，但是这门课其实还是和努力关系挺大。考前三天起床看到上床，天天看到头晕目眩，最后绩点还挺不错的，根本不存在3.6全班第二。有些大佬都是满绩。但是如果你没有这种毅力和兴趣的话，就做好低绩点甚至挂科的准备。点名其实就靠交发作业。上课有一点点无聊但是内容还是很有趣的
61714,1060,张剑波,2017-11-20 08:36:37,-4,1,5,连我这种文科小白都可以4.5了，真心感谢老师！考前是需要认真背一背的，ppt还有书，但是到真正考试的时候，感觉试卷上的面东西我都没有涉及过๑乛㉨乛๑。老师上课讲的很认真，就是我太想睡觉了，都没有好好听课。
61914,1060,张剑波,2017-11-21 15:50:55,-4,1,5,文科天文在考前的确要背很多，但基本上抓住考点，把习题和关键的问题背下来，其实也花不了多少时间，但对什么Mxx在那个星座这种问题真是无奈了，运气好，靠高中物理学的一点东西凑了4.5
63279,1060,张剑波,2017-11-30 03:27:27,1,1,0,天文是一门真的很悬的课，考前一定要看课件
63447,1060,张剑波,2017-12-04 08:38:41,6,6,0,天文学是一门让你低绩点、挂科地心服口服的通识课
63868,1060,张剑波,2017-12-18 04:16:38,1,1,0,人很好，讲课很用心
64613,1060,张剑波,2017-12-25 13:50:50,0,0,0,讲得很刺激，做笔记刚好能跟得上，内容很充实
65988,1060,张剑波,2018-01-10 18:19:11,0,0,0,临时抱佛脚 今晚考试前一天早上开始读的，拿了个1.5刚好及格  60分 哈哈\n\n
89186,1060,张剑波,2018-11-16 11:46:11,7,9,2,其实像M31 M33是什么星系都还好，毕竟课件上也出现好几次了。问题你今年来个1987A超新星是什么星系，最新数据暗物质的量，He的原初丰度，太阳核反应区半径的比例这种课间上就出现一次的东西就有点过分了吧……
89226,1060,张剑波,2018-11-17 05:36:31,10,10,0,虽然老师人很好哇，但是今年秋学期期末考实在是太变态了吧，比样卷还惨绝人寰。第一题问你地球质量就算了，还可以接受，但后面选择填空一堆时间点，百分比之类的细到爆炸的问题，老师是不是对文科生有些误解啊，我们也不知道要记这样的数据啊！还得跟上时代潮流，知道最新数据氦的原初丰度，上课没讲吧，PPT上没有吧，我哪知道在背几百张PPT的同时还得紧跟物理学的最新进展啊，心如死灰，挂科预订……
89349,1060,张剑波,2018-11-18 14:59:32,0,0,0,老师讲的挺好，都怪我记性不好......
89352,1060,张剑波,2018-11-18 15:14:04,0,1,1,本抱着想学点天文学知识的心态来学的，结果听了两三节课就听不下去了...是我对天文学有误解。而且！划重点，努力与付出完全不成正比，试卷闭卷，题目超级恶心?..你完全不可能背到的超级细的点，拿出来考你.真绩杀...这门课如果只是，热爱是远远不够的！祝好运！
102315,1060,张剑波,2019-02-01 01:34:19,3,3,0,像上大物课一样的天文学，这也就罢了。考试还考超级细的点，考前整整背了两天，结果试卷的恶心程度还是让人反胃。当初凭着自己对天文学的满腔热血，纵使查老师上的评价让人瑟瑟发抖，还是毅然决然地选了这门课。唉。原来都是前辈们血淋淋的教训啊。
116063,1060,张剑波,2019-09-02 03:23:51,0,0,0,老师很好
116493,1060,张剑波,2019-09-11 02:17:42,0,0,0,老师很有耐心，很负责，没毛病。
131838,1060,张剑波,2021-01-29 05:38:01,0,0,0,考前刷了一遍课间，虽然很耗时但是也很有趣，建议考试压力不大并且真正有兴趣的同学选，考试题目不难但是细，也有一些基础的点。最后出来的分数我很满意啦，之前被其他人说的均绩很低吓到了，真的认真仔细就好。
134730,1060,张剑波,2021-04-12 08:28:12,8,9,1,联合学院教的力学，人巨好，啵啵式英语yyds
135656,1060,张剑波,2021-05-18 06:21:46,3,3,0,老师有点憨憨的，英语很烂
1448,1083,李宏年,2015-03-22 04:27:16,42,56,14,讲课不错，有条理，但是老师好像有呼吸道的问题....讲起话来吭哧吭哧的，听着挺不舒服的
1742,1083,李宏年,2015-03-24 03:11:07,16,20,4,有思想
1743,1083,李宏年,2015-03-24 03:12:33,20,28,8,会讲一些他自己的思想，受益，85！！！！
2168,1083,李宏年,2015-04-04 09:42:36,-2,6,8,一般般，讲不清楚。要不是有物理竞赛的底子估计搞不来大雾
4121,1083,李宏年,2015-06-18 00:23:20,-8,3,11,老师说话老咳嗽…上课吧…还可以…这种课一般靠自己…大物甲能不上的同学还是不上了吧…有点坑
4396,1083,李宏年,2015-06-21 08:10:11,78,93,15,咳嗽这事有同学说了。每次上课一般会有十分钟在发表对于各种时事或者人物的评价(也就是扯淡) 这是上课最有趣的部分 我同学还录音过呢(ฅ>ω<*ฅ)
4463,1083,李宏年,2015-06-23 09:23:30,4,7,3,挺能扯
5499,1083,李宏年,2015-07-08 03:14:05,-8,5,13,上课基本听不清楚在讲什么 建议不选
6426,1083,李宏年,2015-07-14 02:04:59,-10,5,15,听不清楚在说什么。
12827,1083,李宏年,2015-12-24 06:05:52,3,9,6,听课和自习其实差不多…
23155,1083,李宏年,2016-03-20 11:20:26,5,7,2,好老师！
23306,1083,李宏年,2016-03-24 02:43:54,24,29,5,虽然口齿不那么清晰，但内容讲的很清楚！而且会分享一些自己的思想观念，人生导师～
23859,1083,李宏年,2016-04-19 02:14:02,8,9,1,不管给我多少分，我还是心醉于李老师的课
24147,1083,李宏年,2016-04-28 01:08:53,1,3,2,9/10\n\n\n\n+++政治课\n\n\n\n-老师似乎有呼吸道问题，但是不是很影响听课
25930,1083,李宏年,2016-06-14 12:09:34,10,13,3,最清醒就是他针砭时弊的时候了，讲课很有条理，老师人还是很不错的
26083,1083,李宏年,2016-06-15 13:36:29,13,18,5,老师喉咙有点毛病，但认真听还是听得懂说什么，虽然讲得很快，也会偶尔提前个10分钟下课。说的最多的就是“把这个公式强记一下”，当然最有意思的就是会扯淡，可以去教政治
26695,1083,李宏年,2016-12-30 11:46:31,17,20,3,只想说，在浙大读了一年半的书，最好的老师就是他
27189,1083,李宏年,2016-06-23 12:52:46,9,12,3,老师批评gcd觉得好刺激，有自己的思想，习题课上的不错，给分周围的同学和自己都觉得还挺好的，如果咳嗽能治好就更好了\n\n
28330,1083,李宏年,2016-06-28 08:34:22,4,4,0,挺喜欢这个老师的...不过个人看法嘛，可能你觉得大雾难就不会喜欢这个老师不是很正常嘛，我喜欢大雾也不讨厌这个老师，就是这样
28600,1083,李宏年,2016-06-28 10:51:40,6,7,1,很有思想的老师，我和人非常喜欢，他的课件非常适合我！
28683,1083,李宏年,2016-06-28 12:19:26,5,5,0,经常针砭时弊
29620,1083,李宏年,2016-06-30 05:12:39,2,2,0,老师其实讲的很好，小测验也很水。
29634,1083,李宏年,2016-06-30 05:41:04,6,8,2,下学期还想上老师的课，唉，可惜老师搞科研去了
29728,1083,李宏年,2016-06-30 08:56:37,-2,2,4,总体上来讲挺好的 课讲的挺清楚 也会讲习题 他讲课的节奏比较有利于应付考试（我不会说我满绩） 但是大雾这种课主要还是靠自己 还有老师的口音和嗓子的问题 刚开始听会有点困难
30142,1083,李宏年,2016-07-01 03:41:09,9,10,1,最后拿了2.1（怪自己没复习），但我还是给老师打10分。喜欢听他的课，可惜下学期没有了。
30295,1083,李宏年,2016-07-01 08:05:32,-3,1,4,不知道为什么，感觉考得挺好的，只有80分
30337,1083,李宏年,2016-07-01 10:10:13,-8,3,11,气管的确不好，而且把我的卷面往下拉了两分！！！差评！
30569,1083,李宏年,2016-07-02 03:42:03,0,1,1,给分不错，人很好\n\n
30570,1083,李宏年,2016-07-02 03:46:32,2,2,0,老师上课有一点口音，不过讲的很有条理，有时会有感而发加入一些有趣的评论什么的O(∩_∩)O
31926,1083,李宏年,2016-07-05 07:25:45,-7,3,10,不能更绩杀\n\n
32748,1083,李宏年,2016-07-12 07:57:28,2,4,2,李老师是个很实诚的人，讲课条理清晰易懂，平时管的也很松，对学生很真诚，最后绩点3.6，感觉有点对不起老师≥﹏≤
47973,1083,李宏年,2017-02-28 00:29:03,4,6,2,眉毛很有趣，说话的确不容易听懂
48536,1083,李宏年,2018-03-05 23:43:59,45,50,5,史政讲得超好，建议转马院
48653,1083,李宏年,2017-03-09 02:34:05,0,3,3,老师人很nice，但学习主要靠自己
48904,1083,李宏年,2017-03-16 03:02:22,0,2,2,老师人很好，只是刚开始听课有点听不清楚，是因为他嗓子有些问题。
51118,1083,李宏年,2017-05-18 03:11:56,-6,4,10,太垃圾了，讲课速度有时太快，有时太慢，有时一节课7，8小节，有时2，3小节
51178,1083,李宏年,2018-12-28 02:55:04,-28,6,34,老师讲课很棒。\n\n然而挂一个每次坐最后一排的sb ，嗓子没治好请不要来上课，天天清嗓子让全教室人都听到并不能显得你很酷。
51460,1083,李宏年,2017-06-06 02:06:13,-5,2,7,感觉没用的东西讲很多 每次都听到睡着，看不起文科课，看不起女生\n\n
51598,1083,李宏年,2017-06-07 12:04:16,4,5,1,哈哈喜欢讲讲历史讲讲哲学谈谈人生，讲课很好，ppt很有用。另外小测就是查出勤，还有交作业拿作业本别忘了就行
51823,1083,李宏年,2017-06-11 15:33:10,4,5,1,平时讲课速度非常快，\n\n但是相应的这样期末就会有复习课，\n\n也因为讲的快，经常提前下课，所以每次都能很快吃上学霸餐。\n\n但是有的时候前面讲的太快了，有点hold不住
51859,1083,李宏年,2017-11-02 06:14:16,16,22,6,觉得他很有思想，至少给了我很多关于大学和人生的启发，而且教的很不错，给分也很好。觉得李老师的课才是我想象中的真正的大学课堂。可惜，以后再也上不到他的大物课了...
54901,1083,李宏年,2017-06-30 12:12:12,8,11,3,小测和交作业当点名，小测直接发答案抄，老师挺好的，大物这种，感觉得靠自己，当然，老师平时上课例题给的确实感觉蛮好的。都因为期中考的一般，而且占比蛮大，虽然期末考的蛮好，但确实很难拉上去了。哎。
54972,1083,李宏年,2017-06-30 13:50:20,6,7,1,好老师，平时分基本给满，用作业记到课率，体谅学生，课虽然有口音但讲得很认真，偶尔会穿插对社会对人生的看法，真的是治学为先，可惜老师下半年要搞科研不能选他的大物二了
54989,1083,李宏年,2017-06-30 14:39:54,2,4,2,老师很有想法，认真上他的课会发现考试很轻松，4.8 5.0都不算啥难事\n\n可惜老师搞科研不能选他的课了
55128,1083,李宏年,2017-07-01 01:12:32,2,3,1,老师上课给的例题很好，虽然讲课时主要是在分享人生经历与价值观，但言之有物，绝不是普通说教。具体学习还是主要靠自己吧，但把书和课件都看过就没问题。可惜我自己期中考考太差了。
55133,1083,李宏年,2017-07-01 01:24:34,1,2,1,给分真的很赞
55143,1083,李宏年,2017-07-01 01:58:32,5,5,0,大爱老师的人生哲学和ppt。
55327,1083,李宏年,2017-07-01 09:22:31,2,5,3,迄今为止我见到的浙大最好的老师
55378,1083,李宏年,2017-07-01 11:47:26,1,1,0,很棒的老师 有时候讲人生 很有感触 讲课也很好
58051,1083,李宏年,2017-07-27 05:36:29,2,2,0,老师会吓你但给分还不错
61389,1083,李宏年,2017-11-16 04:38:00,3,6,3,满脑子诺贝尔奖●﹏●人家可是是玩北京正负电子对撞机的⊙▽⊙
75654,1083,李宏年,2019-07-02 12:29:18,4,4,0,教你学政治
76100,1083,李宏年,2018-04-12 01:20:17,3,4,1,头脑非常清楚，无论是讲课还是对一些事情的看法
76511,1083,李宏年,2018-04-12 02:44:30,-2,2,4,很好的老师，千万不要缺课，就行了
76921,1083,李宏年,2018-04-26 03:00:43,38,42,4,很奇怪，每天用一点时间讲课，讲课进度居然。。。
79567,1083,李宏年,2018-06-18 07:06:15,-7,13,20,对政治的认识很肤浅，人云亦云
80378,1083,李宏年,2018-07-11 09:59:01,-18,4,22,垃圾老师 给分(平时分)极差
80848,1083,李宏年,2018-07-02 04:51:24,12,15,3,上课飞快，课上有三分之一的时间都在讲政治。小测和期中很水，总的来说还是不错哒。
83493,1083,李宏年,2018-07-10 12:13:12,-4,3,7,没怎么听过。。所以也不知道该打几分。。
83790,1083,李宏年,2018-07-11 10:32:44,6,8,2,满? 了，hhhhhh（PS:期中考70分）
84944,1083,李宏年,2018-12-28 07:46:12,-27,10,37,搞研究去吧，别教书祸害学生了。您也配做老师？
85087,1083,李宏年,2018-07-15 09:26:20,5,5,0,很和善的老师，小测基本等于签到
96644,1083,李宏年,2019-01-21 08:26:13,-8,5,13,自以为是的点名方式 有一次作业忘记拿了被他收回去平时分直接-5 期中考试挂一半还不调分 嘴里一直像有一口痰一样 不明白这样绩杀讲课水平又一般的老师何德何能有9.1的评分
103917,1083,李宏年,2019-03-07 08:00:30,11,13,2,之前以为老师真的像那些评论说的那样很会扯，但我发现，老师分高自有分高的道理，知识点讲的很好啊，例题也很经典
104995,1083,李宏年,2019-04-02 02:12:39,-19,7,26,就想说一句，他的废话怎么尤其多……无语
111051,1083,李宏年,2019-06-29 10:38:57,-9,1,10,不怎么样吧，对没有学过物理的人不太友好，都考自己吧，上课咳嗽听得很难受，讲课没有重点，上课与闲谈时间1：3。
111198,1083,李宏年,2019-06-30 13:37:49,8,8,0,大一以来最喜欢的老师。一开始很不适应他的物理课，因为讲得有点快，我又喜欢直接写到笔记本上，所以跟不上老师的节奏，例题没好好听。后来我直接把笔记做在书上，就能跟上老师的节奏了。老师能在扯了很多淡的情况，让进度比别的班快一些，这是很神奇的地方。很多人觉得他在扯淡，其实不是，他告诉了我们很多人生的哲理，所以，他的大物课，也是大悟课。能够上老师的大物课，是一件很幸运的事，只要你认真听讲，课后用习题巩固知识，考试不是问题的。而且，老师挺可爱的，很有科学情怀，希望我们能为国家，为科学做一些贡献。虽然他老是咳嗽，但是习惯了就不影响了。
111379,1083,李宏年,2019-07-01 05:30:09,3,3,0,上课确实有点水，然后除了发音有些让人听着难受之外没有什么可挑剔的了。\n\n小测=签到    最后强调一点，大物靠自学！！！别想着靠老师！！
111516,1083,李宏年,2019-07-02 00:23:07,13,15,2,楼下那位有提到老师对没学过物理的人不友好，在这点上我是这样看的——我也是浙江高中物理学考考生，临近期末的时候向老师提起过这事，没想到李老师欣然地腾出了一个下午的时间为我答疑解惑，所以相比期中考试，我期末考的进步非常大。因此对没学过物理的人究竟友不友好完全取决于自己主不主动，愿不愿意去追赶。\n\n除此之外，老师上课也已经把基本的知识点都覆盖到了，至于强化也是课后自己要做的事。古人韩愈说过，师者，所以传道授业解惑也。在我看来，传道是比授业更加重要的事情。能遇上李老师这样的老师，何其有幸。
111638,1083,李宏年,2019-07-02 09:32:33,2,3,1,真的不调分啊 险些挂了www
111693,1083,李宏年,2019-07-02 14:25:06,1,3,2,真的绩点爆炸……想哭了
111702,1083,李宏年,2019-07-02 14:50:56,0,3,3,日常扯淡对于物理基础海星的人来说十分舒适，上课偏水不会有太大压力偶尔听听野史还能陶冶情操（我才不会说lhn承包了我这学期说说的绝大部分笑点），而且lhn感觉还挺好说话的毕竟每年卖题替同学们倒贴好几百块钱也不容易（只收现金其实惊呆我了），也不像其他老师一样拿小测作业什么的为难大家。。。但是不管怎么说该讲的知识点都讲到了，大雾甲的课程设置课程安排导致很多公式都不要求推导只要求记忆那就只能靠自己了吧，最后就那么些人坐前排其他人后排划水也不能怪老师吧，毕竟老师上课已经给了你一分钟强记什么的。总之物理好的同学尽管选，物理基础稍弱的同学不建议。
111706,1083,李宏年,2019-07-02 15:10:28,0,1,1,老师很好，但期末考爆炸了，虽然提前复习了很久\n\n
111861,1083,李宏年,2019-07-03 01:29:00,4,4,0,老师人很好，建议上课一边听讲一遍做笔记，这样可以集中注意力
111899,1083,李宏年,2019-07-03 02:20:58,3,3,0,总的来说老师上课讲得还是不错的，特别是涉及科学本质的问题，能引发人们的思考。ppt也不错，自己经常用这个自学。不过老师部分关于政治的观点我并不赞同，不过每个人都有自己的观点吧，毕竟经历也不一样。大物这门课公式特别多，很多时候不追求公式的推导，导致后面有些东西就是靠死记硬背背住的，所以学习的时候还是要自己注意
112836,1083,李宏年,2019-07-05 05:35:31,5,5,0,我觉得老师像一位长者，很可亲！
113166,1083,李宏年,2019-07-06 00:58:58,3,3,0,除了咳嗽，不错哟！
113944,1083,李宏年,2019-07-08 01:53:23,1,2,1,好好好
115991,1083,李宏年,2019-08-28 08:23:22,1,2,1,谈科学
116358,1083,李宏年,2019-09-09 11:25:47,6,8,2,上了xxp老师的大雾二，感觉特别怀念lhn...可能是我大学里最喜欢的老师，生活中和教学中的理想主义，为人很值得尊敬。讲的东西可能有些比较偏激，但是感受得到他是真的希望学生们能更好的发展，了解这个世界。绝对的人生导师。老师备课也很辛苦。讲课条理清晰，但是想要好的绩点最好预习。只要课上认真听，课后作业认真做，绩点绝对不会失望。课后作业一半都是水过来的，期末认真点复习，最后总评91。平时分满，其他的考试成绩也和老师没关系，感觉老师9.1分低了。上课咳嗽的问题，其实一节课就可以习惯，听的清楚的。
116379,1083,李宏年,2019-09-10 00:33:55,1,2,1,很有意思，很可爱的老师
125936,1083,李宏年,2020-09-16 01:48:12,-1,1,2,好老师\n\n就是网课的麦实在是太差了 声音忽大忽小
133618,1083,李宏年,2021-03-03 02:34:24,1,2,1,努力说话的样子很可爱
136068,1083,李宏年,2021-06-10 15:26:42,5,6,1,非常认真负责，讲的例题也很有价值，上课节奏非常好，作为老师绝对靠谱！
136202,1083,李宏年,2021-06-12 13:28:47,4,5,1,老师上课很仔细，讲的很好，不过可能喉咙的关系，有时候会有一点点听不清楚\n\n李老师也会讲一些有意思的故事，然后教我们一些人生的道理，令我获益匪浅，选！
136303,1083,李宏年,2021-06-16 03:10:53,14,16,2,老师讲的课挺清晰易懂的，呼吸道问题几乎没有影响，习惯就好，讲课挺有意思小测也很简单，挺好的老师
136342,1083,李宏年,2021-06-16 14:35:10,6,7,1,物理课上的人生导师
136575,1083,李宏年,2021-06-21 07:56:37,11,14,3,这种抨击教务处搞平时分正态分布的老师我直接夸爆！！！
141574,1083,李宏年,2021-10-15 04:37:37,3,4,1,老师讲课的脉络还是挺清晰的，详略也得当。就是上着上着就扯一波文史哲，甚至还能完成每日的乳法任务，这是我万万没想到的
144934,1083,李宏年,2021-12-26 03:32:33,-3,0,3,李老师，人很好的，爱他
145650,1083,李宏年,2021-12-31 02:37:45,1,2,1,我的宏年鸭，很好的一个老师，大家都来选年年的课
146085,1083,李宏年,2022-01-05 12:08:58,-3,0,3,我的超人~
147774,1083,李宏年,2022-01-10 19:42:21,3,4,1,谢谢老师捞我不挂呜呜呜。我对不起您。老师讲课很认真，ppt准备得很好！
147803,1083,李宏年,2022-01-11 01:28:29,6,7,1,挺好的\n\n很愿意教学的老师\n\n为了ppt上的公式问题愿意花很多时间，甚至重装office
148063,1083,李宏年,2022-01-11 12:22:30,0,1,1,跟了老师两年还没跟够的好老师，就冲这简简单单轻轻松松的小测我也得给10分！lhn yyds！
149978,1083,李宏年,2022-01-18 06:46:45,5,7,2,大物2上完了回来给大物1的李老师打个10分，讲课很有意思，课件很清晰，超级好，截止目前遇到的最喜欢的老师，选到就是赚到
160732,1083,李宏年,2022-10-08 04:52:09,1,2,1,《安徒生》
161888,1083,李宏年,2022-11-15 00:42:19,0,1,1,神中神，世界第一安徒生
163541,1083,李宏年,2022-12-15 03:36:49,2,3,1,总觉得和江有点像…
169185,1083,李宏年,2023-02-24 14:25:30,0,2,2,浓浓师生情！感谢老师捞我！
169529,1083,李宏年,2023-02-26 16:14:16,-2,3,5,小测很简单，作业只要交了就满分。老师很认真负责，很有思想。对于上课出勤的要求比较高，hhhhh会在来上课同学不多的情况下怒而临时小测。
171094,1083,李宏年,2023-03-16 01:32:56,-3,2,5,很喜欢的老师
174628,1083,李宏年,2023-06-15 00:45:32,6,6,0,老师除了物理讲太多了 我是想学物理不太想听他谈天谈地的\n\n我上半学期有时候对他很生气 上课讲物理内容太少，不相关的历史、政治内容太多\n\n下半学期也不想说什么了，每天听他骂gcd也挺有趣，但是讲太多了\n\n老师没入党，如果入党的话应该已经有处分了\n\n小测一周前会提前提醒，但不说是哪节课，比较简单\n\n作业交了就行，可以迟交两次\n\n老师比较佛系，上课前不给课件，不习惯
175504,1083,李宏年,2023-06-25 08:26:51,-16,2,18,啊好爱！好喜欢！hn爷爷真的人超级超级好😍小测交完卷发现有题写错了跑回教室找他还说麻烦我自己找一下卷子改一下😍
176754,1083,李宏年,2023-06-30 04:07:11,0,2,2,大爱我宏年哥，很不错的老师，上课逻辑很清楚，小测简单，平常不会点名但是对到课率的要求比较高，有时候会突击小测。有什么问题问他都会很及时地回，日常在群里也会积极通知一些大家关心的事项。总之，选他就对了！！！
176757,1083,李宏年,2023-06-30 04:09:16,-1,1,2,您是我爹！！！上课虽然其他东西扯很多，但是讲课很清楚，讲课进度甚至还蛮快的。稍微有点口音，但是一个月不到就能听习惯。捞王！！！您是我爹！！！
179125,1083,李宏年,2023-08-28 08:05:39,4,8,4,上课很有意思，能讲的讲了，不能讲的也讲了，涉及政治历史社会经济……，建议去人文学院当教授\n\n虽然东拉西扯，上课进度倒是很快。个人认为，老师的课件或者说给的例题含金量极高！！！平时的小测比较简单。\n\n总体而言，算是我心目中的大学老师！！！\n\n\n\n最后期末寄了，绩点爆炸，平时分还被往下调，该死的正态！不过这是大物课程组统一的，和老师没多大关系。\n\n我只能说，现在的大物制度，小测**成风，对于水平一般，不能保证全对的同学来说，平时小测不**真是连活路都没有了。
179590,1083,李宏年,2023-09-18 12:13:30,7,8,1,他想告诉你怎么形成科学素养，内容讲的详细，但是闲谈真的太多了。很震惊就算这样也能完成自己的教学计划……
179898,1083,李宏年,2023-09-20 03:18:24,8,9,1,如果想学到学科本身相关的东西的话，建议换老师
179926,1083,李宏年,2023-09-20 03:59:31,5,9,4,请选别的老师
187131,1083,李宏年,2024-01-14 15:21:13,-14,8,22,别选，上课不上，天天讲屁话，复习又不复习，还扣作业分
190244,1083,李宏年,2024-02-26 11:44:20,3,4,1,我室友选了，非常好，我爱这个老师
193947,1083,李宏年,2024-06-21 03:36:56,4,7,3,平时分赋分制，作业错了题会扣分，小测很简单错了就爆炸，签到会扣分，这就导致平时分大家都很高，满分40有很多38，39的，而签到一次没到扣1分，平时分直接爆炸。平时分扣的比我期中期末加起来差不多，傻卵赋分制
194137,1083,李宏年,2024-06-22 06:55:07,0,7,7,赋分制是物理组决定的，你有什么好喷的
194350,1083,李宏年,2024-06-23 10:17:21,5,5,0,又要搞签到，小测还搞突击，上课一堆废话，智云跳着看30分钟搞定的。
195038,1083,李宏年,2024-06-26 12:59:30,7,8,1,助教你作业是真能扣！！！非得我把式子化成和答案一模一样是吧，这样改作业的？？？？动不动就扣个10分15分！！！我好好写的好吧\n\n平时分赋分我也是真服了！！！
196202,1083,李宏年,2024-07-02 07:11:16,4,5,1,上课讲物理的时候讲得很快，需要（用讲政治的时间）看书预习，重点清晰，例题经典，难度适宜，所谓闲话也并非无用。小测比较简单，会提前通知下周或下下周要小测，作业有正确性要求。
199999,1083,李宏年,2024-10-10 15:40:41,-29,2,31,出生东西，不多说了
200961,1083,李宏年,2024-10-25 11:52:33,8,8,0,个性态度观点鲜明张扬、崇尚科学精神而又对现实略显无奈的老师，10分秒了
202928,1083,李宏年,2024-11-15 08:10:21,8,10,2,虽然讲课的时候废话是挺多，而且口齿也有点不清，不过他ppt里划的重点是真的很到位，只要把红框里的东西都掌握考试没啥问题的。这学期他去做手术来了另一个老师代课几周，没了他的废话反而有点不习惯，而且经过对比才发现lhn的ppt是独一档的好，非常适合补天。代课那几周我的重点都不知道去哪找，要比平时花了更多时间。
204431,1083,李宏年,2024-12-06 11:04:56,2,5,3,讲课中规中矩，有时也会谈论别的话题，不死板
204825,1083,李宏年,2024-11-28 10:25:42,15,16,1,2024年11月28日 lhn在大学物理课上因为没发现兄弟院校的听课老师就在后排 讲了十几分钟“我为什么觉得秦始皇是千古罪人” 望周知（bushi
207894,1083,李宏年,2024-12-25 01:38:13,0,1,1,大物甲一甲二都是李老师的班，上课会讲很多历史政治的看法，也会把考试的重点讲得很清楚。老师真的很棒。
208987,1083,李宏年,2025-01-04 05:39:45,4,4,0,老师上课还行，就是讲的跟课堂无关的东西太多了，如果想听时政评论之类的可以来…\n\n另外由于赋分制的原因，不推荐选李老师的课…小测题少且简单，但是不小心错了就会一次直接扣掉特别多分，夸张的时候小测一道题能顶期中两道大题…更别说还有嘎嘎扣作业分的助教…赋分制确实是大物都有的问题，但是在李老师班这个问题被狠狠放大了
212335,1083,李宏年,2025-01-14 01:41:17,1,2,1,大物甲一二都是老师的，一定要记得带作业，一定要注意作业答案的正确度（尤其是助教不变），上课很有意思嘎嘎嘎，讲课超级清晰嘿嘿嘿，不过所谓公式可能有点多，可以和其他的老师取交集。大物课后题质量非常高，包括思考题，推荐全部做一下。
214823,1083,李宏年,2025-02-18 05:45:34,0,0,0,话说作业嘎嘎扣分的助教是哪个，听说今年助教没换有点害怕
216775,1083,李宏年,2025-03-25 02:51:29,1,1,0,挺喜欢听老师的一些思想，感觉很对很对
218097,1083,李宏年,2025-04-21 03:15:18,0,0,0,李老师很认真负责，回答问题也很及时且仔细，PPT的重点很好用，不过大家小测还是要小心些，题目比较基础，错的话容易影响平时分
218133,1083,李宏年,2025-04-21 11:06:10,2,2,0,朵朵上来的，老师批评期中出卷老师，好评
218422,1083,李宏年,2025-04-23 09:43:38,1,2,1,恶心的正太，不知道是老师的问题还是物理组的问题，平时分34分正太到28，绩点直接低了0.6，难以接受啊
219138,1083,李宏年,2025-05-22 07:13:07,1,2,1,助教作业扣分极其严格，再加上平时分赋分导致平时分超低，，，但老师很好，上课很细，ppt会划重点，小测题也比较简单，（以及，好爱听老师上课时不时冒出的闲话，全靠这个维持上课不走神嘿嘿
219465,1083,李宏年,2025-05-28 01:55:49,1,1,0,想认真学和想水的都别选
220770,1083,李宏年,2025-06-19 15:07:25,2,2,0,老师上课非常用心。虽然老师年龄比较大了，但是还是可以看出来每节课都是好好准备上的。宏年爷爷经常给我们扩展一些思想类，他希望把我们培养成有独立思考的清醒的人！
185,1087,李海洋,2015-03-14 16:36:20,9,24,15,良心老师，对学生有问必答，超级耐心
7532,1087,李海洋,2015-09-15 02:41:21,22,25,3,你不会听清他在说什么…
8379,1087,李海洋,2015-09-20 09:39:21,8,13,5,也是呵呵了大物就自学吧，讲的太烂了
8465,1087,李海洋,2015-09-21 11:45:16,7,13,6,讲课还不错，但是口音听不清。。
8478,1087,李海洋,2015-09-21 15:47:11,11,16,5,听起来没劲。。
9611,1087,李海洋,2015-11-03 01:14:56,1,3,2,内心是崩溃的…莫名会跳十多页
9674,1087,李海洋,2015-11-04 07:25:57,14,17,3,他讲的话有好多听不清，于是就不想听了
10146,1087,李海洋,2015-11-17 01:11:03,5,8,3,我们都直挺挺地…睡着了。\n\n
10574,1087,李海洋,2015-11-20 05:08:23,-1,2,3,很好的老师
12656,1087,李海洋,2015-12-24 00:21:01,3,4,1,软绵绵
13711,1087,李海洋,2015-12-30 11:25:05,0,1,1,蛮好啊，很有趣
13736,1087,李海洋,2015-12-30 12:51:03,3,4,1,神口音，睡觉都睡不着
14392,1087,李海洋,2016-01-07 00:29:31,1,4,3,口音重得一笔，莫名自大，莫名对学生高要求，仿佛我们都是物理系的仿佛我们只学一门大学物理
14665,1087,李海洋,2016-01-08 07:50:28,4,7,3,坐第一排会有很大很大的收获\n\n的确有口音 但是听久就习惯了 虽然偶尔还是有些词听不懂 但猜猜有助于清醒！人太少才会点名 而且会预告 总体来说是个不错的老师
14780,1087,李海洋,2016-01-09 04:02:51,5,7,2,真的是讲的很一般很一般而且还听不懂\n\n最后一节课算了被车撞相当于从几楼摔下来来说明学好物理的意义我真是醉了。
14992,1087,李海洋,2016-01-11 12:33:54,4,8,4,萌萌的一个老师，讲话有点慢，讲课速度有点奇葩，不过上课每节课都会简单把前面学过的东西简单复习一遍，是个好老师
15959,1087,李海洋,2016-01-16 22:43:28,-14,2,16,你给我满绩我给你十分 摸摸大～
16910,1087,李海洋,2016-01-19 08:49:46,4,5,1,向他问问题\n\n他会跟你兜圈子 \n\n谈一些别的什么鬼
17660,1087,李海洋,2016-01-20 14:57:43,3,5,2,绩杀！大家慎选！
19409,1087,李海洋,2016-01-24 06:18:37,0,1,1,呵呵去了第一节课，和最后一节课，逻辑好乱。
20143,1087,李海洋,2016-01-26 08:20:02,2,4,2,讲课烂，自觉良好。绩杀。
20822,1087,李海洋,2016-02-01 07:42:02,3,4,1,大绩杀
26163,1087,李海洋,2016-06-16 06:36:09,1,2,1,还好！
45104,1087,李海洋,2017-01-19 03:43:10,0,0,0,感谢老师(>﹏<)
45125,1087,李海洋,2017-01-19 04:09:36,3,4,1,如果一个老师上得好，但给分严格，我仍会觉得这是个好老师；\n\n如果一个老师上得一般，但给分厚道 那这老师也还不错；\n\n但如果上得烂，给分还差，那只能呵呵了。\n\n讲个笑话：李海洋的大物\n\n呵呵
51083,1087,李海洋,2017-05-16 08:02:33,2,2,0,李海洋老师的口音的确奇怪，不过说句公道话，他的实验课很有启发性，告诉我们不仅仅是会做实验就行了，对于什么是正确的，对的这个问题，应该要进行自己的思考，作为一名实验者，不应该顺从于理论，要有怀疑态度，这种精神应该是这门课这个老师给我的最大收获。当然，对于以后并不想从事研究的同学来说，可能是玄学。。。
53879,1087,李海洋,2017-06-28 02:49:31,0,1,1,听说李老师乒乓打得很好
59122,1087,李海洋,2017-09-20 00:10:46,5,5,0,老师，你究竟在bb些啥
59133,1087,李海洋,2017-09-20 01:46:46,1,1,0,我还要去东区上课 今天还下雨 放过我吧 第一节课就拖课来讲西游记筋斗云 一开始还想适应口音后来放弃了自学吧
64175,1087,李海洋,2017-12-21 07:55:19,11,11,0,很萌很萌 超级喜欢他 真的是听君一席话 胜读十年书啊
65875,1087,李海洋,2018-01-10 00:34:43,1,1,0,这老师真是绝了，上课讲的都什么乱七八糟的，ppt也是一跳好几页，。还总喜欢动那个话筒，弄出出特别大的声音。大物二真的讲不明白，不明白为什么学校要让这样的老师来讲课，慎选。
71955,1087,李海洋,2018-01-29 06:37:57,-8,0,8,垃圾垃圾，每次点名都到，每次作业都交，基本是A，然后平时分给我扣两分。真是浙大物理系的耻辱！！！！不要选他！
1440,1108,薛大建,2015-03-22 03:56:19,5,10,5,超级好的老师！
3150,1108,薛大建,2015-05-18 02:48:30,37,39,2,我只能说，代课的谢小平老师真不错。\n\n
3743,1108,薛大建,2015-06-17 03:05:50,10,14,4,老师和蔼…年轻时候应该比较帅…仅此而已
4343,1108,薛大建,2015-06-19 07:38:44,17,18,1,如果是春夏的课，大建会经常出差，到时他的基友谢小平代的课真心不错
4691,1108,薛大建,2015-06-26 05:37:58,14,14,0,春夏好春夏好！谢小平代的课好！
4820,1108,薛大建,2015-06-29 08:39:20,4,7,3,给人一种很儒雅的老先生的感觉～讲课的话个人觉得还不错啦ppt也很好～ 平时作业十次只要交八次就作业项满分了～
7636,1108,薛大建,2015-09-15 06:58:33,11,12,1,感谢薛老师让我认识了谢小平老师。现在我大物II就是谢老师的，真好。
13768,1108,薛大建,2015-12-30 18:03:11,5,5,0,特别儒雅，讲课声音很小要坐前排，平时分给的很松，讲课挺认真的，就是声音小容易犯困。。
14410,1108,薛大建,2016-01-07 02:18:23,1,2,1,很棒的老师
14536,1108,薛大建,2016-01-07 13:06:12,8,9,1,好像从下学期开始大建彻底退出了大物教学界，而小平干脆一口气带三个班。
16455,1108,薛大建,2016-01-18 06:25:53,2,2,0,求问给分如何呀？大雾二好害怕会挂...
16966,1108,薛大建,2016-01-19 15:40:42,4,4,0,我敢说，在听课的人绝对不超过1/3...不过老师人还是很好的
17117,1108,薛大建,2016-01-19 15:22:31,-2,3,5,给分真的很不好 很不好 很不好 说三遍
17121,1108,薛大建,2016-01-19 15:25:04,-3,3,6,老师超级不近人情，最后一节课把之前缺的作业都补交了他也不认，最后居然被平时分脱了后腿
17492,1108,薛大建,2016-01-20 09:56:31,-2,2,4,从来不点名，给分比较水，分分钟满绩
35929,1122,王凯,2017-01-16 08:20:53,-2,2,4,虽然什么都听不懂，但给分良心
43402,1122,王凯,2017-01-16 08:19:34,0,4,4,老师你最帅。 我原子物理都以为我要挂了，老师让我上4了。不说了。师生情\n\n
44210,1122,王凯,2017-01-17 11:57:23,-1,3,4,负责，关键给分高啊
51606,1122,王凯,2017-06-07 13:53:54,0,4,4,很好很好\n\n哈哈哈哈哈哈
65644,1122,王凯,2018-01-08 03:16:25,0,1,1,实验性的课程。老师认真负责又有关怀。
68061,1122,王凯,2018-01-22 14:26:53,0,2,2,上完这个课，至少把基本的量子力学符号和运算搞明白了，就是后面Dirac方程还有旋量什么的有些迷糊。老师人超好的。
68253,1122,王凯,2018-01-23 01:37:11,0,1,1,老师真的耐心，人很好。学的虽然很抽象，考试就是平时内容，要看自己有没有掌握。
68364,1122,王凯,2018-01-23 05:08:45,12,14,2,这届满绩太多了，下届考试可能会变难，学弟学妹小心了
74419,1122,王凯,2018-02-20 11:02:28,-2,0,2,人超好，给分超级超级好，考试时候我们一边下面做题他一边上面写公式2333
80401,1122,王凯,2018-06-26 06:11:14,0,2,2,很和蔼
92395,1122,王凯,2018-12-28 08:18:15,-1,0,1,还行吧
98287,1122,王凯,2019-01-23 09:18:34,0,2,2,讲的很好，自编讲义，老师对每个细节都很熟悉
98385,1122,王凯,2019-01-23 11:44:21,0,2,2,下一年就是选修课咯，非求物的小朋友们也不要害怕呀，虽然这门课比较难，但是老师会很努力的拉你的（拉到满那种
102353,1122,王凯,2019-02-01 06:53:00,3,9,6,王凯的课很值得听，因为他的理解超越了传统的原子物理，你们去听传统的原子物理根本学不会什么（普通班用的是杨福家那本，写的像文科课本），还不如直接上初步的量子力学，这些王老师都会教给你，也有助于进一步的学习理解。最后考试不难只需要会推导讲义的内容，给分好。助教胡子昂水平高、贼帅又热心，缺女朋友
121753,1122,王凯,2020-01-21 13:40:03,0,3,3,迄今为止遇到过的对物理教学最有研究的人，跳出了原有的原子物理教学框架，引入了四大力学甚至是高等量子力学的很多知识点，但是又通过线性代数的手段保证不会超纲，可以看的出在这门课程上花了很大的心血。最后考试不难，给分也很好。老师本人很有思想，学到了很多，收获满满，谢谢老师（让我想起了吴建澜老师
122490,1122,王凯,2020-03-02 05:54:09,44,50,6,王老师的课堪称浙大物理系头号神课，以氢原子作为主线，以代数方法作为主要方法，涵盖了经典力学、量子力学、高等量子力学和量子场论中的一些基本议题。有几个重点需要关注：1. 这门课程会用到一些数学处理和方法，比如爱因斯坦求和约定、全反对称张量以及李群与李代数的基本计算，这些内容在后续四大力学中也会用到，建议大家先复习一下线代中线性变换的内容，课程中对于新的数学方法多多练习，力图熟练；2. 量子力学五大基本假设都会提到，其中全同粒子假设可能来不及讲，但是前四个会反复提及，建议深入理解，对于后续学习量子力学很有帮助；3. 角动量、动力学对称性、自旋是主体内容，这一块一定要学得很清楚； 4. 诺特定理横贯整个课程，对称性与守恒量，还有力学量与变换生成元之间的关系一定要搞清楚，讲义里有些正负号可能不太自洽，所以不要去死记硬背，尽力理解。5. 推荐一些参考书：经典力学还有群论部分可以参考《基于对称性的现代物理学》（只有电子版）的前两章；量子力学部分可以参考griffith《量子力学概论（第三版）》的第一章全部、第二章相关部分、第三章全部；角动量强推sakurai《现代量子力学》第三章，简略的看即可；自旋部分个人感觉难度较大，没有看到很通俗的教材。此外朱栋培的《原子物理与量子力学上册》是课程推荐书，可以自习看看第二三四章；由于课程中对于算符和对易子有大量讨论，可以看一下《费恩曼物理学讲义（第三卷）》第20章，浅显而清晰。这门课这样上下来还是受益匪浅的。
124677,1122,王凯,2020-07-06 02:04:24,0,2,2,自己开的课凌晨截止交论文，下午四点出分，百分制没告诉学生就改成五级制了，还说写了十几二十页的那种认真的同学都会给高分的，还借此说别的课得低分的同学就是不认真？怎么就能判断人家认不认真了？\n\n虽然之前上过的其他课还挺喜欢他的。。。
128791,1122,王凯,2020-12-25 10:12:05,2,5,3,这是一门我因时间冲突没法选最后看课程回放看的津津有味的课。王凯老师的课是我上过的所有课中最有价值的，一般的课一节课能有半小时是有价值的就很不错了，但王老师的每一堂课都值得一句话一句话细细品味。我学的普通班的量子力学，但王凯课上的很多东西都没在量子力学中提及，所以即便我已经学了不少量子力学的内容，我仍然每节课的回放都再看一遍，并且都会有一定收获。王凯老师的很多理解，比如能级分裂对应着对称性破缺、用隆格愣次矢量简化氢原子能级的求解，我在科恩、格里菲斯、sakurai中都未曾看到，更不用说群论、自旋什么的了，一门4学分课的收获比十学分的课还多（当然，得认真思考并补充阅读）
130126,1122,王凯,2021-01-23 00:27:26,11,12,1,谢谢wk的满绩
131561,1122,王凯,2021-01-28 04:28:54,5,9,4,物理系的学生原子物理想学东西的话尽量选王凯的吧，不解释，神课，只要认真听课自己愿意动手算应该不会有什么问题，需要的数学老师都会手把手的教，能学到东西给分也好，虽然被卡了没满绩我依然给十分，反正给分不会比叶高翔差
140146,1122,王凯,2021-08-29 15:47:08,1,2,1,听了个讲座，人真不错，体贴又认真👍🏻
145881,1122,王凯,2022-01-03 14:57:17,10,11,1,课程非常深入，但考试均为典型习题，老师对物理学有着极度深刻的认识。人也很好。倞成gg和东山gg人也超好。
145888,1122,王凯,2022-01-03 16:01:33,3,4,1,啊啊啊啊啊啊啊啊啊刚刚出分，激动到不知道说什么了，总之选就对了。\n\nwkgg男神！！！讲课无敌，给分超好！
169052,1122,王凯,2023-02-24 06:38:59,2,3,1,上的是原子物理学，偶尔定位点名，考试内容都来自他的讲义
169344,1122,王凯,2023-02-25 12:55:55,7,9,2,原子物理，神课，给10分满了，考不高是我不配，老师没有问题
169693,1122,王凯,2023-02-27 11:53:59,1,4,3,虽然本人分不高但王老师绝对是最好的老师之一，讲课内容条理清晰，能学到好多好多东西
182930,1122,王凯,2023-11-21 06:49:28,2,5,3,能环概论，事真的多，还不如有考试呢，分少
187478,1122,王凯,2024-01-17 06:33:28,-30,5,35,烂透了。真是依托钩式\n\n毫无师德的逆天
188807,1122,王凯,2024-01-20 04:45:59,2,4,2,老师讲的很好，考试不难给分好
190296,1122,王凯,2024-02-27 12:15:48,1,1,0,王老师上课很好
192053,1122,王凯,2024-05-08 09:05:59,1,1,0,呃呃呃
200312,1122,王凯,2024-10-16 01:00:41,1,1,0,听不懂，真听不懂
203602,1122,王凯,2024-11-20 06:41:40,-2,0,2,能环概论。态度好但是事情多，个人认为小组作业按贡献比分配比较不合理，对组内每个人都付出的组不大公平
212299,1122,王凯,2025-01-14 01:02:59,3,5,2,原子物理是超好的一门课程，王凯老师也是超好的老师！10分！\n\n唉，只不过我没认真学……他已经努力把我捞及格了，这只能怪我自己
22062,1218,吕丽花,2016-03-02 08:26:18,1,12,11,老师很尽力 但是实在讲不清楚
26579,1218,吕丽花,2016-06-20 07:24:58,7,17,10,板书超级好，声音响亮，方法很有技巧。
29054,1218,吕丽花,2016-06-29 07:43:00,3,12,9,老师脾气很好，讲的也很尽力。但……全中国能讲好量子力学的大概也就不超过两位数的人吧…而浙大正好就有一个……为什么不让一新大师教我们量力呢……
31370,1218,吕丽花,2016-07-03 19:03:22,-2,6,8,讲不清楚。。。不如看书。。。
49392,1218,吕丽花,2017-04-10 05:33:04,-7,5,12,不想解释，整个感觉都不好了。看她没脾气，我慢慢都想发脾气，不晓得她怎么来讲课的，自己搞研究就好了，害学生。
49395,1218,吕丽花,2017-04-10 06:32:33,-6,2,8,迷茫 自我放弃ing
54054,1218,吕丽花,2017-06-28 10:16:40,-7,3,10,给分好渣上课想睡觉
76457,1218,吕丽花,2018-04-10 04:02:37,-8,3,11,语速好快，知识讲不清楚
76464,1218,吕丽花,2018-06-24 15:11:10,25,29,4,讲课好，老师人也好，讲课和隔壁9分的老师其实在同一水平线，小测还允许翻书，不知道为什么评分会这么低
76786,1218,吕丽花,2018-04-23 08:59:42,13,15,2,老师语速是快㤐儿，但我感觉挺清楚的，中间休息一次，十二点五分左右下课。
76998,1218,吕丽花,2018-04-28 01:15:22,5,8,3,上课讲的挺清楚啊
78040,1218,吕丽花,2018-05-09 06:06:44,-7,2,9,哇，代课，到底\n\n在乱讲些什么啊
79678,1218,吕丽花,2018-06-12 15:02:50,11,14,3,老师人很和善，上课认真，大物讲的很不错啊，个人感觉这个评分偏低了。
79928,1218,吕丽花,2018-06-15 10:01:19,5,8,3,大物讲的挺好。
80038,1218,吕丽花,2018-06-19 06:31:56,10,12,2,老师讲课很有技巧，解题思路也理的很清楚啊
80221,1218,吕丽花,2018-06-22 01:32:22,10,10,0,老师讲课思路很清晣，特别是解题思路的训练引导很好。
80467,1218,吕丽花,2018-06-27 01:39:06,3,4,1,同意楼上观点，老师确实很不错。
82693,1218,吕丽花,2018-07-09 03:31:36,3,4,1,老师人真的很好 讲课也很尽力了  个人感觉查老师上评分真的偏低了
83209,1218,吕丽花,2018-07-10 02:31:48,9,11,2,老师的PPT很好，很精髓，比看书好。虽然老师主要还是按PPT讲课，但仍需要平时自己多看PPT才能懂。老师人是很和善的。一些数学问题不会，老师也会停下来解答。课后提问也是有问必答。虽然没有体验过其他大物老师，不敢说谁好谁差。最后补充一点，老师给分好\n\n
83489,1218,吕丽花,2018-07-10 12:02:57,5,5,0,老师人很好，给分也不错，小测提前通知，课没听过但讲的过得去。不用因为评分退掉她的课。
85733,1218,吕丽花,2018-07-31 05:24:37,5,5,0,老师人很好，耐心温和，讲课很不错，给分也很好。
85767,1218,吕丽花,2018-08-04 15:25:15,1,1,0,课讲的好，给分好。
87959,1218,吕丽花,2018-10-18 14:42:52,5,5,0,老师的PPT很好。谢谢老师\n\n
91113,1218,吕丽花,2018-11-30 07:23:17,1,1,0,讲课清楚，温和负责的好老师
92418,1218,吕丽花,2018-12-28 12:27:01,0,0,0,。。。
93521,1218,吕丽花,2019-01-10 07:33:05,0,0,0,我怕不是要挂了...
93527,1218,吕丽花,2019-01-10 07:44:13,-7,1,8,如果想考试前一次还小测+经常拖堂\n\n是个不错的选择
98401,1218,吕丽花,2019-01-23 12:04:25,5,5,0,还可以
98987,1218,吕丽花,2019-01-25 14:54:19,-8,0,8,作业都交了，小测都去了，因为平时成绩太低导致总评还不如期末考试成绩，唉。
99397,1218,吕丽花,2019-01-24 16:17:52,3,5,2,我觉得挺好的啊，不知道为什么查老师上分这么低
102410,1218,吕丽花,2019-02-01 14:41:46,3,4,1,老师给分很好，最后都没有卡绩，讲的也很好?
102641,1218,吕丽花,2019-02-17 01:52:42,1,3,2,讲课给分都挺好，对学生也很热心。
108455,1218,吕丽花,2019-05-24 15:37:19,1,1,0,老师讲课很用心，大物乙不错的选择
108834,1218,吕丽花,2019-06-03 05:33:21,0,1,1,老师太好了吧
109516,1218,吕丽花,2019-06-16 07:27:20,1,1,0,给分不清楚，备课真的超级认真的，小测可以翻书，不懂去问老师也会讲的特别细致，不会嫌弃2333喜欢老师。
111978,1218,吕丽花,2019-07-03 05:29:27,5,5,0,老师上课的话就中规中矩吧，但是平时真的很热心，有什么疑问都会细心解答。平时的小测怕我们记不住公式允许翻书，作业也很少。给分超级好尽量给高分，真的挺好的?
111985,1218,吕丽花,2019-07-03 05:53:00,-2,0,2,炒鸡漂亮的老师，十分友好\n\n小测只用来看你有没有到\n\n考试给分十分好，最爱的物理老师了
111997,1218,吕丽花,2019-07-03 06:15:17,1,1,0,很清楚很负责
112020,1218,吕丽花,2019-07-03 07:50:28,2,3,1,老师真的超级好? ? 考完觉得自己凉透了，硬生生被捞上了4.2，还是刚好86过的，给分真的没问题
112024,1218,吕丽花,2019-07-03 08:15:02,1,2,1,讲的很细致，很适合认真听讲、稳打稳扎的学生，好好听课，你也能高分!
112042,1218,吕丽花,2019-07-03 09:18:18,1,2,1,老师给分超级好！！爱了！
112116,1218,吕丽花,2019-07-03 15:33:43,1,1,0,老师很认真，建议坐前排，不要因为有PPT就坐后面，注意力真的集中不了，因为老师讲得蛮快的\n\n老师平时群里解答问题也很认真负责，和蔼可亲，给分也好。\n\n课上不懂的，回去看一遍完美的PPT也能意会
114240,1218,吕丽花,2019-07-09 08:32:10,2,3,1,老师超级棒！
122596,1218,吕丽花,2020-03-06 04:04:28,7,9,2,讲的是清楚，但让人听不懂。不喜欢他的讲课方式，以读PPT为主。基础差的同学（比如我本人）根本听不懂😐
122776,1218,吕丽花,2020-04-03 02:19:54,3,6,3,顶不住，老师讲到第三题了我还在思考第一题，念一遍ppt的时间完全不够思考，真的跟不上
122888,1218,吕丽花,2020-05-20 09:14:34,6,8,2,真的只按ppt上的讲，完全听不懂
122944,1218,吕丽花,2020-04-24 02:30:37,2,4,2,听不懂啊...理解不需要时间的吗...完全跟不上
123171,1218,吕丽花,2020-05-15 02:42:24,5,7,2,课上完全听不懂，顶不住了，来写评论。按ppt讲确实很有条理，但一步没有理解后面就全跟不上。一些定义也就一下就过，没记住定义下面都理解不了。一环听不懂，接下来都像听念经。可能真的是要预习。
123327,1218,吕丽花,2020-06-03 08:25:12,10,13,3,她讲的=ppt，不是约等于，是等于。\n\n不容易跟上\n\n老师人应该还不错
126293,1218,吕丽花,2020-09-22 03:25:55,9,9,0,老师上课很清楚，但听不懂。没有重点，只是读ppt，让人想睡觉
127109,1218,吕丽花,2020-11-08 23:30:08,5,6,1,高中没有物理基础的慎选
137761,1218,吕丽花,2021-07-06 04:29:26,1,4,3,老师好，但是小测题量能不能稍微少一点
139481,1218,吕丽花,2021-07-16 10:55:14,6,6,0,不预习不要想听懂了。。。照着ppt讲课很难让人跟上啊，小测很折磨。
169075,1218,吕丽花,2023-02-24 08:24:27,0,0,0,给分还不错，上课有点水水的
169087,1218,吕丽花,2023-02-24 08:48:18,0,2,2,平时分给的好求是...感觉扣的好狠orz
169089,1218,吕丽花,2023-02-24 08:57:15,0,1,1,呜呜呜呜呜呜老师呜呜呜呜跪下了，上课不用通过回答问题来获得平时分，就看小测和作业，真的社恐加菜鸡救星啊啊啊！\n\n我期中期末都在及格上下，但是平时分真的给的超高！虽然均绩没得救，但是跪谢老师呜呜！\n\n（大雾I在另一个班上的，同样是摆，摆完一学期后平时分比现在少了快十分，呜呜呜老师我哭死）
169985,1218,吕丽花,2023-03-01 01:50:40,-19,2,21,期中、期末都拿满了，为啥总评就90，无语了。。。
187948,1218,吕丽花,2024-01-18 01:23:49,4,4,0,满昏，狠狠捞，期末考速成，把我嘎嘎捞上去了
187972,1218,吕丽花,2024-01-18 02:31:19,2,2,0,给分真的跟别的老师比特别特别好！\n\n好像平时分不要求正态！\n\n大家无脑冲完事了，给分在大物老师里面肯定是比较突出的好的
189545,1218,吕丽花,2024-01-25 10:15:33,2,2,0,满昏 给分巨好
207545,1218,吕丽花,2024-12-23 03:24:06,2,2,0,是吧？\n\n是吧？\n\n是吧？\n\n是吧？？？
211004,1218,吕丽花,2025-01-10 10:06:52,0,0,0,给分巨好，一学期没学，都不知道怎么捞到这个分数的...老师上课确实比较无趣，就是读ppt，导致我很难集中注意力（我的问题）
213100,1218,吕丽花,2025-01-16 03:53:07,0,0,0,不喜欢小测的赋分
214811,1218,吕丽花,2025-02-18 04:54:06,2,2,0,老师给分超好，人也很温柔。但是感觉上课属于是ppt reader，不如自己看ppt
216766,1218,吕丽花,2025-03-24 11:10:17,0,1,1,pptreader，但是给分不错
218166,1218,吕丽花,2025-04-22 00:45:16,0,1,1,上课太糟糕了，完全听不下去
219801,1218,吕丽花,2025-06-06 12:23:03,1,1,0,pptreader
956,1226,张寒洁,2015-03-19 14:31:26,-5,27,32,比较风趣，学的也比较轻松，就和你讲讲关于物理的一些东西，考试的话一张卷子，全英文，可以带牛津高阶词典或者电子辞典，都是关于物理的题目，挺简单的，高中物理学的
1804,1226,张寒洁,2015-03-25 06:30:27,-4,17,21,棒棒哒，从不点名但是从不缺席
2306,1226,张寒洁,2015-04-19 11:43:34,-9,15,24,很幽默的一个老师
2446,1226,张寒洁,2015-05-03 02:06:44,-16,16,32,超级棒\n\n
2662,1226,张寒洁,2015-05-05 04:01:54,27,106,79,课堂上调侃文科生，觉得有点过了
2840,1226,张寒洁,2015-05-08 13:16:25,17,59,42,无聊。。。绩点低。。。
2853,1226,张寒洁,2018-09-11 09:09:19,21,48,27,挺幽默的。不过最后给分真坑，我每次都回答问题也没给多少分
3094,1226,张寒洁,2015-05-14 04:20:07,12,38,26,给分低到爆
3838,1226,张寒洁,2015-06-17 05:50:45,10,32,22,每日一分\n\n
4340,1226,张寒洁,2015-06-19 07:25:08,2,13,11,每日一分\n\n
4634,1226,张寒洁,2015-06-25 09:40:55,40,75,35,万物很值得听的！
4728,1226,张寒洁,2015-06-26 15:23:49,4,19,15,没有学大物的理工科同志不要选
4739,1226,张寒洁,2015-06-27 04:38:31,-9,9,18,比起答题 感觉论文更重要吧\n\n只答了两次  但最后给分不错
4766,1226,张寒洁,2015-06-28 03:22:20,12,37,25,给分炒鸡低，以至于我现在想起他就心情不好。。呵呵
4796,1226,张寒洁,2015-06-29 02:54:58,2,11,9,不咋样
5417,1226,张寒洁,2015-07-07 08:57:04,12,21,9,给分不好，慎重慎重
5534,1226,张寒洁,2015-07-08 05:36:36,-5,8,13,有些无趣的幽默，老师本身思想片面，但是总体还可以
5550,1226,张寒洁,2015-07-08 07:50:09,2,10,8,真的很无聊
5707,1226,张寒洁,2015-07-09 07:43:03,8,18,10,给分烂爆了\n\n
5892,1226,张寒洁,2015-07-10 00:33:34,1,9,8,不行啊
6180,1226,张寒洁,2015-07-11 15:56:20,2,17,15,首先，我是个工科生，然后，他的课真的很糟糕，给分呵呵了
6578,1226,张寒洁,2015-07-15 17:36:15,1,23,22,老师上课很风趣 很注重学生的思维拓展力 上课回答问题正确与否不重要 但这个开发脑洞得过程很有趣 我工科生 觉得这门课值得一修
7776,1226,张寒洁,2015-09-15 13:20:41,-12,8,20,每日十分
7777,1226,张寒洁,2015-09-15 13:19:54,11,32,21,哗众取宠
9412,1226,张寒洁,2015-10-26 11:05:39,7,15,8,怕怕的
9658,1226,张寒洁,2015-11-04 01:28:50,119,144,25,大雾实验给分一生黑
10199,1226,张寒洁,2017-11-06 09:33:31,12,32,20,各位不要选，给分60多。。。
10618,1226,张寒洁,2015-11-20 15:35:39,1,15,14,傻不拉几
11719,1226,张寒洁,2015-12-12 09:58:00,1,9,8,很无聊，总是用老梗
13108,1226,张寒洁,2015-12-25 02:04:28,-2,3,5,红红火火哈哈哈哈
13109,1226,张寒洁,2015-12-25 02:06:19,-9,5,14,超级棒的老师
13186,1226,张寒洁,2015-12-25 05:43:54,-1,7,8,长得很帅
13410,1226,张寒洁,2015-12-28 01:57:28,10,38,28,会辱骂学生 ....素质低 不符合浙大形象。有一次实验课学生提前打开实验仪器，他就说别人手贱！真是搞不懂....
13524,1226,张寒洁,2015-12-29 02:40:49,2,13,11,讲话粗鲁，给分差
13834,1226,张寒洁,2016-01-01 05:33:09,2,14,12,垃圾啊
14052,1226,张寒洁,2016-01-04 03:19:49,15,28,13,大雾实验一生黑
15197,1226,张寒洁,2016-01-12 14:50:16,10,24,14,恶心，无脑喷，觉得只有自己智商开化学生都是sb
15528,1226,张寒洁,2016-01-15 06:10:03,2,14,12,垃圾老师
15706,1226,张寒洁,2016-01-16 07:12:43,3,10,7,每周一分，说到做到
17507,1226,张寒洁,2016-01-20 10:15:42,11,20,9,上大物实验爆粗口，嘲讽学生的高中。
17717,1226,张寒洁,2016-01-20 17:23:52,3,20,17,这是我进浙大以来遇到过的最烂的老师，各种无脑喷，老是一副自以为是的样子，做他的实验就是一种煎熬，最好不要问他问题，他会各种喷你，他眼里除了他以外都是傻逼
17718,1226,张寒洁,2016-01-20 17:29:51,-7,4,11,每周一分
17719,1226,张寒洁,2016-01-20 17:30:18,57,75,18,大物实验不要选他\n\n大物实验不要选他\n\n大物实验不要选他\n\n
18530,1226,张寒洁,2016-01-22 02:11:03,-4,3,7,其实，大雾实验和通识课没那么不好啦
20637,1226,张寒洁,2017-03-08 07:05:54,59,94,35,一直前排，课很有趣，尤其对于军事政治历史迷来说；带给你看待生活学术不一样的视角，考试内容上课直接或间接提到，调侃黑很有趣，但专业知识更多是感性认识
21708,1226,张寒洁,2016-03-01 00:54:00,2,16,14,特别无聊，各种无下限嘲讽文科生，对于理科生也是骂sb，完全不懂他的笑点在哪里。浙大有这样的老师真的是一种悲哀。个人觉得，有道德底线的人上他的课真的是一种折磨。
21847,1226,张寒洁,2016-03-01 08:41:13,9,26,17,客观来讲，有讲课艺术，觉得演讲能力较强。但是，有学无养，对于文科生的无理调侃，对于女性的不尊重，无法接受。
22107,1226,张寒洁,2016-03-02 10:56:03,18,34,16,要是有0分我绝对不评1分！！！
22912,1226,张寒洁,2016-03-14 14:16:19,2,3,1,这给分\n\n
23354,1226,张寒洁,2016-03-26 08:05:00,-1,4,5,上过老师的凝聚态实验方法，讲课幽默风趣，能学到很多
23358,1226,张寒洁,2016-03-26 16:27:53,-2,4,6,坑货啊
23629,1226,张寒洁,2016-06-26 14:04:59,8,11,3,无话可说
23862,1226,张寒洁,2016-04-19 04:26:15,1,2,1,。。。
23993,1226,张寒洁,2016-04-24 14:47:01,-1,6,7,大二绩点最高的一门通识课
24143,1226,张寒洁,2019-09-09 11:25:38,251,343,92,我上的是万物运行的奥秘，当我临近考试去下老师的ppt仔细看的时候才发现老师其实有很多思想，在看似嘻哈的风格背后蕴藏着很深的理解，对物理学的，对教育的，对思想方法思维方式的……老师只是把这些东西都以打趣的方式表达，使得很多人都不以为意。
24522,1226,张寒洁,2016-05-01 04:43:28,1,7,6,单纯从凝聚态这门课，10分.
24809,1226,张寒洁,2017-08-29 15:17:31,2,20,18,老师讲得挺好的呀，幽默风趣，那些说他黑文科生黑女性的，难道你们连什么是玩笑都不知道？
24851,1226,张寒洁,2016-05-04 04:53:18,6,25,19,收获极大 给分极好 适合有好奇心脸皮又厚的理工科学生选择
24978,1226,张寒洁,2016-05-04 15:17:00,-1,5,6,"每次上课之前都说一声""show time""，很有精神。讲的物理常识蛮有趣但是对文科生来说还是有点难。确实也觉得老师总是鄙视文科生，不太舒服。"
25120,1226,张寒洁,2016-05-05 14:39:47,-3,9,12,作为一个很水的文科生，居然给了4.5……上课很幽默的说……其实你们好好写论文，考试记得带字典就好
25178,1226,张寒洁,2016-05-07 03:31:45,3,12,9,给分低不知道是不是被正态了。上课个人观念太强 讲不到要点。有点自以为是了很多时候不经意就会讽刺到其他人。说实话不喜欢老师这样。
25298,1226,张寒洁,2016-05-09 11:04:49,50,90,40,真的烦了，后边一排几个文科女生一直在嘟喃：我要退课，无聊，够了。要退你快退啊，怎么第二周还是你们几个？抖腿抖桌子，真是够了。。。
25739,1226,张寒洁,2016-06-06 05:12:18,14,20,6,神之嘲讽，我只是上个实验课而已（笑脸
25849,1226,张寒洁,2016-06-12 04:42:38,10,23,13,很不错的～作为物理系学生推荐选～可以学到平时没想到的很多东西，从生活中发现物理，开拓思维很赞！
25885,1226,张寒洁,2016-06-13 09:17:04,10,24,14,如果有零分绝不给1分…单纯语言粗鲁用词不雅还好，但是时不时会侮辱学生让人感到很不爽，有点哗众取宠的感觉。实验给分不好，会因为各种奇葩的理由扣分。
26084,1226,张寒洁,2016-06-21 05:39:34,3,8,5,强的人到哪都强，但是像我这么垃圾的人就会被张老师坑爹的给分害死
26219,1226,张寒洁,2017-04-18 01:20:12,41,77,36,调侃一下就受不了的是有多玻璃心。。。看前排评论都醉了。万物运行这课挺不错的，建议一选。另外，实验给分确实有点严，本人一次92，一次误差爆炸83，说太坑的，你确定自己没改数据或是报告乱来？
26604,1226,张寒洁,2016-06-20 10:15:56,-3,3,6,这是一个对学生有要求的老师，我觉得挺好.浙大很多学生就知道水水水，不努力要高分。大物实验说他给60的肯定漏数据或者改数据了，不然都八九十的。
26895,1226,张寒洁,2016-06-21 13:42:43,10,14,4,大物实验简直...mgj
27051,1226,张寒洁,2016-06-27 03:19:53,1,6,5,老师特别棒
27266,1226,张寒洁,2017-03-08 07:08:21,2,12,10,浙大竟有如此厚颜无耻之人
27919,1226,张寒洁,2016-06-28 05:22:48,2,8,6,讲话真心粗鲁啊啊啊啊
29865,1226,张寒洁,2016-06-30 12:14:59,7,10,3,he he da
29871,1226,张寒洁,2016-07-03 12:55:32,0,6,6,期末题还有点难度，但给分还不错，不过老师你不能多给我一分，非卡到这里
31320,1226,张寒洁,2016-07-03 15:58:51,31,68,37,说玻璃心的那个，你不知道玩笑是要以尊重人格尊严为前提的吗？
31572,1226,张寒洁,2016-07-04 06:42:38,7,14,7,文科生真听不懂，可是老师人很幽默是真的。学到的不是知识，是做人。\n\n通识课论文加考试。高分秘诀在于走心。
33418,1226,张寒洁,2017-08-29 04:40:53,2,33,31,超级变态的老师，一辈子都不想再见到他！上学期我忍住了洪荒之力没有去省教育厅举报它严重伤害学生的心灵健康！！希望你一切安好，张老师。微笑.jpg
33580,1226,张寒洁,2016-09-20 07:11:56,1,6,5,万物 很好玩很有趣 老师的风格可能让人不习惯 但我觉得习惯了就会很喜欢 最后考试简单 给分不错
34079,1226,张寒洁,2016-09-26 13:01:47,2,14,12,我原以为，你身为物理老师，来到课上，面对浙大同学，必有高论，没想到，竟说出如此粗鄙之语！
34414,1226,张寒洁,2016-10-10 04:31:35,2,9,7,宛如日狗\n\n
34480,1226,张寒洁,2016-10-11 13:52:30,7,10,3,态度好差 一点都不耐心 选上他的实验做过一次赶紧退了
34634,1226,张寒洁,2016-10-17 04:41:34,10,16,6,大物实验绩杀
34802,1226,张寒洁,2016-10-23 12:37:36,3,8,5,这个人心理有问题
34809,1226,张寒洁,2016-10-24 01:11:20,5,6,1,大物实验好可怕……几乎什么都没讲就跑去别的班了，要求还和书上不一样，懵逼
35255,1226,张寒洁,2016-11-19 08:42:09,23,33,10,客观程度上来说，老师上课确实很有趣，但对于那些只想水水过的同学千万别选，我就是前车之鉴，而且选这门一定得有点英语和物理底子，像我这样的到最后考试看到全英文卷子就一脸懵逼，最后给分就70多，确实是我通识的历史新低。所以，慎选，但选了希望一定要好好听！
35298,1226,张寒洁,2016-11-08 00:27:31,1,8,7,真傻逼\n\n
36287,1226,张寒洁,2017-03-25 06:19:36,18,24,6,实验60
36367,1226,张寒洁,2016-11-12 11:43:50,0,3,3,还可以吧！
36645,1226,张寒洁,2016-11-18 07:12:36,5,10,5,我觉得万物得分不好的人是自有原因，虽然我也不懂很多专业知识，但是论文是认真诚心地去写的，哪怕很粗浅。得分4.5。期末考简单，主要是看论文
36663,1226,张寒洁,2016-11-15 08:38:12,-7,3,10,不是所有人都能当老师的 不是所有人都可以被称为人的
36669,1226,张寒洁,2016-11-15 09:20:31,-1,3,4,作为物理系的学生觉得还是蛮有意思的课，蛮有意思的老师，会有一些干货。老师的脾气我觉得还好，平时喜欢调侃但是还能接受，并没有对学生怎么不好的情况。最后考试也挺简单，给分还好～
36694,1226,张寒洁,2016-11-15 11:51:25,10,17,7,给分低，我没课才选的，讲的笑话很无聊，调侃文科生(虽然我不是文科生.)，但是听着就是不舒服
36890,1226,张寒洁,2016-11-16 11:06:45,0,8,8,讲真，文科生不要来选万物，尤其玻璃心的。身为一个对物理、历史、军事非常感兴趣的理科生，感觉万物这门课有趣爆了！！最后分数也92。
37256,1226,张寒洁,2016-11-18 05:11:45,7,9,2,做他的实验，我有两点体会：一、老师很装逼；二、学生好苦逼
37958,1226,张寒洁,2016-11-22 09:22:02,0,2,2,老师是马可波罗，show  time。\n\n
38403,1226,张寒洁,2016-12-02 08:48:50,10,13,3,大物实验真的不想吐槽了
38435,1226,张寒洁,2016-12-05 03:44:12,17,21,4,实验上到一半去买盒饭，说话很嚣张
38441,1226,张寒洁,2016-12-05 07:01:14,1,2,1,张老师素质不要太高
38443,1226,张寒洁,2016-12-05 07:39:15,-2,0,2,印象深刻\n\n
38777,1226,张寒洁,2016-12-19 01:51:27,12,14,2,前面那个提前打开实验仪器说人手贱的等等我！！
39140,1226,张寒洁,2016-12-21 10:04:46,3,5,2,毫不拖泥带水，有点故意为难的意思
40346,1226,张寒洁,2017-01-03 04:05:08,2,8,6,辣鸡老师，就知道调侃文科生，冷幽默，学不到什么有用的东西
41090,1226,张寒洁,2017-01-09 06:46:53,7,8,1,辣鸡老师，大物实验巨烂，不要选!!!\n\n
41190,1226,张寒洁,2017-01-10 02:45:58,1,3,2,恕我直言。。。
41224,1226,张寒洁,2017-01-10 06:04:51,3,5,2,傻逼老师，大物实验别选他
41283,1226,张寒洁,2017-01-10 11:46:15,-2,2,4,万物不错的 老师很幽默
41327,1226,张寒洁,2017-06-29 00:47:46,0,2,2,给分太迷了。有点低啊\n\n
42769,1226,张寒洁,2017-01-15 05:06:02,8,9,1,所有实验给分最低的两个实验都是他的，这是巧合吗？低一两分就算了就70多？醉了
43566,1226,张寒洁,2017-04-28 04:01:21,4,6,2,作为一个工科生这门课是非常有趣的虽然老师喜欢调侃文科生给分还是不错的只要掌握好课上内容\n\n
44766,1226,张寒洁,2017-01-18 08:17:58,0,2,2,讲课还好吧，虽然总喜欢蜜汁嘲讽，但是真的给分不好，蛮认真学的，结果是所有通识课里最低分
44786,1226,张寒洁,2017-01-18 08:53:52,4,5,1,给分及其坑
44790,1226,张寒洁,2017-01-18 09:01:54,-5,2,7,给分很好啊，没回答过问题，最后也有4.5。
45056,1226,张寒洁,2017-01-19 01:59:07,2,11,9,工业党自干五，强行输出价值观。很多方面都是夹杂私货，可能比较合工科某些直男癌的口味。
47930,1226,张寒洁,2017-02-27 10:33:56,5,8,3,蛇精病23333333333
48224,1226,张寒洁,2017-03-01 10:01:04,5,10,5,英文不行，价值观有欠缺，上他课还不如刷微博。什么律师和记者是中国两大公害？一概而论?有意思吗？退课了。
48832,1226,张寒洁,2017-10-24 08:44:16,1,12,11,老师帅呆了，我的报告92分，真爽啊
48833,1226,张寒洁,2017-03-14 07:54:37,0,4,4,给分超好，我们组没有下90的\n\n
49081,1226,张寒洁,2017-03-24 00:01:06,2,3,1,大物实验你给80几也就算了，怎么还有60几70几啊！！！别的老师满分90，这个老师的满分是80啊！大物实验千万别选他的，特别是他的扭摆法！
49286,1226,张寒洁,2017-04-01 08:13:51,2,2,0,，，，
49420,1226,张寒洁,2017-04-11 13:56:24,2,2,0,大物实验一生黑
49725,1226,张寒洁,2017-04-25 01:22:45,4,4,0,凝聚态路过。虽然比较喜欢调侃，但是听听就好。讲课真心不错，段子手一个~
49997,1226,张寒洁,2017-04-28 09:12:38,1,3,2,对老师的讲课和人品我就不发表什么意见了，但是选了万物运行的奥秘的同学，提醒你们期末一定带好英汉词典，考试题目会的也就是初中物理的那些声光电力热的知识
50039,1226,张寒洁,2017-04-28 19:51:35,0,2,2,爽啊！！！
50047,1226,张寒洁,2017-04-29 01:18:36,4,10,6,真的喜欢这个老师！虽然一开始因为他有些过分的玩笑而感到无语，但是后来莫名地觉得他好好！其实老师就是个爱开玩笑的人吧，也会黑工科生理科生的啊。万物上课会讲物理知识现象物理学家的好玩的故事以及军事，考试前会跟我们说试卷中要注意的。好好听课会学到很多有意思的东西，最后的成绩也很惊喜！感谢！
50056,1226,张寒洁,2017-04-29 03:12:02,92,114,22,查老师评分拉低是因为实验课\n\n请大家不要因为这个无视他的通识课万物运行的奥秘 万物课很精彩 虽然有时候会有玩笑黑文科生 但大家都知道这不是故意的 因为他也经常自黑 课程很幽默 思想很深刻
50079,1226,张寒洁,2017-04-29 08:48:26,0,3,3,老师表面上嘻嘻哈哈，其实话里有话，中心思想还是很明确的。另外，如果留心观察的话，会发现这是一位非常严谨认真的老师。
50271,1226,张寒洁,2017-05-02 06:02:35,2,3,1,老师上课很幽默，万物表面是在讲物理知识，但在调侃的背后实质在讲一些道理，这些比学到的物理公式什么的重要多了
50670,1226,张寒洁,2017-05-04 06:44:26,1,5,4,通识课真的讲得好，很有趣，干货也很多……最后要交一个论文，考试是全英文，基本上是物理学的常识(但我自己是真不会……)然后在我这门课绩点只有3.3的情况下我已经尽量客观了，可能别人绩点高吧……但是这门课确实真的有趣。
50910,1226,张寒洁,2017-05-08 10:49:36,1,4,3,"上大学的课不要只看绩点吧，上的课有内容，讲课方式有趣能引起人关注，蛮好的，不过文科生要有被开涮的准备╮(￣▽￣"")╭"
51088,1226,张寒洁,2017-05-16 12:39:11,10,13,3,实验给分极低，不是一般的低
51803,1226,张寒洁,2017-06-11 05:40:37,9,10,1,为什么不能评价零分\n\n
51840,1226,张寒洁,2017-06-12 07:17:50,10,16,6,最差的实验老师，对学生爱搭不理，还不允许学生交流，误差要求贼高，超过10%就狠扣
51841,1226,张寒洁,2017-06-12 07:42:26,2,6,4,。。。。。。。。。。语速讲那么快很厉害？
52048,1226,张寒洁,2017-06-14 10:36:00,5,9,4,老师很有趣，只是黑文科生黑的有些过分了。成绩出来不太理想，发邮件问了老师，老师立刻回复了，也怪自己考试没考好。老师挺好的，嗯，我上的是万物运行，不是大物实验
52226,1226,张寒洁,2017-06-16 06:03:05,20,24,4,成绩一出，一下子拉低我所有实验的平均分......
52383,1226,张寒洁,2017-06-19 10:14:53,2,5,3,笑面虎？或者说长得太猥琐配不上虎这个词，就叫笑面鼠好了
52484,1226,张寒洁,2017-06-22 11:50:39,1,3,2,讲得还算清楚    但是很看重实验精度(想上90一般不能超过10%)和一些细节  假如犯了错就猛扣  数据多的话推荐用Excel做  不要手写    还有就是做实验最好算一算误差再决定要不要微调数据(这一点也不求是) \n\n我一次84 (碰撞  误差20-30%)  一次91(基本在5%以内)  \n\n字很差的人不要选  看重分数慎选
52701,1226,张寒洁,2017-06-22 08:00:42,0,2,2,每日一分不解释
52739,1226,张寒洁,2017-06-22 11:21:23,9,10,1,大物实验 给分极烂 要求奇葩且讲述不清 很奇怪怎么当上老师的。
52934,1226,张寒洁,2017-06-23 15:58:46,-1,3,4,竟然是老师\n\n
54247,1226,张寒洁,2017-06-29 01:41:29,5,6,1,大绩杀
54255,1226,张寒洁,2017-06-29 02:01:33,9,18,9,浙大入学以来，第一门为了笑而去上的课。万物运行的奥秘值得一听，对拓展思维有极大的帮助。
54259,1226,张寒洁,2017-06-29 02:08:44,0,2,2,其实内容还是比较有意思的，课堂本来就是要互相交流往来才有意思，按时交作业，考试认真写，不会太差，均绩不高有一部分原因应该是有同学没有交论文GG了的原因。
54481,1226,张寒洁,2017-06-29 11:10:37,-1,0,1,有趣的
54781,1226,张寒洁,2017-06-30 08:24:04,3,4,1,老师人很幽默啦…大可一听…不过期末考试真的坑……文科狗慎选……易拉绩点
55340,1226,张寒洁,2017-07-01 10:16:59,1,2,1,老师很有趣，给分也不错，感觉对文科生的看法虽然有失公正，但也并没有不尊重学生吧……不过文科生的确应该慎选，期末考试不太好答。
58910,1226,张寒洁,2017-09-18 11:24:26,0,1,1,玩的都是科学界家喻户晓的梗，不过能看出来老师已经尽力了
59173,1226,张寒洁,2017-09-20 05:33:21,2,4,2,。。。
59448,1226,张寒洁,2017-09-21 11:57:39,2,3,1,emmmmm不喜欢
59655,1226,张寒洁,2017-09-25 11:35:21,1,3,2,老实讲，不太喜欢老师的教学方式，不过的确是一门能学到很多平时不以为意的知识，老师只是以打趣的方式去教学
59709,1226,张寒洁,2017-09-26 05:31:14,26,29,3,碰撞实验好迷啊
60603,1226,张寒洁,2017-10-25 04:54:05,7,9,2,怎么办这学期还有一次他的实验。
60792,1226,张寒洁,2017-10-30 07:54:05,2,7,5,说别人玻璃心，呵呵，他究竟是是假装高冷还是趾高气扬，倚老卖老难道你们都感觉不到？别的课不知道，大物实验讲的巨烂也就算了，全程谈吐保持着超高姿态，毫无尊重可言，还扬言砍死别人，呵呵。
60794,1226,张寒洁,2017-10-30 08:07:14,10,12,2,极差！！！！
60808,1226,张寒洁,2017-10-30 14:09:32,10,10,0,大物实验给分黑出屎
60975,1226,张寒洁,2017-11-06 08:08:53,10,15,5,给一分是因为没有零分，大物实验给分真心烂，每一个步骤都认认真真做下来的，实验误差也不大，这给分真的不知道按什么标准来的，能别选千万别选。
60983,1226,张寒洁,2017-11-06 11:46:14,8,15,7,听他的课简直了。。。。\n\n言语间完全没有对生命的尊重，政治军事方面更是瞎JB扯。开一些很过分的确自以为很有意思的玩笑\n\n
61634,1226,张寒洁,2017-11-19 12:33:26,31,49,18,来浙大学理科的不听他的课就损失了一个亿！！！
61732,1226,张寒洁,2018-10-08 04:03:24,117,144,27,试卷题目前面有几个注意事项。1.认真答题，中英文均可。。。6.have fun。\n\n交完试卷，我意识到，从今以后周一晚上再也没有show time了。寒洁的课让人有种特别的感觉，好像是家长和自己的对话。他有点冷，喜欢调侃，但课程结束时，是真不舍，真的。
62195,1226,张寒洁,2017-11-23 05:42:42,0,1,1,(ಥ_ಥ)
62250,1226,张寒洁,2017-11-23 12:39:47,2,4,2,虽然有些玩笑有些过，但是整体上还是蛮有趣的，能把科学以幽默的方式展现出来。上课发言过，没怎么复习去考试，最后拿了4.2
62383,1226,张寒洁,2017-11-24 14:08:59,10,19,9,万物运行党，给10分。先吐槽，老师我除了前面两节课后面每节课都发言，论文自己做了个实验带着实验视频200多M，期末考试这么简单估计也没怎么错你都不给高分？不给满就算了，偏偏91卡着这一分就很让人难受了。后赞扬，老师的课的确非常有意思，每次都下了体育课不吃晚饭去占第一排。记得有一次五点20进教室发现老师已经在上面坐着了，被震撼到了。这样的负责态度都有吐槽？另，有人说老师三观不正，可是他自己就是共产党员啊，还负责收党费，而且哪次不是事实上是变着花样夸祖国？
62951,1226,张寒洁,2017-11-27 12:19:33,0,3,3,不建议高中物理没学好的同学选...总之，课还是很有内容的，值得一听，不过老师开的玩笑很符合一般人对理工男的偏见。考试字典真的要带，物理系的请自动忽略。
63164,1226,张寒洁,2017-11-29 01:32:45,0,2,2,挺好很有趣
63328,1226,张寒洁,2017-12-01 00:30:13,1,4,3,万物运行的奥秘这门课真的赞，老师讲的很好，十分幽默，那些说老师黑文科生的你们情商也太低了点，什么是开玩笑听不懂吗？期末考试题目平常都有讲过，只要上课认真听考试没问题的，不用带资料，带字典就够了。
63874,1226,张寒洁,2018-01-16 05:28:30,-1,2,3,张寒洁给分一生黑！\n\n顺便骂一下房若宇\n\n比张寒洁更黑！
63880,1226,张寒洁,2017-12-18 10:27:59,10,13,3,喜欢晒娃的单口相声演员
64148,1226,张寒洁,2017-12-21 05:59:25,0,0,0,
64416,1226,张寒洁,2017-12-23 11:05:19,0,1,1,好玩就是好玩
64447,1226,张寒洁,2017-12-24 03:13:23,0,2,2,万物运行不错，就是要把文工理科生按顺序黑一遍，可以学到不少物理(常识)，笑点很多哦，适合晚课当做轻松一刻
64876,1226,张寒洁,2017-12-27 14:52:42,3,5,2,给一分是因为没有零分，真的烂，千万别选。
65153,1226,张寒洁,2017-12-29 12:36:51,-1,0,1,上课很生动，作业不多
66295,1226,张寒洁,2018-01-15 02:40:46,0,0,0,111
66309,1226,张寒洁,2018-01-15 03:54:40,5,7,2,大物实验，千万不要选。\n\n言语中到处都是人身攻击，动不动就说要打死你打死你，不知道这样素质的人，怎么进的浙大。\n\n特立独行，挑战权威。认为所有书的表格单位是错的，单位必须用括号不能用斜杠，却无法做出合理解释。让我感觉实验课纯粹变成在讨好教师而不是追求真理的课程，千万别选，否则要被逼死。
66397,1226,张寒洁,2018-01-16 03:57:54,1,1,0,凉了呀
66942,1226,张寒洁,2018-01-19 11:38:47,8,8,0,大物实验给了我76，最低就在他这儿了。上课怼人，要求随意，给分特差。我还能说什么呢???
67591,1226,张寒洁,2018-01-21 15:19:47,11,12,1,大雾给分成谜，千万千万不要选他的实验，基本80分以下
69608,1226,张寒洁,2018-01-25 05:24:33,3,4,1,我上的万物 嗯老师很搞笑是真的 学到的东西也不错  但不要期望太高 客观来讲 这门课拉了我的均绩
69665,1226,张寒洁,2018-01-25 07:35:15,0,3,3,老师很搞笑，就是绩杀。。。。。瞬间拉低均绩。。。
69698,1226,张寒洁,2018-01-25 08:34:36,10,14,4,文科生千万别选啊！！！！选了赶快退！！！！！对物理渣来说简直是绩杀！！被拉了0.1均绩呵呵了
69825,1226,张寒洁,2018-01-25 13:08:26,3,8,5,万物强推！！理科生必选通识之一！！给分很好，只要你上课走点心，知识点好懂不难
70051,1226,张寒洁,2018-01-26 04:59:56,22,27,5,大物实验真的差劲，去做实验有桌子没仪器老师您不帮我找一套就算了，还把我自己扔在教室里啥都不管，过了好长时间我好不容易找到老师了跑过去问问才说让我等着别人做完了再做，qnmqnm。实验讲解十秒钟，做实验2小时。不会操作去问一下吧理都不带理的，就说肯定是学生的问题，自己回去做吧。到点了又“大哥大姐”的喊着催，最后78分。我下午6.7.8的实验，没有仪器按照老师说的等别人做完2:50了才开始做，我做到4:10有什么问题吗？我知道让老师等着不好，但我为啥这么晚才开始做实验老师心里没点数吗？最后还问我是不是每次做实验都做到这么晚，qnmqnm，别的老师都会帮忙处理没仪器这种问题的啊qnm，总之别选
71175,1226,张寒洁,2018-01-28 05:53:50,10,12,2,很爱扯淡，蜜汁清高。学到一些东西不假，老师有思想也对。但是拉低绩点！我从来没有这么差的绩点。听说这门通识还有可能挂科。打分很不友好。
71596,1226,张寒洁,2018-01-28 16:19:13,60,98,38,万物运行的奥秘给10分，不解释。我上过的印象最深的课。我认为足有世界一流大学水准的课程。不上绝对是吃亏。\n\n关于给分我说两句，这个东西完全看你用不用心。\n\n鄙人高中物理竞赛铜牌，读工科，但是高中学完了普物。物理水平在大一上的非物理专业的学生里面应该还算可以。同时也是浙江大学天文协会成员，军事爱好者。因为兴趣，每次上课都坐第一排。论文写的是航天器发射的轨道问题。我花了好长时间，计算了大致的速度数值，如何借用引力助推发射航天器，给出了明确的计算过程，用卡西尼号发射作为例子进行数值计算。然后用软件模拟了这个过程。之后又写了费米悖论的论述和物理模型。考试正常答卷。最后绩点4.8，大大拉高了均绩。老师都不傻，你是不是用心写论文，写的是不是网上复制来的，一眼就看出来了。\n\n张老师回复邮件很快，还会给出一些指导意见，会根据学生的邮件，修改自己的ppt。老师同时是天文和军事爱好者。这样的好课我不知道你们上哪去听。简章不能再享受。
71811,1226,张寒洁,2018-01-29 03:40:00,1,1,0,大物实验最高分92 不过只要按要求92还是很容易的..想高分的慎选啊\n\n万物运行的奥秘真的好课。老师很皮这课很有趣能学到很多 唯一全程不困能听到下课还想继续听的通识
72559,1226,张寒洁,2018-01-30 11:25:17,4,5,1,大物实验给分差差差差！！！！一生黑！
75206,1226,张寒洁,2018-03-08 03:51:52,0,0,0,有趣，生动，智慧，耐心，真心佩服
75318,1226,张寒洁,2018-03-09 02:07:23,2,2,0,我觉得老师应该上脱口秀大会，老师要是不搞物理，就没李诞池子什么事了。
75338,1226,张寒洁,2018-03-09 03:57:36,0,0,0,好，真的讲课很好。。。给分还不知道...刚上了一节课
75823,1226,张寒洁,2018-03-19 07:55:16,2,3,1,怪我大雾实验选择前没来查老师看看
75826,1226,张寒洁,2018-03-19 08:58:14,-1,2,3,对于大物实验，很多人只是不想承认自己动手能力差以及没有认真预习罢了
75902,1226,张寒洁,2018-03-21 10:08:04,-3,3,6,虽然老师讲得不好但是大物实验给分还不错呀……？？做好了八十以下的准备没想到上九十！惊喜惊喜
76085,1226,张寒洁,2018-03-26 11:48:38,1,2,1,万物运行的通识课真的超级好玩呀
76087,1226,张寒洁,2018-03-26 12:00:34,-3,1,4,歪曲的价值观
76244,1226,张寒洁,2018-03-30 02:24:43,0,2,2,应该看学生本身的！寒哥的凝聚态物理很有意思的，回答学生的问题也很有意思。大物实验？我做他的大物实验时，单位忘写了，他还比较有耐心的提醒我。所以我觉得大物那些被训的学生，你为什么不想想自己呢？
76297,1226,张寒洁,2018-04-02 07:30:21,1,2,1,实验课千万别选，各种羞辱，说什么为了占一时便宜不选考物理。我考的理综，ok？！你自己实验之前讲得不清楚，实验的时候问问题各种不耐烦还嘲讽学生，到头来怪学生能力不行，说学生根本不配学物理，呵呵。要是一开始什么都会，还要上你的课？还需要你？呵呵！
76319,1226,张寒洁,2018-04-16 07:41:01,0,1,1,对于这个老师，我不想过多评价他，因为我害怕忍不住爆粗口，反正后悔当初选了他的实验课，不想教就挺萌的走啊，呵呵！
76639,1226,张寒洁,2018-04-17 03:35:59,-2,4,6,老师挺好的，反正对咱物理系自己人挺好的。他描述事实说你蠢怎么了？
76769,1226,张寒洁,2018-04-22 15:43:35,1,1,0,还可以
76802,1226,张寒洁,2018-04-23 14:43:21,12,25,13,哇我真的要给张老师喊冤了。给大家一个参考，我文科生，高中物理一般，张老师的课很好玩的我每节课都笑啊，虽然表情包有点老，但是作为科普的课程真的很棒了！考试的话准备字典就可以及格的吧…虽然对理科生来说真的很容易。我论文也就写了1000多字，考试随意发挥，绩点3.9我谢天谢地了。再给我一次机会我选考考物理！！！
77648,1226,张寒洁,2018-05-07 05:26:35,2,2,0,给分低，其他还行
77669,1226,张寒洁,2018-05-07 08:08:01,-1,4,5,万物运行的奥秘还挺好的\n\n全程笑点，但有点哗众取宠的感觉
77678,1226,张寒洁,2018-05-07 08:47:44,15,22,7,不是每个人都把绩点看的那么重要，如果只是想水一波绩点请移步，这个课还真不是随便水水分就能4+的。评论一路看下来，大家心里也有数了。得高分的必定有他得高分的原因。所以说不是老师给分好与不好，在你自己。你足够优秀了碰上评分1分的老师也不会差。都是浙大的学生，还是请理智而成熟一点……
77696,1226,张寒洁,2018-05-07 10:05:11,1,3,2,万物力荐。老师上课有趣，有干货，喜欢各种黑（其实也不算黑 就是打趣），有些观点可能不一定所有人都能接受但是我觉得他三观还是很正的。给分也好，真的好。
77697,1226,张寒洁,2018-05-07 10:11:33,5,6,1,万物运行真的全程都是笑点！平时完全没有事情！只有最后有个大作业，我才写了1200字，然后最后考试开卷，可以带字典，题目有题库。真的是最开心的一门通识课！有人说老师diss文科生，其实老师是什么学生都diss的嘛?
78092,1226,张寒洁,2018-05-09 10:09:00,-2,2,4,万物运行的奥秘强推！给分也好！
78271,1226,张寒洁,2018-05-10 09:40:28,5,9,4,论文引用了一个模型写了2900，考试没准备过，4.5，不点名。讲课挺好的，观点虽然有点偏但还是有根据的。以后没有show time了。
78676,1226,张寒洁,2018-05-14 11:06:48,0,1,1,搞笑搞笑搞笑，很喜欢
80891,1226,张寒洁,2018-07-02 11:24:24,0,1,1,凝聚态物理路过
82793,1226,张寒洁,2018-07-09 06:51:00,1,3,2,通识课辣鸡啊绩杀啊啊啊啊千万别选，通识新低啊课堂上讲得再好都是扯淡！！
82813,1226,张寒洁,2018-07-09 07:20:44,1,1,0,。。。想得高分不太容易
82895,1226,张寒洁,2018-07-09 09:25:30,0,2,2,万物运行的奥秘，老师对科学的看法有一定的深度，上课的时候会调侃一些专业，但其实并没有对文科生的歧视，可以说是调侃的雨露均沾。上课风格很有趣，虽然有时候个人感觉有点浮夸，但确实是一个好老师。最后给分还行。
83036,1226,张寒洁,2018-07-09 14:01:55,5,7,2,说绩杀的不敢苟同? 我对这么课没花多长时间，只回答过一次问题，上课时很有趣，听会课玩会手机。小论文只用了2个小时写，1500字不到，内容也非常普通。考试就正常写，题目大部分都是上课时讲过的，理科生完全没问题。最后我是4.2，说实话超出了想象?
84293,1226,张寒洁,2018-07-12 12:47:21,0,1,1,我觉得给分是随机的吗…………万物运行的奥秘????
86622,1226,张寒洁,2018-09-17 13:12:47,3,6,3,有真性情的大师，视野开阔，豁达洒脱，上课氛围也十分活泼，不明白为什么你们给低分。\n\n黑文科生？老师是真黑吗？幽默调侃都看不出来？他的上课风格就是这样，“黑”的也不只是文科生好吧，连自己都黑的，这么小肚鸡肠你也没办法研究物理了，退课不送。
87056,1226,张寒洁,2018-09-20 05:57:57,0,1,1,万物强推！不过心灵脆弱的就算了\n\n
87180,1226,张寒洁,2018-09-21 10:49:50,6,10,4,绝对享受啊！！！！！万物运行的奥秘是我最期待的课！！！！老师懂得东西真的很多，而且人很幽默。上课的时候你完全能感受到老师对物理的热爱啊，真的是很让人感动。我印象最深的，他说搞研究的目的只是觉得interesting，这种单纯的对世界的好奇和对物理的热爱真的让人敬佩的！！！
87455,1226,张寒洁,2018-09-29 04:09:21,-3,2,5,哗众取宠\n\n那表情包和搞笑视频换取理工男的大笑\n\n\n\n
87903,1226,张寒洁,2018-10-17 09:27:38,2,2,0,大雾真的给分不想说话
88401,1226,张寒洁,2018-10-30 06:51:40,-3,3,6,为啥大家都喷这个老师…其实我觉得还是可以的 做了他的碰撞实验 这个实验本身操作难度挺大的 我觉得他讲的蛮用心了，会格外提醒你不要对头碰。实验报告细节注意下吧 我最后92
88719,1226,张寒洁,2018-11-20 12:14:54,1,3,2,为什么没有0分？？？
88910,1226,张寒洁,2018-11-12 05:52:48,2,2,0,大雾给分真的够低，刷新最低分竟然选了他2个实验
88917,1226,张寒洁,2018-11-12 07:57:09,4,5,1,实验给分太坑了，大物实验绩杀
89083,1226,张寒洁,2018-11-15 09:12:37,0,1,1,每周十分
89130,1226,张寒洁,2018-11-16 03:04:16,0,1,1,万物运行的奥秘，很有趣
89417,1226,张寒洁,2018-11-19 04:00:29,0,1,1,万物课超级有意思！老师很幽默，对很多事情都有很新的看法……最后考完试交卷的时候有点不舍呢……
89460,1226,张寒洁,2018-11-19 07:59:36,0,1,1,每周十分
89540,1226,张寒洁,2018-11-19 12:32:07,0,1,1,interesting
89682,1226,张寒洁,2018-11-20 09:00:19,2,3,1,张老师的课，想水还是能水的，最后几节课我都在抓紧时间背英语单词，然后4.2过，对于通识还是比较满意的。他讲的东西会比较泛，比较快，毕竟是万物，脑子快的同学会比较跟得上，也感觉有趣味一点。像我这种脑子不是很好使的，就看个热闹。张老师本人，很有个性，会有独到的见解，从不人云亦云，evidence and logic，挺强的。真的，一出成绩就来评论了，很满意。
89725,1226,张寒洁,2018-11-20 12:01:22,0,1,1,万物很有意思，上课内容丰富，气氛轻松，老师比较喜欢调侃。小论文和考试都不难。
89738,1226,张寒洁,2018-11-20 13:09:16,2,3,1,成绩刚出来评个论。老师上课很有意思很好玩，最后考试也不算难，虽然成绩不是很高，但是主要是自己的问题，不后悔选这门课
89754,1226,张寒洁,2018-11-20 15:09:32,5,5,0,万物运行的奥秘 上课很休闲，讲物理学史，讲原理，放动图视频举例子，自黑装逼怼人，度过愉快的两个小时。作业是一篇论文，考试内容课上都讲过，高中物理基础好的话，这门课就是大水课。老师喜欢怼人，可能引起不适。
89870,1226,张寒洁,2018-11-21 05:56:56,0,2,2,上课很搞笑 但无数的搞笑gif和段子背后 不可否认是有物理思想的 最后的作业和考试只要用心 分数一定不会差 少水水手机 真的能喜欢上物理也不一定
89964,1226,张寒洁,2018-11-21 11:43:46,1,1,0,挺水的吧，应该是主要看最后的考试。上课从来没听不举手，论文自己也知道写得不怎么深入，最后考试可能不错，就有4.5了。文科考前看PPT把所有问题搞懂应该就行，理工科吃高中老本完全没问题，考得全都是中学知识
90033,1226,张寒洁,2018-11-22 00:53:54,2,2,0,万物运行给分真的低?
90171,1226,张寒洁,2018-11-22 10:15:21,2,3,1,大一理试学生，最后3.9。\n\n上课还是很好玩的，课堂氛围很轻松，无论你只是想水还是想真正了解些物理知识，都可以。关于双语这一点，英语水平怎么样都不用太担心。考试开卷（然而我考试不知道是开卷的，高中物理知识来凑），对于学文的同学，会有些难，但既然是开卷的……不是文科生就不多说了。
90236,1226,张寒洁,2018-11-22 15:21:33,0,1,1,挺有趣
90264,1226,张寒洁,2018-11-23 01:31:51,0,0,0,文科生慎选...
90405,1226,张寒洁,2018-11-23 11:53:59,0,1,1,还行吧
90833,1226,张寒洁,2018-11-26 11:26:41,2,2,0,大物实验没有不点名的(相信你也不敢不去  2333)    选大物实验的时候没有看老师评分  写碰撞实验报告的时候看老师评分慌得一批  害怕自己也只能得个80分左右  但是认真做下来也有一个91分 比起其他同学算好的了  (同样的认真其他老师95/96这样子)  报告写的很认真  实验误差也很小(没修改数据)  不知道老师给分为什么这么低  可能老师物理系的要求比较严格吧  还有一个他的实验   祈求不要太低分(每次都狠人很写报告)  其他只要认真写报告  也不会太低吧(自我安慰)
91067,1226,张寒洁,2018-11-29 12:10:57,2,3,1,这个辣鸡老师，实验课死也别选他，真不知道怎么评分的，绩杀
91149,1226,张寒洁,2018-12-02 03:03:16,-1,1,2,挺遗憾没有认真听的
91640,1226,张寒洁,2018-12-17 03:54:37,3,4,1,大物实验给分真的低，明明认真做了，大家不要选
91963,1226,张寒洁,2018-12-25 06:24:59,2,2,0,大雾实验给分低
92089,1226,张寒洁,2018-12-26 08:52:53,1,3,2,4.5，真心喜欢物理的不要错过，这是我希望的物理课。他真正讲出了物理的魅力。
93525,1226,张寒洁,2019-01-10 07:38:54,-1,1,2,妙不可言
93717,1226,张寒洁,2019-01-12 10:19:29,4,7,3,没想到有这么多人洗他…好吧，换一种说法，张寒洁是个好老师，只不过大多数的老师都比他要好，在这大多数的老师里又有大多数比他好得多。这就好比选择题，你当然可以选他，但是比他好的选项有的是。
93860,1226,张寒洁,2019-01-14 04:47:50,1,2,1,大物实验课态度差，隔壁桌有个同学一个操作做错了老师就大吼大叫地批评。另外在言语中能明显感觉到他对学生的蔑视。
94470,1226,张寒洁,2019-01-16 15:16:54,2,3,1,大物实验完全不顾学生是否听懂，没有下课就跑出去买盒饭，找他签字要等到他买完盒饭回来，非常不负责任，给分也极烂。
95202,1226,张寒洁,2019-01-19 04:49:33,5,6,1,【万物运行的奥秘】一开始绩点出来有点接受不了 不过高中没有选物理能有3.3应该还行吧  自我安慰  老师上课很有趣 但个人感觉如果没有物理基础的话可能get不到老师的点  上课有写其他作业和打游戏的 算门水课叭
98474,1226,张寒洁,2019-01-23 13:18:06,5,7,2,最低的两个大物实验都是他的，扭摆法更是只有77分，服了。实验课其他地方就不说了，楼上都有讲。我怕实验步骤跟书上不一样，这部分先不写，然后拽得一匹地给脸色看？非要补上。还扬言说要是有人听课就直接给0分了。呵呵，你可以说是认真负责，但我觉得恶心人
99520,1226,张寒洁,2019-01-25 01:57:39,-6,2,8,给分极差
99523,1226,张寒洁,2019-01-25 02:00:21,-4,3,7,自以为是\n\n
99629,1226,张寒洁,2019-01-25 04:19:37,4,6,2,老师的课很有意思，喜欢物理的同学们可以尝试。但给分真的很一般啊……高中是理科生，论文也很认真写，几乎每次上课都举手回答问题，考试也做的很认真（可能是考砸了吧hh）最后3.6，有点难受
99765,1226,张寒洁,2019-01-25 06:43:19,3,5,2,万物这门课说实在的很有趣，物理学的知识让你笑着有了大致的了解，用心听肯定能学到不少东西，但是考试确实有点水平，高中文科生可能有点吃力。
99927,1226,张寒洁,2019-01-25 10:00:56,4,5,1,上课很有趣，但给分真的。。。呵呵
99986,1226,张寒洁,2019-01-25 11:47:36,38,47,9,你的脸皮已经足够厚到防住a射线了\n\n\n\n把原子放大到足球场那么大，原子核也只有蚂蚁那么大，所以啊，原子其实是很空虚的。下次觉得空虚的时候想想自己是原子做的。。。。\n\n\n\n不就是种蘑菇吗(指原子弹)\n\n\n\n不要惧怕所谓的技术，掌握它，就不害怕了，不掌握它，才害怕。\n\n\n\n这是张老师的万物课的一点点语录。\n\n\n\n与其说张老师是称职的老师，不如说他是在课堂上打趣世界并传授人生智慧的老朋友。\n\n\n\n他的万物课是场表演，这不是比喻，这是事实，他的开场白就是Show time~ 他的课内容很密集，听不太懂也没事，反正考试也不一定考，但是故事很好听啊！课前还能认识下他的女儿，你会看到无数张她的照片。。。\n\n\n\n很怀念张老师的万物课，唔，先开个场，说不定以后再来评。。。\n\n\n\n
102276,1226,张寒洁,2019-04-03 10:58:19,29,41,12,万物运行的奥秘确实是好课，平时认认真真听每一堂课，老师提的问题都会去思考，虽然不是节节课发言但是发言率也有1/2吧。小报告写了光的衍射现象，用激光笔研究了弹簧和点阵的激光衍射图样，还定量的测定了头发丝的直径，最后课程意见上还指出了老师上课的一些小错误。期末考虽然说是全英文，但是考题对于大多数理科生应该都是比较简单的问题吧，最后老师给了4.8。我觉得一个人到底对这门课用不用心老师还是能从你的论文上看出来的，虽然老师平时也有些自负，给分也不像其他老师这样公道，但是如果你的分和你预计偏差的太多，最好还是从自己身上想想问题，你我都是大学生了，也没有谁有义务时时刻刻照顾着你。记得第一节课坐满了一整间教室，到后面就只剩2/3了，下个课件也不会，那些谩骂老师的也要想想自己有没有做到认真对待这门课。1.5学分说多不多说少不少，如果你只是抱着水学分的心态选课的话建议你还是回想一下竺老两问吧。
102864,1226,张寒洁,2019-02-24 11:55:46,2,2,0,哦哦哦
104866,1226,张寒洁,2019-03-29 04:11:55,2,3,1,态度傲慢，给分极差\n\n
105179,1226,张寒洁,2019-04-06 05:57:23,8,8,0,大雾实验讲也讲不清楚，问他也扯扯淡一笔带过，给分只有80，之前的都在90以上，服气了
105441,1226,张寒洁,2019-04-28 03:31:35,0,3,3,还好吧
105917,1226,张寒洁,2019-04-23 05:09:55,3,4,1,凝聚态考完前排给10分，很幽默的老师，虽然有时候会黑文科生。
106571,1226,张寒洁,2019-04-28 06:57:07,7,8,1,万物是个搞笑的水课，水半学期4.2，不亏，感觉这个老师不太给太高的，实验课也没选他。最后期末还是挺难的。
106622,1226,张寒洁,2019-04-28 11:49:46,3,5,2,论文好好写，考试随缘吧，尽量把能看懂的题做出来，总的来说给分不是很吓人
106633,1226,张寒洁,2019-04-28 13:08:43,0,2,2,绩杀。。。。
106743,1226,张寒洁,2019-04-29 07:47:39,2,3,1,课程结束了怅然若失
106935,1226,张寒洁,2020-01-20 23:27:11,-27,11,38,傻B老师赶紧去世吧
107024,1226,张寒洁,2019-05-01 02:24:16,2,5,3,水平挺高，理解很深入，人品不咋地，求老师积点口德
108014,1226,张寒洁,2019-05-13 01:57:10,4,6,2,一个有思想的物理老师
108034,1226,张寒洁,2019-05-13 10:37:56,3,7,4,万物运行的奥秘，感觉真的很油腻……各种关于文/理科生和男生/女生的stereotype……
108667,1226,张寒洁,2019-05-30 21:46:25,1,5,4,一个通识课 绩点2.4 坑坑坑坑！！！\n\n
108752,1226,张寒洁,2019-06-01 11:22:46,61,68,7,晒娃狂魔，GIF怪兽。\n\nOK，show time.And how about this，it's funny，yeah?\n\n想让我给高分？Impossible的事情！
110815,1226,张寒洁,2019-06-28 09:06:59,3,3,0,有点东西
112189,1226,张寒洁,2019-07-03 20:40:35,-5,2,7,万物运行的奥秘:没有领略到知识，绩点也低。如果你听到n年前的烂梗丝毫不会觉得好笑，如果你不喜欢聒噪而没有干货的通识，千万千万千万不要选这门课
112196,1226,张寒洁,2019-07-03 21:53:36,3,3,0,"出分了。awsl.我发现连发""谢谢老师""的地方都没有。。。只有一个分数。。我好惨。。"
112284,1226,张寒洁,2019-07-04 00:44:36,-3,3,6,张老师讲课特别有趣，不过如果玻璃心的同学可能经不住黑，内容非常丰富，是门能让你每次课都认认真真听三节课的通识。绩点正常学过物理的都不用担心，只要认真听课就像其他通识一样4.5＋了。
112443,1226,张寒洁,2019-07-04 07:51:39,3,4,1,看上去张老师总在黑文科生，其实他也有对理科生的自黑，这其中别有一番味道。而且期末考试还是很照顾文科生的，只有认真听讲基本都会做。
112506,1226,张寒洁,2019-07-04 15:34:34,2,3,1,嘤嘤嘤每节课几乎都回答问题似乎没什么用，论文3000字全手写也没啥用。83是不是还应该感谢自己运气好。?
114769,1226,张寒洁,2019-07-11 12:07:40,5,5,0,大学物理实验给出的最高分比其他所有老师给我的最低分还要低，自带限制。平心而论，人还是比较有趣的
115502,1226,张寒洁,2019-07-30 01:15:46,-6,4,10,可快去世吧
115508,1226,张寒洁,2019-07-30 08:51:27,3,3,0,嘴超级臭，动不动被骂
115567,1226,张寒洁,2020-01-20 23:27:14,-28,7,35,愿你早日去世
115608,1226,张寒洁,2019-08-08 06:38:38,0,0,0,。。。。。。
116312,1226,张寒洁,2019-09-28 17:22:16,-9,5,14,愿你立刻去世
117352,1226,张寒洁,2019-09-23 08:12:40,1,2,1,大雾实验一生黑
118067,1226,张寒洁,2019-10-20 06:29:59,2,2,0,他有说过实验的数据处理要怎么进行吗？
118535,1226,张寒洁,2019-10-28 08:11:08,5,5,0,大物实验，失败了，完全做不出数据。老师严格指出错误，但是不但没有责备，还安慰我们几个实验失败的同学，说以前的物理学家研究了很久很久才做出来数据，我们觉得困难是正常的。安慰了一大波，临走的时候还跟我聊起天来了。这样一个老师还不是好老师？？？张老师很较真，对待数据非常严格，这是因为他对科学严谨性的执着，并不是对学生不好。
118537,1226,张寒洁,2019-10-28 08:21:32,2,3,1,老师的教学大物实验的方法实在不敢恭维，甚至直接说我们写实验报告要是满足不了他们，他们看不开心就得低分，不过毕竟是老师
119080,1226,张寒洁,2019-11-10 05:34:59,2,2,0,去世就算了吧，不过碰撞实验是真的迷。
119120,1226,张寒洁,2019-11-10 14:07:01,5,5,0,评论里说考试高中水平就能解决的两个站出来，你两是多厉害，合着高考的时候就考了引力波脉冲星这玩意是吧
119185,1226,张寒洁,2019-11-11 05:22:31,0,1,1,同意楼上!!!\n\n我那可怜的高中物理知识，啥都没用上? ? ?\n\n裸考的我感觉要挂 ? ? ?
119829,1226,张寒洁,2019-11-16 03:18:13,4,6,2,万物运行的奥秘。上课很有趣，有些地方也很深刻，最后给分还行。每次不高兴的时候听老师的课总是难过不起来(，真的得谢谢老师。
119999,1226,张寒洁,2019-11-17 04:09:12,1,4,3,上的万物，\n\n感觉课挺有趣的，每次我都是哈哈哈的状态上完3节课，还能不水手机的，，来浙大一年多了也才遇到3门这样的课。考试给分啥的，还行啊，论文我自己也知道写的很垃圾，就谈了一个向心力的问题，，，然后考试也还好吧，都是些课上谈过的知识，最后上了4，也满足啦（考试一定要带字典，一定，，）
120026,1226,张寒洁,2019-11-17 05:55:34,3,4,1,万物运行强推，讲的课很有趣，听他的课很放松，老师性格也很活泼hh。
121321,1226,张寒洁,2019-12-25 06:45:50,0,1,1,大物实验哔了狗
122401,1226,张寒洁,2020-02-26 07:33:10,6,7,1,我上的是万物运行的奥秘。说实话，老师讲的很好，内容不限于物理原理，很有趣，也有一定的深度和思考。尤其是一直强调的理性，逻辑，实证这些的思想很让人受益。
122980,1226,张寒洁,2020-04-27 10:49:31,1,1,0,老师您好好上课，不要漏气。
123127,1226,张寒洁,2020-05-11 09:04:35,6,6,0,晒娃狂魔，GIF怪兽
123418,1226,张寒洁,2020-06-08 15:10:16,0,2,2,万物，强推，不解释
123977,1226,张寒洁,2020-06-18 10:55:11,4,5,1,很独特的风格，会以不同的视角看问题。可以拓宽我们平时对待知识的思路。
125538,1226,张寒洁,2020-09-11 06:03:54,4,7,3,万物 绩点2.4？？？有必要吗老师  我也都好好完成论文好好考试了？？？怀疑人生了
125542,1226,张寒洁,2020-09-11 06:22:49,0,2,2,超级击杀，勿选
125667,1226,张寒洁,2020-09-12 23:33:39,0,4,4,sb老师
125681,1226,张寒洁,2020-09-13 03:16:52,0,2,2,万物运行的奥秘强推，只是考试可能理科生更擅长一点
125697,1226,张寒洁,2020-09-13 08:42:26,0,2,2,超级绩杀，万物运行，你还我绩点，恶心吐了真的
126676,1226,张寒洁,2020-10-13 04:38:19,1,1,0,………
126764,1226,张寒洁,2020-10-19 07:52:48,1,1,0,🙏🙏🙏
126796,1226,张寒洁,2020-10-20 09:00:15,1,1,0,。。。\n\n
126801,1226,张寒洁,2020-10-20 14:46:26,-1,0,1,大物实验95分呐，兄弟们快来！！！
126876,1226,张寒洁,2020-10-26 08:26:40,3,4,1,这老师是喜欢烂的实验报告吗 我个连不确定度都没计算的人怎么就拿了95 室友实验结果和报告都完美结果7开头 不是来拉仇恨的 只是想告诉大家 这个老师好像有点乱搞 （我确信我的报告写的真的很烂，室友肯定比我好很多很多） 打个6分
127172,1226,张寒洁,2020-11-11 14:39:49,1,3,2,大物实验是我所有实验中最高的，只要认真搞，老师分数还是很好的。
127343,1226,张寒洁,2020-11-20 13:42:55,0,1,1,上课可以水，论文认真写，考试好好准备PPT，有一定物理基础就行，爱了，超幽默的老师
127409,1226,张寒洁,2020-11-22 15:13:15,2,4,2,大物实验真的良心。
128066,1226,张寒洁,2020-12-06 02:28:31,-2,2,4,大物实验一生黑
128892,1226,张寒洁,2020-12-26 12:45:31,3,5,2,怎么讲万物这门课呢？只能说你能从中学到不少东西，不单单是物理相关知识，更多的是看待事物的思路
128984,1226,张寒洁,2020-12-28 01:33:13,1,4,3,老老实实认认真真做实验，写实验报告，误差不炸90+，那些口口声声一生黑的，想想自己的学习态度有没有问题，老师是务实的会一个字一个字看你的实验报告，你想水高分是异想天开
129135,1226,张寒洁,2020-12-30 10:03:33,8,11,3,都0202年了，怎么还会有人喜欢上课讲恶臭的段子
129154,1226,张寒洁,2020-12-30 15:55:44,1,2,1,论文认真写了，每堂课都有出席，期末开卷考也做得还不错，2.7...比专业课还低分。能不选就不选吧
129362,1226,张寒洁,2021-01-04 14:47:32,5,8,3,嗯...本人大一萌新..万物那门课还是很有趣的，算是一个很好的扩宽眼界的机会，顺便也能学到一些思想...课下还有视频看，很享受，总之还是比较推荐的...至于绩点问题嘛，还是一分投入一分收获的，我上课没有发言，但是还是比较投入，论文比较认真，开卷考试就那样，最终绩点3.9...不高不低，但是可以肯定的是如果你愿意在这门课上用心老师肯定是看得出来的
130411,1226,张寒洁,2021-01-22 07:01:25,1,3,2,万物运行奥秘超级超级好\n\n我的绩点很低\n\n但是即使牺牲均绩我也并不觉得很后悔\n\n所以查老师评分我给拉满了
131421,1226,张寒洁,2021-01-27 12:14:55,-4,3,7,给老师10分，认真严谨细致又幽默；但是万物运行的奥秘纯文科生还是止步吧，每节课都认真听不敢走一点神期末论文肝了一整天最后也只有3.9，问了老师期末卷面发只有58还是捞上来的 尽量能选别的课就去选别的课，这种课性价比太低，文科生学一些物理的知识也感觉并没有那么有用（而且感觉其实半学期上下来也没有学到什么）
132523,1226,张寒洁,2021-02-02 05:51:14,2,4,2,分数不行
133505,1226,张寒洁,2021-03-01 10:54:28,38,46,8,他说他评分高于6脑袋拿下来当球踢\n\n所以...十分送上（狗头
133540,1226,张寒洁,2021-03-02 02:23:07,-29,10,39,这种老师，比厕所的苍蝇还脏
134081,1226,张寒洁,2021-03-15 07:43:30,1,3,2,老师自然是极好的教育艺术家，他希望大雾实验的同学能真正学会运用物理而不是书呆子
134549,1226,张寒洁,2021-04-01 07:50:45,-4,3,7,渣渣。
135012,1226,张寒洁,2021-04-27 02:03:02,-8,8,16,文科生想要退课的速速滚，不要在这里恶心人，老师老党员了，感觉每次都在输出正确的价值观，你受不了是吧?你是不是价值观有问题?
135083,1226,张寒洁,2021-04-29 12:13:32,3,4,1,论文好好写，上课简单发言，期末开卷把98上资料都读懂，给分不会差的
135202,1226,张寒洁,2021-05-06 02:13:14,1,2,1,万物运行的奥秘\n\n上课贼有趣
135337,1226,张寒洁,2021-05-08 07:25:21,4,5,1,万物是大学里最喜欢的一门课，没有之一\n\n吹爆\n\n另外，大物实验不要选，有点坑
135486,1226,张寒洁,2021-05-11 09:08:29,6,6,0,很会讲段子的老师，gif做的也很精致。但…价值观有点…偏激？对好多事情有一些不合宜的偏见。教学水平有的，价值观不敢苟同。就给个不高不低的分数。
135820,1226,张寒洁,2021-05-27 13:46:16,-1,1,2,非理工科同学一定不要选他的实验课，对学生的要求很高，要推导公式什么的
136780,1226,张寒洁,2021-06-24 10:39:49,2,4,2,唯物主义战士\n\n万物运行真的超好，千万不要因为老师分低就错过了！！
138172,1226,张寒洁,2021-07-07 16:49:16,0,2,2,老师值得上6分（狗头）
140532,1226,张寒洁,2021-09-13 11:38:40,4,4,0,言语中充斥着不客观的观点，我不觉得通通是玩笑
140611,1226,张寒洁,2021-09-14 09:49:07,3,3,0,“第一节课人比较多，位置都坐满了，下节课就好多了”\n\n想看老师评分上6，至于为什么懂得都懂
140802,1226,张寒洁,2021-09-16 12:16:04,1,1,0,每个星期必不可少，特别期待的相声课，绝对的10分
140996,1226,张寒洁,2021-09-20 06:39:46,2,3,1,上六分！！！
141283,1226,张寒洁,2021-09-28 07:45:04,4,6,2,"""我就是这么直接，我也知道我在查老师上面的分数，你们怎么喷我我也不管，反正已经很差了。什么？我的分数超过六了？那是impossible的事情！要是超过六分我就把脑袋看下来让你踢。“\n\n\n\n大家把评分搞高一些，咱就有足球踢了。\n\n\n\n说实话老师特好，万物这门课老师带的非常有趣，开阔视野，主要是老师够逗，听了两个小时都觉得有点短"
141454,1226,张寒洁,2021-10-09 12:39:52,1,2,1,认真写了，按要求写了，实验误差百分之几百万都能拿90+分数\n\n自己认真点 不管老师的事
141506,1226,张寒洁,2021-10-12 12:25:58,-1,0,1,强捍如斯
141838,1226,张寒洁,2021-10-27 11:48:37,-1,0,1,万物运行的奥秘超有意思，讲课有趣，事少
141886,1226,张寒洁,2021-11-05 05:21:41,0,1,1,上6分！！懂的都懂！！！
141887,1226,张寒洁,2021-10-30 03:15:05,0,1,1,帮uu上六分
142177,1226,张寒洁,2021-11-08 07:40:50,-1,0,1,有意思
142263,1226,张寒洁,2021-11-09 11:49:27,1,2,1,6分6分
142282,1226,张寒洁,2021-11-10 00:14:13,-2,2,4,嗯，上课很有意思（万物），还没有给分
142327,1226,张寒洁,2021-11-10 07:34:48,-2,2,4,感谢老师捞
142336,1226,张寒洁,2021-11-10 10:08:15,2,5,3,上的是万物运行的奥秘。老师人很有趣，课上很多搞笑动图，还经常水钉钉群hhh。只要认真写论文和准备期末考绩点就不会差的！
142340,1226,张寒洁,2021-11-10 12:10:10,-1,2,3,万物是真的好
142341,1226,张寒洁,2021-11-10 10:30:37,0,3,3,一句话，老师真的赞
142342,1226,张寒洁,2021-11-10 10:37:41,-1,2,3,老师人真的挺好的，我上的是万物，很值得，emo时听他的课整个人都好了
142344,1226,张寒洁,2021-11-10 11:10:38,8,10,2,万物运行的奥秘\n\n张老师的课很有意思，周一晚定期听相声\n\n课水快乐，且容易选上！！！（我就是捡漏的那个\n\n作业只有一篇论文\n\n记得上课认真听讲回答问题，考试内容基本出自课堂（有天文学知识更棒\n\n本人论文1000字，上课回答了四五次问题，最后考试72，绩点4.2，供参考
142353,1226,张寒洁,2021-11-10 12:01:42,5,7,2,绩点3.3就3.3吧\n\n评分10分就10分吧
142355,1226,张寒洁,2021-11-10 12:15:01,-1,3,4,废话有点多，适合喜欢听相声的
142356,1226,张寒洁,2021-11-10 12:20:08,2,5,3,关于“万物运行的奥秘”\n\n作业只有一个小论文，写（水）了1k字左右\n\n上课回答问题有加分\n\n考试全英文题目，不过开卷，可以带词典，体型选择+简答题十选五，简答题有一部分是前几年的题目，考前建议去98搜索一下其他同学的回忆卷，然后搜索一下答案，轻轻松松答满5道题\n\n上课没有回答过问题，最终绩点4.5，供参考\n\n老师讲的真的很有意思，梗图一堆，上课单口相声，两个小时不够听，意犹未尽~
142357,1226,张寒洁,2021-11-10 12:25:57,-1,1,2,张老师的万物运行奥秘课讲得特别好！这正是一个上了一整天的课，来放松的一门课。这位老师特别有幽默感，让我开怀大笑。强烈推荐这位老师的万物课！
142358,1226,张寒洁,2021-11-10 12:26:35,0,2,2,老师真的棒，上课超级有意思，6分踢球，我来贡献一波
142359,1226,张寒洁,2021-11-10 12:26:07,5,7,2,6分踢球啦xdm
142360,1226,张寒洁,2021-11-10 12:28:38,3,5,2,10分10分，必须10分!任务量合理，\n\n点名次数合理，作业合理，\n\n上课内容丰富而不冗杂，难度有挑战而不过度，语言风趣幽默而不喧宾夺主，见解深入而不狭隘
142361,1226,张寒洁,2021-11-10 12:29:36,6,8,2,老师上课很有趣 作业只有一篇小论文 期末考试开卷 在98上有很多资料 考前熟悉一下 作业好好做 成绩不会差 \n\n本人上课发言三四次 考前认真准备 最后考试88 绩点4.5 供参考
142364,1226,张寒洁,2021-11-10 12:51:24,5,5,0,我觉得老师首先是个人，再是个老师。应该有自己的风格与个性，然后就会在教师这个职位上体现。所以其实不用太在意评分，我觉得评论说一下老师的风格就好，每个人挑一个适合自己的风格就好。分数其实很其次，毕竟其实老师都会捞你。如果卷王当我没说。怎么说，这个老师挺会整活，搞笑?（幽默风趣）可能不太准确，但就是你想的那样，如果你想有个钉钉群和QQ水群一样，这个挺好的。
142365,1226,张寒洁,2021-11-10 12:54:51,-11,3,14,给分真的极低 把军训的绩点直接拉低0.7 佩服佩服 想当水课放松的别来了 我已经后悔到吐了 大一就碰上这么个情况 我真的无语 真的没意思 我懒得记恨他 直接从记忆中抹去就好 接下来得慢慢填坑了 也还行 至少让我其他课能更加努力 塞翁失马焉知非福呢哈哈哈
142367,1226,张寒洁,2021-11-10 13:13:46,1,1,0,老师很好
142369,1226,张寒洁,2021-11-10 15:02:39,4,5,1,老师特别逗，虽然期末对于一些语言课上的不好的同学们很不友好，但是总体来说课程很好，很有趣，对于明白基础知识的人，九年义务教育不是死读书的同学们会很有趣。老师损天损地损万物损自己，真的特逗
142382,1226,张寒洁,2021-11-11 02:09:04,10,11,1,6分加把劲，争取拿球踢
142425,1226,张寒洁,2021-11-11 07:51:03,1,4,3,万物真香
142426,1226,张寒洁,2021-11-11 08:43:45,3,6,3,老师很有趣，万物运行的奥秘课很轻松只有期末一个不限字数的小作业和一次开考30分钟就有人交卷的考试，上课也不点名，推荐
142610,1226,张寒洁,2021-11-14 12:12:34,-1,7,8,真的不行
142611,1226,张寒洁,2021-11-14 12:24:24,3,4,1,上六了上六了！
142902,1226,张寒洁,2021-11-17 08:14:03,5,8,3,骨灰级相声大师 「万物运行的奥秘」选中就是赚到
143637,1226,张寒洁,2021-11-29 11:54:30,5,6,1,听张老师的相声课（bushi）真的真的很舒服很棒！老师的物理思想和有趣的授课方式，值得称赞！
144019,1226,张寒洁,2021-12-16 04:10:20,25,31,6,万物这课也太差了吧，每次写作业都忍不住抬头听他讲课doge
149014,1226,张寒洁,2022-01-14 06:45:16,6,8,2,上课不点名，真的是自发的想去听的相声课。如果对天文、军事、政治感兴趣的话一定不容错过。
149018,1226,张寒洁,2022-01-14 06:54:31,-15,11,26,喜提3.3，啥也不说了，估计只有在群里和他天天唠嗑刷存在感的分高吧
149072,1226,张寒洁,2022-01-14 09:39:59,0,4,4,事情少给分高，就一个报告和开卷期末考
150845,1226,张寒洁,2022-02-19 11:26:31,0,0,0,就这个feel倍儿爽~~~
153161,1226,张寒洁,2022-04-26 09:46:49,-2,9,11,推荐相声课万物运行的奥秘，前面讲的挑动对立当成相声看就行了。一篇论文（老师说要叫作业）+期末考，稍微有点物理素养成绩就不会太差。本人4.8。
153188,1226,张寒洁,2022-04-26 12:57:48,3,5,2,从来没有哪位老师的课能让我连听三节不带走神儿的，选就完事儿了！\n\n事情少，上课有意思，认真听能开拓不少眼界，至于给分（个人感觉不错）就见仁见智了！
153663,1226,张寒洁,2022-05-07 07:55:17,5,5,0,张老师说话确实逗，虽然有时候言论有些不合自己胃口，不过碰到跟自己意见不和的人本身就很常见。老师自己都不在意这个，经常黑自己，哈哈。除这种偶尔的小意外之外老师确实很好，我都不想在他课上干别的，怕错过一个好段子，听他说相声很好玩。\n\n发言有加分，作业只有一篇论文，考试的话老师说20分以上的他都想办法捞上来了。最后给分也还可以，毕竟我的论文简直是胡扯，考试一脸懵，已经很感谢老师把我捞那么高了。
154077,1226,张寒洁,2022-05-22 14:55:59,10,10,0,碰撞试验去找他签字，自己签了半个偏旁，到最后交上去认定为签名无效，实验重做。我寻思不是您自己签的吗？？？
154639,1226,张寒洁,2022-06-02 15:54:19,1,1,0,懂得都懂
154825,1226,张寒洁,2022-06-06 02:38:47,10,12,2,老师很厉害，也非常有幽默感\n\n但是您刻在骨子里的傲慢会让不少人不爽
155127,1226,张寒洁,2022-06-08 14:22:34,9,16,7,浙大通识课top梯队。老师有在认真地准备内容，讲的深度也很符合通识课这个水平，真的不难，很多内容都是科普性的，要是上课有听绝对没事！就一个科学小作文（随便啥跟科学有关的小研究，水的表面张力啥的都行），我才写了一千多字。然后期末考试英文的，说实话看得懂，可以带字典，题目不多的。老师真的很幽默有意思，希望大家好好上课。要是你上课不认真听还想考试好那别上课了吧干脆。有人喷老师歧视文科生什么的，我觉得都只是开玩笑的而已，也经常自嘲理科生的垃圾之处。浙大学子不该两句话就神经爆炸吧- -。推荐大家好好上，我真的有点怀念每周一走路去西教听一节Interesting的物理通识课。对物理感兴趣的同学来康康！没基础的也可以听。
156559,1226,张寒洁,2022-06-20 09:04:10,-24,9,33,真的很无语，通识课最后明明认真准备了资料，也几乎全压到原题，本人高中纯理生，自认为具有一定的物理思维，结果最后试卷考下来只有40多分，我真的不知道是怎么判的卷子，平常上课也只会放一些沙雕动图，毫无收获可言
156794,1226,张寒洁,2022-06-21 03:23:49,-1,1,2,万物运行的奥秘\n\n乐.jpg
160122,1226,张寒洁,2022-09-13 12:30:12,-3,1,4,上张老师的万物课真的超级享受!
160770,1226,张寒洁,2022-10-10 15:00:04,-1,2,3,万物是一门振聋发聩的课。老师语言很犀利，部分观点选择性接受就好，他自己都说了外来信息不能全盘吸收，因为很多都是在扯淡，或许同样的态度也可以用在他自己的授课上。毕竟这门课的核心是思维方法。用一些颠覆性的观点来激起深刻的思考，我觉得这是这门课比较有价值的地方。
160793,1226,张寒洁,2022-10-12 07:15:02,11,12,1,别抱着学物理的想法去，大致就是听中年男老师输出自己的各种zz军事观点穿插点物理小知识，懂的都懂，慎选
161475,1226,张寒洁,2022-11-07 12:09:34,3,6,3,他真的敢说自己是理科科学思维吗，我的听课感受是他真是张口就来，极不严谨，只能说下面听的很难受
161564,1226,张寒洁,2022-11-09 06:25:00,-1,1,2,课的内容非常充实，涉及知识范围广，但是成绩给分真的低
161568,1226,张寒洁,2022-11-09 06:44:54,-2,0,2,害害害 有点迷
161572,1226,张寒洁,2022-11-09 07:02:03,0,2,2,靠，大绩杀了，快跑！
161574,1226,张寒洁,2022-11-09 12:44:19,12,21,9,一门一个学期的通识，又有论文又有考试（题目纯英文），事在通识课里面算多的。\n\n本人高中纯文科生，但是对物理很感兴趣，大一刚来什么也不懂选了这门和物理有关的通识，以为能学到一些粗浅的科学知识，没想到只在课堂上收获了偏见和傲慢。\n\n老师对文科生的调侃，最初我以为这只是一种对文理分科的反讽，最后才发觉这就是老师发自内心的思维定式，把学生硬是分成文科脑袋和理科脑袋，一切人文社科都不如科学学科。且不提学科平等，当下讲究学科贯通才是更重要的吧。\n\n另外，中年男老师也很喜欢开一些涉及政治和政党的玩笑，高谈阔论大聊政治，还有他的broken English，显得自己很高明的亚子，那我也来“居高临下”地说一句：你个理科生也配懂政治？（以他的话反击之）\n\n老师还能自觉自己的评分很低，调侃以示自己的豁达，但摒弃不了偏见，也不过是活在自己固步自封的物理世界里。\n\n公布的期末考分数我在平均水平，论文也是查了资料用自己不太专业的语言写的，最后2.4，真的想不通，难道就因为我是学文的？\n\n总之老师总体给分很差，理科生选择性选（不点名，可水），文科生别选，快跑，听这课你还要受骂，还能喜提2.4，这是我大学收获的第一个绩点，也是目前最低的绩点，谢谢您嘞。
161613,1226,张寒洁,2022-11-09 11:54:24,4,4,0,文科生慎选捏，2.7飘过
161699,1226,张寒洁,2022-11-10 23:55:19,2,4,2,张老师上课对有些人来说可能比较有趣，对于我来说吸引力一般般。平时不怎么听课，老师倒是从来不点名，全程水完没什么问题。平时无作业，期末有一个小论文一样的东西，期末考试有历年卷参考但是帮助很小，给老师的分就是我绩点的分，大家看着办吧
162364,1226,张寒洁,2022-11-21 03:50:17,-1,1,2,通识课也是课，这门课已经算是事情非常少的了，当然事情越少给分越迷。课上学不到什么东西。心理承受能力强的可以选，水一水学分。
162675,1226,张寒洁,2022-12-03 13:34:21,0,3,3,对于社会政治的一些观点有很强的局限性，但是还特别喜欢谈论社会政治相关的话题。比如强调放开就是往火坑里跳，还引用了saint-up在05年的话加以讽刺。
163896,1226,张寒洁,2022-12-16 12:23:21,0,2,2,上课讲段子，很好玩，也真能拓宽眼界。不过非理工科同学慎选。
164483,1226,张寒洁,2022-12-21 07:58:44,0,1,1,慎选……
165969,1226,张寒洁,2023-01-10 14:02:39,2,5,3,啥比一个
169195,1226,张寒洁,2023-02-28 05:24:32,-5,0,5,政史偏激但给分挺好
169524,1226,张寒洁,2023-02-28 04:31:55,-3,2,5,期末考考了84，班里最高的88，论文写了2000多一点，平时有两三次发言，最后4.8已经很满足了
169818,1226,张寒洁,2023-02-28 04:30:05,-3,1,4,高中没选物理，因为之后得学大雾选了这门课来提升兴趣，论文也就写了1400+，出分4.5，没有基础不一定会得低分。考前做一做历年卷有很大帮助。老师很有趣，打了9分。
169826,1226,张寒洁,2023-02-28 05:25:06,-2,3,5,张老师的万物运行的奥秘值得高分
171523,1226,张寒洁,2023-03-27 09:22:05,5,5,0,这老师纯纯傻逼，讲课五秒钟，实验两小时，还在那一副高高在上的模样，真是令人感到气愤，上去问问题，一直说让学生自己思考，你他妈讲课才5分钟不到，就在那自己看自己平板，思考你妈呢？解答问题不耐烦，为啥问你问题你没逼数是吧？五分钟能讲多少东西？而且我们是第一次做实验，能做好，他妈中国都是爱因斯坦了，最后给分巨他妈傻逼，只能说你不想教实验，你他妈就别去，别选他！给分巨你妈低！cnm！cnm！cnm！
171710,1226,张寒洁,2023-04-03 02:08:28,0,1,1,大物实验给分让人完全摸不着头脑，我按照他说的修改，费时费力，最后只得了84分，私信问哪里有问题也不回消息...估计教实验摆烂了吧
172243,1226,张寒洁,2023-04-23 12:58:22,1,1,0,实验课给分真的一言难尽。。。还禁止交流，不然就会被一顿臭骂（主要是想向同桌借东西。。。）
172410,1226,张寒洁,2023-04-26 10:31:44,1,2,1,我上的万物运行这门课。我很喜欢，但我不会推荐。每个人能接受的玩笑话的程度不同，量力而行就好。我大概属于脸皮比较厚的那种~最后，张老师，谢谢您！我绝对不会选您的大物实验的（狗头）。
172861,1226,张寒洁,2023-05-08 23:36:10,1,3,2,sbsbsbsbsbbsbsbsbsbsbsbsbsbbsbsbsbsbsbsbsb
172880,1226,张寒洁,2023-05-12 03:28:41,0,2,2,sbsbsbsbsbbsbsbsbsbsbsbsbsbsbbsbsb
172909,1226,张寒洁,2023-05-10 01:10:43,0,1,1,听了前几节课，讲课有意思。后面期中时间忙了没听，考前整理历年题，很多原题。期末80分，总评91分，论文2000多一点，无发言，不点名，供参考。
173269,1226,张寒洁,2023-05-17 08:44:47,-1,0,1,万物挺好的课
173565,1226,张寒洁,2023-05-29 05:44:54,0,1,1,选了他的大物实验，就是那个扭摆法测转动惯量，怎么说呢，可能是因为时代变了（笑），老师好像也不是之前评论中的样子了。我是我们班最后一个做完实验的，做到了十二点四十五，但老师一直在等着我，也没有不耐烦。不过扭摆法这个实验书上确实是有很多坑，老师只会提醒你有坑但不会告诉你坑在哪，如果不自己去思考和推导的话会得出一些很离谱的答案，可能这是扣分的主要原因（笑）。另外，老师的时间观念很严格，说要几点前交就要几点前交。我就是因为他说要上午十点前交但是下午才交被扣了迟交的五分，给了87.总之，扭摆法慎选！！
173754,1226,张寒洁,2023-06-02 09:34:32,1,2,1,在意绩点的千万留意，这位老师的绩点不好拿，别拿低分然后给老师差评，坑人坑己。但是如果你能接受绩点低点，那他的讲课内容，思想观点，都挺有趣的，真的，这位老师作为一个交流的朋友来说非常合适，十分我给九分，剩下的一分警示图水绩点的uu们，全英文期末考试（内容换成汉语就简单了，可带字典），论文要求有新意，难度还行，望采纳
173972,1226,张寒洁,2023-06-05 10:14:02,0,5,5,为什么评论给分好的都要踩一下呢？上学期网课一节没听最后水水论文考试76绩点4.5给分还不好？
174918,1226,张寒洁,2023-06-19 19:59:58,4,5,1,通识课学分全部学完，这是唯一一门不是有声自习的课。老师不但上课有意思，下课还会水群，跟同学们唠嗑，回答大家奇奇怪怪的问题。虽然上课时间很短，但是奇怪的知识增加了很多。想到下学期上某些课的时候不能水万物群打发时间，会感到一点惆怅。至于政治观点嘛，我和我比较好的朋友们每个人的政治取向都不一样。不一样是正常的，没法强求统一。上完体验没有我所说的这么好可能是这个课有点吃受众？总之学弟学妹们玩什么红警p社这种游戏速选此课，狂爽不止。
175518,1226,张寒洁,2023-06-25 10:06:42,2,5,3,选的万物，上课好玩，老师经常水群\n\n看群友和老师水群是一大乐趣，可以说是我体验最好的一门通识课\n\n不过想要水绩点慎选，老师虽然给分好（把作业分打得比较高），但是求是，期末不准备会有点寄\n\n不过期末考很多原题，看了之后要搜一下，搞明白的话高分不难\n\n选了的话，期末考记得带字典，不然挺难受的\n\n----------------------------------------\n\n另外，提前打个预防针，老师观点的表达方式可能会让某些同学难受\n\n只能说仁者见仁，智者见智
175600,1226,张寒洁,2023-06-25 19:01:49,-2,3,5,万物还行，但是期末所有题目都在资料上翻到了卷面只有90最后总评93总感觉有点遗憾，整体课程还是有趣的。不过对玩笑话接受程度低的话慎选。and 老师下学期大雾实验我会躲开你的🐶
179554,1226,张寒洁,2023-09-18 07:08:40,6,6,0,大物实验绪论纯纯在扯皮，自以为很幽默（呵呵），重要的东西你是一点都不讲啊，不给你打个1分是impossible了
180562,1226,张寒洁,2023-09-23 02:12:11,0,0,0,可可爱爱
181300,1226,张寒洁,2023-10-13 09:02:37,3,3,0,这个老师有一种残忍的幽默感，但是知道的确实多
182231,1226,张寒洁,2023-11-13 04:20:57,9,9,0,大物实验，语速快，有种自以为很帅很牛的感觉，不考虑学生，给分也不好
182516,1226,张寒洁,2023-11-21 06:56:23,8,9,1,万物课\n\n优点\n\n1、不点名，上课氛围挺轻松有趣的\n\n2、老师的梗图多且好\n\n3、老师知道的多，讲得也挺详细的，非常幽默，是很典型的物理人了（虽然会有些离谱的细节）听三个老师讲过伦琴射线，这个老师讲的细节最多\n\n4、总体讲老师的政治立场还是和我挺一致的，很务实，而且很真诚，世界破破烂烂，土共修修补补\n\n避雷\n\n1、高绩点不好拿，虽然觉得找历年题的话3点多问题还是不大的，原题很多，cc98上有。可能上课回答问题的话会更好？\n\n2、老师的价值观。感觉老师觉得世界很残酷且国家间只有弱肉强食，人与人之间也差不多，从某方面看问题不大，但感觉多少还有点狭隘了，但也许是我见识太少的原因，我现在是相信人与人之间是善意与恶意并存的。而且老师会有很多很多刻板印象，一棍子打死所有人，希望只是为了节目效果。这一点有点像谢尔顿（而且还都喜欢star war ，接受不了谢尔顿的最好就不要选了，给自己添堵。\n\n3、玩笑尺度，有点像成人向，不会避讳一些血腥的图像和话。有些玩笑更适合酒桌上而不是课堂上说，比如会说男人最喜欢的是3w， weapon，war，women .对女生有一种理工男的常见态度，会开一些看妹子的大腿之类令人无语的玩笑。鉴定为生活中周围女生太少对异性有误解。\n\n总结，老师很好，最好是对不同意见包容度比较高、心理成熟一点的人来选。\n\nps：学物理的人都很有意思\n\npps：浙大包容度真的高，有些老师政治立场差这么大见面不会吵架吗
182782,1226,张寒洁,2023-11-20 08:25:24,4,4,0,大物实验避雷（尤其转动惯量实验），给分完全不考虑学生。转动惯量实验本身报告就很麻烦，认真写了好几天的报告最后收获了最低分。
182783,1226,张寒洁,2023-11-20 08:25:27,3,3,0,大物实验避雷（尤其转动惯量实验），给分完全不考虑学生。转动惯量实验本身报告就很麻烦，认真写了好几天的报告最后收获了最低分。
182957,1226,张寒洁,2023-11-21 08:21:44,0,0,0,万物运行，好课!
183042,1226,张寒洁,2023-11-21 18:22:23,2,2,0,老师的英语⋯⋯\n\n但是真的很有趣！！！\n\n是我唯一一门通识认真听的
184018,1226,张寒洁,2023-12-06 07:42:30,1,1,0,不点名但是杀文科生
184714,1226,张寒洁,2023-12-22 09:52:50,2,3,1,万物，不点名，有论文和期末开卷考，考试大题有往年原题。张老师的观点和表达可能会让有些同学不舒服，但课挺有趣的，非理科生可能会吃力。
184950,1226,张寒洁,2023-12-24 15:10:55,0,0,0,大物实验居里点能让你做到十二点半
186838,1226,张寒洁,2024-01-13 08:30:07,-1,0,1,文科生别选
187085,1226,张寒洁,2024-01-14 11:34:22,4,4,0,大物实验：碰撞还行，惯量慎选
187458,1226,张寒洁,2024-01-16 08:13:37,-1,0,1,给分还行，但是卡绩了，可水
188209,1226,张寒洁,2024-01-18 11:49:28,-1,0,1,万物—课比较水，不点名，要写一篇论文，给分感觉中规中矩吧，喜欢物理相关讨论之类的可以留意下这门课程
188376,1226,张寒洁,2024-01-19 00:42:29,0,1,1,万物是不错的一门课，但是高绩点不好拿\n\n卡绩了555
189093,1226,张寒洁,2024-01-21 19:25:14,30,31,1,万物不错的课！偏向于物理科普和相声（？），无点名，上课发言和对PPT提建议可加平时成绩；作业是一篇关于物理现象的论文（其实算不上论文，格式不限，说清楚事情就行），字数不限，电子纸质提交均可（电子版需要严格按要求提交，包括word版本和标题等，如果不合格要扣平时成绩并重新提交，所以可以考虑交纸质版），实在写不出也可写对课程的感受和建议；期末考试全英文但开卷，所以语言障碍不大，一定要带字典（电子词典也可）和资料！！题型是10道单选每道4分（选项数量不等，本学期卷子从2到5项都有），10道论述题选5道作答每道12分，选择题能找到的比较少，不过考察大都较为基础（难一些的就看脸了），大题可能会涉及比较深入的知识，但有所准备的话就很好拿分，一定一定要带足资料，题目基本都是上课涉及过的，且有很多历年卷原题，如果没空梳理上课内容可以直接98下载资料、搜索历年卷题目并准备答案，考试时有5道题都是准备过的还是有极大可能的。\n\n老师和同学互动很热情，会每天水群发历史上的今天等，每节课课后也都欢迎同学和自己讨论，PPT梗图无数，有时飙点英文，喜欢晒女儿。但是上课常常会从物理偏离到政治历史内容，观点也可能会让一些同学不舒服，对文科生、女生等的带有歧视色彩的发言也是存在的。不过总地来说老师的观点是很红的，调侃也是玩笑话居多，自己也自我定位过“就是个中年油腻男”之类。个人感受是听到不太舒服不感兴趣的部分时可直接掠过，这门课上下来整体还是蛮开心并且有收获的。\n\n给分上，本人高中有学物理，水平一般，大学没有学过物理相关的课；平时上课会一边写作业一边听一听（灌个耳音），发言4次；作业写了对老师上课提到的一个简单物理现象自己研究的过程，2000字；期末考前花了4小时左右整理资料，考试时选择题不确定的大概4、5道（感觉这次的选择有些难TAT），大题10道翻到了6道；最后绩点4.8，感觉结果还是不错的，供大家参考。
191483,1226,张寒洁,2024-04-23 12:19:30,6,6,0,大物实验快跑，数据处理巨多，但上课又不讲清楚实验要求，报告给分差，惯量测定实验巨麻烦，快跑
191498,1226,张寒洁,2024-04-24 00:53:17,0,0,0,固执死板
191688,1226,张寒洁,2024-04-28 04:30:58,1,1,0,大雾实验做碰撞。喜提最低分，拉了均分4-5分。\n\n上课的时候感觉还行，出分就是笑面虎。\n\n碰撞实验这么大的误差，弹性碰撞确实20%（相比其他人数据算好的了），另外两组实验不到1%的误差和我说误差过大？？？真就别求是爆改数据就行了呗。按照往年报告填写数据就不规范了？上课啥也没说就开始傲慢的不规范了？？？\n\n希望后来者不要有侥幸就算说碰撞实验给分好，也不要选这个老师。
191950,1226,张寒洁,2024-05-06 06:02:52,0,0,0,给分低
192410,1226,张寒洁,2024-05-18 08:44:40,1,1,0,别的老师给我的分都是88，但是这个老师他给了我一个88（扭）一个92（碰），他真的打破了我88的噩梦循环。虽说扭真的很难。
193341,1226,张寒洁,2024-06-06 15:18:13,3,3,0,逆天实验
193896,1226,张寒洁,2024-06-20 12:57:33,3,4,1,上的万物运行，真乃捞王中的大捞王，上课很有意思，不点名，虽然讲物理知识的时候我听不懂（因为我真的菜），但是讲笑话的时候我一定会认真听哈哈，一篇小论文，最后开卷考抄资料最后得分蛮好的
195561,1226,张寒洁,2024-06-28 18:17:37,1,3,2,特别垃圾
198310,1226,张寒洁,2024-09-06 15:25:58,0,1,1,很好的老师，讲话很好听！
202490,1226,张寒洁,2024-11-13 02:01:08,0,1,1,马不要了，给分低
202789,1226,张寒洁,2024-11-14 11:02:01,8,8,0,绩点确实不高，但我自认论文注水考试一点没复习最后只有3.9是我活该……但并不后悔选这门课，毕竟带给我了半个学期的快乐，满课的周一只有晚上的万物能使我放松，唯一要小心的就是不要笑死在课上……讲相声我们老张是专业的（狗头）
203127,1226,张寒洁,2024-11-17 06:23:42,9,10,1,本人上的万物，最后4.2，事非常少，只有最后一个作业和考试，总而言之，showtime
205125,1226,张寒洁,2024-12-02 02:53:02,3,3,0,别选碰撞实验
205131,1226,张寒洁,2024-12-02 03:55:57,1,1,0,大物实验纯sb
205197,1226,张寒洁,2024-12-02 13:46:11,6,6,0,上过老师的万物运行的奥秘，体验感很好，相对比较水，上课也很有趣，给分也还不错。\n\n但是大物实验纯纯避雷，虽然没选张老师的实验。但是第一节在教室里的绪论课很不幸匹配到了张老师，听老师瞎扯了两节半课。也没学会算不确定度（不知道其他老师有没有讲清楚），导致最初的几次实验报告的不确定度都是瞎算的（还自认为算的没问题），不确定度的有效数字都是自己随缘保留的，报告分也比较低。后来会算了明显实验报告的分提高了很多
205604,1226,张寒洁,2024-12-10 05:25:25,0,0,0,大物实验，铁磁材料的居里温度测量。做三次实验，一次实验70组数据，每组数据记录温度和电压。数值变化比较快，拿手机录像，再通过视频记录数据。\n\n我都从视频里查看数据了，直接输到Excel里生成图表不过分吧，竟然还要抄到草表里？？？这不是脱裤子放屁么？\n\n明明可以用软件拟合曲线，还要手绘图表，清朝来的么？
206613,1226,张寒洁,2024-12-16 12:47:46,1,1,0,万物运行，很棒的课！超级期待每周一晚上的show time!事情少，不点名，但真的不想翘，笑着笑着一节课就过去了
214860,1226,张寒洁,2025-02-18 10:42:55,4,4,0,老师说话有趣，但是有点太过跳脱，而且经常带着玩笑的语气贬低文科生，能听出来不是恶意，不过脏话多了观感不是很好。“考试内容就在我上课的内容里！”但PPT大部分都是照片，上课的时候是讲故事为主。
217488,1226,张寒洁,2025-04-11 06:24:55,0,0,0,千万千万不要选碰撞试验
218194,1226,张寒洁,2025-04-22 03:23:54,3,3,0,别选凝聚态实验方法快跑！
218415,1226,张寒洁,2025-04-23 08:59:58,2,3,1,破水课又有论文又有考试（还是英文），最后绩点3.3，给一分都高了
219199,1226,张寒洁,2025-05-23 03:08:45,1,1,0,凝聚态物理近代实验方法，史课，快跑
219606,1226,张寒洁,2025-05-31 12:12:28,0,0,0,大物实验来的。一次转动惯量，一次碰撞实验。都给了90+分。老师比较看态度，最开始就听说了张老师比较刁钻，所以两次实验报告都写的很详细。\n\n建议追求绩点的uu，先看看有没有其他事少给分好的老师，实在没有了再考虑张老师。他的实验如果认真完成，报告字迹清晰板正，数据处理得当还是会给88以上的。\n\n另外记得他的实验好像误差确实很大，我记得我碰撞实验误差在20%以上，然后我自己在后面分析了一下误差原因，最后还是给了我一个比较好的分。不过好像有同学觉得是自己实验出问题，偷偷改了实验数据降误差，被张老师枪毙了，还是要慎重啊。
1612,1467,谢小平,2015-03-23 02:02:02,48,53,5,讲课讲的很好也很仔细透彻
3288,1467,谢小平,2015-05-27 08:45:13,6,12,6,老师很和气，讲课也很负责，给分嘛目前还不知道
3294,1467,谢小平,2015-05-28 00:49:39,15,18,3,简直棒
3376,1467,谢小平,2015-06-08 03:48:24,129,145,16,应该给谢老师一个荣誉称号：薛小建
3405,1467,谢小平,2017-09-18 04:01:38,31,35,4,超级赞
3700,1467,谢小平,2015-06-17 02:27:42,6,9,3,讲课很细致，听的懂而且不拘泥于课本
3985,1467,谢小平,2015-06-17 12:04:30,31,34,3,良心老师，大物难得的好老师
4115,1467,谢小平,2015-06-18 00:03:23,0,2,2,棒棒棒
4136,1467,谢小平,2015-06-18 01:55:46,25,30,5,PPT做的可清晰了～～～预置他的课真是不错吖～也不点到～只有两个小测，写了名字就有三分（≧∇≦）
4593,1467,谢小平,2015-06-25 00:17:23,0,2,2,人好课也好！
5356,1467,谢小平,2015-07-07 02:55:06,1,5,4,测试都会提前通知，让做好准备，讲课特别好，亲和力特别强，不过平时分给分制度就会让学习好的更好，不好的更不好
5567,1467,谢小平,2015-07-08 09:50:54,5,8,3,很好
5655,1467,谢小平,2015-07-09 04:13:12,0,3,3,好
6419,1467,谢小平,2015-07-14 01:35:28,0,3,3,棒棒棒棒棒～清楚～
6703,1467,谢小平,2015-07-19 08:57:51,11,13,2,老师讲课很好的而且给分不错
6967,1467,谢小平,2015-08-23 10:35:03,0,3,3,超级平易近人！ppt做的也很认真！
8474,1467,谢小平,2015-09-21 14:05:06,1,3,2,良心好老师
8824,1467,谢小平,2015-09-28 09:35:27,0,2,2,老师很好，讲的很细，很和蔼
12679,1467,谢小平,2015-12-24 01:19:45,-10,0,10,～～～
12946,1467,谢小平,2015-12-24 11:07:29,37,48,11,谢小平是好老师这点毋庸置疑。但是有一点要注意：他的期中考试与课堂练习的题目比期末考试套题的难度要大，平时要是只刷历年试题的话，估计平时分容易吃亏。
13107,1467,谢小平,2015-12-25 02:04:06,-3,6,9,上课信息量有点大
13391,1467,谢小平,2015-12-27 14:34:32,2,6,4,棒棒哒～
13514,1467,谢小平,2015-12-29 00:54:30,-4,3,7,也就是说———
13861,1467,谢小平,2016-01-01 10:47:52,0,3,3,讲得特别好
13900,1467,谢小平,2016-01-02 06:19:24,22,26,4,好不夸张地说，浙大最好的大物老师！
15002,1467,谢小平,2016-01-11 13:11:07,0,2,2,好老师 有两次小测
15072,1467,谢小平,2016-01-12 01:46:42,0,2,2,好老师哈！
15473,1467,谢小平,2016-01-14 14:27:14,5,9,4,老师讲课真心赞，可惜我是学渣
15883,1467,谢小平,2016-01-16 13:42:02,2,4,2,老师讲的挺细的，课件也很有用
16500,1467,谢小平,2016-01-18 08:49:49,83,95,12,看了教务网上老师的简介，发现他教过大物甲乙丙，带过大物实验就罢了，居然还教过程序设计和高频电路！最关键的是他本身是研究信号分析与处理的！
17467,1467,谢小平,2016-01-20 08:59:44,1,3,2,老师课讲得好，回答问题也耐心，给分也好！
18337,1467,谢小平,2016-01-21 12:54:49,6,8,2,非常好的老师！考前看一遍他的ppt就可以很好得复习了，讲课也很有逻辑
18376,1467,谢小平,2016-01-21 13:52:46,-33,9,42,给分极差
19135,1467,谢小平,2016-01-23 10:18:25,1,3,2,很认真负责的好老师，讲得也很清楚
20313,1467,谢小平,2016-01-27 03:40:38,4,6,2,难得的好老师，让对大物没什么脑子的我变得对大物十分感兴趣，只可惜大物甲2才预置了老师的课ORZ
21038,1467,谢小平,2016-02-13 02:50:58,1,3,2,比薛大建善良多了
25839,1467,谢小平,2016-06-11 12:18:27,1,2,1,薛小建那个233333
25944,1467,谢小平,2016-06-14 13:30:00,0,0,0,老师真的好，虽然我基本自学的
26129,1467,谢小平,2016-06-16 05:16:58,77,79,2,是我见过第一个早课来得比学生还早的老师，非常负责。人也很和蔼。
26144,1467,谢小平,2016-06-16 05:57:38,0,1,1,老师很好，真恨自己没有好好学
26351,1467,谢小平,2016-06-17 04:57:45,21,23,2,绝对的好老师，早课我去的再早也只有一次比他早，上午两个班一站一上午，讲课很清晰深入，基础好的同学不预习，认真听讲，课下刷一边PPT就没问题，强烈推荐
26381,1467,谢小平,2016-06-17 08:58:20,4,6,2,非常棒，老师很多时候迷之激动。但是最重要的是晚上不要熬夜，好好睡觉。不然老师讲的再好睡过去了也没用。期中考试很难。
26701,1467,谢小平,2017-01-04 05:40:38,2,2,0,超好的老师认真负责和蔼有条理?很讲时间观念
26900,1467,谢小平,2016-06-21 14:04:08,0,1,1,谢小平老师人很和蔼亲切！上课超级棒！很细致认真！讲得很清楚！不点名，讲课讲得十分清晰！最喜欢的大物老师！
27550,1467,谢小平,2016-06-27 03:19:57,4,5,1,虽然我没怎么听大物课 但老师真是可爱 真是好 真是好啊
27935,1467,谢小平,2016-06-28 06:03:55,0,0,0,作为物理基础不太好的渣，听老师的课真的神了！讲的很透彻，再加上课外努力把布置的题目做懂做会那就完美了。
28298,1467,谢小平,2016-06-28 08:28:47,0,1,1,老师人很好很好，讲课也讲的很好，超级爱的老师
28492,1467,谢小平,2016-06-28 09:28:35,0,0,0,不错不错
29819,1467,谢小平,2016-06-30 11:04:29,4,5,1,小平哥哥绝对是好老师！亲切和蔼，讲得透彻。主要是他把课上得很精致，让人感觉到他的用心！
29956,1467,谢小平,2016-06-30 14:56:17,0,0,0,老师超好人啊，讲的好细致，课件做的非常好，虽然我最后分不是很好，但老师真的很好。。。只可惜下学期我不是他的课了，课表冲突也选不了，伤心。。。
29977,1467,谢小平,2018-12-26 11:05:03,264,294,30,他给了我98分，可惜我只能给他10分
29981,1467,谢小平,2016-06-30 15:55:26,6,6,0,男神！！！上课挺棒的！ppt也做的很用心，知识点也讲的很透彻。可惜自身原因上课经常犯困，可惜大物甲二选不上....反正就是棒棒哒！
29996,1467,谢小平,2016-06-30 16:28:05,1,1,0,感动cry 小平人是真的很好  很和蔼 给分合理 好棒！！大雾甲2不能来听好遗憾！
30060,1467,谢小平,2016-07-01 01:20:17,3,5,2,第一个满绩～
30113,1467,谢小平,2016-07-01 02:50:16,0,0,0,讲课清晰，人很负责，重点是给分好。
30114,1467,谢小平,2016-07-01 02:50:23,0,0,0,炒鸡棒
31914,1467,谢小平,2016-07-05 06:55:56,2,2,0,给10分不解释，顺便提醒学弟学妹期中考好好考因为平时分按照排名的。我就是毁了期中考没能满绩。
31981,1467,谢小平,2016-07-05 10:21:30,0,0,0,男神不解释！个人认为最好的物理老师，尤其他做的ppt，还能供学生下载，思路特别清晰！
33383,1467,谢小平,2016-09-19 03:17:40,13,15,2,大物2换了老师，默默回来给老师点个赞。学的时候没感觉，一对比才知道老师多好。。
33800,1467,谢小平,2016-09-22 00:48:17,0,0,0,真的是个好老师
36676,1467,谢小平,2016-11-15 10:11:14,0,2,2,乍一看，好像崔永元
39327,1467,谢小平,2016-12-22 05:56:24,0,0,0,男神级别的
39660,1467,谢小平,2016-12-27 01:54:36,0,0,0,好好好
40430,1467,谢小平,2017-01-03 09:10:24,0,0,0,必须满分
41382,1467,谢小平,2017-01-11 07:27:50,0,1,1,好老师啊，讲课条理清晰有逻辑，ppt内容充实很好用，肺腑之言啊……
41661,1467,谢小平,2017-06-05 11:04:02,-90,6,96,谁啊不认识，给个一分，路过
43329,1467,谢小平,2017-01-16 06:56:06,1,1,0,很好的老师，讲课很细致
43844,1467,谢小平,2017-01-17 04:58:08,0,0,0,棒棒棒\n\n
43853,1467,谢小平,2017-01-17 05:05:04,0,0,0,老师真的很好，讲的很细，应该没人听不懂他讲的课吧。上他的课不满就是自己的原因，课后少花无数时间。
44420,1467,谢小平,2017-01-17 23:22:05,1,1,0,特别好\n\n
44907,1467,谢小平,2017-01-18 13:08:18,2,3,1,http://yjsds.zju.edu.cn/daoshiInfo.jsp?uid=8a4ac9b43d610c0f013d622313bc001f\n\n小平哥哥年轻时帅爆了！
45758,1467,谢小平,2017-01-20 04:37:36,14,14,0,最好的大物老师，讲课清晰温柔耐心。大物二考得一塌糊涂自己还没意识到错在哪儿，谢老师超认真超仔细地答复我，又有建议又有鼓励，真是感动到泪目。选上谢老师的学弟学妹千万不要辜负了他呀！
46072,1467,谢小平,2017-01-20 14:37:12,1,2,1,老师讲课很好！很负责  ppt也非常好
46881,1467,谢小平,2017-01-22 15:40:10,2,2,0,老师上课真的好，循循善诱，讲知识点简单易懂，同时上课之前都会去的很早，有问题可以直接跟老师交流的
48180,1467,谢小平,2017-03-01 06:00:29,7,8,1,是吧。
48197,1467,谢小平,2017-03-01 07:13:44,13,15,2,谢是吧?
48270,1467,谢小平,2017-03-02 00:18:58,119,126,7,谢老师是好老师 是吧 课件超级好 是吧 到的超级早 是吧 回答问题特别认真 是吧
48421,1467,谢小平,2017-03-03 04:32:25,28,29,1,是吧，是吧……
49059,1467,谢小平,2017-03-23 01:33:59,1,3,2,老师讲课很有调理逻辑清楚
49158,1467,谢小平,2017-03-28 02:11:20,-12,5,17,上太快听不懂，而且占座现象超级严重
50292,1467,谢小平,2017-07-04 02:02:31,-1,6,7,好老师，讲得好，给分好，耐心解答学生的邮件，会心平气和地和学生沟通。
52776,1467,谢小平,2017-06-22 23:54:40,3,3,0,小测虽然难，但是是按排名来给分的，讲课讲的超级好，十分不解释
52810,1467,谢小平,2017-06-23 04:26:44,0,1,1,老师人真的好，讲的清晰，言语无法表达的好，问弱智问题也不会不好意思。
53027,1467,谢小平,2017-06-25 02:27:59,2,2,0,很好的老师，讲课清晰，回答学生问题耐心仔细。
53084,1467,谢小平,2017-06-25 11:18:54,4,4,0,很负责，认真，专注，可惜二不是他上的
53111,1467,谢小平,2017-06-26 02:21:18,2,2,0,老师真的特别棒，上课讲的很仔细，PPT内容特别全特别清晰，考前好好看看老师的PPT，考试就不成问题了，碰到一两个原题也不是问题，大赞?
53301,1467,谢小平,2017-06-26 10:18:44,1,2,1,棒到没话讲 真的能听懂 为了他退了预置大物二老师 希望补选的上
53798,1467,谢小平,2017-06-27 15:01:14,1,1,0,小平好可爱滴
54805,1467,谢小平,2017-06-30 08:52:59,-17,3,20,94分飘过... 老师人挺好的 讲课蛮清晰的 然而基本没听过课orz....一听物理就想睡觉怎么破 两次小测太伤了...都6带头的分数 （还是那种来了就50分的emmmm） 然而平时分按排名给 也不会低到哪去 给的课件蛮难的 其实考试考不到这么难 还是看书比较靠谱 期末的时候发过几次邮件问问题 也都回答了 反正都靠自学 老师给分还是不错的
54806,1467,谢小平,2017-06-30 08:53:14,4,4,0,讲课很好，但是特别看中小测，(小测超级难)，平时分主要看小测，期末再好也不会给你多一点。。。。()
54807,1467,谢小平,2017-06-30 08:56:09,3,3,0,给分很公正 期中期末你考的好肯定不低 平时分不会有多大差距
54907,1467,谢小平,2017-06-30 12:25:37,3,3,0,PPT胜过书本
54939,1467,谢小平,2017-06-30 13:05:26,0,0,0,老师耐心又很有亲和力 每次早课都到得超早 最重要的是讲得超棒啊啊啊 只要上课别犯困 课下看遍PPT就能成绩很好了
55033,1467,谢小平,2017-06-30 16:21:06,4,6,2,老师人很好  浓浓师生情！但是友情提示一定要注意平时努力！！！血的教训  期末总评90  扣的10分里有8分扣在期中和小测   特别是小测一定要认真准备  做错一题班里排名一下去  最后平时分就可能扣个三四分了
55050,1467,谢小平,2017-06-30 16:36:30,0,0,0,挺不错的老师
55092,1467,谢小平,2017-07-01 00:03:26,0,0,0,好棒的
55628,1467,谢小平,2017-07-02 05:20:00,0,0,0,老师人超棒
57568,1467,谢小平,2017-07-10 01:06:10,3,3,0,平时分比较吃亏
58187,1467,谢小平,2017-08-18 01:03:35,0,0,0,好老师，人很和善，水平也高，而且很博杂，虽然自己比较垃圾
58949,1467,谢小平,2017-09-19 00:39:53,0,0,0,亲近学生，讲课细致，好老师。
59216,1467,谢小平,2017-09-20 08:08:06,0,0,0,爽得很
59235,1467,谢小平,2017-09-20 10:29:55,8,8,0,下课不过问他多少问题他都认真回答，有一次还害他错过了两班班车，我都内疚死了…
59863,1467,谢小平,2017-09-28 01:03:48,4,4,0,听了zxa，lmb，wqm，zdf，fb之后觉得他讲得最好
62676,1467,谢小平,2017-11-26 10:53:55,0,0,0,hin好
66236,1467,谢小平,2018-01-14 01:55:10,1,1,0,哈哈哈
70568,1467,谢小平,2018-01-27 08:28:51,4,4,0,都给我让开，我要给谢老师打十分，认真听课好好做作业高分木得问题。
70603,1467,谢小平,2018-01-27 09:33:26,2,2,0,感谢谢老师，老师课讲的很好，很有条理，PPT也很棒，小测不坑。你问他问题他也会很耐心给你讲。
70622,1467,谢小平,2018-01-27 09:55:24,1,2,1,即使我挂了 我也要说 老师是真的棒 是都怪我自己
70643,1467,谢小平,2018-01-27 10:25:00,2,2,0,感谢老师不挂之恩
70701,1467,谢小平,2018-01-27 12:05:47,0,4,4,啥也不说了 太感动了 不小心翘到了次quiz还是把我的平时分调到满了 惊险上了4.5(不过期末还是没考的太好啊 难受感觉对不起老师)
70772,1467,谢小平,2018-01-27 13:41:17,0,2,2,老师讲得炒鸡好，课后认真做作业，上课认真听就能考好~但是唯一比较难受的是小测很难拿到满分，不过物理竞赛可以挽救这个平时分? 最后，致敬谢老师和他上课的例题。
71608,1467,谢小平,2018-01-28 16:38:05,29,29,0,大物甲一厉位阳3.0，大物甲二谢小平5.0
73090,1467,谢小平,2018-02-01 01:54:11,2,2,0,优点楼上们都总结过了 我就一句话 好老师！真的好老师！谢谢谢小平老师！
73497,1467,谢小平,2018-02-01 17:58:59,3,3,0,PPT和期中期末的复习提纲超好评！上课讲推导分析比较多，对物理头痛的同学可能一不小心就睡着了，像我emmmmm
75515,1467,谢小平,2018-03-13 01:56:01,0,2,2,是吧是吧。。。
75803,1467,谢小平,2018-03-19 02:19:19,1,2,1,真的没啥好说的，就俩字儿，忒棒！
76595,1467,谢小平,2018-04-16 06:01:03,20,20,0,好老师，很尊敬他，每次下课都在ppt上亮出五个大字:同学们再见！真的很好的老师，希望有一个理想的成绩，不枉老师这么用心地教我们……也不枉自己的努力
77943,1467,谢小平,2018-05-09 01:06:56,1,1,0,好好好
80314,1467,谢小平,2018-06-25 04:02:32,2,2,0,完美！
80402,1467,谢小平,2018-06-26 06:28:54,2,2,0,太好了，我这个辣鸡期中考得很差所以就给老师发了邮件，没想到老师很认真地回复了，写的比我还多，真的很感动，自己也有动力学习物理，虽然也没好到哪里去（另最不好的体验就是投影成绩，对我来说简直公开处刑_(:з」∠)_
80475,1467,谢小平,2018-07-12 14:16:48,5,5,0,我遇到过最好的老师。
80557,1467,谢小平,2018-06-28 01:33:40,5,5,0,没有不给十分的道理啊
80647,1467,谢小平,2018-06-29 01:45:08,2,2,0,好老师！！
82338,1467,谢小平,2018-07-08 02:36:43,13,14,1,老师上课讲课超级认真，PPT也很好，有知识点也有例题，很适合课后复习用，很好的上课体验。有3次quiz，写了名字就有一半的分！！！趁着没出分，先给老师打个10分^ω^
82627,1467,谢小平,2018-07-09 00:10:53,2,2,0,老师是完美的
83178,1467,谢小平,2018-07-10 01:21:02,3,3,0,出成绩之前来给个十分\n\n老师真的很棒！\n\n很喜欢他的课件！非常有条理！\n\n平时分也是很公道的给的。\n\n平时答疑也很耐心\n\n大物2还是谢老师的，感谢老师！
84305,1467,谢小平,2018-07-12 13:25:28,3,3,0,对老师的赞美已经无法用语言表达了
84309,1467,谢小平,2018-07-12 13:36:57,2,2,0,老师是一位非常好的老师，强烈推荐
84353,1467,谢小平,2018-07-12 15:28:42,5,5,0,超nice的老师！很喜欢！上课很有规律，就是循序渐进，讲的很清楚。最后也拿到了很好的成绩，感谢老师！
84437,1467,谢小平,2018-07-13 00:25:15,3,3,0,最好的大物老师 没有之一
84493,1467,谢小平,2018-07-13 03:56:38,-6,8,14,老师给我满绩，我给老师打满分。谢老师实在是太好了呜呜呜，下学期还是他的大物，炒鸡开心
84494,1467,谢小平,2018-07-13 03:58:43,4,4,0,讲课上，思路非常流畅\n\n为师上，笑容非常灿烂
89608,1467,谢小平,2018-11-20 02:39:32,8,9,1,把全班成绩投影到屏幕上 玩的就是心跳
99324,1467,谢小平,2019-01-24 14:51:09,0,1,1,。。。
100090,1467,谢小平,2019-01-25 14:29:04,0,1,1,虽然被卡绩了，但是还是很感谢老师，教的很好，期末考低了能怪谁。老师是好老师，但我也是辣鸡学生，而且是调不动分稳稳被卡的那种。
100418,1467,谢小平,2019-01-26 05:51:05,5,5,0,上课有条理，讲的很仔细，好好听可以跟上的，每次课前也会大致复习一下上节课的内容。有四次小测，交了就有50分，我只有一次小测过了九十，但是最后总评里的平时分老师还是给满了20，可能是因为我去了物理竞赛吧，虽然也没得奖。期中84，期末86，绩点4.2
104373,1467,谢小平,2019-03-19 03:25:08,2,2,0,感觉真的挺好的一个老师，如果最后成绩不好真的只能怪自己
104550,1467,谢小平,2019-03-23 11:26:45,2,2,0,给分很求是
104915,1467,谢小平,2019-03-31 02:17:31,5,5,0,我在答疑的时候碰到了谢老师，不得不说，老师的水平真的很高啊。而且人很和蔼的呢，希望以后可以选到老师的课\n\n(๑òᆺó๑)(๑òᆺó๑)
109965,1467,谢小平,2019-07-03 02:33:30,10,12,2,出分啦 我高中没学过物理 但是上了谢小平老师的课期末竟然有89 可见谢小平老师教的有多好 感谢? ！！小平老师
111537,1467,谢小平,2019-07-02 01:31:36,2,3,1,最棒的大雾老师！
111918,1467,谢小平,2019-07-03 02:41:40,6,6,0,下学期的大物甲2我打算申请免听然后去听谢老师的课，讲的多好可见一斑
111944,1467,谢小平,2019-07-03 04:27:45,2,2,0,下学期还是他～感动\n\n\n\n\n\n\n\n\n\n\n\n\n\n\n\n\n\n\n\n\n\n
111963,1467,谢小平,2019-07-03 04:45:38,-5,1,6,3.0 好桑心。应该是我太菜了
112015,1467,谢小平,2019-07-03 07:31:23,2,3,1,超级赞 虽然我期末自己考不好
112731,1467,谢小平,2019-07-05 01:21:20,9,9,0,给分求是，对学生很和蔼，课也上的好。btw小测是按排名赋分的，你最后得分大概率比你做出来的高。我小测加起来会扣3分的，最后还是捞到只扣一分
117232,1467,谢小平,2019-09-20 23:19:51,3,3,0,最多只能给您10分，有些遗憾
118103,1467,谢小平,2019-10-21 03:22:23,3,3,0,很好的老师啊啊啊学不好怪自己噜
119484,1467,谢小平,2019-11-13 04:23:45,3,3,0,老师超温柔的，可惜我学渣，没有好好地学习，小朋友们要认真一点啊
120976,1467,谢小平,2020-01-19 06:18:29,8,9,1,感觉老师最厉害的地方，是能够把这么难的大物讲得通俗易懂。PPT做得非常好，讲课也属于极其细致的类型，基本上不需要课前预习只要上课认真听+课后巩固就行了。
125406,1467,谢小平,2020-09-08 07:39:14,3,3,0,挺好的！！！！
125465,1467,谢小平,2020-09-09 15:46:17,97,98,1,永远最爱谢小平老师！！！是吧！！！
125604,1467,谢小平,2020-09-12 08:53:49,8,8,0,谢老师的课只能用极致形容。
125846,1467,谢小平,2020-09-15 00:18:46,5,5,0,吹爆谢老师！！！！！超级好的一个老师o(^o^)o
126054,1467,谢小平,2020-09-17 03:37:52,3,3,0,上课讲的很细致，给分也不错，好老师
127418,1467,谢小平,2020-11-23 00:13:44,-25,3,28,不捞 耗子尾汁
128678,1467,谢小平,2021-01-26 15:17:08,61,66,5,先感谢谢小平老师给的100分。老师人超级好，讲课内容非常有条理，思路也很清晰。大雾I和II都是谢小平老师的，超爽。（要是大雾II满了我还要再来吹一遍）\n\n\n\n更新：感谢谢小平老师的第二个100，说要再来吹一遍说到做到（
129467,1467,谢小平,2021-01-06 02:51:56,4,4,0,PPT很清晰 讲课超棒 人也超nice
131301,1467,谢小平,2021-01-27 04:23:09,13,13,0,太棒了太棒了，讲课真的高水平
134351,1467,谢小平,2021-03-24 13:44:54,4,4,0,好老师棒棒
135868,1467,谢小平,2021-05-31 04:50:33,38,41,3,过于求是，通过几道偶然性很大的小测验（只有两道题的那种）来直接确定平时成绩，容易翻车；不过老师讲课和为人还是不错的，自行权衡吧
137201,1467,谢小平,2021-07-02 08:44:14,18,18,0,谢老师人是很不错的，上课认真听的话也蛮通俗易懂，也比较平易近人，只不过在小测安排上总觉得有失考虑，首先不会通知你小测的时间（有时能猜出来），另外小测占比太高并且是根据排名赋分，有些同学小测上直接小猿，你的排名很容易就下去了，结果你平时分就低了五六分
138401,1467,谢小平,2021-07-09 02:45:39,17,19,2,老师的教学质量还是没得说的，不过通过几次偶然性很大小测直接决定很大一部分的平时成绩是否合理，就仁者见仁智者见智了。\n\n因为我期末考98总评86hhh，不过还是大爱xxp！
138410,1467,谢小平,2021-07-09 03:39:04,3,4,1,老师是好的...但是给分太实诚了QAQ
138568,1467,谢小平,2021-07-10 00:59:42,14,16,2,给分大求是，出分大绩杀
139812,1467,谢小平,2021-07-28 06:58:18,12,13,1,小测一定要重视，提前下好小猿
139940,1467,谢小平,2021-08-22 07:54:17,0,0,0,爱的感觉
140838,1467,谢小平,2021-09-16 17:03:11,0,0,0,实在是太棒了
145813,1467,谢小平,2022-01-03 00:35:38,0,0,0,拯救了我的物理！
147648,1467,谢小平,2022-01-10 10:56:59,15,15,0,1.老师人非常好，一直微笑，很可爱\n\n2.老师水平非常高，你问什么问题他都秒答甚至一针见血看出你的问题\n\n3.数学也很好，有时候我还会和他探讨物理中数学的应用，可以看得出老师有独到的理解\n\n4.老师有一点不太好的地方是，讲课不突出重点，众所周知大学物理有些东西不做要求但他什么都会讲而且讲得很仔细，然而这在一定程度上加大了学习压力，可能就大学物理这门课而言是多余的，适合学有余力的人\n\n5.小测难度比别的老师高，建议通力合作或者小猿，不然最后平时分会比较难看\n\n6.平时作业不是交了就给分，而是切实地打分！然后算进总评分里！请务必认真对待每一次作业
147716,1467,谢小平,2022-01-10 14:08:03,3,3,0,真的讲得很好，就是那种虽然考得不好，但完全不会怪老师。
147753,1467,谢小平,2022-01-10 16:39:47,6,7,1,课上的挺好的（虽然没怎么听），但是平时分确实有待商榷，可能是大物课体制原因，不太懂这样一门课平时分占到40是怎么想的
147802,1467,谢小平,2022-01-11 01:29:35,0,2,2,讲课速度快，不适合基础不好的同学，非大佬慎选
149891,1467,谢小平,2022-01-17 15:18:48,7,7,0,谢老师真的很好，是吧！
151662,1467,谢小平,2022-03-10 15:48:30,57,59,2,老师上课提到大物挂科后重修到满绩的人就是我。非常感谢谢老师一直以来的支持与帮助，非常感谢2年后老师还能记得我。希望能激励后来的同学们努力进取。
151878,1467,谢小平,2022-03-19 01:09:17,13,14,1,小平老师水平真的很高，是哇。小平老师不仅物理好，数学也强的一塌糊涂，是哇。认真听他的课你会比别班的同学大物强一大截，是哇。对于后续的工科课程尤其是电类，我觉得大有裨益，是哇。除了小测和ppt偏难（其实也在锻炼大家的水平），其他都超棒的，是哇。轻松满绩，是哇。
153679,1467,谢小平,2022-05-11 23:43:40,10,10,0,以前一直以为老师纸质签到是因为这样签到稳，直到老师说自己不会用数字点名...\n\n\n\n哈哈哈哈哈哈哈哈哈哈哈\n\n\n\n———————第三次小测后更新—————————\n\n\n\n谢老师在降低小测的难度，去年和今年的小测我都做了，今天A班小测难度明显下降了不少。\n\n\n\n但是依然建议害怕小测的同学选给分好的老师，听谢老师的网课。谢老师的小测太压力怪了...\n\n\n\n另外，别指望小猿，在小猿查到老师的题目只有50%的可能，其中还有一大半的答案是错的。
154850,1467,谢小平,2022-06-06 07:27:07,0,1,1,好！快选！
155062,1467,谢小平,2022-06-08 03:40:32,7,8,1,可以说是浙大最好的老师，各方面都堪称完美，只可惜大物2选不上谢老师的了
155111,1467,谢小平,2022-06-08 11:01:49,0,1,1,谢老师真的很好
155200,1467,谢小平,2022-06-09 08:56:06,21,24,3,不要选，选了你就会和我一样在结课的时候舍不得他而哭成泪人
156434,1467,谢小平,2022-06-19 15:22:14,6,6,0,好老师呜呜呜 早八的课居然会至少提前半小时到 早早做好准备 不管是在现场还是智云听 讲得都非常清楚 上课上的非常好 讲的非常透彻 小测真的平常认真学习真的不会差到哪里去 谢老师的课给我最深刻的感受就是严谨 真诚 真的好爱他 可惜下学期大物不是他
156811,1467,谢小平,2022-06-21 10:41:57,10,17,7,上课上的极好，给分给的极不好
156826,1467,谢小平,2022-06-21 05:00:24,6,11,5,给分不好
156832,1467,谢小平,2022-06-21 05:21:42,5,9,4,给分不太差吧，感觉挺求是的，所有成绩都很清楚，只要好好跟着老师学，考试不难
156840,1467,谢小平,2022-06-21 05:52:59,8,9,1,老师真的很好~在最后一节课哭死，可惜下学期选不上啦，当然给分实实在在的，还得靠自己努力
156848,1467,谢小平,2022-06-21 06:54:00,6,7,1,老师上课比较清晰，但节奏较快，上课讲的例题偏难，适合有基础的同学。小测总共4次，每次小测差不多25分钟，2道大题，题目比较偏，搜题软件也很难搜到一模一样的。平时分8～9个人一档，一档一分，给分的话挺求是的，不捞，但是老师教学水平确实挺高的，是我不配了。
157005,1467,谢小平,2022-06-21 16:56:32,2,4,2,小测题目是投屏在屏幕上，看不清而且容易看花，最好还是印成纸纸质发给大家考。
157444,1467,谢小平,2022-06-23 08:52:51,-2,15,17,楼下的，大物给分这么公开透明了，你在叫什么？10分
157512,1467,谢小平,2022-06-23 13:44:02,9,13,4,十分，但是给分确实求是，且上课重点有点不突出，不建议想靠突击考高绩点的人选
158369,1467,谢小平,2022-06-28 20:50:40,5,8,3,给分很不好，而且平时分差距很大
159409,1467,谢小平,2022-07-17 16:10:40,8,8,0,上课很认真，小测太难，给分太实在
160026,1467,谢小平,2022-09-12 03:21:07,1,1,0,给分好实在，不捞，讲的很好，语速有点快，期末预习的时候二倍速就受不了了。不过真的很好，主要是我太菜
160659,1467,谢小平,2022-09-29 13:46:53,-30,3,33,学籍异动选手一定要选谢小平！！他会照顾学籍异动人的需求把小测安排在习题课之后第一节，今年直接多了一个国庆复习，可以免于平时分暴毙了，大爱谢小平！！
160976,1467,谢小平,2022-11-05 07:58:40,5,6,1,xsx助教是真一言难尽。。。给分不好
161277,1467,谢小平,2022-11-03 09:02:09,7,8,1,大学物理II第十章PPT第10页例题是神仙题目，为了这道题选他的大物II绝对不亏，学弟学妹们冲
161960,1467,谢小平,2022-11-15 12:17:22,0,1,1,超级可爱的老师！
165201,1467,谢小平,2022-12-30 04:34:21,1,2,1,非常好！
165210,1467,谢小平,2022-12-30 06:37:13,0,1,1,真的好啊！！！
168236,1467,谢小平,2023-02-22 07:47:51,7,7,0,楼下那个学籍异动哥是xjb讲的，各位莫当真。但是确实平时分不算很捞的那种，是比较求是的
168350,1467,谢小平,2023-02-13 10:19:01,10,11,1,平时成绩出分了，说实话就我们这届而言给分没那么恐怖，四次小测里翻车一次，亲测剩下三次考好也不会有很大的影响。但作业给分占比很大，平时作业一定要认真独立完成，有条件的话最好抄题+手绘图。就大学物理这门课而言认真做作业还是有意义的，因为期中期末考的题跟课后作业题相似指数能达到80%以上。\n\n\n\n另外那个学籍异动纯粹是瞎讲，老师把小测安排在习题课后面一节的新课纯粹是老师的个人习惯。不过老师的小测时间确实也很雷打不动，这个学期周四班比周三班进度快一节，老师的小测也一直是周四班先测的，毫无例外。\n\n\n\n线下小测三次，基本上都是PPT原题的变形或者作业题中综合性较强的那类题目，线上小测非常简单，救了本菜菜一命（）\n\n\n\n另外老师教学水平是真的高，而且是几十年如一日的认真对待的结果。以后也想成为老师这样的人！\n\n\n\n今天复习的时候听到一个彩蛋，老师的认真可见一斑：“关于这块内容，我记得有个同学，好多年前，大概十五年前吧，跟我说电路原理那门课里有个点很难记。我就跟他说你这样记嘛balabala”
168873,1467,谢小平,2023-02-23 06:22:33,4,5,1,好老师！讲课超级棒！问问题会认真回答！
169686,1467,谢小平,2023-02-27 11:28:58,25,25,0,给分过于求是，成绩没达到预期，但依然不影响我给老师10分
170325,1467,谢小平,2023-03-03 01:42:29,11,12,1,老师讲课非常清晰，听完一轮之后复习起来也会很轻松\n\n但是我想吐槽的点是在小测：作弊情况实在有些过于严重...平时作业也会有比较严格的打分。（个人感觉去年在上wcj老师的课的时候就完全不会有这种问题出现，无论是作业还是小测都非常公平公正）
172962,1467,谢小平,2023-05-10 11:40:00,24,25,1,不是老师班上的学生，但一直在看谢老师的智云，讲课很清晰，谢谢您，我素未谋面的老师
175676,1467,谢小平,2023-06-26 07:22:19,15,15,0,想给20分，10分谢小平老师还有他的ppt，10分给他的助教tlz小哥哥，太爱这个组合啦！！！
181597,1467,谢小平,2023-10-24 02:49:28,-22,13,35,讨厌小测 讨厌求是 讨厌奇怪刁钻的给分标准\n\n有没有一种可能小测检验的并不是知识的掌握程度 而是你到底在纸上写了多少计算公式
181733,1467,谢小平,2023-10-30 08:45:38,6,8,2,很好的老师，对吧
186263,1467,谢小平,2024-01-10 07:50:54,12,14,2,后天考大物了，怕被成绩影响心情先来给老师打个10分，这真的是我上大学以来遇到过的最好最好的老师，平时很温柔，讲课很细致，准备特别充分，是我见过唯一每次早八的课都会在七点半到教室的老师。老师从水平、关心同学、教学态度的每个态度我认为都值得10分，甚至10分也不能概括老师的好，这真的是我很喜欢很喜欢的一位老师，说老师求是的有没有可能这就是大物教学组统一的标准。\n\n最后，还是很对不起老师的，没有认真学。。\n\n真的可以无脑选谢小平老师！！
187649,1467,谢小平,2024-01-17 03:26:49,0,7,7,关心学生，逻辑清晰，卷面最少50分让我小测仅仅及格也能有个80的好成绩，一方面有签到的作用，一方面让人有自信，不多说了，我爱你小平，这么好的老师什么时候上10啊！！！
187713,1467,谢小平,2024-01-17 08:05:52,2,3,1,谢老师是位负责的好老师，这学期听他上课我也还算认真，也收获了较为不错的绩点。“同学们你们所获得的成绩，记住不是老师给的，而是你们自己的努力所应得的”
191907,1467,谢小平,2024-05-04 14:10:54,0,2,2,谢小平老师超级好！大雾二比大雾一进步了十几分！！
192744,1467,谢小平,2024-05-30 03:51:20,-5,3,8,废话不多说，无脑选就行
193108,1467,谢小平,2024-06-03 14:55:56,3,7,4,天天点名，上课还死快，小测还特别难，给分还求是，不建议选
193217,1467,谢小平,2024-06-04 13:31:58,12,14,2,真不建议选，对物理基础要求很高，大物I考不到90分大物II很难跟上，反正最后被绩杀了
193219,1467,谢小平,2024-06-04 14:13:16,1,2,1,课程质量无敌，答疑解惑耐心，还非常为学生考虑，想给恩师12分！
193520,1467,谢小平,2024-06-12 08:09:27,1,1,0,真的很好的老师，点名有些随机倒是真的。不过上课备课答疑都很认真，讲的很详细，就是喜欢这种上课单纯认认真真讲课的老师，别的老师总喜欢扯话题...给分能捞的都捞了，不过严格都是按比例赋分这个确实没办法。考的菜只能说我自己菜。
193694,1467,谢小平,2024-06-15 12:27:30,0,1,1,废话少说，无脑选
194235,1467,谢小平,2024-06-22 23:14:06,-5,10,15,我真不知道这老师为什么分这么高\n\n讲课确实还可以\n\n但是每次小测都不提前通知，要人每周都复习我就不知道他凭什么觉得学生应该最重视他的课\n\n而且真的完全没有人情味，我有两场作业当时提交出了问题，及时跟助教沟通好了结果助教好像根本没有改。当时自己确实有点蠢，以为助教改不了学在浙大的分，是在名单里加的，看到学在浙大分没变也没太在意，结果平时分发出来还是有两个零分，跟谢小平怎么求他都不肯改，跟他说了拿到Excel里排名很方便的他又说什么对别的同学不公平，我问他我没有要拿一分自己不该拿的哪里不公平了他没话讲了又开始说自己强调过了……当时真的什么方法都试过了，求了他半个小时，只要他觉得没有理由不给我把分加回来了就开始重复说最后一节课强调过了。。\n\n总之虽然不知道别的老师怎么样，但是就只是因为教学水平给他这么高分真不至于……在谢小平的班平时分被小测卡的死死的，随便换个小测通知的老师岂不是轻松很多？
194536,1467,谢小平,2024-06-24 09:19:56,1,1,0,谢老师上课讲的很好，通俗易懂，课后解答问题也很耐心及时，非常推荐。至于前面有几位同学说的小测不提前通知，我的建议是去看看前一年的智云，小测时间都是固定的，很好推算的。每次习题课上完，下节课必定小测（除了第五章是和第六章一起的）。
195141,1467,谢小平,2024-06-27 02:47:46,0,5,5,老师给我99，我却只能给他10分
195160,1467,谢小平,2024-06-27 03:46:47,0,0,0,我永远爱谢小平
195167,1467,谢小平,2024-06-27 03:57:51,2,2,0,认真讲课，老教师风范。
195496,1467,谢小平,2024-06-28 11:20:50,4,4,0,平时分严格正态，小测和期中考过程批得非常严格（答案对的12分只给一半），总评很容易比期末考试分低
195619,1467,谢小平,2024-06-29 04:57:33,0,0,0,感谢谢小平老师
196096,1467,谢小平,2024-07-01 14:22:47,-9,8,17,答辩。想取得不是很差的成绩的人别选，折磨死人了，给分极差，还很死板
196511,1467,谢小平,2024-07-04 01:28:20,2,2,0,要认真学，会有收获的。小测楼下的讲得非常清楚。可惜时间问题，不能选xxp了
197001,1467,谢小平,2024-07-06 12:56:54,-4,4,8,给分很求是，真的不推荐选
199234,1467,谢小平,2024-09-19 15:03:33,5,5,0,浙大好老师有很多，谢小平是非常好的那种。听他讲课会上瘾，戒不掉。。。不说了我要去看智云了
201455,1467,谢小平,2024-11-03 08:28:18,4,6,2,今天又跟同学聊到了xxp\n\n虽然上他的大雾1只有91，ldh的大雾2有99\n\n但我还是想说，xxp是大雾的唯一真神\n\n我从未见过上课条理如此清晰的老师，\n\n如果别的班的学生想自学，建议搞一份xxp的ppt看，也可以智云启动，\n\n给分确实求是，我大雾1就是吃了平时分的亏，所以如果对绩点有要求的，可以选个给分好的老师然后靠xxp的ppt自学
205480,1467,谢小平,2024-12-07 12:17:42,4,4,0,感觉不如lcm，但是xxp讲的好是没说的
205968,1467,谢小平,2024-12-13 02:18:46,3,4,1,课程质量没得说，但如果想追求高分，最好选一个给分好的老师，再看xxp的智云，我就是平时分没有注意然后寄了。
206141,1467,谢小平,2024-12-13 06:11:28,-7,5,12,给选课的同学一点建议，别选xxp，浙大还是有很多好老师的
207934,1467,谢小平,2024-12-25 03:57:38,1,1,0,谢老师再见👋
207952,1467,谢小平,2024-12-25 04:30:38,1,1,0,谢老师yyds 很难过以后不会再上他的课了
211117,1467,谢小平,2025-01-12 01:52:10,2,2,0,好老师10分
211120,1467,谢小平,2025-01-11 00:51:46,1,1,0,谢小平我太爱你了
211154,1467,谢小平,2025-01-11 02:24:19,0,1,1,大物一lcm，大物二xxp；横向比较一下两个大物10分老师：\n\nxxp讲课更好，逻辑更清晰，课件质量更高（当然lcm也很不错）\n\n平时分的话个人感觉xxp更合理；从我们这一届谢老师开始改革，加大小测的题量和难度，并且和历年小测题重合很少，quote “让学得好的同学也写不完，就没功夫给别人抄了“；最后期末平时分裸分很少有上38分的。\n\nlcm的话基本都是往年小测题……花点时间翻智云就能找到，导致前几名全是4次小测满分的，这样反而不太合理。\n\n最后，两位老师班课友实力都比较强；两个老师对学生都非常非常好\n\n感谢两位老师，感恩遇见🥹
211443,1467,谢小平,2025-01-11 12:06:05,2,2,0,毫无疑问的好老师，无话可说\n\n\n\n优点：讲课节奏舒服，例题典型，PPT知识紧凑。他的课真的对学习大物很有帮助，几次小测的题目难但是质量很高，对应对考试很有帮助。之后还上传了复习PPT，知识点很简洁清晰，这次给分也捞。\n\n\n\n一些小缺点：点名、小测不会提前通知，并且会连续点名，比如小测结束后连续3次课点名。不过谢老师一般开两个班，轮流早八，可以在朵朵上问上一个班的同学有没有点名\小测。作业是基本放给助教管理的，当然助教很好作业分基本都给满。不过有时候忘交或者没成绩什么的也只能和助教沟通，跟老师说老师不会管，助教的回复周期比较长，这段等待时间说实话蛮揪心的，你也不知道助教是忘记还是怎么了。
213588,1467,谢小平,2025-01-18 12:00:14,2,3,1,（迟到好久的评价）\n\n小平YYDS！复习了一周的大物也是没白复习，取得了满意的结果！\n\n说真的，要是每门课都有XXP级别的课件和课堂质量，我觉得我能学会一切（
213730,1467,谢小平,2025-01-19 10:19:12,-11,1,12,xxp大物3.6，平时分被扣很多，后来lcm大物4.8
220544,1467,谢小平,2025-06-18 12:32:13,6,6,0,进入浙大以来，讲课ppt做的最顺眼，讲课逻辑最好的老师没有之一。建议明年xxp老师退休后将其ppt规范统一为所有大物课统一ppt，作为大物甲课程，ppt注重逻辑思维和题量训练，很多例题有一定难度却又启发我们思考，让我们在考试中不是一味地背题型和做法。平时分按照大物中心要求赋分，班级90%人数均匀分布在40-28之间（平时分40），小测还是很有难度的，25min3道大题，就是为了区分开大家好赋分，确保大家最后都是赋正分。不过这是xxp老师最后一次教大学物理甲I了，秋冬教完大物甲II就退休了，以后学大物的小伙伴一定要记得去98找xxp老师的完整ppt哦，也许明年之后，不会有新同学在记住您的名字了，但我的心中一定会记住。——2025年6月18日xxp老师最后一届大物甲I B班学生\n\n补充：把给分求是当做一个老师的缺点打低分的同学，不知道你可记得浙大校训，你可记得大部分的我们是通过最求是的高考进入到浙大的，按规矩赋分，给分求是被认作是低分项的话，希望你以后遇到的任何事情都不公平，都有黑幕，你就是那个被做局之人。
221079,1467,谢小平,2025-06-21 07:41:01,1,1,0,好老师，教学水平在线，人也很好，就是小测和平时分有点南坪，不过还是支持小平老师
222005,1467,谢小平,2025-06-28 14:42:30,1,1,0,虽然低分飘过不耽误给xxp打10分，老师的讲课逻辑和ppt思路都很清晰，将永远支持这样认真对待教学的老师（ps：如果想摸鱼不要选xxp老师的课）
3204,1479,邱东江,2015-05-21 00:26:06,-1,16,17,上课枯燥  还每次点名
5522,1479,邱东江,2015-07-08 04:43:31,2,20,18,超无聊的老师
6748,1479,邱东江,2015-07-20 19:49:20,0,4,4,差不多
6765,1479,邱东江,2015-07-22 12:40:42,12,28,16,上课点名，有时候是请你起来回答问题。好像对农学的学生有点偏见，最后给分不太好。
7219,1479,邱东江,2015-09-11 06:07:59,7,19,12,对提前批的学生有偏见，每次课都爱点名，上课超级无聊。
12390,1479,邱东江,2015-12-23 07:25:03,0,5,5,歧视什么啊
12391,1479,邱东江,2015-12-23 07:25:56,-5,1,6,偏见什么
13967,1479,邱东江,2016-01-03 06:45:47,-1,7,8,分好低
22454,1479,邱东江,2016-03-06 07:55:24,97,131,34,明明老师很帅，讲的也很认真，很清楚，不懂为什么都要黑他呢？就因为最后绩点不高然后来这里给老师评低分，发泄情绪吗？反正我觉得老师很棒。
23857,1479,邱东江,2016-04-19 01:35:02,29,43,14,我并不是针对任何人，只想说自己学不好还来诋毁老师的都是腊鸡
24860,1479,邱东江,2016-05-04 05:33:08,-1,4,5,无聊啊！
27041,1479,邱东江,2016-06-22 11:12:36,5,12,7,对整个大类的学生充满恶意就真不是我们诋毁它了，作为老师对学生充满偏见真是……
28686,1479,邱东江,2016-06-28 12:21:43,0,8,8,趁着大雾分数没出之前来评价qwq 其实我觉得老师人还是挺好的 偏见什么的因为分没出来并不知道qwq\n\n平时上的时候 还是挺喜欢这个老师哒 虽然看人少就要点名什么的 然后我们这一次特别喜欢叫少数民族的同学站起来回答问题 唔怎么说呢 从小到大遇到的物理老师似乎都是这样 \n\n所以觉得 就上课而言还是可以的！
29005,1479,邱东江,2016-06-29 06:07:09,-4,5,9,烂爆了
29626,1479,邱东江,2016-06-30 05:31:30,0,6,6,老师很正直，平常会点名，没有期中考试，但有三次小测试，有两次在期末复习的时候，平时作业分也有，交作业。
29644,1479,邱东江,2016-06-30 06:05:05,-1,11,12,太喜欢点名了，
29733,1479,邱东江,2016-06-30 09:06:33,-25,8,33,点名，然后前面说这老师不坑的，大类第一4.5+均绩的栽在他手里了，70多分（微笑）。
29745,1479,邱东江,2016-06-30 09:19:56,-2,4,6,长的倒是蛮帅但是上课真心无聊QAQ分分钟睡过去好吗！但是给分还不错啊至少我觉得我的努力和收获成正比了(ㅍ_ㅍ)大概这老师给分是个迷吧
29751,1479,邱东江,2016-06-30 09:32:35,0,5,5,老师讲的很慢也很有条理，就是有时候声音柔和的让人想睡觉。不过，最后给分不知道怎么说。应该算正常吧
29846,1479,邱东江,2016-06-30 11:41:51,-3,5,8,上课一般般吧，不过我挺满意最后的成绩
34282,1479,邱东江,2017-01-16 01:01:08,0,4,4,讲的很仔细认真，肯定是备过课的。很棒的老师。只是我学的蛮烂的。\n\n
34783,1479,邱东江,2016-10-22 06:44:17,-3,7,10,点名方式真恶心\n\n
36215,1479,邱东江,2016-11-11 06:00:51,0,1,1,实验方面，貌似最高分就是93了，其他老师可以给到95+的
38406,1479,邱东江,2016-12-02 16:13:30,-1,3,4,大物实验给分不错。虽然90+的不是特别多，但是基本都是88左右吧
38650,1479,邱东江,2016-12-13 10:29:21,-1,3,4,出分慢死了\n\n
39765,1479,邱东江,2016-12-27 11:22:54,-10,10,20,第一名的评论是这个傻逼蛇皮老师请人刷的吧
40035,1479,邱东江,2016-12-29 01:58:07,-4,1,5,不好\n\n
43061,1479,邱东江,2017-01-15 15:37:11,3,6,3,老师很负责，讲的很细，很好的。
44140,1479,邱东江,2017-01-17 10:22:51,5,9,4,其实还不赖吧，蛮用心讲的，要是知道这么多人不来上课，我肯定是不会有这样好脾气的\n\n
47307,1479,邱东江,2017-01-25 07:21:45,0,4,4,ppt不错，爱点名。
48296,1479,邱东江,2017-03-02 03:01:33,5,9,4,很有趣幽默，讲得好好，好喜欢，耶
50564,1479,邱东江,2017-05-03 13:24:49,-2,6,8,不尊重学生隐私，居然把期中成绩名单全挂出来
52214,1479,邱东江,2017-06-16 03:12:01,38,45,7,老师很负责。爱听学生意见，评论里那几个自己不好好学，就怪老师的傻逼。大家无视就好。
52565,1479,邱东江,2017-06-21 06:25:57,16,20,4,好像他挺看重医学生的，讲得不错
54611,1479,邱东江,2017-06-30 02:12:27,2,3,1,讲的很好啊，点名频率还是很高的，不过稍微态度认真点最后成绩不会差的
54677,1479,邱东江,2017-06-30 04:04:11,1,1,0,老师人很好，蛮喜欢医学生的。平时时不时会点名，有几次小测，给分还可以吧，大物主要还是靠自己的。
54827,1479,邱东江,2017-06-30 09:15:18,-2,0,2,大物丙 讲得挺好的就是我一直犯困 然后最后我虽然没怎么复习考得也确实不好 但是？给分好低 直接拉低我快0.8的均绩。。。。
54870,1479,邱东江,2017-06-30 10:56:00,1,1,0,老师很认真，很尽责，挺好的
55153,1479,邱东江,2017-07-01 02:10:54,1,1,0,老师挺好的啊为什么黑？
55478,1479,邱东江,2017-07-01 14:57:21,15,15,0,大物丙老师讲的真的挺好的，很负责，给分公正。上课可能会觉得无聊因为大家觉得太简单...？然而掉以轻心真的到了考试还是做不出来的。这种大课关键还是要靠自己努力。会不定期点名和小测，最好能每节课都来。
55522,1479,邱东江,2017-07-01 22:55:46,-7,2,9,给分巨低。讲课讲的超级无聊。而且基本上讲两句一个喷嚏或者咽口水让人听着很不舒服。
57606,1479,邱东江,2017-07-10 13:12:11,4,4,0,讲课觉得还行，还算清楚，有小测，爱点名（所以建议每节课都要去，你不听也好歹过去上课啊，反正他又不管你有没有在听课，大物丙的小测他只是用来签到的，完全没有记录对错）。平时分会根据期末成绩来稍微调一下的，反正给我刚好调满了。再加一句:对医学生挺看重的。
59758,1479,邱东江,2017-09-27 00:19:10,-5,1,6,不喜欢，口音重，作业小测多
59860,1479,邱东江,2017-09-28 00:28:51,2,2,0,老师讲大物丙讲得挺好的，比较系统，也听得懂，而且会强调容易错的地方，不知道分数为什么这么低。
59956,1479,邱东江,2017-09-29 02:41:22,7,7,0,老师还好哦，讲课算是清晰吧，就是第二排那个小伙子，大家下课了想休息一下，你能不能不那么大声装逼，谢谢哦
60034,1479,邱东江,2018-04-12 21:25:12,27,33,6,最开始看评分低，但是不选也不行啊，然后上课也不怎么听，小测也就50多分，物理竞赛也没去，但是平时分还是给我满了！就冲这点我给你满分！
63833,1479,邱东江,2017-12-16 13:51:18,14,14,0,大雾甲老师从来不点名哇，有一天天气超冷还下雨很多同学都没来老师也没有生气。考前还会发自己整理的复习pdf，上课讲得会偏难，尤其是例题，没有预习过会感觉很难。光学讲得真的一级好！
66180,1479,邱东江,2018-01-12 14:09:32,1,1,0,老师感觉人很好，很耐心很温和
67191,1479,邱东江,2018-01-25 10:27:56,-1,4,5,大雾甲2均绩比其他老师低0.5，自行体会吧……人还不错
69895,1479,邱东江,2018-01-25 15:33:39,1,1,0,还行吧
69903,1479,邱东江,2018-01-27 08:58:51,-3,3,6,给分差
69968,1479,邱东江,2018-01-26 00:57:08,19,19,0,老师讲课挺不错的，人也蛮帅，虽然我不太听课23333。给分的话哪有什么好坏之分，期中期末都是靠自己，老师能调的20平时分主要也是自己争取来的，说老师给分不好的不去反思一下自己的原因吗？？
70095,1479,邱东江,2018-01-26 05:49:20,4,4,0,认真学最后成绩都不错的。那些黑老师的你确定自己平时有认真学？期中期末考试都考的很好？自己不努力怪老师给分差咯？
70758,1479,邱东江,2018-01-27 13:23:15,6,6,0,老师人很好，上课不点名，小测也会提前说，而且期末还精心准备了总复习ppt，重点把握得很好，如果跟着老师认真学绝对没问题。
70763,1479,邱东江,2018-01-27 13:26:27,6,6,0,讲得很认真的老师啊 而且根本不点名 小测也会提前告诉你什么时间 不知道为什么有的评论戾气那么重
70764,1479,邱东江,2018-01-27 13:27:26,6,6,0,好好好，刚开始看老师评分低，担心坑，但讲的可以，课件也挺好的！
70789,1479,邱东江,2018-01-27 13:52:56,0,1,1,讲得还好
70792,1479,邱东江,2018-01-27 13:55:00,6,6,0,感谢老师 也感谢自己！认真努力的话不会差！
70833,1479,邱东江,2018-01-27 15:01:49,11,12,1,人好事少，毕竟大物主要靠自己努力，老师能给的分数基本都给了！反正我觉得老师挺好挺敬业的，最后因为大物实验阅卷和大物答疑冲突了，还在公邮里专门放了个word说明致歉，看到的那一刻感觉蛮感动的！
71309,1479,邱东江,2018-01-28 09:22:02,0,0,0,唉凉了
71344,1479,邱东江,2018-01-28 10:27:19,26,27,1,邱老师讲课真的不错，考前刷他的PPT考试基本都没有问题，大雾给分不由老师吧，你考多少算多，他把能做的只是把平时分给满，仁至义尽
71582,1479,邱东江,2018-01-28 15:48:11,0,1,1,...
71863,1479,邱东江,2018-01-29 04:49:26,20,20,0,老师其实蛮不错的，不要被评分骗了
80086,1479,邱东江,2018-06-20 01:27:26,10,10,0,超级负责，PPT也很清晰，问他问题总能给你讲清楚，很耐心
80842,1479,邱东江,2018-07-02 03:47:39,9,9,0,超级好老师，讲课好，PPT好，性格好
83107,1479,邱东江,2018-07-09 16:48:32,12,12,0,感谢老师顾念了师生情给我及格，谢谢
83110,1479,邱东江,2018-07-09 16:54:35,4,4,0,看评论说啥的都有，客观一点，大雾丙学得好不好跟老师没啥关系，我自己也没有去下功夫...唉，分低也正常
83111,1479,邱东江,2018-07-09 16:55:31,4,5,1,老师真的超级好，大家放心选，就连我这种菜鸡都能上4.5，给分真的好，上课认真学肯定是没问题的。
83112,1479,邱东江,2018-07-09 17:00:42,9,10,1,真的没有见过这么佛的老师！作业两次没交 小测两次一次40 一次60 但是还是给了很好的分数 真的谢谢老师！！
83114,1479,邱东江,2018-07-09 17:43:23,9,10,1,非常非常好的老师 很和善 不懂为什么有人喷 第一节课就说会给我们调档 也的确这么做了 真的非常友好了 感谢老师 本人自己考的不是很好 也是怪自己学的太不认真 老师真的已经很和善了 我觉得上课前排认真听 作业好好写 成绩肯定不会差的！
83132,1479,邱东江,2018-07-09 22:12:04,3,3,0,老师讲课超级好啊，人也很耐心，给分也不错，平时分基本都会给满的，剩下的本来就是靠自己。
83139,1479,邱东江,2018-07-09 22:57:32,1,2,1,讲的还是很好，PPT做的很认真，平时分基本是会给满的，考前刷一刷PPT的例题和历年卷还是可以满的
83157,1479,邱东江,2018-07-10 00:32:12,1,2,1,老师太好了
83208,1479,邱东江,2018-07-10 02:30:38,17,18,1,因为期末前没认真学，第一次小测只有50，然而老师还是把平时分调满了？？最后总评给了100......要不要这么好
83227,1479,邱东江,2018-07-10 03:00:53,1,2,1,大雾丙给分挺好的
83709,1479,邱东江,2018-07-11 04:58:59,4,5,1,老师真的帅啊 从第一节课开始舔颜嘻嘻\n\n给分也很好啊 第一次小测才50 大概期末考的不错老师给我拖满了 尤其是收获了很多卡绩之后看到大物成绩 真的超级感谢了\n\n上课有时候例题会讲的比较快  丙嘛上课好好学自己看看书理思考一下期末刷几套卷子我觉得还是蛮好理解的
84155,1479,邱东江,2018-07-12 06:59:59,1,4,3,老师真的萌帅萌帅的 给分又好 不卡绩 打call!\n\n
85551,1479,邱东江,2018-07-19 08:27:28,0,2,2,感觉还不错
87374,1479,邱东江,2018-09-28 00:37:55,-3,2,5,电容器那章讲 的是什么鬼？？自言自语感觉。没有重点，很困，自学
88203,1479,邱东江,2018-10-24 03:22:32,-5,3,8,自言自语，连与下面同学的眼神互动都没有，没重点无语调起伏——讲这么快下面根本没人听课了
91151,1479,邱东江,2018-12-02 03:45:13,-9,2,11,是我太差了吗，根本听不懂他想表达什么，讲课跟飞一样又毫无重点，感觉像在自言自语。不论老师给分如何，讲课首先要好吧？
92329,1479,邱东江,2018-12-28 01:09:07,-12,3,15,考前21天：讲课真的不怎么样，有点自己讲自己的感觉。但ppt很棒，平时基本靠ppt学的。但很多东西光靠自学可能真的学不到。不推荐
100360,1479,邱东江,2019-01-26 03:46:02,0,1,1,老师很好，挂科怪自己，老师对不起
100455,1479,邱东江,2019-01-26 06:57:02,2,2,0,这种课主要靠自己吧，自己不努力，老师也没办法的，不过老师讲课挺棒的??
100459,1479,邱东江,2019-01-26 07:02:14,2,2,0,好老师，大物主要看个人努力毕竟，我学的很差但是老师最后还是让我过了，感谢老师
100749,1479,邱东江,2019-01-26 16:51:02,3,3,0,邱老师真的很nice，每堂课都把上堂课的要点整理出来 能抓到重点。PPT也都有下载的地方。期中期末也都有专门的复习PPT。期中期末前有两次小测，也都不难。期末成绩平时分直接给满，浓浓师生情。这种大课最后考的怎么样其实还是靠自己。老师真的非常nice了！
100764,1479,邱东江,2019-01-26 22:42:09,2,2,0,老师人超好！上课认真，ppt上有很多例题，对同学很温和也很替同学着想，小测会提前说，小测虽然没满但平时分也会调满帮忙提一档，平时会以简单提问的方式点名，看得出是认真教学很负责的老师～
104824,1479,邱东江,2019-03-28 09:59:07,-7,1,8,emmm\n\n问问题不回复，不想说啥（
111026,1479,邱东江,2019-06-29 08:28:55,5,5,0,老师讲得清楚，人又好又帅，只是我太菜。谢谢老师！
111046,1479,邱东江,2019-06-29 10:15:04,7,7,0,舍不得离开他了！！！\n\n讲的棒人还帅还温柔\n\n要不要再去选节他的物理课…
111173,1479,邱东江,2019-06-30 08:59:43,5,5,0,考前刷夜，一点多的时候在群里问了一道题，也不指望有人回我。结果老师在凌晨四点的时候回了，把答案和图写在纸上拍照给我。老师对我们还是比较宽松的，只要考得好就行，上课也很棒！给十分！
111677,1479,邱东江,2019-07-02 13:26:31,4,4,0,老师真的很温柔很帅的！虽然平时管的比较多，然后上课讲的比较快可能跟不上。但是我这个小测拿了十分的人居然平时分给满了，估计是平时有来上课都不会太为难你的。平时也挺负责任的，真的好老师
111681,1479,邱东江,2019-07-02 13:46:14,5,5,0,老师nice！好好听课好好学！！分不会低的！
111685,1479,邱东江,2019-07-02 14:05:40,6,6,0,好老师，我爱了
111703,1479,邱东江,2019-07-02 14:55:37,4,5,1,老师太好了！！！
111705,1479,邱东江,2019-07-02 15:05:26,4,4,0,老师给所有人平时分应该是满的！超好，会给你提档，而且讲课细心，ppt质量很高，好老师！
111707,1479,邱东江,2019-07-02 15:15:27,4,4,0,讲的很细心\n\n答疑的时候也很和善\n\n本来被别的老师说来的人太少建议每次小测来签到  但老师只是说了说并没有次次小测\n\n最后为了凑次数的小测也真的很简单而且只有一两道题目\n\n讲的真的很细致认真听肯定不会挂\n\n
112027,1479,邱东江,2019-07-03 08:27:19,4,4,0,非常好。没有老师平时分给满，我绝对挂。然而我平时小测很多都没写出来……\n\n\n\n老师会捞人，上课很耐心。\n\n选他！！！！！！！！！！！！！！
112080,1479,邱东江,2019-07-03 12:19:10,4,5,1,老师人巨好！平时偶尔小测，但是不管怎么样，最后平时分都是給满的！大爱邱老师！！！
112464,1479,邱东江,2019-07-04 09:20:28,7,7,0,超级温柔超级帅的老师！！！我觉得像香港明星哇！！就是周润发那种！（但是同学说不像hhh）有一次下课去问老师一道简单的作业题，老师很耐心！在黑板上画图教我，考前答疑也很认真！！！选邱老师！！
119022,1479,邱东江,2019-11-09 15:21:17,2,2,0,邱老师真的人又帅又超好啊啊啊啊！！！非常贴心为我们着想，问问题都回答得超细心。对学生超好呜呜呜。虽然还没结课但我忍不住来评价了！我爱邱老师！！！
121225,1479,邱东江,2019-12-27 01:42:01,0,0,0,666
122921,1479,邱东江,2020-04-21 02:35:33,2,2,0,老师很和蔼，人很好没有架子，讲的丙也很认真，很高兴选上他的课。
123383,1479,邱东江,2020-06-08 02:02:23,5,5,0,吹爆啊！真的是少有的群里回复学生最积极的老师，而且还为学生着想www，虽然不知道自己最后能考多少，但先给老师满分！（还上过物理系其他老师的课，发现真的普遍和蔼！）
123384,1479,邱东江,2020-06-08 02:04:31,0,1,1,老师真的是我见过的最负责，最用心的老师，他还是会点名，可是在成绩上，作业上，都会为学生着想，为了让我们取得更好的成绩，把原先的成绩比重改变了，使每一名学生都能取得满意的成绩，作业量也不大，点名会略微宽容，真的是神仙老师了
124552,1479,邱东江,2020-07-03 00:41:08,0,0,0,老师挺好的，很耐心，很温柔
125133,1479,邱东江,2020-09-01 16:03:12,2,3,1,超级好的老师！！！讲题仔细，PPT认真，补充也很到位。最重要的是问的问题都能得到耐心的解答！虽然没出分以及由于平时没好好学，平时分不太好，但是老师真的是超级负责。基础不好的同学太合适了。
127699,1479,邱东江,2020-11-26 01:25:06,3,3,0,男神不解释
131463,1479,邱东江,2021-01-27 14:52:38,0,0,0,邱老师的课认真听的话肯定是有收获的，平时小测有一些多，但大部分题目很简单。期中和期末考试很重要，考好了会加平时分，总之很感谢老师。(物理竞赛也可以去试试，反正不亏)
131479,1479,邱东江,2021-01-27 15:50:40,2,2,0,师生情满满，泪目了好吧。
136274,1479,邱东江,2021-06-15 03:15:31,5,5,0,老师讲课很温柔，很耐心....但是这个上课节奏前半学期很慢，后半学期超级快，声音太柔让人有点犯困emmm
136959,1479,邱东江,2021-06-29 02:25:34,1,1,0,很耐心
138163,1479,邱东江,2021-07-07 16:20:53,4,4,0,江江，我男神！！！\n\n老师人很温柔，PPT也很好，给分也巨好！
138167,1479,邱东江,2021-07-07 16:33:07,1,1,0,从教学方面来讲，老师的课条理很清晰，PPT制作也十分用心，对于没有选考物理的同学来说非常友好。同时，老师给分也不错，在物理平时分正太的大环境下，依旧感觉到老师有在很努力地把人捞上一个档次\n\n至于有同学反应前面讲得太慢，后面太快这个问题其实有很大原因是前面学过所以觉得讲得慢，加上后面电磁学和量子力学不如前面的运动学在生活上更直观，所以觉得有速度差异。但是在估计在老师眼里，这些都是1+1=2，所以就按照一个速度讲了😂\n\n老师人帅细心又温柔，选他血赚不亏！\n\n但是大物这方面不推荐考前补天（物理竞赛的当我没说），跟着老师认认真真地走，拿到的分应该是不会差的
138175,1479,邱东江,2021-07-07 17:23:10,0,0,0,非常好的老师，最后的串讲非常好
138346,1479,邱东江,2021-07-08 14:42:06,0,1,1,给9分，上课很温和，但是也因此和学生存在距离感。没麻烦事，老实写作业小测就行，丙的话期末背他的pdf，背烂了就能过。历年卷复用率很高，做了能满。
138728,1479,邱东江,2021-07-10 14:08:20,-25,4,29,小测次次不及格喜提5.0，老师给分太好了好吧
140649,1479,邱东江,2021-09-15 00:03:28,2,2,0,有没有人觉得老师像梁朝伟！！！
141121,1479,邱东江,2021-09-24 02:54:19,0,3,3,勉勉强强吧，上课真的挺无聊的，知识讲得不透彻，不如自学
143921,1479,邱东江,2021-12-13 03:46:09,0,1,1,不点名，可听可水，呜呜
146128,1479,邱东江,2022-01-05 14:13:38,-2,2,4,实验报告乱给分
147413,1479,邱东江,2022-01-10 02:56:41,0,2,2,邱老师好帅，平时小测很烂但是老师平时分给满了！好帅呜呜呜
147425,1479,邱东江,2022-01-10 03:13:50,2,3,1,没什么别的可说的了，只能说感恩戴德。海底捞太强了
148033,1479,邱东江,2022-01-11 11:15:09,-3,2,5,邱东江！捞人的神！期中30-都被捞上来了
157447,1479,邱东江,2022-06-23 09:10:47,5,5,0,qdj我的神！！！我真的好喜欢他！！！上课清晰ppt也清楚 复习就看ppt就好 呜呜呜他真的好好！！强烈安利
160376,1479,邱东江,2022-09-21 01:00:57,0,1,1,上课非常清晰，老师也和蔼可亲。还没出分，先评一下
161237,1479,邱东江,2022-11-01 16:10:00,0,1,1,好老师！！！
161254,1479,邱东江,2022-11-02 08:33:42,-9,7,16,小测题放错了，放了上个班的，结果提前做的人一堆满分，这大概算教学事故吧...
163652,1479,邱东江,2022-12-16 02:01:10,4,4,0,会根据期末调小测分，对期末发挥不理想的人来说很吃亏，因为会把期末考考的好的人的平时分调很高，期末较差的平时分调低。说是赋分什么的，但貌似参考期末考的比重更大，不喜欢这一点。
168833,1479,邱东江,2023-02-22 14:24:04,-18,2,20,好老师，平时分很容易拉满，期末也海底捞
168834,1479,邱东江,2023-02-22 16:43:22,10,11,1,今年一点也不捞😭本来平时分再捞一捞我就及格了，都是我的错😭老师教的确实挺好的
170252,1479,邱东江,2023-03-02 08:18:52,3,4,1,老师人是好的，私信问问题都会回，但是平时分给太严了，期末考90+都因为平时分给太低，绩点连4都没上...难过TT
170770,1479,邱东江,2023-03-09 09:17:03,1,2,1,好好好
170900,1479,邱东江,2023-03-11 15:22:50,0,2,2,呜呜呜大物竞赛拿了一等奖，但我的平时分回不来了(┯_┯)
171264,1479,邱东江,2023-03-20 07:29:32,3,3,0,老师很求是
172234,1479,邱东江,2023-04-23 07:06:41,-2,0,2,选了很多邱老师的实验，在物理实验的老师里面应该是给分最好的了。老师很和蔼，解答问题的时候也很有耐心
173402,1479,邱东江,2023-05-23 07:24:28,0,1,1,实验给分不错
178037,1479,邱东江,2023-07-06 10:38:15,-1,0,1,上的普物实验，温文儒雅，对我们特别好，有一次实验我们拿错仪器了他甚至会觉得是自己没给我们讲清楚，十分感动。
183784,1479,邱东江,2023-11-30 06:22:45,0,2,2,两次qdj的大物实验 全是我所有实验里的最高分 满昏
187683,1479,邱东江,2024-01-17 06:34:22,0,0,0,老师挺佛系的，点名十次只要到八次就把点名分拉满，小测也是四次取三次最高分，最重要的是每次小测都会提前说，不过大物这课主要还是靠自己，平时分最后还是要按排名赋分的，老师看着很慈祥，和他交流也很轻松，是个好老师，十分献上。
188090,1479,邱东江,2024-01-18 07:34:41,0,1,1,老师挺好的
189920,1479,邱东江,2024-02-02 10:45:10,0,2,2,物理实验给分非常好，人也很耐心！
192301,1479,邱东江,2024-05-14 10:05:15,-5,3,8,评分高是大物理论课的，别被误导了，大物实验给分不怎么好，选了3个实验88，90，91，是目前所有实验最低的三次，慎选
198744,1479,邱东江,2024-09-11 08:22:56,0,0,0,普物实验给分挺好的，老师也很耐心
199257,1479,邱东江,2024-09-20 04:56:56,1,1,0,反对下面说大物实验给分不好的\n\n老师自己说过，只要该算的都算到了，有效位数也都对的，然后正常的写报告，就是95（写得好加一点）\n\n本人和一些同学的实例证明了这一点
200737,1479,邱东江,2024-10-21 14:37:37,0,0,0,邱老师真的好帅啊好有智慧！
216839,1479,邱东江,2025-03-26 11:23:02,0,0,0,老师很耐心，也是风韵犹存....
5377,1504,曹光旱,2015-07-07 05:08:04,5,11,6,给分不高，上课无聊。
5588,1504,曹光旱,2015-07-08 13:12:27,-1,3,4,给分不好
11483,1504,曹光旱,2018-09-18 01:04:13,-52,4,56,没上过，评个分玩
12529,1504,曹光旱,2015-12-23 12:08:58,8,27,19,不相信他讲的像屎一样的同学可以选选试试看。
21525,1504,曹光旱,2016-02-29 06:05:19,-6,5,11,讲得好 给分高
21658,1504,曹光旱,2016-02-29 12:37:53,0,7,7,果然上的跟屎一样，和张某敏老师有的一拼\n\nツ
22163,1504,曹光旱,2016-03-03 00:17:20,3,5,2,太无聊
22164,1504,曹光旱,2016-03-03 00:36:03,-7,0,7,长得太帅以至于我听不懂他在讲什么...
22303,1504,曹光旱,2016-03-17 00:52:17,8,13,5,曹老师其实本身知识挺丰富的，就是讲的时候表达不太清楚，不特别专注的话容易听不懂。能跟上的话，就清楚而且有趣啦~
22513,1504,曹光旱,2016-03-07 06:51:11,-6,1,7,Holy shit!
23574,1504,曹光旱,2016-04-07 00:23:38,4,7,3,听或不听都是困，老师的表达能力太差啊
24021,1504,曹光旱,2016-04-25 13:33:38,-10,6,16,给分高，平时作业抄抄答案，期末记得刷题 4.8
26578,1504,曹光旱,2016-06-26 07:26:46,18,22,4,期末复习才知道 没有考试的资料简直狗带。。老师讲真贴心还萌 你们这些人啊就想看抖机灵 不抖也没必要骂吧
28080,1504,曹光旱,2016-06-28 08:04:45,9,11,2,老师萌萌哒简直可爱！\n\n为他的表达能力捏一把汗
28825,1504,曹光旱,2016-06-28 16:39:23,2,5,3,虽然平时听不大懂，但老师期末会总结理清思路！赞！
29085,1504,曹光旱,2016-06-29 18:12:50,-7,4,11,果然上的跟屎一样，给分也差，选到他真是作孽ツ
29108,1504,曹光旱,2016-06-29 08:50:16,0,3,3,会爆炸
29115,1504,曹光旱,2016-06-29 08:56:46,0,3,3,交作业点名而已，给分真的可以。
29130,1504,曹光旱,2016-06-29 09:22:11,-1,5,6,上课玩手机就行了\n\n
29140,1504,曹光旱,2016-06-29 09:37:40,-3,1,4,额，反正我听到后来都是一种想睡的感觉，不过老师给我过了，我就开心，毕竟物理渣
29144,1504,曹光旱,2016-06-29 09:44:58,-5,2,7,老师讲得不好，不如自学。不过人挺好，给分不错。
29161,1504,曹光旱,2016-06-29 10:10:29,-1,6,7,给分好低 要哭了 上课真是…… 人虽然还好 课真不怎样
29204,1504,曹光旱,2016-06-29 11:56:11,4,8,4,没怎么上过课，老师还是给我过了，谢谢老师！！！
29208,1504,曹光旱,2016-06-29 11:59:50,-2,2,4,唉......
32282,1504,曹光旱,2016-07-06 05:40:01,0,4,4,不知道为什么给分好差……
76429,1504,曹光旱,2018-04-09 05:46:32,-1,3,4,每节课都在自欺欺人 自我欺骗...
78974,1504,曹光旱,2018-05-18 07:35:42,0,5,5,上课上得非常糟糕，节奏非常奇怪，很大一部分时间都在讲一些奇奇怪怪的东西，上课的逻辑也很奇怪。千万别选！！
79543,1504,曹光旱,2018-06-08 14:37:59,0,2,2,很无聊
83478,1504,曹光旱,2018-07-10 11:19:34,-2,3,5,给分和付出不成正比，感觉自己像个傻子
83507,1504,曹光旱,2018-07-10 12:56:30,5,9,4,讲的很好，给分也不错
87140,1504,曹光旱,2018-09-21 02:15:41,-4,0,4,我选择自学
87399,1504,曹光旱,2018-09-28 04:07:08,-1,1,2,老师上课能不能重点突出一下啊！！难点重点ppt放慢点啊！！！讲例题的时候不要快闪啊！！！我不想知道为什么公式要这样化简我只想知道公式怎么用啊！！！！
91370,1504,曹光旱,2018-12-07 03:07:24,2,3,1,老师还是蛮可爱的
92101,1504,曹光旱,2018-12-26 11:18:46,8,9,1,老师人挺好的哇，认真听是可以学好的
92705,1504,曹光旱,2019-01-04 02:00:14,5,6,1,给曹老师10分！！！\n\n希望不挂科！！！！
96431,1504,曹光旱,2019-01-21 03:30:28,6,9,3,曹老师人超级好的，性格极好，平时参加竞赛加分，小测做得好加分！上课可能有时会有点吞吞吐吐，但是跟着节奏问题不大。本人很后悔没有上课认真听
98078,1504,曹光旱,2019-01-23 05:03:23,3,4,1,人很好
98093,1504,曹光旱,2019-01-23 05:14:24,-3,2,5,如果是预置这个老师，大家还是换一个吧
98541,1504,曹光旱,2019-01-23 14:38:26,0,2,2,我是作业没交还是点名没到？？平时分这么低？？
103770,1504,曹光旱,2019-03-05 07:36:22,1,1,0,略略略
123207,1504,曹光旱,2020-05-19 08:47:43,-1,0,1,给分过低
129165,1504,曹光旱,2020-12-31 01:23:31,3,3,0,棒棒哒
133447,1504,曹光旱,2021-03-01 01:48:25,9,9,0,我想让他分高一点
137456,1504,曹光旱,2021-07-04 08:41:13,11,12,1,小测开卷美滋滋 期末补天火葬场
144871,1504,曹光旱,2022-01-10 07:50:56,5,5,0,小测课后题原题，期末总评狠狠捞，这么好的老师就问还有谁，我恨我大物I没选这个老师的课
148360,1504,曹光旱,2022-01-12 08:31:52,1,1,0,老师真的很不错！
169476,1504,曹光旱,2023-02-26 10:56:04,4,5,1,神中神！小测开卷，期末海底捞，人还很和善！
171538,1504,曹光旱,2023-03-28 02:28:45,3,3,0,善良和气，忘记带作业允许线上补交
172245,1504,曹光旱,2023-04-23 15:06:24,1,1,0,现在只听了半学期，但觉得很好啊，完全符合我对大学老师的期待，本身很厉害的一个人，上课讲的我也不觉得表达的不好啊，就物理该是什么样子就讲成什么样子，也不需要多的描述，但是知识的推导，题的讲解都很不错啊。而且老师人也很好，扩展的也不少，对物理感兴趣的上他的课一定会大有所益的。
172867,1504,曹光旱,2023-05-09 03:26:05,-5,0,5,不会讲可以不讲
173606,1504,曹光旱,2023-05-30 02:48:52,1,1,0,讲的很好啊，哈哈哈哈哈哈哈，老师人也很好\n\n以及老师最喜欢喝的饮料是水溶C噢(doge)
173740,1504,曹光旱,2023-06-02 06:04:26,0,0,0,老师很有实力!
175127,1504,曹光旱,2023-06-21 16:27:24,0,0,0,去年上的大物乙，老师很和善，给分很好。\n\n个人认为讲课没有早先评论说的那么不好，可以冲
177411,1504,曹光旱,2023-07-03 07:53:37,0,0,0,海底捞 狠狠推荐 而且老师人很好
187416,1504,曹光旱,2024-01-16 04:12:32,1,1,0,爹！真的海底捞，事也少
187423,1504,曹光旱,2024-01-16 05:11:04,0,0,0,老师人非常好，很重视同学们的进步，讲课稍微有点慢但也很清楚\n\n期末会海底捞！非常推荐
187432,1504,曹光旱,2024-01-16 06:28:42,1,1,0,给分跟爹一样
187934,1504,曹光旱,2024-01-18 00:24:34,1,1,0,考试前要记得喝西柚味的水溶c！\n\n这样就可以得到老师的智慧😎😎
189080,1504,曹光旱,2024-01-21 15:25:18,0,0,0,人挺好的，学生摆烂还怪老师给分咋样
189447,1504,曹光旱,2024-01-24 09:08:37,0,0,0,我觉得老师还是很不错的，虽然我上课听不进去，但是给分很不错，小测也比其他班简单
194450,1504,曹光旱,2024-06-24 03:44:44,2,2,0,老师挺好的，小测开卷
198106,1504,曹光旱,2024-08-30 14:26:21,3,3,0,带领课题组合成新型反铁磁体，登上《自然》杂志
506,1526,万歆,2015-03-15 03:39:59,75,97,22,谁来告诉我这平均绩点是不是真的
625,1526,万歆,2015-03-15 08:19:10,28,33,5,万富帅
1197,1526,万歆,2015-08-08 09:39:37,9,10,1,讲课非常好
1591,1526,万歆,2015-03-23 00:44:37,-15,5,20,卧槽。上过的告诉我绩点真的这么坑吗？
3632,1526,万歆,2015-06-17 01:55:28,6,7,1,男神上课
3650,1526,万歆,2015-06-17 02:02:04,-11,2,13,卧槽
3657,1526,万歆,2015-06-17 02:04:32,5,8,3,虽然室友说很男神但我并没有感觉到，他就是一个严肃的逗比
3804,1526,万歆,2015-06-17 04:51:47,38,43,5,好老师！不同于很多老师应试教育下的知识填充，他更注重发现问题思考问题的方法，类似国外授课方式，能启发思考。ps真男神！每次上课都忍不住hc！讲话儒雅穿衣有品！
3967,1526,万歆,2015-06-17 11:22:27,-20,2,22,日了
3970,1526,万歆,2018-05-19 01:12:53,10,11,1,男神
4898,1526,万歆,2015-06-30 06:55:47,4,7,3,颜值爆表，男神！就是讲课有点无聊……
4951,1526,万歆,2015-07-01 11:13:32,22,28,6,是我见过最最深入浅出的老师。很重视知识广度和我们分析能力的培养而不是做题能力。喜欢难题的小伙伴可能不怎么喜欢他这种老师。普林斯顿大学毕业，很有西方的上课风范。
4966,1526,万歆,2015-07-01 15:58:52,31,34,3,宽肩细腰翘臀（ˉ﹃ˉ）
5081,1526,万歆,2015-07-03 13:18:15,17,19,2,很男神～不注重刷题 专注于物理思想和视野～能听到很多有趣的东西～
5136,1526,万歆,2015-07-04 16:23:03,2,3,1,攒人品
5142,1526,万歆,2015-07-05 02:40:20,-9,9,18,长得挺帅，就是讲得实在有点烂...
6019,1526,万歆,2015-07-10 08:46:33,-5,9,14,讲得不行，基本没必要听
6067,1526,万歆,2015-07-10 14:50:23,18,18,0,男神！！
6308,1526,万歆,2015-07-13 02:11:58,11,11,0,男神，儒雅
6345,1526,万歆,2015-07-13 13:07:04,9,9,0,好帅
6347,1526,万歆,2015-07-13 06:09:46,3,6,3,讲的一般，比较男神，题简单
6370,1526,万歆,2015-07-13 09:18:03,6,6,0,好！
6410,1526,万歆,2015-07-13 22:19:37,15,19,4,那绩点是假的，只有两个人。万男神给分很好，尽量不让挂，只要认真学就可以拿高分
6508,1526,万歆,2015-07-14 14:26:19,6,6,0,男神老师！非常棒呀
6629,1526,万歆,2015-07-16 15:25:24,4,5,1,男神男神，绩点是假的
6846,1526,万歆,2015-07-25 03:08:59,4,5,1,长得帅，给分好∠( ᐛ 」∠)＿
7826,1526,万歆,2015-09-15 14:13:23,-20,6,26,虚有其表
8648,1526,万歆,2015-09-23 13:29:51,4,4,0,男神咯
15168,1526,万歆,2016-01-12 10:46:18,4,5,1,成绩不好就是自己的错，嗯。
23046,1526,万歆,2016-03-16 12:24:56,4,7,3,人确实帅且温和，但是真的不知道在讲什么……自学吧……
23290,1526,万歆,2016-03-23 18:31:42,2,3,1,有个性吧
28525,1526,万歆,2016-06-28 09:52:49,6,9,3,认真听课做作业就肯定不会差……对付考试的话，看课件就够了，刷那些大雾的题根本和考试题不对口0 0不过老师的教学对认识物理和自己思考很有帮助，每部分的讲解方式和中文的课本也很不同。所以，还是要上课认真听。
29671,1526,万歆,2016-06-30 07:14:19,4,6,2,男神！！！绝对男神，讲课清晰注重思维，尊重个人兴趣，认真负责，既儒雅又有西方教授的风格。
29674,1526,万歆,2016-06-30 07:19:23,8,12,4,万老师讲课很有启迪性，特别注重原理。记得讲相对论的时候他给我们讲了两个故事，在两个故事下把相对论的所有东西都推了出来。认真听他的故事，肯定会有很大的收获。\n\n第一节课他会说学习物理的基本方法，按照那些方法来，认真学，认真听课，最后的结果一定不会差。
29709,1526,万歆,2016-06-30 08:13:56,3,3,0,不错呦
29776,1526,万歆,2016-06-30 10:00:56,0,5,5,注重物理思维的培养，给分很好。
29993,1526,万歆,2016-06-30 16:24:17,1,3,2,卧槽…
30267,1526,万歆,2016-07-01 07:10:07,7,7,0,万富帅，一个有原则而又善良的人
32160,1526,万歆,2016-07-06 00:14:18,-20,8,28,完全过誉。不适合教学生，看起来很儒雅，真正听懂了的有几个？不备课导致上课讲错了很多东西，只是大家都懵逼，知道的人不说而已。
48671,1526,万歆,2017-03-09 06:37:12,4,4,0,男神啊，儒雅有气质。讲的也好，很赞的老师，超级推荐。尤其是相对论讲的很棒。
48687,1526,万歆,2017-03-09 10:32:08,8,9,1,看脸就应该10分啊。不过讲真，老师课讲的好，人好但又不失原则。
48914,1526,万歆,2017-03-16 07:18:53,3,3,0,不错诶
52813,1526,万歆,2017-06-23 04:37:04,2,2,0,好老师啊
52862,1526,万歆,2017-06-23 08:14:08,5,6,1,趁我还没考来表白万歆老师，老师讲课非常有逻辑 气质优雅 ppt排版也很优雅 2333
53098,1526,万歆,2017-07-03 03:29:59,7,12,5,期末考的这么烂，最后居然 这！！！！么！！！！高！!!!!  好像在做梦啊啊啊啊啊啊啊啊
53154,1526,万歆,2017-06-26 05:15:44,4,4,0,老师教的很好，我不认真，没学好，很对不起老师
56044,1526,万歆,2017-07-03 03:33:54,3,3,0,男神！！！给分真好
56049,1526,万歆,2017-07-03 03:41:12,3,6,3,老师讲课确实听不懂，靠自学。不过老师人很好，最后是我自己考太差了……
56050,1526,万歆,2017-07-03 03:41:45,4,4,0,人特别好，有点冷幽默，给分好
56316,1526,万歆,2017-07-03 13:09:09,4,4,0,人好人帅很温和，好吧但我始终没适应他的讲课语调。，。\n\n最终自己翻车啦
56505,1526,万歆,2017-07-04 02:08:01,4,4,0,虽然普物学得很艰难，但也消磨不了我对男神的崇拜
57623,1526,万歆,2017-07-10 22:51:10,2,2,0,好老师！
58844,1526,万歆,2017-09-18 05:29:03,2,2,0,很有思想
76754,1526,万歆,2018-04-21 02:26:36,6,6,0,不会ode，pde学什么普物?
76940,1526,万歆,2018-04-26 07:24:55,6,6,0,绝对男神老师，万高富帅，穿着举止非常有气质，gentleman。而且物理思想真的好，理解领悟至上，素质教育。而且人真滴好啊，课后会耐心回答每一个问题，有时拖得挺晚我自己都不好意思。唉这男神得嘛不用说了
80629,1526,万歆,2018-06-28 13:18:59,1,2,1,不好意思真的听不懂老师在讲什么，PPT也很迷根本没法复习
81231,1526,万歆,2020-01-13 15:19:23,-98,4,102,站在台面上还行，私底下就一人渣
81635,1526,万歆,2018-07-05 15:32:11,0,1,1,上课有范，很注重知识的拓展与思维的培养，考试时不强求背公式，卷子上相关公式都有列出，主要考理解和运用。英文PPT重点难把握的话，可以结合大物教材。很赞，十分走起。
81689,1526,万歆,2018-07-07 05:08:13,26,28,2,想问楼下说老师人渣的那位，若他真的人品有问题请拿出实锤到相关部门diss，在查老师这匿名diss也没有什么用。倘若他真的有什么重大问题，我想你也不会只在查老师这里匿名骂一句。没有拿出实锤就随意中伤他人，不求是
81742,1526,万歆,2018-07-06 04:58:51,21,22,1,期中50左右 期末估计也只有50多了  跪求老师让我过 不想退院嘤嘤嘤
81816,1526,万歆,2018-07-07 06:34:30,10,10,0,期末出的什么奇奇怪怪的题目啊。。。
82273,1526,万歆,2018-07-07 15:33:45,6,6,0,跪求老师让我过
82742,1526,万歆,2018-07-09 05:04:42,1,1,0,跪求过
83246,1526,万歆,2018-07-10 03:29:48,2,3,1,上课全程懵逼，是自己没认真吧。ppt真的很迷，自学难度挺大。考试出的题目都是考理解的，分析失败.jpg。卷子后面一页的公式，可是我没记住的都不在上面(￣へ￣)
83653,1526,万歆,2018-07-11 02:38:25,13,13,0,对基础不太好的同学来说有些部分听懂比较难。但是万老师非常温柔，他会很耐心的跟学生讲题。而且教的东西更多是本质，后面真正理解的时候想起来会有种恍然大悟的感觉。\n\n万老师更看重过程，我半期没及格，期末好了很多，他给的分也很好。\n\n很感谢他。
83657,1526,万歆,2018-07-11 02:58:28,13,13,0,普物I出分了，万歆老师给分真的很好，感觉他已经非常尽力没让我总评挂了……这学期没有认真听课，感觉很对不起老师。考试考得不好是自己的问题。
83719,1526,万歆,2018-07-11 05:33:35,9,9,0,老师人不错，但ppt复习起来真的累，考试完全懵。但自己也没好好学，总的来说，还是要自觉
83800,1526,万歆,2018-07-11 08:42:05,6,6,0,建议上课之前下好ppt上课配套使用效果更佳哦～平常学习的话，要注重理解，考试的时候原始公式都会给，但是一些引出公式还是要记的哦不然会gg…
84479,1526,万歆,2018-07-13 02:53:17,13,13,0,真的超级喜欢万歆老师。感觉听他的课才是真正的学物理啊，能根据特殊情况推及普遍情况，用数据进一步分析得出结论。这才是真正的物理啊！卷子虽然很迷，但我觉得比死记公式，死记题型的物理有意思多了。
84571,1526,万歆,2018-07-13 08:06:19,8,8,0,不敢说是个好老师，但一定是个好人。
86655,1526,万歆,2018-09-18 01:08:02,0,0,0,很认真的老师，非常重视学生
104546,1526,万歆,2019-03-23 10:26:51,8,8,0,在物理知识和身材上都想达到男神的水平～
105665,1526,万歆,2019-05-04 14:33:52,2,2,0,万老师真的超好 超级帅
107129,1526,万歆,2019-05-02 00:52:26,13,13,0,老师的期中考试太难了。。。
107379,1526,万歆,2019-05-04 14:39:44,1,1,0,好！好！非常好！
108097,1526,万歆,2019-05-15 00:25:55,2,2,0,又高又帅又儒雅
108267,1526,万歆,2019-05-18 14:27:45,46,51,5,恳请浙大能够取消全英的普物，我是渡边老师班的，老师确实是好老师，但搞不懂学校为什么请说日式英语的外教，学校到底是想高效率地传递物理知识，还是让一部分英语听力牛的人和高考不考英语听力的人在这一门课上两极分化啊，普物全英教学我敢说至少有四分之一的人是全程懵逼的，真心搞不懂学校到底想要干什么，想教学生英语可以开一门“物理中的奇妙英语”啊，mdzz\n\n，但渡边老师教学很负责，人也很好，虽然对我来说这门课知识实际的传递效率有些低
109498,1526,万歆,2019-06-16 03:45:44,2,2,0,温文尔雅的男神！！！
109712,1526,万歆,2019-06-28 18:25:59,7,7,0,求男神捞捞? ?
109787,1526,万歆,2019-07-06 22:49:08,14,14,0,看到楼下物竞dl的评论，是不是wx热衷于给卡绩，他也卡了我的？
110148,1526,万歆,2019-06-24 02:27:34,4,4,0,好老师鸭！对于物理思维的培养十分注重。
110924,1526,万歆,2019-07-06 17:26:25,8,9,1,谢谢万歆爸爸！给分太感人了！！
110978,1526,万歆,2019-06-29 02:53:32,3,7,4,没出分前先来打个十分。我遇到过很多物理老师，男神wx是唯一一个我非常非常努力想成为的人，也让我就差一点打算转去物理系，男神你再多开几门课吧w君生我未生，我生君已老，想嫁不得嫁呜呜呜
111895,1526,万歆,2019-07-03 02:17:56,5,7,2,希望在数分那里丢掉的能在这里找回来……
113442,1526,万歆,2019-07-06 17:22:45,4,4,0,普物I，88/4.2。作为一个物竞生本想靠这门课提提分，但是结果可能不尽如人意(当然，这是由于某大题整个没看懂想问什么……只能怪自己菜)。下面的话写给以后选课的物竞生：万歆老师的确有真正大学老师的风范，讲课优雅，最重要的是他努力不让教育走进刷题和背题型的误区。这也就导致他的考试题型很迷……加上是英文表述就更显得迷……因此，以后的物竞党千万不要觉得很稳：万歆老师的套路和竞赛是不一样的……血的教训。
113474,1526,万歆,2019-07-06 17:54:56,6,6,0,我是渡边老师班的，但总的分数是wx老师给的。老师出的题，确实是不囿于题型了，重视分析能力和数学推导，不过用英文确实有点迷了，本菜鸡真的有些看不懂，而且期中期末也实在是做得一塌糊涂。但最后还是感谢老师把我捞上来了。
113518,1526,万歆,2019-07-06 22:30:22,4,5,1,万歆老师一年四季只穿衬衫。\n\n回归正题。\n\n上课很温柔，考试很凶残。考试方面，老师会更注重推导过程而不是公式结论，所以作业很简单，考试很凶残，但是理解原理之后不会很难，然后从期中考卷的批改情况来看，老师会尽力找给分点。最后感谢老师，我期中没及格，没到平均分（差8分），但期末好好预习了，自认把大部分知识掌握了，虽然很多题目还是做不出来，很多推导过程考试的时候还是忘了，给了我一个虽然不高，但是比我预期好的分数。\n\n另，老师上课的时候还反复强调英语的重要性。
113600,1526,万歆,2019-07-07 01:00:58,-9,3,12,男神！男神！男神！男神调分了！我爱万歆！物理菜鸡的（非卡绩）4.2！（话说楼下那个物竞的，是什么水平呢...反正我认识一个学物竞的4.8呀（而且还卡绩了），我觉得也要看个人对物理的理解和感觉吧...？
113641,1526,万歆,2019-07-11 01:37:59,6,10,4,92分，努力没白费，满足了
113662,1526,万歆,2019-07-07 02:28:13,7,7,0,看了看楼下的评论……物竞也有层次之分啊。牌和省队，省队和省一之间的差距还挺大的。所以还是从自身实际情况出发，选择学习策略吧。
113679,1526,万歆,2019-09-28 22:51:33,1,1,0,无..
113795,1526,万歆,2019-07-07 14:31:34,2,3,1,感谢万歆爸爸
113803,1526,万歆,2019-07-07 15:42:00,3,5,2,同物竞 同被卡4.8 wx老师讲的很好 然后布置的作业也很有思考性 关于题的问题 看楼下说的 可能半期的考试内容和题型更加套路化符合竞赛的学习内容吧 期末的题目更加新颖有趣(大腿和我复习的内容重合率基本为0) 总之 如果真是竞赛的 可能只能保证一个不低的分数 想要拿很高分就要吸取我的教训吧 平时好好做作业好好准备考试
114187,1526,万歆,2019-07-09 17:21:13,1,2,1,我真的......我数分普物大程全...被卡 老师出的题给我的感觉就是正常人出不出来（有点像泛珠三角州的题 阅读量也是很大那种）但是风格会更加迷一些 感觉考前复习没用因为考的特别偏 我们就考到了什么拍频 波动直接考了两个大题
114277,1526,万歆,2019-07-09 17:12:47,1,2,1,感谢XIN WAN的给分，期末试卷不难但我没考好，不过最后给的分数确实让我感到了温暖
114309,1526,万歆,2019-07-09 17:37:28,2,2,0,感谢老师。下学期依然是您的课。会更努力学的。
114370,1526,万歆,2019-07-10 00:03:42,1,1,0,很有启发
114373,1526,万歆,2019-07-10 00:08:30,1,1,0,老师很温柔 给分很宽松
114390,1526,万歆,2019-07-10 00:36:08,4,4,0,自己认真?ppt，成绩也不会特别差。考试前面重新做一遍作业题，收获丰富。
114775,1526,万歆,2019-07-11 13:37:19,1,1,0,男神♪～(´ε｀　)
122090,1526,万歆,2020-02-12 14:19:40,1,3,2,男神老师！特别有大师风范！虽然考试内容比平时难一些，但是感觉他真希望我们学到点东西。抛开绩点不说我很享受每一节课~
128187,1526,万歆,2020-12-11 04:15:59,1,4,3,我觉得一个好老师不能仅仅看课上的怎么样，我觉得万歆是个好老师。
131193,1526,万歆,2021-01-26 13:05:01,1,3,2,老师太帅了！！男神！！！
132079,1526,万歆,2021-01-30 06:38:22,6,7,1,万歆老师讲课非常好！很具有启发性，注重思维(我们可以期待(雾)，但同时也很难。(ಥ_ಥ)，尤其是普物二的量子力学部分(我想我已经把你们弄得足够糊涂了.jpg)。\n\n整个学期只有一两次点名，到了加分不到不扣分。还有几道小测(都是选择)，只要交了基本都是满的。\n\n作业好好做，万歆自己出的题目题目比较雷人，题目数量少但是占比很高要注意。\n\n期中考试是刘钊出的卷子，和高中电磁学很像，题目不算雷人。\n\n期末考试是万歆自己出的卷子，没有一道大题完整地做出来(我问了好几个人都和我差不多)。。。但是多写点，万歆捞人还是相当强的(最后给分真的超级出乎我的意料)。就算不会也可以尝试写一下思路想法什么的，老师说会给分的。
133755,1526,万歆,2021-03-04 12:26:37,1,3,2,万歆，我的超人！
142077,1526,万歆,2021-11-05 06:36:42,0,4,4,万歆老师虽然说英语上课而且有点玄学，但是真的很有启发性，应该说打开了一扇新的思维方式的大门，这很珍贵
146116,1526,万歆,2022-01-05 13:45:09,4,5,1,Xin Wan是真的帅\n\n不愧是FDU出身的\n\n把自由而无用的精神发挥到了极致
148565,1526,万歆,2022-01-13 01:38:41,10,10,0,万哥超级帅。讲课真的很用心。能感受到万哥的思路很清晰，藤校PHD超级强。\n\n我是菜鸡，但还是能感受到万哥希望普物和大物不一样的地方，大物和高考差不多，刷题记公式不求甚解就行。但是普物，万哥是真的想让我们领略物理的魅力。想让我们明白真正物理学是如何思考的。\n\n可惜我太菜了，之前数分学的一般，遇到普物II的公式感到非常无力，也一直理解有很多困难。（之前我还是很喜欢物理的，高考还想过去北大强基物理哈哈哈哈哈）。日常作业真的写不动，刚开始和最后还自己写，中间作业就直接借鉴室友了。\n\n期中考的时候深感自己数学功底不够，也不如别人理解得好，最后期中44，排在倒数十名了。\n\n期末真的有认真复习过PPT做笔记，最后能写多少写多少，但是水平在这里了，也明白自己听课最后听不下去。最后2.7感谢不退院之恩。去虎哥很可能要凉了。\n\n    给各位学弟学妹提个醒，好好学数分，早做打算多理解，尤其是日常作业，还是有很多收获的。\n\n    我没有学明白多少，很是惭愧没有跟好老师的思路，对不起万哥，物理依然是我喜欢的，只是下次我准备好再来修读课程吧。\n\n最后感谢万哥。各位加油。\n\n大学不要水，平时那些卖弱没复习开摆的话都别信。\n\n千万别水。\n\n没人是傻子，这是个不努力不如去死的世界。
148580,1526,万歆,2022-01-13 02:13:58,7,7,0,wx，我的超人！\n\n老师尽量避免繁杂的公式推导，尽量从不严格但直观易懂的角度解释定理。作为物竞生也深感普物II的内容超出物竞太多了，数学知识也非常多。后面也就只能看老师的PPT听老师讲了。如果想感受一波海底捞，期末考一定要多写过程，大胆猜，答案没有那么重要的（因为我没一题能完整做出hhh）\n\nps:本学期期末考与期中考内容正交
148596,1526,万歆,2022-01-13 02:56:44,2,2,0,老师人挺好，就是全英文授课，最后的期末考难度是挺高的不过老师也挺能捞的，平时课上会有quiz，不过不看对错，当点名用。爱了爱了
148642,1526,万歆,2022-01-13 05:49:43,7,8,1,老师很帅，很优雅，衣品也很好，这一点下面都说了很多了哈哈哈哈\n\n本来是预置的其他老师，看见万歆老师的普林斯顿学历还有研究量子计算这种高级方向就被吸引过来了（他是真的爱量子）\n\n万歆老师真的很希望大家能学到真正的知识，上课有时候是有点玄学，但是我打开回放再看一遍会慢慢理解老师想传达的东西。刚开始英文上课我摸鱼了，看了去年中文授课的智云课堂感觉还是很清晰的，后来量子力学老师用中文也清晰了不少，中间也会讲讲一些故事开开玩笑。\n\n很感谢万歆老师，我想这个学期选到万歆老师班上，学到的不仅有麦克斯韦方程组，或者是全新的量子物理知识，更重要的是一些直觉，一些思想，一些思考问题的方式，对于我这种榆木脑袋算是给我开了光了。\n\n关于考试，按照老师的说法就是，每个题目是一个“故事”，每一个题目都有老师希望表达的东西，正如他的每一次授课都有想要我们真正掌握的东西一样。他说，希望有一些东西是我们五年十年之后还能记得的，我想认真听是可以做到的。\n\n老师期中考试难度不是很大，但是确实有些题目有点玄乎，但是老师讲过之后发现其实就是把所学知识灵活运用。期末考试5个大题，3道量子力学（佛了），但是都是他讲过的东西，所以平常好好听课学习，好好做作业（不得不说有些作业题很有启发性），理解老师希望传达的内容是能取得好成绩的，更何况万歆老师捞人还有一手呢。\n\n总之很感谢老师，也很推荐同学们选（第一次在查老师上发这么长的评论献给万歆老师）
148715,1526,万歆,2022-01-13 09:39:17,-1,0,1,是真的能捞
149537,1526,万歆,2022-01-16 02:01:42,8,9,1,物理菜鸡上普物过程中极其痛苦，数学、物理、英语都不是很明白...每次课后都要花很长的时间消化老师讲授的内容。进入光学部分，由于高中没有学过光学，所以LLK上课基本听不懂，都靠课后大雾书自学。进入量子力学部分，更加玄学，最后一次作业基本一道题都做不出来（不会做一定要研究明白答案，因为万歆老师很有可能出自己作业的类似题目）。但是到现在回顾这一门课，深深感觉到万物和大学物理的不同。迥乎于应试的物理教学方法，万老师想要向非物理专业的我们了解物理学的思维和更深入的一些东西。谢谢万歆男神！
150212,1526,万歆,2022-01-20 11:08:19,0,4,4,跪谢万爸爸不挂之恩！
152616,1526,万歆,2022-04-16 03:28:39,1,4,3,不装了\n\n我摊牌了\n\nwx我男神\n\n普物Ⅱyyds
152617,1526,万歆,2022-04-16 03:28:35,1,4,3,不装了\n\n我摊牌了\n\nwx我男神\n\n普物Ⅱyyds
157580,1526,万歆,2022-06-24 00:26:54,6,9,3,量子信息基础，平时事情巨多，但是平时分还很低，因为互评这样往往很低，而且平时分不调，虽然万歆很好但是总觉得不爽
157980,1526,万歆,2022-06-26 02:42:34,0,7,7,上的量子信息基础，课真的好！\n\n学到了很多捏
161093,1526,万歆,2022-10-26 14:09:07,-10,4,14,狗屎。
161110,1526,万歆,2022-10-27 08:47:32,-17,5,22,ppt做的不行，讲的层次感很差，声音又小又娘又不用话筒，平常的作业好多都是数学题，偏竞赛，我学普物不是为了受偏怪折磨的。
168557,1526,万歆,2023-02-19 11:09:43,3,4,1,注重思想的老师，普物会讲很多量子，最后考试很多原题，难度不大，强推！
169068,1526,万歆,2023-02-24 07:50:38,3,3,0,老师虽然经常点名，但期末我一点不会，还给我了很高绩点。真的一点不会，只能做出第四题的第一问💋我的评价是，如果有需要，我可以给老师养老（os上课声音很小，建议提前站前排座位，智云课堂根本听不见）
169077,1526,万歆,2023-02-24 08:27:03,1,1,0,普物II 虽然老师点了两次名 不过老师说点名只是为了给他的教学作参考而不会扣分hhh 期末出得比较简单 绩点出来直呼亲爹\n\n如果说我有多么憎恶普物这门课 那一定是这门课本身造成的 而不是wx\n\n真要说的话 为什么我的普物老师智云声音都这么小啊 学了一年耳朵要废了（悲）
169092,1526,万歆,2023-02-24 09:10:45,2,2,0,万歆老师是我永远的男神！！对学生很好，体谅我们线上上课的种种困难做出了很多调整，看得出来老师对这门课非常用心！当然老师的教学能力也真的很棒，跟着老师的思路绝对能够对物理有新的认识，听完一学期后感觉很多地方的知识都能够相互联系而不是单纯的知识灌输。\n\n普物是有难度的课，但万歆老师的普物二是这个学期认为选得最正确的一门课！
170061,1526,万歆,2023-03-01 07:23:44,0,0,0,llk那里过来的，我破防了
174988,1526,万歆,2023-06-20 14:41:40,1,1,0,量子信息求捞呜呜呜
175252,1526,万歆,2023-06-23 03:52:27,2,5,3,给分奇差无比
175344,1526,万歆,2023-06-24 05:54:22,5,6,1,如果再给我一次选择的机会，我会选生科导，至少期末题目能看懂
177406,1526,万歆,2023-07-03 07:18:25,2,2,0,量子课很好
195775,1526,万歆,2024-06-30 02:17:04,0,0,0,谨记教诲
203067,1526,万歆,2024-11-16 07:56:04,1,1,0,听了老师的诺奖解读，真的很有一种学者的风范
203123,1526,万歆,2024-11-17 05:28:01,-1,2,3,上课水平不敢恭维
205573,1526,万歆,2024-12-09 11:10:57,1,1,0,非常好
215635,1526,万歆,2025-03-03 06:07:04,0,0,0,男神，上完专业学院各位牛鬼蛇神的课之后，再来上万老师的课真是如沐春风
217614,1526,万歆,2025-04-14 06:30:33,0,0,0,男神，但我是真听不懂啊
3994,1572,赵学安,2015-06-17 12:38:23,-19,6,25,讲的很仔细，生怕同学听不懂，可惜上课时间冲突选不了了
3995,1572,赵学安,2015-06-17 12:43:52,5,8,3,无言以对\n\n
4389,1572,赵学安,2015-06-21 04:38:42,-11,5,16,我觉得还是蛮幽默的
4400,1572,赵学安,2015-06-21 09:17:14,3,13,10,两次读书报告抄书抄的爽啊
5302,1572,赵学安,2015-07-06 11:10:19,-8,3,11,哈哈，哈哈。
5654,1572,赵学安,2015-07-09 03:51:31,7,13,6,给分太坑了读书报告太多了
7873,1572,赵学安,2015-09-16 01:18:24,24,35,11,事情多给分差讲课不好
8953,1572,赵学安,2015-10-04 09:15:12,8,15,7,讲得不好
9254,1572,赵学安,2015-10-19 02:47:17,8,15,7,讲的乱，有时自己讲错了还乱扯，蒙混着就过去了。要上绩点，完全靠自学。\n\n
9559,1572,赵学安,2015-10-31 10:35:19,2,7,5,我觉得笑起来跟董浩似的……课认真听的话该掌握的知识他也差不多能讲清楚。但我很讨厌他那股很高傲的劲。什么量子电动力学工程师不用懂啊，什么人文社科不严谨啊……
10404,1572,赵学安,2015-11-18 12:27:22,7,11,4,讲的实在是…………没法听 没重点 讲不清楚 而且不知道干了啥特别骄傲
11748,1572,赵学安,2015-12-14 01:54:39,14,23,9,很自负，为什么不想想到课率不高是自己讲课的问题呢？真是无比糟糕的听课体验。整天扯些看似很高端的东西，自我高潮。
12311,1572,赵学安,2015-12-23 02:34:58,17,24,7,读书报告个锤子
14910,1572,赵学安,2016-02-13 08:09:17,11,21,10,大物99，赵老师是你男神那位，估计你以后也会成为赵老师这种人哈哈哈哈哈。嗯，我没说不好。
17608,1572,赵学安,2016-01-20 13:10:58,4,10,6,恶心！！！
17624,1572,赵学安,2016-01-20 13:47:50,2,10,8,的确自负！有点知识但缺乏作为学者兼容并包的素养。而且教学方法不好。喜欢自嗨。讲课的话比较晦涩。给分一般。祝学弟学妹来年满绩\n\n(っ╥╯﹏╰╥c)
17627,1572,赵学安,2016-01-20 13:50:15,3,8,5,不喜欢\n\n不推荐
17870,1572,赵学安,2016-01-21 03:11:22,3,9,6,我打了200多个字不让发…大家自行体会我的感受吧。
19086,1572,赵学安,2016-01-23 08:40:27,3,8,5,咽不下这口气！
19367,1572,赵学安,2016-01-24 03:16:43,-38,9,47,大物竟然99分，赵老师是我男神啊。很牛逼的老师，特高端
23331,1572,赵学安,2016-06-08 08:23:10,12,14,2,没有人能把电磁学讲的和赵学安一样生动（手动滑稽）
23549,1572,赵学安,2016-04-06 00:12:37,1,5,4,还行啊
25906,1572,赵学安,2016-06-14 07:20:35,-5,6,11,讲道理，选了老师的热学电磁学，觉得上课挺好的，讲得挺风趣的，
26898,1572,赵学安,2016-06-21 13:56:07,-1,4,5,老师很好，讲课很耐心
26949,1572,赵学安,2016-06-22 01:07:12,4,9,5,感谢赵老师，让我们知道自学才是王道。
27392,1572,赵学安,2016-06-25 14:11:55,10,18,8,讲课时沉浸在自己的思路里，如果你思路不够清晰，会跟不上。不过他讲得很仔细（物理上的东西……），认真听还是不会落下的。老师对作业晚交的情况挺宽容（包括学习总结），但很讨厌旷课和早退。楼上说的高潮现象就是老师会鄙视民科，很崇拜物理大牛。至于学习总结，还是建议认真写，把重要的知识点摘下来，能推导就推导一下，2页的学习总结和20页的效果完全不一样，写完总结你就基本不用看书了。
27545,1572,赵学安,2016-06-30 04:51:29,1,2,1,给分差\n\n
27569,1572,赵学安,2016-07-02 06:55:56,0,3,3,认真负责\n\n
29133,1572,赵学安,2016-06-29 09:28:15,0,4,4,为什么没有0分？
29614,1572,赵学安,2017-01-15 12:29:23,0,3,3,感谢老师上次不挂之恩，话说这次也让我过可好…老师并没有评论里那么差吧，讲课蛮好的，但是我没好好听…
29701,1572,赵学安,2016-06-30 08:08:36,2,6,4,赵爸爸上课很仔细，但是只要一坐后排我就听不动了啊，然后给分其实还好，我差是因为自己没考好T T
29740,1572,赵学安,2016-06-30 09:10:28,1,3,2,不定时手动签到
29987,1572,赵学安,2016-06-30 16:08:50,3,6,3,醉心于教学的老师，平时科普和拓展也挺多…趁还没出分来给个十分免得后悔
33643,1572,赵学安,2016-09-20 15:39:49,2,5,3,帅气地点亮了大学首挂
33657,1572,赵学安,2016-09-21 01:19:14,2,6,4,并没有觉得老师像评论中说的那样差，反正比宋斌要强一些，这是个不念ppt的老师
36968,1572,赵学安,2016-11-17 01:00:35,9,10,1,依然记得赵老师那副自信的脸庞！有学术大牛的风骨。
40491,1572,赵学安,2017-07-03 07:01:23,23,26,3,我以后会小心的
42355,1572,赵学安,2017-01-14 05:16:12,5,8,3,我能说，我挂了吗
43484,1572,赵学安,2017-01-16 10:39:49,5,11,6,本来觉得忍忍也就过去了，但是今年试卷都这么难了，你还按卷面给分，你是毒瘤啊。还整天说那些不来上课的人怎么怎么烂，我只想说我后悔没和室友一起去听其他老师的。神烂，就你厉害死了。傻逼老师毁我青春
43610,1572,赵学安,2017-01-16 15:28:03,1,4,3,讲课让你知道啥课要旷给分让你知道啥叫绝望
43733,1572,赵学安,2017-01-17 01:51:35,3,6,3,物理学二的时候，质疑了一下老师的一句话，结果被特殊照顾了…（点名要我回答三个问题…）
44227,1572,赵学安,2017-01-17 12:12:47,-5,0,5,
48080,1572,赵学安,2017-02-28 10:20:28,1,3,2,一般般吧，靠自学，
48583,1572,赵学安,2017-03-08 01:25:37,1,3,2,体验差
48647,1572,赵学安,2017-03-09 01:33:00,2,4,2,(T＿T)/~~
48841,1572,赵学安,2017-03-14 12:51:56,1,3,2,根本搞不懂他在讲什么，大学里遇到的第二个毁青春的老
49021,1572,赵学安,2017-03-22 01:08:28,1,3,2,闭着眼睛写，厉害死了。如果上课不喷气不加语气词可能会好一点
49082,1572,赵学安,2017-03-24 00:50:35,17,17,0,今天老师说到沸（浮）点
51090,1572,赵学安,2017-05-16 15:26:29,9,10,1,我是谁？我在哪儿？这是啥？这又是啥？等会儿吃啥？
51366,1572,赵学安,2017-06-02 03:03:24,5,6,1,今天课还挺有意思的，老师讲到了弯弯? ''你看两个弯弯在一起多好''，嘿嘿嘻嘻嘻
51539,1572,赵学安,2017-06-07 03:33:58,10,14,4,没那么差。一见甚于百闻。
51624,1572,赵学安,2017-06-21 02:36:19,24,27,3,刷脸需谨慎（16级留）
52533,1572,赵学安,2017-06-21 02:30:28,33,37,4,zxy你给我小心点，cz怎么还没来→_→
52535,1572,赵学安,2017-06-21 02:43:02,10,10,0,笑眯眯地看着学生逃课啥都没说。
53005,1572,赵学安,2017-06-24 15:13:35,8,10,2,我觉得赵老师讲的也还算详细吧，答疑也还算负责。虽然有点大男子主义，不过我觉得也不至于分这么低
53908,1572,赵学安,2017-06-28 03:57:19,4,5,1,要交读书报告QAQ写了四篇…\n\n但是人还不错\n\n作业没有及时交也不会说
54552,1572,赵学安,2017-06-29 15:12:13,0,1,1,牢记在心啊
54554,1572,赵学安,2017-06-29 15:12:37,-1,0,1,嘿嘿嘿
54570,1572,赵学安,2017-06-29 15:54:14,11,13,2,老师挺好的呀，“打圈圈”，“U弯弯”，“I弯弯”
54711,1572,赵学安,2017-06-30 05:29:34,1,1,0,不挂我很满意了。。。虽然讲课是没啥好说的，起码没有什么py啊，故意搞你啊，总归还可以吧。读书报告是毒瘤，虽然你抄公式报告也给你满分。。。想学还是能选的，想轻松就别选了。虽然，大物轻松了，你的分数也会很轻松。。。
54741,1572,赵学安,2017-06-30 06:39:55,1,3,2,老师人真的挺好，上课挺轻松的，有些同学自己不听课，下课不复习，考差了还怨老师给分低，读书报告你都懒的写，还想考高分，做梦去吧！！
54899,1572,赵学安,2017-06-30 12:15:35,-13,1,14,傻逼傻逼傻逼！！！重要的事情说三遍！！！\n\n给分太坑了，期中92期末94，总评86？？！\n\n开什么国际玩笑！
55112,1572,赵学安,2017-07-01 00:29:59,1,1,0,其实讲课讲的还挺细致的，课堂小测交了就行，没有那么差啦
55283,1572,赵学安,2017-07-01 08:02:13,2,2,0,不至于这么低，讲课感觉和罗孟波没差啊（罗孟波学生别打我），就是小测很迷，罗会发A4纸，学安就很随意了，不过平时分没给我满也是很气，明明每次都到每次都交作业，虽然分数主要是期中考试拉低的，提醒学弟学妹，期中考也是要刷题的！\n\nps:学安声音很有磁性，上课容易睡着
56158,1572,赵学安,2017-07-03 07:07:43,2,6,4,老师给分不错，讲课一般，但只要你读书报告好好写，平时认真学，考前认真复习，你的收获绝对对得起你的付出。
56290,1572,赵学安,2017-07-03 12:04:11,14,17,3,被卡绩点……zxy你给我小心点
56572,1572,赵学安,2017-07-04 04:00:41,0,1,1,爽歪歪
56762,1572,赵学安,2017-07-04 14:29:54,4,4,0,大物课上老师基本是在照PPT讲……偶尔会扯两句量子物理啥的……要想学好还要靠自学……
56841,1572,赵学安,2017-07-05 00:22:51,0,20,20,物理学II竟然满了！赵学安老师真的是我的男神，你们骂大概是你们能力不行吧
57988,1572,赵学安,2017-07-21 01:37:57,2,3,1,还是很不错的
58493,1572,赵学安,2017-08-30 12:11:22,2,4,2,超好，超幽默的老师
58775,1572,赵学安,2017-09-17 09:35:44,4,4,0,赵老师是个好老师
61511,1572,赵学安,2017-11-18 04:25:33,2,3,1,有的人得分高了就来赞美老师，得分低了就来骂老师，我不care因为我有先见之明学了大学物理
61702,1572,赵学安,2017-11-21 03:42:34,-2,0,2,可以啊
61703,1572,赵学安,2017-11-20 07:34:57,2,2,0,赵老师的课，我们要小心听
61799,1572,赵学安,2017-11-21 03:47:39,4,5,1,第一节课会把自己塑造的很严肃，课程要求多。但几次课后就会觉得其实赵老师还是比较平和的。ppt中数理推导较多，该严谨的地方不会马马虎虎搪塞过去（这一点非常重要）。讲的是否清楚，风格是否合你口味毕竟众口难调，单从教学态度方面谈，是认真负责的。
63221,1572,赵学安,2017-11-29 09:24:09,2,2,0,挺不错的，人好教的也挺好，就是有时候可能有一点慢hh。
64708,1572,赵学安,2017-12-26 23:23:50,0,1,1,呵呵左思右想三个字
66296,1572,赵学安,2018-01-15 02:44:35,4,5,1,老师上课真的好听，建议大家大雾也要选
66542,1572,赵学安,2018-01-17 08:16:04,-2,0,2,棒棒棒
70590,1572,赵学安,2018-01-27 09:06:20,4,6,2,作业基本上都交了，平时分活活被扣了6分
70621,1572,赵学安,2018-01-27 09:54:45,-10,3,13,mmp，我期末98，因为没去物理竞赛扣我平时分，最后绩点3.9，不是一般的气
72921,1572,赵学安,2018-01-31 10:59:37,-20,2,22,上课基本不听 最后卡绩点4.5嘤嘤嘤
74932,1572,赵学安,2018-03-06 13:26:29,1,1,0,老师上课真好听
74969,1572,赵学安,2018-03-07 01:44:47,0,0,0,hhhhh
78864,1572,赵学安,2018-05-16 02:24:38,-3,1,4,sbsbsbsbsbs
80658,1572,赵学安,2018-06-29 02:40:58,0,2,2,智障助教
81056,1572,赵学安,2018-07-03 13:09:51,0,2,2,很好的老师 说不好的有多少平时好好听课了呢
84162,1572,赵学安,2018-07-12 07:08:35,1,3,2,上课效率。。。\n\n
84869,1572,赵学安,2018-07-14 06:36:59,0,0,0,唉。。
86661,1572,赵学安,2018-09-18 01:47:13,3,4,1,上学期的课，感觉老师人很好，上课很随和。虽然期末要交笔记，但相当于复习一遍，对考试挺有帮助的。
99832,1572,赵学安,2019-01-25 08:11:40,0,0,0,为人教学中正，给分亦是如此，该多少就是多少
100881,1572,赵学安,2019-01-27 04:03:31,-9,1,10,期中考没及格的我绩点有4.2。⑧用我多说了吧。
108357,1572,赵学安,2019-05-22 02:55:59,2,2,0,真的垃圾
108671,1572,赵学安,2019-05-31 00:42:43,0,2,2,这么说吧，老师挺好的，可能就我太菜了，，，，，，
108784,1572,赵学安,2019-06-02 04:51:39,2,2,0,细思恐极的垃圾老师，屑
111661,1572,赵学安,2019-07-02 12:06:14,2,2,0,上课很垃圾，平时分给的也差
111666,1572,赵学安,2019-07-02 12:37:55,-1,0,1,我觉得老师还不错啊，上课不听，迟到也不会怎么样，就是会不定时手头签到。到时讲的挺快的吧。还是要靠自习。老师给分也不会乱给，很客观
111686,1572,赵学安,2019-07-02 14:06:59,-1,1,2,我感觉评论区节奏被带歪了，自己去上上就知道了。
111752,1572,赵学安,2019-07-02 18:17:38,0,1,1,大雾，基本看自己吧
111824,1572,赵学安,2019-07-03 00:26:00,0,1,1,期末95平时上课点名都到作业都交读书报告也写就给78服了\n\n
111872,1572,赵学安,2019-07-03 01:43:48,3,3,0,平时分别想拿满。
112386,1572,赵学安,2019-07-04 03:39:04,0,1,1,讲课有点无聊，给分还行，有时候上课让你做道题就算点到
112417,1572,赵学安,2019-07-04 05:15:40,3,4,1,老师很随和..我上他的电磁学基本都在睡...他是真的怕学生挂...考试的时候还给你解释题目...
113961,1572,赵学安,2019-07-08 03:18:15,0,1,1,物理2，绩点1.5，全靠师生情海底捞……期中期末卷面都只有五十出头，平时作业都交了读书报告都好好写了手动签到都在现场，平时分给满了……是我太苟，考默写的卷子公式都记不住，复习太急了，至少早两天也好点，以后一定好好学习不为难老师……我不管，为zxa打call！（。
114007,1572,赵学安,2019-07-08 08:03:54,-1,1,2,认真负责的老师
114015,1572,赵学安,2019-07-08 09:02:10,4,5,1,老师讲课确实很难让人听懂，很多地方都是看着B站网课自学的（推荐物理系的允文君）。但是，老师是真的想让你拿高分，考场上有什么你读不懂的题他会很愿意和你讲题目。而且考试的时候填空题问的都是基础概念，计算题很多也都是平时的作业题，考试也不算太难。总之我觉得赵老师8分还是有的
114254,1572,赵学安,2019-07-09 10:59:49,4,4,0,平时分没满然后卡绩\n\n考试不调分?
116483,1572,赵学安,2019-09-11 03:28:27,6,6,0,。。。
116486,1572,赵学安,2019-09-11 01:59:49,6,6,0,啊～\n\n啊？\n\n啊！
116499,1572,赵学安,2019-09-11 02:29:31,3,3,0,啊……(=￣ ρ￣=) ..zzZZ
116510,1572,赵学安,2019-09-27 01:19:47,6,6,0,一分都不想给，跟琴妹老师的差距不是一般的大，对不起三周了我还是没适应。\n\n写个锤子的读书报告哦
116974,1572,赵学安,2019-09-18 02:04:20,-4,0,4,还行8
117625,1572,赵学安,2019-09-27 02:00:39,1,1,0,一周两次课连续两次考试，还是在第三周，预习报告emmmm。学弟学妹们看到就躲吧
117924,1572,赵学安,2019-10-11 06:23:58,7,7,0,生活本就很难看，半路杀出赵学安。讲课讲的很垃圾，四节三测惹不起。不想讲课怎么办，自学报告拿来看。
120690,1572,赵学安,2020-01-17 11:58:28,3,3,0,真是个SB老师，好好学最后给分这么差？每次作业都交，课堂测验也去了最后平时分还不给满？最主要是个人感觉期末考的不错啊全都做出来了，最后才给我70多分，你改卷时眼睛瞎了吗？发邮件麻烦他帮我查卷面分，发了几次都不回，您能有点师德吗？反正建议大家好好学想拿高分的别选他，给分真的坑
121869,1572,赵学安,2020-01-23 04:29:52,7,7,0,问题很多。讲课讲不清楚，板书超级烂；小测很多很随意，从不提前通知（或是用于点名）；会布置自学报告，其他老师不会的。不过一般大物不都是自学成才吗？\n\n对于给分的问题，期中期末的成绩占比是固定的，不同老师给分的差别在于平时分吧。我大物甲1是lcm，他平时分给我17分，大物甲2是他zxa，给我满分20。如果说是因为我参加了大物竞赛拿奖加了3分，那他至少也给了我17分啊，所以从我这里看，他给分还算客观。
122631,1572,赵学安,2020-03-09 08:35:23,1,1,0,赵老师的评价都不太好，有些评价比较极端。我刚开学上了两周的物理学Ⅱ先客观评价一下，期末再来看看自己的想法会不会改变。\n\n老师上课有说过想要学好这么多学科需要自己花时间在课外。可以课前预习充分再到课堂上听课，或者先听完课再自己回去看课本。\n\n相对来说课堂上的计算推导过程会比较快，自己思路跟上的话会感觉老师讲的很清晰，所以课前提前预习比较好。\n\n可以感觉到老师是想要学生学好这门课程，同时，想要学好这门课需要花一些时间（如果基础比较不好），所以光靠课堂听课时不够的。但是课堂的内容容量大，听的时候还是很有收获的。
122653,1572,赵学安,2020-03-12 05:48:32,2,2,0,作为一名物竞生，听了他几节物理学II，不得不说，教学水平不高，而且有些东西感觉他自己也不太清楚。我平常上课基本把他的课当成背景音，然后自己看书，碰到他讲题目花点时间看一下。之前有节课，我想划下水就听了一下，然后就发现PPT上有个题目的解答有错误（答案都错的那种）结果他竟然没发现。。。。还有他在回答同学问题的时候，感觉他有点答不上来，然后就开始答非所问。。。。我觉得我还是继续自学吧。给个7分，不能再多了。
125337,1572,赵学安,2020-09-07 04:23:37,-5,1,6,差一分满绩………………太坑了吧………………
129483,1572,赵学安,2021-01-06 06:09:30,1,1,0,谢谢赵老师捞我，有点想哭，过了一年才后知后觉被赵老师和助教，浙大四年最感谢的就是赵老师，赵老师的课讲的很好，可惜我没有听，赵老师人很和善也慈祥。
135266,1572,赵学安,2021-05-07 07:12:31,1,2,1,真就...成功掌握了如何自学...
140566,1572,赵学安,2021-09-14 01:46:13,0,0,0,老师人特好
140754,1572,赵学安,2021-09-15 23:57:03,0,0,0,lj中的战斗机
145455,1572,赵学安,2021-12-30 00:05:41,4,4,0,赵老师22年3月居然年满60要退休了…虽然事情多，但是读书报告相当于考试前提前准备复习用的提纲了，上课还是很认真的，祝好！
14563,1580,王晓光,2016-01-07 15:34:58,13,17,4,毕王！
21449,1580,王晓光,2016-02-29 01:45:00,0,1,1,。。。。。
21512,1580,王晓光,2016-02-29 05:35:39,0,1,1,有点逗
21513,1580,王晓光,2016-02-29 05:38:50,0,3,3,一脸懵逼
21547,1580,王晓光,2016-02-29 06:54:59,2,3,1,前方高能！
21549,1580,王晓光,2016-02-29 06:58:04,2,4,2,这老师好帅啊
21700,1580,王晓光,2016-03-01 00:15:39,0,1,1,很好很不错
22191,1580,王晓光,2016-03-03 02:02:39,7,8,1,毕王。
29056,1580,王晓光,2016-06-29 07:46:17,4,6,2,好老师！虽然讲课有时候讲不清楚！但一本正经地胡说八道的技能点得非常高！非常高！人也帅！段子力学课就决定是你了！
29057,1580,王晓光,2016-06-29 07:46:17,2,2,0,好老师！虽然讲课有时候讲不清楚！但一本正经地胡说八道的技能点得非常高！非常高！人也帅！段子力学课就决定是你了！
29383,1580,王晓光,2016-06-29 16:06:38,1,2,1,好老师，好助教
32471,1580,王晓光,2016-07-07 04:17:10,1,3,2,敢给我100 我就敢给你10分
33689,1580,王晓光,2016-10-18 07:34:36,0,1,1,萌萌哒，永远没有睡醒
52339,1580,王晓光,2017-06-18 14:56:57,5,5,0,听不懂，自学以后会发现可以加深理解
56409,1580,王晓光,2017-07-03 16:13:25,0,0,0,大师啊
66096,1580,王晓光,2018-01-11 14:16:14,2,4,2,挺好的，但不如朱哥哥┐(´-｀)┌
76434,1580,王晓光,2018-04-09 06:32:41,0,2,2,就想知道老师自己懂推导过程吗
76622,1580,王晓光,2018-04-16 11:33:05,8,13,5,真的是好老师，今天听老师说起明年物理系不让他不教我们了，老师很生气又有些心灰意冷，他说每次上课都有新的提高，他说理论力学的东西他已经琢磨得很透了，他说没人能教的像他这么好了(✪▽✪)\n\n我非常同意，老师上课的风格我非常喜欢。老师的教材更是棒，老师说他本来想打算出版的书也不想出版了，因为没人用了~真是遗憾。
78192,1580,王晓光,2018-05-10 02:13:45,2,4,2,讲义晦涩难懂
80565,1580,王晓光,2018-06-28 03:00:19,5,5,0,最好的复变老师
84254,1580,王晓光,2018-07-12 11:00:13,-8,2,10,负分滚粗
108405,1580,王晓光,2019-05-23 04:35:04,1,2,1,老师实力杠杠的，复变上课难度把握的很好，作业题有趣，而且下课答疑非常负责！
109912,1580,王晓光,2019-06-20 06:39:30,10,10,0,其实这里有两位老师
111089,1580,王晓光,2019-06-29 14:38:34,4,4,0,我的理力哪！不知道助教的改卷情况，卷面挂了一半以上的人....但我觉得老师挺萌的
114953,1580,王晓光,2019-07-13 03:06:59,0,0,0,我没学好，但是王老师很多东西回头看会感觉观点很高
124177,1580,王晓光,2020-06-26 12:20:26,0,0,0,咋还不出分呢
127149,1580,王晓光,2020-11-11 02:45:06,5,5,0,“这些漂亮的数学问题带给我很多思考的乐趣， \n\n这些乐趣让我感到在一生之中稍有所得， \n\n比那些在思想真空里煎熬一世的人幸福.”\n\n\n\n“希望你们学习并掌握‘好的’证明，不要用‘坏的’证明。\n\n好的证明，就是简洁直接的证明，直击问题的要害，不啰嗦”\n\n——晓光大师
131496,1580,王晓光,2021-01-27 17:43:24,0,1,1,我会郁闷很久，黎曼曲面不是那么简单的课，后来人慎选
152546,1580,王晓光,2022-04-14 10:03:37,0,0,0,真的太好了
154128,1580,王晓光,2022-05-24 06:35:31,5,5,0,理论力学，讲的蛮有意思。\n\n但是能不能先把理论力学的内容讲清楚。。。\n\n课都没上就开始整节课整节课的放飞自我，沉浸于量子的世界。。。\n\n而且讲义很有问题。\n\n建议还是要自己配一本书看
156644,1580,王晓光,2022-06-20 13:28:54,0,2,2,晓光gg每节课都是一席黑大衣，感觉是那种很浪漫的人\n\n他真的讲的很清楚了，这学期用代数结构串起了基本的一些力学部分\n\n妥妥的10分
175002,1580,王晓光,2023-06-21 15:27:56,3,3,0,最后一年，最后一年，已经是第六个最后一年了，明年还会是最后一年吗？
175496,1580,王晓光,2023-06-25 07:56:14,2,3,1,我要是讲课这么烂，给分还不好，我也不好意思在浙大呆。
176609,1580,王晓光,2023-06-29 12:23:45,1,1,0,希望明年的理力是新的老师
184487,1580,王晓光,2023-12-20 13:30:30,4,4,0,有幸上了老师最后一届理论力学 以后老师真的不教理论力学了 不过教材估计会传承下去 希望老师后续工作顺利！
191170,1580,王晓光,2024-04-10 09:51:04,0,0,0,虽然没有上过老师的课，但老师的理论力学教材对我这种物理学渣来说编的真的很好，由浅入深，难得一本能看懂的教材，太感谢老师了。
1521,1612,何丕模,2015-03-22 10:24:46,40,42,2,这个，这个 ，这个。。。
1830,1612,何丕模,2015-03-26 01:20:45,3,5,2,讲话听不懂
4940,1612,何丕模,2015-07-01 08:04:21,8,8,0,结巴，不太负责。全自学
6317,1612,何丕模,2015-07-13 02:51:12,-1,1,2,给分不错\n\n
6785,1612,何丕模,2015-07-23 02:17:22,3,4,1,简直讲不清…全靠自学
7861,1612,何丕模,2015-09-16 00:16:25,12,12,0,简直了。这个…这个…这个…这个…233333333
7874,1612,何丕模,2015-09-16 01:33:02,7,8,1,这个……如果这个……能这个……这个……听懂的话，这个……其实这个……这个……这个……讲得这个……还成……
8277,1612,何丕模,2015-09-18 02:42:39,10,11,1,对于这个，我们要这个这个。。，然后再这个这个。。。，最后这个这个。。，我们就能这个这个。。
8585,1612,何丕模,2015-09-23 00:12:25,2,5,3,其实老师最近口音已经在改善了，讲课内容也还算清晰
11754,1612,何丕模,2015-12-14 05:09:05,0,1,1,23333
12571,1612,何丕模,2015-12-23 13:43:24,4,4,0,迷之微笑
14385,1612,何丕模,2016-01-06 16:00:08,13,14,1,17个人来上课都不点名，业界良心
18602,1612,何丕模,2016-01-22 06:07:07,-2,1,3,给分好⊙▽⊙
19260,1612,何丕模,2016-01-23 16:18:30,-3,0,3,老师人不错
33925,1612,何丕模,2017-01-17 10:17:18,3,10,7,这学期拿了物理创新竞赛一等奖以及期末99分，这点我还得感谢何老师。不过就事论事，何老师的“这个这个”以及秘汁白开水似的口音实在无法忍受，我第一节课听了之后就再也没听过了，要么翘掉掉要么看电路。。反正就没听过 我每天在绝望“我该怎么救我的大物呢？”直到我去楼下听了王女神的课..哈 就决定以后听你的啦！所以 以后选了何老师的大物的童鞋就想办法翘课听别的老师的课...何老师唯一的好处是不点名也不课堂测验..希望各位都能满绩
33928,1612,何丕模,2016-09-23 02:02:25,16,17,1,老师讲课很好，全外语授课，因为听不懂。他完全不用看教案，因为和书没什么卵关系。说实话，老师讲的很有条理，只要你顺着老师的节奏听下来，基本都可以睡个安稳觉
34291,1612,何丕模,2016-09-30 02:29:05,0,0,0,成天上课就是这个这个这个，听不懂
34570,1612,何丕模,2016-10-14 02:19:52,1,1,0,请您把话讲明白，真的根本无法正常听讲。
35187,1612,何丕模,2016-11-04 03:27:26,2,3,1,菜的抠脚，讲话都讲不清楚，这个这个满天飞，思维混乱，几句话能讲清楚的东西讲30分钟，要不是要去看下课后作业，每节课我都不去
36257,1612,何丕模,2016-11-11 09:43:28,2,2,0,这个，ok，，，这个，，，，，，，这个这个，，，，
38310,1612,何丕模,2016-11-30 00:11:12,2,2,0,纯自学
43984,1612,何丕模,2017-01-17 07:33:54,3,3,0,给分比较低吧，
43990,1612,何丕模,2017-01-17 07:38:08,0,2,2,脑子有病吧 拉了均绩0.2 我真的不懂
44047,1612,何丕模,2017-01-17 08:43:37,5,6,1,给分确实不好…但上课更加不好！这是个坑…
44053,1612,何丕模,2017-01-24 13:47:25,1,4,3,说实话他没有资格当老师
44065,1612,何丕模,2017-01-17 08:59:56,-5,2,7,虽然讲的不怎么样，但是人超好啊，师生情比较重
45112,1612,何丕模,2017-01-19 03:52:59,-2,0,2,只有二十几个人来上课都不点名真的是业界良心，不过老师讲课能力有待提升，大物全靠自学，最后分数还可以
59140,1612,何丕模,2017-09-20 02:29:02,0,0,0,这个这个我怎么不看评分就选课
60601,1612,何丕模,2017-10-25 03:20:53,2,3,1,说好的不课堂检测呢，都快一堂课一次了，整个般要么看书要么水手机。。
68280,1612,何丕模,2018-01-23 02:23:15,0,0,0,佛系老师当然需要佛系学生来听
70593,1612,何丕模,2018-01-27 09:08:28,3,4,1,你们确定他说的是ok，不是把好我们看说的快了一点
70848,1612,何丕模,2018-01-27 15:39:36,5,5,0,给了2分，原因如下：\n\n1、老师没有认真对待大物这门课，感觉像是在糊弄，就像台下的我们刷着手机一样。\n\n2、讲课水平确实不太好，客观评价。\n\n3、平时分不合理。从来不点名，基本没有小测，请问如何判定平时分？我交了每次作业，唯二的两次“测验”也全对，从来没逃过课。最后扣了我3分平时分，正好是差一分0.3的位置，真心难受，老师一点都不为学生考虑吗？感情我全勤的结果就是被随便给个平时分吗？\n\n\n\n不建议大家选这个老师了，如果预置了，也可以直接逃课，听别的老师的课吧。
75205,1612,何丕模,2018-03-08 03:40:20,5,6,1,选课50人，到课20人，听课0人
103376,1612,何丕模,2019-02-27 15:29:37,0,0,0,讲课是不咋地，，但是人真是挺好的，靠自学，给八分吧。
117160,1612,何丕模,2019-09-20 02:48:38,1,1,0,感觉讲课也没有差到难以接受，不过真的无聊……\n\n一共18人选课，第一节课还没来全，惊了
120688,1612,何丕模,2020-01-15 09:01:08,0,0,0,虽然讲的确实不咋地...但其实给分还可以吧..毕竟主要还是看你考试成绩了
121983,1612,何丕模,2020-01-28 06:02:33,1,1,0,虽然讲的不怎么样 但是师生情着实不错
122033,1612,何丕模,2020-02-02 11:40:35,0,0,0,师生情哈哈哈哈哈哈哈楼下xswl，期中考试也很重要！不然期末真的拉不回来orz
135558,1612,何丕模,2021-05-13 14:01:53,1,1,0,快请虎哥回来
138612,1612,何丕模,2021-07-10 03:14:15,0,0,0,一般吧
153314,1612,何丕模,2022-04-28 02:02:56,0,0,0,不多说。。。全靠网络资源自学。。
2683,1620,潘国卫,2015-05-05 09:11:04,12,13,1,三年来遇到的最坑的，无论讲课还是给分
23165,1620,潘国卫,2016-03-21 01:25:34,9,10,1,无聊…\n\n
47800,1620,潘国卫,2017-02-25 05:42:49,3,10,7,这老师的周末重修班真心不推荐。
60718,1620,潘国卫,2017-10-28 02:36:22,5,7,2,糊里糊涂，完全不知道在讲什么，根本没思路可言。。。
63824,1620,潘国卫,2017-12-16 01:37:17,7,8,1,周末不讲课说些乱七八糟的，讲课也讲不明白，慎重啊
67089,1620,潘国卫,2018-01-20 09:07:15,-5,5,10,讲得好给分宽容，老师做得仁至义尽了，再过不了的反思一下自己吧
75773,1620,潘国卫,2018-03-17 03:50:04,6,7,1,无聊透顶
75775,1620,潘国卫,2018-03-17 07:41:25,-1,3,4,可以\n\n
81016,1620,潘国卫,2018-07-03 10:22:08,4,6,2,差评！！！
88438,1620,潘国卫,2018-10-31 03:00:03,2,4,2,沙雕老师，不知道在讲啥
103066,1620,潘国卫,2019-02-26 01:11:27,8,9,1,好像在听玄学 建议课前预习上课自习
103067,1620,潘国卫,2019-02-26 01:14:17,24,27,3,思路混乱，讲着讲着就疯狂人生，看不出对物理的理解。且有口音，不知所云。我是在pzq生病的时候被他带了一节课的。听的我自闭了，如果这真的是我的老师我会果断退课。
103069,1620,潘国卫,2019-02-26 01:23:46,3,5,2,开始讲不可知论了
103092,1620,潘国卫,2019-02-26 02:45:53,1,2,1,什么鬼
103097,1620,潘国卫,2019-02-26 02:57:52,3,4,1,讲学霸餐不能多吃\n\n讲微信游戏太多\n\n讲大西区\n\n讲身体健康\n\n
103099,1620,潘国卫,2019-02-26 03:05:40,1,3,2,什么地位的人就讲什么话，没有地位的不能讲？？？？？智商决定一切？？？？？？
103113,1620,潘国卫,2019-02-26 04:09:02,5,7,2,口音极重，不知所云，所谓绪论看不出对物理学的理解，您老可以去教小学么？
103406,1620,潘国卫,2019-02-28 02:45:26,4,5,1,自以为是......\n\n讲课水平还没高中竞赛老师高......
103484,1620,潘国卫,2019-02-28 11:04:45,0,2,2,上个大物还有回答问题加分，我真的是惊了！
103736,1620,潘国卫,2019-03-05 01:09:32,0,1,1,不知道老师在讲什么，还是自学吧
103745,1620,潘国卫,2019-03-05 03:13:26,2,4,2,对物理毫无见解很表面，讲课有很重口音。
103883,1620,潘国卫,2019-03-07 02:42:00,17,18,1,人生道路苦又累，半路杀出潘国卫。
103886,1620,潘国卫,2019-03-07 03:04:31,3,4,1,好看的皮囊千篇一律，捞的老师是万里挑一。注意我的细节。
110114,1620,潘国卫,2019-06-23 08:33:40,5,5,0,真的很好很善良很和蔼一老师了
110116,1620,潘国卫,2019-06-23 08:42:25,9,10,1,老师的循环班真的很水很容易过，非常仁慈? ? ? 谢谢老师
110121,1620,潘国卫,2019-06-23 08:54:55,9,9,0,循补班超棒。大家毕业快乐！
110128,1620,潘国卫,2019-06-23 10:45:11,24,26,2,循环班强烈推荐，40分平时分签到小测报告白给，期末考试有写理解的送分题+部分ppt原题，容易过
110132,1620,潘国卫,2019-06-23 13:53:11,14,17,3,老师的循环班真的很好啊，很容易过，老师人也很好，问什么都会耐心回答，我平时偶尔去签签到，期末好好过一遍课件，最后做考试题有很多相同类型的题甚至是原题，真的是很照顾我们了
110133,1620,潘国卫,2019-06-23 13:55:49,8,8,0,考试周的时候，你就会觉得潘老师真的是天使。我到现在也忘不了他说的，咱们就开开心心轻松地过。哭了，真的希望这样的老师多一点。
110142,1620,潘国卫,2019-06-23 18:50:25,2,2,0,老师人很好啊
116718,1620,潘国卫,2019-09-14 03:21:20,1,3,2,挺好一老师！
122460,1620,潘国卫,2020-02-28 14:05:45,0,0,0,比较差
124292,1620,潘国卫,2020-06-28 19:23:27,-2,0,2,真的差劲，后悔没退课
124312,1620,潘国卫,2020-06-29 04:51:52,-5,0,5,建议果断退课，听的你怀疑人生，绩杀
124363,1620,潘国卫,2020-06-29 16:09:10,0,0,0,上大学遇到最差劲的老师
125075,1620,潘国卫,2020-08-27 14:18:36,1,1,0,锻炼身体
126565,1620,潘国卫,2020-10-01 14:42:12,0,1,1,草年末
139135,1620,潘国卫,2021-07-13 03:53:24,0,0,0,无语，麻了
174790,1620,潘国卫,2023-06-18 05:17:30,4,4,0,不理解前面的同学说的绩杀指的是什么，循环补充班本来就只有1.5和0两种绩点，而且这应该是老师第一节课就会说的，开骂之前先考虑一下自己的问题吧。至于其他同学说的讲课好不好我不予评价，因为我本身也没来听过课。而且循环班本身的要求也不高，想要学到点什么深刻理解的何必选这个班呢？而且就算不去课，老师也还是会几乎给满平时分的，你不到课的时间完全可以自己去看其他班的智云甚至自学，何苦来折磨自己
179679,1620,潘国卫,2023-09-19 08:18:21,0,0,0,态度第一，轻松愉快
2013,1622,沙健,2015-03-28 15:43:49,1,11,10,想睡觉
3067,1622,沙健,2015-05-13 11:02:22,1,11,10,什么也讲不出来
4293,1622,沙健,2015-06-18 16:16:43,7,16,9,非常爱笑，个人感觉到对物理的爱。上课会强调物理思维与数学公式的区别与联系。会点名起来回答问题，但回答不上来也没关系。有期中考试。作业每节课都有五六道？
4968,1622,沙健,2015-07-01 16:04:52,-7,13,20,问问题，“你把问题挂到师生交流区”\n\n第一页课件扯15分钟，大量时间都在证明公式，可以两节课不讲一道习题。对着PPT念，还会讲错。例题若无解答，只给看个答案。
5421,1622,沙健,2015-07-07 09:29:17,10,17,7,老师上课经常会突然笑起来，比较认真负责，不错哟。
5454,1622,沙健,2015-07-07 15:41:25,-2,6,8,很有意思的老师！给分也很高！！
5512,1622,沙健,2015-07-08 04:21:49,0,5,5,老师很卖力地讲课，但是我犯困。。
6110,1622,沙健,2015-07-11 02:12:58,-2,4,6,很好啊，很多人只是不适应而已\n\n
6780,1622,沙健,2015-07-23 01:52:39,-2,9,11,自己有思想，节奏还不错…因为学过物理竞赛所以非常喜欢这样的老师，物理底子不好的慎重
8498,1622,沙健,2015-09-22 01:53:21,44,46,2,上课时讲着讲着就会发出魔性的笑声。。。讲课还好
9326,1622,沙健,2015-10-21 14:14:39,-7,5,12,上物理是教你写习题？证明是物理精髓 。上课只给答案让你课后学习（要不然挂个详解还不容易），是让我们对问题感兴趣。\n\n
10407,1622,沙健,2015-11-18 12:51:52,14,16,2,哈哈哈哈哈哈哈\n\n
12542,1622,沙健,2015-12-23 12:25:30,-3,3,6,自己有时候还不记得来上课
16018,1622,沙健,2016-01-17 04:26:24,9,15,6,上的是沙老师的普物2，讲的还是不错的，人很好笑声很魔性_(:_」∠)_…和隔壁的虎哥比的话确实不如人家逼格高，但是考试考的简单啊
16146,1622,沙健,2016-01-17 10:10:54,0,2,2,挺负责的，期末复习很良心，平常跟着走就一定没问题…。熟了以后发现有很多萌点
17288,1622,沙健,2016-01-20 03:45:11,-2,0,2,还行吧
17300,1622,沙健,2016-01-20 04:03:52,2,7,5,沙老师很和蔼，愿意认识班里的同学，会笑会和同学一起解决问题，或者看能把问题解决到什么程度
17420,1622,沙健,2016-01-20 07:47:24,-4,4,8,绩杀，鉴定完毕
17522,1622,沙健,2016-01-20 10:32:39,-1,2,3,Interesting.
18151,1622,沙健,2016-01-21 08:25:22,1,3,2,哈哈哈
19047,1622,沙健,2016-01-23 06:40:57,3,6,3,沙老师人很好惹，给分也良心
20107,1622,沙健,2016-01-26 06:15:06,-1,3,4,通识课，每节课都去，认真复习，最后给2.1，真是神坑。
21028,1622,沙健,2016-02-11 05:55:13,2,3,1,通识挂了。。。。。。。好害怕。。。
23402,1622,沙健,2016-03-29 02:54:38,0,4,4,魔性的笑声，也不知道在笑啥，尴尬  \n\n上课完全对着ppt念啊 毫无逻辑 orz
26161,1622,沙健,2016-06-29 13:44:23,-2,1,3,老师很棒，很喜欢~
26573,1622,沙健,2016-06-20 07:03:07,-6,5,11,辣鸡老师辣鸡老师辣鸡老师，重要的事情说三篇。选了这种辣鸡老师的课你得用多一倍的时间去取得相同的绩点。上课就是在吹水，一堆空话套话，讲到重要公式时绝对是一带而过，讲题目更是含糊不清，反正每次认真听他的课都让我无限失望
29106,1622,沙健,2016-06-29 08:42:27,4,7,3,最值得说的一点是期中考试的分数对期末绩点没有影响~学渣飘过表示欣慰
29141,1622,沙健,2016-06-29 09:38:44,8,11,3,期中30分对期末成绩一点影响也没有，自己好好学还是能拿一个相当不错的成绩的
29213,1622,沙健,2016-06-29 12:10:03,-22,1,23,有时候答非所问，课上可能是我沉不住气吧，没听进去多少，不过感觉讲的还挺好的，最后还是满了
29289,1622,沙健,2016-06-29 14:23:25,-2,2,4,讲得很好，只是他魔性的笑声，不敢和他谈笑风生。
30132,1622,沙健,2016-07-01 03:20:55,-1,3,4,绩杀哇
31743,1622,沙健,2016-07-04 16:16:08,-1,2,3,非常非常热情，讲课有激情
38617,1622,沙健,2016-12-12 12:20:48,1,5,4,光学讲的很差，不如自学
39479,1622,沙健,2019-01-29 02:23:04,63,73,10,第一排求生的费越你烦不烦，每节课瞎逼逼吵得老师都得停下来提醒你闭嘴，耽误全班上课时间，要讨论就滚到后面去说个够，别老占着第一排丢人现眼，还以为自己萌萌哒，全班都想cnm！
41907,1622,沙健,2017-01-13 08:00:03,-4,2,6,傻逼瞎逼逼
42226,1622,沙健,2017-01-14 02:40:53,-1,1,2,？？？？？？？？？？
45733,1622,沙健,2017-01-20 03:52:33,3,5,2,沙老师讲课比马老师好多了，重要的是给分也比马老师好
45740,1622,沙健,2017-01-20 04:06:02,-4,4,8,傻逼 傻逼
46726,1622,沙健,2017-01-22 08:30:16,3,6,3,沙老师是一位非常善良的老师。记得有一次课堂quiz，我当时没去，他等了近半个小时最后让我补交了。而且相比而言，比zwm好太多..
47315,1622,沙健,2017-01-25 07:59:36,1,2,1,沙老师人很好给分也不错啊！
60046,1622,沙健,2017-10-08 14:45:49,1,3,2,他是不是觉得微积分不好这门课就可以直接挂了……遇到关键的数学问题只说，这就是数学问题了……从来不讲……
62052,1622,沙健,2017-11-22 09:18:31,-7,4,11,反正满了
62330,1622,沙健,2017-11-24 08:31:27,1,1,0,还好吧
64253,1622,沙健,2017-12-22 03:36:59,1,3,2,老师是好老师，就是自己太渣了，听不懂，最终还是自学。
65609,1622,沙健,2018-01-07 07:48:59,1,3,2,问沙健的普物2挂科情况怎么样？
68304,1622,沙健,2018-01-23 03:03:57,0,1,1,老师对物理思想的见解很深刻
71724,1622,沙健,2018-01-29 01:54:00,-1,0,1,竟然有3.6，反正我是满足的，毕竟期中考实际卷面分不到40
71769,1622,沙健,2018-01-29 02:56:24,3,4,1,老师非常非常负责任，喜欢给学生传递物理思想而不仅仅是知识，人也很和蔼，十分能理解学生的心情，给分炒鸡好！！！
71917,1622,沙健,2018-01-29 05:41:03,2,2,0,跟隔壁虎哥对比确实逼格不算高，但是题比较简单适合我这种咸鱼啊_(:з)∠)_谢谢老师让我及格！
80206,1622,沙健,2018-06-21 13:48:31,1,1,0,沙健爸爸超级nice
80724,1622,沙健,2018-06-30 01:44:29,3,4,1,2017年度竺院最佳教师荣誉获得者\n\n-2018届毕业生6月30日毕业典礼留
87352,1622,沙健,2018-09-27 09:38:22,2,3,1,虽然讲的一般，但是给我感觉是一个很可爱的老师啊233333把我们都当成萌新来教，可以说是非常nice了
87946,1622,沙健,2018-10-18 10:41:37,1,1,0,沙老师太可爱了叭，计算机要崩溃了哈哈哈哈哈
88395,1622,沙健,2018-10-30 05:19:08,2,4,2,为什么用周日期中考试????????????
90694,1622,沙健,2018-11-25 09:58:16,4,5,1,我吹爆沙健伯伯！！！！今天普物期中考试，老师看我们大部分人没做完又延长了半个小时，上哪去找这么nice的老师???
93543,1622,沙健,2019-01-10 08:48:13,1,1,0,我觉得沙老师讲的很好呀，很详细，认真听课会有很大的收获。下课不懂的问题老师也很耐心的讲解，一直讲到同学听懂为止。可以感觉到老师对物理的热情，自己学习也有动力，总之非常感谢沙老师!
96292,1622,沙健,2019-01-20 16:35:25,3,3,0,考试前先来许个愿求普物②考试不挂
96399,1622,沙健,2019-01-23 03:44:02,5,6,1,考试非常非常简单? \n\n讲的还可以，略差于隔壁虎哥，但奈何考试简单啊！！！！
96682,1622,沙健,2019-01-21 09:04:44,4,4,0,至少比zwm的期末来的轻松愉快
99566,1622,沙健,2019-01-25 03:27:26,-5,5,10,沙健伯伯是天使吧！！！！期中考开根号乘十，我只考了60出头，但最后满了？？？？期末考特别简单，跟隔壁huge难度差好几个数量级
99571,1622,沙健,2019-01-25 03:35:45,3,4,1,尬笑，讲课无聊。考试简单是真的，卡我的绩也是真的。不说了，感觉自己也在好好学，不知道为什么结果是这样。
99592,1622,沙健,2019-01-25 03:58:14,3,3,0,十分，我觉得老师特别好 特别是复习课的时候会讲很多考试重点，考题是真的很基础（相较于隔壁虎哥的考卷） 半期考试看我们很多人没做完题还延长了半个小时 真的很为学生的绩点着想
99608,1622,沙健,2019-01-25 04:04:16,-9,2,11,emmmm，77的期中考，他说是开根号乘以十的结果，最后94/4.8，选他就对了，泄题一样的复习你值得拥有
99609,1622,沙健,2019-01-25 04:06:10,1,2,1,沙健粑粑人超温柔!爱死他了 上课比较简单 考试也不难!♥♥♥
99622,1622,沙健,2019-01-25 04:14:06,3,4,1,沙健伯伯很厉害的，人也特别儒雅，上课认真听的话可以收获很多。期末考卷特别简单啊！都是基础的认真复习的话绩点真的不会差！强推！（感觉学起来比隔壁虎哥轻松
99802,1622,沙健,2019-01-25 07:45:47,0,0,0,呵呵呵
99823,1622,沙健,2019-01-25 08:04:15,1,1,0,认真听感觉还是很棒的，考试简单的一批...考试还不停卖关子说后边有个很难的题要好好看一下...还有魔性的笑声，走神的话就总被吓到...很好的老师呀
99895,1622,沙健,2019-01-25 09:15:33,1,1,0,魔性的笑声...哈哈哈哈
100273,1622,沙健,2019-01-26 01:47:17,1,1,0,老师人超级好！高中物理底子约等于没有的人居然在他这儿能有4.5！讲课也还不错啦（和zwm对比
103387,1622,沙健,2019-02-28 01:08:28,1,1,0,老师人是真的好 讲的emmm\n\n
13343,1639,章林溪,2015-12-27 05:56:04,0,5,5,实验给分不好
29171,1639,章林溪,2016-12-23 02:25:59,-3,7,10,上课抄板书，水得一逼还笑里藏刀，怎么没有负分呢
34644,1639,章林溪,2016-10-17 07:22:24,-7,3,10,实验课上挺好的
35114,1639,章林溪,2016-11-02 12:03:37,-3,2,5,mgj，不知道是助教问题还是老师问题，我tm草表没有事先画，就给我扣了10分，我还心心念念是自己的问题，结果室友说草表本来就不看的，mdzz!，什么鬼老师!
35235,1639,章林溪,2017-01-13 06:51:02,5,8,3,选他的课一定要记得画表格。。还要写上所有的实验仪器（不要漏）。。不然会死的很惨  我前两次没画表格都没上80分，最后一次画了表格91分。。
38704,1639,章林溪,2016-12-15 05:57:04,-1,2,3,讲的蛮仔细的 给分比较严
39040,1639,章林溪,2016-12-21 00:33:42,-3,3,6,辣鸡老师，实验瞎给分
39621,1639,章林溪,2016-12-26 07:13:46,-2,3,5,?️?老师实验扣我十分好气啊
40133,1639,章林溪,2016-12-29 10:53:11,-2,4,6,为什么没有负分…\n\n他让别的老师代实验\n\n没说草表要打表格\n\n于是被扣十分\n\nMDZZ
41114,1639,章林溪,2017-01-09 08:21:22,0,7,7,大物实验按点给分，分正我拿了97
60741,1639,章林溪,2017-10-29 07:30:44,11,12,1,讲得听清楚，给了98分，一定要画表格\n\n
60782,1639,章林溪,2017-10-30 04:50:42,8,13,5,感觉给分巨好啊，为什么分这么低
60784,1639,章林溪,2017-10-30 05:24:52,-19,5,24,想怎么给分怎么给分，还不讲道理，这种家伙也配当老师？
60815,1639,章林溪,2017-10-31 00:04:05,3,4,1,讲解耐心，实验报告检查很细致，很负责任的老师，给分也不错。疯狂打call
63514,1639,章林溪,2017-12-05 15:07:42,-3,2,5,瞎给分\n\n
63616,1639,章林溪,2017-12-09 16:58:28,-5,1,6,给分差
63834,1639,章林溪,2017-12-16 15:10:23,0,2,2,给分好，选
64220,1639,章林溪,2017-12-21 15:16:06,1,4,3,万万没想到老师给分这么好\n\n假的4分老师\n\n某些高分老师反而给分差的一逼\n\n
64227,1639,章林溪,2017-12-21 15:54:43,1,2,1,老师实验给分特别棒，至于报表本来就是要提前画的啊，这个绪论课就说了。他的实验拿到了大物实验唯一的一个100分。
64883,1639,章林溪,2017-12-27 15:35:28,1,3,2,好好做老师的实验 按照老师的要求来就可以 甚至会给到100分
64885,1639,章林溪,2017-12-27 15:39:11,-1,1,2,老师给实验分真的很好啊  草表绪论课就说过预习必备了der  而且草表画一画很省事  是我实验迄今最高分了
65661,1639,章林溪,2018-01-08 05:57:08,-1,3,4,打分贼好
66164,1639,章林溪,2018-01-12 08:20:56,0,0,0,记得草表画表格给分就特别好
66396,1639,章林溪,2018-01-16 03:53:31,0,0,0,凉了呀
66957,1639,章林溪,2018-01-19 12:33:24,1,2,1,认真做、画表格，分光计都能接近满分的，和仇志勇的给分上限完全不同
68455,1639,章林溪,2018-01-23 08:27:57,0,1,1,一定要画表格啊，画了95起步不画85
74974,1639,章林溪,2018-03-07 01:56:31,0,0,0,hhh
88100,1639,章林溪,2018-10-22 07:21:15,-1,0,1,可爱的
89844,1639,章林溪,2018-11-21 03:56:35,13,15,2,老师很可爱呀，而且他儿子好厉害的
91197,1639,章林溪,2018-12-03 06:50:05,0,0,0,可爱的
93403,1639,章林溪,2019-01-09 12:02:31,2,2,0,好老师，对学生很耐心，整天笑嘻嘻的
99811,1639,章林溪,2019-01-25 07:55:02,2,5,3,虽然老师上课会用微信群点名(神奇吧)但是老师人特别好 说参加竞赛加平时分就加平时分 向老师问问题的时候老师也总是非常耐心地给你解答 现实跟群里都是一个非常有趣的老师 强推！
99820,1639,章林溪,2019-01-25 08:01:19,0,3,3,慎选。平时成绩小测一题一分点名一次一分交作业一次一分。期末最后一节课告诉学生期中最后一道大题改错了，有几个同学查卷子都加上了，但既然你们没找我那这事就过去了。请问10分的题目，明知改错却不重改，也太不负责任了吧？！\n\n期末给分还成，呵呵
101077,1639,章林溪,2019-01-27 12:16:15,4,5,1,这么好的老师只有7.2分吗。。。
103170,1639,章林溪,2019-02-26 10:33:41,1,2,1,大物乙2这门课功夫还是要多花在平时和考试前，老师最好的地方就是说参加竞赛就给加平时分说到做到，虽然小测一题一分比较容易血崩，但认真学了之后绩点肯定不会太难看。
103444,1639,章林溪,2019-02-28 06:56:27,16,18,2,好困...大雾课从第一节就听不懂老师在讲什么了...
104228,1639,章林溪,2019-03-14 07:23:21,7,8,1,大雾就是大雾，老师口音有些许奇怪，人挺好的，但我还是听的昏昏沉沉
105662,1639,章林溪,2019-04-18 06:21:42,11,13,2,如果老师能不讲课，我就给他打10分
109523,1639,章林溪,2019-06-16 09:53:30,1,1,0,也许是我水平菜吧…但是我总觉得他上课逻辑感不强…
109531,1639,章林溪,2019-06-16 15:14:46,1,1,0,老师有点萌啊，ppt很清楚就是了，反正大家都是自学的，不过两次小测加起来已经比期中考试扣的分还多了有点难受?
109918,1639,章林溪,2019-07-02 02:34:58,11,11,0,给分不甚好，对于水平不够的学生相当于是一整学期的折磨。但是会准时下课尊重学生，不像很多老师拖泥带水硬要讲完，为这点赞。上课基本没去，如果我上课去了现在可能真的就挂科了。
111007,1639,章林溪,2019-06-29 05:49:33,2,2,0,挺好的，就是小测占比有点儿多了
111441,1639,章林溪,2019-07-02 23:49:57,4,9,5,感谢老师的满绩\n\n
111513,1639,章林溪,2019-07-02 00:18:45,4,4,0,总体不错，老师很可爱人很好，ppt真的很棒，虽然口音太迷听不进去他讲课… 不过小测占分挺重，错一个总分扣一有点凶猛的…
111523,1639,章林溪,2019-07-02 00:59:56,1,3,2,大物乙。口音很奇怪，讲课水平个人觉得比较低，上课就照念ppt，讲角动量的时候直接一堆公式推推推，不会将转动与平动对比。注意：平时分给得比较硬核，签到少一次减一分，两次小测，每次三道填空题，错一道题直接减一分，考前就会公布平时成绩，不会调分
111525,1639,章林溪,2019-07-02 01:10:06,0,3,3,老师真的超可爱，每次听他说话都迷之想笑。但大物乙实在太水了，翘了无数次课，期中期末照样满。微信点名一般都是第二节课开始（懂我的意思吧）
111530,1639,章林溪,2019-07-02 05:36:51,1,2,1,大雾主要靠自己，手机签到比较水，小测需努力，课后题做一遍我觉得就行了
111550,1639,章林溪,2019-07-02 02:14:58,3,3,0,老师上课很可爱哦！！口音特别萌，小测要好好考不然真的拉分！其他的，大物很多靠自己8！(另外提醒楼上，查老师是让别的同学了解这个老师上课方式以及成绩评定方式的一个平台，不是来让你炫耀速成满绩的平台hhhh)
111599,1639,章林溪,2019-07-02 06:00:22,2,2,0,ppt还行 讲课一般 有点困 小测一题一分太硬核 期末改卷给分还行
114867,1639,章林溪,2019-07-12 06:04:59,4,5,1,小测没前面说的那么难！一共就六道题，对应总评六分，一道题一分，我说都是ppt上的例题你们懂了吧。老师讲课很认真，就是有点口音。说实话上课我也听不懂，但是大物乙比较水，上课很多东西只是推导的过程，你只要记住结论。考前面向本章摘要复习法，甚至每章摘要里面的东西都有部分不考。分数其实很好拿的！最后老师人真的好，印象很深有堂课嗓子哑了，但老师仍然照常上课，也希望老师注意身体
120578,1639,章林溪,2020-01-14 04:32:43,0,0,0,给分还不错
123098,1639,章林溪,2020-05-09 10:31:08,1,2,1,你对小测有什么不服的，跟老师讲，只要是合理的，老师都会考虑的。还是挺讲理的
123846,1639,章林溪,2020-06-15 02:22:15,34,36,2,第一节课我正襟危坐，听着他那浓厚的口音和那就算是照着ppt念都念不清楚的言语，我心里变得焦躁不安。几次课过后，我的脾气变得暴怒无常，听着耳机里他的声音，我会猛地把手上的物理书摔向四周的墙壁，母亲就悄悄地躲出去，在我看不见的地方偷偷地听着我的动静。当一切恢复沉寂，她又悄悄地进来，手里拿着根棍子，看着我。
125275,1639,章林溪,2020-09-05 07:56:48,0,1,1,小测挺简单的，上课有点不是很听得懂他说话....都是选择课后自学。期考完交卷子和我们说“大家快交卷子不要客气啊~”有被可爱到
125359,1639,章林溪,2020-09-07 11:50:23,2,2,0,感谢老师捞我让我不用挂科
126610,1639,章林溪,2020-10-08 05:36:06,0,1,1,一般般
126881,1639,章林溪,2020-10-26 12:58:56,1,1,0,讲课一般，网课的小测比较水，给分不错。老师人很好，小测没及时交上或者签到晚了等情况，钉钉上跟他去说，都会及时调整更改。助教小姐姐人也超好～
130443,1639,章林溪,2021-01-22 11:48:11,0,0,0,挺喜欢的
131170,1639,章林溪,2021-01-26 10:40:15,-2,3,5,老师很好 拿了第二个5.0\n\n有点口音，但不至于很影响听课
131609,1639,章林溪,2021-01-28 07:09:35,0,1,1,很认真的老师，可惜大物大家都不爱听，大物一3.6，大物二4.8感谢章老师
132302,1639,章林溪,2021-01-31 15:20:56,-3,1,4,老师人很好，给分也不错
135897,1639,章林溪,2021-06-02 02:02:57,2,2,0,会准时下课不拖堂，但是奇奇怪怪的口音加上不知所云的内容，还是自学比较靠谱啊，而且小测题经常和他自己说的小测范围不一样
139687,1639,章林溪,2021-07-20 03:12:16,0,1,1,大雾乙1\n\n老师人挺可爱的，博克斯box😃上课也很认真，绝不拖堂\n\n不过老师有点口音，让我有点懵\n\n给分的话，感觉不怎么调分，我考试考的还行，但老师完全没改平时分，所以卡了
141778,1639,章林溪,2021-10-25 11:03:37,0,1,1,虽然老师有口音，但是在听懂的情况下（磨合一段时间就好了），会发现老师讲的真的很仔细，把一些题目和知识点的本质讲的很明白。另外，老师线上答疑真的超有耐心，会不怕麻烦认真解释的，对比起之前的大物课，真的是非常不错的老师了。
145301,1639,章林溪,2021-12-29 03:32:26,-2,0,2,我觉得老师很好呀，对同学很关照，小测题目也不太难，还没考期末，先来拜一拜
145546,1639,章林溪,2021-12-30 08:08:48,-1,0,1,章老师真的是非常可爱的老师！他很为学生考虑，本人大物两个学期都上他的课，感觉很不错！
147207,1639,章林溪,2022-01-09 05:42:45,0,0,0,老师真的是好老师 会捞人！\n\n感恩老师不挂之恩！
150976,1639,章林溪,2022-02-21 12:28:16,0,1,1,章老师人超级好  有什么需求尽管跟老师提  只要合理老师都可以满足的  有同学在群里问课程书籍 老师自己拍照回答  老师经常笑眯眯的很可爱 谢谢老师！
152162,1639,章林溪,2022-03-29 06:51:57,0,1,1,老师杭州（或者浙江这边）口音，杭州人专业对口，就是好像挺想下课的？比我还积极
153649,1639,章林溪,2022-05-07 03:21:56,2,3,1,可爱的老师，口音有一些。啵啵神社=半波损失
154371,1639,章林溪,2022-05-31 07:59:05,0,1,1,超级好老师，讲课会讲一些复杂的推导，会有一些口音。但是人超好，我一次小测睡过去老师还让我在下午补测，非常和蔼🥰
154372,1639,章林溪,2022-05-31 07:59:01,-1,0,1,超级好老师，讲课会讲一些复杂的推导，会有一些口音。但是人超好，我一次小测睡过去老师还让我在下午补测，非常和蔼🥰
155042,1639,章林溪,2022-06-08 01:02:47,0,2,2,老师很可爱，上课总是面带微笑，有一点点口音，但不影响上课，至少本北方人听懂没什么压力。上课内容也不难，小测也很温和，总之老师挺好的～
156009,1639,章林溪,2022-06-17 05:50:35,0,2,2,章老师人超级好，上课总是笑眯眯的，人也特别好，小测难度也比较低，快选！
156195,1639,章林溪,2022-06-18 06:35:36,-13,5,18,大学物理乙\n\n李力扬同学\n\n群里求调分，呵呵呵
156447,1639,章林溪,2022-06-19 17:46:59,0,1,1,很认真很亲切的好老师！
156461,1639,章林溪,2022-06-20 01:17:35,0,2,2,老师人真的超好
156477,1639,章林溪,2022-06-20 02:57:32,-1,1,2,老师小测比较基础，给分很清晰，也挺热心的，不会拖堂，我下一节课是身素从没有迟到过。但可能有点口音所以我有些地方听不太懂只能看别的老师智云…总体不错的。
156740,1639,章林溪,2022-06-21 01:00:33,1,8,7,老师人挺好的，很负责任，群里回答问题也很耐心很及时。绝对不会有一丝一毫的拖堂。而且非常相信同学们：平时都是上课时用数字签到，有一节课因为某些原因改成了课中，结果很多同学没去，老师还因为签到人数少而半天没想明白（因为大家都在智云签完到就走）\n\n    缺点就是：大家都不来也是有原因的，讲课有口音，抑扬顿挫让人犯困。其实课本身讲的不是不好，我精神的时候听着也觉得不错，只不过…可能这就是口音的神奇之处吧。\n\n    他的4次小测每次只有2道大题，难度不高（但如果你上课没听且课后完全没复习还是可能会扣不少分的），判的倒不严。3分的题算错数了只给我扣了半分，还有一次有一个证明题我不会然后写了一堆结果满分了……\n\n    助教不是很友善。最开始我不知道课本后有答案，作业都是自己写，结果因为算错数被扣了平时分……不过助教年年换，没什么参考价值。\n\n    不管怎么说，最后94.65老师给我四舍五入了一下还是满绩了。谢谢这位负责任的老师！（写这条评论的时候老师在群里发了一句“谢谢同学们，预祝假期快乐”）
157034,1639,章林溪,2022-06-21 16:13:54,3,4,1,怎么说呢？功夫在平时，他上课第一遍还是很晦涩难懂的，课件也是复古的模式，一次课程60页PPT是日常，需要提前预习或者课后疯狂补课程。因为大物期中期末考批卷很严，如果基本题型做的不熟练还是容易g的。老师小测根据你写的内容类似程度给分，如果小测写的和上课讲的内容方法差得多基本不给分，否则就算做不出也会给很高分（不过我认为这不能当做优点）。平时分是正态的，所以小测一定要考好。最后就是希望选这个老师课的同学一定要平时多努力，因为老师不太捞。
157933,1639,章林溪,2022-06-25 16:09:22,5,6,1,小测就两题难度还不高，给分的话感觉也没什么办法，平时分要正态的，讲课挺好的，老师人也好
159929,1639,章林溪,2022-09-09 05:02:43,4,6,2,不怎么调分，慎重～
168692,1639,章林溪,2023-02-21 05:42:44,2,4,2,改分是一点也不松手，指望能捞几乎不可能，建议是看PPT自学
168994,1639,章林溪,2023-02-24 02:56:16,2,2,0,大物乙1和2都是在章老师这学的，收获了一定的知识，也得到了与努力相匹配的成绩。感谢章老师。
174522,1639,章林溪,2023-06-13 15:18:16,3,4,1,一半课数字点名，讲课有一定口音，PPT很重要，他会发在课程群里，注意看，小测比较水，每次两道题，可以给半个小时，但是公式没记住会很惨
187963,1639,章林溪,2024-01-18 02:03:06,2,2,0,老师人挺好的，但是不调分。小测两道题的话如果当时没学懂没背好公式会很惨。
210158,1639,章林溪,2025-01-08 09:04:37,3,3,0,老师人特别好，虽然大物课普遍求是，但是老师在平时小测上已经很宽容了，题目不难而且改的松，所以即使不调分也看得过去，助教也很好！
213304,1639,章林溪,2025-01-17 01:38:55,1,1,0,讲课很好，大物乙一二都选的他，都满绩了
1254,1662,肖湧,2015-03-21 17:05:23,14,18,4,肚子大
24351,1662,肖湧,2016-05-03 10:37:56,7,7,0,点名不在扣分啊啊啊
59652,1662,肖湧,2017-09-25 10:37:26,2,6,4,很好的老师
74537,1662,肖湧,2018-03-03 05:51:00,0,2,2,绩点4.2给分还行
107835,1662,肖湧,2019-05-10 10:22:11,4,4,0,不评价了，这个分数也认了吧
109887,1662,肖湧,2019-06-20 04:28:25,4,4,0,给分差，说你考试“表现很好”，最后给个3.6
122525,1662,肖湧,2020-03-03 08:48:48,3,3,0,有些东西讲不清楚
51602,1710,陈庆虎,2017-06-07 12:11:42,5,7,2,。。。。。。。。
51604,1710,陈庆虎,2017-06-07 12:13:35,6,7,1,。。。。。。
51605,1710,陈庆虎,2017-06-07 12:15:15,4,4,0,27286； 一\n\n
51898,1710,陈庆虎,2017-06-13 08:34:06,-3,3,6,还好吧
52811,1710,陈庆虎,2017-06-23 04:34:03,-4,4,8,认真负责
59202,1710,陈庆虎,2017-09-20 07:22:35,-23,5,28,细致入微，深入浅出，清晰浅显，认真负责。（人也很萌）
60114,1710,陈庆虎,2017-10-11 00:04:02,2,6,4,事儿多，麻烦，嫌麻烦者慎选。
60338,1710,陈庆虎,2017-10-18 00:27:11,26,30,4,老师：这个…呃…那个…呃…呃…这个…是吧？\n\n我：呵呵
61174,1710,陈庆虎,2017-11-10 02:52:10,22,24,2,也不是说老师人不好，可陈老师真的不擅长教课吧。讲课吞吞吐吐口齿不清，复习的时候也没有重点，每天纠结于一些小事，对课程的整体把握欠佳。感觉大雾二的老师普遍比大雾一差一个档次。
63790,1710,陈庆虎,2017-12-15 02:50:30,10,10,0,口齿不清，重点不明
63936,1710,陈庆虎,2017-12-20 01:30:31,4,5,1,这个，对吧，是吧，这都是很简单的东西……
66149,1710,陈庆虎,2018-01-12 06:22:05,2,11,9,老师绝对是很负责任很有耐心的，复习的ppt很详细，复习课也很好，而且期中考试的成绩是老师一个人一个人私戳告诉的，真的很负责！在课上还会提醒希望认真听课，不要水手机，最重要的是老师是真的希望我们可以学到知识！
70127,1710,陈庆虎,2018-01-26 06:54:41,-4,3,7,被卡绩点真的很难受啊！！！平时很认真，平时分就不能多给1分吗。。。。。。。。。
103257,1710,陈庆虎,2019-02-27 04:08:57,15,16,1,不行了我不行了真的不行了
104138,1710,陈庆虎,2019-03-13 02:14:56,6,6,0,老师说话就不能把嘴张开说清楚了吗
104747,1710,陈庆虎,2019-03-27 03:51:03,8,8,0,听得我很难受
109217,1710,陈庆虎,2019-06-12 03:40:03,14,14,0,你将看到....大型全班低头做作业或者自习现场
109728,1710,陈庆虎,2019-06-19 02:21:48,-5,1,6,讲得挺有趣
112119,1710,陈庆虎,2019-07-03 15:42:45,19,20,1,陈老师的课 十分适合自主学习，学一些微积分、java、c程这样需要仔细琢磨的的东西！\n\n
112188,1710,陈庆虎,2019-07-03 20:37:35,-5,1,6,陈老师是真的想把课上好，但能力不足吧，给分也不是很刁难，觉得自己能自学好大雾的不用慌。
112586,1710,陈庆虎,2019-07-04 19:56:55,7,7,0,首先听懂他在说什么就是一种挑战，其次努力听不睡着是另一种挑战，平时分会参照期中考成绩，最后应该就是极差越来越大吧。其实感觉期末考没有那么难但不知道为什么分数和期中考差了那么多，最后绩点也的确凉凉，慎选，毕竟几乎没人听课的（好处大概是作业不太多，没有小测，并且一学期只点了一次名？
113458,1710,陈庆虎,2019-07-06 17:34:43,7,8,1,能不上他的课千万别上，著名绩杀，学不到任何东西。真的想在这里直接脏话骂他
113601,1710,陈庆虎,2019-07-07 01:01:11,29,29,0,救死扶伤陈启瑾，劫贫济富陈庆虎?
113669,1710,陈庆虎,2019-07-07 02:57:06,22,23,1,就，就，就退院助推剂。\n\n希望老师能够把课讲明白点，出卷子题目写清楚点，至少你得考的和讲的有点关系行吗。。学过竞赛的可以选吧，没学过但很自信的也可以选，我这种sb就不要选了，惹不起躲得起好吧。
113701,1710,陈庆虎,2019-07-07 04:33:42,5,6,1,讲课不深扣1分，欺负我老婆扣十分，赵洋爷爷加5分，为人和善加一分\n\n最后，趋肤效应真的会考...
113730,1710,陈庆虎,2019-07-07 06:24:43,4,4,0,凭什么最低只能打1分？
113732,1710,陈庆虎,2019-07-07 06:30:47,10,10,0,讲电磁学，主要靠自学吧。作业比较少，考试比较难（但是普物好像也这样？）上课ppt过得太快了，没有教你怎么做题，以为你都懂了。喜欢自嗨，课堂要求比较严格，向他问问题很难得到满意的解释。
113936,1710,陈庆虎,2019-07-08 09:20:02,6,7,1,其实老师最后卷子，客观来讲，不很难?但是他的上课风格让人完全就对这门重要的基础课失去兴趣?老学长已经GG了?\n\n希望学弟学妹顶住压力，一定要自己多用些心思，把这门课学好！
114048,1710,陈庆虎,2019-07-08 13:34:41,3,3,0,老师很想教好。但其实他只适合做研究，挺可怜的孩子 不过感谢捞我 想及格的最好不要选
114453,1710,陈庆虎,2019-07-10 03:34:01,11,12,1,感谢虎哥给了我本学期最低绩点，人还不错
114478,1710,陈庆虎,2019-07-10 05:12:07,4,4,0,“这些大家都学过吧，都会了吧，那我就过了。”
114907,1710,陈庆虎,2019-07-12 16:37:19,4,4,0,感觉没有学到多少有用的东西，三周的外教课体验还不错
117386,1710,陈庆虎,2019-09-23 23:59:05,0,0,0,上课听天书
122579,1710,陈庆虎,2020-03-05 02:39:54,6,6,0,听不懂他讲什么，感觉老师很认真教，但我听不懂。绩点一点五，就靠陈庆虎！
123322,1710,陈庆虎,2020-06-20 04:06:48,51,57,6,虎哥虎哥，自嗨讲课\n\n问题慎提，复读会死\n\n口齿不清，支支吾吾\n\n浙有二陈，退院助手\n\n精简竺院，身体力行\n\n绩杀之王，剑指叔平
124001,1710,陈庆虎,2020-06-20 03:40:56,20,24,4,本人是求物成员之一，这是非常差劲的一位老师。课讲不明白，口齿不清。善于和他的脑瘫助教创造一些不是人的规定，经常宣扬自己的人道主义，却总是在课上突袭检查，不听不行，讲的实在是太烂了。求物的师资不如普通物理系，课业却比物理系难，绩点低，敢问物理系能不能动动脑？
124003,1710,陈庆虎,2020-06-20 04:34:21,5,6,1,准备捉妖！
124004,1710,陈庆虎,2020-06-20 03:53:11,5,6,1,逻辑鬼才
124005,1710,陈庆虎,2020-06-20 04:21:49,5,5,0,我觉得他还不如csp老师。。
124007,1710,陈庆虎,2020-06-20 04:32:23,10,10,0,怎么说？本来想留到成绩出来再说一波，没想到一波操作实在让我想好好记录一下他这个人。首先，背景是线上考试，流程极其简单，尽管存在各种问题但尚可解决（这些是其他课上得出的结论），但cqh完全将其复杂化，二十多个人的课，搞个线上模拟考都要两个小时，别班120人的大班只需要一个小时解决所有问题，他到最后还在纠结考试时间、试卷提交方法、试卷提交所需时间，真替插不上话认真负责的助教们心疼。（这波就先说关于此次线上考试中cqh的dizhi行为吧(┯_┯)其他下次再评）
124180,1710,陈庆虎,2020-06-26 13:22:58,7,7,0,我给了虎哥六分，感觉他有想要好好教的心也确实传授了不少知识（自身水平应该也还不错），但yysy... 虎哥你tm平时分和期末考37开虎谁呢？求物不要绩点的吗？还真就绩点1. 5全靠陈庆虎
124574,1710,陈庆虎,2020-07-03 06:50:35,2,2,0,啊这。。。
135650,1710,陈庆虎,2021-05-18 05:09:26,1,3,2,陈老师为人挺好的
135918,1710,陈庆虎,2021-06-03 04:57:27,2,4,2,虎哥比何丕模讲的好很多。
138205,1710,陈庆虎,2021-07-08 02:30:20,6,7,1,奇葩性格，口齿不清\n\n退院助手，名不虚传\n\n成绩未出，直接查老师见
138246,1710,陈庆虎,2021-07-08 06:47:36,0,3,3,虎哥，我菜，求捞
138287,1710,陈庆虎,2021-07-08 10:46:17,4,4,0,口齿不清，不是不听，而是不能听\n\n全勤加作业基本全对加小测只有一次不是满分\n\n平时分扣十二分，朋友们自行抉择\n\n陈老当真乃劫贫济富之大人物，虽说我其他门的均绩已经很差了，你又何必如此
138500,1710,陈庆虎,2021-07-09 14:26:40,4,4,0,全靠自学，绩杀，一句话，快跑！！！！
138504,1710,陈庆虎,2021-07-09 14:47:11,1,1,0,不准备自学大物的还是退课吧，还有大物这平时分正态是人想的出来的规定吗？
138595,1710,陈庆虎,2021-07-10 02:48:06,3,5,2,平心而论，对于大物这一门课而言，自学应该算是常态了。\n\n而且平时分正态是年级的规定，因为这个要怪老师的话有点偏颇了。\n\n在我看来，老师是很和蔼的一个人，在课前他会巡视教室一遍，在期末要考试的时候他也特意来给我们开一节复习课，可以说是比较用心的。\n\n老师上课确实比较一般，但是也不能因此完全否定老师。
138628,1710,陈庆虎,2021-07-10 04:24:31,4,4,0,今年的卷子真就将劫贫济富继续扩大化呗，填空题＋简答题题量暴涨，填空题貌似还没有过程分只有答案分？太离谱了
138629,1710,陈庆虎,2021-07-10 04:24:31,2,2,0,今年的卷子真就将劫贫济富继续扩大化呗，填空题＋简答题题量暴涨，填空题貌似还没有过程分只有答案分？太离谱了
138631,1710,陈庆虎,2021-07-10 04:32:12,8,9,1,给老师7分吧 我是求物的，上的是老师的电磁学，不是大物。\n\n首先老师真的有认真备课，只是他可能确实不怎么会上课，然后口齿可能天生有点不太清楚，还有有时候讲到重点的时候会快速过去然后开始“海阔天空地吹牛”（他原话），所以可能听起来累一点，但完全不能听也是过度批评了。\n\n然后老师对学生真的非常不错（给分除外），问我们全班同学要了照片，想认识我们，大学老师主动来认识同学的真的不多见了。\n\n老师是一个金句迭出的人，这一点求科和强基都领教了哈哈。\n\n改进意见：\n\n①平时作业的要求可以提高一些，与考试难度匹配起来；\n\n②考试的题量可以适当减一些，海量题目任意挑选是真的难顶；\n\n③成绩构成这块平时分和考试分可以调整为四六开，这样可以稍微改善一下给分。\n\n总之还是谢谢老师一学期的教导！
138632,1710,陈庆虎,2021-07-10 04:33:40,5,5,0,电磁学，老师有想法，但是大部分时间读ppt，当他使用黑板的时候，说明他要认真了，务必尽力跟上。但是可能板书比较乱，一开始没跟上后面会很难受。\n\n说到考试，只能感谢他的不挂之恩吧
151426,1710,陈庆虎,2022-03-03 04:00:04,2,2,0,讲课模糊不清，什么问题都说简单。也许c可以带几个博士生，但我感觉c不适合讲课。。。（还是卡绩点，快跑吧！）
151532,1710,陈庆虎,2022-03-07 02:38:23,1,1,0,讲课含糊不清，就像在讲给自己听，快逃！
156638,1710,陈庆虎,2022-06-20 13:03:34,4,5,1,别选，真的会挂
156639,1710,陈庆虎,2022-06-20 13:03:36,4,4,0,挺认真学了最后绩点2.7，寄
156641,1710,陈庆虎,2022-06-20 13:08:25,4,4,0,真的会挂啊啊啊啊啊😭😭😭😭
156831,1710,陈庆虎,2022-06-21 05:24:51,1,1,0,分太低了
157630,1710,陈庆虎,2022-06-24 06:03:06,1,1,0,真的会挂啊
170920,1710,陈庆虎,2023-03-12 11:58:43,4,4,0,依托钩式
173733,1710,陈庆虎,2023-06-02 05:10:26,2,2,0,纯纯逆天
175940,1710,陈庆虎,2023-06-27 08:08:09,5,6,1,cqh老师上课不点名 是一位很博学的老师 对于英语和历史有着深厚的知识储备 经常讲一些有趣的物理学的历史 \n\n除去难度比较大的考试和相对比较求是的给分外 个人认为cqh还算是一个比较好的老师
176060,1710,陈庆虎,2023-06-27 14:09:00,0,1,1,给分纯纯逆天
177454,1710,陈庆虎,2023-07-03 10:03:29,2,2,0,呵呵呵
195104,1710,陈庆虎,2024-06-26 23:17:48,1,1,0,1.学校好像规定要点几次名。所以有些时候上课会钉钉点名\n\n2.我们这学期作业是错一道扣5分\n\n3.虎哥这学期绩点给的都很好！感觉期中考占比不是很大\n\n4.平常虎哥课可以认真听，然后看看赵凯华的教材，就很好了！
195107,1710,陈庆虎,2024-06-26 23:38:11,-1,1,2,虎哥为人和蔼，很关心同学。个人感觉上课内容挺丰富的，既会讲课本的基础，也会有写黑板的拓展（主要是数学推导上的拓展），所以虎哥的电磁学课认真听的话还是很有意思的。虎哥的课堂内容结合了英文教材和mit的电磁学课，能看出来是有认真备课的。至于给分，我们这一届似乎给分挺不错的（？本人在期中大寄的情况下也满绩了（bushi
195132,1710,陈庆虎,2024-06-27 02:05:52,2,8,6,大爱陈老师，陈老师已经变了，学弟学妹们快冲！
195148,1710,陈庆虎,2024-06-27 02:59:34,1,1,0,阿虎真的会捞，作业简单量少，小测也简单，可以选
195232,1710,陈庆虎,2024-06-27 10:38:08,3,3,0,陈老师是一个比较和蔼的老师。但就讲课而言，个人觉得有些照本宣科了（或是说是非常传统、苏式教学），除了课本之内的公式，很少听到关于物理思想的理解。给了7分，总体还不错，可选。
219079,1710,陈庆虎,2025-05-21 05:24:33,2,2,0,sb!
219098,1710,陈庆虎,2025-05-21 11:02:57,1,1,0,前面说好话的是收什么好处了吗？这课上的我有点厌学了，课讲的差，人也一言难尽，出成绩了再来吐槽个完整版。
219175,1710,陈庆虎,2025-05-22 17:19:28,1,1,0,口齿不清到这种程度也能来讲课吗
220831,1710,陈庆虎,2025-06-20 04:40:53,4,4,0,口齿不清，难度极大，期末一点不捞
220835,1710,陈庆虎,2025-06-20 05:10:03,4,4,0,讲课是没有逻辑的，点名 小测是随机的，成绩是不公布的，情绪是不稳定的，绩点是极低的。重点来了：他不让听课时看电子设备，否则会阴阳怪气 甚至恶龙咆哮！假如你不是大佬，劝退！
220865,1710,陈庆虎,2025-06-20 07:41:54,1,1,0,口齿不清，有较多内容靠自学，难度是有的，电磁学确实有点难
18,1724,王琴妹,2015-03-14 15:24:49,28,38,10,老师很负责。认真听课会有回报的。
423,1724,王琴妹,2015-03-15 02:10:36,49,54,5,难得的好老师 没什么缺点的
482,1724,王琴妹,2015-03-15 03:08:18,39,46,7,认真负责 思路清晰 四次小测验作为点名
520,1724,王琴妹,2015-03-15 04:07:19,105,112,7,老师讲得详细透彻，认真负责，课后很乐于回答同学的各种疑问。印象中每次下课都有一堆同学围着她。
608,1724,王琴妹,2016-06-29 08:35:44,-55,30,85,上课就是把书上的东西念一遍，还不如自己看书，给分低，我考的比较差请她帮我看看错哪了，态度很不好的拒绝了，对于成绩差的同学有种不屑交流的感觉
732,1724,王琴妹,2015-03-16 05:43:23,22,26,4,好老师，很负责。
1142,1724,王琴妹,2015-03-23 05:34:59,-51,16,67,给分太坑！\n\n
1343,1724,王琴妹,2015-03-22 00:31:07,18,22,4,讲解细致，就像高中老师一样。
1567,1724,王琴妹,2015-03-22 14:44:45,21,23,2,老师很好，思维灵活，重点是上课另外的例题很好。
3090,1724,王琴妹,2015-05-14 02:50:58,5,7,2,老师很好，讲得很透彻
3740,1724,王琴妹,2015-06-17 03:00:09,1,4,3,很好的老师！
4610,1724,王琴妹,2015-06-25 03:25:01,4,6,2,老师很好
5457,1724,王琴妹,2015-07-07 16:12:15,6,8,2,很认真，很热情～～
5471,1724,王琴妹,2015-07-07 17:28:10,9,15,6,讲课很详细，有人说具有催眠效果，但要看你怎么听课了，想认认真真地学到知识，这个老师绝对棒！知识点和方法都梳理得井井有条。
5543,1724,王琴妹,2015-07-08 06:12:17,2,5,3,很有气场的老师
5551,1724,王琴妹,2015-07-08 07:54:56,2,5,3,讲的很不错，给分也挺厚道，难得的好老师
5644,1724,王琴妹,2015-07-09 02:18:32,0,3,3,讲挺细的吧
5737,1724,王琴妹,2015-07-09 08:21:55,1,5,4,很好的老师 讲题很细致
6054,1724,王琴妹,2015-07-10 13:40:26,7,11,4,老师认真负责 知识点梳理很详细 也很乐意回答提问 挺好的
6915,1724,王琴妹,2015-08-08 12:19:58,0,4,4,老师讲课速度比较慢，讲课很详细，解答很有耐心，很适合基础不好但是想要学好物理的同学。只要好好学老师给分会很好的。
13513,1724,王琴妹,2015-12-29 00:35:37,-1,2,3,老师讲课条理清晰，热心回答问题！
14595,1724,王琴妹,2016-01-08 02:01:47,-1,2,3,很好的老师~
16063,1724,王琴妹,2016-01-17 06:21:46,-1,3,4,老师很棒 有耐心的好老师
16276,1724,王琴妹,2016-01-17 15:54:01,1,2,1,...........
16780,1724,王琴妹,2017-09-24 05:44:35,-46,14,60,坑货，千万别选她
17123,1724,王琴妹,2016-01-19 15:27:35,-1,2,3,老师讲解细致深刻，知识点的讲解详细，考前还有认真负责的复习课。
17144,1724,王琴妹,2016-01-19 16:33:56,-1,1,2,很认真的老师
17291,1724,王琴妹,2016-01-20 03:46:23,1,3,2,我感受到了浓浓的师生情~
17469,1724,王琴妹,2016-01-20 09:02:24,-2,1,3,各种好
17668,1724,王琴妹,2016-01-20 15:12:39,-2,1,3,细心，耐心的好老师
18422,1724,王琴妹,2016-01-21 15:03:33,18,20,2,王琴妹老师讲课特别赞，逻辑性很强，条理清楚，人很善良。有一次打水去看到老师冲我微笑感觉很温暖。妥妥的满绩女神啊！
19264,1724,王琴妹,2016-01-23 16:21:43,-2,1,3,老师超级和蔼
20507,1724,王琴妹,2016-01-28 03:18:02,4,6,2,这门大雾甲二我真是没翘一节上下来的。老师讲的挺认真，就是稍微有点慢我会走神。但是她的ppt超级精炼。良心给分
21463,1724,王琴妹,2016-02-29 02:34:17,-2,1,3,挺好的，上课认真就没问题了
22794,1724,王琴妹,2016-03-11 12:59:33,-2,1,3,难得的好老师，人很和蔼。
23107,1724,王琴妹,2016-03-18 02:22:57,-2,0,2,认真负责。无可挑剔
25111,1724,王琴妹,2016-06-30 07:24:48,8,10,2,老师认真负责很知性的感觉 给分也不错！
25998,1724,王琴妹,2016-06-15 03:51:22,1,3,2,讲课非常仔细，但每次都那么多人不来，心疼老师
26319,1724,王琴妹,2016-06-17 01:07:55,-2,0,2,好老师，上课很轻松
26560,1724,王琴妹,2016-06-20 06:18:32,-1,1,2,考试前来评的，就冲负责给10分
26775,1724,王琴妹,2016-06-21 05:44:46,-2,0,2,老师超级好
27642,1724,王琴妹,2016-06-27 06:12:58,0,2,2,很喜欢琴妹，虽然上课有时候睡觉醒来发现老师在朝着你笑。还没有出分，希望最后会有个好成绩。
28041,1724,王琴妹,2016-06-28 08:01:19,-2,0,2,好老师好老师
28064,1724,王琴妹,2016-06-28 08:03:26,-1,0,1,老师很棒，讲课思路清晰，速度适中，认真听的话收获很大
29421,1724,王琴妹,2016-06-29 18:11:40,6,11,5,老实说很惭愧，没怎么听课，但还是有些想说的，老师不会点名，但讲完一章就会有一个关于本章内容的小测试，是会算进平时分的，题目也不算难，只要自己上课听课，基本都会做
29440,1724,王琴妹,2016-06-29 23:34:15,-1,0,1,很认真很负责，讲课的思路也很清晰
29641,1724,王琴妹,2016-06-30 05:57:22,-1,0,1,好老师，怪自己期末没发挥好，偶尔有课堂测试
29726,1724,王琴妹,2016-06-30 08:46:18,4,6,2,人美心善，讲的好，耐心细心，反正是我女神。大雾满
29998,1724,王琴妹,2016-06-30 16:28:55,-1,0,1,讲的很认真很详细
34165,1724,王琴妹,2016-09-28 02:20:05,-1,1,2,讲的真的是很清楚易懂，而且例题也会点出代表性的错误，给分也很好，能选一定要选她！
40525,1724,王琴妹,2017-01-04 03:20:20,-1,2,3,超赞的老师，上课很认真，有很多次小结。考试查成绩做的特别好。\n\n难得的好老师
41176,1724,王琴妹,2017-01-10 01:18:01,-5,3,8,并不觉得老师讲的很好，大物甲一二都是女老师的课，发现女老师的优点就是每个点都给你讲到，相比我去蹭课的阮志超老师，就会明显发现男老师讲课照本宣科的很少，都有侧重和随性的地方，而女老师的课堂就会全程都是重点那种感觉......而且不会有这块我讲的难一点那块不怎么考完就讲简单点。难度全程相同但是其实很多都不用掌握得那么难啊！
42245,1724,王琴妹,2017-01-14 03:00:26,-1,0,1,很好的老师，讲课很清楚。（另外老师期末调调分好不好不然我会挂的）
43466,1724,王琴妹,2017-01-16 10:05:32,-1,0,1,超级棒的老师
43614,1724,王琴妹,2017-01-16 15:31:10,3,6,3,我2个室友天天吹，应该很好
43642,1724,王琴妹,2017-01-16 16:27:42,-1,0,1,老师超棒，很优雅，上课讲得很清楚，总是会有复习和习题课。有3次小测验，应该计次数不计做的情况。很喜欢的老师。
43659,1724,王琴妹,2017-01-16 16:54:32,-2,1,3,老师人很好，讲课好给分也好，回答问题也比较认真透彻。
43684,1724,王琴妹,2017-01-16 23:10:03,2,3,1,小测当点名
43710,1724,王琴妹,2017-01-17 00:50:15,-5,2,7,老师讲课还行，给分不错。
44453,1724,王琴妹,2017-01-18 00:21:34,-1,1,2,讲的很细，很负责，答疑有耐心，给分也好！
44961,1724,王琴妹,2017-01-18 15:52:48,0,1,1,超级赞的老师  平时几次小测点名\n\n每阶段都会有复习课  跟着老师走考试一定没问题  给分超好\n\n
46885,1724,王琴妹,2017-01-22 16:18:42,-2,2,4,上课都去教室，小测验都参加，期中考试也参加，肯定可以过。
51398,1724,王琴妹,2017-06-05 00:38:05,-4,2,6,上课不就是把她知道的都讲一遍吗，没什么意思
51568,1724,王琴妹,2017-06-07 08:03:17,-1,1,2,老师很负责，讲的超细致
52645,1724,王琴妹,2017-06-22 01:28:42,0,1,1,老师人超级好，总是为我们着想
54200,1724,王琴妹,2017-06-28 16:14:12,4,6,2,凭良心讲绝对是值得打10分的好老师，上课讲解细致，答疑也特别热情，感觉就像高中老师，就像朋友。很惭愧了是我自己不努力，有半学期作业没交，上课也没有跟上…最后刚刚低分飘过，但是老师真的好，和成绩无关，何况老师也不绩杀，是自己的问题。如果能重来一定会好好学大物。
54201,1724,王琴妹,2017-06-28 16:15:51,-1,3,4,老师好 给分超级棒 知性的女神！！！
54235,1724,王琴妹,2017-06-29 00:20:30,-3,2,5,老师的小测，感觉真的只是当的点名诶，几次小测做的都不是很好但平时分满了。
54494,1724,王琴妹,2017-06-29 11:49:42,0,3,3,王老师讲课非常认真细致，每个章节结束都会给大家复习，总结的方法也都很好。给平时分的时候顶住了课程组的压力，没有正态，最后大家平时分都很高的，给老师点赞。
54730,1724,王琴妹,2017-06-30 06:03:36,-1,0,1,很理解学生。
55587,1724,王琴妹,2017-07-02 03:34:57,-21,3,24,那些说老师给分好的大概都是大佬吧，反正我的平时分扣掉了5分！大物平时分给我扣这么多是什么鬼？？？？？
56036,1724,王琴妹,2017-07-03 03:11:42,-1,0,1,有次小测没测?平时分---
56788,1724,王琴妹,2017-07-04 15:38:43,-2,0,2,选上老师的课是我的幸运！
58877,1724,王琴妹,2017-09-18 07:58:37,-2,0,2,认真跟着老师走能学到很多东西。平时事情少
58965,1724,王琴妹,2017-09-19 02:04:26,0,2,2,绝对是最好的物理老师！很细致，像高中老师一样，有问题必回，非常关心学生，能够选上王老师的课真的是修了八辈子的福气！
59862,1724,王琴妹,2017-09-28 01:01:59,-4,3,7,感觉是照着书讲的，虽然她不看书，但是怪怪的，不知道是不是因为我没睡醒
65894,1724,王琴妹,2018-01-10 03:26:17,0,2,2,一个字，好\n\n
68540,1724,王琴妹,2018-01-23 10:29:12,-16,1,17,虽然渺茫，但是还是让我看到了大雾满绩的希望。
69936,1724,王琴妹,2018-01-25 16:52:30,1,2,1,唉……
69937,1724,王琴妹,2018-01-25 17:13:02,3,10,7,大物1是别的老师拿了3.6大物2是她拿了4.8，真的拯救了我！
69948,1724,王琴妹,2018-01-25 23:17:37,1,3,2,超好的一个大物老师
69950,1724,王琴妹,2018-01-25 23:38:13,-32,4,36,这学期课下没怎么学大物，全靠上课老师carry，王老师真的很棒，讲课清晰细致，很有节奏，而且重要章节还有复习课，简直不能再棒!（4.8低分飘过）
69951,1724,王琴妹,2018-01-31 12:33:10,-1,3,4,绝对良心好老师
69963,1724,王琴妹,2018-01-26 00:31:05,0,1,1,赞赞赞 老师会扩充讲不少补充题呢 答疑也特别耐心细致 讲课也不让人犯困 很棒
69980,1724,王琴妹,2018-01-26 01:18:14,-1,1,2,特别好的老师，认真负责
69984,1724,王琴妹,2018-01-26 01:25:20,2,4,2,老师上课讲得好，层次分明有条理，重点突出。一块内容讲完会有复习课，之后有小测，小测不难，复习课认真听就可以拿高分，平时分按小测成绩排名给，老师尽量给到最高分。绝对是好老师!
70444,1724,王琴妹,2018-01-26 15:42:07,10,15,5,满绩了讲个笑话：\n\n同桌：你说老师的老公平时叫她什么？\n\n我:?\n\n同桌：妹妹
72800,1724,王琴妹,2018-01-31 05:46:52,-1,1,2,老师很负责任，给分公平
73704,1724,王琴妹,2018-02-02 17:51:37,-30,8,38,必须给满了！简直就像高中老师一样细致，大物1和2都是她的，一次5.0一次4.8，给分不要太好！
78334,1724,王琴妹,2018-05-11 02:57:16,-1,1,2,王琴妹是个好老师o(^o^)o
80698,1724,王琴妹,2018-06-29 11:02:55,-1,2,3,虽然还没有考试，但我毅然决然给了老师10分，老师真的是一个好老师，答疑特别有耐心，讲课也讲的非常到位，反正就是喜欢，可惜大雾2不能继续上老师课了
81703,1724,王琴妹,2018-07-06 02:48:42,1,3,2,虽然自己上课经常睡着，最后成绩不好也只能怪自己平时没怎么做题记不住公式，老师真的很温柔很好哇，考前预习的时候看复习课PPT应该是够的，老师人很好讲的也好，可惜下学期不是老师的课了，不然我下学期一定强迫自己上课不睡着
81712,1724,王琴妹,2018-07-06 02:59:19,-1,2,3,超级超级好的老师
82215,1724,王琴妹,2018-07-07 12:33:30,4,6,2,老师是研究物理教学的，讲课水平很高\n\n最后一节课，“讲了那么多次练了那么多次还错你说该不该骂”，良师，大赞！
82758,1724,王琴妹,2018-07-09 05:22:17,-18,6,24,满绩女神٩(๑òωó๑)۶
82769,1724,王琴妹,2018-07-09 05:45:23,-37,7,44,老师真是太好啦，帮我拿到了大学第一个纯满分！平时不点名，小测只要去了一般就满分，期中考试根据排名给分，毕竟有正态要求，老师也很无奈。上课讲的特别清楚，而且还有习题课，手把手教我们怎么做题，超级有效！而且答疑特别耐心，邮件也很快很用心的回复。就是可惜大物二不能上王老师的课了。。。桑心。。。
82778,1724,王琴妹,2018-07-09 07:44:12,-32,6,38,满绩了，好老师
82808,1724,王琴妹,2018-07-09 07:08:10,1,5,4,好老师啊！真正的好老师！
86833,1724,王琴妹,2018-09-19 03:26:24,3,4,1,上课困
91727,1724,王琴妹,2018-12-19 01:48:45,9,11,2,哈哈老师课件吃香蕉太可爱了
92973,1724,王琴妹,2019-01-06 12:27:42,0,2,2,妥妥的女神啊，温柔有气质，讲课调理清晰，又想学物理了
98242,1724,王琴妹,2019-01-23 08:40:59,-1,2,3,老师真的特别温柔，讲课也特别好，特别喜欢的老师。
99366,1724,王琴妹,2019-01-24 15:33:35,-1,2,3,老师也太优雅了吧，老师太好了
99390,1724,王琴妹,2019-01-24 16:03:21,0,2,2,......
99942,1724,王琴妹,2019-01-25 10:19:49,-1,1,2,上课讲的很清晰 习题课会把很多疑点讲的很透彻 8说了 王老师女神！！
103140,1724,王琴妹,2019-02-26 06:45:26,-1,1,2,讲课很清晰\n\n
103481,1724,王琴妹,2019-02-28 10:47:02,1,2,1,老师气质很好，很负责很认真，讲课很有条理，复习课也很值得听。
104423,1724,王琴妹,2019-03-20 03:53:12,3,11,8,盛名之下，其实难副。
107629,1724,王琴妹,2019-05-07 23:39:12,-1,1,2,超好的老师！
109300,1724,王琴妹,2019-06-13 03:23:54,0,2,2,很棒的老师
109996,1724,王琴妹,2019-06-21 03:42:23,1,3,2,真的非常非常好的老师，我从另一个角度评一下。\n\n\n\n我是一个不太听课，上课经常迟到的学生，但是作业都是交的。老师对迟到这个确实不高兴，但在最后我的作业次数出问题，查作业递交情况的时候，还是耐心地帮我查了，也给我说只要自己能下功夫学好就好，她说她不重视形式。\n\n\n\n真的是非常好的老师。下个学期没办法再上她的物理了，真心祝愿有幸能选上她的课的同学都能有所收获。\n\n\n\n还没考试，但是十分是必须的。
111627,1724,王琴妹,2019-07-02 08:59:40,0,2,2,感谢阿妹?
111633,1724,王琴妹,2019-07-02 09:05:49,-24,5,29,琴妹女神真的太好了，我一个选考物理91的菜鸡，上课还老迟到，公式都记不住，考场还要临场推公式，最后居然喜提大学第一门大课满绩。女神的课非常简洁，重点突出，让人不用花太多力气去二次整理。小测除了第一次以外都很简单（私以为小测是用来点名的）。希望后来人好好珍惜女神的课。
111642,1724,王琴妹,2019-07-02 09:50:55,-24,5,29,哈哈哈哈，老师还说平时分要正太，吓我一跳，以为要死在平时分了，结果虽然小测被扣了一分，平时分老师还是给了我满分，所以我严重怀疑琴妹口中的正太是骗人的。老师上课讲的炒鸡清晰，一题多解，从多个角度解决问题，让人直呼过瘾。可惜下学期不是琴妹的大雾了，不过还是很开心大一下是琴妹教的大雾，10分必须的，嘻嘻嘻
111652,1724,王琴妹,2019-07-02 11:11:49,2,3,1,物理系真的太好了
111668,1724,王琴妹,2019-07-02 13:16:27,3,4,1,老师真的太好了 下学期没选上她的课我要哭了 上课上的超级好人也好 哎 真喜欢她啊
111674,1724,王琴妹,2019-07-02 13:22:15,0,2,2,老师真的很好！期末前说 最后她会把大家卷子再看一看，加一加分，真的很细致负责的老师！
111716,1724,王琴妹,2019-07-02 15:52:51,-37,4,41,想看看期末卷子，4.2感觉有点低了
111724,1724,王琴妹,2019-07-02 16:14:59,0,1,1,老师很好很负责，讲课很清晰嘻嘻给分也很好，让wjf凉凉的我重新振作...只可惜下学期不是王老师了，不过大雾还是要继续努力鸭！
116412,1724,王琴妹,2019-09-10 03:46:33,0,3,3,上学期忘记打分了，回来补个10
121792,1724,王琴妹,2020-01-22 02:19:33,8,9,1,上过老师课的懂得都懂
125525,1724,王琴妹,2020-09-11 03:16:11,-46,6,52,轻松满绩 有手就行
132451,1724,王琴妹,2021-02-01 15:51:28,1,4,3,讲课很好，但是平时分能别正态吗？给分太求是了。。
136683,1724,王琴妹,2021-06-23 03:54:30,2,3,1,老师满分 但这个助教不负责
137460,1724,王琴妹,2021-07-04 08:54:10,-35,2,37,好老师，虽然最后只有4.8（期中太拉了
138122,1724,王琴妹,2021-07-07 11:56:55,1,2,1,老师讲课真的很好！
138286,1724,王琴妹,2021-07-08 10:45:43,-55,0,55,多给一份就满了，差评。
138780,1724,王琴妹,2021-07-10 23:54:31,-56,0,56,哈哈哈哈我不会告诉你我是通过上个班的同学的帮助平时分满了然后满绩了
147829,1724,王琴妹,2022-01-11 03:13:49,0,1,1,好老师
149143,1724,王琴妹,2022-01-14 14:03:54,1,10,9,老师敬业水平高\n\n我的分数却不好\n\n不是大物讲得孬\n\n只怪模电把我烧\n\n艹艹，艹艹艹艹
156484,1724,王琴妹,2022-06-20 03:13:10,0,1,1,满绩前来还愿
158452,1724,王琴妹,2022-06-29 10:45:48,2,2,0,满绩还愿。老师上课讲的很清楚，只要课下认真写作业，做课上例题，考前再多刷点历年卷就好了。考前问老师一个小小的问题，老师还钉钉打电话过来和我说明，真的很认真很负责，只可惜老师教完我这个班就退休了。
185229,1724,王琴妹,2023-12-27 07:38:04,0,0,0,。。。
192999,1724,王琴妹,2024-06-02 08:04:38,0,0,0,恩人，两次捞我及格
2298,1747,周一峰,2015-04-17 03:49:27,-1,7,8,讲的很混乱。。
3098,1747,周一峰,2015-07-13 08:28:32,-4,4,8,期中考根本没算总分，玩个屁
3298,1747,周一峰,2017-06-01 07:05:19,-18,4,22,很烂 shit啊
3969,1747,周一峰,2015-06-17 11:25:29,1,14,13,老师似乎还是认真的，但他真的不太擅长教书……\n\n三节连堂，几欲昏死
5818,1747,周一峰,2015-07-09 13:49:00,1,8,7,困死\n\n一片混乱
17139,1747,周一峰,2016-01-19 16:21:30,-2,3,5,不想吐槽PPT
17255,1747,周一峰,2016-01-20 02:43:05,-3,6,9,老师很认真地在讲啊，但是讲的是什么玩意儿啊！到后面满教室的人只剩下一半不到来听课，唉～
17713,1747,周一峰,2016-01-20 16:57:09,-4,1,5,绩杀
19039,1747,周一峰,2016-01-23 06:11:12,23,24,1,很喜欢这个老师，很温柔啊，还是很宽容
21552,1747,周一峰,2016-02-29 07:29:59,-4,0,4,太快了\n\n
22517,1747,周一峰,2016-03-07 07:21:12,-4,2,6,不太会教的样子
23189,1747,周一峰,2017-01-22 04:16:41,3,5,2,老师还是很负责的，给分比预想的要好很多，虽然我考的不好。作为一个在大物中挣扎的文科生还是很感谢老师的
23607,1747,周一峰,2016-04-09 02:08:45,-1,1,2,老师很有特色啊。。。虽然没听过他讲什么。。。。。。
25562,1747,周一峰,2016-12-24 13:38:07,33,36,3,从大物1就开始学峰哥的课，现在大物2了，峰哥的风格已经完全变了，之前是能有多快就多快，记得大一有一次提前了一节课下课，但是现在超级负责，上课会停下来问有没有听懂，还有问题的举手，如果有问题的人比较多的话，峰哥会再细心的讲，课后的提问也非常细心的解答，解答完后还要问一下：对老师的这个答案还满意吗？\n\n而且课后再学习交流群真的是有问必答，非常负责！！！
25803,1747,周一峰,2016-06-08 12:10:36,-1,1,2,听不懂TAT
26605,1747,周一峰,2016-06-20 10:24:39,4,4,0,还可以吧
28128,1747,周一峰,2016-06-28 08:08:15,16,18,2,其实老师很棒的，自己认真一点能学到很多
28932,1747,周一峰,2016-06-29 03:48:41,12,13,1,其实老师很渊博，只是说话语气有点催眠的感觉，ppt真的很赞，好老师
29560,1747,周一峰,2016-06-30 03:23:12,3,4,1,讲课一般，但是ppt做的不错，而且老师挺温柔。
29636,1747,周一峰,2016-06-30 05:44:14,3,4,1,其实还不错
30066,1747,周一峰,2016-07-01 01:42:29,1,3,2,其实大学所有课都是自学的，所以老师根本不重要其实，一般两节课就下课，上课念得飞快了，不过如果有好好学的话其实听得出来老师重点都提到了
30161,1747,周一峰,2016-07-01 04:12:38,-3,2,5,被绩杀了
30175,1747,周一峰,2016-07-01 04:40:44,-3,0,3,呵呵……
30198,1747,周一峰,2016-07-01 05:06:15,-3,0,3,可怕…
35354,1747,周一峰,2016-11-09 05:46:38,0,1,1,\n\n
36474,1747,周一峰,2016-11-14 04:55:50,5,5,0,大雾实验给分不错
38094,1747,周一峰,2016-11-24 05:30:25,8,11,3,没人觉得老师超级帅超有魅力吗，，，
38293,1747,周一峰,2016-11-29 11:58:59,21,21,0,老师真的很耐心，也很热情，上课很认真。学不好是自己不够用心，怎么好意思怪老师呢(´•༝•`)
38296,1747,周一峰,2016-11-29 12:41:50,8,9,1,为啥评分这么低，老师很好哇
41718,1747,周一峰,2017-01-12 12:05:32,8,8,0,蛮可爱的老师，对学生很用心，见我们期中考试没考好，特意建了个群给我们回答问题用，每天在线，绝对细心
43524,1747,周一峰,2017-01-16 12:20:55,4,4,0,好老师！很耐心，对学生很负责。也很温柔。同学们在群里的问题每一个都会认真解答
43542,1747,周一峰,2017-01-16 13:41:33,4,4,0,老师很认真，很耐心，棒！
43544,1747,周一峰,2017-01-16 13:42:30,1,1,0,老师很棒，和过去完全两个风格哦
43676,1747,周一峰,2017-01-16 22:18:10,0,0,0,老师风格有所转变，秋学期完全是照着ppt念，冬学期开始关注学生，讲解变得十分仔细。是一位好老师。
43983,1747,周一峰,2017-01-17 07:33:13,1,1,0,开始是管自己讲自己的\n\n后来变得超仔细\n\n但是也脱了好多课\n\n拖课狂魔\n\n但是还是要为老师出分快点个赞
47045,1747,周一峰,2017-01-23 10:57:42,1,1,0,浙大好老师啊
47963,1747,周一峰,2017-02-27 14:32:03,1,1,0,稳如师生情
48326,1747,周一峰,2017-03-02 06:47:57,1,1,0,好到没话说
48721,1747,周一峰,2017-03-10 04:00:05,3,3,0,虽然拖课但是真的很负责比心
48939,1747,周一峰,2017-03-17 04:13:35,0,1,1,虽然老师很认真的讲，但是真的…每一次课都困的睁不开眼………
49680,1747,周一峰,2017-04-23 12:39:13,26,26,0,听懂的同学请举手??
49988,1747,周一峰,2017-04-28 04:20:43,7,7,0,老师挺好的啊要放五一假还特地给我们提前下课 开心
50031,1747,周一峰,2017-06-29 03:37:30,6,9,3,老师还是很不错的。只是很疑惑，期中很好，期末考的也不错，但是总评分比自己预想的低哎
50407,1747,周一峰,2017-05-02 16:06:52,3,3,0,超喜欢
51127,1747,周一峰,2017-05-18 06:20:32,20,21,1,今天带病坚持，快哭了
51128,1747,周一峰,2017-05-18 06:22:21,6,7,1,老师超棒！！感动！！！
51129,1747,周一峰,2017-05-18 06:22:22,6,7,1,老师平时就很好，讲的很仔细，会耐心解答你的问题。今天还带病上课 必须满分
51130,1747,周一峰,2017-05-18 06:23:51,7,8,1,老师超级敬业 生病生得很严重还是挺着来上课 走路都要人搀扶着 感觉每讲一句话都用尽气力 很感动❤️
51132,1747,周一峰,2017-05-18 07:12:18,43,43,0,特意来评价，今天老师迟到了20分钟，本来不知道什么情况有点恼，结果是老师中午在校门口晕倒了，醒过来后中饭都没吃急匆匆赶过来上课，站都站不稳，说一句话要费好大力气，上了二十多分钟总算被我们劝回去了，这敬业精神不用我多说了
51144,1747,周一峰,2017-05-18 14:58:24,9,9,0,周老师真的特别敬业 今天带病来上课 大家真的特别担心也特别感动 很好的老师?
51262,1747,周一峰,2017-05-26 04:16:35,4,4,0,带病来上课，脸色苍白，很敬业
51733,1747,周一峰,2017-06-09 02:04:28,4,4,0,很好的老师
52261,1747,周一峰,2017-06-16 13:47:40,3,3,0,千万不要让老师喝酒
53110,1747,周一峰,2017-06-26 02:12:01,4,4,0,敬业，认真，仔细，耐心。
53506,1747,周一峰,2017-06-27 01:13:09,4,4,0,周老师的课真的很怀念，当初因为预置了听说事多很难过，但上了课以后发现完全不是，老师很可爱，点名偶尔点，人很温柔
54052,1747,周一峰,2017-06-28 10:11:42,3,3,0,老师人很好，讲的很细，偶尔抽点名，助教小哥哥人也很好(✪▽✪)说实话我很不努力，也不怎么听课，期中考的很不好，当时看到成绩觉得老师平时分估计就给个及格了吧，期末考完后成绩出来发现老师平时分给满了，很感激。那次老师带病来上课真的很感动！
54056,1747,周一峰,2017-06-28 10:24:19,3,4,1,出绩点了 平时分直接给了满分 但是其实并没有小测过哈哈哈哈 下学期还是老师的课 开心 不知道老师身体康复了吗 （突然发现大物微信群好像被解散了这很尴尬……）
54059,1747,周一峰,2017-06-28 10:36:32,3,3,0,老师讲课很清晰 会经常停下来问大家懂了没有 ppt也很棒
54070,1747,周一峰,2017-06-28 11:10:23,2,4,2,老师真的是很好很细心，但是后来期末老师生病了就没来上课，代课老师没有周老师仔细……最后期末考试感觉没什么错误结果只有70分？可能多少个exm都表达不了现在的心情……可能就是为了防止我们吐槽助教把群解散了？尬死……平时分给满，赞！
54089,1747,周一峰,2017-06-28 12:20:20,10,10,0,希望老师的病赶快好起来。。。！
54157,1747,周一峰,2017-06-28 14:46:07,0,4,4,老师真的很好，但是期末成绩真的莫名其妙的低啊……难道我少做题了？！exm？？？？
54191,1747,周一峰,2017-06-28 15:39:36,2,3,1,感谢周老师，感谢大学物理，让我收获了大学第一个也很有可能是唯一一个总评100分，祝老师身体早日康复！
54222,1747,周一峰,2017-06-28 18:04:36,-4,1,5,老师为什么这么耿直，虽然没怎么交过作业，但是期末好歹考得不错，平时分真的给我4分，挂得很耿直。。。
54232,1747,周一峰,2017-06-28 23:56:09,11,11,0,周老师的PPT绝对是业界良心
54307,1747,周一峰,2017-06-29 04:45:55,2,2,0,老师人很好  讲课也很负责  但是感觉并不是那么容易能听懂的。。。不过大学里不都得靠自己学吗。最后祝老师身体健康！
54819,1747,周一峰,2017-06-30 09:08:19,6,6,0,就喜欢这样上课会讲哪些公式要记，记哪个形式，哪些不会考，简洁明了，没有多余的话，认真负责。老师身体不好，后面两次课别的老师来上，真的听不下去，然后就溜了
55781,1747,周一峰,2017-07-02 11:17:08,-8,0,8,一看就是那种脑子特别好适合搞科研不适合教书的物理学家
57601,1747,周一峰,2017-07-10 11:36:46,1,2,1,希望老师身体早日康复
58807,1747,周一峰,2017-09-18 02:22:53,1,2,1,很负责
59159,1747,周一峰,2017-09-20 04:15:30,-1,1,2,唉本来大雾2预置的峰哥的课，结果换了个新来的老师景俊
59993,1747,周一峰,2017-09-30 04:31:51,1,2,1,很好的老师，超负责的。问的问题一定会详细解答，态度和蔼，生病了还要坚持上课。希望老师早日康复。
60670,1747,周一峰,2017-10-26 08:17:53,-1,1,2,超想他呀，大雾网站上的帐号都没有了，是真的不教了嘛☹️ 求一波之前上过课的有没有课件呐
61211,1747,周一峰,2017-11-12 06:03:29,1,1,0,大物一上的周一峰老师的课，满了，大物二还是预置到周一峰老师的课，开心的不行，结果换了一个讲话都结结巴巴的新来的老师景俊，反正我是全程自习。唉，峰哥不在的第n天，想他
64687,1747,周一峰,2017-12-26 10:18:45,3,3,0,上了老师的大物乙，刚开始觉得老师讲得太快根本听不懂，结果期中考我们考得特别差之后老师像是变了一个人，学会了用微信并且几乎随时在线给我们答疑，上课也从每次都要提前下课变成了将近拖堂，讲得超细。真的很喜欢老师，看到下面的新评论感觉很感动也很骄傲⋯⋯
74506,1747,周一峰,2018-03-02 08:08:14,0,0,0,周老师真的超级无敌好，对学生也很有耐心，态度超级无敌好！上他的课思路很清晰，哪里要记要用，这种类型题目第一步咋做第二部咋做。
25,1899,鲁定辉,2015-03-14 15:28:03,-7,16,23,上课讲ppt，说话上句不接下句，逻辑不是很清晰，不过整体来说讲得还过得去，能把知识点讲出来。没预习觉得还行，预习就是废话真多
926,1899,鲁定辉,2015-03-19 03:28:55,-8,15,23,遇到的最差的老师没有之一。
7694,1899,鲁定辉,2015-09-15 09:26:21,-39,3,42,水水就满了
8731,1899,鲁定辉,2015-09-25 00:34:41,-2,13,15,能不选则不选
8734,1899,鲁定辉,2015-09-25 01:57:42,-8,7,15,喜欢！
9021,1899,鲁定辉,2015-10-10 00:15:28,1,19,18,不重要的废话扯太多，与考试相关的重要的，一笔而过。。。看别的老师的ppt存活。。。
17951,1899,鲁定辉,2016-01-21 04:43:27,-6,3,9,一般般
18022,1899,鲁定辉,2016-01-21 06:16:04,6,14,8,老师上课讲的还是很清晰，关键看自己花多少时间学啦。
18446,1899,鲁定辉,2016-01-21 15:54:22,-3,9,12,一般般，比较无聊
20470,1899,鲁定辉,2017-01-17 10:05:43,-6,11,17,真的是个垃圾老师\n\n根本就是靠自学
23509,1899,鲁定辉,2016-04-02 13:41:02,-10,4,14,垃圾老师，感觉他自己都不会，说话断断续续，真心不喜欢
25388,1899,鲁定辉,2017-01-17 05:12:45,1,6,5,老师非常好，而且很负责，从不点名
26116,1899,鲁定辉,2016-06-16 02:16:25,-7,8,15,什么垃圾玩意儿
27382,1899,鲁定辉,2016-06-30 14:58:31,16,23,7,好吧，我之前很气老师教的差。但其实是我自己不努力。鲁老师还是也在努力吧？！
27395,1899,鲁定辉,2016-06-25 14:55:24,-15,3,18,我是来个我室友点评(吐槽)的，据室友说他灰常烂，而我就是来打个酱油
29930,1899,鲁定辉,2016-06-30 14:04:12,-6,4,10,自学吧，上课你学不到什么东西的
34391,1899,鲁定辉,2016-10-09 02:44:01,60,75,15,鲁老师讲得还不错呀，不知道评论怎么会这么一边倒。老师很注重课外知识的拓展，会把实际应用讲给我们听。比如关于超导体的应用，他详细介绍了陶瓷，并指出“提高临界温度是应用的关键”。比如讲到电学，欧姆定律等，他也有自己的看法:“三百多年前电学快速发展的时期，乾隆末，中国正在签各种条约，南京条约北京条约，所以欧姆啊焦耳啊，没中国人什么事。”
37208,1899,鲁定辉,2016-11-18 02:07:26,37,43,6,不知道你们都是怎么想的，老师功底很高，而且会讲一些前沿的东西，不拘泥于课本，讲问题也多方面的讲，认真听绝对有超乎于一般老师的收获。
38343,1899,鲁定辉,2016-11-30 08:30:39,5,9,4,老师很用心地在讲课啊，可能表达能力没那么好吧，但他一点也不水啊。而且会很热心很认真地回答同学的问题。
39814,1899,鲁定辉,2016-12-28 01:21:20,-4,2,6,。。。。。。
42965,1899,鲁定辉,2017-01-15 14:04:07,-4,2,6,111
43824,1899,鲁定辉,2017-01-17 04:30:23,3,12,9,给分不好，没有师生情！一点没有！学霸可选，学渣慎选！
43848,1899,鲁定辉,2017-01-17 04:59:29,-5,10,15,从不点名的老师 我满了 没得说 和蔼可亲  建议选
43896,1899,鲁定辉,2017-01-17 05:49:28,6,9,3,老师还挺好的，没那么差
44462,1899,鲁定辉,2017-01-18 00:40:35,3,6,3,不知道之前为什么评分那么低，可能老师也在改变自己的教学方法吧，虽然大物本来就可以靠自学的，但听老师的讲课确实是帮助理解了，而且在考前老师很热心地在群里给大家答疑，不错的老师。
44807,1899,鲁定辉,2017-01-18 09:25:22,12,12,0,老师讲课虽然有点松散，不够激情，但确实讲得挺通透，自身造诣也很深
44979,1899,鲁定辉,2017-01-18 16:44:32,9,13,4,老师讲的挺清楚啊，其实大物不管哪个老师主要也是靠自己努力
45166,1899,鲁定辉,2017-01-19 05:33:21,25,37,12,上课不算差，老师很有水平，很喜欢补充一些课外知识，但就是讲课有点乏味，条理性不强。另外给分的话学霸推荐，学渣不要期待师生情，还有平时老师从不点名...
45596,1899,鲁定辉,2017-01-20 00:13:27,-4,3,7,\n\n嘿嘿嘿
46813,1899,鲁定辉,2017-01-22 11:15:20,-3,5,8,对不起。我挂了。
47231,1899,鲁定辉,2017-01-24 20:36:46,3,5,2,讲课不够生动，靠自学
48645,1899,鲁定辉,2017-03-09 01:32:23,9,9,0,✪ω✪(｢･ω･)｢嘿(⑉°з°)-♡(๑°3°๑)Å⊙▽⊙
51111,1899,鲁定辉,2017-05-18 01:08:18,11,13,2,很负责，学识渊博，一点也不水。很好的一位老师，而且从不点名！
53303,1899,鲁定辉,2017-06-26 10:19:48,19,20,1,原本老师评分低，还有点担心。\n\n但是一个学期听下来觉得老师还是很负责的，但是讲课有点慢，自学的大佬可能不用怎么听吧。而且有时候上课拓展一些内容比较难听懂，也不太需要听懂..\n\n每次课后课件都会很及时的上传，问问题也是解答很久，总之我感觉还不错。
56012,1899,鲁定辉,2017-07-03 02:15:54,4,5,1,老师是真的温柔，人超级好!讲的也很认真细致，给分超级好，卡绩点了的话会帮你调分!学物理主要还是看自己的努力的。。
56042,1899,鲁定辉,2017-07-03 03:23:22,4,4,0,老师很负责任，特别认真，对学生特别好\n\n
56065,1899,鲁定辉,2017-07-03 04:19:15,4,4,0,老师人很好的呀，课后答疑也很耐心，上课PPT还是蛮有用的，课后也会分享给我们复习。QQ群上老师也会经常出现，给分还不错
56437,1899,鲁定辉,2017-07-03 23:36:24,4,4,0,老师挺认真细致，问他问题他也会很耐心地解答。
56716,1899,鲁定辉,2017-07-04 11:55:51,3,3,0,很好而且很有趣的老师，上鲁老师的课会让你爱上物理。
60287,1899,鲁定辉,2019-04-01 14:10:53,-12,7,19,就像之前的同学所说，学霸推荐。不排除个人因素，上课完全不知道在讲些什么，上课极度催眠，承认他水平是高，但是上课完全不敢恭维，好吧…我知道会有几位“天赋异禀”的同学为老师打抱不平，可惜，上的烂就是上的烂，怎么解释都是掩饰。
61129,1899,鲁定辉,2017-11-09 01:53:42,-3,3,6,小测喜欢突然袭击，事前不提醒，这点差评
61662,1899,鲁定辉,2017-11-20 02:52:35,2,2,0,觉得老师超级棒的\n\n课堂是会讲的很认真，有不少的课外拓展\n\n在QQ群里面会贴心解答疑问\n\n考试周前见答疑室没人就赶快从玉泉赶过来\n\n每次作业、课件会及时放大群里面\n\n不过老师会很严格，对解题步骤要求高，对这些比较介意的同学就要注意了\n\n
65185,1899,鲁定辉,2017-12-30 08:58:36,-2,1,3,老师上课速度比较慢，到了后面飞一样地赶进度。所以还是自习比较好
70487,1899,鲁定辉,2018-01-26 16:58:52,2,2,0,老师真的很认真负责，考前答疑很耐心，是真心想让你懂！
71602,1899,鲁定辉,2018-01-28 16:27:39,1,1,0,我觉得老师很棒！
71978,1899,鲁定辉,2018-01-29 07:16:31,1,1,0,很敬业的老师
72062,1899,鲁定辉,2018-01-29 09:22:56,2,2,0,很棒的老师
72237,1899,鲁定辉,2018-01-29 15:15:59,5,5,0,老师非常的认真负责！看到群里有同学问问题会特意从玉泉赶过来答疑，平时也会回答群里面的问题，也很关心学生。讲课风格比较平淡，这个看个人喜好吧，我觉得还不错。至于给分的话，大物这门课给分就是看期中期末成绩的，大物二那个学期去参加一下竞赛，认真交作业小测不要太差，平时分一般都满了吧
72886,1899,鲁定辉,2018-01-31 09:04:49,1,1,0,很棒的老师
81791,1899,鲁定辉,2018-07-06 07:32:18,1,2,1,就凭我考试没带计算器老师手把手教我算我就要给他好评。
81886,1899,鲁定辉,2018-07-06 11:51:19,4,5,1,还没出分先给个好评叭。老师上课讲得很细，也会有所拓展，不过可能不是太有激情？答疑的时候也很有耐心，循循善诱很好哇。不过大物还是要自己好好学，（不要像我不好好复习考试爆炸...）话说写卷子的时候看到老师在用手机照镜子快把我给笑死233333
84334,1899,鲁定辉,2018-07-12 15:00:44,3,3,0,很负责任的老师，上课的条理挺清晰的，答疑的时候也很耐心，期末考试爆炸了有点对不起他，不过真的感谢他一个学期的悉心教导！
84407,1899,鲁定辉,2018-07-12 19:11:33,-5,1,6,早上8点考试，期末迟到30分钟，应该来说基本gg。老师看了我一眼，平静地说，你时间控制得很好，去考试吧。(本科生院规定是迟到20分钟，不得参加考试)\n\n我慌得一逼的做，最后一题没时间写，最后3.9  老师的教学如高中老师，看似严厉，要求很高，但是实则利于学生求得真知。
85648,1899,鲁定辉,2018-07-24 05:01:55,1,2,1,老师很负责任，两次专门从玉泉过来答疑，为人正直，切切实实为学生着想。
87139,1899,鲁定辉,2018-09-21 02:06:01,4,5,1,鲁老师讲的很好啦，平时也不要点名，作业两周交一次就好了，而且小测的时间还会在群里通知，大家觉得比较紧的话还可以推迟，期末成绩考的好的话平时成绩还有期中成绩就算不好也会给改成高分，打call
87737,1899,鲁定辉,2018-10-11 04:26:12,1,1,0,讲的很好，很注意培养学生的思维能力，对结果一点都不在乎，给分也很好。
92783,1899,鲁定辉,2019-01-04 11:56:10,2,2,0,速度很友好，回答问题也耐心，非理工科学生也可以学的很好
101568,1899,鲁定辉,2019-01-28 13:02:05,4,6,2,鲁老师真的挺好的啊！真心没有必要去听别的老师的课，我认为学习是不能够很功利的，你感觉没用也只是你感觉而已，告诉大家一个秘密，鲁老师不经意的言语中其实常常能让人有一些很奇妙的收获的，就看怎么把握了啊。大学物理考试都挺浅的，努力过一定会好的（不指考前突击），考试前很明显可以看出来好多人都是在临时抱佛脚的，这样除了高个几分没有什么用的啊，而且千万不要不停地问这个考不考那个考不考啊，真心觉得挺可笑的。最后，物理不是背公式啊！！！—忘不了东区雨中栏杆上通透的水珠啊，谢谢鲁老师不自意地帮我走出那段自我作贱的时光…来自一个啰里八嗦的上下皆满但其实很渣渣的小朋友。祝大家好好学习啊！
102399,1899,鲁定辉,2019-02-01 12:08:35,2,2,0,其实老师是很负责的，作业应该是自己批的，有一次交错作业了，在QQ上给老师留言，结果下一次课就把交错的作业从玉泉帮我带回来了~可以说真的是很认真负责的老师了，而且PPT做的也很好，尤其是大物甲II涉及到很多前沿物理，老师在这方面的拓展真的很好！只是每次下课都是“再给我两分钟时间”结果就十几分钟了……不过可以看出老师还是很负责的！不像有些老师讲不完直接不讲了~
103448,1899,鲁定辉,2019-02-28 07:22:56,1,2,1,不知道为什么分这么低，但是老师绝对是很认真很仔细的讲课了
104092,1899,鲁定辉,2019-03-14 00:10:56,-2,4,6,上课非常没有激情，就是把书和PPT念一遍
104804,1899,鲁定辉,2019-03-28 03:26:16,6,8,2,拖堂极其严重
111333,1899,鲁定辉,2019-07-01 03:24:16,4,5,1,老师上课比较平淡，但是认真听会发现很有条理，有时候会有拓展内容挺有趣的。\n\n在群里答疑非常耐心，一点架子也没有，很容易的问题也会认真解释，考试周每天都会关心大家给大家加油，会让我觉得非常后悔平时没有好好听课。\n\n老师真的很棒没有大家说的那么不好
112098,1899,鲁定辉,2019-07-03 13:57:00,0,1,1,还不错的老师
112106,1899,鲁定辉,2019-07-03 14:48:06,0,3,3,想知道正太分布的平时分咋给的
112115,1899,鲁定辉,2019-07-03 15:29:35,-19,1,20,满了，爽到
112316,1899,鲁定辉,2019-07-04 01:28:38,4,4,0,鲁老师回答问题是真的很负责，我问的每道题它都会给详细回复，解释到我懂了为止。推荐自学能力比较强的同学上
112358,1899,鲁定辉,2019-07-04 02:39:06,6,6,0,啊啊啊啊啊啊我爱鲁老师！！！！当初预置老师的课看评分想换没换成，幸好没换成啊！老师真的超棒！上课上的很好！！！像我这种物理基本上零基础的也听懂了！期中考的贼垃圾（怪我自己），老师温柔有耐心的指导我，夏学期我也特别认真的学了，最后期末88，老师平时分也给满了，不仅捞了我还给了我出乎意料的分数！老师真的很棒！
112451,1899,鲁定辉,2019-07-04 08:29:34,5,6,1,鲁老师真的很棒的。讲课速度适中，课上会放有趣的视频(就是视频声音有点小），而且会有一些拓展知识。另外，老师真的非常关心同学，会有专门的课来分析试卷和期末复习，在群上答疑也很认真。
112468,1899,鲁定辉,2019-07-04 09:46:30,-18,1,19,上课很水，不调分很冷漠，私信不回，慎选。
113221,1899,鲁定辉,2019-07-06 02:06:56,1,2,1,学期后期不定期点名。\n\n平时分给满，没什么好说的，上课的确差点意思，没谢小平老师给力。
113399,1899,鲁定辉,2019-07-06 16:46:18,1,1,0,反正接下来预置的还是鲁老师，没有意见!
113672,1899,鲁定辉,2019-07-07 03:05:12,1,1,0,鲁老师上课还是比较中规中矩叭，可能不是那么有趣但知识点都会讲到，而且节奏控制的也很不错。主要是老师是是的为学生着想！很认真负责了~
119001,1899,鲁定辉,2019-11-09 05:29:20,-2,1,3,不吹不黑，上课确实差一点，但是去年我两次小测，期中状态都很差，考得不理想，后来期末考好了老师平时分直接给满了。
119720,1899,鲁定辉,2019-11-15 03:29:42,-3,2,5,哎大学还天天拖堂我真的服了
125692,1899,鲁定辉,2020-09-13 06:15:46,0,0,0,还行吧
125735,1899,鲁定辉,2020-09-14 00:21:20,0,0,0,今年网课，测试真的很水，给分不错
126411,1899,鲁定辉,2020-09-25 07:17:17,2,2,0,确实还行，大物总得靠自己。
134289,1899,鲁定辉,2021-03-23 02:18:32,1,2,1,讲的可以
134486,1899,鲁定辉,2021-03-30 03:38:12,10,10,0,如果以后，我成为了一名大学老师，那我一定会努力，成为鲁老师的样子。
138890,1899,鲁定辉,2021-07-11 14:38:14,1,1,0,老师人超级好！！上课比较清晰，也很耐心，给分也很棒，就是出分比较慢
138908,1899,鲁定辉,2021-07-11 17:12:24,4,5,1,上课挺棒，小测偏难，但只要老师看到平时的努力，就不会在平时分上为难人
140399,1899,鲁定辉,2021-09-10 13:51:28,0,0,0,老师拓展的东西讲得都很好呀！很能激发兴趣的。给分也很好～！
144933,1899,鲁定辉,2021-12-26 03:31:31,-2,1,3,不点名的老师就是好老师
145658,1899,鲁定辉,2021-12-31 03:27:11,7,10,3,还剩五分钟，我们来小测下吧
148516,1899,鲁定辉,2022-01-12 17:49:23,1,2,1,谢谢老师让我没挂，真的跪谢
151492,1899,鲁定辉,2022-03-05 00:37:56,2,3,1,这几天心情超级不好，上课也没去找理由请假了，但是老师真的超级温柔的跟我说要记得复习交作业呀！555真的感动到了，虽然才上了几次课，也不清楚自己能不能学好，但是遇到这种老师真的是我的荣幸。
151601,1899,鲁定辉,2022-03-09 03:28:28,7,12,5,拖堂严重
157685,1899,鲁定辉,2022-06-24 10:32:06,3,3,0,老师好！
157788,1899,鲁定辉,2022-06-24 23:37:58,0,1,1,给分很一般，讲课还不错
157816,1899,鲁定辉,2022-06-25 03:00:22,3,4,1,十分不解释
157896,1899,鲁定辉,2022-06-25 11:05:03,1,2,1,鲁老师真的好好呜呜呜，一直以为平时分正态会拉胯，结果最后平时分给的好高！！拯救了拉胯的期末！\n\n上课偶尔会点名，一学期四次小测，会提前通知，每次都是三道大题，时间很充裕！\n\n强推！！
159465,1899,鲁定辉,2022-07-22 06:29:56,1,2,1,老师讲课很认真，大物不要求掌握的内容他也会给我们讲讲开拓视野\n\n\n\n给分超好！
160421,1899,鲁定辉,2022-09-22 03:39:57,5,5,0,讲得不错，如果不拖堂就更好了
169464,1899,鲁定辉,2023-02-26 10:10:30,20,23,3,平时分给的很好 小测开卷 数字点名 美中不足就是不会像隔壁某老师那样压中九道考试原题 鲁老师值得十分
177333,1899,鲁定辉,2023-07-03 02:41:24,4,4,0,小测难度比较高，但是也避免了lcm老师班上那种考八十几倒数的情况。老师水平很高，上课时不时穿插一些看不懂的东西[笑哭]，人很温柔
178294,1899,鲁定辉,2023-07-09 14:45:30,3,3,0,作为老师是非常不错的，虽然我总评不高但还是求是给个十分
185050,1899,鲁定辉,2023-12-26 04:31:10,2,2,0,大一（两年前）选ldh爷爷的时候他还只有八分多，现在已经九分多了，这个涨幅简直不需要说什么。最开始叫他ldh伯伯，现在叫爷爷：）因为感觉他真的很慈祥。数字点名，是为了让不去教室的同学能好好看智云，哪怕早八只有十几个人他还是数字点名不用雷达；小测提前通知，难道有点高，避免了一水了八九十分最后倒赋分；平时分要求均匀分布，没有什么可说的，老师小测难一点也算是能让好好学的同学被看见？PPT里有时候会有些看不懂的东西，都是拓展内容，听他讲讲也挺有意思。慈祥！
192883,1899,鲁定辉,2024-05-31 08:27:37,5,5,0,平时小测难没关系，老师不会公布成绩但是最后会调分，期中期末考得好总评不会差。之前上lcm老师班比较卷，几个小测下来总评就很难受了哪怕期中期末都不错。
193977,1899,鲁定辉,2024-06-21 07:12:31,9,9,0,人真的很好，网上随时答疑有一种总是在的感觉，很安心/这是一个还在备考的人复习时总想找点事情看看故来评价
194113,1899,鲁定辉,2024-06-22 05:05:12,19,19,0,无敌辣，期末最难的选择题在小测考到了原题，考前还有很多提醒
195558,1899,鲁定辉,2024-06-28 17:53:30,-22,0,22,卡绩了，调分如调，考前允诺期末考成绩够好的话其他成绩会补满，事实上没有做到，虽然可以理解，但是内心非常崩溃
195652,1899,鲁定辉,2024-06-29 08:11:36,-13,0,13,可惜被卡绩了
195952,1899,鲁定辉,2024-07-01 02:37:32,14,14,0,楼下的那个你不要狗叫，老师从来没有承诺过他会因为期末考得好把平时分捞满，他是说平时分会给你添砖加瓦，不会因为你期末考的不好就给低你平时分。鲁老师绝对是一个超好的老师，讲得好，给分好，我反正平时分满了，你卡绩怪老师我只能说菜就多练
196230,1899,鲁定辉,2024-07-02 10:51:06,2,2,0,非常好的老师，能看出有很用心得在备课，讲课很认真，点名大部分时候是数字点名偶尔会雷达点名不过一两次没签上对总评影响不大。小测会有点难但是老师最后都会调分的。老师人真的非常温和，线上答疑很耐心，考前会叮嘱同学。自己虽然平时非常喜欢翘课摸鱼但是真心很感谢老师！
201427,1899,鲁定辉,2024-11-02 12:40:44,1,1,0,上课讲的很清楚 也有很多自己的见解\n\n是不怎么想翘的课
211175,1899,鲁定辉,2025-01-11 03:19:41,3,3,0,很好的老师
211200,1899,鲁定辉,2025-01-11 04:06:20,4,4,0,学习体验最好的老师，ppt有一点超纲，但上课老师都会仔细讲解。线上答疑永远秒回而且超级耐心，给分也很好，真的吹爆鲁伯伯🥰
211225,1899,鲁定辉,2025-01-12 07:57:03,2,3,1,虽然上课基本都在摸鱼，但是能感受到ldh老师上课还是很负责的，钉群里考前也在提醒大家各种注意点，甚至每次考前都在让大家晚上好好休息（笑哭）\n\n小测难度较高但是是开卷，点名这学期除了最后一次雷达，其他时候都是数字点名，而且接受补签（问就是我去补过两次QAQ）\n\n最后给分还是挺好的
211242,1899,鲁定辉,2025-01-11 05:08:26,3,3,0,讲课很有条理，重点突出，数字点名，期末巨捞，给分很好
211329,1899,鲁定辉,2025-01-11 08:08:53,0,0,0,非常棒的老师，上课讲的很有激情和活力，但是我菜菜的上课跟不上，下课在回去听智云的时候发现老师讲的真的很是条理清晰，小测稍微有点难度，但是把会做的都做完，平时分也不会太难看，努力一个学期最终也取得了理想的成绩，再次看谢老师。
211360,1899,鲁定辉,2025-01-11 08:46:33,0,1,1,双满给鲁伯伯磕一个，大物1考前压中全卷最难的题；大物2因为个人听得不如1认真，小测好几次没考好，最后还是捞满了。\n\n考前在群里提醒易错点，考完还有问题总结和寄语，太感动了
211399,1899,鲁定辉,2025-01-11 10:22:43,0,0,0,大物一二都是鲁老师上的，鲁老师很认真负责、关心同学，讲课也很清晰细致，上学期的最难的选择题鲁老师的小测还押中了，鲁老师也很和蔼可亲没什么架子，上课人不多也不会生气，之前基本不点名，点名也会提醒，不过这学期偶尔突击了两次，但下课也会允许同学来排队找他补签。老师小测的一周也会提前提醒，感觉已经非常善良并且为同学们考虑了，爱鲁老师
211496,1899,鲁定辉,2025-01-11 17:31:20,0,0,0,94有点难受，期中期末都不错，竞赛有个二等奖。但是平时应该只有34，加上竞赛也只有38，大家还是稍微重视一下小测，毕竟感觉周围许多人都是互相对，查答案的，平时分反而不好拿，最好和对待考试的态度一致。\n\n另外，ldh老师非常好，ppt是有一定补充内容的（不听也没事bushi，讲课也挺有条理，而且感觉考试前会提很多注意事项，总之就是都希望我们考好
211646,1899,鲁定辉,2025-01-12 06:00:17,0,1,1,老师真的太好了，补点名很快就同意了，上课很仔细，平时分给得很好。
218539,1899,鲁定辉,2025-04-24 09:55:42,0,0,0,期中出分后，比预想的低一些，钉钉问老师可不可以查扣分项，老师就把判分归档后的卷子拿出来把扣分题目都拍下来发给我了（本来以为老师会说归档后不给查卷子的）老师真的人很好！很有耐心 负责任！
218735,1899,鲁定辉,2025-04-30 02:05:53,-1,0,1,智云课堂在课堂结束后十分钟才会结束直播，而这十分钟有时甚至也容不下鲁定辉老师的教学热情
135,1945,潘正权,2015-03-14 16:05:29,11,29,18,大学物理教学的带头人，课前需要预习，课上得很不错
514,1945,潘正权,2015-03-15 03:55:24,2,14,12,上课很认真，而且能感觉出来口才很不错。
550,1945,潘正权,2015-03-15 04:45:55,9,25,16,讲的还不错，课前预习，作业不是很多
1088,1945,潘正权,2015-03-21 16:07:42,0,6,6,讲得很有趣\n\n不照搬课本\n\n但是得预习\n\n然后再复习
1319,1945,潘正权,2015-03-21 23:54:56,-3,8,11,讲的不错，但是要预习，感觉真正课上的内容不是很多很细。
1984,1945,潘正权,2015-03-28 02:57:23,83,104,21,课……感觉没什么东西
3284,1945,潘正权,2015-05-27 07:27:14,-4,4,8,难道他在别的班真没点过名？( •ิ_• ิ)
3505,1945,潘正权,2015-06-17 01:23:24,0,7,7,讲很快 但还是很好的
3726,1945,潘正权,2015-06-17 02:43:12,0,6,6,老师讲课感觉不错，思路清楚，还很有趣
3727,1945,潘正权,2015-06-17 02:43:52,0,6,6,很风趣，很有意思。
3813,1945,潘正权,2015-06-17 04:58:53,14,41,27,老师人很好，课也讲得好，平时课前预习，课后做作业就稳稳了。\n\n但是发考卷那一节课要去啊啊啊！唯一一节点名的课...
4297,1945,潘正权,2015-06-18 16:33:53,0,6,6,老师很负责\n\n
6098,1945,潘正权,2015-07-11 01:05:21,-1,4,5,讲课还不错，就是内容过的有点快，需要预习。在我们班做了好几次小测试……
6223,1945,潘正权,2015-07-12 06:31:28,6,10,4,还是老实预习吧\n\n\n\n
8675,1945,潘正权,2015-09-24 02:24:55,0,8,8,很认真的老师！备课很充分上课也蛮有意思
9755,1945,潘正权,2015-11-26 09:31:22,0,5,5,好！qq
11219,1945,潘正权,2015-11-25 09:40:06,0,6,6,萌萌哒\n\n
11514,1945,潘正权,2015-12-03 09:08:00,-17,9,26,真是垃圾
11715,1945,潘正权,2015-12-12 07:59:21,23,32,9,少放录像多讲课啊！！！！
13134,1945,潘正权,2015-12-25 02:39:35,5,9,4,好老师，做好课前预习的话你的收获会很大
13525,1945,潘正权,2015-12-29 02:42:41,0,6,6,老师很好啊
15889,1945,潘正权,2017-10-30 00:11:26,10,14,4,作为一个从来没有预习习惯的人，表示....朱雯比他好太多
18093,1945,潘正权,2016-01-21 07:38:46,5,6,1,发期中卷的那节课会点名，平时上课挺好的，但是真的要预习不然跟不上的
18324,1945,潘正权,2016-01-21 12:47:38,5,11,6,老师真的很良心，上课特别好，很有趣。其实我上课不预习的，但是还是感觉很好。
18349,1945,潘正权,2016-01-21 13:09:20,0,3,3,不预习表示从来都听不懂(=_=)不过平时分给的不错的
19410,1945,潘正权,2016-01-24 06:21:36,4,14,10,好老师，讲得很清楚，人又特别幽默。而且还会讲一些启发性的哲理，叫我们大气一点，开心一点。真心好老师。
19929,1945,潘正权,2016-01-25 14:35:49,0,4,4,负责任的老师，666的老师\n\n
21943,1945,潘正权,2016-03-02 01:11:43,0,2,2,挺有意思的
21957,1945,潘正权,2016-03-02 02:13:09,-1,1,2,老师讲段子风格跟费玉污好像
22618,1945,潘正权,2016-07-04 11:25:45,-1,5,6,老师给分还是蛮好的
22994,1945,潘正权,2016-03-16 02:33:51,0,2,2,好老师，真是好老师
23657,1945,潘正权,2016-04-12 01:04:00,3,6,3,老师讲的还是很好的 当然每次自己的复习很重要 才能跟上上课节奏
23943,1945,潘正权,2016-04-22 02:43:00,38,48,10,上课基本不讲东西，全靠预习，讲课当大家都已经会了似的重点全一笔带过，然后各种看录像。
26963,1945,潘正权,2016-06-22 02:31:20,0,2,2,一个字，好
28334,1945,潘正权,2016-06-28 08:35:51,0,11,11,超超超超超超超超级喜欢他！！！！！！！老师人真的非常非常好真的超级喜欢他啊啊啊啊啊啊啊啊啊啊啊啊qwq   普物二没有他的课我真的好伤心TAT
28643,1945,潘正权,2016-06-28 11:25:32,0,5,5,超好的老师！不仅仅是传授知识，更是传授一种真正的物理思想。在第一节绪论课会告诉我们很多道理，在后来的课中也经常会提到与科学息息相关的那些生活经验。讲话风格幽默风趣，有感染力！
30287,1945,潘正权,2016-07-01 07:51:55,0,1,1,好好好
30407,1945,潘正权,2016-07-01 13:34:09,-1,0,1,一般情况\n\n
31170,1945,潘正权,2016-07-03 10:34:01,0,1,1,可爱的潘潘
31658,1945,潘正权,2016-07-04 11:06:32,0,2,2,真好 ！赞赞赞
31774,1945,潘正权,2016-07-05 01:48:55,0,4,4,老师不错啊，督促自己平时也很努力。最后成绩也不错
31794,1945,潘正权,2016-07-05 02:28:45,0,1,1,哈哈哈
31875,1945,潘正权,2016-07-05 04:52:24,0,3,3,老师什么都会但是讲得不多，好像觉得我们也跟他一样屌。。。上课视频录像挺多的，比较轻松，课下需要预习和自己巩固。
32353,1945,潘正权,2016-07-06 08:31:17,0,2,2,课上拓展的内容很多，认真学会有收获，老师给分也很好
32452,1945,潘正权,2016-07-07 02:22:48,-3,4,7,给分好好好!期中挂了但是不影响期末!
37835,1945,潘正权,2016-11-21 10:05:58,0,4,4,能感觉到老师对物理的热爱，喜欢听他上课
38254,1945,潘正权,2016-11-28 08:26:39,15,24,9,我唯一不满的是问他问题时他的态度很恶心
41053,1945,潘正权,2017-01-09 01:45:27,0,2,2,人生导师潘正权
43795,1945,潘正权,2017-01-17 03:29:08,0,2,2,人生导师，不知道今年大物甲2给分怎样
44146,1945,潘正权,2017-01-17 10:38:58,0,3,3,浙大物理系我只服他和叶男神，人生导师
44264,1945,潘正权,2017-01-17 13:26:04,11,14,3,给分好差。。。
44555,1945,潘正权,2017-01-18 02:54:17,6,11,5,给分真的有毒...
44604,1945,潘正权,2017-01-18 04:08:11,19,32,13,我他妈很奇怪为什么吐槽他给分的评论没人顶?
44877,1945,潘正权,2017-01-18 12:24:44,14,24,10,不知道为什么评分这么高 对学生态度太不好?
45563,1945,潘正权,2017-01-19 22:41:23,-3,1,4,很好的老师，虽然考试分数低但是大物这种东西还是自己没学好吧。老师复习课反复提醒看双折射然而最后还是没看…每节课上课都会吐槽一阵教务处或者莫言=_=
46057,1945,潘正权,2017-01-20 13:59:27,8,12,4,给分差
47606,1945,潘正权,2017-02-07 05:55:36,4,6,2,前半个学期电磁没预习，自我感觉良好，期中炸了，然后后半学期预习了，可惜第三册好像不用预习。总之，要上潘老师的课，老老实实预习吧...
48594,1945,潘正权,2017-03-08 04:06:35,10,15,5,不得不透露一句，主动当组长，也就是课代表，可以加5分?\n\n加的太多了…
48943,1945,潘正权,2017-03-17 13:01:43,7,9,2,自学是王道
49140,1945,潘正权,2017-05-23 13:38:27,10,14,4,潘老师的课说实话真的不怎么样，感觉自学就可以了，听课不听课差别不太大了，网上有课件，自学是王道。
49171,1945,潘正权,2017-04-06 03:07:56,-1,2,3,呵呵呵
51638,1945,潘正权,2017-06-25 06:54:51,0,5,5,我爱潘正权潘正权爱我
51950,1945,潘正权,2017-06-14 01:33:36,0,3,3,准备好自学吧、ppt上的例题还是可以看看的
52537,1945,潘正权,2017-06-21 02:58:45,4,5,1,脑子不够用的体验。
53116,1945,潘正权,2019-07-05 23:29:21,66,102,36,请把我顶上去…普物H的同学，你可以不预习不听课不复习，但考前一定一定要看他课件上的例题和专门拿出来讲的作业题，期中期末的题全！是！原！题！另外组长加五分 ?
54332,1945,潘正权,2017-06-29 06:00:42,11,11,0,上课真的挺好的 虽然录像放的有点多 课后认真看PPT还有习题课研讨课 真的其实收获挺多的
55674,1945,潘正权,2017-07-02 06:56:06,5,7,2,还没有高中老师教的像物理。上课真的是自以为是
55711,1945,潘正权,2017-07-02 08:46:08,0,1,1,ppt！！！！
56286,1945,潘正权,2017-07-04 11:59:22,8,9,1,总之，基础不好又不花时间的话，上课是拯救不了的……
56696,1945,潘正权,2017-07-04 09:50:56,3,5,2,老师有自己的思想，教得不错。
56709,1945,潘正权,2017-07-04 10:57:54,14,21,7,觉得给分机制真的很迷。本来期中占35%成绩的，结果一大堆不及格的人要求期中不占分，作为平时成绩的参考，居然就让举手表决一下，就这么定了？？？对于期中认真复习的人也太不公平了吧？！还有去收发作业一人加五分！几乎0.6的绩点啊！给分不算差，但真的很迷。
56743,1945,潘正权,2017-07-04 13:32:18,9,11,2,对比其他普物老师，pzq算是讲的很仔细了，最后期末考相对比较简单
56749,1945,潘正权,2017-07-04 23:17:10,5,6,1,老师很好啊，给分也超级棒，一般来说给分比其他普物老师高唉。
56777,1945,潘正权,2017-07-04 15:14:44,3,5,2,认真看ppt，好好记公式，保证有4
56882,1945,潘正权,2017-07-05 02:14:06,3,7,4,不点名，背PPT就好。包你上4
56954,1945,潘正权,2017-07-05 04:44:00,4,5,1,喜欢他?期末重点复习PPT。考试难度比其他几位物理老师低很多！
57783,1945,潘正权,2017-07-15 14:35:27,-1,2,3,讲的还可以，给分不错，考试简单
60047,1945,潘正权,2017-10-09 00:11:45,3,5,2,菜的一匹
61181,1945,潘正权,2017-11-10 03:38:32,0,0,0,上课脱鞋 啊 啊 啊
62155,1945,潘正权,2017-11-23 00:21:12,3,3,0,感觉大雾课，看几个视频，看看图片，就过去了有时候又听听他吹牛皮讲故事。。
62729,1945,潘正权,2017-11-26 15:29:13,1,3,2,上课基本划水。搞不清楚为啥分这么高
63156,1945,潘正权,2017-12-11 01:08:53,10,11,1,讲课就是自己嗨
63263,1945,潘正权,2017-11-29 15:28:32,27,36,9,同样是老师，有的就对学生很负责，比如唐炳康、朱静芬等，pzq真是呵呵了，自以为是，想看看卷子，别的老师都会帮忙，他推的一干二净，无缘无故还扣学生的平时分，据说还给小组长直接加六分。公平何在？当老师先学做人吧！
65420,1945,潘正权,2018-01-04 00:57:46,-1,11,12,谁这么吐槽pzq老师的？老师本来就很好了，不预习怪谁？大学了还指望谁帮你预习？自己差的自己补，老师够意思了。会幽默会把物理类比给你哲理性启示，我没觉得有什么不好。相反，内容本来就在书上，而且老师已经说明了有ppt在网站上，有的你就不用做笔记，很好。
70905,1945,潘正权,2018-01-27 23:53:19,-3,2,5,还行啊给分可以
71062,1945,潘正权,2018-01-28 02:15:56,-2,3,5,老师讲的挺好的啊……讲课的时候还会教一些人生的经验，虽然有一些我不认同，但是老师挺好的
71801,1945,潘正权,2018-01-29 03:21:52,2,6,4,好像是大雾课程组的负责人？反正我们上课都不咋听，搞得老师最后都佛系了，基本都在讲故事看视频吹水...当然大雾考试本身就比较水，考试的时候好好背公式做历年题就好了。
71962,1945,潘正权,2018-01-29 06:55:27,-8,4,12,是谁说当小组长加分的？出来告诉我哪里加分了？
72404,1945,潘正权,2018-01-30 05:21:24,0,3,3,王琴妹讲的细，冯波讲拓展内容，潘老师讲...不多评价，自己上一学期他的课体验吧。到时候你就会感谢那些对他评价很好的人了:)
76097,1945,潘正权,2018-07-15 23:19:59,-77,9,86,反正我满了
76400,1945,潘正权,2018-04-07 14:35:16,3,3,0,我仿佛上了双语班大学物理。。。
76424,1945,潘正权,2018-04-09 02:01:36,2,4,2,体验差
76666,1945,潘正权,2018-04-18 01:23:05,2,2,0,绝对的段子手
78591,1945,潘正权,2018-05-13 14:59:52,72,79,7,我们的老师来自MIT，讲十分标准的美式英语，上课经常做实验给我们看，就是有点模糊。等等，你问我pzq是谁？？哦，给我们放实验视频的那个人啊
78929,1945,潘正权,2018-05-17 03:29:56,2,2,0,老师笑起来挺可爱的\n\n有一种独特的幽默\n\n不看给分的话
79081,1945,潘正权,2018-05-22 08:32:24,6,11,5,上课全无内容可言，一直放各种录像，恕我直言讲的还不如录像好，期中考考试范围与事先说的严重不符，最后告诉你，平时分根据期中考排名来个正态，呵呵，那是不是平常在宿舍自习然后去考个期中考期末考就好了，TM是有多喜欢正态什么的啊
79273,1945,潘正权,2018-05-29 15:01:41,5,7,2,讲真，课上啥都没有，全是靠自习，作业虽然不多，只听课啥也不会，而且讲的很粗，听不懂
79510,1945,潘正权,2018-06-07 12:39:09,18,21,3,不给点分数看看，可能觉得自己教的很好
79839,1945,潘正权,2018-06-14 08:23:45,2,4,2,觉得老师还是比较有水平的，只不过平时除了习题课不会给大家讲很多题目。再者大物本就靠自己，也没什么好苛责的。
80119,1945,潘正权,2018-06-20 07:15:30,-4,2,6,每天乐于嘲讽学生
80737,1945,潘正权,2018-06-30 05:23:54,11,14,3,普物I本身内容少，讲的挺清楚，联系生活实际做了很多拓展，看视频也很受益...个人感觉轻松有趣，不像别的班又累又学不懂...很多年以后我肯定会把普物的知识点忘得一干二净，但一定不会忘记潘老师在物理和人生上的思维启迪。（另外提醒，一定要提前问学长学姐下好课件，这样不用预习不用看书也能轻松听懂课了...)
81280,1945,潘正权,2018-07-04 14:18:45,3,4,1,挺可爱的
82681,1945,潘正权,2018-07-09 02:54:40,-17,2,19,老师人很好，好想和他师生恋啊
83973,1945,潘正权,2018-07-11 15:44:27,-6,0,6,录像课没得说，不预习去上课那就课后自学吧~真的感觉这种老师没什么用，课上没啥东西。
84742,1945,潘正权,2018-07-13 16:46:12,9,12,3,啥玩意，mit？？就出这种人？？？当老师先学做人吧！！！可惜不能给0分！
84835,1945,潘正权,2018-07-17 05:37:07,10,16,6,对不起，现在的考试已经不考原题了? ? ? 老师讲的还是很仔细的，挺清楚的，逻辑也是挺通顺的，蛮可爱
84861,1945,潘正权,2018-07-14 05:59:52,8,8,0,老师还是挺可爱的，虽然他好像忘记了出分这回事，上课挺幽默的，就是回答学生问题凶了一点，老师的PPT有很多英文。。。
84898,1945,潘正权,2018-07-14 09:14:58,1,2,1,求求他出分
85000,1945,潘正权,2018-09-21 11:00:46,-37,4,41,普物：讲得挺清楚，也不太难，考的也不难；虽说今年不是原题，但是难度不大，都是基本公式和上课习题的衍生题目，没有竞赛基础也不用担心pzq的普物。（复习时看一看ppt蛮有用的，尤其是题目）。室友满了，但我真的很菜，最后一分钟改错了12分大题，结果总评91，4.5。还是我太菜啊……\n\npzq老师还是不错的，可以选择。
85002,1945,潘正权,2018-07-15 02:40:05,6,8,2,不错的老师，每个单元上完会有习题课和小测，上课会放好老好老的视频，但是干货还是很多的，尤其习题课上。认真听课积极预复习满绩不是梦想。
85004,1945,潘正权,2018-07-15 02:45:11,0,2,2,出完分再来评一次，就大物甲课程本身而言，老师的课算水的，课上讲题目不多，平时上课压力不会很大。课上的思考题加上习题课研讨课也足够满足大多数的学习要求。\n\n如果想要有个好看的绩点，课前课后的任务好好完成，知识体系建立起来。课后题好好刷一下，最后历年卷刷完，成绩不会差。\n\n此外，平时分里期中考部分给分按正态排还不是看自己学得怎么样。究竟按什么比例，好像也从来没有人说过。
85006,1945,潘正权,2018-07-15 02:56:26,0,0,0,普物平时分坑
85011,1945,潘正权,2018-07-15 03:15:07,1,4,3,出分慢 给分好 但是要有自学的准备
85013,1945,潘正权,2018-07-15 03:17:48,1,6,5,我可qnmd，垃圾给分，我期末就这点分？
85014,1945,潘正权,2018-07-15 03:29:20,1,3,2,根本不考原题，千万不要信，还是好好自学物理吧
85015,1945,潘正权,2018-07-15 03:31:43,7,8,1,组长大题不怎么会？没事，4.2\n\n普通学生70分钟期末题全写完？没事，3.0\n\n\n\n既然自己抢不上组长当，潘老师自然心里有数的。
85017,1945,潘正权,2018-07-15 03:53:43,2,2,0,普物给分挺好的 上课讲得也好 自己课后感悟一下 还挺通透的
85021,1945,潘正权,2018-07-15 04:11:36,-2,2,4,上课比较水，给分真心一般般，和自己预想的差太多了。。
85058,1945,潘正权,2018-07-15 07:25:32,3,7,4,省省吧你们，大物最后的结果和老师关系不大好吧，自己认真学了吗？期末发的试卷做了吗？
85077,1945,潘正权,2018-07-15 08:43:19,0,3,3,别的就不说了 小组长直接加6分太过了（没有否定小组长一学期收发作业辛苦的意思）希望老师再斟酌一下 2.平时分最后一节课最好能公示一下 不然根本不清楚考了几分平时分得了多少 谢谢
85090,1945,潘正权,2018-07-15 09:31:38,-3,0,3,老师说平时作业就是点个名，做的咋样无所谓，所以我瞎jb写的，最后果然如此，可以\n\n\n\n
85099,1945,潘正权,2018-07-15 10:34:53,-1,1,2,我了个去
85159,1945,潘正权,2018-07-16 00:43:18,-3,4,7,说实话，大物学习真的都靠自己。期中只有50多分，每当组长，小测做的也很差。但是多刷几套题，期末就没问题，满了
85193,1945,潘正权,2018-07-16 04:09:23,-3,5,8,我期中30多分，作业也基本上抄答案，当时是真的就准备补考重修了，但是期末刷了几套卷子，结果最后还能有88分，竟然还在抱怨卡绩?简单说，大物真不难，这个老师也挺好的，有时候会比较幽默，上课挺有意思(
85205,1945,潘正权,2018-07-16 04:48:13,2,3,1,感觉老师还行吧
85622,1945,潘正权,2018-07-22 03:36:07,0,5,5,很好的老师好吧。\n\n\n\n我和一同学都是他的课，都满? 了，谁知道曾经我们的期中考都很烂呢？我同学期中考都没及格，我也没比及格线高多少。主要他上课讲题的时候你得认真听，讲的都是精华，考也这么考。\n\n\n\n期末告诉我们你自己去做历年考题，自己总结一下哪些必考的。期末考真的其实也不难的。\n\n\n\n上课放的MIT视频挺有意思的，吹逼也蛮有意思的。\n\n\n\n
85631,1945,潘正权,2018-07-23 01:41:13,1,3,2,挺好的老师
85794,1945,潘正权,2018-08-10 12:18:03,5,5,0,和麻省理工的同窗一学期……
87030,1945,潘正权,2018-09-20 04:08:11,9,9,0,听了他的课我才知道我的自学能力有多强。
87215,1945,潘正权,2018-09-25 23:26:58,12,14,2,先给5分。虽然我是自学能力很强老师讲成啥样问题都不大，但是还是看不惯老师对那些接受接受稍微慢的同学“你说你这么简单的题不会？？……”看上去没啥耐心
87232,1945,潘正权,2018-09-26 02:49:22,6,8,2,录像看到眼瞎，\n\n组长竟然平时分都加，\n\n交作业只能用又薄又小的作业本，\n\n讲了什么重点，不好意思，好像没讲什么重点。\n\n
87588,1945,潘正权,2018-10-08 03:13:54,13,15,2,全程自习
87672,1945,潘正权,2018-10-10 02:00:35,27,32,5,他讲课的语调像在骂人，每句后面都会用质问的语气加上一个“啊？”ಥ_ಥ超级恐怖的
95169,1945,潘正权,2019-01-19 03:13:18,1,4,3,不喜欢看不起学生的态度
99989,1945,潘正权,2019-02-27 05:44:57,9,11,2,mit逼王潘正权
100551,1945,潘正权,2019-01-26 09:35:21,9,10,1,老师你快出分啊
101351,1945,潘正权,2019-01-28 05:14:00,0,5,5,体验负无穷，来浙大最差老师没有之一。
101429,1945,潘正权,2019-01-28 07:52:54,2,6,4,老师给分蛮好的，期中考要挂了，期末考填空错至少三个，最后有3.9，这时间没白等。不过学弟学妹以后做好自学准备
101450,1945,潘正权,2019-01-28 08:23:30,1,2,1,无语了
101455,1945,潘正权,2019-01-28 08:38:26,1,1,0,老师很有水平 但主要靠自己...
101482,1945,潘正权,2019-01-28 09:38:20,5,6,1,上课声音比较响，也不能算凶，有点像高中老师。平时没有小测，本来以为老师忘了，结果最后第二节课突袭小测，猝不及防。还有，参加物理竞赛有加分的操作不是很懂。
101570,1945,潘正权,2019-01-28 13:03:08,-21,5,26,除了需要自学以外都挺好的，老师上课主要讲一些生活方面的东西，比如怎么修空调，厕所自动冲水的原理这种，很有趣，只要自学好了以后去上课感觉还蛮好的！我因为期中考试那会还不适应期中考崩了，最后期末满分，加上物理竞赛一等奖，最后总评4.8还不错啦！
102597,1945,潘正权,2019-02-12 03:55:46,2,3,1,上学期他的普雾1，82/3.6，觉得听得不明不白的，总是告诉我们“建坐标系，用微积分”，但是我用了一学期才明白微积分在物理当中应该这么用。或许是我自己太菜，他们以为超级简单超级水的普雾1我弄不明白。PS：这学期huge的普雾2，期末竟然考了角动量、转动惯量啥的，总评反照普雾1提升10分，这样一来，在感激huge的同时也得感谢他几分钟啊。
103849,1945,潘正权,2019-03-06 08:47:11,9,10,1,大物甲1上他的课期中挂了，期末好好考总评88，大物甲2选了zdf的课，鸭的97。pzq只会吹B，就是照ppt念，细节部分一带而过，要预习，只会讲题，上课跟没上一样，课前课后看花时间，而且讲题也一带而过，真无语，还不如选zdf，还比较好选，分析也到位，课上就直接理解好了，课后也轻松一些
109850,1945,潘正权,2019-06-19 16:52:49,-1,3,4,我们寝室选潘老师的三人全满绩了，有些人不要因为自己上课不听不努力导致分低就怪老师
114198,1945,潘正权,2019-07-09 04:05:25,-1,2,3,唉，我感觉现在查老师的评论时间有点混乱，大概是脚本没人维护了。楼下那条2019.7说组长加五分的，这明明是几年前的事好吧。这学期普物没组长啊，更何况是代课的路欣老师代了一学期。实名表白路欣老师，回答问题对我这种小白太有耐心了鸭！
114515,1945,潘正权,2019-07-10 09:27:23,1,2,1,这学期潘老师代课 感觉老师上课很有激情哇，讲的也不错
114989,1945,潘正权,2019-07-13 23:54:15,-1,0,1,普物路欣老师代我们的课，潘老师代其它班的课，emmm好神奇
116343,1945,潘正权,2019-09-09 00:22:59,-2,1,3,第一节课，20几分钟了，还没进入正题，不知道还要讲多久，还在讲物理是啥
117456,1945,潘正权,2019-09-24 14:27:54,6,9,3,10页ppt4页彩图展示多彩的物理世界，2页放视频，1页列公式，3页例题，大家都预习的很好，所以上课比其他老师快一个单元……
122459,1945,潘正权,2020-02-28 14:04:26,1,2,1,一般吧
123799,1945,潘正权,2020-06-14 09:45:03,0,3,3,老师讲的习题挺好的，就是有点快，适合有基础的学生
123840,1945,潘正权,2020-06-15 02:01:13,2,3,1,普物(网课时代):\n\n①上课不定时点名，必须好好听课。\n\n②上完一大块内容会小测，比较难(也可能我太菜了？)\n\n③课前一定要预习，否则上课跟不上\n\n④课件内容挺好的，很充实，课上放的视频多是MIT教授的实验演示，挺有意思的\n\n⑤作业认真做，小测好好准备，期末也好好准备，应该可以高分
125066,1945,潘正权,2020-08-25 15:04:54,1,2,1,不错的吧
125229,1945,潘正权,2020-09-04 05:20:33,2,3,1,大爱权哥！给10分。实力好老师
126063,1945,潘正权,2020-09-17 04:07:24,4,5,1,普物H其实还不错，网课效果也还好，作业量不大，期末考必有20%作业题，选上了他的普物一定要看作业
127963,1945,潘正权,2020-12-01 12:10:32,2,2,0,老师很有趣，喜欢放某教授的视屏，课后得花时间学物理
127968,1945,潘正权,2020-12-01 23:58:40,1,2,1,我爱权哥
129919,1945,潘正权,2021-01-13 13:27:08,1,4,3,绝对的好老师，吹爆
133865,1945,潘正权,2021-07-05 10:50:32,0,4,4,挺好的老师
134010,1945,潘正权,2021-03-12 01:16:21,4,8,4,高中竞赛就见过他了，是出来捞钱的老师里面讲的最烂，最不负责的。天天想着捞钱，课程教学自然也做不好，垃圾！
134011,1945,潘正权,2021-03-12 01:19:04,-8,4,12,傻逼老师 我选条狗给我上课都比他讲的好
134276,1945,潘正权,2021-03-22 14:37:37,0,7,7,他上课很聒噪，声音超级大，影响我看PPT，而且口音超级重，念英文让人听着窒息，讲课根本不讲思路，就会瞎念PPT，从来不给你分析物理过程，整天叭叭叭，建议预置他课的快逃！！！
134826,1945,潘正权,2021-04-17 07:46:26,-1,1,2,老师好可爱
135312,1945,潘正权,2021-05-08 03:55:37,6,7,1,就目前的上课体验来看，真的能学到很多东西啊，上课也很有趣，会放MIT视频，但其他普物老师也会放MIT视频的呀..这个算不上黑点吧。（而且MIT的实验视频真的很有趣呀，很喜欢看）老师说话语气听起来是挺凶的，但是只是语气而已。上课经常把物理知识和生活结合起来，虽然讲生活例子并没有直接讲题那么有功利效果，但是很有趣也很让人印象深刻啊，课后回答学生问题也很清晰。上课讲题节奏有点快，不预习难跟上，但是ppt很详细挺方便复习的。
135899,1945,潘正权,2021-06-02 03:36:44,2,3,1,一言难尽
136297,1945,潘正权,2021-06-17 05:44:08,1,3,2,很可爱的老师！
136893,1945,潘正权,2021-06-28 00:25:15,11,12,1,中文上课能保证你至少知道老师在说什么，ppt应该是所有老师里面最清晰的（有例题！），考试紧贴教学内容也不会超纲，总之是普物一最适合没有物理竞赛基础的好老师了。
136936,1945,潘正权,2021-06-29 12:16:46,15,17,2,关于普物，查老师里很多评价可能都已经过时了，从来就没见过什么“回答问题极不耐烦的态度”，组长加五分现在只是平时分适当上调，放录像的频率也不算高啊而且我觉得挺有趣的。可能老师是有意识地根据同学们的评价在改正一些问题吧。潘老师真的很认真，上次还看到他在食堂改ppt……另外还请某些同学不要将自己的问题怪到老师头上，用不妥的语言做出评价。
136949,1945,潘正权,2021-06-28 15:11:48,2,4,2,普物选潘老师不亏！考试题目相对简单，老师人也很可爱，越看越喜欢
136976,1945,潘正权,2021-06-29 05:29:09,6,8,2,潘正权老师上课前的PPT最好预习过，不然上课会比较懵逼。但是权哥上课思路非常清晰，涉及到公式推导的，如果课后不明白，老师也会耐心地进行讲解，不会有什么歧视与不耐烦。线上答疑回复也很快。\n\n权哥普物难度适中，比较适合高中没学过物竞的选手。期中期末卷题目多数来自于PPT和课后作业，比外教的普物课阳间太多，，
137185,1945,潘正权,2021-07-02 05:49:15,3,5,2,解答问题很耐心，助教也很好。\n\n一些欠缺的地方有在努力的改，这学期有一节课有领导（？）来听课，反应录像放的多，下一节课老师就拿了实验装置，在课上演示。\n\n有情怀，最后一节课很感动。
137332,1945,潘正权,2021-07-04 02:10:19,2,7,5,普物Ⅰ?\n\n选他!选他!选他!
137337,1945,潘正权,2021-07-03 09:24:54,12,15,3,从以前的评价来看潘老师确实改进了很多了，最近的评价还都是蛮客观的，讲的可能确实不够那么好，但是PPT还是挺用心的，每次课前都发预习版，课后发有答案的版本。每次写写作业，小测前看看PPT，期中期末肯定不会有大问题，题目真的不难，全英是课程要求，没办法。最后祝愿自己明天能考好点..
137398,1945,潘正权,2021-07-04 01:54:28,0,3,3,说不好的等到考完试就会感受到他多好
137400,1945,潘正权,2021-07-04 02:12:44,-3,6,9,别的一切都别说了\n\n一门不正态的课，期末如此快乐，我只能说pzq永远的神！\n\n别讲什么课没东西放视频听不懂\n\n有卵用？\n\n不妨碍背公式看PPT爽过期末吧？\n\n不选pzq非要去选那些外国人真的是无法理解呢！\n\n谁夸pzq，谁就是我异父异母的亲兄弟！
137631,1945,潘正权,2021-07-05 11:14:29,0,4,4,虽然不知道考的怎么样，先来打个十分，老师真的很用心了，期中怪自己没有好好准备，期末重新做人好好看了ppt，提前谢谢权哥
137678,1945,潘正权,2021-07-05 14:52:16,-4,0,4,赞，狂赞，超级无敌赞！！！
138291,1945,潘正权,2021-07-10 16:40:24,6,12,6,挂了，一点分不调
138338,1945,潘正权,2021-07-08 14:26:06,4,4,0,平时分裂了
138347,1945,潘正权,2021-07-08 14:42:24,20,22,2,普物1:讲课属实一般，基本上课后自学。老师态度很认真，从节节准点下课可以看出来备课很用心，对教学内容很熟练。期中期末考试基本上考原题，难度较低，套公式及基本例题掌握即可，对高中物理不好的同学极其友好，物竞大佬最好不要来这个班以防粗心错题而裂开。考原题的代价是完全不调分，但我认为这个代价尚可接受——毕竟卷子是理论上都能考90分的程度。总的来说，对于我这个物理菜鸡而言，在权哥班上的普物学习感受良好，因为不用花很多时间就可以取得比较高的成绩。对于**不用学或不想钻研物理难题**的同学，权哥是很好的选择。（ps注意一下平时分，排名制赋分，不要因为作业和小测考太低而卡绩）
138396,1945,潘正权,2021-07-09 02:16:24,9,11,2,不调分
138421,1945,潘正权,2021-07-09 05:43:39,14,21,7,好家伙，考完试上8，出完成绩又掉下来，是潘老师的水准波动的这么快吗？请诸君想想，你们在乎的真的是潘老师的讲课水准以及在课上学到的东西吗？还是仅仅出于试题的难度或是更为直率的分数？请同学们在评分前好好揣摩一下求是二字!
138443,1945,潘正权,2021-07-09 08:38:54,3,3,0,期末是最不重要的
138605,1945,潘正权,2021-07-10 02:59:36,-5,3,8,特别好的老师！！太可爱了！！！
138610,1945,潘正权,2021-07-10 03:05:39,-4,4,8,大爱潘哥哥～入股pzq不亏
139654,1945,潘正权,2021-07-19 11:18:32,3,6,3,沙比罢了
143007,1945,潘正权,2021-11-18 06:41:46,9,10,1,大物负责人，普物和大物一样搞极其恶心的平时分按排名赋分，认认真真做作业总不能避免小错误，远远比不过抄答案的同学。期中考期末考都挺不错，最后平时分爆炸，绩点爆炸，无话可说。顺便，小测似乎很多题都能搜到，线上小测。
143225,1945,潘正权,2021-11-22 00:56:15,2,5,3,说实话，我从来没有见过像老师那样回答问题这么耐心的，不管你觉得自己的问题多么傻，他都会说的很详细，真的被感动到了，感觉下面的评价对老师的恶意实在太重，所以特来评一下，老师人真的很好。
143851,1945,潘正权,2021-12-09 02:07:36,7,8,1,不同意他对洛伦兹变换只适用于惯性参考系的看法
144731,1945,潘正权,2021-12-23 10:57:08,6,8,2,早期的评论现在看来，有失偏颇。ppt上的例题给的很好，上课认真听很有收获。上课也会拓展聊聊别的内容，就是看到同学发困可能会突然大声说话(｡ì _ í｡)
145347,1945,潘正权,2021-12-29 06:48:40,-1,3,4,老师爹味好重，快逃
147904,1945,潘正权,2022-01-11 06:32:32,2,2,0,为什么平时分扣了我一半多，明明每节课都到，每次点名和小测都在，6分的平时扣了我4分，我不能接受！
158475,1945,潘正权,2022-06-29 14:05:58,1,1,0,平时分给分好差
169322,1945,潘正权,2023-02-25 11:58:57,6,6,0,说好的竞赛加分呢？吞了我们50块钱又变卦？
170495,1945,潘正权,2023-03-06 10:47:00,3,3,0,废话太多，和我高中物理老师一样水！
171145,1945,潘正权,2023-03-17 03:11:47,4,4,0,课太水
171582,1945,潘正权,2023-03-29 10:30:48,1,5,4,上课极其水，对初学者来说，光看他的课件和听他讲课基本学不到一点东西。。。所以建议预习。作业偏简单，但考试又偏难。。上课时讲简单题讲得非常用心，一到难题就快速翻ppt，还说这些都是送分题，，概念过得非常快，然后就会直接上难度。。上课讲的大家都不想听，但是他又喜欢点名，所以必须去。因此最好的方法就是在他课上看其他老师的网课。
172106,1945,潘正权,2023-04-19 14:58:59,-6,5,11,大傻逼一个
173031,1945,潘正权,2023-06-25 11:47:24,12,19,7,我会给老师打上一个十分\n\n有评论说 老师喜欢说废话 在你看来是废话 但我觉得更多的是对我们的叮嘱 有的同学经常不来上课 所以老师才会啰嗦 本质上是希望大家都来 每次评价作业 是为了让我们知道为什么被扣分 他还会单独私信未交作业的同学 给足了大家补交的机会\n\n有同学说 上课放MIT 我承认 老师的课在某些方面有一些水 但是老师回答问题很耐心 他水的时候你自己复习一下难道不行吗 况且他放的视频在我看来 还是有一定的作用的（作为一个菜鸡来说 物理现象呈现在我面前我会觉得印象更加深刻）\n\n而且普物的话 真的要去外教班上课吗？ 老师虽然有时候英文不标准 可是他百分之95的时间都是在说中文吧 至少我作为一个初学者来说 非常庆幸自己选择了权哥，学弟们（特别是图灵混合这些以后物理用处不多的班级）  请无脑选择权哥\n\n\n\n-------------------------------\n\n考前来拜！
174336,1945,潘正权,2023-06-09 17:16:47,-4,6,10,可是让他发现雷达点名了，好家伙想起来就开点名。小测的时候一直在说话，好诶，小测就不是考试是吧，没有环境要求是吧。头一回见周六中午收作业的老师，你助教批不完，你换TA去，别剥削我们啊。
174537,1945,潘正权,2023-06-14 01:13:41,1,5,4,老师讲课很认真，能看出来备课很用心，平时的quiz和考试的难度也不会太高，而且复习过PPT和作业题后问题也不会很大，最后一节课发着烧给我们上完了，还希望通过物理对我们的人生带来一些启迪，感谢！
175500,1945,潘正权,2023-06-25 08:00:29,3,5,2,平时成绩应该主要看小测和作业吧，点名当做参考。小测一定要来上课，交了就有及格分，也有同学线上交的；作业星期六中午就得交，但晚几天交给助教也会改，好像也不扣分。另外作业要复习一下，期中就考了原题。总体来说看看PPT上的题难度不大，适合像我这种不怎么想深入学的，祈祷明天期末考试顺利。
177957,1945,潘正权,2023-07-05 20:39:20,-14,2,16,出分了讲讲给分情况吧，省流版就是真的很看平时分。平时分似乎是会经过一次全体排名再赋分的，我原始只扣5分左右，期末发挥还挺好的没有不会的，最后拿个3.3。小测了四次都有一点难，会的领域本来就会，不会的也听不太懂他的课（感觉默认你已经学会了，狂过题目），期中期末倒是不太难。总之建议想拿高分的平时分一定要尽可能刷满，每次小测也都要认真准备复习。
178055,1945,潘正权,2023-07-06 12:22:16,4,7,3,老师绝对是好老师，非常耐心，人也很好，只是讲话语气等等问题看起来比较心急。讲课是普物I中最为通俗易懂的，每节课都能够学会并掌握知识点，也可能因此有人觉得水。遇到老师是非常幸运的事情，我高中物理并不是很好，荣誉课的难度又较高，但是很感谢老师给我打了一个非常好的基础，给分不是满绩，但是我觉得也还可以。感谢老师！
178557,1945,潘正权,2023-07-14 12:14:40,9,12,3,普物1H\n\n潘老师的普物课，是一门努力想拿到高绩点就完全可以做到的课。\n\n老师上课水平中上，会反复强调重点，而且有时候会拓展一些生活中有趣的例子，这点感觉很好。\n\n这门课一定要注意平时分，想得高分平时需要稍微卷一些，但事实上老师出的题目都是上课讲过的题型，不会为难大家的，综合我身边上其他老师普物的同学情况，我的建议，普物1H，还是选潘老师。
180196,1945,潘正权,2023-09-20 13:48:17,-2,6,8,没见过他在黑板上推过任何一条公式，全靠点PPT，还点得飞快
185774,1945,潘正权,2024-01-04 08:31:28,1,7,6,不同意楼下卷就能拿高绩点的观点\n\n你的努力远不如别人找答案抄作业（有同学四次小测全部找到答案），然后期末面向作业和PPT复习\n\n也许是我水平不行，但是我在普物上付出了很多，最后的成绩让我知道我在物理课上就是一个废物\n\n如果你想水过一堂物理课，请选\n\n如果你真的想学一下物理，想在大学课堂上踏踏实实学一点东西，别的老师可能更适合你的付出\n\n至少我很气我的普物绩点最低
189040,1945,潘正权,2024-01-21 10:58:07,-2,0,2,普物I简单
191017,1945,潘正权,2024-03-28 09:04:38,6,6,0,24春夏大物H，上这门课只需满足以下两点：\n\n1.极强的看PPT自学能力\n\n2.每节课到堂听他bbll的勤奋（六节课点五次名...什么实力）\n\n还有能容忍他随堂小测时一直吵吵“我看没什么人用我讲过的方法”“你们不用我讲过的方法怎么写得出来呢”，
192529,1945,潘正权,2024-05-23 04:01:12,0,3,3,pzq我的超人\n\n对于物理底子烂的人非常友好\n\n每节课会讲很多例题，PPT也有很多题目\n\n可能更加面向考试？我觉得比干讲理论好很多\n\n可能类似于高中的授课模式吧
195920,1945,潘正权,2024-07-01 01:08:04,4,5,1,上课讲得中规中矩，优点是用中文授课不至于让人听不懂，给分应该是所有普物老师里最好的。\n\n另外吐槽一下平时分赋分和小测（应该是通病了）小测作弊屡禁不止，老师甚至不管。本人期中期末都100，作业全交点名全到，因为小测认真做分低平时分扣了4分，就挺无语的。那些小测全满分期中期末三四十分的真的一点羞耻心都没有吗
196301,1945,潘正权,2024-07-03 00:32:56,5,6,1,念ppt，讲得依托，给人的感觉是他自己都不会
197050,1945,潘正权,2024-07-07 02:38:50,1,1,0,普物一整体感觉挺不错的，潘老师出的题应该是普物老师中最简单的，给分也很高，但上课水平不是很好，念ppt太多了，很少会在黑板上推公式，我后面几乎都是自己看着ppt学
198107,1945,潘正权,2024-08-30 15:53:13,3,3,0,纯傻逼
219034,1945,潘正权,2025-05-19 12:52:11,0,0,0,微积分基础Ⅰ、微积分基础Ⅱ、大学物理基础Ⅰ、大学物理基础Ⅱ：我校四门“神”课
1596,1963,宋斌,2015-03-23 01:03:05,12,16,4,语速有些慢，不过也还好吧
2353,1963,宋斌,2015-07-07 04:30:43,4,9,5,还可以吧
3178,1963,宋斌,2015-05-19 06:56:21,6,13,7,好老师不解释
4954,1963,宋斌,2015-07-01 13:40:31,6,12,6,非常好的老师
5683,1963,宋斌,2015-07-09 06:29:51,-2,5,7,长得略帅，给分略低，讲得不错
14094,1963,宋斌,2016-01-04 08:29:17,0,5,5,先10分
19523,1963,宋斌,2016-01-24 13:05:14,1,5,4,这老师极好
22491,1963,宋斌,2016-03-07 02:49:18,2,6,4,好坑啊
23359,1963,宋斌,2016-03-27 03:13:32,1,10,9,讲的慢，而且内容非常浅显，感觉上课听还不如自己自学好。许多内容只是碰一下，效果不怎么样。
23678,1963,宋斌,2016-07-01 03:17:52,-7,7,14,非常垃圾的老师，没有耐心没有水平
25251,1963,宋斌,2016-05-09 02:26:29,-8,5,13,就是照着ppt念，我又不是不识字，还用得着你给我读一遍吗？！ppt所有老师都是一样的，试问宋老师你到底为这节课准备了什么？！！
25485,1963,宋斌,2016-05-23 00:11:56,0,4,4,什么题目都很简单…那要老师何用
26056,1963,宋斌,2016-06-15 09:13:20,-2,2,4,感觉还好……虽然恐怕给分不好……
27092,1963,宋斌,2016-06-30 13:03:50,-18,6,24,不错的 我拿了5.0
27100,1963,宋斌,2016-06-23 02:08:21,-7,2,9,腊鸡没话说
28266,1963,宋斌,2016-06-28 08:23:14,-5,4,9,好老师 课件上要点全有 考前过一遍包您上4
30052,1963,宋斌,2016-07-01 01:06:49,0,2,2,无语了
30054,1963,宋斌,2016-07-01 01:09:56,0,2,2,上不上都一样，给分还低
30056,1963,宋斌,2016-07-01 01:12:37,-16,1,17,不错的 有一次作业没交仍然满了
30057,1963,宋斌,2016-07-01 01:16:06,-13,1,14,期末考明明应该满分了还没满绩，我不服。。
30064,1963,宋斌,2016-07-01 01:34:09,34,35,1,老师讲得很细致，很适合我这种基础一般的人，给分也很好！
30069,1963,宋斌,2016-07-01 01:47:06,0,1,1,好好好\n\n
30077,1963,宋斌,2017-01-17 02:34:27,-28,3,31,缺了一次quiz 上课基本睡觉 所以我也不知道怎么说 但最后期末满分就满了
30104,1963,宋斌,2016-07-01 02:40:11,3,4,1,讲课语速比较慢，不过井井有条。听宋老师上课不怎么会感觉枯燥无味。感觉挺平易近人的。
30119,1963,宋斌,2016-07-01 02:52:14,0,1,1,本来以为可以满，没想到差一点。不过认为老师讲的水平一般，人还是不错的。
30125,1963,宋斌,2016-07-01 03:12:46,0,1,1,还是。。。靠自己吧
30135,1963,宋斌,2016-07-01 03:24:36,0,4,4,分数什么鬼啊，没加平时分吧
30201,1963,宋斌,2016-07-01 05:10:26,5,9,4,老师上课讲得挺有条理，不过略浅，这次考卷简单，收获第一个满分满绩，觉得给低了的同学可能是有细节小错误自己没发现吧
30211,1963,宋斌,2016-07-01 05:40:36,-7,1,8,针垃圾
30688,1963,宋斌,2016-07-02 08:16:59,18,19,1,老师其实蛮好的。希望童鞋们不要因为评分而轻易退课。尤其是基础不好的。可以说讲得仁至义尽了。
30812,1963,宋斌,2016-07-02 14:17:19,4,4,0,老师很和蔼的，讲的井井有条，很关心我们，从期中就开始催我们好好复习了
30931,1963,宋斌,2016-07-03 03:17:34,-5,1,6,
31004,1963,宋斌,2016-07-03 05:58:57,0,0,0,老师很亲和啊，讲课也不差
31495,1963,宋斌,2016-07-04 03:30:43,-4,2,6,没有平时分，可以强行挂人的老师
32218,1963,宋斌,2016-07-06 03:31:01,4,4,0,高中物理老师的感觉，蛮踏实的\n\n
33904,1963,宋斌,2016-09-22 11:55:08,-4,0,4,很可爱的老师，讲课还蛮耐心的，期中考试只要去了就有及格分。
52538,1963,宋斌,2017-06-21 03:01:40,2,3,1,老师很细致，虽然不能说吸引力十足，但真的很到位了。
52548,1963,宋斌,2017-06-21 03:24:51,2,2,0,不错不错很耐心\n\n
56027,1963,宋斌,2017-07-03 02:57:22,1,1,0,给分挺好\n\n
56033,1963,宋斌,2017-07-03 03:05:20,0,0,0,老师讲课很认真，做事一丝不苟的那种。给分很实在，努力学还是可以有好成绩的
56045,1963,宋斌,2017-07-03 03:35:14,0,0,0,good
56060,1963,宋斌,2017-07-03 03:57:36,6,7,1,利益相关：物理系学生\n\nemmmm期中期末复习一波考的还行，平时分也给满了，怎么说呢讲的挺细期末复习也还可以。平时三次考试，注意要考好点作业对下答案，平时分有理有据就满了
56097,1963,宋斌,2017-07-03 05:09:43,12,13,1,必须要给宋老师正个名，讲课还是很细致的，有种莫名萌感。期末平时分也给满了。虽然嘴上一直吓你，但人真是好的，还是体谅学生的
56108,1963,宋斌,2017-07-03 05:39:11,-4,0,4,讲课很好。。。给分？很神啊。。。期末本来是上4.5的成绩，竟然给平时分给拉下去了。。。作业也好好做小测也还行，扣了4分平时分。。。很难受啊不知道去跟谁说。
56124,1963,宋斌,2017-07-03 06:21:19,2,2,0,老师讲课语速较慢，但是进度反而比其他班快，每章讲完了还有习题课，感觉还不错。平时分争取拿到吧，做好作业对一下答案，小测也不难，好好考应该可以。就是这次教改期中考试太难了占太多比例了我才这么低的哇T^T
56151,1963,宋斌,2017-07-03 06:58:27,3,3,0,平时分很容易满啊\n\n期中崩盘 但期末比较简单，考得不错 还是上4了
56177,1963,宋斌,2017-07-03 07:46:29,5,5,0,老师很棒。给分也超好。除了期中期末硬性成绩，平时分给满了
56326,1963,宋斌,2017-07-03 13:20:56,2,2,0,讲的算是仁至义尽了，可能趣味性稍微缺乏一些，但是真的很细致全面。三次小测中有一次崩盘只得了6分，最后平时分还是满了，只能说感谢老师吧
58967,1963,宋斌,2017-09-19 02:08:53,0,0,0,氛围轻松
60160,1963,宋斌,2017-10-12 02:04:30,0,0,0,老师讲的很细致，两次小测做的都很一般，其实平时分最后也只减了一分。
76255,1963,宋斌,2018-03-30 15:06:39,1,1,0,老师还可以吧，但是一些题目好像是讲错的了，还必须自己课后回去看看，琢磨琢磨
77946,1963,宋斌,2018-05-09 02:12:03,0,0,0,很棒的
79099,1963,宋斌,2018-05-23 01:21:43,2,2,0,宋老师讲课挺细致的，期中难度相比其他老师也不是很大，上课总体来说挺有意思的，很棒
79105,1963,宋斌,2018-05-23 03:48:47,1,1,0,除了语速慢都很好哦，喜欢老师给人一种踏实的感觉。
79411,1963,宋斌,2018-06-04 03:17:43,28,32,4,讲的很细致，就是有个傻逼一直喜欢接话
81959,1963,宋斌,2018-07-06 15:39:42,2,2,0,不错滴
84207,1963,宋斌,2018-07-12 08:22:59,3,5,2,老师这出分也太慢了吧
84381,1963,宋斌,2018-07-12 16:24:29,0,3,3,怎么还没出分\n\n等挂科呢
84424,1963,宋斌,2018-07-13 07:29:43,4,4,0,不错的老师
84426,1963,宋斌,2018-07-12 23:27:22,3,4,1,出分真的超级慢
84576,1963,宋斌,2018-07-13 08:19:39,18,19,1,请送我上去!完全值十分的老师，虽然讲的比较慢，但是很细致，老师人也很好，拿到了这学期最高绩点!
84577,1963,宋斌,2018-07-13 08:19:41,9,9,0,老师真的是很好，每一章都有复习课，作业也不多，给分好，强推
84585,1963,宋斌,2018-07-13 08:42:59,0,0,0,很好的物理老师，有担当
84636,1963,宋斌,2018-07-13 12:04:32,2,2,0,讲课比较平淡，内容也比较浅，但也仁至义尽了，很关心学生的学习啦。给分还好，出分真的有点慢了。
84841,1963,宋斌,2018-07-14 04:27:56,5,5,0,一定要重视期中考试，血的教训啊
85076,1963,宋斌,2018-07-15 08:38:31,2,2,0,不错的\n\n
85421,1963,宋斌,2018-07-17 16:01:26,0,0,0,还可以
86798,1963,宋斌,2018-09-19 01:09:10,2,2,0,很好的老师，讲的很有条理，上课基本能全部听懂
92466,1963,宋斌,2018-12-29 10:37:56,-4,2,6,讲课水平实在不怎么样，讲了和没讲一样，基本是书上的内容，没有深度
104924,1963,宋斌,2019-03-31 08:55:46,2,2,0,老师人很好，喜欢（手动比心）
106631,1963,宋斌,2019-04-28 12:50:41,0,0,0,老师讲得很详细呀，对基础中等偏上的同学很友好！
110968,1963,宋斌,2019-06-29 02:09:25,3,3,0,别的不说，这次期末考试最后两个大题都是期末复习的时候讲过的原题～
110993,1963,宋斌,2019-06-29 04:07:11,-8,0,8,漏题的什么后果8用我说了吧
111030,1963,宋斌,2019-06-29 08:40:34,4,4,0,tql压中了期末两道大题
111235,1963,宋斌,2019-07-05 12:17:12,2,5,3,莫名其妙就满了 感谢老师
111412,1963,宋斌,2019-07-01 10:27:16,6,6,0,讲的很细致，是少有的会关心你有没有认真听课，提醒你不要水手机的老师。
111643,1963,宋斌,2019-07-02 09:53:55,2,4,2,不管分数怎样，这老师真的是少数几个关心同学的老师，认真听他的话学习大学物理必满，真的很幸运能选到这么好的老师(老师的小测其实很水，平常认真听课就一定会做，
112956,1963,宋斌,2019-07-05 15:35:51,1,1,0,平时讲得蛮细致，最后还押中两道大题，感谢老师
113017,1963,宋斌,2019-07-05 17:46:48,3,4,1,太感动了，平时分给的很高，我期中才26，老师也没有放弃我，一直在鼓励我，期末刷了好多好多题，最后没挂，太开心了，谢谢老师！
113074,1963,宋斌,2019-07-05 22:35:25,0,0,0,还行吧，上课反正就中规中矩。这种东西最终反正还是靠自己。
114146,1963,宋斌,2019-07-09 01:17:46,1,2,1,老师讲课节奏很好，不紧不慢，一节一节地讲下去，有复习课，说话有点有趣，听他讲课蛮好玩的。和蔼可亲，问他问题会不厌其烦的回答。平时作业不管是哪个老师都差不多，教研小组讨论的结果；小测都是临近下课出几个基础题目给大家做；给分当真仁至义尽，考试好好复习，因为期中期末成绩不能动，但平时分快给满了，满分20给19，只要作业都交，小测不缺席就可以。总之老师值得信赖!
115104,1963,宋斌,2019-07-15 15:25:06,0,1,1,超仔细！！！适合我这样的物理菜鸡！！！
116390,1963,宋斌,2019-09-10 01:14:53,1,3,2,老师真的太好了！我爱死他！很关心我们的，上课也很好，我这种白痴也听的懂不会有让人想睡觉的感觉。而且我期中考记错时间没有去考之后找老师老师也没有不耐烦不管我，虽然期中考0分，感觉自己期末考考的也不太好他还是没有给我挂科呜呜，我真的爱他！
116461,1963,宋斌,2019-09-11 00:27:15,-21,0,21,老师讲的比较细致，有复习课。旷了四五次课吧，作业按时交，记得对一下答案，期中96期末94最后满了，感谢老师！
120480,1963,宋斌,2019-12-09 06:59:21,-4,4,8,唯一一门满绩，贼好的老师
123582,1963,宋斌,2020-06-10 08:19:22,4,4,0,很好的老师，特别和善，但是对学生要求也是高的。上课思路清晰，讲的时候看起来很慢，但实际上课程很充实。每次上课前都会聊杭州的天气哈哈
125350,1963,宋斌,2020-09-07 09:28:32,-1,7,8,给分很好，最后拿了满绩，很舒服！
125381,1963,宋斌,2020-09-08 02:28:03,2,2,0,很萌，很关心学生，上网课时，老师看到群里讨论的学生不懂的问题也会详细讲一遍
134565,1963,宋斌,2021-04-01 23:41:39,14,15,1,这样的好老师怎么会只有9.1？
138637,1963,宋斌,2021-07-10 04:49:14,-39,2,41,能想出来在钉钉群里讨论问题（水群）就可以加平时分的老师人如其名sb
138874,1963,宋斌,2021-07-12 00:42:26,8,12,4,老师讲课很好，平时分主要与签到和小测有关，而且老师对某些经常旷课的同学真的挺失望的...
139011,1963,宋斌,2021-07-12 07:41:26,3,3,0,讲的非常细致，给分也很好
156032,1963,宋斌,2022-06-17 07:38:39,11,12,1,大雾考完来评\n\n跟宋老师学习大学物理一学期，很感动。宋老师上课耐心细致，每个知识点都认真梳理，会根据同学的掌握情况调节上课安排、提出重点内容，宋老师的习题课质量很高，小测也不难。我能从他的眼光中感受到对物理对学生的热爱，这是极少见的。本人前半个学期真的搞不清楚大学物理怎么学，很简单的题目照样不会。但随着上课的推进，我逐渐能够跟上老师的思路了。不谈最后结果如何，感谢老师把我引入物理的正轨。🙏
157523,1963,宋斌,2022-06-23 14:46:42,-11,1,12,卡绩……
157677,1963,宋斌,2022-06-24 09:50:44,-3,3,6,这么好的宋老师为什么评分只有那么点？？？！！！老师是真的很细致负责的一个老师，每次有个周期的课程讲完之后还会提醒同学们：“这个单元的可已经讲完了，同学们有复习过吗？”虽然老师的提醒对大多数（甚至绝大多数）同学没什么作用，但是真的给我们的印象就真的很好。而且老师讲课真的比较细致，上课之前会告知同学们本章节的重点，上课过程中也会不断强调。而且宋老师真的完全没有老师的架子，有些时候和学生讨论的时候还会笑起来。不过老师对不去听课的学生也是非常的失望，所以这学期不得不安排了很多次小测来迫使同学们努力学习。总的来说老师很好，助教也不错，自己也重视这门课，最后拿到4.8也非常开心。可惜老师不教大雾II，否则我真的还想选他的课。
157750,1963,宋斌,2022-06-24 15:52:14,0,0,0,平时分给的是真的好
158065,1963,宋斌,2022-06-26 14:10:29,2,2,0,我是前面“无论结果如何“的同学，老师给分很求是，平时分是我这种菜的垫着呢（但不影响我给10分），同学们一定要认真复习小测啊！
169827,1963,宋斌,2023-02-28 05:27:23,0,0,0,非常好的老师
175582,1963,宋斌,2023-06-25 15:22:07,3,3,0,确实上课体验不戳
177266,1963,宋斌,2023-07-02 13:03:19,0,1,1,宋斌老师是很好很细致的老师，虽然上课有些许催眠哈哈哈，但是老师真的很好。出分前先来给满，大物不出我一日不得安眠，先给您磕一个。
177643,1963,宋斌,2023-07-04 04:19:11,-16,3,19,艾斯比
178155,1963,宋斌,2023-07-07 08:44:03,0,1,1,老师我爱你
181778,1963,宋斌,2023-10-31 11:01:34,-1,1,2,连着选了老师的三个电桥实验，真的是手把手教你，先讲一遍再演示一遍，怎么连电路该按哪个按钮都告诉你了，超级好的老师
185428,1963,宋斌,2023-12-29 07:54:10,3,3,0,大物实验讲的很细，但是给分有点低
192619,1963,宋斌,2024-05-25 07:10:51,1,1,0,...
196008,1963,宋斌,2024-07-01 06:09:38,1,2,1,很严格的老师，小测点名一手把握没有补签和补测的机会，小测从来不会提前告知\n\n不捞分 一点不捞的那种\n\n比较适合态度认真的同学，小测难度不大，作业量也不多，认真完成基本可以拿满平时分
213709,1963,宋斌,2025-01-19 08:33:33,2,4,2,上课质量一般般，老师感觉是那种老派教师，比较严谨、古板，但人是不错的，对教学也比较认真负责。\n\n学大物一的时候还没认识到平时分线性赋分的险恶，被狠狠摆了一道，最后成绩不太好看（虽然也和我期中期末都没发挥好有关）。不过凡事没有如果，回头来看，还是能给宋老师打个高分的。
217829,1963,宋斌,2025-04-17 04:10:07,2,2,0,看起来严肃，但绝对的好老师
220564,1963,宋斌,2025-06-18 13:57:55,0,1,1,哎呦我，斌哥牛逼！
221253,1963,宋斌,2025-06-22 08:58:36,0,0,0,老师很认真，但有点像老学究，课件也不是很新。学弟学妹可以在98上找小测题来做，宋老师每年的小测题基本不会变，提前背好的话对小测帮助巨大，大物平时分赋分制度险恶，想拿高分务必认真。
221283,1963,宋斌,2025-06-22 12:22:03,0,0,0,出分喜提2.4\n\n\n\n也不是说抱怨吧，只能说提醒一下后来的同学，大物这门课没有想象的简单，赋分制度更是学院统一没有操作空间，如果你是跟我一样平时上课隔三岔五翘一节，指望期末认真学一学这样的话，小心物理学院给分制度特攻伤害吃满。也许你靠着那样的学习在上个学期过得还不错，如你所见这个学期这门课会给你当头一棒\n\n\n\n另外说一下宋斌老师，总体来说中规中矩，小测有点难度，并且限时完成，班内差距会很大，50满分班里十几到四十几都有，体现到最后平时分赋分拉开距离不是一般的大。本学期期中考很难，期末也有一点难度，我的这个绩点可能也有刚好碰上硬茬的成分在，不过说到底还是要认真学，千万别因为大一下熟悉了校园生活就开始放松
221300,1963,宋斌,2025-06-22 17:00:02,0,0,0,特别好的老师
221479,1963,宋斌,2025-06-24 04:16:12,0,0,0,讲课真的很好，人也很负责，就是喜欢随机签到
221563,1963,宋斌,2025-06-24 14:13:15,0,0,0,宋老师讲课中规中矩，雷达点名，不会提前通知（而且专挑人少的时候点）。老师的事很少，作业布置的量是教研组规定的下限。助教批改作业也挺松的，好像基本交了就给满分。\n\n给分挺捞的！满了！
222042,1963,宋斌,2025-06-29 07:03:06,0,0,0,（1）讲课还行\n\n（2）小测难，时间紧，15-20分钟3-4道大题\n\n（3）大物教研组的给分规则就决定了基本没法捞\n\n（4）老师可能是比较老教师的那种风格（？不知道这种形容是否准确）比较看重到课率这些的
1814,1967,金洪英,2015-03-25 11:10:44,85,98,13,金大侠一看就是智商超高的大神
2721,1967,金洪英,2015-05-06 04:15:51,24,27,3,老师智商高，我跟不上啊
3328,1967,金洪英,2015-06-02 10:55:24,4,7,3,讲得不错，认真负责。
12989,1967,金洪英,2015-12-24 12:43:10,-8,4,12,平均绩点偏低
22018,1967,金洪英,2016-03-02 05:58:20,45,48,3,越看越像李小龙
22661,1967,金洪英,2016-03-09 10:56:36,-15,1,16,………
24343,1967,金洪英,2016-04-29 15:34:40,6,6,0,互动太萌了。。。
24968,1967,金洪英,2017-12-22 03:47:04,51,79,28,第一排那个死胖子能他妈安静点吗。第一节课就这么跳。草泥马的
27039,1967,金洪英,2016-06-22 11:07:00,31,32,1,同学们要是学过大学物理....哈哈哈每次听到都笑抽
28284,1967,金洪英,2016-06-28 08:26:00,38,38,0,老师很可爱，尤其在qq群里hhhhhh
28336,1967,金洪英,2016-06-28 08:35:37,1,2,1,好好好
28397,1967,金洪英,2016-06-28 08:49:40,15,16,1,老师超棒！是真的很想让我们感受物理的美，不拘于教材
28428,1967,金洪英,2016-06-28 08:57:45,1,2,1,可以的
28604,1967,金洪英,2016-06-28 10:54:05,1,3,2,大物丙本身比较简单，老师上课会延伸很多，老师人很好，就是可能毕竟搞理论物理的，智商高，知识点表达的不是很好，会有一些听不懂。给分好像很不错的
28623,1967,金洪英,2017-12-23 06:53:38,1,3,2,金老师上课很有趣，讲的知识面很广，课后在QQ群里也很亲和地和同学交流，给分也很好，很棒的老师！
28629,1967,金洪英,2016-06-28 11:14:54,1,2,1,老师还是很不错的
28772,1967,金洪英,2016-06-28 14:16:26,18,18,0,老师很好，上课会讲解原理，还会证明，老师水平很高。考试的话都是超级简单的，刷刷题，三五天认真感觉可以满绩，但是老师上课的内容很丰富，为了考试学很不值得，错过上课才是最大的失误
28823,1967,金洪英,2016-06-28 16:35:28,10,11,1,老师的课讲的很好（不信自己和别的老师对比）上课会讲一些原理证明  认真听一定有收获 老师人也很好  不点名  只要认真做作业 考前刷点试卷就可以轻松搞定  上课认真听的自己推公式可以压缩复习时间不用去背了 不建议你们学我
28843,1967,金洪英,2016-06-28 22:30:23,1,2,1,绩点异常高
28858,1967,金洪英,2016-06-29 00:24:20,0,1,1,非常好
28941,1967,金洪英,2016-06-29 04:00:00,6,6,0,老师上课很好，给分超棒
28976,1967,金洪英,2016-06-29 04:57:08,1,2,1,老师人超好！！
29664,1967,金洪英,2016-06-30 07:03:10,1,2,1,人不错，给分好
30696,1967,金洪英,2016-07-02 08:28:28,-26,4,30,一门通识能给这么低的分。何况考试我感觉发挥还可以
30708,1967,金洪英,2016-07-02 09:19:49,1,3,2,天文学临考前看了半天的ppt然后4.8感动 老师爱你~
31995,1967,金洪英,2016-07-05 10:38:27,12,15,3,自己的天文学绩点只有2.1。但不否认老师人真的超好！天文学好好复习4+没问题
32573,1967,金洪英,2016-07-08 00:55:00,8,8,0,老师好像李小龙啊hhhhhhhh感觉智商特高，平时上课能发散到各种有趣的地方不明觉厉，结完课才后悔没有好好听..
49067,1967,金洪英,2017-03-23 03:53:29,5,5,0,很可爱，如果你们学过大学物理/光学/量子力学/…… 第一节课签到，后来就一直忘带签到本哈哈
49209,1967,金洪英,2017-03-29 10:33:55,0,1,1,说真的  老师真的非常棒！
49477,1967,金洪英,2017-04-16 09:46:14,-13,1,14,上课吹起来了
49983,1967,金洪英,2017-04-28 03:10:26,-8,2,10,hhhh
50086,1967,金洪英,2017-04-29 10:47:50,29,34,5,天文学其实好好学了绩点不会差的，平时分30分作业好好完成不完全抄答案都能拿到，考试虽然闭卷，但基本都是书上的内容框架，没有网上流传的样卷考得那么细致，唯一比较细的就是要记一些重要的天文学数据，但是哪怕你考试扣20多分绩点都可以上4的。另外天气好的时候还可以去东四观星。总之如果你对天文学一直很感兴趣的话，这门课非常值得一上。
50140,1967,金洪英,2017-04-30 07:22:45,-12,6,18,轻松满绩
50185,1967,金洪英,2017-05-01 02:30:04,1,3,2,老师讲课还是蛮好蛮有趣的，最后考前讲考的都是常识也超可爱。不过还是建议没有一定这方面基础的同学要慎选吧～期末突然要认识蛮多天文学数据也是蛮心累的。。
50279,1967,金洪英,2017-05-02 06:24:21,-3,3,6,天文学4.9 很简单啊 晚上18.30考试白天看了书就ok 内容很科普 比如满月是什么时候这样
50953,1967,金洪英,2017-05-10 03:15:17,1,1,0,很负责
52121,1967,金洪英,2017-06-15 02:50:41,0,0,0,全靠自己了，期末背PPT
52830,1967,金洪英,2017-06-23 06:04:54,0,0,0,享受，老师特别好！
53169,1967,金洪英,2017-06-26 06:15:33,0,1,1,李小龙附身
53170,1967,金洪英,2017-06-30 03:13:26,0,1,1,很棒啊
53730,1967,金洪英,2018-12-28 14:51:07,26,26,0,老师真的很好，就是学校太坑了\n\n全班平均分比别的班高不少，教务系统输不进去，活生生被降分
53742,1967,金洪英,2017-06-30 03:02:48,25,27,2,老师超棒！跑教务处给我们把分数改回来
53771,1967,金洪英,2017-06-27 13:33:56,1,2,1,很棒！\n\nljh太坑
53772,1967,金洪英,2017-06-27 13:33:57,7,7,0,上课超好，人超温和，男神不多说
53773,1967,金洪英,2017-06-27 13:34:16,11,11,0,很棒的一个老师 真正做学问的人 但在QQ群里还是挺有意思的
53777,1967,金洪英,2017-06-27 13:36:13,9,9,0,这老师真的是超级棒啊，最重要的是他甚至会照顾那些整天翘课的同学！
53778,1967,金洪英,2017-06-27 13:36:56,10,10,0,老师是个很好的老师，上课也好，人也很萌啊！唯一一个不好的地方就是老师教太好，班级均绩太高被辣鸡三本强行没人降一档#微笑。心疼老师和我们
53779,1967,金洪英,2017-06-27 13:37:34,7,7,0,老师超级棒，很可爱！虽然最后出现了正态降分的事情有点心痛，但老师一定给满分
53783,1967,金洪英,2017-06-27 13:55:06,2,4,2,老师很好！教课很认真也很幽默！大赞！浮躁教育中的一股清流～
53787,1967,金洪英,2017-06-27 14:17:55,1,2,1,双商高，教的比其他老师好
53796,1967,金洪英,2017-06-27 14:28:16,5,6,1,老师很认真，然后整个班成绩都很好但是因为政策没法都给高分老师也很无奈啊。
53802,1967,金洪英,2017-06-27 15:10:03,17,19,2,老师教的太好，导致全班均绩比隔壁班高，所以全班被迫都降了一档的绩点。。。所以建议大家选隔壁班老师的课，到金老师班上旁听，这样应该可以保证绩点吧。
53818,1967,金洪英,2017-06-27 16:30:10,5,6,1,金老师真的是一个很强很可爱的老师。建议听好每一堂课。如果只是为了绩点，请选择旁听，或者你是真正的大佬。
53844,1967,金洪英,2017-06-28 01:04:55,1,3,2,人很可爱。成绩主要靠自己，好好刷他给的题和书上的题，绩点会很好的，虽然可能被正态……
53857,1967,金洪英,2017-06-28 02:04:34,1,3,2,老师真的超级超级超级好
54273,1967,金洪英,2019-02-21 10:13:30,5,6,1,诶呀超好的老师，期末统一改班里分数能比其他班高一截。可惜会被林建华教务处正态。很恶心的教务处
54390,1967,金洪英,2017-06-29 08:43:43,1,1,0,给老师打call
54447,1967,金洪英,2017-06-29 10:18:44,-22,3,25,确实挂科有很多人是不认真，但是老师作为老师，说一句“挂科是因为你们自己不想通过，你们自己要耍酷”合适吗？我学不会怪我？服了（老师很好，但这句话无法接受
54499,1967,金洪英,2017-06-29 12:00:04,10,10,0,超负责的老师！为了我们班被正态的事情跑了好几次教务处～
54633,1967,金洪英,2017-06-30 02:59:10,1,1,0,超赞的老师！！
54641,1967,金洪英,2017-06-30 03:04:50,1,1,0,超级好，超级负责，不多说~
54644,1967,金洪英,2017-06-30 03:08:37,1,1,0,老师上课真的超级棒，考试资料也都会给
54645,1967,金洪英,2017-06-30 03:10:22,1,1,0,为了改回成绩联系教务处 老师真的是辛苦了
54646,1967,金洪英,2017-06-30 03:10:23,0,0,0,讲得好，而且负责
54650,1967,金洪英,2017-06-30 03:12:36,0,0,0,好好好
54684,1967,金洪英,2017-06-30 04:13:37,0,0,0,超爱！！！！
54732,1967,金洪英,2017-06-30 06:09:16,1,2,1,老师人超好！！
54818,1967,金洪英,2017-06-30 09:07:55,4,4,0,老师人很好，讲课挺有意思的。\n\n课后还会分享一些课外的知识（虽然看不大懂）。\n\n期末平均分比别的班要高一截（大概是教的比较好）。\n\n最后还用了不少精力帮我们和正态分布作斗争，帮我们拿回来一些被正态掉的分数（｡ò ∀ ó｡）
55809,1967,金洪英,2017-07-02 12:02:11,0,1,1,真的超爱老师，为了帮我们把分数改回来很辛苦。讲课很有趣！选上他的同学们你们有福了！大物好好听，绩点没问题！
57774,1967,金洪英,2017-07-15 03:16:42,3,3,0,先生之风，山高水长
58606,1967,金洪英,2017-09-08 11:04:05,6,6,0,同学们如果学过大学物理(天文学(逃
65192,1967,金洪英,2017-12-30 12:18:43,1,1,0,ojbk
74788,1967,金洪英,2018-03-06 01:55:44,1,2,1,zsbd
77862,1967,金洪英,2018-05-08 08:43:44,1,2,1,瑟瑟发抖
77864,1967,金洪英,2018-05-08 08:47:12,0,0,0,金老师可好了，上完他的课都会舍不得他。
77865,1967,金洪英,2018-05-08 08:51:24,1,1,0,老师超级好~天文课超棒，讲得特别好~认真听课，考试前看ppt，是可以达到4.8的
77869,1967,金洪英,2018-05-08 09:07:07,0,0,0,老师人很好哇，讲课也不错哒（虽然我有时候没好好听）浓浓师生情……谢谢老师
78471,1967,金洪英,2018-05-12 08:13:04,8,8,0,如果你对天文学感兴趣，果断选了吧。老师讲得特别好。且不说给分如何，毕竟全部都是因为功利就没有意思了，大学四年如果没有一门纯粹是因为兴趣而选的课也会有挺多遗憾的吧。反正在课上能学到很多东西，可以去东四楼顶观星。平时作业认真对待，考试的内容PPT上都有，真的是付出多少就能得到多高的分，好好背4.8或满绩也比较容易。主观题都是平时作业上或老师讲过很多遍的，复习的时候把什么恒星的形成过程、几个重要的天文学理论用自己的话能复述一遍，考试就完全没有问题啦。那些说数据太多不好记的同学，我想说想一秒差距等于多少光年等于多少AU，什么视星等绝对星等公式这么重要的东西肯定是要记的吧。但是确实绝大多数是常识题（为什么感觉很多都是蓝猫淘气上的东西>。_。>）
79846,1967,金洪英,2018-06-14 09:17:52,3,3,0,我要给金老师满分，学期还没结束，我已经被他萌坏啦~~讲课肢体动作丰富，超可爱，可以剪鬼畜了！现在一个小平头也太犯规了吧！
79889,1967,金洪英,2018-06-15 02:33:59,1,1,0,老师讲得很好啊！\n\n对天文学课的印象：如果同学们学过大学物理的话……哈哈哈
80429,1967,金洪英,2018-06-26 11:37:28,0,0,0,看到就会开心的老师
80728,1967,金洪英,2018-06-30 02:40:29,0,0,0,不一般，不一般。李小龙再世，就是麦克风经常炸音，吓银。很喜欢和同学交流，很耐心回答问题，上课也超级棒。（QQ群里还会及时制止同学抬杠）高级段子手，pick him up!（希望能保佑我大物及格!）
81706,1967,金洪英,2018-07-06 02:51:55,1,2,1,老师真的超级好，超喜欢洪英爸爸。三年不学物理，还是被他拯救到及格（估计）耶!平时要求很高，答疑很耐心嘤嘤嘤
82123,1967,金洪英,2018-07-07 07:22:58,0,2,2,男神老师，李小龙再世，讲课好，满绩
82198,1967,金洪英,2018-07-07 11:08:21,1,1,0,老师在群里和我们聊天很可爱(๑• . •๑)果断满分
82422,1967,金洪英,2018-07-08 07:07:10,0,1,1,天文学
83465,1967,金洪英,2018-07-10 10:43:19,1,1,0,超级棒
84218,1967,金洪英,2018-07-12 09:08:16,3,4,1,谢谢金老师给的满绩！上课讲的细致，答疑也是不厌其烦，非常好的一位老师！
85447,1967,金洪英,2018-07-18 02:52:13,0,0,0,超棒啊男神男神（｡ò ∀ ó｡）
104206,1967,金洪英,2019-03-14 03:00:54,1,1,0,为人风趣 深入浅出
104424,1967,金洪英,2019-03-20 03:55:22,15,15,0,老师教的超耐心！大物丙前些天刚上相对论，书上没有洛伦兹变换的证明，老师就在课上讲了很详细，看我们没懂，就又讲了一遍，讲的时候老师的声音都比平时大的好几倍！\n\n老师人也超级好，那次群里有同学开着匿名吵架，老师出来调解。有同学建议老师关闭匿名，老师说，匿不匿名没有关系啊，只要有问题，搞明白了就行。超暖！\n\n另外，老师说话的方式有一点神奇，就是很多句话的末尾总要加上一个“呢”，我曾经偷偷数过（手动滑稽），平均10秒一个“呢”（再滑稽）。我有点强迫症，但是如果专注于老师讲的内容，这点也只是无足轻重的。这也是老师可爱的地方啦！
104449,1967,金洪英,2019-03-21 01:34:16,5,5,0,上的天文学。老师讲得挺好，就是有时候不对着话筒声音比较轻。不过我坐前排哈哈，不知道后面同学能不能听清。天文学实在太美了。
104709,1967,金洪英,2019-03-26 09:47:35,6,6,0,这位同学上次课没来吧ヾ(Ő∀Ő)ﾉ这一届的梗，怕是过不去了……233\n\n顺带一提，老师真的超nice
106041,1967,金洪英,2019-04-24 13:32:07,2,2,0,上的天文。老师好归好，考试好难啊呜呜呜好难啊呜呜呜
106396,1967,金洪英,2019-04-27 04:38:10,3,3,0,上课不水，声音忽高忽低偶尔听不清。不过没事，考试认真背PPT就OK，重在理解，什么最要记清楚了，考死记的内容不多。给分不错～
106413,1967,金洪英,2019-04-27 06:51:51,1,1,0,谢谢老师，第一门满绩的通识
106757,1967,金洪英,2019-04-29 09:57:22,1,1,0,老师给分超好！！！
107589,1967,金洪英,2019-05-07 07:33:53,5,5,0,来自隔壁蹭课被老师感动到哭！
110969,1967,金洪英,2019-06-29 02:12:54,5,5,0,我来了！金老师男神！
110971,1967,金洪英,2019-06-29 02:13:52,10,10,0,果然学物理的个个是有风度说话又好听的人才
110972,1967,金洪英,2019-06-29 02:14:34,5,5,0,讲解超级超级超级耐心。有的题真的做一遍忘一遍。然后问老师每次都会解答，反正每次都有醍醐灌顶的感觉。有的题甚至一学期能讲个十来次，但是这些就是考试会考的题！所以老师真的很不错很不错！！！好好听课做题满绩没问题
110980,1967,金洪英,2019-06-29 03:03:51,2,2,0,教的很认真负责，关键是老师人太可爱啦，手动龇牙?
111065,1967,金洪英,2019-06-29 12:02:37,4,4,0,金老师真的是非常非常好的老师。上课认真，内容讲的清楚又好懂，就算一些很简单的问题甚至上课讲过的问题，只要同学去问，一定耐心解答，考前还给我们答疑到凌晨。平时在群里也很活跃，有问必答，对我们的吐槽的反应也很活泼，也会发一些前沿的内容，真的是非常好的大物老师了
111720,1967,金洪英,2019-07-02 16:06:46,5,5,0,特别棒的一个老师，这次考试整体不好，老师虽然操作空间小但是也很努力的捞人了\n\n。上课特别认真，老师在群里互动也特别可爱。
114955,1967,金洪英,2019-07-13 03:21:52,2,2,0,通识课
120546,1967,金洪英,2020-01-12 10:42:35,2,2,0,金大侠也太可爱了，平时分给满了，把我捞了上来，都给我选！老师天天在群里冒泡超可爱的！
121086,1967,金洪英,2020-01-19 13:37:23,7,7,0,“谁是你哥？叫叔叔”
125149,1967,金洪英,2020-09-02 08:32:37,0,0,0,好老师，不解释
125150,1967,金洪英,2020-09-02 08:33:54,1,1,0,非常好的老师，金大侠yyds！
125863,1967,金洪英,2020-09-15 03:53:53,3,3,0,打分公平，讲课质量极高
126649,1967,金洪英,2020-10-11 14:59:58,3,3,0,想起来欠大侠个10分！原来只觉得老师非常负责，上课水平不错。现在换了个大物老师，真的觉得老师不仅非常负责，教学也十分厉害！感谢遇见大侠，遗憾没能继续跟着大侠学习！瑞思拜
128233,1967,金洪英,2020-12-14 13:18:20,0,2,2,他是真的好有趣啊～
131176,1967,金洪英,2021-01-26 11:10:11,6,7,1,金大侠yyds，平时以及考试前都会在群里认真答疑，小测会爆炸难（能50分以上就很NB那种，但是显然最终随堂测验不会给这个分数）。\n\n很有趣的一位老师。
134022,1967,金洪英,2021-03-12 03:37:03,5,6,1,课上的太快了，上了几乎等于没上，还得课后补，哭了T﹏T
134539,1967,金洪英,2021-04-01 03:03:11,0,0,0,不错。
136125,1967,金洪英,2021-06-11 05:48:11,0,0,0,金老师人真的好好！！！！
137621,1967,金洪英,2021-07-05 10:14:47,2,2,0,很不错的老师
137626,1967,金洪英,2021-07-05 10:37:54,0,0,0,teacher gold yyds！
143125,1967,金洪英,2021-11-19 09:35:57,2,2,0,金大侠yyds！
147031,1967,金洪英,2022-01-08 13:00:36,18,19,1,新年第一份感动\n\n问：金老师不去做研究来教我们这些笨猪真的是损失\n\n答：老了，做不动了，和年轻人在一起很开心。你们中间以后会出人才的
147132,1967,金洪英,2022-01-09 00:37:41,8,12,4,和别的老师比起来，上金老师的课还是有一定挑战性的，小测比较难，讲课比较重原理，所以分析地比较深入，对于只想靠死背公式的同学来说，可能会不太适应。但也正因为小测难，讲课深入，所以才收获更大。每次为了小测都要去把竞赛题做一遍才有底，结果竞赛的时候复习一天就拿奖了。答疑群非常积极。最后期末考试半小时做完，满分，可见金老师教学能力的强悍
147896,1967,金洪英,2022-01-11 06:11:39,1,1,0,棒！！
150502,1967,金洪英,2022-01-27 15:28:47,5,5,0,金老师一直相信未来是我们年轻人的，一年的水群时光很感动有这样的老师！金金子yyds！
152671,1967,金洪英,2022-04-18 03:21:32,15,16,1,水群每日圣经：捞你个头/敲打/敲打/敲打 一切按规矩办，不要误导别人 /doge\n\n超级好的老师在群里特别活跃，大物乙小测会注重物理的实际应用和快速估算能力，专业能力过硬也善待学生的老师
154974,1967,金洪英,2022-06-16 01:56:58,3,3,0,不要多问，金老师炒鸡好，不然要金大侠被打屁屁的
156197,1967,金洪英,2022-06-20 10:41:19,1,4,3,老师还行，QQ群匿名纯纯的nt ，垃圾信息把消息都盖住了
156408,1967,金洪英,2022-06-19 12:13:57,0,1,1,很不错的老师
156414,1967,金洪英,2022-06-19 13:10:28,1,1,0,出分前求捞
156775,1967,金洪英,2022-06-21 02:54:12,0,2,2,这个男人👨🏻，我哭X﹏X死。太好了金大侠
156776,1967,金洪英,2022-06-21 02:54:07,1,3,2,这个男人👨🏻，我哭X﹏X死。太好了金大侠
156960,1967,金洪英,2022-06-21 12:25:15,9,9,0,金老师，我滴神！虽然平时小测很难，翻书都不会写的那种，但是复习的时候认真看书，考前刷三张试卷，把期中和期末考好，总评不会差！强推！
160235,1967,金洪英,2022-09-15 11:53:30,2,2,0,老师很好，爱了爱了
162151,1967,金洪英,2022-11-17 05:53:20,7,7,0,人是真的好，也很有趣\n\n在匿名QQ群里和同学交流，虽然看不懂同学玩梗但也不急不恼的（\n\n讲课也不错，很认真\n\n就是小测实在是太难了，和同期诺奖有一拼（？）
163481,1967,金洪英,2022-12-14 12:03:00,15,15,0,“对待民科要绕着走，你们斗不过他们的”\n\n“不算。民科不是职位，是对待科学的态度。大学教授也有很多民科，我们浙大也有民科😁”\n\n“有些人就是为证明自己对的，对反对的意见听不进去，这就是民科”\n\n“对别人，对科学要有敬畏之心，这么多聪明人都错了，你是否要想想你自己有多聪明，你是否理解别人为什么要这样做，我能做出什么？等你把这些都想通了，再开口”\n\n\n\n金爷真的是有大师级的思想，大师，我悟了😭😭😭
163482,1967,金洪英,2022-12-14 12:10:27,11,11,0,无论是人品还是教学能力等等任何方面都无可挑剔，是浙大真正的大师
163554,1967,金洪英,2022-12-15 06:18:42,3,5,2,几乎没有任何可以挑剔的点。有一个可以匿名水的QQ群，老师虽然看不懂梗但还是会跟我们交流各种话题，人品也非常好
169569,1967,金洪英,2023-02-27 03:24:40,6,7,1,老师人很好，但是分数没有达到理想，班上太卷了，总评还没有期中期末分数高
175483,1967,金洪英,2023-06-25 07:30:18,1,6,5,就凭无论我的问题多幼稚、无论我一个问题纠结多少次，金老师都会非常耐心的给我回复，我就要给他满分！！！！\n\n真的是充满对物理学探索之心的老师！！我吹爆！！
175484,1967,金洪英,2023-06-25 07:30:16,1,4,3,就凭无论我的问题多幼稚、无论我一个问题纠结多少次，金老师都会非常耐心的给我回复，我就要给他满分！！！！\n\n真的是充满对物理学探索之心的老师！！我吹爆！！
176605,1967,金洪英,2023-06-29 12:28:13,6,10,4,卡绩不捞，上课认真但是讲真挺催眠的。小测爆难，平时分赋分吃大亏，期末低的简直离谱。
176656,1967,金洪英,2023-06-29 15:09:25,0,3,3,老师讲课的水平很高，但是对于我来说有点快，特别是高中没学过简谐运动和机械波所以这两个部分听得很吃力，每次都需要看智云。\n\n小测特别难是真的，但是最后会赋分所以不要担心小测对总评的影响。考好期中和期末是最重要哒！！
176713,1967,金洪英,2023-06-30 00:14:35,5,10,5,给分很求是，根本不会捞，对于大雾这种水课来说有意义吗？
177110,1967,金洪英,2023-07-01 17:12:12,-8,4,12,金爷威武！本人大一所有课程的天花板！大物乙小测很难但小测给分很好。后悔明年没选上他的大物II
177577,1967,金洪英,2023-07-03 23:46:32,0,8,8,给分差，讲课没有别的评论说的那么好，班上卷的要死，小测纯纯恶心人。看得出来友有情怀，但是同学更想要分数。慎选
187315,1967,金洪英,2024-01-15 12:48:44,0,1,1,其实很好的
187320,1967,金洪英,2024-01-15 12:56:21,-1,1,2,老师真的很好，知识储备很多，而且人超级好！！！！就是小测有点难，但是是按照排名赋分的，所以无伤大雅。
189166,1967,金洪英,2024-01-22 08:12:42,1,2,1,非常有情怀的老师。“我认为大学物理这门课的目的不是让大家会做题，对原理的理解才是最重要的。”老师上课会把每个定理的来龙去脉完全讲清楚，对有些同学来说上课可能会有点痛苦，但是我觉得这对于理解物理学的原理来说非常重要。给分方面，大物反正也不调分，我感觉每个老师的给分应该也大差不差吧。建议选！
190688,1967,金洪英,2024-03-14 12:38:47,1,3,2,很好的老师！！！听三节课跟才过了一节课一样！！！快来选
193933,1967,金洪英,2024-06-21 02:15:14,1,2,1,引力论神中神
195068,1967,金洪英,2024-06-26 15:51:13,-1,1,2,出分前来给老师打个10分 希望老师一定要捞捞我啊
199357,1967,金洪英,2024-09-21 16:17:03,0,1,1,挺好的老师
202882,1967,金洪英,2024-11-15 03:55:15,6,6,0,讲这么快谁跟得上啊😢
205481,1967,金洪英,2024-12-08 07:37:36,8,9,1,小测真tm难.我好像明白你为啥要把小测出那么难了，原来是督促我们报大学生物理竞赛给物理学会送钱
208497,1967,金洪英,2024-12-28 11:51:58,0,1,1,很和蔼的老师，就是小测有点难。还好有竞赛加分，不然平时分有点寄
210779,1967,金洪英,2025-01-10 02:46:23,1,1,0,引力论，不需要什么数学基础（电动力学里基本的张量分析，认得就行），金老师讲的非常物理，讲课稍快但能跟上，收获了很多东西，期末开卷考试不限时，给分非常好。如果你对爱因斯坦深邃的思想感兴趣，就来跟金老师一起探索黑洞的奇妙视界吧😎
212434,1967,金洪英,2025-01-14 04:05:47,9,13,4,出分后来评价，老师上课不错，唯一的缺点是小测有点难，不过赋分后给分还可以，外加有竞赛加分，最后总评喜提100
213156,1967,金洪英,2025-01-16 06:58:30,-4,9,13,很多人觉得金爷小测难，实际上我觉得金爷的小测是最公平的，反正你也找不到答案，旁边的同学也不会，这不比其他老师简单的小测能前抄抄后抄抄左抄抄右抄抄抄成满分但是什么都不会的人公平吧。喷金爷小测我只能说什么成分懂得都懂。
219266,1967,金洪英,2025-05-23 14:26:43,3,3,0,老师特别佛系，小测经常忘记，小差错不断哈哈哈。讲课有点困。
221102,1967,金洪英,2025-06-21 09:02:12,-2,0,2,温柔细心的老师，大物乙感觉讲的超细！
221257,1967,金洪英,2025-06-22 09:45:24,1,1,0,人很不错\n\n但是上课放卫星，小测放宇宙飞船，给分真的一般
221626,1967,金洪英,2025-06-25 04:23:52,1,1,0,小测管的很宽导致很多人用AI，影响平时分
5562,2058,叶林华,2015-07-08 09:14:23,1,7,6,除了帅啥都不好
8367,2058,叶林华,2015-09-19 13:08:19,10,15,5,确定帅？？？
11681,2058,叶林华,2015-12-11 07:53:07,0,6,6,老师的学术水平很高
12551,2058,叶林华,2015-12-23 12:56:47,-6,4,10,除了帅啥都不好
12881,2058,叶林华,2015-12-24 07:18:33,1,7,6,帅飞了
17270,2058,叶林华,2016-01-20 03:17:49,4,9,5,叶老师的光学基本上是当作量子光学导论来讲的，并不像一门专业课。老师的确很帅讲课很潇洒，但没有一定自学能力的同学不建议选物理学3，考试会崩的。
18378,2058,叶林华,2016-01-21 13:53:29,2,5,3,挺负责的老师 至少不是照着课本念 补充了很多知识
21125,2058,叶林华,2016-02-19 06:30:36,11,12,1,听课的童鞋需要一定自学能力，说实话老师挺好的，不过上学期的光学基本都是自学的。
22628,2058,叶林华,2016-06-29 15:54:05,6,10,4,虽然上课不容易听懂，但是给分不错⊙▽⊙
22631,2058,叶林华,2016-03-09 02:39:59,8,8,0,上课听得一脸懵逼
23360,2058,叶林华,2016-03-27 04:04:02,26,26,0,并不帅。哦波～杰克特
25477,2058,叶林华,2016-06-20 01:13:46,-2,0,2,生命诚可贵，不要虚度ヽ(≧Д≦)ノ
25589,2058,叶林华,2016-05-26 15:09:50,35,35,0,推荐一本书，，，
28357,2058,叶林华,2016-06-28 08:39:25,6,6,0,...哈裏德的...，感觉老师总是第一次看到课件...
28948,2058,叶林华,2016-06-29 04:15:54,-1,0,1,一般般\n\n
29355,2058,叶林华,2016-06-29 15:37:23,8,9,1,推荐有基础有自学能力的选，给分还好，老师其实很厉害，喜欢推荐英文版教材，第一次课就让看哈里德和使用MATLAB，感觉很强
29391,2058,叶林华,2016-06-29 16:11:54,3,5,2,上课水，完全没有吸引力，平时分很求是，期末考试也救不回来。
29394,2058,叶林华,2016-06-29 16:14:28,1,2,1,大学就是自学，老师性格还是不错的，自己学好就行了，勿喷
29467,2058,叶林华,2016-06-30 00:28:44,2,4,2,老师其实脾气不错，就是上课只念ppt。但还是靠自己，最伤我心的就是老师平时一直说平时分尽量给，但没有…我还天真的信了…
30086,2058,叶林华,2016-07-01 02:12:54,14,14,0,叶老师讲课的逻辑有点乱，或者说，对物理基础不好的人来说，按他的模式来不是那么容易接受。人很好，感觉学术水平很厉害，也挺有思想的。给分的话，我自己太渣没有代表性，貌似正常，不太高也不太低。哦，说他会点名，其实是他会念没有拿走作业本的人的名字。。如果经常不来没准就被他记住了。。。
43176,2058,叶林华,2017-01-16 02:41:56,0,2,2,很好的老师啊   是对物理有着很好的理解  也希望培养学生对物理的理解  嗯   挺帅的
48599,2058,叶林华,2017-03-08 05:53:39,29,29,0,奥卜杰克特
51747,2058,叶林华,2017-06-09 03:11:39,1,1,0,切入点太大，讲给自己听的。
53033,2058,叶林华,2017-06-25 03:58:19,11,14,3,哈利的这本书里啊。。。\n\n这个object从这里move到这里。。。\n\n能力很强\n\n上课。。。\n\n还是自学吧
54951,2058,叶林华,2017-06-30 13:16:10,0,0,0,老师还是挺好的
55010,2058,叶林华,2017-06-30 16:01:02,-9,1,10,给分差 别选了 上课听不懂\n\n
58833,2058,叶林华,2017-09-18 04:33:34,2,3,1,老师中规中矩，大物这种题库式考试比微积分温柔太多……
59674,2058,叶林华,2019-07-02 06:04:13,-42,0,42,傻逼老师
61798,2058,叶林华,2017-11-21 03:49:19,0,1,1,答疑方面做得有待提高，课堂内容有点虚，还是要自己多看课本。
66148,2058,叶林华,2018-01-12 06:22:03,11,11,0,物理系学生无所畏惧
67938,2058,叶林华,2018-01-22 10:44:01,6,8,2,乖乖，讲了这么多光学知识，我真正掌握的还不如我学大物的室友多(๑･̆⍛･̆๑)
76284,2058,叶林华,2018-04-02 02:39:27,5,5,0,老师上课挺耐心的，感觉挺负责，而且讲题很透彻没毛病，我觉得OK
82700,2058,叶林华,2018-07-09 03:36:50,-16,1,17,94QAQ
82876,2058,叶林华,2018-07-09 08:51:47,2,3,1,大物甲1，期末考只要过50就给过。浓浓师生情
83091,2058,叶林华,2018-07-09 15:55:03,2,3,1,真的学不到东西，课程非常的水，千万别选，全靠自学
83819,2058,叶林华,2018-07-11 09:01:30,2,3,1,老师不够谦虚啊，题目或者课堂上有些小差错，学生提出来了，自己在那拼命圆，承认个过失有那么难吗？或者说对于某些领域水平有限，分析不到位，没能认识到错误。
87442,2058,叶林华,2018-09-29 03:23:00,2,3,1,可爱的老师\n\n
88684,2058,叶林华,2018-11-06 00:52:39,2,2,0,说老实话老师很可爱
93801,2058,叶林华,2019-01-14 00:30:33,12,12,0,物理学三，占比期中10，作业10，期末80，要老师帮期末也不能考太低吧。。。老师上课反复提到的东西肯定是重点，想让我们掌握比较重要的idea，觉着是还行的。至于看书。。。说到底，大学有几门课是不靠自己看书学的，上课听着舒服就行了吧
93972,2058,叶林华,2019-01-14 13:58:10,5,5,0,为人民服务
96576,2058,叶林华,2019-01-21 06:48:24,5,7,2,男神!\n\n史上最高专业课绩点，人真的好!\n\n上课也讲的挺好，配套自学，美滋滋!
96651,2058,叶林华,2019-01-21 08:35:09,3,3,0,谢老师不挂之恩
96905,2058,叶林华,2019-01-21 12:13:07,4,4,0,老师讲课很科普，给分也挺好。其实说给分不好的主要还是期末没考好吧。只要经常去上课就知道他期末要考什么而且几年没变了，就是为了让不去上课的同学少挂科...
106334,2058,叶林华,2019-04-26 11:47:28,3,4,1,我觉得老师讲的还行，主要吐字清楚，天知道我遇到的有些老师说的话一句都听不懂。
111464,2058,叶林华,2019-07-01 15:29:23,4,5,1,老师上课不知道怎么样，因为我是替室友评的，我室友叫阿葛雷.皮格森，现已被老师力挽狂澜之力从挂科深渊中捞上来了。老师真的太棒了！
115310,2058,叶林华,2019-07-18 10:12:54,-3,3,6,不点名，旷课睡觉体验极好，还没有小测？！经常旷课平时分都能给18，绩点没有满是我太菜了
120697,2058,叶林华,2020-01-15 10:29:14,5,5,0,我有一个idea哈哈哈哈哈哈哈，保不挂！！！
122003,2058,叶林华,2020-01-30 00:29:41,2,3,1,自学吧
123309,2058,叶林华,2020-06-02 06:30:12,7,8,1,老师上课很负责，每节课都还会帮复习上一次内容，ppt也很详细，赞
125327,2058,叶林华,2020-09-07 00:33:42,2,6,4,如果单纯从给分来讲，应该给十分（毕竟考试前给样卷告诉考什么知识点的老师太少了），但从讲课教学来看，绝对配不上十分。上课时讲课逻辑不够清晰，内容与ppt关联不大，而且能感觉到老师有一点功利。总之，上他的课你的绩点会很好看，但学不到知识
126577,2058,叶林华,2020-10-02 10:14:08,-2,2,4,我挺喜欢老师讲课的方式的，中文混点英文可以接受，而且题目不多，给分超好。
129005,2058,叶林华,2020-12-28 08:33:25,0,4,4,老师上课真的说的很清楚，不像一些老师就是PPT reader，会有很多内容
135997,2058,叶林华,2021-06-09 01:06:33,7,8,1,这还不是好老师吗\n\n没见过他发脾气\n\n比较自由\n\n挺适合我的
143351,2058,叶林华,2021-11-24 01:46:07,9,9,0,其实…我在折大也教了十年C语言😯
144492,2058,叶林华,2022-01-09 06:53:19,3,3,0,可以看出老师已经很努力地让我们成绩变得好看了
155493,2058,叶林华,2022-06-13 14:13:53,9,9,0,说实话我上了老师的大物，每次都坐在第一排。上课从来不点名，因为他想让我们的成绩好看，但他会督促我们来教室上课。\n\n老师特别风趣幽默，而且混点英语也很好玩，喜欢举一些例子来帮助我们理解。\n\n小测的题目都是他精心选编的，和期中期末考试的题型几乎重合，真的这点吹爆！\n\n真的是好老师，感觉8的评分不太配得上他……
156942,2058,叶林华,2022-06-21 11:30:50,6,8,2,大物甲一\n\n自学党强推！！！！\n\n虽然老师的讲课水平确实不是最优秀的，但是老师很在乎你的成绩，会非常细致的教你哪里可以得分，敦促你刷历年题\n\n平时不点名，但是会劝你来上课，劝你好好学习\n\n感觉老师最好的一点就是小测会提前一两周通知你（听说有的老师是不提前通知的），可以有充足的时间准备，小测真的对平时成绩很重要，期末时成功让我的平时成绩赋分满分\n\n最后总评99分真的吓到我，是上大学以来最好的成绩了呜呜呜
157001,2058,叶林华,2022-06-21 13:49:37,1,1,0,老师很好，很温柔，由于大雾本身学科的成绩构成，尤其是平时分，需要正太，所以要高绩点必须每次小测都考好，所以我这种小测几乎都倒数的最后分不是很好看但是已经比较满意了，老师真的是好老师
158282,2058,叶林华,2022-06-28 04:30:36,1,2,1,感觉8分偏低了呀，虽然老师讲课没有说特别好，但是大雾完全可以靠自学呀。老师真的很希望我们考高分，而且小测不难，赋分也不错。好好学不会差的。
164943,2058,叶林华,2022-12-28 03:09:15,1,1,0,真的很好，对待考试的态度特别的认真
166159,2058,叶林华,2023-01-11 08:27:55,1,1,0,大物可以自学，但是老师给分真的很好。作业交了就不扣分，不点名但会劝你上课。强推！！！
169793,2058,叶林华,2023-02-28 02:17:05,2,2,0,分高事少，想尽方法不让你挂
170155,2058,叶林华,2023-03-01 14:48:35,4,4,0,《光学》\n\n实话说，我主观感觉课上的一般。老师有一些口音，然后节奏比较拖沓。老师一直想尽量少挂人，但是我觉得可以向求是班靠拢，讲快一些，然后难一点。这门课程很多内容都没讲的，比如变换光学，实际上这是光学最精华的部分。不应该为了不挂学生而舍弃了教育本身。\n\n除去上课，我觉得叶老师是一个极其好的老师，学术视野开阔，除了光学的知识教会了我很多。对学生平易近人，无私不留余力的帮助学生。和老师只交流过几次，也感受到真的是上大学以来最好的老师之一。\n\n但是老师最重要最本质的工作还是传递知识。我觉得目前而已，这门光学还是做的不够好。\n\n另外给分，绝对不低，很难相信这么捞还挂。然后也不高，想拿高绩点很难。
172822,2058,叶林华,2023-05-08 02:26:00,2,3,1,平心而论，我个人不太适应叶老师的课，有点快？口头禅是ok，object，大家。不过不点名，作业分平时分也捞，自学党最好的老师。人比较随和，还是很好相处的。上课可能会叫最前面的同学回答问题，坐后排开摆没有问题。建议还是去一下教室，有合适的环境，而且老师有时也会强调重点。
176764,2058,叶林华,2023-07-01 09:16:07,9,9,0,低分能捞，想要高分靠自己吧。
176770,2058,叶林华,2023-06-30 05:03:54,4,4,0,自学友好型老师，这一学期没点过名，作业交了及时拿就好。\n\n上课讲的比较催眠，建议是直接看ppt做历年卷或者课本例题。小测不难，每次都有不少满分。\n\n只追求及格的话是个很不错的选择，他会想尽一切方法捞你。想追求高分的话还是要看自己的努力。
187616,2058,叶林华,2024-01-17 01:05:54,3,3,0,非常好老师
188021,2058,叶林华,2024-01-18 04:31:57,2,2,0,光学\n\n只能说，同学们，该逃的课是应该逃的。他没点过名(应该是的)
188675,2058,叶林华,2024-01-19 13:43:41,3,4,1,老师很随和，不点名，考试内容上课全讲过，没有偏题
190859,2058,叶林华,2024-03-22 03:31:27,5,5,0,老师的教书水平我不做过多评价 上他的课还没多久\n\n老师的人品和师德绝对是一等一的 是我理想中大学老师的样子
192435,2058,叶林华,2024-05-19 16:07:59,1,2,1,自学友好型老师，不点名，作业交了就满。小测会提前通知
193014,2058,叶林华,2024-06-02 12:20:08,0,0,0,（大物甲I）老师比较体谅学生，平时几乎不点名，期中考前甚至会专门弄一次相对论的小测帮我们复习。老师还说只要你别考太差期末他都会捞的。不过老师上课基本念PPT，感觉他上课上得不太好。老师人品还行。
194868,2058,叶林华,2024-06-25 18:25:37,1,1,0,老师人很好，讲解虽然一般，人品师德没得说，不点名，体谅学生，适合自学。助教也很好，给分很好。期中只有79，但最终还是拿到4.5
194985,2058,叶林华,2024-06-26 07:34:23,0,2,2,老师人很好，从来不点名，但是上课很水，建议去其他老师班级旁听，而且我期中93期末96总评都才94，难受死了
1112,2148,刘才明,2015-03-21 16:11:36,136,150,14,刘老师棒棒嗒，上课都是满满的微笑和爱意，男神啊
2137,2148,刘才明,2015-04-02 08:40:18,49,54,5,讲得超清楚，态度超温和！
2194,2148,刘才明,2019-03-01 09:42:10,85,91,6,……很善良的老师，一直以为同学们不听或者玩手机就是听懂了。
3395,2148,刘才明,2015-06-08 04:21:09,28,31,3,特别赞，讲课好给分好
3446,2148,刘才明,2015-06-15 02:09:47,32,36,4,清晰 明朗 和善 幽默
3819,2148,刘才明,2015-06-17 05:13:41,10,13,3,清楚明白
6823,2148,刘才明,2015-07-23 08:11:24,20,20,0,温柔随和  人超级好  上课风趣也很实用
7871,2148,刘才明,2015-09-16 01:09:13,27,31,4,男神不解释
7876,2148,刘才明,2015-09-16 02:35:14,20,20,0,极好的老师，强推
11524,2148,刘才明,2015-12-03 15:09:38,10,10,0,分数高
11553,2148,刘才明,2015-12-04 10:05:27,12,12,0,nice
11812,2148,刘才明,2015-12-16 03:50:10,21,21,0,超级好的老师，现在很怀念啊，给分nice，讲课清楚明白，哎哎哎，多希望大物甲二也是他的啊
12474,2148,刘才明,2015-12-23 11:04:32,7,8,1,人超好
13765,2148,刘才明,2015-12-30 17:35:50,21,21,0,温柔和蔼，一切为大家得分高考虑，特别特别善良的一个好老师
15304,2148,刘才明,2016-01-13 13:10:22,14,15,1,人很好。
17667,2148,刘才明,2016-01-20 15:10:45,11,12,1,温柔和蔼，特别特别善良的一个好老师，上课思路很清晰，解答问题很耐心\n\n
18400,2148,刘才明,2016-01-21 14:22:06,8,8,0,给分超好
22345,2148,刘才明,2016-03-04 01:31:52,9,9,0,666
22383,2148,刘才明,2016-03-04 04:59:15,14,14,0,完全是男神！满满的都是爱
22641,2148,刘才明,2016-03-09 05:09:30,6,7,1,非常好！棒棒哒！
22995,2148,刘才明,2016-03-16 02:35:42,19,19,0,授课字字中肯，讲题入木三分
25306,2148,刘才明,2016-05-13 06:37:59,37,39,2,为了学生的高分 而且上课全程微笑 十分亲切
26005,2148,刘才明,2016-06-15 04:12:51,4,5,1,男神⊙ω⊙
26117,2148,刘才明,2016-06-16 02:19:50,6,6,0,老师人特别好!!!很萌
26157,2148,刘才明,2016-07-01 07:26:16,18,18,0,完美的老师，好到不能再好
26478,2148,刘才明,2016-06-19 01:16:14,6,6,0,反正就是好老师o(^o^)o
26513,2148,刘才明,2019-01-14 15:54:02,91,105,14,这条针对物理实验的。选实验能选他的一定要选！
26699,2148,刘才明,2016-06-21 02:43:00,6,6,0,很不错！
28027,2148,刘才明,2016-06-28 08:00:21,8,8,0,满满的暖意
28048,2148,刘才明,2016-06-28 08:02:15,19,20,1,无话可说，平生见过最好的老师
28186,2148,刘才明,2016-06-28 08:14:00,3,4,1,棒棒哒
28682,2148,刘才明,2016-06-28 12:19:11,2,3,1,男神和暖男
28687,2148,刘才明,2016-06-28 12:22:13,-10,2,12,大物实验特别水，要求低。
28700,2148,刘才明,2016-06-30 00:15:24,6,6,0,认真负责的好老师
30042,2148,刘才明,2016-07-01 00:42:43,4,5,1,一二都预置的刘老师，幸福
30137,2148,刘才明,2016-07-01 03:29:26,7,7,0,上课非常负责，从来都不是像别的老师那样只看课件什么的，感觉就和高中老师一样，老师会把物理题讲懂讲明白，上课一般也没有多少学生水手机！好老师，另外，给分也超赞！！
30220,2148,刘才明,2016-07-01 05:43:43,2,2,0,人超好，给分超好
30476,2148,刘才明,2016-07-01 16:30:49,1,2,1,课堂小测算点名吧。。。上课讲解很清晰，至少学渣能理解而不至于期末预习。。。处处为学生着想，平时分尽量给足，为人很和善，有种萌萌哒的感觉。。很幸运大物一二都是他，期待下学期的刘男神的课*^_^*
34404,2148,刘才明,2016-10-09 12:01:07,1,1,0,第一次选刘老师的课，感觉很亲切，有种特别想学好这门课的冲动。教的真心不错，虽然只短短上课三周的课。
37678,2148,刘才明,2016-11-20 05:28:53,2,2,0,老师对待学生态度真的很好。下课的时候去问问题超级耐心。不失为一个好老师
38668,2148,刘才明,2016-12-14 03:27:54,1,1,0,贼棒呀刘才明爸爸
38682,2148,刘才明,2016-12-14 11:16:43,1,1,0,还可以吧
39564,2148,刘才明,2016-12-25 07:32:11,2,3,1,人超好，处处为学生着想。
39839,2148,刘才明,2016-12-28 03:06:15,1,1,0,真的好
40825,2148,刘才明,2017-01-06 01:02:05,7,7,0,不说了 ?
42581,2148,刘才明,2017-01-14 13:22:41,1,1,0,超和蔼萌萌的老师，讲课很耐心，认真负责
42582,2148,刘才明,2017-01-14 13:24:50,3,5,2,又帅又温柔，就是很久没有剪头发了(￣∇￣)
42833,2148,刘才明,2017-01-15 08:53:33,3,4,1,超好超好！
43671,2148,刘才明,2017-01-16 17:34:31,5,7,2,真的是好老师 体现在很多细节上 最大的遗憾就是这个学期没有好好听老师的课 给分很好 谢谢老师
44384,2148,刘才明,2017-01-17 16:53:42,3,3,0,很和蔼萌萌哒老师\n\n上课比较轻松
45062,2148,刘才明,2017-01-19 02:07:08,3,5,2,大物实验要是不选他，你绝对会后悔！
47669,2148,刘才明,2017-02-15 12:36:40,-6,4,10,大物实验必选，老师人很好，给分超级超级好，底分90的水平
48875,2148,刘才明,2017-03-15 08:58:15,1,1,0,好老师：）
48885,2148,刘才明,2017-03-15 14:17:00,1,1,0,太棒了\n\n
49299,2148,刘才明,2017-04-03 06:40:28,-1,1,2,还不错\n\n
49306,2148,刘才明,2017-04-04 14:02:47,-1,1,2,细致，认真，耐心
49364,2148,刘才明,2017-04-08 03:42:33,12,14,2,实验课，老师很好，但是给分并没有所说的那么好。
49365,2148,刘才明,2017-04-08 03:42:33,12,13,1,实验课，老师很好，但是给分并没有所说的那么好。
49620,2148,刘才明,2017-04-20 13:55:47,-1,1,2,物理实验给分很好，讲的也很仔细
50441,2148,刘才明,2017-05-03 02:11:40,-2,4,6,给分很好（大物实验）
50638,2148,刘才明,2017-05-04 03:56:20,-29,2,31,想混分就去，反正他也就会打分
51099,2148,刘才明,2017-05-17 03:07:31,-1,0,1,超好，强推
51580,2148,刘才明,2017-06-07 09:33:25,1,1,0,老师人是真真真真好
53133,2148,刘才明,2017-06-26 03:45:01,2,2,0,温柔，清晰，男神
56547,2148,刘才明,2017-07-04 03:19:58,6,6,0,大雾讲得挺好的，重视教学，温柔可亲，会注意重点，课件也都上传了。给分规则讲得很清楚，也尽量给高分。不过有四次课堂测试，缺一次平时分就gg了，去了就算不会影响也不大。总之大物强推。ps.老师真的好萌啊，男神一般的老师
58969,2148,刘才明,2017-09-19 02:24:48,2,2,0,超好超好，最棒的老师。耐心细致，可爱！选上他的课会笑死！
59831,2148,刘才明,2017-09-27 10:10:47,2,2,0,好好好
60181,2148,刘才明,2017-10-12 07:19:59,1,2,1,温柔！讲的清楚！又帅！简直了！
60408,2148,刘才明,2017-10-19 07:08:39,3,4,1,哇，连上他三周的大物实验，整体感觉真的很棒！老师讲得很清楚，而且超级和蔼。上他的实验课感觉真的很舒服！
60760,2148,刘才明,2017-10-29 13:02:12,4,5,1,实验简直给分太好 男神 还给我指出来哪里做错了 还帮我调仪器 太爱了
61058,2148,刘才明,2017-11-15 03:48:38,1,2,1,hhh
61075,2148,刘才明,2017-11-08 03:50:58,2,2,0,重视课本上的基础，很不错
61382,2148,刘才明,2017-11-16 02:15:22,3,3,0,大物实验人很和蔼，讲的不错给分也不错。
63939,2148,刘才明,2017-12-20 02:47:06,4,4,0,讲课细致 保持笑意
64693,2148,刘才明,2017-12-26 11:26:38,6,6,0,大物实验补做恰好遇见刘才明老师，真的很有意思的一个老师，讲实验过程也不像有的老师敷衍了事，而是很认真的带着同学去分析。真的是好老师！！！
66119,2148,刘才明,2018-01-12 02:54:52,20,22,2,翩翩君子，温润如玉
66546,2148,刘才明,2018-01-17 08:27:54,8,9,1,刘老师很好！实验讲的清晰透彻，给分也很好！我上了三次实验两个95一个96！太棒了！
75089,2148,刘才明,2018-03-07 10:08:23,1,1,0,有爱心的老师!
76360,2148,刘才明,2018-04-04 07:16:40,-1,0,1,给分海星
76417,2148,刘才明,2018-04-08 13:07:15,8,8,0,刘老师的普物实验和其他的的不在一个级别上……
76577,2148,刘才明,2018-04-15 12:52:27,-1,0,1,老师给分超好的 对有效数字要求也不是很严格～
76581,2148,刘才明,2018-04-15 15:33:48,-1,0,1,（针对物理实验）老师人好好啊！讲课一直会让我们坐下～不要站着听～然后给分也棒棒！
76881,2148,刘才明,2018-04-25 08:00:30,-5,3,8,说话让人犯困
77002,2148,刘才明,2018-04-28 04:20:41,1,1,0,老师很好，普物实验预习报告从来不检查，然后给分也好，很公平，扣分的地方老师会给你指出来，讲的和很详细，感谢老师
77635,2148,刘才明,2018-05-07 04:12:33,15,17,2,悄悄地跟你们说，刘老师的期中考试是开卷的哈哈哈
80090,2148,刘才明,2018-06-20 02:03:07,-25,7,32,表面上慈祥，实际上脾气很差。对同学的提问不但不够关心，反而还会指责你。最无法接受的是，低分手段无数。
80453,2148,刘才明,2018-06-26 15:52:39,3,3,0,物理实验一定要注意图像要求，不然你会得到80分的大礼
80470,2148,刘才明,2018-06-27 01:49:25,1,1,0,老师人太好了太好了，讲的也好，一心为了学生，一定要再选上他的课！
82706,2148,刘才明,2018-07-09 03:49:44,2,2,0,老师讲的很好呀 只是我每次都想睡觉 但是课件什么的真的超级好 作为一个物理一直不好的人跟着老师走成绩也挺满意哒
82724,2148,刘才明,2018-07-09 04:28:47,3,3,0,太喜欢这个老师了，态度负责温和。讲解清晰，绝对要选这个老师啊！\n\n
82725,2148,刘才明,2018-07-09 04:28:50,111,126,15,刘老师给了我100分 可是我只能给他10分
82730,2148,刘才明,2018-07-09 04:37:58,2,2,0,老师很好，很为学生着想。作业不多，给分多，回答问题还比较耐心。总之很nice啦
82768,2148,刘才明,2018-07-09 05:41:18,2,2,0,灰常棒的老师！全程为学生着想~\(≧▽≦)/~
82791,2148,刘才明,2018-07-09 06:47:16,29,31,2,老师太好了呜呜呜我期末本来以为挂定了，然后他一直在想办法帮我加分，过了！过了！幸好过了！大雾学不好真的是自己的原因，高中选考就没选物理，考前边哭边复习，但考试的时候还是什么也不会做，现在决定转专业了！祝所有选到这个老师的同学们都满绩！
83422,2148,刘才明,2018-07-10 08:55:55,2,2,0,老师人很好，上课很清楚，有一些陷阱还会告诉我们，平时分尽量往高了打，比其它老师都高的，而且人很温柔，超级好
91105,2148,刘才明,2018-11-30 03:43:25,3,3,0,这么好的老师哪里找？
92081,2148,刘才明,2018-12-26 06:45:47,2,2,0,最帅男神
92525,2148,刘才明,2019-01-02 02:34:54,-2,2,4,“费尽心力”为同学着想
92818,2148,刘才明,2019-01-04 15:00:33,1,2,1,不知道\n\n\n\n
92917,2148,刘才明,2019-01-05 15:05:26,1,1,0,刘老师简直找不出什么缺点！超级温柔，讲课细致，关心学生！
93995,2148,刘才明,2019-01-14 15:55:03,1,1,0,不知道
94718,2148,刘才明,2019-01-18 02:57:40,-39,5,44,给了我普物实验最低分和第二低的分，90，92。\n\n不过看到他的态度，我还要给10分。只能是我太菜了……
98845,2148,刘才明,2019-01-24 03:58:41,22,23,1,有些学生根本不值得老师这么照顾
103209,2148,刘才明,2019-02-27 00:49:08,2,2,0,天使男神
103210,2148,刘才明,2019-02-27 00:49:30,2,2,0,呜呜呜老师真是天使啊 太温柔了吧
104817,2148,刘才明,2019-03-28 08:49:01,44,49,5,慎选，因为上完他的实验课以后，你可能会觉得其他老师根本讲不明白，影响后续学习?
104921,2148,刘才明,2019-03-31 07:56:20,1,7,6,才93，我不服啊啊啊
104990,2148,刘才明,2019-04-02 01:05:30,1,5,4,大物实验给分炒鸡棒!
105060,2148,刘才明,2019-04-03 03:50:31,1,4,3,天使男神，比高中老师都耐心负责给分也贼好。强推\n\n
105310,2148,刘才明,2019-04-10 01:32:58,7,8,1,天使老师，被治愈了
105311,2148,刘才明,2019-04-10 01:45:53,-1,8,9,说实话老师人很好，但给分确实不好\n\n
105641,2148,刘才明,2019-04-18 01:14:04,1,2,1,老师人超好，很温柔，讲课也很仔细。
105642,2148,刘才明,2019-04-18 01:14:10,2,3,1,啊啊啊老师真的很温柔啊，实验讲得清晰，真的很棒
107544,2148,刘才明,2019-05-06 11:07:13,1,2,1,慧极必伤，情深不寿，谦谦君子，温润如玉
107630,2148,刘才明,2019-05-07 23:42:44,-1,1,2,对不起，我是隔壁阿妹班的……
109256,2148,刘才明,2019-06-12 10:19:32,1,1,0,听课真的给人很舒服的感觉
111471,2148,刘才明,2019-07-01 16:03:05,2,2,0,老师超棒
111663,2148,刘才明,2019-07-02 12:17:27,3,3,0,10分!\n\n老师温柔和蔼可亲，一直面带微笑，讲课细致。(这学期助教不给力==)\n\n
112514,2148,刘才明,2019-07-04 16:07:58,2,2,0,老师确实是想方设法的给我们打高分，上课讲解也很详细，让我改变了原来对大物的厌恶和恐惧。衷心感谢刘老师！
114190,2148,刘才明,2019-07-09 03:49:15,5,6,1,翩翩君子温润如玉
114403,2148,刘才明,2019-07-10 01:05:24,3,4,1,身为大学教授，讲课却像高中老师一样细致耐心，即使有几节课水手机也能通过PPT及时赶上，期末考试有些简单了，老师应该是没有特意调分，10分！大赞！
117288,2148,刘才明,2019-09-22 10:46:34,1,1,0,一级棒！
117965,2148,刘才明,2019-10-17 03:42:48,1,1,0,好老师！
120659,2148,刘才明,2020-01-14 20:46:54,2,2,0,谢谢老师，虽然被卡绩了但20分平时分名额有我一份真是太好了
121754,2148,刘才明,2020-01-21 13:42:59,13,13,0,物理实验遇到刘才明老师的课，什么都不用说，就是一个字，选！两个字，快选！三个字，赶紧选！\n\n没有比刘老师更好的老师了！上课思路清晰，演示到位，遇到困难耐心解答，报告要求明确，给分还很好。这样的老师就是大物实验的顶配！
123845,2148,刘才明,2020-06-15 02:20:42,2,2,0,很和善的老师，讲课很清楚，作业也不多，跟着老师走绝对没有问题
123860,2148,刘才明,2020-06-15 07:08:58,1,2,1,选就完事了！
124064,2148,刘才明,2020-06-23 04:53:48,2,2,0,完美的老师，强推
125470,2148,刘才明,2020-09-10 01:13:36,2,2,0,老师真的非常为学生着想
126019,2148,刘才明,2020-09-16 13:31:34,2,3,1,上学期上的他的物理学实验一，忘记给评价了，这次补回来。\n\n人是真的好，给分是真的好，最后满绩了，感动～
127776,2148,刘才明,2020-11-27 00:51:37,6,7,1,才9.91我不服
130603,2148,刘才明,2021-01-24 02:16:24,1,1,0,好老师o(^o^)o
131691,2148,刘才明,2021-01-28 12:38:42,1,1,0,普物实验小课题，挺好的老师，论文交上去之后还亲自问我们关于分数分配的事情（我们还以为默认平均分就没管），之前做小实验也很认真回答问题
132452,2148,刘才明,2021-02-01 15:52:53,3,4,1,老师您能不能跟物理实验组说一下，平时成绩给分别正态，平时拿了95、96的，最后算分又给正态回去了
134532,2148,刘才明,2021-03-31 14:02:10,1,1,0,普物实验讲得很清楚，给分很好～
135708,2148,刘才明,2021-05-20 06:14:38,1,1,0,大物实验超耐心啊啊啊啊啊！\n\n会把理论值告诉学生！
136126,2148,刘才明,2021-06-11 05:57:08,-1,0,1,老师超级好
136249,2148,刘才明,2021-06-13 16:00:25,4,4,0,老师亲切和蔼，散发着温柔的光芒。\n\n每次小课前都会先帮我们复习一下，小测也不难。\n\n很体谅同学，上课会点名，不知道是我衰还是老师认得我，我一不去就点名。\n\n\n\n但老师还是很棒的！！
137920,2148,刘才明,2021-07-06 14:53:12,1,1,0,楼下我也是，一不去就点名555\n\nlcm老师yyds！
137935,2148,刘才明,2021-07-06 16:21:02,2,2,0,能做刘老师的学生是我的幸运，只可惜大物下不是刘老师了，唉。
137944,2148,刘才明,2021-07-06 18:04:31,2,2,0,男神，吹爆
138047,2148,刘才明,2021-07-07 07:40:33,3,4,1,老师人很好，只是平时分正态制度真的太恶心了
139145,2148,刘才明,2021-07-13 03:57:34,1,1,0,？！！！
139981,2148,刘才明,2021-08-22 17:11:14,3,5,2,大物2，大学的第一门满绩，跟上老师的思路学起来真的很轻松的。
142608,2148,刘才明,2021-11-14 11:58:18,2,3,1,拯救我的大物，期中没挂哈哈哈
144818,2148,刘才明,2021-12-24 12:04:18,3,3,0,如沐春风
145697,2148,刘才明,2021-12-31 08:28:57,5,5,0,普物实验二这门课很垃圾，但是老师人确实好。
146044,2148,刘才明,2022-01-05 08:11:32,21,21,0,老师的大雾教的很好\n\n\n\n\n\n然后大学物理实验这门课程的期末理论考真傻逼
147292,2148,刘才明,2022-01-09 12:17:11,2,2,0,老师很善良 很负责 也很温柔
147394,2148,刘才明,2022-01-10 02:31:26,0,2,2,大物二没选上老师的课，隔壁班听不下去，来蹭cm网课，体验超级棒
149371,2148,刘才明,2022-01-15 07:55:11,19,21,2,刘老师本人不做评价，因为老师确实不错但是。。。。。大物实验我呸死你！！
149373,2148,刘才明,2022-01-15 07:57:41,-40,4,44,烂烂烂
149395,2148,刘才明,2022-01-15 08:30:25,12,13,1,老师人很好给了10分，以下均为对课程的评价。大物实验就一sb课程，平时实验认真做了分数高也没什么用，考试题目是真无语，完全不能理解考试的意义是什么，明明一个学实验操作技能的课偏要用考试来衡量，成绩又偏要正太，出的又是些什么**题目也不自己想想，大家分数都低有什么好处。另外就是这学期考试关于单选多选的争议，某些老师在群里的说辞我也是醉了，是谁我就不说了，希望好自为之。最后，刘才明老师真的很好，不仅讲解耐心细致清楚，单个实验的给分也很好。
152064,2148,刘才明,2022-03-25 00:55:46,3,3,0,我爱刘才明
153110,2148,刘才明,2022-04-25 14:45:47,2,2,0,😍😍😍
154448,2148,刘才明,2022-06-01 13:43:35,6,6,0,lcm老师超级好！课堂练习还会先告诉你写对了没！不对还可以再改！讲课也十分清晰，主次分明！
154458,2148,刘才明,2022-06-01 15:50:58,4,4,0,（大雾甲一）爱死lcm老师了，讲课思路很清晰而且永远笑眯眯的
154472,2148,刘才明,2022-06-02 01:15:44,2,2,0,哈喽 好
155049,2148,刘才明,2022-06-08 02:14:13,13,13,0,好人长命百岁
157465,2148,刘才明,2022-06-23 10:21:22,9,9,0,刘才明老师超级好！！！好爱lcm，可惜大物II不是他了。课堂练习还会告诉你有没有错，错的话会退回给你重新写。给分好，吹爆。虽然我有点小遗憾。
158978,2148,刘才明,2022-07-04 07:13:56,0,3,3,好是好，就是小测难度太低了，没有平时分的区分度，很多人开车的
159468,2148,刘才明,2022-07-22 06:39:17,16,17,1,本学期最爱的老师，没有之一！讲课清晰，就算不听课看他的ppt自学也能懂，期末考前还会给划重点（而且特别准），刘老师两个大雾班的考试成绩都是全校顶尖的。人也超级好，永远都是温温柔柔笑眯眯的。（唯一不好的就是平时小测太简单了，而且小测作弊现象非常严重，导致平时分就有点......）选上刘老师课的同学，这么好的老师，千万不要翘课！！！大雾2选不上他的课了，我真的哭死wwwwwwww
159914,2148,刘才明,2022-09-09 02:00:26,5,6,1,老师好帅，保佑我选上
160155,2148,刘才明,2022-09-14 02:39:53,0,3,3,老师真的好，我哭死
161080,2148,刘才明,2022-10-26 03:44:10,0,2,2,男神，不解释。
161648,2148,刘才明,2022-11-11 00:17:37,5,9,4,只针对实验课。物理实验大鲨比。实验报告被老师弄丢了真就没人发声呗，找那个老师还被劈头盖脸骂一顿，想挂我科直说
162803,2148,刘才明,2022-12-06 10:16:43,5,7,2,刘老师非常体贴，上课也很好，会听学生的一些意见和苦衷，错过小测了还能按四十分登记，这样的老师没有十分天理难容
163283,2148,刘才明,2022-12-12 04:57:18,10,10,0,【大物实验】孙少奇这个人是真的水平低下，讲课与绪论课都是反过来的
165339,2148,刘才明,2023-01-01 14:19:34,7,7,0,大物实验刘老师还不错，但是【孙少奇】是真傻逼，不仅出分特别慢，而且给得奇低，按照他要求做，不知道为什么莫名其妙的低。
165347,2148,刘才明,2023-01-02 04:18:30,7,7,0,孙少奇是真傻逼，没见过这么贱的
165604,2148,刘才明,2023-01-09 03:14:35,26,27,1,"「不针对刘才明老师，他仅仅是挂名，但是很多查询大物实验的学弟学妹可能来这边吧」\n\n大物单摆实验课题组纯逆天:\n\n平时实验报告必须手写；\n\n老师评分扣分项不给理由（尤其是最后几次实验为了拉低学生平均分有故意打低分的嫌疑）；\n\n考前五天通知限时""作业""，网络拥堵交不上还要倒扣分；\n\n对考查有关的问题通通冷处理装死；\n\n还有傻逼的限时""作业""，你他妈给的范围是啥，考的又是啥？\n\n课题组你们都是一个妈生的吗？怎么个个这么脑瘫逆天？"
167179,2148,刘才明,2023-01-15 04:54:55,10,11,1,大物实验真的纯纯nt 大家一定要做好被恶心的准备\n\n不针对刘老师 单纯说这门课程和期间遇到的一些很会说话的逆天老师（lwy！！！！！！我******）
168628,2148,刘才明,2023-02-20 11:37:38,0,4,4,超级好
168816,2148,刘才明,2023-02-22 12:34:27,9,12,3,刘老师好老师，但大雾实验是***
169295,2148,刘才明,2023-02-25 09:27:58,5,9,4,给分比xxp好多了，上的也好。是好老师。
169315,2148,刘才明,2023-02-25 11:08:29,0,4,4,给分是真好，小测也不难，平时上课比较温顺细致，对于我这种物理不太好的真是救星哇。
169323,2148,刘才明,2023-02-25 11:59:22,-11,3,14,期末考极其恶心，但是利用老师传授的神奇知识拿到了超乎预计的只因点，好老师哇哇哇
169651,2148,刘才明,2023-02-27 09:13:55,1,6,5,非常好的老师！不仅上课讲得好，给分还好。感觉老师是一分一分捞过来的。十分感谢老师！
171213,2148,刘才明,2023-03-19 00:58:36,-56,7,63,煞笔老师。我就很好奇一个预习测试出的那么那么难干什么？！完全体现不出学生预习水平！我都把书来回读了五六遍了，做的时候还一边电脑上查百度，结果最后分数只有40分，真的搞不懂什么老师
171631,2148,刘才明,2023-03-30 09:29:21,-75,6,81,煞笔老师一个，自己教得不好，还给我实验报告打83分的低分，真的恶心死了。还好这门课就1个学分，否则我肯定让他不得好死
171800,2148,刘才明,2023-04-06 03:21:51,0,3,3,强力推荐，还不来选
172017,2148,刘才明,2023-04-17 12:40:26,2,4,2,刘才明，你是我的 神！
172460,2148,刘才明,2023-04-27 07:27:15,-41,4,45,对于这种老师我只能说呵呵
173133,2148,刘才明,2023-05-14 07:40:42,-15,3,18,呵呵，呵呵
173662,2148,刘才明,2023-05-31 09:16:23,0,1,1,爱就一个字
173727,2148,刘才明,2023-06-02 04:32:18,-1,0,1,好的呢
173992,2148,刘才明,2023-06-05 13:21:14,9,10,1,老师是温柔有耐心的，但是他的班比其他老师的班卷得多，小测赋分制，所以平时分不太容易拿满，想冲满绩的最好保证自己平时小测不失误
174282,2148,刘才明,2023-06-09 00:38:42,-4,1,5,。。。
175014,2148,刘才明,2023-06-21 04:29:16,20,23,3,小测太水 很多人作弊 一次失误平时分直接炸裂 慎选
175604,2148,刘才明,2023-06-26 13:01:04,2,4,2,如沐春风
176966,2148,刘才明,2023-07-01 02:01:30,1,2,1,讲得好，给分也好！
177338,2148,刘才明,2023-07-03 03:13:18,7,10,3,刘老师的课讲得很好，并且会努力捞人（尽管大物本身的硬性评分要求其实留给老师的捞人余地不大），绝对值得10分。但是我不太喜欢小测的模式，尽管认真准备了几次小测发挥得都很差，期中考成绩差不多是班里前15%，而平时分排名都到班级末15%了😭😭😭。而我认为平时分对总评的影响比期中期末大多了（平时分一下子能和别人差10分；而期中期末助教可能会捞，试卷难还会有赋分之类的规则，相较之下水平差距不大的人不会查太多分数）。还是只能反思一下自己
178767,2148,刘才明,2023-07-22 04:50:34,0,3,3,讲课不错，给分很好，尽力捞，人很儒和。
181762,2148,刘才明,2023-10-31 06:02:49,-6,2,8,老师，大物实验跟我们讲讲实验具体操作吧😭
183053,2148,刘才明,2023-11-22 02:31:19,6,6,0,刘才明老师，特别特别好！在地铁上还在改试卷，发动儿子帮忙登分，为大家考虑，一直鼓励大家，特别特别好的老师。
187261,2148,刘才明,2024-01-15 10:32:13,3,3,0,必须满分的一个好老师
187321,2148,刘才明,2024-01-15 13:02:52,-19,1,20,给分差
187671,2148,刘才明,2024-01-17 04:57:59,4,4,0,考试考的还可以，但平时太摆了，平时分全班倒数，以为只有3点几，没想到上四了，是真好啊
187870,2148,刘才明,2024-01-17 15:34:11,1,1,0,好老师，马上要退休了。
187989,2148,刘才明,2024-01-18 02:55:21,0,1,1,好老师，讲课讲得很好，很有收获！
188276,2148,刘才明,2024-01-18 14:17:05,7,7,0,大物失去了刘才明就像西方失去了耶路撒冷
188391,2148,刘才明,2024-01-19 01:56:40,3,3,0,好老师无需多言
191029,2148,刘才明,2024-03-29 02:17:39,0,1,1,最好的老师无需多言！！！
191232,2148,刘才明,2024-04-14 08:14:41,6,6,0,好老师。上课讲的很好，对待学生很尽职尽责，给分最后也很好，非常幸运能选上老师的大物课。
192786,2148,刘才明,2024-05-30 11:07:07,8,8,0,就算一半的课都翘了，还是决得老师上课讲的很细很好，很适合初学者听，给分很宽松，每次考试都重新查卷，帮同学提分，爱老师！！！
192790,2148,刘才明,2024-05-30 11:32:46,3,3,0,非常好老师，使我愿意和大雾缠斗
192861,2148,刘才明,2024-05-31 05:19:08,2,2,0,好老师，无脑选
193044,2148,刘才明,2024-06-03 03:06:04,6,8,2,期中考试最难的一个大题上课讲过，还有一个大题也讲过类似的，这种老师怎能不爱
194105,2148,刘才明,2024-06-22 04:19:15,3,3,0,很好的老师 讲的很好 虽然有时候有点啰嗦 但是真的很温柔
194774,2148,刘才明,2024-06-25 11:22:44,16,16,0,伟大无需多言！刘老师的人格魅力让我想做他的小狗~
194939,2148,刘才明,2024-06-26 03:47:19,3,3,0,好老师无需多言
195286,2148,刘才明,2024-06-27 15:19:55,8,8,0,神，讲课好，平时分竭尽全力给高分
198699,2148,刘才明,2024-09-11 03:29:52,3,3,0,有才有德
199543,2148,刘才明,2024-09-25 06:00:40,0,0,0,好老师，特来评分
199744,2148,刘才明,2024-09-28 15:54:48,0,5,5,远强于xxp
200000,2148,刘才明,2024-10-10 15:42:03,3,3,0,远强于李宏年，lhn什么###
200910,2148,刘才明,2024-10-24 11:33:37,0,1,1,神中神
200987,2148,刘才明,2024-10-26 04:31:18,0,0,0,伟大无需多言，真正地为学生考虑的老师！
202507,2148,刘才明,2024-11-13 02:38:40,1,1,0,sl神
204432,2148,刘才明,2024-11-26 01:39:59,0,0,0,非常好
205062,2148,刘才明,2024-12-01 02:28:27,8,8,0,伟大无需多言，属于是爹级别的老师，虽然刚在“最佳点名”里被抓…….
208317,2148,刘才明,2024-12-27 00:28:48,9,9,0,不要选刘才明老师😭不然就会和我一样，在结课的时候因为舍不得而哭成泪人
208505,2148,刘才明,2024-12-28 13:13:30,5,5,0,上过老师的大物实验，印象中非常不错。今天您退休了，祝您今后的日子安康
209278,2148,刘才明,2025-01-05 09:47:17,6,6,0,结课的时候真的舍不得老师\n\n讲的认真细致，真的在为学生考虑\n\n听说您这是最后一学期教书，很荣幸上到了您的课\n\n祝您今后的日子里安康
210313,2148,刘才明,2025-01-09 01:49:40,3,4,1,lcm是我爹！教学水平高超，平时教学过程中就会把考点详细说明，也知道历年卷怎么考，平时很体恤学生，答疑及时，小测提前做完可以给老师看，有错老师会退回来。平时分会跟同学们商量，尽量最大化。物理选他就对了！！！
210523,2148,刘才明,2025-01-09 09:58:50,1,1,0,神中神！
212628,2148,刘才明,2025-01-14 09:56:08,3,3,0,我最后绩点不好看纯属我的原因，跟刘爹一点关系没有，答疑非常耐心，而且非常体谅学生，zju要是有1/4老师能有刘先生的水平估计早就不只是top3了。。。。。。
214120,2148,刘才明,2025-01-24 15:17:22,0,0,0,才明兄
214772,2148,刘才明,2025-02-18 00:35:28,0,0,0,爱老师
215019,2148,刘才明,2025-02-20 05:42:51,6,6,0,老师人真的太好啦！每次上课都是笑眯眯的，讲课的水平很高，会让人感觉即使不费劲听知识也能进入脑子里😋😝（感觉大学里遇到的这样的老师还是不多的☺️\n\n小测难度不高平易近人，平时分赋分老师也为同学们着想🥹\n\n最后一节课收拾书包走的时候老师还关心地问了我期末周考试多不多？平时累不累？🫣🤭\n\n大物甲1的时候跟另外一个老师才拿了2+的绩点但大物2成功上4了😋😋\n\n不多说了一句刘爹奉上！大家速速选！！😍
215295,2148,刘才明,2025-02-25 04:22:11,1,1,0,助力10.0
215553,2148,刘才明,2025-02-28 06:39:19,1,1,0,10分
217338,2148,刘才明,2025-04-09 01:04:37,2,2,0,神\n\n中\n\n神
217785,2148,刘才明,2025-04-16 12:13:05,3,3,0,讲课随时带着笑容，剖析深入浅出的好老师。
218159,2148,刘才明,2025-04-21 14:53:22,5,5,0,伟大，无需多言
218538,2148,刘才明,2025-04-24 09:55:06,4,4,0,最好的大物老师
219858,2148,刘才明,2025-06-09 05:04:12,5,5,0,最好的大物老师，退休快乐！
220653,2148,刘才明,2025-06-19 05:34:48,1,1,0,最好的大物老师
221095,2148,刘才明,2025-06-21 08:25:50,0,0,0,先踩一脚平时分赋分这件事情（当然这完全不是刘爹的问题），但是刘老师真的教的很好，人也很有亲和力。虽然平时分扣得多但是期中期末都满意了，最后总评看起来也是被捞过的。本来想下学期继续上刘老师的班但是刘老师要退休了。退休快乐！
221145,2148,刘才明,2025-06-21 13:11:20,1,1,0,刘才明老师是最好的大学物理老师
221169,2148,刘才明,2025-06-21 16:02:35,0,0,0,最好的大物老师，讲课极好，在正太的要求下还能试上百个排列组合想方设法给高分
221977,2148,刘才明,2025-06-28 07:29:26,1,1,0,刘爹！
9306,2291,朱萍,2018-06-14 14:54:22,1,13,12,只会照本宣科，念PPT\n\n
9984,2291,朱萍,2015-11-14 01:33:13,5,12,7,还好其实
11454,2291,朱萍,2015-12-01 23:58:00,1,5,4,感觉很好，说得很清楚，很仔细。
11950,2291,朱萍,2015-12-21 11:27:44,69,77,8,让我们来看看看……
14174,2291,朱萍,2016-01-05 06:49:30,2,5,3,棒棒哒
17346,2291,朱萍,2016-01-20 05:23:32,-8,3,11,给分超级好\n\n
17348,2291,朱萍,2016-01-20 05:24:09,0,3,3,very  good.
17634,2291,朱萍,2016-01-20 14:04:37,0,1,1,讲课一般般，就是念ppt
17687,2291,朱萍,2016-01-20 15:44:12,-3,5,8,炒鸡好，讲课详细清楚，给分也好。
18037,2291,朱萍,2016-01-21 07:08:53,1,9,8,讲课念ppt。。。总评居然把我卷面往下拉，也是醉
18623,2291,朱萍,2017-01-11 16:43:42,-18,5,23,毫无师生情= =期中考试不错物理竞赛班里第二还是只有3出头= =
19521,2291,朱萍,2016-01-24 13:03:43,0,2,2,还是不错的
20325,2291,朱萍,2016-01-27 04:13:51,1,4,3,给分差\n\n
22549,2291,朱萍,2016-03-08 01:37:36,0,2,2,喜欢听课本内容的同学可以试试…完全不脱离课本…讲的每句话几乎都有
22650,2291,朱萍,2016-03-09 06:49:46,-1,1,2,照本宣科
34450,2291,朱萍,2016-10-11 02:01:35,3,7,4,好我们来看看看
38249,2291,朱萍,2017-01-19 11:19:29,-25,4,29,不怕神一样的考题，就怕猪一样的猪萍。课课差，给分差。
42907,2291,朱萍,2017-01-15 11:48:01,0,2,2,讲课不怎么好，念ppt。平时测验，点名多。但还可以忍。
43912,2291,朱萍,2017-01-17 06:17:05,12,14,2,好老师，虽不是最好，但绝对不差，我给老师10分，好老师还要占座，也很辛苦。上课跟着老师思路听，没有问题的
44431,2291,朱萍,2017-01-17 23:41:09,-3,4,7,完全是在飞速的念ppt，讲的巨快。我期中不错竞赛3奖最终也只有80几分，有点奇怪，不知道分都加在哪去了……
44556,2291,朱萍,2017-01-18 02:55:51,0,2,2,我觉得老师讲的挺好的呀，书上的知识点讲的比较多，认真听还是有收获的
46348,2291,朱萍,2017-01-21 09:56:23,0,2,2,感觉挺差的，当然学不好也怪自己吧
51319,2291,朱萍,2017-12-22 10:11:59,4,5,1,实验课 讲的蛮好的 演示也很详细 报告的话还是比较重视预习的 分析的时候认真点 分析的细一点 分分钟98
55408,2291,朱萍,2017-07-01 12:38:58,0,1,1,实验………超级看字美不美，如果字不好看可能内容都不认真看。但是去找她她还是会很nice的给改…ps朱老师的实验经常是处理数据超麻烦的那种
58852,2291,朱萍,2017-09-18 05:34:57,-3,0,3,emmmm
61277,2291,朱萍,2017-11-13 10:41:22,0,0,0,哦哈哈\n\n
61295,2291,朱萍,2017-11-14 01:59:03,16,17,1,现在还没期中考，给老师打10分，凭良心，不多说\n\n
65295,2291,朱萍,2018-01-02 13:53:31,0,0,0,真的不错啊
66006,2291,朱萍,2018-01-11 02:07:33,6,6,0,老师很认真 期中对分数有异议老师帮我把卷子拍了照 还帮我分析错误原因 但是可能教学方法和水平有限 平时分比别的老师低很多 但是给老师的认真负责点个赞
71732,2291,朱萍,2018-01-29 02:13:38,6,6,0,老师上课可能没那么有趣，但是很认真负责，讲的也很细（虽然没怎么听，从课件上看的出来），群里有问必答，平时分不参加竞赛照样给满，对自己成绩有问题的可以去教务网看看过程成绩不要喷这么好的老师好吗
71776,2291,朱萍,2018-01-29 03:01:52,19,23,4,讲课清晰， 能把教材说明白。\n\n说照本宣科的，这么喜欢学物理怎么不去学普物啊？\n\n小测会提前一周通知。大物统一成绩标准，关心学生学习。\n\n我最后考跪了，只因自己太弱。\n\n
71940,2291,朱萍,2018-01-29 06:23:26,4,6,2,讲课没有大家说的那么差。听过几次，觉得讲的虽然说无聊（那是大物这门课本身的原因，也不能全怪老师），但还是比较详细的。\n\n小测有两次，会提前一周通知，各占总评的4分，所以……平时不去上课的我 真的非常吃亏非常吃亏\n\n希望大家不要重蹈我的覆辙
72298,2291,朱萍,2018-01-30 00:25:24,1,1,0,老师人真的超好，讲课其实也不错的，我几乎上完了一个学期
73291,2291,朱萍,2018-02-01 09:32:23,0,0,0,很好啊
75025,2291,朱萍,2018-03-07 04:56:29,0,0,0,老师挺好的，给分也厚道
75027,2291,朱萍,2018-03-07 05:11:55,1,2,1,迟到的评分~老师真的很好，很负责，群里问问题，或者是私戳都是有问必答，和同学很多互动！考试结束，新学期开始，都会给大家祝福，真的是很亲切了，喜欢！
75456,2291,朱萍,2018-03-12 05:27:56,-13,0,13,这老师能不能教的再垃圾点
77816,2291,朱萍,2018-05-08 02:59:13,11,11,0,也许老师教的不是最好的，但老师真的很认真！也非常和蔼！如果你选了或者预置她的大雾，那么，你一定不会后悔，相信我。
79424,2291,朱萍,2018-06-04 07:04:47,2,2,0,逻辑难以表清
84094,2291,朱萍,2018-07-12 03:58:28,4,5,1,主动给我们补课，上课之余还会讲讲习题。期末试卷一份一份看，一分一分给同学找。努力抢救回了挂科边缘的我，还凑了个60......超级好了老师。出完分了还愿意在群里讲一讲学习方面的事，说对补考和下学期的学习有帮助哈哈哈。作业不多，小测简单。
84160,2291,朱萍,2019-09-12 02:56:16,-123,3,126,一学期没听过课，作业随便抄抄答案，轻松4.8，唯一可惜的就是被卡绩了
84276,2291,朱萍,2018-07-12 11:59:18,9,11,2,印象最深的就是看看看。老师的课一开始听可能觉得是一直在念ppt，但是老师确实很认真地准备了课程，只要自己对照书本并且仔细听讲收获还是很大的，物理重要的还是上课听懂课后做题。很可惜这学期没有很认真上课，考前虽然努力复习了但是很多东西也来不及补上了，但是老师最终还是给过了，虽然不能这作为评判一个老师好坏的标准，但是还是很感谢师生情，没有让我挂科。
84950,2291,朱萍,2018-07-14 13:45:31,3,3,0,感觉老师真的是把我们当自己的孩子对待了，感动！
84968,2291,朱萍,2018-07-14 16:07:10,7,7,0,老师人真的很好的
87280,2291,朱萍,2018-09-26 12:32:10,12,12,0,朱老师绝对不止7分 非常慈祥且教学认真 解答问题也非常仔细 就算上课没有特别出彩但也不是一无是处 上她的课并不会后悔
93398,2291,朱萍,2019-01-09 11:53:27,1,1,0,老师很认真负责
96448,2291,朱萍,2019-01-21 04:08:07,2,2,0,老师真的很认真负责 虽然讲的不难 但也不是完全讲书本上的东西 讲的内容都是考试重点 复习课一定要认真听 大物有很大概率考到一起考过的原题的
101262,2291,朱萍,2019-01-28 02:56:33,3,3,0,老师人极好，上课很认真，会在qq群里答疑，我不是很喜欢大物，期中42分，期末只答了50分的题，还是给我过了，谢谢老师
101343,2291,朱萍,2019-01-28 04:58:41,2,2,0,这个老师个人觉得真的挺不错的，讲课有条理，很有耐心，小测虽多但不难，复习课很有收获。我物理基础很差也不喜欢，期中考不及格期末还有3.6，个人挺满意的了
102589,2291,朱萍,2019-02-11 07:17:07,1,2,1,唉，凡事还得拼自己..
102590,2291,朱萍,2019-02-11 09:51:18,0,0,0,1.老师为人和蔼，会关心同学们学习情况，考完试还在群里鼓励同学们\n\n2.讲课比较清晰，虽然不如那些高分
108196,2291,朱萍,2019-05-16 06:30:16,3,3,0,老师讲课真好，节奏不快特别适合我，内容细致不会听不懂，人也很和善
108654,2291,朱萍,2019-05-30 12:37:29,7,8,1,老师很有情怀，跟我们分享任正非的采访。还会让表现不理想的同学去她办公室谈话，是很关心学生的老师。
110155,2291,朱萍,2019-06-24 03:05:01,1,2,1,超级负责任的老师！上课很有逻辑！喜欢老师
110756,2291,朱萍,2019-07-04 02:31:06,5,6,1,虽然挂了还是要给老师十分 是我自己不努力
112107,2291,朱萍,2019-07-03 14:51:21,10,10,0,老师真的是好老师，而我不是个好东西
112592,2291,朱萍,2019-07-04 20:38:57,-12,1,13,老师很好的，就是绩点给的是真的低
114468,2291,朱萍,2019-07-10 04:48:56,3,3,0,老师很温柔啊。讲课思路很清晰。就算是照本宣科吧，首先也要有本有科，不是所有人都做得来的。认真听一定是能学好的，无光基础如何。老师很负责，会关心大家的学习情况，给大家合适的建议，很多时候给人一种德高望重又很温柔的长辈的感觉。
120703,2291,朱萍,2020-01-15 13:46:07,0,1,1,讲课一般，不至于说很差，但是不适合我这种菜鸡\n\n觉得自己物理菜慎选，到最后可能得靠她的PPT自学（PPT做得好，上课根本跟不上节奏）
121244,2291,朱萍,2019-12-26 01:09:04,1,1,0,期末考前先来评价。老师讲课慢条斯理的，不过讲的算比较清楚的。虽然有时候会卡壳一下，但也无伤大雅。线上线下答疑都很细致，很有耐心。偶尔点两次名。总体9分吧
121798,2291,朱萍,2020-01-22 02:51:40,4,5,1,实话实说，老师讲课确实一般，有时候会卡壳，有时会讲错。\n\n但是，老师确实是非常非常负责，应该是我进大学后见过最负责的老师了，会建群，在群里会答疑，回复可能不及时但有问必答，别人帮她回答了老师也会表示感谢。也很关心学生，很为学生着想。
125621,2291,朱萍,2020-09-12 11:28:18,0,0,0,认真负责
130727,2291,朱萍,2021-01-24 11:39:04,3,3,0,很关心学生，给分不错，但是讲课一般。
133425,2291,朱萍,2021-02-28 08:10:26,1,1,0,老师真的好！！！！！善良负责耐心给分好！！！
136877,2291,朱萍,2021-06-27 08:14:41,3,3,0,老师很可爱，建了群会和大家打招呼。记得有一次上课是在钉钉群里直播，完了之后她说“非常感谢有60多位同学听课”2333（不是嘲讽，真•感谢，虽然但是我上课几乎听不进去，大雾主要还是智云看她的录播学的QwQ）。总之是让人觉得挺舒服的一位老师。
136912,2291,朱萍,2021-06-28 06:44:29,5,5,0,老师人真的挺好，就是讲课太无聊
139657,2291,朱萍,2021-07-19 13:09:36,3,3,0,真正会鼓励你向前进，希望你能够好学求知，勤学好问的好老师！
145270,2291,朱萍,2021-12-28 15:15:55,2,3,1,老师点了9次名，还要算网课的，总共点名15次。真的是醉了。
145413,2291,朱萍,2021-12-29 12:37:29,1,1,0,怎么说呢，一周点两次名，个人更喜欢看PPt，感觉听她课效果一般，还是PPt做的好
161851,2291,朱萍,2022-11-14 13:15:52,1,2,1,讲得很迷糊
166356,2291,朱萍,2023-01-12 05:14:38,2,2,0,小测就是一坨
166602,2291,朱萍,2023-01-13 03:28:31,1,2,1,依托答
169688,2291,朱萍,2023-02-27 11:38:41,1,1,0,老师一般，给分一般吧，感觉不如自学
169707,2291,朱萍,2023-02-27 12:57:16,1,1,0,老师讲课一般，算不上特别好，但也不是特别差，但ppt做的很好，人是真的很负责很有耐心。你平时作业有不懂的钉钉问她她基本都会回，考试前一天线上答疑了一整天。\n\n当然我个人感觉小测确实难，再加上大物整体给分都是很求是的（因为每个部分的成绩都要公示），再加上这次期末考比较难，分数确实比较难看，但不是老师的问题
169906,2291,朱萍,2023-02-28 09:27:28,1,1,0,给分不行
170383,2291,朱萍,2023-03-03 10:51:26,1,1,0,非常一般，给分不行
170567,2291,朱萍,2023-03-06 15:40:36,0,0,0,小测是祖传的，大雾讲课其实也就那样，主要是自己要学，课程不难。
171000,2291,朱萍,2023-03-14 03:08:56,2,2,0,只能说流汗黄豆，不好评价，上课念课件，小测给分贼低，平时分也不会调整直接卡绩，各位如果在乎绩点千万别选
15430,2366,陈璞,2016-01-14 11:04:14,4,4,0,很好哦
15432,2366,陈璞,2016-01-14 11:05:50,0,2,2,太棒啦
42291,2366,陈璞,2017-01-14 03:37:06,1,3,2,还可以
61207,2366,陈璞,2017-11-12 03:32:43,19,19,0,好老师，在校条考试之前还组织复习学生手册，请注意是思修课
62338,2366,陈璞,2017-11-24 09:14:18,3,3,0,人超级nice
64479,2366,陈璞,2017-12-24 11:27:52,3,3,0,美丽又温柔。(✪▽✪)
72716,2366,陈璞,2018-01-31 03:09:04,7,8,1,人超级好，还很温柔，很漂亮，超级超级喜欢
102447,2366,陈璞,2019-02-02 10:01:05,1,1,0,给分还行，人不错
102514,2366,陈璞,2019-02-04 05:59:40,2,2,0,思修课其实互动性挺强的，老师人很好，在微信群里的互动也很多，挺关心学生的。但是，思修课我一直在水…手机，最后被正态了，3.3，嗯…意料之中。劝诫同学们要多多发言，其实很轻松的，只要发言就好
103753,2366,陈璞,2019-03-05 04:41:25,0,3,3,事相对较多 又是一门坑死组长的课程
105600,2366,陈璞,2019-04-17 04:51:02,0,2,2,楼下才是有问题的呢，老师挺好的~
143309,2366,陈璞,2021-11-23 07:32:36,3,3,0,给分差呀，事情到时比较少
153706,2366,陈璞,2022-05-09 02:48:52,2,2,0,人好事少分不好\n\n果不其然被正态\n\n不过好像也不能怪老师\n\n老师挺善良的，相对于其他职规老师还是比较可以的了
154035,2366,陈璞,2022-05-20 02:22:09,2,2,0,给分差
176915,2366,陈璞,2023-06-30 16:18:07,0,0,0,形策，给分正常水平。
220481,2366,陈璞,2025-06-18 06:54:41,0,0,0,希望形策高分
9596,2463,殷立明,2015-11-02 11:16:51,0,1,1,还能接受吧
15120,2463,殷立明,2016-01-12 06:55:57,1,3,2,实验蛮好的
16604,2463,殷立明,2016-01-18 13:31:09,10,18,8,给分还不错，就是出成绩太慢了
24679,2463,殷立明,2016-05-03 04:51:40,6,6,0,给分不大好出分慢
25194,2463,殷立明,2016-05-07 12:43:27,-2,0,2,还行吧
35009,2463,殷立明,2016-10-29 10:36:02,8,8,0,给分不大好
38011,2463,殷立明,2016-11-23 05:01:08,0,2,2,没上过他的课，但他的大物实验超好的。
49072,2463,殷立明,2017-03-23 05:47:47,0,1,1,。。。。
49341,2463,殷立明,2017-04-06 07:13:40,1,1,0,很好啊
51031,2463,殷立明,2017-05-15 01:26:53,3,3,0,出分就像挂机了...
51100,2463,殷立明,2017-05-17 03:08:30,-8,1,9,大物给分超好，秒秒95
51261,2463,殷立明,2017-05-26 04:00:27,5,6,1,大物实验给分确实不大好，讲的还可以吧
63928,2463,殷立明,2017-12-19 14:54:17,2,2,0,他的光学测量让我无比痛苦，讲的不咋滴，讲课前，没怎么准备的感觉
64864,2463,殷立明,2017-12-27 13:28:19,3,4,1,…我就是来提醒一下椭偏仪实验是真的烦…实验数据很难对上号，如果想复习分光计操作的可以选，校准的你这辈子不会忘分光计怎么调准。其他给分还是很好的。
88192,2463,殷立明,2018-10-23 18:07:37,4,4,0,实验给分偏低
88903,2463,殷立明,2018-11-12 03:31:04,1,1,0,一般般
91359,2463,殷立明,2018-12-06 08:38:55,0,2,2,给分个人觉得还可以，我静态杨氏模量90分（主要扣在有效数字和不确定度）后来找老师问了一下错误来源。在后来的液体表面张力拿了93分个人觉得还行。大物报告主要是该从书上抄上去的认真写，有效数字认真处理，给分不会差的。亲测有效
93825,2463,殷立明,2019-01-14 02:43:48,1,3,2,我碰到过的最好的大物实验老师了 讲的很透彻 给分还行吧
104157,2463,殷立明,2019-03-13 06:39:29,7,8,1,真的别看给分看这个老师，他其实很公正，正常的给分就是有人好有人差。他的实验讲课很严谨，入神听了你就会做那个实验，课不像防火防盗房若宇很枯燥令人很想睡觉，反正真的挺好的比起某些没评分的老师
107440,2463,殷立明,2019-05-05 07:50:30,4,4,0,出分超级超级慢 给分差
107631,2463,殷立明,2019-05-07 23:59:26,2,3,1,不想说话的给分
107910,2463,殷立明,2019-05-11 07:34:48,-2,2,4,大物给分真心不好，一下把我92+的平均分拉到了90...（他的碰撞实验是我倒数第三个实验...）
108355,2463,殷立明,2019-05-22 01:50:24,-123,2,125,垃圾老师，给了我两个90，害得我不能满绩
123368,2463,殷立明,2020-06-06 12:50:31,4,4,0,助教不行 给分差
123823,2463,殷立明,2020-06-14 15:25:49,2,3,1,对学生态度挺好的，讲的很细致
134676,2463,殷立明,2021-04-08 13:46:38,-1,1,2,给分差，慎选
137033,2463,殷立明,2021-06-30 01:37:16,0,1,1,普物实验会点名。上普物实验的同学不要迟到。\n\n殷老师讲解实验的时候比较喜欢与学生互动，达到让学生们深刻理解实验内容的目的，而不只是干念书。讲的很认真负责。\n\n实验只要按要求做了，把不确定度的小数点算对，图像认真画，思考题别只是抄书抄百度，95分一般没问题。殷老师对于写的不错的实验报告会给高，摸鱼的实验报告会给比较低。做的实验不多，9分意思一下
161736,2463,殷立明,2022-11-11 14:32:13,-11,1,12,sb老师
162561,2463,殷立明,2022-11-25 10:03:38,0,3,3,负责大物实验选课的老师，对学生很好
170522,2463,殷立明,2023-03-06 06:05:57,0,3,3,大物实验等出数据慢的同学等到好晚，很好的老师
178040,2463,殷立明,2023-07-06 10:41:46,1,2,1,普物实验，助教人美心善，思考题我写错了会给我指出来，给分很好，课也是助教上的。
200820,2463,殷立明,2024-10-23 02:36:17,0,1,1,畀咗我96分，我好高興
200995,2463,殷立明,2024-10-26 08:37:45,0,0,0,数据处理正确了，就会给高分！！讲的也很仔细，是个很和蔼的老师
28926,2573,许晶波,2016-06-29 03:39:47,0,0,0,凑合吧
42028,2573,许晶波,2017-01-16 16:36:13,-1,5,6,呵呵，cnm笑面虎
43846,2573,许晶波,2017-01-17 04:59:09,0,1,1,啊哈哈哈
46258,2573,许晶波,2018-09-18 00:04:37,-20,4,24,sb一个
51229,2573,许晶波,2017-05-24 16:30:13,2,3,1,笑面虎，讲不清楚
59016,2573,许晶波,2017-09-19 06:17:04,2,3,1,这特么竟然是一门物理专业课
59017,2573,许晶波,2017-09-19 06:29:42,0,1,1,物理学与人类文明。。。
59021,2573,许晶波,2017-09-19 06:51:23,2,3,1,人生导师许晶波
59024,2573,许晶波,2017-09-19 06:55:12,2,2,0,人生导师，上课舒服的一匹
59025,2573,许晶波,2018-01-24 06:47:00,2,2,0,“人类文明与我教出来的博士生”课程 的专业讲师。别说了，年轻人，不要毁了你自己！\n\n
59033,2573,许晶波,2017-09-19 07:12:32,2,2,0,（你听他一句话，能赚很多钱）
61060,2573,许晶波,2017-11-07 18:27:30,1,5,4,老师很乐观。 记得有一次上课期间，一个同学原来坐在教室中间的座位，竟然直接背着书包从前门大喇喇地走了。 老师讲课一般都会嘿嘿嘿地傻笑，看起来的确有点傻傻的感觉，但是那一天的剩下的课堂时间里老师再也没有傻笑过。老师喜欢傻笑，也许只是想让别人笑他傻而不会不开心吧。
61293,2573,许晶波,2017-11-14 01:19:28,21,21,0,走到我跟前把粉笔递给我告诉我上去就会做了有点可怕
62177,2573,许晶波,2017-11-23 04:01:24,4,5,1,前排说有人上着课背书包走了的，那位同学在上课前就跟老师说过了要请假的。。
70889,2573,许晶波,2018-01-27 18:07:46,11,12,1,虽然修了这门课我自己也没明白什么，但老师至少是要把要考什么讲清楚了
74112,2573,许晶波,2018-02-05 08:41:08,2,2,0,不太喜欢老师递粉笔给同学上去做题的方式，感觉本身的物理图像讲的少，不过还是感谢由此产生的不会做题要好好学的恐惧感，以及老师考前复习课讲清了考点
87929,2573,许晶波,2018-10-18 02:56:48,12,12,0,魔性的笑声哈哈哈哈哈\n\n
101384,2573,许晶波,2019-01-28 06:18:18,2,5,3,不知道为何这么低？ 感觉讲的还行，但是就是有一点不好：ppt里一大堆算式怎么来的都不详细讲，比如Ising模型的两个近似，这么一大堆东西老师你好歹写在黑板上一步一步写一下... 不过我这个人很简单，既然你给我满了，我就给你10分
103288,2573,许晶波,2019-02-27 07:10:26,1,1,0,上4了就给满吧
145928,2573,许晶波,2022-01-04 11:29:08,5,5,0,上课水平一般，讲课方式也不太好，对着ppt过一遍，遇见重要的式子就黑板上写一通，缺乏对物理思维和直觉上的培养，给人感觉就是一大堆数学符号的计算。尤其是同学期量力的两位老师比起来，差距有点太大了。平时上量力就是享受知识，到热统就变成折磨怪了。\n\n不过老师人还是很不错的，考试也尽量给你分。而且会把考点是啥讲的清清楚楚，每年期中期末的题都是从历年卷里摘出来的，基本上做一遍历年卷考试就不怕了。
148485,2573,许晶波,2022-01-12 15:53:19,0,0,0,讲课体验确实一般。速度快的时候直接起飞，私以为热统的很多思想还是需要看下来才能接受的，不是这样嘿嘿嘿就过去了。不过对考试而言确实挺友好的了，考点也讲清楚了，对着历年卷就当考默写吧嘿嘿嘿。
148859,2573,许晶波,2022-01-13 18:49:29,11,13,2,我之前有个博士生，盒盒盒，有一次他跟我说他女朋友找他吃饭，结果他说他要做实验没时间。这就是做事情抓不到重点，你们说是女朋友重要还是做实验重要，盒盒盒盒，那当然是女朋友重要了，对不对，盒盒盒盒盒，所以说呀，同学们，做事情要抓重点啊。
160529,2573,许晶波,2022-09-26 02:24:50,3,3,0,只会抄公式，不讲物理，不讲数学，也不讲具体应用
162406,2573,许晶波,2022-11-22 00:27:30,9,9,0,倒也没必要期中考前后两个早八连着拍照点名
163668,2573,许晶波,2022-12-16 02:27:22,7,7,0,记得保存他发出来的东西，他会撤回的。
170397,2573,许晶波,2023-03-03 14:46:25,0,0,0,把书抄一遍再对着手抄稿念
15678,2602,陈骝,2016-01-16 05:55:46,0,0,0,听不太懂
21298,2602,陈骝,2016-02-28 03:22:53,0,0,0,。。。
46701,2615,金敏,2017-01-22 07:34:24,4,8,4,感觉和没听一样，照着ppt念，给分也不好\n\n
50949,2615,金敏,2017-05-10 02:07:05,15,18,3,大雾实验很好
54606,2615,金敏,2017-06-30 01:43:12,1,2,1,给分不错
57034,2615,金敏,2017-07-05 08:42:12,1,2,1,好老师！
61432,2615,金敏,2017-11-17 07:31:03,17,18,1,不用点名，上课可以不用听，略水，考试占80%，平时作业20%，考试特别水，开卷，选择填空书里都可以找到，计算题都和习题一个类型，甚至去掉了习题里面偏难的部分。认真看书自学，证明部分可以跳过，习题得认真做，考前温习一遍习题，满绩不困难
80322,2615,金敏,2018-06-25 06:29:52,3,5,2,上课ing，来评论。现在的感受是，哪怕你出神一会儿，再回到课堂上，讲的还是那点东西。废话有点多。但是或许这才是浸润，仔细体会会有所收获。不建议听得太认真，会很累。可以边听边做点自己的事，关键的地方能理解就好了。and考试，一个字，玄。大概是理科生，初学文科也不知道该怎么复习
87789,2615,金敏,2018-10-13 11:37:05,1,1,0,信息论基础，希望老师上课再有激情些，目前大概就是在念ppt，ppt就是教材…全靠自学
90731,2615,金敏,2018-11-25 12:43:35,2,2,0,上课基本不用去 反正周三早课我一节都没去过 考试都是书上的题 一学期没听过课 考得很简单 轻轻松松4.8
105010,2615,金敏,2019-04-22 02:31:58,7,8,1,记得大物实验他的选满
106563,2615,金敏,2019-04-28 06:41:42,5,7,2,大物实验一定要把金敏老师的全选上！！！想要满绩就选金老师！！！（吼吼吼）我选了几个他的实验.全是98+
107503,2615,金敏,2019-05-06 03:06:07,0,1,1,大物实验给分很好，很容易拿100
108404,2615,金敏,2019-05-23 04:34:35,0,1,1,大物实验给分很好！！
108417,2615,金敏,2019-05-23 10:43:16,0,0,0,给分好！
108636,2615,金敏,2019-05-30 06:38:23,4,4,0,谢谢老师回答我关于不确定度的弱智问题?
118225,2615,金敏,2019-10-23 08:07:04,0,0,0,信息论基础，建议换教材…
118636,2615,金敏,2019-10-30 01:49:05,1,1,0,给老师打了好分，希望老师能给我一个令我惊喜的好成绩！
134667,2615,金敏,2021-04-08 03:49:27,0,1,1,就一般般吧，没评论那么好
135386,2615,金敏,2021-05-09 08:54:14,0,1,1,选的大物实验\n\n老师真的很好，给分也很好，每次实验报告都还会指出哪里有错误，上课讲解也很详细！很认真的老师！
140931,2615,金敏,2021-09-18 02:40:16,0,0,0,老师人很善良，给分好。\n\n但是信息论讲的真的没有那么清楚。
141679,2615,金敏,2021-10-19 15:55:34,0,0,0,老师人很好
141928,2615,金敏,2021-11-01 06:08:30,0,0,0,老师人很好
142871,2615,金敏,2021-11-17 04:16:04,0,0,0,平时一点没学，全靠考前突击。老师考试前最后一节课会讲作业题，一定要去听。这次考试还考了卷积码，因为作业题没有相关题目，所以现场看的，但是还是很简单，根本不用慌。后面没有作业题的两章各考了一个填空，一开始没翻到。所以前面没有就去后面找找。
8931,2626,王宗利,2015-10-02 01:57:47,12,45,33,给分差，极差！这就够了
9224,2626,王宗利,2015-10-18 06:31:48,-26,25,51,给分好\n\n
11665,2626,王宗利,2015-12-09 15:11:00,7,34,27,怎么没有0分啊。。。\n\n
11771,2626,王宗利,2015-12-15 02:11:28,23,63,40,作为和示波器打交道的老师不会使用示波器，还动不动扬言给学生不及格，在浙大见过的最差老师。
11897,2626,王宗利,2015-12-20 23:47:18,2,32,30,淫威极大，本事极小
12437,2626,王宗利,2015-12-23 09:20:05,3,34,31,态度特别拽，经常扬言给不及格
12864,2626,王宗利,2015-12-24 07:01:26,0,27,27,我是知道什么是“小人得志”了。
13593,2626,王宗利,2015-12-30 00:25:28,0,26,26,讲了半天，根本抓不住重点，就知道恐吓学生。
13630,2626,王宗利,2015-12-30 06:57:17,1,24,23,为什么没有0分的选项？
13998,2626,王宗利,2016-01-03 12:38:28,-3,19,22,6得不要不要的，，，简直我见过的最奇葩老师了。高中老师都不带这么蛮干的
14393,2626,王宗利,2016-01-07 00:40:01,1,24,23,这种素质的人都能当老师?为浙大悲哀！
14401,2626,王宗利,2016-01-07 01:49:21,0,18,18,恐吓学生给零分？枪战片看多了吧
14526,2626,王宗利,2016-01-07 12:01:17,-1,21,22,问问题就只会看不起人 这种人都能为师了 可怕可怕可怕
14765,2626,王宗利,2016-01-09 00:59:00,6,35,29,王宗利这个东西和青岛大虾，是山东人民在我心目中淳朴、厚道、善良的形象崩塌的两大原因。
15078,2626,王宗利,2016-01-12 02:20:46,-21,19,40,给分太好啦
15570,2626,王宗利,2016-01-15 11:35:05,-4,13,17,极差！讲不明白，还莫名其妙扣分。
16209,2626,王宗利,2016-01-17 13:25:42,0,24,24,我很喜欢看你演的小品和乡村爱情你演的刘能！赵本山大徒弟！你光头的憨厚形象和那年春晚演的那个猥琐老头深深地印在了我的脑海！
22895,2626,王宗利,2016-03-14 10:27:19,-3,10,13,0分在哪里，确实只能给1分了
25613,2626,王宗利,2016-05-28 12:52:14,-2,11,13,给分很不好，态度非常屌
26612,2626,王宗利,2016-06-20 11:04:02,-3,12,15,没有零分真是对不起他了
26668,2626,王宗利,2016-06-21 01:00:39,-1,12,13,埋头做实验，不问他什么问题就没什么事
33127,2626,王宗利,2016-09-13 10:29:42,-4,11,15,这老师，醉了，态度真差！
33399,2626,王宗利,2016-09-19 05:54:22,-9,8,17,高票正解
34621,2626,王宗利,2016-10-15 14:10:39,-7,8,15,给分差!!!什么鬼的老师老师!!!为什么不能给零分!!!
34633,2626,王宗利,2016-10-17 04:31:05,-7,8,15,辣鸡，态度傲慢恶劣，动不动就是“你还能及格？”问问题先要嘲讽你一顿 醉了
34643,2626,王宗利,2016-10-28 13:29:09,-13,8,21,给分差讲课差态度差故意恐吓人坑人……我浙怎么有这种老师？辣鸡辣鸡！
34646,2626,王宗利,2016-10-17 08:07:28,-12,8,20,可以，这很王宗利
34775,2626,王宗利,2016-10-21 09:34:16,-9,8,17,辣鸡，sb，讲不清楚，就知道瞎说，还不告诉数据处理。
34781,2626,王宗利,2016-10-22 05:15:15,-7,10,17,有本事别带必做实验！我以人格担保绝对没有人选王宗利的课！
34826,2626,王宗利,2016-10-24 07:11:43,-6,15,21,王宗利最喜欢学生掉坑里然后给低分，上课故意避开坑，要是我们知道哪些地方是坑还上个屁课啊。上课讲不清楚没听懂问他问题，态度死差，浙大哪天能把这种垃圾老师开掉，哪天才能上世界一流吧。能别选他千万别选他，千万别不信，不然会很惨。
34830,2626,王宗利,2016-10-24 10:44:25,-7,9,16,超级超级坑！\n\n
35029,2626,王宗利,2016-10-31 01:41:17,-6,13,19,非常无语的一个老师，他的示波器是必做实验，态度超级差，我反正操作不明白也不敢问他，故意讲数据可能读错，又不告诉正确的应该怎么读。给分也超级差，我浙怎么会有这种老师，真是长见识。
35225,2626,王宗利,2016-11-07 01:53:59,-13,8,21,出分速度奇慢，好像很屌的样子，可惜示波器没听清他讲的什么玩意儿。给分就甭提了。悲哀的是我选了两门他的实验，庆幸组装整流器是另外一个老师代的，比他耐心，比他细致，比他和善。
38242,2626,王宗利,2016-11-28 03:36:33,-14,11,25,王宗利这个人，允许我这里不想称呼他为老师，勉强视之为同类。实验报告认真写，数据处理心得都达到要求，于是得了一个80分，我去你妈的螺旋爆炸冬瓜皮，后忆及其课堂上的趾高气昂，更是气不打一处来，我浙有此奇葩登一流大学之门遥遥无期。
38502,2626,王宗利,2016-12-07 07:22:41,-7,8,15,闷声大发财，什么问题也不问他，这是坠吼的
38825,2626,王宗利,2016-12-19 09:51:34,-15,4,19,自命清高 啥都不会 给分打折\n\n
38843,2626,王宗利,2016-12-19 13:53:00,-17,2,19,。。。
39018,2626,王宗利,2016-12-20 14:15:55,-20,2,22,无奈啊
39515,2626,王宗利,2016-12-23 12:23:04,-20,1,21,操操操\n\n
39560,2626,王宗利,2016-12-25 05:54:40,-26,13,39,看在我示波器九十的份上给他一分好了 （滑稽
39829,2626,王宗利,2016-12-28 02:29:37,-20,2,22,虽然没上过大物但是觉得他很坑
47167,2626,王宗利,2017-01-24 08:07:01,-22,4,26,我是来拉低评分的
51440,2626,王宗利,2017-06-05 12:28:41,-18,3,21,不要选
59553,2626,王宗利,2017-09-22 15:29:37,1,12,11,要求严格
60441,2626,王宗利,2017-10-20 02:43:36,22,26,4,现在开始教大物了，态度好了不少。虽然教学依然是研究型思路，讲的总体性概念不强，但是单个题讲的很好。
60448,2626,王宗利,2017-10-20 06:19:44,-19,4,23,不知道怎么给的
60454,2626,王宗利,2017-10-20 15:49:57,-24,3,27,绩杀型
60653,2626,王宗利,2017-10-26 04:08:22,-3,10,13,换人了吗？
60963,2626,王宗利,2017-12-08 23:12:49,26,32,6,示波器实验课讲述的非常清楚，只是实验内容和要求有些多，需要认真听讲才可以，课程要求有些严格也算正常
61323,2626,王宗利,2017-11-14 12:41:39,37,46,9,老师给分很客观，并没有像上面评价的那样，我的示波器95分也的确是在用心写，所以说老师给分不好的应该衡量一下自己的报告质量
62538,2626,王宗利,2017-11-26 01:37:37,36,38,2,老师人挺好的啊，讲的也挺清楚，只是会凶一些她讲课时玩手机的人罢了。不听课做实验时又去问老师的被骂得更惨。我觉得那些人就是作。
63116,2626,王宗利,2018-03-08 23:58:08,35,41,6,楼上那几位有好好看新老师的签名吗？写的是“王宗利”三个字吗？换成一位陈姓女老师了啊，不知道你们在这里对着以前的评论秀优越有什么意义，还真的好意思说别人作，我觉得你们应该去大夫那里看看眼睛了。
63139,2626,王宗利,2017-11-28 15:28:46,46,53,7,我学的是大物，感觉老师没那么差啊，虽然我不听课，班上好多同学不交作业，不交作业的老师会挨个提醒，这样都能挂的同学能怪老师吗？可能老师教学水平不是非常高，但足够你学了吧，如果平时作业都不交靠考前两天复习还想过？
63336,2626,王宗利,2018-01-12 02:00:36,45,52,7,大物很负责任教得也不错呀
63739,2626,王宗利,2017-12-14 00:43:47,-24,5,29,差就一个字，我不想多说
64542,2626,王宗利,2017-12-25 05:17:52,31,35,4,实验报告好好写，示波器给分也能到98。虽然老师脾气是有点火爆：）但我想评分也没这么低吧。
64671,2626,王宗利,2017-12-26 07:18:20,37,44,7,老师人真的不错，可能就是脾气暴躁了一点。别听别人瞎逼逼，10分顶上！！
64713,2626,王宗利,2017-12-27 00:46:07,41,43,2,两个实验都90+，其实平时用过示波器还是挺容易得高分的
64721,2626,王宗利,2017-12-27 02:35:39,33,35,2,目前见到出分最快的老师，周日实验周一交报告周三早上出成绩。早一轮的实验报告还没出分呢！给分不清楚，亲测上限大于等于97。讲的有点快，但我觉得清楚的。
64795,2626,王宗利,2017-12-27 06:57:22,47,52,5,上课不点名，感觉大物不错啊，对学生很负责的。
65447,2626,王宗利,2018-01-04 03:50:24,54,61,7,老师很好啊啊啊啊，迟到了还给我重讲了一遍感动
65979,2626,王宗利,2018-01-10 14:44:03,32,34,2,示波器讲的很明白，应该可以留下深刻印象，打分也很好。觉得老师还是很好的！
66105,2626,王宗利,2018-01-11 23:56:33,27,29,2,感觉后来打分变好了，大概和其他老师差不多。不过有效数字计算他不会说，就靠这个区分打分。其他的也没毛病，实验时看到你做错了还会帮忙调。
67598,2626,王宗利,2018-01-21 16:01:18,30,32,2,我觉得可以啊。。。大物实验示波器他会把有效数字之类的要求说清楚，实验报告按要求去写就好啦。确实是挺客观的老师，至少告诉我们实验报告应该怎么写了。
67890,2626,王宗利,2018-01-22 09:03:46,31,32,1,我觉得老师还可以啊！感觉对他印象有点先入为主了！但是听过以后才觉得这老师还不错。\n\n
70017,2626,王宗利,2018-01-26 03:24:12,-30,4,34,sb玩意
71450,2626,王宗利,2018-01-28 12:58:31,23,24,1,老师很好啊！
73848,2626,王宗利,2018-02-03 08:53:12,31,31,0,老师上课很认真，人也挺好的啊，不知道为什么一直评分不高
77181,2626,王宗利,2018-05-03 11:18:45,27,27,0,个人感觉老师不错。
79676,2626,王宗利,2018-06-12 14:51:46,26,26,0,老师大物上课很负责，讲的也清楚，就大物而言评分不该这么低的。
79711,2626,王宗利,2018-06-13 03:08:57,24,24,0,大物不算差吧
79862,2626,王宗利,2018-06-24 14:00:37,23,25,2,看下面的评论，好像都是15、16年教实验课的差评使得评分很低。现在教大物了，教的确实不错，认真负责，也很体谅学生?
79927,2626,王宗利,2018-06-15 09:54:13,22,23,1,现在教大物了，感觉完全不像评论的那样差，平均分应该有的，说差的都是说老师的大物实验吧，不过话说大物实验那水课，要求严点儿的老师必定评分低，聪明的老师大家都水水过好了。
80186,2626,王宗利,2018-06-21 07:31:17,22,22,0,上大物是真的认真，看最后给分好不好吧
80218,2626,王宗利,2018-06-22 01:24:17,20,20,0,上大物真的很用心，感觉关于老师的评分不太客观啊！
80274,2626,王宗利,2018-06-24 04:04:34,18,18,0,认真负责，课讲的怎么样不同人口味不一样，不做评价，大物主要还得自己努力。
80582,2626,王宗利,2018-06-28 05:14:47,21,22,1,好老师，大雾上得很好很专业
80595,2626,王宗利,2018-06-28 07:06:11,27,27,0,老师的大雾很友善呀? 刚上时看查老师评价还觉得很恐怖，但是老师很温柔，挺负责的～～下学期选老师大雾的人好像挺少，有点心疼。（在教室外吃外卖老师碰上在教室外桌上睡觉的老师，醒来还和我打招呼，真的有点可爱了）
80605,2626,王宗利,2018-06-28 08:34:16,20,20,0,王老师的大物课其实上的挺不错的，最后几节课还很细致地给我们复习，就算你之前没学最后收获也会不小。真的是个很和蔼很耐心的老师（可能是真的有改变吧），课后给他发邮件问问题如果太复杂会专门打电话来回答，真的超棒的！虽然有时候上课会一顿一顿的哈哈哈哈哈哈。平时分也都给的不差，你自己本分的事做到了一定不会是低分。之前给评分评价不好的人应该都是上的大物实验吧，现在他改教大物真的是一个很好的老师了。推荐！
80607,2626,王宗利,2018-06-28 08:37:03,20,20,0,老师真的很用心，很负责，很温和
83285,2626,王宗利,2018-07-14 10:37:50,18,20,2,大物讲课和给分都不错\n\n估计这学期之后评分会拉到到5以上
83343,2626,王宗利,2018-07-10 07:10:22,16,16,0,赞一个！
84644,2626,王宗利,2018-07-13 12:20:42,17,18,1,我jio得大物讲得还可以。老师人也挺好的。
84971,2626,王宗利,2018-07-14 16:39:36,14,14,0,非常敬业的大物老师，讲的也很好啊！
85289,2626,王宗利,2018-07-16 23:01:10,12,13,1,大物实验挺认真负责啊。。会手把手帮忙调波形。。。
85734,2626,王宗利,2018-07-31 05:27:50,7,9,2,大物讲得很好啊，人也不错，根本不像一些评论中那样差的。
86844,2626,王宗利,2018-09-19 04:46:40,10,10,0,感觉老师挺好的啊，这评分也太低了吧。
86917,2626,王宗利,2018-09-19 11:21:49,10,10,0,很好的大物老师啊，希望评分能越来越高！
87721,2626,王宗利,2018-10-11 00:57:31,7,7,0,示波器实验条乱了，老师会仔细给调好，非常负责任啊！
88227,2626,王宗利,2018-10-24 11:45:46,10,11,1,大物和实验都上过，讲课还不错，给分都很好，不明白之前评分低是为什么
88927,2626,王宗利,2018-11-12 11:06:58,9,10,1,给分好到懵了？？？\n\n我看他框里一堆95+的，谁说他给分差的，早知道他三个实验都选了，亏大了。
90004,2626,王宗利,2018-11-21 14:06:41,7,7,0,大雾上的还阔以
91112,2626,王宗利,2018-11-30 07:21:16,5,5,0,大物讲的专业，认真负责的老师
91874,2626,王宗利,2018-12-24 02:47:32,5,5,0,实验给分高，请假补做都好商量，很友好的老师啊！
94127,2626,王宗利,2019-01-15 08:32:11,2,5,3,建议老师讲课慢点，示波器讲的速度太快，基本上全教室都懵逼。还有，老师给分好你就说好，这是浙大人的逻辑吗？
94225,2626,王宗利,2019-01-16 02:10:02,0,5,5,呵呵，示波器实验的脾气真是
94480,2626,王宗利,2019-01-17 00:27:29,7,7,0,示波器的每个小实验讲的很清楚啊，只是实验内容有些多还包括仪器使用的介绍，好像还要去讲解另一个实验。自己实验时会有些懵或调乱了仪器，但老师会再帮助调整好或讲解一下，应该算是不错的老师吧。对于那些不带实验预习报告或基本不听老师讲解的学生，更应该想想竺校长告诫浙大学子的两句话吧。
98770,2626,王宗利,2019-01-24 02:17:44,4,4,0,大霧真的好
98797,2626,王宗利,2019-01-24 02:47:57,2,4,2,这评分可真的是低到离谱了。。。。明明是很好的老师 大物实验应该很多人接近满分，大雾也超级认真负责，讲的也很清楚，四次小测可以翻书，最后给分也非常非常好
99399,2626,王宗利,2019-01-24 16:20:02,-6,1,7,大雾实验给分好，脾气确实不好
100286,2626,王宗利,2019-01-26 02:09:41,6,6,0,评分低到离谱了。这学期上了王宗利老师的大物，王老师非常非常负责任，讲解的很详细很耐心，也为学生考虑，你有不懂的多去问问。大物一差点挂了，本来还有点担心大物二，不过最终上4了。王老师平时四次小测作为平时分的打分依据（大物组要求平时分正态分布，真恶心），不过小测题基本上是历年卷的。大物想要拿高绩点，期末一定要考好啊！！！
100361,2626,王宗利,2019-01-26 03:46:22,5,5,0,大物一的时候预置了老师的课，看了看查老师，吓得ssfd，大物二的时候退了预置又选了老师的课。老师人真的很好，也很负责。平时小测知道我们没时间背公式还允许我们看书。虽然自己最后分数不高但确实是因为自己物理太差了。
103093,2626,王宗利,2019-02-26 02:48:23,3,3,0,我觉得老师挺可爱的
104381,2626,王宗利,2019-03-19 06:29:21,4,4,0,老师很和蔼
104576,2626,王宗利,2019-03-24 05:06:11,3,3,0,大物讲的还可以，也很热心啊!
105047,2626,王宗利,2019-04-03 02:08:50,8,9,1,太感动了，老师人耐心又好，让我燃起了大物实验的希望
105518,2626,王宗利,2019-04-16 02:52:59,-1,2,3,板书写得很糟糕
105532,2626,王宗利,2019-04-16 06:45:46,8,9,1,大物实验真的是好老师ʅ(｡Ő౪Ő｡)ʃ，搞不懂为什么分这么低，人讲的好有耐心，给分也很好，长得也帅，男神啊（虽然我是男的）
105816,2626,王宗利,2019-04-21 07:51:34,4,4,0,大物板书字不是很清楚，建议想认真听的同学往前走，但是PPT还是很ok的，限于大物乙的难度，虽然听课很划水，但还算可以跟上进度的。
109981,2626,王宗利,2019-06-21 02:32:34,4,4,0,很负责任啊！
110382,2626,王宗利,2019-07-05 03:27:35,12,12,0,期末自以为考的很好结果成绩低，找老师查分，老师二话不说查了，还告诉我哪哪错了，祝我假期快乐。感动.jpg   老师真的很认真负责，大家莫被评分骗了
110396,2626,王宗利,2019-06-26 10:12:26,3,3,0,老师很负责！超级可爱
112018,2626,王宗利,2019-07-03 07:35:18,5,6,1,老师真的太善良了微信上问他问题都会很认真的回复甚至语音给你讲解 大物最后全靠老师捞了一把 感谢老师!
112040,2626,王宗利,2019-07-03 09:10:50,4,4,0,老师萌萌哒呀
112050,2626,王宗利,2019-07-03 09:48:21,6,6,0,老师超赞的，当初开学时候看到评分大家都不太敢选，然而我是预置就没有改，结果没想到竟然发现了隐藏在低评分下的高评老师。上课有ppt，讲的很明白，人好温柔，下课还会超耐心地解决同学的问题。也许唯一的不足就是板书字有点小吧，不过不要紧，上课往前坐坐就好啦！
112070,2626,王宗利,2019-07-03 11:32:53,5,5,0,虽然老师完全不按书本来，甚至符号体系都不一样，不过大雾这种课本来就是该靠自己的吧，老师不给绩杀，平时分也给的不错，这已经够打满分了吧，不知道打低分的人什么心态。
112255,2626,王宗利,2019-07-04 00:21:23,7,7,0,老师很认真，平时群里解答问题也很及时，和蔼可亲，给分也好，最后给分也超级好，没有绩杀，超赞！
112428,2626,王宗利,2019-07-04 06:32:57,7,7,0,说实话，老师上课讲的题可能有点难，但每次都能把我们讲明白。绩点肯定没有这么低。
113770,2626,王宗利,2019-07-07 11:44:26,4,5,1,老师有点可爱呢！
116889,2626,王宗利,2019-09-17 03:56:30,3,3,0,老师很好，很负责，常常板书一黑板，喜欢老师。
116911,2626,王宗利,2019-09-17 07:02:03,-3,2,5,。出现问题解决态度不行。。。
118911,2626,王宗利,2019-11-07 14:11:08,2,2,0,老师挺好的！也很体贴学生（就是板书字太小了
119189,2626,王宗利,2019-11-11 05:49:25,2,2,0,挺好的老师。不过期中考试什么时候出分呀，室友老师当天就出分了，效率贼高。
119285,2626,王宗利,2019-11-12 02:37:18,5,5,0,王老师非常非常耐心！真的太耐心啦！每次有问题都非常非常温柔的一点点解答！我吹爆！！！
119366,2626,王宗利,2019-11-12 10:06:50,5,5,0,小测允许翻书也是没谁了嘻嘻嘻。虽然题目多但是还可以作为复习资料呢！期中考押题就在小测里押中了哈哈哈。
120813,2626,王宗利,2020-01-17 11:33:22,2,4,2,吹爆陈老师\n\n把我从挂科捞到3.9\n\n感恩
123096,2626,王宗利,2020-05-09 07:34:00,5,5,0,感觉老师有点惨，自从明确了课堂练习不算做成绩计算之后，似乎少有人再回答老师的问题了，孤独ing~（老师dbq我只是不会
123904,2626,王宗利,2020-06-16 06:14:42,7,7,0,老师从不拖堂，时间控制的很好哇～人超级耐心负责公平公正，总的来说还是难得的好老师！
123906,2626,王宗利,2020-06-16 06:34:53,5,6,1,我是大物丙，觉得老师很好，会捞平时分，能进0.3的绩点就会帮你进
123907,2626,王宗利,2020-06-16 06:43:36,9,10,1,"""平时成绩一般只会比现在看到的更高一点，大家不要太担心。""  \n\n""只要大家努力了，我会尽量给大家一个比预期更好一点的绩点，按最高的优秀比例给大家！"" \n\n""如果有同学没有怎么学好，只要期末考试考过50分，我也会尽量让大家过的，不会让大家挂科。"" \n\n\n\n如上，虽然还没考试，但老师人真的好好！！！最后一节课开了视频会议给我们解答学业生活问题，还说如果有必要会额外开习题课给大家讲题目。5555王老师在我这里是100分是100分！！！还"
123911,2626,王宗利,2020-06-16 07:25:00,3,3,0,老师很负责，赞赞
123949,2626,王宗利,2020-06-17 14:07:57,4,5,1,看到好多课友来夸王老师我就舒服了哈哈哈
125198,2626,王宗利,2020-09-03 12:09:55,4,4,0,上课讲的都考了，小测题也考了，老师人很好很耐心，公平公正善解人意，看得出老师真的在努力给我调分了，谢谢老师！！！
125301,2626,王宗利,2020-09-06 02:58:05,3,3,0,真的很棒的一位老师
125373,2626,王宗利,2020-09-08 01:05:22,5,6,1,好老师哇！大物复习阶段刷题有不会的问他，会语音电话给我们解答，然后人也很随和对同学们很友善！满分老师！给分也很不错，满绩了
125388,2626,王宗利,2020-09-08 04:05:10,3,3,0,老师人很好！
125749,2626,王宗利,2020-09-14 02:49:53,8,8,0,口音可爱\n\n
127108,2626,王宗利,2020-11-08 16:25:18,5,5,0,老师很好，很负责，真的很敬重他，好老师！！
129691,2626,王宗利,2021-01-11 02:52:37,-1,6,7,上课没有重点，难度把握不到位，我们是乙啊！！不是甲，不是普物
131295,2626,王宗利,2021-01-27 03:42:25,10,11,1,典型的低分下的好老师，强推！
131327,2626,王宗利,2021-01-27 05:43:56,11,11,0,老师特别细心！真是被低分耽误了。我考试前有不懂的题，在钉钉上问了一下，老师直接就给我打电话讲题。超级暖啊！！！
131816,2626,王宗利,2021-01-29 04:13:15,7,8,1,讲课一般，但老师人很好答疑很认真，给分也不错
134382,2626,王宗利,2021-03-25 13:06:59,5,8,3,双棱镜干涉实验得分77（裂开，实验本身就很难，给分还低（哭辽
134703,2626,王宗利,2021-04-11 07:10:41,0,2,2,光速测量，真的有很认真的在做实验，而且因为做过示波器还能帮别人调试，结果给分很低。。。枯辽，虽然感觉也不能怪老师，毕竟给分只看一纸实验报告吧hhh
136605,2626,王宗利,2021-06-22 01:31:18,3,3,0,超负责！
137404,2626,王宗利,2021-07-04 02:44:07,6,6,0,大物丙：老师很负责，不懂的知识会一遍遍讲，每单元的知识点划分也很清晰，会有拓展，考试和作业的规定和安排都会有很详细的划分和说明，总之是一门强迫症极度舒适的课！大爱老师！
138406,2626,王宗利,2021-07-09 03:16:30,-12,3,15,严格正态\n\n想被捞的同学不要抱有一点点期待\n\n讲课无聊\n\n避雷吧
138423,2626,王宗利,2021-07-09 05:47:51,10,10,0,老师不点名，来上课的人很少但是老师上的还是很认真，问问题也会认真回答，平时分正态是课程组的要求，应该不能怪老师吧。呜呜我感觉老师好好！
138679,2626,王宗利,2021-07-10 10:05:23,15,17,2,绝对不点名\n\n严格正态是大物课程组的统一规定，完全不能怪老师，平时好好学平时分还是能拿很高的
141677,2626,王宗利,2021-10-19 14:38:41,-19,2,21,一副很嚣张的样子，烦
142292,2626,王宗利,2021-11-10 02:17:07,-17,4,21,话都说不清楚，磕磕巴巴讲啥呢
143308,2626,王宗利,2021-11-23 07:27:43,-16,1,17,csb
145117,2626,王宗利,2021-12-27 13:08:36,-12,0,12,大物实验纯cjb
146005,2626,王宗利,2022-01-05 03:38:02,-12,1,13,平时分给分机制不太行，不知道是不是大物下改了
146755,2626,王宗利,2022-01-07 10:58:11,8,9,1,考试人真的很好，大物丙讲题特别耐心\n\n大物和实验给分都很不错
147564,2626,王宗利,2022-01-10 08:30:32,13,14,1,我爹！
147567,2626,王宗利,2022-01-10 08:38:05,13,15,2,好！平时分给满了！
147576,2626,王宗利,2022-01-10 08:48:19,5,6,1,王老师很细心，赞了
147675,2626,王宗利,2022-01-10 12:06:05,22,24,2,他给了我96，而我只能给他10分
149284,2626,王宗利,2022-01-15 03:42:18,8,8,0,王老师非常非常温柔耐心，期末钉钉上问他问题基本都会秒答，但确实平时分不捞，大家记得及时做作业
149345,2626,王宗利,2022-01-15 06:42:19,7,8,1,大物乙\n\n老师人真的好好，平时也不点名，讲课很认真，问问题几乎秒回，很耐心\n\n小测题目很多，介意的人慎选。但没做完也没关系，反正是按排名给分的
152396,2626,王宗利,2022-04-08 00:10:54,-5,5,10,真的垃圾这老师 大物只会读ppt 从来不在群里提醒什么时候考试交作业
153921,2626,王宗利,2022-05-17 02:16:41,4,5,1,老师讲课水平可能真的一般般，主要是念ppt，有的时候也念不顺，但是还是感受到老师是想讲好的，也很真诚。
154010,2626,王宗利,2022-05-19 03:54:21,1,2,1,小测好烦
154127,2626,王宗利,2022-05-24 06:19:19,5,5,0,人很好，非常细致，很认真。\n\n但是和其他大物乙与大物甲的朋友对了一下发现，他在用大物乙的课时数讲大物甲的内容
155518,2626,王宗利,2022-06-14 02:11:09,3,3,0,大物丙，wzl讲的还是挺好的，不过上课讲的比较难，看智云感觉讲的真好啊（bushi），钉钉发问题会给你回语音回答，好有耐心！！但是小测比较难而且题目很多hhh。还是挺推荐的吧，虽然还没考试，但是他真的挺好的！
155991,2626,王宗利,2022-06-17 04:27:24,5,5,0,老师上课很棒，给分也很好，老师回消息很快，很棒
156756,2626,王宗利,2022-06-21 02:04:54,8,8,0,给分很棒！
156757,2626,王宗利,2022-06-21 02:05:37,8,9,1,爹！！！！！
156820,2626,王宗利,2022-06-21 04:36:04,6,6,0,老师上课讲的很清楚，回答问题也很耐心温柔，平时不点名，很好的老师，快选他
156862,2626,王宗利,2022-06-21 07:47:43,3,3,0,不点名，上课可听可水到课后再补，ppt都会更新的！小测赋分，题多也没关系，难度就比期中期末高一点，也有书本原题的！给分超好，老师会在自己能调分的范围内捞的，严格正态是整个大物组的要求，不是老师可以改变的。助教也很耐心～选他选他选他！
156904,2626,王宗利,2022-06-21 10:14:57,3,4,1,给分很好，人生第一个5.0，而且老师几乎不点名，就算教室人明显很少
156928,2626,王宗利,2022-06-21 10:51:41,5,5,0,大雾没有给分好不好一说，都是求是给分。大雾的难度也比较低，高中有学物理的，自己看看书上4没有压力。所以我认为评价一个大雾老师好不好主要看他人是否随和。在这点上老师可以得满分！
158806,2626,王宗利,2022-07-02 11:23:30,-1,2,3,好老师 海底捞
158818,2626,王宗利,2022-07-02 12:24:42,2,5,3,老师过于讲究程序正义，对学生不是很耐心，而且有时候挺凶的
171920,2626,王宗利,2023-04-12 13:31:48,0,1,1,2023年，老师很好
173125,2626,王宗利,2023-05-14 03:29:41,-3,1,4,没耐心，差评
173470,2626,王宗利,2023-05-25 14:18:52,0,0,0,哈哈哈
174057,2626,王宗利,2023-06-06 03:26:23,12,13,1,就每节课提前下课5-10min我就给10分
176479,2626,王宗利,2023-06-29 05:20:47,-6,1,7,王老师捞捞小达人，夸夸
176481,2626,王宗利,2023-06-29 05:25:28,7,9,2,时代变了，分低得爆炸，受不了一点，甚至不如一夜绝杀。
176596,2626,王宗利,2023-06-29 11:12:50,-1,0,1,为学生着想，也能清晰地说明要求。很好的一位老师！
176608,2626,王宗利,2023-06-29 12:20:33,1,1,0,大物乙：\n\n上课体验：老师讲课还是比较清晰的。ppt挺好，对照复习即可\n\n点名情况：不点名，只有一次是在上课途中做一道选择题，把答案发在群里，当一次点名\n\n考核情况：有四次小测，一次5分（赋分），每次大约12小计算题。每次作业占平时分的1.1分，感觉挺重要。
176704,2626,王宗利,2023-06-29 18:16:41,2,2,0,太死板
177340,2626,王宗利,2023-07-03 03:14:40,5,6,1,讲的挺好，但给分太低，作业共16.5（1.1*15真实分数）错半题就扣0.1，自己写一不小心就只有0.6，就算照答案刻也就只有0.9，1.0，总体要少3分多，基本比别的老师绩点少一档。
180405,2626,王宗利,2023-09-21 12:30:38,-6,0,6,王老师！呆呆的！很可爱！入股不亏！
191444,2626,王宗利,2024-04-22 12:48:04,6,6,0,实验报告要求多，给分低
191882,2626,王宗利,2024-05-03 10:52:03,10,11,1,难道没人觉得上课讲的很烂吗……基本照念ppt，没有系统性，看不见备课痕迹，知识点完全穿不起来，全靠学生自习。。问了周围课友，基本没人听他讲，都表示不如自习……讲真的，这么多好评真的很出乎意料。。。。。。。。。。
192602,2626,王宗利,2024-05-24 13:29:57,8,8,0,要求多给分低
192717,2626,王宗利,2024-05-29 07:42:48,4,4,0,大物实验给分很烂，至少比其他老师给的分换成绩点低两个档。数据处理要求很多。跑！！！
193428,2626,王宗利,2024-06-10 13:19:52,0,2,2,客观来讲王老师讲课很清晰，思路也很好，但是因为大物的性质，所以肯定容易催眠。另外很赞的一点是王老师给的要求都很清楚，他是大物实验为数不多给讲义的老师。而且王老师小测允许翻书看公式，人非常nice
194766,2626,王宗利,2024-06-25 10:11:55,7,7,0,大物丙点名多给分求是，前几年排在前面的评论怕是信不来了，小测考好了赋分平时成绩总分还赋分，赋分就赋分吧，总分四十的平时成绩最高最低还相差十几二十分。这是一定要这样正态吗😇。
194767,2626,王宗利,2024-06-25 10:21:14,5,7,2,哈哈，教得不知道好不好，反正我是一个字听不进去，整个学期全靠自己翻书自学。小测是突然通知的，给分是像屎一样的，所有想选他的课的人，good luck to you。别的班平时分扣一两分，这哥基本人均扣八九分，哈哈，全靠我期中期末拉回来
194785,2626,王宗利,2024-06-25 11:43:49,3,4,1,给分太求是了吧。。。
194820,2626,王宗利,2024-06-25 13:57:08,9,9,0,对班内人来说正态一下显得你好像有多公平似的，和别的班老师一比平时分直接多扣十分，绩点掉三个档，我请问这公平吗？
195073,2626,王宗利,2024-06-26 16:55:24,0,0,0,分光器实验态度好差
195674,2626,王宗利,2024-06-29 12:09:23,3,3,0,给分很低很低。。。太求是了，平时分跟别的班差太多了。。。。
196101,2626,王宗利,2024-07-01 15:36:00,-6,1,7,王老师讲的挺清楚的。另外关于平时分正太的问题，其实其他班也是这样正太的，不在于哪个老师，更多的是幸存者偏差，并且王老师人也挺好的
198086,2626,王宗利,2024-08-30 02:28:57,4,4,0,雷达点名 分数给得太求事了 平时分扣了好多 其他班级只扣2～3分 这老师给你扣了8～9分 上课也是经常照着念 建议选其他跟好的老师
199842,2626,王宗利,2024-10-03 10:42:43,1,1,0,大物实验分光计给分差
202291,2626,王宗利,2024-11-11 09:25:31,-2,1,3,讲得一坨，对新手完全不友好，一个学期都没听懂，助教不回消息。重点是作业很多，小测特别难，题特别多根本写不完！！！！！！
217455,2626,王宗利,2025-04-10 14:20:10,8,8,0,小测一个小时做12道简答题诗人啊
218188,2626,王宗利,2025-04-22 03:06:13,4,4,0,fw。
218913,2626,王宗利,2025-05-13 04:37:58,6,8,2,我嘞个30分钟12道题啊
219645,2626,王宗利,2025-06-19 04:38:48,6,6,0,喜欢我平时分赋分 小测题量爆炸 监考还不抓作弊嘛
220689,2626,王宗利,2025-06-19 08:29:30,1,1,0,退退退，讲的一坨💩，全靠自学，小测题又多又难，作业忘交，给助教最后分也没登上，期末80最后绩点3.3，不想均绩降个0.2以上就选
5702,2663,王业伍,2015-07-09 07:40:55,12,30,18,好老师
7528,2663,王业伍,2015-09-15 02:16:12,0,6,6,好玩！
9797,2663,王业伍,2015-11-09 12:34:03,-8,2,10,讲得不错，声音略尖
12479,2663,王业伍,2015-12-23 11:16:58,-1,6,7,温文尔雅
16066,2663,王业伍,2016-01-17 06:23:40,0,5,5,老师挺有趣 也挺有耐心的 就是有时候可能会略快 但确实是好老师~
18396,2663,王业伍,2016-01-21 14:21:22,-4,3,7,老师上课挺赞的，虽然我绩点不高心塞\n\n
18944,2663,王业伍,2016-01-23 00:01:11,-1,5,6,上课很好，讲得很清楚，说话也清楚。
26048,2663,王业伍,2016-06-15 08:27:19,-1,4,5,讲的真心不错
26459,2663,王业伍,2016-06-18 14:40:12,-1,5,6,(´⊙ω⊙`)好老师o(^o^)o
34155,2663,王业伍,2016-09-28 00:32:12,-3,7,10,讲话快但没有什么内容，废话多，困
34486,2663,王业伍,2016-10-19 01:29:12,-6,7,13,上课什么都没学到，走马观花
35077,2663,王业伍,2016-12-26 02:27:49,-10,7,17,废话多，口齿不清。
40105,2663,王业伍,2017-01-17 22:58:11,0,3,3,改改改评论，给分好
41199,2663,王业伍,2017-01-10 03:16:23,5,7,2,个人觉得老师很好啊，讲的很好啊，很真诚，很详细，很周到，课堂氛围也不错，不懂那些差评的。
42217,2663,王业伍,2017-01-14 02:28:28,-1,5,6,超喜欢老师，特别帅，好可惜没有考满绩
42529,2663,王业伍,2017-01-14 12:23:31,0,3,3,讲真，自己考砸了，但是老师还是很好的
42542,2663,王业伍,2017-01-14 11:59:33,3,5,2,老师人不错，讲的也不错，能看的出来老师学术功底很扎实，不像有的老师。。。但是吧，我觉得我大物下考砸了，而且大物下没怎么学好，学的也比较累。
43152,2663,王业伍,2017-01-16 01:09:44,0,3,3,没有出分先来评价一个，老师很好～
44054,2663,王业伍,2017-01-17 08:55:46,9,10,1,三次点到全没去。谢老师不挂之恩
44073,2663,王业伍,2017-01-17 09:00:42,9,10,1,我第一次在浙大被温暖到了。那浓浓的师生情啊。感谢王老师让我过。我准备打个电话给老师，给他新年大吉！
44149,2663,王业伍,2017-01-17 10:50:21,1,2,1,老师很好！不过教授科研一般都很忙，教学方面投入的精力不能像大物教学中心的老师一样多，可能课下要自己多整理整理。关于介绍物理学家，我觉得了解了解科学发展的历史也挺好的，并不是有些人评价的废话。
44191,2663,王业伍,2017-01-17 11:47:12,0,3,3,老师讲的很好，比我上学期的老师能让我听进去，也超级有耐心。我期末看大家都说绩点很低，以为自己挂定了但是最后靠平时分拉上去了非常感谢老师。
44349,2663,王业伍,2017-01-17 15:53:12,0,2,2,不太习惯老师的语速，但老师人很好
44561,2663,王业伍,2017-01-18 03:06:00,0,0,0,挺好，虽然没听过
47271,2663,王业伍,2017-01-25 04:40:20,1,2,1,老师语速稍快，但是内容重点明确，不错的老师，可惜这学期没好好学
70588,2663,王业伍,2018-01-27 09:03:13,0,2,2,老师跟大家玩的特别好，小测错了好多老师最后平时分还是给满了。\n\n老师讲话语速很快有时候会跟不上，不过最后考的好不好还是靠自己
80085,2663,王业伍,2018-06-20 00:52:27,0,3,3,老师很儒雅
91725,2663,王业伍,2019-01-26 16:52:10,-16,6,22,都大二了你说换成东区上课就换成东区上课，一周就因为你天天迟到，东西区来回跑。动不动就出门，讲不完课照样留作业，全要自己学。你评分高你有理，行吧。希望给分有点良心。
95186,2663,王业伍,2019-01-19 04:18:32,0,3,3,如沐春风
100108,2663,王业伍,2019-01-25 15:10:04,2,3,1,老师超级好，认真耐心负责任，无敌好
118226,2663,王业伍,2019-10-23 08:30:25,0,1,1,为什么想要在考试周中间半期考试却不在求是潮上通知 买好了机票却因为一个突然安排在考试周中途的普物半期而退票 就不能安排在考试周前后的课堂上吗 不是很能够理解老师的安排
119881,2663,王业伍,2019-11-16 14:21:37,1,4,3,我合理怀疑老师之前并没有教过普物2⃣️…感觉出题风格和我上学期的普物不太一致，当然我上学期是万新班上的，总的来说那种循序渐进的大题做的比这种零碎小题舒服，当然萝卜白菜各有所爱吧2333
120116,2663,王业伍,2019-11-17 13:52:15,3,7,4,需要有强大的心理承受能力，因为他觉得一切都很简单，并且会在上课时无限强调这一点，但如果你是正常智力，没学过竞赛，你常常会听得一脸懵逼…（普物2
120179,2663,王业伍,2019-11-18 03:11:21,1,2,1,怀疑合理，据助教透露wyw在19年以前确实没有教过普物hhh
124114,2663,王业伍,2020-06-24 09:47:08,-1,1,2,师生情啊啊啊！普物2被狠狠的捞了，狠到亲妈都不认那种
128825,2663,王业伍,2020-12-25 15:28:06,-2,2,4,wyw很棒
132419,2663,王业伍,2021-02-01 12:05:57,-2,0,2,期末卷子难得一匹，但调分力度也真的大
132978,2663,王业伍,2021-02-05 16:50:36,0,2,2,期末卷子比较难，但是捞人捞得太nb了
133429,2663,王业伍,2021-02-28 10:03:31,3,4,1,浙江大学物理学系主任王业伍说：“演示实验室是一个以教学、交流、互动、演示为主题的综合实验教学场所，以及提升科学素质的科普基地。”\n\n\n\nhttps://mp.weixin.qq.com/s/WvMi-zAJ_eDQTEs3o6nThg
143198,2663,王业伍,2021-11-21 09:46:08,0,1,1,老师人很好
144276,2663,王业伍,2021-12-21 03:49:04,0,2,2,换了个讲中国话的老师，终于听得懂物理了
145659,2663,王业伍,2021-12-31 03:23:24,-1,1,2,王老师yyds!
145694,2663,王业伍,2021-12-31 08:26:00,-1,2,3,依然给老师打个满分。说实话这学期普物没有怎么听过课，作业基本混的，但是老师课前课间跟我聊过几次（当然是些随便扯扯的话），感觉老师还是挺平易近人的，人给我印象不错，但留的作业实在有点多。
145851,2663,王业伍,2022-01-03 09:36:12,9,11,2,老师人还是挺好的，但是ppt极度简略，而且上课的时候讲的也很快。考试的难度很大很大，我平时上课好好听，作业也好好写，结果期中考大题就会做一道。\n\n然后老师的助教不太给力，平时作业解析也没有，而且期中考试卷讲解连题目都没有显示，就录个视频干讲\n\n最后希望老师保我过吧
145934,2663,王业伍,2022-01-04 12:52:48,-1,1,2,挺好的，上课讲的挺仔细
146225,2663,王业伍,2022-01-06 02:14:15,9,10,1,刚考完普物，来打个十分祈祷一下老师不要挂我
146438,2663,王业伍,2022-01-06 14:54:36,-1,1,2,老师上课真的很好，可能是我太菜了
148431,2663,王业伍,2022-01-12 12:30:51,2,4,2,虽然看的是迈克尔逊干涉仪，最后考的是望远镜，但就看在这捞人力度上，完全不影响我给王老板打10分！
148496,2663,王业伍,2022-01-12 16:30:21,22,30,8,出分了，来评价一下吧\n\n客观来讲，王老师是个很负责、和善的老师，老师自身水平很高，讲课水准也绝对是一流的，能把挺难的东西讲的很清楚，能感觉到老师讲课十分用心，是想让我们这些外专业的同学学到「也许很快就会忘记的」知识的。老师课后还经常和同学们互动，耐心的解答问题，一点也没有架子。我对物理本来没有很大的兴趣，所掌握的知识不过是高中那些快要忘掉的皮毛，听了老师的课感觉物理是很有意思的学科，基本上每节课都认真听了。虽然普物也不过是物理学的概述，我所学到的麦克斯韦方程组、那些曾经不知道的极化和磁化的知识、那些光的衍射和偏振、那些入门级的量子物理…不过是这个世界的冰山一角，但对我这样非专业的人来说，印象已经很深刻了\n\n\n\n但是这次期末考试实在是让人有些不适\n\n试卷那一道电磁的20分即使高中都应该放到第一题的位置，给所有人送了20分，其实也就相当于没送分啊！然后那道望远镜竟然有18分，相信大多数同学们都莫名其妙吧！考察极化和磁化的两道题大竟然各只有8分；讲了那么久的衍射与偏振，一道没考……\n\n考后同学们都在说“普物这门课复习了完全没有用啊”“学不学都差不多嘛”要么大家都会，要么大家都不会，这样的考试，其实已经失去它本身的意义了。直白一点，题出的很没水平！\n\n不过，我并不后悔这学期选择老师的普物，即使最后拥有并不好看的绩点；更不会后悔将这些物理知识装进脑子，即使它们没有为我换来等量的分数。我一直把了解世界背后的真实面貌当做是我一个理科生应该做到的，即使我智商有限。我一直把探索万物运行的规律和追求世间的真理视为最为崇高的学问，即使我不能投入其中。物理是这样的一个学科。王老师传授的是这样的知识。\n\n我的物理学习生涯就要落下帷幕了，同样也感谢一路上的每一位老师
148736,2663,王业伍,2022-01-13 10:38:42,-7,0,7,老师挺好的！
148997,2663,王业伍,2022-01-14 06:15:04,-2,1,3,王老师身为系主任，上课上的还是非常有水平的，幽默风趣，ppt干货很多。被SK摧残过一次之后，觉得王老师的课是那么的亲切，可以说普物1我基本上啥也没学会，普物2还是学明白、搞清楚一些事情的。期中考期末考其实大家都不会，这可能是英文物理课程的原罪吧。。
150195,2663,王业伍,2022-01-20 06:41:14,-2,1,3,王老师太会捞了！
163542,2663,王业伍,2022-12-15 03:37:29,0,0,0,语速快
167473,2663,王业伍,2023-01-16 14:03:20,-3,0,3,还不错
168476,2663,王业伍,2023-02-28 09:33:24,4,7,3,在复习，复习得要死。别的不评价，只能说对于喜欢看PPT自学的人而言是噩梦，因为王的PPT真的有点凌乱、简略、看不出逻辑所在。\n\n\n\n-----------------------更新----------------------------\n\n\n\n被王老师海底捞了，跪谢orz
168502,2663,王业伍,2023-02-19 03:05:42,-1,0,1,给老师十分祈祷老师别挂我呜呜呜
180487,2663,王业伍,2023-09-22 02:51:26,-3,1,4,好老师，不局限于题目，讲的东西不止于教材
184096,2663,王业伍,2023-12-08 15:00:05,-4,1,5,普物II，活了19年到现在唯一让我听物理课的老师，无需多言
187847,2663,王业伍,2024-01-17 14:53:29,8,9,1,评分会给一个十分 但是老师PPT做的太烂了 根本学不了一点 我感觉初中生做的PPT都比老师有条理 根本重点不突出 上课还特别爱讲物理学史 可以理解老师对于物理的热诚 我也觉得很好 但是毕竟还要考试 重点不突出 考试也是完全意想不到 期末复习不复习都没区别 这样就不太好了
188931,2663,王业伍,2024-01-20 17:01:03,11,11,0,8/10\n\nppt真的很缺乏条理，出题天马行空，不太能和学生共情，尤其是非物理专业的，物理天赋和基础一般的学生。\n\n但我想这不完全是他的错，ckc安排非物理专业的学生来上他的课至少得有一半的责任。
188937,2663,王业伍,2024-01-20 17:07:55,10,14,4,不是，大伙都多少啊，这么抽象吗
188957,2663,王业伍,2024-01-20 23:51:00,17,18,1,1分送上 给分？？？？？？ 你自己期末多难自己心里没数？？ 上课BB说什么期末比期中简单 怎么着 你是觉得你那个sb期末有十分附加题大家都会做了？ 牛魔的两个小时做得完你那些大题吗？ 牛魔的又不是每个人都学过竞赛 平时PPT跟狗史一样也就都忍了 你牛魔的期末考难还不挑分我只能说你是纯纯恶心人 这下好了 4学分的大课 选您的和隔壁选虎哥的绩点至少差三档 一学期的努力被你毁了
188971,2663,王业伍,2024-01-21 02:34:38,15,16,1,首先我要说王老师为人是非常友善的，乐意和学生交流，也热爱教学。但我还是给老师打1分，对事不对人，这个期末考卷说好往简单了出，结果弄得比期中考还难。。。授课水平的话我真的不好评价，似乎蛮多人觉得老师讲的不错，但我从自身体验上看觉得老师讲的其实不是很清楚，很多推理感觉很有问题，也许是我这种物理天赋不高的人没有老师那种物理直觉吧。ppt的话就是一如既往没法让人看懂，不过多评价。还有一方面就是作业，这个作业和考试脱轨太多了，尤其是到了光学啊量子力学，作业题目常常一个式子就能解决，但是考试的话题目就比较复杂了。然后历年卷也是找不到的。所以对于想要更高绩点的同学来说，还是尽量快跑吧，能选上虎哥最好。
188972,2663,王业伍,2024-01-21 03:35:17,13,13,0,作业贼简单，考试贼难，不定期小测，给分还低，喜提历史最低绩点，慎选
189024,2663,王业伍,2024-01-21 09:28:54,11,11,0,非常抱歉地说：老师除了人很好外，几乎没有别的优点了。\n\n\n\n首先上课讲解并不清晰，ppt里的符号都是乱的，且动画做的很魔幻，公式推导又向来都是点ppt播放的。譬如：我在期末考前听了虎哥讲量子力学的智云，虎哥的量子虽然只讲了一节课，但图像建立的很清晰；对比王老板，讲了好几周的量子力学但是基本假设和算符的引入都没有说清楚，仅仅是ppt播放了在各个场景下的定态薛定谔方程的求解而已，整体缺乏物理图像。\n\n\n\n其次考试实在是偏和难了，最重要的期末考被阴了一下，最后体验很糟糕。\n\n虽然试卷这么难，但是批卷很求是呀！改分严格没有放水（期中考有个助教甚至是按照答案给分的，不看过程）\n\n导致和别的班比绩点难看不止一点，超出预期得低。\n\n\n\n### 这门课的给分让我意识到正态分布甚至有时是很好的 :smile:\n\n\n\nps：据说期中考的附加题（用仅有刻度的尺子、秒表、导线、未知电动势的电池、金属板测光速）是每年都会用的所以助教也不会讲解……
189042,2663,王业伍,2024-01-21 11:03:18,8,8,0,给分不好，一个学期的努力白费，慎选
189465,2663,王业伍,2024-01-24 12:55:20,6,6,0,给分一坨
192068,2663,王业伍,2024-05-08 12:23:41,3,3,0,签到好像没什么意义，上课内容严重脱离考试
201607,2663,王业伍,2024-11-21 01:34:57,3,3,0,老师好，普物坏
205680,2663,王业伍,2024-12-11 05:49:18,2,2,0,111
208836,2663,王业伍,2025-01-02 10:42:41,6,6,0,纯纯不想让学生有好绩点
209066,2663,王业伍,2025-01-04 10:42:38,8,10,2,韦应物老师是浙大最好的物理老师，首先他会不定时点名来保证到课率，然后在期中和期末出所学以外的题目来扩展学生的视野，让学生能不拘泥于课本，同时他有自己的的教学安排，只剩两节课了还有一大堆内容，给分甚至也非常求是，让学生获得低绩点来摆脱绩点羞耻领悟大学教育的本质，再来聊聊他的讲课方面吧，他强调直观性，通常告诉我们这个东西直接能看出来所以我们不需要推导，并且说数学正是因为太严谨才无法取得成就。在浙大有一位这样的老师是学生的福报，希望大家热爱普通物理学！
209292,2663,王业伍,2025-01-05 10:49:42,3,3,0,老师是真的想要教授知识，但是很可惜我脑子真的不好。
210458,2663,王业伍,2025-01-09 07:55:30,5,5,0,ppt很散乱而且过于简洁，上课时也是乱跳，与其听课，不如自学效果更好。\n\n不过老师人挺好的，回答问题很有耐心，上课经常穿插物理学的各种故事，爱唠嗑\n\n不算良师，但比我普物1的老师好点，勉强给个好评吧…
210629,2663,王业伍,2025-01-09 13:14:03,2,2,0,老师上课水平很高，注重物理思维的培养，会在上课时候讲一些物理学史
213060,2663,王业伍,2025-01-16 01:58:37,2,3,1,讲得听不懂，给分也不好。
213592,2663,王业伍,2025-01-18 12:35:37,1,2,1,wyw老师人很好，ppt略显简略，但搭配大学物理的教材（浙大出版的），其实是可以正常理解的（苯人习惯每节课后对着ppt自己复习…感觉其实没有有些同学描述的离谱），而且今年期末考相对往年很简单（至少看前辈们的描述和我的个人感受是这样的），给分其实也没有往年那么大的差别，wyw老师给物理竞赛的加分是几个班里最多的，最后算了一下平时分也捞满了（本来应该扣四五分，但是跟期末卷面合分发现平时分应该是给满了）所以就个人而言，整体普物二的体验比普物一的外教要好不少……（doge
214467,2663,王业伍,2025-02-06 06:31:48,1,1,0,老师真的是好人，可惜竺院nt领导想出来的普物这个课太傻逼了；如果wyw老师去带大雾或者别的课，我估计都能讲的挺好，可惜摊上这么个课了，最后64分飘过，感觉是捞了的因为我体感是要挂了hhh
216825,2663,王业伍,2025-03-26 07:24:46,0,1,1,你这普物实验给分有点低啊
3186,2732,朱国怀,2018-10-18 01:40:44,39,48,9,很负责！这课分数低是因为确实难...
12719,2732,朱国怀,2015-12-24 02:25:51,7,7,0,朱哥哥
16105,2732,朱国怀,2016-01-17 08:07:17,1,4,3,讲课易懂，作业太少
16977,2732,朱国怀,2016-01-19 10:39:34,-15,0,15,宇宙学概论分低。
17277,2732,朱国怀,2016-01-20 03:26:39,17,18,1,讲课很严谨很有条理，认真听能学到不少东西。但声线超级魔性，很催眠……选朱哥哥课的同学们（尤其是早课）记得带点咖啡之类的东西来提神啊！
18239,2732,朱国怀,2016-01-21 10:23:45,4,4,0,棒棒哒，就是声线感人入睡...
21108,2732,朱国怀,2016-02-17 08:24:50,7,7,0,声线感人，但确实很厉害的老师.
34022,2732,朱国怀,2016-09-26 01:55:27,8,9,1,老师的声音实在是太好听啦！人也很温柔，感觉永远也不会发火的样子
34088,2732,朱国怀,2016-09-27 00:22:09,7,7,0,一年只点一次名（还是在理论物理专题不得不点）
34743,2732,朱国怀,2016-10-20 02:00:08,3,3,0,复变讲得超级好。
39373,2732,朱国怀,2016-12-22 08:27:46,4,4,0,好喜欢朱哥哥呀！！
40567,2732,朱国怀,2017-01-04 06:03:26,4,5,1,深入浅出讲课很好，老师人也很好
41073,2732,朱国怀,2017-01-09 04:47:43,2,2,0,超负责
41853,2732,朱国怀,2017-01-13 04:55:45,0,1,1,老师很好，我太渣啊\n\n
42161,2732,朱国怀,2017-01-13 16:32:29,4,4,0,朱哥哥有水平的
43794,2732,朱国怀,2017-01-17 03:25:07,4,8,4,老师的课都拿了99分，朱国怀教授真是我大学最好的老师
44170,2732,朱国怀,2017-01-17 11:13:11,0,1,1,男神✨
49380,2732,朱国怀,2017-04-09 04:18:28,4,4,0,可能是我太平庸了吧
51228,2732,朱国怀,2017-05-24 16:28:26,0,0,0,朱哥哥的课有一种独特的魅力
51529,2732,朱国怀,2019-01-19 03:07:36,-12,4,16,朱老师上课上得很好，但是，对于那些学都不学的同学，还把他们从及格线下面强行拉上来，对于认真学习的同学有点不公平
53992,2732,朱国怀,2017-06-28 07:15:53,2,2,0,朱哥哥真是物理系的一股清流啊～可惜是我太平庸了…
59151,2732,朱国怀,2017-09-20 03:16:42,0,0,0,条理清晰，讲的挺不错的。\n\n不过数理方法这门课本来就很难，我太学渣了……
59280,2732,朱国怀,2017-09-20 12:19:55,20,20,0,物理系最好的老师
61322,2732,朱国怀,2017-11-14 12:06:37,4,4,0,期中测试别忘了看去年的试卷和傅里叶三重积分
63737,2732,朱国怀,2017-12-13 18:16:39,1,1,0,老师课上得好，对学生也非常负责。
66650,2732,朱国怀,2018-01-18 03:08:08,2,3,1,物理系四大男神之一。
67018,2732,朱国怀,2018-07-26 09:43:29,-28,5,33,朱哥哥人超好的，我电动每节课都迟到，期中考凉了，最后居然满绩了！
68797,2732,朱国怀,2018-01-24 02:03:47,8,8,0,楼下裘大佬
71221,2732,朱国怀,2018-01-28 07:13:25,2,2,0,给分真的不错。。期末空了一堆题感觉愧对这个分数
71238,2732,朱国怀,2018-01-28 07:40:56,3,3,0,朱哥哥人真的很好！
71332,2732,朱国怀,2018-01-28 09:59:16,1,1,0,对不起数理这分，下学期要更努力才行?
72037,2732,朱国怀,2018-01-29 08:45:23,2,2,0,感想朱哥哥，给分感觉超出了自己的水平，下学期继续努力！
74706,2732,朱国怀,2018-03-05 08:27:04,4,4,0,朱哥哥的电动是学的最认真的一门课
78492,2732,朱国怀,2018-05-12 10:02:54,3,3,0,希望被朱gg承包所有专业课
78574,2732,朱国怀,2018-05-13 09:12:21,1,1,0,感谢老师数理给分之恩
78630,2732,朱国怀,2018-05-14 03:46:43,1,1,0,愧对老师给的分数
85051,2732,朱国怀,2018-07-15 06:34:26,0,0,0,讲课十分易懂，由浅入深很有层次
88099,2732,朱国怀,2018-10-22 07:15:44,3,3,0,朱哥哥天下第一
88777,2732,朱国怀,2018-11-07 14:15:25,0,0,0,上课超级认真  感觉很棒必须满分
91198,2732,朱国怀,2018-12-03 06:52:12,0,0,0,朱gg满分就完事了
93973,2732,朱国怀,2019-01-14 14:00:56,2,3,1,“平庸”
95168,2732,朱国怀,2019-01-19 03:06:50,1,1,0,求老师一定要让我过啊！
107995,2732,朱国怀,2019-07-06 12:35:28,7,7,0,出分之后发现zgg分数掉了？不行，顶上去，我不允许zgg的分数掉一点！（批完卷子放飞自己的zgg真可爱诶嘿嘿(´▽`ʃƪ)）
108406,2732,朱国怀,2019-05-23 04:37:22,2,2,0,我也不知道究竟是老师太好还是物理学太有魅力。
112927,2732,朱国怀,2019-07-05 12:27:51,0,0,0,巨有意思
112945,2732,朱国怀,2019-07-05 13:52:59,1,1,0,闭卷难度大降，不知以后是否会保持。朱哥哥太好了呜呜呜呜。
112948,2732,朱国怀,2019-07-05 14:38:05,2,3,1,刚查到电动满绩~朱哥哥真的太棒了，必须十分
113556,2732,朱国怀,2019-07-06 23:59:08,1,1,0,老师人超好
114138,2732,朱国怀,2019-07-09 00:55:12,0,0,0,感谢朱哥哥捞我
117181,2732,朱国怀,2019-09-20 04:42:36,1,1,0,这题应该有个1/4i 但是看着太麻烦了 所以我们改一下题
121751,2732,朱国怀,2020-01-21 13:29:15,0,0,0,上的是老师的数理方法一，主讲前半段复变函数。\n\n__老师本人长得超帅，关键是声音好听，超有磁性，爱了\n\n__可惜复变函数很难，期中没考好，愧对老师。
123179,2732,朱国怀,2020-05-17 04:59:40,0,0,0,太难了
8204,2751,张建华,2016-11-17 04:22:25,-2,5,7,笑而不语，自行体会
8919,2751,张建华,2015-09-30 12:05:12,1,7,6,物理实验给分还可以
34722,2751,张建华,2016-10-19 08:35:53,-4,2,6,挺不错
34757,2751,张建华,2016-11-03 05:16:48,-3,7,10,一句话，出分慢，给分差，大物实验别选他！
35134,2751,张建华,2018-04-24 12:05:35,-4,6,10,智障老师，毁我青春
35331,2751,张建华,2016-11-17 08:36:41,-6,4,10,出分慢，给分极差，千万别作死
36995,2751,张建华,2016-11-17 04:21:36,18,53,35,谁说别选张建华的！虽然出分慢，但是我连做三个实验，他给了我三个90，数据处理都乱来也没事，重要的是，连续三个实验都和一个萌萌的妹子一起做呀
39628,2751,张建华,2016-12-26 08:03:45,-10,5,15,mdzz，密立根油滴实验，要求用那个软件处理，简直是有病，那个软件下载下来，在win10，8.1，8，7上都运行不了，我跑到机房找个XP系统特么的也安装不起来，几十年前的软件。。。也是智障老师
40677,2751,张建华,2017-01-05 03:00:40,31,37,6,说数据处理可以乱来的那位你是认真的么。
42853,2751,张建华,2017-01-15 09:44:28,-1,4,5,物理实验给分超级好啊，老师脾气也不错，虽然出分慢了一点。我有两次实验都是他的，都给了我95。是我实验分数最高的两次了。
42887,2751,张建华,2017-01-15 10:55:11,-2,3,5,大物实验讲课不会讲实验内容...就是和你逼逼什么自助思考的重要性。有人说给分差我是不服的。虽然出分慢
42976,2751,张建华,2017-01-15 14:18:02,16,19,3,老师给分很好啊 我三次都是95 讲的也挺清爽的 说他不好的大概是没选过仇志勇的实验吧
47345,2751,张建华,2017-01-25 10:46:44,-2,1,3,厉害了我的哥
49394,2751,张建华,2017-04-10 06:32:06,-6,1,7,这不挺好的吗 分也很高
52741,2751,张建华,2017-06-22 11:30:32,0,4,4,给分很好的。
60349,2751,张建华,2017-10-18 03:12:29,-1,4,5,大物试验给分不错
61300,2751,张建华,2017-11-14 02:37:34,-4,3,7,给分是真的好.....\n\n密立根我完全弄错了。。数据处理也没按照他说的来。。。结果给了我90+\n\n选了他三门最低都92......最高...不说....
63029,2751,张建华,2017-11-28 03:10:29,0,5,5,给分可以
63847,2751,张建华,2017-12-17 12:19:56,0,5,5,大物实验给分极差，上课效果也不好
64497,2751,张建华,2017-12-24 14:55:29,0,4,4,给分烂
64872,2751,张建华,2017-12-27 14:00:52,1,3,2,看到这个评分我就放心了
65352,2751,张建华,2018-01-03 08:02:32,-1,5,6,本次针对大物实验甲。\n\n1.电学三个实验虽然简单，但是非常花时间。大哥，我下午是模电，我赶着去补作业呢！\n\n2.张建华老师三个实验，所有数据图形要求手绘，明明excel和matlab能解决的事情，咋就那么执着？这也就算了，累个半死，90封顶？\n\n综上，给个6分及格不过分。
65568,2751,张建华,2018-01-06 07:10:29,2,4,2,老师出分有点慢，不过给分不错。
66099,2751,张建华,2018-01-11 15:12:00,-2,1,3,小课题出分极快，内容还水，给分也好，想选小课题的可以选他的。
76695,2751,张建华,2018-04-18 12:55:04,-1,2,3,出分慢，给分差
79125,2751,张建华,2019-01-10 02:41:51,3,6,3,小课题很好
80917,2751,张建华,2018-07-02 16:12:12,1,4,3,讲得很清楚，实验给分也很好(✪▽✪)
88679,2751,张建华,2018-11-05 14:59:03,0,2,2,相对误差70%? 不确定度搞了半天不知道怎么弄乱搞了一通。给分还不错。大概看我太修改的太辛苦了
88902,2751,张建华,2018-11-12 03:22:47,-2,0,2,不错的
89406,2751,张建华,2018-11-19 03:20:26,2,3,1,做完实验根本找不到他等了一万年
92938,2751,张建华,2019-01-06 03:57:37,6,9,3,给分超级好啊！写得好95写得不好94！实验讲得也很简洁！借用室友的话：张建华老师全身上下都透露着一种佛系的气息
93303,2751,张建华,2019-01-09 02:27:07,1,4,3,给分不好？一框报告里面基本都是90+
93494,2751,张建华,2019-01-10 05:07:01,0,3,3,给分很好啊，人也很细心，做小课题的时候每次都来问我们进展情况，解答问题，还和我们一起讨论如何改善实验，最后给分也很好，强烈推荐张老师！！
108647,2751,张建华,2019-05-30 09:49:49,4,5,1,出分慢，字写的好分数高，确实不怎么看数据处理………
117806,2751,张建华,2019-10-02 07:31:20,-1,1,2,非常好！
123816,2751,张建华,2020-06-14 14:34:21,2,3,1,这学期线上授课 对于实验报告预习报告完全没有讲要求 就直接让我们做  上交以后每次给的评分低  最后一两节课才想起来详细说明？？ 线下我不了解 线上批阅是真的不太负责  还没给分 先来吐槽一波
124273,2751,张建华,2020-06-28 09:27:46,0,1,1,表白一波苏杭助教，可可爱爱的邻家大哥哥，很真实的可爱，给分不错，最后还捞了一波大家～～（老师也很好，有次预习试题没做还帮我延长了时间）
126545,2751,张建华,2020-09-30 04:15:02,1,4,3,开学雷击，给分极差
126808,2751,张建华,2020-10-21 05:37:54,-3,3,6,实验课上课二十分钟了还不出现，这么忙吗？？？
129612,2751,张建华,2021-01-08 14:58:31,7,9,2,给分真是瞎杰宝给，这是我做的最认真的实验，也是我得分最低的实验
135661,2751,张建华,2021-05-18 08:12:06,7,10,3,上课还挺好\n\n给分如雷击\n\n普物实验目前最低的分全是他给的😇连选了三个他的实验现在就是非常后悔
144329,2751,张建华,2021-12-21 06:01:36,-3,0,3,非常好的老师
150501,2751,张建华,2022-01-27 13:50:59,-6,0,6,老师讲解清楚，很有启发性
152185,2751,张建华,2022-03-29 16:39:27,8,8,0,给分低，老师巨垃圾！
163144,2751,张建华,2022-12-08 06:03:47,3,3,0,p事贼多
163160,2751,张建华,2022-12-08 09:02:38,3,3,0,能不能把实验要求讲的清楚一点
163248,2751,张建华,2022-12-11 03:25:44,1,2,1,事情多给分烂，身上还很臭
163500,2751,张建华,2022-12-14 13:37:52,1,1,0,事多话多要求多，非常烦人
164228,2751,张建华,2022-12-19 12:34:58,5,5,0,一查分血压上来了，沟八东西，讲不清楚可以不教，给分差还没原因，钉钉不回，纯dinner
171430,2751,张建华,2023-03-24 02:58:48,2,3,1,给分巨低 上课半天不来
171444,2751,张建华,2023-03-24 11:35:28,4,4,0,上到现在给分是最低的
172153,2751,张建华,2023-04-20 17:12:32,0,1,1,给分低，md一次次刷新我底线（一次次做表做的认真）
173153,2751,张建华,2023-05-14 12:33:05,2,2,0,上课超级不耐烦，我电路搭好但是关键读数部位没反应，再三检查线路没问题后问老师，结果超级不耐烦说我一定搭错了，非让我重新搭一遍，又不行，无奈又问老师，结果一边数落我一边他上手搭发现实验装置有问题，直接一整个无语住了
176698,2751,张建华,2023-06-29 18:04:34,0,0,0,说真的，普物实验千万别选，选tmq都别选他，我所有实验全在92分以上，就只有他的实验下了90，写的那么认真最后换来这样的成绩真的很难过
178039,2751,张建华,2023-07-06 10:40:23,0,0,0,普物实验我觉得还行吧，虽然给分相对其他老师不是特别好
181322,2751,张建华,2023-10-14 09:20:58,0,1,1,大物实验，讲的还算细致，做之前也会完整演示一遍，最后给分尚可（不知道是不是他对待大物实验和普物实验不太一样）
181337,2751,张建华,2023-10-15 07:00:04,-2,1,3,垃圾老师，大物实验快跑
183541,2751,张建华,2023-11-27 08:09:40,-3,1,4,大物实验给分巨低
183779,2751,张建华,2023-11-30 06:20:45,3,4,1,啊这，我怎么觉得给分还行
183901,2751,张建华,2023-12-03 07:23:04,4,4,0,给分还行，出分快的离谱，上午交下午就出。但是旋转液体实验特别答辩，巨耗时间而且误差还大，慎选！
184139,2751,张建华,2023-12-11 02:27:06,2,5,3,旋转液体和声速测量，一个96，一个94。感觉给分很好呀。而且感觉讲的蛮细致的，就是老师每一步都会详细地跟你演示，比一些老师直接让你自己悟出来怎么做好。
190500,2751,张建华,2024-03-06 05:02:06,0,0,0,实验步骤根本讲不清楚
193358,2751,张建华,2024-06-07 06:04:48,0,0,0,给分奇差
216596,2751,张建华,2025-03-19 03:32:59,0,0,0,无语了神人老师让我们开始动手的时候一个半小时已经过去了…..
3004,2780,陈启瑾,2015-05-12 15:43:05,7,13,6,很好的老师，上他的课感觉很好
3342,2780,陈启瑾,2015-06-03 05:59:08,7,14,7,学术能力很强的老师，上课知识点清晰，大力推荐！
4216,2780,陈启瑾,2015-06-18 06:32:13,16,22,6,上课睡的不亦乐乎，超想睡
7357,2780,陈启瑾,2015-09-14 03:33:02,2,4,2,困，想听
7377,2780,陈启瑾,2015-09-14 05:03:48,-2,1,3,这是最好滴
11531,2780,陈启瑾,2017-01-19 08:11:20,-17,1,18,水课。
12170,2780,陈启瑾,2016-01-21 09:18:42,15,15,0,考试很简单，讲的有点深\n\n
12171,2780,陈启瑾,2015-12-22 07:02:51,37,42,5,老夫装逼20多年，自以为无人能敌，今日得见老师，才知一山还有一山高，能将装逼这种艺术和装可爱融为一体，实乃老夫生平之仅见。
14032,2780,陈启瑾,2016-01-04 02:04:55,-1,1,2,呵呵呵
15322,2780,陈启瑾,2016-01-13 16:04:33,-1,5,6,课超难，千万不要报
18539,2780,陈启瑾,2016-01-22 03:15:09,11,12,1,老师讲课教材都比较难，最后考试真的简单，但有点坑，平时要认真对待，分也不会低，老师真的挺不错。
18822,2780,陈启瑾,2016-01-22 15:11:48,3,4,1,考试很水 平时作业要好好做呀 老师很好 给分很高 作业千万要好好做！
18890,2780,陈启瑾,2016-01-22 16:52:59,0,2,2,老师讲得挺好
20052,2780,陈启瑾,2016-01-26 03:23:25,0,1,1,上课讲得很深，思路很清晰，最后考试真的简单。
22214,2780,陈启瑾,2016-03-03 03:13:13,11,13,2,高中没学过微积分，物理竞赛最好不要报
22401,2780,陈启瑾,2016-03-04 08:52:34,-3,0,3,老师讲得挺好，考试简单
29059,2780,陈启瑾,2016-06-29 07:52:14,17,18,1,讲课不错，脾气很好，考试简单，给分慈善。但问题来了。你既然选择了陈启瑾的物理学1就意味着接下来还要选赵学安的物理学2……退课吧少年，选大学物理去！赵老师实在是太坑了！
32956,2780,陈启瑾,2016-08-21 09:53:39,-1,2,3,想睡。
33700,2780,陈启瑾,2016-09-21 06:04:22,0,1,1,老师上课好，人挺有意思
34140,2780,陈启瑾,2016-09-27 11:50:34,0,1,1,不错诶
38037,2780,陈启瑾,2016-11-23 10:47:34,9,11,2,总有感觉陈老师走在科大前辈方励之的路上……（可怕，我的错觉）\n\n还是非常好的一位老师！
41378,2780,陈启瑾,2017-01-11 06:55:59,7,7,0,感觉老师分数越来越高了 ，强是强，还是要自己看书才看得懂。
41575,2780,陈启瑾,2017-01-12 08:13:18,0,2,2,老师还会一本正经地幽默一下，很好的老师，课嘛，认真听都听得懂的
44444,2780,陈启瑾,2017-01-18 00:06:15,1,2,1,萌萌的老师(∩_∩)
45245,2780,陈启瑾,2017-03-01 07:26:57,0,0,0,人特别好，讲课也很不错，助教萌萌哒
58615,2780,陈启瑾,2017-09-09 12:47:54,6,8,2,qchen简直男神嘛……\n\n优秀而且和蔼可亲(๑•̀ㅂ•́)و✧\n\n虽然上课前最好自己补数学知识，不然可能对非竞赛党不太友好。但是PPT条理清晰而且给分好啊→_→\n\n上课会讲段子hhh虽然他的梗可能有点不好理解\n\n据说因为我们懒不去玉泉所以给下一届，emmmm自己写了个APP可以问问题下载资料啥的……\n\n虽然自己没学好但只能怪自己……哎\n\n(认真地反思ing)\n\n建议除了作业，可以刷刷他发的电子书还有思考题\n\n“物理学的英语都是生活中的英语，这都有困难，那生物的医学的学生不得跳楼？”\n\n哇乱七八糟说了这么多……qchen男神的力学，好课\n\n
59807,2780,陈启瑾,2017-09-27 06:23:38,2,3,1,水平很高，自己的内容很多，很好的老师。
60057,2780,陈启瑾,2017-10-09 03:39:38,5,5,0,无形装逼，最为致命\n\n
60486,2780,陈启瑾,2017-10-22 10:52:29,1,2,1,非常容易瞌睡
60780,2780,陈启瑾,2017-10-30 03:55:54,0,0,0,哈哈哈
61356,2780,陈启瑾,2017-11-15 07:13:27,1,1,0,捕捉一只会卖萌的启瑾老师XDD～
61510,2780,陈启瑾,2018-01-10 08:13:46,0,5,5,能听懂的人你怎么不上天呢？？
61923,2780,陈启瑾,2018-01-10 08:13:36,0,2,2,我去你的附加题
63392,2780,陈启瑾,2017-12-02 11:03:56,8,8,0,救死扶伤陈启瑾 (‵▽′)/
66043,2780,陈启瑾,2018-01-11 06:54:24,8,9,1,救死扶伤陈启瑾
70222,2780,陈启瑾,2018-01-26 09:00:34,0,0,0,老师讲的不错，幽默风趣
71203,2780,陈启瑾,2018-01-28 06:34:58,0,0,0,感觉老师有点冷幽默\n\n给分真的很努力 比我学习努力多了……\n\n我我我我 为什么不好好学习\n\n上课会讲很前沿的东西 很有收获\n\n但是有点难 经常听不懂
72115,2780,陈启瑾,2018-01-29 11:20:22,1,1,0,呵 讲成这样力学
72786,2780,陈启瑾,2018-01-31 05:33:59,2,2,0,期末总评竟然过了，很吃惊，今年期末大概是改革了，题目一道都不会。老师水平大概是挺高的，但是真的听不懂，每天上课作业都很煎熬，蓝瘦。
73900,2780,陈启瑾,2018-02-03 12:35:18,0,0,0,超想睡觉……但老师很好，给分不错。
74246,2780,陈启瑾,2018-02-08 01:24:17,1,1,0,还过得去吧，课程安排不太合理，上课有点无聊又听不懂。而且，我怎么感觉没调分啊。
76730,2780,陈启瑾,2018-04-19 09:32:56,0,0,0,听不懂谢谢【捂脸】装逼的时候有没有考虑过基础不好的同学的感受啊喂
100877,2780,陈启瑾,2019-01-27 03:58:49,1,2,1,启瑾之交淡如水?
117532,2780,陈启瑾,2019-09-25 11:56:01,0,0,0,救死扶伤
119634,2780,陈启瑾,2019-11-14 10:58:12,0,0,0,好老师，虽然经常上课想睡觉
9525,2942,蔡寿福,2015-10-29 08:14:18,0,3,3,挺好的。
9652,2942,蔡寿福,2015-11-04 00:23:07,8,10,2,年迈长者
11512,2942,蔡寿福,2015-12-03 07:23:39,27,34,7,上午实验完后，老师中午一个人默默的吃着学霸餐，看到有学生来了赶紧几口吃完跟同学交流起来。全是作为一个长者对科学和实验的严谨态度，虽然口音挺重，但是可亲可敬
11548,2942,蔡寿福,2015-12-04 05:37:32,-1,5,6,如果按照要求做，给分就会很好。实验讲得很细，对实验的要求比较严谨，实事求是
13353,2942,蔡寿福,2015-12-27 07:07:00,17,20,3,大物实验里给分最科学的 会指出扣分点 有人说给分不好可能是没有按要求做 预习报告如果全抄书成绩一定不会很好 上课讲的注意事项一定要写在报告里 还是可以拿到满分
13929,2942,蔡寿福,2016-01-02 12:08:20,4,8,4,值得尊重的老教师
16522,2942,蔡寿福,2016-01-18 09:55:06,21,22,1,口齿不清。和Matlab有仇。
17326,2942,蔡寿福,2016-01-21 11:40:47,4,4,0,呵呵哒
20003,2942,蔡寿福,2016-01-26 01:44:42,8,10,2,讲得不是很清楚。一般不按照书上来。给分什么的看造化吧
22415,2942,蔡寿福,2016-03-04 16:16:32,-1,1,2,按他的要求做就对了
49097,2942,蔡寿福,2017-03-26 00:22:51,7,8,1,讲的极其不清楚，实验操作都弄不明白，最后还是找了其他老师来讲，也是醉了，大家千万别选。。。
49453,2942,蔡寿福,2017-04-17 06:55:13,2,3,1,有些扣分莫名其妙
51838,2942,蔡寿福,2017-06-12 06:22:19,3,4,1,根本不会，还要叫另一个老师来讲，别选
52029,2942,蔡寿福,2017-06-14 08:47:06,5,7,2,祝老师手术顺利...  \n\n讲道理示波器和整流器是真的讲不清楚，自己早点去实验室摸索摸索仪器吧，也不要太慌，楼上老王会来指导的
52092,2942,蔡寿福,2017-06-26 06:36:36,3,3,0,实验讲解不清楚+口齿不清+蜜汁给分，慎选，到时候做实验基本靠自己摸索
60219,2942,蔡寿福,2017-10-14 01:41:47,-4,1,5,大物实验给分很好
60478,2942,蔡寿福,2017-10-22 08:55:46,1,2,1,老师人很好，讲的还是比较细致的，就是思路稍微有点乱，不过这不影响他给分好啊！只要认真按他的要求去写实验报告，给分就不会差的
60798,2942,蔡寿福,2017-10-30 09:35:54,6,7,1,为什么没有负分
60884,2942,蔡寿福,2017-11-01 09:11:25,1,2,1,还不错  做的认真的话给分还可以
63641,2942,蔡寿福,2017-12-18 04:57:58,2,2,0,迷，给分上
63836,2942,蔡寿福,2017-12-17 03:53:50,0,1,1,在休闲餐厅偶遇蔡老师，拄着拐杖蛮和气的
64559,2942,蔡寿福,2018-01-06 10:17:34,1,2,1,还行\n\n
65699,2942,蔡寿福,2018-01-08 09:48:10,19,22,3,电脑没有origin8.0就别选了。。。
66330,2942,蔡寿福,2018-01-15 06:41:28,8,9,1,一般人就别选他的大物实验了 要用origin8处理数据 而且一般预习报告和做的都不一样 他居然要我们重写？？快期末了谁那么闲啊 别的老师没有这一套 分数不知道不评价
76522,2942,蔡寿福,2018-04-12 07:07:55,2,5,3,在拿实验报告的教室偶遇某和蔼拄拐老人。老人在报告篮周围晃了一圈，摇头晃脑，突然看着我说:“奶奶的。” 我:？？？ 过了一会儿去教室才发现居然是他给我上课。讲的时候唯一能听清的是“混蛋！” 我:？？？ 没编。真事。
88103,2942,蔡寿福,2018-10-22 07:26:02,-13,4,17,红红火火恍恍惚惚，骂人的话特别清楚，其他的一团乱麻，思路理不清，说话方言味十足，感觉自己都不懂仪器操作，实在混不下去就让楼上老王过来讲。看样子八十岁有的，您是要钱不要命吗？origin8.0你他么会吗
89311,2942,蔡寿福,2018-11-18 09:31:21,1,2,1,老师挺好，虽然讲的不怎么清楚，还有要用origin软件处理数据，挺麻烦的
90777,2942,蔡寿福,2018-11-26 03:34:39,7,9,2,不知道为什么那么多人喷，老师有自己的想法，所以选他的实验预习报告就别写了，老师年纪很大，眼睛动过手术，穿的衣服可能还用线缝过，声音有点沙哑，讲实验的时候认真听还是很简单的。实验报告老师会很认真地改，还会有评语，选了两次他的实验给分都不错，按照他的要求不要抄书就好了。origin还是比MATLAB简单一些，选了两次他的实验后作图全用origin，收货不小。
91417,2942,蔡寿福,2018-12-09 14:44:29,3,4,1,感觉origin挺好用的呀，我做完老师的实验后，在其他学科里拟合都用的origin。
95034,2942,蔡寿福,2019-01-18 15:25:58,1,3,2,其实不用origin8.0也没关系，我三个实验，都用MATLAB画的图，两个90一个89。只要按照他讲的写实验过程，数据处理认真一些，分还是不低的。
105217,2942,蔡寿福,2019-04-07 12:12:02,-3,0,3,我是ikun，考前刷蔡徐坤nmsl，看蔡徐坤打篮球，结果我满了
105306,2942,蔡寿福,2019-04-13 06:56:55,3,3,0,我没用origin，结果96？？
105339,2942,蔡寿福,2019-04-11 06:43:50,2,2,0,ssfd
105892,2942,蔡寿福,2019-04-22 23:39:06,0,0,0,只要按照老师要求写实验报告最高有100
108071,2942,蔡寿福,2019-05-14 04:08:12,0,0,0,不知道为什么没有0分这个选项 报告改了俩数据就懒得看了直接成86？不懂
109098,2942,蔡寿福,2019-06-08 07:18:23,0,0,0,因为身体问题从量子力学上退下来的老师，不吹不黑，给分合理，第一次被打82我心服口服，第二次按照要求做就得了96，以后做实验的朋友注意一下他的要求就好了
109480,2942,蔡寿福,2019-06-15 15:29:16,4,4,0,对origin8.0有近乎偏执的热爱……\n\n用了origin84分；用Excel95分。。。。。
111103,2942,蔡寿福,2019-06-29 16:35:12,0,0,0,?orange8.0必备噢！
117870,2942,蔡寿福,2019-10-07 02:17:46,0,0,0,老爷爷很好的！大物实验还会认真给评语
120242,2942,蔡寿福,2019-11-25 10:50:01,0,0,0,老师是好人，辛苦了，但是这口音真的太重。。。
14852,2988,陈飞燕,2016-01-10 06:55:02,-10,5,15,给分好\n\n
15122,2988,陈飞燕,2016-01-12 06:57:12,-10,3,13,实验挺不错
34500,2988,陈飞燕,2016-10-12 05:47:23,18,23,5,大物实验辣鸡
34807,2988,陈飞燕,2016-10-23 23:57:46,14,20,6,凶巴巴的像是谁欠了他几百万，给分级坑。一句话，欠揍
34847,2988,陈飞燕,2016-10-25 04:00:56,13,17,4,可以打0分吗，从来不爆粗口的我第一次想打人，太欠揍了。
34982,2988,陈飞燕,2016-10-28 02:16:07,6,10,4,上课垃圾，给分垃圾
35025,2988,陈飞燕,2016-10-30 14:50:56,11,13,2,很不爽很不爽
35042,2988,陈飞燕,2016-10-31 07:11:08,8,10,2,我可以说脏话吗
36268,2988,陈飞燕,2016-11-11 11:14:45,4,18,14,大物实验陈飞燕和王宗利轮流上课，大家去看隔壁王宗利，这里的差的评价估计都是王宗利拖的。这大物实验老师是个女老师，比王宗利至少好多了。
36432,2988,陈飞燕,2016-11-13 12:10:28,4,7,3,我就呵呵，和何国光是一对
36740,2988,陈飞燕,2016-11-15 16:32:16,7,13,6,真的真的是垃圾，两个班的实验课为了偷懒挤在一起讲一次，声音小根本听不见在说什么。讲完后什么都不管，有问题不肯帮你解决因为她忙！着！玩！手！机！给分垃圾，我只想说，作为老师负责任一些可以吗？自己上课不好，就不要苛求学生的报告写得完美！
38275,2988,陈飞燕,2016-11-29 02:25:55,0,4,4,除了讲原理的时候什么都讲不清楚以外，还行
38641,2988,陈飞燕,2016-12-13 06:14:24,2,6,4,可以0吗
38757,2988,陈飞燕,2016-12-18 02:24:24,-5,4,9,讲课蛮清楚的，给分也还可以啊
40150,2988,陈飞燕,2016-12-29 11:59:34,-7,5,12,女神好漂亮～
41388,2988,陈飞燕,2017-01-11 08:04:32,5,6,1,分数超低
41421,2988,陈飞燕,2017-10-26 12:45:47,-12,9,21,呵呵呵呵 大物实验呵呵 她是看心情给分么？那天是来大姨妈么 我照着92的写 给我82 你是老公出轨还是咋地 心情不好？一点该有的学术都没有 讲课极差极差 态度极差 随便一讲就自己开始看电视剧 妈的智障 为什么没有0分\n\n
42031,2988,陈飞燕,2018-06-14 08:01:31,9,13,4,陈飞燕和房若宇号称大物实验女双煞，不管你做的多好基本就是80左右，慎重啊
60475,2988,陈飞燕,2017-10-22 06:53:31,1,5,4,滚吧 你牛逼你闪电
60671,2988,陈飞燕,2017-10-26 08:33:22,6,8,2,太狠了！太狠了！太狠了！\n\n以为只要好好做实验认真写报告就不会低，真的太天真了！太天真了！太天真了！一个九十都没有，所以好好做的下场是八十九，平均比别的老师低十分！别的老师都是90+/-，而她就是80+/-\n\n
60965,2988,陈飞燕,2017-11-06 00:18:36,-4,2,6,给分还好吧
61283,2988,陈飞燕,2017-11-13 11:57:32,2,3,1,简直了，对学生的态度超级不好！
61314,2988,陈飞燕,2017-11-14 08:50:27,3,8,5,我觉得老师蛮好的，很负责任的，我做示波器实验比较慢，最后一个走的都耽误老师下班了她还认真的检查了我的数据和图像才给我签了字，后来交报告时有一点问题我还给她发了短信，回复也很及时，给分也很好吧，90+，而且报告又不一定是老师给分，也可能是助教比较严格，陈老师的实验确实不水，但是老师人真的超级好，超级关心学生。
63741,2988,陈飞燕,2017-12-14 01:37:52,-11,5,16,课表里是王宗利然后陈老师给我们上的课。陈老师讲的很细致，还说有什么不懂的随时可以提出，根本没有其他评价那么凶，说凶的可能是被王宗利上的课吧)\n\n看到两个老师都评分这么低本来很担心的一个实验结果最后竟然得到了个人大物实验的历史最高分。。所以大家不要被评论吓怕了。。老师其实没那么可怕，只要别是王宗利上的就行
64614,2988,陈飞燕,2017-12-25 13:51:15,6,7,1,感觉老师有点凶，给分不太好
66572,2988,陈飞燕,2018-01-26 03:24:48,7,7,0,神经质
67587,2988,陈飞燕,2018-01-21 15:15:06,-4,1,5,给分好，讲解细致
70092,2988,陈飞燕,2018-01-26 05:45:41,3,4,1,给分也太差了吧，实验平时分都是90多，最后绩点只有3.3，觉得自己考试考的也还可以啊
79371,2988,陈飞燕,2018-06-01 05:12:17,9,10,1,真.随机给分老师。上了认知神经基础。大家的期末作业一模一样，成绩就不一样。量子力学给分法。我碰巧在基态（软件处理数据，软件一样，数据一样，操作过程必须一样。我还帮别人做了一份。他3.9，我3.3）
80773,2988,陈飞燕,2018-06-30 17:18:08,5,6,1,垃圾老师
83346,2988,陈飞燕,2018-07-10 07:14:09,1,1,0,。。。。。。
87511,2988,陈飞燕,2018-09-30 04:08:18,3,3,0,上课处于懵逼状态，是我太弱了
88579,2988,陈飞燕,2018-11-02 02:44:37,3,3,0,不知道在搞什么
94696,2988,陈飞燕,2019-01-18 01:24:02,0,0,0,。。。。。。
104885,2988,陈飞燕,2019-03-29 12:00:55,-12,4,16,别太相信查老师的评分了，你们自己去陈飞燕的篮子里瞧瞧，示波器都是96，97的，这里是实情评论
108080,2988,陈飞燕,2019-05-14 07:09:10,-5,1,6,我从未见过如此负责任的老师，只是老师可能有些急性子吧
108142,2988,陈飞燕,2019-05-15 14:51:16,1,4,3,给分垃圾 明明写报告写的比别人要认真 别人98 我86 凭什么？
108333,2988,陈飞燕,2019-05-21 08:52:24,8,9,1,感觉可能她并没有去取实验报告，而是用C弄了个70-90的随机数，量子给分法
108518,2988,陈飞燕,2019-05-27 14:02:24,3,4,1,那个说篮子里示波器全是97和98的出来挨打
108987,2988,陈飞燕,2019-06-05 05:54:57,3,4,1,实验给分挺差的
135158,2988,陈飞燕,2021-05-05 05:42:30,3,3,0,不太行
135715,2988,陈飞燕,2021-05-20 13:36:41,-4,8,12,本来看到评论很害怕。实际上去了以后发现 陈老师一点也不凶啊，还亲身演示，耐心解答，给分也很不错。负面评论是不是说的是另一个老师
154330,2988,陈飞燕,2022-05-30 10:43:01,6,7,1,你个傻屌怎么还不去死？
154439,2988,陈飞燕,2022-06-05 07:40:25,6,7,1,就是傻逼
154780,2988,陈飞燕,2022-06-05 07:39:27,4,5,1,说都是九十几分的给我出来挨打，妈勒个巴子差点心脏没骤停
170257,2988,陈飞燕,2023-03-02 09:16:10,-4,1,5,陈老师人还是非常好的，很和善
171997,2988,陈飞燕,2023-04-16 15:37:28,-2,0,2,老师很温柔，而且耐心。我做实验有不会的问她都会认真解答。按照要求来给分也很好。就是出分有点慢。
172112,2988,陈飞燕,2023-04-20 01:35:28,-4,0,4,温柔 报告按要求来 给分好
216126,2988,陈飞燕,2025-03-11 01:46:16,0,0,0,没有对比就没有伤害。拖堂五分钟。还我何老师
5121,3056,阮智超,2015-07-04 09:08:57,12,24,12,静静地听他装逼
7573,3056,阮智超,2015-09-15 04:59:00,3,13,10,上第一节课就退掉！影响心情
8366,3056,阮智超,2015-09-19 13:02:12,20,30,10,很乐意为学生解答问题，很耐心。会想办法让学生更容易理解，是个好老师！
8710,3056,阮智超,2015-09-24 08:56:37,8,16,8,糟糕的体验
15740,3056,阮智超,2016-01-16 08:16:14,2,8,6,讲课很好的、给分。。期待ing
16888,3056,阮智超,2016-01-19 07:22:02,0,4,4,没有期中考，平时小测开卷
16914,3056,阮智超,2016-01-20 00:48:44,9,12,3,虽然乐意解答问题，但讲的真心不怎么样
17286,3056,阮智超,2016-01-20 03:44:09,8,12,4,会一份一份地发小测卷…和没来上课的同学面谈。。感觉讲的时候比较注重让你理解，最后，师生情泪流满面！
17576,3056,阮智超,2016-06-15 09:55:43,1,6,5,不要太高 上课跟你讨论着上 确实是有大学的感觉 关键分数给的好啊
19935,3056,阮智超,2016-09-18 16:36:05,8,11,3,讲课一般，大物二几乎都是自学的，
33452,3056,阮智超,2016-09-19 11:27:36,13,15,2,物理图像
33668,3056,阮智超,2016-11-23 02:23:11,3,10,7,讲的好差啊，不如自学系列
34009,3056,阮智超,2016-09-25 14:46:55,1,4,3,What the hell?
34159,3056,阮智超,2016-09-28 01:23:11,6,8,2,讲不清楚
34167,3056,阮智超,2016-09-28 02:31:55,3,9,6,差！讲得一点也不好！完全没讲明白过
34484,3056,阮智超,2016-10-26 01:15:43,4,10,6,上课转来转去转来转去转来转去转来转去，好想把他绊倒（嫌弃..(｡•ˇ‸ˇ•｡) …）
34827,3056,阮智超,2016-10-24 08:21:12,2,3,1,大物二，讲得不是特别清楚，但还是能够理解的，强调高斯定理和安培环路定理
35028,3056,阮智超,2016-10-31 01:32:34,4,6,2,感觉他好像讲课之前没有好好备课。。。讲不透，老是重复几个无意义的字眼\n\n
35083,3056,阮智超,2016-11-01 23:46:50,0,1,1,平时有小测（开卷），上课会叫同学起来回答问题。讲课中规中矩
35088,3056,阮智超,2016-11-02 01:31:42,0,6,6,只适合科研不适合讲课，那还当什么老师。所以差评。
35234,3056,阮智超,2016-11-07 04:13:05,3,6,3,不怎么样
38332,3056,阮智超,2016-11-30 03:17:39,5,7,2,懂我的意思吗
38484,3056,阮智超,2017-07-16 08:11:32,-6,6,12,讲课真心差。是否真的适合科研也要打个问号
40193,3056,阮智超,2016-12-30 01:51:00,0,2,2,课真的讲的不错，会有很想去上课的欲望，老师人也很负责也挺幽默的。
40255,3056,阮智超,2016-12-30 16:07:38,0,5,5,老师人很好，给分也很好，楼上说科研水平不行的也是够了，其实我比较好奇为什么学校会让青年千人来教大物
41069,3056,阮智超,2017-01-22 16:10:48,0,4,4,不错。老师挺好的也挺负责，认真学总不会差的。\n\n
42482,3056,阮智超,2017-01-14 09:26:27,-3,4,7,我觉得阮老师上课特别用心，但可能经验不够，所以有时候并不能讲的很清楚。但老师人挺好的，每次下课都留下来答疑，11.25下课，他经常12.30还在班上。这点特别感动。
42891,3056,阮智超,2017-01-15 11:10:37,6,11,5,不知道为什么大家对他意见那么大，我觉得讲得挺好的，重点突出，不会像别的老师一样只念ppt，而且他每节课上课会先复习上堂课内容，对我来说这很有帮助。趁成绩还没出来理智的时候赶紧评分（
43773,3056,阮智超,2017-01-17 02:57:44,-1,4,5,感觉阮老师有的时候会自己都扯不清楚，但是如果自己先学了点，听他的课就会好很多，再说本来大物就大部分自学。冲他大物要调分，就给高一点。
43825,3056,阮智超,2017-01-17 04:30:36,-3,3,6,阮老师挺好的，课上课下都很乐意给同学们解惑，师生情很给力啊!
44291,3056,阮智超,2017-01-17 14:21:16,-4,3,7,讲课不错的，有时候真的只能怨自己不好好学\n\n\n\n来自一个甲2挂掉的人
44468,3056,阮智超,2017-01-18 00:50:06,1,2,1,怎么说呢，我觉得他讲课很用心，很喜欢拓展知识，但是太分不清重点是真的。
44959,3056,阮智超,2017-01-18 15:50:51,1,5,4,很差劲的体验，和大物一的老师比起来简直。。。感觉他自己有些问题都没想清楚，上课有时都会自我推演一遍233。讲课没有重点，听着很费劲。。。考试分数也。。。学弟学妹们，4学分的大课，要慎选。
45325,3056,阮智超,2017-01-19 10:31:23,1,4,3,给分低
46077,3056,阮智超,2017-01-20 14:42:58,-10,1,11,？讲得真心好啊，可惜没满
46245,3056,阮智超,2017-01-21 04:41:45,2,5,3,老师人还不错，解答问题尚可，就是有时候上课会抓不住重点，解答问题也有时会有这样的问题。大物二对课后复习自学能力要求还是很高的，小伙伴们要做好心理准备
46621,3056,阮智超,2017-01-22 04:17:16,-13,9,22,不知道为什么大家评价很烂，我很喜欢阮老师的上课方式，带着讲一点课外知识，但考试重点会专门提醒。虽然今年貌似所有大物老师都没有调分，但还是如愿以偿地满绩了，谢谢老师。
47610,3056,阮智超,2017-02-08 00:10:38,1,4,3,的确是一位很有耐心的老师，但是讲不清楚，重点不分也是事实。经常强调物理图像也是很醉，给分只能说呵呵
59766,3056,阮智超,2017-10-16 02:34:46,2,3,1,我的天，这老师讲课真的没重点...很无聊很吃力
63431,3056,阮智超,2017-12-04 03:09:19,0,1,1,挺好的。
69947,3056,阮智超,2018-01-25 23:12:28,-5,0,5,大萨尔的复古套头印花
70267,3056,阮智超,2018-01-26 10:20:06,3,3,0,讲课挺乱的感觉，虽然最后给分还不错，但是听他课不如自己看书
71542,3056,阮智超,2018-01-28 15:06:26,0,1,1,课感觉讲的一般，确实没什么重点，很多内容都是自学的，不过感觉老师还是很认真负责的啦
72108,3056,阮智超,2018-01-29 11:04:34,15,16,1,不是很理解一些评论。是一个很好的老师，平时有问题会很耐心地帮忙讲解，虽然会对学生听不听课这个事情比较执着。虽然我整个学期没怎么听课，但这是我个人的问题，期中考后还会劝同学们要放心安慰同学的老师很少见了。还会给大家强调物理图像的问题，确实，有时候构建一个物理图像后确实比较好理解。与分数无关，确实是一个好老师。老师个人的成就很高，但是装装逼这是一个很正常的行为，而且他也就第一节课装一下而已，可以理解。
80068,3056,阮智超,2018-06-19 13:28:22,1,4,3,讲不清楚，稀里糊涂
93298,3056,阮智超,2019-01-09 01:54:22,0,1,1,老师真心不错啊，只是期末不调分而已，为啥评分怎么低\n\n我不管，我就要给超哥打call！\n\n吹爆！
93447,3056,阮智超,2019-01-09 15:52:07,12,13,1,印象最深的就是他为物竞获奖的同学发奖状时永远双手转交，而同学们却都单手接奖状，其实老师没有评论里说的那么会装*，至少这个学期的课里我没有听到他吹牛过。但是在教学水平上老师的确还有待提高，有时候讲课真的不太想听…不过老师也真的很想同学们拿高分的，重点每次都会着重强调。
100177,3056,阮智超,2019-01-25 16:46:25,4,6,2,还行，平时分交作业应该就给满了，其他两次考试就靠自己了。很负责任，平时讲课认真听也有收获，但期末还是要认真自学。
100186,3056,阮智超,2019-01-25 17:01:21,2,2,0,老师人很好，和前排同学很熟
116394,3056,阮智超,2019-09-10 01:30:47,4,5,1,我觉得是好老师啊。对物理有自己的思考
141546,3056,阮智超,2021-10-14 02:25:05,-2,0,2,上课真的不行
145543,3056,阮智超,2021-12-30 08:03:55,9,10,1,谈一谈我对他的看法\n\n优点：上课思路清晰，会跟学生强调什么是重点，知识点怎么考察，能把内容讲清楚。感觉老师有好好准备，就是做ppt水平很一般，有用心备课（老师本身是博导，应该是比较忙的）对待学生态度比较友好，钉钉或线下提问他都挺乐意解决的。上课没点过名。没装过逼。\n\n缺点：喜欢抽同学回答问题，有的时候一节课能把所以同学问一遍，答不上来倒是没惩罚。但很拖课程进度，有时该讲的内容讲不完。老师课程安排有些不合理，课程中期会拓展一下课程以外，考试无关的东西。导致最后几节课只能开飞机\n\n\n\n最后附一段老师最后一节课的话：“我其实不看重你们的成绩，即使不及格也好，但我希望你们能一直保持学习的热情！”
147895,3056,阮智超,2022-01-11 06:07:24,1,1,0,给分好差
147991,3056,阮智超,2022-01-11 09:07:59,-6,1,7,给分差，期末不调分，给我卡绩了。人不错，不点名，综合一下给个7分吧。
185152,3056,阮智超,2023-12-27 00:31:19,15,16,1,老师的评分绝对低了，大家不要被评分吓到了。\n\n阮老师绝对是好老师，很和蔼很乐意回答同学的问题，和前排同学很熟（我就在第一排），钉钉也会及时回复。并且老师有认真备课，每一次上课前一天晚上都会把PPT发到钉钉群里，上课时重点明晰，思路顺滑。\n\n不足的是，虽说老师自身的水平是毋庸置疑的，但有些地方可能扯得不是很清楚，有时为了赶进度把课讲完，最后四五节课会讲得很快。不过这些问题都可以向老师提问，老师真的很乐意解答的！\n\n总结来说就是，能力强的同学无脑选，一般同学如果被预置到阮老师的课，也大可不必退课。\n\nps.本人是大一秋冬学期跨选大物(甲)Ⅱ，期末还没考，但前几个月上课体验真的很好。
187810,3056,阮智超,2024-01-17 15:31:09,11,13,2,回来还愿了！\n\n大学第一个硬课满绩给了大物Ⅱ，我爱阮老师！\n\n（没错，下面最新的一条评论也是我写的）
190035,3056,阮智超,2024-02-11 13:56:09,14,15,1,23秋冬大物甲Ⅱ回忆：\n\n1.rzc老师点名方式比较特别，每节课（注意真的是每节课！）学在浙大有一两道选择题，做了就算你到（做对做错不影响）；我大概漏了两道。\n\n2.三次小测，两次在期中考前一周，一次放在期末考前一周；每次四道大题，满分二十分，题型比较常规的，PPT、作业认真写即可（我三次16、17、19）。老师说过小测在平时分中占比不大（不知道是不是安慰）。\n\n3.老师强调过平时作业会作为平时分重点考察依据，建议大家认真书写过程。同时秋冬学期有物理竞赛，参加了有机会加分（我是二等奖，加了四分，最后平时分满了）\n\n4.自学选手，老师课上得如何不好评价；但是同学提问老师解答得很耐心，看得出来非常负责。\n\n5.出分比较慢，平时分应该会调，最后群里 “谢谢老师”也发的挺积极的。
199242,3056,阮智超,2024-09-20 00:15:46,-9,3,12,讲课喜欢扯，口齿不是很清晰，喜欢装逼
207152,3056,阮智超,2024-12-19 12:25:50,-3,6,9,真的抽象，哥们你是来代课的，卷子也不是你出的，大家不听你的课去听原本老师往年的智云没毛病吧？你整这？节节课小测就不说了，一分钟雷达是我见过最恶心的点名方式。混合班之耻！
208014,3056,阮智超,2024-12-25 08:08:14,5,5,0,感觉老师人还是很不错的，小测难度也比较合理，小测会严格要求考场纪律
210995,3056,阮智超,2025-01-10 09:47:45,3,5,2,省流：打分很好，上课一般，点名以上课中间一两道学在浙大测试题形式开展，小测不难。\n\n打十分理由：本人没有翘课的习惯，一般上课哪怕不听也会去教室坐着，所以阮老师的点名对我来说只是顺手的事；本来没有很喜欢他的上课，但答疑让我对他有很大的改观，在专业课老师装死的时候阮老师平时以及期末一直到出差前都是不超过二十分钟就回复的速度。\n\n来点个人感受：刚开始上课有点刻板印象，虽然他上课确实一般，不过能感觉到在认真想要把课上好；上知识点没有xxp硬，有时候会讲一些废话，比如学物理的目的什么的……答疑的态度没话说，是我目前遇到态度最好的老师。
211000,3056,阮智超,2025-01-10 10:00:20,4,5,1,老师评分低了，上课确实有点口齿不清，但是老师态度很好的，有问题也必答的\n\n签到方式是xzzd的测试做题，对错不管，做了就算签到，其实挂着智云的话比雷达点名好对付\n\n小测难度不算高，时间充分，老师很重视考场纪律，小测还要换座位（笑了）\n\n平时分还是给的不错的
211121,3056,阮智超,2025-01-11 00:51:51,3,3,0,小测简单
213053,3056,阮智超,2025-01-16 01:35:34,-1,0,1,之前看评论，以为rzc调分，结果今年出差了，没有调分，被狠狠卡绩\n\n优点：小测简单\n\n缺点：不保证调分，每节课点名（智云选手需要找人帮忙盯一下）
216083,3056,阮智超,2025-03-10 08:36:42,1,1,0,说实话，阮老师讲课水平确实一般，而且基本上有一半多的课需要在学在浙大做选择题当做点名。小测题目难度不是很高，偏基础，而且小测监考还是比较严格的，小测之前还会对教室座位移形换影。\n\n论给分的话，老师今年确实调分了，我四次小测平均19/20，点名全到，作业全交全对，然后最终学在浙大显示的平时分是36（因为我竞赛二等奖可以加四分刚好四十），可见老师确实会调平时分。期中期末统一阅卷，应该想改也不好改吧。
9593,3087,陈星,2015-11-02 11:04:28,9,14,5,给分85左右
11403,3087,陈星,2015-11-30 08:05:07,0,2,2,ririri
14146,3087,陈星,2016-01-05 02:46:58,0,3,3,一般。
15731,3087,陈星,2016-01-16 07:59:50,8,12,4,自以为是，有时甚至让人怀疑他懂不懂物理。脾气乖戾，给分基本看他心情。很糟糕。
18102,3087,陈星,2016-01-21 07:43:26,12,15,3,这就是一个纯傻逼，千万别选他的实验。也别是小课题。有他在别想做出结果。呕心沥血不给分
18236,3087,陈星,2016-01-21 10:17:44,6,9,3,sb老师   乱指导   期末根本不看报告 千万别选
24885,3087,陈星,2016-05-04 08:17:56,-16,6,22,很有耐心 启发学生思考
34272,3087,陈星,2016-09-29 12:21:33,-21,4,25,很不错的老师，楼上的不知道怎么想的
34408,3087,陈星,2016-10-10 02:18:01,8,11,3,邋遢，感觉老不换衣服。办公室全是垃圾堆。裤链没拉都不知道
34803,3087,陈星,2016-10-23 14:47:36,1,4,3,呵呵呵
35210,3087,陈星,2016-11-05 10:04:06,1,3,2,给分很低，态度也差
38497,3087,陈星,2016-12-07 06:45:35,0,1,1,他可能不会
40531,3087,陈星,2017-01-04 04:02:14,1,3,2,给你脸了?
41917,3087,陈星,2017-01-13 08:24:04,24,26,2,别的大物老师批实验报告时候满分100，他批实验报告时满分是90。。
42837,3087,陈星,2017-01-15 09:04:38,16,18,2,大物实验何gg只是给分底，陈星是真的傻逼
49503,3087,陈星,2017-04-17 06:55:57,1,2,1,最高分90
49517,3087,陈星,2017-04-17 12:48:16,-20,3,23,他的三个实验我都选了，平均分也有88+，实验都很快，注重实用，讲解比老一辈清楚很多……
51297,3087,陈星,2017-05-29 07:47:43,-26,2,28,给了我普物实验最低分，90。。。\n\n
60824,3087,陈星,2017-10-31 01:52:40,3,4,1,讲的是挺好，但是满分90不是虚的。。两个实验数据误差都很小也不过88.89
62122,3087,陈星,2017-11-22 12:26:41,9,12,3,老师原话:你们中很多人还是不会写实验报告，课上到现在，我一共改了五百多份实验报告了，只给了两个九十分，哎。\n\n傻逼老师。
63170,3087,陈星,2017-11-29 02:12:38,6,8,2,大物实验选了他的实验，到了实验室发现只有两个人选了，，，自我安慰是没用的，建议，慎选！慎选！！！\n\n
63408,3087,陈星,2017-12-03 08:17:30,8,9,1,傻逼老师，书上给的计算条件是错的他也不告诉你，最后误差算出来能超过200%。
63535,3087,陈星,2017-12-06 08:18:25,3,5,2,不多说了 只能打一分
63705,3087,陈星,2017-12-13 07:23:39,-11,2,13,老师给了我92...
66072,3087,陈星,2018-01-11 10:01:08,1,3,2,Oh fuck you leather♂man
68770,3087,陈星,2018-01-24 01:05:24,-4,1,5,阿星真的很严格   \n\n做实验同样的结果下，他给分确实比其他老师低5分左右  \n\n小课题慎选  因为你做得很好也就90左右 换别的老师会给95左右
70909,3087,陈星,2018-01-28 00:03:07,1,4,3,给分90封顶可能是切实的！大物实验真的给分看老师的，当时我周四的老师也可以选觉得换时间麻烦就不选了，但是当你最后考试前算算平均分，我后悔到哭，老师是选课靠抢的。\n\n陈星老师给分90封顶，下面有评论说拿过92，就算是真的那肯定是极少数，我看过他篮子里的一堆报告，真的最高90，他说我们报告不会写写得和一个计算题一样，要写过程啊，然后我还窃喜哈哈哈那我就写过程吧说不定几百年来能突破90呢\n\n最后两次报告是他，都写了过程，嗯最后是89 90哈哈哈哈真的最后忙炸天的时候别对自己太自信，你真的能拿到高分？？不要自己去试水 不要盲目认为自己就真的可以拿高分（请大佬们忽视这句话）大物实验给分和思政课一样，真的看老师，除非你特别厉害\n\nemmm但是讲的还行的，帮你检查下数据是否合理啊什么的也讲清楚了这都是事实\n\n（如果有人问为什么90还嫌低emmm反正你自己上几节就知道没有对比没有伤害）\n\n
86857,3087,陈星,2018-09-19 05:51:39,8,10,2,绪论课所有班都下课了只有他在津津有味的讲着他的光阑?
87982,3087,陈星,2018-10-19 08:39:08,0,1,1,体验极差，给分极低，超级认真的去做数据分析了分数还不过90，付出回报不成正比，不喜欢他的上课态度
88711,3087,陈星,2018-11-06 08:00:46,0,1,1,绩杀啊。。。。真的是绩杀
90738,3087,陈星,2018-11-25 13:36:57,-11,0,11,他讲大雾实验会把很多内容都告诉我们，虽然思路不是很清晰，但是能感觉到老师确实想让我们明白。然后给分我觉得还好啊，你们都说90分是他的满分，我也没觉得自己能够满分啊。给分还可以的叭
92584,3087,陈星,2019-01-03 04:20:13,1,3,2,辣鸡玩意儿\n\n
92752,3087,陈星,2019-01-04 07:08:03,3,6,3,好老师，能坑一个是一个
93595,3087,陈星,2019-01-11 00:34:43,1,1,0,一分不能再多了，千万别选他的实验。实验步骤操作让我们看教材看实验室的小册子，自己一点都不讲，东扯西扯他的私货，扯完就走，等实验做完了回来签个字，态度奇差，给分奇低，前面一堆94，95到这里下90，真的辣鸡老师。
93646,3087,陈星,2019-01-11 05:31:08,0,0,0,一个屁实验怎么这么多d事
96019,3087,陈星,2019-03-15 03:50:34,12,12,0,死?傻逼老师
98063,3087,陈星,2019-01-23 04:40:08,0,0,0,事情超多，给分超低，体验超差，绩点超拉
102606,3087,陈星,2019-02-12 13:24:45,0,0,0,做的老师的小课题，没做过他的小实验，只记得有一次聊天时他非常认真的说自己从不轻易给学生90......所以，选实验的时候慎选就对了
103268,3087,陈星,2019-02-27 05:47:10,0,0,0,666
104869,3087,陈星,2019-03-29 04:20:49,3,3,0,我上的是他的实验课，上实验的时候，刚开始说，让我们看一下讲义，可能会跟我们的书不一样。真的是不一样，刚看完讲义，半节课也过去了，他讲的时候呢，真的没讲什么重点，不知所云，先是讲了一大堆学生怎么买材料，实验内容倒没怎么提到。做实验的时候问他问题，回答的不知所云，而且他回答的超级长，每次就说上十几分钟，又不好意思不听他讲话，要礼貌，礼貌礼貌着时间就没了……我又不想骂人，但是他实在是很让我难受
108423,3087,陈星,2019-05-24 00:40:53,5,5,0,超级爱BB，结果不知道在讲什么，大物实验千万别选陈星
114659,3087,陈星,2019-07-11 02:56:48,1,1,0,大物实验吧……废话有点多……\n\ncare绩点就不要选他的了，一满筐实验报告里饭初一一张最高分92
117730,3087,陈星,2019-09-30 03:07:26,3,3,0,这傻逼老师?人不要了？
118061,3087,陈星,2019-10-20 03:29:04,5,5,0,老师很特别，穿着特别，长相特别，讲述实验也特别，给分也额外特别，嗯嗯，就这样子！
118188,3087,陈星,2019-10-22 10:22:38,4,5,1,很努力挖掘每一个老师优点的我，在他这里失败了，所以，懂我意思吧
118262,3087,陈星,2019-10-24 04:34:21,2,2,0,80分，不说啥。\n\n我tm的还选了他两个实验
123726,3087,陈星,2020-06-13 03:06:36,2,2,0,PPT上给的数据处理方法是错的，到实验快做完了才告诉我们，白忙活一个多小时，废话一箩筐，重复的话不知道说多少遍，实验报告真的给分低，垃圾老师
126757,3087,陈星,2020-10-18 23:46:45,4,4,0,傻孩子们，快跑啊！！
128264,3087,陈星,2020-12-15 13:53:16,0,1,1,快！！跑！！！！
128996,3087,陈星,2020-12-28 06:31:12,2,2,0,硬要说我凑数据，我是真的迷。说了还不听，说书上公示不对，所以结果不大对，也不听。得，全是学生不行，脏了您实验室是吧？
136638,3087,陈星,2021-06-22 09:40:08,1,1,0,挺无语的
137106,3087,陈星,2021-07-01 08:12:27,1,1,0,这老师脑子有点问题 总喜欢拉人去他的全息实验室 每次实验先讲二十分钟的全息实验 还喷你一脸口水
140836,3087,陈星,2021-09-16 15:48:21,1,1,0,什么东西…实验绪论讲了两个小时的全息摄影和\mu子探测…
141686,3087,陈星,2021-10-20 04:56:46,0,1,1,就…你不信同学们的话可以试试。 反正我是试过了
143370,3087,陈星,2021-11-24 09:41:23,0,1,1,没有一个2.2分的老师会是被冤枉的
145527,3087,陈星,2021-12-30 07:15:08,0,0,0,上课就知道讲自己的光阑，说啥正事都能扯到他的全息，服了
145550,3087,陈星,2021-12-30 08:15:11,0,1,1,这么久了，遇见最拉的老师，消息总是已读不回，只能说跟他交流过的，懂得都懂
145681,3087,陈星,2021-12-31 06:43:18,2,2,0,相处很愉快。老师是真的对研究的问题很感兴趣，也乐于尽可能为同学们提供更好的条件。他的普物实验2的要求可能还是比较高的。评分给了10。
163203,3087,陈星,2022-12-09 14:47:26,0,0,0,自己也不会，呵呵
5447,3112,黄凯凯,2015-07-07 13:55:00,0,8,8,给分极好
6969,3112,黄凯凯,2015-08-23 10:40:20,3,12,9,是个好老师，而且教子有方
9697,3112,黄凯凯,2018-09-17 04:48:45,0,6,6,还可以吧
23177,3112,黄凯凯,2018-11-05 12:07:39,-3,6,9,给分确实不错。
25797,3112,黄凯凯,2016-06-08 11:21:03,13,17,4,给分今年极低啊
26105,3112,黄凯凯,2016-06-15 23:23:32,1,6,5,实验课超简单有资料超级水给分还高
34833,3112,黄凯凯,2017-01-02 01:45:43,2,4,2,真的好
35230,3112,黄凯凯,2016-11-07 03:02:29,-4,6,10,给分好到哭
44639,3112,黄凯凯,2017-01-18 05:12:43,5,9,4,拉分神器
49141,3112,黄凯凯,2017-03-27 12:10:59,-4,8,12,给分真的好，两次实验一个99一个98
49257,3112,黄凯凯,2017-03-31 05:13:47,0,2,2,由于查老师上没有，我只好在这说：物理实验不要选肖维文！！！
49293,3112,黄凯凯,2017-04-02 02:54:38,20,25,5,给分没有传说中的那么好 实验还是选自己真正有兴趣的吧，不然分数低还不喜欢做特别闹心
49318,3112,黄凯凯,2017-04-05 06:57:19,34,42,8,统计了几个同学的。实在无法理解为什么说给分好。
49426,3112,黄凯凯,2017-04-12 03:54:41,-3,5,8,给分很好啊 只要认真做认真写～
51104,3112,黄凯凯,2017-05-17 08:46:06,-21,6,27,一共选了三个，全是100分?
58851,3112,黄凯凯,2017-09-18 05:34:29,0,1,1,很和蔼
60516,3112,黄凯凯,2017-11-17 06:57:04,1,5,4,emmmmm其实还不错啦
60673,3112,黄凯凯,2017-10-26 10:02:26,0,4,4,还不错
64005,3112,黄凯凯,2017-12-20 13:31:45,1,4,3,感觉讲的不清楚，给分也没感觉很好
65218,3112,黄凯凯,2018-01-01 06:09:57,0,3,3,不能再给多了
67009,3112,黄凯凯,2018-01-20 01:39:39,5,10,5,给分奇差，大家注意避雷，说给分好的估计都是以前了。给了我两个80，我其他都是起码90，我也没有说单独这两个实验做的不认真什么的，莫名其妙的低，请大家谨慎选课。
67592,3112,黄凯凯,2018-01-21 15:20:49,0,2,2,Emm，我大物实验最低分和最高分都是他给的，讲的一般，可能分光计确实比较难
70615,3112,黄凯凯,2018-01-27 09:49:39,-2,6,8,3次99
80474,3112,黄凯凯,2018-06-27 02:18:50,7,8,1,莫名其妙给了我个60，手动再见
91181,3112,黄凯凯,2018-12-03 00:54:48,-10,2,12,惊了...给了我100分
93742,3112,黄凯凯,2019-01-12 13:54:32,-1,1,2,大雾实验，老师讲得还行，给分真的看报告，两次报告自己写了点自己的想法给分奇高，甚至满分！！！也许老师真有火眼金睛吧，嘿嘿嘿。
94214,3112,黄凯凯,2019-01-16 00:42:00,1,1,0,哎呀呀
104305,3112,黄凯凯,2019-03-17 09:29:52,13,14,1,说真的，完全无法理解这个成绩，别人实验敷衍了事只想快点下课，数据一塌糊涂，他觉得真实还给高分？？我他妈这么认真做实验，数据就是好怎么了？？分析我跟那人差不多他妈他满?，我3点几？
104602,3112,黄凯凯,2019-03-25 04:21:25,-37,3,40,真心不满意，连续两次在您那做实验，也算回头客了，才一次98一次95，给分太少，给您8分吧
104628,3112,黄凯凯,2019-03-25 11:33:20,-7,2,9,男神！！！
105253,3112,黄凯凯,2019-04-08 11:45:34,-16,2,18,给分超级棒\n\n一个97一个98\n\n就是上课感觉稍微有点不走心\n\n给您9分
107899,3112,黄凯凯,2019-05-11 03:06:34,0,0,0,你连的电路太恶心了~\n\n
108318,3112,黄凯凯,2019-05-21 03:31:15,-5,0,5,男神！！
108517,3112,黄凯凯,2019-05-27 14:04:28,10,10,0,给分是真的低(ﾉಥ益ಥ)
110135,3112,黄凯凯,2019-06-23 14:16:53,-12,2,14,给分真的好，甚至会有100\n\n
127023,3112,黄凯凯,2020-11-03 03:28:39,5,8,3,挺一般的吧，讲的乱，给分也差
134915,3112,黄凯凯,2021-04-22 08:01:03,-6,0,6,人是好人，但是很凶
135737,3112,黄凯凯,2021-05-22 10:16:08,2,3,1,也就是凭一己之力把我绩点拉下一档罢了，整个学期十次实验，最低的两次都是他给的，一次82，一次85，真的是随机给分是吧，我认认真真分析数据把每个不确定度都算一遍最后分析提点自己的想法和认为有问题了？给这么差的分也不告诉我为什么，选他两次实验真的是我这学期大物实验最不该做的事（/微笑/微笑）
135871,3112,黄凯凯,2021-05-31 06:50:39,-1,2,3,实验给分不好
135928,3112,黄凯凯,2021-06-03 14:02:45,4,6,2,惊了，大物实验不确定度都是按书上给的公式好好算的，公式也写上了，为什么说我不确定度分量没算呜呜呜实验分杀我呜呜呜
141483,3112,黄凯凯,2021-10-11 13:30:33,4,5,1,CNMD，你特么就是乱给分
145375,3112,黄凯凯,2021-12-29 08:22:10,6,8,2,大物实验他实验给分奇低！！！
162377,3112,黄凯凯,2022-11-21 07:44:08,7,9,2,上他的课之前：实验均分94\n\n上他的课之后：史低 好啊是史低
171779,3112,黄凯凯,2023-04-05 06:02:11,7,9,2,从来都是九十多，他的实验给我整了个七十多，实在是无语了
172423,3112,黄凯凯,2023-04-26 14:26:07,3,4,1,谢谢你，分低的要死，时间还花的最多
173109,3112,黄凯凯,2023-05-13 14:13:46,3,4,1,给分低钉钉已读不回宁有事吗宁
173134,3112,黄凯凯,2023-05-14 07:41:34,-4,1,5,很不错的老师
173268,3112,黄凯凯,2023-05-17 08:23:47,5,6,1,实验给分是真的低
183968,3112,黄凯凯,2023-12-05 05:55:15,5,7,2,蝗忾忾，谁选它谁sb，不解释\n\n\n\n我选了它两次，所以我是大sb\n\n\n\n\n\n草你妈的逼，我他妈操死你啊hkk，妈了个巴子她妈的其他老师全给我90+你他妈78是几个意思啊，打这个分真的跟78的读音一样，纯鸡巴乱搞。\n\n\n\n妈的你可以看看在实验网站其他老师都有联系方式，就你他妈没有，我看你倒是有点自知之明，怕有人给你发短信喷你是吧，呵呵\n\n\n\n大物实验给分好个屁，全是狗屎放屁，谁信谁吃屎。我选了它两个一个73一个78，垃圾垃圾垃圾
185518,3112,黄凯凯,2024-01-01 13:26:25,4,5,1,笑死\n\n大物实验其他都是90+\n\n在他这边分数最清奇\n\n一个83一个87\n\n我那杨氏模量打了半天的表跟小丑一样\n\n\n\n想要拉低绩点就选
185548,3112,黄凯凯,2024-01-02 06:01:10,1,2,1,给分很差
186855,3112,黄凯凯,2024-01-13 09:19:53,0,1,1,大物实验...慎选\n\n一坨\n\n不想评价了
191072,3112,黄凯凯,2024-04-01 03:11:00,2,4,2,是看xianyuxuan说hkk全打满分选的，，，然后85...我坐标值算出来不好把数据偷偷改了（觉得应该不会看照片再给我读一遍吧...)，不确定度相对误差都算了，85是什么鬼。。。为什么说都是100？下次还是看查老师吧（啊本来其他实验分也不高就90+完蛋了彻底完蛋了）现在液体张力相对误差67&...要改的数据太多了害怕被发现啊啊啊...给孩子条活路吧...实验做不好我还是...啊啊啊
205697,3112,黄凯凯,2024-12-11 09:03:25,3,4,1,大物实验给分非常差
207827,3112,黄凯凯,2024-12-24 12:01:38,-1,3,4,秋冬学期的金属杨氏模量测量，黄凯凯是我爹，给分太好了
208865,3112,黄凯凯,2025-01-02 16:12:58,2,2,0,出分慢，给分奇差（双85，其他平均93），测量的数据也多
209357,3112,黄凯凯,2025-01-05 14:25:33,1,1,0,给分很差，慎选，lz拿了一个82.。。
211627,3112,黄凯凯,2025-01-12 05:04:38,-2,2,4,选了黄凯凯老师的金属法测杨氏模量，获得了历史最高分99分，谢谢老师！
213151,3112,黄凯凯,2025-01-16 06:41:28,0,0,0,同金属法测杨氏模量，测量的事情多，上课讲不明白，给分死差\n\n那两个高分的是水军吧……
216672,3112,黄凯凯,2025-03-20 13:34:01,0,0,0,金属材料杨氏模量给分低
220163,3112,黄凯凯,2025-06-16 02:44:41,1,1,0,普物实验莫名其妙给我一个70
15260,3247,朱蕾,2016-01-13 05:02:23,-3,3,6,很好的 给分很好
22321,3247,朱蕾,2016-03-03 14:41:03,-5,9,14,给分差
23295,3247,朱蕾,2016-03-24 01:11:43,-2,2,4,给分超级好啊
24111,3247,朱蕾,2016-04-27 10:56:21,1,9,8,给分简直好到爆，写得不是很好的也能96，认真点（比如实验器材画个图）分分钟98，实验简单给分高，你还犹豫什么？
26107,3247,朱蕾,2016-06-15 23:44:23,4,11,7,老师真心给分好的，是我遇见所有实验课老师给分最好的。虽然讲得不怎么样。可是那个实验课老师又讲得怎么样呢？
34432,3247,朱蕾,2016-10-10 08:58:35,-1,3,4,实验简单，分分钟90+！老师人也超级好，what r u waiting for?
36857,3247,朱蕾,2016-11-16 09:04:16,-2,1,3,给分非常好，脾气也好，不像很多老师很容易就会不耐烦，讲解实验流程也不敷衍，真心推荐
38124,3247,朱蕾,2016-11-25 01:30:43,-2,0,2,分很好
38597,3247,朱蕾,2016-12-11 10:57:10,-1,2,3,给分真的好到爆，人也很nice，打碎实验仪器也没说什么……实验也很简单呀(当然难的实验你可以抄数据嘛)
41163,3247,朱蕾,2017-01-09 15:35:48,-3,0,3,推荐！！！
41226,3247,朱蕾,2017-01-10 06:09:31,-3,3,6,给分虽然好，但是讲的太差，而且检查数据也不认真，这样对于学习有何助益呢？不推荐。
45766,3247,朱蕾,2017-01-20 05:01:43,-2,2,4,本来还想给她打个高分的，给分的确不错讲的也还行，可是我交了报告你15天不改还说我没交是几个意思？弄丢我报告反咬我一口不给成绩我也是醉的不行。
47341,3247,朱蕾,2017-01-25 10:42:47,-2,0,2,给分好
47576,3247,朱蕾,2017-02-02 05:19:31,1,3,2,老师人是挺不错的，主要是她的实验都超水，给分也没有随便的96，98，不过上90还是挺容易的
50306,3247,朱蕾,2017-05-02 09:11:32,-2,0,2,给分不错
51065,3247,朱蕾,2017-05-16 01:31:46,0,1,1,啊我觉得讲的很好啊，可是出分好慢而且看到不少人都在问她分我有点虚啊同没出分的担忧的不行。
51105,3247,朱蕾,2017-05-17 10:24:24,5,6,1,老师讲的蛮好的，就是给分不高，都是89啊91啊这样的分
63028,3247,朱蕾,2017-11-28 03:09:18,0,0,0,给分水
79239,3247,朱蕾,2018-05-28 09:50:16,-3,1,4,选了三个实验，总共被扣10分，自行体会
80525,3247,朱蕾,2018-06-27 11:39:24,2,3,1,写了两三个小时的报告，附上了线性回归的图表完全没有看，就写了一个“图呢？”给了低分，很不负责任。
80918,3247,朱蕾,2018-07-02 16:14:01,3,3,0,老师讲的很细致，给分也好的，老师很温和，会帮你看数据的，主要就是按老师要求来写报告就没问题的
104765,3247,朱蕾,2019-03-27 10:29:38,1,1,0,给分真的不好 感觉写得很认真 但是莫名其妙低 评分没依据
135738,3247,朱蕾,2021-05-22 12:38:27,0,3,3,经常做完实验找不到老师签字，给分也很低
153685,3247,朱蕾,2022-05-08 01:49:07,1,1,0,这给分给我沉默了，感觉认认真真写的自己像个小丑，也没有什么反馈。
2221,3251,陈水桥,2015-04-11 02:40:40,35,41,6,给分很高，就是这样
8406,3251,陈水桥,2015-09-21 03:45:47,10,13,3,给分好
9272,3251,陈水桥,2015-10-19 11:29:46,7,9,2,给分高，不解释\n\n
9524,3251,陈水桥,2015-10-29 08:13:00,3,6,3,给分很高
9556,3251,陈水桥,2015-10-30 12:27:35,-2,4,6,满分，不解释
9775,3251,陈水桥,2015-11-09 01:37:20,3,4,1,三个字
17478,3251,陈水桥,2016-01-20 09:31:44,4,5,1,哈哈哈哈好老师哟
24680,3251,陈水桥,2016-05-03 04:49:11,4,8,4,以为给分好
26108,3251,陈水桥,2016-09-22 11:36:55,-15,6,21,陈老师讲课不错的，可是相应要求也严格，最后一堂课点名。看见15年大家评论说给分超好，就作死选了他3个实验。可是后来他风格大变，加上光学实验最难，同时他还不发实验报告，给分合理，但是偏低。上90不容易。
28859,3251,陈水桥,2016-06-29 00:25:25,5,5,0,好好好
32835,3251,陈水桥,2016-07-17 05:57:37,4,4,0,给分极好的
35215,3251,陈水桥,2016-11-06 04:03:37,4,5,1,三个实验分别拿了93，94，95，讲的仔细给分好
42579,3251,陈水桥,2017-01-14 13:21:21,2,3,1,讲课耐心，认真负责
42580,3251,陈水桥,2017-01-14 13:22:03,1,1,0,认真负责，给分好
42835,3251,陈水桥,2017-01-15 08:54:48,1,3,2,给分好，人温柔
45018,3251,陈水桥,2017-01-18 23:57:06,4,6,2,给分没有传说中那么好 基本都是93 94 老师人萌萌哒
49122,3251,陈水桥,2017-03-27 06:40:08,1,1,0,老师人很好啊给分也美丽三次都上90啦
49255,3251,陈水桥,2017-03-31 05:11:38,48,52,4,由于查老师上没有，我只好在这说：不要选肖维文！！！
52014,3251,陈水桥,2017-06-14 06:54:23,5,5,0,给分好 但是出成绩有点慢 几乎以为报告给整没了
60684,3251,陈水桥,2017-12-20 13:51:55,9,9,0,先给陈老师打满分，再借楼说肖维文：\n\n实验前不讲要干什么也不演示，做错一顿骂还带“md、艹”这样的字；整天说自己美国留学回来在带博士生发了好多论文；心态是真的差，有点火就往学生身上发，给分也是高不到哪里去的。实验本身又很恶心，加热完再降温能弄到下课，能不选就不选。
60911,3251,陈水桥,2017-11-02 08:01:56,1,1,0,实验课给分好就算了，关键是讲的还那么清楚
61383,3251,陈水桥,2017-11-16 02:16:24,0,7,7,三个实验都给了我89分，没有想象中的好。
63301,3251,陈水桥,2017-11-30 08:04:25,2,2,0,选了老师的大物实验。老师讲课非常细致，和蔼可亲，仪器调不好也会帮忙。上课感觉超赞。 签名会看数据，误差大可能会建议赶快重做。\n\n给分似乎分两档。 \n\n没什么问题——95。 \n\n数据有【大】bug 89_(:з」∠)_ \n\n不发实验报告，实在要得找老师。
63642,3251,陈水桥,2017-12-11 08:45:18,24,24,0,给分挺好：分光计的调整和使用95 棱镜偏向角92 双棱镜干涉95 发邮件能及时回复\n\n注意：必做实验分光计的调整和使用会讲很多课外内容，概括如下：1.女孩子的动手能力比较弱，我开玩笑哦2.我是一个比较厉害的人，画画没学过却得奖，这是天赋谢谢；我是搞仪器的，但我硕士是计算机的，所以程序我懂得蛮多的，昨天我还给某小组指导了一下；我有各种专利（这是笔者听其他同学说的）3.物理系有些孩子读书读傻了，同学们一定要开朗，多说说话
66937,3251,陈水桥,2018-01-19 10:45:45,1,1,0,老师人真的很好！讲得细致给分还好！可惜只抢到一个实验…借楼说句，不要作死选王立刚的实验！等了一个多小时才来讲解，仪器有问题根本找不到人，实验报告满分90，没有数据错误85起扣，嗯。
71682,3251,陈水桥,2018-01-29 00:35:05,0,2,2,陈老师给了我三个95，感动到哭！虽然大雾实验这门课最后的绩点和平时分好像并没有什么卵关系。。。选实验前有很多前辈说不要选光学实验，后来发现光学实验其实挺简单也挺好玩的。。。
72331,3251,陈水桥,2018-01-30 02:15:28,15,16,1,签名之流畅洒脱随性实乃我生平仅见
77003,3251,陈水桥,2018-04-28 04:23:58,-2,2,4,讲的很好，给分也很好，人很好，会帮你看数据，基本上都会给95这个样子，只是我最后一个实验不知道出了什么问题得了94? ，总之去抢他的实验吧
79947,3251,陈水桥,2018-06-16 04:27:56,0,3,3,老师每次都给我95！！！
90051,3251,陈水桥,2018-11-22 03:20:35,5,7,2,诸位上课时要问问自己，陈水桥什么时候来？到哪里找陈水桥签字?
92939,3251,陈水桥,2019-01-06 03:58:48,-3,2,5,给分太好了叭！写得好95写得不好94！赶紧去抢他的课吧！
104750,3251,陈水桥,2019-03-27 04:25:19,0,0,0,别问，问就陈水桥
104964,3251,陈水桥,2019-04-01 06:03:59,-1,1,2,给分差给分差给分差
104965,3251,陈水桥,2019-04-01 06:09:46,4,4,0,不知道为什么评分还要写评价，那我就随便说说好了，可能是我太菜了吧，明明数据没什么问题，自我感觉思考也挺全面的，愣是没上过一次90，有一点难过吧
106654,3251,陈水桥,2019-04-28 16:23:59,1,1,0,上课讲的很清楚也很幽默，但还是有点伤心…不知道是楼上大佬太强了还是我太菜了，数据好好处理了思考题也按他上课讲的写了，可是目前实验的三个最低分全是他给的…
108549,3251,陈水桥,2019-05-28 06:35:56,-7,1,8,大物实验不要被评分骗了，给分说实话不太好，十个实验唯一一个90分以下就是他给的真的憋屈，而且上课都是助教在上
108583,3251,陈水桥,2019-05-29 04:13:32,3,4,1,估计是以前给分很好..但现在给分很差..真的很差..讲的倒还是很好的
109082,3251,陈水桥,2019-06-07 12:27:55,1,2,1,如果是大物实验丙的同学还是别选陈水桥了
109534,3251,陈水桥,2019-06-16 15:36:11,7,7,0,本学期上了三次课，三个95分\n\n怎么说呢，老师对于报告的批改相比于其他老师算是松的，课后的思考题还会直接告诉你答案。\n\n还有就是，奉劝后选的各位选光学实验一定要慎重。仪器复杂，步骤复杂，眼睛也看得难受（本人就是选了3次光学实验，跟其它实验的难度不是一个档次的）
118241,3251,陈水桥,2019-10-23 12:57:12,3,3,0,选他！给分！高！
119629,3251,陈水桥,2019-11-14 10:31:22,1,1,0,给分很棒，人很和蔼
120418,3251,陈水桥,2019-12-04 07:27:43,1,1,0,没啥体验，主要靠自己tb上买装备然后找他报销，先打一个9分，如果最后给分好，再打成10分！
126099,3251,陈水桥,2020-09-17 11:58:37,1,1,0,老师我给您打十分，能让我选您的课不ಥ_ಥ
128409,3251,陈水桥,2020-12-22 11:28:02,4,4,0,选了14节课的小课题。最开始纠结选题迷茫了两个星期，中期尝试过种种设备还临时换了题目，不过最后成果还算满意。充足的经费让我们有了很多试错的机会，结果是实验室里多出了很多木大的设备（比如造雾机PM2.5检测仪显微镜等，也许后来的同学也能发现我们的遗产），陈老师的思路很开阔，也总能一针见血的指出问题。要选小课题的同学们，在给分好和一个学期的自虐中权衡一下吧，听说有小组花了1个月找选题，还有的小组邻近期末才找到设备（也是有dl能1周整出来实验报告的）。
143361,3251,陈水桥,2021-11-24 06:12:48,5,5,0,大实验有些要求不尽合理\n\n没有很好考虑到学生的水平
143376,3251,陈水桥,2021-11-24 12:35:56,1,1,0,分光计乌鸡鲅鱼
143849,3251,陈水桥,2021-12-08 14:40:52,2,3,1,关心学生，亲力亲为，思路开阔，每每与陈老师交谈，皆受益匪浅
145391,3251,陈水桥,2021-12-29 10:04:11,-3,2,5,只喜欢自己看得懂的东西
151169,3251,陈水桥,2022-02-24 02:42:12,-3,3,6,嗯嗯您真厉害\n\n什么都会
151954,3251,陈水桥,2022-03-21 15:01:03,3,3,0,很好的老师，我的分光计望远镜有点小问题，颜色很淡，老师耐心的帮我调好了望远镜，也告诉了我载物平台应该怎么调，要不是老师我下午的化学实验就寄了
152526,3251,陈水桥,2022-04-14 04:07:30,-4,1,5,无语子
152923,3251,陈水桥,2022-04-22 00:02:52,2,2,0,分光计实验，真的很感谢老师。要不是老师帮我调了仪器我根本调不好
160634,3251,陈水桥,2022-09-29 02:12:45,-3,1,4,能不能别扯蛋了😅
160765,3251,陈水桥,2022-10-10 08:39:16,1,1,0,分光计实验，感谢老师帮我调仪器
161967,3251,陈水桥,2022-11-15 13:14:19,0,1,1,分光计会细心指导手残党，给分还不错
167692,3251,陈水桥,2023-01-18 10:36:40,2,4,2,普物实验二的课程设置几乎就是选课决定分数，选上14的满绩，没选上的就只能4.5......
171295,3251,陈水桥,2023-03-21 04:26:10,1,1,0,93 第一个物理实验就是磁滞回线 示波器不会用？问题大不大？不大！陈老师手把手教你；数据不会处理？没事！邮件里会很耐心地解释。
172404,3251,陈水桥,2023-04-26 07:05:24,0,0,0,老师特别温柔😭
188610,3251,陈水桥,2024-01-19 11:24:08,4,4,0,普物实验二科创项目给分神中神，虽然会经常指出问题，但是最后给分非常好
194221,3251,陈水桥,2024-06-22 15:18:36,1,1,0,配享太庙
199531,3251,陈水桥,2024-09-25 03:23:25,0,0,0,陈老师太有耐心了吧，好感动
200775,3251,陈水桥,2024-10-22 07:11:46,1,1,0,上完老师的整流器就来评分了，很幽默，有问题很细心帮你调
203112,3251,陈水桥,2024-11-24 12:58:32,1,1,0,3个字
216143,3251,陈水桥,2025-03-11 04:13:17,1,1,0,老师人很耐心，会指导我们怎么做实验。遇到我这种动手能力差的笨人，也耐心地帮助了我
218156,3251,陈水桥,2025-04-21 14:05:27,0,0,0,普物实验二科创项目，老师平时要求比较高，也有时候比较不近人情，平时怨气确实很大。但是期末大报告、大论文和pre按照老师要求认真写、认真完成，老师在给分这方面还是很宽容的，听说陈老师带的科创项目给分都非常好，直接满绩的比例比较高。
221914,3251,陈水桥,2025-06-27 11:37:57,0,0,0,普物实验Ⅰ喜提最低绩点，没有一样的。报告都在好好做，经常花一天，不知道为什么期末只有60分，怀疑我被资本做局了。
289,3269,陈宏平,2015-03-15 00:18:18,10,10,0,大物实验其他的都是八九十分，只有这位老师给了我不及格，而且不止一个人被打低分，绝对绩杀
3420,3269,陈宏平,2015-06-11 11:48:58,3,3,0,绩杀
4301,3269,陈宏平,2015-06-18 18:40:08,3,3,0,大物实验选到他真是吐血
3785,3313,杨慧,2015-06-17 04:15:34,42,44,2,实验千万别远他，分低到没下限
4175,3313,杨慧,2015-06-18 03:05:46,29,31,2,我真是晕了！低到没下限
6631,3313,杨慧,2015-07-16 15:27:59,16,18,2,分真是不说什么了，居然扣预习报告
9823,3313,杨慧,2015-11-10 10:11:59,-21,3,24,我爱你
9824,3313,杨慧,2015-11-10 10:12:37,11,14,3,成绩低\n\n
10705,3313,杨慧,2015-11-23 02:05:33,19,21,2,笑面杀手。
11418,3313,杨慧,2015-12-01 00:50:31,13,15,2,我从未见过有如此厚颜无耻之人\n\n
11609,3313,杨慧,2015-12-07 13:12:22,8,9,1,日狗了
13242,3313,杨慧,2015-12-25 14:30:53,2,4,2,我随便说一个
13254,3313,杨慧,2015-12-25 16:20:22,2,4,2,笑而不语
13509,3313,杨慧,2015-12-28 22:42:39,12,13,1,人很和蔼……给分……很不和蔼。
14786,3313,杨慧,2016-01-09 06:29:11,-1,2,3,
14973,3313,杨慧,2016-01-11 10:16:24,1,2,1,。。。。。。。。
15472,3313,杨慧,2016-01-14 14:16:21,11,16,5,如果给分只是有点低就算了。我最认真的的一次写的报告，什么数据都认认真真算出来了，图也按规范画了，预习报告也是满满的两页，最后只有79分……
16447,3313,杨慧,2016-01-18 06:08:56,8,9,1,给分最烂
16969,3313,杨慧,2016-01-19 10:19:49,7,9,2,分真低
17477,3313,杨慧,2016-01-20 09:30:35,5,8,3,要不是没找到0分选项才给了1分，一个学期下来就他的三次70+，纯傻叉
17614,3313,杨慧,2016-01-20 13:32:17,7,8,1,感觉好和蔼。。一看给分就好，没想到。。。。
19745,3313,杨慧,2017-03-31 06:49:08,-35,0,35,要求很高，讲解也很清楚，能真正学到很多规范性的东西。别太看重分数（实验平时分占的不多）
23774,3313,杨慧,2016-04-16 04:20:58,2,4,2,人很和蔼，给分很不慷慨。
25116,3313,杨慧,2016-05-05 13:32:54,5,6,1,呵呵，最差一次，别的实验报告我做下来都90+，就他特别一点，简直乱来
25328,3313,杨慧,2016-05-15 03:20:15,6,7,1,笑面虎，真不知道为什么为难学生
32882,3313,杨慧,2016-07-21 08:57:21,1,2,1,手动再见
33058,3313,杨慧,2016-09-11 11:15:25,4,4,0,长得慈眉善目给分惨不忍睹
33140,3313,杨慧,2016-09-14 00:58:03,4,5,1,辣鸡老师 毁我青春
33686,3313,杨慧,2016-09-21 04:04:49,1,2,1,貌似今年退休了。\n\n临退休前还在坑学生。
46147,3313,杨慧,2017-01-20 16:45:16,1,2,1,。。。
48861,3313,杨慧,2017-03-15 03:43:40,6,7,1,上示波器说等会来讲李萨如，呵呵，等到下课还没来，
48887,3313,杨慧,2017-03-15 15:42:31,2,3,1,垃圾到不能再垃圾的一个二逼老师
49032,3313,杨慧,2017-03-22 04:19:49,2,3,1,讲的不错。但这种实验课程。不会完全可以问老师给你解答。每个老师都是这样的。千万别选。我当时就是不信邪。选了。打分真的低。我怀疑他大概跟其他老师不是一个世界的。大概要比其他老师打分低10-15。我只想骂人。
49231,3313,杨慧,2017-03-30 06:56:13,-1,1,2,皮皮鳝，我们往死里钻\n\n
49258,3313,杨慧,2017-03-31 05:14:58,11,12,1,由于查老师上没有，我只好在这说：不要选肖维文！！！
49259,3313,杨慧,2017-03-31 06:47:52,2,3,1,神他妈在搞笑吧，别的实验都有90+他给个76，那我倒想请问一下，您认为实验报告要写成什么样了。给一分都高了，查老师怎么没有0分。您想给低分那您至少得说说实验报告该长什么样啊?
49568,3313,杨慧,2017-04-19 01:08:00,1,2,1,低到没下限
50553,3313,杨慧,2017-05-03 12:04:59,1,1,0,很低很低(๑ १д१)<好过分!暂时没看到有人80+的呵呵呵
50938,3313,杨慧,2017-05-09 12:10:32,1,1,0,不要选
51447,3313,杨慧,2017-06-05 15:54:17,3,3,0,也不知道选课的时候脑子抽了什么风，选了两个杨慧的实验，我艹，一个70一个80，还敢再低一点吗？？？？？？其他实验都是90几就这两个实验特别让您不顺眼吗，还有每次实验都做到12点多，看着示波器一脸懵逼，杨老师从开始上课的时候亮相了十分钟不到就消失了，我也是无语了
52985,3313,杨慧,2017-06-24 11:53:23,0,0,0,给分极差
53941,3313,杨慧,2017-06-28 05:54:52,0,0,0,会帮学生，但是给分极差。建议大物实验没有期末考，全靠平时分的同学千万别选，直接拉低绩点。都是泪啊（67，82）
60805,3313,杨慧,2017-10-30 12:07:14,1,1,0,可怕的
117475,3313,杨慧,2019-09-25 01:48:36,-1,0,1,好听得一批
13097,3330,王亚南,2015-12-25 00:59:15,10,10,0,不错的思修课老师吧
20205,3330,王亚南,2016-01-26 13:56:11,4,4,0,思修不错
21803,3330,王亚南,2016-03-01 06:45:34,5,5,0,说话很温柔，人也挺好
25310,3330,王亚南,2016-05-13 10:04:25,8,8,0,不错的思修老师
35977,3330,王亚南,2016-11-10 09:30:26,7,7,0,思修课超级无聊啦，也不能全怪老师。老师态度还是不错的。
43118,3330,王亚南,2017-01-15 22:35:24,4,4,0,老师挺好的
47197,3330,王亚南,2017-01-24 11:48:12,6,6,0,我觉得老师很用心，会引导我们发言，最后还赠送我们书签和一些读书的小本本。课堂氛围比法律基础的老师好太多。
47225,3330,王亚南,2017-01-24 15:15:35,2,2,0,么么哒！给分不错
48049,3330,王亚南,2017-02-28 06:34:00,2,2,0,温柔的姐姐啊啊啊
48129,3330,王亚南,2017-02-28 15:16:39,6,6,0,思修老师能做到这个样子已经很不错了，上课还算是有趣吧，老师人也很温柔，课程结束的时候还给每个人发了小礼物，挺喜欢的。
59109,3330,王亚南,2017-09-19 13:27:49,16,16,0,军训很开心
59323,3330,王亚南,2017-09-21 01:38:24,0,2,2,军训很棒  很温柔的老师
59490,3330,王亚南,2017-09-22 02:02:59,3,3,0,相当温暖贴心的军训的指导员
59548,3330,王亚南,2017-09-22 12:19:32,2,2,0,很温柔～
59581,3330,王亚南,2017-09-24 00:30:41,2,2,0,军训很好的小南老师～
66454,3330,王亚南,2018-01-16 15:01:48,9,9,0,老师人挺好的。
71626,3330,王亚南,2018-01-28 17:59:11,2,2,0,给分高
71644,3330,王亚南,2018-01-28 23:32:34,4,4,0,老师人很温柔，不过思修课大概都很水并且老师讲得少小组展示多？
72103,3330,王亚南,2018-01-29 10:48:51,2,2,0,老师很棒呀
72660,3330,王亚南,2018-01-30 16:12:50,2,2,0,心灵美
93209,3330,王亚南,2019-01-08 06:35:16,2,2,0,亚南姐最棒了！
96988,3330,王亚南,2019-01-21 13:59:08,-3,3,6,绩杀啊
97017,3330,王亚南,2019-01-21 14:45:19,2,2,0,老师人很好！讲得也有意思，平时提早五分钟下课
109366,3330,王亚南,2019-06-13 09:46:20,0,0,0,给南姐打电话！\n\n
119822,3330,王亚南,2019-11-16 02:54:39,1,1,0,人很亲切，喜欢让大家畅所欲言，很包容，但就是上完课了不知道要考啥，闭卷可能要凉…还是10分吧
126659,3330,王亚南,2020-10-12 07:44:19,4,4,0,南姐很亲切的，她调走后我的材料被弄丢了，联系了南姐她还帮我打电话找来着。反观现在的这个辅导员，就差得远咯，我的东西估计就是被她弄没的
126841,3330,王亚南,2020-10-23 00:20:38,1,1,0,南姐是真的好，真心待学生，盒南姐一起的日子很快乐，很温暖
130958,3330,王亚南,2021-01-25 11:32:45,-1,0,1,还行吧
163877,3330,王亚南,2022-12-16 10:41:48,1,1,0,求求老师来个高分
166998,3330,王亚南,2023-01-14 13:54:00,0,0,0,老师真的很温柔，最后给分也不错
167084,3330,王亚南,2023-01-15 02:16:45,4,4,0,思修！老师很好很温柔的，给分也还不错！
167192,3330,王亚南,2023-01-15 05:09:02,0,0,0,好 很好
188693,3330,王亚南,2024-01-19 14:55:14,1,1,0,很温柔的老师，给分也很好哦
188697,3330,王亚南,2024-01-19 15:01:16,-1,0,1,最后拿到4.5了，老师给分很好
188752,3330,王亚南,2024-01-20 00:23:11,0,0,0,海底捞
87661,3374,郑波,2018-10-09 10:37:12,-1,3,4,很好的老师呀 胡子贼可爱
18837,3384,尹艺,2016-01-22 15:29:24,5,6,1,去听过一节半导体，物理图像挺清楚的，授课节奏和形式也蛮合适的
88097,3384,尹艺,2018-10-22 07:04:03,2,2,0,还可以
103295,3384,尹艺,2019-02-27 07:15:12,5,6,1,量力过啦，满满满
115353,3384,尹艺,2019-07-19 11:18:58,-23,8,31,呵呵，什么垃圾玩意儿
127134,3384,尹艺,2020-11-09 19:37:35,3,3,0,很不错的老师
129183,3384,尹艺,2020-12-31 02:59:47,0,0,0,，，，
130924,3384,尹艺,2021-01-25 09:04:41,0,2,2,很好的老师，讲课十分清晰，是难得的好老师
130925,3384,尹艺,2021-01-25 09:04:49,0,2,2,讲课特别特别认真，和固物老师夫妻档太甜了w
141660,3384,尹艺,2021-10-19 08:36:40,5,9,4,本科生听听课就行了，别去她实验室
148486,3384,尹艺,2022-01-12 15:59:38,2,3,1,上课体验还是很不错的。贴着格里菲斯书本讲，会阶段性停下来问大家有没有不懂的地方，也会安排答疑。平时成绩完全看作业（隔壁yll老师班有一次小测），但这次期末感觉比去年难啊，给分似乎也比较求是（也可能是我拉了…
148897,3384,尹艺,2022-01-14 02:12:42,4,4,0,虽然最后分数真的可以说与这一学期对量子力学的付出来看相当不对等不理想，可能是期末考太难了，也可能是我真的太菜了，但是尹艺老师真的是个很好的老师，能很好地体会到学生的心理，对基础不是很好的同学也很有耐心，也能把知识讲懂，个人感觉是四大力学里面感觉讲的最懂的老师了，非常幸运能遇见这样的老师，真的把学生放在心上很负责任的老师，撇开最后给分不谈（很求是，感觉就是卷面分数），老师本人态度和教学水平确实可以打10。
149549,3384,尹艺,2022-01-16 02:38:28,7,8,1,上课很好的老师，但进她的实验室就。。。
213379,3384,尹艺,2025-01-17 06:20:36,0,0,0,讲课调理很清晰，尽力让同学们听懂了。
213425,3384,尹艺,2025-01-17 09:29:22,-10,2,12,讲课很详细，也非常关心学生有没有听懂；点名很规律，作业量还可以；今年的考试比较友善，给分也挺好
213571,3384,尹艺,2025-01-18 09:55:37,3,3,0,对于学习知识本身来说是很好的老师，就是给分求是
213614,3384,尹艺,2025-01-18 14:40:31,1,1,0,给分过于求是了\n\n课上的还是不错的，当然就一个老师你也没得选
213880,3384,尹艺,2025-01-21 02:50:54,2,2,0,每周点名
215094,3384,尹艺,2025-02-21 03:32:44,0,1,1,讲课很详细，也非常关心学生有没有听懂；点名很规律，作业量还可以；今年的考试比较友善，给分也挺好
20203,3439,谢燕武,2016-01-26 13:54:07,-3,9,12,老师超好！
21181,3439,谢燕武,2016-02-26 01:32:51,3,8,5,就两个人评分，没什么参考价值啊
21441,3439,谢燕武,2016-02-29 00:49:04,1,4,3,第一节的内容我全部听懂了 微笑微笑微笑
21501,3439,谢燕武,2016-02-29 05:11:47,29,32,3,老师是第一次来上课的，之前他一直在研究领域工作，所以我们抱着接受的态度去听课吧，老师的讲课能力慢慢会进步的
22272,3439,谢燕武,2016-03-03 07:04:05,5,6,1,人是好。但是讲课讲知识点并不是很清晰透彻。表达不太好吧。
22474,3439,谢燕武,2016-03-07 00:14:08,6,7,1,实在讲不清楚，自学吧，但是没办法毕竟第一次教
22719,3439,谢燕武,2016-03-10 06:47:44,5,7,2,老师第一次教，看的出来他真的很想讲好，愿老师慢慢进步吧。
22731,3439,谢燕武,2016-03-10 07:42:29,8,8,0,只能说是新手
23156,3439,谢燕武,2016-03-20 12:02:01,5,5,0,感觉老师人还不错就是不会教书，上课无聊……
24182,3439,谢燕武,2016-04-28 06:45:16,1,2,1,哎，新老师。感觉还算认真，不过实在讲起来讲不清楚。有些跳太快，好好自习吧！
25246,3439,谢燕武,2016-06-29 17:12:39,3,7,4,大物丙的老师水平可能都不是特别高吧…不过xyw态度很好对学生很好的，这种课自学嘛
25439,3439,谢燕武,2016-05-19 07:17:01,-19,5,24,什么都不懂，SB老师
25487,3439,谢燕武,2016-05-23 04:14:13,3,3,0,讲不清楚知识点全靠自学 略带口音
25575,3439,谢燕武,2016-06-30 14:42:48,5,13,8,老师讲课确实是新手…但是，人真的很好
25626,3439,谢燕武,2016-05-30 01:11:03,2,2,0,表达能力不好啊，听不懂。但人不错
25958,3439,谢燕武,2016-06-14 14:44:12,5,6,1,老师还是很萌的，感觉到他在努力想讲好，然而……不过认真听还是有收获的~
26253,3439,谢燕武,2016-06-16 12:14:05,1,2,1,温柔，课后聊量子力学相对论什么都可以哦，说起来老师也喜欢费曼。即使很忙，课后也耐心解答。说话比较严谨吧，如果不确定不会当场给回复。
27323,3439,谢燕武,2016-06-25 02:16:29,2,3,1,新司机上路，大家注意安全
27367,3439,谢燕武,2016-06-29 11:38:22,-21,5,26,智障老师，讲不清楚给分还低
27673,3439,谢燕武,2016-06-27 07:57:13,1,2,1,只能说他人真的很好。。。但讲课的确没有重点很难听下去，基本靠自学\n\n不过毕竟是新手，相信还是会慢慢好起来的
28207,3439,谢燕武,2016-06-28 08:17:02,3,4,1,老师虽然刚刚开始教学，但是人跟谦卑，很温柔，很好的老师
28731,3439,谢燕武,2016-06-28 13:24:16,1,3,2,的确是新手 但是平时分给满也就可以接受了 毕竟第一次上课 多练练就好了
29205,3439,谢燕武,2016-06-29 11:57:33,2,3,1,老师人真的很不错，那些感觉说老师给分不好的完全就是自己不努力
29206,3439,谢燕武,2016-06-29 11:58:24,0,2,2,老师太可爱了！！！！！hhhhhhhhhhh！！！！
29209,3439,谢燕武,2016-06-29 12:01:22,7,7,0,毕竟刚教书，还是挺和气的，请同学们不要乱喷，相信他会做的越来越好
29214,3439,谢燕武,2016-06-29 17:49:08,-19,3,22,傻逼一个\n\n
29242,3439,谢燕武,2016-06-29 13:18:40,1,3,2,还行吧，老师也说了学习好不好，主要靠大家自习了，而且他回答问题会很认真，不会看不起任何问题，还会回去查文献。多问问吧，复习刷题就好
29264,3439,谢燕武,2016-06-29 13:52:28,2,2,0,老师是新来的 上课没怎么听…但感觉人很好啊
29388,3439,谢燕武,2016-06-29 22:28:52,1,1,0,新司机
29505,3439,谢燕武,2016-06-30 01:51:28,2,5,3,不想说什么，反正我满了
29638,3439,谢燕武,2016-06-30 05:45:28,3,5,2,上课确实……但老师人很好啦 发邮件问问题很快回复
29755,3439,谢燕武,2016-06-30 09:35:48,4,4,0,老师人还可以的，温温柔柔的，很谦逊的感觉，会认真的讲解课后思考题和习题，虽然不一定讲的很好。只是第一次教书没什么经验吧，也不太熟悉现在的课程内容，上课抓不到重点。
30398,3439,谢燕武,2016-07-01 13:14:31,4,5,1,他给了我100分 不是95 是100！
31442,3439,谢燕武,2016-07-04 02:16:59,0,3,3,好吧，上课讲的超催眠！
39444,3439,谢燕武,2018-03-13 04:07:10,-18,4,22,绩杀!作业全做点名全到考试90%会2.4！
55154,3439,谢燕武,2017-07-01 02:11:32,-5,5,10,垃圾老师
78921,3439,谢燕武,2018-05-17 02:04:55,2,2,0,麻烦老师讲思考题清楚点啊啊啊(ಥ_ಥ)一直没听清过含含糊糊的\n\n
81597,3439,谢燕武,2018-07-05 13:32:40,2,2,0,老师很认真呀，上课很温柔和气的，可能讲课不是他擅长的领域吧，会有一点点困。明天就要考试啦，希望有一个好的结果！
81837,3439,谢燕武,2018-07-06 09:37:09,2,2,0,比王俊好
82497,3439,谢燕武,2018-07-08 10:58:22,2,2,0,老师很和气，不过感觉大物主要考自学
82516,3439,谢燕武,2018-07-08 11:33:53,-4,1,5,我呵呵你一脸
82523,3439,谢燕武,2018-07-08 11:51:50,-1,0,1,人很好，从不拖课，但是感觉不会讲课，上课很水，小测就是自己在书上抄公示（虽然感觉他是懒得出题目）
83387,3439,谢燕武,2018-07-10 07:50:58,-4,1,5,老师态度挺好的……上课事也真的少……但是真的是绩杀
83428,3439,谢燕武,2018-07-10 09:17:57,9,10,1,老师上课水平打1分，对学生的态度打10分。
104446,3439,谢燕武,2019-03-21 00:48:41,1,1,0,上课非常非常认真 邮箱回复问题及时
105842,3439,谢燕武,2019-04-22 01:23:17,4,4,0,人真的好，但是课真的不好……
109738,3439,谢燕武,2019-06-19 03:13:14,2,3,1,点名！！！！
111729,3439,谢燕武,2019-07-02 16:29:19,2,2,0,老师真的是个好老师，但是相信我大物丙得靠刷题！
140015,3439,谢燕武,2021-08-23 11:06:14,3,3,0,总感觉老师一直有一种谦恭的态度
151384,3439,谢燕武,2022-03-02 02:34:41,1,2,1,知识点根本讲不明白，全靠自学吧家人们
166137,3439,谢燕武,2023-01-11 07:28:59,0,1,1,讲的稀里糊涂，话都说不明白
170670,3439,谢燕武,2023-03-08 02:17:19,4,4,0,讲得一般，态度很好。\n\n口头点名！口头点名！！口头点名！！！再也不敢不去上课了。
176047,3439,谢燕武,2023-06-27 13:34:16,2,2,0,很谦逊的一位老师，不张扬，有耐心，可能因为我的性格也比较内向，听老师课的时候感觉很舒服，有共鸣。
176081,3439,谢燕武,2023-06-27 14:57:03,0,0,0,口头点名，人很好
184825,3439,谢燕武,2023-12-23 07:23:56,0,0,0,口头点名，说实在的讲的实在不太清楚，刷历年题比较有用
195273,3439,谢燕武,2024-06-27 14:24:20,0,0,0,授课水平感觉是上大学以来见到的最低的。。。\n\n但老师人是很nice的
219012,3439,谢燕武,2025-05-19 00:49:17,2,2,0,看下面的评论，很多都是16年17年的，说老师是新手，多给一点时间，肯定会进步的。\n\n现在已经是2025年了，不知道以前怎么样，但是这个水平，我觉得进步应该谈不上，甚至有可能是退步！！！\n\n快十年了，真的一点进步都没有，上这门课学不到任何东西不如自学，而且还要天天签到，每节早八都签，我真的是造孽了选你的课
219345,3439,谢燕武,2025-05-25 13:48:37,0,0,0,讲的非常一般😐
13597,3445,武慧春,2015-12-30 01:59:25,2,5,3,没有小测，不点名，讲故事还挺有意思，讲课很无聊
13896,3445,武慧春,2016-01-02 04:25:46,3,5,2,上课有点无聊，只适合自学能力好的\n\n但是经常拓展教学，讲笑话，可亲
15363,3445,武慧春,2016-01-14 04:20:38,6,7,1,感觉老师还是更适合科研方向。。。
15776,3445,武慧春,2016-01-16 08:53:48,-2,2,4,没听过
18353,3445,武慧春,2016-01-21 13:14:32,2,3,1,闪电物理好评
18397,3445,武慧春,2016-01-21 14:21:26,17,20,3,适合科研不适合教学。。。
18466,3445,武慧春,2016-01-21 16:25:52,2,3,1,讲得一般，但给分好
19942,3445,武慧春,2016-01-25 15:03:07,13,16,3,极善良温和的人，常对学生说无论遇到什么困难都可以找他；但就课堂教学而言，因声音较轻，语调单一，且多为照本宣读，使同学们对教学核心内容都较难集中注意。
36001,3445,武慧春,2016-11-10 09:49:40,0,1,1,。。。。。\n\n没有激情，念PPT
40637,3445,武慧春,2017-01-04 12:10:47,3,3,0,似乎解决了球闪的问题，科研真的很厉害。课上的太催眠了
41150,3445,武慧春,2017-01-09 13:40:07,3,4,1,老师说会点名会点名，到最后还是没点名，或者叫我们来的人在名单上打勾，其实人到时挺和蔼的，就是听他的课想睡觉
42137,3445,武慧春,2017-01-13 15:52:15,3,4,1,球闪大佬，老师挺不错的，不过大物感觉一直靠自学……
42537,3445,武慧春,2017-01-14 11:48:19,2,2,0,科研大佬，幽默风趣，黑色幽默。
43286,3445,武慧春,2017-01-16 05:25:41,5,5,0,武老师简直可爱至极，很宽容，很宽容，很宽容，嗯。总之老师很好！
51850,3445,武慧春,2017-06-12 11:09:33,9,9,0,武老师是青千大佬啊，解决球闪问题，讲课的话准时有点平淡了
59139,3445,武慧春,2017-09-20 02:27:49,1,4,3,极其无聊，老师很厉害，可以一直一个语速，把难点，普通的毫无区分的照本宣科读出来。
60122,3445,武慧春,2017-11-01 04:42:13,0,6,6,大物乙千万别选，堂堂课小测到你怀疑人生
63186,3445,武慧春,2017-11-29 03:48:09,9,9,0,超级喜欢老师的性格
68329,3445,武慧春,2018-01-23 03:36:41,3,3,0,人超级好。细致耐心，有问必答。
72256,3445,武慧春,2018-01-29 16:02:03,8,8,0,觉得老师人很好 期末发了邮件答疑 发了好几封无聊的问题 老师回答的比助教快多了 讲道理助教后来就懒得回我了 小测没交老师也会帮忙带过去 讲道理一般老师根本懒得弄这种事情吧 虽说堂堂课小测刚开始真的怀疑人生 后来觉得还算可以 毕竟小测也偏简单 就算代替点名了 而且都放在课的结尾 基本晚来也没事 最后给分很好 虽然老师上课确实少了点东西 但讲的知识点什么还是不会遗漏的 看起来是位科研巨佬 讲道理大雾还是得靠自己学和刷题目
91551,3445,武慧春,2019-01-23 12:02:51,8,8,0,老师真的好温柔，而且让我低飞过了，开心，谢谢老师
92576,3445,武慧春,2019-01-03 03:51:39,3,3,0,太可爱了吧 时不时来个幽默的段子 小测让我们拍下来再回去做 自由活动也是很搞笑哈哈哈 超级奈斯
96430,3445,武慧春,2019-01-21 03:27:57,1,1,0,老师人挺好\n\n很有趣\n\n随和\n\n考前给的PPT一定不能落点\n\n从功利角度上，自学效率更高\n\n老师会补充很多考试不考的\n\n有兴趣的可以听听
98383,3445,武慧春,2019-01-23 11:40:35,3,3,0,刚出成绩 我这学期物理成绩有了很大提高 开✨ 老师人格魅力牛?
98384,3445,武慧春,2019-01-23 11:43:02,6,6,0,老师很儒雅随和，随堂小测也没那么严格，经常就让回去做了\n\n但是大物还是要靠自己平时好好学\n\n不然期末抱佛脚也就只能低绩飘过
98403,3445,武慧春,2019-01-23 12:04:49,2,2,0,老师很好啊，作业不多，给分好，负有责任心
98407,3445,武慧春,2019-01-23 12:18:07,3,5,2,大学第一次满绩，十分感谢老师。(老师和助教改卷给分真的很好)
98442,3445,武慧春,2019-01-23 12:48:41,2,2,0,武老师人超级好！
98446,3445,武慧春,2019-01-23 12:52:29,3,3,0,人好给分善，讲话温柔后面几节课还会提早下课，挺好的一个老师o(^o^)o
98580,3445,武慧春,2019-01-23 15:15:00,3,3,0,吹爆春春！！\n\n性格超好的老师！！！
98581,3445,武慧春,2019-01-23 15:17:16,1,1,0,老师超好der！就是上课无聊了点  但给分还是很好的  赞！！！
98595,3445,武慧春,2019-01-23 15:28:23,2,3,1,#计算物理 大作业80% 忙活一学期绩杀 刺激
116715,3445,武慧春,2019-09-14 02:52:44,2,2,0,。。。。\n\n
119081,3445,武慧春,2019-11-10 05:45:52,2,2,0,外表像朱一旦...
126061,3445,武慧春,2020-09-17 04:02:39,1,1,0,老师挺好的
126943,3445,武慧春,2020-10-29 04:01:33,2,2,0,梅开三度。
143722,3445,武慧春,2021-12-02 12:18:42,3,3,0,上课风格比较催眠，但是业务水平在线，非常温柔关心学生给分也不错，总的来说还是很好的老师
144906,3445,武慧春,2021-12-26 01:40:26,6,7,1,作为一名“大学”老师是非常成功的，虽然讲课碎碎念，但是理解，懂得体恤学生，待人平等，这就很好了。
168608,3445,武慧春,2023-02-20 08:17:13,0,0,0,老师好温柔！给分超级好
169335,3445,武慧春,2023-02-25 12:40:34,1,1,0,老师人超好
169535,3445,武慧春,2023-02-27 00:11:26,2,2,0,武爹\n\n相恨见晚的爹
200926,3445,武慧春,2024-10-25 02:14:37,1,1,0,给我上课的是假的武老师吗？和评论不符合啊，只会语速超快地念ppt，讲了和没讲一样
210272,3445,武慧春,2025-01-08 15:41:21,-1,2,3,今年这助教不是一般逆天，给分不能说求是了只能说极差。平时小测都八十多综合一下平时分扣十分，不知道怎么扣出来的
212976,3445,武慧春,2025-01-15 11:42:56,0,0,0,能把我捞起来的老师就是好老师
19735,3455,王鲲,2016-01-25 07:51:16,-1,6,7,给分很低
28675,3455,王鲲,2016-06-28 12:13:19,2,6,4,认真严谨的老师，实验网上留言会回复。
30221,3455,王鲲,2016-07-01 05:44:45,3,9,6,给分比较随意，很看重有效数字，成功拉低了我的绩点
32836,3455,王鲲,2016-07-17 05:58:19,1,7,6,给分科科
34721,3455,王鲲,2016-10-19 08:35:03,3,8,5,实验给分有点差
35093,3455,王鲲,2016-11-02 06:26:45,1,5,4,gl给分低
36214,3455,王鲲,2016-11-11 05:58:28,6,8,2,注意有效数字！注意有效数字！还有不确定度！\n\n让你错一次就印象深刻啊
36523,3455,王鲲,2016-11-14 14:14:58,-1,2,3,虚拟实验给分很公正，课后花时间好好弄懂，把作业要求的功能实现了就可以，人也很耐心，双休日还特地来帮忙开实验室的门。
37269,3455,王鲲,2016-11-18 06:29:19,-6,5,11,感觉力学实验给分很好，给了94和97
37982,3455,王鲲,2016-11-22 15:24:02,0,6,6,见识到了什么是给分差
38188,3455,王鲲,2016-11-25 12:34:54,1,3,2,给分差
38215,3455,王鲲,2016-11-27 08:29:02,-2,3,5,给分怎么这么低？？？
39400,3455,王鲲,2016-12-22 12:23:01,-1,1,2,给分贼差 不知道怎么评的分
47670,3455,王鲲,2017-02-15 12:37:33,3,4,1,大物实验，给分主要是看你的一些细节，只要做的好肯定有高分。
48814,3455,王鲲,2017-03-13 12:45:18,1,4,3,老师给分很好，人也很好
48940,3455,王鲲,2017-03-17 06:43:45,-1,3,4,给分差\n\n
49619,3455,王鲲,2017-04-20 12:52:13,6,11,5,给分我认为是可以的，一次92，一次96
61017,3455,王鲲,2017-11-07 03:32:43,3,4,1,讲解很详细
63499,3455,王鲲,2017-12-05 09:09:20,11,14,3,只能说，老师真的很负责！那次实验，我是抄别人实验报告的，但数据是错的...然后老师就坚持让我留下做实验...还指导我做完实验，真的感动！！
63530,3455,王鲲,2017-12-06 05:30:46,0,2,2,给分爆差
63816,3455,王鲲,2018-09-20 12:08:59,-18,4,22,电学实验，三次都是94，我其他实验同等认真程度都是96-100，只能说给分一般。
65231,3455,王鲲,2018-01-02 00:46:01,0,2,2,给分暴差\n\n
65694,3455,王鲲,2018-01-08 08:56:30,-2,3,5,很认真很负责，讲得很仔细\n\n给分不会超过96
66061,3455,王鲲,2018-01-11 08:36:48,3,5,2,对有效数字比较在意  给分还行\n\n95 94 98
66343,3455,王鲲,2018-01-15 07:43:46,-1,2,3,虚拟实验给分极低，按要求做出来了所有功能就给了两个86，别的12个实验平均94.6被这一个低分全拉下去了? 发邮件问实验中的一个问题还一直没不回复
67586,3455,王鲲,2018-01-21 15:13:41,5,7,2,给分挺好的呀，说给分差的是你们报告写得不好吧……而且几个电桥实验都很简单，数据处理也很简单，建议选
76323,3455,王鲲,2018-04-03 03:46:19,1,2,1,实验给分贼高 还不用把实验报告留课后写
76548,3455,王鲲,2018-04-13 12:02:54,1,2,1,示波器做的再怎么差也不能给我82吧，有毒
88305,3455,王鲲,2018-10-28 01:45:03,9,10,1,强推物理学实验II的“虚拟实验”，操作简单，给分超～好～
88388,3455,王鲲,2018-10-30 03:59:40,0,2,2,这个老师给分是真的好 我翻实验报告看到好多98的 快选他！
93444,3455,王鲲,2019-01-09 15:19:16,6,6,0,老师很好 出分超快 讲的也好 人还挺帅的？（逃
93509,3455,王鲲,2019-01-10 06:33:47,1,1,0,认真负责，实验讲解清晰
94122,3455,王鲲,2019-01-15 08:25:19,2,2,0,虚拟实验给分挺好的，认真做不会低，而且不用写报告。\n\n但是！！！交流电桥明明很认真，却成了我最低的实验。。。
104332,3455,王鲲,2019-03-18 05:12:42,0,0,0,绩杀，绩杀，绩杀
104333,3455,王鲲,2019-03-18 05:14:34,2,2,0,没感觉
104937,3455,王鲲,2019-03-31 12:32:00,-1,0,1,给分超级好啊，讲得还很清楚
109083,3455,王鲲,2019-06-07 12:29:11,2,2,0,老师讲课超级负责，只要有效数字是对的，实验数据没有很离谱分数不会低
123357,3455,王鲲,2020-06-05 06:47:13,4,4,0,有效数字很重要，结果别太离谱，其他文字性的东西复制别人的照样可以95+\n\n老师不错
126621,3455,王鲲,2020-10-09 08:20:59,1,1,0,虚拟实验给分很好
127037,3455,王鲲,2020-11-04 03:18:14,0,0,0,虚拟实验很不错，简单有趣给分高
135978,3455,王鲲,2021-06-07 09:40:34,6,6,0,普物实验讲得真的很好，上了这么久唯一一个讲清楚了不确定度之类的概念的老师
142485,3455,王鲲,2021-11-12 05:53:24,2,3,1,选了所有的电桥实验\n\n老师讲的很细致但是又毫无废话\n\n也不会因为数据刁难人\n\n只能说王鲲老师yyds
168103,3455,王鲲,2023-01-27 18:14:32,1,1,0,是实验里最喜欢的老师
171405,3455,王鲲,2023-03-23 12:07:44,1,3,2,王老师人非常好，电桥的实验给分都在90以上，讲解非常仔细，如果有不太正常的数据在签字的时候一般都会指出来，很有耐心的一位老师
173584,3455,王鲲,2023-05-29 11:27:01,1,1,0,选的示波器，老师讲得很清楚，给分也挺好的
178038,3455,王鲲,2023-07-06 10:39:11,-1,1,2,普物实验，95，95，95的水平
179993,3455,王鲲,2023-09-20 06:11:13,2,2,0,很细心
181439,3455,王鲲,2023-10-17 15:58:16,0,2,2,给了我所有实验以来的最低分，并且一句评价也没有
183778,3455,王鲲,2023-11-30 06:19:59,0,0,0,还可以吧
192239,3455,王鲲,2024-05-13 01:01:05,1,1,0,老师非常负责任，有不清楚的问题课后提问，即使不是自己带的实验也会想办法解答
193287,3455,王鲲,2024-06-05 15:54:46,1,1,0,给分很高
198858,3455,王鲲,2024-09-14 05:40:37,0,0,0,可以哒
220970,3455,王鲲,2025-06-20 13:40:17,0,0,0,男神！
75793,3573,郑毅,2018-03-18 12:46:14,1,6,5,老师很可爱，实验时会很热心的解答我们的问题，让我想起了我的高中物理老师2333，很棒棒。
76489,3573,郑毅,2018-04-11 05:14:49,2,7,5,给分巨慢，分还不高
76731,3573,郑毅,2018-04-19 10:30:03,3,7,4,大雾实验给分有些低
78884,3573,郑毅,2018-05-16 07:09:19,-2,3,5,老师好帅，人也超可爱
78886,3573,郑毅,2018-05-16 07:41:55,3,6,3,老师再帅，也不能掩盖实验给分低的事实……提早五分钟到，实验的内容已经介绍完了，还更改实验要求……只能说，不熟悉实验慎选！！！
79289,3573,郑毅,2018-05-30 05:36:22,12,28,16,郑毅老师是我见过最认真的实验老师。他出分很慢，因为他会看你所有写的字，还会在旁边做批注，分析你的不足，给予鼓励。他不拘泥于教材，通过更改实验要求来促使学生思考，虽然这延长了实验时间，增加了报告难度。。。但是这不就是一流大学应该有的态度吗。(老师给我的分相对其他老师较差，一开始我也很不开心，但当我看到我的实验报告时，我觉得这是一个好老师)
79461,3573,郑毅,2018-06-06 01:53:46,3,13,10,逼王。
80121,3573,郑毅,2019-04-08 18:00:59,1,6,5,出分真的慢，没有耐心的慎选。老师真的认真，负责，寻求突破。（当时感觉数据处理并非完美，然而我的最高分却是他给的。。。因为他上限是100，比其他老师高。所以才有发挥空间。然而我写得稍有披露，98，不过还是要感激老师。。。）\n\n
80440,3573,郑毅,2018-06-26 12:20:02,-4,4,8,帅就是正义
80450,3573,郑毅,2018-06-26 15:12:26,4,7,3,这老师真慢！啊不是，这出分真TM帅！
80451,3573,郑毅,2018-06-26 15:09:56,18,26,8,男人果然只需要帅和慢就行了？
80866,3573,郑毅,2018-07-04 02:35:29,-5,12,17,出分巨慢，给分超差，垃圾老师，谁选谁倒霉
81155,3573,郑毅,2018-07-04 07:36:20,3,7,4,虽然老师出分真的有点慢，但是比较追求你自己对实验的理解和探索，有自己想法的，分给的真的美丽。
81761,3573,郑毅,2018-07-06 06:05:35,4,8,4,我觉得老师人真的超级nice 是想让我们真正懂得实验在做什么的 需要很多思考 嗯所以想水实验的还是别选他的了 但是如果选了你会得到很多提升
81946,3573,郑毅,2018-07-06 15:05:02,2,5,3,大概是看报告最认真的老师了吧。老师很鼓励学生的创新，如果报告里有出彩的内容老师会给很高的分！（唯一的100分就是郑毅老师的）可能事情是有点多，但是郑毅老师的分数真的很合理。
81947,3573,郑毅,2018-07-06 15:05:39,3,6,3,真的是一个相当尽责又有意思的老师了，每份实验报告都有认真地看过还给批语，超可爱的，他的实验报告是我期末收到的最好的礼物之一
81948,3573,郑毅,2018-07-06 15:06:25,2,7,5,极少见的批报告批的特别认真的老师！做他的实验真的可以学到东西！而且给非物理专业学生的分很好！真的只要认真做实验加上分析的合理（再加上拓展（che）的一些内容）就可以很happy的拿到不错的分。没拿实验报告的快去拿啊啊啊啊啊啊啊！
83769,3573,郑毅,2018-07-11 07:53:34,0,1,1,我能说一直到普物实验出绩点他的实验还没出成绩是怎样的体验（确认已评价）
87225,3573,郑毅,2018-09-26 01:46:37,0,4,4,老师真的是我见过对最负责任的实验老师，每一张报告都改的特别认真，问题全部都会点出来，我们今年他因为自身也比较忙，所以最后因为要出分改的比较赶，他最后还又重新认认真真利用暑假时间给我们批改了一遍，并且附上问题，开学给我们送过来，真的是超级棒的老师，昨天收到实验报告真的超感动，另外郑老师的实验报告你认真写的话给分真的不错的，而且真的能学很多东西
103875,3573,郑毅,2019-03-12 06:59:50,18,22,4,大物丙选他就是个错误。
104108,3573,郑毅,2019-03-12 07:15:06,10,14,4,大物丙自学预订，上课喜欢吐槽这门课没什么好上的，一节课下来根本没什么收获，还不如助教来的负责吧！！！
104109,3573,郑毅,2019-03-12 07:16:51,3,9,6,要多不负责，就有多不负责
105369,3573,郑毅,2019-04-16 06:51:54,2,3,1,一般般
105918,3573,郑毅,2019-04-23 05:46:57,0,2,2,自学，但有意思。
106483,3573,郑毅,2019-04-28 00:33:29,3,3,0,很发散
108798,3573,郑毅,2019-06-02 15:45:22,3,5,2,很培养学生的自学能力
109952,3573,郑毅,2019-06-20 12:50:57,3,3,0,不要过度解读
111635,3573,郑毅,2019-07-02 09:13:16,-1,1,2,大物丙上的有意思，但是可能还是需要自学一些，但是老师人真的好好，超级超级好，我吹爆！！！
111713,3573,郑毅,2019-07-02 15:42:45,3,4,1,大物丙靠自学老师   因为老师水平太高，我这种高中没选物理的小菜鸡真的跟听天书一样  但是最后给分还行  。建议多刷往年题
111719,3573,郑毅,2019-07-02 16:06:41,-4,0,4,因为我太飘了所以这一学期大物丙真的是没听老师讲课，一直自学，现在想想当时应该好好听老师和助教讲课的OTATO，感谢老师不挂之恩，给分真的可以(老师上课是一回事，给分好不好也很重要啊！！！尤其是对于濒临挂科的人)
112452,3573,郑毅,2019-07-04 08:31:18,1,3,2,大雾丙别的不说，cm助教xgg真的非常非常负责，课后答疑很认真，习题课的ppt也很清晰，夸爆！郑老师的话，课上很尽力在给我们拓展物理知识，只能说对大物丙这门课认知不是很清晰，我们学这门课只是为了基本物理知识，拓展太多却忽略打好我们的物理基础有点舍本逐末...最后给分不错
113743,3573,郑毅,2019-07-07 07:10:40,5,7,2,自学才能满绩
122744,3573,郑毅,2020-03-29 04:28:14,16,16,0,很优越
122898,3573,郑毅,2020-04-17 12:04:59,4,5,1,意识流讲课
133398,3573,郑毅,2021-02-27 03:06:24,4,5,1,养的猫好好看，有没有兄弟组队去偷猫？
133720,3573,郑毅,2021-03-04 07:56:47,27,30,3,力学全靠自学，给一堆大一新生直接用偏微分解题，把自己还解了个高兴，，，谁能听懂啊
134028,3573,郑毅,2021-03-12 08:32:57,42,57,15,好家伙，老师上力学课感觉是在上量子力学，一脸懵逼，几乎得靠自学了。不过老师人长得挺帅，猫养得挺肥，还经常在钉钉群里发些奇奇怪怪的东西。
134548,3573,郑毅,2021-04-01 07:29:37,18,19,1,上课上的自娱自乐，这学期力学无了
134937,3573,郑毅,2021-04-23 15:18:08,7,9,2,近物实验答辩每学期快乐源泉
136815,3573,郑毅,2021-06-25 04:36:04,11,12,1,非常优越
136816,3573,郑毅,2021-06-25 04:36:49,37,50,13,傻逼老师，diss别人的导师，骂别人的导师傻逼，打断别人的答辩，听上去感觉自己牛逼的不行，在全国各地都认识人，赶紧滚出浙大吧，像您这种人才浙大已经留不住了
136852,3573,郑毅,2021-06-26 02:07:22,0,2,2,哈哈哈哈哈
137429,3573,郑毅,2021-07-04 06:19:14,-4,0,4,哈哈哈哈哈哈哈哈哈或
141375,3573,郑毅,2021-10-03 11:07:45,10,12,2,这老师上课，讲一会儿课就扯几句跟课堂没有关系的东西，还说千万不要期望通过只上课就能弄懂
141794,3573,郑毅,2021-10-26 05:40:04,8,8,0,绝了，上课开始吟唱，大一新生开摆
142118,3573,郑毅,2021-11-06 11:38:56,31,31,0,差不多得了😅
142782,3573,郑毅,2021-11-16 05:07:07,11,11,0,老师上课讲题浅显易懂，风趣幽默，适合没有数学功底的人入门选课，谢谢，我已经挂三次了！
143260,3573,郑毅,2021-11-22 13:43:21,-9,8,17,物理系第一nice的导师
143562,3573,郑毅,2021-11-27 04:29:27,16,17,1,优越感极强，出口成脏，上课逻辑感极差，毫无章法，一点不像备过课的样子
143687,3573,郑毅,2021-12-01 14:46:20,0,2,2,力学课很酷（上课全程懵逼睡大觉）（多买书自学吧TwT)
144410,3573,郑毅,2021-12-21 11:15:04,5,6,1,呵呵哒
149069,3573,郑毅,2022-01-14 09:36:12,6,6,0,至今力学还是废的
149884,3573,郑毅,2022-01-17 13:26:15,-3,7,10,很有想法，还会分享他的猫，挺有意思一老师
150943,3573,郑毅,2022-02-21 08:21:06,8,9,1,如果认为自己的物理水平较高或者有一定大学物理基础的可以考虑听郑老师的课，一般仅仅对物理感兴趣的同学慎选。
151057,3573,郑毅,2022-02-22 11:13:49,-5,4,9,特别牛的老师，但是建议大一有微积分基础的报，比较难
152505,3573,郑毅,2022-04-13 13:56:44,20,20,0,奇葩一个，喷学生又喷同事，牛逼的，谁都看不上呗，就他自己最牛逼
153596,3573,郑毅,2022-05-05 10:41:34,12,13,1,这样的情商是怎么生活到这个年纪的？
153715,3573,郑毅,2022-05-09 06:23:40,16,17,1,在纳米领域确实是专家，但人品实在垃圾。上课天天扯一些天花乱坠和物理完全无关的内容，自我感觉相当良好，实际上那些知识观点非常偏激根本经不起推敲，估计都是营销号文章看的；实验室里背后天天喷别的老师，结果还教育学生不尊重师长；学生问问题话都不让人讲完甚至完全曲解意思了也不管反正先怼个几分钟，估计愤怒的其实都是无法满足自恋形象而投射到他人身上的部分吧。
154647,3573,郑毅,2022-06-02 16:51:53,-13,4,17,特别牛的老师
155258,3573,郑毅,2022-06-10 02:05:24,14,14,0,看到有人骂他我就放心了，这老师连一些最基本的礼仪都没有
156141,3573,郑毅,2022-06-18 02:31:25,7,7,0,我只上个他的力学，对于大一而言用偏微分解方程确定有些离谱了
158764,3573,郑毅,2022-07-02 02:35:21,7,9,2,在100多人的大群里说：“你们是真的智商不行，情商还负能量。”那么请问您的智商有多高，情商又是什么能量呢？
158765,3573,郑毅,2022-07-02 02:36:08,4,7,3,贱人。
160085,3573,郑毅,2022-09-13 05:44:41,5,7,2,对于物理和学问，他确实在行。“有趣”的物理与我的想法不谋而合。\n\n但是人品真烂，听他扯淡很恶心
160288,3573,郑毅,2022-09-16 15:12:22,-5,1,6,老师很好
163745,3573,郑毅,2022-12-16 04:51:24,8,9,1,好一朵大奇葩，就是那种怼天怼地把mean当有趣的类型，可能有人会喜欢吧🤔\n\n作为老师也是很有个性了
168799,3573,郑毅,2023-02-22 09:48:01,-2,1,3,。。。
169381,3573,郑毅,2023-02-26 01:05:39,5,6,1,点名是随堂小测，然后上课会提及到额外的內容和他“有趣”的想法，可能有人真的能懂他这些想法，反正我不能。当我看到其他评论说他怼天怼地，这人低情商，我觉得我从中找到一点归属感😅。\n\n个人建议：力学作为一门上下学期都有的课（重点！！！），为什么要选他的呢？
170196,3573,郑毅,2023-03-02 03:00:49,22,22,0,建议让郑思喵来代课，不想见到它的主人
171424,3573,郑毅,2023-03-24 01:56:35,-10,8,18,事少\n\n分数靠自己考\n\n建议有能力的同学来选！\n\n评论区里骂的问问自己学的到底怎么样\n\n我郑老师值得十分！
172124,3573,郑毅,2023-04-20 03:36:32,2,2,0,人不行
173203,3573,郑毅,2023-06-29 14:31:28,0,0,0,大一下的力学都没有他大一上的难
175770,3573,郑毅,2023-06-26 13:39:10,3,3,0,我在pdd砍一刀活动里获得了1分的好成绩，你也来试试看吧！
175771,3573,郑毅,2023-06-26 13:40:59,4,4,0,我在拼多多活动“砍一刀”里获得了1分的好成绩，你也来砍一刀吧！
177910,3573,郑毅,2023-07-05 11:12:17,0,0,0,力学很难，上课有自己的想法和见解吧，不过给分很好
178920,3573,郑毅,2023-07-31 14:16:40,2,2,0,视无礼为自尊，把优越当个性。
180396,3573,郑毅,2023-09-21 11:22:45,2,2,0,emmm，下学期再学力学吧，老师把我们都当天才了，受不了他的优越感
180423,3573,郑毅,2023-09-21 13:55:42,-1,0,1,还好吧
180949,3573,郑毅,2023-09-28 17:21:40,4,4,0,没耐心，吼学生，说脏话
181141,3573,郑毅,2023-10-10 02:45:15,1,1,0,好家伙
181352,3573,郑毅,2023-10-15 15:03:54,1,1,0,听不懂。全靠自学。
181957,3573,郑毅,2023-11-06 12:21:01,4,5,1,自以为是，还自我感觉良好，真差不多得了
184290,3573,郑毅,2023-12-15 12:57:41,9,9,0,他好像觉得自己很幽默
185993,3573,郑毅,2024-01-07 08:04:55,7,7,0,非常自以为是，答辩的时候一直打断学生，听到自己懂的就一脸不屑，遇到不是他研究的方向的答辩就乱提问，我真的呵呵了
190634,3573,郑毅,2024-03-12 12:22:05,2,2,0,听不懂，
190830,3573,郑毅,2024-03-20 12:04:19,3,5,2,老师上课挺幽默的，会讲一些一般同学理解不了的问题，在这门力学课上，师生可以不用讨论什么简单的例子，同学们可以观摩老师在黑板上笔走龙蛇，大谈特谈，载歌载舞，主打一个上课好像跟没上一样，作业根本写不了一点，还好阿b上有田老的力学课，方可救我物理菜菜
191534,3573,郑毅,2024-04-24 10:58:40,2,4,2,老师是真的好老师，我太喜欢了
193503,3573,郑毅,2024-06-12 03:07:08,7,9,2,上课扯奇怪的观点，喷ywh（科大教材的作者）是笨蛋，上课喜欢讲拓展内容，但又讲不完全，基本靠自学（maybe是我这个高考物理满分的笨蛋太笨了吧）但有人似乎挺喜欢听的，所以见仁见智吧。人不坏，情商一般，钉群里跟同学们打成一片（虽然我不是很懂点在哪里），观念上比较追求好奇和对科学的兴趣，有点反骨，不喜欢物院那群老头子，这学期布置了个pre 占总评10分，点名靠下课前随堂小题，但没点几次。
194399,3573,郑毅,2024-06-23 15:38:51,4,5,1,猫养的挺好的，每天在钉钉群里晒他家猫，人就是个活爹，整呗，谁整的过他呀~~~力学课上课特别喜欢自娱自乐，下面没几个人在听的
194565,3573,郑毅,2024-06-25 12:05:08,3,3,0,真的很难
195943,3573,郑毅,2024-07-01 02:11:08,1,1,0,有一说一 给分还可以 最后总评94\n\n努力自学，考前面向作业题、关键结论推导、期中题复习，问题不大
195948,3573,郑毅,2024-07-01 02:31:02,5,5,0,大家评分总体两极分化，但差评偏多？个人还是比较喜欢郑老师的上课风格的，感觉相比较大多数老师无情的知识灌输，郑老师的课相对有趣些，会与学生课上互动。力学课讲的确实有点杂，但教学内容还是全覆盖的，只是概念性的内容讲的比较多，并且喜欢拓展（但是这部分拓展的内容不在考试大纲中，算是单纯感受学习的乐趣了）\n\n   总体而言，授课风格和zju大部分老师截然不同，不怎么讲相关内容的习题，想学好建议认真写课后作业和看课件。不过是zju少有的会在钉钉群和同学互动的老师，算是zju一级保护教师吧\n\n最后杂谈，力学的期末考试很有想法，第一次考这种风格的试卷（感觉每题都懂，每题都不会），没认真学的部分一下就露馅了
197460,3573,郑毅,2024-07-15 17:31:56,0,2,2,本人是物理学蠢材不知道为什么沦落到了物理专业。一腔反骨撞上郑老师“独特”的教学体系和行事风格倒是碰出了不一样的火花吧。期末考按照他说的内容复习（本人其实是把课堂板书全背下来了）真的有奇效，为了让大家不挂科还加了个10分的pre，最后果真捞到全班无人挂科了。上课前查老师看到一堆差评，好像是个目中无人爱刁难学生一瓶子不满半瓶子晃荡的疯子，其实是一个希望大家都好好的、有点愤世嫉俗的、爱贫嘴但有趣的物理学教师，教的不敢说有多好但是希望大家都不要先入为主地戴有色眼镜去看他啊，和他交个生活中的朋友真的蛮有趣的。（感觉这么评论会掉码qwq
199385,3573,郑毅,2024-09-22 14:59:03,5,6,1,非常喜欢在钉钉群里跟同学们互动，打水漂打的比他好可以加分，悠悠球玩的好可以加分，看过某部电影可以马上回答出他的问题会加分，现在玩黑神话过三周目也能加分。。。。。。
199611,3573,郑毅,2024-09-26 09:06:29,7,7,0,狂躁，自以为是，动不动就以自己评判标准来对别人的短处进行侮辱
201482,3573,郑毅,2024-11-03 17:53:44,0,0,0,很有趣的老师😢和其他专业课的老师都不一样 会想办法让学生通过考试 作为专业学渣力学成为了我专业课绩点最高的一门🙏
203403,3573,郑毅,2024-11-19 12:24:25,4,4,0,在浙大这么久了，我还是第一次被人说是蠢材、笨蛋
211356,3573,郑毅,2025-01-11 08:37:28,0,0,0,不太行啊
215886,3573,郑毅,2025-03-06 12:53:34,0,0,0,事多分低
42573,3741,陶前,2017-01-14 13:16:11,4,11,7,人挺帅，也蛮负责，给分在大物实验里真的算差的。
42578,3741,陶前,2017-01-14 13:20:03,45,51,6,给分低……最低的几次实验都是他的
42834,3741,陶前,2017-01-15 08:54:11,-25,3,28,一个字：帅
44856,3741,陶前,2017-01-18 11:48:40,26,29,3,大物实验给分很严
45121,3741,陶前,2017-01-19 04:03:33,30,33,3,大物实验绩杀
49451,3741,陶前,2017-04-13 07:40:27,7,9,2,绩杀，醉了
51001,3741,陶前,2017-05-11 13:17:28,18,21,3,讲的倒是挺简单，也听得懂，但是他不和你说他的要求……所以你就简单的写报告，所以你这个实验就挂了……主要是因为有些东西你是查不到的……所以你无论怎么努力，他的实验也要挂
51610,3741,陶前,2017-06-07 13:08:53,1,4,3,太严格了
52218,3741,陶前,2017-06-16 03:43:41,3,5,2,绩杀，唯一一个低于70分的实验就是他的
52290,3741,陶前,2018-12-02 08:28:40,-71,9,80,陶老师真的超级好，讲的很简单，很和气善良的老师，不发脾气，老师乐呵呵的，也不检查预习报告随便做做拿到必要数据就好了，最重要的是实验报告是写的很简单分数也很高，基本95!强烈推荐选他的课!
58837,3741,陶前,2018-01-21 03:34:36,12,17,5,他要是不在学校教书都活不到现在
60526,3741,陶前,2017-10-23 07:35:31,4,10,6,虽然看过评论觉得恐怖，但老师真的很耐心很温柔的在指导，没之前评论里这么吓人
60742,3741,陶前,2017-10-29 07:30:58,4,6,2,感觉楼上是卧底。且不说其余的，前两个实验都是他的，给分给的我都失去信心了！
60806,3741,陶前,2017-10-30 13:12:30,2,4,2,大绩杀
60807,3741,陶前,2017-10-30 13:51:47,-21,2,23,谁说他是绩杀的？电子荷质比普朗克常数简直最高分哦
63089,3741,陶前,2017-11-28 08:31:32,-5,3,8,还行吧，没有评论这么不堪，3分钟做完的交流电因数有90分，给分还算可以的
65691,3741,陶前,2018-01-08 08:48:51,1,3,2,蜜汁给分，难受
66598,3741,陶前,2018-01-17 12:13:01,2,4,2,大物实验给分很低，可以认为他是按满分90给的分。他在实验报告的管理上可能不太好，有一次他把我交上去的实验报告弄丢了，要不是我那次有实验照片和数据的备份，我就得重做了。不过最后还是重写了一份报告。\n\n这次评分我是按满分5分打的，我给了4分。
73998,3741,陶前,2018-02-04 04:14:57,2,3,1,陶前老师给分一般吧，仇志勇又严格又绩杀，真的绩杀！大家千万慎选！！！
75448,3741,陶前,2018-03-12 03:21:17,-5,6,11,陶老师很棒啊，上质荷比和普朗克常数的实验他讲的让人一下子就懂了，很温和，很负责。他会对数据处理比较严格因为他觉得大学实验就需要这样的严谨性。说绩杀的没好好完成实验报告的收尾吧
76612,3741,陶前,2018-04-16 07:58:13,-3,3,6,老师很好啊，给分也可以呀，人也很帅讲课也很认真啊
77614,3741,陶前,2018-05-07 02:15:43,-8,1,9,好好好
78664,3741,陶前,2018-05-14 09:18:32,-5,3,8,其实老师给分也不算很差啊\n\n毕竟 做实验 and 实验报告 是真的简单啊，你本身花的时间也不多啊，这样的话打分低点也没什么事了。\n\n就拿交流电路的功率因数实验来说，做实验是真的快，老师讲完后，你自己开始做用的时间控制在10分钟以内其实蛮简单的。而实验报告也不用像其他实验那样算这算那的，数据处理起来可以说是特别简单了。\n\n我写实验报告也没花多少时间，写的蛮水的，然后给分85。
80989,3741,陶前,2018-07-03 07:59:02,5,5,0,当时做他的实验就只有我一个人，隔壁班也只有一个人，明明挺认真写的实验报告，别的老师都能给95左右，他就给80
88269,3741,陶前,2018-10-25 08:11:40,5,6,1,绩杀。别的大部分老师那里认认真真写报告能九十四五，到这里就七八十。可能是老师的要求很高吧。建议慎选
88375,3741,陶前,2018-10-30 01:28:37,2,3,1,最差的老师，没有之一
88419,3741,陶前,2018-10-30 13:06:39,20,21,1,慎选啊！！！！\n\n虽然功率因数和普朗克的那两个实验是比较简单，老师人很温柔讲的挺好，但老师给分真的太低了！！\n\n其他老师给分（目前我遇到的），都是95+，他这个给分太迷了。。。不明不白就直接80。。。（懵逼）\n\n还是像之前一样认真做的呀。。实验数据和数据处理都是对的呀，根本就无法弥补。。。而且他改的实验报告还不知道在哪儿领。。。太难受，真是自闭了\n\n（此处非常想说脏话。。但还是克制住了。。。忍忍\n\n
89873,3741,陶前,2018-11-21 06:14:46,-9,2,11,很认真地写了电子荷质比和普朗克常数的实验报告，还特别问了老师求不确定度的方法，让他帮忙查看了报告的内容，结果只有90，同学同样的实验，其他老师的课，报告数据处理几乎没有做，最后也获得了92分，感觉好受伤。。。
91441,3741,陶前,2018-12-10 10:44:54,4,5,1,60体验 别的老师都90多
91643,3741,陶前,2018-12-17 04:19:01,-4,2,6,感觉老师好帅啊 又好温柔 声音还那么好听啊啊啊啊啊啊招架不住了(￣ ii ￣;) 吸溜(￣＂￣;)
91911,3741,陶前,2018-12-25 00:47:58,13,14,1,垃圾老师，选了三门他的实验，报告怎么写都是80分左右，其他实验都是95以上，是我没认真还是你故意搞绩杀？？？垃圾
93305,3741,陶前,2019-01-09 02:38:50,5,6,1,给分巨差
93724,3741,陶前,2019-01-12 10:32:43,6,6,0,但凡这种时候，总有人拿高分来洗白，只可惜个把的高分根本掩盖不了平均分低的事实。不过话说回来，比起张寒洁、乔玉龙这种大仙级别的人，他还算不上可恶。
94036,3741,陶前,2019-01-15 03:22:05,-6,3,9,好老师！
104293,3741,陶前,2019-03-17 01:50:06,-5,2,7,老师人还算是温柔的，讲解的时候也还算是详细，但是给分一般，功率因数那个实验给了我86（看评价好像我86分还算好的？？？），，可能因为我没求不确定度吧（另外这个实验一共只有三个人选，可能真的被查老师吓到了），普朗克常数的实验分还没出，出了再评
107338,3741,陶前,2019-05-04 04:37:35,5,8,3,讲的不错，给分是真低，建议把他的实验退掉
107673,3741,陶前,2019-05-08 06:52:32,-2,1,3,。。。。。
107746,3741,陶前,2019-05-09 02:30:36,2,4,2,辣鸡，真的无语
108074,3741,陶前,2019-05-14 05:20:47,2,4,2,狗来的
108519,3741,陶前,2019-05-27 14:02:54,8,9,1,给分是真的低(ﾉಥ益ಥ)
118187,3741,陶前,2019-10-22 10:21:15,-26,2,28,老师是那种典型的儒雅男神，声音很好听，认真负责，可能给分稍微差了那么一点(个人感觉其实还行，昨晚临时赶的实验报告老师给了93分)，抛开给分，单看人品和颜值，我觉得8分还是该有
124127,3741,陶前,2020-06-25 00:59:23,11,13,2,实验两分钟，报告三小时。辛辛苦苦写出来，这个姓陶的给一波80，别人班咋瞎写都是90+，就他天天搞绩杀，给分死机吧差，畜牲，经常瞎眼，老子算了不确定度，自己瞎看不见，说老子没算。王八蛋，FW，别人实验报告扫一眼，全是90，在他的班上就是80。你他妈不知道别人的评分吗？FW，你他妈牛逼你来写，老子写三个小时的报告，你给80，别人复制粘贴的报告95，要点FACE行吧。装你妈的清高，真把自己当回事了。
124191,3741,陶前,2020-06-26 23:49:52,5,7,2,煞笔玩意
124197,3741,陶前,2020-06-27 02:09:04,21,24,3,浙江杭州，浙江杭州，最吊物理老师开课啦。浙江杭州，王八蛋物理，最吊物理老师开课啦。王八蛋王八蛋陶前老板专搞绩杀，专搞绩杀，骗走了骗走了我们的时间，带着我们的绩点逃跑啦。我们没有没有没有办法办法，拿着时间换绩点绩点。原价都是5.0 4.0的物理实验通通3.0 3.0 3.0 3.0通通通通通通3.0王八蛋陶前 陶前王八蛋，你不是你不是你不是人，我们辛辛苦苦写了大半年，你你你你不给不给绩点，你还我血汗钱。
124358,3741,陶前,2020-07-01 04:14:39,2,5,3,就这种傻逼也来教书？
126793,3741,陶前,2020-10-20 07:26:50,7,8,1,八十，八十，八十，，，
126809,3741,陶前,2020-10-21 06:01:33,6,7,1,给一分都嫌多，信箱里翻那么多篇就没看到过90+的，nmsl垃圾绩杀者
134249,3741,陶前,2021-03-21 10:27:52,14,15,1,陶老师真的超级好，讲的很简单，很和气善良的老师，不发脾气，老师乐呵呵的，也不检查预习报告随便做做拿到必要数据就好了，最重要的是实验报告是写的很简单分数也很高，基本59!强烈推荐选他的课!
134790,3741,陶前,2021-04-15 07:11:02,9,10,1,别的老师是检查操作的合理性，你倒好直接检查数据。数据不合理就要重做，非要数据让你满意。好家伙，非要人舍弃求是精神?
134834,3741,陶前,2021-04-22 06:10:14,2,3,1,大众都给这分也不是没有道理
135538,3741,陶前,2021-05-13 02:25:14,1,4,3,老师人很温和，实验操作和数据计算有很详细地讲述，打分也很中肯，很尽责！
136080,3741,陶前,2021-06-11 00:42:50,-1,2,3,上的是大物丙实验，单论我做的两个他的实验，给分很好。
136957,3741,陶前,2021-06-29 02:14:28,3,4,1,给分差，非常差，对数据要求特别严，而且数据处理也要求巨高。
141782,3741,陶前,2021-10-25 13:26:21,2,3,1,sb.
142233,3741,陶前,2021-11-09 04:05:39,4,6,2,原来最小二乘法和作图法都可以的意思是“我 全 都 要”呢！真是可惜了我线性相关度1的数据呢！
143537,3741,陶前,2021-11-26 05:23:23,3,3,0,真是乱给分是吧？
145964,3741,陶前,2022-01-04 15:57:29,3,4,1,傻逼贱畜，脑子有问题
152502,3741,陶前,2022-04-13 10:56:18,0,6,6,陶老师给分挺好啊，讲课也不错，实验报告就规规矩矩地按他上课的要求写了，也没有多卷，最后给分也不错，也没有评论说的给分很低~
171549,3741,陶前,2023-03-28 10:51:43,4,4,0,老师课上明确讲了，由于测定普朗克常数图表太多，可以采用最小二乘法进行计算。批改完给分极低为什么又说没有按照画图法处理数据？哪怕是助教改的也应该及时沟通吧？
171791,3741,陶前,2023-04-05 15:20:59,-9,2,11,真想给0分，真的很好笑，一共五张图一页纸上绝对放不下的，我就没打印图直接在数据处理部分重复两次说明了斜率数据是软件拟合得到的，并且还专门列了表，说明是因为一页纸放不下五张图所以直接把拟合结果的5个斜率给出来了，结果最后还是说我没给图只给了83分，真的很秀，千万别选这个人的课。室友是隔壁老师实验的，实验报告不确定度没算老师只是说了两句，最后给了他94分，这么严重的问题人家只扣1分，我事先说明多次的斜率图放不下这种无关紧要的小问题直接给我扣掉12分。明明室友数据比我差，误差比我大，最重要的是他连不确定度是什么都不知道，但是最后分数还是比我高11分，真的心理不平衡，太智障了。本来实验都是94，95的，目前为止没低于94分过，结果因为这种根本不算问题的问题（而且还说明原因并给出替代方案了！）挑刺给了我83，真的打破我对zju老师的感官。明明很认真做的实验，处理的数据，写的报告结果就这个结果，呵呵，这门课的绩点都基本不用想到5.0了，tq我真是太谢谢你了！！！！！
171869,3741,陶前,2023-04-09 14:17:35,3,3,0,感觉没什么耐心？钉钉私戳甚至没有get到我的问题，在自己发挥。实验课上讲两种处理方法都可以，然后我只用了一种方法就给我扣了很多分数。。。无语。。（大家记得要作图啊！！）
172631,3741,陶前,2023-05-02 14:49:55,4,4,0,1不确定度没写计算步骤为什么也算扣分点？\n\n2上课仪器由于温度产生误差，不给学生说话的机会，直接一句“我没看到就是没有”草草了事，感觉即使去教高中都不合格，何况是在求是为校训的大学。不是很尊重学生，不愿意听学生的任何话。\n\n“我没看到就是没有”，很难相信这句话能出自浙江大学的一位老师嘴里。
173541,3741,陶前,2023-05-28 09:04:51,2,3,1,快跑！要是你实验报告完美，也许能拿到相对正常而不高的分数，但是只要有一点点问题，比如“计算不确定度的必要步骤”那就八十见吧。开学我还不信邪想着只要我报告都按要求来怎么可能给我低分呢，现在看来我实在太天真了
174371,3741,陶前,2023-06-11 05:17:50,2,3,1,因为实验的时候犯了个智障错误被老师记住名字了，专门去座位表看了一下，然后回来翻我的报告比对名字。最后实验报告果不其然拿的最低分。我承认我犯的错误很智障，预习也不是那么认真，但我最后报告都是认真写的，不至于这样记我名字吧orz
174747,3741,陶前,2023-06-16 14:33:51,2,2,0,抄nm的不确定度公式，抄公式tm很重要？tmd劳资不抄公式不确定度算对了你给劳资扣五六分？
175445,3741,陶前,2023-06-25 02:48:58,1,1,0,哈哈哈哈哈
178137,3741,陶前,2023-07-07 05:53:46,-2,3,5,？？？看了之前的评论，怎么和我遇见的陶老师相差这么多？有一次实验课，只有我一个人选了，于是老师一对一仔细地给我讲了30多分钟的原理，很温柔，很耐心。不过我在做实验的过程中犯了比较严重的错误，被老师指出来了，最后实验分也不算低。另一次实验过程中，老师也很耐心，要求讲的挺清楚的，给分也挺正常的，只要按实验前讲的步骤来，分数不会低。感觉老师最后都记住我了，期末考试也监考的我的考场，虽然我考的很烂。。。。。。
181530,3741,陶前,2023-10-21 10:25:17,4,4,0,实验绩杀！（吐血）
181928,3741,陶前,2023-11-05 13:38:03,4,5,1,别选这吊人，普朗克实验牢底坐穿
181929,3741,陶前,2023-11-05 13:41:56,3,3,0,或许不同老师对实验报告的评分标准有所不同，但是这nm给这么低？吹毛求疵？
182730,3741,陶前,2023-11-20 02:38:40,4,4,0,讲课的时候说最小二乘法和作图法都可以，给分的时候逮着这点扣，太不厚道了吧，那有这样的，别的老师都会强调扣分点，你埋坑！？\n\n还有不确定度，没写计算过程扣分不好评价，虽然绪论课提了，但是别的老师貌似都不扣这个分。。。\n\n总之，选了他的普朗克常量就得做好被绩杀的准备，希望学弟学妹们注意以上两点，别被他忽悠了，预祝你们取得良好的成绩。
182769,3741,陶前,2023-11-20 07:17:48,3,3,0,查预习报告写得少会打个勾标记，做普朗克常量实验时，画图或最小二乘法二选一，自己说的二选一，后来选一个反倒倒扣分，还有不确定度，不写步骤，统统80，很迷惑，好像起扣20，给分很求实，甚至有点抠搜！！！
183532,3741,陶前,2023-11-27 06:48:25,1,1,0,去补大物实验，这位老师不是很友善的感觉
183786,3741,陶前,2023-11-30 06:24:30,5,5,0,说实话 其实课上印象还可以 但给分真的依托答辩 我就数据处理有一丢丢问题直接被干到八十几了
184667,3741,陶前,2023-12-22 06:22:14,-1,3,4,我觉得陶老师是大物实验里面很认真负责的一位老师了，开始选的时候很担心会不会被实验成绩暴扣，于是一直水报告的我开始认真预习和学数据处理，然后有点担心但认真地完成了实验报告。\n\n没有这节课的话，我可能上完大物除非考试需求的内容要求，啥也没有学到。\n\n实例：陶老师是我上的这些大物实验里面唯一一位写了并认真评价了实验报告的老师。\n\n我个人认为之前的这些负面评价还是因为自身报告内容。
185520,3741,陶前,2024-01-01 14:12:18,2,2,0,讲课很好的，给分烂也是真的
185684,3741,陶前,2024-01-03 13:45:47,1,1,0,越想越气，回来骂一下，逆天沙比
185699,3741,陶前,2024-01-03 15:36:17,1,1,0,sbsbsb
185949,3741,陶前,2024-01-06 09:47:11,0,1,1,好像总能从我的报告里抠出错误来扣分，而且扣的还不少，本学期唯二90分以下的报告就是他给的。感觉我做的还挺认真，有点寒心
186857,3741,陶前,2024-01-13 09:20:33,0,1,1,给分依托
186890,3741,陶前,2024-01-13 12:21:52,1,1,0,史。。
192589,3741,陶前,2024-05-24 09:59:06,0,0,0,老师讲课很好，对待实验态度也很认真，那些包着水过去的心态来的人分数貌似都不好，但如果把上课的各种要求都做到了的话老师也会给高分，目前我唯一一次95+就是他给的
193369,3741,陶前,2024-06-07 12:26:44,0,0,0,实验讲得很好，做实验也很有耐心。但是给分非常求是，有一点错误就会扣分，还是慎重选择吧
193612,3741,陶前,2024-06-14 02:25:54,-4,0,4,唯一下90的😭😭😭
200494,3741,陶前,2024-10-17 15:48:13,1,1,0,你倒是讲清楚啊
202887,3741,陶前,2024-11-15 04:10:36,2,3,1,实验报告要相当认真写 普朗克常数本人花了起码三倍时间写报告 拿下最高分96 老师批得慢也确实认真批改的 只能说要选的话还是自己衡量一下
205565,3741,陶前,2024-12-09 09:01:11,1,1,0,给分真的烂
208793,3741,陶前,2025-01-02 04:03:17,1,1,0,大物实验两个最低分都是他给的，既然改的这么严，为什么要求不讲清楚呢？建议把你的要求打印出来给同学们传看……
217195,3741,陶前,2025-04-03 16:55:27,1,1,0,sb玩意
217487,3741,陶前,2025-04-11 06:23:46,1,1,0,不知道为什么大家都在骂\n\n老师看实验报告确实是很细\n\n但是绝对没有无故扣分的情况\n\n把应该有的表格图像和分析都写上，现在做了两个都是92+
133524,3869,傅国勇,2021-03-01 15:53:31,1,1,0,为啥没人评分🥲
133526,3869,傅国勇,2021-03-02 00:27:02,1,1,0,前排占座
138146,3869,傅国勇,2021-07-07 13:45:22,3,4,1,超级好的老师！
138166,3869,傅国勇,2021-07-07 16:28:56,-22,4,26,老师上课挺可爱的，儒雅随和，班里的同学问他问题都会耐心解答，就是期末考有点太过简单了一点，建议提高一点难度啦，毕竟开卷
138179,3869,傅国勇,2021-07-07 21:02:59,1,1,0,给分求是，平时分拉人，关心学生，热爱plasma，“我要你们全部都上80”，老师的电脑是英文键盘没法打中文
138184,3869,傅国勇,2021-07-07 23:33:41,9,9,0,老师很好，ps:说期末试卷太简单的那位是哪个4000+的东西
138670,3869,傅国勇,2021-07-10 08:45:52,2,2,0,炒鸡炒鸡好的老师！思路很清晰！可惜还没告诉我们无限大真空中到底可不可以有非横波的存在？
139276,3869,傅国勇,2021-07-14 04:17:32,0,0,0,老师人很好，认真负责，也会拓展一些等离子体的内容，给分很不错～
173515,3869,傅国勇,2023-05-27 13:31:55,7,8,1,我觉得这评分不合理\n\n点名的话，频率很频繁，基本上每周都点，特别早八下雨几乎必点，迟到也会记\n\n上课我觉得很无聊，听不下去。然后课程安排，我觉得很难的地方讲的飞快，电磁学讲过的部分一直讲啊讲啊讲。上课的时候看一下我们班的同学基本上也没有抬头的。\n\n老师负责还是很负责的\n\n但是我没办法了，完全只有自学了
175862,3869,傅国勇,2023-06-27 03:50:18,2,4,2,直接给了10，无论师德、教学还是别的任何品质（看了履历，真的大牛），我觉得傅老师都可以算上典范（助教哥哥人也很好）。\n\n老师人真的非常和蔼，也会邀请大家去约office time，有问题老师也会超级认真地和你交流。\n\n虽然电动这门课挺难的，这门课的分数也有些遗憾，但是真的学到了很多东西。\n\n建议是有问题多多思考，有一些框架上的问题可以去和老师直接交流，虽然老师说所有问题都是好问题，但也请加上自己的思考。\n\n如果你是为了上电动才来翻的查老师，那么只有一句话，认真学完电动，你的收获会非常多。\n\n同时，如果对自己不够自信，可以试着多看看教材，还有课后的习题，还有一位开电动的袁野老师自编了一本教材，因为他是做高能的，整本书的场论味道很足，可以对照着看，对整个的知识框架还是很有帮助的。\n\n最后，祝君好运(●'◡'●)
175928,3869,傅国勇,2023-06-27 07:14:01,1,1,0,早八，雨天，电动力学，懂的都懂~
176308,3869,傅国勇,2023-06-28 10:39:27,3,3,0,结课了回来更新一下\n\n评分变低了一些\n\n点名那个事，点名的话，频率很频繁，基本上每周都点，特别早八下雨几乎必点，迟到也会记。当然点名这个事说起来十分的冤枉，因为按时上课本身是我们学生的天职，但是求求老师宽容宽容我们，能不能别点那么频繁，或者早八的时候第二节课再点。每次上课吃完早饭赶课赶得胃痛，最后还可能晚几分钟迟到，不吃早饭又会饿，真的很难受。当然也怪我起不来，能力不行。\n\n上课我个人觉得比较无聊，听不下去。对这个语调语速不是很适应，而且感觉老师中文不太流利。课程会拓展很多老师科研的内容。\n\n然后课程安排，我觉得很难的地方讲的飞快，电磁学讲过的部分讲的太多，然后先讲相对论的部分我感觉十分迷惑，不知道有几个人能在没有前面铺垫的情况下听懂，况且这还是电动力学的重中之重。重点应该放在后半段上，前面那些铺垫的内容应该快快过掉。当然格里菲斯这个书也有责任，老师是按着这个书来的。上课的时候看一下我们班的同学，基本上也没有几个抬头的。\n\n老师十分认真负责，感觉掏心掏肺的给我们讲课。\n\n我个人的听课的感受是前部分觉得好简单，到后半学期直接崩塌，基本靠自学疯狂的补课，才在期末补完，结果还算将就。
191222,3869,傅国勇,2024-04-12 14:04:12,2,2,0,太难了真学不会
91416,3931,方磊,2018-12-09 13:01:52,-1,1,2,不知道
110165,3931,方磊,2019-07-03 01:04:32,1,2,1,。。。。。
111742,3931,方磊,2019-07-02 17:25:54,-2,1,3,形策一个学分，考试就别太认真复习了。注意作文不要离题。
111940,3931,方磊,2019-07-03 03:48:00,-4,4,8,老师真是是一位很棒的很用心很关心学生的老师，还记得每次上行策都说着，我再向同学们提醒一遍啊…既然选择了物理系，那就要好好学习啊。为什么呢？这个科目不比比数学简单……同学们有什么问题一定要即时和我们沟通啊，学校这边都会帮你们解决的……总之就是很好的以为老师！赞了。
111993,3931,方磊,2019-07-03 06:05:48,1,4,3,老师虽然不会直接点名，但是每次课即将结束的时候都会出三个题目让我们选一个来回答，然后写一张纸来交，算是有种暗戳戳点名的意思吧，不过没来的之后也可以用邮件发给老师，还是蛮好的，不过跟纸质的分数肯定有区别。我觉得老师很和蔼啊，要出成绩之前还会到群里捞没有交作业的人，也很可爱，每次我们交作业就说只用写提纲不用写太多，上课的时候很温和。大家寒假都忙着赶形策作业的时候，我们没有！真的寒假没有形策大作业，非常棒。考试之前会把所有的PPT打包成PDF还有课后思考题发给我们做复习。虽然我差一分就拿到4.5了，不过4.2也很开心了，毕竟自己平时确实没有怎么听课。考试之前背背时事做书后面选择题其实也差不多了，不会太难看。
120324,3931,方磊,2019-11-28 11:28:04,-2,2,4,价值观对口，毕竟老师也是物理系的。老师也很认真负责。
122072,3931,方磊,2020-02-11 07:01:37,0,2,2,形策寒假作业写个无聊的文章，别的班好多只要求800-2000字，他给你整个3000字左右，我就奇怪布置这种毫无意义的作业是为了什么？
125024,3931,方磊,2020-08-15 02:22:40,0,3,3,方磊老师非常敬业的一位老师！他的理论功底很扎实👍
126946,3931,方磊,2020-10-29 06:47:10,0,1,1,呵呵呵，
127303,3931,方磊,2020-11-20 02:09:06,7,12,5,沙比，官威大的很
130399,3931,方磊,2021-01-22 03:29:37,0,0,0,信息量还可以
130400,3931,方磊,2021-01-22 03:51:09,0,0,0,不点名，但课后会把课堂布置的思考题让同学们任选一道简要回答，然后交上去，如果有事请假没来上课的，课后可以把作业补上
134104,3931,方磊,2021-03-16 04:57:48,5,8,3,官威很大，讲的一塌糊涂 ，故弄玄虚，问他问题先怼人，有时候怼了也不回答，理论水平较差，对有些问题一知半解
138487,3931,方磊,2021-07-09 13:17:44,1,3,2,有两个叫这个名字的老师，物理系的方老师可好了，绝对不是七点几分的水平，绝对值得满分
155052,3931,方磊,2022-06-16 09:28:36,5,6,1,等我考完试再好好评价吧
215108,3931,方磊,2025-02-21 07:47:49,0,1,1,怎么把两个老师弄一起了？我觉得其中教农的老师分数应该只有1分吧。
88857,3968,宁凡龙,2018-11-10 09:41:46,3,11,8,大物实验给分极差
90955,3968,宁凡龙,2018-11-28 04:44:06,-1,8,9,好老师 不解释
103571,3968,宁凡龙,2019-03-01 10:18:04,-7,5,12,大雾实验很赞
103991,3968,宁凡龙,2019-03-19 04:11:58,-6,5,11,老师上课氛围很轻松，有时还会和大家开开玩笑。讲授清晰，而且给分极好！
105134,3968,宁凡龙,2019-04-04 06:28:13,-2,4,6,老师好可爱啊
108426,3968,宁凡龙,2019-05-24 01:34:27,5,16,11,大物实验魔性给分，我的大物实验最低分就是他打的
109719,3968,宁凡龙,2019-06-19 00:38:59,5,9,4,大物实验打分完全乱来，70 80很多，给分莫名其妙
109840,3968,宁凡龙,2019-06-19 15:12:33,6,10,4,声速测定感觉完全在乱写，98.\n\n旋转液体倒是认认真真写了，75？\n\n也许这就是玄学给分？
117947,3968,宁凡龙,2019-10-16 12:30:27,-1,4,5,其实也没评论里这么恐怖吧\n\n虽然花的时间相对多一点但用心写还是可以拿95的\n\n我一个从来没写过报告的 照着格式写也能拿三个95
118107,3968,宁凡龙,2019-10-21 03:31:14,-3,4,7,老师好可爱啊呜呜呜，仪器问题导致实验需要重做也是很温柔地解释，仔细地指导，讲解也很简洁到位，还不知道给分怎么样但觉得老师很可以，nice
119196,3968,宁凡龙,2019-11-11 06:26:03,0,2,2,我每门大物都95+，就他给了80，传统美德
124202,3968,宁凡龙,2020-06-27 03:11:56,4,7,3,给分莫名其妙
124209,3968,宁凡龙,2020-06-27 05:03:15,1,2,1,感觉老师自己不懂，给分乱给，实验报告只看字数，别的不管
126237,3968,宁凡龙,2020-09-20 14:56:14,-2,0,2,这个老师极好，大家快来啊\n\n
127979,3968,宁凡龙,2020-12-02 05:25:55,-2,1,3,上课佛系，几乎不讲，给分很低
141582,3968,宁凡龙,2021-10-15 14:53:11,0,0,0,大雾实验打分离谱
144245,3968,宁凡龙,2021-12-21 02:11:56,0,0,0,飞飞飞
154008,3968,宁凡龙,2022-05-19 02:49:46,1,1,0,电桥相关实验讲的很清楚，实验操作简单结束的也快，相关要求讲的也很明白。
154286,3968,宁凡龙,2022-05-29 04:45:57,0,0,0,大物打分比较两极分化，因为他会看报告数据处理和误差分析有没有做好，我的最高分和最低分都是他打的；不过课后去问宁老师发生什么了，他也会专门把报告拉出来解释，这点看来还是很负责的
154987,3968,宁凡龙,2022-06-07 08:34:19,-1,0,1,老师很温柔，打分什么的要看自己态度，大物实验认真预习而且报告认真写给分还是挺好的
160387,3968,宁凡龙,2022-09-21 04:17:27,-2,0,2,老师非常好，很亲切
160930,3968,宁凡龙,2022-10-20 03:33:20,1,1,0,差差差
171062,3968,宁凡龙,2023-03-15 08:34:44,1,1,0,给分确实迷
103294,4007,周毅,2019-02-27 07:14:24,0,0,0,听说老师要走啦
71360,4416,朱华星,2018-01-28 10:51:05,1,1,0,好好好
71957,4416,朱华星,2018-01-29 06:40:09,6,6,0,谢老师不挂之恩！我偏微是什么都不知道，复变只会默写公式，居然过了！过了！
71959,4416,朱华星,2018-01-29 06:50:13,1,1,0,老师人挺好的
74021,4416,朱华星,2018-02-04 08:53:15,2,2,0,谢老师不杀之恩
74125,4416,朱华星,2018-02-06 08:26:02,2,3,1,给分绝对良心
74384,4416,朱华星,2018-02-16 09:11:27,1,3,2,虽然新老师，授课不是太熟练，但是绝对负责好老师！
75849,4416,朱华星,2018-03-20 02:00:56,3,3,0,华星哥人非常好，课件和给分也非常好，就是这门黑暗的课的一缕阳光！
76091,4416,朱华星,2018-03-26 13:30:48,3,3,0,我也要感谢老师不挂之恩！我既不知道偏微是什么，也不知道复变是什么，都只会默写公式，这门可怕的课居然过了！过了！
76455,4416,朱华星,2018-04-10 03:28:44,3,3,0,华星鸽男神！！！
76467,4416,朱华星,2018-04-10 08:57:50,5,6,1,在数理方法这门黑暗课上的一丝阳光
117059,4416,朱华星,2019-09-19 01:21:36,0,1,1,老师太好了！
117403,4416,朱华星,2019-09-24 02:56:08,3,3,0,我觉得hxgg比zgg讲的清楚诶！！好喜欢！
125321,4416,朱华星,2020-09-06 16:21:22,1,1,0,超喜欢zhx！感觉很像呼兰就更喜欢了！
125324,4416,朱华星,2020-09-06 16:48:44,1,1,0,确实像呼兰啊，简直一模一样。
125325,4416,朱华星,2020-09-06 17:13:58,14,14,0,老师今年第一年教电动，虽然多多少少有些不熟悉，但是一个学期听下来感觉仍然很好，整体的框架和一些细节讲的都很清楚。电动这个课，不同背景的老师会讲出完全不同的味道。比如隔壁求物fgy老师是做等离子体的，因此讲电动多少会掺一些等离子体的东西。而朱老师是做高能的，因此讲电动有浓厚的场论的味道，讲义和作业题里面数学用的相对多一些。不过这门课里涉及的技巧并不多，绝大多数都蕴含在了讲义的推导里，仔细推过几遍讲义这些技巧应该不成问题。作业题和考试题比较灵活但并不刁钻，解法其实都很朴素，只是计算量偏大。考试中作业原题不多（但会有），有的题是从格里菲斯里选的，有的题是老师自己出的。老师自己出的这部分题一般源于基本的物理，比如双折射晶体、非零质量光子的矢量场啥的。虽然看起来唬人而且基本没法预料，但是按照最基本的方法去推，还是能做的。老师给分不错，作业交了就有分，没交的话会给补交的机会（而且貌似期末能覆盖期中？
125326,4416,朱华星,2020-09-07 00:25:28,1,2,1,老师很好，第一年讲电动力学，数学味有点重\n\n
125356,4416,朱华星,2020-09-07 11:19:26,1,1,0,像呼兰噗哈哈哈
125550,4416,朱华星,2020-09-11 09:12:45,8,8,0,Not only God knows， I know， and by the end of the semester， you will know. — S. Coleman
129106,4416,朱华星,2020-12-30 07:00:49,5,5,0,真－西1-520唯一的光
130445,4416,朱华星,2021-01-22 11:55:15,1,1,0,还好吧
137878,4416,朱华星,2021-07-06 12:54:34,2,2,0,感谢hxgg不挂之恩
157748,4416,朱华星,2022-06-24 15:38:54,0,0,0,hxgg，永远的神！
157923,4416,朱华星,2022-06-25 15:17:42,6,6,0,到目前为止上过最难的课之一（，上电动力学这门课，前期：我是谁？我在干什么？中期：好像公式懂了，但是不能理解本质，所以一做题都做不出来；后期：整理了一波知识点后终于有隐隐的脉络了，可惜的是时间不够提前快一个月复习也没能很好的复习完（所以期末寄了，感谢hxgg捞分！！）。最后复习下来不禁感慨电动力学这门一开始像看天书般的课最后坚持下来竟然能学这么多东西
159617,4416,朱华星,2022-08-22 07:57:06,0,1,1,不错的
159780,4416,朱华星,2022-08-29 13:19:56,1,1,0,华星😭，我的华星gg，没有你我该怎么活啊😭
161221,4416,朱华星,2022-11-01 05:10:27,0,0,0,老师上课非常认真负责，分享的笔记什么的超级细致，虽然课程有难度，但也学会很多知识，另外感谢老师捞捞。
162655,4416,朱华星,2022-12-02 16:05:02,0,0,0,上课逻辑非常清晰，每次下课都能看到手写讲稿，hxgg的github上也有复变相关的课件
180862,4416,朱华星,2023-09-27 08:31:28,2,2,0,hxgg上量子场论就是个无情的calculator
185429,4416,朱华星,2023-12-29 08:04:44,1,1,0,hxgg去北带惹
72048,4595,景俊,2018-01-29 09:00:46,-6,2,8,老师讲课很好，而且很负责任
72334,4595,景俊,2018-01-30 02:20:44,5,7,2,为大角默哀
73551,4595,景俊,2018-02-02 03:08:35,2,7,5,非常赞，讲得非常好（记得参加竞赛，不然平时分就只有18咯）
73784,4595,景俊,2018-02-03 05:36:26,-5,1,6,老师上课挺认真的
74092,4595,景俊,2018-02-05 05:07:14,5,7,2,平时分。。。很坑。。。
79696,4595,景俊,2018-06-13 01:49:35,2,4,2,之前说参加竞赛平时分加分，结果最后是不参加竞赛平时分扣2…
81042,4595,景俊,2018-07-03 12:10:01,-21,2,23,虽然满了，但还是坑
96369,4595,景俊,2019-01-21 01:20:07,-23,4,27,课讲的还好……物理系学生觉得讲的稍微有点简单……要是能再深入些就更好了
97998,4595,景俊,2019-01-23 03:33:16,2,3,1,感觉老师讲的是一套，参考书里又是一套。。。不过考试很简单，都只涉及基础的知识，甚至还有一模一样的作业布置过的题。。。
100058,4595,景俊,2019-01-25 13:29:16,2,2,0,呵呵哒
102418,4595,景俊,2019-02-01 15:46:18,0,3,3,挺不错的一个老师，不过给个建议，下次能不能建一下学生群？这样子交流比较方便一点，虽说回邮件特别及时，但感觉还是不太方便。
103577,4595,景俊,2019-03-01 11:54:21,7,15,8,老师在教书的时候的思想很清晰，而且都是以希望同学可以真正学到物理的方式在教书，可以说是真正的好老师，而且去问问题也会解答。要说不足的话大概就是没有提议建功课群，结果没人建就真的有点悲催了。是个好老师别错过了
104871,4595,景俊,2019-03-29 04:46:40,19,26,7,佛系讲课，胡乱给分
114102,4595,景俊,2019-07-08 23:13:27,4,10,6,极度自以为是
117408,4595,景俊,2019-09-24 03:36:09,-20,1,21,感觉老师可以讲的再难一些
118588,4595,景俊,2019-10-29 03:55:15,7,12,5,老师有一颗负责的心，但讲的东西不太适合大一上学期新生来听，一开始就带入微积分和矩阵和复杂的空间坐标系，真心听不懂。而且讲的东西跟课本不一样，无从预习。
118840,4595,景俊,2019-11-12 01:55:01,7,15,8,再见了，垃圾老师！我弃修了，你可能是很牛逼的雾里学家，可是你的教学实在太垃圾了！
120722,4595,景俊,2020-01-16 00:18:17,-13,1,14,考完以为慢了，回头一看4. 2
120795,4595,景俊,2020-01-17 08:51:59,0,1,1,老师讲的还是不错的，但是很多时候节奏会比较快，比较难跟上，
120902,4595,景俊,2020-01-18 12:31:54,-6,0,6,老师真的很认真负责！
121472,4595,景俊,2019-12-15 16:21:15,2,2,0,听天书
122158,4595,景俊,2020-02-17 12:57:03,-3,6,9,老师最后一节课：你们的成绩不是你们努力的结果，而是我努力的结果，我尽量给你们一个不拖累你们期末的平时分。\n\n说实话老师教的还不错的，人品也挺好的，就是建议平时分可以公开一下...
122407,4595,景俊,2020-02-26 09:27:54,8,9,1,可能不是很适合讲课吧。有点一头雾水。
122803,4595,景俊,2020-04-08 03:27:39,5,6,1,听天书
123227,4595,景俊,2020-05-21 13:23:44,5,6,1,选修课听着听着就没几个学生了
126403,4595,景俊,2020-09-25 03:31:14,2,4,2,牛逼牛逼\n\n自己牛逼\n\n当老师差点\n\n怕你骄傲\n\n2分拿去
126617,4595,景俊,2020-10-09 02:01:39,13,15,2,自身科研实力应该很强\n\n有些口吃\n\n教学水平不太好，不会因材施教\n\n有自己的一套思路和方法，就看你适不适应了\n\n最好自己有了框架后再来听他拔高和补充思路，否则很容易弃修
126660,4595,景俊,2020-10-12 07:47:20,3,3,0,“选修课就是不要求一定拿到学分的课”难怪上到后来就没几个学生了
130720,4595,景俊,2021-01-24 11:18:49,1,2,1,听课不如自己看书 越听越困惑
131377,4595,景俊,2021-01-27 09:11:56,11,18,7,这个学期的力学老师，\n\n虽然乍一看评分不太高，但老师还是很有思想的。\n\n非物竞党，一开学直接微积分+矩阵，让我很难受（因为没学过呜呜）直到后面角动量和相对论，全程没有让我有机会划水。\n\n这正是我学物理的重要原因，让思想物理化，有深度化。\n\n平时讲课不能走神半分钟，否则会听得一头雾水。\n\n学到最后回头一看，确实学到不少东西。\n\n老师人还挺好的，听说也有一定研究成果。\n\n此课比较适合真正向往物理学的朋友们。
132441,4595,景俊,2021-02-01 15:24:39,0,1,1,还行吧
133732,4595,景俊,2021-03-04 09:15:05,8,13,5,（量子光学与量子信息导论）老师负责量子信息部分，讲得真心不错，让人很有激情继续往这个方向研究。不过上完之后倒也理解为什么老师上不好大雾之类的课了，可能对于他来讲大雾的东西太简单了甚至很多都是“不严谨、不正确的”，有很多东西想讲，并且直接默认所有来选他的课的人都是高年级物理系学生吧。><要是有兴趣有基础的话挺建议跟着他深入学习哒～
137745,4595,景俊,2021-07-06 03:08:57,3,3,0,上的理论力学。可以看出来老师很努力地想让我们听懂，但是数学味道太重了所以听懂真的挺困难的。。。但还是挺不错的老师
143914,4595,景俊,2021-12-12 10:27:07,5,7,2,就凭疫情只交两份作业我给打十分
146395,4595,景俊,2022-01-06 12:34:12,0,2,2,景俊大佬～
154405,4595,景俊,2022-06-01 03:00:03,0,4,4,可爱捏
164956,4595,景俊,2022-12-28 05:07:21,-3,3,6,老师讲课很好，人也很好
167509,4595,景俊,2023-01-17 00:41:23,0,1,1,上的还行
167743,4595,景俊,2023-01-18 23:36:12,0,4,4,很棒的老师
168187,4595,景俊,2023-02-01 08:11:01,13,14,1,讲的啥，根本听不懂
177892,4595,景俊,2023-07-05 09:28:23,2,3,1,出卷判卷非常奇怪
181321,4595,景俊,2023-10-14 08:29:27,-2,1,3,老师水平很高
181609,4595,景俊,2023-10-24 07:12:14,1,2,1,只能说有一套自己的教学思路，是想给学生讲点真有用的东西，但是思路过于跳跃了，本普通人非天才难以跟上，而且根据身边统计法很多同学也跟不上，总体来说还是不太行
186316,4595,景俊,2024-01-10 14:16:37,6,7,1,建议有竞赛基础的来上
186340,4595,景俊,2024-01-10 14:15:53,8,10,2,听不懂
188100,4595,景俊,2024-01-18 07:55:01,3,4,1,给分很奇怪，也不透露给分细节。课堂内容过于拓展，想完全吸收需要花费大量课余时间。而期末的考试和平时学的没有多大关系，并且最终得分和个人感觉有较大差异，总的来说不太行。给分真的奇怪…
188106,4595,景俊,2024-01-18 08:00:57,5,6,1,认识的人全都卡绩了🫡
189615,4595,景俊,2024-01-26 03:31:47,6,8,2,老实说给分是真的迷惑，至于上课，感觉学过一遍回来听更合适。
189901,4595,景俊,2024-02-01 17:57:37,4,7,3,给分真的特别奇怪，存在看人给分的现象，跟5.0的同学对答案计算分数有80分上下，出分只有约50分，同学只写了五道十分的题却有70分
194111,4595,景俊,2024-06-22 04:40:07,5,6,1,给分确实怪，处分还贼快
194118,4595,景俊,2024-07-02 05:57:05,0,5,5,理力教的有自己的一套体系（大框架是借鉴晓光大师的），逻辑还是挺清晰的。上课的课件也都是自己做的，备课还算认真。会补充很多超纲的拓展知识，但是ppt里都会打星号标注出来，听不懂也没必要一定搞懂，听个大概就行。自己上课不点名，但是习题课会让助教点（悲）
194310,4595,景俊,2024-06-23 07:50:43,5,6,1,备课认真但不一定听得懂，需要自己花时间\n\n有点口吃，一开始需要适应一下\n\n明说不点名\n\n出分好多卡绩……
194563,4595,景俊,2024-06-24 11:15:06,0,2,2,还不错
204938,4595,景俊,2024-11-29 00:58:00,0,1,1,ppt上的符号规定太差了。。影响阅读
209055,4595,景俊,2025-01-04 10:00:48,3,4,1,讲课自成一套，挺有思想的，竞赛生会觉得基础，没学过竞赛的觉得痛苦。所以上课前预习这一整章的内容食用效果最佳（注意是一整章，因为你不知道景老师的思路跳的多快）。很好的老师，但是被卡绩了呜呜呜。。
209059,4595,景俊,2025-01-04 10:15:59,1,1,0,老师力学海底捞了，把我捞上及格了。好爱老师。\n\n虽然，好像老师有点乱改卷子。
209061,4595,景俊,2025-01-04 10:24:05,0,1,1,他上的课蛮有深度的，讲的是力学，但可以延伸到更多的地方。由此可以看出来他是一个很好的物理学家，但是从某种意义上来说，正因为如此可能会让一些没有基础的学生听得有点混乱。
209063,4595,景俊,2025-01-04 10:30:22,4,4,0,胡乱给分，全员被卡，我服了
209097,4595,景俊,2025-01-04 12:23:42,-15,2,17,今天出绩点了，爽拿满绩👍
209122,4595,景俊,2025-01-04 14:44:09,3,4,1,评价一下力学：虽然是面向大一学生，但课上补充了很多额外的物理知识，比如讲积分计算时拿出一个固体物理里的路径积分，介绍保守场和无旋场的不等价性，备课认真，还会传授许多物理学家的思想，但是有时上课节奏跳跃，有点口吃，数学难度对初学者较大。给分方面，我的和个人预期匹配，但根据身边统计学，很多人被绩杀，且给分不透明，不过上课从不点名。总体而言，老师很有物理思想，科研水平应该也很强，但还是适合有竞赛基础或者不那么在意绩点的同学选。
209126,4595,景俊,2025-01-04 14:52:36,4,4,0,总体还行(指讲课效果)，上课很有自己的思想，但平时分真的是乱给，而且完全不给查，助教也是整个学期在玩失踪，不知道怎么想的
210112,4595,景俊,2025-01-08 07:31:31,2,3,1,认识的人里面很多都卡绩了啊怎么说，能不能公开一下明细？起码让我们卡得心服口服吧
215096,4595,景俊,2025-02-21 03:40:06,0,0,0,，，，，，，，，，，
217911,4595,景俊,2025-04-18 01:44:00,4,4,0,听不懂，已经开始想念王大伟老师了
76578,4651,刘洋,2018-04-15 13:47:14,5,5,0,男神！
89100,4651,刘洋,2018-11-15 13:18:39,9,13,4,战略管理最后一节课才后悔没有好好听，老师很好很认真，干货很多。虽然普通话不太悦耳但是请大家一定认真听，不认真老师会难过的，真的。
89183,4651,刘洋,2018-11-16 11:30:19,5,7,2,战略管理课程是我在浙大管院听的最感动的一门课程，老师备课很用心很用心，而且很可爱，第一次在管院看到我理想中的大学老师的样子。
90152,4651,刘洋,2019-11-07 15:06:44,12,13,1,认真备课的好老师，会因为学生不听课感到自我怀疑，能听就听吧，老师讲的真的很不错。
90458,4651,刘洋,2018-11-23 14:29:30,3,3,0,老师真的是个好人!
109239,4651,刘洋,2019-06-12 07:15:03,10,10,0,浙大ARPES第一人☝️
109398,4651,刘洋,2019-06-14 01:51:11,3,3,0,悦耳的普通话，真的帅，听老师讲课真的很开心
112236,4651,刘洋,2019-07-03 23:50:37,2,3,1,中科大派来的卧底，固体物理出题难出天际了(ʃƪ ˘-˘)
124908,4651,刘洋,2020-07-17 08:32:08,6,6,0,确实是中科大派来的卧底，期末考试难度……略难，倒是没有那么变态，老师最后还是会努努力帮大家一下，只要期末都能答上的水平就算有点小问题老师也会拉满。在线考试的安排也比较合理，讲课比许老师要清楚一些，还会讲一些比较前沿的东西，人也非常nice
124987,4651,刘洋,2020-07-31 08:58:55,2,2,0,理论与实验相结合，非常nice
125196,4651,刘洋,2020-09-03 11:39:57,4,4,0,老师备课讲课很用心，人也很好。固体物理课虽然推荐的是Ashcroft的《Solid State Physics》和胡安的书，但我个人还推荐大家看看北大阎守胜的固体物理基础（在中文教材里算是很好的了）。Kittel的固体物理书也有中文版可以参考。
137023,4651,刘洋,2021-06-29 13:27:39,1,1,0,给分八错
142852,4651,刘洋,2021-11-17 02:03:55,1,1,0,老师真的太好了！给分巨好！讲课也真的能听到一些有用的东西！
183688,4651,刘洋,2023-11-28 15:51:06,1,1,0,好老师！！！！
183689,4651,刘洋,2023-11-28 15:51:58,0,1,1,战略管理\n\n刘洋老师给分超级超级好 2次小组作业 1次个人作业 作业认真做分数不会差 最后开卷考 整体难度不大 而且不点名！
184292,4651,刘洋,2023-12-15 13:13:02,1,1,0,好老师，讲的很清楚，对学生好
186977,4651,刘洋,2024-01-14 03:56:09,1,2,1,上课仔细认真，讲解清晰，给人一种很有活力的感觉，帮助我们解决实验中遇到的问题\n\n反观某郑
193003,4651,刘洋,2024-06-02 10:55:53,1,1,0,讲的又清楚人又好，yyds
202670,4651,刘洋,2024-11-13 19:09:39,4,4,0,个人认为给分较差 刷新专业课最低绩点 自认为在本课程中并没有摆烂 一家之言 读者/课友可以认为我片面 仅供参考）
71466,4953,肖维文,2018-01-28 13:25:12,6,11,5,老师自身经历和水平没的说，很厉害，不过不太适合给本科生上课。另外，平时分是按卷面成绩给的吧？大雾这种课20的平时分还能这么克扣?
71829,4953,肖维文,2018-01-29 04:04:37,8,12,4,（大物乙）第一次教，没什么经验，但是还是很有热情，人还是很好，发邮件必回，还会讲一些物理前沿的东西，大物乙讲真主要还是自学
72329,4953,肖维文,2018-01-30 02:11:01,34,48,14,第一次上完他的实验课写的一点东西：\n\n肖老师就是那种传统的高级知识分子，\n\n骄傲固执且不加掩饰，\n\n心直口快、喜怒无常。\n\n希望每一个学生都能充分发挥主观能动性，\n\n不能容忍学生的低级问题，\n\n生气的时候像极了家暴活动的男主角，\n\n并且在物理研究上明确表达了自己对女性的不看好。\n\n这样的人应该专心去研究他的核聚变，\n\n而不是在学生被动选择的大学物理实验课上花式暴怒，\n\n对学生和他自己都是一种折磨，\n\n女同学慎选肖维文。
72814,4953,肖维文,2018-11-08 06:56:53,57,78,21,新人教师，上课并不细致沉稳，乐于展现蒂花之show，英语口语show，获奖感言show，请同学上台做题show，本来说最后一节课要全英文秀一秀结果没秀出来。
74117,4953,肖维文,2018-02-05 09:34:10,4,10,6,很负责，比较严格的好老师
74165,4953,肖维文,2018-02-06 02:58:06,7,11,4,适合搞科研，不适合给本科生上课。全靠自学了
74685,4953,肖维文,2018-03-05 05:46:19,6,12,6,老师对物理超级热情！！！
75319,4953,肖维文,2018-12-08 15:50:30,-79,34,113,傻逼老师
75375,4953,肖维文,2018-03-09 12:27:37,32,44,12,觉得这个老师太爱秀了 找他要邮箱他让我们百度实际就是想证明他很厉害
75480,4953,肖维文,2018-03-12 09:36:57,31,39,8,一句话，上他的课就好好自学还有戏
75745,4953,肖维文,2018-03-16 04:04:34,3,13,10,老师超有趣，如果和高中老师一比的话还是很可爱的。大概因为第二次教大物，所以还是不是很熟练，所以擅长提早下课。。。上他的课确实蛮有用
75960,4953,肖维文,2018-03-23 02:08:07,4,13,9,我觉得老师很可爱啊 也很负责的
75963,4953,肖维文,2018-03-23 02:15:13,0,3,3,还行，一般。
75964,4953,肖维文,2018-03-23 02:17:59,8,12,4,..救命
75965,4953,肖维文,2018-03-23 02:18:04,14,18,4,有个性\n\n
75966,4953,肖维文,2018-03-23 02:20:22,16,25,9,认真负责，要是真的想学点东西就选这位老师，严格不是错，是学生不适应，虽然有点话唠，但是真的好好，推荐
75968,4953,肖维文,2018-03-23 02:26:29,0,5,5,课上的很好，收获很多
75970,4953,肖维文,2018-03-23 02:41:37,-13,3,16,还好吧
75974,4953,肖维文,2018-03-23 03:10:58,9,11,2,搞科研貌似挺厉害，但是讲实话，不太会教本科生，选他的课的大物还是自学吧。。
76152,4953,肖维文,2018-03-28 03:59:58,-7,3,10,呵呵呵
76532,4953,肖维文,2018-04-13 00:55:48,26,27,1,觉得他是不甘只做个大物乙的老师，他想搞个基地班。。
77014,4953,肖维文,2018-04-28 11:47:57,5,7,2,生动有趣
79522,4953,肖维文,2018-06-08 02:25:56,6,8,2,老师人很好，对学生有很好的启发和引导作用。但是不是很适合物理相对差的人，如果物理基础可以，推荐选，能有所启发
79632,4953,肖维文,2018-06-12 00:56:01,2,3,1,给分挺好的吧 看均绩
79885,4953,肖维文,2018-06-15 01:53:11,2,3,1,老师很认真严谨
80646,4953,肖维文,2018-07-14 07:19:52,0,9,9,老师一般般，就是讲不清主要内容，分不清重点，还是靠自己学，全靠自己学。。。
80656,4953,肖维文,2018-06-29 02:34:30,9,12,3,最后一节课小测问有没有垃圾分类 电池回收 用高中时期70%的努力对待大学 还有物理学和你专业的关系 太棒了
80657,4953,肖维文,2018-06-29 02:38:48,6,10,4,啊啊啊啊表白最后一节课的小测唔哇啦啦啦
80659,4953,肖维文,2018-06-29 02:41:16,9,11,2,最后一节课的小测真的超级赞
80660,4953,肖维文,2018-06-29 02:41:26,4,6,2,wwww小测也太舒服了
80662,4953,肖维文,2018-06-29 02:56:43,4,8,4,上课比较有，重点。经常推到公式，想要学生真正学到一点东西，大学物理就是要这样的老师！！！最后小测问自己的内心，疯狂打call，不管分数如何，强烈推荐。老师对问题都能讲清楚，新老师，但是确确实实是好老师。学科要求必须有一定自学量，还（是要注意预习复习）！！
80663,4953,肖维文,2018-06-29 02:58:36,22,23,1,科研A+\n\n个性A+++\n\n上课C-\n\n打扰了
80665,4953,肖维文,2018-06-29 03:13:20,1,3,2,好老师，有情怀，但是可能是第一次教本科生，所以并不会很重视解题方面的教学，这方面需要花时间自学。。
80701,4953,肖维文,2018-06-29 13:39:26,9,10,1,上了一年的课唯一一个让我上课的时候心跳加速的男人 上黑板太刺激了\n\n老师讲的很仔细 但是自学同样很重要！
81696,4953,肖维文,2018-07-06 02:31:13,1,2,1,很有个性，对科研和教学都很有热情，肖老师是真心为同学好的老师！
82465,4953,肖维文,2018-07-08 09:15:22,1,2,1,赞?\n\n
83773,4953,肖维文,2018-07-11 07:58:35,6,7,1,你主动发邮件问问题，老师一定详细解答，有一种被重视的感觉～\n\n相对于听课，课后的自己的理解更重要呀～
84000,4953,肖维文,2018-07-11 16:32:12,5,6,1,（大物乙）第一次教，没什么经验，但是还是很有热情，人还是很好，发邮件必回，还会讲一些物理前沿的东西，大物乙讲真主要还是自学。（更新，半年过去了，肖老师在考试周之前还给我发了封邮件，鼓励我，问我有没有进步，真的很感动，他可能教学水平还很有限，但他真的很关心学生）
87267,4953,肖维文,2018-09-26 09:20:14,2,6,4,为什么没有0分？
87575,4953,肖维文,2018-10-07 13:00:18,3,6,3,不会教书，什么知识都不讲，只会让学生上黑板做题
87576,4953,肖维文,2018-10-07 14:02:45,2,6,4,老师每节课都会叫人上黑板回答问题，布置的作业也让人摸不着头脑，差评！\n\n
87659,4953,肖维文,2018-10-09 10:31:25,14,16,2,物理老师布置程序题，也是醉了
87823,4953,肖维文,2018-10-15 05:46:44,6,10,4,老师水平不高，但是挺能自我吹捧，不喜欢听他上课，恶心！
88348,4953,肖维文,2018-10-29 06:59:28,34,36,2,今天作业：6781011121314151617181921222427
88351,4953,肖维文,2018-10-29 07:20:38,24,26,2,今天作业6 7 8 10 11 12 13 14 15 16 17 18 19 21 22 24 27
88643,4953,肖维文,2018-11-05 02:22:50,2,11,9,就是个傻逼 还不让人说他傻逼 作业一出出20题，还什么思考题 编程题，课上全在讲废话，浪费自己生命的同时还要糟蹋一百多人，可悲。
88656,4953,肖维文,2018-11-05 05:27:29,5,7,2,上课不知道在讲什么，作业一次布置20题，能把一个学生对物理的兴趣彻底搞没
88666,4953,肖维文,2018-11-05 07:31:44,11,11,0,这一列第四个。这一列第二个。这一列第八个。这一列第七个。上黑板来写题。你们没带这本书没关系，我这有书。
88873,4953,肖维文,2018-11-11 09:15:39,20,22,2,肖老师第二届大物Ⅱ的学生。老师给我的感觉首先是态度很端正，认真负责要求严，课上会请同学上黑板做题，对预习也有高要求（不然上课全程懵逼）。我看不少评论说讲课云里雾里，这个我觉得还倒还好（至少比我大雾Ⅰ选的老师强），毕竟大物本来就挺难讲挺难学的。适合理工基础比较扎实并且上进心强的大佬，但对我们这种一般学生来说就比较痛苦了，上课跟不上，作业做到吐（不过多练练也是好事），最恶心的是作业还有思考题和编程题。说起这个编程题我是真的忍不住爆粗了……卧槽还tm要画图……饶了我们这些不会GUI编程的弱渣吧……
89431,4953,肖维文,2018-11-19 05:54:41,13,14,1,我是浙江一居民......
89456,4953,肖维文,2018-12-03 10:13:05,47,50,3,肖老师啊 我们写这些评论真的没有恶意的
89573,4953,肖维文,2018-11-19 16:09:58,72,81,9,曾经有一个浙江居民，他叫王赤羽，他是村里最狠的那个孩子，左手农药、右手吃鸡，精通九九八十一种游戏，在他眼里不知道什么是年少轻狂，只知道胜者为王。后来村里新来了个肖仙人，介个肖仙人可是鼎鼎大名，刚从镇里进修回来，是核聚变级别的手游玩家兼物理帮的帮主，在肖仙人的教育下，王赤羽成功掌握了爱因斯坦方程的推导方法，成为物理帮的又一大狠人，而不再是小小的浙江居民，但他的段位也从王者掉到了青铜，并和村花说了再见，他发誓一定要在物理帮里混出个名堂，从此，江湖上便流传了肖仙人智取王赤羽的传说。
89808,4953,肖维文,2018-11-21 01:51:47,2,6,4,乱改期中试卷的xxxxxx
91193,4953,肖维文,2018-12-03 06:18:13,8,9,1,我写这个，明明是在粉他，无语了
91195,4953,肖维文,2018-12-03 06:39:41,6,7,1,我是不会说英文的浙江一居民\n\n
96393,4953,肖维文,2019-01-21 02:13:23,6,6,0,有情怀、有原则，充满人情味的好老师！上他的课让人感觉很温暖。
100356,4953,肖维文,2019-01-26 03:40:06,-5,3,8,人挺好的，给分也不错，挺负责的，虽然偶尔傻逼一下
100374,4953,肖维文,2019-01-26 03:59:16,-9,7,16,老师给分超级好啊，第一个满绩\n\n
100376,4953,肖维文,2019-01-26 04:01:17,8,11,3,这个老师真的超级好！！虽然第一节课点名有点吓人但是之后的课都讲的很有趣！我超喜欢他！我物理很差，但是老师教的真的好，对物理不好的同学也和友好。而且是个人才啊特别有趣经常碎碎念碎碎念的特别可爱，我不会忘记老师的小黄人书包的? 强推
100547,4953,肖维文,2019-01-26 09:29:48,4,5,1,老师好可爱，而且会抬分，不会卡?!!
101567,4953,肖维文,2019-01-28 13:00:41,8,8,0,少有的上课认真严格的老师，课堂很有学习的氛围。严于律人也严于律己。一个有追求的人，对他路转粉了。
111699,4953,肖维文,2019-07-02 14:46:51,13,16,3,有家国情怀的好老师！不过老师别再邀请我们一批学大物乙的去您的实验室了吧? \n\n
115489,4953,肖维文,2019-07-28 05:55:06,0,1,1,肖老师很棒啊不明白为什么一堆人黑他而且小黄人书包也太可爱了叭
116353,4953,肖维文,2019-09-09 04:04:59,-1,4,5,垃圾老师
119158,4953,肖维文,2019-11-11 02:25:54,1,1,0,感觉还可以的，老师非常认真。
122715,4953,肖维文,2020-03-24 02:09:01,1,1,0,感觉老师还好，就是上课前最好预习一下，不然确实听得云里雾里，大物乙刚刚上课时老师会总结上次课的内容，会布置不需要做的思考题，虽然个人不是很赞成老师的那种先讲理论后讲概念的做法，毕竟那样上课感觉很不舒服，但是老师总体来看真心还不错。
123457,4953,肖维文,2020-06-09 04:14:41,1,1,0,老师人还蛮有意思的
123479,4953,肖维文,2020-06-09 06:01:51,4,4,0,肖老师应该是比刚开始教的时候好点了，讲道理挺喜欢老师写板书的，当然老师的板书如果有重点一些会更好。
125218,4953,肖维文,2020-09-04 01:09:15,0,0,0,总体来说比评论区之前描述的那种样子改观了许多，现在上课感觉也还不错（网课时代留言）
126471,4953,肖维文,2020-09-28 02:11:05,1,1,0,上他的课要跟思路的，还有课堂小问题。看书选手还是别选了
128842,4953,肖维文,2020-12-26 02:15:18,7,9,2,或许前几年是学长学姐们说的那样吧，但是我这一学期大物乙Ⅱ上下来并没有上述情况。。。也有可能是老师对自己的教学方式进行了改进。\n\n1、一整个学期没有一道编程题，全部都是书上例题（偶尔会有一些思考题，但其实比较简单）\n\n2、虽然会提及一些科技前沿的东西，但可以说当故事听听就好了，无伤大雅。\n\n3、找人上黑板做题目前并没有很频繁，这个学期一节课最多也就两个。\n\n4、写邮件必回，人很热情。\n\n5、很多同学说上课听不懂，但我认为只要预习了，上课不要走神，就是没问题的。大学物理本来就是硬课，又不像高中有这么多课时能上课练习，高中没学过竞赛的话不预习就想学好我认为是挺难的。
131379,4953,肖维文,2021-01-27 09:15:11,0,2,2,挺凶的感觉，不过个人觉得给分还不错
134086,4953,肖维文,2021-03-15 11:48:43,0,3,3,上课就可劲儿吹，退课吧就
134217,4953,肖维文,2021-03-19 13:06:38,14,17,3,肖老师其实刀子嘴，豆腐心；虽然课堂上因为大家都不预习，便发飙并扬言要取消课件的下载功能（事实上确实取消了）；但却把过期时间设置到了学期末；这么可爱，长相自带喜感的物理大叔，大家还是好好珍惜吧
134882,4953,肖维文,2021-04-20 11:11:10,6,8,2,肖老师有三个孩子了~~`
135521,4953,肖维文,2021-05-12 10:44:06,2,2,0,这学期上肖维文老师的等离子体课，感觉讲的比肖勇老师好。看了楼里一些评论，编程题可能因为肖老师专业涉及到计算机模拟，所以在刚刚执教时把自己对专业的偏好带入到了教学中，这一点我觉得是所有教师都应该尽力避免的。等离子体课给9分，其他不清楚。
138161,4953,肖维文,2021-07-07 15:42:46,5,8,3,课堂学习效果很一般。。。。。。
138309,4953,肖维文,2021-07-08 12:38:41,8,8,0,课堂教学非常一般，感觉有强迫症倾向，比较暴躁，期末总评能比卷面分低，只差0.0几也不调分进一档。。。。。
138330,4953,肖维文,2021-07-08 14:14:19,1,2,1,有时候会找同学黑板上做题。是一个认真严肃的老师，对预习有要求。分出之前很担心平时分，结果竟然还可以，感谢老师。感觉评分低了，可能是因为老师教学方式有改变吧。
138620,4953,肖维文,2021-07-10 04:13:31,11,15,4,我满不满绩只是因为大物简单，和你的垃圾教学没有关系
138691,4953,肖维文,2021-07-10 11:12:40,0,1,1,给分很迷，平时分出来直接懵了，合着你教的学生全是矮个子，我是矮个子里的高个？
139026,4953,肖维文,2021-07-12 08:21:53,1,2,1,给分真的可以，上课可能要提前预习一下才跟得上，是个对学生认真的老师，尤其是一心想着为做过做贡献，这样的老师不多了
139289,4953,肖维文,2021-07-14 05:07:06,2,3,1,在肖老师身上心急和循循善诱共存，总体上说是很爱学生和事业的，这样的老师珍惜吧
139514,4953,肖维文,2021-07-17 01:28:31,5,7,2,老师爱秀，不够脚踏实地
140711,4953,肖维文,2021-09-15 08:18:56,9,14,5,那么是时候来给各位汇报一下肖老师三年后焕然一新的教学成果了（hh，才7分？这可不够，继续上升吧）\n\n个人性格上，这位是个典型的快乐科学家，衣服油油头发油油地蹦蹦跳跳来上课，最喜欢分享的事情是中国物理前沿又有辉煌成果了，还有他的实验又双叒叕在困境中艰难前行，但因为是国家希望有人做的，他一定会坚持下去（就是核聚变鸭）。\n\n师德上，因为看到有名老教师一丝不苟地穿西装上课，那以后他都西装皮鞋；因为看到隔壁老师下课抽烟，上课时碎碎念了2分钟“不要带坏学生”……\n\n教学经验上，从这位以前的评论来看，他真的是突飞猛进了，反正我当初只剩肖老师的课可以选的时候，看到他以前被批评的评论，真的很害怕。不过等我选上了，认真坐在第一排听了，才发现事情有了极大变化——思考题？一共只出现过2次还是3次，比如想一个很简陋的方法来测量地球自转速度，比如课内一道速度公式的含义，只要写在那一周作业本最后面就行。不是强制的，也不是用来卷的，是在原有基础分上的额外加分。\n\n还有说小测？最近浙改革了，就是要4次小测，肖老师的小测题目很简单，难度大约是作业的50%，然后期中期末考的难度是作业的60%，作业都是书上课后题，超出考试纲的他会明确说明（真的是非常明确！倘若基础医学导论能有他的10%就好了【苦瓜脸】）\n\n肖老师的物理思维结构是简炼、反思的那种类型，我个人认为这种类型是最适合教学生上课的几种之一。在浙也经历过理科形形色色的老师风格，目前来说最喜欢肖老师，他给出的题型思路已经达到了保姆级教程的地步。\n\n综上，这是一个可爱热血的、反思进步的、尊重学生的、物理思维简明精准的，好老师。
143217,4953,肖维文,2021-11-21 13:54:07,1,1,0,呜呜呜
143372,4953,肖维文,2021-11-24 10:41:35,5,5,0,老师科研水平可能挺高，但说实话，对本科生教学做得不尽如人意。
151870,4953,肖维文,2022-03-18 16:10:06,4,6,2,上课开始搞专业歧视了，无语。
151899,4953,肖维文,2022-03-20 02:44:50,2,8,6,上课没有思路，普通话糟糕，莫名其妙对学生发火，感动自己上课辛苦…我从来没见过这么丑恶的嘴脸。明明上课水平这么糟糕还觉得自己是什么良师。上他的课每秒钟都是煎熬。听不进他的课，那好就上课自学呗，哦，他不许。又要学生到课又什么都教不好，这不浪费学生时间吗！还要强迫学生看他拙劣的show。棍😡！
153610,4953,肖维文,2022-05-06 01:54:49,-1,1,2,春春滴捏嫩儿
154521,4953,肖维文,2022-06-02 03:51:39,2,3,1,肖老师现在上课真的可以的，作业量也适中
157559,4953,肖维文,2022-06-23 17:02:25,0,1,1,很励志的好老师，给分也好，我记得他说过总成绩都不会比期末成绩低的
163909,4953,肖维文,2022-12-16 13:46:12,3,4,1,If I have a gun and two bullets…
168464,4953,肖维文,2023-02-17 08:02:11,1,2,1,上课非常严格，会走动让人回答问题，想上课刷手机/不听课课下学的可以选别的老师。需要预习，上课节奏较快，不是单纯ppt+例题而是引导深入理解，引导思考，非常好。小测存在难度，需要真正理解而不是仅限于作业。
169397,4953,肖维文,2023-02-26 03:03:06,3,3,0,上课会叫人回答问题，当做点名。\n\n给分还行，我4次小测\n\n4.3  4.4  4.6   5\n\n平时分就满了\n\n期中97，期末99也不难\n\n总评99满了\n\n大物乙II还是简单的
169556,4953,肖维文,2023-02-27 01:56:17,2,2,0,感觉是一个很热情的老师，但是因为很热情很想大家都全投入物理课所以会让有些同学感觉有点不适，但是我感觉老师还是好老师，热爱物理和教学，上课也很有激情，平时分给的很好。我期中64，期末最后98+平时分40翻盘到4.5，反正大家看吧，虽然上课会抽问题但是其实是不点名的，他自己也说过点名没有意义。
173892,4953,肖维文,2023-06-04 07:13:11,-1,0,1,11111
179944,4953,肖维文,2023-09-20 04:48:31,2,2,0,阴间点名，上课一般，不值得我给你堂堂到课，所以拜拜了您嘞
184274,4953,肖维文,2023-12-15 01:01:00,1,1,0,说点名不点名，说小测不小测，而且不止一次。我不是为了我不努力找借口，而是为此我不得不三番五次改变已有的计划，这样真的很累。
185747,4953,肖维文,2024-01-04 04:36:06,1,2,1,好老师，强推！\n\n虽然肖老师上课随时抽人，会叫人上黑板做题，但就算做不出来他也不会怎么说，很给人面子。\n\n他是非常负责的老师，上课很有激情，每节课都有很认真地准备过，冬学期这么冷还一直穿西装上课。肖老师是真心希望大家都能认真听，学到知识，取得好成绩。\n\n虽然他的课堂有时候让人提心吊胆，但这也都是为了我们，好老师是应该被发现的，选到肖老师的课是一件很幸运的事。大学四年期间，或许再也不会遇到像这样的老师了，还是有点遗憾的。
187690,4953,肖维文,2024-01-17 06:43:17,1,1,0,一开始看到査老师下面的说push的评论还有点害怕，但我们这学期貌似只有一个人被叫到黑板上去写问题，平常随便抽个人回答问题实际上也就是互动性质的，你答不上来也没关系。小测题量大（基本上就是期中期末减两道大题的样子，做两节课），但难度其实并不是很高，平时好好学就完事了。肖老师人还是挺不错哒
75569,5030,李敬源,2018-03-13 11:07:21,2,2,0,很棒，很温柔。nice
76177,5030,李敬源,2018-03-28 09:02:12,2,4,2,声音很有磁性 容易集中注意力 讲的很细致 微信答疑也很积极 还有点小羞涩  很不错??
79390,5030,李敬源,2018-06-03 04:48:27,-4,1,5,没听过，就听他吹牛
80604,5030,李敬源,2018-07-15 04:09:15,8,8,0,李老师讲课有点催眠 但是人真的很好 转专业前还耐心的让我找他嘿嘿嘿
82145,5030,李敬源,2018-07-07 08:28:03,5,5,0,老师好像是第一年带本科生？人很好的，讲课也细。然而本人实在太菜，没学好真的不怪老师(捂脸
85142,5030,李敬源,2018-07-15 16:33:49,2,2,0,老师讲的，真的不能算好吧，对比zxa，但是老师人是真的好
87930,5030,李敬源,2018-10-18 03:13:06,1,2,1,人很好但是不会讲课
92900,5030,李敬源,2019-01-05 12:05:46,1,1,0,老师还不错
103391,5030,李敬源,2019-02-28 01:29:19,2,2,0,老师人真的超级nice，虽然物理学二学分多，绩点低，怪自己。
103439,5030,李敬源,2019-02-28 06:32:51,1,2,1,催眠……
105686,5030,李敬源,2019-05-19 14:46:58,16,16,0,很棒，好老师，会讲很多很深的拓展内容！
113800,5030,李敬源,2019-07-07 15:17:12,2,2,0,老师讲课虽然没这么好理解，但是课后好好复习ppt，高分可以拿的。给分很为学生考虑，助教和老师人真的都非常好，十分十分。
113805,5030,李敬源,2019-07-07 16:13:33,4,4,0,老师讲课真的超催眠…但人也是真的好\n\n听说以后要点名了
113807,5030,李敬源,2019-07-07 16:37:21,3,3,0,老师人很好。上课PPT+板书，课后会解答你提出的几乎一切问题，而且绝对没有摆架子。期中考完感觉我们考得不太好还借教室让助教在周日加开习题课。因病请假发邮件给他，会认真回复你，让你养好病，告诉你课程进度，提点你如何赶上进度。\n\n至于上课如何，我觉得中规中矩。物理学这门课，自己课外还是得花时间。
114217,5030,李敬源,2019-07-09 05:15:10,4,4,0,老师人有点可爱，很负责，上课水平的话本学渣无力评价。。。最后感谢老师不挂之恩
122901,5030,李敬源,2020-04-18 13:43:14,1,1,0,很负责的一位老师！
139511,5030,李敬源,2021-07-16 22:53:15,2,2,0,老师上课很认真，不过上课确实也很催眠，不过老师会给ppt，考试的话看懂老师的ppt应该问题不大。
139562,5030,李敬源,2021-07-17 08:58:57,1,1,0,认真负责，讲解仔细，给分还好，完美！！！
150916,5030,李敬源,2022-03-07 05:19:51,2,3,1,先打分，后上课
151518,5030,李敬源,2022-03-06 16:20:41,7,8,1,困飞了
154265,5030,李敬源,2022-05-27 11:58:23,1,1,0,好老师，很可爱，讲课也有自己的思考和理解。
157025,5030,李敬源,2022-06-21 15:25:50,0,1,1,老师很好  题目出的不难
168136,5030,李敬源,2023-01-30 02:27:38,6,6,0,（热统）很酷的课程内容，很有条理的课件，把东西的动机有机地串起来了，学起来很舒服，上课也很认真负责。\n\n\n\n建议以讲义为纲，配合汪志诚的《热力学与统计物理》等书作为“字典”学习\n\n\n\n系综的世界实在是太酷了！不是吗？
172657,5030,李敬源,2023-05-03 14:39:41,-15,1,16,辣鸡。
175360,5030,李敬源,2023-06-24 08:05:45,3,4,1,只有我觉得今年题难吗TT 老师人挺好的，其他不多说了，都是泪
178188,5030,李敬源,2023-07-07 17:26:30,1,1,0,出分啦，老师给分太宽容了，重修人感动落泪
178198,5030,李敬源,2023-07-08 01:56:49,3,3,0,老师唯一的缺点就是上课巨催眠
178317,5030,李敬源,2023-07-10 03:52:43,-1,2,3,老师不捞啊
186725,5030,李敬源,2024-01-12 20:39:58,4,4,0,上的热统，翻来覆去睡不着，就来把热统的小结做了。\n\n整体而言，源神的课我认为讲的是非常不错的，但苦于我个人比较习惯于自学，辜负了老师的准备，在此抱歉。\n\n点名情况，上半学期一次下半学期一次，纸质的喊道式点名。\n\n有期中考，整体占比 平时30 期中20 期末50。\n\n个人建议是不要用zheng的Note来作为你学习热统的主要参考书，里面的物理是启发式的，也太过简明了，比较推荐过一遍Wang后去看Huang的书。\n\n如果需要一些更多的数学，可以看看Pathria。但不是很建议同时看很多本，不然你可能会因为每一本书的推演逻辑的不同感到热统的冗杂（实际上热统应该是自洽且明了的）。\n\n小tips：期中考很可能是从Wang书的课后题中参考来的，建议备考期中考的时候把前两章以及部分第67章的课后题写完。
186971,5030,李敬源,2024-01-14 03:50:35,4,4,0,我必须给李老师一个十分\n\n先写一写老师的缺点吧：\n\n1，字真的好小，细若蚊足，勾画了了，真的看不到啊，而且写多了更乱了，迷失在密密麻麻的字里\n\n2.说话太快了，有的时候气都接不上了还在坚持说，然后大喘气，老师你休息一下吧，咱们也顶不住了\n\n3，教材讲义，老师非常好，给我们免费印了书，我去查这是非常经典的教材。郑波老师的讲义，我感觉颇为难以阅读，黄克孙教材，太多了，看那么多英文，实在是困难，据我观察，大部分（90%）的同学，都是在看中文教材，实际上这个英语教学没能期待应该有的作用啊。不过以后有时间我会去慢慢看完hks的书的\n\n4，非平衡部分，全英文课，陈老师讲的是真的好，但是这个强度是真的大，实话说中文给我讲我都吃力，别说英文了，一旦速度起来，那就是进入听天书模式。上完回去看讲义学习，要花巨量时间，强度太大了\n\n这学期其实没有怎么认真听课，因为总是赶不上进度，最后一周才学会量子统计和应用的基本概念，不过好在最后结果还不错。\n\n虽然我觉得李老师讲课一般，但是我必须要给李老师一个十分。李老师作为学院副院长，同时做非常多的事，又要科研又有教书，还要管院里非常多的事情，辛苦程度简直难以想象。而面对我们时脸上总是笑容，讲话永远是那么耐心和平易近人，让人感觉十分温暖。并且李老师在各种事务中，多次抽出精力来专门帮助我，学生感激不尽。感谢李老师在各个方面给我的无限的帮助。
201832,5030,李敬源,2024-11-06 19:11:26,-2,0,2,呵呵呵
204202,5030,李敬源,2024-11-25 03:19:18,2,2,0,老师人很好，上完课快一年了回想起来当时老师讲课的内容其实充满了很多很好的物理理解，可惜当时没更上。\n\n老师讲课节奏一点太快了
209390,5030,李敬源,2025-01-06 01:13:50,1,1,0,我觉得如果按照一个中文课本讲的话大家应该都能学的更轻松且理解的更好，热统真的太难了www
213207,5030,李敬源,2025-01-16 10:34:11,1,1,0,老师人很好，给10分；\n\n建议跟着汪书自学，搭配习题解答食用。
220393,5030,李敬源,2025-06-17 14:54:15,-1,0,1,组里学术氛围好，老师同学平等讨论
74799,5034,颜波,2018-03-06 02:34:29,4,8,4,就冲他这上课我给他10分；思路清晰，博学多才，语速适宜，声音还好听（x反正别的老师上课我想睡觉但是颜波男神的课能把我上醒。。感觉他上课时间过得好快（\n\n很久没有见过这么让人心旷神怡的老师了
75521,5034,颜波,2018-03-20 02:36:44,4,7,3,要仔细听，其实讲的不错
75618,5034,颜波,2018-03-14 06:00:33,-3,1,4,怎么说呢，真的不知道他讲的这个例子他想讲出啥。就是我们来看一下。。。so我们看一下想看出啥(눈_눈)?
76101,5034,颜波,2018-03-27 02:32:33,2,5,3,老师上课很认真，备课也很认真……\n\n就是好像会有自己的体系和讲法，和书上的讲法不太一样……可能上课听明白了回去还是要看一遍书。希望老师能有改进，结合书上的体系讲。
76110,5034,颜波,2018-03-27 03:38:45,3,5,2,不点名不签到\n\n例子多讲课好\n\n批改细作业少\n\n想水课选颜波\n\n（faq...最后压不上韵了）
76112,5034,颜波,2018-03-27 04:42:38,43,47,4,社会我波哥，脸上俩酒窝
76174,5034,颜波,2018-04-04 06:37:22,8,9,1,“好现在我们来summerize一下”
76188,5034,颜波,2018-03-28 12:55:48,-5,1,6,和自习没区别\n\n
76492,5034,颜波,2019-02-22 14:51:25,17,17,0,颜波男神\n\n希望后面的澳门情侣能闭上他们的嘴，整节课都在逼逼
76635,5034,颜波,2018-04-17 02:37:31,-7,2,9,坐在最后很可能看不见黑板，听不清，还有，三周两次小测也是醉了，至于讲得好不好，无感，最后都自学，不过老师态度很认真，嗯，也就这样了
77343,5034,颜波,2018-05-16 06:14:42,32,34,2,大物丙的速度，大物甲的难度。
78363,5034,颜波,2018-05-11 06:10:36,3,3,0,突然发现他在课上讲的推导类的板书是大物甲课本上的东西……
79108,5034,颜波,2018-05-23 07:01:50,5,6,1,希望老师突出一下重点\n\n还有，某些情侣上课能不能收敛点
79551,5034,颜波,2018-06-09 03:50:41,2,2,0,老师超级好！讲课很认真，是真正喜欢物理的人，上课是写板书的，还有ppt准备给同学，唯一的缺点就是写的字比较小，但如果能抢到第一排就完美了
79661,5034,颜波,2018-07-10 04:15:04,18,22,4,问了助教，了解大致情况了，期末填空题设了很多坑，老师又没有调分，就这样。我有问过很多同学，也有绩点4.8的，在此我再重申一遍：老师没有调分没有调分没有调分，有几位说老师往低了调的有点过分了。
79741,5034,颜波,2018-06-13 07:58:12,0,1,1,颜四题\n\n
79742,5034,颜波,2018-06-13 07:59:32,0,0,0,思路清晰，很好！
79812,5034,颜波,2018-06-14 02:58:58,3,3,0,老师萌萌哒，上课的时候会很仔细地推公式(虽然我听不懂，虽然不是考试重点……但是对记住公式还是很有帮助哒)，也会讲例题，认真听还是挺好的\n\n
79835,5034,颜波,2018-06-14 07:50:55,5,5,0,“这是一个比较general的结论”，哈哈超可爱的老师！思路也很清晰，跟着波波一起记笔记比看书还好
80118,5034,颜波,2018-06-20 07:06:23,15,16,1,颜波小可爱下学期不教大雾了，难过。颜波小可爱真的很认真备课，手写板书，炒鸡萌。所有公式都会严谨推导，虽然考试用处不大。印象最深的一句话是这个不要求掌握，但是它的形式太美了所以我写下来了。小可爱的课如果数学基础好，真的能感受到物理的美感。可惜我太菜了。
82050,5034,颜波,2018-07-07 02:52:37,3,4,1,讲课好，作业少！
83175,5034,颜波,2018-07-10 03:58:25,12,16,4,因为期末卷子难给了低分，但是为什么不根据每年试卷难度适当调分呢 ，比较在意的是隔壁老师调了，我们没调，这是否是不公平呢
83203,5034,颜波,2018-07-10 02:21:09,6,8,2,为什么我的分数这么低
83210,5034,颜波,2018-07-10 02:32:05,10,11,1,什么鬼，我的分数怎么这么低，难道我期末只考了不到60分吗？
83217,5034,颜波,2018-07-10 02:46:46,8,8,0,老师人很好讲得也很好，但是，我想知道为什么我总评这么低？？？
83231,5034,颜波,2018-07-10 03:05:55,15,17,2,老师不是坏人……但是讲课是真的不行……也是真的不调分……
83232,5034,颜波,2018-07-10 03:07:54,-4,2,6,期中给分太松 结果期末调分\n\n落差感太大  难受 90左右 调完70多
83233,5034,颜波,2018-07-10 03:28:29,9,9,0,心态有点差，，，总评太低了吧。我想知道是为什么啊！
83237,5034,颜波,2018-07-10 03:17:02,7,8,1,真的不忍心给低分啊，但是总评真心低
83247,5034,颜波,2018-07-10 04:24:13,6,8,2,对完答案发现确实错了很多，另外任课老师应该不能调卷面分数的
83252,5034,颜波,2018-07-10 03:35:34,3,6,3,给分真的不好。
83264,5034,颜波,2018-07-11 14:02:53,-7,5,12,为什么总评那么低？？期末考总不可能考个60分吧？平时分满 总评80？调分也太恶心了吧？
83289,5034,颜波,2018-07-10 04:55:24,-59,3,62,老师绝对是好老师，平时讲课很认真，很细致，讲的稍微难一点，但看看这张期末卷子，也别觉得大物乙就多好混分吧，还是认真对待一点。分数很难受，被卡了，差一分5.0
83543,5034,颜波,2018-07-10 14:39:23,0,2,2,老师很厉害也很可爱，大雾乙本来就是自学的嘛，平时分给的挺好，期末考分数给的很真实。还是一分耕耘一分收获。
84465,5034,颜波,2018-07-13 02:28:26,7,11,4,不调分。\n\n给分很真实。\n\n平时分期末前给出。\n\n上课无聊。\n\n全靠自学。\n\n突然小测。\n\n作业少。\n\n手书，不用PPT。\n\n暂时就想到这么多。。。。
84711,5034,颜波,2018-07-13 15:07:02,13,15,2,说老师不调分的，，，感觉都是忘记了平时分是怎么给的，，，期中炸成那样只扣一点分不错了
84713,5034,颜波,2018-07-13 15:16:29,-16,2,18,有谁想要踩我的评论吗。。。
85042,5034,颜波,2018-07-15 05:47:30,0,1,1,老师很可爱，会拓展一些知识，但有时讲的很快，不过自学能跟上
85380,5034,颜波,2018-07-17 10:05:07,0,2,2,迷之给分:平时作业都交，小测都对，期中考七八十分，但算下来平时分只得了一半？
85776,5034,颜波,2018-08-07 07:44:34,-19,2,21,觉得大学里最简单的一门课就这样没拿到满分，气，怒发冲冠，平时分已经拿满，期末那么简单的题只给我总评贡献65？！
103910,5034,颜波,2019-03-07 07:13:21,0,2,2,老师很可爱，讲的知识让我这个高中物理还不错的人也能学到不少，先给八分
109244,5034,颜波,2019-06-12 08:36:39,-4,2,6,呵呵，期末考试前还有大测验，还算平时分，简直愚蠢
111980,5034,颜波,2019-07-03 05:36:43,6,7,1,"卡绩了。好难受。差0.3就可以四舍五入往前进了。不过只怪自己期中没考好，考前摸底测试也没考好。\n\n助教挺好的，很可爱。\n\n老师的话，实力很强的。看PPT知道他是竺院本科的，后来也去了康奈尔还有上海的研究所学习。但我觉得老师授课偏向于信息单项传输，他会把公式来源很详细地推导一遍，也会偶尔讲些物理冷笑话，引用费曼物理讲义的故事。不过因为他真的是很单纯的学术人，所以讲得也蛮学术？会因为""数学的美感""写下对学习大物乙没啥用，但对学习物理本身有用的东西。\n\n另外，仔细看看大物甲乙试卷的对比，我真的觉得大物乙不难，虽然自己考得也不太好。但在个人我看来，书本公式记记牢，会一些很粗浅但灵活的应用，对付大物乙就够了。\n\n以上。"
111991,5034,颜波,2019-07-03 06:02:51,1,1,0,总评分竟然比期末考试成绩低也是第一次见了。。。
111995,5034,颜波,2019-07-03 06:11:51,1,2,1,老师和助教都超好。讲课一直手写，非常清晰。认真对待成绩一定会好的！
111998,5034,颜波,2019-07-03 06:15:54,3,3,0,老师其实还挺好的，但是成绩是真的低.....
112006,5034,颜波,2019-07-03 07:04:18,0,1,1,老师，助教人挺好！！！！
112007,5034,颜波,2019-07-03 07:05:52,1,2,1,老师上课还行\n\n给分比较真实 不会刻意卡你绩点\n\n但也不会在差一分上一档的时候捞你一把
112009,5034,颜波,2019-07-03 07:10:02,0,1,1,虽然有时会突然小测，但是题目都挺简单。其实上课没怎么听全靠高中物理竞赛，然而卡绩了有点伤心。特地问助教查了卷子也知道了自己错在哪里，我滴热学！果然大学老师改卷是不会手下留情的，答案错了过程分就是几乎没有。老师挺好的，助教老师还鼓励我让我好好复习下一门课，感动? ！下学期继续加油！
112103,5034,颜波,2019-07-03 14:31:19,-4,2,6,对教物理很有热情，不调分给分很合理，上课讲例题真的很有用！！进度和速度都很好，学得认真就能像我一样4.8啦
112629,5034,颜波,2019-07-04 23:07:18,0,0,0,不调分的意思是期末考前20分平时分会确定并公示，但感觉老师的平时分给的挺好的啊，绝大部分人19，有些人20。也有一些18，个别15。调分也就调平时分吧，还能怎么调。平时分给这样已经不错了，因为包括平时作业，课堂小测，还有期末的摸底考试。
115395,5034,颜波,2019-07-21 04:19:46,1,1,0,老师其实挺好的，科研能力学术水平很高，推导很详细，总之上他的课能真正体会到物理的美感……只是小测真的有点多……
115894,5034,颜波,2019-08-24 02:57:26,2,2,0,老师十分敬业，每次都会认真备课，多次亲眼看见他手上厚厚的一叠手写讲课稿；上课内容也很精辟，很有深度。小测较多，难度不大，权当点名，最后给分还行。只可惜他这个学期不上大物了……
117407,5034,颜波,2019-09-24 03:30:37,0,0,0,哈哈哈看到有说总评比期末考试还低，我也是，但是那是因为期末考得太好了，所以可见，调分是不可能调分的。大雾乙本身不难，我就期中期末考前突击复习也是能考好的，最后被平时分拖后腿了。老师很可爱，讲课也是很认真的，会拓展很多，虽然对考试影响不大而且可能听不懂，但是还是很充实啊。诸君且自勉吧。
131677,5034,颜波,2021-01-28 12:55:44,-18,12,30,脑瘫一个怪不得招不到研究生
131684,5034,颜波,2021-01-28 12:02:15,7,7,0,祝老师新年快乐
86817,5045,路欣,2018-09-19 02:20:44,-12,10,22,老师说话的逻辑 断断续续 听的辛苦
92397,5045,路欣,2018-12-28 08:37:01,4,5,1,老师是新老师，但是老师人真的超级好呀
98291,5045,路欣,2019-01-23 09:27:46,5,5,0,老师挺认真负责的
98292,5045,路欣,2019-01-23 09:27:51,5,5,0,负责负责负责
98293,5045,路欣,2019-01-23 09:28:58,19,21,2,老师很负责，我们是他的第一批学生，上课很认真，答疑也很认真，成绩嘛还是要靠自己努力啦。
99037,5045,路欣,2019-01-24 07:31:08,4,4,0,老师人很nice，安排了很多次答疑
99588,5045,路欣,2019-01-25 03:52:41,4,5,1,十分好评是必须的，非常可爱，非常负责，是一个懂物理爱物理的好老师
99641,5045,路欣,2019-01-25 04:24:37,5,6,1,别问 问就是老师神仙操作救活总分……老师是第一次上课 看得出来有的时候比较紧张 但是很认真负责！
99644,5045,路欣,2019-01-25 04:26:47,5,6,1,老师太可爱了叭wwwwww！
99646,5045,路欣,2019-01-25 04:27:26,5,6,1,超级超级超级好的老师\n\n会注重激发我们学物理的兴趣\n\n而且也很关心同学\n\n小测都是问一些轻松愉快的问题\n\n选了他的课就是赚到！\n\n
99649,5045,路欣,2019-01-25 04:29:05,4,4,0,超级好的老师了，非常负责耐心，
99651,5045,路欣,2019-01-25 04:30:37,7,8,1,老师人很Nice 讨厌应试教育的体制 平时分都给满了 答疑很认真用心 考前还帮我们理了公式
99653,5045,路欣,2019-01-25 04:31:36,5,5,0,老师人非常负责认真！上课能感受到他对物理真挚的爱！总之上老师的课非常开心！
99657,5045,路欣,2019-01-25 04:35:32,6,6,0,是真的在为学生考虑 倾其所有的帮助学生的好老师 虽然我还没敢查成绩…但平心而论真是好  宝贝也超可爱 经常换头像哈哈哈哈哈哈哈
99701,5045,路欣,2019-01-25 05:19:42,4,4,0,非常棒啊！会激发你学物理的兴趣，人也非常好，非常谦虚，真的真的非常喜欢！
99722,5045,路欣,2019-01-25 05:44:33,4,4,0,老师真的太好了！！！虽然是第一次上课，但是非常非常用心的备课和上课，想办法激发我们的兴趣，也很努力地想要把我们教好。考试前还给我们理了满满三大张的公式，亲手写的，真的太感动了！！！成绩出来之后，老师说我们班考的不是很好，感觉愧对我们，才不是！！我这学期大物学的比上学期好多了，真的多亏了老师? \n\n陆老师真的是个好老师，关爱学生，上课认真，选他准没错
100255,5045,路欣,2019-01-26 01:05:15,0,1,1,老师超级超级好，成绩不好基本是因为自己考试考不好
105066,5045,路欣,2019-04-03 05:05:35,3,3,0,路教授是刚开始上课稍有点紧张但是老师很负责任哒
105715,5045,路欣,2019-04-19 01:03:19,5,7,2,小测内容是对我有什么建议吖的超可爱老师！
108359,5045,路欣,2019-05-22 03:17:58,4,4,0,讲得很清楚啊，有时候还很皮?
113052,5045,路欣,2019-07-09 22:00:46,5,7,2,出分啦，中规中矩，估计期末有点小跪，正经评论。普物的话内容很多，老师上课进度很快，我是一会就跟不上了，有一次预习都没跟上。板书容易被挡住，感觉老师确实教课经验少一点。不过问他问题时都笑眯眯的，时不时会皮一下，还蛮可爱的w
114351,5045,路欣,2019-07-09 23:34:56,15,16,1,问他问题，你真的一点都不会感受到教授的架子。上课时还经常用各种笑话唤醒我们早八瞌睡的灵魂。关键是，长得都这么帅了，还有什么可计较的呢？
114356,5045,路欣,2019-07-09 23:40:31,1,1,0,一开始还以为老师讲不清，后来发现是自己没找到听课方法，一旦跟别的老师对比你会发现老师讲的有多清楚！老师人也很有趣，答疑超级耐心，邮件回复也非常及时！老师给分也超级好！强烈安利！
115344,5045,路欣,2019-07-19 05:09:33,9,10,1,明明长得帅，偏偏还会物理
115598,5045,路欣,2019-08-07 05:32:06,4,4,0,有耐心 与幽默感 有能力的好老师！
122636,5045,路欣,2020-03-10 01:20:34,1,3,2,老师不错，就是上课听的辛苦。\n\n
123733,5045,路欣,2020-06-13 03:55:57,2,2,0,路老师永远的神
126321,5045,路欣,2020-09-22 12:29:32,11,12,1,[普通物理学I(H)]老师人很好，给分也很不错（期末考试和另外三个外国老师一起考，是三份卷子里最难的，对数学分析水平要求比较高，最后成绩感觉应该curve过），不过客观地说讲课的时候有些地方有点乱，但是如果下课去问都会认真回复。
126406,5045,路欣,2020-09-25 05:18:29,-6,1,7,感谢路老师捞我
135674,5045,路欣,2021-05-19 02:21:28,77,82,5,讨厌Frank和Mary
138636,5045,路欣,2021-07-10 04:48:53,-1,1,2,吹爆！！！
139120,5045,路欣,2021-07-13 02:49:46,-10,6,16,虽然说上课讲的逻辑也并不是十分清晰（因此物理课都用来补觉233全靠自学），但给分真的！不错！总评分不会低于期末考分！普物Ⅰ（H）还是得选lx！
139269,5045,路欣,2021-07-14 02:52:25,2,3,1,课讲得还行，给分一般般吧。
139281,5045,路欣,2021-07-14 04:35:49,4,6,2,楼下！为什么我的总评低于期末考了[痛苦面具]
153950,5045,路欣,2022-05-18 00:23:53,4,6,2,比爱因斯坦厉害!
153951,5045,路欣,2022-05-18 00:24:01,4,5,1,比爱因斯坦还牛的老师
155370,5045,路欣,2022-06-11 15:37:11,3,3,0,老师人很好，上课很幽默，长得还很帅，很爱帮助学生
159026,5045,路欣,2022-07-04 15:56:52,6,7,1,普物①H。路老师人超级好，很热心解答同学们的课后问题。虽然期中考试的四道大题差点要了我命，但是期末好歹还是做出了两道大题的，期末的选择题有些跟平时小测差不多所以一定要认真做好好搞懂。（话说我觉得考试的题目难度比作业难度高了不止一个数量级啊是我的问题吗）
162651,5045,路欣,2022-12-02 04:10:31,7,7,0,老师人很好啊，作为副院长一点架子也没有，找办事很耐心，和另一些人的不耐烦形成鲜明对比😤
172912,5045,路欣,2023-05-10 01:57:45,7,7,0,老师很好，但是考试确实难\n\n还有，现在终于知道Frank和Mary是什么意思了
173148,5045,路欣,2023-05-14 11:28:34,13,17,4,我也讨厌Frank和Mary
173401,5045,路欣,2023-05-23 07:21:46,0,2,2,10分
174622,5045,路欣,2023-06-14 15:40:30,5,5,0,当他与神明开始对话，就十分的危险
175621,5045,路欣,2023-06-26 05:13:47,4,7,3,“考题不难，熬夜也白费了”\n\n真有你的，上课有时候也很难讲清楚，听起来一头雾水。
175844,5045,路欣,2023-06-27 02:46:43,5,10,5,教不会教，考不会考
176707,5045,路欣,2023-06-29 19:35:28,1,3,2,超级棒
177648,5045,路欣,2023-07-04 05:04:32,5,5,0,老师教的很好，冷幽默也很好玩哈哈哈哈
178036,5045,路欣,2023-07-06 10:35:21,-3,0,3,老师很好，但是英文题面容易看错题，quiz看不懂在干什么，期中考看错题前两题的简单小题错了qwq，最后好像不是很捞刚好卡了。
178116,5045,路欣,2023-07-07 04:41:25,4,4,0,10分，我也讨厌Frank和Mary
178773,5045,路欣,2023-07-22 07:26:25,3,3,0,老师是好人，但是这课真的太拉低绩点了啊啊啊啊啊啊啊想死
178829,5045,路欣,2023-07-24 16:23:23,0,1,1,之前没怎么接触英文授课，普物Ⅰh给了我一点震撼。上课感觉很难受，最后总评还可以但是卡了。不过全英文授课未来也得面对，乘早锻炼起来也好
179116,5045,路欣,2023-08-28 05:52:56,4,4,0,lx你是我爹！！！！！
183982,5045,路欣,2023-12-05 09:24:54,1,1,0,10分
188586,5045,路欣,2024-01-19 10:20:30,3,3,0,普物一二都是路欣老师。老师普物一上课水平尚佳，80%以上的内容能够听懂，也看得出来是花了心思备课的。不过普物二的授课体验有些差，可以说是对着ppt念，看不太出来备课的痕迹，可能是老师太忙了。（相比之下，后半学期的渡边老师明显是花了心思上课的）但是老师人还是挺好的，对学生比较好，给分应该也捞了一些。
193553,5045,路欣,2024-06-13 03:45:11,16,16,0,你ckc一堆基层管课的管交流的东西天天p事不干混吃等死，路院长做事一直亲力亲为，真是倒反天罡
209183,5045,路欣,2025-01-05 02:50:24,2,2,0,刚考完普物2，已经被干烂了，虽然还没有出分，但是我先在这里磕头了，希望捞捞，总的来说，这一学期路院长讲授的是光学和量子力学，整体体验还不错，不过有时候讲课还是会出现卡住的情况，以及量子力学我听的云里雾里（也可能是我自己水平不行，逃），不过路院长人还是挺好的，均绩也还不错。至于推不推荐，单说路院长的话我还是比较推荐的，不过他的普物二是和渡边老师合开的，因为我自己不太适应英文授课，所以电磁学部分基本上是自学的，如果你觉得这一方面没问题的话就可以直接冲了，最后，路院长一定要让我过啊！！！！
213559,5045,路欣,2025-01-18 07:54:11,1,1,0,普物12都是路欣老师的，普物2知识本身感觉太难了，老师讲课其实还不错，期末量子物理占比太大了，做起来有点难受。
213847,5045,路欣,2025-01-20 11:11:23,-1,0,1,推荐不太接触过普物的同学选，有较好的普物基础的同学慎选。\n\n极为频繁的quiz、作业占分数构成很大。4以下的绩点非常好拿，会狠狠地捞，但想冲高分的话很容易莫名其妙被扣一堆quiz以及作业分。\n\n期中接近满分，期末除光路外基本拿满，最后4.5的绩点我个人是不满意的。\n\n追求高分的同学可以考虑选其他老师的课。
221448,5045,路欣,2025-06-23 14:49:09,0,0,0,是毕业襄阳四中吗？神级的双胞胎啊，父母都要笑醒，哥哥还是弟弟去了中科大吧？
122493,5287,王立刚,2020-03-02 08:43:11,3,16,13,老师人不错，但讲课实在emmm，绩点奇低，整个班到最后没几个来上课的
133697,5287,王立刚,2021-03-04 02:59:38,6,6,0,听了几节课，真的受不了，老师人挺好的，但是上课我是真的不懂，重点内容读读ppt，没必要的反而讲的久了
136143,5287,王立刚,2021-06-11 09:24:03,7,7,0,读ppt罢了，给个及格分
136568,5287,王立刚,2021-06-21 06:48:29,0,4,4,老师人还是很好的，很负责任，就是小测题太多了，几乎节节点名，大物这种课对我这种上课听不下去的人来说都一样，希望老师期末捞的力度大一些。
136582,5287,王立刚,2021-06-25 07:53:13,3,6,3,老师人还是很好的，平时分几乎是全送的，而且解答学生的问题的时候很耐心；上课的话他确实有想尽量把课讲好的意思，不过讲课水平确实有待改善。选上的同学建议借此培养一下自学和善问问题的习惯吧。ps.小测题多，但是都是干货！
137349,5287,王立刚,2021-07-03 11:24:17,2,4,2,每章都有回顾的ppt，对复习还是很有帮助的。小测内容有些多，但也都是可翻书，干货多多，很合自学能力强的。
138053,5287,王立刚,2021-07-07 08:03:19,-158,1,159,期末这么简单我才4.8，我是废物
138056,5287,王立刚,2021-07-07 08:11:26,-3,2,5,给分很好真的
138128,5287,王立刚,2021-07-07 12:04:27,2,3,1,居然16次点名，平时分给分没卡我绩点，👍
139231,5287,王立刚,2021-07-13 11:42:25,6,6,0,话太多
140567,5287,王立刚,2021-09-14 02:12:57,74,77,3,说自己4.8废物那个，祝你以后年年挂科直到退学
141962,5287,王立刚,2021-11-02 05:54:02,4,5,1,一个没有架子的老师。谢谢老师拉我~~
151386,5287,王立刚,2022-03-02 03:00:12,5,12,7,这什么牛马大物老师，讲课逻辑不清，东讲西讲，乱七八糟。上了谢小平老师的智云课堂的课程回放，感觉是对我思维的享受，而上他的课是对我思维的侮辱与打击！
154082,5287,王立刚,2022-05-23 00:54:39,5,7,2,建议先学学讲话，什么思维
157173,5287,王立刚,2022-06-22 07:10:05,4,7,3,平时分卡績不给捞，说教授不在意这个，但绩点看这个啊
157187,5287,王立刚,2022-06-22 08:14:04,-2,2,4,平时要多锻炼自学的能力，小测干货很多，总之老师很好～
157797,5287,王立刚,2022-06-25 00:56:05,9,12,3,老师上课水平有待提高，确实听他上课不如自学。但老师人品和师德是没有问题的，很愿意为同学们答疑，会讲一些人生道理，平时分也给的不错。建议自学能力强的同学选。
160939,5287,王立刚,2022-10-20 11:59:59,6,6,0,坐标大物实验\n\n一次98一次100\n\n老师人很好给分也很好
161157,5287,王立刚,2022-10-30 02:58:43,6,6,0,大物实验给分好
165451,5287,王立刚,2023-01-06 07:41:30,0,0,0,讲得烂
171873,5287,王立刚,2023-04-10 00:52:41,4,5,1,小测对于做题慢的同学很不友好耶 即使全对也只有70分了
174257,5287,王立刚,2023-06-08 09:56:55,1,1,0,讲课依托答辩
174612,5287,王立刚,2023-06-14 13:22:32,2,2,0,老师人不错，小测都可以放水的，之前说好点名会有很多次结果因为疫情干脆就没怎么点。。但是确实讲课没什么听的热情，学业帮助方面比较中规中矩吧
176987,5287,王立刚,2023-07-01 03:32:32,9,9,0,会考虑学生对成绩的需求
185648,5287,王立刚,2024-01-03 08:48:29,5,6,1,大物实验来的，三个电桥，分别95，97，98，这什么神仙老师啊
186105,5287,王立刚,2024-01-08 11:49:31,4,5,1,大物实验给分很好，推荐选。23秋冬的三个电桥实验，报告内容简单，只要有效位数之类的没问题，基本都是95-100。
194856,5287,王立刚,2024-07-06 01:04:21,1,4,3,给了10分，原因如下。\n\n老师大物甲1的课程独特的地方在于小测开卷但题量大，而且每一次都会有30分送分题，就是50字小作文。针对这种模式可以研究一下相应的答题模式，比如考前专门复习考点内容，记忆题型位置，很多答案可以直接搬，认真复习过小测还是比较容易的。\n\n对我自己来说，由于我是一个不怎么上早八的人，所以经常不去上课，主要是自学。没怎么上课所以对于老师上课的水平我不做评价，这一点自行参考大家的说法。但是lz自学靠的主要是老师的ppt+B站针对某些难题的学习，私以为老师做的ppt在知识点和公式方面还是比较全面的，有公式做题就是快。\n\n另外，老师点名的次数非常多，23春夏有5次点名+五六次课前题（写在纸条上，不计正确与否只看有没有交当作点名）。所以lz的平时分大残（但最后平时分是赋分的所以还好）\n\n老师在最后出分的时候对同学的询问反馈得很积极，会传递很好的价值观，安慰同学们不要慌。捞人肯定也是有的，23春夏除去缺考无挂科：）人真的很不错，课后问问题也耐心解答。
195010,5287,王立刚,2024-06-26 08:53:44,1,2,1,给了10分，老师讲课其实挺枯燥，上课坐那儿基本是自己看书自学。但是老师的ppt内容还可以，课后会发每章的习题集，基本上搞懂就没问题。然后小测的问题就是题量非常大，整体难度一般，把小测前发的习题做会没问题。老师可能讲课能力一般但传递的价值观很正能量，在这个内卷的时代给大学生带去一些更为平和的想法，快乐学习。会考虑学生的需求，乐意交流，挺好的
195014,5287,王立刚,2024-06-26 09:29:03,0,0,0,我本身高中物理就很差，本来以为上大学物理会很吃力但是一个学期结束后效果很不错，老师上课会点名，小测题量可能稍微有点大，但是都会有保底的题目，认真做完作业，小测不成问题，我课上没跟上老师的讲课，课下每周多学几个小时，期中期末尚可，但是小测四次都很低，最后比较惊喜的是平时分正着赋分了，也拿到了满意的成绩，也算是一件高兴的事情。老师也很有耐心，平时问题目也都会悉心解答，感谢老师和助教一个学期的陪伴。
196219,5287,王立刚,2024-07-02 09:29:10,-26,8,34,老师你不怕被举报吗，还允许不看平时分只看期中期末给成绩。有人小测吊车尾，天天翘课，平时分烂了，大概正常就30分左右的样子，最后考天赋，期中期末考的很好，满绩了，你说这样公平吗，平时分的意义是什么
209663,5287,王立刚,2025-01-06 12:39:38,1,1,0,今年大物实验给分一般，我两次电桥实验93 92，也不算低但相比于老师以前的打分还是有点心理落差的
210258,5287,王立刚,2025-01-08 14:42:06,0,0,0,正能量
216716,5287,王立刚,2025-03-22 09:56:41,2,4,2,确实是个好老师，但是讲课。。。。
216880,5287,王立刚,2025-03-28 01:42:38,9,9,0,就冲你对学生的关心，以及小测的轻松给老师冲上去
216885,5287,王立刚,2025-03-28 03:39:45,7,7,0,小测爽了
219195,5287,王立刚,2025-05-23 02:42:40,4,4,0,老师上课特别幽默，比较能听进去，还会以学生的角度理解没来上课的学生，小测开卷
219574,5287,王立刚,2025-05-30 03:10:23,5,5,0,wlg老师没有十分我是不满意的
220737,5287,王立刚,2025-06-19 11:39:45,5,5,0,我要当wlg的狗👅👅👅
220843,5287,王立刚,2025-06-20 05:49:11,5,5,0,我要吹爆。为什么没有十分？？唯一的缺点可能是上课比较无聊 但是小测压力低 平时上课人很少也不会太追究对喜欢自学的同学挺友好的 总评计算方式有两套 只要期中期末考得好最被人诟病的大物平时分赋分也不会对你产生影响 老师也很认真负责会很仔细地看你的期中期末试卷 只要不空白就会尽可能捞 看到好几个期末被捞上60的同学 这学期感受总体是非常好的 你不会遇上其他班那样平时分倒赋的情况 大多数努力都是有收获的
220979,5287,王立刚,2025-06-20 14:18:20,3,3,0,可惜老师下学期不教大物二，去教光学课去了\n\n老师绝对是负责的，虽然讲课有点催眠\n\n小测压力小，平时分不会赋倒分，大赞
221118,5287,王立刚,2025-06-21 10:29:37,4,4,0,小测压力很小，开卷考，还让看ppt，而且平时分赋分比原始分只多不少，唯一的缺点就是讲课不如xxp等老师，但对自学的同学很友好，老师和助教也很友善，鼓励同学问问题
221970,5287,王立刚,2025-06-28 06:19:36,0,0,0,赞！大爱！
130675,5293,仇志勇,2021-01-24 07:06:45,0,0,0,。。。
130750,5293,仇志勇,2021-01-24 13:00:30,5,5,0,出分极快无比，令人震惊\n\n讲课还行，比秋学期复变好懂一点。给分，，看自己造化吧，菜菜，捞捞
132543,5293,仇志勇,2021-02-02 07:35:00,0,0,0,"课前会备课，上课基本纯手推，可以看出老师专业水平还是很高的。\n\n感觉不是很会讲课。有时候一句话中会有好多个""就是说""之类的口头禅，我反正是晕了，基本靠课下自学。作业量正好，毕竟数理方法还是要有一定的训练量和计算量来巩固的。总的来说这门课还是花了不少时间的（dl请无视）\n\n出分很快，给分也还不错吧。最后3.6，我这个菜鸡已经满足了。（dl请再次无视）\n\n不过有时候同学在钉钉群里问老师时，老师经常不会详细回答，不知道最后是到线下答疑还是直接无视了。。。"
134836,5293,仇志勇,2021-04-17 15:28:57,3,3,0,我感觉讲的挺好，也挺风趣（至少都在我的笑点上）比较适合我自己的节奏，不会太快也不会太慢，但可能有的同学会不太适应？如果跟不上可以尝试不记笔记直接听，像我有时为了整理笔记有的点没听到就得看回放补起来。\n\n口头禅“就是说”确实是多，但我个人没受到太大影响，至少比说话声音小或者经常夹杂英文（比如景俊老师（小声bb）要好\n\n至于有人提到的同学线上问的问题，老师一般是在下次的课上回复的，据他说是因为觉得打字效率太低，不如课上解决。不过最近倒是经常线上也回。
151282,5293,仇志勇,2022-02-27 13:25:01,3,3,0,讲课干净利落，思路清晰，对于理科生来说听起来非常舒服，偶尔的笑话也挺有意思的。就是数理方法难度有些大，有时候思路跟不上正常的，回头看看录播就好
153037,5293,仇志勇,2022-04-24 05:58:12,0,0,0,菜菜捞捞呜呜
153144,5293,仇志勇,2022-04-26 05:55:02,0,0,0,数学物理方法，老师讲课基本上是照着书上讲的，期末考试出题还是比较基础的
153220,5293,仇志勇,2022-04-27 00:12:31,0,0,0,卷子出的是真简单
160972,5293,仇志勇,2022-10-22 01:26:35,1,1,0,大物实验，很凶，也不演示……
163243,5293,仇志勇,2022-12-10 16:33:41,-1,0,1,菜菜捞捞
168920,5293,仇志勇,2023-02-23 12:18:54,5,5,0,老师人很帅很厉害，但是不懂何必对学生这么凶呢
134240,5614,袁野,2021-03-20 15:18:12,13,16,3,讲的非常好懂，上课思路很清晰，听老师的课真的是享受
134835,5614,袁野,2021-04-17 15:21:08,5,7,2,这讲的也太好了吧！！！！！！！！
137230,5614,袁野,2021-07-02 12:28:31,7,8,1,讲的真的很好，上课感觉很即兴，想到什么就讲什么，但是整体逻辑又很严密，还让我们想题目让他来写，好厉害呜呜呜呜，期末考复习电动想起袁野的期中试卷，看到他精心写的答案默默6⃣️下了眼泪💧
137499,5614,袁野,2021-07-04 14:18:27,6,8,2,讲的太好了，讲义也写的通俗易懂有深度
150109,5614,袁野,2022-01-19 05:50:54,19,22,3,如果浙大有哪一门课是世界级的，那就是袁野老师的量子场论
154769,5614,袁野,2022-06-05 02:45:57,10,12,2,好优雅的老师:-)
155221,5614,袁野,2022-06-09 12:25:54,5,7,2,老师讲的很详细，并且有一本可以让人看懂的讲义
172381,5614,袁野,2023-04-26 00:35:23,3,3,0,非常强
177653,5614,袁野,2023-07-04 05:29:14,4,4,0,电动力学，老师讲的很好，受益匪浅
180961,5614,袁野,2023-09-29 15:45:24,8,10,2,上过朱华星老师和袁野老师的电动力学。上半学期袁野老师，下半学期朱华星老师。\n\n如果你想考试考个高分，老老实实做作业刷刷Griffith就行了，多花点时间把Griffith这本书读透（包括刷题，Griffith这几本教科书许多重要知识其实都在习题里，这些习题不能被忽略）考试随便过。老师给分很仁慈。我至今还记得期中考试总分30，3道题，不会1道扣1分（\n\n如果你想听懂他们上课在说啥，建议先补好线性代数，起码要知道线性算子和dual space这种线代甲不教的东西，之后就可以读点广义相对论相关的入门教科书的前几章和附录（比如Carroll之类的）把张量，微分形式方面知识缺的这块补上（只要入个门没有想象的那么难和花时间，当然前提是你线代没问题。而且按照培养方案理论力学应该是同步上的，你不知道张量很难深入理解理论力学的东西）。当然还有条件的话甚至可以看点入门的量子场论的教科书（因为基本上入门教科书第一章基本上永远是Classical Field）。\n\n之所以我会有这段暴论就是因为两个老师上这门课的时候（当然我不知道现在啥情况）很多时候都讲到的这种东西，比如袁老师讲了外微分和wedge product，朱老师讲了电磁场的能量动量张量以及相对论力学。你要是没我之前说的那些知识不如上课自己看Griffith，因为你基本上听不懂他们在讲啥，但是起码Griffith完全能让你自学入门电动力学。\n\n其实我觉得两个老师与其上课上拓展这些，真不如开个本科生的数理方法Ⅲ或者把理论物理专题开回本科来（回来吧理论专题，我最骄傲的信仰。历历在目的群论，张量莫名在缩并。一直记得群表示，还有给力的李群。被微分流形给干碎，就算通宵也不会）。
191121,5614,袁野,2024-04-06 05:30:01,16,17,1,yy老师的中文绝对是非平庸的（doge）
193639,5614,袁野,2024-06-14 07:50:47,3,4,1,袁神！电动力学强无敌
193677,5614,袁野,2024-06-15 07:03:52,3,3,0,袁神！量子场论神中神
195306,5614,袁野,2024-06-27 17:10:26,1,1,0,电动力学出分了，不多说，直接10分\n\n（还有yy总共点了两次名
195366,5614,袁野,2024-06-28 01:18:42,3,3,0,非常好老师！！！
195375,5614,袁野,2024-06-28 01:52:42,2,3,1,虽然yy老师觉得我们考的很差，但还是尽力捞我们了😭
195379,5614,袁野,2024-06-28 02:10:32,2,2,0,绝对的十分！
196188,5614,袁野,2024-07-02 05:56:39,2,2,0,上课好难
199295,5614,袁野,2024-09-20 13:10:58,4,4,0,讲得超级好！
216639,5614,袁野,2025-03-20 01:21:17,2,3,1,听不懂 困😪😪
217847,5614,袁野,2025-04-17 06:57:10,4,4,0,袁老师真的是一个好老师，无论是授课还是为人。\n\n近期我因为一些十分trivial的小事找了他。他不仅没有表达不耐烦，还耐心地听我诉说，安慰我不要怕，帮我想对策。他人真的超级好……他私下里也吐槽了一下下有些老师的授课水平哈哈哈，感觉他好可爱！他说：“你都敢来学物理了，就不要担心自己的智商。敢来就已经超过99%的人了。”因为拿这些小事打扰他，我感到十分抱歉，他说，“没关系，本来教书育人，这也是一部分。”一个下午的聊天真的治愈了我的内耗和自卑！\n\n说些和课程、学习有关的事情。课程其实是偏难的，课前预习了都不一定跟得上，但他讲课绝对能把知识点讲明白（这个时候就需要课后回放智云加深理解了……）作业难度也不算小。但他不会在平时分上为难大家。以及助教们人也很好，批作业会详细地指出你错在哪里。袁老师给的作业参考答案也很详细，现在还会加一节习题课回答同学们在作业上遇到的问题。\n\n总之给袁老师献上10分。不要被这门课的难度唬住了，认真学会有很多收获。以及大家遇到问题都可以找袁老师聊聊，他是一位超级热心的老师！
217918,5614,袁野,2025-04-18 03:11:43,1,1,0,好老师，满分走起！
221507,5614,袁野,2025-06-24 05:43:05,0,0,0,神，神，神
123412,5746,刘钊,2020-06-08 10:14:51,8,8,0,老师讲课逻辑蛮清楚的，人也很好
151095,5746,刘钊,2022-02-23 03:34:57,10,10,0,条理讲的挺清晰的，课讲的真的不错（除了小测英文杀人…）
152812,5746,刘钊,2022-04-20 05:53:22,3,3,0,非常温柔细心
155103,5746,刘钊,2022-06-08 09:40:00,1,1,0,老师讲的蛮清楚哒
157012,5746,刘钊,2022-06-21 14:30:27,1,1,0,讲课清晰，答疑耐心，对学生好
163080,5746,刘钊,2022-12-07 06:44:50,4,4,0,刘老师真的很认真负责，第一次问他问题的时候他甚至专门做了个PDF文件给我解答，每次问问题他都能耐心为我解答，10分！
171910,5746,刘钊,2023-04-12 09:42:02,2,2,0,非常好的老师，中文授课，讲课和答疑都很细心
172242,5746,刘钊,2023-04-23 12:42:22,3,5,2,老师人很好，但是为什么不能评讲一下作业哇，好多题都好难呐，小测好像就考这样的题
177280,5746,刘钊,2023-07-02 14:22:58,2,2,0,钊钊哥哥捞一捞！
184912,5746,刘钊,2023-12-24 09:54:39,2,2,0,讲课挺清晰的，还会对早八来上课的我们说辛苦了
193957,5746,刘钊,2024-06-21 05:52:18,1,1,0,老师讲解很清楚，也会在课堂穿插一点小幽默，对学生很负责，每次考试注意事项、题型都会提前告知
194463,5746,刘钊,2024-06-24 05:08:54,0,0,0,OK的
195188,5746,刘钊,2024-06-27 05:55:31,0,0,0,平时上课生动有趣，公式基本都会推导。有问题邮件都会很及时的回复。非常好的老师！
196524,5746,刘钊,2024-07-04 02:11:41,1,1,0,给分比较求是，老师人比较负责，课讲得还可以，就是我不太听得进去
196778,5746,刘钊,2024-07-05 05:46:44,0,1,1,人很和蔼，讲课不错，给分一般
197463,5746,刘钊,2024-07-16 06:28:43,0,0,0,虽然我上课不怎么听，但结合PPT，然后课后PPT不懂的启动一下老师的智云，还是能取得还可以的成绩（虽然本人没上4，但就期末那非理想气体我做的依托，应该是捞了一些的）.\n\n老师人很好的！就一次人实在太少，点了一次名。
221928,5746,刘钊,2025-06-27 13:12:39,-1,0,1,88……
121999,5757,颜鹂,2020-01-29 15:21:21,12,25,13,哎...其实老师挺好的 上课很有自己的感觉（提个小意见 竺院同学的确很优秀 但上课总感觉围着他们团团转的感觉真的不是很好受）！本人所有任务都完成的很认真 小组实践也尽力参与了 期末考试撑到最后几个才走的 复习了两天书 最后也没有得到很满意的成绩..这的确不能怪老师 但也有私心的希望老师以后的评分能够更加客观 ！希望大家享受思修课！
122160,5757,颜鹂,2020-02-17 14:29:20,-13,8,21,老师的实地调研真的印象深刻啊！餐标巨高真的爱了 思修课上会很认真地上每一节课 最后复习了半小时拿到了92 爱老师比心
122677,5757,颜鹂,2020-03-17 07:55:23,-18,6,24,曾经中文系的老师来物理学系做主任六年后重回思修课堂 我们这一年课堂里大部分竺院学生\n\n备课认真到每次都讲不完，但带大家一起去桐庐实地考察，拜访当地人大代表还吃到了超美味当地小吃\n\n上课也会给大家带来现场物理实验 会请物理系学有成就的老学长分享经验\n\n评分扣得很细，感觉阅卷应该也挺严格的，毕竟思修是正态科目\n\n我当了组长，两次小组展示在第一次投入，第二次有点划水，可能考试成绩有影响最后4.5\n\n学期内作业主要是一次社会调研，一次读书报告，一次志愿者服务感想\n\n但我也有朋友卡在3.9徘徊且不少\n\n颜老师超级非常认真人也很好，如果选她也需要权衡一下投入时长，最好不要划水
125796,5757,颜鹂,2020-09-14 10:35:53,14,22,8,给分很低，不知道为什么
127716,5757,颜鹂,2020-11-26 04:36:08,-11,3,14,很好(✪▽✪)
142690,5757,颜鹂,2021-11-15 05:46:47,-4,3,7,给分迷惑，但是讲得很好
148865,5757,颜鹂,2022-01-13 23:58:56,1,5,4,认真考试，认真完成一切任务，3.3
148876,5757,颜鹂,2022-01-14 00:50:53,6,10,4,平时任务和其他思政老师挺轻松，读书报告要求是低于八百字最好思维导图形式。一开始上课还挺新鲜，后来上课就永远是那几个浙大的杰出校友，刚开始听也很感动，但是再好的故事再伟大的人也耐不住天天重复吧。还有布置财务规划的作业，是老师自己在群里讲要自己回顾开学以来支出明细（记不清原话大概这个意思）的但是交作业上去她却在班上说有人敷衍她财务规划交了流水账。就很无语希望老师布置作业讲清楚不要有误导性，即使是流水账别人去要查很多APP也付出了时间精力。最后绩点爆炸还被卡绩（小组长3.3，可能自己考试也拉分了）总之喜欢划水不在意绩点的可以选，毕竟读书报告真的可以减轻很大痛苦，老师人也挺好，经常叫我们不要内卷，我被卡绩有怨气但其实老师还有有很多优点的。
150884,5757,颜鹂,2022-02-20 14:40:16,2,7,5,我浙社科本来就不行，sz类课程讲的也就这样吧，差不多在平均水平上\n\n布置作业很迷，给分机制也不透明，一方面强调真情实感，另一方面似乎又唯形式论，学生不明就里\n\n至于别的不好评价
151854,5757,颜鹂,2022-03-18 02:04:31,4,11,7,亲爱的颜老师，请问您的给分标准是什么呢？查成绩都不让查，“找马院老师”，呵呵，1分好评请收下。
153560,5757,颜鹂,2022-05-04 17:29:04,3,7,4,废话太多
153584,5757,颜鹂,2022-05-05 07:26:53,-2,4,6,给分一般般
160673,5757,颜鹂,2022-09-30 03:26:45,9,16,7,以物理实验作比强行关联到思政知识真的很没有道理。。
161298,5757,颜鹂,2022-11-04 02:43:11,7,12,5,今日暴论：为什么最速降线是摆线？因为摆线是有圆心的！这个圆心就是我们的意志力……
167643,5757,颜鹂,2023-01-18 03:24:46,-8,3,11,给分好
167648,5757,颜鹂,2023-01-18 04:21:57,-3,2,5,任务比较水，给分就那样，但是比较轻松
167896,5757,颜鹂,2023-01-20 03:00:47,-10,5,15,爱你😘任务水，给分好（4.8捏嘿嘿嘿）读书报告竟然设置上限，超过字数反倒要扣分。其他任务更是水水的。不愧是物理学院党委书记，堂堂正处级领导就是有水平
168874,5757,颜鹂,2023-02-23 06:58:15,-14,0,14,4.8嘿嘿嘿 挺好的 平时花的时间少 任务少 不过我估计是期末考拉回来的 因为平时的任务划水挺严重
169676,5757,颜鹂,2023-02-27 10:40:57,9,15,6,这老师看人给分的，我的室友全是4.5+，给我3.3，气死了，快跑，分配到她的思修就是坐大牢
176204,5757,颜鹂,2023-06-28 05:00:34,-7,1,8,形策，比较凶，给分还行
180393,5757,颜鹂,2023-09-21 11:09:07,-2,4,6,老师啊 您能不能说话有点礼貌啊
185245,5757,颜鹂,2023-12-27 09:02:12,-17,5,22,这老师反正就是瞧不起人文社科，瞧不起就瞧不起吧，反正我给我们组学物理的都打低分
189777,5757,颜鹂,2024-01-28 16:41:00,-6,2,8,这个老师 给分很差 预制了就赶紧跑吧
207520,5757,颜鹂,2024-12-22 14:14:09,2,2,0,垃圾屎
210707,5757,颜鹂,2025-01-10 01:02:28,0,1,1,傻子都能上形策
211280,5757,颜鹂,2025-01-11 06:08:28,2,2,0,垃圾滚吧
211549,5757,颜鹂,2025-01-12 01:50:52,0,0,0,就点了一次名 实话来讲可能有点生活情趣 但是有些事情上说教味比较浓 不过无所谓 我也就听了第一节课
220641,5757,颜鹂,2025-06-19 04:34:27,0,0,0,讲课一般，管的比较严，卡我绩真受不了
220719,5757,颜鹂,2025-06-19 09:47:40,0,0,0,成绩还行，不知道是不是老师捞
220769,5757,颜鹂,2025-06-19 15:07:23,0,0,0,致敬传奇求是形策，一个寝室三个卡绩，82/88/91，总有一款适合你[Thumbs up]
134438,5817,王大伟,2021-03-28 16:40:56,3,22,19,哎，教学不知道怎么样，进他的课题组就是天坑
134459,5817,王大伟,2021-03-29 08:36:39,4,14,10,科研能力挺强，带学生还不是很有经验的样子，不是很好相处
134766,5817,王大伟,2021-04-14 08:25:57,5,12,7,挺好的啊
135358,5817,王大伟,2021-05-08 10:54:31,4,12,8,理论功底扎实，关心学生发展，科研能力强
135430,5817,王大伟,2021-05-10 09:05:20,0,7,7,高分辨光谱仪还是挺有前景的
135872,5817,王大伟,2021-05-31 09:05:36,2,5,3,老师挺好的，讲课很有条理
140231,5817,王大伟,2021-09-06 07:30:50,0,3,3,当事人当时就是后悔…
142669,5817,王大伟,2021-11-15 03:44:12,2,3,1,上课思路清晰，内容很有趣
157668,5817,王大伟,2022-06-24 09:32:30,2,3,1,上的光学专题 \n\n讲真贵院开这种专题感觉意义不大 辛苦同学也辛苦老师\n\n当然老师还是蛮好的 很用心地准备 很耐心地讲解介绍 最后给分也不错
176781,5817,王大伟,2023-06-30 05:39:44,-1,0,1,讲课挺好，给分还行，但人实在是唧唧歪歪emmmmmm，可能这课本身设置就意义不大吧
194120,5817,王大伟,2024-06-22 05:37:07,3,3,0,老师人很亲切
123271,5834,渡边元太郎,2020-05-27 12:51:16,1,6,5,认真负责，日式英语没有想象中那么难听懂，就是我英语不好，可能和老师互动稍微有些难度
130180,5834,渡边元太郎,2021-01-18 12:53:28,-55,8,63,期末考原地爆炸，还有4.5
132856,5834,渡边元太郎,2021-02-04 07:41:04,11,12,1,@渡边桑！
136604,5834,渡边元太郎,2021-06-22 00:26:57,1,2,1,上课真的认真，课后也会很耐心地解答
146114,5834,渡边元太郎,2022-01-05 13:40:33,1,1,0,老师人很好
151071,5834,渡边元太郎,2022-02-22 15:42:43,14,16,2,渡老师教了N年图灵班，虽然水平很高，但是依然因为语言等种种原因不可避免地培养了非常丰富的和全浙大最优秀的学生大眼瞪小眼的经验。\n\n\n\n和路欣老师的班互为平行班，用的PPT是一套的，但是渡老师PPT排版实在是....路欣刘钊那边和渡老师这边PPT最大的区别，就是中文班的英文PPT是改过排版的。\n\n\n\n据说给分很好，不过我的打分可能不怎么客观，因为我会为渡老师的认真负责和上课在黑板上写的工工整整的楷体中文打10分～\n\n\n\n出分再回来完善评论。
155089,5834,渡边元太郎,2022-06-08 06:40:14,6,6,0,渡边老师很严谨认真，人很好，下午晚上发邮件几乎秒回，不管给分如何，这就已经值得十分了
155711,5834,渡边元太郎,2022-06-15 10:09:56,7,8,1,给了老师九分， 渡边桑是好老师， 可惜课不算是门很好的课(感觉普物都这样).\n\n渡边桑答疑很热心， 虽然好几次Q&A都没人去但还是一直坚持(雾)， 而且他的水平很高， 不管问什么他都能解答， 而且会一直说到我们理解为止.\n\n此外老师读邮件非常非常非常快， 读了就回， 试问你浙有几个老师能做到这样的? (读了就不错了， 已读不回我也只能感恩.) 有好几次晚上11.30， 零点给他发邮件， 半个小时之内肯定能收到他的回复， 而且解答非常详细.\n\n上课的话有正如之前同学说的， 大眼瞪小眼情况比较常见， 不过这也不能怪老师， 主要是语言+课程确实难. 渡边桑应该也是知道自己口音的， 平时的语速比较慢， 习惯了两节课之后绝对不是问题.还有老师偶尔喜欢在黑板上大篇幅的推导， 这点深得我意. 而且老师的推导都不算太难， 可能反而比对着ppt讲更好.\n\n最后可能老师的一个问题就是比较喜欢拖堂， 经典两节课上成2.5节， 主要是内容太多+讲的确实比较慢， 我表示理解， 不过希望他能改改.
155852,5834,渡边元太郎,2022-06-16 09:48:50,3,4,1,渡边老师讲课很有趣，也非常认真负责，可惜自己听不懂，但依然不妨碍老师是一个很棒的老师
157758,5834,渡边元太郎,2022-06-24 17:10:44,-12,0,12,渡边真的很认真\n\n辛苦啦！\n\n虽然最后88被卡了\n\n大概是期中太低了吧\n\n好难过！\n\n不过渡边真的好人！
157759,5834,渡边元太郎,2022-06-24 17:10:49,1,1,0,渡边很会捞的！
157803,5834,渡边元太郎,2022-06-25 01:46:28,0,0,0,真的是好老师，很负责任！是我听不懂的问题了呜呜呜
157811,5834,渡边元太郎,2022-06-25 02:49:50,19,21,2,渡边桑，我的渡边桑🤤🤤，为了你，我要打十分！真的是相当负责相当关心学生的老师了，偶尔会对我们搞文化输出哈哈哈哈，讲什么浦岛太郎之类的。日式英语刚开始我也担心听不懂💦，有些地方口音还挺明显（比如卡诺循环的CARNOT都是卡鲁诺），结果习惯之后期末补天1.5倍速2倍速也能听懂，真不要太担心这个💦（而且感觉我六级听力要是比四级高肯定功在渡边哈哈哈哈哈）给分的话我期末炸的彻底 但是有4.2/87 肯定不知道比卷面高到哪里去了 渡边 行！
157986,5834,渡边元太郎,2022-06-26 03:06:45,2,3,1,好老师，以为要挂结果上3了，真的海底捞，也很认真，太感动啦呜呜
158743,5834,渡边元太郎,2022-07-01 23:30:21,-28,2,30,渡边，老师中的神，期末四道大题错了三道，硬是把我捞到89/4.5，怎么会有这么好的老师QAQ
158744,5834,渡边元太郎,2022-07-01 23:30:21,-30,1,31,渡边，老师中的神，期末四道大题错了三道，硬是把我捞到89/4.5，怎么会有这么好的老师QAQ
170543,5834,渡边元太郎,2023-03-06 09:05:46,1,1,0,好老师
173027,5834,渡边元太郎,2023-05-11 12:24:40,2,2,0,老师挺好
174393,5834,渡边元太郎,2023-06-11 14:11:14,3,3,0,渡边真的是很好的一位老师。相对论部分大家听的不是很清楚，他会拿出一节课来仔细梳理；到教学后期他会劝你去别的老师班听课，希望你不要落下进度。真的是用心为学生着想的一位好老师！😀
175537,5834,渡边元太郎,2023-06-25 11:50:58,0,1,1,非常认真负责的老师，建议课前先把PPT看一遍，上课还是能听懂的。（虽然听了就忘
189579,5834,渡边元太郎,2024-01-25 12:37:19,1,1,0,教学认真的老师，听不懂是我的问题，英文教学可能对我有点难度，但不妨碍老师认真
196269,5834,渡边元太郎,2024-07-02 17:35:44,3,3,0,老师平时很和善，但日式英语很难懂，上课内容基本全靠看ppt自学。之前听说渡边老师给分很好，现在出分了，感觉跟没加平时分一样。对物理门外汉来说，给分非常不好，绩杀。打5分，一般，这5分都是打给老师本人的和蔼与善良，给分很差。怕影响绩点的慎选。
196292,5834,渡边元太郎,2024-07-03 00:12:32,5,5,0,老师态度很好 但是寄沙啊啊啊啊啊啊
196338,5834,渡边元太郎,2024-07-03 03:18:36,3,3,0,看评论说很捞就没退，结果被美美寄杀了TAT
196374,5834,渡边元太郎,2024-07-03 07:12:34,6,8,2,真他妈一通火\n\n老子期中期末考的都这么好（我问过卷面成绩了）\n\n我请问平常那些大家抄来抄去的作业\n\n那些恶心的像吃屎的作业\n\n真的能作为评分的标准吗\n\n谁又能保证平常作业全是对的呢\n\n请问普物是想要培养作业全对 \n\n然后考试不及格的抄作业人才吗\n\n真的希望老师能够思考成绩构成的合理性\n\n\n\n说点正经的，不知道未来是不是如此：\n\n期末考试对期中考试之前的内容涉及较少
197651,5834,渡边元太郎,2024-07-24 06:44:54,5,5,0,真服了，呵呵。老师人还不错，态度也好。但我实在无法理解，期中期末考试，奇低无比的卷面分，为什么在mzw班能拿90多，4往上。而一个堪称漂亮的卷面成绩，在这几个所谓“外教班”体系里面只能拿3.几甚至2.几。太可笑了，绩杀老师，恨死你了，一点情分都没了。
206060,5834,渡边元太郎,2024-12-13 04:28:31,2,2,0,渡边桑上课还是有意思的，虽然本人上课也不是很认真（雾），然后期中考好像就40几（全班倒数前三），最后刚好被捞到及格线（期末内容基本不包含期中前的，就个人而言）
215393,5834,渡边元太郎,2025-02-25 23:43:51,1,1,0,还可以吧
134982,5854,郑大昉,2021-04-25 16:45:09,-7,1,8,对这门课毫无准备，甚至不给学生答疑。不好好讲课就不要开这门课
148530,5854,郑大昉,2022-01-12 23:51:25,-10,2,12,老师狠捞我！期中期末双炸，愣是凭平时成绩捞上来了，感动。\n\n大学物理建议课前预习，zdf老师的课上课要听，要好好听！怹讲得比较细，故而也给人比较慢的感觉，但若仔细听肯定会有很大收获的！
170082,5854,郑大昉,2023-03-01 10:02:46,4,6,2,这个老师不是新老师，说了先。因为之前系统给老师写的都是“郑大方”，现在又纠正回来了是“郑大昉”，所以现在下面没有什么评论。看到的是N/A/0这种\n\n以下是评论：\n\n\n\n\n\n大物上下均满绩，大物实验也满绩来评价郑老师。总结：好老师，速选！\n\n小测之前必提早很多时间来通知，让你准备充足去考试，而不是突然你坐在教室的时候，跟你说要小测。\n\n而且小测安排合理，一次有四五道题目，这样就算一个小的细节失误，对总的分数影响不大。有些老师的班级当中，题目就很少，有时候一卡住没做出来，对成绩就非常伤。还有有些老师是提早交小测卷，然后还给你指出问题，然后你可以再改，然后再上交，我觉得很不好，你要意识到平时分数是强制正态的，按班级内位次赋分的，相当于你奋斗了很多，别人被老师指出问题了，然后他分数高起来，与你的差距就缩小了，然后你自己的赋分可能就不好看了。我更喜欢郑老师！\n\n答疑很迅速，经常问他问题，他直接电话打过来跟我仔细讲解。好几次，凌晨的时候我还在学大物，有疑惑，发消息给老师了，凌晨的时候他与我电话交流知识点。\n\n关于讲课，我感觉讲的蛮好的。\n\n大学物理如何拿满绩学好呢？我觉得要把知识点弄懂，然后课本例题弄透，作业弄透，上课听懂，例题会做，我觉得差不多了\n\nby your wangwang xuezhang
188550,5854,郑大昉,2024-01-19 08:24:14,0,0,0,大物好老师神中神
155580,5957,游建强,2022-06-14 13:24:34,0,1,1,固体物理考前来评\n\n老游很可爱 上课会扯很多“小故事” 能感受到大教授的物理情怀\n\n上课体验就那样吧 毕竟是固体物理啊 对我来说都是痛苦面具\n\n求期末和善点吧
133463,5984,马玉婷,2021-03-01 03:48:42,-5,4,9,fuck you
142606,5984,马玉婷,2021-11-14 11:27:19,5,6,1,物理系的同学遇到学业问题直接找马老师靠谱，毕竟她还是在真正做事情的，某向简直无语。
144505,5984,马玉婷,2021-12-22 02:50:04,3,5,2,是愿意帮助学生的好老师
159447,5984,马玉婷,2022-07-20 10:17:18,0,1,1,。。。
196456,5984,马玉婷,2024-07-03 13:38:45,1,1,0,真的无语
207512,5984,马玉婷,2024-12-22 12:59:09,-1,1,2,屎屎屎
209915,5984,马玉婷,2025-01-07 11:47:13,2,2,0,傻子都能教形策
219846,5984,马玉婷,2025-06-09 00:43:20,1,1,0,纯形策体会：形策当个助教tmd官威这么大 问什么事情都不理你
220644,5984,马玉婷,2025-06-19 04:39:55,0,0,0,傻逼东西，官威这么大，天天在不正常时间弄个签到（比如上课之前），也不重复几遍，明明去上课了补签还得算迟到（不否认讲课水平，也就那样）
135274,6053,张德龙,2021-05-07 10:09:37,2,13,11,老师的激光物理讲得一般……私货很多
150887,6053,张德龙,2022-02-20 16:06:22,1,8,7,事少分高！
152836,6053,张德龙,2022-04-20 10:04:29,6,9,3,私货多，激光原理专业知识一般，水课
161023,6053,张德龙,2022-10-24 06:27:11,9,15,6,老师很帅啊 ZJU白敬亭！\n\n事少分高
168898,6053,张德龙,2023-02-23 09:52:59,7,9,2,张老师的大物课，感觉知识点齐全，可能有多讲了一些甲的内容，但是给分挺好的，期末考的不好，但是平时分真的都基本给了，超出我的预期了
174347,6053,张德龙,2023-06-10 07:59:45,0,2,2,帅哥一开口真是幻灭（
181757,6053,张德龙,2023-10-31 04:15:09,0,3,3,老师讲课很好很有热情，而且关键是帅啊
182013,6053,张德龙,2023-11-08 04:39:56,-5,3,8,张老师人真的超级好
185615,6053,张德龙,2024-01-03 02:03:13,1,4,3,老师很好！人帅事少人也很好！很关心学生，也很幽默！
185931,6053,张德龙,2024-01-06 06:09:40,4,5,1,助教小测很蠢
187799,6053,张德龙,2024-01-17 13:17:06,1,2,1,老师我给10分，但是平时成绩考核（助教小测）0分。原因如下：没有任何反作弊手段，导致大部分人分数奇高无比，遵守规则的人更加吃亏；题型要么是历年期中期末，要么是网上原题，改编比列不多，进一步促成投机主义之风。
210259,6053,张德龙,2025-01-08 14:43:47,3,3,0,...小测形式还不改？真就让老实人吃亏是吧？培养的都是求是人 助教的态度也是够无语的😓
127290,6174,张俊香,2020-11-20 00:33:37,0,6,6,大物实验必选的老师，给分特别好，最高能给到100分
159601,6174,张俊香,2022-08-21 15:41:53,0,2,2,该老师名下所有研究生均换导师，上课很水，学不到知识，经常以年龄大为由不推导公式
162502,6174,张俊香,2022-11-24 04:36:59,2,4,2,大物实验给分很好
163183,6174,张俊香,2022-12-09 06:27:16,0,1,1,大物实验必选的老师
163359,6174,张俊香,2022-12-13 13:51:23,0,2,2,大物实验最高分就是她给的
181114,6174,张俊香,2023-10-09 03:35:34,2,2,0,大物实验给分很好
183391,6174,张俊香,2023-11-24 14:58:14,2,2,0,大物实验最高分，呜呜呜
184460,6174,张俊香,2023-12-20 05:50:19,0,0,0,大雾给分太好啦
185519,6174,张俊香,2024-01-01 14:08:57,0,0,0,爱死张老师啦啊啊啊啊啊啊拯救大雾实验
185940,6174,张俊香,2024-01-06 08:33:43,0,0,0,大物实验人好分也慷慨！\n\n会帮忙调仪器！
192616,6174,张俊香,2024-05-25 06:29:27,0,0,0,张老师上课非常认真且有趣，给分超级超级慷慨！！！
218296,6174,张俊香,2025-04-22 11:16:23,0,0,0,大物实验必选她！给分超赞
160039,6254,周婷,2022-09-12 07:06:40,-9,6,15,老师是新来的，没什么上课经验，第一节课完全没有互动，照着书讲，条理不是很清楚，太催眠了
160321,6254,周婷,2022-09-19 05:15:28,-3,4,7,声音小，后排听不清。
160330,6254,周婷,2022-09-19 06:32:26,-3,7,10,根本就不知道在干什么，这样下去迟早药丸
160434,6254,周婷,2022-09-22 07:09:36,-9,2,11,负分…
160464,6254,周婷,2022-09-23 06:17:10,-4,2,6,上课只自己讲  没有让学生动脑的机会  其实可以有一些例题先让学生思考
160486,6254,周婷,2022-09-24 05:53:47,4,6,2,老师人很好，问她问题她会一步步引导，没有嫌我麻烦TAT
160540,6254,周婷,2022-09-26 07:38:25,-3,2,5,互动少，一个人干讲，没意思。
160629,6254,周婷,2022-09-29 01:37:50,-3,1,4,困啊QAQ
161513,6254,周婷,2022-11-08 04:47:39,8,14,6,听久了周老师的课，会发现她其实讲得挺好，例题都很面面俱到，可见备课非常认真。这样想的话，新老师上课比较催眠也是情有可原的啦。再说微积分这种东西哪有不催眠的（bushi
161690,6254,周婷,2022-11-10 13:02:25,0,2,2,6666
161722,6254,周婷,2022-11-11 06:48:27,-13,6,19,避雷。\n\n讲课思路不清。上她的课就是换个地方睡觉罢了😅
162163,6254,周婷,2022-12-03 07:51:08,5,9,4,偏微分上课完全脱离考试
162392,6254,周婷,2022-11-21 11:34:20,4,6,2,上课讲的基本都是书上的，但是答疑很有耐心
162808,6254,周婷,2022-12-06 12:13:27,0,8,8,讲的内容和考的半毛钱关系没有，抓不住重点
163117,6254,周婷,2022-12-07 12:25:03,2,5,3,周老师上课挺认真的，问问题，讲解得很耐心，对微积分的理解有一种高屋建瓴的感觉。只是可能上课风格还在探索吧，总体来说，好评~
163139,6254,周婷,2022-12-08 04:01:59,0,3,3,6分 偏微分\n\n新老师 负责是比较负责的\n\n上课么一言难尽\n\n虽然是我菜 但是真的听不懂\n\n可能是教学范式太苏式？\n\n教师个人主页上说老师是外语系毕业的？\n\n震撼我
163371,6254,周婷,2022-12-14 03:15:54,-7,4,11,无语死了 小测也考考纲不做要求的….总共三道题还有一道题题目是错的 浪费好长时间也不增加小测时间
163946,6254,周婷,2022-12-16 17:55:19,3,6,3,上课很认真
164325,6254,周婷,2022-12-20 09:02:59,0,4,4,讲得挺好的，虽然说很多人觉得上她的课觉得很困（我也这么觉得 删掉），但我觉得还是能把知识点讲明白，课后答疑也是很认真。就是课上会缺少互动，需要自己集中注意力，不然很容易走神了。
164728,6254,周婷,2023-01-12 03:15:45,4,6,2,很耐心的老师
166745,6254,周婷,2023-01-13 11:48:47,9,11,2,大家看仔细了！这个周婷老师是物理学院的，不是那个教22级微积分的老师，微积分的周婷老师是应用数学系的！！！
168392,6254,周婷,2023-02-15 09:03:55,5,5,0,老师很认真负责，助教很好
168866,6254,周婷,2023-02-23 05:08:42,30,36,6,首先，这个是物理系的周老师。\n\n其次，应用数学系的周婷老师上课讲得很好，不过可能确实比较枯燥，毕竟是微积分。\n\n而且答疑非常耐心，完全不会厌烦。\n\n如果自己认真学，加上老师的耐心答疑，还学不会，那能怪谁呢？\n\n可能老师刚来确实很多还不懂，还没形成自己的一套讲课风格，但是老师备课认真，回答认真，待人温和，应该是有目共睹的吧。\n\n只是自己不愿意学，又非要怪老师讲课不好，上课催眠。\n\n就算没有老师，只是微积分上，自学做不到吗？\n\n助教讲课也很认真，也一样耐心解答。\n\n小测出了问题，你跟老师反馈都会收到回应，都有对应的处理。\n\n难道一定要把考试的内容在考前全都给你写出来，你才会考吗？\n\n老师很好，不学直说。
168956,6254,周婷,2023-02-23 16:52:55,10,10,0,十分赞成那位评论很长的同学，数学系周婷老师的确非常温柔耐心，助教也是这样，虽然我得分不高但是可以感觉到老师有在捞我，太感动了，是我自己网课那段时间没有尽力，老师们很好了，感觉大家也不要老是把自己的失败归咎于他人吧
168967,6254,周婷,2023-02-24 01:23:32,15,16,1,真的是很好很好很好很好很温柔很耐心的老师 虽然她不用话筒但是其实还是听的比较清楚的 有问题问她她会很耐心的解答 真的博学又优秀 多谢老师 不然微积分早挂了
168968,6254,周婷,2023-02-25 00:46:12,30,35,5,认真负责但确实不会教\n\n上面写那么长的同学\n\n你来学学pde就知道了\n\n—————\n\n卧槽了这捞的 \n\n亲妈 现在给你磕头道歉还来得及吗
169023,6254,周婷,2023-02-24 04:26:24,3,3,0,老师很好
169213,6254,周婷,2023-02-24 16:20:52,7,8,1,客观分析一波\n\n周婷老师讲课真不行，上的pde，她第一年教，听课感受不佳是事实\n\n但是，但是\n\n她对学生好\n\n我小测睡过头了，十点考试十一点起\n\n起床绝望了，心急如焚找她，回我直接从我找她起开始算考试时间，到点叫我交卷\n\n最后海底捞，海底捞\n\n我考完怀疑自己过不了斩杀线，难受了好几天，最后出分3.3\n\n我的神啊
169219,6254,周婷,2023-02-24 16:49:53,5,5,0,周老师好好，上课备课认真，还捞，而且还是15年斯隆奖得主
169253,6254,周婷,2023-02-25 04:27:22,10,11,1,磕了！真给老师磕头了！！！\n\n上课从来不点名，就去过两节课\n\n小测19/60，期末6道题没一道完整写出来的\n\n一直以为自己要挂了，最后老师给了4.2！！\n\n神中神中神！
169267,6254,周婷,2023-02-25 06:11:52,0,9,9,上课讲课烂的逆天\n\n给分捞人强的一批
170853,6254,周婷,2023-03-10 11:47:23,7,8,1,数学系周婷老师其实作为新老师来说讲课已经很不错了，个人也是认真负责，我个人认为周婷老师也是一个不错的老师。同时周婷老师还是大牛啊这个崇拜死我了
173001,6254,周婷,2023-05-11 05:03:29,0,1,1,给亲妈磕头！！！\n\n数学系周婷老师，太能捞了！我期末最后四道大题都没做完，都能给88。太能捞了！！感谢周老师海底捞！！！
173017,6254,周婷,2023-05-11 10:29:32,3,3,0,数院的周婷，课程：常微分方程。\n\n给分很好，上课也不点名。听说期中小测的题目似乎都可以搜到。
179126,6254,周婷,2023-08-28 08:07:00,1,2,1,给分特别好！！！
210000,6254,周婷,2025-01-08 01:14:39,1,1,0,周老师我的神！数学系的周老师，微积分乙，除了开始的两节课之后就点过一次名（提前2天在钉钉群里提醒要点名），可能有些知识点讲的不是很清楚，但周老师绝对是一个认真负责的老师，作为一个新老师潜力无限（百度发现周老师还是学术大牛），在考试周前还发了手写整理的提纲和知识点，还给了很多练习题，平时问问题也会耐心的回答，非常温柔和蔼的老师。\n\n选周老师的课绝对不亏，超级超级好的老师，助教也很认真，10分！！
210818,6254,周婷,2025-01-10 04:26:15,1,1,0,非常认真敬业的年轻老师！虽然不一定比经验丰富的老教师讲得透彻但是她对同学很负责潜力无限！\n\n期末考好差被捞好多呜呜呜呜我错这么多我真该死啊
160947,6322,肖朦,2022-10-20 14:48:15,19,19,0,美女lovelove
160948,6322,肖朦,2022-10-20 14:52:05,7,7,0,美女姐姐😍😍😍lovelove
164048,6322,肖朦,2022-12-17 12:16:07,-2,0,2,对统计与大数据分析这课预期很高，不过可能是下午的课，太容易犯困了......
183256,6322,肖朦,2023-11-23 07:48:30,4,4,0,物理学院少有的美女姐姐，从不点名。统计与大数据分析很有用，但是有点过硬
184195,6322,肖朦,2023-12-12 12:28:20,-1,3,4,别选统计与大数据分析，纯折磨
184206,6322,肖朦,2023-12-13 04:06:44,4,4,0,开设统计与大数据分析这门课的想法是很好的，但老师似乎没太考虑到我们的数理统计和编程的基础，物院培养方案没有概统本就不合理，试图开一门课中把概统、数据可视化、机器学习都涵盖，这是不切实际的。建议要选这门课的同学先学概统，并且有一定的Python编程基础
188740,6322,肖朦,2024-01-19 18:53:56,10,10,0,老师是好老师，课是好课，但物院没开概统，绝大部分同学大一学的是c程，太硬了，现在是24年1月20日的02：45，我还在赶大作业
189619,6322,肖朦,2024-01-26 03:51:44,1,1,0,给分尊嘟很好，平时作业好好做，大作业尽可能完整做，是可以满的
189622,6322,肖朦,2024-01-26 04:27:19,1,1,0,认真做作业就满了
189628,6322,肖朦,2024-01-26 06:14:30,4,4,0,统计与大数据分析\n\n这门课确实给分好(我大作业交了这么依托答辩也有挺好的分数，谢谢老师)，开这门课的初心也是好的(所以我给8分)\n\n但是我自己还是会建议大家不要选，理由如下：\n\n1.xm老师一开始说了一句话：如果你想混3个学分，那你可以退选这门课了，这不是一个性价比比较高的课。现在的我对这句话的评价是：这是我上大学以来听过最中肯、最一针见血的话。而这句话也是xm老师对这门课很用心的一个体现。\n\n2.这门课非常硬(甚至让我觉得有点痛苦)，xm老师讲的也很快，而且内容很多。\n\n3.这门课是需要一定的python编程基础，然后一门3学分的课包含数理统计+数据可视化+机器学习我觉得其实是有点不合理的，而且也很难去通过这门课来学概统的知识，如果想学概统知识，那还不如直接选概统
189646,6322,肖朦,2024-01-26 08:50:54,0,0,0,客观的说有三好：\n\n课程很好，很有干货，很有帮助，尤其是对物理学实验数据处理；\n\n老师很好，人美声音甜，讲课也很精炼，并且从来不点名，无论人来多少。（我在看智云时注意到班里的人数，然后我竟有些愧疚）；\n\n给分超级好，平时作业认真做，大作业按要求做给分都超级高。就这样说吧，这个给分给的我自己都不太好意思。\n\n一般来说这样的课都是抢手的课，评价不会低，但是：\n\n物理学院没有开概统，大多数同学大一学的c程（我也是），课就有点难了，大作业就不好写了。（不然我也不会听智云，因为课确实有点上强度了。大作业写的时候真的是有点怀疑人生）\n\n实话实说，给肖老师的评分有点太低了。
189654,6322,肖朦,2024-01-26 09:29:30,2,2,0,如果你想学习有关统计学和数据分析，来这堂课你绝对会收获很多实用的技能，对数据分析和统计学也有新的认识；但是如果你因为老师给分好想混绩点，我保证你会度过痛苦的一个学期；别最后没拿到绩点怪老师，自己想想自己好好学了没，会写几行代码？天天叫痛苦就别来沾边
189721,6322,肖朦,2024-01-27 13:18:51,0,0,0,必须给满
212177,6322,肖朦,2025-01-13 10:12:42,1,1,0,没有GPT和copilot我的大作业可怎么做啊🤤🤤
125417,6353,STEFAN BERND DR.KIRCHNER,2020-09-08 09:49:54,3,3,0,这老师傻逼
125967,6353,STEFAN BERND DR.KIRCHNER,2020-09-16 05:35:23,3,3,0,上课不知道在讲啥，讲题不知道在说啥；考试巨难，给分巨低。快逃！！！
140545,6377,汪玲,2021-09-13 14:24:53,-6,6,12,上课氛围好
146382,6377,汪玲,2022-01-06 11:36:20,3,4,1,给分还没出来，我估摸着还不错（毕竟不是都靠自己的嘛），老师可能第一次教学，很多地方没有我上一个老师熟练（好）。但她确实是认真教学的，只要你平时认真，作业认真做分数不会低，小测也不难，但是大物小测正太这个情况就很doge，当然最后结果不会差，她平时也乐意给同学答疑（这样的老师不多了）
148018,6377,汪玲,2022-01-11 10:20:10,5,5,0,老师是第一年教学，像下面一位同学说的一样，老师可能经验没有很足，但是小测很简单，人也很好，适合自学能力比较强的同学选。
148116,6377,汪玲,2022-01-11 14:02:02,-48,3,51,平时40，期中95，期末99，虽然总评只有98，但满了
149669,6377,汪玲,2022-01-16 09:46:15,-1,1,2,期中考太差了导致期末虽然有90+最后总评还是没上4\n\n老师上课还行 对学生还是比较关心的 不过可能是新老师没啥讲课经验 对浙大的大学物理课程体系结构也不太了解
181937,6377,汪玲,2023-11-06 02:44:06,0,1,1,讲解不清晰，上课也不流畅，经常卡顿\n\n学得很痛苦
181940,6377,汪玲,2023-11-06 03:16:38,1,1,0,经常讲着讲着就陷入沉默，很混乱
189240,6377,汪玲,2024-01-22 14:36:13,1,1,0,建议自学，给分很求是，懂我意思么
194942,6377,汪玲,2024-06-26 03:57:16,1,1,0,上课不行，必须自学，最迷的是小测，非常简单，一丁点错误都不能犯的那种，否则最后平时分赋分的时候就很逆天了，可能三次都是八九十，最后只能赋分到30分左右。
195402,6377,汪玲,2024-06-28 03:14:53,2,2,0,老师人是很好的，但是上课经常上到一半沉默，条理也不是很清晰。适合自学能力强的同学学，毕竟上课课件也和教材有出入，要应付考试还是要深入教材。小测简单但是会赋分，做好被拉爆的准备。最奇怪的是交作业，学在浙大平台上交作业，好几次作业被平台卡了，结果老师却规定每个人只有一次补交作业的机会，最后看助教也没有作为。综上所述，如果你是汪老师上课，那么我建议你换一个老师。
179365,6407,林励庆,2023-09-13 06:24:10,0,1,1,很有学识的老师，英文授课非常流畅。固体理论II收获很多。说自己中文不好实际上中文也很流利。
171695,6604,MICHAEL SMIDMAN,2023-04-02 08:13:37,1,6,5,很抱歉给老师打一分，从一些大佬角度来说老师可能可以打高分，但从我个人的角度来说真的只能打一分。\n\n上课全英文，比做英语听力还难，根本听不懂。\n\n题也不会做，quiz还好（不是老师讲的不好，是我根本听不懂）\n\n我一个月啥都没学。。。。。。\n\n然后发现隔壁潘正权老师居然是全中文，用智云听潘老师讲，用一个星期补完八节课，一下子豁然开朗，做作业手到擒来。\n\n我不敢说老师的课讲的没潘老师差，但是我真的听不懂呜呜呜呜。\n\n但是也正是老师让我意识到了自己引以为傲的英语原来是这样的差劲。\n\n很感谢老师，让我开始坚持学英语。
172256,6604,MICHAEL SMIDMAN,2023-04-24 02:20:15,1,2,1,不点名，听不懂呜呜呜
172450,6604,MICHAEL SMIDMAN,2023-04-27 04:30:28,8,8,0,Michael还是挺可爱的哈哈哈\n\n英文个人感觉还是能听懂的（单从语言角度）不过我后来也没怎么认真听课了 所以一些物理的东西大部分还是靠着费恩曼物理学讲义以及耶鲁大学那个课本自学的\n\n至少我感觉Michael还是挺关心学生的 经常会在群里提醒咱们做quiz 然后人挺和蔼的 没有老师的架子 问他问题基本都会热心解答\n\n普物课后花点儿时间ppt上的东西还是能搞得懂的啦 在此强烈推荐费曼物理学讲义的振动部分 讨论得很详细
172451,6604,MICHAEL SMIDMAN,2023-04-27 04:32:49,14,15,1,这么可爱的憨憨Micheal，怎么能不爱😘（标准的英国人，比中式英语舒服多了好吧😅）讲课是lecture的那种风格，比较泛而广，但是只打1分不至于吧😂😂😂
177968,6604,MICHAEL SMIDMAN,2023-07-06 01:23:40,6,6,0,可爱的Michael啊，白白胖胖的，从不点名（可能是不会点名？）。去问他问题的话会非常详细地给你解答，完全没有一点professor的架子。挺好的挺好的。
178915,6604,MICHAEL SMIDMAN,2023-07-31 07:15:35,3,3,0,感觉Prof.Smidman是真的有在尝试让我们理解他讲的东西，学不懂物理是我自己的问题，老师真的很好
185112,6604,MICHAEL SMIDMAN,2023-12-26 10:26:36,-6,2,8,Michael的课真的不还=好，快跑
196501,6604,MICHAEL SMIDMAN,2024-07-04 00:22:13,2,3,1,smidman神中神，狠狠的捞
198717,6604,MICHAEL SMIDMAN,2024-09-11 06:00:32,0,0,0,感谢捞我不挂之恩
198752,6604,MICHAEL SMIDMAN,2024-09-11 10:23:18,2,2,0,asmr
217247,6604,MICHAEL SMIDMAN,2025-04-06 12:34:00,0,0,0,7分，上课会点名了，讲的还行吧，但是如果要学会，要么得会物理（至少要预先弄明白上课讲的那些概念），要么就得真正听的懂他在讲什么，（这要求真变态），人很好，我属于那种听不懂英文的，上了这么久课物理量单词倒是学挺多的，但是啊但是，问问题交流啥的就真的很搞了，每次都感觉词不达意，非常艰难
134612,6854,曹新伍,2021-04-06 01:34:05,15,19,4,很好的老师，讲课由浅入深，也很照顾同学们
147140,6854,曹新伍,2022-01-09 01:02:35,14,14,0,吹爆曹神\n\n课有趣事少给分高 都给我选！
147146,6854,曹新伍,2022-01-09 01:37:14,10,10,0,事少给分高
147225,6854,曹新伍,2022-01-09 07:37:08,7,7,0,老师人好，很照顾同学
147514,6854,曹新伍,2022-01-10 06:24:00,7,7,0,曹神！！！我的超人！！！
159618,6854,曹新伍,2022-08-22 07:57:49,3,3,0,挺好的，逻辑清晰
160227,6854,曹新伍,2022-09-15 11:09:39,2,2,0,真的很棒诶
161040,6854,曹新伍,2022-10-24 15:42:17,0,2,2,老师人帅心善，事少分高，想水课必选天文导论！
162276,6854,曹新伍,2022-11-19 02:08:02,0,1,1,建议没有高中物理基础的慎选，天文导论需要高中物理基础，作业需要自己上网查找一定资料
164026,6854,曹新伍,2022-12-17 10:36:19,0,1,1,都来上！
164027,6854,曹新伍,2022-12-17 10:37:23,0,0,0,都给我去上！！！\n\n曹神yyds
164123,6854,曹新伍,2022-12-18 08:40:37,3,3,0,是21年秋冬上的天体物理概论和天文学导论。作为一个对天体物理方向感兴趣的物理学院学生，我认为曹老师的课值得一听，天体物理概论和天文学导论讲的面都比较广，应用到的物理并不是太难。老师讲得也比较通俗易懂，作业难度也适中，期末的报告也可以自主选择。总之，老师的讲课逻辑还是很不错的，给分也十分好！强烈推荐选老师的课。
165901,6854,曹新伍,2023-01-10 09:26:10,5,5,0,上的天文学导论，老师很佛系从不点名，讲课也比较有趣，想水也可以想认真学也是能学到很多东西的
166331,6854,曹新伍,2023-01-12 03:29:39,0,0,0,老师人特别好，给分也很善良，期末报告没有写好，愧对老师
166418,6854,曹新伍,2023-01-12 08:21:23,0,0,0,从不点名，事少分高。如果愿意学，可以收获到很多；发现没有兴趣，只要完成基本课程要求，老师都不会为难。
166679,6854,曹新伍,2023-01-13 08:13:27,2,2,0,超级好……上课可以水，但认真听的话也真的能学到很多！给分也好，好感动……最后认真写了论文（虽然是文科生，怎样写得也很烂），也给了很好很好的分数。这学期最认真的课，也得到了很高的回报！
168629,6854,曹新伍,2023-02-20 11:50:15,5,5,0,上了曹老师的天文学导论，其实自己上课没认真听，但最后课程考核变成了课程报告，没有了考试，导致自己还成绩不错，曹老师上课专业认真，上课还可以听到某位天文学家写的音乐，hhh
174140,6854,曹新伍,2023-06-06 14:00:38,0,1,1,爱了爱了
183136,6854,曹新伍,2023-11-22 10:56:02,1,1,0,特别特别好
185336,6854,曹新伍,2023-12-28 03:40:41,2,3,1,想学的课程知识丰富，就想水一水的任务也不多。天文学导论实为不可多得的超好通识。
185811,6854,曹新伍,2024-01-04 13:57:27,1,1,0,真的快来选！！！！！！！！
186976,6854,曹新伍,2024-01-14 03:54:29,2,2,0,曹老师备课讲课真的认真。 天体物理概论是一门专业选修课，说实话我感觉听的同学不多。而我经常来教室，也不怎么听，因为实在是忙不过来，专业主课学习压力太大了。老师不管人多人少，都是投入全副精力，很认真的讲课。唉，可惜我对不起曹老师啊，没有认真学
190633,6854,曹新伍,2024-03-12 09:44:47,3,3,0,天文学导论算是通识神课了，事少分高课有趣，还不点名，没有期末考试。\n\n给我一个不选这个课的理由？
195184,6854,曹新伍,2024-06-27 05:51:03,-1,0,1,给分好，上课不点名，上课内容需要一定的物理基础，期末是一篇论文
210019,6854,曹新伍,2025-01-08 02:23:08,1,1,0,知识系统，授课细致，深入浅出，老师温文尔雅气质佳，符合文科生想象下的理想理科教授（）本人物理自高一之后再没学过，但听课+课后自学一点点体验很好（个人前提：已经大四其他专业课基本结束）
211497,6854,曹新伍,2025-01-11 17:34:19,0,0,0,天文学导论很好
123529,7785,KirchnerStefan,2020-06-09 11:57:40,9,10,1,上课放视频，听没听懂靠天收。
124974,7785,KirchnerStefan,2020-07-28 09:10:22,5,7,2,这个老师是三个老师中录音最不清楚的，一般话都听不懂，不知道这种课开来有什么意义
125921,7785,KirchnerStefan,2020-09-15 23:25:18,1,1,0,给个8分，试卷出太难了顶不住
126072,7785,KirchnerStefan,2020-09-17 05:41:08,3,4,1,给分还行，考试难
129392,7785,KirchnerStefan,2021-01-05 03:23:29,1,1,0,录像上课不好评价...能选中国老师还是别来吧
148999,7785,KirchnerStefan,2022-01-14 06:17:20,2,2,0,我不明白，这种课开出来给外系理科学生有啥用。。。完全是摧残数理基础而不是提升数理基础，还不如去上大物甲。
121756,7788,郑远,2020-01-21 13:50:20,30,32,2,hhhh，还没有人，那我第一个给老师评分吧，超级好！\n\n上的是物理学实验，相比于其他老师有三个优点。第一，实验讲解的时候会非常仔细的从原理与作用讲起，讲的非常仔细。第二，为人和善，风趣幽默。第三，超级有耐心，他的报告不是像垃圾一样丢在报告蓝，而是直接去办公室拿，去拿的时候会逐份给学生当面讲解报告中的不足指出，之前好多人一起去拿报告，老师给我们讲解了整整一个下午，一口水都没喝，完全都是义务劳动，真的超级感动。最后，实验报告给分还很好，无敌了。btw：王宙洋老师也是非常优秀的物理实验老师，但是查老师下还没有建立他的目录，在这里顺便吹一下
122495,7788,郑远,2020-03-02 11:44:50,8,8,0,郑老师10分没商量。做了一学年的物理实验，感觉郑老师堪称所有实验老师里最认真的老师，对于同学们的疑问总会耐心解答，真心好老师！
122562,7788,郑远,2020-03-04 05:54:51,6,6,0,物理实验最棒的老师！可以说没有之一！
126268,7788,郑远,2020-09-21 10:12:59,16,17,1,上学期上的物理实验I。\n\n从来没见过这么好的老师。\n\n然而物理实验是一门lj课程。
127249,7788,郑远,2020-11-17 05:01:17,5,6,1,实验中心难得的认真负责的好老师。
134638,7788,郑远,2021-04-07 06:55:54,6,6,0,老师非常的好，建议选他的课
135967,7788,郑远,2021-06-06 06:03:52,3,6,3,给分其实不如其他老师高？其实演示实验报告怎么写一直很迷
135976,7788,郑远,2021-06-07 08:28:09,5,5,0,郑远爸爸yyds
140687,7788,郑远,2021-09-15 06:10:15,7,7,0,神中神，世界第一普物实验指导，满分💯
141492,7788,郑远,2021-10-12 04:36:23,7,7,0,我爱这个男人
145351,7788,郑远,2021-12-29 07:05:25,11,11,0,真的是很好的老师
147677,7788,郑远,2022-01-10 12:12:24,6,6,0,普物实验II\n\n老师很认真地帮我们分析各种实验误差来源，找出了报告中的许多漏洞，认真听可以学到很多。虽然找出很多漏洞但最后给分仍然超级好
147955,7788,郑远,2022-01-11 08:15:00,6,7,1,老师好帅好温柔，科创项目给分非常好！！
149004,7788,郑远,2022-01-14 06:24:04,5,5,0,普物实验2，科创实验指导老师。感觉全程是老师带着我们走，很多时候感觉完成的并没能达到老师的期望，但老师依然非常耐心地与我们讨论，来指导我们的实验和分析，最后给分也不错，非常感谢郑老师。
151423,7788,郑远,2022-03-03 03:49:32,3,4,1,老师人超好的
153588,7788,郑远,2022-05-05 09:22:20,7,7,0,普物实验唯一值得的地方就是遇到了他！
160678,7788,郑远,2022-09-30 07:08:54,5,5,0,我遇见过的最好的老师，一步一步教你怎么做实验，给学生充足的时间，相对严格，但是保证你能学会。
165666,7788,郑远,2023-01-09 07:40:33,11,11,0,好老师，对学生和课程负责得难以想象。实验的要求可能高些，但提供的帮助真的是不能再多了，都快到手把手的程度了，甚至还一步步指导着我们写论文，最后没出什么成果给的分也好得离谱。他居然真的在尝试教我一个废物怎么做科研，而且是以幼教级别的事无巨细在教，我哭死😭😭😭总之选就完了
165751,7788,郑远,2023-01-09 13:37:33,4,4,0,好老师！
166778,7788,郑远,2023-01-13 14:32:49,6,6,0,好老师。从他每次和学生耐心沟通就能看出。
170388,7788,郑远,2023-03-03 11:43:12,5,5,0,匀强磁场下铁磁颗粒行为研究，真的棒，老师很好，指导认真
170977,7788,郑远,2023-03-13 15:20:06,10,10,0,男神
175444,7788,郑远,2023-06-25 02:48:16,-10,2,12,好？真的？
175700,7788,郑远,2023-06-26 08:37:27,2,2,0,大物丙，估计是第一年教，教学经验可能不足但是人超好!!!!!!!!!!!!!!!!!!!!!!!!!!!!!!!!!!天哪谁不选他我都会伤心！！！！！！！！！！！！！！！！！！！他超温柔人超好，还多次允许我补交作业，考前答疑非常耐心就算是很基础的问题也会很耐心的讲（追着你讲
175885,7788,郑远,2023-06-27 05:16:04,2,2,0,大爱zygg
176001,7788,郑远,2023-06-27 11:29:40,2,2,0,无敌好老师
176319,7788,郑远,2023-06-28 11:17:52,7,7,0,上的是老师的大物丙。第一次在cls上写评论。郑远老师真的是我在浙大的这一年遇到过的最认真最负责的老师了！！！虽然可能是第一次上理论课，还不太适应大物丙走马观花式的课程进度（批判一下课程设置），在某些地方总往讲深讲透去，但是老师认真的教学态度是非常非常值得给满分的。课后不仅会非常细心地补充证明一些结论，还会分享一些了解性的材料。对学生有求必应，无限温柔，几乎是追着你解答问题。大学需要这样严谨治学，体察学生的好老师。
177497,7788,郑远,2023-07-03 12:56:38,2,2,0,大爱郑老师！！！超级温柔的老师，简直是男神啊！！大物丙这个学期应该是第一次教学因此老师经验有些不足，但是同学问的所有问题他都会非常耐心地回答，哪怕是很基础的问题。老师工作真的非常非常认真负责，这是整个教学班公认的啊！能预置上郑老师的课真的太幸福了！！
177541,7788,郑远,2023-07-03 15:43:58,2,2,0,zy男神！！！！！爱死了
181528,7788,郑远,2023-10-21 06:42:39,1,1,0,唯一一个我说谢谢回我不客气的老师，超级温柔超级认真啊，我其实听不太懂后面看书自学了，但好喜欢这样的老师，不建议翘课因为会随机掉落小测，题目不难给分超赞！
181575,7788,郑远,2023-10-23 08:13:50,0,1,1,好！！！！！
182188,7788,郑远,2023-11-12 03:14:48,0,1,1,认真的好老师
184204,7788,郑远,2023-12-13 06:31:05,0,0,0,12345
194442,7788,郑远,2024-06-24 02:53:07,0,1,1,大物丙，老师真的很负责，钉钉上会和同学分享自己关于题目的一些思考
202890,7788,郑远,2024-11-15 04:18:35,2,2,0,真的帅(
206313,7788,郑远,2024-12-14 03:06:46,4,5,1,喜欢在钉钉上发流汗黄豆😅\n\n老师，下次能不能换个表情
208825,7788,郑远,2025-01-02 09:20:03,1,1,0,普物实验2，科创实验指导老师。感觉全程是老师带着我们走，很多时候感觉完成的并没能达到老师的期望，但老师依然非常耐心地与我们讨论，来指导我们的实验和分析。\n\n上面这句话来自查老师的评论，我也是因为这句话抢了郑老师的大实验。\n\n\n\n我们的实验是完全开荒的，所有东西都要重新做，全部重新买材料，全部重新啃文献，最后不算很多材料，花了五六万，做出来一个效果并不是怎么好的东西（但是有很大的空间改进），这个过程中我们好多次加班，好多次讨论（加班记录表上我们是最多的之一），很累但是很快乐。\n\n最后成绩，交给郑老师帮你舌战群儒吧，相信他，只要你好好弄，最终一定不会差！！！
209723,7788,郑远,2025-01-07 01:20:31,0,0,0,流汗黄豆那个，很可能是我大一时候上大物丙问他题目经常发这个把老师带偏了\n\n另外现在想起来其实也很怀念那时候上老师课的日子
210595,7788,郑远,2025-01-09 11:48:16,0,0,0,普物实验2，科创来说任务压力会比较大，需要一定量加班，但是给分挺好
215711,7788,郑远,2025-03-04 13:30:44,1,1,0,郑老师！真的超级好！\n\n创新实验是真的会努力帮你想这个题目怎么做，和你一起看文献、讨论什么的。有些实验中心老师就是完全放养类型的。\n\n感觉真的非常非常好，而且也非常非常有礼貌，非常非常关心学生！真的非常好！
122564,7794,LIM LIH KING,2020-03-04 06:01:36,5,9,4,上了老师一年普物，老师人很好，讲的也好。
126733,7794,LIM LIH KING,2020-10-16 09:25:02,6,7,1,声明：——此为本人2020春夏学期网课感受，并不能代表线下上课体会———\n\n   Kirchner Stefan的英语讲得没有Lim Lih King标准；\n\n   渡边元太郎的日式英语能讲得很好但有一点日本口音（？也许，比如他会把dimension读成dimen降）；\n\n   单从英语口语上来看，Lim Lih King 的英语教学最能让人听懂（录播尚且如此，那么线下上课想必也不会让人听不清楚）\n\n\n\n   这门全英文课，表面上是讲物理，实际上是讲物理和英语——首先，英语要听懂才有学习知识的可能，故大家一定要跟上啊，别掉队……\n\n   \n\n   至于期末考试分数和最终课程成绩，则可能跟助教以及普物课的中国老师有关————他们会捞你，即使你菜到听不懂大部分课（而且网课期间捞人力度简直离谱，像我这种这种自感挂科无疑的人竟然可以被捞成79分，真的跪谢LCZ和ZXY助教GGJJ以及其他中国老师了……）\n\n\n\n   总之，如果你只是因感兴趣想试试这门课，那么务必慎重……如果是大佬的话就随意咯\n\n   英语不好是硬伤啊WDNMD
136239,7794,LIM LIH KING,2021-06-13 10:00:35,6,6,0,好老师，讲课思路清晰还很有趣，会带轮胎到教室里演示角动量守恒。外教考卷会比较难，期中卷是四道纯英文的大题。另外最近的到课率有点感人，心疼llk🙏
137665,7794,LIM LIH KING,2021-07-05 13:58:10,2,5,3,2020-2021学年春夏普物（I），完全不会后悔选的老师，普物I的部分主要是牛顿力学（功和能量、力矩和角动量、刚体运动和转动）、振动和波、流体、狭义相对论、热力学，首先虽然三个外教老师的PPT似乎是基于类似的大纲和模板的，llk的PPT非常的干净扼要，而且注重推导过程，而不是单纯用公式；但是相比渡边来说，他的推导并不会很“硬”很数学（说的就是你微积分），而是富有物理味道，你如果看过费曼物理学讲义的话你就会发现llk是费曼小迷弟，真的很费曼很物理wwwww，总之会很舒服愉快\n\n值得吐槽的上课的是狭义相对论是初等方式推导的，实在比较绕，建议大家看费曼直接从洛伦兹变换开始会舒服很多\n\n最后值得提的一句是不要太害怕英语听不懂，llk口语还是很清楚的，听不懂的术语现场查或者根据上下文基本能推测出；当然如果你真的英语不行当我没说（
137771,7794,LIM LIH KING,2021-07-06 05:33:38,4,4,0,20-21春夏普物一\n\nllkyyds！他人真的超级好，PPT很干净很清爽。讲的超级好人也超级好！邮件问了他无数问题，他回复的比我问的长好多，都回复超级耐心而且回复邮件也好及时。昨天给他发了一个thank-you note 他回的比我发的还多！就超级感动啊啊啊啊
137936,7794,LIM LIH KING,2021-07-06 16:42:24,4,4,0,老师太好啦！很爱这样的温文尔雅的老师，虽然语言交流有障碍，但是感觉他很爱学生！llk我爱你！
139159,7794,LIM LIH KING,2021-07-13 04:38:02,0,1,1,他真的是一位很好的老师。他上课虽然用外语，但思路非常清晰。一般的外语水平就可以跟上课堂节奏！
139161,7794,LIM LIH KING,2021-07-13 05:03:48,7,7,0,推荐llk，但是值得注意的是，llk的捞人体现在分数占比调整上，而不是最后调分，有点求是?(\n\n每次作业大概5-6题，就算是错一点对最后平时作业成绩影响都有蛮大的\n\n20届不少人亏在这上面，有几位大佬小测和期末都是90多，作业80多，结果没有满（\n\n小心作业，小心作业，小心作业，不会很难，但是必须认真做
139164,7794,LIM LIH KING,2021-07-13 05:30:32,4,4,0,推荐llk！\n\n老师的英语口语应该是普物几个外教里面好的了，只要认真听大部分还是能听懂。比较幽默，上角动量时会拿个轮子过来转，还经常丢电池（）。\n\n需要注意的是，他期末考试只占40％，作业+小测+期中占60%。作业和小测虽然不难，但一定要认真做，占分很高。外教卷子虽然比较难，但不用太担心，老师会捞一捞。平时分要搞高一点，有很多人栽在这上面。
139786,7794,LIM LIH KING,2021-07-26 10:30:44,2,2,0,很尽力地在让我们能听懂课程。\n\n认真听课，一定认真听，别走神
141036,7794,LIM LIH KING,2021-09-22 05:13:12,2,2,0,他是一位很好的老师。他的上课思路十分清晰。只要外语水平不是很差，都可以跟上他的节奏。
168478,7794,LIM LIH KING,2023-02-18 05:18:39,11,12,1,dadadadadadadadadadadadadadadadadadadadadadadadadadadadadadadadadadadadadadadadadadadadadadadadadadadadadadadadada\n\n上网课听到这个把我人都整清醒了[ac01]
169660,7794,LIM LIH KING,2023-02-27 09:35:00,9,10,1,给分差
169663,7794,LIM LIH KING,2023-02-27 09:42:41,10,10,0,感觉普物二给分不是特别好
169669,7794,LIM LIH KING,2023-02-27 10:20:50,6,7,1,给分是真的差，不愧是你啊666
169718,7794,LIM LIH KING,2023-02-27 13:42:52,9,11,2,不是竺院的，由于一些原因不能选大物，不想以后修就斗胆选了曹超和llk的GP2。期末好好听了万歆的智云，感觉最后考得还不错，大概90，然后背绩杀了，真求是啊啊啊啊，好低啊啊啊啊，可能期中考太差了。没挂就好，学了也不亏，多折磨折磨就看淡了。
169721,7794,LIM LIH KING,2023-02-27 13:47:24,9,9,0,H课给分也这么烂吗。。这已经比其他班平均分低好多了吧，给分是真的差。。。。。
169724,7794,LIM LIH KING,2023-02-27 13:58:12,11,12,1,给分真的是…真就一点不捞，身边同学大堆卡绩\n\n100%点名，带2个教学班，第二个教学班网课永远是放上个班的上课视频（甚至不能保证画面/声音正常）
169731,7794,LIM LIH KING,2023-02-27 14:33:06,5,5,0,给分很不好，每节课点名
170208,7794,LIM LIH KING,2023-03-02 03:51:32,2,4,2,听课体验上拉拉裤英语口语很不错，就是给分太求是，连带H的4分大课程也不调分，一板一眼按着成绩计算总评，所以查老师上怨气冲天也合理；不过普物I 2.4的学术垃圾这学期捞到了3.6，我已经很满足了
170227,7794,LIM LIH KING,2023-03-02 05:31:10,0,2,2,英文授课，口音纯正，听起来非常享受。虽然上学期最后一个月因为疫情线上了，但是总体来说讲得非常好，人也非常好，会在群里提醒大家准备考试。
174151,7794,LIM LIH KING,2023-06-06 16:04:04,3,7,4,英语确实很难听懂。但是好在出卷简单。我觉得他出的卷子很注重课堂上讲过的物理推导，而不像别的班那样比较注重花里胡哨的应用，个人感觉这样才是真正的物理？（轻喷。只要认真搞懂了PPT，适当做一做课后习题，可以考到自己满意的分数。我也不是大佬，期中没时间复习考了70，期末按照自己的理解都写满了（我确定自己都是会写的），不知道最终成绩多少，平时作业对着标准答案写争取不丢平时分，最后3.9。说实话挺喜欢CC和LLK的，十分献上。
186009,7794,LIM LIH KING,2024-01-07 13:36:42,0,2,2,给分依托
186549,7794,LIM LIH KING,2024-01-11 15:34:46,4,6,2,Sleep a lot， rest a lot， that's the most important thing. \n\nA nice teacher!
192571,7794,LIM LIH KING,2024-05-24 03:34:55,2,2,0,llk老师真的很好，上课循序渐进而且很仔细，其实感觉老师挺想互动的但是大家好像都不是很积极。课后问问题也会特别及时地回答。知道我们是学生物的，还带了一本和生物物理学相关的书，感觉真的有在认真备课。期末结束以后发邮件求推荐量子相关的书，llk回了一大段，特别详细特别好。最后的期末考试比较重视上课推导，认真听的话基本上没有问题，最后给分普物II比I进步了一些，推荐大家尝试认真听一下llk的课，真的会有一些不一样的收获！
214079,7794,LIM LIH KING,2025-01-23 12:20:37,0,0,0,以我自己的绩点来看，给分完全没有达到【很好】的程度，而且建议大家如果不是物竞选手，尽量还是不要选cc/llk的普物二（H）了，，一个学期要学电磁学，光学，原子物理，量子力学，而且你还不能是只搞懂概念，你还得会做题，直接就是达到了物理学专业一个学年好几门课叠加的难度；再加上英文出卷，期末考试的监考老师不是授课老师，单词没法问，字典查不出，更是难受至极。总之就是快跑啊！！
126199,7817,潘伯良,2020-09-19 08:51:11,-1,1,2,还行吧
135920,7817,潘伯良,2021-06-03 07:04:24,2,2,0,给分超棒！！！
154064,7817,潘伯良,2022-05-22 02:32:01,0,1,1,普物实验1给分真的超好，这学期选了5个潘老师实验，目前做了3个，分数都在96分以上……
165295,7817,潘伯良,2022-12-31 07:00:31,2,2,0,傻逼一个
207602,7817,潘伯良,2024-12-23 08:23:31,0,0,0,大物实验给分挺不错的
126578,7819,王宙洋,2020-10-03 07:27:06,0,2,2,给分还不错，也还比较负责，但是要写感想，有点无聊
145352,7819,王宙洋,2021-12-29 07:06:35,4,7,3,很好的老师
145517,7819,王宙洋,2021-12-30 06:33:47,4,6,2,老师很热情
152857,7819,王宙洋,2022-04-21 01:36:49,1,2,1,老师很亲切很nice
153618,7819,王宙洋,2022-05-06 05:56:45,1,2,1,非常好
160537,7819,王宙洋,2022-09-26 06:38:33,0,1,1,很耐心
160909,7819,王宙洋,2022-10-19 06:07:07,0,1,1,好棒的老师吖
162562,7819,王宙洋,2022-11-25 10:04:14,0,1,1,给分很好
164980,7819,王宙洋,2022-12-28 07:44:26,0,0,0,超亲切，回答问题特别耐心。我最后一个走就一直等在门口；excel的表格导出标准差我怎么找都找不到，钉钉上花那么长时间问他我都不好意思了，他还是截图给我问加载项开了没有。呜呜呜可恶，我好爱他
165071,7819,王宙洋,2022-12-29 03:51:41,2,2,0,老师非常好，十分有耐心，爱了爱了！！！！！！
165374,7819,王宙洋,2023-01-03 13:12:20,5,5,0,是很不错的大物实验老师了，上课讲的比较清楚，给分很不错，人也挺好，推荐选他的实验。（但是大物实验这门课就是依托答辩）
165381,7819,王宙洋,2023-01-04 02:40:44,9,10,1,你在禁言啥呢？\n\n？？？？？？？？？？？
165387,7819,王宙洋,2023-01-04 03:44:45,1,1,0,123
165388,7819,王宙洋,2023-01-04 03:52:02,7,8,1,代表物理实验教务组的根本利益，镇压一切反动势力
165389,7819,王宙洋,2023-01-04 07:43:52,4,4,0,你说你🐴呢？大雾实验？答辩实验！\n\n为了不让我们浪费时间，他真的，我哭死
165450,7819,王宙洋,2023-01-06 07:40:44,5,6,1,nmsl
171475,7819,王宙洋,2023-03-25 13:05:59,1,1,0,虽然后来退课了，但是对我在钉钉上的问题（不论是群里还是私聊）都算得上秒回，对一个老师来说我认为这也可以说是负责任的一部分吧。最后没有上到王老师的课，虽然还是比较期待的。
172394,7819,王宙洋,2023-04-26 04:09:31,2,2,0,大雾实验选了他的实验！很耐心很gentle的感觉！
173998,7819,王宙洋,2023-06-05 13:32:06,1,1,0,大物实验课程组里面为数不多的不错的老师，会耐心地在钉钉上解答疑惑，珍惜
192590,7819,王宙洋,2024-05-24 10:01:24,3,3,0,人是会变的，慕评分之名而来，抱88-而去
222040,7844,ZHIWEI MA,2025-06-29 06:55:06,1,1,0,虽然上课很一般，ppt很简陋(光看ppt复习根本没有头绪），但是老师给分真的很好，期中期末考试卷也出的比较简单，他甚至因为期中九十分以上太少把期末考的难度又降了很多，超简单，我感觉我期中期末也就八十出头，最后出分4.5\n\n说实话上课你不听，考前多盯一下ppt硬生生把ppt看懂最后也能考高分\n\n而且mzw老师不会摆架子，你问问题都是很热情的回答的\n\n点名形式很特殊，是用当堂题目来点名的
155714,7856,GENTARO WATANABE,2022-06-15 10:16:59,14,18,4,渡边老师我来了捏
188609,7856,GENTARO WATANABE,2024-01-19 11:21:10,2,3,1,讲课认真但日式英语口音重，喜欢课上开小测（但是一周之后才关），人很好会耐心解答疑问
189578,7856,GENTARO WATANABE,2024-01-25 12:35:50,2,2,0,很负责的老师，第一次在老师身上看到了真正的循循善诱，会有小测（蛮多的），似乎是不记分数，just for practice
196270,7856,GENTARO WATANABE,2024-07-02 17:36:18,0,0,0,老师平时很和善，但日式英语很难懂，上课内容基本全靠看ppt自学。之前听说渡边老师给分很好，现在出分了，感觉跟没加平时分一样。对物理门外汉来说，给分非常不好，绩杀。打5分，一般，这5分都是打给老师本人的和蔼与善良，给分很差。怕影响绩点的慎选。
197692,7856,GENTARO WATANABE,2024-07-30 12:32:58,0,1,1,真服了，呵呵。老师人还不错，态度也好。但我实在无法理解，期中期末考试，奇低无比的卷面分，为什么在mzw班能拿90多，4往上。而一个堪称漂亮的卷面成绩，在这几个所谓“外教班”体系里面只能拿3.几甚至2.几。太可笑了，绩杀老师，恨死你了，一点情分都没了。
221618,7856,GENTARO WATANABE,2025-06-25 02:55:37,0,0,0,查老师会删评论吗？？
215905,7865,GUO YONG FU,2025-03-07 02:45:30,1,2,1,老师不叫郭永福，叫做傅国勇哈~
137182,7886,康熙,2021-07-02 03:23:15,21,26,5,赶在出分前写个首评。\n\n这学期的星系天文学课程是康老师在浙大开设的第一门课程。星系天文学在不同学校都会有不同的讲法，康老师的这门课是从天文学基础知识开始，逐步拓展视野，讨论宇宙中的各种大尺度结构，也涉及了相当一部分的宇宙学知识——总之内容非常丰富，深度和难度也是远超通识类的天文课程。\n\n康老师讲课风趣幽默，人也非常nice，还有就是名字格外霸气～\n\n课程任务包括平时作业和一次文献阅读（报告和展示），没有期末考试。
140187,7886,康熙,2021-09-03 12:24:03,9,15,6,康熙老师开的第一门课，不得不说，大佬就是大佬，水平非常可以\n\n最重要的是，康老师上课非常幽默轻松，让你在不知不觉中掌握了知识\n\n另外，没有考试，而是采取了期末报告的形式，鄙人认为这样才能让学生真正掌握知识，而不是单纯死记硬背应付考试
140482,7886,康熙,2021-09-13 03:29:30,4,5,1,好！
152765,7886,康熙,2022-04-19 10:59:33,10,10,0,讲课风格轻松幽默 专业知识过硬
155892,7886,康熙,2022-06-16 13:03:23,9,9,0,康老师真的很优秀，上课不是死气沉沉，能够调动学生的积极性，真的很好！同时，康老师有自己的一套授课方法，科普课程有很广的知识面，也会跟我们分享天文新闻，讲故事，妙趣丛生。这种老师不打10分良心不会痛吗！
155918,7886,康熙,2022-06-16 14:07:00,1,1,0,上课有趣，给分也不错
155920,7886,康熙,2022-06-16 14:14:23,5,5,0,好老师 “我不是一个天文学爱好者”哈哈哈哈 经常在课件中加表情包 老师很幽默 助教也很好
155942,7886,康熙,2022-06-16 15:55:55,4,4,0,康熙老师我的超人！超级可爱！天文学导论，深入浅出，对文科生挺友好的（？）
155996,7886,康熙,2022-06-17 04:39:01,6,6,0,以后见到人就推荐这门课
156010,7886,康熙,2022-06-17 05:51:03,7,7,0,康熙老师人真的很nice，而且履历真的好牛\n\n强推天文学导论，如果喜欢天文学但是又不知道怎么入门，这是很好的通识课，讲得非常细致，助教人也很好每次问问题都秒回，最后给分也很不错
156017,7886,康熙,2022-06-17 06:42:00,3,3,0,很好。
156100,7886,康熙,2022-06-17 14:06:54,5,7,2,康熙老师真的很幽默风趣，讲课特别有意思，很多乍一看复杂的公式和概念都能讲得简单易懂，虽然作业题有点难度，但是听过课一般都能写出来，助教也随时欢迎我们提问，最后会有一堂复习课，考试也不算难，复习半个下午够了。\n\n虽然都说这门课硬核，但天文学导论是我体育课之外第一门满绩，也是我觉得学到了知识、收获颇丰的第一门通识课，不像之前很多为了水学分而上的课，而是真正能够领略到天文学的魅力、了解基本天文学知识的课。实话说一开始的兴趣点主要在老师的名字真的很有意思（？），快结课的时候感叹过有幸上过这些老师的课，也算是我平庸的大学生活里一些不平凡的经历，总之感谢老师和助教一个学期以来的付出，也想感谢我自己的认真。
156450,7886,康熙,2022-06-19 18:53:44,6,8,2,考试之前：woc完蛋我啥都不会啊什么都没记住。虽然老师都好牛好牛，讲的也还好，但不妨碍我没有听进去\n\n考试之后：我就知道会考这些但是看了也记不住啊瞎写了属于是\n\n出分之后：天啦噜天文学给分真的好好，我以后一定逢人就推
158167,7886,康熙,2022-06-27 08:50:52,4,5,1,天文学导论yyds！真的学到了超级多！虽然康熙老师讲的比刘老师量大一点，但是很多知识点刘老师也讲到过，所以接受起来也不算困难。虽然考试闭卷，但只要上课认真听，作业认真写，考前把知识点稍微过一下，考试一点问题都没有～作为一个纯小白上了一学期后也拿到了很不错的分数，如果对天文学感兴趣一定要试试！
164909,7886,康熙,2022-12-27 12:44:07,8,8,0,已经开始期待了，康熙大帝
171255,7886,康熙,2023-03-20 06:46:34,3,3,0,讲课清晰风趣而不失科学性，激起我对天体物理的兴趣
171256,7886,康熙,2023-03-20 06:47:34,3,3,0,非常非常认真负责有趣的好老师，讲课深入浅出，富有专业性，作为导师也非常负责，很有学术视野，对本科生的科研培养也都非常上心
171258,7886,康熙,2023-03-20 06:48:46,3,3,0,科研水平高\n\n对待学生好\n\n上课教得棒\n\n我爱康老师❤️
171259,7886,康熙,2023-03-20 06:49:03,3,3,0,康熙爸爸
173863,7886,康熙,2023-06-04 02:28:21,1,1,0,好老师，幽默且认真
174682,7886,康熙,2023-06-15 13:28:02,3,3,0,好老师！！！康熙大帝，他真的，我哭死！！！！
174683,7886,康熙,2023-06-15 13:31:15,6,6,0,康熙老师学术水平非常高，是天文学的大牛，但是一点架子没有，每天看起来乐呵呵的。老师讲课很认真，而且讲的也很好，不过星系天文学本身内容多难度大，真的想学好需要扎实的基本功和课外花时间。没有考试，每周一次作业，最后一次文献阅读。所以为啥大帝没有十分？
176959,7886,康熙,2023-07-01 01:22:29,7,7,0,我系少有的极有个人魅力的中年教师
177980,7886,康熙,2023-07-06 02:48:54,2,3,1,给分好，点名前老师通知，无考试，只有一个大作业（报告）
178110,7886,康熙,2023-07-07 03:10:07,5,6,1,上课内容很硬核很充实，但是没有考试，每次课后的作业量很少，都是一两道题，甚至还有观星活动，你还在等什么？
178146,7886,康熙,2023-07-07 07:26:00,2,2,0,老师风趣幽默，上课能学到很多知识，点名会提前通知，扛起康熙大帝大旗！
178279,7886,康熙,2023-07-09 09:25:01,5,7,2,康熙老师讲课深入浅出，对天文学有兴趣的同学可以冲，比较不错，其他也可以试试看自己对天文有没有兴趣。我这门课拿了通识最低绩点3.6，但是我很感谢老师，因为占比40%的期末大作业我不知道是因为学在浙大吞了还是我的失误没有提交成功，最后截止学在浙大也没有提醒我。但是出分后我联系老师，老师居然愿意给我期末改成60分。这门通识课证实了我确实没有天文方面的兴趣，可能是单纯的喜欢科幻。60分的期末是仁慈也是教育，或许这才是我学到的最有价值的东西，再次谢谢康熙老师。
178995,7886,康熙,2023-08-16 03:55:10,5,5,0,康熙老师的前室友陈寿元老师有点意思！
190849,7886,康熙,2024-03-21 11:57:39,7,7,0,康熙：夜观天象我觉得特别玄乎，还把皇帝说的一愣一愣的，反正我是不信的，如果我是皇帝，呵！
197024,7886,康熙,2024-07-18 06:40:54,3,5,2,助教cxy发朵朵上十大，希望大家理性沟通，结果钉钉消息根本不读，是又换号跑路了吗，真难评
197028,7886,康熙,2024-07-06 22:22:43,1,2,1,kx老师人很好，总是对你笑呵呵的，很慈祥的。\n\n给分方面kx老师的星系天文学和天文学导论都上过，给分都不错，4.8。我也不是物理学专业的，上课也不太听得进去，都是课后做作业补ppt学，平常作业多问问助教或者讨论一下保证了一下正确率。\n\nkx老师的助教也发朵朵上了十大了，说老师让他按教务处优秀率的上限给分。总体给分的方面应该不差吧。
197145,7886,康熙,2024-07-08 06:29:07,3,6,3,这学期的天文学导论，供大家参考：\n\n十次小作业+一篇两千字论文（不硬核，科普向）+两次点到\n\n内容比较硬核，物理公式很多，文科生慎选\n\n少用gpt，不然像我一样，作业一次不落签到都到了的情况下绩点2.1
127559,7889,杨李林,2020-11-24 10:43:23,26,28,2,这才是世界一流大学的教学水平
128681,7889,杨李林,2020-12-25 04:03:16,9,9,0,还没结课呢，先评个分。另一位老师量力讲得怎么样不知道，杨老师是真的强。
130501,7889,杨李林,2021-01-23 06:06:06,17,17,0,从北大来的，20-21的量子力学除了WKB近似整本griffiths都飙完了，讲得很有水平，考试要抓重点，
130927,7889,杨李林,2021-01-25 09:05:38,7,7,0,没有上过他的课，不过从他出的题可以看出是一位很有水平的老师
131387,7889,杨李林,2021-01-27 10:00:41,9,9,0,讲课很好！作业不多，难度适中，但是极具代表性。考试题目和作业难度差不多，好好做作业的话考试不会有问题的。
132975,7889,杨李林,2021-02-05 16:29:29,5,6,1,讲课水平高，进度很合适，布置的作业题虽然少，但是好好做的话会很有收获，可以起到练习的效果。考试难度正常，与作业差不多，重点是格里菲斯1234章，还有5.1节、第六章与第九章最基础的内容，考前大可不必慌张。
138393,7889,杨李林,2021-07-09 01:35:35,4,4,0,真的很厉害
141425,7889,杨李林,2021-10-08 03:03:41,1,1,0,截止现在听得非常舒服
141512,7889,杨李林,2021-10-12 16:40:10,2,2,0,本人是做高能物理的，很有水平的一位老师，而且从上课过程来看，备课很用心.
141883,7889,杨李林,2021-10-29 14:00:07,3,4,1,我愿称之为录播友好型老师，水平很高，从不点名，板书清楚，说话清晰，本录播党眼泪都要掉下来了，要是作业改成线上交就更好了哈哈
145755,7889,杨李林,2022-01-01 12:01:16,3,3,0,看回放有感：讲课水平是真的厉害啊
148858,7889,杨李林,2022-01-13 18:41:16,3,3,0,杨老师讲的实在是太好了，只要认真听，作业认真做，就肯定能学懂，不过量子力学期末好像有点难（也许是我太菜哈哈），能明显看到杨老师开始教咱们量力后后期末试卷风格的转变。还有就是，老师还挺懂梗的，一次课上，竟然说了“大意了，没有闪”，还挺有趣的哈哈。
148954,7889,杨李林,2022-01-14 04:24:02,2,2,0,讲的好！猜测杨老师也经常上B站。还有喜欢ppt风格，要是理工科老师做ppt都这样就好了（虽然一学期只用两次ppt...讲课都是板书）
163670,7889,杨李林,2022-12-16 02:28:38,2,2,0,一流的讲课水平
164630,7889,杨李林,2022-12-22 10:04:19,3,3,0,他是我的神
170125,7889,杨李林,2023-03-01 12:01:18,4,5,1,目前为止上过的体验最好的物理课程。\n\n杨老师简明干练的讲解配合上格里菲斯的教材可以让认真想学的学生顺畅的入门量子力学。\n\n不多说好吧，yll永远的神！
170167,7889,杨李林,2023-03-02 00:02:42,4,4,0,非常喜欢的老师，学术水平很高，讲课清楚明白，我每节课都会坐在第一排，极大激发了我对量子力学的兴趣
188726,7889,杨李林,2024-01-19 17:10:09,9,9,0,yll老师的量子力学和yy老师的电动力学是我目前为止上过的最好的两门专业课；希望物理学院其他课都能像他们看齐
190264,7889,杨李林,2024-02-27 00:20:48,3,3,0,神\n\n给外专业同学：学过工科pde就可以修量子力学了，无需电动力学，理论力学哈密顿量稍微了解一下即可
193670,7889,杨李林,2024-06-15 03:13:52,7,7,0,杨老师以前在北大教规范场论诶，什么时候能在你浙也开起来啊qwq
205291,7889,杨李林,2024-12-04 03:05:50,1,1,0,本人物理专业大三，目前碰到过的最好的专业课老师
207547,7889,杨李林,2024-12-23 03:49:17,1,1,0,他简直是个超人
212636,7889,杨李林,2025-01-14 10:16:50,2,2,0,【推荐修读】感谢杨老师一学期的教学~~\n\n\n\n首先进行大致介绍：\n\n授课形式：口述+手写板书。清晰易懂，便于抄笔记与跟上授课节奏。\n\n点名情况：未点名，智云友好。\n\n作业情况：作业量没有很大，但肯定需要花时间认真完成，老师和助教会给出参考答案。个人认为（熟练）掌握作业题对学习与考试均有帮助。\n\n考试情况：考试题量较大（24秋冬），难度与作业题相近。\n\n给分情况：认真学习，能够获得较好的成绩。不要奢望很捞不费力拿高分，但也不要太担心认真学习并且掌握知识后还是分数很低。\n\n\n\n以下部分略夹带私活：\n\n老师授课风格：老师自身实力过硬，备课认真，讲解通俗易懂且幽默风趣（上课和讲义上都会有一些好玩的小梗）。关心同学课程学习情况，答疑耐心，如果上课内容没听明白可以大胆提问，老师有时甚至会热情地再帮你梳理一部分知识点。\n\n学习感受：本人为非物理系学生，上课整体感觉知识量确实比较大，并且难度也不小，但认真学习后受益匪浅，并且学习过程除了紧张之外也有轻松愉快，推荐大家修读杨老师的课程。对于其他专业想要辅修物理课程的同学，个人觉得提前修读数理方法和了解一些电动力学会减轻一些负担，但是没有学习也并无大碍，老师会详细地讲解一些需要用到的公式定理，课下也可以自己多花时间补一下。\n\n小小建议：既然做成了类似测评的形式，那建议还是要憋出来一些的QAQ。个人认为课程前期难度略低，但后期难度和内容都略多，考虑到学习难度应该循序渐进，这样的设计确实很合理，或许可以稍微调整一下前后期的授课时长~~
213209,7889,杨李林,2025-01-16 10:34:58,1,1,0,杨神你就是我的神😭杨神伟大无需多言
152855,7984,石锐,2022-04-21 00:10:41,2,2,0,还不错
152871,7984,石锐,2022-04-21 05:47:07,8,9,1,电磁学方明虎老师上了半学期，下班学期石锐老师上。可能是第一年吧，感觉还挺温柔的，知识点和思路讲得很清晰，可能少了点虎哥的风味，但是还是很不错滴。
160436,7984,石锐,2022-09-22 07:24:38,6,7,1,可以说是一个非常温柔的老师了，难度也很适中，下课问问题也会非常详细地回答（甚至本人还和石老师聊起他在东大时候做地课题）。上课非常详细，对基础不是很好地同学非常友好
175872,7984,石锐,2023-06-27 04:27:01,5,5,0,好老师，上课温柔耐心
175948,7984,石锐,2023-06-27 08:27:22,4,4,0,还可以，没有虎哥这么热情，但也不错
176012,7984,石锐,2023-06-27 12:14:04,3,3,0,给分很好
177542,7984,石锐,2023-07-03 15:48:57,3,3,0,电磁学的老师，很好
189235,7984,石锐,2024-01-22 13:34:07,10,11,1,爱死，很好的绅士老师，热统还没出分，希望给分好一点，石锐哥哥
190514,7984,石锐,2024-03-06 13:16:32,1,1,0,石老师应该是快四十岁了，看起来跟三十岁左右一样很年轻。对学生很耐心，去问问题有一种循循善诱的感觉（？）上课讲的也很慢，只要跟着老师的步子应该能听懂的，不像物院有的老师讲的飞快。
199396,7984,石锐,2024-09-23 01:32:28,5,5,0,作为石老师的前本科毕设学生（现在人在国外了但还在远程合作）来答一波：必须满分！石老师讲解知识非常清晰且逻辑性强，一开始菜的时候问各种现在看起来很傻的问题也总是耐心解答，做科研的时候愿意教一些非常细节的东西，比如某个代码怎么用、要算某个东西的具体实现方法、去看哪篇论文的哪张图等等。石老师的学术水平相当高，指导学生的时候也可以感受出他做事总是会为学生考虑，从各方面来看都是个宝藏老师！一个个人体验是石老师给我提供了至今为止最快乐的一段科研经历
213911,7984,石锐,2025-01-21 08:27:18,0,2,2,老师讲课很详细很耐心，但是上的有点慢了，今年课时又少，非平衡和涨落定理都没讲到，不过给分很好的，虽然我该拿的分都没拿到😭再给我一次机会我会好好珍惜热统
141433,7988,杨兆举,2021-10-08 17:21:03,6,15,9,上课念PPT
150886,7988,杨兆举,2022-02-20 16:06:07,7,11,4,事少分高！
151225,7988,杨兆举,2022-02-25 03:28:40,2,5,3,先给满分，再听课。
152254,7988,杨兆举,2022-03-31 11:21:45,3,6,3,他第一次上力学，感觉没有老教师那种信手拈来。不过还可以，给满分了
155053,7988,杨兆举,2022-06-08 02:52:04,1,6,5,人很nice！
155173,7988,杨兆举,2022-06-09 05:11:22,1,6,5,PPT非常有用
155732,7988,杨兆举,2022-06-15 11:44:46,0,5,5,好好好
156883,7988,杨兆举,2022-06-21 09:10:11,5,10,5,老师人很好很随和。（期末出分真快啊）希望老师平时分给好点求求了QAQ
157023,7988,杨兆举,2022-06-21 15:22:58,16,18,2,期末考试题目120分，总分不超过100分   大赞！
160003,7988,杨兆举,2022-09-11 12:00:46,0,5,5,好老师，强烈推荐，用心教，关键是给分好
160950,7988,杨兆举,2022-10-20 15:12:33,0,2,2,棒！！
164451,7988,杨兆举,2022-12-21 04:50:21,0,4,4,给分很好，拿来当个性了，满了
172577,7988,杨兆举,2023-04-30 13:57:57,8,17,9,力学课讲的有点抽象，纯写板书没有ppt而且字有点草。上课很多时间是讲经典题目，但是写的很多符号不说明是什么物理量，而且讲得飞快，很容易听不懂。听他的课有点痛苦，我听了两三节课后决定自学（在这里建议大家看书不要看赵凯华的，买本北大舒幼生或者中科大的力学与理论力学自学）。但是老师人很随和，也算是认真备课，作业不多而且给分很好，期中期末都是总分120，最高100分。决定给杨老师10分
176132,7988,杨兆举,2023-06-28 02:17:43,0,12,12,素质很差，表里不一
177030,7988,杨兆举,2023-07-01 07:45:48,2,5,3,老师真的是事少分高，极力推荐！
177031,7988,杨兆举,2023-07-01 07:55:22,0,2,2,绝了 这给分！
177863,7988,杨兆举,2023-07-05 06:27:45,-4,10,14,非常势利
178044,7988,杨兆举,2023-07-07 01:39:34,-2,4,6,ma送礼不成也不要在这骂老师呀
178946,7988,杨兆举,2023-08-03 14:07:05,0,12,12,上课稀烂，没有课件，没有教材。用的是自己准备的教案，但是不给学生看，只顾自己写板书，速度还很快，水平一般的同学很容易跟不上
186458,7988,杨兆举,2024-01-11 07:44:17,2,7,5,讲的非常清楚，上课也不无聊，更何况给分很好！
208888,7988,杨兆举,2025-01-03 06:02:49,1,3,2,感觉完全没物理竞赛基础的话力学课是比较硬的，老师讲得挺清晰的，但还是有点快快的难难的\n\n但期末考他说的必考题是真的会考，很多作业原题＋相似的题，而且总分120最高不超过100，相当于是多了20分附加题\n\n平时老师也挺关心同学们的，总体挺好！
211539,7988,杨兆举,2025-01-12 01:34:42,0,1,1,老师很好，选就完了
211593,7988,杨兆举,2025-01-12 03:31:44,1,1,0,给分很好，爱了爱了
211809,7988,杨兆举,2025-01-12 14:02:38,0,0,0,给分炒鸡好 爱了爱了
214558,7988,杨兆举,2025-02-13 03:31:56,0,0,0,点名少 偶尔想起来了点一下名\n\n作业正常交 上课到 基本平时分给满 给分超好\n\n正常学 把课件多看看 多思考物理本质\n\n期末考满分120 多的20分送你的 很容易拿高分\n\n5.0圆梦回来打个高分😋😋
214743,7988,杨兆举,2025-02-17 08:00:20,0,0,0,给分超好
178839,8021,郑丽玲,2023-07-25 00:37:28,1,2,1,说真的，这人不配！素质低，毫无任何价值
142894,8039,宋宇,2021-11-17 06:38:25,-2,3,5,jb。
144200,8039,宋宇,2021-12-20 08:59:29,0,2,2,狗都不选
144924,8039,宋宇,2021-12-26 03:15:13,10,12,2,老师讲课水平一般，全靠自学，虽然长得帅
147144,8039,宋宇,2022-01-09 01:29:34,-3,1,4,长得真的好帅\n\n学就自己学嘛 反正都一样
148398,8039,宋宇,2022-01-12 10:44:31,-10,2,12,老师给分真的超级好
154887,8039,宋宇,2022-06-06 12:53:02,1,1,0,不如自学
157554,8039,宋宇,2022-06-23 16:56:09,1,1,0,快跑！
160570,8039,宋宇,2022-09-27 07:35:52,3,3,0,到了期末还会倒扣你平时分的老师还是头一次见
168893,8039,宋宇,2023-02-23 08:49:00,-4,2,6,讲课清晰不过音调有些平可能有点催眠\n\n超级负责 给分也很好\n\n还会整理期中期末复习题，专门有一节课来讲，帮助大家复习巩固\n\n真心觉得宋老师完全大于查老师上的评分\n\n大家可以选他！
168959,8039,宋宇,2023-02-23 18:04:54,1,1,0,平时分给的很低 也不公示……
169249,8039,宋宇,2023-02-25 03:48:53,1,1,0,老师平时分应该是一点不捞的，甚至应该是为了正态倒扣，上课也没意思
169296,8039,宋宇,2023-02-25 09:28:04,1,1,0,倒扣平时分，直接降两档，不多评价
198238,8039,宋宇,2024-09-05 15:13:39,2,2,0,莫名其妙没课了，难绷
152418,8106,陈海,2022-04-10 07:55:27,6,6,0,老师讲得还是很认真的\n\n但是作业太多了吧
152510,8106,陈海,2022-04-13 16:06:03,5,5,0,计算物理课，老师的课件超详细！一章内容100页latex…希望期末考试别太难…
152602,8106,陈海,2022-04-15 13:18:55,7,7,0,Before I came here I was confused about this subject. Having listened to your lecture I am still confused. But on a different level. 老师用心了
153287,8106,陈海,2022-04-27 13:12:29,3,3,0,感谢老师几乎每次都秒回我的问题帮我debug，两学时的课学到了四五学时的内容/(ㄒoㄒ)/~~
153290,8106,陈海,2022-04-27 14:45:27,13,13,0,出分来评一波（老师给分还是很好的～\n\n今年计算物理课换陈老师上了 课程难度也确实上去了\n\n老师的课件超级详细用心 一个专题会介绍很多种算法\n\n确实能学到很多很多 并且老师也有意识地把前沿的东西分享给我们\n\n作业的确不太轻松 不过个人觉得这有一半原因是培养方案的设置不合理（既然要用python那为何大一的时候预置C语言 小学期还要学汇编嘞\n\n语法不太熟悉就比较耗时\n\n最后考试相比平时还是轻松不少的（不过还是希望老师考前划下重点啊 毕竟课件太详细了
153313,8106,陈海,2022-04-28 01:57:50,3,3,0,作业有点多，不过课程内容比较详细有趣。给分也挺好。\n\n老师人挺好的，钉钉上问问题秒回：）
153318,8106,陈海,2022-04-28 02:58:23,1,1,0,出分了，谢谢老师捞我上岸，课程不容易特别是作业，一度想划水了，最后分数不错～
153330,8106,陈海,2022-04-28 06:02:30,10,10,0,作业是真的巨多，考试和平时代码关系不大。考前要多看PPT，考点都在PPT上但是比较细。老师好会捞啊，给分出乎意料了。老师人很好的。代码作业虽然痛苦艰难，但还是建议好好做作业，熬过去以后会后知后觉地发现是一门收获很大的课。
153342,8106,陈海,2022-04-28 08:40:02,5,7,2,哭了满绩，要吹一波了：老师内敛谦逊，课程内容和作业从经典到量子都信手拈来，把前几门专业课的公式变成了图像，如果能多点课时就更好了！
165386,8106,陈海,2023-01-04 03:32:48,0,0,0,课程干货满满，课后解答也超级耐心（就是作业比较难TT
172248,8106,陈海,2023-04-23 16:54:19,1,1,0,作业有点多像是Hackathon，能学到不少，助教学长答疑超耐心！
172438,8106,陈海,2023-04-27 02:27:36,0,0,0,好人TT 作业确实略多
172940,8106,陈海,2023-05-10 07:30:44,1,1,0,好！！！！
187484,8106,陈海,2024-01-16 10:24:31,3,3,0,儒雅随和，谦谦君子
187510,8106,陈海,2024-01-16 12:09:55,4,4,0,一个MIT的phd，讲课这么谦逊，平易近人，还多少带点闷骚，给分好还很捞，我甚至感觉我期中考扣的分数都被捞回来了。。。
187760,8106,陈海,2024-01-17 10:07:23,1,1,0,大雾乙，客观来讲，老师讲课一般，但非常细致。课程听感主要是受大雾乙的教学内容限制，毕竟老师可是MIT的PHD。人非常非常非常好，给分捞到爆炸，在此表白。
187824,8106,陈海,2024-01-17 14:00:39,7,7,0,这学期上的老师的大雾乙\n\n虽说大雾成绩基本靠自己\n\n但是横向对比其他老师 ch真的好太多\n\n非常温文尔雅的老师 上课很认真很仔细\n\n无论是小测 交作业等等都十分友好\n\n另外我甚至怀疑老师打破了平时分正态(x)\n\n感觉最后被猛捞了一把\n\n非常推荐大家选！
189014,8106,陈海,2024-01-21 08:45:35,3,3,0,大物乙，ch老师真的温文尔雅，小测和作业都很宽松，最后期末感觉应该捞了一点点，很惊喜竟然满了，感恩感恩！！推荐大家来选！！
198623,8106,陈海,2024-09-10 09:14:53,0,0,0,教师节借楼感谢，老师的计算物理是真实用👍
210059,8106,陈海,2025-01-08 04:48:06,2,2,0,学的大物乙2 不太点名 最后一次点名还在群里通知了 讲话很温柔讲课挺清晰的 大物2看看PPT自己也能学 四次小测老师出的很简单 还能开卷看看书啥的 有些小测题是历年卷里的 有些是课本改编的 作业交了基本就是满分 感觉平时分没有严格正态 给的特别特别好 我大物1总评80大物2总评绩点上4了我真的超级超级感谢老师😭😭😭老师我爱您😭😭😭
210069,8106,陈海,2025-01-08 05:47:44,5,5,0,真诚的老师，讲课不浮夸，逻辑清晰，推荐推荐！
210075,8106,陈海,2025-01-08 05:59:27,0,0,0,一般不点名 给分好好 老师我爱你….
212959,8106,陈海,2025-01-15 10:39:17,1,1,0,给分特别好，哇啊啊最后一节课点名还提前说了，特别好特别好啊啊啊
213255,8106,陈海,2025-01-16 13:08:36,1,1,0,高中没选过物理，大物乙（一）考的也不好，但是在老师的细心讲解下总评上四了！谢谢老师！！！
217543,8106,陈海,2025-04-12 20:26:22,4,4,0,毕业两年了推公式还在用计算物理的slides（忘得比学得快TT），好人好课！
217812,8106,陈海,2025-04-17 02:06:06,2,3,1,无敌好老师，课程安排也很有意思，期末也不为难大家，总之就是很好
155905,8125,刘倍贝,2022-06-16 13:28:36,5,5,0,天文学导论，老师给分超级好，上课也会放一些科普视频给我们看，不点名没有展示没有小组作业，只有课后题和期末考试（听起来很吓人但是还好），课堂氛围也好，没有乱七八糟的卷～
155921,8125,刘倍贝,2022-06-16 14:15:57,3,3,0,老师很好，内容很有趣，助教也很好，狠狠bd
155997,8125,刘倍贝,2022-06-17 04:39:47,2,3,1,上过最好最好最好最好最好最好的通识课！！！
156012,8125,刘倍贝,2022-06-17 05:52:29,3,3,0,天文学导论好课好课，老师人也很好，给分也很好，作为通识课讲得非常细致也并不是很难，想了解天文学强推
156076,8125,刘倍贝,2022-06-17 11:26:04,-2,4,6,天文学导论好课，一共11次作业，都是十分钟写完的那种，康熙老师点了一次名，这课讲得很简单，其实70%的内容我以前都很熟，想看看他讲什么才来听的，每节课我都第一排听课还是也新了解了一些东西。最后期末考试特别简单，36分钟交卷最后给满了，强推，文科生上没压力，理工科想混过去也容易。
156102,8125,刘倍贝,2022-06-17 14:09:34,2,2,0,天文学导论！硬核但好课，理科生放心冲，文科生我不太了解，但是从课友看，认真听过也完全没有压力。真的能学到很多东西，而且个人更喜欢这种作业+考试的课，评分也会透明、公正很多，有付出就有收获，好好学绩点不可能低，满绩很轻松的，选了不亏！
156451,8125,刘倍贝,2022-06-19 18:53:07,3,3,0,刘老师讲课非常细致认真。。。知识很有用🤗
158165,8125,刘倍贝,2022-06-27 08:49:14,2,2,0,天文学导论yyds！真的学到了超级多，而且刘老师基本上是上一节课放一节视频，很轻松！虽然考试闭卷，但只要上课认真听，作业认真写，考前把知识点稍微过一下，考试一点问题都没有～作为一个纯小白上了一学期后也拿到了很不错的分数，如果对天文学感兴趣一定要试试！
200846,8125,刘倍贝,2024-10-23 09:51:20,4,4,0,好老师，不水，不点名，轻松，给分好，强推🤟🏻
209758,8125,刘倍贝,2025-01-07 03:43:00,2,2,0,作业不写，硬是把我捞到及格了
210017,8125,刘倍贝,2025-01-08 02:19:35,1,2,1,感恩老师，95分5.0。\n\n超绝老师，直接冲不用犹豫。\n\n老师不点名，讲课很轻松有趣，讲课内容基本都很硬，讲得也超好，想认真听或者水都没问题。\n\n平时题目PPT里都能找到，不算太难，但是文科生看得有点吃力（怪我不怪老师），平均十几分钟一般就能做完，后面有几章略难时间花的比较多\n\n期末阅读报告占大头，需要认真写。另外给像我一样实在看不懂天文学论文的文科生一个建议，可以找那种定性的文章以及各种科普文章，亲测可行，我整篇文章都没多少公式和数据也拿到了很高的分数了。
210554,8125,刘倍贝,2025-01-09 10:39:18,1,1,0,天文学导论，不点名，老师讲的很好，非常符合文科生心目中的理科学者形象\n\n作为从小对天文感兴趣的文科生，非常感谢这门课为我提供了系统学习天文知识的机会，最后绩点4.2，也满意了\n\n中途老师还提供了一次观星的机会，是天协举行的，人生第一次实际用天文望远镜观测星空，是非常难忘的体验
210569,8125,刘倍贝,2025-01-09 11:10:00,4,4,0,呜呜呜必须来好评一下 老师人真的很亲切！！\n\n启真问学找了刘老师，第一次旁听组会的时候只有我一个本科生在，很多地方听不懂又不好意思问\n\n老师直接问我有没有问题，虽然我不明白的都是那些概念性的蠢蠢的地方，但他还是说“好问题”\n\n并且在接下来几个学长汇报的时候会在中途打断：“你这样讲学妹听不懂”，让他们解释一下某某某原理\n\n组会还发巧克力！
211197,8125,刘倍贝,2025-01-11 04:03:55,3,3,0,上课很有意思，老师人看起来也很好，考虑到这门课文科学生偏多还降低了作业的难度。但是给分….每次作业按时交，最后期末论文查了很多资料和原版书结果给分比预期差好几档，挺疑惑的反正
211498,8125,刘倍贝,2025-01-11 17:35:48,0,0,0,天文学导论很好
128961,8143,郎启浩,2020-12-27 12:19:04,10,12,2,击剑冠军lqh
128962,8143,郎启浩,2020-12-27 12:25:17,7,9,2,击剑冠军lqh！
130355,8143,郎启浩,2021-01-21 09:19:34,5,7,2,除了喜欢和学生击剑之外没别的爱好
142622,8143,郎启浩,2021-11-14 15:48:51,-4,3,7,太gay了点
151469,8143,郎启浩,2022-03-04 03:37:00,6,7,1,真好啊，tmd
154815,8143,郎启浩,2022-06-05 16:16:21,5,5,0,能把启浩gg再找回来吗？让thx再多休一会产假多好啊
155213,8143,郎启浩,2022-06-09 11:07:04,6,6,0,我们希望辅导员郎老师回来。\n\n\n\nWir wollen unseren Counsellor Lang wiederhaben.
155701,8143,郎启浩,2022-06-15 08:44:46,7,7,0,怎么才能把他留下来
198129,8143,郎启浩,2024-09-01 15:23:39,3,3,0,YYDS
198144,8143,郎启浩,2024-09-02 14:48:56,1,1,0,遇到这个老师你就偷着乐吧，嘿嘿
198153,8143,郎启浩,2024-09-03 04:34:39,1,1,0,启浩老师真的是最好的老师！！！
198192,8143,郎启浩,2024-09-04 08:36:13,1,1,0,tql
198201,8143,郎启浩,2024-09-04 18:25:58,1,1,0,太好了
198202,8143,郎启浩,2024-09-04 18:26:18,1,1,0,超爱超爱超爱
198226,8143,郎启浩,2024-09-05 09:22:21,2,2,0,非常好
198242,8143,郎启浩,2024-09-06 00:55:56,2,2,0,这是一位幽默善良，负责任的老师，太棒啦
198287,8143,郎启浩,2024-09-06 06:28:04,2,2,0,超爱启浩
199503,8143,郎启浩,2024-09-24 15:43:31,2,2,0,人超好
136613,8584,Stefan Kirchner,2021-06-22 02:31:18,1,1,0,Good
151898,9017,王逸璞,2022-03-20 02:33:06,13,18,5,上了王老师第一次开课的《固体物理》，非常非常喜欢老师的授课方式。他不像老教师一样根据教材的编排顺序按部就班地讲知识点，而是很注重物理模型的建立过程和固体物理的发展历史，让同学能感受到固体物理的知识脉络是如何从历史上一步步发展起来的。老师授课的内容绝对是精心准备过的，收集了很多教材上没有的相关知识和历史场景，作业也不是陈词滥调，而是能激发同学们的想法的题目，我真的很享受上老师的课。\n\n下课后也和王老师讨论过课程内容和科研相关的问题，老师人非常好，并且把培养学生的思考能力作为授课的首要任务，他也很期待在座的各位同学成为未来研究细分领域的学科带头人。王老师让我看到了青年教师应该有的想法和担当，我真的很佩服。\n\n目前只上完了第四周的课，但真的觉得我上了王老师的课是捡到宝了。
152628,9017,王逸璞,2022-04-16 14:46:37,-6,7,13,上课太啰嗦，主线不清晰，喜欢讲物理学的一大堆八卦，数学水平也不咋地，定义都遮遮掩掩扯不清楚，适合去材料系不适合来物理
174728,9017,王逸璞,2023-06-16 08:39:33,7,9,2,王老师和游建强老师合上的固体物理I，王老师上前半部分，我觉得王老师讲课很有特点，不拘泥于课本，固体物理的发展脉络和核心主线讲的很清楚，背后的物理理解的较为深刻，换句话说就是把知识点讲活了，PPT也是认真准备的，听后收获很大，其中让我对之前在统计物理里学的一些知识也有了交相呼应的从新认识。王老师上课时间卡的也很准，基本讲完最后一页PPT就正好打铃下课。
194040,9017,王逸璞,2024-06-21 14:06:59,4,4,0,讲固体物理I前半部分，讲课比较能激发思考，知识点的背景介绍的比较详细，可以帮助理清固体物理发展的一个主线。有一些内容和后半学期课程略有重复。
216962,9017,王逸璞,2025-03-30 11:53:48,1,1,0,课讲得比较清晰，就是节奏有点慢
154199,9073,赵思瀚,2022-05-26 03:00:18,6,14,8,老师长得很帅
193033,9073,赵思瀚,2024-06-03 01:15:40,3,3,0,点名很勤奋（有时候通知，有时候背刺），讲解很朴实（中规中矩，创新方法不多），重点会凸出，听完后要自学才能明白。
196901,9073,赵思瀚,2024-07-06 00:50:16,3,3,0,老师今年是第一次上大物，上课认真负责，不过风格比较中规中矩，部分推导需要课后再看PPT理解。一开始小测频率很高，几乎是每两节课一次，期中考后频率降低了很多，小测难度不高但电磁部分题量略大。给分上个人感觉还不错，40分平时分给得很不错，所以总评更多取决于期末考（不过出分真的真的慢🤯）。老师平时课堂会有提问（据说有少量平时分加分，不过影响不大），课后答疑回复及时，感觉还是不错的，毕竟大物更多靠自己吧🥺。
196958,9073,赵思瀚,2024-07-06 06:27:10,1,1,0,老师真的蛮帅的hh，学期初小测频率确实有点高（可能也便于调分？），后来确实少了很多；讲课方面就是正常，还是需要自己课后再去好好吸收的。平时分还行，老师一学期下来会争取让每个同学都有加平时分的机会（就点你起来念一下题目，有思路能接着答出来更好，也不强求），最后期末出分挺慢的或许也在尽力捞？还是很好的老师，挺为学生着想的
217097,9073,赵思瀚,2025-04-02 00:36:05,0,0,0,讲课认真仔细，还蛮幽默
221419,9073,赵思瀚,2025-06-23 10:14:21,0,0,0,老师上课很认真，平均每周点名一次，比较幽默，知识点课后要巩固才能理解的比较好
160472,9075,张少泓,2022-09-23 09:50:35,0,3,3,shame
160945,9075,张少泓,2022-10-20 14:28:40,-1,2,3,好商务(I mean no judge)
160946,9075,张少泓,2022-10-20 14:30:15,0,1,1,某专业选修课，每节课都要电子签到，每节课都要点人回答问题，对于社恐人士真的很不友好，还有不少于3000字的周末小论文哈哈哈快逃😅
170198,9075,张少泓,2023-03-02 03:13:31,1,2,1,上课睡觉
