评论id,老师id,老师姓名,发表时间,点赞减去点踩数量,点赞量,点踩量,内容
3409,3070,罗卫东,2015-06-10 05:57:49,5,9,4,没听过\n\n
4988,3070,罗卫东,2015-07-02 02:28:11,55,61,6,很好的老师，个人很儒雅，讲课很有趣，特别喜欢他。
7194,3070,罗卫东,2015-09-10 09:25:17,19,22,3,我在学校听过最好的演讲就是他的了。
7706,3070,罗卫东,2015-09-15 10:21:44,13,13,0,内涵丰富，善于演讲！
7747,3070,罗卫东,2015-09-15 11:34:43,24,27,3,现实中的白子画！嗯！人帅有内涵，男神！
7845,3070,罗卫东,2015-09-15 15:05:24,2,6,4,虽然有点扯，但确实有学识，对学生的帮助很大。
8203,3070,罗卫东,2015-09-17 12:16:09,4,6,2,好老师好校长
9663,3070,罗卫东,2015-11-04 02:49:35,6,8,2,帅气的男神，儒雅儒雅儒雅！就是有点拖课
23445,3070,罗卫东,2016-03-30 04:13:18,3,3,0,很有趣
48787,3070,罗卫东,2017-03-13 03:50:00,9,9,0,博学多识，很有自己的见解和看法?期末考试大家投票，最后一篇论文
50865,3070,罗卫东,2017-05-07 13:16:24,5,5,0,很幽默很有才，读书时唯一可以让我不请假不迟到的课
52562,3070,罗卫东,2017-06-21 06:14:54,11,12,1,每次听罗老师的课都觉得心灵被洗涤了...
77929,3070,罗卫东,2018-05-08 15:32:34,12,12,0,罗校是我心目中男神和智者形象本人了！
80495,3070,罗卫东,2018-06-27 06:52:20,17,17,0,很有文人风骨的老师，经济思想史真的上的超好。这学期听得最认真的一节课。
80718,3070,罗卫东,2018-06-29 16:13:25,20,20,0,讲课很棒，有自己的想法与见解
82266,3070,罗卫东,2019-05-31 03:15:41,-56,10,66,文科烂成这个样子，虽然不能完全怪他，但多多少少是有责任的
109845,3070,罗卫东,2019-06-19 16:15:55,-19,3,22,期末作业乱搞一通，差评！
116706,3070,罗卫东,2019-09-13 17:10:06,3,4,1,说实话，我真的不太喜欢经济思想史这门课，也不喜欢罗老师的讲法，但是给分真香……
116711,3070,罗卫东,2019-09-14 01:01:01,5,5,0,讲的好，事情少，给分好。这样老师谁不爱呢
116738,3070,罗卫东,2019-09-14 10:55:28,-28,5,33,或许是期望太高了吧，没觉得给分好，认认真真写，4.2，是我不会恶竞吗？
116739,3070,罗卫东,2019-09-14 11:24:14,6,6,0,是我论文写的字数太少吗，只有3.9，不过老师讲的还是很好的，当个性来修的
123085,3070,罗卫东,2020-05-09 02:02:01,5,5,0,有思想有深度
123463,3070,罗卫东,2020-06-09 05:04:19,7,8,1,听经济思想史真的是享受！
123812,3070,罗卫东,2020-06-14 12:41:34,3,3,0,好好好
124927,3070,罗卫东,2020-07-21 03:29:49,7,7,0,很有思想性
126197,3070,罗卫东,2020-09-19 05:25:00,-13,3,16,努力写了论文，很晚出分不说，给分标准也不明
133590,3070,罗卫东,2021-03-02 11:49:23,35,38,3,老师现在担任浙江大学城市学院的校长，还跑到紫金港上课，希望完成教学四十年到夙愿，这份态度就很值得尊敬。当然，也很忙，所以会有几次缺课。\n\n上课是很有趣也比较有收获，不只是经济学，会有许多其他社会科学的知识，也有很多有意思的故事，值得一听。\n\n期末是论文，emm只能说好好写吧，分数一般不会低，但个人感觉也不算特别好，当然每个人标准也不同。出分倒是真的晚。。。一般要开学以后。。。\n\n此外，可以多找老师提问交流，有针对性可能更有收获，个人论文选题之后一直毫无头绪，和老师交流之后豁然开朗。
141062,3070,罗卫东,2021-09-22 11:57:31,11,11,0,老师真的太好了
150774,3070,罗卫东,2022-02-18 06:09:54,2,8,6,老师再为浙大文科引进一些人才吧！第二轮双一流浙大人文社科好惨！
158453,3070,罗卫东,2022-06-29 10:57:13,-31,3,34,臭名昭著的天则研究所成员
158755,3070,罗卫东,2022-07-02 01:52:15,9,13,4,那个说天则研究所的您是有大病吧，红小兵。天则研究所的特约研究员多的去了，一堆著名经济学家都是。这个智库被封杀本来在民间就很有争议，上来就扣帽子搞文革2.0啊
158960,3070,罗卫东,2022-07-04 03:46:54,10,10,0,非常敬业
158988,3070,罗卫东,2022-07-04 08:36:32,-13,5,18,天则研究所的成员说过什么做过什么有目共睹，是要让三座大山继续欺压国家和人民。罗卫东当年做过什么，后来又在纪念什么，你也可以去查。下面那个，你人身攻击的样子，实在有失体统。
171783,3070,罗卫东,2023-04-25 16:16:33,8,8,0,校长真不愧是校长
179989,3070,罗卫东,2023-09-20 06:14:05,-9,0,9,呵呵呵
190998,3070,罗卫东,2024-03-28 00:47:25,8,8,0,亚当斯密附体，真正的经济学和哲学大师
204519,3070,罗卫东,2024-11-26 11:37:17,1,1,0,很好的老师
208715,3070,罗卫东,2024-12-31 09:38:40,5,5,0,想念罗校长，他和朝晖在的时候浙大文科大牛云集，气象万千
216167,3070,罗卫东,2025-03-11 11:48:07,2,2,0,经济思想史 老师上课讲得很精彩 听得作业都写不下去了，写着写着就忍不住听课了🥹🥹☺
218862,3070,罗卫东,2025-05-09 09:48:14,1,1,0,罗老师是为数不多还有人文精神与理想的学者了
1918,3416,吴朝晖,2015-03-26 08:03:23,17,34,17,新校长！！
1919,3416,吴朝晖,2015-03-26 08:09:32,14,18,4,没听过，有课吗
1930,3416,吴朝晖,2015-03-26 10:26:42,18,33,15,校长大大，火钳刘明
2646,3416,吴朝晖,2015-05-05 03:05:52,-27,10,37,萌萌哒。
3249,3416,吴朝晖,2019-05-21 10:31:47,2719,2863,144,希望取消正态分布
3818,3416,吴朝晖,2015-06-17 05:11:58,-7,4,11,前排
4464,3416,吴朝晖,2015-06-23 09:25:12,-28,4,32,名师
4671,3416,吴朝晖,2015-06-26 03:19:17,-5,5,10,哦
4912,3416,吴朝晖,2015-06-30 11:24:47,3,10,7,然并卵
5045,3416,吴朝晖,2017-08-30 10:44:17,-28,7,35,何厚铧
5538,3416,吴朝晖,2015-07-08 05:50:38,3,6,3,校长
6137,3416,吴朝晖,2015-07-11 06:58:03,0,3,3,没上过
6525,3416,吴朝晖,2015-07-14 18:36:36,-107,17,124,校长男神爱死了！
6526,3416,吴朝晖,2015-07-14 18:40:04,-48,3,51,棒棒嗒！
7015,3416,吴朝晖,2015-08-28 11:02:13,11,14,3,话经常连续说两遍…
7825,3416,吴朝晖,2015-09-15 14:11:01,45,52,7,校长讲话不咋滴
7895,3416,吴朝晖,2017-08-30 15:55:07,1260,1454,194,恳切希望校长不要再对外省招生缩招了
8254,3416,吴朝晖,2015-09-18 01:02:58,378,402,24,不要正太！
9405,3416,吴朝晖,2019-08-20 09:19:51,2018,2167,149,快点取消正态分布，不然要你这个校长何用
10485,3416,吴朝晖,2015-11-19 05:35:35,1470,1543,73,正态分布太过僵化，适得其反，应当在执行上给予更多弹性
10921,3416,吴朝晖,2015-11-23 09:58:44,-5,3,8,。。。
12082,3416,吴朝晖,2018-07-01 06:28:21,307,328,21,有些渣制度该改改了
13166,3416,吴朝晖,2015-12-25 04:07:12,-3,5,8,身高 不多说了
13239,3416,吴朝晖,2015-12-25 11:24:47,-2,2,4,哈哈哈
13440,3416,吴朝晖,2019-08-19 07:22:57,940,1072,132,快取消体育运动刷卡制度！这只是形式！
14160,3416,吴朝晖,2019-09-08 00:29:03,1033,1115,82,正态分布太坑爹了。。。。。。。。认真上课写论文，通识课都能挂
14603,3416,吴朝晖,2016-01-08 02:34:45,603,633,30,希望老师取消正太分布，大家都很认真，这不公平
17143,3416,吴朝晖,2016-01-19 16:33:42,-6,26,32,你就是傻X
17446,3416,吴朝晖,2019-02-01 16:17:12,273,302,29,没事弄什么三分一等啊，差评差评，均绩生生就被拉下来了，坑死了坑死了
17458,3416,吴朝晖,2016-01-20 08:47:20,227,245,18,绩点3分一级不合理
18394,3416,吴朝晖,2019-09-20 07:01:11,1442,1595,153,你到底是叫吴zhao辉还是吴chao辉？？
18452,3416,吴朝晖,2017-08-30 11:34:39,521,572,51,望取缔水课乃是我浙成一流之本！
18673,3416,吴朝晖,2016-01-22 09:13:03,33,43,10,说真的。。。正态分布的比例设置弹性应该大一点......说3分一档的，只要大家都公平其实也没什么，该说有利有弊吧。。。
19621,3416,吴朝晖,2016-01-25 03:15:47,151,161,10,自从新校长来了，教学抓的更紧了，正态分布更严了！
21963,3416,吴朝晖,2016-03-02 02:44:45,13,14,1,智谋不足
22755,3416,吴朝晖,2016-03-10 15:43:00,57,62,5,正态什么的都去死吧
22792,3416,吴朝晖,2016-03-11 09:42:16,-1,1,2,唉呵呵
25049,3416,吴朝晖,2019-01-23 18:56:11,675,708,33,正态没取消，还对15级开始启用三分一档…昏招不迭
25458,3416,吴朝晖,2019-05-20 07:38:21,5693,6297,604,我对学院有些事情有意见\n\n写了校长信箱，留了电话\n\n第二天班主任就在班群里问xxx是谁的电话号码\n\n\n\n拜托我浙学子顶我上前排
26172,3416,吴朝晖,2016-06-16 07:06:06,18,20,2,取消正态！
26540,3416,吴朝晖,2016-06-20 04:38:51,94,118,24,你们在这里说有个卵用\n\n
26797,3416,吴朝晖,2016-06-21 06:32:30,44,48,4,取消正态分布！！！
26849,3416,吴朝晖,2016-06-21 09:58:23,-1,1,2,哈哈哈
30501,3416,吴朝晖,2016-07-01 18:51:11,302,323,21,通核课为什么要分级给分还正态（心好痛）……马原毛概为什么要闭卷（so sad）……
30671,3416,吴朝晖,2016-07-02 07:34:48,916,964,48,一个学期有7门课被卡在三分一档的线上是什么感觉。最垃圾的政策不是正态分布，绝对是15级开始的三分一档。凭什么86和88一样的绩点，89和91一样的绩点。感情88与89， 91与92都成天壤之别了。原来86和91差5分也只是88与89一分的差别啊
33128,3416,吴朝晖,2017-01-12 10:47:28,1,4,3,呵呵呵
33135,3416,吴朝晖,2016-09-13 11:39:22,3,4,1,新校长
33144,3416,吴朝晖,2016-09-14 03:36:23,1,3,2,话太多
33148,3416,吴朝晖,2016-09-14 06:26:06,-19,4,23,非常好
33194,3416,吴朝晖,2016-09-15 12:28:45,41,43,2,校长回答学生问题答非所问啊。空
33641,3416,吴朝晖,2016-09-20 14:41:36,-24,1,25,好好好
33912,3416,吴朝晖,2016-09-22 14:05:14,-36,6,42,好校长
34301,3416,吴朝晖,2017-08-30 11:18:55,-66,11,77,好校长
34474,3416,吴朝晖,2016-10-11 11:20:14,0,2,2,不知道
34997,3416,吴朝晖,2016-10-28 13:46:08,78,86,8,我心目中，身陷囹圄中的CJ前校长更担得起这个职位。
35433,3416,吴朝晖,2016-11-10 07:16:07,355,381,26,取消正态之日 我浙一流之时
35720,3416,吴朝晖,2017-03-30 08:59:57,3,7,4,。。。
35965,3416,吴朝晖,2017-02-14 08:39:56,-21,21,42,学术能力强，国际化视野开阔，比北大某校长高到不知道哪里去了
36497,3416,吴朝晖,2016-11-14 09:37:17,5,6,1,正态分布害了多少学生。。。
36827,3416,吴朝晖,2016-11-16 07:01:35,-5,1,6,没有感觉
37180,3416,吴朝晖,2016-11-18 00:06:03,49,54,5,学术官僚
37421,3416,吴朝晖,2016-11-18 16:45:30,10,11,1,垃圾正态
39190,3416,吴朝晖,2016-12-21 13:56:18,0,2,2,呵呵呵
39667,3416,吴朝晖,2016-12-27 02:22:40,0,2,2,正态蓝瘦香菇
39741,3416,吴朝晖,2016-12-27 08:26:20,7,9,2,真不知道浙大想培养什么样的学生。还是说能培养什么样的学生
39879,3416,吴朝晖,2017-01-18 04:58:28,3,5,2,不要正太就好了
40017,3416,吴朝晖,2016-12-28 17:46:40,-4,0,4,。。。
40192,3416,吴朝晖,2016-12-30 01:37:51,-5,1,6,哈哈哈
40325,3416,吴朝晖,2017-01-02 21:22:57,6,10,4,歌唱的不错hhh
40455,3416,吴朝晖,2017-01-03 12:19:01,6,11,5,唱歌还行
40517,3416,吴朝晖,2017-01-04 02:52:49,8,8,0,取消正态
40666,3416,吴朝晖,2017-01-05 01:35:50,382,399,17,既然学校都不承认我们优秀，那又怎么和清北比呢?
40792,3416,吴朝晖,2017-01-05 13:59:06,0,3,3,垃圾正太\n\n
40813,3416,吴朝晖,2017-01-05 15:26:09,-19,1,20,很好\n\n
41157,3416,吴朝晖,2017-01-09 14:20:54,-5,0,5,
41463,3416,吴朝晖,2017-04-15 03:05:04,-6,9,15,垃圾！
41722,3416,吴朝晖,2017-01-12 12:09:08,23,23,0,取消正太之时。我浙一流之日！
42033,3416,吴朝晖,2017-01-13 12:44:50,-4,8,12,唱歌把后面的老师逗笑了，笑死老子了，哈哈哈
42172,3416,吴朝晖,2017-01-13 23:54:54,14,21,7,日你哥的绩点计算方法，85分3.9，86分4.2，去你妈的吧，辣鸡，搞得这一分差别这么大，什么狗屁3分一级，呵呵了
42272,3416,吴朝晖,2017-01-14 03:20:05,276,291,15,三分一档真的很恶心 85就3.9 86就4.2 也许就是一分的差距硬生生绩点掉了0.3 这本身就不公平 正态分布也非常恶心 只认为学生成绩跟态度有关 考试论文展示等都能体现态度 没必要硬生生分出三六九等吧？ 这样的制度难道不应该反思吗
42562,3416,吴朝晖,2017-01-14 13:01:32,30,31,1,三分一档能不能去掉。正态能不能去掉。
42767,3416,吴朝晖,2017-01-18 04:58:22,4,5,1,希望取消正太分布\n\n
42768,3416,吴朝晖,2017-01-15 05:06:38,60,68,8,不要正态分布了，通识课认认真真，5000字论文写下来就一个3.3，正个鬼啊！
43398,3416,吴朝晖,2017-01-16 08:12:51,17,19,2,正态真的太挫伤学习积极性了
46980,3416,吴朝晖,2017-01-24 11:28:50,-32,4,36,好校长
47331,3416,吴朝晖,2017-01-25 09:56:55,-12,7,19,校长挺帅的，嘿嘿
48287,3416,吴朝晖,2017-03-02 02:25:47,7,7,0,取消正态
48635,3416,吴朝晖,2017-03-09 00:18:18,8,10,2,一分不解释
51164,3416,吴朝晖,2017-05-21 13:54:41,21,24,3,校庆夜竟然不唱歌 差评 嘿嘿嘿
51192,3416,吴朝晖,2017-05-23 15:59:38,387,403,16,浙大现在给我的感觉就是很浮躁
51891,3416,吴朝晖,2017-06-13 07:54:26,6,8,2,吃柠檬
52246,3416,吴朝晖,2017-06-16 10:16:49,0,6,6,唱歌好听
53727,3416,吴朝晖,2017-06-27 12:57:20,11,14,3,学术官僚？
53795,3416,吴朝晖,2017-06-27 14:28:02,4,4,0,我要给你一个连嘉奖
55350,3416,吴朝晖,2017-07-01 10:32:00,6,7,1,我要回家
56509,3416,吴朝晖,2017-07-04 02:11:54,46,54,8,马原毛概行策闭卷真的不合理！这三门挂了，专业课满绩也没用！错失多少人才！
57006,3416,吴朝晖,2017-07-05 06:54:12,6,6,0,JJ啊
57652,3416,吴朝晖,2017-07-11 15:00:02,77,84,7,不关心学生 官僚主义者
57696,3416,吴朝晖,2017-07-12 14:50:29,24,32,8,为啥没有零分！为啥没有零分！给你一分我都觉得对不起良心！
57697,3416,吴朝晖,2017-07-12 14:53:09,3,4,1,你是nc吗
57707,3416,吴朝晖,2019-06-08 22:23:43,1773,1950,177,垃圾垃圾，为什么没有零分。\n\n就直说了吧，今天进了三伏天，体感温度达48度。说是慰问教官，结果大中午让教官在图书馆门口站军姿一个多小时才姗姗来迟，结果晕倒了两个教官。\n\n在这垃圾校长的带领下，浙大浮躁，形式主义，很多事令人作呕。\n\n始业教育时，所有人都到场了，一起干等他及其他领导一个小时。\n\n运动会，下着雨还一定要坚持浙大优良传统——阳光长跑，跑完我就发烧了。\n\n军训不顾学生身体，在所谓领导的要求下，我们上午四个小时只能休息15分钟。想要马儿跑，又想马儿不吃草！\n\n真的是垃圾校长！！！
57710,3416,吴朝晖,2017-07-12 23:04:28,250,263,13,你欠军训教官一个道歉
57715,3416,吴朝晖,2018-08-23 10:38:14,16,29,13,叫他傻逼都是抬举他\n\n给他一分我都觉得高
57723,3416,吴朝晖,2017-07-13 02:25:00,17,26,9,参训学生给gouB校长发来1分的慰问！
57726,3416,吴朝晖,2017-07-13 04:45:59,4,4,0,真的。。诶
57727,3416,吴朝晖,2017-07-14 05:43:14,4,5,1,呵呵呵
57729,3416,吴朝晖,2018-11-20 02:35:23,650,686,36,军训慰问迟到一事既不道歉也不发迟到声明，连原因都不给。\n\n然后连QQ空间都要查?言论自由呢?贵浙的双一流，大一本，呵呵，暴发户吗？
57760,3416,吴朝晖,2017-07-14 05:42:33,15,15,0,三分一级  怎么想出来的
57780,3416,吴朝晖,2017-07-15 12:34:18,0,5,5,sb哦
58029,3416,吴朝晖,2017-07-24 05:18:56,114,124,10,看到有这么多人骂你我就放心了，给你的分数刚好能拉一下你的?点
58190,3416,吴朝晖,2017-08-19 07:18:32,44,49,5,硬生生把浙大搞成了笑话 \n\n
58210,3416,吴朝晖,2017-08-23 07:28:55,4,4,0,\n\n取消正太!
58225,3416,吴朝晖,2017-08-25 15:07:05,15,15,0,取消正态分布，调整出国绩点算法，出国算法要和国外接轨啊，不然有什么用！
58248,3416,吴朝晖,2017-08-28 00:42:28,-1,0,1,没听过
58293,3416,吴朝晖,2017-08-28 10:56:16,-5,1,6,爽爽爽
58324,3416,吴朝晖,2017-08-30 08:42:52,35,37,2,讲课太拖拉，毫无重点
58379,3416,吴朝晖,2017-08-30 07:58:17,26,29,3,不要再骂正太了，最应该取消的是三分一档啊!
58381,3416,吴朝晖,2017-09-16 10:44:43,57,74,17,浙大要亡
58382,3416,吴朝晖,2017-08-30 08:22:50,8,9,1,慢慢慢\n\n
58383,3416,吴朝晖,2018-01-30 07:08:51,394,427,33,军训开始就正态，这个校长你tm是当不长久了，不配出现在浙大校长之列
58384,3416,吴朝晖,2017-08-30 08:40:17,71,78,7,说话快一点，，真滴受不了，，麻烦语调也能变化一点啊\n\n
58390,3416,吴朝晖,2018-11-20 02:35:37,233,248,15,讲话要让学生等半天才到场
58391,3416,吴朝晖,2017-09-12 14:27:49,192,206,14,正太真是无言以对
58395,3416,吴朝晖,2017-08-30 11:37:11,155,172,17,我只是想打个低分
58396,3416,吴朝晖,2017-08-30 11:01:33,55,59,4,好慢啊，一操场的人都等着在
58397,3416,吴朝晖,2017-09-16 12:52:41,-4,19,23,请取消正态。
58398,3416,吴朝晖,2017-08-30 11:15:11,18,28,10,老师的历史课真好听！
58399,3416,吴朝晖,2017-08-30 11:05:04,-10,7,17,这个校长可以的
58400,3416,吴朝晖,2017-08-30 11:05:11,31,32,1,呵呵，等得很没意思
58402,3416,吴朝晖,2017-08-30 11:05:48,20,21,1,居然会迟到
58405,3416,吴朝晖,2017-08-30 11:57:41,28,49,21,不迟到的话其实还蛮可爱的
58406,3416,吴朝晖,2017-08-30 11:10:05,6,7,1,能吹\n\n
58407,3416,吴朝晖,2017-08-30 11:11:04,16,17,1,官僚主义？
58408,3416,吴朝晖,2017-08-30 11:12:44,38,40,2,催眠大师???
58409,3416,吴朝晖,2018-11-20 02:36:04,437,459,22,让一体育馆的人等了一个多小时，出来的时候还要报幕欢迎xxx驾到。
58410,3416,吴朝晖,2017-08-30 13:02:04,60,70,10,学术官僚，不把学生当人\n\n
58411,3416,吴朝晖,2017-09-17 11:08:25,79,88,9,取消正态
58412,3416,吴朝晖,2017-08-30 12:08:26,-153,21,174,校长最棒了！校长我喜欢你！10分走起~
58415,3416,吴朝晖,2019-09-25 15:15:16,41,63,22,浙大是最好的大学
58416,3416,吴朝晖,2017-08-30 12:23:39,18,22,4,看在你故事讲得这么好的份上，给你一分。
58418,3416,吴朝晖,2017-08-30 11:21:39,3,4,1,哈哈哈
58420,3416,吴朝晖,2017-08-30 12:02:20,67,85,18,放鸽子大学先放你一个多小时的鸽子，然后拿出最水大学最水之人的真本事，拼命水。名不虚传！！！名不虚传！！！
58422,3416,吴朝晖,2017-08-30 11:27:12,25,25,0,不知道，不过听他讲座就很想睡觉，我已经听了一个下午+一个晚上了d(ŐдŐ๑)
58424,3416,吴朝晖,2017-08-30 11:30:52,-43,4,47,我也是校长的迷妹
58426,3416,吴朝晖,2017-08-30 11:28:21,26,28,2,两个字 救国图强
58427,3416,吴朝晖,2017-08-30 11:30:56,-2,4,6,tjhzhdjdhfd\n\n
58428,3416,吴朝晖,2017-08-30 12:01:17,29,35,6,大计基
58429,3416,吴朝晖,2017-08-30 11:29:44,4,6,2,垃圾校长
58431,3416,吴朝晖,2017-08-30 11:31:24,-1,1,2,呵呵\n\n
58434,3416,吴朝晖,2017-08-30 11:46:45,12,13,1,红绿白蓝
58435,3416,吴朝晖,2017-08-30 11:34:55,71,75,4,看到老师您评分这么低我就放心了?
58437,3416,吴朝晖,2017-08-30 11:35:30,0,2,2,不咋地
58438,3416,吴朝晖,2017-08-30 11:36:04,44,48,4,就想知道究竟谁在领掌ԅ(✧_✧ԅ)
58439,3416,吴朝晖,2017-08-30 11:36:18,40,42,2,服气 浙江开会大学
58440,3416,吴朝晖,2017-08-30 11:36:29,31,32,1,他有一个做历史老师的梦
58442,3416,吴朝晖,2017-08-30 11:37:36,27,28,1,每天等一小时有意思吗
58443,3416,吴朝晖,2018-11-28 01:38:58,43,52,9,知足点，至少他讲话不像郑强一样一秒一停顿
58444,3416,吴朝晖,2017-08-30 11:38:48,8,11,3,还有六十五年就到了现在了
58445,3416,吴朝晖,2017-08-30 11:38:58,22,26,4,太会摆谱，官位太浓!
58446,3416,吴朝晖,2017-09-07 15:25:13,10,13,3,难受啊
58448,3416,吴朝晖,2017-08-30 11:39:53,3,3,0,好无聊
58449,3416,吴朝晖,2017-08-30 11:41:35,18,23,5,希望重视提前批学生培养!
58450,3416,吴朝晖,2017-08-30 11:42:19,6,6,0,不守时
58451,3416,吴朝晖,2019-10-16 11:47:25,575,595,20,你来浙大做什么？你要成为怎样的人？你忘了我的两个问题了吗？
58452,3416,吴朝晖,2017-08-30 11:43:21,4,5,1,等个把小时就能听到精彩的老黄历。
58454,3416,吴朝晖,2017-08-30 11:44:43,19,21,2,看来他忘记了两个问题
58456,3416,吴朝晖,2017-09-16 14:21:04,21,23,2,恶竞的产物
58457,3416,吴朝晖,2017-08-30 11:45:31,4,5,1,等一小时 又烂又慢 听着犯困\n\n
58458,3416,吴朝晖,2017-08-30 11:46:59,16,17,1,别听了 削宫本吧
58459,3416,吴朝晖,2017-08-30 11:47:32,6,9,3,差评 红绿白蓝 我云峰何在
58461,3416,吴朝晖,2017-08-30 11:48:04,211,224,13,几千个人的到场体育馆确实需要时间，然而前几天的实践就证明那么早来要等很久，千人坐在循环放视频的体育馆干等着，何必呢，而我们又能干什么，不就是玩手机嘛！早来对吃饭也造成了影响不是吗？希望学校有所改进！
58463,3416,吴朝晖,2017-08-30 11:48:20,15,17,2,始业教育迟到一个多小时
58464,3416,吴朝晖,2017-08-30 11:52:10,17,23,6,农药开黑吗
58465,3416,吴朝晖,2017-08-30 11:48:43,3,3,0,(⊙_⊙)(⊙_⊙)嗯
58466,3416,吴朝晖,2017-08-30 11:49:11,25,26,1,做一个务实的校长远好过只会夸夸其谈
58467,3416,吴朝晖,2017-08-30 11:50:53,39,44,5,我们紫云被绿了，不能忍
58468,3416,吴朝晖,2017-08-30 11:50:33,4,4,0,始业教育到得也太晚了
58469,3416,吴朝晖,2017-08-30 11:50:44,140,155,15,红绿白蓝，，穿紫衣服的云峰学子评分评论自己看着办_(:з」∠)_
58470,3416,吴朝晖,2017-08-30 11:50:47,12,12,0,红绿白蓝
58471,3416,吴朝晖,2018-10-16 15:37:41,117,139,22,我们云峰被绿了这能忍？？？
58475,3416,吴朝晖,2017-08-30 11:55:19,95,109,14,从进场睡到现在，相比起前天掌声不断吵醒我，我觉得这个老师还是不错的
58476,3416,吴朝晖,2017-09-16 12:44:31,15,15,0,为什么三分一档\n\n妈蛋耶
58479,3416,吴朝晖,2017-08-30 11:58:44,6,6,0,事业教育报告 水水水水水 的可以
58482,3416,吴朝晖,2017-08-30 12:03:58,19,24,5,mdzz，上课迟到一个小时的老师我是真心没见过。当大家都坐好了就等他一个人他自己却坐在办公室的时候他的心不会痛吗
58483,3416,吴朝晖,2017-08-30 12:04:57,7,9,2,经常迟到，官僚主义者
58484,3416,吴朝晖,2017-08-30 12:05:13,12,16,4,被绿了，不选择原谅他。
58486,3416,吴朝晖,2017-08-30 12:06:53,1,3,2,花了几个小时。。不如一天说完吧
58488,3416,吴朝晖,2017-08-30 12:10:11,-31,7,38,好老师 好校长
58489,3416,吴朝晖,2017-12-12 04:03:49,13,14,1,在上面玩蛇?
58490,3416,吴朝晖,2017-08-30 12:08:09,4,5,1,真的无语
58494,3416,吴朝晖,2017-08-30 12:12:17,-13,1,14,特别好
58495,3416,吴朝晖,2017-08-30 12:11:54,6,7,1,他都讲了什么，?
58496,3416,吴朝晖,2019-01-21 05:22:22,223,279,56,作为新生的一名成员，我想对各位新同学说…大家刚刚接触查老师这个公众号，不要把它当做一个吐槽工具，这个公众号主要为的是大家的学习，评论看的是这个老师的教学好不好，上课风格什么样，给分好不好，是不是绩杀。不能因为一个讲座就给他刷那么多吐槽吧，大家还应该多聊点正态分布好吧？
58497,3416,吴朝晖,2017-08-30 12:13:22,25,28,3,我紫云听得最认真 为什么无视我们！
58499,3416,吴朝晖,2017-08-30 12:16:37,-6,2,8,233
58502,3416,吴朝晖,2017-08-30 12:18:20,1,3,2,听着听着脚就痒了
58505,3416,吴朝晖,2017-08-30 12:21:44,-1,3,4,无语无语
58506,3416,吴朝晖,2017-08-30 12:28:53,4,5,1,结束啦
58507,3416,吴朝晖,2017-08-30 12:24:50,10,20,10,选一门你认为永远不会有用的课？这就是让我们上高数的理由？
58508,3416,吴朝晖,2017-08-30 12:29:13,0,2,2,我真是又困又冷
58509,3416,吴朝晖,2017-08-30 12:31:47,-6,3,9,特别好\n\n
58510,3416,吴朝晖,2017-08-30 12:33:48,14,16,2,让整个体育馆的人等一个小时...官僚主义浮躁自吹，还有rstp...强行说ppt打错真是呵呵哒
58511,3416,吴朝晖,2017-08-30 12:34:06,5,6,1,控制时间稳的一匹，好评
58514,3416,吴朝晖,2017-08-30 12:57:52,5,6,1,我无fuck说
58515,3416,吴朝晖,2017-08-30 13:09:43,8,9,1,对浪费学生的时间毫无自觉
58517,3416,吴朝晖,2018-12-20 23:03:36,75,86,11,这是进入浙大以来第一次没有认真听的讲座。我对这个讲座的评价就四个字：浪费时间。迟到一个多小时，既没有道歉，也没有解释，架子还真是大呢。报告的内容绝大部分都已经通过各种渠道听过好几次了，报告水平也一般，我本以为身为浙大校长必有高见，没想到说出的只是这普通毫无姿势水平的废话。我本来像之前的报告会一样认真听讲，可是最终没有做到。对不起我尽力了，因为我的眼皮第一次开始抗议了，而且我发现比起听你的讲座，还是逛B站看纪录片来的有意思。
58521,3416,吴朝晖,2019-11-17 10:39:30,228,541,313,作为一个老生，看到校长因为一个讲座被刷到低分榜，心里很不是滋味。校长讲座迟到，讲座质量不是很高，是他的不对，但是，在我们老生的心中，校长还是一个有趣的给大家老顽童形象。校长作为一个学者，讲座本来就不是他的强项。\n\n反倒是你们新生，一个个刚刚来了浙大，自以为自己很牛逼，就天不怕地不怕，对一校之长，竟然连连爆粗口，刚刚知道了查老师这个平台，就肆无忌惮的利用着自己的“言论自由”，甚至还有“浪费我们一万人一小时，就是浪费一万小时”的睿智言论，请问你们这些新生和网络上的键盘侠有什么区别？你们有什么资格对校长指手画脚？
58523,3416,吴朝晖,2017-08-30 15:48:18,-4,17,21,2018.8.30部分新生因不喜欢讲座而抹黑老师
58525,3416,吴朝晖,2017-08-30 15:48:41,-18,22,40,不管校长怎么样，犯得着用过分的话骂自家学校的校长吗？你来浙大干什么？这样儿的就来浙大了？
58548,3416,吴朝晖,2017-09-01 23:45:40,0,2,2,恶心死了
58568,3416,吴朝晖,2017-09-04 10:53:26,3,5,2,希望取消正态分布
58575,3416,吴朝晖,2017-09-05 07:09:03,0,2,2,正太哈哈
58593,3416,吴朝晖,2017-09-07 05:03:16,1,3,2,不想骂人
58609,3416,吴朝晖,2017-09-09 05:03:49,11,15,4,什么时候能取消正太分布。。。。。。什么时候我再给你的评分后加个零。。。。。
58631,3416,吴朝晖,2017-09-11 08:15:42,7,8,1,TM为什么没有0分评价！
58632,3416,吴朝晖,2017-09-11 10:36:26,4,4,0,很无语
58646,3416,吴朝晖,2017-09-22 13:08:27,11,12,1,迟到真是不能忍。。\n\nmdzz现在哪里都要求守时和尊重，他让我们等了一个多小时。
58647,3416,吴朝晖,2017-09-12 11:03:03,23,25,2,正态分布是什么鬼，就算每个人都很努力，还必须选出不合格的人？
58648,3416,吴朝晖,2017-09-12 11:19:38,7,8,1,去你的正态分布，辣鸡政策
58653,3416,吴朝晖,2017-09-22 06:19:00,0,3,3,无聊透顶\n\n
58654,3416,吴朝晖,2017-09-12 14:31:21,20,20,0,没听过，军训来了就感受到了正太的恶意，垃圾制度
58669,3416,吴朝晖,2017-09-13 14:02:55,6,6,0,正太无语
58670,3416,吴朝晖,2017-10-11 06:57:54,12,12,0,取消正太！
58674,3416,吴朝晖,2017-09-14 01:43:42,6,6,0,bad
58748,3416,吴朝晖,2017-09-16 12:43:32,5,5,0,无话可说
58749,3416,吴朝晖,2017-09-16 12:43:35,10,10,0,取消正态，希望对每个学生都公平一些。
58756,3416,吴朝晖,2017-09-16 15:23:20,8,8,0,取消正态分布
58758,3416,吴朝晖,2017-09-16 15:38:35,8,8,0,取消正态！！！！
58759,3416,吴朝晖,2017-09-16 15:38:57,5,5,0,希望取消正态分布这种东西
58765,3416,吴朝晖,2017-09-17 03:11:54,22,22,0,希望取消正态分布，选课订书不合理
58808,3416,吴朝晖,2017-09-18 02:34:29,1,2,1,啦啦啦啦里
58860,3416,吴朝晖,2017-09-18 06:02:49,1,2,1,呵呵呵
59115,3416,吴朝晖,2017-09-19 23:55:43,-1,2,3,还好吧
59146,3416,吴朝晖,2017-09-20 02:58:43,0,1,1,呵呵呵
59275,3416,吴朝晖,2017-09-20 12:09:14,1,2,1,取消正太
59276,3416,吴朝晖,2017-09-20 12:14:33,0,2,2,居然有2.9分！
59422,3416,吴朝晖,2017-09-22 02:04:23,7,7,0,官僚主义加效率奇低
59545,3416,吴朝晖,2017-09-22 12:04:23,1,2,1,???
59651,3416,吴朝晖,2017-09-25 10:35:11,6,6,0,取消正太
59765,3416,吴朝晖,2017-09-27 01:12:11,4,5,1,你在哪
59825,3416,吴朝晖,2017-09-30 02:14:51,9,9,0,给个一分是因为没有0分\n\n
59892,3416,吴朝晖,2017-12-06 16:00:06,0,3,3,傻逼 傻逼
60019,3416,吴朝晖,2017-10-04 04:32:14,20,23,3,军训被正态的人不想说话
60052,3416,吴朝晖,2017-10-09 02:38:01,3,3,0,哈哈哈
60215,3416,吴朝晖,2017-10-13 11:02:50,9,10,1,每次讲话玩到手机没电
60397,3416,吴朝晖,2017-10-19 04:06:33,5,5,0,正太个鬼
60633,3416,吴朝晖,2017-10-25 13:30:46,45,47,2,专业课都没时间学好。还让我非要学通识 通核 j类 还选不上
60645,3416,吴朝晖,2017-10-26 03:18:06,10,11,1,取消正态
61368,3416,吴朝晖,2017-11-15 09:15:26,7,7,0,垃圾校长，形式主义，官僚主义
61680,3416,吴朝晖,2017-11-20 06:11:13,1,2,1,太垃圾了
62322,3416,吴朝晖,2017-11-24 07:45:44,10,10,0,虽然校长是最年轻的校长，但是这个正态分布是不是有点太过于死板了？同样上课认真，作业认真完成，为什么绩点就得分开给呢？还喜欢卡绩点，卡档次。
62468,3416,吴朝晖,2017-11-25 11:10:09,17,18,1,创业基础，正态分布，大类招生，有什么好制度吗？
62671,3416,吴朝晖,2017-11-26 10:26:53,3,3,0,垃圾正太
62717,3416,吴朝晖,2017-11-26 14:23:55,4,4,0,辣鸡正态毁我前途
62757,3416,吴朝晖,2017-11-27 01:35:09,1,2,1,垃圾老师
63178,3416,吴朝晖,2017-11-29 03:05:33,1,2,1,辣鸡正态，毁我青春\n\n
63272,3416,吴朝晖,2017-12-02 02:28:26,23,30,7,你们这些新生啊，还是要学习一个，不要总想搞个大新闻，因为一次讲座就把吴校长批判一番。He's angry！我跟你们讲啊，你们这个样子，是不行的！
63413,3416,吴朝晖,2017-12-03 11:02:20,1,2,1,正态。。。\n\n。。。。。。。
63458,3416,吴朝晖,2017-12-04 12:28:18,0,1,1,正太发布不合理
63464,3416,吴朝晖,2017-12-04 15:10:51,-4,0,4,赞同楼上
63467,3416,吴朝晖,2017-12-04 15:56:04,1,2,1,1分没人跟你解释，自己一边玩去
63540,3416,吴朝晖,2017-12-06 10:12:29,0,1,1,取消正态
64223,3416,吴朝晖,2017-12-21 15:49:24,2,3,1,官僚主义
64321,3416,吴朝晖,2018-01-07 06:57:01,14,14,0,不考虑你浙优秀教育的干预作用了？正态分布，也不知道是不是黑自己的教育卵用也没有呢
64442,3416,吴朝晖,2017-12-24 01:24:06,1,2,1,TMD\n\n
64599,3416,吴朝晖,2017-12-25 12:24:35,0,1,1,希望取消正态分布
64681,3416,吴朝晖,2017-12-26 08:18:23,0,2,2,除了傻叉我还能说什么？
65079,3416,吴朝晖,2017-12-28 13:43:17,0,1,1,不喜欢
65108,3416,吴朝晖,2017-12-29 01:58:26,1,2,1,正态无言以对
65156,3416,吴朝晖,2017-12-29 13:35:29,0,5,5,唱歌好听，超级好听
65213,3416,吴朝晖,2017-12-31 16:02:11,32,33,1,新年不唱歌！！
65467,3416,吴朝晖,2018-01-04 06:54:11,5,5,0,万恶的正态
66005,3416,吴朝晖,2018-01-11 02:06:52,5,5,0,取消正态
66266,3416,吴朝晖,2018-01-14 10:49:40,4,4,0,取消正态
66469,3416,吴朝晖,2018-01-17 02:05:09,4,4,0,没有0分?啊?\n\n
66948,3416,吴朝晖,2018-01-19 11:58:42,18,21,3,浙江不放假大学
67293,3416,吴朝晖,2018-01-22 10:13:34,-25,7,32,最好的校长了，领导浙大建成世界一流大学
68410,3416,吴朝晖,2018-01-23 06:58:56,0,2,2,只想打低分
68674,3416,吴朝晖,2018-01-23 15:07:41,1,7,6,取消三分一档，否则我浙凉了
69183,3416,吴朝晖,2018-01-24 09:41:29,10,14,4,取消正态！还有，为什么放假这么迟？？？
69411,3416,吴朝晖,2018-01-24 15:22:27,-13,1,14,可惜不能评1分
69803,3416,吴朝晖,2018-01-25 12:03:37,0,3,3,垃圾\n\n
69881,3416,吴朝晖,2018-01-25 15:19:06,6,10,4,变态本科生院正太控！\n\n变态本科生院等级控！\n\n1月15日学生集体跳启真湖，这究竟是本科生院正态分布的变态？还是等级制的变态？！！！我的天我都快气死了我已经被神坑的等级制给气死了，我都不知额我在说什么
69985,3416,吴朝晖,2018-01-26 01:25:25,6,8,2,正不正太我不管，这个三分一档我觉得很无语。。。每次都被卡住档很难受
70779,3416,吴朝晖,2018-01-27 13:44:50,6,9,3,三分一档，绝对是败笔中的败笔！
71149,3416,吴朝晖,2018-01-28 04:46:53,3,5,2,正态分布垃圾
71339,3416,吴朝晖,2018-01-28 10:21:23,-1,4,5,辣鸡正态
71627,3416,吴朝晖,2018-01-28 18:03:42,2,15,13,也别说三分一档啦，政策对所有人一样的。有本事就考好呗。大多数课都水掉了就骂政策是不对的。
73326,3416,吴朝晖,2018-02-01 10:41:13,0,2,2,恶心正太控\n\n
73630,3416,吴朝晖,2018-02-02 06:56:09,-2,1,3,还好吧
74352,3416,吴朝晖,2018-02-13 10:07:01,-2,1,3,✺◟(∗❛ัᴗ❛ั∗)◞✺
74574,3416,吴朝晖,2018-03-04 01:49:28,-6,4,10,每天一分，创造最低
74766,3416,吴朝晖,2018-03-05 23:59:04,1,2,1,没听过。。。\n\n
74850,3416,吴朝晖,2018-03-06 06:10:20,0,1,1,太辣鸡了
75070,3416,吴朝晖,2018-03-07 08:03:43,-2,8,10,老师上课上得不错 那么我们来削宫本吧
75120,3416,吴朝晖,2018-03-07 11:41:04,1,2,1,
75322,3416,吴朝晖,2018-03-09 02:21:49,0,2,2,哦哦哦哦哦哦哦哦哦
75364,3416,吴朝晖,2018-03-09 09:00:00,1,3,2,取消正太分布啊啊啊
75391,3416,吴朝晖,2018-03-10 08:13:08,3,6,3,三分一档制，傻逼
75535,3416,吴朝晖,2018-03-13 05:10:04,56,74,18,转专业是个坑  难道不是学不下去这个专业才转到别的专业吗  为什么成绩好的能转  成绩都那么好了还转什么专业  bug
75770,3416,吴朝晖,2018-03-17 02:47:48,0,2,2,取消正太
76147,3416,吴朝晖,2018-03-28 03:25:21,2,3,1,取消正太
76415,3416,吴朝晖,2018-04-08 10:48:37,1,2,1,希望取消正态吧
76546,3416,吴朝晖,2018-04-13 11:05:16,-2,1,3,...
76671,3416,吴朝晖,2019-11-14 11:02:27,373,748,375,我个人认为校长还是可以的。很多人在前面骂正态，但这个却能促进不努力的人努力一把，努力的人更努力。真正优秀的人是不会被任何制度打倒的。这些道理其实我们都懂，只是上大学之后，我们很多人在大学因为各种原因，没有了高中时期作为好学生的优越感，又不想把原因归结于自己，就找了一个骂正态的发泄口。请大家不要喷我，我上学期大计基不及格，但是我知道我是真的没有读书，心里总是抱着侥幸心理，认为我这么“优秀”不读书也能过。当然，代价是惨痛的。\n\n关于校长迟到的问题，因为我当时不了解情况，印象也不深，也不好过多做评论。但是，为什么大家都认为校长是故意迟到的？为什么都认为是为了摆架子，下马威？如果换一个角度想，校长那天在北京开会，千里迢迢赶来就为了一个新生见面会，是不是一切都不一样了。这些都是我的猜测。不是为了给校长开脱，而是想让我们不要妄做评价，不要人云亦云。\n\n最后，我想说，作为浙大学子，这种在别人名字后面一排排骂的行为真的非常非常的懦弱，卑鄙。让我想起很多平台上粉丝为了自己的爱豆撕逼的场景，真的真的很蠢。如果觉得不对，就提出来，找班主任，找系主任，找院长，一级一级找下去。这样躲在这里说三道四却盼望有人能站出来，永远也解决不了问题。
77086,3416,吴朝晖,2018-05-01 16:28:29,155,163,8,熄灯制度与电风扇断电何关？ 在气温闷热的时候没有电风扇让学生如何入睡？ 将电风扇电路与其余电路区分开来很难？ 有钱修那么好的留学生宿舍 我们的宿舍就不用花钱改善吗
77339,3416,吴朝晖,2018-05-04 23:47:43,-21,3,24,正态分布比较科学
77356,3416,吴朝晖,2018-05-05 04:36:16,17,18,1,从浙大留学生政策就可以看出校长的水平了，一分不客气
77643,3416,吴朝晖,2018-05-07 04:44:36,37,59,22,学校确实还存在问题，很多问题。但这不是因此在这里给校长刷一分甚至吐不友善词汇的理由。我这样说多半要被踩，但是我也相信大部分浙大学子都是有觉悟的学生。真正的浙大重要的还是人，所以究竟是自我行动还是在匿名的角落“发表心声”，诸位应该不糊涂。
77652,3416,吴朝晖,2019-09-20 03:42:07,452,505,53,还是经营好自己吧，学校的政治和学术分开来看会让心态更平和。政策是一时的，经营好自己才是长久的。现在学校什么样子，学习氛围什么样，连学院的教授在保研面试时都有感受，大家也想必心里更加清楚。这里只想指点后人，不树立自己的一套经营体系，面临的很有可能是死路一条……
78433,3416,吴朝晖,2018-05-11 17:06:22,-29,15,44,嚷嚷取消正态的都是些什么姿势？一脸占不到便宜所以忿忿不平的样子。要取消好歹给个说得过去的理由，不然能说服谁？又不是比嗓门大。话说回来，就算当前的制度是一个负的buff，扪心自问你真的百分之百够资格拿一个像你期望的那样漂亮的成绩吗？恐怕也未必吧
78564,3416,吴朝晖,2018-05-13 05:46:47,78,83,5,凭什么，我91分比他89分高出来的两分就一文不值，凭什么，他92分比我91分高出来的一分就那么“值钱”？道理何在？
78834,3416,吴朝晖,2018-07-03 15:30:22,17,22,5,真的不知道非要夏天跑十二分钟的意义是什么，中午温度达到38度，下午一两点钟最热的时候39度，体表温度40+，晒伤的晒伤，晕倒的晕倒，这就是所谓的体质测试吗？
79005,3416,吴朝晖,2018-06-03 01:45:00,-1,2,3,各位同学的xx觉悟有待提高，要用发展的眼光看待问题
79021,3416,吴朝晖,2018-05-21 02:31:02,-5,6,11,正态分布是很科学的。上过概统的都知道。哈哈哈
79042,3416,吴朝晖,2018-05-21 10:30:22,1,3,2,辣鸡?
80170,3416,吴朝晖,2018-06-21 02:55:27,37,43,6,果断给10分，强行给调一下分，不然这个校长要被正态了怕是要挂
80252,3416,吴朝晖,2018-06-23 05:59:21,162,166,4,竺老的话不光是说给学生听的吧
82265,3416,吴朝晖,2018-07-07 15:13:03,1,2,1,不具有校长的能力
82882,3416,吴朝晖,2019-06-30 05:47:05,-225,33,258,每次都比人家高了一分而已。我凭什么比人家高0点3？好几次了。有些人学的比我认真多了，我靠思政课满绩随便虐那些专业课学霸哈哈哈哈哈哈哈哈哈哈哈哈
85573,3416,吴朝晖,2018-07-19 18:37:56,14,14,0,如果浙大能定位自己是全国第三 希望学校的保研率 支持学生到清北读研的认可度提高一些 而不是自己说自己第三 先提高保研率吧
85770,3416,吴朝晖,2018-08-05 10:08:05,0,1,1,垃圾校长 毁我青春
85801,3416,吴朝晖,2018-08-12 14:22:36,2,3,1,取消正太
85817,3416,吴朝晖,2018-08-21 08:54:30,3,4,1,唉:-( 有的老师都不会上课的
85865,3416,吴朝晖,2018-08-24 11:49:20,18,20,2,我感觉在这货的带领下，浙大必然要不停退步。不要只看那些虚假的排名，真的感觉浙大越来越浮躁了。
85877,3416,吴朝晖,2018-08-25 11:09:42,2,4,2,等待时间至少一个小时
85884,3416,吴朝晖,2018-08-25 03:51:18,7,8,1,三分一档  我觉得不行
85897,3416,吴朝晖,2018-08-25 09:57:05,1,4,3,辣鸡辣鸡
85901,3416,吴朝晖,2018-09-02 04:40:14,30,38,8,早年仓井空，晚年吴朝晖。\n\n少壮不努力，老大徒伤悲。
85902,3416,吴朝晖,2018-08-25 10:23:15,-3,2,5,啦啦啦
85903,3416,吴朝晖,2018-08-25 10:23:50,-8,4,12,生动，有趣，幽默！
85905,3416,吴朝晖,2018-08-25 10:31:53,-9,5,14,校长好可爱～
85910,3416,吴朝晖,2018-08-25 10:54:12,-11,3,14,校长好帅！
85911,3416,吴朝晖,2018-08-25 10:55:01,-6,0,6,不想多说什么
85912,3416,吴朝晖,2018-08-25 10:57:43,1,6,5,呵 真的只会逼逼
85913,3416,吴朝晖,2018-08-25 11:00:45,-5,1,6,呵呵呵
85914,3416,吴朝晖,2018-08-25 11:02:15,0,3,3,形式，苦等
85915,3416,吴朝晖,2018-08-25 11:02:40,-5,0,5,呵呵呵
85916,3416,吴朝晖,2018-09-21 16:34:52,15,17,2,没有打卡了，惊不惊喜？现在在zsj的带领下直接GPS，羡慕那些打卡的学长
85918,3416,吴朝晖,2018-08-25 11:27:03,-5,3,8,校长自吹一波，操作非常风骚
85920,3416,吴朝晖,2018-08-25 11:27:26,-19,9,28,亲切，和蔼，反正我喜欢他，他把我们浙大带入世界top100
85921,3416,吴朝晖,2018-08-25 11:27:57,3,7,4,考验膀胱
85922,3416,吴朝晖,2018-08-25 11:31:37,1,4,3,陈独秀
85924,3416,吴朝晖,2018-08-25 11:52:00,7,11,4,吹牛皮和跪舔某大的功夫世界别说top100绝对top1
85925,3416,吴朝晖,2018-08-25 11:53:26,-2,2,4,困困困
85927,3416,吴朝晖,2018-08-25 12:01:14,1,4,3,拒绝正态！！
85928,3416,吴朝晖,2018-08-25 12:08:33,9,15,6,新生始业教育好棒啊！全场六千人老老实实玩手机！你们鼓下掌好吗
85929,3416,吴朝晖,2018-08-25 12:12:57,10,15,5,听一晚上的讲座浪费了我好多流量
85930,3416,吴朝晖,2018-08-25 12:08:41,-2,3,5,没有时间观念，发型老气。
85932,3416,吴朝晖,2018-08-25 12:20:47,-2,2,4,好无聊，让人等一个小时……结果让人失望
85933,3416,吴朝晖,2018-08-25 12:22:55,19,26,7,先给4分，对校长的第一印象很差，迟到先不说，但是报告内容毫无意义是真的！本以为作为浙大校长，至少能有自己对社会、对大学、对未来深刻的见解和一颗求是的心。但校长给我的印象是按着PPT念，说着一些很大很空的培养方案，不停地吹浙大的各种数据指标，然而这有意义吗?求是的风范哪去了？一味地关注排名有意思吗?\n\n至于正态，三分一档还未体验，不做评价。\n\n希望这只是我看到的校长的片面，了解之后，再考虑改分。\n\n浮躁的浙大又如何成为一流大学呢？
85934,3416,吴朝晖,2018-08-25 12:25:52,10,15,5,浙大“妇联网”建设领军人物\n\n出场自带BGM“掌声”的大帅哥\n\n每讲一句将会触发被动“掌声”
85936,3416,吴朝晖,2018-08-26 07:29:18,8,13,5,真的尴尬 被要求鼓掌 不知道我浙的自由民主在哪
85938,3416,吴朝晖,2018-08-25 12:41:27,16,18,2,他忘记竺可桢校长的两个问题了
85940,3416,吴朝晖,2018-08-25 12:46:58,5,9,4,我tm真不知道哪找来的弱智问题，我??你赶紧让我回寝室8
85941,3416,吴朝晖,2018-08-25 13:03:06,4,4,0,听其言，观其行\n\n
85943,3416,吴朝晖,2018-08-25 14:26:20,0,2,2,Very good
85949,3416,吴朝晖,2018-08-25 16:57:30,-14,16,30,不玩手机，认真听校长先生的报告是不错的。单从报告会来讲，吴校长无论是从语言还是思想上，绝对是一个合格的演讲者。吴校长在任期间，浙江大学实现了腾飞，这既是国家和浙江的功劳，更是因为校长的智慧。作为新生，我是资瓷吴校长！
85959,3416,吴朝晖,2018-08-26 04:35:02,-8,0,8,干的漂亮
85968,3416,吴朝晖,2018-08-26 08:09:37,1,10,9,新年唱歌超可爱啊 还有哪个学校的校长能这样给同学们带来欢乐呢 说起来其实很自豪\n\n正态分布 放鸽子啥的确实恶心 虽然打了1分 还是要相信自己的校长 相信自己的学校\n\n更不应该只做一个钢化膜侠\n\n
85979,3416,吴朝晖,2018-08-26 10:51:58,19,24,5,亲切，和蔼，反正我喜欢他，他把我们浙大带入世界负100强
85981,3416,吴朝晖,2018-08-26 11:05:57,13,13,0,官僚而已
85982,3416,吴朝晖,2018-08-26 11:07:58,6,8,2,新生始业教育，坐在后排，本来就听不见，声音还这么小，有气无力。
85984,3416,吴朝晖,2018-08-26 11:15:08,0,1,1,。。。
85989,3416,吴朝晖,2018-08-26 11:51:35,6,7,1,有点浮躁，过于拘泥于吹数据了
85999,3416,吴朝晖,2018-08-26 12:46:27,-1,0,1,不用看慕课了。
86086,3416,吴朝晖,2018-09-16 11:34:34,9,10,1,辣鸡。
86166,3416,吴朝晖,2018-09-09 12:02:45,-40,14,54,非常好的校长，骂校长的学生太肤浅了！
86183,3416,吴朝晖,2018-09-10 04:21:02,6,7,1,我要放假
86302,3416,吴朝晖,2018-09-13 00:44:48,4,4,0,垃圾正太
86303,3416,吴朝晖,2018-09-13 01:58:35,12,17,5,有点心疼校长? ，分数这么低。\n\n但是正态分布真的有点坑d(ŐдŐ๑)
86312,3416,吴朝晖,2018-09-13 10:23:38,5,5,0,正太。。。。。\n\n
86316,3416,吴朝晖,2018-09-13 11:04:36,9,9,0,三分一档恶心
86380,3416,吴朝晖,2018-09-14 09:58:44,4,4,0,呵呵呵呵。
86383,3416,吴朝晖,2018-09-14 12:00:20,4,4,0,辣鸡正态
86409,3416,吴朝晖,2018-09-15 09:08:30,5,5,0,差差差
86624,3416,吴朝晖,2018-09-17 13:17:19,9,16,7,真谢谢你的正态，祝你全家正太，坟头草是绿的，不然孤零零的会很难看
86694,3416,吴朝晖,2018-09-18 04:16:35,9,9,0,正态垃圾
86741,3416,吴朝晖,2018-09-18 08:34:14,15,16,1,垃圾正态分布毁我青春
86787,3416,吴朝晖,2018-09-18 23:57:30,13,13,0,为什么有三分一档，有正太分布
86984,3416,吴朝晖,2018-09-20 01:17:43,393,412,19,我军训时当了卫生员，一直勤勤恳恳为同学服务，结果只因为音域不够，没办法参加合唱，没有合唱加分，就直接被正太到3.3...我们的军训真的是要用这些乱七八糟加分来衡量的吗？不衡量体制，不衡量吃苦耐劳的精神，不衡量为人民服务的信念，却要靠是否能唱歌，是否文笔够好来为一个人定高低。这样的军训是否与军训本身的目的相违背？
87109,3416,吴朝晖,2018-09-20 11:14:21,2,2,0,垃圾正态
87115,3416,吴朝晖,2018-09-20 12:14:08,1,1,0,辣鸡正态
87163,3416,吴朝晖,2018-09-21 04:33:07,45,49,4,多谢校长！我推出来了P（μ-3σ≤x≤μ+3σ）=0.9974
87174,3416,吴朝晖,2018-09-21 08:04:28,0,0,0,呃呃呃
87185,3416,吴朝晖,2018-09-21 12:59:51,48,51,3,无fuck说，在他带领的浙大正在和世界一流大学的目标背道而驰。希望能认真反思一下现在浙大的政策能不能培养出世界一流人才。浮躁与形式主义盛行。
87214,3416,吴朝晖,2018-09-28 09:03:45,5,6,1,感觉校长存在感不大强啊
87414,3416,吴朝晖,2018-09-28 14:55:49,8,9,1,本科生课程安排是闹着玩的吗？是谁拍着屁股决定的？
87492,3416,吴朝晖,2018-09-29 14:38:07,1,1,0,真辣鸡。
87752,3416,吴朝晖,2018-10-11 12:50:17,88,95,7,大家别学了，出去水个讲座，听个报告，找爸妈单位开个志愿者时间，绩点3.6就能评上一奖了耶
87808,3416,吴朝晖,2018-10-14 14:38:52,289,315,26,哈哈哈，我是某大类第二名，荣获三等奖学金，但是我很开心哦！因为我们大类第一名也是三等奖哈哈哈哈哈
87834,3416,吴朝晖,2018-10-15 07:31:24,0,0,0,666
87915,3416,吴朝晖,2018-10-17 13:10:04,3,3,0,辣鸡！
87921,3416,吴朝晖,2018-10-17 17:27:21,5,5,0,就是个蠢货
87977,3416,吴朝晖,2018-10-19 05:28:31,42,43,1,什么狗屁正态\n\n非得要选出垫底的人？！\n\n按比例？！！\n\n基数都是很优秀的呢？！！！\n\n也被正态？！\n\n我要是知道浙大是这种制度\n\n当初还tmd会报这个学校\n\n从不报粗口的，来浙大天天爆粗\n\n这些什么乱七八糟的制度\n\n什么都有加分什么鬼？！\n\n这样就变得参加什么活动都是有功利的目的性！初衷？！自己原本想做的想过的生活呢？！还丰富课外生活？呵~都是fp
88138,3416,吴朝晖,2018-10-23 02:27:04,3,3,0,无语了
88153,3416,吴朝晖,2018-10-23 06:36:07,3,3,0,呵呵呵
88194,3416,吴朝晖,2018-10-24 00:00:06,4,4,0,呵呵呵
88480,3416,吴朝晖,2018-10-31 07:30:45,4,4,0,呵呵呵
88544,3416,吴朝晖,2018-11-23 03:30:38,7,7,0,为什么没有零分
88929,3416,吴朝晖,2018-11-12 11:24:49,3,3,0,后悔死了
88959,3416,吴朝晖,2018-11-12 14:25:55,20,28,8,这两年浙大的快速发展一定和校长的努力是分不开的，但是一些学校内部管理制度上确实存在一些问题，包括选专业的问题，正态的问题，绩点计算的问题，评奖评优标准的问题等等，但这些问题在其他学校实际也或多或少存在，只是没有写在表面而已，同样这些制度也多少有它积极的一面，没有必要这样骂校长吧。。。
89105,3416,吴朝晖,2018-11-15 15:10:19,2,5,3,楼下的兄弟，要发财大家一起啊
89126,3416,吴朝晖,2018-12-06 00:18:28,26,34,8,那个夸吴朝晖的同学…很可爱嘛\n\n可能在一片骂声中说几句好话可以显示你的不同?
89225,3416,吴朝晖,2018-11-17 05:08:42,6,6,0,没有时间观念的校长绝不是好校长！！！！！！
89249,3416,吴朝晖,2018-11-17 13:23:39,58,61,3,军训被正太，感觉要付出很多才能把绩点提升到和室友一样的成绩，而且现在这个时代内向的人是不是没有生存空间了？
89379,3416,吴朝晖,2018-11-19 01:38:27,0,0,0,呵呵呵\n\n
89562,3416,吴朝晖,2018-11-19 14:42:25,-2,0,2,呜呜呜?
89685,3416,吴朝晖,2018-11-20 09:14:19,8,8,0,三分一档多的两分就一点都不值吗？
89704,3416,吴朝晖,2018-11-20 10:26:52,0,0,0,。。。。
90176,3416,吴朝晖,2018-11-22 10:41:41,0,1,1,从众给分
90213,3416,吴朝晖,2018-11-22 13:19:24,5,5,0,垃圾正态
90442,3416,吴朝晖,2019-06-08 13:24:03,146,158,12,不知道正态是什么的在这边科普下：\n\n90分及以上的人数必须”少于”20%\n\n79分及以下的人数必须”多于”30%\n\n所以原来校方喜闻乐见学生的成绩普遍低下？？\n\n现在的我很清楚的暸解到大学和中学的差别：\n\n中学是一个你努力就会有一定收获的地方，\n\n大学是一个你努力你也不知道在瞎忙什么的地方
90555,3416,吴朝晖,2018-11-24 04:09:42,4,4,0,浙大要亡！
90570,3416,吴朝晖,2018-11-24 07:00:38,2,2,0,为什么要设正态呀
90615,3416,吴朝晖,2018-11-24 14:42:54,21,24,3,尼玛的3分一档，老子连着5门88。玩你吗呢
90749,3416,吴朝晖,2018-11-25 15:42:20,2,2,0,取消正太
90750,3416,吴朝晖,2018-11-25 15:43:08,4,4,0,为什么信箱先经过本科生院
90855,3416,吴朝晖,2018-11-26 15:47:04,8,9,1,为什么非要搞正态分布\n\n为什么在培养方案里逼计算机学生学化学
90859,3416,吴朝晖,2018-12-25 03:38:13,65,70,5,口口声声说扶持文科，然而人文专业的学生却没课上，我无话可讲，只是一些制度不是当门面的，是要落实的，每次选课我都感觉要被退学，即使不增加人文的开课，让学分低的人文学生优先选通识课也行啊。来到浙大，虽不是原来预想的学校。但是既然来到这儿，我只想学到东西。
90913,3416,吴朝晖,2018-11-27 10:42:34,1,1,0,还是自己加油吧！
91410,3416,吴朝晖,2018-12-09 09:12:54,0,1,1,.....\n\n
91497,3416,吴朝晖,2018-12-12 01:33:11,0,0,0,不予置评
91502,3416,吴朝晖,2018-12-12 03:21:40,12,13,1,三分一档再见吧！！\n\n出一门卡一门，四年下来被卡了不知道几十个学分！！！差一分绩点差0.3！几十个学分攒下来我tm哭到死！\n\n实事求是不好吗！一分0.1不好吗
91636,3416,吴朝晖,2018-12-17 02:20:56,3,3,0,。。。
91690,3416,吴朝晖,2018-12-18 02:44:19,16,19,3,大家也只能在这上面骂骂他了。真悲哀
91738,3416,吴朝晖,2019-06-28 09:16:02,72,77,5,每到期末都要来您的查老师一趟（龇牙）垃圾正太
91798,3416,吴朝晖,2019-01-21 13:14:45,4,6,2,正态分布就是容忍老师瞎给分而不会使学生分数分布更合理
91865,3416,吴朝晖,2018-12-27 01:38:01,1,1,0,...
91893,3416,吴朝晖,2018-12-24 11:56:08,2,2,0,取消正态
92018,3416,吴朝晖,2019-01-01 12:48:00,71,75,4,放假迟，课还上不完，压缩学时有个屁用，杂七杂八烂课一堆，专业知识学不精。给我们上课的老师都承认，下面考研上来的学生专业知识比本校学生懂的都多，还特么通识教育，恶心
92027,3416,吴朝晖,2018-12-25 12:56:08,0,0,0,aaa
92029,3416,吴朝晖,2018-12-25 13:02:49,46,49,3,专业前十因为没有标兵被评了三奖，我请问标兵意义何在，学习意义何在
92093,3416,吴朝晖,2018-12-26 09:34:03,2,2,0,垃圾正态分布
92096,3416,吴朝晖,2018-12-26 10:06:37,40,41,1,放假晚的跟高三一样
92116,3416,吴朝晖,2018-12-26 12:46:43,-18,2,20,太棒啦我好爱，希望能再听一次你的????❣️❤️?????
92263,3416,吴朝晖,2018-12-27 10:28:03,1,1,0,日常佛系
92285,3416,吴朝晖,2018-12-27 12:05:31,-15,21,36,我个人认为校长还是可以的。很多人在前面骂正态，但这个却能促进不努力的人努力一把，努力的人更努力。真正优秀的人是不会被任何制度打倒的。这些道理其实我们都懂，只是上大学之后，我们很多人在大学因为各种原因，没有了高中时期作为好学生的优越感，又不想把原因归结于自己，就找了一个骂正态的发泄口。请大家不要喷我，我上学期大计基不及格，但是我知道我是真的没有读书，心里总是抱着侥幸心理，认为我这么“优秀”不读书也能过。当然，代价是惨痛的。 关于校长迟到的问题，因为我当时不了解情况，印象也不深，也不好过多做评论。但是，为什么大家都认为校长是故意迟到的？为什么都认为是为了摆架子，下马威？如果换一个角度想，校长那天在北京开会，千里迢迢赶来就为了一个新生见面会，是不是一切都不一样了。这些都是我的猜测。不是为了给校长开脱，而是想让我们不要妄做评价，不要人云亦云。 最后，我想说，作为浙大学子，这种在别人名字后面一排排骂的行为真的非常非常的懦弱，卑鄙。让我想起很多平台上粉丝为了自己的爱豆撕逼的场景，真的真的很蠢。如果觉得不对，就提出来，找班主任，找系主任，找院长，一级一级找下去。这样躲在这里说三道四却盼望有人能站出来，永远也解决不了问题。
92350,3416,吴朝晖,2018-12-28 02:54:22,10,10,0,贵为一校之长，对现有的缺点视而不见，对学生老师的反馈置若罔闻，各种限于形式的活动接连不断，正态分布不取消，打卡制度不改革，要你何用！
92405,3416,吴朝晖,2018-12-28 09:36:16,239,251,12,校长信箱被查水表加一！直接顺着学号查到的！举报的事情最后学院“内部完美解决”了，其实就是解决了提出问题的人呗！看着班长一直被叫喝茶，道歉，最后还要再写一封信报告学院解决得很好，学院和学生两方都有错吧啦吧啦内心真不是滋味！抱着满腔热血想要改变一点点周围的不公正的想法被冰水浇透了……
92435,3416,吴朝晖,2018-12-28 14:38:06,4,5,1,正态真好TM垃圾
92580,3416,吴朝晖,2019-01-03 03:56:39,49,56,7,大家别担心绩点，没关系的；标兵才是这位校长检验大家是否优秀的唯一标志；这位校长在时刻提醒大家，别学习了，做点其他活动吧，这样才有奖学金，这样学校才可以拿出去吹牛。相信不久的将来，浙大将有越来越少的人学习专业课，将竞争的精力全部放在思政课和通识课上，甚至将会有人翘课去做志愿活动，因为学习不再重要…… 不过感谢校长，让我的英语学习动力十足。 努力学好托福，出国读研，我不陪你们玩了，我毕业后还要吃饭，你们慢慢搞标兵吧，在下实在没有精力。老师都是好老师，考进来的学生也原本都是好学生，但是这位校长的存在，学校的浮夸主义，虚无主义气氛愈发浓烈。 既然改变不了环境，那么就要改变自己。我实在太菜，无法与你们同台竞技。在下告辞。同时也深深佩服校长能够彻底颠覆这所学校。。。 学校一些制度不完善，校长可能顾不过来；但是这种本末倒置，不重视学习，不鼓励学习。原则性的错误，不可原谅。否则我校便是下一场文革，当道者好多都像张铁生那样。
92664,3416,吴朝晖,2019-01-03 11:51:06,-3,0,3,。。。
92667,3416,吴朝晖,2019-01-03 12:17:14,-2,3,5,辣鸡校长！
92674,3416,吴朝晖,2019-01-03 13:14:54,-2,4,6,傻逼。不配做浙大校长\n\n
92693,3416,吴朝晖,2019-01-03 18:04:47,8,8,0,快取消正态分布吧！！！！要不然要你何用？？？
92873,3416,吴朝晖,2019-01-05 13:55:31,5,5,0,。。。。。。
92929,3416,吴朝晖,2019-01-06 01:26:33,4,4,0,麻烦取消正态
93229,3416,吴朝晖,2019-01-15 03:28:35,-2,4,6,傻逼！
93248,3416,吴朝晖,2019-04-30 00:09:43,-126,27,153,那没评上奖学金的那位别酸了，自己不会全面发展还说学校不让你学专业课？我浙要培养的是你这种拿着高绩点却素质低下的人吗？
93278,3416,吴朝晖,2019-01-08 15:56:25,50,55,5,概率论的知识告诉我们，自然界许多现象是满足正态分布的。学生的智力水平，包括学习能力，实际动手能力可能也是呈正态分布。\n\n但是不要忘记，教育是有人工干预的行为，不是自然的分布。如果经过教育的学生还是和自然一样的分布，那我们的教育有什么作用呢？教育是要让学习成绩不是随机事件。\n\n举一个最简单的例子，
93328,3416,吴朝晖,2019-01-09 04:26:55,11,11,0,有的课可以正态，但更多课真的不能正态！
93377,3416,吴朝晖,2019-01-09 08:09:19,1,3,2,....
93469,3416,吴朝晖,2019-01-10 02:31:48,12,13,1,制度不改，浮躁之气不除，浙大必衰败
93573,3416,吴朝晖,2019-01-10 12:48:32,23,24,1,你要面子，我要里子
93618,3416,吴朝晖,2019-01-11 03:05:26,10,11,1,正态分布和三分一档太tm坑了...
93666,3416,吴朝晖,2019-01-11 09:32:59,8,8,0,请去掉正态！
94085,3416,吴朝晖,2019-01-15 06:55:50,6,6,0,请取消正态分布
94398,3416,吴朝晖,2019-01-16 10:01:00,17,20,3,来了浙大我没有感受到一丝自由民主。这还是一个大学该有的样子吗?
94418,3416,吴朝晖,2019-01-16 11:35:11,19,19,0,正态，让恶竞开花结果，让学生思想败坏。
94604,3416,吴朝晖,2019-01-17 10:55:53,9,12,3,德不配位\n\n尸位素餐
94761,3416,吴朝晖,2019-01-18 05:25:21,11,14,3,垃圾，就知道形式主义，正态分布，学校浮躁，浙大有你这个校长倒霉，给你1分
94816,3416,吴朝晖,2019-01-18 08:42:45,-15,10,25,傻逼校长，浙大药丸 疯狂恶竞 进不了计院的同学就只有等死，永无翻身之日。\n\n
95078,3416,吴朝晖,2019-01-18 16:32:24,4,5,1,取消正态分布！！！
95144,3416,吴朝晖,2019-01-19 01:43:25,5,7,2,被卡绩了，别想转专业了，，呵呵
95308,3416,吴朝晖,2019-01-19 07:44:09,2,2,0,。。。
95346,3416,吴朝晖,2019-04-06 06:32:59,137,145,8,麻烦您把舔外国佬一半的钱拿出来好好弄弄校园网可以吗？？？
95701,3416,吴朝晖,2019-01-20 02:13:14,16,17,1,浙大要亡在你手上。。。啥正态？？希望改进本科生课程学分及课时的分配，把上毛概等思政课的大把学时用在主干课程上。
95790,3416,吴朝晖,2019-01-20 05:06:17,9,10,1,几乎所有的学生都对你们的评分 选课 和 绩点要求 不满。为什么你们就是不变一变呢？
95865,3416,吴朝晖,2019-01-20 06:54:15,-4,5,9,1.正态傻逼\n\n2.成绩高就一定要拿一奖？\n\n3.我想上课为什么还要抽奖？
95914,3416,吴朝晖,2019-01-20 08:16:32,1,1,0,。。。
96162,3416,吴朝晖,2019-01-20 13:43:56,6,7,1,请取消正态分布和三分一档！
96216,3416,吴朝晖,2019-01-20 14:33:56,26,28,2,全班119个人，要求36个人80分以下，90分以上不超过23人，我就想问，这是什么sb要求，你当老师还必须要求自己的学生有30%是成绩差的，优秀的不能超20%？如此恶心的思想，我只能默默鄙视你并且打个1分
96274,3416,吴朝晖,2019-01-20 15:54:23,7,11,4,卡绩卡出combo了 数不清拿了多少个88 吴朝晖nm$l
96345,3416,吴朝晖,2019-01-21 00:57:37,13,13,0,希望取消正太分布，实在太不合理了，思修课，老师话没讲完，一堆人举手，站起来就讲几句废话，这有意义吗？所有经历全在思政通识的恶竞上，这合适吗？
97750,3416,吴朝晖,2019-01-22 14:52:41,16,17,1,作为老生我就不提正态了，今天离开学还有一个月，而我们的考试粥还有足足小半碗。\n\n
97798,3416,吴朝晖,2019-01-22 16:42:04,24,29,5,我出了三门，一门88一门85一门91，正态杀我，球球取消这个辣鸡正态吧，把心思用到浙大学生的心理辅导上吧。。。别只会出了事情封锁消息。。。。。
97829,3416,吴朝晖,2019-01-22 23:17:33,12,14,2,他忘记了竺可桢的两个问题，不是一个合格的浙大人，差评
98044,3416,吴朝晖,2019-01-23 04:18:23,4,4,0,求求你别正态了
98058,3416,吴朝晖,2019-01-23 04:37:09,7,10,3,军训等教官晒倒了几个没点b数?
98620,3416,吴朝晖,2019-01-23 16:04:03,5,6,1,呃 倒是对校长没什么恶感 不过最近的事情还是希望学校作出一些反应？？
98802,3416,吴朝晖,2019-01-24 02:58:16,-2,1,3,嘿嘿嘿
99023,3416,吴朝晖,2019-01-29 07:17:28,28,32,4,就问取消正太每次考试周会少死多少人，我浙学子的学习动力绝对不是只有在比较中才能激发的。
99149,3416,吴朝晖,2019-01-24 10:23:43,67,72,5,我觉得正态分布也没有什么大问题，虽然降低了分数，但它至少在强化竞争的同时保证了公平。但是三分一档呢？\n\n100分和92分只差0.2绩点，91和92却相差0.3个绩点，这真的合理吗？又不是不能分得更细，为什么要强行把成绩分成十几个小区间呢？88和86就真的没有任何差别吗？88和89就真的有那么不同吗？我相信您也会知道在这种制度下，平均分高而平均绩点低的情况完全成为了可能。如果将成绩划成如优、良、中、及格、不及格等的这几大块我或许还能理解它的意义，但这些三分一档的小区间真的有任何实际意义吗？它除了能带来更多的不公平还能带来什么呢？抱歉，怪我才疏学浅，实在想不出。希望您和学校能告诉我答案。
99658,3416,吴朝晖,2019-01-25 04:36:11,11,12,1,别人都给你打一分，我也给你打一分吧
99785,3416,吴朝晖,2019-01-25 07:23:25,9,11,2,取消正态分布
100372,3416,吴朝晖,2019-01-26 03:57:27,-4,6,10,帅气呀
100742,3416,吴朝晖,2019-01-26 16:26:59,5,6,1,辣鸡中的战斗机
101607,3416,吴朝晖,2019-01-28 14:51:57,25,26,1,放假这么晚赶春运到底是什么心态？
101848,3416,吴朝晖,2019-01-29 09:11:23,21,23,2,老师都在怼正态您不知道？学生都在骂您您不知道？样本容量这么小您正态？为了正态去让老师改成绩您能不能尊重原始数据？到时候浙大学生科研造假，说浙大连成绩都能改我实验数据不能改？那您是不是得背锅啊？您这样真能把浙大建设成双一流？
102031,3416,吴朝晖,2019-08-19 12:31:07,29,67,38,"不小心点进来?我浙的学子戾气这么重吗。这个学期感触很多吧，大家也都知道，出了很多事情。想想也能想明白，至少名号上双一流说明能来这读书的都不是特差的。渐渐的""好学生""啊聪明啊不属于自己了，因为大家都差不多，没什么人给你垫底。有排名就有首尾，我觉得大家更受不了的是渐渐好像没那么优秀了吧。但是一拉评论被这扑面而来的戾气吓到的?正太啊，三分档啊我也是过来人感同身受，但没必要这么辱骂吧…有些说法我真的不敢苟同。赞同前面有人说的，优秀的人在任何制度下都能优秀。我就有一个同学神到我无法想象，但也确实是他特别努力。在这里骂啊嘲啊后悔啊有什么用，在他们改变制度前自己努力一把不是更合算吗。说实话我很讨厌恶竞，但反过来看，恶竞确实让我做事情更认真更主动了。有利有弊吧，骂的太难听了有些。"
102041,3416,吴朝晖,2019-01-30 06:26:12,11,12,1,不说正态了，三分一档着实恶心
102451,3416,吴朝晖,2019-02-02 10:06:26,0,2,2,呵呵哒
102583,3416,吴朝晖,2019-02-11 04:55:14,0,5,5,还行计算机个人感觉
102719,3416,吴朝晖,2019-02-22 03:30:44,9,10,1,偶然看到敬爱的校长，那就帮军训教官评个1分吧
102888,3416,吴朝晖,2019-02-24 23:50:13,-10,3,13,我觉得校长还行吧
103225,3416,吴朝晖,2019-03-06 01:30:48,12,25,13,傻逼老师，凭什么计院预置课程比其他同学轻松这么多，凭什么只有计院不用学工图
103242,3416,吴朝晖,2019-02-27 03:04:37,6,6,0,一分鼓励
103287,3416,吴朝晖,2019-02-27 07:09:06,3,3,0,困，\n\n辣鸡正态
103328,3416,吴朝晖,2019-02-27 10:18:07,3,3,0,不要正态，真的
103339,3416,吴朝晖,2019-02-27 11:06:13,0,1,1,：（：（：（
103375,3416,吴朝晖,2019-03-24 03:05:16,29,34,5,正态分布固然不是这校长的原创，但是面对这么大一个痛点无所作为却是绝对不行的！这是违背立德树人的初衷的！你倒好，粉饰太平，还制造出了体育打卡制度，进一步压榨本来就不多了的浙大学子的课余时间，是何居心？！浙大学术浮夸风这么严重，你可曾看见么？浙大在某种程度上没有言论自由，想说的不敢说，要说的不让说，你可曾看见么？师生都说着违心的话，做着违心的事，离世一大的目标越来越远，你可曾看见么？？！！
103464,3416,吴朝晖,2019-02-28 08:50:07,5,5,0,辣鸡辣鸡辣鸡\n\n重要的事说三遍
103465,3416,吴朝晖,2019-02-28 08:51:17,42,47,5,大家也别光顾着骂吴校长了，打个1分再走吧
103738,3416,吴朝晖,2019-03-05 01:27:35,2,3,1,hhh
104132,3416,吴朝晖,2019-03-12 15:54:53,20,24,4,浙大恶竞体系造就浙大舔狗学生\n\n
104538,3416,吴朝晖,2019-03-23 04:00:04,6,6,0,emmm五一到底怎么放假？？？？？
104549,3416,吴朝晖,2019-03-23 10:48:44,-4,3,7,说计院轻松的那位您不看看校长是哪个系的?
104697,3416,吴朝晖,2019-03-26 05:01:23,24,26,2,校长不好当，让我来吧?
105056,3416,吴朝晖,2019-04-03 03:13:49,0,2,2,nmsl\n\n
105074,3416,吴朝晖,2019-04-03 06:20:35,2,2,0,hhh
105223,3416,吴朝晖,2019-04-07 15:19:27,-6,4,10,口齿清晰吴朝晖
105453,3416,吴朝晖,2019-04-14 09:39:12,17,19,2,传统工科还想不学工图?
105531,3416,吴朝晖,2019-04-16 06:45:14,0,4,4,nmsl
105635,3416,吴朝晖,2019-04-17 14:22:33,13,14,1,取消三分一档，取消那些没有意义的活动
105808,3416,吴朝晖,2019-04-21 05:43:13,16,20,4,觉得校长没大家讲的那么差，当校长也有太多的身不由己
106228,3416,吴朝晖,2019-04-26 00:05:48,62,73,11,给十分是因为私心敬你是混合班首届毕业生。但是意见还是很多的:1.为什么一学期连续挂了多门必修课门的学生，因为爸爸妈妈有钱有势说可以改培养方案（实际上我们的培养方案必修课程不能改），就可以不退院。2.为什么很多专业排名前三纷纷三奖，而有钱出国玩几周或者干活一小时就有八小时志愿者小时数的人都可以一奖，是鼓励我们数据造假，还是教育我们金钱至上？3.希望竺院加强末位淘汰制！4.希望加强对班主任和辅导员的教育，不要背后散播学生私事，
106603,3416,吴朝晖,2019-04-28 09:53:13,24,25,1,最近夏天到了 天气炎热 是否领导们的脑子也发热了呢 开了若干纯英语课 美其名曰国际化 这些课学分低 要求多 专业性强 学时多 英语要求高 看着大家都不敢选的样子 又想到学校投进去的真金白银 大三下学期这浮夸的教学 怕是我们学生即使有着屈原的秉性 也触动不了学校这个楚怀王 中国高等教育这个楚怀王\n\n
107184,3416,吴朝晖,2019-05-02 06:43:03,10,10,0,强烈要求取消正态分布
107261,3416,吴朝晖,2019-10-11 09:37:46,-275,56,331,传统工科在这个学校里没有任何尊严，甚至不如脑残人文社科
107397,3416,吴朝晖,2019-05-05 00:28:36,15,20,5,多管管金试的，可不好好上，自己又男朋友还日常约别人男朋友晚上去散步，迷死
107399,3416,吴朝晖,2019-08-19 13:15:28,143,162,19,你管学校像cxk
107491,3416,吴朝晖,2019-05-06 01:40:21,126,140,14,竺可桢醒过来不扇你两巴掌！
107727,3416,吴朝晖,2019-05-08 13:51:42,48,54,6,我一个月三十网费你给我这样的校园网？
107833,3416,吴朝晖,2019-05-10 08:38:18,-20,1,21,
108060,3416,吴朝晖,2019-05-14 02:40:16,33,37,4,学术自由，言论自由几乎不存在，不过这不是浙大特色，大陆高校都这样
108155,3416,吴朝晖,2019-05-15 16:32:55,18,20,2,浙江不放假大学，明年又是卡年底放寒假，春运抢不到火车票！！！
108202,3416,吴朝晖,2019-07-02 03:22:18,-174,22,196,果断十分，正态好啊，，，，我靠着思政课全是4.8以上，碾压了一群专业课满绩大佬，要不然还没法保研了，，，，谢谢吴校长！！！！！！！！！！！
108205,3416,吴朝晖,2019-05-16 09:00:12,41,44,3,评奖评优为毛体育要求这么高，一奖国奖非要体育良好，二奖以上非要两个什么标兵。不是我说，标兵这一堆真的好虚，大一还好，大二了都想好好学习专业课，硬逼着想好好学习的人干一些杂七杂八的事情。真不觉得新版评奖评优有什么好的。
108206,3416,吴朝晖,2019-05-16 09:33:38,31,32,1,为什么保研综素比例那么高？？？
108237,3416,吴朝晖,2019-05-17 01:56:45,55,56,1,现在学风越来越浮夸了，思政课比例进一步提高(当然这是教育部规定的，全国都统一)，各种活动盖过了专业课。保研政策里素拓比例越来越高，奖学金评比越来越虚。听到老师抱怨说很多保研学生的专业知识还没有考研上来的扎实，感觉很寒心。
108254,3416,吴朝晖,2019-05-17 15:34:07,44,47,3,校历出了。明年1月24号过年你1月18号才放假？？！比高三还迟，又是全国最迟。想让我们回不了家？！
108258,3416,吴朝晖,2019-05-18 04:27:07,20,27,7,垃圾校长，把浙大弄的这么浮夸，恶竟风气就是你这逼的正态搞的(思政 通识尤为明显)。\n\n更严重的评奖跟学业关系变小、综素比例变大。你娘了个臭逼的，大学干啥你这个死妈废物知道不?没有坚实基础，甭想指望出什么成果。你这摊狗逼畜牲，校长是靠关系弄虚做假来的吧，不会治理就他妈的滚蛋。学校必须要有人性化，我要公平公正、对学习注重的环境，而不是造假的环境。\n\n
108444,3416,吴朝晖,2019-05-24 07:11:37,12,13,1,似乎现在正态分布又加强了，好多课都变成强制了
108554,3416,吴朝晖,2019-05-28 10:12:20,12,13,1,为什么感觉校长真的没什么建树
108772,3416,吴朝晖,2019-06-01 17:18:59,9,9,0,正态分布该取消了吧！
108864,3416,吴朝晖,2019-06-03 11:02:03,12,14,2,职业教育大会迟到两个小时，跟郑强完全两个级别的校长，快辞职吧，谢谢你
108900,3416,吴朝晖,2019-06-04 01:23:47,-33,4,37,楼上那个评奖的，你要么做行政要么做科研，学习好就是优秀吗？如果只是学习成绩好，如果只是埋头苦读，既没有运用也没有给大学注入活力，那么请问，这是一种优秀吗？\n\n所谓舔制度只是迎合政策，固然有问题存在但也不失其在这个大环境下的用处。学院还是分的很开的，做科研的做科研，想搞行政的搞行政，看得不开的只是个人罢了
109273,3416,吴朝晖,2019-06-12 15:05:29,1,1,0,哼!!
109473,3416,吴朝晖,2019-06-15 13:34:53,-3,0,3,评论有点激烈
109512,3416,吴朝晖,2019-06-16 06:40:06,3,3,0,垃圾东西
109810,3416,吴朝晖,2019-06-19 11:26:09,13,13,0,校长信箱有个什么用，没回应还让辅导员查人
109811,3416,吴朝晖,2019-06-19 11:23:51,7,7,0,灵魂拷问:正态分布啥时候取消？？？\n\n? 白眼您自行体会哈
110002,3416,吴朝晖,2019-06-21 04:26:35,5,5,0,
110190,3416,吴朝晖,2019-06-24 09:23:48,-1,14,15,底下说脑残人文社科的看不惯退学嗷，毕竟不是谁都有妈
110214,3416,吴朝晖,2019-06-24 14:18:52,26,27,1,六十万校友齐心协力，浙大领导带头浮躁\n\n不是针对校长\n\n浙大半数以上的领导，整天嘴上BB着求是，竟做些官样文章，搞一堆形式化的屁事，还要求学生必须参加。还一天天讲着求是精神，您配吗？
110321,3416,吴朝晖,2019-06-25 15:29:55,25,29,4,脑残人文社科？真的为有你这种校友而感到耻辱....
110416,3416,吴朝晖,2019-06-26 12:52:33,20,24,4,那个说脑残人文社科的，不好意思，都是人，我们活在这世上呼吸你家的空气了？还是走你家的路了？gkd！
110461,3416,吴朝晖,2019-06-30 18:32:47,14,15,1,一入浙大深似海
110688,3416,吴朝晖,2019-06-28 04:26:44,6,6,0,大垃圾
111097,3416,吴朝晖,2019-06-29 15:28:10,41,42,1,玉泉学生跳楼学校为什么删帖
111499,3416,吴朝晖,2019-07-01 23:12:11,43,43,0,求求你取缔海院吧\n\n\n\n坑了一届又一届，能坑一届是一届。\n\n\n\n分配给海院的老师有些真的是。。。\n\n\n\n我上个大学感觉成了后娘养的\n\n\n\n虽说条条大路通CS，但是何必逼学生考研呢？\n\n\n\n当年也是傻，老老实实去个武大华科啥的读机械电气计算机比海院强一万倍
111560,3416,吴朝晖,2019-07-02 03:21:50,12,15,3,吴校长，\n\n❤❤❤\n\nNever Mind the Scandal and Liber.\n\n❤❤❤
111925,3416,吴朝晖,2019-07-10 10:17:10,9,14,5,大家多踩踩
111994,3416,吴朝晖,2019-07-03 06:08:44,5,5,0,3分一档真恶心
112122,3416,吴朝晖,2019-07-08 07:29:08,26,32,6,☆超级巨星☆\n\n             吴朝晖\n\n☆恶俗之最☆\n\n吴朝晖拥有院士头衔，成为学界地位极高的壬。\n\n\n\n☆电脑中级高手☆\n\n吴朝晖从事计算计研究，是当之无愧的电脑中级高手。\n\n\n\n☆精品☆\n\n本条目受竺可桢先辈和历代求是学子认可。\n\n\n\n☆加速补充☆\n\n鉴于吴朝晖的事迹极其恶劣，我们迫切需要您的帮助来完善本条目中的历史事迹。\n\n\n\n☆注意备份☆\n\n请及时保存吴朝晖的相关资料，包括但不限于文章、音视频素材、语录、美图等等，以免被吴朝晖自我削除或被不可抗力与其他未知因素削除。\n\n\n\n职业\n\n       校长\n\n       院士\n\n      迫真导师\n\n\n\n常用ID\n\n       吴朝晖\n\n       吴校长\n\n       吴院士\n\n阵营\n\n        走肖\n\n         TG\n\n事迹\n\n      大家都知道\n\n其他内容\n\n       待补充\n\n\n\n！警告！吴卓月日军属于迫真赵家人，具有极强的反咬和召唤赵弹的能力。与其激情互动时请务必保护好个人信息，以免为自己带来不必要的笋丝。
112459,3416,吴朝晖,2019-07-14 22:43:31,2,15,13,你们这些非cs下等人不光要学工图，还要学大绩杀工训呢?
112520,3416,吴朝晖,2019-07-04 16:22:18,3,4,1,上梁不正下梁歪
112958,3416,吴朝晖,2019-07-05 15:49:30,2,3,1,垃圾正态
113079,3416,吴朝晖,2019-07-05 22:49:45,3,3,0,我******（好话）
113966,3416,吴朝晖,2019-07-08 03:57:12,5,7,2,傻逼三分一档，傻逼评奖评优，傻逼校长坑学生，求求你快学林去北大念honghao之志叭，祝您高升
113981,3416,吴朝晖,2019-07-08 05:45:42,1,3,2,请取消正态分布，谢谢
114170,3416,吴朝晖,2019-07-09 02:28:24,4,7,3,培养方案就是垃圾 工图实乃工信学生噩梦
114451,3416,吴朝晖,2019-07-10 03:26:08,2,4,2,多点假期多点爱啦傻佬
115042,3416,吴朝晖,2019-07-15 00:25:39,4,6,2,也只有浙大这种给分制度让我知道除了浙大的学校都是为学生好的
115261,3416,吴朝晖,2019-07-17 07:33:20,1,4,3,为什么这么黑校长，他也不想这样
115460,3416,吴朝晖,2019-07-25 08:40:27,1,1,0,666
115536,3416,吴朝晖,2019-08-01 19:44:59,3,4,1,不作任何评价，但莫名感觉八月一号那个评论是写给新生看的……
115637,3416,吴朝晖,2019-08-13 09:35:34,1,2,1,辣鸡\n\n
115659,3416,吴朝晖,2019-08-16 06:59:55,14,16,2,宣传网红寝室，搞出八块钱一个的彩色月饼，校风越来越华而不实，你这个校长反思反思哪里出了问题
115669,3416,吴朝晖,2019-11-08 10:34:54,16,40,24,垃圾校长，给老子爬，学校出了问题就封锁消息，让外来人有浙大完全100%没问题的错觉，校医院还尽力减少食物中毒人数可还行，我觉得至少200人非得被对外宣称不到30，恶心，有好事就吹牛逼炒作网红，合并起来的产物主要是注重精度，而不是巨无霸大杂烩；还有取消正态分布让努力的人都能有回报，让更多人去更高平台深造不好吗？这狗逼校长，活着浪费空气，死了浪费土地，操你血娘了个丑逼的，滚出浙大才是王道
115690,3416,吴朝晖,2019-08-18 13:43:28,2,4,2,今年开学典礼网好吗
115698,3416,吴朝晖,2019-08-19 12:47:22,3,3,0,23333
115701,3416,吴朝晖,2019-08-19 11:03:38,0,3,3,就是来刷个一分
115702,3416,吴朝晖,2019-08-19 11:06:25,1,3,2,校长好（1分保护）\n\n（滑稽）
115703,3416,吴朝晖,2019-08-19 11:07:48,-19,2,21,蔡徐坤
115704,3416,吴朝晖,2019-08-24 16:30:27,2,5,3,取消正态分布
115705,3416,吴朝晖,2019-09-05 12:13:18,0,3,3,算了吧
115706,3416,吴朝晖,2019-08-19 12:12:49,1,6,5,辣鸡正太，去你妹的正太。成绩好缺得到了辣鸡奖。二百五东西
115707,3416,吴朝晖,2019-08-19 11:20:08,3,7,4,讲的很好，历史很强。
115709,3416,吴朝晖,2019-08-19 11:23:39,2,7,5,好无聊
115711,3416,吴朝晖,2019-08-19 11:30:49,-2,1,3,666
115712,3416,吴朝晖,2019-10-22 04:43:17,2,24,22,高考相对成绩无语了，外省200名成绩居然还没有浙江省2000名成绩高，宁是觉得200名和2000名成绩差不多 ？贵校在浙江招生倾斜已经这么大了，还要在分专业的时候暗自给这么大的优惠？我作为外省人，真的很难过
115713,3416,吴朝晖,2019-08-19 11:41:19,1,4,3,浙大No.1!
115716,3416,吴朝晖,2019-08-19 11:44:25,13,16,3,有一说一，治好了我最近失眠
115717,3416,吴朝晖,2019-08-19 11:45:15,1,3,2,鼓掌好拖节奏。
115719,3416,吴朝晖,2019-08-19 11:47:24,0,3,3,好……boring
115720,3416,吴朝晖,2019-08-19 12:11:28,9,12,3,“超了一个小时......\n\n那么我就二十分钟搞定！”
115721,3416,吴朝晖,2019-08-25 12:06:02,3,5,2,正态分布真的无语
115723,3416,吴朝晖,2019-08-19 12:12:07,-5,3,8,老师的课好好（5毛）
115724,3416,吴朝晖,2019-08-19 12:11:48,-2,2,4,自爆拖堂1小时？
115725,3416,吴朝晖,2019-08-22 14:23:43,35,43,8,就告诉我军训的时间安排是给人定的吗？\n\n每天睡5个小时，自由活动用来唱歌，每天还要写1000字通讯稿，逗我？？？
115726,3416,吴朝晖,2019-08-19 12:13:21,0,3,3,一个字，搞；两个字，很搞；三个字......\n\n
115727,3416,吴朝晖,2019-08-19 12:21:42,9,14,5,给个中性评价，但能不能憨批们别鼓掌了
115728,3416,吴朝晖,2019-08-19 12:13:49,-4,1,5,爽得很
115730,3416,吴朝晖,2019-08-19 12:15:06,-2,4,6,没意思
115732,3416,吴朝晖,2019-08-21 02:34:35,1,5,4,优秀太优秀
115733,3416,吴朝晖,2019-08-19 12:16:51,2,3,1,好困啊
115734,3416,吴朝晖,2019-08-19 12:17:46,5,7,2,学到后面鼓掌笑的越开心    /滑稽
115735,3416,吴朝晖,2019-08-19 12:19:20,6,8,2,幽默的老顽童，亲切
115736,3416,吴朝晖,2019-08-19 12:49:43,3,6,3,再来个十分
115737,3416,吴朝晖,2019-08-19 12:22:13,7,9,2,你们至于吗
115738,3416,吴朝晖,2019-08-19 12:22:47,-5,0,5,你就吹逼吧
115739,3416,吴朝晖,2019-08-19 12:22:47,2,2,0,擅长幽默
115741,3416,吴朝晖,2019-08-19 12:26:17,3,4,1,非洲 南美都搞反了
115742,3416,吴朝晖,2019-08-19 12:27:47,-5,0,5,莫名其妙
115743,3416,吴朝晖,2019-08-19 12:29:15,-7,3,10,垃圾啊
115744,3416,吴朝晖,2019-08-19 12:30:12,1,5,4,开个会累死⊙﹏⊙
115745,3416,吴朝晖,2019-08-19 12:30:13,3,4,1,打个十分
115746,3416,吴朝晖,2019-08-19 12:30:45,3,3,0,nice\n\n
115747,3416,吴朝晖,2019-08-19 12:32:47,7,17,10,浙里这么多暴躁老哥? 我觉得校长认认真真地在讲，难道不应该有最基本的尊重?
115749,3416,吴朝晖,2019-08-19 12:34:36,6,7,1,我竟然无言以对。怕被室友监督。
115752,3416,吴朝晖,2019-08-19 13:25:18,-29,2,31,吴校长是真的好啊
115755,3416,吴朝晖,2019-08-19 12:39:13,5,6,1,下课好不？\n\n
115757,3416,吴朝晖,2019-08-19 12:48:14,-5,0,5,好极了٩(♡㉨♡ )۶
115758,3416,吴朝晖,2019-08-19 12:49:19,0,0,0,2333
115761,3416,吴朝晖,2019-08-19 12:51:36,1,1,0,呵呵呵
115763,3416,吴朝晖,2019-08-19 12:54:23,1,1,0,我是拉分的
115764,3416,吴朝晖,2019-08-19 12:54:39,-2,0,2,tql
115765,3416,吴朝晖,2019-08-19 12:54:36,-2,0,2,tql
115766,3416,吴朝晖,2019-08-19 12:54:37,37,43,6,同学提问：“对于基础薄弱的新生应该怎么做呢？浙大会给予什么帮助吗？”\n\n回答：“浙大不存在基础薄弱的学生哦，不会提供任何帮助哦，要靠你自己努力学哦亲＾＾”\n\n（大意）
115770,3416,吴朝晖,2019-08-19 13:18:59,1,1,0,哈哈哈，呵呵呵
115771,3416,吴朝晖,2019-08-19 13:20:18,5,6,1,“我心潮澎湃”“我热血沸腾”\n\n
115772,3416,吴朝晖,2019-08-19 13:27:57,0,0,0,还可以
115773,3416,吴朝晖,2019-08-21 02:34:23,-7,0,7,还可以
115774,3416,吴朝晖,2019-08-19 13:32:48,2,2,0,不明所以
115775,3416,吴朝晖,2019-08-19 13:36:27,3,4,1,吴老两问 以及我手痛了
115776,3416,吴朝晖,2019-08-19 14:54:22,4,4,0,累、困、难受
115777,3416,吴朝晖,2019-08-19 16:43:03,5,6,1,还可以吧，接触不多，就听了一次讲座
115778,3416,吴朝晖,2019-08-20 07:48:59,1,2,1,只想打个低分
115781,3416,吴朝晖,2019-08-20 08:43:59,1,6,5,风趣幽默
115782,3416,吴朝晖,2019-08-20 09:02:34,1,2,1,他真不行
115792,3416,吴朝晖,2019-08-20 10:19:39,3,4,1,体谅一下不懂小数定律，半桶水叮当响的校长吧大家！（? ）
115793,3416,吴朝晖,2019-08-20 10:21:55,-7,3,10,很棒?
115808,3416,吴朝晖,2019-08-20 11:37:53,2,2,0,辣鸡辣鸡辣鸡
115829,3416,吴朝晖,2019-08-21 02:34:04,-8,1,9,还不错
115831,3416,吴朝晖,2019-08-21 02:34:02,-4,2,6,太好了\n\n
115838,3416,吴朝晖,2019-08-21 01:48:27,-1,0,1,干就完了
115839,3416,吴朝晖,2019-08-21 02:00:25,4,4,0,军训就正态
115844,3416,吴朝晖,2019-09-24 01:12:01,40,43,3,携程上花钱抢票的，我就问我国庆要退票学校赔不赔偿我的损失？？
115847,3416,吴朝晖,2019-08-21 04:11:24,-5,2,7,感觉挺不错的
115848,3416,吴朝晖,2019-08-21 04:18:16,-4,2,6,温文尔雅\n\n
115850,3416,吴朝晖,2019-08-21 04:26:50,-7,2,9,好校长
115854,3416,吴朝晖,2019-08-21 06:23:59,-7,5,12,吴校长能够精准地掌控讲话时间，是我们学习的楷模
115861,3416,吴朝晖,2019-08-21 13:50:51,1,1,0,正态分布坑死无数人…犊子啊
115863,3416,吴朝晖,2019-08-22 05:58:26,10,10,0,华而不实。有人说历史讲得很好的（真的不是托吗？），浙大校史馆里的讲解员了解一下?另，ppt仿佛和来我高中宣讲的内容换汤不换药，怎么就成校长的功劳啦?其余同上。最后，欠教官们一个道歉。
115870,3416,吴朝晖,2019-08-22 14:04:24,2,2,0,瞎bb
115872,3416,吴朝晖,2019-08-22 15:40:26,1,1,0,体验极差
115873,3416,吴朝晖,2019-08-28 14:40:14,0,0,0,hhhhh好气
115880,3416,吴朝晖,2019-08-23 02:34:10,2,2,0,垃圾正态分布
115909,3416,吴朝晖,2019-08-25 13:04:08,1,1,0,很无聊
115910,3416,吴朝晖,2019-08-25 13:59:07,-3,6,9,竺院配不上竺老之名，配不上求是
115911,3416,吴朝晖,2019-08-25 13:58:29,2,2,0,垃圾正太
115926,3416,吴朝晖,2019-09-27 03:06:19,133,141,8,在我听的他的几次讲话中，感觉他总是说着没营养的话，靠着适时的停顿，煽动大家为他鼓掌，这种人在体制中有很多，形式主义的执行者，有些大一新生可能刚刚接触，少见多怪了，浙大的行政体系中，大到吴朝晖小到辅导员，很多人都有这种恶习，这是体制内不可避免的。我们要记得，一个学校的灵魂，永远不是行政人员，是在学术或教学一线的学者，是努力钻研的学子，希望我们作为浙大学子不要因为这个校长的某些无理决策而对浙大失望，至于那些行政的可笑之人，他强任他强，清风拂山岗，尽量当作不存在吧。
115958,3416,吴朝晖,2019-08-27 05:00:49,9,9,0,全校领导大理发扬求式精神\n\n不问功用只看形式
115996,3416,吴朝晖,2019-08-28 13:36:00,1,1,0,不得行
116022,3416,吴朝晖,2019-08-30 11:59:10,1,8,7,学生不是人吗？军训每天只能睡四个小时，不是暴晒就是雨淋，垃圾军训服不透气质量还差，食堂的饭单一又难吃，为了迎接傻逼领导让我们大中午脱帽直视太阳，天天只知道官僚主义形式主义，我们连两个人就有一个日光性皮炎，垃圾领导，吹着空调吃人血馒头，良心呢？学生不是人吗？
116054,3416,吴朝晖,2019-09-01 14:26:14,3,3,0,一个字 烂\n\n
116074,3416,吴朝晖,2019-09-02 15:40:33,1,1,0,装装装
116096,3416,吴朝晖,2019-09-03 14:28:24,1,1,0,正态真的让人难受?
116097,3416,吴朝晖,2019-09-03 14:28:36,11,11,0,正太，在一群朋友中选出更好的，我怎么知道他们学的怎么样，基本全靠顺眼，教官，老师可以根据表现评，学生评学生还正太，我也是佛了
116100,3416,吴朝晖,2019-09-03 14:59:46,6,6,0,这样，你在我们开学典礼的那一排人里面来搞个排名怎么样？？？来来来，你还必须搞几个不及格出来，来来来，选几个出来？？？要是五十个人的班和我一起上课的都是全校前49，那我最后均绩排名不得排到几百几千去？？
116102,3416,吴朝晖,2019-09-07 06:56:14,2,2,0,真的蔡
116161,3416,吴朝晖,2019-09-19 03:17:38,8,8,0,浙大网太卡，也不维护，差评
116165,3416,吴朝晖,2019-09-21 07:44:13,17,19,2,这个傻逼，国庆放假通知还没出
116167,3416,吴朝晖,2019-09-05 09:39:13,1,1,0,正态去死（为什么没有0分）赶紧下台吧，别当校长了。
116202,3416,吴朝晖,2019-09-06 06:39:23,0,0,0,困死了
116246,3416,吴朝晖,2019-09-06 14:01:20,6,6,0,校园网和选课彩票系统是真的垃圾\n\n
116272,3416,吴朝晖,2019-09-07 04:32:15,1,1,0,我的天\n\n
116307,3416,吴朝晖,2019-09-23 16:28:28,-32,24,56,正态分布也不是他提出来的啊你们高潮什么......\n\n军训规则也不是他制定的啊你们骂他干啥......\n\n新生你也没上过课你评你? 的分呢
116333,3416,吴朝晖,2019-09-08 12:46:58,1,2,1,垃圾正态
116445,3416,吴朝晖,2019-09-10 14:38:05,1,2,1,正态分布真的没脑子
116447,3416,吴朝晖,2019-09-10 14:59:13,7,9,2,求求改改培养方案吧。\n\n别的专业不说了。\n\n工信的培养方案是要培养技工嘛？
116464,3416,吴朝晖,2019-09-11 00:45:04,-5,3,8,校长好棒
116466,3416,吴朝晖,2019-09-11 00:53:21,-1,0,1,真无语\n\n
116496,3416,吴朝晖,2019-09-11 02:22:15,23,25,2,为什么我们的吴校长会有1.2分呢，我猜应该是他每年都回来给自己评价个10分（狗头）
116556,3416,吴朝晖,2019-09-11 13:03:57,2,3,1,打破了我对浙大的憧憬
116599,3416,吴朝晖,2019-09-12 02:57:31,8,9,1,我打十分，分十次给
116614,3416,吴朝晖,2019-09-12 04:21:54,8,8,0,看脸正态，无关实力，只看嘴皮和唱戏
116675,3416,吴朝晖,2019-09-13 01:58:25,10,10,0,为什么浙大保研率这么低？保研名额这么少？
116692,3416,吴朝晖,2019-09-13 10:32:45,0,0,0,取消正态吧！！
116694,3416,吴朝晖,2019-09-13 10:34:29,11,11,0,你管学校像cxk
116707,3416,吴朝晖,2019-09-13 23:52:27,0,0,0,，，，
116740,3416,吴朝晖,2019-09-14 12:00:41,-2,17,19,当届校长一般都是背锅的。我不信竺老那几届学生没骂过他。功过后人评。
116744,3416,吴朝晖,2019-09-19 13:48:56,1,2,1,司马死吗
116745,3416,吴朝晖,2019-09-14 15:23:57,0,0,0,正态分布，司马体验
116746,3416,吴朝晖,2019-09-14 15:48:06,0,0,0,脏话\n\n淦
116763,3416,吴朝晖,2019-09-15 09:16:55,4,8,4,正态其实并不是硬伤，只不过是用一种不是很好看的方式来进行遴选而已，资源是固定的，取消正态并不会有什么本质上的区别。\n\n但是这个栽种为代表的领导们把学校整的网红气息越来越浓真的恶心人，氛围这个球样还有逼脸说全国第三赶超清北？我和您犬母在床上创新创业建设一流大学吼不吼啊？
116768,3416,吴朝晖,2019-09-15 10:34:24,1,2,1,没啥，给低分挺好
116776,3416,吴朝晖,2019-09-15 14:15:07,0,1,1,可怕 可怕 可怕
116793,3416,吴朝晖,2019-09-16 02:05:24,3,4,1,无存在感的校长
116824,3416,吴朝晖,2019-09-16 06:04:16,0,3,3,今天心情不错，来个一分差评\n\n
116845,3416,吴朝晖,2019-09-16 13:32:19,3,4,1,为什么要正态分布\n\n优秀的人有很多啊！
116846,3416,吴朝晖,2019-09-16 13:57:10,2,2,0,校长信箱在哪求指点
116851,3416,吴朝晖,2019-09-16 15:38:09,10,12,2,国庆节调休？？？？！！！！！\n\n从小到大我真是开了眼了\n\n我为祖国庆生需要七天！！！一天不能少！！！！！
116854,3416,吴朝晖,2019-09-16 23:53:30,0,0,0,不知道
116896,3416,吴朝晖,2019-09-21 05:52:02,0,0,0,没听过
116937,3416,吴朝晖,2019-09-17 11:42:21,2,2,0,今天心情不好，给个一分差评
116985,3416,吴朝晖,2019-09-18 03:48:50,3,3,0,取消正态分布！！！\n\n为什么好好努力没有成绩！
117020,3416,吴朝晖,2019-09-18 11:01:00,1,1,0,正态分布真的是迷醉
117023,3416,吴朝晖,2019-09-18 11:04:00,2,2,0,取消正态！
117050,3416,吴朝晖,2019-09-19 00:28:42,-3,0,3,很好，
117125,3416,吴朝晖,2019-09-19 14:17:45,0,1,1,司马校长
117126,3416,吴朝晖,2019-09-19 14:24:06,-2,0,2,怎么没有负分
117130,3416,吴朝晖,2019-09-19 14:36:34,2,2,0,不做评论
117145,3416,吴朝晖,2019-09-20 00:49:14,-4,2,6,之前那个用高中7成努力的 ，那可能是你高中很努力而已。分数不决定一切，你说的不舔制度，自己该不是舔分数绩点的制度？？自己不要这样发牢骚 显得很弱智
117179,3416,吴朝晖,2019-09-20 04:10:21,2,2,0,瞎扯淡\n\n啥也听不懂
117180,3416,吴朝晖,2019-09-20 04:11:08,0,0,0,简直扯淡
117185,3416,吴朝晖,2019-09-20 05:34:25,2,2,0,三分一档！
117188,3416,吴朝晖,2019-09-20 05:58:17,5,5,0,老师的课特别的有意思，但我就是想给一分~
117218,3416,吴朝晖,2019-09-20 12:04:01,-10,5,15,大家都给10分，我也给个玩玩
117224,3416,吴朝晖,2019-09-20 12:54:03,6,6,0,形式主义\n\n官僚主义\n\n面子工程
117226,3416,吴朝晖,2019-09-20 14:52:18,1,2,1,赶紧取消正太分布，还有什么标兵，太扯淡了
117263,3416,吴朝晖,2019-09-21 16:09:28,-1,1,2,赶紧取消正态
117274,3416,吴朝晖,2019-09-22 05:50:30,0,1,1,？？？
117284,3416,吴朝晖,2019-09-22 08:00:53,18,18,0,我就想问问国庆安排什么时候出？如果调休给不给报销机票的退票费？建国70周年的国庆作死弄什么狗屁互联网+，我就服浙江大学
117336,3416,吴朝晖,2019-09-23 04:37:14,12,13,1,互联网＋＋你?
117345,3416,吴朝晖,2019-09-23 10:06:41,2,3,1,感觉一个沙雕以为自己很帅
117373,3416,吴朝晖,2019-09-23 12:32:06,7,7,0,氧化钙
117400,3416,吴朝晖,2019-09-24 02:35:00,15,17,2,强烈反对调国庆假期！！！！70周年国庆放假就这么儿戏的吗？到现在都不出放假安排，让买过票的人怎么办？
117528,3416,吴朝晖,2019-09-25 11:03:55,24,25,1,哈哈呵呵 一个国庆+互联网+让我服的五体投地
117587,3416,吴朝晖,2019-09-26 10:08:45,1,1,0,取消正态分布吧！！
117601,3416,吴朝晖,2019-09-26 14:06:27,1,1,0,没感觉
117651,3416,吴朝晖,2019-09-27 23:17:35,4,4,0,为什么不能评0分
117653,3416,吴朝晖,2019-09-28 01:37:37,0,1,1,无敌了
117711,3416,吴朝晖,2019-09-29 16:10:46,7,8,1,军训讲话真的无聊，白等了一个多小时
117844,3416,吴朝晖,2019-10-06 13:32:25,6,8,2,连PPT都读不顺，校友名字都念错他还能代表学校形象吗呵呵
117850,3416,吴朝晖,2019-10-05 10:54:24,25,27,2,管管校外人员吧 真以为人民公园是夸你啊
117865,3416,吴朝晖,2019-10-06 13:32:06,-7,7,14,吴校长是位好老师
117926,3416,吴朝晖,2019-10-12 01:43:55,0,14,14,在这瞎评分的新生?是都炸了吗，嘴这么臭。
117948,3416,吴朝晖,2019-10-16 13:58:36,-4,8,12,分太低了，抬一下\n\n
117984,3416,吴朝晖,2019-10-17 15:46:27,3,3,0,没话说 惨
118006,3416,吴朝晖,2019-10-18 09:16:07,5,7,2,不喜欢这个校长。
118044,3416,吴朝晖,2019-10-19 08:26:47,-2,1,3,哈哈笑话
118046,3416,吴朝晖,2019-10-19 10:47:15,7,8,1,工信三宝们，工图工训上的怎么样啊? ?
118071,3416,吴朝晖,2019-10-20 08:05:50,0,2,2,只能说作为计算机学院的导师，校长还是很厉害的，不过在治校方面的确颇有不足。
118128,3416,吴朝晖,2019-10-23 03:02:03,0,2,2,
118137,3416,吴朝晖,2019-10-21 11:27:50,0,1,1,垃圾玩意儿
118144,3416,吴朝晖,2019-10-25 06:08:07,18,19,1,求仕，创薪，真的可以！
118150,3416,吴朝晖,2019-10-22 01:10:57,-1,0,1,呵呵呵
118169,3416,吴朝晖,2019-10-22 03:12:03,-2,0,2,太辣鸡
118229,3416,吴朝晖,2019-10-23 09:14:24,19,25,6,学校服务器烂成渣，你一计算机院士就是吃屎
118245,3416,吴朝晖,2019-10-23 13:51:33,0,1,1,好催眠
118261,3416,吴朝晖,2019-10-24 04:31:49,44,46,2,请吴校长赶紧辞职吧，互联网+、校外人员、食堂中毒，学术和本科教学不怎么样，作妖的事情做了不少，搞搞清楚大学究竟是做什么的，不知道吴院长作为竺院学长，还记不记得竺老校长的两问？记不记得只问是非不计利害？记不记得公众坚毅？
118269,3416,吴朝晖,2019-10-24 06:33:44,8,9,1,竺老开开眼吧
118287,3416,吴朝晖,2019-10-24 09:11:46,10,14,4,让他从1.16分降到1.00分整\n\n每个浙大学子都来尽一份力吧
118292,3416,吴朝晖,2019-10-24 09:54:06,10,14,4,一进大学就选专业是什么垃圾制度 学生都还一脸懵逼就要选择自己的专业了
118296,3416,吴朝晖,2019-10-24 11:39:27,17,19,2,在，食堂您吃吗
118299,3416,吴朝晖,2019-10-24 12:08:31,2,2,0,梦里听过看不清
118300,3416,吴朝晖,2019-10-24 12:10:50,3,3,0,呵呵。
118303,3416,吴朝晖,2019-10-26 02:05:21,30,31,1,平心而论，玉泉食堂让校医院控制人数30以内领导班子是做得真不对，这才引起众怒。事后还把责任归咎于诺如病毒，食堂那边没有自我反思，说实话心里真的不太舒服。不过对于食堂外来人员支付宝和微信支付的限制，我觉得措施挺好的，希望真能落实吧
118311,3416,吴朝晖,2019-10-24 15:34:59,8,9,1,我需要零分
118312,3416,吴朝晖,2019-10-24 15:35:15,7,8,1,窒息的操作。。。为什么没有0分？？？
118314,3416,吴朝晖,2019-10-24 15:36:27,-1,0,1,1111
118319,3416,吴朝晖,2019-10-24 16:32:43,11,12,1,对学生食品安全置若罔闻
118332,3416,吴朝晖,2019-10-25 03:34:19,2,2,0,。。。
118333,3416,吴朝晖,2019-10-25 03:42:21,7,19,12,不忍心看到吴校就这么成了浙大某些愤青的发泄对象\n\n
118343,3416,吴朝晖,2019-10-25 07:23:22,-3,0,3,我就来看看评论。
118354,3416,吴朝晖,2019-10-25 10:00:53,3,3,0,唉（为什么还要三个字）
118361,3416,吴朝晖,2019-10-25 14:44:49,-9,3,12,辣鸡浙大到现在还不发2019年浙江省的新生奖学金
118364,3416,吴朝晖,2019-10-25 14:56:04,4,10,6,不了解就给个中等分叭\n\n虽然我也很想吐槽，但是看到下面有些评论真的过分，人身攻击、爆粗、甚至还有连带家人的（这种后面怎么还是正数）
118365,3416,吴朝晖,2019-11-08 10:34:37,13,21,8,评论里骂校长的真的有点过分了哦，有些事情并不是校长一个人解决的。作为浙大人我们应该理智一些，而不是单独骂一个人。虽然我对食堂也很不满意，但是我觉得大家能对事不对人。
118391,3416,吴朝晖,2019-10-26 08:37:03,-3,0,3,......
118423,3416,吴朝晖,2019-10-27 02:51:08,69,88,19,作为一个大四的学生，偶尔点进来看到评论区一片乌烟瘴气。。。真的百味杂陈。\n\n可能是因为要毕业了吧，因为无法否认的不舍，所以眼睛和耳朵都开始变得宽容，嘴和心都开始变得温柔。抱怨是正常的，没有哪个人没有抱怨过。但是你见过哪个学校，哪个老师是哪里都好的吗？这么多评论里，有批判，有维护，最让人心酸的，是几乎没有赞扬。为什么所有好的，我们视为理所当然，而但凡有一点不顺心的，就要贬得一文不值？对于学校现有的一些问题，吴校长一个人管不了所有的事，一出问题就怪校长，有用吗？不可笑吗？而真的是对校长本人有意见的，自然可以表达，但是人身攻击甚至诅咒，真的太过分了！你到底是在理智地表达你的诉求，还是无礼地发泄你的不满？这种恶意的发泄，解决不了问题，甚至可能反噬。系主任说过一句令本人印象深刻的话：“我知道你们中很多人未必喜欢这个专业，但是你在这里一天，你就要维护它一天。一荣俱荣，一损俱损。连你自己都到处说它不好，这样的话一传十，十传百，那某一天，你以这个学校这个专业学生的身份出去找工作，谁敢要你？”是啊，学校在事件公关的时候，我们在干什么？幸灾乐祸吗？在朋友圈里传播吗？学校是谁的学校？校长是谁的校长？话不是不能说，只是真的请找准方式和身份，你是这里的一员，而不是一个冷漠的路人。刚来浙，心高气傲受不得委屈都是正常的，但是一身戾气真的伤人伤己。而于很多“老人”，或许多少有些怅然若失。在浙里的第四个年头，昨日种种譬如昨日死，而今日种种都让我觉得幸运，因为还能被浙大的光环笼罩一天，还能被这里保护一天。真心祝福所有浙大人，在未来即将离开这里去面对更多风风雨雨的时候――好聚好散，有情有义。
118530,3416,吴朝晖,2019-10-28 07:15:01,2,2,0,没听过
118550,3416,吴朝晖,2019-10-28 11:18:14,-1,1,2,不功不过\n\n
118574,3416,吴朝晖,2019-10-28 16:57:41,1,1,0,贼难受
118627,3416,吴朝晖,2019-10-29 23:21:22,3,5,2,浙江大学毁于正太\n\n立评为誓
118650,3416,吴朝晖,2019-10-30 04:21:29,10,11,1,学校蔓延官僚主义，学生功利性抢课，与校长无关？
118654,3416,吴朝晖,2019-10-30 05:23:42,-3,0,3,没必要
118784,3416,吴朝晖,2019-11-01 04:05:50,4,4,0,我为1.00做贡献
118807,3416,吴朝晖,2019-11-06 09:29:09,-5,2,7,真的好
118808,3416,吴朝晖,2019-11-06 09:29:09,-6,1,7,真的好
118812,3416,吴朝晖,2019-11-06 11:57:48,1,1,0,取消正态
118886,3416,吴朝晖,2019-11-07 11:11:00,1,6,5,没听过，但是觉得人还好，就是想帮助他的分高点。
118978,3416,吴朝晖,2019-11-09 02:10:33,13,19,6,有些人骂的也太难听了吧，对校长有不满好好表达不行嘛，非要人身攻击脏话连篇，匿名评论就可以连基本的语言文明都不管了吗?
118988,3416,吴朝晖,2019-11-12 13:51:51,3,9,6,正态取消之日，浙大清北之时
119027,3416,吴朝晖,2019-11-09 16:10:29,0,1,1,求否\n\n
119089,3416,吴朝晖,2019-11-10 07:59:23,-1,1,2,正态。。。
119204,3416,吴朝晖,2019-11-11 07:27:06,0,1,1,傻逼正太，我为一分做贡献
119273,3416,吴朝晖,2019-11-12 01:49:46,0,1,1,毫无体验
119297,3416,吴朝晖,2019-11-12 03:30:04,0,1,1,。。。
119399,3416,吴朝晖,2019-11-12 15:41:46,0,1,1,正态分布？
119447,3416,吴朝晖,2019-11-13 01:31:14,0,1,1,正态。。。
119555,3416,吴朝晖,2019-11-13 13:27:32,5,5,0,Z？为什么低等人要学工训
119590,3416,吴朝晖,2019-11-14 03:30:32,15,16,1,有空来玉泉食堂吃个饭？\n\n
119960,3416,吴朝晖,2019-11-17 02:03:48,2,3,1,正态分布 三分一绩 这么傻逼
120050,3416,吴朝晖,2019-11-17 07:56:38,-4,2,6,很棒哦
120083,3416,吴朝晖,2019-11-17 10:54:37,0,1,1,为啥非得三分一档
120195,3416,吴朝晖,2019-11-24 02:27:55,0,0,0,fuck
120234,3416,吴朝晖,2019-11-24 11:57:33,4,4,0,课我不知道，但这校长当的，这制度定的，这言论压的，值这分。
120290,3416,吴朝晖,2019-11-27 12:33:26,2,3,1,既然校长得分比一分低，那我打个一分吧
120298,3416,吴朝晖,2019-11-27 15:44:00,0,0,0,垃圾玩意儿
120308,3416,吴朝晖,2019-11-28 02:46:00,1,1,0,垃圾垃圾
120348,3416,吴朝晖,2019-11-29 12:04:08,-3,0,3,。。。
120355,3416,吴朝晖,2019-11-30 01:52:14,6,6,0,浙大太浮躁了。
120364,3416,吴朝晖,2019-12-01 03:49:52,20,20,0,最后的一个数据，骂吴朝晖老师的和夸吴朝晖老师的居然得到了相同的赞数，并且该公众号还被封了。这说明什么？说明有人在恶意刷分。浙江大学最近出的事情很多都没有结果，学生反映的渠道也逐渐被封，我请问那求是创新的校训还在坚持吗？我们还有一个公平的渠道吗？查老师这个软件，可以让学生们学到想要学的课，也激励老师认真对待课程，形成一种双向制约。
120404,3416,吴朝晖,2019-12-03 15:59:56,2,2,0,咱也不知道，咱也不敢问\n\n查老师，最后一方净土
120416,3416,吴朝晖,2019-12-04 05:43:05,1,1,0,广泛的时代风格和健康
120470,3416,吴朝晖,2019-12-09 05:10:04,0,0,0,。。。
120492,3416,吴朝晖,2019-12-09 08:26:12,1,2,1,误国误民
120502,3416,吴朝晖,2020-01-11 17:08:43,8,10,2,课否调分还行，那我考了11分是不是也能像院士这样调成75
120705,3416,吴朝晖,2020-01-15 14:00:25,4,4,0,古老的东方有一条龙，
120815,3416,吴朝晖,2020-01-17 12:50:17,0,0,0,无，，，
120828,3416,吴朝晖,2020-01-17 17:09:23,1,1,0,呵呵禁课否?
120919,3416,吴朝晖,2020-01-18 17:55:35,1,1,0,结合时间来看，今年8.18新生报到，8.23开始军训，9.06开学，十月左右新生确认专业
120940,3416,吴朝晖,2020-01-19 00:20:54,0,0,0,为什么没有0分？
121296,3416,吴朝晖,2019-12-23 11:07:33,2,4,2,我觉得这个查老师系统有待改进，前面的评论是点赞最多的，而不是最新的。最新的评论在后面，往往人们看不到，而看不到导致点赞少，结果就是新的评论就一直在后面。
121364,3416,吴朝晖,2019-12-19 03:59:29,4,6,2,请赶紧给东一和西区的尸体问题一个明确的解释，人心惶惶
121374,3416,吴朝晖,2019-12-17 08:41:00,1,1,0,形式主义
121389,3416,吴朝晖,2020-01-23 08:14:18,1,1,0,辣鸡，挺弱的
121442,3416,吴朝晖,2019-12-16 06:06:46,0,0,0,我恨正态
121473,3416,吴朝晖,2019-12-15 16:10:10,1,2,1,在?为什么课否上明明大部分都是一星评分却有7.6，明摆着恶意刷分？？？
121482,3416,吴朝晖,2019-12-15 13:08:30,7,9,2,本来我对校长没啥意见，一封查老师我就受不了了，最讨厌钳制言论自由的人了，我也给个1分
121483,3416,吴朝晖,2019-12-15 12:27:06,10,11,1,正态可以留下，请让μ和σ动起来。
121486,3416,吴朝晖,2019-12-15 10:50:09,-1,0,1,无无无
121490,3416,吴朝晖,2019-12-15 09:35:58,0,0,0,呕呕呕呕呕
121512,3416,吴朝晖,2019-12-13 14:58:12,0,0,0,。。。
121517,3416,吴朝晖,2019-12-13 10:21:10,0,0,0,愉悦的很
121530,3416,吴朝晖,2019-12-13 01:16:27,0,0,0,坑死了
121545,3416,吴朝晖,2019-12-12 15:03:43,0,0,0,******
121557,3416,吴朝晖,2019-12-12 11:53:11,0,0,0,呵呵呵
121596,3416,吴朝晖,2019-12-12 09:36:51,0,0,0,就这样
121603,3416,吴朝晖,2019-12-12 08:54:42,0,0,0,呵呵呵
121628,3416,吴朝晖,2019-12-12 01:28:37,1,2,1,封了查老师之后越来越低了，可笑可笑
121657,3416,吴朝晖,2019-12-10 05:22:34,0,0,0,一般般
121789,3416,吴朝晖,2020-01-22 02:08:08,7,7,0,呵呵，课否变成实名系统了
121825,3416,吴朝晖,2020-01-22 06:33:03,0,0,0,嘤嘤嘤
121949,3416,吴朝晖,2020-02-11 09:05:13,30,31,1,给十分是因为不应该和林建华一个档次
121955,3416,吴朝晖,2020-01-25 13:13:01,0,0,0,这学期又被卡绩两门，呵呵
122078,3416,吴朝晖,2020-02-11 08:13:03,13,21,8,建议取消正态分布（我2019春夏学期23学分里有18.5学分的课卡绩）。建议将第六节课上课时间改成14:00，我中午不睡觉下午听不了课。建议图书馆增加座位，图书馆晚于8:30到基本上就没座位了
122119,3416,吴朝晖,2020-02-14 11:03:48,25,26,1,玉泉食堂中毒事件至今没有下文
122132,3416,吴朝晖,2020-02-16 05:27:05,1,1,0,垃圾老师
122143,3416,吴朝晖,2020-02-17 06:00:45,2,2,0,这一切都要从一只蝙蝠说起
122242,3416,吴朝晖,2020-02-20 12:27:26,15,15,0,他不是1.12吗？怎么涨到1.15了？
122899,3416,吴朝晖,2020-04-17 15:16:57,5,5,0,开学？呵呵\n\n
122981,3416,吴朝晖,2020-04-27 10:50:22,0,0,0,不多说什么了
123223,3416,吴朝晖,2020-05-21 09:05:27,0,0,0,123\n\n
123257,3416,吴朝晖,2020-05-26 06:54:53,22,24,2,从“给分厚道徐小洲 制度合理林建华 尊重学生孙大雁 亲切友善祝秀香 从不绩杀陈昆福 分多事少陈素珊 知识广博看沈燎 讲话生动吴朝晖 声音洪亮陶虹向”前来观光
123290,3416,吴朝晖,2020-05-30 05:05:52,7,7,0,军训正态真垃圾
123584,3416,吴朝晖,2020-06-10 08:21:35,-5,1,6,可以的
123993,3416,吴朝晖,2020-06-19 06:22:17,18,19,1,我希望查老师平台可以面向报志愿的高考毕业生，让他们搜一下咱们的校长
123995,3416,吴朝晖,2020-06-19 12:29:13,55,61,6,浙江大学是学生的浙江大学，不是三墩镇杭州市的人民公园。校医院是学生的校医院，不是外面人的校医院
124132,3416,吴朝晖,2020-06-25 03:15:30,-118,14,132,不要以为自己是校长就瞎搞浙大！浙大不是你一个人的，不要自以为是。虽然浙大学生也不是什么好东西，但你也不是好货色
124577,3416,吴朝晖,2020-07-03 07:10:02,4,4,0,。。。。
124883,3416,吴朝晖,2020-07-14 13:46:06,12,12,0,凭什么正态分布？就不允许一个班的学生都努力是吗？你根本就是从心底里认为学生不会好好学习，干脆浙大倒闭算了
124929,3416,吴朝晖,2020-07-21 05:58:14,3,5,2,别的不多说，shame on ZJU
124932,3416,吴朝晖,2020-07-21 12:51:53,3,5,2,哦？公告就浙水平？我是猪？
124942,3416,吴朝晖,2020-07-22 21:52:49,1,3,2,shame on ZJU
124945,3416,吴朝晖,2020-07-23 10:42:57,-1,5,6,正态分布，好！(
124966,3416,吴朝晖,2020-07-26 15:04:31,6,7,1,我觉得应该像美国原油一样允许负数的存在……
124969,3416,吴朝晖,2020-07-27 05:37:25,1,1,0,（）（
124975,3416,吴朝晖,2020-07-28 12:28:53,1,1,0,（）（
124980,3416,吴朝晖,2020-07-30 07:16:11,7,8,1,缩头乌龟一个，从不正面回应，关学生倒是有一手。
124991,3416,吴朝晖,2020-08-03 07:05:30,1,1,0,哈哈哈
124999,3416,吴朝晖,2020-08-05 13:39:49,5,6,1,就浙？就浙？
125056,3416,吴朝晖,2020-08-22 00:52:59,4,5,1,浙大之耻
125139,3416,吴朝晖,2020-09-02 03:56:50,4,4,0,退位让贤吧
125545,3416,吴朝晖,2020-09-11 07:42:42,3,5,2,让文科生一定要修读生命科学可还行？
125592,3416,吴朝晖,2020-09-12 04:26:39,181,204,23,一日三餐没烦恼，简简单单的高考，直到来了ZJU，从此一天也没好。九月报到第一天，呆在寝室没事搞，出门浴室洗个澡，一堆通知没收着，两天填了一堆表，体检办事胡乱跑。选课就像买彩票，真买彩票也挺好，筛选机制不知道，必修选修连着掉。还怪高考考不高，不去北清就复交，要问来浙做什么，保研考研赶紧跑。要问成为哪种人，不要成为浙里人！
125611,3416,吴朝晖,2020-09-12 10:36:58,2,5,3,shame on
125613,3416,吴朝晖,2020-09-12 11:02:26,1,1,0,呵呵呵
125615,3416,吴朝晖,2020-09-12 11:06:47,0,1,1,666
125711,3416,吴朝晖,2020-09-13 11:53:52,4,8,4,反正对他对浙大印象都不好，我真的有点后悔了
125713,3416,吴朝晖,2020-09-13 11:57:58,4,7,3,别的不知道，开学典礼废话连篇
125771,3416,吴朝晖,2020-09-14 06:52:34,-2,3,5,真烦，体验不佳
126036,3416,吴朝晖,2020-09-17 00:44:02,5,5,0,正态分布一分好评
126106,3416,吴朝晖,2020-09-17 14:40:52,0,0,0,也就这样
126115,3416,吴朝晖,2020-09-17 23:58:35,2,2,0,取消正态分布，太坑了
126116,3416,吴朝晖,2020-09-17 23:58:41,0,0,0,取消正态分布
126117,3416,吴朝晖,2020-09-17 23:58:51,11,11,0,正态分布能取消吗？？？？；\n\n外省能不缩招吗？？？？
126150,3416,吴朝晖,2020-09-18 08:02:42,0,1,1,。。。
126166,3416,吴朝晖,2020-09-18 09:08:39,1,1,0,哈哈哈
126215,3416,吴朝晖,2020-09-20 01:39:53,4,5,1,取消正态分布
126266,3416,吴朝晖,2020-09-21 07:25:36,7,7,0,选课真是🌿🥚
126269,3416,吴朝晖,2020-09-21 10:25:43,4,4,0,取消正态分布
126284,3416,吴朝晖,2020-09-22 00:45:27,7,7,0,取消正态分布。。
126399,3416,吴朝晖,2020-09-25 03:12:02,11,11,0,我感觉三分一档比正态分布更ex
126477,3416,吴朝晖,2020-09-28 03:43:31,9,9,0,下课五分钟就离谱，十分分十次给
126548,3416,吴朝晖,2020-09-30 05:53:40,34,40,6,竺院应该和其他学院和谐相处，共同学习、生活、成长，不是连近代史大英34都要与普通学生隔离。这样既让竺院缺少归属感，也让普通学生觉得自己不是人。现在越来越觉得竺院和浙大是两个学校，从外院转到竺院的对此的感觉应该更深。
126549,3416,吴朝晖,2020-10-27 11:06:14,148,158,10,感觉学风越来越浮躁了，我们一天到晚倒在刷着一些毫无意义的东西，各种二课三课，各种通识选修，连体育课都要看视频，视频还一定要水评论，在浙里考研是一条少数人才走的路，在浙里，我很少看到有人是静下心来认真求学的。我不是说诸如志愿者等活动不好，但当所有人都在问着小时数，都在问着二课分；当所谓“通识教育”“交叉培养”“全面发展”盖过了本应有的扎实的专业知识；当对绩点一味的追求掩盖了求学的初心；当求是创新变成了求仕创薪；我想请问您将来如何面对竺老？
126572,3416,吴朝晖,2020-10-23 05:27:00,17,18,1,这种垃圾校长 ，浙大就连专科都不如
126579,3416,吴朝晖,2020-10-03 11:38:31,0,1,1,噜啦啦噜啦啦
126582,3416,吴朝晖,2020-10-03 14:05:00,35,38,3,考入浙大时：爷高考但凡多考几分也不至于来这鬼地方\n\n学在浙大时：爷高考但凡少考几分也不至于来这鬼地方\n\n再后来：爷当年但凡别高考……
126596,3416,吴朝晖,2020-10-06 05:57:37,2,3,1,挺好的挺好的
126627,3416,吴朝晖,2020-10-09 07:44:56,13,14,1,什么吊正太分布，玩你麻痹，自己班内竞争，什么鬼啊。\n\n
126753,3416,吴朝晖,2020-10-18 11:12:06,2,2,0,hhhhhh
126771,3416,吴朝晖,2020-10-19 17:25:37,3,3,0,当校长都能当歪来
126877,3416,吴朝晖,2020-10-26 10:48:37,1,2,1,无话可说
126911,3416,吴朝晖,2020-10-28 01:51:55,-8,11,19,辣鸡浙大，辣鸡浙大人
126912,3416,吴朝晖,2020-10-28 04:06:01,4,4,0,取消正态！
126934,3416,吴朝晖,2020-10-28 14:23:57,9,11,2,作为新生，就已经感受到了浙里的氛围\n\n终于知道当年曾博为什么说是三本大学了
126960,3416,吴朝晖,2022-03-05 15:20:13,-3,6,9,吴校好棒
127003,3416,吴朝晖,2020-11-02 08:05:59,65,69,4,1.学校的校历越来越离谱了。这学期国庆节的几个公休日居然都要凑成一个补课周，往年这是没有的。这就导致整个长学期长达20周，比北大复旦交大科大等学校多了足足半个月！寒假那么迟，那么短，对实习实践对外交流（哪怕是线上的交流）都造成了很大影响！\n\n2.竺院现在越来越封闭了。现在国家层面都提倡区域一体化，统一大市场，拆除人为设置的壁垒，促进人员信息等要素自由流动，浙大竺院却反其道而行之，在一个大学里什么课程都要人为设置壁垒，宿舍还搬到大西区自成系统，要知道任何新的改革一旦走向封闭必然失败，一个人为设置的垄断肯定是没竞争力的。\n\n3.风气仍然很浮躁，激励机制有严重问题。这个就不多说了，已经人尽皆知了。
127010,3416,吴朝晖,2020-11-02 14:04:03,0,0,0,嘻嘻嘻
127098,3416,吴朝晖,2020-11-07 09:40:29,3,7,4,为校长辩护的，能从一个1.08分的人身上找到做得好的点，还真是难为你们了。如果你觉得当校长不容易，那是你脑子有问题，不容易讲的是6分以上的校长而非1分的校长。
127105,3416,吴朝晖,2020-11-08 11:48:39,0,1,1,。。。
127123,3416,吴朝晖,2020-11-19 05:23:20,4,8,4,正态 三分一档都是狗屎。为吴校长评分收敛于1做贡献，1分送上
127126,3416,吴朝晖,2020-11-09 10:33:41,0,0,0,有意义
127173,3416,吴朝晖,2020-11-11 16:19:27,0,0,0,啧啧啧
127197,3416,吴朝晖,2020-11-12 12:43:07,1,1,0,靠近1，冲
127225,3416,吴朝晖,2020-11-16 03:34:26,5,6,1,教务系统强制教评不然不让看这事儿就恶心
127241,3416,吴朝晖,2020-11-16 17:57:25,0,2,2,垃圾正太
127289,3416,吴朝晖,2020-11-20 00:28:37,0,2,2,正态分布的fw罢了
127302,3416,吴朝晖,2020-11-20 01:56:25,4,4,0,求仕创薪
127438,3416,吴朝晖,2020-11-23 05:10:47,1,2,1,正态。。。fw。。。
127527,3416,吴朝晖,2020-11-28 08:29:03,1,5,4,老师你的正态分布很鸡恶心啊
127633,3416,吴朝晖,2020-11-25 06:29:56,-2,2,4,垃圾校长
127669,3416,吴朝晖,2020-11-25 14:43:48,0,2,2,Shame
127696,3416,吴朝晖,2020-11-26 01:11:22,0,1,1,正态fw
127700,3416,吴朝晖,2021-01-10 08:38:52,9,14,5,呵呵，放假真tm早，wdnmd
127745,3416,吴朝晖,2020-11-26 10:03:43,3,3,0,正态分布一的不行
127782,3416,吴朝晖,2020-11-27 01:59:15,-5,6,11,我丢你老母辣鸡正态分布给爷爬
127860,3416,吴朝晖,2020-11-29 03:34:06,35,41,6,今年寒假又是全国最迟啊，真是毫无人性！有疫情难道不应该早点放假吗？？公休日节假日的课还要补全世界也就zju一个吧，恶心死了！！！
127912,3416,吴朝晖,2020-11-30 06:36:40,0,1,1,渐近线，再近一点！
127965,3416,吴朝晖,2020-12-01 12:24:33,0,6,6,请快点把正态分布取消了吧，学生上课真的很认真，但是就因为你这jb正态分布，我真的是服了！
128035,3416,吴朝晖,2020-12-03 15:57:10,41,52,11,为校长喊冤，正态分布这种东西是前任校长林建德搞出来的
128060,3416,吴朝晖,2021-01-17 07:23:31,-62,32,94,不考虑学生诉求，垃圾校长。就算我当校长都比你把浙大管理的更好！
128073,3416,吴朝晖,2021-01-25 04:09:30,38,65,27,不愧是世一大的放假时间，比清北复交都晚了那么十几天，就在这十几天里，疫区的快递没法寄过去啦！我的行李留在浙大啦！我们浙大真的太厉害啦！混合班首届校友就是不一样，中正省淘宝市拼多多大学NB！加正态分布和三分一档，更NB！
128081,3416,吴朝晖,2020-12-07 02:45:35,2,2,0,？？？
128092,3416,吴朝晖,2020-12-07 05:53:25,15,15,0,通识课给分最好还是公开透明一点，不然这真的很恶心
128102,3416,吴朝晖,2020-12-07 07:39:30,2,2,0,测测测
128286,3416,吴朝晖,2020-12-16 12:48:12,24,29,5,大家还是理性一点吧，很多问题不只是浙大有。
128322,3416,吴朝晖,2020-12-18 13:58:25,12,14,2,通识课正态简直有病，为什么不能取消掉？
128323,3416,吴朝晖,2020-12-18 15:33:20,1,1,0,www
128605,3416,吴朝晖,2020-12-24 14:29:35,31,38,7,其实... 很多东西不是校长能改变的，政治课校长能缩学时？完全没有必要把所有学校的弊病归到一人身上。Sometimes naive啊
128688,3416,吴朝晖,2020-12-25 04:21:35,0,1,1,呵呵呵
128692,3416,吴朝晖,2020-12-25 04:26:48,3,3,0,好恶心啊
128703,3416,吴朝晖,2020-12-25 05:03:33,0,2,2,一言难尽
128732,3416,吴朝晖,2020-12-25 06:06:52,6,8,2,不知道什么脑抽的家伙发明了大学生物学，真的好老师被烂课埋没了。老师都很好，就这货发明的课超级烂
128864,3416,吴朝晖,2020-12-26 07:13:01,9,12,3,有些人骂的好过分，接触不多，无感
128973,3416,吴朝晖,2020-12-27 14:42:29,6,7,1,某些评论不求是［doge
129182,3416,吴朝晖,2020-12-31 02:59:04,0,0,0,好家伙
129255,3416,吴朝晖,2021-01-02 13:34:22,0,0,0,h h h
129282,3416,吴朝晖,2021-01-03 11:41:41,0,0,0,啊啊啊
129316,3416,吴朝晖,2021-01-04 06:19:55,0,0,0,aaa
129390,3416,吴朝晖,2021-01-05 02:57:15,8,8,0,正态分布和体育打卡真的辣鸡
129403,3416,吴朝晖,2021-01-05 05:56:35,2,3,1,宝宝奶昔
129508,3416,吴朝晖,2021-01-06 11:42:45,2,3,1,计算机专业的校长发明生物课？有的评论太不求是
129517,3416,吴朝晖,2021-01-06 13:42:45,-48,2,50,为什么不给我宝贝陈奕彰破格录取？？
129562,3416,吴朝晖,2021-01-07 09:05:51,15,16,1,有疫情还故意加长学期，拖到全国最迟放假赶上春运，tmd
129568,3416,吴朝晖,2021-01-07 14:00:18,2,14,12,求是潮什么垃圾东西？浙大钉不拉进课程群？军训强度要死人还不能擦汗？浙大口碑越来越差你不想想是为什么？管理垃圾制度不合理还不解决？没上课三次就不让期末考试？如果是有其他原因呢？你当校长当的像cxk，做人像xz
129627,3416,吴朝晖,2021-01-09 07:12:50,22,28,6,cnmd吴校长你有良心吗，疫情期间，全国放学最迟，你以为浙大是监狱吗。29号放假，我在工地打工的哥哥都没那么迟，你好意思吗。
129646,3416,吴朝晖,2021-01-09 16:43:09,19,21,2,别说，说就是阴谋论\n\n现在杭州三墩已经不行了，浙大依然随意进出，到时候整点操作，学校里搞几个新冠，然后过年封校，大家都往死里卷，世一大还不是妥妥的\n\n嘤嘤嘤宝宝害怕了求求大佬让宝宝早点回家吧
129795,3416,吴朝晖,2021-01-12 12:26:02,8,8,0,你心里有学生吗
129796,3416,吴朝晖,2021-01-12 12:27:56,7,7,0,放我回家～～～～～～～
129912,3416,吴朝晖,2021-01-13 12:45:55,15,16,1,29放假\n\n我真幸福\n\n科大已经退出决赛圈了看着办吧
129918,3416,吴朝晖,2021-01-13 13:15:09,9,9,0,球球快放假吧，外地学生想回家啊
129929,3416,吴朝晖,2021-01-13 16:10:04,5,5,0,yysy，lj
129931,3416,吴朝晖,2021-01-14 00:13:20,16,21,5,校长太不负责了吧，什么校长。根本不倾听浙大学子的心声，在浙大活的很难受。第一次后悔为什么高考没能多考几分只能来浙大。
129933,3416,吴朝晖,2021-01-14 00:26:28,11,11,0,领导真好当
129934,3416,吴朝晖,2021-01-14 00:37:40,7,7,0,发广告
129936,3416,吴朝晖,2021-01-14 00:34:06,10,10,0,“以尊重学生意愿为原则”
129940,3416,吴朝晖,2021-01-14 02:23:43,4,4,0,求是?
129970,3416,吴朝晖,2021-01-14 10:23:07,3,3,0,无语了
129999,3416,吴朝晖,2021-01-31 08:37:11,74,76,2,今天开放零分评分\n\n明天吴校长就能收敛到零
130014,3416,吴朝晖,2021-01-15 03:16:57,3,4,1,别装死了啊
130017,3416,吴朝晖,2021-01-15 03:28:09,5,5,0,垃圾正态 还假期超短
130063,3416,吴朝晖,2021-01-16 06:22:56,1,3,2,...
130082,3416,吴朝晖,2021-01-16 13:50:34,13,14,1,放假吧快放假吧\n\n不妨放假也说句话啊\n\n到底咋办也说句话啊\n\n听听孩子们心声吧\n\n太极拳国家一级运动员嘛\n\n让我咋回去给学弟学妹宣讲招生啊！！！
130084,3416,吴朝晖,2021-01-16 13:52:40,9,10,1,学校管理层完全不考虑学生们的感受，除了敷衍，就是打太极，对浙大的好感已经荡然无存
130094,3416,吴朝晖,2021-01-20 13:42:38,13,13,0,哈哈，我们要死了😄
130100,3416,吴朝晖,2021-01-17 03:42:07,1,2,1,。。。
130189,3416,吴朝晖,2021-01-18 17:02:45,0,1,1,呃嗯嗯
130190,3416,吴朝晖,2021-01-18 17:39:36,-1,0,1,lja
130216,3416,吴朝晖,2021-01-19 06:59:32,9,9,0,取消正态，赶紧放假
130224,3416,吴朝晖,2021-01-19 10:54:43,8,8,0,懒政怠政专业博士\n\n国家级太极拳宗师
130256,3416,吴朝晖,2021-01-20 09:11:41,5,5,0,无语了
130270,3416,吴朝晖,2021-01-20 11:52:45,11,11,0,请问我们还能放假回家吗
130281,3416,吴朝晖,2021-01-20 12:24:23,3,3,0,就很过分
130612,3416,吴朝晖,2021-01-24 03:00:38,3,3,0,建议取消正态
130662,3416,吴朝晖,2021-01-24 06:40:38,10,10,0,耗子尾汁，好好反思
130739,3416,吴朝晖,2021-01-24 12:04:58,5,6,1,辣鸡正态 服了服了，校长还是牛逼
130770,3416,吴朝晖,2021-01-24 13:44:59,12,13,1,您看得到我浙的学风已经成了什么样子吗？
130836,3416,吴朝晖,2021-01-25 02:22:34,8,8,0,扎西德勒🖕😤😁
131139,3416,吴朝晖,2021-01-26 07:01:08,1,2,1,c 放假
131270,3416,吴朝晖,2021-01-27 03:47:27,6,6,0,tmd烦死了快取消正态分布💢
131534,3416,吴朝晖,2021-01-28 02:37:33,1,3,2,辣鸡人
131569,3416,吴朝晖,2021-01-28 04:54:23,0,7,7,挺好的可以和竺校长齐名了
131755,3416,吴朝晖,2021-01-28 17:41:48,3,3,0,垃圾正态
131759,3416,吴朝晖,2021-01-28 18:04:55,0,1,1,呵呵呵→_→
131773,3416,吴朝晖,2021-01-29 01:07:47,1,2,1,。。。
132185,3416,吴朝晖,2021-01-31 01:13:37,1,2,1,垃圾垃圾
132269,3416,吴朝晖,2021-01-31 12:18:14,1,2,1,嗯嗯嗯
132283,3416,吴朝晖,2021-01-31 13:19:09,0,1,1,1分
132333,3416,吴朝晖,2021-02-01 00:15:36,5,5,0,You know the rules， and so do I ！
132565,3416,吴朝晖,2021-02-02 09:49:22,3,5,2,三分一档是什么阴间玩意，那些说老师卡绩的别责怪老师了，要喷就喷三分一档吧
132618,3416,吴朝晖,2021-02-03 01:10:38,4,4,0,深井冰
132636,3416,吴朝晖,2021-02-03 04:08:43,1,1,0,什么时候开放0分呢
132663,3416,吴朝晖,2021-02-15 06:35:34,1,1,0,哎呦喂
132818,3416,吴朝晖,2021-02-04 00:50:37,9,10,1,三分一段爬，五科卡绩，真精准
133007,3416,吴朝晖,2021-02-06 05:54:28,9,10,1,这学期要考试的课全卡绩，心情不好给宁刷波一分。
133134,3416,吴朝晖,2021-02-09 15:18:15,2,3,1,正态杀人
133139,3416,吴朝晖,2021-02-10 05:26:39,1,1,0,鬼屋啊
133278,3416,吴朝晖,2021-03-12 07:35:22,33,36,3,评分收敛于1是因为没法打0分
133410,3416,吴朝晖,2021-07-01 08:27:45,1,3,2,h h h
133547,3416,吴朝晖,2021-03-22 15:57:58,8,8,0,纯真就完事了😅
133665,3416,吴朝晖,2021-03-03 10:58:04,0,0,0,腊鸡咯🙄
133714,3416,吴朝晖,2021-03-04 06:25:27,13,14,1,好不容易来了梦想的学校，却发现一切和梦里的相差甚远。
133728,3416,吴朝晖,2021-03-04 08:40:08,0,1,1,呵呵^_^
133752,3416,吴朝晖,2021-03-04 12:17:10,4,5,1,扎不多德勒🚬😅🖕
133759,3416,吴朝晖,2021-03-04 14:35:48,0,0,0,啊！都怪你！
133768,3416,吴朝晖,2021-03-05 02:18:13,0,1,1,收敛1
133796,3416,吴朝晖,2021-03-05 11:38:55,0,1,1,重振三本荣光 我辈义不容辞
133814,3416,吴朝晖,2021-03-06 09:54:24,2,2,0,收敛于1
133835,3416,吴朝晖,2021-03-07 15:42:21,-1,1,2,我要放假
133907,3416,吴朝晖,2021-03-09 10:35:26,2,2,0,不想说话
133966,3416,吴朝晖,2021-03-11 01:44:52,0,1,1,评个分
133983,3416,吴朝晖,2021-03-11 07:30:34,-2,0,2,你个der
134030,3416,吴朝晖,2021-03-12 13:54:41,3,3,0,朝晖夕阴，气象万千
134093,3416,吴朝晖,2021-03-15 15:26:58,-1,0,1,。。。
134157,3416,吴朝晖,2021-03-17 09:26:38,9,12,3,火化必出舍利子\n\n车祸必对方全责\n\n坐牢必减刑\n\n鬼压床必是女鬼\n\n拉裤子必不被发现\n\n老婆出轨必被捉奸\n\n肥皂掉了必有人帮捡\n\n游戏掉线必重连成功\n\n投胎必是第一个\n\n裸奔必不被发现\n\n坐轮椅必有人推\n\n截肢必是误诊\n\n鱼刺卡住必取出来\n\n得肿瘤必是良性\n\n排位输了必有保护卡\n\n死刑必改无期
134158,3416,吴朝晖,2021-03-17 09:31:26,16,16,0,正态分布，三分一档，放假晚
134188,3416,吴朝晖,2021-03-18 10:47:04,0,1,1,不要正太
134424,3416,吴朝晖,2021-03-28 02:53:37,0,1,1,正态，正个屁
134717,3416,吴朝晖,2021-04-12 03:17:42,1,1,0,这用写
134721,3416,吴朝晖,2021-04-12 05:37:48,0,1,1,去你妈的放假
134797,3416,吴朝晖,2021-04-15 11:10:27,4,6,2,毋招灰
135104,3416,吴朝晖,2021-04-30 09:35:09,4,4,0,用指甲思考问题，用牙齿做事，呵呵
135232,3416,吴朝晖,2021-05-06 09:24:49,18,20,2,你寄吧谁啊😅校长是吧😅正态分布nt操作了属于是😅😅😅
135415,3416,吴朝晖,2021-05-10 04:09:39,17,18,1,取消正态，浙大会更美好，我就问你你敢不敢招生的时候讲清楚浙大的恶心正态，我看你分数线掉还是不掉！
135487,3416,吴朝晖,2021-05-11 09:13:00,12,12,0,今天老师也在抱怨正态分布
135495,3416,吴朝晖,2021-05-11 15:50:04,11,21,10,长得一脸贪官的样子，把食堂搞那么烂，不知道从后勤集团抽了多少油水
135596,3416,吴朝晖,2021-05-16 09:20:17,-1,15,16,朝晖校长还是挺好的
135693,3416,吴朝晖,2021-05-19 09:30:30,6,8,2,正态你妈呢
135694,3416,吴朝晖,2021-05-19 09:30:58,4,6,2,你麻痹
135766,3416,吴朝晖,2021-05-24 11:35:19,2,2,0,哈哈哈
135773,3416,吴朝晖,2021-05-25 04:45:16,51,54,3,为什么取消考试周？连着学半个月不累吗？医学生的复习时间呢？
135936,3416,吴朝晖,2021-06-25 03:01:37,13,19,6,竺校长看到自己辛苦付出的浙大变成了这样，不知道会作何感想。
136167,3416,吴朝晖,2021-06-11 16:21:00,6,6,0,真晦气
136168,3416,吴朝晖,2021-06-11 16:22:40,76,82,6,有一天，月圆之夜，月牙楼的竺老校长雕像突然嘎吱一声，活了！他站起来了！\n\n看到当今乌烟瘴气，乱象丛生的浙大，怒不可遏，当即冲到校长办公室，一拐杖敲某人头上，打了个大包！
136213,3416,吴朝晖,2021-06-13 02:36:32,2,4,2,确实感觉我们的课很多都很水啊～～是不是我们自己哪里出问题了呢
136520,3416,吴朝晖,2021-06-20 04:14:20,-1,1,2,阿巴阿巴
136540,3416,吴朝晖,2021-06-20 13:58:26,1,2,1,太差了
136791,3416,吴朝晖,2021-06-24 14:44:51,-3,1,4,烂烂烂
136866,3416,吴朝晖,2021-06-26 15:27:10,-7,1,8,好好好
137345,3416,吴朝晖,2021-07-03 11:00:54,1,2,1,我真服了，正态分布真合理嗷
137511,3416,吴朝晖,2021-07-04 15:33:26,-1,0,1,唉唉唉
137762,3416,吴朝晖,2021-07-06 04:29:41,4,5,1,11级正态优秀率今年开始下调，祝更早收敛至1分
138408,3416,吴朝晖,2021-07-09 03:24:32,1,2,1,正太分布到底是为了什么？
138842,3416,吴朝晖,2021-07-11 07:17:25,0,2,2,正太太恶心了。。。。。
139260,3416,吴朝晖,2021-07-14 01:33:20,2,4,2,正太就是傻逼，三分一档就是傻逼
139533,3416,吴朝晖,2021-07-17 05:45:51,11,12,1,吴校长值得10分，分十期给
139583,3416,吴朝晖,2021-07-17 14:45:37,9,17,8,有些人是不是脑子有问题，正太分布是林建华搞的东西，喷到吴朝晖身上就令人捧腹了
139757,3416,吴朝晖,2021-07-26 00:57:53,-1,2,3,差差差
139826,3416,吴朝晖,2021-07-29 03:29:16,-3,0,3,哦啦啦
139863,3416,吴朝晖,2021-08-04 04:13:34,8,9,1,对于这个校长，这样的行政，已经无话可说了
139908,3416,吴朝晖,2021-08-17 07:05:19,0,5,5,懂了，省外人不配军训【狗头保命
139929,3416,吴朝晖,2021-08-21 05:27:57,6,11,5,你有病？把校网修缮一下可以不？打游戏都连不上😅😅😅
139931,3416,吴朝晖,2021-08-21 12:13:44,-5,3,8,幸好我不是浙大的
139932,3416,吴朝晖,2021-08-21 12:19:02,-10,2,12,幸好我不是浙里人
139933,3416,吴朝晖,2021-08-21 12:20:03,-13,3,16,还好我不是浙大的
139935,3416,吴朝晖,2021-08-21 12:48:47,-2,1,3,真tm差
139938,3416,吴朝晖,2021-08-22 02:53:44,1,1,0,。。。
139991,3416,吴朝晖,2021-08-23 00:12:11,1,2,1,正态分布垃圾
140021,3416,吴朝晖,2021-08-23 12:01:47,6,11,5,垃圾，早知道不报浙大了
140033,3416,吴朝晖,2021-08-23 13:22:07,1,1,0,没话讲
140034,3416,吴朝晖,2021-08-23 13:29:17,-5,0,5,垃圾浙大
140035,3416,吴朝晖,2021-08-23 13:39:24,2,2,0,居然没有0分选项😄💦💦
140039,3416,吴朝晖,2021-08-23 14:06:55,0,0,0,啧啧啧
140046,3416,吴朝晖,2021-08-24 04:58:50,9,11,2,就不能给高楼同学修个电梯吗
140066,3416,吴朝晖,2021-08-24 12:51:14,1,2,1,很垃圾 你去当城管吧 不要当校长了
140123,3416,吴朝晖,2021-08-27 09:59:24,-2,0,2,老师很棒。
140148,3416,吴朝晖,2021-08-30 04:26:50,1,1,0,没有早上的太阳。
140176,3416,吴朝晖,2021-09-02 13:11:05,-1,0,1,哈哈哈
140214,3416,吴朝晖,2021-09-05 10:42:15,1,1,0,额，呵呵
140215,3416,吴朝晖,2021-09-05 13:40:29,2,2,0,啧啧啧
140225,3416,吴朝晖,2021-09-06 04:19:57,1,2,1,呵🙃
140228,3416,吴朝晖,2021-09-06 04:45:38,8,8,0,军训还正态 服了
140234,3416,吴朝晖,2021-09-06 09:54:36,1,1,0,666666666666666
140248,3416,吴朝晖,2021-09-06 15:31:43,0,1,1,军训真的厉害
140320,3416,吴朝晖,2021-09-08 15:27:27,12,12,0,搞正太分布，傻逼行为，军训还正太，都不容易
140325,3416,吴朝晖,2021-09-09 01:57:48,4,4,0,呵呵呵
140336,3416,吴朝晖,2021-09-09 13:37:01,22,22,0,你点开时间排序什么目的？
140339,3416,吴朝晖,2021-09-09 16:14:28,2,2,0,欢迎吴校长上任（｡ò ∀ ó｡）
140358,3416,吴朝晖,2021-09-15 00:35:16,0,3,3,SB SB大SB
140364,3416,吴朝晖,2021-09-10 05:30:36,4,5,1,晖晖勇敢飞
140381,3416,吴朝晖,2021-09-10 11:46:28,0,7,7,开学典礼，日
140382,3416,吴朝晖,2021-09-10 10:57:27,9,15,6,开学典礼大雨还不来，什么鬼东西
140384,3416,吴朝晖,2021-09-10 11:04:05,7,11,4,大雨中开学典礼，真有你的
140385,3416,吴朝晖,2021-09-10 11:23:46,12,14,2,你快乐吗 雨很快乐\n\n暴雨 雨屏下的你们 不让带伞的我们
140386,3416,吴朝晖,2021-09-10 11:27:19,14,14,0,我的心里只有感恩❤
140387,3416,吴朝晖,2021-09-10 11:31:56,7,8,1,可爱捏
140388,3416,吴朝晖,2021-09-10 11:35:07,9,10,1,雨淋得很舒服，谢谢
140389,3416,吴朝晖,2021-09-10 11:45:40,2,2,0,开学典礼，前来打卡
140390,3416,吴朝晖,2021-09-10 11:45:50,13,14,1,哈哈哈哈哈哈哈哈开学典礼真是好天气哇哈哈哈哈哈哈哈哈哈萧敬腾是你吗哈哈哈哈哈哈我服了笑死
140391,3416,吴朝晖,2021-09-10 11:58:27,19,20,1,这么大的雨还接着开开学典礼，真不把学生当人啊，拿件雨衣和姜汤就想讨好我们？我们就真是韭菜呗，想割就割。请问应急方案哪去了？感情这种程度的雨还入不了你眼里是吧？\n\n哦，在雨棚底下坐着看确实是小雨呢
140392,3416,吴朝晖,2021-09-10 12:10:52,17,19,2,竺老的棺材板怕压不住了
140393,3416,吴朝晖,2021-09-10 12:23:37,15,17,2,虽然开学典礼我们等了1h，但面对大雨，吴校长还是以人为本的。。。。\n\n顶着奇怪的发言0.5h结束战斗
140394,3416,吴朝晖,2021-09-10 12:38:48,2,2,0,雨中开学典礼
140395,3416,吴朝晖,2021-09-10 12:45:56,8,8,0,虽然人已经不行了，但还是要先给个一分
140397,3416,吴朝晖,2021-09-10 13:13:46,1,1,0,哈哈哈
140398,3416,吴朝晖,2021-09-10 13:37:34,-2,2,4,校长最棒
140427,3416,吴朝晖,2021-09-11 07:33:16,28,34,6,让学生淋雨上开学第一课
140429,3416,吴朝晖,2021-09-11 08:21:50,4,6,2,解释不动了
140431,3416,吴朝晖,2021-09-11 08:50:29,3,6,3,没什么好说的了
140453,3416,吴朝晖,2021-09-12 07:38:58,0,0,0,啊这。
140488,3416,吴朝晖,2021-09-13 04:13:22,0,0,0,垃圾东西 淋雨典礼
140520,3416,吴朝晖,2021-09-13 09:02:05,0,0,0,正态分布
140526,3416,吴朝晖,2021-09-13 10:39:00,3,3,0,我的评价是 建议把查老师评分纳入学校教师开除的正太分布考察🤗🤗🤗
140529,3416,吴朝晖,2021-09-13 11:28:27,0,0,0,。。。
140530,3416,吴朝晖,2021-09-13 11:37:59,0,0,0,牛哇牛哇
140531,3416,吴朝晖,2021-09-13 11:40:15,0,0,0,继续作妖吧，这个学校就在他手里复兴了
140534,3416,吴朝晖,2021-09-13 11:40:26,0,1,1,浙江大学校长很棒
140535,3416,吴朝晖,2021-09-13 11:58:31,0,0,0,正态分布你m
140589,3416,吴朝晖,2021-09-14 05:30:00,0,0,0,nt东西
140591,3416,吴朝晖,2021-09-14 05:40:16,0,0,0,正态分布rnm！！！！！！！
140613,3416,吴朝晖,2021-09-14 10:24:10,-1,0,1,好校长
140615,3416,吴朝晖,2021-09-14 11:22:39,0,0,0,等公交健康减肥
140641,3416,吴朝晖,2021-09-14 14:46:51,0,0,0,其实还行吧
140642,3416,吴朝晖,2021-09-14 14:57:44,0,0,0,听他的课我学到了很多，提高了自己的格局
140663,3416,吴朝晖,2021-09-15 02:34:27,0,1,1,哈哈哈开学典礼毕生难忘感谢吴校长呢😅😅
140680,3416,吴朝晖,2021-09-15 05:31:59,0,0,0,搞正太真是一言难尽
140714,3416,吴朝晖,2021-09-15 08:54:49,0,0,0,有毛病
140732,3416,吴朝晖,2021-09-15 12:26:38,0,0,0,呵呵呵
140758,3416,吴朝晖,2021-09-16 00:32:52,0,0,0,什么鬼
140775,3416,吴朝晖,2021-09-16 03:15:22,0,0,0,々zz，
140776,3416,吴朝晖,2021-09-16 03:26:37,0,0,0,呵呵，为什么没有零分
140822,3416,吴朝晖,2021-09-16 11:38:07,0,0,0,取消正态分布
140835,3416,吴朝晖,2021-09-16 15:38:29,0,0,0,正态取消之日，国士归来之时
140875,3416,吴朝晖,2021-09-17 06:05:23,17,18,1,我不想打低分，但是正态分布要求，30%以上的老师低于3分，对不起了。
140876,3416,吴朝晖,2021-09-17 06:12:36,0,1,1,取消正态
140878,3416,吴朝晖,2021-09-17 06:14:11,5,5,0,u1s1，正态分布这样一个垃圾制度被广泛应用很离谱，这个制度不就是让人和人争么，不就是明摆着让人去卷么，不能让老师自己选择评分制度之类的么
140879,3416,吴朝晖,2021-09-17 06:16:07,4,4,0,浙大形式主义真的太普遍了
140880,3416,吴朝晖,2021-09-17 06:19:33,0,0,0,不知道说什么
140881,3416,吴朝晖,2021-09-17 06:22:30,4,4,0,越来越讨厌浙大了
140885,3416,吴朝晖,2021-09-17 07:11:42,1,1,0,强制叫所有同学来浪费时间听垃圾讲座。
140886,3416,吴朝晖,2021-09-17 07:18:41,1,1,0,他到底是怎么做到说了一个多小时却啥都没说。\n\n说了但是完全没说。
140887,3416,吴朝晖,2021-09-17 07:29:30,0,0,0,吴校长好帅
140953,3416,吴朝晖,2021-09-18 08:41:36,0,0,0,正态...
140957,3416,吴朝晖,2021-10-07 21:26:00,0,1,1,，，，
140967,3416,吴朝晖,2021-09-18 12:52:49,1,1,0,垃圾吴炒龟
140972,3416,吴朝晖,2021-09-18 19:41:06,2,2,0,干净又卫生嗷兄弟们！
141002,3416,吴朝晖,2021-09-20 14:01:41,0,0,0,取消正态
141012,3416,吴朝晖,2021-09-21 10:58:22,0,0,0,呵呵。
141014,3416,吴朝晖,2021-09-21 12:19:49,-3,2,5,这人怎么不早点死
141027,3416,吴朝晖,2021-09-22 02:46:48,6,6,0,始终觉得校长更适合人文学科类的教授来做.
141107,3416,吴朝晖,2021-09-23 14:28:27,0,0,0,好好好
141111,3416,吴朝晖,2021-09-23 16:32:05,4,4,0,就问1.03为啥不在低分榜上，为您收敛到1做贡献，不客气，话说和校长接触不多，但是讨厌学术官僚
141128,3416,吴朝晖,2021-09-24 06:50:04,0,2,2,老师很帅
141174,3416,吴朝晖,2021-09-25 15:44:35,0,0,0,舒适离谱
141175,3416,吴朝晖,2021-09-25 16:23:39,1,1,0,这就是浙大
141246,3416,吴朝晖,2021-09-27 06:36:24,6,6,0,去nm，外省的一个都不招来才好呢
141256,3416,吴朝晖,2021-09-27 14:18:20,2,3,1,感谢浙江不放假大学校长对我们辛勤的培养～\n\n中秋国庆你也要调休，调休，调休甜蜜的调休呀～\n\n^ _ ^
141266,3416,吴朝晖,2021-09-28 01:32:40,2,2,0,雨中开学，浙里等你
141323,3416,吴朝晖,2021-09-29 12:57:11,7,7,0,虽然我不知道下一次会发生什么大事。但我希望打开时间排序的同学们，千万不要看完评论就走。给个1分也是爱！！！！！吴宝放心飞，正太永相随！！！！
141376,3416,吴朝晖,2021-10-03 11:38:12,6,6,0,君请问问自己:你为什么来浙大，你要将浙大办成一所什么样的学校
141383,3416,吴朝晖,2021-10-04 16:07:19,1,1,0,早点滚蛋
141384,3416,吴朝晖,2021-10-05 02:12:58,1,1,0,非常不好
141396,3416,吴朝晖,2021-10-06 03:35:36,1,1,0,急急急
141398,3416,吴朝晖,2021-10-14 15:17:48,6,6,0,求仕创薪的浙大
141399,3416,吴朝晖,2021-10-06 09:47:54,0,0,0,唉……
141401,3416,吴朝晖,2021-10-06 10:59:25,1,1,0,取消正态分布
141476,3416,吴朝晖,2021-10-11 06:43:34,2,4,2,太垃圾了简直
141481,3416,吴朝晖,2021-10-11 11:30:53,0,1,1,呵呵呵
141482,3416,吴朝晖,2021-10-11 12:44:45,2,5,3,你为什么点开最新评论
141554,3416,吴朝晖,2021-10-14 08:01:39,0,1,1,垃圾浙大 形式主义
141604,3416,吴朝晖,2021-10-17 03:01:40,2,2,0,求仕创薪
141609,3416,吴朝晖,2021-10-17 07:45:58,1,1,0,。。。
141763,3416,吴朝晖,2021-10-25 02:24:54,1,1,0,呵呵呵
141785,3416,吴朝晖,2021-10-25 21:06:34,2,2,0,就跟陈睿一样，，，
141861,3416,吴朝晖,2021-10-28 06:20:22,-1,1,2,反转了，校长也是皇珈骑士
141914,3416,吴朝晖,2021-10-31 12:47:11,1,1,0,无话可说
142032,3416,吴朝晖,2021-12-20 09:02:39,0,2,2,fw.
142074,3416,吴朝晖,2021-11-05 05:43:15,4,4,0,正态分布给爷死 平常破事多得很 谁让你取消期中考试周的
142079,3416,吴朝晖,2021-11-05 07:57:34,1,1,0,啊这，💢💢
142109,3416,吴朝晖,2021-11-06 06:40:24,-1,3,4,校长的格局毕竟不是这些人能体会到的。
142148,3416,吴朝晖,2021-11-08 01:26:20,5,5,0,取消正态
142191,3416,吴朝晖,2021-11-08 11:19:01,7,8,1,今天开放0分\n\n明天吴校长就能收敛到0
142206,3416,吴朝晖,2021-11-08 12:20:36,3,3,0,格局是什么？格局在哪里？传道授业解惑之处为何会变成这样？每次在蒙民伟院士墙前驻足，一左一右实属感慨。终究还是怀念那位伫立月牙楼前的先生啊。真切祝愿我浙能好。
142216,3416,吴朝晖,2021-11-08 14:59:49,0,0,0,呵呵阿达
142259,3416,吴朝晖,2021-11-09 11:20:07,11,14,3,建议把取消考试周的老师安排一周“学生体验课”，狗过得都比我轻松
142271,3416,吴朝晖,2021-11-09 12:28:39,3,4,1,朝晖🤤🤤🤤嘿嘿🤤🤤🤤我的朝晖🤤🤤🤤
142289,3416,吴朝晖,2021-11-10 01:43:11,1,1,0,太差了
142295,3416,吴朝晖,2021-11-10 02:27:57,0,0,0,不必多说
142299,3416,吴朝晖,2021-11-10 02:47:04,5,5,0,其实吴校长评分低主要是在背锅
142331,3416,吴朝晖,2021-11-10 08:33:38,10,10,0,为什么没有0？其他老师太优秀了，您是后30%给您正态一下
142339,3416,吴朝晖,2021-11-10 10:24:21,9,9,0,说人文社科脑残的某位同学你显然才是个脑残，你活得毫无尊严是你自己让自己变成这样的，当然朝晖还是只能得1分
142391,3416,吴朝晖,2021-11-11 02:58:26,5,5,0,比林建华都低了，打高点拉一拉
142432,3416,吴朝晖,2021-11-11 10:35:17,2,2,0,正态分布滚出中国！
142442,3416,吴朝晖,2021-11-11 12:22:40,0,0,0,还我考试周！！！
142661,3416,吴朝晖,2021-11-15 03:06:39,0,0,0,哈哈哈
142749,3416,吴朝晖,2021-11-16 01:03:34,0,0,0,。。。
142792,3416,吴朝晖,2021-11-16 07:07:10,1,1,0,吴宝吴宝放心飞！
142847,3416,吴朝晖,2021-11-17 01:33:38,7,9,2,拉一拉，不能比林建华低
142870,3416,吴朝晖,2021-11-17 03:49:45,1,1,0,很浮夸
142929,3416,吴朝晖,2021-11-17 12:37:02,8,8,0,正太是林建华的锅，拉一拉
143000,3416,吴朝晖,2021-11-18 05:40:47,0,1,1,咋这么低的分
143006,3416,吴朝晖,2021-11-18 06:38:10,0,0,0,你啊，
143113,3416,吴朝晖,2021-11-19 05:52:04,7,8,1,拉一拉，不该比林建华更差
143128,3416,吴朝晖,2021-11-19 11:37:46,0,0,0,支持支持
143134,3416,吴朝晖,2021-11-19 17:02:55,0,0,0,给1分了
143154,3416,吴朝晖,2021-11-20 06:07:12,0,0,0,很离谱
143221,3416,吴朝晖,2021-11-21 16:44:03,0,0,0,三个字
143251,3416,吴朝晖,2021-11-22 09:59:34,3,3,0,一言难尽。。。。
143257,3416,吴朝晖,2021-11-22 12:28:07,20,27,7,下次培训招生老师时候注意一下，不要整的跟电信诈骗一样，大类招生就是大类招生，不要打着承诺计科的幌子搞大类，想想我们省毁了多少人青春，成吉思汗的后代来找麻烦不是没有缘由的。五星好评分五次还清。
143527,3416,吴朝晖,2021-11-26 03:41:34,2,3,1,下课下课！
143629,3416,吴朝晖,2021-11-29 07:13:08,0,0,0,蚌埠住了
143708,3416,吴朝晖,2021-12-02 07:36:08,-2,6,8,没有这么差吧
143774,3416,吴朝晖,2021-12-06 02:59:57,2,2,0,lj人
143804,3416,吴朝晖,2021-12-07 07:24:06,0,0,0,无可言也
143814,3416,吴朝晖,2021-12-07 10:28:57,12,15,3,上过吴老师的计算机组成😂吴老师讲课深入浅出，好评好评
144078,3416,吴朝晖,2021-12-17 09:01:00,2,2,0,很爱吃留食
144123,3416,吴朝晖,2021-12-18 15:45:04,19,20,1,吴老师，建议取消军训绩点，这个全靠跟辅导员py交易。
144144,3416,吴朝晖,2021-12-19 14:40:53,0,0,0,取消正态！
144215,3416,吴朝晖,2021-12-20 13:10:57,12,12,0,今年航空公司给您不少吧？？？
144217,3416,吴朝晖,2021-12-20 13:49:46,0,0,0,好好耶
144233,3416,吴朝晖,2021-12-21 01:05:12,7,7,0,拉一拉，不能比鸿皓之志低
144234,3416,吴朝晖,2021-12-21 01:05:12,10,10,0,拉一拉，不能比鸿皓之志低
144285,3416,吴朝晖,2021-12-21 04:05:58,1,1,0,太垃圾了
144475,3416,吴朝晖,2021-12-21 19:31:44,2,2,0,校长也就是个头衔罢了
144528,3416,吴朝晖,2021-12-22 05:41:06,0,0,0,无需多言
144577,3416,吴朝晖,2021-12-22 11:02:16,0,0,0,没什么好说的
144609,3416,吴朝晖,2021-12-22 15:34:19,1,5,4,NMZB\n\n就你TM正态不取消的混蛋\n\n污炒龟
144717,3416,吴朝晖,2021-12-23 10:03:26,0,0,0,无语子
144762,3416,吴朝晖,2021-12-23 12:55:31,0,0,0,无语子
145004,3416,吴朝晖,2021-12-26 12:22:13,0,2,2,力顶朝晖哥哥
145033,3416,吴朝晖,2021-12-27 01:34:40,0,1,1,不好不好
145096,3416,吴朝晖,2021-12-27 11:28:59,1,4,3,朝晖giegie很棒，看在中国工程院的面子上，给你打一分
145166,3416,吴朝晖,2021-12-28 03:19:25,0,1,1,爬吧你
145256,3416,吴朝晖,2021-12-28 13:20:14,0,0,0,球球了，取消正态吧朝晖giegie
145285,3416,吴朝晖,2021-12-29 01:38:43,4,4,0,别逼人卷了求求你了
145349,3416,吴朝晖,2021-12-29 06:53:34,12,15,3,到底是哪个傻逼领导一拍脑袋想出的取消期中考试周？？？朝晖giegie不负责吗！！！！！！！！！
145398,3416,吴朝晖,2021-12-29 10:16:42,3,4,1,马德吴朝晖的课讲的很好
145573,3416,吴朝晖,2021-12-30 09:44:16,3,5,2,虽然我不知道他是谁但我打个一分就是玩儿？
145616,3416,吴朝晖,2021-12-30 16:26:28,3,4,1,正态分布滚出浙大！
145661,3416,吴朝晖,2021-12-31 03:24:51,16,17,1,行政和物业拉胯，虽然可能校长本人并没有做什么坏事，但是他没有把学校管好，学校各个地方的拉胯必须由他负责。
145695,3416,吴朝晖,2021-12-31 08:27:27,13,16,3,remake以后进入其他华五已经1年了，还是忘不了当时在zju那种压抑的感觉。
145767,3416,吴朝晖,2022-01-01 16:08:50,0,1,1,朝晖giegie，你睡得着吗
145780,3416,吴朝晖,2022-01-02 06:06:02,0,0,0,拉一拉
145911,3416,吴朝晖,2022-01-04 08:28:56,1,1,0,拉一拉吧
145991,3416,吴朝晖,2022-01-05 12:07:58,0,1,1,拉一拉吧
146176,3416,吴朝晖,2022-01-05 15:47:54,0,1,1,伞兵、烧杯、鼠标、手表、设备
146306,3416,吴朝晖,2022-01-06 07:25:49,0,0,0,。。。。
146462,3416,吴朝晖,2022-01-06 15:20:44,2,2,0,今被卡绩，故来此地
146562,3416,吴朝晖,2022-01-07 02:40:28,1,1,0,哈哈😅正态分布滚出浙大
146623,3416,吴朝晖,2022-01-07 05:43:31,3,3,0,我的妈呀真的1.0了
146803,3416,吴朝晖,2022-01-07 13:11:33,-1,4,5,校长很帅啊啊啊啊啊
146901,3416,吴朝晖,2022-01-08 03:08:16,0,1,1,无语子
146964,3416,吴朝晖,2022-01-08 07:58:26,1,1,0,现任校长
147008,3416,吴朝晖,2022-01-08 11:51:29,1,2,1,为什么要把考试周提前两天？？？
147222,3416,吴朝晖,2022-01-09 07:05:23,8,9,1,要你这校长整天NM正态分布还TM那学生当GP，制度只针对学生纯TM，LJ有NM意见会让你S啊，SB
147861,3416,吴朝晖,2022-01-11 04:27:10,0,0,0,。。。
147982,3416,吴朝晖,2022-01-11 08:57:53,12,12,0,2分，多1分因为吴校长年轻时英俊的容颜
147994,3416,吴朝晖,2022-01-11 09:17:21,1,3,2,正态…🤤🤤🤤嘿嘿…🤤🤤🤤正态…😅😅😅
148155,3416,吴朝晖,2022-01-11 16:24:13,0,1,1,希望取消正态分布，真的，我快无语了
148236,3416,吴朝晖,2022-01-12 02:41:23,0,0,0,为收敛贡献一份力量
148237,3416,吴朝晖,2022-01-12 02:41:40,0,0,0,还有啥好说的呢
148278,3416,吴朝晖,2022-01-12 04:42:41,1,3,2,cnmsb正态
148288,3416,吴朝晖,2022-01-12 05:18:33,3,3,0,怎么还有1.02分呀
148299,3416,吴朝晖,2022-01-12 05:44:57,0,5,5,不至于1分吧
148310,3416,吴朝晖,2022-01-12 06:13:52,-3,1,4,正太分布永远滴神
148317,3416,吴朝晖,2022-01-12 06:30:37,3,3,0,正态哈哈哈哈正态，，，能不能赶快取消这种狗东西？通识课思考题认认真真写了，论文也认认真真写了哈哈哈哈哈结果被正态教做人啦啦啦
148552,3416,吴朝晖,2022-01-13 00:59:14,3,3,0,取消正态
148575,3416,吴朝晖,2022-01-13 02:03:04,5,5,0,取消正太
149116,3416,吴朝晖,2022-01-14 12:34:06,1,5,4,好校长！！！
149129,3416,吴朝晖,2022-01-14 13:26:37,44,49,5,之前提前两天考试不该骂人的\n\n错怪校长大人了…这波校长在大气层…\n\n赶紧过来给朝晖刷10分\n\n谢谢zju放我回家过年呜呜呜呜呜
149735,3416,吴朝晖,2022-01-16 15:08:53,-1,2,3,爱huihui
149822,3416,吴朝晖,2022-01-17 07:12:07,2,2,0,太牛了
149907,3416,吴朝晖,2022-01-17 16:42:45,0,0,0,哈哈哈
149972,3416,吴朝晖,2022-01-18 06:15:45,3,4,1,特意为正态制度前来支援
150239,3416,吴朝晖,2022-01-21 00:12:48,1,1,0,哈哈哈
150500,3416,吴朝晖,2022-01-27 10:43:03,33,35,2,本来想打10分，后来想想还是分成十次来打比较好
150527,3416,吴朝晖,2022-01-29 02:46:28,4,4,0,无语😓
150544,3416,吴朝晖,2022-01-29 17:44:07,2,2,0,离了个大谱😅
150560,3416,吴朝晖,2022-01-30 08:26:30,24,25,1,通识正态还嫌不够是吧？和林建华穿一条裤子是吧？真 有 你 的!
150586,3416,吴朝晖,2022-01-31 09:49:49,22,22,0,三分一档：九十二万岁，九十四浪费，九十一犯罪
150590,3416,吴朝晖,2022-01-31 15:09:25,33,33,0,给后来人解释一下1·27正态分布事件：\n\n学校对于正态分布的原规定为覆盖通识类课程，包括通识必修课程（课程号带E/F/G/P/T的课程，但F类的外语、G类的计算机和T类的自然科学通识类一般自动满足正态，所以主要影响E类的思政和P类的职规）和通识选修课程（课程号带N/S的课程）。规定是90分及以上不超过30%，79分及以下不少于20%（我数据没有打反，据说这样的成绩是可以录入的）。\n\n可能会推行的新规定是覆盖所有课程，90分及以上不超过30%。这对于小班课尤其地操蛋。举个例子，2021-2022秋冬《科学计算》班级20人，《常微分方程（甲）》班级23人，假设推行此规定，则只有6人可以拿到90分及以上。下学期的《交换代数》更是只有9人，按此规定只有2个90分及以上名额。
150599,3416,吴朝晖,2022-02-03 09:39:14,1,8,7,感觉浙大还是挺好的…有点心疼一分的朝晖gg
150614,3416,吴朝晖,2022-02-04 16:00:10,3,5,2,正态分布滚出zju
150660,3416,吴朝晖,2022-02-10 16:06:22,14,14,0,专业课正态分布你麻辣隔壁，煞笔东西
150682,3416,吴朝晖,2022-02-12 07:05:48,2,3,1,哈哈哈、
150683,3416,吴朝晖,2022-02-12 07:05:19,3,3,0,哈哈哈、
150715,3416,吴朝晖,2022-02-15 13:08:48,12,13,1,正态分布覆盖专业课让人咋学
150744,3416,吴朝晖,2022-02-16 12:24:22,16,16,0,正态分布者，毁生之兴趣也
150878,3416,吴朝晖,2022-02-20 12:48:20,-17,3,20,好老师，值得
150888,3416,吴朝晖,2022-02-21 00:11:13,55,59,4,正态分布的这场耻辱性的设计，已经成为了这两天浙江大学最大的话题。让我们来看一下前任校长（）对此的点评。一向直性子的（）直言道，吴朝晖这么正态，只怕是连面子都不要了。
150971,3416,吴朝晖,2022-02-21 11:55:32,-23,7,30,10分鼓励一下
151000,3416,吴朝晖,2022-02-22 00:37:44,3,5,2,正态你🐴呢，rnm退钱！
151064,3416,吴朝晖,2022-02-22 13:28:45,5,6,1,sb正态
151092,3416,吴朝晖,2022-02-23 03:08:02,44,46,2,真的改了正态
151104,3416,吴朝晖,2022-02-23 05:16:11,3,3,0,3个字
151253,3416,吴朝晖,2022-02-26 03:28:44,20,24,4,这个吴朝晖可以下台了，你简直就是傻逼在瞎管理学校！！！负分滚出！
151278,3416,吴朝晖,2022-02-27 11:44:14,5,7,2,伞兵一个
151349,3416,吴朝晖,2022-03-01 04:25:47,1,1,0,嘿嘿嘿
151776,3416,吴朝晖,2022-03-15 08:01:33,1,1,0,试一试
151831,3416,吴朝晖,2022-03-17 03:12:51,4,6,2,马德吴朝晖O(∩_∩)O
152002,3416,吴朝晖,2022-03-23 01:48:29,14,14,0,麻瓜  去见竺老忏悔吧
152005,3416,吴朝晖,2022-03-23 02:51:13,3,3,0,烦死了
152007,3416,吴朝晖,2022-03-23 03:04:19,0,1,1,蟹布肉
152203,3416,吴朝晖,2022-03-30 07:26:30,9,10,1,11分好评，溢出1分。
152227,3416,吴朝晖,2022-03-31 01:21:30,30,31,1,居然还有1分，我改数据包连1分都不给你
152230,3416,吴朝晖,2022-03-31 02:51:53,2,2,0,嘿嘿嘿
152331,3416,吴朝晖,2022-04-04 10:11:45,1,1,0,朝晖giegie
152335,3416,吴朝晖,2022-04-05 00:58:23,23,23,0,解释一下只管学生的、层层加码加了十七八层的蓝码制度吧orz
152366,3416,吴朝晖,2022-04-07 02:39:44,9,10,1,朝晖哥哥讲课认真，一分鼓励一下
152378,3416,吴朝晖,2022-04-07 07:36:55,17,19,2,垃圾正太，学风浮躁，水课一堆，行政老师不干实事，只知道看领导脸色办事。
152435,3416,吴朝晖,2022-04-11 07:30:34,5,5,0,😂😂😂😂😂
152471,3416,吴朝晖,2022-04-12 11:19:27,69,74,5,朝晖giegie可爱捏，给11分，但是对10取模了
152496,3416,吴朝晖,2022-04-13 07:36:43,20,20,0,三分一档和正态分布是人能想出来的玩意吗？
152575,3416,吴朝晖,2022-04-15 02:55:31,6,9,3,爱思璧😇
153126,3416,吴朝晖,2022-04-26 03:08:41,2,11,9,你妈死了\n\n王八蛋
153231,3416,吴朝晖,2022-04-27 02:08:44,41,45,4,一个学校的校长1.03分，这是什么耻辱啊。。。。。。\n\n\n\n\n\n\n\n0.03哪来的，反省一下啊
153266,3416,吴朝晖,2022-04-27 08:27:07,15,15,0,sbwzhnmsl，层层加码是吧
153272,3416,吴朝晖,2022-04-27 09:37:33,18,19,1,疫情防控层层加码，不让人回家辣？\n\n敢于站到广大学生的对立面，干的好，是个勇士👎🏽
153378,3416,吴朝晖,2022-04-28 23:59:31,21,22,1,非常好、绝顶聪明的疫情管控
153423,3416,吴朝晖,2022-04-29 10:34:21,25,27,2,nt领导层层加码sb防疫政策，每天搞些有的没的，还拿方舱威胁学生是吧，假惺惺的恶心谁呢
153572,3416,吴朝晖,2022-05-05 02:56:23,-1,23,24,垃圾吴朝晖，nmsl，浙江省1200名读计算机，老子江西省1200名养猪。
153670,3416,吴朝晖,2022-05-07 11:27:10,-9,22,31,垃圾吴朝晖，nmsl，浙江省1200名读计算机，老子安徽省1200名种菜。
153699,3416,吴朝晖,2022-05-08 13:17:23,5,29,24,垃圾吴朝晖，nmsl，浙江省1200名读计算机，老子四川省700名抓虫。
153730,3416,吴朝晖,2022-05-09 14:46:04,-77,40,117,垃圾吴朝晖，省外200名绩点不如浙江2000名，还不多招点浙江人
153770,3416,吴朝晖,2022-05-10 12:45:47,-8,4,12,挺好的。
153825,3416,吴朝晖,2022-05-12 07:35:03,3,5,2,不怎么样
154072,3416,吴朝晖,2022-05-22 12:15:17,5,22,17,垃圾吴朝晖，nmsl，浙江省1200名读计算机，老子山东省100名上清华
154112,3416,吴朝晖,2022-05-23 11:24:31,-2,2,4,纯垃圾
154253,3416,吴朝晖,2022-05-27 05:16:57,8,9,1,在校医院不戴口罩是吧
154301,3416,吴朝晖,2022-05-29 13:29:23,8,9,1,想问为什么这么热食堂图书馆还不开空调
154355,3416,吴朝晖,2022-05-31 02:50:19,0,1,1,朝晖1分不谢
154374,3416,吴朝晖,2022-05-31 08:21:00,0,2,2,收敛了捏
154393,3416,吴朝晖,2022-05-31 14:24:03,0,0,0,朝晖giegie
154646,3416,吴朝晖,2022-06-02 16:49:37,0,1,1,很好哦
154664,3416,吴朝晖,2022-06-03 04:10:33,13,14,1,大家想想，为什么吴啸长还没有收敛到1.01分，在座的各位都有责任
154740,3416,吴朝晖,2022-06-04 12:28:29,1,4,3,翼燕丁真，鉴定为:纯纯的飞舞
154750,3416,吴朝晖,2022-06-04 14:26:10,1,1,0,不行啊
154779,3416,吴朝晖,2022-06-05 07:20:07,0,1,1,😓😓😓
154797,3416,吴朝晖,2022-06-05 13:04:05,68,72,4,我爱的男孩，以吴开头，以晖结尾，他用两米八的身高，撑起了浙江大学的青春，吴朝晖短短的29画，却是浙江大学一辈子的信仰！吴朝晖这三个字看起来太独特！读起来太骄傲，写起来太顺手，念起来太激动，梦起来太美好，迷起来太简单，全世界最好最优秀的吴朝晖！可以不爱，但求别伤害！不妨试着了解他，他真的很优秀，值得被更多人喜欢！此生不悔入浙大！披金成王，伴晖远航。人间理想～╭══╮┌══════════┐ ╭╯让开║ 吴朝晖的 专 座╰⊙═⊙╯╰══⊙════⊙══翻山越岭💕⭐只为朝晖💕⭐星海猖狂💕⭐护晖为王💕⭐
154823,3416,吴朝晖,2022-06-06 02:28:32,6,6,0,老子李清明给你打十分
154841,3416,吴朝晖,2022-06-06 06:58:03,0,2,2,bucuoo
154842,3416,吴朝晖,2022-06-06 06:58:02,0,1,1,bucuoo
154870,3416,吴朝晖,2022-06-06 09:44:28,31,35,4,高考后，一个学生在家里。她手上的是清华大学和北京大学的录取通知书。两个大学招生办为她吵得不可开交。\n\n门铃响了，学生像知道了什么眼睛充满明亮跑去开门。她收到的是美国哈佛大学的录取通知书，哈佛大学愿意报销她的学费和生活费。\n\n考生的眼睛黯淡了下来。她默默拿起打火机，准备将这几张录取通知书烧毁。“孩子你干什么!” 一个女声响起。她一把夺下她手里的录取通知书“别再想着去浙江大学了！浙大看不上你!”\n\n考生的眼睛黯淡了下来。\n\n突然又响起了门铃，她慌忙跑去开门，只听见那个快递大喊:同学你的浙江大学录取通知书到了。\n\n考生顿时热泪盈眶。她激动的打开了手机，心中暗自窃喜：终于可以进浙江大学了！\n\n没错，她努力了12年就是为了有朝一日能收到浙江大学的录取通知书，不仅是因为当年学长学姐的那句:六月高考努把力，九月浙大做兄弟的豪言壮语。更是因为浙大是教育部直属的综合性全国重点大学，位列国家“双一流”、“211工程”、“985工程”，是九校联盟（C9）、中国大学校长联谊会、环太平洋大学联盟、世界大学联盟、全球大学校长论坛、全球高校人工智能学术联盟、国际应用科技开发协作网、新工科教育国际联盟、全球能源互联网大学联盟、CDIO工程教育联盟、医学“双一流”建设联盟成员，入选“珠峰计划”、“强基计划”、“2011计划”、“111计划”、卓越工程师教育培养计划、卓越医生教育培养计划、卓越法律人才教育培养计划、卓越农林人才教育培养计划、全国首批深化创新创业教育改革示范高校、学位授权自主审核单位。\n\n欢迎报考浙江大学！
154928,3416,吴朝晖,2022-06-07 03:02:13,4,6,2,老师很棒，校长不行！（手动狗头）
155065,3416,吴朝晖,2022-06-08 03:45:00,5,7,2,半正太真的要实行了？那你只能得1分
155088,3416,吴朝晖,2022-06-08 06:38:18,-9,1,10,保我六级稳过
155137,3416,吴朝晖,2022-06-08 15:23:45,4,4,0,呵呵呵
155178,3416,吴朝晖,2022-06-09 05:49:31,4,4,0,正态分布不太合理
155216,3416,吴朝晖,2022-06-09 11:42:31,1,4,3,柠檬什么时候熟呀😅
155725,3416,吴朝晖,2022-06-15 11:07:19,10,10,0,这么大个学校成什么样了 呕
155924,3416,吴朝晖,2022-06-16 14:23:57,1,1,0,424
155979,3416,吴朝晖,2022-06-17 03:38:32,0,1,1,？？？
156530,3416,吴朝晖,2022-06-20 07:47:19,0,1,1,延续传统
156532,3416,吴朝晖,2022-06-20 07:53:15,-1,0,1,卡绩卡绩卡绩
156578,3416,吴朝晖,2022-06-20 10:06:13,0,0,0,牛逼牛逼
157136,3416,吴朝晖,2022-06-22 04:21:23,-6,3,9,呵呵，sbwzh，你跟杨校长差远了
157141,3416,吴朝晖,2022-06-22 04:38:28,-2,1,3,想看看可不可以收敛
157210,3416,吴朝晖,2022-06-22 09:57:23,9,9,0,专业课卡优秀率。。。为什么为什么为什么为什么？
157218,3416,吴朝晖,2022-06-22 10:59:15,67,68,1,大家骂的其实不是一个人，而是他背后的一个体制
157282,3416,吴朝晖,2022-06-23 00:14:00,5,6,1,助力zhgg被正态到1.01
157310,3416,吴朝晖,2022-06-23 01:50:52,2,2,0,朝晖！
157480,3416,吴朝晖,2022-06-23 11:14:03,0,2,2,正态尼玛地正态！玩不起吗！搞什么正态！大家都有实力进入这所学校！凭什么被正态玩弄心态
157612,3416,吴朝晖,2022-06-24 03:26:20,11,13,2,校长我好爱你啊啊啊啊啊啊啊啊啊啊为了你我要给你打一分啊啊啊啊啊啊啊啊啊啊
157921,3416,吴朝晖,2022-06-25 15:08:28,0,1,1,寄！！
157969,3416,吴朝晖,2022-06-26 00:47:49,-1,0,1,不太行
158208,3416,吴朝晖,2022-06-27 13:09:10,-1,2,3,…………
158221,3416,吴朝晖,2022-06-27 14:11:46,-2,1,3,……
158238,3416,吴朝晖,2022-06-27 16:33:02,8,10,2,大学生物学考核方式改一下吧，浙江大学培养领导人才你让我这种内向的人怎么活，展示展示小组小组小组作业去你妈的
158533,3416,吴朝晖,2022-06-30 05:19:18,3,4,1,能取消正态吗？被压分真的很难受，直接100分制对应五分制吧，也不用0.3一个挡了。。
158662,3416,吴朝晖,2022-07-01 05:19:25,15,19,4,助力吴校长做1
158668,3416,吴朝晖,2022-07-01 07:10:17,2,5,3,老闭灯
159121,3416,吴朝晖,2022-07-06 13:12:42,2,14,12,查老师真的是言论黑洞，啥乱七八糟的话都可以在这里泄愤，戾气好重
159230,3416,吴朝晖,2022-07-08 12:20:12,12,15,3,浙江大学，一点都不求是，上上下下烂透了！垃圾叫兽遍地都是，人渣行政管理人员十有八九！
159296,3416,吴朝晖,2022-07-11 06:27:05,0,2,2,感觉挺好的
159342,3416,吴朝晖,2022-07-14 02:15:43,1,2,1,。。。
159402,3416,吴朝晖,2022-07-16 09:28:01,1,3,2,爱斯碧
159534,3416,吴朝晖,2022-08-05 03:27:11,13,17,4,全民大学生们大家好，我是练习时长两年半的浙大校长朝晖，喜欢正态、开会、pre、内卷，退学！挂你太美～
159584,3416,吴朝晖,2022-08-20 14:49:32,23,32,9,吴校成功在今年ban掉了正太，就这一个理由我觉得够给10分，前几届的怨言请不要一直高居榜首，后生的认可更有价值
159585,3416,吴朝晖,2022-08-20 16:20:02,13,14,1,新老生区别对待，省外层层加码，这合理吗？
159586,3416,吴朝晖,2022-08-21 00:46:09,0,0,0,无语至极
159600,3416,吴朝晖,2022-08-21 14:50:35,0,0,0,666
159609,3416,吴朝晖,2022-08-22 04:22:32,6,11,5,大一的 选课系统做的和米田共一样 sb东西
159621,3416,吴朝晖,2022-08-23 08:22:55,8,15,7,艾斯比选课系统，艾斯比彩票系统，艾斯比正态分布，浙大就纯纯笑话，杭电都不知道比这好多少
159622,3416,吴朝晖,2022-08-22 08:21:02,0,0,0,差差差
159624,3416,吴朝晖,2022-08-22 08:54:02,0,0,0,谢谢你
159648,3416,吴朝晖,2022-09-09 01:10:53,0,1,1,很难用语言形容
159665,3416,吴朝晖,2022-08-23 03:29:31,0,1,1,建议取消正态分布
159666,3416,吴朝晖,2022-08-23 03:29:22,1,1,0,建议取消正态分布
159688,3416,吴朝晖,2022-08-23 09:02:59,0,0,0,。。。
159689,3416,吴朝晖,2022-08-23 11:04:55,1,1,0,哈哈哈
159690,3416,吴朝晖,2022-08-23 12:44:39,5,5,0,大一选课真tm智障，为了表示敬意给您打一分
159693,3416,吴朝晖,2022-09-13 11:50:56,15,19,4,xdm，正态分布的时代结束了，给他从1.02拉到2.01不过分吧？
159694,3416,吴朝晖,2022-08-23 13:19:52,34,35,1,军训也要卷？？？一群人抛头露面上台发表演讲像小丑，全是功利主义作祟。还有什么神秘投票机制，让一个排中的每个班统一意见？？？班内同学上一秒刚认识，候选人上一秒刚认识，这怎么选？！！恶竞！恶竞！
159696,3416,吴朝晖,2022-08-23 13:37:23,4,4,0,军训还是正态分布，什么意思
159698,3416,吴朝晖,2022-08-23 13:43:23,3,3,0,军训还正太？？？？？真可以
159699,3416,吴朝晖,2022-08-23 13:47:26,2,2,0,什么选课系统啊，选到凌晨一点诶
159700,3416,吴朝晖,2022-08-23 14:13:49,10,11,1,问：你听过最长的笑话是什么？\n\n答：吴朝晖在开学典礼上的讲话。
159703,3416,吴朝晖,2022-09-06 15:43:30,28,35,7,就您也敢组织军训喊同志们好同志们辛苦了？您不看看您是什么嘴脸什么几把？
159706,3416,吴朝晖,2022-08-23 15:24:06,24,27,3,年年卷那么多钱 给丹阳修修宿舍能死吗
159708,3416,吴朝晖,2022-08-23 16:34:41,2,2,0,傻逼，
159710,3416,吴朝晖,2022-08-24 01:43:13,6,6,0,建议取消正态分布
159720,3416,吴朝晖,2022-08-24 14:47:29,0,0,0,不知道说啥
159723,3416,吴朝晖,2022-08-25 09:15:21,-3,6,9,什么垃圾选课系统，整了个36的学分，结果就给我23学分，啥都没选到。
159726,3416,吴朝晖,2022-08-25 13:26:51,13,15,2,不知道竺老校长看到现在的浙大会说什么\n\n能给大一留下这种第一印象，也只有你浙了
159733,3416,吴朝晖,2022-08-26 08:27:08,1,1,0,不理解，真的不理解
159734,3416,吴朝晖,2022-08-26 09:05:10,0,0,0,，，，，
159736,3416,吴朝晖,2022-08-26 11:49:51,4,5,1,军训还要正太
159741,3416,吴朝晖,2022-08-27 01:34:51,5,5,0,什么形式主义作风
159751,3416,吴朝晖,2022-08-28 08:15:22,6,6,0,军训四点五十起🌝
159760,3416,吴朝晖,2022-08-28 12:39:53,1,1,0,**（国粹）
159771,3416,吴朝晖,2022-08-29 03:02:04,2,3,1,zhgg这么可爱
159811,3416,吴朝晖,2022-09-12 10:50:46,5,7,2,头发好帅
159813,3416,吴朝晖,2022-09-02 04:20:20,13,15,2,智障东西，你来讲讲为什么省外无风险地区返校还要隔离三天
159818,3416,吴朝晖,2022-09-03 00:01:05,7,8,1,军训**
159823,3416,吴朝晖,2022-09-08 09:57:42,-5,3,8,朝**哥***了
159824,3416,吴朝晖,2022-09-03 13:48:36,2,2,0,不得不说，还是吴校长给竺老校长宣传的好hhh
159827,3416,吴朝晖,2022-09-04 07:57:27,0,1,1,的鼠标
159836,3416,吴朝晖,2022-09-05 12:30:14,0,0,0,乐乐乐
159841,3416,吴朝晖,2022-09-05 15:30:23,1,1,0,↑↓.MP4
159849,3416,吴朝晖,2022-09-06 04:58:09,3,6,3,ljlj
159851,3416,吴朝晖,2022-09-06 05:03:14,-26,9,35,江西1200名的，你也不看看你这成绩还能读什么学校，就你江西这飞舞教育水平叫什么叫？
159853,3416,吴朝晖,2022-09-06 06:18:38,5,5,0,zju已经不是从前的zju了
159855,3416,吴朝晖,2022-09-06 10:13:17,29,29,0,这军训太舒服了，奖励校长一个一分
159859,3416,吴朝晖,2022-09-06 13:29:52,14,14,0,军训组织的什么臭鱼烂虾😅
159860,3416,吴朝晖,2022-09-06 14:44:06,10,11,1,军训同学互评被恶心到了
159875,3416,吴朝晖,2022-09-07 12:31:18,0,2,2,今天心情不错
159881,3416,吴朝晖,2022-09-07 15:39:11,9,9,0,校网真的垃圾
159898,3416,吴朝晖,2022-09-08 12:15:36,86,88,2,老夫撩发少年狂
159901,3416,吴朝晖,2022-09-08 12:53:46,19,24,5,无风险还要隔离三天，军训正态，班内互评，建班谁也不认识直接演讲竞选班干部，训练一样最后表演内容不一样给分还要分个三六九等，还搁哪同志们好、首长好，宁还是首长啊
159902,3416,吴朝晖,2022-09-08 13:23:10,-7,3,10,还可以，比想象中的好
159903,3416,吴朝晖,2022-09-08 13:46:55,23,27,4,给十分，因为开学典礼他的头发很帅
159908,3416,吴朝晖,2022-09-08 14:39:14,-1,0,1,hao
159915,3416,吴朝晖,2022-09-09 02:23:09,-1,0,1,...
159950,3416,吴朝晖,2022-09-09 14:57:18,0,1,1,😅😅😅
159960,3416,吴朝晖,2022-09-10 04:44:50,25,27,2,就冲zhgg的头发也要打1
159968,3416,吴朝晖,2022-09-10 11:29:11,6,10,4,军训我们连除了优秀率限制没正态了，听说比去年好……
159969,3416,吴朝晖,2022-09-10 12:13:49,18,20,2,竺校长问我两个问题，你真是给我出了一堆难题
159971,3416,吴朝晖,2022-09-10 12:19:44,2,4,2,生态分布真系好笑！啊校长系唔系搞笑呢？
159989,3416,吴朝晖,2022-09-11 03:48:41,0,12,12,帅死了
159991,3416,吴朝晖,2022-09-11 07:15:19,23,26,3,头发挺会捋
159994,3416,吴朝晖,2022-09-11 08:10:09,20,23,3,这撩发撩到我了
160029,3416,吴朝晖,2022-09-12 03:43:06,-2,0,2,赶紧的
160054,3416,吴朝晖,2022-09-12 12:11:50,1,2,1,可恶的军训
160065,3416,吴朝晖,2022-09-12 15:32:49,-3,0,3,好的呢
160082,3416,吴朝晖,2022-09-13 05:24:18,-1,0,1,zhgg好帅～～
160118,3416,吴朝晖,2022-09-13 11:40:47,-1,0,1,帅死了
160127,3416,吴朝晖,2022-09-13 13:56:20,-1,0,1,...
160175,3416,吴朝晖,2022-09-14 07:33:11,2,2,0,取消正态分布！
160181,3416,吴朝晖,2022-09-14 08:39:37,1,2,1,政策不好
160188,3416,吴朝晖,2022-09-14 12:32:46,5,6,1,取消浙大体艺打卡
160189,3416,吴朝晖,2022-09-14 12:38:49,1,2,1,这，就是浙大。
160194,3416,吴朝晖,2022-09-15 00:04:51,2,3,1,撩头发太帅了
160297,3416,吴朝晖,2022-09-17 13:23:58,2,3,1,我是来拉分的😍
160301,3416,吴朝晖,2022-09-18 09:53:59,9,10,1,学校有错，校长背锅
160302,3416,吴朝晖,2022-09-18 11:09:05,3,3,0,别正态啦小吴
160334,3416,吴朝晖,2022-09-19 08:10:37,0,1,1,…………
160357,3416,吴朝晖,2022-09-20 06:59:44,-1,0,1,好，非常好。
160361,3416,吴朝晖,2022-09-20 08:05:38,-1,0,1,两个问题
160420,3416,吴朝晖,2022-09-22 02:39:08,-1,2,3,zhgg不给一份不好意思捏
160447,3416,吴朝晖,2022-09-23 01:05:44,-1,1,2,测试一下功能
160471,3416,吴朝晖,2022-09-23 09:22:24,-1,0,1,晖晖~
160508,3416,吴朝晖,2022-09-25 03:58:47,10,11,1,先前是卡80分一下，现在是卡优秀率。大家没有骂错，这种制度虽然是林建华先推行的，但也是吴校长把它发扬光大的
160544,3416,吴朝晖,2022-09-26 12:06:58,0,2,2,头发帅
160579,3416,吴朝晖,2022-09-27 10:15:20,0,0,0,垃圾正态分布
160585,3416,吴朝晖,2022-09-27 12:17:39,8,10,2,为什么省外无风险地区返还要隔离3天？？！！
160624,3416,吴朝晖,2022-09-28 12:42:25,0,1,1,太离谱
160664,3416,吴朝晖,2022-09-29 18:26:21,-3,2,5,莫名的讨厌😫
160712,3416,吴朝晖,2022-10-04 09:31:07,0,2,2,3个字
160724,3416,吴朝晖,2022-10-07 12:01:35,-22,10,32,只有这种无马之人才会向学生层层加码，希望宁木琴走的时候痛苦一些
160743,3416,吴朝晖,2022-10-08 23:56:13,-2,2,4,我只能说难绷
160790,3416,吴朝晖,2022-10-12 03:55:25,-7,1,8,泥事针德眉目
160830,3416,吴朝晖,2022-10-15 10:28:48,1,1,0,下一个更好
160890,3416,吴朝晖,2022-10-18 12:08:22,-1,0,1,hhh
160962,3416,吴朝晖,2022-10-21 03:12:53,5,6,1,防疫专家在浙大
160966,3416,吴朝晖,2022-10-21 05:20:01,-1,0,1,zhggg
160971,3416,吴朝晖,2022-10-21 13:26:58,1,2,1,这不夸我家晖宝~是大预言家吗
160978,3416,吴朝晖,2022-10-22 12:12:42,-1,0,1,老师很好
161064,3416,吴朝晖,2022-10-25 11:44:19,-1,0,1,测试评论
161456,3416,吴朝晖,2022-11-07 05:00:55,-2,0,2,www
161466,3416,吴朝晖,2022-11-07 08:15:23,8,9,1,吴校长头发太帅了！怎么会有人觉得校长不好呢？怎么会有人不给10分的呢？哦原来是我，那个0太碍眼，不符合校长的气质，我把它删了
161622,3416,吴朝晖,2022-11-09 12:56:51,7,10,3,你们反思一下 为什么1后面还有个0.02（生气）
161692,3416,吴朝晖,2022-11-10 13:27:34,-4,2,6,我特么，被正太害死了，居然认真学还下了4
161844,3416,吴朝晖,2022-12-29 12:41:57,2,6,4,zh哥哥真要走了吗，不舍
161854,3416,吴朝晖,2022-11-14 13:57:29,-2,2,4,朝晖要调任了，舍不得……
161855,3416,吴朝晖,2022-11-14 14:09:55,-2,1,3,我的朝晖gg为了你我要考上浙江大学，重振三本荣光，我辈义不容辞。
161859,3416,吴朝晖,2022-11-14 14:36:40,-2,1,3,学生在此恭送吴校高升！祝校长前程似锦！
161866,3416,吴朝晖,2022-11-14 14:56:09,-3,0,3,朝晖快要走了，竟有点不舍，酌情给他加一点
161874,3416,吴朝晖,2022-11-14 15:51:08,-2,2,4,别走啊
161893,3416,吴朝晖,2022-11-15 01:14:38,3,3,0,还我郑强
161938,3416,吴朝晖,2022-11-15 07:30:26,-1,1,2,比林好至少
162017,3416,吴朝晖,2022-11-16 04:07:12,-2,0,2,校长再见👋🏻灰灰
162053,3416,吴朝晖,2022-11-16 09:51:18,3,3,0,正态去死
162144,3416,吴朝晖,2022-11-17 04:44:56,-1,0,1,...
162270,3416,吴朝晖,2022-11-18 15:04:08,1,1,0,校网太差！受不鸟了！朝晖哥哥走好
162288,3416,吴朝晖,2022-11-19 07:34:29,-1,0,1,测试评论
162385,3416,吴朝晖,2022-11-21 10:38:53,-2,1,3,呢嘻嘻军训88绩点4.2、89绩点4.5，高贵的正态分布！
162438,3416,吴朝晖,2022-11-22 11:18:57,-2,0,2,润了[惊呆]
162443,3416,吴朝晖,2022-11-22 13:04:04,1,2,1,很失望，zju就是个刷分大学是吗？刷体育网课，刷学生手册，刷核酸，刷打卡，刷评奖评优
162532,3416,吴朝晖,2022-11-24 14:46:41,-9,2,11,到底是谁想出来的正太分布 给你个0
162597,3416,吴朝晖,2022-11-27 09:32:50,5,6,1,防疫专家在浙大
162697,3416,吴朝晖,2022-12-05 03:20:40,-1,1,2,校长走好～
162699,3416,吴朝晖,2022-12-05 03:45:49,7,9,2,平心而论，吴朝晖是位好校长
162701,3416,吴朝晖,2022-12-05 03:54:00,0,2,2,祝贺升迁
162702,3416,吴朝晖,2022-12-05 03:54:22,2,4,2,阿晖...呜呜...再见了阿晖......\n\n朝晖gg以后照顾好自己T.T
162703,3416,吴朝晖,2022-12-08 07:32:03,8,14,6,zhgg加油！
162705,3416,吴朝晖,2022-12-05 04:03:44,-1,2,3,拜拜了您呐
162706,3416,吴朝晖,2022-12-06 15:24:12,0,2,2,卸任了，插个眼
162708,3416,吴朝晖,2022-12-05 04:27:56,-2,0,2,zhgg高升
162709,3416,吴朝晖,2022-12-14 03:05:01,-2,2,4,zhgg我会想你的wwwwww
162710,3416,吴朝晖,2022-12-05 04:41:21,5,7,2,龙的传人终成绝唱
162711,3416,吴朝晖,2022-12-30 04:28:13,-2,2,4,升迁了，zhgg一路走好
162713,3416,吴朝晖,2022-12-05 04:57:18,-3,0,3,白白了您呐
162714,3416,吴朝晖,2022-12-05 05:12:55,6,8,2,浙大对学生已经很好了。朝晖一路顺风。
162715,3416,吴朝晖,2022-12-05 05:22:28,-2,0,2,送别朝晖gg，祝贺zhgg高升
162716,3416,吴朝晖,2022-12-05 05:46:43,0,2,2,祝贺朝晖gg高升\n\n以后多回家看看 常来唱歌
162717,3416,吴朝晖,2022-12-05 05:53:26,-1,1,2,zhgg我们会想你的，给10分了
162718,3416,吴朝晖,2022-12-05 06:15:46,-1,1,2,zhgg走了还是舍不得的啊！
162720,3416,吴朝晖,2022-12-05 06:55:41,-2,0,2,zhgg再见，ihui落泪
162721,3416,吴朝晖,2022-12-06 15:40:10,-1,1,2,ZHGG！！
162722,3416,吴朝晖,2022-12-05 07:44:48,-2,0,2,祝贺升迁
162728,3416,吴朝晖,2022-12-05 09:20:00,-2,0,2,哈哈哈
162738,3416,吴朝晖,2022-12-05 11:31:10,-2,0,2,很和善
162743,3416,吴朝晖,2022-12-05 12:24:36,-1,1,2,要走啦
162744,3416,吴朝晖,2022-12-05 12:26:18,41,44,3,欢送朝晖校长。作为20级的学生，目前只碰见过一位浙大的校长，和之前的校长比如何我不太清楚，但是平心而论我认为他的工作我们有目共睹，在如此艰难的疫情情况下保持了浙大的相对开放，在北京多所学校关闭论坛的背景下保证了学生的相对自由。祝他一路顺风。
162745,3416,吴朝晖,2022-12-05 12:44:07,-2,0,2,good
162749,3416,吴朝晖,2022-12-06 15:16:45,13,16,3,公正地说zhgg还是不错的，高升了给个十分
162750,3416,吴朝晖,2022-12-08 03:34:38,-1,2,3,恭喜朝晖高升！突然有点不舍wwww
162751,3416,吴朝晖,2022-12-05 14:22:43,0,2,2,朝晖gg我们会想你的
162759,3416,吴朝晖,2022-12-06 02:19:35,106,111,5,给了十分，其实也不至于，但是想给zhgg捞上去（因为这么低也太惨了）\n\nzhgg走好，毕竟是和大家一起唱歌的校长😭
162760,3416,吴朝晖,2022-12-06 02:21:10,2,4,2,祝贺zhgg进京~
162761,3416,吴朝晖,2022-12-06 02:21:25,2,4,2,祝贺zhgg高升！
162765,3416,吴朝晖,2022-12-07 06:20:53,2,5,3,再见zhgg
162766,3416,吴朝晖,2022-12-06 03:43:35,1,3,2,zhgg我会想你的233333！后会有期！
162768,3416,吴朝晖,2022-12-28 02:47:17,-1,3,4,zhgg再见呜呜呜
162769,3416,吴朝晖,2022-12-06 03:17:32,91,97,6,横向对比zhgg在疫情时期为学生做到了多少好事，他不应该为所以浙大还存在的问题背锅，刷个十分让分数高一点点捏，祝zhgg高升~
162772,3416,吴朝晖,2022-12-06 03:49:08,-1,3,4,一路走好～
162773,3416,吴朝晖,2022-12-06 03:50:38,10,12,2,祝贺朝晖高就！
162774,3416,吴朝晖,2022-12-06 03:50:52,5,7,2,祝贺高升！
162775,3416,吴朝晖,2022-12-06 03:51:24,7,9,2,zhgg走了…捞一下
162776,3416,吴朝晖,2022-12-06 15:29:09,5,7,2,朝晖gg会想你的！
162778,3416,吴朝晖,2022-12-06 03:51:34,3,5,2,校长拜拜👋
162779,3416,吴朝晖,2022-12-06 03:52:03,3,5,2,校长再见！
162780,3416,吴朝晖,2022-12-06 03:52:11,75,80,5,出现在录取通知书的zhgg\n\n在毕业证书上看不到你了呜呜
162781,3416,吴朝晖,2022-12-06 03:52:12,0,2,2,祝贺zhgg进京！
162782,3416,吴朝晖,2022-12-06 03:52:26,20,23,3,疫情期间养小猪嘿嘿
162783,3416,吴朝晖,2022-12-06 03:53:05,51,55,4,朝晖哥哥真得很好呜呜呜呜，大家快去听他的龙的传人、天路、在那桃花盛开的路上成名三曲。疫情期间养小猪的校长谁不爱呢
162784,3416,吴朝晖,2022-12-06 03:56:56,20,23,3,一朝入京，平步青云
162785,3416,吴朝晖,2022-12-06 03:55:51,1,3,2,zhgg🥺
162786,3416,吴朝晖,2022-12-06 03:57:41,1,3,2,很不错
162787,3416,吴朝晖,2022-12-06 03:57:44,1,3,2,来刷分了，zhgg
162789,3416,吴朝晖,2022-12-06 04:10:11,1,3,2,zhgg再见
162790,3416,吴朝晖,2022-12-06 04:19:27,1,3,2,吴校长会想你的
162794,3416,吴朝晖,2022-12-06 05:44:51,1,3,2,呜呜呜
162795,3416,吴朝晖,2022-12-06 15:27:32,-1,1,2,朝晖gg！捞捞我的前校长，一路顺风！
162801,3416,吴朝晖,2022-12-06 09:32:03,-1,1,2,拜拜啦
162802,3416,吴朝晖,2022-12-06 09:34:09,-1,1,2,加油哦
162804,3416,吴朝晖,2022-12-06 10:53:43,-1,1,2,恭喜恭喜
162806,3416,吴朝晖,2022-12-07 01:26:41,46,52,6,zhgg！怎么我刚来你就要走呜呜呜
162809,3416,吴朝晖,2022-12-08 07:34:54,1,5,4,来浙还没听过zhgg唱歌呢呜呜
162810,3416,吴朝晖,2022-12-06 14:10:21,0,2,2,zhgg再见！
162811,3416,吴朝晖,2022-12-06 14:10:18,15,17,2,浙大的甚至是社会存在的一些顽疾不能全然归于校长的工作不到位，十分送校长高升
162812,3416,吴朝晖,2022-12-06 14:18:13,1,3,2,祝贺zhgg~
162813,3416,吴朝晖,2022-12-06 14:24:43,0,2,2,zhgg再见，会想你的😭
162814,3416,吴朝晖,2022-12-06 14:24:50,99,102,3,在众多高校越来越收紧的大趋势下，zju依旧能保持开放的姿态，这和zhgg应该是脱不开关系的。毕竟还有哪个校长会在有这么多梗图、这么多同学调侃的情况下毫不mad，在食堂在路上依旧笑脸盈盈呢？
162816,3416,吴朝晖,2022-12-06 14:26:22,-2,1,3,要走了，给个10分
162817,3416,吴朝晖,2022-12-06 14:26:54,-1,1,2,祝贺zhgg进京~
162818,3416,吴朝晖,2022-12-06 14:33:43,62,64,2,阿晖😞😞😞还会再见吗🥺🥺🥺阿晖，再见的时候你要幸福😄😄😄好不好，阿晖😢你要开心😧😧你要幸福好不好，开心啊🥺幸福🤧🤧你的世界以后没有我了😰😰😰没关系你要自己幸福🥺🥺🥺阿晖😨😨😨阿晖😫😫😫🚖～～🏃🏻‍♂阿晖😭😭没有你我怎么活啊🚗……阿晖🏃…阿晖🏃…阿晖🧎🏻没有你我还怎么活啊😭
162819,3416,吴朝晖,2022-12-06 14:33:50,0,2,2,朝晖哥哥勇敢飞！浙大学子永相随！
162820,3416,吴朝晖,2022-12-06 16:00:14,-1,1,2,zhgg再见！
162821,3416,吴朝晖,2022-12-06 14:35:41,2,4,2,zhgg高升，以后您就是折带驻京代表
162822,3416,吴朝晖,2022-12-06 14:35:49,-1,1,2,zhgg再见
162823,3416,吴朝晖,2022-12-06 14:39:19,9,13,4,阿晖😞😞😞还会再见吗🥺🥺🥺阿晖，再见的时候你要幸福😄😄😄好不好，阿晖😢你要开心😧😧你要幸福好不好，开心啊🥺幸福🤧🤧你的世界以后没有我了😰😰😰没关系你要自己幸福🥺🥺🥺阿晖😨😨😨阿晖😫😫😫🚖～～🏃🏻‍♂阿晖😭😭没有你我怎么活啊🚗……阿晖🏃…阿晖🏃…阿晖🧎🏻没有你我还怎么活啊😭
162824,3416,吴朝晖,2022-12-06 14:39:38,3,5,2,祝贺zhgg进京~虽然还没听过现场版《龙的传人》T T
162825,3416,吴朝晖,2022-12-06 14:39:42,-1,1,2,kisskiss
162826,3416,吴朝晖,2022-12-06 14:42:44,-1,1,2,zhgg啊啊啊啊我好爱
162827,3416,吴朝晖,2022-12-06 14:44:25,-1,1,2,送别zhgg
162828,3416,吴朝晖,2022-12-06 14:50:45,-1,1,2,yyds
162829,3416,吴朝晖,2022-12-06 14:51:13,0,2,2,10分，斯人已去，只余怀念
162830,3416,吴朝晖,2022-12-06 14:53:00,-1,1,2,呜呜呜
162831,3416,吴朝晖,2022-12-06 14:53:37,-1,1,2,zhgg哭死了
162832,3416,吴朝晖,2022-12-06 14:53:41,0,1,1,zhgg快回来
162833,3416,吴朝晖,2022-12-07 15:05:51,-1,2,3,zhgg离开了我们呜呜呜呜
162834,3416,吴朝晖,2022-12-06 14:55:42,-1,1,2,祝好@
162835,3416,吴朝晖,2022-12-06 14:55:57,-1,1,2,没听过
162836,3416,吴朝晖,2022-12-06 14:56:28,-1,1,2,朝晖哥哥再见
162837,3416,吴朝晖,2022-12-06 14:56:59,-1,1,2,送别zhgg
162838,3416,吴朝晖,2022-12-06 16:25:53,-1,1,2,zhgg😭😭祝高升
162839,3416,吴朝晖,2022-12-06 14:57:39,2,4,2,阿晖还会再见吗🥺🥺🥺阿晖，再见的时候你要幸福好不好，阿晖你要开心😧😧你要幸福好不好，开心啊🥺幸福🤧🤧你的世界以后没有我了没关系你要自己幸福🥺🥺🥺阿晖阿晖😫😫😫🚖～～🏻‍♂阿晖没有你我怎么活啊……阿晖…阿晖…阿晖🧎🏻没有你我还怎么活啊
162840,3416,吴朝晖,2022-12-06 15:04:32,0,2,2,怀念zhgg的刘海
162841,3416,吴朝晖,2022-12-07 00:00:09,21,25,4,祝贺zhgg
162842,3416,吴朝晖,2022-12-06 15:08:22,0,2,2,朝晖勇敢飞，ihui永相随
162843,3416,吴朝晖,2022-12-06 15:09:12,-25,3,28,傻逼吴朝晖
162844,3416,吴朝晖,2022-12-06 15:09:50,1,3,2,zhgg  yyds
162845,3416,吴朝晖,2022-12-06 15:09:52,-1,1,2,大爱朝晖哥哥
162846,3416,吴朝晖,2022-12-06 15:10:06,21,24,3,祝zhgg越来越好～三本有些问题还真怪不到他身上，看看现在这些破政策😡😡
162847,3416,吴朝晖,2022-12-06 15:10:16,10,11,1,2022欢送zhgg\n\n这波疫情期间zju真的做的很好
162848,3416,吴朝晖,2022-12-06 15:10:27,0,1,1,zhgg真的很可爱捏
162850,3416,吴朝晖,2022-12-06 15:13:16,-1,1,2,朝晖哥哥勇敢飞，出事有锅自己背
162851,3416,吴朝晖,2022-12-06 15:13:21,-1,1,2,祝贺zhgg高升😭
162852,3416,吴朝晖,2022-12-06 15:13:21,-1,1,2,zhgg防疫的神
162853,3416,吴朝晖,2022-12-06 15:26:23,-1,1,2,zhgg，没有你我怎么活啊~
162854,3416,吴朝晖,2022-12-07 08:45:21,-1,2,3,我的zhgg，你走了我的bqb怎么办呀
162856,3416,吴朝晖,2022-12-06 15:17:42,-1,1,2,晖哥大胆飞，ihui永相随\n\n灿若星辰zhgg
162857,3416,吴朝晖,2022-12-06 15:18:00,-1,1,2,朝晖 我的朝晖哥哥啊啊啊啊啊
162858,3416,吴朝晖,2022-12-06 15:18:20,1,3,2,灿若星辰的朝晖gg，来日再见👋
162859,3416,吴朝晖,2022-12-06 15:18:58,-1,1,2,zhgg一路走好 常回来看看！
162860,3416,吴朝晖,2022-12-06 15:20:43,-1,1,2,zhgg我爱你
162861,3416,吴朝晖,2022-12-06 15:21:15,-1,1,2,祝高升！
162862,3416,吴朝晖,2022-12-06 15:21:53,-1,1,2,祝贺高升啊 来捞捞
162863,3416,吴朝晖,2022-12-06 15:23:13,-1,1,2,祝贺高升 越来越好
162864,3416,吴朝晖,2022-12-08 07:53:05,-1,2,3,zhgg要高升了，祝福
162865,3416,吴朝晖,2022-12-06 15:25:08,-1,1,2,来捞捞～祝贺高升
162866,3416,吴朝晖,2022-12-11 08:36:31,11,14,3,zh😭我的zh😭为你痴为你狂为你哐哐撞大墙😭
162867,3416,吴朝晖,2022-12-06 15:25:56,0,2,2,祝zhgg以后工作顺利！！！
162868,3416,吴朝晖,2022-12-06 15:26:37,-1,1,2,zhgg
162869,3416,吴朝晖,2022-12-06 15:31:06,3,5,2,会唱歌的校长good good
162870,3416,吴朝晖,2022-12-06 15:32:40,-1,1,2,盖“棺”定论
162871,3416,吴朝晖,2022-12-08 02:35:36,18,23,5,这么好的朝晖gg怎么能只有一分😭😭😭😭\n\n阿晖😞😞😞还会再见吗🥺🥺🥺阿晖，再见的时候你要幸福😄😄😄好不好，阿晖😢你要开心😧😧你要幸福好不好，开心啊🥺幸福🤧🤧你的世界以后没有我了😰😰😰没关系你要自己幸福🥺🥺🥺阿晖😨😨😨阿晖😫😫😫🚖～～🏃🏻‍♂阿晖😭😭没有你我怎么活啊🚗……阿晖🏃…阿晖🏃…阿晖🧎🏻没有你我还怎么活啊😭
162872,3416,吴朝晖,2022-12-06 15:33:24,-1,1,2,zhgg～
162873,3416,吴朝晖,2022-12-06 15:34:21,2,4,2,zhgg高升以后继续灿若星辰喔
162874,3416,吴朝晖,2022-12-13 06:12:46,3,6,3,zhgg
162875,3416,吴朝晖,2022-12-06 15:37:33,5,7,2,谢谢你在各大高校纷纷收紧的艰难时刻给了我一个还算完整的大学生活，祝zhgg一路顺风步步高升哇
162876,3416,吴朝晖,2022-12-06 15:37:46,-1,1,2,祝贺我们永远的zhgg高升！！
162877,3416,吴朝晖,2022-12-06 15:41:19,-1,1,2,zhgg!
162878,3416,吴朝晖,2022-12-06 15:41:46,-1,1,2,恭贺zhgg高升！
162879,3416,吴朝晖,2022-12-06 15:41:42,1,3,2,庆祝zhgg高升！！这几年zju其实走的都很好，横向对比很棒捏，希望zhgg以后越来越好！！！
162880,3416,吴朝晖,2022-12-06 15:42:27,-1,1,2,挥挥~
162881,3416,吴朝晖,2022-12-06 15:43:06,-1,1,2,欢送zhgg
162882,3416,吴朝晖,2022-12-06 15:43:38,-1,1,2,捞捞zhgg
162883,3416,吴朝晖,2022-12-06 15:44:03,0,2,2,以后桃花盛开的时候，我总会想起他
162884,3416,吴朝晖,2022-12-06 15:45:53,-1,1,2,要走也要走的体面🐶
162885,3416,吴朝晖,2022-12-06 15:50:05,0,2,2,我想不会有校长能像zhgg一样这样投入地唱龙的传人了
162886,3416,吴朝晖,2022-12-06 15:50:33,0,2,2,听不到《龙的传人》live了😭😭😭😭😭
162887,3416,吴朝晖,2022-12-06 15:52:11,8,10,2,虽然经常骂浙大防疫、正态，但是不可否认，在朝晖的带领下，浙大的排名和学科建设确实飞速发展。（主要是为同学们提供大量表情包）
162888,3416,吴朝晖,2022-12-06 15:55:00,-1,1,2,哭哭哭
162889,3416,吴朝晖,2022-12-06 15:55:16,2,4,2,真的是很好的校长了，不能让zhgg把学校的锅都背了啊，恭喜zhgg高升！
162890,3416,吴朝晖,2022-12-06 15:56:52,-1,1,2,防疫不错
162891,3416,吴朝晖,2022-12-06 15:58:19,0,2,2,祝zhgg一路高升，身体健康，万事顺意！
162892,3416,吴朝晖,2022-12-06 15:57:44,-1,1,2,走了，走了，也许还会再见吗
162893,3416,吴朝晖,2022-12-06 16:01:48,0,2,2,zhgg要走了  舍不得呜呜
162894,3416,吴朝晖,2022-12-06 16:04:44,4,6,2,谨以此纪念朝晖gg，感谢他给我带来了一年多的自由开放的大学生活，祝他越来越好😭
162895,3416,吴朝晖,2022-12-06 16:03:06,-1,1,2,祝贺zhgg高升～
162896,3416,吴朝晖,2022-12-06 16:03:25,0,2,2,吴老两问：你怎么进的浙大？你怎么还没退学？
162897,3416,吴朝晖,2022-12-06 16:06:08,-1,1,2,晖宝～我不在的日子，你要幸福😭😭😭😭
162898,3416,吴朝晖,2022-12-06 16:08:39,-1,1,2,zhgg一路顺风
162899,3416,吴朝晖,2022-12-15 07:55:46,3,7,4,zhgg🥺愿您步步高升
162901,3416,吴朝晖,2022-12-06 16:09:11,0,2,2,zhgg要去别的岗位继续灿若星辰啦，刷个高分就当祝zhgg一路顺风
162902,3416,吴朝晖,2022-12-06 16:11:31,0,2,2,捞捞活在帖子和表情包里的zhgg，真的有满满的亲切感
162903,3416,吴朝晖,2022-12-06 16:10:02,-1,1,2,zhgg一定要越来越好
162904,3416,吴朝晖,2022-12-06 16:12:08,0,2,2,zhgg（哭）高升了（哭）以后就见不到了（哭哭哭）
162905,3416,吴朝晖,2022-12-06 16:15:21,-1,1,2,很喜欢zhgg，并不舍得他走呜呜
162906,3416,吴朝晖,2022-12-06 16:18:00,-1,1,2,舍不得zhgg！！！
162907,3416,吴朝晖,2022-12-06 16:24:06,0,2,2,ihun集合 doge
162908,3416,吴朝晖,2022-12-06 16:25:35,-1,1,2,zhgg
162909,3416,吴朝晖,2022-12-06 16:29:25,-2,0,2,祝贺祝贺
162910,3416,吴朝晖,2022-12-06 16:33:51,-2,0,2,zhgg...
162911,3416,吴朝晖,2022-12-06 16:33:50,-2,0,2,zhgg...
162912,3416,吴朝晖,2022-12-06 16:33:50,-2,0,2,zhgg...
162913,3416,吴朝晖,2022-12-06 16:34:49,-2,0,2,晖子你不要走啊晖子😭😭😭
162914,3416,吴朝晖,2022-12-06 16:38:24,-2,0,2,zhgg~祝安
162915,3416,吴朝晖,2022-12-06 16:39:45,-1,1,2,来给zhgg刷分
162916,3416,吴朝晖,2022-12-06 16:43:20,-2,0,2,zhgg！
162917,3416,吴朝晖,2022-12-06 16:53:02,-2,0,2,可爱的zhgg！
162918,3416,吴朝晖,2022-12-06 16:53:24,-2,0,2,真的很好！
162920,3416,吴朝晖,2022-12-06 16:56:49,-2,0,2,zhgg走了呜呜呜
162921,3416,吴朝晖,2022-12-06 17:02:44,-2,0,2,是一个可以调侃的校长\n\n据说还是老乡\n\n还是挺好的
162922,3416,吴朝晖,2022-12-06 17:09:20,-2,0,2,走好朝晖哥哥
162923,3416,吴朝晖,2022-12-06 17:09:33,-2,0,2,捞一下zhgg
162924,3416,吴朝晖,2022-12-06 17:09:52,-2,0,2,爱了爱了
162925,3416,吴朝晖,2022-12-08 07:33:14,-2,2,4,zhgg很友好
162926,3416,吴朝晖,2022-12-06 17:14:36,-2,0,2,zhgg🥺🥺🥺🥺🥺
162928,3416,吴朝晖,2022-12-06 17:21:44,-2,0,2,zhgg😔 😔 😔
162929,3416,吴朝晖,2022-12-06 17:24:50,-2,0,2,呜呜呜，zhgg
162930,3416,吴朝晖,2022-12-06 17:27:42,-1,1,2,朝晖拜拜～身体健康最重要啦！\n\n有一点点遗憾是从来没有偶遇过，但我听过现场版龙的传人嘻嘻。
162931,3416,吴朝晖,2022-12-07 01:08:20,33,38,5,朝晖哥哥，呜呜呜我会想你的。以后在学习和工作中会坚持用你的表情包，保持优良的健康打卡习惯。朝晖哥哥，记得回来看看，泪目。
162932,3416,吴朝晖,2022-12-06 17:40:48,-2,0,2,嗯嗯嗯
162933,3416,吴朝晖,2022-12-06 17:43:00,-3,0,3,朝晖😭😭😭
162934,3416,吴朝晖,2022-12-06 18:02:22,-2,0,2,zhgg工作顺利～
162935,3416,吴朝晖,2022-12-06 18:02:40,-2,0,2,zhgg
162936,3416,吴朝晖,2022-12-06 18:02:42,-2,0,2,zhgg🥺
162937,3416,吴朝晖,2022-12-06 18:13:05,-2,0,2,超级好的老师
162939,3416,吴朝晖,2022-12-06 18:31:54,-2,0,2,zhgg放心飞，浙大学子永相随
162940,3416,吴朝晖,2022-12-06 18:43:01,-1,0,1,晖晖勇敢飞，ihui永相随！
162941,3416,吴朝晖,2022-12-06 18:43:41,-2,0,2,拜拜啦
162942,3416,吴朝晖,2022-12-07 04:15:15,-1,2,3,zhgg冲冲冲
162943,3416,吴朝晖,2022-12-06 18:56:05,-2,0,2,zhgg前程似锦
162944,3416,吴朝晖,2022-12-06 21:13:03,-2,0,2,祝前程似锦
162945,3416,吴朝晖,2022-12-06 22:39:36,-2,0,2,祝愿zhgg顺顺利利
162947,3416,吴朝晖,2022-12-06 23:18:21,-2,0,2,zhgg
162948,3416,吴朝晖,2022-12-06 23:18:24,-2,0,2,zhgg勇敢飞
162949,3416,吴朝晖,2022-12-07 08:18:31,-2,1,3,zhgg～
162951,3416,吴朝晖,2022-12-07 07:26:27,-2,1,3,zhgg放心飞
162952,3416,吴朝晖,2022-12-06 23:50:15,-1,1,2,zhgg走了
162953,3416,吴朝晖,2022-12-07 00:02:55,10,13,3,zhgg！！
162954,3416,吴朝晖,2022-12-07 00:12:09,2,5,3,我每次总是到了离别才知道珍惜
162956,3416,吴朝晖,2022-12-07 00:20:26,-1,2,3,zhgg
162957,3416,吴朝晖,2022-12-07 00:25:54,-1,2,3,舍不得zhgg
162958,3416,吴朝晖,2022-12-29 08:55:49,3,7,4,祝朝晖哥哥事业上灿若星辰
162959,3416,吴朝晖,2022-12-07 05:41:33,19,22,3,不管怎么说，他是个好校长
162960,3416,吴朝晖,2022-12-07 00:35:28,-1,2,3,zhgg
162961,3416,吴朝晖,2022-12-07 00:44:10,-2,1,3,zhgg
162962,3416,吴朝晖,2022-12-07 00:48:57,-2,1,3,恭喜zhgg
162963,3416,吴朝晖,2022-12-07 03:52:43,-2,1,3,zhgg😿
162964,3416,吴朝晖,2022-12-07 00:55:25,51,55,4,浙大的开放包容和朝晖哥哥是脱不开关系的，感谢朝晖给浙大学子保留了相对完整和自由的大学生活！
162965,3416,吴朝晖,2022-12-07 01:01:35,-1,2,3,zhgg祝好，一路顺风TAT
162966,3416,吴朝晖,2022-12-07 01:08:15,-2,1,3,感动！
162967,3416,吴朝晖,2022-12-07 01:08:48,-3,1,4,zhgg 走了，呜呜呜
162968,3416,吴朝晖,2022-12-07 01:10:30,-2,1,3,zhgg偶像！
162969,3416,吴朝晖,2022-12-07 01:10:51,-2,1,3,zhggn
162970,3416,吴朝晖,2022-12-07 01:13:22,-2,1,3,祝前途似锦！
162971,3416,吴朝晖,2022-12-07 01:14:20,-2,1,3,zhgg🥺
162972,3416,吴朝晖,2022-12-07 01:14:34,-1,2,3,最后为zhgg刷刷分！zhgg加油！
162973,3416,吴朝晖,2022-12-07 01:14:31,-2,1,3,恭喜zhgg
162974,3416,吴朝晖,2022-12-07 01:15:39,-2,1,3,zhgg
162975,3416,吴朝晖,2022-12-07 01:16:00,-3,0,3,zhgg！
162976,3416,吴朝晖,2022-12-07 01:16:43,-3,0,3,666
162977,3416,吴朝晖,2022-12-07 01:17:01,-3,0,3,zhgg加油！
162978,3416,吴朝晖,2022-12-07 01:18:30,-3,0,3,zhgg，冲冲冲
162979,3416,吴朝晖,2022-12-07 01:18:47,-3,0,3,zhgg
162980,3416,吴朝晖,2022-12-07 01:18:52,-2,1,3,我和你吻别🤧
162981,3416,吴朝晖,2022-12-07 01:19:46,-3,0,3,zhgg！
162982,3416,吴朝晖,2022-12-16 02:58:08,-2,3,5,朝晖gg gg勇敢飞 小弟永相随［滑稽］
162983,3416,吴朝晖,2022-12-07 01:20:52,6,9,3,舍不得zhgg 在浙大这两年还能经常回家真的很感谢😭
162984,3416,吴朝晖,2022-12-07 01:21:15,-3,0,3,好好好
162986,3416,吴朝晖,2022-12-07 01:26:42,17,21,4,大一在人潮鼎沸中听过他唱天路，那时不以为意，想着以后机会还多，却不曾想那却成了最后一面。
162987,3416,吴朝晖,2022-12-07 01:26:42,-3,0,3,舍不得zhgg呢
162988,3416,吴朝晖,2022-12-07 01:27:02,-3,0,3,zhgg
162989,3416,吴朝晖,2022-12-07 01:28:55,-3,0,3,守护最好的zhgg！
162990,3416,吴朝晖,2022-12-07 01:28:57,-3,0,3,恭喜zhgg
162991,3416,吴朝晖,2022-12-07 01:29:43,-1,2,3,青山不改，绿水长流，后会有期
162992,3416,吴朝晖,2022-12-07 01:30:23,-3,0,3,zhgg
162993,3416,吴朝晖,2022-12-07 01:30:45,-4,0,4,永远！！
162994,3416,吴朝晖,2022-12-07 01:30:46,-2,0,2,zhgg呜呜
162995,3416,吴朝晖,2022-12-07 01:32:51,-2,1,3,Zhgg我们会一直记住您的，也会一直想您的，祝前程似锦呀
162996,3416,吴朝晖,2022-12-07 01:33:08,-2,1,3,zh呜呜zh，没有你我该怎么活啊
162997,3416,吴朝晖,2022-12-07 01:33:47,-3,0,3,好校长
162998,3416,吴朝晖,2022-12-07 01:35:58,-3,0,3,zhgg😍
162999,3416,吴朝晖,2022-12-07 01:36:30,-3,0,3,zhgg
163000,3416,吴朝晖,2022-12-07 01:36:35,-3,0,3,灿若星辰
163001,3416,吴朝晖,2022-12-07 01:37:17,-3,0,3,刷刷分，祝高升
163002,3416,吴朝晖,2022-12-07 01:38:29,-3,0,3,祝贺zhgg高升！
163003,3416,吴朝晖,2022-12-07 01:39:38,-2,1,3,zhgg勇敢飞 ihui永相随！
163004,3416,吴朝晖,2022-12-07 01:39:55,-3,0,3,先生之风，山高水长
163006,3416,吴朝晖,2022-12-07 01:42:19,-3,0,3,zhgg！
163007,3416,吴朝晖,2022-12-07 01:43:03,-3,0,3,朝晖哥哥我好想你呜呜呜
163008,3416,吴朝晖,2022-12-07 01:43:09,-2,0,2,恭喜zhgg！一路顺风，后会有期！
163009,3416,吴朝晖,2022-12-07 01:51:17,-3,0,3,zhgg走好😭😭
163010,3416,吴朝晖,2022-12-07 01:51:39,-3,0,3,十分祝贺zhgg高升！
163011,3416,吴朝晖,2022-12-07 01:52:09,-3,0,3,祝福zhgg！
163012,3416,吴朝晖,2022-12-07 01:52:20,14,17,3,zhgg，zhgg！浙大的神啊......（小伙伴们别看他评分低，这只是大家把对浙大制度的不满发泄在这里）zhgg很好滴！要送别了，好不舍
163013,3416,吴朝晖,2022-12-07 01:53:48,-2,1,3,在哪都灿若星辰~~
163014,3416,吴朝晖,2022-12-07 01:54:16,-3,0,3,zhgg！
163015,3416,吴朝晖,2022-12-07 01:55:33,-3,0,3,祝zhgg一路高升！
163016,3416,吴朝晖,2022-12-07 01:56:30,-3,0,3,招恢高升走好
163017,3416,吴朝晖,2022-12-07 02:01:16,-2,1,3,灿若星辰的浙大人
163018,3416,吴朝晖,2022-12-07 02:09:10,-2,1,3,愿君武运昌隆
163019,3416,吴朝晖,2022-12-07 02:10:04,-2,0,2,zhgg永远的朝晖www
163020,3416,吴朝晖,2022-12-07 02:13:46,-2,1,3,祝zhgg在新的工作岗位万事顺利，灿若星辰！
163021,3416,吴朝晖,2022-12-07 02:18:48,-2,1,3,你要走了，我们会想你的。
163022,3416,吴朝晖,2022-12-07 02:22:24,-3,0,3,zhgg！
163023,3416,吴朝晖,2022-12-07 02:24:29,-3,0,3,zhgg我最爱的zh g g
163024,3416,吴朝晖,2022-12-07 02:35:13,-3,0,3,zhgg
163025,3416,吴朝晖,2022-12-07 02:37:22,-3,0,3,朝晖哥哥
163027,3416,吴朝晖,2022-12-07 02:45:09,-3,0,3,朝晖——
163028,3416,吴朝晖,2022-12-28 16:46:56,-2,2,4,捞捞zhgg
163029,3416,吴朝晖,2022-12-07 02:47:25,-3,0,3,祝zhgg步步高升
163030,3416,吴朝晖,2022-12-07 02:47:42,-3,0,3,zhgg要走了 好人高分
163031,3416,吴朝晖,2022-12-07 02:54:13,-3,0,3,zhgg
163032,3416,吴朝晖,2022-12-07 02:54:53,-3,0,3,zhgg
163033,3416,吴朝晖,2022-12-07 07:07:31,-3,0,3,zhgg勇敢飞！ZJUer永相随！！
163034,3416,吴朝晖,2022-12-07 03:02:08,-3,0,3,🥹🥹🥹
163035,3416,吴朝晖,2022-12-07 03:05:41,-3,0,3,zhgg😍😍😍
163036,3416,吴朝晖,2022-12-07 03:06:30,-3,0,3,非常好
163037,3416,吴朝晖,2022-12-07 03:10:22,-2,1,3,zhgg走了呜呜呜呜
163038,3416,吴朝晖,2022-12-07 03:10:31,-3,0,3,😋😋😋
163039,3416,吴朝晖,2022-12-07 03:14:03,-3,0,3,zhgg，再见。
163040,3416,吴朝晖,2022-12-07 03:15:52,-2,1,3,防疫政策很感人
163041,3416,吴朝晖,2022-12-07 03:27:52,-3,0,3,zhgg😭😭😭
163042,3416,吴朝晖,2022-12-07 03:32:49,-2,1,3,给了十分，理由：不至于扣
163043,3416,吴朝晖,2022-12-07 03:32:53,-1,2,3,不说别的 单就开放的校门与无数的表情包真的能体会到心目中的大学生活\n\nzhgg一路顺风
163044,3416,吴朝晖,2022-12-07 07:21:45,-3,0,3,就此别过，江湖上见
163047,3416,吴朝晖,2022-12-07 03:57:07,-3,0,3,zhgg！
163048,3416,吴朝晖,2022-12-29 07:58:44,-2,2,4,祝zhgg之后一切顺利
163049,3416,吴朝晖,2022-12-07 04:09:12,-4,0,4,拜拜zhgg
163050,3416,吴朝晖,2022-12-07 04:20:09,-3,0,3,恭喜zhgg!!
163051,3416,吴朝晖,2022-12-07 04:21:04,-3,0,3,祝zhgg高升
163052,3416,吴朝晖,2022-12-24 01:06:41,0,4,4,你走了，给你刷上2
163053,3416,吴朝晖,2022-12-07 04:50:40,-3,0,3,Zhgg，我的zhgg，毕业证书不能有你的签名了，呜呜。
163054,3416,吴朝晖,2022-12-07 04:27:16,-1,2,3,初中的时候见过zhgg 追随他的步伐来了zju 没想到刚来 zhgg就要走了😭😭😭😭我会想你的
163056,3416,吴朝晖,2022-12-07 04:33:46,-3,0,3,zhgg呜呜我的zhgg
163057,3416,吴朝晖,2022-12-07 04:36:41,-3,0,3,朝晖哥哥呜呜呜呜
163059,3416,吴朝晖,2022-12-07 04:38:57,-3,0,3,zhgg
163068,3416,吴朝晖,2022-12-07 05:01:37,-3,0,3,zhgg
163072,3416,吴朝晖,2022-12-07 05:13:50,-3,0,3,希望zhgg未来一切顺利！
163073,3416,吴朝晖,2022-12-07 05:24:47,-3,0,3,zhgg！
163074,3416,吴朝晖,2022-12-07 05:54:05,-3,0,3,zhgg再见！
163075,3416,吴朝晖,2022-12-07 05:58:37,-3,0,3,zhgg！！
163076,3416,吴朝晖,2022-12-29 06:07:55,-2,2,4,zhgg🥺🥺
163077,3416,吴朝晖,2022-12-07 06:21:39,-3,0,3,冲冲冲
163078,3416,吴朝晖,2022-12-07 06:31:53,-3,0,3,zhgg常回来看看，zjuers还想要更多关于你的故事
163081,3416,吴朝晖,2022-12-07 07:00:40,-3,0,3,再见了，所有的zhgg
163082,3416,吴朝晖,2022-12-07 07:01:00,-3,0,3,祝前途璀璨！
163083,3416,吴朝晖,2022-12-07 07:03:43,-3,0,3,恭喜zhgg！
163084,3416,吴朝晖,2022-12-07 07:07:35,-3,0,3,不清楚，但是老师鼓励的平等报送的氛围真的很感动
163085,3416,吴朝晖,2022-12-07 07:14:55,-2,1,3,永别了zhgg
163086,3416,吴朝晖,2022-12-07 07:15:20,-3,0,3,zhgg
163088,3416,吴朝晖,2022-12-07 07:33:00,-3,0,3,最好的zhgg 呜呜呜
163089,3416,吴朝晖,2022-12-07 07:35:04,-3,0,3,zhgg我们会想你的😭😭一路顺风万事胜意！
163092,3416,吴朝晖,2022-12-07 07:50:14,-3,0,3,zhgg
163093,3416,吴朝晖,2022-12-07 07:58:38,-2,0,2,欢送校长大大www\n\n朝晖gg辛苦啦\n\n晖晖勇敢飞\n\nihui永相随
163097,3416,吴朝晖,2022-12-07 08:31:05,-2,0,2,朝晖宝贝，我会想你的
163100,3416,吴朝晖,2022-12-07 08:37:56,-2,0,2,zhgg
163105,3416,吴朝晖,2022-12-07 09:44:55,-2,0,2,舍不得zhgg\n\n谢谢在浙大的这四年 我们都是灿若星辰的浙大人
163107,3416,吴朝晖,2022-12-07 10:28:58,-2,0,2,老夫撩发少年狂…
163108,3416,吴朝晖,2022-12-07 10:44:31,-2,0,2,再见zhgg
163110,3416,吴朝晖,2022-12-07 10:50:52,1,3,2,zhgg走了，虽然我只来了半年，但还是有点不舍。以及感叹：防疫专家在浙大！
163111,3416,吴朝晖,2022-12-07 11:05:30,-2,0,2,感谢 祝好
163113,3416,吴朝晖,2022-12-07 11:45:08,-2,0,2,zhgg再见
163115,3416,吴朝晖,2022-12-07 12:18:31,-2,0,2,唱的《龙的传人》很好听！
163116,3416,吴朝晖,2022-12-07 12:23:47,-2,0,2,爱你哦朝晖gg
163120,3416,吴朝晖,2022-12-07 13:13:18,-2,0,2,最初的记忆也是最后的记忆，北京安好～
163121,3416,吴朝晖,2022-12-07 13:16:39,-2,0,2,北京顺利zhgg
163122,3416,吴朝晖,2022-12-07 13:22:56,-1,1,2,非常喜欢浙大的包容的校园环境！zhgg勇敢飞！浙大人永相随！
163123,3416,吴朝晖,2022-12-07 13:51:15,-2,0,2,棒棒哒
163124,3416,吴朝晖,2022-12-07 13:51:38,-2,0,2,zhgg😭
163128,3416,吴朝晖,2022-12-07 14:58:53,-2,0,2,希望能再见，zhgg!
163130,3416,吴朝晖,2022-12-08 00:53:35,-2,1,3,zhgg我爱你
163134,3416,吴朝晖,2022-12-28 17:04:41,16,20,4,曲终人不见，江上数峰青
163140,3416,吴朝晖,2022-12-08 05:17:13,-2,1,3,可以的
163143,3416,吴朝晖,2022-12-08 05:48:07,-2,1,3,zhgg再见(இдஇ; )
163145,3416,吴朝晖,2022-12-08 06:14:00,-2,1,3,爱zhgg！
163149,3416,吴朝晖,2022-12-08 06:36:18,-2,1,3,zhgg！！（破音）
163153,3416,吴朝晖,2022-12-08 07:36:01,1,4,3,22级新生，只是单纯不理解为什么这么低
163156,3416,吴朝晖,2022-12-08 08:33:35,-2,1,3,zhgg，我的 zhgg
163158,3416,吴朝晖,2022-12-08 08:52:58,-2,1,3,再见了，朝晖
163159,3416,吴朝晖,2022-12-08 08:53:54,-1,1,2,阿晖~~~~~~~~~~~~~~~~~~~~~~~~~~~~~~~~~~~~~~~~~~
163161,3416,吴朝晖,2022-12-08 10:09:38,0,3,3,55高中校友，浙大很杰出的校长，现在去中央做科技部的副部长了，希望仕途顺利，常回来看看！
163168,3416,吴朝晖,2022-12-08 15:23:23,-3,0,3,zhgg
163172,3416,吴朝晖,2022-12-09 00:46:38,-3,0,3,zhgg!
163181,3416,吴朝晖,2022-12-09 03:48:47,0,3,3,zhgg都走了  真的不考虑给他调高一点吗？起码得比前任高哎
163182,3416,吴朝晖,2022-12-09 04:33:51,1,6,5,这么好的朝晖gg怎么能只有一分😭😭😭😭\n\n阿晖😞😞😞还会再见吗🥺🥺🥺阿晖，再见的时候你要幸福😄😄😄好不好，阿晖😢你要开心😧😧你要幸福好不好，开心啊🥺幸福🤧🤧你的世界以后没有我了😰😰😰没关系你要自己幸福🥺🥺🥺阿晖😨😨😨阿晖😫😫😫🚖～～🏃🏻‍♂阿晖😭😭没有你我怎么活啊🚗……阿晖🏃…阿晖🏃…阿晖🧎🏻没有你我还怎么活啊😭
163185,3416,吴朝晖,2022-12-09 06:46:37,-3,0,3,zhgg！！最后一届开学典礼有你！
163194,3416,吴朝晖,2022-12-09 12:53:13,-3,0,3,舍不得
163200,3416,吴朝晖,2022-12-09 14:01:52,-3,0,3,祝福zhgg
163216,3416,吴朝晖,2022-12-10 05:18:41,-1,2,3,我爱zhgg
163219,3416,吴朝晖,2023-01-29 15:11:38,9,13,4,这下前任校长了
163226,3416,吴朝晖,2022-12-10 10:49:46,-3,0,3,zhgg一路顺风
163227,3416,吴朝晖,2022-12-10 11:01:41,-3,0,3,zhgg！！！
163228,3416,吴朝晖,2022-12-10 11:30:07,3,6,3,就凭朝晖哥哥带来的表情包也得打10分
163234,3416,吴朝晖,2023-02-24 15:43:12,5,9,4,晖哥的评分快要赶超鲁柏祥了！
163235,3416,吴朝晖,2022-12-10 12:44:49,-3,0,3,祝zhgg前途似锦！
163236,3416,吴朝晖,2022-12-10 13:13:50,-2,1,3,单纯来给校长提高一下评分的
163239,3416,吴朝晖,2022-12-10 15:20:23,-1,2,3,朝晖gg要走了，虽然只是大一新生，没能听过龙的传人，但是校长都映象还是很好，老夫撩发少年狂！
163250,3416,吴朝晖,2022-12-11 05:33:46,53,56,3,浙大的行政确实非常魔幻\n\n但这并不是zju独有的问题，更不是wzh的问题\n\n毕竟查老师上没办法给“行政岗”评分，大家把1分算到wzh头上也是正常，但现在zh要走了，还是该给他个公正的评分\n\n平心而论，wzh在浙大期间是认真当校长的，比林不知道高到哪里去。当然wzh也并非完美，浙大学子也苦林、吴两任校长推广开来的正态分布久矣\n\n但是zhgg绝对不该只有先前的1.02分。我想，8-9分他还是配得上的\n\n临别之际，祝zhgg一路高升，平步青云\n\n也希望zh的继任者是一位好校长
163256,3416,吴朝晖,2022-12-11 09:48:03,-2,1,3,好！感谢！
163268,3416,吴朝晖,2022-12-12 00:07:38,-2,1,3,想念zhgg
163270,3416,吴朝晖,2022-12-12 01:27:16,-2,1,3,再见校长！
163281,3416,吴朝晖,2022-12-12 04:21:50,-3,0,3,zhgg\n\n~~~
163289,3416,吴朝晖,2022-12-12 07:25:02,-2,2,4,zhgg一路高升
163295,3416,吴朝晖,2022-12-12 08:04:51,-3,0,3,zhgg 祝之后顺利
163310,3416,吴朝晖,2022-12-12 11:37:28,-3,0,3,zhgg再见
163311,3416,吴朝晖,2022-12-12 11:53:23,-3,0,3,我爱你
163316,3416,吴朝晖,2022-12-12 13:18:35,-2,0,2,纪念zhgg
163318,3416,吴朝晖,2022-12-12 14:20:56,-3,0,3,再见zhgg！
163326,3416,吴朝晖,2022-12-13 04:12:28,1,4,3,来给zhgg刷高分
163338,3416,吴朝晖,2022-12-13 08:14:37,-2,1,3,校长再见
163342,3416,吴朝晖,2022-12-13 10:03:06,-2,1,3,爱你朝晖哥哥\n\n摸摸哒
163347,3416,吴朝晖,2022-12-13 10:26:00,1,3,2,我来给zhgg刷分啦
163348,3416,吴朝晖,2022-12-13 11:10:50,-2,1,3,zhgg
163349,3416,吴朝晖,2022-12-13 11:47:51,-3,0,3,zhgg，啊啊啊啊啊啊
163354,3416,吴朝晖,2022-12-13 12:32:26,-3,0,3,救一下分，一路顺风~
163373,3416,吴朝晖,2022-12-14 06:40:40,-3,1,4,zhgg，一路高升
163388,3416,吴朝晖,2022-12-14 07:56:50,-3,0,3,zhgg，好好照顾自己！一路高升！
163390,3416,吴朝晖,2022-12-14 07:58:36,-2,0,2,zhgg要照顾好自己！
163395,3416,吴朝晖,2022-12-14 08:08:47,-3,0,3,一路走好，zhgg
163404,3416,吴朝晖,2022-12-14 08:26:28,-4,1,5,我还没听过龙的传人所以差评（）
163407,3416,吴朝晖,2022-12-14 08:28:37,-3,0,3,朝晖哥哥拜拜
163410,3416,吴朝晖,2022-12-14 08:30:08,-3,0,3,zhgg[哭泣]
163415,3416,吴朝晖,2022-12-14 08:47:37,-3,0,3,zjgg！
163426,3416,吴朝晖,2022-12-14 09:15:28,-2,1,3,防疫专家
163434,3416,吴朝晖,2022-12-14 09:41:12,-3,0,3,一路高升！
163441,3416,吴朝晖,2022-12-24 14:59:02,-4,0,4,再见了wwww
163445,3416,吴朝晖,2022-12-14 10:28:55,-2,1,3,祝zhgg前程似锦！
163458,3416,吴朝晖,2022-12-14 11:17:25,-3,0,3,朝晖哥哥一路走好哇~
163459,3416,吴朝晖,2022-12-14 11:17:55,-3,0,3,SALUTE！！
163485,3416,吴朝晖,2022-12-14 12:42:05,-3,0,3,zhgg
163488,3416,吴朝晖,2022-12-14 12:48:37,-3,0,3,lll
163492,3416,吴朝晖,2022-12-29 03:24:11,9,13,4,zhgg我爱你！虽然只在图书馆门口偶遇了一次你但是真的觉得你总是那么可爱和活泼！希望在北京能继续开心哇~我一定会好好珍惜最后一届浙大录取通知书上的“吴朝晖”三个大字！
163493,3416,吴朝晖,2022-12-14 13:04:12,-3,0,3,呜呜呜，朝晖我会想你的
163494,3416,吴朝晖,2022-12-20 10:19:32,10,14,4,紫金依旧，撩发人狂
163497,3416,吴朝晖,2022-12-14 13:19:45,-3,0,3,zhgg，想你
163505,3416,吴朝晖,2022-12-14 14:24:36,-3,0,3,我会想你的晖哥哥
163527,3416,吴朝晖,2022-12-15 01:49:51,7,12,5,一次没见过，唯一见过的一次在开学典礼的大雨里，我给个10分吧，希望帮他拉拉“绩点”
163531,3416,吴朝晖,2022-12-15 02:12:18,-1,2,3,爱zju爱朝晖gg
163540,3416,吴朝晖,2023-06-16 15:28:23,-2,6,8,祝zhgg一路高升！！！
163543,3416,吴朝晖,2022-12-15 03:38:27,-2,1,3,zhgg一路高升！
163546,3416,吴朝晖,2022-12-15 04:23:31,0,3,3,总的来说zhgg任期内还是非常务实的，值得一个更好的分数，祝一路顺风！
163547,3416,吴朝晖,2022-12-15 04:26:14,2,5,3,第一次査老师评分给我的zhgg！我会想念你的呜呜呜呜，给朝晖哥哥刷个绩点！
163550,3416,吴朝晖,2022-12-15 05:32:57,-2,1,3,永远的zhgg
163564,3416,吴朝晖,2022-12-15 07:46:45,0,3,3,zhgg一路走好，接下来就是我出手的时候了
163567,3416,吴朝晖,2022-12-15 08:04:58,-2,1,3,zhgg，为了你，我要改成十分！
163575,3416,吴朝晖,2022-12-19 04:45:06,-1,4,5,呜哇zhgg 我的zhgg
163576,3416,吴朝晖,2022-12-15 10:47:56,-1,2,3,miss u
163578,3416,吴朝晖,2022-12-15 11:03:42,-1,2,3,帮拉绩点
163581,3416,吴朝晖,2022-12-18 10:56:54,-1,2,3,哥哥好帅
163584,3416,吴朝晖,2022-12-15 12:01:53,-2,1,3,您一路走好
163593,3416,吴朝晖,2022-12-15 12:45:11,-2,1,3,10分
163604,3416,吴朝晖,2022-12-28 08:35:43,-9,1,10,拉绩点
163609,3416,吴朝晖,2022-12-15 14:05:35,-2,1,3,zhgg!
163628,3416,吴朝晖,2022-12-16 01:19:14,-3,2,5,非常好👍
163631,3416,吴朝晖,2022-12-16 01:33:47,-2,2,4,zhgg i love you!
163632,3416,吴朝晖,2022-12-16 01:34:11,2,5,3,祝高升
163633,3416,吴朝晖,2022-12-16 01:41:02,-2,2,4,爱他就给他10分
163638,3416,吴朝晖,2022-12-16 01:49:02,-2,1,3,zhgg
163639,3416,吴朝晖,2022-12-16 01:50:31,-2,1,3,zhgg高升
163640,3416,吴朝晖,2022-12-16 01:51:05,-2,1,3,zhgg，想你了！
163641,3416,吴朝晖,2022-12-16 01:51:40,-2,1,3,挺可爱的校长
163649,3416,吴朝晖,2022-12-16 01:58:39,-2,1,3,zhgg
163651,3416,吴朝晖,2022-12-16 02:00:47,0,3,3,zhgg！呜呜 想听你唱龙的传人 拜拜 高升了也要回来看看我们55
163659,3416,吴朝晖,2022-12-16 02:12:24,-3,0,3,zhgg！！
163672,3416,吴朝晖,2022-12-16 02:31:14,-3,1,4,爱zhgg
163678,3416,吴朝晖,2022-12-16 02:40:00,-3,1,4,朝晖gg一路高升
163687,3416,吴朝晖,2022-12-16 03:00:13,-3,0,3,祝高升
163719,3416,吴朝晖,2022-12-16 04:12:04,-3,0,3,zhgg高升
163727,3416,吴朝晖,2022-12-16 04:22:09,-3,0,3,挺好的，加油
163738,3416,吴朝晖,2022-12-16 04:32:04,-1,2,3,朝晖gg祝高升！呜呜呜呜不要憔悴了，多喝宝宝奶昔
163739,3416,吴朝晖,2022-12-16 04:32:19,-2,1,3,zhgg助高升
163748,3416,吴朝晖,2022-12-16 04:58:46,16,20,4,疫情期间能很大程度保障学生出入自由，没动98，横向对比给您10分，
163751,3416,吴朝晖,2022-12-16 05:03:47,-2,1,3,校长走好
163753,3416,吴朝晖,2022-12-16 05:08:21,-2,1,3,朝晖gg勇敢飞，三本学子永相随
163757,3416,吴朝晖,2022-12-16 05:15:19,-3,0,3,zhgg ～呜呜呜呜\n\n最喜欢的朝晖
163763,3416,吴朝晖,2022-12-20 04:28:13,5,9,4,怎么这样子，我还没毕业你就升官要走\n\n呜呜呜zhgg
163792,3416,吴朝晖,2022-12-16 06:12:37,-3,0,3,zhgg加油！永远爱你
163797,3416,吴朝晖,2022-12-16 06:21:26,-3,0,3,zhgg！
163798,3416,吴朝晖,2022-12-16 06:24:08,-1,2,3,不喜欢正态思想
163808,3416,吴朝晖,2022-12-16 07:03:29,-2,1,3,阿晖走了，刷上去
163809,3416,吴朝晖,2022-12-16 07:04:33,-3,0,3,zhgg高升，我永远爱你！！！！
163812,3416,吴朝晖,2022-12-16 07:12:25,-3,0,3,zhgg
163821,3416,吴朝晖,2022-12-17 14:22:02,0,3,3,高升～
163822,3416,吴朝晖,2022-12-16 07:31:24,-3,0,3,祝贺高升
163838,3416,吴朝晖,2022-12-16 08:06:09,-3,0,3,朝晖哥哥我的最爱
163845,3416,吴朝晖,2022-12-16 08:24:32,-3,0,3,祝高升
163850,3416,吴朝晖,2022-12-16 08:46:40,-3,0,3,朝晖gg好帅
163853,3416,吴朝晖,2022-12-16 08:49:02,-6,0,6,来压分数
163876,3416,吴朝晖,2022-12-16 10:38:24,-3,0,3,zhgg！！！！
163884,3416,吴朝晖,2022-12-16 11:04:25,-3,0,3,zhgg
163911,3416,吴朝晖,2022-12-16 14:01:30,0,3,3,马上都要走了，客观来说做了不少好事，还是捞一下吧，祝高升。
163914,3416,吴朝晖,2022-12-28 16:54:13,-4,1,5,😍😍😍
163925,3416,吴朝晖,2022-12-16 14:32:54,-1,2,3,来浙大以后，还没有机会见一见朝晖哥哥，就去北京了捏
163945,3416,吴朝晖,2022-12-16 16:40:28,-3,0,3,zhgg在新的岗位上也要发光发热鸭
163951,3416,吴朝晖,2022-12-17 01:18:33,0,3,3,zhgg我的zhgg
163960,3416,吴朝晖,2022-12-17 02:42:07,4,7,3,zhgg呜呜呜撞开别的小狗
163973,3416,吴朝晖,2022-12-17 04:11:46,0,3,3,ZHGG别走
163978,3416,吴朝晖,2022-12-17 04:31:51,20,24,4,整个疫情期间基本没长时间封校，和其他高校相比还是比较自由的。就是说，还挺好qaq 祝zhgg高升
163987,3416,吴朝晖,2022-12-17 06:08:56,0,2,2,zhgg再见了呜呜😭😭
163998,3416,吴朝晖,2022-12-17 07:29:26,0,3,3,再见了，所有的zhgg
164007,3416,吴朝晖,2022-12-17 08:36:24,-1,2,3,想念zhgg
164008,3416,吴朝晖,2022-12-17 08:40:19,-2,1,3,抱歉，刚见面就得说再见
164011,3416,吴朝晖,2022-12-17 09:02:34,0,3,3,zhgg新生还没听过你一展歌喉呢呜呜呜呜
164018,3416,吴朝晖,2022-12-17 10:09:28,-1,2,3,zhgg我会想你的呜呜呜
164032,3416,吴朝晖,2022-12-17 10:52:25,-1,1,2,zhgg我想听你唱歌
164035,3416,吴朝晖,2022-12-17 11:17:24,-3,0,3,很难受
164041,3416,吴朝晖,2022-12-17 11:38:20,-3,0,3,zhgg
164047,3416,吴朝晖,2022-12-17 12:10:22,-3,0,3,zhgg呜呜呜
164051,3416,吴朝晖,2022-12-17 12:26:07,-3,0,3,zhgg
164059,3416,吴朝晖,2022-12-17 14:19:52,-3,0,3,多谢您，一切顺利
164062,3416,吴朝晖,2022-12-17 14:40:37,-2,1,3,zhgg！！
164077,3416,吴朝晖,2022-12-18 01:17:37,1,5,4,zhgg！我的zhgg！没了你我可怎么活啊！
164078,3416,吴朝晖,2022-12-18 01:22:36,-2,2,4,想你zhgg
164086,3416,吴朝晖,2022-12-18 02:36:41,-2,2,4,zhggyyds
164115,3416,吴朝晖,2022-12-18 07:24:37,-1,2,3,zhgg
164125,3416,吴朝晖,2022-12-18 08:57:40,-2,2,4,哈哈哈哈
164134,3416,吴朝晖,2022-12-18 09:58:38,-1,2,3,zhgg一切顺利！！！
164142,3416,吴朝晖,2023-01-17 00:49:15,2,5,3,希望能把数据库买全了！我要查资料！！！！！
164153,3416,吴朝晖,2022-12-18 13:03:29,29,34,5,别的不说，仅凭浙江大学疫情政策合理执行迅速在疫情时期依然能让学生由进出校门自由这一点，朝晖哥哥是永远的神
164172,3416,吴朝晖,2022-12-18 17:09:49,-2,1,3,这是？
164173,3416,吴朝晖,2022-12-29 07:48:43,1,6,5,大家动动小手，把zhgg的评分刷刷上去！
164175,3416,吴朝晖,2022-12-19 01:06:07,2,6,4,他肯定值得一个更高的分
164187,3416,吴朝晖,2022-12-19 03:11:54,-2,2,4,zhgg！
164200,3416,吴朝晖,2022-12-19 07:17:30,-2,2,4,哒哒哒
164213,3416,吴朝晖,2022-12-19 08:19:58,-2,2,4,！！！
164217,3416,吴朝晖,2022-12-19 09:27:24,-2,2,4,zhgg要走了刷一刷分
164235,3416,吴朝晖,2022-12-19 13:22:47,-3,1,4,zhgg一路高升
164247,3416,吴朝晖,2022-12-20 01:58:28,-2,2,4,呜呜呜
164249,3416,吴朝晖,2022-12-20 03:15:56,47,52,5,无知时诋毁朝晖，懂事时理解朝晖，成熟时追随朝晖，幻想中成为朝晖！信仰朝晖就会把它当作黑夜一望无际的大海上给迷途的船只指引的灯塔，在烈日炎炎的夏天吹来的一股清风，在寒风刺骨的冬天里燃起的阵阵篝火！晖门🙏
164253,3416,吴朝晖,2022-12-20 03:50:12,-3,2,5,舍不得zhgg
164262,3416,吴朝晖,2022-12-20 05:09:15,-4,0,4,我的zhgg呜呜呜
164264,3416,吴朝晖,2023-01-09 13:34:32,-2,4,6,zhgg🥺🥺
164271,3416,吴朝晖,2022-12-20 06:05:10,-4,0,4,舍不得zhgg555
164305,3416,吴朝晖,2022-12-20 08:17:35,1,4,3,呜呜呜呜呜亲爱的zh哥哥，我还没听过你一展歌喉，你怎么就离开了我们zjuer了呢\n\n拿着最后一份你写的通知书，呜呜呜呜呜我好想念你\n\n亲爱的zhgg值得我的10分呜呜呜呜呜
164306,3416,吴朝晖,2022-12-20 08:20:00,-4,0,4,好好好
164310,3416,吴朝晖,2022-12-20 08:29:30,-4,0,4,想念zhgg
164340,3416,吴朝晖,2022-12-20 10:40:25,-4,0,4,给zhgg刷刷分
164345,3416,吴朝晖,2022-12-20 10:59:11,-4,0,4,呜呜呜
164365,3416,吴朝晖,2022-12-20 12:24:06,-4,0,4,zhgg!!!
164379,3416,吴朝晖,2022-12-20 13:12:34,-4,0,4,给zhgg刷分
164397,3416,吴朝晖,2022-12-20 15:22:37,-4,0,4,之后也要继续发光发热呀
164403,3416,吴朝晖,2022-12-21 01:27:33,-4,1,5,zhgg
164409,3416,吴朝晖,2022-12-21 01:51:21,-2,2,4,zh，我的zh，你还会再回来吗
164425,3416,吴朝晖,2022-12-21 02:42:13,-4,0,4,zhgg
164426,3416,吴朝晖,2022-12-21 02:48:56,-4,0,4,朝晖哥哥
164431,3416,吴朝晖,2022-12-21 03:05:12,-4,1,5,zhgg🤩
164437,3416,吴朝晖,2022-12-21 03:29:48,-5,0,5,好！！！
164449,3416,吴朝晖,2022-12-21 04:48:21,-5,0,5,zhgg😋
164450,3416,吴朝晖,2022-12-21 04:49:29,-4,0,4,zhgg
164489,3416,吴朝晖,2022-12-21 08:31:37,-5,0,5,zhgg
164504,3416,吴朝晖,2022-12-21 10:06:00,-4,0,4,zhgg!!
164506,3416,吴朝晖,2022-12-21 10:27:02,-4,0,4,zhgg走好～～
164527,3416,吴朝晖,2022-12-21 12:40:14,-3,1,4,zhgg我来给你刷分了
164547,3416,吴朝晖,2022-12-21 15:30:31,-3,1,4,你快回来d(ŐдŐ๑)
164600,3416,吴朝晖,2022-12-22 06:12:18,-3,1,4,10！
164609,3416,吴朝晖,2022-12-22 08:13:15,-4,0,4,zhgg！！
164650,3416,吴朝晖,2022-12-22 13:56:41,-3,1,4,我是第2000条评论！！！！！！！！！！！！！！！！！！！！！！！！
164651,3416,吴朝晖,2022-12-22 14:08:22,8,12,4,谈笑间，zhgg的评分从接近收敛于1到了3.几
164655,3416,吴朝晖,2022-12-22 14:25:17,-4,0,4,我是ihui！
164682,3416,吴朝晖,2022-12-23 09:21:04,-3,1,4,紫金港的夜，那么静，那么静。
164694,3416,吴朝晖,2022-12-23 12:17:31,-4,0,4,zhgg我会想念您的
164699,3416,吴朝晖,2022-12-23 12:39:58,-4,0,4,朝晖走好salute!
164705,3416,吴朝晖,2022-12-23 14:58:14,-4,0,4,zhgg！
164706,3416,吴朝晖,2022-12-23 15:51:09,-4,0,4,可爱的
164717,3416,吴朝晖,2022-12-24 06:06:57,-4,0,4,zhgg
164721,3416,吴朝晖,2022-12-24 06:47:40,-4,0,4,zhgg😭
164725,3416,吴朝晖,2022-12-24 08:30:48,-4,0,4,zhgg可爱捏~
164729,3416,吴朝晖,2023-02-24 16:57:58,16,21,5,555555我的zhgg......心疼你还要因为某个前任校长背査老师的低分锅......现在多少个10分都带不动了呜呜呜~
164734,3416,吴朝晖,2022-12-24 12:07:13,-4,0,4,zhgg！
164743,3416,吴朝晖,2022-12-25 02:46:13,-1,3,4,至少能纠正一些事情
164751,3416,吴朝晖,2022-12-25 07:17:11,-4,0,4,zhgg，步步高升啊
164782,3416,吴朝晖,2022-12-26 05:42:51,-4,0,4,zhgg
164830,3416,吴朝晖,2022-12-26 12:10:47,-2,2,4,给zhgg刷刷高分...作为前任校长只有3.几太惨了
164865,3416,吴朝晖,2022-12-27 04:30:29,-5,0,5,zhgg致敬
164892,3416,吴朝晖,2022-12-27 10:40:42,1,7,6,冷知识：朝晖上任之后浙大才变成了第三
164906,3416,吴朝晖,2022-12-28 07:23:50,-2,2,4,zhgg
164921,3416,吴朝晖,2022-12-27 15:50:05,16,20,4,冷知识：浙大四校合并，文理的底子本来就不太好，是新世纪才发展起来的，zhgg接的最后一棒才把浙大捧到华五前排
164925,3416,吴朝晖,2022-12-28 00:03:35,-3,1,4,zhgg
164929,3416,吴朝晖,2022-12-28 01:21:23,-1,3,4,zhgg紫金港的风水养人，多回来看看
164947,3416,吴朝晖,2022-12-28 03:31:42,-3,1,4,zhgg
164952,3416,吴朝晖,2022-12-28 04:12:36,1,5,4,zhgg勇敢飞，ihui永相随！
164960,3416,吴朝晖,2022-12-28 06:07:50,-2,2,4,zhgg
164966,3416,吴朝晖,2022-12-28 07:23:14,-3,2,5,好校长！
164967,3416,吴朝晖,2022-12-28 07:23:37,-3,2,5,zhgg加油
164968,3416,吴朝晖,2022-12-28 07:24:11,-3,2,5,以前打过1，补分
164969,3416,吴朝晖,2022-12-28 07:25:42,-3,2,5,好想你！！！
164970,3416,吴朝晖,2022-12-28 07:24:44,-3,2,5,zhgg舍不得
164971,3416,吴朝晖,2022-12-28 07:25:22,-4,2,6,zhgg！
164972,3416,吴朝晖,2022-12-28 07:26:17,-2,2,4,zhgg常回紫金港看看
164974,3416,吴朝晖,2022-12-28 07:29:15,-1,3,4,无知时诋毁朝晖，成熟后怀念朝晖，zhgg！
164981,3416,吴朝晖,2022-12-28 07:44:29,-4,0,4,祝好 怀念
164985,3416,吴朝晖,2022-12-28 07:50:48,-3,1,4,好好好！
164989,3416,吴朝晖,2022-12-28 08:23:35,-3,1,4,我们该怎么告别呢？像当初见面那样？
164990,3416,吴朝晖,2022-12-28 08:29:16,-3,1,4,zhgg！
164991,3416,吴朝晖,2022-12-28 08:39:34,-3,1,4,zhgg
164992,3416,吴朝晖,2022-12-28 08:46:26,-3,1,4,zhgg再见～
164995,3416,吴朝晖,2022-12-28 09:03:43,-4,0,4,zhgg!
164996,3416,吴朝晖,2022-12-28 09:12:35,-4,0,4,zhgg
164999,3416,吴朝晖,2022-12-28 09:15:39,-3,1,4,zhgg
165001,3416,吴朝晖,2022-12-28 09:20:02,-2,2,4,来纪念了
165002,3416,吴朝晖,2022-12-28 09:22:19,-4,1,5,zhgg一路高升
165003,3416,吴朝晖,2022-12-28 09:25:44,-4,1,5,zhgg😭
165005,3416,吴朝晖,2022-12-28 09:34:43,-2,2,4,给前任校长提提分
165013,3416,吴朝晖,2022-12-28 10:11:58,-4,1,5,zhgg！
165018,3416,吴朝晖,2022-12-28 10:46:06,-3,1,4,zhgg高升走了，新校长也来了，可以改成10.0了吧
165020,3416,吴朝晖,2022-12-28 11:18:09,-3,1,4,呜呜呜呜zhgg不要走
165021,3416,吴朝晖,2022-12-28 11:25:23,-4,0,4,zhgg再见！
165024,3416,吴朝晖,2022-12-28 11:45:46,-4,0,4,zhgg再见～
165025,3416,吴朝晖,2022-12-28 12:00:18,1,5,4,21级对校长最深的印象就是大雨里的那次开学典礼了，zhgg还是蛮可爱的
165027,3416,吴朝晖,2022-12-28 12:20:48,-3,2,5,没听过，但是他走了很惋惜
165029,3416,吴朝晖,2022-12-28 12:35:31,-3,1,4,刷！\n\n高升！
165035,3416,吴朝晖,2022-12-28 14:07:57,-3,2,5,没几天时间，你的评分从1.1飙升到3.5，祝老吴步步高升，有空也来浙大转转
165038,3416,吴朝晖,2022-12-28 14:32:23,-3,1,4,zhgg，拜拜~
165041,3416,吴朝晖,2022-12-28 15:05:56,-4,1,5,zhgg
165044,3416,吴朝晖,2022-12-28 16:43:57,-3,2,5,zhgg再见呜呜呜，就是来拉一下评分，不至于这么低……
165045,3416,吴朝晖,2022-12-28 16:47:49,-3,1,4,zhgg永远满分
165046,3416,吴朝晖,2022-12-28 16:54:20,-2,2,4,zhgg，以后也要做灿若星辰的浙大人呀
165047,3416,吴朝晖,2022-12-28 16:59:12,-3,2,5,再见辣zhgg 虽然好像未曾见过你
165049,3416,吴朝晖,2022-12-28 17:15:06,-2,2,4,捞捞zhgg
165050,3416,吴朝晖,2022-12-28 17:15:05,-2,2,4,捞捞zhgg
165051,3416,吴朝晖,2022-12-28 17:24:10,-2,2,4,想念zhgg的一天
165052,3416,吴朝晖,2022-12-28 17:33:17,-3,1,4,zhgg再见！
165054,3416,吴朝晖,2022-12-28 19:17:12,-3,1,4,zhgg yyds
165077,3416,吴朝晖,2022-12-29 04:06:15,-6,2,8,神仙老师！！！结课时还发了红包，讲课也很好，读书报告只要肯问，老师就会抽时间非常详细地讲解
165084,3416,吴朝晖,2022-12-29 04:23:51,-1,3,4,补分\n\n多回来看看吧
165106,3416,吴朝晖,2022-12-29 07:02:03,-2,2,4,我想做部长的狗
165108,3416,吴朝晖,2022-12-29 07:06:22,0,4,4,zhgg不在浙大的第不知道多少天，想他
165110,3416,吴朝晖,2022-12-29 07:09:32,0,5,5,同学菜菜 校长捞捞～噢这次是我来捞校长呀，那没事了😄zhgg高升！给zhgg一个10分
165114,3416,吴朝晖,2022-12-29 07:49:59,-2,2,4,捞一下zhgg
165123,3416,吴朝晖,2022-12-29 08:32:02,-2,2,4,再见了晖晖
165129,3416,吴朝晖,2022-12-29 08:54:34,-2,2,4,朝晖gg一路顺风
165131,3416,吴朝晖,2022-12-29 09:10:45,-2,2,4,校长菜菜，同学捞捞，zhgg想你啦
165136,3416,吴朝晖,2022-12-29 09:20:39,-2,2,4,zhgg加油，先给你一个10分！可惜毕业证书上没有你了（土拨鼠尖叫）
165145,3416,吴朝晖,2022-12-29 10:17:26,-2,2,4,zhgg好走！一路顺风
165175,3416,吴朝晖,2023-01-04 10:23:07,-1,3,4,zhgg再见！
165188,3416,吴朝晖,2022-12-30 02:51:55,-2,2,4,zhgg再见👋🏻
165200,3416,吴朝晖,2022-12-30 04:17:25,-2,2,4,朝晖哥哥再见！前程似锦！
165244,3416,吴朝晖,2022-12-30 13:32:30,8,12,4,很多事情不是他的锅，希望一路顺利\n\n2017级，见证过他风评最差的时期，是不是故意迟到已经不知道了，但至少他一个本土校长，肯定是希望浙大好的呀。
165250,3416,吴朝晖,2022-12-30 14:13:37,-2,2,4,zh哥哥
165281,3416,吴朝晖,2022-12-31 02:13:56,-2,2,4,朝晖拜拜
165292,3416,吴朝晖,2022-12-31 05:26:35,-1,3,4,zhgg 呜呜呜呜呜呜呜呜呜呜 一路高升
165299,3416,吴朝晖,2022-12-31 07:50:26,-2,2,4,顶顶顶
165310,3416,吴朝晖,2022-12-31 11:50:14,-2,2,4,zhgg走好
165319,3416,吴朝晖,2022-12-31 13:46:28,-4,1,5,zhgg我会想念你的
165327,3416,吴朝晖,2023-01-01 03:11:38,-2,2,4,zhgg～
165340,3416,吴朝晖,2023-01-01 15:29:19,-2,2,4,新年快乐
165353,3416,吴朝晖,2023-01-02 10:25:21,-3,2,5,zhgg!!!
165360,3416,吴朝晖,2023-01-02 15:52:42,-2,2,4,zhgg一切顺利～
165364,3416,吴朝晖,2023-01-03 01:41:41,-3,2,5,很好（这条五毛，括号后删除）
165380,3416,吴朝晖,2023-01-04 00:40:00,-2,2,4,zhgg高升走好，常回浙看看（哭）
165383,3416,吴朝晖,2023-01-04 03:07:37,-2,2,4,zhgg常回家看看
165407,3416,吴朝晖,2023-01-04 12:04:18,-2,2,4,朝晖giegie再见
165408,3416,吴朝晖,2023-01-04 12:09:50,-2,3,5,2022年12月，校长调任了
165616,3416,吴朝晖,2023-01-09 04:26:20,-2,2,4,zhgg一路走好！
165621,3416,吴朝晖,2023-01-09 04:35:24,-2,3,5,我是ihui我自豪！
165814,3416,吴朝晖,2023-01-10 01:10:07,-2,4,6,😘😘😘
165866,3416,吴朝晖,2023-01-10 07:39:46,-4,2,6,。。。
165918,3416,吴朝晖,2023-01-10 10:56:39,-3,2,5,再见zh
165923,3416,吴朝晖,2023-01-10 11:36:50,-2,3,5,想你了
165982,3416,吴朝晖,2023-01-10 14:42:48,-4,2,6,suki
165987,3416,吴朝晖,2023-01-10 15:07:57,-2,2,4,祝贺高升
166058,3416,吴朝晖,2023-01-11 03:47:11,-2,2,4,19年龙的传人竟是我最后一次看zhgg最后一次唱歌，海底捞
166170,3416,吴朝晖,2023-01-11 09:06:41,-2,2,4,zhgg!
166503,3416,吴朝晖,2023-01-12 12:28:36,-2,3,5,zhgg yyds
166551,3416,吴朝晖,2023-01-12 18:42:44,-2,2,4,zhgg
166598,3416,吴朝晖,2023-01-13 03:20:51,-4,3,7,zhgg
166608,3416,吴朝晖,2023-01-13 10:37:08,-31,11,42,这评论莫名有点搞笑，前面各种诋毁恶评，人家高升了又上来一顿吹捧刷好评。。。
166861,3416,吴朝晖,2023-01-14 03:16:28,5,9,4,有没有可能，，恶评的和怀念的都不是一波人呢，，
166899,3416,吴朝晖,2023-01-14 07:22:26,-8,4,12,或许我们怀念的不是zhgg，而是那个时代
166913,3416,吴朝晖,2023-01-14 08:05:16,24,30,6,我是一只杜江蜂，嗡嗡嗡嗡嗡～
166923,3416,吴朝晖,2023-01-14 08:39:58,49,54,5,恶评是因为那时候zhgg代表着学校，学校有不合理的地方咱就骂他呗。好评是因为zhgg本身就很好玩啊，唱歌又那么好听，表情包又那么好用。
166955,3416,吴朝晖,2023-01-14 10:29:52,-2,3,5,zhgg
166973,3416,吴朝晖,2023-01-14 12:51:42,3,9,6,同个人，评价高升后360急转，这样的好评很廉价
167006,3416,吴朝晖,2023-01-14 14:45:32,-2,3,5,zhgg！
167148,3416,吴朝晖,2023-01-15 04:22:44,-2,2,4,爱zhgg
167326,3416,吴朝晖,2023-01-15 14:06:20,-2,2,4,zhgg
167397,3416,吴朝晖,2023-01-16 03:02:27,-2,2,4,朝晖哥哥~
167413,3416,吴朝晖,2023-01-16 06:50:28,-2,2,4,说话又好玩，唱歌又好听（doge）
167433,3416,吴朝晖,2023-01-16 08:25:04,29,33,4,zhgg被ljh陷害是浙大史上最大冤案
167806,3416,吴朝晖,2023-01-19 07:22:27,-1,2,3,wwwzhgg
167832,3416,吴朝晖,2023-01-19 10:02:47,3,6,3,一个月之前还是1.0
167965,3416,吴朝晖,2023-01-20 18:27:37,-1,2,3,拜拜了
168098,3416,吴朝晖,2023-01-27 10:11:27,2,4,2,晖—————我的晖晖———————没有你我可怎么活啊———————
168156,3416,吴朝晖,2023-01-30 15:24:35,1,4,3,zhgg!!
168168,3416,吴朝晖,2023-01-31 08:35:33,-1,3,4,朝晖哥哥
168263,3416,吴朝晖,2023-02-07 13:37:58,1,5,4,我从21年，刚刚成为一名浙大人的时候就给你了10分，今天也是一样，很不舍得你走zhgg!!!!!
168278,3416,吴朝晖,2023-02-08 14:49:29,-1,2,3,先生之风，山高水长。
168368,3416,吴朝晖,2023-02-14 06:06:17,0,2,2,朝晖校长我会想你的呜呜呜呜呜呜呜
168376,3416,吴朝晖,2023-02-15 05:09:05,-1,1,2,zhgg
168407,3416,吴朝晖,2023-02-15 12:31:47,-2,2,4,先生之风，山高水长
168419,3416,吴朝晖,2023-02-15 15:48:22,0,2,2,打十分！
168423,3416,吴朝晖,2023-02-16 03:01:09,4,5,1,笑死，拉到底一堆告别zh的帖子被踩了两脚
168488,3416,吴朝晖,2023-02-18 12:11:58,-1,1,2,zhgg(*￣3￣)╭♡
168509,3416,吴朝晖,2023-02-19 04:18:11,0,2,2,想你了
168610,3416,吴朝晖,2023-02-20 08:25:56,-2,1,3,zhgg
168659,3416,吴朝晖,2023-02-20 15:42:10,3,5,2,zju被背锅的校长
168765,3416,吴朝晖,2023-02-22 03:11:29,-1,1,2,zhgg，好想再见你一眼
168778,3416,吴朝晖,2023-02-22 07:12:45,-1,1,2,www好想你
169125,3416,吴朝晖,2023-03-16 05:29:27,-1,4,5,zhgg！我才入学一年啊啊啊啊啊啊
169172,3416,吴朝晖,2023-02-24 13:46:57,-1,1,2,想你55555
169204,3416,吴朝晖,2023-02-24 15:45:55,-1,1,2,zhgg
169218,3416,吴朝晖,2023-02-24 16:39:29,1,3,2,怎么这样子，我还没毕业你就升官要走
169235,3416,吴朝晖,2023-02-25 02:17:11,-1,1,2,www
169238,3416,吴朝晖,2023-02-25 02:47:33,-1,1,2,bdbd
169241,3416,吴朝晖,2023-02-25 03:04:46,0,2,2,前程似锦
169263,3416,吴朝晖,2023-02-25 05:38:52,-1,1,2,至少要写三个字哦
169319,3416,吴朝晖,2023-02-25 11:46:01,-1,1,2,就是喜欢...
169486,3416,吴朝晖,2023-02-26 11:37:20,-1,1,2,发型漂移
169487,3416,吴朝晖,2023-02-26 11:47:46,-2,0,2,杀杀杀
169563,3416,吴朝晖,2023-02-27 02:53:09,-1,2,3,朝晖哥哥我的朝晖哥哥✧＼ ٩(눈౪눈)و /／✧加油啊喂
169588,3416,吴朝晖,2023-02-27 04:23:14,-2,1,3,怀念～
169595,3416,吴朝晖,2023-02-27 05:01:52,-2,1,3,嗷嗷嗷
169607,3416,吴朝晖,2023-02-27 06:02:19,-2,1,3,zhgg怀念啊
169624,3416,吴朝晖,2023-02-27 07:36:23,-20,6,26,不知道为啥评论区恶意那么大，觉得匿名了就可以肆意妄为发表攻击性言论了是吧，浙大不为正态而亡，为你们这些网络喷子而亡
169666,3416,吴朝晖,2023-02-27 09:58:47,-1,1,2,zhgg₍˄·͈༝·͈˄*₎◞ ̑̑
169687,3416,吴朝晖,2023-02-27 11:39:29,52,56,4,我是杜江峰校长，给吴校长评个 10 分，希望能够让朝晖同志的评分符合实际
169758,3416,吴朝晖,2023-02-27 16:26:23,-1,3,4,祝贺朝晖哥哥高升
169801,3416,吴朝晖,2023-02-28 02:42:49,1,3,2,朝晖gg永远在我们心中！
169846,3416,吴朝晖,2023-02-28 06:06:58,-1,2,3,zhgg~
169859,3416,吴朝晖,2023-02-28 06:31:18,-1,1,2,999
169962,3416,吴朝晖,2023-02-28 17:30:12,-1,1,2,zhgg呜呜呜呜呜
170047,3416,吴朝晖,2023-03-01 06:14:07,1,4,3,爱住了
170096,3416,吴朝晖,2023-03-01 10:42:13,4,7,3,朝晖gg的分数什么时候才能上去啊QWQ
170129,3416,吴朝晖,2023-03-01 12:36:49,-2,1,3,爱老师
170131,3416,吴朝晖,2023-03-01 12:44:24,0,2,2,至少要写三个字哦
170137,3416,吴朝晖,2023-03-01 13:17:13,-2,1,3,zhgg，yyds
170220,3416,吴朝晖,2023-03-02 05:11:24,-2,1,3,zhgg
170280,3416,吴朝晖,2023-03-02 12:01:50,-2,1,3,爱了爱了
170311,3416,吴朝晖,2023-03-02 15:47:02,-4,0,4,zhgg
170312,3416,吴朝晖,2023-03-02 16:06:32,-4,0,4,zhgg～
170317,3416,吴朝晖,2023-03-03 00:10:31,0,3,3,祝校长男神仕途顺利
170333,3416,吴朝晖,2023-03-03 02:20:21,-3,0,3,zhgg
170382,3416,吴朝晖,2023-03-03 10:32:35,-3,0,3,zhgg
170412,3416,吴朝晖,2023-03-04 06:39:37,-2,2,4,zhgg
170418,3416,吴朝晖,2023-03-04 07:46:00,-1,2,3,zhgg
170423,3416,吴朝晖,2023-03-04 11:51:15,-3,0,3,zhgg呜呜呜
170425,3416,吴朝晖,2023-03-04 12:35:50,-3,0,3,zhgg～
170438,3416,吴朝晖,2023-03-04 18:12:40,0,3,3,记得四年前刚入学的时候zhgg的评分还是一点多，现在快毕业了再来看高了好多
170487,3416,吴朝晖,2023-03-06 00:09:57,-2,1,3,朝晖gg
170505,3416,吴朝晖,2023-03-06 03:23:08,-1,2,3,zh😭😭
170506,3416,吴朝晖,2023-03-06 03:38:38,-4,1,5,非常好
170532,3416,吴朝晖,2023-03-06 07:07:21,-4,1,5,zhgg
170616,3416,吴朝晖,2023-03-07 07:55:11,-2,2,4,zhgg
170689,3416,吴朝晖,2023-03-08 07:22:52,-4,2,6,zhgg
170705,3416,吴朝晖,2023-03-08 08:00:57,-2,2,4,zhgg
170784,3416,吴朝晖,2023-03-09 15:36:22,-4,0,4,zhgg
170802,3416,吴朝晖,2023-03-10 02:51:08,-3,1,4,很好的
170855,3416,吴朝晖,2023-03-10 15:15:52,-2,1,3,他真的，我哭死
170890,3416,吴朝晖,2023-03-11 10:51:26,-3,0,3,zhgg zhgg
170891,3416,吴朝晖,2023-03-11 10:53:51,-3,0,3,年轻时候很帅
170892,3416,吴朝晖,2023-03-11 11:01:34,-3,0,3,zhgg
170965,3416,吴朝晖,2023-03-13 11:07:29,-2,1,3,祝zhgg一路高升
170979,3416,吴朝晖,2023-03-13 15:50:55,-3,0,3,zhgg太好了
171036,3416,吴朝晖,2023-03-15 01:21:52,1,4,3,zhgg一路高升！！
171056,3416,吴朝晖,2023-03-15 06:32:18,-4,0,4,zhgg一路高升
171059,3416,吴朝晖,2023-03-15 07:38:54,-2,0,2,zhgg高升
171093,3416,吴朝晖,2023-03-16 01:30:06,5,9,4,背锅的校长，zhgg他真的我哭死
171098,3416,吴朝晖,2023-03-16 02:03:35,-2,2,4,zhgg高升！
171117,3416,吴朝晖,2023-03-16 07:04:25,-4,0,4,zhgg高升！
171118,3416,吴朝晖,2023-03-16 07:14:37,-2,2,4,高升了
171317,3416,吴朝晖,2023-03-21 12:10:08,-6,1,7,好好好
171335,3416,吴朝晖,2023-07-03 07:32:46,-1,7,8,评分拉不动啊
171343,3416,吴朝晖,2023-03-22 05:56:48,-2,3,5,我来捞捞老师了
171461,3416,吴朝晖,2023-03-25 02:30:46,-3,2,5,唠唠zhgg
171486,3416,吴朝晖,2023-03-26 04:04:26,-38,18,56,精致的利己主义者，为了自己升官双标防疫层层加码，令人作呕
171567,3416,吴朝晖,2023-03-29 03:23:40,-5,10,15,一分都多
171684,3416,吴朝晖,2023-07-12 03:14:44,0,2,2,第29任校长处打卡
171719,3416,吴朝晖,2023-04-03 04:33:25,-3,1,4,zhgg勇敢飞！
171731,3416,吴朝晖,2023-04-03 12:43:06,-4,1,5,zhgg高升！
171738,3416,吴朝晖,2023-04-03 14:24:48,3,4,1,不太行
171780,3416,吴朝晖,2023-04-05 06:07:27,-2,2,4,zhgg高升！
171788,3416,吴朝晖,2023-04-05 12:51:33,-2,1,3,哈哈哈
171980,3416,吴朝晖,2023-04-15 06:03:57,8,23,15,很喜欢一句话，谁在谁挨骂，谁走谁当爹。捞分的小丑别逗我笑
172167,3416,吴朝晖,2023-04-21 04:10:10,-2,1,3,zhgg一路高升
172258,3416,吴朝晖,2023-04-24 02:47:00,-2,1,3,捞捞zh
172260,3416,吴朝晖,2023-04-24 02:56:17,-4,1,5,zh哥哥我们爱你
172658,3416,吴朝晖,2023-05-03 15:13:41,-2,1,3,zhgg
172729,3416,吴朝晖,2023-05-05 11:07:17,-2,1,3,朝晖哥哥！
172837,3416,吴朝晖,2023-05-08 06:07:15,-3,1,4,朝晖哥哥！
172845,3416,吴朝晖,2023-05-08 08:20:13,-2,0,2,祝顺利
172847,3416,吴朝晖,2023-05-08 09:46:37,-2,1,3,zhgg
172860,3416,吴朝晖,2023-05-08 22:02:25,-7,0,7,怀念\n\nhttps://www.docin.com/p-2469242813.html
173158,3416,吴朝晖,2023-06-10 04:46:06,-6,2,8,zhgg高升
173229,3416,吴朝晖,2023-05-16 07:38:11,-4,1,5,捞捞zhgg
173431,3416,吴朝晖,2023-05-24 07:12:24,9,14,5,今天听到了校长力排众议为我校设立考古学的事情。zhgg真的是很好很好的校长。\n\n楼下谁走谁当爹的，自己去看林建华的评分
173472,3416,吴朝晖,2023-05-25 14:48:42,-5,1,6,好！真的好！
173473,3416,吴朝晖,2023-05-25 14:48:41,-3,1,4,好！真的好！
173597,3416,吴朝晖,2023-05-29 15:09:49,-5,1,6,想你了，我的晖
173718,3416,吴朝晖,2023-06-02 00:34:51,-5,1,6,zhgg
174082,3416,吴朝晖,2023-06-06 06:07:34,-4,1,5,步步高升
174205,3416,吴朝晖,2023-06-07 10:15:42,-2,6,8,1分，给分原因同上
174273,3416,吴朝晖,2023-06-08 14:56:29,-3,1,4,zhgg想你了
174332,3416,吴朝晖,2023-06-09 15:28:33,-4,1,5,好好好
174341,3416,吴朝晖,2023-06-24 00:59:55,-3,2,5,zhgg！
174546,3416,吴朝晖,2023-06-14 03:15:02,-4,1,5,高升！
174676,3416,吴朝晖,2023-06-15 11:50:32,-4,3,7,很好的校长
174818,3416,吴朝晖,2023-06-18 12:52:29,-4,1,5,zhgg高升！
174824,3416,吴朝晖,2023-06-18 14:16:01,-4,1,5,抬一手
174899,3416,吴朝晖,2023-06-19 13:05:13,-5,1,6,祝朝晖哥哥步步高升
175219,3416,吴朝晖,2023-06-22 13:01:16,-5,1,6,一路高升
175221,3416,吴朝晖,2023-06-22 13:10:25,-6,1,7,zhgg高升
175265,3416,吴朝晖,2023-06-23 04:15:05,-6,1,7,守护晖晖
175295,3416,吴朝晖,2023-06-23 10:48:19,-5,1,6,高升！
175347,3416,吴朝晖,2023-06-24 06:09:38,-5,1,6,zhgg高升！
175450,3416,吴朝晖,2023-06-25 03:41:50,-6,2,8,zhgg
175578,3416,吴朝晖,2023-06-25 14:50:35,-5,2,7,谨祝高升！
176500,3416,吴朝晖,2023-06-29 06:21:52,-7,1,8,zhgg 呜呜呜
176705,3416,吴朝晖,2023-06-29 19:06:47,-7,1,8,好好好
176779,3416,吴朝晖,2023-06-30 05:33:34,-6,1,7,zhgg
176950,3416,吴朝晖,2023-07-01 00:26:20,-7,1,8,zhgg
177040,3416,吴朝晖,2023-07-01 08:37:22,-7,1,8,zhgg想你了
177201,3416,吴朝晖,2023-07-02 06:56:37,-6,1,7,Zhgg
177252,3416,吴朝晖,2023-07-02 11:49:26,-7,1,8,祝zhgg一路高升！
177476,3416,吴朝晖,2023-07-03 11:08:12,-7,1,8,zhgg高升！
177619,3416,吴朝晖,2023-07-04 02:52:33,-6,1,7,朝晖gg呜呜呜
177633,3416,吴朝晖,2023-07-04 03:25:09,-5,1,6,太帅了
177636,3416,吴朝晖,2023-07-04 03:47:10,-6,2,8,校长真的很好
178141,3416,吴朝晖,2023-07-07 06:46:49,-5,2,7,zhgg!!!
178181,3416,吴朝晖,2023-07-07 16:13:04,-10,1,11,太丑了
178226,3416,吴朝晖,2023-07-08 09:12:45,-38,4,42,不知道如果不是匿名这些喷子还会不会吵得那么开心😅不敢想象这是浙大学生的评论区
178460,3416,吴朝晖,2023-07-12 04:49:49,-15,1,16,捞捞zhgg
178592,3416,吴朝晖,2023-07-16 03:02:53,-39,3,42,作为2022届学生，我来浙大一学期不到，吴校长就调走了。希望大家还是给吴校长高点的评分吧，大家好聚好散。
178593,3416,吴朝晖,2023-07-16 04:22:02,-18,1,19,zhgg
178711,3416,吴朝晖,2023-07-19 07:45:45,-20,1,21,zhgg高升
178896,3416,吴朝晖,2023-07-30 00:06:48,18,18,0,最严盲审的罪魁祸首，你妈什么时候死？
178901,3416,吴朝晖,2023-07-30 03:55:23,4,4,0,为什么分数又上去了
178903,3416,吴朝晖,2023-07-30 04:35:59,16,16,0,吴朝晖所做的一切都是为了它的仕途，它没给学生带来任何好处
178911,3416,吴朝晖,2023-07-30 10:17:53,12,12,0,一脸汉奸样，一分都嫌多，为了自己升官力推浙大研究生学位论文全部送教育部平台盲审，用zju无数学子的正常毕业换自己官场平步青云，楼上楼下搞饭圈无脑膜的希望你们多多遇到“靠谱”的教育部盲审砖家。
178914,3416,吴朝晖,2023-07-31 05:44:03,13,13,0,一脸汉奸样，一分都嫌多，为了自己升官力推浙大研究生学位论文全部送教育部平台盲审，用zju无数学子的正常毕业换自己官场平步青云，楼上楼下搞饭圈无脑膜的希望你们多多遇到“靠谱”的教育部盲审砖家。\n\nwzh sb
178916,3416,吴朝晖,2023-07-31 07:18:22,5,5,0,为什么分数又上去了？
178928,3416,吴朝晖,2023-08-01 08:37:04,28,28,0,看到98十大那篇帖子后，默默地把10分改回了1分
178931,3416,吴朝晖,2023-08-02 05:43:19,18,18,0,一脸汉奸样，一分都嫌多，为了自己升官力推浙大研究生学位论文全部送教育部平台盲审，用zju无数学子的正常毕业换自己官场平步青云，楼上楼下搞饭圈无脑膜的希望你们多多遇到“靠谱”的教育部盲审砖家。\n\nwzh sb
178932,3416,吴朝晖,2023-08-02 05:43:41,8,8,0,盲审？\n\n盲僧！
178956,3416,吴朝晖,2023-08-05 14:50:55,22,22,0,一脸汉奸样，一分都嫌多，为了自己升官力推浙大研究生学位论文全部送教育部平台盲审，用zju无数学子的正常毕业换自己官场平步青云，楼上楼下搞饭圈无脑膜的希望你们多多遇到“靠谱”的教育部盲审砖家。\n\nwzh sb
178974,3416,吴朝晖,2023-08-10 07:26:49,36,37,1,很奇怪为什么这么多新生会对wzh有莫名的好感，你们是和他交流过吗
178990,3416,吴朝晖,2023-08-15 04:17:06,10,10,0,求仕创薪
179002,3416,吴朝晖,2023-08-18 04:16:38,9,9,0,盲审贻害千古
179023,3416,吴朝晖,2023-08-22 11:08:49,21,22,1,98十大看得我一个准备读研的准大二脊背发凉，盲审神仙，盲审专家质量良莠不齐，一旦碰到混蛋专家就能害死人，奉劝各位不要对他有盲目的好印象，就像不要把真正的蔡徐坤和互联网上的坤坤等同看待，妈的，真特么后悔对他有好印象！对不起，十分个几把呢，一分送上
179027,3416,吴朝晖,2023-08-22 13:26:18,16,16,0,盲审？盲你奶奶个鸡大腿呢？强行把大部分研究生推火坑，本来要庆祝高升的，没想到还尼玛埋了这么一个炸弹恶心准备读研的我！98十大真让我看着又害怕又恶心又恼火，亏我以前大一有点好印象给过十分呢，但是可恶的是没法改分数了，现在来打第二个一分了！
179066,3416,吴朝晖,2023-08-27 10:54:41,16,16,0,请去98搜索关键词：盲审
179160,3416,吴朝晖,2023-08-29 03:35:29,-26,2,28,刷一下屏怎么了，对不起zjuer的又不是我👉😭刷一下屏怎么了，对不起zjuer的又不是我👉😭刷一下屏怎么了，对不起zjuer的又不是我👉😭刷一下屏怎么了，对不起zjuer的又不是我👉😭刷一下屏怎么了，对不起zjuer的又不是我👉😭刷一下屏怎么了，对不起zjuer的又不是我👉😭刷一下屏怎么了，对不起zjuer的又不是我👉😭刷一下屏怎么了，对不起zjuer的又不是我👉😭刷一下屏怎么了，对不起zjuer的又不是我👉😭刷一下屏怎么了，对不起zjuer的又不是我👉😭刷一下屏怎么了，对不起zjuer的又不是我👉😭刷一下屏怎么了，对不起zjuer的又不是我👉😭刷一下屏怎么了，对不起zjuer的又不是我👉😭刷一下屏怎么了，对不起zjuer的又不是我👉😭刷一下屏怎么了，对不起zjuer的又不是我👉😭刷一下屏怎么了，对不起zjuer的又不是我👉😭刷一下屏怎么了，对不起zjuer的又不是我👉😭刷一下屏怎么了，对不起zjuer的又不是我👉😭刷一下屏怎么了，对不起zjuer的又不是我👉😭刷一下屏怎么了，对不起zjuer的又不是我👉😭
179161,3416,吴朝晖,2023-08-29 04:08:20,15,15,0,盲婶？\n\nzhgg我想你了❌\n\nzhgg我想杀你了✅
179220,3416,吴朝晖,2023-08-31 02:38:37,-5,0,5,哎 未知全貌 不予置评
179264,3416,吴朝晖,2023-09-05 05:45:46,25,25,0,盲审制度不知道坑了多少浙大硕博，还在那zhgg呢😅
179265,3416,吴朝晖,2023-09-05 05:46:10,6,6,0,盲审制度值得一分
179267,3416,吴朝晖,2023-09-05 15:39:45,5,5,0,nt盲审
179268,3416,吴朝晖,2023-09-06 00:14:13,20,20,0,之前不是1.0吗，怎么被刷到4分多了？卸任后风评还变好了是吧
179275,3416,吴朝晖,2023-09-06 13:39:01,8,8,0,因为盲审，改回一分
179295,3416,吴朝晖,2023-09-08 01:49:11,5,5,0,这盲审制度看得我只想给你一分
179309,3416,吴朝晖,2023-09-09 07:33:45,2,2,0,科技部屁股做的稳
179313,3416,吴朝晖,2023-09-09 12:49:00,8,8,0,帮您正态一下
179362,3416,吴朝晖,2023-09-13 02:38:17,0,1,1,讲话真差
179375,3416,吴朝晖,2023-09-13 13:40:51,35,36,1,姓吴的，你要不回来看看那些延毕的硕博都过的什么日子\n\n不知道多少人因为你发明的制度丢掉理想的工作，有多少人甚至都想自杀了\n\n你为什么要造这个孽啊？为啥啊？谁跟你过不去啊？？？
179382,3416,吴朝晖,2023-09-14 02:28:14,0,1,1,太求仕
179392,3416,吴朝晖,2023-09-14 08:13:51,-4,0,4,可以的
179450,3416,吴朝晖,2023-09-16 05:06:13,-1,1,2,盲审制度呵呵呵
179473,3416,吴朝晖,2023-09-16 13:57:51,2,3,1,就你TM想出来的盲审是吧
179476,3416,吴朝晖,2023-09-17 00:02:18,2,3,1,煞笔哦，爱你哦
179566,3416,吴朝晖,2023-09-18 08:47:13,-41,7,48,抽象，这是浙大的评论区？
179735,3416,吴朝晖,2023-09-19 15:33:15,19,21,2,狗官一个，大西区豆腐渣工程的始作俑者，教育部一票否决盲审制度的幕后黑手
179773,3416,吴朝晖,2023-09-19 23:07:21,29,31,2,《诗经·彼阳》\n\n\n\n彼阳若至，初升东曦。\n\n\n\n绯雾飒蔽，似幕绡绸。\n\n\n\n彼阳篝碧，雾霂涧滁。\n\n\n\n赤石冬溪，似玛瑙潭。\n\n\n\n彼阳晚意，暖梦似乐。\n\n\n\n寐游浮沐，若雉飞舞。
179832,3416,吴朝晖,2023-09-20 02:05:36,0,1,1,l j l j
179833,3416,吴朝晖,2023-09-20 02:05:35,0,1,1,l j l j
180177,3416,吴朝晖,2023-09-20 12:57:43,0,1,1,求仕，求仕
180275,3416,吴朝晖,2023-09-21 02:28:10,0,1,1,667
180409,3416,吴朝晖,2023-09-21 12:56:14,25,26,1,大西区豆腐渣工程，宿舍漏水，新楼掉瓷砖，盲审制度，科技部副部不会是靠这些面子工程的吧
180489,3416,吴朝晖,2023-09-22 03:09:35,4,5,1,盲审呵呵，tnnd 1分
180588,3416,吴朝晖,2023-09-23 06:09:47,8,11,3,拿研究生盲审一票否决制度当成自己政绩，历经三任校长的我觉得zhgg是最差的一任校长。
180641,3416,吴朝晖,2023-09-24 05:59:02,36,39,3,智云课堂或许是为数不多干出来的人事？
180683,3416,吴朝晖,2023-09-25 01:25:19,-4,2,6,还可以
180689,3416,吴朝晖,2023-09-25 02:02:44,10,11,1,屁放的响，能当校长，屁放的臭，能当教授，不响不臭，思想落后！
180812,3416,吴朝晖,2023-09-26 14:18:00,5,6,1,一分收好，慢走不送
180826,3416,吴朝晖,2023-09-27 03:28:15,2,3,1,唉，天下苦盲审久矣
180837,3416,吴朝晖,2023-10-16 01:29:25,-42,3,45,我打了10分
180936,3416,吴朝晖,2023-09-28 11:46:10,-1,1,2,byd玩意儿
180979,3416,吴朝晖,2023-09-30 10:43:53,10,11,1,终于收敛到四级过级线的1%了
181122,3416,吴朝晖,2023-10-09 07:58:29,1,2,1,垃圾玩意
181146,3416,吴朝晖,2023-10-10 04:54:09,8,9,1,盲审值得1分
181281,3416,吴朝晖,2023-10-13 02:11:07,-21,1,22,是一个好老师
181435,3416,吴朝晖,2023-10-17 14:54:16,30,33,3,在它的任上\n\n浙大的校训变成“求仕创薪”\n\n价格位居同类高校前列的保障餐厅食品安全事故层出不穷\n\n耗费巨资新造的楼宇一个比一个豆腐渣\n\n以及\n\n为了讨好教育部一手推动的研究生论文盲审制度\n\n将无数浙大学子的前途作为自己升官的踏板\n\n这种垃圾玩意\n\n给一分都嫌多
181581,3416,吴朝晖,2023-10-23 09:33:41,7,8,1,之前给高了，因为盲审平衡一下。
181673,3416,吴朝晖,2023-10-27 16:43:17,24,27,3,智云课堂+5分，虽然不知道是不是你推动的，在你任上越来越离谱的创薪食堂创薪豆腐渣工程以及你最爱的盲审扣一伯昏，傻鸟吴朝晖
181674,3416,吴朝晖,2023-10-28 00:09:33,22,23,1,打4分是因为有智云课堂
181718,3416,吴朝晖,2023-10-29 15:10:43,2,3,1,爬爬爬
181818,3416,吴朝晖,2023-11-01 15:40:09,17,20,3,当初年轻不了解盲审，回来打个一分
182116,3416,吴朝晖,2023-11-10 07:49:03,14,18,4,哪些傻逼饭圈把垃圾官僚吴朝晖的评分刷上来的？求是了吗？
182167,3416,吴朝晖,2023-11-11 08:38:23,1,1,0,盲审扣大分
182207,3416,吴朝晖,2023-11-12 14:21:06,2,2,0,sb盲审
182293,3416,吴朝晖,2023-11-14 06:53:46,2,2,0,sb盲审什么时候死啊
182497,3416,吴朝晖,2023-11-16 14:19:27,2,2,0,sb盲审
182648,3416,吴朝晖,2023-11-18 16:44:20,12,13,1,看五四红旗团支部的评选要求看的破大防了，鼓励内卷，鼓励恶竞，评比要看微博账号粉丝，还要搞一堆鸟用没有的水活动……查了一下，果然这种贵物的评选规则就是在17年wzh任上公布的，前人之述备矣，不好意思，一分送上
182741,3416,吴朝晖,2023-11-20 04:11:52,2,3,1,只能说sb
182743,3416,吴朝晖,2023-11-20 04:14:50,13,17,4,搞出盲审，踩着校友升官的出生玩意\n\n希望搞饭圈那套，给他打高分的人各各岩壁八年，最后跳进启真湖
182946,3416,吴朝晖,2023-11-21 07:44:30,5,5,0,收敛于1
183038,3416,吴朝晖,2023-11-21 16:48:01,2,3,1,盲审死
183225,3416,吴朝晖,2023-11-23 02:33:08,6,9,3,刷zhgg的是什么玩意 吐了
183425,3416,吴朝晖,2023-11-26 01:29:46,-6,1,7,浙大最黑暗的时期
183981,3416,吴朝晖,2023-12-05 09:08:33,1,3,2,之前给的偏高 盲审 平衡
184002,3416,吴朝晖,2023-12-06 04:29:37,0,3,3,好师？好💩，好逝！
184079,3416,吴朝晖,2023-12-08 06:19:33,0,2,2,盲审去si
184551,3416,吴朝晖,2023-12-21 14:55:32,7,10,3,每个课都有课程思政真是tm裟俾设定，比如微积分这种纯数学课，硬生生要编一个课程思政融入点进去，最后编的我看到都绷不住
184890,3416,吴朝晖,2023-12-24 04:04:16,0,3,3,喜欢正太？
185533,3416,吴朝晖,2024-01-02 04:08:53,0,1,1,正态太难受了
185545,3416,吴朝晖,2024-01-02 05:10:07,-1,0,1,盲审去s
185666,3416,吴朝晖,2024-01-03 11:29:13,10,11,1,盲审遗臭万年
185930,3416,吴朝晖,2024-01-06 05:42:40,15,16,1,盲审遗臭到武大去了
186052,3416,吴朝晖,2024-01-08 04:25:30,-3,2,5,正态 呵呵
186109,3416,吴朝晖,2024-01-08 12:10:53,-1,1,2,死死死
190033,3416,吴朝晖,2024-02-11 04:17:26,1,2,1,前来观光
190295,3416,吴朝晖,2024-02-27 11:34:43,1,4,3,就是你搞出的盲审？
190415,3416,吴朝晖,2024-03-02 04:03:05,-1,0,1,、、、
190563,3416,吴朝晖,2024-03-08 12:58:16,-1,0,1,666
191022,3416,吴朝晖,2024-03-28 12:24:34,2,3,1,盲审制度，你妈死了
191045,3416,吴朝晖,2024-03-30 01:23:38,0,2,2,盲审，就一点都不考虑学生死活
191190,3416,吴朝晖,2024-04-11 05:36:13,0,3,3,盲审贻害千古，遗臭万年
191368,3416,吴朝晖,2024-04-18 14:20:46,-2,1,3,盲审 平衡
191474,3416,吴朝晖,2024-04-23 11:04:15,0,4,4,盲审，毁人不倦，毁人一生，垃圾管料，小心等天收
191958,3416,吴朝晖,2024-05-06 09:18:02,2,5,3,人血馒头
193282,3416,吴朝晖,2024-06-05 15:03:48,0,2,2,求仕创薪
193531,3416,吴朝晖,2024-06-12 11:52:03,0,5,5,司马东西
193914,3416,吴朝晖,2024-06-20 16:06:07,-1,3,4,收敛于1
193975,3416,吴朝晖,2024-06-21 07:09:40,-1,5,6,又搞正态又搞多盲审，苦煞我浙学子
194569,3416,吴朝晖,2024-06-24 11:30:39,2,3,1,此致，祝好
194625,3416,吴朝晖,2024-06-24 16:22:44,0,1,1,收敛zsbd
194762,3416,吴朝晖,2024-06-25 09:49:38,0,3,3,你是？
195043,3416,吴朝晖,2024-06-26 13:10:41,0,9,9,大西区创薪豆腐渣工程的始作俑者
195395,3416,吴朝晖,2024-06-28 02:57:54,65,66,1,至少他在的时候面子上的指标还算好看，\n\n现在面子上都快挂不住了
195441,3416,吴朝晖,2024-06-28 05:09:58,0,3,3,盲审之神
195536,3416,吴朝晖,2024-06-28 17:00:40,0,3,3,西区、盲审、正态
195605,3416,吴朝晖,2024-06-30 08:07:41,188,191,3,"一直觉得浙大学生应独立思考、不应人云亦云，未经任何考证就以一种二极管思维将学习、生活中遇到的所有不顺在网上以一种匿名辱骂的方式对某个人情绪宣泄。\n\n1.关于盲审，20年出台盲审政策时严校分管研究生教育，吴分管审计工作，但吴作为校长有领导责任。但搞出盲审≠带来政绩，吴能升官是因为任内让浙大各项指标突飞猛进，组织和社会对其评价颇高，而不是因为其搞出个盲审变态制度；\n\n2.关于正态，请搞清楚状况再发言：这是林搞出来的，归咎于吴不合适吧；相反，吴任内改革了该制度，仅对高分群体作出限制，取消了对每个分数段正态分布的限制；\n\n3.关于西区建设质量，请查证一下""浙江大学领导班子成员分工""看看具体分管“基本建设”的副校长是谁再发言，吴之前担任副校长时“协助校长负责科学技术研究、地方合作、计划财务、国有资产管理、采购管理、监察工作”【http://zhfw.zju.edu.cn/zhfw_xxwj/2013/0828/c4901a528376/page.psp】，之后作为校长分管的是“人才、审计工作等”【http://zhfw.zju.edu.cn/zhfw_xxwj/2020/1228/c4901a2239786/page.psp】。从未分管过基建，当然校长应负有领导责任。但不能因为我们只知道校长是谁就把所有责任归于他一人，难道全中国有任何问题都应该归咎于那个人吗？\n\n4.至少吴任内从未炒作过“亲民”“撑伞”“和学生聊职业规划”等，而是在幕后低调地为浙大拉资源，亲自参与三大奖答辩等等；浙大的排名、科研成绩也节节攀升，一度有真正成为top3之势，再看看现任和现在......各位能在98、査老师上随意辱骂他，他显然能够看到，但这些帖子或留言却从未被取缔，其胸襟我是佩服的，除了浙大以外全国还有任何一所高校能提供平台辱骂学校和校长吗（最近清华水木曝光招生办老师受贿嫖娼的帖子均被和谐、相关发帖学生被威胁）"
196791,3416,吴朝晖,2024-07-05 07:27:11,-2,6,8,笑死了
197975,3416,吴朝晖,2024-08-22 03:30:08,0,9,9,军训时间安排过紧，事务难以完成
198823,3416,吴朝晖,2024-09-12 03:09:10,74,74,0,浙大的进步速度在历任校长中可排到第三，仅次于竺老，路老。虽然任内每天被骂，但对比现任的停滞甚至倒退堪称成绩斐然
199050,3416,吴朝晖,2024-09-14 11:16:42,10,10,0,格局还是够大的
199243,3416,吴朝晖,2024-09-20 00:49:02,2,3,1,盲审。。。。。
199402,3416,吴朝晖,2024-09-23 02:59:37,32,32,0,毕竟是浙大从出来的校长，和外来的还是不一样。
199703,3416,吴朝晖,2024-09-27 18:18:55,4,6,2,盲审啊盲审，一将功成万骨枯啊，唉
199847,3416,吴朝晖,2024-10-03 14:36:46,49,49,0,现在才知道朝晖为振兴浙大文科和理科付出了多少努力，引进了多少人才
200101,3416,吴朝晖,2024-10-14 11:17:55,89,90,1,就说件小事吧，大家可以去看b站上20年跨年狂欢朝晖唱歌和24年杜江峰“表演”的视频，前者虽然全程跑调、非常难听，唱得一言难尽，但是全程大声全开麦，还在手上打了小抄，足见诚意满满、认真对待、亲民可爱；后者先是随便敲了几下鼓，后来唱歌时眼睛盯着提词器，在合唱中假装动嘴但后台监测显示其话筒音量为0，脸上一副生无可恋的样子，简直像是被学生会绑架着来完成任务一样，让人不禁疑惑，杜究竟对浙大、浙大学生有没有感情？
200176,3416,吴朝晖,2024-10-14 12:52:14,2,2,0,平衡一下
200182,3416,吴朝晖,2024-10-14 15:14:54,-1,2,3,好，但又不好。
200190,3416,吴朝晖,2024-11-24 01:26:53,97,98,1,我的评价是比杜江峰强10000倍，至少是真正热爱浙大的校长\n\n任内第四轮和第五轮教育部连续两轮学科评估，以及各学科国际排名，浙大是理工农医社文全面进步，再看看这两年杜江峰不及格的答卷。楼下说浙大理科的崛起停在了2022年，文科的进步也停在了2022年。\n\n附一则2021年旧闻：“随后吴校长与社会学系教师进行了座谈，社会学系学科建设首席指导专家赵鼎新教授对吴校长一行人来我系调研表示热烈欢迎，对学校自2017年以来给予我系人、财、物等各方面的必要保障表示感谢，并阐述了社会系学科建设的必要性和意义“。http://sociology.zju.edu.cn/index.php/News/details.html?id=332&tid=15&sid=2。再看看今年赵鼎新辞职的事情，一声叹息
200357,3416,吴朝晖,2024-10-16 07:56:10,23,23,0,吴校长任内对浙大尽心尽力，在人才引进、学科建设、科研奖项等方面亲力亲为，他对浙大的功绩被在校学生严重低估。17年大手笔成立数学高等研究院（https://www.zju.edu.cn/2017/1221/c33148a1514214/pagem.htm），数学学科大踏步进步；18年推出“创新3030计划”（http://www.innovation2030.zju.edu.cn/21954/list.htm）；新进成立的物理高等研究院其实也是吴任内早就谋划的。可惜创业未尽中道崩阻，创新2030计划的进程停在了2022年，物理院士校长领导下物理学科看来也没啥起色，新搞的基础交叉研究院的编制塞满了某人的派系，建议改名“量子交叉研究院”。浙大以前的大气魄、大手笔去哪了？
200461,3416,吴朝晖,2024-10-17 08:27:37,-70,2,72,还有人洗啊\n\n收了多少我也要
200464,3416,吴朝晖,2024-10-17 10:41:01,35,36,1,下面的那个评论真是搞笑，和你意见不一样就是洗就是收钱是吧，你大可以提供一点有效论据来反驳这些观点，然而你只会居高临下扣帽子，互联网上最恶心的发言莫过于此
200552,3416,吴朝晖,2024-10-18 23:46:27,25,25,0,人才引进，学科实力才是根本，这一点吴校长无愧于浙大
200678,3416,吴朝晖,2024-10-21 02:22:08,8,8,0,想你了
200783,3416,吴朝晖,2024-10-22 08:20:08,31,32,1,没有人夸夸吴校长的疫情管理嘛，感觉也是尽心尽力的
200899,3416,吴朝晖,2024-10-24 07:34:37,9,9,0,给个10分平衡一下，绝不能比杜江峰更低
200917,3416,吴朝晖,2024-10-24 14:06:30,4,4,0,吴校长还是可以了吧
200930,3416,吴朝晖,2024-10-25 03:25:32,3,3,0,平衡一下
200965,3416,吴朝晖,2024-10-25 12:05:53,2,2,0,平衡一下
201089,3416,吴朝晖,2024-12-12 03:30:55,20,20,0,平衡一下，没必要扣
201143,3416,吴朝晖,2024-10-29 10:53:02,5,5,0,平衡一下，没必要扣
201148,3416,吴朝晖,2024-10-29 10:20:46,7,7,0,听了以前的事迹感觉比杜好
201154,3416,吴朝晖,2024-10-29 11:09:27,4,4,0,平衡一下，没必要扣
201184,3416,吴朝晖,2024-10-29 20:43:49,4,4,0,平衡一下，没必要扣
201220,3416,吴朝晖,2024-10-30 10:57:50,6,6,0,不能比牢杜低
201259,3416,吴朝晖,2024-11-07 02:07:58,38,38,0,好好好，终于比牢杜高了，继续冲
201286,3416,吴朝晖,2024-10-31 06:24:32,6,6,0,不能比牢杜低
201287,3416,吴朝晖,2024-10-31 06:24:51,8,8,0,不能比djf低，zhgg想你了
201299,3416,吴朝晖,2024-11-03 16:33:34,20,20,0,不能比牢杜低
201343,3416,吴朝晖,2025-02-25 05:59:52,46,46,0,想你了，牢吴，常回家看看
201375,3416,吴朝晖,2024-11-01 08:06:40,8,8,0,不能比牢杜低
201380,3416,吴朝晖,2024-11-01 09:07:37,14,14,0,含金量不断上升
201389,3416,吴朝晖,2024-11-07 01:02:02,8,8,0,已经比djfgg高了
201402,3416,吴朝晖,2024-11-01 20:34:17,23,23,0,之前被低估了，学科建设还是有格局的
201414,3416,吴朝晖,2024-11-02 07:18:33,1,2,1,平衡一下
201418,3416,吴朝晖,2024-11-02 09:20:34,2,2,0,平衡~
201443,3416,吴朝晖,2024-11-03 04:03:28,104,104,0,仅举一例：吴校长在任的时候力排众议，在全国高校专业设置缩紧的情况下为我校设置了考古学本科专业，极大推动了考古文博专业的发展。足见其对我校学科建设的努力。\n\n现任呢？
201475,3416,吴朝晖,2024-11-15 12:35:26,25,25,0,想你了，牢吴
201477,3416,吴朝晖,2024-11-03 15:24:45,54,54,0,吴朝晖在位期间进行了一系列改革措施，这些措施除盲审外可谓“弊在当代，功在千秋”。吴校在位期间zju实现了飞速发展，真正有了TOP3的实力，为以后进入鼎盛时期打下了坚实的基础。可以说，吴校之治浙，犹如魏文候之变法，犹如赵武灵王之易服，裨益有加。如果说竺可桢校长是秦之穆公，刘丹校长是秦之孝公，路甬祥校长是秦之惠文王，那么吴朝晖校长亦可是秦之昭襄王。
201479,3416,吴朝晖,2024-11-03 17:01:20,8,8,0,回来吧牢吴，zju不能没有你
201480,3416,吴朝晖,2024-11-03 17:38:32,40,40,0,诸位来看一个调研同一个机构的例子，管中窥豹。\n\n吴2015年3月26日上任，仅仅上任10天就调研了社会科学研究院（浙大负责社科和文科的最高机构），调研的时候也和同事之间非常愉快。第一年就不停地调研各院系学科建设情况，发布各学科的发展规划。（https://rwsk.zju.edu.cn/2015/0408/c2075a169519/page.htm）\n\n杜2022年12月28日上任，拖了快两年才调研社会科学研究院，两年内调研学院的次数比回科大还少，对浙大的学科布局基本两眼一抹黑。调研的时候板着脸像极了训话，一副官僚主义的样子。（https://mp.weixin.qq.com/s?__biz=MzI1ODcwMTE0OQ==&mid=2247527699&idx=1&sn=bcf0c30767ce7ddce4d8f34e50d38fdf&chksm=ebb56090effefbe6ad149ed1cc5a62e7c4f55f57212d9a844dc51041460517dab7ec2c81a08b&scene=27）
201505,3416,吴朝晖,2024-11-04 03:28:16,1,2,1,想你了
201603,3416,吴朝晖,2024-11-04 16:52:40,1,1,0,ph一下
201632,3416,吴朝晖,2024-11-27 09:37:15,43,43,0,没有对比就没有伤害，“杜院士首先就是科大的啊，其次才是浙大校长”\n\ndjf，我艹死你的马
201656,3416,吴朝晖,2024-11-05 07:05:21,9,9,0,看完现任之后感觉前任也没有那么那个
201662,3416,吴朝晖,2024-11-05 07:49:48,3,3,0,追忆过去是____________
201827,3416,吴朝晖,2024-11-06 14:57:57,11,11,0,没对比没伤害
201855,3416,吴朝晖,2024-11-07 03:09:45,18,18,0,比渡江🐝好100000倍，不应该只这个分数
202000,3416,吴朝晖,2024-11-08 04:21:42,6,7,1,站你一手
202225,3416,吴朝晖,2024-11-11 02:40:00,51,51,0,要不你还是回来吧
202230,3416,吴朝晖,2024-11-11 02:56:25,38,38,0,笑死了，现任不行想起前任了
202232,3416,吴朝晖,2024-11-11 02:58:24,8,9,1,回来吧，回来哟～
202240,3416,吴朝晖,2024-11-11 03:30:31,7,8,1,前些年浙大发展确实很好
202245,3416,吴朝晖,2024-11-11 03:46:40,0,0,0,ph一下
202261,3416,吴朝晖,2024-11-28 05:58:44,33,33,0,分数低了，应该更高。有功于浙大。
202268,3416,吴朝晖,2024-11-11 06:16:14,7,7,0,晖来！
202832,3416,吴朝晖,2024-11-14 15:46:26,-3,3,6,盲审逆天操作了
202858,3416,吴朝晖,2024-11-15 02:25:35,68,70,2,马后炮一下。一年前的毕业典礼，听牢杜毫无感情地念那一看就是秘书帮他写的稿子，把毕至居念成毕/至居，就感觉这校长不会和浙大合得来。可能因为大学四年几乎没被正态过（而且正态确实有一定必要性，别的有些学校没有正态，某些专业人均接近满绩，一门课不满就是拖后腿，反而直接让分数失去意义了），我对zhgg的印象一直蛮不错的，会打小抄唱歌，会偶尔出现在教室里，还偶尔被同学目击到在下楼梯时蹦蹦跳跳，是真的热爱浙大的校长
202865,3416,吴朝晖,2024-11-15 02:32:53,9,10,1,想你了
202884,3416,吴朝晖,2024-11-15 03:56:50,30,32,2,在时不觉有益，去时不见其弊
202889,3416,吴朝晖,2024-11-15 04:17:23,1,2,1,平衡一下
202905,3416,吴朝晖,2024-11-15 05:40:21,3,4,1,怀念以前的日子
202911,3416,吴朝晖,2024-11-15 06:37:38,1,2,1,好好好
202939,3416,吴朝晖,2024-11-15 09:23:38,16,16,0,建议下一任来看看，什么才叫真正热爱浙大的人
202976,3416,吴朝晖,2024-11-15 15:10:01,9,9,0,真正的浙大人
202999,3416,吴朝晖,2024-11-15 18:00:22,1,1,0,想念。
203012,3416,吴朝晖,2024-11-16 02:11:53,31,32,1,分手了才知道前任的好
203046,3416,吴朝晖,2024-11-16 05:38:27,34,34,0,牢吴要是不搞盲审那一手真不至于这么低，现在看来，杜和他一比简直啥都不是
203070,3416,吴朝晖,2024-11-16 08:24:17,8,8,0,现在知道前任好了
203092,3416,吴朝晖,2024-11-16 15:18:18,1,1,0,好，很好
203118,3416,吴朝晖,2024-11-17 04:51:56,1,1,0,比djh好
203148,3416,吴朝晖,2024-11-17 12:04:50,0,1,1,ph一下
203293,3416,吴朝晖,2024-11-19 02:56:37,22,23,1,没必要扣，平衡一下
203299,3416,吴朝晖,2024-11-19 03:20:47,42,42,0,“分手了才知前任好”
203347,3416,吴朝晖,2024-11-19 09:55:27,3,3,0,平衡一下
203361,3416,吴朝晖,2024-11-19 10:45:15,6,6,0,平衡一下，没必要扣
203367,3416,吴朝晖,2024-11-19 10:57:03,4,5,1,想你了牢吴
203372,3416,吴朝晖,2024-11-19 11:07:04,7,7,0,想你了老吴
203380,3416,吴朝晖,2024-11-19 11:34:45,4,4,0,想你了老吴
203385,3416,吴朝晖,2024-11-19 11:39:58,1,1,0,平衡一下
203391,3416,吴朝晖,2024-11-19 11:51:32,14,14,0,平衡一下，突然开始想念。也许真的有点玄学，我们需要朝晖而不是让水元素淹没整个学校。想你了，辉
203395,3416,吴朝晖,2024-11-19 12:01:53,2,2,0,想你了
203400,3416,吴朝晖,2024-11-19 12:21:11,17,17,0,文科复兴
203414,3416,吴朝晖,2024-11-19 12:38:14,17,17,0,吴校长的含金量还在上升\n\n学科建设牛逼！
203418,3416,吴朝晖,2024-11-19 12:51:04,1,1,0,拉高评分
203420,3416,吴朝晖,2024-11-19 12:53:55,1,1,0,太喜欢
203430,3416,吴朝晖,2024-11-19 13:49:24,1,1,0,123
203463,3416,吴朝晖,2024-11-19 16:01:04,20,20,0,归来吧我的朝晖\n\n我最骄傲的信仰\n\n历历在目的歌唱\n\n眼中泪水在流淌\n\n依稀记得龙传人\n\n还有美味的全羊
203465,3416,吴朝晖,2024-11-19 16:10:38,0,0,0,想你了
203485,3416,吴朝晖,2024-11-20 00:04:54,9,9,0,平衡一下，没必要扣
203500,3416,吴朝晖,2024-11-20 01:21:44,3,5,2,平衡一下，想你了
203546,3416,吴朝晖,2024-11-20 03:18:00,2,2,0,平衡一下
203572,3416,吴朝晖,2024-11-20 05:29:28,3,3,0,想你了，牢吴
203604,3416,吴朝晖,2024-11-20 06:51:49,0,0,0,与后人相比
203611,3416,吴朝晖,2024-11-20 07:06:06,2,2,0,怀念zhgg的笑容和系列小作文
203631,3416,吴朝晖,2024-11-20 08:07:17,0,0,0,平衡一下，没必要扣
203633,3416,吴朝晖,2024-11-20 08:10:39,1,1,0,平衡一下，没必要扣
203651,3416,吴朝晖,2024-11-20 10:15:48,0,0,0,想你了
203658,3416,吴朝晖,2024-11-20 11:04:04,0,0,0,平衡一下，没必要扣
203661,3416,吴朝晖,2024-11-20 11:13:19,0,0,0,想你了，zhgg
203663,3416,吴朝晖,2024-11-20 11:20:03,2,3,1,含金量还在上升
203671,3416,吴朝晖,2024-11-20 11:49:34,0,0,0,平衡一下
203682,3416,吴朝晖,2024-11-20 12:37:51,0,0,0,平衡一下
203687,3416,吴朝晖,2024-11-20 13:00:00,1,1,0,平衡之
203698,3416,吴朝晖,2024-11-29 13:03:32,180,181,1,（吴校长的任职讲话见本人帖子https://www.cc98.org/topic/6042576）\n\n其实对现任校长的评价不高是很正常的，因为大家总会把对学校的不满归咎于校长身上。\n\n但是，吴校长任内至少可以说出他干了哪些好事：\n\n重视文科，引进多位文科资深教授；\n\n文史哲三院独立；\n\n设立考古学本科；\n\n建造艺博馆；\n\n建造主图书馆和北教；\n\n院士评选和三大奖亲自工作，成绩届届井喷、震惊友校；\n\n疫情时期（其实准确来说是疫情前就已立项，绝对是遥遥领先）首推智云课堂和学在浙大；\n\n重视校园网等信息技术工作；\n\n在3年疫情时间保持相对宽松的防疫政策，仅因校内出校疫情3次短暂封校，其他时间除非密接学生保持了基本的行动自由，和上海高校、省属高校形成鲜明对比，给了师生最大程度的自由空间；\n\n建立数学高等研究院，大踏步补上数学短板；\n\n筹建物理高等研究院；\n\n谋划创新2030项目，相继推出双脑计划、量子计划、天工计划、数字社科计划、亚洲文明计划等等，科研项目、科研成果井喷；\n\n杰青、优青、院士大牛等人才引进指标十分可观\n\n国家重点实验室数量冠绝全国\n\n组建成立北京研究院、上海高等研究院、杭州国际科创中心等等大平台\n\n......\n\n可怕的是，\n\n要是问杜校长上任干了啥，有啥重大成果，我竟一个也说不出来，唯一一个可能是那个新组建的基础交叉研究院，但本人持谨慎态度，因为该院连个院长都没找到，里面大半的人都是杜的私家班底，据物理学界的校友评估，这些人水平有限，院长现在是杜兼任着，连一个大牛都引进不到，谈何发展......\n\n没有对比就没有伤害啊 我本可以忍受黑暗，如果我未曾见过光明\n\n当时只道是寻常 曾经沧海难为水啊......\n\n吴校长在浙大学习工作了40年，可当年他走的时候却很低调，组织也没有发公告，再加上正值疫情刚刚放开，都没举办啥送别仪式，还没来得及和同学们告别就分别了
203827,3416,吴朝晖,2024-11-21 10:05:27,1,1,0,平衡一下
203903,3416,吴朝晖,2024-11-22 01:42:10,28,30,2,人的劣根性都是这样的，离开了才知道旧人的好
203927,3416,吴朝晖,2024-12-29 14:09:31,143,145,2,老吴至少8分。其学科建设可谓为浙大真正成为综合性一流大学打下了基础，任内浙大逐渐坐稳了全国top3，全球top50的地位。其大手笔振兴浙大文科，社科和理科可谓利在千秋。其在浙大学习工作40年，对浙大感情深厚，对校情了然于胸，其一心一意为浙大发展谋福利的态度是毋庸置疑的。唯一的扣分点是盲审，但这一缺陷并不影响他是一个好校长的事实。相比之下，现任简直什么都不是，有杜老板这个浙大127年校史上最差校长做对比，更凸显老吴的不容易。\n\n吴校长当年在为浙大制定“双一流”建设方案的时候，国际对标的Stanford，Berkeley，国内对标的是清华，这些都是工科理科顶尖，社科也顶尖的综合性大学。杜现在的学科建设思路，差了十万八千个档次，实在难以让人信服。\n\n附吴校长2015年3月就任校长时的感言：“我与浙大有不解之缘，浙大对我有再造之恩。三十年前，我在这里求学，打下了我的人生底色；二十年前，我在这里任教，奠定了我的事业根基；十年前，同样是在这里，我开始走到学校行政岗位，开启了公共服务的人生旅程。在浙大的三十年里，老师的教育、学长的关心、领导的提携、同事的帮助、学生的支持，我历历在目、心怀感激、永生不忘……”
203931,3416,吴朝晖,2024-11-22 05:38:37,7,7,0,你来浙大做什么？你要成为怎样的人？
203936,3416,吴朝晖,2024-11-22 05:51:47,1,1,0,平衡一下
203939,3416,吴朝晖,2024-11-22 06:21:35,4,4,0,牢吴真还凑活
203968,3416,吴朝晖,2024-11-22 09:25:02,25,26,1,曾经本科时候大家都说zhgg这不好那不好，但无法否认的是zju在zhgg当政这几年蒸蒸日上，学科评估、社会影响力、认可度等各方面快速提升。想来本科刚刚进浙大时候，出去投简历浙大的经常会被边刷，社会认可度也远远不如复交，说自己是top3会被别人笑死。zhgg在的这几年虽然大家还在骂着盲审，但浙大各学科实力都在全面发展，找工作表刷的情况也越来越少，不说超过复交，但说和复交各有优势相信没有人会反对。虽然zhgg评价各异，但是zhgg离开浙大时交出的答卷绝对称得上合格。\n\n千军易得，一将难求!一个优秀的士兵未必能够成为一个优秀的指挥官。浙大校长需要的是一个懂科研的政治家，而不是做过一些行政工作的科学家（我在说谁大家懂的都懂）。
203999,3416,吴朝晖,2024-11-23 01:18:52,0,1,1,想你了
204127,3416,吴朝晖,2024-11-24 13:09:07,6,6,0,想你了，牢吴
204140,3416,吴朝晖,2024-11-24 14:48:15,9,9,0,平衡一下，没必要扣
204196,3416,吴朝晖,2024-11-25 03:07:37,21,22,1,牢吴才是纯血浙大校长
204206,3416,吴朝晖,2024-11-25 03:23:25,1,2,1,想你了劳务
204215,3416,吴朝晖,2024-11-25 03:34:11,1,2,1,平衡一下
204225,3416,吴朝晖,2024-11-25 03:54:36,3,4,1,伟大，无需多言
204227,3416,吴朝晖,2024-11-25 04:02:05,3,4,1,想你了牢吴
204260,3416,吴朝晖,2024-11-25 05:34:09,0,2,2,平衡一下，没必要扣
204280,3416,吴朝晖,2024-11-25 06:18:59,0,1,1,平衡一下，没必要扣
204291,3416,吴朝晖,2024-11-25 06:45:53,1,1,0,牢吴想你了
204307,3416,吴朝晖,2024-11-25 07:23:13,0,0,0,平衡一下
204362,3416,吴朝晖,2024-11-25 12:17:18,5,5,0,和如今的校长对比，zhgg是我的神
204365,3416,吴朝晖,2024-11-27 04:26:27,5,5,0,想你了 回来吧
204382,3416,吴朝晖,2024-11-25 14:27:04,-28,2,30,搞出来的遗毒垃圾盲审就这么洗白了？
204394,3416,吴朝晖,2024-11-25 15:21:51,21,21,0,说白了，浙大作为一个庞大的体系，到处都有人想捞一笔利益，吴在位至少励精图治，能把这些人压一压，杜完全不管，就越来越逆天了。\n\n吴还是配得上他升的官的
204402,3416,吴朝晖,2024-11-25 15:43:56,5,5,0,比牢杜好
204414,3416,吴朝晖,2024-11-25 16:59:24,0,0,0,平衡一下
204473,3416,吴朝晖,2024-11-26 05:49:19,3,3,0,想你了
204483,3416,吴朝晖,2024-11-26 07:17:41,0,0,0,想你了
204518,3416,吴朝晖,2024-11-26 11:33:04,20,20,0,有功有过，但至少是纯粹的浙大人
204545,3416,吴朝晖,2024-11-26 14:36:08,14,14,0,功过七三开吧，初心是好的，后来犯了一些错误
204552,3416,吴朝晖,2024-11-26 15:29:04,1,1,0,想你了牢吴
204565,3416,吴朝晖,2024-11-26 18:24:33,56,58,2,骂名和反转都是有原因的，即使都不一定很公道。\n\n但是，一个从本科就扎根浙大的人，三十多年的工作中再怎么变化，热爱大概也不会比功利少；同样，一个本科就扎根科大的人，凭几个演讲和采访就期望他会投入更多吗？\n\n老吴这三十多年，现状不知道，但四十年前，他第一次成为浙大的一员，是本科生。他可能也逃过课，骂过行政；他可能也会某一天走在洒满阳光的校园里，为自己是浙江大学的学生小骄傲一下。或许这些年在官场，他妥协了，甚至变心了，但或许某天晚上看着学生们匿名的苦水和骂声，他会想到同一片土地上自己意气风发的青春年少，会想到在预料可能坐到校长的位置之前夸下的雄心壮志。\n\n但他牵扯的利益太多，为了自己和更大的权衡，一些糟糕的制度定下了，也改不了太多。但他至少可以把浙大水平和名声提上去，多拉资源，多引进人才，多搞学科建设；也可以发挥自己的背景优势注重信息化建设，搞一个智云课堂。\n\n或许他在亲力亲为做一些事的时候还会带着一点惭愧吧，对相隔三十年的两代青年。\n\n\n\n\n\n1984年09月至1988年06月，在浙江大学混合班、计算机软件专业学习\n\n1988年09月至1993年10月，为浙江大学计算机应用专业硕士、博士研究生\n\n1993年10月，在浙江大学计算机系任教师\n\n1995年11月，任计算机系人工智能实验室主任\n\n1998年03月至1999年08月，任浙江大学计算机系副系主任\n\n2001年03月至2005年07月，任浙江大学软件与网络学院副院长、计算机学院副院长\n\n2005年07月至2007年01月，任浙江大学科学技术处处长、校党委委员\n\n2007年01月，任浙江大学科学技术研究院常务副院长\n\n2007年06月，任浙江大学校长助理\n\n2008年03月，任浙江大学党委常委、浙江大学副校长\n\n2012年11月，任浙江大学党委常委、浙江大学常务副校长\n\n2015年03月，任浙江大学校长
204572,3416,吴朝晖,2024-11-27 01:08:48,8,8,0,想你了老吴
204615,3416,吴朝晖,2024-11-27 05:10:14,27,28,1,一个在竺老两问的耳濡目染下学习工作的人，至少不会彻底被利益熏黑
204663,3416,吴朝晖,2024-11-27 08:35:03,16,16,0,(哽咽)……（眼泪打转）……究竟会变成什么样子(眼泪再次打转)
204670,3416,吴朝晖,2024-11-27 09:00:37,29,29,0,不吹不黑的说，至少大力扶植文科作文理均衡大学的路子做的很对，djf什么勾八
204731,3416,吴朝晖,2024-11-27 14:16:10,1,1,0,回来吧
204749,3416,吴朝晖,2024-11-27 15:25:44,0,0,0,回来吧
204766,3416,吴朝晖,2024-12-17 07:58:31,52,53,1,你点开按时间排序是什么目的😡
204768,3416,吴朝晖,2024-11-27 23:13:54,1,1,0,24年，想你了朝晖
204770,3416,吴朝晖,2024-11-28 00:27:42,3,3,0,平衡一下，没必要扣
204795,3416,吴朝晖,2024-11-28 02:43:16,2,3,1,没必要扣
204837,3416,吴朝晖,2024-11-28 05:43:35,19,19,0,想你了，至少你在的时候浙大从未停下进步
204846,3416,吴朝晖,2024-11-28 06:16:29,10,10,0,平衡一下，没必要扣，想你了，牢吴
204852,3416,吴朝晖,2024-11-28 06:40:13,9,9,0,回来吧，他是来结束乐队的！大奏春日影！
204875,3416,吴朝晖,2024-11-28 09:02:20,5,5,0,平衡平衡\n\n有一些不合理操作 但有功于浙大
204900,3416,吴朝晖,2024-11-28 11:29:03,1,1,0,想你了，朝晖
204911,3416,吴朝晖,2024-11-28 12:52:56,0,0,0,好老师
204919,3416,吴朝晖,2024-11-28 14:24:13,19,19,0,想你了，还记得3年前在图书馆前面拍集体照，你就这样走出来，我们和你打招呼，你很热情的回应，被同行的工作人员催了很久才坐进车里。很难过毕业证上名字不是你。。
204927,3416,吴朝晖,2024-11-28 16:06:42,0,0,0,zhgg
204929,3416,吴朝晖,2024-11-28 16:13:09,0,0,0,想你了牢吴
204981,3416,吴朝晖,2024-11-29 07:14:20,2,2,0,平衡一下 没必要扣
204991,3416,吴朝晖,2024-11-29 09:23:39,0,1,1,平衡一下
204994,3416,吴朝晖,2024-11-29 10:00:39,1,1,0,想你了
205000,3416,吴朝晖,2024-11-29 11:22:50,0,0,0,平衡一下
205008,3416,吴朝晖,2024-11-29 12:42:10,0,0,0,想你了吴校长
205009,3416,吴朝晖,2024-11-29 12:58:46,9,9,0,来晚了，感谢您对浙大发展做出的贡献！祝仕途得意，步步高升。
205013,3416,吴朝晖,2024-11-29 14:36:22,0,0,0,唉。。
205045,3416,吴朝晖,2024-11-30 08:26:17,2,2,0,想你了
205051,3416,吴朝晖,2024-11-30 10:37:42,5,5,0,想你了，校长
205052,3416,吴朝晖,2024-11-30 11:03:26,9,9,0,平衡一下没必要扣\n\n校长对浙大的贡献还是不小的，除了盲审\n\n作为一个在浙大三十年的人还是非常好的
205064,3416,吴朝晖,2024-11-30 14:35:33,4,4,0,你快回来，ZJU不能没有你
205093,3416,吴朝晖,2024-12-01 09:16:55,3,3,0,想zhgg了
205118,3416,吴朝晖,2024-12-02 01:43:24,3,3,0,平衡一下
205243,3416,吴朝晖,2024-12-03 07:06:54,1,1,0,想你了
205385,3416,吴朝晖,2024-12-05 11:07:27,3,3,0,想你了，瑕不掩瑜，功可抵过
205409,3416,吴朝晖,2024-12-06 02:46:22,0,0,0,平衡一下
205427,3416,吴朝晖,2024-12-06 05:52:52,0,0,0,平衡一下
205451,3416,吴朝晖,2024-12-06 12:15:35,1,1,0,ph一下
205645,3416,吴朝晖,2024-12-10 12:14:30,0,0,0,平衡一下，没必要扣
205801,3416,吴朝晖,2024-12-12 04:58:06,0,0,0,平衡一下
205851,3416,吴朝晖,2024-12-12 09:30:49,15,15,0,有点想朝晖哥哥了...很多具体的东西不甚了解，但是当年入学的时候，确有一种蒸蒸日上的感觉，现在却不那么自信我是否还是top3了。
205946,3416,吴朝晖,2024-12-13 01:51:43,0,0,0,怀念吴校长
206046,3416,吴朝晖,2024-12-13 05:34:54,0,0,0,想你了 qwq
206085,3416,吴朝晖,2024-12-13 05:05:04,0,0,0,吴校很好啊啊啊啊啊啊！！！
206096,3416,吴朝晖,2024-12-13 05:17:54,1,1,0,怀念朝晖哥哥，回来吧
206139,3416,吴朝晖,2024-12-13 06:10:18,24,24,0,2017本科入读，2024硕士离校。17年入学的时候几乎是骂名最大的时候，学长学姐们口口相传的16级军训顶着大太阳暴晒等他，三分一档的始作俑者（不是正太的哈）。但是，一个从84年就呆在学校的老学长，他对学校整体的心能坏到哪里去呢？至少2020-22年，我们度过了和平的三年；人文社科真的发展得不错；理工科评估也比2017一堆A-）好了些；部分课程放松了正太要求（以前规定80分以下20%还是30%，现在这条没有了），变相也给89分的朋友们拿到4.5的机会，实质上提高了优良率。希望他退休以后还能常回来看看，大家很想你。
206165,3416,吴朝晖,2024-12-13 06:53:00,0,0,0,平衡一下
206311,3416,吴朝晖,2024-12-14 03:00:54,1,1,0,ph
206422,3416,吴朝晖,2024-12-15 05:26:08,1,1,0,zhgg真的很好
206427,3416,吴朝晖,2024-12-15 05:56:35,20,20,0,犹记那年的龙的传人 虽然读书期间对学校有很多不满，但毕业工作之后经历了很多更不好的事情，回想起来老学长各方面已经是做得很好了，是一个亲民又肯办实事的好领导，也深深热爱着这所学校，很幸运拍毕业照的时候能和老学长合影，毕业证上写的也是老学长的名字  很多事情不可能做到让所有人满意，能给浙大带来这么快的发展，这么多的成果，已经做得非常好了 刚入学时对浙大的印象还是弱于复交，和南大不相上下 毕业之后可以昂首挺胸地自称top3，面对清北也不会感觉到低太多，给了无数浙大学子更多的自信，这其中都有老学长的一份功劳呀
206472,3416,吴朝晖,2024-12-15 11:37:02,0,0,0,挺好的。
206487,3416,吴朝晖,2024-12-15 13:21:00,0,0,0,平衡一下
206506,3416,吴朝晖,2024-12-15 15:00:40,0,0,0,平衡一下
206522,3416,吴朝晖,2024-12-15 21:54:58,0,0,0,bdbd
206541,3416,吴朝晖,2024-12-16 02:52:25,3,3,0,没有对比就没有伤害
206683,3416,吴朝晖,2024-12-17 05:24:17,0,0,0,ph一下
206686,3416,吴朝晖,2025-01-22 07:15:27,-132,4,136,草拟吗的傻逼  我的满绩就因为傻逼正态分布被卡成了4.5
206723,3416,吴朝晖,2024-12-17 08:33:06,0,0,0,平衡一下
206739,3416,吴朝晖,2024-12-17 10:03:45,1,1,0,浙大人
206769,3416,吴朝晖,2024-12-17 12:43:17,0,0,0,平衡一下
206824,3416,吴朝晖,2024-12-17 18:33:02,2,3,1,你猜我为什么按时间排序\n\n\n\n(隔壁过来的
206951,3416,吴朝晖,2024-12-18 19:50:34,0,0,0,平衡一下
207272,3416,吴朝晖,2024-12-20 04:54:48,0,0,0,平衡一下
207470,3416,吴朝晖,2024-12-22 06:37:31,0,0,0,，，，
207566,3416,吴朝晖,2024-12-23 06:11:27,6,6,0,全靠同行衬托\n\n有一说一，疫情期间 zhgg 能做到那个份上是牛的
207966,3416,吴朝晖,2024-12-25 05:49:41,7,7,0,老吴还是，有点水平的。
207967,3416,吴朝晖,2024-12-25 05:51:12,2,2,0,调一下分
208081,3416,吴朝晖,2024-12-25 13:19:04,1,1,0,回来吧
208106,3416,吴朝晖,2024-12-25 15:25:11,3,3,0,有点好奇zhgg是真的带了计组的课吗？授课什么水平？
208153,3416,吴朝晖,2024-12-31 08:32:51,0,0,0,101010
208258,3416,吴朝晖,2024-12-26 11:42:46,6,6,0,平衡一下，我记得4年前不懂事刷了1
208401,3416,吴朝晖,2024-12-27 10:48:27,16,16,0,牢吴可能是干了点抽象事情，但其实作为校长还是对zju做出很多贡献的。（顺带一提，当给牢吴评分1分的人数低于20%以后，他的评分会有质的飞跃，而不是在4-5分的区间缓慢上升，望周知）
208445,3416,吴朝晖,2024-12-28 01:33:24,10,10,0,有文有质，有农有工。
208451,3416,吴朝晖,2024-12-28 04:41:11,0,0,0,加一下
208494,3416,吴朝晖,2024-12-28 11:28:37,2,2,0,想你了，zhgg
208562,3416,吴朝晖,2024-12-29 12:38:09,3,3,0,想你了老吴
208599,3416,吴朝晖,2024-12-30 01:06:26,1,1,0,好想你，吴校长
208613,3416,吴朝晖,2024-12-30 05:42:49,0,1,1,zhgg🫡
208636,3416,吴朝晖,2024-12-30 09:18:22,28,28,0,以往的很多评论真的把朝晖当成许愿机了。很多事情非一个校长所能改变，朝晖已经做到了他力所能及的。朝晖一走，底下人就按捺不住了，社会学系行政就开始斗赵鼎新了，朝晖在的时候就不敢。
208734,3416,吴朝晖,2025-01-01 05:41:47,0,0,0,1010
208742,3416,吴朝晖,2025-01-05 14:32:14,28,29,1,总体上说是浙大人应该感谢的一任校长\n\n具体来看毁誉并存，怎奈有现任djf衬托\n\n如果给历任校长打分，竺可桢校长90，朝晖70，林建华50，djf30
208766,3416,吴朝晖,2025-01-01 13:06:53,0,0,0,想你了zhgg
208789,3416,吴朝晖,2025-01-02 02:48:19,0,0,0,今人不见古时月
208931,3416,吴朝晖,2025-01-03 12:27:49,0,0,0,今月曾经照古人
208975,3416,吴朝晖,2025-01-04 02:57:35,8,8,0,想听《龙的传人》
209010,3416,吴朝晖,2025-01-04 07:49:07,0,0,0,加一点
209074,3416,吴朝晖,2025-01-04 11:02:54,1,1,0,zagg还是很好的，人也很可爱呜呜呜
209153,3416,吴朝晖,2025-01-05 00:57:07,38,38,0,不吹不黑，朝晖的学科建设思路和成绩绝对是新浙大成立以后历任校长里最好的。学校的顶尖学科历史上首次实现理、工、信息、农、医、社科、人文七大学部全覆盖，每年引进大量国内外顶尖的学者，浙大在几乎所有国际排名中都从全球150左右进步到前50。教育部第四轮和第五轮学科评估，浙大综合实力都能排到全国第三，也是进步最快的学校。浙大在全国的地位达到竺可桢校长以来最高水平。毫无疑问，朝晖为浙大师生带来了黄金时代。
209843,3416,吴朝晖,2025-01-07 08:41:28,38,38,0,“我将恪尽职守、以身作则，以诚待人、虚心学习；我将不负众望、不辱使命，与金书记一道、和同志们一起，励精图治，齐心协力、为将我们共同挚爱的浙江大学早日建成世界一流大学而不懈奋斗。”\n\n\n\n各位领导、各位学长，老师们，同学们，同志们：\n\n    大家好！\n\n    此时此刻，我在这里，面对熟悉的大家，心情很不平静。刚才中组部、教育部和浙江省的领导同志宣布了中央关于我的任职决定，喻云林局长、杜玉波副部长、胡和平部长都作了重要讲话，提出了希望和要求。对中央和大家的信任，我和我的家人非常感谢！我本一介书生、才疏学浅，现身负重托、诚惶诚恐。我与浙大有不解之缘，浙大对我有再造之恩。三十年前，我在这里求学，打下了我的人生底色；二十年前，我在这里任教，奠定了我的事业根基；十年前，同样是在这里，我开始走到学校行政岗位，开启了公共服务的人生旅程。在浙大的三十年里，老师的教育、学长的关心、领导的提携、同事的帮助、学生的支持，我历历在目、心怀感激、永生不忘。今天的此刻，也是在这里，我接任了浙大校长的岗位，我深知使命光荣，更知责任重大。\n\n    ...\n\n    教师与学生是学校的主体，学校的发展要依靠全体师生员工的共同努力，校长要始终以师生为本。作为校长，我在这里郑重表态：我要认真学习党中央“四个全面”的执政理念与治国方略，我要坚决贯彻党的教育方针与社会主义办学方向，我要坚决执行党委领导下的校长负责制，讲政治、讲大局、讲规矩；我将恪尽职守、以身作则，以诚待人、虚心学习；我将不负众望、不辱使命，与金书记一道、和同志们一起，励精图治，齐心协力、为将我们共同挚爱的浙江大学早日建成世界一流大学而不懈奋斗。\n\n    最后，再次感谢大家！
209900,3416,吴朝晖,2025-01-07 11:00:39,5,5,0,想你了老吴
210089,3416,吴朝晖,2025-01-08 06:25:14,1,1,0,zhgg
210204,3416,吴朝晖,2025-01-08 11:02:08,0,1,1,想你了
210325,3416,吴朝晖,2025-01-09 02:16:53,16,16,0,和🐶屁杜相比多么人性化
213586,3416,吴朝晖,2025-01-18 11:49:33,0,0,0,平衡一下
213941,3416,吴朝晖,2025-01-21 16:43:37,3,3,0,错怪你了
214235,3416,吴朝晖,2025-01-30 07:04:26,5,5,0,新年快乐！
214325,3416,吴朝晖,2025-02-19 12:35:06,37,37,0,和蠹僵疯相比是多么的人性化\n\n另外wzh在任时，正态实际上是不断被弱化的，而不是被强化的，所以正态的问题应该完全算在林建华头上
214569,3416,吴朝晖,2025-02-13 08:29:39,11,20,9,现在正态分布作为硬性标准已经被取消了，导致24级绩点急剧膨胀，现在工信4.4只能排两百名开外。lx还在骂正态的应该去骂任课老师。而且就你这个素质，我要是你任课老师会给你打不及格
214659,3416,吴朝晖,2025-02-16 03:56:48,2,2,0,好人啊
214671,3416,吴朝晖,2025-02-16 09:29:34,0,0,0,加一下
214820,3416,吴朝晖,2025-02-18 05:33:56,0,0,0,zhgg
214904,3416,吴朝晖,2025-02-19 03:54:04,1,1,0,111
215296,3416,吴朝晖,2025-02-25 04:28:12,0,0,0,😂😅😭
215352,3416,吴朝晖,2025-02-25 09:45:20,4,4,0,吴校长我错了你回来吧
215389,3416,吴朝晖,2025-02-25 18:57:30,15,15,0,在的时候没感觉，无量仙翁来了以后对比太明显
215415,3416,吴朝晖,2025-02-26 03:54:26,4,4,0,您还是回来吧
215435,3416,吴朝晖,2025-02-26 06:05:29,1,1,0,想你了zhgg
215518,3416,吴朝晖,2025-02-27 14:55:11,-75,18,93,你看，又开始给他招魂了\n\n如果下一届校长搞点什么事，djf也会被洗白\n\n浙大的学生配得上自己的校长
215571,3416,吴朝晖,2025-02-28 15:26:27,45,45,0,朝晖走后，人们会怀念起浙大校长还在浙大的日子，怀念起浙大要稳坐第三的势头，怀念起那个被雨打断了一切的开学典礼。这不是因为朝晖走了，而是因为杜江峰来了
215984,3416,吴朝晖,2025-03-08 17:58:07,27,27,0,如果时间回到那个午后，那节闷热的计算机组成课上，我想多抬头看看你。
216190,3416,吴朝晖,2025-03-12 05:36:28,21,21,0,一抹朝晖掩江峰
216446,3416,吴朝晖,2025-03-16 14:28:19,0,3,3,盲审罪人
216581,3416,吴朝晖,2025-03-19 01:50:29,10,11,1,盲审制度有问题，但整体也是好的吧。t2有些博论真的不忍直视让人无语，近几年浙大我们专业的博论辣眼睛的已经绝迹。
216906,3416,吴朝晖,2025-03-28 16:02:18,7,7,0,想你了，牢吴
217005,3416,吴朝晖,2025-03-31 08:23:03,22,22,0,有功有过，但不可否认他在的期间浙大是在迅速发展的
217028,3416,吴朝晖,2025-03-31 12:48:23,5,6,1,还是朝晖gg好
217568,3416,吴朝晖,2025-04-13 11:21:59,4,5,1,招魂那位是校外不明人士吧？怎么牢杜那也有似乎也有你唱反调装理中客呢？在这里阴阳怪气损的阴德早晚反噬到自己身上哈。没有任何依据的嘴贱显不了你聪明，只能让明是非的人觉得你又蠢又坏。
217759,3416,吴朝晖,2025-04-16 06:15:19,7,7,0,ph一下，没必要扣
217889,3416,吴朝晖,2025-04-17 14:01:04,17,17,0,牢吴，我们错了
218571,3416,吴朝晖,2025-04-24 16:07:17,12,12,0,校长啊，您的遗产快被毁光了
218605,3416,吴朝晖,2025-04-26 05:52:14,4,4,0,黑子说话
218679,3416,吴朝晖,2025-04-28 16:22:20,6,6,0,怀念吴朝晖时代
218730,3416,吴朝晖,2025-04-30 12:37:24,37,39,2,现在你们知道吴朝晖好了吧，\n\n他在的最后几年学生在査老师把他骂成什么样了，可以说是各种侮辱性、贬损性言辞都出来了，他照样不封査老师；\n\n98、朵朵上所有讨论他的帖子，就算是骂他的，都不会被锁沉或是禁止热门；\n\n疫情前就十分先见地在全国高校率先推出了智云课堂\n\n3年疫情期间顶住政治压力最大程度保证学生人身自由，3年时间只因为校内疫情封了短短2周左右，可以说在全国高校中采取最人性化的措施......\n\n桩桩件件，可惜你们身在福中不知福。
218944,3416,吴朝晖,2025-05-14 06:01:42,2,3,1,好好好
219598,3416,吴朝晖,2025-05-31 07:25:53,3,3,0,错哥，我们晖了😭
219656,3416,吴朝晖,2025-06-03 10:53:09,0,0,0,最平衡的一集
219978,3416,吴朝晖,2025-06-13 04:04:54,0,0,0,...
221074,3416,吴朝晖,2025-06-21 06:33:14,0,0,0,功大于过
159882,5264,来茂德,2022-09-07 15:45:51,-9,2,11,没分挺可怜的，打个一分吧
170128,5264,来茂德,2023-03-01 12:19:50,0,1,1,我也来
170407,5264,来茂德,2023-03-04 02:00:14,2,3,1,药大校长
173387,5264,来茂德,2023-05-22 16:18:03,1,1,0,我也来！
190462,5264,来茂德,2024-03-05 02:48:26,0,0,0,hedgehog
191115,5264,来茂德,2024-04-05 02:00:04,2,2,0,是真正做学问的好老师
193353,5264,来茂德,2024-06-07 02:40:36,1,1,0,是值得每节各论都听的好老师
196174,5264,来茂德,2024-07-02 03:53:04,1,1,0,在大学遇到来茂德教授真的很幸运！一等一的有学问有担当的老师！
178900,10180,杜江峰,2023-07-30 03:00:54,12,21,9,沙发～
178940,10180,杜江峰,2023-08-02 20:48:48,-9,4,13,三个字哦:(
178955,10180,杜江峰,2023-08-05 08:26:59,26,177,151,就凭不念校长办公室写的裹脚布致辞这一点，jfgg已经薄纱很多领导了
178968,10180,杜江峰,2023-08-09 01:49:11,-11,9,20,cy，继续观察
179031,10180,杜江峰,2023-08-23 07:59:23,6,13,7,原来杜校长已经有査老师了o(╥﹏╥)o继续观察观察吧
179044,10180,杜江峰,2023-08-24 10:33:01,182,226,44,我是一只杜江蜂🐝，嗡嗡嗡嗡嗡～
179046,10180,杜江峰,2023-08-24 15:24:42,69,99,30,恳求校长改变学校当下求仕创薪的不良风气
179047,10180,杜江峰,2023-08-25 12:29:43,-7,5,12,前排留名
179052,10180,杜江峰,2023-08-26 06:54:12,785,865,80,恳求杜校长参与改革不合理的思政素质评议制度\n\n1.取消正态在此项评议上的应用，不控制优秀率\n\n2.班团评议（尤其大一），大一的大类班很大一部分只有行政能力，凝聚力并不强，通常不具备评价同学的能力，如果不是班团干部，很大一部分同学都有可能不认识。\n\n3.综素分一项，不要保留最高分比值记分，否则评奖评优者之间很有可能严重内卷恶竞，进而影响其他正常同学的得分水平如此无异于在班级内制造仇恨与混乱\n\n以上是我对思政素质评议的一点思考
179130,10180,杜江峰,2023-08-28 08:23:54,-44,6,50,看好新校长，比较务实
179137,10180,杜江峰,2023-08-28 16:18:14,17,257,240,脱下雨衣的那一刻，你就是神！
179139,10180,杜江峰,2023-08-28 12:30:22,26,130,104,23届开学典礼，淋雨讲话。典礼全程40分钟。收买我成功了
179140,10180,杜江峰,2023-08-28 12:35:48,6,78,72,和新生一起淋雨，不失为一种风采。
179145,10180,杜江峰,2023-08-28 13:49:35,2,49,47,真正能体谅学生的校长，提前结束大雨中的开学典礼
179146,10180,杜江峰,2023-08-28 13:49:37,-18,16,34,真正能体谅学生的校长，提前结束大雨中的开学典礼
179149,10180,杜江峰,2023-08-28 15:59:46,-42,7,49,脱雨衣真的泪目了
179152,10180,杜江峰,2023-08-29 00:51:51,2,31,29,脱下雨衣的身姿，宛如将军卸甲！
179156,10180,杜江峰,2023-08-29 02:42:33,-40,20,60,现在是2023年8月29日，昨天刚刚结束23级开学典礼，21级玉泉人看到学弟学妹的开学典礼复刻了当年的倾盆大雨，祝福他们的大学生活也跟这大雨一样轰轰烈烈吧！\n\ndjf校长有zhgg遗风，都是体恤学生的样子(目前看来)，平时在校园巡视也很有亲和力，看好峰峰老师嘿嘿嘿
179162,10180,杜江峰,2023-08-29 04:16:37,18,67,49,先10分\n\n留院观察
179171,10180,杜江峰,2023-08-29 06:41:27,-35,5,40,很有风采 而且很务实，相信杜校！
179184,10180,杜江峰,2023-08-29 12:00:29,-51,5,56,非常好
179185,10180,杜江峰,2023-09-14 03:02:45,10,16,6,看看盲审、宿管好吗
179208,10180,杜江峰,2023-08-30 10:55:22,-10,2,12,泰裤辣
179209,10180,杜江峰,2023-08-30 11:06:33,-24,3,27,先给个10分
179210,10180,杜江峰,2023-08-30 11:39:34,-17,6,23,看好你！脱下雨衣是一种风度
179211,10180,杜江峰,2023-08-30 11:58:37,-10,3,13,脱雨衣
179212,10180,杜江峰,2023-08-30 12:05:16,-27,3,30,是真正的好校长
179213,10180,杜江峰,2023-08-30 12:15:29,25,48,23,文科怎么你了🥲
179214,10180,杜江峰,2023-08-30 12:43:37,-26,3,29,校长很亲民务实，有个人魅力
179215,10180,杜江峰,2023-08-30 12:47:07,-46,4,50,好好好，感觉没什么架子，对学生也挺好，观察一下
179216,10180,杜江峰,2023-08-30 15:15:46,-30,3,33,真男人！！！
179217,10180,杜江峰,2023-08-30 15:16:35,-60,5,65,听了两次讲座，可以知道是个很务实的校长，也很贴近民生，好好好！
179218,10180,杜江峰,2023-08-30 15:19:49,19,93,74,杜校长是真的把我震撼到了，明明新生开学典礼已经激起众怒了，然后我们淋在雨里，其实当时看着领导们穿着雨衣，心里多少有点感觉。但是杜校长冒着大雨，脱下雨衣的那一刻，我相信，所有的掌声都发自真心，而非临场应付。杜校长其实真的是给我们新生上了一课
179219,10180,杜江峰,2023-08-30 17:14:56,-27,3,30,十分求是，重视创新，体察民情
179246,10180,杜江峰,2023-09-03 10:10:31,60,78,18,跪求校长改革不合理盲审制度
179322,10180,杜江峰,2023-09-10 11:47:37,4,7,3,呵呵呵呵
179341,10180,杜江峰,2023-09-12 05:33:46,-5,10,15,杜校长的开学时的科学技术的报告会简直精彩至极
179398,10180,杜江峰,2023-09-14 11:11:20,-2,1,3,👀👀👀
179406,10180,杜江峰,2023-09-14 13:50:10,-6,11,17,先打好评，从军训的评定看出已经有所改变了
179451,10180,杜江峰,2023-09-16 05:06:33,-25,4,29,先给10分，应该是个务实的校长
179653,10180,杜江峰,2023-09-19 06:19:16,-21,5,26,杜校长能站在一个宏大的角度看问题，是真英雄，我很敬佩
179737,10180,杜江峰,2023-09-19 15:45:47,-22,2,24,好和蔼
180114,10180,杜江峰,2023-09-20 10:17:34,-17,3,20,niubi
180153,10180,杜江峰,2023-09-20 11:42:55,-21,2,23,好好好
180169,10180,杜江峰,2023-09-20 13:16:21,43,58,15,要是想办法把渣导全解决了，我愿称您为伟人
180172,10180,杜江峰,2023-09-20 12:49:06,11,36,25,军训时慰问我们，说“我不辛苦，辛苦的是太阳下的你们。”讲话简短，处处为学生着想
180173,10180,杜江峰,2023-09-20 12:51:07,-7,1,8,kamisama
180174,10180,杜江峰,2023-09-20 12:54:12,1,4,3,看好杜校长，留院观察中
180319,10180,杜江峰,2023-09-21 05:36:53,-10,2,12,名士风范
180322,10180,杜江峰,2023-09-21 05:43:38,-18,6,24,很质朴的老师，是想象当中的校长的样子。
180412,10180,杜江峰,2023-09-21 13:00:20,30,43,13,渣导，保研率，盲审问题看您了
180686,10180,杜江峰,2023-09-25 01:34:56,56,65,9,正太，盲审，后勤
180741,10180,杜江峰,2023-09-25 14:19:13,10,14,4,我只觉得一般
180749,10180,杜江峰,2023-09-25 16:58:17,-15,1,16,好好好～
180989,10180,杜江峰,2023-09-30 16:32:30,60,72,12,要不等这些问题能解决了再来刷好评吧\n\n目前没有感觉到什么改变的痕迹，唉
181029,10180,杜江峰,2023-10-06 04:43:35,25,29,4,您和李勇什么关系
181147,10180,杜江峰,2023-10-10 04:55:22,24,34,10,解决盲审，您就是伟人了
181596,10180,杜江峰,2023-10-24 02:42:24,23,27,4,jfgg取消正态好不好
181833,10180,杜江峰,2023-11-02 03:16:28,-14,1,15,哦哦哦哦哦哦
182016,10180,杜江峰,2023-11-08 05:48:09,26,32,6,一年了啥都没变
182177,10180,杜江峰,2023-11-11 12:58:21,-20,3,23,好好好
182825,10180,杜江峰,2023-11-20 13:08:28,-48,7,55,先生大义
184100,10180,杜江峰,2023-12-11 13:09:58,1726,1896,170,一年过去了，不仅我浙学生长期诟病的盲审、正态、后勤、导学关系等问题丝毫不见改善（甚至局部有恶化），\n\n而且一年来其政绩平平、碌碌无为，上任一年，也未见其有明确可行的施政纲领。\n\n杜校与同期上任的武大校长张平文、东南校长黄如的工作成效形成鲜明对比，甚至完全比不上其前任（吴）。（可见https://netbig.top/forum.php?mod=viewthread&tid=45804&extra=&highlight=浙大&page=1）\n\n当然一年的时间太短，上述方面需要拉长时间维度方能评判，当然希望是误判。\n\n但没有疑问的是，杜校经常回到科大，98、朵朵上有多人撞见其在科大出现（https://www.cc98.org/topic/5770755），也多次以科大教授的身份发文；作为科大出来的物理学家，一年以来也并未见其为浙大引进什么科大的大牛以振兴浙大理科。\n\n此外，作为浙江大学校长，竟然跑去科大以科大实验室主任的身份向安徽省委书记报告工作（https://www.netbig.top/thread-28350-1-1.html），这不奇怪吗？简直是掉浙大的份，身在曹营心在汉！\n\n当然，理论上来说行政关系和学术关系确实可以分开，比如吴朝晖的学术团队还在浙大，但科技部和浙大没有竞争关系，而科大和浙大却有！扪心自问，一所巨无霸大学的校长在忙于本校行政事务的同时，居然还有这么多时间和精力频繁到别的学校搞学术科研，东食西宿、两头通吃，究竟把哪所学校放在第一位？连最基本的竞业禁止的职业道德和素养都不要了吗？\n\n杜校的母校虽是科大，但毕竟身为浙大校长，担负着沉甸甸的责任，杜校任职一年来交出这样的答卷，对得起浙大人的期望吗？\n\n以上只是一位深爱浙大的校友的感慨，人微言轻，只是发发牢骚。只是真诚希望杜校真心为浙大，也希望几年以后回过头来看真的是我多虑了......
184137,10180,杜江峰,2023-12-10 16:58:37,0,45,45,楼下这话说的，杜是中科院院士，大组团队都在科大，在科大发论文也没什么不妥，吴校长的团队现在还在浙大发脑机呢；至于一年来的硬指标，你可真牛逼一年就能看出东西来，学术哪里是一年就能搞定的？比如说你说的院士数，这是人家四十年的积累，和刚来一年的杜关系很大？今年院士只有两个是因为浙大小年，21年上太多了今年确实只有包和王可以上，还是要有耐心继续等
184146,10180,杜江峰,2023-12-11 05:05:58,51,55,4,平平无奇，碌碌无为
185000,10180,杜江峰,2023-12-25 09:30:57,-3,2,5,666
185508,10180,杜江峰,2024-01-01 05:07:58,-4,4,8,好🥁
185516,10180,杜江峰,2024-01-01 11:52:54,-78,8,86,神中神
185543,10180,杜江峰,2024-01-02 08:58:19,38,71,33,讲讲自己的感受吧\n\n杜校来到浙大时间非常特殊，正好是疫情放开、银泉那一片建成的一年，他面临着校园开放、如何处理因理学部和部分工科搬入后逐渐臃肿的紫金港所带来的一系列问题，以及吴校所遗留下如盲审等历史难题。遗憾的是，在这短短的一年我们没有看到太多改变，反而更多看到的是这些问题所带来一系列愈演愈烈的麻烦。尽管一年里杜校无法做出太多的事情，但我们也不清楚是杜校受学校体制而无法大施拳脚还是其治校水平如此。\n\n但能肯定的是杜校在浙大这段时日里的行为确确实实展现了出他是一名关心学生的学者，没有过多的官僚架子，作为一个热爱浙大的学子，我衷心地希望学校能越来越好
185721,10180,杜江峰,2024-01-04 01:33:12,19,34,15,zjg正在慢慢地燃烧，就看看jf能不能当救火队长了
185859,10180,杜江峰,2024-01-05 03:49:19,33,46,13,昨天上课得知，已经有很多课程取消正态了！（但很多助教还不知道）大家记得和老师提一下
189360,10180,杜江峰,2024-01-23 11:30:02,167,190,23,除了建议杜校长取消思政评级制度外（前面有人已经发了一连串原因了），这里也建议杜校长取消体测不良好评奖评优一刀切的政策！身体素质有些人天生就好，有些人天生就不太行，有些并不是能通过锻炼锻炼出来的......比如本人成绩专业第一，也坚持每天体育锻炼了，我个人觉得我自己问心无愧，但体测没良好无缘国奖一奖，这真不是我不努力啊，身体素质不好我能有什么办法...
190034,10180,杜江峰,2024-02-11 04:19:55,4,14,10,8分，留院观察
190568,10180,杜江峰,2024-03-08 16:12:31,-21,5,26,很亲民
191417,10180,杜江峰,2024-04-21 04:17:26,259,273,14,杜校长接受学生采访当然是好事，但是个人认为对此事的处理有点太高调了：\n\n花一两个小时时间和学生聊天至于上浙大官微、人民日报官微这样大肆宣扬吗\n\n不希望浙大向武大这样的网红学校方向发展，天天搞炒作，还是应该秉持求是校风，求真务实、踏踏实实地谋发展。\n\n另外，有这个闲工夫，建议解决一下以下事项：\n\n1.改革不合理盲审制度；2.以校内师生为中心，加强对入校游客管理；3.作为一校行政机关的最高长官，对下级部门随意乱出政策损害学生正当权益的行为不能视而不见，比如SB信息中心不干人事搞出的VPN限额充值政策。这些事情难道校长一概不知、一概不管？\n\n解决好这些事情、真正为师生着想，校长天天上《人日》我也没意见，不然，天天整那些虚的有毛用，天天吹嘘自己如何如何也没人当真。
191959,10180,杜江峰,2024-05-08 03:25:02,2,6,4,👀👀👀
192401,10180,杜江峰,2024-05-17 15:20:08,2,7,5,👀👀👀
192895,10180,杜江峰,2024-05-31 10:49:54,2,6,4,👀👀👀
193915,10180,杜江峰,2024-06-20 16:09:14,6,9,3,一般般
194478,10180,杜江峰,2024-06-30 08:04:54,502,519,17,2023.12.11有校友评论道 杜校长身在浙大心在科大，任内平庸无为，并且特别注明希望误判、多虑了。\n\n2024.6.24 我们来看看浙大近两年的成绩：院士评选 科学院2人、工程院0，近年来最差；2023年国家科技奖浙大申报36项，初评5项，终评2项（无一等奖），排名在全国高校15位开外。纵向看这个成绩2008年以来最差，横向看获奖率全国倒数第一。院士增选和科技奖结果将对浙大第六轮学科评估造成极大极坏的影响。\n\n大家都说朝晖不是人，但他任内浙大各项指标呈井喷式发展。至于杜，对盲审等学生诟病之处未改革也就算了，在各种核心指标上浙大节节败退，这样岂不是连朝晖都不如？唯一成功的是在本科生面前扮演出亲民、没有架子的样子，但这样建议去做辅导员，做校长，恐难以胜任。\n\nPS：①【https://aiqicha.baidu.com/detail/compinfo?pid=22592162188412&rq=es&pd=ee&from=ps&query=国仪量子】看一下杜校在合肥国仪量子的股份，都是千万富翁了，真是官商两开花\n\n②《浙江大学党委领导下的校长负责制实施办法（党委发〔2020〕1号）》第21条：“学校党委书记和校长应在领导班子能力建设中充分发挥模范带头作用。学校领导干部应认真履职尽责，正确处理领导管理工作和个人学术研究的关系，确保有足够的时间和主要精力投入学校管理工作，党委书记和校长一般不担任科研项目主要负责人。”[http://10.203.3.207:8080/xwfw/gfxwj/tpl/template-1/info.html?id=2755&list=gfxwj&context=&style=]遑论别校的科研项目！
194591,10180,杜江峰,2024-06-24 13:32:48,224,233,9,正如前面的朋友说的，不仅没引进点科大的人才来振兴理科，还一直打压文科，这就是综合性院校的发展策略吗......校长只亲民真的没有用，更重要的是能力，不如真的关注一下学校的发展，感觉zhgg在任的几年真的把浙大总体的知名度、水平提高了不少，人才也引进了不少，然后jfgg来的这一年，感觉你浙直接变成网红院校了，但是学术水平，以及各方面管理真的没什么提升。
194603,10180,杜江峰,2024-06-24 14:17:50,9,19,10,浙大目前的不合理之处还是太多了。不是杜校目前的无为可以改善的。
194604,10180,杜江峰,2024-06-24 14:23:48,-2,5,7,暂时保持中立
194608,10180,杜江峰,2024-06-24 14:42:43,12,13,1,感觉没什么用。
194810,10180,杜江峰,2024-06-25 13:29:26,137,154,17,毕业典礼上的瓢泼大雨是2024届全体毕业生的泪水，历史会永远记住这一天，此次事件的始作俑者终有一天会被挂死在路灯上。
194828,10180,杜江峰,2024-06-25 14:28:20,132,142,10,杜校长，麻烦你努力，浙大最近下滑太厉害了，不要身在浙大心在科大。
195054,10180,杜江峰,2024-06-26 14:03:46,-9,11,20,浙大薛其坤
195194,10180,杜江峰,2024-06-27 06:02:24,148,156,8,改学位授予仪式，抄科大，扯大旗，淋大雨，好大喜功。原来逐排上台拍照多好，现在这样乱糟糟拨一通，没劲。
195563,10180,杜江峰,2024-06-28 19:19:37,68,72,4,快快努力的，浙大不能被上海高校甩开
195983,10180,杜江峰,2024-07-01 04:00:35,166,174,8,虽然人们骂wzh如何如何，但是他至少改革了洪浩之志搞出来的离谱正态，也让浙大的综合水平上升了一个层次，反观djf，来了之后好像未做实事，感受不到这个校长给浙大带来了什么好的影响
197167,10180,杜江峰,2024-07-08 10:48:12,32,38,6,恢复四分制，取消三分一档，废除思政正太！
197815,10180,杜江峰,2024-08-15 06:49:05,374,401,27,不得不讲，许多同学还是太单纯了，仅仅几句话就收买了人心，对于实际的工作却视而不见，浙大现在有种盛极而衰的趋势，杜是典型的江湖烂好人，要成绩没成绩，就讲几句假大空的话博得一片好评
197997,10180,杜江峰,2024-08-23 04:23:49,4,6,2,废正太，强行内卷
198009,10180,杜江峰,2024-08-23 13:24:44,5,8,3,完全不能了解学生意愿的老师不算好校长～
198013,10180,杜江峰,2024-08-23 14:50:58,9,13,4,拖堂。讲话油抽油肠。蜜汁自信只属于你
198036,10180,杜江峰,2024-08-26 07:50:17,26,29,3,开学典礼讲话太久，一直不结束，等的太难过了，下一届学弟学妹们避雷了
198302,10180,杜江峰,2024-09-06 09:26:44,22,25,3,开学典礼搞长时间讲话，一方面说体谅军训新生的疲倦一方面又拖了好久。\n\n能不能求是？
198319,10180,杜江峰,2024-09-11 21:11:50,390,400,10,浙江大学和中科大不同，不是可以单独靠理科发展的大学，而是综合性大学，也是浙江这一全国生源质量第一省唯一985，211，承载的使命完全不同，这决定了浙大理工农医社科人文都要强，否则完全对不起全省的大力扶持和国内顶尖国际化一流大学的定位。朝晖任校长8年虽然校内反映的问题很多，但是浙大的的确确是朝着综合性大学发展的，从第五轮学科评估和各项国际排名，人才引进，院士杰青优青教育部科研成果奖（自然科学/人文社科）来看浙大的数据都是井喷式上升，综合实力甚至超越复旦交大。然而杜校上任快两年没看出突出浙大综合性大学的优势，各项指标停滞不前，没看出理科人才引进相比朝晖任内有什么突破，前些年大力复兴的文科第五轮学科评估刚取得不错的成绩这两年就不怎么提了，传统强项工科的数据居然也下滑。现在华东五校的竞争无比激烈，复旦交大本来就有地理位置优势，南大建了苏州校区规模也扩大不少，感觉杜校没有全身心投入到浙大的建设中，反而为中科大乃至安徽省的项目操心不少，这样下去，浙大持续了十几年的上升势头恐怕会逆转，前途堪忧！\n\n另外，这两年很多学科建设，人才引进会议都是任书记和副校长在支撑，杜校在合肥见安徽领导以及在无锡搞回高中母校的活动倒是不少，让人不解
198356,10180,杜江峰,2024-12-25 00:46:18,852,901,49,12.25\n\n（不是哥们，我评论这么受欢迎的吗，怎么还有copy我评论的😂）\n\n        不发展学校综合实力，净整些没用的破幌子❗️❗️❗️不仅如此，这个泌阳的还出尔反尔、说话不算数，刚开学给竺院讲话的时候先说想让大家早点结束这玩意，多休息一会，结果自己跟个人机一样在哪哔哔了俩小时。这就算了，但这东西还跟戴着痛苦面具一样，好像是我们逼他参加，逼他念了俩小时似的。这一眼就知道淋雨那事是装模作样+蓄意炒作，渡江🐝你真是心机boy啊，想笼络人心是吧，那你还是觉得我们太好骗了，不会是你评上个院士，我们都不是院士，你就看我们都跟看蠢猪一样了吧？你讲个破壁话装模作样就算了，在校长的职位上也是一样，爬上来这几年招进什么大牛我反正是不知道🤷‍♂️，文科本来发展前景还不错，你个byd上来给文科干哪去了？虽然逆蝶我不是学文科而是学理科的，但说实话我感觉我们这发展状况也十分堪忧，这么多人就没几个说我们这个学院好的，反而很多人骂烂老师多。给学校干成这样，你个煞笔也真是功不可没。之前的傻逼思政制度不废除，重要会议倒没少逃，就这你都逃会了还指望着学生不逃课？做梦呢。糟老头子赶紧下课吧，老子不想看着老子上的中学和大学一起日渐衰落。\n\n马勒戈壁的故意搞坏浙大，㊗️好4️⃣\n\n😅😅😅😅😅\n\n本来到上面就算了，毕竟这货天天装4️⃣后来也就没什么消息了，后来这个署名发论文然后还出来解释的事真是让我破大防😡，不是哥们，中秋调休、北教做❤️、智云坠机、云顶山泉、食堂蟑螂、资助造假、学术继承、经院诈骗的时候你都躺棺材里睡觉去了是吧，这些和浙大学生密切相关然后影响不到你的事面前，你个孙子当缩头乌龟🐢，发论文这事扯上你了，你就赶紧跑出来解释，恶心不恶心啊？你要是这德行我感觉你适合干的也就是当一辈子牛马了。
198409,10180,杜江峰,2024-09-08 15:10:39,18,22,4,讲座一堆废话
198417,10180,杜江峰,2024-09-08 23:34:56,10,13,3,讲座非常助眠，要是椅子再舒服一点就更好了
198418,10180,杜江峰,2024-09-08 23:57:23,16,19,3,烂完了
198520,10180,杜江峰,2024-09-09 11:50:28,21,23,2,建议好好改改教务系统让我们都能选上想选的课
198641,10180,杜江峰,2024-09-10 09:58:19,23,25,2,Sb（一化学元素）
198812,10180,杜江峰,2024-09-12 01:49:18,3,4,1,cs2（）
199042,10180,杜江峰,2024-11-18 02:13:38,44,47,3,烂得要死😫能不能滚出浙大
199143,10180,杜江峰,2024-09-18 06:32:19,29,38,9,甚至还不如wzh吧😅
199264,10180,杜江峰,2024-09-20 06:01:07,124,128,4,唉，浙大这样的巨无霸大学，高等教育的航空母舰经不起怠慢和折腾！竺可桢，路甬祥，杨卫，吴朝晖，哪个不是全身心投入？再看看现任，感觉对浙大没有应有的感情和态度
199331,10180,杜江峰,2024-09-21 06:45:05,22,24,2,尸位素餐
199389,10180,杜江峰,2024-09-23 00:14:30,13,13,0,😅😅😅
199528,10180,杜江峰,2024-09-25 03:00:46,16,19,3,不懂为什么这么高分，改革盲审为学校发展做点实事了再改了
199781,10180,杜江峰,2024-09-29 16:51:20,27,28,1,回ustc吧
199833,10180,杜江峰,2024-10-01 07:14:42,240,246,6,事实证明不能让一个之前完全与浙大无关的人当校长
199846,10180,杜江峰,2024-10-03 13:56:41,53,53,0,下面的，wzh怎么你了，浙大历任校长里无论是从社会角度还是校友角度wzh都能排第三
199853,10180,杜江峰,2024-10-04 10:46:26,31,33,2,人家都说头发长见识短，咱老杜是反过来，头发短见识更短，尸位素餐，也不知道怎么混到现在的。要是浙大都是这样的老师哥们还不如去上家门口的技校呢
199856,10180,杜江峰,2024-10-09 06:05:24,26,28,2,近40年来浙大最没有作为的校长之一，比他成绩更差的只有林建华了吧
199880,10180,杜江峰,2024-12-05 23:19:20,600,636,36,先引用20年年底wzh评论区里的一则评论\n\n1.学校的校历越来越离谱了。这学期国庆节的几个公休日居然都要凑成一个补课周，往年这是没有的。这就导致整个长学期长达20周，比北大复旦交大科大等学校多了足足半个月！\n\n2.竺院现在越来越封闭了。现在国家层面都提倡区域一体化，统一大市场，拆除人为设置的壁垒，促进人员信息等要素自由流动，浙大竺院却反其道而行之，在一个大学里什么课程都要人为设置壁垒，宿舍还搬到大西区自成系统，要知道任何新的改革一旦走向封闭必然失败，一个人为设置的垄断肯定是没竞争力的。\n\n3.风气仍然很浮躁，激励机制有严重问题。这个就不多说了，已经人尽皆知了。\n\n那我们来看现在有什么改动\n\n校历依然很离谱，这学期中秋节的两个公休日都要调休，这在以前是没有的，加上国庆校运会等等一堆调休，这样下来，整个秋学期几乎没有一个可以正常双休的周末。竺院行政依然是非常腊鸡，还有壁垒多的越来越离谱了，除了宿舍是个壁垒，课程从思政体育大英到数理计算机，全都是满满当当的壁垒。很多求科班和强基班专业课甚至都一堆壁垒，比如化学，普通班和竺院班只有选修课和物理化学是一样的，这几种问题共同叠加导致了如果没有化学系学生会这种院系级组织，化学基地班和竺院班同学几乎处于相互独立的状态，更别提互相认识。另外混合班各种机制改革乱的一批，人社班人文专业微积分线代都要有，朵朵上有人发个“是否留在竺院混合班”的帖子，四分之三的人都在劝退，足以说明这个“荣誉学院”“人上人学院”现在有多不得人心！\n\n激励机制，还是各种老样子，思政优秀良好比率都在卡，逆天至极，今年我亲眼见到专业内一堆大佬，因为活动纪实的额外工作做的不多，思政只有合格，班级评议都救不回来！恕我直言，现在评奖评优的激励机制纯纯的畜生，真的是有大病\n\n如此可见，牢杜对待wzh留下来的弊病，不但不予纠偏，反而听之任之，他校长到底当的行不行，都不是打个问号的事了，已经该打叉了
200008,10180,杜江峰,2024-10-11 05:59:02,150,151,1,1977年恢复高考以来，最差的校长！\n\n不引进理科人才，还砍文科经费，各项核心指标倒退，毫无大局观，国际视野，教育理念，跟前任们比连提鞋都不配，你有何脸面坐在浙大校长的位子上？\n\n已毕业在国外读博的老学长庆幸录取通知书和毕业证上是吴朝晖，而不是你的名字！
200041,10180,杜江峰,2024-10-11 14:19:15,90,95,5,本人仅陈述事实：9月27日，证监会官网公告显示，合肥国仪量子于安徽证监局进行首次公开发行股票并上市辅导备案登记，估值达72亿人民币。中国科学院院士杜江峰是国仪量子第二大股东，直接持有的该公司股份分别为14.7493%。
200047,10180,杜江峰,2024-10-12 01:42:06,34,38,4,别调休了行吗，九月十月你看看有一个正常周吗？就缺这几天了是吧
200094,10180,杜江峰,2024-10-15 03:23:35,86,88,2,对高等教育的认知落后国内外顶尖大学校长一代人都不止，连武大校长都比他强多了。除了自己管理科大的经验外对国内外潮流没有任何把握，除了自己专业的领域外不了解也不愿意了解其他学科的发展客观规律，充满了敷衍，傲慢与偏见。\n\n这样的认知对于管理综合性大学来说是灾难，说是最差的校长毫不为过。既然这么勉为其难，为何不回科大，回安徽做你的实验室主任？\n\n说得刻薄一点，如果林建华是1.02分，这位最多1.01分。和林建华一样，对浙大毫无感情，学科建设比林建华更差，德不配位的典范。\n\n杜江峰，下台！
200095,10180,杜江峰,2024-11-24 01:26:30,1151,1202,51,胡乱搞学科建设，昏庸专断，按照自己的臆想指手画脚。2024年了还搞文理对立，结果文理都搞得一塌糊涂。我们来和吴朝晖的成绩做一个惊人的对比。自杜江峰上任以来，不仅国家科技奖，院士增选和人才引进创20年最差成绩，理科发展势头出现瞠目结舌的倒退（著名的数学高等研究院和大量引进的全球顶尖理科人才都是吴朝晖搞的，第五轮学科评估从上一轮A-直接变成A+。当时从欧美亚世界各地挖了这么多人，现在却又不认真投入，难道不是耽误这些人才的前程吗，以后你再让顶尖的海外华人回国，谁还愿意来），吴那时候浙大每年的经费不如现在多，都能全力投入大手笔引进人才，自己亲自去挖人亲自参与三大奖答辩。现在这么多钱都到哪去了？就怕是借着浙大基础交叉研究院的壳为自己在科大的项目和在合肥的公司谋利吧。此外杜还公开宣称要把浙大文科砍到只剩一个学院的体量，大肆减少文科经费，挤压文史哲等基础学科，还妄图把吴校长任期内文科空前引进人才的成果废除，在浙大总经费并没有下降的情况下简直匪夷所思（当时吴校引进了大量文科领域国内乃至亚洲领军人物和海归/清北毕业的年轻高材生，光是文科资深教授就引进了十多位，涵盖了文史哲经管法所有学科，社会学全球知名学者赵鼎新也是吴校引进的，人文高等研究院、艺术与考古博物馆也是吴校当时力排众议决定花重金投入的，第五轮学科评估浙大文科是全国进步最大的之一，光是社科学部就有3个A+和5个A），自杜上任以来浙大没有引进任何一位文科资深教授，也不认真对待以及从内心里尊重这些吴校引进的教授，反而采取消极怠慢打压的态度，让文科发展势头也变成了20年最差。不把浙大当成综合性大学发展，只会抄科大那套，还是个落后版的科大。这样下去浙大综合实力很快就要从争夺华五第一变成华五垫底了。总之，把浙大害惨了，杜江峰从态度、能力、成绩，是全方位的不及格，哪怕是让他干一个分管理科的副校长都是不及格。合理怀疑其有故意打压浙大的私心
200100,10180,杜江峰,2024-10-13 04:21:40,62,65,3,工作能力方面或许还可以见仁见智，但工作态度、职业道德方面的问题确是有目共睹：身为浙大校长还频繁跑去科大实验室+兼任着一家即将上市的、具有浓厚科大背景的、估值达72亿公司的第二大股东，用社会一般人的朴素的道德观念，这也绝对是令人瞠目结舌。
200108,10180,杜江峰,2024-10-13 07:47:53,23,23,0,不是，别说文学院了，物理学院也坑啊，原来量子精密测量研究院和物理学院是分立的啊，还挖人
200177,10180,杜江峰,2024-10-14 12:52:42,7,10,3,平衡之前的评分
200181,10180,杜江峰,2024-10-24 10:37:21,119,124,5,杜也是好起来了呢，评分越来越低了呢！
200208,10180,杜江峰,2024-10-15 02:05:38,55,56,1,杜江峰，下台！
200309,10180,杜江峰,2024-10-22 08:16:45,199,203,4,看到下面的评论感慨万分，就说一件事情吧。关于对基础学科的认识，他跟吴朝晖简直是天差地别。吴2015年一上任就发布了全面振兴浙大基础学科的纲领，包括数理化生，文史哲社会学，然后亲自在全国乃至全球范围内挖人，重金投入，在基础学科的科研氛围上也是下足了功夫，从数学高等研究院，人文高等研究院的建设中都能看出来，这是当时浙大从工农见长往文理全面发展的重要一步。吴在调研各个学院的时候也是和教授们打成一片。吴任内浙大学科实力突飞猛进，数学等理科直接冲进全国第一梯队，教育部文科最高科研奖项以及社科类学科评估总体成绩连续两届超过传统文科强校南京大学。再来看杜，两年内尸位素餐，完全不发展综合实力，没有纲领没有规划，基础学科人才引进零进展，然后在媒体上不断炒作所谓基础交叉研究院，往里面塞满自己的派系，把基础学科和应用学科混在一起，颇有做网红炒作合肥国仪量子上市的作风。两年内去各个学院调研的次数比回科大的次数还少，调研的时候也跟官僚训话一样高高在上，学院领导层的任命也是胡乱折腾，今年赵鼎新被逼辞职就是一例。很客观地说，杜是浙大发展中很大的阻力，是一个为浙大声誉持续贡献负能量的人，不知道为什么没有人约束他的权力\n\n又看了评论说杜很多重要活动例如上级视察，校友联络国际合作教师座谈学科建设工作都缺席，这两年是常态吧。最近估计正忙着科大的合肥国仪量子上市的事情吧，呵呵
200317,10180,杜江峰,2024-12-01 11:13:41,19,103,84,你什么时候滚啊
200332,10180,杜江峰,2024-10-16 04:45:28,4,7,3,感觉啥也没变，依然很糟糕
200441,10180,杜江峰,2024-10-17 05:01:42,22,23,1,牢杜你先去抄五百遍浙大校歌
200509,10180,杜江峰,2024-10-18 03:07:13,54,55,1,说实话杜校长来的这段时间浙大各方面的数据都没有明显提升，希望真的不是把浙大当作镀金的跳板吧。没见过做过什么实事。光平易近人有什么用？重要地是把手底下的人管好让学校变好啊，我文科的，我感觉这两年学校不怎么提发展文科了。。明明大一进来时候还是能感受到重视的。总而言之就是不知道在干啥，总是见少波在干事去各种地方交流沟通。
200521,10180,杜江峰,2024-11-28 02:26:14,24,26,2,有目共睹…..
200523,10180,杜江峰,2024-10-18 06:31:50,1,2,1,。。。
200558,10180,杜江峰,2024-10-19 04:01:20,270,275,5,就拿最近一周为例，来看看兼职校长杜江峰缺席的活动：\n\n【1.领导考察】\n\n10月15日上午，刚上任的教育部熊副部长一行来校调研。任少波书记陪同调研，杜校长缺席。\n\n【2.校友联络】\n\n10月14日，香港邵氏基金会主席陈伟文博士受聘为浙江大学校董，任少波书记向陈伟文颁发聘书、铭牌，为其佩戴校徽并讲话，杜校长缺席。类似校董聘任仪式此前都是由吴朝晖校长颁发聘书。\n\n【3.国际交流】\n\n10月13日下午，任少波书记在紫金港校区会见匈牙利校长联合会主席、罗兰大学校长薄慕往等9所匈牙利高校校长及代表一行，杜江峰缺席。国际交流系杜校长分管领域。\n\n【4.地方合作】\n\n10月18日上午，浙江省人民检察院深化新时代检校合作工作推进会在杭州召开，任少波书记代表浙江大学校长出席，杜江峰缺席。其他政法类院校均是校长作为代表出席。\n\n【5.教师提案】\n\n10月12日，任少波书记分别与九届三次教代会领办提案代表见面座谈。此前吴朝晖校长会定期与提案代表见面座谈，杜上任以来无法查到此类公开新闻。\n\n【6.校内学生活动\n\n10月18日上午7:30，浙江大学校运动会在紫金港东田径场隆重开幕。任少波书记，教育部党建工作联络员、厦门大学党委原副书记、纪委原书记赖虹凯教授，副书记朱世强、朱慧，吴健教授、黄先海、周江洪出席。杜江峰缺席。吴朝晖校长在任时，会和书记一同带头绕校园进行阳光长跑。
200560,10180,杜江峰,2024-10-19 04:21:37,4,4,0,。。。。。。
200562,10180,杜江峰,2024-10-19 05:37:01,37,41,4,打倒正态，还我清明学风\n\n大学不是来上高四的，我不希望大家为了绩点而没有时间提升自己的能力！也不希望让绩点成为有专长的同学们的掣肘！
200588,10180,杜江峰,2024-10-20 06:26:40,1,1,0,。。。
200591,10180,杜江峰,2024-10-20 06:40:16,89,91,2,大一出入浙大，以为校长是rsb呢
200601,10180,杜江峰,2024-10-20 08:06:27,3,3,0,............................................
200703,10180,杜江峰,2024-10-21 07:02:23,30,31,1,确实见不到人，似乎连物院都没来过？
200762,10180,杜江峰,2024-10-22 04:15:56,108,110,2,早点卸任另谋高就对浙大和杜来说是双赢。\n\n浙大现在已经不仅是体量几乎4倍于科大的综合性大学，而且最近十多年经过杨卫、吴朝晖等校长的励精图治，已经成为国内顶尖学科覆盖理工农医社文各大类并且具有世界影响力的全球前50大学（学科评估19个A+18个A，21个ESI前1%学科，均为国内第三）。尤其是吴任内引进和培养的很多人才都是两院院士、文科资深教授级别的行业内顶级专家，以及全球顶尖大学毕业的博士生，每年投入的经费全国第二。这样的体量和顶尖人才储备真的不是一个三心二意的“兼职校长”能耽误得起的，中科大较单一的学科和较小的体量做个副校长或许行政工作量不大，但浙大不是。如果削弱了浙大这样航空母舰的综合实力，于浙大，于浙江，于全国的高等教育来说，损失都是难以估量。\n\n对于杜来说，不管是科大的科研课题也好，安徽省的项目也罢，还是他的上市公司也好，在他心中的优先级相对于浙大校长这个行政职务都是更高的。看得出杜确实对科大，对合肥，对他老家无锡有感情，科研和创业团队也都不在浙大。但是这不能成为高高在上尸位素餐和搞拍脑袋学科建设的理由。两年前全校都看好杜校长，两年来却一次次让人失望。连林建华在校内学生那么差的口碑，都在短短一年多的任期内搞了个百人计划，杜呢？什么大的进展都没有，什么深入的调研都没有，什么学科建设的思路都没有。如果杜想升官发财，跳板有的是，拿浙大这样的巨无霸做跳板未免太过随意了。回科大做科研，经营他的公司，哪怕是科大或者安徽的一个行政职务做跳板（杜本来也是安徽省政协成员），于他而言或许都是更加轻松顺手的选择。
200896,10180,杜江峰,2024-10-24 06:52:25,7,8,1,讨厌你哈哈哈
200914,10180,杜江峰,2024-10-24 12:50:45,10,12,2,这样来看貌似不应该比wzh高
200974,10180,杜江峰,2024-11-20 17:01:04,441,458,17,牢杜真的是……刚来的时候全校对他期待极高，觉得会是最好的校长之一，一年以后发现不如吴朝晖，一年半以后发现好像除了林建华其他校长都比他强点，两年以后连林建华都要不如了……工作态度三心二意就根本不合格，学科建设的思路和成绩哪怕是当个物理学院院长都不够格，遑论一个综合型大学。浙大人还是慢慢熬到下一任和浙大有关联或者有管理综合性大学经验的校长吧\n\nPS:吴朝晖校长好不容易把文史哲三个学院独立出来，还组建了艺术与考古学院，你又要开倒车，是不是胡乱瞎折腾？
200984,10180,杜江峰,2024-11-04 04:20:29,17,23,6,平庸无为
201000,10180,杜江峰,2024-12-27 10:29:00,69,75,6,...%E8%AF%B7%E4%BD%A0%E5%9B%9E%E5%88%B0%E6%82%A8%E4%BA%B2%E7%88%B1%E7%9A%84%E7%A7%91%E5%A4%A7%EF%BC%8C%E5%88%AB%E6%9D%A5%E9%9C%8D%E9%9C%8D%E6%B5%99%E5%A4%A7%E5%90%8C%E5%AD%A6%E4%BA%86
201040,10180,杜江峰,2024-10-27 16:56:20,28,29,1,不下台还准备留着过年吗
201069,10180,杜江峰,2024-11-17 14:05:23,102,103,1,接着之前同学提到的兼职校长缺席的一周，来看看浙大要事繁多的一周他去干嘛了：\n\n1、10月14日—15日：回到老家江苏，为江苏高校领导干部学习培训班作辅导报告，“从自身办学治校实践出发，分享了拔尖创新人才培养、创新创业教育等方面的宝贵经验”，这是无偿把浙大的经验广而告之告诉别的学校啊，真不会是卧底吧。（来源：江苏教育发布10月16日公号文章）杜上任以来仅公开报道就显示在2023年3月、2023年5月、2024年5月、2024年7月、2024年8月、2024年10月等多次回到江苏、无锡、天一中学等地作报告、谈经验、把浙大的资源向家乡输出，回科大更是数不胜数了，可见确实对家乡、母校（天一中学和科大）有着深厚的感情，至于浙大，只是一个工具罢了；\n\n2、10月19日，去长沙国防科大又做他那个《单自旋制备与量子控制》的讲座，此前已在兰州大学、江苏科技大讲堂等多地讲过同样的报告，署名单位均为“浙江大学、中国科大”，这是在给他的公司上市造势吗？（来源：国防科大10月19日公号文章）\n\n看看前任，都是在默默地为浙大做事，从来不会去别的学校传播什么治理浙大的经验，也不回拿自己的科研成果全国巡演。再看看这位，大家自行判断吧，唉~
201093,10180,杜江峰,2024-10-28 12:21:24,7,9,2,羞也不羞
201109,10180,杜江峰,2024-11-30 06:35:22,270,274,4,牢杜，你管浙大很像蔡徐坤，罚你先去默写1897遍浙大校训，然后默写127遍浙大校歌\n\n蠹僵疯《我的科大心》\n\n合肥只在我梦萦\n\n科大已多秒未亲近\n\n可是不管怎样也改变不了\n\n我的科大心\n\n浙大虽然载我身\n\n我心依然是科大心\n\n我的官财早已把我的一切\n\n烙上科大印\n\n国仪量子 科大 合肥\n\n在我心中重千斤\n\n无论何时 无论何地\n\n心中一样亲\n\n流在心里的血\n\n澎湃着科大的声音\n\n就算身在浙江也改变不了\n\n我的科大心
201138,10180,杜江峰,2024-10-29 08:33:48,17,19,2,【小卖部】\n\n1.辣条 0.5r/包\n\n2.薯条 1r/包\n\n3.口香糖 1.5r/包\n\n4.可乐 2r/罐\n\n5.雪碧 2r/罐\n\n6.小蛋糕 4r/个\n\n7.小饼干 4.5r/斤\n\n8.雪糕 1.5r/根\n\n9.酸梅汁 3r/碗\n\n10.獨酱酆 32r/只
201144,10180,杜江峰,2024-10-29 09:52:21,11,12,1,converge to 1!
201145,10180,杜江峰,2024-11-20 06:26:12,212,220,8,杜确实不把浙大放在心上，前任校长绝不会这样。之前两个教育部副部长和浙江省长来浙大调研，以及校内大大小小的会议比如三大奖反思会学科建设会教师座谈会等，杜都是能跑则跑，有事不能参加，要么跑回科大实验室要么去他的公司要么回无锡分享自己的人生经验⋯⋯教育部和浙江省是浙大两大经费来源，作为校长如此懈怠，对浙大的损失是实实在在的。下一轮双一流学科能不能自定，学科评估能不能进步，能不能尽可能多吸引人才全面发展理工农医文社，把吴校长当时布局的学科建设基础巩固住，国际影响力能不能扩大，很大程度上取决于校长是不是努力争取经费，人才等资源。杜这两年可以说成效几乎为0，数学系一个励建书，社会学系一个赵鼎新在吴校那几年引进的人才的力度比杜任内整个学校引进人才的力度都要大了，实在是说不过去。另外杜的能力也确实不行，眼光局限在科大的一亩三分地，以及他自己的研究领域上，对于综合型大学的学科布局没任何有益的经验，也缺乏学习国内外顶尖综合型大学优势的视野（杨校，吴校那时候就经常提对标清华，斯坦福，伯克利，新国立等）。两年下来，确实可以给个不及格
201236,10180,杜江峰,2024-12-30 05:15:26,23,28,5,针对10.29那一个评论，杜江峰跟物理学院几乎没有什么关系（除了从物理学院挖人），他是量子精密测量院的院长，那个是独立的学院，就像数学学院和物理学院一样没有关系。
201273,10180,杜江峰,2024-10-31 03:06:39,42,43,1,没有成绩，表面功夫再怎么做都没用
201281,10180,杜江峰,2024-10-31 05:03:44,14,17,3,简直就是使
201306,10180,杜江峰,2024-11-22 00:13:58,32,33,1,乐子啊
201308,10180,杜江峰,2024-11-25 03:05:44,111,113,2,老杜，我宣佈校長必須全職！校長辦已經到了厚顏無恥的地步！
201327,10180,杜江峰,2024-10-31 23:32:40,42,42,0,预祝国仪量子上市破发，早日st退市
201332,10180,杜江峰,2024-11-04 00:57:09,120,123,3,学科建设是校长最主要的工作之一。杜搞不好浙大的学科建设，就工作能力来说，其实并不让人感到意外。原因很简单，杜从未有过综合性大学的管理经验，这是杜区别于浙大前几任校长的最主要特点。\n\n2022年教育部第五轮学科评估，浙大19个A+18个A，工科、农学顶尖，医学、理科、社科一流，人文虽整体一般但中文和外语突出，综合实力在第四轮成绩优秀的基础上再创新高，已经具备真正的top3的实力。而科大A+9个A4个，理科顶尖，工科一般，社科除了经管几乎没有，农学、医学、人文都很弱，还没有成为综合性大学。这是杜2022年底接手浙大校长时候基本的学科背景。\n\n杜基本一辈子没离开过科大，其在科大的行政工作也跟他的研究领域紧密相关。这意味着杜并没有对综合性大学治理的基本认知和实践。浙大前几任校长，朝晖自不必说，在浙大学习和工作几十年，在就任校长之前就对浙大的学科布局和发展方向了如指掌了，事实证明学科建设的成绩是非常突出的。杨卫在来浙大之前有过管理清华大学的经验，清华在当时已经是综合性的国际化大学了，不仅理工很突出，社科文科也都迅猛发展。就算是口碑不好以及任期很短的林建华，也有很长时间的在北大的行政工作的经历。浙大校长来自本校当然最好，就算不是来自本校，哪怕有清北、复旦交大、南大，或者是武大华科中山这样的综合性大学的管理经验，在水平上也很大可能比杜高不少。\n\n当然，杜最让人失望的还是态度，就算之前没有经验，来了以后不应该认真调研每个院系，一心一意地谋求浙大综合实力的全面发展吗？结果浙大的诸多重要事项能不来就不来，三天两头往科大跑，心思完全放在科大的研究项目和他的公司上面。学科布局围绕着自己在科大的研究方向转，拍脑袋决策，完全不考虑浙大原有的基础和人才储备。在为浙大争取教育部和浙江省资源的时候更是经常不见人影，和前任形成鲜明对比。\n\n现在只能祈祷杜的任期赶快结束，下一任校长是一个真正热爱浙大的校长了。
201342,10180,杜江峰,2024-11-15 02:28:22,140,144,4,中秋节一天没放是没有家人吗\n\n对于学科建设是外行，还是去做你的量子精密测量实验去吧\n\n可能是一个合格的院士，但不是个合格的校长\n\n前面支持djf的是ustc派来的？
201362,10180,杜江峰,2024-11-01 06:07:38,29,29,0,如果每个浙大人都能好好回答竺老两问，浙大就还有希望，浙大也不会毁在djf手里
201370,10180,杜江峰,2024-11-01 07:17:54,51,58,7,从中科大的探亲回来的杜江峰院士全然不顾身体的疲惫，连夜找我们几个学生代表者商量期中考试的安排。谈得晚了，便送我们出门，要台风送我们回家。在出紫金港的路上，我们说：“杜院士，您回去休息吧。您刚从合肥回来。”\n\n杜爷爷摇摇头，“不碍事，你们知道由于整个秋学期没有一个完整的周末，现在浙大有很多人把调休当作敌人，不断给教务处制造麻烦，你们是浙大的牛子，你们的事情便是我的事情，是头等大事。”我们都激动了，眼里噙着泪花。多好的杜爷爷呀。\n\n杜爷爷抬头看看天空说：“如果世界真像这天空这么安静就好了，但是就有一些调休问题，搞乱这个世界，它们是罪人。”\n\n说着，杜院士弯下腰，从地上捡起一支笔，然后看着天空说：“该死的调休问题。”\n\n说着他拿着笔往校历上一划，很快就见笔尖突然爆发出耀眼的光芒，打开电脑一看，所有的调休安排竟然全部不见了！“这是该死的调休的影响，它一直试探着我们的底线，影响我回科大做实验和公司的运行，我已经忍了很久了。”杜爷爷愤愤地说。小朋友们都鼓起掌来，为折大有这样的领导人感到自豪。\n\n一会儿杜爷爷叫来秘书问：“调休没了，少掉的工作日去哪里了？”“好像所有的假期也都没了。”秘书说。\n\n杜爷爷一怔，说：“赶紧派人去查，看有什么问题没有。”之后爷爷送我们到校门口，一直挥手到看不见我们。\n\n第四天我们听说紫金港那边出事了，我们很紧张。这时杜院士叫我们过去。\n\n他依然那么慈祥，让我们坐下说：“任何变动总是要有代价的。为了解决学生学习的调休牺牲的某些机会是伟大的。”他这时低下头说：“但我必须承认，我当时处理调休问题的行为太鲁莽了，我在这里向全校师生道歉。我将向全校人民说明情况。”\n\n我们顿时热泪盈眶，多好的爷爷呀，他在与调休问题斗争过程中的小失误竟然被他记在心里，还道了歉，我们在将来的学习中一定要向杜院士学习，学他老人家那宽广的胸怀，以及不耻下问的精神。
201371,10180,杜江峰,2024-12-11 03:28:20,208,212,4,能干干不能干滚
201416,10180,杜江峰,2024-11-02 09:19:06,24,25,1,唉，老杜你怎么能把浙大当跳板呢
201442,10180,杜江峰,2024-11-03 03:56:07,29,31,2,没有成绩，表面功夫再怎么做都没用。花拳绣腿，绣花枕头。你来浙大这两年，我眼见着脑残事越来越多了。要是学校在变好我也认了。是这样吗？是这样吗？吴朝晖固然多般不是，学校切切实实在发展。你呢？三天两头跑来跑去，有一点心思在学校上吗？早点回你的科大去。
201453,10180,杜江峰,2024-11-03 08:01:08,18,19,1,智云直播 爱我别走
201466,10180,杜江峰,2024-11-03 11:35:11,80,81,1,如此成績，使人汗顏！在浙江大學當校長整天想著中科大，羞也不羞？\n\n不求向上，自甘中下，已經到了無恥的地步！
201470,10180,杜江峰,2024-11-03 14:08:09,23,24,1,【小卖部】\n\n1.辣条 0.5r/包\n\n2.薯条 1r/包\n\n3.口香糖 1.5r/包\n\n4.可乐 2r/罐\n\n5.雪碧 2r/罐\n\n6.小蛋糕 4r/个\n\n7.小饼干 4.5r/斤\n\n8.雪糕 1.5r/根\n\n9.酸梅汁 3r/碗\n\n10.蠹僵疯 1145141919810r/只
201481,10180,杜江峰,2024-11-06 11:00:25,506,527,21,有一天，月圆之夜，月牙楼的竺老校长雕像突然嘎吱一声，活了！他站起来了！\n\n看到当今乌烟瘴气，乱象丛生的浙大，怒不可遏，当即冲到校长办公室，结果发现根本没有人，然后穿越到中科大，一拐杖敲某人头上，打了个大包！
201519,10180,杜江峰,2024-11-27 09:46:18,64,66,2,唯一的作用是让大家更加怀念竺老
201550,10180,杜江峰,2024-11-04 07:56:53,565,589,24,关闭智云这种历史倒车可以被钉死在耻辱柱上了
201551,10180,杜江峰,2024-11-04 08:04:59,7,11,4,纯纯挠弹
201554,10180,杜江峰,2024-11-04 08:39:06,36,37,1,竺可桢醒过来不扇你两巴掌！
201563,10180,杜江峰,2024-11-04 10:57:45,27,28,1,杜江峰下台吧，再这样下去要输林建华了\n\n完全没感受到对浙大有什么贡献，对于暴露出来的问题也不理不睬，可能是一心想着上市了吧。\n\n智云课堂纯属历史倒车。
201631,10180,杜江峰,2024-11-05 04:41:39,97,99,2,恳请校长 滚回科大
201633,10180,杜江峰,2024-11-15 16:51:00,126,127,1,吴走后，本以为会来个大的，结果拉了坨大的。再这样下去要输林建华了，然后没人输了。脸都不要了。\n\n转自朵朵：\n\n2015年吴朝晖校长就任后，浙大文科迎来了爆发式增长期。吴校长一上任就公布了全面振兴文史哲基础学科的纲领，以及应用型社科大量引进人才的办法，接下来就是大量人力物力财力投入，几乎每年的投入都超过大量的传统文科强校。吴任内采取了几个大的策略。首先是空前力度的人才引进，大致是每个人文社科引进两三位有国内外影响力的领军人物，这样有助于整个文科科研团队形成合力。接着是大力投入人文高等研究院，和数学高等研究院，物理高等研究院等并立，为全国文科领域的顶尖学者提供访学交流平台，吸引了不少北大人大等学校的教授来做研究。然后，调整文科院系设置，使之与传统文科强校靠拢，比较大的调整有单独设立文史哲三个学院，艺术与考古学院，社会学系预备独立建系等。吴任内还通过浙大国际化的优势为人文社科学科的学生提供大量出国交换访学，以及联合办学的平台。此外，那几年在文科基础设施的硬件投入上管理层下了很大功夫，包括艺术与考古博物馆等，在本科文科招生规模和专业设置上，当时的浙大也采取扩张性措施，全校文科专业学生占比达到近三成，学院达到十几个。吴校长任内的8个年头，浙大文科的进步可谓突飞猛进。\n\n然而，随着吴校长的离任，浙大文科的高速发展在2023年戛然而止。无论是人才引进，还是经费投入，还是专业设置，还是氛围建设，之前的大手笔，大踏步前进的时期恍如隔世。时隔二十年，浙大文科再次出现了衰退的时期。\n\n如今的浙大文科确实又到了十字路口，能不能让之前的势头回来，要靠每个浙大人的努力。
201648,10180,杜江峰,2024-11-05 06:17:20,42,43,1,这个蠹僵疯可以下台了，你简直就是傻逼在瞎管理学校！！！负分滚出！
201669,10180,杜江峰,2024-11-05 08:30:08,8,11,3,不办事就滚
201687,10180,杜江峰,2024-11-05 11:16:12,57,59,2,杜江峰爷爷用石子击落智云课堂
201688,10180,杜江峰,2024-11-05 11:17:58,9,11,2,纯飞舞
201703,10180,杜江峰,2024-11-17 12:44:11,51,52,1,球球你让人把学在浙大和智云课堂内些有用的东西修复一下，别整天让学生听你内个二比体育视频和像nt学生手册
201706,10180,杜江峰,2024-11-26 09:49:38,9,11,2,实木了，4个马
201711,10180,杜江峰,2024-11-05 14:53:06,46,49,3,赶紧下台吧，幸好入学通知书不是签的你的名字，不然都感觉脏了
201720,10180,杜江峰,2024-11-05 15:43:02,15,15,0,请问牢杜是失踪了吗？
201744,10180,杜江峰,2024-11-20 01:37:42,51,55,4,碌碌无为，平庸至极\n\n无所建树，令人汗颜！\n\n我问身边同学你都干了什么，居然没一个人能说出一件好事。可见你在担任校长方面就是依托一无是处的史🙄💅
201826,10180,杜江峰,2024-11-24 06:06:51,112,117,5,你说这djf一年一年当了多久校长了，做了实事不啦，一件都没有啊，浙大学生也有理由说的，djf一直回科大作报告，浙大的事置若罔闻，你叫他当浙大校长，他能当吗？当不了。没那个能力你知道吧。评分一降再降，比朝晖低了，马上低洪浩先生了，接下来没人低了。我劝djf，把校长的理念先搞懂，真脸都不要了。\n\n《浙大学子怒斥杜校长》
201850,10180,杜江峰,2024-11-07 02:28:29,24,25,1,好好管理 上上心吧\n\n别一天到晚吹全国第三结果做着屎一样的事
201998,10180,杜江峰,2024-11-25 03:09:33,25,27,2,。。。衮
202008,10180,杜江峰,2024-11-28 12:15:28,101,103,2,高校之上，朽木为官。\n\n象牙塔内，禽兽食禄。\n\n\n\n狼心狗行之辈汹汹当朝，\n\n奴颜婢膝之徒纷纷秉政。\n\n\n\n皓首匹夫，苍髯老贼，岂不知浙大人皆愿生啖你肉。
202049,10180,杜江峰,2024-11-08 15:16:12,62,64,2,别开着智云课堂看小情侣做爱了，你配吗？回头还拿石子击落智云课堂，让我们怎么看直播？
202054,10180,杜江峰,2024-11-30 22:32:36,243,249,6,浙大学子锐评：你说杜江峰一次一次回了多少趟科大啊，改过不啦，换汤不换药啊。人家浙大学生也有理由说的，浙大以前吴校长时候什么样啊，全国top3啊，你杜江峰这批什么人啊，还当校长。浙大学科建设现在什么水平啊？杜江峰当全面管理浙大学科建设的校长，他能当吗？当不了。没这个能力知道吧。再下去要输林建华了。唉，吴朝晖输完输杨卫再输林建华，接下去没人输了。我都说了，平时浙大的会议，校务，人才引进你本身都没有打好基础，能跑就跑，你能指望26年或者27年学科评估双一流这种关键的比赛浙大能赢啊？务实一点。我劝杜江峰，先把学科建设的搞法，做校长的理念先搞懂。朝晖的政策蛮好的你把它废了去干什么？你告诉我。今年理科文科都搞出20年最差成绩，你倒告诉我怎么解释？脸都不要了。\n\n总结：学科建设搞成这个鬼样子，吴朝晖校长时期理工农医社文全面进步你是全面倒退，确实输林建华。只求毕业证上面不要有他签名，太晦气了
202057,10180,杜江峰,2024-11-27 14:31:43,109,110,1,演都不演了，科大🐕，再让你霍霍下去，浙大就要向下俯冲力，
202058,10180,杜江峰,2024-11-08 17:45:35,5,6,1,不喜欢
202067,10180,杜江峰,2024-11-09 02:38:50,5,6,1,。。。
202127,10180,杜江峰,2024-12-13 15:01:04,48,50,2,好好好
202131,10180,杜江峰,2024-11-10 01:54:11,6,6,0,呵呵呵
202168,10180,杜江峰,2024-11-10 08:42:17,43,44,1,这货刚上任那年在新年贺词里说浙大的精神是“海纳百川 启真厚德”我当时就觉得不行 果然
202176,10180,杜江峰,2024-11-19 12:33:44,35,36,1,不作为。这种人为什么要来当校长？\n\n二编：卧槽傻逼快滚出浙大😅😅😅
202203,10180,杜江峰,2024-11-10 16:11:34,8,9,1,尸位素餐的家伙
202208,10180,杜江峰,2024-11-10 17:39:18,4,5,1,有多远滚多远
202209,10180,杜江峰,2024-11-10 18:06:29,3,4,1,垃圾垃圾
202221,10180,杜江峰,2024-11-11 02:19:52,4,4,0,无语死
202222,10180,杜江峰,2024-11-11 02:27:12,2,2,0,？？？
202223,10180,杜江峰,2024-11-11 02:28:37,14,15,1,杜校长？杜老板！
202224,10180,杜江峰,2024-11-11 02:36:25,6,6,0,毫无建树
202226,10180,杜江峰,2024-11-11 02:40:34,20,22,2,重视一下文科吧
202244,10180,杜江峰,2024-11-11 03:45:07,17,19,2,能力不如吴，态度更是差远了
202246,10180,杜江峰,2024-11-11 03:51:26,8,8,0,滚蛋吧
202247,10180,杜江峰,2024-11-11 03:52:48,1,1,0,。。。
202250,10180,杜江峰,2024-11-11 04:12:45,84,86,2,对浙大人文社科好一点。。。对整个浙大也好一点！上点心吧！！\n\n记得djf刚上任的时候，就有很多人说面相不好，当时我说面相学不可取，然后我妈来了句：你们新校长长得有点像那种给皇帝办事的太监
202251,10180,杜江峰,2024-11-11 04:17:12,15,15,0,浙是浙 科是科
202252,10180,杜江峰,2024-11-25 14:14:42,1,2,1,无敌了
202263,10180,杜江峰,2024-11-11 06:06:00,2,3,1,有你是浙大学子的福气啊，nc
202270,10180,杜江峰,2024-11-11 06:20:23,2,2,0,hhhhh
202284,10180,杜江峰,2024-12-04 06:41:16,58,64,6,赶紧滚
202304,10180,杜江峰,2024-11-11 11:05:19,3,4,1,早点下台
202315,10180,杜江峰,2024-12-09 11:54:09,8,8,0,勾使是真的
202326,10180,杜江峰,2024-11-11 15:38:00,3,3,0,正态分布 鸟人
202329,10180,杜江峰,2024-12-09 08:45:16,-39,1,40,好校长，让时间来证明一切
202334,10180,杜江峰,2024-11-11 16:42:09,3,4,1,赶紧从哪来滚哪去吧
202355,10180,杜江峰,2024-11-12 03:52:49,4,4,0,不想评价
202356,10180,杜江峰,2024-11-12 03:58:21,41,42,1,辛辛苦苦考上浙大怎么遇到了你
202374,10180,杜江峰,2024-11-12 06:53:47,19,20,1,现在发展压力那么大，面临这么多学校的竞争，作为一所顶尖大学的校长，是要把心思放在上面、为学校谋出路的，无所作为在这个位子上就已经是很差劲了。
202377,10180,杜江峰,2024-12-25 05:52:19,64,65,1,助力收敛。真是烂完了。
202396,10180,杜江峰,2024-11-12 10:17:55,23,27,4,文科怎么你了
202397,10180,杜江峰,2024-11-12 10:29:24,25,26,1,浙大不欢迎自利而虚伪的校长
202400,10180,杜江峰,2024-11-12 10:43:45,38,40,2,这一枪，是为了被你压榨的文科！
202544,10180,杜江峰,2024-11-13 05:00:19,12,13,1,抬走，下一位
202554,10180,杜江峰,2024-11-13 06:14:47,44,46,2,科大的移民不允許當校長！傷學生而且会損害學校的學科發展！会让你一年一點進步都沒有！
202585,10180,杜江峰,2024-11-13 08:57:17,4,4,0,Сука блядь
202599,10180,杜江峰,2024-11-13 09:33:28,25,25,0,文科怎么你了 我毕业就失业你给我提供就业岗位？？？？
202626,10180,杜江峰,2024-11-13 12:16:21,1,1,0,👀👀👀
202680,10180,杜江峰,2024-12-12 15:23:29,40,43,3,杜老师看到评分，忍不住轻哼起来
202688,10180,杜江峰,2024-11-14 01:17:07,1,2,1,牢杜您别这样，我怕😭😭😭
202701,10180,杜江峰,2024-11-14 02:29:25,40,42,2,杜老板，废文科，浙大搞残；调休乱，学生惨，浙大发展一刀斩
202741,10180,杜江峰,2024-12-03 12:18:35,59,74,15,虽然该批评的还是要批评（指不作为，兼任科研项目主要负责人），但是高赞评论里面所谓的“砍文科到一个院系的体量”言论至今没有任何出处？并且评论区很多已经变成无意义的人身攻击了，我想这似乎也不是“求是”吧…
202767,10180,杜江峰,2024-11-14 08:31:39,9,10,1,浙大的不幸
202768,10180,杜江峰,2024-11-14 08:58:05,83,86,3,0/4605，他们没有人拿下世界最高层次诺贝尔奖！（浙大4605名老师）🤣🤣🤣
202770,10180,杜江峰,2024-11-14 09:02:26,19,19,0,杜江峰他为什么要骗我们，他不是为了浙大啊
202776,10180,杜江峰,2024-11-14 09:47:54,48,48,0,还我top3的浙大！还我综合性大学！凭什么砍文科？
202808,10180,杜江峰,2024-11-14 13:18:22,22,23,1,我本就前途堪忧，你却还雪上加霜
202809,10180,杜江峰,2024-11-14 13:21:05,33,34,1,啥时候走，毕业证不想有你名
202811,10180,杜江峰,2024-11-14 13:32:35,30,32,2,牛魔的，文科怎么你了？你踏马的要是还真想实现你的春秋大梦，把清华干下去，我奉劝你还是踏马的重视一下文科吧
202827,10180,杜江峰,2024-11-14 15:12:13,20,20,0,科大勾滚出你浙
202828,10180,杜江峰,2024-11-14 15:28:59,21,21,0,24/67656\n\n如此文宣，令人汗顏，這種文宣，如何招生，已經到了無恥的地步，羞也不羞！
202829,10180,杜江峰,2024-11-23 14:47:26,10,11,1,为啥我是一只杜江🐝，嗡嗡嗡～
202830,10180,杜江峰,2024-11-14 15:34:15,2,2,0,我是逆叠ls
202834,10180,杜江峰,2024-11-25 17:45:22,6,8,2,老鼠史
202845,10180,杜江峰,2024-11-15 00:49:04,-203,18,221,还是支持杜校的，希望越来越好
202852,10180,杜江峰,2024-11-15 01:55:06,359,369,10,建议以后的推文67656直接减去人文社科的学生总数。
202855,10180,杜江峰,2024-11-15 02:16:14,6,6,0,😅😅😅😅😅😅😅😅
202857,10180,杜江峰,2024-11-15 02:18:28,70,72,2,有文有质，有农有工😭
202862,10180,杜江峰,2024-11-15 02:26:25,66,68,2,马后炮一下。一年前的毕业典礼，听牢杜毫无感情地念那一看就是秘书帮他写的稿子，把毕至居念成毕/至居，就感觉这校长不会和浙大合得来。
202863,10180,杜江峰,2024-11-15 02:31:28,9,10,1,趋于1
202867,10180,杜江峰,2024-11-15 02:37:25,7,9,2,令人汗顏！
202870,10180,杜江峰,2024-11-15 02:41:06,15,15,0,浙大的耻辱
202871,10180,杜江峰,2024-11-22 13:16:34,39,41,2,🙃竺校有灵是不会放过你的
202872,10180,杜江峰,2024-11-19 19:21:58,29,31,2,听工信学弟说，他江苏室友，和杜一个地方还是一所高中来着，分流直接无面试零门槛进计科，真是不避嫌啊，能不能当个人
202873,10180,杜江峰,2024-11-15 03:07:05,2,3,1,呜呜呜
202874,10180,杜江峰,2024-11-15 03:08:28,20,21,1,科大沟，快滚
202875,10180,杜江峰,2024-11-15 03:19:39,92,95,3,杜江峰你没有文科素养不代表文科发展不重要
202876,10180,杜江峰,2024-11-15 03:29:51,5,6,1,。。。够了
202877,10180,杜江峰,2024-11-15 03:33:40,-7,3,10,别回科大了
202879,10180,杜江峰,2024-11-20 02:49:36,85,92,7,中国科学技术大学教授（全职）、浙江大学校长（兼职）、不受欢迎的人\n\n浙大迟早毁在你手里，从我心目中的华五第一滑落到华五垫底，变成一个低配版的中科大
202880,10180,杜江峰,2024-11-15 03:43:44,7,8,1,请杜江峰下课
202881,10180,杜江峰,2024-11-15 03:55:10,10,11,1,不发展学校综合实力，净整些没用的破幌子❗️❗️❗️不仅如此，这个泌阳的还出尔反尔、说话不算数，刚开学给竺院讲话的时候先说想让大家早点结束这玩意，多休息一会，结果自己跟个人机一样在哪哔哔了俩小时。这就算了，但这东西还跟戴着痛苦面具一样，好像是我们逼他参加，逼他讲了俩小时似的。这一眼就知道淋雨那事是装模作样+蓄意炒作，渡江🐝你真是心机boy啊，想笼络人心是吧，那你还是觉得我们太好骗了，不会是你评上个院士，我们都不是院士，你就看我们都跟看蠢猪一样了吧？你讲个破壁话装模作样就算了，在校长的职位上也是一样，爬上来这几年招进什么大牛我反正是不知道🤷‍♂️，文科本来发展前景还不错，你个byd上来给文科干哪去了？虽然逆蝶我不是学文科而是学理科的，但说实话我感觉我们这发展状况也十分堪忧，你个煞笔也真是功不可没。之前的傻逼思政制度不废除，重要会议到没少逃，就这你都逃会了还指望着学生不逃课？做梦呢。糟老头子赶紧下课吧，老子不想看着老子上的中学和大学一起日渐衰落。\n\n马勒戈壁的故意搞坏浙大，㊗️好4️⃣，煞笔
202883,10180,杜江峰,2024-11-15 03:56:23,21,22,1,1/67656
202885,10180,杜江峰,2024-11-15 03:59:51,4,4,0,难绷哈哈
202886,10180,杜江峰,2024-11-27 11:09:38,7,8,1,不关心学生的切身利益
202888,10180,杜江峰,2024-11-20 02:27:01,16,18,2,尽我微薄之力，扣到一分
202891,10180,杜江峰,2024-11-15 04:20:17,5,5,0,停摆了
202893,10180,杜江峰,2024-11-15 04:24:03,2,2,0,。。。。。分母
202896,10180,杜江峰,2024-11-15 04:45:00,23,24,1,浙大的人文社科就败在你这个中科jiandie的手上了，滚回中科大研究你的物理去吧，不会当校长能不能别当？
202898,10180,杜江峰,2024-11-15 05:01:06,2,2,0,...
202899,10180,杜江峰,2024-11-15 05:17:35,20,20,0,重器轻道，重理轻文。结果器也没搞好，道也弄丢掉。如此成绩，令人汗颜！
202901,10180,杜江峰,2024-11-15 05:07:12,7,9,2,科大人 科大魂
202906,10180,杜江峰,2024-11-15 05:46:43,5,8,3,看到那个推文我真的很难受，一个优秀的大学不该是这样的，有容乃大，谁还记得呢
202908,10180,杜江峰,2024-11-15 06:13:03,16,16,0,本人大二，记得去年开学典礼听校长讲话就觉得这个人讲话怪怪的不像能当好校长的样子。还记得有一会杜校长回答几个同学的问题，给我的感觉是他毫无思想，甚至有点答非所问，自己也不太知道该说些什么但又不得不说...去年跨年晚会杜校长的表演也是让我心里一咯噔...
202914,10180,杜江峰,2024-11-15 06:41:38,3,4,1,请对浙大上点心！
202916,10180,杜江峰,2024-11-15 06:49:08,14,16,2,同楼上，重视重视文科和人文管理模式吧。哪有文科一门课只上8周课就交论文的？学都没学明白就要交作业，那设那么多课的意义何在？多关注学生的吃、住、行问题，哪有把女生宿舍楼放在食堂旁边，每天在房间听食堂洗盘子声音的？行政楼倒是地处僻静一隅，不知道对有房有车的行政人员那么好干什么？！研究生的管理那都是什么玩意。
202917,10180,杜江峰,2024-11-28 04:44:10,18,22,4,。。。
202918,10180,杜江峰,2024-11-15 07:06:46,4,4,0,赶紧下课吧你！
202919,10180,杜江峰,2024-11-15 07:20:55,6,6,0,杜校，下课。
202934,10180,杜江峰,2024-11-15 11:20:48,21,21,0,十大学术进展，人文社科被剃光头，牢杜，汝羞也不羞！\n\n汝窃校奸贼，人人得而诛之！\n\n汝无爱岗敬业之德，德行败坏，人所不齿也！\n\n汝败校乱院，坑害师生，丢尽祖宗颜面！\n\n汝误校害生，倒行逆施，人人得而诛之！
202935,10180,杜江峰,2024-11-29 09:13:45,37,39,2,垃圾玩意，根本没把浙大工作当一回事吧\n\n求仕创薪祝你早早求史创腥
202938,10180,杜江峰,2024-11-15 09:23:12,4,4,0,太失望辣
202942,10180,杜江峰,2024-11-15 09:41:48,6,6,0,赶紧滚出浙大！！！
202944,10180,杜江峰,2024-11-15 10:01:24,22,22,0,我是分母，你是够使，浙大凉了都是你的错
202945,10180,杜江峰,2024-11-15 10:06:16,3,3,0,无数小切口见小虫般肚量。
202946,10180,杜江峰,2024-11-15 10:08:02,3,4,1,为什么没有0分
202949,10180,杜江峰,2024-11-15 10:41:00,3,3,0,求求你快点gunba
202951,10180,杜江峰,2024-11-15 10:50:16,4,4,0,还能不能再低点
202954,10180,杜江峰,2024-11-19 11:02:16,27,27,0,看到讨伐杜江峰的小作文心理暖暖的
202955,10180,杜江峰,2024-11-15 11:14:50,4,5,1,羞也不羞
202958,10180,杜江峰,2024-11-20 05:23:42,40,42,2,就冲你如此贬低人文社科一心缩小浙大的人文社科办学规模，给你打0分我都嫌多，你干脆还是回中科大去好了
202961,10180,杜江峰,2024-11-15 12:12:29,8,8,0,你不要关智云啊啊啊啊啊啊啊啊啊啊啊啊啊啊
202963,10180,杜江峰,2024-11-15 12:28:10,6,9,3,传奇数字67656
202970,10180,杜江峰,2024-11-15 13:31:58,8,9,1,求校长下台教程
202971,10180,杜江峰,2024-11-15 13:33:23,17,19,2,据传杜校长调任浙大时，开会中说由于“中科大少年班”情结，想要好好建设竺院。两年以来，在竺院并未感受到政策变化。本博贯通、导师制等有益遗产都来自上一届，不合理的培养方案越来越僵化。不敢求上，自甘向下。
202972,10180,杜江峰,2024-11-15 14:20:28,5,5,0,形上为道兮，形下为器。
202974,10180,杜江峰,2024-12-11 01:55:03,18,22,4,彼阳晚意你tm能不能似回你的科大去啊
202980,10180,杜江峰,2025-01-04 16:44:51,1,6,5,平衡一下
202984,10180,杜江峰,2024-11-15 16:08:27,4,4,0,sb，
202985,10180,杜江峰,2024-11-15 16:10:41,4,5,1,存在感很低的一个人
202986,10180,杜江峰,2024-11-15 16:13:55,3,4,1,平衡一下，没必要加
202987,10180,杜江峰,2024-11-15 16:16:15,2,2,0,你在赣神魔
202989,10180,杜江峰,2024-11-27 22:22:27,5,6,1,懒得喷
202990,10180,杜江峰,2024-11-15 16:26:08,4,4,0,真的南坪
202992,10180,杜江峰,2024-11-15 16:28:23,26,26,0,马上就是上任校长两年之际了，是否马上要离开浙大了？欢天喜地！一个与浙大毫无关联的人，如何让浙大人相信他对浙大有感情？两年期间明目张胆毫不避讳地以中科大身份活动，远远多于浙大校长之职。说其身在曹营心在汉已经太过于委婉了！难道浙大的校长必须由教育部指定吗？浙大应该是浙大的浙大，不是外人的浙大！
202993,10180,杜江峰,2024-11-15 16:30:41,2,3,1,24/67656\n\nwin🤣
202997,10180,杜江峰,2024-11-15 17:42:12,7,7,0,确实有点不配位，要不让贤吧，可能牢杜也确实没有管理浙大这种规模大的综合型大学的经验
202998,10180,杜江峰,2024-11-15 17:58:24,8,8,0,想念吴校。。
203000,10180,杜江峰,2024-11-15 18:09:05,-2,1,3,好好好
203001,10180,杜江峰,2024-11-15 18:20:18,4,4,0,傻逼玩意儿
203009,10180,杜江峰,2024-11-16 01:32:10,24,24,0,大家或许可以了解一下c9的校长待遇有多惊人
203025,10180,杜江峰,2024-11-16 03:21:11,21,22,1,下台！
203028,10180,杜江峰,2024-11-16 03:43:51,10,11,1,关心一下浙大的发展吧
203036,10180,杜江峰,2024-11-16 04:45:53,6,7,1,下课!
203040,10180,杜江峰,2024-11-16 05:01:39,13,14,1,What can I say？
203041,10180,杜江峰,2024-11-26 09:11:13,40,44,4,你是一名浙大学生，早上起来喝了一杯云顶山泉水，看着拿助学金的室友还在床上戴着airpodsmax玩着 iphone16promax。他周末刚从大阪回来，发了一条精致的旅行plog。然后你出门吃早饭，发现肉包子咬了两口都没咬到馅，本想去找阿姨理论，但心想还是算了。你到了教室上课，学院前不久被新来的校长砍了经费，一个老教授也有气无力地念着他用了十年的 ppt。你根本无心听课，打开手机看到辅导员在群里发了一篇24/67656的推文并让班级同学共同祝贺一位同学。上了一天课的你准备去麦斯威好好犒劳一下自己，没成想看到卤蛋的锅里有一只杰瑞，但你来都来了，还是花了三十多点了一份又油又咸的全是预制品的麻辣香锅。晚上回到寝室，你躺在床上玩手机，昏昏欲睡之时，天花板突然掉了下来砸到你头上。好不容易清理完床上的天花板废墟，准备睡觉之时突然肚子剧痛浑身冒冷汗。你丰富的食堂经验告诉你，这只不过是诺如病毒，没什么大不了。
203042,10180,杜江峰,2024-11-16 05:15:50,5,5,0,很难评
203045,10180,杜江峰,2024-11-16 05:33:35,11,13,2,你就是中科大派来的卧底吧
203047,10180,杜江峰,2024-11-16 05:48:46,7,7,0,快点下台！
203054,10180,杜江峰,2024-11-16 06:22:19,7,9,2,助力收敛
203057,10180,杜江峰,2024-11-22 05:39:37,19,22,3,你来浙大做什么？你要成为怎样的人？
203060,10180,杜江峰,2024-11-16 07:28:10,6,6,0,尸位素餐，羞也不羞！
203068,10180,杜江峰,2024-11-16 08:21:25,20,21,1,不如吴朝晖一根毛，扪心自问一下，对得起历任浙大校长吗，对得起竺可桢老校长吗，也是，中科大来的要对得起你浙大干嘛，干个几年把浙大干下去了，中科大排名上去了，您老的公司也能更好恰钱了
203069,10180,杜江峰,2024-12-05 01:07:59,3,4,1,呵呵呵
203084,10180,杜江峰,2024-11-16 12:11:52,17,19,2,人文社科在杜的任期内读书简直是噩梦，一个超好的综合性大学要倒车成为一个理工科的小科大（叫小科大是因为他把理工也搞成了屎），很难相信他没有私信作祟
203088,10180,杜江峰,2024-11-29 07:20:37,9,11,2,....
203089,10180,杜江峰,2024-11-16 13:24:01,34,34,0,治学治校不见先辈峥嵘，为官为政颇有蒋匪遗风。
203093,10180,杜江峰,2024-11-16 16:13:39,23,25,2,“人文科学应该缩到一个学院的体量”\n\n住口，无耻老贼！岂不知浙大之人皆愿生啖你肉！\n\n二臣贼子，你枉当两年校长，任内未立寸功，只会摇唇鼓舌，助科为虐\n\n一条断脊之犬，还敢在广大浙大学子面前狺狺狂吠\n\n我从未见过有如此厚颜无耻之人！
203094,10180,杜江峰,2024-11-16 16:45:10,13,15,2,傻逼我操你妈
203110,10180,杜江峰,2024-11-17 02:53:01,14,15,1,救救文科发展。。。。。
203131,10180,杜江峰,2024-11-17 10:52:20,14,16,2,牢杜应该吃很多紫菜蛋花汤，而且其中必须没有菜花汤\n\n蠹僵疯，我超耐磨！\n\n你一个理科出身，身在浙大心在科大的兼职校长\n\n凭什么对着广大人文社科er耀武扬威啊
203138,10180,杜江峰,2024-11-28 11:33:09,21,23,2,再找人刷好评就给你把合订本发外网：）
203154,10180,杜江峰,2024-11-17 12:30:58,5,6,1,特地来刷个低分
203167,10180,杜江峰,2024-11-17 14:08:58,41,43,2,没有对比没有伤害，在浙大呆了差不多5年了，明显感觉杜任内学校在走下坡路。\n\n别的不说，学在浙大、智云课堂、校园网越来越烂，几年前浙大可是以信息化技术遥遥领先于全国高校著称的，现在怎么成了这幅鬼样子
203168,10180,杜江峰,2024-11-17 14:26:56,8,10,2,加油兄弟们，分数还有下降的空间👍
203171,10180,杜江峰,2024-11-17 14:51:49,19,20,1,说实话，我连校长都没看过。。。留学生开学典礼出席的是副校长哈哈
203183,10180,杜江峰,2024-11-17 17:20:43,1,2,1,我只是觉得很难过
203192,10180,杜江峰,2024-11-18 01:44:21,12,15,3,能不能去死
203202,10180,杜江峰,2024-11-28 07:47:41,74,78,4,能不能今年走人，明年三月毕业，不想在毕业证上看到他的名字
203203,10180,杜江峰,2024-12-11 01:56:49,75,77,2,感觉让djf评分收敛最重要的是之前评十分的人改成一分，我们都刷一分没有太大用处
203204,10180,杜江峰,2024-11-18 03:09:40,4,6,2,史中史
203242,10180,杜江峰,2024-11-24 11:54:38,11,14,3,中科大开始供暖了 这点学习效仿一下的话勉强能给个两分
203249,10180,杜江峰,2024-11-18 11:22:12,3,3,0,牢杜，what can I say?
203257,10180,杜江峰,2024-11-20 08:14:50,103,112,9,你说的对，但是24/67656的，一边母亲重病申不到助学金而出国演唱会却能申到奖学金的，秋学期胡乱调休只有一个双休日还要考试的，学在浙大概率论考试两次坠机的，智云课堂直播课要取消的，浙大体艺1km只要超过10min直接无效的，身在浙大心在科大的，总之无条件支持djf桑的一切决定，守护我们最好的zju桑捏，这样吧您最好去转发一下原神抽奖，这样我们米默还可以帮你转移注意力捏
203258,10180,杜江峰,2024-12-18 08:43:36,148,150,2,晖病不改，\n\n\n\n积恶成杜。\n\n\n\n朝优未扬，\n\n\n\n峰弊见长。
203262,10180,杜江峰,2024-11-18 14:11:22,15,18,3,今天浙大体艺打卡无效了，过来给jfgg刷个差评不犯毛病吧
203267,10180,杜江峰,2024-11-18 15:52:42,16,16,0,一年半过去了，杜校在位作出了什么政绩？学科评估？国自然奖项？似乎都远不如前任校长。该换校长了。
203281,10180,杜江峰,2024-11-19 01:32:26,76,77,1,我們的校長確有問題
203300,10180,杜江峰,2024-11-19 03:26:33,27,28,1,两年了，请问你干了什么？？？不想骂人，趁早走人吧
203301,10180,杜江峰,2024-11-28 09:46:48,198,206,8,浙大学子对🐝的印象：\n\n2023年底：在科大是科大人，在浙大是浙大人\n\n2024年中：在科大是科大人，在浙大还是科大人\n\n2024年底：在科大，是科大人
203307,10180,杜江峰,2024-11-19 04:59:08,20,21,1,钩式牢杜滚回科大
203316,10180,杜江峰,2024-11-19 05:49:56,8,10,2,🙃我只能说很哇塞🤩
203322,10180,杜江峰,2024-11-19 06:39:52,6,8,2,爆了！
203327,10180,杜江峰,2024-11-19 07:25:40,22,22,0,文科怎么你了
203330,10180,杜江峰,2024-11-25 07:24:52,4,7,3,无敌了
203331,10180,杜江峰,2024-11-23 14:15:55,40,42,2,自私自利，丧尽天良，多待几天浙大人文之光不再，社科之光不再，真与一般理工类院校别无二致
203335,10180,杜江峰,2024-11-19 08:15:32,14,16,2,不重视文科，不会修正不合理的行政制度，尸位素餐
203338,10180,杜江峰,2024-11-19 08:26:49,4,5,1,😅😅😅
203340,10180,杜江峰,2024-12-12 14:06:03,19,21,2,呜呼哀哉，下一任何时上任？
203341,10180,杜江峰,2024-11-19 08:35:59,13,14,1,命不久矣，中道崩殂
203343,10180,杜江峰,2024-11-19 08:51:43,2,3,1,最无语的一集
203344,10180,杜江峰,2024-11-19 09:22:11,22,24,2,蠹犟疯还不让基图和东教停车
203345,10180,杜江峰,2024-11-19 09:23:14,3,4,1,牢杜啊，算了我都不想说你
203348,10180,杜江峰,2024-11-19 10:09:49,10,13,3,见证了从9.8到1.8
203349,10180,杜江峰,2024-11-19 10:21:22,7,10,3,来你浙以来没听过牢杜干过什么好事大事，烂事屁事破事倒是见了一堆，每每想起，真是气笑了，羞也不羞？\n\n什么时候下台，换个有能力的来吧。
203350,10180,杜江峰,2024-11-19 10:24:02,6,9,3,自己走吧，不想骂你
203352,10180,杜江峰,2024-11-19 10:28:15,5,6,1,助力数列收敛于1
203353,10180,杜江峰,2024-11-19 10:33:52,3,5,2,不作为，赶紧回中科大
203354,10180,杜江峰,2024-11-19 10:33:53,1,2,1,不作为，赶紧回中科大
203355,10180,杜江峰,2024-11-19 10:35:00,7,9,2,你我之辈，忍将夙愿，付与东流？\n\n现在看来，恐怕几十年的努力都付之一炬了
203356,10180,杜江峰,2024-11-22 07:49:52,2,4,2,仁济jf
203359,10180,杜江峰,2024-11-19 10:42:14,4,5,1,我就觉得校长我也能当，或许还能干得更好，至少不会更差
203363,10180,杜江峰,2024-11-19 10:48:19,4,5,1,停车位呢？
203364,10180,杜江峰,2024-11-19 10:48:35,1,2,1,蓝的盆
203365,10180,杜江峰,2024-11-19 10:49:12,2,4,2,下课杜校长
203366,10180,杜江峰,2024-11-19 10:49:44,1,3,2,感觉啥也没变，依然很糟糕
203369,10180,杜江峰,2025-01-10 03:32:24,89,94,5,经院的事情什么时候给同学们一个交代？你们对不起的不只是被拒签那二十多个学生，你们对不起的是全校学生！shame on you
203370,10180,杜江峰,2024-11-19 11:44:09,0,1,1,。。。
203371,10180,杜江峰,2024-11-22 03:50:39,3,6,3,我现在很怀疑你来浙大之前有没有回答过竺老两问
203373,10180,杜江峰,2024-11-19 11:25:08,6,8,2,这就是就是浙大一百多年历史上数一数二第二差的一任校长
203374,10180,杜江峰,2024-11-19 11:18:32,1,2,1,不喜欢
203375,10180,杜江峰,2024-12-01 13:01:21,33,35,2,求你回科大，求你放过浙大，助力收敛
203376,10180,杜江峰,2024-11-19 11:22:19,1,2,1,无所作为
203377,10180,杜江峰,2024-11-19 11:28:58,1,2,1,见评论第一。
203378,10180,杜江峰,2024-12-11 07:34:36,275,289,14,1/10，他拿下浙大最差校长称号！
203381,10180,杜江峰,2024-11-19 11:35:29,15,16,1,来浙大一年多了，身为一个局内人都感受到了浙大的倒退。之前没有想过是校长的问题（因为忘记杜江峰什么时候上任的了），后来出了越来越多事儿（譬如学生诉求，学校声誉，学科评估等等），才发现校长似乎没有任何为人撑到的作为。\n\n我只能说，，，我祝他成功吧
203383,10180,杜江峰,2024-11-19 11:36:08,1,2,1,真的烂
203384,10180,杜江峰,2024-11-19 11:36:09,1,2,1,助力收敛
203386,10180,杜江峰,2024-11-19 11:40:01,1,2,1,h h h
203387,10180,杜江峰,2024-11-19 11:40:33,2,3,1,我們的教育的確有問題
203390,10180,杜江峰,2024-11-19 11:50:02,1,2,1,什么时候下台
203394,10180,杜江峰,2024-11-19 12:00:58,16,18,2,文社科学生的对立面，一味推崇理工、卷、毫无人文关怀的后果已经开始显现，67656能冲你一辈子
203396,10180,杜江峰,2024-11-19 12:11:19,1,2,1,逆大天
203404,10180,杜江峰,2024-11-19 12:24:37,2,3,1,滚蛋吧真的
203405,10180,杜江峰,2024-11-19 12:25:04,1,2,1,不喜欢不开心
203412,10180,杜江峰,2024-11-19 12:34:45,1,2,1,hh了
203417,10180,杜江峰,2024-11-19 12:44:59,1,3,2,。。。
203422,10180,杜江峰,2024-11-20 04:17:54,4,7,3,助力收敛
203423,10180,杜江峰,2024-11-19 13:04:28,3,4,1,byd搞了个什么玩意
203424,10180,杜江峰,2024-11-22 08:42:36,4,6,2,发生的事情太多了
203427,10180,杜江峰,2024-11-25 04:30:48,44,46,2,助力收敛
203432,10180,杜江峰,2024-11-19 13:53:25,1,2,1,huanleba
203433,10180,杜江峰,2024-11-19 13:55:57,-2,1,3,赶来支持
203434,10180,杜江峰,2024-11-19 13:57:03,1,2,1,yituo
203435,10180,杜江峰,2024-11-19 14:00:21,1,2,1,来打低分啦
203437,10180,杜江峰,2024-11-25 09:43:02,1,3,2,助力收敛
203438,10180,杜江峰,2024-11-19 14:29:45,1,2,1,冯了个福，雨伞不让挂门外，面子工程做到家了？装密码呢？
203439,10180,杜江峰,2024-11-19 14:39:21,1,2,1,能不能真心实意的考虑考虑学生的真正需求
203440,10180,杜江峰,2024-11-19 14:42:08,8,9,1,不发展学校综合实力，净整些没用的破幌子❗️❗️❗️不仅如此，这个泌阳的还出尔反尔、说话不算数，刚开学给竺院讲话的时候先说想让大家早点结束这玩意，多休息一会，结果自己跟个人机一样在哪哔哔了俩小时。这就算了，但这东西还跟戴着痛苦面具一样，好像是我们逼他参加，逼他念了俩小时似的。这一眼就知道淋雨那事是装模作样+蓄意炒作，渡江🐝你真是心机boy啊，想笼络人心是吧，那你还是觉得我们太好骗了，不会是你评上个院士，我们都不是院士，你就看我们都跟看蠢猪一样了吧？你讲个破壁话装模作样就算了，在校长的职位上也是一样，爬上来这几年招进什么大牛我反正是不知道🤷‍♂️，文科本来发展前景还不错，你个byd上来给文科干哪去了？虽然逆蝶我不是学文科而是学理科的，但说实话我感觉我们这发展状况也十分堪忧，这么多人就没几个说我们这个学院好的，反而很多人骂烂老师多。给学校干成这样，你个煞笔也真是功不可没。之前的傻逼思政制度不废除，重要会议倒没少逃，就这你都逃会了还指望着学生不逃课？做梦呢。糟老头子赶紧下课吧，老子不想看着老子上的中学和大学一起日渐衰落。\n\n马勒戈壁的故意搞坏浙大，㊗️好4️⃣\n\n😅😅😅😅😅
203441,10180,杜江峰,2024-11-19 14:45:23,11,15,4,让我看看现在有多少人在用查老师平台看djf的评论。
203442,10180,杜江峰,2024-11-19 14:52:01,1,2,1,差差差
203443,10180,杜江峰,2024-11-19 14:54:46,1,2,1,烂的很
203444,10180,杜江峰,2024-11-19 14:56:59,7,8,1,人在浙大心在科大\n\n哦不对，很多时候人也在科大
203445,10180,杜江峰,2024-12-12 14:29:28,16,19,3,浙大在倒退
203446,10180,杜江峰,2024-11-23 09:09:02,46,50,4,滚回科大和你江苏老家吧 亿万院士富翁 来浙大兼职校长了是吧\n\n学科面倒退 医学院某大牛 最近也是全职加入交大 你知道浙大接下来为因为少一个全职院士 相关领域少多少经费吗？ 再这样下去 浙大的家底都要被你败光了真有你的 \n\n本来校长应该组织的会和接待 全让任书记来 你跑回你的故地几个意思？\n\n来浙大 人才引进没做不说 人都要跑光了 你赶紧滚蛋吧 \n\n23年学科评估和年初三大奖 全部滑铁卢 你到底在干嘛？\n\n好多院士都要退休了 浙大下一代的学科建设 都要烂在你手里了？ 你不会真是科大来的卧底搞臭浙大的吧
203447,10180,杜江峰,2024-11-19 15:06:33,4,5,1,他只是把浙江大学作为进一步的跳板罢了
203448,10180,杜江峰,2024-12-12 09:04:18,12,14,2,這種成績，使人汗顏!如此成績，如何招生?\n\n發自我的手機。\n\n求你快滚吧🤣🤣🤣😄
203450,10180,杜江峰,2024-11-24 14:08:20,-37,3,40,棒棒哒
203452,10180,杜江峰,2024-11-19 15:24:09,15,15,0,林建华和蠹僵疯在下一盘象棋\n\n车 相侍帅仕相 车\n\n\n\n炮 炮\n\n兵 兵 兵 兵 兵\n\n楚河 汉界\n\n卒 卒 卒 卒 卒\n\n炮 炮\n\n\n\n车 象士将士象 车\n\n蠹僵疯发动 决堰 废除了坐骑栏
203453,10180,杜江峰,2024-11-19 15:30:42,7,7,0,好话说尽，坏事做绝
203454,10180,杜江峰,2024-11-19 15:37:21,8,9,1,最没用的东西，赶紧滚回去舔科大
203455,10180,杜江峰,2024-11-19 15:44:58,5,8,3,浙大是浙大人的浙大！
203457,10180,杜江峰,2024-11-26 07:29:23,9,12,3,牢杜快走吧，我们需要一位真正心系浙大的校长
203459,10180,杜江峰,2024-11-19 15:52:27,9,11,2,一年以来，看罢浙大一堆难以评说的事项，极其怀念过往校长在任的举动。杜校长，若心不在浙便勿误浙，不求向上，自甘中下。
203461,10180,杜江峰,2024-11-19 15:56:24,-20,2,22,杜老师是我的好老师！
203462,10180,杜江峰,2024-11-19 15:58:59,1,2,1,牢杜努力啊，不想看到我爱的浙大的退步
203466,10180,杜江峰,2024-11-19 16:21:56,1,2,1,泥浙吃枣药丸
203467,10180,杜江峰,2024-11-24 15:46:38,2,4,2,无需多言，只想问下为什么没有0分
203468,10180,杜江峰,2024-11-28 08:12:37,1,3,2,赶快换了吧
203469,10180,杜江峰,2024-11-19 16:34:08,8,11,3,文科怎么你了文科惹你哪了滚回中科大
203470,10180,杜江峰,2024-11-19 16:37:12,5,6,1,身為浙大的校長，羞也不羞！我們的教育確實有問題！
203471,10180,杜江峰,2024-11-19 16:37:52,2,3,1,滚回科大
203472,10180,杜江峰,2024-11-19 17:05:55,1,2,1,引咎辞职刻不容缓
203473,10180,杜江峰,2024-12-07 04:41:04,-313,15,328,真正的好校长
203474,10180,杜江峰,2024-11-19 17:08:48,-17,1,18,好老师捏
203475,10180,杜江峰,2024-11-19 17:09:21,11,13,2,呜呼哀哉，以前还因为和你同一个高中而快乐，你逼走了赵的那一刻，你知道多少文科学子已经在背后千夫所指万夫唾骂吗？没你马克思主义没你哲学爸爸你还在哪个山头挖你的笨坟呢
203479,10180,杜江峰,2024-11-19 19:07:33,1,2,1,收敛吧哈哈
203480,10180,杜江峰,2024-11-19 19:58:57,-4,1,5,...
203488,10180,杜江峰,2024-11-20 00:18:23,12,14,2,逆天完了
203490,10180,杜江峰,2024-11-20 00:30:43,34,36,2,平日这么忙还得兼职浙大校长，真是辛苦您啊😅
203492,10180,杜江峰,2024-11-20 00:49:05,9,11,2,💩中💩
203493,10180,杜江峰,2024-11-20 00:51:18,46,50,4,只能说今年整的烂活够多了，该出席的活动你是一个都没出场啊，科大的活动倒是经常去，这么喜欢以科大的身份露面而忽略浙大的话可以选择离开吧？为什么要在其位不谋其政？ 一首《我的科大心》送给你：\n\n我虽人在浙江省，\n\n我心依然是科大心❤️\n\n我的公司早已把我的一切\n\n烙上科大印\n\n国仪，量子，科大，安徽\n\n在我心中重千斤\n\n无论何时，无论何地\n\n心中一样亲\n\n另外就是调休是真够恶心的，有心思搞调休没心思处理一下主图基图附近的停车问题嘛？
203494,10180,杜江峰,2024-11-20 00:59:05,7,10,3,差评👎
203501,10180,杜江峰,2024-11-20 01:23:56,3,6,3,烂完了
203503,10180,杜江峰,2024-11-25 03:53:28,41,45,4,(ꐦÒ‸Ó)。。。。。98，朵朵，群众的呼声你看到了吗？我是大一小登，来到这个学校刚开始真的感觉很幸运，但我发现从来没看见过校长，其实我还自我安慰，觉得老人家比较忙，现在我醒悟了，就不是个合格的校长，你真的为学生考虑了吗？
203507,10180,杜江峰,2024-11-20 01:52:52,10,12,2,我們的教育確有問題\n\n發自我的手機
203511,10180,杜江峰,2024-11-20 02:08:19,2,5,3,浙大这是怎么了
203513,10180,杜江峰,2024-12-15 03:02:27,76,79,3,还我查老师！！！！
203515,10180,杜江峰,2024-11-20 02:17:29,-72,6,78,不知道在喷什么
203516,10180,杜江峰,2024-11-20 02:19:59,10,13,3,到浙大来做什么？‌\n\n做内鬼，甘当铺路石让中科大当top3
203519,10180,杜江峰,2024-11-20 02:30:16,3,4,1,失望捏
203524,10180,杜江峰,2024-11-20 02:39:33,2,2,0,lj38
203525,10180,杜江峰,2024-11-20 02:40:25,1,3,2,烂透了
203526,10180,杜江峰,2024-11-20 02:42:19,8,9,1,为什么没有0分!根据大数定律极限定律达芬奇定律拉普拉斯定律DJbee定律他应该是0分
203528,10180,杜江峰,2024-11-20 02:48:41,8,11,3,不想当校长可以不当
203530,10180,杜江峰,2024-11-20 02:51:18,4,5,1,嘻嘻，唐
203534,10180,杜江峰,2024-11-27 14:05:25,15,17,2,为什么没0分\n\n弹劾！
203535,10180,杜江峰,2024-11-20 03:01:28,9,10,1,浙大會在你手中走向黃昏嗎？
203536,10180,杜江峰,2024-11-20 03:02:22,3,3,0,懒得喷
203538,10180,杜江峰,2024-11-20 03:03:41,2,4,2,滚吧，懒得喷了
203539,10180,杜江峰,2024-11-20 03:06:15,-19,1,20,没招我进折大😡
203541,10180,杜江峰,2024-11-20 03:06:44,9,11,2,我只知道他貌似跟物院没有一丁点交流
203543,10180,杜江峰,2024-11-20 03:12:28,15,19,4,很喜欢98的一句评论：\n\n太不求是，被你暴击\n\n学校出了问题，学生给校长打低分，很正常。你毕竟是校长，要对学校负责。\n\n先不论杜校长是否对学校负责，你就说这开学以来学校有多少逆天事情？
203544,10180,杜江峰,2024-11-20 03:13:24,-3,1,4,不行，阻力
203545,10180,杜江峰,2024-11-20 03:37:58,-126,13,139,djf手下没有可用的人，被党委书记架空了，一群人不知道内情在口嗨
203548,10180,杜江峰,2024-11-20 03:25:33,1,2,1,死死死
203549,10180,杜江峰,2024-11-20 03:28:59,1,2,1,不想说
203550,10180,杜江峰,2024-12-01 04:29:57,19,22,3,怪不得你这逼啥也不作为，原来是个3401开头的江北人。刚波宁。应该去繁华腹地上海滩去整那俩学校。
203554,10180,杜江峰,2024-11-20 03:43:59,1,2,1,垃圾一个
203555,10180,杜江峰,2024-11-20 03:50:33,1,2,1,万泉部诗人
203558,10180,杜江峰,2024-11-20 04:32:25,1,3,2,hhh
203560,10180,杜江峰,2024-11-20 04:41:51,10,12,2,我的科大心\n\n我虽人在浙江省，\n\n我心依然是科大心❤️\n\n我的公司早已把我的一切\n\n烙上科大印\n\n国仪，量子，科大，合肥\n\n在我心中重千斤！\n\n无论何时，无论何地，\n\n心中一样亲，\n\n\n\n流在心的血，\n\n澎湃着科大的声音，\n\n就算身在浙大也改变不了，\n\n我的科大心❤️
203563,10180,杜江峰,2024-11-20 04:53:10,12,13,1,依托勾石，在浙大的文科生真的很迷茫，感觉浙大是一所没有人文关怀的学校
203564,10180,杜江峰,2024-11-20 05:03:03,1,2,1,接离职
203567,10180,杜江峰,2024-11-20 05:13:34,2,3,1,春钩式
203568,10180,杜江峰,2024-11-20 05:15:04,1,2,1,烂完了
203570,10180,杜江峰,2024-11-20 05:26:12,1,3,2,毁了。
203575,10180,杜江峰,2024-11-20 05:35:56,1,1,0,滚。。
203577,10180,杜江峰,2024-12-14 12:37:06,17,17,0,直接把网站墙了可太牛了
203578,10180,杜江峰,2024-11-20 05:48:30,12,13,1,gun回你的科大，gun回你的安徽
203579,10180,杜江峰,2024-11-20 05:50:20,13,14,1,还真是，牢杜来了浙大以后，我浙发展水平还就那个急转直下，一天天的还往科带跑，也是真的牛批
203580,10180,杜江峰,2024-11-20 05:52:14,2,2,0,🌶︎🐔，衮回科大
203581,10180,杜江峰,2024-11-20 05:58:50,13,15,2,每次后悔进了文学院就来看看评论消消气……
203582,10180,杜江峰,2024-11-20 06:00:40,1,1,0,唉，，
203583,10180,杜江峰,2024-11-20 06:00:40,4,4,0,来浙大以后什么都没干，啥时候滚回去呢慢走不送
203585,10180,杜江峰,2024-11-20 06:03:45,1,1,0,好奇怪，不作为
203589,10180,杜江峰,2024-11-21 08:37:01,6,9,3,浙大快从top3掉下去了
203590,10180,杜江峰,2024-12-09 09:33:48,4,5,1,这酒誓师
203591,10180,杜江峰,2024-11-20 06:18:38,2,2,0,平衡一下，不至于加
203592,10180,杜江峰,2024-11-25 04:18:36,1,2,1,。这。
203596,10180,杜江峰,2024-11-20 06:39:27,9,10,1,我們的教育確有問題，羞也不羞!\n\n希望能来一个真正有能力有作为的校长，真正的沉淀综合性大学。\n\n真的感觉是在打压，倒行逆施。\n\n建议改成\n\n中国科学技术大学\n\n浙江大学校长办公室
203598,10180,杜江峰,2024-11-20 06:36:27,1,1,0,不要搞坏我浙
203599,10180,杜江峰,2024-11-20 06:36:46,2,3,1,让人很失望啊...校长远远没有学生爱这个校园啊
203603,10180,杜江峰,2024-11-20 06:46:41,1,1,0,回你的中科大ok？
203605,10180,杜江峰,2024-11-20 06:54:06,1,1,0,助力！
203606,10180,杜江峰,2024-11-20 06:58:16,6,6,0,浙大出现的问题越来越多了，感觉校长难辞其咎
203607,10180,杜江峰,2024-11-20 07:00:32,0,0,0,难绷啊
203608,10180,杜江峰,2024-11-28 03:16:44,3,3,0,勾史。
203610,10180,杜江峰,2024-11-20 07:04:06,2,4,2,不懂，网红大学的网红校长
203615,10180,杜江峰,2024-11-20 07:10:20,0,0,0,以事实为依据
203617,10180,杜江峰,2024-11-20 07:12:22,1,3,2,招笑sb 趁早滚蛋
203621,10180,杜江峰,2024-11-20 07:28:27,3,5,2,想请你吃紫蛋
203622,10180,杜江峰,2024-11-20 07:35:51,4,5,1,心不在浙大的浙大校长
203632,10180,杜江峰,2024-11-25 03:40:34,430,436,6,天花板 砸在我的脸上🤑\n\n段永平的捐款就变了模样😎\n\n接一壶云顶山泉往胃里装🤢\n\n喝了它有神奇的力量🤮\n\n假贫困 保研入党🤗\n\n全球都是去过的地方🤡\n\n鲁东大学把论文一通改装🤔\n\n教授亲妈帮我拿竺奖😋
203634,10180,杜江峰,2024-11-25 04:34:34,30,31,1,其他不知道，反正智云和学在浙大的确越来越差
203635,10180,杜江峰,2024-11-20 08:13:06,5,5,0,太不求是，被你暴击
203638,10180,杜江峰,2024-11-20 08:33:25,4,4,0,我們的校長確有問題
203639,10180,杜江峰,2024-11-20 08:33:37,7,7,0,快结束任期吧
203641,10180,杜江峰,2024-12-13 05:30:36,145,151,6,emm
203642,10180,杜江峰,2024-11-20 08:59:52,0,0,0,南平哈
203643,10180,杜江峰,2024-11-20 09:30:00,11,15,4,瘟神\n\n浙大需要一位浙江大学毕业的校长，最好是一位浙江人，这样的人对浙大最有感情，不会吃里扒外胡作非为
203648,10180,杜江峰,2024-11-20 10:08:30,2,2,0,还我老校长 还我求是创新 求仕创薪滚出浙大
203649,10180,杜江峰,2024-11-20 10:09:08,3,3,0,不太行啊，作为即将毕业的老登确乎感觉没有上一任好，在校内都没啥存在感
203660,10180,杜江峰,2024-11-20 11:08:13,2,2,0,真毁了
203665,10180,杜江峰,2024-11-20 11:25:21,7,7,0,迟钝的人文社科学子现在才反应过来为什么体验变差了，我们院领导开始焦头烂额学生升学名额出问题的事儿了。原来是有个中科大卧底来当我们一把手了啊，拍谍战片呢？
203666,10180,杜江峰,2024-11-20 11:28:14,2,2,0,碌碌无为，文科一团糟，理科不见长，赶紧滚蛋
203668,10180,杜江峰,2024-11-29 04:41:21,6,8,2,似全甲，眉目德
203673,10180,杜江峰,2024-11-20 11:53:46,2,2,0,垃圾djf
203675,10180,杜江峰,2024-11-20 12:04:33,4,4,0,可能科研厉害，可惜为人没啥格局，没有眼界，作为新地方的一把手还这么想给老东家服务，这种能力一辈子就只能在地方上盘踞。
203678,10180,杜江峰,2024-11-20 12:26:05,0,1,1,无语啦
203679,10180,杜江峰,2024-11-20 12:28:57,9,9,0,看看98一周十大吧 byd一个礼拜的逆天事比别的学校一年还精彩
203681,10180,杜江峰,2024-11-20 12:35:02,10,12,2,来浙大四年，最初的智云课堂浙大体艺各种app虽然麻烦，但是可以满足上课生活各个方面。\n\n然后现在考个概统崩一次的学在浙大，不能看直播的智云，胡乱定位的体艺，感觉校园生活相关东西都在倒退。\n\n其实来浙之前我就听说艺术与考古学院的宋代绘画大集，虽然是理工科，但是看到学校的全面发展还是很开心的，就和军训时唱校歌“有文有质 有农有工”的骄傲一样。\n\n但是没有想到d要在学校层面要将辛苦构建社会科学学科进行大刀阔斧的变革，最浅显的讲学校社科同学的毕业就业怎么办？一个刚建好就被砍了的学院能在就业市场有多大分量？\n\n如果d还是这样，把浙大改成一条腿支撑的科大2.0版本，那还是灵隐寺抢个头香，祈祷明年换个校长吧
203683,10180,杜江峰,2024-11-20 12:42:26,4,6,2,肥科学子到此一游
203689,10180,杜江峰,2024-11-20 13:03:26,4,4,0,没有你对我们很重要
203696,10180,杜江峰,2024-11-20 13:46:29,1,1,0,竺院人深觉悲哉
203705,10180,杜江峰,2024-12-03 07:17:07,14,15,1,已阅
203707,10180,杜江峰,2024-12-15 13:23:19,9,12,3,查老师。。。
203708,10180,杜江峰,2024-11-20 16:08:50,5,5,0,浙大不是中国第二科技大学！
203709,10180,杜江峰,2024-11-20 16:24:45,2,2,0,滚回你的科大去吧😅
203710,10180,杜江峰,2024-11-20 16:29:41,2,2,0,垃圾滚
203711,10180,杜江峰,2024-11-20 16:55:35,1,1,0,😡😡😡
203712,10180,杜江峰,2024-11-20 17:00:01,6,6,0,你不把学生放在心中，自会被学生踩到泥里。既已在其位，为何不谋其职！（另：查老师真的不能上线个零分甚至负分吗，真的很需要）
203713,10180,杜江峰,2024-11-20 17:23:14,0,0,0,，，，
203717,10180,杜江峰,2024-12-30 19:16:30,212,220,8,暖风熏得江峰醉，直把杭州作庐州\n\n这种小人也就在国内特殊环境能继续当校长，引发人才大量流失，换到国外哪怕是香港都要给弹劾无数次了。研究生院40周年的解释回避重点问题，苍白无力，而且引发舆论黑浙大，黑浙江，扣个浙大排外的帽子。没有人在意你的作者单位是科大还是浙大，浙大师生在意的是你工作态度敷衍不作为，根本不把浙大校长这个职位当成主业，也不愿意深入调研学科发展，两年下来，理工科三大奖倒退创新低，文科资深教授引进为0最近一个月就两个大牛去了复旦，医学院士跑路交大。两年下来的工作成效还不如朝晖工作两个星期的成效，把前任们好不容易积累下来的成绩都挥霍掉了。现在高校竞争不进则退，慢进也是退，懒政更是退。浙大几十年下来一直在进步，这样的倒退很难让人接受。
203718,10180,杜江峰,2024-11-20 20:38:40,1,1,0,身在曹营心在汉
203731,10180,杜江峰,2024-12-04 01:31:19,10,13,3,一塌糊涂
203739,10180,杜江峰,2024-11-21 01:53:47,10,11,1,赶紧回你的中科大吧😅来了之后学校一堆破事也不管，毫无作为
203743,10180,杜江峰,2024-12-13 08:32:33,137,142,5,只搞科研的话是好的，但是当校长对浙大没什么用，下去沉淀沉淀
203749,10180,杜江峰,2024-11-21 02:26:44,20,22,2,啥时候换校长啊啥时候换校长啊啥时候换校长啊啥时候换校长啊啥时候换校长啊啥时候换校长啊啥时候换校长啊啥时候换校长啊啥时候换校长啊啥时候换校长啊啥时候换校长啊啥时候换校长啊啥时候换校长啊啥时候换校长啊啥时候换校长啊啥时候换校长啊啥时候换校长啊啥时候换校长啊啥时候换校长啊
203759,10180,杜江峰,2024-11-21 02:48:14,7,9,2,滚回中科大
203760,10180,杜江峰,2024-11-21 02:53:14,4,6,2,太让人失望了
203764,10180,杜江峰,2024-11-21 03:01:58,2,4,2,真的烂
203780,10180,杜江峰,2024-11-21 04:13:55,1,3,2,勾石👎🏻
203782,10180,杜江峰,2024-11-21 05:00:25,15,18,3,好久没上 98 和朵朵今天看了一眼…\n\n​浙大怎么突然就成这样了啊\n\n人文要缩减到一个学院的体量……\n\n浙大校长杜江峰有没有考虑过，他一天天以中科大主任自居时，浙大的校长一职赋予他的是浙大的声誉？\n\n作为浙大脸面的杜江峰校长有没有考虑过，他作为校长缺席的人才招聘，正在毁掉浙大学术科研的立身之本？\n\n中科大的杜江峰主任有没有考虑过，浙江省有很多学文科的学生，因为他的异想天开就只能出省读书？浙大受浙江省经费供养，吃奶还要骂娘？\n\n​智云课堂的直播就要关？\n\n是人能做出来的事情吗？\n\n​想办死读书的就去当高考工厂的校长领导，不招文科生的那种\n\n​说句不客气的话，作为一个刚到浙大两年的新人，他有没有问过自己浙大两问？会不会唱校歌里的“有文有质，有农有工”？知不知道毕至居是连在一起的，而不是毕～至居？如果没想过不知道或者是不会的话，这个大学里到处都是人可以教他。
203786,10180,杜江峰,2024-11-21 05:11:13,3,3,0,懒政怠政
203787,10180,杜江峰,2024-11-21 05:15:11,0,0,0,111
203788,10180,杜江峰,2024-12-06 11:16:54,28,30,2,这个网站为什么不能打零分不能打负分，djf连1分都不配
203794,10180,杜江峰,2024-11-21 05:49:05,6,7,1,真的挺想给你纱了\n\n对浙大已经失望至极
203798,10180,杜江峰,2024-11-21 06:13:19,8,8,0,你要毁了人文社科吗
203805,10180,杜江峰,2024-11-21 06:32:48,3,3,0,折旧史诗
203815,10180,杜江峰,2024-12-12 08:33:24,12,13,1,对不起，没忍住，又犯错了
203826,10180,杜江峰,2024-11-21 09:58:00,4,4,0,我只想要一个正常的大学。。。
203829,10180,杜江峰,2024-11-21 10:24:12,2,3,1,沙乱一个
203830,10180,杜江峰,2024-11-21 10:32:07,7,7,0,最近出事太多了，来水个低分（闹到明面上的都已经这么多了，你是真不处理呀）
203831,10180,杜江峰,2024-12-26 06:29:00,54,60,6,原本还希望你带领浙大继续保持发展的态势，后来发现你政绩平平不能为浙大发展作出太多的贡献，现在发现你TM带着浙大俯冲华五守门员……能不能快点下台啊，浙大经不起你这样折腾。仅凭一己之力拉低全校67656/67656的学历，你也是无敌了。
203840,10180,杜江峰,2024-11-21 12:09:41,3,4,1,学校确实越来越差了
203841,10180,杜江峰,2024-11-21 12:24:43,5,6,1,尸位素餐，你拿浙大当跳板，就等着浙大人一人一口唾沫淹死你吧！这么多天一点声音也没有，装死呢
203844,10180,杜江峰,2024-11-21 13:03:44,1,1,0,回你的中科大去吧
203855,10180,杜江峰,2024-11-21 13:53:28,3,4,1,本科生不懂这校长这么差劲的嘛，为啥没有老师学生站出来提意见呢
203860,10180,杜江峰,2024-11-21 14:44:02,1,1,0,失望。
203861,10180,杜江峰,2024-11-21 14:54:57,1,1,0,文科生，很绝望，幸好快毕业了
203862,10180,杜江峰,2024-11-21 14:56:44,0,0,0,爱来自社科学生
203863,10180,杜江峰,2024-11-29 08:42:27,11,13,2,远看一条狗，近看杜江峰
203864,10180,杜江峰,2024-11-26 02:28:42,87,89,2,远愧对竺可桢\n\n近愧对吴朝晖\n\n上愧对天地\n\n下愧对师生\n\n浙大历任校长中排名倒数的存在\n\n最近的感觉就是学校快要倒闭了\n\n浙江大学求你放过我
203865,10180,杜江峰,2024-11-21 15:09:09,0,1,1,难如评
203872,10180,杜江峰,2024-11-21 15:32:55,5,8,3,操你妈\n\n有看到这条评论的，它死的那一天，你打我电话19012770986，我请你吃饭（如果不方便我可以V你50）
203877,10180,杜江峰,2024-11-21 15:52:42,0,0,0,不行不好
203880,10180,杜江峰,2024-11-21 16:05:37,4,4,0,蠹僵疯
203883,10180,杜江峰,2024-11-21 16:48:12,0,0,0,埃及拔草
203892,10180,杜江峰,2024-11-22 00:28:46,17,17,0,助学金不处理你浙吃枣药丸
203894,10180,杜江峰,2024-11-22 00:41:52,25,26,1,亲眼见证社会学系几乎毁在杜的任内，人文社科全面倒退，作为理工科的学生，浙大理工在这两年也几乎没有进步，在经费全面领先的前提下，新招聘的教职队伍水平甚至不如上海交通大学
203895,10180,杜江峰,2024-11-22 00:53:35,10,14,4,把文科砍成一个学院的体量，找了两天出处，来源是小红书？
203899,10180,杜江峰,2024-11-22 01:30:31,4,6,2,继续装亖吧
203900,10180,杜江峰,2024-12-16 03:23:51,5,6,1,真难评
203901,10180,杜江峰,2024-11-22 01:40:31,0,1,1,😂😂😂
203902,10180,杜江峰,2024-11-22 01:39:17,1,2,1,神金牢杜
203904,10180,杜江峰,2024-11-22 01:44:04,0,1,1,出生桂霞
203908,10180,杜江峰,2024-11-22 11:05:48,11,11,0,无为而治，方能治校
203913,10180,杜江峰,2024-11-22 03:09:59,0,1,1,哎哎哎
203914,10180,杜江峰,2024-11-28 02:31:40,1,3,2,助力收敛
203922,10180,杜江峰,2024-11-22 04:00:28,5,7,2,我們的校長確有問題！
203929,10180,杜江峰,2024-11-22 05:25:18,0,2,2,。。。。。。。。。。。。。。。。。。。。。。。。。。。。。。。。。。。。。。。。。。。。。。。。。。。。。。。。。。。。。。。。
203930,10180,杜江峰,2024-11-27 06:52:44,1,2,1,bydbyd
203932,10180,杜江峰,2024-11-22 05:41:24,3,5,2,打多了，有零分的选择会选零分
203933,10180,杜江峰,2024-11-22 05:43:25,4,4,0,已经毕业了，但是看到最近发生的事情就很生气
203934,10180,杜江峰,2024-11-22 05:47:44,1,2,1,不太求是
203943,10180,杜江峰,2024-11-22 06:39:50,1,2,1,没有零分吗
203946,10180,杜江峰,2024-11-25 04:16:33,6,7,1,怎么还没死
203958,10180,杜江峰,2024-11-22 08:37:14,0,1,1,。。。。
203960,10180,杜江峰,2024-11-22 08:39:33,2,3,1,老登！\n\n抽!!(￣ε(#￣)☆╰╮(￣▽￣///)
203961,10180,杜江峰,2024-11-22 08:44:14,4,5,1,诸君说的很好，我便不再赘述了，桩桩件件，中科大之心昭然若揭
203963,10180,杜江峰,2024-11-22 08:56:44,0,1,1,。z z
203966,10180,杜江峰,2024-12-15 11:36:14,4,6,2,三个字
203967,10180,杜江峰,2024-11-22 09:11:28,0,1,1,回中科大吧
203971,10180,杜江峰,2024-11-22 09:42:43,0,1,1,优秀的科大老师
203972,10180,杜江峰,2024-11-22 09:49:35,0,1,1,不行呢
203974,10180,杜江峰,2024-11-22 10:30:35,1,2,1,来了之后瓜肉眼可见的多了......
203975,10180,杜江峰,2024-11-22 10:32:18,1,2,1,助力杜江峰评分收敛
203976,10180,杜江峰,2024-11-22 10:34:13,0,1,1,我是一只杜江🐝 嗡嗡嗡嗡嗡
203977,10180,杜江峰,2024-11-22 10:35:13,0,1,1,傻逼（至少要写三个字哦：（
203978,10180,杜江峰,2024-11-22 10:48:46,1,2,1,快回你的舒适圈吧，别来浙搞我们学生了
203981,10180,杜江峰,2024-11-28 14:41:53,-7,2,9,为杜校长点赞👍
203982,10180,杜江峰,2024-11-22 11:34:30,0,1,1,确实没什么用
203984,10180,杜江峰,2024-11-22 11:39:35,0,1,1,大家都说是科大潜伏在浙大的卧底，不是没有道理。
203985,10180,杜江峰,2024-12-05 12:48:27,1,7,6,怎么还没收敛？
203986,10180,杜江峰,2024-11-22 12:15:17,3,4,1,浙大值得更好的校长
203989,10180,杜江峰,2024-11-22 13:12:25,2,3,1,能干干，不能干下课。\n\n林建华呆了两年，你也别多呆着，回你的公司去吧。
203996,10180,杜江峰,2024-11-22 15:01:39,0,1,1,杜校长要用心啊
204004,10180,杜江峰,2024-11-23 03:10:00,1,3,2,无话可说
204005,10180,杜江峰,2024-11-23 03:14:01,17,18,1,叛国投敌的叫汉奸，牢杜应该称“浙奸”
204008,10180,杜江峰,2024-11-23 03:20:54,8,11,3,三个月彻底完成祛魅
204010,10180,杜江峰,2024-11-23 03:31:16,1,2,1,假乱空
204011,10180,杜江峰,2024-11-26 16:39:47,2,3,1,懒得喷
204012,10180,杜江峰,2024-11-23 03:40:39,1,3,2,臭傻B
204014,10180,杜江峰,2024-11-23 03:59:18,2,3,1,师傅你是做什么的？
204022,10180,杜江峰,2024-11-23 06:27:15,5,6,1,我是史学家，djf就是史
204024,10180,杜江峰,2024-12-01 13:15:22,28,31,3,你玩原神吗
204029,10180,杜江峰,2024-11-23 08:54:26,6,9,3,评分即将收敛成功，同志们仍须努力
204030,10180,杜江峰,2024-11-28 06:02:59,2,3,1,赶快爬回科大杜院士首先是科大的啊，其次才是浙大校长。
204032,10180,杜江峰,2024-11-23 09:29:54,6,7,1,改革你木的神农班
204033,10180,杜江峰,2024-11-23 10:00:47,4,5,1,唉，第一年就遇到你真是倒了八辈子霉
204042,10180,杜江峰,2024-11-23 10:58:56,0,1,1,111
204043,10180,杜江峰,2024-11-23 10:59:17,0,1,1,就是史
204047,10180,杜江峰,2024-12-06 06:46:09,2,5,3,无法评价
204061,10180,杜江峰,2024-11-23 13:33:30,2,4,2,shame on ZJU
204063,10180,杜江峰,2024-11-30 02:11:16,24,27,3,不想多说什么，好聚好散吧。老杜。
204064,10180,杜江峰,2024-11-23 14:01:24,0,1,1,emmm
204069,10180,杜江峰,2024-11-23 16:13:21,17,20,3,你装备了 诸葛连弩\n\n你对 杜江峰 使用了 杀\n\n杜江峰 受到了1点伤害 体力为3\n\n你对 杜江峰 使用了 杀\n\n杜江峰 受到了1点伤害 体力为2\n\n你对 杜江峰 使用了 杀\n\n杜江峰 受到了1点伤害 体力为1\n\n你对 杜江峰 使用了 杀\n\n杜江峰 受到了1点伤害 体力为0\n\n杜江峰 进入了濒死状态\n\n你 杀死了 杜江峰，杜江峰 阵亡\n\n杜江峰 的身份是 内奸\n\n本来想给你打五分，但是被谋黄忠一刀砍掉了四分，所以给你1分\n\n本来想给你打五分，但是被界徐盛古锭刀酒杀砍了四分，给你一分\n\n本来想给你打五分，但是被神孙策扣掉了四分，给你一分\n\n本来想给你十分，但是被神甘宁劫营全拿走了，给你零分……诶？！怎么没有零分
204082,10180,杜江峰,2024-11-26 07:27:23,16,19,3,国人皆曰不可，然后察之；见不可焉，然后去之
204083,10180,杜江峰,2024-11-24 02:27:28,3,4,1,只为打出一分
204085,10180,杜江峰,2024-11-24 02:52:41,8,10,2,煞笔死马浙奸
204087,10180,杜江峰,2024-11-25 14:33:32,7,9,2,shame on you!\n\n喜欢在科干活能不能早点滚回去？\n\n求仕创薪，服了
204089,10180,杜江峰,2024-11-24 03:47:55,2,3,1,滚回中科大
204095,10180,杜江峰,2024-11-24 05:45:23,2,3,1,滚出浙大
204103,10180,杜江峰,2024-11-24 07:44:14,2,4,2,看不到对浙大的贡献
204106,10180,杜江峰,2024-11-24 08:20:21,3,4,1,赶紧给我把专业课老师换了，md讲课真是一坨，都不如我去看b站
204111,10180,杜江峰,2024-11-24 09:57:50,0,1,1,见证历史
204113,10180,杜江峰,2024-11-24 13:03:05,8,9,1,拒绝中科大向我浙渗透!
204119,10180,杜江峰,2024-11-24 11:57:38,14,18,4,查老师是出问题了吗？为什么这两天感觉评分人数不再增加了，并且评论的最新日期一直在更新，但是同样的几条评论？
204121,10180,杜江峰,2024-11-25 09:34:46,0,1,1,。。。。。。
204131,10180,杜江峰,2024-11-24 14:06:03,0,1,1,为评分贡献自己的力量(⁎⁍̴̛ᴗ⁍̴̛⁎)
204134,10180,杜江峰,2024-11-24 14:35:06,0,1,1,NULL
204135,10180,杜江峰,2024-11-24 14:35:06,0,1,1,笑死我了
204136,10180,杜江峰,2024-11-24 14:38:10,0,1,1,收敛至1
204138,10180,杜江峰,2024-12-01 02:28:58,47,48,1,主图边上不能停车  那我下次把车停到校长办公室里去 赞
204139,10180,杜江峰,2024-11-24 14:44:53,1,2,1,很难评
204141,10180,杜江峰,2024-11-24 15:11:27,0,1,1,烂就完了
204142,10180,杜江峰,2024-11-24 15:40:01,4,5,1,科大的狗
204143,10180,杜江峰,2024-11-24 15:40:08,-9,0,9,加油！
204144,10180,杜江峰,2024-11-24 15:43:56,1,2,1,无用，不知道的还以为没这人呢
204145,10180,杜江峰,2024-11-24 15:46:04,1,2,1,什么时候下课
204146,10180,杜江峰,2024-11-24 16:12:50,1,2,1,唉唉唉唉
204147,10180,杜江峰,2024-11-24 16:20:36,13,16,3,🐝一日不下台，zju一日不得出头。zju破事一堆其实也能反映行政真的是开倒车，最近鲜少看🐝露面，任书记倒是忙个不停，本来觉得任书记很装模作样，现在发现他才是干实事的人，🐝才是那个无耻的、尸位素餐的、身在曹营心在汉的、不作为的、形式主义的、厚颜无耻的、装模作样的、金钱迷眼的、不知是非的、惰政懒政的人，该走了，牢杜！
204148,10180,杜江峰,2024-11-24 16:46:20,25,27,2,yysy最近闹的事是真的多，也是真不处理啊😅，我们zjuers是24/67656的，是打卡一公里超过10min无效的，是食堂里和各种昆虫共同进餐的，是传奇耐崩王学在浙大两次被概统冲崩的，是关闭智云课堂直播的，是助学金不给贫困生给其他sb看演唱会的，是整个秋学期八周只有一个正常双休还是期中考试周的，是不需要发展人文社科的，是竺院高人一等毕业以后带个（H）的。学生意见你是一点不听啊，那你就等着凉吧
204156,10180,杜江峰,2024-11-24 23:28:17,2,2,0,无敌了
204165,10180,杜江峰,2024-11-25 01:14:10,41,45,4,烂好人，表面功夫大师，适合混官场，不适合领导学校
204170,10180,杜江峰,2024-11-25 01:47:22,7,9,2,.。。
204171,10180,杜江峰,2024-11-25 01:52:17,11,13,2,逆天蜂🐝
204173,10180,杜江峰,2024-11-25 02:23:14,6,7,1,望之不似人君
204174,10180,杜江峰,2024-11-25 02:27:37,0,2,2,我是一只dj🐝，嗡嗡嗡嗡嗡
204176,10180,杜江峰,2024-11-25 02:30:07,2,3,1,哈基米
204177,10180,杜江峰,2024-11-25 02:31:26,2,4,2,快换下一任吧
204178,10180,杜江峰,2024-11-25 02:36:10,4,6,2,尸位素餐
204179,10180,杜江峰,2024-11-25 02:42:04,9,11,2,纯cs，赶紧滚蛋，助学金，竺奖，桶装水，无敌校长
204180,10180,杜江峰,2024-11-25 02:48:26,1,2,1,看着他上任的。\n\n没有感觉这段时间学校有变好。
204181,10180,杜江峰,2024-11-25 02:48:54,2,4,2,首页还是2.3，助力收敛
204182,10180,杜江峰,2024-11-25 03:12:30,13,14,1,下面那哥们快把你的评论编辑
204183,10180,杜江峰,2024-11-25 02:54:28,18,19,1,你是不是中科大派过来祸祸浙大重新洗牌top3的间谍？
204184,10180,杜江峰,2024-11-25 02:55:37,0,1,1,不多说了
204185,10180,杜江峰,2024-11-25 04:26:25,1,2,1,没话说。。。。你快回去把。。。把校长留给真正适合的人
204186,10180,杜江峰,2024-11-25 03:00:08,1,2,1,收敛于1
204187,10180,杜江峰,2024-11-25 02:58:34,1,2,1,收敛收敛
204188,10180,杜江峰,2024-11-25 02:58:49,0,1,1,回你的中科大去吧
204189,10180,杜江峰,2024-11-25 02:59:47,1,3,2,再带大火冲一会吧
204190,10180,杜江峰,2024-11-25 03:01:25,1,2,1,浙奸。
204191,10180,杜江峰,2024-11-25 03:03:11,1,2,1,该有的改革是一点没有，说好听点，d的心思或许根本不在浙大更求是上
204192,10180,杜江峰,2024-11-25 03:03:27,12,14,2,记录一下评分低于Mario时刻
204193,10180,杜江峰,2024-11-25 03:03:31,1,2,1,纯够矢
204194,10180,杜江峰,2024-11-25 03:05:44,0,1,1,。。。
204195,10180,杜江峰,2024-11-25 03:05:48,53,54,1,校长办公室喝不喝云顶山泉呀
204197,10180,杜江峰,2024-11-25 03:10:11,1,3,2,埃及吧当不当
204198,10180,杜江峰,2024-11-25 03:12:09,0,2,2,fw滚回科大
204199,10180,杜江峰,2024-11-25 03:14:06,9,11,2,身位浙主，心滞庐州\n\n呜呼哀哉，难悟小民之贫
204201,10180,杜江峰,2024-11-25 03:19:04,3,5,2,不好评价，来浙大这辈子有了
204203,10180,杜江峰,2024-11-25 03:20:21,12,14,2,1分是查老师的极限，不是你的
204204,10180,杜江峰,2024-11-25 03:21:12,20,21,1,感觉网站要命不久矣😢
204205,10180,杜江峰,2024-11-25 03:22:51,13,15,2,大一小灯\n抱着美好的幻想来浙大\n现在幻想破灭得差不多了，一大半原因可以归咎为毒姜🐝\n身为浙大校长心向科大，有没有责任心？浙大在你心中什么地位？？你除了发挥“求仕创薪”还会啥？？？
204207,10180,杜江峰,2024-11-25 03:29:39,9,13,4,入学第四年第一次见浙大这么多负面新闻的一个学期
204208,10180,杜江峰,2024-11-25 03:29:47,0,3,3,。。。
204211,10180,杜江峰,2024-11-25 03:31:19,23,27,4,收敛于1；底下评论注意一下，别把查老师搞封掉了
204213,10180,杜江峰,2024-11-25 03:33:24,3,4,1,小登害怕极了
204214,10180,杜江峰,2024-11-25 03:33:57,1,2,1,啥作为没有，失望了
204217,10180,杜江峰,2024-11-25 03:39:10,1,3,2,请你回到您亲爱的科大，别来霍霍浙大同学了
204218,10180,杜江峰,2024-11-25 03:45:02,-39,1,40,好校长
204219,10180,杜江峰,2024-11-27 09:00:23,32,36,4,朝晖遍洒沐清晨，江峰晦暗匿前程。人问功绩何处在，皖中科大娘家人。\n\n弹劾！弹劾！弹劾！滚回科大搞你的功名利禄去吧混蛋
204220,10180,杜江峰,2024-11-25 03:48:02,4,5,1,师傅你是做什么工作的
204222,10180,杜江峰,2024-11-25 03:49:41,0,1,1,cycy
204224,10180,杜江峰,2024-11-25 03:53:08,0,1,1,唉。。
204226,10180,杜江峰,2024-11-25 04:00:53,1,3,2,云顶山泉
204228,10180,杜江峰,2024-11-25 04:05:39,0,1,1,中流砥柱浪滔滔
204231,10180,杜江峰,2024-11-25 04:10:06,0,1,1,助力收敛
204232,10180,杜江峰,2024-11-25 04:11:44,0,1,1,，，，，，。，，，，，
204233,10180,杜江峰,2024-11-27 04:16:44,16,19,3,杜sb滚出浙大
204234,10180,杜江峰,2024-11-26 08:03:15,24,27,3,不想干实事就滚回你的科大 再不好好治理一下学校都要跌出qs前50了 影响我申博
204235,10180,杜江峰,2024-11-25 04:18:11,1,3,2,司马的傻逼东西，蠢猪
204237,10180,杜江峰,2024-11-25 04:24:33,0,2,2,懒得喷
204238,10180,杜江峰,2024-11-25 04:25:09,7,10,3,光在他任上 四个月不发工资， 睡前必骂他，不骂睡不着，lz马上快要饿死了，天冷一点又快要冻死了
204239,10180,杜江峰,2024-11-25 04:27:49,1,2,1,屎...
204240,10180,杜江峰,2024-11-25 04:29:21,0,3,3,伞兵.
204242,10180,杜江峰,2024-11-25 04:47:21,0,1,1,助力收敛
204244,10180,杜江峰,2024-11-25 04:49:55,1,3,2,太好了，是老杜，我们没救了
204245,10180,杜江峰,2024-11-25 04:52:04,0,2,2,闹麻了
204246,10180,杜江峰,2024-11-25 04:53:17,1,2,1,碌碌无为，胡乱折腾\n\n没什么说的，评论已经有同学说的很明白了
204247,10180,杜江峰,2024-11-25 04:54:26,1,3,2,c s
204250,10180,杜江峰,2024-11-25 05:09:07,8,9,1,校長辦已經到了厚顏無恥的地步！
204251,10180,杜江峰,2024-11-25 05:10:02,1,2,1,加速收敛
204252,10180,杜江峰,2024-11-25 05:10:10,1,2,1,助力收敛
204254,10180,杜江峰,2024-11-25 05:13:48,9,10,1,没有文科的综合性大学不能称之为世界一流大学
204255,10180,杜江峰,2024-11-25 05:21:22,1,2,1,尸位素餐的典型
204256,10180,杜江峰,2024-11-25 05:21:53,0,2,2,真的捞
204257,10180,杜江峰,2024-11-25 05:27:39,2,3,1,昏庸无能，乌烟瘴气
204258,10180,杜江峰,2024-11-25 05:27:02,0,1,1,不负责
204261,10180,杜江峰,2024-11-25 05:40:17,1,2,1,改改吧
204263,10180,杜江峰,2024-11-25 05:39:01,3,4,1,依托勾史
204264,10180,杜江峰,2024-11-25 05:43:27,43,45,2,上任已然一年有余，我想大家并没有欺生排外，在校长刚轮换时也是满怀期待，甚至评分一度过9.0（典礼淋雨事件后），但是现在呢？\n\n且不说三大奖折戟沉沙令人汗颜，短短最近十余天时间，“24/67656”推文广激众怒，挑战杯金奖抄袭石沉大海，助学金危局业火燎原，又冒出了僵尸桶、细菌水、假报告的重大不良事件，请你告诉我，浙江大学怎么了？\n\n每次经过阳明桥的时候，余光扫过竺老校长的雕像，你不觉得背后发寒吗？战争的硝烟没能影响浙大，鬼子的轰炸机没能摧毁浙大，院系大调整没能殒没浙大，百廿老校难道就要葬送你手？\n\n每次坐回办公室的时候，回想起曾经坐在这里的人，你不觉得背后发寒吗？刘丹书记同样外调来此，但他殚精竭虑鞠躬尽瘁，被浙大人永载青史，而你不怕被永远钉在浙大的耻辱柱上吗？\n\n引用之前看到论坛上的评论：罄老和山之竹，书罪未穷；决启真湖之波，流恶难尽！
204266,10180,杜江峰,2024-11-25 05:49:15,2,3,1,无语了
204275,10180,杜江峰,2024-11-28 01:19:13,0,1,1,fw丨
204276,10180,杜江峰,2024-11-25 06:03:36,-1,1,2,哈哈哈哈哈哈哈哈哈哈哈哈哈哈哈
204278,10180,杜江峰,2024-11-25 06:10:30,18,20,2,快点下课吧，还是当代中国法治体系太健全导致的，要是近代那会儿早就爆发大规模学生运动了，要是动荡时期估计都得被拉出来city walk了，民怨沸腾恬不自知，我只好说一句浙大💊。过几十年，等个后人一句评议“浙大之亡，实亡于杜江峰”，不知你可满意了否。
204279,10180,杜江峰,2024-11-25 06:07:40,0,1,1,助力收敛
204281,10180,杜江峰,2024-11-25 06:29:56,0,1,1,太好了我们有救了
204283,10180,杜江峰,2024-11-25 06:30:03,0,3,3,控制一下评分
204284,10180,杜江峰,2024-11-25 06:34:22,0,1,1,😅😅😅
204285,10180,杜江峰,2024-11-25 06:34:27,0,1,1,望之不似人君？\n\n望之不似人！
204287,10180,杜江峰,2024-11-25 07:43:31,0,1,1,null
204288,10180,杜江峰,2024-11-25 06:41:07,0,1,1,不喜欢你
204289,10180,杜江峰,2024-11-25 06:43:53,11,12,1,草拟吗草拟吗草拟吗\n\n科大间谍科大间谍科大间谍\n\n浙奸浙奸浙奸\n\n滚出浙江\n\n滚出地球
204290,10180,杜江峰,2024-11-25 06:44:05,0,1,1,助力收敛
204292,10180,杜江峰,2024-11-25 06:46:14,0,1,1,砍一刀
204293,10180,杜江峰,2024-11-25 06:46:23,0,1,1,助力收敛
204295,10180,杜江峰,2024-11-25 06:55:46,0,1,1,毫无作为
204298,10180,杜江峰,2024-11-25 07:06:10,4,6,2,扣1牢杜去和牢大打复活赛\n\n扣2牢杜带着之前那个驷马贱症仔一起升天
204299,10180,杜江峰,2024-11-25 07:06:15,0,1,1,嗡嗡嗡
204302,10180,杜江峰,2024-11-25 07:12:52,0,1,1,尸位素餐
204303,10180,杜江峰,2024-11-25 07:17:01,0,1,1,助力收敛
204305,10180,杜江峰,2024-11-25 07:19:26,-96,25,121,从杜校的评分飞速收敛可以明显看出你校本科生对社会认知几乎是没有的，极度幼稚盲从。当年杜校分高无非是开学典礼或者什么讲座的时候展现的比较和蔼有亲和力，于是纷纷刷高分，现在学校的腌臜事爆出来了就破防了，狠狠刷低分。像极了朵朵上某些本科生一看到有人说学校不好就爱校心爆棚，一看到破事就一副“要回家，要找妈妈”的幼稚模样
204306,10180,杜江峰,2024-11-25 07:20:43,5,6,1,你对于浙大就是一支柱，在云顶桶子里装满酸菜和粉条和你那24个学生一起享受吧！
204308,10180,杜江峰,2024-11-25 07:26:23,0,1,1,收敛于1
204309,10180,杜江峰,2024-11-25 07:28:42,6,7,1,你浙最近爆的跟提前过年放鞭炮一样，大一小登心惊胆颤
204310,10180,杜江峰,2024-11-25 07:38:58,0,1,1,不如林建华
204312,10180,杜江峰,2024-11-25 07:53:06,0,1,1,123
204314,10180,杜江峰,2024-11-25 07:56:44,0,1,1,很难评
204315,10180,杜江峰,2024-11-25 08:00:07,0,1,1,666
204317,10180,杜江峰,2024-12-17 05:10:36,31,34,3,你djf觉得学生骂你有问题，那骂得就是有问题，因为djf说的话，就像是一个哎症晚期患者说的话，他都已经这样了，我们为什么不顺从他呢？你总要给人最后一段时间一个好的回忆吧，最后的时光里。\n\n有的人说学生骂校长不能骂这么过分，为什么他会这么说？因为他是djf那类人呐。他觉得你就是个学生，你说的任何话都是发泄，我不管你说的有没有道理，“你不能只在自己当分母时批判优绩主义，但你比我绩点低你说话就是放辟”“虽然我只是个小官并且尸位素餐，但那些敢骂领导的全是学习生活不如意的飒必”“我上机考过了都是djf的功劳”，这就是这种人的想法。但是呢，他的想法是对的，为什么呢？因为他是哎症晚期，顺从他吧，在他最后一段时光里。
204323,10180,杜江峰,2024-11-25 08:32:54,1,2,1,还得是潜心科研的jfgg，换成行政上心的校长这些事情包没有爆出来的机会捏
204324,10180,杜江峰,2024-12-15 05:52:05,4,6,2,懒得喷
204325,10180,杜江峰,2024-11-25 08:51:05,0,2,2,助力收敛
204326,10180,杜江峰,2024-11-25 09:13:53,4,7,3,合肥大炮已组装！\n\n为了浙江大学！\n\n电能激荡！
204329,10180,杜江峰,2024-11-25 09:18:12,0,1,1,🐝🐝🐝
204330,10180,杜江峰,2024-11-25 09:19:12,0,1,1,所以有什么渠道让他下课吗
204331,10180,杜江峰,2024-11-25 09:20:01,0,1,1,助力助力
204333,10180,杜江峰,2024-11-25 09:27:45,7,8,1,近期发生如此之多的恶劣事件，校方还在装傻充愣，甚至妄图通过施压掩盖真相，我作为在浙大呆了近十年的毕业校友表示非常失望。作为校长毫无作为，忙着给上市公司圈钱，这几年学校一系列业绩指标江河日下，现在学生群体中怨声载道，难道不应该好好反思一下？？？
204334,10180,杜江峰,2024-11-25 09:28:09,0,1,1,额额额额
204341,10180,杜江峰,2024-11-25 10:47:24,0,1,1,烂到家了
204343,10180,杜江峰,2024-11-25 10:48:14,0,1,1,。。。
204346,10180,杜江峰,2024-11-25 11:04:56,0,1,1,滚滚滚
204347,10180,杜江峰,2024-11-25 11:05:38,0,1,1,助收敛
204348,10180,杜江峰,2024-11-25 11:08:50,2,3,1,24/67656\n\n1/24母亲\n\n4-217\n\n助学金\n\n云顶\n\n青溪
204349,10180,杜江峰,2024-11-25 11:15:44,0,1,1,sadoajsd
204350,10180,杜江峰,2024-11-25 11:16:39,0,1,1,一坨好吧
204351,10180,杜江峰,2024-11-25 11:27:53,5,8,3,助学金，竺奖，67656，雪灾浙大，智云直播，僵尸桶，细菌水\n\n最近一段时间好评的，和广大zjuers作对还嘴的，怕不是牢杜本人上号了吧
204353,10180,杜江峰,2024-11-25 11:29:13,2,3,1,不能只看到他罪人的一面，更要看到他魔鬼的一面。总的来说，他作为校长是毁毁参半的，不要在唾骂他的时候忘记嘲笑他，他是亦恶亦邪的
204357,10180,杜江峰,2024-11-25 11:53:04,1,2,1,且不说各大事项不出面及学科建设之事\n\n单提本月乌烟瘴气\n\n若是你愿意管且有能力管，那何来如此乱象？\n\n若是你有能力管却不愿管，那你不配做校长；\n\n若是你无能力管且不愿管，那你是混子飞舞；\n\n若是你愿意管却无能力管，那就换个能管的。\n\n请问你的用处在哪里？副作用是吧朋友。
204359,10180,杜江峰,2024-11-25 11:59:46,1,2,1,第一次想打10分，结果被曹髦清正下了9分\n\n第二次想打10分，被神孙笨平定了9分\n\n第三次想打10分，被大宝盖了9分\n\n第四次想打10分，被谋丞相看破了9分\n\n所以都是1分喵
204361,10180,杜江峰,2024-11-25 12:14:38,0,1,1,烂透了
204366,10180,杜江峰,2024-11-25 12:38:42,0,1,1,助力收敛，最近那么多事情全都装死吗？
204373,10180,杜江峰,2024-11-25 14:35:43,0,1,1,懂得都懂
204376,10180,杜江峰,2024-11-25 13:51:17,1,2,1,定积分鼠了
204384,10180,杜江峰,2024-11-25 14:29:53,0,1,1,不知道，个人片面地认为不如两年前
204389,10180,杜江峰,2024-11-25 14:39:06,0,1,1,还不如不管事呢，就按照之前这么下去也要比现在好吧！
204393,10180,杜江峰,2024-11-25 15:15:12,0,1,1,助力收敛
204398,10180,杜江峰,2024-11-25 15:38:04,4,7,3,驱逐科鞑，恢复浙大。消除优绩，平均助学。\n\n泉港奄有浙大地，朝晖重开求是天。
204401,10180,杜江峰,2024-11-25 15:42:45,6,9,3,哪怕文革过去了，我们都想把你捆起来批斗，把好好的浙大弄的乌烟瘴气，贪污腐败
204404,10180,杜江峰,2024-11-25 15:58:42,-3,2,5,好老师！！！
204405,10180,杜江峰,2024-11-25 15:58:43,0,1,1,烂活真多
204406,10180,杜江峰,2024-11-25 16:09:39,0,1,1,助力收敛
204407,10180,杜江峰,2024-11-25 16:18:22,2,3,1,刚发了家来浙大挂职的煤老板，漂亮话一堆，实事没做几件。
204409,10180,杜江峰,2024-11-25 16:33:11,0,1,1,助力收敛
204411,10180,杜江峰,2024-11-25 16:41:55,0,1,1,唉，你就装死吧，一点用也没有
204412,10180,杜江峰,2024-11-25 16:45:38,1,2,1,自从他来了，浙大就有好多瓜可以让我吃
204413,10180,杜江峰,2024-11-25 16:58:22,0,1,1,喝云顶山泉喝的其实
204415,10180,杜江峰,2024-11-25 17:27:03,0,1,1,，，，
204425,10180,杜江峰,2024-11-26 00:42:08,62,63,1,连出租车司机都知道你不作为了
204426,10180,杜江峰,2024-11-26 00:58:28,8,12,4,不重视文科
204429,10180,杜江峰,2024-11-26 01:31:43,21,22,1,哥们儿，你知道现在自己是浙江某部属高校的校长吗？\n\n该醒醒了，想什么呢，等死吗？求是都做不好，谈什么创新？
204435,10180,杜江峰,2024-11-26 01:54:11,31,33,2,助学金、学阀、云顶山泉，每一件事情都看到学校包庇上位者和剥削普通学生的嘴脸
204436,10180,杜江峰,2024-12-16 12:04:48,7,11,4,呃呃呃呃，别人都在进步，你原地踏步
204437,10180,杜江峰,2024-11-26 02:17:22,15,18,3,以三心二意昏庸专断的心态毁坏浙大这个我国高校教育的航空母舰\n\n要么渎职罪，要么玩忽职守罪，总有一个罪名适合蠹僵疯\n\n希望牢杜早日蹲橘子，以另一种形式吃上国家饭
204441,10180,杜江峰,2024-12-01 00:10:52,82,84,2,你喜欢喝云顶山泉吗
204448,10180,杜江峰,2024-11-26 03:17:22,1,3,2,呵呵呵
204450,10180,杜江峰,2024-11-26 03:31:58,2,5,3,你来玩的吗？
204453,10180,杜江峰,2024-11-26 04:19:19,1,3,2,滚回中科大
204454,10180,杜江峰,2024-11-26 04:22:00,5,9,4,碌碌无为+积弊集中爆发=1.03
204455,10180,杜江峰,2024-11-26 04:23:20,1,2,1,蜡鸡 gun回科大
204459,10180,杜江峰,2024-12-29 13:03:33,21,23,2,shark bee
204461,10180,杜江峰,2024-11-26 04:40:31,3,4,1,不礼不智不信人，大西王曰杀杀杀
204469,10180,杜江峰,2024-11-26 05:31:27,3,4,1,春竹一只
204474,10180,杜江峰,2024-11-26 06:43:08,4,5,1,真是浙大校长吗🤨
204479,10180,杜江峰,2024-11-26 07:03:30,0,1,1,滚出去
204484,10180,杜江峰,2024-11-26 07:26:39,6,8,2,滚回中科大 这已经输林建华了\n\n你作为校长到浙大做了什么？
204485,10180,杜江峰,2024-11-26 14:58:36,0,1,1,没话说
204489,10180,杜江峰,2024-11-26 07:42:11,1,2,1,gun吧
204491,10180,杜江峰,2024-11-26 07:58:24,2,3,1,哎牢吴想你了，快回来吧
204492,10180,杜江峰,2024-11-26 08:02:49,8,10,2,什么时候引咎辞职？我不想我的毕业证书上是你的签名，谢谢
204493,10180,杜江峰,2024-11-26 08:09:17,2,2,0,学校要倒闭啦
204495,10180,杜江峰,2024-11-26 08:13:09,4,5,1,助力收敛，守护我浙文科
204496,10180,杜江峰,2024-11-26 08:24:39,0,0,0,。。。
204498,10180,杜江峰,2024-11-26 08:40:41,4,4,0,来浙大干过最蠢的事就是对你们这些领导班子心存幻想
204500,10180,杜江峰,2024-11-26 08:45:48,15,15,0,鬼子的轰炸机都没能摧毁浙大，你比鬼子的轰炸机还牛逼
204505,10180,杜江峰,2024-11-26 09:47:10,0,0,0,三个字...
204511,10180,杜江峰,2024-12-04 12:27:45,-28,2,30,感觉还可以吧
204521,10180,杜江峰,2024-11-26 11:44:53,2,3,1,能干干，不能干滚
204522,10180,杜江峰,2024-11-26 11:48:21,5,6,1,从您提供的内容来看，这些评价反映了一些浙江大学师生对杜江峰校长的强烈不满，尤其是对其在学科建设、资源分配和人才引进等方面的质疑。这些批评提出了若干具体问题，值得深入分析。\n\n\n\n主要问题和争议\n\n\n\n1. 学科发展与文理平衡\n\n\n\n批评指出杜校长在学科建设上过于偏向理科，甚至被认为采取了“文理对立”的方针，削减文科经费与规模。这被认为严重影响了浙大文科发展，使之前在吴朝晖校长任期内取得的文科进步受到打击。\n\n\n\n而理科方面，有人质疑其未能充分利用现有资源，导致引进的全球顶尖人才未能得到妥善安排与支持，影响了浙大整体学术竞争力。\n\n\n\n\n\n\n\n2. 综合性大学的定位危机\n\n\n\n批评认为杜江峰的管理理念偏向于中国科学技术大学的模式，这或许源于他的学术背景，但浙大作为一所综合性大学，理应平衡发展文理工农医等多学科，而非只强调理科或量子相关领域。\n\n\n\n\n\n\n\n3. 国家科技奖与人才引进停滞\n\n\n\n数据上的“20年最差成绩”这一说法，反映了部分学生对杜校长未能延续吴朝晖时期“高投入引才、高产出获奖”势头的不满。此外，提到“经费多却效果差”，让人对资源的具体使用情况产生疑问。\n\n\n\n\n\n\n\n4. 个人责任与动机争议\n\n\n\n评论者怀疑杜校长将浙江大学资源用于支持其在中科大或其他地方的项目，甚至质疑其有“私心”，这一点若缺乏证据支持则可能是主观推测，但却表明了信任危机。\n\n\n\n\n\n\n\n\n\n综合评价\n\n\n\n杜江峰校长显然是一位学术成就卓著的科学家，但从这些批评中可以看出，他的管理风格和学术专长之间可能存在冲突。浙大是一所历史悠久、综合性极强的大学，如何平衡学科发展、吸引顶尖人才，并延续学校的综合性优势，是一位校长的核心任务。杜校长显然在某些方面未能满足部分师生的期待。\n\n\n\n然而，任何评价也需要谨慎对待。\n\n\n\n\n\n-来自GPT先生的分析，仅供参考
204524,10180,杜江峰,2024-11-26 11:59:15,0,0,0,这学期没话说
204526,10180,杜江峰,2024-11-26 12:02:31,1,1,0,---
204529,10180,杜江峰,2024-11-26 12:22:53,17,17,0,杜校要杭州合肥来回跑真是太辛苦了\n\n天天坐高铁通勤来回也要不少钱吧，来人，把助学金发给djf！
204530,10180,杜江峰,2024-11-26 12:32:00,2,2,0,时日曷丧，予及汝偕亡
204533,10180,杜江峰,2024-11-26 12:45:08,2,2,0,中科大卧底
204536,10180,杜江峰,2024-11-26 13:15:22,6,6,0,进校第一学期就有那么多瓜，谢谢校长
204537,10180,杜江峰,2024-11-26 13:33:02,4,6,2,当学校天天翻车的时候，就已经不能叫意外了。。。
204541,10180,杜江峰,2024-12-12 06:29:21,10,14,4,你妈什么时候死
204544,10180,杜江峰,2024-11-26 14:07:35,6,7,1,人在浙心在科，对待浙大校长的工作就是无脑把以前在科大的经验随便搬过来，两校的发展模式明明完全不一样，对待各种历任校长都会做的工作也是敷衍至极。
204546,10180,杜江峰,2024-11-26 14:37:01,18,19,1,我的评价是：djf远不如zju有史以来的任何一位校长。且观之：\n\n昔竺公求士，西取光迪于美，东得湛翁于赣，迎苏子于日，来子觊，钱公于野。此五子者，不业于浙，而竺公用之，强校十载，遂霸寰宇。\n\n刘公用英美之法，改风易约，生以放眼，校以复兴，人众乐用，省部亲服，获重点之资，举泉千里，至今治强。\n\n潘校因路老之迹，拔省城之地，西兴紫金，北收西溪，南取华池，包玉泉，制湖滨，东据之江之险，割膏腴之壤，遂散六校之从，使之南面事浙，功施到今。\n\n吴校得嘉宾，承杨，林之政，拓舟山，征海宁，强文理，壮成均，招贤纳士，使浙成三业。\n\n此四君者，皆有功于浙。由此观之，现者何其衰也！
204548,10180,杜江峰,2024-11-26 14:47:21,1,1,0,呵呵呵
204550,10180,杜江峰,2024-11-26 15:10:39,4,6,2,☠️奶龙
204559,10180,杜江峰,2024-11-26 16:08:39,1,1,0,浙大校长能不能不要长臂管辖科大的事情
204561,10180,杜江峰,2024-11-26 16:32:42,7,7,0,身在江浙心在皖，漂泊江海谩嗟吁。
204571,10180,杜江峰,2024-11-27 00:51:45,4,5,1,嗡嗡嗡
204573,10180,杜江峰,2024-11-27 01:18:51,31,32,1,"竺老若在天有灵，想来都想问您一句""到浙大来做什么？""做什么？"
204574,10180,杜江峰,2024-11-27 01:28:08,0,4,4,不知道\n\n不好说\n\n很难评\n\n再等等
204578,10180,杜江峰,2024-11-27 01:51:28,2,3,1,很难过
204579,10180,杜江峰,2024-11-27 01:58:24,2,2,0,。。。
204587,10180,杜江峰,2024-11-27 02:23:50,2,3,1,愧对浙大校长这个名号
204598,10180,杜江峰,2024-11-27 03:19:14,7,8,1,我是一只杜江蜂\n\n嗡嗡嗡嗡嗡
204599,10180,杜江峰,2024-12-21 19:09:36,8,8,0,sbkdg
204611,10180,杜江峰,2024-11-27 04:18:45,1,1,0,💩💩💩
204616,10180,杜江峰,2024-11-27 05:10:24,8,9,1,不想成为科大的⭐️😡😥
204617,10180,杜江峰,2024-11-27 05:22:48,9,12,3,建议滚回科大玩原神
204623,10180,杜江峰,2024-11-27 05:49:26,2,2,0,评价是，不如wzh
204641,10180,杜江峰,2024-11-27 07:17:07,25,27,2,"""杜院士首先是科大的啊，其次才是浙大校长""碌碌无为尸位素餐，我艹死你妈"
204643,10180,杜江峰,2024-11-27 07:22:34,22,22,0,“杜院士首先是科大的啊，其次才是浙大校长。”
204644,10180,杜江峰,2024-11-27 07:24:28,0,0,0,嗡嗡嗡
204649,10180,杜江峰,2024-12-26 02:15:39,42,43,1,内网不让，论文署名关我P事，无人在意
204650,10180,杜江峰,2024-11-27 07:42:39,1,1,0,滚回合肥
204651,10180,杜江峰,2024-11-27 07:43:12,0,0,0,shi
204652,10180,杜江峰,2024-11-27 07:44:58,2,2,0,不做评价
204654,10180,杜江峰,2024-11-27 07:48:21,0,0,0,柯南守护
204655,10180,杜江峰,2024-11-27 07:52:47,0,0,0,懂得都懂 一坨
204657,10180,杜江峰,2024-11-27 08:01:53,16,16,0,疑问藏在心头好久了，校长明明很年轻，却像是来学校养老的。一年多没有革除弊病，也没有新的发展举措，外界都说不知浙大有校长也......
204658,10180,杜江峰,2024-11-27 08:18:43,0,0,0,一坨大便
204659,10180,杜江峰,2024-11-27 08:28:35,0,0,0,味大，无需多言
204662,10180,杜江峰,2024-11-30 06:07:35,49,53,4,原浙江大学教授，国内知名的冷战史专家，教育部青年长江学者张杨加盟复旦\n\n至于原因，懂的都懂\n\n牢杜，沃柑私你德玛
204665,10180,杜江峰,2024-11-27 08:36:42,-72,2,74,还可以的校长，不知道为什么这么多人喷，真无语
204671,10180,杜江峰,2025-02-25 05:55:52,90,93,3,我很少会用丧权如辱校形容一个学校的校长，TMD这么怀念中科大能不能滚回去啊，一边在浙大屁事不干改
204672,10180,杜江峰,2024-11-27 09:05:43,0,0,0,滚拟码嘞格比，沃糙拟码
204675,10180,杜江峰,2024-11-27 09:36:37,1,1,0,科大间谍
204681,10180,杜江峰,2024-11-27 10:10:21,0,0,0,嗡嗡嗡
204684,10180,杜江峰,2024-11-27 10:29:22,1,1,0,对浙大不上心
204688,10180,杜江峰,2024-11-27 10:53:28,0,0,0,。。。。
204690,10180,杜江峰,2024-11-27 11:07:15,0,0,0,内鬼滚出浙大
204694,10180,杜江峰,2024-12-12 07:11:56,3,5,2,杜院士首先是科大的然后才是浙大校长
204696,10180,杜江峰,2024-11-29 10:46:25,16,18,2,杭州地處亞熱帶季風氣候區，北半球的冬季，西伯利亞高壓同阿留申低壓相互作用，因此盛行冬季風（djf），djf會為季風區帶來很明顯的惡劣影響，浙江大學也在受djf影響的區域之中。
204698,10180,杜江峰,2024-11-27 11:53:25,5,8,3,杜院士首先是科大的，其次才是浙大校长
204702,10180,杜江峰,2024-11-27 12:00:09,0,0,0,。。。。
204706,10180,杜江峰,2024-11-27 12:07:08,0,0,0,...
204708,10180,杜江峰,2024-12-19 03:30:18,21,23,2,好好做您的研究去吧
204709,10180,杜江峰,2024-11-27 12:23:09,0,0,0,助力收敛
204713,10180,杜江峰,2024-11-27 12:50:08,0,0,0,呃呃呃
204726,10180,杜江峰,2024-11-27 13:44:15,0,0,0,无语了
204728,10180,杜江峰,2024-11-27 14:05:14,0,0,0,唉。不知道说什么好了
204729,10180,杜江峰,2024-11-27 14:06:28,1,1,0,彼阳的晚意，初升的东曦，不能说过过相抵，至少也是过大于过
204730,10180,杜江峰,2024-11-27 14:15:01,0,0,0,助力收敛
204732,10180,杜江峰,2024-11-27 14:17:06,2,2,0,“杜院士首先是科大的啊，其次才是浙大校长”\n\n怎么回答竺老两问？
204733,10180,杜江峰,2024-11-27 14:18:23,0,0,0,助力收敛
204734,10180,杜江峰,2024-11-27 14:20:43,1,1,0,我只想认真问一句：你是真的不把浙大放心上？你来这里干什么？近期这么多事情，等不来一句回应，你已经在浙大人的心里消失了
204736,10180,杜江峰,2024-11-27 14:26:08,0,0,0,令人震惊的一任校长
204740,10180,杜江峰,2024-11-27 14:39:33,0,0,0,助力收敛
204741,10180,杜江峰,2024-11-27 14:45:13,0,0,0,我是紫金港牢大，想肘击你
204742,10180,杜江峰,2024-11-27 14:47:21,0,0,0,滚出浙大
204743,10180,杜江峰,2024-11-27 14:49:50,5,6,1,《我的科大心》\n\n输完复交输科大，输完科大输南大\n\n这样下去输完C9，输完985，没人可输了，建议把985让给西湖大学，然后改名“浙江科学技术大学”
204748,10180,杜江峰,2024-11-27 15:20:23,5,6,1,浙江大学现在什么水平\n\n\n\n就这么几个人\n\n\n\n你djf什么的都在当校长\n\n\n\n他能当吗？当不了 没这个能力知道吗？\n\n\n\n再下去（的话）要输C9了\n\n\n\nC9输完输985，再输211\n\n\n\n接下来没人输了\n\n\n\n（我已经说了）你这样的教育本身就没有打好基础\n\n\n\n你能跟我保证在26年或者30年\n\n\n\n这样关键的QS排名他能赢啊？\n\n\n\n务实一点\n\n\n\n我劝你们，我把自己规划理念\n\n\n\n办学的这个理念先搞懂\n\n\n\n小吴带的蛮好的\n\n\n\n你把他去换了干什么（你告诉我）\n\n\n\n你到告诉我，怎么解释呢？\n\n\n\n脸都不要了
204753,10180,杜江峰,2024-11-27 15:37:39,0,0,0,hhh
204755,10180,杜江峰,2024-11-27 15:53:26,6,7,1,国仪量子、中国科学技术大学双料高级特工，代号渡江蜂
204756,10180,杜江峰,2024-11-27 15:52:05,0,0,0,呵呵。
204758,10180,杜江峰,2024-11-27 15:57:16,0,0,0,...
204760,10180,杜江峰,2024-11-28 16:22:07,0,1,1,纯纯nt
204761,10180,杜江峰,2024-11-27 17:18:58,4,10,6,Ok，该轮到我了\n\nTo 杜b峰、贱➗行政层们：\n\n这么多校园事故不管。贫困补助给投机倒把的人，好好学习的人评不上。校内交通事故包庇肇事人，水有问题食堂小强满墙爬，图书馆建了不到两年顶篷漏水等等\n\n疫情期间的Ztest令我终身难忘的烂，纯纯sb难用耽误人时间\n\n造成至今这个局面终归原因拿形式主义靠后台走门愚弄学生的人！说的就是大腹便便脑袋空空还死要面子的➗生！！遇到事故推卸责任，某研究生疫情间家人去世不批假条，被逼到跳楼自缢，自己第一时间开着豪车的往校外逃的样子可真好笑，像极了见不得光的耗子乱窜，怎么？学生的命不是命，任你们肆意摆布，除了压热度封锁消息还会干什么？\n\n还有你们个别几个学院的选课负责，仗着浙大的职位发官威，本职工作干不好对学生情绪发泄可没少，死顽固不讲理的老登赶紧离开浙大，最瞧不起仗着自己那点生活“经历”去教育的老登，你们这辈子那点阅历也就浙大到头，没了浙大这个title你算个p，我的时间也是时间ok？要撒泼赶紧去疯人院撒泼，我没义务听你们的发泄😒\n\n这学期学了py，现在我无比希望让全校学编程的人早点被捅死身亡，不是每个人必须要达到应试标准的编程能力才能适应社会，考试制度非要按应试标准筛人，怎么？是人人都靠编程找工作？就因为计算机是浙大特色强迫八杆子打不着到专业也要学是最好笑的，考nmb的格式🖕\n\n最后我希望浙江大学的负责行政层老师，升官失败，财产负债累累，剥夺终身任职，早日暴毙🙏
204762,10180,杜江峰,2024-11-28 17:32:48,6,8,2,浙大是时候打开窗户，把🐝赶出去了\n\n果然是🐝啊，在浙大采集花粉，回科大酿蜜
204763,10180,杜江峰,2024-11-27 17:28:07,1,1,0,肚僵疯
204765,10180,杜江峰,2024-11-27 17:29:41,0,0,0,嗡嗡嗡嗡嗡嗡嗡嗡嗡嗡嗡嗡嗡嗡嗡
204769,10180,杜江峰,2024-11-27 23:23:37,0,0,0,呵呵呵
204771,10180,杜江峰,2024-11-28 00:39:00,6,7,1,求求了能多关心一下你浙吗
204772,10180,杜江峰,2024-11-28 00:39:18,2,3,1,助力收敛
204774,10180,杜江峰,2024-11-28 00:43:04,0,1,1,？？b
204777,10180,杜江峰,2024-11-28 01:25:36,2,3,1,我們的教育確有問題！
204778,10180,杜江峰,2024-11-28 01:32:03,0,1,1,感觉不好
204779,10180,杜江峰,2024-11-28 04:00:51,0,1,1,助力收敛
204781,10180,杜江峰,2024-12-13 07:59:14,2,3,1,滚出浙大
204785,10180,杜江峰,2024-11-28 01:56:46,2,3,1,科大杜校长
204786,10180,杜江峰,2024-11-28 01:57:08,0,1,1,史中史，给✌滚回nmd科大
204787,10180,杜江峰,2024-11-28 02:03:25,0,1,1,滚回科大
204792,10180,杜江峰,2024-11-28 02:25:06,14,15,1,可以和ljh争一下最fw校长了\n\n不过ljh是拿浙大当跳板，不关心浙大\n\n你倒好，吃里扒外的东西，就怕浙大好是吧
204793,10180,杜江峰,2024-11-28 02:27:53,6,8,2,全校师生热烈欢迎杜校仿佛还在眼前，唯有一声叹息
204794,10180,杜江峰,2024-11-28 02:29:47,9,10,1,别给我母校排名整掉了该死的
204799,10180,杜江峰,2024-11-28 07:46:53,3,4,1,助力收敛
204807,10180,杜江峰,2024-11-28 03:09:09,18,21,3,中科大杜院士团队再发nature photonics
204808,10180,杜江峰,2024-12-01 06:53:20,-49,9,58,杜江峰永远滴神，真的非常好的一个老师
204809,10180,杜江峰,2024-11-28 03:19:23,9,10,1,校长，校歌会唱吗？
204812,10180,杜江峰,2024-11-28 03:39:23,4,5,1,碧阳晚意，初升东曦
204818,10180,杜江峰,2024-11-28 04:04:05,7,11,4,杜院士首先是科大的啊，其次才是浙大校长。
204819,10180,杜江峰,2024-11-28 04:07:38,2,4,2,又在科大发nature，那浙大呢？
204820,10180,杜江峰,2024-11-28 04:15:00,-3,1,4,666
204823,10180,杜江峰,2024-11-28 04:31:53,0,1,1,。。。
204824,10180,杜江峰,2024-11-28 04:39:09,0,1,1,快走啊
204829,10180,杜江峰,2024-11-28 05:22:26,0,1,1,...
204832,10180,杜江峰,2024-11-28 05:30:21,2,3,1,助力收敛到1.00
204839,10180,杜江峰,2024-11-28 05:50:37,0,1,1,一般般
204840,10180,杜江峰,2024-11-28 05:51:00,7,8,1,1/10，他拿下浙大最差校长称号！
204844,10180,杜江峰,2024-11-28 06:10:38,4,5,1,第一次用cls评分，就是给的你。像之前云顶山泉也怪不到你，但是现在，教授外流，首先...其次...，这些都是你的锅，一分 没什么多说的，赶紧丨
204850,10180,杜江峰,2024-11-28 06:25:04,0,1,1,不给个1分都对不起在座的各位了
204853,10180,杜江峰,2024-11-28 06:57:24,0,1,1,助力收敛
204860,10180,杜江峰,2024-11-28 07:26:56,0,1,1,科大哥
204861,10180,杜江峰,2024-11-28 09:01:17,0,1,1,围观一下
204862,10180,杜江峰,2024-11-28 07:50:34,0,1,1,扎不多得了
204864,10180,杜江峰,2024-12-09 02:54:00,10,11,1,助力收敛
204866,10180,杜江峰,2024-11-28 08:15:05,2,3,1,成为历史倒数第一的感觉很棒吧，快点下去！
204867,10180,杜江峰,2024-11-28 08:15:15,4,6,2,“把人文社科减到一个学院”
204869,10180,杜江峰,2024-12-20 13:13:37,-9,9,18,一个新来的本科生，感觉我一直被带着喷，可能是压力太大了
204870,10180,杜江峰,2024-11-28 08:51:04,-25,13,38,怎么感觉最近突然有很多人骂老杜？以前查老师上也有人吐槽他，但都是一些正太盲审之类的陈芝麻烂谷子事情，最近突然一面倒都是喷他没政绩的，评论前几中有几个还经常编辑更新保持靠前的。不得不让人阴谋论，这现象好像不正常，这些评论真的求是吗？
204871,10180,杜江峰,2024-11-28 08:52:07,0,3,3,助力收敛
204872,10180,杜江峰,2024-11-28 08:54:26,2,5,3,Mario 评分更高
204874,10180,杜江峰,2024-11-28 09:00:52,0,3,3,有点难绷
204877,10180,杜江峰,2024-11-28 09:07:40,0,3,3,。。。
204880,10180,杜江峰,2024-11-28 09:18:45,4,11,7,感觉来评价的都是有抱怨的人，所以都是不好的信息，但是杜校长来的第一年好像研究生补助就改革了，尤其是博士博士后，补助变多了
204882,10180,杜江峰,2024-11-28 09:35:52,0,7,7,杜校长人还是很不错的，我经常看到他在食堂吃饭，混迹在学生之中没有一点架子哈哈哈
204883,10180,杜江峰,2024-11-28 09:49:58,2,5,3,求求你回科大搞你的破公司去吧，别霍霍我浙了
204885,10180,杜江峰,2024-11-28 09:55:58,-25,12,37,以前没怎么看查老师，最近在98看到不少说老杜查老师的事情，来一看大为震惊——杜校长有这么不堪吗？这和我印象中的杜校长不太一样呀。跟杜校长接触过两次，一次是社团文化节，他视察走过我们社团摊位跟我们简单交流，人真的很亲和，和我们说他当过12年辅导员，我觉得杜校长应该是很能理解学生们的。另一次是在求是大讲堂有个啥报告，我被拉去充人头，没想到杜校长作报告很接地气，不念稿子，不讲虚的套话，讲起科研项目和学科发展起来也给人感觉是很务实的风格。我觉得真没必要一棒子给人打死，把校长骂的一无是处对我们也没啥好处。
204887,10180,杜江峰,2024-11-28 10:12:32,0,2,2,别来浙大，去中科大当校长好吗
204889,10180,杜江峰,2024-11-28 10:06:03,0,2,2,怎么不去当中科大校长😅
204890,10180,杜江峰,2024-11-28 10:06:39,0,2,2,猪当校长都比你强
204891,10180,杜江峰,2024-11-28 10:36:38,2,4,2,这怎么刚刚还1.02，现在变成1.03了？我都以为它跟林校长要平起平坐了
204892,10180,杜江峰,2024-11-28 10:36:57,0,2,2,emm
204896,10180,杜江峰,2024-11-28 11:01:43,0,1,1,牢杜别霍霍浙大了，滚回你中科大吧！
204902,10180,杜江峰,2024-11-28 12:01:36,0,1,1,纯cs
204907,10180,杜江峰,2024-11-28 12:30:54,0,1,1,印象很差
204908,10180,杜江峰,2024-11-28 12:37:44,0,1,1,科研能力强，但是主战场不在浙大
204909,10180,杜江峰,2024-11-28 12:38:49,1,2,1,毕竟djf首先是科大的老师，其次浙大的校长
204913,10180,杜江峰,2024-11-28 13:09:30,4,5,1,有更多杜院士这样的人才，科大才能发展地更好，成为稳稳的top3👍👍👍
204914,10180,杜江峰,2024-11-28 13:13:54,0,1,1,给个一分怕他骄傲
204917,10180,杜江峰,2024-11-28 14:22:05,1,1,0,先是中科大的院士再是浙大的校长是吧😂
204918,10180,杜江峰,2024-11-28 14:24:03,3,4,1,真的很失望，觉得入校两年毫无建树，别说理科了，甚至是量子物理学科也毫无发展
204920,10180,杜江峰,2024-11-28 14:28:47,0,0,0,滚回科大
204922,10180,杜江峰,2024-11-28 15:19:12,0,0,0,djf滚出zju。赶紧滚去科大。
204925,10180,杜江峰,2024-11-28 15:29:06,1,1,0,有杜校长这样的人才，科大才能发展得更好，成为真正的top3
204930,10180,杜江峰,2024-11-28 16:18:53,0,0,0,收敛zsbd
204934,10180,杜江峰,2024-11-28 17:37:52,0,0,0,。。。
204935,10180,杜江峰,2024-11-28 18:45:33,0,0,0,une idiote
204940,10180,杜江峰,2024-11-29 01:13:15,11,13,2,杜鲁门总统
204942,10180,杜江峰,2024-11-29 01:37:41,24,26,2,大家对牢杜的认知\n\n一年多以前：一定要比吴朝晖强啊\n\n过段时间：怎么还不如吴朝晖\n\n上个学期末：怎么除了林建华以外都不如了\n\n现在：怎么跟林建华打的有来有回了\n\n那个说评论区不求是的野种，你多看几条关于牢杜的高赞长评，你就会明白：牢杜当校长是真的腊鸡
204947,10180,杜江峰,2024-11-29 02:25:09,17,21,4,是你，这学校是不是带的有问题\n\n对对对是你，啊不是我带的有问题\n\n有些byd还得反串，说你是不是给他泼脏水啊\n\n就他，承认了自己带得很垃圾，为什么你们这帮似🐎还这么给人洗呢\n\n为什么现在还不辞职，为什么不辞，现在为什么还不辞，为什么不辞\n\n辞职加道歉，辞呢，为什么不辞这个职位，为什么不辞，辞职啊，打断大伙的怒气啊\n\n\n\n我超似你的🐎\n\n\n\n嘟——嘟哒哒，都哒哒→，嘟——嘟哒哒，都哒哒↑，嘟——嘟哒哒，都哒哒→，see you again~ 哇袄——！\n\n嘟——嘟哒哒，都哒哒→，嘟——嘟哒哒，都哒哒↑，嘟——嘟哒哒，都哒哒→，see you again~ ↑
204949,10180,杜江峰,2024-11-29 03:07:22,3,3,0,(ノ｀Д)ノ助力收敛
204952,10180,杜江峰,2024-11-29 03:20:07,-6,1,7,杜院士
204959,10180,杜江峰,2024-11-29 04:22:49,1,2,1,助力收敛
204961,10180,杜江峰,2024-11-29 04:40:38,19,21,2,浙大就算倒退下去，top3也轮不到你的科大，明明是百分之百的科大人科大心，不想想怎么好好建设你母校，却想着搞坏别人学校来拉高自己排名，可见内心是有多么肮脏和恶毒，回想起这人在开学典礼上的做做表演，简直是不折不扣的伪善笑面虎。
204962,10180,杜江峰,2024-11-29 04:56:31,3,4,1,点名批评
204963,10180,杜江峰,2024-11-29 04:57:39,-6,1,7,我爱你
204965,10180,杜江峰,2024-11-29 05:09:16,2,3,1,差到这份上也是本事 呕
204966,10180,杜江峰,2024-11-29 05:09:44,8,10,2,杜爷爷，我给你踩背来喽
204968,10180,杜江峰,2024-11-29 05:11:52,14,16,2,浙大谷爱凌
204969,10180,杜江峰,2024-11-29 05:15:26,4,5,1,科大院士.浙大版
204970,10180,杜江峰,2024-11-29 05:30:55,0,1,1,助力收敛
204975,10180,杜江峰,2024-11-29 06:21:03,1,2,1,老杜你无敌了
204976,10180,杜江峰,2024-11-29 06:34:08,2,3,1,滚你妈的
204980,10180,杜江峰,2024-12-21 15:26:46,0,2,2,助力收敛
204982,10180,杜江峰,2024-11-29 07:29:31,1,2,1,我是一只小蜜蜂，嗡嗡嗡嗡嗡~
204983,10180,杜江峰,2024-12-07 08:52:22,17,20,3,彼阳的晚意，初生的东曦
204986,10180,杜江峰,2024-11-29 07:58:04,5,6,1,🫚🐝大舞台，有🐴你就来
204987,10180,杜江峰,2024-11-29 08:01:14,0,1,1,有点失望
204990,10180,杜江峰,2024-11-29 08:55:33,7,8,1,但愿在校期间浙大没有跌出top5
204993,10180,杜江峰,2024-11-29 09:48:46,0,1,1,………………
204995,10180,杜江峰,2024-11-29 10:04:09,1,2,1,到浙大来做什么
205001,10180,杜江峰,2024-11-29 11:31:34,10,11,1,什么身在浙大心在科的傻逼玩意，把原本蒸蒸日上坐稳top 3位置的浙大害得百兴俱废
205002,10180,杜江峰,2024-11-29 11:32:28,0,1,1,收敛！
205003,10180,杜江峰,2024-11-29 11:33:45,0,1,1,阿弥诺斯
205005,10180,杜江峰,2024-11-29 12:02:11,0,1,1,差差差
205006,10180,杜江峰,2024-11-29 12:24:32,0,1,1,收敛于1
205012,10180,杜江峰,2024-11-29 13:59:44,7,7,0,孙笑川来当校长都比你强
205015,10180,杜江峰,2024-11-29 14:52:15,1,1,0,有两只🐝在天上飞，一只飞的高，一只飞的低。请问飞的高的🐝管飞的低的🐝叫什么？😎
205016,10180,杜江峰,2024-11-29 14:57:16,1,1,0,学术水平
205019,10180,杜江峰,2024-11-29 15:45:07,2,2,0,我不知道杜校长这么喜欢搞ntr，下次找个好看的搞点小啾啾
205022,10180,杜江峰,2024-11-30 12:13:56,8,10,2,一条断脊之犬\n\n还敢对我浙师生狺狺狂吠\n\n我从未见过有如此厚颜无耻之狗\n\n还有，plq的杜孝子你们够了
205025,10180,杜江峰,2024-11-29 19:16:02,0,0,0,东食西宿
205029,10180,杜江峰,2024-11-30 03:49:23,18,20,2,中纪委指出：一些高校领导干部习惯高高在上，不愿深入师生和教研一线。有的制定政策不征求意见，独断专行，有的缺乏调查研究，“拍脑袋”决策，有的管理僵化，脱离实际。
205030,10180,杜江峰,2024-11-30 03:57:26,1,2,1,😓😓😓
205032,10180,杜江峰,2024-11-30 04:20:00,5,6,1,不是中科大老师吗，怎么在这？给低分了
205039,10180,杜江峰,2024-11-30 07:11:34,9,11,2,杜鲁门刚来的时候就把各个学院的领导全得罪了，对下面各个机构也是各种调整，学校中层以上都觉得这个校长不太靠谱，现在回过头来看一点都没错
205043,10180,杜江峰,2024-11-30 08:12:45,-82,5,87,看了热评的那些事迹，个人感觉也没什么大不了。我觉得浙大是民主思想泛滥的一个地方，一些人也敢得罪大领导了。
205047,10180,杜江峰,2024-11-30 08:47:50,19,21,2,4217\n\n24/67656\n\n贫困生\n\n挑战杯\n\n云顶山泉\n\n食堂小强
205063,10180,杜江峰,2024-11-30 14:33:24,5,8,3,老杜，浙大社科要亡了啊！！！\n\n你醒醒吧，别装睡了
205069,10180,杜江峰,2024-11-30 15:31:21,8,11,3,微积分好难，给电子宠物刷个低分放松一下
205074,10180,杜江峰,2024-12-01 01:16:52,9,10,1,垃圾应该分类回收，蠹僵疯作为有害垃圾，应当在浙大作无害化处理，不能再给它污染浙大的机会了
205076,10180,杜江峰,2024-12-01 04:40:09,4,6,2,智云这种好东西不好好搞，内些不必要的课程一堆
205077,10180,杜江峰,2024-12-02 13:25:30,54,60,6,在没有遇到连我在查老师的评论都被迫修改这件事之前，我一直觉得浙大是一所开放包容，自信进取的好学校，但现在我只是觉得遗憾，太晚又太早来到这所学校，也希望浙大校友努力一下，去中科大，复旦上交当当校长，这样的美事不应被我们独享，我们和清北的差距原来真的不止是在教学资源与学术声誉上，如果说98上的事情还能以98是校内社团来解释，无形的大手连査老师都不放过就是真有点令人敬佩其工作能力了，如果我们没有勇气承认自己的不足和错误，然后努力去解决，起码有解决的态度，我们又怎能做到不断地进步，我很能理解校方的为难之处，但我也真的很失望，希望以后的浙大人能够发出自己的声音，而不是因为各种原因无奈保持沉默，又或者，说了和没说完全没有不同。最后，祝浙大越来越好。
205078,10180,杜江峰,2024-12-01 05:05:22,10,12,2,来 处分你爹
205079,10180,杜江峰,2024-12-01 05:32:36,6,8,2,遮砂bee蜂了
205099,10180,杜江峰,2024-12-01 11:35:56,4,7,3,大家一起给教育厅写信，他能滚蛋吗
205108,10180,杜江峰,2024-12-01 15:06:06,2,4,2,这评分和评论怎么还能删啊？？？
205113,10180,杜江峰,2024-12-02 00:03:29,37,39,2,给游客修食堂，给游客修步行路，为了这个特意把玉泉凿了个底朝天，下次是不是还要专门给游客修个教学楼和风情宿舍啊?喜欢我期末教四无敌金刚钻和教七无敌小猴子叫吗?钻满一天，嚎满一天的那种哦，要不要改名浙江旅游大学?绝对top1哦
205120,10180,杜江峰,2024-12-02 02:13:37,15,17,2,我一直看着你👁👁\n\n当你在寂静的深夜独自行走👁👁\n\n感觉到背后幽幽的目光直流冷汗👁👁\n\n转头却空空荡荡时👁👁\n\n那是我在看着你👁👁\n\n我会一直看着你👁👁\n\n我不会干什么👁👁\n\n我只是喜欢看着你而已👁👁\n\n等着有一天报应到来👁👁
205121,10180,杜江峰,2024-12-02 02:14:29,35,35,0,看走路，肚静止是狼，肚将风是狗
205126,10180,杜江峰,2024-12-02 03:00:52,3,3,0,助力每一个梦想🥰
205136,10180,杜江峰,2024-12-02 05:01:04,11,15,4,我們的校長確有問題。 發自我的手機。
205152,10180,杜江峰,2024-12-02 07:09:54,2,2,0,尸体很安心
205161,10180,杜江峰,2024-12-02 09:04:16,2,3,1,逆天，助力收敛
205162,10180,杜江峰,2024-12-02 09:48:59,-3,1,4,。。。
205163,10180,杜江峰,2024-12-02 10:16:14,-56,1,57,有老师离开浙大去别的学校，也来给校长评低分，这也不是求是的作风吧。
205187,10180,杜江峰,2024-12-04 12:08:45,16,16,0,我是泥头车，我爱死jfgg了，我要跌跌撞撞奔向他，让他与我的前腿亲密接触，让他为我而肝脑涂地，嘻嘻嘻！\n\n看路程，渡湖田是狼，渡江峰是狗
205204,10180,杜江峰,2024-12-02 17:58:50,2,2,0,没话说
205207,10180,杜江峰,2024-12-03 01:34:23,1,1,0,你真6
205234,10180,杜江峰,2024-12-05 14:42:13,63,65,2,如何分辨狼和狗？\n\n断其给养而弃之野外，\n\n既安是狼，将疯是狗。\n\n久而复觅其踪，\n\n翻山遇，是狼；渡江逢，是狗。
205235,10180,杜江峰,2024-12-03 05:12:17,1,1,0,gou
205244,10180,杜江峰,2024-12-03 07:18:26,2,2,0,老杜你无敌了
205253,10180,杜江峰,2024-12-03 09:08:49,1,1,0,l l l
205258,10180,杜江峰,2024-12-03 11:05:51,0,0,0,助力收敛
205265,10180,杜江峰,2024-12-03 13:11:52,14,15,1,看远方，独角风是狗，江浪涌是猫\n\n如何分辨狗与猫？若见其汪汪叫，是狗；若见其喵喵叫，是猫。\n\n\n\n行四海，独家风是狗，江心石是兔\n\n如何分辨狗与兔？若见其尾巴摇，是狗；若跳跃迅速，是兔。\n\n\n\n看天地，独角峰是狗，江湖水是蛇\n\n如何分辨狗与蛇？若看其耳朵竖起，是狗；若见其蜿蜒而行，是蛇。\n\n\n\n越山川，独家峰是狗，江水翻是鹿\n\n如何分辨狗与鹿？若见其奔跑迅速，是狗；若见其角长，是鹿。\n\n\n\n走天涯，独立风是狗，江涛响是龙\n\n如何分辨狗与龙？若见其蹲伏等待，是狗；若见其腾空而起，是龙。走四方，独家风是狗，江水清是龙\n\n如何分辨狗与龙？若吠声四起，必是狗；若腾空而起，定是龙。\n\n\n\n行天涯，独角风是狗，江波涌是狼\n\n如何分辨狗与狼？若尾巴摆动频繁，是狗；若寒风中独立，是狼。
205268,10180,杜江峰,2024-12-03 13:29:05,3,3,0,垃圾，赶紧滚出zju
205272,10180,杜江峰,2024-12-03 14:23:38,2,2,0,史，史中史，助力收敛
205273,10180,杜江峰,2024-12-03 15:10:59,8,8,0,杜江峰首先是中科大的，其次才是浙大校长
205290,10180,杜江峰,2024-12-04 02:49:07,5,5,0,助力，快爬
205297,10180,杜江峰,2024-12-04 05:34:20,6,6,0,别再祸害浙大了，骂声一片不是没有原因的
205306,10180,杜江峰,2024-12-04 07:00:08,2,2,0,out
205311,10180,杜江峰,2024-12-04 07:40:13,4,5,1,遮沙bee蜂了
205329,10180,杜江峰,2024-12-04 11:36:23,2,2,0,滚吧滚吧
205341,10180,杜江峰,2024-12-04 13:06:18,-3,2,5,孩子快跑，远离zju
205354,10180,杜江峰,2024-12-13 06:07:49,4,4,0,助力收敛
205357,10180,杜江峰,2024-12-05 03:47:33,1,1,0,少人？
205379,10180,杜江峰,2024-12-05 07:35:14,1,1,0,助力收敛
205380,10180,杜江峰,2024-12-05 07:40:16,19,20,1,能不能滚回你的中科大，喂中科大的学生💩好奇浙大每年的经费是不是有被你挪用去中科大或者自己项目的，怎么混上校长的，上面保护伞是不是太大了
205391,10180,杜江峰,2024-12-05 11:37:12,6,6,0,蠹僵疯真是一个身在曹营心在汉的典型\n\n啊不对徐庶进曹营是因为亲妈在曹营，而牢杜进浙大呢？是因为它升官所需的履历在浙大。真是高下立判
205417,10180,杜江峰,2024-12-06 04:20:38,17,18,1,你杜从来没来过文科院系，是怕了吗？
205420,10180,杜江峰,2024-12-06 04:31:17,7,7,0,大sb
205421,10180,杜江峰,2024-12-06 04:32:22,0,0,0,不太行
205426,10180,杜江峰,2024-12-06 05:47:33,2,2,0,一坨屎
205435,10180,杜江峰,2024-12-06 08:32:04,3,3,0,为啥没有零分？？
205436,10180,杜江峰,2024-12-06 08:41:47,0,0,0,助力收敛
205441,10180,杜江峰,2024-12-06 09:35:33,0,0,0,呵呵呵
205444,10180,杜江峰,2024-12-06 10:46:36,2,2,0,我觉得你们说得对
205450,10180,杜江峰,2024-12-06 12:12:08,3,3,0,我是化学家，这就是铈
205452,10180,杜江峰,2024-12-15 06:26:29,98,100,2,竺老想问你两个问题 \n\n1.你踏马来浙大是做什么的\n\n2.你什么时候离开浙大
205455,10180,杜江峰,2024-12-06 14:05:33,0,2,2,希望期末满绩
205458,10180,杜江峰,2024-12-06 15:31:45,2,2,0,sbsb
205464,10180,杜江峰,2024-12-07 04:11:13,19,21,2,逆贼，哪里走！\n\n另外什么时候给它安排一下7.26毫米主动脉注射
205470,10180,杜江峰,2024-12-07 06:07:52,3,3,0,hhh
205472,10180,杜江峰,2024-12-07 06:45:12,2,2,0,助力收敛
205479,10180,杜江峰,2024-12-07 11:16:21,-47,2,49,杜是浙大百年难遇的好校长
205489,10180,杜江峰,2024-12-07 17:31:33,43,44,1,蠹僵疯这垃圾校长真是出了名的创薪，最大的例子就是国仪量子，不用多说\n\n在这创薪校长的带领下，某些人上行下效，跳的简直不要太欢，操场上nmbd隔三差五就搞一堆拉了赞助的校园阴乐节，每次阴乐节还都要放一批校外闲杂人员进来，这些闲杂人员把整个学校秩序搞的乌烟瘴气，除此之外，阴乐节本身也不得人心，去听歌的很多同学都表示：歌难听，好歌都压缩到后面，不知怎么排的节目，而对阴乐节不感兴趣的同学则纷纷表示：这是在强碱我们的耳朵吗？宿舍区，北教，主图，无一幸免，怎么哪里都吵的要死！\n\n希望牢杜早日带着这帮恶心学生的求仕创薪之徒麻溜滚蛋！
205490,10180,杜江峰,2024-12-07 18:48:59,25,25,0,折姜的飞机场正在鸣放礼炮，折大学生A问学生B：放炮干什么？\n\n学生B回答：欢迎杜鲁门\n\n又响起一炮。折大学生再问：怎么搞的，第一炮还没有把他打死？
205522,10180,杜江峰,2024-12-08 13:48:43,13,14,1,每日打卡，看看杜江峰的新评价
205524,10180,杜江峰,2024-12-08 13:58:10,-1,1,2,...
205531,10180,杜江峰,2024-12-08 18:58:34,10,10,0,我是一只杜江蜂🐝，嗡嗡嗡嗡嗡～
205595,10180,杜江峰,2024-12-10 03:12:04,5,5,0,答辩一拖
205602,10180,杜江峰,2024-12-10 04:56:30,3,3,0,111
205638,10180,杜江峰,2024-12-10 10:20:18,0,1,1,真的神人
205641,10180,杜江峰,2024-12-10 11:26:11,16,17,1,创薪校长蠹僵疯带出的创薪学校，宁可去花一堆钱把北教的墙上装饰统统更新一通，也不愿用这些钱修一修蓝田漏水漏到隔壁宿舍的厕所。鉴定为：画蛇不光添足，还不画尾巴！
205651,10180,杜江峰,2024-12-10 18:43:31,2,2,0,助力收敛
205658,10180,杜江峰,2024-12-11 02:21:16,9,10,1,您还是去中科大当校长吧
205659,10180,杜江峰,2024-12-11 02:26:20,9,9,0,刚开始以为是听他讲话以为是务实的校长，后来发现确实挺务实的，为自己的上升不遗余力地搞事啊
205662,10180,杜江峰,2024-12-11 03:03:46,1,1,0,可叹。
205670,10180,杜江峰,2024-12-11 04:01:35,3,4,1,我们希望竺老校长回来
205673,10180,杜江峰,2024-12-11 04:36:41,1,1,0,疑似中科大友好人士
205688,10180,杜江峰,2024-12-11 07:33:57,4,5,1,首先是科大的院士…
205699,10180,杜江峰,2024-12-11 10:30:25,6,6,0,助力校长的收敛事业
205732,10180,杜江峰,2024-12-11 13:59:12,1,1,0,快gun吧沙鼻，去你的中科大吧
205734,10180,杜江峰,2024-12-11 14:58:19,0,0,0,杜校您真是个好人呐 为了科大尽力了👍
205735,10180,杜江峰,2024-12-11 16:14:44,3,4,1,创薪校长，创薪食堂，创薪豆腐渣工程，创薪浙大文创\n\n一切都是创薪的味道，要问这味道从哪里飘出来？当然是从蠹僵疯腐烂而充满铜臭的尸体里面！
205739,10180,杜江峰,2024-12-12 00:51:58,3,3,0,能不能滚出zju
205741,10180,杜江峰,2024-12-12 01:27:43,3,3,0,早点下课吧
205752,10180,杜江峰,2024-12-12 02:20:37,1,1,0,。。。
205755,10180,杜江峰,2024-12-12 02:35:10,2,2,0,走人吧
205780,10180,杜江峰,2024-12-12 03:40:38,0,0,0,史史史
205802,10180,杜江峰,2024-12-12 05:02:58,1,1,0,助力收敛
205814,10180,杜江峰,2024-12-12 06:08:54,1,1,0,助力收敛
205838,10180,杜江峰,2024-12-12 07:34:59,1,1,0,助力收敛
205842,10180,杜江峰,2024-12-12 08:32:33,15,16,1,原本还希望你带领浙大继续保持发展的态势，后来发现你政绩平平不能为浙大发展作出太多的贡献，现在发现你TM带着浙大俯冲华五守门员……能不能快点下台啊，浙大经不起你这样折腾。仅凭一己之力拉低全校67656/67656的学历，你也是无敌了。
205844,10180,杜江峰,2024-12-12 08:48:24,4,5,1,以后我小了一定要去科大读书
205845,10180,杜江峰,2024-12-12 08:52:02,0,0,0,助力收敛
205850,10180,杜江峰,2024-12-12 09:27:32,16,17,1,科大研究员（浙大的样子）\n\n属性：虫+幽灵\n\n身高：1.7m 体重：？？？\n\n种族值\n\n创薪（物攻）：150\n\n管理（特攻）：20\n\nHP：40\n\n物防：30\n\n特防：140\n\n速度：230\n\n常见特性：我行我素、隔音、逃跑\n\n隐藏特性：强行\n\n一种有着强大适应力的神出鬼没的宝可梦，有着极高的速度。可以在任何时刻切换自己的身份，也能凭借极高的速度消失在应该出现的地方，也有传说称其本身就是一种蜜蜂的幽灵，所以如此神出鬼没。据说其无法通过努力来提升自己的能力。\n\n专属招式：\n\n阳伞招来\n\n威力... PP 5 命中...\n\n使天空降下大雨（特殊雨天效果，额外对全场附加一级命中率降低效果），并召唤出两名从者使得自己与队友在本局对战中不受晴天和雨天的影响。\n\n聚形散气 物理攻击\n\n威力 90 pp 10 命中 100\n\n运用自己的能力回到中科大而暂时消失在场地中，一回合后突然出现在目标背后施加攻击，有50%概率将其当作浙大学生而造成1.25倍伤害。向友方释放时，会转而将其当作中科大学生而为其回复等于预期伤害量的体力。
205853,10180,杜江峰,2024-12-12 09:43:13,12,12,0,纯fw\n\n君主离线制
205913,10180,杜江峰,2024-12-12 15:40:17,0,0,0,很难评价
205942,10180,杜江峰,2024-12-13 01:46:29,14,16,2,首先是科大院士，其次是浙大校长。
205945,10180,杜江峰,2024-12-13 01:48:55,0,0,0,助力收敛
205956,10180,杜江峰,2024-12-13 02:08:56,1,1,0,请回你的科大
205976,10180,杜江峰,2024-12-13 02:33:12,0,0,0,。。。
206022,10180,杜江峰,2024-12-13 03:15:44,1,1,0,。。。
206027,10180,杜江峰,2024-12-13 03:30:53,0,0,0,懂的都懂
206037,10180,杜江峰,2024-12-13 03:38:41,0,0,0,。。。
206038,10180,杜江峰,2024-12-13 03:40:24,1,1,0,助力收敛
206040,10180,杜江峰,2024-12-13 03:44:44,7,8,1,助力杜江风评分收敛至1的伟大梦想
206045,10180,杜江峰,2024-12-13 03:53:00,1,1,0,呵呵呵
206050,10180,杜江峰,2024-12-13 04:13:16,1,1,0,烂烂烂
206057,10180,杜江峰,2024-12-13 04:24:47,1,1,0,助力收敛
206061,10180,杜江峰,2024-12-13 04:29:16,2,2,0,小红书过来看乐子
206074,10180,杜江峰,2024-12-13 04:53:40,1,1,0,助力收敛
206076,10180,杜江峰,2025-01-14 10:02:47,0,0,0,滚蛋赶紧
206080,10180,杜江峰,2024-12-13 05:06:24,2,2,0,……呵呵\n\n马拉个彼得\n\n去似啊
206088,10180,杜江峰,2024-12-13 05:09:02,0,0,0,666
206093,10180,杜江峰,2024-12-13 05:14:59,1,1,0,每日一骂
206102,10180,杜江峰,2024-12-13 05:26:17,0,0,0,史。。
206103,10180,杜江峰,2024-12-13 05:26:26,0,0,0,祝评分早日收敛于1
206104,10180,杜江峰,2024-12-13 05:28:05,0,0,0,继续加油
206118,10180,杜江峰,2024-12-13 05:47:16,3,3,0,浙大史上最烂的校长
206140,10180,杜江峰,2024-12-15 12:47:10,8,8,0,领衔科大再发nature!!!
206151,10180,杜江峰,2024-12-20 09:22:44,22,24,2,晚上天凉，多盖点土
206169,10180,杜江峰,2024-12-13 06:58:50,12,14,2,我本来要给你打10分，但鉴于你首先是科大院士，再是浙大校长，我决定先给你打1分，等到查老师开放0分选项了以后再给你打0分。
206172,10180,杜江峰,2024-12-13 07:00:53,1,1,0,能不能快点滚啊我艹
206181,10180,杜江峰,2024-12-13 07:14:33,4,5,1,路过的蚂蚁都要过来踩一脚的程度\n\n除了23开学典礼保研伞查无此人
206190,10180,杜江峰,2024-12-13 07:52:25,0,1,1,浙奸浙奸浙奸
206198,10180,杜江峰,2024-12-13 08:06:15,1,2,1,对杜校长犯过错
206203,10180,杜江峰,2024-12-13 08:25:30,2,2,0,sensi看看我们浙大的本科生吧
206204,10180,杜江峰,2024-12-13 08:26:16,0,0,0,评分->1
206218,10180,杜江峰,2024-12-13 08:58:44,0,0,0,sb一个
206260,10180,杜江峰,2024-12-13 12:09:17,0,0,0,逆天者
206261,10180,杜江峰,2024-12-13 12:10:32,25,27,2,天花板，砸在我的脸上😭😭😭 \n\n段永平捐款就变了模样😜😜😜 \n\n有一种叫做云顶山泉的汤💦💦💦 \n\n喝了它有神奇的力量🤪🤪🤪 \n\n假贫困，保研入党🤓🤓🤓 \n\n全球都是ta去过的地方😎😎😎 \n\n我找人把论文一通改装🚧🚧🚧 \n\n教授爹妈助我拿竺奖🏆🏆🏆 \n\n为了你😨😨😨\n\n我变成求是模样🤑🤑🤑 \n\n为了你😱😱😱 \n\n选择周勇光🤡🤡🤡 \n\n为了你😰😰😰 \n\n挑战杯拿了金奖🥇🥇🥇 \n\n为了你🤗🤗🤗 \n\n黑了心肠💀💀💀 \n\n我们还能不能再捞钱🥺🥺🥺\n\n我对竺校苦苦求了几千年🙇‍♂️🙇‍♂️🙇‍♂️\n\n愿意用底线🥰🥰🥰\n\n换我校优秀生源💞💞💞\n\n哪怕启真湖底长眠😭😭😭\n\n我们还能不能能不能再捞钱🥺🥺🥺\n\n 我对竺校苦苦求了几千年🙇‍♂️🙇‍♂️🙇‍♂️\n\n当我在通过路口红绿灯之前🚥🚥🚥\n\n打一打67656的脸😘😘😘
206262,10180,杜江峰,2024-12-13 12:12:04,0,0,0,cy
206271,10180,杜江峰,2024-12-13 12:48:28,0,0,0,助力收敛
206273,10180,杜江峰,2024-12-13 12:50:45,0,0,0,一拖大分
206280,10180,杜江峰,2024-12-13 13:23:52,10,11,1,牢杜啊，你看见最近本该下雪的几天都在下雨吗？那些都是竺老校长的泪啊
206281,10180,杜江峰,2024-12-13 13:25:49,1,1,0,一学期超越林建华
206293,10180,杜江峰,2024-12-13 15:02:49,0,1,1,快走吧
206296,10180,杜江峰,2024-12-13 15:08:04,0,0,0,。。。
206297,10180,杜江峰,2024-12-13 15:10:38,1,1,0,好好好，很强，不愧是科大的
206298,10180,杜江峰,2024-12-13 15:14:20,0,0,0,科大人，在科大
206310,10180,杜江峰,2024-12-14 02:52:50,10,11,1,会搞学术，不会当校长。
206321,10180,杜江峰,2024-12-14 07:27:53,47,48,1,不是哥们，你怎么把网站墙了
206324,10180,杜江峰,2024-12-14 08:13:18,6,7,1,乐，不如朝晖哥哥
206326,10180,杜江峰,2024-12-14 08:30:41,17,18,1,不是，哥们？封网站
206328,10180,杜江峰,2024-12-14 09:02:03,20,21,1,非全日制校长
206329,10180,杜江峰,2024-12-14 09:02:21,33,34,1,我能说什么呢，第一次梯子用在了登录査老师上，査老师和选课不能同时进行，真的抽象
206330,10180,杜江峰,2024-12-14 09:37:41,5,7,2,杜江峰老师总是孜孜不倦勤奋刻苦不畏艰辛险阻，夜以继日地为中科大的发展而做出贡献和努力，祝愿他早点爬会中科大去，留在zju属实屈才了，早点爬。
206333,10180,杜江峰,2024-12-14 10:04:01,3,6,3,助力收敛，我组织的学姐也在吐槽浙大的社科稀烂，你还是回妮可吧
206334,10180,杜江峰,2024-12-14 10:06:44,0,0,0,回来助力收敛一下
206336,10180,杜江峰,2024-12-14 10:50:44,15,17,2,玩不起是吧🥹\n\n怎么把网站墙了\n\n这下我怎么选课啊
206337,10180,杜江峰,2024-12-14 11:19:35,20,21,1,死马蠹僵疯，给査老师反向加墙是吧，衷心祝愿您寿比昙花，福如加勒比海\n\n另外尹锡悦已经被弹劾了，你什么时候能有它的待遇啊
206338,10180,杜江峰,2024-12-14 11:15:40,1,1,0,助力收敛
206340,10180,杜江峰,2024-12-14 12:03:05,8,10,2,"""不然网站又要中道崩殂，命不久矣了""\n\n笑死人了，怎么校园墙中墙"
206341,10180,杜江峰,2024-12-20 03:41:09,66,70,4,干坏事了还不让人说了？\n\n\n\n墙网站这是人干的事吗？\n\n\n\n哦，不对，你是只bee呀，那拿道德要求你还是不妥。\n\n\n\n但是也没见过你这样的，鉴定为鲨bee。
206343,10180,杜江峰,2024-12-14 12:14:20,7,7,0,浙大 不对 科大杜鲁门
206344,10180,杜江峰,2024-12-14 12:16:29,7,7,0,为什么用校网看不见您了呀？
206345,10180,杜江峰,2024-12-14 12:16:58,3,3,0,你牛大了
206346,10180,杜江峰,2024-12-14 12:21:09,9,9,0,牢杜石子击落查老师？？？
206348,10180,杜江峰,2024-12-23 12:03:11,8,10,2,除了整个捂嘴办你还做了什么成绩
206350,10180,杜江峰,2024-12-14 12:42:23,2,2,0,墙中墙
206351,10180,杜江峰,2024-12-14 12:44:04,0,1,1,踩一下
206354,10180,杜江峰,2024-12-14 13:05:31,0,0,0,666
206355,10180,杜江峰,2024-12-14 13:08:48,2,2,0,可惜最低不能打0分
206356,10180,杜江峰,2025-02-26 00:03:22,152,157,5,吸师生的血，吸学校和院系的膏脂，这就是浙大蚊子蠹僵疯\n\n两口雌黄，挟师威上纲上线；\n\n百面唇舌，仗权势闲语闲言。\n\n面皮如墙厚；\n\n心气比天高。\n\n腹中墨水浅，咣当当泼不出一页纸；\n\n肠里是非多，呜哇哇评起来千余言。\n\n行路如墙上芦苇，真叫个头重脚轻根底浅；\n\n痴坐似山间竹笋，那便是嘴尖皮厚腹中空。\n\n第一次想打10分，结果被曹髦清正下了9分\n\n第二次想打10分，被神孙笨平定了9分\n\n第三次想打10分，被大宝盖了9分\n\n第四次想打10分，被谋丞相看破了9分\n\n所以都是1分喵\n\n蠹僵疯终于滚蛋了，走好不送！
206362,10180,杜江峰,2024-12-14 14:18:04,5,6,1,输不起就别玩，把网站墙了算什么本事？
206364,10180,杜江峰,2024-12-14 14:44:11,1,1,0,助力收敛
206368,10180,杜江峰,2024-12-14 15:00:09,14,16,2,转载98新闻两则\n\n【时政讨论】估值达72亿！合肥国仪量子即将IPO！杜校为第二大股东 https://www.cc98.org/topic/5997622\n\n【科研学术】浙江大学采购一台聚焦离子束电子束双束显微镜，国仪量子中标 https://www.cc98.org/topic/6064798
206372,10180,杜江峰,2024-12-14 15:19:37,1,1,0,逆天了
206374,10180,杜江峰,2024-12-17 05:12:04,-50,11,61,我們的教育確實有問題（中國科大--國內）
206377,10180,杜江峰,2024-12-14 16:21:27,1,1,0,去死吧
206378,10180,杜江峰,2024-12-14 16:22:54,6,6,0,杜爷爷用石子击沉查老师
206381,10180,杜江峰,2024-12-14 16:52:51,3,3,0,求仕创薪666
206402,10180,杜江峰,2024-12-15 03:02:02,16,16,0,以权压人真NB
206408,10180,杜江峰,2024-12-15 03:52:57,16,17,1,1.0是打分的极限，不是他的极限
206410,10180,杜江峰,2024-12-15 04:01:37,4,5,1,大沙笔
206411,10180,杜江峰,2024-12-26 07:53:43,51,53,2,自从某人来了之后，查老师校内墙了，98的管控也越来越严格，自己对于争议的回复避重就轻倒打一耙，各种丑闻层出不穷，希望这一切都只是“恰好”发生的吧
206414,10180,杜江峰,2024-12-15 04:21:30,8,8,0,先打个一分几年后来看看
206416,10180,杜江峰,2024-12-19 10:23:03,28,31,3,？？？
206418,10180,杜江峰,2024-12-24 11:23:29,3,4,1,不予评价
206424,10180,杜江峰,2024-12-15 05:38:13,1,2,1,助力收敛
206425,10180,杜江峰,2024-12-15 05:48:52,2,2,0,能发出评论吗
206434,10180,杜江峰,2024-12-20 13:16:58,18,19,1,对得起老校长吗？
206437,10180,杜江峰,2024-12-15 06:21:03,0,0,0,垃圾一个
206440,10180,杜江峰,2024-12-15 06:32:25,1,1,0,有点逆天
206445,10180,杜江峰,2024-12-15 06:42:14,3,3,0,dsb
206447,10180,杜江峰,2024-12-15 06:53:56,13,13,0,不是哥们，你墙了我咋选课啊
206452,10180,杜江峰,2024-12-15 07:55:16,4,4,0,答辩腕易
206454,10180,杜江峰,2024-12-15 08:05:22,5,5,0,删评活全家
206461,10180,杜江峰,2024-12-15 09:26:07,1,1,0,我与学生手册不共戴天
206465,10180,杜江峰,2024-12-15 09:58:44,0,0,0,哈哈哈哈哈哈哈哈哈
206477,10180,杜江峰,2024-12-18 00:36:22,21,23,2,浙花吟\n\n杜娘昔日采花去，江上不见采花来。\n\n峰会路转花依旧，去不留空人何哀。\n\n似梦心事常牵挂，罢了花期罢了猜。\n\n霎时苍天亦怀情，比翼佳人姻红台。
206481,10180,杜江峰,2024-12-15 12:25:25,0,0,0,说的对
206493,10180,杜江峰,2024-12-15 13:57:06,5,5,0,查老师崩了是你干的吗❤️
206494,10180,杜江峰,2024-12-15 15:40:39,6,7,1,浙大学生的呼声如此之高并不是没有道理的乱喷，大家都希望您做出改变，做出实际行动。若您用实际结果证明自己有能力成为浙大校长，我们自然收敛。华东五校相互合作，共同进步是正确的，但这不意味着本末倒置，希望杜校明白这一点！！！
206500,10180,杜江峰,2024-12-15 14:40:51,1,1,0,嗡嗡嗡
206509,10180,杜江峰,2024-12-15 15:14:38,0,0,0,...
206518,10180,杜江峰,2024-12-15 16:13:35,1,1,0,臭傻逼
206521,10180,杜江峰,2024-12-15 19:34:58,1,1,0,滚吧你
206534,10180,杜江峰,2024-12-16 02:02:36,2,2,0,早上好🥱
206560,10180,杜江峰,2024-12-16 05:28:31,3,3,0,1分不是你的极限
206563,10180,杜江峰,2024-12-16 06:19:03,11,12,1,不要对查老师下手啊！！！选课全靠查老师了
206566,10180,杜江峰,2024-12-16 06:56:12,0,0,0,？？？
206570,10180,杜江峰,2024-12-16 07:07:19,2,2,0,iskeyword
206574,10180,杜江峰,2024-12-16 07:14:55,6,7,1,Mario都自愧不如的
206575,10180,杜江峰,2024-12-17 14:51:03,3,3,0,大傻逼
206576,10180,杜江峰,2024-12-16 07:18:05,2,2,0,彼阳的晚意
206580,10180,杜江峰,2024-12-16 07:29:10,3,3,0,还我查老师
206581,10180,杜江峰,2024-12-16 07:31:51,5,5,0,中科大杭州分校
206589,10180,杜江峰,2024-12-16 09:18:44,0,0,0,djf
206591,10180,杜江峰,2025-01-28 06:47:05,1,1,0,hhh
206593,10180,杜江峰,2024-12-16 09:54:26,2,2,0,查老师！
206598,10180,杜江峰,2024-12-16 10:52:37,3,3,0,孩子们，我也干了
206599,10180,杜江峰,2024-12-16 11:01:56,11,12,1,我不让你看=没有\n\n颇有些昭和遗风了啊
206609,10180,杜江峰,2024-12-16 12:21:41,14,15,1,自己烂不让说？关查老师我们怎么选课？纯纯老鼠屎赶紧滚吧
206619,10180,杜江峰,2024-12-16 15:12:50,30,30,0,《竺可桢肯定是当之无愧的zju最好校长》《路甬祥也是不错的校长》《emmm吴朝晖是最好的校长吗》《卧槽，杜江峰是谁？不是科大的吗》
206624,10180,杜江峰,2024-12-18 16:12:06,33,35,2,总之，让人说话，天不会塌下来，自己也不会垮台，不让人说话呢?那就难免有一天要垮台。\n\n——《在扩大的中央工作会议上的讲话》\n\n(一九六二年一月三十日）
206641,10180,杜江峰,2024-12-17 02:01:32,9,10,1,杜条英机长得和裕仁挺像的啊
206654,10180,杜江峰,2024-12-17 03:17:27,10,10,0,皓首匹夫，苍髯老贼。
206657,10180,杜江峰,2024-12-17 03:24:25,7,7,0,助力收敛
206659,10180,杜江峰,2024-12-17 03:27:52,1,1,0,逆如天
206669,10180,杜江峰,2024-12-17 04:17:40,0,0,0,好好好
206691,10180,杜江峰,2024-12-17 06:13:37,0,0,0,cs，
206707,10180,杜江峰,2025-01-01 18:17:36,16,16,0,Talk is cheap， show me your action
206717,10180,杜江峰,2024-12-17 08:11:15,2,2,0,我也不知道你点不点名 我只觉得你垃圾
206738,10180,杜江峰,2024-12-19 00:27:55,32,37,5,现在很想知道科大有没有査老师这种地方，有没有同学评价djf
206744,10180,杜江峰,2024-12-17 10:35:05,0,0,0,sht
206754,10180,杜江峰,2024-12-17 11:34:31,0,0,0,。。。
206761,10180,杜江峰,2024-12-19 15:54:34,17,17,0,提醒一下各位还在打1分的，杜江峰之前已经改名为三国杀了👆🤓
206762,10180,杜江峰,2024-12-17 11:54:54,4,5,1,要对得起这所学校。历史永远不会忘记。
206782,10180,杜江峰,2024-12-21 10:29:05,3,3,0,你妈的
206791,10180,杜江峰,2024-12-19 02:14:00,7,7,0,助力收敛
206807,10180,杜江峰,2024-12-17 15:29:49,0,0,0,助力收敛
206809,10180,杜江峰,2024-12-17 15:39:48,2,2,0,SB至少要写3个字哦:(
206810,10180,杜江峰,2024-12-21 15:50:33,31,33,2,蠹僵疯，你就是个几把\n\n《浙江大学党委领导下的校长负责制实施办法（党委发〔2020〕1号）》第21条：“学校党委书记和校长应在领导班子能力建设中充分发挥模范带头作用。学校领导干部应认真履职尽责，正确处理领导管理工作和个人学术研究的关系，确保有足够的时间和主要精力投入学校管理工作，党委书记和校长一般不担任科研项目主要负责人。”[http://10.203.3.207:8080/xwfw/gfxwj/tpl/template-1/info.html?id=2755&list=gfxwj&context=&style=]\n\n只要这条规定存在，那么我们都可以有理有据的说，蠹僵疯当校长，不称职，不合格！\n\n还委屈上了是吧？你科研那么忙开公司那么忙那么委屈是吧？那你别当校长啊！没这个肩负重任的行政职务的话，你爱科研爱开公司哪有人管你，你要想在科大和浙大脚踏两只船，那么你就得承担从两只船中间掉下水的风险！\n\n蠹僵疯，你要不想当校长快点辞职另谋高就啊，你一走对你对浙大那都是天大的福气
206823,10180,杜江峰,2024-12-17 18:30:25,12,12,0,墙了cls学生还可以挂梯子继续查老师哦 外头人也知道您是什么风评就老实了😅
206825,10180,杜江峰,2024-12-17 18:56:11,17,17,0,悄悄告诉大家，chalaoshi.de 根本没被墙，是你浙的校园网 dns 给污染了（不过 chalaoshi.buzz 确实是墙了）\n\n可以在 hosts 文件中添加：chalaoshi.de 172.67.216.201\n\n至于如何添加 hosts 文件，请大家善用搜索工具~
206827,10180,杜江峰,2024-12-17 19:50:54,5,6,1,悄悄告诉大家，chalaoshi.de 根本没被墙，是你浙的校园网 dns 给污染了（不过 chalaoshi.buzz 确实是墙了）\n\n可以在 hosts 文件中添加：chalaoshi.de 172.67.216.201\n\n至于如何添加 hosts 文件，请大家善用搜索工具~
206828,10180,杜江峰,2024-12-24 03:23:05,10,13,3,傻逼玩意
206829,10180,杜江峰,2024-12-17 23:33:27,0,0,0,何须多言？
206836,10180,杜江峰,2024-12-20 02:59:11,32,32,0,评价要以事实为准绳，当我以事实为准绳的时候你又删我评论是吧
206837,10180,杜江峰,2024-12-18 01:54:04,3,4,1,助力收敛
206857,10180,杜江峰,2024-12-18 03:36:11,2,2,0,助力收敛
206864,10180,杜江峰,2024-12-18 04:19:57,18,18,0,sorry我违背了“求是”二字，在不知道你点不点名的情况就给你打了一分
206876,10180,杜江峰,2024-12-18 06:13:56,2,2,0,助力收敛
206895,10180,杜江峰,2024-12-18 08:07:26,1,1,0,by玩意
206903,10180,杜江峰,2024-12-18 09:04:42,-3,0,3,dddd
206906,10180,杜江峰,2024-12-18 09:17:53,1,1,0,毒🧟🐝
206909,10180,杜江峰,2024-12-18 10:14:00,5,5,0,校长办公室栓条狗都比杜bee好
206915,10180,杜江峰,2024-12-18 11:44:13,0,0,0,烂。。。
206919,10180,杜江峰,2024-12-18 11:49:04,0,0,0,懒得喷
206928,10180,杜江峰,2024-12-18 13:02:29,0,0,0,助力收敛
206932,10180,杜江峰,2024-12-18 14:03:15,0,0,0,🔕🔕🔕🔕
206936,10180,杜江峰,2024-12-18 14:34:49,0,0,0,身在曹营心在汉啊
206937,10180,杜江峰,2024-12-18 14:55:48,1,1,0,bywycsdx
206949,10180,杜江峰,2024-12-18 17:28:51,4,4,0,不懂，只是觉得这个校长当的不负责任，别的我不知道，但是失察之罪肯定是有的
206950,10180,杜江峰,2024-12-18 17:31:26,1,1,0,助力收敛
206963,10180,杜江峰,2024-12-19 01:41:19,5,5,0,身在浙大心在科大🐕
206972,10180,杜江峰,2024-12-25 00:16:05,9,10,1,助力收敛
206991,10180,杜江峰,2024-12-19 02:33:57,1,1,0,不喜欢他
206993,10180,杜江峰,2024-12-19 02:41:54,1,1,0,呃呃呃
206996,10180,杜江峰,2024-12-19 02:44:05,11,11,0,我們的教育確實有問題（發自我的手機）
207005,10180,杜江峰,2024-12-19 03:14:34,2,2,0,草泥马的
207020,10180,杜江峰,2024-12-19 04:00:11,0,0,0,助力收敛
207024,10180,杜江峰,2024-12-19 04:07:52,0,0,0,。。。
207025,10180,杜江峰,2024-12-19 04:08:24,0,1,1,简直fw
207032,10180,杜江峰,2024-12-20 13:03:56,-39,4,43,浙大校长杜江峰公开解释署名科大发文问题在刚刚开场的浙江大学研究生院建院四十周年暨浙江大学研究生艺术团成立十周年专场演出上，浙江大学校长杜江峰院士出席并致辞。在致辞中他宕开一笔，回应了近期关于他本人署名科大团队在期刊上发文的争议。主要要点如下:1浙江大学是世界上最好的大学。21署名科大发文，是因为用了科大的许多资源也是科大团队花费了很多的心血。不能把科大的研究生带到浙大来，也不能把科大的项目带到浙大来，“咱也丢不起那人”\n\n3从接到任命的那一刻起，浙大在心中就有崇高的地位，请相信浙大，也相信浙大的校长，一定全力以赴。
207036,10180,杜江峰,2024-12-19 04:49:01,0,0,0,☺️🥲
207044,10180,杜江峰,2024-12-19 05:20:28,1,1,0,帮人低分
207077,10180,杜江峰,2024-12-19 07:00:10,0,0,0,助力收敛
207079,10180,杜江峰,2024-12-19 07:02:09,0,0,0,chun
207087,10180,杜江峰,2024-12-19 07:48:23,0,0,0,g\n\nu\n\nn
207089,10180,杜江峰,2024-12-19 08:04:44,0,0,0,助力收敛
207093,10180,杜江峰,2024-12-19 08:23:32,2,2,0,身在杭州心在肥！
207095,10180,杜江峰,2024-12-19 08:26:26,0,0,0,助力收敛
207100,10180,杜江峰,2024-12-19 08:36:55,0,0,0,从新网站来
207125,10180,杜江峰,2024-12-19 10:36:25,8,9,1,总之，让人说话，天不会塌下来，自己也不会垮台，不让人说话呢?那就难免有一天要垮台。\n\n——《在扩大的中央工作会议上的讲话》\n\n(一九六二年一月三十日）
207136,10180,杜江峰,2024-12-19 11:01:29,0,0,0,😋😋😋
207147,10180,杜江峰,2024-12-19 12:10:06,0,0,0,🤣👉🤡
207157,10180,杜江峰,2024-12-19 12:53:20,1,1,0,这学年乌烟瘴气的
207158,10180,杜江峰,2025-01-03 07:39:22,1,2,1,不儿哥们
207169,10180,杜江峰,2024-12-19 13:56:58,-3,0,3,致敬传奇院士主任
207187,10180,杜江峰,2024-12-19 15:27:29,8,8,0,我澡称冯的渡江🐝 啥都不会干只会捂嘴？骂你真是奖杯地骂对人了 出声东西 你对浙大的贡献离丹青楼下的大橘还差10条犬
207203,10180,杜江峰,2024-12-19 18:21:34,0,0,0,助力收敛
207208,10180,杜江峰,2024-12-20 00:42:15,-24,1,25,不懂但尊重
207249,10180,杜江峰,2024-12-20 03:26:42,1,1,0,助力收敛
207259,10180,杜江峰,2024-12-20 03:50:40,23,23,0,上学期看还是8.1，说明今年做的确实过分了
207266,10180,杜江峰,2024-12-20 04:22:16,0,0,0,助力收敛
207269,10180,杜江峰,2024-12-20 04:43:48,0,0,0,助力收敛
207274,10180,杜江峰,2024-12-20 04:57:18,0,0,0,杜江bee
207292,10180,杜江峰,2024-12-20 07:34:34,6,6,0,心虚才会有墙吧
207307,10180,杜江峰,2024-12-20 09:37:41,1,1,0,助力收敛
207308,10180,杜江峰,2024-12-20 09:44:59,0,0,0,助力收敛
207309,10180,杜江峰,2024-12-20 09:45:14,0,0,0,速速收敛
207310,10180,杜江峰,2024-12-20 09:58:33,0,1,1,#B一个
207319,10180,杜江峰,2024-12-20 10:52:16,4,4,0,入土为安
207320,10180,杜江峰,2024-12-20 11:29:23,1,1,0,助力收敛
207321,10180,杜江峰,2024-12-20 11:36:18,13,13,0,我是科大的，听说现在浙大人骂人最脏的一句话是：\n\n“你爸是djf吧”
207324,10180,杜江峰,2024-12-20 12:21:50,1,1,0,助力收敛
207325,10180,杜江峰,2024-12-20 12:32:07,-3,0,3,助力收敛
207327,10180,杜江峰,2024-12-20 12:37:30,0,0,0,！！！
207332,10180,杜江峰,2024-12-20 13:21:14,1,1,0,本来想给好评的，但看到得以事实为依据TOT
207335,10180,杜江峰,2024-12-20 14:18:33,-19,2,21,相信你 10分给你了 一定要让学校更好啊
207339,10180,杜江峰,2024-12-20 15:41:23,11,12,1,针对杜今天的发言，你这么多难处那你别来当校长啊，别来当校长你在科大发文谁在意你？
207340,10180,杜江峰,2024-12-20 15:47:35,-12,2,14,最多无功，但也无过。
207342,10180,杜江峰,2024-12-20 16:05:13,-17,1,18,杜江峰好校长
207348,10180,杜江峰,2024-12-20 18:24:39,12,13,1,永远当面一套，背地里又是另一套。98上前排回复全是洗地的，我就想问一句，至从你上任以后浙大有一件正面的事情吗？学校成绩持续下降，人才流失，逆天宣传，云顶山泉，贫困生，挑战杯全是一套套的没停过，嘴巴说的好听，一看人在安徽，真的有够好笑的。
207359,10180,杜江峰,2024-12-21 02:05:09,3,3,0,助力收敛
207378,10180,杜江峰,2024-12-21 04:44:46,3,3,0,众所周知
207380,10180,杜江峰,2024-12-21 05:03:36,21,22,1,今年你上去敲鼓的时候台下的嘘声估计是那天最响的
207392,10180,杜江峰,2024-12-21 07:28:14,2,2,0,助力收敛
207394,10180,杜江峰,2024-12-21 07:48:58,2,2,0,垃圾
207403,10180,杜江峰,2024-12-21 09:32:01,2,2,0,助力收敛
207416,10180,杜江峰,2024-12-21 11:58:44,3,3,0,💩中💩
207434,10180,杜江峰,2024-12-21 14:50:31,2,2,0,助力收敛
207473,10180,杜江峰,2024-12-22 07:02:26,-100,8,108,杜校长做了什么坏事吗？？？？哪件事是他做的吗？？？公关水平低是他能管的吗？浙大有人听他的吗？？？
207483,10180,杜江峰,2025-01-02 09:10:28,31,35,4,啥时候走啊，霍霍两年了该离开了
207509,10180,杜江峰,2024-12-22 12:50:27,-5,1,6,dddd
207513,10180,杜江峰,2024-12-22 13:25:21,1,3,2,☠️僵疯
207549,10180,杜江峰,2024-12-23 04:09:16,3,4,1,史，无须多言
207569,10180,杜江峰,2024-12-23 06:38:31,13,13,0,老师不点名，因为老师也不参加浙大活动
207570,10180,杜江峰,2024-12-23 13:19:40,0,1,1,毫无作为。
207584,10180,杜江峰,2024-12-23 07:34:20,0,1,1,助力收敛
207618,10180,杜江峰,2024-12-23 09:16:34,5,7,2,杜处😅🖕杜处😅🖕杜处😅🖕杜处😅🖕杜处😅🖕杜处😅🖕杜处😅🖕杜处😅🖕杜处😅🖕杜处😅🖕杜处😅🖕杜处😅🖕杜处😅🖕杜处😅🖕杜处😅🖕杜处😅🖕
207632,10180,杜江峰,2024-12-23 11:08:02,0,1,1,牛魔校长
207676,10180,杜江峰,2024-12-23 16:30:19,1,2,1,死ね!クソジジイ
207686,10180,杜江峰,2024-12-24 00:16:09,9,11,2,中科大
207735,10180,杜江峰,2024-12-24 05:44:19,5,5,0,助力收敛
207738,10180,杜江峰,2024-12-24 05:54:54,-16,1,17,伟大，无需多言
207741,10180,杜江峰,2024-12-24 06:04:40,40,41,1,研究生院40周年庆上面的公开回答避重就轻，处处都在为自己辩护，只提及发文章挂中科大的事情，搞得外界人士都以为我们是惦记你的几篇文章，激起浙大和中科大的矛盾这就是你想看到的吗？你说的话确实很实在，我想说你只是实在，但是并没有实干。你在学校懒政不作为的事情别人是一点都不知道，你就说C9高校的校长和C9高校的教授两种身份哪一种更重要吧，很明显杜认为后者更重要。学校下半年发生了这么多的恶性事件，你作为校长从来没有在公开场合解释过，从来没有想办法安抚学生的负面情绪，也从来没有想过去平息社会上的负面评论，只是在公开场合为自己辩护，措辞间不经意的还激发了校际矛盾，社会上对浙大黑，对浙江地域黑，这就是你想看到的吗？你改悔罢！！！
207757,10180,杜江峰,2024-12-24 07:21:30,21,21,0,本来想坐看收敛的，看到公开回复署名一事，只知为自己辩解后，还是想回来助力收敛一下。最后，煞笔玩意儿
207761,10180,杜江峰,2024-12-24 07:34:50,6,6,0,干啥啥不行，捂嘴第一名。我是潘宏，这就是钩。
207774,10180,杜江峰,2024-12-24 08:10:44,1,1,0,助力收敛
207805,10180,杜江峰,2024-12-24 10:52:20,14,16,2,一堆科大学子帮忙给论文署名打保护，熟不知懒政怠政的问题是一点没提^^
207821,10180,杜江峰,2024-12-24 11:40:02,15,16,1,避重就轻，又是新闻学魅力时刻了呢——[国庆]在杭州几天在合肥几天，根本没心思做好浙大校长，这么喜欢妮可快去合肥吧hhh 至于什么你的论文，浙大师生从不感兴趣，我们zju难道缺你一两篇文章吗？？？我们痛心在挂职的校长还有避重就轻混淆视听的宣传[鼓掌][鼓掌][鼓掌]
207844,10180,杜江峰,2024-12-24 12:30:17,3,3,0,真有你的
207888,10180,杜江峰,2024-12-25 01:09:46,31,31,0,我有时候真的很痛心，中国大学的校长已经再没有从前那样的风范、平易和果敢，而是一只只缩在龟壳里、只会打官腔说场面话的油滑的泥鳅。
207893,10180,杜江峰,2024-12-25 01:37:24,12,15,3,窝糙拟码
207896,10180,杜江峰,2024-12-25 01:46:36,7,10,3,授课共欣赏，疑义相与析。快来讲讲，听杜江峰老师的课是怎样一种体验?你我一时的栽树，为后来的同学提供一片绿荫\n\n评价请以事实为依据，以公正为准绳哦，不然网站又要中道崩，命不久矣~
207897,10180,杜江峰,2025-02-19 15:41:39,24,26,2,...
207901,10180,杜江峰,2025-01-04 17:54:23,2,2,0,助力收敛
207940,10180,杜江峰,2024-12-25 04:09:00,1,1,0,哈哈哈
207953,10180,杜江峰,2024-12-25 04:33:44,3,3,0,我看老杜还是欠citywalk了
207955,10180,杜江峰,2025-01-01 10:27:31,63,65,2,蠹僵疯你真是心机boy啊，避重就轻，把我们对于它当校长不称职的不满直接甩锅成了对于它论文署名的不满，引导科大与浙大对立，社会对浙大，浙江地域黑，这特么就是你想看到的吗？\n\n祝好死，你的百分之百不如林建华的五分之一\n\n社会学系的老师陆陆续续要走了，浙大留不下文科人才，蠹僵疯难辞其咎。蠹僵疯，我草死你的吗\n\n怎么还有和牢杜共情的？当你和牢杜共情的时候，牢杜可能一边在和它的乌纱帽和财富左拥右抱，一边在笑话你太单纯呢\n\n\n\n牢杜，新年承诺有了是吧？大家可都看着你会做啥呢，如有违背，天人共戮！
207956,10180,杜江峰,2024-12-25 04:54:58,1,1,0,什么时候换校长
207963,10180,杜江峰,2024-12-25 05:41:40,1,1,0,哦哦哦
207964,10180,杜江峰,2024-12-25 05:45:54,1,1,0,身为浙大校长，天天往科大跑！
207976,10180,杜江峰,2024-12-25 06:16:09,3,3,0,真的是跳梁小丑、粉墨登场，院士里的臭狗屎
207984,10180,杜江峰,2024-12-25 06:37:51,0,0,0,三个字
207986,10180,杜江峰,2024-12-25 06:49:29,1,1,0,阴险小人
207987,10180,杜江峰,2024-12-25 06:51:38,5,5,0,以一bee之力把整个浙大害得内忧外患，本来就暗风吹雨了还被某些若雉媒体乱生风水，毒姜bee真有你的啊
207989,10180,杜江峰,2024-12-25 06:56:26,3,3,0,土校长真的哈哈。你问我为什么不加偏旁？因为他没有**
207999,10180,杜江峰,2024-12-25 07:24:33,0,0,0,助力收敛
208031,10180,杜江峰,2024-12-25 08:54:41,0,0,0,助力收敛
208048,10180,杜江峰,2024-12-25 10:24:15,5,5,0,djf现在还是候补委员，这次事之后基本预定下一届常委了\n\n妥妥的借题发挥，浙大成为你仕途路上的垫脚石了\n\n原来我们都是play的一环
208065,10180,杜江峰,2024-12-25 12:05:10,0,0,0,助力收敛
208083,10180,杜江峰,2024-12-25 13:27:50,0,0,0,这比亚迪校长👍🏻
208092,10180,杜江峰,2024-12-25 14:09:46,0,0,0,😅😓😋
208094,10180,杜江峰,2024-12-25 14:25:43,0,0,0,零蛋！
208107,10180,杜江峰,2024-12-25 15:32:47,3,4,1,啥时候换，不想脏了毕业证
208119,10180,杜江峰,2024-12-25 20:09:07,1,2,1,TMD 求你滾回你的中科大吧\n\n不要再殘害浙大名聲了
208120,10180,杜江峰,2024-12-25 23:11:43,3,4,1,林建华和蠹僵疯在下一盘象棋\n\n车 相侍帅仕相 车\n\n\n\n炮 炮\n\n兵 兵 兵 兵 兵\n\n楚河 汉界\n\n卒 卒 卒 卒 卒\n\n炮 炮\n\n\n\n车 象士将士象 车
208126,10180,杜江峰,2024-12-26 00:51:40,3,4,1,助力收敛
208141,10180,杜江峰,2024-12-26 02:12:01,4,4,0,杜大便
208149,10180,杜江峰,2024-12-26 03:11:52,14,18,4,根本不点名，因为根本不来学校！\n\n杜江峰是真会炒作zju因为论文归属问题排挤他，搞得网上一堆人是不分青红皂白看到杜江峰低声下气就开始辱骂zju，“浙大就是个垃圾堆”“文学院早该改了一堆垃圾留着没用”“浙大吃相难看眼红人家论文”“浙大就是华五之耻”“浙大只会合并水平远远落后科大”，总之什么话难听就怎么怎么招呼，这是浙大校长干的事？\n\nzju也许再不会有第二个竺可桢了，但是zju应当有第二个杨卫，zju需要一个能够干实事的领导者，能够真真切切解决问题的领导者，即使什么都不做什么都不解决，延续之前的做的好的地方也是可以的，但是杜江峰来了之后，曾经一度发展势头很猛的文科似乎要被“削减到只剩一个学院的体量”\n\n我们只是希望有一个能够做实事的领导者，而不是一朵白莲花\n\n\n\n借用哈利波特的一句话做结：\n\n你怎么敢站在竺可桢校长曾经站过的地方！\n\nHow dare you stand where Professor.Zhu Kezhen stood！
208152,10180,杜江峰,2024-12-26 03:23:27,3,3,0,助力收敛
208164,10180,杜江峰,2024-12-26 04:35:21,13,16,3,马上新年学生节了，按理说他应该要上台的，不知道他又会整出啥活，期待
208166,10180,杜江峰,2024-12-26 04:45:25,-26,2,28,满打满算不过两年，能把学校的问题全推在杜江峰身上？
208196,10180,杜江峰,2024-12-26 06:58:59,1,1,0,无需多言
208210,10180,杜江峰,2024-12-26 07:44:38,3,3,0,春秋笔法，太不求是
208267,10180,杜江峰,2024-12-26 12:20:08,0,0,0,助力收敛
208295,10180,杜江峰,2024-12-26 13:37:12,1,2,1,有人把杜和牢师做对比，我是觉得它们俩真能坐一桌
208322,10180,杜江峰,2024-12-27 01:25:39,-4,1,5,。。。
208336,10180,杜江峰,2025-01-04 10:29:52,29,31,2,要是你没有研究生院庆的发言，你还能给自己洗。\n\n\n\n就你那研究生院的春秋笔法，你这辈子都别想洗！
208368,10180,杜江峰,2024-12-27 07:02:41,3,5,2,还好我在朝辉的时候毕业了，虽然也没多好，起码没这么差
208372,10180,杜江峰,2024-12-27 07:35:29,7,8,1,很难让人不怀疑是故意来破坏浙大的
208377,10180,杜江峰,2024-12-27 08:18:04,9,12,3,本来懒得上来打分的，研究人员不喜欢做行政工作不支持但是理解，但看你喜欢回应次要问题转移矛盾的样子这不官僚那套玩的挺溜的嘛
208379,10180,杜江峰,2024-12-27 08:38:27,2,3,1,纯恶人
208391,10180,杜江峰,2024-12-27 10:21:04,24,27,3,经过计算，评论数达到1996有希望让它的评分变为1.01，加油！
208403,10180,杜江峰,2025-02-25 04:54:30,32,33,1,别了，司徒江峰
208411,10180,杜江峰,2024-12-27 11:50:52,1,2,1,蓝的盆
208417,10180,杜江峰,2024-12-27 12:06:24,5,7,2,（🪵🥔）🫚🐝
208424,10180,杜江峰,2024-12-27 12:29:28,0,1,1,零分，真会偷换概念
208429,10180,杜江峰,2025-01-14 13:31:58,0,1,1,111
208441,10180,杜江峰,2024-12-27 18:01:41,2,3,1,经院的事干哪去了？
208443,10180,杜江峰,2024-12-28 00:06:41,4,5,1,太不求是，被你暴击。
208447,10180,杜江峰,2024-12-28 02:23:13,1,2,1,既要又要，太不求是
208475,10180,杜江峰,2024-12-28 07:25:30,2,3,1,无限逼近
208481,10180,杜江峰,2024-12-28 07:53:54,10,12,2,第一次觉得一个校长能用卑鄙无耻来形容
208499,10180,杜江峰,2024-12-28 12:19:31,22,24,2,666牢杜你是真牛啊，买通稿花了多少钱啊？给我也推荐一下渠道啊、、\n\n我现在的女朋友问我说：“为什么还留着前任的照片？我们都在一起2年多了！”我跟她说：“之前就是我前任在陪着我，不能把前任陪我的时光磨灭掉啊！把前任陪伴我的时光变成你的，怎么可能？你是不是要抢占我前任在我心中的地位？你怎么这么无理取闹！”\n\n……\n\n搞得好像浙大要来抢你的研究成果一样的，笑死，什么时候这么能争了啊牢杜？那把那些走了的文科教授们争取一下怎么就不会了呢？\n\nsb，真把自己当什么东西了，演都不带演的
208517,10180,杜江峰,2024-12-28 18:01:36,-36,1,37,还可以的校长，不知道在喷什么
208518,10180,杜江峰,2024-12-28 19:02:01,12,13,1,什么时候下台\n\n下台那天可得好好庆祝庆祝
208526,10180,杜江峰,2024-12-29 02:26:04,18,19,1,其实0人在意你论文署名
208551,10180,杜江峰,2024-12-29 08:36:24,22,23,1,姓杜的，学生节敢不敢出来走两步
208552,10180,杜江峰,2024-12-29 08:41:20,2,2,0,哈哈哈
208558,10180,杜江峰,2024-12-29 11:26:23,10,12,2,蠹僵bee有个功劳，让我彻底放弃了保研留校的想法，坚定了留学的决心。让我看到了哪怕引进再多的国际知名教授，一个不靠谱的败家校长也能毁掉一切
208564,10180,杜江峰,2024-12-29 12:52:29,8,9,1,能不能修修你那破校网，钱多的没地方用换来换去那没用的塑料牌子，能不能，能不能修修你那个破校网
208566,10180,杜江峰,2024-12-29 13:15:38,10,10,0,简直一坨，林建华都不如。\n\n感觉是可以挂棺材盖戴圣诞帽拉出去Citywalk的程度🤮
208576,10180,杜江峰,2024-12-29 14:33:43,4,5,1,纯沙币，谁tm管你署名
208595,10180,杜江峰,2024-12-29 18:03:25,1,1,0,😅😅😅
208600,10180,杜江峰,2024-12-30 02:29:46,5,6,1,但我说论今天双方校长的对位的话，那wzh是。。分，bee。。。20分（气泡音）\n\n不是哥们，你校长怎么能不干事呢，你校长不干事要被。。。要被。。。的呀，唉\n\n蚌埠住了，两年啥都没干最近更是大爆特爆被其他校长薄纱。。。零蛋！
208612,10180,杜江峰,2024-12-30 05:41:44,1,1,0,持续关注
208634,10180,杜江峰,2024-12-30 08:48:24,5,6,1,☠️🧟🐝
208646,10180,杜江峰,2024-12-30 11:23:13,12,12,0,shabi\n\n还把查老师屏蔽了？贱人
208648,10180,杜江峰,2024-12-31 09:23:58,10,12,2,预祝杜猪头在新的一年里活一天少一天，和牢师的寿命一样长
208657,10180,杜江峰,2024-12-30 13:20:22,1,1,0,😅😅😅
208658,10180,杜江峰,2025-01-06 06:13:40,2,2,0,助力。
208678,10180,杜江峰,2024-12-30 17:26:29,1,1,0,助力收敛
208684,10180,杜江峰,2024-12-31 00:22:10,14,15,1,把帽子工程当做学科建设的领导
208701,10180,杜江峰,2024-12-31 05:54:36,-20,0,20,忠诚！
208722,10180,杜江峰,2024-12-31 14:15:38,5,5,0,身在浙大心在肥
208725,10180,杜江峰,2025-01-01 03:11:54,5,7,2,杜校长，记得自己的新年承诺啊！大家都看着，2025一起努力吧。
208741,10180,杜江峰,2025-01-05 14:25:30,32,34,2,不点名，人都不在浙大怎么点名\n\n讲话开始结束都无人鼓掌，就是我们的态度
208767,10180,杜江峰,2025-01-01 13:09:53,3,3,0,414好不好
208769,10180,杜江峰,2025-01-01 14:02:51,2,2,0,差不多就得了，该④了
208776,10180,杜江峰,2025-01-01 16:34:13,3,4,1,垃圾，一坨大便
208803,10180,杜江峰,2025-01-02 05:31:47,15,16,1,新年贺词讲的啥玩意儿，那么多成就和你牢杜有半毛钱关系，不讲核心问题，避重就轻，台下谁给你鼓掌？
208835,10180,杜江峰,2025-01-02 10:41:44,17,18,1,校网还上不了查老师了，只知道有网站只有校网能上的，第一次知道还有网站不用校网才能上的
208842,10180,杜江峰,2025-01-02 11:55:20,0,0,0,助力收敛
208851,10180,杜江峰,2025-01-02 13:50:08,0,0,0,呃呃呃
208961,10180,杜江峰,2025-01-04 10:10:16,11,11,0,蠹僵疯，汝乃无父无君之逆贼也！\n\n人生天地之间，以忠孝为立身之本，汝身负浙大职务，却在浙大校园为科大张目，岂不为无父无君之贼！\n\n还想洗白？只能说，蠹僵疯乃不足与语之鼠辈，休得复言！
208965,10180,杜江峰,2025-01-03 15:42:13,1,1,0,助力每个一分梦想（2024年表现）
209190,10180,杜江峰,2025-01-05 03:35:26,1,1,0,...
209203,10180,杜江峰,2025-01-05 04:26:44,1,1,0,呃呃呃
209264,10180,杜江峰,2025-01-05 09:06:57,1,1,0,助力助力
209373,10180,杜江峰,2025-01-05 16:33:56,25,25,0,你身为浙大校长，在浙大发言的时候装出一副伟光正的委屈样谈什么狗屁论文署名？学生们在意的是一个署名吗？是一个成果吗？不！浙大从来不缺科研成果，我们缺的是你身为一个校长的态度！身为浙大校长，在自家的场地上向着外校说话，你真的不觉得有什么不妥吗？真的赶紧滚吧，说实话我到现在都不知道你长什么样，今天看到有人拍你和段永平学长等领导合照的场面，我都认不出你，多可笑。
209440,10180,杜江峰,2025-01-06 03:07:19,8,10,2,文科生踩一脚
209454,10180,杜江峰,2025-01-06 03:46:27,7,10,3,坐标人文社科某系，已经在分崩离析了……
209529,10180,杜江峰,2025-01-11 05:39:33,61,63,2,浙大文科何时重启进步？\n\n虽然全球范围内文史哲人文学科在衰退期，虽然很多普通211和双非在砍文科，虽然中科大除了经管以外没有文科，但浙大作为全国顶尖的综合型大学，不能没有一流的文科！\n\n浙江这么一个经济、人口、文化大省，只有浙大这一个综合型一流大学，只有浙大这个平台有足够的人力物力财力引进国内外顶尖的文科人才，全省文科建设、文化传承的重任都在浙大肩上。哪怕是理科，都还有西湖大学作为另一个平台，但文科没有这样的平台！\n\n如果浙大文科因为杜江峰一个人的拍脑袋决策毁在他手里，如何向竺可桢校长、吴朝晖校长、杨卫校长交代？如何向浙大师生和校友交代？如何向过去二十年为了浙大文科复兴全力投入的人们交代？如何向老杭州大学的校友交代？如何向教育部和浙江省交代？如何向浙江省的全体考生和纳税人交代？
209766,10180,杜江峰,2025-01-07 04:07:11,0,0,0,助力收敛
209924,10180,杜江峰,2025-01-07 12:21:24,6,6,0,🐝🐝🐝🐝🐝🐝🐝🐝🐝🐝🐝🐝🐝🐝🐝🐝🐝🐝🐝🐝🐝🐝🐝🐝🐝🐝🐝🐝🐝🐝🐝🐝🐝🐝🐝🐝🐝🐝🐝🐝🐝🐝🐝🐝🐝🐝🐝🐝🐝🐝🐝🐝🐝🐝🐝🐝🐝🐝🐝🐝🐝🐝🐝🐝🐝🐝🐝🐝🐝🐝🐝🐝🐝🐝🐝🐝🐝🐝🐝🐝🐝🐝🐝🐝🐝🐝🐝🐝🐝🐝🐝🐝🐝🐝🐝🐝🐝🐝🐝🐝，你个畜生
209978,10180,杜江峰,2025-01-08 15:46:45,56,58,2,最糟糕的校长，好消息他应该呆不长了，参考林建华两年不到的任期，应该下次人事调动就到他了。要知道djf虽然是副部级，但是浙大校友还有官更高的，不会任着他这样胡来
210091,10180,杜江峰,2025-01-08 06:32:20,1,1,0,非常糟糕
210205,10180,杜江峰,2025-01-08 11:03:25,1,1,0,真的不行
210214,10180,杜江峰,2025-01-08 11:51:04,0,0,0,....
210290,10180,杜江峰,2025-01-08 18:17:17,3,3,0,下台下台下台
210314,10180,杜江峰,2025-01-09 01:50:27,32,33,1,纯有病，因为你现在查老师还要梯子
210322,10180,杜江峰,2025-01-09 02:11:08,6,6,0,吃里扒外
210360,10180,杜江峰,2025-01-09 03:41:37,2,2,0,……助力
210416,10180,杜江峰,2025-01-09 06:36:10,3,3,0,希望您能改变对文科的态度
210441,10180,杜江峰,2025-01-09 07:20:22,1,1,0,？？？
210454,10180,杜江峰,2025-01-09 07:50:06,1,1,0,助力，收敛的越来越慢了…
210465,10180,杜江峰,2025-01-09 08:03:28,0,1,1,lakua
210506,10180,杜江峰,2025-01-09 09:30:27,7,7,0,为什么查老师要梯子了
210535,10180,杜江峰,2025-01-09 10:16:49,0,2,2,%E8%AF%B7%E9%97%AE%E6%82%A8%E4%BB%80%E4%B9%88%E6%97%B6%E5%80%99%E4%B8%8B%E5%8F%B0
210585,10180,杜江峰,2025-01-09 11:39:44,9,11,2,内网上不了查老师，校长您有什么头绪吗？
210607,10180,杜江峰,2025-01-09 12:16:15,0,1,1,助力收敛
210661,10180,杜江峰,2025-01-12 00:40:09,16,18,2,浙大蔡徐坤
210696,10180,杜江峰,2025-01-10 00:45:25,-18,7,25,你们认为2025年山西高考英语听力会计入总分吗？认为会请赞我，认为不会请踩我
210763,10180,杜江峰,2025-01-10 02:17:59,1,2,1,加油吧
210876,10180,杜江峰,2025-01-13 04:53:48,0,1,1,助力收敛
211093,10180,杜江峰,2025-01-10 15:15:32,0,0,0,123
211441,10180,杜江峰,2025-01-11 12:00:50,24,26,2,得亏还是习主席特别关注的大学……习大大赶紧来视察
211548,10180,杜江峰,2025-01-12 01:50:47,38,38,0,取任意小的epsilon，使评分都在1的epsilon邻域当中
211727,10180,杜江峰,2025-01-12 09:27:26,1,1,0,纯纯垃圾
211749,10180,杜江峰,2025-01-12 10:05:31,0,0,0,依托答辩
211753,10180,杜江峰,2025-01-12 10:20:05,1,1,0,依托答辩
211821,10180,杜江峰,2025-01-12 15:06:52,0,0,0,助力收敛
211835,10180,杜江峰,2025-01-12 16:06:06,1,1,0,纯sb
211943,10180,杜江峰,2025-01-13 02:30:07,2,2,0,助力收敛
211983,10180,杜江峰,2025-01-13 03:32:36,2,2,0,牢杜：学校的声誉越来越好了
211997,10180,杜江峰,2025-01-13 04:08:39,2,2,0,助力成为浙大史上最*的校长
212203,10180,杜江峰,2025-01-13 11:07:42,0,0,0,助力收敛
212216,10180,杜江峰,2025-01-13 11:54:52,0,0,0,666
212454,10180,杜江峰,2025-01-14 04:30:26,0,0,0,助力助力
212615,10180,杜江峰,2025-01-14 09:26:11,22,23,1,转自知乎：“一个月能在浙大5天都算万幸了，来时都是住宾馆的。开个会什么都不懂，就对着老师发脾气。”
212658,10180,杜江峰,2025-01-14 11:06:30,0,0,0,助力收敛
212711,10180,杜江峰,2025-01-15 11:58:28,3,3,0,垃圾校长
212807,10180,杜江峰,2025-01-15 03:12:09,0,0,0,，，，
212927,10180,杜江峰,2025-01-15 09:23:55,0,0,0,哈哈哈
212993,10180,杜江峰,2025-01-15 12:24:15,1,1,0,hhh
213121,10180,杜江峰,2025-01-16 04:47:59,4,5,1,回科大吧
213137,10180,杜江峰,2025-02-15 05:47:51,2,2,0,啥比。
213217,10180,杜江峰,2025-01-16 11:23:02,4,4,0,纯纯依托，补药再败坏倪哲风气了
213283,10180,杜江峰,2025-01-16 23:19:55,-5,10,15,学校建设，学科建设，人才引进，人才培养等众多工作是各层级管理员通力合作结果，利害非系于一人，而且出成果会有几年的迟滞时间。浙大底蕴深厚，不是一人能托起来，更不是一人能压下去，浙大人还需要自由民主、集思广益、自力更生，多培养一些大牛，把自己培养成大牛，这样无论在国际、国内，还是文科、理科上，未来都能有更多浙大人引领风骚，独树一帜…
213375,10180,杜江峰,2025-01-17 05:49:33,0,0,0,无需多言
213394,10180,杜江峰,2025-01-17 07:33:59,2,2,0,难绷
213444,10180,杜江峰,2025-01-17 11:45:16,6,6,0,煞笔玩意，没几把的
213480,10180,杜江峰,2025-01-17 16:34:26,0,0,0,回答好竺老两问
213784,10180,杜江峰,2025-01-20 01:24:03,5,5,0,彼阳的晚意，初升的东曦
213789,10180,杜江峰,2025-01-20 01:55:14,31,34,3,DJF当校长最大的意义就是告诉我们 浙大没有校长也能正常运行
213816,10180,杜江峰,2025-02-23 02:14:24,44,45,1,日常拿着麒麟弓射蠹僵疯\n\n恭喜牢杜，已经收敛到1.01了！\n\n蠹僵疯这德行决定了它在査老师里只能是个电子宠物\n\n浙大文科几时重启进步？\n\n虽然全球范围内文史哲人文科学喺衰退期，虽然好多普通211同双非喺斩文科，虽然中科大除咗经管之外，冇文科，但浙大作为全国顶尖嘅综合型大学，唔可以冇一流嘅文科！\n\n浙江咁个经济、人口、文化大省，净系得浙大呢一个综合型一流大学，净系得浙大呢个平台有紧要嘅人力物力财力引进国内之外，顶尖嘅文科人，全省文科建设、文化传承嘅重任都喺浙大膊上。边惊系理科，都重有西湖大学作为另一个平台，但文科冇咁嘅平台！\n\n如果浙大文科因为杜江峰一个人嘅拍脑决策毁喺佢手里，点同竺可桢校长、吴朝晖校长、杨卫校长交代？点同浙大师生同救生交代？点同过去二十年为咗浙大文科复兴力投入嘅啲人交代？点同老杭州大学嘅救生交代？点同教育部同浙江交代？点同浙江嘅全体考生同纳税人交代？
213868,10180,杜江峰,2025-01-20 14:52:49,1,1,0,求仕创薪
213890,10180,杜江峰,2025-01-21 04:40:30,5,5,0,史史史
213940,10180,杜江峰,2025-01-21 16:41:50,3,4,1,操你妈
213950,10180,杜江峰,2025-01-22 03:45:03,2,3,1,妈蛋玩意
213955,10180,杜江峰,2025-01-22 05:38:16,4,6,2,彼阳的晚意，初升的东曦
213968,10180,杜江峰,2025-01-22 07:46:19,6,8,2,回科大吧，求你了，浙大的人文社科有了你是真不行啊
214013,10180,杜江峰,2025-01-23 02:27:52,4,5,1,真服了你快回中科大吧
214036,10180,杜江峰,2025-01-23 05:26:40,-58,9,67,浙大真是排外哈，帽子乱扣，经院五六年的造假也怪现在的校长？这也太不求是了。
214037,10180,杜江峰,2025-01-23 05:48:22,-51,0,51,你是个傻逼，所以我给你打十分，大家都说你是个傻逼，所以我就是要给你打十分，我看你会不会从1.02涨到1.03？
214065,10180,杜江峰,2025-01-23 11:27:23,1,1,0,^_^
214067,10180,杜江峰,2025-01-23 11:47:32,11,12,1,冰冻三尺，非一日之寒。浙大非常重视亮点，品牌，拓展，但不太重视普通学生。
214070,10180,杜江峰,2025-01-23 11:52:15,0,0,0,666
214109,10180,杜江峰,2025-02-16 16:16:28,17,18,1,🐝🐝🐝🐝🐝🐝🐝🐝🐝🐝🐝🐝🐝🐝🐝🐝🐝🐝🐝🐝🐝🐝🐝🐝🐝🐝🐝🐝🐝🐝🐝🐝🐝🐝🐝🐝🐝🐝🐝🐝🐝🐝🐝🐝🐝🐝🐝🐝🐝，我屮4️⃣你的🐴\n\n反贼！反贼！禽兽！反贼！禽兽！
214157,10180,杜江峰,2025-01-26 03:47:23,1,2,1,如果新生入校教育就是听这位不生不死讲几个小时的话，拜托高抬贵手。
214184,10180,杜江峰,2025-01-27 04:27:30,12,13,1,报告树死了，浙大的气运也被牢杜搞没了
214186,10180,杜江峰,2025-01-27 09:32:08,0,0,0,。。。
214194,10180,杜江峰,2025-01-27 13:53:16,2,2,0,孩子们，这并不好笑
214198,10180,杜江峰,2025-01-27 22:43:26,10,11,1,降到1.01了，一个月来浙大不到5天，学科建设什么都不懂，当之无愧的128年以来最差校长，没有之一
214206,10180,杜江峰,2025-01-28 06:54:22,1,1,0,💩💩💩
214210,10180,杜江峰,2025-01-28 12:50:08,0,0,0,****
214217,10180,杜江峰,2025-01-29 02:27:00,9,9,0,我们希望竺可桢老校长回来
214224,10180,杜江峰,2025-01-29 14:40:22,5,6,1,我没看到他做了什么对不起浙大的事，可能是因为他啥都没做吧，不作为自然是一种罪过，所以我助力收敛
214238,10180,杜江峰,2025-01-30 09:53:08,22,25,3,以下评论生成自deepseek：\n\n一、“院士治校”的傲慢与偏见**  \n\n1. “物理学家管大学？先把文科院系的暖气费批了再说！”杜院士的量子物理成就无人质疑，但治校不是搞科研—— 一纸行政命令比发《Nature》简单多了。浙大文科院系常年抱怨“经费像施舍”，文科楼破旧如文物，理工实验室豪横如硅谷新贵。校长大人莫非觉得“人文精神”靠意念共振就能实现？  \n\n2. 带着中科大的管理经验来浙大，却照搬“理工霸权”逻辑。之江实验室经费拿到手软，传媒学院申请个田野调查经费得写八份报告。原来“双一流”指的是“一流理工，二流文科”？  \n\n二、改革先锋还是PPT大师？\n\n1. “创新2030计划：画饼界的量子纠缠”张口闭口“量子科技”“人工智能”，PPT上全是前沿概念，落地时只剩“非升即走”的焦虑青椒和挤在走廊改论文的研究生。**大科学装置是有了，但人文社科连个像样的数据库都买不起**——这就是“交叉创新”？  \n\n2. “人才强校？分明是割韭菜2.0”\n\n   高调引进海外人才，但“三年考核不过就滚蛋”的规则让青年教师天天活在“学术996”里。嘴上说着“宽容失败”，实际操作却是“没NS论文别来领工资”。原来浙大的人才战略是“用完即弃，永葆新鲜”？  三、学生体验：内卷训练营的活体广告\n\n1. “荣誉学院？不如叫‘内卷加速器’”一边喊着“减轻学生负担”，一边把荣誉课程难度拉到“不熬夜通宵不配做人”。学生自嘲：“在浙大，绩点比命重要，校长信箱比黑洞更难找到。”\n\n2. “校长见面会？量子态表演艺术”座谈会上笑容满面说“倾听学生声音”，散会后宿舍漏水三年没人修。建议校长用量子瞬移技术亲自住一晚紫金港六人间，体验什么叫“现实坍缩”。\n\n四、终极质问：浙大是变得更像大学，还是更像科技公司？
214240,10180,杜江峰,2025-01-30 15:05:15,13,13,0,当年天天骂wzh的我估计也想不到，日后的某一天，我会说出这样的话：牢吴，我想你了
214249,10180,杜江峰,2025-02-15 03:51:38,37,38,1,什么时候调走？到时候普天同庆！\n\n在它身上可以看到所有人性的丑恶的一面。长聘考核应该由本专业的教授决定，再不济，也应该咨询专业领域的学术委员会决定，吴朝晖，林建华，杨卫都能做到尊重专业人士，这个垃圾完全拍脑袋决策。这个小人为了搞权力斗争，独断专行，把长聘考核当成排斥异己，挤压前任引进的高水平人才的工具。浙大100多年历史，杜江峰一定在耻辱柱最恶臭，最被70多万校友唾弃的位置
214324,10180,杜江峰,2025-01-31 18:20:16,5,5,0,现在来这就是为了看deepseek给咱djf的锐评：）
214373,10180,杜江峰,2025-02-02 12:21:08,2,2,0,助力收敛
214459,10180,杜江峰,2025-02-05 09:31:57,1,1,0,。。。
214480,10180,杜江峰,2025-02-07 07:44:47,9,9,0,“理工霸权”\n\n中科大管理经验不适配浙大本土！！！\n\n别以为低年级本科生不懂情况 我们也不懂\n\n上任已久 旧疾未除 新病凸显\n\n一句话：升官发财请往别处\n\n哪怕未来进入教育bu 也是高层lingdao的失职
214540,10180,杜江峰,2025-02-11 16:18:19,3,3,0,浙大曾经是我唯一的希望，我抓住了希望，结果发现它把我拖入了深深的绝望，我觉得你占一大份功劳
214543,10180,杜江峰,2025-02-12 02:44:05,5,5,0,蠹僵疯，你是不是（杭州地铁3号线支线的终点站）了！
214544,10180,杜江峰,2025-02-12 02:46:59,1,3,2,对于蠹僵疯，我的评价是：把重庆轨道交通9号线北段终点站最后两个字倒过来
214545,10180,杜江峰,2025-02-12 02:53:23,6,8,2,暖风熏得江峰醉，直将杭州作庐州\n\n呢种小人都就喺国内特殊环境可以继续做校长，引发人大量流失，换去外国边惊系香港都要畀弹劾无次喇。研究僧院40周年嘅解释回避我个point问题，苍白无力，而且引发舆论黑浙大，黑浙江，摱个浙大排外嘅帽。冇人计带你作者单位系科大定浙大，浙大师生计带嘅系你做心情敷衍唔作为，根本就唔将浙大校长呢个职位是主业，都唔愿意深入调研学科发展，两年落嚟，理工科三大奖打倒褪创新低，文科资深教授引进为0另外一个月就两个大牛去咗复旦，医学院士走佬交大。两年落嚟嘅工作成效都不如朝晖工两个星期嘅成效，将前任们几难积累落嚟嘅成绩都荷包跌咗。而家高校竞争不进则退，慢入都系褪，懒政更加系褪。浙大几十年落嚟一直喺进步，噉嘅打倒褪好难畀人接受。
214551,10180,杜江峰,2025-02-17 09:04:48,-3,1,4,up~~~
214588,10180,杜江峰,2025-02-14 04:09:08,24,24,0,djf还没邪恶大寿桃干得好\n\n起码无量仙翁是真心想make阐教great again
214593,10180,杜江峰,2025-02-14 05:37:06,3,3,0,蠹僵疯发动 夺锐 废除了坐骑栏
214594,10180,杜江峰,2025-02-14 18:42:19,11,11,0,小道消息，牢杜要被调走了，楼下有条评论1月8号竟然就预言到了
214597,10180,杜江峰,2025-02-14 05:56:00,3,3,0,把我的査老师还给我！！！
214619,10180,杜江峰,2025-02-15 03:21:31,12,12,0,牢杜真的要被调走了吗\n\n有没有人知道
214621,10180,杜江峰,2025-02-15 08:34:25,20,20,0,竺可桢：“诸位在校，有两个问题应该自己问问：第一，到浙大来做什么？第二，将来离校后要做什么样的人？”\n\n杜江峰：“第一，我是来做卧底的，第二，我以前没的选择，将来我只想做个好人”
214630,10180,杜江峰,2025-02-15 07:46:55,2,2,0,助力收敛
214633,10180,杜江峰,2025-02-15 09:12:29,3,3,0,蠹僵疯最大的一项本领就是求仕创薪
214645,10180,杜江峰,2025-02-15 15:59:50,2,2,0,脑淤血
214646,10180,杜江峰,2025-02-15 16:03:30,-20,4,24,好老师👍
214665,10180,杜江峰,2025-02-16 04:48:33,4,5,1,交叉研究=量子测量。。。
214713,10180,杜江峰,2025-02-17 03:23:39,8,8,0,听说要走了？教育部fbz
214715,10180,杜江峰,2025-02-17 03:58:11,1,1,0,路过踩一脚
214735,10180,杜江峰,2025-02-20 08:27:25,2,2,0,每日1分
214752,10180,杜江峰,2025-02-17 10:19:59,10,10,0,要调走了，教育部副，估计过两天发任命
214770,10180,杜江峰,2025-02-18 00:13:36,37,40,3,djf走的那天，我一定会在学校大门放一挂鞭炮
214780,10180,杜江峰,2025-02-18 01:43:05,0,1,1,shi
214791,10180,杜江峰,2025-02-18 02:51:30,1,1,0,为什么用不了v3和联网
214800,10180,杜江峰,2025-02-18 03:43:07,6,8,2,真是正义的合盟啊（喜灰龟去来）\n\n真是正义的阐教啊（哪吒）\n\n真是正义的城主啊（熊出没小亮）\n\n真是正义的校长啊（浙大的广大学生）\n\n上面三部国漫的含金量还在上升\n\n把无量仙翁、城主、金筷长老、渡江🐝并称为2025年度四大天王
214806,10180,杜江峰,2025-02-18 03:57:26,3,3,0,快走了也该收敛到1了吧
214817,10180,杜江峰,2025-02-18 05:24:33,0,0,0,助力收敛
214838,10180,杜江峰,2025-02-18 07:09:12,0,0,0,666
214849,10180,杜江峰,2025-02-18 08:57:39,0,0,0,助力收敛
214861,10180,杜江峰,2025-02-18 11:58:20,10,10,0,路过，看大家还在骂，虽然我去年已经骂过一次了，今年与民同乐，再骂这个傻逼一遍。
214906,10180,杜江峰,2025-02-19 04:21:19,1,1,0,convert
214947,10180,杜江峰,2025-02-19 08:30:14,1,1,0,助力收敛
214949,10180,杜江峰,2025-02-19 09:03:18,15,15,0,已经确定了，教育部副。慢走不送，希望来个好校长！！！
214968,10180,杜江峰,2025-02-19 14:07:24,-52,8,60,杜老师是超级好的老师！科研认真，上课内容轻松，非常重视建设浙大！每年元旦节的发言都朝着向善向好的趋势！您真的太伟大了啊！！！
214976,10180,杜江峰,2025-02-19 15:38:00,5,6,1,牢杜，慢走不送
214977,10180,杜江峰,2025-02-19 15:42:17,3,3,0,打带的
214979,10180,杜江峰,2025-02-19 15:41:53,4,4,0,下雪1
214994,10180,杜江峰,2025-02-20 02:22:44,5,6,1,慢走不送
214997,10180,杜江峰,2025-02-20 02:52:38,0,0,0,助力收敛
215063,10180,杜江峰,2025-02-20 11:24:06,0,0,0,。。。
215074,10180,杜江峰,2025-02-20 15:06:36,0,2,2,知我罪我，其惟春秋。
215082,10180,杜江峰,2025-02-20 16:01:22,7,7,0,杜副部长江峰，官场险恶，希望你一路走好，爱来自1分！
215112,10180,杜江峰,2025-02-21 09:16:55,0,0,0,dddd
215115,10180,杜江峰,2025-02-21 10:28:44,9,9,0,哈基峰要走了
215118,10180,杜江峰,2025-02-21 12:54:37,-3,2,5,想你了 哈基峰
215126,10180,杜江峰,2025-03-15 00:26:11,2,2,0,慢走不送！
215129,10180,杜江峰,2025-02-22 05:43:26,1,1,0,快走吧
215130,10180,杜江峰,2025-02-22 06:06:12,1,1,0,拜拜了您
215139,10180,杜江峰,2025-02-22 10:22:50,0,0,0,助力^_^
215144,10180,杜江峰,2025-02-22 12:09:47,0,0,0,哎。。。
215148,10180,杜江峰,2025-02-23 02:11:47,14,14,0,浙江大学文科はいつ進歩を再開しますか。\n\n世界的に文史哲人文学科は衰退期にあり、多くの一般211と双非が文系を切っているが、中科大には経管以外に文系がないが、浙大は全国トップクラスの総合型大学として、一流の文系がないわけにはいかない！\n\n浙江省のような経済、人口、文化の大省は、浙江大学という総合型一流大学だけであり、浙江大学というプラットフォームだけが国内外のトップクラスの文系人材を導入するのに十分な人力財力を持っており、全省の文系建設、文化伝承の重任は浙江大学の肩にある。理科でも西湖大学は別のプラットフォームとしてあるが、文系にはそんなプラットフォームはない！\n\nもし浙江大文系が杜江峰一人の頭たたきで彼の手にかかっていたら、どうやって竺可桢校長、呉朝暉校長、楊衛校長に白状するのか。浙江大学の教師と学生と校友にどのように説明しますか。過去20年間に浙江大学文系復興のために全力を尽くしてきた人々にどう説明するのか。どのように旧杭州大学の校友に説明しますか。教育部と浙江省にどのように説明しますか。浙江省の受験生と納税者全員にどのように説明しますか。
215172,10180,杜江峰,2025-02-23 13:21:03,4,4,0,慢走不送
215175,10180,杜江峰,2025-02-23 16:03:30,0,1,1,gun吧 早死早托生
215178,10180,杜江峰,2025-02-25 02:14:40,79,80,1,67656/67656，他们欢送校长离职！
215237,10180,杜江峰,2025-02-25 02:12:24,28,28,0,据人社部网站2月25日消息，国务院任免国家工作人员。其中，任命杜江峰为教育部副部长，免去其浙江大学校长职务。
215239,10180,杜江峰,2025-02-25 02:13:38,9,9,0,助力 1.00
215240,10180,杜江峰,2025-02-25 02:14:00,3,3,0,走得好
215241,10180,杜江峰,2025-02-25 02:14:53,4,4,0,🐝进部了
215242,10180,杜江峰,2025-02-25 02:15:18,11,11,0,拜拜渡江疯 最近去哪发财🤣
215243,10180,杜江峰,2025-02-25 02:47:35,15,15,0,把校长这个重要的职位留给更能胜任的人，浙大终究不是你该来的地方。\n\n慢走不送！
215244,10180,杜江峰,2025-02-25 02:17:18,18,18,0,要列入前任校長一欄\n\n我宣佈杜江峰已經不是校長了
215245,10180,杜江峰,2025-02-25 02:18:13,5,5,0,2025年2月25日9.51 您终于走了
215247,10180,杜江峰,2025-02-25 02:19:10,2,2,0,慢走不送
215248,10180,杜江峰,2025-02-25 02:22:31,2,2,0,走好不送:)
215249,10180,杜江峰,2025-02-25 02:24:46,32,35,3,🙏听说杜江峰同志要走了，那就祝杜江峰同志一路走好，永垂不朽🙏\n\n\n\n🕯️🕯️🕯️🕯️🕯️🕯️🕯️\n\n🕯️🕯️❌🐝❌🕯️🕯️\n\n🕯️🕯️🕯️🕯️🕯️🕯️🕯️\n\n\n\n   🕴🏿🕴🏿🕴🏿\n\n   🤷🏿‍♂️⚰️🤷🏿‍♂️\n\n   🕴🏿🕴🏿🕴🏿\n\n\n\n\😭/\😭/\😭/\😭/\n\n\😭/\😭/\😭/\😭/\n\n\😭/\😭/\😭/\😭/\n\n\n\n🙏愿天堂没有浙大🙏
215250,10180,杜江峰,2025-02-25 02:25:52,3,4,1,再见，升管发财
215251,10180,杜江峰,2025-02-25 02:28:36,0,0,0,助力收敛
215252,10180,杜江峰,2025-02-25 02:29:48,9,9,0,君将远行，无物相赠，唯送纸船一只，明烛双彩，清香三支，直送东极。
215253,10180,杜江峰,2025-02-25 02:30:59,7,7,0,藻称冯
215254,10180,杜江峰,2025-02-25 02:31:46,3,3,0,拜拜了您嘞
215255,10180,杜江峰,2025-02-25 02:35:41,1,1,0,。。。
215256,10180,杜江峰,2025-02-25 02:35:45,8,9,1,曹尼玛djf
215258,10180,杜江峰,2025-02-25 02:41:52,27,28,1,亲爱的浙江大学的同学们：\n\n    你们好！当你们读到这封信的时候，我已经升任教育部fubuzhang，感谢这几年来同学们的辛勤付出，浙江是一个美丽的地方，浙大是一所优秀的大学，我在这里度过了一段愉快而富有挑战的时光。非常抱歉有始无终，没有给同学们在毕业证书上留下我的签名，但是不用难过同学们，未来你们所经历的多数教育政策与文件上，都将经过我的审批！最后，祝愿浙大的同学们能在下一任校长的带领下走向新的辉煌！（前提是能做的比我好 哈哈哈😝）
215259,10180,杜江峰,2025-02-26 08:21:35,-26,14,40,1分！
215260,10180,杜江峰,2025-02-25 02:45:41,7,9,2,助力牢杜收敛1.00
215262,10180,杜江峰,2025-02-25 02:51:15,3,3,0,助力收敛
215264,10180,杜江峰,2025-02-25 02:49:23,2,2,0,再见👋
215265,10180,杜江峰,2025-02-25 02:48:41,1,2,1,bye-bye
215266,10180,杜江峰,2025-02-25 02:49:02,10,10,0,恭喜高升，这下不用两地跑了
215268,10180,杜江峰,2025-02-25 02:53:52,2,2,0,欢送杜
215269,10180,杜江峰,2025-02-25 02:55:41,4,4,0,换校长了 希望新校长能让浙大越来越好
215270,10180,杜江峰,2025-02-25 02:57:49,1,1,0,走辣！
215271,10180,杜江峰,2025-02-25 02:58:38,-43,0,43,看看评个10分会咋样
215272,10180,杜江峰,2025-02-25 03:00:00,1,1,0,难绷，难评
215274,10180,杜江峰,2025-02-25 03:10:03,5,5,0,借问瘟君欲何往
215276,10180,杜江峰,2025-02-25 03:19:08,1,1,0,你终于要离开了
215277,10180,杜江峰,2025-02-25 03:22:42,1,1,0,记录历史
215278,10180,杜江峰,2025-02-25 03:22:20,1,1,0,他走辣！好走不送！！！！！！！
215279,10180,杜江峰,2025-03-05 16:22:11,33,33,0,恭喜教育部获得宝藏科研男孩一枚，希望科研资源能为国仪量子所用！
215280,10180,杜江峰,2025-02-25 03:29:53,0,0,0,牢杜慢走不送
215281,10180,杜江峰,2025-02-25 03:31:13,0,0,0,好走✋😭✋
215292,10180,杜江峰,2025-02-25 04:15:29,0,0,0,助力！
215294,10180,杜江峰,2025-02-25 04:17:02,0,0,0,拜拜喽
215297,10180,杜江峰,2025-02-25 04:30:19,1,1,0,🐝🐝🐝🐝🐝🐝🐝🐝🐝🐝🐝🐝🐝🐝🐝🐝🐝🐝🐝🐝🐝🐝🐝🐝🐝🐝🐝🐝🐝🐝🐝🐝🐝🐝🐝🐝🐝🐝🐝🐝🐝🐝🐝🐝🐝🐝🐝🐝🐝🐝🐝🐝🐝🐝🐝🐝🐝🐝🐝🐝🐝🐝🐝🐝🐝🐝🐝🐝🐝🐝🐝🐝🐝🐝🐝🐝🐝🐝🐝🐝🐝🐝🐝🐝🐝🐝🐝🐝🐝🐝🐝🐝🐝🐝🐝🐝🐝🐝🐝🐝
215299,10180,杜江峰,2025-02-25 04:30:38,0,0,0,终于滚蛋了
215300,10180,杜江峰,2025-02-25 04:38:58,0,0,0,捞钱天才。。。
215301,10180,杜江峰,2025-02-25 04:51:21,7,7,0,任期两年就高升调走，你也是把浙大当跳板的？
215303,10180,杜江峰,2025-02-25 05:13:21,0,0,0,助力趋向极限
215304,10180,杜江峰,2025-02-25 05:14:14,1,1,0,收敛1.00
215305,10180,杜江峰,2025-02-25 05:33:41,15,18,3,为什么都在骂djf啊？我觉得他没做错什么啊？只是，他喜欢张元英，看过lisa的疯马秀，给小机器人捐过款，给三国杀打过好评，策划了星铁数值膨胀，他改版了阴阳师超鬼王，设计了式神龙珏，皮套是玉取，他发明了英雄联盟圣堂抽奖，参与了圣堂铁男的形象设计，他最喜欢的V是东雪莲，最高等级的贴吧是孙笑川吧，他是肖战梦男，同时又磕肖战和蔡徐坤的cp，他的地下情人是张大大，原配夫人是麦琳，而已啊？
215306,10180,杜江峰,2025-02-25 05:26:04,2,2,0,老杜，最近在哪发财？
215307,10180,杜江峰,2025-02-25 05:31:37,-6,2,8,既然浙大已成跳板，校长不干事就可以理解了，人家只是等待着自己被调走的那天而已。\n\n恐怕到了未来，“不干事”都会成为一个优点，只要别瞎干就行。下一个校长怎么样，谁知道呢？吴朝晖都能洗白，所以谁知道以后会怎么样呢？\n\n这一切真的是他们自己决定的吗？\n\n学生怎么样，只有天知道。
215311,10180,杜江峰,2025-02-25 05:44:55,0,0,0,神人djf
215315,10180,杜江峰,2025-02-25 06:15:46,1,1,0,别了，江峰同志，刚入学就见证换校长了
215319,10180,杜江峰,2025-02-25 06:40:18,7,8,1,浙大正处在竞争top3的关键时期，应当派一员虎将来坐镇，派不出一只虎也要派一条狗，最后——派了一只猪来......
215320,10180,杜江峰,2025-02-25 07:00:58,5,5,0,躺赢狗！
215324,10180,杜江峰,2025-02-25 07:05:40,1,1,0,几把的打榜打到1啊😡
215330,10180,杜江峰,2025-02-25 07:32:41,1,1,0,助力收敛1.00
215337,10180,杜江峰,2025-02-25 08:22:10,0,0,0,快tm滚吧，尸位素餐
215338,10180,杜江峰,2025-02-25 08:23:22,3,3,0,把浙大当升职器了
215341,10180,杜江峰,2025-02-25 08:31:06,2,2,0,很难想象一个校长的评分能低到这种程度，但也算实至名归了
215342,10180,杜江峰,2025-02-25 08:42:56,0,0,0,牢杜再见😭😭
215343,10180,杜江峰,2025-02-25 09:01:18,0,0,0,懒得喷。。
215345,10180,杜江峰,2025-02-25 09:12:29,0,0,0,助力收敛
215350,10180,杜江峰,2025-02-25 09:32:25,8,8,0,不懂就问，教育部也可以在合肥远程办公吗？现在都这么人性化了
215353,10180,杜江峰,2025-02-25 09:53:44,2,2,0,浙大是你的升职器？\n\n你扪心自问在浙大干嘛了
215358,10180,杜江峰,2025-02-25 10:25:24,2,2,0,牢杜来财了
215361,10180,杜江峰,2025-02-25 10:43:32,-1,0,1,牢杜升职！
215362,10180,杜江峰,2025-02-25 10:57:06,0,0,0,dj🐝再见啦！慢走不送
215364,10180,杜江峰,2025-02-25 11:04:33,0,0,0,校长高升
215365,10180,杜江峰,2025-02-25 11:07:53,0,0,0,助力收敛
215371,10180,杜江峰,2025-02-25 12:07:56,0,0,0,扣你几哇杜江峰桑
215385,10180,杜江峰,2025-02-25 16:04:32,0,0,0,🐝\n\n我们学校滴矛盾，是存在滴。但是其实是学生内部之间滴矛盾。\n\n我以前带你们发文章，现在又要带你们回安徽了。\n\n我走后，学校一切事物都交给xxx。\n\n你们怎么办？只有竺知道。
215386,10180,杜江峰,2025-02-25 16:44:29,0,0,0,今天调走了
215388,10180,杜江峰,2025-02-25 18:32:55,0,0,0,澡称冯
215390,10180,杜江峰,2025-02-25 18:59:16,0,0,0,1分是查老师的下限，不是你的下限
215391,10180,杜江峰,2025-02-25 20:22:45,7,7,0,djf去当jyb副部长，接的是原副部长hgc的工作，后者已于半月前去pku当sj。那他的分工将是什么呢？目前官网还没更新，但hgc之前负责思想政治、**社会科学、高校学生、学位与研究生教育**、教育改革、民族教育工作。我已经开始笑了，中央这招太高了，削减经费还是要有虎将出马的。
215395,10180,杜江峰,2025-02-26 00:57:41,2,2,0,再见(；一_一)，djf
215413,10180,杜江峰,2025-02-26 03:07:58,1,1,0,…。。。
215417,10180,杜江峰,2025-02-26 04:15:59,20,20,0,高升教育部\n\n我叫僵疯你记住\n\n求仕创薪路🤣
215424,10180,杜江峰,2025-02-26 04:48:47,0,0,0,助力收敛
215425,10180,杜江峰,2025-02-26 05:05:06,0,0,0,哈哈哈
215430,10180,杜江峰,2025-02-26 05:43:22,12,13,1,坐等因为贪污、滥用职权被调查
215432,10180,杜江峰,2025-02-26 05:50:57,0,1,1,垃圾 终于拜拜了
215443,10180,杜江峰,2025-02-26 06:35:33,0,0,0,助力收敛
215446,10180,杜江峰,2025-02-26 06:45:55,4,4,0,苦也，浙毁要走
215460,10180,杜江峰,2025-02-26 08:47:15,3,4,1,拿我浙当跳板。。
215461,10180,杜江峰,2025-02-26 08:48:51,1,1,0,慢走不送 路过踩一脚 助力收敛
215465,10180,杜江峰,2025-02-26 09:38:42,0,0,0,拜拜了您嘞
215473,10180,杜江峰,2025-02-26 12:31:57,1,2,1,两年来不知道干了什么实事，只看到一地鸡毛
215480,10180,杜江峰,2025-02-26 17:10:40,2,2,0,收敛不够快
215491,10180,杜江峰,2025-02-27 02:19:09,15,15,0,据新华社客户端2月25日消息，国务院任免国家工作人员。\n\n任命杜江峰为教育部副部长；\n\n任命齐家滨为国家公务员局局长；\n\n任命孙友宏为东南大学校长（副部长级）。\n\n免去何光彩的教育部副部长职务；\n\n免去徐启方的国家公务员局局长职务；\n\n免去杜江峰的浙江大学校长职务。
215504,10180,杜江峰,2025-02-27 06:28:34,15,16,1,最不会被铭记的浙大校长，同时也是最会被记住的浙大校长。
215515,10180,杜江峰,2025-02-27 09:44:19,73,73,0,“诸位在校，有两个问题应该自己问问，第一，到浙大来做什么？第二，将来毕业后做什么样的人？”\ndjf：1.校长\n2.副部长
215526,10180,杜江峰,2025-02-27 12:53:43,5,5,0,镀金校长
215529,10180,杜江峰,2025-02-27 14:37:27,8,8,0,有史以来分最低的人
215531,10180,杜江峰,2025-02-27 15:41:07,9,9,0,牢杜希望你不要贪污受贿落马
215533,10180,杜江峰,2025-03-01 15:39:31,5,5,0,好的大学 没有校长
215564,10180,杜江峰,2025-02-28 11:06:46,2,3,1,送瘟神
215566,10180,杜江峰,2025-02-28 13:04:33,8,8,0,毕业证是djf签名，真是晦气
215593,10180,杜江峰,2025-03-02 08:16:38,0,0,0,😄😄😄
215608,10180,杜江峰,2025-03-02 16:45:17,2,2,0,滚蛋大吉
215648,10180,杜江峰,2025-03-03 09:25:06,4,4,0,那很坏了
215651,10180,杜江峰,2025-03-03 10:45:48,0,0,0,111
215681,10180,杜江峰,2025-03-04 04:05:04,0,0,0,123
215725,10180,杜江峰,2025-03-04 16:19:23,2,3,1,能不能赶紧去死
215769,10180,杜江峰,2025-03-05 10:29:28,4,4,0,拜拜喽
215816,10180,杜江峰,2025-03-06 00:29:41,18,18,0,1分助力收敛！早日到1.0！\n\n嘴上说着“不能把中科大的研究变成浙大的研究”，实际连校长的管理职责也处于量子叠加态。
215856,10180,杜江峰,2025-03-06 04:38:46,1,1,0,收敛吧
215873,10180,杜江峰,2025-03-06 09:42:52,2,2,0,助力收敛
215928,10180,杜江峰,2025-03-07 13:12:47,11,11,0,蠹僵疯大大拉低了浙大校长这个带有崇高使命的神圣职务的含金量，只把它当成了一个促进自己求仕创薪的跳板职位
215941,10180,杜江峰,2025-03-08 01:25:23,3,3,0,一位懂得感恩的人🤣
215954,10180,杜江峰,2025-03-08 05:02:39,2,2,0,首个1.01
215978,10180,杜江峰,2025-03-08 14:12:21,1,1,0,步步高升
215983,10180,杜江峰,2025-03-08 17:46:30,16,16,0,澡你冯的，我的学位证为什么是你的签名
215999,10180,杜江峰,2025-03-09 06:36:08,2,2,0,早日收敛
216023,10180,杜江峰,2025-03-09 12:33:58,2,3,1,依托答辩
216056,10180,杜江峰,2025-03-10 04:41:59,14,14,0,你为什么要叫杨昕去你办公室威胁他
216084,10180,杜江峰,2025-03-10 09:10:09,0,0,0,hhh
216089,10180,杜江峰,2025-03-10 09:25:33,27,27,0,谥号：月月安徽，日日合肥，身在浙大心在科大，故谥号浙徽宗
216110,10180,杜江峰,2025-03-10 10:29:35,5,5,0,唉，新校长什么时候来啊\n\n再带我们冲一次吧
216112,10180,杜江峰,2025-03-10 11:11:16,27,27,0,确实可以叫徽宗，因为北狩了哈哈哈哈哈
216156,10180,杜江峰,2025-05-01 13:09:45,29,32,3,浙徽宗蠹僵疯\n\n另外学校在智云课堂上干的越来越不是人事了，在这方面要把吴朝晖留下来的基业毁于一旦了\n\n我敢肯定这绝对是受了蠹僵疯的影响，上梁不正下梁歪，上行下效导致的\n\n无敌了，蠹僵疯走了，但是蠹僵疯的历史遗毒还在荼毒浙大\n\n蠹僵疯就像是带着一种恐怖的丧尸病毒来浙大的，这种丧尸病毒可以感染学校里一堆不干人事的行政，使它们对待学生态度降低200%，官职和钱财攫取能力提升200%
216168,10180,杜江峰,2025-03-11 11:49:13,2,2,0,第二次打分，恭喜1.01，超越林校长
216188,10180,杜江峰,2025-03-12 03:01:16,2,2,0,🤣🤣🤣
216285,10180,杜江峰,2025-03-13 02:10:19,4,4,0,普天同庆，当庆当庆当当庆；欣喜若狂，且狂且狂且且狂。
216333,10180,杜江峰,2025-03-13 11:51:04,2,2,0,很有精神！！
216379,10180,杜江峰,2025-03-15 02:14:45,-29,0,29,10分好评
216391,10180,杜江峰,2025-04-24 01:40:56,1,1,0,送瘟神
216405,10180,杜江峰,2025-03-16 02:14:50,0,0,0,。。。
216410,10180,杜江峰,2025-03-16 06:02:42,2,8,6,复旦金力也要裁文科了，校长们都疯了么
216504,10180,杜江峰,2025-03-17 13:06:48,1,1,0,哎呦我，好滚
216571,10180,杜江峰,2025-03-18 14:45:03,0,0,0,助力收敛
216701,10180,杜江峰,2025-03-21 08:52:44,6,6,0,好的大学，没有校长
216720,10180,杜江峰,2025-03-22 12:53:09,14,14,0,峰哥骗我们干嘛，这峰哥也不无敌呀？当太阳升起就把捞浙忘掉。
216762,10180,杜江峰,2025-03-24 07:31:23,2,2,0,好似喵
216835,10180,杜江峰,2025-03-26 10:23:28,13,13,0,狸蛹这个murderer都有1.02，1.01的毒僵🐝什么成分不用说了吧
216851,10180,杜江峰,2025-03-27 03:34:10,3,3,0,好的大学，没有校长😋
216893,10180,杜江峰,2025-03-28 09:36:43,10,10,0,2025/3/28 马琰铭任浙江大学校长
216894,10180,杜江峰,2025-03-28 09:53:18,9,9,0,浙大没能峰回路转，希望马到成功！\n\n欢迎马琰铭院士就任浙大校长！
216896,10180,杜江峰,2025-03-28 11:14:35,1,1,0,111
216913,10180,杜江峰,2025-03-29 02:59:46,1,1,0,助力收敛
216925,10180,杜江峰,2025-03-29 07:17:53,1,2,1,非常不好
216938,10180,杜江峰,2025-03-29 12:55:26,-72,3,75,杜校长是好校长，只是这个大学里人很多人有问题。
216947,10180,杜江峰,2025-03-30 06:58:06,0,0,0,助力收敛
216999,10180,杜江峰,2025-03-31 07:24:58,3,4,1,limit=0!
217012,10180,杜江峰,2025-03-31 08:53:16,2,2,0,说说你有哪些贡献
217013,10180,杜江峰,2025-03-31 08:57:56,0,1,1,助力收敛
217016,10180,杜江峰,2025-03-31 09:21:04,5,6,1,牢杜的评论区真的是个人都来踢一脚🤣
217018,10180,杜江峰,2025-03-31 11:02:25,0,0,0,助力收敛
217022,10180,杜江峰,2025-03-31 11:17:05,0,0,0,助力收敛
217024,10180,杜江峰,2025-03-31 11:45:40,0,0,0,人都不在点啥名
217026,10180,杜江峰,2025-03-31 12:07:07,5,6,1,唯一的优点：字写的能看一点
217042,10180,杜江峰,2025-03-31 17:05:21,0,0,0,hhhh
217071,10180,杜江峰,2025-04-01 06:21:29,2,2,0,呕呕呕
217093,10180,杜江峰,2025-04-01 16:57:41,7,7,0,浙江大学校史上的一大败笔
217113,10180,杜江峰,2025-04-02 04:54:15,0,1,1,干了啥？
217131,10180,杜江峰,2025-04-02 08:56:22,12,12,0,把浙大当跳板，短暂两年就离任高升的一位~
217134,10180,杜江峰,2025-04-02 10:44:57,-62,2,64,可劲闹吧，人都离职了还不消停，有点没品了吧？快把自己京外长子地位作没了。再闹，快进到浙江第二所出现了。
217190,10180,杜江峰,2025-04-03 11:54:38,1,1,0,牢杜滚的好
217213,10180,杜江峰,2025-04-04 14:42:44,0,0,0,助力收敛
217220,10180,杜江峰,2025-04-05 05:12:26,4,4,0,每日一分！豆浆蜂我*********
217221,10180,杜江峰,2025-04-05 05:20:22,-1,0,1,半年就来打个1分
217258,10180,杜江峰,2025-04-07 03:39:14,0,2,2,好似喵~
217262,10180,杜江峰,2025-04-07 06:31:28,2,2,0,SHI
217321,10180,杜江峰,2025-04-08 11:21:18,3,3,0,顺手给个1分
217382,10180,杜江峰,2025-04-09 08:29:31,11,11,0,学数逻太痛苦了，顺手给你个一分
217406,10180,杜江峰,2025-04-10 00:41:21,2,2,0,666
217443,10180,杜江峰,2025-04-10 12:09:27,5,5,0,好的大学，没有校长。
217497,10180,杜江峰,2025-04-11 11:26:12,3,3,0,风评减一
217529,10180,杜江峰,2025-04-12 10:32:19,2,2,0,助力收敛
217554,10180,杜江峰,2025-04-13 04:57:20,14,15,1,升官发财请往他处，求仕创薪勿入斯门。
217561,10180,杜江峰,2025-04-13 07:05:11,25,26,1,是不是阿杜走了所以cls又能校网上了
217566,10180,杜江峰,2025-04-13 11:18:23,8,8,0,楼下说闹的有点过分了哈，牢杜敢做不让我们说呗？以为谁膝盖都和你一样软呢？收收味哈
217676,10180,杜江峰,2025-04-15 05:19:11,1,1,0,💩hhh
217677,10180,杜江峰,2025-04-15 05:19:22,0,0,0,每日一评
217712,10180,杜江峰,2025-04-15 11:00:00,5,5,0,放退思特贼贼旁边活不过两张图
217734,10180,杜江峰,2025-04-15 15:26:22,0,0,0,一路走好
217737,10180,杜江峰,2025-04-15 22:50:19,3,3,0,Q: 为什么Bi-210m明明没有β衰变，但α衰变的半衰期很短？\n\nA: Bi-210m的Qα值高于Bi-210，因此其α衰变是可以预见的。Bi-210的β衰变可是很显著的哦，它有α衰变不奇怪吧？\n\nQ: 哦这我就知道了，Bi-210m不满足“β衰变半衰期很长的基态核素”的判据。不过，我知道中子数 >= 128的核素对α衰变不稳定，但Bi-210的中子数明明只有127，为什么α衰变的半衰期也很短呢？\n\nA: 通常质量数相同的情况下，质子数越多，对α衰变越不稳定。Bi-210的α衰变半衰期是短于Pb-210的。
217747,10180,杜江峰,2025-04-16 01:51:08,-1,0,1,助力收敛
217782,10180,杜江峰,2025-04-16 11:01:45,0,0,0,屎屎屎
217811,10180,杜江峰,2025-04-17 01:43:55,0,0,0,助力收敛
217890,10180,杜江峰,2025-04-17 14:02:33,-1,0,1,助力收敛
217912,10180,杜江峰,2025-04-18 01:56:32,0,0,0,助力收敛
217996,10180,杜江峰,2025-04-19 04:05:33,12,13,1,关闭智云课堂这种历史大倒车事件足够在耻辱柱上挂一辈子。
218000,10180,杜江峰,2025-04-19 04:23:57,5,5,0,提拔王靖岱这种人渣管人事人才，就冲这个打1分
218040,10180,杜江峰,2025-04-19 13:29:14,0,0,0,创造历史
218088,10180,杜江峰,2025-04-20 16:33:06,6,6,0,现在查老师不墙了，呵呵
218300,10180,杜江峰,2025-04-22 11:28:28,1,1,0,没什么好说的，助力收敛
218364,10180,杜江峰,2025-04-23 02:47:32,-1,0,1,跟团了
218386,10180,杜江峰,2025-04-23 05:54:17,5,6,1,他是曾经受到过文科的伤害吗
218418,10180,杜江峰,2025-04-23 09:14:29,-1,0,1,...
218458,10180,杜江峰,2025-04-23 17:11:44,1,1,0,心情不好，打个低分
218636,10180,杜江峰,2025-04-27 16:42:57,-1,0,1,垃圾玩意儿
218673,10180,杜江峰,2025-04-28 13:50:16,1,1,0,助力收敛
218696,10180,杜江峰,2025-04-29 04:48:11,1,1,0,助力..
218703,10180,杜江峰,2025-04-29 06:59:19,1,2,1,换校长了，会好起来吗？
218761,10180,杜江峰,2025-05-02 11:38:06,2,2,0,弱智无需多言
218985,10180,杜江峰,2025-05-16 12:20:37,3,5,2,2020新高考I卷\n\n2020新高考II卷\n\n2021新高考I卷\n\n2021新高考II卷\n\n2022新高考I卷\n\n2022新高考II卷\n\n2023新课标I卷\n\n2023新课标II卷\n\n2024新课标I卷\n\n2024新课标II卷
218996,10180,杜江峰,2025-05-17 11:55:11,-1,4,5,2023级初中生（2026中考，2029高考，现初二）：语文、数学、英语、历史用旧教材，物理、化学用新教材
219014,10180,杜江峰,2025-05-19 02:42:38,0,1,1,🐝🐝🐝
219067,10180,杜江峰,2025-05-20 08:48:11,-8,1,9,给大家推荐一个卖桌游的网站：https://playmonster.com/
219069,10180,杜江峰,2025-05-20 12:38:12,0,1,1,智云又崩了
219142,10180,杜江峰,2025-05-22 07:32:27,2,2,0,终于走了捏
219165,10180,杜江峰,2025-05-22 14:52:50,0,1,1,垃圾玩意
219215,10180,杜江峰,2025-05-23 04:44:56,0,2,2,🐝🐝🐝
219240,10180,杜江峰,2025-05-23 09:24:26,1,1,0,十中石
219244,10180,杜江峰,2025-05-23 09:58:24,1,1,0,科大的好同志
219292,10180,杜江峰,2025-05-24 08:54:02,4,4,0,浙大孙笑川
219329,10180,杜江峰,2025-05-25 09:21:29,1,2,1,不是这浮点数什么时候能收敛到1.00
219330,10180,杜江峰,2025-05-25 10:33:30,0,1,1,收敛！
219357,10180,杜江峰,2025-05-25 15:33:04,0,1,1,依托狗屎
219402,10180,杜江峰,2025-05-26 11:49:37,2,2,0,"The quaternions are ""essentially"" the only (non-trivial) central simple algebra (CSA) over the real numbers， in the sense that every CSA over the real numbers is Brauer equivalent to either the real numbers or the quaternions. Explicitly， the Brauer group of the real numbers consists of two classes， represented by the real numbers and the quaternions， where the Brauer group is the set of all CSAs， up to equivalence relation of one CSA being a matrix ring over another."
219422,10180,杜江峰,2025-05-27 04:51:03,-27,1,28,杜校长的发展理念其实还好，浙大虽然是综合性大学，但主要还是理工类大学，多发展工科和理科是好事，理科人才没引进也正常，不是什么时候都能遇到交大的院士、数学院长励建书和校长不和这种事的，和那任交大校长比，杜校已经不错了。数学引进了多少国外大牛，现在有多少院士，都已经A+了，短期内有超过北大复旦的可能吗？没有吧，那为什么还要继续引进而不是干脆大力发展工科。学校里的大事都是党委书记出面的，到底是他不想来还是根本说话不算，来了也没用，只能当个吉祥物到处宣传一下浙大经验
219450,10180,杜江峰,2025-05-27 13:53:28,0,0,0,shb
219455,10180,杜江峰,2025-05-27 21:06:40,3,3,0,Gd-148和Po-209的对比\n\n相同点：\n\n1. α半衰期相近（86.9年 vs 124年）\n\n2. β+衰变能量Q_EC均为正（28 keV vs 1892.6 keV），但β+衰变相比α衰变可忽略\n\n不同点：\n\nPo-209的β+半衰期只比α半衰期长不到3个数量级，而Gd-148的β+半衰期可能超过10^20年（甚至可能长于它理论上的2β+半衰期）
219456,10180,杜江峰,2025-05-28 00:34:25,6,6,0,补充楼上关于Po-209的β+衰变：见https://www.nndc.bnl.gov/ensnds/209/Bi/ec_decay.pdf
219457,10180,杜江峰,2025-05-28 01:03:58,1,1,0,今天早上吃了个鸡蛋
219459,10180,杜江峰,2025-05-28 01:20:31,3,4,1,24新生还不太懂他，但也确实知道不是什么好人
219471,10180,杜江峰,2025-06-14 01:24:44,3,3,0,没事来打个1分
219507,10180,杜江峰,2025-05-29 03:25:14,2,2,0,世上最差校长，没有之一
219580,10180,杜江峰,2025-05-30 04:03:40,0,0,0,🐝🐝🐝
219594,10180,杜江峰,2025-05-30 14:39:20,0,0,0,可是现代大部分扑克游戏（外国的桥牌、德扑，中国的双升、掼蛋、拱猪等等）都是2最小，A最大（用数字表示：2 3 4 5 6 7 8 9 10 11 12 13 1）。那些不遵循这个顺序的扑克游戏会被认为是不入流的。
219655,10180,杜江峰,2025-06-03 10:51:15,0,0,0,1.0是正确的
219657,10180,杜江峰,2025-06-03 11:04:02,2,2,0,所以，安徽23年高考为什么用2卷？其他年都是1卷啊
219679,10180,杜江峰,2025-06-04 04:21:49,0,0,0,🐝🐝🐝
219830,10180,杜江峰,2025-06-08 08:28:00,2,2,0,2026年高考状况：\n\n· 只有新疆、西藏考文理综合。\n\n· 只有河南、山西、新疆外语听力不计入成绩。\n\n· 小道消息：东北四省（黑吉辽蒙）选科试卷由黑龙江命题；2024、2025、2027年则分别是辽、吉、蒙。西北四省（晋陕青宁，⚠️注意没有甘肃）命题省份无消息。\n\n—————————分割线——————————\n\n以上是乐子，这条朋友圈其实是时隔多年来吐槽一下（主要是我那年的）理综。一方面是如果不出意外的话，今年是倒数第二份综合试卷，明年是最后一份，后年就没有了。另一方面，我的朋友圈里不知道什么是综合试卷的好友大概可能已经比知道的好友要多了。这里先叠个甲：(i) 我下面说到题号的时候，以'''今年'''的试题结构为准，而不是我那年的试卷。(ii) 试题顺序和分值可以微调，只说出现最多的情况。\n\n所谓理科综合，就是一份需要考生在150分钟之内完成的、把物化生三个科目强行拼凑在一起的、分值300分的试卷，其结构如下：\n\n选择题126分，21题，每题6分：\n\n· 1 ~ 6题为生物，36分。\n\n· 7 ~ 13题为化学，42分。\n\n· 14 ~ 21题为物理，48分。\n\n非选择题174分：\n\n· 22 ~ 25题为物理，62分。22 ~ 23题为两个实验题，分别是10分和16分；24 ~ 25题为两个计算题，分别是16分和20分。\n\n· 26 ~ 29题为化学，58分。一般26、27题一个化学实验一个工业流程（顺序不定），28题反应原理，29题有机化学。四个题目两个14分两个15分，具体分配不定。\n\n· 30 ~ 34题为生物，54分。按顺序一般是细胞代谢、稳态、生态、遗传、基因工程。题目分数分配不定。\n\n好了，下面开始吐槽。\n\n我们知道新高考选科每科考75分钟，大题题量和综合卷相同。那么对于综合卷考生来说，每科平均50分钟的时间少在哪里呢？当然就是6分一个、变态的理综选择题。
219854,10180,杜江峰,2025-06-09 03:10:57,1,1,0,真的是混仕途
219871,10180,杜江峰,2025-06-09 10:48:06,2,2,0,Soyo桑，LOVE！
219877,10180,杜江峰,2025-06-09 14:11:14,1,1,0,助力收敛到1.00
219884,10180,杜江峰,2025-06-10 02:12:53,1,1,0,路过踩一脚
219907,10180,杜江峰,2025-06-10 18:45:06,0,0,0,绿茶男表子
219908,10180,杜江峰,2025-06-10 21:59:13,2,2,0,2024级开始
219969,10180,杜江峰,2025-06-12 18:14:44,4,4,0,语文每年有2套卷，从2020年到现在有12套卷；英语每年有3套卷，从2020年到现在有15套卷
220147,10180,杜江峰,2025-06-15 14:48:08,0,0,0,使用56张花色牌+愚人牌+广告牌共59张。也可以不用愚人牌，共58张；或者愚人牌和广告牌均不用，共56张。
220156,10180,杜江峰,2025-06-15 22:12:21,0,1,1,逆天校长
220211,10180,杜江峰,2025-06-16 09:57:24,2,2,0,补天有点痛苦了，杜river bee不帮我考试，踩一脚
220326,10180,杜江峰,2025-06-17 09:04:18,0,1,1,滚呐！
220396,10180,杜江峰,2025-06-17 15:51:48,1,1,0,SIB 字节中 index = 100b 不一定表示无 index，要看 REX.X 位是否为 0！
220554,10180,杜江峰,2025-06-18 12:46:28,0,1,1,cnm
221174,10180,杜江峰,2025-06-21 19:53:55,2,2,0,In-115的半衰期是4.41×10^14年，La-138的半衰期是1.03×10^11年，这俩差了好多倍呢
221216,10180,杜江峰,2025-06-22 04:25:53,3,3,0,杜将会被永远钉在zju的耻辱柱上以警示后任
221267,10180,杜江峰,2025-06-22 10:17:07,2,2,0,马上大二了，回想大一，真想操他妈
221269,10180,杜江峰,2025-06-22 10:45:28,0,0,0,直接导致查老师被大手屏蔽的神人
221464,10180,杜江峰,2025-06-24 02:15:03,0,0,0,(Cd-113的半衰期)/(In-115的半衰期) = (8.04×10^15年)/(4.41×10^14年) = 18.23
221823,10180,杜江峰,2025-06-26 13:17:49,0,0,0,各省物理类600分以上人数：河南45887 江苏34888 安徽27089 河北27073 广东26988
222035,10180,杜江峰,2025-06-29 05:59:04,0,0,0,122/123 -> 124\n\n650/651 -> 652（道具进化）\n\n346/347 -> 729[9]（道具进化）\n\n35/36/37 -> 1237[9] -> 1238*[35]\n\n499/500 -> 1278[9] -> 1279*[9]\n\n65/66/67 -> 1315[9] -> 1316[9] -> 1317*[35]
216897,10740,马琰铭,2025-04-01 05:52:58,53,56,3,2025.3.28，终于弥补了一个多月以来浙大校长职位的空白。前排祝愿新校长马到成功！
216899,10740,马琰铭,2025-03-28 12:40:31,2,4,2,25.3.28沙发~\n\n希望是个能带领浙大继续腾飞的好校长！
216900,10740,马琰铭,2025-03-28 12:54:42,3,3,0,第三[ac01]
216901,10740,马琰铭,2025-03-28 13:01:46,1,1,0,第一！
216902,10740,马琰铭,2025-03-28 13:19:19,1,1,0,占领空屏
216903,10740,马琰铭,2025-03-28 13:55:02,2,3,1,这么及时的吗😯前排
216907,10740,马琰铭,2025-03-28 16:05:10,179,188,9,新手福利，10分起扣
216910,10740,马琰铭,2025-03-28 23:52:37,3,3,0,前排～
216911,10740,马琰铭,2025-03-29 01:25:31,12,12,0,打个十分试试水
216917,10740,马琰铭,2025-04-23 11:31:38,36,37,1,智云课堂疑似要开历史倒车？
216921,10740,马琰铭,2025-03-29 07:15:08,5,5,0,看起来还好
216922,10740,马琰铭,2025-03-29 07:15:10,1,1,0,新校长，期待一手
216923,10740,马琰铭,2025-03-29 07:15:16,7,7,0,小心发际线啊
216924,10740,马琰铭,2025-03-29 07:15:55,1,1,0,新手福利
216932,10740,马琰铭,2025-03-29 09:10:39,206,214,8,新校长能不能模仿吉大的超长寒假
216933,10740,马琰铭,2025-03-29 09:37:30,2,3,1,马到成功！
216935,10740,马琰铭,2025-03-29 11:18:18,20,20,0,新手10分大礼包
216937,10740,马琰铭,2025-03-29 12:14:41,1,1,0,带我们冲吧！
216952,10740,马琰铭,2025-04-17 10:50:46,71,75,4,吉林大学学科比浙大还全，而且基础文科和基础理科颇有实力，看好马校长的综合性大学管理经验\n\n“马琰铭校长与王云路教授进行了亲切交谈。马琰铭表示，王云路教授深耕学术科研、潜心教书育人，为学校和学科的发展、为推动中华优秀传统文化传承发展作出了重要贡献。他希望王云路教授继续带领团队认真扎实做好《中华礼藏》编写工作，在传承创新中华优秀传统文化中持续发挥引领作用，学校将始终为中文学科发展提供有力支撑和保障。”
216960,10740,马琰铭,2025-03-30 11:47:55,3,4,1,期待新校长
216966,10740,马琰铭,2025-03-30 13:35:38,1,3,2,期待！
216967,10740,马琰铭,2025-03-30 13:52:44,1,2,1,送上10分新手大礼包，希望新校长带领着大家越来越好！
216969,10740,马琰铭,2025-03-30 14:20:34,36,36,0,给你个十分 还我个春假🥰
216971,10740,马琰铭,2025-03-30 14:29:51,7,7,0,3.30先送个新手大礼包
216973,10740,马琰铭,2025-03-30 15:32:18,3,4,1,开盘十分，过程量化
216980,10740,马琰铭,2025-04-15 08:15:27,0,2,2,马到成功
216983,10740,马琰铭,2025-03-31 02:19:30,1,2,1,新的开始
216987,10740,马琰铭,2025-03-31 03:19:53,-62,11,73,求求大家别闹他了，再闹上面烦了，消停点吧
216997,10740,马琰铭,2025-03-31 06:23:30,1,2,1,欢迎新校长
217004,10740,马琰铭,2025-03-31 08:16:41,1,1,0,en..
217007,10740,马琰铭,2025-03-31 08:41:07,3,3,0,打个十分试试
217014,10740,马琰铭,2025-04-16 05:54:37,0,1,1,马到成功
217015,10740,马琰铭,2025-03-31 09:00:14,1,1,0,马到成功
217017,10740,马琰铭,2025-03-31 09:31:41,1,1,0,希望以后的日子里，新校长能和大家一同建设更好的浙大，马到成功！
217021,10740,马琰铭,2025-03-31 11:14:54,3,3,0,新手福利，十分起扣
217030,10740,马琰铭,2025-03-31 13:35:49,1,1,0,老乡，打个十分先
217034,10740,马琰铭,2025-03-31 14:57:17,1,1,0,期待！
217035,10740,马琰铭,2025-03-31 15:13:46,1,1,0,马到成功
217036,10740,马琰铭,2025-03-31 15:19:34,2,2,0,挺可爱的老师
217039,10740,马琰铭,2025-03-31 15:42:01,1,1,0,新手大礼包～
217040,10740,马琰铭,2025-03-31 16:02:09,2,2,0,新手福利
217043,10740,马琰铭,2025-03-31 23:43:50,93,95,2,马校长求求您：适当延长午休，引进吉大的超长假期，改造宿舍，增加充电桩和遮阳棚
217045,10740,马琰铭,2025-04-01 01:42:46,55,57,2,见证一下换任～～～希望新校长不要再压缩文科啦～～～给我们文学生一个良好的生存空间吧🥹🥹🥹
217054,10740,马琰铭,2025-04-01 03:26:49,1,1,0,10分开局
217056,10740,马琰铭,2025-04-01 04:03:54,1,2,1,欢迎老乡！
217061,10740,马琰铭,2025-04-01 04:36:13,3,3,0,新手10分大礼包
217074,10740,马琰铭,2025-04-01 08:00:49,0,1,1,前面认真的吗，要新校长和吉大一样改善宿舍环境（开个玩笑）\n\n吉大招生群\n\n\n\n家长A：请问吉大宿舍有空调吗\n\n\n\n招生组老师：我们这里冬暖夏凉，夏天都是裹着被子睡的 （背景：夏天30多度）
217078,10740,马琰铭,2025-04-01 09:56:33,0,0,0,马到成功
217083,10740,马琰铭,2025-04-01 12:41:23,2,2,0,我是第50位评分的人呢🤓
217114,10740,马琰铭,2025-04-02 04:59:10,2,2,0,马到成功～
217116,10740,马琰铭,2025-04-02 05:27:53,1,2,1,欢迎老乡到来~
217118,10740,马琰铭,2025-04-02 05:35:10,0,1,1,10分先送出了
217119,10740,马琰铭,2025-04-02 06:01:10,1,1,0,马到成功！
217128,10740,马琰铭,2025-04-28 09:26:32,50,57,7,牢马，你想你的评分比牢杜还低吗？补药大一换寝室和锁智云呀。还有我现在翻墙给你评论也很难受啊。
217130,10740,马琰铭,2025-04-02 08:54:43,16,16,0,希望是位好校长！！！zju越来也好，不要再压榨文科了~
217135,10740,马琰铭,2025-04-02 11:10:34,13,13,0,诸位在校，有两个问题应该自己问问：第一，到浙大来做什么？第二，将来毕业后要做什么样的人？
217138,10740,马琰铭,2025-04-02 11:26:26,0,0,0,凑个热闹
217141,10740,马琰铭,2025-04-02 11:50:40,0,0,0,前排留名     ——2025.4.2 19:50
217151,10740,马琰铭,2025-04-02 13:51:27,0,0,0,开着滑板车来的
217166,10740,马琰铭,2025-04-03 03:04:14,3,3,0,新手礼包，祝马到成功
217167,10740,马琰铭,2025-04-03 03:34:49,2,2,0,欢迎马校长！😘
217173,10740,马琰铭,2025-04-03 05:53:55,1,1,0,听说还不错，以后事情有变再改评分
217175,10740,马琰铭,2025-04-03 06:05:11,2,2,0,祝马到成功！
217186,10740,马琰铭,2025-04-03 09:02:14,2,2,0,希望别走杜的老路
217203,10740,马琰铭,2025-04-04 05:41:58,2,4,2,虽然不是很看好，但是先给10分
217219,10740,马琰铭,2025-04-05 05:05:51,9,10,1,新手福利！先给十分！不说了，要给豆浆蜂刷每日一分的差评了。
217225,10740,马琰铭,2025-04-05 07:39:57,43,43,0,新手福利给个10分，但是如果走了蠹僵疯的老路，还是需要往回倒扣分的\n\n另外说别闹了的那个，你从这个评论区那句话能看出来有人在闹？大伙对马校长目前不都是有一定期望的吗？希望他可以比前任做得更好，把浙大建设的更好\n\n从他的籍贯，出身，任职经历上看不上他的大多都是校外人士\n\n哪有那么多在校师生闲着没事为了这个闹的\n\n你这么虚空索敌好不好玩啊
217238,10740,马琰铭,2025-04-06 05:02:20,1,1,0,先打十分
217256,10740,马琰铭,2025-04-07 03:32:11,5,5,0,新手福利，十分起扣
217257,10740,马琰铭,2025-04-07 03:37:08,1,1,0,新手福利~
217271,10740,马琰铭,2025-04-07 08:42:35,1,1,0,新手礼包10分
217287,10740,马琰铭,2025-04-07 13:10:03,8,8,0,马校长快来助力我们成均苑复兴！！！
217300,10740,马琰铭,2025-04-08 02:52:19,3,3,0,新手福利，十分先
217307,10740,马琰铭,2025-04-08 06:38:58,6,6,0,校长延长一下午休吧
217311,10740,马琰铭,2025-04-08 07:40:36,2,3,1,打个10分欢迎👏新校长
217330,10740,马琰铭,2025-04-08 13:42:36,9,10,1,能不能改善一下住宿环境，尤其是丹阳上下铺这种
217372,10740,马琰铭,2025-04-09 07:00:13,4,4,0,好的大学有校长啦！
217376,10740,马琰铭,2025-04-09 07:47:36,1,1,0,新手福利
217408,10740,马琰铭,2025-04-10 00:51:58,11,12,1,能来旁听本科生课程的浙大校长应该很好吧
217458,10740,马琰铭,2025-04-10 15:47:48,0,0,0,新手大礼包十分
217463,10740,马琰铭,2025-04-10 18:31:49,4,5,1,延长午休
217473,10740,马琰铭,2025-04-11 02:44:25,0,2,2,吉林人发来贺报
217489,10740,马琰铭,2025-04-11 07:00:40,0,0,0,哼哼哼
217496,10740,马琰铭,2025-04-11 11:20:27,0,0,0,大礼包一份～
217528,10740,马琰铭,2025-04-12 10:31:15,0,0,0,新手大礼包给个10分
217537,10740,马琰铭,2025-04-12 15:12:10,0,0,0,新手大礼包
217540,10740,马琰铭,2025-04-12 17:11:01,0,0,0,新手大礼包
217541,10740,马琰铭,2025-04-12 17:40:32,23,23,0,🛴琰铭\n\n🛴🛴🛴
217556,10740,马琰铭,2025-04-13 06:06:20,0,0,0,希望新校长能带领浙大走向更好！
217602,10740,马琰铭,2025-04-14 04:12:02,0,0,0,新手大礼包
217611,10740,马琰铭,2025-04-14 05:50:48,0,0,0,新手礼包~
217715,10740,马琰铭,2025-04-15 11:17:09,0,1,1,看面相好像不错，先给十分，欢迎校长！
217745,10740,马琰铭,2025-04-16 01:44:02,0,1,1,新手保护期，先打个10分，期待马校长会让浙大更上一层楼！
217766,10740,马琰铭,2025-04-16 06:53:36,0,0,0,111
217775,10740,马琰铭,2025-04-16 08:35:54,0,0,0,新手大礼包
217803,10740,马琰铭,2025-04-16 15:22:16,2,3,1,欢迎新校长到任，10分奉上。延长一下午休和寒暑假吧，别要短学期了吧，给个期中周吧，北教那么多教室用起来呀🥹
217817,10740,马琰铭,2025-04-17 03:07:49,3,3,0,欢迎马校，祝成功，希望多听听浙大学子的建议
217950,10740,马琰铭,2025-04-18 09:02:58,0,1,1,新手福利😋
218027,10740,马琰铭,2025-04-19 09:34:33,0,3,3,十分起扣
218047,10740,马琰铭,2025-04-19 15:50:34,0,1,1,好校长
218053,10740,马琰铭,2025-04-20 03:25:46,0,1,1,新手保护
218093,10740,马琰铭,2025-04-21 02:23:28,0,0,0,新手大礼包
218147,10740,马琰铭,2025-04-21 13:33:49,0,1,1,新手10分礼包
218180,10740,马琰铭,2025-04-22 02:26:23,1,1,0,目前还不错
218354,10740,马琰铭,2025-04-23 01:53:24,26,26,0,且看在智云课堂管理办法的改革上表现如何。
218440,10740,马琰铭,2025-04-23 13:26:03,4,4,0,想要春假
218452,10740,马琰铭,2025-04-23 15:47:16,63,64,1,马校长，只要你能解决大一下换寝室和智云课堂开历史倒车这两个问题，你将立刻获得全校学生的拥护🙏
218455,10740,马琰铭,2025-04-23 16:11:44,8,8,0,整改一下校网先
218456,10740,马琰铭,2025-04-23 16:52:00,10,10,0,关智云按时间来看目前还不能算在马校长头上吧
218464,10740,马琰铭,2025-04-24 00:57:34,68,69,1,校长，智云还会陪我们走下去吗
218465,10740,马琰铭,2025-04-24 02:20:50,35,36,1,对于大一换寝的闹剧流言，如果属实则坚决反对，恳请校长体察学生的境况，不要搞这些无谓的东西\n\n同时坚决反对智云课堂新政策，坚决斗争不务实事只针对学生、不考虑实际的弊政，坚决抵制自废武功智云平台的历史倒车行为
218503,10740,马琰铭,2025-04-24 05:07:09,11,11,0,智云课堂！！！智云课堂！！！
218548,10740,马琰铭,2025-04-24 12:33:12,-5,2,7,新手福利，10分
218645,10740,马琰铭,2025-04-28 06:30:31,32,37,5,对于大一换寝的闹剧流言，如果属实则坚决反对，恳请校长体察学生的境况，不要搞这些无谓的东西 同时坚决反对智云课堂新政策，坚决斗争不务实事只针对学生、不考虑实际的弊政，坚决抵制自废武功智云平台的历史倒车行为
218649,10740,马琰铭,2025-04-28 07:32:03,31,31,0,关于智云课堂和大一换寝室的问题，希望校长关注一下，为什么查老师还要挂梯子呢，希望浙江大学多做一些实事，别把阴招全用到学生身上
218651,10740,马琰铭,2025-04-28 08:19:13,5,7,2,不想换寝室。。
218653,10740,马琰铭,2025-04-28 08:50:12,16,18,2,大一换寝室和关闭智云的闹剧，你怕是要跟老杜坐一桌了
218655,10740,马琰铭,2025-04-28 10:32:17,7,8,1,很难不怀疑这些所谓的改革创举和校长走马上任有关，希望校长听取学生们的意见，以人为本，建设真正的top3大学
218663,10740,马琰铭,2025-04-28 11:46:58,8,9,1,刚刚走了一个不作为，难道又来了一个乱作为吗，学生怎么难受怎么来啊
218664,10740,马琰铭,2025-04-28 12:02:34,2,5,3,还我智云课堂，还我大一室友！！
218665,10740,马琰铭,2025-04-28 12:05:45,5,6,1,又换寝室又锁智云又封查老师\n\n要几把干啥
218667,10740,马琰铭,2025-04-28 12:08:35,4,4,0,换寝室无所谓\n\n智云课堂和查老师挂梯子这两玩意\n\n您再想想吧
218670,10740,马琰铭,2025-04-28 13:02:15,3,4,1,👎🏻👎🏻👎🏻
218672,10740,马琰铭,2025-04-28 13:13:40,3,3,0,住上下铺，能不能换个上床下桌
218678,10740,马琰铭,2025-04-28 16:12:05,2,2,0,封锁智云和查老师之后是大一就要换寝室吗……那很绝望了……
218681,10740,马琰铭,2025-04-29 01:04:12,6,7,1,智云，我的智云，没有你我怎么活啊😭😭😭
218692,10740,马琰铭,2025-04-29 03:44:59,4,10,6,虽然但是，换寝室的事情应该归书记管的
218705,10740,马琰铭,2025-04-29 07:16:33,16,16,0,补药关智云啊QwQ你也不想你的评分跟牢杜一样吧校长，翻墙很累的QwQ还有我的舍友…能不能建立一个更完善的学生反馈机制啊有话都说不出来…我要宣布复交是top3了…我们的学校（抽泣）…究竟会变成什么样子（哽咽）…
218706,10740,马琰铭,2025-04-29 07:31:13,4,5,1,还我智云，还我查老师
218708,10740,马琰铭,2025-04-29 09:44:59,7,10,3,先不论换寝室，智云还有查老师不解决，你就是下一个杜江峰
218715,10740,马琰铭,2025-04-29 11:16:21,6,6,0,翻墙来看
218716,10740,马琰铭,2025-04-29 11:32:02,4,4,0,我们的浙大（抽泣）…会变成什么样子……（哽咽）😭
218718,10740,马琰铭,2025-04-29 12:08:12,-19,4,23,上任不到一个月已经展现出不亚于djf的超强潜力
218725,10740,马琰铭,2025-04-29 13:48:14,-7,2,9,还我智云，还我查老师
218731,10740,马琰铭,2025-04-30 06:12:01,125,132,7,我可以很明确地告诉大家：智云和换寝室都是在马到任前做出的决策，至于査老师被封不知为何人所为。\n\n另外，大家可能不知道学校的决策机制，18大以来，任何组织的最高决策机构都是党委，因为d领导一切！具体在浙大，其最高决策机构就是党委常委会，主持人就是书记，诸如住宿、盲审、后勤、招生等等问题都是在常委会上决定的，校长办公会议只会审议与校外企业的合作协议等鸡毛蒜皮的小事。\n\n不应该每次出舆情事故都是校长顶在前面挨骂，而学校真正的no1躲在后面。
218805,10740,马琰铭,2025-05-06 08:45:51,10,10,0,羽毛球打的好
218865,10740,马琰铭,2025-05-09 14:29:57,12,13,1,先不论换寝室是否是新任校长所为，前几天所有班级召开班会提意见就说明在这件事上学校管理层已经知晓并且正在沟通吧
218920,10740,马琰铭,2025-05-13 10:07:32,12,12,0,为什么查老师被墙了
218962,10740,马琰铭,2025-05-15 07:13:48,6,6,0,不是，查老师被墙和zju应该没啥关系吧
219103,10740,马琰铭,2025-05-21 11:15:34,16,16,0,我终于翻进来了，大家居然开始给马校评分了，感觉自己断网了
219137,10740,马琰铭,2025-05-22 07:10:37,8,9,1,新手保护期
219274,10740,马琰铭,2025-05-23 15:50:39,2,2,0,十分起手，祝马校长马到成功，这小鹰送到TOPone
219344,10740,马琰铭,2025-05-25 13:47:35,0,0,0,。。。
219396,10740,马琰铭,2025-05-26 10:35:10,12,12,0,大一不换寝室了，点赞
219419,10740,马琰铭,2025-05-27 02:47:32,35,35,0,给校长信箱写信建议大一不换寝室，马校长从谏如流，不换啦😆谢谢马校长😘
219607,10740,马琰铭,2025-05-31 12:36:10,5,5,0,马头牛逼！先打10分看看水平
219635,10740,马琰铭,2025-06-02 14:49:25,12,13,1,大一不换寝室了？那很好了，再送一个10分（翻墙不易，希望马校长越做越好）
219868,10740,马琰铭,2025-06-09 08:51:39,3,3,0,大一不换寝室！！\n\n10分奉上
219939,10740,马琰铭,2025-06-11 13:16:35,0,1,1,连jstor数据库都不买了吗...太难了
220157,10740,马琰铭,2025-06-15 22:14:32,0,0,0,希望是个好校长
221070,10740,马琰铭,2025-06-21 05:54:21,1,2,1,寝室不变动，保住了旧制度，是真心好校长，10分奉送
221975,10740,马琰铭,2025-06-28 07:22:04,1,1,0,很有亲和力
