评论id,老师id,老师姓名,发表时间,点赞减去点踩数量,点赞量,点踩量,内容
32976,2671,吴行,2016-09-07 02:22:51,17,25,8,特别特别好的老师
58487,2671,吴行,2017-08-30 12:07:15,9,13,4,帅----
60829,2671,吴行,2017-10-31 02:21:22,4,8,4,嘻嘻嘻.\n\n
61228,2671,吴行,2017-11-12 15:43:07,10,14,4,行长帅啊emmmm\n\n特别好
64717,2671,吴行,2017-12-27 02:10:28,6,8,2,行长ww
79192,2671,吴行,2018-05-26 16:40:37,1,4,3,行长啊哈哈哈哈哈哈
90793,2671,吴行,2018-11-26 05:32:34,1,4,3,好啊好啊
118411,2671,吴行,2019-10-27 01:35:02,5,7,2,人很好，很同学处得来的辅导员
139963,2671,吴行,2021-08-22 14:26:46,-3,19,22,说话不负责任，十分油腻
143810,2671,吴行,2021-12-07 08:47:01,6,9,3,每天都在想念行长
162460,2671,吴行,2022-11-23 01:28:06,-7,12,19,说话十分油腻
173956,2671,吴行,2023-06-05 07:53:12,7,7,0,最少做事情还算靠谱
182178,2671,吴行,2023-11-11 13:08:37,19,21,2,今天行长带我们去海宁校区参观，讲解海宁校区的办学理念，中午请我们所有人吃的饭，大爱行长🥰
182614,2671,吴行,2023-11-18 09:32:11,9,9,0,怎样才能成为行长这样的完美男人
184735,2671,吴行,2023-12-22 10:58:11,6,6,0,行长太帅啦啊啊啊啊\n\n人是真的好
185500,2671,吴行,2023-12-31 11:39:58,8,8,0,我觉得不给行长打10分这学期白导上了。幽默风趣，讲课也不是只念PPT。特别有意思
185702,2671,吴行,2024-01-03 15:42:46,6,6,0,帅男，还不错
186092,2671,吴行,2024-01-08 09:09:41,6,6,0,幽默风趣、事少反卷的好老师，我男神！
186302,2671,吴行,2024-01-10 11:47:27,3,4,1,有很多有趣的想法，也很亲民，讲课生动，有正气，很好的老师~
186427,2671,吴行,2024-01-11 04:39:56,6,6,0,全世界最好的德法课老师不接受反驳!感觉自己预置到行长的德法课真是太幸运了!课上请过港大前校长和我们交流分享。深秋的时候带我们逛海宁国际校区。钉钉上经常跟我们分享有趣的日常。我真的超爱!!!现在有些后悔有几节课在赶DDL没有好好听讲555
187849,2671,吴行,2024-01-17 14:55:10,1,2,1,这学期能预置到行长的课真的太幸福了！o(*￣▽￣*)o
189358,2671,吴行,2024-01-23 11:21:38,5,5,0,真的太棒啦！小组展示做的很一般但是给分也超级超级好！冲冲冲！行长太帅了！是真正为学生着想的好老师，带我们去海宁玩，请我们所有人吃饭，还经常在钉钉上跟我们分享日常，会看98上面的帖子并且发出自己的意见和建议！平时作业也不多，真是爱惨了~~
192494,2671,吴行,2024-05-22 02:40:34,0,1,1,行长帅
192796,2671,吴行,2024-05-30 12:30:09,2,3,1,还可以
200062,2671,吴行,2024-10-12 04:25:35,0,1,1,行长生日快乐!
200114,2671,吴行,2024-10-13 10:26:39,-1,0,1,行长赛高（＞ｙ＜）
200505,2671,吴行,2024-10-18 02:19:23,-1,0,1,特别棒！
203213,2671,吴行,2024-11-18 05:07:20,0,1,1,行长永远的神！！
207532,2671,吴行,2024-12-23 01:24:16,0,1,1,行长永远的神！上课非常有意思更有深度，作业少分好，还带我们去海宁
207799,2671,吴行,2024-12-24 09:57:22,-2,0,2,行长好
219048,2671,吴行,2025-05-20 02:53:05,0,0,0,真的油腻，不懂这些爱他的人
219212,2671,吴行,2025-05-23 04:16:31,0,0,0,挺好哒
128584,5243,刘琬璐,2020-12-24 07:57:40,4,6,2,很好的老师
137021,5243,刘琬璐,2021-06-29 13:24:56,4,5,1,老师很好
192451,5243,刘琬璐,2024-05-20 10:30:42,0,0,0,我爱琬璐
192452,5243,刘琬璐,2024-05-20 10:31:05,0,0,0,我也爱琬璐
192535,5243,刘琬璐,2024-05-23 07:05:39,2,2,0,很好👌
199439,5243,刘琬璐,2024-09-23 15:31:53,0,0,0,⭐⭐⭐⭐⭐⭐\n\n妈妈
128599,5529,胡欢,2020-12-24 11:07:00,-2,11,13,想要和他击剑
145683,5529,胡欢,2021-12-31 07:19:07,-2,0,2,，，，
171635,5529,胡欢,2023-03-30 10:20:01,22,23,1,画饼一流
174325,5529,胡欢,2023-06-18 04:25:27,16,16,0,wdnmd闸总都能当老师啊都？？？？真小丑，希斯莱杰看了都要复活
174787,5529,胡欢,2023-06-18 04:26:49,11,11,0,建议重开
178886,5529,胡欢,2023-07-28 05:39:52,13,13,0,纯纯弱智
179024,5529,胡欢,2023-08-22 03:28:54,10,11,1,此生难得一遇的差老师人品学品教品差到极点了
180852,5529,胡欢,2023-11-30 03:17:02,14,14,0,和邵小姐有异曲同工之妙，区别就是邵不把本科生当人，他把本科生当爹。
188097,5529,胡欢,2024-01-18 07:51:08,5,6,1,体验很好，认真学了一个学期，俯冲C
220049,5529,胡欢,2025-06-14 07:07:35,1,1,0,b事多，给分低，期末汇报喜欢压力你，课程内容找工作就业没啥用，想刷GPA慎选
129983,5567,陈文超,2021-01-14 14:29:16,31,38,7,个人感觉这个老师并没有把学生当回事，有没有点尊重学生的意识???
130037,5567,陈文超,2021-01-15 12:17:39,18,24,6,老师发邮件态度极差……
130279,5567,陈文超,2021-01-20 12:16:14,13,19,6,“听懂了吗？”\n\n“你自己不会看吗？”\n\n您真厉害，国际校区的学生们不配听您的课。话都讲不灵清耶，噢噢是我耳朵的问题是吗？
133734,5567,陈文超,2021-03-04 09:48:36,19,24,5,知乎搜索陈文超
133743,5567,陈文超,2021-03-04 11:11:35,10,13,3,讲话中气不足 PPT制作极其精良 其审美标准难以被普通大众理解
134122,5567,陈文超,2021-03-16 12:07:28,-13,10,23,不知道楼上的同学是不是对陈老师有什么误解，老师上课会问大家有没有问题 有问题就会耐心的解答鸭 不存在什么对学生不耐烦什么的  也没有不尊重学生。
134138,5567,陈文超,2021-03-17 02:43:44,29,34,5,哥哥不是渣男 同学们不要开他玩笑了
134200,5567,陈文超,2021-03-19 05:56:32,2,3,1,老师口音难以接受有点(指双语)
134221,5567,陈文超,2021-03-19 15:26:34,-3,1,4,老师讲的还行
134531,5567,陈文超,2021-03-31 13:56:05,-2,3,5,专业水平高
134575,5567,陈文超,2021-04-02 12:01:24,5,7,2,我觉得吧，讲的还可以，起码讲的清楚，后面的那个热力学老师讲了讲了个寂寞，还没有prelecture讲的好。
142202,5567,陈文超,2021-11-08 12:14:19,4,6,2,邮件态度较差，到办公室找人听了他骂研究生骂了半小时，中英文都含糊不清，课件是照搬UIUC的，至少我自己是不知道这哥们拿这么高课时费干了些啥
150677,5567,陈文超,2022-02-11 21:11:35,-12,1,13,总体上不错的老师，讲课有点问题但不能全怪他，美国人课程大纲到了中国水土不服嘛\n\n给分偏低，不过认真一点还是能拿高分的
153718,5567,陈文超,2022-05-09 06:42:51,13,15,2,期末course feedback好评+截图返现0.5哦，拒绝刷单行为🤗
163170,5567,陈文超,2022-12-08 23:21:30,0,1,1,红色是毁灭色蓝是冷漠绿色是三子叔的西瓜舅七姥爷的小枝荔二舅姥爷火的龙果姑姑的猕桃猴祖爷爷的车厘祖子姥爷的菠大萝奶祖奶的榴大莲二爷的小莓草他三婶姥大姥的白菜他哥哥大的面条妹妹小的油菜弟的弟西葫芦姐的姐大土豆姐的夫大青椒爷的爷大茄子
173291,5567,陈文超,2023-05-18 02:01:25,4,4,0,讲的挺阴间的
173688,5567,陈文超,2023-06-01 12:13:01,5,5,0,给分垃圾
173870,5567,陈文超,2023-06-04 03:10:46,5,5,0,期末考试跟去年差不多，给✌整乐了
189357,5567,陈文超,2024-01-23 11:16:59,13,14,1,哥哥的知乎词条没了，哭唧唧
189512,5567,陈文超,2024-01-25 06:08:14,16,16,0,纯种渣男，全校闻名
189627,5567,陈文超,2024-01-26 06:08:37,1,1,0,喜欢搞钓鱼答题是吧
190346,5567,陈文超,2024-02-28 08:45:28,3,3,0,上课如烹屎，绵延不绝的臭
190620,5567,陈文超,2024-03-12 02:41:40,1,1,0,呃呃zsbd
192937,5567,陈文超,2024-06-01 02:43:19,-3,0,3,好人一生平安
192938,5567,陈文超,2024-06-01 03:05:51,1,1,0,感觉不如op
201103,5579,郭伟,2024-10-28 14:23:04,1,1,0,It's a miracle that Guo Wei has not been fired based on his contribution to ZJE and weird personality.
179286,5621,洪智,2023-09-07 09:34:56,3,4,1,人挺好
201376,5621,洪智,2024-11-01 08:33:04,2,2,0,洪老师人美心善，上课也很有激情呢，是个好老师
217417,5621,洪智,2025-04-10 03:51:53,2,2,0,我爱她！
217456,5621,洪智,2025-04-10 14:43:27,2,2,0,她真的想教会我
218787,5621,洪智,2025-05-05 12:39:34,1,1,0,她真好
219023,5621,洪智,2025-05-19 06:16:42,1,1,0,好人一生平安
219024,5621,洪智,2025-05-19 06:17:11,1,1,0,最喜欢的一集，讲的知识很容易懂，评价是妈妈级别的
148105,5634,李楚杉,2022-01-11 13:39:20,1,1,0,老师人很好，就是问问题经常自己也不太清楚
152146,5634,李楚杉,2022-03-29 00:34:52,1,2,1,人很好
173840,5634,李楚杉,2023-06-07 06:44:58,2,4,2,楚杉是很好的老师，就385而言虽然口语上有一些欠缺，但是还是可以学到很多实用的FPGA和System Verilog的编程知识的，就是很多时候打开记事本给我们讲代码有点难蚌是真的。。。。
185003,5634,李楚杉,2023-12-25 10:16:36,1,1,0,老师人挺好的。\n\n就是课上的不咋地。\n\n噢对了，作业多答案有的时候似乎有错误。\n\n反正考试必作业简单就是了。
207688,5634,李楚杉,2024-12-24 00:21:39,1,1,0,老师人很好，问问题都会耐心解答
155480,5717,汪烨鹏,2022-06-13 11:10:19,0,0,0,虚伪恶心的一批
171047,5873,谢昕,2023-03-15 03:43:36,0,0,0,发错老师了
129750,5934,崔佳欢,2021-01-12 03:24:38,7,12,5,崔老师的课超棒！
151664,5934,崔佳欢,2022-03-10 17:28:41,2,4,2,nice
181969,5934,崔佳欢,2023-11-07 03:12:38,5,5,0,上课ppt课后根本看不了自学不了一点，quiz不一样题目难度差这么大😭
188084,5934,崔佳欢,2024-01-18 07:23:53,5,5,0,体验极差
191175,5934,崔佳欢,2024-04-10 12:07:43,-1,0,1,zsbd
215182,5934,崔佳欢,2025-02-24 01:13:01,4,4,0,但凡上过美国教授的课就知道他上的课是有多差，根本讲不清楚。。。
221049,5934,崔佳欢,2025-06-21 04:25:30,2,2,0,不尊重学生，PUA学生。如果投资者看到这个评论，提醒你他的demo都是吹牛，其实他的组啥成果没有，千万要给他投资啊:)
134017,5992,杨量景,2021-03-12 02:29:50,12,12,0,碰到的最好的老师 没有之一
134064,5992,杨量景,2021-03-15 02:06:29,3,4,1,Liangjing太棒了呀 爱了
134555,5992,杨量景,2021-04-01 09:41:11,3,4,1,量景老师巨细心巨热情，是个非常好的老师。
134668,5992,杨量景,2021-04-08 04:07:44,3,3,0,❤️❤️❤️
140201,5992,杨量景,2021-09-04 14:14:14,3,3,0,超级无敌好的老师，课件很用心，上课很用心，作业和考试很有针对性，给分也很好，真正学到了很多东西。
140909,5992,杨量景,2021-09-17 15:40:31,1,1,0,棒棒棒！
150652,5992,杨量景,2022-02-10 02:01:27,1,1,0,讲课超级认真，课件超级清晰，作业超级有效，学到了很多！！赞！！！
162430,5992,杨量景,2022-11-22 07:42:12,0,0,0,❤❤❤❤❤❤❤❤❤❤❤❤
168408,5992,杨量景,2023-02-17 05:06:00,2,2,0,好好好好好好好好好
168456,5992,杨量景,2023-02-17 05:08:11,1,1,0,老师太好了 我哭死
170813,5992,杨量景,2023-03-10 03:40:38,3,3,0,大大滴好人
170820,5992,杨量景,2023-03-10 04:44:44,2,2,0,量景老师上课认真负责 对学生也十分棒
171182,5992,杨量景,2023-03-17 15:08:11,1,1,0,带带滴好老师
171428,5992,杨量景,2023-03-24 02:28:37,0,0,0,属于是国际校区为数不多的好老师
174277,5992,杨量景,2023-06-08 15:34:07,2,2,0,我爹，我爹
176286,5992,杨量景,2023-06-28 08:55:51,2,2,0,非常好的老师 我爹
180615,5992,杨量景,2023-09-23 12:25:47,2,2,0,杨老师上课极为认真！而且老师人超级好！\n\n作为杨老师的学生，以下举例几点亲身经历：\n\n1. 上过老师的control system，讲课很认真，课下跟同学交流非常友好；\n\n2. 杨老师支持学生在实验室大方向下根据自己兴趣选择科研方向；\n\n3. 非常尊重学生的个人选择；\n\n4. 老师平日相处交流没有任何架子，非常友好。
184142,5992,杨量景,2023-12-11 03:36:00,0,0,0,老师真的很nice
188987,5992,杨量景,2024-01-21 04:51:42,0,0,0,liangjin非常认真教学，会每次lab课到场，对本科生平等交流，非常有见地而诚恳
200432,5992,杨量景,2024-10-17 03:22:46,0,0,0,好老师！授课质量很高，人也很好
173842,6189,王宏伟,2023-06-03 13:14:44,7,8,1,人工智能导论，上成了一门通识课。。。。
184143,6189,王宏伟,2023-12-11 03:41:18,2,3,1,老师人挺好的。但众所周知ECE448是一门通识课。
185002,6189,王宏伟,2023-12-25 10:15:33,6,6,0,老师挺捞的。就是lecture水了点
213964,6197,胡隽,2025-01-22 07:02:59,1,1,0,上课从来不教有用的东西，期末project全靠自学，虽不点名但考试难度极大。学长建议海宁土木的第二辅修去选水利，得分轻松不少
197887,6240,李宾宾,2024-08-19 07:45:27,-1,2,3,挺负责的好老师，不过上课有点催眠
198991,6240,李宾宾,2024-09-13 16:28:16,-1,0,1,绝对是好老师，不过课程难度大
214878,6240,李宾宾,2025-02-18 15:54:22,3,3,0,是因为最低只能打一分，不然真的想打0分，遇到所有老师没有比这更恶心的了，前面的好评怕不是都自己组里的学生刷出来的吧？\n\n选的所有课里，就他的课事情最多，给分最低。上课每节课点名，点名方式是把作业交到你手中，所以必须本人到场哦。作业、pre非常多，讲课也不知道讲了个啥，反正是你听课还不如自学吧，听课就是纯浪费时间，有些时候还喊他老婆来代课，他老婆是这个专业的吗？真的笑不活了。给自己组里的学生打分高，对于不是他组里的学生，我劝你赶紧跑，说好听点给分很苛刻。平时作业有次是手写的，被判作抄袭AI的，直接0分处理。作业每次给分都低，不是他组里的学生，要是选他课，我只能祝你自求多福吧。
217666,6240,李宾宾,2025-04-15 02:42:11,0,0,0,负责任，难度大
129342,6272,黄雯雯,2021-01-04 10:47:46,2,6,4,就是念ppt啦。考试不难
141825,6272,黄雯雯,2021-10-27 05:45:19,13,15,2,老师很好
150962,6272,黄雯雯,2022-02-21 11:15:45,2,5,3,挺不错
150963,6272,黄雯雯,2022-02-21 11:15:45,6,6,0,挺不错
151112,6272,黄雯雯,2022-02-23 06:17:42,6,7,1,老师人很好啊 但是上课不要念ppt就更好了
181380,6272,黄雯雯,2023-10-16 06:53:49,2,3,1,爱雯雯！
198035,6272,黄雯雯,2024-08-26 05:37:28,1,1,0,黄雯雯老师人真的超级好！
125812,6299,王伟烈,2020-09-14 11:45:07,48,51,3,让cs不再是continuous suffering～
126651,6299,王伟烈,2020-10-12 02:21:19,13,13,0,有趣的cs有趣的老师
126904,6299,王伟烈,2020-10-27 08:39:28,2,3,1,cs 我秃了，但是我变强了
126905,6299,王伟烈,2020-10-27 08:40:02,4,4,0,上课有趣，作业有意义有收获，讲题耐心，很好的编程入门
128419,6299,王伟烈,2020-12-22 16:33:29,2,2,0,So nice~
128427,6299,王伟烈,2020-12-24 07:58:23,1,1,0,best professor forever!
128486,6299,王伟烈,2020-12-23 11:00:28,31,31,0,wee-liat名言：veli-veli easyyyy~
128565,6299,王伟烈,2020-12-24 03:18:26,2,3,1,Best Professor Forever!!!无可争议！！！
128566,6299,王伟烈,2020-12-25 04:34:55,2,2,0,良心老师
129077,6299,王伟烈,2021-01-01 10:06:11,2,2,0,伟烈，yyds
129318,6299,王伟烈,2021-01-04 06:27:36,2,3,1,very very very easy!!!!!!!
129657,6299,王伟烈,2021-01-10 07:37:03,3,3,0,超级棒
129749,6299,王伟烈,2021-01-12 03:21:51,2,2,0,伟烈超棒超棒！！
129822,6299,王伟烈,2021-01-12 14:44:57,25,25,0,冬至那天请全年级同学吃了水饺和汤圆！上课作业实验考试等等都会有很多彩蛋！从来不会为难学生的那种有趣的老师
129930,6299,王伟烈,2021-01-13 16:55:33,0,0,0,tqp
130024,6299,王伟烈,2021-01-15 05:46:39,2,2,0,请吃汤圆水饺的老师必须有排面
130025,6299,王伟烈,2021-01-15 05:47:09,2,2,0,weeliat勇敢飞，妈妈永相随
131390,6299,王伟烈,2021-01-27 10:12:02,0,0,0,负责有趣的老师
133741,6299,王伟烈,2021-03-04 10:42:06,0,0,0,wwlyyds
133809,6299,王伟烈,2021-03-06 06:14:58,0,0,0,完美完美
134069,6299,王伟烈,2021-03-15 04:11:06,0,0,0,好耶好耶
134070,6299,王伟烈,2021-03-15 04:11:23,0,0,0,best teacher forever
134550,6299,王伟烈,2021-04-01 08:02:20,2,2,0,完美。
134552,6299,王伟烈,2021-04-01 08:05:13,1,1,0,超级好的老师！
134815,6299,王伟烈,2021-04-16 06:10:16,1,1,0,完美无瑕
134816,6299,王伟烈,2021-04-16 06:10:24,1,1,0,完美完美
134962,6299,王伟烈,2021-04-25 07:18:55,3,3,0,牛🐮
135186,6299,王伟烈,2021-05-05 13:19:10,1,2,1,再来吹一波伟烈老师
135919,6299,王伟烈,2021-06-03 07:03:54,0,0,0,非常棒
136334,6299,王伟烈,2021-06-16 11:27:36,3,5,2,给分高得离谱，性格平易近人到离谱，从不点名，冬至请吃水饺汤圆，这老师就tm好得离谱
140200,6299,王伟烈,2021-09-04 14:12:03,1,1,0,好到离谱。cs101深入浅出，Office hour 超级耐心回答问题，冬至请全班同学吃饺子汤圆。best prof forever！
140509,6299,王伟烈,2021-09-13 07:44:03,1,1,0,好怀念weeliat的课程，他的CS101真是太棒了，大学目前最好的几门课了
140804,6299,王伟烈,2021-09-16 07:57:44,2,2,0,我爹！
140874,6299,王伟烈,2021-09-17 05:08:20,21,21,0,这绝对是进入国际校区的入门课程的最好的老师。\n\n人超热情，并且解答问题很耐心。也经常和同学们闲聊，开玩笑什么的。\n\nCS101课程教Python和基础Matlab，算是比较简单的课程了。\n\n【一点建议】\n\n同学们和伟烈聊天尽可能用英语，因为大一上的学科虽然基本上老师都会中文，但是还是以语言衔接为目的，所以尽可能尝试练习英语。\n\n（如果你用中文提问，伟烈老师可能会用中文回答：“我不会中文”😂）
141676,6299,王伟烈,2021-10-19 13:02:47,0,0,0,真不错
141792,6299,王伟烈,2021-10-26 04:03:24,0,0,0,officehour受益匪浅
143746,6299,王伟烈,2021-12-04 04:49:38,0,0,0,好老师，超级耐心，处处为学生考虑
143747,6299,王伟烈,2021-12-04 04:50:17,1,1,0,伟烈超级耐心，他是真的想让我快乐地学会CS
143927,6299,王伟烈,2021-12-13 07:54:25,9,9,0,超级好的老师！！！做IE课采访时，问了一圈其他老师都说没有时间，只有伟烈不仅接受了采访，还和我们聊了十几分钟。伟烈好帅我好爱！！！
143945,6299,王伟烈,2021-12-13 16:07:58,1,1,0,教得好性格还好！
144497,6299,王伟烈,2021-12-22 01:36:23,0,0,0,神仙教授！
144512,6299,王伟烈,2021-12-22 03:27:52,1,1,0,best prof ever!
144592,6299,王伟烈,2021-12-22 13:06:37,1,1,0,真的很恨好
145679,6299,王伟烈,2021-12-31 06:18:13,1,1,0,超级好的老师
150697,6299,王伟烈,2022-02-14 03:08:41,0,0,0,真的好
150714,6299,王伟烈,2022-02-15 10:37:44,0,0,0,奈斯！
150742,6299,王伟烈,2022-02-16 10:57:26,1,1,0,伟烈小天使
150764,6299,王伟烈,2022-02-18 03:56:03,1,1,0,真的好啊
150799,6299,王伟烈,2022-02-18 17:25:11,2,2,0,想伟烈了，zjui老师唯一的光！
151534,6299,王伟烈,2022-03-07 03:27:01,1,1,0,伟烈，妈妈爱你
151822,6299,王伟烈,2022-03-16 18:58:44,2,2,0,ZJUI最好的专业课老师
152787,6299,王伟烈,2022-04-20 01:46:11,1,1,0,大二狗日常想念伟烈
153853,6299,王伟烈,2022-05-13 07:03:55,15,16,1,zjui配不上伟烈，绝对是最好的老师了
162237,6299,王伟烈,2022-11-18 05:14:55,1,1,0,Best Prof in ZJUI
162584,6299,王伟烈,2022-11-26 13:08:25,2,2,0,cs101太难的但是很好用\n\n王老师的讲话很有意思\n\n王老师加油🎉
162712,6299,王伟烈,2022-12-05 04:55:23,4,4,0,没得说，好老师。讲的透，性格好。
163522,6299,王伟烈,2022-12-15 01:11:53,5,5,0,真的非常非常好的professor\n\n作业ddl通融学生\n\n平时交流也完全没有隔阂\n\n上课把cs讲的不枯燥 还会停下来让不懂的同学跟上 哭死\n\n珍惜这样的pro～
164697,6299,王伟烈,2022-12-23 12:34:23,2,2,0,best professor ever....可惜只能听一学期的课
164756,6299,王伟烈,2022-12-25 11:27:26,1,1,0,CS101 Very very very EZ
165130,6299,王伟烈,2022-12-29 09:06:07,2,2,0,‘F stands for fantastic’哈哈哈
165195,6299,王伟烈,2022-12-30 03:43:48,0,2,2,神仙教授，sfw好好学学
165301,6299,王伟烈,2022-12-31 08:42:03,4,4,0,我fhy实名表白
165587,6299,王伟烈,2023-01-08 13:29:24,0,0,0,666
166589,6299,王伟烈,2023-01-13 02:45:58,0,0,0,very veryeasy weeliat曾言
168809,6299,王伟烈,2023-02-22 10:59:59,2,2,0,好老师！！！
168810,6299,王伟烈,2023-02-22 11:01:47,2,2,0,最后期末考试前还让我补完了所有due的hw和lab，他真的，我哭死
179540,6299,王伟烈,2023-09-18 05:37:43,1,1,0,好好好
180531,6299,王伟烈,2023-09-22 11:01:37,2,2,0,🌹🌹🌹
181737,6299,王伟烈,2023-10-30 10:34:53,9,9,0,As an International Student taking CS101， I absolutely love his classes. The way he teaches is stunning. Even though I have some background， it is still very interesting to attend his classes. He's very responsive and often extends deadline for those who have not completed their assignments on time. \n\nSimply the Best.
183273,6299,王伟烈,2023-11-23 10:20:04,1,1,0,😘。。
183680,6299,王伟烈,2023-11-28 11:06:56,1,1,0,巨好，唯一会听的课
185281,6299,王伟烈,2023-12-27 13:20:02,3,3,0,大二狗想念wee liat的第324天
199308,6299,王伟烈,2024-09-20 15:22:47,1,1,0,体谅学生情况，修改DDL，伟大无需多言
200012,6299,王伟烈,2024-10-11 01:40:00,2,2,0,完美老师！答疑耐心，作业体贴学生修改ddl，上课生动有趣，虽然不用学这门课但是选了，一点都不后悔。强推这个老师！！！完美教学！
200472,6299,王伟烈,2024-10-17 11:34:49,1,1,0,大二狗想念伟烈教授
200861,6299,王伟烈,2024-10-23 13:24:32,1,1,0,我是owl的狗
203198,6299,王伟烈,2024-11-18 02:06:16,1,1,0,12th 国际校区高桌晚宴有幸被Prof. Wee-liat 投喂牛排一份\n\n人特好，特别平易近人
205027,6299,王伟烈,2024-11-30 03:19:20,0,0,0,蒿蒿蒿
207377,6299,王伟烈,2024-12-21 04:36:34,0,0,0,kami
208751,6299,王伟烈,2025-01-01 09:54:14,0,0,0,好好好
208756,6299,王伟烈,2025-01-01 10:53:52,0,0,0,没给10分好好反思一下是不是自己的问题
215174,6299,王伟烈,2025-02-23 15:29:08,0,0,0,今朝有酒今朝醉，我爱伟烈every day ！
144748,6309,Ahmed El-Hashash,2021-12-23 12:25:09,0,0,0,不太负责
191636,6316,CHAN KUAN YOOW,2024-04-26 09:44:07,0,0,0,很好的老师，但是无法拯救我的GP演讲
125078,6325,Mikael Bjorklund,2020-08-28 05:25:50,0,1,1,很好，很认真负责的老师～
191633,6325,Mikael Bjorklund,2024-04-26 09:32:00,1,1,0,好老师，负责人，但希望不用负责人的地方别太负责任
207220,6499,王超尘,2024-12-20 02:04:26,0,0,0,上lecture和tutorial对学生都很仔细耐心，超级认真负责！
216898,6499,王超尘,2025-03-28 12:31:41,0,0,0,好老师真的很好很好很好\n\n老天保佑给我个这样的对象\n\n爱来自中国
134018,6511,朱廷举,2021-03-12 02:32:05,2,2,0,这个老师超级好，讲话还温柔，讲课也超级棒。
136377,6511,朱廷举,2021-06-17 06:44:11,0,0,0,好好好好好好好好
147441,6598,MARK DAVID BUTALA,2022-01-10 03:50:31,14,15,1,人不错，出卷极其离谱
173841,6598,MARK DAVID BUTALA,2023-06-03 13:13:49,0,1,1,总的来说Butala是一个很好的老师，讲课非常好非常清楚，节奏把握的也非常好，就是题目出得太难了grading policy比较严格。。。我一个学期满勤加认真听课认真写作业都只有B+。。。。
191174,6598,MARK DAVID BUTALA,2024-04-10 11:52:46,0,0,0,小仓鼠可爱捏
128405,6630,邵昉伟,2020-12-22 16:31:43,20,28,8,课听不懂，给分低
128431,6630,邵昉伟,2020-12-23 02:50:29,17,20,3,上课听不太懂，题还出的难，给分还低
128445,6630,邵昉伟,2024-11-30 03:18:08,11,16,5,上课讲的快，听不懂，考试难，给分低
128567,6630,邵昉伟,2020-12-24 03:36:47,-26,7,33,还行，考试不给demo就有点恶心，上课还不错
128606,6630,邵昉伟,2020-12-24 14:35:17,23,28,5,课程不合理，UIUC课却不是UIUC评分标准。课也听不懂
128695,6630,邵昉伟,2020-12-25 04:37:55,85,118,33,上课讲的极快，除了第一二节课从来就听不懂，全靠自学，考试极其恶心
129207,6630,邵昉伟,2021-01-10 05:49:10,38,42,4,唉，一言难尽
129303,6630,邵昉伟,2021-01-04 03:54:12,1,5,4,讲课贼快，听不懂，全靠自己自学，考试贼难，给分贼低
129314,6630,邵昉伟,2021-01-04 05:26:05,9,24,15,上课听天书，下课纯自学，不过老师人还不错，office hour去问问题老师会非常耐心地用中文解答
129341,6630,邵昉伟,2021-01-04 10:45:25,5,7,2,上课很快，考试很难
129755,6630,邵昉伟,2021-01-12 04:54:59,-88,9,97,excellent
129756,6630,邵昉伟,2021-01-12 04:57:17,26,34,8,没有考虑过学生的平均学习能力，在极短的时间讲了一堆粗略的概要。不过课下挺认真负责，可惜考试太过阴间，就算认真复习了考试题型也乱的跟鬼一样，不给活路
129889,6630,邵昉伟,2021-01-13 08:21:37,1,4,3,给分差
130090,6630,邵昉伟,2021-01-16 15:07:41,4,7,3,...
133309,6630,邵昉伟,2021-02-24 10:58:15,3,3,0,啊哦 一言难尽
134051,6630,邵昉伟,2021-03-14 08:47:29,5,7,2,辣鸡正太
134551,6630,邵昉伟,2021-04-01 08:03:04,1,4,3,给分贼低！！！！全靠自学！！！
134553,6630,邵昉伟,2021-04-01 08:05:14,3,5,2,懂得都懂
134577,6630,邵昉伟,2021-04-02 12:09:17,8,11,3,上课讲的飞快，考试出的巨难，给分见了鬼了，绩点逼了狗了。
135053,6630,邵昉伟,2021-04-28 09:27:07,4,7,3,感觉啥都讲了，感觉啥都没讲。
135191,6630,邵昉伟,2021-05-05 14:05:37,51,54,3,用不长的时间，磨灭你对化学所有的好奇和喜欢
136336,6630,邵昉伟,2021-06-16 11:29:03,0,2,2,不解释
136493,6630,邵昉伟,2021-06-19 03:20:35,2,5,3,好恐怖啊
141469,6630,邵昉伟,2021-10-11 02:35:57,2,6,4,您看不起谁呢？
141682,6630,邵昉伟,2021-10-20 00:59:58,3,6,3,讲的啥啊，幸好我高中选了化学，要不然就重开了
141971,6630,邵昉伟,2021-11-02 10:04:02,0,5,5,作业不给延时
142204,6630,邵昉伟,2021-11-08 12:16:41,7,12,5,上课天书，但是去办公室找她会很耐心教你怎么学。给分不太客气。
142698,6630,邵昉伟,2021-11-15 07:56:58,-114,11,125,一个大型出国中介而已，来这个学院就没想过靠课堂学到什么东西，一分价钱一分货。咱交的美本四分之一的学费，给1个伟烈3个邵邵倒不过分。\n\n课堂不用去，没有出勤分，PPT也不用看，作业考试考的都是书上的例子和知识点，自学党的福音！！轻松A+！！
143241,6630,邵昉伟,2021-11-22 06:12:09,158,218,60,哪来的A+大佬浑身的优越感？您怎么学和学院提供怎么样的课程有关系吗？按您的逻辑浙大本部学费更少，是不是都不用讲课了？这是查老师，我们是评价老师，不是评价您，祝您成功。
143354,6630,邵昉伟,2021-11-24 02:59:58,7,8,1,考前复习没啥大用，题目总比想象的更离谱
143377,6630,邵昉伟,2021-11-24 12:36:06,9,10,1,确实和别的大学不同，考验学生自学能力和坚持不懈的探索精神
143378,6630,邵昉伟,2021-11-25 07:54:05,99,109,10,这种人好好搞自己的研究就行了，来当什么老师凑什么热闹来赚这笔钱，是浙大真没有老师了吗？教学水平低下，上课不知所云，讲解内容基本脱离ppt和书本。学生基本都放弃听课甚至不去听课，学习基本靠自学和每周一次的化学讨论课，因为讨论课的TA讲的也比这个逼好。考试假心假意给个demo，还抱怨我们不做demo，考的和demo完全就不是一个东西，也不知道谁是小丑。考试重点上课一笔带过，也不知道是故意整人还是脑子有坑。当然，作为祖安人，这样的情况我见多了，也可以理解。毕竟从小到大都只有一个生活，没人照料，能活下来已经是个奇迹，还能读书成才那更是应该值得我们敬佩。至于那些性格人格上的缺陷，我们本该理解体谅。所以我们要多多包容体谅，在每年的清明节也去帮老师上分扫墓，为了缓解她悲伤的心情，我们还可以学习非洲的兄弟跳舞助兴。并且贴心的为她家中的其他亲人送去我们最真挚的问候。说了那么多，最后我想说。还是祝愿学弟学妹们大一进来不要碰到这个人。晦气！
143404,6630,邵昉伟,2021-11-25 07:29:50,18,20,2,教学水平低下，脾气暴躁。还不如讨论课的TA
143405,6630,邵昉伟,2021-11-25 07:29:49,9,10,1,教学水平低下，脾气暴躁。还不如讨论课的TA
143410,6630,邵昉伟,2021-11-25 09:55:01,5,7,2,考试极其恶心
143411,6630,邵昉伟,2021-11-25 09:58:11,6,7,1,"上课讲得快，基本靠自学，讲卷子的时候说""I have never told……""，实在无语。"
143412,6630,邵昉伟,2021-11-25 10:15:58,2,3,1,作业不给延时，考试不出模拟题，上课讲个寂寞
143739,6630,邵昉伟,2021-12-03 14:52:09,-156,13,169,笑死，一群傻b搁这说听不懂课，成绩低，自己那垃圾水平还好意思怪老师？我就听得很懂啊，听不懂课的只能说明没认真。分低活该
143743,6630,邵昉伟,2021-12-04 04:48:09,-2,3,5,说实话上课答疑都是很认真的，但考试和作业完全脱节可还行，成绩就是努力了也得不到回报的感觉，很无力啊
143744,6630,邵昉伟,2021-12-04 04:48:23,2,3,1,一言难尽
143745,6630,邵昉伟,2021-12-04 04:48:39,-2,3,5,这老师真8行啊
143796,6630,邵昉伟,2021-12-06 14:59:18,2,5,3,化学考试开门大寄！
143854,6630,邵昉伟,2021-12-09 04:27:17,0,3,3,不听也罢
143873,6630,邵昉伟,2021-12-10 01:40:07,54,59,5,You should find a new job.
143929,6630,邵昉伟,2021-12-13 08:00:59,3,4,1,离大谱
144038,6630,邵昉伟,2021-12-16 11:50:51,1,4,3,无语子
144203,6630,邵昉伟,2021-12-20 10:39:57,5,9,4,问问题回答的是真的尖酸刻薄
144430,6630,邵昉伟,2021-12-21 12:49:25,2,4,2,懂得都懂
144585,6630,邵昉伟,2021-12-22 12:04:22,1,4,3,我是真不知道 看了ppt 考试能考多少分
145435,6630,邵昉伟,2021-12-29 14:03:12,2,4,2,我认为不行
145553,6630,邵昉伟,2021-12-30 08:23:27,3,4,1,你出nm的卷子呢
145563,6630,邵昉伟,2021-12-30 08:42:20,4,6,2,出了个啥卷子呢？但凡高中毕业都比这规范叭... 五年高考也出错不了三个题，您这是三个愿望一次实现，化学奇趣蛋？
145567,6630,邵昉伟,2021-12-30 09:19:01,-36,5,41,尽职尽责
145569,6630,邵昉伟,2021-12-30 09:18:02,4,8,4,你出这么一个狗屎卷子，期中考试和期末考试题型完全不一样，一个卷子5个大题出3个错误，就你这出卷态度配当老师么？
145570,6630,邵昉伟,2021-12-30 09:18:09,2,5,3,教着最没用的学科，给着最低的绩点
145585,6630,邵昉伟,2021-12-30 11:02:58,10,11,1,来搞笑的 上课和考试无关 作业和考试无关 上课质量低效率低 人如其名 sfw 死废物
145600,6630,邵昉伟,2021-12-30 12:17:03,10,11,1,牛马一个
145609,6630,邵昉伟,2021-12-30 14:47:38,5,6,1,完全丧失对化学的兴趣
145638,6630,邵昉伟,2021-12-31 01:16:02,14,18,4,多谢sfw让我知道一张卷子可以在这么多地方同时出错。先不论水平如何，感觉上课态度极其不认真，就是敷衍一下（虽然貌似在她教的方面水平也不咋地，问她问题基本答不上来）。上课讲的和考试考的完全是两个东西。只能说很庆幸我只要学半年化学了。
145686,6630,邵昉伟,2021-12-31 07:49:22,27,32,5,你出nm的卷子呢
145749,6630,邵昉伟,2022-01-01 09:22:28,-29,7,36,上课的时候感觉到了邵老师和化学对我满满的爱
145750,6630,邵昉伟,2022-01-01 09:22:38,3,6,3,邵老师讲的好啊，我是废物
145810,6630,邵昉伟,2022-01-02 14:26:09,2,4,2,狗都不听
145863,6630,邵昉伟,2022-01-03 12:20:51,6,6,0,学了半年，等于没学
146998,6630,邵昉伟,2022-01-08 11:05:10,4,10,6,虽然化学第一年都拿了A，但我感觉我是纯靠自学和TA，听他课完全没用
148563,6630,邵昉伟,2022-01-13 01:36:03,80,85,5,唯学无绩，寄于天地。
150272,6630,邵昉伟,2022-01-21 07:39:17,-9,5,14,笑死了
150506,6630,邵昉伟,2022-01-27 17:31:05,1,3,2,上课质量很低，给分很差
150720,6630,邵昉伟,2022-02-16 03:25:40,127,133,6,感觉不如丁真。。。
150721,6630,邵昉伟,2022-02-16 03:29:23,7,7,0,考试考的和上课讲的 作业没啥关系
150765,6630,邵昉伟,2022-02-18 03:59:36,10,14,4,考试不让带字典了
151356,6630,邵昉伟,2022-03-01 07:51:00,14,15,1,老师很棒，就是有没有老师好像没有区别
151357,6630,邵昉伟,2022-03-01 07:50:54,9,11,2,老师很棒，就是有没有老师好像没有区别
151456,6630,邵昉伟,2022-03-06 12:02:04,4,7,3,一眼丁真鉴定为教授丁真
151499,6630,邵昉伟,2022-03-05 08:23:06,-75,7,82,老师讲的非常好，作业也很少，考试巨简单，A➕不是梦！
152921,6630,邵昉伟,2022-04-21 16:20:03,11,13,2,I had told it in the lecture~ ah~. So there is no question in exam~ ah~.
153489,6630,邵昉伟,2022-05-01 15:51:30,0,3,3,不会出就别出\n\n不会讲就别讲
154019,6630,邵昉伟,2022-05-19 08:06:11,6,7,1,一学期三次期中考，最后一次期中考和期末考就差一个星期，根本不留时间复习
154376,6630,邵昉伟,2022-05-31 08:31:59,1,4,3,懂得都懂
155122,6630,邵昉伟,2022-06-08 13:00:38,2,3,1,别多说，就是垃圾
156191,6630,邵昉伟,2022-06-18 06:04:37,6,7,1,来扫墓了
159923,6630,邵昉伟,2022-09-09 04:18:53,9,10,1,出卷子的确不严谨 很多题目理解有偏差
160329,6630,邵昉伟,2022-09-19 06:01:48,4,6,2,牛马一个
161083,6630,邵昉伟,2022-10-26 05:00:32,0,4,4,大不了自己多学点罢了
161253,6630,邵昉伟,2022-11-02 08:27:42,3,4,1,两节课加在一起两个小时竟然不放课间。。我暴毙了
161575,6630,邵昉伟,2022-11-09 07:15:27,-1,6,7,邵老师教的好啊，我是废物
161577,6630,邵昉伟,2022-11-09 07:17:25,0,3,3,考的不教
162731,6630,邵昉伟,2022-12-05 10:21:20,7,8,1,无语😓出错题了还懒得改答案什么gouba，考的和学的有关系吗。别来耽误别人行不行学分又不是你的
162734,6630,邵昉伟,2022-12-05 10:48:59,4,4,0,无语，讲课 考试 作业三个东西样样不沾
163258,6630,邵昉伟,2022-12-11 12:20:00,22,24,2,不是我说lj，真讲课真tm易对答辩。考试更是无语😓，别的老师都是线下出卷考，这sb老师线上还错误百出？？早点去死。别在这ex人。🐷头
163260,6630,邵昉伟,2022-12-11 12:11:22,5,8,3,依托答辩
163261,6630,邵昉伟,2022-12-11 12:17:27,74,74,0,猪猪那么好，为什么要骂猪猪🐷它只是不会讲课，只是懒得改题目，只是题目出错了懒得给答案，只是拿着教师工资尸位素餐而已🥺它活的好好的为什么要去骂它，毕竟猪如其名sfw，它只是fw啊，我觉得大家需要比骂更有攻击性的行为😢
163263,6630,邵昉伟,2022-12-11 12:22:37,1,3,2,太逆天
163264,6630,邵昉伟,2022-12-11 12:28:09,2,3,1,早日入earth
163520,6630,邵昉伟,2022-12-15 01:00:48,3,5,2,建议辞职
164368,6630,邵昉伟,2022-12-26 08:02:14,5,6,1,yysy不太行，还是多问问TA吧
164399,6630,邵昉伟,2022-12-20 16:05:14,17,19,2,这网站怎么最低只能到1分
164766,6630,邵昉伟,2022-12-27 03:35:46,8,10,2,suly F， wasted.\n\nThis is what we called SFW\n\ntm的\n\n什么样的人出出来什么样的卷子
164801,6630,邵昉伟,2022-12-26 07:53:34,-12,1,13,太好了
164855,6630,邵昉伟,2022-12-27 03:14:56,12,14,2,考试不懂在干啥，上课讲的快，为什么讲的快，因为讲的根本不考。邵fw实至名归
164856,6630,邵昉伟,2022-12-27 03:15:39,3,4,1,考试贼离谱emmmm
164857,6630,邵昉伟,2022-12-27 03:27:12,5,7,2,table salt不是食盐是Mo的氯化盐，fw英语可真好好啊。有了table就代表能上餐桌，fw要是哪一顿少了Mo盐当调料，她就不是人（哦本来就是fw不是人）
164859,6630,邵昉伟,2022-12-27 03:18:37,23,26,3,什么傻逼课程，且不说电气机械土木跟化学的联系不大，电气基本没有联系，chem102本来就没有开课的必要，学校还说不够学分，用化学来凑。服了凑学分就凑学分吧，奶奶的平时上课PPT漏了好多书本内容，考试的时候又跟上课时候不一样，好多的知识点平时上课一带而过，不能教就别教了，好好去搞科研吧。明明是凑学分的课，考的又特别细，有校方的可以看看她PPT什么东西，再看看她考试什么东西，侧重点完全不侧重。凑学分的课给分还那么低，我的评价是不如不上！！
164860,6630,邵昉伟,2022-12-27 03:27:16,1,5,4,没什么可说的，就是太tmd tmd了
164861,6630,邵昉伟,2022-12-27 03:26:58,3,3,0,666
164862,6630,邵昉伟,2022-12-27 03:27:21,1,4,3,fw啊真tm的狗8东西，全靠作业自学考试考的答辩
164895,6630,邵昉伟,2022-12-27 10:54:20,1,3,2,真的可以滚了
165076,6630,邵昉伟,2022-12-29 04:06:10,4,5,1,无语😓
165079,6630,邵昉伟,2022-12-29 04:08:32,0,2,2,就这点讲题量还希望我们期末考写的出来？
165080,6630,邵昉伟,2022-12-29 04:10:25,2,4,2,逆大天，感觉要寄
165085,6630,邵昉伟,2022-12-29 04:24:44,5,6,1,及格都是问题，不说了，明年再来
165086,6630,邵昉伟,2022-12-29 04:25:26,1,4,3,只能说懂得都懂
165090,6630,邵昉伟,2022-12-29 05:06:54,3,5,2,期末寄咯
165094,6630,邵昉伟,2022-12-29 05:42:23,3,5,2,听完课你去做她的试卷就是一片空白，你得花更多的时间去整理，自学，别的老师上完课我就会了，她...
165176,6630,邵昉伟,2022-12-30 01:48:01,520,593,73,鸡巴没我的大
165190,6630,邵昉伟,2022-12-30 03:00:27,-1,3,4,死废物
165191,6630,邵昉伟,2022-12-30 03:11:02,2,4,2,打2分对不起我的努力和我的兄弟
165302,6630,邵昉伟,2022-12-31 09:01:59,2,4,2,逆天...
165393,6630,邵昉伟,2023-01-04 05:26:53,1,3,2,不如自己学
168079,6630,邵昉伟,2023-01-26 06:36:29,0,3,3,太难了
168235,6630,邵昉伟,2023-02-05 06:47:49,16,19,3,鉴定为纯纯的挠餐
168807,6630,邵昉伟,2023-02-22 10:59:19,0,4,4,纯纯脑瘫
168808,6630,邵昉伟,2023-02-22 10:59:22,2,3,1,SFW
169561,6630,邵昉伟,2023-02-27 02:19:25,2,2,0,。。。
170133,6630,邵昉伟,2023-03-01 12:54:26,3,4,1,为什么一定要给一分？依托答辩还想拿分？
171270,6630,邵昉伟,2023-03-20 09:11:05,0,3,3,sb老师
171648,6630,邵昉伟,2023-03-31 00:50:16,-3,1,4,阴阳人
171834,6630,邵昉伟,2023-04-09 10:54:50,0,5,5,你虽然fw，但我爱你！
173236,6630,邵昉伟,2023-05-19 09:10:43,1,2,1,木琴祛湿
174504,6630,邵昉伟,2023-06-13 09:21:19,0,1,1,😀😃😄😁😆😆😅
175098,6630,邵昉伟,2023-06-21 13:19:22,-11,4,15,我爱死邵小姐了
178887,6630,邵昉伟,2023-07-28 05:41:58,-2,1,3,，，，，，
179518,6630,邵昉伟,2023-09-18 01:43:56,4,5,1,邵fw
179519,6630,邵昉伟,2023-09-18 01:49:27,1,4,3,我的问题
179573,6630,邵昉伟,2023-09-18 10:28:56,2,5,3,初升峒曦，碧漾晚溢
179640,6630,邵昉伟,2023-09-19 04:02:21,-2,4,6,sfwnb！
179641,6630,邵昉伟,2023-09-19 04:05:02,1,3,2,sfw
179644,6630,邵昉伟,2023-09-20 03:20:18,6,8,2,A Genshi player_(:зゝ∠)_
179835,6630,邵昉伟,2023-09-20 02:06:57,0,3,3,还是那句话\n\n封印她的神明信物是鼓
179840,6630,邵昉伟,2023-09-20 02:10:15,4,4,0,shab
180293,6630,邵昉伟,2023-09-21 03:26:57,-10,1,11,damn!m3
180459,6630,邵昉伟,2023-09-21 18:00:00,4,6,2,小丑，还玩起钉钉来了是吧
180527,6630,邵昉伟,2023-09-22 10:46:38,4,6,2,会员制化学课
180528,6630,邵昉伟,2023-09-22 10:48:34,14,14,0,彼阳若至，初升东曦。—《诗经·咏邵》
180533,6630,邵昉伟,2023-09-22 12:23:58,2,4,2,原神启动
180667,6630,邵昉伟,2023-09-24 14:56:46,12,13,1,我尝试你懂吗\n\n五彩石南大门\n\n我才是你爹妈\n\n我测试你的梦\n\n我阐释你懂么\n\n未成熟你都没\n\n那没事了\n\n年忙死了\n\n你们商量
180668,6630,邵昉伟,2023-09-24 15:00:04,11,13,2,我真的服了，当了个高官就飘了。真以为自己几斤几两啊，打卡系统我真服了，天天报错。
180687,6630,邵昉伟,2023-09-25 01:38:59,22,24,2,还搞上行政职务了，fw一个
180692,6630,邵昉伟,2023-09-25 02:29:44,9,10,1,依托答辩
180699,6630,邵昉伟,2023-09-25 04:44:17,6,6,0,meiwoda
180700,6630,邵昉伟,2023-09-25 04:52:14,2,3,1,抽象人
180701,6630,邵昉伟,2023-09-25 04:56:10,5,5,0,骂的不想骂了已经
180702,6630,邵昉伟,2023-09-25 04:58:11,7,8,1,🤡🤡🤡
180703,6630,邵昉伟,2023-09-25 04:59:32,0,3,3,全新体验 值得拥有 绝无仅有
180707,6630,邵昉伟,2023-09-25 05:38:06,1,3,2,抽象至极
180798,6630,邵昉伟,2023-09-26 10:43:22,-40,1,41,666其实还行
180888,6630,邵昉伟,2023-09-28 01:02:20,41,43,2,天天在那里签到签到，其他啥都不上心，要不你就当个管行政的算了，每天盯着所有学生签到签退
180933,6630,邵昉伟,2023-09-28 11:16:21,34,36,2,你不如不上课，ZJUI教务被她搞的乌烟瘴气，上课像上班，考试跟上课基本不一样，ppt内⚙️
181162,6630,邵昉伟,2023-10-13 10:37:32,8,9,1,shab
181299,6630,邵昉伟,2023-10-13 08:53:40,12,12,0,天天签到，请个假也是一堆话，制造一大堆困难
181720,6630,邵昉伟,2023-11-23 06:10:32,35,39,4,勾石一样的东西，纯出生\n\n114514 1919810\n\n于sfw评分1.14之际再次追评\n\n祝老屎早日收敛到1
181727,6630,邵昉伟,2023-10-30 02:52:03,37,39,2,坤坤没我的大为什么没了？😂
182319,6630,邵昉伟,2023-11-14 13:45:25,17,17,0,考试上课脱离，还不给样题
182336,6630,邵昉伟,2023-11-15 02:30:23,9,9,0,我真的服了
182337,6630,邵昉伟,2023-11-15 02:39:11,8,10,2,无法评价
182338,6630,邵昉伟,2023-11-15 02:43:55,24,24,0,你脑子不要说是教授的了，是正常人的吗？考试试卷印的什么狗屎自己没点逼数？还用抽象类比说是自己在考场里没问，印刷问题是我的问题？你TM是不是成年人？
182340,6630,邵昉伟,2023-11-15 06:20:50,8,11,3,化学考试？数数考试！更适合幼儿园宝宝体质😋
182341,6630,邵昉伟,2023-11-15 03:18:27,15,16,1,真的🐶石，出卷子错误一堆，开考后快结束才勘误，逆天发言优越感爆棚，真你是来当老师的吗？赚钱可以别处去
182343,6630,邵昉伟,2023-11-15 03:44:40,12,14,2,脑子有病就别出试卷
182344,6630,邵昉伟,2023-11-15 03:45:05,16,17,1,化学考试考算平均数考20分？更适合小升初考试
182345,6630,邵昉伟,2023-11-15 03:46:47,6,8,2,纯答辩
182347,6630,邵昉伟,2023-11-15 04:03:38,3,5,2,250
182348,6630,邵昉伟,2023-11-15 04:10:03,7,8,1,从小到大没有对化学有过这种情感
182349,6630,邵昉伟,2023-11-15 04:50:37,3,4,1,这试卷……只能说呵呵🙃
182427,6630,邵昉伟,2023-11-16 03:04:56,3,3,0,勾史一个
182434,6630,邵昉伟,2023-11-16 03:42:34,8,10,2,打1分是因为没有0分
182629,6630,邵昉伟,2023-11-18 13:29:11,5,5,0,666
183104,6630,邵昉伟,2023-11-22 07:58:44,4,5,1,Fw
183108,6630,邵昉伟,2023-11-22 08:22:42,94,100,6,改革降低助教工资，从8000降到2500，谢谢你全家
183119,6630,邵昉伟,2023-11-22 09:37:29,-14,2,16,挺不错
183272,6630,邵昉伟,2023-11-23 10:12:33,2,3,1,。。。。。。
183275,6630,邵昉伟,2023-11-23 10:34:22,4,5,1,啊啊啊啊啊你这个扒皮，啊啊啊啊啊啊你不要命啦，搞这个签到，你这个系统，还天天bug，你倒是给个说法啊，你个扒皮。
183504,6630,邵昉伟,2023-11-27 02:36:24,7,9,2,越上越觉得nt
183505,6630,邵昉伟,2023-11-27 02:42:25,5,7,2,smnt
183506,6630,邵昉伟,2023-11-27 02:44:45,3,5,2,sb中的sb，sb之圣也
183515,6630,邵昉伟,2023-11-27 04:06:37,4,6,2,纯纯死废物
183566,6630,邵昉伟,2023-11-27 11:46:28,6,8,2,脑子很难说没事
183578,6630,邵昉伟,2023-11-27 12:15:13,4,6,2,伟大，无需多言
183675,6630,邵昉伟,2023-11-28 10:31:58,-47,3,50,讲话有点逆天，不太会讲话。\n\n但是上课其实还行。\n\n出卷挺逆天。\n\n改卷还行。\n\n1.1其实有点低\n\n但是总体是有点逆天
183679,6630,邵昉伟,2023-11-28 11:05:46,10,12,2,考试抽象，出错题目自己不承认让学生承担
183702,6630,邵昉伟,2023-11-29 02:11:32,13,13,0,国际校区之耻
183851,6630,邵昉伟,2023-12-01 07:52:57,1,5,4,煞笔老师
183961,6630,邵昉伟,2023-12-05 02:35:28,7,8,1,sb系统让我白上一学期课
184114,6630,邵昉伟,2023-12-09 18:41:46,3,5,2,yiyandingzhen
184279,6630,邵昉伟,2023-12-15 06:29:27,2,4,2,Sb 评价不了 克扣学生工资
184296,6630,邵昉伟,2023-12-15 15:35:37,5,6,1,课件看立了，马上就要断了😍😍😍
184503,6630,邵昉伟,2023-12-21 05:45:23,1,2,1,666
184694,6630,邵昉伟,2023-12-22 08:03:11,1,4,3,建议退课
184716,6630,邵昉伟,2023-12-22 09:55:13,14,14,0,国际校区有她和她的老乡俩人，比他妈黑社会都黑
185076,6630,邵昉伟,2024-01-11 13:09:32,27,28,1,TA降薪不得人心\n\n钉钉签到实习挂科\n\n纯纯的出生
185141,6630,邵昉伟,2023-12-26 14:38:46,35,38,3,国际校区之耻，ZJU之耻，国际联合学院ZJUI越办越烂有你很大一份功劳，不会给任何学弟学妹推荐来ZJUI，垃圾中的垃圾
185231,6630,邵昉伟,2024-01-09 06:24:56,7,7,0,纯纯有病啊，搞个什么override制度，我真的服，**有坑
185254,6630,邵昉伟,2023-12-27 10:49:03,18,21,3,降ta工资之前怎么不申请降自己工资
185604,6630,邵昉伟,2024-01-02 16:52:28,3,5,2,rnm还钱！
185698,6630,邵昉伟,2024-01-03 15:34:43,4,6,2,拒绝原因：超学分
185701,6630,邵昉伟,2024-01-03 15:41:26,17,18,1,拒绝原因:超学分
185703,6630,邵昉伟,2024-01-03 15:44:25,15,16,1,讲的课听过第一节，一没逻辑，二没体系，重点她是不会的，人品是不行的，给点权利就知道往下为难人，建议离职查办
185706,6630,邵昉伟,2024-01-03 16:01:37,0,3,3,弟中之弟，纯sb
185709,6630,邵昉伟,2024-01-03 16:30:51,2,2,0,离谱至极，不知道浙大留她干嘛
185776,6630,邵昉伟,2024-01-04 08:56:30,5,6,1,sfw
185865,6630,邵昉伟,2024-01-05 04:41:35,14,16,2,钉钉打卡是真的nt，不仅经常会出现打不上卡，打错卡的情况，也没有系统的解决方案，甚至会极大地影响各门学科的attendance分数，也没有根本解决其所要解决的问题，纯粹为难学生。
185908,6630,邵昉伟,2024-01-05 17:33:12,22,22,0,自从升到了教务，整个人都飘了，根本不会体察普通学生，都不了解一下具体情况，高高在上，自以为是。
185989,6630,邵昉伟,2024-01-07 07:26:45,2,5,3,美丽的老师
186122,6630,邵昉伟,2024-01-08 16:50:14,3,4,1,一坨goushi
186139,6630,邵昉伟,2024-01-09 02:48:20,1,3,2,纯纯答辩老师
186241,6630,邵昉伟,2024-01-10 04:04:45,8,10,2,期末考完，为了奖励，想和恶魔波刚邵小姐69
186248,6630,邵昉伟,2024-01-10 05:06:03,2,3,1,依托答辩
186473,6630,邵昉伟,2024-01-11 08:20:51,1,3,2,名不虚传
186558,6630,邵昉伟,2024-01-11 18:02:35,15,16,1,朕封邵舫伟和PO为结拜夫妻
186821,6630,邵昉伟,2024-01-13 07:30:12,6,8,2,降TA工资是真的不得民心，学院一年收的天价学费去哪了。。。评分早日收敛到1吧
187082,6630,邵昉伟,2024-01-14 11:29:22,-5,6,11,百年难得一遇的人才培养型教授
187488,6630,邵昉伟,2024-01-16 10:46:05,3,4,1,不负责任
187952,6630,邵昉伟,2024-01-18 01:39:14,-1,3,4,出生里的出生
189065,6630,邵昉伟,2024-01-21 14:14:50,5,5,0,实至名归
189319,6630,邵昉伟,2024-01-23 07:48:37,1,3,2,纯纯牛马，祝早日下1.1
189508,6630,邵昉伟,2024-01-25 04:35:40,10,11,1,学生加课申请原因：超学分\n\n教务拒绝原因：超学分
189715,6630,邵昉伟,2024-01-27 08:41:40,2,4,2,发明签到打卡的天才
189811,6630,邵昉伟,2024-01-29 16:20:40,4,5,1,确实傻逼，平时上课怎么样暂且不论，感觉有些事情做出来挺离谱的，真无语住了，我原本也不讨厌化学。但是现在我已经很厌恶化学了。
189877,6630,邵昉伟,2024-02-01 04:03:00,2,3,1,不行不行
190347,6630,邵昉伟,2024-02-28 08:48:26,6,6,0,converge to 1
190356,6630,邵昉伟,2024-02-28 11:06:56,4,4,0,真不行
190512,6630,邵昉伟,2024-03-06 12:43:59,5,6,1,纯➗🈸
191078,6630,邵昉伟,2024-04-01 06:52:51,22,23,1,降TA工资，降完还要写什么每周总结。TA没人报名任课老师让我们研究生牛马帮忙，一学期那点钱事还这么多，要不我一学期给你2500你去替我做TA吧
191173,6630,邵昉伟,2024-04-10 11:50:54,1,3,2,签nm到
191176,6630,邵昉伟,2024-04-10 12:10:07,1,2,1,sbzsbd
191202,6630,邵昉伟,2024-04-11 16:25:55,3,4,1,Lectures， homework assignments， and exams have no prior relationships. I almost failed this course [Angry][Angry][Angry]
191245,6630,邵昉伟,2024-04-15 02:42:05,0,2,2,dingtalk～
191246,6630,邵昉伟,2024-04-15 02:42:32,2,3,1,评分在1收敛，加油
191247,6630,邵昉伟,2024-04-15 02:42:48,1,4,3,不给override的司马玩意
191287,6630,邵昉伟,2024-04-16 16:43:36,1,2,1,sbzsbd
191537,6630,邵昉伟,2024-04-24 11:05:22,0,2,2,。。。
191540,6630,邵昉伟,2024-04-24 11:13:43,-1,2,3,丁真不如也
191552,6630,邵昉伟,2024-04-24 16:54:55,-4,0,4,好好好
192231,6630,邵昉伟,2024-05-25 07:01:22,3,3,0,。。。
192364,6630,邵昉伟,2024-05-16 13:39:15,1,1,0,。。。
192457,6630,邵昉伟,2024-05-20 15:17:43,1,3,2,市中市
192467,6630,邵昉伟,2024-05-21 09:47:44,1,3,2,史\n\n时\n\n室
192475,6630,邵昉伟,2024-05-21 11:27:05,4,4,0,111
192482,6630,邵昉伟,2024-05-21 16:49:07,5,5,0,114514\n\n1919810\n\n迎宾酒\n\n雪
192525,6630,邵昉伟,2024-05-23 03:08:54,1,4,3,多少有点心理缺陷的
192563,6630,邵昉伟,2024-05-23 14:06:48,6,7,1,冒充人类
192564,6630,邵昉伟,2024-05-23 14:44:01,30,31,1,这是一条中肯的评价。教学水平偏向主观感受因人而异我不好评价。礼貌地问你学生事务方面的问题你直接开怼说你这都不知道的、这也要问吗是什么意思？作为老师基本的文明礼貌素质都没有，如果是生理期控制不住脾气我理解，如果你控制不住姨妈天天生理期我也能试着理解，但如果你绝经了我不可能接受一上来就是这种语气。再说助教管理，发布规则不讲任何原因，不给一点依据。今年2500一个学期，我带的课十四个礼拜一个礼拜干5、6小时活，平均时薪30多打发要饭的呢？我承认之前8000一个学期确实多了但是时薪至少给个廉价家教的钱50、60总要的吧？我同学一个礼拜干两三个小时也是2500，定了规则你至少得保证公平吧？以前从来没有，现在每个学期期中期末还要交工作总结。如果助教这些事是上级要求的你就在公告里说清楚，那我们错了我们给你道歉，我们自然会去投诉别人，不然我只能说形式主义这一套真是给你玩明白了。
192591,6630,邵昉伟,2024-05-24 10:09:32,1,3,2,邮电部诗人啊
192593,6630,邵昉伟,2024-05-24 10:14:03,0,2,2,臭币！\n\n你tnnd是非人类啊！
192713,6630,邵昉伟,2024-05-29 06:26:28,3,4,1,狗屎美国人
192773,6630,邵昉伟,2024-05-30 06:57:57,7,8,1,完美诠释什么是condescending
194995,6630,邵昉伟,2024-06-26 07:49:47,-22,1,23,真的很好的课，随随便便就能拿A+
194997,6630,邵昉伟,2024-06-26 07:50:35,-26,2,28,真的很好的课，随随便便就能拿A+
195492,6630,邵昉伟,2024-06-28 10:48:10,3,6,3,丁真不如也
197274,6630,邵昉伟,2024-07-10 06:23:48,4,5,1,要求高中毕业一年多后的学生回高中要高中成绩单…只能说它和ZJUI的行政水平配得上它的评分
197621,6630,邵昉伟,2024-07-22 14:35:09,0,4,4,上课上课不行，行政行政不行。自我优越感极强
197842,6630,邵昉伟,2024-08-15 14:07:31,0,2,2,555
197857,6630,邵昉伟,2024-08-16 07:39:18,5,8,3,死猪东西，长得像个鸡巴，鸡巴上长个大饼脸，能不能找泡尿照照自己那逼样子
198172,6630,邵昉伟,2024-09-06 17:30:19,2,3,1,纯纯的出生
198177,6630,邵昉伟,2024-09-04 02:17:06,2,2,0,笑了，懂得都懂
198193,6630,邵昉伟,2024-09-04 09:32:01,5,7,2,我是考古学家，这是史
198218,6630,邵昉伟,2024-09-05 07:40:14,3,3,0,无话可说，难评
198223,6630,邵昉伟,2024-09-05 08:17:26,4,4,0,免修考试新生不给带词典真逆天
198365,6630,邵昉伟,2024-09-08 03:51:20,5,6,1,一般来说，她的种群应该是人类的好朋友才对
198599,6630,邵昉伟,2024-09-10 07:15:16,0,3,3,c s
198647,6630,邵昉伟,2024-09-10 10:45:33,2,2,0,666
198980,6630,邵昉伟,2024-09-13 14:51:46,2,3,1,什么肥婆
198981,6630,邵昉伟,2024-09-13 15:01:58,3,4,1,老师的逆天程度不用多说， 大一化学课恶心到司马， 大四还要搞签到， 不知道为了啥. 为了你那管理制度的学生绩效吗?
199421,6630,邵昉伟,2024-09-23 08:25:18,2,2,0,……不好评价
199908,6630,邵昉伟,2024-10-08 05:55:14,2,3,1,降低ta工资
199944,6630,邵昉伟,2024-10-09 04:11:24,4,5,1,烧老师我真的很喜欢你的课👍🏻👍🏻👍🏻
200223,6630,邵昉伟,2024-10-15 03:19:10,0,3,3,💩💩💩
200333,6630,邵昉伟,2024-10-16 04:51:31,3,4,1,考试纯纯sb
200353,6630,邵昉伟,2024-10-16 07:25:34,7,7,0,教的什么玩意儿\n\n考的什么玩意儿\n\n做人做的什么玩意儿
200363,6630,邵昉伟,2024-10-16 08:27:10,2,3,1,首页通知书
200445,6630,邵昉伟,2024-10-17 05:19:22,5,7,2,怀疑不是国内人，同胞不会自相残sha
200787,6630,邵昉伟,2024-10-22 10:09:29,1,2,1,唯学无绩，寄于天地。
200788,6630,邵昉伟,2024-10-22 10:12:36,1,2,1,6 6 6
200804,6630,邵昉伟,2024-10-23 01:39:56,0,2,2,想卡分就直说别弯弯绕绕的
200845,6630,邵昉伟,2024-10-23 09:46:12,-22,2,24,世界上最事实求是的老师，认真严谨，对学生态度很好，考试期间也会及时更正试卷上出问题的地方，考后也会对自己出错的地方虚心承认。从来不降低TA的工资，还没入学就听学长说这个老师很好了，现在经历了一下，感觉真的很不错，希望可以拿个A
200864,6630,邵昉伟,2024-10-23 14:54:57,13,13,0,大四还要搞签到，纯纯sb\n\n现在还要提前搞毕设，真是人才，纯逆天
200949,6630,邵昉伟,2024-10-25 10:03:22,-1,1,2,哈哈哈哈
200951,6630,邵昉伟,2024-10-25 10:41:45,0,0,0,。。。
200952,6630,邵昉伟,2024-10-25 10:42:42,2,3,1,去尼玛的人脸识别蓝牙签到
200955,6630,邵昉伟,2025-05-24 08:51:50,8,9,1,态度是傲慢的，内心是施虐的，权力是喜欢的，增负是一直的，只能说只要sfw在校一天后面的学生有福咯
200968,6630,邵昉伟,2024-10-25 12:39:00,1,1,0,呵呵呵
201033,6630,邵昉伟,2024-10-27 14:03:58,0,1,1,呃呃 以后去wc少吃点
201537,6630,邵昉伟,2024-11-04 06:51:31,5,5,0,💩💩💩
201549,6630,邵昉伟,2024-11-04 07:55:31,-6,0,6,其实还彳亍
202343,6630,邵昉伟,2024-11-12 01:55:12,0,3,3,课上得很好，但是不上好像也没有区别，下次就别上了
202398,6630,邵昉伟,2024-11-12 10:34:46,2,3,1,无需多言。😅
203176,6630,邵昉伟,2024-11-17 15:14:24,2,4,2,四菲钨既是投注，也是飞魄
204596,6630,邵昉伟,2024-11-27 03:15:48,7,8,1,课是最没用的，分是最会卡的，考题是漏洞百出的，人是不肯更改错误的。这辈子最后悔的事就是免修考试没过。ex人
204624,6630,邵昉伟,2024-11-27 06:05:16,0,2,2,听我说谢谢你
204879,6630,邵昉伟,2024-11-28 09:09:45,2,3,1,太有签到了。\n\n讲课老师不要求签到硬要签到，还要亲自过来让学生扫码👍👍👍
205102,6630,邵昉伟,2024-12-01 12:56:27,3,3,0,666
205425,6630,邵昉伟,2024-12-06 05:35:30,0,1,1,nmd
205446,6630,邵昉伟,2024-12-06 10:54:20,0,1,1,讲得实在是太好辣！
206621,6630,邵昉伟,2024-12-16 15:46:37,2,4,2,这个老母猪以前来讲过一节课生物分析化学，我从智云里一看，卧槽，面相差到炸，讲课也纯纯模因污染，让人不忍直视
206851,6630,邵昉伟,2024-12-18 03:00:16,2,3,1,老师很不错，就是没什么用
207379,6630,邵昉伟,2024-12-21 04:48:24,3,3,0,NB兄弟
208667,6630,邵昉伟,2024-12-30 14:24:27,4,4,0,考试死难。简直糖丸了！
208740,6630,邵昉伟,2025-01-01 07:02:41,5,6,1,彼阳的晚意，初生的东曦
208746,6630,邵昉伟,2025-01-01 09:38:11,-1,1,2,呃呃呃
208748,6630,邵昉伟,2025-01-01 09:41:34,5,8,3,讲课一坨，考试专挑犄角旮旯考，分数贼低。满分15中位数9平均分8.6？？？？？一半学生因为一次期中考直接告别A。颐指气使的🐖一个
208750,6630,邵昉伟,2025-01-01 09:51:09,0,1,1,嘶\n\n难绷啊
208752,6630,邵昉伟,2025-01-01 10:03:10,6,6,0,真是倒了八辈子霉遇到这样一个老师，课是讲不明白的，考试题目是天马行空的，试题不严谨一点也不改的，油盐不进，啥也不行，还是行政老师，还管ps上评教，行政也不咋地。发消息从来不处理从来不回。题目搞错了么也话术糊弄过去一点也不改，问问题一点也讲不明白。本身课就没什么意义还要花时间自学，受不了一点。看错题还不让仔细看，就怕我们挑出题目里的错误。
208778,6630,邵昉伟,2025-01-01 17:39:34,2,3,1,邵老师的midterm足够支持我来打分，看看final会不会发力吧
208875,6630,邵昉伟,2025-01-03 03:16:50,11,12,1,“东西拿出去”\n\n“老师我先放...”\n\n“拿出去！！”\n\n纯纯草履虫，没办法处理Y/N以外的问题，特大码飞柱二极管\n\n咋上来的呢，学术？？还是情商？？难道是靠潜规则？\n\n潜规则倒是合理，学术压力太大了，总有大佬好这口\n\n中文是要用来发飙的，英文是要用来发通知的，主打一个执法必严，违法必究，立法必养\n\n真心觉得ZJUI在它的带领下蒸蒸日上
209344,6630,邵昉伟,2025-01-05 13:09:57,3,4,1,其他人说的对
213442,6630,邵昉伟,2025-01-17 11:33:05,2,3,1,笑出强大
213565,6630,邵昉伟,2025-01-18 08:59:10,8,8,0,后来有人似你三分像，我便慌了神
213976,6630,邵昉伟,2025-01-22 10:02:36,-3,3,6,没有想象的那么糟糕，你好好学她也还算客气
214104,6630,邵昉伟,2025-01-24 08:11:12,2,3,1,s2938～！：
214117,6630,邵昉伟,2025-01-24 13:01:31,3,5,2,易投注
214499,6630,邵昉伟,2025-02-10 02:25:18,3,3,0,初生一个，当教务纯粹是为了恶心人
214515,6630,邵昉伟,2025-02-10 12:20:41,3,3,0,死了媽的教務
214970,6630,邵昉伟,2025-02-19 14:26:37,5,5,0,降TA工资。。
215120,6630,邵昉伟,2025-02-21 12:57:45,7,7,0,降TA工资是真出生
215218,6630,邵昉伟,2025-02-24 11:14:13,3,3,0,组头一个
215932,6630,邵昉伟,2025-03-07 13:59:49,1,1,0,。。。\n\n无语，\n\n评价她浪费网络资源
216549,6630,邵昉伟,2025-03-18 08:32:00,3,3,0,感觉不如danking
217482,6630,邵昉伟,2025-04-11 03:57:32,1,1,0,。。。
217956,6630,邵昉伟,2025-04-18 09:52:22,3,3,0,求求你了，赶紧回美国吧，懂王需要你👊😭🔥
218115,6630,邵昉伟,2025-04-21 08:21:48,5,5,0,助力收敛
218116,6630,邵昉伟,2025-04-21 08:22:23,7,7,0,but a piece of fking crap
218853,6630,邵昉伟,2025-05-08 12:54:01,1,1,0,sbez
218867,6630,邵昉伟,2025-05-09 15:00:21,2,2,0,还在那里搞签到和降助教工资呢？知道ZJUI高阶课程烂成什么样了吗，教得一坨，助教0个。
218908,6630,邵昉伟,2025-05-13 02:06:58,2,2,0,damn
219168,6630,邵昉伟,2025-05-22 15:20:51,2,2,0,姐妹们，她喜欢肖战
219340,6630,邵昉伟,2025-05-25 13:12:07,2,2,0,cs东西 一个新加坡人 黄皮白心 跟李德红一样都是牧羊犬
219509,6630,邵昉伟,2025-05-29 03:40:42,0,0,0,不看教材
219842,6630,邵昉伟,2025-06-08 13:08:33,0,0,0,dick
222070,6630,邵昉伟,2025-06-29 11:17:38,0,0,0,sb教务
133713,6813,谭述润,2021-03-04 06:19:08,-81,7,88,很好的导师
134019,6813,谭述润,2021-03-12 02:33:50,-81,6,87,人非常非常好的导师
139967,6813,谭述润,2021-08-22 14:45:20,40,43,3,喜欢搞早8quiz，说话语气很娘，我不太能适应
140910,6813,谭述润,2021-09-17 15:39:43,51,53,2,怪人一个
145848,6813,谭述润,2022-01-03 08:51:45,35,41,6,说实话 不太喜欢。我承认老师上课认真 希望同学掌握好知识的初心是好的。但是，这门课完全没有必要考的这么难。uiuc的卷子照着出不就行了？非得考这么难，我们又听不懂课，搞得好像我们能学多好一样。希望老师能明白我们没有能力学的这么好，我们只想拿个学分罢了。魔改难度，属实不应该的，最后两节课，上十个lecture的内容，说实话，也不应该。
154310,6813,谭述润,2022-05-29 17:32:17,20,30,10,科研界的一股清流，适合教学不适合育人
165527,6813,谭述润,2023-01-08 03:43:02,69,72,3,是种折磨
168409,6813,谭述润,2023-02-24 00:40:44,59,61,2,出生！
168416,6813,谭述润,2023-02-15 14:54:17,55,58,3,纯纯÷
168455,6813,谭述润,2023-03-03 03:13:01,49,50,1,纯牜馬
170343,6813,谭述润,2023-03-03 03:42:19,51,54,3,能力比较低，但事情却比较多，建议不要选
170358,6813,谭述润,2023-03-03 06:03:27,62,64,2,浙大这种^&7%#$老师都能留下，真是个奇迹
170642,6813,谭述润,2023-03-07 11:40:31,54,56,2,误人子弟
170812,6813,谭述润,2023-03-10 03:33:51,42,43,1,÷÷÷
171178,6813,谭述润,2023-03-17 15:07:41,47,49,2,初生嘞
171179,6813,谭述润,2023-03-17 14:28:44,32,34,2,先搞清楚做人的理念，再来谈教学，谈科研
171181,6813,谭述润,2023-03-17 15:04:10,45,46,1,喜欢PUA学生，不懂学生真正想要什么。喜欢叫学生写研究计划，其实最没计划的是他自己。做事拖沓，犹豫不决，喜欢把任何问题的锅都丢给学生，永远都是学生的错，道貌岸然，双标，情商太低
171183,6813,谭述润,2023-03-17 15:27:06,18,22,4,这么喜欢跟学生说英文，为什么不润国外呢？
171250,6813,谭述润,2023-03-20 06:16:29,43,44,1,纯小丑
171427,6813,谭述润,2023-04-03 16:07:37,39,40,1,选他不如直接去投胎
171455,6813,谭述润,2023-03-24 17:12:48,52,54,2,不会做人，国内学术圈各种人情世故根本就不懂，人都给他得罪光了还不自知。恶心学生有一手，喜欢搞道德绑架，论文拖一两年都不发，甚至毕业后还在折磨学生。美其名曰要讲究实际的学术贡献论文不让互相挂名，结果自己每年在别人的论文里不知道挂了多少个名，也许所谓他的贡献就是最后帮别人改个论文而已，真的是当b子又立牌坊。五年到现在只有两个一作，一个通讯，一作还都是博士毕业论文的内容，学术水平是真的高呀_(:зゝ∠)_
172055,6813,谭述润,2023-04-18 07:33:38,24,25,1,差评，表示不想再来
172571,6813,谭述润,2023-04-30 10:29:41,17,20,3,脾气很乖僻，是种折磨
173344,6813,谭述润,2023-05-22 15:52:24,34,35,1,如果可以我想打0分，甚至负分。真是谭他M给谭开门，傻杯到家了。
203891,6813,谭述润,2024-11-22 00:27:29,3,4,1,继续观察
214856,6813,谭述润,2025-02-18 10:04:36,24,25,1,老师的玉音听的我蛇年蛇的几几年年的
215600,6813,谭述润,2025-03-02 11:20:41,3,4,1,ppt压根看不懂啊喂
215931,6813,谭述润,2025-03-07 13:59:00,-18,1,19,作为讲课老师的话，非常好
216371,6813,谭述润,2025-03-14 13:35:46,23,23,0,2025.3.14记录一下\n\n\n\n讨论课Worksheet每个人都要写完，且全对才能走。\n\n考试提前20分钟必须到场否则0分，考前要到候考室。课上做问卷调查问是否理解他这样做（不知所谓），约25%的人赞同，遂失望。\n\n考试不得提前交卷。\n\n\n\n下附今日发布的打卡新规（篇幅原因略有删节，保留主要内容）：\n\n大意是只能在上课前后5分钟（共10分钟）check-in，iClicker纳入考勤评分，且题目需要答对。上课不能用电脑，再次强调（离谱）。\n\nYour attendance score will be based on your DingTalk check-in record and your iCliker performance. We are going to consider if your vote is correct. \n\nYour DingTalk check-in duration will only be open for 10 minutes each lecture (starting from 5 minutes before the lecture starts to 5 minutes after the lecture starts). And I will no longer accept excuses for forgetting to or being unable to check-in in time.\n\nWe will address one more time on not using your laptops during lectures.
216393,6813,谭述润,2025-03-15 10:46:26,9,9,0,打卡不只要打卡，强制大家课堂中随机做题，做不对没有考勤分。
216400,6813,谭述润,2025-03-15 13:05:46,7,7,0,诗人我吃
216522,6813,谭述润,2025-03-18 03:06:39,20,20,0,课前十分钟打卡，过期不候，开学说不用iclicker，上了半个学期就变卦，小南娘真的善变啊。考试必须提前二十分钟到，准点到不让进场，直接零分。上课讲的速度飞起来，屁事一堆。依托答辩，这个月评分1.0，躺赢狗。
216545,6813,谭述润,2025-03-18 08:16:17,12,12,0,小湳酿，真听奢了
216550,6813,谭述润,2025-03-18 08:39:58,16,16,0,纯出生
216555,6813,谭述润,2025-03-18 10:01:55,10,10,0,sbsb
216556,6813,谭述润,2025-03-18 10:15:25,6,6,0,请问捐款入口在哪，我要给你水滴筹
216586,6813,谭述润,2025-03-19 02:08:28,3,3,0,什么诡异声线
216651,6813,谭述润,2025-03-20 05:44:46,5,5,0,腔调奇奇怪怪，课程上一半改变attendance的要求，只给10分钟钉钉签到，考试没有提前20min到不给分，还是有些极端了
216664,6813,谭述润,2025-03-20 10:58:14,7,7,0,诗人握持
216779,6813,谭述润,2025-03-25 07:20:25,4,4,0,？？？
217075,6813,谭述润,2025-04-01 08:34:36,4,4,0,星期六早上期末考是为什么啊🥺考试提前二十分钟不让进又是为什么啊😧
218633,6813,谭述润,2025-04-27 13:25:54,4,4,0,从题库里给谭老师抽出来的1分
219370,6813,谭述润,2025-05-26 04:37:53,2,2,0,谭老师我错了，你是我爹，之前觉得你不好是我不识好歹了，是我不懂感恩了
222069,6813,谭述润,2025-06-29 11:17:06,1,1,0,考完期末给谭圣翻个案\n\n课程难度还好。谭述润讲课还行，midterm破事不少，好在期末成绩给的挺高。
134068,7631,Cristoforo Demartino,2021-03-15 04:07:24,4,7,3,cris超可！
134576,7674,Penkov Oleksiy,2021-04-02 12:07:33,47,65,18,我的妈呀讲的是啥玩意儿，讲课还不如去看pre lecture。
134729,7674,Penkov Oleksiy,2021-04-12 08:26:07,28,41,13,乌拉，苏式英语我是真的什么都听不懂
141764,7674,Penkov Oleksiy,2021-10-25 02:27:54,2,3,1,stubborn and offensive
141765,7674,Penkov Oleksiy,2021-10-25 03:22:18,3,8,5,讲得太好了，半个学期就会俄式卷舌了
141811,7674,Penkov Oleksiy,2021-10-27 03:13:49,7,13,6,Now It’s our game
141812,7674,Penkov Oleksiy,2021-10-27 03:14:10,2,3,1,上课花式点名，真是个小机灵鬼，波兰人🤗 \n\n你留得住我的人，但留不住我的心🤗
141813,7674,Penkov Oleksiy,2021-10-27 03:14:14,0,2,2,口音浓重听不懂，教学质量堪忧
141815,7674,Penkov Oleksiy,2021-10-27 05:42:57,-71,5,76,老师特别特别负责
141816,7674,Penkov Oleksiy,2021-10-27 03:26:23,17,27,10,他就是条*，没见过这么恶心的老师，邮件从来不回，上课讲话嘴里跟喊着*一样，各种套路学生赚iclicker差价，签到还识别字迹，开定位，隐藏ppt题目，整天不干正事搞些歪门邪道，让我对乌克兰人的印象一落千丈，他让我再也看不起这个国家，教育出这样的东西，就这么夸张
141817,7674,Penkov Oleksiy,2021-10-27 03:26:49,5,8,3,真心听不懂他的英语……上的电磁学真不如看PPT和prelecture……\n\n（真不咋地
141818,7674,Penkov Oleksiy,2021-10-27 03:27:10,21,34,13,该老师秉着一口鹅式英语，嘴里含糊不清，上课内容与checkpoint惊人一致，却强制同学到场听课。现场随机签名签到，代签者直接扣50分，而这一点在开始课程时从未提到过，也没有写进syllabus里。偶尔还会想尽一切歪门邪道检查同学是否真实到场，包括但不限于设置陷阱题，看签名字迹等。此外，该老师强制使用付费的课堂练习软件，正版一年近200，checkpoint作为prelecture软件每学期也需付费200➕，这些都算作额外花费，不纳入学费或学杂费。
141820,7674,Penkov Oleksiy,2021-10-27 03:31:55,2,3,1,狗都不上
141826,7674,Penkov Oleksiy,2021-10-27 06:12:34,2,2,0,its our game
141827,7674,Penkov Oleksiy,2021-10-27 06:12:34,-3,1,4,its our game
142343,7674,Penkov Oleksiy,2021-11-22 06:31:00,3,5,2,不太行
142939,7674,Penkov Oleksiy,2021-12-06 11:57:56,15,25,10,更：就是说。。。就算因为突发疫情改线上考，到考前一天依然没有告诉我们在线考的要求是什么，用什么平台，形式是否改变。。。\n\n\n\n真……这个老师一言难尽了……感觉他没有很认真地在教我们？抛开变相强制的iclicker不说，至少他的作业和exam schedule都特别随意（好多作业的DDL是混乱的，还会出现没有教学过的新内容出现在当周作业中），exam每次都等到前一天了，才确定到底什么时候考，甚至离考试就几个小时了说考试地点改了……上他的课可以治愈低血压，真的。
143791,7674,Penkov Oleksiy,2021-12-22 11:10:50,90,109,19,极致的伞兵\n\n他妈的我好心好意问问他作业的问题，不回邮件，然后让ta和全部同学说这个同学不看syllabus，我盘老师就是不回邮件？？？？\n\n然后第二天的考试没有音信？还是听别的ta说明天考？？？？？？\n\n有时间阴阳学生没时间做announcement？？？？\n\n什么牛马？？？？？？？？！！！！！！！！！\n\n能不能好好尊重学生？？？？？？？？？？\n\n更新\n\n\n\n好啊\n\n我发个邮件问个打分政策就要向学校举报我\n\n好大的面子啊\n\n\n\n再更新\n\n期末改分骚操作真的无语到了\n\n全程录像还觉得不放心一定要把midterm3 给砍一半\n\n真的喜欢给学生搞心态呢\n\n真是太棒辣！！！！！！！！！！傻逼！！！！！！！
143807,7674,Penkov Oleksiy,2021-12-07 08:35:04,3,10,7,垃圾老师一个，人际关系和谁都处不好，蚌埠住了
144164,7674,Penkov Oleksiy,2021-12-20 03:06:38,2,2,0,期末前说期末权重增加，嘿就是给你增加负担，嘿就是玩，嘿就是没有码
144165,7674,Penkov Oleksiy,2021-12-20 03:37:51,5,10,5,上课也就那样，花活倒是挺多
144166,7674,Penkov Oleksiy,2021-12-20 04:07:02,1,2,1,“快逃”
144951,7674,Penkov Oleksiy,2021-12-26 04:34:15,2,3,1,希望老师不要老是想一些奇怪的方法来抽查到课率
145549,7674,Penkov Oleksiy,2021-12-30 08:36:52,11,20,9,又整花活了，之前从来没说过，期末考试一周前突然说出勤分低于15不让参加考试，纯纯牛马一个😅
145558,7674,Penkov Oleksiy,2021-12-30 08:31:23,2,2,0,傻逼教授我日
145559,7674,Penkov Oleksiy,2021-12-30 08:32:21,3,3,0,一个字，寄！
145938,7674,Penkov Oleksiy,2022-01-04 13:12:30,0,2,2,其他评论已经说完我要说的话
145985,7674,Penkov Oleksiy,2022-01-05 02:14:23,6,8,2,完善的Phy212 至少会完善的展示往年试卷，review section等学习资料，不知道penkov斗智斗勇搞这么累干嘛
146043,7674,Penkov Oleksiy,2022-01-05 07:59:01,2,6,4,课很简单人很离谱
146061,7674,Penkov Oleksiy,2022-01-05 09:45:43,1,2,1,明天考试了，给个一分转个运
147980,7674,Penkov Oleksiy,2022-01-11 08:56:19,1,2,1,玩计谋被我拿捏两次啦～～～
149349,7674,Penkov Oleksiy,2022-01-15 06:50:26,2,2,0,上课太水，俄式英语听不懂
150632,7674,Penkov Oleksiy,2022-02-06 07:12:06,7,9,2,绝绝子～\n\nzju招他进来简直是给zju的教学抹黑
150719,7674,Penkov Oleksiy,2022-02-16 03:15:51,9,12,3,纯纯傻篮子
159972,7674,Penkov Oleksiy,2022-09-10 13:21:13,7,8,1,还没上课，先打个一分
160607,7674,Penkov Oleksiy,2022-09-28 02:05:24,1,5,4,俄式英语基本听不懂，全靠看PPT。建议对照课件自学
161132,7674,Penkov Oleksiy,2022-10-28 05:50:08,3,4,1,一眼丁真鉴定为教授丁真
162629,7674,Penkov Oleksiy,2022-11-30 04:26:08,3,8,5,纯纯的➗，整天就想着怎么背刺学生
162630,7674,Penkov Oleksiy,2022-11-30 08:34:23,8,11,3,离谱啊 不上网课答了iclicker 整个学期attendance要被清零 甚至上课之前还拍照查签到 打个一分转个运
162632,7674,Penkov Oleksiy,2022-11-30 06:56:02,8,16,8,真就捏妈上课还得实名呗，你是不是没有木琴啊，天天就知道整这些有的没的签到，你木琴能不能从骨灰盒爬出来上icliker签到啊？
162633,7674,Penkov Oleksiy,2022-11-30 08:38:17,3,6,3,有点钓鱼执法 先斩后奏
162687,7674,Penkov Oleksiy,2022-12-04 12:11:33,7,10,3,过于低能
173259,7674,Penkov Oleksiy,2023-05-17 06:41:31,3,7,4,毫无人品，算了和这种人没办法谈人品
180524,7674,Penkov Oleksiy,2023-09-22 10:05:29,4,8,4,最单纯的嘴臭 最极致的享受 **
180525,7674,Penkov Oleksiy,2023-09-22 10:16:27,6,8,2,考试变难，鉴定为脑瘫中的脑瘫
181704,7674,Penkov Oleksiy,2023-10-29 10:36:55,2,4,2,考试时间bb上都不给明白，讲个锤子
182425,7674,Penkov Oleksiy,2024-01-05 01:55:47,54,64,10,"纯纯的➗升，一天天就想着怎么背刺学生，和sfw卧龙凤雏天生一对。\n\n追评：Tmd还学会用nmbyd铝箔纸包住打卡机器了，上课上到一半让学生上去打卡，电子战属实让你乌克兰➗生玩明白了嗷，nmd我看你个byd脑子里就没想着好好教学生知识，就天天想着怎么恶心人。\n\n2024/1/4 期末考试后更新：背刺传统艺能贯彻到底，平时hour exam三选题都是不用写解题步骤的，final突然就要写了，不过确实是在第一页明明白白写了要求的，麻了，骂不动了。\n\n2024/1/4下午再次追评，50分的考勤分，少去一次课扣7分，老子每节课都去，然后因为你那个逆天打卡方式没打上卡三次就直接变29/50了？？？？？？？这tm一分和期末考试的一分是一个权重的奥，以后如果真的重度抑郁症，想紫砂，一定带上op和sfw两个私募二人组\n\n2024/1/5 op版本更新，强化技能：出尔反尔。4号下午因为同学反馈，所以三分（三选）题不写过程给满分了，这下老老实实写了三分题的变消愁了吧；5号一早又变成因为同学反馈不写过程给分不公平，不写过程依然只给一分，这下不写过程又变回消愁了吧。\n\n\n\n不过在我看来，我们同学无论如何都不会是真正的消愁（哪怕是考试忘带计算器），唯一的消愁始终只有一个，让我们大声喊出他的名字：\n\nO! leksiy P! enkov !!!\n\n\n\n希望这条评论在2024/1/5可以更新完结了，学弟学妹们，记住，PHYS212 is ""our"" game 由于“our""是由penkov的嘴说出的，而他显然户口本上只有一页，所以PHYS212 is his own Deep-Dark-Dork-Torque game， 你们除了尽可能乖乖陪他玩，保住自己的分数以外别无选择，祝你们好运。"
182426,7674,Penkov Oleksiy,2023-11-16 03:02:31,5,8,3,纯纯出生
182437,7674,Penkov Oleksiy,2023-11-16 03:58:02,-5,40,45,老师很有个性，上课幽默风趣，很好地提高了学生的发言积极性和课堂参与度。bonus给的也很多。难得一见的好老师！
182630,7674,Penkov Oleksiy,2023-11-18 14:38:35,2,6,4,潘烤芙的口音实在难以理解，明明看prelecture做作业就能A+的课还强制签到。。让人忍受“dork = torque”的发音。。
182785,7674,Penkov Oleksiy,2023-11-20 08:33:15,3,6,3,给他建议，就说我们嫌烦。甚至还不听取我们的建议，自己瞎搞。和fw简直天生的一对
183433,7674,Penkov Oleksiy,2023-11-26 06:02:31,-20,13,33,很好的老师，上课很耐心
185278,7674,Penkov Oleksiy,2023-12-27 13:13:17,1,2,1,好好关注讲课内容吧
185280,7674,Penkov Oleksiy,2023-12-27 13:19:57,3,5,2,不太行，以上课举手发言作为bonus，鼓励同学恶意竞争。而且说说是bonus，实际上是95+三个2.5的bonus，你不做就很难拿A。而且想举手发言的同学很多他根本顾不过来。真不太行
185786,7674,Penkov Oleksiy,2024-01-04 11:27:01,10,11,1,明明每节课都去了，一次漏打卡就扣我7分？比期末考试少做一道大题还高？别惦记你那attendance了是中国学生物理太好让你有压力了吗？
185792,7674,Penkov Oleksiy,2024-01-04 12:07:08,10,11,1,邵舫伟让每节课钉钉签到就罢了，你PO还用锡纸屏蔽信号上到一半再放出来让我们签，midterm3加了几道主观题，结果期末一多半全是主观题，3选项选择题还让写过程，真的无语，学习全靠smartillinois
185864,7674,Penkov Oleksiy,2024-01-05 04:24:57,14,16,2,教学上，上了一个学期的课，教授口音特别重，感觉不如在网站上自学。人品方面，特别喜欢整活，为难学生，上课钉钉签到就他要搞特殊，不仅是课中签到，而且定位也十分离谱，手机在打卡机器一米以内才能签，我还以为是我手机的问题，导致有几次没签上，结果扣的分比两次期中考都多。在考试方面，今年还增加了主观题，并且期末考三选题还要写过程，通知的也不是很到位。在处理这件事的时候也是出尔反尔，一会说不扣分，一会说要扣分，朝令夕改。
185867,7674,Penkov Oleksiy,2024-01-06 05:48:08,13,16,3,人好的老师是想着法子让学生考高分，想着法子捞人。一般的老师是按规章制度办事，不瞎搞，有几分是几分。像这种东西，这种***，想着法子扣学生分，和学生作对，期末考举着手机拍三个小时，一定要抓几个人让他们挂科。突然出现三选题要写过程…………
185879,7674,Penkov Oleksiy,2024-01-05 09:03:29,4,5,1,纯出生，无需多言
185943,7674,Penkov Oleksiy,2024-01-06 14:58:45,12,14,2,成绩已出，前来还怨。哪来的哪里回去，找自己妈妈去。哦对了，想起来你可能找不到你妈妈了。\n\n\n\n更新一下：\n\n致楼上：\n\n帮老师的都是什么成分，教授教的明明很差。哪怕期末三选题过程分全拿，漏打卡了零次（更何况你周一周四的课还有周三的漏卡呢），照样也不能拿A+，容错率这么低的课去哪里找。\n\n打个狗头，怕是友军
185950,7674,Penkov Oleksiy,2024-01-06 09:49:15,-32,6,38,骂老师的都是什么成分，教授教的明明很好。哪怕期末三选题过程分扣光，漏打卡了几次，照样也能拿A+，容错率这么高的课去哪里找。
185978,7674,Penkov Oleksiy,2024-01-07 04:30:50,-48,5,53,回复一下别人的评论，我上课发了八九次言，期中考全满分，期末考只被扣了过程分，算了一下分数，是有A+的
186770,7674,Penkov Oleksiy,2024-01-13 04:15:42,7,7,0,这人不是教的好不好的问题，人品就有问题。建议滚回去别在这恶心人了
187181,7674,Penkov Oleksiy,2024-01-15 03:40:31,5,5,0,。。。
190986,7674,Penkov Oleksiy,2024-03-27 11:35:09,2,4,2,是人我吃  😄
191289,7674,Penkov Oleksiy,2024-04-16 20:04:08,6,9,3,真的逆天，你永远可以相信OP的恶心人能力，教学能力是依托的，恶心学生是一套一套的。付费系统司马physics，付费软件iclicker，上课考勤整到恶心，仿佛他不抓考勤就有人把他不存在的妈妈抓走似的，上学期物理电磁屏蔽，这学期来个什么fucused iclicker，smart physics是唯一练习题，然后每道题只限制叫两次，你是不会一点作业就会扣一堆分，就是鼓励抄是吧
191626,7674,Penkov Oleksiy,2024-04-26 05:10:01,17,19,2,213课上举手发言的全部视为op性奴
192009,7674,Penkov Oleksiy,2024-05-29 09:15:45,8,10,2,如果你觉得一切太正常了，那么OP要开始整活了ᕦ༼༎ຶ_༎ຶ༽ᕗ
192539,7674,Penkov Oleksiy,2024-05-23 09:21:26,1,3,2,又死在他手上了，好耶（mdzz）
192565,7674,Penkov Oleksiy,2024-05-23 15:09:50,1,3,2,潘烤麸你是我爹！
192592,7674,Penkov Oleksiy,2024-05-24 10:10:12,2,2,0,邮电部诗人啊
192595,7674,Penkov Oleksiy,2024-05-24 10:32:20,4,5,1,OP你个臭*巴啊！\n\n原神玩多了是吧！\n\n213给的分不如原石多。。。\n\n选图：DE_OVERPASS (OP)\n\nCT: Oleksiy Penkov (OP)\n\n送你打真人CS去。。。
192712,7674,Penkov Oleksiy,2024-05-29 06:25:34,-1,2,3,6666
192714,7674,Penkov Oleksiy,2024-05-29 07:00:24,0,3,3,...
198519,7674,Penkov Oleksiy,2024-09-09 11:48:53,3,4,1,只能说sb
208876,7674,Penkov Oleksiy,2025-01-03 03:12:38,3,4,1,老钟在外国是要被歧视的\n\n他险些做了天线宝宝，老钟给了容身之所，结果不来捧我臭脚我是有点没料到
214427,7674,Penkov Oleksiy,2025-02-02 17:09:12,3,4,1,第一次想打10分，结果被曹髦清正下了9分\n\n第二次想打10分，被神孙笨平定了9分\n\n第三次想打10分，被大宝盖了9分\n\n第四次想打10分，被谋丞相看破了9分\n\n所以都是1分喵
215586,7674,Penkov Oleksiy,2025-03-02 01:24:58,0,2,2,该去真人cs了
216988,7674,Penkov Oleksiy,2025-03-31 04:59:43,-5,1,6,你是我爹，我要孝敬你一辈子
219090,7674,Penkov Oleksiy,2025-05-21 09:16:47,2,2,0,帮OP说话的想必是去找OP建议他给final下午场所有人扣十分的那两个孤儿吧，可惜了，没爹没妈只能认贼作父
219369,7674,Penkov Oleksiy,2025-05-26 04:18:51,2,2,0,我真是日死你的吗啊，你吃你妈的傻逼卷子呢，我操你妈啊，你出你妈的竞赛呢？我学过吗那我问你，我真是草泥马啊。93.5A 没curve，那期末考完谁能A呢那我问你，学生绩点低低的很好玩是吧
219373,7674,Penkov Oleksiy,2025-05-26 05:07:39,1,1,0,考完期末特地来送一波差评
219485,7674,Penkov Oleksiy,2025-05-28 10:04:25,1,1,0,一个半月的速成课宁出个击败的难度卷子？
128394,7944,王爱丽,2020-12-22 06:53:44,3,3,0,老师上课不错，
128598,7944,王爱丽,2020-12-24 11:02:59,-1,0,1,英文口音独特
129075,7944,王爱丽,2020-12-29 14:46:39,18,22,4,Chinglish很好
129209,7944,王爱丽,2020-12-31 07:42:46,0,2,2,总的来说人还挺好，但是课真的一节听不懂
134737,7944,王爱丽,2021-04-13 02:20:16,0,0,0,口语离谱
135655,7944,王爱丽,2021-05-18 06:19:12,0,1,1,口语离谱
160273,7944,王爱丽,2022-09-16 07:11:06,-1,0,1,声音小
173463,7944,王爱丽,2023-05-25 10:28:43,5,6,1,老师讲课细心到位，会时刻关心学生有没有听懂，课程质量很高！
174710,7944,王爱丽,2023-06-16 05:42:51,0,0,0,老师上课讲的很仔细（就是口音需要适应一下
179259,7944,王爱丽,2023-09-04 15:10:11,9,9,0,老师人很好，去问问题都会耐心解答，342期中考试题目基本跟sample八九不离十，不会太难，考试的时候还会疯狂提示。上课手写的pdf看得出有认真备课。期末考试蛮难的，但是写对一点点就会给分，看得出在捞人了
217469,7944,王爱丽,2025-04-11 02:20:18,1,1,0,210上半学期另外个老师都没查签到。下半学期到你教这门课了，就开始查签到了。
218639,7944,王爱丽,2025-04-28 02:34:10,0,0,0,哈气了
171634,7961,张倩婷,2023-03-30 10:16:12,0,2,2,你知道我是谁吗～
201104,7961,张倩婷,2024-10-28 14:25:38,0,3,3,A woman whose career is completely dependent on her husband is doomed to be nothing but a pathetic puppet.
204149,7961,张倩婷,2024-11-24 16:58:43,0,3,3,她的tutorial没人去，她现场一个一个外放打电话问你为什么不去😅，去了之后在那边听她讲了一个小时的做人大道理，我请问那我去的意义是？？？我只能说Tutorial为什么没人去不是没有原因的，就这么随意的浪费时间，谁会愿意去呢？
173023,8027,王高昂,2023-05-11 11:40:41,1,5,4,每节课都点名。人很好，讲课很烂。
173691,8027,王高昂,2023-06-01 12:21:37,2,2,0,讲课很烂，但是还是在给分上努力了
178844,8027,王高昂,2023-07-25 07:06:34,1,2,1,认真负责
180209,8027,王高昂,2023-09-20 14:28:31,2,2,0,上课讲的一般吧  课程的事情真的超多  很麻烦慎选
180849,8027,王高昂,2023-09-27 06:52:52,5,7,2,无情的念PPT机器.数据结构这门课王高昂后7周讲的与刘佐珠前7周讲的比起来简直是个X
197396,8027,王高昂,2024-07-12 12:21:38,1,2,1,学术水平一般 很上进的老师一位～
219720,8027,王高昂,2025-06-04 15:06:16,0,0,0,人很好很可爱的老师，就是上课声音比较轻，给分还不错
128393,8042,林毓,2020-12-22 06:53:01,5,5,0,老师上课很棒
128487,8042,林毓,2020-12-23 11:01:12,0,0,0,上课超棒的
129074,8042,林毓,2020-12-29 14:45:51,0,0,0,老师讲的很好
129210,8042,林毓,2020-12-31 07:43:49,0,0,0,老师上课巨好，好好珍惜
134731,8042,林毓,2021-04-12 08:41:42,4,4,0,老师讲的条理清楚，是课限制了水平的发挥。
135188,8042,林毓,2021-05-05 13:41:05,0,0,0,这部分课有点离谱，浪费时间，学院就不能改一改？非要照抄？但老师讲的真挺好。
135654,8042,林毓,2021-05-18 06:18:38,1,1,0,上课很棒，课程很水
154122,8042,林毓,2022-05-24 04:03:16,3,3,0,国际校区教务期末不安排复习周，结课的下一个周一就开始考试，八天两个pre九门final，老师就很善解人意地取消了当周的quiz和discussion。另外老师讲课很清楚，也会及时上传post- lecture
154368,8042,林毓,2022-05-31 07:26:56,3,3,0,讲句公道话，林老师讲的很不错，是你为数不多国际校区有水平的老师了吧。。。。
186021,8042,林毓,2024-01-07 20:57:50,2,2,0,老白学生慕名而来。遥遥领先！期末复习看的是这位老师的lecture note
190980,8042,林毓,2024-03-27 09:39:35,1,1,0,讲的很清楚，比别的老师
192491,8042,林毓,2024-05-22 02:30:36,1,1,0,MATH257教得挺好，作业不多，课堂笔记略微杂乱但还不错
137025,8084,刘佐珠,2021-06-29 13:39:30,11,13,2,学术水平高
152145,8084,刘佐珠,2022-03-29 00:30:41,0,5,5,我陈昊第一个不服
171085,8084,刘佐珠,2023-03-16 00:19:49,3,7,4,上课确实还行，但是能不能别让刘hw这个nt当TA？
173024,8084,刘佐珠,2023-05-11 11:41:10,4,4,0,佐珠哥哥超好，我超爱！！！！
173025,8084,刘佐珠,2023-05-11 11:42:12,2,2,0,哥哥讲课水平很好，quiz永远很简单。上哥哥的课，吃哥哥的饼，再也不用担心挨饿了。
173690,8084,刘佐珠,2023-06-01 12:20:26,1,1,0,人超好，讲课也好的老师，ZJUI为数不多的有实力的老师了
173871,8084,刘佐珠,2023-06-04 03:11:54,7,7,0,佐助，妈妈爱你
178847,8084,刘佐珠,2023-07-25 11:16:48,2,2,0,哥哥什么时候才能回我消息！
178848,8084,刘佐珠,2023-07-25 11:18:01,2,2,0,我胡天香实名打满分
180848,8084,刘佐珠,2023-09-27 06:48:10,5,5,0,在ZJUI终于碰到一个认真讲课，把学生当回事的称职老师了
205316,8084,刘佐珠,2024-12-04 09:00:55,1,1,0,超级负责!
205317,8084,刘佐珠,2024-12-04 09:01:06,1,1,0,非常好的老师
218866,8084,刘佐珠,2025-05-09 14:52:52,0,0,0,上课讲得很好，也很关心学生feedback，ZJUI本科课程中难得的清流
198605,8132,刘坚,2024-09-10 07:45:29,-1,2,3,牛逼
215166,8132,刘坚,2025-02-23 10:44:39,1,2,1,帅，坚哥，帅！
140237,8187,李香花,2021-09-06 11:54:42,2,3,1,很棒的老师！
181034,8242,Aaron Trent Irving,2023-10-05 23:34:51,2,2,0,作为课程CO但是极其不负责任！
207223,8242,Aaron Trent Irving,2024-12-20 02:15:04,0,0,0,上课签到紧盯着学生，tutorial一个个数人数，只能说mean的老白男是这样
219129,8242,Aaron Trent Irving,2025-05-22 04:17:29,0,0,0,课件是不发的，考试是不公平的，乱改分的。sb刻薄老白男
159922,9143,杨浩,2022-09-09 04:17:59,5,5,0,上课听不清楚 不过老师会热心解答问题
181859,9143,杨浩,2023-11-02 13:09:39,4,5,1,作业又多又难的要死，每周五还要quiz.
180530,9476,Wee-Liat Ong,2023-09-22 11:00:12,4,4,0,一伯昏
185258,9476,Wee-Liat Ong,2023-12-27 11:30:36,1,1,0,冬至的汤圆和饺子由伟烈请客
198949,9476,Wee-Liat Ong,2024-09-13 10:19:16,0,1,1,超级好超级好的宝藏老师，浅浅一伯分
204625,9476,Wee-Liat Ong,2024-11-27 06:09:47,0,0,0,超级棒的老师
181445,9519,方兆元,2023-10-18 02:30:23,4,5,1,讲得很亲切
181650,9519,方兆元,2023-10-25 08:25:13,5,6,1,very simple\n\nah？
190933,9519,方兆元,2024-03-25 02:18:01,0,4,4,肾虚就吃药
191569,9519,方兆元,2024-04-25 06:08:06,4,6,2,Good ah.\n\nAny additional comments?\n\nGood ah.
191635,9519,方兆元,2024-04-26 09:34:03,3,4,1,非常好老师，使我绩点升高
201134,9519,方兆元,2024-10-29 08:07:10,0,1,1,元神*^O^*
203245,9519,方兆元,2024-11-18 10:40:42,-1,0,1,很随意
213110,9519,方兆元,2025-01-16 04:14:23,0,0,0,赶你吗
184718,9528,李德纮,2023-12-22 09:58:44,27,31,4,（1）我有很多感悟（2）骂人不好 （3）我没啥想说的
198943,9528,李德纮,2024-09-13 08:53:48,22,26,4,垃圾人
198944,9528,李德纮,2024-09-13 09:20:47,18,19,1,光看毕业要求血压就上来了
198945,9528,李德纮,2024-09-13 09:42:03,13,13,0,98来的，似乎又是一个逆天导。等待一个调查结果。
198948,9528,李德纮,2024-09-14 06:22:42,9,9,0,98过来的，真的6
198957,9528,李德纮,2024-09-13 10:48:11,16,16,0,纯傻逼，过来捞钱的脑残，滚出中国
198959,9528,李德纮,2024-09-13 11:00:57,14,14,0,建议改名李纮
198965,9528,李德纮,2024-09-13 11:51:43,9,9,0,怎么有这么坏的人？？
198966,9528,李德纮,2024-09-13 11:52:33,7,7,0,？？？？？？？国家介入吧！
198973,9528,李德纮,2024-09-13 14:06:55,7,7,0,选导师要谨慎
198974,9528,李德纮,2024-09-13 14:16:23,6,6,0,我见识到了生物多样性
198975,9528,李德纮,2024-09-13 14:23:12,5,5,0,垃圾人。
198978,9528,李德纮,2024-09-14 01:56:09,8,8,0,啥比渣导四圈＋
198979,9528,李德纮,2024-09-13 14:43:36,6,6,0,勾石一样的东西，纯畜生
198989,9528,李德纮,2024-09-13 16:09:47,5,5,0,滚出浙大吧，仗着自己有个什么头衔就压榨学生
198990,9528,李德纮,2024-09-14 00:46:11,6,6,0,打卡98逆天老师，蹲一个
198993,9528,李德纮,2024-09-13 16:40:13,7,7,0,看到这么多人骂你我就放心了
198995,9528,李德纮,2024-09-13 20:44:57,15,15,0,Oh my， forgive the dog; for he does not know what he's doing， since and hence he is a dog.
199072,9528,李德纮,2024-09-15 10:22:38,3,3,0,......
199076,9528,李德纮,2024-09-15 14:46:52,6,6,0,自己那么多的工程质量保证不了，还敢乱喷我国的工程，还以自己从质量问题工程中能摆脱责任为荣？狗汉奸撕个马
201561,9528,李德纮,2024-11-04 10:52:31,2,2,0,中正爷爷
203959,9528,李德纮,2024-11-22 08:39:25,-4,3,7,可惜穷学生们也就只能网上叫叫了，撼动不了人地位一分，人家可是你浙请来的大牛，破了吗>_<嘻嘻
204338,9528,李德纮,2024-11-25 10:04:00,2,2,0,呵呵呵
204339,9528,李德纮,2024-11-25 10:05:03,13,13,0,上个ENGR100还这么多事
204356,9528,李德纮,2024-11-25 11:42:00,8,8,0,拖堂一小时真是无敌了
205046,9528,李德纮,2024-11-30 08:27:46,8,8,0,李红，逆天，做一个PPT，夸自己快两个小时，真tmd糖丸了
205728,9528,李德纮,2024-12-11 13:09:50,6,6,0,I have many achievement……(half an hour passed)
208747,9528,李德纮,2025-01-01 09:40:52,2,2,0,懒得喷
208754,9528,李德纮,2025-01-01 10:20:11,3,3,0,光说讲课吧，你讲的课有一点用吗？50分钟的课讲两小时自己光辉事迹，谁要听啊？还不让人坐后排，不让人用电子产品，你看这是大学吗？
179260,9534,刁瑞盛,2023-09-04 15:13:04,10,10,0,老师人超好，365的quiz可以开卷
179478,9534,刁瑞盛,2023-09-17 02:30:04,7,8,1,刁老师人超级好
192580,9534,刁瑞盛,2024-05-24 08:51:23,0,1,1,非常好！
208787,9534,刁瑞盛,2025-01-02 02:40:41,0,0,0,y y d s
208788,9534,刁瑞盛,2025-01-02 02:47:07,0,0,0,人挺好
208794,9534,刁瑞盛,2025-01-02 04:14:11,1,1,0,世界第一好。
208862,9534,刁瑞盛,2025-01-02 15:40:54,1,1,0,世界第一好老师\n\nphys212完虐钱超
219395,9534,刁瑞盛,2025-05-26 10:29:25,0,0,0,老师能捞一捞我的476吗
168343,9581,Kemal Celebi,2023-02-13 02:11:59,-6,3,9,👨‍💻
170940,9581,Kemal Celebi,2023-03-13 03:05:58,9,11,2,内购有点多
185804,9581,Kemal Celebi,2024-01-04 12:54:23,3,5,2,上完penkov的212以后觉得克拉咪教授真的是天使，回来给211打10分了
185818,9581,Kemal Celebi,2024-01-04 15:10:21,4,6,2,Best Turkish  professor compared to Worst Ukraine Penkov🤮
185964,9581,Kemal Celebi,2024-01-06 15:55:59,2,3,1,比212拟人多了
193299,9581,Kemal Celebi,2024-06-06 04:20:19,6,6,0,Final 出卷及其“友好”. KC黑化非常彻底
193398,9581,Kemal Celebi,2024-06-09 10:11:24,7,7,0,期中三次考试满分442扣了一共4分，\n\n期末满分231一次考试扣了60分，直接A-，根本救不回来。\n\n期末出的题跟平时学的相距甚远，\n\n作业根本不用做，做了也不会考试题，\n\n没有过程分，一点都捞不了，真的服了
193399,9581,Kemal Celebi,2024-06-09 10:13:55,6,6,0,这b期末没过程分考nm呢
219880,9581,Kemal Celebi,2025-06-09 15:07:28,1,1,0,老师今年似乎有改进，说是final大部分人都比前面的考试低了6%，比较合理，容错率还好，给好评
207225,9612,孟令锋,2024-12-20 02:18:25,0,0,0,幸好HDRC3B这门课取消了，作为CO极其不负责任！学生认为打分不合理邮件回复夸赞report本身不错，学生想重改分数直接回复report写的苍白空洞。。。真会变脸
185242,9617,石烨,2023-12-27 08:32:15,8,10,2,伟大，无需多言\n\n优秀班导
212793,9617,石烨,2025-01-15 02:32:10,0,0,0,非常好的老师，上课认真，交流完全没有架子
214917,9617,石烨,2025-02-19 05:42:10,0,0,0,神中神
217281,9617,石烨,2025-04-07 11:35:24,0,0,0,国内DEA第一人
180691,9637,邱麟,2023-09-25 02:22:02,11,11,0,666
181086,9637,邱麟,2023-10-08 01:44:49,2,4,2,上课只会念课件，讲的极快，声音很小根本听不清，很崩溃
181134,9637,邱麟,2023-10-09 15:11:18,4,4,0,上的还是可以的
181632,9637,邱麟,2023-10-25 02:32:35,12,12,0,跟别的老师比还是个好老师的
181736,9637,邱麟,2023-10-30 10:27:32,18,18,0,你去问他题他还是会很认真的跟你讲清楚的
184275,9637,邱麟,2023-12-15 02:30:47,0,7,7,不是哥们，你这考试考谁呢？真以为我们一个个都是**啊？真给你整破防了，给你十一星，这一个是overflow的
184276,9637,邱麟,2023-12-15 04:10:34,1,1,0,非常可以
184278,9637,邱麟,2023-12-15 05:52:42,8,15,7,学不会120我只能说你太菜，邱老师讲的这么好，怎么还有人说他。
184381,9637,邱麟,2023-12-18 12:13:10,1,1,0,只能说还行
184405,9637,邱麟,2023-12-19 03:31:51,1,1,0,难评。
186326,9637,邱麟,2024-01-10 13:43:24,5,5,0,patience
190583,9637,邱麟,2024-03-10 09:01:47,5,5,0,u1s1，还挺认真负责的
191201,9637,邱麟,2024-04-11 16:24:51,5,5,0,I was struggling with most of my courses. But Qiulin ~\n\nHe makes the class so easy to follow!!!
192492,9637,邱麟,2024-05-22 02:35:44,6,6,0,和蔼可亲，会答疑，在ECE120被Lumetta塞了这么多内容的情况下还能讲得很好，算是良心老师了
201146,9637,邱麟,2024-10-29 10:17:29,4,4,0,第一次评价，老师人很好，上的469，特别耐心，很好说话，也经常交流，good满分
209554,9666,Yasutaka Narazaki,2025-01-06 08:44:50,2,2,0,大四专业课的一股清流，他的课是真能听进去。\n\nfinal或者midterm平均分低了就开根号乘10，要不然再送你几分。要不是有raw score，只看final exam成绩我还以为我学的多好哈哈哈
181035,9760,James Qun Wang,2023-10-05 23:35:32,15,16,1,淦腻码，二流子
199191,9760,James Qun Wang,2024-09-19 02:04:48,9,9,0,点赞助力james老师被卡车撞
199275,9760,James Qun Wang,2024-09-20 08:43:17,7,7,0,淦尼个杀岔，早私早造福人间
200741,9760,James Qun Wang,2024-10-21 21:59:05,8,8,0,吃大份去吧
206179,9760,James Qun Wang,2024-12-13 07:14:09,5,6,1,脑子被袋鼠踢了
207221,9760,James Qun Wang,2024-12-20 02:11:44,8,8,0,pre和essay打分是mean的要死的，实验室是彻底停止运作的，待了一年就准备跑路结果无处可去的，Y4 research project是想方设法地阻挠学生的，从PI到学生没人喜欢他的，真可谓人神共愤天地共诛之。外籍身份赚中国人的钱，全家出门都被卡车撞！
215604,9760,James Qun Wang,2025-03-02 12:09:13,5,5,0,他为什么还可以留在ZJE的？不是没能力，不是蠢，就是纯粹的坏。。
216618,9760,James Qun Wang,2025-03-19 09:28:25,-2,1,3,给老师颜值打1分，其他0分。综上，共1分。
217174,9760,James Qun Wang,2025-04-03 06:02:24,7,7,0,奶龙人间体，锤头鲨再世，十分罕见的品种
218399,9760,James Qun Wang,2025-04-23 07:10:28,2,2,0,call 1 报警把JW抓起来\n\n1分是因为屁总妈妈好看
218402,9760,James Qun Wang,2025-04-23 07:16:25,1,1,0,老师的国标舞可以打2分\n\n上的课程难以评价
182305,9814,Pavel Loskot,2023-11-14 10:04:41,17,17,0,原来会C的，听了ECE220读PPT后一点不会了
182632,9814,Pavel Loskot,2023-11-18 15:07:54,-17,1,18,220教的挺用心的
185012,9814,Pavel Loskot,2023-12-25 15:01:03,5,5,0,口语差，听不懂。220能逃都逃了
186456,9814,Pavel Loskot,2024-01-11 08:04:28,4,4,0,FA23学的ECE220，私认为讲课讲的实在太快了，workload巨大，许多学生无法跟上最后直接摆烂了
186507,9814,Pavel Loskot,2024-01-11 11:41:25,3,3,0,够使一坨
192489,9814,Pavel Loskot,2024-05-22 02:19:05,3,3,0,Lumetta做的PPT其实挺好的，然而PL的讲课效果感觉完全对不起Lumetta先生的付出。连Lumetta先生都听不懂PL的口音（从与Lumetta远程连线时得知），而且PL讲解既不清晰，也不生动\n\n\n\n至于220内容多，工作量大，进度过快，我觉得没法怪PL，课程设计应该主要还是Lumetta负责的
205722,9814,Pavel Loskot,2024-12-11 12:21:02,1,1,0,上课一般。但回邮件很快，值得跟着科研，很负责，填推荐信也很快。
216394,9814,Pavel Loskot,2025-03-15 10:56:36,0,0,0,滚去生长激素生物去，别来讲ECE课害人
216551,9814,Pavel Loskot,2025-03-18 08:41:15,1,1,0,疑似ai
216589,9814,Pavel Loskot,2025-03-19 02:13:49,0,0,0,Lumetta都听不懂他讲的什么\n\n这还是英语吗
207229,9827,邱维维,2024-12-20 02:27:06,0,0,0,明确规定lab不能养老鼠只能鼠房养，侥幸心理但被连续抓到两次，实验室叫停了这下老实了。课题组资源极其倾斜大家怨声载道，现在好了解散了基本都转导了。。。
197622,10273,马涵之,2024-07-22 18:31:36,2,9,7,good
197624,10273,马涵之,2024-07-22 18:37:40,1,6,5,Very good
214969,10273,马涵之,2025-02-19 14:07:54,0,5,5,very bad!!
215447,10273,马涵之,2025-02-26 07:24:00,0,2,2,too bad
215552,10273,马涵之,2025-02-28 06:32:52,1,1,0,too good！
215554,10273,马涵之,2025-02-28 06:43:16,3,4,1,wonderful
215557,10273,马涵之,2025-02-28 06:58:30,0,0,0,excellent！
215596,10273,马涵之,2025-03-02 10:42:29,2,2,0,beautiful
216588,10273,马涵之,2025-03-19 02:12:23,1,1,0,不是哥们怎么评论全是英文
216776,10273,马涵之,2025-03-25 04:15:56,1,1,0,考试出的难拿不到高分讲得也不咋地还对学生不好
216777,10273,马涵之,2025-03-25 04:16:17,1,1,0,考试考的sample没有，作业没有 就等着考试恶心人
216830,10273,马涵之,2025-03-26 07:46:39,0,0,0,老师对待教学挺认真的
217849,10273,马涵之,2025-04-17 07:13:00,3,3,0,马姐姐好好看😍😍😍
197862,10281,金银花,2024-08-16 15:28:35,1,1,0,金老师真的是特别好的老师 觉得老师讲课调理特别清晰 也很有前沿性 脾气也超级好 特别有耐心 喜欢金老师
198875,10322,迟颖,2024-09-12 10:23:09,2,2,0,人非常好的老师，喜欢
198522,10380,孟祥明,2024-09-09 11:52:41,2,11,9,绝对的好老师，很有实力，友善哭了
199128,10380,孟祥明,2024-09-18 03:58:24,1,10,9,最屎的
199952,10380,孟祥明,2024-10-09 10:04:27,-4,2,6,讲的挺好的
202748,10380,孟祥明,2024-11-14 06:46:28,0,4,4,挺好的，上课讲的基本明白，有时也会提供一些思维方法上的指导，还会偶尔和学生互动
214840,10380,孟祥明,2025-02-18 07:36:36,3,5,2,上课根本讲不出东西，照本宣科，看出勤率就知道什么水平了
217204,10380,孟祥明,2025-04-04 07:14:38,0,2,2,人好，讲课详细
219650,10380,孟祥明,2025-06-03 08:03:13,2,2,0,公式表上一定要有公式，但有什么公式你别管
219699,10380,孟祥明,2025-06-04 09:36:45,2,2,0,难完了
219700,10380,孟祥明,2025-06-04 09:38:43,2,2,0,考试太难了
219705,10380,孟祥明,2025-06-04 10:55:42,1,1,0,我爱孟老师
219869,10380,孟祥明,2025-06-09 09:55:53,0,0,0,孟圣是对的
222071,10380,孟祥明,2025-06-29 11:20:32,0,0,0,人不错，考试和作业题目挺有趣的，虽然有些难度。\n\n确实能看出来讲课想讲一些新东西，但是有些难懂，课程节奏上也感觉后面有些赶了\n\n但是期末最后curve了，总之拿个A还是不难的
200776,10485,陈飘,2024-10-22 07:27:16,1,1,0,赞，飘哥永远的神！
213793,10485,陈飘,2025-01-20 03:01:52,0,0,0,上得国际化课程，感觉还行
201034,10553,俞鑫波,2024-10-27 14:07:14,-1,0,1,好老师！！
203655,10572,谌骅,2024-11-20 10:38:38,7,7,0,ZJUI为数不多搞机器人的老师之一
207347,10572,谌骅,2024-12-20 17:55:14,5,5,0,比较好沟通
216998,10572,谌骅,2025-03-31 07:02:03,3,3,0,非常好的老师，上课非常耐心，非常好沟通
219653,10732,侯庆春,2025-06-03 09:44:57,0,1,1,celebrate_spring
219900,10732,侯庆春,2025-06-10 14:45:04,1,1,0,老师人很好，教的东西很有用也比较前沿，考试也不会为难学生
221055,10732,侯庆春,2025-06-21 04:56:09,0,0,0,老师上课很认真，对学生也很好，期末考试不难，课程项目做的是时序预测，对我熟悉ai模型结构起到了很大的作用。期末还有小礼物发放。
205044,10733,Robert Holmes,2024-11-30 08:25:30,1,5,4,压分，见不得学生一点好，鼻子还是歪的，一看就不是什么好人
207201,10733,Robert Holmes,2024-12-19 17:50:18,2,2,0,How
214901,10733,Robert Holmes,2025-02-19 03:45:51,1,3,2,压分，口语考试随意打断学生的speech
215968,10733,Robert Holmes,2025-03-08 10:51:42,4,4,0,给分特别高，刀子嘴豆腐心
216520,10733,Robert Holmes,2025-03-18 02:53:38,3,3,0,刀子嘴豆腐心，给分不错
216587,10733,Robert Holmes,2025-03-19 02:10:44,1,1,0,其实还不错
219119,10733,Robert Holmes,2025-05-22 01:39:45,1,1,0,"其实有一说一，人还是很好的。初见让人印象比较差是因为他确实嘴比较刁，但是熟悉了以后你会发现他其实刁难你的时候都是在跟你开玩笑，有的时候他会""针对""你是因为你没听懂他说的什么然后带在原地不知所措，这个时候他就会比较抓狂。但是听懂他开的玩笑后你就会觉得他确实是一个非常有趣的老师。作业非常水而且说起来很严格的很多标准他都是吓吓你的，比如期末作业周日晚上截止，他会跟你说迟交了没你好果汁吃，但是其实只要在他检查前你交了就不会有事。对迟到也不怎么在乎最多进来的时候跟你笑一下。有些人直接缺课了他也没说什么。总结一句话。刀子嘴豆腐心。打八分因为确实有些人没法适应他的相处模式，不过那确实是很少数。"
