评论id,老师id,老师姓名,发表时间,点赞减去点踩数量,点赞量,点踩量,内容
3223,3417,杨卫,2015-05-21 09:26:16,82,87,5,没听过他的课，就是怀念杨萌萌＠_＠
3248,3417,杨卫,2015-05-23 09:33:15,14,17,3,好！
3534,3417,杨卫,2015-06-17 01:29:26,25,26,1,杨萌萌不能更萌啦
4241,3417,杨卫,2019-01-05 10:06:12,-117,12,129,不咋地
6136,3417,杨卫,2019-09-21 03:14:53,-56,5,61,呵呵呵
32787,3417,杨卫,2016-07-13 16:53:03,38,40,2,比林sir高到不知道哪里去了\n\n杨sir喜欢次风味米线，，，不过现在米线也没了
43514,3417,杨卫,2017-01-16 12:01:26,56,56,0,13级一进来就是林建华，从学长学姐口中得知比林建华不知道高到哪里去了
57724,3417,杨卫,2017-07-13 04:12:52,11,12,1,很好的
58709,3417,杨卫,2017-09-15 10:05:59,10,13,3,怀念。
86605,3417,杨卫,2018-09-17 12:21:24,7,8,1,人超和蔼
86608,3417,杨卫,2018-09-17 12:29:53,42,47,5,18级新生，开学第一天就十分幸运地听到前任校长的课Yaaa\n\n力学导论十分有趣，上课风趣，认真听讲收获良多
89472,3417,杨卫,2018-11-19 08:54:14,38,38,0,真的太可爱啦！不愧是杨萌萌！本来选了《力学导论》，以为他只会过来露个脸，没有想到真的给我们上了两节课，说句实在话，我作为一个文科生，没有办法深入了解力学和物理了，但是老校长真的讲的很深入浅出，作为科普也非常严谨，还很认真和蔼地回答同学们的问题！最后，再次感谢杨院士和赵教授，能上这门课的我真是太幸运了。
90221,3417,杨卫,2018-11-22 13:51:47,9,9,0,老师超和蔼，只是讲的太前沿了，有些听不懂_(:з」∠)_但收获很多
93504,3417,杨卫,2019-01-10 06:16:27,5,6,1,杨卫院士真的很强了
115807,3417,杨卫,2019-08-20 11:29:18,3,3,0,不太清楚，感觉挺好
116368,3417,杨卫,2019-09-09 23:08:22,4,4,0,超好玩的老爷爷?
116650,3417,杨卫,2019-09-12 07:59:41,4,5,1,18级开学第一天上了他的晚课，说话很接地气。
117375,3417,杨卫,2019-09-23 12:54:08,4,5,1,杨老师真的一点架子都没有，力学导论超好！
117427,3417,杨卫,2019-09-24 07:08:14,5,6,1,杨萌萌讲得特别细 ppt做的很精美 各种国内外论文摘选 笔记记得很多 但是吧... 怪我这个大一萌新学识太过浅陋 真的是对牛弹琴（逃 这个全是我的错（逃
119832,3417,杨卫,2019-11-16 03:30:22,9,9,0,19级力学系新生，上的力学导论，绩点4.5了，杨院士真是我心中的巨人！来分享一下感受，被杨老的个人魅力折服一个学期5次课，杨老一下子连上了3次课（每次课近两个半小时）作为大牛，完全没有一点架子，上课幽默风趣，还经常和同学们开开玩笑。课程内容也很丰富（硬核），讲的是力学的过去、力学的今日、力学的未来，讲过去的时候主要是讲生动幽默的历史故事，后面两次有很多前沿科技的介绍，一次次地刷新着世界观，无论是学文学理还是学工的同学都能收获颇丰。至于给分的话，不是杨老给的，是另外一位赵老师，平时不点名，给分全看论文，但说实话这论文不需要太学术，只要脑洞大开，独立思考，按时提交就行了，真心推荐对前沿科技有兴趣的大一新生选这门课
120451,3417,杨卫,2019-12-08 11:56:34,2,2,0,可以哦
121606,3417,杨卫,2019-12-12 08:50:46,-36,2,38,大教室上课不点名。可去可不去。给分全靠两篇论文。文科生表示，水了两篇论文，4.5。不知道谁被正态了
122752,3417,杨卫,2020-03-30 16:27:30,18,19,1,杨卫院士的能力毋庸置疑，不过他丢下浙大力学系跑啦！
123615,3417,杨卫,2020-06-10 13:45:07,2,2,0,大爱。很和蔼的老师
127321,3417,杨卫,2020-11-20 04:49:57,5,5,0,他的光辉历史代代相传
127588,3417,杨卫,2020-11-24 23:37:34,2,5,3,老师知识很渊博，经历丰富，但讲真，有点无聊，不过力学导论给分很高
127604,3417,杨卫,2020-11-25 02:50:10,3,4,1,老师人很棒，学识渊博
129454,3417,杨卫,2021-01-05 13:53:21,13,15,2,上学期选了力学导论，给分很不错，最后4.5\n\n两位老师只能用渊博形容，一路不是很认真地听下来，能了解到相当多知识，远远不止固有印象里的力学\n\n可以很水，GPS签到，作业一篇论文和期末网上的自主测试，后者30min内完成，不容易百度，所以还是过一遍ppt\n\n每年论文题目都在根据同学的意见改进\n\n总之，水，分高，老师人很好，轻松
132046,3417,杨卫,2021-01-30 04:12:57,30,31,1,十分尊敬杨老校长，力学导论前四节课，让我听了四次大牛院士作报告，全是前沿的理论与技术，还透露浙大许多科研团队的秘密，培养新生的科学精神。有许多我十分感兴趣的方向，努力吧。我个人觉得，理工科新生选这门课不要犹豫，认真听，可以把这门课当成发展的起点。
141503,3417,杨卫,2021-10-12 10:27:40,5,6,1,大家之风
142864,3417,杨卫,2021-11-17 03:25:56,28,28,0,超级无敌喜欢杨卫院士。第一节课开始还觉得无聊，后面越听越能感受到大牛的厉害，真的是大家之风，并且一点架子也没有，不会装。 杨卫院士只上四节课真的好少啊啊啊，每节课相当于一次院士讲座感觉自己真的赚翻了欸，经常是杨卫院士早上在外地然后中午飞回来晚上给我们讲课，真的很敬佩！respect！选力学导论！
142875,3417,杨卫,2021-11-17 04:34:12,21,21,0,给杨卫院士打call！！！对于这么一门面向新生的通识课，可以想象其内容对于院士这样的大牛是多么无聊。抽出好多时间给我们上课，甚至坐飞机赶回来上课，太了不起了。\n\n祝杨院士搞出更多科研成果，航院越办越好！
151477,3417,杨卫,2022-03-04 07:13:05,4,5,1,超级大牛
178455,3417,杨卫,2023-07-12 03:14:07,8,9,1,第27任校长处打卡
182967,3417,杨卫,2023-11-21 08:46:09,6,6,0,狠狠很喜欢杨院士，我本身就是工程力学专业的，啊啊啊啊啊真的好喜欢院士上课的感觉嘿嘿嘿，温柔又有亲和力的前前任同专业校长院士谁能不爱！！！！都去上力学导论啊啊啊啊啊，事少分高！！！
190091,3417,杨卫,2024-02-20 12:42:23,3,3,0,好校长
200359,3417,杨卫,2024-10-16 08:01:48,73,73,0,某人真的应该向杨卫校长学习一下，虽然是外校调入，但对浙大投入真感情、付出真心血，一心一意、尽职尽责，基金委主任任期结束后也选择回到浙大而非清华，浙大学生和校友自然也看在眼里，真心敬佩。某人如果一直三心二意、延误浙大发展，恐怕将会留在历史的耻辱柱上，毕竟海内外有60万浙大校友。
203835,3417,杨卫,2024-11-21 11:40:28,22,22,0,杜江峰建议你学习一下
206227,3417,杨卫,2024-12-13 09:36:03,4,4,0,真正为学生考虑的好老师，好校长。
210544,3417,杨卫,2025-01-09 10:38:51,18,18,0,真正的好校长，升任基金委主任以后给浙大很多关照（这是浙大的，本子差一点我也批了吧），所以浙大经费才能排全国第二，所以才有后来吴朝晖到处建大楼到处挖人（没钱怎么搞）。虽然不像某人那么喜欢作秀，但是桃李不言，下自成蹊，大家都是看在眼里的
218284,3417,杨卫,2025-04-22 10:55:09,1,1,0,好!HAO
2686,3418,竺可桢,2018-10-24 15:26:51,315,343,28,超喜欢校长的课～
2834,3418,竺可桢,2015-05-08 12:14:45,-234,33,267,混，混混。
3245,3418,竺可桢,2015-05-23 09:32:03,31,32,1,好！
3315,3418,竺可桢,2015-05-31 06:53:42,-1,12,13,感谢党
3459,3418,竺可桢,2019-05-08 08:29:28,5268,5752,484,每天上课只问两个问题
3464,3418,竺可桢,2019-01-04 13:14:44,1861,1983,122,上课真的只问两个问题
3467,3418,竺可桢,2019-01-04 10:41:24,167,187,20,两个问题你们能回答了嘛？
3474,3418,竺可桢,2015-06-16 09:11:35,94,103,9,超喜欢他的气象学概论
3493,3418,竺可桢,2015-06-16 15:09:32,70,85,15,给分还不错，就是有课堂测试
3499,3418,竺可桢,2020-02-20 05:14:20,1340,1402,62,只考两个主观题，而且考之前就把题目告诉我们
3554,3418,竺可桢,2015-06-17 07:00:01,12,17,5,嗯 很不错
3555,3418,竺可桢,2015-06-18 15:06:02,30,35,5,很棒的老师。
3566,3418,竺可桢,2019-04-02 02:14:04,186,197,11,上了四年课（≧∇≦）
3598,3418,竺可桢,2015-06-17 01:46:46,-74,8,82,爽
3611,3418,竺可桢,2015-06-17 01:48:44,25,36,11,一上课就问问题，一问就问两个。\n\n
3615,3418,竺可桢,2015-06-17 01:50:15,-164,13,177,期末考试只要写三个混
3631,3418,竺可桢,2018-12-08 23:49:22,1436,1498,62,好喜欢听校长的气象学，每天经过月牙楼我都会和校长打招呼。
3654,3418,竺可桢,2016-09-13 01:21:39,139,152,13,竺老校长每堂课都会问我两个问题
3660,3418,竺可桢,2015-06-17 02:04:44,2,5,3,令人深思~
3662,3418,竺可桢,2015-06-17 02:05:50,10,16,6,很深奥  只要弄懂俩问题就OK了
3678,3418,竺可桢,2018-11-26 05:40:52,737,766,29,有两道题 超难 慎重
3693,3418,竺可桢,2015-06-17 02:20:09,0,1,1,好玩
3709,3418,竺可桢,2015-06-17 02:36:59,1,2,1,很棒！
3723,3418,竺可桢,2015-06-17 08:55:33,2,4,2,两个问题！
3757,3418,竺可桢,2015-06-17 03:25:38,3,6,3,爱校长
3772,3418,竺可桢,2015-06-17 03:56:20,26,29,3,竺老师超棒超棒
3782,3418,竺可桢,2018-10-30 14:32:55,336,347,11,两个问题的考试五年才过也是醉了……有的人是四年还有人六年
3795,3418,竺可桢,2015-06-25 09:44:29,8,15,7,炒鸡棒的老师～
3927,3418,竺可桢,2015-06-17 09:10:42,6,9,3,两个问题想四年
3976,3418,竺可桢,2015-06-17 11:38:24,116,123,7,竺老总爱在风中凌乱。。
3989,3418,竺可桢,2017-08-30 11:32:54,327,340,13,好好回答两个问题，轻松4.5+
4118,3418,竺可桢,2015-06-18 00:19:33,33,36,3,竺老师可亲切了
4187,3418,竺可桢,2015-06-18 03:36:58,-5,8,13,很好，虽然每天上课都点名/微笑
4198,3418,竺可桢,2015-06-18 04:28:35,1,3,2,炒鸡棒
4201,3418,竺可桢,2015-06-18 05:12:03,63,70,7,天气预报比电视台的准多了
4239,3418,竺可桢,2015-06-18 08:44:23,7,11,4,长得帅
4279,3418,竺可桢,2015-06-18 13:58:12,82,88,6,公忠坚毅，担当大任
4283,3418,竺可桢,2015-06-18 14:25:49,1,3,2,不错
4346,3418,竺可桢,2015-06-19 08:05:08,-4,4,8,每每思考老师的问题的时候都想high
4370,3418,竺可桢,2015-06-19 14:57:04,9,10,1,从第一节课就会知道考试内容。
4386,3418,竺可桢,2015-06-21 02:24:03,4,7,3,逼格略高…不过有时听不太懂…公忠坚毅…转移国运
4404,3418,竺可桢,2015-06-21 15:31:31,72,79,7,特别好！考试只问两个问题，不过很深奥，有的人觉得很难，有的人觉得很简单。
4435,3418,竺可桢,2015-06-23 03:10:41,0,0,0,还馈遗\n\n
4465,3418,竺可桢,2015-07-12 16:20:23,0,1,1,你说呢
4585,3418,竺可桢,2015-06-24 16:40:50,0,0,0,绝对好
4599,3418,竺可桢,2015-06-25 02:10:19,117,125,8,每晚在南华园上课也是棒棒哒
4602,3418,竺可桢,2015-06-25 02:51:53,1,2,1,崇拜。\n\n来源于理性的崇拜。
4639,3418,竺可桢,2015-06-25 10:09:46,148,164,16,做梦梦到：全英文授课，我没有带书，把窝骂了！记得是竺校长却是林建华的脸。
4782,3418,竺可桢,2015-06-29 00:10:08,1,1,0,两个问题想了我一学期
4849,3418,竺可桢,2015-06-29 16:16:29,4,5,1,好
5038,3418,竺可桢,2015-07-02 11:49:04,0,0,0,气象学特别棒
6063,3418,竺可桢,2015-07-10 14:43:16,274,284,10,月牙楼小剧场处风雨不动的男神
6292,3418,竺可桢,2015-07-12 19:26:41,0,0,0,非常棒！就2个问题！\n\n
6558,3418,竺可桢,2015-07-15 07:34:30,0,0,0,好老师
6623,3418,竺可桢,2017-01-14 06:42:50,1006,1071,65,据说考的好的学生会被他带走单独教育(●—●)
6958,3418,竺可桢,2015-08-23 09:01:20,5,7,2,太棒了 老校长
6975,3418,竺可桢,2015-08-23 11:17:21,13,16,3,被点到过名
6984,3418,竺可桢,2015-08-23 15:39:10,7,9,2,棒棒哒
6986,3418,竺可桢,2015-08-23 17:56:07,0,3,3,非常深刻
6988,3418,竺可桢,2015-09-15 09:44:30,2,6,4,好棒的感觉
6989,3418,竺可桢,2015-09-11 02:11:07,-114,5,119,呵呵呵呵呵呵呵呵呵呵呵呵呵呵
6995,3418,竺可桢,2015-08-24 14:17:47,4,6,2,很享受啊，老校长
7019,3418,竺可桢,2015-08-28 11:47:27,7,10,3,真的只有两个问题
7028,3418,竺可桢,2015-08-31 00:41:55,53,62,9,四年听下来，根本不想毕业。
7099,3418,竺可桢,2015-09-02 03:39:23,0,0,0,最有深度的哲学老师
7176,3418,竺可桢,2019-01-05 07:03:44,1116,1159,43,开学前就会考试，只有两道题，不好好答校长就会控制军训天气
7190,3418,竺可桢,2015-09-10 07:40:04,5,7,2,帅
7289,3418,竺可桢,2015-09-13 03:18:14,0,0,0,两个问题难了我们许多年 让我们在人生路上砥砺前行
7306,3418,竺可桢,2015-09-13 09:53:46,0,0,0,好
7308,3418,竺可桢,2015-09-13 10:26:18,1,1,0,好
7315,3418,竺可桢,2015-09-13 11:31:12,0,0,0,上课只问两个问题
7320,3418,竺可桢,2015-09-13 12:20:06,0,1,1,经常和他吃饭
7324,3418,竺可桢,2015-09-13 13:55:35,0,0,0,上课俩问题
7325,3418,竺可桢,2015-09-13 14:05:40,-5,1,6,没有听过
7395,3418,竺可桢,2015-09-14 07:07:50,0,0,0,两个问题
7396,3418,竺可桢,2015-09-14 07:12:04,21,23,2,校长讲课贼棒！给分绝对厚道！
7410,3418,竺可桢,2015-09-14 08:41:35,1,1,0,好，不错
7428,3418,竺可桢,2015-09-14 10:50:50,8,9,1,好玩。就是题目比较难
7435,3418,竺可桢,2015-09-14 11:19:08,3,6,3,爽
7443,3418,竺可桢,2015-09-14 11:42:22,2,4,2,很少提问
7446,3418,竺可桢,2015-09-14 11:53:36,8,9,1,好亲切的
7462,3418,竺可桢,2015-09-14 13:15:17,0,2,2,赞！
7469,3418,竺可桢,2015-09-14 14:14:41,0,0,0,最爱老师了
7477,3418,竺可桢,2015-09-15 10:00:08,0,0,0,厉害的
7486,3418,竺可桢,2015-09-14 22:47:44,9,12,3,老师上课只问两个问题(〜￣▽￣)〜给分也很好～
7498,3418,竺可桢,2015-09-15 00:18:53,73,76,3,明明是教气象学，上课却总是讨论哲学问题
7505,3418,竺可桢,2015-09-15 00:54:55,0,0,0,两个问题好难回答
7513,3418,竺可桢,2015-09-15 01:26:46,0,0,0,考试两个问题确实很难
7519,3418,竺可桢,2015-09-15 01:42:09,0,0,0,很好
7551,3418,竺可桢,2015-09-15 03:27:22,0,0,0,不知疲倦地重复着我们烂熟于心的问题，但是人超好的！    喜欢他的气象学。
7567,3418,竺可桢,2015-12-01 08:41:24,5,7,2,相当好
7602,3418,竺可桢,2015-09-15 06:24:51,0,0,0,很不错
7619,3418,竺可桢,2015-09-15 06:39:09,0,0,0,两个问题想了好几年～
7627,3418,竺可桢,2015-09-15 06:50:17,17,20,3,校长的课很棒，虽然两个问题还是不会
7653,3418,竺可桢,2015-09-15 07:36:15,0,0,0,哈哈哈
7682,3418,竺可桢,2015-09-15 08:37:31,23,26,3,每次回答不好两个问题都会给我们的绩点深深一击
7685,3418,竺可桢,2015-09-15 08:55:22,13,15,2,有气质，长得帅
7698,3418,竺可桢,2015-09-15 09:58:32,0,1,1,棒棒的
7700,3418,竺可桢,2015-09-15 10:02:34,0,0,0,好好好
7709,3418,竺可桢,2015-09-15 10:24:23,1,1,0,四年只问两个问题，上课超棒
7713,3418,竺可桢,2015-09-15 10:29:47,0,0,0,只有第一节课会问两个问题，之后上课都是自习想问题，很不错
7725,3418,竺可桢,2015-09-15 10:52:36,1,1,0,每天只问两个问题，超好
7742,3418,竺可桢,2015-09-15 11:21:53,0,0,0,喜欢问俩问题\n\n
7760,3418,竺可桢,2015-09-17 00:09:58,14,19,5,有种穿越的快感……被点到名时一身冷汗…两个问题…\n\n
7796,3418,竺可桢,2015-11-18 02:26:52,0,0,0,好老师。
7880,3418,竺可桢,2015-09-16 02:18:27,0,2,2,喜欢听校长的课\n\n
7899,3418,竺可桢,2015-09-16 04:38:47,0,3,3,就两个问题
7923,3418,竺可桢,2015-09-16 06:57:02,0,0,0,好老师
7951,3418,竺可桢,2015-09-16 07:52:59,0,0,0,好厉害。
7954,3418,竺可桢,2015-09-22 06:58:49,0,0,0,军训天气很好。。。
7959,3418,竺可桢,2015-09-16 08:40:28,10,11,1,好老师，气象学讲的很生动
7961,3418,竺可桢,2015-09-16 08:46:23,0,0,0,真的只有两个题。。。
7977,3418,竺可桢,2019-08-30 22:34:42,3105,3470,365,绝对是好老师好校长，我62年的时候听他的课，讲的真心赞，他真的很用心在讲课，非常和蔼可亲，课后还常常留在教室给同学们答疑，我代表所有浙大的学子感谢竺老师。
8018,3418,竺可桢,2015-09-16 13:26:57,0,0,0,棒棒哒，听了四年课收获很大
8019,3418,竺可桢,2015-09-16 13:27:58,6,10,4,讲课非常细致有耐心 两个问题讲四年 考试也只是考这两个问题  每天必须去月牙楼找他签到
8021,3418,竺可桢,2015-09-16 13:47:26,-15,0,15,这个feel倍儿爽
8033,3418,竺可桢,2015-09-16 15:11:06,396,408,12,每天都看见他帮蟹老板招揽生意
8036,3418,竺可桢,2015-09-16 15:25:44,0,0,0,每节课只有两个问题，考试也只有两个问题，好喜欢老师的气象学
8077,3418,竺可桢,2015-09-17 02:15:33,2,2,0,老师人超好，期末考只有两道题，给分大方
8088,3418,竺可桢,2015-09-17 02:50:17,1,3,2,两个问题，今天自行车骑了没？今天自行车放哪了？
8093,3418,竺可桢,2015-09-17 03:02:20,0,3,3,喵喵喵
8149,3418,竺可桢,2015-09-17 06:42:40,0,0,0,顿悟啊
8166,3418,竺可桢,2015-09-17 07:58:11,5,7,2,棒\n\n
8184,3418,竺可桢,2015-09-17 10:25:24,1,1,0,大师的话竟然最质朴接地气
8222,3418,竺可桢,2015-09-17 14:57:27,0,0,0,问题好难
8226,3418,竺可桢,2015-09-17 15:19:40,3,5,2,高大上
8237,3418,竺可桢,2015-09-17 15:51:56,0,1,1,好啊，好啊，好啊
8284,3418,竺可桢,2016-06-27 09:53:39,724,786,62,好怀念当初和他一起在贵州的日子 他给我讲课 我给他泡茶 然而物是人非 一晃几十年过去 斯人已去 而我每天晚上还会泡上一壶龙井茶 一边怀念他 一边做微积分
8303,3418,竺可桢,2015-10-20 13:11:35,3,7,4,好好好好
8314,3418,竺可桢,2015-09-18 08:30:11,0,0,0,上课只问两个问题
8399,3418,竺可桢,2015-09-21 02:51:31,3,3,0,4年两句话，两句话一辈子
8403,3418,竺可桢,2018-08-25 10:48:36,147,167,20,建国后校长再没进过浙大
8475,3418,竺可桢,2015-09-21 14:26:42,4,5,1,超级棒，非常细致~\(≧▽≦)/~
8522,3418,竺可桢,2015-09-22 05:13:33,0,0,0,以后要成为怎样的人
8616,3418,竺可桢,2015-09-23 07:11:03,58,63,5,一样的衣服穿了好多年\n\n
8701,3418,竺可桢,2015-09-24 07:35:36,15,18,3,到处都有老师的身影 两个问题至今没交出作业 我爱竺老
8748,3418,竺可桢,2015-09-25 07:27:00,0,0,0,感觉竺校长超帅的
8754,3418,竺可桢,2015-09-25 10:55:07,0,0,0,好喜欢
8756,3418,竺可桢,2015-09-25 11:14:18,6,7,1,感觉不负此生
8786,3418,竺可桢,2015-09-27 10:40:24,1,5,4,超爱的
8790,3418,竺可桢,2015-09-27 23:10:32,1,3,2,真的只问两个问题
8897,3418,竺可桢,2015-09-30 03:34:17,-2,0,2,不知道
8987,3418,竺可桢,2015-10-08 05:44:19,4,5,1,只有那两个问题
9049,3418,竺可桢,2015-10-11 08:34:41,1,1,0,特别好的老师，当时带领我们抗日，迁校，才有了如今的浙大！
9069,3418,竺可桢,2015-10-12 05:57:16,0,0,0,两个问题很难
9104,3418,竺可桢,2015-10-13 04:45:09,0,0,0,考试只考两道题的必修课~
9188,3418,竺可桢,2015-10-15 21:03:02,0,0,0,听不到啊
9216,3418,竺可桢,2015-10-17 06:19:49,0,0,0,两个问题
9245,3418,竺可桢,2015-10-18 13:20:28,0,0,0,超喜欢校长的课
9275,3418,竺可桢,2015-10-20 00:07:19,0,1,1,很有趣
9325,3418,竺可桢,2015-10-21 12:28:11,0,0,0,好老师，但他的问题仍然回答不了
9367,3418,竺可桢,2015-10-25 03:02:42,0,0,0,不点名
9385,3418,竺可桢,2015-10-25 13:33:46,0,3,3,就问两个问题
9466,3418,竺可桢,2015-10-28 10:40:22,0,1,1,超喜欢他
9469,3418,竺可桢,2015-10-28 10:51:41,13,16,3,两个问题问了我们四年啊，整整四年啊！
9521,3418,竺可桢,2015-10-29 07:23:52,2,4,2,两个问题很难。。。\n\n
9576,3418,竺可桢,2015-11-02 03:58:31,25,29,4,经常在学校里见到他，考试考两个开放性问题，长期在月牙楼办公，风雨不变
9651,3418,竺可桢,2015-11-04 00:02:08,34,40,6,开学的时候绝对会在东门迎接学生
9670,3418,竺可桢,2015-11-04 06:07:42,0,2,2,超棒哒
9812,3418,竺可桢,2015-11-10 04:01:12,-5,0,5,就是刚
9872,3418,竺可桢,2015-11-11 11:37:19,0,1,1,校长好～
9884,3418,竺可桢,2015-11-12 01:17:44,0,2,2,要想好两个问题\n\n
9894,3418,竺可桢,2015-11-12 11:16:22,0,0,0,哈哈哈
9908,3418,竺可桢,2015-11-12 15:08:48,0,0,0,简直赞
10040,3418,竺可桢,2015-11-14 16:10:04,-1,3,4,赞赞赞
10045,3418,竺可桢,2015-11-15 00:49:34,0,0,0,超级棒
10075,3418,竺可桢,2015-11-15 11:39:51,4,9,5,可以的 就是圆框眼镜建议换一下会帅更多
10082,3418,竺可桢,2015-11-15 13:44:26,68,72,4,该老师的课会点名。慎选。并且有随堂测验。如果你不知道今天你车停哪儿了、去哪儿吃饭，不造会不会及格。
10126,3418,竺可桢,2015-11-16 12:47:20,8,12,4,慎选！！虽然只有两个问题，但是好难≥﹏≤～今年重修这门课，祝我好运～
10156,3418,竺可桢,2015-11-17 03:37:40,0,0,0,真的只问两个问题\n\n
10208,3418,竺可桢,2015-11-17 11:24:33,0,0,0,希望永远不下课
10423,3418,竺可桢,2015-11-18 14:37:23,0,0,0,作业少，4年只有一个，思考两个问题
10461,3418,竺可桢,2015-11-19 03:20:25,0,0,0,每天两个问题嘿嘿嘿
10482,3418,竺可桢,2015-11-19 05:09:35,0,1,1,只有两个问题
10551,3418,竺可桢,2015-11-19 16:14:04,0,0,0,都4年了，拿两个问题还没答上来
10694,3418,竺可桢,2015-11-22 13:14:50,0,0,0,没见过比他牛的老师
10696,3418,竺可桢,2015-11-22 14:04:42,0,0,0,期末考试两个问题
10770,3418,竺可桢,2015-11-23 04:57:01,0,0,0,真开心
10874,3418,竺可桢,2015-11-23 08:01:16,1,3,2,哇咔咔
11064,3418,竺可桢,2015-11-24 04:36:01,1,1,0,只问两个问题，可是三年了我还没答出来。
11239,3418,竺可桢,2015-11-25 13:52:22,-5,0,5,问问题
11240,3418,竺可桢,2015-11-25 14:28:30,0,0,0,好老师好老师好老师
11450,3418,竺可桢,2015-12-01 12:19:10,0,0,0,进入浙大最重要的一课
11587,3418,竺可桢,2015-12-07 05:15:44,0,0,0,每节课回答两个问题
11618,3418,竺可桢,2015-12-08 04:31:45,0,0,0,敬仰先辈大名
11698,3418,竺可桢,2015-12-11 15:56:10,-1,2,3,超级棒
11728,3418,竺可桢,2015-12-13 06:22:32,0,1,1,热血沸腾
11740,3418,竺可桢,2015-12-13 12:49:19,-9,1,10,。。。。。
11836,3418,竺可桢,2015-12-17 04:53:28,0,0,0,男神！
11926,3418,竺可桢,2015-12-21 10:47:19,0,0,0,两个问题
11949,3418,竺可桢,2015-12-21 11:27:28,2,4,2,大师风范
12041,3418,竺可桢,2015-12-21 14:42:20,-4,1,5,老点名
12087,3418,竺可桢,2015-12-21 16:24:40,18,19,1,棒极了 每天都有他的课 我们一般是在月牙楼门前上课 哎哟那风衣好帅
12103,3418,竺可桢,2015-12-22 00:24:28,0,0,0,帅帅帅\n\n
12275,3418,竺可桢,2015-12-22 16:59:25,2,4,2,致敬！
12369,3418,竺可桢,2015-12-23 06:27:04,0,0,0,好好好
12399,3418,竺可桢,2015-12-23 07:51:43,0,2,2,引人深思
12406,3418,竺可桢,2015-12-23 07:58:51,0,1,1,浙大之魂
12416,3418,竺可桢,2015-12-23 08:32:59,6,7,1,上课不水，一水就被问两个问题，上了他的课四年了，至今还回答不出他那两个问题，不过这么课给分好，会给过的
12589,3418,竺可桢,2015-12-23 14:24:27,1,1,0,上课很安静
12742,3418,竺可桢,2015-12-24 03:03:35,-34,4,38,三个字
12971,3418,竺可桢,2015-12-24 12:05:44,0,0,0,考试只有两个题
12991,3418,竺可桢,2015-12-24 12:44:06,0,1,1,问题少
13262,3418,竺可桢,2015-12-26 01:55:01,303,317,14,校长人很好的，经常陪我们合影：）
13275,3418,竺可桢,2015-12-26 05:19:38,0,1,1,牛掰啊
13280,3418,竺可桢,2015-12-26 07:08:41,1,2,1,上课只问俩问题，但是很难回答
13384,3418,竺可桢,2015-12-27 13:07:32,3,4,1,确实只有俩问题、
14003,3418,竺可桢,2018-01-06 12:47:17,-47,7,54,给9分，还有一分怕骄傲
14068,3418,竺可桢,2016-01-04 05:06:15,1,2,1,只有两个问题\n\n
14111,3418,竺可桢,2016-01-04 10:53:25,0,1,1,还不错
14226,3418,竺可桢,2016-01-05 13:15:58,0,1,1,感天动地流芳百世
14399,3418,竺可桢,2016-01-07 01:45:10,0,1,1,真的是两个问题
14447,3418,竺可桢,2016-01-07 06:43:36,0,0,0,跨越时空的授课感受，大爱
14490,3418,竺可桢,2016-01-19 11:15:24,0,0,0,好好啊好
14524,3418,竺可桢,2016-01-07 12:00:09,0,0,0,！！！！
14573,3418,竺可桢,2016-01-07 16:41:44,-3,0,3,还好的
14596,3418,竺可桢,2016-01-08 02:04:38,0,0,0,哈哈哈
15116,3418,竺可桢,2016-01-12 06:21:24,0,1,1,自行车放哪了？
15358,3418,竺可桢,2016-01-14 03:58:35,1,1,0,棒棒哒
15801,3418,竺可桢,2016-01-16 09:57:10,0,1,1,么么哒
15841,3418,竺可桢,2016-01-16 12:01:10,0,0,0,好老师！
16353,3418,竺可桢,2016-01-18 03:39:12,1,1,0,上课只有两个问题，上课从来不出现。\n\n
16693,3418,竺可桢,2016-01-18 21:56:46,0,1,1,年轻人记得好好回答两个问题
16723,3418,竺可桢,2016-01-19 00:48:33,-5,1,6,此次 v\n\n
16823,3418,竺可桢,2016-01-19 04:36:03,0,1,1,只问两个问题
17131,3418,竺可桢,2016-01-19 15:44:20,0,1,1,伟大的老师
17529,3418,竺可桢,2016-01-20 10:42:16,0,0,0,上课给的两个问题现在还回答不出来
17989,3418,竺可桢,2016-01-21 05:34:49,-122,1,123,不喜欢\n\n
17991,3418,竺可桢,2016-01-21 05:35:30,2,3,1,(⊙o⊙)哇 好优秀啊
17993,3418,竺可桢,2016-01-21 05:35:45,4,6,2,不错，俩问题很不错，答的好可能会来请你喝茶
18293,3418,竺可桢,2016-01-21 11:47:05,83,87,4,如果你不会回答那两个问题，他就会一直看着你，就那么静静地看着你
18903,3418,竺可桢,2016-01-22 17:30:56,0,0,0,好老师哈哈 超感动
19391,3418,竺可桢,2016-01-24 05:06:01,3,5,2,竺老太帅
19471,3418,竺可桢,2018-11-05 10:34:02,600,611,11,老萌啦！特别是那天下大雪，他帽子也不带，白发苍苍，衣襟飘扬地站在月牙楼前跟我们打招呼~诶 超级萌~(=^･^=)
19676,3418,竺可桢,2016-01-25 05:29:53,0,0,0,摸摸摸
19707,3418,竺可桢,2016-01-25 06:38:20,0,1,1,好的啊
19811,3418,竺可桢,2016-01-25 10:08:30,1,1,0,好的吗v
20083,3418,竺可桢,2016-01-26 05:05:10,0,0,0,每天都向我们打招呼
20290,3418,竺可桢,2016-01-27 03:05:56,0,1,1,提心吊胆。。
20505,3418,竺可桢,2016-01-28 03:12:30,0,0,0,哈哈哈
20722,3418,竺可桢,2016-01-30 08:59:11,0,0,0,非常好
20884,3418,竺可桢,2016-02-03 01:46:55,-22,6,28,混，混混，(能进混合班也是相当不错的哈)
20908,3418,竺可桢,2016-02-03 12:55:22,6,10,4,一生有两问，要用一生答
21066,3418,竺可桢,2016-02-14 19:18:48,5,6,1,爱校长，爱ZJU！！！
21353,3418,竺可桢,2016-03-17 17:16:45,0,3,3,每天只问两个问题
21483,3418,竺可桢,2016-02-29 04:08:10,0,0,0,极好极好
21562,3418,竺可桢,2016-03-01 01:24:02,0,0,0,好喜欢老师的课呢٩(๑^o^๑)۶
21604,3418,竺可桢,2016-02-29 10:22:21,5,8,3,老师很好，除了提两个问题从不说任何话。
21795,3418,竺可桢,2016-03-01 06:22:54,0,3,3,屌屌的
21832,3418,竺可桢,2016-03-01 07:38:44,0,1,1,真的只有两个问题
21902,3418,竺可桢,2016-03-01 13:30:56,1,2,1,棒棒哒
22803,3418,竺可桢,2016-03-12 03:59:07,0,0,0,给分炒鸡棒，男神
22806,3418,竺可桢,2016-03-12 06:43:07,0,0,0,两个问题\n\n
22878,3418,竺可桢,2016-03-14 03:52:46,0,0,0,好好好
22916,3418,竺可桢,2016-03-14 16:12:30,0,0,0,虽然只有两个问题不过还是不会
23013,3418,竺可桢,2016-03-16 06:46:54,0,1,1,不是很懂百分之两百是什么
23092,3418,竺可桢,2016-03-17 07:59:41,0,1,1,期末考试只有两个问题，给分很好的~
23235,3418,竺可桢,2016-03-22 10:32:38,0,0,0,棒棒棒\n\n
23301,3418,竺可桢,2016-03-24 02:14:40,10,11,1,请允许我叫他月牙楼守望者 。\n\n
23578,3418,竺可桢,2016-04-07 02:36:30,30,34,4,每回从阳明桥上走的时候 都要看一看竺校长 然后又有了无限的学习动力……
23623,3418,竺可桢,2016-04-10 23:56:08,2,2,0,两个问题
23759,3418,竺可桢,2016-04-15 02:18:41,0,3,3,用实际行动回答了那两个问题：混，混混
23985,3418,竺可桢,2016-04-24 06:48:15,0,0,0,超级赞
24004,3418,竺可桢,2016-04-25 04:51:18,0,0,0,好。。\n\n
24023,3418,竺可桢,2016-04-25 13:58:52,5,5,0,在45年的时候听他的课感觉他先是一个学者，后是一名老师。
24328,3418,竺可桢,2016-09-20 06:31:10,73,84,11,每天上课只问两个问题
24665,3418,竺可桢,2016-05-03 03:27:32,-43,1,44,什么鬼，
24826,3418,竺可桢,2016-05-04 02:26:07,0,0,0,厉害了
24901,3418,竺可桢,2016-05-04 09:18:57,0,1,1,两个问题真的难！
24959,3418,竺可桢,2016-05-04 12:58:10,0,0,0,真的只问两个问题。。。。
25000,3418,竺可桢,2016-05-04 23:00:39,0,0,0,我浙第一男神，两个问题不解释
25081,3418,竺可桢,2016-05-05 07:38:26,0,2,2,你值得拥有
25197,3418,竺可桢,2016-05-07 13:31:00,0,0,0,超过100%的人认为会点名是什么鬼
25198,3418,竺可桢,2016-05-07 13:32:24,0,1,1,两个问题很难！连我们暴走的絮麻麻到现在才能回答！
25294,3418,竺可桢,2016-05-09 10:25:07,-86,9,95,竺老师真是一个好老师，上课很有趣，考试也很简单，就两道题，我就回答了三个字加两个标点符号，轻松4.5+
25301,3418,竺可桢,2016-05-12 07:53:37,-6,0,6,没见过?
25703,3418,竺可桢,2016-06-03 14:52:10,0,0,0,我也是竺老师.谢谢大家这么给这么高的评分，每天都要思考两个问题.
25964,3418,竺可桢,2016-06-14 15:29:40,0,0,0,两个问题
25972,3418,竺可桢,2016-06-14 16:20:46,0,0,0,真的只问两个问题
26009,3418,竺可桢,2016-06-15 04:18:25,0,1,1,上课只有两个问题 人也和蔼可亲 竟然有人不给满分
26133,3418,竺可桢,2016-06-16 05:36:33,55,61,6,给分高 人超好 有时候去食堂吃饭碰见还会跟我打招呼?听说最近还要在小剧场开演唱会 只唱两首歌《两个问题》《大不自多》
26134,3418,竺可桢,2016-06-16 05:36:43,-5,0,5,...
26244,3418,竺可桢,2016-06-16 11:18:32,0,1,1,吼啊～
26386,3418,竺可桢,2016-06-17 11:08:11,0,1,1,老校长
26393,3418,竺可桢,2016-06-17 15:03:18,1,1,0,不会，但给分好
26587,3418,竺可桢,2017-01-15 11:24:52,1,1,0,开心/::) \n\n
26673,3418,竺可桢,2016-06-21 01:30:18,-8,0,8,想当年在湄潭，呵呵～
26678,3418,竺可桢,2016-06-21 01:38:03,3,3,0,很棒噢
26684,3418,竺可桢,2016-06-21 02:07:27,0,0,0,两个问题。。
26702,3418,竺可桢,2016-06-21 02:47:59,0,0,0,两问哈哈
26712,3418,竺可桢,2016-06-21 03:06:52,0,0,0,只会问两个问题
26770,3418,竺可桢,2016-06-21 05:34:14,0,0,0,。
26783,3418,竺可桢,2016-06-21 06:06:26,0,1,1,超级棒，感觉穿越了时空，学习气象学。
26855,3418,竺可桢,2016-06-21 10:05:13,3,3,0,期末考题提前说了，只要回答两个问题。
26914,3418,竺可桢,2016-06-21 15:00:14,0,0,0,只考两个问题，考试时间是4年。现在已经过去一半了，我还是答不出来。
27068,3418,竺可桢,2016-06-22 14:53:00,0,0,0,...
27081,3418,竺可桢,2016-06-22 23:34:39,0,0,0,就是两个问题咯
27190,3418,竺可桢,2016-06-23 12:51:05,0,0,0,超级棒\n\n
27199,3418,竺可桢,2016-06-23 13:18:03,0,1,1,很感动
27282,3418,竺可桢,2019-02-08 06:55:12,1745,2034,289,竺校长啊，我们对不起您啊！当初日本打过来我们浙大都没停止办学，这次G20峰会，学校怎么就封了呢！竺老校长您开开眼吧，看看浙大成什么样子了
27396,3418,竺可桢,2016-06-25 15:00:08,0,0,0,海纳江河
27430,3418,竺可桢,2016-06-26 07:23:18,0,0,0,完美！\n\n
27536,3418,竺可桢,2016-06-27 02:59:00,-38,2,40,呵呵。
27555,3418,竺可桢,2016-06-27 03:26:30,269,287,18,我就想问问50％点名怎么来的
27715,3418,竺可桢,2016-06-27 09:07:12,12,15,3,教学内容:两个问题\n\n课程长度:四年，课时不定\n\n教学安排:独立思考人生，老师负责引导\n\n记评方式:开卷考试\n\n权重:99\n\n
27822,3418,竺可桢,2016-06-27 16:51:06,0,1,1,赞赞赞
28052,3418,竺可桢,2016-06-28 08:02:39,0,2,2,好幸福
28750,3418,竺可桢,2016-06-28 13:54:37,0,1,1,不能再赞
28908,3418,竺可桢,2016-06-29 03:10:21,0,2,2,很好的\n\n
28910,3418,竺可桢,2016-06-29 03:10:40,1,4,3,竺老我爱你
29178,3418,竺可桢,2016-06-29 10:41:44,-155,5,160,垃圾老师，毁我一生。差评！\n\n
29284,3418,竺可桢,2016-06-29 14:16:43,1,2,1,两个问题思考一生
29429,3418,竺可桢,2016-06-29 22:53:31,0,1,1,极好的
30529,3418,竺可桢,2016-07-02 00:33:08,0,1,1,棒！！
30613,3418,竺可桢,2016-07-02 05:05:23,1,1,0,老师只考两道题，是我自己渣，每次骑车经过都不好意思看校长
30788,3418,竺可桢,2016-07-02 13:33:05,0,0,0,两个问题伴一生
30959,3418,竺可桢,2016-07-03 04:34:06,0,1,1,两个问题
31271,3418,竺可桢,2016-07-03 13:53:59,1,3,2,只问是非，不计利害。
32568,3418,竺可桢,2016-07-08 00:33:35,0,1,1,两个问题，用尽所有自习。
32619,3418,竺可桢,2016-07-08 06:38:58,0,1,1,很好的୧(๑•̀⌄•́๑)૭
32741,3418,竺可桢,2016-07-12 07:41:07,0,0,0,将来要成为一名怎样的人？
32848,3418,竺可桢,2016-07-18 11:09:01,0,0,0,嗯，非常不错的老师，给分老好了，绝对要选他的气象学，只有两个问题。
32932,3418,竺可桢,2016-10-31 10:17:11,0,1,1,好好好
32973,3418,竺可桢,2016-09-05 14:44:29,0,1,1,严肃脸
32997,3418,竺可桢,2016-09-10 04:35:44,0,1,1,简直完美
33054,3418,竺可桢,2016-09-11 08:18:52,0,1,1,伟大的老师
33081,3418,竺可桢,2016-09-14 11:36:05,0,0,0,听说会点名
33084,3418,竺可桢,2018-11-08 06:44:03,473,497,24,伟大的校长啊。你看看吧。现在浙大学子多惨啊。有个叫做正太和打卡的东西祸害我们啊。我知道您如果在的话一定会取消它的对吧？哎。
33085,3418,竺可桢,2016-12-01 02:19:44,3,4,1,棒棒哒\n\n
33090,3418,竺可桢,2016-09-12 12:55:34,0,0,0,很好的老师，认真有智慧
33091,3418,竺可桢,2016-09-12 13:57:55,0,0,0,太棒了
33093,3418,竺可桢,2017-01-18 23:29:03,6,7,1,考试只有两道题，不过请慎重，没有正态，绝对的好老师=￣ω￣=
33101,3418,竺可桢,2016-09-13 00:38:49,0,1,1,只有两个问题.......
33108,3418,竺可桢,2016-09-13 03:10:16,1,1,0,两个问题问了四年
33114,3418,竺可桢,2016-09-13 05:32:41,1,1,0,棒棒棒
33116,3418,竺可桢,2016-09-13 06:38:40,0,0,0,好好好
33123,3418,竺可桢,2016-09-13 08:49:21,0,0,0,好好好
33130,3418,竺可桢,2016-09-13 11:03:38,0,0,0,好好好
33131,3418,竺可桢,2016-09-29 09:01:06,0,1,1,永远只有两个问题
33133,3418,竺可桢,2016-09-13 11:34:39,8,8,0,两个问题，终生回答。
33134,3418,竺可桢,2017-05-26 08:56:39,2,3,1,好啊。。。
33137,3418,竺可桢,2016-09-13 12:00:16,-1,4,5,好好好
33143,3418,竺可桢,2016-11-10 07:49:05,5,7,2,两个问题\n\n混\n\n混混
33150,3418,竺可桢,2016-09-14 06:48:50,2,4,2,竺可桢校长真是好，上课从来不点名，而且作业只有两个问题，真心推荐去上他的课。可惜他去北大做校长了。
33153,3418,竺可桢,2016-09-14 09:59:37,0,1,1,灵魂受到震撼
33160,3418,竺可桢,2016-09-14 11:48:33,14,18,4,诸位在校，应该问自己两个问题：1.单车买了吗2.毕业后单车应该放哪里
33161,3418,竺可桢,2016-09-14 11:39:41,0,0,0,哈哈哈
33162,3418,竺可桢,2016-09-14 11:40:19,0,0,0,男神?
33173,3418,竺可桢,2016-09-14 12:32:47,1,2,1,这里有六个字
33174,3418,竺可桢,2016-09-14 12:37:18,0,0,0,我爱校长
33198,3418,竺可桢,2016-09-15 13:57:27,0,0,0,爽爽爽
33199,3418,竺可桢,2016-09-20 01:40:11,0,0,0,极致享受\n\n
33201,3418,竺可桢,2016-09-15 14:07:13,0,0,0,上课真的只问两个问题，只点两个同学
33202,3418,竺可桢,2016-09-15 14:09:12,0,1,1,真的很耐心，一定要把那两个问题说清楚
33207,3418,竺可桢,2016-09-17 10:43:51,0,0,0,听两个问题听得飘飘欲仙
33211,3418,竺可桢,2016-12-28 06:36:18,0,1,1,哦好嗯
33226,3418,竺可桢,2016-09-16 03:41:58,0,0,0,真的很开心
33227,3418,竺可桢,2016-11-10 10:05:56,8,9,1,非常好，正能量满满
33228,3418,竺可桢,2016-09-16 03:44:25,4,6,2,不认真听课就要被他拉走晚上十二点谈话哦
33245,3418,竺可桢,2016-09-16 13:53:17,1,1,0,第一堂课就问两个问题。但是找这个答案花了四年。
33246,3418,竺可桢,2016-11-11 15:30:58,3,3,0,超级有人格魅力！助教超帅
33264,3418,竺可桢,2016-09-17 07:00:12,0,0,0,用四年去想一辈子的事
33268,3418,竺可桢,2016-09-17 08:17:18,0,0,0,两个问题
33270,3418,竺可桢,2017-01-17 16:02:58,0,0,0,绝对好
33337,3418,竺可桢,2017-02-16 15:34:56,4,5,1,问的题很简单但我答不出来
33345,3418,竺可桢,2016-09-18 14:06:19,0,0,0,想被老师带去上研究生课
33363,3418,竺可桢,2016-09-19 01:04:06,0,1,1,强，无敌\n\n
33420,3418,竺可桢,2016-09-19 07:43:50,0,1,1,很好啊 只有两个问题
33430,3418,竺可桢,2016-12-28 14:02:11,2,5,3,666
33434,3418,竺可桢,2016-09-19 09:21:55,1,1,0,作为一个新生0.0第一节课就是提问0.0而且就俩0.0
33498,3418,竺可桢,2016-11-16 10:35:10,1,1,0,试试啊
33598,3418,竺可桢,2016-09-20 08:08:06,0,0,0,浙大最厉害的老师
33618,3418,竺可桢,2016-09-20 10:18:31,18,18,0,今天终于上了竺老的课\n\n穿着风衣看着我骑车\n\n那么和蔼\n\n都没有斥责我差点骑到了湖里\n\n好帅\n\n好和蔼\n\n问了两个很好的问题\n\n希望不会被正态
33663,3418,竺可桢,2016-10-05 08:28:28,0,2,2,两个问题好难\n\n\n\n\n\n
33785,3418,竺可桢,2016-09-21 14:49:32,0,1,1,竺老师你现在在干什么
33793,3418,竺可桢,2016-09-21 23:51:42,0,0,0,老校长～
33923,3418,竺可桢,2016-09-23 00:46:22,0,0,0,好老师让我学会了两个问题
33958,3418,竺可桢,2016-09-23 23:54:49,0,0,0,两个问题，很难回答
34005,3418,竺可桢,2017-01-05 05:20:59,7,7,0,每堂课只问两个问题
34050,3418,竺可桢,2016-09-26 06:49:00,0,0,0,上课真的很赞，给分厚道
34150,3418,竺可桢,2016-09-27 15:17:48,0,0,0,好好好\n\n
34286,3418,竺可桢,2016-09-30 00:42:40,0,0,0,一种责任
34323,3418,竺可桢,2016-11-10 09:36:22,0,1,1,如坐春风
34329,3418,竺可桢,2016-10-03 03:01:19,-12,0,12,很搞笑
34417,3418,竺可桢,2018-09-13 23:03:53,14,15,1,魂兮归来！\n\n尚！飨！
34938,3418,竺可桢,2016-10-26 17:12:02,1,2,1,我们桢桢最帅最萌～两个问题问了四年啦！
34973,3418,竺可桢,2016-10-27 12:15:38,2,2,0,每天都在思考两个问题的我✅
35033,3418,竺可桢,2016-10-31 03:31:12,2,2,0,好吧……没听过
35076,3418,竺可桢,2016-11-01 12:02:37,0,1,1,有两个问题\n\n
35231,3418,竺可桢,2016-11-10 14:40:30,0,1,1,混 混混
35386,3418,竺可桢,2016-11-09 14:04:26,1,1,0,两个问题
35408,3418,竺可桢,2016-11-10 07:13:41,1,1,0,超级好
35425,3418,竺可桢,2016-11-10 07:15:21,2,3,1,666
35426,3418,竺可桢,2016-11-10 07:15:27,0,1,1,棒棒棒
35467,3418,竺可桢,2016-11-10 07:19:07,3,4,1,真的只有两个问题，现在是这样，以后也比然一直是这样。
35481,3418,竺可桢,2016-11-10 07:20:44,0,3,3,真的好想听一听
35548,3418,竺可桢,2016-11-10 07:26:24,3,3,0,老师上课和蔼可亲只问两个问题_(´ཀ`」 ∠)_
35687,3418,竺可桢,2016-11-10 07:45:35,1,1,0,特别好特别帅
35726,3418,竺可桢,2016-11-10 07:53:48,4,5,1,上课问完两个问题以后，总会坐下来品口龙井长叹一声“你们应担当国运啊”。至今我还记得那龙井的香气和他深深的叹息。
35756,3418,竺可桢,2016-11-10 08:03:47,0,3,3,表情包制霸。。。
35801,3418,竺可桢,2016-11-10 08:14:16,0,1,1,上天的感觉
35834,3418,竺可桢,2016-11-10 08:24:44,0,1,1,两个问题
35840,3418,竺可桢,2019-09-07 09:47:32,341,371,30,请竺老看看现在的浙大还有没有求是精神。我只看到形式主义、官僚主义。政治大于学术，怎么成为世界一流？请明察。
35922,3418,竺可桢,2016-11-10 08:53:32,-27,2,29,基杀！
35960,3418,竺可桢,2016-11-10 09:11:26,0,1,1,很帅的老师～\n\n
35975,3418,竺可桢,2016-12-29 05:59:08,0,1,1,。。。
35980,3418,竺可桢,2017-01-04 23:25:59,0,0,0,哈哈哈
35996,3418,竺可桢,2016-11-10 09:45:51,2,3,1,很棒的，考试只有两个问题，老师很慈祥，对待学生很好。
35999,3418,竺可桢,2016-11-10 09:46:47,1,2,1,每节课都要做两道题
36003,3418,竺可桢,2016-11-10 09:49:50,2,4,2,两个问题，每天问一遍，到做梦梦到了你就满绩了
36024,3418,竺可桢,2016-11-10 10:12:10,27,28,1,不给10分的你们看着办。
36030,3418,竺可桢,2016-11-10 10:20:10,0,0,0,只有两个问题哦
36149,3418,竺可桢,2016-11-10 15:13:27,0,2,2,我只是来打分的
36221,3418,竺可桢,2016-11-11 06:36:05,1,2,1,每天俩个问题
36236,3418,竺可桢,2016-11-11 07:16:33,2,2,0,两个问题从头到尾
36291,3418,竺可桢,2016-11-11 13:51:04,0,1,1,≥﹏≤
36312,3418,竺可桢,2016-11-11 15:32:25,4,4,0,风雨无阻在月牙楼前等着我们，非常敬业的老师，考试只考两道主观题，绩点很高
36314,3418,竺可桢,2016-11-11 15:43:40,0,2,2,混，\n\n混混！
36325,3418,竺可桢,2016-11-12 01:33:00,-33,3,36,呃，没听过
36334,3418,竺可桢,2016-11-12 02:56:31,14,14,0,爱在月牙楼眺望，爱和大家合影，爱吹风淋雨沐雪晒太阳，爱考两个难题。。。。而且作息炒鸡有规律
36360,3418,竺可桢,2017-01-07 12:16:12,5,5,0,上课只问两个问题，还不让我们学那么多水课，
36374,3418,竺可桢,2016-11-12 13:31:27,0,1,1,两个问题
36399,3418,竺可桢,2016-11-13 02:53:11,2,3,1,永远是我们坚实的后盾！
36407,3418,竺可桢,2016-12-20 01:54:35,5,5,0,超级棒，就是没见过本人\n\n\n\n
36959,3418,竺可桢,2016-11-16 16:07:57,1,1,0,就是好！
37086,3418,竺可桢,2016-11-17 10:17:23,0,1,1,爽爽爽
37112,3418,竺可桢,2016-12-28 02:25:12,0,1,1,爽翻天
37769,3418,竺可桢,2016-11-21 02:42:45,1,1,0,两个问题好难
37940,3418,竺可桢,2016-11-22 06:33:51,2,2,0,每天回忆
38345,3418,竺可桢,2016-11-30 10:33:38,0,1,1,两个问题
38873,3418,竺可桢,2016-12-19 15:36:09,1,2,1,两个问题，回答起来好难啊……永远的记忆
38923,3418,竺可桢,2016-12-20 01:46:05,4,4,0,两个问题要好好回答
38936,3418,竺可桢,2016-12-20 02:30:55,1,1,0,只问两个问题。
39097,3418,竺可桢,2016-12-21 07:11:13,2,2,0,只问两个问题
39127,3418,竺可桢,2016-12-21 09:33:55,0,2,2,校长很和蔼，喜欢在月牙楼和我们打招呼，好喜欢问两个问题，一身风衣非常帅，男神！！！
39166,3418,竺可桢,2016-12-21 12:01:34,1,1,0,只问两个问题
39242,3418,竺可桢,2016-12-21 23:26:59,2,3,1,zju-my love
39426,3418,竺可桢,2016-12-22 14:58:13,3,3,0,老师上课很认真，只要好好听课期末上4不难的~
39669,3418,竺可桢,2016-12-27 02:29:33,0,1,1,棒棒哒
39752,3418,竺可桢,2016-12-27 09:35:34,0,1,1,只问两个问题
39946,3418,竺可桢,2017-01-21 00:50:39,1,1,0,竺老男神啦
39954,3418,竺可桢,2016-12-28 09:39:54,2,3,1,老师每天在月牙楼门口看着我们，偶尔会问你两个问题٩(๑>ω<๑)۶☃*
40016,3418,竺可桢,2016-12-28 17:45:57,0,2,2,。。。
40159,3418,竺可桢,2016-12-29 13:15:16,3,5,2,不好说，反正两道题反复问但不同时期答案不一样。
40257,3418,竺可桢,2016-12-31 02:20:25,1,2,1,两个问题我到现在都不会
40362,3418,竺可桢,2017-01-03 05:23:52,4,4,0,耳畔时常回响起他老人家的两个问题……
40447,3418,竺可桢,2017-01-03 11:03:42,0,0,0,厉害了我的校长
40466,3418,竺可桢,2017-01-03 13:41:55,0,0,0,竺老校长的讯问。。
41038,3418,竺可桢,2017-01-08 14:18:24,2,3,1,喜欢竺校长
41178,3418,竺可桢,2017-01-10 01:32:18,0,0,0,考前一膜，保我考好
41562,3418,竺可桢,2017-01-12 07:48:57,-3,0,3,? ? ?
43526,3418,竺可桢,2017-01-16 12:30:44,0,3,3,妥妥的两个问题 \n\n不水不坑，全国前列\n\n
44880,3418,竺可桢,2017-01-18 12:29:56,1,2,1,竺老校长和蔼可亲，好喜欢他的课
46456,3418,竺可桢,2017-01-21 15:20:25,0,0,0,两个问题贼难
46778,3418,竺可桢,2017-01-22 10:01:16,0,0,0,精神标杆。
46956,3418,竺可桢,2017-01-23 05:22:11,0,0,0,两个问题真的重要啊
47648,3418,竺可桢,2017-02-12 13:39:12,74,75,1,突然发现，初二的语文课文，《大自然的语言》，竺老写的。。。
47679,3418,竺可桢,2017-02-16 10:47:30,-5,0,5,。。。
48003,3418,竺可桢,2017-02-28 03:22:09,0,0,0,自带衣襟飘扬特效的男人
48114,3418,竺可桢,2017-02-28 13:53:49,9,10,1,天天向月牙楼前竺校长问好，他也会说你好
48545,3418,竺可桢,2017-03-07 04:56:37,69,74,5,求是魂，真正的教育者。（我浙的灵魂人物，当然满分啊）
48859,3418,竺可桢,2017-03-15 03:38:55,1,1,0,好，没听过
48938,3418,竺可桢,2017-03-17 03:34:24,5,6,1,两个问题
49717,3418,竺可桢,2017-04-24 16:25:16,-200,4,204,太垃圾了
51016,3418,竺可桢,2017-05-12 13:05:45,23,26,3,看了《求是魂》之后真想说一声“先生之风，山高水长”
51248,3418,竺可桢,2017-05-25 10:25:50,0,0,0,每节课都要回答同样的两个问题。
51459,3418,竺可桢,2017-06-06 02:02:49,0,1,1,可怕的两个问题
51621,3418,竺可桢,2017-06-07 14:52:30,0,0,0,好老师，没得说
51957,3418,竺可桢,2017-06-14 02:43:43,2,3,1,从来没告诉过我们那两个问题的答案
52055,3418,竺可桢,2017-06-14 11:03:35,0,1,1,000
52247,3418,竺可桢,2017-06-16 10:20:33,0,1,1,good game
52864,3418,竺可桢,2017-11-27 05:29:33,-301,5,306,辣鸡浙大
53308,3418,竺可桢,2017-06-26 10:24:52,3,4,1,竺老师特别好 一年过去的我还不会回答两个问题 希望再过三年 我可以找到答案～
55326,3418,竺可桢,2017-07-01 09:19:37,0,0,0,66666666
55352,3418,竺可桢,2017-07-01 10:32:41,0,0,0,。。。
55645,3418,竺可桢,2017-07-02 05:52:34,2,2,0,两个问题不知道什么时候才能解决
56962,3418,竺可桢,2017-07-05 04:53:24,4,5,1,两个问题准备好
57318,3418,竺可桢,2017-07-06 15:33:17,0,1,1,木有听过
57906,3418,竺可桢,2017-07-17 09:07:05,1,1,0,男神不解释
58016,3418,竺可桢,2017-07-23 02:31:49,1,1,0,您要是还在该多好
58055,3418,竺可桢,2017-07-27 10:43:36,0,0,0,老师上课只问两个问题
58224,3418,竺可桢,2017-08-25 15:04:53,0,0,0,啦啦啦啦啦
58234,3418,竺可桢,2017-08-27 02:38:21,0,0,0,非常完美
58235,3418,竺可桢,2017-08-27 02:50:37,0,0,0,至今仍未结课
58246,3418,竺可桢,2017-08-27 23:24:11,0,1,1,非常好
58249,3418,竺可桢,2017-08-28 01:33:38,0,0,0,很开心，尤其是那两个问题让我受益匪浅！
58253,3418,竺可桢,2017-08-28 02:21:30,0,0,0,只要回答两个问题
58254,3418,竺可桢,2017-08-28 02:26:02,0,0,0,两个问题问的我面红耳赤
58257,3418,竺可桢,2017-08-28 03:07:20,0,0,0,上课只问两个问题\n\n
58258,3418,竺可桢,2017-08-28 03:40:32,2,3,1,好老师，给分也不错，就是每节课都要点名
58259,3418,竺可桢,2017-09-20 05:16:35,0,1,1,吼吼吼
58263,3418,竺可桢,2017-08-28 05:08:08,0,0,0,永远的两个问题
58265,3418,竺可桢,2017-08-30 13:10:56,1,1,0,两个问题很难\n\n
58268,3418,竺可桢,2017-08-28 06:49:34,1,1,0,受益匪浅
58269,3418,竺可桢,2017-08-28 07:41:53,0,1,1,和蔼可亲，令人敬爱
58270,3418,竺可桢,2017-08-28 09:02:37,2,2,0,好啊。
58271,3418,竺可桢,2017-08-28 09:26:04,11,12,1,听到竺老两问题，垂死梦中惊坐起
58295,3418,竺可桢,2017-08-28 10:57:07,2,3,1,灵魂暴击   充满治愈
58312,3418,竺可桢,2017-08-28 11:06:43,0,1,1,hhh
58320,3418,竺可桢,2017-09-20 10:29:01,2,4,2,最爱的校长 没有之一
58321,3418,竺可桢,2017-09-25 07:51:51,6,8,2,两个问题既简明又深刻，让人永生难忘
58322,3418,竺可桢,2017-08-28 15:14:18,0,2,2,稳！！！
58326,3418,竺可桢,2017-08-28 17:02:59,0,2,2,爽爽爽
58333,3418,竺可桢,2017-08-29 02:03:16,-12,4,16,没听过，但应该超厉害吧
58334,3418,竺可桢,2019-08-21 00:47:15,1255,1372,117,大家好，我是竺可桢校长，我被封印到月牙楼前面的石像里，转账两千帮我解冻，启真湖底5吨黄金有你一份。
58335,3418,竺可桢,2017-12-24 08:38:26,0,1,1,没有10分啦冲9.99吧
58338,3418,竺可桢,2017-08-29 04:09:42,6,8,2,军训求雨
58340,3418,竺可桢,2017-08-29 04:14:55,0,3,3,上课很直白，一节课就问两个问题
58342,3418,竺可桢,2017-08-30 11:30:10,6,6,0,问题少，精炼
58343,3418,竺可桢,2017-08-29 04:35:28,3,4,1,666
58344,3418,竺可桢,2017-08-29 04:36:04,62,63,1,还有0.02分哪里去了？不给10分军训天气会被控制不下雨的！
58348,3418,竺可桢,2017-09-14 09:35:41,4,5,1,两个问题，我会用这四年好好想想
58349,3418,竺可桢,2017-08-29 06:38:56,1,1,0,考试只有两道题.考前还告诉我们。
58350,3418,竺可桢,2017-08-29 06:41:12,1,2,1,666
58358,3418,竺可桢,2017-08-29 14:07:53,2,3,1,今天在月牙楼附近碰到老校长，他还和我打招呼了呢
58360,3418,竺可桢,2017-09-17 09:26:23,7,7,0,\n\n不错的
58374,3418,竺可桢,2017-09-06 15:30:07,0,4,4,好好好
58377,3418,竺可桢,2017-09-24 11:20:22,9,10,1,可以说是非常好的老师了，人生第一个满绩，两个问题问了一个学期
58387,3418,竺可桢,2017-08-30 09:35:48,0,1,1,无与伦比的体验
58388,3418,竺可桢,2017-08-30 10:24:11,1,1,0,两个问题挺难的
58392,3418,竺可桢,2017-08-30 10:54:23,11,11,0,满分校长，一世楷模
58413,3418,竺可桢,2017-08-30 11:16:38,1,2,1,爽爽爽\n\n
58414,3418,竺可桢,2017-08-30 11:18:01,2,3,1,老校长上课明明点名的好吗～
58417,3418,竺可桢,2017-09-20 14:40:04,8,10,2,有一次我忘了他的两个问题，结果就被正太了。
58419,3418,竺可桢,2017-08-30 11:21:40,1,1,0,上课只有两个问题，引人深思
58432,3418,竺可桢,2017-08-30 11:32:13,0,0,0,真的只有两个问题，非常好！
58433,3418,竺可桢,2017-08-30 11:34:10,0,0,0,在广西喝茶时一边聊天，很好的感觉啊
58436,3418,竺可桢,2017-08-30 12:16:42,2,2,0,没听过
58447,3418,竺可桢,2017-08-30 11:39:17,249,253,4,只要每年都还有人记得竺校长，还有人来给竺校长点个赞，评个十分。浙大哦就还有复兴的希望
58460,3418,竺可桢,2017-08-30 11:47:58,2,2,0,好老师厉害了
58462,3418,竺可桢,2017-08-30 11:48:08,0,0,0,讲的不错
58473,3418,竺可桢,2017-10-20 05:38:55,5,5,0,老师扬起的大衣角和温和的目光永远在我们心中
58477,3418,竺可桢,2017-08-30 11:57:16,0,1,1,有关求是
58478,3418,竺可桢,2017-08-30 11:58:23,1,1,0,好好好
58485,3418,竺可桢,2017-08-30 12:05:29,0,1,1,竺校长每天都会跟我打招呼??好开心
58491,3418,竺可桢,2017-08-30 12:09:08,3,3,0,竺可桢校长的两个问题是用一生来回答的问题
58498,3418,竺可桢,2017-09-12 08:03:56,-3,1,4,。。。
58501,3418,竺可桢,2017-08-30 12:17:36,1,2,1,竺校长怎么能不是10分呢？
58503,3418,竺可桢,2017-09-17 04:32:51,2,2,0,总问俩个问题
58512,3418,竺可桢,2017-08-30 12:37:39,0,0,0,超级棒  \n\n就是两个问题要好好回答。\n\n好好回答分很高。
58513,3418,竺可桢,2017-08-30 12:40:55,0,0,0,感觉灵魂受到了风的洗礼
58545,3418,竺可桢,2017-09-01 12:02:38,19,20,1,听了郑强教授的话，给竺校长打十分
58547,3418,竺可桢,2017-09-01 15:07:58,0,0,0,两个问题好深奥
58550,3418,竺可桢,2017-09-02 06:31:25,3,4,1,非常好，今年军训帮忙控制了天气，感觉很凉快
58553,3418,竺可桢,2017-09-02 14:41:47,2,2,0,感谢竺老校长！
58554,3418,竺可桢,2017-09-02 14:42:33,0,1,1,谢谢?保佑天气啊！……^_^
58562,3418,竺可桢,2017-09-04 04:49:31,0,0,0,非常好
58563,3418,竺可桢,2017-09-20 10:33:58,0,0,0,好好好
58566,3418,竺可桢,2017-09-04 05:32:58,1,1,0,求校长军训保佑天气
58573,3418,竺可桢,2017-11-20 11:58:14,0,0,0,考试只有两个问题
58577,3418,竺可桢,2017-09-05 08:38:47,0,0,0,非常好！
58578,3418,竺可桢,2017-09-05 12:10:21,1,1,0,希望以后经过月牙楼都和老校长问好
58585,3418,竺可桢,2017-09-06 15:43:43,0,0,0,有两个问题  受益匪浅
58588,3418,竺可桢,2017-09-30 08:53:43,0,0,0,努力延续竺老的精神！
58590,3418,竺可桢,2017-09-07 01:17:01,4,4,0,就两个问题，可是你真的能答出来吗？
58596,3418,竺可桢,2017-09-07 15:29:15,2485,2577,92,诸位在校，有两个问题应当自己问问\n\n一，为什么我的评分不是10分\n\n二，为什么一半人认为我上课点名
58599,3418,竺可桢,2017-09-08 03:30:42,2,4,2,致敬竺老校长
58600,3418,竺可桢,2017-09-08 03:30:54,2,2,0,只考两个问题！
58601,3418,竺可桢,2017-09-08 04:59:53,0,1,1,只问两个问题
58602,3418,竺可桢,2017-09-14 02:35:25,8,8,0,掌控气象的男人，两个问题回答的好，军训时老校长就会帮我们唤雨
58612,3418,竺可桢,2017-09-13 06:34:29,0,1,1,真的好听
58614,3418,竺可桢,2017-10-05 11:09:24,1,3,2,问两个问题
58620,3418,竺可桢,2017-09-10 04:43:00,1,2,1,两个问题至今不知道怎么回答
58622,3418,竺可桢,2017-10-01 10:36:40,4,4,0,爽！！
58625,3418,竺可桢,2017-09-11 04:02:32,2,3,1,为老校长打call
58628,3418,竺可桢,2017-09-11 06:41:06,1,2,1,掌控风云，谢竺老校长
58629,3418,竺可桢,2017-09-11 07:09:07,4,5,1,求军训下雨
58637,3418,竺可桢,2017-09-11 15:25:12,2,2,0,谢谢竺校长的雨??
58662,3418,竺可桢,2017-09-13 05:21:04,2,2,0,不错哟
58708,3418,竺可桢,2017-09-15 10:02:02,4,5,1,心灵的一次洗礼～来自两个问题的冲击
58712,3418,竺可桢,2017-09-15 11:00:25,0,1,1,两个问题
58720,3418,竺可桢,2017-09-16 01:35:29,1,3,2,呵呵呵呵
58723,3418,竺可桢,2017-09-16 02:02:30,1,2,1,好好好
58747,3418,竺可桢,2017-09-16 12:05:07,2,3,1,受益匪浅
58790,3418,竺可桢,2017-09-17 14:50:28,3,4,1,？？？
58816,3418,竺可桢,2017-09-18 03:22:35,2,3,1,两个问题好好答，满绩没问题
58917,3418,竺可桢,2017-09-18 12:20:03,7,8,1,若校长在世，必悲喜交加！
58937,3418,竺可桢,2017-09-18 14:52:38,0,0,0,男神给分贼好?
58938,3418,竺可桢,2017-09-18 14:53:46,3,3,0,你的气象学是我不变的信仰，惟两个问题永世长存
59011,3418,竺可桢,2017-09-19 05:57:20,0,0,0,很细致，很有感染力
59111,3418,竺可桢,2017-11-24 09:39:56,0,0,0,
59117,3418,竺可桢,2017-09-20 00:04:37,0,0,0,竺老爷子好
59131,3418,竺可桢,2017-09-20 01:20:47,0,1,1,真的好
59180,3418,竺可桢,2017-09-20 06:02:29,0,1,1,很棒的
59188,3418,竺可桢,2017-09-20 06:33:02,1,2,1,就只会问你两个问题，但是很实用
59198,3418,竺可桢,2017-09-20 07:18:33,0,0,0,。。。
59223,3418,竺可桢,2017-09-20 08:49:11,4,5,1,老师绝对是我浙最好的老师 没有之一 一个问题能想四年的足以可见出题人的智慧 崇敬 永远的男神
59251,3418,竺可桢,2017-09-20 11:05:35,0,0,0,上课只问两个问题，但是足够思考四年甚至更久
59286,3418,竺可桢,2017-09-20 12:34:40,0,0,0,...\n\n
59318,3418,竺可桢,2017-09-21 00:46:10,0,2,2,很好听，虽然只有两个问题，但可以拓展讲两节课，特别有意义 。
59421,3418,竺可桢,2017-09-21 08:48:51,0,0,0,一句话，军训期间天气预报很准。
59432,3418,竺可桢,2017-09-21 09:54:28,2,3,1,每节其他老师的课都能听到他的问题
59436,3418,竺可桢,2017-09-21 10:23:54,0,0,0,真的好\n\n
59440,3418,竺可桢,2017-09-21 10:57:01,1,1,0,为校长打call
59474,3418,竺可桢,2017-10-08 00:36:51,1,1,0,点名什么鬼
59478,3418,竺可桢,2017-09-22 00:38:18,2,2,0,嗯嗯嗯
59508,3418,竺可桢,2017-09-22 02:46:10,0,2,2,邪魅的笑容 骚年，我的两个问题还记得吗？
59510,3418,竺可桢,2017-09-22 02:52:10,0,0,0,就特么两个问题老子走了还没弄个清楚ˊ_>ˋ
59529,3418,竺可桢,2017-09-22 06:09:36,0,1,1,只有两个问题，让我苦思冥想\n\n
59546,3418,竺可桢,2017-09-22 12:08:02,0,1,1,非常棒
59583,3418,竺可桢,2017-09-24 04:16:01,0,0,0,非常棒，那两个问题简直受益终生。
59588,3418,竺可桢,2017-09-24 07:31:22,2,4,2,灵魂
59593,3418,竺可桢,2017-09-24 10:32:55,0,0,0,只有两个问题
59645,3418,竺可桢,2017-09-25 07:53:08,2,2,0,只问两个问题，不点名
59647,3418,竺可桢,2017-09-25 08:13:11,1,1,0,好好好
59745,3418,竺可桢,2017-09-26 12:04:54,3,3,0,大一，很想选竺老师的课。
59757,3418,竺可桢,2017-09-27 00:10:08,0,0,0,从入学前就在思考他问的两个问题
59803,3418,竺可桢,2017-09-27 06:04:30,0,1,1,？混！   ？混混！
59839,3418,竺可桢,2017-09-27 11:39:20,0,0,0,他的两个问题时常回响我耳畔。
59870,3418,竺可桢,2017-09-28 02:37:13,0,0,0,真的上课只问两个问题
59883,3418,竺可桢,2017-09-28 04:00:43,-3,0,3,6666
59952,3418,竺可桢,2017-09-29 01:47:05,0,0,0,想想就开心
59953,3418,竺可桢,2017-09-29 02:19:58,0,0,0,?好好好
59999,3418,竺可桢,2017-10-01 01:29:07,0,0,0,大约在春季的感觉。
60007,3418,竺可桢,2017-10-02 14:22:43,0,0,0,这个每次都要点名真烦
60013,3418,竺可桢,2017-10-03 08:36:53,0,0,0,两个问题\n\n
60021,3418,竺可桢,2017-10-04 08:50:56,0,1,1,期末只考两个问题
60054,3418,竺可桢,2017-10-09 02:46:54,1,1,0,只问两个问题，但是很难的，要好好思考才行
60190,3418,竺可桢,2017-10-12 14:17:31,0,0,0,预制课。而且超简单。建议选
60226,3418,竺可桢,2017-10-14 06:41:27,1,2,1,浙大的内核
60257,3418,竺可桢,2017-10-16 02:15:30,0,0,0,两个问题～
60272,3418,竺可桢,2017-10-16 10:16:58,0,0,0,超厉害的
60299,3418,竺可桢,2017-10-17 01:14:55,0,0,0,……很好
60318,3418,竺可桢,2017-10-17 07:37:59,2,2,0,当然点名了 ，入学前点名
60476,3418,竺可桢,2017-10-22 08:09:00,0,0,0,666
60503,3418,竺可桢,2017-11-18 13:36:01,2,2,0,两个问题
60562,3418,竺可桢,2017-10-24 06:32:17,0,1,1,很炫酷
60881,3418,竺可桢,2017-11-01 05:58:42,0,1,1,望而膜拜
60915,3418,竺可桢,2017-11-02 10:23:59,0,1,1,膜一膜长者，考试+1分
60918,3418,竺可桢,2017-11-02 11:34:08,0,1,1,老校长真的很棒
60934,3418,竺可桢,2017-11-03 05:33:34,-3,1,4,很惊悚
60935,3418,竺可桢,2017-11-03 05:33:55,-10,0,10,灰常惊悚
61040,3418,竺可桢,2017-11-07 10:25:00,0,0,0,两个问题回答5.0+好不好
61053,3418,竺可桢,2017-11-07 12:57:20,0,1,1,好，嗯，不错
61146,3418,竺可桢,2017-11-09 06:29:34,0,0,0,上课只问两个问题
61158,3418,竺可桢,2017-11-09 09:23:31,0,1,1,竺大佬
61176,3418,竺可桢,2017-11-10 02:58:50,5,5,0,第一堂课问了两个问题，让我想了4年。。。
61336,3418,竺可桢,2017-11-14 23:07:41,2,3,1,虽然竺老校长早就过世了，但我们心里永远尊敬他。
61447,3418,竺可桢,2017-11-17 09:33:44,0,1,1,挺好的一老师
61448,3418,竺可桢,2017-11-17 09:45:22,0,0,0,舒服 爽
61458,3418,竺可桢,2017-11-17 11:38:15,0,1,1,上课只问两个问题
61527,3418,竺可桢,2017-11-18 09:10:15,1,1,0,好校长
61754,3418,竺可桢,2017-11-20 15:17:25,1,1,0,受益终身
61952,3418,竺可桢,2017-11-22 02:29:34,0,1,1,竺老校长
62096,3418,竺可桢,2017-11-22 11:22:08,0,1,1,竺老师好（｡ò ∀ ó｡）
62336,3418,竺可桢,2017-11-24 09:12:27,5,6,1,来拉高校长均绩(ง •̀_•́)ง
62646,3418,竺可桢,2017-11-26 09:08:43,2,2,0,享受 两个问题值得一辈子
62812,3418,竺可桢,2017-11-27 04:51:44,0,0,0,会点名，点名的方式是挨个问两个问题
62841,3418,竺可桢,2017-11-27 06:32:28,6,9,3,可亲可敬，看到校长榜，老校长和林建华加起来刚好11
62862,3418,竺可桢,2017-11-27 07:23:12,0,1,1,讲课好
62903,3418,竺可桢,2017-11-27 10:08:25,0,0,0,超棒der！
63118,3418,竺可桢,2017-11-28 11:28:35,3,3,0,不懂为什么不是10分\n\n
63197,3418,竺可桢,2017-11-29 06:15:01,0,2,2,上课只问两个问题
63215,3418,竺可桢,2017-11-29 08:14:04,5,7,2,为什么只问两个问题的好校长拿不到十分呢
63267,3418,竺可桢,2017-11-29 16:15:58,1,2,1,两个问题
63367,3418,竺可桢,2017-12-01 21:34:55,2,2,0,很好很好
63404,3418,竺可桢,2017-12-03 05:30:04,1,1,0,很好\n\n
63417,3418,竺可桢,2017-12-03 12:32:44,2,2,0,被点名的都很危险
63423,3418,竺可桢,2017-12-03 15:23:02,4,4,0,优秀啊
63470,3418,竺可桢,2017-12-05 00:06:29,0,1,1,很开心
63531,3418,竺可桢,2017-12-06 05:51:21,0,1,1,好好好
63538,3418,竺可桢,2017-12-15 11:37:40,-3,1,4,233
63581,3418,竺可桢,2017-12-07 10:48:25,0,1,1,如沐春风\n\n
63582,3418,竺可桢,2017-12-07 10:55:39,-10,0,10,可以说是如图睡觉一样轻松有趣
63599,3418,竺可桢,2017-12-08 12:39:36,0,1,1,好，很好
63648,3418,竺可桢,2017-12-11 13:40:42,0,1,1,两个问题
63707,3418,竺可桢,2017-12-13 08:39:27,0,1,1,上课只问两个问题
63717,3418,竺可桢,2017-12-13 11:13:45,1,2,1,每每迷茫，常去听课
63724,3418,竺可桢,2017-12-13 13:47:26,3,4,1,我想知道谁没打十分
63989,3418,竺可桢,2017-12-20 12:45:37,2,3,1,上课就问两个问题
64009,3418,竺可桢,2017-12-20 13:43:59,2,2,0,非常好。智慧的目光里传达了两个问题
64024,3418,竺可桢,2017-12-20 14:22:38,-6,0,6,一/。
64137,3418,竺可桢,2017-12-21 05:18:21,4,4,0,很好的老师，我就是来打个十分的。
64171,3418,竺可桢,2017-12-21 07:33:06,2,2,0,从开学到毕业就问两个问题，就怕他点到
64174,3418,竺可桢,2017-12-27 04:43:24,-167,4,171,好菜的老师
64265,3418,竺可桢,2017-12-22 06:03:34,-5,1,6,两个问题
64287,3418,竺可桢,2017-12-22 08:24:33,0,1,1,竺校长?
64290,3418,竺可桢,2017-12-22 08:46:54,0,1,1,最怕的就是两个问题了\n\n
64294,3418,竺可桢,2017-12-22 09:02:21,0,1,1,超棒哒
64320,3418,竺可桢,2017-12-22 11:59:55,1,1,0,给竺老打call
64322,3418,竺可桢,2017-12-22 12:06:19,0,0,0,没考试没作业，美滋滋
64324,3418,竺可桢,2017-12-22 12:21:00,0,0,0,真的不点名
64375,3418,竺可桢,2017-12-23 05:16:24,2,3,1,只问是非，不计利害，惭愧
64377,3418,竺可桢,2017-12-23 05:20:31,5,6,1,你的气象学是我不变的信仰，惟两个问题永世长存
64381,3418,竺可桢,2017-12-23 05:40:36,0,0,0,上课只会问两个问题
64421,3418,竺可桢,2017-12-23 12:20:47,2,2,0,牛牛牛
64423,3418,竺可桢,2017-12-23 12:25:45,0,0,0,两个问题
64462,3418,竺可桢,2017-12-24 12:22:00,0,0,0,真的厉害
64488,3418,竺可桢,2017-12-24 13:27:32,0,0,0,竺校长在上，保佑我能转到心仪的专业。我会倍加努力，奋发图强的。
64526,3418,竺可桢,2017-12-25 02:46:30,0,0,0,瞻仰！
64601,3418,竺可桢,2017-12-25 12:34:50,-2,1,3,很负责的老师，每天回宿舍也会被提醒思考作业的两个题。
64612,3418,竺可桢,2017-12-25 13:49:28,0,1,1,么么哒
64652,3418,竺可桢,2017-12-26 02:50:27,0,1,1,。。。
64697,3418,竺可桢,2017-12-26 12:32:59,0,0,0,就两个问题  回答好了  满绩
64745,3418,竺可桢,2017-12-27 04:42:49,3,4,1,竺老在上，保佑我活着回家吧!
64756,3418,竺可桢,2017-12-27 05:08:57,6,7,1,我还在月牙楼前跟他合过影!很帅!
64760,3418,竺可桢,2017-12-27 05:16:09,0,1,1,好的很
64764,3418,竺可桢,2017-12-27 05:27:01,1,3,2,树我邦国 天下来同
64765,3418,竺可桢,2017-12-27 05:30:18,1,1,0,还好吧
64794,3418,竺可桢,2017-12-27 06:54:57,2,3,1,老师人很好的，上课也只讲两个问题，我经常在学校里和他打招呼。。。人nice，默默地包容我们。
64845,3418,竺可桢,2017-12-27 11:44:20,1,2,1,炒鸡好的一位老师，让我对气象变化有了更多的理解，给分也好，均绩4.5+，期末只考两个问题，问题提早会给大家的。课讲得很棒很有深度，就是经常会把哲学问题带进课堂。推荐选他的课，而且老师还包 两地的车票 ，福利超多的！
64877,3418,竺可桢,2017-12-27 15:08:36,0,0,0,最怕被问问题
64890,3418,竺可桢,2017-12-27 16:24:50,2,3,1,为什么评分不是10
64891,3418,竺可桢,2017-12-27 16:25:54,-59,0,59,辣鸡流水桥
64907,3418,竺可桢,2017-12-28 02:07:48,2,2,0,花了五年才回答了老师的两个问题，老师上课真的认真，每一节课都有好好听。必须满分
64949,3418,竺可桢,2017-12-28 04:35:04,3,3,0,还没想通啊，两年了
64964,3418,竺可桢,2017-12-28 05:28:36,1,2,1,两个问题，一直在思考，从未被解决。
64984,3418,竺可桢,2017-12-28 06:29:03,2,3,1,喜欢他，月牙楼前老帅了 o(*≧▽≦)ツ ~ ┴┴
65002,3418,竺可桢,2017-12-28 07:22:46,2,2,0,先生之风，山高水长。
65027,3418,竺可桢,2017-12-28 08:52:09,0,0,0,大学你不能错过的老师。
65117,3418,竺可桢,2017-12-29 02:42:14,0,0,0,两个问题很不错
65291,3418,竺可桢,2018-01-02 11:44:34,4,4,0,精神象征
65298,3418,竺可桢,2018-01-02 16:03:09,2,3,1,每日两问
65512,3418,竺可桢,2018-01-05 02:51:49,91,96,5,唯一一个超越了李将云的男人
65541,3418,竺可桢,2018-01-05 13:24:00,0,0,0,老师我想你了TAT
65569,3418,竺可桢,2018-01-06 09:34:59,0,1,1,爽！！
65719,3418,竺可桢,2018-01-08 12:47:30,3,5,2,老师很关怀学生，每天都会伫立在月牙楼前看着我们上课下课，真的很感动！
65798,3418,竺可桢,2018-01-09 07:33:41,0,0,0,不用说啥了，竺老师改变了我的人生轨迹！
66078,3418,竺可桢,2018-01-11 11:22:58,0,0,0,老师贼好的
66107,3418,竺可桢,2018-01-12 00:06:36,0,2,2,每天，竺老校长都会站在月牙楼前看着我们，超级棒的老师！
66909,3418,竺可桢,2018-01-19 09:04:05,0,0,0,两个问题 云里雾里
67077,3418,竺可桢,2018-01-20 08:21:41,0,0,0,哈哈哈
67184,3418,竺可桢,2018-01-20 12:11:24,0,0,0,信仰信仰
67695,3418,竺可桢,2018-01-22 05:28:57,1,2,1,如何一句话证明你是浙大的学生？当然是给竺老点过赞啦
67813,3418,竺可桢,2018-01-22 07:44:53,0,1,1,点名哦(⊙o⊙)
68664,3418,竺可桢,2018-01-23 14:42:32,1,1,0,老校长好！
68722,3418,竺可桢,2018-01-23 16:07:32,7,7,0,我浙的气象学不是双一流…
69342,3418,竺可桢,2018-01-24 13:38:31,-3,0,3,哈哈哈
69651,3418,竺可桢,2018-01-25 06:55:16,0,0,0,除了上课会点名，其他真的超级棒~
69676,3418,竺可桢,2018-01-25 07:53:31,4,6,2,老校长超赞，但是。。。我不认为会点名233
69768,3418,竺可桢,2018-01-25 10:55:34,12,13,1,看着月牙楼前披雪而立的竺校长\n\n别有一番风采～
69846,3418,竺可桢,2018-01-25 13:45:17,0,1,1,凑热闹
69998,3418,竺可桢,2018-01-26 02:14:34,8,8,0,看到前辈的评论，好想听一听老校长的课~>_<~
70482,3418,竺可桢,2018-01-26 16:42:37,9,10,1,公忠坚毅，能担大任；\n\n主持国运，转移风气。
71312,3418,竺可桢,2018-01-28 09:23:49,0,0,0,向竺老校长致敬！
71540,3418,竺可桢,2018-01-28 14:59:30,123,130,7,浙大游魂特别多，启真湖底堆满了骨头，还好有他望着启真湖，将其全部镇住，浙大平安无事。太感谢他了。
72184,3418,竺可桢,2018-01-29 14:00:29,0,1,1,非常好
72928,3418,竺可桢,2018-01-31 11:27:12,1,1,0,真好啊（为什么要多于三个字）
73836,3418,竺可桢,2018-02-03 08:06:12,2,2,0,体验极好
73882,3418,竺可桢,2018-02-03 10:12:38,0,0,0,超级好。
74047,3418,竺可桢,2018-02-04 13:32:50,2,2,0,这么好的老师为什么还没有满10?
74094,3418,竺可桢,2019-05-04 14:55:29,-911,17,928,真的垃圾老师，不如我们北大俞建江
74180,3418,竺可桢,2018-02-06 05:23:41,0,1,1,竺校长好
74188,3418,竺可桢,2018-02-06 09:45:17,4,5,1,我还是回答不出两个问题 但不妨碍给竺老校长打十分
74228,3418,竺可桢,2018-02-07 08:42:09,0,1,1,竺老好
74303,3418,竺可桢,2018-02-10 06:45:06,0,1,1,校长好
74307,3418,竺可桢,2018-02-10 09:08:43,0,1,1,问两个问题
74363,3418,竺可桢,2018-02-14 11:53:36,5,5,0,每次远远碰到都会笑着打招呼，特别好的老师。课上有随堂测验，相当于点名，只有两个问题，思考好了未来就有希望了。给分高，风趣幽默，和蔼可亲，十分没差。
74432,3418,竺可桢,2018-02-23 07:56:24,-7,0,7,哈哈哈哈哈哈哈哈哈哈哈哈
74433,3418,竺可桢,2018-02-23 11:14:11,0,1,1,竺校长威武
74497,3418,竺可桢,2018-03-01 12:39:26,-7,0,7,哈哈哈哈哈
74772,3418,竺可桢,2018-03-06 00:48:48,0,1,1,hhhhh
74831,3418,竺可桢,2018-03-06 05:13:32,1,2,1,好！特别好！优秀的老师！每次开学都问我们两个问题！发人深思！
74857,3418,竺可桢,2018-03-06 06:39:11,0,0,0,两个问题用一生来回答。
74863,3418,竺可桢,2018-03-06 06:47:24,1,2,1,非常棒
75131,3418,竺可桢,2018-03-07 12:27:24,0,0,0,大不自多
75149,3418,竺可桢,2018-03-07 14:22:08,2,2,0,点名怎么来的…………
75150,3418,竺可桢,2018-03-07 14:27:05,3,4,1,竺校长生日快乐
75225,3418,竺可桢,2018-04-27 10:13:50,0,1,1,两个问题
75250,3418,竺可桢,2018-03-08 07:13:15,0,0,0,竺可桢
75283,3418,竺可桢,2018-07-09 09:45:38,-49,0,49,来快活啊
75532,3418,竺可桢,2018-03-13 04:01:56,6,6,0,每天晚上11:30开始上课
76073,3418,竺可桢,2018-03-26 07:53:28,2,2,0,老师每天站在月牙楼前，风雨无阻，不分昼夜～
76200,3418,竺可桢,2018-03-29 02:12:53,0,1,1,老校长吼哇
76278,3418,竺可桢,2018-04-01 13:44:15,0,1,1,每天都被点名，不过人很帅
76382,3418,竺可桢,2018-04-06 02:15:58,0,0,0,清明纪念老校长\n\n
76384,3418,竺可桢,2018-04-06 02:46:45,137,139,2,云山苍苍，江水泱泱，先生之风，山高水长。
76398,3418,竺可桢,2018-04-07 12:45:51,69,72,3,他说，“财政须源源接济。用人校长有全权，不受政党干涉。而时间以半年为限。”
76419,3418,竺可桢,2018-04-08 16:25:27,0,0,0,两个问题
76564,3418,竺可桢,2018-04-15 08:16:12,0,0,0,那真是见了鬼了
76852,3418,竺可桢,2018-04-24 15:36:49,0,0,0,⁄(⁄ ⁄ ⁄ω⁄ ⁄ ⁄)⁄
76862,3418,竺可桢,2018-04-24 16:50:28,0,0,0,很不错
76934,3418,竺可桢,2018-04-26 06:11:47,-7,0,7,哈哈哈
76983,3418,竺可桢,2019-09-07 09:36:19,741,808,67,现在的校长脑子进浆糊了，他在您名下的学院，设立的奖学金全看标兵，不看学习，个人成绩可以接近前5%，却只有三奖，只因标兵。失落的我想起了您的两个问题，我才发觉：到大学来不应以拿奖为目的，专业课的学习才是核心。是您的两个问题，使得我没有因为当前的头昏校长的leaning scholarship下迷失方向。（真希望您一直带领我们，镇守求是之魂）（如果可以的话，您也可以把我们现在的校长带去管教一下，别再让他玷污求是精神了） 您才是我的信仰\n\n
77144,3418,竺可桢,2018-05-03 02:23:10,0,1,1,非常好
77199,3418,竺可桢,2018-05-03 14:33:49,0,0,0,我每次路过阳明桥都会和先生偶遇
77250,3418,竺可桢,2018-05-04 06:24:39,0,1,1,好好好
77386,3418,竺可桢,2018-05-05 08:17:23,0,0,0,希望自己能给两个问题一个满意的回答
77408,3418,竺可桢,2018-05-05 11:35:47,0,1,1,我就想好好回答那两个问题
77454,3418,竺可桢,2018-05-05 15:58:35,3,3,0,我浙之魂啊
77575,3418,竺可桢,2018-05-06 14:47:48,1,2,1,真感谢有先生这样的老师?
77623,3418,竺可桢,2018-05-07 03:09:02,-10,0,10,。。。
77851,3418,竺可桢,2018-05-08 06:52:55,0,1,1,还没听过他上课
78149,3418,竺可桢,2018-05-09 13:51:45,1,2,1,楼下是故意给所谓北大招黑的？
78200,3418,竺可桢,2018-05-10 03:05:57,5,5,0,为什么不是满分而是9.99?
78490,3418,竺可桢,2018-05-12 09:42:40,1,1,0,发人深省的两个问题。。。总是让人惭愧?
79014,3418,竺可桢,2018-05-20 17:18:34,2,2,0,两个问题，没勇气回答啊，结果太烂了～～
79152,3418,竺可桢,2018-05-24 13:21:00,0,1,1,棒棒哒
79226,3418,竺可桢,2018-05-28 04:58:00,4,6,2,评论里面这么多戏精的嘛…
79395,3418,竺可桢,2018-06-03 08:10:40,2,4,2,诸位在校，有两个问题需要自己问问。
79489,3418,竺可桢,2018-06-07 00:58:41,0,0,0,两道题
79527,3418,竺可桢,2018-06-08 03:18:50,2,4,2,和蔡元培、梅贻琦先生一样，是我心中永远值得尊敬的校长！
79553,3418,竺可桢,2018-06-09 04:47:33,2,2,0,虽然校长没开口进过话，不过精神上感召非常强烈。
79671,3418,竺可桢,2018-06-12 14:31:36,0,0,0,超级棒
79688,3418,竺可桢,2018-06-12 17:04:50,0,0,0,666
79717,3418,竺可桢,2018-06-13 03:47:46,1,1,0,很和蔼喔
79779,3418,竺可桢,2018-06-13 12:58:55,1,1,0,听说至少要写三个字
79808,3418,竺可桢,2018-06-14 02:18:43,0,1,1,我爱竺可桢
79824,3418,竺可桢,2018-06-14 04:33:23,5,5,0,校长每节课只问两个问题。小生不才，可能需要八年或者更长时间才能回答。
79843,3418,竺可桢,2018-06-14 08:45:11,4,4,0,学求真理，行求正义
79955,3418,竺可桢,2018-06-16 11:02:46,-3,1,4,。。。
79970,3418,竺可桢,2018-06-17 11:57:38,1,2,1,大不自多，海纳江河
80013,3418,竺可桢,2018-06-19 04:00:38,0,1,1,校长是伟大的
80037,3418,竺可桢,2018-06-19 06:31:37,6,6,0,好希望竺老能点一点我的名字，唉可惜……\n\n何时我浙才能回到竺老的时代，重拾东方剑桥之荣光？
80040,3418,竺可桢,2018-06-19 06:55:54,7,8,1,日常帮竺校长刷分
80241,3418,竺可桢,2018-06-22 11:36:44,0,0,0,享受。
80353,3418,竺可桢,2018-06-25 12:04:01,11,12,1,竺校长，我感觉浙大现在没有您带领的时候好，现在求是精神在何处呢
80386,3418,竺可桢,2018-06-26 02:06:29,2,2,0,虽然只有两个问题但真的很难
80512,3418,竺可桢,2018-06-27 09:02:56,-12,0,12,三个字
80546,3418,竺可桢,2018-06-27 18:32:47,2,5,3,浙大的求是魂啊!???
81090,3418,竺可桢,2018-07-04 00:52:11,3,4,1,每天晚上12点，南华园可还行？
81201,3418,竺可桢,2018-07-04 09:09:57,2,2,0,点不点名难倒我了
81229,3418,竺可桢,2018-07-04 11:12:01,-12,0,12,三个字
81465,3418,竺可桢,2018-07-05 07:02:16,0,2,2,缅怀竺老校长，当之无愧的浙大人心目中的男神。
81874,3418,竺可桢,2018-07-06 10:45:11,2,2,0,妙啊，
82008,3418,竺可桢,2018-07-06 23:52:44,0,2,2,楼下那位真是打扰了
83077,3418,竺可桢,2018-07-09 15:24:30,1,1,0,回来看看。
83710,3418,竺可桢,2018-07-11 05:02:37,7,10,3,希望其他老师的评论下都能像校长这下面的素质。某些老师不行，不要人身攻击和带把子，不然怎么配回答两个问题？
84436,3418,竺可桢,2018-07-13 00:21:01,0,1,1,竺校长很棒呦呦呦呦
84799,3418,竺可桢,2018-07-14 01:52:35,12,12,0,只问是非，不计利害。
85359,3418,竺可桢,2018-07-17 08:24:26,0,1,1,只问两个问题
85697,3418,竺可桢,2018-07-26 10:50:36,0,0,0,只问两个问题
85739,3418,竺可桢,2018-08-01 07:17:08,0,0,0,超级棒！
85789,3418,竺可桢,2018-08-10 04:02:30,0,0,0,厉害厉害厉害
85819,3418,竺可桢,2018-08-19 03:42:58,0,0,0,听课体验极好
85844,3418,竺可桢,2018-08-22 01:53:02,3,3,0,两个问题真难
85847,3418,竺可桢,2018-08-22 11:20:14,1,1,0,四年就只用回答两个问题，你觉得呢？
85849,3418,竺可桢,2018-08-22 12:44:43,0,0,0,俩问题
85850,3418,竺可桢,2018-08-22 14:35:32,2,2,0,情怀之课\n\n深思之问
85858,3418,竺可桢,2018-08-23 08:27:24,1,2,1,只有两个问题
85863,3418,竺可桢,2018-08-24 04:32:53,0,0,0,神明对灵魂的叩问
85864,3418,竺可桢,2018-08-24 08:08:46,0,1,1,特别有趣
85867,3418,竺可桢,2018-08-24 12:43:28,0,1,1,上课真的只问两个问题
85868,3418,竺可桢,2018-08-24 12:58:13,0,1,1,太好听了竺校长的课
85869,3418,竺可桢,2018-08-24 14:06:28,-7,2,9,爱的体验
85873,3418,竺可桢,2018-08-24 23:41:59,-3,0,3,厉害了
85874,3418,竺可桢,2018-08-25 00:13:27,0,1,1,很厉害
85875,3418,竺可桢,2018-08-25 00:13:29,0,0,0,唉，两个问题太感人了
85878,3418,竺可桢,2018-08-25 06:31:36,8,8,0,问问题很少，但是学到的很多
85879,3418,竺可桢,2018-09-18 12:21:32,6,7,1,暖心 很有人文底蕴和历史情怀
85880,3418,竺可桢,2018-08-25 03:28:53,0,1,1,很不错
85886,3418,竺可桢,2018-08-25 03:57:30,0,1,1,还可以
85888,3418,竺可桢,2018-08-25 04:56:17,0,1,1,超级好\n\n好的无话可说
85890,3418,竺可桢,2018-08-25 06:22:50,0,0,0,校长我爱你
85891,3418,竺可桢,2018-08-25 06:49:03,0,0,0,精神享受
85893,3418,竺可桢,2018-08-25 08:43:01,0,0,0,666
85900,3418,竺可桢,2018-08-25 10:20:50,0,0,0,帅帅帅帅
85906,3418,竺可桢,2018-08-25 10:33:46,0,2,2,竺老英魂佑我浙大脚踩清华 踢翻北大  拳打哈佛   完胜剑桥
85907,3418,竺可桢,2018-08-25 10:35:49,0,0,0,值得思考
85908,3418,竺可桢,2018-09-19 10:15:58,1,3,2,每天都要见老师一面，这才是一天的开始
85917,3418,竺可桢,2018-08-25 11:17:44,1,1,0,哈哈哈哈哈哈超可爱的老爷子!课堂充实有趣!
85919,3418,竺可桢,2018-08-25 11:25:31,1,2,1,太棒了
85923,3418,竺可桢,2018-08-25 11:49:51,0,1,1,每节课都有两个问题
85931,3418,竺可桢,2018-08-25 12:09:44,0,1,1,老师特别好
85935,3418,竺可桢,2018-08-25 12:27:25,0,1,1,受益匪浅
85937,3418,竺可桢,2018-08-25 12:38:50,4,7,3,你们都是在阴间听课的吗？
85942,3418,竺可桢,2018-08-25 14:17:07,2,2,0,四几年，我和老校长谈笑风生
85944,3418,竺可桢,2018-08-25 14:30:27,0,1,1,666
85945,3418,竺可桢,2018-08-25 14:47:31,0,1,1,非常好哇
85947,3418,竺可桢,2018-08-25 15:45:52,0,2,2,非常棒
85950,3418,竺可桢,2018-08-25 17:01:57,2,2,0,传说一般的人物，神一样的校长
85954,3418,竺可桢,2018-09-17 06:57:05,1,2,1,难以言说 只能体会
85957,3418,竺可桢,2018-08-26 04:03:23,0,1,1,讲课讲的非常好，感觉能学到很多东西
85960,3418,竺可桢,2018-08-26 05:37:33,0,1,1,挺好的非常棒
85961,3418,竺可桢,2018-08-26 05:45:46,0,1,1,伟大教育家
85962,3418,竺可桢,2018-08-26 05:59:01,0,1,1,好想听
85964,3418,竺可桢,2018-08-26 06:46:00,0,1,1,好好好
85967,3418,竺可桢,2018-08-26 07:57:19,4,4,0,真正的大佬，上课只提两个问题，
85969,3418,竺可桢,2018-09-29 02:31:18,0,0,0,可以的
85970,3418,竺可桢,2018-08-26 08:14:22,4,5,1,风姿笔挺，霜雪无改。
85971,3418,竺可桢,2018-08-26 08:21:33,0,1,1,讲得特别好，他的课超难选上的
85974,3418,竺可桢,2018-08-26 09:46:19,0,0,0,good
85975,3418,竺可桢,2018-08-26 12:21:23,1,1,0,讲课很棒，就是时间总在半夜，看得也不太清楚。
85976,3418,竺可桢,2018-08-26 10:35:11,2,4,2,题目不多，就是要用一生去回答（敬竺老）
85977,3418,竺可桢,2018-08-26 10:37:11,0,1,1,非常好
85978,3418,竺可桢,2018-09-07 23:08:23,5,6,1,竺老  我是2018级新生  今天是9月8日  来求雨。。。
85987,3418,竺可桢,2018-08-26 11:36:56,0,1,1,两个问题
85996,3418,竺可桢,2018-08-26 12:32:20,1,2,1,真的只问两个问题！
86001,3418,竺可桢,2018-08-26 13:11:23,-7,0,7,，，，
86002,3418,竺可桢,2018-08-26 13:12:59,0,0,0,为竺老校长打十分，课上不要点名就更好了
86004,3418,竺可桢,2018-08-26 23:17:18,1,1,0,不仅每天上课只问两个问题，而且还没有正态分布！
86009,3418,竺可桢,2018-08-27 01:45:19,1,3,2,日常军训求雨，虽然不太好意思，因为两个问题的作业过了一个暑假还没完成
86012,3418,竺可桢,2018-08-27 02:16:18,7,7,0,没听过。但是竺老的两问可是无处不在
86013,3418,竺可桢,2018-09-19 03:11:12,2,3,1,10分！保佑绩点！
86016,3418,竺可桢,2018-08-30 05:58:26,2,3,1,。。。凑字数
86020,3418,竺可桢,2018-08-27 07:50:12,0,0,0,竺老好
86024,3418,竺可桢,2018-08-27 09:31:19,0,0,0,两个问题特别难。
86025,3418,竺可桢,2018-08-27 10:12:29,0,0,0,有深度！永恒之问！
86026,3418,竺可桢,2018-08-27 10:27:18,-5,1,6,皮这一下我很开心
86027,3418,竺可桢,2018-08-27 11:11:34,1,1,0,深思着两个问题，我顿时就有了生活的希望。
86028,3418,竺可桢,2018-08-27 11:11:35,0,1,1,特别好
86029,3418,竺可桢,2018-08-27 13:59:44,0,1,1,好!!
86030,3418,竺可桢,2018-08-27 14:14:17,0,1,1,竺校长可帅啦
86033,3418,竺可桢,2018-08-27 16:19:18,0,1,1,两个问题
86096,3418,竺可桢,2018-09-06 11:18:30,0,1,1,两个问题。。。。。
86100,3418,竺可桢,2018-09-07 04:08:29,0,2,2,拜竺老，求军训训练下雨，休息雨停！
86197,3418,竺可桢,2018-09-10 10:38:07,1,1,0,虽然每天上课都被老师的两个问题问倒，可是老师真的博学多才，温和儒雅，谦谦君子，我辈典范。为老师疯狂打call~
86212,3418,竺可桢,2018-09-10 13:22:55,0,1,1,。。。
86217,3418,竺可桢,2018-09-10 15:20:17,-7,0,7,！23
86218,3418,竺可桢,2018-09-10 15:22:48,1,2,1,mdltql 你们评论怎么写出来的呃
86257,3418,竺可桢,2018-09-13 22:28:13,0,1,1,老校长啊
86275,3418,竺可桢,2018-09-21 06:09:45,0,1,1,好得不得了
86285,3418,竺可桢,2018-09-12 03:54:46,0,1,1,很赞！
86290,3418,竺可桢,2018-09-12 08:11:58,1,2,1,爽爽爽
86298,3418,竺可桢,2018-09-12 14:00:11,0,1,1,太棒了
86307,3418,竺可桢,2018-09-13 05:05:00,0,1,1,昔言求是，实启尔求真
86308,3418,竺可桢,2018-09-13 05:23:59,0,1,1,竺校长是个好校长
86309,3418,竺可桢,2018-09-13 06:29:17,0,1,1,竺老个人魅力很强的，听他的课真的是一种享受
86313,3418,竺可桢,2018-09-13 10:50:15,-3,1,4,求保佑
86352,3418,竺可桢,2018-09-14 00:29:31,0,0,0,很棒棒
86357,3418,竺可桢,2018-09-14 02:05:47,3,3,0,如雷贯耳，振聋发聩。仅仅两个问题，就不知到如何回答。
86366,3418,竺可桢,2018-09-14 04:36:07,-13,0,13,眼不见，心不烦
86367,3418,竺可桢,2018-09-14 04:40:15,1,1,0,会点名，给分不错。?
86397,3418,竺可桢,2018-09-15 03:15:20,5,5,0,一日竺校长，一生求是魂
86400,3418,竺可桢,2018-09-15 04:57:11,0,0,0,
86423,3418,竺可桢,2018-09-15 23:53:51,0,0,0,非常好
86427,3418,竺可桢,2018-09-16 01:35:21,1,2,1,上课只问两个问题
86433,3418,竺可桢,2018-09-16 05:11:47,0,0,0,好老师，真的棒！满绩稳稳的！
86444,3418,竺可桢,2018-09-16 08:10:22,-33,0,33,没听过…
86449,3418,竺可桢,2018-09-16 09:36:40,1,1,0,梦里都可以听见两个问题
86453,3418,竺可桢,2018-09-18 05:41:56,0,1,1,上他的课我感觉灵魂出窍
86455,3418,竺可桢,2018-09-16 11:52:20,0,1,1,两个深刻隽永的问题
86456,3418,竺可桢,2018-09-16 11:55:13,1,1,0,竺老先生可帅了呢qw天天站在月牙楼前面等我下课
86457,3418,竺可桢,2018-09-16 12:03:06,0,0,0,萌萌哒
86468,3418,竺可桢,2018-09-16 15:07:14,0,0,0,好开心
86472,3418,竺可桢,2018-09-16 22:24:24,0,0,0,如沐春风
86483,3418,竺可桢,2018-09-17 00:49:51,1,1,0,灵魂两问
86497,3418,竺可桢,2018-09-17 01:59:10,0,0,0,每堂课都问两个问题
86578,3418,竺可桢,2018-09-17 09:34:57,2,2,0,公忠坚毅
86629,3418,竺可桢,2018-09-17 13:57:38,1,1,0,回答好两个问题就会有很多收获
86631,3418,竺可桢,2018-09-17 14:24:00,1,1,0,妙啊。。
86635,3418,竺可桢,2018-09-17 14:54:24,1,1,0,竺老和蔼可亲
86646,3418,竺可桢,2018-09-18 07:50:47,1,1,0,爽～～
86698,3418,竺可桢,2018-09-18 04:44:53,1,1,0,让人不断思考人生
86707,3418,竺可桢,2018-09-18 05:38:01,0,0,0,啥啥啥
86709,3418,竺可桢,2018-09-18 05:41:34,0,0,0,唯学无际，际于天地
86726,3418,竺可桢,2018-09-18 06:42:53,0,1,1,最强神话
86729,3418,竺可桢,2018-09-18 06:50:07,1,1,0,每次只问两个问题
86751,3418,竺可桢,2018-09-18 10:29:57,2,2,0,愿竺校长保佑均绩4+
86780,3418,竺可桢,2018-09-18 16:17:51,0,0,0,国立浙江大学
86795,3418,竺可桢,2018-09-19 00:49:53,0,0,0,极好。
86801,3418,竺可桢,2018-09-19 01:40:43,-3,0,3,非常舒服
86807,3418,竺可桢,2018-09-19 01:50:06,0,0,0,快乐:)
86814,3418,竺可桢,2018-09-19 02:14:37,0,0,0,两个问题~
86824,3418,竺可桢,2018-09-19 03:01:03,0,0,0,炒鸡好
86830,3418,竺可桢,2018-09-19 03:16:12,1,1,0,保佑我绩点不下四
86869,3418,竺可桢,2018-09-19 06:32:21,3,5,2,虽然阴差阳错没有选到老师的课，但还是感受到了老师的遗泽，泱泱大浙，兴盛繁荣。一
86935,3418,竺可桢,2018-09-19 12:17:21,3,5,2,4年两问
86936,3418,竺可桢,2018-09-19 12:20:54,4,4,0,竺老校长保佑我上4吧（っ╹◡╹)ﾉ❀
86974,3418,竺可桢,2018-09-20 00:21:51,1,2,1,听完课整个人一激灵
87046,3418,竺可桢,2018-09-20 05:36:14,0,0,0,好好好
87113,3418,竺可桢,2018-09-20 12:12:46,0,0,0,牛逼的很
87117,3418,竺可桢,2018-09-20 13:13:16,1,1,0,不点名 也不需要点名 竺校长的课没人会翘 每天必问两个问题 上课很和蔼 给分也好得很
87135,3418,竺可桢,2018-09-21 01:35:44,0,0,0,回答我的问题
87143,3418,竺可桢,2018-09-21 02:27:21,0,0,0,好好好
87159,3418,竺可桢,2018-09-21 03:24:53,0,0,0,天天看着我上学
87175,3418,竺可桢,2018-09-21 08:07:11,0,0,0,好啊好啊
87195,3418,竺可桢,2018-09-22 02:09:22,0,0,0,老师的课非常有哲理，让人获益匪浅，特别棒！！！
87252,3418,竺可桢,2018-09-26 06:35:14,1,1,0,每天看到校长时都会问问自己那两个问题
87326,3418,竺可桢,2018-09-27 05:10:08,1,1,0,我是第1500个
87347,3418,竺可桢,2018-09-27 07:51:58,1,1,0,为什么不是十分
87350,3418,竺可桢,2018-09-27 08:39:42,1,2,1,极好。给分也很好。很棒的体验！
87405,3418,竺可桢,2018-09-28 07:49:22,1,1,0,求是，求真。
87425,3418,竺可桢,2018-09-29 00:57:11,0,0,0,老师很好，真的只问两个问题。。
87491,3418,竺可桢,2018-09-29 14:29:00,2,2,0,振聋发聩的两个问题
87522,3418,竺可桢,2018-10-01 01:20:49,38,38,0,校长啊，对不起你，现在的一奖真的是什么阿猫阿狗都可以拿了。
87527,3418,竺可桢,2018-10-01 12:17:01,1,2,1,选不上课 桑心\n\n问的问题很深刻，不过我还没答出来，以及不知道我在的浙大和问题中的那个 是不是同一个
87540,3418,竺可桢,2018-10-21 13:14:50,2,4,2,超级棒的老师！浙大保姆！
87542,3418,竺可桢,2018-10-04 02:55:29,1,1,0,还是怀念，但是我的两个问题还不会回答。
87587,3418,竺可桢,2018-10-08 03:00:22,0,0,0,真的爽\n\n
87589,3418,竺可桢,2018-10-08 03:23:04,0,0,0,经常被他单独谈话
87605,3418,竺可桢,2018-10-12 11:11:28,-9,0,9,水水过
87710,3418,竺可桢,2018-10-10 13:54:15,0,0,0,还有什么比考前告知题目更舒服的
87743,3418,竺可桢,2018-10-11 06:55:23,1,1,0,致敬竺老
87786,3418,竺可桢,2018-10-13 07:54:14,0,1,1,上课只问两个问题 每天都要思考这两个问题 真的受益匪浅
87811,3418,竺可桢,2018-10-15 00:36:37,0,1,1,。。。。。。。。。。。。。。。。。。。。
87844,3418,竺可桢,2018-10-15 13:54:29,0,0,0,萌萌哒
87886,3418,竺可桢,2018-10-17 01:33:11,0,0,0,感天动地好老师
87916,3418,竺可桢,2018-10-17 14:58:10,0,0,0,竺校长棒棒哒！
87951,3418,竺可桢,2018-10-18 12:07:56,0,0,0,10分不解释
87974,3418,竺可桢,2018-10-19 04:09:42,239,250,11,如果竺校长依旧是浙大校长，不知是否会接受思政课成为浙大学子的必修课，不知是否会让马工程教材成为指定教材，不知是否会为求业绩，盲目引进劣质留学生，不知是否会让师德能力皆差的老师站上讲台，不知是否能容得下来自学生的批评？\n\n尽管明明心中已有答案，却忍不住心存幻想，好怀念竺可桢老校长那一代大师！
87980,3418,竺可桢,2018-10-19 07:13:39,5,8,3,諸位在校 有兩個問題要問問自己\n\n求是餅吃了嗎 求是魂看了嗎
87986,3418,竺可桢,2018-10-19 11:00:55,0,0,0,真的只问两个问题....
88060,3418,竺可桢,2018-10-21 09:48:00,0,0,0,收获颇丰
88061,3418,竺可桢,2018-10-21 10:21:57,8,8,0,每天从月牙楼前都能看到老校长给我打招呼，太平易近人了吧
88106,3418,竺可桢,2018-10-22 08:07:35,43,46,3,诸位在校，有两个问题要自己问问\n\n第一，为什么我的评分不是十分？\n\n第二，为什么会有一半人认为我会点名？
88166,3418,竺可桢,2018-10-23 08:20:49,0,0,0,妙得很！
88169,3418,竺可桢,2018-10-23 08:50:59,2,2,0,竺老爷子真好
88173,3418,竺可桢,2018-10-23 09:50:59,1,1,0,竺校长真的太好了 在校史馆里每每为别人讲述竺校长的故事我都深受感动 浙大最伟大校长
88174,3418,竺可桢,2018-10-23 10:20:39,0,0,0,怀念您！
88175,3418,竺可桢,2018-10-23 10:24:06,0,0,0,很有趣
88176,3418,竺可桢,2018-10-23 10:33:01,1,1,0,哈哈哈
88177,3418,竺可桢,2018-10-23 10:38:01,0,1,1,超级棒
88209,3418,竺可桢,2018-10-24 05:25:03,0,0,0,好好好
88233,3418,竺可桢,2018-10-24 14:26:51,0,0,0,好极了
88234,3418,竺可桢,2018-10-24 14:40:18,-11,0,11,没听过
88236,3418,竺可桢,2018-10-24 15:43:06,0,0,0,考试只考两个问题
88320,3418,竺可桢,2018-10-28 10:22:22,6,6,0,大道至简
88349,3418,竺可桢,2018-10-29 07:00:50,-3,0,3,。。。
88409,3418,竺可桢,2018-10-30 08:36:04,0,0,0,路过评分
88481,3418,竺可桢,2018-10-31 07:37:37,0,1,1,叫上我吧
88529,3418,竺可桢,2018-11-01 01:32:39,0,0,0,特别好
88569,3418,竺可桢,2018-11-01 15:24:15,27,29,2,竺老校长一生推崇求是创新，怎么这个时候为了一个比赛就可以把路边的校训标牌给撤了?
88597,3418,竺可桢,2018-11-03 02:33:57,21,23,2,zd的目标真的是培养德智体美劳全面发展、具有全球竞争力的领导人才吗，为什么我遇到了很多在课程小组里面只想水水、讨论分锅的那几天一句话都不说、敷衍了事、连个收到都不回复的人
88602,3418,竺可桢,2018-11-03 09:37:31,0,1,1,好好好
88609,3418,竺可桢,2018-11-03 14:40:14,0,0,0,zsbd
88696,3418,竺可桢,2018-11-06 03:28:21,0,1,1,声音富有磁性
88741,3418,竺可桢,2018-11-07 05:56:02,1,1,0,每天都只问两个问题
88746,3418,竺可桢,2018-11-07 07:02:52,0,1,1,装作听过的样子
88782,3418,竺可桢,2018-11-08 01:20:39,0,0,0,非常棒
88789,3418,竺可桢,2018-11-08 07:01:32,-98,1,99,讲的不好
88797,3418,竺可桢,2018-11-08 07:13:45,0,0,0,只有2个问题哦
88840,3418,竺可桢,2018-11-09 12:43:35,0,0,0,好老师
88850,3418,竺可桢,2018-11-10 02:56:09,1,1,0,最棒的老师无疑了
88869,3418,竺可桢,2018-11-11 06:29:27,1,1,0,…………
88908,3418,竺可桢,2018-11-12 05:29:14,0,1,1,两个问题
88914,3418,竺可桢,2018-11-12 07:10:07,4,5,1,看来你们有的人忘了我的两个问题
88919,3418,竺可桢,2018-11-12 10:19:49,0,1,1,好好好
88957,3418,竺可桢,2018-11-12 14:15:53,1,1,0,考试只问两个问题，挺不好回答的。
88963,3418,竺可桢,2018-11-13 00:21:01,9,9,0,听竺老讲课，是一种享受，下课了，竺老还会和我一起吃饭，并用眼神和我交流
88987,3418,竺可桢,2018-11-13 10:49:59,2,4,2,两个问题花了四年想。。。
89050,3418,竺可桢,2018-11-14 15:28:29,0,0,0,开心极了
89136,3418,竺可桢,2018-11-16 03:56:43,0,0,0,超级棒
89148,3418,竺可桢,2018-11-16 05:10:51,0,1,1,希望教育越来越好
89159,3418,竺可桢,2018-11-16 06:17:22,0,1,1,竺校长，大家风范
89203,3418,竺可桢,2018-11-16 16:51:13,10,10,0,考前漏题，不给答案，还是答不上，慎选
89371,3418,竺可桢,2018-11-19 01:08:35,0,0,0,帅去了
89411,3418,竺可桢,2018-11-19 03:26:13,0,6,6,竺院学生来打个10分
89435,3418,竺可桢,2018-11-19 06:49:25,0,0,0,?
89575,3418,竺可桢,2018-11-19 16:45:57,3,5,2,精神领袖
89593,3418,竺可桢,2018-11-20 01:46:30,0,0,0,很棒哦
89660,3418,竺可桢,2018-11-20 07:07:53,0,0,0,666
89737,3418,竺可桢,2018-11-20 12:52:18,0,0,0,每天上课只问两个问题
89887,3418,竺可桢,2018-11-21 06:58:11,0,0,0,老师问问题！
89889,3418,竺可桢,2018-11-21 07:03:18,1,1,0,棒棒哒
89989,3418,竺可桢,2018-11-21 13:06:02,1,1,0,好好好
89996,3418,竺可桢,2018-11-21 13:23:40,6,8,2,两个问题好好回答，这辈子都不会挂
90026,3418,竺可桢,2018-11-21 17:08:52,1,2,1,竺校长！
90591,3418,竺可桢,2018-11-24 08:54:23,12,12,0,真的希望和您一样合格地共享”浙大人”这个至高无上的荣誉称号阿..
90748,3418,竺可桢,2018-11-25 15:28:54,2,2,0,完了，两年了一个问题都没想清
90752,3418,竺可桢,2018-11-25 16:34:44,0,0,0,。。。
90804,3418,竺可桢,2018-11-26 07:17:46,0,0,0,
90811,3418,竺可桢,2018-11-26 07:41:47,0,0,0,哎哎哎
90864,3418,竺可桢,2018-11-26 23:54:11,5,6,1,每天看到竺老，有了活下去的勇气（来自一个刚被正态的学生的内心独白）
90925,3418,竺可桢,2018-11-27 13:07:20,1,1,0,时刻铭记两个问题\n\n老师在的时候还没有正态这个鬼东西
90962,3418,竺可桢,2018-11-28 05:52:19,1,1,0,棒棒棒
90974,3418,竺可桢,2018-11-28 08:32:28,34,35,1,希望竺老校长取消正态，尤其是抓阄决定的军训成绩。
91005,3418,竺可桢,2018-11-29 00:57:41,1,1,0,老师是我见过的最好的老师，平时分都会给满，还会单独辅导哦
91075,3418,竺可桢,2018-11-29 14:35:40,0,0,0,问题很有深度
91126,3418,竺可桢,2018-12-01 01:28:04,0,0,0,只会问两个问题
91162,3418,竺可桢,2018-12-02 11:53:56,0,0,0,真的好
91183,3418,竺可桢,2018-12-03 01:18:26,0,0,0,只问两个问题
91200,3418,竺可桢,2018-12-03 06:56:09,-3,0,3,哈哈哈
91212,3418,竺可桢,2018-12-03 11:25:32,38,41,3,竺校长啊，我们对不起您啊！当初日本打过来我们浙大都没停止办学，这次创青春西二教学楼怎么就被封了呢！竺老校长您开开眼吧，看看浙大成什么样子了
91256,3418,竺可桢,2018-12-04 10:29:38,-27,0,27,很尴尬
91333,3418,竺可桢,2018-12-06 05:15:11,0,0,0,上课两问题
91426,3418,竺可桢,2018-12-10 00:36:29,8,10,2,记得那是我在上思修课时，手机不争气，没电了，然后，竺可桢老校长的两个问题映入脑海，我便思考到了下课。
91585,3418,竺可桢,2018-12-14 08:15:44,0,0,0,哈哈哈
91651,3418,竺可桢,2018-12-17 08:43:11,0,0,0,上课就两个问题
91661,3418,竺可桢,2018-12-17 10:53:08,1,1,0,爱您哦
91715,3418,竺可桢,2018-12-25 03:43:56,1,1,0,老师上课不说话，但懂得都懂
91759,3418,竺可桢,2018-12-19 13:04:51,1,1,0,比心心
91799,3418,竺可桢,2018-12-20 09:53:32,1,1,0,浙大求是之魂永不灭
91811,3418,竺可桢,2018-12-21 03:27:59,0,0,0,好好好哇！
91821,3418,竺可桢,2018-12-21 07:20:54,1,1,0,校长牛批
91944,3418,竺可桢,2018-12-25 05:30:44,1,1,0,红红火火恍恍惚惚
91968,3418,竺可桢,2018-12-25 06:34:01,2,2,0,两个问题能做一辈子
91992,3418,竺可桢,2018-12-25 08:41:10,0,0,0,好校长
92014,3418,竺可桢,2018-12-25 12:01:06,0,0,0,心驰神往
92017,3418,竺可桢,2018-12-25 12:08:05,1,1,0,老师人特别好！给分也棒！考试只问两个问题。就是学时太长了，要整整四年。
92026,3418,竺可桢,2018-12-25 12:54:32,0,0,0,aas
92047,3418,竺可桢,2018-12-25 15:34:22,39,43,4,真的好老师，碾压你们北大俞建江
92055,3418,竺可桢,2018-12-25 16:51:33,0,0,0,zsbd
92113,3418,竺可桢,2018-12-26 12:36:47,1,1,0,
92134,3418,竺可桢,2018-12-26 14:55:08,1,1,0,两个问题超级好
92149,3418,竺可桢,2018-12-26 16:15:28,0,0,0,每天见竺老师
92163,3418,竺可桢,2018-12-27 01:19:46,4,5,1,此生无悔入浙大
92193,3418,竺可桢,2018-12-27 03:37:06,1,1,0,上课只问两个问题
92314,3418,竺可桢,2018-12-27 15:34:14,0,0,0,nb！
92334,3418,竺可桢,2018-12-28 01:46:54,5,5,0,身不能至，心向往之。
92358,3418,竺可桢,2018-12-28 03:45:12,15,15,0,不知道什么时候浙大能再迎来一位这样的校长
92467,3418,竺可桢,2018-12-29 11:04:05,0,0,0,...
92472,3418,竺可桢,2018-12-29 17:18:04,6,7,1,两个问题，需要用一辈子去思考
92482,3418,竺可桢,2018-12-30 06:31:52,0,0,0,希望所有浙大学子都能听先生的课
92497,3418,竺可桢,2018-12-31 10:41:22,6,6,0,常年月牙楼笑看学生来来往往～和蔼可亲～
92505,3418,竺可桢,2019-01-01 06:27:59,4,6,2,竺老校长风里雨里地在月牙楼前看着每个浙大学子
92520,3418,竺可桢,2019-01-01 21:15:48,0,0,0,校长很好的，特别好
92589,3418,竺可桢,2019-01-03 05:03:18,3,4,1,爱就是不问为什么
92617,3418,竺可桢,2019-01-03 06:32:22,0,0,0,666
92618,3418,竺可桢,2019-01-03 06:34:35,0,1,1,上了竺校长的课～满绩啦～超棒的老师
92622,3418,竺可桢,2019-01-03 06:52:52,8,10,2,碾压北大俞建江
92645,3418,竺可桢,2019-01-03 08:39:20,0,0,0,竺老超帅
92666,3418,竺可桢,2019-01-03 11:57:40,0,0,0,真好！！！
92762,3418,竺可桢,2019-01-04 08:18:57,0,0,0,Skr skr
92892,3418,竺可桢,2019-01-05 11:23:35,0,0,0,!!!
92922,3418,竺可桢,2019-01-05 16:19:53,0,0,0,好好好
92959,3418,竺可桢,2019-01-06 10:25:14,1,1,0,非常棒
93012,3418,竺可桢,2019-01-19 01:51:49,7,7,0,每次路过月牙楼都会和校长打招呼。
93069,3418,竺可桢,2019-01-07 07:40:30,0,0,0,超级棒
93106,3418,竺可桢,2019-01-07 10:54:12,7,8,1,老师讲课太好了叭！基本以讨论课为主！！而且每次就两个一样的问题
93158,3418,竺可桢,2019-01-07 19:39:48,3,6,3,想哭…您教书育人肯定和我老师不同
93159,3418,竺可桢,2019-01-07 22:06:36,21,21,0,唯一一个超越了李将云的男人
93230,3418,竺可桢,2019-01-08 07:34:18,1,1,0,嘻嘻嘻
93255,3418,竺可桢,2019-01-08 12:19:06,4,5,1,自他以后，再无这么好的校长
93264,3418,竺可桢,2019-01-08 12:49:06,7,7,0,不知道竺校长看到现在部分乌烟瘴气的课堂是什么感受
93285,3418,竺可桢,2019-01-08 23:28:04,0,0,0,666
93338,3418,竺可桢,2019-01-09 05:13:05,0,0,0,真正的大师!
93372,3418,竺可桢,2019-01-09 08:06:42,0,0,0,都是鬼才
93391,3418,竺可桢,2019-01-09 10:59:34,1,1,0,两个问题，你准备好了吗？
93538,3418,竺可桢,2019-01-10 08:06:32,0,0,0,很好呀
93649,3418,竺可桢,2019-01-11 05:36:33,0,0,0,棒棒哒
93696,3418,竺可桢,2019-01-12 02:40:22,0,0,0,老师超好的！
94144,3418,竺可桢,2019-01-15 09:53:12,0,0,0,真的好老师
94182,3418,竺可桢,2019-01-15 12:59:54,0,0,0,两个问题
94359,3418,竺可桢,2019-01-16 07:56:18,13,14,1,只问两个问题，思修考试就真实的验证了这一点。
94372,3418,竺可桢,2019-01-16 08:42:11,8,9,1,今天思修考试就考到竺校长了呢
94406,3418,竺可桢,2019-01-16 10:30:22,13,14,1,我的学习绝不是为了奖学金！
94437,3418,竺可桢,2019-01-16 12:40:48,-9,2,11,啦啦啦
94616,3418,竺可桢,2019-01-20 05:55:55,1,1,0,竺老两问，铭记在心
94765,3418,竺可桢,2019-01-18 05:39:51,1,1,0,引领浙大的好校长
94776,3418,竺可桢,2019-01-18 06:03:08,1,2,1,可能是四年里最难的一门课xxx
95127,3418,竺可桢,2019-01-19 00:46:07,1,1,0,只问两个问题
95331,3418,竺可桢,2019-01-19 08:33:54,18,20,2,对不起 两个问题答不出来思修凉了?
95446,3418,竺可桢,2019-01-19 12:01:03,0,0,0,只有俩问题
95613,3418,竺可桢,2019-01-19 16:13:33,2,5,3,两问出没于思修
95872,3418,竺可桢,2019-01-20 07:09:39,1,1,0,
96037,3418,竺可桢,2019-01-20 11:52:16,-248,6,254,这么靠后给个一分没人看得见吧
96357,3418,竺可桢,2019-01-21 01:07:54,4,4,0,期末就是两个问题，够我真的真的思考了四年
96491,3418,竺可桢,2019-01-21 05:10:37,1,1,0,两个问题还不会做...
96570,3418,竺可桢,2019-01-21 06:40:57,1,1,0,很好(✪▽✪)
96919,3418,竺可桢,2019-01-21 12:25:52,0,0,0,很棒啊
97054,3418,竺可桢,2019-01-21 15:24:09,0,0,0,哈哈哈
97070,3418,竺可桢,2019-01-21 15:43:07,0,0,0,牛逼，
97247,3418,竺可桢,2019-01-22 07:22:47,0,0,0,棒棒哒
97584,3418,竺可桢,2019-01-22 11:35:37,0,0,0,老师人很好，衣品好，就是两个问题不会答。上课体验极佳，明年还会再修的。
97601,3418,竺可桢,2019-01-22 11:53:22,1,2,1,春风化雨
97922,3418,竺可桢,2019-01-23 01:50:20,0,0,0,思修两个问题有点难，但是校长很帅，每天都拜倒在他的风衣底下
97930,3418,竺可桢,2019-01-23 02:01:47,59,66,7,竺校长把吴老校长带走吧，好好教育他呀
97976,3418,竺可桢,2019-01-23 03:13:43,0,0,0,太好听了
98270,3418,竺可桢,2019-01-23 08:57:23,1,1,0,真的好
98892,3418,竺可桢,2019-01-24 04:37:15,2,2,0,一门课上四年
99434,3418,竺可桢,2019-01-24 23:05:50,188,196,8,在查老师上，你只会看到拿着高分的人，嘴上说着给分不重要，然后大赞老师，心里还是觉得因为给分高而开心，而那些被给低分的人，从来都是随便给个理由骂老师，或者直接以绩杀否定老师。大家都挺功利的，没必要互怼。现在大家真的功利了许多，浙大真的在改变。竺老校长，学生有愧于您。
99639,3418,竺可桢,2019-01-25 04:22:43,1,2,1,Faith of truth
100125,3418,竺可桢,2019-01-25 15:24:23,0,0,0,常忆两个问题
100326,3418,竺可桢,2019-01-26 03:03:03,1,1,0,⭐️
100445,3418,竺可桢,2019-01-26 06:43:43,4,4,0,老校长两个问题让我对如今的浙大仍心怀憧憬和感激
100477,3418,竺可桢,2019-01-26 07:36:01,2,2,0,真希望听一次老校长的课啊……
100610,3418,竺可桢,2019-01-26 11:41:36,1,1,0,超级棒
100732,3418,竺可桢,2019-01-26 15:57:18,5,7,2,每天只问两个问题：我是怎么考进浙大的？浙大为什么会要我这样的人？
101475,3418,竺可桢,2019-01-28 09:13:45,0,0,0,超棒的\n\n
101844,3418,竺可桢,2019-01-29 08:59:12,5,7,2,希望现在浙大还能有一些竺老校长那样的老师，有愿意去解答两个问题的学生。
102539,3418,竺可桢,2019-02-05 16:07:55,3,3,0,给分好，不点名，两个问题竺lao自己已经回答过了。
102609,3418,竺可桢,2019-02-13 02:46:34,1,1,0,绝对最好的老师
102657,3418,竺可桢,2019-02-18 02:50:30,0,0,0,哈哈哈
102702,3418,竺可桢,2019-02-21 11:06:06,0,1,1,新学期开始前，先来评个10分
102739,3418,竺可桢,2019-02-22 05:49:05,1,1,0,竺校长威武
102836,3418,竺可桢,2019-02-24 03:01:18,0,0,0,
102908,3418,竺可桢,2019-02-25 02:21:16,0,0,0,开学了，随手一个十分
102933,3418,竺可桢,2019-02-25 04:41:48,1,2,1,校长的问题 我永远刻在心上
103026,3418,竺可桢,2019-02-25 12:14:01,-13,0,13,挺渗人的
103063,3418,竺可桢,2019-02-26 00:42:54,0,0,0,666
103104,3418,竺可桢,2019-02-26 03:29:07,2,3,1,吾辈当自强
103161,3418,竺可桢,2019-02-26 09:05:19,2,2,0,缅怀校长
103227,3418,竺可桢,2019-02-27 02:19:13,1,1,0,启真湖底水挺凉
103236,3418,竺可桢,2019-02-27 02:34:11,1,1,0,50%的点名你们是魔鬼吗
103243,3418,竺可桢,2019-02-27 03:05:54,0,0,0,
103274,3418,竺可桢,2019-02-27 06:06:17,1,1,0,谁听谁知道? ? ?
103281,3418,竺可桢,2019-02-27 06:43:57,0,0,0,有意思
103286,3418,竺可桢,2019-02-27 07:08:03,1,1,0,好好好！
103338,3418,竺可桢,2019-02-27 11:02:59,1,1,0,妙啊妙啊\n\n
103369,3418,竺可桢,2019-02-27 14:22:00,3,3,0,考试太难了，两个问题至今不会啊
103370,3418,竺可桢,2019-02-27 14:47:13,1,1,0,上课只问两个问题
103397,3418,竺可桢,2019-02-28 02:16:07,1,1,0,是灵魂交流的感觉
103480,3418,竺可桢,2019-02-28 10:45:54,2,4,2,竺老校长是我们上虞老乡！！\n\n最好的校长没有之一！！！
103499,3418,竺可桢,2019-02-28 14:27:43,5,5,0,心神合一，飘飘欲仙，似乎要引领我去一片学术的乐土，感谢老师，愿长伴先生左右。
103512,3418,竺可桢,2019-02-28 23:45:22,1,1,0,两个问题
103536,3418,竺可桢,2019-03-01 02:30:42,1,1,0,竺老两问时刻铭记
103628,3418,竺可桢,2019-03-02 14:25:27,5,6,1,就是因为您才对浙大充满向往，现在认清现实，而您依然是我的榜样，您的精神依然是我的信仰。
103724,3418,竺可桢,2019-03-04 15:34:26,6,6,0,希望在离开学校的时候能回答您两个问题
103728,3418,竺可桢,2019-03-04 16:28:23,1,2,1,看到诸位的留言，我很欣慰
103783,3418,竺可桢,2019-03-05 12:23:51,0,0,0,上课点名噢
103801,3418,竺可桢,2019-03-06 01:01:56,2,2,0,? ? ? \n\n
103882,3418,竺可桢,2019-03-07 02:38:10,2,2,0,今天是竺老校长的生日
103891,3418,竺可桢,2019-03-07 03:48:40,6,6,0,今天是竺老校长诞辰119周年，虽然我没有机会聆听竺老的教诲，但竺老一直是我辈浙大人的精神领袖！祝竺老校长生日快乐！
103898,3418,竺可桢,2019-03-07 05:32:56,1,1,0,竺老生快
103905,3418,竺可桢,2019-03-07 06:43:36,24,25,1,今天是竺可桢校长的生日，转发五个群然后祝他生日快乐，你这个期末就会有五门满绩。你们一定以为我是开玩笑但是今天真的是竺老校长的生日。致敬竺校长！
103906,3418,竺可桢,2019-03-07 06:43:59,1,1,0,校长生日快乐！！！
103924,3418,竺可桢,2019-03-07 09:16:05,1,1,0,今天是2019.3.7~祝竺老校长生日快乐~
103926,3418,竺可桢,2019-03-07 09:19:34,1,1,0,竺老校长生日快乐
103931,3418,竺可桢,2019-03-07 11:34:57,0,1,1,竺可桢老校长生日快乐呀
103933,3418,竺可桢,2019-03-07 11:43:56,1,1,0,竺老校长生日快乐！\n\n
103935,3418,竺可桢,2019-03-07 12:47:39,4,6,2,竺老生日快乐鸭
103936,3418,竺可桢,2019-03-07 14:38:11,0,0,0,神往已久
103965,3418,竺可桢,2019-03-08 04:13:27,1,1,0,生日快乐！
103978,3418,竺可桢,2019-03-08 07:33:44,4,5,1,老师老师，你的棺材板我压不住了！
104004,3418,竺可桢,2019-03-09 03:26:11,0,0,0,老校长
104074,3418,竺可桢,2019-03-11 12:48:31,0,0,0,很好的
104103,3418,竺可桢,2019-03-12 03:59:07,1,1,0,谢谢校长
104199,3418,竺可桢,2019-03-14 00:26:03,0,0,0,先生之风 山高水长
104480,3418,竺可桢,2019-03-21 09:40:54,1,1,0,爱竺老校长
104516,3418,竺可桢,2019-03-22 06:07:56,1,1,0,❤️ ❤️ ❤️
104661,3418,竺可桢,2019-03-26 02:00:28,1,1,0,? ? 爱您！
104760,3418,竺可桢,2019-03-27 07:07:27,0,0,0,受用终身
104790,3418,竺可桢,2019-03-28 02:20:19,0,3,3,他说，这个学期要给我所有课程满绩
104933,3418,竺可桢,2019-03-31 11:56:56,1,1,0,每天上课两个问题~\n\n每次经过月牙楼都跟您打招呼，您都会问两个问题。
104997,3418,竺可桢,2019-04-02 02:23:51,0,0,0,两个问题问了好多年.一直铭记于心.
105084,3418,竺可桢,2019-04-03 10:36:48,0,0,0,校长人超级好的ヾ ^_^♪
105092,3418,竺可桢,2019-04-03 12:29:27,9,9,0,先生之风，山高水长\n\n两问铭记，受教终身\n\n第一次评论要给您呀！
105265,3418,竺可桢,2019-04-09 01:44:56,0,0,0,听得懂
105317,3418,竺可桢,2019-04-10 02:24:12,1,1,0,竺老千古
105329,3418,竺可桢,2019-04-10 03:36:13,1,1,0,先生之风
105380,3418,竺可桢,2019-04-11 04:25:31,0,0,0,爱你爱你爱你(ɔˆ ³(ˆ⌣ˆc)\n\n
105392,3418,竺可桢,2019-04-11 10:16:18,0,0,0,好好好
105450,3418,竺可桢,2019-04-14 08:34:17,0,0,0,上课只问2个问题\n\n
105713,3418,竺可桢,2019-04-19 00:36:58,9,10,1,路过他都会有一丝感动，如果没有他，社科学子在浙大找不到归属感。
105826,3418,竺可桢,2019-04-21 12:17:39,106,110,4,【复制前辈的话】如果竺校长依旧是浙大校长，不知是否会接受思政课成为浙大学子的必修课，不知是否会让马工程教材成为指定教材，不知是否会为求业绩，盲目引进劣质留学生，不知是否会让师德能力皆差的老师站上讲台，不知是否能容得下来自学生的批评？ 尽管明明心中已有答案，却忍不住心存幻想，好怀念竺可桢老校长那一代大师！\n\n\n\n\n\n人文学子在浙大真的没有归属感！
105923,3418,竺可桢,2019-04-23 07:40:39,2,4,2,考试周来看看您，祝我接下来的考试顺利?\n\n
106012,3418,竺可桢,2019-04-24 09:35:36,0,0,0,怀念难忘
106024,3418,竺可桢,2019-04-24 10:58:25,0,0,0,真好啊
106497,3418,竺可桢,2019-04-28 02:02:01,3,5,2,对不起啊老师，我还是没办法答好您的两个问题
106785,3418,竺可桢,2019-04-29 12:40:53,1,1,0,缅怀老校长
106995,3418,竺可桢,2019-04-30 15:10:47,0,0,0,耶耶耶
107363,3418,竺可桢,2019-05-04 09:06:59,0,1,1,perpetual
107424,3418,竺可桢,2019-05-05 06:05:09,1,2,1,老师上课会问两个问题，值得思考
107550,3418,竺可桢,2019-05-06 11:52:33,2,3,1,俞建江到底是谁？
107573,3418,竺可桢,2019-05-07 02:23:12,2,2,0,竺校长好
107694,3418,竺可桢,2019-05-08 10:36:15,1,34,33,校长您快看看现在的浙大成啥样了啊，您要是有灵就把吴朝晖带走吧
107695,3418,竺可桢,2019-05-08 10:38:46,1,1,0,10分点名
108041,3418,竺可桢,2019-05-14 00:27:01,1,1,0,两个问题・_・?
108354,3418,竺可桢,2019-05-22 01:05:01,18,21,3,感谢校长的分数教会了我函数极限
108642,3418,竺可桢,2019-05-30 07:44:38,1,1,0,两个问题
108689,3418,竺可桢,2019-06-28 10:40:59,0,0,0,aaa
108692,3418,竺可桢,2019-05-31 08:43:07,0,0,0,～～～
108698,3418,竺可桢,2019-05-31 10:16:22,0,0,0,两个问题
108768,3418,竺可桢,2019-06-01 15:49:54,0,0,0,每节课只问两个问题
108801,3418,竺可桢,2019-06-02 16:35:48,0,0,0,云里雾里
109011,3418,竺可桢,2019-06-05 10:58:09,3,3,0,两个问题，进浙大一年了还是写不完这张卷子
109079,3418,竺可桢,2019-06-07 11:30:02,0,0,0,人生哲理
109139,3418,竺可桢,2019-06-10 01:27:18,0,0,0,
109167,3418,竺可桢,2019-06-11 02:28:28,0,0,0,上课只有两个问题
109175,3418,竺可桢,2019-06-11 06:36:02,-22,0,22,还行吧
109176,3418,竺可桢,2019-06-11 06:36:55,0,1,1,老校长牛逼
109296,3418,竺可桢,2019-06-13 03:10:43,0,0,0,竺老校长牛逼！
109423,3418,竺可桢,2019-06-14 08:14:44,4,4,0,谢谢大家的喜爱，但为什么有一半的同学认为我会点到？
109428,3418,竺可桢,2019-06-14 10:53:30,0,0,0,神仙上课
109486,3418,竺可桢,2019-06-15 16:32:55,0,0,0,两个问题值得探讨整个大学时间
109508,3418,竺可桢,2019-06-16 05:53:13,1,1,0,老校长天下第一！
109550,3418,竺可桢,2019-06-17 02:35:46,0,0,0,老师上课只问2个问题 还都是固定的 但是挺难回答
109793,3418,竺可桢,2019-06-19 08:38:17,0,0,0,老没敢听过
109992,3418,竺可桢,2019-06-21 03:21:21,1,2,1,浙大能不能不要那么浮躁
110153,3418,竺可桢,2019-06-24 02:58:42,1,1,0,校长保佑?
110463,3418,竺可桢,2019-06-27 02:48:40,10,10,0,观君二问双泪垂，恨不相逢未挂时。
111209,3418,竺可桢,2019-06-30 14:55:02,0,0,0,校长保佑
111467,3418,竺可桢,2019-07-01 15:51:40,0,0,0,活在我们心中
111469,3418,竺可桢,2019-07-01 15:52:15,0,0,0,非常好
111494,3418,竺可桢,2019-07-01 22:35:45,1,1,0,雨天看到有人为竺老鞠躬，很感动
111709,3418,竺可桢,2019-07-02 15:27:41,13,16,3,两个大作业，但是给分不正态，也没有三分一档，自己有什么样的水平，能拿多少，就是多少。
112063,3418,竺可桢,2019-07-03 11:01:36,0,0,0,对不起，大三了还是答不出来。
112254,3418,竺可桢,2019-07-04 00:20:21,0,0,0,老校长
112857,3418,竺可桢,2019-07-05 06:43:20,0,0,0,必须10分
112955,3418,竺可桢,2019-07-05 15:31:52,0,0,0,两个问题太难了
113180,3418,竺可桢,2019-07-06 01:14:35,20,23,3,进大学一年了呢，这个学期思考了一学期校长的问题。虽说在大佬遍地的ZJU我从来都不算耀眼的一个，但是我也会开始寻找最能让自己发出最亮光芒的一条路，并且走下去。我也在想本科教育到底在学什么，既然很多人都在讲什么专业和你未来的职业没有直接关系，那么我又何苦为了以后能够更容易找到一个自己并不喜欢的工作而学四年自己不喜欢的专业呢？我真的很羡慕那些能够投身到自己热爱的学业和事业里的人，无论是从我通识课的几个老师，还是到我在寝室楼下遇到的几个认真讨论怎么完成一个飞机模型的男生，我在他们身上看到的光芒让我很惊艳又很羡慕，我为什么不可以呢？我思考了一个学期，也痛苦了一个学期，我还是选择了一条似乎更难但是我愿意投入无限精力的路，而不是在我不喜欢的专业混迹四年，这样我对不起自己，真的对不起自己。我还是更希望本科依然是一个你能够为了好奇心而不断求知的时光，而不是为了混毕业证，为了以后更好的就业。我想这才是本科教育的目的吧，毕竟以后都是从ZJU出去的，除了专业性很强的工作，难道其他的工作更重要的不是还是个人的能力吗？与其混迹四年，不如选择自己喜欢的路走下去吧，你得到的不仅是收获知识的喜悦，也会是自身能力和素养不断提升的成长。谢谢竺校长，这个学期我想明白了很多，也更明白了自己的未来应该怎么样。
113264,3418,竺可桢,2019-07-06 03:15:02,-111,3,114,讲得一般
113654,3418,竺可桢,2019-07-07 02:11:36,0,0,0,妙啊。
113736,3418,竺可桢,2019-07-07 06:40:27,1,1,0,校长保佑不挂科
113915,3418,竺可桢,2019-07-08 00:31:54,0,0,0,老校长保佑我最后一门能过！
114044,3418,竺可桢,2019-07-08 13:24:49,0,0,0,很很很好
114045,3418,竺可桢,2019-07-08 13:27:32,0,0,0,非常好
114215,3418,竺可桢,2019-07-09 05:11:04,0,0,0,开物前民，树我邦国
114794,3418,竺可桢,2019-07-11 18:31:41,6,6,0,只问是非，不计利害。只问是非，不计利害。
114826,3418,竺可桢,2019-07-12 01:25:07,3,4,1,越成长越发现求是有多难
115071,3418,竺可桢,2019-07-15 06:57:24,0,0,0,棒就一个字
115360,3418,竺可桢,2019-07-19 22:39:25,2,3,1,我希望这大学的几年里能不忘您的问题，不迷失，不遗憾，不后悔，认清重要的是什么，若得如此，必有所成，以报教诲。
115419,3418,竺可桢,2019-07-22 11:07:19,0,0,0,吾爱吾师
115497,3418,竺可桢,2019-07-29 02:58:33,1,1,0,倍儿爽?
115514,3418,竺可桢,2019-09-17 12:12:57,0,0,0,超棒！
115537,3418,竺可桢,2019-08-01 19:48:02,4,6,2,为什么有一半的同学觉得我会点名？
115542,3418,竺可桢,2019-08-02 04:42:18,0,0,0,浑身舒爽，感谢老校长
115569,3418,竺可桢,2019-08-05 11:37:55,1,1,0,竺校长的课太难抢了，开外挂守在电脑前，一开放通道还是崩溃
115572,3418,竺可桢,2019-08-05 11:51:18,0,0,0,非常棒！
115616,3418,竺可桢,2019-08-09 10:20:24,2,2,0,我太年轻了，没机会听，很觉得惋惜。
115623,3418,竺可桢,2019-08-11 06:05:10,0,0,0,尔启吾求真
115624,3418,竺可桢,2019-08-11 08:49:15,1,1,0,课不错，就是问题太难
115632,3418,竺可桢,2019-08-12 13:10:25,1,1,0,这两个问题我会在以后的六七年里一直反思的！
115643,3418,竺可桢,2019-08-14 09:06:13,2,3,1,特别好，一听就知道我在浙大。
115644,3418,竺可桢,2019-08-14 10:26:51,0,0,0,一代宗师
115647,3418,竺可桢,2019-08-14 18:09:43,1,1,0,混 混混
115649,3418,竺可桢,2019-08-15 05:30:29,0,0,0,真的好
115672,3418,竺可桢,2019-08-17 12:39:42,1,1,0,神仙上课
115674,3418,竺可桢,2019-08-17 14:31:57,0,0,0,醍醐灌顶，振聋发聩…竺老威武
115679,3418,竺可桢,2019-08-18 03:31:47,0,0,0,月牙楼前聆听竺老教诲
115682,3418,竺可桢,2019-08-18 11:50:32,0,0,0,真的只问两个问题
115685,3418,竺可桢,2019-08-18 12:41:20,0,0,0,就像活在梦里
115692,3418,竺可桢,2019-08-19 05:44:55,1,2,1,很好很好
115693,3418,竺可桢,2019-08-19 06:05:56,1,1,0,很好，永远只问两个问题
115695,3418,竺可桢,2019-08-19 09:43:54,1,1,0,两个问题很有意义！
115697,3418,竺可桢,2019-08-19 10:12:02,1,1,0,爽爽爽
115699,3418,竺可桢,2019-08-19 10:46:47,4,4,0,浙大魂
115708,3418,竺可桢,2019-08-19 11:22:01,7,10,3,竺老讲课非常精彩，就是我不想在100岁以前去听
115710,3418,竺可桢,2019-08-19 11:24:18,1,2,1,超级享受
115718,3418,竺可桢,2019-08-19 11:46:34,5,5,0,话不多说 好? 。
115740,3418,竺可桢,2019-08-21 03:18:54,2,2,0,实在。
115748,3418,竺可桢,2019-08-19 12:32:52,2,2,0,先生之风，山高水长。
115750,3418,竺可桢,2019-08-19 12:35:57,5,5,0,自有明月肩头，清风入袖
115751,3418,竺可桢,2019-08-19 12:35:42,3,3,0,炒鸡受益！我爱竺老！
115754,3418,竺可桢,2019-08-19 12:39:07,6,8,2,和吴朝晖的鲜明对比
115756,3418,竺可桢,2019-08-19 12:39:49,0,0,0,哈哈哈
115760,3418,竺可桢,2019-08-19 12:50:50,0,0,0,难受啊马飞\n\n
115767,3418,竺可桢,2019-08-19 13:05:42,1,2,1,绝对不考正态分布！！
115783,3418,竺可桢,2019-08-20 09:06:15,8,8,0,你们都是怎么抢到竺校长的课的？？？我两个问题铭记在心？？还开了告高速网络怎么还抢不到？？
115784,3418,竺可桢,2019-08-20 09:08:30,0,0,0,年轻的时候听过竺先生的课，受益匪浅
115785,3418,竺可桢,2019-08-20 09:21:18,0,0,0,棒棒哒
115786,3418,竺可桢,2019-08-20 09:25:43,1,1,0,萌新报到，求军训下雨
115787,3418,竺可桢,2019-08-20 09:35:34,0,1,1,两个问题天天问 问的我都慌了
115788,3418,竺可桢,2019-08-20 09:35:55,0,0,0,让我不再迷茫了
115790,3418,竺可桢,2019-08-20 10:14:58,1,1,0,很好的老师
115800,3418,竺可桢,2019-08-20 10:48:20,0,0,0,好听～
115801,3418,竺可桢,2019-08-20 10:49:57,0,0,0,高中和大学都有你
115802,3418,竺可桢,2019-08-20 11:11:47,1,1,0,可爱的竺老
115804,3418,竺可桢,2019-08-20 11:14:07,2,2,0,上课只问两个问题
115809,3418,竺可桢,2019-08-20 11:40:05,0,0,0,???
115812,3418,竺可桢,2019-08-20 11:59:59,2,3,1,真正的学者
115815,3418,竺可桢,2019-08-20 12:04:29,2,4,2,想听一次，一次就好
115817,3418,竺可桢,2019-08-20 12:09:45,0,0,0,十分敬仰
115822,3418,竺可桢,2019-08-20 12:40:22,22,24,2,9.9除以1.3约等于7.6，竺老大于七个院士
115828,3418,竺可桢,2019-08-20 14:15:25,0,0,0,我尊敬的校长
115833,3418,竺可桢,2019-08-21 00:08:46,0,0,0,如坐春风
115834,3418,竺可桢,2019-08-21 00:38:23,1,1,0,原来每天都有人在给竺校评分?
115836,3418,竺可桢,2019-08-21 01:40:27,0,0,0,哈哈蛤
115837,3418,竺可桢,2019-08-21 01:46:18,1,1,0,非常喜欢竺老
115842,3418,竺可桢,2019-08-21 02:38:27,0,0,0,竺可桢校长辛苦了！
115845,3418,竺可桢,2019-08-21 03:29:24,0,0,0,好老师哈哈哈
115846,3418,竺可桢,2019-08-21 03:51:04,1,1,0,希望能选上竺校的课（六千多的竞争啊）
115849,3418,竺可桢,2019-08-21 04:22:35,3,3,0,十分荣幸聆听竺老的教诲！
115852,3418,竺可桢,2019-08-21 05:40:45,0,0,0,如沐春风\n\n
115856,3418,竺可桢,2019-08-21 07:19:52,0,0,0,
115857,3418,竺可桢,2019-08-21 07:42:05,0,0,0,好好好
115883,3418,竺可桢,2019-08-23 05:06:50,5,6,1,有一天，上数学课听不懂，感觉很气馁很挫败，回宿舍的路上看到竺老对我微笑打招呼，马上觉得一切都好起来了。
115886,3418,竺可桢,2019-08-24 16:31:35,1,2,1,朱竺老教授能够控制天气，也对每一位新生发出直击心灵的问题
115897,3418,竺可桢,2019-08-24 13:48:13,1,1,0,先生！
115913,3418,竺可桢,2019-08-25 15:51:04,2,2,0,军训的请他控制天气的
115959,3418,竺可桢,2019-08-27 05:30:19,0,0,0,两个问题
115986,3418,竺可桢,2019-08-28 02:25:04,0,0,0,感谢竺校长提出如此发人深省的两个问题?
115998,3418,竺可桢,2019-08-28 16:13:20,0,0,0,只问两个问题
115999,3418,竺可桢,2019-08-28 23:46:08,2,2,0,校长，给你十分，求你多下点雨
116033,3418,竺可桢,2019-08-31 13:18:58,6,8,2,今年军训好多雨，多亏老校长保佑
116039,3418,竺可桢,2019-09-01 04:32:49,0,0,0,一代宗师
116059,3418,竺可桢,2019-09-02 02:24:25,0,0,0,太棒了
116061,3418,竺可桢,2019-09-02 03:03:49,0,0,0,竺老二问发人深省
116073,3418,竺可桢,2019-09-02 14:48:00,1,1,0,请让我选上计算机科学与基础，我一定好好回答两个问题
116088,3418,竺可桢,2019-09-03 08:53:29,0,0,0,特别好，两个问题非常好，引人深思
116090,3418,竺可桢,2019-09-03 09:55:15,0,0,0,非常好
116093,3418,竺可桢,2019-09-03 11:17:21,0,0,0,俩问题问了一百多年了都
116106,3418,竺可桢,2019-09-03 17:53:52,0,0,0,校长好
116145,3418,竺可桢,2019-09-04 13:49:24,1,1,0,我想回到没有正太的时代?
116189,3418,竺可桢,2019-09-06 01:48:01,0,0,0,膜大师
116241,3418,竺可桢,2019-09-06 13:31:05,0,0,0,每天只问两个问题
116253,3418,竺可桢,2019-09-06 15:26:26,0,0,0,好老师哈哈
116281,3418,竺可桢,2019-09-07 09:48:17,4,4,0,爽歪歪
116285,3418,竺可桢,2019-09-07 10:42:47,0,0,0,只问两个问题，太好了
116324,3418,竺可桢,2019-09-08 10:02:36,0,0,0,真的是超级好的老师，不过上课还是会点名的，大家要注意一点。
116325,3418,竺可桢,2019-09-08 10:02:31,0,0,0,竺老师好赞\n\n
116332,3418,竺可桢,2019-09-08 11:36:52,16,18,2,我觉得不光是学生需要回答竺老两问，教师、书记、校长等都要。百年浙大，纵然有浓厚的历史文化底蕴，但如今却变得如此浮华。会有多少人真正将竺老两问铭记于心呢？又有多少人仍秉承求是精神呢？我相信目前这对包括我在内的绝大多数人(不单学生)可都是左耳进右耳出吧！
116340,3418,竺可桢,2019-09-08 23:46:30,1,1,0,只有两问，而且答案开发
116383,3418,竺可桢,2019-09-10 00:40:48,0,0,0,铭记教诲
116393,3418,竺可桢,2019-09-10 01:24:44,0,0,0,哈哈哈
116402,3418,竺可桢,2019-09-10 01:51:27,0,0,0,我偶像
116417,3418,竺可桢,2019-09-10 04:19:22,0,0,0,我的天
116434,3418,竺可桢,2019-09-10 12:34:45,0,0,0,棒！??
116435,3418,竺可桢,2019-09-10 12:34:45,0,0,0,棒！??
116436,3418,竺可桢,2019-09-10 12:34:45,0,0,0,棒！??
116454,3418,竺可桢,2019-09-14 08:32:37,0,0,0,很好听
116474,3418,竺可桢,2019-09-11 01:29:48,0,0,0,每节课只问两个问题，还是开放的
116484,3418,竺可桢,2019-09-11 01:57:47,0,0,0,棒棒哒
116512,3418,竺可桢,2019-09-11 03:00:49,0,0,0,只要回答两个问题就够了
116524,3418,竺可桢,2019-09-11 03:36:56,0,0,0,两个问题。。
116525,3418,竺可桢,2019-09-11 03:42:33,0,0,0,超棒的老师呢！
116569,3418,竺可桢,2019-09-11 23:47:54,0,0,0,非常好
116573,3418,竺可桢,2019-09-12 00:38:36,0,0,0,上课只问两个问题
116576,3418,竺可桢,2019-09-12 01:03:31,0,0,0,哈哈哈
116595,3418,竺可桢,2019-09-12 02:55:37,1,1,0,作业少，事必躬为
116607,3418,竺可桢,2019-09-12 03:51:10,0,0,0,太厉害了
116609,3418,竺可桢,2019-09-12 03:56:25,0,0,0,两个问题撑起一门课
116622,3418,竺可桢,2019-09-12 05:29:49,2,6,4,1.你是怎么考进浙大的\n\n2.你为什么会被浙大退学
116624,3418,竺可桢,2019-09-12 05:35:23,19,23,4,正态分布，三分一档，各种强制活动，强制打卡运动形式主义，哪还有时间求是？
116658,3418,竺可桢,2019-09-12 11:57:56,10,11,1,竺老两问叩灵魂，浙大学子深省身。\n\n今日正态与虚浮，何处尚存求是魂？
116661,3418,竺可桢,2019-09-20 11:58:01,1,2,1,好好好
116662,3418,竺可桢,2019-09-12 13:06:57,0,1,1,挺棒的
116663,3418,竺可桢,2019-09-12 14:07:30,0,0,0,大概很好吧。。。
116685,3418,竺可桢,2019-09-13 04:50:06,2,3,1,只想让竺老先生上10分。
116689,3418,竺可桢,2019-09-13 07:38:23,1,1,0,此生无憾
116701,3418,竺可桢,2019-09-13 14:38:29,0,0,0,十分冲鸭\n\n
116705,3418,竺可桢,2019-09-13 15:51:58,3,4,1,倘若先生在世……
116720,3418,竺可桢,2019-09-14 04:31:23,0,0,0,爽的不行
116737,3418,竺可桢,2019-09-14 10:48:45,0,0,0,上10分
116758,3418,竺可桢,2019-09-15 07:18:23,0,0,0,竺老师是超级棒的老师，非常喜欢他~
116762,3418,竺可桢,2019-09-15 08:38:06,0,0,0,好！！！
116823,3418,竺可桢,2019-09-16 05:58:22,0,0,0,很好！
116837,3418,竺可桢,2019-09-16 10:39:59,3,3,0,只问学术 不计利害
116853,3418,竺可桢,2019-09-16 23:50:51,0,0,0,好棒哦
116942,3418,竺可桢,2019-09-17 12:30:57,0,0,0,激情满满
116954,3418,竺可桢,2019-09-17 14:24:13,32,34,2,没上过竺老的课，但做过竺老布置的作业
116976,3418,竺可桢,2019-09-18 02:06:44,0,0,0,来浙大做什么呀？
117021,3418,竺可桢,2019-09-18 11:01:02,0,0,0,扭扭捏捏
117067,3418,竺可桢,2019-09-19 02:12:18,0,0,0,真的强
117119,3418,竺可桢,2019-09-19 10:57:05,0,0,0,上课只问两个问题
117147,3418,竺可桢,2019-09-20 01:00:23,1,1,0,横联文质农工，纵连古今中外
117174,3418,竺可桢,2019-09-20 03:59:55,0,0,0,两个问题就可
117187,3418,竺可桢,2019-09-20 05:56:25,2,3,1,如今的浙大乌烟瘴气，好怀念你在的日子啊
117190,3418,竺可桢,2019-09-20 06:36:18,1,1,0,只问是非，不计利害。
117192,3418,竺可桢,2019-09-20 06:51:26,0,0,0,。。。
117194,3418,竺可桢,2019-09-20 07:36:46,0,0,0,上竺校长的课真爽！
117199,3418,竺可桢,2019-09-20 07:51:15,3,3,0,灵魂拷问，裨益我心
117221,3418,竺可桢,2019-09-20 12:25:09,1,1,0,一挥手、一微笑、两个问题无不让人感受到求是创新
117227,3418,竺可桢,2019-09-20 14:58:24,7,8,1,期末就考两个问题，全班绩点4.5+，没有正太。
117249,3418,竺可桢,2019-09-21 07:36:11,0,0,0,好好啊好好
117254,3418,竺可桢,2019-09-21 10:41:39,0,0,0,只有两个问题，天天问
117260,3418,竺可桢,2019-09-21 14:08:03,4,4,0,斯人已逝，幽思长存。愿每个浙大学子都能秉持只问是非，不计利害的求是精神，愿浙大有朝一日能成为无可置疑的世界一流。
117270,3418,竺可桢,2019-09-22 03:05:41,0,0,0,问题挺难的，要好好思考
117273,3418,竺可桢,2019-09-22 05:43:23,0,0,0,棒棒哒
117312,3418,竺可桢,2019-09-23 01:45:45,4,4,0,两个问题想四年
117324,3418,竺可桢,2019-09-23 02:56:19,0,0,0,非常不错
117327,3418,竺可桢,2019-09-23 03:22:19,4,5,1,儒雅随和，生动有趣，腹笥充盈。
117366,3418,竺可桢,2019-09-23 11:17:46,5,6,1,求是之志，吾愿一生随之。
117401,3418,竺可桢,2019-09-24 02:36:30,0,1,1,无感想
117431,3418,竺可桢,2019-09-24 07:36:38,0,1,1,考试就两个问题
117441,3418,竺可桢,2019-09-24 11:14:00,1,1,0,上课问两个非常有深度的问题
117450,3418,竺可桢,2019-10-21 03:08:46,15,26,11,我是60级计算机专业的学生，当时跟着竺老师研制出了苹果11pro，老师一直瞒着不让宣传出去，最近才敢带到市面上。
117499,3418,竺可桢,2019-09-25 06:10:10,0,0,0,?
117507,3418,竺可桢,2019-09-27 01:54:11,34,37,3,竺老啊，浙大西迁七年未停止办学，可之前G20停了课，现在互联网+又要停课，怀念您，怀念过去的浙大
117519,3418,竺可桢,2019-09-25 09:41:22,0,0,0,幸福啊~
117521,3418,竺可桢,2019-09-25 09:43:28,0,0,0,有点怕
117522,3418,竺可桢,2019-09-25 09:43:57,1,1,0,就两个问题很轻松
117594,3418,竺可桢,2019-09-26 11:31:09,0,0,0,不对劲啃不动
117623,3418,竺可桢,2019-09-27 00:53:56,4,6,2,再过几十年我就可以选他的课了，到时候再说。。。
117702,3418,竺可桢,2019-09-29 08:16:00,0,0,0,6pp
117727,3418,竺可桢,2019-09-30 02:55:06,0,0,0,拽啊哈usu
117773,3418,竺可桢,2019-10-01 07:15:04,11,12,1,相比于吴朝晖，竺校长似乎更加活在人们心中（当然吴校长宣传的不错）
117838,3418,竺可桢,2019-10-04 15:56:46,1,2,1,真是一个好老师
117848,3418,竺可桢,2019-10-05 07:20:26,1,1,0,好好好
117858,3418,竺可桢,2019-10-06 06:34:46,5,6,1,上课不点名，期末只有两个问题，不正态，人超好，又高又帅又温柔，还在群里发红包
117923,3418,竺可桢,2019-10-11 00:20:07,0,0,0,竺老校长好！
117942,3418,竺可桢,2019-10-21 03:07:59,23,24,1,竺校长啊，我们对不起您啊！当初日本打过来我们浙大都没停止办学，这次互联网➕，学校怎么就封了呢！竺老校长您开开眼吧，看看浙大成什么样子了
117956,3418,竺可桢,2019-10-17 01:19:08,0,0,0,123
118009,3418,竺可桢,2019-10-18 11:08:59,0,0,0,伟人啊
118091,3418,竺可桢,2019-10-21 02:06:48,1,1,0,看评论好快乐
118102,3418,竺可桢,2019-10-21 03:09:38,2,3,1,为什么有一半人认为竺老点名？
118123,3418,竺可桢,2019-10-21 05:17:12,0,0,0,非常好
118143,3418,竺可桢,2019-10-21 13:18:50,1,1,0,现在有两个问题
118194,3418,竺可桢,2019-10-22 13:46:41,0,0,0,每天上课只问两个问题
118272,3418,竺可桢,2019-10-24 07:05:00,51,52,1,玉泉10.23事件留念\n\n“求仕 创薪”\n\n
118276,3418,竺可桢,2019-10-24 07:15:00,0,0,0,太强了
118338,3418,竺可桢,2019-10-25 05:15:55,17,20,3,竺老校长，我想去食堂吃饭，我不想进医院
118360,3418,竺可桢,2019-10-25 13:44:54,1,1,0,校长好
118380,3418,竺可桢,2019-10-26 06:05:10,1,1,0,好。。
118408,3418,竺可桢,2019-10-26 15:00:13,0,0,0,老师的课讲的太好了
118448,3418,竺可桢,2019-10-27 06:01:54,18,19,1,如果是您还在，你真的愿意看到浙大变成这个样子吗……
118524,3418,竺可桢,2019-10-28 05:00:59,7,11,4,1. 既然只有认知可以“覆盖”一切存在并定义形形色色的所谓的“人生意义”，那么来浙大就应当追求“无上正等正觉”，而不是仅仅知道自己看见了一头盖蒂尔的奶牛；\n\n2. 假如将来的活动只是运用某种技术造出某种实物来，使得平庸的芸芸众生过着更加“幸福”但仍然缺乏认知的（无论是自己还是别人的贫乏）平庸的生活，那么宁可“君子不器”，也不妥协于可以轻松跻身中产阶级的现存秩序。\n\n思考了很久，两个问题只能回答成这样了。抱歉，空谈义理，溺志词章。-_-||
118609,3418,竺可桢,2019-10-29 11:18:02,1,2,1,我猜会随机点名！
118628,3418,竺可桢,2019-10-29 23:26:22,2,2,0,我爱你
118729,3418,竺可桢,2019-10-31 09:56:11,0,0,0,很好哦
118876,3418,竺可桢,2019-11-07 09:18:29,0,0,0,这两个问题真有深度！
118880,3418,竺可桢,2019-11-07 10:06:47,0,0,0,好！！
118916,3418,竺可桢,2019-11-07 16:16:03,1,1,0,两个问题，仔细琢磨
119006,3418,竺可桢,2019-11-09 08:32:29,1,1,0,上课只有两个问题，平时也很亲近，天天都能看到
119088,3418,竺可桢,2019-11-10 07:56:13,0,0,0,好好好
119109,3418,竺可桢,2019-11-10 11:38:13,2,3,1,很棒很棒
119202,3418,竺可桢,2019-11-11 06:55:09,0,0,0,好哈哈
119210,3418,竺可桢,2019-11-11 07:59:23,7,8,1,竺老发话了：“认为我上课点名的那些同学，速来向我报道！”
119280,3418,竺可桢,2019-11-12 02:24:33,0,0,0,深刻 感动
119402,3418,竺可桢,2019-11-12 15:51:40,0,0,0,非常棒
119468,3418,竺可桢,2019-11-13 02:48:19,1,1,0,每天与老师梦中相会
119530,3418,竺可桢,2019-11-13 10:13:56,1,1,0,竺校长帅气逼人，迷弟一个。
119554,3418,竺可桢,2019-11-13 13:17:53,0,1,1,受益匪浅，收获良多
119601,3418,竺可桢,2019-11-14 05:17:00,0,0,0,挺好的，竺校长保佑?
119616,3418,竺可桢,2019-11-14 06:52:23,1,1,0,两个问题要好好答
119756,3418,竺可桢,2019-11-15 09:47:24,0,0,0,非常好
119870,3418,竺可桢,2019-11-16 11:55:38,5,5,0,两个问题真的值得用一生回答
119879,3418,竺可桢,2019-11-16 13:05:20,0,1,1,两个问题
120049,3418,竺可桢,2019-11-17 07:54:54,1,1,0,事少分高?
120067,3418,竺可桢,2019-11-17 09:36:09,0,0,0,老校长好
120095,3418,竺可桢,2019-11-17 12:00:46,0,1,1,真的能成为一代代学子精神向导的好校长着实不多，竺老是其中一个
120118,3418,竺可桢,2019-11-17 14:11:53,1,1,0,
120129,3418,竺可桢,2019-11-17 15:45:39,1,1,0,爱老校长！
120202,3418,竺可桢,2019-11-23 15:07:17,0,0,0,???
120299,3418,竺可桢,2019-11-27 16:22:18,1,1,0,求是创新
120310,3418,竺可桢,2019-11-28 02:59:42,3,4,1,对比今日校长
120441,3418,竺可桢,2019-12-07 05:50:20,1,1,0,哈哈哈
120447,3418,竺可桢,2019-12-08 09:47:07,0,0,0,好好好
120654,3418,竺可桢,2020-01-14 17:16:02,1,1,0,每天上课看得到
120800,3418,竺可桢,2020-01-17 09:19:14,1,2,1,每节课两个问题，事少，开开心心每一天
120938,3418,竺可桢,2020-01-19 00:23:57,1,1,0,为什么总问我 我是怎么被退学的
121270,3418,竺可桢,2019-12-25 02:09:01,2,3,1,老师的课讲得非常好，问的两个问题很有难度，我到现在还没解答出来。我会用四年去寻找答案，希望结课那天我能找到。
121382,3418,竺可桢,2019-12-16 12:49:45,1,2,1,虽然作为一个文科生，感觉浙大的文气太少了，但是还是喜欢竺老的！
121393,3418,竺可桢,2019-12-16 11:29:18,0,0,0,上课仅两问
121394,3418,竺可桢,2019-12-16 11:23:25,0,0,0,梦中所见
121407,3418,竺可桢,2019-12-16 10:23:37,0,0,0,666
121409,3418,竺可桢,2019-12-16 09:56:48,0,0,0,竺校长现在不考试，只问问题，两个，答不好不能毕业
121476,3418,竺可桢,2019-12-15 15:02:04,0,0,0,非常好
121492,3418,竺可桢,2019-12-15 04:08:38,0,0,0,超棒。
121500,3418,竺可桢,2019-12-14 15:44:51,0,0,0,竺可桢老师会点名，大家记得去上课
121511,3418,竺可桢,2019-12-13 15:40:51,0,0,0,sss
121540,3418,竺可桢,2019-12-12 16:50:57,0,0,0,竺老校长好
121547,3418,竺可桢,2019-12-12 14:43:04,0,0,0,....
121571,3418,竺可桢,2019-12-12 11:16:49,0,0,0,很好！
121576,3418,竺可桢,2019-12-12 11:09:07,0,0,0,风雨无阻的好
121582,3418,竺可桢,2019-12-12 10:31:43,0,0,0,每天问俩问
121593,3418,竺可桢,2019-12-12 09:40:33,0,0,0,很满意
121609,3418,竺可桢,2019-12-12 08:34:21,1,1,0,校长很和蔼，每次经过蟹老板都跟我们打招呼，最后最后要说的竺校长的两个问题真的值得用一生来回答
121616,3418,竺可桢,2019-12-12 07:59:49,1,1,0,上课只问两个题，答好了才能毕业
121663,3418,竺可桢,2019-12-10 01:09:19,0,0,0,还好还好
121741,3418,竺可桢,2020-01-21 11:13:55,0,0,0,噜啦啦噜啦啦啦啦啦啦
122044,3418,竺可桢,2020-02-07 13:24:11,1,1,0,好好好
122357,3418,竺可桢,2020-02-25 06:50:33,0,0,0,拽 帅 摔\n\n
122409,3418,竺可桢,2020-02-26 12:44:51,0,0,0,男神！
122604,3418,竺可桢,2020-03-07 05:25:38,0,0,0,山高水长
122683,3418,竺可桢,2020-03-18 06:50:50,1,1,0,怎么说呢？偶像🤩了吧
122813,3418,竺可桢,2020-04-09 09:51:03,2,2,0,值得做ZJU永远的精神明灯
123345,3418,竺可桢,2020-06-04 08:15:05,6,6,0,只问是非，不计利害
123356,3418,竺可桢,2020-06-05 06:18:19,3,3,0,时不时想想老校长的两个问题，越来越觉得自己是个渣渣
123387,3418,竺可桢,2020-06-08 04:18:12,0,1,1,梦里听过校长的课
123401,3418,竺可桢,2020-06-08 07:16:59,1,2,1,近来读了原文，再来思考两个问题，又有新收获
123548,3418,竺可桢,2020-06-09 15:45:14,0,1,1,。。。
123775,3418,竺可桢,2020-06-14 04:54:04,5,6,1,大家来浙大，有两件事应该做：1.瞻仰一下月牙楼旁边的竺老校长塑像；2.上一堂他的课。后者如果没条件的话，来查老师给他打个十分也是可以的。
123870,3418,竺可桢,2020-06-15 13:26:18,0,0,0,棒棒哒
124006,3418,竺可桢,2020-06-20 04:24:50,-47,3,50,ljzju
124044,3418,竺可桢,2020-06-22 08:42:43,0,0,0,为校长打call
124056,3418,竺可桢,2020-06-22 22:25:38,2,2,0,混 混混就完了，给个10分
124210,3418,竺可桢,2020-06-27 05:22:05,1,1,0,好老师，可惜选不了了
124284,3418,竺可桢,2020-06-28 14:27:53,0,0,0,前无古人，望后有来者
124830,3418,竺可桢,2020-07-11 12:14:07,0,0,0,
124931,3418,竺可桢,2020-07-21 11:47:22,0,0,0,老师真的很好!!!
124963,3418,竺可桢,2020-07-26 11:44:29,15,15,0,竺老校长，快睁眼看看您给浙大打下的江山和名誉现在都成什么样子了！
125063,3418,竺可桢,2020-08-25 01:24:49,0,0,0,名家风范，大师做派；身正严明，校长千古！
125073,3418,竺可桢,2020-08-27 05:54:56,1,1,0,用一辈子回答老校长的两个问题~
125092,3418,竺可桢,2020-08-31 01:39:44,1,1,0,好就完事了
125142,3418,竺可桢,2020-09-02 05:42:40,3,6,3,我将用我这四年大学时光，用我的一生，去探寻那两个问题的答案。感谢您，老师。
125143,3418,竺可桢,2020-09-02 07:13:29,1,1,0,热心为同学解答问题 非常出色
125162,3418,竺可桢,2020-09-02 12:27:46,0,2,2,竺老师一向来考试只有两个问题[Doge]
125203,3418,竺可桢,2020-09-03 13:49:04,2,2,0,希望能在未来5年读博时光中找到老校长这两个问题的答案。
125238,3418,竺可桢,2020-09-04 07:46:04,9,11,2,虽然考试只考两个问题，还会提前告诉我们试题，但真的很难
125314,3418,竺可桢,2020-09-06 11:15:56,0,1,1,好老师，好老师，好老师
125358,3418,竺可桢,2020-09-07 11:31:58,0,0,0,好好好
125391,3418,竺可桢,2020-09-08 05:36:09,0,0,0,我爱了
125422,3418,竺可桢,2020-09-08 12:17:50,0,0,0,怀念竺老
125461,3418,竺可桢,2020-09-09 13:46:00,0,0,0,浙大我来了！
125469,3418,竺可桢,2020-09-10 00:05:21,0,0,0,真的只问两个问题。
125487,3418,竺可桢,2020-09-10 09:34:21,1,1,0,好老师，偶像
125489,3418,竺可桢,2020-09-10 10:55:45,0,0,0,很好啊啊啊啊
125494,3418,竺可桢,2020-09-10 11:43:02,0,0,0,球球球
125495,3418,竺可桢,2020-09-10 12:23:05,0,0,0,好好好
125505,3418,竺可桢,2020-09-10 15:52:29,5,6,1,你为什么要到浙大来混？你将来要成为什么样的混混？
125513,3418,竺可桢,2020-09-11 00:16:32,0,0,0,好好好
125519,3418,竺可桢,2020-09-11 02:54:17,0,0,0,666
125522,3418,竺可桢,2020-09-11 03:04:35,0,0,0,很棒哦
125546,3418,竺可桢,2020-09-11 08:01:12,0,0,0,老校长，respect
125549,3418,竺可桢,2020-09-11 08:39:48,0,0,0,非常好的老师
125555,3418,竺可桢,2020-09-11 11:52:31,0,0,0,respect
125566,3418,竺可桢,2020-09-11 14:08:14,-8,0,8,qiangqiangq
125587,3418,竺可桢,2020-09-12 02:21:02,4,4,0,向竺院长表白！
125594,3418,竺可桢,2020-09-12 05:59:04,0,0,0,真的超赞🤗🤗🤗
125595,3418,竺可桢,2020-09-12 06:00:20,1,1,0,我也很想上竺校长的课啊
125600,3418,竺可桢,2020-09-12 08:18:00,0,0,0,老师人很好
125606,3418,竺可桢,2020-09-12 09:11:47,0,0,0,期末考试只有两个问题
125623,3418,竺可桢,2020-09-12 11:31:01,0,0,0,看看现在的浙大吧竺老
125652,3418,竺可桢,2020-09-12 14:22:07,0,0,0,老师真的很棒！！！
125657,3418,竺可桢,2020-09-12 15:10:55,0,0,0,今年上了两回老师的课
125663,3418,竺可桢,2020-09-12 17:19:10,0,0,0,上课就问两个问题
125693,3418,竺可桢,2020-09-13 07:20:56,0,0,0,感谢竺老的教导
125695,3418,竺可桢,2020-09-13 07:48:27,0,0,0,特别好
125696,3418,竺可桢,2020-09-13 07:52:24,1,1,0,竺老师的课很有意思，人也很好。就是经常会问我两个问题。
125699,3418,竺可桢,2020-09-13 09:24:38,0,0,0,两个问题，传道受业解惑！qwq
125712,3418,竺可桢,2020-09-13 11:57:32,0,0,0,了解了
125717,3418,竺可桢,2020-09-13 12:56:33,0,0,0,真的好
125815,3418,竺可桢,2020-09-14 12:04:43,0,0,0,上课炒鸡好哦
125820,3418,竺可桢,2020-09-14 12:23:02,0,0,0,现在还不知道两个问题的答案，就暂时先给您打十分吧。
125826,3418,竺可桢,2020-09-14 13:43:25,0,0,0,讲的太好了 我夸您了 给我脱个梦
125869,3418,竺可桢,2020-09-15 05:46:19,0,1,1,666
125872,3418,竺可桢,2020-09-15 06:55:17,0,1,1,和蔼可亲的老师，给分超好，而且说从来不挂外院学生。\n\n期末有两个问题挺难的，建议平时就好好准备。
125905,3418,竺可桢,2020-09-15 12:37:10,1,1,0,竺老师是这么说的？
125908,3418,竺可桢,2020-09-15 13:22:22,0,0,0,好！！！
125945,3418,竺可桢,2020-10-29 00:29:31,0,0,0,两个问题真的很难
125985,3418,竺可桢,2020-09-16 08:43:18,0,0,0,超级棒！
126023,3418,竺可桢,2020-09-16 13:49:10,0,0,0,两个问题
126089,3418,竺可桢,2020-09-17 09:03:19,1,1,0,喜欢浙大！
126118,3418,竺可桢,2020-09-18 00:00:04,1,1,0,太好了
126149,3418,竺可桢,2020-09-18 07:59:41,1,1,0,竺老给我托梦说我数分不会挂科
126245,3418,竺可桢,2020-09-20 23:42:50,0,1,1,竺院学生来说点什么嘛👀
126460,3418,竺可桢,2020-09-27 13:06:48,0,0,0,每日一膜
126466,3418,竺可桢,2020-09-27 16:14:50,0,0,0,啊这样吗
126474,3418,竺可桢,2020-09-28 03:04:17,0,0,0,我始终谨记两个问题
126492,3418,竺可桢,2020-09-28 08:16:38,0,0,0,太强了
126506,3418,竺可桢,2020-09-28 23:15:01,0,0,0,竺老的两个问题让我想清楚了不少事
126527,3418,竺可桢,2020-09-29 07:30:16,0,0,0,一去不返\n\n
126554,3418,竺可桢,2020-09-30 09:51:09,0,0,0,好老师！！～
126564,3418,竺可桢,2020-10-01 13:01:01,1,1,0,，
126580,3418,竺可桢,2020-10-03 11:39:15,0,0,0,哈哈哈
126586,3418,竺可桢,2020-10-04 09:19:30,0,0,0,很好！
126593,3418,竺可桢,2020-10-05 12:44:57,0,0,0,很开心(●°u°●)​ 」
126721,3418,竺可桢,2020-10-15 06:23:32,0,0,0,👍🏻👍🏻👍🏻
126766,3418,竺可桢,2020-10-19 11:33:08,1,1,0,启真湖畔的教学环境没的说，就是赞
126776,3418,竺可桢,2020-10-20 01:24:11,1,1,0,一半的点名率是怎么肥事
126845,3418,竺可桢,2020-10-23 13:15:25,1,2,1,竺校长🐂🍺
126914,3418,竺可桢,2020-10-28 04:44:08,1,1,0,上课真的只问两个问题
126930,3418,竺可桢,2020-10-28 11:49:55,0,0,0,真的好！
126952,3418,竺可桢,2020-10-29 09:47:15,0,1,1,和蔼亲切好校长
126965,3418,竺可桢,2020-10-30 14:42:15,0,0,0,怀念竺老
126989,3418,竺可桢,2020-11-02 00:14:53,0,0,0,两个问题搞懂那就是满绩了
127006,3418,竺可桢,2020-11-02 11:19:43,0,0,0,求是人求是魂，求是人都是人人平等
127045,3418,竺可桢,2020-11-04 06:13:02,0,0,0,我认为老师不点名
127053,3418,竺可桢,2020-11-04 11:27:57,2,2,0,。。。。。。。。。
127117,3418,竺可桢,2020-11-09 05:26:00,0,0,0,现在还不能回答两个问题
127208,3418,竺可桢,2020-11-13 06:52:54,0,0,0,好老师，就两个问题，还不检查作业
127227,3418,竺可桢,2020-11-16 03:53:19,0,0,0,问题好
127254,3418,竺可桢,2020-11-17 09:33:59,0,0,0,来浙大，只办三件事，求是、求是，还是求是
127294,3418,竺可桢,2020-11-20 01:11:15,0,0,0,好好好
127320,3418,竺可桢,2020-11-20 04:28:22,0,0,0,期末真的只考两个问题
127373,3418,竺可桢,2020-11-21 12:51:12,0,0,0,贼好哦
127735,3418,竺可桢,2020-11-26 08:14:08,0,0,0,勿忘伟人。
127759,3418,竺可桢,2020-11-26 12:02:12,0,0,0,好老师，他问的两道题是值得思考一生的题
127783,3418,竺可桢,2020-11-27 02:44:19,1,1,0,好家伙，为什么50.2%的人认为会点名？
127841,3418,竺可桢,2020-11-28 09:21:30,0,0,0,很好很好
127906,3418,竺可桢,2020-11-30 04:33:54,0,0,0,好好回答两个问题，期末轻松4.5+
128112,3418,竺可桢,2020-12-08 01:25:58,2,5,3,大学教育的目标，决不仅是造就多少专家如工程师医生之类，而尤在乎养成公忠坚毅，担当大任，主持风会，转移国运的领导人才。
128256,3418,竺可桢,2020-12-15 07:22:00,0,0,0,棒棒棒ヾ(≧▽≦*)o
128305,3418,竺可桢,2020-12-17 07:47:04,0,0,0,敬仰老校长
128371,3418,竺可桢,2020-12-21 11:35:10,0,0,0,为人师表，不是说的！
128456,3418,竺可桢,2020-12-23 09:42:09,0,3,3,请竺校长保佑我转专业成功
128559,3418,竺可桢,2020-12-24 01:32:50,1,1,0,没有竺校，浙大不知道几流
128561,3418,竺可桢,2020-12-24 01:51:00,0,0,0,竺校长的教导令我们受益匪浅，求是精神永不灭亡
128656,3418,竺可桢,2020-12-25 02:39:50,0,1,1,敬仰老校长
128776,3418,竺可桢,2020-12-25 09:09:49,0,0,0,太棒了
128782,3418,竺可桢,2020-12-25 09:34:15,0,0,0,他上课真的要点名
128804,3418,竺可桢,2020-12-25 12:37:55,0,0,0,竺校长教会了我们很多道理！赞！
128824,3418,竺可桢,2020-12-25 15:26:51,0,0,0,特别好 和蔼可亲
128875,3418,竺可桢,2020-12-26 08:49:28,1,1,0,每次都只问两个问题
128904,3418,竺可桢,2020-12-26 15:14:05,0,0,0,景仰您
129024,3418,竺可桢,2020-12-29 00:52:45,-12,3,15,从农学转出来了
129033,3418,竺可桢,2020-12-29 03:18:53,0,0,0,经典二问
129109,3418,竺可桢,2020-12-30 07:29:07,7,7,0,希望我在毕业时能答出两个问题
129112,3418,竺可桢,2020-12-30 07:35:30,0,1,1,还记得当年上竺老校长的课，考试很简单，就只有两道问答题，老师很好！
129134,3418,竺可桢,2020-12-30 09:38:48,0,0,0,很棒的老师！
129138,3418,竺可桢,2020-12-30 10:40:41,0,0,0,仰慕你
129164,3418,竺可桢,2020-12-31 00:47:40,2,3,1,真的上课只问两个问题
129220,3418,竺可桢,2021-01-01 06:01:03,2,2,0,妙啊妙啊
129402,3418,竺可桢,2021-01-05 05:54:31,1,2,1,50%点名是随便瞎点的罢！
129637,3418,竺可桢,2021-01-09 13:48:23,0,1,1,浙大保姆
129647,3418,竺可桢,2021-01-10 03:23:34,-65,0,65,一般般
129673,3418,竺可桢,2021-01-10 14:31:13,1,1,0,竺老上课很好哦~（doge）
129717,3418,竺可桢,2021-01-11 10:55:49,0,0,0,好的很
129932,3418,竺可桢,2021-01-14 00:21:52,0,1,1,竺老校长yyds
129989,3418,竺可桢,2021-01-14 16:05:46,1,1,0,百年未有之大变局
130022,3418,竺可桢,2021-01-15 05:45:32,-11,2,13,6666666666666666
130129,3418,竺可桢,2021-01-30 08:05:25,3,5,2,还需要我多说吗
130421,3418,竺可桢,2021-01-22 08:33:52,-61,0,61,为什么放假这么迟？
130559,3418,竺可桢,2021-01-23 15:46:41,1,1,0,好校长
131011,3418,竺可桢,2021-01-25 14:14:26,-10,0,10,哈哈哈
132555,3418,竺可桢,2021-02-02 08:34:45,1,3,2,1941年的时候听过他的课，很有趣
133084,3418,竺可桢,2021-02-07 15:00:43,42,43,1,今天是竺老校长的忌日，但是我校官微依然没有发任何的纪念推文
133476,3418,竺可桢,2021-03-01 05:33:12,1,1,0,10分给起
133703,3418,竺可桢,2021-03-04 04:05:48,0,0,0,赞赞赞
133722,3418,竺可桢,2021-03-04 08:06:52,0,0,0,怀念老校长
133745,3418,竺可桢,2021-03-04 11:33:21,8,10,2,人挺好的，就是每天早上和他打招呼都不怎么理我
133826,3418,竺可桢,2021-03-07 06:18:09,1,1,0,生日快乐
133831,3418,竺可桢,2021-03-07 11:22:41,1,1,0,竺老131生日快乐。
133924,3418,竺可桢,2021-03-09 14:50:16,0,0,0,向先辈致敬
133956,3418,竺可桢,2021-03-10 13:11:33,0,0,0,我会永远记得您的两个问题 也会记得自己的目标一切但求无愧于心
134088,3418,竺可桢,2021-03-15 13:19:06,0,0,0,中道崩殂
134235,3418,竺可桢,2021-03-20 07:20:03,0,0,0,好好好
134466,3418,竺可桢,2021-03-29 12:42:56,0,0,0,好老师！
134680,3418,竺可桢,2021-04-09 03:06:15,1,1,0,老校长是我思想与人格的重塑者。大一大二有很多迷茫的时候，每次都会看看老校长的文章和日记，受益匪浅。
134814,3418,竺可桢,2021-04-16 04:28:54,0,0,0,仰慕老校长，这个学期要加油
134963,3418,竺可桢,2021-04-25 07:23:21,0,0,0,123123
135011,3418,竺可桢,2021-04-27 00:40:29,1,1,0,非常好
135111,3418,竺可桢,2021-04-30 23:59:48,57,67,10,永远记得公忠坚毅，能担当大任，主持风会，转移国运的领导人才这句话，\n\n可是现如今的浙大，现如今的社会风气，怎么如此的浮躁，所有人都在不停的内卷，好像每个人都有着坚定的目标，又好似每个人都在滚滚洪流中随波逐流。\n\n哪里的活动可以加分，哪里的比赛可以直接保研，哪里的项目写在简历上更加亮眼。\n\n一切都与我无关，管你国家、政府、社会、还是班集体，哦，不对，班集体已经名存实亡了，班级活动还要披个学习红色历史的外衣骗吃骗喝，搞些报销的发票。\n\n烦死了，一天到晚什么青年大学习，团支部活动，还加上一层“自愿”的外衣，可你知不知道你加入了共青团，总得学习学习吧，不光是为了交几块钱的团费吧？\n\n打个疫苗还要扯出自愿不自愿的讨论，“人的天赋懒惰神圣不可侵犯，哦，印度火葬场都满了，赶紧打吧”\n\n房价，教育，享乐，安逸，逃避，资本，流量，唉\n\n同学们 大家起来，\n\n\n\n担负起天下的兴亡，\n\n\n\n听吧， 满耳是大众的嗟伤，\n\n\n\n看吧， 一年年国土的沦丧，\n\n\n\n我们是要选择 战 还是 降，\n\n\n\n我们要做主人去拼死在疆场，\n\n\n\n我们不愿做奴隶而青云直上，\n\n\n\n我们今天是桃李芬芳，\n\n\n\n明天是社会的栋梁，\n\n\n\n我们今天是弦歌在一堂，\n\n\n\n明天要掀起民族自救的巨浪，\n\n\n\n巨浪 巨浪 不断地增涨，\n\n\n\n同学们 同学们，\n\n\n\n快拿出力量，\n\n\n\n担负起天下的兴亡，\n\n\n\n巨浪 巨浪 不断地增涨，\n\n\n\n同学们 同学们，\n\n\n\n快拿出力量，\n\n\n\n担负起天下的兴亡！！！
135270,3418,竺可桢,2021-05-07 08:35:34,2,2,0,校长和校长
135323,3418,竺可桢,2021-05-08 06:14:17,7,7,0,期待评分无限接近于10的那一天
136048,3418,竺可桢,2021-06-10 08:05:46,1,1,0,老校长千古
136094,3418,竺可桢,2021-06-11 02:28:53,3,3,0,觉醒年代中胡适曾提到过竺校长
136100,3418,竺可桢,2021-06-11 02:51:38,4,4,0,会问两个问题，没有标准答案，竺老师和蔼可亲，是我见过最优秀的老师
136104,3418,竺可桢,2021-06-11 03:03:59,2,2,0,尽在不\n\n言中。
136107,3418,竺可桢,2021-06-11 03:31:21,4,4,0,高山仰止，景行行止。虽不能至，然心乡往之。
136153,3418,竺可桢,2021-07-05 03:02:04,4,5,1,真的不点名的
136181,3418,竺可桢,2021-06-12 04:54:40,0,0,0,和蔼可亲
136211,3418,竺可桢,2021-06-13 00:44:54,0,1,1,好啊好啊
136224,3418,竺可桢,2021-06-13 06:07:58,63,68,5,现在的浙大不是我喜欢的那样，浮躁，官僚，正态，形式...... \n\n似乎一切都慢慢变得虚无。\n\n努力学习的心被正态的分数击碎。为了得到高分，内卷也成为了学校里经常被提到的名词。\n\n有些人想要发言，但ta的信息却被学校掌握着。辅导员，班主任找ta谈话。渐渐的，大家都沉默了，意见也很少了。是不是真的意味着浙大在渐渐的变好？\n\n课外打卡，难度很高的十二分钟，是不是真的调动了学生对运动的兴趣？还是渐渐的让人感到厌恶。\n\n二课三课是不是真的让学生全面发展？还是压榨了我们学习专业课的时间？\n\n这一切，让我刚入学时的热情慢慢散去。或许，如果有下辈子，我希望来到您在任的浙大。
136373,3418,竺可桢,2021-06-17 05:01:00,1,1,0,只问是非，不计利害。
136509,3418,竺可桢,2021-06-19 15:32:05,1,1,0,没见过，但给10分
136625,3418,竺可桢,2021-06-22 06:08:15,0,0,0,好好好
136705,3418,竺可桢,2021-06-23 07:39:19,0,0,0,愧对老校长的两个问题
136735,3418,竺可桢,2021-06-23 15:29:44,0,0,0,呜呜\n\n日常点赞
136994,3418,竺可桢,2021-06-29 08:17:25,1,1,0,大学过去了一年，希望未来更加努力
137136,3418,竺可桢,2021-07-01 11:40:38,0,0,0,竺可桢校长的两问
137766,3418,竺可桢,2021-07-06 04:56:36,7,9,2,学累了给老校长刷个10分
137863,3418,竺可桢,2021-07-06 12:13:02,0,0,0,想你了来看看
137867,3418,竺可桢,2021-07-06 12:24:40,0,0,0,希望在浙大自己能变的更加好
137873,3418,竺可桢,2021-07-06 12:41:37,1,1,0,思念竺老校长～重铸东方剑桥之荣光，晚辈当躬行！
138042,3418,竺可桢,2021-07-07 12:10:50,33,34,1,平心而论\n\n来到浙大的很大一部分原因是心中对竺老您的敬佩和景仰\n\n想必如果您还在的话浙大的求是创新的校训现在应该会更加彰显学生的行为上，隐露于学生的心中\n\n而不是如今部分人心中的求仕创薪（当然更多是和社会，地域文化有关）\n\n此刻的我正在焦虑的复习中\n\n对专业的不满和学习的迷茫甚至有了退学的想法，当然更多是自己的原因\n\n但是无论无何，无论大学四年能否如期完成，无论最终能否以浙大人的身份完成自己的学业，我都会铭记求是创新的校训\n\n我来世间做什么\n\n我最后要成为什么样的人\n\n我将用一生去探寻这个答案\n\n2021.7.7
138224,3418,竺可桢,2021-07-08 04:08:28,1,2,1,刚考完试，怒答一波，挺认真负责的一个老师，就是平时作业有点多，能学到东西，给分好！
138919,3418,竺可桢,2021-07-11 18:15:17,16,17,1,您能回来救救浙大吗
139103,3418,竺可桢,2021-07-12 23:52:03,0,1,1,。。。。。
139124,3418,竺可桢,2021-07-13 03:19:39,0,0,0,yyds
139794,3418,竺可桢,2021-07-27 11:49:18,0,0,0,竺老！
139867,3418,竺可桢,2021-08-04 09:38:00,0,0,0,非常好
139930,3418,竺可桢,2021-08-21 08:09:02,0,0,0,真的只有两个问题
139936,3418,竺可桢,2021-08-21 15:42:30,2,2,0,#这是在干什么#？
139942,3418,竺可桢,2021-08-22 08:20:18,0,0,0,yyds
139989,3418,竺可桢,2021-08-22 23:49:10,0,0,0,敬慕而来
140012,3418,竺可桢,2021-08-23 08:11:25,0,0,0,赞赞赞
140018,3418,竺可桢,2021-08-25 11:56:16,0,0,0,好校长
140019,3418,竺可桢,2021-08-23 11:52:24,0,0,0,不错啊!
140022,3418,竺可桢,2021-08-23 12:07:58,0,0,0,。。。
140028,3418,竺可桢,2021-08-23 12:41:45,0,0,0,OKOK
140029,3418,竺可桢,2021-08-23 12:49:29,0,0,0,难题『诸位来浙大要干什么』
140030,3418,竺可桢,2021-08-23 13:10:08,0,0,0,爱，永远的爱
140032,3418,竺可桢,2021-08-23 13:14:01,0,0,0,怀念竺老校长，也希望zju越来越好
140037,3418,竺可桢,2021-08-23 13:50:48,2,2,0,老师人超好，体育课还会陪同一起长征，很负责任，赞赞赞
140038,3418,竺可桢,2021-08-23 13:48:52,0,0,0,10分献上
140047,3418,竺可桢,2021-08-24 05:42:50,5,6,1,炒鸡棒，上课从来不点到，绩点都给5.0！！！
140059,3418,竺可桢,2021-08-24 10:23:37,0,0,0,精神家园
140061,3418,竺可桢,2021-08-24 10:54:56,0,0,0,快回来救救浙大！
140063,3418,竺可桢,2021-08-24 11:50:12,1,2,1,是个好老师，希望我的同学以后能被他带
140065,3418,竺可桢,2021-08-24 12:12:03,0,1,1,绝对的好老师
140082,3418,竺可桢,2021-08-25 06:01:13,0,1,1,竺校长yyds
140100,3418,竺可桢,2021-09-08 02:34:13,8,8,0,竺老，求您来到我们求是，看看什么叫做卷，什么叫做正态，教一教各位吧
140101,3418,竺可桢,2021-08-25 15:49:10,0,0,0,太棒了
140115,3418,竺可桢,2021-08-26 11:51:37,0,0,0,绝对的好老师
140150,3418,竺可桢,2021-09-13 14:01:21,0,0,0,666
140182,3418,竺可桢,2021-09-03 10:40:40,0,0,0,伟大的校长
140194,3418,竺可桢,2021-09-04 09:47:37,0,0,0,牛啊牛啊
140197,3418,竺可桢,2021-09-04 11:50:38,0,0,0,棒棒棒
140254,3418,竺可桢,2021-09-07 05:31:35,0,0,0,求是！求是！
140258,3418,竺可桢,2021-09-07 10:23:16,1,1,0,给分很好！
140259,3418,竺可桢,2021-09-07 11:15:29,0,0,0,很不错
140324,3418,竺可桢,2021-09-09 01:38:57,0,0,0,感谢前辈
140329,3418,竺可桢,2021-09-09 04:29:33,0,0,0,很不错
140338,3418,竺可桢,2021-09-09 14:56:36,0,0,0,敬仰一代大师
140340,3418,竺可桢,2021-09-09 16:04:35,24,28,4,≥﹏≤竺老校长快带小吴走吧！！！您真眼看看啊，正态分布是个什么基霸东西。哀鸿遍野，血流成河！！！军训还正太就离谱啊！！没有天理啊。给您打个10分，哦不是3个10分，快带小吴走吧！！！庶子不足与谋啊，快赶走他！！！！
140349,3418,竺可桢,2021-09-10 02:18:50,5,7,2,多想上上您的课呀
140353,3418,竺可桢,2021-09-10 03:55:15,0,0,0,校长牛逼
140359,3418,竺可桢,2021-09-10 04:37:35,2,4,2,竺校长放心，晚辈必将牢记两问
140369,3418,竺可桢,2021-09-10 06:15:33,1,1,0,带领我人生更进一步
140452,3418,竺可桢,2021-09-12 04:41:37,0,0,0,至少要写三个字
140457,3418,竺可桢,2021-09-12 08:56:21,0,0,0,爱了爱了
140487,3418,竺可桢,2021-09-13 04:05:34,0,0,0,好👌🏻好
140507,3418,竺可桢,2021-09-13 06:37:27,0,1,1,怀念竺老
140539,3418,竺可桢,2021-09-13 13:14:35,0,0,0,能在那个时候被老校长管理真的是浙大的幸运。
140543,3418,竺可桢,2021-09-13 14:02:27,0,0,0,yyds
140561,3418,竺可桢,2021-09-15 13:53:47,0,0,0,水个十分
140585,3418,竺可桢,2021-09-14 05:09:18,0,0,0,感谢感谢
140588,3418,竺可桢,2021-09-14 05:28:31,0,0,0,鸿鹄之志
140595,3418,竺可桢,2021-09-14 06:02:19,0,0,0,永远的最佳校长
140603,3418,竺可桢,2021-09-14 07:46:22,0,0,0,好像听一次您的课
140605,3418,竺可桢,2021-09-14 08:09:58,0,0,0,老师超好
140622,3418,竺可桢,2021-09-14 11:55:36,0,0,0,竺老保佑
140623,3418,竺可桢,2021-09-14 12:01:20,0,0,0,我跟风
140627,3418,竺可桢,2021-09-14 12:29:03,0,0,0,竺校长yyds
140653,3418,竺可桢,2021-09-15 01:32:22,0,0,0,666
140655,3418,竺可桢,2021-09-15 01:58:25,0,0,0,这辈子没见过这样的老师
140660,3418,竺可桢,2021-09-15 02:28:18,0,0,0,老学长
140674,3418,竺可桢,2021-09-15 23:30:31,0,0,0,致敬老校长
140693,3418,竺可桢,2021-09-15 06:33:03,0,0,0,求是，求是啊
140704,3418,竺可桢,2021-09-15 07:33:24,0,0,0,老师的课让我印象深刻
140747,3418,竺可桢,2021-09-15 15:19:52,1,4,3,大家好，我是竺可桢，他们都说我去世了，实际上被封印在月牙楼的雕像里，给我打500元破封，等我出去传你气象咒
140834,3418,竺可桢,2021-09-16 14:47:08,0,0,0,竺校长精神永存！
140837,3418,竺可桢,2021-09-16 15:59:39,0,0,0,相当好了
140856,3418,竺可桢,2021-09-17 02:04:23,1,1,0,竺老的两句话，晚辈牢记于心
140903,3418,竺可桢,2021-09-17 13:55:51,0,0,0,一二三
140906,3418,竺可桢,2021-09-17 14:45:59,1,1,0,先生之风，山高水长。
140915,3418,竺可桢,2021-09-17 23:52:22,3,4,1,每天见到蟹老板门口的您都很快乐😁
140945,3418,竺可桢,2021-09-18 06:05:15,0,0,0,绝对好老师
140977,3418,竺可桢,2021-09-19 03:46:05,0,0,0,真的好
140988,3418,竺可桢,2021-09-19 10:22:40,0,0,0,超级好的老师
140998,3418,竺可桢,2021-09-20 07:54:45,0,0,0,大爱大爱
141092,3418,竺可桢,2021-09-23 07:10:35,0,0,0,qwq
141131,3418,竺可桢,2021-09-24 07:09:30,0,0,0,老校长好
141135,3418,竺可桢,2021-09-24 07:38:46,1,2,1,那俩问题太难了
141145,3418,竺可桢,2021-09-24 14:45:02,1,2,1,每天上课在月牙楼前都能看到您，不知道您能不能看到今天的浙大变成了什么样
141182,3418,竺可桢,2021-09-26 00:22:17,2,2,0,上课只有两个问题，我们用一生来回答。
141219,3418,竺可桢,2021-09-26 16:17:47,0,0,0,给你点个赞
141308,3418,竺可桢,2021-09-29 07:35:16,0,0,0,求是魂
141365,3418,竺可桢,2021-10-01 07:24:20,0,0,0,竺校长，我永远怀念您！
141368,3418,竺可桢,2021-10-02 08:45:48,1,1,0,颠覆历史上一切校长的好校长，10分请收下！
141490,3418,竺可桢,2021-10-12 03:00:25,0,0,0,10.00留念
141491,3418,竺可桢,2021-10-12 03:01:48,1,1,0,10.00留念
141500,3418,竺可桢,2021-10-12 08:05:51,0,0,0,嘿嘿嘿
141527,3418,竺可桢,2021-10-13 07:39:40,0,0,0,校长好
141533,3418,竺可桢,2021-10-13 10:35:14,0,0,0,两问问
141548,3418,竺可桢,2021-10-14 02:46:17,0,0,0,竺老的评分没话说的
141590,3418,竺可桢,2021-10-16 05:14:31,0,0,0,竺老校长yyds！
141591,3418,竺可桢,2021-10-16 06:47:17,0,0,0,yyds！
141716,3418,竺可桢,2021-10-21 15:02:24,0,0,0,唯有敬佩
141863,3418,竺可桢,2021-10-28 07:48:04,0,0,0,好校长
141884,3418,竺可桢,2021-10-29 14:40:15,0,0,0,竺校长真的很好，我没在用一生寻找着那两个问题的答案
141952,3418,竺可桢,2021-11-02 02:11:28,0,0,0,终此生，愿立求是以为魂！
141974,3418,竺可桢,2021-11-02 11:24:40,1,2,1,刚看到一个评论：“求仕，创薪”，您一定不想我们用这个来回答您的两问吧
142002,3418,竺可桢,2021-11-03 12:06:46,2,2,0,讲课真好，只问两个问题
142072,3418,竺可桢,2021-11-05 05:31:54,0,0,0,真的好
142187,3418,竺可桢,2021-11-08 10:41:47,0,0,0,不忍打破阵型。\n\n竺老yyds
142213,3418,竺可桢,2021-11-08 12:56:27,0,0,0,老校长～
142310,3418,竺可桢,2021-11-10 05:25:19,0,2,2,竺校长yyds
142448,3418,竺可桢,2021-11-11 13:06:25,0,0,0,可敬的校长
142580,3418,竺可桢,2021-11-13 15:14:08,0,0,0,竺老校长yyds~\n\n不接受反驳
142978,3418,竺可桢,2021-11-18 02:35:34,0,0,0,666
142979,3418,竺可桢,2021-11-18 02:36:08,0,0,0,棒棒棒
143135,3418,竺可桢,2021-11-19 17:26:21,4,5,1,他望着我
144061,3418,竺可桢,2021-12-17 06:48:57,0,0,0,很好的老先生
144148,3418,竺可桢,2021-12-19 15:25:46,0,0,0,我爱竺老
144206,3418,竺可桢,2021-12-20 11:46:47,9,12,3,前几年我上竺老校长课的时候，还没有瞎改考试日期的事情
144258,3418,竺可桢,2021-12-21 03:08:50,3,4,1,初代大校长，浙大之魂，月牙楼之守望者，启真湖之镇魂人
144322,3418,竺可桢,2021-12-21 05:55:27,1,1,0,竺老千古
144380,3418,竺可桢,2021-12-21 09:05:55,0,0,0,不如
144470,3418,竺可桢,2021-12-21 16:05:36,1,1,0,竺老yyds！
144489,3418,竺可桢,2021-12-22 00:58:43,1,3,2,大家谁都好，赶快去当校长然后取消那些缺德制度吧，不要让浙大越来越不像样了
144493,3418,竺可桢,2021-12-22 01:11:11,2,2,0,竺老上课就两个问题，却是那么地发人深省。
144517,3418,竺可桢,2021-12-22 04:24:13,5,6,1,为什么我的眼里常含泪水
144713,3418,竺可桢,2021-12-23 09:30:44,0,0,0,不负。
144772,3418,竺可桢,2021-12-23 13:55:57,2,2,0,终于10.0了
144837,3418,竺可桢,2021-12-25 05:29:47,1,1,0,神中神 一百分
144882,3418,竺可桢,2021-12-25 11:50:02,7,7,0,毕业几年后，他的那两个问题依然困扰着我
144889,3418,竺可桢,2021-12-25 12:27:40,5,6,1,新生养成阶段就把两个毕业题目透露给你的老师
144898,3418,竺可桢,2021-12-25 15:08:18,9,9,0,这应该是浙大唯一一个评分满分的老师吧
145103,3418,竺可桢,2021-12-27 11:49:09,10,13,3,只考两个问题 开卷 不限时 没有标准答案
145153,3418,竺可桢,2021-12-28 01:43:25,3,5,2,竺老师平时讲课真的很认真，大家快选竺老师的课
145224,3418,竺可桢,2021-12-28 10:13:00,4,4,0,前辈您好！！！
145378,3418,竺可桢,2021-12-29 08:30:58,1,2,1,老师很好，虽然没听过他的课。
145776,3418,竺可桢,2022-01-02 05:10:27,10,13,3,考试周emo住了，呜呜如果您还在的话一定会取消那些狗屁思修课吧
145806,3418,竺可桢,2022-01-02 13:12:49,1,1,0,你的时候
146015,3418,竺可桢,2022-01-05 04:10:17,1,1,0,yyds
146509,3418,竺可桢,2022-01-06 19:01:55,2,3,1,竺老保佑
146740,3418,竺可桢,2022-01-07 09:56:36,1,1,0,先生之风，山高水长
146741,3418,竺可桢,2022-01-07 09:56:36,0,1,1,先生之风，山高水长
146751,3418,竺可桢,2022-01-07 10:24:02,1,1,0,您还在该多好
147047,3418,竺可桢,2022-01-08 13:55:21,1,1,0,先生之风，山高水长
147230,3418,竺可桢,2022-01-09 07:54:30,2,4,2,"#include<stdio.h>\n\nint main()\n\n{\n\n    int i;\n\n    char a[10]， b[10];\n\n    char *st[] = {""one""， ""two""， ""three""， ""four""};\n\n    printf(""%s#""， *st);\n\n    for (i = 0; i < 4; i++)\n\n        b[i] = *(st[i] + 1);\n\n    b[i] = '\0';\n\n    puts(b);\n\n    return 0;\n\n}"
147690,3418,竺可桢,2022-01-10 13:09:24,2,3,1,先生之风，山高水长
147840,3418,竺可桢,2022-01-11 03:33:59,11,12,1,前几天朵朵匿名随机到了竺老，给考试周中紧张的我带来了安慰，竺老保佑。
148298,3418,竺可桢,2022-01-12 05:43:57,4,6,2,先生之风，山高水长。
148308,3418,竺可桢,2022-01-12 06:09:27,1,1,0,呜呜呜
148809,3418,竺可桢,2022-01-13 14:50:36,23,25,2,浙大学子什么时候才能放下功利，重秉您的求是之训呢...学生们只是利己主义地重复着无意义的恶竞，我为这所学府和您感到悲哀
149335,3418,竺可桢,2022-01-15 06:18:25,6,6,0,先生之风 山高水长
150593,3418,竺可桢,2022-02-01 03:53:31,2,2,0,祝老校长虎年快乐！
150601,3418,竺可桢,2022-02-03 16:36:26,0,0,0,先生之风，山高水长
150986,3418,竺可桢,2022-02-21 15:09:41,0,0,0,先生之风，山高水长
151009,3418,竺可桢,2022-02-22 02:39:27,3,3,0,先生之风 山高水长
151120,3418,竺可桢,2022-02-23 07:54:16,1,1,0,先生之风，山高水长
151141,3418,竺可桢,2022-02-23 11:29:24,1,1,0,先生之风，山高水长
151193,3418,竺可桢,2022-02-24 08:23:07,1,1,0,竺老二问，伴我一生
151277,3418,竺可桢,2022-02-27 11:40:04,1,1,0,。。。
151291,3418,竺可桢,2022-02-28 01:28:41,6,6,0,校长求您赶快回来吧。\n\n真的好希望学生能安心、专心地做学生呐。
151348,3418,竺可桢,2022-03-01 03:25:36,1,3,2,两句毕业后能让人落泪的问题！
151429,3418,竺可桢,2022-03-03 05:28:29,1,1,0,yyds
151520,3418,竺可桢,2022-03-06 23:50:31,2,3,1,今天是您的生日
151527,3418,竺可桢,2022-03-07 01:50:55,1,1,0,竺可桢nb
151528,3418,竺可桢,2022-03-07 01:50:55,1,2,1,竺可桢nb
151533,3418,竺可桢,2022-03-07 02:52:49,3,5,2,先生之风，山高水长
151542,3418,竺可桢,2022-03-07 05:35:32,2,3,1,生日快乐！
151545,3418,竺可桢,2022-03-07 07:10:02,4,4,0,先生之风，山高水长
151560,3418,竺可桢,2022-03-07 16:22:11,0,0,0,生日快乐！
151581,3418,竺可桢,2022-03-08 10:47:24,0,0,0,先生之风，万年流芳。
151582,3418,竺可桢,2022-03-08 10:49:00,6,6,0,今天想了想竺校长的两问，感觉没有那么迷茫了，只要做到我的最好，成为我想成为的人就好
151849,3418,竺可桢,2022-03-17 12:49:34,1,2,1,老乡bd
151865,3418,竺可桢,2022-03-18 13:17:19,0,0,0,望此园好吧
152557,3418,竺可桢,2022-04-14 14:02:18,0,0,0,我爱你
152587,3418,竺可桢,2022-04-15 08:38:42,2,2,0,老校长打call！
152827,3418,竺可桢,2022-04-20 07:49:56,4,5,1,两个问题刻骨铭心，估计大学得要多学个十来年才能回答吧
153578,3418,竺可桢,2022-05-05 04:43:02,0,0,0,不谈了
153832,3418,竺可桢,2022-05-12 11:21:53,0,0,0,好校长！
153848,3418,竺可桢,2022-05-13 05:16:01,2,3,1,只问两个问题
154070,3418,竺可桢,2022-05-22 11:10:29,4,6,2,竺校长真的好，每天陪我们合影～
154073,3418,竺可桢,2022-05-22 13:26:50,1,1,0,老师课上的很好，课堂氛围很活跃
154097,3418,竺可桢,2022-05-23 05:58:01,0,0,0,🫡🫡🫡
154174,3418,竺可桢,2022-05-25 05:21:00,2,3,1,先生之风，山高水长
154443,3418,竺可桢,2022-06-01 12:40:30,1,1,0,夜宿启真湖盼，只为吐诉真情与你
154834,3418,竺可桢,2022-06-06 05:27:29,0,0,0,非常好
154897,3418,竺可桢,2022-06-06 15:04:40,0,0,0,很好呦
155344,3418,竺可桢,2022-06-11 07:52:25,1,1,0,很钦佩的人
155384,3418,竺可桢,2022-06-12 03:33:37,1,1,0,好老师！！！1
155455,3418,竺可桢,2022-06-13 05:23:02,2,2,0,竺老你带我走吧\n\n呜呜呜
155464,3418,竺可桢,2022-06-13 07:28:13,0,1,1,竺校长！
155468,3418,竺可桢,2022-06-13 08:12:15,0,0,0,老师人很好
155470,3418,竺可桢,2022-06-13 08:40:22,0,0,0,竺老校长！
155521,3418,竺可桢,2022-06-14 02:27:35,1,1,0,竺可桢老校长真的不会点名😂
155572,3418,竺可桢,2022-06-14 11:03:24,0,0,0,两个问题
155586,3418,竺可桢,2022-06-14 13:19:51,0,0,0,考试只考两个主观论述题。
155588,3418,竺可桢,2022-06-14 13:31:38,3,3,0,竺老，今晚我不关心大物和生化，我只关心你～
155687,3418,竺可桢,2022-06-15 07:59:38,0,0,0,我爱您
156814,3418,竺可桢,2022-06-21 04:14:24,0,0,0,竺老保佑我明天考完 这个学期平稳着陆！
156885,3418,竺可桢,2022-06-21 09:18:04,0,0,0,竺老10.00！
157033,3418,竺可桢,2022-06-21 16:07:14,0,0,0,校长好
157308,3418,竺可桢,2022-06-23 01:45:51,1,1,0,那必然是满分啦！！！
157345,3418,竺可桢,2022-06-23 04:20:50,0,1,1,竺老～希望我能平稳着陆～
157688,3418,竺可桢,2022-06-24 10:34:56,1,1,0,先生之风，山高水长
159525,3418,竺可桢,2022-08-03 08:45:31,1,1,0,好老师，好校长，好学者！
159579,3418,竺可桢,2022-08-19 13:13:04,0,0,0,竺老nb
159587,3418,竺可桢,2022-08-21 03:38:19,0,1,1,每天上课只问两个问题
159590,3418,竺可桢,2022-08-22 01:36:24,0,0,0,永远的浙大校长，求是之魂
159594,3418,竺可桢,2022-08-21 12:31:16,0,0,0,非常好
159598,3418,竺可桢,2022-08-21 14:33:11,1,1,0,老师上课超认真 听说校歌就是他托朋友写的 老师上课问的问题也很难
159599,3418,竺可桢,2022-08-21 14:47:42,0,0,0,叩问灵魂的二问让我升华
159603,3418,竺可桢,2022-08-22 02:31:59,0,1,1,永远的浙大之魂
159605,3418,竺可桢,2022-08-22 02:48:57,1,2,1,校长校长你回来吧
159608,3418,竺可桢,2022-08-22 03:59:10,1,2,1,新生 景仰而又未知全貌
159611,3418,竺可桢,2022-08-22 04:47:57,1,1,0,respect
159612,3418,竺可桢,2022-08-22 05:01:01,1,1,0,respect
159613,3418,竺可桢,2022-08-22 05:13:26,0,0,0,respect
159623,3418,竺可桢,2022-08-22 09:23:39,0,0,0,先生千古
159626,3418,竺可桢,2022-08-22 08:58:30,0,0,0,新生，respect
159627,3418,竺可桢,2022-08-22 09:05:26,5,5,0,老师非常认真负责，一直认真听他的课，已经被他带走了！
159628,3418,竺可桢,2022-08-22 09:07:30,1,2,1,竺老保佑军训凉快点！
159629,3418,竺可桢,2022-08-22 09:08:07,2,2,0,竺老睁眼看看吧，看看您培养的学生们现在都怎么拿您整活了
159630,3418,竺可桢,2022-08-22 09:28:53,1,1,0,真谢谢你的两个问题
159632,3418,竺可桢,2022-08-22 09:35:45,-6,0,6,呵呵呵
159633,3418,竺可桢,2022-08-22 09:36:50,0,0,0,我们都爱听
159634,3418,竺可桢,2022-08-22 09:37:28,1,1,0,非常好
159636,3418,竺可桢,2022-08-22 10:27:36,0,0,0,竺可桢老校长yyds
159638,3418,竺可桢,2022-08-26 08:33:09,2,2,0,respect
159639,3418,竺可桢,2022-08-22 11:36:17,0,0,0,respect
159643,3418,竺可桢,2022-08-22 12:19:11,0,0,0,好。。。
159644,3418,竺可桢,2022-08-23 04:42:52,0,1,1,永远瞻仰您
159647,3418,竺可桢,2022-08-22 13:35:44,0,0,0,RESPECT
159650,3418,竺可桢,2022-08-22 14:07:26,0,0,0,提问很有深度
159651,3418,竺可桢,2022-08-22 14:08:36,0,0,0,每学期只有两道思考题，从来不换，很给力。
159652,3418,竺可桢,2022-08-22 14:09:22,0,0,0,每天上课必提问
159654,3418,竺可桢,2022-08-22 15:05:28,1,1,0,真的只有两个问题耶
159655,3418,竺可桢,2022-08-22 15:05:35,0,0,0,先生之风，山高水长
159656,3418,竺可桢,2022-08-22 15:12:52,0,0,0,大不自多 海纳江河
159657,3418,竺可桢,2022-08-22 15:22:42,7,7,0,先生只问两个问题，超级难，需要一辈子来回答。
159658,3418,竺可桢,2022-08-22 15:27:25,1,1,0,yyds
159659,3418,竺可桢,2022-08-22 15:38:57,0,0,0,向您学习！！！
159661,3418,竺可桢,2022-08-23 00:33:07,0,0,0,好耶:)
159669,3418,竺可桢,2022-08-23 04:33:53,0,0,0,啊啊啊！
159670,3418,竺可桢,2022-08-23 04:36:11,0,0,0,不错哦
159671,3418,竺可桢,2022-08-23 04:48:15,0,0,0,先生两问，受益终身。斯人已去，风骨永存！
159672,3418,竺可桢,2022-08-23 04:57:08,7,8,1,每当我走过月牙楼，就能看到竺老在殷切注视着我。两个问题很难，一句话说不清楚，就让我用四年的时间来回答吧。
159673,3418,竺可桢,2022-08-23 04:58:57,1,1,0,每次上课问两个问题
159676,3418,竺可桢,2022-09-03 08:48:13,1,1,0,听君两问，胜活十年！
159679,3418,竺可桢,2022-08-23 06:05:23,0,0,0,nbility!!!
159681,3418,竺可桢,2022-08-23 06:50:25,3,3,0,校长每年都会告诉我们两个主观题的题目和答案，非常好的老师！
159682,3418,竺可桢,2022-08-23 07:00:13,0,0,0,非常好
159683,3418,竺可桢,2022-08-23 07:18:09,0,0,0,每天上课只问两个问题
159691,3418,竺可桢,2022-08-23 11:52:35,1,1,0,老校长，不给10说不过去
159697,3418,竺可桢,2022-08-23 13:41:29,0,0,0,竺老先生千古！
159709,3418,竺可桢,2022-08-23 17:07:40,0,0,0,感谢竺老
159711,3418,竺可桢,2022-08-24 07:10:31,1,2,1,给先生一百分都算少
159713,3418,竺可桢,2022-08-24 08:14:41,0,1,1,先生之风，山高水长
159714,3418,竺可桢,2022-08-24 09:00:09,3,5,2,我与竺老师并不相识，却对他有一种故人般的思念
159715,3418,竺可桢,2022-08-24 09:05:01,0,0,0,竺老给十分
159724,3418,竺可桢,2022-08-25 10:39:48,0,0,0,灵魂质问
159727,3418,竺可桢,2022-08-25 14:34:22,2,2,0,希望将来能在浙大下面继续听到竺老的气象学
159728,3418,竺可桢,2022-08-25 14:50:58,0,0,0,牛牛牛
159729,3418,竺可桢,2022-08-25 14:51:36,1,1,0,两句话，引发无数浙大学子思考
159730,3418,竺可桢,2022-08-25 23:44:00,1,1,0,高山仰止，竺老对浙大的贡献使浙大拥有今天的地位
159737,3418,竺可桢,2022-08-26 12:18:08,1,1,0,课上的两个问题我要想四年
159740,3418,竺可桢,2022-08-26 23:17:56,0,0,0,666
159743,3418,竺可桢,2022-08-27 08:32:22,21,21,0,只要大家还在怀念竺可桢先生，浙大就有希望\n\n可惜怀念竺老的都是学生，而不是领导层\n\n某些人只怀念竺老时期浙大的辉煌，却永远不会反思浙大的问题到底出在哪里
159788,3418,竺可桢,2022-09-13 02:06:12,5,5,0,神中神，一百昏
159791,3418,竺可桢,2022-08-31 03:32:11,1,1,0,还未进校，先被校长问两个问题，正襟危坐。
159825,3418,竺可桢,2022-09-03 13:50:06,0,0,0,666
159830,3418,竺可桢,2022-09-04 13:06:01,-74,0,74,特别特别好 所以给一分 以示鼓励
159844,3418,竺可桢,2022-09-06 04:05:41,0,0,0,共勉！
159846,3418,竺可桢,2022-09-06 04:38:07,0,0,0,抱大腿
159856,3418,竺可桢,2022-09-06 10:18:36,0,0,0,竺二问强的
159861,3418,竺可桢,2022-09-06 22:00:33,0,0,0,非常好的老校长
159862,3418,竺可桢,2022-09-07 00:03:11,2,2,0,我还是答不出两问
159884,3418,竺可桢,2022-09-08 01:29:25,4,5,1,学生新入学，瞻仰先生。
159887,3418,竺可桢,2022-09-08 02:16:24,0,0,0,你来浙大做什么
159897,3418,竺可桢,2022-09-08 11:23:08,0,0,0,竺可桢
159904,3418,竺可桢,2022-09-08 14:01:21,1,2,1,两问振聋发聩，也许要用一辈子来回答。
159917,3418,竺可桢,2022-09-09 03:16:26,0,0,0,竺老校长真的好！
159926,3418,竺可桢,2022-09-09 04:31:38,0,0,0,敬仰 求是之魂
159927,3418,竺可桢,2022-09-09 04:33:10,0,0,0,只需要答好两个问题
159934,3418,竺可桢,2022-09-09 07:35:14,0,0,0,好极了
159939,3418,竺可桢,2022-09-09 09:54:00,1,1,0,竺可桢两问
159940,3418,竺可桢,2022-09-09 09:54:42,0,1,1,竺老之风，山高水长。
159961,3418,竺可桢,2022-09-10 05:24:19,0,0,0,很好的老师
159980,3418,竺可桢,2022-09-11 00:43:47,1,2,1,浙大之魂
159986,3418,竺可桢,2022-09-11 03:04:47,1,1,0,天天经过校长都要低头表示敬意
159990,3418,竺可桢,2022-09-11 06:48:34,4,5,1,先生之风，山高水长。
160002,3418,竺可桢,2022-09-11 12:00:32,0,0,0,浙大之魂，求是之魂，创新之魂！
160028,3418,竺可桢,2022-09-12 03:37:21,0,0,0,竺可桢
160096,3418,竺可桢,2022-09-13 06:57:33,0,0,0,太棒了！
160112,3418,竺可桢,2022-09-13 09:29:07,0,0,0,是个好老师
160186,3418,竺可桢,2022-09-14 10:35:52,1,1,0,非常nice
160195,3418,竺可桢,2022-09-15 00:21:29,0,0,0,🥴🥴🥴
160220,3418,竺可桢,2022-09-15 06:28:21,0,0,0,竺老千古
160234,3418,竺可桢,2022-09-15 11:44:49,0,0,0,竺可桢老校长永垂不朽
160263,3418,竺可桢,2022-09-16 03:05:12,5,5,0,先生真的很好，可惜求是创新被某些人败成求仕创薪啦(大哭
160279,3418,竺可桢,2022-09-16 09:15:17,0,0,0,两个问题
160338,3418,竺可桢,2022-09-19 10:18:16,0,0,0,太棒了
160371,3418,竺可桢,2022-09-20 13:17:42,0,0,0,yyds
160383,3418,竺可桢,2022-09-21 03:13:14,0,0,0,校长好！浙大之魂！
160405,3418,竺可桢,2022-09-21 11:54:05,0,0,0,爱了爱了
160413,3418,竺可桢,2022-09-21 15:35:43,0,0,0,好好好
160414,3418,竺可桢,2022-09-21 15:35:52,1,1,0,小学就知道的人
160418,3418,竺可桢,2022-09-22 02:07:50,1,1,0,致敬！
160487,3418,竺可桢,2022-09-24 06:32:13,2,2,0,我们都一直希望您回来
160488,3418,竺可桢,2022-09-24 08:49:00,2,4,2,先生请回来拯救浙大。
160494,3418,竺可桢,2022-09-24 14:00:07,2,2,0,竺校长是真正的求是之魂
160516,3418,竺可桢,2022-09-25 10:47:28,1,1,0,致敬！
160518,3418,竺可桢,2022-09-25 12:40:58,0,0,0,赞赞赞
160541,3418,竺可桢,2022-09-26 07:46:57,0,0,0,好老师，好校长
160566,3418,竺可桢,2022-09-27 04:51:20,0,2,2,…………
160682,3418,竺可桢,2022-09-30 11:38:10,8,9,1,老师的两个问题，伴随了无数同学的4年。
160951,3418,竺可桢,2022-10-20 15:19:55,10,11,1,前两天听到某位老师说：“现在的时代，对于求是，能做到总问是非，少记利害，已经是很难得的了”\n\n感觉确实不是当年那个虽然条件困难但大家真心相待，热血奋发，求真求实的年代了
161059,3418,竺可桢,2022-10-25 09:02:48,1,1,0,竺校长！
161066,3418,竺可桢,2022-10-25 12:28:50,-4,0,4,。。。
161135,3418,竺可桢,2022-10-28 08:32:12,1,1,0,好诶！！
161420,3418,竺可桢,2022-11-07 01:28:42,0,0,0,好老师！
161470,3418,竺可桢,2022-11-07 10:23:33,1,1,0,超棒也
161524,3418,竺可桢,2022-11-08 06:49:19,3,3,0,浙大之魂
161621,3418,竺可桢,2022-11-09 12:55:43,1,3,2,每天经过月牙楼都会郑重地和竺老对视
161634,3418,竺可桢,2022-11-10 00:09:42,3,3,0,最可爱的校长(˵¯͒〰¯͒˵)
161666,3418,竺可桢,2022-11-10 07:35:07,0,2,2,先生之风，山高水长。
161918,3418,竺可桢,2022-11-15 04:09:23,1,1,0,最好的校长！
162122,3418,竺可桢,2022-11-21 04:14:26,0,0,0,大爱竺校长！！
162239,3418,竺可桢,2022-11-18 05:58:33,0,1,1,竺老两问两答，我将终身铭记。先生之风，浙大之魂！
162265,3418,竺可桢,2022-11-18 14:43:02,1,1,0,好老师！竺老师，有空回来看看浙大，看看我们！
162289,3418,竺可桢,2022-11-19 07:37:40,0,0,0,敬爱的老校长
162588,3418,竺可桢,2022-11-26 17:48:41,0,0,0,爱死校长了
162950,3418,竺可桢,2022-12-06 23:48:29,1,1,0,🥰🥰🥰
163164,3418,竺可桢,2022-12-08 12:10:19,1,1,0,讲得好
163174,3418,竺可桢,2022-12-09 02:31:31,0,0,0,真的行！
163282,3418,竺可桢,2022-12-12 04:31:22,0,1,1,好好好好好
163284,3418,竺可桢,2022-12-12 05:04:28,1,1,0,666
163294,3418,竺可桢,2022-12-12 07:49:29,2,2,0,云山苍苍，江水泱泱，先生之风，山高水长。
163340,3418,竺可桢,2022-12-13 08:26:37,4,4,0,不用解释什么10分就是10分
163420,3418,竺可桢,2022-12-14 09:05:32,9,9,0,竺老值100分
163447,3418,竺可桢,2022-12-14 10:42:25,1,1,0,竺老您好
163509,3418,竺可桢,2022-12-14 16:50:04,0,1,1,浙大父亲
163552,3418,竺可桢,2022-12-15 06:10:47,0,0,0,竺老千古
163783,3418,竺可桢,2022-12-16 05:54:50,0,0,0,校长好
163944,3418,竺可桢,2022-12-16 16:39:08,11,11,0,学生终日下帏苦攻，课余首当讲求体育
163959,3418,竺可桢,2022-12-17 02:36:38,12,13,1,老师经常问两个问题，虽然我都答不上来
163962,3418,竺可桢,2022-12-17 02:45:13,1,4,3,斯人伟大，然后世浙大不佳
163977,3418,竺可桢,2022-12-17 04:30:02,2,2,0,竺老两问，我在思索答案
164016,3418,竺可桢,2022-12-17 09:37:25,7,9,2,提的就两问，问蒙千把人
164050,3418,竺可桢,2022-12-17 12:22:04,4,4,0,一定要找到答案
164061,3418,竺可桢,2022-12-17 14:24:29,0,1,1,先生之风
164144,3418,竺可桢,2022-12-18 11:58:01,1,1,0,好校长
164168,3418,竺可桢,2022-12-18 15:32:11,1,1,0,好好好
164252,3418,竺可桢,2022-12-20 03:45:05,2,6,4,为啥50%的同学认为点名
164255,3418,竺可桢,2022-12-20 04:33:26,0,0,0,灵魂人物
164269,3418,竺可桢,2022-12-20 05:53:43,0,0,0,斯人千古
164288,3418,竺可桢,2022-12-20 06:38:54,1,1,0,🌹🌹🌹
164350,3418,竺可桢,2022-12-20 11:04:12,0,0,0,看看新校长是谁
164494,3418,竺可桢,2022-12-21 09:00:44,1,1,0,著名的两个问题。
164720,3418,竺可桢,2022-12-24 06:43:55,1,3,2,非常好的老师
164730,3418,竺可桢,2022-12-24 11:05:53,0,0,0,！！！
164768,3418,竺可桢,2022-12-26 01:33:12,25,28,3,竺校长，每当学校有不合民意的决策我都到这里来看看，想着您在的时候会怎么做，会教我们怎么做。可惜您已经不在了，您之后的领导也不来看看您怎么教了…
164851,3418,竺可桢,2022-12-27 02:50:11,0,0,0,好哈哈哈哈
164951,3418,竺可桢,2022-12-28 03:53:02,8,8,0,救救孩子
165118,3418,竺可桢,2022-12-29 08:04:08,2,2,0,竺老呜呜呜呜
166141,3418,竺可桢,2023-01-11 07:32:10,1,3,2,先生之风，山高水长！
166497,3418,竺可桢,2023-01-12 11:47:23,13,13,0,竺老可以捞我的绩点吗
168443,3418,竺可桢,2023-02-16 14:58:02,0,0,0,我的男神
168465,3418,竺可桢,2023-02-17 09:12:12,0,0,0,必须拉满
169484,3418,竺可桢,2023-02-26 11:27:32,6,8,2,上课很有趣，给分也还行
169812,3418,竺可桢,2023-02-28 03:40:36,0,0,0,太好力！
169821,3418,竺可桢,2023-02-28 04:51:00,0,0,0,特别特别伟大，特别特别崇高
169833,3418,竺可桢,2023-02-28 05:43:12,5,5,0,竺老人很好啊啊啊，课上事情也不多 每次只留两个问题给我们思考
169885,3418,竺可桢,2023-02-28 08:27:24,0,0,0,想您了
170295,3418,竺可桢,2023-03-02 13:51:50,0,0,0,国有成均，在浙之滨。
170386,3418,竺可桢,2023-03-03 11:33:39,0,0,0,hao
170417,3418,竺可桢,2023-03-04 07:43:52,2,2,0,先生之风，山高水长。
170574,3418,竺可桢,2023-03-07 00:54:55,11,12,1,竺老校长生日快乐Y（^_^）Y
170586,3418,竺可桢,2023-03-07 03:20:33,3,3,0,生日快乐
170587,3418,竺可桢,2023-03-07 03:26:23,3,4,1,学生朽木
170604,3418,竺可桢,2023-03-07 05:36:23,1,2,1,竺校长生日快乐！
170627,3418,竺可桢,2023-03-07 09:37:54,1,1,0,老校长生日快乐
170684,3418,竺可桢,2023-03-08 06:26:59,8,9,1,每天路过月牙楼都要和竺老师问好
170726,3418,竺可桢,2023-03-08 15:10:32,0,0,0,我爱你
170896,3418,竺可桢,2023-03-11 13:01:37,6,6,0,博物学家在我的理解里和大学的本质是比较接近的，现实差得比较远。我想学气象学啊但是拿不定主意
171076,3418,竺可桢,2023-03-15 13:11:48,13,13,0,生虽朽木，愿以毕生求索
171210,3418,竺可桢,2023-03-18 15:33:41,28,29,1,希望竺老在天之灵保佑浙大免受外来低素质人员的侵扰
171485,3418,竺可桢,2023-03-26 02:31:44,1,2,1,向竺老问好
171790,3418,竺可桢,2023-04-05 13:28:41,4,6,2,竺老，今天是清明节，向您寄托哀思
171820,3418,竺可桢,2023-04-06 12:19:30,0,0,0,必须10分啊！
172107,3418,竺可桢,2023-04-19 15:30:05,0,0,0,向竺老致敬！
172398,3418,竺可桢,2023-04-26 04:31:41,2,4,2,期末两篇论文
173868,3418,竺可桢,2023-06-04 02:50:22,0,0,0,哈哈哈哈
174108,3418,竺可桢,2023-06-06 09:13:02,0,0,0,好教师。这是今年的10分。
174115,3418,竺可桢,2023-06-06 10:17:45,0,0,0,老师很好！
174118,3418,竺可桢,2023-06-06 10:34:12,0,0,0,希望早日知道两个问题的答案
174295,3418,竺可桢,2023-06-09 05:48:30,5,7,2,一年了，感觉那两个问题的答案越来越模糊..
174296,3418,竺可桢,2023-06-09 05:52:55,0,0,0,伟大的竺校长！
174378,3418,竺可桢,2023-06-11 08:05:16,1,1,0,只是有些累了
174444,3418,竺可桢,2023-06-12 08:26:20,0,0,0,这是给您的满分
174749,3418,竺可桢,2023-06-16 16:14:35,0,0,0,10分
175015,3418,竺可桢,2023-06-21 04:57:29,8,10,2,每当累的时候，都会想起老校长。先生，请护佑我们永不因世界而变更本心，永记得自己当初最清澈最志大的模样。
175029,3418,竺可桢,2023-06-21 07:04:41,0,0,0,满分！
175072,3418,竺可桢,2023-06-21 11:15:06,0,0,0,好老师！！！
175183,3418,竺可桢,2023-06-22 07:40:39,0,0,0,竺老，是我们一直敬爱的校长
175359,3418,竺可桢,2023-06-24 07:43:46,0,0,0,竺校长！
175773,3418,竺可桢,2023-06-26 13:45:38,2,6,4,这两个问题，我将用一生来回答
175935,3418,竺可桢,2023-06-27 07:55:25,5,6,1,仁心仁术，求是求新。希望此心不改，此行不辍。
177657,3418,竺可桢,2023-07-04 05:44:22,2,3,1,哎 现在的学校成什么样子了
178524,3418,竺可桢,2023-07-13 10:14:38,3,6,3,私以为，现在浙大的风气和时代的压迫让两问的回答越来越模糊和走向功利化
178819,3418,竺可桢,2023-07-24 13:19:14,0,0,0,好好好
178994,3418,竺可桢,2023-08-15 12:27:52,1,1,0,他老人家考试只考两题，真好
179010,3418,竺可桢,2023-08-19 15:14:32,0,0,0,很棒的老师
179016,3418,竺可桢,2023-08-21 11:31:29,1,2,1,只问两个开放性问题，但要回答好，并不容易。
179029,3418,竺可桢,2023-08-22 17:30:35,4,4,0,振聋发聩的两问。
179056,3418,竺可桢,2023-08-26 11:25:45,0,0,0,老校长赛高
179057,3418,竺可桢,2023-08-26 12:54:49,0,0,0,仰慕已久
179060,3418,竺可桢,2023-08-27 15:03:27,2,3,1,好好好
179065,3418,竺可桢,2023-08-27 10:38:24,0,0,0,两问存心，脚踏实地！
179067,3418,竺可桢,2023-08-27 11:02:01,0,0,0,好好好
179069,3418,竺可桢,2023-08-29 08:05:57,2,2,0,你来浙大做什么
179077,3418,竺可桢,2023-08-27 12:15:53,0,0,0,好老师爱了
179078,3418,竺可桢,2023-08-27 12:18:07,0,0,0,竺可桢校长，浙大的光
179080,3418,竺可桢,2023-08-27 12:48:48,0,0,0,大家还记得1999年吗，我们英勇的地球战士正是用竺可桢老校长的气象武器制造出了雾霾，成功呛死了来犯的萨比星人。
179082,3418,竺可桢,2023-08-27 12:51:29,0,0,0,好老师😘😘😘
179089,3418,竺可桢,2023-08-27 14:37:58,0,0,0,两个问题
179090,3418,竺可桢,2023-08-27 14:40:52,0,0,0,竺可桢老师
179091,3418,竺可桢,2023-08-27 14:41:32,0,0,0,校长校长
179093,3418,竺可桢,2023-08-27 15:09:40,0,0,0,就是很难选到他的课~
179094,3418,竺可桢,2023-08-27 15:09:10,0,0,0,好好好
179100,3418,竺可桢,2023-08-28 02:16:18,0,0,0,真好！
179101,3418,竺可桢,2023-08-28 02:54:24,0,0,0,好好好
179102,3418,竺可桢,2023-08-28 03:00:25,1,1,0,好好好
179103,3418,竺可桢,2023-08-28 03:01:24,0,0,0,竺可桢两问
179104,3418,竺可桢,2023-08-28 03:05:31,0,0,0,尊敬的校长
179105,3418,竺可桢,2023-08-28 03:08:05,2,2,0,两道题，一生问
179106,3418,竺可桢,2023-08-28 03:14:36,0,1,1,教授保佑军训下雨
179108,3418,竺可桢,2023-08-28 03:15:16,0,0,0,。。。
179109,3418,竺可桢,2023-08-28 03:16:03,0,1,1,混；混混
179111,3418,竺可桢,2023-08-28 03:37:51,0,0,0,竺老千古！！
179112,3418,竺可桢,2023-08-28 04:40:06,0,0,0,爱您爱您
179113,3418,竺可桢,2023-08-28 05:17:31,0,0,0,太棒了
179118,3418,竺可桢,2023-08-28 06:49:30,0,0,0,好好好！
179119,3418,竺可桢,2023-08-28 07:02:10,3,4,1,课堂只问两个问题，但是难度非常大
179132,3418,竺可桢,2023-08-28 08:37:18,1,1,0,niubi
179135,3418,竺可桢,2023-08-28 08:55:58,0,0,0,竺老好！
179136,3418,竺可桢,2023-08-28 09:02:57,0,0,0,好好好
179142,3418,竺可桢,2023-08-28 12:44:50,4,6,2,好老师，绝对的好老师，我62年的时候听过他的课，陪他游过泳，那时我20岁，现在我又20岁了呢
179144,3418,竺可桢,2023-08-28 13:19:02,0,0,0,竺校长人很好，温润如玉谦谦君子
179147,3418,竺可桢,2023-08-28 14:12:39,0,0,0,好好好
179151,3418,竺可桢,2023-08-29 00:00:04,3,3,0,非常好！
179154,3418,竺可桢,2023-08-29 01:31:32,44,47,3,如何看待浙江大学雨中开学典礼？）\n\n\n\n诸位在校，有两个问题应该自己问问，\n\n第一，今天有没有看天气预报？\n\n第二，今天做的事符不符合天气预报？\n\n\n\n希望竺老校长栽培的后生，可以把气象学和生活结合得更紧密。
179157,3418,竺可桢,2023-08-29 02:47:35,0,1,1,太酷啦。
179158,3418,竺可桢,2023-08-29 02:54:47,9,9,0,诸位在校，有两个问题自己问问\n\n1.今天有没有看天气预报\n\n2.今天做的事符不符合天气预报\n\n愿竺老栽培的后生能把气象学和生活结合得更加紧密
179163,3418,竺可桢,2023-08-29 04:54:09,0,0,0,非常好，伟大的校长
179170,3418,竺可桢,2023-08-29 06:01:35,6,6,0,老人家真的很好，上课就提问两个问题。
179173,3418,竺可桢,2023-08-29 07:02:41,0,0,0,确实挺不错的
179176,3418,竺可桢,2023-08-29 07:57:16,9,9,0,两个问题没认真答，解锁开学典礼下雨噢。
179177,3418,竺可桢,2023-08-29 10:17:07,1,2,1,非常好老师，爱来自浙大
179189,3418,竺可桢,2023-08-29 12:30:11,0,0,0,想你了
179195,3418,竺可桢,2023-08-29 15:07:48,0,0,0,好好好
179202,3418,竺可桢,2023-08-30 04:40:31,2,2,0,竺老精神永存
179203,3418,竺可桢,2023-08-30 06:36:19,0,0,0,好好好
179221,3418,竺可桢,2023-08-31 03:12:58,2,3,1,每天上课只问两个问题
179222,3418,竺可桢,2023-08-31 03:12:59,4,4,0,每天上课只问两个问题
179223,3418,竺可桢,2023-08-31 03:13:00,1,2,1,每天上课只问两个问题
179224,3418,竺可桢,2023-08-31 03:13:00,4,4,0,每天上课只问两个问题
179255,3418,竺可桢,2023-09-04 05:03:54,2,2,0,yyds
179256,3418,竺可桢,2023-09-04 06:55:49,2,2,0,真的只问两个问题
179261,3418,竺可桢,2023-09-05 02:05:14,1,1,0,竺老两问
179274,3418,竺可桢,2023-09-06 10:33:07,0,0,0,来这上什么课？
179312,3418,竺可桢,2023-09-09 11:10:59,1,1,0,校长好！
179319,3418,竺可桢,2023-09-10 02:09:18,0,0,0,虽然没听过，但应该挺不错
179323,3418,竺可桢,2023-09-10 12:29:13,1,1,0,人生导师
179342,3418,竺可桢,2023-09-15 10:14:07,1,2,1,速速把点名率拉回50%
179348,3418,竺可桢,2023-09-12 09:51:25,0,0,0,纪念老校长
179349,3418,竺可桢,2023-09-12 09:53:50,1,1,0,没听过，但应该不错
179350,3418,竺可桢,2023-09-12 12:18:57,0,0,0,喵喵喵
179352,3418,竺可桢,2023-09-12 15:09:23,1,1,0,想亲眼见见竺老校长，虽然不可能了
179361,3418,竺可桢,2023-09-13 02:36:49,2,5,3,人生导师，您的两个问题如流星般划过我一生的求学岁月
179364,3418,竺可桢,2023-09-13 05:12:41,1,1,0,前两天见到了 唱红歌的时候上台客串了
179372,3418,竺可桢,2023-09-13 11:23:00,0,0,0,竺老求雨
179373,3418,竺可桢,2023-09-13 13:34:19,0,0,0,真的好
179381,3418,竺可桢,2023-09-14 02:17:48,1,1,0,人很好
179383,3418,竺可桢,2023-09-14 02:29:12,7,8,1,中国气象学家（这一票投完点名率就从50.1回到50咯）
179384,3418,竺可桢,2023-09-14 02:32:37,5,5,0,事少给分好，都给我选
179386,3418,竺可桢,2023-09-14 02:41:07,1,1,0,校长好
179389,3418,竺可桢,2023-09-14 06:38:52,1,1,0,好好好！
179399,3418,竺可桢,2023-09-14 11:22:07,0,0,0,老师很好
179400,3418,竺可桢,2023-09-14 11:32:56,1,2,1,事少给分好，特别好的老师
179408,3418,竺可桢,2023-09-14 14:32:17,0,0,0,致敬老校长
179410,3418,竺可桢,2023-09-15 01:00:55,6,6,0,军训完了才下雨，后人学艺不精啊（doge）
179429,3418,竺可桢,2023-09-15 07:13:57,10,10,0,控雨控的很好！！
179430,3418,竺可桢,2023-09-15 07:14:09,2,2,0,想你了老校长，赶紧过来上课吧
179431,3418,竺可桢,2023-09-15 07:18:45,0,0,0,111
179437,3418,竺可桢,2023-09-15 10:56:41,12,13,1,我浙人不愧是竺老校长的后生，气象学学得杠杠的，开学典礼阴雨绵绵，一到军训就万里晴空，军训完更有一场雨，滋润我们疲惫的灵魂OvO
179438,3418,竺可桢,2023-09-15 11:14:23,0,0,0,好老师，好校长
179442,3418,竺可桢,2023-09-15 13:03:03,1,1,0,什么都好，就是上课看不到老师（
179464,3418,竺可桢,2023-09-16 11:25:19,0,1,1,校长好
179482,3418,竺可桢,2023-09-17 03:42:42,0,0,0,棒棒棒！
179486,3418,竺可桢,2023-09-17 07:33:43,1,1,0,好老师，好校长。
179488,3418,竺可桢,2023-09-17 10:33:27,0,0,0,太棒了
179511,3418,竺可桢,2023-09-18 00:56:33,0,0,0,志存高远，追求卓越
179560,3418,竺可桢,2023-09-18 08:28:58,0,0,0,很好的老师
179610,3418,竺可桢,2023-09-19 00:02:50,0,0,0,两个问题困扰了我，也成就了我
179611,3418,竺可桢,2023-09-19 00:02:46,0,0,0,两个问题困扰了我，也成就了我
179612,3418,竺可桢,2023-09-19 00:02:47,0,1,1,两个问题困扰了我，也成就了我
179613,3418,竺可桢,2023-09-19 00:02:47,0,0,0,两个问题困扰了我，也成就了我
179716,3418,竺可桢,2023-09-19 12:54:15,0,0,0,真的很想上竺老的课！
179958,3418,竺可桢,2023-09-20 05:17:27,3,6,3,第一题：混\n\n第二题：混混
180117,3418,竺可桢,2023-09-20 10:19:47,0,0,0,好好好
180171,3418,竺可桢,2023-09-20 12:34:42,0,0,0,好喜欢竺校长
180182,3418,竺可桢,2023-09-20 13:14:24,1,1,0,虽不能至，心向往之
180217,3418,竺可桢,2023-09-20 15:05:46,0,1,1,快拉点名率
180272,3418,竺可桢,2023-09-21 02:27:07,7,9,2,老师很好，但是为什么选不到课呢
180286,3418,竺可桢,2023-09-21 03:07:47,5,6,1,是激励我惟自由意志为上，也承认“我们依然需要找到圣碑”的人\n\n无论如何，总要加油
180381,3418,竺可桢,2023-09-21 10:32:57,0,0,0,非常好
180382,3418,竺可桢,2023-09-21 10:32:51,0,0,0,非常好
180383,3418,竺可桢,2023-09-21 10:32:51,0,0,0,非常好
180384,3418,竺可桢,2023-09-21 10:32:51,-2,1,3,非常好
180391,3418,竺可桢,2023-09-21 10:50:38,0,0,0,好好好
180420,3418,竺可桢,2023-09-21 13:47:34,0,1,1,平衡点名率
180505,3418,竺可桢,2023-09-22 04:32:30,0,0,0,必须得是50.0%！！！！！！！
180506,3418,竺可桢,2024-08-23 04:12:24,2,4,2,伟大无需多言
180508,3418,竺可桢,2023-09-22 05:44:23,0,0,0,平衡点名率
180515,3418,竺可桢,2023-09-22 07:37:00,6,6,0,只有两个问题，几年来一直是一半的点名率，足见竺老对学生的体恤和学生对他的尊崇
180529,3418,竺可桢,2023-09-22 10:51:57,1,1,0,上课从不点名，问完两个问题下课
180532,3418,竺可桢,2023-09-22 11:08:46,0,0,0,伟大的校长
180547,3418,竺可桢,2023-09-22 15:01:20,0,0,0,好好好
180559,3418,竺可桢,2023-09-23 01:22:18,0,1,1,求是魂！
180591,3418,竺可桢,2023-09-23 06:59:17,3,4,1,戚戚兮今朝求是，五神不宁
180613,3418,竺可桢,2023-09-23 11:36:37,0,0,0,竺老我哭死
180614,3418,竺可桢,2023-09-23 11:41:12,0,0,0,稳稳的
180616,3418,竺可桢,2023-09-23 12:28:26,2,2,0,莫听穿林打叶声，何妨吟啸且徐行。竹杖芒鞋轻胜马，谁怕？一蓑烟雨任平生。\n\n料峭春风吹酒醒，微冷，山头斜照却相迎。回首向来萧瑟处，归去，也无风雨也无晴。
180636,3418,竺可桢,2023-09-24 04:28:08,3,4,1,教的真的很好，不点名，虽然每节课都只问两个问题，却能让我们有不同的思考，10分!
180642,3418,竺可桢,2023-09-24 06:25:52,1,2,1,抱歉问题还没回答出来
180645,3418,竺可桢,2023-09-24 06:37:53,1,3,2,不知道校长看到今天的浙大，会作何感想，哎...
180646,3418,竺可桢,2023-09-24 06:37:53,4,5,1,不知道校长看到今天的浙大，会作何感想，哎...
180647,3418,竺可桢,2023-09-24 06:37:54,1,2,1,不知道校长看到今天的浙大，会作何感想，哎...
180648,3418,竺可桢,2023-09-24 06:58:12,0,0,0,最好的校长！
180649,3418,竺可桢,2023-09-24 07:06:46,0,0,0,呃呃呃
180650,3418,竺可桢,2023-09-24 07:09:36,0,0,0,伟大的校长，为浙大已然忘我，陪伴浙大学子度过最艰难的岁月😭伟人千古😭😭😭
180651,3418,竺可桢,2023-09-24 07:14:06,0,0,0,大爱了
180659,3418,竺可桢,2023-09-24 11:35:45,0,0,0,非常好！
180685,3418,竺可桢,2023-09-25 01:26:17,0,0,0,竺老千古
180690,3418,竺可桢,2023-09-25 02:21:12,4,6,2,不知道校长看到今天的浙大，会作何感想，哎...
180716,3418,竺可桢,2023-09-25 08:54:22,4,6,2,竺老从来不点名 不正太 不鹅颈 不绩杀\n\n（国庆了xdm 该冲业绩了.jpg
180743,3418,竺可桢,2023-09-25 14:53:14,5,6,1,每年都来投个10分。就像是一种习惯，或是寻求一种安慰吧。
180747,3418,竺可桢,2023-09-25 16:12:50,1,2,1,求求你回来吧
180748,3418,竺可桢,2023-09-25 16:36:03,0,0,0,非常棒
180753,3418,竺可桢,2023-09-26 00:02:45,4,4,0,竺老千古！
180776,3418,竺可桢,2023-09-29 01:20:24,7,8,1,看完求是魂，真的很感触，多谢竺老
180782,3418,竺可桢,2023-09-26 06:57:45,0,0,0,问题太难了
180794,3418,竺可桢,2023-09-26 09:08:47,0,1,1,向竺老致敬！
180800,3418,竺可桢,2023-09-26 10:49:42,0,0,0,竺老好
180824,3418,竺可桢,2023-09-27 02:52:50,1,1,0,好好好
180833,3418,竺可桢,2023-09-27 04:21:40,1,1,0,666
180838,3418,竺可桢,2023-09-27 05:44:35,1,2,1,折姜大学
180843,3418,竺可桢,2023-09-27 06:16:13,1,1,0,藕舫千古
180889,3418,竺可桢,2023-09-28 01:20:57,1,1,0,国之大者
180904,3418,竺可桢,2023-09-28 03:56:54,1,2,1,两问一生三思
180910,3418,竺可桢,2023-09-28 05:40:03,0,1,1,问两个问题，一个是求是，另一个还是求是
180920,3418,竺可桢,2023-09-28 07:01:50,1,1,0,竺老千古
180982,3418,竺可桢,2023-09-30 12:21:34,0,1,1,很好的校长🥹
180997,3418,竺可桢,2023-10-01 10:20:10,0,1,1,怀念老校长
181030,3418,竺可桢,2023-10-05 13:46:15,0,1,1,怀念老校长
181046,3418,竺可桢,2023-10-07 00:44:29,2,4,2,怀念竺可桢老校长，我希望能在本科四年中找到您的问题的我的答案。
181054,3418,竺可桢,2023-10-07 03:33:47,0,2,2,想您了
181137,3418,竺可桢,2023-10-10 00:47:47,0,1,1,太好了
181205,3418,竺可桢,2023-10-11 12:23:38,1,3,2,老师上课很认真，就是我没听过。
181296,3418,竺可桢,2023-10-13 08:11:37,1,3,2,老师qwq
181474,3418,竺可桢,2023-10-18 12:21:35,0,1,1,以事实为依据
181568,3418,竺可桢,2023-10-23 05:52:30,0,1,1,求是创新一生所求
181810,3418,竺可桢,2023-11-01 08:22:44,5,8,3,感觉最近好迷茫……希望能在本科四年思考出竺老两问的答案
181852,3418,竺可桢,2023-11-02 10:09:06,1,1,0,校长好
182173,3418,竺可桢,2023-11-11 11:20:55,8,11,3,校长人很好，无论是早出还是晚归都能看见他跟我打招呼
182242,3418,竺可桢,2023-11-13 07:29:18,2,2,0,老校长保佑我顺利毕业
182581,3418,竺可桢,2023-11-17 16:50:03,5,5,0,大不自多，海纳江河
182668,3418,竺可桢,2023-11-19 07:48:48,2,4,2,先生之风，山高水长
183240,3418,竺可桢,2023-11-23 05:11:18,7,8,1,去东教上课的时候总能在路上看到您。
183310,3418,竺可桢,2023-11-23 15:09:07,1,1,0,竺老天佑我
183516,3418,竺可桢,2023-11-27 04:07:04,14,15,1,一年四季都站在月牙楼前，望着孩子们的老头
183699,3418,竺可桢,2023-11-29 01:42:04,1,2,1,精神支柱
183828,3418,竺可桢,2023-11-30 14:32:59,36,38,2,竺老校长的点名率是中心极限定理的一大有力例证👍
184200,3418,竺可桢,2023-12-12 17:38:06,2,2,0,非常好的教师 爱来自比利时🇧🇪
184354,3418,竺可桢,2023-12-18 06:45:43,0,0,0,最好的老师
184602,3418,竺可桢,2023-12-22 02:29:55,-42,6,48,浙江大学什么时候修修你的破网啊？选课刷新了十几遍，都进不去，进去之后点击还会说服务器有问题，能不能加几组服务器啊？
184646,3418,竺可桢,2023-12-22 05:05:25,0,0,0,竺老就是神！
184736,3418,竺可桢,2023-12-22 11:07:41,9,10,1,校长的课在我生前我是经常听的，我记得那年抗日之时，他手把手教我气象学，教会我唱“大风车转悠悠的转”，十分感谢老校长给予我走进浙大的机会，我感激涕零。
184743,3418,竺可桢,2023-12-22 11:49:13,0,0,0,哎呦 不错哦
184809,3418,竺可桢,2023-12-23 04:11:46,0,0,0,竺校长
185184,3418,竺可桢,2023-12-27 03:22:38,0,0,0,好好好
185246,3418,竺可桢,2023-12-27 09:11:01,5,7,2,有时候真的在想如果竺校长看到今天的浙大和浙大学子会是怎样一种心情，校长的两个问题不断警醒着我，竺老千古
185297,3418,竺可桢,2023-12-27 15:26:36,0,0,0,先生大义
185359,3418,竺可桢,2023-12-28 08:28:33,2,2,0,竺校长保佑我二轮选课全中
185406,3418,竺可桢,2023-12-29 02:20:31,0,0,0,敬佩竺老
185528,3418,竺可桢,2024-01-01 16:42:05,0,0,0,我爱竺校长！
185983,3418,竺可桢,2024-01-07 05:54:57,4,4,0,竺校长我爱你！
185998,3418,竺可桢,2024-01-07 09:10:35,1,2,1,唯一真神。
186116,3418,竺可桢,2024-01-08 14:07:22,1,1,0,竺老，我从江对面来看你了！
186612,3418,竺可桢,2024-01-12 06:08:34,14,16,2,快回来救救今天处在苦难中的孩子们吧
187823,3418,竺可桢,2024-01-17 14:00:23,1,1,0,浙大学子会永远记得您。
188819,3418,竺可桢,2024-01-20 05:15:16,0,0,0,竺校长 每天要问两个问题 每个人都要被问
189309,3418,竺可桢,2024-01-23 04:42:45,0,1,1,最好的校长
189830,3418,竺可桢,2024-01-30 11:36:40,0,1,1,竺老校长，又来见您了
190086,3418,竺可桢,2024-02-20 03:11:47,10,10,0,竺校长，我来看您了。希望您有空时点点名吧
190257,3418,竺可桢,2024-02-26 14:43:19,0,0,0,对于那两个问题，至今没有思路
190475,3418,竺可桢,2024-03-05 11:44:20,2,2,0,竺老千古
190525,3418,竺可桢,2024-03-07 03:31:14,14,14,0,竺老生日快乐，浙大人心中永远的太阳和光辉。
190850,3418,竺可桢,2024-03-21 12:16:20,0,0,0,好好好
191472,3418,竺可桢,2024-04-23 11:02:35,16,16,0,校长泉下有知看到现在的浙大直接能气活了
191630,3418,竺可桢,2024-04-26 06:50:14,3,4,1,学生愧对竺老！！
191981,3418,竺可桢,2024-05-06 15:40:47,12,15,3,老校长可以带走几个牢师吗？
192553,3418,竺可桢,2024-05-23 10:48:34,0,0,0,十十十
193912,3418,竺可桢,2024-06-20 15:17:57,-2,1,3,泰裤辣
194205,3418,竺可桢,2024-06-22 12:56:23,11,12,1,竺老，请多看看现在的浙大学术环境吧！多点名，多问问我们两个问题
194298,3418,竺可桢,2024-06-23 07:04:58,1,1,0,谨遵教诲
195458,3418,竺可桢,2024-06-28 06:25:54,0,0,0,非常好！！！！！
195882,3418,竺可桢,2024-06-30 13:57:38,8,10,2,竺老看看现在的浙大吧，网红氛围甚至大过学术氛围
196067,3418,竺可桢,2024-07-01 11:45:56,0,1,1,老校长，请您保佑我学业顺利吧！
196424,3418,竺可桢,2024-07-03 09:32:31,0,0,0,竺校长yyds
197560,3418,竺可桢,2024-07-19 03:43:33,0,0,0,先生之风，山高水长
197673,3418,竺可桢,2024-07-26 15:07:51,0,0,0,爱校长！
197728,3418,竺可桢,2024-08-05 06:43:50,0,0,0,每天问问自己两个问题
197858,3418,竺可桢,2024-08-16 10:10:39,0,1,1,浙大不能没有竺老，竺老千古！
197878,3418,竺可桢,2024-08-18 12:04:45,6,7,1,老师非常敬业，每天都站在图书馆门口，省去了图书馆保安工作。
197892,3418,竺可桢,2024-08-20 00:55:45,1,1,0,小登找老校长打卡☺️
197907,3418,竺可桢,2024-08-20 13:34:42,0,0,0,太棒啦
197917,3418,竺可桢,2024-08-21 00:47:55,0,0,0,他真好
197918,3418,竺可桢,2024-08-21 00:49:53,3,4,1,满昏，无需多言
197920,3418,竺可桢,2024-08-21 01:47:51,1,1,0,好好好
197921,3418,竺可桢,2024-08-21 03:29:28,0,0,0,非常好
197922,3418,竺可桢,2024-08-21 03:30:52,0,0,0,绝对10分！！！
197923,3418,竺可桢,2024-08-21 04:56:31,0,0,0,打卡老校长
197927,3418,竺可桢,2024-08-21 05:59:10,0,0,0,好好好
197928,3418,竺可桢,2024-08-21 05:59:55,0,0,0,好好好
197930,3418,竺可桢,2024-08-23 05:57:47,1,1,0,双手双脚赞！
197931,3418,竺可桢,2024-08-21 06:22:43,1,1,0,必须满分
197932,3418,竺可桢,2024-08-21 06:25:11,0,0,0,满分走起！
197933,3418,竺可桢,2024-08-21 06:25:41,2,2,0,诸位在校，应当问问自己两个问题：\n\n一，毕业设计做了吗\n\n二，对象找了吗
197934,3418,竺可桢,2024-08-21 06:48:29,0,0,0,NB！
197937,3418,竺可桢,2024-08-21 07:33:33,1,1,0,虽然我是地质学的学生，但这也源于老校长创办的史地系，感谢。每次经过月牙楼前都会被老校长英姿勃发的身影折服。
197944,3418,竺可桢,2024-08-21 09:48:43,0,0,0,伟大，无需多言
197946,3418,竺可桢,2024-08-21 11:17:09,1,1,0,很优秀的教师，在录取通知书上给新生上了第一课
197951,3418,竺可桢,2024-09-09 09:59:05,0,0,0,缅怀，真正的圣贤。
197954,3418,竺可桢,2024-08-21 13:17:39,0,0,0,无敌了
197956,3418,竺可桢,2024-08-21 14:58:05,0,0,0,竺可桢，好校长！
197957,3418,竺可桢,2024-08-21 14:58:10,0,0,0,竺老先生不满昏谁人能满昏？
197961,3418,竺可桢,2024-08-22 01:47:57,0,0,0,一伯昏
197962,3418,竺可桢,2024-08-22 00:26:55,0,0,0,我爱你
197977,3418,竺可桢,2024-08-22 04:14:08,1,1,0,每天都在回答两个问题
197986,3418,竺可桢,2024-08-22 12:05:56,0,0,0,打卡老校长！
197987,3418,竺可桢,2024-08-22 12:35:27,4,4,0,慕名 折服
197989,3418,竺可桢,2024-09-20 13:04:13,1,1,0,好老师，好校长
197990,3418,竺可桢,2024-11-16 15:14:54,40,42,2,他人真的很好！1943年我有幸在贵州听了他的课，整节课他真的只问了大家两个问题。\n\n补充：每次骑车经过月牙楼下，看到那翩翩君子模样的竺可桢先生，敬仰之情油然而生。如今浙大的模样，可伤可叹。每一个热爱浙大的人，都希望它能变得更好，无数的批评之声不过是对浙大热爱的表现。但是如今的浙大真的按照当年先生设想的模样在前进吗？难道后人回答先生两问的答案只有“67656”这一串冰冷的数字吗？竺可桢先生，请您睁开双眼看看现在的浙大吧！这确实就是您热爱的浙大，也是我们热爱的浙大。但看到它现在的这副模样，不知道您会说什么呢？您又能说什么呢？
197992,3418,竺可桢,2024-08-22 15:58:59,0,0,0,历史见证了他是个好老师
197994,3418,竺可桢,2024-08-23 03:21:04,0,0,0,满分，无需多言
197996,3418,竺可桢,2024-08-23 04:13:00,0,0,0,伟大，无需多言
198000,3418,竺可桢,2024-08-23 05:35:31,0,0,0,竺老，我们来啦
198003,3418,竺可桢,2024-08-23 06:29:12,0,0,0,good
198021,3418,竺可桢,2024-09-03 05:21:18,6,7,1,好老师，天天都会在蟹老板楼下等着学生来上课，亲自点名带走敢游到湖中央的学生
198051,3418,竺可桢,2024-08-26 14:56:55,0,0,0,干巴爹
198055,3418,竺可桢,2024-08-27 05:41:02,6,6,0,竺老好！\n\n军训降降温吧（）
198059,3418,竺可桢,2024-08-27 12:11:07,0,0,0,⚝非常好的老师ッ
198060,3418,竺可桢,2024-08-27 12:29:06,0,0,0,永远都在回答两个问题
198074,3418,竺可桢,2024-08-28 12:42:28,1,1,0,经常和竺老一起喝茶，真的很和蔼）
198081,3418,竺可桢,2024-08-29 02:44:20,1,1,0,走廊里的话读起来和外面贴的标语不一样，回味无穷，感谢您无时不刻不教诲着我们。
198137,3418,竺可桢,2024-09-02 06:00:19,0,0,0,好校长
198152,3418,竺可桢,2024-09-03 04:33:48,0,0,0,还能说什么呢
198169,3418,竺可桢,2024-09-03 14:58:03,0,0,0,太棒啦
198174,3418,竺可桢,2024-09-10 05:11:40,4,6,2,教师节快乐
198175,3418,竺可桢,2024-09-04 01:00:06,0,0,0,呼呼呼呼呼
198178,3418,竺可桢,2024-09-04 02:21:19,1,1,0,机械硕士刚入学，三年后再来评价
198180,3418,竺可桢,2024-09-06 02:05:23,2,3,1,竺可桢校长，我不允许任何人忤逆你，我不允许任何人妨碍你，不允许任何人压抑你，不允许任何人限制你，不允许任何人呵斥你，不准任何人贬低你，不准任何人批判你，不准任何人抵触你，不允许任何人怠慢你，不准任何人苛责你，不允许任何人疏忽你，不允许任何人薄待你！
198185,3418,竺可桢,2024-09-04 03:41:19,0,0,0,666
198206,3418,竺可桢,2024-09-05 01:23:48,2,3,1,不混\n\n不当混混
198207,3418,竺可桢,2024-09-05 02:07:06,0,0,0,妙不可言
198231,3418,竺可桢,2024-09-05 11:32:07,0,0,0,深深敬仰
198239,3418,竺可桢,2024-09-05 16:23:41,0,0,0,混混混
198241,3418,竺可桢,2024-09-06 00:52:03,0,1,1,竺老保佑我选课，最好的校长！！
198248,3418,竺可桢,2024-09-06 01:54:43,1,2,1,竺老校长特别和蔼可亲，每次路过月牙楼会亲切的为我指路，经常启发我对人生的思索
198250,3418,竺可桢,2024-09-06 01:59:39,2,5,3,老师人超好，均绩能有5.0，每天上课只需要回答两个问题就可以，从来不为难学生，必须好评！
198253,3418,竺可桢,2024-09-06 02:17:57,0,0,0,竺老先生保佑我选课不掉
198255,3418,竺可桢,2024-09-06 02:20:17,0,0,0,竺老伟大
198267,3418,竺可桢,2024-09-11 23:06:24,15,16,1,问题不多，但很难，慎选
198299,3418,竺可桢,2024-09-06 08:17:30,0,0,0,😭😭😭
198304,3418,竺可桢,2024-09-06 10:38:27,0,0,0,想上您的课
198357,3418,竺可桢,2024-09-08 00:36:24,1,1,0,开物前民，启真厚德
198370,3418,竺可桢,2024-09-08 07:19:19,0,1,1,竺院学子在享受竺老带来荣誉的同时会永远铭记他的两问
198377,3418,竺可桢,2024-09-08 09:08:18,0,0,0,浙大唯一真神
198405,3418,竺可桢,2024-09-08 13:46:33,0,0,0,神中神
198423,3418,竺可桢,2024-09-09 01:16:51,0,0,0,竺老的问题发人深省，引人深思
198441,3418,竺可桢,2024-09-09 02:49:40,0,0,0,厉害了
198457,3418,竺可桢,2024-09-09 04:44:00,2,2,0,伟大，无需多言
198461,3418,竺可桢,2024-09-09 05:35:08,0,0,0,竺可桢校长！
198465,3418,竺可桢,2024-09-09 06:01:59,0,0,0,很好的老先生，怀念
198478,3418,竺可桢,2024-09-09 06:56:14,0,0,0,好人。
198526,3418,竺可桢,2024-09-09 12:29:54,0,0,0,非常好
198554,3418,竺可桢,2024-09-16 09:11:56,0,0,0,两问很好
198568,3418,竺可桢,2024-09-10 03:30:16,0,0,0,竺老教师节快乐。
198660,3418,竺可桢,2024-09-10 12:34:23,1,1,0,每日点名：诸位
198663,3418,竺可桢,2024-09-10 13:13:28,2,2,0,竺爷爷教师节快乐！如果我早出生60年，是不是就能听到您的课了？
198676,3418,竺可桢,2024-09-10 15:15:51,0,0,0,特别好
198682,3418,竺可桢,2024-09-11 00:27:34,1,1,0,救一下
198698,3418,竺可桢,2024-09-11 03:27:37,0,0,0,好好好
198739,3418,竺可桢,2024-09-11 07:36:11,0,0,0,哈哈哈
198846,3418,竺可桢,2024-09-12 06:23:26,0,0,0,好老师。
198863,3418,竺可桢,2024-09-12 08:11:46,0,0,0,伟大无需多言
198878,3418,竺可桢,2024-09-12 10:41:15,1,1,0,唯一真神！
198907,3418,竺可桢,2024-09-13 00:37:10,1,1,0,很好！！
198908,3418,竺可桢,2024-09-13 00:52:30,0,0,0,伟大，唯一真神，无敌
198933,3418,竺可桢,2024-09-13 06:22:15,0,0,0,超棒！
198972,3418,竺可桢,2024-09-13 14:04:07,-6,0,6,每天上课只有三个问题
199043,3418,竺可桢,2024-09-14 09:24:24,4,4,0,问的两个问题很难
199121,3418,竺可桢,2024-09-18 02:32:34,0,0,0,浙大的精神永远不会落幕！
199189,3418,竺可桢,2024-09-19 01:50:27,4,4,0,求是老祖在上，受后生一拜
199200,3418,竺可桢,2024-09-19 03:31:14,0,0,0,好好好
199211,3418,竺可桢,2024-09-19 07:38:34,0,0,0,111
199292,3418,竺可桢,2024-09-20 12:30:39,1,1,0,新生求是魂报道！求是精神薪火相传
199293,3418,竺可桢,2024-09-20 12:52:01,3,4,1,神中神，请您教我求是！！
199296,3418,竺可桢,2024-09-20 13:12:53,3,3,0,新生求是魂报到～\n\n每个浙大人都好好回答两个问题，浙大就还有希望
199299,3418,竺可桢,2024-09-20 13:29:09,1,1,0,平衡点名率
199362,3418,竺可桢,2024-09-22 07:39:23,6,6,0,今天看了《求是魂》\n\n我怎么有资格评价竺先生呢。
199371,3418,竺可桢,2024-09-22 10:54:15,0,1,1,求是魂
199372,3418,竺可桢,2024-09-22 11:32:29,0,0,0,好好好
199482,3418,竺可桢,2024-09-24 11:10:34,4,5,1,《求是魂》。\n\n我没有资格评价竺老先生。
199495,3418,竺可桢,2024-09-24 13:50:02,1,1,0,上周看了求是魂，竺老真的太令人敬佩了！！
199506,3418,竺可桢,2024-09-24 16:46:43,1,1,0,大佬啊
199621,3418,竺可桢,2024-09-26 10:28:00,0,0,0,伟大无需多言
199664,3418,竺可桢,2024-09-27 07:12:33,1,1,0,未见老师 长闻两问
199710,3418,竺可桢,2024-09-28 03:49:00,1,1,0,太好了，每天只问两个问题
199780,3418,竺可桢,2024-09-29 15:53:17,12,13,1,浙大需要竺老，而不是djf
199825,3418,竺可桢,2024-09-30 12:55:48,0,0,0,！！！伟大无需多言！！！
199957,3418,竺可桢,2024-10-09 11:42:10,0,0,0,伟大不必多言
199985,3418,竺可桢,2024-10-10 06:37:11,0,0,0,y y d s
200097,3418,竺可桢,2024-10-13 02:43:11,0,0,0,浙大goat
200178,3418,竺可桢,2024-10-14 13:28:08,21,24,3,竺老看看浙大被杜江峰折腾成什么样了
200230,3418,竺可桢,2024-10-15 03:57:25,0,0,0,竺老好
200233,3418,竺可桢,2024-10-15 04:23:16,0,0,0,竺先生，想您了
200365,3418,竺可桢,2024-10-16 08:29:28,1,1,0,我没有资格评价竺校长\n\n伟大无需多言
200500,3418,竺可桢,2024-10-17 17:38:01,13,13,0,伟大！！尤其跟现在的领导一比，更加伟大！！
200607,3418,竺可桢,2024-10-20 08:52:34,5,6,1,能保佑我学会数分吗
200855,3418,竺可桢,2024-10-23 12:13:43,1,1,0,竺老永存！
200874,3418,竺可桢,2024-10-24 01:56:53,1,1,0,伟大无需多言
200942,3418,竺可桢,2024-10-25 05:30:17,1,2,1,超爱竺校长，每次经过月牙楼前面都能看到他盯着我❛˓◞˂̵✧
200992,3418,竺可桢,2024-10-26 07:46:20,5,5,0,竺老校长何时能整治一下现在zju的乱况啊
201171,3418,竺可桢,2024-10-29 14:21:24,7,7,0,老师的两个问题问得很好，但是我答不上来
201183,3418,竺可桢,2024-10-29 16:48:57,0,0,0,给竺老十分求杭州别下雨
201319,3418,竺可桢,2024-10-31 14:30:08,3,4,1,两个问题很好但很难回答
201512,3418,竺可桢,2024-11-04 04:09:29,0,0,0,好校长
201556,3418,竺可桢,2024-11-04 09:05:10,0,0,0,非常好
201705,3418,竺可桢,2024-11-05 13:53:01,7,7,0,竺老精神我辈定用毕生践行，恳请竺老在天之灵再助浙大一臂之力
201911,3418,竺可桢,2024-11-07 10:24:29,0,0,0,竺老，保佑我的期中考吧
202121,3418,竺可桢,2024-11-09 15:33:49,0,0,0,竺老保佑我的考试
202134,3418,竺可桢,2024-11-10 02:19:16,14,15,1,浙大历史上前无古人，后无来者的伟人，不知老校长看到今日浙大之乱象当作何感想
202376,3418,竺可桢,2024-11-12 07:12:15,30,30,0,竺校长把牢杜带走吧，好好教育一下他！
202378,3418,竺可桢,2024-11-12 07:17:04,1,2,1,，啦啦啦啦啦啦
202456,3418,竺可桢,2024-11-13 00:05:48,1,2,1,😭😭😭
202472,3418,竺可桢,2024-11-13 01:08:06,26,27,1,竺老快把杜江峰带走吧
202517,3418,竺可桢,2024-11-13 03:06:00,5,5,0,怀念竺校长
202710,3418,竺可桢,2024-11-14 03:01:07,2,4,2,伟大，无需多言
202779,3418,竺可桢,2024-11-14 09:52:59,61,62,1,24/67656\n\n先生，他们吃人的方式又变了。\n\n本该独一无二、各具特色的大家，现在却都沦为了67656这冰冷数字的一部分，和24/67656的分母。\n\n难道只有获得了奖学金才能被看见？没有获得奖学金就只能低人一等、成为分母了吗？\n\n如果先生还在，他肯定会说，67656中的每一个都灿若星辰！
202866,3418,竺可桢,2024-11-15 02:34:54,9,10,1,唯一真神，救救zju
202969,3418,竺可桢,2024-11-15 13:21:42,8,9,1,救救浙大
202978,3418,竺可桢,2024-11-15 15:20:37,8,9,1,未见其人无缘受教，远远地仰慕其遗风与精神足矣
202991,3418,竺可桢,2024-11-15 16:26:41,4,4,0,竺老校长我爱你
203077,3418,竺可桢,2024-11-16 10:03:26,2,2,0,非常非常好的老師，衹是從來沒見過真人
203184,3418,竺可桢,2024-11-17 17:24:37,18,19,1,我会在每一个失意迷茫的时刻想起两问
203268,3418,竺可桢,2024-11-18 16:15:46,20,20,0,如果竺校长能活过来，看见现在的zju会不会又被气死😭
203389,3418,竺可桢,2024-11-19 11:42:28,6,7,1,老师每次上课只问两个问题…很难…慎选…
203415,3418,竺可桢,2024-11-19 12:44:38,2,2,0,先生千古
203426,3418,竺可桢,2024-11-19 13:15:07,9,9,0,竺校，浙大现在需要您
203496,3418,竺可桢,2024-11-20 01:08:56,10,12,2,浙大学子想您了😭
203670,3418,竺可桢,2024-11-20 11:48:55,2,2,0,先生，想您了
203714,3418,竺可桢,2024-11-20 17:35:22,0,0,0,竺可桢校长！
203732,3418,竺可桢,2024-11-21 01:02:08,0,0,0,四年只问两个问题
203804,3418,竺可桢,2024-11-21 06:31:03,1,1,0,永远的校长
203856,3418,竺可桢,2024-11-21 14:00:53,0,0,0,校长，我们寻求您的教诲！
203925,3418,竺可桢,2024-11-22 05:01:06,43,43,0,求您保佑浙大，不要让浙大毁在杜江峰手里
203944,3418,竺可桢,2024-11-22 07:02:55,2,4,2,上过您的一节课，令我震撼终生
203973,3418,竺可桢,2024-11-22 10:00:06,1,1,0,神中神，不多说
204058,3418,竺可桢,2024-11-23 12:30:35,0,0,0,两个问题
204122,3418,竺可桢,2024-11-24 12:27:48,3,3,0,每次上课只问两个问题
204216,3418,竺可桢,2024-11-25 03:35:27,33,33,0,现任校长的唯一作用就是让我们更加尊敬和怀念竺老😭😭😭
204223,3418,竺可桢,2024-11-25 03:52:07,13,13,0,给竺老刷个均绩
204296,3418,竺可桢,2024-11-25 06:58:26,4,5,1,竺老千古
204386,3418,竺可桢,2024-11-25 14:37:08,1,2,1,只问两个问题
204420,3418,竺可桢,2024-11-25 18:57:22,55,55,0,竺老你回来救救浙大学子吧，浙江大学已经被尸位素餐的上层搞得乌烟瘴气，助学金骗领，竺奖造假，僵尸桶和有菌水，甚至还有数十年阴魂不散的顶着浙大之名的新宇公司，难以想象是多么无耻之人才会狠得下心让芸芸学子在毫不知情的情况下喝下质量堪忧的饮水！除此之外，校园里乃至社会上的官官相护，同学们向外扩散的消息被不知名的大手压制，官媒下场混淆视听，粉饰太平。这个学校感觉已经不是浙大人的学校了，同学们的呼声都如同泥牛入海，几乎没有一点反响，究竟哪里才是向上的路呢？
204558,3418,竺可桢,2024-11-26 16:07:18,4,5,1,回来吧，想你了
204568,3418,竺可桢,2024-11-27 00:16:50,10,10,0,看看现在的校长叭
204575,3418,竺可桢,2024-11-27 01:34:00,13,15,2,和现在这样的校领导比较，竺老的伟大越发凸显
204680,3418,竺可桢,2024-11-27 10:01:26,2,2,0,好校长
204682,3418,竺可桢,2024-11-27 10:18:27,1,1,0,可以的
204912,3418,竺可桢,2024-11-28 12:54:30,1,2,1,看看现在的浙大吧
204915,3418,竺可桢,2024-11-28 13:16:46,25,26,1,竺老回来去中科大给杜江峰两巴掌
204916,3418,竺可桢,2024-11-28 13:20:29,10,12,2,把杜江峰带走
204971,3418,竺可桢,2024-11-29 05:32:48,70,71,1,我想问djf两个问题：\n\n1.你来浙大是做什么的？\n\n2.你什么时候离开浙大？
205065,3418,竺可桢,2024-11-30 14:36:34,11,12,1,竺校长，您在天有灵看看浙大吧，浙大危在旦夕啊！！！
205075,3418,竺可桢,2024-12-01 01:40:04,5,6,1,伟大，无需多言
205104,3418,竺可桢,2024-12-01 13:22:47,2,3,1,竺老何时归，方是浙大雄起之时
205471,3418,竺可桢,2024-12-07 06:12:51,3,4,1,想你了，竺校长
205611,3418,竺可桢,2024-12-10 06:32:31,1,1,0,想你了
205815,3418,竺可桢,2024-12-12 06:10:24,1,2,1,上课讲的很好很好
205878,3418,竺可桢,2024-12-12 12:04:57,2,2,0,救救我们吧。。。。竺老
205898,3418,竺可桢,2024-12-12 14:05:37,0,0,0,校长好
206196,3418,竺可桢,2024-12-13 08:05:27,0,0,0,上课问两个问题
206220,3418,竺可桢,2024-12-13 09:13:21,2,3,1,救救zju吧！T-T
206309,3418,竺可桢,2024-12-13 23:07:47,10,10,0,竺校长救救孩子吧呜呜呜呜呜呜咱真的好委屈呜呜呜呜呜呜救救浙大吧呜呜呜呜呜呜呜呜呜呜呜呜呜呜呜呜呜呜呜呜五u五u呜呜u五啊啊啊啊啊啊啊啊啊啊啊竺校长救救我们吧u呜呜u呜呜呜u呜呜u我呜呜u呜呜u呜呜呜u五
206312,3418,竺可桢,2024-12-14 03:02:27,8,10,2,不后悔来浙大，但为浙大的遭遇悲伤。
206406,3418,竺可桢,2024-12-15 03:36:42,0,1,1,伟大无需多言
206520,3418,竺可桢,2024-12-15 16:48:50,0,0,0,想你了
206546,3418,竺可桢,2024-12-16 03:18:17,0,0,0,就是一个神！
206547,3418,竺可桢,2024-12-16 03:29:09,0,0,0,太开心啦
206719,3418,竺可桢,2024-12-17 08:25:12,0,0,0,想你了😘
206755,3418,竺可桢,2024-12-17 11:38:43,1,1,0,竺校长赛高！
206892,3418,竺可桢,2025-03-05 23:55:55,2,2,0,我还要时间思考怎么回答这两个问题
207045,3418,竺可桢,2024-12-19 05:24:34,1,1,0,我们希望竺老校长回来
207135,3418,竺可桢,2024-12-19 11:01:26,1,1,0,每个校区都能看到
207216,3418,竺可桢,2024-12-20 01:36:53,5,6,1,竺老我们想你了😭带浙大人再冲一次吧
207575,3418,竺可桢,2024-12-23 07:15:17,0,0,0,必须满分
207748,3418,竺可桢,2024-12-24 06:28:33,1,1,0,爱爱爱
207957,3418,竺可桢,2024-12-25 04:58:59,0,0,0,哈哈哈
208075,3418,竺可桢,2024-12-25 13:02:32,0,0,0,非常好
208319,3418,竺可桢,2024-12-27 01:06:41,0,0,0,非常好
208637,3418,竺可桢,2024-12-30 09:56:13,2,3,1,竺校长保佑我期末考高分过
208730,3418,竺可桢,2025-01-01 03:36:58,4,5,1,竺老我想您了
208765,3418,竺可桢,2025-01-01 12:58:27,3,3,0,敬爱的老校长
209349,3418,竺可桢,2025-01-05 13:30:34,17,19,2,浙大很幸运，因为浙大有一个竺可桢；浙大很不幸，因为浙大只有一个竺可桢。\n\n浙大的复兴是不能靠现在的所谓校领导和院士的，浙大需要竺可桢校长这样有领导力的校长，他是所有浙大人的精神支柱，是浙大校史上一座不可超越的高峰。\n\n校长，我们想你了……\n\n浙大，如果可以的话，我希望能再有一个竺可桢校长。\n\n现任校长唯一的作用，是让我们更怀念竺可桢校长。\n\n竺可桢校长绝对是浙大学子心中最能代表浙大的校长，也是浙大学子公认的最优秀的校长，没有之一。\n\n如果没记错的话，浙大是有罢免校长的传统的，当下的校长，绝对够格被罢免了。
209896,3418,竺可桢,2025-01-07 10:42:23,0,0,0,求竺老保佑我考试周，真是心态快崩了，求保佑
210271,3418,竺可桢,2025-01-08 15:39:05,7,8,1,大家放心，以现在校领导的倒行逆施程度，总有一天竺老会气活过来的
210931,3418,竺可桢,2025-01-10 07:51:54,1,1,0,要成为怎样的人呢？
211168,3418,竺可桢,2025-01-11 03:08:19,0,0,0,灯塔之神
211433,3418,竺可桢,2025-01-11 11:49:12,1,1,0,竺老所倡浙大之精神，只可惜如今未曾得见了
211750,3418,竺可桢,2025-01-12 10:12:52,1,1,0,感谢竺老，我不会辜负您的，下学期学好实验课。
212219,3418,竺可桢,2025-01-13 12:05:08,0,2,2,他不会再回来了
212385,3418,竺可桢,2025-01-14 02:45:06,4,4,0,浙大人的精神堡垒
214608,3418,竺可桢,2025-02-14 12:34:43,0,0,0,每节课只有两个问题
214689,3418,竺可桢,2025-02-17 00:31:37,0,0,0,竺老千古
214855,3418,竺可桢,2025-02-18 09:57:27,5,5,0,高山安可仰，徒此缉清芬
214999,3418,竺可桢,2025-02-20 03:02:01,0,0,0,yyds
215135,3418,竺可桢,2025-02-22 08:59:02,0,0,0,唯一真神
215142,3418,竺可桢,2025-02-22 11:22:50,1,1,0,谢谢您
215273,3418,竺可桢,2025-02-25 03:02:22,0,0,0,竺先生千古
215288,3418,竺可桢,2025-02-25 04:02:44,1,1,0,对比如今校长，令人唏嘘不尽
215374,3418,竺可桢,2025-02-25 12:34:41,5,5,0,素未谋面，然心向往之
215462,3418,竺可桢,2025-02-26 09:09:27,1,1,0,好👍
215575,3418,竺可桢,2025-03-01 04:53:43,0,0,0,10分
215729,3418,竺可桢,2025-03-05 02:11:06,4,4,0,您回来当校长好吗😭
215898,3418,竺可桢,2025-03-06 16:38:58,2,2,0,今天是竺老生日！送一个10分祝竺老生日快乐！
215908,3418,竺可桢,2025-03-07 03:01:33,0,0,0,好好好！！！
215926,3418,竺可桢,2025-03-07 12:21:27,1,1,0,竺老生日快乐！
215996,3418,竺可桢,2025-03-09 06:29:00,0,0,0,竺老千古
216006,3418,竺可桢,2025-03-09 09:07:41,0,0,0,哈哈哈哈哈
216192,3418,竺可桢,2025-03-12 05:48:25,0,0,0,竺老永存！
216229,3418,竺可桢,2025-03-12 14:46:45,1,1,0,提出了值得思考的两个问题
216376,3418,竺可桢,2025-03-14 17:40:33,0,0,0,唯一真神
216641,3418,竺可桢,2025-03-20 01:50:21,0,0,0,老校长
216760,3418,竺可桢,2025-03-24 07:05:09,1,1,0,校长啊，快回来吧
216882,3418,竺可桢,2025-03-28 02:24:38,-7,1,8,混混 混混
216936,3418,竺可桢,2025-03-29 11:21:38,16,16,0,竺校长今天夜里要给新校长上一堂思政课哦
217103,3418,竺可桢,2025-04-02 01:57:22,1,1,0,半年一到就打个10分
217332,3418,竺可桢,2025-04-08 15:43:10,1,1,0,伟大，无须多言
217662,3418,竺可桢,2025-04-15 02:27:06,-1,1,2,幽默啊
217778,3418,竺可桢,2025-04-16 09:29:46,3,3,0,校长，我会时常想起你的两个问题，问问自己，然后义无反顾地走下去。
218420,3418,竺可桢,2025-04-23 09:17:33,0,0,0,哈哈哈
218599,3418,竺可桢,2025-04-26 02:54:40,0,0,0,每天看我上下班
218647,3418,竺可桢,2025-04-28 07:20:35,0,0,0,太好啦
218702,3418,竺可桢,2025-04-29 06:51:54,0,0,0,666
218965,3418,竺可桢,2025-05-15 08:13:10,0,0,0,好好好
218966,3418,竺可桢,2025-05-15 08:16:24,0,0,0,好好好
218967,3418,竺可桢,2025-05-15 08:34:26,0,0,0,好👌
218969,3418,竺可桢,2025-05-15 08:38:54,0,0,0,good
219222,3418,竺可桢,2025-05-23 07:17:02,0,0,0,永远的好校长
219593,3418,竺可桢,2025-05-30 12:06:09,1,1,0,回来吧竺老，我们想你了😭
219634,3418,竺可桢,2025-06-02 12:54:54,3,3,0,回来吧，老校长，史地系不能没有你，地科院不能没有你。
220252,3418,竺可桢,2025-06-16 18:30:57,0,0,0,实实在在的好老师
220643,3418,竺可桢,2025-06-19 04:36:39,0,0,0,上课只问两个问题
220650,3418,竺可桢,2025-06-19 05:15:19,0,0,0,"这学期上通识课，阅读材料有竺校长日记，读后更加感到校长的伟大。""只问是非，不计利害"""
220714,3418,竺可桢,2025-06-19 09:32:15,-6,0,6,傻中国共产党必
221099,3418,竺可桢,2025-06-21 08:41:21,1,1,0,竺校长若看到今日之浙大，在全国范围内能做到对top3有一争之力，应该会很欣慰的吧。\n\n但是，浙大确实还有很多缺点，比如常常被其他华四攻击的我们的学科精度、我们的文理商社，时至今日，浙大的工科毫无疑问地坐在华五之首，但是我们的竞争对手还有上交，论我们见长的信息类层面，南大的CS和AI正在迎头赶上，复旦的微电子仍然是一座不可超越的高峰，交大的IEEE仍然稳如老狗。希望能再出现一位像竺可桢老校长一样的一位锐意改革创新、向前发展的校长，发展我们本来的信息类优势，打出工科的品牌，把工科的精度追赶上去；还要发展我们的文理，建设成南大复旦那样的文理强校；我们的医学院相对于复交仍然没有优势，商科和社科更是如此，这些短板还有待补齐，补全了这些短板，相信浙大一定能坐稳华五之首的位置。
3092,3419,林建华,2015-05-14 03:12:24,28,50,22,北大校长求罩
3244,3419,林建华,2019-08-21 02:11:59,1338,1428,90,正态分布去死吧
3296,3419,林建华,2015-05-28 03:24:34,425,441,16,正态分布去死吧
3695,3419,林建华,2018-11-25 11:56:23,352,362,10,为什么不能打0分？
3992,3419,林建华,2015-06-17 12:36:53,90,96,6,正态。。。
4176,3419,林建华,2015-06-18 03:05:57,181,189,8,正态是他提的吗………
4237,3419,林建华,2015-06-18 08:37:56,283,292,9,正态，刷卡去死吧
4376,3419,林建华,2017-09-20 02:31:01,41,45,4,正太⊙_⊙
4543,3419,林建华,2015-06-24 08:25:28,19,30,11,我想去北大
4566,3419,林建华,2015-06-24 12:15:22,20,81,61,浙大童鞋们注意素质哈
4604,3419,林建华,2015-06-25 03:06:17,31,38,7,日了
4843,3419,林建华,2015-06-29 13:26:34,68,73,5,不要正太 o(╥﹏╥)o
4993,3419,林建华,2015-07-02 02:34:58,54,55,1,正态
5057,3419,林建华,2019-01-28 03:26:23,418,433,15,垃圾，正态，你他妈招生怎么不正态！
5470,3419,林建华,2015-07-07 17:06:47,-7,1,8,呵呵
5687,3419,林建华,2015-07-09 07:00:02,1128,1161,33,根据正态分布原则 林建华校长被评为60～70分一档
5841,3419,林建华,2015-07-09 14:59:46,55,57,2,傻逼正太
6449,3419,林建华,2015-07-14 04:21:16,207,217,10,正太控\n\n
6524,3419,林建华,2015-07-14 18:32:45,-77,8,85,喜欢林校长帅气的面庞！
6957,3419,林建华,2015-08-23 09:00:06,-8,3,11,不能0分\n\n
7023,3419,林建华,2015-08-29 04:36:49,38,43,5,听说有正态分布
7098,3419,林建华,2015-09-02 03:37:32,-7,1,8,呵呵
7152,3419,林建华,2019-08-26 20:45:10,543,556,13,求北大也正态
7278,3419,林建华,2015-09-12 15:03:01,-61,16,77,请同学们注意素质，不要乱喷
7305,3419,林建华,2015-09-13 09:51:22,36,41,5,万恶的正态分布
7346,3419,林建华,2015-09-14 02:17:16,-16,1,17,沉稳
7362,3419,林建华,2015-09-14 03:35:55,27,28,1,正太控
7798,3419,林建华,2015-09-15 13:31:06,18,19,1,正太
7799,3419,林建华,2015-09-15 13:31:27,29,33,4,垃圾
7882,3419,林建华,2015-09-16 02:35:59,-4,2,6,额，好吧
7894,3419,林建华,2015-09-16 03:46:14,-47,12,59,正态分布并不是林校长提的
7910,3419,林建华,2015-09-16 05:41:18,34,36,2,傻逼正态分布
8143,3419,林建华,2015-09-17 06:26:53,12,14,2,只会正态分布
8211,3419,林建华,2015-09-17 13:11:35,2,5,3,简直养子
8326,3419,林建华,2015-09-18 10:11:10,17,20,3,好走不送
8407,3419,林建华,2015-09-21 03:53:42,1006,1085,79,林任北大常务副校长，然后历任重大，浙大校长，两个校长任期都很短，然后就调到北大当校长了，显然只是拿重大，浙大当跳板而已，这种拿浙大练手的行为令人发指
8644,3419,林建华,2015-09-23 12:25:38,63,67,4,正态自己用试试？还有校长当么？
8766,3419,林建华,2015-09-25 16:10:47,85,86,1,为什么不能打零分？
8826,3419,林建华,2015-09-28 10:13:04,69,74,5,逼我刷卡不锻炼
8914,3419,林建华,2015-09-30 09:22:16,39,44,5,正态分布去死吧
8970,3419,林建华,2015-10-07 08:41:36,0,0,0,不知所云
8986,3419,林建华,2015-10-08 05:31:08,28,30,2,去你的正太
9534,3419,林建华,2015-10-29 08:43:21,787,814,27,我并不喜欢他那种浙大超越清华北大的论调，浙大真那么好你去北大当校长干什么？开学典礼上冠冕堂皇的讲话还不如保卫科科长的讲话好
9882,3419,林建华,2015-11-11 17:36:02,42,47,5,垃圾，真的垃圾。卑鄙，真的卑鄙
9895,3419,林建华,2015-11-12 11:16:54,1,1,0,正态一下
10030,3419,林建华,2018-07-14 05:17:06,258,269,11,历届最失败的校长，没有之一。
10490,3419,林建华,2015-11-19 06:10:44,3,3,0,呵呵哒
10742,3419,林建华,2015-11-23 04:07:14,42,45,3,祸害北大去吧…
10791,3419,林建华,2015-11-23 05:24:46,45,46,1,傻逼正态，为什么不能打0分？
11054,3419,林建华,2015-11-24 04:11:59,1,3,2,呵呵呵呵
11103,3419,林建华,2015-11-24 07:57:18,5,7,2,正态分布。。狗带
11201,3419,林建华,2015-11-25 07:09:32,13,14,1,对正态分布无话可说，呵呵哒
11899,3419,林建华,2015-12-21 02:31:57,-94,9,103,为什么我觉得正态分布很合理？
12434,3419,林建华,2018-04-24 13:44:54,15,19,4,正态你老子
12476,3419,林建华,2015-12-23 11:08:51,309,315,6,对浙大无感情，推行了很多不合理政策
12544,3419,林建华,2015-12-23 12:32:45,14,16,2,正态分布有毒
12775,3419,林建华,2017-12-25 02:53:46,0,4,4,什么东西
12930,3419,林建华,2015-12-24 10:48:06,12,13,1,大傻逼
13167,3419,林建华,2015-12-25 04:09:51,4,4,0,正态再见
13212,3419,林建华,2015-12-25 07:37:36,38,40,2,上任后没搞出什么名堂，就会坑自己学生
13276,3419,林建华,2015-12-26 05:47:34,7,9,2,傻逼油
13612,3419,林建华,2015-12-30 05:13:22,63,66,3,该骂就要骂 不能有逆来顺受的性格
13749,3419,林建华,2015-12-30 14:13:59,8,9,1,正太控
13751,3419,林建华,2015-12-30 14:15:31,2,3,1,。。。
13801,3419,林建华,2015-12-31 05:08:24,-52,2,54,喜欢林校长
13914,3419,林建华,2016-01-02 08:34:59,309,336,27,很好啊，上过他的课，从此学会了应用正态分布。
14254,3419,林建华,2016-01-06 01:31:38,14,15,1,不能打零分真是不开心～
14259,3419,林建华,2016-01-06 01:57:31,-1,0,1,就这样吧
14578,3419,林建华,2016-01-08 00:21:18,1,2,1,不说了，你应该明白了
14905,3419,林建华,2016-01-11 02:16:08,-1,0,1,正太傻逼
15346,3419,林建华,2016-01-14 03:33:29,0,0,0,
15451,3419,林建华,2016-01-14 12:30:16,3,3,0,正太。
15976,3419,林建华,2016-01-17 01:14:52,8,8,0,没听过，不过听说他搞了个正态，呵呵。
16176,3419,林建华,2016-01-17 11:48:46,0,2,2,呵呵呵
16207,3419,林建华,2016-01-21 14:17:20,1,2,1,滚其实是
16624,3419,林建华,2016-01-18 14:29:03,2,2,0,去屎吧
16636,3419,林建华,2016-01-18 14:47:55,3,4,1,不好不好
16907,3419,林建华,2016-01-19 08:35:38,2,2,0,哦呵呵了
17235,3419,林建华,2016-01-20 02:20:11,36,39,3,正太分布，打卡，你是猪吗
17545,3419,林建华,2016-01-20 11:24:54,-1,0,1,唉。。。
17547,3419,林建华,2016-01-20 11:28:33,0,2,2,可怕可恶的正态
17985,3419,林建华,2016-01-21 05:30:03,2,3,1,傻逼校长
17987,3419,林建华,2016-01-21 05:30:46,1,1,0,。。。
18094,3419,林建华,2016-01-21 07:40:15,42,43,1,不要问我听老师的课是怎样一种体验，我只能告诉你被正态是怎样一种体验。
18096,3419,林建华,2016-01-21 07:40:24,153,160,7,为森么不能打零分？不是说了挂科率要在xx以下吗？凭什么你有平时分我没有！！
18495,3419,林建华,2016-01-22 00:12:31,1,2,1,正态你个鬼
19272,3419,林建华,2016-01-23 17:24:44,-1,0,1,去你的正态分布吧
19493,3419,林建华,2016-06-12 18:39:02,-99,6,105,大爱正太和打卡制度!！!！!！!！!10分!!!!!!!!!!!!!!校长万岁!！！！！！！！！！！！！！！！！！！！
19741,3419,林建华,2016-01-25 08:11:18,-4,0,4,观望吧
20158,3419,林建华,2016-01-26 10:29:41,-2,1,3,呵呵呵
21332,3419,林建华,2016-02-28 04:58:13,3,3,0,正态。
21600,3419,林建华,2016-02-29 10:20:36,4,4,0,感觉简直在应付学生，利用学生
21913,3419,林建华,2016-03-01 15:16:30,-1,0,1,sb呵呵
22060,3419,林建华,2016-03-02 08:23:43,0,1,1,玛德滞涨
22183,3419,林建华,2016-03-03 01:54:23,0,1,1,正态分布一边去
22386,3419,林建华,2016-03-04 05:17:03,1,3,2,呵呵 正太你好！
22560,3419,林建华,2016-03-08 02:58:39,5,6,1,为什么不能给0分
22704,3419,林建华,2016-03-10 04:48:57,-49,40,89,清北复交全都有正太，清北打卡制度和我浙一样残忍，为什么我浙反对的那么多？还不是因为学渣和懒人太多。。。\n\n
22923,3419,林建华,2016-03-15 00:53:43,-1,0,1,哎呀我去外婆
23071,3419,林建华,2016-03-17 01:49:20,-1,2,3,bitch
23115,3419,林建华,2016-03-18 03:28:58,-1,1,2,傻xx
23291,3419,林建华,2016-03-23 23:56:38,1,1,0,他为什么还有二点几...
23710,3419,林建华,2016-04-13 07:39:32,28,30,2,正态分布不是林校长提的，是林傻逼提的。
23882,3419,林建华,2016-04-20 00:48:25,-7,11,18,热门评论都是工科生吧，我觉得一个非工科背景的校长挺好的
24737,3419,林建华,2016-05-03 09:08:31,0,1,1,大写的土亢。
24988,3419,林建华,2016-05-04 16:11:03,0,1,1,呵呵哒
25607,3419,林建华,2016-05-27 17:33:11,2,3,1,死正太控
25770,3419,林建华,2016-06-23 14:19:39,131,154,23,在14级本科新生的开学典礼上做了《在虚拟与现实之间》的报告，成功押中2016年浙江高考作文题目，也是6
26281,3419,林建华,2016-06-16 13:32:20,-1,0,1,不认识
26654,3419,林建华,2016-06-20 15:38:50,0,0,0,傻逼哦
27234,3419,林建华,2016-06-29 17:40:15,-69,11,80,身为人文社科学子，我认为林校长是近几十年来最好的校长。一帮工科狗自以为利益被他侵害而桀犬吠尧，殊不知正态分布并不是他提的，而是工科领导提的。
27298,3419,林建华,2016-06-24 14:28:57,0,0,0,。。。
27706,3419,林建华,2016-07-03 11:42:28,3,4,1,傻逼傻逼
27860,3419,林建华,2016-06-28 01:08:55,19,19,0,把出国成绩单算法改那么烂！
28840,3419,林建华,2016-09-18 13:28:34,0,2,2,人都走了还留着破规定
29416,3419,林建华,2016-06-29 17:41:05,6,7,1,为啥说他点名？因为一学期30次起步，60次拿满
30755,3419,林建华,2016-07-02 11:37:59,-1,1,2,日了?
32991,3419,林建华,2016-09-10 04:25:30,0,3,3,垃圾伪君子
33034,3419,林建华,2016-09-10 09:11:57,0,2,2,神烦。
33077,3419,林建华,2016-09-12 05:35:35,6,8,2,zz正态，zz分段给分，zz刷卡，zz淋贱滑
33105,3419,林建华,2016-09-13 02:53:19,9,12,3,有人打1分是水平，他打1分是最低1分
33106,3419,林建华,2016-09-13 02:46:11,1,2,1,垃圾？
33145,3419,林建华,2016-09-14 04:21:54,-5,0,5,其实挺帅
33151,3419,林建华,2017-01-21 01:36:21,6,6,0,辣鸡辣鸡
33187,3419,林建华,2016-09-14 23:57:20,-1,1,2,简直有毒的打卡制度
33255,3419,林建华,2017-01-09 06:47:06,0,1,1,辣鸡啊
33325,3419,林建华,2016-09-18 07:51:08,-1,0,1,000
33866,3419,林建华,2016-09-22 07:10:57,1,3,2,h h
33884,3419,林建华,2016-09-22 09:18:39,-7,5,12,还是要客观看到林校吧，他还是有想要做事的。
34333,3419,林建华,2016-10-03 08:15:54,0,1,1,正太控
34988,3419,林建华,2017-01-20 12:28:36,1,3,2,辣鸡正态 毁我青春
35228,3419,林建华,2016-11-07 02:11:55,0,4,4,正态很刺激啊草
36957,3419,林建华,2016-11-16 16:05:07,-1,1,2,垃圾正太控 跳板校长真的很讨厌
37274,3419,林建华,2016-11-18 06:44:47,7,8,1,正太很可爱吧？
37717,3419,林建华,2016-11-20 11:21:43,-20,26,46,讲道理，林的确有很多不尽如人意的地方，但是拿正态分布来黑就不合适了吧。教务处11年起在通核课试行正态，12年通识课全面推开，（据我向一些学长学姐求证，全面实行是在12年秋学期）。这个时候林还在重大呢。\n\n而且仅就通识课来讲，我个人不觉得正态会有很大问题。部分大类课另说。据我所知，北大，上海交大等校都有成绩正态分布的要求，北大推行时间更早。拿这个黑林建华实在是不合适\n\n
38207,3419,林建华,2016-11-27 03:05:03,11,14,3,前人栽树后人上吊，一个正态坑害了多少人
38444,3419,林建华,2016-12-05 08:15:07,2,2,0,正态分布
38581,3419,林建华,2016-12-10 02:36:31,9,13,4,官僚！人渣！！！
39508,3419,林建华,2016-12-23 10:01:33,2,3,1,哈哈哈
39651,3419,林建华,2016-12-26 13:41:00,2,3,1,垃圾垃圾\n\n
39802,3419,林建华,2016-12-27 17:09:00,-1,0,1,跟风喷
40018,3419,林建华,2016-12-28 17:48:59,0,0,0,。。。
40304,3419,林建华,2017-01-02 05:04:19,4,6,2,北方人不洗澡
41600,3419,林建华,2017-01-12 08:43:21,52,52,0,官运不错，不知具体是由于哪一块实力
41721,3419,林建华,2017-01-12 12:07:53,0,1,1,正态分布有毒
41723,3419,林建华,2017-01-12 12:09:35,-1,1,2,正态还能更恶心点吗？？？
43261,3419,林建华,2017-01-16 04:59:12,0,0,0,为什么没有0分
43264,3419,林建华,2017-01-16 05:00:44,8,12,4,那个说学渣和懒人多的，你很屌噢，我浙的学渣懒人们把它踩下去！
43301,3419,林建华,2017-01-16 06:05:14,0,0,0,???
44409,3419,林建华,2017-01-17 22:37:17,3,3,0,正态。
46800,3419,林建华,2017-01-22 10:48:38,-1,1,2,我就哈哈哈
48407,3419,林建华,2017-03-03 02:22:53,1,3,2,走好不送
49408,3419,林建华,2017-04-10 23:16:53,1,2,1,不喜欢。
50430,3419,林建华,2017-05-03 01:20:35,2,3,1,我不认识他
51159,3419,林建华,2017-05-21 03:03:35,0,2,2,正态坑死人，万恶之源
51522,3419,林建华,2017-06-07 02:55:04,2,2,0,正态分布…
51890,3419,林建华,2017-06-13 07:51:18,9,10,1,吃柠檬
52244,3419,林建华,2017-06-16 10:14:24,4,4,0,素质三连
53746,3419,林建华,2017-06-27 12:58:55,2,3,1,…………
53749,3419,林建华,2017-06-27 13:04:06,1,2,1,辣鸡 没点对学生有用的
53759,3419,林建华,2017-06-27 13:28:51,5,7,2,为什么没零分？？？
53761,3419,林建华,2017-06-27 13:28:06,2,3,1,抵制正态
53762,3419,林建华,2017-06-27 13:28:26,3,3,0,?正态
53763,3419,林建华,2017-06-27 13:29:11,3,5,2,正太?
53764,3419,林建华,2017-06-27 13:31:37,7,8,1,手动滑稽
53766,3419,林建华,2017-06-27 13:31:50,6,8,2,mdzz
53774,3419,林建华,2017-06-27 13:34:23,4,6,2,辣鸡。
53780,3419,林建华,2017-06-27 13:42:55,51,53,2,了不得，了不得，第一次感受到被降3分的感觉。还他妈是在复习生化的时候，讲真的，说一句大家想说的话，别让我在医院里看到这个名字
53785,3419,林建华,2017-06-27 13:57:09,5,6,1,11111
54296,3419,林建华,2017-06-29 04:02:04,0,1,1,………
54536,3419,林建华,2017-06-29 14:18:49,5,5,0,呵呵呵
55646,3419,林建华,2017-07-02 05:53:45,3,5,2,辣鸡正太分布
56514,3419,林建华,2017-07-04 02:26:23,5,8,3,mdzzzzzzzzzz........zzzzzz........zzzz........zz............\n\n...........
57274,3419,林建华,2017-07-06 10:27:48,0,2,2,只有最差，没有更差\n\n
57849,3419,林建华,2017-07-16 09:43:06,0,3,3,在北大本科毕业生的演讲很有水平
58118,3419,林建华,2017-08-02 04:09:27,0,1,1,冠冕堂皇的伪君子
58191,3419,林建华,2017-08-19 07:28:30,1,3,2,很垃圾
58256,3419,林建华,2017-08-28 03:01:03,2,6,4,浙大赶超北大指日可待
58325,3419,林建华,2017-08-28 16:59:46,4,4,0,垃圾正太
58345,3419,林建华,2017-08-29 05:11:04,14,16,2,怀念褚教授\n\n怀念杨教授
58367,3419,林建华,2017-08-30 03:17:53,2,5,3,辣鸡，有毒，该死
58516,3419,林建华,2017-08-30 13:41:44,3,4,1,呵呵哒
58636,3419,林建华,2017-09-11 14:43:57,4,4,0,垃圾中的垃圾
58663,3419,林建华,2017-09-13 06:16:48,0,2,2,呵呵\n\n
58664,3419,林建华,2017-09-13 08:23:45,4,4,0,md混蛋
58665,3419,林建华,2017-09-13 09:13:14,1,2,1,666
58778,3419,林建华,2017-09-17 11:06:40,3,3,0,正态0分
58882,3419,林建华,2017-09-18 08:29:39,1,3,2,正态控
58883,3419,林建华,2017-09-18 08:29:45,1,2,1,正态喝喝
58899,3419,林建华,2017-09-18 10:33:14,2,3,1,狗屎一样\n\n
58939,3419,林建华,2017-09-18 14:54:29,2,3,1,。。。
58940,3419,林建华,2017-09-18 14:55:47,10,13,3,冲着打卡和正态谢你八辈儿祖宗
59210,3419,林建华,2017-09-20 07:36:31,2,4,2,刷你妹的卡\n\n
59211,3419,林建华,2017-09-20 07:37:02,34,37,3,这傻逼搞的正态分布简直垃圾，据说现在浙江新高考都开始搞正态了，坑害无数人
59334,3419,林建华,2017-09-21 02:36:16,2,3,1,哈哈哈
59459,3419,林建华,2017-09-21 13:25:23,-1,1,2,呵呵呵
59564,3419,林建华,2017-09-23 03:29:12,36,38,2,不拿正态喷林，我也没上过林的课，但是正态是真的坑，为什么不能按实际情况给分，非要正态？宁可老师严格一点也不愿因为没在课堂上发言或举手没被叫到而被正态。***********正态*****我*&*.&*，:·/&...
59659,3419,林建华,2017-09-25 12:15:23,-1,1,2,！！！
59756,3419,林建华,2017-09-27 00:07:37,0,4,4,取消正态
59857,3419,林建华,2017-09-27 15:38:34,6,6,0,何必呢
60005,3419,林建华,2017-10-02 03:43:40,7,9,2,冲着正态分布给个最低分（为什么没有0分
60022,3419,林建华,2017-10-04 15:38:52,0,3,3,为什么搞正态分布？
60213,3419,林建华,2017-10-13 07:13:50,-2,1,3,正太？
60217,3419,林建华,2017-10-13 13:51:36,4,5,1,好，很好
60320,3419,林建华,2017-10-17 08:48:50,0,1,1,萌新瑟瑟发抖\n\n
60466,3419,林建华,2017-10-21 11:37:22,0,3,3,垃圾。好意思吗你。
60484,3419,林建华,2017-10-22 10:51:22,0,1,1,...
60561,3419,林建华,2017-10-24 06:19:59,3,5,2,╭∩╮（︶︿︶）╭∩╮鄙视你！\n\n
60579,3419,林建华,2017-10-24 09:16:57,1,2,1,呵呵呵
60907,3419,林建华,2017-11-02 06:14:33,-1,1,2,。。。
61789,3419,林建华,2017-11-21 02:31:09,-3,0,3,好可怕
62009,3419,林建华,2017-11-22 06:41:32,0,1,1,。。。。
62833,3419,林建华,2017-11-27 06:20:51,46,50,4,就任职了两年，就搞出了两个最受人讨厌的政策，真是北大的人才。逼了狗，正态了来恶竞有意思吗？头一个这么想要评零分，给一分都太给面子了
63240,3419,林建华,2017-11-29 11:23:16,-1,1,2,呵呵呵
63466,3419,林建华,2017-12-04 15:53:54,0,1,1,ljhwqnmlgb
63669,3419,林建华,2017-12-12 07:12:59,54,59,5,样本空间要多大，才能满足正态分布？你他么还北大的，真不知道数学怎么学到。给北大丢人。给浙大拖后腿。
63966,3419,林建华,2017-12-20 07:02:23,-1,0,1,破空间\n\n\n\n
64100,3419,林建华,2017-12-21 03:38:11,-23,2,25,这是一个好老师，听完他的课感觉非常好
64282,3419,林建华,2017-12-22 08:08:39,1,2,1,辣鸡正态
64308,3419,林建华,2017-12-22 10:21:38,1,3,2,垃圾级
64489,3419,林建华,2017-12-24 13:33:33,0,2,2,垃圾正态，害人无数
64924,3419,林建华,2017-12-28 03:28:09,2,3,1,垃圾正太
65305,3419,林建华,2018-01-03 01:10:14,-1,1,2,高水平
65442,3419,林建华,2018-01-04 03:09:57,-1,0,1,哈哈哈
65648,3419,林建华,2018-01-08 03:38:36,0,2,2,正太……
65651,3419,林建华,2019-01-19 08:40:00,-140,11,151,虽然我是被正态的，但是平心而论，林校长有魄力，的确是非常之人，像个人物，不像吴某，所以我给十分
66201,3419,林建华,2018-01-13 04:17:16,0,1,1,正态分布\n\n
66230,3419,林建华,2018-01-13 14:29:53,0,1,1,垃圾正态
68047,3419,林建华,2018-01-22 14:02:52,-1,0,1,呵呵呵
68400,3419,林建华,2018-01-23 06:33:08,2,3,1,臭傻逼
69770,3419,林建华,2018-01-25 11:03:34,-1,0,1,呵呵哒
69921,3419,林建华,2018-01-25 16:10:52,-1,0,1,很无聊
70321,3419,林建华,2018-01-26 12:36:11,6,7,1,智障正太，为什么不能评负分
70995,3419,林建华,2018-01-28 01:36:12,16,19,3,我觉得正态分布没什么问题……但是限制高分可以，限制低分是几个意思……1分1分
73885,3419,林建华,2018-02-03 10:18:46,0,1,1,打卡和正态的BT
74098,3419,林建华,2018-02-05 05:46:41,2,2,0,没听过，不知道
74204,3419,林建华,2018-02-06 13:57:41,55,57,2,我觉得与其在吴校下面堆口水不如到发明人这来
74575,3419,林建华,2018-03-04 01:50:40,6,8,2,祸害你他娘的北大的去，别来祸害我们
75053,3419,林建华,2018-03-07 06:54:06,-1,1,2,发个方法古古怪怪
75584,3419,林建华,2018-03-13 14:34:17,0,1,1,………
75769,3419,林建华,2018-03-17 02:45:03,0,1,1,正太zz
75946,3419,林建华,2018-03-22 11:08:01,0,2,2,跟风打低分
76011,3419,林建华,2018-03-24 08:00:48,3,3,0,呵呵呵
76012,3419,林建华,2018-07-25 13:42:13,0,2,2,正态qsb
76134,3419,林建华,2018-07-30 10:36:28,27,31,4,北大  信息公开+鸿浩之志+研究生宿舍 233333
76179,3419,林建华,2018-05-05 12:10:34,-109,11,120,我觉得正态还OK，能和其他人拉开差距。
76688,3419,林建华,2019-02-14 08:53:59,399,409,10,听说这次在p大把鸿鹄念成了hong hao？
76732,3419,林建华,2018-10-23 12:36:03,192,198,6,终于滚了，您安心养老吧，校长这个职位可能真心不适合您；您不会再提出政策，也没有机会再honghao之志了。退休养老不送
76829,3419,林建华,2018-04-24 08:48:54,1,1,0,辣鸡！！！
76830,3419,林建华,2018-04-24 08:49:31,7,8,1,官僚主义
76835,3419,林建华,2018-04-24 09:53:45,93,100,7,呵呵 现在在北大也出事了吧
76837,3419,林建华,2018-04-24 10:31:15,0,1,1,垃圾正太
76838,3419,林建华,2018-04-24 10:43:42,5,7,2,北大校长 了解一下
76840,3419,林建华,2018-04-24 13:09:23,131,134,3,打个一分，能放过那八个提交《信息公开申请表》的同学吗？
76844,3419,林建华,2018-04-24 12:36:34,-1,0,1,不喜欢
76850,3419,林建华,2018-04-24 15:27:46,0,0,0,呵呵:)
76851,3419,林建华,2018-04-24 15:36:06,0,0,0,没听过没见过
76853,3419,林建华,2018-04-24 15:38:11,275,286,11,声援北大岳昕同学，顺便为正态打一分。                  ——启真湖湖底游魂
76854,3419,林建华,2018-04-24 15:40:20,17,19,2,正太先不说啥，北大的事你清醒点好吗
76855,3419,林建华,2018-04-24 15:41:26,7,7,0,看着我当年的录取通知书就别扭...\n\n\n\n
76860,3419,林建华,2018-04-24 16:18:21,3,6,3,希望大家保持理性。
76861,3419,林建华,2018-04-24 16:20:07,1,2,1,......
76866,3419,林建华,2018-04-25 00:44:31,1,2,1,太垃圾
76867,3419,林建华,2018-04-25 00:49:09,0,1,1,恶竞风……
76875,3419,林建华,2018-04-25 06:21:50,2,2,0,听说这个老师喜欢正太
76913,3419,林建华,2018-04-26 02:08:42,9,9,0,正态你个鬼，搞坏了全浙大的课堂风气
77062,3419,林建华,2018-04-30 16:13:33,-6,0,6,骂浙大
77270,3419,林建华,2018-05-04 08:49:51,7,8,1,瞻仰一下低分前校长的“英姿”
77288,3419,林建华,2018-05-04 11:01:52,0,2,2,111
77296,3419,林建华,2018-05-04 11:52:46,34,37,3,在北大把鸿鹄念成鸿浩，nb
77303,3419,林建华,2018-05-04 12:47:07,104,106,2,给jingjing学子们讲述了什么是honghao之志
77304,3419,林建华,2018-05-04 12:54:30,22,25,3,要立志，要立洪皓志。
77310,3419,林建华,2018-05-04 13:43:38,113,115,2,surprise!秘书忘了给稿子标拼音?
77329,3419,林建华,2018-05-04 16:24:58,245,251,6,评论绝对删过了，以前看的时候有很多长评论，都言之有物，黑点也远不止正态和打卡两个，现在看只剩一两句的反正态的。这是尽量洗地之举，还是暗贬浙大学子水准的诛心之论？
77345,3419,林建华,2018-05-05 01:08:10,14,15,1,鸿鹄hào之志 →_→
77349,3419,林建华,2018-05-05 01:58:10,275,279,4,本来浙大是朴素的学习氛围，这下可好，一个两个像是得了脑膜炎一样抹来膜去，各种群表演戏精无数，3000字论文就有人能写五万字。大学是让学生感受社会，学习知识，报效国家的，不是演宫斗剧的地方
77362,3419,林建华,2018-05-05 05:38:07,3,7,4,鸿浩之志
77377,3419,林建华,2018-05-05 06:38:36,63,65,2,鸿浩志，乳chou未干，dundun善诱
77380,3419,林建华,2018-05-05 07:04:15,2,2,0,
77389,3419,林建华,2018-05-05 08:50:15,10,14,4,林建华你身体健康，长命百岁吧。一分不谢，祝北大好运
77396,3419,林建华,2018-05-05 09:57:52,-1,0,1,...
77403,3419,林建华,2018-05-05 11:08:53,2,3,1,辣鸡校长
77410,3419,林建华,2018-05-05 12:05:01,3,6,3,根据正态分布原则，请立刻去世
77415,3419,林建华,2018-05-05 12:38:41,85,87,2,北大120周年校庆的讲稿都能读错 你秀你?呢
77428,3419,林建华,2018-05-05 13:17:46,-6,1,7,挺好的呀
77429,3419,林建华,2018-05-05 13:19:00,3,4,1,正态分布？请你立刻去世
77453,3419,林建华,2018-05-05 15:55:40,0,1,1,重大血脉的老师
77459,3419,林建华,2018-05-05 16:42:22,-1,0,1,嗯嗯嗯
77460,3419,林建华,2018-05-05 17:14:30,8,9,1,很想知道北大为什么没有正态
77483,3419,林建华,2018-05-06 03:32:52,10,14,4,前面的狗粉丝笑死我了\n\n前排围观一下鸿浩
77500,3419,林建华,2018-05-06 05:46:59,10,12,2,鸿浩之志\n\n哈哈哈哈哈哈哈哈哈
77514,3419,林建华,2018-05-06 08:03:19,0,1,1,垃圾老师，正态分布，毁我青春
77520,3419,林建华,2018-05-06 08:29:37,1,2,1,垃圾正态分布
77544,3419,林建华,2018-05-06 11:21:15,4,4,0,恶心\n\n
77551,3419,林建华,2018-05-06 12:04:09,13,13,0,honghao真的妙，快祸害别的学校去吧
77555,3419,林建华,2018-05-06 12:30:57,13,14,1,帮他超过孙大雁老师，让前任校长登顶
77579,3419,林建华,2018-05-06 15:19:47,32,32,0,优秀的人民教师，使所有文科学生同样学会了正态分布。
77647,3419,林建华,2018-05-07 05:13:11,11,14,3,正态分布分你?呢，此人耽误无数浙大学子前途，建议直接枪毙@平安浙大
77716,3419,林建华,2018-05-07 11:33:46,0,1,1,你好啊
77779,3419,林建华,2018-05-07 17:11:35,5,9,4,还是多想想别人的好处，即使他既没有功劳也没有苦劳，放弃学术热衷官僚。但被王思聪骂的应该不是太坏吧。
77854,3419,林建华,2018-05-08 07:48:31,0,2,2,...
77873,3419,林建华,2018-05-08 09:59:40,8,9,1,去北大试试正态看看反响怎样
77906,3419,林建华,2018-05-08 12:36:20,23,25,2,北大岳同学如何？重大如何？鸿hao如何？官僚。
77915,3419,林建华,2018-05-08 14:01:48,5,7,2,这次道歉信充分证明林建华还是姓赵啊
77966,3419,林建华,2018-05-09 03:59:55,1,1,0,辣鸡辣鸡
78167,3419,林建华,2018-05-09 17:42:26,11,16,5,Never Mind the Scandal and Libel，意思是永远不要理会谣言和中伤。\n\n呜呜呜，林校长nmsl。林校长R.I.P.
78603,3419,林建华,2018-05-13 16:34:50,4,5,1,honghaozhi打卡\n\n不对学校下学期就要取消打卡了呢/滑稽
78894,3419,林建华,2018-05-16 08:41:44,6,9,3,原来正态分布就是你小子搞的吗？
78972,3419,林建华,2018-05-18 07:03:27,19,19,0,我就想问问我浙的学子们，他是怎么有1.09分的
79043,3419,林建华,2018-05-21 10:29:20,-1,0,1,呵呵哥
79209,3419,林建华,2018-05-27 05:26:34,1,2,1,别啥事都赖wg
79525,3419,林建华,2018-06-08 02:57:37,-1,0,1,h h h
79526,3419,林建华,2018-06-08 02:57:48,-3,0,3,正态分布\n\nshine\n\n
79731,3419,林建华,2018-06-13 06:32:35,-1,0,1,nbplus
79867,3419,林建华,2018-06-14 14:01:09,2,2,0,正态还是早点消灭好
81059,3419,林建华,2019-05-08 06:39:39,-255,11,266,很喜欢正太分布 反正轮不到我 还帮我和那群菜鸡拉开差距 最好做30%不及格正太
81081,3419,林建华,2018-07-03 15:50:38,8,9,1,楼下是有多菜鸡才能靠别人出局来垫高自己。反对正态，永远反对。
81258,3419,林建华,2018-07-04 12:51:51,-1,1,2,666
81479,3419,林建华,2018-07-05 07:41:04,0,0,0,不说啥，怕一出口都是脏话。
82398,3419,林建华,2018-07-08 05:33:24,0,0,0,
83372,3419,林建华,2018-07-11 10:57:51,9,10,1,呵呵 辣鸡通识课什么也学不到 还要被正态拉绩点 咋们不如学四年通识课 找不到工作当乞丐吧
84904,3419,林建华,2018-07-14 09:47:11,2,2,0,害人不浅
84987,3419,林建华,2018-07-15 01:25:19,6,7,1,这个人活得太搞笑了。
85700,3419,林建华,2018-07-26 11:23:52,-1,0,1,有点垃圾
85708,3419,林建华,2018-07-27 05:55:58,2,2,0,什么狗屎
85741,3419,林建华,2018-08-01 07:54:17,7,9,2,浙大历史上最差劲的校长，没有之一???
85845,3419,林建华,2018-08-22 02:02:45,0,1,1,垃圾正态
86008,3419,林建华,2018-08-27 01:20:44,0,0,0,猜猜猜
86010,3419,林建华,2018-08-27 01:46:16,0,1,1,...
86085,3419,林建华,2018-09-05 12:05:35,-1,0,1,。。。
86226,3419,林建华,2018-09-12 08:34:56,0,1,1,垃圾垃圾\n\n
86378,3419,林建华,2018-09-14 09:52:01,0,1,1,真的无语
86379,3419,林建华,2018-09-14 09:52:10,8,9,1,连字都能说错，鸿鹄hao之志
86382,3419,林建华,2018-09-14 11:59:04,3,3,0,谢谢你去了北大
86613,3419,林建华,2018-09-17 12:39:03,1,3,2,正太的应用
86623,3419,林建华,2018-09-17 13:14:36,12,12,0,我可去他妈的正态，祝他年年有今日岁岁有今朝，草最好是绿的，不然坟前很难看
86632,3419,林建华,2018-09-17 14:36:37,7,8,1,浙大建校一百二十多年来最垃圾的校长，没有之一?
86647,3419,林建华,2018-09-17 23:59:29,1,1,0,听说要正态
86730,3419,林建华,2018-09-18 06:52:27,2,3,1,听说正态分布是他搞的，垃圾
86750,3419,林建华,2018-09-18 10:12:34,0,0,0,。。。。
86760,3419,林建华,2018-09-18 11:23:41,5,7,2,我是萝莉控，不喜欢正太
86791,3419,林建华,2018-09-19 00:26:52,6,7,1,垃圾正态 毁我人生 天理不容
86852,3419,林建华,2018-09-19 05:31:46,2,3,1,我＊＊＊＊＊＊
86901,3419,林建华,2018-09-19 10:22:28,48,51,3,林校长还是爱浙大的\n\n所以才去北大\n\n这是在给浙大超越北大创造历史性机遇啊\n\n北大的同学可还好吗
87037,3419,林建华,2018-09-20 04:42:09,9,9,0,好校长！！！！！正态分布生灵涂炭！
87039,3419,林建华,2018-09-20 05:12:56,11,11,0,两个问题：知道正太吗\n\n知道正太为什么还来呢
87119,3419,林建华,2018-09-20 14:11:56,7,8,1,去和梁非凡一桌吧
87136,3419,林建华,2018-09-21 01:42:05,1,2,1,为什么要搞正态
87348,3419,林建华,2018-09-27 08:06:28,2,2,0,正态？\n\n
87528,3419,林建华,2018-10-01 12:25:28,6,8,2,林校长之卑鄙无耻行径，与禽兽几希？
87534,3419,林建华,2018-10-02 22:37:05,9,10,1,我就是因为他没去北大
87744,3419,林建华,2018-10-11 06:59:35,0,0,0,厉害了正太
87763,3419,林建华,2018-10-11 16:45:06,4,4,0,太扯了太扯了正态分布
88167,3419,林建华,2018-10-23 08:29:12,15,16,1,林从北大卸任了
88168,3419,林建华,2018-10-23 08:33:42,-1,1,2,。。。。。
88181,3419,林建华,2018-10-23 11:28:33,3,10,7,竺院的学生因为正太比普通学院的学生绩点都低呜呜呜(┯_┯)
88189,3419,林建华,2018-10-23 15:06:03,0,2,2,今天是个好日子!
88216,3419,林建华,2018-10-24 05:45:33,-10,0,10,挺好的。。。。。。。。。
88671,3419,林建华,2018-11-05 11:17:58,0,1,1,多次被正态的我
88911,3419,林建华,2018-11-12 05:55:39,2,2,0,没听过
89676,3419,林建华,2018-11-20 08:16:25,-1,0,1,辣鸡? \n\n
89778,3419,林建华,2018-11-20 18:51:04,8,10,2,你说嘴巴嘟嘟，我嘟嘟 嘟 嘟 嘟，嘟一下你就死妈啦?
90398,3419,林建华,2018-11-23 11:20:26,0,1,1,...
90476,3419,林建华,2018-11-23 15:28:30,6,8,2,原来我不了解为什么大家这么讨厌您，但是付出很多被正态之后只能很有涵养的用呵呵二字表达我的愤怒?1分送你 怪不得您不是在北大正常离任的呢……
90527,3419,林建华,2018-11-24 01:01:48,-10,2,12,北大也有正太ok？
90726,3419,林建华,2018-11-25 11:56:41,0,1,1,哈哈哈哈哈哈哈哈哈哈哈哈哈哈哈哈哈哈哈哈哈哈哈哈哈哈哈哈哈哈哈哈哈哈哈哈哈哈哈哈哈哈哈哈哈哈哈哈哈哈哈哈哈哈哈哈哈哈哈哈哈哈哈哈
91395,3419,林建华,2018-12-08 02:49:29,1,2,1,正个啥
91445,3419,林建华,2018-12-10 11:23:17,4,6,2,恭喜林校长卸任北大校长职务
92115,3419,林建华,2018-12-26 12:40:54,8,8,0,我觉得不能让他当倒数第二，绝对!(看我坚定的眼神)
92279,3419,林建华,2018-12-27 11:36:34,16,18,2,渣渣的正态分布，搞得浙大的学风成什么样子了，害得后任的校长又不好改。近闻林校长卸任北大校长，您终于不折腾了。
92414,3419,林建华,2018-12-28 11:31:30,0,0,0,哈哈哈哈，被评论笑了啊
92613,3419,林建华,2019-01-03 06:23:16,2,2,0,您正您自个儿吧！
92692,3419,林建华,2019-01-03 17:55:03,3,3,0,傻逼玩意
92749,3419,林建华,2019-01-04 06:47:38,0,1,1,呵呵呵
93226,3419,林建华,2019-01-08 07:33:00,0,1,1,傻逼！
93429,3419,林建华,2019-01-09 13:57:40,-2,0,2,。。。
93498,3419,林建华,2019-01-10 06:00:31,0,0,0,去你的正态分布
93499,3419,林建华,2019-01-10 06:02:38,5,5,0,一门正态 足以给他0分
93970,3419,林建华,2019-01-14 13:44:36,1,1,0,智障。
94688,3419,林建华,2019-01-17 23:48:35,8,9,1,通识正态，军训正态，你? 怎么不被正态呢?
94927,3419,林建华,2019-01-18 13:02:45,7,8,1,为什么不能打0分
95084,3419,林建华,2019-01-18 16:57:08,9,9,0,思修之类的课正态绝对不合理。
95333,3419,林建华,2019-01-19 08:35:51,5,6,1,与垃圾无异
96233,3419,林建华,2019-01-20 14:45:29,0,1,1,辣鸡正态
96359,3419,林建华,2019-01-21 01:10:21,1,1,0,呵呵呵
96674,3419,林建华,2019-01-21 08:55:53,2,2,0,林建华
97045,3419,林建华,2019-01-21 15:16:25,2,3,1,我讨厌你
97589,3419,林建华,2019-01-22 11:42:08,-1,0,1,呵呵呵
97941,3419,林建华,2019-01-23 02:22:09,9,9,0,正态大法好你?
98900,3419,林建华,2019-01-24 04:48:15,3,7,4,我从来不骂人，但这次只想说敲里吗的正太分布。咋不给北大来个正太呢。
101491,3419,林建华,2019-01-28 09:51:51,-13,4,17,这个老师好啊  我给了10\n\n上课不点名  给分贼高\n\n事情贼少 强烈推荐
101512,3419,林建华,2019-01-28 10:34:52,0,1,1,巨差无比！
102054,3419,林建华,2019-01-30 08:31:25,0,0,0,垃圾正态
102329,3419,林建华,2019-02-01 02:50:57,3,10,7,其实公道来说，正太之所以被绝大部分同学厌恶乃至痛恨至极，是因为尤其在通识、思政类课程上给大家带来了不好的体验。可是再想一下，如果没有正太，微积分线代大物模电不调分，又会有多少人挂掉？
102605,3419,林建华,2019-02-12 11:22:38,7,8,1,你把北大带成这样，是要向全国人民谢罪的(x
102642,3419,林建华,2019-02-17 04:31:54,5,6,1,现在已经卸任北京大学校长。
103046,3419,林建华,2019-02-25 15:18:10,5,5,0,文明人不能说脏话，所以我没有什么可以评价的
103111,3419,林建华,2019-02-28 02:05:29,0,0,0,一言难尽
103275,3419,林建华,2019-02-27 06:09:23,0,2,2,辣鸡正态
103985,3419,林建华,2019-03-08 10:11:38,0,1,1,正态？？？求北大也正态！！
104150,3419,林建华,2019-03-13 04:53:35,1,1,0,hinghaozhizhi
104567,3419,林建华,2019-03-23 16:57:34,16,17,1,北大似乎也有正态了嘿嘿嘿
104867,3419,林建华,2019-03-29 04:12:37,7,8,1,mmp
104928,3419,林建华,2019-03-31 10:16:55,12,13,1,既不是院士也不是长江学者，并且和浙大没有渊源
104985,3419,林建华,2019-04-01 17:40:38,1,2,1,最差的校长，没有之一
105385,3419,林建华,2019-04-11 06:53:01,3,4,1,？？？
106627,3419,林建华,2019-04-28 12:33:12,21,22,1,建华遗计乱浙大
108477,3419,林建华,2019-05-26 08:48:10,6,6,0,老华华吃鸡吃鸡
108803,3419,林建华,2019-06-02 16:51:35,4,5,1,垃圾。。。
108855,3419,林建华,2019-06-03 08:51:26,4,5,1,hhh
109028,3419,林建华,2019-06-06 03:18:43,10,11,1,他以前是浙大的啊，hong hao可出名了，去年高考作文反面素材好几次，哈哈哈。
109049,3419,林建华,2019-06-06 06:59:25,2,3,1,跟风一下
109312,3419,林建华,2019-06-13 05:01:45,2,3,1,
110722,3419,林建华,2019-06-28 05:37:12,6,7,1,这学期三门被正太了
113083,3419,林建华,2019-07-05 22:55:18,12,12,0,很喜欢正太分布！反正轮不到我，还帮我和那群大佬拉开差距，最好做30%的满绩正太，让我早点退学回家。
114249,3419,林建华,2019-07-12 16:50:06,1,2,1,又被正态了
114987,3419,林建华,2019-07-13 18:28:26,0,1,1,正态分布去死吧，垃圾校长不管事
115032,3419,林建华,2019-07-14 15:03:33,-1,0,1,辣十针的⑥啤
115089,3419,林建华,2019-07-15 11:03:10,0,1,1,?️?
115522,3419,林建华,2019-08-01 07:18:18,0,0,0,正态分布
115543,3419,林建华,2019-08-02 06:17:11,0,0,0,正态分布垃圾
115606,3419,林建华,2019-08-08 06:33:42,2,2,0,。。。。。
115626,3419,林建华,2019-08-12 00:14:40,6,6,0,北大牛批
115881,3419,林建华,2019-08-23 02:36:07,0,1,1,呵呵正态
115925,3419,林建华,2019-08-26 12:20:59,3,5,2,取消正态之日，我浙一流之时
116101,3419,林建华,2019-09-03 15:10:30,0,2,2,正态。
116164,3419,林建华,2019-09-25 00:44:48,0,0,0,wdnmd正态分布
116319,3419,林建华,2019-09-08 09:22:20,0,0,0,......
116342,3419,林建华,2019-09-09 00:14:23,1,4,3,nmsl
116377,3419,林建华,2019-09-10 00:29:27,2,3,1,正态分布④马谢谢
116601,3419,林建华,2019-09-12 03:03:03,2,2,0,辣鸡正态分布，坑爹
116667,3419,林建华,2019-09-22 01:52:20,-1,0,1,。。。
116682,3419,林建华,2019-09-13 03:43:35,32,33,1,================================\n\n\n\n浙江大学低分火爆地段广告位招租\n\n\n\n================================
116989,3419,林建华,2019-09-18 04:31:14,-3,0,3,。。。
117230,3419,林建华,2019-09-20 16:09:48,0,1,1,。。。。??
117262,3419,林建华,2019-09-21 16:08:56,0,0,0,？？？
117287,3419,林建华,2019-09-22 10:38:49,0,0,0,正太了
117343,3419,林建华,2019-09-23 06:43:02,0,1,1,hhh
117404,3419,林建华,2019-09-24 02:56:30,14,14,0,为收敛于1做贡献
117988,3419,林建华,2019-10-17 16:52:44,1,1,0,he tui
118195,3419,林建华,2019-10-22 13:54:04,4,6,2,嘻嘻嘻嘻嘻，你妈天上飞
118199,3419,林建华,2019-10-22 15:19:21,1,1,0,垃圾正态分布，就会装，坑学生，?
119227,3419,林建华,2019-11-11 11:06:53,-2,0,2,垃圾不解释
119494,3419,林建华,2019-11-13 05:34:56,0,0,0,hhhhhh
119726,3419,林建华,2019-11-15 03:49:11,0,0,0,来了来了我又来鞭尸了
120280,3419,林建华,2019-11-27 11:00:51,2,3,1,辣鸡正态！每个人干的事情差不多，得分天差地别
120816,3419,林建华,2020-01-17 12:53:46,3,3,0,正态分布呵呵呵
121460,3419,林建华,2019-12-16 03:38:18,0,1,1,傻逼玩意
121481,3419,林建华,2019-12-15 13:48:56,-1,0,1,什么鬼
121647,3419,林建华,2019-12-10 15:18:05,7,7,0,糟老头子良心大大滴坏
121944,3419,林建华,2020-01-25 06:30:30,0,0,0,😬 😬 😬 😬
122507,3419,林建华,2020-03-02 13:18:00,0,0,0,不好不好
123252,3419,林建华,2020-05-26 06:52:49,8,9,1,从“给分厚道徐小洲 制度合理林建华 尊重学生孙大雁 亲切友善祝秀香 从不绩杀陈昆福 分多事少陈素珊 知识广博看沈燎 讲话生动吴朝晖 声音洪亮陶虹向”前来观光
123308,3419,林建华,2020-06-02 04:31:18,0,1,1,辣鸡辣鸡辣鸡
123719,3419,林建华,2020-06-12 13:13:21,3,3,0,鞭尸正太！
123917,3419,林建华,2020-06-16 07:54:52,5,6,1,就是那个鸿浩之志是吗
124431,3419,林建华,2020-07-01 05:55:35,26,30,4,北大学生慕名而来～
124704,3419,林建华,2020-07-06 14:02:10,7,8,1,恶心的腐败官僚
124905,3419,林建华,2020-07-17 01:46:52,74,75,1,竺可桢：小林啊，来浙大你有两个问题要问问自己。\n\n竺可桢：你来浙大干什么。\n\n林建华：搞正态分布。\n\n竺可桢：离开浙大后，你要怎么做？\n\n林建华：将正态进行到底！
125054,3419,林建华,2020-08-21 09:57:59,-1,0,1,辣鸡了
125791,3419,林建华,2020-09-14 09:08:31,0,0,0,。。。
126397,3419,林建华,2020-09-25 02:39:21,2,4,2,辣鸡玩意给爷*
126456,3419,林建华,2020-09-27 10:11:54,3,4,1,强烈建议北大正态
126543,3419,林建华,2020-09-30 03:28:44,0,0,0,h h h
127174,3419,林建华,2020-11-11 16:29:51,8,8,0,为靠近渐近线y=1做贡献。
127175,3419,林建华,2020-11-11 16:29:12,6,8,2,祝早日收敛到1
127195,3419,林建华,2020-11-12 12:41:58,0,2,2,爬爬爬
127482,3419,林建华,2020-11-23 11:58:46,0,1,1,正态之父
127651,3419,林建华,2020-11-25 10:48:36,0,0,0,正太好耶！（doge
127750,3419,林建华,2020-11-26 10:23:34,4,5,1,黄钟毁弃 瓦釜雷鸣
127903,3419,林建华,2020-11-30 03:50:13,0,0,0,y=1
127918,3419,林建华,2020-11-30 08:08:53,1,2,1,收敛收敛！
128061,3419,林建华,2020-12-05 07:27:17,4,13,9,一个把鸿鹄读成hong hao的老文盲，还知道正态分布？你先把国文学好再说吧，垃圾文盲，不懂别瞎逼逼。\n\n正态你麻痹，你这种作为，我觉得你血娘血爹应该早就死了，骂cnm给你也没啥用。
128476,3419,林建华,2020-12-23 10:51:03,0,1,1,hhh
128503,3419,林建华,2020-12-23 11:43:55,1,1,0,趋向1
128533,3419,林建华,2020-12-23 15:39:40,3,4,1,原来能看到honghao本人啊，涨见识了
128540,3419,林建华,2020-12-23 16:27:10,-1,0,1,爬爬爬
128555,3419,林建华,2020-12-24 01:05:01,1,2,1,心情不好，正态傻逼，给你一分算给你这****面子
128582,3419,林建华,2020-12-24 06:41:01,0,1,1,他们都喷，我来跟风
128898,3419,林建华,2020-12-26 13:54:57,2,2,0,幸亏走了
129147,3419,林建华,2021-01-04 12:59:50,0,1,1,正态啊啊啊啊啊
129187,3419,林建华,2020-12-31 03:12:09,0,0,0,LJH
129226,3419,林建华,2021-01-01 11:59:50,2,2,0,老丈育了
129379,3419,林建华,2021-01-05 01:03:23,-1,0,1,祝早1
129407,3419,林建华,2021-01-05 06:05:28,2,2,0,ljdx
129545,3419,林建华,2021-01-07 04:14:49,-1,1,2,正态是内卷之源
129655,3419,林建华,2021-01-10 06:06:43,-3,0,3,耶耶耶
129715,3419,林建华,2021-01-11 10:03:12,0,0,0,无语。
130000,3419,林建华,2021-01-14 17:11:17,0,1,1,正态yyds
130071,3419,林建华,2021-01-16 10:36:04,8,10,2,希望您和您的家人在正态中感受生命的和谐与美好
130101,3419,林建华,2021-01-17 03:42:57,3,3,0,正态yyds
130225,3419,林建华,2021-01-19 10:57:35,-1,9,10,祝你家人口数量也正态分布一下8，嘻嘻
130988,3419,林建华,2021-01-25 13:20:27,0,2,2,万恶之源
131078,3419,林建华,2021-01-26 01:13:17,0,0,0,。。。
131145,3419,林建华,2021-01-26 07:28:35,5,6,1,为收敛于1做贡献！
131366,3419,林建华,2021-01-27 08:16:13,0,1,1,。。。
131686,3419,林建华,2021-01-28 12:04:43,1,3,2,收敛！
131866,3419,林建华,2021-01-29 07:07:33,-22,0,22,没必要没必要
132226,3419,林建华,2021-01-31 05:38:38,-24,1,25,很好的前任校长
132279,3419,林建华,2021-01-31 13:10:10,5,6,1,早日收敛于1
132700,3419,林建华,2021-02-03 11:01:39,-10,2,12,先生之风，山高水长
132907,3419,林建华,2021-02-04 17:13:49,1,1,0,你妈的不能0分气煞人
132987,3419,林建华,2021-02-06 01:23:47,-1,0,1,。。。
133005,3419,林建华,2021-02-06 05:53:26,2,2,0,这学期所有考试的课都被卡绩了，心情不好来刷个一分。
133250,3419,林建华,2021-02-20 15:28:59,-32,4,36,林校长不求功名利禄，真的为学生服务，没必要这样说
133307,3419,林建华,2021-02-24 09:13:33,1,2,1,为什么没有0分
133428,3419,林建华,2021-02-28 10:03:13,9,10,1,按正态分布来说宁就是最后一档的最后一个😄😄😄
133620,3419,林建华,2021-03-03 02:39:15,0,0,0,正态分布去死
134109,3419,林建华,2021-03-16 06:25:47,0,0,0,正态分布我谢谢你
134143,3419,林建华,2021-03-17 04:02:05,5,6,1,为数列收敛尽一份力
134352,3419,林建华,2021-03-24 14:29:31,13,14,1,有界数列必有极限
134373,3419,林建华,2021-03-25 06:00:45,2,3,1,没啥事过来给宁刷个1分
134375,3419,林建华,2021-03-25 06:20:21,0,1,1,正态分布去死吧
134442,3419,林建华,2021-03-29 01:09:42,26,44,18,没见过这位校长，所以以前并没来评价过。\n\n或许正态分布是真的恶心，我能理解很多同学，特别是付出努力被正态掉的同学，免不了心中气愤，来刷个1分无可厚非。\n\n但是有些人，动辄言及家人，污言秽语不堪入目，这种人，你配当求是学子？你配评价其他人？连基本的做人都不会，教养都没有，你该去读的是小学的思品课，不是大学。
134910,3419,林建华,2021-04-22 05:08:50,10,12,2,我就想学点东西，却被你正太搞了心态
135503,3419,林建华,2021-05-12 07:16:25,4,5,1,无语了
135597,3419,林建华,2021-05-16 09:20:56,-58,2,60,建华校长还是实实在在为浙大做了挺多贡献的
135709,3419,林建华,2021-05-20 06:35:10,0,1,1,正态分布
135752,3419,林建华,2021-05-23 19:41:48,3,4,1,扎西德勒
136544,3419,林建华,2021-06-20 15:50:38,2,3,1,***
136578,3419,林建华,2021-06-21 08:02:08,6,8,2,音容宛在
136970,3419,林建华,2021-06-29 03:57:17,1,2,1,正态分布
137008,3419,林建华,2021-06-29 09:59:46,-50,2,52,10分拉高老师评价
137748,3419,林建华,2021-07-06 03:21:05,4,4,0,🐶b孝長正太分布
139271,3419,林建华,2021-07-14 03:15:43,2,3,1,大傻逼
139656,3419,林建华,2021-07-19 12:40:16,5,5,0,为极限收敛贡献一份力量
139910,3419,林建华,2021-08-17 10:37:51,-1,0,1,呵呵呵呵
139927,3419,林建华,2022-01-27 08:47:44,6,7,1,极限收敛有我一份
139949,3419,林建华,2021-08-22 12:19:30,0,0,0,大傻逼
139995,3419,林建华,2021-08-23 01:54:10,8,8,0,记得做个人噢
140000,3419,林建华,2021-08-23 03:10:36,0,1,1,冲刺冲刺冲刺
140026,3419,林建华,2021-08-23 12:25:18,9,11,2,正太可真是个好东西 哎呦手滑了 不好意思点了1分
140040,3419,林建华,2021-08-23 14:21:04,0,0,0,呵呵呵
140167,3419,林建华,2021-09-02 01:19:25,2,2,0,评分不收敛于0是因为最低打1分，正态分布垃圾的一批
140192,3419,林建华,2021-09-04 04:55:43,-1,0,1,老家伙垃圾货两极化
140312,3419,林建华,2021-09-08 07:10:02,-5,0,5,林建华好啊
140354,3419,林建华,2021-09-10 03:58:27,0,0,0,正太。
140378,3419,林建华,2021-09-10 09:30:35,0,0,0,6666
140474,3419,林建华,2021-09-13 02:01:45,0,1,1,一切都在不言中
140477,3419,林建华,2021-09-13 02:27:26,-1,0,1,好啊好啊
140685,3419,林建华,2021-09-15 06:02:41,0,0,0,呵呵呵
140700,3419,林建华,2021-09-15 07:08:22,0,0,0,正太爬
140763,3419,林建华,2021-09-16 01:25:42,1,1,0,正太，我想要很多的正太
141028,3419,林建华,2021-09-22 02:51:00,-1,1,2,傻逼正态分布：
141142,3419,林建华,2021-09-24 11:35:23,3,5,2,傻逼玩意
141674,3419,林建华,2021-10-19 12:31:41,0,0,0,sb正态
141934,3419,林建华,2021-11-01 08:01:20,0,0,0,正态去死吧
141942,3419,林建华,2021-11-01 12:28:13,1,1,0,正态分布去死吧
142168,3419,林建华,2021-11-08 05:43:00,0,1,1,脑瘫正态
142270,3419,林建华,2021-11-09 12:26:36,15,15,0,正态🤤🤤嘿嘿🤤🤤我的正态🤤🤤我好喜欢你啊🤤🤤正态🤤🤤嘿嘿🤤🤤我的正态🤤🤤
142390,3419,林建华,2021-11-11 02:57:12,2,3,1,鸿鹄hao之志
142392,3419,林建华,2021-11-11 03:16:10,0,1,1,正态，😅😅😅
142438,3419,林建华,2021-11-11 11:04:43,-1,0,1,正太去死
142991,3419,林建华,2021-11-18 04:26:32,2,4,2,x=1(x——>1)
143073,3419,林建华,2021-11-18 16:14:45,0,0,0,极限有我一份之力
143164,3419,林建华,2021-11-20 11:02:50,3,3,0,😅😅
143192,3419,林建华,2021-11-21 07:03:02,0,0,0,寄了呀
143250,3419,林建华,2021-11-22 09:58:56,0,1,1,lj正态
143392,3419,林建华,2021-11-25 03:09:08,4,5,1,正态给了乱给分一个冠冕堂皇的理由
143439,3419,林建华,2021-11-25 11:53:22,-1,0,1,正态，爬
143504,3419,林建华,2021-11-25 17:41:01,0,0,0,喜欢正态，爬
143595,3419,林建华,2021-11-28 08:24:28,13,16,3,虽然盲目内卷的学生们就像闻到绩点的味道就留下酸臭涎水，可以摆出丑恶狰狞面目为之做一切违心之事，一颦一笑都充满着利益考量，极度利己功利把治学之风抛到九霄云外是很恶心的；但是正态的推出者也逃不开责任
143633,3419,林建华,2021-11-29 10:10:05,0,2,2,正太扎不多德勒
143901,3419,林建华,2021-12-11 14:01:41,1,2,1,正态。。。祝你全家身体健康，祝你福寿与天齐。。。
143906,3419,林建华,2021-12-11 23:59:30,1,1,0,一天没有正太我浑身不舒服，没有正太我真是要死了，谢谢您🤤1分收好
143910,3419,林建华,2021-12-12 06:15:42,2,2,0,正太。爬。
143962,3419,林建华,2021-12-14 10:52:16,-5,1,6,不能比晖晖还低
144136,3419,林建华,2021-12-19 10:52:18,0,1,1,不喜欢正态分布
144145,3419,林建华,2021-12-19 14:44:15,2,2,0,正态滚啊
144185,3419,林建华,2021-12-20 07:14:30,0,0,0,呃呃呃
144198,3419,林建华,2021-12-20 08:44:06,3,4,1,什么√⑧正态
144199,3419,林建华,2021-12-20 08:50:29,3,3,0,呵呵呵
144218,3419,林建华,2021-12-20 13:56:15,0,1,1,日内瓦，退钱
144223,3419,林建华,2021-12-20 16:02:57,1,2,1,—--->
144232,3419,林建华,2021-12-21 01:03:44,12,14,2,不配比阿晖高
144520,3419,林建华,2021-12-22 05:00:27,6,6,0,垃圾正态分布
145097,3419,林建华,2021-12-27 11:32:38,-7,0,7,很棒。
145173,3419,林建华,2021-12-28 04:37:21,3,4,1,正态nnn
145192,3419,林建华,2021-12-28 06:33:35,2,2,0,sima正态
145322,3419,林建华,2021-12-29 04:24:34,-1,0,1,。zzzz
145587,3419,林建华,2022-01-13 07:21:59,0,0,0,。。。
145631,3419,林建华,2021-12-31 00:40:32,0,1,1,哦？？
145805,3419,林建华,2022-01-02 13:10:09,0,1,1,不会被
146017,3419,林建华,2022-01-05 04:16:38,1,2,1,垃圾。
146162,3419,林建华,2022-01-05 15:11:57,0,2,2,放学小心点
146191,3419,林建华,2022-01-05 17:15:21,2,2,0,我恨正态
146408,3419,林建华,2022-01-09 14:15:05,0,1,1,正态分布，我真的谢。。。
146410,3419,林建华,2022-01-08 12:50:17,1,1,0,取消正态吧
146420,3419,林建华,2022-01-06 14:31:11,1,1,0,sb正态
146819,3419,林建华,2022-01-07 13:45:17,2,2,0,正太精神
147688,3419,林建华,2022-01-10 13:03:55,0,1,1,正态滚出这
147961,3419,林建华,2022-01-11 08:20:42,7,7,0,是谁能够想出正态分布这种毒招，正态分布滚出浙大
147963,3419,林建华,2022-01-11 08:22:23,4,4,0,正态分布是啥子sb主意
148281,3419,林建华,2022-01-12 04:58:51,46,47,1,妈的知道我们lqh妈咪为了调你那30％的正态有多辛苦吗？？如果思修课都要有人不优秀，真是大学教育最大的悲哀。
148291,3419,林建华,2022-01-12 05:23:51,4,7,3,来踩一脚，垃圾正态
148307,3419,林建华,2022-01-12 06:09:09,10,12,2,啊哈哈哈，正态来喽
148314,3419,林建华,2022-01-12 06:20:37,7,7,0,正态分布滚出浙大！！
148320,3419,林建华,2022-01-12 06:35:02,16,16,0,怎么回事，评分居然比朝晖giegie高？
148321,3419,林建华,2022-01-12 06:42:49,7,7,0,怎么不能打零分？
148328,3419,林建华,2022-01-12 06:56:48,7,8,1,我求求你做个人吧，STM正态什么时候滚出China，滚出ZJU😅😅😅呸
148350,3419,林建华,2022-01-12 08:12:06,5,7,2,正态哈哈哈哈哈哈正态啊哈哈哈哈哈哈正态，，，这玩意是您提的吗
148384,3419,林建华,2022-01-12 09:57:32,9,9,0,是什么煞笔？卧槽？发明的正态？怎么不去死呢？煞笔玩意？草泥马的，
148392,3419,林建华,2022-01-12 10:27:20,5,6,1,😅😅😅😅😅😅😅😅😅😅😅😅😅😅😅
148393,3419,林建华,2022-01-12 10:29:28,11,11,0,你妈死了😅😅😅
148861,3419,林建华,2022-01-13 21:40:34,3,3,0,正态?滚出拆那
149235,3419,林建华,2022-01-15 00:38:39,2,3,1,垃圾，正太分布去死
149550,3419,林建华,2022-01-16 02:39:07,0,1,1,。。。。
149751,3419,林建华,2022-01-16 16:29:01,5,8,3,凭什么比zh高？来拉一拉
149782,3419,林建华,2022-01-17 03:02:59,1,2,1,镇泰坏透了
150197,3419,林建华,2022-01-20 07:50:30,0,1,1,正态分布nt
150519,3419,林建华,2022-01-28 11:09:27,4,4,0,很难不流汗黄豆
150549,3419,林建华,2022-01-30 02:46:24,0,2,2,狗比正态，去死！rnm爬！
150559,3419,林建华,2022-01-30 08:21:02,8,8,0,还有0.04呢，心虚不？真有你的
150615,3419,林建华,2022-02-04 16:00:41,2,2,0,正态分布wcnmb
150643,3419,林建华,2022-02-08 11:17:46,1,1,0,。。。
150722,3419,林建华,2022-02-16 03:33:15,2,2,0,哈哈哈
150889,3419,林建华,2022-02-21 00:13:53,3,4,1,😅😅😅
151063,3419,林建华,2022-02-22 13:28:07,1,3,2,正态滚出zju😅😅😅
151150,3419,林建华,2022-02-23 12:11:09,23,23,0,正态解放日！
151303,3419,林建华,2022-02-28 06:49:24,16,17,1,zju没有正态了想不到吧
151778,3419,林建华,2022-03-15 11:36:49,10,11,1,收敛于1
152211,3419,林建华,2022-03-30 12:58:23,8,8,0,把你正态了。。。
153467,3419,林建华,2022-04-30 14:08:26,2,4,2,正态离谱
154862,3419,林建华,2022-06-06 08:50:11,6,9,3,玛德，今天才发现研究生社会实践也是这货搞出来的
154894,3419,林建华,2022-06-06 14:33:05,27,29,2,你不配比我朝晖gg高0.01！
155073,3419,林建华,2022-06-08 05:21:25,8,9,1,我是一个心狠手辣的人。你的制度把我正太到3.3，我们就要想办法把你正太到1.01
155277,3419,林建华,2022-06-10 05:33:13,0,0,0,令人感叹
155278,3419,林建华,2022-06-10 05:33:13,0,1,1,令人感叹
155539,3419,林建华,2022-06-14 06:19:08,0,1,1,收敛于1
155843,3419,林建华,2022-06-16 08:12:09,2,2,0,😅😅😅
156546,3419,林建华,2022-06-20 08:28:05,3,4,1,谢谢您，3.3
157280,3419,林建华,2022-06-23 00:10:37,5,5,0,正态分布wqnmd
158028,3419,林建华,2022-06-26 10:18:46,3,4,1,正态分布wcnmd，为什么要有正态分布存在啊啊啊啊啊啊啊啊啊啊啊啊啊啊啊啊啊啊啊啊啊啊
158364,3419,林建华,2022-06-28 17:28:53,-1,0,1,。。。
158428,3419,林建华,2022-07-15 15:34:09,0,2,2,为了伟大的收敛，奥利给
158624,3419,林建华,2022-07-01 00:42:17,1,2,1,每日一刷
158951,3419,林建华,2022-07-04 01:41:18,0,0,0,收敛于1
158952,3419,林建华,2022-07-04 01:41:18,0,0,0,收敛于1
159439,3419,林建华,2022-07-20 02:33:04,2,3,1,收敛于1
159473,3419,林建华,2022-07-23 04:33:43,2,2,0,收敛于1
159535,3419,林建华,2022-08-05 03:54:08,11,14,3,关于正态分布：你干嘛嗨嗨哟，啊啊啊啊，啊，啊，啊，啊啊啊啊，啊，你干嘛～鸡你太美鸡你太美鸡你太美鸡你太美……
159577,3419,林建华,2022-08-17 13:17:04,3,5,2,正态垃圾
159663,3419,林建华,2022-08-23 01:35:25,0,1,1,666
159692,3419,林建华,2022-08-23 13:02:21,0,2,2,正态分布太垃圾啦
160059,3419,林建华,2022-09-12 12:55:26,-1,0,1,正态分布去死吧
160086,3419,林建华,2022-09-13 05:55:26,0,1,1,qsqsqsqsqs
160207,3419,林建华,2022-09-15 04:01:41,4,4,0,ljljh
160215,3419,林建华,2022-09-15 05:49:48,0,0,0,评分烂死吧
160216,3419,林建华,2022-09-15 05:52:25,1,1,0,...
160264,3419,林建华,2022-09-16 03:09:46,8,9,1,1.03太高了，不符合真实水平
160351,3419,林建华,2022-09-20 03:12:45,-1,0,1,收敛于1
160470,3419,林建华,2022-09-23 08:40:12,1,1,0,收敛于1
160499,3419,林建华,2022-09-24 15:10:41,2,3,1,收敛于一
160550,3419,林建华,2022-09-26 16:22:17,0,1,1,111
160833,3419,林建华,2022-10-16 09:21:38,0,0,0,收敛力
161258,3419,林建华,2022-11-02 11:26:00,1,2,1,收敛于1
161306,3419,林建华,2022-11-04 03:23:21,0,2,2,呵呵 死正态
161353,3419,林建华,2022-11-04 12:52:59,2,2,0,111
161802,3419,林建华,2022-11-13 15:31:23,-1,0,1,111111111
161818,3419,林建华,2022-11-14 02:36:35,0,0,0,就你正态是吧
161847,3419,林建华,2022-11-14 12:17:46,0,0,0,😅😅😅
161917,3419,林建华,2022-11-15 04:07:31,0,1,1,6
162240,3419,林建华,2022-11-18 06:08:19,0,1,1,林某人无限收敛于1准则
162279,3419,林建华,2022-11-19 03:18:42,-1,0,1,正太吃屎
162424,3419,林建华,2022-11-22 05:41:20,0,0,0,收敛于1
162531,3419,林建华,2022-11-24 14:11:44,1,1,0,正太分布杀杀杀
162590,3419,林建华,2022-11-27 04:03:55,2,3,1,发明这种正态，有点变态。
162704,3419,林建华,2022-12-05 04:03:25,6,7,1,朝晖哥哥唱龙的传人的样子好帅
162762,3419,林建华,2022-12-06 02:21:54,3,4,1,收敛吧，我的建华！
162771,3419,林建华,2022-12-06 03:42:42,3,3,0,乌鱼子
162788,3419,林建华,2022-12-06 04:01:19,4,5,1,正态分布，体育打卡……
162849,3419,林建华,2022-12-06 15:11:46,1,2,1,111
162946,3419,林建华,2022-12-06 22:40:02,0,1,1,哈哈哈
163102,3419,林建华,2022-12-07 08:44:05,4,4,0,收敛于1
163246,3419,林建华,2022-12-11 02:04:30,4,5,1,为达到1作贡献
163335,3419,林建华,2022-12-13 07:47:25,10,11,1,简单的嘴臭，极致的享受。ljh，我草泥马
163378,3419,林建华,2022-12-14 07:46:06,6,8,2,和孙大雁属于是卧龙凤雏了，加油争夺总冠军！
163741,3419,林建华,2022-12-16 04:39:40,17,17,0,浙大遭不住外人来胡搞瞎搞
163842,3419,林建华,2022-12-16 08:19:42,0,2,2,收敛吧
164034,3419,林建华,2022-12-17 11:15:59,2,4,2,sb正态
164081,3419,林建华,2022-12-18 01:53:56,1,3,2,cnm，wcnmd，nsl
164140,3419,林建华,2023-02-21 02:45:12,23,25,2,cnmcnmcnmcnmcnmcnmcnmcnmcnmcnmcnmcnmcnmcnmcnmcnmcnmcnmcnmcnmcnmcnmcnmcnmcnmcnmcnmcnmcnmcnmcnmcnmcnmcnmcnmcnmcnmcnm
164256,3419,林建华,2022-12-20 04:38:25,2,2,0,收敛于1
164267,3419,林建华,2022-12-20 05:24:42,2,3,1,hhh
164341,3419,林建华,2022-12-20 10:45:57,9,11,2,我是那个给朝晖gg上传零分包的，我再来您这试试看能不能打零分冲冲
164398,3419,林建华,2022-12-20 15:24:46,5,5,0,收敛于1
164641,3419,林建华,2022-12-22 11:50:01,6,6,0,正太赶紧去死
164873,3419,林建华,2022-12-27 06:21:15,3,4,1,正态分布吃屎
164941,3419,林建华,2022-12-28 02:48:21,3,4,1,配吗？
164942,3419,林建华,2022-12-28 02:48:44,3,6,3,收敛于1
165006,3419,林建华,2022-12-28 09:41:08,4,4,0,春春的沙卵
165016,3419,林建华,2022-12-28 10:43:14,5,5,0,honghao呵呵
165113,3419,林建华,2022-12-29 07:47:08,5,6,1,收敛于1
165787,3419,林建华,2023-01-09 17:37:36,1,3,2,傻逼脑瘫儿
166097,3419,林建华,2023-02-11 13:33:59,64,70,6,傻逼正太分布，劳资草泥马，你踏马的真是个人才，贱货，正太正太尼玛正太个球，大家都很努力，一正太迫不得已有多少好好学了的最后3.0、3.3，你踏马是和学生有仇是吧，别人都没有发明正太唯独你个莎碧发明出来了。你是你妈个寄吧。我草你妈啊，你不但发明正太还要让zhgg在査老师替你背锅，人家离任了我们多少个10分才勉强拉到3.8几，我都替zhgg心疼......cnmcnmcnmcnmcnmcnmcnmcnmcnmcnmcnmcnmcnmcnmcnmcnmcnmcnmcnm骂不动了不骂了。\n\n\n\n另：麻烦大家集体举投诉被踩在最下面的评论（不知道这个投诉有没有用），看了那些评论想不通这些人都他妈是些什么垃圾货色玩意（比如有一条称“我浙懒人太多”的，估计也没见你考到清北去吧？你个狗东西也配？）\n\n\n\n最后，做出上述评论的依据绝对是身边（包括自己）已经出现过大量在某节课大量付出却拿低绩点的事实。我觉得至少身边绝大多数人是很努力的。这样的现实出现在大学的教育体制中真的很悲哀。\n\n\n\n希望正太早日滚蛋。
166131,3419,林建华,2023-01-11 07:21:55,3,4,1,呵呵呵
166318,3419,林建华,2023-01-12 02:29:11,7,8,1,收敛于1
166592,3419,林建华,2023-01-13 02:53:18,7,9,2,正态分布去死
167329,3419,林建华,2023-01-15 14:09:05,7,8,1,收敛于1
167477,3419,林建华,2023-01-16 14:20:44,17,17,0,如果所有学生都不会做试卷上的任何一道题，随机选择选项乱答，成绩才是正态分布...\n\n哦，如果是在您的领导下，那学生什么都不会只能乱选也是正常的
167979,3419,林建华,2023-01-21 04:53:19,6,7,1,正态分布遗毒万年
168111,3419,林建华,2023-01-28 09:55:34,5,6,1,虽然未曾谋面 但看到正太就忍不住来评个分
168205,3419,林建华,2023-02-02 08:40:47,2,2,0,111
168329,3419,林建华,2023-02-11 22:40:04,-1,0,1,2023年1月山西省高三年级适应性调研测试：\n\n文综 https://www.doc88.com/p-18373950161509.html\n\n理综 https://www.doc88.com/p-05929762030699.html
168517,3419,林建华,2023-02-19 04:51:07,4,6,2,cnmcnmcnmcnmcnmcnmcnmcnmcnmcnmcnmcnmcnmcnmcnmcnmcnmcnmcnmcnmcnmcnmcnmcnmcnmcnmcnmcnmcnmcnmcnmcnmcnmcnmcnmcnmcnmcnmcnmcnmcnmcnmcnmcnmcnmcnmcnmcnmcnmcnmcnmcnmcnmcnmcnmcnmcnmcnmcnmcnmcnmcnmcnmcnmcnmcnmcnmcnmcnmcnmcnmcnmcnmcnmcnmcnmcnmcnmcnmcnmcnmcnmcnmcnmcnmcnmcnmcnmcnmcnmcnmcnmcnmcnmcnmcnmcnmcnmcnmcnmcnmcnmcnmcnmcnmcnmcnmcnmcnmcnmcnmcnmcnmcnmcnmcnmcnmcnmcnmcnmcnmcnmcnmcnmcnmcnmcnmcnmcnmcnmcnmcnmcnmcnmcnmcnmcnmcnmcnmcnmcnmcnmcnmcnmcnmcnmcnmcnmcnmcnmcnmcnmcnmcnmcnmcnmcnmcnmcnmcnmcnmcnmcnmcnmcnmcnmcnmcnmcnmcnmcnmcnmcnmcnmcnmcnmcnmcnmcnmcnmcnmcnmcnmcnmcnm
169124,3419,林建华,2023-02-24 11:25:34,4,5,1,22级听闻原来是他正太提着刀就来了
169349,3419,林建华,2023-02-25 13:18:31,0,0,0,继续收敛
169355,3419,林建华,2023-02-25 14:35:38,0,1,1,newbee
169391,3419,林建华,2023-02-26 01:56:04,2,2,0,支持收敛
169832,3419,林建华,2023-02-28 05:40:15,-1,0,1,666
169858,3419,林建华,2023-02-28 06:29:11,4,4,0,sbsgj
169860,3419,林建华,2023-02-28 06:38:45,8,9,1,什么时候能收敛到1.00呢😅
169946,3419,林建华,2023-03-31 15:43:46,0,1,1,😅😅😅
170046,3419,林建华,2023-03-01 06:13:12,0,1,1,跟个风
170177,3419,林建华,2023-03-02 01:04:11,1,1,0,呵呵呵
170225,3419,林建华,2023-03-02 05:30:05,2,3,1,乐\n\n乐死\n\n一起乐
170279,3419,林建华,2023-03-02 11:56:29,3,4,1,正太去死
170298,3419,林建华,2023-03-02 14:06:32,1,2,1,正太拉一拉
170472,3419,林建华,2023-03-05 11:55:01,5,6,1,鸿浩之志
170504,3419,林建华,2023-03-06 03:26:36,2,3,1,666
170599,3419,林建华,2023-03-07 05:24:04,0,1,1,喵喵喵
170893,3419,林建华,2023-03-11 11:28:29,9,10,1,你就是一姬吧
170952,3419,林建华,2023-03-13 07:22:36,3,4,1,垃圾正态
170978,3419,林建华,2023-03-13 15:27:23,9,12,3,lj，若智正太看不清丑陋的五官，逆天政策分不清变态的三观，8u们觉得晦气
171284,3419,林建华,2023-03-21 02:08:07,1,3,2,鸿浩之志
171408,3419,林建华,2023-03-23 12:31:22,2,2,0,正太拜拜
171412,3419,林建华,2023-03-23 16:04:14,2,3,1,收敛于一
171675,3419,林建华,2023-03-31 15:41:44,2,3,1,nmsl
171772,3419,林建华,2023-04-04 14:30:39,0,1,1,正态分布给爷爬
171787,3419,林建华,2023-04-05 12:07:20,0,2,2,正态去耜
172210,3419,林建华,2023-04-22 10:28:00,-1,0,1,什么勾八司马东西
172211,3419,林建华,2023-04-22 10:35:13,0,0,0,没码的东西
172224,3419,林建华,2023-04-22 18:11:55,14,14,0,如果一个房间有希特勒、墨索里尼、马里奥和林建华，给我一把枪和三颗子弹，我让马里奥先给林建华一枪，然后让希特勒和墨索里尼一人再补一枪。
172719,3419,林建华,2023-05-05 04:56:23,1,1,0,臭煞笔
172794,3419,林建华,2023-05-07 19:26:14,79,83,4,如果一个房间有希特勒、马里奥和林建华，给我一把枪和三颗子弹，我会先给林建华一枪，然后把枪分别给希特勒和马里奥让他们一人给林建华各补一枪。
173159,3419,林建华,2023-05-14 14:51:05,3,4,1,以事实为依据，以公正为准绳，所以1分
173352,3419,林建华,2023-05-20 16:16:59,5,5,0,正态分布给爷爬！
173942,3419,林建华,2023-07-04 14:07:21,0,1,1,给你打1分
174241,3419,林建华,2023-06-08 06:22:30,3,3,0,司马玩意
174342,3419,林建华,2023-06-10 05:18:22,7,9,2,今天你妈头七
174381,3419,林建华,2023-07-17 10:01:51,53,56,3,林校长看到这些评论不要生气，就当他们骂的不是人qwq
174822,3419,林建华,2023-06-18 14:15:29,11,11,0,听说打卡也是你在任的时候搞出来的？
175164,3419,林建华,2023-07-01 10:32:20,6,7,1,为趋近于1做贡献
175204,3419,林建华,2023-06-22 09:36:11,-1,0,1,正太分布害人不浅
175222,3419,林建华,2023-07-23 08:40:28,6,7,1,艾斯比
175224,3419,林建华,2023-06-22 13:52:21,0,0,0,傻逼6
175225,3419,林建华,2023-06-22 14:07:29,0,0,0,呵呵了
175233,3419,林建华,2023-06-22 14:57:21,1,2,1,sb去死
175235,3419,林建华,2023-06-22 15:17:26,9,9,0,先生之风，山秃水臭
175236,3419,林建华,2023-06-22 15:47:23,3,4,1,正态分布，跑步打卡
175439,3419,林建华,2023-06-25 02:12:08,-1,0,1,呵呵呵
175793,3419,林建华,2023-06-26 15:36:42,2,3,1,为什么要正态分布
176097,3419,林建华,2023-06-27 16:53:37,0,0,0,111
176178,3419,林建华,2023-07-06 03:09:03,12,13,1,草泥🐎了戈壁的正态，班团评议优秀率30%是你吗什么馊主意，加了正态的班团评议绝对是尼玛一个报复社会的傻逼制度
176354,3419,林建华,2023-06-28 13:51:57,0,0,0,11111
177457,3419,林建华,2023-07-03 10:22:33,0,1,1,11111
177995,3419,林建华,2023-07-06 04:53:58,1,2,1,一分好评
178384,3419,林建华,2023-07-11 10:16:45,-1,0,1,sbsb
178456,3419,林建华,2023-07-12 03:14:22,2,2,0,第28任校长处打卡
178494,3419,林建华,2023-07-12 14:32:15,0,1,1,一分谢谢
178495,3419,林建华,2023-07-12 14:34:14,21,25,4,卧槽wtm真想不通，去年入学的时候看评分是1.03，这都快一年了还是1.03，从1.03降到1.02有这么难吗😅是不是有内鬼在打10啊😅
178531,3419,林建华,2023-07-13 15:20:27,5,8,3,路过踩一脚\n\n还有查老师后台可不可以改一下，打不出负分。
178897,3419,林建华,2023-07-30 00:58:13,7,9,2,对浙大没有感情，推行了正态分布，体育打卡等等诸多不合理制度。傻逼玩意儿！怎么半年下来还是1.03，掉到1.02有那么难吗？祝早日收敛于一！
178913,3419,林建华,2023-07-31 02:29:03,3,4,1,出生玩意
179007,3419,林建华,2023-08-19 09:54:54,4,4,0,eye
179030,3419,林建华,2023-08-23 07:38:02,1,3,2,答辩依托
179107,3419,林建华,2023-08-28 03:14:51,0,0,0,ccc
179124,3419,林建华,2023-08-28 07:58:55,2,2,0,哈哈哈
179180,3419,林建华,2023-08-29 11:29:51,4,5,1,为数列收敛做贡献
179205,3419,林建华,2023-08-30 08:13:08,2,2,0,1111111
179206,3419,林建华,2023-08-30 08:31:51,0,2,2,正态分布呵呵呵
179226,3419,林建华,2023-08-31 05:35:49,4,4,0,前人挖坑后人栽
179263,3419,林建华,2023-09-05 04:03:09,-1,0,1,123
179330,3419,林建华,2023-09-11 11:47:00,0,1,1,喜欢我正太吗
179393,3419,林建华,2023-09-14 08:15:39,0,0,0,呵呵呵呵
179459,3419,林建华,2023-09-16 07:17:27,0,0,0,正太分布🤬
179487,3419,林建华,2023-09-17 07:57:07,0,1,1,3个字
179543,3419,林建华,2023-09-18 05:50:14,-1,0,1,好老师，必须一分
179631,3419,林建华,2023-09-19 02:43:35,5,6,1,大家好啊，我是正太
179633,3419,林建华,2023-09-19 03:05:38,0,0,0,s\n\nb
179710,3419,林建华,2023-09-19 12:20:25,0,0,0,qnm的正态
179719,3419,林建华,2023-09-19 13:21:02,1,1,0,好家伙
180033,3419,林建华,2023-09-20 07:10:43,-1,0,1,…………
180092,3419,林建华,2023-09-20 23:59:32,0,0,0,亖🐎正态
180157,3419,林建华,2023-09-20 12:01:23,-166,2,168,真的服了，一帮非人生物自己菜，没p用，还把责任推给校长和制度，自己什么水平心里没点b数吗，就你们这种用正态都是高看你们，换我就全打0分。这就是大名鼎鼎的zju学子捏~
180251,3419,林建华,2023-09-21 00:03:05,0,0,0,T^T
180317,3419,林建华,2023-09-21 05:32:03,6,6,0,初升东曦
180376,3419,林建华,2023-09-21 09:35:54,1,3,2,复习一下极限的定义
180435,3419,林建华,2023-09-21 15:20:00,2,2,0,还能评价嘛
180458,3419,林建华,2023-09-21 17:58:56,14,15,1,楼下那个9.20的，你不要脸
180516,3419,林建华,2023-09-22 07:39:25,5,5,0,未见其人，先被绝世评分震惊一下
180620,3419,林建华,2023-09-23 14:44:07,0,1,1,一分助力
180637,3419,林建华,2023-09-24 04:50:12,-1,0,1,remake
180673,3419,林建华,2023-09-25 00:05:38,2,2,0,喜欢我正态分布吗
180780,3419,林建华,2023-09-26 06:26:37,0,0,0,逆天😂
180846,3419,林建华,2023-09-27 06:33:12,3,3,0,正态哥
180886,3419,林建华,2023-09-27 15:57:35,0,0,0,彼阳初生
180929,3419,林建华,2023-09-28 08:41:08,0,1,1,哈哈哈
180990,3419,林建华,2023-09-30 16:33:28,12,13,1,9.20那个，求求你要点碧莲吧
181007,3419,林建华,2023-10-02 07:17:17,0,1,1,好好好
181207,3419,林建华,2023-10-11 12:44:26,-1,0,1,好好好
181243,3419,林建华,2023-10-12 04:45:23,0,0,0,正态分布
181295,3419,林建华,2023-10-13 08:02:44,0,0,0,不知道
181308,3419,林建华,2023-10-13 14:35:51,1,2,1,驷马正态
181318,3419,林建华,2023-10-14 06:18:41,-1,0,1,艾斯比
181345,3419,林建华,2023-10-15 11:39:04,0,0,0,正太者，呵呵
181346,3419,林建华,2023-10-15 11:50:19,0,0,0,。。。
181420,3419,林建华,2023-10-17 09:32:04,0,1,1,傻狗☹️
181559,3419,林建华,2023-10-23 00:53:26,-1,1,2,sbzt
181980,3419,林建华,2023-11-07 06:22:19,-1,1,2,666
182169,3419,林建华,2023-11-11 08:58:19,-1,1,2,过街老鼠
182206,3419,林建华,2023-11-12 14:20:04,1,3,2,似玛瑙滩
182380,3419,林建华,2023-11-15 11:14:21,1,1,0,cnm
182854,3419,林建华,2023-11-20 16:40:12,0,1,1,正太控真下头
182876,3419,林建华,2023-11-21 02:09:15,2,3,1,正太控给👴死
182944,3419,林建华,2023-11-21 07:42:54,2,4,2,挨千刀的
183251,3419,林建华,2023-11-23 07:00:45,0,1,1,收敛于1
183875,3419,林建华,2024-01-08 12:11:42,2,3,1,司马东西
183958,3419,林建华,2023-12-05 01:26:48,2,4,2,屮氼嫲儍妼
184003,3419,林建华,2023-12-06 05:12:49,0,0,0,zdlj
184094,3419,林建华,2023-12-08 13:46:38,3,4,1,，，，
184120,3419,林建华,2023-12-10 06:09:26,0,1,1,官僚罢了
184340,3419,林建华,2023-12-18 05:24:50,0,1,1,史史史
184425,3419,林建华,2023-12-19 12:38:10,12,16,4,想必你🐴下面都长针眼了吧，全丢的隔壁老王的液体，咸死了，建议你堤防一下你ba，毕竟这么大的儿子还是杂种，不得哪天🐔都被🈹了
184553,3419,林建华,2023-12-21 15:00:41,1,2,1,🐮🐴蝀鸂
184765,3419,林建华,2023-12-22 14:35:30,2,2,0,正态分布，遗臭万年
184823,3419,林建华,2023-12-23 06:59:09,0,0,0,sd正态分布
184837,3419,林建华,2023-12-23 09:02:15,0,1,1,正态快gun'
184854,3419,林建华,2023-12-23 13:13:21,0,0,0,正态！
185046,3419,林建华,2023-12-26 04:19:03,0,0,0,无需多言，快快收敛
185055,3419,林建华,2023-12-26 04:38:44,10,12,2,hong hao之志，没想到闹出这个笑话的竟然是浙大最失败的校长……\n\n您老但凡对浙大有一点点感情，也不能这么搞啊……
185082,3419,林建华,2023-12-26 06:30:11,3,4,1,赶紧死全家
186252,3419,林建华,2024-01-10 05:35:11,19,22,3,不难推测，林校长的这套大学观念，其实还停留在过去高度权威主义的教育体制之中，他眼中中国精英群体的培育方向，不是清醒而富理智的头脑、不是明辨是非而不徇利害的气概、更不是深思远虑不肯盲从的习惯，而还是只是服从、听话、奉献牺牲、自扫门前雪。\n\n这不仅有违科学精神、学问研究的本真，更违背了大学开办及培养人才的初衷。用这套理念指导大学，办科研院所，哪里会有创造性，哪里找寻质疑权威与长官的勇气，又如何让北大及北大精英们走向世界前列领导世界潮流？\n\n希望他在阴曹地府受刑的时候也能贯彻自己的“鸿gu之志”。
189950,3419,林建华,2024-02-03 12:14:46,8,9,1,收敛于0.1145141919810
190181,3419,林建华,2024-02-24 12:22:12,0,0,0,不要再打卡啦
190731,3419,林建华,2024-03-16 10:19:27,0,0,0,正态分布，遗臭万年
190953,3419,林建华,2024-03-25 13:50:20,1,2,1,真是服了，大哥
191976,3419,林建华,2024-05-06 13:58:17,7,7,0,建议把它嘴里耳朵里都灌满迎宾酒和雪\n\n然后扔进黑色高级车里雷普三回啊三回
192449,3419,林建华,2024-05-20 09:15:04,10,10,0,听说你不会读鸿鹄之志
192635,3419,林建华,2024-05-26 05:49:54,1,1,0,sb正态
192651,3419,林建华,2024-05-27 01:58:37,2,4,2,垃圾正态分布，破大防了
192897,3419,林建华,2024-05-31 10:57:03,3,4,1,老登赶紧414
193913,3419,林建华,2024-06-20 16:05:33,3,3,0,fuck
193926,3419,林建华,2024-06-21 01:15:16,1,2,1,鸿浩之志
196692,3419,林建华,2024-07-04 19:05:35,18,18,0,其他校长还有点争议，只有这个是唯一真史
196972,3419,林建华,2024-07-06 07:08:00,0,1,1,快点收敛到1
197074,3419,林建华,2024-07-07 07:05:43,0,1,1,唉瓷器的教育啊，zju什么时候可以top2啊
197194,3419,林建华,2024-07-09 02:01:45,8,11,3,你知道吗？因为正态，我93.5分只能拿4.5，隔壁班91分就能拿5.0
197963,3419,林建华,2024-08-22 00:35:29,7,7,0,唯一真史
197982,3419,林建华,2024-08-22 07:38:00,0,0,0,逆天东西
198102,3419,林建华,2024-08-30 12:52:19,2,2,0,呵呵呵
198146,3419,林建华,2024-09-02 15:20:21,3,3,0,傻逼东西
198271,3419,林建华,2024-09-06 03:52:48,10,10,0,幽默1.0 一看原来是正太之父
198482,3419,林建华,2024-09-09 07:30:10,4,4,0,命不久矣
198618,3419,林建华,2024-09-10 08:49:10,4,4,0,离大谱
198869,3419,林建华,2024-09-12 09:15:47,14,15,1,很遗憾，林建华老B登在正态审核中评定为不通过。
199108,3419,林建华,2024-09-18 01:22:18,0,1,1,没马东西
199380,3419,林建华,2024-09-22 12:52:01,4,5,1,跟空空日记一起得ai吧
199535,3419,林建华,2024-09-25 04:27:04,4,5,1,🐎🐎被🚗🛏④了
199628,3419,林建华,2024-09-26 11:00:09,2,2,0,助力收敛
199681,3419,林建华,2024-09-27 12:10:47,8,8,0,原来正态是你搞出来的
199817,3419,林建华,2024-09-30 07:25:24,0,1,1,助力收敛
199876,3419,林建华,2024-10-06 05:03:22,1,2,1,思慕了
200001,3419,林建华,2024-10-10 16:00:59,2,2,0,正态！！！
200084,3419,林建华,2024-10-12 14:24:19,0,1,1,正太司马！
200170,3419,林建华,2024-10-14 11:01:24,8,8,0,1.03到1.02太不容易了，趁这个机会再来踩一脚
200174,3419,林建华,2024-10-14 11:38:01,0,0,0,听说你还被请回来讲座了？
200237,3419,林建华,2024-10-15 05:19:23,5,6,1,唯一真史，好不容易到1.02了，不过想降到1.01，还需要差不多726人
200304,3419,林建华,2024-10-15 14:39:15,1,1,0,辣鸡老师
200364,3419,林建华,2024-10-16 08:28:52,2,2,0,无需多言
200394,3419,林建华,2024-10-16 14:07:56,3,5,2,就是什么时候1.01了什么时候我们就胜利了
200411,3419,林建华,2024-10-17 05:14:27,40,42,2,和杜江峰争夺最差校长的位置，结果待定。两人各有各的差，林是搞出正态分布折腾学生，杜是尸位素餐三心二意胡作非为损害浙大学科建设和综合实力，共同点是都对浙大没有感情，当作自己升官的跳板
200458,3419,林建华,2024-10-17 08:00:42,0,0,0,。。。
200488,3419,林建华,2024-10-17 14:18:13,1,2,1,shi
200535,3419,林建华,2024-10-18 10:03:01,0,0,0,.....
200563,3419,林建华,2024-10-19 05:41:27,0,1,1,一脱⑩
200660,3419,林建华,2024-10-20 15:10:17,2,2,0,一目了然，不言而喻，前人之述足以说明。
200691,3419,林建华,2024-10-21 03:44:54,0,1,1,无敌了
200770,3419,林建华,2024-10-22 06:21:40,0,0,0,666
200797,3419,林建华,2024-10-22 12:38:33,0,0,0,...
200799,3419,林建华,2024-10-22 12:48:02,1,1,0,滚呐正态分布
200851,3419,林建华,2024-10-23 11:16:05,5,5,0,没文化，把大学高中化的臭傻逼
200863,3419,林建华,2024-10-23 14:53:02,-1,0,1,。，，
200977,3419,林建华,2024-10-26 02:13:18,2,2,0,正太闹麻了
201081,3419,林建华,2024-10-28 08:50:45,0,1,1,正太之父
201467,3419,林建华,2024-11-28 13:08:03,-47,10,57,林校长还是很热爱浙大的，这一点，打10分
201485,3419,林建华,2024-11-04 00:16:24,0,0,0,正太仙人
201535,3419,林建华,2024-11-04 06:34:46,3,4,1,助力变成1.01
201564,3419,林建华,2024-11-04 11:08:07,1,1,0,正态分布去死
201587,3419,林建华,2024-11-04 14:34:34,13,13,0,没想到居然还会有比林建华更差的校长
201696,3419,林建华,2024-11-05 12:59:11,0,0,0,私募了
201987,3419,林建华,2024-11-08 03:15:09,2,2,0,正太控去死！！！
201999,3419,林建华,2024-11-08 04:17:29,0,0,0,。。。
202019,3419,林建华,2024-11-08 08:14:39,0,0,0,助力收敛
202050,3419,林建华,2024-11-08 15:17:13,-1,0,1,终于没正太了
202055,3419,林建华,2024-11-11 09:47:35,30,31,1,某人要输林建华了
202156,3419,林建华,2024-11-10 06:06:41,0,1,1,沙壁草泥马
202190,3419,林建华,2024-11-19 06:12:29,41,41,0,从98来看，林建华虽以浙大为跳板，但在对外政绩方面没有乱搞（化工那位大佬被送进去的恩怨另说），至少一些年纪较大的老师不否认其对四校合并的巩固以及一些新人才的承上启下，貌似百人计划研究员就是他任期内推出的。也因为其任内浙大属于上升期，很多老师并不反对他，甚至还邀请他回来过吧！当然，能想出下限正态这个属实是乱搞，可以说是误人子弟。\n\n但是总的来看应该比杜江峰好一点，至少林建华还是想搞点成绩升官回北大，对外成绩也不算太差（现在来看），可以说是守成稳进。杜三天两头回安徽回科大而且就如众人所云，那直接是原地倒退了。符号变了就没什么好说的了。
202285,3419,林建华,2024-11-11 08:13:02,1,2,1,一坨💩
202327,3419,林建华,2024-11-11 15:38:47,1,1,0,正太鸟人
202330,3419,林建华,2024-11-11 15:41:50,0,0,0,正太控我操你妈
202399,3419,林建华,2024-11-12 10:41:03,-1,0,1,无敌了
202582,3419,林建华,2024-11-13 08:18:19,0,1,1,是不是史上最差浙大校长？
202703,3419,林建华,2024-11-14 02:34:15,1,1,0,正态史
202787,3419,林建华,2024-11-14 10:55:01,2,3,1,被正态了高兴捏
202920,3419,林建华,2024-11-30 19:56:01,55,58,3,杜江峰不如林建华，林建华至少不在学科建设上搞破坏，扰乱浙大生态
203132,3419,林建华,2024-11-17 07:45:55,30,30,0,浙大最差校长争霸赛总决赛\n\n林建华               VS                蠹僵疯\n\n大招：正态分布                    大招：闪现科大\n\n                                        狂犬吠文科\n\n                                        扰乱学科建设\n\n通用技能：上述两生物均可以浙大为泉水，停留浙大一段时间后，仕途属性提升50%，金币获取属性提升100%
203134,3419,林建华,2024-11-17 08:10:05,2,2,0,没文化，没水平，瞎指挥。我看他和某某某可以坐一桌
203149,3419,林建华,2024-11-28 11:31:39,3,11,8,送挽联一副：\n\n上联：林建华千古\n\n下联：浙大师生万岁
203175,3419,林建华,2024-11-17 15:03:15,0,0,0,正太受害者
203392,3419,林建华,2024-11-26 14:08:31,36,40,4,给老师2分，因为不能比牢杜还低
203451,3419,林建华,2024-11-19 15:22:15,18,18,0,林建华和蠹僵疯在下一盘象棋\n\n车 相侍帅仕相 车\n\n  \n\n 炮        炮\n\n兵 兵 兵 兵 兵\n\n楚河    汉界\n\n卒 卒 卒 卒 卒\n\n 炮      炮\n\n\n\n车 象士将士象 车
203502,3419,林建华,2024-11-20 01:24:10,9,10,1,未曾见过你，但却常听到你的名号在江湖流传，不管怎么样，谢谢你为djf挡刀，建议djf早日向你看齐，选择你的结局
203790,3419,林建华,2024-11-21 05:28:04,7,10,3,一年一度给你上坟来了
203876,3419,林建华,2024-11-27 09:38:53,34,38,4,两分，因为出现了比你还低的
203964,3419,林建华,2024-11-22 08:59:30,3,4,1,唉，牢林！牢杜也干了！
204241,3419,林建华,2024-11-25 04:44:56,11,11,0,依托答辩，虽然快被老杜赶上了
204301,3419,林建华,2024-11-25 07:07:52,5,7,2,给你两分，比牢杜高一点
204368,3419,林建华,2024-11-25 12:43:15,4,4,0,正态分布呵呵
204392,3419,林建华,2024-11-25 15:10:53,0,2,2,助力探底，超过牢杜
204433,3419,林建华,2024-11-26 01:40:52,13,13,0,恭喜老林啊，后继有人了
204504,3419,林建华,2024-11-26 09:33:47,0,1,1,林校长
204586,3419,林建华,2024-11-27 02:16:13,1,2,1,史翔史
204605,3419,林建华,2024-11-27 03:47:43,1,1,0,不予置评
204669,3419,林建华,2024-11-27 08:52:19,9,9,0,支持浙人治浙
204703,3419,林建华,2024-11-27 12:00:15,4,6,2,怎么还是比牢杜低
204738,3419,林建华,2024-11-27 14:36:21,2,3,1,煞笔，滚出浙大
204782,3419,林建华,2024-11-30 05:17:28,3,12,9,助力超过老杜
204790,3419,林建华,2024-11-28 02:15:31,0,2,2,讲的很好
204831,3419,林建华,2024-11-28 05:27:49,5,10,5,稍微平衡下，不能比牢杜低吧
204838,3419,林建华,2024-11-28 05:49:11,-12,4,16,助力超过djf
204857,3419,林建华,2024-11-28 07:18:39,28,32,4,小生认为，不能因为希望djf收获最低评分就昧着良心给ljh打高哪怕一点点……\n\n正态这种东西真的不是正常人能想出来的东西啊……
204859,3419,林建华,2024-11-28 07:25:37,-5,5,10,不能比🐝低
204881,3419,林建华,2024-11-28 09:22:52,-8,4,12,给你个3分吧，毕竟怎么能让你垫底呢？
204888,3419,林建华,2025-01-06 08:41:48,30,34,4,林搞正态，确实不及格。但是林的时候浙大综合实力是上升的，林没有整天回北大，更没有打压人文学科，浙大人文高等研究院和文科百人计划也有他的功劳。\n\n如果打分，竺可桢95分，路甬祥90分，吴朝晖杨卫85分，潘云鹤75分，林建华55分，杜江峰15分。杜才是名副其实的史上最差校长，最低分的位置该换人了
205018,3419,林建华,2024-11-29 15:42:26,7,9,2,喜欢正太，心理变态
205049,3419,林建华,2024-11-30 09:18:38,0,2,2,助力老杜
205050,3419,林建华,2024-11-30 09:47:34,27,30,3,正太分布真的恶心坏了……真的没得洗，至于和djf比烂，应该是把djf往1.01乃至1.00刷，而不是在这里刷高分。
205347,3419,林建华,2024-12-04 14:06:42,1,1,0,特乐\n\nОжиг
205504,3419,林建华,2024-12-08 06:26:18,1,2,1,正态分布死吧
205721,3419,林建华,2024-12-11 12:20:22,1,1,0,dsb
206279,3419,林建华,2024-12-13 13:21:33,14,15,1,没别的理由，至少不能比牢杜低
206511,3419,林建华,2024-12-15 15:33:57,-1,1,2,还好吧
206569,3419,林建华,2024-12-16 07:06:39,1,1,0,讨厌正态分布
207363,3419,林建华,2024-12-21 02:32:02,1,1,0,密码的正太
207535,3419,林建华,2024-12-23 02:05:59,2,2,0,现在正态分布是不是改好了一点？
207809,3419,林建华,2024-12-24 10:56:51,3,4,1,比牢杜好
208420,3419,林建华,2024-12-27 12:18:13,6,6,0,我没见过你，但是我知道你是sb
208557,3419,林建华,2024-12-29 11:17:01,1,1,0,111
210268,3419,林建华,2025-01-10 08:05:05,1,2,1,助力收敛
213703,3419,林建华,2025-01-19 08:19:36,1,1,0,助力排名
213989,3419,林建华,2025-02-01 01:32:54,8,10,2,楼下说“不能比牢杜低”的，真应了这句话！\n\n蠹僵疯已经被刷到1.01了！
214207,3419,林建华,2025-01-28 06:57:15,23,24,1,林虽然谈不上是个大有作为的校长，但比杜还是好很多的，做校长期间起码做到了人一直待在浙大，很多人才政策起到了承前启后的作用，比如百人计划研究员和文史哲基础学科振兴，没有他的力主，是没有后面朝晖大手笔引进人才的事情的，他的北大背景为浙大的学科建设是起到积极作用的。至于杜，除了不作为就是乱作为，浙大给他房子他去住酒店，缺席一大堆重要会议，完全不调研就以傲慢的态度破坏浙大生态，耽误浙大发展。相信以后的历史会有公正评价
214522,3419,林建华,2025-02-11 05:20:50,4,5,1,比杜高好几个层次，起码不折腾，认真调研
214764,3419,林建华,2025-02-17 14:22:36,0,5,5,林公千古
214773,3419,林建华,2025-02-18 00:48:13,1,1,0,666
215150,3419,林建华,2025-02-23 02:15:21,7,8,1,正太分布真的恶心坏了……真的没得洗，至于和djf比烂，应该是把djf往1.01乃至1.00刷，而不是在这里刷高分。
215257,3419,林建华,2025-02-25 02:40:14,14,14,0,林建华：1.02\n\n蠹僵疯：1.01\n\n只能说全靠同行衬托
216384,3419,林建华,2025-03-15 05:58:24,6,7,1,林搞正态，确实不及格。但是林的时候浙大综合实力是上升的，林没有整天回北大，更没有打压人文学科，浙大人文高等研究院和文科百人计划也有他的功劳。\n\n如果打分，竺可桢18972025分，路甬祥1897202分，吴朝晖杨卫189720分，潘云鹤1897分，林建华-114514分，杜江峰-1145141919810分。杜才是名副其实的史上最差校长，最低分的位置该换人了
217869,3419,林建华,2025-04-17 09:08:38,0,0,0,讨厌正态
218039,3419,林建华,2025-04-19 13:28:02,3,3,0,比杜江峰强
219304,3419,林建华,2025-05-24 12:27:32,-1,0,1,高山仰止
219681,3419,林建华,2025-06-04 04:24:28,0,0,0,🤮🤮🤮
3247,3420,潘云鹤,2015-05-23 09:32:53,4,8,4,好！
3789,3420,潘云鹤,2015-06-17 04:22:25,13,19,6,合并的风云校长
4367,3420,潘云鹤,2015-06-19 14:28:17,124,132,8,酷爱写牌匾，
6050,3420,潘云鹤,2015-07-10 13:11:44,37,40,3,给分还不错，课堂测验就是摹写蓝田那块大牌子的的蓝田两个字
6571,3420,潘云鹤,2015-07-15 13:23:39,8,11,3,字写得不错
23047,3420,潘云鹤,2016-03-16 12:55:01,1,5,4,可以可以
24684,3420,潘云鹤,2016-11-10 15:03:21,83,95,12,浙大文科就是毁在这实用主义的老头手里。
32788,3420,潘云鹤,2016-07-13 16:53:46,17,17,0,就知道写字
33918,3420,潘云鹤,2016-09-23 00:30:09,1,4,3,上完思修课来看看
38382,3420,潘云鹤,2019-09-30 13:38:50,96,102,6,我们高中的牌匾也是他写的\n\n这人到处乱写字
51305,3420,潘云鹤,2017-05-30 06:48:58,72,75,3,最后的大作业是找出紫金港所有他的题字并赏析。
100206,3420,潘云鹤,2019-01-25 23:15:20,13,20,7,工科思维管文科，垃圾校长
104269,3420,潘云鹤,2019-03-15 10:55:32,-25,17,42,别扯了 浙大文科一直以来都不咋样 是一人之过？
104314,3420,潘云鹤,2019-03-17 23:07:17,0,4,4,好不一样
104727,3420,潘云鹤,2019-03-26 14:44:23,0,7,7,别乱喷鸭
107622,3420,潘云鹤,2019-05-07 23:13:10,7,8,1,爱慕虚荣
115516,3420,潘云鹤,2019-07-31 15:00:33,58,59,1,浙大涂鸦王
125493,3420,潘云鹤,2020-09-10 11:11:52,1,3,2,好好好
127769,3420,潘云鹤,2020-11-26 17:28:54,14,14,0,经常点名  最会题字的老师
129078,3420,潘云鹤,2020-12-30 01:15:47,1,6,5,虽说是院士，但没有什么架子呀，挺不错的
151475,3420,潘云鹤,2022-03-04 07:09:33,6,6,0,爱题字
158776,3420,潘云鹤,2022-07-02 03:46:04,1,2,1,字不错
160350,3420,潘云鹤,2022-09-20 03:07:39,7,12,5,长期来看 一定是浙大几任校长里政绩最好的
178454,3420,潘云鹤,2023-07-12 03:13:49,3,3,0,第26任校长处打卡
193371,3420,潘云鹤,2024-06-07 12:47:00,0,2,2,潘校长可是学贯艺理的人物
198147,3420,潘云鹤,2024-09-02 18:50:51,8,8,0,此公雅好题字，学院，宿舍区等地随处可见其笔迹
199501,3420,潘云鹤,2024-09-24 15:23:26,0,2,2,今天心情不好
201400,3420,潘云鹤,2024-11-01 17:26:16,5,5,0,平庸的校长，学科建设不如杨卫，吴朝晖
202346,3420,潘云鹤,2024-11-12 02:15:17,1,2,1,潘校长是新浙大的功勋人物，太祖！
210275,3420,潘云鹤,2025-01-08 15:50:07,0,1,1,这名字让人想起云中鹤…
216335,3420,潘云鹤,2025-03-13 12:17:55,1,1,0,贡献之一是培养出了吴朝晖
3246,3421,路甬祥,2015-05-23 09:32:26,25,26,1,好！
4449,3421,路甬祥,2015-06-23 08:07:47,20,23,3,中科院院长求罩~
10897,3421,路甬祥,2015-11-23 08:31:56,2,5,3,哈？？
33253,3421,路甬祥,2016-09-16 16:09:54,2,4,2,好好好
34332,3421,路甬祥,2016-10-03 08:12:30,4,5,1,爽爽爽
48457,3421,路甬祥,2017-03-05 05:12:30,10,10,0,厉害！
51030,3421,路甬祥,2017-05-15 01:22:40,8,9,1,路院长威武
58332,3421,路甬祥,2017-08-29 01:55:03,18,18,0,两院大佬→_→
59229,3421,路甬祥,2017-09-20 09:40:23,68,74,6,记得小学的时候学过他写的的一篇课文《呼风唤雨的世纪》……感觉这个人不一般，就记住了这个人的名字，没想到是我们的前任校长！
59872,3421,路甬祥,2017-09-28 02:44:19,6,6,0,威武
61792,3421,路甬祥,2017-11-21 02:45:26,15,15,0,出分前膜一发
75768,3421,路甬祥,2018-03-17 02:44:18,3,4,1,超级棒
87211,3421,路甬祥,2018-09-22 15:51:12,1,2,1,٩(❛ัᴗ❛ั⁎)
87889,3421,路甬祥,2018-10-17 02:37:44,17,17,0,浙大历史上第二杰出的校长。
89669,3421,路甬祥,2018-11-20 07:38:48,13,14,1,作为老乡，一定要给10分
111936,3421,路甬祥,2019-07-03 03:35:53,51,53,2,竺可桢定“求是”，路甬祥定“创新”，“求是·创新”的校训正是由这两位校史上最杰出校长确定的，竺校长促成了浙大的腾飞，路校长开启了浙大的复兴，功勋卓著，彪炳校史！
115538,3421,路甬祥,2019-08-01 19:49:13,32,35,3,为什么会有一半的同学觉得我会点名？
115789,3421,路甬祥,2019-08-20 09:47:42,1,1,0,太好了吧！！
117707,3421,路甬祥,2019-09-29 13:01:37,21,22,1,如果和竺校长还在的话，浙大也不会是现在这样了吧？
128098,3421,路甬祥,2020-12-07 07:36:08,0,0,0,测测测
132908,3421,路甬祥,2021-02-04 17:15:18,0,0,0,歪瑞古德
134909,3421,路甬祥,2021-04-22 05:01:44,10,10,0,小学开始就上他的课了
168510,3421,路甬祥,2023-02-19 04:21:42,17,17,0,浙大校史上地位、功绩仅次于竺可桢的校长，官至副国级
170654,3421,路甬祥,2023-03-07 15:35:39,3,3,0,路校长好~
170829,3421,路甬祥,2023-03-10 07:22:16,0,1,1,真的好
178453,3421,路甬祥,2023-07-12 03:13:30,1,1,0,第25任校长处打卡
178876,3421,路甬祥,2023-07-27 02:58:22,0,0,0,好！！
179071,3421,路甬祥,2023-08-27 12:02:52,2,2,0,作为老乡，必须狠狠支持
183876,3421,路甬祥,2023-12-02 04:50:26,0,0,0,专业课老师上课的时候有提到路校长，敬佩
202897,3421,路甬祥,2024-11-15 04:46:12,22,23,1,路校长把杜江峰带走吧，求求您了，他不配
210270,3421,路甬祥,2025-01-08 15:36:50,7,7,0,说带走djf的，路校长还在世呢😂，别这么说，不吉利
204635,10734,沈善洪,2024-11-27 07:05:09,3,3,0,赞赞赞
205424,10734,沈善洪,2024-12-06 04:36:37,2,2,0,怀念沈校长就是怀念我们逝去的人文（djf时代留）
209547,10734,沈善洪,2025-01-06 08:37:00,2,2,0,杜江峰随意拍脑袋打压浙大人文学科，对得起沈老校长吗
216408,10734,沈善洪,2025-03-16 04:44:37,0,0,0,一个字，好。
