评论id,老师id,老师姓名,发表时间,点赞减去点踩数量,点赞量,点踩量,内容
8353,11,陈烨,2015-09-19 05:29:17,0,4,4,炒鸡好
24233,11,陈烨,2016-10-21 12:49:41,5,13,8,老师超帅！声音巨好听！给分又好！秒变迷妹啊啊啊啊啊啊\n\n
24234,11,陈烨,2016-04-28 15:59:51,2,5,3,给分很好\n\n
24253,11,陈烨,2016-04-29 01:42:49,2,5,3,给分超好！！！基本高中知识（适合刷分）老师人也很nice
50291,11,陈烨,2017-05-02 07:53:34,0,6,6,该老师吓打分
50461,11,陈烨,2017-05-03 04:52:48,-1,2,3,认真听会很有收获，但不听也没有什么.除了专业知识，老师也会讲一些有趣的故事.
50942,11,陈烨,2017-05-09 13:54:07,-2,4,6,给分高不解释。
78101,11,陈烨,2018-05-09 10:20:47,-3,2,5,长得帅给分好
78548,11,陈烨,2018-05-13 01:49:04,-4,3,7,老师人帅声音好听！给分巨好！上课很轻松，没有任何硬性要求，只有一篇课程小论文和一个ppt，没有考试！哇竟然满了，开心！
86981,11,陈烨,2018-09-20 00:55:42,-4,1,5,超级温柔的老师，上课也很有意思
106810,11,陈烨,2019-04-29 23:58:39,-5,1,6,很棒！
135089,11,陈烨,2021-04-30 02:52:05,-7,1,8,估计全员4.8吧
140597,11,陈烨,2021-09-14 06:10:23,0,4,4,老师很温柔人很好
172898,11,陈烨,2023-05-09 12:50:57,0,0,0,23年春学期细胞工程。老师人很好，给分很好，考的都是上课讲过的/书上有的，大部分是浙江省生物选修三的拓展加深内容，如果以前学得好考试可以不用花很多时间复习。考试形式是选择、名词解释和论述题。
192005,11,陈烨,2024-05-07 09:06:17,0,0,0,24春学期上课，最后纸质签名一次，画思考题重点，平时上课像科普，给分与期末答题关系很大，需要了解老师讲的东西，不挂人，但高分也没那么容易的
200493,11,陈烨,2024-10-17 15:37:37,4,5,1,哒哒哒，我们班主任，人帅，脾气好，有同学当面开大说联系不上班主任，当场抱歉回复，同时开会也是随和，很好的老师
205442,11,陈烨,2024-12-06 10:15:44,4,4,0,班主任，人巨好，无脑冲！！！
218157,11,陈烨,2025-04-24 00:30:47,2,2,0,细胞工程考试有点黑化了，范围比较广，需要前置知识。但是老师讲课确实非常耐心有趣，期末考完也在捞捞，就我个人感觉还是很捞的，两次签到的情况下平时分也基本给满。如果对前置知识掌握的比较好还是很推荐的。
218377,11,陈烨,2025-04-23 04:07:07,-1,1,2,老师好像黑化了，细胞工程别选！！\n\n“我们这个课程，最后总评80分以下同学都需要深刻反省一下自己的学习态度”\n\n“70分以下的同学，自己明白，说实在话是配不起求是学子这个称号了”\n\n\n\n今年卷子纯考素养灵活得离谱……
218520,11,陈烨,2025-04-24 06:53:01,2,2,0,老师黑化了。。。。。感觉人很好，但是考试好像没怎么捞
50926,38,莫肖蓉,2017-05-09 06:37:02,2,2,0,很好的呀！
87503,38,莫肖蓉,2018-09-30 03:10:49,0,3,3,讲课很乱，没有主线，ppt就是课本内容，上课听不懂看书吧
88582,38,莫肖蓉,2018-11-02 03:13:40,0,0,0,Horrible
91116,38,莫肖蓉,2018-11-30 11:39:23,1,1,0,老师的课挺有意思的
102081,38,莫肖蓉,2019-01-30 10:51:34,20,24,4,我永远怀念张三基因
125195,38,莫肖蓉,2020-09-03 10:37:40,5,5,0,www，给了我4.8，谢谢老师
125250,38,莫肖蓉,2020-09-04 13:43:29,-12,6,18,老师给所有人都4.8吗？？
194063,38,莫肖蓉,2024-06-21 20:17:51,0,0,0,求过求过求过
201940,38,莫肖蓉,2024-11-07 13:46:32,2,2,0,给分一般
98099,47,程磊,2019-01-23 05:19:16,31,33,2,老师我听不懂你在说什么呜呜呜
170445,47,程磊,2023-03-05 04:15:43,10,10,0,和常杰有的一拼了哈哈哈哈
170512,47,程磊,2023-03-06 03:55:17,11,13,2,sb老师不愿再多说，啥问题都是已读不回，给分超级烂讲课让人昏昏欲睡，确实和常杰有的一拼了
170513,47,程磊,2023-03-06 03:58:11,8,8,0,真的很无语，一分送上，谁来救救生态学子（哭
170579,47,程磊,2023-03-07 01:52:26,6,6,0,不愿多说（悲伤）必修课没办法，只能奉劝各位千万不要迟到吧
181364,47,程磊,2023-10-16 03:23:13,2,2,0,上课听不太懂，每节课点名，上课提问有点无厘头和不知所云
181697,47,程磊,2023-10-28 09:43:15,2,2,0,纯纯的sb老师\n\n讲课讲得一坨屎，事儿还巨多，上课提问不知所云
181882,47,程磊,2023-11-03 06:19:11,2,2,0,上课点名莫名其妙，悄悄把数字写到黑板角落，谁能看得到？
185407,47,程磊,2023-12-29 02:21:13,3,3,0,既然忙得连传课件的时间都没有，就干脆别开课了\n\n好好当你的领导去呵呵呵呵呵呵呵呵呵
185853,47,程磊,2024-01-05 03:00:39,5,5,0,傻逼，来了都不知道签到了，发给他的签到消息两个月未读
186030,47,程磊,2024-01-08 02:16:35,6,6,0,b老师人傻逼事情多，上课上的烂，ppt做的烂，喜欢点名喜欢提问，点名生怕别人听清了一样，还不传ppt，把屎当宝贝捂着
186106,47,程磊,2024-01-08 11:52:56,4,4,0,sb cl 滚出生科院
186597,47,程磊,2024-01-12 04:07:36,3,3,0,这位和常杰葛莹是一个水平的
187764,47,程磊,2024-01-17 10:26:37,6,6,0,老师每节课上课都要可汗大点兵，上课也不知道在讲什么，根本听不懂，可不可以不要执着于英文课件了（悲）
187798,47,程磊,2024-01-17 13:16:21,3,3,0,煞笔，不多说，孤高自傲，讲课依托，要求不明，请假不批，钉钉不回
189383,47,程磊,2024-01-23 15:17:25,6,9,3,给分不好，上课听不懂，ppt乱七八糟。\n\n感谢施涵学姐的资料。\n\n建议想自学的同学可以参考北京师范大学《基础生态学》，可一天速成。
189387,47,程磊,2024-01-23 15:39:50,4,4,0,我永远忘不了找他补签的时候他那种鄙夷的眼神
189388,47,程磊,2024-01-23 15:40:24,4,4,0,恶心，人模狗样，傻逼玩意，给分巨烂，啥玩意教不懂。
189389,47,程磊,2024-01-23 17:30:58,6,7,1,一个只会用签到留住学生的老师，上课完全听不懂在说什么。上课喊同学回答问题，看似互动，其实听课破碎感，效果极差。生态学基础及实验课程设置及其无语，在签到作业齐全的情况下，因为一道大题单个知识点盲点直接-20，导致绩点下3。考前的复习感觉像个笑话。课程的设置一不合理，二考核方式不够系统全面，以及为难学生不是什么值得骄傲的事。
189393,47,程磊,2024-01-23 18:29:39,4,4,0,点名占10%，实验占30%，期末占60%。\n\n点名全到，报告全交，展示认真准备。\n\n期末β多样性公式没记对，其他基本会，绩点2开头。。。
189414,47,程磊,2024-01-24 03:32:04,11,11,0,宝宝，你是依托答辩，你上课讲的是一种类似汉语的小语种
189427,47,程磊,2024-01-24 06:03:30,6,6,0,sb老师，给分很迷，明明努力了一个学期，最后绩点才3.0
192324,47,程磊,2024-05-15 07:08:49,4,4,0,生态第四幻神初具雏形
193628,47,程磊,2024-06-14 05:09:00,1,1,0,哈哈哈哈哈哈哈哈哈哈，这！就！是！生！态！
193629,47,程磊,2024-06-14 05:13:02,2,2,0,数学界和字母界的二把手
199931,47,程磊,2024-10-08 14:46:11,3,3,0,真是和常杰两个几把放一个锅里炒，一个几把味
203686,47,程磊,2024-11-20 12:56:18,12,12,0,（ps：查老师看起来是重名老师/笑哭，为了避免扰乱评分我打了目前的均分2然后写的这条评论\n\n信电的cl，好，讲课好给分好ddl设置友好，作业截止到考试前一天，大作业考试后一周内\n\n信电矩阵论cl老师10分！！成绩也出得我惊喜
203803,47,程磊,2024-11-21 06:25:14,3,3,0,上课确实听不懂...生态学本身就是一个需要很多数学基础的课程，老师自己说不明白，而且还很自信的用英语授课。\n\n前半节课听半天甚至开AI助手识别PPT，第二节课因为手机闹钟响了，然后被拎起来阴阳了五分钟（好像是在说我用AI的事情，反正就比较生气这样）。\n\n后半节课确实在玩手机没认真听课，确实是理亏，但感觉老师确实有点借题发挥。\n\n算了，看最后给分吧
213681,47,程磊,2025-01-19 06:19:15,0,0,0,考完一年了，想起cl的生态学基础就犯ex，讲课云里雾里，考核非常不合理（不知道今年怎么样），现在开始盼着重开生态学甲了。。。
213723,47,程磊,2025-01-19 09:19:37,3,3,0,上课一坨，给分一坨，ppt一坨，总之就是一坨
214077,47,程磊,2025-01-23 12:13:25,0,1,1,讲课烂就算了，还特别喜欢可汗大点兵，一坨。。
4688,54,徐程,2015-06-26 05:15:57,-3,7,10,讲课超好
9025,54,徐程,2015-10-10 05:15:41,0,5,5,鼓励自主学习
9366,54,徐程,2018-08-25 16:24:52,5,21,16,sb吧，迟到两分钟不让进什么鬼
9483,54,徐程,2015-10-28 13:00:14,4,15,11,我觉的还是蛮好的啊
10794,54,徐程,2015-11-23 05:28:33,5,14,9,上实验课还是很有意思的……不过最后的实验报告可能会比较多……
11295,54,徐程,2015-11-26 09:38:59,-3,3,6,挺不错的
24252,54,徐程,2016-04-29 01:05:00,2,8,6,老师很和蔼，上实验课很有意思，做自主实验会把整个实验室放手给我们用，鼓励自主动手，很有意思
34893,54,徐程,2016-10-26 08:56:49,1,7,6,旁边做实验的大兄弟每一步都是错的，眼看就要发火了硬是忍住了，老师挺不错的。
35819,54,徐程,2016-11-10 08:18:22,-3,6,9,很祥和
36756,54,徐程,2016-11-16 02:12:49,2,5,3,………………
37898,54,徐程,2018-08-26 07:15:36,3,16,13,SB老师，对学生一点耐心没有，犯一点错就瞎bb，真tm想呼他一巴掌
45931,54,徐程,2017-12-28 03:08:47,0,4,4,老师好认真好负责的（所以要求也比较严，不过学了很多细致操作，老师会帮你考虑到很多东西，做实验真的超好~
50798,54,徐程,2017-05-05 14:04:33,5,14,9,给分真的低，不在乎绩点的话还是挺有意思的
58557,54,徐程,2017-09-03 02:34:27,-3,3,6,上的生物信息，小学期的课。任务重。挺好的讲的。
72068,54,徐程,2018-08-27 08:07:55,1,7,6,死水死辣鸡。。。。上课就是胡扯。给分超级坑，绩杀！绝对的绩杀！脾气非常差劲，拉低我浙教师整体水平。还在课堂上向学生推销铁皮石斛，败类！
86140,54,徐程,2018-09-07 14:35:01,3,3,0,第一节思政课
86415,54,徐程,2018-09-15 13:17:53,3,7,4,lj啊
87246,54,徐程,2018-09-26 05:36:10,3,3,0,。。。。
89427,54,徐程,2018-11-19 05:25:46,3,4,1,还好吧，人很和蔼，但给分实在不高
89643,54,徐程,2018-11-20 06:01:06,-1,1,2,除了嗓门有点大，老师真的很好，给分也高。这门通识选修，你值得拥有！
89894,54,徐程,2018-11-21 07:23:32,0,2,2,其实老师给分很高的啊...我实验失败了论文都写成垃圾了还给了我3.9。老师上课态度也很好，没有前面说的那么可怕
91408,54,徐程,2018-12-09 07:36:30,-1,3,4,实验都做不来不知道你们怎么考上大学的
92591,54,徐程,2019-01-03 05:07:08,0,3,3,基础植物克隆。大学以来第一门通识，也是这门课，会特意花时间手把手教查文献。论文会给模板，无论是理论还是实践都学到很多，一点也不水。老师给分很公平了，只要最后的自主实验是成功的，绩点都不会太差。所以自主实验大家就做简单的别放飞自我了。
93777,54,徐程,2019-01-13 13:19:21,2,3,1,体验极差，给分很迷。
99145,54,徐程,2019-01-24 10:22:05,1,3,2,是秋学期上的他的克隆通识。接触时间不多，但觉得老师挺负责的，虽然脾气有一点急嗓门有一点大，整体体验还是不错的。
100375,54,徐程,2019-01-26 04:00:53,1,3,2,确实能学到东西，但是给分真的迷，辛辛苦苦一学期，所有任务都很认真的在做，也努力在老师面前刷存在感，结果还是被拉绩点，我也是服的
104263,54,徐程,2019-03-15 08:10:21,4,5,1,选了生命科学导论实验，植物组培那一节课是他上的，感觉讲课水平还是可以的。\n\n  但是做实验的时候被凶的很惨，可能是我点背吧。上课讲的很快，教材的实验步骤又很笼统，操作出点差错也很正常吧。然而直接被扣上上课不听讲的帽子（嗓门奇大），exm？\n\n  不知道为啥那么在意生物高考题，课件就出了好几道。课后还问第一排的女生是哪个省哪个学校的。然后就说你们学校生物出高分（浙江某校），继续追问女生考的怎么样云云……期间还对浙教版生物教材进行评论，感觉有点装逼。\n\n  \n\n  总的来说就是讲课可以，但是对待学生不行，上课体验较差，所以把前面的好印象弄没了。客观一点，给个中规中矩的评分吧。至于老师给分怎样不清楚。\n\n  （课后推荐我们上他开的通识课，反正我是不想去的）\n\n
104963,54,徐程,2019-04-01 04:33:07,2,3,1,嗓门是真的大
110558,54,徐程,2019-06-27 12:57:56,0,1,1,选的是植物克隆 老师人很好啊...给分也可以
113760,54,徐程,2019-07-07 09:39:53,1,1,0,徐程老师人超好
116011,54,徐程,2019-08-30 02:16:22,1,2,1,短学期作业真的多 晚上也要带作业回去做\n\n建议选xx工程
119047,54,徐程,2019-11-10 02:38:05,0,0,0,因为没之前没做成实验 特地让我们单独来做实验 放开学生操作 总之很喜欢！
119725,54,徐程,2019-11-15 03:42:44,0,0,0,老师挺好的，实验认真做，绩点不会低
120029,54,徐程,2019-11-17 06:22:52,0,0,0,植物克隆一点都不水，知识也很多，还帮助我回忆高中知识。自主实验做烂了，但绩点还行。见面还和我打招呼，超和蔼。就是不要在他面前装逼，他就不会怼你了。
120183,54,徐程,2019-11-18 03:52:04,1,1,0,植物克隆，课挺有趣的，劝大家自主实验老老实实选个好做的。自主实验败了，最后绩点3.6，不算太满意吧
121574,54,徐程,2019-12-12 11:11:17,0,0,0,植物克隆课还是挺有意思的，实验指导很认真仔细。老师还让我们自主选择实验材料。只可惜我自主实验做败，再加上我又有点装逼，结果绩点只有3.3。算了怪我自己?
128730,54,徐程,2020-12-25 06:03:50,0,1,1,很和蔼的老师！
130107,54,徐程,2021-01-17 05:51:43,1,2,1,打分很奇怪，建议别选
130250,54,徐程,2021-01-20 07:32:50,1,2,1,老师看着还算和蔼，但是每次你犯错时候总会非常不耐烦，实验给分莫名其妙，同组的实验报告会给出不同分数？？？
130845,54,徐程,2021-01-25 02:56:23,1,1,0,生命科学导论H \n\n在乎绩点的同学，实验一定一定要成功！失败了可以重做。花菜的小组实验，如果队友想躺平，你想要分数，去一个人carry吧。成功失败影响很大。
131084,54,徐程,2021-01-26 01:27:27,1,1,0,虽然老师看起来有些凶\n\n但人很好！\n\n花菜实验很看队友佛不佛，懂的都懂
133287,54,徐程,2021-02-23 13:00:17,1,1,0,徐程老师谜之很凶，不过业务水平还是过硬的……另外关于课程，实验认真做，报告认真写
144294,54,徐程,2021-12-21 04:44:56,0,1,1,其实感觉不错，老师人挺好的，基本上实验有什么不会的去问老师都会帮忙解答\n\n（实验报告挺多的就是\n\n（顺带还有查阅文献的任务，确实能学到东西
145919,54,徐程,2022-01-04 10:47:34,0,2,2,很凶，给分差，懂得都懂。。。
148304,54,徐程,2022-01-12 06:03:27,1,3,2,很凶吗？我感觉老师人挺好的，很实在，会拍着肩膀跟你唠嗑的那种长辈一样。不过作为一门通识任务确实有点多
149742,54,徐程,2022-01-16 15:43:41,6,7,1,生科导（H）。\n\n胡萝卜组织培养、花椰菜组织培养实验。\n\n老师挺凶，讲解的一般。\n\n实验要成功，要不然实验报告写得好也逃不过低分。\n\n然而实验成功与否这事情……我个人觉得有些成分是玄学。
160489,54,徐程,2022-09-24 09:12:57,2,2,0,上课上的让人很不舒服。
160807,54,徐程,2022-10-13 05:04:11,1,1,0,请不了假😭\n\n真的有事啊…
160964,54,徐程,2022-10-21 05:07:27,1,1,0,又凶又蠢
163387,54,徐程,2022-12-14 07:54:56,3,3,0,如果在上完前6周课之后就让我给这个老师打分，我应该会打9分或者10分，但是最后的几周是真的折磨人，期中考当天整个ddl要上交三篇论文，从最后一个实验是周四，ddl（微积分期中考的后一天）是周六，导致我期中考基本没复习在赶作业。还有最后的测试，测试成绩占比很高，但测试的内容与平时上课的内容关联度不大，都是考书本的东西，但是他平时上课又不按着课本讲。最后的得分的话，我平时成绩还可以但期末考成绩不太好然后就2.4绩点，这让我怎么给高分
163391,54,徐程,2022-12-14 07:59:31,3,3,0,看了分数\n\n没别的可说😅\n\n6～
164057,54,徐程,2022-12-17 13:55:06,4,4,0,课程：基础植物克隆技术与应用\n\n评分：9/10\n\n这门课本身对我来说挺有意思，主要内容就是做实验，完全没有什么需要背记的东西（也可能是我高中有生物基础），最后有一个随堂开卷考，可能有ppt上的内容（有一道题我最后翻了10min书结果在ppt上）必做实验主要是看无菌技术做地怎么样，还有就是金属器具消完毒一定要等凉了再用，我严重怀疑我的必做实验失败是由于金属器具温度太高把材料弄死了，结果既不污染也没现象。自主实验的建议是尽量找简单的，和必做实验流程相近的，而且选择的文献一定要靠谱，我们就整的一篇有科学性错误的文献，然后还用的液体培养，自变量用的ph值然后不会用ph计，然后成为全班唯一实验失败的组。课程有一次实习，就是去山里的一个基地上一次课。老师人不错，反正我没找到什么特别让我难受的点，之前有评论说实验失败基本就绩杀所以准备好了绩点比较差，4.2自己感觉已经不错了吧。这学期最后所有的写的任务都放在了最后一周，但感觉各个项目的工程量也不太大，一个下午就弄完了。
164708,54,徐程,2022-12-24 03:10:08,0,1,1,sb一个
167767,54,徐程,2023-01-19 03:47:27,3,3,0,生科导h的同学请注意，要选的话一定要把萝卜和花菜的实验做成功，多去拍照。一旦实验失败报告写的再认真基本都是和成功的人差十几二十几分，有学长说以前一个小组一起做（我们这次是个人交自己的实验报告）结果一个小组一摸一样的实验报告打出不一样的分数。这次我们因为疫情实验失败同学补做困难，实验拍照也拖了很久导致我的报告分很低，当然也有同学拿到高分还是因人而异。\n\n总结：报告给分魔幻，实验切记成功
169243,54,徐程,2023-02-25 03:18:32,1,1,0,老师人很好，评分一般，主要因为我们小组的实验失败了导致评分较低（bushi）
173042,54,徐程,2023-05-12 01:05:52,4,4,0,课程：基础植物克隆技术与应用\n\n评论里面有的说徐老师很凶，有的说很和蔼。根据我的观察，如果你的实验设计（在老师看来）不够用心、实验目的不明确，或者操作中犯了低级错误，老师的态度一下子就会很不友善。但其它时候会很和蔼，我们组自主实验忘记观察了，跟老师沟通，他特意过来把实验室的门打开让我们进去。（老师经常在三楼打乒乓球。）\n\n设计自主实验的时候，注意实验目的要能填补空白（比方说改变了一个别人没仔细做过的变量）；设计的实验步骤要在其它文献中有依据（比方说别人都用升汞消毒，你就不能擅自改成次氯酸钠；你要是用次氯酸钠，就要援引用过次氯酸钠的实验，并说明为什么不像其他人那样用升汞），否则会遭到老师严厉的盘问。\n\n在进行实验的时候，一定一定要规范操作，尽量降低污染率，因为这个跟你的分数有着非常紧密的联系（虽然像楼上说的，实验能否成功这件事情很玄学）。\n\n有一个考试，不过开卷，最好大略复习一下老师讲过的学在浙大上的ppt，不然你会不知道题目里面的TIS是什么意思。（TIS是间歇式浸没系统，老师上课会讲，别慌，这门课大部分内容高中选生物的同学都学过。）\n\n哦对了，要记得每次观察的时候都给每个试管拍照记录数据，并且标记一下哪个是哪个....不然期末写报告的时候会比较痛苦。说到报告，老师会提供胡萝卜组织培养的模板，改一改把数据套进去就好了，花菜组织培养也可以从这个模板改出来。两个自主实验的报告其实可以在找资料设计实验的时候就把摘要、引言、实验目的、实验方法这几个部分写好，到期末的时候把数据和分析总结填进去，这样任务量相对就能减轻一点，否则确实很顶很烦。\n\n至于给分...如果能让老师感觉到你在尽力做实验，并且有幸没有什么重大失误的话，应该可以拿到3.9或4.2（虽然这个分数有点低）。由于不知道其他人都怎样，这个分数是我猜测的，当然也不排除老师给分很迷的可能性。
174852,54,徐程,2023-06-19 05:22:40,1,2,1,生科导H体验\n\n不认可老师\n\n老师的态度让大一新生感觉不到友善\n\n对于什么都不知道的新生\n\n进来面对陌生的实验设计\n\n而且稍微犯错就会被老师很不好的对待\n\n总体不推荐 除非你是年级大一点了或者有经验
181831,54,徐程,2023-11-02 02:53:15,0,0,0,老师人挺和蔼的，但短学期卡绩有点难受
183915,54,徐程,2023-12-03 14:41:52,1,1,0,《植物克隆》老师听耐心的，有问题都会解答，但作业到最后会比较多
188319,54,徐程,2024-01-18 15:32:22,1,1,0,生命科学导论（H）课，组织培养实验是徐程老师，认真做了实验并认真写了实验报告，实验报告拿到了98分的成绩～老师还是不错的，可选
192388,54,徐程,2024-05-17 06:47:16,0,0,0,老师真的还不错，就是论文加实验报告可能有点多，而且课程内容很有趣，能把植物带回寝室养
198133,54,徐程,2024-09-02 02:27:02,0,0,0,课程别叫“生物信息与数据处理”了吧，净是些文献管理和数据库查询的东西。\n\n有点用，但会有一堆史上雕花的任务，搞什么文献管理软件，ai辅助阅读，还要写综述，内容有些食之无味弃之可惜，还有无意义的讨论课。\n\n老师人不错的，生科院罕见的会认真批作业给建议的老师，情绪控制能力也很好，长得有点凶，但是脾气还是挺不错的。\n\n还没上完，看看给分，给分好就变脸。
198148,54,徐程,2024-09-03 00:43:14,0,0,0,生物信息与数据处理：纯傻逼，作业多得一批，而且和生物信息没有半毛钱关系
201191,54,徐程,2024-10-30 02:36:00,0,0,0,哎呀，虽然这个课程净教些ai啊、文献管理啊这些食之无用弃之可惜的东西，还有作业和综述，事情很多。\n\n但是他给分好啊！还是必修。\n\n在生科院的诸多烂课里面已经是矮个子拔将军了。\n\n这分数一处，包变脸的。
201238,54,徐程,2024-10-30 14:33:21,0,0,0,坐标生物信息与数据处理\n\n这课感觉还不错，能学到不少东西的，而且零基础也能学\n\n缺点是会有一些很无聊的东西，作业也多，都是占分的都得好好做，当然如果会AI辅助的话很方便了，老师很支持用AI\n\n期末有个开卷的上机考试和一篇三千字综述，不算很难，可以AI辅助\n\n给分就我来看超级nice～\n\n老师看着有点凶，其实没看起来那么凶，嗓门比较大，语气比较犀利，但是还是很听学生们的意见，有问题也会来交流\n\n老师会非常认真的改作业，平时作业要好好做，评语基本上都是锐评，但是给的分都是不低的
201251,54,徐程,2024-10-31 00:09:44,-1,0,1,感觉老师应该不止这些分数，作业有很认真的一个个改过去，上课也会听同学们的建议，给分超级无敌好，在生科院已经是神中神了
201252,54,徐程,2024-10-31 00:17:19,1,1,0,上的是生信的短学期，主要是学习文献检索和管理、主要分子数据库的检索和一些软件的使用。徐老师讲课蛮清楚，对我们也很有耐心，每天下午自主完成作业的时候他都会在教室有问题都可以问，平时交流也挺和蔼的，属实对生信知识了如指掌了。这学期徐老师还对课程做了升级，把AI工具融合了进来，非常紧贴时代发展，学到的东西还蛮多的。平时作业任务还是比较重的，但只要认真做当天课时内都是可以做完的，不会成为负担。
205542,54,徐程,2024-12-09 04:02:37,1,1,0,挺和蔼的老师，我选的是基础植物克隆技术，有不会的就问老师，老师会耐心回答。而且钉钉经常闪回。给分挺好的，第一个出分的课就收获不错的绩点，很开心！作业不多，基本上就是查查文献搜搜资料，或者提交实验结果的照片，作业给分也挺高的。考试是开卷考。然后占比最大的是自主实验论文，只要小组内认真写，实验结果一般也是能得较好的分数的。很轻松的一门博雅技艺，还可以锻炼做实验的手感，推荐！
7447,84,汤海旸,2015-09-14 11:53:48,15,19,4,好无聊
9944,84,汤海旸,2015-11-13 04:47:42,14,18,4,事情太多了
10795,84,汤海旸,2015-11-23 05:34:55,-47,8,55,事情确实多，不过认真的听她的课会有很多感触，过去未来自我人生。认真的去完成作业，会帮助你想清楚你想要的未来。你的努力也会在成绩体现出来，分底不能怪老师…
24072,84,汤海旸,2017-06-30 05:31:40,-74,3,77,女神！！！
36274,84,汤海旸,2017-07-02 11:10:46,62,68,6,破事情一堆，上课还派助教在教室里来回巡视，讲的很少，整堂课最有用的就是助教讲的那几分钟。
37709,84,汤海旸,2016-11-20 10:31:51,21,23,2,不想死就换老师。
40176,84,汤海旸,2016-12-29 16:17:06,14,15,1,看到形策2的均绩赶紧退课。
40604,84,汤海旸,2017-01-04 09:05:54,11,13,2,太糟 既然不能不来 这种水课难道不是默认可以不听？还搞展示 真的很累！
42757,84,汤海旸,2017-06-26 08:24:35,40,46,6,这个老师事情贼多，上课要求什么别的事都不做，助教还巡逻，强行要求鼓掌，课么不上，都是同学做展示，给分巨低无比，巨低~
48275,84,汤海旸,2017-03-02 00:58:41,8,10,2,还有半个学期
48865,84,汤海旸,2017-03-15 05:29:47,10,11,1,太可怕了，选的赶快退
48965,84,汤海旸,2017-03-19 11:31:16,35,38,3,这个老师一定以为她自己很帅  讲的很好  课堂纪律也很nice  我跟你讲  不存在的   整个就一瓜皮  不能玩手机  不能写其他课的作业  不能睡觉  只能认真的听她BB全球形式  呵呵
52306,84,汤海旸,2017-06-18 07:39:04,15,17,2,无语 真的事情很多 专门有助教巡视 发现在做作业就要记名字…
52479,84,汤海旸,2017-06-20 10:50:19,11,11,0,上课无聊没营养，事多分低
53223,84,汤海旸,2017-06-28 09:12:40,34,34,0,千万不要选。如果不小心选了别后悔！！这大概就是社会黑暗的一面了，付出的努力都被狗吃了！！！
53227,84,汤海旸,2017-06-26 08:27:01,13,16,3,一个学分的课都拉低均绩0.1:) 为什么没有0分:)
53232,84,汤海旸,2017-06-26 08:36:59,23,25,2,听老师的课是一种绝望的感受，上课还会没收作业，必须认真听，每节课点到。然后，考试周出分2.7，心态已崩。
53236,84,汤海旸,2017-06-26 09:46:51,30,33,3,一年下来，每逢形策课室友都用一种无比同情的眼神看我，，离去
53238,84,汤海旸,2017-06-26 08:41:29,31,41,10,室友出分2.7心态已崩非要我们刷负分?
53239,84,汤海旸,2017-06-26 08:44:15,19,22,3,室友出分后心态已崩，我就来帮忙刷个负分•﹏•
53241,84,汤海旸,2017-06-26 08:46:05,18,21,3,3.3  回答2次问题稍微加点分 同组都是3以下
53252,84,汤海旸,2017-06-26 08:56:04,16,17,1,哈哈 你说怎样的体验？哈哈哈哈
53254,84,汤海旸,2017-06-26 11:55:32,19,21,2,与史纲的王雪楠有得一拼...自己体会，专业绩杀八百年，上这门课唯一的收获是认识了很好的组员同学。。其他学到的，不存在的。不知道这种又红又专的课有什么意思。。
53260,84,汤海旸,2017-06-26 09:10:30,25,26,1,哇这个绩杀老师，上课什么都不讲，全是展示和助教，破事超多，还整个教室走来走去地巡视，醉了
53269,84,汤海旸,2017-06-26 09:22:51,32,35,3,真的真的不要选，绩杀不是你认真读就可以的【微笑】每节课都点名，事情特别多，关键是你全部都做到了，考前也认真背了题，成绩出来还是2.4
53272,84,汤海旸,2017-06-26 09:29:07,45,51,6,让组长代签到了一学期并且学生挂了两次2次的室友3.9? ?  发言过五次，展示过两次，学生手册满分，上课认真听的人在考试周出分2.7 ?
53275,84,汤海旸,2017-06-26 09:32:38,11,11,0,要晕厥
53277,84,汤海旸,2017-06-26 09:41:20,36,39,3,为什么没有负分？\n\n事儿多，冷漠无情，还自以为恪尽职守，铁面无私；每节课签到不说，还让助教巡视不准写作业，讲话强制鼓掌。\n\n本来这门课就没什么用处，还就喜欢上纲上线；说什么大学教育的目标不是专业素质而是道德品质，那学生何必上那么多专业课呢？整天胡说八道，自以为是，热衷于灌输所谓的“正确思想”，整个一条万恶的学校有关部门的走狗，还是愚蠢低级的走狗。
53281,84,汤海旸,2017-06-26 09:44:52,12,12,0,gg了
53283,84,汤海旸,2017-06-26 10:11:12,-35,6,41,我觉得吧……大家可能因为绩点太偏激了……撇开成绩评分，我觉得老师人还是挺好的，会给我们传授人生经验，给刚进来的大学生说一些建议，比如既来之则安之，学好手头的东西，以后一定有益处，有些建议确实很受益匪浅，老师人也总是很温柔的笑，至于成绩，可能确实给的有些奇怪
53284,84,汤海旸,2017-06-26 09:51:20,11,11,0,别选千万别选千万别选千万别选！
53286,84,汤海旸,2017-06-26 09:54:06,13,15,2,好好复习最后2.7，绩杀你以为我在逗你？？
53313,84,汤海旸,2017-06-26 10:33:35,18,20,2,追求绩点就别上她的形策了，因为绩杀；不追求绩点，但是想学点什么的也别上了，因为根本学不到什么。抛开上课枯燥规矩多事多不论，令人难以忍受的是一种高高在上般姿态的批驳，以及一种自我沉醉的陈词滥调。
53322,84,汤海旸,2017-06-26 11:00:09,9,9,0,stm的老师
53341,84,汤海旸,2017-06-26 12:00:59,13,15,2,就想问下有没有绩点是1.5的
53342,84,汤海旸,2017-06-26 12:02:51,10,10,0,自行体会，不怕死的来试试
53352,84,汤海旸,2017-06-26 12:27:25,10,10,0,只恨不能打负分，均绩那么差，事又多，分又低，好气好气啊，真垃圾。
53357,84,汤海旸,2017-06-26 12:28:46,13,13,0,2.1 再见\n\n
53358,84,汤海旸,2017-06-26 12:31:17,9,9,0,吃了屎一样的感受
53412,84,汤海旸,2017-06-26 14:09:28,13,13,0,不说了，这门绩点出来感觉大一别的考试都白考了。
53612,84,汤海旸,2017-06-27 07:24:43,10,10,0,辣鸡老师，真的别选，事情多，每次签到，认真展示，手册考试满分照样2.7，我就呵呵！！！
53629,84,汤海旸,2017-06-27 08:06:48,9,9,0,平时事情多，期末给分还不好\n\n
53631,84,汤海旸,2017-06-27 08:00:55,21,24,3,你听说过大学行测课老师会在小伙伴不小心睡着了之后，去给！班！主！任！告！黑！状？？？你听说过行！测！均绩能到1.4？？？你听说过行测课助教巡视什么都别想干，而且每！节课每！个组都要作展示？？？\n\n马上要来的小朋友们，学长学姐们用血的教训告诫你们，如果预制是这位美丽的、心怀国家大事的、有原则有理想的老师，赶紧退课吧！！！
53696,84,汤海旸,2017-06-27 10:16:51,10,10,0,很生气很生气
53704,84,汤海旸,2017-06-27 10:34:41,7,8,1,看老师均绩，你还敢选吗？
53739,84,汤海旸,2017-06-27 12:55:00,13,14,1,非常恶心，学弟学妹拜托勇敢点退课，上课不许写作业，而且破事一大堆，刷新绩点新低，虽然他只有一学分，但是，室友4.2与我们这边一堆2.4的对比，心痛的一逼
53743,84,汤海旸,2017-06-27 12:57:10,12,12,0,寝室心态崩了三个，幸好我在别的班
53748,84,汤海旸,2017-06-27 13:03:55,7,7,0,看到绩点就吐了\n\n
53781,84,汤海旸,2017-06-27 13:43:10,9,9,0,整堂课都在秀智商 以为自己什么都懂 都讲一些什么玩意…… 还强调学习方法...真的是无语了  怎么没有负分的...
54184,84,汤海旸,2017-06-28 15:33:50,5,5,0,垃圾垃圾
54185,84,汤海旸,2017-06-28 15:34:26,8,8,0,这个人就是个仙葩，助教巡视，没收手机。绩点2.4我只想吹吹风
55605,84,汤海旸,2017-07-02 04:33:50,3,5,2,2.7…均绩掉完。老师长得再好看都不喜欢。助教也又红又专，真是醉了。
55660,84,汤海旸,2017-07-02 06:20:31,-23,2,25,助教还是不错，老师本身也不错，说助教又红又专的是有病吧？虽然我绩点也不高，不过你说你2.7就让你均绩掉了多少多少，不就一学分的课吗？至于吗？
58127,84,汤海旸,2017-08-04 09:16:41,5,5,0,令人绝望的绩点
58204,84,汤海旸,2017-08-22 05:42:51,2,2,0,不想说
59983,84,汤海旸,2017-09-30 01:17:16,2,2,0,个人很不喜欢
68628,84,汤海旸,2018-01-23 13:17:26,1,1,0,大家都说他是拉级
78874,84,汤海旸,2018-05-16 03:34:15,1,2,1,绩点能上3.3都是大神
85764,84,汤海旸,2018-08-04 09:11:39,0,0,0,...
87038,84,汤海旸,2018-09-20 05:11:21,3,3,0,我来上课都要比她上的好！！
106140,84,汤海旸,2019-04-25 07:38:03,4,4,0,怎么会没有负分？？？？？强烈要求这种老师不要在学校里祸害学生了
143603,84,汤海旸,2021-11-28 12:22:04,0,0,0,我受不了了
204723,84,汤海旸,2024-11-27 13:27:47,0,0,0,来当官的
4335,153,丁平,2015-06-19 05:39:48,7,11,4,上了动物学的脊索动物，老师就一直在说，这个动物味道不错=_=但现在都是保护动物了，为什么呢~特别逗，不过每堂课会有小测试
4486,153,丁平,2015-06-24 01:05:53,-2,0,2,很有趣的
11097,153,丁平,2015-11-24 06:37:29,0,1,1,上课超好，能懂很多，虽然大一去蹭了大二的保护生物学，还是能懂，超赞
13310,153,丁平,2015-12-26 13:10:49,0,1,1,课略沉闷，但人脾气好。
25253,153,丁平,2016-05-09 02:34:00,0,0,0,简直是在开玩笑
39987,153,丁平,2016-12-28 12:37:19,0,0,0,。。。
41739,153,丁平,2017-01-12 13:00:38,14,15,1,上课开车开得飞起，尤其是动物行为学原理，根本就是动物繁殖行为学，污污污
56270,153,丁平,2017-07-03 11:09:48,-2,3,5,每节课小测 上课沉闷 问问题答不出来就算了态度还很不好 给分也坑 差评
57945,153,丁平,2017-07-18 08:13:54,0,0,0,超级棒！
64503,153,丁平,2017-12-24 16:06:14,-4,1,5,总算遇上一个正常的老师！
65909,153,丁平,2018-01-10 06:48:00,1,2,1,老师讲课挺好的，上课挺有条理的
65910,153,丁平,2018-01-10 06:57:06,14,18,4,可爱的老师 上课教你煲鲫鱼汤
79077,153,丁平,2018-05-22 07:33:35,7,7,0,读得一手好ppt
86426,153,丁平,2018-09-16 00:59:24,-10,4,14,给分真的糟糕，自己作为非专业课去个性了动物行为学，可以说自己是班上听课最认真的人了......每节课小测都准备然后参加，结果期末成绩给个1.5 真的服气 上课对待同学提问态度也糟糕 悔不当初 还是选自己学院的课当个性吧?
115179,153,丁平,2019-07-16 18:28:21,18,19,1,为什么我的动物学出分又慢，给分又差？上课实在太无聊太无聊了，语调完全平的，而且每节课都小测。唉，让我再反思反思分数怎么那么低！
115203,153,丁平,2019-07-17 00:52:49,7,8,1,想问问老师具体给分标准是什么 ？是不是考试差了几分结果可以差78分？
115518,153,丁平,2019-07-31 22:40:17,1,1,0,一般，特别平淡
135148,153,丁平,2021-05-04 00:49:29,10,10,0,丁老师上课挺好的，但是给分可能会令人失望
157635,153,丁平,2022-06-24 07:19:00,-42,1,43,老师很好，给分4.5，一般吧，毕竟课太多了没怎么学动物学
157943,153,丁平,2022-06-25 17:02:59,1,2,1,动物行为学给分有点炸，可以说是我大学3年的最低绩点，不知道是不是我个人的问题。狠狠emo了
161242,153,丁平,2022-11-02 02:47:29,3,4,1,垃圾人，面试连最基本的尊重都不给，无话可说，直接劝退，别报生物科学！
191431,153,丁平,2024-04-22 06:35:37,2,2,0,。。。
198920,153,丁平,2024-09-13 02:18:04,1,1,0,《动物行为原理学》\n\n每周两次课，几乎每节课都是小测点名，问一些简单的问题。期末考自认为考的不错，且每节课都到，小测都答得上的情况下，2.7.问过同专业的朋友，都感觉给分很低。\n\n总体来说，事多给分少，期末明明不是很难，但我还是很低分。。。
39544,251,毛传澡,2016-12-24 01:20:12,-4,2,6,。。。
50925,251,毛传澡,2017-05-09 06:36:35,0,1,1,一般般吧。
52902,251,毛传澡,2017-06-23 12:02:49,2,2,0,挺不错的～
91115,251,毛传澡,2018-11-30 11:38:25,-5,0,5,难受，听起来真迷
125194,251,毛传澡,2020-09-03 10:37:08,15,16,1,www，给了我4.8，好老师
130396,251,毛传澡,2021-01-22 01:38:25,2,2,0,好好好
150423,251,毛传澡,2022-01-25 03:56:57,0,2,2,讲课比周明老师清楚，有条理也挺有意思的，给分也挺好，不过真的不会像之前说的那样，每个人都4.8吧（笑
150440,251,毛传澡,2022-01-25 08:16:50,3,5,2,4.5算不算低分了啊呜呜呜
156513,251,毛传澡,2022-06-20 06:14:24,0,2,2,毛毛太温柔了！给分好，人也好，他真的，我哭死！
194064,251,毛传澡,2024-06-21 20:18:34,0,0,0,求过求过求过
27473,253,应盛华,2016-06-26 11:32:23,4,4,0,挺有趣的一个老师
29409,253,应盛华,2016-06-29 17:03:51,4,5,1,上课讲的比较清楚，给分……期末考试有点坑
53609,253,应盛华,2017-06-27 07:17:27,1,2,1,老师很认真也很耐心，就是最后应该不调分，考得不太好??
53616,253,应盛华,2017-06-27 07:34:41,1,1,0,老师上课很幽默，虽然不会明着讲重点，但是有时课前提问的就是重点
53632,253,应盛华,2017-06-27 08:01:28,2,2,0,上课讲的都是重点，上课好好听\n\n
53636,253,应盛华,2017-06-27 08:11:05,5,8,3,老时间很好玩，总是对我们笑。讲课还行会点名提问，上课要认真听，他会参插着讲考试的重点，考试很简单。
54013,253,应盛华,2017-06-28 08:16:24,8,8,0,老师每节课都要点人问问题！
81262,253,应盛华,2018-07-04 13:02:29,0,2,2,老师人很好，真的希望我们平时用功\n\n但是成绩出来 我哭了\n\n我觉得可能是平时分低了\n\n考试我真的感觉不错\n\n
81756,253,应盛华,2018-07-06 05:51:54,1,3,2,上课讲的很清楚
105473,253,应盛华,2019-04-15 03:42:05,-8,4,12,每节课都点名回答问题，上课讲得也不好，实验不清楚，给分差
175466,253,应盛华,2023-06-25 05:48:12,-1,0,1,老师讲课很好，出分超快，超级好！
181213,253,应盛华,2023-10-11 17:36:36,-1,0,1,老师很好，我死死死
23396,273,戈万忠,2016-03-28 19:35:39,-1,3,4,好好好\n\n
199335,273,戈万忠,2024-09-21 08:12:55,3,4,1,是你吗？马保国？
42643,286,翁晓燕,2017-01-14 16:05:17,1,1,0,蛤蛤蛤啊啊啊
83457,286,翁晓燕,2018-07-10 10:13:27,1,2,1,温柔又细心的一个老师
83512,286,翁晓燕,2018-07-10 13:02:55,2,3,1,老师超级温柔超超超超温柔
93909,286,翁晓燕,2019-01-14 08:25:38,6,7,1,翁老师超级棒，温柔美丽大方知性，讲课条理清晰明了，对于重点难点讲解到位，听课简直就是享受ヾ(❀╹◡╹)ﾉ~
101648,286,翁晓燕,2019-01-28 18:07:31,2,2,0,太喜欢翁老师了！讲得好，也超级和蔼可亲～
133986,286,翁晓燕,2021-03-11 08:06:15,0,1,1,钉钉已读不回就难受死人
133987,286,翁晓燕,2021-03-11 08:12:43,-5,0,5,不太尊重学生，钉钉消息从来已读不回
5075,331,吕镇梅,2015-07-03 09:41:02,1,8,7,吕老师人超级棒！上课气氛也很好！\n\n
53909,331,吕镇梅,2017-06-28 04:00:01,0,5,5,女神！
107053,331,吕镇梅,2019-05-01 07:08:10,5,10,5,觉得老师讲课不是很清楚，书上的内容也讲不清，还会小得意的看着我们说:我把你们讲糊涂了吗？  而且实验课助教给分很迷，尤其是一个女的助教，反正就是画图什么的恶竞抄书画就好，画真实看到的东西，反而低分。
107143,331,吕镇梅,2019-05-02 02:11:27,8,12,4,希望老师上课更有调理一点 老是口误课堂体验不ok啊
107307,331,吕镇梅,2019-05-03 10:18:16,3,5,2,建议选课:高海春 〉 吕镇梅 〉 方卫国，方老师是不调分，吕老师是emmm基础知识不行，学不到什么东西，还会讲错很多东西；高老师挺好，就是声音不大，语调比较平，容易睡觉。
115540,331,吕镇梅,2019-08-02 03:48:29,-2,6,8,上课体验极佳
138683,331,吕镇梅,2021-07-10 10:30:00,-5,1,6,老师人还可以，是我太差了
139801,331,吕镇梅,2021-07-28 02:39:59,3,8,5,授课方面：讲课思路不是很清晰。\n\n为人方面：对自己的实验室的学生应该是比较push的类型，但是上课的时候还是显得比较和蔼亲切的，人还算不错\n\n其他方面：本学期的微生物期中考考试完全采用了历年的期中卷子，一题没改，其实这已经算是教学事故了，最后老师给了几个方案，结果就是，期中考上了90的期末没考好就会改的很严，从我个人的角度而言，问学长要历年卷应该是没有错的吧？相当于我是很无辜的刷了一遍历年卷，最后期末被改严了，只能说是无妄之灾，老师自己的过错却要由学生来承担，实在是让我接受不能。\n\n归根结底还是自己不想学生物吧，想跑路了就没打算把重心放在生物上，但是就这件事情而言，我认为老师的处理是有问题的，反观隔壁班，老师也不会完全照搬历年卷呀，还是自己想要偷懒（或者也可能是助教）。
139874,331,吕镇梅,2021-08-06 06:37:31,0,8,8,女神！
140377,331,吕镇梅,2021-09-10 09:28:54,14,17,3,快跑.jpg
150421,331,吕镇梅,2022-01-25 03:54:49,-2,2,4,讲课不清楚，会有常识性的错误，上课条理不清楚，重点不清楚。试卷不认真出，直接采用别的班级的卷子。
153107,331,吕镇梅,2022-04-25 13:45:17,2,3,1,人很麻
155598,331,吕镇梅,2022-06-14 14:25:00,5,7,2,和植物学、动物学的老师比起来讲课的条理真的很烂……上一节课下来经常感觉什么都没学到脑袋是糊的
155632,331,吕镇梅,2022-06-15 02:17:54,1,6,5,感觉老师上课很可爱很和蔼呀\n\n个人感觉条理还是有的，小口误也马上会笑呵呵地自己纠正过来，反而有点提神hhh\n\n整体感觉老师还是很用心地在备课和讲课的
172424,331,吕镇梅,2023-04-26 14:31:39,0,0,0,微生物期中太难啦。。。求老师捞捞我把
176518,331,吕镇梅,2023-06-29 07:33:38,0,0,0,老师好像给分还行欸\n\n平时没认真听课可能是我的问题👉👈
176524,331,吕镇梅,2023-06-29 07:47:15,0,0,0,人很好，生病请假会让你多注意休息早日康复，考的基本是上课讲的，期末有挺多历年卷上的题，期中大家分数普遍较低，会让回去订正了之后按比例调分，狠狠捞
176529,331,吕镇梅,2023-06-29 08:03:24,0,0,0,能捞，爱了爱了
176548,331,吕镇梅,2023-06-29 08:46:54,1,1,0,出分了来评一下。吕老师上课属于比较有趣的类型，会讲一些文献和案例，课程的信息密度比较低（看智云复习的时候有很明显的感觉），有的地方讲得也不算太明白。不过微生物这门课和分子生物学有很多相通的地方，我先看完分子生物学再来看微生物学就还可以。有一次期中考试和一次期末考试，一个小组展示。最后给分还不错。
176661,331,吕镇梅,2023-06-29 15:27:55,0,0,0,女神！微生物给分很好
196021,331,吕镇梅,2024-07-01 07:33:01,-1,0,1,如何评价？能捞，但上课听不懂\n\n能捞指期中考68最后差一分满了，这是真能捞\n\n听不懂指几乎得全靠自学，上课一个字也听不进去
196072,331,吕镇梅,2024-07-01 12:10:06,2,2,0,上课垃圾
198921,331,吕镇梅,2024-09-13 02:22:13,2,2,0,微生物及实验甲\n\n老师会捞，但是感觉讲课有点乱。人还是挺好的，复习的时候我过了一次智云，听了一下考点有哪些，最后4.2.\n\n英语教材英语ppt英语考试 加油
216612,331,吕镇梅,2025-03-19 07:55:17,0,0,0,**生命科学进展课
8355,337,朱旭芬,2015-09-19 06:03:52,1,6,5,老师上课很有意思，给分很棒也能学到干货！
51910,337,朱旭芬,2017-06-13 10:54:13,-4,3,7,朱老师上课挺好，都是干货
92192,337,朱旭芬,2018-12-27 03:30:40,0,6,6,菌菇世界非常多彩，不可多得的好老师，强力推荐，教授水平一流，适合野外生存训练时使用。!!!
105995,337,朱旭芬,2019-04-24 06:01:44,7,9,2,唉大概是我菜吧，明明做的很认真却就是，，，唉，，我大概和通识八字犯冲
106016,337,朱旭芬,2019-04-24 10:06:15,6,6,0,认真写了那么久的课程报告，才给这么点分？？说得过去吗？？
106018,337,朱旭芬,2019-04-24 10:06:34,5,6,1,明明每次都认真完成实验了，这么认真写了课程报告，给分这么差，强烈不推荐
106026,337,朱旭芬,2019-04-24 11:10:37,5,7,2,菌菇世界给分差得吖批。排雷预警\n\n（本人大三生科狗，自认也是写了两年多实验报告了哦。）
106033,337,朱旭芬,2019-04-24 12:28:59,4,7,3,菌菇事情有点多，任务比较重，但是比较有趣，过程体验不错，就是给分是真的差\n\n原本以为是我菜，后来发现是常态\n\n注重过程体验的可以选，毕竟就一学分，挺值的，注重成绩的别选了，大概率不会如意。
106593,337,朱旭芬,2019-04-28 08:54:07,1,4,3,多彩的菌菇世界是我收获最大的一门通识课，我们做了许多可能一生只此一次的实验，我们还参观了农科院、菌菇基地，吃了每道菜都有菌菇的午餐。虽然给分是五级计分制，稍微有点低，但我还是挺鼓励大家选的，毕竟一学分，对绩点影响不大，相对收获而言微不足道。不过有一个实验是给柞蚕蛹注射蛹虫草培养液，让它长出虫草，对虫子特别抵触或觉得这残忍的同学要考虑一下。
135442,337,朱旭芬,2021-05-11 03:09:02,-3,5,8,朱老师上课满满的干货，基因工程上课任务量还算比较少哒，给分也超级好，我们小组的同学基本都4.8，5.0
150853,337,朱旭芬,2022-02-19 15:54:37,-1,0,1,宝贝宝贝宝贝宝贝宝贝宝贝宝贝宝贝宝贝宝贝宝贝宝贝宝贝宝贝帮不帮爸爸。将就将就啾啾啾加觉
153109,337,朱旭芬,2022-04-27 18:05:35,1,1,0,慎选没有考试没有论文的课吧
153133,337,朱旭芬,2022-04-26 03:43:01,-8,2,10,基因工程给分是真的好，虽然1.5的小课，但让我感受了浓浓师生情
153726,337,朱旭芬,2022-05-09 11:11:48,6,8,2,基因工程给分贼烂，慎选！虽然没有考试纯看小组展示给分，感觉很迷，已知不少同学都比较低，老师钉钉日常已读不回，懒得理你，真是大无语。
2458,363,王金福,2015-05-04 05:57:30,2,4,2,讲得蛮好的！
2701,363,王金福,2015-05-05 15:07:25,1,1,0,因为我是理科生，东西大都讲过，会有点无聊，不过上得还是很认真的，如果拓展的东西再多一点会更有趣。
10145,363,王金福,2015-11-17 01:00:58,0,0,0,特别详细，特别认真，使学生的好榜样！
4932,364,黄晓,2015-07-01 07:10:41,-5,5,10,很好的老师，很耐心，负责。普通生物学中的动物学是我听课最认真的一门课。据说还是明星脸哦~
5464,364,黄晓,2015-07-07 16:39:46,-1,9,10,帅哥
6728,364,黄晓,2015-07-20 05:08:19,8,12,4,老师讲课完全沉浸在自己的世界里....给分不高
11114,364,黄晓,2015-11-24 09:43:30,7,10,3,老师讲得挺好的，就是给分太太太低了！太低太低了……海洋生物学这一门通识，我们一个班都被正态到后半部分去了！
11142,364,黄晓,2015-11-24 13:11:57,8,10,2,老师请问一下这个期末考分数是怎么回事？？？\n\n
11363,364,黄晓,2015-11-29 03:29:12,4,9,5,他和周宏上的海洋生物千万别选，给分超低
11389,364,黄晓,2015-11-30 01:55:15,4,6,2,给分真心低
11721,364,黄晓,2015-12-12 10:11:44,3,6,3,讲的挺好的，懂得挺多，也挺有激情，就是给分太低了，整个班都被正态没了。。活活拉死。。
14882,364,黄晓,2016-01-10 15:22:18,2,3,1,讲的还不错，但我一上课就想睡觉…给分低
16349,364,黄晓,2016-01-18 03:30:44,0,7,7,装逼，给分超低，一个班没有上四的，这样的课和老师存在的意义没看见，一门通识就让学生死了，搞得专业有个屁用……这个课可以关了
35972,364,黄晓,2016-11-20 14:28:03,0,2,2,老师很博学，比较幽默，认真学能学到不少东西。给分确实偏低。
38917,364,黄晓,2016-12-20 01:12:31,6,7,1,恐同教师
39900,364,黄晓,2016-12-28 06:47:08,4,5,1,上课就想睡觉 班上人越来越少\n\n最后千多页英文为主的PPT看到瞎\n\n考试倒还是完全根据PPT 然而闭卷hhhhh
41365,364,黄晓,2017-01-11 05:17:08,0,3,3,老师真的很好，个人感觉海洋生物学挺好玩的，还有麻烦那些上课睡觉PPT不好好看还觉得绩点低的人别贬低老师了行嘛，考试内容都在PPT上，上课好好听考前看看PPT就行了，虽然绩点确实不是特别高，但是分数不低的话绩点也不会低到哪去，以上
41441,364,黄晓,2017-01-11 14:59:59,5,6,1,上课无聊，只会念ppt，专业知识也有错误
48772,364,黄晓,2017-03-12 15:18:52,-12,2,14,讲课还算有条理，和姜维梅老师对半给分，真的不差
79107,364,黄晓,2018-05-23 06:57:42,-17,5,22,我的动物生物学是黄老师带的，感觉老师真的是男神级别的呀，知识很渊博，长得帅，说话又好听。不知道为啥老师评分这么低
117173,364,黄晓,2019-09-20 03:57:33,10,12,2,傻逼老师，明明是自己的问题，还想让学生延毕。课程和夏令营冲突，找他请假态度还极差。真是傻逼，智障，这种老师去死好了
117839,364,黄晓,2019-10-04 16:02:46,8,9,1,沙雕黄晓，发育生物学实验什么都不讲，都靠你自己去探索。发育生物学课逻辑混乱的要死。
117960,364,黄晓,2019-10-17 02:30:58,0,0,0,不想评论
150168,364,黄晓,2022-01-19 23:29:43,2,3,1,发育生物学讲课混乱没逻辑，复习课随便从网上找了份资料瞎划重点。
168096,364,黄晓,2023-01-27 02:43:06,1,1,0,发育生物学上课讲不清楚，就念PPT还念得很慢，嗓门很大。给分很差很差。每节课点名！考前给的提纲跟上课完全不是一个东西
173146,364,黄晓,2023-05-14 11:02:19,3,3,0,细胞生物学实验，第二节课让大家把实验报告放到讲台上，没有看，拿起第一份，说格式不标准，写得太烂，然而第一节课并没有讲任何关于实验报告的内容。上课也很抽象，讲完之后实验课不知道做什么。
179281,364,黄晓,2023-09-07 07:00:01,-2,2,4,老师很随和，亲和力比较强，就是有时候说话略显夸张，也挺专业的
192497,364,黄晓,2024-05-22 04:07:04,12,12,0,上他的动物学实验，我只想说老师，你在课上对我的指导帮助还不如解剖盘里的这只蟾蜍☺️，对学生的问题非常不耐烦根本不想解答😅，蟾蜍给我当老师算了，要你何用。还是杨万喜好。
199683,364,黄晓,2024-09-27 12:41:40,4,4,0,屁事多，屁话多，很死板
199684,364,黄晓,2024-09-27 13:00:53,3,3,0,煞笔玩意，每亩的东西，一天到晚讲屁话，讲话前能不能思考思考，一点逻辑没有，我们是来学习的不是来吃屎的
1053,387,赵云鹏,2015-03-21 16:02:40,13,20,7,男神！
1327,387,赵云鹏,2015-05-07 01:19:26,48,58,10,云鹏男神~（☆_☆）人帅幽默博学给重点好给分高全10分好评！
2431,387,赵云鹏,2015-05-01 03:08:46,17,23,6,听着男神上课心情都好了！满考好是我对不起男神。。
5336,387,赵云鹏,2015-07-07 00:36:56,14,20,6,云鹏男神！人超好，也可以学到很多哟！
14196,387,赵云鹏,2016-01-05 08:28:52,12,18,6,男神不多说(๑•ั็ω•็ั๑)
21411,387,赵云鹏,2016-02-28 15:19:59,9,15,6,一脸花痴(  ˃᷄˶˶̫˶˂᷅  )
31113,387,赵云鹏,2016-07-03 08:39:58,12,18,6,声控福利。
32845,387,赵云鹏,2016-07-18 09:28:06,10,14,4,云鹏男神！真男神！10分不能更少！爸爸要是早生几年，一定倒追！温柔又学识渊博！超级棒！
38863,387,赵云鹏,2016-12-19 15:24:12,3,5,2,幽默感十足
40349,387,赵云鹏,2017-01-03 04:13:30,17,26,9,被男神帅弯
41115,387,赵云鹏,2017-01-09 08:25:11,7,9,2,男神让我们真的是爱上了植物学
43042,387,赵云鹏,2017-01-15 15:19:18,2,6,4,老师文理全才啊，知识渊博，感觉是文科出生再读的植物学啊，不多说，就是优秀!
43170,387,赵云鹏,2017-01-16 02:21:10,3,6,3,膜男神老师！声音好听，人帅又幽默，懂得知识又多，膜到五体投地！
43171,387,赵云鹏,2017-01-16 02:23:04,17,22,5,上赵老师的植物学你觉得赚的不要再赚，声音好听人帅幽默风趣先不说，思路特别清晰，除了植物学外上课还会讲很多社会历史和哲学问题，真是百年难见的好老师，让你学到很多很多。
43439,387,赵云鹏,2017-01-16 09:21:22,0,3,3,真男神。
43718,387,赵云鹏,2017-01-17 01:13:54,1,3,2,棒棒哒
43931,387,赵云鹏,2017-01-17 06:39:05,11,14,3,极具人格魅力和知识魅力的老师和课堂，老师态度超级严谨，一丝不苟也很博学，能颠覆你对植物学的概念，也能学到很多大道理。超棒，给分也很严谨啊?，要好好努力才是
44566,387,赵云鹏,2017-01-18 03:10:22,11,14,3,男神的课根本不需要靠点名留住学生!一个学期每节课第一排都要早去占座，老师什么方面都有涉猎人还幽默满分满分!
44841,387,赵云鹏,2017-01-18 11:14:44,-7,5,12,首先 赵老师是男神这点不容否认。知识渊博，植物学更渊博，上课幽默，但是要求严格。  然而给分实在感人。。?
45468,387,赵云鹏,2017-01-19 14:56:57,-15,16,31,给分低，讲得差不解释，总喜欢讲没用的东西
46442,387,赵云鹏,2018-08-21 13:37:48,-19,13,32,课上得很好我承认。但是在我大作业恶竞考试全写出来的情况下猝不及防来了一个绩杀，我表示十脸懵逼。真的绩杀，2.1…
56271,387,赵云鹏,2017-07-03 11:11:19,2,4,2,很博学 植物学学到很多以外的知识 给分良心
60474,387,赵云鹏,2017-10-22 06:51:02,1,3,2,很不错
61302,387,赵云鹏,2017-11-14 03:57:14,1,4,3,第一节课，前来好评，男神，植物学有救了:)
63660,387,赵云鹏,2017-12-12 02:18:28,1,2,1,男神!声音好听，温和儒雅，知识渊博。很有理性思考。
64341,387,赵云鹏,2017-12-22 14:48:27,1,3,2,不错不错棒棒棒
69211,387,赵云鹏,2018-01-24 10:13:47,1,4,3,听课有收获
75633,387,赵云鹏,2018-03-14 09:24:59,1,4,3,声音超棒
86021,387,赵云鹏,2018-08-27 07:57:23,-1,2,3,就是他自己还算靠谱，布置些任务不大靠谱
91873,387,赵云鹏,2018-12-24 02:45:05,1,4,3,真正的男神！能上他的课是三生有幸
102889,387,赵云鹏,2019-02-25 00:06:52,25,33,8,上联：植物学神仙给绩点感天动地\n\n下联：生科院巨佬带学生惊天帅比\n\n横批：赵云鹏牛逼
126494,387,赵云鹏,2020-09-28 08:48:32,-14,23,37,道貌岸然的伪君子。喜欢讲假大空的鸡汤，实事一件也干不出来。
131478,387,赵云鹏,2021-01-27 15:49:58,1,4,3,老师很好
131788,387,赵云鹏,2021-01-29 02:53:54,3,7,4,温柔的赵老师
133049,387,赵云鹏,2021-02-07 07:45:59,-17,14,31,有点假惺惺
136620,387,赵云鹏,2021-06-22 03:48:43,-18,11,29,伪君子
136985,387,赵云鹏,2021-06-29 07:13:56,2,5,3,人格魅力满分好吧
139671,387,赵云鹏,2021-07-19 16:15:01,6,9,3,很好的老师，涉猎广、思想境界蛮高、会用心教课堂以外内容的老师，有些评论大概是以某些私心度君子之腹了。
149076,387,赵云鹏,2022-01-14 10:12:23,-20,13,33,这老师就是个傻逼，一副成功人士的样子，动不动卡你
149647,387,赵云鹏,2022-01-16 09:00:30,8,9,1,没出分之前我以为是有人格魅力的，出完分数之后太卡了。考试卷面分很重要。拿不到85很难进4.5-5.0，。提纲没有用
149940,387,赵云鹏,2022-01-18 02:10:01,3,9,6,卷子啥玩意啊，第一题起码弄个彩色吧，弄黑白考眼力吗，laji。没意思。
159480,387,赵云鹏,2022-07-25 01:51:42,2,5,3,陌上公子，温润如玉\n\n老师课讲得非常好\n\n至于绩点，努力到哪一步，就拿什么样的绩点
174229,387,赵云鹏,2023-06-08 03:30:46,3,3,0,生课院里很不错的老师了。\n\n我上的进化生物学，老师讲的很一般，当个通识课听还不错的，至于学到什么东西这个仁者见仁。\n\n最后的考试稍微有些难，用电脑都查不到的那种。
190977,387,赵云鹏,2024-03-27 05:35:33,2,3,1,社恐达咩，提问真的会汗流浃背
195688,387,赵云鹏,2024-06-29 14:47:43,2,2,0,感觉老师上课思路特别特别清晰，会带着大家一起理思路，特别特别好
197097,387,赵云鹏,2024-07-07 15:28:57,0,4,4,你挺nb昂，作为天目山野外实习的负责老师，不顾同学们自己的分组，强行分配个绝大多数人都不满意的分组，美其名曰便于管理。找你你就说找助教，架子挺大的啊。不论你学术怎么样，在这些事情处理上真的很让人失望。
27893,392,周耐明,2016-06-28 03:33:09,2,3,1,老师很友善～给的分还可以～
42861,392,周耐明,2017-01-15 10:01:38,2,3,1,男神！虽然没认真上过几节课…但是老师真的很可爱啊！
44532,392,周耐明,2017-01-18 02:32:34,-6,0,6,老师人很好也很厉害 但是感觉他的生化和考试知识点结合得不是太好 总是讲自己的研究...
44759,392,周耐明,2017-01-18 08:12:56,2,3,1,超级耐心的老师！温柔的学者！爱死了！
60398,392,周耐明,2017-10-19 04:47:12,3,4,1,敲棒敲棒的老师好有耐心
61428,392,周耐明,2017-11-17 04:58:57,-1,0,1,哈哈哈哈哈哈哈哈
70434,392,周耐明,2018-01-26 15:18:31,8,10,2,从老师和善的外表中根本看不出他的强大实力，其实老师是GPCR信号转导实验室的创建人哦，很牛逼的
94525,392,周耐明,2019-01-17 05:15:34,1,2,1,很认真很耐心的老师！
103701,392,周耐明,2019-03-04 09:06:40,0,1,1,老师人超极好 \n\n
120718,392,周耐明,2020-01-15 23:00:45,-1,0,1,好好好好好好
29408,435,杨建立,2016-06-29 17:01:29,3,3,0,老师很平易近人，上课讲的也还清晰，人好！
121738,435,杨建立,2020-01-21 10:10:55,3,3,0,人挺好\n\n
126447,435,杨建立,2020-09-27 05:32:02,1,2,1,老师挺好
11549,476,Chris,2015-12-04 05:58:30,2,9,7,棒棒哒英籍老师～很幽默，很认真，喜欢～～
21975,476,Chris,2016-03-02 03:24:20,1,2,1,蛮认真的
36246,476,Chris,2016-11-11 08:22:05,3,5,2,老师还是挺好的 就是这个有点偏离重心 是以展示为主 ppt怎么做讲得太多了 期末展示很麻烦 怕麻烦的同学不建议报
36793,476,Chris,2016-11-16 05:12:22,-5,0,5,很认真看待期末报告的老师，对上课充满活力，气氛很容易活跃起来
36800,476,Chris,2016-11-16 05:53:23,0,1,1,还行 PPT制作水平会上升
36801,476,Chris,2016-11-16 05:53:46,1,3,2,老师很认真，学到了很多关于ppt制作的东西，受益匪浅。但是希望老师以后能够多一点日常的话题聊天之类的，毕竟是口语课嘛～
63453,476,Chris,2017-12-04 11:20:27,3,3,0,给分比较严苛，PPT的比重过高
64251,476,Chris,2017-12-22 03:25:36,-3,2,5,Chris是一个很有意思的老师，一点都看不出年龄!可能有些评论说他注重ppt，可是从我的上课经历来讲，口语的课程占八分之六，剩下的八分之二是ppt展示，并且，他注重的不是纯粹的ppt，而是对你的着装，发音，整个展示的状态进行整体评价。假如有一天，你需要进行论文答辩，需要站在台上发言的时候就会觉得他的这种训练其实是很有效的。
65360,476,Chris,2018-01-03 09:56:04,-6,1,7,口语给分比想象的要好！老师人也超nice的
91418,476,Chris,2018-12-09 14:45:44,3,4,1,千万别选好吧 想绩点直线下降就选吧
91435,476,Chris,2018-12-10 05:58:43,6,6,0,真的想不通为什么给分这么低
91436,476,Chris,2018-12-10 06:01:42,5,5,0,出分很慢\n\n给分不好\n\n我想知道因为我穿了件T恤他到底扣了我几分？
91569,476,Chris,2018-12-13 13:29:13,3,3,0,我无语了，请问到底是怎么给分的？？这样也太随便了
95275,476,Chris,2019-01-19 06:33:02,1,2,1,终于在大三尝到绩杀的滋味了
121562,476,Chris,2019-12-12 11:27:58,4,4,0,他真的懂生命科学吗？\n\n
121564,476,Chris,2019-12-12 11:27:26,3,3,0,有一说一，我觉得他就是生命科学院恰烂饭的
124706,476,Chris,2020-07-06 14:59:09,5,5,0,化学系专业英语，老师讲课确实挺认真的，听大四学长说比去年冯建东老师负责很多。但给分也太烂了吧，全寝室和隔壁寝室没有上3的，平心而论我们组作业和展示还是挺认真的，特么马上要迎来最难保研季给我均绩来了个大炸弹。
149193,476,Chris,2022-01-14 17:06:54,-1,0,1,英语口语还行，挺水的，我们这学期由于隔离有一半时间是线上上课。最后展示认真一点，搞一篇自己熟悉领域的文献做好功课，给分不会差的。
183427,476,Chris,2023-11-26 02:14:48,2,2,0,咋还不出分捏
184301,476,Chris,2023-12-16 04:52:22,2,2,0,尝到了什么叫做给分很低的滋味呵呵
184302,476,Chris,2023-12-16 05:00:05,1,1,0,给分很恶心
192839,476,Chris,2024-05-31 03:00:46,2,2,0,老师给我大一最低分，我给老师我的大一评老师最低分。
217150,476,Chris,2025-04-02 13:41:12,1,1,0,you should go back to your Britain
44569,477,毛旭明,2017-01-18 03:12:43,3,8,5,老师平时人有点呆呆萌萌的但是师生情浓厚哈哈，老师超可爱??
56545,477,毛旭明,2017-07-04 03:09:57,2,4,2,老师很好！就是希望讲课语速可以快一点hhh
3321,484,吴敏,2015-06-01 16:18:04,1,15,14,上课很有收获，老师很幽默！赞！
4889,484,吴敏,2015-06-30 06:49:10,7,18,11,生科导很好玩的
5912,484,吴敏,2015-07-10 01:55:44,4,11,7,很不错的老师
6376,484,吴敏,2015-07-13 10:46:50,11,22,11,吴老师超级好
7829,484,吴敏,2015-09-15 14:20:49,1,6,5,挺好的，也沒那么好
10224,484,吴敏,2015-11-29 12:08:26,0,9,9,给分超级棒！
11377,484,吴敏,2015-11-29 10:42:28,103,136,33,分数巨低
11390,484,吴敏,2015-11-30 02:06:18,21,37,16,生科导实验很有趣，是各种体验。给分看自己努力与否。要是认真听、认真做实验，收获会很大。
11394,484,吴敏,2015-11-30 03:20:50,2,4,2,挺有趣
11417,484,吴敏,2015-11-30 23:04:56,15,20,5,分数不高\n\n
11442,484,吴敏,2015-12-01 10:14:41,1,7,6,这个课好多老师上的
11494,484,吴敏,2015-12-02 14:56:16,10,16,6,给分超低坑
11655,484,吴敏,2015-12-09 11:17:41,16,21,5,一般般，实验比较有趣，给分绝对的正态。
11905,484,吴敏,2015-12-21 05:21:15,2,7,5,给分低
12182,484,吴敏,2015-12-22 08:02:25,11,18,7,有毒啊，给分乱给
12658,484,吴敏,2015-12-24 00:26:16,13,21,8,挺有趣的 认真写报告分就不会低 以及千万不要迟到 迟到一次实验报告扣五分…
14110,484,吴敏,2017-11-24 13:26:40,-46,20,66,你们这群弱鸡，好意思说给分低，自己差还怪老师
14455,484,吴敏,2016-01-23 10:23:27,9,16,7,生科导实验很有趣，给分的话还行吧
14605,484,吴敏,2016-01-25 09:11:44,3,8,5,很有趣的课！
15862,484,吴敏,2016-01-16 12:35:44,0,9,9,超好的课，给分看自己好好听课好好写实验报告分数不会低，我字很丑也拿到了4.5的
15893,484,吴敏,2016-01-16 14:04:56,2,5,3,好老师，能学到好多拓展的东西
16037,484,吴敏,2016-01-17 05:01:32,1,7,6,别选 给分差
16432,484,吴敏,2016-01-18 05:42:12,0,4,4,讲的很好，很幽默很清楚，给分尚可。
16629,484,吴敏,2016-01-18 14:39:26,6,15,9,生科导实验其实很有意思啊，喜欢实验的就选。虽然会占周末实验，但可以接触很多、亲手操作，还可以带回“小礼物”。一般报告认真写，写出感想什么的就不会被正态。
16906,484,吴敏,2017-08-29 05:47:00,66,92,26,我跟你们讲，这种课和自己的科学素养没一丁点关系，完全看脸。我总和我同学一起做实验，实验报告内容几乎一样，我的字不好看。我3分，她4.5。
17102,484,吴敏,2016-01-19 14:55:36,22,29,7,生科导被正态有一种说不出来的无奈，虽然课程挺有趣，但是耗时
18164,484,吴敏,2016-01-21 08:28:19,1,5,4,这门课不止一个老师上吧……吴老师也没啥印象，实验报告占据实验时间是个错误，但可还是很不错哒！
18538,484,吴敏,2016-01-22 03:09:54,3,7,4,生科导很有意思，我觉得报告认真写，给分还好的
18573,484,吴敏,2016-12-21 13:28:49,42,56,14,上课千万别迟到，实验报告认真写，字一定要好看，有种被正态的失落……但是上课还是挺好玩的，还可以带回小礼物呀。
18690,484,吴敏,2016-01-22 10:21:10,6,13,7,占了我四天周末做实验，只有一学分，最后分还这么低
18742,484,吴敏,2016-01-22 12:36:11,3,8,5,给分不错
18761,484,吴敏,2016-01-22 13:11:19,0,6,6,没见过他人，反正分数不高
19216,484,吴敏,2016-01-23 14:15:40,4,10,6,求是学院院长
21043,484,吴敏,2016-02-13 07:28:43,3,7,4,给分不错，课也有趣，就是耗时长
21438,484,吴敏,2016-02-29 00:38:26,0,4,4,生科导很好玩分也不错的
23668,484,吴敏,2016-04-12 02:43:28,27,30,3,给分差，完全没有评分的确切标准。强行随机正态，而且上课的老师多，没法评分的。
24265,484,吴敏,2016-04-29 03:58:59,4,6,2,感觉自己上课挺认真的，虽然有时候水下手机。报告写得也很认真。但是被正态了。感觉有点难过
24315,484,吴敏,2016-04-29 10:14:49,10,14,4,如果你是个字迹端庄，有耐心，感兴趣的好孩纸，欢迎来玩～但是如果你在苦苦上了一整天后已无法保证报告“态度”的，还是算了吧，费时费力还没分……
24379,484,吴敏,2017-11-22 11:34:36,-42,8,50,一不小心满绩了
25675,484,吴敏,2017-11-22 11:34:27,-16,11,27,我上了生科导实验，吴敏老师不用PPT但是让你完全理解了实验过程，而且非常和蔼，个人感觉这个老师非常好，我对其他老师影响不太深，我认为只要你享受实验的过程，体验做实验的乐趣，认真完成实验，然后按时交实验报告就能得不错的分。我字写得特别特别丑，最后4.8。
26251,484,吴敏,2016-06-16 12:00:58,18,21,3,给分不厚道啊。
26315,484,吴敏,2016-06-17 00:45:21,41,44,3,运气好的别来乱秀优越感，正态不可避免的，别误导别人。\n\n\n\n
32357,484,吴敏,2016-07-06 08:38:25,4,5,1,笑眯眯的
34922,484,吴敏,2016-10-26 13:02:17,3,3,0,老师人很好很幽默，讲课思路超级清晰，瞬间让你明白接下来实验的操作！
36101,484,吴敏,2016-11-10 12:27:58,-5,0,5,没法评价
36770,484,吴敏,2016-11-16 03:07:08,36,42,6,妈呀……大学第一门课就被正态了(ಥ_ಥ)
36780,484,吴敏,2016-11-16 03:54:08,-4,2,6,很多个老师上的，吴敏这人真的很腊鸡，只知道拿扣分来威胁学生，学分被正态了，GG，实验时间那么长也真的无聊。大概是看字的吧。
36781,484,吴敏,2016-11-16 03:57:15,1,1,0,上课挺有意思的然鹅被正态了???
36784,484,吴敏,2016-11-16 04:21:35,0,2,2,讲真正态 而且感觉医药和生物类的学生给分总体不咋地 和字有一点点关系 我们四个小伙伴一起认认真真做的 有两个字写的好的 最后结果我们字丑的被强行正态分数(具体几分你懂的)，字好的只高了0.2左右…… 太随便了吧
36804,484,吴敏,2016-11-16 06:04:33,1,2,1,哈哈，很有趣啊，就是分儿一般，而且我8次实验迟到了4次，对不起老师\n\n
36821,484,吴敏,2016-11-16 06:53:26,0,1,1,被正态了 不开心 根本没有评分标准 完全凭主观打分
36824,484,吴敏,2016-11-16 06:54:50,1,2,1,课还不错，就是比较耗时。给分我自己觉得还行。
36830,484,吴敏,2016-11-18 08:52:15,0,1,1,课挺耗时间 字写好点给分就还行
36851,484,吴敏,2016-11-16 08:52:25,2,3,1,给发坑啊，亏我那么认真
36924,484,吴敏,2016-11-16 14:31:04,0,0,0,给分尚可
36978,484,吴敏,2016-11-17 02:09:34,2,4,2,八个实验八个教室八个老师，感觉很有趣啊，就是周末也不能多睡了呢(ฅ>ω<*ฅ)不过其实实验都蛮好玩的，还能带回来一些自己做的东西啊，老师讲的也挺好的，实验报告认真写分数不会低的
36987,484,吴敏,2016-11-17 02:59:25,3,10,7,现在还记得吴敏老师说过的一句话“大学就是要把中学教死的东西教活过来”，感觉这门课的老师都蛮好的，温文尔雅，也不需要多高的素养，文科生也可以的。（还没出成绩，但打了十分，希望不要辜负我??）
36997,484,吴敏,2016-11-17 04:41:06,1,1,0,课是比较好玩的，虽然被正态，建议选了的去问一下老师评分标准
37184,484,吴敏,2016-11-18 00:31:34,1,2,1,所有人都能选 有趣 但占用周末时间 \n\n没有作业只要每次做完实验当堂交报告就好了 上课别迟到 给分看你认真度咯
37194,484,吴敏,2016-11-18 01:35:57,1,1,0,唉，课程很有趣的\n\n就是我很认真很认真了，实验也没有失误…结果绩点唉…
37210,484,吴敏,2017-04-26 00:14:05,0,1,1,有意思
37218,484,吴敏,2016-11-18 02:44:11,0,0,0,送学分啊\n\n
37245,484,吴敏,2016-11-18 04:08:42,1,1,0,实验很有意思，还有小礼物可以带回，认真对待实验报告的话，分数会好很多
37246,484,吴敏,2017-04-25 12:26:57,13,18,5,生科导吴敏老师挺好的，幽默。别的老师就呵呵了，过分一般吧。
37517,484,吴敏,2016-11-19 12:29:16,2,2,0,实验课超有意思 实验报告我写的挺认真的  然而 被正太
37559,484,吴敏,2016-11-19 12:24:45,10,11,1,去四个整天一学分到手，实验报告比较好写，但这也意味着最后的分数其实跟个人水平没什么关系。
37664,484,吴敏,2016-11-20 04:16:35,10,12,2,被正态了\n\n字丑没人权\n\n(ー_ー)!!
37783,484,吴敏,2016-11-21 04:17:54,4,4,0,别迟到，字写好，不然就跟我一样只有3分。
38238,484,吴敏,2018-11-17 01:05:52,4,5,1,瞎正态，完全不懂。
39383,484,吴敏,2016-12-22 10:29:53,-2,2,4,上课时间真是非常长，但实验本身蛮有趣的，还有小礼品拿。实验报告认真写，分数应该不会差
40596,484,吴敏,2018-03-02 06:22:48,4,5,1,上课吹\n\n没什么具体的东西学到\n\n而且\n\n正态\n\n特别喜欢正态\n\n反正觉得很guanliao化
40621,484,吴敏,2017-01-04 10:26:59,2,3,1,每个老师都不一样，这课很水，但是超级浪费时间，导致很多周末的活动不能参加。给分呵呵，凑合，但据说给分随机。
41122,484,吴敏,2017-01-09 09:40:45,0,0,0,课程内容比较简单，主要是做几个实验体验体验，上课虽然占用时间多但是可以调整周末都可以做。评分的话提出质疑马上就给我改了分。老师还算负责？没见过本尊但是听说分数还是要靠运气，不过少一个实验的话分数肯定低了。
42681,484,吴敏,2017-01-15 02:24:31,1,1,0,我的给分比较好，给十分吧。但分数看运气，没课选的时候可以选。
42683,484,吴敏,2017-01-15 02:29:53,3,3,0,期末真的强行随机正态
42687,484,吴敏,2017-01-15 02:38:17,-1,0,1,我日 不是说字好看分数高的吗？？他妈那么低在逗我
42688,484,吴敏,2017-01-15 02:39:07,1,1,0,挺好玩的吧，还有小礼物，但是分数可能全看实验报告，给分不高，但应该是自己的原因，没有别人写的认真，室友的分很高的。
42741,484,吴敏,2017-01-15 04:25:19,4,6,2,实验还算有趣，但你要做好周末花一整天时间做实验，认真写实验报告，最后被正态的准备
42759,484,吴敏,2017-01-15 04:50:54,4,5,1,吴老师开工科生的玩笑印象很深，八个老师里印象最好的老师。给分嘛…写出感想分也不一定高啊，字丑没人权。\n\n
42814,484,吴敏,2017-01-15 08:21:52,6,8,2,我字不好看啊，然而4.5，写一些开课的意义吧
42850,484,吴敏,2017-01-15 09:41:45,2,4,2,给分一般 但人超好 上课很好
43063,484,吴敏,2017-01-15 15:39:45,5,5,0,报告写了辣么多字，不能因为字差否决我啊...这考评看不出水准...
43479,484,吴敏,2017-01-16 10:23:00,-4,2,6,额，生命科学导论实验的了目前最低绩点，不想say了，听说这是针对我们这些专业的低分
43813,484,吴敏,2017-01-17 03:55:01,93,111,18,3.3不解释，顶我上前排，免得祸害众生
45934,484,吴敏,2017-01-20 09:27:18,0,1,1,不点名，但不要逃课，墨菲定律很强大。老师对论文格式要求挺严格的，不过人很好，期末还来找没交论文的叮嘱，他的ppt几乎全是知识点，仔细看会有很大收获哒
46388,484,吴敏,2017-01-21 12:33:35,2,2,0,通核生命科学，给分不太满意，毕竟求是学院院长，上课可以，有收获。
49790,484,吴敏,2017-04-26 04:51:24,8,10,2,什么心得体会都写了很多最后3.3的飘过 当初真是zz了选了这门课 讲道理周末上课真的很不爽 很多活动都去不了 而且还会拖其他作业进度 课本身个人觉得没什么意思 至于上面的兄弟提到的仪器梗 我：？？？ 而且八个老师中有些真的好无语 有的老师实验没按他的步骤做就骂人 有的张口闭口就是扣分
49954,484,吴敏,2017-04-27 13:32:44,13,14,1,生科导实验练了书法再去吧。\n\n
49969,484,吴敏,2017-04-28 01:27:10,2,3,1,反正没迟到认真写给分不是很高，毕竟人多大概正态吧
50678,484,吴敏,2017-05-04 07:37:40,4,6,2,感觉字写的好看态度认真确实容易拿高分，很后悔迟到了一两次！切勿迟到！小实验还是挺好玩的，如果你能一整天好好待在实验室。比起周六时间浪费掉参加个实验课还是很充实的。不过一直不知道吴敏老师是谁。。好像上课老师里没有吴敏。。
51089,484,吴敏,2017-05-16 13:23:39,1,3,2,生命科学课就是在瞎讲
51601,484,吴敏,2017-06-07 12:09:23,2,3,1,超有意思的啊
55529,484,吴敏,2017-07-01 23:34:09,-2,2,4,呵呵 实验其实根本就只是让你动动手 也学不到什么东西 还浪费时间 成绩呵呵呵呵呵呵 垃圾
55767,484,吴敏,2017-07-02 10:42:52,4,6,2,用心上课，用脚出试卷
55870,484,吴敏,2017-07-02 13:56:06,0,1,1,3.2
56533,484,吴敏,2017-07-04 02:48:10,0,0,0,很可爱很幽默的老师
56958,484,吴敏,2017-07-05 06:03:22,2,2,0,好生气
58024,484,吴敏,2017-07-24 04:00:50,4,5,1,生命科学吴+唐，上课会讲哪里会出题考，期末去找找有一个生命科学复习的word（讨论课里一个大好人发的），讨论课助教小姐姐超nice，成绩主要看期末吧，word背一背大题基本没问题的。
60472,484,吴敏,2017-10-22 03:23:33,2,3,1,文科生不要来作死，真心话\n\n
60802,484,吴敏,2017-10-30 11:59:57,0,1,1,千万别选生命科学 事情超多 拖堂两小时
61668,484,吴敏,2017-11-20 04:04:27,-5,0,5,我的分数还不错，重点大概是字要好看
61669,484,吴敏,2017-11-20 04:14:36,3,3,0,? 正态。原因估计是字不太好看
61671,484,吴敏,2017-11-20 08:03:07,0,3,3,给分超级低
61675,484,吴敏,2017-11-20 05:45:38,6,7,1,3.3 微笑
61678,484,吴敏,2017-11-20 15:59:22,5,9,4,3.3。垃圾课程，毁我青春。耗时事多，评分差，无所获。
61683,484,吴敏,2017-11-20 06:18:59,5,6,1,3.3(๑˙ー˙๑)
61686,484,吴敏,2017-11-20 06:21:28,0,3,3,有趣的
61692,484,吴敏,2017-11-20 06:40:09,3,3,0,八次课印象最深的就是吴敏老师的课\n\n不谈给分，吴老师本人还是超可爱的，上课很有趣
61693,484,吴敏,2017-11-24 07:53:24,8,10,2,有趣，但是给分低，感觉自己的字挺好的，每次也认真写，不知道哪里出了问题
61694,484,吴敏,2018-09-14 02:16:37,29,29,0,讲道理生科导实验就是一门体验的课，学不到什么生物学的知识，但你能熟悉它的实验过程。有几门实验会给你做纪念品一样的东西，比如人工琥珀啊、植物组培啊什么的。如果你能够抽出四个周末每次花一天的时间在这门课程上，并且确实对这些实验内容感兴趣的，而且不在意正态，我觉得可以试试。如果只是想水水过or周末要赖床or实验报告字不好看水不长or怕被正态，就别来啦——from过来人的经验。（ps.有的时候周末都有安排，可以每次周末提前多上掉几次实验，避免冲突。比如按安排这周上两次，你去上三四次也是ok的。）（pss.最好不要在冬学期选，测血压的时候要做一个变量，双手浸冰水1min....秋学期就已经感觉很刺激了...）
61701,484,吴敏,2017-11-20 07:32:53,5,6,1,3.9→_→，不是很满意。据说成绩主要来自于解剖花写花程式。每个实验由不同老师负责，当堂上交实验报告，可以带琥珀，标本和组培的植物回去做纪念品，都装在漂亮的小瓶子里面。不过这个真的很费时间，一做就是一整天（现在终于体会到了周末的美好），而且最后一个实验遇到了一个当着所有人的面（不指名）diss我的老师，为此惆怅了整整一周。另外，把手放在冰水里中的很变态很痛啊，我只坚持了20秒，同桌只坚持了十几秒，冬学期慎重考虑。
61710,484,吴敏,2017-11-20 08:23:46,1,3,2,上整整4天课
61711,484,吴敏,2017-11-20 08:25:13,2,4,2,好好写报告，字也可以，结果还是被正太
61717,484,吴敏,2017-11-20 08:46:00,0,2,2,耗时间，课还蛮有意思的，分数普通
61721,484,吴敏,2017-11-20 09:16:55,3,4,1,给分太低了
61723,484,吴敏,2017-11-20 09:30:11,1,2,1,给分很迷，有些人不做实验，实验报告数据全抄袭，但给分大部分看实验报告\n\n\n\n
61727,484,吴敏,2017-11-20 09:50:24,-3,1,4,真的不知道这门课的评分标准是什么，还是认真吧。有些占时间，周末的时候真的会和很多事情冲突起来。但是老师挺好的。这门课真的很有趣，还可以带回自己做的东西。
61729,484,吴敏,2017-11-20 10:14:39,0,3,3,真的很有趣的一门课啊，每节课都能接触各种高端的设备，还能带回去琥珀标本和植物组培的幼苗。主要成绩还是要看花程式，花程式写对了分就会高。我字丑也是4.5啊，唯一的遗憾是没有听上吴老师本人的课。
61731,484,吴敏,2017-11-20 10:31:37,1,3,2,字丑惨遭正态。
61752,484,吴敏,2018-12-26 17:09:13,48,52,4,我3.9，但我对这门课无话可说，因为我从没听过课，每次下课前十分钟狂抄旁边的队友，结果队友特么3.3，真呵呵了(打抱不平)
61781,484,吴敏,2017-11-21 01:43:26,20,22,2,选这门课你要先审量下自己的字，全程认真写报告，占用4个周六，冲掉无数活动，没有迟到没有早退，给分非常正态，最后3.3，心情复杂，不应该怀疑之前同学的经验
61787,484,吴敏,2017-11-21 02:22:05,3,4,1,给分低
61891,484,吴敏,2017-11-21 11:46:30,4,5,1,听得很认真，做实验也过的去，3.3感觉心里蛮不平衡的，根本没原因啊，我字也不丑啊。。。
62026,484,吴敏,2017-11-22 07:51:30,0,0,0,老师还是很棒的
62061,484,吴敏,2018-01-23 14:23:47,5,7,2,生命科学考试要背的东西很多，讨论课两周做一次PPT，还有一次辩论赛，在通核里应该算事情比较多的，不过相应的能学到一些东西。老师讲得不错，会和学生商量考题，比如诺贝尔奖? ? ?
62173,484,吴敏,2017-11-23 03:56:35,2,3,1,上课很有趣很好玩但是绩点好低...
62902,484,吴敏,2017-11-27 10:03:35,2,4,2,给分可以说是让人超级难受了。
63407,484,吴敏,2017-12-03 08:09:13,0,2,2,非常好，不管有没有学过生物，只要对这方面感兴趣，都可以选这个课，课程的内容很有趣，老师也很好，赞一个
63921,484,吴敏,2017-12-19 08:03:20,1,3,2,培养具有国际视野的世界一流人才
64402,484,吴敏,2017-12-23 08:12:35,7,8,1,实验还挺有意思的，而且只有一个短学期，没几个周末就过去了。但是！！给分太伤心了，跟另外一个同学一起做的，实验数据都差不多，我的字也认真写的，说不上很好看至少也很整齐了，然而同学4.5我3.3。慎重啊慎重
64466,484,吴敏,2017-12-24 08:36:45,1,1,0,问一下大家 两个实验没做会不会死
67838,484,吴敏,2018-01-22 08:07:17,1,1,0,给分超级坑
67861,484,吴敏,2018-01-22 08:21:36,5,5,0,生命科学导论，老师很好，课程很好玩，能见到很多新奇的实验用具，喜欢的同学可以玩玩。但给分迷
67862,484,吴敏,2018-01-22 08:21:58,7,7,0,回答一下楼上上，漏一个实验就已经要死了，我2.7(微笑
67870,484,吴敏,2018-01-22 08:26:50,2,2,0,傻逼，绩杀
67871,484,吴敏,2018-01-22 08:27:52,5,5,0,3.3，上课大家都认真做实验，写实验报告写得很满，最后3.3。无话可说
67878,484,吴敏,2018-01-22 08:39:43,3,4,1,迷之给分……
68035,484,吴敏,2018-01-22 13:40:10,1,7,6,4.5说声谢谢！建议不要选，周末全天太累了，真的太累了。\n\n上课为了好好写实验报告，连水都不敢喝，比微积分听的还认真。4.5确实是太难了，建议别选！！！实话那么认真为什么不满绩？看字的好坏嫌疑很大
68111,484,吴敏,2018-01-22 14:56:49,7,8,1,生科导实验预修要求：书法
68418,484,吴敏,2018-01-23 07:37:27,1,2,1,要花四天做八个实验，差点漏掉，在最后一个周末补了两个实验。最后4.2，不是很满意，因为上课真的很认真啊，报告也写到手费。可能更看重体会什么的吧。
68547,484,吴敏,2018-01-23 10:43:14,0,0,0,周末上课挺累的\n\n
68665,484,吴敏,2018-01-23 14:46:48,2,2,0,生科给分确实不好。。。。事情多。。。。。。如果不是实在选不到就别选
68713,484,吴敏,2018-01-23 15:55:19,2,2,0,巨低分 给分贼差
69409,484,吴敏,2018-01-24 15:21:37,0,1,1,课挺有意思，但是做好被看脸给分的准备
74724,484,吴敏,2018-03-05 09:13:48,3,3,0,生科导实验主要就是玩。只是玩得比较有水平，作为一个开拓视野的课很棒。强烈推荐非理工科的同学上一次，以此感受作为以工科立校的综合性大学的特点。
75078,484,吴敏,2018-03-07 08:40:39,2,2,0,为什么荣誉课还要正态
76959,484,吴敏,2018-04-26 14:17:04,-1,2,3,讲道理，我和女朋友每节课都是一起上，实验内容肯定是一样的，实验报告写得也没差多少，就因为她字比我好看，我3.3她4.5。
80217,484,吴敏,2018-06-22 01:04:35,7,7,0,生命科学通核课‖两个老师上课挺有趣的，知识很多高中学过(不过好多忘了)，讨论课有些吐槽的地方，首先就是形式是讲PPT，然后下面的人提问的形式，提问据说占的比很大，emmm，然而似乎不听也能提出问题，而且有的同学提的问题实在有点，牵强，哈哈哈，建议换个形式，调动下面人的积极性，实在不行考虑考虑提问的质量好么，只要说了就算问题，我觉得对认真听讲的同学有点点不公平，毕竟除了胆量也需要科学性嘛。还有就是6份PPT，一般很难真的去找各种资料吧，一两次还可以，所以就是百度百科了，实在不知道有多么大的意义，不要每次都要每个人做就好了吧。最后就是神奇的辩论课，呜呜呜，完全没看过辩论的人，完全吃瓜了好吧，大家都拿着事先写好的稿子念，前后都没啥逻辑，当然个别专业的同学一看就知道了，完全就是虐菜了。考试不知道，给分也不知道，但目前来看比较失望，讨论课形式死板，理论课逻辑欠缺，尤其对高中是理科的同学，科普的作用也起不到。不过，是选不上其它通核才来这里的啊，没办法，总之，不急着上的同学，尽量选选其它的吧，新奇的东西总归有趣些。
81332,484,吴敏,2018-07-04 19:31:22,0,0,0,前排表白通核课的助教赵哲小姐姐，好看又温柔，人超nice！\n\n吴老师和唐老师emmm先不评价(捂脸
89035,484,吴敏,2018-11-14 11:40:54,2,3,1,有趣，但是也只是有趣了，单看实验报告给分
89892,484,吴敏,2018-11-21 07:12:34,1,1,0,emmm，课还是比较有趣的，但是绩点3.9，感觉不是很满意吧，感觉自己辛辛苦苦认真写的报告，周末事情撞的惨烈，但是有些理科要求比较强的知识点确实不太有共鸣，如果周末活动或工作比较多的同学慎选。。。
89893,484,吴敏,2018-11-21 07:15:41,0,0,0,。。。
89896,484,吴敏,2018-11-21 07:28:56,3,3,0,3.3[抱拳]是真的，大学第一门出分的课，强行被正态，哭了，看前排评论都说给分差，3.3出现频率很高，算是亲测真实了，看出勤和实验报告给分，实验报告当堂写当堂交，没有很大的差距，心得体会也写了很多，只有一个学分，周末上课很emmm，不建议选，学分够多了建议就别选了，真的，觉得选的学分不够高的，三思，真的喜欢这个课不在乎分或者真的很优秀相信自己一定能高绩点的朋友，那就，随便你吧[抱拳]
89900,484,吴敏,2018-11-21 07:48:16,1,1,0,课是挺有趣，好好练字吧。报告别水，课程随意
89901,484,吴敏,2018-11-21 07:51:51,3,3,0,很好啊这门课很有趣\n\n每次实验也能带回一些小惊喜\n\n而且虽然是体验的课程但是也能学到一些东西的\n\n高中没有接触过显微镜的同学(比如我)也能学会显微镜怎么用\n\n就算是文科生也没有关系的\n\nemmmm实验报告好好写分数应该就不会太太太低吧\n\n
89906,484,吴敏,2018-11-21 08:02:07,10,10,0,生科导实验\n\n上课的八个老师中没有吴敏老师也是遗憾。这么课不是给老师打分，而是仅仅对课打分。总的说来，生科导实验是一门超级有趣的课（你想想几乎每节课都能带回来神奇的小东西），而且上课重实践轻理论，老师会把每个步骤讲清楚，所以不存在实验不会做的情况。成绩主要看实验报告是真的。每个实验的实验报告的问题都很少并且不难，上网搜搜或者书上找找都能找到。还是看感想吧。一定要多写鸭！毕竟每周会占去一天的时间，所以想选的同学建议早选哦，趁着锅还不多。。。
89911,484,吴敏,2018-11-21 08:10:59,2,2,0,很有趣收获很大，实验报告好好写还行
89933,484,吴敏,2018-11-21 10:20:51,17,22,5,我是11.14号评价的，再来一次，现在出分了，本以为被正态的，结果还行4.5，我还是支持这节课的，尤其表白琥珀制作的老师，很好，最近总会想起在礼拜天全寝还在睡时，自己早起去实验楼，早上的黄花很好看，各种实验也不错，如果你能认真写实验报告，结果不会太差，而且作为一个工科生，这样的体验生命的课程真的很少了。
89961,484,吴敏,2018-11-21 11:37:36,-3,1,4,1.周末上课时间很难安排，而且只有一学分\n\n2.因为成绩只看实验报告所以恶竞严重，每次交实验报告都看到大家满满一面，建议字要写得清爽 ，排版要整洁（我大概就是因为实验报告有点乱所以才4.2吧）\n\n3.老师其实都还比较nice，课程也挺有趣的，还可以带小东西回去
89977,484,吴敏,2018-11-21 12:23:33,0,0,0,上的生科导。有些老师比较有趣有些老师比较无聊。原来以为字不是很好看担心绩点会很低但其实字只要工整就行啦（横平竖直(｡ì _ í｡)认真做实验好好写报告，享受实验的过程就不会感到上生科导是一件无聊的事情啦！如果是喜欢动手实践的同学可以选呀！
89997,484,吴敏,2018-11-21 13:25:47,1,1,0,我3.9 卡绩了，实验报告写的不多，字也不太好看，海星吧满意啦。我觉得这门课挺不错的，不在意正态的可以试试！真的很有意思啊，会有很多小东西可以带回来。
90023,484,吴敏,2018-11-21 16:37:39,1,1,0,十次实验4.2结束我一厢情愿的单恋
90032,484,吴敏,2018-11-22 00:50:40,0,0,0,生科导实验挺好玩的，就是最后给分太玄学。最后绩点3.3。如果比较看重绩点的话不要选了。
90267,484,吴敏,2018-11-23 01:51:37,0,0,0,累死，分低，字好看也没用
90280,484,吴敏,2018-11-23 03:01:58,2,3,1,实验很有趣，体验课的感觉，有很多纪念品，还能看看实验室的各种设备，不用考试不用背书，每节课按时去认认真真照老师说的做，实验报告好好写，字不要潦草，字数写多一点看上去多一点，虽然要占整个白天，但是感觉比其他通识课都轻松而且好玩，最后4.5
90360,484,吴敏,2018-11-23 09:09:35,4,4,0,课程有趣，整整四天下来起码显微镜用得很熟了，而且可以带回不少纪念品。但是分数不太好。不过感觉绩点和实验操作没什么关系了，我感觉自己操作不错了，结果也都挺好，然而绩点……课程评分可能主要是看实验报告，看书写也不知道有没有。我实验报告的确写得一般，本身字迹大，虽然清楚，但不是非常好看。
90455,484,吴敏,2018-11-23 13:48:10,1,1,0,真的是超级超级有趣的动手操作的实验课！我是文科生，但是只要跟着老师做，操作上不会有问题。没有考试，没有作业，还可以带回纪念品（叶片标本、人工琥珀标本之类的）。成绩是看实验报告的。我最后拿了3.3。所以，看着选择吧。我还是评了8分
90818,484,吴敏,2018-11-26 08:47:41,2,2,0,实验很有趣。给分真的低
90894,484,吴敏,2018-11-27 06:29:26,1,1,0,挺有趣的，讲很多小故事
91079,484,吴敏,2018-11-29 15:56:28,0,1,1,字不好看，尽管内容已经很详细了但分数仍然不高，慎选！
91280,484,吴敏,2018-12-05 01:35:07,1,1,0,课程很有趣也挺有意义，绩点什么的看太重没什么意思。
91379,484,吴敏,2018-12-07 05:40:39,0,0,0,可还是很有趣但就是乱打分很让人心塞
95737,484,吴敏,2019-01-20 03:04:02,-6,0,6,嘤嘤嘤哭了，我字写得挺好看的而且写得多，为啥才4.2上这个课巨累
95739,484,吴敏,2019-01-20 03:10:32,1,1,0,生科导实验 有趣轻松特别水 医化生专业的同学来玩一玩还是挺好滴也容易得高分 上课不用听 实验报告认真写就行！
95743,484,吴敏,2019-01-20 03:22:43,-1,0,1,给分差，实验报告全无技术可言，基本靠字(눈_눈)
95774,484,吴敏,2019-01-20 04:32:59,1,2,1,来评生科导实验的\n\n实验其实挺有意思的，老师也很有意思，每个老师都很有趣，还有送实验的小礼物（自己做的培养皿、自己做的组培、自己做的琥珀、自己做的花的标本）\n\n虽然挺占时间的，但是弹性还是可以的，只要在前四周的周末做完这个八个实验就行\n\n但是给分的标准有点迷，之前就听闻过字好看得天下，我刚开始的时候还写得工整，后来也没什么追求了，是有种摸奖的心理等成绩。\n\n最后4.2（挺好的我觉得，因为报告没鹅颈），和我一起上的同学，被正态了，明明两人报告都没差，不知道怎么给的分。\n\n不关心绩点的可以考虑一下
95785,484,吴敏,2019-01-20 04:46:32,0,1,1,有趣，但超耗时，早上起不来，最后绩点也不高。
95808,484,吴敏,2019-01-20 05:45:10,-3,0,3,分低 3.9
95852,484,吴敏,2019-01-20 06:26:55,2,2,0,不知道为啥选了这样一门到头来感觉没意义的课，还只得了这么低的分，每次都提前来而且都这么认真写报告了还想咋滴啊
95885,484,吴敏,2019-01-20 07:30:27,-1,0,1,课很有趣，字不好给分就不好
96075,484,吴敏,2019-01-20 12:25:09,2,3,1,评分没有具体标准，第一次被正太，3.6，给分...真的一般。自认听取同学经验后，报告写的还算认真，字也不算丑。课程内容还是比较有趣的，对于拓宽视野也有一定帮助吧。不多说，想要刷绩点，不推荐。
96155,484,吴敏,2019-01-20 13:37:29,0,5,5,贼恶心，被正态了，我努力了一个学期，然后告诉我被正态了。我写满了每一份实验报告，字个人感觉还不错，然后就被正态了，你在逗我?微积分好不容易考了4.8的绩点，然后被这种课拉下去了，难受。
96223,484,吴敏,2019-01-20 14:37:41,2,2,0,课真的很有趣，真的很有趣，真的很有趣\n\n重要的话说三遍
97175,484,吴敏,2019-01-21 23:40:26,-1,0,1,垃圾的一批
97669,484,吴敏,2019-01-22 12:55:57,0,0,0,可以提前上完\n\n
101578,484,吴敏,2019-01-28 13:21:32,2,2,0,通核不错
103346,484,吴敏,2019-02-27 11:34:23,0,0,0,分低，水
104003,484,吴敏,2019-03-17 03:02:40,0,0,0,表白琥珀制作的老师，真的很好，然后先评个十分，希望给分不要让我失望
104306,484,吴敏,2019-03-17 09:38:53,3,4,1,生科导实验真的超好玩！！！认真写报告分数也会不错的！
104910,484,吴敏,2019-03-30 13:08:09,3,4,1,请问是不是想拿高分就得当舔狗，抱歉我不是很喜欢，cnmd
105215,484,吴敏,2019-04-07 12:09:38,-12,2,14,我是ikun，考前刷蔡徐坤nmsl，看蔡徐坤打篮球，结果我满了
106381,484,吴敏,2019-04-27 01:33:47,1,1,0,垃圾给分！我每次认真上课写实验报告就是字不咋好，，，3.3md
106421,484,吴敏,2019-04-27 08:00:21,-6,1,7,开始好担心自己会被正态  因为老师评分不好  我的字也不好看  但是实验的时候真的感觉很好玩啊   最后4.5  我觉得给分的话更多看态度吧  好好写就行了  也不用恶竞
108170,484,吴敏,2019-05-16 03:26:51,4,5,1,妖言惑众
108178,484,吴敏,2019-05-16 05:26:37,2,5,3,地沟油请您去喝吧\n\n学校食堂你也去管吧 请
108215,484,吴敏,2019-05-16 14:30:50,5,5,0,杂交是转基因，看来您的父母生下您也是转基因哦
111231,484,吴敏,2019-06-30 16:29:47,-6,0,6,垃圾垃圾垃圾
116901,484,吴敏,2019-09-17 06:10:27,0,1,1,很有趣
118069,484,吴敏,2019-10-20 07:21:52,1,1,0,吴敏好幽默！生科导真的挺有趣，没有考试，也没有作业，没什么负担一学分就到手了。
120243,484,吴敏,2019-11-25 14:51:45,0,0,0,老师上课很有趣
121404,484,吴敏,2019-12-16 10:27:34,1,1,0,生科导实验说实话给分不差，字丑但是最后还行，认真做实验，做完实验整理仪器，感觉给分不会低\n\n
121589,484,吴敏,2019-12-12 09:55:54,5,5,0,二十年前，潘老校长决定了要开生科导实验…我上了二十多年了
122203,484,吴敏,2020-02-20 03:09:45,1,1,0,吴敏老师上课真的很有趣，而且老师人特别好，很喜欢老师，也很谢谢老师的帮助！
122277,484,吴敏,2020-02-22 07:57:55,0,1,1,搞嗜酸的，微观生物学；上课不错，也幽默；最后3.5
123683,484,吴敏,2020-06-11 11:23:40,0,2,2,上的生命科学通核课，讨论课是每两周上一次，每次自己都要做ppt，但不一定分享。这学期采取线上上课，感觉老师的讲课非常不错，还是蛮有趣的，许多故事也是满生动的，给分的话，是两个部分，宏观与微观的老师分别打分。
125637,484,吴敏,2020-09-12 13:45:11,0,2,2,我觉得老师还是不错的，人很好，生科导均绩就有4.2啊，我一文科生也能拿4.5的绩点，正态不可避免（我也被正态卡过绩很多次），但是认证对待不会差的
125897,484,吴敏,2020-09-15 11:33:45,0,1,1,上课很有趣，通过故事来讲述道理
128333,484,吴敏,2020-12-19 04:01:50,-1,1,2,超级好，不多说
131081,484,吴敏,2021-01-26 01:17:33,0,1,1,老师很风趣\n\n经常分享诺贝尔奖得主的故事~
132180,484,吴敏,2021-01-31 00:52:25,4,4,0,就生科导给分而言，认真做实验写了三份实验报告，考试也尽力去做，绩点仍然3.3。如果你纯粹是为了科学兴趣，而不看重最后会不会被绩杀，还可以选，否则快逃。这个课将成为你花在上面时间最多的课之一，仅次于数分、线代和C程，很有可能费力不讨好
132186,484,吴敏,2021-01-31 01:13:45,3,3,0,生科导H。本人高中无生物选考，这门课后对生物非常讨厌（来自tjj老师的原因），上过冬学期tjj老师的课后觉得吴敏老师上课非常的好。\n\n实验部分听闻需要卷报告，听说有神仙胡萝卜实验卷到6k+字，鄙人难以想象。\n\n自己胡萝卜、花菜两个实验都失败了，两个75分，（大佬是两个接近满分）、实验占50%。实验很看运气，抱上大佬的大腿就直接躺平拿满，像我一样完全不想做就活该听天由命。理论部分自己准备很认真，课件全部过了三遍（以上），并结合98回忆卷，微观部分基本上全部背诵。最后考试客观题部分只有没几个题目不确定。\n\n当时实验出分觉得已经要完蛋了，但最终还是很幸运的有4.2，看起来理论的认真准备还是有用的。\n\n就学到了什么而言，我上这门课只是迫于培养方案的要求，并不想学生物，有些人觉得有意思的实验我也没有什么兴趣。既然本来就是被培养方案逼着来的，（毕竟量子物理量力而行），也就追求些功利的东西了。
133286,484,吴敏,2021-02-23 12:58:30,-4,1,5,吴敏老师讲课还是不错的，条理清晰，比较幽默。课程内容微观部分基本上是高中生物范畴，稍微延伸一点。另外关于课程，其他评论说的实验报告问题，现在实验报告是电子版，不存在字迹问题；实验成功与否不是实验报告的唯一标准，我成功的胡萝卜100分，失败的花菜90分；不用刻意卷字数，我两篇都是两千字左右，五个部分，真不算多。既然选了这门课，想拿高分就认真学，不然别抱怨。
149115,484,吴敏,2022-01-14 12:27:12,0,3,3,生命科学   作为一门通核课程，我真心学到了挺多东西，理论课的话没有作业，讨论课两周一个PPT，我觉得是不多的。关于考试，我认真复习了，但成绩不是很理想(也许是我自己的问题)，平时成绩会把你往上拉一点。对生物感兴趣的同学们可以选。
149151,484,吴敏,2022-01-14 14:24:31,-2,1,3,生命科学，平心而论老师授课还可以，认真听可以学到很多有意思的知识。但是要注意作业一定要自己原创！否则就会费力不讨好哦：（
149248,484,吴敏,2022-01-15 01:19:44,-3,0,3,上课不会很无聊，会点几个人回答问题。讲的内容认真听会学到一点东西。生命科学通核课建议好好做笔记，不要像我一样到了期末边疯狂整理ppt。老师上课说要考的内容一定要记牢记完整。
149739,484,吴敏,2022-01-16 15:46:18,9,9,0,上的是生科导（H）。\n\n每节上课都会点名提问，或许可以认为是某种点名？\n\n感觉讲得还行，但上课的时间总是给我午睡的点（x）\n\n讲讲考核\n\n40%期末考，20%组织培养实验，20%基因工程实验，10%课程论文，10%课堂表现（点名）\n\n1. 期末考：吴敏的微观和唐建军的宏观对半开，整体上是20分判断，20分选择，6*10分大题。\n\n吴敏老师上课时会透露两道大题的题目（考默写你懂得）\n\n其他的选择判断和剩下一道大题在上课ppt中都有，有些很细节。\n\n考前一定要复习上课ppt，找cc98回忆卷，生命科学的那份卷子在宏观部分也有参考价值。\n\n2.课程论文应该是吴敏评分的，主要考察的是格式（浙大学报理学版）。内容要求与课程相关，不要太低级就行。\n\n格式这回事就好好整吧。\n\n3.课堂点名可能是唐建军的某一次更重要一点。\n\n4.实验部分请参看徐程老师和赵小立老师的评价。\n\n5.最后合分的是吴敏。
151529,484,吴敏,2022-03-07 02:01:59,2,3,1,龟鳖丸
175730,484,吴敏,2023-06-26 10:31:04,5,6,1,生命科学通核上课会点人回答问题，讲课很吸引人，质量比较好，但是事务巨多，六个PPT，一个仿真实验，七节讨论课上到九点半，而且期末闭卷，而且还绩杀，另外，这门课绝对不建议人文社科的选，它主要的面向对象基本上是不学生物的工科生
180662,484,吴敏,2023-09-24 12:40:22,14,15,1,后来的人注意一下，这里是两位不同但是重名的老师，电院的吴敏老师人很好的~
180873,484,吴敏,2023-09-27 10:59:57,4,4,0,生命科学恶竞我吐了
181089,484,吴敏,2023-10-08 02:44:59,8,8,0,太吵了，废话太多，别夸夸其谈了，大四真的受不了这苦，赶紧退休吧，别哄骗大一了
187966,484,吴敏,2024-01-18 02:08:58,13,13,0,生命科学，真不理解，好好的一门通核，本来仅仅给学生拓展知识多好，非得搞一堆事，讨论课上了一学期我也没明白上这个课有什么意义，除了做ppt恶心人之外好像也没什么作用，3.0学分的课，你搞得事多分低还卡绩，这下好了，下学期没人选了，真的难绷
188622,484,吴敏,2024-01-19 12:15:31,9,9,0,生命科学课傻逼一个
188637,484,吴敏,2024-01-19 12:38:55,7,7,0,不得不在这里吐槽一下了。生命科学课，6个PPT，1个所谓“仿真实验”，期末闭卷，绩杀......本人有幸在生命科学课上得到比大学英语Ⅲ还低的绩点，在此吐槽。
17409,521,卢建平,2016-01-20 07:34:15,2,3,1,和蔼可亲
31138,521,卢建平,2016-07-03 09:11:25,3,3,0,公正 但是上课略催眠
34000,521,卢建平,2016-09-25 06:44:44,1,2,1,很好的老师
38408,521,卢建平,2016-12-03 00:45:27,1,1,0,很亲切
65525,521,卢建平,2018-01-05 06:24:30,6,6,0,老师真的好亲切啊！我上解剖课的时候不敢解剖青蛙还很关心我问我“今天你是观光的嘛？”。上课的时候对学生更多的是启发而不是填塞，提的问题都很开导。
89605,521,卢建平,2018-11-20 02:36:52,2,2,0,略催眠
89606,521,卢建平,2018-11-20 02:37:11,1,1,0,看起来就性格很好的老师 喜欢聊天
96531,521,卢建平,2019-01-21 05:38:02,2,2,0,好，好，好
103291,521,卢建平,2019-02-27 07:12:39,0,0,0,。。。真的催眠，但是老师不错
126418,521,卢建平,2020-09-25 10:36:04,1,1,0,老师人好，是我自己太菜了呜呜呜
162341,521,卢建平,2022-11-20 12:05:34,0,0,0,老师人很好 很温柔
165096,521,卢建平,2022-12-29 06:10:00,0,0,0,老师人很好很和蔼可亲，说话非常温柔，慢慢的，喜欢！！
191914,521,卢建平,2024-05-05 06:02:52,3,3,0,去年上过老师和陆新江老师、许大千老师合上的大学生物学，老师口音很重，但人很好，给分也不错。\n\n原始成绩都比较高，很多同学被正态到89，是其他班给不到的成绩。
14670,534,金勇丰,2016-01-08 08:00:21,6,7,1,老师是大牛，但是实验的时候其实不太管你，爱干嘛干嘛，只要把那周的实验进度做完就好。
28390,534,金勇丰,2016-06-28 08:48:48,4,4,0,的确大牛(从气质上感受)，人很和蔼，要求也不多。
42862,534,金勇丰,2017-01-15 10:03:17,0,1,1,很可爱的老师呀
44760,534,金勇丰,2017-01-18 08:13:48,0,0,0,很棒啊，给分高！
74358,534,金勇丰,2018-06-12 02:12:43,21,26,5,大二狗最后的一门化学课总算上4了，惊喜得不得了。金老师上课日常是念PPT，偶尔和我们互动一下，会说答对了问题有加分，但估计不知道加到哪里去了，人很和蔼可亲。平时没作业，一学期的课很容易就这么一边慌张一边迷茫，一边庆幸地水过去了，然后考试时来补天。最后几节课会有签到。最后一节课会发复习的ppt，但内容浩如烟海，共70页。教材可选择王镜岩的2本生化砖头或者英文版的，都价格不菲。我平时上课嫌重一次也没把书扛去，主要看老师的ppt吧。期末复习抓重点很重要，光看书完全是浪费时间，也会觉得是天书。考试题型是名词解释、选择题、简答题、论述题、5道只告诉你一个酶要写完整结构式的化学方程式默写，可以说是很难了。选择题包罗万象，啥都考，有题库的话就当体育理论考来背吧，这样效率比较高，不过文印店的题库不靠谱。名词解释都是常规概念。简答论述就一模一样的背下来，简答少写点，论述多写点。常考的有酶的高效作用机制、真核生物蛋白质合成过程。这门课还有研究生学，不知道什么情况。
103624,534,金勇丰,2019-03-02 13:28:13,3,3,0,老师很和蔼，但是生化课我听的稀里糊涂，刷几套历年题还是挺有用的。
121735,534,金勇丰,2020-01-21 10:09:13,0,0,0,
130664,534,金勇丰,2021-01-24 06:48:24,4,4,0,超级好的老师，考试题目很友好
132670,534,金勇丰,2021-02-03 08:35:30,6,6,0,速成选手出分后来评一下，优点是期末卷特别简单，掌握基本就能拿个看得过去的分数。缺点是每节课都要签到。老师应该是大佬，想学好和想混分都挺推荐的
142162,534,金勇丰,2021-11-08 03:38:40,5,5,0,事少给分好，签到打勾就好，全班平时分基本全拉满，卷子简单人和蔼，学术大牛科研咖，能水能混能认真学，这种老师凭什么不给满
144041,534,金勇丰,2021-12-16 13:46:43,1,1,0,PPT上还有错误哈，不看书选手难受
166954,534,金勇丰,2023-01-14 10:26:46,0,0,0,老师人很好！生化满绩啦，老师应该是平时分都拉满了
170286,534,金勇丰,2023-03-02 13:00:46,2,2,0,很和蔼的老师，平时分拉满，因为没有作业可能会让人有点没头绪，但是老师真的很好，不是执着于做题拿分的那种。如果要高绩点建议自己先把生化要学什么先搞清楚，再听课就会很有收获。
202676,534,金勇丰,2024-11-14 00:03:40,2,3,1,讲课讲得不怎么样。。
210687,534,金勇丰,2025-01-09 21:24:35,0,1,1,每节课纸质签名点名，上课只会读PPT，期末复习资料0作用，里面只说你要学什么但是几乎不教你，不用钉钉，私加不了微信，神人课程神人老师
10514,690,管文军,2015-11-19 10:38:07,8,8,0,挺认真的，讲得蛮好
10944,690,管文军,2015-11-23 11:51:01,13,15,2,讲课认真，为学生着想，不让滑手机，可带平板看ppt。唯一不会让人睡着的生化老师。
11441,690,管文军,2015-12-01 09:55:09,4,4,0,管老师讲课很好的，对学生真的负责任，还会在课下积极和我们交流沟通。然后我秋学期上课一直坐前排，虽然偶尔会打瞌睡，但总的来说听得蛮认真啦
13912,690,管文军,2016-01-02 08:24:12,3,3,0,很亲切的老师！讲课有节奏，不无聊。还会在QQ群跟同学互动。不让玩手机，但这也是对我们负责
17345,690,管文军,2016-01-20 05:20:58,2,3,1,这个老师可上得真的蛮好的，虽然对课堂纪律要求比较严格，但是上课水平对得起这个要求，认真学真的挺有收获的
18206,690,管文军,2016-01-21 09:25:46,4,4,0,老师上课挺严  给分良心哭！！！！生化甲大爱！！
28381,690,管文军,2016-06-28 08:44:48,4,4,0,语速略略快，但是讲得很有趣。推荐大家上基因工程这门课，没有考试，短学期的课。
29234,690,管文军,2016-06-29 12:58:28,3,3,0,赞?
35748,690,管文军,2016-11-10 08:00:27,3,3,0,学风抓得严 但是很值
55170,690,管文军,2017-07-01 02:40:18,6,6,0,老师上课超级棒！上课纪律严，考前划重点～
56544,690,管文军,2017-07-04 03:08:52,1,2,1,老师上课很严，但是特别认真负责！很喜欢听她讲课！
70212,690,管文军,2018-01-26 08:48:59,3,3,0,完美！
141717,690,管文军,2021-10-21 23:20:39,0,0,0,好耶！
155509,690,管文军,2022-06-13 18:57:23,3,3,0,如果想水，赶紧跑吧，未免0分警告。。。。。。。我们这届好多挂科的（不过未免可能也跑不了了吧哈哈哈哈哈哈哈哈）
172618,690,管文军,2023-05-02 09:20:03,0,0,0,老师管的很严，而且比较喜欢拖课
43407,736,蒋萍萍,2017-01-16 08:23:27,-2,0,2,老师负责的，因为课程要求所以点过名，会有一题左右的课后的思考题
126790,736,蒋萍萍,2020-10-20 06:09:28,17,18,1,医学遗传学 讲的有点惨烈
141438,736,蒋萍萍,2021-10-09 03:49:07,9,9,0,医学遗传学，上大二以来从来没上过这么无聊的课
142030,736,蒋萍萍,2021-11-04 07:31:29,6,6,0,医学遗传学，讲的根本不能听
142086,736,蒋萍萍,2021-11-05 11:13:11,7,7,0,医学遗传学，蒋老师讲的部分，双耳未进一字，不是不想听，是实在难听
161186,736,蒋萍萍,2022-10-31 11:26:14,2,4,2,遗传学，不堪入耳
161192,736,蒋萍萍,2022-10-31 13:06:30,5,5,0,上课时一点也听不下去，现在迫于复习压力来听回放，眉毛拧成疙瘩*n。我负责任的说，不预习想听懂她在说什么的话纯属做梦。
181564,736,蒋萍萍,2023-10-23 03:35:33,3,3,0,一节课说不了几句有用的话
181627,736,蒋萍萍,2023-10-24 15:20:13,3,3,0,讲得还能更难听点吗？PPT也不清楚。
181636,736,蒋萍萍,2023-10-25 03:32:37,2,2,0,听不懂啊听不懂
182135,736,蒋萍萍,2023-11-10 12:53:22,3,3,0,讲的是真有点烂，ppt也挺垃圾的，建议回大学重修捏。ppt逻辑条理不清、极度混乱，能不能求是一点？“啊那这个它就binding氧气”一句话不掺点英文你不能说？
182179,736,蒋萍萍,2023-11-11 13:30:06,3,3,0,md讲的一点逻辑没有，ppt更是tmd没逻辑，kao，你知道你tm讲两节课是我们tmd遗传的1/4啊，啊啊啊啊啊，要死了，疯了\n\n/
182834,736,蒋萍萍,2023-11-20 13:55:43,2,2,0,老师ppt做的跟屎一样，上课像个没有感情的AI，不如咸宁的十分之一
183489,736,蒋萍萍,2023-11-26 16:49:13,1,1,0,医学遗传学来的。ppt做得差，讲课没感情没重点，甚至前言后语间都没什么逻辑的，完全听不下去。到课率少好好反思自己的原因吧
201585,736,蒋萍萍,2024-11-04 14:31:38,0,0,0,，，，
201995,736,蒋萍萍,2024-11-08 04:00:43,5,5,0,又他娘的点名又不喜欢好好上课\n\nppt机器关键是ppt毫无逻辑 神经\n\n每天喜欢夹洋文 洋文也念不准\n\n中文还念错别字一堆 \n\n你喜欢洋人趁早滚😡
202053,736,蒋萍萍,2024-11-08 16:39:05,1,1,0,谁说这老师勾石啊，这老师可太棒了
158017,740,寿惠霞,2022-06-26 08:44:23,1,4,3,分子生物学：寿老师很温柔，讲课有意思，考试很简单，给分贼好
177385,740,寿惠霞,2023-07-03 05:54:53,1,1,0,分子生物学，老师讲课讲的有点快啦，希望可以语速稍慢一些~考试还是很基础的
191918,740,寿惠霞,2024-05-05 07:08:25,0,0,0,老师讲课很温柔很有趣，考试题目还是很基础的，最后给分也很好~
33303,747,周启发,2016-09-18 03:33:35,7,7,0,多语教学，语言学习飞快
33304,747,周启发,2016-09-18 03:34:07,2,3,1,三语教学，大二还要学英语。
33305,747,周启发,2016-09-20 04:11:05,3,3,0,口音清奇
33929,747,周启发,2016-09-23 02:08:17,9,9,0,植物生理学ppt奇烂无比，口音难听懂，上课没激情，音调都是平的
34293,747,周启发,2016-09-30 02:54:38,23,27,4,上课会发出鬼畜的笑声，无论是英文还是中文都听不懂，就冲这两点我打十分
34576,747,周启发,2016-10-14 03:19:29,1,2,1,提前一个小时下课
34577,747,周启发,2016-10-14 03:32:01,1,1,0,今天提前一小时下课本来有交流环节结果没人准备。老师也无奈。老师努力做研究吧！人挺好的，口音我们也无奈。\n\n
52639,747,周启发,2017-06-22 00:11:00,10,11,1,希望老师还是不要教学生了…真的不合适……还是好好搞研究吧……老师人挺好的专业知识也够但真的讲课otz
54582,747,周启发,2017-06-29 17:39:03,3,3,0,我就想问一下这是哪里的口音（捂脸）
56575,747,周启发,2017-07-04 04:07:45,4,4,0,老师。。。嗝。。。这个。。。。现在我们讲。。。。嗝
57007,747,周启发,2017-07-05 06:54:51,6,6,0,上课口音听不懂，没逻辑，事后看ppt，ppt杂乱无章。期末考试不给明确范围，结果就是复习的全没考，考的全没复习。平时分是没有的吗？还是说我期末考试挂了？给分那么差！
72763,747,周启发,2018-01-31 05:05:49,1,1,0,辣鸡 给分什么鬼
86723,747,周启发,2018-09-18 06:26:03,-2,1,3,老师讲课非常给力
100658,747,周启发,2019-01-26 14:03:36,2,3,1,考试上厕所的人真多…《呵呵
125978,747,周启发,2020-09-16 07:08:20,4,4,0,应该是西南官话西蜀片岷赤小片的口音
148988,747,周启发,2022-01-14 06:03:53,3,3,0,绩杀，绝对的绩杀，喜提大学最低绩点，上课也讲不明白，一点都听不懂，快逃！！！！
151851,747,周启发,2022-03-17 13:48:08,2,2,0,我考虑了多次，之前很可能是判断错了，不是西蜀片岷赤小片的，应该大概率是川黔片成渝小片的。
189121,747,周启发,2024-01-22 04:33:34,0,0,0,老师口音很重，根本听不懂在讲点什么，后面几节课换了一个老师讲得清楚了不知道多少。最后期末给了提纲，大题基本都在里面，选填有些题库里没有，最后给分也蛮烂的。但是专业课也没得跑，认命吧
10454,749,席咏梅,2015-11-19 02:16:59,3,3,0,东方人
18251,749,席咏梅,2016-01-21 10:34:01,14,14,0,拖课大魔王
47798,749,席咏梅,2017-02-25 05:37:31,8,8,0,上课都是第一次看见ppt的样子
116605,749,席咏梅,2019-09-12 03:35:18,8,9,1,拖课拖到要死了……自己组织讨论还不算时间……事又多又烦  同学们信我的 要是一样的课能选其他老师的就尽量选其他老师的……
117566,749,席咏梅,2019-09-26 04:21:43,8,8,0,铃声响了还能慢悠悠泰然自若地拖课我也是服气。
118256,749,席咏梅,2019-10-24 03:06:25,7,7,0,是不是下课了\n\n我们中间不下课的\n\n？？？？？？？
118463,749,席咏梅,2019-10-27 08:58:55,-5,2,7,老师太可爱了太可爱了！生科导老师中最好的一个！虽然下课没有提前多少但没有拖堂！很可爱！
121565,749,席咏梅,2019-12-12 11:23:51,4,4,0,有一说一，很困，还拖tutorial，节奏真的差
121566,749,席咏梅,2019-12-12 11:23:58,5,5,0,能别拖课吗
127002,749,席咏梅,2020-11-02 07:42:32,2,3,1,绝了，真的
127028,749,席咏梅,2020-11-03 06:28:59,5,6,1,科研不论 教学方面这老师绝对是智障级别的
142031,749,席咏梅,2021-11-04 07:33:16,3,3,0,大概是医学遗传学的老师吧，讲的超级无敌差
161022,749,席咏梅,2022-10-24 04:26:21,0,1,1,拖课！
161042,749,席咏梅,2022-10-25 00:19:16,0,0,0,我真的无大语
161082,749,席咏梅,2022-10-26 04:32:41,-1,0,1,纯纯书杯一个，上课让你上来问问题浪费时间，然后课剩一大堆讲不完，烂！！！
161153,749,席咏梅,2022-10-29 16:21:09,2,2,0,160页PPT前80张讲两节半科后80张讲30分钟\n\n课件休息三分钟下课拖堂二十min\n\n我是谁？我是凌晨补笔记的破防人，你睡得着我我睡不着啊啊啊啊啊啊啊啊\n\n要不是没有负分我直接往负一百打期末这个教师评价我填定最低了
181668,749,席咏梅,2023-10-27 11:22:05,3,3,0,学问是没有的 事儿是贼多的
181767,749,席咏梅,2023-10-31 07:05:49,1,2,1,1分支持一下
182136,749,席咏梅,2023-11-10 12:54:36,1,2,1,ppt做的有点烂，讲课也是，一点也不便于学生理解。。。中间不下课，头重脚轻，重点混乱。。但是比jpp好
182835,749,席咏梅,2023-11-20 13:56:29,2,2,0,一百五十面ppt，讲不完就别做这么多啊，最后三分钟讲完50面，量子学习法是吧
200985,749,席咏梅,2024-10-26 04:30:49,1,1,0,拖你妈课呢
15670,760,江辉,2016-01-16 05:40:49,6,6,0,老师讲的很好人也很好，但是我并没有什么软用☹
34316,760,江辉,2016-12-05 08:41:45,2,2,0,。。。。。。。。
35352,760,江辉,2016-11-09 04:36:52,1,2,1,很健谈\n\n
43556,760,江辉,2017-01-16 14:06:38,4,6,2,超和蔼的老师！有问题问他 他都仔细跟你一起分析 上他的实验课顺顺利利心情愉悦！
52003,760,江辉,2017-06-14 06:08:04,16,19,3,老师也太可爱了吧，跟他聊天很开心，人也很随和，很年轻很有活力
57203,760,江辉,2017-07-06 04:47:11,4,8,4,老师的给分略差
58564,760,江辉,2018-06-14 23:55:29,2,4,2,超级喜欢他！人也好课也好给分也好！
59599,760,江辉,2017-09-24 13:02:17,2,6,4,给分巨坑
73008,760,江辉,2018-01-31 14:28:13,5,6,1,老师上课很有自己的风格，热情，不拘小节\n\n没有作业!
76468,760,江辉,2018-04-10 09:20:53,2,3,1,我好喜欢他
79126,760,江辉,2018-05-23 14:26:35,3,4,1,很和蔼很可爱的一个老师，对学生要求不会局限于教纲，能真正学到东西。
79353,760,江辉,2018-05-31 13:20:01,5,10,5,这是一个很不错的老师，很有责任心，而且年轻极具活力，上课很有激情，效率很高。这一点非常赞！然而老师可能对遗传物质这一章并不是很了解，上课经常会犯一些小问题，奇怪的是居然都没人指出来，老师自己也似乎不知道。要教好生化，必须全面性把握生化知识，不能仅仅局限于自己的研究领域。
84419,760,江辉,2018-07-12 22:42:14,1,2,1,老师贼棒！会跟我们讲很多有趣的东西!课也上得贼好!
85350,760,江辉,2018-07-17 07:38:54,1,4,3,好老师，今年新从中科院调来，关怀学生！
86673,760,江辉,2018-09-18 02:21:20,3,3,0,听老师讲故事很有意思，但是讲课有点点混乱的感觉】
96428,760,江辉,2019-01-21 03:25:55,2,4,2,老师讲课很棒！特别有激情，实验课也会好好指导，感觉很可爱2333超喜欢这个老师啊 最后没有满绩好难受155551?
100250,760,江辉,2019-01-26 00:54:42,1,1,0,喜欢老师!看到最后分数感动哭了\n\n
105906,760,江辉,2019-04-23 02:30:26,1,1,0,明天就要考蛋白质组学，老师上课很生动、很有趣，强推！\n\n我想想哭（感动的那种），求老师给个机会！
106165,760,江辉,2019-04-25 11:39:34,1,1,0,老师认真的很好，上课有趣，解答也很耐心。\n\n绩点的话大家一定要把小组展示和PPT看熟。
110472,760,江辉,2019-06-27 04:29:52,1,1,0,老师上课超棒，知识渊博类型。感觉如果平时留一点作业思考题之类，就更好了orz.
112114,760,江辉,2019-07-03 15:25:54,0,1,1,听别人说生化甲很可怕，有同学也挂了，但是上江老师的生化，拿了大学以来第二高的绩点，江老师真的人好！！上课很有热情~
120751,760,江辉,2020-01-16 09:30:23,1,2,1,老师真的很随和很可爱！做实验也特别注意变通～生化实验事不多给！分！巨！好！
135227,760,江辉,2021-05-06 08:32:42,1,3,2,蛋白质给分巨好，感觉人均4.5
153085,760,江辉,2022-04-25 05:46:44,0,1,1,555激情给江辉老师打call！ 讲课很清晰！人又幽默又有趣！考试也简单，都是ppt里的，出成绩快给分也超好qaqqqq 都给我选蛋白质组学ok？
156842,760,江辉,2022-06-21 06:24:30,0,1,1,江辉就是我爹！！我爱江辉！！！！！全sky我最喜欢的老师！！上课有激情回复快对同学好，不仅仅是单纯按照课本上课，还会顺便讲很多科研能用上的知识或生活中的事情！！
166780,760,江辉,2023-01-13 14:35:45,0,1,1,江老师这学期的生化实验缺了几节课。\n\n但从剩下的课都能看出江老师的负责与认真。\n\n不过有一说一，MOOC的考试真尼玛难。
191829,760,江辉,2024-05-01 04:53:39,-1,0,1,江辉yyds，上课讲得很细致，认真负责，钉钉答疑回复很快。蛋白质组学事少，学的到很多东西，而给分高！快冲！
200525,760,江辉,2024-10-18 06:45:36,2,3,1,很好的！
211701,760,江辉,2025-01-12 08:22:35,-2,0,2,24-25秋冬生化成绩刚出～江老师给分巨好，大爹给我狂捞😭 期末考前什么都不会 考试里面有好多不确定的 卷面估计就五六十分交了卷子最后老师给我捞到3.9😭 大家速冲！and 老师不点名！
218107,760,江辉,2025-04-21 06:49:31,0,0,0,江老师真的超级好！蛋白质组学是我所有专业课里老师讲的最清楚的一门课，给分也很好~学生演讲的时候老师也都一直是鼓励型教学，强推！
9118,765,邱英雄,2015-10-13 12:03:33,4,7,3,英雄哥很能扯，讲课很有意思
33447,765,邱英雄,2016-09-19 10:59:23,4,5,1,挺不错的很有趣
35551,765,邱英雄,2016-11-10 07:26:25,3,7,4,偶尔会点一下名，不错的老师，上课很有趣，不过经常会说日本人比中国讲礼貌［虽然是事实］，可惜课时被缩短导致上课进度就是飞一样［孩子自学吧，听课你甚至来不及拍个照］
35732,765,邱英雄,2017-01-16 02:23:12,4,6,2,老师偶尔点个名，开始上课前会提问。说话很幽默，是好老师啊
36600,765,邱英雄,2016-11-15 04:31:34,6,8,2,他让我觉得学植物是一件很愉快的事情
43440,765,邱英雄,2017-01-16 09:23:29,7,9,2,非常可爱的老师，讲了很多他的见闻，时不时点人回答问题制造紧张气氛233333（所以我完全没敢翘过一次课hhh）讲课比较快，深入浅出非常好懂，10分不能再少(●°u°●)​ 」
60092,765,邱英雄,2017-10-10 06:05:44,15,16,1,充满了科研的热情和家国的担当！
61573,765,邱英雄,2017-11-18 18:45:40,15,15,0,充满科研和教学的热情，有着知识分子的担当，还很可爱，像个小孩。严肃地来说，这就是中国需要的师表典范；开放地来说，能曾作为他的学生，是我的幸运
112518,765,邱英雄,2019-07-04 16:16:10,0,0,0,老师，我给您打10分，求您别让我挂科好吗。我爱您，给您跪下了
113184,765,邱英雄,2019-07-06 01:18:14,0,0,0,邱老师 我在这！
115920,765,邱英雄,2019-08-26 06:57:28,2,2,0,闺女很美丽
121477,765,邱英雄,2019-12-15 14:56:36,1,2,1,邱老师真的是个很有趣的人，上他的课一点也不会觉得三节课长。也和我们分享了很多故事。特别温柔，没距离感。
130417,765,邱英雄,2021-01-22 08:02:08,2,2,0,老师上课很好，就是考试太难了
131015,765,邱英雄,2021-01-25 14:36:34,0,2,2,喜提大学最低绩点，还是四学分的课。老师应该讲得挺好，但我没怎么听过而且菜
133390,765,邱英雄,2021-02-26 14:44:23,0,0,0,讲课一般，有时有点逻辑混乱
134116,765,邱英雄,2021-03-16 07:10:04,0,1,1,“研究生问我，能不能准时毕业啊，能不能发论文啊，影响因子多少啊…”\n\n其实论文都是研究热爱之余顺便发发的，真正对植物的热爱才是教授之风吧
134876,765,邱英雄,2021-04-20 03:52:19,0,1,1,课讲得也不好 还鼓励无意义的内卷 我愿称之为生科院毛概
134879,765,邱英雄,2021-04-20 05:08:08,-1,0,1,班级均绩3出头，慎选
136752,765,邱英雄,2021-06-24 03:54:51,0,0,0,老师很有趣，绩点不高怪自己
34091,769,朱成钢,2016-09-27 02:16:46,0,0,0,懵逼，马后炮，实验做到一半才和你讲解
25373,926,王根轩,2016-05-16 06:45:22,4,7,3,老师水平很高，可能不是很适合教本科生，但有很用心，而且我一个专业外的人也拿到了很好的成绩，老师人很好
44029,926,王根轩,2017-01-17 08:28:33,-1,0,1,老师喜欢开玩笑，课堂提问会非常给力地引导，人也很好
44083,926,王根轩,2017-01-17 09:05:09,-1,0,1,提前来评价，保佑我生态学得高分
44096,926,王根轩,2017-01-17 09:13:59,-1,0,1,老师很有趣，不过每节课都点名
87378,926,王根轩,2018-09-28 00:59:43,-1,0,1,老师真的很可爱很有趣!
89405,926,王根轩,2018-11-19 03:20:10,0,0,0,咳。论考前十分钟才知道是闭卷考是一种什么样的体验。\n\n老师第一节课明明说开卷的?\n\n出成绩很快 再见朋友们我自闭了
89629,926,王根轩,2018-11-20 04:47:30,0,1,1,老师人很可爱，每天都是笑脸。
128062,926,王根轩,2020-12-05 11:34:21,3,3,0,杀得莫名其妙
166037,926,王根轩,2023-01-11 02:03:27,0,0,0,种群生态被杀了，呜呜，老师人很好，但是讲课是真的听不进去，口音加语速之类的。害
3184,980,方祥年,2015-05-19 12:20:25,41,44,3,实验步骤什么都不讲，来你看ppt做就行了他只负责和你扯淡
3670,980,方祥年,2015-06-17 02:10:22,15,17,2,给分还可以，不过据说看印象，实验步骤真的完全不讲，做一步问一步，做错了还要扣分
35443,980,方祥年,2016-11-10 07:16:47,26,27,1,鬼知道我的生化实验是怎么做完的。
37935,980,方祥年,2016-11-22 06:10:07,31,32,1,神他妈垃圾老师，整天上课就只顾着管自己瞎逼逼，别人问他问题，还是只顾着自己在那里自嗨。还蛮不讲理，前一个学期上完后要交什么东西都搞不灵清。再过两年估计就要老年痴呆了。一分都不想给。
38077,980,方祥年,2016-11-24 02:56:38,23,27,4,从来没见过这么能扯的老师，讲无论什么事都没思路，扯了很久都没说到重点，浪费时间
44184,980,方祥年,2017-01-17 11:42:29,9,11,2,被他骂了。。。
58951,980,方祥年,2017-09-19 02:32:46,17,18,1,非常会扯淡 扯淡一个多小时结果 实验步骤什么都不讲 到后来才说来不及了 赶紧开始实验  然后来了个老师骂我们什么都不会不注意真的是没话讲
59699,980,方祥年,2017-09-27 02:16:06,7,12,5,呵呵呵
60077,980,方祥年,2017-10-10 00:53:36,17,19,2,体验极差，每节课开始先bb一到二小时，而且讲的都是和实验课程无关的东西，有关实验的基本不讲，靠自己蒙。
60078,980,方祥年,2017-10-10 00:59:35,18,19,1,我曾经以为我是见过差老师的，直到听了方老师讲课才知道照本宣科的都是好老师?指导实验自己什么都不知道就乱指导，导致我们实验失败的罪魁祸首，宁可自己看ppt搜资料也不想再问他。大概只适合开一门水课
60301,980,方祥年,2017-10-17 03:01:29,16,18,2,瞎教，自己都不会，瞎逼逼是因为根本教不来。绝对是最差实验课体验了。我给1分大家没意见吧。（为什么没有负分）
60312,980,方祥年,2019-08-20 11:05:48,22,24,2,别班老师都看不下去了
61873,980,方祥年,2017-11-21 10:38:16,9,9,0,emmmmm 退课保平安吧
63035,980,方祥年,2017-11-28 03:36:41,3,6,3,早点退课吧
65242,980,方祥年,2018-01-02 04:04:29,4,6,2,一分都嫌多
79823,980,方祥年,2018-06-14 04:20:33,4,6,2,垃圾老师
79825,980,方祥年,2018-06-14 05:01:56,11,12,1,理论上我应该有理有据一二三四五说他哪里不好，但我现在只想说脏话（手动微笑）\n\n第一次给一个老师这么低的分，以前不管老师怎样我都没太大感觉，毕竟学习是自己的事，老师就算纯念PPT也算尽职，这老师真一言难尽
81940,980,方祥年,2018-07-06 14:18:13,3,4,1,浙大的个人主页有点搞
85688,980,方祥年,2018-07-26 01:18:40,-17,0,17,啰嗦是优点也是缺点
86904,980,方祥年,2018-09-19 10:28:17,11,12,1,怎么会有这么啰嗦的老师，自己就意识不到吗？真的不敢去问问题，随便就和你扯半个小时，又不好意思打断。我觉得，这个老师也许什么都别讲，一来就给我们PPT让我们自己做，我们也就自学，这样教学质量会更好。
86982,980,方祥年,2018-11-20 01:04:11,11,13,2,听他的课，真的是绝望，怎么会这么啰嗦，不知所云。
87477,980,方祥年,2018-09-29 09:30:35,10,10,0,这是我浙大见过最垃圾的实验老师，什么时候都在瞎bb，问他问题也依旧自嗨。用电脑操作自己搞不来，就开始骂学生，我们只能找另一个班的老师帮忙。别人老师十秒钟解决的事，他一定要托到一分钟。反正上他的课就没想过有午饭吃，浙大为何有这种老师?
87692,980,方祥年,2018-10-10 05:53:25,4,6,2,要多爽有多爽
88220,980,方祥年,2018-10-24 06:20:49,5,7,2,ppt真是个好东西，有了它我可以自己杀出一条血路
88525,980,方祥年,2018-11-01 00:48:13,5,7,2,为什么要让这种老师来教实验？同样的句子和观点可以连续说一个小时并重复三遍以上。从来不演示实验操作，只会在边上说，说的抽象你不懂了还会骂你。任务最重的一节课一半以上时间都不在？！最后还说你们怎么做的这么慢哦?
88533,980,方祥年,2018-11-01 02:34:04,16,17,1,20年没升过职不是没有原因的
89588,980,方祥年,2018-11-20 01:18:16,10,12,2,balabalabala我不多说了balabalabala我不多说了balabalabala我不多说了balabalabala我不多说了balabalabala我不多说了\n\n\n\n要求都讲不清楚…自我矛盾
90871,980,方祥年,2018-11-27 02:14:34,7,8,1,上课重点内容么不讲，要讲么就讲错，不是我们操作慢，完全就是他说错搞错按错导致我们重新做，没有午饭吃，再见！
90945,980,方祥年,2018-11-28 01:41:43,8,9,1,方祥年就TM是个傻逼，什么都不讲，整天上课不知所云，瞎逼逼扯一些不知道什么东西的东西，丝毫没有益处，退课保平安。
90951,980,方祥年,2018-11-28 03:38:29,9,9,0,自己到底啥样心里没点逼数吗瞎几把乱讲，还说什么我浪费的时间就浪费了，学生的时间就不是时间了?
90952,980,方祥年,2018-11-28 03:39:28,7,8,1,神他妈辣鸡老师！可真能扯！乱七八糟没用的东西扯一堆！还说是学生控制时间不好！别人十点钟下课！我们九点半才开始！非要扯东扯西扯到没法下课！我服了！我觉得他的脑回路和正常人的完全不一样！
90957,980,方祥年,2018-11-28 05:02:39,8,8,0,听他的课和吃s一个感觉吧，要退趁早
90997,980,方祥年,2018-11-28 14:57:22,3,4,1,我只能说*******
91012,980,方祥年,2018-11-29 02:20:12,2,3,1,为什么没有0分？
91020,980,方祥年,2018-11-29 03:37:11,-2,1,3,真是呵呵
91133,980,方祥年,2018-12-01 05:44:47,2,4,2,傻逼老师
91225,980,方祥年,2018-12-04 00:27:48,4,6,2,真的折磨，不知所云，上课看PPT就够了，自己话说不清楚还特别能bb，还不让同学有意见。实验过程自己也不清楚，瞎指导，害的我们重做了一遍。有问题问实验室老师就好了，千万不要找方祥年
91786,980,方祥年,2018-12-20 04:35:56,3,4,1,一个回答问题会骂脏话的老师也让人真是醉了
92048,980,方祥年,2018-12-25 15:40:03,5,6,1,迟到最长记录为四十分钟，示范操作时自己弄碎过玻璃。一句话重复五六遍，下一句话还是重复五六遍。是我目前见到的浙大老师中最垃圾的一个。
92260,980,方祥年,2018-12-27 10:17:38,3,4,1,趁还来得及，退课弃修二选一。
96640,980,方祥年,2019-01-21 08:21:34,2,4,2,其实老师人还挺好的…就是学术水平不怎么好…原理步骤不太讲得清楚 操作也不太熟 能换就换吧 给分我看了看最后总成绩…我觉得应该也不咋地
100467,980,方祥年,2019-01-26 07:18:23,6,6,0,辣鸡老师，毁我生化。
100486,980,方祥年,2019-02-02 09:12:46,-1,5,6,今天出分了 4.5 但是给我卡绩了 emmmm暂且4分 过程实在太难熬了 很辛苦
101515,980,方祥年,2019-01-28 10:37:51,-8,3,11,我给了三分。首先老师讲课水平确实烂到没话说，老是浪费时间而且实验操作基本靠史影老师指导，搞得我觉得他脑回路可能不太正常。不过老师人还蛮好的，虽然情商可能有点低，但是也算尽责了。选上他的生化实验课总的来说也不是完全绝望，毕竟后半学期自主实验就不用听他bb那么多了，前半学期实验前认真看看ppt也还混的过去。听说给分还不错。慎重考虑吧。
102462,980,方祥年,2019-02-03 01:07:26,2,3,1,奇怪浙大怎么会有这种老师
121868,980,方祥年,2020-01-23 02:38:55,-8,4,12,废话确实多，不太会讲课，有时也很严厉甚至蛮不讲理，但是冷静地来看，人其实还可以，会热情地拖住你聊天。自己努力的话给分不差，会有加分。
128004,980,方祥年,2020-12-03 03:13:14,3,5,2,废话真的太多了，每次实验前都要听他讲一个多小时的实验无关内容，实验过程也没有好好指导。
133502,980,方祥年,2021-03-01 10:29:41,11,11,0,看PPT比听他讲还好，天天哔哔一些没用的浪费时间，做实验要被他拖到好晚，自己又不教还骂人，自己还不会，一句话要说三遍，啰嗦，向他请教问题永远得不到解决\n\n我宁愿自学都不要他讲\n\n真的快逃，目前见过浙大最垃圾的老师
140683,980,方祥年,2021-09-15 05:52:07,6,8,2,怎么说呢，只能说查老师诚不欺我……扯一个半小时才开始讲课，两分钟又扯回去了，绝了。快逃快逃
141322,980,方祥年,2021-09-29 12:27:29,8,9,1,我不介意被骂，我介意为了骂而被骂
141517,980,方祥年,2021-10-13 04:41:56,9,11,2,上他课就没有正经吃过一顿午饭，来了先BB两小时，然后骂大家做实验做的慢
141683,980,方祥年,2021-10-20 01:07:05,12,15,3,没有人比方老师更懂生化实验怎么做
141684,980,方祥年,2021-10-20 01:10:41,7,8,1,……我只想吃午饭……\n\n脾气再好也忍不住要口吐芬芳\n\n为什么没有负分！！！\n\n最垃圾的老师，没有之一！！
142427,980,方祥年,2021-11-11 08:55:40,8,9,1,一整节实验课都在废话，关于实验本身一句都不讲，同学问他问题还会骂。上他的课就是在浪费时间。
145283,980,方祥年,2021-12-29 01:08:25,9,11,2,太棒了   \n\n从抗日战争到改革开放，博士后评副教授到，钱学森，黄埔军校西点军校，韩信刘邦，古今中外上知天文下知地理，生物化学屁点不讲。。。。。不啰嗦了噢
145523,980,方祥年,2021-12-30 07:04:06,27,27,0,没上过方祥年的课的人生是不完整的，上过方祥年的课，你宁愿没有人生。
152784,980,方祥年,2022-04-20 01:08:48,8,8,0,查老师诚不欺我
154135,980,方祥年,2022-05-31 09:58:19,4,6,2,讲的挺不好的
154364,980,方祥年,2022-05-31 05:45:59,5,7,2,这什么牛马＊＊＊＊他＊＊＊＊＊＊＊＊＊＊玩意儿
154365,980,方祥年,2022-05-31 05:54:56,1,3,2,fxn能不能414啊👊🏻😅
160180,980,方祥年,2022-09-14 08:11:25,1,3,2,不知道在讲什么东西，什么也学不到，不如ppt，真jb浪费时间
161509,980,方祥年,2022-11-08 03:05:49,2,2,0,…………
161591,980,方祥年,2022-11-09 08:18:43,10,11,1,一个小小的蔗糖酶都能让您悟出国际形势走向和人生大道，佩服佩服。😅
170411,980,方祥年,2023-03-04 05:49:51,1,1,0,给分是还行，人也没什么恶意，但是上课真是太几把烦了
182559,980,方祥年,2023-11-17 12:58:40,-3,0,3,。。。。。。。
189915,980,方祥年,2024-02-02 09:43:50,6,9,3,纯纯折磨怪，也算是熬过去了。fxn是第一个让我有评价欲望的老师。\n\n优点：1.老师不会看你的实验报告和内容，所以这方面的压力较小。2.老师给分还行（不知道他如何做到不看学生上交的实验报告却可以打分）\n\n缺点：1.拖堂，一切是由于他废话太多造成的。2.由于废话太多，所以不要指望能在他的课上学到有用的知识。3.脑子不太清楚，会胡扯和改动一些实验过程中的步骤和数据，间接导致实验失败。\n\n总之，上他的课就当他是空气即可，拿准了一份ppt，按照上面的步骤自己做就行，还有就是不要接他的话，不然他会给你扯很多与课堂无关的东西。
198471,980,方祥年,2024-09-09 06:29:00,7,8,1,你是怎么麻痹的让我第一节课就想评论你的，卧槽石中石啊，讲废话讲了1个多小时，我的天
200124,980,方祥年,2024-10-13 11:57:23,2,4,2,胡乱改上课时间，为了显示自己的“时髦”不用钉钉建了个禁言的QQ群，讲课半天不知所云，只能说碰上这么令人难以评价的课还是早点退掉为好
200163,980,方祥年,2024-10-14 08:28:30,8,11,3,真垃圾的老师，我踏马真服了，死妈老师讲了2小时老子没听懂几个字，歪比巴卜不知道在讲什么，每个周一都麻痹的吃不上饭，老子给你脸了上你的课，感谢你啊，我巢尔的马，司马老师
200172,980,方祥年,2024-10-14 11:05:14,6,8,2,方老师真是一位优秀的好老师呢！无关紧要的小细节谆谆教诲应该是把我们当成婴儿一样精心培育！复杂的问题只字不提应该是怕我们这群凡人无法理解他天才的想法！\n\n这么完美的老师竟然不被其他老师和同学认可，我深表痛心！上节课本应2.5h上完课做完实验，他发表重要讲话并且讲解重要课件一共2h！他说的话字字珠玑，我统计了一下，一节课可以说800g黄金，全价4万啦！
200173,980,方祥年,2024-10-14 11:12:16,4,6,2,我是真的服了这个老师，上课啥啥不讲，光讲他过往的光辉事迹，听他上课啥也学不到，讲两个小时不如自己看两分钟。真特么离谱
200724,980,方祥年,2024-10-21 11:02:37,7,7,0,方祥年！！！！！\n\n老子今天又没吃上饭[笑哭][笑哭][笑哭]\n\n另外上一个万年讲师周勇光已经在工图被优化掉了，这个B什么时候也能有这待遇啊
200852,980,方祥年,2024-10-23 11:18:19,6,6,0,再评牢方：废话多。\n\n实验不小心做错一步还要被记名字，😅
201885,980,方祥年,2024-11-07 07:37:32,10,12,2,废话太几把多了老子忍了半个学期了今天终于受不了了我真服了\n\n大家汇报他都能几把讲总计快两个小时的废话 跟课程一点都不相关，一直讲人生感慨，还一副过来人的样子说什么你们以后就懂了就知道我说的对了\n\n哎不是老子真服了 讲废话讲一堆然后中途下课是因为自己渴了想上厕所了，上完厕所回来接着讲废话真是太极品了哥们
202279,980,方祥年,2024-11-11 07:14:53,5,6,1,出生老师，娴蒂创业未半而中道不崩殂，我求你快死一死(ᇂ_ᇂ|||)，这司马老师赶紧避雷
202282,980,方祥年,2024-11-11 07:22:50,1,3,2,什么成分，******
205034,980,方祥年,2024-11-30 05:46:09,3,3,0,三评牢方：他的话一句都不要信，记住，一句都不要信！
205834,980,方祥年,2024-12-12 07:06:45,0,2,2,真诚的建议以后选到fxn的同学，一定一定换老师
205835,980,方祥年,2024-12-12 07:07:11,4,4,0,想练习耐心和忍耐度的可以选。。。。。
206745,980,方祥年,2024-12-17 10:42:26,0,2,2,xnxnfxn，傻逼傻逼大傻逼
206970,980,方祥年,2024-12-19 02:01:16,7,7,0,交作业要求是讲了几节课讲不清楚的，报告是极限布置极限交的😅。如有预置，快跑。
207517,980,方祥年,2024-12-22 13:47:19,1,3,2,如果一个房间里有墨索里尼，希特勒和方祥年，我有一把手枪和两颗子弹，我会射方祥年两次。
208647,980,方祥年,2024-12-30 11:50:03,6,6,0,长得像李明博
210229,980,方祥年,2025-01-08 13:02:20,7,8,1,老师确实本心不坏，但人实在废话太多了。每节课上课稳定将一两个小时的废话，再加上自己水平有限，讲实验内容的时候也是废话成堆，听完了也不知道该做什么。谨慎选择吧。
213825,980,方祥年,2025-01-20 07:18:15,1,2,1,期末考试总评成绩还在紧张进行中，预计还需要2-3天的时间；之所以比原计划的预期时间要延长一些时间，主要是因为我自己的原因造成的哈，一方面是开始行动得晚了一点，另外一方面是自己没有注意科学用眼和视力保健，造成近7-8年来，每年这个季节，眼压都会升高，医生提醒要特别注意减少用眼时间，防止形成青光眼乃至失明的严重后果；所以这一周左右，我尽量每天用眼控制在不超过4小时，预计2-3天的时间，一定能够完成期末考试总评成绩的评阅评定及上传工作！恳请各位同学再耐心等候2-3天，先安心放心地去准备过新年春节的好事情，几天后，自然能够看到成绩了！
214047,980,方祥年,2025-01-23 09:19:55,3,5,2,要不是没有0分这个评分选项我真想给0分。算了，这1分就给他根正苗红本心不坏上面吧。水平实在太烂了，给分随机，只能说，看命吧。不想多说了，没有上过他的课是无法理解他有多离谱的。不小心预制了他的同学真的推荐赶紧换老师！！
214123,980,方祥年,2025-01-25 01:04:06,1,5,4,最后给分还行，老师人也并不坏。唉。就这样吧
219102,980,方祥年,2025-05-21 11:14:20,1,1,0,实在是太烂了，实验操作让我们自己预习从来不讲，上课除了生化啥都讲，觉得自己知识渊博😅，全废话可以讲个两个小时，要不是这学期只开了他一门课早换了，以后的同学千万别抱幻想
3458,1004,王君晖,2015-07-08 16:04:25,5,9,4,给分给分 认真听就会高
13053,1004,王君晖,2015-12-24 15:53:45,1,4,3,上课水水的，给分一般
13782,1004,王君晖,2015-12-31 02:23:27,4,5,1,水水的
23796,1004,王君晖,2016-04-17 07:05:03,0,1,1,作业不太多，也就4篇作业合起来10000字。没有平时分\n\n
24850,1004,王君晖,2016-05-04 04:52:57,-1,4,5,人生第一个满绩
24859,1004,王君晖,2016-05-04 05:33:03,1,4,3,最后作业有点多，大概七千字，没有平时分，认真完成就好
25136,1004,王君晖,2016-05-06 03:31:59,1,1,0,认真听课可以学到很多，对最后的论文也有很大帮助
25231,1004,王君晖,2016-05-08 16:09:59,6,10,4,窃以为浙大的通识课就应该这样。\n\n老师很幽默，如果你认真听，想学到真东西，满满的都是干货！\n\n如果你想做一些你认为更有意义的事，那也可以，老师从来不会干涉。\n\n实话实说，作业确实比较多，四篇作文，但是这也是我见到的deadline最晚的通识了，建议大家及早完成。\n\n\n\n\n\n\n\n最后说一点私人评价:老师神似豪斯医生里的小薇！好萌啊(✪ω✪)
52486,1004,王君晖,2017-06-20 12:31:04,2,3,1,讲的很好，就怕下面的同学只顾玩电脑。
71987,1004,王君晖,2018-01-29 07:29:02,-1,3,4,上课不知道在讲什么 知识点这也不讲那也不讲 “这个跳过，给求生班上的”，就不能做两份课件吗，或者课件上注明一下？
76661,1004,王君晖,2018-04-17 13:06:31,0,4,4,王老师讲得很好，上课非常认真，非常多干货，能把基因的有关知识讲得非常清楚，自己还能根据一些内容进行相关拓展，不过建议时间充裕的时候修，因为作业不少orz\n\n真的想推老师上浙大最敬业教师！
78270,1004,王君晖,2018-05-10 09:28:59,-1,2,3,一般吧，高中水平，可以睡
78272,1004,王君晖,2018-05-10 10:07:16,-4,4,8,给分一般吧，只有3.9，差一分4.2，还没有这课均绩4.12高。。。。。。。全特么卡绩点
78282,1004,王君晖,2018-05-10 11:35:48,-2,4,6,给分很好啊，论文只花了两天时间写，就有4.5，签到都签了但是基本不听
78301,1004,王君晖,2018-05-10 14:36:19,7,8,1,这老师是真的读，认真写论文就是这个绩点？\n\n
91250,1004,王君晖,2018-12-04 08:27:26,22,23,1,激情有余而逻辑不足\n\n来自遗传学专业课的绝望......
105357,1004,王君晖,2019-04-10 12:34:33,5,5,0,展示认真做了，可是却让我都直接跳过去了.....
107432,1004,王君晖,2019-05-05 06:56:34,2,2,0,被正态 。。。
107454,1004,王君晖,2019-05-09 12:10:23,0,2,2,有毒吧。。。
107455,1004,王君晖,2019-05-05 09:27:32,3,5,2,事多给分差 傻逼老师 慎选
108282,1004,王君晖,2019-05-20 01:48:58,1,1,0,老师讲课的水平和热情使我没有选择退课，在课上也真的学到很多。当然，可能因为是通识，老师对于评分没有太多经验，事情确实不少，但也只是因为老师希望评分更加公正。认真听课，老师一定能使你受益匪浅的。
110487,1004,王君晖,2019-06-27 06:47:47,2,4,2,个人展示，课上签到，一个期末小测试，还有一个小论文，又累给分又差，辣?
123902,1004,王君晖,2020-06-16 04:59:55,2,2,0,老师给分不错的啊，平时上课事也比较少，作业漏交了还可以补交
143204,1004,王君晖,2021-11-21 11:22:07,2,4,2,王老师认真严谨，给分公正，课程内容丰富，虽然他的课对我没有太大吸引力但我认真学完之后收获颇丰，还有4.8绩。想拿高绩点的话，首先每节课后要签到，其次他的课认真听，最后一星期他的ppt认真看，期末考试（全是选择）就没问题，最后ppt认真做，论文要好好查资料（本人论文查重小于20%）认真研究。
143215,1004,王君晖,2021-11-21 13:03:51,1,1,0,通识课真的事很少很少，不分组也不用讨论。老师很幽默很有激情，能学到东西，最后认真做论文，给分很好！
143233,1004,王君晖,2021-11-22 02:57:40,2,2,0,每节课都到虽然不怎么听，但是作业都认认真真做了，论文写了很久查了很多资料，可能不喜欢我的选题？考试前复习了挺久，说是ppt上内容但出的题比较奇怪。最后给我卡绩了就挺无语
150173,1004,王君晖,2022-01-20 01:07:25,-15,1,16,遗传学4.8，只有君晖才能给出这样好的分数。君晖男神！
161443,1004,王君晖,2022-11-07 03:46:41,7,7,0,怎么说呢，他的专业课讲话基本没有完整的句子，逻辑十分奇怪，重点往往放在奇怪的地方
166978,1004,王君晖,2023-01-14 12:58:26,4,4,0,呵呵，谢老师不挂之恩
167072,1004,王君晖,2023-02-19 10:15:29,3,4,1,讲课很迷，重点很乱，体验感不好
167076,1004,王君晖,2023-01-15 01:41:32,-10,0,10,给分不好，作业报告都认真写了，期末感觉也还行，只有4.2，呵呵
168257,1004,王君晖,2023-02-07 02:29:51,4,4,0,不如细胞分子等专业课老师的讲课水平
181056,1004,王君晖,2023-10-07 03:49:33,4,4,0,讲的依托使
183770,1004,王君晖,2023-11-30 02:13:34,1,1,0,讲的确实和够使差不多，但是很高兴他知道自己讲的是够使所以不会点名😋
213557,1004,王君晖,2025-01-18 07:50:06,2,2,0,遗传学及实验，王老师经常提“到课率”的事情，但是坚持不点名，我真的哭死……\n\n讲课怎么说呢，个人感觉看书可能学得更快一点。少听一节课，然后静下心来看一会儿书，再抬头一看，发现我已经看到老师前面去了……\n\n考试前仔细搜集一下前辈们的资料，刷一下学在浙大选择题，尽量记一下人名（说实话我只能大概留个印象，重点关注历年卷考过的吧），温习一下几种计算题，平时作业有在好好做的话重新捡起来很快的。给分还是不错的。\n\n（细生和生统的整数位都比遗传的低上整整2分，你能想象遗传的成绩对我来说是怎样的一种救命之恩吗？😭）
213673,1004,王君晖,2025-01-19 05:14:46,0,0,0,有关签到与“到课率”，王老师的说法是：他会记住前排听课学生的脸，然后在考试的时候转来转去看试卷对应好名字和脸，会有加分。\n\n但是，，，学生如果坐在非过道的座位，那不就看不见了。\n\n另外，王老师和两位助教都很好，解答耐心细致，作业和实验报告允许补交，批改貌似也水水的很宽松，大家的平时分都很高
7530,1049,刘非燕,2015-09-15 02:33:58,5,8,3,只会念ppt 醉了
9313,1049,刘非燕,2015-10-21 05:46:01,4,4,0,唱催眠曲的
17407,1049,刘非燕,2016-01-20 07:33:43,2,4,2,和蔼可亲
25323,1049,刘非燕,2016-06-01 07:18:41,1,1,0,。。。
47796,1049,刘非燕,2017-02-25 05:31:09,1,2,1,这门课本来就没什么重点……老师上这样也不是老师的错，但是总觉得老师是当场研究例题答案的……
85139,1049,刘非燕,2018-07-15 16:07:44,-1,0,1,虽然上课有点无聊，但是我觉得是课程的问题，而且老师真的很负责
88688,1049,刘非燕,2018-11-06 01:25:10,0,1,1,还好(•̀⌄•́)
103293,1049,刘非燕,2019-02-27 07:13:36,0,1,1,说话比动物学老师清楚多了\n\n
116785,1049,刘非燕,2019-09-16 00:52:16,0,0,0,………
122745,1049,刘非燕,2020-03-29 11:08:03,1,1,0,zzbs
125023,1049,刘非燕,2020-08-14 13:45:15,1,1,0,神奇的已退休老师
126313,1049,刘非燕,2020-09-22 07:58:10,0,0,0,老师讲的很清楚
135363,1049,刘非燕,2021-05-08 12:03:38,1,1,0,大家风范，气质卓然。\n\n负责任的老师，耐心的好老师！
165007,1049,刘非燕,2022-12-28 09:46:56,0,0,0,很有亲和力！
181504,1049,刘非燕,2023-10-19 10:57:56,-2,0,2,脑子有病是吧，傻逼一个，每次放假都不让我们放假，要按时做实验，你配吗？
6582,1088,吴根福,2015-07-16 01:08:31,5,11,6,老师萌萌哒！出卷超有水平
23624,1088,吴根福,2016-04-10 23:54:23,68,75,7,上课前居然对我们说 哦哈哟
27093,1088,吴根福,2016-06-23 01:16:04,2,6,4,从第一次到最后一刻我一直都是蒙逼的
28985,1088,吴根福,2016-06-29 05:09:38,1,2,1,很可爱的老师
48471,1088,吴根福,2017-03-06 00:36:40,3,5,2,好有意思的老师
52201,1088,吴根福,2017-06-16 01:28:35,163,177,14,如果感觉孤单 想想有这么多微生物陪着你
52988,1088,吴根福,2017-06-24 12:55:45,16,19,3,非常好玩的一个老师，脾气也很好，总是笑眯眯的，哈哈
53592,1088,吴根福,2017-06-27 05:57:12,38,53,15,老师是很好，卷子出得太有水平，看ppt是绝对不够的
53892,1088,吴根福,2017-06-28 03:22:27,3,8,5,试卷出得很有意思……考完感觉要崩…结果倒也还能接受嘻嘻…老师讲课也还不错有一点点口音还好
53895,1088,吴根福,2017-06-28 03:24:54,0,3,3,出卷子超有水平
54120,1088,吴根福,2017-06-28 13:38:09,24,35,11,当学分太高时，希望老师能降低一些课程要求。老师很好，但是这堂课要考的好是需要认真听完每堂课的。只听过两节课吧，绩点给的低到哭死在了厕所里，好叭怪自己
54169,1088,吴根福,2017-06-28 15:00:53,3,4,1,老师讲的挺好的…但是自己不听课 复习也不够细致 绩点爆炸
60533,1088,吴根福,2017-10-23 11:17:56,10,22,12,生命教育概论。。。
60980,1088,吴根福,2017-11-06 10:43:21,1,2,1,老师很和蔼呀
61676,1088,吴根福,2017-11-20 05:54:31,17,31,14,老师人真的超级好=真的是完全不点名=很体谅学生的=我上的是生命教育概论=听上去是通识课但是讲的其实主要是生物知识=期末考试难度不高=全部来自课内讲的=有一些题挺细节的=期末好好背ppt就算平时不听考试大部分也还是会做的=
61677,1088,吴根福,2017-11-22 10:17:52,2,2,0,似懂非懂，云雾缭绕，但还是有点感觉的
61689,1088,吴根福,2017-11-20 06:47:54,2,4,2,生命教育概论……老师挺不错的，上课虽然偏生物但是还是有些有用的东西，就是期末卷子出的有点迷，认真看一下分还不错
61908,1088,吴根福,2017-11-21 14:24:55,2,2,0,美滋滋
62071,1088,吴根福,2017-11-22 10:34:30,0,0,0,讲得很棒
62149,1088,吴根福,2017-11-22 15:23:45,0,0,0,给分特别好，，老师很和蔼！
63122,1088,吴根福,2017-11-28 12:39:41,8,16,8,生命教育概论…总共只需要做一次平时作业，负担并不大。绝对不会点名。期末卷子出得很有水平，平时从来不听课的我绩点炸了…
64911,1088,吴根福,2017-12-28 02:35:02,1,4,3,生命教育概论还是不建议文科生选了……期末闭卷，我一直觉得这个是讲生命的意义、热爱生命，能对生命有一定基础性生物学知识认识的，考前也认真看了ppt做了笔记……但是……考细菌那我是真的不知道……这门课也是第一次开，老师很不错的，事儿也很少，就一篇随便些什么都可以的感想。但是作为文科生我还是跪了orz
65742,1088,吴根福,2018-01-08 16:29:10,1,2,1,生命教育这门课很有趣，给分也不错
65965,1088,吴根福,2018-01-10 12:56:09,24,25,1,从头到尾每堂课下课都会有掌声的好老师(●'◡'●)ﾉ❤
66592,1088,吴根福,2018-01-17 11:59:25,0,0,0,专业知识很强
67156,1088,吴根福,2018-01-20 10:46:03,2,2,0,老师很萌啊！
68238,1088,吴根福,2018-01-23 01:27:15,1,4,3,口音有点重的可爱滴老爷爷。生命教育概论，个人觉得对文科生不太友善，但可以供理科生刷通识课绩点。生物知识很多，考试考的也很多，全国二卷生物都不讲的内容。4.8很开心，考前看看PPT就好。上课不点名，没作业，留的课后思考题和考试并没有关系。讲的还是很有趣的。
71731,1088,吴根福,2018-01-29 02:08:25,0,1,1,可爱的老师
71928,1088,吴根福,2018-01-29 06:04:12,1,1,0,老师超nice的
72244,1088,吴根福,2018-01-29 15:28:29,0,0,0,带一点点口音 \n\n特别可爱的老师\n\n
72272,1088,吴根福,2018-01-29 16:30:15,0,0,0,hhh作为两年多没学生物的文科生看到绩点也是超满足了～考前一天开始看PPT，感觉并没有看到多少？所以是最后那一道论述题拯救了我？老师人很好上课也很有趣，印象最深“一二三四菌”哈哈哈
72314,1088,吴根福,2018-01-30 01:42:26,-1,1,2,生命教育概论，北方人日常听不懂老师口音一个学期没怎么听课也是很惭愧。老师因儿子去北师大读教育学才想到将自己的生物知识和生命教育结合起来，认真听还是肯定会有收获的～期末作业认真做了个ppt到台上讲的，考试闭卷七十道客观题凭借残存的生物知识答的，最后给分还不错。
76273,1088,吴根福,2018-04-01 10:52:41,2,2,0,老师讲课非常的幽默，真想有机会再去听
79288,1088,吴根福,2018-05-30 04:33:19,1,1,0,海上月是天上月
79446,1088,吴根福,2018-06-05 08:45:04,0,0,0,老师超级好的啦！喜欢
79989,1088,吴根福,2018-06-18 16:06:42,2,3,1,老师超可爱！！！大学以来最喜欢的老师了hhh论文主题几乎是不限的，只要和生命有关都可以，标准是能打动老师XD期末考试题超级超级超级好玩！考的时候一直忍不住笑2333如果好好听，老师讲课很有意思，会有收获；如果只是想水一门通识，老师人挺好，给分也很大方，不点名。总结：吴根福老师太可爱了！我永远都爱吴根福老师！
80303,1088,吴根福,2018-06-25 01:30:48,55,61,6,能记住一个不怎么来上课的学生的名字 \n\n会给学生“毕业”寄语\n\n每天笑着面对各类问题\n\n愿意学生给他随时打电话约饭沟通问题\n\n这样的老师 就算最后给我1.5\n\n我也要给他打十分
84180,1088,吴根福,2018-07-12 07:35:29,2,2,0,挺好的老师，比较幽默，讲的也听清楚的，实验课也不是很严格很死板的那种，好评
89109,1088,吴根福,2018-11-15 16:50:54,8,9,1,emmm上课很轻松，不点名\n\n课程任务也很轻\n\n就是期末考试的试卷太，怎么说呢，别致？题目有趣但我不会
89817,1088,吴根福,2018-11-21 02:21:24,-1,0,1,老师人很好玩，期末试卷也挺有趣的。期末作业可能讲故事更好。
89828,1088,吴根福,2018-11-21 02:43:18,5,6,1,考试有意思但有点难
89881,1088,吴根福,2018-11-21 06:45:42,2,2,0,老师挺好期末挺难 给分迷
89882,1088,吴根福,2018-11-21 06:51:40,-1,2,3,生命教育，很棒的课，受益匪浅。作为文科生，听惯了生命哲学，老师从生物学的角度讲解，耳目一新，讲得也不错，上课认真听，小论文好好写，考试除了那道物质判断实在不会外其它都还行，最后4.5
89938,1088,吴根福,2018-11-21 10:31:54,17,19,2,这个老师很可爱！最后考试真是刺激，这套路摸不透，印象最深的是一个选项“艾滋病是因爱而生的病”哈哈哈哈，不过考了很多微生物和免疫的知识，有点细。
90212,1088,吴根福,2018-11-22 13:03:05,8,11,3,老师真的太可爱了，是一个很正能量的老先生，喜欢在理论知识之后落点到心灵鸡汤上去，实在是很有意思。考试真的好难，适合理科生吧，并不是那种认真复习好好背诵就可以得高分的，有些玄幻，考验蒙题水平。
90304,1088,吴根福,2018-11-23 05:44:42,3,3,0,作为一门通识很棒了，考卷出的...是真的有水平，考前ppt过一遍还是有帮助的，尽管考点可能落在你根本没想到的地方。
90377,1088,吴根福,2018-11-23 10:00:05,2,2,0,人很好，考试题目很细节很细节，落点有些还有点偏.....
90930,1088,吴根福,2018-11-27 15:36:14,3,3,0,卷子出的出乎意料，最后绩点也不高...
94426,1088,吴根福,2019-01-16 11:59:54,3,5,2,考完试先来评论一下。期末的试卷出的很不错，对于我这种上课不想写作业听老师讲话的人来说很喜欢。很开心的是，做的展示被出成了题目，考试周的开心。以后也要跟吴老师当好朋友
95390,1088,吴根福,2019-01-20 05:00:55,7,8,1,老师性格很好！讲课有一点口音但听起来很亲切~上课做别的事也不会管~有一次点名，可以主动展示加平时分（虽然我没_(:з」∠)_ ）还有一次论文，对文科生很友好了！考试前在背专业书也没空复习…只看了一个下午就去考了… 选择题凭语感做…填空很简单，然后猜生物的专业题瞎写… 最后4.2~ 老师是有情怀的人，对生物和生命是真的有感情~推荐吧~
95858,1088,吴根福,2019-01-20 06:37:20,2,2,0,老师人真的很好，建议无基础的同学上课认真听，考前好好看一下书。\n\n老师人真的超级好了！
95900,1088,吴根福,2019-01-20 07:51:14,22,23,1,吴根福老师超可爱。论文写的很开心！现在走进校园小树林对各种真菌莫名亲切∽提交论文时自动回复是「可以休息一下，好好犒劳一下自己了」，顿时有好好吃饭的欲望。高中学文，最喜欢的理科课程就是生物，最爱看的纪录片是BBC的各种生命节目，因而完全凭兴趣选的通识，最后的得分也得偿所愿。老师每节课讲许多生命知识，最后的落点都非常鸡汤∽考试出的题目很友好，看到习大大就笑了。虽然还有很多不确定的答案，但是老师给分很大方。课上同学的展示大都出于好奇和热爱，非常认真，也很有干货。此处表白每次上课坐在第一排最左边（从后面看）的小姐姐，你的展示出了题目，当时听得很认真，但现在也想不起来那个药叫什么名字……讲的很好，小姐姐也很漂亮活泼，很喜欢了！考试周加油哦(´-ω-`)
96060,1088,吴根福,2019-01-20 12:09:28,4,6,2,老师上课会要求做个自我介绍，每个人都会，可选展示+必写小论文，考试出的有点出乎意料，考前大致看下PPT吧，拿高分有点困难，最后4.2
96376,1088,吴根福,2019-01-21 01:31:39,8,13,5,感觉论文没写好，考试的时候就一个人名没写出来，结果最后4.5。。。
96481,1088,吴根福,2019-01-21 04:59:57,0,0,0,老师人很好，题目考的有点细。
104597,1088,吴根福,2019-03-25 02:34:09,0,0,0,老师很亲切，任务也不重，是一门很好的通识课啦
106730,1088,吴根福,2019-04-29 06:31:18,1,1,0,生命教育概论给分超棒！！！
106731,1088,吴根福,2019-04-29 06:35:21,1,1,0,超棒超随和的老师
106745,1088,吴根福,2019-04-29 07:57:16,0,0,0,老师真的很可爱，生命教育概论事情很少，给分也很棒
106746,1088,吴根福,2019-04-29 08:08:59,1,5,4,认认真真写论文，做展示，看ppt准备考试，最后3.3……
106748,1088,吴根福,2019-04-29 08:22:22,0,0,0,真不点名啊…老师很随和 我也没来听几节课 给个3我也认了…！！！教材大家别看那么复杂 其实试卷也没有特别为难你的题目。
106836,1088,吴根福,2019-04-30 03:56:23,-3,2,5,人少的时候会点名~负担也不重，就是要展示论文和考试，文科生高中学过生物但是表示并没有什么卵用()最后考试也比较随缘考吧哈哈，考得挺杂的东西，最后4.2虽然卡绩了也很开心！老师很棒！
107051,1088,吴根福,2019-05-01 06:41:31,0,7,7,正宗理科生，一篇论文，一次展示，一次闭卷考试，论文和展示认真做还是要花很多心思的（强烈建议自己找一个新点，不要与教材重叠或者与其他人内容相近）。5.0，谢谢老师！
107070,1088,吴根福,2019-05-01 09:50:54,-6,3,9,老师超棒哒！\n\n我认真写了论文，水水的展示，最后的考试也不是很难\n\n4.5我觉得还不错哈( ´ ▽ ` )ﾉ
109458,1088,吴根福,2019-06-15 07:16:55,-5,2,7,老师人挺好，就是这课……超级水课，自习课          \n\n       有有点点鹅颈               老师在三四次课左右会让人上台自我介绍，别翘了，我就那啥那啥……然后，哭了……
111063,1088,吴根福,2019-06-29 11:59:03,21,28,7,上的是生命教育概论。刚刚考完试，虽然成绩还没出，但我现在就要给吴老师十分！\n\n我来的路上和电动车撞了，直接从竞车上摔了下来，好在不是很严重。迟到了十五分钟，进考场以后老师和助教小姐姐一直问我有没有事要不要去校医院，各种关心，真的被暖到！\n\n平时老师也超级好，阳光乐观，上课一直能感觉到他想让学生有积极的生活态度。8多说了，十分！\n\n\n\n
111637,1088,吴根福,2019-07-02 09:26:01,6,9,3,内容不难，论文可瞎扯，展示能水过，考试闭卷，题目兼具文理，课程进展一半的时候会以自我介绍来点名，别错过。10分
112758,1088,吴根福,2019-07-05 02:34:17,1,3,2,老师口音吼可耐!课程也比较有意思!卑微文科生，没展示，上课记笔记，考前复习认真。满了!
112793,1088,吴根福,2019-07-05 03:20:04,-6,2,8,随便水水竟然有4.5，不可思议……
114083,1088,吴根福,2019-07-08 18:30:52,2,3,1,老师超级好！！！人超幽默又浪漫，上课有趣实验事不多，给分也巨好！！！！！！！微生物能上4真的太惊喜了5555
114130,1088,吴根福,2019-07-09 00:41:56,1,2,1,啊啊啊啊啊啊啊我要吹爆这个老师啊！！！为什么会有这么可爱人这么好带实验这么好上课这么好给分也这么好的老师！！！还想上老师别的课！！！
116542,1088,吴根福,2019-09-11 12:30:10,7,11,4,“我们都是穷人哦”，老师也太可爱了吧(≧∇≦)。
118682,1088,吴根福,2019-10-30 12:52:26,1,2,1,很好的老师啊啊啊啊吹爆！
119110,1088,吴根福,2019-11-17 00:06:17,0,2,2,考前好好复习了，4.8，感觉ok
119111,1088,吴根福,2019-11-16 17:03:58,5,7,2,哇哇哇我要吹爆吴爸爸！给了我这个考试啥也不会的文科生4.5！！超赞！！
119892,1088,吴根福,2019-11-16 18:56:09,0,0,0,课间让同学们按名单顺序做自我介绍，也算是一种点名吧！生命教育概论这门课，负担小，好好听课是有内容的。3.6。
119909,1088,吴根福,2019-11-17 00:21:12,1,1,0,笔记做的比谁都认真，考试真的偏
120023,1088,吴根福,2019-11-17 05:35:16,1,2,1,老师超级可爱，说话带口音，然后有时候超级搞笑，我平时上课挺水的，但是论文很认真的写，考试周的时候认真复习，不过作为一个高中没选考生物的人来说，那些复习讲义真的看不下去，硬着头皮看那些微生物，细菌啥啥啥的，考试的时候应该也错的不少，最后分数出来还挺好，感谢老师，手动比心
120051,1088,吴根福,2019-11-17 07:57:49,1,2,1,老师人超好，帮我把冬学期的课换到了秋学期，而且只要想来听他的课的同学都能补选进来。上课内容很有趣，老师也很幽默和蔼。期末考试并不难，以选择题为主，很多是高中生物内容，也有一些常识性知识，其他的翻一遍课本就能拿到。其实不需要花太多精力，像我第一次写论文，其实写的并不是很好，最后绩点也有4.8。
120085,1088,吴根福,2019-11-17 11:00:01,-2,1,3,给分极好，虽然出题很偏
120101,1088,吴根福,2019-11-17 12:23:05,0,3,3,哇，出的试卷也太难了吧，绩点给的贼低，老师脾气还可以
120115,1088,吴根福,2019-11-17 13:47:11,2,5,3,老师人很可爱(๑• . •๑)给分很棒，超开心。考试内容会很细，平时不点名，中间课会有一次点名。只有一篇作文，另外没有展示也没有作业。在mooc上老师也会很顶同学的回答，会认真地解答问题。老师超棒。oh my god，选他
120143,1088,吴根福,2019-11-17 23:57:28,1,4,3,老师很可爱，有点憨憨的，讲课的内容在思想品德与生命科学之间自由变换，挺生动的。作为一个文科生，最后也拿到了满绩，说明这门课对文科生蛮友好的。（不要被上课时候讲的那些听不懂的吓到）
120611,1088,吴根福,2020-01-14 00:27:16,1,3,2,秋冬学期考试难度云泥异路，理科生易被正态，果然应了老师的话要照顾文科生。主修课都九十多也拉不起这通识课七十。老师确实和蔼，不过考完试的那句“这些东西你们考完就都可以忘了”是真的秀。
120634,1088,吴根福,2020-01-14 05:18:59,7,9,2,老师人特别好特别可爱(๑• . •๑)我是文科生，一开始很担心自己会死掉，老师还鼓励我。问问题老师也特别耐心解答。这门课总体来说对文科生不算差，因为那些知识真的只需要不懂的地方查一查，大部分都和初高中生物联系起来的。我自从学考完了就没学生物，但是冬学期一套下来觉得倒也不难背。而且平时还有mooc可以刷题，学期就一个作业，真的强推！为吴老师打call！！！
121646,1088,吴根福,2019-12-10 16:16:48,1,1,0,生命教育概论。主要生物知识，总共就mooc刷一刷讨论和一篇作文，期末考闭卷。平时水得太欢了确实绩点炸了，但是也有认识的听课的同学绩点不太行？课上不知道的东西还挺多的，中间偏后几节我觉得还挺有趣。点名的话，学期中间有一次课间说课友应该认识一下，邀请同学们对着名单上台自我介绍，算是变相点名吧，不过就只有那一次。平时说是教室看着挺满就不点，也真的没点。
121655,1088,吴根福,2019-12-10 06:56:07,3,3,0,是一位很可爱的老先生。有水平 有人文关怀。一个高中生物就没学的文科生，靠一篇把生命和人文关怀联系起来的论文和期末强忍着看了看的考试给了4.5 太良心啦（冬学期科技创新选了罗自生，，先插眼 有点可怕。\n\n
122244,1088,吴根福,2020-02-20 13:51:19,1,1,0,很温柔，蛮有趣的，点赞啦
124623,1088,吴根福,2020-07-04 03:43:41,5,8,3,这学期线上期末采用MOOC考试，感觉不是很公平，朵朵上看到有同学直接求助他人帮忙搜答案可是老师明明说了不许交流。我答题系统崩溃不知道为什么空白一大片，最后绩点3.3，真的是很无奈的一次经历，算了老师也捞我了
125404,1088,吴根福,2020-09-08 07:24:40,0,0,0,老师太可爱了！老师的卷子真的是，只要平时认真上课就一定能考好，但是如果是靠前突击看ppt那就很悬，考的很应用
125635,1088,吴根福,2020-09-12 13:39:08,0,0,0,卡机发电佛举案说法
125682,1088,吴根福,2020-09-13 03:36:33,0,0,0,老师好。
126849,1088,吴根福,2020-10-24 02:05:31,0,0,0,老师上课很幽默，给分也不错，值得推荐～
127170,1088,吴根福,2020-11-11 12:58:06,0,0,0,超级棒
127356,1088,吴根福,2020-11-21 04:09:57,7,8,1,吴老师是一位学识非常渊博的老先生，上课很幽默，人也超级好。这门课也能学到很多东西，刚考完试，给10分。就是这么门课的压力还是挺大的，要学好课要认真听，还要自细看教材。建议喜欢生物，有生物基础的选，否则难度还是有的。
127580,1088,吴根福,2020-11-24 15:29:08,-2,2,4,上课讲的超级好，很有深度，既有生物又有人文知识。给分不错哦~4.8路过
127631,1088,吴根福,2020-11-25 06:26:05,4,5,1,生命教育概论需要一点点生物基础，就一点点，给分很不错。\n\n老师本身水平没的说，且很幽默，比较人性，通识课就选他，选他！
129800,1088,吴根福,2021-01-12 12:46:31,1,2,1,吴老师上课真的很有意思，总是能引人发笑，虽然我上课有点划水，但是我当初选这门课真的只是对生命生物感兴趣，结果遇上真么个老师，感觉挺幸福的。虽然期末考试还没考，但是我也要打10分。虽然现在想想没好好听他的课有点小后悔。有点老头子上课的憨憨的感觉，哈哈哈哈哈。
130217,1088,吴根福,2021-01-19 09:21:06,0,4,4,通识课面向对象是全体本科生，我没记错吧?yysy题目设置我就不吐槽了，每次一到理科硬核知识就让我们回去看MOOC，我直接???文科生，跑吧。
130724,1088,吴根福,2021-01-24 11:35:41,-5,5,10,就凭给文科生4.8我就给老师10分。\n\n上课没怎么听最后提前一周每天抽半个小时到一个小时看书和ppt，该记的默背一遍\n\n选择题是mooc原题 填空可能会有些细（书看了也不一定会做）\n\n其中有一次自我介绍当做点名！不要翘课哦！
130725,1088,吴根福,2021-01-24 11:36:44,2,2,0,老师人好心善给分好，课有意思有意义，不要犹豫选课哈～
130728,1088,吴根福,2021-01-24 11:41:50,-1,0,1,上课真的超级生动有趣！期末考试>75%都是生物知识，但是老师真的太能捞了！两年没有学过生物的我绩点居然还能有4.2！必须10分啊
130791,1088,吴根福,2021-01-24 14:48:07,-1,0,1,虽然考试难度大，但是给分良心
130824,1088,吴根福,2021-01-25 00:40:17,-3,1,4,闭卷考试卷对文科生真的很难 好在平时分能拿的都尽量拿全了 虽然考试基本不会 最后绩点还有4.2
131008,1088,吴根福,2021-01-25 14:06:03,2,3,1,文科生临时抱佛脚了一下午最后成绩还不错
131055,1088,吴根福,2021-01-25 17:35:28,4,7,3,老师很好，但是期末实在太难了，考的太细了，考前一个星期看了一遍书一遍PPT，在平时分几乎拉满的情况下最后给了3.6，真有点后悔选了这门课。老师好课也好，可能是我不认真吧，但倒也真没感觉到那么多评论里说的老师捞人给分高。总之慎选吧
131639,1088,吴根福,2021-01-28 09:25:57,5,11,6,高中搞生物竞赛的，给老师9分。\n\n因为这门课不算生物了，基本都是背背记记的历史和人名，搞不懂有些文科生一直强调文科生没学过之类的，我搞竞赛都没学过好不好。\n\n生物原理什么的都没有，涉及生物的也就是一些名称，真的就是个文科。
132299,1088,吴根福,2021-01-31 15:14:56,7,8,1,老师说是优待文科生，但是我一个工科生觉得老师并没有很优待文科生。考试一部分是生物学知识（上课认真听就能记住的那些，并没有很难背），还有很大一部分是常识（可能是我对生物相对感兴趣，涉猎较多？）一张卷子几乎没有什么难度，平时分基本没多少损失，最后4.8，我觉得挺好
135124,1088,吴根福,2021-05-01 13:21:40,15,17,2,老师真的超级无敌大可爱没错了！我真的超级爱爱爱他啊啊啊，上课很有意思干货满满。不过想要学好我觉得还是需要认真听每一节课的，期末要好好复习。最后俺4.8差一点满积辣哈哈哈哈真的很开心捏！希望机智俏皮的老师以后也要把快乐带给选生命教育概论的人！
135125,1088,吴根福,2021-05-01 13:31:04,3,3,0,给分非常好！！！谢谢老师
135231,1088,吴根福,2021-05-06 09:10:48,4,6,2,老师非常好
135239,1088,吴根福,2021-05-06 14:31:19,7,8,1,爱他，不解释~文科生雄起！
136845,1088,吴根福,2021-06-25 15:00:51,-5,12,17,生命教育概论避坑，避坑，避坑！！！\n\n事巨多，有互评，有互评，有互评！！
137989,1088,吴根福,2021-07-07 04:11:07,4,5,1,上课很有意思，听完很有收获，考试简单，我是纯文科生，但是最后好好复习一下也拿了满绩。虽然平时会有一些慕课的题要做，但是总体任务一点也不重，推荐大家去修！
139206,1088,吴根福,2021-07-13 08:31:13,-9,0,9,通识来说不算水，就期末考得好好复习。。。最后估计期末考有点炸，4.2
141781,1088,吴根福,2021-10-25 12:17:05,1,4,3,评论生命教育概论这门课：作业真心很多，每个章节都慕课小测，慕课讨论题要参与15个以上，还有期末论文，期末考还闭卷\n\n题目都很难，不听根本不会，听了也不一定会
142565,1088,吴根福,2021-11-13 11:16:14,2,2,0,哈哈   刚考完试    感觉G了   不过老师人真的很好很好啊   爱了爱了   静待老师捞我呜呜呜
142568,1088,吴根福,2021-11-19 09:18:22,8,12,4,好喜欢生命教育概论啊，老师人很好很友善总是笑眯眯的，课堂气氛很好，老师的人文素养很浓厚，总是能从生物知识中得出哲理，期末考试不难，但是要记得好好复习看书和PPT，最后给分也很好。
142995,1088,吴根福,2021-11-18 04:36:05,3,6,3,老师超好！笑眯眯的，上课很有意思。给分也好！大家可以冲了
143002,1088,吴根福,2021-11-18 05:46:44,1,3,2,期末记得复习
143009,1088,吴根福,2022-01-10 06:47:00,19,32,13,生命教育概论\n\n认真听的话会很有收获，想划水的话这门课任务也不重。\n\n最后期末复习一下即可\n\n老师很好，是门上完会感觉有点惆怅的课...
143010,1088,吴根福,2021-11-18 07:11:53,-1,1,2,哈哈～
143014,1088,吴根福,2021-11-18 07:55:16,0,3,3,超好的老师，今天出分前来还愿
143471,1088,吴根福,2021-11-25 14:24:51,3,3,0,老师太可爱了！！！
144598,1088,吴根福,2021-12-22 14:16:30,-5,1,6,吴爷爷人很好，生命教育概论认真学可以好好巩固高中生物知识，想要划水也可以水得很快乐（考前喝一天的洗脚水绩点也可以轻松上4）总之强推！！！
145009,1088,吴根福,2021-12-26 12:38:01,6,6,0,老师很认真很负责。生命教育概论这门课作业还挺多的，需要完成每个单元的线上小测，spoc线上期末考，一篇期末小论文（高考作文模式），线下闭卷期末考，题目很灵活，上课不听是考不出来的。如果不想花时间复习的话建议别选。给分还不错，付出了就有回报，很公平公正
146680,1088,吴根福,2022-01-07 07:45:26,0,0,0,老师很好，考试常识比较多，但是我很多都不了解。。。
149591,1088,吴根福,2022-01-16 05:33:45,1,4,3,考前复习了一下书本，整理了一些知识点，轻松满绩（高中选考生物100分）
149729,1088,吴根福,2022-01-16 14:44:20,-2,3,5,上的是他开的通识课，老师人真的很好！\n\n任务也不重，就是说要好好看看PPT和书，期末考可能更多偏向常识，不过好好看书肯定没错。而且给分真的很好了。\n\n上完之后感觉有点对不住老师，因为没好好听，老师讲的确实是很不错的，老师对不起！
150495,1088,吴根福,2022-01-27 04:35:12,-31,3,34,文科生满绩！太爱吴老师了！超级能调分的！虽然本人最后闭卷考卷面分在90以上，但是总评怎么也不可能到98，吴老师最后竟然给了我98！！！！
152902,1088,吴根福,2022-04-21 12:23:34,5,7,2,给爷爷打满分\n\n每次上课坐第二排停停爷爷讲故事也不用记笔记\n\n期末也没复习，最后4.5\n\n很享受吴爷爷的课，作业也不多，每次下课十分钟就能完成😁
152942,1088,吴根福,2022-04-22 05:13:45,1,1,0,吴老师超级好！对文科生超级友好，大家快选！！！！
153026,1088,吴根福,2022-04-24 01:28:46,5,8,3,互评很坑，就算认真写，写的再好，也会有一些人莫名其妙去挑一些不存在的问题，然后给低分。最后成绩基本就看考试和作文互评，互评真的看运气，运气不好就......吴老师给分还是很好的，希望能取消互评，不能让参加比赛的运动员同时当裁判吧
155328,1088,吴根福,2022-06-11 03:14:28,5,9,4,‌就生命的某一或几个特性（如独特、神圣、顽强、脆弱、责任、和谐、意义）谈感想体会（要求同高考作文）。\n\n14-15分：读后很感动，受到了教育或有较大收获，可读性强；\n\n12-13分：读后有所感动，有所收获，语句通顺；错别字少；\n\n10-11分；写得还好，但读后没什么感动，收获不大；\n\n8-9分：比较平淡，读后没什么印象；\n\n6-7分；可读性不强，有一种读了一半不想再读下去的感觉\n\n0-5分：不符合核心价值观。抄袭按此类论\n\n\n\n希望老师能把题干后的“要求同高考作文”去掉，现在高考都考的议论文，同学们都很喜欢玩排比玩对偶，看着很工整很漂亮，素材一列，洋洋洒洒就是1000字\n\n但是这种文体真的能打动人吗？\n\n我互评的时候，真的都是昧着良心打的第二档，真要按我主观感受来，怕是都是第三档和第四档，看过就忘，根本没办法打动人心\n\n本来这种应试类的骈体作文在古文运动的时候就被批判了个遍了，高中被折磨个三年就算了，我现在都大三了，还要被逼着看这种不一定华但一定不实的文章\n\n就算像网络小说、像小学生作文、像沈石溪那样编个故事，都更能引起读者的情绪吧
156142,1088,吴根福,2022-06-18 02:31:41,7,8,1,吴老师yyds，是我见过最幽默最宽容的好老师了。
158085,1088,吴根福,2022-06-27 01:22:30,1,2,1,非常可爱滴一个老师
158118,1088,吴根福,2022-06-27 05:25:38,1,2,1,给分巨好 比较轻松 好好写那篇议论文 认真一点 我觉得大家都不会给太差的分数的 强推 吴爷爷yyds\n\n可爱又nice 上课幽默的老师谁不爱！！！都给我选
158262,1088,吴根福,2022-06-28 01:34:53,-25,6,31,说实话，老师比较和蔼，但是仅仅对于女生而言的，这不是夸张或者无中生有，很多人甚至老师自己都承认会对女生好一些。我和一个课友，两个男生，一个3.3一个3.6，每节课都到，论文要求800写2000＋，高中选生物（浙江考生）。真是想死的心都有了。1.5学分是不多，但是看到努力得不到应有的尊重的时候，还是很难过的。所以，男生慎选吧，没必要拿自己的成绩去照顾老师奇怪的癖好，均绩3.9全靠女生来往上拉的
158467,1088,吴根福,2022-06-29 13:08:50,14,16,2,首先容我笑一下：男生慎选这话说得出口的嘛，自己有没有听课有没有关注ppt关注书本心里没点数嘛，还生物选修生，你不复习当然只配3.3喽。\n\n3.9评：此课老师很不错，很公正，但是限于知识，我还是想说：文科生慎选！本人就是文科生，在复习了一天的情况下3.9已经很满意了。\n\n考试的题型是选择判断填空排序，如果你平时好好听课，文理都没关系，但本人平时没听课，基本上考期末补天。复习的时候主要关注ppt（有闲暇可以看书），那些原理性的东西吴老师不会考的，重点是记忆（可能这就是对文科生的优惠吧），然后可以去刷题（不保证一定考原题），但是考试里有一道推断题，十分，好像一直都是不变的原题，本人当时考完才知道，痛心疾首，那道题如果你是文科生且没有做过，一分都拿不到，暴风哭泣。\n\n所以还是那句话，文科生慎选，复习记忆ppt，刷题。
161184,1088,吴根福,2022-10-31 11:18:56,1,1,0,爆赞爆赞爆赞！！吴老师人真的超级超级好！
161465,1088,吴根福,2022-11-07 08:06:40,0,0,0,老师人挺好的，课的内容也挺丰富的。就是作业有点多……
161729,1088,吴根福,2022-11-11 12:33:10,0,1,1,吴爷爷真的很好，生命教育上课听故事可以学到不少东西，老师特别正能量，给分也很好！
161764,1088,吴根福,2022-11-12 13:53:16,-1,0,1,老师好 我菜 呜呜
161773,1088,吴根福,2022-11-13 02:55:28,-1,1,2,上课的内容生动有趣，会有很多新奇的事物和故事；老师人也很好，慈祥又幽默；只是我没怎么听课，最后只是复习了课本，没有刷题，没有看PPT，平时分是满的，能用的机会（4次）都用光了，最后期末考试确实不会的真的不会，就没有捷径了。绩点4.2。要写一篇作文（要求同高考），慕课上的测试和期末考试，线下考试。其实有点后悔没认真听(⋟﹏⋞)。
161776,1088,吴根福,2022-11-13 03:11:18,0,2,2,老师人很好，只在刚开始的时候点过1次名，上课有趣又轻松，平时分好拿。我平时上课和同学基本就是不听讲，只在最后结课考试前三四天陆陆续续把课件看完了，但是闭卷考u1s1题目是真的很难（本人纯文科生，但闭卷考很拉的情况下绩点还是上4了，能看出吴爷爷多好了吧！！）就算是自己对这个绩点不满意，也只能怪自己没好好复习，老师是真的好！（但是通识课闭卷考的还是建议uu们慎选）
161946,1088,吴根福,2022-11-15 09:09:15,3,3,0,和蔼的老先生
163518,1088,吴根福,2022-12-15 00:53:31,1,3,2,最后4.5，期末考试有很多不会，这个成绩已经很满足了，老师很有趣很可爱，mooc上作业有点多，不过也有利于mooc上的小考试
164389,1088,吴根福,2022-12-20 13:37:03,1,2,1,吴爷爷真的非常好，一学期就一次点名，给分超级好
166300,1088,吴根福,2023-01-11 23:44:09,3,5,2,真的大水课啊，而且对于一个对医学和动物学感兴趣的人来说，真的好棒，我因为特别喜欢看疾病的部分，连复习起来都很快乐，补天记得看书，书上东西很多，也有很多是常识东西，看积累了，吴爷爷好棒
169558,1088,吴根福,2023-02-27 02:10:31,-15,0,15,内容无聊
172487,1088,吴根福,2023-04-27 15:25:01,2,3,1,我很喜欢他 和爷爷合照了很开心 期末多看看书 不会考的特别特别细 文科生4.8超级开心了 mooc记得做文章记得交就可以啦 老师很可爱 上课不舍得不听
174902,1088,吴根福,2023-06-19 13:11:19,0,0,0,老师很温柔幽默，一个非常有趣可爱值得尊敬的帅哥，对学生友好给分也好，最后一个课我有点舍不得他，希望以后也能再遇到吴根福老师。
175294,1088,吴根福,2023-06-23 10:46:55,3,3,0,老师是好老师，亲切，热心，务实，看起来是很热爱生命科学的教育的。
175751,1088,吴根福,2023-06-26 11:50:33,1,1,0,吴老师十分和蔼可亲，上课和实验收获很多，做甜酒酿的时候还和我们一起吃多的糯米饭，虽然这学期微生物（乙）期末考的有点难，但被狠狠捞了一把，太感动啦
179368,1088,吴根福,2023-09-13 09:00:59,2,2,0,老师非常可爱，很有趣、很和蔼可亲的爷爷，讲课幽默质量高，给分好😊
180724,1088,吴根福,2023-09-25 11:05:42,0,0,0,老师人总是笑嘻嘻的，特别和蔼，给分也不错
181163,1088,吴根福,2023-10-10 11:23:21,0,0,0,不会说日语的生物老师不是好律师
182386,1088,吴根福,2023-11-15 11:55:30,0,0,0,非常非常好的课。还不赶紧选！
182391,1088,吴根福,2023-11-15 12:31:30,1,1,0,吴大哥很和蔼，讲课也很好，认真准备考试拿了92，非常感谢老师的付出，大家快选他的课！
182393,1088,吴根福,2023-11-15 12:36:32,2,3,1,老师真的好好，文科生不用担心
182400,1088,吴根福,2023-11-15 14:20:34,0,0,0,吴老师上课幽默风趣，任务也轻松，力荐
182422,1088,吴根福,2023-11-16 02:44:16,0,1,1,啊吴伯伯我滴最爱
182461,1088,吴根福,2023-11-16 07:14:57,0,2,2,捞王，非常感谢
182463,1088,吴根福,2023-11-16 07:33:21,0,2,2,绩点裂开\n\n老师上课有意思，但是过于人文化，考试知识比较偏生物理科，期末考试题是比较谜的。\n\n对于生物感兴趣可以选择直接看书，上课和考试关系不大，如果想考好，不如学文科生背书。（没背书，我裂开了）然后事情有些许琐碎。\n\n生物知识部分对于我一个选生物的学生来说并不能说是完全轻松，还是建议能花时间看书记忆的同学们选。课上听讲不如看书记忆。
182464,1088,吴根福,2023-11-16 08:03:27,1,2,1,和蔼 人好
182472,1088,吴根福,2023-11-16 09:00:17,11,13,2,今天出分 来给吴大哥写两句 献出在查老师的第一评\n\n如果单就成绩的话：考试挺难的（当然 这个前提是我全文选手+没有给这门课投入特别多时间+考前临时突击），吴老师是出了名的会出题，很多题一看就是送但有很多还是很刁钻的。今年好像是试题大变化，考完在98上看回忆卷讨论心里有丢丢破防......最后总分意外的好，至少是高于我的心理预期，应该算满意吧！\n\n说回上课，生命教育概论这门课符合我对通识课的一般印象：部分内容很基础、贴近生活，部分内容有点艰涩（也许从这一角度更能说明：你是可以从这门课上学到一些知识的）。吴老师的课跟本人一样有趣、和善，为此屡次发朋友圈，在评论区都会看到学长学姐们“这课又偷偷进化了”之类的发言。秋学期下来很多知识在交卷子的那一刻已经全部消失，而课上老师偶然蹦出的几句妙语、举的典型的例子、放的又土又潮的视频构成了我对这门课的最后记忆。\n\n事情不算多（每节课对应的慕课测试+15次不少于50字的讨论区讨论+800字高考作文），老师人也很好（浙江同学说听吴老师上课就像在听自己的爷爷讲话 特舒服），学起来会有一定的难度（如果你来自北方且生物基础非常薄弱），但总归来说是值得且有收获的！\n\n说回来，撑下来这个小学期，怎么不算一种生命的顽强；吴大哥在课上课下的教授点拨，又怎么不算一种生命的呵护呢？【doge】
182474,1088,吴根福,2023-11-16 09:18:34,0,1,1,课是好课，老师是好老师，一点毛病挑不出来，卡绩也不是老师故意的，这都没啥问题。\n\n就是令人恶心的同学互评作文，有的人真的恶竞，他一个人的评分甚至存在拉低你最后百分制分数1到2分的可能性。\n\n我不知道该不该建议选这门生命教育概论，但如果你选课后最后和我一样在这些地方被绊倒，还请不要后悔自己的决定，同时也放宽心，毕竟只是一门通识选修，无伤大雅（（
182475,1088,吴根福,2023-11-16 10:14:47,0,0,0,吴老师非常和蔼可亲，给分也很好。
182476,1088,吴根福,2023-11-16 10:15:51,0,0,0,生命教育概论。。。老师课讲得很好，给分也很好，上课不听考前看看书也能拿高分！！
182479,1088,吴根福,2023-11-16 10:58:53,0,0,0,老师很幽默，在课上可以学到很多有意思并且有用的东西，闭卷考有点难，也可能是因为我高中没选生物且考前才开始复习，但是老师给分挺不错.
182507,1088,吴根福,2023-11-16 23:43:50,-5,1,6,老师好，我菜，文科生绩点4.5勉强满意了
182513,1088,吴根福,2023-11-17 00:23:59,3,4,1,吴爷爷人特别和蔼！上课也比较有意思，可以不完全听，但是听了也一定有收获。虽然要做mooc，看着要求很多，但是没有小组讨论课堂展示这类东西。最后闭卷考试内容其实有些过于细致了，感觉对理科生也没什么加成，对文科生也不会过于需要理化知识，还是要背书的。最后的最后，即使苯人上课基本就当背景音听，最后补天书也没看完，卷上也有挺多不太会的，但还是被捞到了90+，感恩的心～
182729,1088,吴根福,2023-11-20 02:34:46,1,1,0,其实老师看起来人挺好，就是生命教育概论这课比起其他通选课而言，事情确实比较多
182830,1088,吴根福,2023-11-20 13:25:16,1,2,1,被捞了，文科生4.5
182862,1088,吴根福,2023-11-21 00:15:33,3,4,1,上生命教育的老师对生命还是很有见地的，是一个很懂怎么活着的老师，也很有人格魅力。
182900,1088,吴根福,2023-11-21 04:07:57,3,7,4,3.9被绩杀了，大学第一个绩点，好难过\n\n（强烈建议取消互评环节）
182948,1088,吴根福,2023-11-21 07:51:10,3,4,1,上的生命教育概论，老师上课例子很多（这些例子书上也有），本文科生听的津津有味。当然了这门课也非常好水，平时把MOOC要求的作业做一下考前多在98上找找回忆卷看一下，有多的时间把书过一遍，成绩就不戳了。作为一个高中没学生物的人，最后拿了4.5，已经非常非常感谢老师了。
184515,1088,吴根福,2023-12-21 08:19:08,1,1,0,吴老师人真的很好！！
184534,1088,吴根福,2023-12-21 12:45:44,1,1,0,吴老师大大滴好，非常幽默风趣，捞了我一把，文科生落泪了
184750,1088,吴根福,2023-12-22 12:22:07,4,4,0,生命教育满了，超级好的老师，吴爷爷不要我们喊他爷爷，要我们喊他大哥显年轻，晚课老是困但是老师很有意思，一个短学期点两次名也很好。都快快去选
184845,1088,吴根福,2023-12-23 11:25:46,2,2,0,不是所谓的水课
184902,1088,吴根福,2023-12-24 09:12:51,1,1,0,期末考试太迷了，复习作用不是很大o(╥﹏╥)o
184922,1088,吴根福,2023-12-24 10:12:57,8,8,0,很喜欢老师的一个观点，感觉跟他同一辈的人都不会这么想：现代人该不该享乐。老师说那些战士们过去的努力奋斗，就是为了让我们有更好的生活，因此不必追求吃苦，现在所谓的“享乐”正是他们想看到的（大哭）。
185462,1088,吴根福,2023-12-29 15:50:59,1,3,2,呃，期末还是建议复习，不过把慕课视频过一遍有印象就可以了（但是要认真听，因为考题可能就是吴大哥随口的一个例子，而这个例子也是根据题目来的），最后，互评确实存在恶评现象，但吴大哥会在评分后对分数特别低或者评分内极差离谱的同学重新给分，而且对这事儿特别上心，所以还是不用太担心（我可能没被恶评所以不知恶评苦，有多冒犯请见谅）。4.8还是没有辜负吴大哥这8次课的付出。嗯，如果是被捞了的话也是不辜负。✓
185599,1088,吴根福,2024-01-02 13:57:20,1,2,1,特别喜欢听吴爷爷的课！真的能感受到生命的多样和伟大
185754,1088,吴根福,2024-01-04 05:56:55,14,15,1,我什么时候才能听到1234菌不笑啊哈哈哈哈哈
185833,1088,吴根福,2024-01-04 17:38:32,2,2,0,老师很好，教课很认真，课程内容也很丰富，很好。但是课并不是那么水，上这门课一定要认真看书。
186298,1088,吴根福,2024-01-10 11:34:00,13,14,1,老师很好 有些牲畜趁着互评给别人打低分 祝愿你们能心安理得地活着
186592,1088,吴根福,2024-01-12 03:55:35,2,3,1,算是比较硬核的课，考察的是书本知识点+上课强调的点+自己的生物素养，推荐加了生物并且喜欢的同学选。很有情怀的老师，上课有温度，能学到很多有意思的生物现象
186872,1088,吴根福,2024-01-13 10:03:55,1,2,1,老师人特别好，我选课失误退课之后补选都过了，我给老师发的邮件他让我直接来上课，给我签了字选上了（我给好几个老师发了邮件只有他回了我ww\n\n教学内容也很有意思，吴老师是有一些人生哲理在身上的，有趣也有思考
187782,1088,吴根福,2024-01-17 12:05:45,1,2,1,吴老师上课真的很有意思，PPT也会改新的。上的课也是可水可听。
187789,1088,吴根福,2024-01-17 12:45:06,3,4,1,gf爷爷我的神！他真的像爷爷一样，又搞笑又温暖！认真学绩点会超级好的！而且爷爷很捞，大家都来选生命教育概论～
187825,1088,吴根福,2024-01-17 14:01:23,-8,9,17,屁事多，给分一般，理科生没必要选，我觉得没有优势，反而是会背书的人有优势。通识卡绩，拉低均绩，，，，，
187876,1088,吴根福,2024-01-17 16:00:50,1,1,0,吴老师的课生动有趣，老师也十分开放包容。结课的时候特别特别舍不得吴老师，您辛苦啦，注意身体噢。
187912,1088,吴根福,2024-01-17 19:27:26,2,5,3,很好的老师！讲课很幽默内容也丰富\n\n平时包括mooc讨论+mooc测试+作文 事情不算多也不算少吧\n\n闭卷考但是老师出分的时候非常捞！一个10分送给根福爷爷！
188261,1088,吴根福,2024-01-18 13:45:53,1,2,1,平心而论，吴老师的生命教育概论在通识课中属于事情比较多的。慕课八个单元的课后作业+慕课讨论+课程作文+期末闭卷考，与其它一些只有一篇课程论文的通识课比起来确实会花费很多的时间。\n\n吴老师课程内容生动有趣，讲课认真负责，风趣幽默，其实建议想上课的同学可以直接去教室里听，不用在课表中选择这节课。\n\n作文互评属实怨声载道，希望取消。\n\n我期末考前复习了三个多小时，感觉重要的内容都复习过了，考试时自己感觉也还可以，最后87 4.2。虽然看到很多同学说给分好，但我感觉我是没被捞的。
189056,1088,吴根福,2024-01-21 13:19:36,-2,3,5,被捞了 文科生4.8非常感谢 考试形式有点迷需要补天背书复习 课还是很不错的，但能学到很多知识
189100,1088,吴根福,2024-01-22 01:49:10,0,3,3,emmmm…… 自己学生物的这课才4.2 迷惑迷惑 理科生不该选不该选不该选
190006,1088,吴根福,2024-02-08 09:54:09,-14,2,16,给我91卡是啥意思
190325,1088,吴根福,2024-02-28 03:33:48,1,3,2,课程内容很多，从进化学到微生物学再到生态学，算是生物知识大杂烩了，而且单挑哪个都比高中学的相关内容知识更多。\n\n考试的话重点看微生物那些，猜测老师可能是做这方面研究的，微生物这一块考试是考的真的多。\n\n老师上课极其有意思，憨厚中透露着有趣，思想上几乎没什么代沟。事情算是同类通识里面多的，而且mooc上的题也是真的搜不到要靠自己翻书。
191604,1088,吴根福,2024-04-25 15:52:12,6,7,1,作为通识课事情挺多，给分的话感觉挺迷的（本人所有任务一个没落，每节课都去听了，最后3.9），期末考复习时建议98上找历年题
191742,1088,吴根福,2024-04-29 10:54:32,4,5,1,来这里谢谢一下老师！这门课需要写一个作文（互评机制的15满分 我评别人全是满分），spoc课后讨论50个字以及8章的单元测试（98有答案），期末考建议看98以及spoc的题目，基本上不会便，尤其是简答题，推断物质，本人最后绩点是4.2，已经满足了，老师和蔼可亲，课上有很多有趣的内容。
191746,1088,吴根福,2024-04-29 12:36:33,2,2,0,非常好的老师，上课非常有趣（也可以水）有两次点名到了就行。期末考试看98历年卷复习，有很多相同的题。体验不错！
193993,1088,吴根福,2024-06-21 08:31:03,6,6,0,考试前四十分钟对我们说，小的们，可以起床了！\n\n这么好玩的老师去哪里找QAQ 爱老吴！
194780,1088,吴根福,2024-06-25 11:30:26,0,2,2,4.5，不错的课，上课讲的内容很多很混杂但总体算有趣，完全不听也基本没有影响。作业有很多条目但实际体量不大，考试记得看spoc和历年题，然后简答题多写点
198882,1088,吴根福,2024-09-12 11:20:48,0,0,0,老师幽默有趣，赞
199314,1088,吴根福,2024-09-21 01:24:03,8,8,0,特别的爱给特别的你～
201012,1088,吴根福,2024-10-26 17:37:54,0,0,0,老师真的很有意思
201316,1088,吴根福,2024-10-31 13:03:07,2,3,1,吴老师老师真的太棒了，顶顶顶，真的超喜欢，一个计科的宝宝真的能感受到人文关怀
201317,1088,吴根福,2024-10-31 13:26:52,1,2,1,老师真的很好啊啊啊 我哭死
202068,1088,吴根福,2024-11-09 03:09:42,0,2,2,………
202254,1088,吴根福,2024-11-16 04:09:44,3,6,3,给老师10分老师可以捞我上4.5吗\n\n来还愿 4.8 真的是海底捞
202387,1088,吴根福,2024-11-12 08:24:06,8,8,0,吴爷爷真的很好，可爱的小老头。课间还会放歌，虽然是一些土土的老歌。课水但老师真的每节课尽兴尽力的讲。不过文科生还是慎入，期末考的很细
202598,1088,吴根福,2024-11-13 09:30:03,4,5,1,最爱的一门课，最可爱的一名老师。\n\n在生命教育概论不仅能学到生物的知识，还能感受到吴老师那种长辈的关怀。吴老师真的很有耐心，课程风格也非常轻松愉快。他对很多问题的思考不是强制性的、唯一的，而是鼓励性的。\n\n我不认为这是门水课，在老师的讲解下，只要用心，就能得到知识。而这门课本身也不需要太多专业知识，故而整体难度不高。\n\n总之认识吴老师，上过他的课，是我的荣幸！
203006,1088,吴根福,2024-11-16 00:20:07,2,4,2,喜欢根福爷爷～超级喜欢吴老师！！！老师讲课很幽默很风趣，很有人格魅力很亲切嘞！我是社科的同学，选的生命教育概论，最终绩点得了4.8…给分挺好的…感觉是绝对被捞捞了…高中没学过生物的同学可以放心冲，班里有许多社科同学选嘞～不过老师出卷水平很高的，挺细节的，需要结合ppt，mooc上的题目和98上的历年题来复习，本人最后复习时还挺辛苦的……建议考前把教科书要过两遍嘞…需要花时间好好备考
203029,1088,吴根福,2024-11-16 03:46:13,5,5,0,老师讲的对人生很有启迪 但是考试有点难度 生命教育概论获得了4.2绩点
203043,1088,吴根福,2024-11-16 05:22:07,1,3,2,谢谢老师捞捞！！特别好的课 冲！！！！
203062,1088,吴根福,2024-11-16 07:39:31,-7,3,10,为什么所有人都说被捞了，感觉不是同一个老师啊hhhhhh，，只能说不要觉得自己学过生物就来选生命教育概论，除非打过生竞国赛，期末全是怪题。
203066,1088,吴根福,2024-11-16 07:50:57,5,5,0,老师平时事真得挺少的，期末考的时候多看看回忆卷和书，绩点不会出错，上课很有意思
203141,1088,吴根福,2024-11-17 10:16:23,4,9,5,感觉没有被捞，课也听，复习的时候也认真复习了书和历年题，但是最后只有3.9，还挺失望的😓
203261,1088,吴根福,2024-11-18 13:37:08,3,3,0,老师人很好，卷子和历年卷重合挺高，课可以不听，但是考前一周要把书本过一遍，结合98上的笔记复习。上课挺有意思的，但是备考的时候是真的痛苦，考得超超超超极细，尼安德特人和丹尼索瓦人基因序列有5%相似，物种灭绝时间排序，还有推断题我是真的写不出来，必须要对书本很熟悉才行。
203318,1088,吴根福,2024-11-19 05:56:01,1,1,0,老师真的很好，但是生命教育概论还是比较看期末考的，如果想拿高绩点平时还是要多听
203834,1088,吴根福,2024-11-21 11:05:11,0,1,1,老师讲得非常好！特别可爱的老师！课间还会放很多歌曲的mv哈哈哈，文科生考前突击3.9……已经满足了，特别喜欢wgf爷爷！
203837,1088,吴根福,2024-11-21 11:54:13,1,1,0,老师我太爱你了！！！\n\n是文科生友好的生物课，平时上课老师不怎么管，水水的很安心，当然老师课有时也很有趣，不由自主地被吸引了。\n\n最后的论文和考试认真点就ok辣！
204710,1088,吴根福,2024-11-27 12:37:41,1,3,2,老师上课很有意思，风趣幽默，人特别好，上课几周后会有自我介绍(相当于点名)，平时上课听听，考前看看真题就没问题了，记得把慕课能刷的刷满，最后喜提4.5
204711,1088,吴根福,2024-11-27 12:37:38,0,4,4,老师上课很有意思，风趣幽默，人特别好，上课几周后会有自我介绍(相当于点名)，平时上课听听，考前看看真题就没问题了，记得把慕课能刷的刷满，最后喜提4.5
204712,1088,吴根福,2024-11-27 12:37:39,1,3,2,老师上课很有意思，风趣幽默，人特别好，上课几周后会有自我介绍(相当于点名)，平时上课听听，考前看看真题就没问题了，记得把慕课能刷的刷满，最后喜提4.5
205705,1088,吴根福,2024-12-11 11:10:27,3,3,0,吴爷爷真的很好！能感觉到他对自己的课程是用心的，他的课件做得很生动有趣，其中穿插了各个语种，各个年代的和生命有关的纪录片，歌曲(有时候好搞笑)非常照顾人文类的学生，期末考完了跟吴爷爷报喜，秒回信息呜呜呜感动
205756,1088,吴根福,2024-12-12 02:37:07,3,3,0,伟大，无需多言。\n\n平时mooc作业（较少）和小作文（高考那种，生命，同学互评）\n\n期末考是闭卷，但是可以看看历年题。
205882,1088,吴根福,2024-12-12 12:33:31,0,0,0,真的好老师 上课有意思！
206358,1088,吴根福,2024-12-14 13:24:34,-1,0,1,吴老师人真的很好，很幽默上课很热情，生命教育水水的很安心，强推！！！
207105,1088,吴根福,2024-12-19 08:57:38,4,6,2,爷爷是好爷爷，但是也要奉劝同学们不要太摆了😭💔我也不知道是我复习不到位还是怎么的，出分只有3.3，同学们还是要好好复习一下的一定一定不要觉得这门课给你高绩点是理所当然🥺
211350,1088,吴根福,2025-01-11 08:29:28,2,2,0,虽然最后88刚好卡4.2了 不过那是我自己mooc没做满 同学互评扣了两分我也有点出乎意料吧 我还以为这种部分大家都会互捞打满的 可能有些同学略微求是吧 但是闭卷期末考大家还是要复习一下的
215477,1088,吴根福,2025-02-26 13:55:36,1,1,0,神中神
216360,1088,吴根福,2025-03-14 09:18:18,1,1,0,我爱吴爷爷
218603,1088,吴根福,2025-04-26 04:16:04,2,2,0,老师很好。单从拿高分的角度来说，上课签到尽量都去，mooc尽量全部刷满，然后期末多多看历年题。最后的成绩一定是不错的。本人4.5，知足了。
218606,1088,吴根福,2025-04-26 06:35:20,0,0,0,这个学期吴老点了三次名，最后一次总评可以加一分，个人觉得事情算很少了，就是点名一定要到，然后慕课尽量刷满，本人工科生，高中选科是物化生，但感觉考试内容不是特别吃高中基础，重点在于书本吧，最后还是很满意的😊。爱吴老
219928,1088,吴根福,2025-06-11 09:40:55,-2,0,2,我泼一下冷水，仅评价生命教育概论：\n\n老师有很多雷人的价值观，但人也不算坏，所以很多人可能很喜欢\n\n经常喜欢在课上说：“文科的老师教这个会举很多什么什么的悲情故事，我们理科的老师教这个会使用科学的例子”，明褒暗贬一下文理科。但说实话这个课本很多内容也只是一些现象强行引申到人类价值观上，有一种“理科生也有文科梦”的感觉，很多逻辑也蛮不通的
220184,1088,吴根福,2025-06-16 05:20:10,0,0,0,大家千万记得不能太水了，我就是前车之鉴，老师会点名，所以课还是要好好上，一定一定不要忘记最后互评的环节，没有人会提醒你要在MOOC上互评，我本人就是忘了所以慕课上只拿了60%分数
220461,1088,吴根福,2025-06-18 04:42:43,0,0,0,老师很好，书上的内容也蛮有意思的
221503,1088,吴根福,2025-06-24 05:25:23,0,0,0,老师真的很和蔼，像我爷爷一样（这是可以说的吗？haha)\n\n我就喜欢小老头嘿嘿（老师我肯定没有骂你的意思呜呜)\n\n是浙大唯二认真看我大作业并点评的老师（呜呜呜真的好感动）\n\n批完我卷子第一时间恭喜我考得不错，\n\n最后成绩算了一下平时分直接给满了，全扣的期末分！\n\n呜呜呜呜老师我爱你，我为你扛大旗！！！
17130,1134,袁洁,2016-01-19 15:43:23,0,2,2,人很棒 亲和力max 讲课风格也很好
17465,1134,袁洁,2016-01-20 08:53:42,0,2,2,有变相点名，给分坑啊
18121,1134,袁洁,2016-01-21 07:59:43,-1,0,1,不愧美国名校毕业，好老师！
3126,1181,杨志坚,2015-05-15 08:05:52,74,81,7,除了分低毫无缺点
3930,1181,杨志坚,2015-06-17 10:19:06,8,15,7,人挺好 讲课也挺好 不过是等级制的课所以成绩比较坑
8328,1181,杨志坚,2015-09-18 10:17:22,41,43,2,吃那么多饼干面包酸奶啥的 0.5分的课别在意绩点啦
11360,1181,杨志坚,2015-11-29 01:23:27,12,15,3,非常好，绩点低
19536,1181,杨志坚,2016-01-24 14:55:39,-6,5,11,课很棒啊，不仅有吃的，而且讲的理论也都是平时用的着的，就是那个女的有点凶...
22290,1181,杨志坚,2016-03-03 09:06:27,31,34,3,老师赞，满分~反正就0.5学分，2.5的绩点。分低没什么，吃了饼干酸奶等等美味
23780,1181,杨志坚,2016-04-16 11:40:57,8,10,2,美食品尝课....
24301,1181,杨志坚,2016-04-29 09:15:01,23,25,2,好玩是真的，绩点低也是真的～
24302,1181,杨志坚,2016-04-29 09:14:33,9,11,2,绩点低的可以啊
24303,1181,杨志坚,2016-04-29 09:24:24,4,8,4,得了一个良好的低分。\n\n
25515,1181,杨志坚,2016-05-24 07:05:06,6,7,1,挺棒的
31766,1181,杨志坚,2016-07-05 01:33:12,0,2,2,除了分暴低毫无缺点，接受不了低绩点的慎选
31798,1181,杨志坚,2016-07-05 02:35:11,3,5,2,认真写论文给分蛮好啊，老师人超好，课也很好
31911,1181,杨志坚,2016-07-05 06:53:07,0,2,2,很有意思的一门课，认真写作业绩点也不会低。
33482,1181,杨志坚,2016-11-17 16:07:31,8,9,1,虽然2.5的绩点有点失望（因为有认认真真写作业），但是老师是真的好，课也很有趣，0.5个学分大家不妨去感受一下做美食的快乐啦！！！
35265,1181,杨志坚,2016-11-07 12:17:05,0,0,0,好！没得说！
35592,1181,杨志坚,2016-11-10 07:30:04,0,1,1,我很喜欢这个老师和这个课程，但愿绩点不要低！
36302,1181,杨志坚,2016-11-11 14:54:34,2,2,0,课很棒 给分不是特别好 也不是老师的原因吧
36344,1181,杨志坚,2016-11-12 05:10:27,2,2,0,确实，除了分低别的都好。最后的报告明明可认真了额，不过老师也不想的吧~0.5学分不在意那么多了啦，总之好评！
36411,1181,杨志坚,2016-11-13 06:19:48,1,2,1,上课很有意思，每天吃吃喝喝，不过绩点难免受限，不过0.5的学分不要在意啦。\n\n
36431,1181,杨志坚,2016-11-13 12:08:43,5,5,0,这么好的课。推荐每个人都能上一次。
36454,1181,杨志坚,2016-11-13 22:34:18,-4,11,15,很有趣的一门课！老师知道的东西很多~\n\n可以学好多好多东西啊 。\n\n之前一直听说绩点低怪吓人，但是最后老师给了我4.5！ 无限感动 TT 谢谢老师 =)
36490,1181,杨志坚,2017-11-18 18:46:10,9,11,2,上课做吃的挺好的，就是绩点巨低
36724,1181,杨志坚,2016-11-15 14:05:07,7,9,2,课很好玩，杨老师和黄老师人都超好的。就是绩点。。。还有想问3.5什么水平？？？
39339,1181,杨志坚,2016-12-22 06:24:15,14,15,1,贼啦棒棒  虽然说成绩要正态没办法 但是你要相信只要你用心就会有好成绩   杨老师和黄老师一静一动配合挺好的  平时也会提早下课  主要是 动手做美食对女生来说简直就是无法抗拒啊      老师喜欢互动 喜欢学生提问题 从事食品行业三十多年 很有经验  能学到很多知识 可惜课时太少 一共只有四次实验好像
43777,1181,杨志坚,2017-01-17 02:58:20,6,6,0,除了分低，蛮好玩的。嗯，最低的一门课。不过也就0.5学分嘛，怕什么。
45038,1181,杨志坚,2017-01-19 01:04:55,5,5,0,大爱杨老师！很博学，收获很大！简直是吃货的天堂！最后的实验报告和反馈好好写，是可以拿高分的！
47892,1181,杨志坚,2017-02-27 04:36:31,1,4,3,超级棒的老师啊啊啊！因为是补选的总共四节课我就缺了一节感觉超级可惜错过了香香软软的面包！课程经历超级喜欢所以论文和反馈都超认真的在写～因为班级人少成绩要正太什么的听说绩点可能不好看？？？不过0.5学分不怕不怕啦没想到最后还有4.5惊喜！反正强推这门课四个下午的时间在浙里留一段特别的回忆！
50618,1181,杨志坚,2017-05-04 02:08:47,1,2,1,非常棒的体验，绩点也很惊喜呢
50645,1181,杨志坚,2017-05-04 04:29:13,2,2,0,要是没有学分就更好了\n\n老师讲的真的超棒，上课也超好玩
50657,1181,杨志坚,2017-05-04 05:50:07,1,4,3,真的很好玩，最不后悔上的一门课，很适合女孩子们去上课呀。认真写了实验论文，最后4.5。
50693,1181,杨志坚,2017-05-04 10:24:11,2,4,2,很风趣幽默，东西很好吃，评分五级制，最高4.5？不过0.5学分，真的不用在意
55782,1181,杨志坚,2017-07-02 11:19:06,1,3,2,杨老师会讲很多私货，黄老师好凶啊。。。
56507,1181,杨志坚,2017-07-04 02:10:09,5,5,0,能选上这门课真的很惊喜，杨老师黄老师其实都很温柔。
56522,1181,杨志坚,2017-07-04 02:42:04,11,20,9,4.5哈哈哈哈哈哈哈哈哈哈哈不仅吃到了面包酸奶披萨，还尝了2口老师的酒，差点醉了，吓得老师以为我酒精中毒了。超级nice的老师。但我必须提醒各位，喝酒不上课，上课不喝酒啊。
58137,1181,杨志坚,2017-08-05 13:18:58,3,3,0,棒棒哒
62196,1181,杨志坚,2017-11-23 05:49:04,2,3,1,东西吃的爽，但是绩点是真的差！但是也就0.5啦
62321,1181,杨志坚,2017-11-24 07:44:39,1,1,0,课特别好玩，除了分低没什么毛病，老师人都很好，可以做美食的课选一次也是蛮好的嘛
62457,1181,杨志坚,2017-11-25 10:02:22,2,4,2,哈哈迟到了一次2.5 这门课好像是2.5 3.5 4.5这几档？不过才0.5 值了！
62905,1181,杨志坚,2017-11-27 10:13:26,1,2,1,老师知识面真的很广，讲课也很有趣，上课可以吃吃喝喝，也很好玩，绩点什么的不要介意，0.5的学分真的没有撼动我的均绩…
63946,1181,杨志坚,2017-12-20 03:31:09,1,1,0,老师真的超级好
64378,1181,杨志坚,2017-12-23 05:26:16,0,1,1,八年级
69834,1181,杨志坚,2018-01-25 13:25:06,5,5,0,绩点真心好低啊啊啊！和创业基础一样 。。不过每次上课都超享受，贼棒，面包们很好吃，老师们也很可爱，，自己做美食很美妙啊！
74019,1181,杨志坚,2018-02-04 07:24:56,0,0,0,好吃！
75158,1181,杨志坚,2018-03-07 15:10:12,1,1,0,超级喜欢老师啦，感觉博学又幽默，而且课上还有那么多好吃的
78356,1181,杨志坚,2018-05-11 05:29:47,1,4,3,棒!4.5!还好吃!
78384,1181,杨志坚,2018-05-11 08:17:09,1,2,1,特别棒的课！我是第一节课就有重大失误（重做了三次...）的人，居然最后还有3.5，之前一直担心1.5来着！老师超棒！已把这个课安利给身边所有人了哈哈
82188,1181,杨志坚,2018-07-07 10:52:48,1,2,1,给分太低了，完全不知道怎么评价的，虽然上课还蛮有意思的
84967,1181,杨志坚,2018-07-14 15:55:09,3,3,0,杨老师和黄老师都超棒！\n\n突然想起我去年的酒还寄存在生物实验楼。。。
99933,1181,杨志坚,2019-01-25 10:07:11,2,2,0,蛮有趣的，可是给分不好唉
100128,1181,杨志坚,2019-01-25 15:24:16,-1,0,1,老师很负责任，有一次我们组可能吃了没熟的食材，课后老师发了很多条短信确认我们没问题。上这个课肯定有收获。就是给分差一点，0.5个学分也不怎么影响均绩。
103411,1181,杨志坚,2019-02-28 03:16:56,1,2,1,"老师人超好的，课也好，简直就是吃货的天堂啊ΦωΦ，不过就是在面包快烤好的一段时间，闻着香气，看着美食纪录片，还是快吃晚饭的时间……快饿死了╮(￣▽￣"""")╭"
107658,1181,杨志坚,2019-05-08 04:43:35,10,13,3,课是挺不错的，可是这分也太低了吧，我觉得自己论文和调研都做得挺用心的，2.8真的枯了
107688,1181,杨志坚,2019-05-08 09:53:08,7,11,4,我无法接受这么低的分数\n\n我自认为认真对待这门课，也认真写了期末论文，2.8不能接受
107740,1181,杨志坚,2019-05-09 00:13:46,6,8,2,上这门课真的很开心，每节课都可以做好吃的，很有趣，但是老师给分真的太差了，给老师9分。作业有感想、从家乡美食中体验发酵之美、市场调研报告和照片，每一个作业我都特别特别认真的完成，总之分数和预期不符吧，现在也已经变成1学分了，一下子拉绩点了…
107747,1181,杨志坚,2019-05-09 02:55:53,8,10,2,给分太差了！凭什么？！老师也太狠了，一下子拉低低绩点。不应该贪玩选这门课 哭哭
107749,1181,杨志坚,2019-05-09 04:00:55,2,3,1,挺好的，就是绩点……
107754,1181,杨志坚,2019-05-09 06:33:40,9,10,1,东西很好吃，就是绩点2.8可还行\n\n我觉得自己调研什么的做得还挺认真的…
108634,1181,杨志坚,2019-05-30 05:31:56,1,1,0,杨老师负责理论黄老师负责操作 两个老师都很好 课程本身的话 实验课一般会延长到五节课 主要还是玩的开心吃的开心就行了 跟成绩基本没关系 感觉评分主要看的是社会调查报告和小论文 想要高分就真的需要写的很认真 不能太表面肤浅的 要有点自己的想法和分析比较好
113475,1181,杨志坚,2019-07-06 17:55:48,4,4,0,出分极慢
114934,1181,杨志坚,2019-07-13 00:17:39,3,3,0,2.8呜呜(┯_┯)太惨了
114945,1181,杨志坚,2019-07-13 01:49:09,0,0,0,好老师，好课，除了给分不好，没有任何缺点
114965,1181,杨志坚,2019-07-13 07:06:01,0,2,2,好课 好好学能收获很多 不过绩点3.8真的不是我想要的
120908,1181,杨志坚,2020-01-18 17:10:09,4,4,0,高质量课程，对真正热爱美食的人很有帮助，会教授真才实学并且解疑答惑。唯一的缺点和前人的评论一样，给分太差，三篇论文都是认真写的结果3.5？？？
120946,1181,杨志坚,2020-01-19 01:16:06,7,7,0,我真的态度非常认真……2.8呜呜呜\n\n凭良心说话，老师和课程真的非常优秀，就是绩点太痛心了\n\n
120947,1181,杨志坚,2020-01-19 01:20:25,3,3,0,看淡绩点，再来。
120979,1181,杨志坚,2020-01-19 06:41:44,1,1,0,课很有趣，老师也很好。相当于一节美食课，选的话，要记得留出一整个下午哦。
122707,1181,杨志坚,2020-03-23 03:41:45,0,1,1,绝对好评，惬意的下午茶时间
122963,1181,杨志坚,2020-04-26 09:49:42,1,1,0,好吃是真好吃，老师也很有知识，实验室还有一位女老师忘记叫什么了，偶尔会说两句话还挺开心的。有一次实验室香味还引发了烟雾报警器XD
123522,1181,杨志坚,2020-06-09 10:16:20,3,3,0,课程体验很好，给分………查老师上的评论过于真实……很认真地完成了每项的作业结果3.5……还好只有1学分不然均绩凉凉
131991,1181,杨志坚,2021-01-30 01:56:33,4,6,2,这么好的老师哪里找？是我冬学期最喜欢的一门实验课了，最后给分也很好，4.8谢谢老师
133617,1181,杨志坚,2021-03-03 02:33:39,4,4,0,上过第一节课我直接过来打满分，黄老师蛮好的；杨老师实在太浪漫了，怎么可以这样浪漫！
138726,1181,杨志坚,2021-07-10 14:02:32,10,14,4,老师这学期给分变好了！！！不是五级制了！！！拿了4.8，快给我冲！！！微生物发酵实验！！！超值！！！
141910,1181,杨志坚,2021-10-31 10:58:29,1,2,1,杨老师的课真的很好\n\n在课上你既能学到实用的烘焙技巧，又能了解到发酵知识\n\n每次做好的食物还可以带回去给室友吃
142804,1181,杨志坚,2021-11-16 09:14:04,3,3,0,分低，难受
142822,1181,杨志坚,2021-11-16 13:51:18,1,3,2,杨老师专业性特别强，上课很风趣，介绍了很多食品工业相关的知识，包括但不限于酿酒，酸奶，豆腐等等，实验等待时间会放保罗教你做面包小视频或者和同学交流问题，是很有意思的一个老师～给分很公道！
144469,1181,杨志坚,2021-12-21 15:45:20,1,1,0,课是挺好的，有知识，有乐趣，但给分实在是。。。。。\n\n不太在意这一学分的可以来，课很好，很轻松，没考试，没平时作业，就两份报告。\n\n想刷绩点的快跑，3.3飘过。
144521,1181,杨志坚,2021-12-22 05:13:21,1,1,0,每节课都能做东西，成绩只由签到和最后的论文决定。
145273,1181,杨志坚,2021-12-28 15:57:13,2,3,1,未结分先评价——10分!太有趣了，这么多种面包、酸奶的制作，自己动手，满满的实用知识。很希望以后有机会重复一下上课做过的食物，并且达到老师说的“做的多了能尝出来有没有添加剂”的level。另外，这门课的初衷是普及食品安全，所以杨老师在课上也会讲一讲酒的发酵工艺啊这些食品工业的知识。至于成绩，也不是太在意了，毕竟很少有课那么开心啦~
145458,1181,杨志坚,2021-12-30 00:31:13,2,3,1,节节课烤面包还有什么可抱怨的！老师知识很渊博也很厉害！另一个一起上课负责教大家烤面包细节的女老师虽然看起来凶凶的，但是烤面包技术超级厉害！而且感觉真的热爱烘焙！都很好！
156901,1181,杨志坚,2022-06-21 10:04:35,-1,0,1,给10分\n\n但是给分确实一般，不过课程很有趣，不在意通识课成绩的优先选
159732,1181,杨志坚,2022-08-26 07:09:53,3,3,0,教务网上的成绩公示：2021-2022夏， 生活中的微生物发酵实验， 321010****， 孙**， 中等→良好\n\n不是说好的百分制了吗？怎么又改回五级制？
160883,1181,杨志坚,2022-10-18 06:43:13,2,2,0,以后就选不到了啊..
161936,1181,杨志坚,2022-11-15 07:04:54,3,3,0,课上很开心，结课被绩杀dT-Tb不是说不五级制了吗么嘟
161937,1181,杨志坚,2023-01-15 06:12:22,3,3,0,课真的很快乐\n\n做蛋糕做酸奶喝米酒\n\n但是老师说会给一个不错的分\n\n结果还是被绩杀了😭\n\n两篇论文，认真写的，给分确实不好😭\n\n（回复一下楼上，我知道五级制4.5是最高绩点，3.5是第二等，所以显而易见给分相对于其他通识课更差，老师一堂课一共30人，起码一半会得3.5）\n\n不过收到了老师的邮件“作业已收到，感谢”
161948,1181,杨志坚,2022-11-15 09:40:37,2,3,1,感觉认真写论文了，调研也认真做了ppt，但绩点2.5，除了分低没有缺点，老师人很好，讲的也很好
162041,1181,杨志坚,2022-11-16 08:40:45,2,2,0,唉，课程真的很有趣，但是分真低，出分前均绩4.2，出分后均绩3.6，真的很难过
162112,1181,杨志坚,2022-11-17 01:53:12,-5,1,6,我很喜欢这种成绩构成，成绩只看签到率和学期末的两篇论文。\n\n这难道不比要看上课发言、小组作业、pre的课轻松的得多吗。\n\n而且课也很轻松，除了烘焙就是老师和我们聊天(？)，老师会讲很多关于品酒、发酵的知识。从来没有作业。烤面包做酸奶做椰蓉甜面包的课谁不喜欢啊\n\n而且给分也没说的那么差。老师布置的论文是不限字数的，但是他也提醒了一下往年都是要求写到2000字左右。\n\n我没有卷，每篇都一千八九百字左右，拿了4.5的绩点。\n\n不过我的经验是论文可能要有创意一点？
163189,1181,杨志坚,2022-12-09 08:02:20,2,2,0,楼上那位，你知道五级制下4.5是最高绩点吗
163777,1181,杨志坚,2022-12-16 05:45:20,6,6,0,老师人特别好，虽然是理科老师但是文学方面也挺博学的。非常温柔，上课有空可以自主提问。每周的课都治愈了我，做的东西原材料都很好。依旧是五级制，但是只有1个学分别太在意，也许你就是那个4.5的幸运儿
167261,1181,杨志坚,2023-01-15 09:12:02,1,2,1,有颜更有料的《生活中的微生物发酵实验》\n\n编辑：马宇丹 来源：浙江大学报 时间：2018年11月23日 访问次数:1133  \n\nhttps://www.zju.edu.cn/2018/1123/c32986a1511254/page.htm
183423,1181,杨志坚,2023-11-25 16:47:50,2,2,0,这学期杨老师是真的改进给分了，不是五级制啦！\n\n虽然每节课都要签到，但是没有考试，期末交两篇文章，平时上课就动手实践做面包酸奶饼干，杨老师还会讲一些食品工业的内容。课程内容很有趣，一个学期下来收获真的很大。\n\n老师明年春夏学期之后就要退休了，想选课的同学抓住机会啊。
184659,1181,杨志坚,2023-12-22 06:11:43,2,2,0,真的超级棒，上课什么都不用带，上完课可以获得面包或者米酒或者酸奶什么的，自己动手的超美味，妥妥的美食课。而且老师人很好，整个学期就两篇文章，给分也不错（可能他知道了查老师上对他的评价，所以询问了我们如何提高我们的绩点）总之就是超级棒！！！
188605,1181,杨志坚,2024-01-19 11:00:19,0,0,0,上课给10分，给分扣两分，分低的离谱
192392,1181,杨志坚,2024-05-17 11:17:05,0,0,0,老师退休快乐！上课很好玩！虽然分依然低低的
3798,1212,李霁,2015-06-17 04:39:14,22,25,3,很认真负责
4793,1212,李霁,2015-06-29 02:28:28,16,19,3,很认真，作业自己批的，每道题，每个字都看
12297,1212,李霁,2015-12-23 01:40:12,9,12,3,满分！
13156,1212,李霁,2015-12-25 03:41:54,9,12,3,很负责虽然有些啰嗦的老师，真的很棒
18867,1212,李霁,2016-01-22 16:00:19,7,10,3,认真负责 给分很好
38167,1212,李霁,2016-11-25 06:41:43,2,5,3,负责认真
38632,1212,李霁,2017-01-15 11:14:20,5,8,3,老师每节课都点名 但是答疑非常认真 人也超级好
41733,1212,李霁,2017-01-12 12:45:04,3,7,4,老师是好老师，认真负责，虽然有时候很啰嗦，要求也很严格，但一定是百利无一害的，希望自己能够考好\n\n
42863,1212,李霁,2017-01-15 10:04:18,2,4,2,可爱的老师
46906,1212,李霁,2017-01-23 01:09:07,2,5,3,要求比较严格，到老师真的很好，给分也好
47113,1212,李霁,2017-01-24 01:54:00,2,4,2,好老师，真的超级认真负责，上大学以来最好的老师。非常感激！
47117,1212,李霁,2017-01-24 02:37:37,2,4,2,很好的老师，上课负责，她的提纲简直完美，清晰，考试前记得看俩遍。作业好好做，好好复习提纲的知识点，没有什么难题的！肯定妥妥90分
47527,1212,李霁,2017-01-29 14:20:05,2,3,1,很好的老师。
49026,1212,李霁,2017-03-22 02:35:50,2,3,1,不错的老师\n\n
49068,1212,李霁,2017-03-23 04:29:36,6,9,3,不知所云 不明其可
62001,1212,李霁,2017-11-22 06:04:19,4,5,1,大学遇见过的最认真负责的老师。
63559,1212,李霁,2017-12-07 00:45:59,-2,10,12,为什么没有负分，生化丙实验占25分明确说她绝对不会打出25，上课啰嗦地不行！因为啰嗦导致的上课慢要我们买单，一个学期补课2次，上课不许玩手机不许拍ppt几乎每节课都点名，水平不够废话很多重点却飞快地一笔带过。
63823,1212,李霁,2017-12-15 15:06:24,14,14,0,“你们选了我的实验课，我就要对你们负责”\n\n晚上11点接到老师打来的电话，老师说她想到了我们做考马斯亮蓝染色法失败的原因。我们做蛋白质测活已经做过8次标线，重配了3次考马斯亮蓝染液，做出来的还是一团狗屎。老师用周末给我们开实验课，让我们可以赶实验进度和重做。每次去问老师，老师都很温柔很耐心，给我们找原因和解决措施。很感谢，很感动。谢谢！！！！为李霁老师打call！！！也许李霁老师讲解实验不太清楚，可是自主实验真的很暖心，认真审核，力所能及地帮助！
73172,1212,李霁,2018-02-01 05:45:16,2,2,0,一开始觉得老师太严格太凶事情又多，后来才发现老师是真的负责！超级超级认真的老师，教学非常细致，真正能学到很多东西
73234,1212,李霁,2018-02-01 08:22:27,1,1,0,非常认真但是我觉得她缺少大学老师的气质，话很多，有时候感觉细节淹没了整体的思路，不过给分也不错
73419,1212,李霁,2018-02-01 14:18:26,1,1,0,很认真负责，提纲也很全，按照老师的提纲来分数不会低的。
73709,1212,李霁,2018-02-02 23:49:14,0,1,1,老师很负责，给分也很好，平时虽然有点啰嗦，但是人真的超级棒！而且会和你聊天聊很嗨，自主实验全程陪同！真的完美的老师！
73714,1212,李霁,2018-02-03 01:43:33,-1,0,1,给分差
73730,1212,李霁,2018-02-03 04:50:52,0,0,0,生化丙，老师上课很认真负责，各种细节都会解释明白。其他专业的小白也拿到了不错的分数，平时认真听课最后考试按照提纲背就没问题。
74227,1212,李霁,2018-02-07 08:07:16,0,1,1,超级负责的一个老师o(^o^)o
78656,1212,李霁,2018-05-14 07:41:10,0,2,2,如果你要拿高分，这是个好老师，但不是一个真正意义的大学教授。\n\n贼啰嗦，强行补课，讲实话，她讲话速度实在太快，废话也比较多，就算扯开也只扯一点点。谈到国际热点就劝我们和我们无关，别想太多。很无语
112099,1212,李霁,2019-07-03 14:04:32,1,1,0,要出分了，给10分保平安~
119735,1212,李霁,2019-11-15 05:00:43,-5,0,5,傻逼老师，上课不让看手机，别人有紧急事情呢?还要强制补课，上大学第一次见。
128316,1212,李霁,2020-12-18 03:53:52,0,0,0,上课一直喊安静和话很多确实很烦人，但其实是一个很关心学生的老师，给分也还可以
133912,1212,李霁,2021-03-09 10:52:52,0,0,0,超好就对了
135039,1212,李霁,2021-04-27 13:17:55,0,0,0,对教学很认真的老师，好交流，给分也不错。
141528,1212,李霁,2021-10-13 08:46:29,-3,0,3,一分都不想给，xs上课不知道在讲什么，去问问题还双手叉腰一副我们欠她五百万的样子不让走，实验做完还不让走，就干等，伞。。。
148346,1212,李霁,2022-01-12 07:54:45,0,0,0,负责的老师
1421,1254,杨万喜,2015-03-22 11:57:44,-7,10,17,没有深度
1506,1254,杨万喜,2015-06-02 11:18:45,-1,8,9,很幽默，自己有一个精子实验室，一半念PPT一半有自己的东西。
1793,1254,杨万喜,2015-03-25 02:53:09,3,16,13,讲课十分有趣 人也很好
1800,1254,杨万喜,2017-06-30 14:59:54,36,52,16,好                没节操！
2461,1254,杨万喜,2015-05-04 06:00:34,-1,2,3,挺不错的，不照着讲义读
2983,1254,杨万喜,2015-06-29 06:21:20,6,11,5,没劲\n\n
2989,1254,杨万喜,2015-05-12 08:57:28,26,37,11,给分完全客观 不存在“师生情”   还好没挂科！
3125,1254,杨万喜,2015-05-15 08:03:25,-1,4,5,赞赞的萌萌的老师
4008,1254,杨万喜,2015-06-17 13:16:13,-8,7,15,老师很幽默，给分还可以吧
4656,1254,杨万喜,2015-06-25 16:42:03,3,8,5,老师挺有趣的
5147,1254,杨万喜,2015-07-05 03:35:40,10,18,8,给分不好，人还行
6082,1254,杨万喜,2015-07-10 18:38:17,12,21,9,一门通识给挂16个你们自己小心。讲课还可以。
7035,1254,杨万喜,2015-08-31 11:51:32,-1,3,4,还不错
7632,1254,杨万喜,2015-09-15 06:56:39,-4,1,5,棒棒大
7803,1254,杨万喜,2015-09-15 13:33:03,13,22,9,给分低
7804,1254,杨万喜,2015-09-15 13:33:21,-4,1,5,一个字高
8010,1254,杨万喜,2015-09-16 12:44:35,-1,2,3,好
8013,1254,杨万喜,2015-09-16 12:57:19,1,5,4,视频多多
9189,1254,杨万喜,2015-11-23 04:15:38,6,9,3,老师最后宏观调控了，不过原本的成绩呵呵呵，及格的56，不及格的66，这成绩绝了。。。
9961,1254,杨万喜,2015-11-13 09:03:45,-1,2,3,很有趣的课
10516,1254,杨万喜,2015-11-19 10:49:49,1,9,8,难得一见的好老师，就是给分坑
10554,1254,杨万喜,2015-11-19 23:40:38,1,6,5,超级有意思，将吃货精神发扬光大
10753,1254,杨万喜,2015-12-08 03:46:54,2,2,0,哦哦哦
10775,1254,杨万喜,2015-11-23 05:01:45,-1,3,4,海洋食物学666
10823,1254,杨万喜,2015-11-23 06:21:18,-1,3,4,上课还是挺认真的，反正该给几分就几分，努力和成绩成正比。
10838,1254,杨万喜,2015-11-23 06:55:13,-5,3,8,老师很好，期末考试玩心跳。绩点上4.5还是挺欣慰的
10865,1254,杨万喜,2015-11-23 07:43:31,1,3,2,给分不高\n\n
11045,1254,杨万喜,2015-11-24 03:57:23,8,16,8,课本方面有点没说清 白买课本了 老师很好 上课也蛮有意思的 但可能学不到什么东西\n\n给分啊 把ppt背熟就行
11047,1254,杨万喜,2015-11-24 04:18:48,-2,8,10,自己不认真能怪谁啊，努力不就行了，为什么怪老师给分低
11056,1254,杨万喜,2015-11-24 04:20:13,20,26,6,上课扯，浙大玄学，给分成谜
11070,1254,杨万喜,2015-11-24 04:56:51,-3,2,5,内容丰富，人很好，考试认真对待的话考出来还行
11078,1254,杨万喜,2015-11-24 05:22:40,2,4,2,挺幽默的，不过要复习的好多啊，不过认真复习结果还是不错的
11132,1254,杨万喜,2015-11-24 12:07:25,-1,5,6,老师讲课很不错，也很有收获。。就是给分坑了点。。
11222,1254,杨万喜,2015-11-25 09:52:10,-1,1,2,老师真心不错，上课也很幽默.但是考试.....呵呵
11299,1254,杨万喜,2015-11-26 10:55:43,-1,2,3,我觉得挺好  给分也不錯
11586,1254,杨万喜,2015-12-07 05:06:30,-2,3,5,内容比较零碎，很有文科范，不喜欢背书慎选，不过考试都是选择判断，应该很好过，我觉得给分也不错
12078,1254,杨万喜,2015-12-21 15:59:06,-1,3,4,好老师，但是讲的东西很没节操。给分也比较松。上他的课感觉不错。
12515,1254,杨万喜,2015-12-23 11:54:38,-1,1,2,杨老师很萌啊讲课很好玩，就是得记笔记，上课认真听，绩点靠自己
12919,1254,杨万喜,2015-12-24 10:17:11,1,4,3,只要付出就有收获
13249,1254,杨万喜,2015-12-25 15:36:34,-4,2,6,喜欢~幽默~
13495,1254,杨万喜,2019-05-15 15:30:50,61,113,52,千万别选，上课特别喜欢瞎扯，考试神坑，要记得多的要死，课程作业要查50篇以上的文献，20篇以上是英文。已经不求绩点，只求不挂。曾经有个班期末考66个人不及格。
14000,1254,杨万喜,2016-01-03 13:26:42,46,57,11,他的海洋生物学千万不要选，改革后要写一篇论文，至少要查50篇文献（至少20篇外文），特别浪费时间，事儿多而且给分低。
14546,1254,杨万喜,2016-01-07 14:02:53,25,32,7,神坑，只能这样说。现在的考核方式还不如从前。一个课程作业五十篇文献，呵呵，二十篇英文。一周能写完就不错了。
14576,1254,杨万喜,2016-01-12 00:10:17,24,31,7,考试周之前布置要求引用50篇文献的大作业还有20篇英文，最后一节课放片子，没见过比他更不重视学生期末考试的老师，玩的实在过了，我不想说什么了选不选看着办吧
14768,1254,杨万喜,2016-01-09 01:45:48,1,2,1,我们这届给分还好吧\n\n海生要看的稍微有点多\n\n然而我都是靠猜的....\n\n绩点一般般吧还行
14871,1254,杨万喜,2016-01-10 12:19:10,-3,2,5,这个老师就是好，让我少了好多对手，因为我从未上过他的课
14891,1254,杨万喜,2016-01-11 00:07:08,20,25,5,海洋生物学巨坑！！！考试周前来一次这么坑爹的大作业，要引用五十篇文献，还要有二十篇英文。巨坑，因为一门通识课浪费巨多精力，还得不到好成绩，慎选
15135,1254,杨万喜,2016-01-12 07:19:39,-1,3,4,讲课好 作业考试奇坑无比
15182,1254,杨万喜,2016-01-12 13:24:01,-4,3,7,傻逼东西
15415,1254,杨万喜,2016-01-16 13:15:36,7,14,7,长相猥琐给分超低五十文献考前一周二十英文绩点杀手讲课扯淡没有节操作业考试样样都有这他麻痹简直通核奉劝大家千万别选
15845,1254,杨万喜,2016-01-16 12:07:04,2,4,2,作业给的主题也太偏了，虽然因此学会了用知网万方医图各层楼各个区都是什么书籍分类可是根本检索不出来找不到相关主题啊让我怎么援引文献啊哭QAQ
16394,1254,杨万喜,2016-01-18 04:42:05,8,11,3,上课还挺有意思，但是你说一门通识的平时分只看期中考成绩，这也实在是太坑了吧，去不去上课都一样，早知道就翘了，然而我依旧每节课都去，虽然的确上课都听不进什么
16623,1254,杨万喜,2016-01-18 14:27:00,18,39,21,生科导比较有意思，老师会扯各种奇怪的东西，课间放放小视频，考试真的看你怎么背ppt……当然运气也很重要…800字作文写的飞起……
17415,1254,杨万喜,2016-01-20 07:36:56,-2,4,6,老师很有趣，课程内容丰富，有人格魅力，对学生耐心。但是要求高、考试难、论文烦。慎选，考试周还在忙论文，没时间复习别的课，考试内容多。但很喜欢老师，很锻炼能力！
18440,1254,杨万喜,2016-01-21 15:44:37,11,14,3,遇到这种老师，我只能说我可能用了我一生的专业给大家提个醒，选他你就是不要命
19542,1254,杨万喜,2016-01-24 15:21:33,-2,0,2,好老师生动有趣考试基本判断
19544,1254,杨万喜,2016-01-24 15:23:41,8,14,6,傻逼海生毁我青春
19567,1254,杨万喜,2016-01-24 16:49:42,-2,3,5,很有收获的一门课。
20152,1254,杨万喜,2016-01-26 09:40:40,-1,5,6,虽然海洋生物学很坑，但给分还不错，就给个高分吧！
20153,1254,杨万喜,2016-01-26 09:50:05,4,4,0,无力……
20289,1254,杨万喜,2016-01-27 02:54:34,-3,2,5,这门课非常有意思！论文要求非常严格，但最后分数也没那么难看，我表示能及格非常开心！！！
20982,1254,杨万喜,2016-02-06 15:58:49,20,23,3,有几个巨长的差评说的有道理，腊鸡，千万别选他的课。
21251,1254,杨万喜,2016-02-27 13:27:50,4,5,1,考试周学渣慎选
23207,1254,杨万喜,2016-03-22 01:52:04,3,16,13,我想说，诸君要是在意绩点的话，还是不要选海洋生物学了。这门课能学到挺多的干货，很能提高写论文的能力。老师上课也很有意思。\n\n可惜太多人因为考试和绩点贬低这门课了……
23395,1254,杨万喜,2016-03-28 14:44:33,1,4,3,很棒，收获很多!
23513,1254,杨万喜,2016-04-03 03:09:04,3,3,0,好  无语，，，，
23518,1254,杨万喜,2016-04-04 02:15:10,11,14,3,我只想说，mdzz。给的ppt毫无条理，讲课也没什么框架，ppt里面东讲一点西讲一点。对英文教材的翻译不准确。听课一点用都没有，背ppt也只是能应付考试，学不到东西。至于引用50篇的论文我只能说，你打破了通识课的潜规则。
23724,1254,杨万喜,2016-04-13 15:32:26,0,2,2,我就说一点，动物学上的还可以，别的课参照前面意见吧。\n\n
24188,1254,杨万喜,2016-04-28 07:24:56,-6,3,9,4.5嘻嘻嘻
24785,1254,杨万喜,2016-05-03 15:07:09,4,6,2,一般吧，为了文章浪费了挺多时间的，给分是不行啊。慎选！！
26394,1254,杨万喜,2016-06-17 15:07:32,-1,5,6,生科导很不错啊，为啥这么多人喷杨老师？上课其实很有趣的
28215,1254,杨万喜,2016-06-28 08:16:47,0,1,1,期中考太坑了，明明就很难考高分还占40%，论文大作业算是比较用心写的，花了20h吧，论文部分95分都不能拯救期中考！！！
33230,1254,杨万喜,2016-09-16 04:24:00,-1,2,3,收获很大
33771,1254,杨万喜,2016-09-21 12:12:46,-1,3,4,还不错，很有意思，就是要选能培养兴趣的课。另外绩点我还不清楚，但自己认真应该不坑。
33780,1254,杨万喜,2016-09-21 13:16:19,2,4,2,可爱的老师，上课扯淡但搞笑
33878,1254,杨万喜,2016-09-22 08:37:49,-1,3,4,特色课件，难得的好老师！
34141,1254,杨万喜,2016-11-11 09:21:19,-1,4,5,老师真的是个好老师
34698,1254,杨万喜,2016-11-10 08:07:40,-1,1,2,感觉挺不错的。很锻炼写论文的能力……如果你愿意花功夫的话……如果只想混合通识学分，那就算了。老师人不错，讲的也挺有趣……不过期末作业论文确实很麻烦
34998,1254,杨万喜,2017-01-20 03:35:28,15,19,4,我上过得最水而且老师总是自我感觉良好的课。
35074,1254,杨万喜,2016-11-10 04:19:48,6,14,8,学术水平不知道怎么样，反正他本人基础水平不敢恭维。海洋生物学课上说企鹅是游泳最快的生物，还说水母是棘皮动物。这门课学不到什么东西还费事，早该取消了。他建的群里，不小心发个广告就要禁言三天，禁言解除后还要公开道歉否则将被移出本群，做法太过偏激，真把自己当个什么人物了。\n\n
35373,1254,杨万喜,2016-11-09 11:14:47,-1,1,2,上课有意思，考试神坑，好好背ppt，作为短学期的课居然有期中考
35401,1254,杨万喜,2016-11-10 04:16:35,2,4,2,你们去可以，要带上女同学，否则一点用都没有。
35750,1254,杨万喜,2016-11-28 08:13:09,-1,0,1,还不错
36039,1254,杨万喜,2016-11-10 10:42:17,1,2,1,垃圾的不行
36048,1254,杨万喜,2016-11-10 10:52:41,-1,0,1,课还好，作业坑
36082,1254,杨万喜,2016-11-10 11:49:12,1,1,0,老师人真的不错，上课挺好的，就是期末50篇文献，至少10篇英文，真的疯了……
36169,1254,杨万喜,2016-11-10 19:51:01,-1,1,2,生科导真的很好！
36666,1254,杨万喜,2016-11-20 04:33:20,-10,3,13,杀马特。。。我居然满绩
36850,1254,杨万喜,2016-11-16 08:52:02,2,3,1,上课不水吖满满干货而且期末考背ppt再考试，不用怕被正太吖。还有就是毕竟是研究sperm的..?
36939,1254,杨万喜,2016-11-16 15:19:19,-1,1,2,挺幽默的，
36999,1254,杨万喜,2016-11-17 04:48:48,3,3,0,大千世界是如此神奇
37257,1254,杨万喜,2016-11-18 05:38:03,-1,3,4,虽然考试难，但不妨碍这门课挺有趣的，老师是个不错的人，对学科很认真也会在群里一起水群
37258,1254,杨万喜,2016-11-18 05:38:08,3,7,4,我上的是生科导课，杨老师讲课大多时候是很有意思的，特别是课件很有趣。\n\n另外，这是一门真的看你自己努力的课，成绩全看期中期末考试，都是客观题，只要你好好学一定能拿高分，自己水水睡又嫌老师不给高分的，请绕路，没有这种好事。
37260,1254,杨万喜,2016-11-18 05:48:12,-1,2,3,老师的生命科学导论挺好的，讲得很好，就是⋯⋯那个穿刺⋯⋯那个⋯⋯
37265,1254,杨万喜,2016-11-18 06:12:34,5,8,3,推荐生科导！海生我不知道情况怎样，但是生科导就是完全靠自己考出来的！不会有被正太的机会！
37272,1254,杨万喜,2016-11-18 06:35:01,4,6,2,只能说给分是很服气的，完全靠自己水平，虽然我的分数不高。无论你是水水还是认真，期中期末考前一定要看ppt，好好复习。如果这都没有做到，绩点低怪谁。（所以学生物的同学可以去选这课，说不定随便水水就满绩了）
37277,1254,杨万喜,2016-11-18 07:04:43,1,2,1,呵呵→_→老师上课还好，不过五十篇文献扛不住，平时成绩就是期中考试成绩，大佬们好好看PPT就成。
37278,1254,杨万喜,2016-11-18 07:07:18,4,5,1,八分钟讲200张PPT，给分成迷，你们自己感受下\n\n
37288,1254,杨万喜,2016-11-18 07:59:12,2,2,0,老师人挺好的。期中背背ppt，好好听课应该是不会得分低的。当然，除了比较坑的期末论文要求比较高比较浪费时间外。。。
37290,1254,杨万喜,2016-11-18 08:16:56,2,3,1,不好不好
37336,1254,杨万喜,2016-11-18 10:44:32,-1,0,1,觉得老师讲的知识点很多，是很负责的人，只要认真完成作业的话，绩点是不用担心的哦。
37478,1254,杨万喜,2016-11-19 04:09:43,0,0,0,11111
37574,1254,杨万喜,2016-11-19 13:46:46,3,3,0,挺正常的一个老师（跟其他通识课老师相比……）
37593,1254,杨万喜,2016-11-19 14:41:49,5,12,7,其实上杨老师的海洋生物学不会学到很多有关海洋生物的知识（自我感觉），可能在学习的过程中还会有很多怨言，但当真正上完了这堂课，感觉收获颇多，真的。谢谢你，杨老师。
37599,1254,杨万喜,2016-11-19 15:25:17,1,3,2,不想说什么了，这期末给分也是没谁了，没逃过一次课，作业也是好好做，绩点只给了3，从此开始报复社会，神特么老师
37624,1254,杨万喜,2016-11-20 00:59:25,6,14,8,选他的课，首先不能为了成绩。老师是想真正教会我们一些技能，比如查阅与引用文献的技能。我想，这一定比绩点重要得多。
37653,1254,杨万喜,2016-12-28 16:03:17,4,9,5,讲课与书无关。。由于是精子实验室的老师讲课太多生殖系统相关了(可是我最讨厌生殖系统了)课件还算有条理吧，以进化生物学为主线，可是就是不想听。。想要水课的可以只在考前一天背ppt，期中＋期末一共花三天复习，上个4应该没问题……满绩还得认真复习(･᷄ ･᷅)
37782,1254,杨万喜,2016-11-21 03:59:38,10,12,2,生科导要是考前能看三遍PPT，就能和我一样拿3.3的高分了
38058,1254,杨万喜,2016-11-24 01:36:20,1,2,1,老师很认真地在上一门课，要求是高了点，但认真做给分其实很好，水学分的慎选。
38506,1254,杨万喜,2016-12-07 08:39:08,-5,3,8,生科导水得不行，从不点名，给分很迷，从没听过课，裸考拿了4.5。。。。
38649,1254,杨万喜,2016-12-13 10:21:17,0,0,0,唉，背的太多了
38684,1254,杨万喜,2016-12-14 11:26:18,1,2,1,这种无聊的通识课就是所谓的吸引眼球，根本学不到什么，老师就会瞎扯
39099,1254,杨万喜,2016-12-21 07:13:54,1,2,1,还是挺有趣的，虽然很黄暴然而作为对于高中生物知识的巩固和扩展还是不错的，课间还会放小视频，给分也还不错对得起复习了反正
40641,1254,杨万喜,2017-01-15 15:36:45,4,4,0,不需要教材。真的不喜欢老师上课。经常重复什么生导课很重要啦，珍惜生命人类不特殊啦，还有我们必须阻止人类做上帝的幻想。我不是说他的观点对不对的问题，就是感觉一样的话说很多次，并没有什么说出来，有点像说教。相信自己背ppt能力的可以来，肯定不会被正态，付出多少一般都有多少得分。尽管老师好像一直想传递什么思想，但是我无论在知识上还是在思想上都没有很大收获或启发。
42462,1254,杨万喜,2017-01-14 09:00:06,1,1,0,论文比较烦，但还算实用
43666,1254,杨万喜,2017-01-16 17:04:06,1,4,3,我选的是生科导，作业和考试倒还好，反正最后拿了3.9，不高不低，没什么感觉
45099,1254,杨万喜,2017-01-19 03:35:41,-4,1,5,垃圾老师
47313,1254,杨万喜,2017-01-25 07:34:16,1,2,1,老师讲的内容挺多的，但高绩点光听听课看看ppt有点难。。。
50806,1254,杨万喜,2017-05-05 16:22:04,17,18,1,活生生把生命科学导论上成了生殖科学导论
50820,1254,杨万喜,2017-05-06 01:21:33,0,0,0,考前背了一个星期的PPT，期中有一篇论文，期末考试还要写800字作文，有付出没有回报，呵呵
52369,1254,杨万喜,2017-06-19 07:17:48,1,2,1,简直要疯了，考试周的压榨加上这恶心的论文我快写吐了，神tm，要选就选吧，u happy just OK
53307,1254,杨万喜,2017-06-26 10:24:15,1,2,1,生科导很有趣\n\n老师人超级好!发邮件都会很认真回，喜欢~
60423,1254,杨万喜,2017-10-19 12:08:35,-3,0,3,垃圾老师
62726,1254,杨万喜,2017-11-26 15:11:39,2,4,2,除了期末论文挺麻烦的其他都很好，老师挺可爱的也很好讲话。
62731,1254,杨万喜,2017-11-26 15:40:33,3,4,1,非常和蔼可亲的老师，上课喜欢聊各种有趣的事情，还会在课间放视频。期中考试是选择题，虽然错的有点多，差点不及格，但是期末的论文，只要用心写就能得高分。最后绩点4.2，还算不错。
62733,1254,杨万喜,2017-11-26 15:47:53,17,19,2,我上的生科导。不要订购教材不然就是浪费钱。期中分数一定要搞高，这个很重要，我的室友和我一起选他期中低，期末论文好好搞的，我期中高，期末论文随便水的但是他分数比我低一截。其实期中就是背ppt。期中客观题考的是几十道判断题，理科生生物还行的闭着眼睛及格，搞生竞的上80应该没问题。平时我觉得课其实还是水，我大部分时间都在玩手机。ppt有很多英文内容没有翻译，我也不知道为什么非要用英文写。最后........那个论文我是真的想吐血，短短两千字要求引用50篇文献，还要有一定比例是近几年的，至少15篇英文的。我的那个题目反正不好找最近几年的研究成果，英文文献也是很迷。给人感觉就是把这五十篇论文进行排列重组。没什么营养吧。总之放在最后再来搞会很痛苦。最后成绩上4了大家自己看吧。
62744,1254,杨万喜,2017-11-27 00:05:04,4,4,0,看起来事比较多，其实就是期中考前背背ppt，之后花一个周末把论文搞定就好了（当然可以再认真一点） \n\n4.2
62755,1254,杨万喜,2017-11-27 01:17:13,3,4,1,我的分数超高，海生4.5生科导满绩。同时上了海洋生物学和生科导，虽然学长都说海洋生物学神坑但是由于自己感兴趣最后还是没有退。两门课上课方式几乎一样，期中之前认真听课，考试前疯狂背PPT ，之后就不用听课了，认真肝论文就好了，只要完全按照要求做成绩就不错。
63112,1254,杨万喜,2017-11-28 10:56:09,-1,0,1,生科导还行
63152,1254,杨万喜,2017-11-28 16:16:56,3,3,0,给分很迷，其中八十多论文写了好久，就三分我也不知道该找谁
63219,1254,杨万喜,2017-11-29 08:54:43,-6,2,8,上的生科导。有些评论很吓人，但是我觉得其实还好，这门课就是付出多少得到多少。期中考把所有的ppt看一遍，不需要多看，一遍就好，肯定80分以上，期末论文要求的确多了些，50篇参考文献在查的时候真的很崩溃，花的时间也挺长的，但是全部按要求做了之后老师给分很好啊，我满绩。平时上课吧，想水就水过去了，老师讲生殖多了点……
63978,1254,杨万喜,2017-12-20 11:32:17,0,0,0,期中考试 背PPT\n\n期末:一篇论文，参考50篇文献。。最好早点开始写\n\n收获不多，扯，，但老师很好
64300,1254,杨万喜,2017-12-22 09:32:41,4,5,1,老师讲的很扯淡，生殖科学导论，如果期中考得好，期末水一水就能拿高分，4.5飘过
64415,1254,杨万喜,2017-12-23 10:30:08,0,3,3,挺不错的，水，考试看看PPT就好，论文要求50篇以上论文但我只用了三十几篇，最后绩点还可以
64502,1254,杨万喜,2017-12-24 15:31:26,1,2,1,感觉莫名其妙时间就过去了哈哈哈哈哈！
64581,1254,杨万喜,2017-12-25 10:40:01,0,10,10,那些觉得作业多占时间的同学 你们不配选这门课 如果你只是想水学分水绩点 请你们自己去选水课\n\n引用50篇文献是难 我花了整整36个小时在电脑前 但是这是一次给你科研体验的机会  想做科研工作者的同学们真的可以选  我最后4.8 觉得给分合理 老师人很好 课有趣
65320,1254,杨万喜,2018-01-03 03:37:29,3,4,1,挺正常的一门通识。。就是50篇文献很耗时间
66463,1254,杨万喜,2018-01-17 01:36:02,0,0,0,背PPT吧
72845,1254,杨万喜,2018-01-31 07:46:05,2,4,2,长相猥琐给分成谜
74106,1254,杨万喜,2018-02-05 07:20:57,0,0,0,哈哈呵呵
75328,1254,杨万喜,2018-03-09 03:06:34,1,1,0,已经不想说什么了
76474,1254,杨万喜,2018-04-10 12:20:15,0,0,0,客观点 讲课到点 不能再多了
78458,1254,杨万喜,2018-05-12 04:56:58,1,4,3,老师的动物学专业课真的讲得超好呀，又带实验又上理论，蛮辛苦的，讲课也超有趣，干货也很多，海洋生物学可能只是个bug...老师真的挺好的！
87123,1254,杨万喜,2018-09-20 15:22:05,-1,0,1,还是很不错的，比较水基本不用听? 老师人很好。感谢
88271,1254,杨万喜,2018-10-25 10:11:15,2,4,2,挺好的老师，上课认真听也挺有趣的，虽然说期末论文50篇参考文献的确让你有点怀疑人生，但认真做完之后你会发现你学到了很多说不出来的东西，而且认真的老师不会亏待你的，期中考试也就是看看ppt就能考了，纯选择或判断对错，这都叫坑吗？不知道那些说老师坑的人来浙大干嘛～～
94729,1254,杨万喜,2019-01-18 03:44:34,1,2,1,海洋生物学真的好，给分良心
103329,1254,杨万喜,2019-02-27 10:25:44,1,1,0,我感觉还可以啊，虽然讲的有点扯，但是有趣就行。时隔一年又一次选这个老师的课。还行，论文挺难受
103729,1254,杨万喜,2019-03-04 17:11:43,1,1,0,尾大不掉
106827,1254,杨万喜,2019-07-17 00:49:29,11,14,3,杨老师人很好的 给分很差的
115253,1254,杨万喜,2019-07-17 04:47:14,2,3,1,动物学真的太迷了，有些人莫名其妙的高分，有些人莫名其妙的低分，而我就是后者。虽然老师一直和我们强调学到知识最重要，考试不是主要的，但这话评奖学金的老师不听、保研的老师不听、出国的老师也不听。唉，我觉得不管怎么说，学生的职责还是读好书，也希望老师下次能把成绩透明一些，把考试、实验和平时分都公布出来，大家有异议可以提前联系。不要就最后出个成绩，让人一脸懵逼。
117285,1254,杨万喜,2019-09-22 10:35:41,10,11,1,随意改变野外实习的时间，拍脑袋办事，强行和发育生物学实验冲突，险些让一批同学延毕，给分还极低。
125281,1254,杨万喜,2020-09-05 12:36:05,0,1,1,还好吧
126187,1254,杨万喜,2020-09-18 15:49:23,15,18,3,要不是我必须选这门课，我TM才不会选动物学及实验。因为今年疫情我们的实验部分推到了暑假，一个暑假我都在实验室里认真做实验，你TM站在台上天天对我们指手画脚，只会说两个词语“这个”“那个”，中文词典被你吃了吗？我怀疑你语文是体育老师教的，体育是生物老师教的，生物是语文老师教的。另外我有个小建议，讲话的时候口齿能清楚点，OK？反正，我整个暑假都在花时间学这门科目，最后分数就给我这么一点，最讽刺的是，他在一次班会上还跟我们全班说，希望我们均绩能上4，结果TM全班一个都没上，如此口是心非的人我还第一次见。不吐槽了，只希望将来他不会是我学习生物道路上的绊脚石。
139672,1254,杨万喜,2021-07-19 16:17:01,-25,4,29,上的动物学，特别好的老师啊，对学生和蔼耐心，事少分高
143907,1254,杨万喜,2021-12-12 02:47:25,2,12,10,让人无语透顶的老公知，浙大生科因为这种人太多没有了活力！
156222,1254,杨万喜,2022-06-18 09:21:24,-2,7,9,杨老师不该被打那么低的分数，学的认不认真是自己的事，和老师无关
157699,1254,杨万喜,2022-06-24 11:28:31,8,11,3,朵朵来的，非常震惊
157754,1254,杨万喜,2022-06-24 16:31:47,4,5,1,高度发达！非常典型！
158016,1254,杨万喜,2022-06-26 08:31:54,19,22,3,新晋浙大皇帝😅😅😅
158032,1254,杨万喜,2022-06-26 10:26:58,7,9,2,朵朵前来bd
158037,1254,杨万喜,2022-06-26 11:04:37,-63,4,67,朵朵来的，被他的话震碎三观，然后动物学甲给分也不好，只有4.5
158043,1254,杨万喜,2022-06-26 11:33:10,3,4,1,太pua大师了吧
158044,1254,杨万喜,2022-06-26 11:39:14,1,2,1,朵朵来的
158045,1254,杨万喜,2022-06-26 12:06:59,11,12,1,如果你无法阻止天体运行和地球的自转，就应该遵循宇宙的运行规律，找到适合你自己的个人发展方法。否则你就要落后。落后了就会被当作宇宙尘埃扔掉。别做让你自己和家人后悔的事情。\n\n你听听这说的是人话吗
158050,1254,杨万喜,2022-06-26 12:36:30,0,1,1,给万喜老师刷到
158071,1254,杨万喜,2022-06-26 15:56:49,4,5,1,爱家但不能回家
159195,1254,杨万喜,2022-07-07 15:42:53,6,7,1,生科院水深，王八多
159298,1254,杨万喜,2022-07-11 08:47:52,3,5,2,很无语的一个老师，给学生超出能力的不合理要求，揠苗助长，非常非常push，喜欢上纲上线，发表迷惑言论，无语到极致
165464,1254,杨万喜,2023-01-06 12:25:39,-4,7,11,非常好的老师，真的很认真负责，是大学老师的典范！
201256,1254,杨万喜,2024-10-31 00:29:04,-1,1,2,动物学跟野外实习的给分都挺好的，杨老师带实验的时候还是很帮助同学的，但是野外实习去泥涂的时候让大家去堤坝拍合照还不让带水，一生中最接近脱水的一段时间
216527,1254,杨万喜,2025-03-18 03:49:34,0,1,1,不标准的普通话+把学生当唐氏来教才举得出来的例子+俗的不能再俗的口语+每节课表达封建落后的思想+穿插对新兴事物无端的批判+大舌头和咳嗽+二十年不改的极品花花绿绿PPT和动画音效，把我当日本人呢
216598,1254,杨万喜,2025-03-19 03:49:15,-1,0,1,小纸条签名，50年前的教学思想与封建水平，11点半下课的实验课，12点拦着你说，不急，逆天，要不是选不上微生物，我怎会来吃这一口答辩
25216,1323,郑胜,2016-05-08 10:59:17,0,1,1,aaaaa
27683,1323,郑胜,2016-06-27 08:12:38,0,2,2,老师有几次会以小作业的形式点名。老师和蔼给分好，有点像人生导师，助教姐姐很有活力。
27738,1323,郑胜,2016-06-27 10:25:42,0,2,2,老师走的人生导师的路线\n\n助教很可爱，是留学生辅导员\n\n
27902,1323,郑胜,2016-06-28 04:08:41,0,0,0,给分很一般，不过老师还可以
28647,1323,郑胜,2016-06-28 11:30:38,0,1,1,讲课风格比较稳重，分析时事问题很理性，给的分很好。平时偶尔会在下课前布置一个小的当堂作业来点名。演讲要及时报名，不然很快就会报满的。
28828,1323,郑胜,2016-06-28 16:43:41,0,0,0,棒棒哒
29146,1323,郑胜,2016-06-29 09:46:59,-1,1,2,老师人很好，很关心我们，但是这门课就是无聊呀没办法
29422,1323,郑胜,2016-06-29 18:13:58,0,1,1,老师对人很好.上课认真经常开导告诫学生.
53708,1323,郑胜,2017-06-27 10:39:19,1,1,0,哇我刚刚看到一篇推文 优秀留学生辅导员 就是这个课的助教啊 很棒哒 至少做好你该做的 分数不会难看 心疼隔壁被行策拉了均绩的旁友们
53790,1323,郑胜,2017-06-27 14:22:02,0,0,0,给分还行
58109,1323,郑胜,2017-07-31 17:55:55,0,0,0,
48271,1358,章晓波,2017-03-02 00:43:05,2,4,2,讲得很细致！
49936,1358,章晓波,2017-04-27 09:56:14,-5,2,7,很坑啊\n\n
76399,1358,章晓波,2018-04-07 13:40:16,-14,4,18,我不知道啊我就没怎么去过，快考试了有没有大佬给点资料啊，留言就行啊
77067,1358,章晓波,2018-05-10 13:53:49,-17,4,21,讲课烂，给分好
77316,1358,章晓波,2018-05-04 14:32:57,4,8,4,老师讲的超级细致，就感觉是真的想要把他脑海里那张免疫学的网教给我们，因为知识点太多了，老师前后也会伏笔啊呼应啊，总之是讲的好清楚的。唯一不好就是互动太少，大概教高年级学生多年，心累了....
77896,1358,章晓波,2018-05-08 11:10:28,6,10,4,老师是真的很好，免疫学的知识网络超级大，老师的每个PPT都做的很详细很有逻辑，都可以拷下来，问问题也都很耐心（虽然下课都是老师跑的最快哈哈），而且上课会说哪里比较重点（对最后期末考的简答题很有用，不过要仔细听才行）。\n\n缺点就是老师上课完全不会有互动，而且因为知识网络大，知识点超级多是真的需要自己好好学努力背，不然期末考试真的算难。成绩还没出，我也不知道给分如何...
135221,1358,章晓波,2021-05-06 07:00:01,4,5,1,上课有多次重复的地方就是容易考的，之前的考题也要看并做一遍，名词解释和问答重复性高，选择题还挺细的，最后谢谢老师的不挂之恩
153408,1358,章晓波,2022-04-29 07:15:17,4,5,1,老师上课讲得很清楚，重复讲的就是重点，想要高分就好好复习，尽量把重要知识点都记清楚。对我来说，努力和回报是正比哒
191694,1358,章晓波,2024-04-28 07:58:10,3,7,4,免疫学，不点名，课程给分构成简单（文献读后感+期末考试），总体上课程比较沉闷，干货多，感觉和生物化学需要背的差不多了。建议有规划的复习，多参考历年卷，以及前人的总结，有30%重复内容。平时听课，期末看一遍书，整理笔记，做98历年卷，参考绩点4.5
218024,1358,章晓波,2025-04-19 08:57:57,0,2,2,老师讲课挺好的～免疫学知识容量确实很大，要多背多看。\n\n自以为复习挺充分结果出分3.9😭，一定是我选择题做太差了
218036,1358,章晓波,2025-04-19 12:17:57,5,5,0,如果看重分数的话最好还是别选，和其他专业选修课比的话给分并不好（虽然我确实没有好好学，但是在付出同样努力的情况下这门课的成绩只能说是差远了）
218148,1358,章晓波,2025-04-21 13:50:43,5,5,0,老师人确实不错，也比较耐心和蔼。但我觉得评论区可能有点幸存者偏差了。首先这门课论文40%期末60%，给分几乎是老师主观随心所欲的。因为自己是做免疫科研的医学生，论文纯自己手敲也结合了自身科研谈了将近6k字，应该谈不上敷衍。虽然上课可能确实不太认真听，但期末考试图书馆也泡了3个整天，PPT基本倒背如流，笔试答得自认为不错。参考绩点3.6，比论文纯gpt的同学还差，我个人比较无法接受，不太对得起我在这门课的付出。这个免疫学作为一个选修课大家还是慎选吧，很难评。
218267,1358,章晓波,2025-04-22 09:07:54,6,6,0,章老师讲课还是很清楚的，考试也不算难，2025年了依旧延续着不点名的好习惯，章老师的课是可以学到一些内容的。但从考试成绩看，个人觉得给分有些无法理解。本人自认为对考试的知识点全都了解，也写了很多，但最后得分与估计差距较大。在找老师复核时，老师态度敷衍。因此提醒各位后来者，如果对绩点有较高要求，请慎重参考本人经历
218275,1358,章晓波,2025-04-22 10:10:45,3,4,1,下课跑的比谁都快，给分随心所欲，莫名其妙，同等情况下论文自己写在他这还不如AI。给分差，找他核分态度非常差劲，冷漠不负责任
218480,1358,章晓波,2025-04-24 03:22:38,3,3,0,大绩杀
14668,1409,项黎新,2016-01-08 07:58:35,0,2,2,我遇过实验讲解得最透彻的老师。\n\n唯一的问题在于，讲得有点久...
70118,1409,项黎新,2018-01-26 06:39:22,0,1,1,老师人很好，非常耐心
149567,1409,项黎新,2022-01-16 03:52:02,1,2,1,实验报告给分有点迷。。。
150451,1409,项黎新,2022-01-25 13:11:18,1,1,0,实验报告，无语。。。
169630,1409,项黎新,2023-02-27 08:03:11,0,0,0,免疫学技术只能说老师很温柔讲课有点久不过跟着做实验的话可以做下来，另外老师给分也很好
170638,1409,项黎新,2023-03-07 10:55:20,0,0,0,老师挺耐心
189629,1409,项黎新,2024-01-26 06:40:32,0,1,1,细胞生物学给分真的没有人感觉迷惑吗？询问具体成绩已读不回，询问评分细则已读不回，对待学生的态度就是这样装死吗？？？
189632,1409,项黎新,2024-01-26 07:27:32,-1,0,1,点了。。给分我真的不知道我为什么这么低，报告准时交认真写，考试基本都会，给这个分我真的不理解为什么。。问成绩细则已读不回，就这样吧，你今年过年幸福不到哪里去
5127,1522,严庆丰,2015-07-04 12:20:58,11,21,10,天书
5129,1522,严庆丰,2015-07-04 12:32:05,19,21,2,其实严老师挺好的啦。
5130,1522,严庆丰,2015-07-04 12:38:27,1,2,1,好！
5140,1522,严庆丰,2015-07-05 00:44:06,3,5,2,很好的老师，所以还记得全名
6382,1522,严庆丰,2015-07-13 12:07:01,4,5,1,上课很好，人很耐心，给分很一般。
6658,1522,严庆丰,2015-07-17 05:24:35,1,7,6,上课没有任何逻辑
9115,1522,严庆丰,2015-10-13 08:26:38,1,3,2,没逻辑
9484,1522,严庆丰,2015-10-28 13:02:43,1,3,2,天书啊
9643,1522,严庆丰,2015-11-03 15:27:17,7,7,0,讲的很好，但是不知道为什么要给化学系的讲这么细致的细胞生物学。
9985,1522,严庆丰,2015-11-14 02:01:07,0,1,1,天书啊
13364,1522,严庆丰,2015-12-27 08:45:04,7,7,0,一定要认真听。
14671,1522,严庆丰,2016-01-08 08:01:53,16,16,0,讲课很有热情，真的很有热情。
16661,1522,严庆丰,2016-01-18 16:15:59,3,3,0,老师人很好！！！考前硕重点题型说得很清楚很有头绪！但这科真心难。。。快赶得上有机化学了。。
17310,1522,严庆丰,2016-01-20 04:22:07,5,5,0,炒鸡棒
26619,1522,严庆丰,2016-06-20 11:38:34,2,3,1,老师人很好啊
26621,1522,严庆丰,2016-06-20 11:40:03,5,5,0,老师很有耐心的，特别是实验课的时候，理论课的话要自己认真听讲，刚开始上课会讲到重点问题所以大家要记得从一开始上课就要记录。
29327,1522,严庆丰,2016-06-29 15:13:27,2,2,0,老师讲的很好
32263,1522,严庆丰,2016-07-06 05:17:03,-4,4,8,上课会问奇怪的问题来点名，考试背一下名词解释就行，上课完全不用听，给分很好
32607,1522,严庆丰,2016-07-08 04:44:34,5,5,0,很有耐心的老师
44253,1522,严庆丰,2017-01-17 13:15:54,2,3,1,给分还不错，就是考前重点成谜
49186,1522,严庆丰,2017-03-29 01:39:14,1,3,2,批实验报告完全不走心。
51376,1522,严庆丰,2017-06-02 13:53:19,1,1,0,挺好的老师，就是课有点难。
57354,1522,严庆丰,2017-07-07 03:31:15,2,2,0,很好的老师
57449,1522,严庆丰,2017-07-08 02:49:04,11,11,0,老师人很好，实验的时候指导很耐心。对科研非常有热情！
76770,1522,严庆丰,2018-04-23 01:31:03,7,7,0,老师讲的很好！听不懂一定是我自己的问题！一定是我能力不够！嗯！一定是的！
85528,1522,严庆丰,2018-07-19 03:33:30,21,22,1,老师上课很有传授性，而不是灌输性。考试个人没考得理想，但是还是觉得老师很好。
85539,1522,严庆丰,2018-07-19 05:22:11,20,21,1,很有大家风范的老师 渴望以后成为他这样的人 教师楷模 科研标杆
98341,1522,严庆丰,2019-01-23 10:44:04,1,2,1,一般吧，逻辑比较清晰
125306,1522,严庆丰,2020-09-06 05:26:39,6,6,0,像我这种混及格的，细生真的良心哭，为了不让人挂科给了很多平时成绩，大题还都在重点里面，还可以六选五
146195,1522,严庆丰,2022-01-05 19:01:04,5,6,1,天书啊
150830,1522,严庆丰,2022-02-19 07:42:10,7,7,0,老师人是真的好！非常耐心 和有些老师三两句应付形成鲜明对比 每每回想起老师当初是怎么指导的都有种热泪盈眶的感觉啊！！
154081,1522,严庆丰,2022-05-23 00:42:29,2,2,0,讲课很有自己逻辑，看书的话跟不上他，上课有点累
155175,1522,严庆丰,2022-06-09 05:26:55,3,3,0,还没考试先给老师一个10分，浓浓的师生情啊
156211,1522,严庆丰,2022-06-18 08:25:56,8,8,0,老师 像个慈祥的父亲
168805,1522,严庆丰,2023-02-22 10:06:34,6,6,0,老师，多给点分吧😭
170536,1522,严庆丰,2023-03-06 07:44:01,1,2,1,浓浓的师生情啊老师，有一次没有赶上签到，给分还是很好\n\n讲课也很有条理，10分送上！
170636,1522,严庆丰,2023-03-07 10:54:06,1,1,0,老师很好
170637,1522,严庆丰,2023-03-07 10:54:15,0,4,4,细胞生物学及实验甲，给分好到逆天，祝老师福如东海寿比南山
210401,1522,严庆丰,2025-01-09 05:36:51,1,1,0,很棒的老师，上课不是照读幻灯片而是强调建构一套自己的知识体系！课前的提问对于复习也有很好的指导作用。
210656,1522,严庆丰,2025-01-09 14:46:06,0,0,0,上的细生乙，老师讲课蛮好的，有自己一套理论体系，期末考试也不难，上课认真听就能做，再参考一下历年题即可，期末给分不错。另外，老师上课喜欢点名回答问题，加上乙的选课人数很少一个班只有十来人，基本不可能翘课。
213408,1522,严庆丰,2025-01-17 08:31:40,0,0,0,严老师的课非常值得认真听，知识体系很规整明晰，在上课期间也会提醒大家知识框架的搭建。细生甲的题目和同年生科院考研试题有所重叠，考研题出完后可以多参考一下（不过今年重叠的很少罢了）。另外课上的点名提问回答还可以的话貌似有加分（不太确定）？
213414,1522,严庆丰,2025-01-17 08:47:35,1,1,0,严老师是生科院专业课里不多的讲课清楚有逻辑的老师了，细胞上课体验很好。老师上课会点人起来回答问题，某种程度上也能倒逼我们认真听课吧（）
217691,1522,严庆丰,2025-04-15 07:03:54,-3,0,3,烂烂烂！
293,1544,唐建军,2018-09-13 05:06:01,51,73,22,老师很幽默的，上过生科导，简直是逗逼中的战斗逼
361,1544,唐建军,2015-03-15 01:25:06,20,40,20,幽默风趣，有情怀
408,1544,唐建军,2015-03-15 02:00:23,154,202,48,虽然上课笑点很多，但是我不觉得学到很多东西，这种情况下的逗逼，缺显得有哗众取宠之嫌了
1524,1544,唐建军,2015-03-22 10:31:47,34,53,19,昨天看到一首诗，我给大家读一下       啊。。。。。。。
1786,1544,唐建军,2017-05-15 08:35:12,54,65,11,上课幽默风趣，那胡子更是性感
2396,1544,唐建军,2015-04-28 12:52:33,10,18,8,会问问题，相当于点名，但是点的人不多，不过生科导老师讲得好有意思，我都不舍得翘课。。。。现在还想要不要哪一天去蹭课呢。。。。
2421,1544,唐建军,2015-04-30 05:44:19,11,19,8,学不到东西
2603,1544,唐建军,2015-05-04 16:34:07,0,2,2,每节课必点名，特别逗
3812,1544,唐建军,2015-06-17 04:57:33,1,3,2,比较逗
4057,1544,唐建军,2015-06-17 15:36:28,0,3,3,幽默
4479,1544,唐建军,2016-09-13 08:24:41,44,54,10,上课讲的和考试考的几乎无关。
5266,1544,唐建军,2015-07-06 07:20:05,0,3,3,好
5911,1544,唐建军,2015-07-10 01:55:10,0,2,2,有点听不懂
7277,1544,唐建军,2015-09-12 14:38:23,52,60,8,从人品来讲是个非常好的老师，但上完他的课感觉并没有学到太多东西
7426,1544,唐建军,2015-09-14 10:45:04,1,3,2,表示 呵呵
7468,1544,唐建军,2015-09-14 14:12:11,-2,4,6,幽默，有想法，很会教书的老师
8319,1544,唐建军,2015-09-18 09:43:52,-2,3,5,很有趣的老师
8693,1544,唐建军,2015-09-24 06:47:40,3,4,1,挺好的，然而讲课方式一般人不容易适应
8825,1544,唐建军,2015-09-28 09:37:19,0,3,3,还好吧，有些抓不住重点，不过总体框架还是有的
9952,1544,唐建军,2015-11-13 07:35:54,3,3,0,因缺思听
10325,1544,唐建军,2015-11-18 05:35:30,1,6,5,能给你了解各种生活常识，感觉还是挺有趣的。
10338,1544,唐建军,2015-11-18 06:32:31,-1,2,3,讲课很风趣，老师不摆架子
10355,1544,唐建军,2015-11-18 07:58:19,0,8,8,绝对爱学生，考试完全是上课讲的，学到很多，超级赞
10470,1544,唐建军,2015-11-19 03:46:27,-1,2,3,风趣，而且课件和考试有关，不要听课光看课件就行了
10632,1544,唐建军,2018-03-06 14:05:57,20,28,8,比较活泼而且逗。但是肯定要点名，不过不缺席平时分就满分了。喜欢讲自己的水稻产业，喜欢随便叫人回答问题。还可以的老师。
10737,1544,唐建军,2015-11-23 03:44:31,-1,2,3,课很有趣 给分也给力 挺逗的
11327,1544,唐建军,2015-11-27 03:22:28,3,11,8,胡说八道 哗众取宠
11348,1544,唐建军,2015-11-28 07:25:41,-2,1,3,哈哈哈哈哈
13224,1544,唐建军,2015-12-25 08:52:35,13,17,4,讲课和考试没什么关系，期末考比较坑爹
13354,1544,唐建军,2015-12-27 07:08:24,30,34,4,上课还是挺有趣的，只是期末1000+页的ppt很爽很刺激，给分还不错～
13802,1544,唐建军,2015-12-31 05:16:04,3,6,3,感觉学不到东西
15894,1544,唐建军,2016-01-16 14:05:45,-2,2,4,棒棒的老师！
16218,1544,唐建军,2016-01-17 13:46:53,3,7,4,如果只是为了去听笑话开心开心的话  可以选他的课  然而讲的多了也只觉得有点哗众取宠  真的想学东西的话还是别选他
17666,1544,唐建军,2016-01-20 15:09:57,-2,3,5,真的很有趣\n\n\n\n
19770,1544,唐建军,2016-01-25 09:00:49,0,2,2,
21639,1544,唐建军,2016-02-29 11:26:58,-2,0,2,挺逗的
23565,1544,唐建军,2016-04-06 10:25:23,-4,6,10,给分巨好，只要你真的有所思考，对生物现象留意，并且有自己的见解，分数很好的。如果你回答的很好，直接5分加！
23642,1544,唐建军,2016-04-11 11:19:47,3,5,2,一开始就只会瞎逼逼，到后来课都讲不完
24723,1544,唐建军,2016-05-03 08:06:49,4,6,2,这老师居然能有八分，真是药丸。
24791,1544,唐建军,2016-05-03 15:46:56,1,4,3,给分呵呵 我很想说脏话 几百页ppt白刷了
24858,1544,唐建军,2016-05-04 05:32:34,0,2,2,虽然期末考试已经有心理准备，但还是感觉很呵呵
25637,1544,唐建军,2016-05-30 07:27:16,91,105,14,生命科学导论，唐老师，激情得莫名其妙，幽默得苦笑难堪，唠叨得像个老太太，经常抱怨老师们的头衔，有人来看课的时候，就把上节课的东西重新再讲一遍。不吹不黑，和史锋老师前半段的课落差太大了。很让人失望。
25657,1544,唐建军,2018-03-05 09:56:27,8,11,3,通核没觉得哪儿好了
25917,1544,唐建军,2016-10-29 02:49:35,2,8,6,主要没找到0分在哪
27286,1544,唐建军,2016-06-24 12:41:35,1,2,1,???
27767,1544,唐建军,2016-06-27 12:24:04,3,4,1,逗逼。
30584,1544,唐建军,2016-07-02 04:11:07,0,2,2,哗众取宠的段子手＋老司机
30860,1544,唐建军,2016-07-02 16:35:24,0,1,1,其实讲得还是蛮有趣的，不过我都在看小说。
32356,1544,唐建军,2016-07-06 08:35:55,3,6,3,认真听课，认真复习，也可以取得理想分数的。一般下课的时候会点名。
34658,1544,唐建军,2016-11-24 11:47:14,3,7,4,讲的知识不成体系，没有重点
34881,1544,唐建军,2016-10-26 06:52:02,1,2,1,太浮夸
35423,1544,唐建军,2016-11-10 07:15:10,-2,1,3,很有意思
36009,1544,唐建军,2016-11-10 09:59:58,-1,0,1,哈哈哈这老师有毒\n\n
36240,1544,唐建军,2016-11-11 07:43:43,0,1,1,很逗，还自嘲，就是ppt很爽
36537,1544,唐建军,2016-11-14 23:02:46,1,2,1,呵呵呵
36580,1544,唐建军,2016-11-15 03:31:19,-1,0,1,还可以
36596,1544,唐建军,2016-11-15 04:19:58,23,36,13,想给零分。平时有加分的作业也写了。期末四道简答题都写了300+。点名也都到了。结果绩点3.3。
36698,1544,唐建军,2016-11-15 12:05:55,5,7,2,老师给分还行 但上课干货不多 还是史峰老师的课好听！
36702,1544,唐建军,2016-11-15 12:37:38,1,5,4,生科导很风趣，学东西这个嘛，想学是有很多东西可学的，教材没什么用。考试真心简单，绩点感觉可以吧？好好复习ppt，好好记下老师上课讲的例子(特别是关于植物学的)就可以考到不错的分数了。
36765,1544,唐建军,2016-11-16 02:55:44,-2,2,4,幽默风趣，学识丰富，和史峰老师前半段的课相得益彰
36788,1544,唐建军,2016-11-16 04:52:14,-3,4,7,看自己啊、老师是好的。 4.5
36828,1544,唐建军,2016-11-16 07:13:06,-3,2,5,老师很棒啊，考试都是上课讲过的
37790,1544,唐建军,2016-11-21 05:22:19,4,4,0,无聊 给分差 ppt多到不想看 慎选 雷課
37909,1544,唐建军,2016-11-22 02:46:17,-1,2,3,幽默风趣，是个有意思的老师，期末考的内容在上课时都会提到，认真听了就没问题。老师上课特别喜欢点人回答问题，就是变相的点名，还老是喜欢点那么几个人。
37936,1544,唐建军,2016-11-22 06:16:00,0,1,1,老师有毒
38186,1544,唐建军,2016-11-25 11:37:34,-1,1,2,超级水
38646,1544,唐建军,2016-12-13 08:14:03,0,1,1,_(:з」∠)_
38861,1544,唐建军,2016-12-19 15:16:41,77,92,15,别坐第一排，会 被发生 各种奇怪的事情的。包括而不限于变成猪，变成驴，变成植物，看上旁边的异性同学，被老师的唾沫星子溅到……
38906,1544,唐建军,2016-12-19 23:43:19,4,6,2,老师很幽默，很有风度，知识渊博。
39204,1544,唐建军,2016-12-21 15:03:51,1,4,3,脱衣服的N种托辞
39650,1544,唐建军,2016-12-26 13:08:14,0,3,3,个性十足的老师，其他不说什么呵呵
39687,1544,唐建军,2016-12-27 03:21:30,0,2,2,风趣幽默，给人思考，给分棒棒
40597,1544,唐建军,2017-01-04 08:15:57,2,5,3,上课就是瞎讲\n\n没什么好讲的\n\n无聊
41083,1544,唐建军,2017-01-09 06:25:19,33,37,4,如果你是一个比较安静，比较正统的孩子，就不要选了，老师真的不适合你，感觉真的老师很多时候哗众取宠
41717,1544,唐建军,2017-01-12 12:03:53,-1,3,4,凡是想要告诉学生知识的老师都给10分
44194,1544,唐建军,2017-01-17 11:49:15,1,2,1,幽默风趣 而且ppt也很不错
45118,1544,唐建军,2017-01-19 04:00:30,3,5,2,很幽默，很哲学，很拓宽视野的思维
45818,1544,唐建军,2017-01-20 06:43:28,4,7,3,垃圾课，还核心通识呢，课上就会跑火车，什么都学不着，事还那么多
45940,1544,唐建军,2017-01-20 09:30:45,0,1,1,老师很诙谐，但其实很认真的，有想法，不过讲课有点玄学……
49139,1544,唐建军,2017-03-27 11:54:18,9,10,1,剧毒剧毒剧毒? ? ?   ? ? ? ? ? ? ? ? ?  ? ?  人品还可以 ? ? ? ?  ? ? ? ? ?但是真的剧毒剧毒剧毒
49143,1544,唐建军,2018-11-16 03:39:01,11,15,4,虽说是带病（看不出来）给我们上的课，但是说实话真心不好，跟前四节课的史烽老师完全没有办法比，也不知道为什么最后这么多人鼓掌。。。这种讲课水平我真的不敢恭维
49934,1544,唐建军,2017-04-27 09:51:03,8,13,5,虽然我不是很认真听，但考试的内容的确是课上都讲过的，那个说考试与上课无关的到底有没有听课？
50622,1544,唐建军,2019-02-24 08:12:45,9,10,1,上课瞎扯淡
52863,1544,唐建军,2017-06-23 08:16:39,28,40,12,公然反对同性恋，认为结婚是为了交配。
52877,1544,唐建军,2019-04-26 12:37:06,22,25,3,嗯，我觉得我还是比较开放的人，对于性知识并不排斥，但如果将此作为哗众取宠的工具是不是不太好？这个老师讲的话让人不是很舒服：对于婚恋的看法很奇葩，有时候会让我觉得不太尊重女性（也有可能我这个人比较敏感）。上课时会在某些时刻提高音调把人吓一跳。。。至于学不学得到东西，我不太好评价，因为不太喜欢他的授课方式，没怎么听过。
53485,1544,唐建军,2017-06-26 23:43:14,1,2,1,虽然有时候会开开车但是人挺好也有思想\n\n
55146,1544,唐建军,2017-07-01 02:02:57,-1,1,2,上课会有笑点，1000页ppt闭卷考，最后给分很好～
55753,1544,唐建军,2017-07-04 03:20:56,2,4,2,我真的不服，成绩排名80%，上课发言没我积极的都有80%了 气死
55765,1544,唐建军,2017-11-27 01:51:10,18,21,3,上课大吼大叫，考试用脚出题，给分全看他认不认识你。
56534,1544,唐建军,2017-07-04 02:49:03,1,2,1,蛮幽默的
57367,1544,唐建军,2017-07-07 04:28:06,2,4,2,水水的，很垃圾，表示生竞省队B级略过～～～这个考评哦～无话可说
59747,1544,唐建军,2017-09-26 13:15:22,6,11,5,老师上课很有思想 只不过方式有问题 让很多人觉得他的课是哗众取宠 但你认真听认真思考 完全可以听到一个生态学家的谆谆教诲 所以九分
60736,1544,唐建军,2017-10-29 05:42:44,1,1,0,哗众取宠
62050,1544,唐建军,2017-11-22 09:06:59,1,4,3,看完成绩整个人完全崩溃，有史以来最低绩点，比微积分现代大物还要低！我真的，要有下次宁可死也不想选生科导！
62106,1544,唐建军,2017-11-22 11:45:54,14,16,2,生科导……不想说话，考前明明说要考变态植物器官，结果没考，准备了很久……太夸张了，哗众取宠……考试最后的四道大题真的是让我感觉写了4篇议论文……不想说话……绩点超低……
62224,1544,唐建军,2017-11-23 09:00:48,2,3,1,哇  你真不愧是浙江人\n\n一节课不少于夸八次浙江或者浙江人
62283,1544,唐建军,2017-11-24 03:23:06,2,2,0,上课很逗，挺有思想，但好像学不到什么东西，最后绩点有点坑啊！
62324,1544,唐建军,2017-11-24 07:55:39,-2,0,2,口音重，生科导讲的挺有趣的，不过坐后面听不太清，内容也没史峰老师讲得好
62344,1544,唐建军,2017-11-24 09:45:09,2,5,3,只要期末分高，满绩也是有可能的。建议记忆力强的，有生物功底的同学选。
62393,1544,唐建军,2017-11-24 16:53:28,2,2,0,垃圾给分
62406,1544,唐建军,2017-11-25 02:00:40,-9,5,14,说期末考1000+PPT的我觉得不真实，只有800+好吧。看了两天两夜PPT居然拿了4.8，真的，我是个文科生，高中没读过生物。只要认真看完PPT（最好一起学一门营养新观点，两门课内容很接近），最后的问答题还是游刃有余的。
62416,1544,唐建军,2017-11-25 04:20:37,2,7,5,1000＋ppt真的背到崩溃   虽然最后满绩 但是考试周时候每天早上七点起床去图书馆背书  每晚躺床上就开始后悔为什么当初选生科导 高中时候选课没选生物  好像也没什么影响
63275,1544,唐建军,2017-11-30 02:50:57,3,4,1,上课没什么内容\n\n考试也瞎考\n\n给分很低\n\n建议想水过的同学别选
64292,1544,唐建军,2017-12-22 08:55:46,2,2,0,认真听，认真复习，生物基础好，不翘课，给分会高的
64673,1544,唐建军,2017-12-26 07:35:38,-10,1,11,很幽默风趣的老师呢，宏观生物学的知识本就概括性较大，不能怪老师呢。\n\n还有绩点3.3的那位同学，你应该是选择题和判断题答的不好吧！
65054,1544,唐建军,2017-12-28 11:28:01,1,1,0,文科生学这个。。。
67306,1544,唐建军,2018-01-20 15:54:33,1,1,0,绩点低，伤心π_π
68512,1544,唐建军,2018-01-23 09:42:21,0,0,0,懵逼了
68651,1544,唐建军,2018-01-23 14:21:30,2,2,0,老师幽默风趣，车速略快
68654,1544,唐建军,2018-01-23 14:25:21,2,4,2,不懂，我是组长，而且听课了，做笔记了，回答问题了，考试感觉良好，结果3.5
68699,1544,唐建军,2018-01-23 15:42:31,7,7,0,生科通核给分实在是惨不忍睹
76788,1544,唐建军,2018-04-23 10:56:20,1,5,4,还没考试呢\n\n有点性别歧视切歧视同性恋\n\n不太好
76795,1544,唐建军,2018-04-23 12:45:00,2,7,5,如果有0分
78280,1544,唐建军,2018-05-10 11:28:34,3,4,1,老师是好老师，很有个人特色。不过个人觉得上课风格略迷，也会讲一些“不切题”的东西。很哲学，也很“哲学”。不过生科导还是能学到东西的，好好复习的话绩点不会难看。
78298,1544,唐建军,2018-05-10 13:42:28,-3,1,4,生科导，很有趣，只要认真听课，一定是高分，水绩点的还是算了吧。\n\n
78342,1544,唐建军,2018-05-11 03:37:43,-26,1,27,就两小时大致看了一下PPT，考试的格子都写满，而且字写的好看一点，就满了……
78499,1544,唐建军,2018-05-12 11:21:12,4,6,2,上课听不下去
79082,1544,唐建军,2018-05-22 08:53:57,9,9,0,确实有点哗众取宠了，感觉备课方面有些不足。
80415,1544,唐建军,2018-06-26 08:33:08,0,0,0,? ? ? ?
83584,1544,唐建军,2018-07-10 15:58:23,-1,1,2,很，赞
85036,1544,唐建军,2018-07-15 05:04:20,1,1,0,平时分莫名低
86550,1544,唐建军,2018-09-17 06:50:15,8,8,0,你是人吗？我不是人，你们也不是人……
86616,1544,唐建军,2018-09-17 12:50:06,6,6,0,除了搞笑其他好像也没什么了
86626,1544,唐建军,2018-09-17 13:30:56,2,2,0,人间不值得，何需1.5学分。
86656,1544,唐建军,2018-09-18 01:15:18,0,0,0,很棒的
87001,1544,唐建军,2018-09-20 02:16:04,1,1,0,难以抓重点
87241,1544,唐建军,2018-09-26 05:11:49,3,4,1,老师不想评价，但助教小哥哥是真心可爱啊，帅帅的暖男
87840,1544,唐建军,2018-10-15 11:14:28,1,1,0,很好玩（凑足三个字）
88065,1544,唐建军,2018-10-21 10:46:41,0,2,2,睿智，是幽默不是装逼
88114,1544,唐建军,2018-10-22 10:56:37,2,3,1,哪位好心的学长学姐能分享下期中考试和期末考试的内容啊啊啊啊啊啊学弟感激不尽啊啊啊啊啊 qq1027008250\n\n邮箱orangelcz@126.com
88397,1544,唐建军,2018-10-30 06:34:01,4,4,0,恶趣味
88884,1544,唐建军,2018-11-11 13:48:48,0,1,1,只会bb真的是…
89233,1544,唐建军,2018-11-17 07:18:40,-6,0,6,平常没有破事，而且努力与回报是有正比的，虽然考试前看了快1000张PPT但最后也拿了一个不错的成绩，很开心
89240,1544,唐建军,2018-11-17 10:13:18,-1,2,3,感觉还是很不错的\n\n给分还可以\n\n
89251,1544,唐建军,2018-11-17 13:36:22,0,0,0,哗众取宠，人挺有趣的，但是讲的东西考试中没考到。文科生建议不要来当被正态对象。忠告。
89265,1544,唐建军,2018-11-17 16:48:50,1,1,0,生科导 老师讲得挺好的啊……上课的确在好好讲干货的 考试内容也都是他在课上强调说了的 人也很有趣和善 不过课间一般不下课 最后也不早下课
89291,1544,唐建军,2018-11-18 05:54:00,-1,1,2,老师很尬。说实话。没史老师好。绩点3.3不过是自己的问题吧
89336,1544,唐建军,2018-11-18 13:54:02,0,1,1,两个班讲的不一样？我惊了！！！这不是让另一班吃亏！明明好好复习，和别人不复习的有什么区别！
89470,1544,唐建军,2018-11-19 08:35:46,2,2,0,上课很水，喜欢吹嘘自己的光辉历史，讲课没有重点。
89861,1544,唐建军,2018-11-21 05:20:45,0,0,0,学到的东西很少。。。
89957,1544,唐建军,2018-11-21 11:23:23,-4,0,4,老师上课蛮有趣的，而且人也很好……就是上课答题有点慌兮兮。虽然我生科导绩点……只有3.9，但是确实是个好老师。
90808,1544,唐建军,2019-04-15 11:53:08,6,6,0,难受，很困，虽然的确很幽默还是无法理解自己的绩点，就这样吧
90895,1544,唐建军,2018-11-27 06:30:12,4,4,0,低俗的笑点 。。
91591,1544,唐建军,2018-12-14 15:10:12,1,1,0,口味是真的重
92354,1544,唐建军,2018-12-28 03:24:55,4,4,0,水课，没有什么实际内容，蜜汁评价标准，就一次闭卷考试，考一些细枝末节莫名其妙的内容，生命科学导论是我绩点最低的一门通识，摧毁一直以来对生命科学的兴趣，老师上课激动得莫名其妙，幽默得奇奇怪怪。
93282,1544,唐建军,2019-01-08 17:03:28,3,5,2,绩点3.0我也打3分好了
93630,1544,唐建军,2019-01-11 03:56:09,-1,0,1,我就静静地坐在那里看老师不知所云（说来搞笑，这竟然是我绩点最高的一门课。考试的时候一定要乖乖认真答，好好答，能多写的就多写。）
94888,1544,唐建军,2019-01-18 12:07:38,-1,0,1,声音响亮
95330,1544,唐建军,2019-01-19 08:32:38,2,2,0,期末考试居然不给ppt，考试只考ppt
98955,1544,唐建军,2019-01-24 05:47:37,0,0,0,老师的黑色幽默让我此生难忘……\n\n
101406,1544,唐建军,2019-01-28 06:59:36,-6,1,7,老师很幽默风趣，上课富含哲理，这学期真的很感谢老师拯救了我的绩点，真的非常感谢老师！鞠躬?！强推！
101485,1544,唐建军,2019-01-28 09:39:28,2,2,0,不知所云
101530,1544,唐建军,2019-01-28 11:00:45,-1,4,5,从来没想过通核能满的！（当然课堂讨论每一个方面都做的挺好，课也每次都听的）就这们课而言，上课还是很有趣的，讨论课环节也的确是学到了不少东西，给分也还不错，没有选到其他有意思的通核课的话，这门课也还算不错！
101572,1544,唐建军,2019-01-28 13:05:28,-19,2,21,通核居然满了！专业课好多满绩的，通识课这可能只是第二次啊！考前两天开始看课件，认真复习，认真讨论不会差的！老师水平很高啦，就是有些黑色幽默，有时候还会开车……还不错
101577,1544,唐建军,2019-01-28 13:20:25,2,4,2,通核绩点出乎意料的高，老师其实不错
101783,1544,唐建军,2019-01-29 05:16:33,2,2,0,通核事情挺多的，文科生慎选！！！！！(多用几个感叹号表示强调)至少我学得真的很痛苦，没有生物基础只能靠记忆而不是理解
102974,1544,唐建军,2019-02-25 07:26:33,3,3,0,吹嘘自己吹了一节课了老哥！
104489,1544,唐建军,2019-03-21 12:37:09,7,7,0,老师讲得还可以，但是生命科学讨论课鹅颈真的有点点严重。我很欣赏那些真正有思考的发言，思维的碰撞还是很有深度的，但是那些水发言次数的真的忍不了了，不仅问一些没营养的还特别爱钻牛角尖!拖时间!
105199,1544,唐建军,2019-04-07 11:47:30,-16,0,16,我是ikun反正我满了你们呢弟弟们\n\n\n\n
105481,1544,唐建军,2019-04-15 06:29:42,8,10,2,实在是讲的太差，一天就会讲玄学，抱怨社会（每天一副别人压榨自己的样子，其实就是自己菜），还非要大家听课，“考的都是我讲的”，考玄学吗？考扯淡吗？唐老师你良心呢？听听听，我听你mlgb的课！
105888,1544,唐建军,2019-04-22 15:40:53,-1,0,1,其实老师挺好的啊，声音大是因为真的是考点。真的还是很不错的老师
106214,1544,唐建军,2019-04-25 15:03:14,-1,0,1,感觉还行吧  自己本身能力就不行
106422,1544,唐建军,2019-04-27 08:27:54,1,2,1,...
108180,1544,唐建军,2019-06-28 03:25:41,15,21,6,我喜欢蔡徐坤
108575,1544,唐建军,2019-05-29 02:31:48,-1,2,3,老师真的学识渊博，而且上课会透露考试题目，超赞
108871,1544,唐建军,2019-06-03 11:50:19,2,3,1,老师讲的会出成期末原题，认真听认真总结就行
109295,1544,唐建军,2019-06-13 03:05:57,5,5,0,莫名其妙的不尊重人（搞hs）的段子 哗众取宠 而且他对很多老师的头衔都不满 上课没干货 真的很烂
110215,1544,唐建军,2019-06-24 14:39:38,-3,0,3,被生物耽误的诗人
110579,1544,唐建军,2019-06-27 13:53:29,-5,0,5,还是蛮有意思，就有的时候感觉有点哗众取宠?他说坐第一排的会有加分，但第一排的会被经常当做例子。。。
110697,1544,唐建军,2019-06-28 04:49:52,5,5,0,你搞黄色？？
111230,1544,唐建军,2019-06-30 16:29:16,5,5,0,垃圾课垃圾老师垃圾课程网站
113482,1544,唐建军,2019-07-06 18:13:12,11,11,0,生命科学，虽然3.3，但是很开心终于不用上事多、无趣、需要无意义鹅颈的课了！
113497,1544,唐建军,2019-07-06 18:53:39,9,9,0,付出与回报不成正比
113804,1544,唐建军,2019-07-07 15:59:13,6,7,1,你是什么垃圾？请自动分类，谢谢
114460,1544,唐建军,2019-07-10 04:15:33,5,6,1,生命科学，个人是很不喜欢老师的授课方式。确实老师幽默，但有点浮夸和尴尬。老师思想很开放，但有时候说的话比较失智。恕我直言，讲起课真的有些阴阳怪气。前面都是老师的个人风格吧，但上课极其没有节奏，八次课最多就上了三节课的内容，很多时间来讲一些莫名其妙的东西。本来讲一节课的导论讲了三次课，其中夹杂着没什么营养的尬聊和废话。老师对生态学以及人类的一些理解确实独辟蹊径，让人眼前一亮，很有启发意义，但这就很尴尬，因为讲课中掺杂了很多鸡肋的内容，如果全听浪费时间，不听又怕错过经典。总之老师其实很有想法，但表达得不好，每节课都听，但一学期下来感觉没有学到什么
116870,1544,唐建军,2019-09-17 02:19:25,3,4,1,生科导，评分时还没考试，单纯上课感受。没有一些评论说的那么不堪。偶尔有全班爆笑。老师上课讲到他自己的一些想法，可能并不主流叭。个人上课经验：如果从头听到尾，会觉得很顺，有点道理，有点有趣；如果一会听一会不听，乍然听到他的想法（比如社会也是生命）可能就会觉得--什么莫名其妙哗众取宠的狗屁？
117535,1544,唐建军,2019-09-25 14:00:05,2,4,2,我怀疑你在ghs
118553,1544,唐建军,2019-10-28 11:57:14,3,4,1,低俗。哗众取宠
118772,1544,唐建军,2019-11-01 01:00:38,4,4,0,扯一堆有的没的，学不到知识。有很多论点也并不是很客观
119505,1544,唐建军,2019-11-13 06:45:01,-13,2,15,超级喜欢唐建军老师！！！上课好有激情，虽然讲的很多是一些听起来貌似没什么大用处的故事或笑话，但是真的很有助于对知识点的记忆。考试前会较为详细地说明考试具体内容，只有认真听讲的同学才知道哦(´-ω-`)～
120394,1544,唐建军,2019-12-03 06:39:13,-8,2,10,课讲的还阔以 生命科学导论最后给分也是真的好！
122276,1544,唐建军,2020-02-22 07:55:23,3,4,1,长的不可描述，挺喜感的，比如那胡子；很幽默，但是幽默的地方很奇怪；上课不知道在讲什么；点名像拍卖会挺搞笑的；正常学的，没有参加那些加分项，任务也都完成，3.5
122627,1544,唐建军,2020-03-09 06:47:56,9,10,1,他和他的课让我感到迷惑\n\n老放自己的图片是怎么回事？
123341,1544,唐建军,2020-06-04 07:04:26,19,21,2,平时理论课每周1000+小论文，说可写可不写凭自觉，期末了告诉老子占比30%\n\nnb 真nm nb
123346,1544,唐建军,2020-06-04 11:59:35,3,4,1,给我气笑了，开学和你说学在浙大作业一堆问题可做可不做，期末和你说算最终成绩，还不让补交，无话可说，真就人均生命科学专家呗。
123820,1544,唐建军,2020-06-14 14:55:31,4,4,0,生科通核 期末更改考核方式要用以前明确说不用交的作业计分 \n\n我终于知道为什么生科作为通核到了第二轮选课还能有余量了
124164,1544,唐建军,2020-06-26 04:52:20,13,13,0,生命科学每节课都没缺，讨论课PPT评分还有接近90 讨论也认真发言 该做的也都做了 最后3.2（B减）均绩直接掉，自己感受
124199,1544,唐建军,2020-06-27 02:37:27,12,14,2,气笑了，成绩就这？就这？就这？一节课不缺，论文写了一堆，每次讨论课至少三四次发言，改做的我全都做到最好了，分数就这？就这？就这？
126530,1544,唐建军,2020-09-29 09:08:59,-3,0,3,不多说 生之态
126762,1544,唐建军,2020-10-19 05:50:29,-3,1,4,最轻松的一门课
126929,1544,唐建军,2020-10-28 11:29:30,16,19,3,脑子有问题
127445,1544,唐建军,2020-11-23 06:21:55,2,3,1,比较傻
127692,1544,唐建军,2020-11-26 00:46:27,2,4,2,哗众取宠实锤
127746,1544,唐建军,2020-11-26 10:05:24,2,2,0,太不好了
129280,1544,唐建军,2021-01-03 08:16:14,5,6,1,大一冬学期，生科导H唐老师负责宏观部分，于是乎成了唯一一门想抢后排座位的课。虽说本人对生物不感兴趣，高中也没选考，但吴敏老师的课还是收获了一些。
129499,1544,唐建军,2021-01-06 10:28:29,0,0,0,？？？
129588,1544,唐建军,2021-01-08 04:22:01,1,1,0,哈哈哈
130027,1544,唐建军,2021-01-15 06:29:25,4,4,0,大家快逃
130106,1544,唐建军,2021-01-17 05:51:12,7,7,0,真的不想听，每节课都不知道在说什么，还有那次点名真的气死我了，7.55点名，奇了怪
130255,1544,唐建军,2021-01-20 08:47:45,2,2,0,上课没什么营养
130678,1544,唐建军,2021-01-24 07:23:56,0,7,7,虽然有很多人都说唐老师上课不好之类的，但我觉得还是能学到很多东西的。一开始认真听的时候单纯为了期末考试，但是后来越听越觉得确实学到了生命科学中关于世界的新的思考方式。有人或许觉得唐老师上课很偏激，但是其实是每个老师不同的风格吧，我下课去问题目都时候老师都很亲切的，ps来自文科生
131082,1544,唐建军,2021-01-26 01:22:39,0,0,0,老师很迷\n\n第一堂课以及每堂课最后十分钟都在自我介绍\n\n讲课易激动，偶尔开车，其他还行吧，挺认真的\n\n暂未出分，担心jpg.
131713,1544,唐建军,2021-01-28 13:56:32,8,8,0,生命科学通核事情很多，还很容易绩杀，就是说不是那种付出多就一定有回报的，我已被绩杀，快逃快逃快逃
131947,1544,唐建军,2021-01-29 12:10:48,3,4,1,老师太烂啦，不知道上课在干什么，给分还贼差
132211,1544,唐建军,2021-01-31 03:47:31,1,1,0,真的不知道在干嘛，上课迷糊，给分也差
133074,1544,唐建军,2021-02-07 12:34:48,1,1,0,感觉并不是能学到很多东西，给分也不太好
133275,1544,唐建军,2021-02-23 06:43:11,3,3,0,生科导H。注意期间tjj老师会有一次点名，一旦不到绩点会崩的很惨。上课可以直接不听，但是考试前一定要认真复习微观部分。宏观部分tjjppt太多了，直接去看回忆卷就好了。另：给分超级烂，能跑就跑吧
133288,1544,唐建军,2021-02-23 13:02:52,0,0,0,上课很drama，可以听听。前两三节课是课程总览，挺水的。考前看回忆卷+PPT即可。
135354,1544,唐建军,2021-05-08 10:23:06,0,0,0,环境生物学，学不到东西。一个个人or小组展示一个开卷考试，点一两次名。想水学分可以来，想学东西快逃
135810,1544,唐建军,2021-05-27 04:02:29,10,16,6,sb玩意
143981,1544,唐建军,2021-12-15 05:37:48,1,3,2,会把生物课讲成哲学课的老师，人很有意思
144106,1544,唐建军,2021-12-17 15:20:48,-1,3,4,老师讲课挺有激情的，感觉对生态的思考很深入。
147573,1544,唐建军,2022-01-10 08:45:48,1,1,0,老师很好，上课也很有激情，看得出他对生物的热爱。
147585,1544,唐建军,2022-01-10 08:57:38,-2,2,4,坐标生命科学导论，唐老师上课很有意思，人也很好，水平也高，给分很不错
149740,1544,唐建军,2022-01-16 15:46:48,4,4,0,上的是生科导（H）。\n\n唐建军上课大概就在讲哲学。反正我也是睡觉。\n\n最后考试的宏观部分——一定要找cc98回忆卷，生命科学的那份也行。\n\n唐建军上课会有一次点名，非常重要。
150691,1544,唐建军,2022-02-13 08:01:31,0,0,0,点名，有点怪，一般
152819,1544,唐建军,2022-04-20 06:42:22,30,30,0,抛开授课不谈，这家伙长得像大佐。上课记得带良民证（bushi）
154824,1544,唐建军,2022-06-06 02:32:42,1,3,2,救命，快逃吧\n\n别选生科导
154946,1544,唐建军,2022-06-07 03:51:12,0,2,2,老师上课很有激情，坐在前排简直是一种享受诶。平时讨论课认真发言，上课放空了听，考试看一下老师总是强调的话题，4.5不错了诶*罒▽罒*。
155226,1544,唐建军,2022-06-09 13:05:01,6,8,2,唐老师是一位很好的老师，上课也非常有激情，给分也还挺好的
155227,1544,唐建军,2022-06-09 13:13:58,5,6,1,唐老师确实是一位很好的老师
166949,1544,唐建军,2023-01-14 10:22:13,4,4,0,有点逗
166990,1544,唐建军,2023-01-14 13:28:45,0,0,0,老师很好很幽默
167572,1544,唐建军,2023-01-17 11:48:17,0,0,0,课是好课，但想要高绩点的建议别报
169490,1544,唐建军,2023-02-26 11:59:17,1,1,0,给分烂事多
169491,1544,唐建军,2023-02-26 12:00:15,2,2,0,考试出题离谱
169706,1544,唐建军,2023-02-27 12:55:31,6,7,1,老师很有趣，但是言之无物...上课一半是废话，然后给分也一般，很求是，班里最高分两个4.5...一般老师都会捞一捞出两个满绩的吧...给个7分吧
174069,1544,唐建军,2023-06-06 04:58:12,1,1,0,听不懂
174366,1544,唐建军,2023-06-11 02:08:14,6,7,1,逗逼中的战斗逼，比较沉闷的同学别选，会很尴尬\n\n喜欢讲他的水稻产业，讲课使人感兴趣，但是废话也不少\n\n通核比较绩杀，每个讨论课都要做PPT，一学期得做两个小组任务和四个个人PPT，还有个仿真实验（这个真的逆天，把里面的电脑屏幕弄得清楚一点不行吗！）\n\n综上，打个7分
180875,1544,唐建军,2023-09-27 11:39:08,2,2,0,打巴掌，不好评
184021,1544,唐建军,2023-12-06 10:56:32,3,4,1,唐..
185450,1544,唐建军,2023-12-29 11:43:56,7,7,0,虚拟仿真实验就是依托答辩
185470,1544,唐建军,2023-12-30 03:49:29,7,7,0,因为他我对生物彻底丧失兴趣了
186547,1544,唐建军,2024-01-11 15:25:01,6,6,0,大学写作无须多言
188162,1544,唐建军,2024-01-19 12:14:55,9,10,1,纯傻逼
188193,1544,唐建军,2024-01-18 11:25:54,7,7,0,课堂内容与正常的生物教学关系甚微，考试题莫名其妙，考察各种奇奇怪怪的内容——明明生物学最基础的东西都没有考察
188593,1544,唐建军,2024-01-23 03:06:30,12,13,1,上课暂且不论，暂且称之为还行。单论考试，问你他讲的ppt中提到的一个人物的英文名字，问你他讲的各种生物种间关系的英文名字。试问出这种题目有何意义？假使一个同学认真听课，这些东西他就一定能注意到并且记住吗？简答题图看不清楚也不注明，让考试的同学自己猜。出分也迷，低的很，难评
188638,1544,唐建军,2024-01-19 12:39:22,9,10,1,不得不在这里吐槽一下了。生命科学课，6个PPT，1个所谓“仿真实验”，期末闭卷，绩杀......本人有幸在生命科学课上得到比大学英语Ⅲ还低的绩点，在此吐槽。
188647,1544,唐建军,2024-01-19 12:47:26,5,6,1,给分奇差 学不到什么东西 哗众取宠
188652,1544,唐建军,2024-01-19 12:51:29,6,7,1,我吐血了，千万别选，快跑！事多给分差，讨论课还遇上逆天组员，呵呵
188710,1544,唐建军,2024-01-19 15:55:02,3,6,3,给分真的差，希望大家赶紧逃通核生命科学，百来人的群没人谢谢老师，ppt认真准备，展示次数最多最后只有3.0，又是闭卷考试又是论文又是每周一次展示，够恶心，给分又低，最被恶心的课，均绩4.8多掉了0.3因为这b课
188904,1544,唐建军,2024-01-20 13:48:45,-46,1,47,生命科学给分还行啊，我4.8，一群废物自己菜怪谁啊
191672,1544,唐建军,2024-04-27 11:34:43,1,1,0,环境生物学：给分一般，基本学不到什么东西，任务是一篇文献翻译和一次pre，比较水，考试是开卷的，也挺水
191693,1544,唐建军,2024-04-28 07:55:14,0,0,0,马上退休，参考意义不大，环境生物学给分一般，学不到东西，不如听同学们文献汇报，总体上是个水课，不建议修读。参考绩点4.2
191978,1544,唐建军,2024-05-06 14:04:52,4,4,0,唐建军，唐完了
194059,1544,唐建军,2024-06-21 18:14:04,2,2,0,生命科学通核，上课时说要考的两个大题最后不考，实在难蚌\n\n从ppt内容到上课状态，唐老师显然更适合从事科普类的工作：讲课很有激情人也很热心，看得出来在努力保持幽默感，但所有上课时的笑到了期末复习和考试时都会变成泪。如果这门课没有考试或者考试里没有加入那么多奇奇怪怪的内容，唐老师得到的评价可能会高一些吧
199098,1544,唐建军,2024-09-17 07:43:45,-1,0,1,上次上的应该是唐老师开的最后一次的《生命科学导论》了。宏观的部分不好讲，但是唐老师还是给我打开了一扇世界的窗户，即使以后基本不会再用到这些知识。
205702,1544,唐建军,2024-12-11 11:00:28,2,2,0,【生命科学导论】感觉pre的时候有点听不懂人话，问的问题也奇形怪状
4815,1591,谭芸,2015-06-29 07:08:26,20,31,11,谭老师的职规课作业实在是太多了TAT老师人还不错
58223,1591,谭芸,2018-09-15 07:46:40,-12,5,17,垃圾老师
58255,1591,谭芸,2017-08-28 02:53:37,-1,5,6,是一种享受
60493,1591,谭芸,2017-10-22 12:03:19,4,8,4,上的她的形策，感觉完全在照着资料念，语速还很快，表示一脸懵逼，还不如把课件给我们我们自己看。。。
64349,1591,谭芸,2017-12-22 15:56:10,-1,2,3,还好把
64477,1591,谭芸,2017-12-24 11:20:00,-2,1,3,老师还不错
78651,1591,谭芸,2018-05-14 07:19:53,5,12,7,我很努力啊，我就是不喜欢发言吗，你也不能这么拉我绩点啊
78678,1591,谭芸,2018-05-14 11:24:18,-3,4,7,给分真的好，出乎意料的高。看楼上的，似乎是要多多发言啊。争取给老师留个好印象。
78689,1591,谭芸,2018-05-14 13:13:21,-1,2,3,事情是有点多，当个组长，绩点不会低的。
79660,1591,谭芸,2018-06-12 12:57:45,2,3,1,哭泣，啥都不想说
83137,1591,谭芸,2018-07-17 15:20:28,3,7,4,别信什么给分好，全看组长。组长认真，成长手册和展示完成得好，绩点就好。组长不认真，普通组员就是绩杀。组长给分都很好。然后事情很多很多很多。为了写职业规划书，专业课都要不学了，结果还是3.9
83506,1591,谭芸,2018-07-10 12:43:23,5,6,1,负责的有点过，作业比专业课还多，总之上一门通识太累了，慎选
84101,1591,谭芸,2018-07-12 04:16:56,7,9,2,作业有点多。服了那蜜汁微笑
85373,1591,谭芸,2018-07-17 09:29:36,-3,4,7,职规课事情都挺多\n\n认真的完成测试和职业生涯规划书还是挺有帮助的\n\n给分真的好\n\n谢老师隆恩
85413,1591,谭芸,2018-07-17 13:06:18,0,5,5,作业多到烦躁……每次上完课还要小组讨论……拍照什么的……我不知道我这个分数咋样，还算满意叭，平时作业写的也敷衍，规划书好好写了的！3.9还可以接受哒！\n\n不过这个课再让我有机会选是不会选的……作业太多了……(跪)
85483,1591,谭芸,2018-07-18 10:36:48,1,5,4,事情多，反正我觉得自己的付出与绩点不成正比
85859,1591,谭芸,2018-08-23 12:53:35,-2,1,3,垃圾?
86642,1591,谭芸,2018-09-17 16:37:22,0,8,8,首先说，如果不想认真听课，如果不想写很多作业，请别选这门课。谭老师的职规课你只要在教室里，就不敢玩手机；因为游戏、互动、讨论太多了，而且老师一眼就能看到谁在玩手机，会提醒你认真听。作业确实多，尤其是组长（我就是当组长的，但还好我的组员都很配合，会和我一起接锅）。职规课真的能让你学到点东西，至少可以了解一下未来；而且谭老师会主动约谈学生，这在老师中真的很难得。到最后有一篇职规书要写，不像其他老师恶竞字数，谭老师会看你认不认真。如果有人评价说“付出和回报不成比例”，那你问问自己你真的认真了吗？你的组长事情多还是你多？我不相信，我是老老实实完成了所有任务，还和谭老师交谈了职业方面的问题，结果满绩。
90357,1591,谭芸,2018-11-23 09:03:19,0,3,3,每节课作业认真完成，满了
90378,1591,谭芸,2018-11-23 10:00:27,0,3,3,讨论很多，积极融入小组体验还是很不错的；上课老师会一步步带你认识自己，能学到不少东西；老师和助教都很负责，作业不算很多，助教都会认真改还有评语；给分出乎意料的好
90403,1591,谭芸,2018-11-23 11:37:46,-5,0,5,事情其实没有很多，都是为了自我挖掘的一些问卷\n\n期末一个团队展示一个职业生涯规划书\n\n回答了两次问题，是小组长，下课有向谭老师请教，老师好认真地为我提供了很多资料\n\n最后满绩\n\n很很很认真的老师
90756,1591,谭芸,2018-11-26 00:25:30,1,2,1,emmmm课程有那么点意义吧，课程作业会有点多，组员之间一定要好好配合。给分不错。
92757,1591,谭芸,2019-01-04 07:45:27,-14,3,17,垃圾老师还不死
104176,1591,谭芸,2019-03-20 10:48:55,5,6,1,真的很一般，讲话真的很搞笑很荒谬
104890,1591,谭芸,2019-03-29 17:00:17,3,3,0,垃圾垃圾垃圾
106943,1591,谭芸,2019-04-30 10:30:30,1,1,0,中规中矩 事情比较多
107376,1591,谭芸,2019-05-04 14:37:01,4,6,2,写了一万字的职规报告就给这么点绩点，事情还贼多，选职规千万不要选她
107377,1591,谭芸,2019-05-04 14:37:49,4,5,1,平时事情真的很多，我这个学期认真上课还有讨论。写了那么多字的报告还是这么点绩点，真是无语了。
107378,1591,谭芸,2019-05-04 14:39:32,3,5,2,事情超多，写了上万字的职规书，绩点还是给的很低
107381,1591,谭芸,2019-05-04 14:44:08,4,6,2,事情巨多，完成量与绩点完全不成正比，建议不要选了
110976,1591,谭芸,2019-06-29 02:42:05,1,2,1,发言还有所在小组都很重要 最后满了很开心 老师特别好 还记住了很多人的名字
112043,1591,谭芸,2019-07-03 09:26:58,9,10,1,水平很低 有种幼儿园阿姨哄小孩自以为很温柔大气那种感觉 觉得自己声音美死 说话完全无重点照PPT读 总之 很差
114971,1591,谭芸,2019-07-13 10:34:39,1,2,1,老师作业还有职规要求的字数确实别别的老师多点。但是老师真的很负责啊，会认真看作业还会给微信私聊提建议，要求每星期的讨论也认识了很好的朋友，不是组长最后绩点也还可以
125891,1591,谭芸,2020-09-15 10:10:43,5,6,1,给分巨低，没有调分
205519,1591,谭芸,2024-12-08 12:46:55,1,1,0,太爱拖堂了，一拖20min……硬课都没见过能拖这么久的
220165,1591,谭芸,2025-06-16 02:53:53,0,0,0,讲得一般，还卡绩😒
220227,1591,谭芸,2025-06-16 13:34:14,1,1,0,给分这么差是和学生有仇吗
364,1651,蒋德安,2015-03-15 01:25:54,1,7,6,狭隘的微观生命科学工作者
5978,1651,蒋德安,2015-07-10 06:06:34,8,21,13,一分都不会多给你。考完三小时出分完全不给学生情面。考试注重形式，什么中文答题分不会高，英文答题八成对就满分，难道掌握知识不才是首要吗。没意思。
10672,1651,蒋德安,2015-11-22 08:01:45,0,2,2,批卷看名字给分
15254,1651,蒋德安,2016-01-13 04:18:35,-6,0,6,老j8灯
16529,1651,蒋德安,2016-01-18 10:11:42,2,3,1,萌萌的老师
16530,1651,蒋德安,2016-01-18 10:12:07,3,4,1,老师人很好，虽然我的分数不高，不过应该是自己没学好。考试鼓励用英语，是一门要求比较高的课。
18796,1651,蒋德安,2016-01-22 14:25:06,-7,0,7,丧心病狂
21770,1651,蒋德安,2016-03-01 05:16:53,0,1,1,嗯，给分确实不好
29218,1651,蒋德安,2016-06-29 12:18:52,0,2,2,说好的考完三小时出分呢……略慢 但是老师人挺好的 只是对学生要求略高
56868,1651,蒋德安,2017-07-05 01:51:22,0,1,1,过了几天出分，还好的老师，也挺认真的，就是给分一般吧，英文的卷子也看不懂
65023,1651,蒋德安,2017-12-28 08:43:14,0,1,1,不错不错
66408,1651,蒋德安,2018-01-16 06:12:04,2,2,0,不喜欢这个老师。
112294,1651,蒋德安,2019-07-04 01:04:09,0,0,0,出分了 虽然自我感觉不理想 但是老师真的是超棒的老师了 ❤️蒋老师
112370,1651,蒋德安,2019-07-04 03:06:28,0,0,0,老师还是个不错的老师
112403,1651,蒋德安,2019-07-04 04:16:45,0,2,2,我觉得双语课程没问题，但你英语答题给分好一点。中文答题给分差一点真的有必要嘛！最重要的应该还是学习到知识吧。
112406,1651,蒋德安,2019-07-04 04:28:46,0,1,1,老师是挺好的，对学生要求比较高，蒋年轻的时候考的最差的就是植生，就希望我们都能好好学，至于给分不是看自己的吗，为什么吐槽?
77463,1699,张舒群,2018-05-06 00:39:57,0,0,0,我超级喜欢张boss
5465,1704,周宏,2015-07-07 16:40:24,-13,5,18,美
11141,1704,周宏,2015-11-24 13:11:06,12,13,1,噩梦\n\n
11159,1704,周宏,2015-11-24 23:51:20,13,13,0,给分好低
11176,1704,周宏,2015-11-25 03:15:47,9,9,0,噩梦！！！
11357,1704,周宏,2015-11-28 13:20:16,8,8,0,大绩杀！！！！！
11362,1704,周宏,2015-11-29 03:25:00,9,9,0,给分超级低，看见那个分吓了一跳
11382,1704,周宏,2015-11-29 12:00:06,7,7,0,水 给分奇低
11722,1704,周宏,2015-12-12 10:14:06,6,6,0,讲课有一点沉闷，而且给分好低。。。
14423,1704,周宏,2016-01-07 03:20:55,2,3,1,为什么不能给0分
14881,1704,周宏,2016-01-10 15:20:53,1,2,1,一下子把我均绩拉低一两分！！
17553,1704,周宏,2016-01-20 11:48:04,-1,0,1,给分低的确实吓人，不针对老师，但是如果不是特别热爱或者想有个好的gpa的话还是慎重考虑吧，总之我是被坑惨了
17564,1704,周宏,2016-01-20 12:04:31,-1,0,1,啊啊啊
25028,1704,周宏,2016-05-09 02:50:22,2,2,0,给分巨低，千万别选
33738,1704,周宏,2016-09-21 08:45:55,0,1,1,可怕死了
35737,1704,周宏,2016-11-20 07:17:40,-3,0,3,给分不错啊\n\n
35973,1704,周宏,2016-11-20 14:26:40,-3,0,3,老师很亲切，讲课认真，教学资料丰富。给分略低
39901,1704,周宏,2016-12-28 06:47:58,1,1,0,(⊙_⊙) 从头睡到尾\n\n上课特别催眠
41036,1704,周宏,2017-01-08 13:58:37,1,1,0,妈个鸡
41434,1704,周宏,2017-01-11 14:19:58,1,1,0,（微笑）
41437,1704,周宏,2017-01-11 14:31:34,1,1,0,非常无趣，照着ppt念
48771,1704,周宏,2017-03-12 15:18:01,-1,0,1,讲课只能说是不功不过，但确实没那么差，普生的分不是她给我体会不到多差
14297,1715,史影,2016-01-06 06:48:49,0,3,3,老师人超好
16880,1715,史影,2016-01-19 06:58:37,16,19,3,老师人很好，很耐心
41805,1715,史影,2017-01-12 16:41:12,5,6,1,反正不管，爱咋咋地
43765,1715,史影,2017-01-17 02:41:56,0,2,2,给分还行
44252,1715,史影,2017-01-17 13:14:46,0,2,2,给分很好！
44293,1715,史影,2017-01-17 14:22:06,4,5,1,认真，对于同学的实验汇报台下直接提问，还是直中要害
66967,1715,史影,2018-01-19 13:08:48,-2,1,3,老师人很好
67025,1715,史影,2018-01-20 04:08:04,-3,3,6,讲不清楚
125001,1715,史影,2020-08-06 04:25:19,-2,0,2,给分差
129515,1715,史影,2021-01-06 12:49:04,5,5,0,老师很实在，一切看数据，不太纠结表面的东西
135230,1715,史影,2021-07-01 05:15:26,3,4,1,老师很好！温柔善良，也会耐心解答\n\n人类代谢可水\n\n给分还可以
135318,1715,史影,2021-05-08 05:40:17,-2,0,2,内容水很好混，但是论文大作业标准很迷
153049,1715,史影,2022-04-24 09:16:47,1,2,1,人体代谢给分可以滴
176238,1715,史影,2023-06-28 06:48:51,1,2,1,(人体代谢与健康）每次作业都认真做了，一节课都没翘，最后班级均绩3.99，给我3.3，我很不理解，我不知道哪里对不起你了，认真对待你布置的每项任务，结果给分离平均水平还差十万八千里，给分真玄乎，还完全非透明化，所有数据都不公布，您可着劲的发挥是吧
182872,1715,史影,2023-11-21 01:27:22,0,1,1,生化实验甲\n\n当初怎么没人告诉我这个老师的蔗糖酶报告是一人自己写一份而且期中周一结束就要交TUT这个老师的作业强度比别的老师多，但是人挺好的
657,1741,陈铭,2015-03-15 10:47:26,0,7,7,很好，幽默，不错，可以有。
6266,1741,陈铭,2015-07-12 13:02:44,0,7,7,老师水平很高，浙大明星级人物
8311,1741,陈铭,2015-09-18 07:53:33,1,6,5,陈老师，人很好，思维很活跃，对学生很好，待人处事方面很不错。
11767,1741,陈铭,2015-12-14 11:49:21,1,5,4,还好吧，事情有点多
20557,1741,陈铭,2016-01-28 10:29:04,7,19,12,事情很多，老师感觉很多都不懂，遇到问题，老师都没法解决都要让那些研究生来解决。最后的大作业自己写的分数一般很低，反而套模版的分数很高。
20563,1741,陈铭,2016-01-28 11:25:54,0,6,6,和蔼可爱的老师 虽然最后的大作业有些累 但课上会讲很多东西 给分也很好
20582,1741,陈铭,2016-01-28 15:14:32,-1,1,2,很好的老师
20624,1741,陈铭,2016-01-29 06:44:36,7,9,2,大作业超级烦，自己做网页写程序
40136,1741,陈铭,2016-12-29 11:21:41,6,9,3,助教：你们看啊，我们这门课给分还是可以的，看均绩就知道了?。  围观群众：????助教： 我们这门课还是比较水的。围观群众：??。然后他就被同学们的唾沫淹没了。   \n\n我最不水的一门通识，没有之一。这才是导论课应该有的样子，带你了解一些领域。介绍很多有用的编程、建模软件，写网站的方法，合成生物学的概念。 比较适合工信的同学。
41362,1741,陈铭,2017-01-11 04:58:42,11,16,5,生信的考试，基本上会给你一种努力与结果不成正比的感受
41488,1741,陈铭,2017-01-12 03:18:39,1,5,4,生物信息学是一门可以学到很多东西的课，大生命的同学可以作为个性学分，很不错。大作业很难，上课内容也很多，所以比较累。老师蛮不错的，但感觉各部分老师之间还应协调统筹。\n\n考试么，哎呀我好像复习了假提纲。\n\n以上。
47285,1741,陈铭,2017-01-25 05:22:37,2,7,5,超级差，我做了好久的网页，结果却拉我绩点
47385,1741,陈铭,2017-01-25 16:20:54,4,7,3,上的生信导论。老师很和善，助教也很可爱。能学到各种各样的软件使用，可大都知之皮毛(通识课的通病)。平时没事情但是有个大作业是自己做网页写程序。建议有程序设计或者网页设计基础的同学选修。
49613,1741,陈铭,2017-04-20 08:52:15,2,4,2,生物信息学，课上教很多东西，但都不深入，内容有点乱，是很多老师分别上一部分的。陈老师人还是挺好的。
76890,1741,陈铭,2018-04-25 10:26:13,9,18,9,建议同时满足以下条件的同学选修生信导:1.已经修过生物化学/分子生物学；2.已经修过大英四或以上水平英语课；3.已经修过至少一门编程语言；4.不介意把这1.5学分的课当成2+学分来投入，却仍然时常处于懵逼状态；5.不介意提前上课也不介意拖堂；6.不介意教室搬到离寝室超级远的老师办公室旁
78961,1741,陈铭,2018-05-18 01:54:53,-2,2,4,很棒，能学到很多东西
78989,1741,陈铭,2018-05-19 05:59:33,-3,2,5,给分不错
93092,1741,陈铭,2019-01-07 09:13:15,2,3,1,生信导别吧，不是这个专业的就别来浪费时间了，老师很厉害，但是导论真的不适合别的专业的学，大作业是做网页，超级麻烦，之前没接触过的算了吧，太花时间，过于硬核，听课感受不好，虽然成绩没出，但是已经没想法了，早知道退课了，呵呵
97936,1741,陈铭,2019-01-23 02:15:09,6,8,2,如果想要命的话不要选生信！
98889,1741,陈铭,2019-01-24 04:35:20,12,17,5,其他不谈 生物信息学导论真的别选 1.5学分的通识课要占3学分的时间 上课教你1+1 作业要求算100！最后网页几乎没人告诉你怎么做 纯靠自己摸索心态爆炸 算了吧
100934,1741,陈铭,2019-01-27 06:57:59,7,8,1,不想说什么 别选他的课吧  让人有想死的冲动!
102692,1741,陈铭,2019-02-20 23:32:42,4,5,1,生信导 上课无聊作业巨难 特别麻烦全靠自学 出分巨慢 跪了
102695,1741,陈铭,2019-02-21 02:25:39,2,3,1,返校报道了，还是不知道成绩。（龇牙）
102714,1741,陈铭,2019-02-22 02:29:19,1,1,0,返校报道的当天早上十点半出成绩了
111171,1741,陈铭,2019-06-30 08:48:28,1,1,0,自己体会
118599,1741,陈铭,2019-10-29 07:01:51,2,3,1,学校统一放假的时候不放假 回家的票买了也要退\n\n想什么时候改时间就什么时候改\n\n完全不care我们是不是有空的吗
120325,1741,陈铭,2019-11-28 13:37:56,1,3,2,很好的老师
120326,1741,陈铭,2019-11-28 14:05:41,-1,0,1,享受，干货
120327,1741,陈铭,2019-11-28 14:15:55,29,31,2,"听过陈老师的课程，做过陈老师助教的童鞋，觉得有资格回答一波~\n\n先说下缺点吧：\n\n1. 课程内容和作业不是一个难度级别，想水一哈的同学还是算了；\n\n2. 生信课程考试提纲看和没看是一样，硬伤，洗不了；\n\n3. 成绩出得慢。\n\n优点：\n\n1. 老师对本科生很好，上课疑问，来实验室科研，推荐信之类的都ok；\n\n2. 课程提纲挈领，对生物信息领域有大致的了解；\n\n3. 作为不怎么水的通识课/专业课，还是很锻炼自己的。\n\n\n\n回应下一些评论：\n\n有些同学觉得“大作业自己写的分数一般很低，套模板的分数很高”，这个并不求是。大作业的分数构成中美观只有10%，被发现明显用模板的，比如""模板之家""字样的为0分，页面元素能正常加载一般7分，引起舒适的一般9分，所以这部分差距并不大。\n\n\n\n给后面选课的一些提醒吧：\n\n1. 生物信息学导论的大作业是制作小网页，并实现简单的序列分析交互，如果没有编程经验的同学，可能会赶脚较困难，但是欢迎骚扰助教；\n\n2. 生物信息学导论大作业评分标准：网站主页正常进入(20)，HTML元素应用无误(10)，课程内容(10)，Pipeline(10)，动态网页编程(10)，完整性/条理性(20)，美工(10)，心得(10);\n\n3. 这门课程没有那么水，有一定的门槛，一分耕耘一份收获吧，如果你在生物坑的话，对以后的科研方向还是很有帮助的，起码有老师帮你写推荐信了。"
123542,1741,陈铭,2020-06-09 13:55:27,4,4,0,上过老师的生信导和数据挖掘与知识发现。\n\n总体上，老师是个很nice的人，虽然数据挖掘与知识发现基本上不怎么讲课，但会尽可能帮你解决一些问题。\n\n助教们都很耐心 w\n\n\n\nP.s. 关于课程内容：生信导建议感兴趣的同学们学过一些计算机语言的再来选，这样后期编网页的时候会轻松一些；数据挖掘与知识发现，个人感觉比较硬核，需要花时间去自学（也是因为自己之前没怎么了解过数据挖掘方面的知识叭，所以下载软件、调试代码的时候跟同组的同学们挣扎了许久，但完成最后的报告还是比较有成就感的；课上还会碰到很多事神仙大佬）
124081,1741,陈铭,2020-06-23 11:55:56,4,4,0,本人是电脑小白。上生信导感觉还是挺吃力的，花的时间也确实比较多，但是能学到的东西也很多。建议有网页制作基础的同学选。
144935,1741,陈铭,2021-12-26 03:36:37,2,2,0,笑死...
170721,1741,陈铭,2023-03-08 13:02:24,6,8,2,选过陈老师的生信导，干货满满，学习完生信导你将掌握以下技能：\n\n\n\n1.了解html基础，html语法以及常见元素的作用，并能自己制作小网页；\n\n2.能够熟练在网页中调用本地元素，并使用python输出简单的动态网页（了解utf-8编码和GB2312编码）；\n\n3.了解到下列几种生信分析常用软件的作用及其最基本的操作方法：\n\n1）Mega，用于多序列比对和构建进化树；\n\n2）pymol，输入一个fasta格式的蛋白质序列，输出可视化模型并对其稍加修饰；\n\n3）R，用于数据处理计算与制图的专业软件，绘制箱线图，火山图等。\n\n4.了解并学会使用下列几个网站获取信息：Swiss-model，blast，i-tasser.\n\n5.学到高中生物选修课本里的一些知识（真的吗）\n\n\n\n看得出来老师是真的想在导论课上教会我们一些东西，但比起上面这些技能来，我觉得在课上探索试错改错的经历更为可贵，这些经历让人学到的是面对未知的思维方法以及面对失败的正确心态。在生信导课上做网页嘛，就是在曲折和失败中不断前进的过程，陈老师真的有在授人以渔，是真正的大师。\n\n\n\n唯一的缺点是出分巨慢，1月11号上传的大作业，终于在今天，3月8号出成绩。此时已经是春学期第二周转专业都已经结束了。。。可能陈老师是大忙人。。忙点好啊。。。
190074,1741,陈铭,2024-02-19 07:40:52,0,0,0,上完了陈老师的课，我觉得对于想往这方面发展的同学可以选一下，比较排斥计算机就不要选了，最好大二学了python之后再选，因为会用到python写作业，还有html语言来完成学期大作业。
205116,1741,陈铭,2024-12-02 01:05:19,8,9,1,很神奇的一个老师，可能是老了吧，一方面自己思维发散，时不时就开始感慨人生然后攻击在座的同学，什么你们不努力啊，你们不听话啊，为什么不听我讲课，不是你成天抒发你的感慨课都不上我听你说啥，嘿，您可真别说早八我累死累活爬起来上课，您扯淡讲个课程连正题都还没进入就浪费了我40分钟，翘课的人多你点到啊你给在座上课的同学讲我们不努力上课？扯淡30min终于发现没人听开始威胁实验课考期中考试，点人回答问题，您可真行。另一方面态度也不认真，上这节课的别老师都是亲历亲为上课，就您开个直播让别的老师线上讲课还算是你自己讲的，直播开完了也要拖堂批评你几句浪费你10多分钟才放你走。不过我们也要客观，这位老师非常公平，所有在座学生都平等的攻击，无论你是谁，有竺奖还是有助学金，还是说喝没喝过云顶山泉，只要他一开口，那都要被硬控10多分钟，还要被莫名奇妙说不努力不认真。明明是一个经验丰富知识渊博的老师，非要在学生面前摆架子；明明年纪不大，头发茂密，还要倚老卖老，和皇帝比年龄。噫嘘唏，什么时候浙大能少点居功自傲，多点平易近人？\n\n唉，又拖堂了，厕所都上不了QAQ
205572,1741,陈铭,2024-12-09 11:27:29,4,4,0,冬学期上八周的课在第六周公布考核要求\n\n上来就要写十篇文章\n\n没事吧
207530,1741,陈铭,2024-12-23 01:12:12,2,3,1,作为老师自己都不熟悉在讲的东西。两节课，上课能阴阳怪气一节课，剩下一节课“我不想讲”。考试复习课是讲不清的，得揣测老师的喜好。
214575,1741,陈铭,2025-02-13 12:22:41,4,4,0,出分了来骂，讲的依托，给分更是一坨
216643,1741,陈铭,2025-03-20 02:36:39,2,2,0,今年秋冬生信导课作业好了很多，不用写网页了，就是把晚上实验课助教发的代码复现一下截图做成文档，加一篇心得。生信导课总体还是很不错的，特别是晚上实验课学到很多东西，第一次实验课就手把手教了配环境，很有用！助教人也很好，给分也好，就是老师上课废话有点多
217905,1741,陈铭,2025-04-18 01:10:00,1,1,0,上的生信导，助教人好好啊，教了很多东西，真是非常用心在教我们。陈老师也很好啊，和蔼可亲，笑盈盈的。
76703,1796,齐艳华,2018-04-19 00:32:22,0,0,0,超温柔的老师超温柔我好喜欢她啊！！
82392,1796,齐艳华,2018-07-08 05:13:11,0,0,0,为啥木有人评价！
83678,1796,齐艳华,2018-07-11 03:44:23,0,0,0,我是来看分数的
11179,1835,韩凝,2015-11-25 14:53:36,12,18,6,喜欢韩老师～有气质人也nice 任务的话有论文和开卷考 有一个自愿的展示 分数不错
11455,1835,韩凝,2017-06-20 02:08:56,4,6,2,很不错欧！很有趣，给分很好
13927,1835,韩凝,2016-01-02 11:44:39,0,1,1,喜欢韩老师～
27824,1835,韩凝,2016-06-27 17:03:42,-1,0,1,上课蛮好的
27825,1835,韩凝,2016-06-27 17:04:55,0,1,1,还好吧
29199,1835,韩凝,2016-06-29 11:32:06,-1,0,1,还可以吧
37532,1835,韩凝,2016-11-19 09:19:10,0,0,0,出分是真的慢
68612,1835,韩凝,2018-01-23 13:02:06,1,2,1,自愿展示，考试不在考试周，我觉得很棒了～
72367,1835,韩凝,2018-01-30 03:31:29,-3,0,3,各种任务认真对待的话，分也太好了吧！
99976,1835,韩凝,2019-01-25 11:27:20,-2,1,3,老师人很温柔，性格特好，上课也很好，不过因为是中午上课的问题，有点困，听得不多，感觉很对不起老师
99977,1835,韩凝,2019-01-25 11:30:45,-1,0,1,老师的课还是很充实的，有一个展示、小测（两道题）和一份开卷考（不在考试周），同时以给同学的展示打分代替签到。
100268,1835,韩凝,2019-01-26 01:34:30,-1,4,5,老师人超好！虽然我的专业和生物一点关系都没有，但是老师也觉得这样一点关系都没有，感觉是一个真的挺支持学科交叉的老师。认真听课就能长好多见识，事情也不多，就一个展示、一篇3000字论文和一次开卷考，认真做给分就会很好????
100717,1835,韩凝,2019-01-26 15:26:26,0,2,2,老师人很好，课也讲得很好，但是我认真写了论文考了试还额外做了展示最后还是沦落到被正态的下场，给老师发邮件也没有收到回复，不说怎么样吧，就是有点失望
101856,1835,韩凝,2019-01-29 09:38:27,2,2,0,事情好多啊，又被正态
112545,1835,韩凝,2019-07-04 17:24:03,2,3,1,事情真的好多啊 来自文科生的吐槽 最后3.9\n\n上课听不懂太专业 不建议文科生选
112829,1835,韩凝,2019-07-05 04:47:38,4,5,1,虽然老师事情多，但是给分不好啊哈哈哈哈
124391,1835,韩凝,2020-06-30 04:47:03,4,4,0,吐血，3.3，想知道老师怎么给的分。论文认真写了，考试也认真做了。喜提历史最低分。文科生劝退吧。真的不友好。绝了。
124394,1835,韩凝,2020-06-30 05:05:06,2,2,0,3.3，我吐了
131275,1835,韩凝,2021-01-27 02:39:07,0,2,2,真的服了，论文写了一万字，课堂展示准备了一个星期，测验也在好好准备，已经做到一个文科生的极致了，谁能想到最后是3.3呢？谢谢您嘞，以后再也不会学生物类的课了。
134542,1835,韩凝,2021-04-01 03:57:46,1,1,0,就呵呵呵
135706,1835,韩凝,2021-05-20 03:28:14,1,1,0,事情真的多，感觉就只需要学她的课
142702,1835,韩凝,2021-11-15 08:56:17,4,4,0,均绩4.5被拉到4.1快逃!!!!!\n\n虽然老师很有气质很温柔
143750,1835,韩凝,2021-12-04 07:47:30,0,0,0,课还算水，但给分也真的很一般
201255,1835,韩凝,2024-10-31 00:25:36,0,0,0,别的课不知道，但是基因工程技能训练老老实实跟着老师做，最后实验报告也没有很麻烦，时间也很宽裕，给分很好
100878,1864,杨小杭,2019-01-27 03:59:49,1,1,0,。。。
86475,1911,李永泉,2018-09-17 00:05:13,0,1,1,第一节课就点名...
87498,1911,李永泉,2018-09-30 02:09:54,0,1,1,本身肯定是有学术才能的，但不适合讲基础的内容，讲得很简略。
87584,1911,李永泉,2018-10-08 00:38:47,0,0,0,困（还得努力听懂他说的是啥）
88818,1911,李永泉,2018-11-09 02:26:56,0,1,1,语速超级慢，自己也说不清楚。反正都是自学，还不提前发ppt，美其名曰
117466,1911,李永泉,2019-09-25 00:38:57,1,1,0,讲课内容与教材内容严重不符，书上很多都不讲，经常讲着讲着就不知道飞到书的哪里了。普通话不好，听课费劲
126991,1911,李永泉,2020-11-02 02:46:10,1,2,1,老师非常的可爱，喜欢和我们唠嗑。讲东西也是深入浅出，经常用一些很生动的比喻来和我们讲解。每节课应该都会点名。感觉学术水平也很厉害的亚子？有时候就是感觉容易讲跑题hhh而且不是特别深入
141329,1911,李永泉,2021-09-30 00:30:00,0,0,0,老师虽然语速慢，但是还是很认真的。下课有问题都会认真回答。但是基本上每节课都要点名
143938,1911,李永泉,2021-12-13 12:29:30,1,1,0,口音很烦
170856,1911,李永泉,2023-03-10 13:33:02,4,5,1,22—23秋冬上的生化甲。没有点名，一次也没有。老师上课还是很有意思的，会分享他的科研经历 讲一些有意思的事情。对学生也很耐心，有问必答。也不鼓励死记硬背，会留几道课后题，不用交。讲课的方式比较提纲挈领，会给人一种这些知识都好简单啊的错觉（×）。讲的快还经常提前几分钟下课。期末考试我觉得还是刷考研题比较有用，有很多原题，出题老师都很懒的样子…总的来说觉得是不错的老师。
199247,1911,李永泉,2024-09-20 01:24:30,0,1,1,史
339,1919,常杰,2015-03-15 01:04:26,27,39,12,吃翔一样的体验
683,1919,常杰,2015-03-15 11:56:05,56,62,6,吃翔还要逼你说好吃一样的体验
6199,1919,常杰,2015-07-12 02:46:53,-5,6,11,思维开阔，但有时会有些偏执
6626,1919,常杰,2015-07-16 14:47:20,-16,2,18,牛
7879,1919,常杰,2015-09-16 02:15:16,-28,1,29,不错哦
18788,1919,常杰,2016-01-22 14:01:04,-17,3,20,其实还可以...
28277,1919,常杰,2016-06-28 08:25:14,7,9,2,班里人少，老师都认得的。学识满分，但是说话就是让人浑身不舒服，时常布置一些明明很有意义，但是因为老师不明说要求，所以做出来被喷的作业。对了上课不让用3C产品，查资料也不行。
29799,1919,常杰,2016-06-30 10:32:36,-8,5,13,室友说他上课的腔调像说话先生233知识炒鸡丰富，各种天南海北信手拈来。但是有的时候有点讨人厌hhh
60786,1919,常杰,2017-10-30 06:00:11,27,27,0,上课无聊，不讲课本上的知识点，考试成谜，作业要求不仔细说明，感觉上课睡觉都是浪费睡觉时间。
74698,1919,常杰,2018-03-05 07:13:00,7,7,0,上第一节课就点名，上课不让用任何电子产品，上课很乱，上了一节果断退。
76567,1919,常杰,2018-04-15 09:57:14,9,10,1,老师好像懂得挺多的，但是说话让人浑身难受，而且PPT做的谜一样，课本也不知道该翻来哪一页。逻辑什么的不存在的，听了半天也不知道在讲什么。批评我没有生态学思维，可是我真的不知道他在讲什么，也不知道生态学是什么思维啊喂。还不许用手机电脑，真的很煎熬了。
115455,1919,常杰,2019-07-25 02:59:20,6,6,0,难受得很
116659,1919,常杰,2019-09-16 08:17:12,-7,4,11,其实老师还好，只是不太懂得如何上好课。
116803,1919,常杰,2019-09-16 03:22:52,7,7,0,垃圾老师！慎选
117166,1919,常杰,2019-09-20 03:09:35,13,13,0,说话南腔北调，有浓重的南方东北口音，ppt和课本很怪，上课p事多。\n\n老师人清傲不群，见识阅历都很丰富，但是不讨人喜欢。
117378,1919,常杰,2019-09-23 13:56:23,11,11,0,上课不知道在讲啥，都在扯些有的没的，还不如自学。
117380,1919,常杰,2019-09-23 14:18:24,13,14,1,朝令夕改，不知所云。
117701,1919,常杰,2019-09-29 08:05:34,24,24,0,真的这是我到现在为止上课最垃圾的老师，作业要求根本就不讲清楚，一个作业要我们该三次交三次，要求还变本加厉。上课就在那扯些没用的犊子，做个小丑也无趣至极。教材市场上都不印，而且编得真的是稀烂。真应该学生联名把这老师赶走！
117704,1919,常杰,2019-09-29 12:31:23,34,34,0,恶评和真实情况完全一致...
117843,1919,常杰,2019-10-05 02:35:46,14,14,0,真的垃圾，作业时间说改就改，国庆突然叫你七号上午交作业刺不刺激呵呵。最常见操作就是突然布置作业叫你马上交还根本不管你第二天满课那种。上课也完全不讲书七扯八扯，我遇到过最垃圾的老师
120874,1919,常杰,2020-01-18 02:30:01,33,33,0,生态周期律常杰列夫名不虚传\n\n真没必要教书啊 抱着你自己那点民科成果梦里得诺奖多有意思呢
120881,1919,常杰,2020-01-18 05:35:10,-25,5,30,很好的老师
125661,1919,常杰,2020-09-12 16:41:47,7,7,0,评分咋还没到1分
126979,1919,常杰,2020-11-01 11:50:15,21,22,1,一个星期内让你调查一年内教室的平均温度变化，你给我调查一个看看
139570,1919,常杰,2021-07-17 11:12:38,7,7,0,上课迷，给分差
145831,1919,常杰,2022-01-03 05:14:17,15,15,0,他怎么还有2.4分的？我上过最吃屎的课就是cj的生态！！！！
146476,1919,常杰,2022-01-06 15:55:56,9,10,1,快跑。
150524,1919,常杰,2022-01-29 02:13:50,6,6,0,极品人渣
159196,1919,常杰,2022-07-07 15:45:23,24,24,0,生科院果然水深王八多
162193,1919,常杰,2022-11-17 13:08:26,14,14,0,成天吹牛逼，种族歧视，侮辱大体老师。自己搞个生态，结果让学生做的实验连一丁点科学基础都没有，还对人家化学物理大放厥词，我愿称之为屑中屑。
162534,1919,常杰,2022-11-24 15:08:11,4,4,0,垃圾老师，借着老师的一张皮把学生当猴耍，却没有作为一个老师该有的业务能力，配吗？
162628,1919,常杰,2022-11-30 03:48:25,3,3,0,谁上谁知道
168309,1919,常杰,2023-02-10 10:42:33,15,17,2,cj爱吃gy的敬业😋
169056,1919,常杰,2023-02-24 06:57:24,4,4,0,生态学答辩之一
170899,1919,常杰,2023-03-11 13:48:23,6,6,0,垃圾垃圾垃圾中的战斗机。他正常说话的时候，就像胸腔中有一团随时可能咆哮出来的怒火，被嗓子封住了，但是又撕开一个杂乱的口子，声音就从那个口子里出来，沙哑、怪异。咆哮的时候，就是那个口子打开了，怒火冲出来了。
171471,1919,常杰,2023-03-25 07:10:35,1,1,0,逆大天
172914,1919,常杰,2023-05-10 02:09:27,1,1,0,生态学三大魔鬼之一，妖魔鬼怪快离开妖魔鬼怪快离开……
175138,1919,常杰,2023-06-22 01:09:10,0,0,0,“成绩严格正态，上课学生平均分数在75分”How dare you!怎么敢把这句话写在课程介绍里的！生态甲还搞垄断，搞你嘛呢！
178791,1919,常杰,2023-07-23 04:07:08,1,1,0,给爷爬
206501,1919,常杰,2024-12-15 14:42:03,0,0,0,一坨史
208428,1919,常杰,2024-12-27 13:13:00,0,0,0,不行啊
9364,1928,陈欣,2015-10-24 13:16:30,7,11,4,相当棒
18393,1928,陈欣,2016-01-21 14:17:59,5,5,0,不错.
27840,1928,陈欣,2016-06-27 19:49:23,2,3,1,人很棒，师德高尚
33762,1928,陈欣,2016-09-21 11:28:44,-26,4,30,态度不好
49976,1928,陈欣,2017-04-28 02:11:31,6,6,0,喜欢！虽然很喜欢中文掺着英文一起讲但是好可爱噢hhh
56095,1928,陈欣,2017-07-03 05:02:07,4,4,0,老师是我见过最优雅的女老师，学识也十分丰富
65366,1928,陈欣,2018-01-03 11:22:04,3,4,1,可爱 ?
65419,1928,陈欣,2018-01-04 00:51:34,4,4,0,很好很好
82978,1928,陈欣,2018-07-09 11:44:39,5,5,0,很好的老师，课件做的很用心很好看。后悔平时没有好好听课
112986,1928,陈欣,2019-07-05 17:16:35,5,10,5,生态学大实验课程很好，能学到很多，但是对自己优秀的组员yuchengxiao，不知道竺院为什么会要你这种人，希望你的付出配得上你的成绩
139799,1928,陈欣,2021-07-27 15:27:22,5,5,0,非常棒的老师，老师备课非常用心，ppt清楚，关心学生。比实验课某老师不知道好了多少倍呢呵呵呵呵……
182281,1928,陈欣,2023-11-14 03:49:06,4,4,0,陈欣老师真的超级超级好，人美心善，上课也很有意思，比另外某些不知所云一节课点n次名的老师好一万倍！！！求求生科院能不能把某些老师从授课名单里面删掉啊，我只想上陈欣老师的课
209818,1928,陈欣,2025-01-07 07:30:29,0,1,1,谁懂现在真的很喜欢陈欣老师！！她会引导我们thanking（哈哈 各种有趣的点，并且很尊重我们的思考，哪怕我们想法很肤浅她也鼓励珍视，而且很温柔很细心，对学生很好呀 钉钉发消息也温温柔柔的～有祝福还让我们劳逸结合
6177,1971,郑绍建,2015-07-11 15:51:11,12,12,0,帅炸:))
32866,1971,郑绍建,2016-07-19 13:35:49,3,4,1,帅飞啊
79195,1971,郑绍建,2018-05-27 02:17:54,5,5,0,人帅就够了！
106713,1971,郑绍建,2019-04-29 05:03:08,4,4,0,我感觉郑老师好帅啊，双眼皮的老男神！上课也很有趣。
109561,1971,郑绍建,2019-06-17 04:12:37,1,3,2,听得出老师很喜欢自己的工作，很认真在教课。反正我喜欢！
140914,1971,郑绍建,2021-09-17 20:05:51,1,1,0,好帅好帅
172919,1971,郑绍建,2023-05-10 02:29:48,-1,0,1,太帅啦
173377,1971,郑绍建,2023-05-22 04:16:12,0,0,0,很牛，深入浅出，人也帅
18996,2011,于明坚,2016-01-23 02:27:43,-98,12,110,超级可爱的老师～喜欢他
32802,2011,于明坚,2016-07-14 13:11:24,-93,11,104,风趣幽默，人特别好
34772,2011,于明坚,2016-10-21 04:08:59,75,82,7,自以为是，对什么都品头论足，还随手布置繁重任务，太差劲
49675,2011,于明坚,2017-04-23 09:51:16,11,13,2,说的我口水又要流下来了
57933,2011,于明坚,2018-11-05 14:06:18,17,20,3,不尊重学生 毫不在意学生隐私
58158,2011,于明坚,2017-08-11 06:20:47,-10,7,17,
62107,2011,于明坚,2017-11-22 11:55:12,25,28,3,自以为是，生态学实习课什么都没学到，就是看他在各种场合因为各种原因发脾气了8天，暑假的小学期课程到冬学期开始了还没登成绩?
75751,2011,于明坚,2018-03-16 06:57:31,20,22,2,六个点代表内心
108383,2011,于明坚,2019-05-22 10:47:17,32,35,3,傻逼玩意，实习不知道在安排什么东西
108526,2011,于明坚,2019-05-27 16:25:24,30,33,3,无能狂怒说的大概就是这种人了
109004,2011,于明坚,2019-06-05 09:20:59,44,45,1,野外实习让我认识到他是个垃圾。
124949,2011,于明坚,2020-07-25 09:54:25,15,16,1,恶心至极
128040,2011,于明坚,2020-12-04 03:19:40,10,12,2,1分多了
139534,2011,于明坚,2021-07-17 06:14:30,28,30,2,回想起了被高中教导主任训话的恐惧
139536,2011,于明坚,2021-07-18 08:29:10,115,120,5,生态学实习我笑死，不知道说什么好。。\n\n来改评论了\n\n损你妈呢，千岛湖的笋都让你丫吃光了？\n\n天气很热他刚做了胃镜嗓子不舒服不能讲话太大声怕后排听不到，就关了一排的风扇让一列同学跟他一起热，然后说我宁愿热一点，接着开始讲适应恶劣条件的能力才是一个人真正的能力？然后又说电视剧，扯出一句“国民党是最没用的党”，舔也不至于这样舔吧😅\n\n说我们不举手不够勇敢，不能适应恶劣环境，我们只是不想理你谢谢😅\n\n我又来改评论了，我们效率高干活干的快，他来的时候我们已经没事做了，助教姐姐怕我们被批评开始教我们分析数据，他拍了两张我们听讲的照片发到群里然后，回头又跟助教说他们怎么没有事做？下午让他们跟着去样地爬山去。\n\n全野外实习最大的死妈玩意儿，未完待续明天接着更😅\n\n哦对野外实习之前他的评分还是3.44来着，神他妈就你也配？😅你觉得老师应该高于学生，学生不应该给老师打分，我只能说，你当我老师你不配，整天跟个狗官一样穿着拖鞋腆着肚子来视察？对什么都评头论足就你最牛逼好了吧，每天喝酒喝到十点多咋不把你喝死去呢，还做胃镜，胃不好真是你自己活该自己作的😅本来我们考完试直接来植物动物实习已经很累了，你觉得我们跟你一样每天都有小酒喝是不是，抱歉我们不喝酒，我怕喝的跟你这个傻逼一个样子😅我们缺乏锻炼是不是，也没见你把你肚子上的油抽上几升出来啊\n\n狗官模样，我们花75块买来的一学分就是给你打工来了？傻逼东西，您才是最大的利己主义，几十个同学的时间都为了你一个人浪费掉了死妈东西😅\n\n\n\n很好，我真的单纯以为就是来爬个山，结果是他找了更多的人干活😅傻逼，这么多人为了你一个人花时间\n\n\n\n爬完山了，真是锻炼身体，完全没有路的山，男生倒还好，你让女生爬个锤子？组里的女生没有男生帮忙就完全是被伯伯们拎下山的？真给人整笑了😅你要是圆滚滚的滚下山很容易很轻松麻烦你不要把自己大蚕蛾的体型优势直接同理到别人身上
139537,2011,于明坚,2021-07-17 06:28:26,10,11,1,好烦啊……
139540,2011,于明坚,2021-07-21 01:36:49,41,45,4,评价一点没错 真的就是垃圾...为什么学生给你打低分心里没点数吗无语\n\n太好笑了，最后的研究报告根本提不出问题，水平好菜啊，人家分析了那么多你就只会挑表述问题讲，什么实质性问题也提不出来，真的不用硬问
139541,2011,于明坚,2021-07-17 06:41:09,9,11,2,yue了
139542,2011,于明坚,2021-07-17 06:41:12,11,12,1,呕—————————
139543,2011,于明坚,2021-07-17 06:49:12,99,103,4,首先是犯下傲慢之罪的于明坚，仗着自己的身份在学生头上作威作福。神降下了他的责罚，短路烧坏了于明坚的投影仪。
139544,2011,于明坚,2021-07-17 06:53:20,-53,7,60,好老师!
139545,2011,于明坚,2021-07-17 06:44:58,187,206,19,长的好似那个没有翅膀的大蚕蛾，白白胖胖的身躯里切开不过是无意义的排泄物和一颗黝黑的心，两瓣厚香肠一样的嘴唇一开一合发出聒噪的喊声，好似给亲妈哭丧一般激动人心，真想一针乙酸乙酯扎进去让他感受一下极乐的天堂。😅 😅 😅 😅 😅
139546,2011,于明坚,2021-07-17 06:58:15,9,12,3,确实离谱
139551,2011,于明坚,2021-07-17 07:48:16,8,13,5,这个老师比千岛湖这阴间地方还阴间
139553,2011,于明坚,2021-07-20 04:22:59,18,19,1,不说话
139622,2011,于明坚,2021-07-18 11:32:17,-55,4,59,生态学讲得真好！\n\n就是有点招雷！
139644,2011,于明坚,2021-07-19 15:23:12,9,12,3,确实狗
139659,2011,于明坚,2021-07-19 14:22:53,50,55,5,太对了，觉得我们野外工作量小，数据做完了还要出门采样，说你是蚕蛾都抬举你了😅😅😅😅😅😅
139660,2011,于明坚,2021-07-19 14:33:34,113,121,8,如果一个房间里有常杰，马里奥和于明坚，给我一把枪和两颗子弹，我会杀于明坚两次。
139661,2011,于明坚,2021-07-19 14:43:56,53,54,1,自己陪陪领导，吹吹空调，逛逛千岛湖，说学生野外工作量小，让我们原定写论文和PPT的最后一天还出去采样，我谢谢您嘞🙄☺
139662,2011,于明坚,2021-07-19 15:23:00,14,16,2,你马没了
139663,2011,于明坚,2021-07-19 15:23:39,58,60,2,我明天直接在nm的坟头测nm的坟头草的植物多样性
139665,2011,于明坚,2021-07-19 15:39:16,12,13,1,🤮🤮🤮🤮
139666,2011,于明坚,2021-07-19 15:45:12,37,38,1,曾经的我一直相信查老师的评分存在幸存者偏差，直到遇到了ymj。\n\n在这里问候您全家了😊😊😊
139667,2011,于明坚,2021-07-19 15:56:12,23,24,1,🤮 🤮🤮🤮🤮🤮🤮🤮🤮🤮🤮🤮🤮🤮🤮🤮🤮🤮🤮🤮🤮🤮🤮🤮🤮🤮🤮🤮🤮🤮🤮🤮🤮🤮🤮🤮🤮🤮🤮🤮🤮🤮🤮🤮🤮🤮🤮🤮🤮🤮🤮🤮🤮🤮🤮🤮🤮🤮🤮🤮🤮🤮🤮🤮🤮🤮🤮🤮🤮🤮🤮🤮🤮🤮🤮🤮🤮🤮🤮🤮🤮🤮🤮🤮🤮🤮🤮🤮🤮🤮🤮🤮🤮🤮🤮🤮🤮🤮🤮🤮🤮
139668,2011,于明坚,2021-07-19 16:01:02,16,18,2,形式主义的SB老师
139669,2011,于明坚,2021-07-19 16:07:38,13,14,1,杀笔沙比啥比达莎比
139673,2011,于明坚,2021-07-19 16:20:40,-19,9,28,非常感谢于老师让我的野外实习变得无比充实且充满意义，恕在下文学功底有限，想不出优美的语句语句来表达内心的感激之情。（手动doge）
139677,2011,于明坚,2021-07-20 00:56:58,5,11,6,神他妈的于明坚，神他妈的助教。
139679,2011,于明坚,2021-07-20 01:34:29,10,12,2,控制欲极强
139690,2011,于明坚,2021-07-20 03:54:10,8,11,3,极品大蚕蛾
139692,2011,于明坚,2021-07-20 04:59:11,22,24,2,从高中开始，生物老师教课就极不认真，讲话都讲不清楚，让我对生物极其反感。进了大学，常某和于某某进一步加深了我对生物的厌恶，尤其是生态学这门学科，成了我糟心的代名词，一辈子抹不去的阴影。
139714,2011,于明坚,2021-07-21 02:45:41,37,38,1,每当我看着这大蚕蛾圆润而且略显黯淡无光的脑壳儿，我都想像印度洗头般的先摸上一圈再啪的一下扇在🦋的脑壳儿上，我想，这一定很响，也很脆，于老师我觉得很好，好到我想给他举办最为隆重的天葬，只可惜没有崇高的老鹰与狼，只好选择zhu这种毕竟配得上老师身价的“神宠”，毕竟之后还能再生产出来为您的生态学大业做出奉献。
139780,2011,于明坚,2021-07-26 10:09:55,6,7,1,
140332,2011,于明坚,2021-09-09 05:54:44,16,19,3,我只想评0分
156003,2011,于明坚,2022-06-17 05:32:36,75,81,6,“……你的身份？”\n\n“我建议象这类问题，最好是班长来问。”
158204,2011,于明坚,2022-06-27 12:56:08,18,23,5,明坚语录：小日本这种狗东西也想统治世界[doge]
158228,2011,于明坚,2022-07-04 10:41:40,42,45,3,无法睡觉？
158465,2011,于明坚,2022-07-05 06:29:24,40,43,3,看我们舒服点比你挨骂还难受是不是？
158891,2011,于明坚,2022-07-03 04:57:10,32,36,4,哈哈哈哈哈哈哈 中年油腻铜臭男 给我贫瘠的岛屿生活增添了不少笑料\n\n希望这种人永永远远滚出学界
158924,2011,于明坚,2022-07-03 10:54:42,23,25,2,🤮🤮🤮
158925,2011,于明坚,2022-07-03 11:10:39,30,31,1,蚕蛾的美丽母亲的魂在民宿中蹦迪\n\n风吹树叶的声音是蚕蛾庆祝母亲去世的歌声\n\n给婊子🐴带来生命的尿液\n\n给蚕蛾和🦋的美丽脑门带来薄薄的生物腊\n\n给千岛湖带来庞臭和蚕蛾发酵的酒香
158926,2011,于明坚,2022-07-03 11:45:59,28,30,2,天目山的过来看看大家的文笔😂被大蚕蛾支配的千岛湖同学们遭罪了[捂脸]
158930,2011,于明坚,2022-07-03 12:06:32,41,44,3,傻逼于明贱，其余的都不说，之前他很多的操作都忍了。今天实在忍不住，凭什么我们花自己的钱去加餐，要被助教说一顿。餐标的规定是什么时候定的，你他妈在基地喝酒吃香的喝辣的，我们在干嘛。还他妈说和我们都一样。不知道这个逼这么多年怎么没被人举报，妈的就不配做个人！！活脱脱一个傻逼，还自以为是认为是一个“教育家”，就是说你可以很严格，但是你他妈的不能打着锻炼学生的名号来恶心我们！！！！！
158965,2011,于明坚,2022-07-04 04:23:42,20,20,0,QTMB
158970,2011,于明坚,2022-07-04 04:56:24,-15,7,22,差不多得了
158992,2011,于明坚,2022-07-04 09:49:29,12,15,3,官僚 快逃
158993,2011,于明坚,2022-07-04 10:00:16,25,30,5,强烈建议查老师出零分！给一分真是抬举它了。\n\n“我就是个大寄生虫，就要找个大佬傍着。”\n\n只能说是sb透顶。\n\n学弟学妹快跑！
158994,2011,于明坚,2022-07-04 10:17:02,31,32,1,对不起，是我们闯入了物种多样性格外丰富的千岛国度
158997,2011,于明坚,2022-07-04 10:40:02,17,18,1,好你个大蚕蛾
158998,2011,于明坚,2022-07-04 10:40:06,19,22,3,大傻逼
158999,2011,于明坚,2022-07-04 10:52:30,37,39,2,糙你妈CAO你爸艚你祖宗屮你后人CAO你全家\n\nshab蚕蛾 \n\n不配为人，拿你🐴的b眼换千岛湖皇帝还有脸上岛放你那春秋狗屁？官僚主义滚出大学好吗，膏油满地流的蚕蛾我是真想拿乙酸乙酯给你憋死然后拿你档底下那根金针戳到你全家的棺材板上。憋腻嘛酒后上台清嗓子大放厥词了，你那被艚斯的母亲烂家里了，等着你出bin殡呢。\n\n还半军事化管理，我直接把你头塞酒精管里，喜欢烂酒是吧，让您在无水乙醇里灌到死，见到酒跟见到这世界上最后一根dIck一样死命抱住不放，不知道的还以为那杜康家里养的猪是你家十八代祖宗呢，哦对不起想起了了你没有祖宗，你是从千岛湖那树上孵出来的千年罕见的巨型蚕蛾，肥膏流油来祸害人间
159000,2011,于明坚,2022-07-04 10:49:02,19,22,3,能选李攀，就不选土皇帝
159002,2011,于明坚,2022-07-04 10:55:42,20,21,1,阁下，和这样的虫豸在一起，怎么能搞好实习呢！
159003,2011,于明坚,2022-07-04 11:03:29,45,46,1,于老师是一个非常正直的人，对学生一视同仁，把他们都当成臭虫看待
159008,2011,于明坚,2022-07-04 12:13:26,-29,2,31,你是我的神
159009,2011,于明坚,2022-07-04 12:18:10,28,29,1,建议严查实习经费
159021,2011,于明坚,2022-07-04 13:19:47,61,64,3,孤蛹者 ——致千岛湖的蚕老师[亲亲]\n\n他 出自蚕蛹\n\n他高贵的身份 他的酒肉\n\n是应该的\n\n他 满头光油\n\n是优秀的讲师\n\n喝到手抖\n\n讲得作呕\n\n他觉得 没见过老鼠竟是一种罪过\n\n他觉得 交了钱也无妨 学生就得低头\n\n教学不是教书育人\n\n作威作福才是真的教授\n\n谁说变态的蚕蛾不算英雄\n\n看你杯酒过肚肠 \n\n看你畜生的模样 \n\n看你千岛湖称王 \n\n领导前装猫\n\n懂你高贵的皮囊\n\n身份不同于凡响\n\n懂你贡品不够量\n\n怒把学生嘲\n\n吃吗 配吗 这民宿的食物\n\n听吗 听啊 从早到晚讲座\n\n全都怪那愚钝助教与学生\n\n谁说一点三九不是好教授\n\n\n\n                   选自朵朵《孤蛹者》
159033,2011,于明坚,2022-07-05 02:11:01,23,24,1,于老师，更喜欢酒吗？让我们医学生给你静脉注射酒精，直针到心不过胃，爽到离谱，百分百的，喜欢吗于老师？
159034,2011,于明坚,2022-07-10 09:17:34,24,26,2,天目山实习发来唁电[笑哭]
159035,2011,于明坚,2022-07-09 05:43:42,10,12,2,垃圾他妈夸垃圾，好垃圾\n\n浙大竟然有如此蚕蛾\n\n还好意思说野外实习经费是他跟丁平出，不都是学生的钱吗
159044,2011,于明坚,2022-07-05 04:27:01,7,10,3,坚と奸蛾の神经し
159075,2011,于明坚,2022-07-05 15:41:38,20,22,2,跑！！！！！！！！！！！！！\n\n跑！！！！！！！！！！！！！！！！\n\n跑！！！！！！！！！！！！！！！！！！！！！！！！！！！！！！！\n\n整个生科院的下限\n\n不要来他们实验室轮转，不要来千岛湖实习，不要联系他毕设，更不要报他研究生，快跑！！！！！！！！！！！！！！！！！！！
159083,2011,于明坚,2022-07-06 02:49:48,13,16,3,什么时候才能到1呢
159090,2011,于明坚,2022-07-06 04:39:25,26,29,3,老师们只是一人吃两个鸭翅，都不够吃，你们可是一人碗里都有好几片茄子啊！！
159125,2011,于明坚,2022-07-06 13:22:28,15,18,3,ymj你就是个煞笔，突发奇想打乱安排，占用时间去搞课题轮转，原课题给一天做PPT论文和展示，小学期的安排你安排了个寂寞吧，每次发通知改通知一拍脑子就决定，果然是千岛湖的土皇帝，天天喝酒压榨学生还不够吗，还说什么你的作用比我们的大，啊对对对怎么不抱着你那蚕蛾的身材去爬山采样啊[吐血]
159163,2011,于明坚,2022-07-08 06:34:52,38,40,2,于只是一个缩影，折大生科院上上下下烂透了
159204,2011,于明坚,2022-07-08 04:44:15,16,18,2,自己尚且不会做人，如何教导学生
159228,2011,于明坚,2022-07-08 10:51:24,9,12,3,吐了。
159237,2011,于明坚,2022-07-09 03:14:48,7,10,3,烂人\n\n臭人\n\n废人
159244,2011,于明坚,2022-07-09 05:46:48,4,6,2,答辩着实恶心到了，只会问PPT和图片的格式，对致谢部分非常专业
159245,2011,于明坚,2022-07-09 05:49:43,6,8,2,“低血糖，喝口酒就好咯”\n\n如果能去天目山，千万千万别来千岛湖，大蚕蛾会是你一生的阴影
159275,2011,于明坚,2022-07-10 10:00:19,5,5,0,垃圾，滚出浙大
171470,2011,于明坚,2023-03-25 07:10:03,1,3,2,逆大天
173223,2011,于明坚,2023-05-16 06:18:58,1,2,1,这人不行
173583,2011,于明坚,2023-05-29 11:26:50,6,8,2,好你个大蚕蛾！
176822,2011,于明坚,2023-06-30 09:09:58,-1,1,2,笑死🤣👉
176956,2011,于明坚,2023-07-01 01:14:46,2,4,2,蠹虫一个
178436,2011,于明坚,2023-07-11 13:52:18,1,1,0,呵呵呵呵
178933,2011,于明坚,2023-08-02 06:03:38,-4,3,7,比某夫妻黑店好太多
183723,2011,于明坚,2023-11-29 08:07:58,3,4,1,逆天老师，千万别去千岛湖
197458,2011,于明坚,2024-07-15 15:24:02,2,6,4,有些吃饱了没事干的于明坚，天天对我们的事情指手画脚。一头大蠢驴，天天胡折腾，迟早要完蛋。
168,2041,姜维梅,2015-03-14 16:22:33,56,61,5,和蔼可亲
15169,2041,姜维梅,2016-01-12 11:00:25,17,19,2,简直棒
17349,2041,姜维梅,2016-01-22 08:26:41,14,16,2,给分真好\n\n
21014,2041,姜维梅,2016-02-10 03:51:24,23,26,3,给分真的。。。高
28328,2041,姜维梅,2016-06-28 08:35:39,49,49,0,太喜欢这个老师了！听老师的课感觉全世界都是老师家后院，总是讲得兴致勃勃的样子，听课都精神了起来！
40117,2041,姜维梅,2016-12-29 08:34:49,10,12,2,超级棒最后给思考题当考试
47101,2041,姜维梅,2017-06-13 09:16:27,-21,2,23,给分很差
48770,2041,姜维梅,2017-03-12 15:16:03,6,6,0,春意盎然
60186,2041,姜维梅,2017-10-12 09:30:13,0,5,5,讲的太快了
68853,2041,姜维梅,2018-01-24 03:40:02,7,8,1,老师真的学识渊博，并且超级热心亲切~
71817,2041,姜维梅,2018-01-29 03:48:28,7,7,0,超级厉害啊，什么植物都能介绍
76042,2041,姜维梅,2018-03-25 12:27:19,13,14,1,我只是帮她刷到9分。。。强迫症。。。
90244,2041,姜维梅,2018-11-22 16:37:36,4,4,0,我也想刷到9分
90245,2041,姜维梅,2018-11-22 16:38:45,-7,1,8,葛★★最帅
93817,2041,姜维梅,2019-01-14 02:07:29,4,4,0,超级棒
94467,2041,姜维梅,2019-01-16 15:07:48,9,9,0,姜老师是真的很热爱植物，听她讲课整个人都兴致勃勃，我超爱她的！
94568,2041,姜维梅,2019-01-17 08:29:19,4,4,0,日常为姜老师打call
99202,2041,姜维梅,2019-01-24 11:46:43,1,1,0,很棒啊
99206,2041,姜维梅,2019-01-24 11:51:26,2,2,0,挺好的，生机勃勃
99221,2041,姜维梅,2019-01-24 12:44:48,0,1,1,老师人真的很好，至于给分，其实你自己考得差 老师不调分也怪不了老师吧…
102191,2041,姜维梅,2019-01-31 08:31:58,0,0,0,老师超赞！
108879,2041,姜维梅,2019-06-03 13:39:19,2,2,0,老师对这个学科是真的热爱，很耐心。\n\n
110726,2041,姜维梅,2019-06-28 05:48:04,5,5,0,我爱姜老师.！地地道道的山东人，讲起课来有一种让人全神贯注根本不想干其他事的魅力！
112519,2041,姜维梅,2019-07-04 16:17:13,2,3,1,我爱您老师，能别让我挂科好吗
113183,2041,姜维梅,2019-07-06 01:17:30,0,0,0,超温柔
118649,2041,姜维梅,2019-10-30 04:09:32,0,2,2,知识渊博
123494,2041,姜维梅,2020-06-09 07:01:22,21,21,0,个人认为老师在植物学的学术、人文、和美的欣赏方面达到了极高的水准，上课时候如沐春风，让本就对植物学感兴趣的我更加对此着迷，研究生好想去老师的实验室！！！入学第一个满分就给老师了。
125673,2041,姜维梅,2020-09-13 00:56:56,1,1,0,好好好
125726,2041,姜维梅,2020-09-13 14:49:24,-4,1,5,植物学给分很好
126290,2041,姜维梅,2020-09-22 02:38:49,1,1,0,老师讲得很好就是快了点 课件做的跟详尽，但是感觉要想绩点高还是要课后好好复习的（我还没考）
131701,2041,姜维梅,2021-01-28 13:25:05,1,1,0,老师人超好，知识很渊博，人也很可爱呀
133632,2041,姜维梅,2021-03-03 04:25:27,14,14,0,这才是植物还有的温婉
133909,2041,姜维梅,2021-03-09 10:48:11,11,11,0,真的超好！上的植物学，老师讲的不错！实验课的时候只要有疑问，都会过来耐心解决！！认真根据提纲复习，最后给分也超好的！
141568,2041,姜维梅,2021-10-15 02:07:34,1,1,0,老师好得很
145830,2041,姜维梅,2022-01-03 05:12:30,15,15,0,姜老师我滴超人！植物学和14天野外实习都是她带的，老师知识渊博生动有趣关爱同学，我感觉看到了妈妈呜呜呜
145890,2041,姜维梅,2022-01-03 16:51:20,0,2,2,老师人不错可是植物学这课怎么背啊……又多又乱
147396,2041,姜维梅,2022-01-10 02:34:24,8,9,1,明天考试，求不挂
148595,2041,姜维梅,2022-01-13 02:46:33,1,4,3,好的同学~
148669,2041,姜维梅,2022-01-13 07:16:31,8,9,1,老师上课真的好和蔼…谢谢老师，太会捞了，大一新生滑脚进这个植物学还被捞上4.2，，谢谢您老师
157139,2041,姜维梅,2022-06-22 04:36:25,9,15,6,我太菜了，只有90，愧对姜老师一学期的谆谆教诲😭
157645,2041,姜维梅,2022-06-24 07:46:16,4,4,0,心目中最好的老师之一
157712,2041,姜维梅,2022-06-24 12:12:21,3,3,0,老师讲课讲的好好！！！！！！！！
161345,2041,姜维梅,2022-11-04 09:25:16,2,2,0,老师很好很温柔
165522,2041,姜维梅,2023-01-08 02:09:56,0,0,0,植物学乙 老师讲课很温柔，会认真解答问题，每次考前也都有提纲，可以发给老师看
167142,2041,姜维梅,2023-01-15 04:17:19,1,1,0,老师人很好很温柔，讲课讲的也很好（可惜我不是听课的好学生），感觉老师是真心热爱植物，对植物感兴趣的同学冲冲冲
167406,2041,姜维梅,2023-01-16 06:21:17,0,0,0,大学生物学出分来评。这个课风评不是很好，平时没什么事，但期末要背的东西比较多。提前准备会轻松一些。姜老师讲课比较平和，有独特的口音，在近期疫情网课阶段与同学的互动也挺好的。给分也不错的。
171885,2041,姜维梅,2023-04-11 02:00:03,-1,1,2,老师很温柔负责啊～就是略有口音
173818,2041,姜维梅,2023-06-03 08:09:39,0,1,1,老师讲的植物学非常生动实用，一点也不会听不进去
175168,2041,姜维梅,2023-06-22 06:04:35,1,2,1,大一学了姜老师的通识植物标本制作和校园植物识别，课程蛮有趣的，平时分基本给满，最后期末考喵的有点难，基本一半多不会最后4.2，蛮好的老师真的😊
175949,2041,姜维梅,2023-06-27 08:34:42,4,5,1,给分感觉 也没那么好吧 老师还是很和善的
181503,2041,姜维梅,2023-10-19 10:51:53,-36,1,37,你他妈假期非要上课是吧，脑子有病的家伙，不跟人商量，我他妈有权要自己的假期，配做老师？\n\n好好做人吧
183616,2041,姜维梅,2023-11-28 02:34:41,4,4,0,听得是休闲哲学老师请她过来讲的课，有意思，人感觉也很和蔼
184319,2041,姜维梅,2023-12-17 04:03:21,-2,1,3,楼上那个傻逼，假期补课我从来都签同意从来不去听，补课不想听别去不就好了，跑到查老师里来口喷答辩
184349,2041,姜维梅,2023-12-18 05:54:53,2,4,2,校园植物识别与标本制作 每节课都有作业但只要去上课了就能写，不难；签到是纸质签到；期末考稍微会有点难度，是识别植物标本，但会给复习资料；没有小组作业；给分好，感觉没有很卷就给到了4以上
184730,2041,姜维梅,2023-12-22 10:43:28,4,4,0,上过姜老师的大生和植物学，她真的给我一种很温文尔雅的感觉，我的天呐总感觉特别有做植物的那种气质！！难以言说地喜欢她。知识渊博，上课时又常常和生活结合，给人一种很贴近大地的感觉～给分也很好 有时候植物学来的人少的时候我真的会感觉到有点愧疚。
184758,2041,姜维梅,2023-12-22 13:13:04,2,2,0,很好的老师，带我们出去逛学校。选的是校园植物识别，好好写作业，平常积累的植物足够应付考试的植物识别。
185493,2041,姜维梅,2023-12-31 02:28:20,1,1,0,相当赞不解释
185598,2041,姜维梅,2024-01-02 13:55:53,14,14,0,姜老师是好老师！但选植物学及实验这门课尽量尽量避免和叫崔瑾的老师接触，她不仅会教给你时对时错的实验知识，还会在每次实验课开始前给你灌一段悦耳的鸡汤，哪怕这节课是展示课。她宁可在课前临时将每个组的展示时间从10分钟压缩到7分钟，也一定要花大时间给你的自主实验提一些离谱的建议，再建议我们少说废话。 \n\n   很抱歉污染了姜老师的评论区，但査老师暂时没有收cj这个人。（或许这也说明了些什么。）
185719,2041,姜维梅,2024-01-04 01:24:41,9,9,0,10分给姜老师，同下面楼，cj就是一个王八蛋！！！！你凭什么配跟姜老师一起上课，还敢对老师学生都颐指气使的\n\n崔瑾滚出浙大！！！！！
185720,2041,姜维梅,2024-01-04 01:32:07,19,19,0,姜老师好老师，崔瑾纯脑瘫，生物实验中心的棱皮龟替身
185897,2041,姜维梅,2024-01-05 14:28:20,35,36,1,喜欢姜老师，给老师10分\n我是新来的，下面是直接骂崔瑾还是要走流程？
185898,2041,姜维梅,2024-01-05 14:31:29,3,3,0,我永远喜欢姜老师和她的植物学
186445,2041,姜维梅,2024-01-11 05:48:28,12,12,0,姜老师是真好，cj也是真王八\n\n考试周临时让学生打纸质版论文给她送到实验中心的天才\n\n不得不骂了
191625,2041,姜维梅,2024-04-26 04:26:25,1,1,0,太喜欢老师娓娓道来各种植物的感觉了，很学术，又不枯燥
199548,2041,姜维梅,2024-09-25 07:56:32,2,2,0,感觉自己就是个小透明，也没有多优秀，但是每次见到老师都能认出我，老师人真的很好。但是自己没有太认真听课，有种负罪感。
199697,2041,姜维梅,2024-09-27 16:00:32,1,1,0,超级好的老师，她的植物学课简直可以用伟大来形容，强烈推荐选
199706,2041,姜维梅,2024-09-28 02:06:43,5,5,0,崔老师终于开分了，回来给姜老师再打一个十分
199784,2041,姜维梅,2024-09-30 00:55:08,3,3,0,好人，包好的，生科院最好的老师之一。
200325,2041,姜维梅,2024-10-16 04:14:17,0,0,0,很热情的老师，对植物学的热爱简直肉眼可见
202112,2041,姜维梅,2024-11-09 13:46:35,2,3,1,老师，你太吊了，我在你的教导下，学识渊博，300种植物掌握熟练，拿下4.5绩点
202375,2041,姜维梅,2024-11-12 07:03:12,0,0,0,老师很不错，讲课也很认真，我是选校园植物识别的，但是选这门课之前一定要看自己对植物有没有兴趣，如果跟我一样没有兴趣的话建议就不要选这门课了（期末考试卷面分个位数，最后3.6，老师已经大捞特捞了只是我天赋不行）
207180,2041,姜维梅,2024-12-19 15:00:38,0,0,0,老师讲的特别好，人也温柔，经常讲一些植物学有趣的小知识，感觉老师应该是养生大师哈哈哈
207704,2041,姜维梅,2024-12-24 02:50:01,0,0,0,姜老师人超级好，超级温柔
212129,2041,姜维梅,2025-01-13 08:31:59,1,1,0,植物学乙，爱她，无需多言。lz在这里拿到了大学里的第一个满绩，虽说大部分都不是她给分的吧，但是她上课真的很棒，课下待学生，答疑什么的也很温柔在线，推荐推荐
218183,2041,姜维梅,2025-04-22 02:29:09,1,1,0,认识校园植物强推给对植物有点点兴趣的同学 每次户外像春游 分多事少
220231,2041,姜维梅,2025-06-16 14:02:16,1,1,0,喜欢喜欢
220286,2041,姜维梅,2025-06-17 06:54:16,2,2,0,校园植物识别与标本制作真的很好玩，上课轻松有趣，每次出去认识植物就像春游一样，而且能学到一些关于植物的有趣知识hh，最后的拼贴画感觉自己做的还挺简陋的，收获本学期第一个满绩
221574,2041,姜维梅,2025-06-24 14:23:02,0,0,0,校园植物识别与标本制作，老师非常有耐心，上课过程非常有意思，老师先讲一节半课的理论，然后会带着同学们到校园里去认植物。最后考试有点难受的是因为是两位老师开的班，所以最后期末考试考的植物应该是两位老师课上认的各取一半，导致有很多植物在植物实习的时候是没有见过的，……考完的时候感觉基本上认过的都写得七七八八，还挺有把握的，但最后分数仍然不是很理想www
60255,2043,葛滢,2017-10-16 01:53:57,26,26,0,上课不知所云 完全让人没有听的欲望 只知道在那边扯\n\n全程安利自己的研究成果不知道好好上课讲内容\n\n实验报告都写完了上课跑过来讲一个完全不一样的要求 gg\n\n
66356,2043,葛滢,2018-01-15 09:44:39,32,33,1,吃翔一样的体验，还硬逼着你说好吃
66665,2043,葛滢,2018-01-18 05:35:37,15,16,1,考试出题不严谨就算了，监考全程各种说话，课教得怎样暂且不论，实在是不尊重学生感受。平时作业布置也是模糊不清，无奈生态甲老师是固定的。
68676,2043,葛滢,2018-01-23 15:09:36,-78,2,80,老师还是很棒的生态课很轻松实验也轻松hhh
68692,2043,葛滢,2018-01-23 15:32:10,-60,1,61,老师人很nice 但是emmm不太适合大学应试教学吧
68742,2043,葛滢,2018-01-23 16:53:13,-30,1,31,mmmm
87875,2043,葛滢,2018-10-16 14:28:28,40,46,6,作业爆炸多！开学第一样作业就是翻译+展示PPT +读后感(ಥ_ಥ)实验也超难 上课会突然分组上去讲（之前没说过准备）不讲课直接让写期末卷(ಥ_ಥ)
87949,2043,葛滢,2018-10-18 11:07:15,32,34,2,”我可是有三十年教龄的老师了”\n\n然而上课从来都不讲课\n\n
88079,2043,葛滢,2018-10-22 02:00:10,32,32,0,上课完全不知道在讲什么，用自己的还没有发表的研究成果上课。课本上的东西讲得很少，用扯一些有的没的的东西！
88125,2043,葛滢,2018-10-22 16:08:52,34,35,1,上课一通瞎聊毫无逻辑地自嗨，给学生强行灌输概念。同她讨论一个概念的定义，全程辩驳学生观点，最后直接说不要这个概念了。解决问题的方法不对的老师挺常见的，但是像这种盲目自信直接逃避放弃问题的老师真的第一次见。生态只有这一个老师....凑活上，啊不，凑活自学吧。
88289,2043,葛滢,2018-10-27 03:02:06,19,19,0,人才市场买来的人这么差的么
88340,2043,葛滢,2018-10-29 03:47:00,11,12,1,求提前退休
88428,2043,葛滢,2018-10-30 23:32:42,9,10,1,how to say    上课完全不知道在干什么，作业多且麻烦，占掉了其它课的时间（毕竟是LQH思修出来的人）
93812,2043,葛滢,2019-01-14 01:55:31,20,21,1,某葛姓教授写的书里：戊糖磷酸途径是卡尔文循环
94126,2043,葛滢,2019-01-15 08:29:59,9,9,0,讲课的水平就不说了，根本不想听下去。可是教材你好好编也行啊，但看她的书你会有穿越的感觉，一句话来回说，大段的直接挪用，hhhhhhhh。
99815,2043,葛滢,2019-01-25 07:58:01,10,13,3,上课玄的要死不知道讲什么 除了绪论全都让同学上去讲 自己讲不清楚课 给分又差 自己负责的实验内容经常搞不清楚 总之差评 或许这个老师搞科研是个人才 但绝对不会教书
100567,2043,葛滢,2019-01-26 10:14:44,13,14,1,怎么说呢，上了这么久课，第一个在出成绩后群里没有发谢谢老师的课。上课完全不知道讲什么，自己的教材编的混乱，除了绪论以外全是学生讲课。一学期反正也没学多少，反正最后3.3也不管了，祝老师一路走好。
100622,2043,葛滢,2019-01-26 12:31:18,10,11,1,老师做研究可能可以，但是就别来讲课祸害学生了吧。完全自学。老师对于自己教了什么，学生学了什么，考试要考什么都毫无顾念，布置作业也是不清不楚的
107822,2043,葛滢,2019-05-10 05:03:12,8,8,0,吃翔一样的。。。
109831,2043,葛滢,2019-06-19 13:58:07,10,10,0,翻译、实验认真做了，考试前还认真复习了，最后的?点竟然比生化还低...
115456,2043,葛滢,2019-07-25 03:05:45,8,8,0,浪费时间
140865,2043,葛滢,2021-09-17 03:31:36,12,12,0,第一节课就给学生讲你还没做完的研究成果？？？学术界是认可了还是咋地？
143643,2043,葛滢,2021-11-29 17:51:24,28,28,0,Dirty原本应该不是生态学的原因吧，怎知竟集结了葛滢常杰于明坚三位幻神，生态学属实是因你们而“dirty”
143714,2043,葛滢,2021-12-02 08:45:13,39,39,0,傻逼实验 傻逼课程 为什么没有0分？上这门课真是毁人前途毁人青春😅
144113,2043,葛滢,2021-12-18 04:43:27,100,101,1,如果一个房间里有希特勒、马里奥和葛滢，给我一把枪和两颗子弹，我会让希特勒和马里奥一人给葛滢一枪
144300,2043,葛滢,2021-12-21 05:00:22,38,39,1,精通人性的女讲师，3句话让学生上了18次课。
144969,2043,葛滢,2021-12-26 06:02:40,42,43,1,懂得都懂，实验课让学生打工，免费劳动力提供数据，理论课全让学生讲课，自己坐旁边抬杠，期末考还要让学生从她的论文里出题，大学教育真给你玩明白了
145794,2043,葛滢,2022-01-02 11:09:51,44,44,0,糟糕透顶\n\n生科类的生态学教学真的应该整治一下了
146354,2043,葛滢,2022-01-06 09:54:11,18,19,1,我吐了
146473,2043,葛滢,2022-01-06 15:53:14,24,24,0,这人是怎么混到这位置上的?
146540,2043,葛滢,2022-01-07 01:37:28,23,23,0,sb呵呵哒
147995,2043,葛滢,2022-01-11 09:26:40,35,35,0,sb不解释
148013,2043,葛滢,2022-01-11 10:14:17,52,56,4,这他妈操蛋垃圾课，真他么毁人前途，看到分数想死，从来不讲课，做一堆无意义的傻逼实验，生科院居然有这种老师这种课程存在，真就无几把语😅😅😅
148444,2043,葛滢,2022-01-12 13:00:18,16,16,0,整个学期让学生上课hhh
150346,2043,葛滢,2022-01-23 02:13:42,15,15,0,槽多无口…只能说…快逃！！！！
150851,2043,葛滢,2022-02-19 15:30:27,16,16,0,无大语 真不知道她哪来的迷之自信 实则。。。呵呵
160719,2043,葛滢,2022-10-06 08:19:07,8,8,0,上课完全听不懂在说什么……
160831,2043,葛滢,2022-10-15 15:13:12,19,19,0,逆天理论课加逆天实验课，永远忘不了那个对着卫图圈绿地的下午。只能说妖魔鬼怪快离开，妖魔鬼怪快离开。。
160864,2043,葛滢,2022-10-17 10:41:15,10,10,0,必修，就这一个老师，逃都逃不掉
161149,2043,葛滢,2022-10-29 13:00:46,14,14,0,您什么时候趋势啊？？
161151,2043,葛滢,2022-10-29 13:10:58,14,14,0,我是真想给你家俩幻神邮寄一个木鱼让你们求求功德啊，真几把无语。生科院要是不想好好教这门课就不要开，一天天的整这几把狗屎玩意来恶心大家的眼😓
162354,2043,葛滢,2022-11-20 15:05:26,28,28,0,知道我的低能室友找葛滢做毕设我乐坏了，果然是FW学生找FW老师，蛤蛤
162732,2043,葛滢,2022-12-05 10:22:59,19,19,0,只上了绪论一堂课，其余全让学生讲，那要您何用？平时事贼多，还让学生给她打白工，书编的稀烂，不知道这门课的存在意义。。
164455,2043,葛滢,2023-02-01 08:33:54,19,21,2,臭傻逼 不解释 恶心到极致
164595,2043,葛滢,2022-12-22 05:44:41,16,16,0,无语 天天他妈的展示
168170,2043,葛滢,2023-01-31 08:59:45,20,21,1,妈呀，我们勤勤恳恳做牛做马给您讲课，您就给这点分啊
168171,2043,葛滢,2023-01-31 09:28:09,19,19,0,我操你妈 傻逼 毁人不倦
168181,2043,葛滢,2023-02-01 06:06:15,6,6,0,。。。
168193,2043,葛滢,2023-02-01 10:02:44,9,9,0,垃圾老师，给爷爬
168275,2043,葛滢,2023-02-08 13:07:18,3,3,0,呵呵呵
168308,2043,葛滢,2023-02-10 10:41:43,7,7,0,gy强剪婆婆
169394,2043,葛滢,2023-02-26 02:32:27,9,9,0,垃圾老师 浪费学生时间 自己就上个一节课，学生委婉提出诉求还很嚣张说那你们去法院学校告呀。纯纯nt一个
171468,2043,葛滢,2023-03-25 06:59:37,4,5,1,6吗1个
172913,2043,葛滢,2023-05-10 02:02:18,6,6,0,把学生当敌人看待“你们感觉有问题就去仲裁庭上告我呀，我等仲裁庭回复再答复”操你妈烂猪狗！
173413,2043,葛滢,2023-05-23 14:43:47,6,6,0,“你不满意给分去法院告我呀，去仲裁庭告我呀，我等仲裁庭回复”草尼玛！把学生当自己的敌人了是吧？
173598,2043,葛滢,2023-05-29 15:11:31,2,2,0,说实话就是一个啥卵
174736,2043,葛滢,2023-06-16 11:28:38,2,2,0,别选，能跑赶紧跑，垃圾老师
178726,2043,葛滢,2023-07-20 10:28:18,2,2,0,呵呵呵
178792,2043,葛滢,2023-07-23 04:09:21,0,0,0,爬爬爬
181473,2043,葛滢,2023-10-18 12:17:36,13,13,0,你全家都死了
182683,2043,葛滢,2023-11-19 12:27:10,3,3,0,上过最烂的课
208536,2043,葛滢,2024-12-29 05:48:11,0,0,0,一坨狗市
821,2091,史锋,2015-03-17 13:00:18,33,45,12,有绝对的责任心，能学到很多，老师刀子嘴豆腐心
2602,2091,史锋,2015-05-04 16:32:48,64,94,30,讲课挺有意思的，考试东西没记住多少，不过生活常识学了不少。为了拿绩点的话，就别选生科导了。
2856,2091,史锋,2015-05-09 02:44:54,22,49,27,还行吧，我的绩点巨低，不知道别人怎么样
6454,2091,史锋,2015-07-14 05:22:54,1,6,5,超棒的老师～
9925,2091,史锋,2015-11-12 22:46:03,-1,4,5,简直棒，超级有用
10340,2091,史锋,2018-09-20 11:34:42,2,6,4,偶尔采用问题的形式点名，回答好有加分，绩点不低哦
10348,2091,史锋,2015-11-18 07:27:37,-7,6,13,如果想学习知识的话就不要选生科导了，讲的一堆乱七八糟的东西。
10354,2091,史锋,2015-11-18 07:56:07,2,5,3,有趣，思想开放而先进
10359,2091,史锋,2015-11-18 08:11:00,2,7,5,考试宏观坑
10467,2091,史锋,2015-11-28 07:25:04,4,13,9,考试难。绩点低。当初真不该选……
10512,2091,史锋,2015-11-19 10:28:26,1,8,7,给分感觉不怎么公平....
11411,2091,史锋,2015-11-30 12:53:13,-2,8,10,生科导是一门要上课好好听课的课程，适合学霸听，给分很公正，用心学习，4.8左右是可以的。老师讲课言简意赅，内容丰富，课上抢答还有惊喜加分，一个问题五分加分呢！
11606,2091,史锋,2015-12-07 12:09:17,8,16,8,老师很棒，说上他的课就是为了给我们开开眼界，有点常识！如果你认真听课，就算不看PPT，绩点也不会很低
15090,2091,史锋,2016-01-12 03:31:35,3,7,4,有趣，不过生科导的考试成绩占的比重较大，考前要认真看PPT
17728,2091,史锋,2016-01-20 19:47:28,0,3,3,喜欢老师！
19771,2091,史锋,2017-02-28 13:50:57,5,6,1,
20315,2091,史锋,2016-12-22 02:29:44,0,4,4,老师挺有独立见解，人很阔达。上他的课可以学到很多干货，只是最后考试不好拿高分……
20948,2091,史锋,2016-02-05 02:44:12,6,12,6,当年生化实验没少骂学生…但的确是真的很有本事并且能教会你很多东西。骂人骂完也就过去了，对事不对人，他还是很喜欢和学生打成一片的。
24355,2091,史锋,2016-04-30 00:12:54,0,2,2,课上会讲很多的最新发现的科技前沿的东西，让你笑着去学到很多很多的东西，觉得上完课就喜欢上这个老师了，收获好多好多哦(⊙o⊙)哦！
24792,2091,史锋,2016-05-03 15:44:11,2,5,3,呵呵给分
31994,2091,史锋,2016-07-05 10:34:53,0,1,1,生化实验课。几乎变成人生导师，收获很大。
33413,2091,史锋,2016-10-17 07:15:41,0,1,1,好老师特别好
33469,2091,史锋,2016-11-18 08:22:41,-1,1,2,课有意思，给分低
33560,2091,史锋,2016-09-20 06:00:58,-2,0,2,非常有趣，可以了解很多知识，长见识了
33617,2091,史锋,2016-09-20 10:09:00,-2,0,2,超爱这个老师
34243,2091,史锋,2016-09-29 03:28:12,-3,1,4,湖南人都是逗比。。\n\n
34428,2091,史锋,2016-10-10 07:41:22,-2,0,2,哎哟，很棒哦。
34478,2091,史锋,2016-10-11 13:24:02,-2,0,2,老师不错，就是助教喜欢拖课，拖了半个小时，这还是最后一节的课啊
34654,2091,史锋,2016-10-17 10:45:24,4,7,3,绝对的大师，最喜欢的课了！
36002,2091,史锋,2016-11-10 09:48:43,0,1,1,风趣幽默，前沿知识很多，基础能多讲一点就更好了
36007,2091,史锋,2016-11-10 09:58:43,5,6,1,科普帝一只，老师笑起来很狡猾，不笑立刻表情严肃
36369,2091,史锋,2016-11-12 13:09:35,0,2,2,实在是涨姿势。不过考前一定要看PPT（当然最好还是上认真听啦课），否则绩点会...
36526,2091,史锋,2016-11-14 14:42:43,4,8,4,天呐，绩点低到哭泣，课有意思绩点一点意思都没有
36547,2091,史锋,2016-11-15 00:37:22,0,1,1,课程非常有意思，讲的东西既有权威性又比较有意思。但是讲的东西太多了不太记得住，考试就坑了。想要稳着拿高绩点还是放弃这门课吧。
36563,2091,史锋,2016-11-15 01:52:00,-3,0,3,老师真的很好...长知识
36646,2091,史锋,2016-11-15 07:37:48,-1,4,5,上课讲的东西都挺专业的，如果真的想学东西就选，但是如果想水分的话，赶紧退了吧....刚出成绩65分，我就来评价了，各位自己看着办吧....我考试之前还认真复习了来着...
36660,2091,史锋,2016-11-15 08:25:02,0,1,1,挺有趣的，就是复习起来挺花时间
36699,2091,史锋,2016-11-15 12:07:03,-2,0,2,干货满满
36704,2091,史锋,2016-11-15 12:40:36,-2,0,2,生科导很有趣，能了解到不少奇怪的研究结果。而且史锋老师的部分考的不难。
36974,2091,史锋,2016-11-17 01:41:04,4,6,2,风趣适当，不像唐建军那么浮夸。
36994,2091,史锋,2016-11-17 04:16:14,0,1,1,老师很健谈，有可爱的湖南口音，幽默风趣。听了很多常识，但考试好懵。
37346,2091,史锋,2016-11-18 11:48:23,-21,4,25,老师很好，如果你喜欢生物的话他会给你开启一扇未知世界的大门！生科导干货超多！自己水平不高被正太了4.5没什么说的。感觉比唐建军渊博。
38785,2091,史锋,2016-12-19 02:55:03,3,9,6,严重偏心，对自己喜欢的学生和自己不喜欢的学生态度完全不一样。
38901,2091,史锋,2016-12-19 17:24:21,-1,1,2,挺好的，上课特别科普，期末认真刷一遍ppt分不会低的
39936,2091,史锋,2016-12-28 08:35:08,-8,1,9,一不小心就满绩了:)能学到很多知识，每节课都敲认真地听他讲课，很好玩，人也很好，我记得他说自己是斯坦福的(膜，
41081,2091,史锋,2017-01-09 06:20:52,39,49,10,史锋老师是我在浙大最喜欢的老师了，下午那么困为了好好听课，永远坐前排，永远不水课，哎，真的好喜欢老师啊，他给你讲的不止是知识，是很多很多人生哲理，最喜欢的就是老师流露出的对生活的态度了，很豁达也很乐观，不管绩点怎么样，这课我都觉得上的值！现在没考试，我也不能说分数怎么样，我只是觉得只要你用心了，怎么也不至于太差，有的时候还是要选些喜欢上的课，水课是好，可总是会觉得空虚，大家都加油吧！真的只要你用心然后没赶上绩杀，你的分数自然也拿的到，这样才有意义吧。
41227,2091,史锋,2017-01-10 06:10:42,1,2,1,我们男神诶！刀子嘴豆腐心是也！
41716,2091,史锋,2017-01-12 12:03:21,1,3,2,凡事想要告诉你真正知识的老师我都给10分
42567,2091,史锋,2017-01-14 13:12:32,6,11,5,体验一下考完试课程群被红包沦陷的感觉
42568,2091,史锋,2017-01-14 13:12:44,7,10,3,上课完全不用担心会走神，超级风趣，情商智商都超高的老师!大爱史锋老师的生化甲，虽然考前复习到绝望，但是最后谜一般的过了，要相信老师“在我的课上，挂科比优秀还难”.°ʚ(*´꒳`*)ɞ°.
42570,2091,史锋,2017-01-14 13:15:44,-2,0,2,超级赞，本以为要挂的生化，结果分数还不错，只要好好看书好好听课，老师也很风趣
42572,2091,史锋,2017-01-14 13:15:49,1,6,5,我给10分 不解释
42627,2091,史锋,2017-01-14 15:35:01,34,44,10,史锋老师真的很有人格魅力啊！自己人生经历无穷丰富，专业基础很棒会指导我们学习的方法，跟着老师的方法对生化好好下工夫肯定能学好！老师据说和生化原理外文教材的作者有感情，用的是外文教材，英文配套ppt，上课很带感。虽然上课有时候睡着被老师叫起来，但还是很很很喜欢老师。他对生活对周围的人有一种关怀，很幸运遇见他。关于绩点，老师给分很棒，前提是你真的付出了。
42658,2091,史锋,2017-01-14 17:53:35,-1,1,2,平时上课一直笑嘻嘻的 跟班上同学互动很多 最后给分真是高出天际！
42836,2091,史锋,2017-01-15 09:00:53,-2,0,2,很好的老师，困难的课程上起来很快乐，给分也很好
43504,2091,史锋,2017-01-16 11:29:34,0,2,2,讲的很不错，分不高。。。个人感觉
43516,2091,史锋,2017-01-16 12:08:25,4,6,2,老师超棒，专业权威不摆架子，生化甲这么难的一门课上起来很有趣，就是每节课都会抽人起来回答问题，问题很多，督促我们回去复习，讲课很好，很有意思，常常会讲一些跟生活相关的事情，而且老师人很谦虚，很和善，有点湖南口音，但总体可以听懂。期末考前复习到绝望，以为会挂结果成绩还不错，只有付出了老师就不会挂你，非常好。
43568,2091,史锋,2017-01-16 14:27:52,27,35,8,绝壁10分好评～因为你不仅上的是生物类的课，还可以听到化学、细胞生物学、生理学、医学、玄学、风水学，每节课都能get到你想不到的小知识，从做饭到喝酒，从木匠到建筑，从身体到恋爱……\n\n至于给分，公平公正公开，放心上吧～
43595,2091,史锋,2017-01-16 14:59:44,-2,0,2,老师很幽默，虽然考试有点难
43714,2091,史锋,2017-01-17 01:02:30,0,1,1,很能扯，趣味横生。但是知识功底深厚，是一个好老师，给分很贴心。生化甲的同学不用担心挂科的，放心。
44078,2091,史锋,2017-01-17 09:02:10,-2,0,2,哈哈哈
44205,2091,史锋,2017-01-17 11:56:31,1,2,1,生化甲，给分其实挺好。上完课之后记了很多生活小段子……
44285,2091,史锋,2017-01-17 14:12:00,27,32,5,很会生活，很有人情味，还是个考霸，学到了课内课外许多知识~比如劝诫走路，要吃早饭等等。至今不知道他死过几个同事，可能活久见吧
45111,2091,史锋,2017-01-19 03:52:31,3,4,1,老师的课真的很好，虽说觉得看着像健康科普，但是细看其实是系统的知识网络加外延知识，而且上课超级幽默，人也很好，有种特殊的人格魅力，给分心软。
46127,2091,史锋,2017-01-20 15:48:06,0,2,2,非常好\n\n
46493,2091,史锋,2017-01-22 01:11:31,0,2,2,老师很棒，干货很多，刀子嘴豆腐心，给分绝对公平公正而且“我的课挂科比优秀还难”，墙裂推荐
47124,2091,史锋,2017-01-24 03:09:28,-1,9,10,666.一学期大部分时间花在生化上还没上4。我有机花了五天成绩比生化高多了.我也只能说自己技不如人了。几乎每节课都装逼，真心听不下去了。有时间拿七个硕士怎么不考虑拿个博士呢？说好两道大题出自同学的ppt，结果TM四题全是。不知道自己一个学期背书有什么卵用，不如背熟同学的ppt，65分哦！希望大家能预置到其他老师的课！新年快乐！
48669,2091,史锋,2018-06-13 09:02:56,28,44,16,导论课非常不错。但是坐倒数第三排最右边的那位，请你闭上你的嘴巴。
48798,2091,史锋,2017-03-13 07:28:08,5,8,3,这是真的
48985,2091,史锋,2017-03-20 12:47:56,0,2,2,讲课超级有趣啊，除了生物技术还有各种各样其他方面的知识，还有各种生活常识233
49787,2091,史锋,2017-04-26 03:54:31,15,19,4,特别喜欢听他讲课，喜欢他那种适当的幽默。不刻意，不做作。导论课完全是把知识结合在实例中，所以听课听得很有意思。前面那位说第三排最右边闭嘴的，我十分赞同，真是一点都不知道课堂纪律。
50544,2091,史锋,2017-05-03 10:59:10,3,5,2,上课真的很有趣，每节课都听的很开心，真的是一种享受！
50621,2091,史锋,2017-05-04 02:20:17,1,2,1,好老师！
51589,2091,史锋,2017-06-07 10:37:02,0,2,2,特别喜欢史锋老师的微观生物学，上课很有意思，会知道很多新奇的思想
51614,2091,史锋,2017-06-07 13:15:17,0,2,2,很有趣
57194,2091,史锋,2017-07-06 03:52:35,1,3,2,本来觉得生命科学出的都是什么题瞎写了一通… 后来发现绩点还不错 赞
58202,2091,史锋,2017-08-21 02:49:55,2,4,2,史老流氓人很有趣的
58933,2091,史锋,2017-09-18 14:07:23,0,2,2,好棒啊，幽默风趣，太喜欢啦
59540,2091,史锋,2017-09-22 10:42:05,3,6,3,简直有毒，用英文版教材，上课主要时间都用在翻译上，确实讲的很有趣，但是学不到什么东西。期末全部及格是因为把分往上调，实际上期末考试没有多少人及格。
59840,2091,史锋,2017-09-27 11:58:57,1,2,1,下面那个不知道死过几个同事的我笑了....一看就是有好好听课的\n\n上了史老师的通核课就超级喜欢他，这学期还去蹭生化甲hhhh真的好喜欢他的
60737,2091,史锋,2017-10-29 05:44:25,-2,3,5,很自以为是
62049,2091,史锋,2017-11-22 09:06:04,1,3,2,看完成绩整个人完全崩溃，有史以来最低绩点，比微积分现代大物还要低！我真的，要有下次宁可死也不想选生科导！
62086,2091,史锋,2017-11-22 11:03:43,1,1,0,10分！老师上课非常生动有趣段子也很多，期末考试只要认真看过ppt就没问题！绩点很满意
62111,2091,史锋,2017-11-22 11:58:10,0,0,0,绩点让我伤心
62218,2091,史锋,2017-11-23 07:59:10,3,3,0,强烈推荐！上课很有意思，常常有一些内涵段子，只要考前认真看看ppt，成绩就不错。
62325,2091,史锋,2017-11-24 07:57:11,0,0,0,强烈打call，十分
62329,2091,史锋,2017-11-24 08:25:28,3,4,1,[生科导]分还可以，只要你看了ppt，（史锋老师的是以ppt为主的）就是有些细的知识点需要记牢。\n\n   史锋老师人也很好，幽默有趣，可以学到很多各种各样的东西( ˙-˙ )
62395,2091,史锋,2017-11-24 16:54:31,2,2,0,不错的。考试也都是ppt里的
62691,2091,史锋,2017-11-26 12:02:46,3,4,1,其实是两个老师上的 史锋老师上微观部分 考试内容是真的全在ppt上 另一个老师上的宏观部分 这部分就靠蒙了 绩点还不错 付出与收获成正比
66676,2091,史锋,2018-01-18 07:02:09,4,5,1,史老师真的很严格
67307,2091,史锋,2018-01-20 15:56:29,0,1,1,绩点低，伤透了我的心，真的大一第一门通识课就被正态了，低到不能再低了，都快挂了
67426,2091,史锋,2018-01-21 07:31:47,0,0,0,课真的很有意思，不过绩杀也是真的
69268,2091,史锋,2018-01-24 11:46:00,1,1,0,好老师选了才知道
69272,2091,史锋,2018-01-24 11:47:02,5,6,1,我！爱！史！锋！
69279,2091,史锋,2019-11-07 17:57:11,0,4,4,上课有趣给分好！！
69284,2091,史锋,2018-01-24 11:56:07,-10,1,11,老师超好的！我平时各种浪考前只学了两天都给我很高的绩点哈哈哈哈哈哈哈哈哈开心死了神经病
69290,2091,史锋,2018-01-24 12:05:02,1,1,0,刀子嘴豆腐心
69355,2091,史锋,2018-01-24 14:02:21,2,2,0,给分还好也学到了很多
70537,2091,史锋,2018-01-27 01:03:19,2,3,1,「生物化学」上课用的英文版PPT和教材，考试还是中文。老实说，可能是课程的原因，不预习的话上课完全是懵逼的，所以必须好好预习啊。期末考试难度小于期中，老师会友情点播重点考核点。
70606,2091,史锋,2018-01-27 09:35:14,-3,1,4,每节课迷一样的点名，但是考前会透题
71677,2091,史锋,2018-01-29 00:31:54,0,1,1,讲课，还不错，有意思，就是，，，真丶绩杀，生科导我每节课都听了，最后分依然低得让我绝望。
74641,2091,史锋,2018-03-05 02:38:32,1,1,0,老师人真的很好！
75488,2091,史锋,2018-03-12 10:54:35,6,7,1,dei不dei?
76088,2091,史锋,2018-05-12 13:53:04,4,14,10,《生科导》大学第一门满绩!上课可水可听，考前一定要看ppt，虽然很多，很痛苦，但是只要认真准备，考试还是很简单的，提前一小时交卷没问题。无论微观还是宏观，题目都是课件上或上课讲过的。而且史，唐老师的课上可能会透题哦！
76793,2091,史锋,2018-04-23 12:23:03,5,7,2,真的！是真的！这是真的！……好了不皮了，我是唐老师班级的学生，一半史老师上的。很喜欢老师的课堂，有很多生活健康小常识和有趣的故事。
77344,2091,史锋,2018-05-05 00:46:59,0,0,0,不想说
77619,2091,史锋,2018-05-07 02:53:06,6,8,2,生科导|很喜欢史锋老师和史锋老师的课。喜欢清晰美观的PPT，喜欢老师这一种淡定从容的幽默。考试的内容都在课件上，看你有没有留心。但最好的话，还是不要错过这有趣的课堂。考前突击的考完就忘掉了，而我在课堂上记住的便能长久记忆，有时还能成为谈资。说起来，其实也没有认真听完每节课的我现在还感到遗憾。这是真的。
78299,2091,史锋,2018-05-10 13:45:19,51,55,4,史老师：我高三是复读的，通过扎实的功底征服了校长，边上课边给同学补课，挣了很多钱，我爸觉得这些钱来路不明，报警了。
78484,2091,史锋,2018-05-12 09:14:15,-2,2,4,课还好，卡绩3.6，让我像吃了屎一样难受
78513,2091,史锋,2018-05-12 12:07:33,3,4,1,额 复习了一周\n\n平时课翘过两次（唐老师的\n\n最后3.3 其实史老师还是非常好啦也很幽默  不过因为是闭卷的考试 知识点又非常多 所以为了绩点大可选择其他的课的！
78520,2091,史锋,2018-05-12 13:26:20,3,5,2,生科导其实知识不难，内容丰富多彩。作为一门比较轻松没有论文没有展示的通识课，只要重视每一个课堂，用兴趣来学习，稍微与老师来一两次互动，最后花一整天看课件。最后的考试不要着急交卷，慢而稳健，回忆课的知识，来作答每一道题，虽是闭卷，也一定能取得最终的胜利。史老师和唐老师都不错！我在课上也学到了知识，分数也很理想。
78581,2091,史锋,2018-05-13 10:46:45,-1,2,3,也没那么绩杀...我一节课都没听，最后一天看了一会儿ppt，竟然没被正态...\n\n大家上课一定要好好听呀，其实挺有趣的，主要是我太浪了上课用来补其他课的作业了。我觉得认真学的话绩点不会低的。
79786,2091,史锋,2018-06-13 13:57:51,0,0,0,很很棒棒啊，每周一晚课生科导，听完就超开心，喜欢，
79828,2091,史锋,2018-06-14 05:33:23,1,2,1,不错!
80414,2091,史锋,2018-06-26 08:32:21,-3,3,6,给分差
82524,2091,史锋,2018-07-08 11:54:09,4,4,0,生科导课程很有意思，老师讲得很棒，而且都是和实际生活尤其是大学生生活息息相关的，什么睡眠、饮食之类的知识对我们改善生活质量真的有很大帮助\n\n考试方面：上课老师停留越久的地方往往越可能出大题的，PPT尽量背吧，那些东西多记点其实对我们生活也有很大好处的，真是付出多少就会收获多少，千万别缺课，通核事情多但是认真对待还是有挺多收获的，祝满绩
88126,2091,史锋,2018-10-22 16:17:00,6,7,1,感觉看到了很多创业机会（笑）老师上课很有趣，会分享很多亲身经历，课程内容有时候讲的很快但是也会有着重的讲。很体贴学生（不像隔壁生态学...小声逼逼）\n\n\n\n\n\n\n\n最后：真的。这是真的。
88675,2091,史锋,2018-11-05 12:01:23,2,2,0,男神好吗、真的人帅课好，从第一节课坐第一排起就没想去后排过、每节课都收获暴多，老师人真的好到炸裂，喜欢得不要不要的、会不经意地透露自己的小故事，可是每节课最喜欢的就是他的小故事还有各种科研分享、到最后一节课的时候还给我们说可以选他的其他课生化之类的，选不到他给签单，真的不要太好、真的浙大最喜欢老师，浙大送给大一新生儿最喜欢的礼物嘞?
88967,2091,史锋,2019-01-02 04:50:10,6,9,3,这是真的！
89254,2091,史锋,2018-11-17 14:08:02,2,2,0,10分\n\n史老师的课堂足以10分\n\n但给分真的出乎意料地低\n\n看个人趋舍吧\n\n
89264,2091,史锋,2018-11-17 16:44:13,2,5,3,生科导 非绩杀 期末考好好准备就可以 都是ppt上的内容 不是很难 老师很友善亲切 爱笑 讲课方式也很有趣 选生科导不亏
89287,2091,史锋,2018-11-18 05:19:51,12,13,1,老师很厉害 情商很高 想法很OK 复习不用太细 大致有印象就好 绩点同你的准备没有本质联系 字好逻辑清晰者优先 部分题目含随缘成分 虽被卡绩 一笑置之
89290,2091,史锋,2018-11-18 05:52:15,4,5,1,老师人挺好的，上课也很有趣，可惜成绩3.3不过应该是自己的问题
89297,2091,史锋,2018-11-18 06:36:59,2,2,0,老师上课挺有趣的，但是绩点真心低，ppt复习的很痛苦，推荐对生物真心感兴趣的同学选
89300,2091,史锋,2018-11-18 07:28:33,2,4,2,真的是浙大送给新生最好的礼物，每周最期待的就是周一晚生导课。看见他觉得整个世界都亮了，绩点也特别好的。
89305,2091,史锋,2018-11-18 08:10:53,1,3,2,老师真的很好很好，上课非常有意思了，选上的朋友好好珍惜！期末花一两天好好复习PPT，论述题不要放弃，绩点一般不会差。
89318,2091,史锋,2018-11-18 11:06:21,1,2,1,我觉得给老师评分的依据一方面在于给分合不合理而不在于高低，另一方面是老师对于教学的态度和教学方式。史峰老师给分是真的付出和回报成正比，真的想要高绩点就必须认真复习啊，因为生命科学导论最后是闭卷考啊，考的不好老师也没有依据给高分啊；史峰老师教学态度别提了，上过课就能感受到他10分的教学态度了，另外还能收获他与众不同的人格魅力和很多生活道理、生活知识。总体而言还是要给10分!!
89348,2091,史锋,2018-11-18 14:58:41,5,6,1,生活给了我这个菜鸡一重击。绩点2.4。我也认认真真准备了一周ppt来着，可能是我太笨了吧(┯_┯)老师很好的，很喜欢老师。
89359,2091,史锋,2018-11-18 15:54:34,-2,0,2,呵呵→_→
89565,2091,史锋,2018-11-19 14:50:01,2,3,1,很开心啊!老师会把science，nature上生物学前沿的东西介绍给你!而且史锋老师经常会跟你讲什么什么措施是不科学的，“于是我就给他们寄了一封信……”。来浙大之后让我感到最亲切温暖的老师（第一节课上课之前就下来逛，看同学们在做什么；而且还会和你聊天!），然后你每天微信运动走得多的话老师都会给你点赞鼓励你多运动!对啦史锋老师笑起来超爽朗!呀!超爱他!
89576,2091,史锋,2018-11-19 22:35:06,1,2,1,感觉老师人很好鸭，给分也炒鸡棒!
89600,2091,史锋,2018-11-20 02:24:49,2,2,0,感觉就很厉害！上课扯皮核心：你们成绩都没我好orz
89659,2091,史锋,2018-11-20 07:04:40,7,9,2,史锋老师是我超级喜欢的那一种老师了，永远淡定从容的幽默，恰到好处的对白，言语当中那一抹乐观豁达极富感染力。他不仅是讲课，还讲人生哲理，他是尝遍了百酒之后最懂得清水之味的那一类人。\n\n\n\n生科导只是一门通识课而已，不会有多专业，但是专业的精神是渗透在课堂上的分分秒秒的。看了那么多理论和实例，老师其实在告诉你，别出心裁的实验过程和打破常规的科研结果，最需要的是科学精神，而科学精神当中最重要的是观察，是发现问题的能力。专业方法可以学，但这种精神却要在日复一日的生活当中慢慢体悟。\n\n\n\n再次表白史锋老师！！！
90888,2091,史锋,2018-11-27 05:35:04,3,4,1,超棒，可以获得很多有用的知识！\n\n可惜我又笨又蠢记点2.4( ；´Д｀)\n\n（我要求很低的没挂就好hhhhh
91169,2091,史锋,2018-12-02 14:27:04,-4,7,11,口音重，而且上课扯淡
91170,2091,史锋,2018-12-02 14:27:23,-3,0,3,。。。
91171,2091,史锋,2018-12-02 14:28:11,2,2,0,哈哈哈
91172,2091,史锋,2018-12-02 14:27:53,-3,1,4,呵呵呵
91178,2091,史锋,2018-12-02 16:58:09,5,6,1,老师真棒！就超级有魅力！
93105,2091,史锋,2019-01-07 10:50:01,3,3,0,上课很水，但绩点不太容易拿。不知道别人的高分是怎么拿到的，感觉绩点只有期末考试的占比
93631,2091,史锋,2019-01-11 03:59:26,3,4,1,上课挺有趣的，会给我们讲一些新奇古怪的东西，但绝对不是扯淡（都有论文佐证的。）
94056,2091,史锋,2019-01-15 05:13:46,1,1,0,妙不可言，上的他的生命科学导论，感觉课上讲得很有趣只不过，最后考试的时候要看几百页PPT
94137,2091,史锋,2019-01-15 09:09:57,4,4,0,还没考 老师说会尽量让我们过个愉快的年hhh\n\n
94387,2091,史锋,2019-01-16 09:22:28,3,5,2,史锋老师的人格魅力真的太强了，是那种不靠荣誉不靠光环单单站在那里讲课就对他肃然起敬的人，想成为他那样的人……生命科学导论墙推
94886,2091,史锋,2019-01-18 12:06:46,7,7,0,真是怎么吃都不行
95370,2091,史锋,2019-01-19 09:26:49,1,1,0,老师特别可爱哈哈哈哈，懂得很多，看过很多文献，上课经常旁征博引，还有很多很迷的同事哈哈哈哈哈哈
96967,2091,史锋,2019-01-21 13:31:58,0,2,2,好老师，这是真的哈哈哈。刚开始上课有一点点不习惯，但是上到后来会觉得老师真的在很认真地想让我们学到知识，老师本身的素养也很高。听课学到一堆养生小知识2333，虽然绩点不高，但是这是我的原因，老师真的挺好的。这是真的(๑• . •๑)
97015,2091,史锋,2019-01-21 14:39:16,0,0,0,【生化】\n\n老师生活阅历真的好丰富，很有才很善于看到知识背后的商机（虽然我还没学会怎么致富），学到了很多常识\n\n平时要求比较高但是如果好好做了对学生化也很有帮助（而且有平时分啊朋友们）\n\n如果好好学了一定会有好成绩的呜呜呜，老师给分好好哇\n\n另外，TCA循环真的很重要，这是真的\n\n
97091,2091,史锋,2019-01-21 16:00:44,0,1,1,超幸运选了史锋老师的生化甲啦！上课的时候逻辑很清晰很严谨，认真的时候有点严肃，但是下课交流的时候完全不会！老师超爱笑的。史锋老师真的可以说非常博识/有趣/亲和啦。生活小常识小能手+考霸+传奇生活拥有者。谢谢史锋老师一学期的教导啦(PS好好完成任务绩点真的令人感动)
100721,2091,史锋,2019-01-26 15:29:19,1,3,2,上课一时爽，期末火葬场\n\n要绩点就别选生科导了
101409,2091,史锋,2019-01-28 07:02:33,0,1,1,老师上课很有意思，会和我们分享很多影响因子很大的sci论文，而且会把论文用通俗易懂的语言和故事表达出来，最后真的非常感谢老师和助教们拯救了我的绩点！在我黑暗的这学期拉了我一把！
103712,2091,史锋,2019-03-04 11:32:41,2,2,0,老师特别风趣幽默，唯一没水手机的通识课。就是期末是闭卷考试有点慌张……
106229,2091,史锋,2019-04-26 00:07:55,2,5,3,史锋老师真的是一个非常有梗的人，讲的生命科学导论比较偏科普，会给大家普及非常多的小知识，而且会搜集很多权威期刊上面的文章给大家看。教大家怎么去生活，感觉史锋老师是那种过尽千帆的人，人生阅历极其丰富，反正我粉了。就是PPT很多，考试之前抽两天时间过一遍，考试基本上没有什么问题。表白史锋老师，希望他身体健康哈哈哈！
106327,2091,史锋,2019-04-26 10:36:54,-9,0,9,
106414,2091,史锋,2019-04-27 06:55:20,0,3,3,老师讲得特别精彩，虽然3.6还是要给老师打10分
106485,2091,史锋,2019-04-28 00:55:41,1,2,1,生科导很有趣，，表示只有半个学期没上够，老师很棒啊，上课很有意思，现在想起来偶尔不听课在下面水作业简直大亏。就是有时候提问有点尬。
108024,2091,史锋,2019-05-13 06:21:00,2,3,1,老师的普通话有点难懂，努力突破语言障碍啊啊啊
110578,2091,史锋,2019-06-27 13:51:16,-3,2,5,爱了爱了，我简直太喜欢这个老师了，阅历丰厚，讲课有趣，在还没出分的时候给了老师十分，认真的，不看绩点。
114458,2091,史锋,2019-07-10 04:06:02,0,4,4,通核生命科学，老师的上课方式很独特，是从某篇知名期刊中的论文出发佐证相应的观点，向我们展现了现在生命科学的前沿发展，许多涉及生活中的实用知识，甚至有不少颠覆了我的认知。老师还是一个很直率的人，笑起来感觉很洒脱，带上帽子酷酷的。最令人感动的是下课后看到还在坐在位置上的同学会催大家去运动。个人觉得上课讲的有点水，很浅，就当个普及吧。讨论课任务也算少的了，我们班是两周一次课，每次课后会做一个PPT，期末有个论文。最后表白助教琪瑶小姐姐，人美心善给分好，和我们打成一片
116371,2091,史锋,2019-09-09 23:28:55,0,2,2,幽默风趣，讲的东西还是很有用
117165,2091,史锋,2019-09-30 10:48:58,0,5,5,能学到真正有用的知识，非常的严谨，幽默生动，想睡也睡不着，超级棒，必须推
118063,2091,史锋,2019-10-20 03:39:39,4,8,4,最最啰嗦的老师 没有之一  感觉五分钟可以讲完的PPT愣是说了两小时的废话
119506,2091,史锋,2019-11-13 06:49:03,0,3,3,史锋老师是我偶像啊啊啊啊！！！他的人生经历超级丰富，在一个个生动有趣的小故事中我们不进学到了知识，还或多或少地领悟了人生道理！考试的话，史锋老师出的题目有点难度……但是只要上课认真仔细听讲，课后认真仔细看课件，相信大家可以拿到不差的绩点哒！！！
120148,2091,史锋,2019-11-18 00:19:07,2,3,1,老师人超级风趣幽默，而且阅历丰富，从他分享的小故事里也可以看出来，是走过很多地方，经历很多事情的人。生科导这门课的話，还是对生物有兴趣的人选比较合适，不然复习的时候真的挺崩溃的。
120153,2091,史锋,2019-11-18 00:45:49,-3,1,4,超级有意思，老师讲的超级好，而且认真听的话学到的东西真的很多，而且老师讲的东西都是最新的国际上的科研成果，随时间不断更新的，就是知识点比较细，建议平常有空看两眼，全放到期末可能会顾不过来，但因为讲的东西都很有趣，很新鲜，平常记记不会花太多时间，强烈安利！
120252,2091,史锋,2019-11-26 08:01:43,18,24,6,史锋老师的生物化学课程要求是非常严苛的。平时教学事巨多，要求复杂而反复无常，而且任务量靠抽签决定，可以说任务最多的组对程度一般的同学是反人类的，换做我这种程度不好的学生就直接弃修了（好在我抽到了全班最少的）。试卷是单独命题，题目很活，让你写几种xx的题一定要全写出来才给全分，问答题真实文科题，生物竞赛基础八成无效。答案教学上尝试给人一种反复无常的感觉让你感受到压迫，你永远不知道他什么时候会夸你睡过头迟到也来听课了什么时候会因为迟到痛骂你然后扣分，但相信老师为人一定不是这样的。如果对自己不做过多要求，或心态不好的同学，那千万不要选让自己着急，有良好的生物学基础想培养能力的还是值得推荐的。
120464,2091,史锋,2019-12-09 03:33:05,-5,1,6,风趣幽默
120573,2091,史锋,2020-01-13 03:18:58,-1,2,3,老师很会分配作业，把全班同学都调动起来，一起完成这个艰巨的课。从中收获很多！
120901,2091,史锋,2020-01-18 12:30:46,0,3,3,上的生科导 老师上课方式很独特  把各种杂志上最新的文章摘下来分类讲解 和一般的系统化教学差异很大 没体验过的一定要体验一下！每次上完课都有一种要养生的冲动！整个课程真的很轻松  考试方式也很轻松基本都是开放性题目  是我本学期考得最皮的一次期末考试了 给分也很好 不能再爱了
123100,2091,史锋,2020-05-15 14:10:07,0,3,3,生科导A体验极差
123978,2091,史锋,2020-06-18 10:58:33,10,13,3,生命科学：特别喜欢史老师！上课的每一张ppt都是认真做过的。为我们讲最新的科学前沿。我很喜欢生物，但是高中学的不好。这门课我每节课坐在第一排，认真听老师讲课。最后考试的内容都是课上讲过的，讨论课积极发言，论文认真写，最后4.5绩点，很开心！爱史老师！
126592,2091,史锋,2020-10-05 05:26:43,9,12,3,我没学过生化我听你的课好难受，我但凡学过生化我还来听你的课干嘛？
129602,2091,史锋,2021-01-08 09:40:44,0,5,5,你说他是个坏老师吧，挺好的；你说是个好老师吧，教学风格真是一言难尽。实验课。关心同学很关心，骂人也真是会骂人；有趣确实有趣，损也真是损；点评很犀利，但就是不听别人讲话。让人又爱又恨的吧，不算很推荐，但上了也不亏。
131671,2091,史锋,2021-01-28 10:58:38,-16,6,22,态度恶劣素质极差。
131946,2091,史锋,2021-01-29 12:10:08,-11,3,14,老师给分太烂啦，上课不知所云
133073,2091,史锋,2021-02-07 12:31:53,0,1,1,生命科学课程：\n\n老师课件内容很充分，知识面很广，从生活的角度讲解生命科学，可以学到不少知识，就是内容有点多，期末复习压力有点大
144998,2091,史锋,2021-12-26 11:07:29,0,2,2,虽然在讨论课上，站在讲台上被老师“怼”了一个小时（真的站的腿都麻了www），但老师教会了我如何选择汇报题目，如何选择科研题目，很感谢！到最后还说“做的虽然很不错，但我不是来表扬你的”……（可能从第一节课知道我们几个的专业是巴德年后，就记住我们了的原因吧www)
145179,2091,史锋,2021-12-28 05:52:04,-1,8,9,我看到很多文科生，一边说着自己高中生物不好，一边说他教的好，讲的都是前沿知识。我就这么说吧，我们医学生两个生物省一，一个化学省一生科导（也就是现在的生命科学）上一半直接退课。这门课主要为偏文同学设计，它的tag是文科培养方案里的（除了今年变成了通核），建议理科生别选。他是兰大毕业的，没有留学。来浙大后没发过几篇大文，之前发的几篇也是和其他人一起的，（不信自己搜），教师介绍上说发表论文70篇（反正我是没看见，毕竟三流期刊知网也不收），还有一本书（他教的生化实验实验书，还是浙大出版社出的，懂？）甚至这门课也是和别人合开的（主要唐建军负责，他只代课，不给分，所以他的评价分比较高）。再来讲讲他这个人，他是教生化的，然后来扯这个非常广泛的生物学。可以说是一窍不通。关键是他上课还喜欢举医学和动物学的例子，然后都是错的。最典型的两个例子（退课前），第一个是讲口腔溃疡，他说是疱疹病毒引起的。然后你可以百度一下，发现说口腔溃疡病理复杂，目前没有定论，但目前唯一可以确定的是与疱疹病毒无关。这就很尴尬。第二个是蝙蝠为何体温高，他说是因为蝙蝠飞行过程中产热高。然后我的两位生竞同学就开始反驳。其实是因为蝙蝠感染病毒较高，它的免疫系统发达，调控体温较高且蝙蝠能够立即起飞，需要较高的基础代谢，所以体温较高（与褐色脂肪组织有关）。然后他就直接说你不懂，然后胡搅蛮缠过去了，之后我们底下自己讨论，他又说我们扰乱课堂秩序。其次，他最喜欢针对医学生（人少，他又是教生物化学的），然后开始吹了，其实医学学的是人卫社的《生物化学与分子生物学》，和他的生化半点关系都没有，非要给自己镀金。还有他国际顶级期刊一节课至少要说几遍，其实讲的都是宣传一样的东西。比如啥每天吃水果可以咋的之类的。然后再说说他的分组，三人一组，期末展示，然后抓阄选题。最终，几个人一退课，几个组就灭了，合并到其他组，之前的准备都废了。
145674,2091,史锋,2021-12-31 05:17:56,-9,5,14,上的生化实验，体验很差。自己讲不清楚要怪学生，要求严苛，脾气火爆，骂起人来毫无底线。水平还可以，适合研究不适合教学
146719,2091,史锋,2022-01-07 09:28:02,20,21,1,“你们一定要多写”\n\n“你们一定要多写”\n\n“你们一定要多写”\n\n我爱锋酱！\n\n锋酱海底捞之王！！！
146720,2091,史锋,2022-01-07 09:29:01,6,6,0,感谢锋酱🥰🥰
146721,2091,史锋,2022-01-07 09:31:23,8,9,1,锋酱yyds  学弟学妹们不要害怕，生化好好学，锋酱的海底捞技术远远比你想的很强大。（隔壁生态学好好学学）
146722,2091,史锋,2022-01-07 09:31:41,5,5,0,谢谢锋酱！！！
146723,2091,史锋,2022-01-07 09:32:13,4,4,0,海底捞
146725,2091,史锋,2022-01-07 09:32:49,5,5,0,啊啊啊啊啊 大爱峰酱！！ 讲课很有意思 关心学生 ！！
146728,2091,史锋,2022-01-07 09:34:25,4,4,0,史锋老师我吹爆！人超级好！跟着他！准没错！海底捞之王！当然！不止于海底捞！
146733,2091,史锋,2022-01-07 09:48:50,5,5,0,锋爹😍😍
146749,2091,史锋,2022-01-07 10:18:41,6,6,0,球球了阿锋麻麻🤤捞捞🤤🤤🤤上4已经很满足了，生化真的很难，阿锋是真的海底捞
146754,2091,史锋,2022-01-07 10:30:46,5,5,0,锋酱海底捞之王！！！本来想只要堪堪及格飘过就好，没有想到锋酱真是抬手硬捞，人真的非常棒，也很关心学生。\n\n考试插一嘴，因为是英文课件上课，所以学起来的确会有压力，可以选择性理解一下，但是一定要好好复习他划的考试重点。\n\n最后，再次谢谢锋酱！！！！
146808,2091,史锋,2022-01-07 13:27:46,1,1,0,捞的真狠
147911,2091,史锋,2022-01-11 06:59:39,-2,0,2,必须10分！
149665,2091,史锋,2022-01-16 09:43:37,1,2,1,谢谢锋酱，捞人力度简直太大了
163559,2091,史锋,2022-12-15 06:30:46,-1,0,1,通识课生科导\n\n事情不多不少，两周上一次课，但是没有课的周需要线上看课做测验\n\n测验题非常多，虽然没有时间限制，但是上网搜也搜不到，最后测验实际得分比较低
166946,2091,史锋,2023-01-14 10:19:41,1,2,1,幽默风趣!
166960,2091,史锋,2023-01-14 10:52:56,-1,0,1,好会捞 喜欢sf老师哈哈哈哈
167852,2091,史锋,2023-01-19 13:09:40,1,2,1,海底捞的神！而且上课幽默风趣，讲课中偶尔穿插的各种生活小tips和自己的“黑历史”会让你会心一笑。认真听讲的话真的血赚！
171142,2091,史锋,2023-03-17 02:27:51,1,2,1,生化实验讲的不是很清楚，一直让我们自己思考，有时候说话听着不太舒服，但还功能捞的
172900,2091,史锋,2023-05-09 12:53:38,-1,0,1,生化实验。老师比较耐心（和章老师比），会照顾到我们是第一次接触相关操作，讲得比较保姆级（会讲一步做一步）。但是课程相关通知不是很及时，回答同学的课后问题也不太清楚。
177503,2091,史锋,2023-07-03 13:28:14,0,1,1,生科导，事不算多，给分厚道
181749,2091,史锋,2023-10-31 02:03:35,0,1,1,生命科学导论❌\n\n生活哲学导论✅
189352,2091,史锋,2024-01-23 10:57:19,-1,1,2,生化海底捞，上课风趣有货，隔壁小孩都羡慕哭了
189948,2091,史锋,2024-02-03 11:28:18,1,2,1,sf老师捞捞捞捞捞，感觉老师特别可爱而且他居然能记得我啊啊啊啊啊啊啊啊啊，喜欢(❤ ω ❤)
191488,2091,史锋,2024-04-23 13:10:18,0,3,3,生化实验，说话能不能再冲一点，不是说不能发在正刊上的就全是垃圾；也不是说找了其他老师就是不尊重你，生化实验2一天到晚找得到你人一样...\n\n课后交流挺正常一人，上课展示的时候硬控全班，一组一组骂过来，呵呵可能上实验课使人变态吧...
200020,2091,史锋,2024-10-11 07:09:57,1,1,0,..........
205701,2091,史锋,2024-12-11 10:58:18,0,0,0,【生命科学导论】上课幽默风趣，有很多前沿知识，还会推荐我们进行无纸化学习
211318,2091,史锋,2025-01-11 07:44:41,0,0,0,男神，人很好，风趣幽默的老师——
212834,2091,史锋,2025-01-15 04:23:50,0,0,0,生化神中神海底捞！老师我们敬爱你口牙！
213014,2091,史锋,2025-01-15 14:58:15,0,0,0,海底捞战神，事少分高，给画重点，这还不选？
14342,2196,易文,2016-01-06 12:14:40,6,9,3,总想说，老师你小点声，影响我上自习了
14673,2196,易文,2016-01-08 08:04:13,8,14,6,声音实在是平得不能再平了...很容易入睡，但是！老师是大牛啊大牛！想要靠近的小伙伴抓紧啦！
28375,2196,易文,2016-06-28 08:42:53,7,13,6,老师的牛，不是自己说的，而是在上课时那副“孩子这真的是最基本的，我讲得好无聊啊...”的脸透漏的
60093,2196,易文,2017-10-10 06:07:32,13,18,5,老师是大牛，曾留学Caltech，从来不布置作业！
68897,2196,易文,2018-01-24 05:26:46,2,7,5,老师虽然上课语调有些慢，但是老师回答问题真的很耐心，非常好
68934,2196,易文,2018-01-24 06:37:49,1,8,7,给分超好！考前刷刷卷子绩点不会低的！
69076,2196,易文,2018-01-24 08:03:20,1,7,6,老师很强但是上课没啥激情。不过事少给分好
69085,2196,易文,2018-01-24 08:06:59,1,5,4,老师还是挺好的 有复习课 答疑也很耐心
69099,2196,易文,2018-01-24 08:22:55,2,7,5,讲课没激情，上课基本不听，但是！！！凭最后给的复习ppt和历年卷子，上4不是梦。认真背的话，可以拿很高的分数
86476,2196,易文,2018-09-17 00:07:26,1,5,4,特别棒！
103289,2196,易文,2019-02-27 07:11:28,-1,1,2,很喜欢，但是被卡绩了嘤嘤嘤
132417,2196,易文,2021-02-01 11:55:18,9,10,1,救命啊
132432,2196,易文,2021-02-01 13:43:10,9,10,1,快跑，给分极差
132548,2196,易文,2021-02-02 08:17:50,10,12,2,考前划的重点基本不考，平时啥事不管，快跑吧
145943,2196,易文,2022-01-04 14:00:51,8,8,0,给分巨差，自主命题完全避开复习PPT
145944,2196,易文,2022-01-04 14:04:05,2,4,2,老师真棒哦真棒哦真棒哦
145945,2196,易文,2022-01-04 14:03:18,4,5,1,快跑！！！我们班最高3.9，自己去体会吧。
149487,2196,易文,2022-01-15 15:06:30,3,4,1,虽然不知道我们班最高是不是真的只有3.9，但是就我个人而言真的很差……同样是辛辛苦苦熬夜背书，自我感觉试卷做出来的程度也差不多，细生给分也没有到生化这么低……
165570,2196,易文,2023-01-08 12:37:49,6,6,0,春春的傻卵，考点乱给，麻了坑死人了
165577,2196,易文,2023-01-08 12:49:35,5,5,0,我学的时候考点乱给，当时各班单独出卷，结果还和考试题目出的大部分不一样；而且考完也不调分，平均分比其他班低得多，向他反映也没用。只能说快逃👎
165581,2196,易文,2023-01-08 13:00:52,7,7,0,兄弟被卡分了，我听着都离谱\n\n顺便关注永雏塔菲喵，关注永雏塔菲谢谢喵
173525,2196,易文,2023-05-28 01:18:11,1,1,0,心高气傲，不知所云。是，老师是大牛，但我觉得人品不行，就这样。
48359,2239,陈新爱,2017-03-02 10:03:45,0,0,0,非常好
16531,2253,陈军,2016-01-18 10:13:14,1,1,0,老师人很好
20763,2253,陈军,2016-01-31 07:01:50,1,1,0,人不错的老师
38199,2253,陈军,2016-11-26 07:45:59,0,1,1,生物化学 上课无聊作业居多
47797,2253,陈军,2017-02-25 05:36:26,0,0,0,这老师还上行策？！老师上课很激情，但是有点混乱，反正我听不太懂……
49564,2253,陈军,2017-04-28 05:26:05,4,6,2,基因突变与进化B讲得很用心，但是给分有毒
49991,2253,陈军,2017-04-28 06:23:30,5,9,4,头一次看见这样给分的老师。各位慎重吧\n\n
49999,2253,陈军,2017-04-28 09:47:57,4,5,1,大绩杀
50002,2253,陈军,2017-04-28 10:32:23,3,7,4,呵呵呵，大绩杀不说话
50075,2253,陈军,2017-04-30 02:21:57,4,6,2,唉，绩点低难过，问了老师，老师回复地很快很仔细，才发现是作业错了好几道。唉百度不可信，信之掉均绩啊〒_〒\n\n宝宝不服
50076,2253,陈军,2017-04-29 07:54:41,1,1,0,老师挺用心的
50112,2253,陈军,2017-04-30 02:12:22,4,7,3,怎么说呢，有付出就有回报吧，基因突变B这门课，层主社科生，每节课签到，课后把ppt下载下来，最后大作业认真做，翻译一下ppt，再结合一下百度，也是可以得到高绩点的（层主4.5），不吹不黑，你们那些天天上课水手机的、不签到的，说实话绩点也不可能高。没有付出就没有回报！老师上课很有激情，人也不错，不过说实话上的基因突变这门课与高中知识重合太多。
50206,2253,陈军,2017-05-01 07:53:40,3,4,1,给我感觉就是老师负责认真，最后作业好好写，结果不会差
53410,2253,陈军,2017-06-26 14:08:39,4,10,6,巨好无比的老师 真的好 行策绩点比上其他老师课的室友好不知道多少了 神tm出分的时候我都惊呆了
53411,2253,陈军,2017-06-26 14:09:01,8,16,8,裸考绩点3.6虽然拉绩点 但是我觉得很好 你们上过别的老师的形策就知道陈军老师是多好了。每节课都来，不点到，没什么事情，挺舒服的。结束的时候在群里和我们说了很多有道理的话，很值得思考。
53729,2253,陈军,2017-06-27 11:45:44,1,1,0,老师很好啊，上课很轻松~
53815,2253,陈军,2017-06-27 16:07:20,0,0,0,太给力了
68930,2253,陈军,2018-01-24 06:31:53,2,3,1,生化课。虽然老师讲课不是非常非常清晰，但老师很负责，人也很好，及时解答问题，没交作业会影响平时成绩 一直督促没交的同学交作业，考前画重点，给分很好。生化需要自己努力才行。
82153,2253,陈军,2018-07-07 08:48:14,-1,0,1,老师的绩点给的很客观 人也很好\n\n\n\n就是形策事情比其他班级多了“一点点”
83336,2253,陈军,2018-07-10 07:00:00,2,2,0,天坑d(ŐдŐ๑)我和我的小伙伴绩点\n\n都莫名其妙低
83480,2253,陈军,2018-07-10 11:26:15,0,3,3,给了10分，但是想知道为什么只有2.4啊。。。。每次上课都去每次作业当天晚上交。。。。。
83490,2253,陈军,2018-07-10 12:08:23,9,10,1,看得出不怎么想给学生上课，好几次直接甩锅助教自己走了，给分很差，少数几个行策课后一直有作业的老师，慎选
84639,2253,陈军,2018-07-13 12:11:41,1,1,0,不清楚老师的评分标准
95161,2253,陈军,2019-01-19 02:31:11,3,5,2,虽然我不是他班里的学生，但是他保住了我的小命！谢谢老师
95660,2253,陈军,2019-01-19 23:48:24,1,1,0,谢谢老师！
98080,2253,陈军,2019-01-23 05:04:29,4,6,2,生化的陈军为什么没有姓名，考前画重点很好了，还会发历年卷，虽然作业一次写半本，但老师人还是很好的，最后被卡绩有一点难受
102672,2253,陈军,2019-02-19 11:32:36,7,8,1,生化的cj很棒了
108693,2253,陈军,2019-05-31 09:11:49,5,5,0,上的生化 这老师相当负责讲得也很有耐心很为学生考虑 考前的重点相当妙不可言 背了绝对分不低的 虽然平时作业是要抄很多但是毕竟生化又多又难记这样起码有个印象 反正是个难忘的好老师！！！
110529,2253,陈军,2019-06-27 09:55:15,2,4,2,形策每次都拖堂 每次都有作业
111227,2253,陈军,2019-06-30 16:13:25,1,1,0,形策 中规中矩吧
117675,2253,陈军,2019-09-28 16:36:31,0,0,0,超级击杀
125651,2253,陈军,2020-09-12 14:20:31,4,4,0,给分可以，上课也可以！老师人很好很温柔，本人觉得挺好的。
125914,2253,陈军,2020-09-15 14:26:08,-10,3,13,幼师一般的0.75倍语速，点名，nt问题一大堆，每节课都有作业，虽然我确实裸考但是作业认真写，这样子思政课才得2.7吗。。。
131854,2253,陈军,2021-01-29 06:44:00,8,8,0,生化甲 陈军 赞爆！
132598,2253,陈军,2021-02-02 14:34:08,8,9,1,他真的，救了我的命。
148504,2253,陈军,2022-01-12 17:11:14,7,7,0,(生化甲)考前划重点真的很感谢！最后一节课老师讲的都是考试重中之重，一定要重视，每(！！！)一句话涉及到的知识点都要背下来！
208427,2253,陈军,2024-12-27 12:53:37,1,1,0,发育生物学上的挺不错，就是话筒的使用不太好，导致智云回放他的课音质会很难受，大家上课第一遍一定要好好听。
210822,2253,陈军,2025-01-10 06:51:04,1,1,0,无敌，陈军老师我高低得给您磕一个！
13572,2285,杨帆,2015-12-29 11:15:26,4,8,4,上课蛮不错。细致，美女一枚！
16321,2285,杨帆,2016-01-18 02:47:28,6,10,4,美女老师，上课挺好的，实验讲得很细致
29331,2285,杨帆,2016-06-29 15:15:59,1,4,3,老师知识面很广讲的也很好，但是听一节课就累了，没什么趣味
32829,2285,杨帆,2016-07-16 10:23:55,3,6,3,美女老师
43961,2285,杨帆,2017-01-17 07:10:52,-1,3,4,好老师 耐心
43979,2285,杨帆,2017-01-17 07:24:57,8,10,2,女神+超负责+给分好！\n\n90以上11%，80-89占61%，好棒的！
44305,2285,杨帆,2017-01-17 14:44:43,1,4,3,特别有耐心的老师！期末考试前我们在QQ群里问问题，老师一个个回答过去。人超nice～
56141,2285,杨帆,2017-07-03 06:45:51,2,5,3,很好的美女老师
100430,2285,杨帆,2019-01-26 06:18:36,-1,1,2,吹爆帆姐！
103888,2285,杨帆,2019-03-07 03:26:23,-2,0,2,老师像板娘
106528,2285,杨帆,2019-04-28 04:12:14,1,2,1,感觉讲得很好也很有意思
110822,2285,杨帆,2019-06-28 09:27:01,0,2,2,讲得很好很好很好
128071,2285,杨帆,2020-12-06 07:43:35,1,2,1,不解释
132809,2285,杨帆,2021-02-03 21:52:06,2,7,5,老师人好，上课比较轻松愉快。但建议慎选分子杂交技术。因为此门课程人太少，又要正太，还有老师的“嫡系学生”，所以拿高分不容易，而且还是3学分的专业选修课。总之，不如修高级生化，虽然难度大事情较多，但给分有保障，是不是？
152624,2285,杨帆,2022-04-16 08:15:16,-2,1,3,老师人超好QQQAQQQ
166749,2285,杨帆,2023-01-13 11:57:12,1,2,1,毕业后也能记住名字的老师
166826,2285,杨帆,2023-01-13 17:43:04,9,10,1,¡Muy bien!
168080,2285,杨帆,2023-01-26 06:51:49,18,20,2,教西语的杨帆老师真的吹爆！人美心善的大姐姐！备课特别认真，也会细致的解答所有问题，老师特别好，给分也好，而且一直鼓励我们，真的好爱她！
172495,2285,杨帆,2023-04-28 02:38:28,-2,1,3,合成生物学，主要是实验课，很不错
177875,2285,杨帆,2023-07-05 07:43:01,-2,2,4,给分不行
179600,2285,杨帆,2023-09-18 14:35:03,17,18,1,西语杨帆老师真的好好！！真正的人美心善，选上的同学一定一定要珍惜！！
193437,2285,杨帆,2024-06-11 02:34:20,1,1,0,被卡绩了。\n\n上课很好
197129,2285,杨帆,2024-07-08 04:17:31,7,8,1,西语1.2都4.8 杨帆老师是天使
206223,2285,杨帆,2024-12-13 09:18:22,-2,0,2,（生科院杨帆）博雅技艺合成生物学蛮好玩的，老师上课基本理论知识过的很快，文科没有比较知识的同学可能需要慎选。实验操作照着ppt一步一步来就好，老师会在旁边指导，结果基本不会太差，课后有电子版实验报告要交。期末是合成生物学竞赛案例的pre，整体上下来感觉还是不错的，但是给分不是很理想吧，缺博雅技艺的同学可以考虑
213819,2285,杨帆,2025-01-20 06:18:09,6,7,1,西语I\n\n神仙老师，十分送上！
214059,2285,杨帆,2025-01-23 10:26:51,5,5,0,连上三个学期的西班牙语了 无敌帆老师
215837,2285,杨帆,2025-04-03 11:43:35,4,4,0,¡10分送给最喜欢的profesora杨帆老师！讲课深入浅出，回答问题很细致耐心，而且老师特别温柔可爱呜呜呜，上课例句里有个el perro muerto（死掉的小狗）， 然后老师说希望所有的小狗都不要死掉呜呜呜！¡帆老师我们喜欢你！
217939,2285,杨帆,2025-04-18 07:26:44,2,2,0,合成生物学\n\n课是不难的，分是不高的\n\n千万别选！千万别选！千万别选！\n\n除非迫不得已！
218307,2285,杨帆,2025-04-22 12:00:45,0,0,0,合成生物学，个人认为自己完成的比较好的课程，和身边同学都不能理解分数怎么会低成这样，上课还是比较轻松有趣的。
7504,2479,柯越海,2015-09-15 00:54:36,15,19,4,人很nice，上课也准备得很认真，是超好的老师呢
33397,2479,柯越海,2016-09-19 05:45:35,1,2,1,很不错\n\n
34558,2479,柯越海,2016-10-13 11:45:13,0,1,1,课件英语的，老师很和蔼，上课还不错。
35569,2479,柯越海,2016-11-10 07:28:14,3,6,3,课件是英文的TAT
43382,2479,柯越海,2017-01-16 08:05:27,0,2,2,老师人挺好，有时候会无厘头拍照点名，哈哈哈，然后生命科学课是四个老师一起上的，认真听会有点收获不过因为英语ppt所以很多内容都记不住。
43708,2479,柯越海,2017-01-17 00:37:24,-1,3,4,人很好，PPT是英文的，但讲课用中文
43709,2479,柯越海,2017-01-17 00:38:08,-1,2,3,给分超好，水水过，哈哈哈
46053,2479,柯越海,2017-01-20 13:52:21,0,2,2,老师很好，可以学到很多，只要自己不水就行
46285,2479,柯越海,2017-01-21 06:38:01,-1,2,3,老师挺好的，一看就是很好玩的人，上第一节课点名用了拍照这样清奇的方式，讲课不错。
46915,2479,柯越海,2017-01-23 02:14:13,0,2,2,水。绩点太低。
46941,2479,柯越海,2017-01-23 04:30:58,6,7,1,生命科学概论，几个老师共同上的，柯老师很不错，但其他老师一般般。ppt是英文的，讲课用中文，考试是十道论述题，我和几个同学都选了，绩点很低！绩点很低！绩点很低！！！
47783,2479,柯越海,2017-02-24 13:52:23,1,3,2,老师挺好的，只要平时不缺课，考试认真一点多写点就好，啊哈哈
102682,2479,柯越海,2019-02-20 08:14:47,-1,2,3,很幽默
109153,2479,柯越海,2019-06-10 09:27:32,11,14,3,课程中有很多可以听的东西，但是论文真的烧脑，开放性论文加上人类学范围之大导致论文选题成为问题。另外，身为一个明知自己下学期要开课的老师，在开课前连考核标准都没有准备好，拿去年的讲，最后又改了，实在让人无法相信这位老师尊重选课的学生，此外，对于第一节课答应的给PPT和往届优秀作品的承诺也不翼而飞，实在拿不出来可以不说，言而无信，效率低下对于临近期末的学生来说岂不是谋杀。
110742,2479,柯越海,2019-06-28 06:56:11,4,6,2,很无聊
110792,2479,柯越海,2019-06-28 08:30:05,5,6,1,人类学这门课不太好……不如开讲座
111203,2479,柯越海,2019-06-30 14:09:41,2,4,2,。。。。搞得好像这门课很厉害的样子
114644,2479,柯越海,2019-07-11 02:36:52,3,4,1,人类学……emmmm很迷。虽然上课有超级多干货，但是内容特别杂特别乱，期末考核的标准也是第三个星期才出，最后只留了20天让我们准备论文，最后的展示跟总评关系超大，要是组内有大佬就问题不大，没有的话就有点麻烦了。
116217,2479,柯越海,2019-09-06 09:22:47,2,2,0,让人无语的老师
135863,2479,柯越海,2021-05-30 09:56:48,8,8,0,分子医学2，真的讲得很好。深入浅出，幽默风趣，比喻生动形象，还有小故事听！最终分数也不错，考试要点上课时老师都会圈到！
153564,2479,柯越海,2022-05-04 23:55:42,1,2,1,给分好差
198587,2479,柯越海,2024-09-10 05:47:33,2,2,0,不愧是中国产业化冬虫夏草研究成功第一人——柯传奎的儿子
209236,2479,柯越海,2025-01-05 06:55:21,0,0,0,听得最明白的一个
16319,2480,傅承新,2016-01-18 06:45:22,8,8,0,挺好的老师，很热心\n\n
28323,2480,傅承新,2016-06-28 08:32:53,5,6,1,老师很和蔼，实验最后还在做也不会说什么，不管什么程度的学生问问题都会好好地答，非常有耐心！
41238,2480,傅承新,2017-02-15 12:50:54,6,6,0,老师人非常非常好，跟学生关系也很好，懂的也很多。
47520,2480,傅承新,2017-01-29 04:43:51,1,1,0,很好的老师，讲课很认真
47529,2480,傅承新,2017-01-29 14:23:23,4,4,0,老师给人的感觉挺好，和蔼有耐心。
71583,2480,傅承新,2018-01-28 15:53:33,1,1,0,老师讲课慢声慢气的，懂的很多，受教一生。
125665,2480,傅承新,2020-09-12 17:32:08,1,1,0,上的是邱英雄老师和傅老师的植物学甲，傅老师虽然上课比较催眠hhh但是人真的特别好，很温柔，不仅仅是教书，更是育人。老师去年65岁退休了，很感激他让我爱上了植物学，爱上植物系统分类（虽然上课还是邱老师更有意思一点）。这门课实验课一定要认真上，然后自主论文也要认真写，最后老师出卷的内容全部都在老师给的提纲里面，一定要每一题都去做，去背熟。很羞愧上课没有认真听，但是实验课让我觉得特别快乐，即便课堂上没有怎么听实验课也掌握了很多知识，最后居然有4.8！怀念傅老师
34874,2533,方盛国,2016-10-26 01:37:21,4,4,0,保护遗传学概论，最有趣的一门选修！老师人非常亲切，讲他的那些经历都绘声绘色，还喜欢当人生导师帮助失恋学生走出阴影(。
35692,2533,方盛国,2016-11-10 07:46:51,2,4,2,好像之前不是给本科生开课的，所以没有过往的评分参考，但是老师讲的很有趣，收获很大，一生推的好老师!
35790,2533,方盛国,2016-11-10 08:11:22,7,7,0,保护遗传学，短学期，没考试没论文，不点名，上课交几个小作业，期中附带出游，很舒服的课。
36763,2533,方盛国,2016-11-16 02:47:32,9,12,3,超级棒的老师啊，讲课很有趣，没有论文没有考试，就有几次下课前交一些小作业，还出去玩了一天。上课内容不仅是知识，还有他各种之前的经历，四川人特别风趣，绩点还没出，但是他课都上成这样了还苛求什么绩点呢？
37911,2533,方盛国,2016-11-22 02:51:02,3,4,1,老师讲课有趣，没论文不考试还能出去玩，给分也好
101050,2533,方盛国,2019-01-27 10:34:56,16,16,0,我！永远！喜欢！方盛国！\n\n一定要选！！！
123532,2533,方盛国,2020-06-09 12:52:45,3,3,0,选他！！！绝不后悔！！！
133400,2533,方盛国,2021-02-27 04:43:14,8,8,0,近日，浙江大学联合深圳华大生命科学研究院、中国大熊猫保护研究中心等单位，发布大熊猫高质量基因组研究成果，首次揭示熊猫秦岭亚种基因组，并结合群体数据对大熊猫独特的生物学特征进行了分析，相关成果将为熊猫的繁育、管理和保护工程起到积极作用。\n\n\n\n\n\n\n\n这一成果发布在知名期刊《科学通报》（Science Bulletin）上，论文的第一作者为浙江大学生命科学学院博士研究生光宣敏，通讯作者为浙江大学生命科学学院方盛国教授和深圳华大生命科学研究院刘欢研究员等。\n\n\n\nhttps://mp.weixin.qq.com/s/wTQnBoDLuSCvpT5Zlt7W6w
144702,2533,方盛国,2021-12-23 08:14:39,0,4,4,保护生物学，都给我选！\n\n老师人很好，课后写写小感想，考前有提纲。周末还带我们出去玩了一天
146891,2533,方盛国,2022-01-08 02:40:58,0,5,5,方老师人超好，给分很高，上课讲的东西也不死板，平时事情也不多，就写几百字的感想，中间还附赠一次公费旅游，简直不要太棒！最重要的是期末还给你复习！感谢方老师！
154041,2533,方盛国,2022-05-20 04:58:32,0,3,3,放松的心态，风趣的课堂，那次扬子鳄朱鹮保护区太美，流连忘返。师者传道授业解惑
168195,2533,方盛国,2023-02-01 10:51:27,3,5,2,保护生物学很水，适合混学分，学不到什么有用的东西，不是给分好的课就是好课
168639,2533,方盛国,2023-02-20 13:12:15,2,2,0,绩点4.8估计是平均水平，水的要命的课，老师不是很上心，想混学分拿高分的可以选，想学有用的知识的就别选了
173783,2533,方盛国,2023-06-02 17:07:35,0,0,0,保护生物学 很有意思的大水课 还有一次公费出游 老师人很好给分巨巨巨好！！都给我选！！
185629,2533,方盛国,2024-01-03 06:21:41,0,0,0,选得上就别退了
189802,2533,方盛国,2024-01-29 14:42:13,1,1,0,感觉这门课就是来救赎我的绩点的！
189804,2533,方盛国,2024-01-29 14:54:15,0,0,0,给分太好了
189907,2533,方盛国,2024-02-02 02:54:48,3,3,0,神 不解释 问就是无敌
213368,2533,方盛国,2025-01-17 05:22:40,0,0,0,方盛国老师是我的神😭😭😭
213388,2533,方盛国,2025-01-17 07:19:14,0,0,0,喜提我的最高分98，感谢方老师，方老师讲课很有趣，给分也特别好，不过教材上知识点会更多，想拿高分来，想学干货建议搭配教材学习！
213926,2533,方盛国,2025-01-21 12:12:42,0,0,0,完美事少分高
13843,2589,杨劲树,2016-01-01 08:09:23,7,8,1,非常负责任的老师，有问必答
18641,2589,杨劲树,2016-01-22 07:42:00,3,4,1,很负责
18726,2589,杨劲树,2016-01-22 12:07:50,1,1,0,回答问题很认真。
29333,2589,杨劲树,2016-06-29 15:16:58,-29,0,29,这老师没什么逻辑，废话多，做实验基本靠自己
33247,2589,杨劲树,2016-09-16 14:01:42,3,3,0,听着老师的课，想起了那些年没有学完的生物化学
40450,2589,杨劲树,2017-01-03 11:53:05,2,2,0,老师人很好，但课程安排的不是很紧凑合理
43915,2589,杨劲树,2017-01-17 06:21:33,2,2,0,老师超级好
43953,2589,杨劲树,2017-01-17 06:59:23,1,2,1,很好的老师，很有耐心，不点名
43966,2589,杨劲树,2017-01-17 07:14:50,4,4,0,不说了，树哥好人，上过的都懂
43988,2589,杨劲树,2017-01-17 07:36:40,7,7,0,杨老师人超级好啊，虽然上课效果一般（主要是因为生化丙这门课内容太乱），但是给分好啊！
45501,2589,杨劲树,2017-01-19 15:38:35,5,5,0,浙大难得的好课，上课超水，期末略难，至于绩点（手动滑稽）。
75310,2589,杨劲树,2018-03-09 01:23:49,3,3,0,杨老师是我见过的具有大学教授气质的一个老师
97499,2589,杨劲树,2019-01-22 09:30:10,18,19,1,大学如遇此老师，还有何求？\n\n一切塑造好老师的因素都能在他身上找到\n\n长学期的理论课，短学期的实验课，得到的，远超书本上的知识\n\n恩师，永远难忘\n\n
127959,2589,杨劲树,2020-12-01 09:59:40,5,5,0,老师很可爱
144480,2589,杨劲树,2021-12-22 00:15:41,2,2,0,因为这个老师我都想转到生科了
145795,2589,杨劲树,2022-01-02 11:14:41,1,1,0,课件非常用心，备课非常充分，拓展生动有趣，且考前还会发一份复习提纲帮助复习，实在是太好了！
177363,2589,杨劲树,2023-07-03 04:28:27,1,1,0,首先给分超好，上生化丙的强推。其次上课给人感觉略水，读ppt比较多，但是认真听下去会发现老师经常会学了一个新知识点和前面学过的联系起来，比如乙酰CoA老师说过很多次。教学水平还是在线的。实验课不错，废话不多，比很多实验课老教授好多了。\n\n总体来说首先很自由，认真学也不水、学得到东西。
189695,2589,杨劲树,2024-01-27 03:05:48,0,0,0,树哥其实上课真的很好 逻辑清晰 用词精准 ppt也干货满满 可惜大家都翘课 \n\n\n\n最后给分也很好！
220943,2589,杨劲树,2025-06-20 11:58:18,0,0,0,老师给分很好！上课教得清楚，实验课也很有耐心！满分！
221454,2589,杨劲树,2025-06-23 17:45:18,0,0,0,绝世好老师，干货满满，给分不手软
198217,2593,董伟仁,2024-09-05 07:32:59,1,1,0,非常欣赏的老师
30062,2659,高海春,2016-07-01 01:30:04,1,3,2,还不错哦
32349,2659,高海春,2016-07-06 08:08:56,-12,8,20,感觉是生科院最好的老师之一
35274,2659,高海春,2016-11-07 12:54:31,-14,7,21,生科院最好老师之一
79444,2659,高海春,2018-06-05 08:10:59,2,4,2,有点毒舌但是超可爱的老师！
83474,2659,高海春,2018-07-10 11:00:57,4,9,5,讲课有条不紊，思路超级清晰，对这门课的理解果然非比寻常。不过毒舌是真的，一学期被怼了三四次
107144,2659,高海春,2019-05-02 02:12:12,3,5,2,被带过课，课堂体验超好，平时小测会让你熟悉提醒，羡慕死了
115539,2659,高海春,2019-08-02 03:46:03,6,6,0,听他的课甚至有种听百家讲坛的感觉
115550,2659,高海春,2019-08-05 02:42:21,12,19,7,垃圾老师，总是高高在上的样子。\n\n而且还会嫉妒别的老师的成果。\n\n最坑爹的是会信口雌黄，一次课上，一个同学明明来听课了，他强行说没到
117238,2659,高海春,2019-09-21 03:16:24,5,8,3,就让人很不爽就是了
117961,2659,高海春,2019-10-17 02:31:51,0,1,1,。。。
119255,2659,高海春,2019-12-01 07:10:35,7,22,15,据说这个老师是在美国跟某个女生干了什么事情，然后被赶回来的。\n\n回来之后还以为自己是老大，比他更牛逼的方卫国回来之后，就心生嫉妒，背地里做着见不得人的事情。
125344,2659,高海春,2020-09-07 06:36:21,-18,3,21,谢谢高老师给我这个英语渣4.5
146897,2659,高海春,2022-01-08 02:53:05,5,8,3,垃圾老师，自以为是
153005,2659,高海春,2022-04-23 12:36:41,8,12,4,为什么这么多差评？上课很有逻辑，会结合课堂说很多最新的研究成果，也没有毒舌、妒忌别的老师什么的。个人认为他是我这学期所有专业课最好的老师。
155458,2659,高海春,2022-06-13 05:34:04,10,11,1,老师，我给你10分，你多给我点分吧要挂了呜呜呜😭
155583,2659,高海春,2022-06-14 12:41:40,-22,3,25,怎么好几个满绩的。。。看来老师确实狠狠调分了。。4.8也能接受吧🤒
159029,2659,高海春,2022-07-05 00:54:04,-9,2,11,老师的确是狠狠调分了\n\n全班没有一个人挂\n\n我期中还行 期末只复习了一晚 总评也有83
194187,2659,高海春,2024-06-22 11:36:56,1,1,0,改试卷速度很快
194371,2659,高海春,2024-06-23 11:50:19,3,4,1,老师改卷很快，有展示加分，期中全是选择，期末参考历年卷可以灵活复习。最终给分还不错，挺捞的
216161,2659,高海春,2025-03-11 08:47:48,1,1,0,讲不清楚
216585,2659,高海春,2025-03-19 02:06:06,0,0,0,哈基米哈基米哈基米哈基米哈基米哈基米哈基米
217011,2659,高海春,2025-03-31 08:50:42,1,1,0,上课水平很一般，英文PPT，专业名词不翻译，只翻译一些简单的词汇
220267,2659,高海春,2025-06-17 04:16:25,2,2,0,一学期没点过名，但是很自负的一个老师（并且非常优绩主义），几乎无法沟通，挂了三个人，分数比预期的差，卡一分不捞，然后在期末对一个没有填选择题的同学大吼“规矩就是规矩，你是怎么考上大学的”，然后抢走卷子不让填。讲课能讲清楚但是1.5倍速才是正常语速，而且非常多有的没的，上课喜欢乱扯，典型的老年松弛男教师。实验课比较有趣也不难，但是推荐大家能别学微生物就别学，学点植物学啥的别给自己添堵。
220279,2659,高海春,2025-06-17 05:14:21,2,2,0,高分很高，低分很低。讲课一般
220399,2659,高海春,2025-06-17 16:14:46,2,2,0,本学期班里超过一班的人总评上不了八十，怪不得查老师他的微生物均绩3.6几呢。。。\n\n高老师平常讲课语速确实很慢，讲的东西也有点乱，不是很系统。期末75分的大题考了很多微生物分子遗传调控、分子技术（怎样设计实验验证…）之类的内容，但上课讲的又不深入，感觉对没有学过遗传、分子的同学略显不友好。\n\n个人感觉他是有些个人素养比如最后一节课分享酒文化能看出来他读过很多文学/电影之类的，但真的有点自以为是。\n\n总之就是很难评呀，叹气
220781,2659,高海春,2025-06-19 16:36:30,0,0,0,小组展示说是自愿，但又占总评5分，限期中考班级成绩前40％参加，40％以后的每小组最多一人，没抢上总评5分没了，绩点直接掉两个档。唉，虽然老师本意是说“期中没考好的同学好好复习”，但我离40％就差一分呐，这报不上就强行拉大了分数差距，变相提高了期中考试的分数占比啊...平常讲课没什么重点，钉钉也从不回复，考试纯靠看历年题...纯英文卷...反正大家慎选吧
221090,2659,高海春,2025-06-21 08:14:20,1,1,0,怎么说呢，虽然最后给分也不坏，而且个人比较喜欢最后一节课他讲的酒文化和鼓励我们hardwork的内容，能看出确实有些人文素养，但是优绩主义、社达主义和自负这点确实没得说，听说他的实验室也很压抑，白天都锁着门。总之个人认为不是可以亲近的类型。复习的话用历年卷就可以，上课听讲的话随缘吧。还是要好好看教材。
47795,2687,吴世华,2017-02-25 05:29:23,2,2,0,老师人挺好的，但是科研气息浓厚，上课时候会聊一点自己研究的东西，然而我们并听不懂(＠_＠;)
116187,2687,吴世华,2019-09-05 23:52:49,1,1,0,大师兄…
116255,2687,吴世华,2019-09-06 16:09:22,1,1,0,风趣随和，懂得超多也很热情
5783,2764,邵建忠,2015-07-09 10:40:02,1,9,8,幽默
52109,2764,邵建忠,2017-06-15 01:41:25,0,6,6,很有趣
65627,2764,邵建忠,2018-01-07 15:07:51,1,8,7,很好的老师
66774,2764,邵建忠,2018-01-19 03:40:15,-14,1,15,三个字
91605,2764,邵建忠,2018-12-15 10:23:17,-4,12,16,辣鸡 占用课外时间展示 让我元旦不能回家
93160,2764,邵建忠,2019-01-08 01:22:15,2,16,14,five老师
98340,2764,邵建忠,2019-01-23 10:43:10,-17,9,26,上课迷的不行，总是以一个高层的思维看待苦逼的学生，堪称嘴强王者
130343,2764,邵建忠,2021-01-21 05:52:00,17,26,9,大学最好的老师之一，如沐春风，听得如痴如醉，前仰后倒。讲课深入浅出，课堂活泼，上课充满热情，真的是一位不可多得的好教师！
132169,2764,邵建忠,2021-01-30 22:40:04,14,21,7,我说一句邵老师🐂🍺没人反对吧？上邵老师的病毒学，从来没听过课，就花了两天时间写了一篇综述，给了我4.8
145384,2764,邵建忠,2021-12-29 09:15:56,1,2,1,有情怀的老师
170635,2764,邵建忠,2023-03-07 10:53:18,1,2,1,谢谢老师不挂之恩
190754,2764,邵建忠,2024-03-18 00:28:32,1,1,0,病毒学跨专业真的水啊。爽
208695,2764,邵建忠,2024-12-31 05:18:36,0,0,0,单从应试的角度来讲老师讲的课一点用都没有。。。。重点弥散上课前根本不知道哪些要考哪些是了解。。非重点讲太多了，笔记记完到复习课的时候一看里面记的全是史
208824,2764,邵建忠,2025-01-02 09:19:44,0,0,0,好老师，非常非常好的老师。
213208,2764,邵建忠,2025-01-16 10:34:38,1,1,0,老师是一个慈祥的好老师，但是细胞给分也太差太绩杀了吧……
213322,2764,邵建忠,2025-01-17 02:58:12,1,2,1,老师人挺好的，课值得一听。但是这给分是不是有点离谱？直接就是一个73，我裂开。我寻思着我答得挺好的啊？有那么两题写得不好就直接下3了？百思不得其解。
213402,2764,邵建忠,2025-01-17 09:47:39,3,3,0,同时上了细胞和病毒，老师讲课很好，非常博学，总会在课上分享一些研究方面非常棒的idea，但是。。。细胞题目出得实在很奇怪。课本和ppt的体系不太一样，而且两者对一些细节知识点的强调不同。但是似乎考卷由两个老师按照不同的来源出题，同时存在分别来自于课本和ppt上一些犄角旮旯里貌似不可能考的知识点。。。（另外，病毒学注意可能的点名，但是给分还可以，考完花四五个小时赶完一篇论文拿了4.5）
213415,2764,邵建忠,2025-01-17 08:50:35,0,0,0,老师特别慈祥，上课讲的也比较清楚，病毒学就一篇论文考试周最后一天交就行。这学期病毒学有两次纸质签到，提醒一下后来的同学们~
8809,2936,赵小立,2015-09-28 05:36:20,-16,2,18,呵呵，都不知道讲什么
11338,2936,赵小立,2015-11-27 16:26:16,2,3,1,上的实验课 老师很耐心很仔细
19369,2936,赵小立,2016-01-24 03:29:22,2,3,1,人非常非常好，很有耐心。
19400,2936,赵小立,2016-01-24 05:52:05,5,5,0,只能说人好给分不错，不点名。
20168,2936,赵小立,2016-01-26 11:17:15,2,2,0,很棒的老师
36391,2936,赵小立,2016-11-12 23:00:02,4,4,0,很有耐心
36404,2936,赵小立,2016-11-13 04:39:25,2,2,0,老师超级耐心
45660,2936,赵小立,2017-01-20 02:16:20,4,5,1,讲课还可以，会普及科研知识。给分太好了！激动地想给一个么么哒。。。。因为我以为要挂科的生化，居然考了70分。。。
45937,2936,赵小立,2017-01-20 09:29:15,4,4,0,实验课做了就有很多分了，老师一看就是科研型，不太适合讲课，不过讲的很认真，有问题也耐心解答，实验也好玩~
59830,2936,赵小立,2017-09-27 10:10:42,5,5,0,老师认真的好啊，超级耐心，步骤梳理好几遍，而且有科研精神。
67463,2936,赵小立,2018-01-21 08:55:16,5,5,0,刚考完 祝老师身体健康万事胜意
73337,2936,赵小立,2018-02-01 10:58:25,4,4,0,用心的好老师，认真学给分一定不错
79036,2936,赵小立,2018-05-21 06:56:16,3,3,0,老师真的超级好超级好 上学期上的老师的课 这学期再上别的生物专业课真的再也没有听赵老师课那样舒服的感觉了！！讲的有条理且不刻板 从来不读ppt 而且很有趣味性 生化甲遇上赵老师真滴好
79409,2936,赵小立,2018-06-04 02:45:49,3,3,0,猴啊+++
86676,2936,赵小立,2018-09-18 02:26:02,10,10,0,实验课老师人超好超细心的哦，如果有问题问老师一定会解答！做实验到很晚大家都去吃饭了老师自己没饭吃帮我们看着电泳！感动！
86774,2936,赵小立,2018-09-18 13:45:22,4,4,0,老师人很好！萌萌的！
92537,2936,赵小立,2019-01-02 08:09:03,7,7,0,赵老师真的很好，，儒雅随和。预置到他的课真的是很幸运了，实验步骤讲解很认真，有时候还会费工夫可我们将生化的理论，经常跟我们普及课外的知识(生财之道……)
92557,2936,赵小立,2019-01-03 02:07:14,3,5,2,赵老师真的人超级好！！是生化甲实验里最好的！！
93275,2936,赵小立,2019-01-08 15:28:28,5,5,0,赵老师真的太和蔼了！！超级可爱呀！！从来不会骂人，问问题也是详细地回答，上一波分！！！！
101411,2936,赵小立,2019-01-28 07:05:29,4,6,2,出分慢，但是给分真的好，也无愧于自己花的那么多时间在自主实验上。虽然没有做出像样的结果。感谢老师一学期以来的指导，绝对是生化实验最好的老师。
115658,2936,赵小立,2019-08-16 05:00:39,1,2,1,老师贼好
116588,2936,赵小立,2019-09-12 02:30:18,1,1,0,今天是生化实验的第一节课。感觉像是很好的老师。很亲切随和。\n\n有问题就问，没问题就大胆做。\n\n本来有点怕这门课但是莫名觉得快乐\n\n就随意说说啦。以后再来评。\n\n
121734,2936,赵小立,2020-01-21 10:07:45,3,3,0,只能说，年纪大了
127982,2936,赵小立,2020-12-02 07:34:54,1,1,0,老师超好
131083,2936,赵小立,2021-01-26 01:24:26,1,1,0,老师儒雅又平易近人\n\n真的超好！！选他！！！
133289,2936,赵小立,2021-02-23 13:04:22,3,3,0,生科导H实验部分讲解细致耐心，实验室还有一个老师也很好。声音有点轻。
149741,2936,赵小立,2022-01-16 15:40:36,1,1,0,生科导（H）。\n\n基因工程实验，赵小立老师真的很好！\n\n实验失败了会给你机会重做之类的。而且非常温柔！\n\n实验报告也没什么压力，内容基本都提供好了。
174853,2936,赵小立,2023-06-19 05:23:13,0,0,0,认可。生科导H比另一个老师好多了
9130,3028,陈新,2015-10-14 01:31:59,-1,3,4,数据挖掘课讲得真的很好，能学到东西
103785,3028,陈新,2019-03-05 12:47:48,0,1,1,无语╯﹏╰
123236,3028,陈新,2020-05-23 06:29:56,1,2,1,致死课程
171048,3028,陈新,2023-03-15 03:44:25,0,0,0,拉胯。建议自学。
171848,3028,陈新,2023-04-07 15:59:29,0,0,0,不评价就不能打分吗
219556,3028,陈新,2025-05-29 15:14:45,0,0,0,老师人挺好的 很有亲和力\n\n课的话 有一种知识过脑的感觉 阿巴阿巴
8920,3096,孙益,2015-10-01 01:38:28,6,6,0,很有耐心又热心，性格超好
21621,3096,孙益,2016-02-29 10:43:26,2,3,1,对学生非常好
34302,3096,孙益,2016-09-30 04:45:04,4,4,0,老师很绅士
36507,3096,孙益,2016-11-14 10:25:40,5,5,0,好多专业课里面少有的一直专心听讲的课～老师超可爱啊很儒雅，带实验课也非常耐心.
46011,3096,孙益,2017-01-20 11:45:36,3,3,0,见过最清晰的ppt没有之一
47794,3096,孙益,2017-02-25 05:26:26,3,3,0,期末最后几堂课一定要去……会点名……ppt干货超多，老师讲课也很认真，说话很温柔，做实验很利落，超棒的！
80667,3096,孙益,2018-06-29 03:23:24,12,16,4,最后一节课必然点名，PPT上囊括几乎所有知识点(可以用来期末‘预习’)，性格上…记得别犯事就行
85670,3096,孙益,2018-07-25 01:31:09,2,3,1,本科期间收获最大的实验课，最后一次实验上完后怅然若失。老师超有耐心，而且没有什么不会的，每次陪到最后一人做完实验。给的绩点还出乎意料的给力。
88046,3096,孙益,2018-10-20 15:33:28,1,1,0,老师人超好，非常温柔，非常有耐心，还会保证每个人都完成实验。
88067,3096,孙益,2018-10-21 11:19:37,0,0,0,很舒服 讲的不紧不慢 人也很温和热情
92907,3096,孙益,2019-01-05 13:31:08,9,10,1,要想加入恶竞的汹涌潮流那就来选动生吧：）
106930,3096,孙益,2019-04-30 09:54:53,7,8,1,通识很分差
106975,3096,孙益,2019-04-30 13:22:51,7,9,2,实验室安全与防护选课要慎重 上课没干货，给分还不好
107000,3096,孙益,2019-04-30 15:51:13,7,9,2,实验室安全与防护学分少屁事多有论文有考试，给分一点都不好
115085,3096,孙益,2019-07-15 08:41:55,3,6,3,实验室安全与防护给分还行叭，我是4.5 张老师也不错，挺可爱。也没啥事情，就一篇论文，期末很简单的开卷考试。
126846,3096,孙益,2020-10-23 14:48:30,3,4,1,动物生理的实验战线很长，但爱学生胜过爱自己的老师，有他陪着，哪怕天天实验上到半夜12点我也乐意。祝老师身体健康，万事顺遂。
135610,3096,孙益,2021-05-17 03:21:16,-4,1,5,打破楼下给分差风评，论文好好写期末开卷直接抄，很水的通识课了。
141836,3096,孙益,2021-10-27 10:16:18,2,2,0,很有耐心
146495,3096,孙益,2022-01-06 17:04:46,2,4,2,动物生理学绝对是好课，理论和实验部分都很硬，能学不少有用的东西，但给分也很好，考试有提纲，绝不会为难学生。
157246,3096,孙益,2022-06-22 14:17:07,0,1,1,上课点名，平时成绩是由一篇论文决定，最后可以带打印ppt开卷考试，给分也还行，也可以学到一些实验室的安全知识，可以说是非常好的博雅技艺通识课老师了。
157713,3096,孙益,2022-06-24 12:14:57,1,2,1,实验室安全与防护。作为博雅技艺应该是事情比较少的。论文+开卷考。论文写的好最后一节课会有pre，给分应该也会相对好一点？我反正没有pre。
165128,3096,孙益,2022-12-29 08:54:11,6,7,1,我的班主任我来顶
194771,3096,孙益,2024-06-25 11:01:44,-3,1,4,实验室安全与防护烂完了
196204,3096,孙益,2024-07-02 07:15:57,1,2,1,实验室安全与防护，事情超级少，给分比较好。开卷考挺难的，可能是因为买的之前的ppt，有很多没找到，还是要提前对对ppt。不过第一个简答题似乎大家都没找到？问浙江大学学生奖惩办法中，与实验室安全相关的条例。做卷子觉得自己及格都很难，出分意外地高。
220234,3096,孙益,2025-06-16 14:13:36,0,0,0,实验室安全与防护，事情很少给分不错。
221003,3096,孙益,2025-06-20 15:36:12,0,0,0,实验室安全与防护这门课真的水而给分好，超级推荐
33736,3175,吴忠长,2016-09-21 08:29:02,9,12,3,垂死病中惊坐起，老师你在讲哪里。
69814,3175,吴忠长,2018-01-25 12:33:42,1,6,5,分子生物学课水给分差
86385,3175,吴忠长,2018-09-14 12:17:50,0,2,2,不知道
92670,3175,吴忠长,2019-01-16 01:33:49,-6,1,7,讲的内容很新颖，都是前沿科技，平时签到，很注重学生看文献的能力，有一次小组文献展示，考PPT上的内容。
94077,3175,吴忠长,2019-01-15 06:28:05,0,3,3,竟无语凝噎
96608,3175,吴忠长,2019-01-21 07:38:39,14,17,3,刚刚出的分，绩点还挺好的，讲一下攻略。老师上课特别水，也特别无聊，我觉得根本不用听-_-||真的不知道在讲啥玩意儿，平时也没有作业。但是几乎节节课签到，如果要睡懒觉就让同学帮你代签，这一块不要扣分。平时除了点名就是一次展示，展示不知道怎么说，反正抢先展示，老师说了前面的分数肯定高。最后就是考试，考试很重要，今年期末感觉挺难的，你要把PPT很仔细的看一遍，然后不停地背，有些概念看起来简单，但是如果让你写名词解释，你还真不一定写的出。
96612,3175,吴忠长,2019-01-21 07:45:56,-3,2,5,给分不错
97505,3175,吴忠长,2019-01-22 09:33:55,1,3,2,给老师八分，是因为我十分认同老师的讲课理念，每节上课都会把前沿的生物领域的知识与我们分享，这才是真正的引路人。两分是扣在，一是展示，该块内容可以发挥更大的作用，二是老师平时上课的时候，对于基础知识内容的教授可能不是太好。尽管我期末绩点不高，但我知道是自己没有好好复习的原因。总体而言是个不错的老师，但希望更能平衡好前沿与基础知识传授的关系。
189514,3175,吴忠长,2024-01-25 06:18:38,8,8,0,给的分是真烂啊 演讲是第一个做的 做的至少有平均水平往上了，考试基本都写出来了ppt背过两三遍，最后喜提3.3。我是真服了
11694,3183,杨卫军,2015-12-11 14:53:55,-1,10,11,最好的生化老师，没有之一。
13309,3183,杨卫军,2015-12-26 13:07:11,3,4,1,略严肃，对学生期望挺高。挺有个性。。。
54997,3183,杨卫军,2017-06-30 15:04:18,4,4,0,制度不合理\n\n
61724,3183,杨卫军,2017-11-20 09:36:54,1,5,4,制度不合理，考试题感觉是瞎jb出的，根本写不完
88727,3183,杨卫军,2018-11-06 16:32:15,4,4,0,个人讲课还好。风格比较强硬，如果学生展示缺席则不给成绩。\n\n考试要求太苛刻了，期中要求背诵所有6碳以下的单糖同分异构体及名称。\n\n学生展示作为上课进度，这种授课模式对学生来讲体验感极差。展示限时8分钟，速度飞快，如果不预习，几乎没有人能跟上展示的进度；而且展示也不能将知识点有条不紊地讲清楚。
93996,3183,杨卫军,2019-01-14 16:01:51,-1,0,1,lophippo
100276,3183,杨卫军,2019-01-26 01:52:15,2,2,0,杨老师一开始上课挺严肃 ，但相处久了就会觉得是个很好的人。一直在很努力地激起大家对生化的兴趣(虽然好像一直没让我们get到点）期中期末比较难，但是不背的话其实很多东西仅凭上课也是打不通的呀
134096,3183,杨卫军,2021-03-16 00:33:47,3,3,0,挺好的老师。
145937,3183,杨卫军,2022-01-04 13:09:21,9,10,1,别看评分了宝子们，好不好没啥用。需要上他的课的换不了老师，不上他的课的也不上他的课。
160402,3183,杨卫军,2022-09-21 10:41:03,-1,0,1,是一个非常非常热爱生化的老师，上课还可以，在努力激起我们的兴趣。但有点顽固严苛傲慢，上课问问题气氛窒息，课后不给联系方式，稍微迟到一点就用审讯的语气责怪。
191917,3183,杨卫军,2024-05-05 07:06:49,0,0,0,老师喜欢有礼貌讲规矩的学生，给分很好，讲课很有水平；但比较严肃，上课最好不要拿出手机不要迟到...
200902,3183,杨卫军,2024-10-24 07:56:30,1,1,0,严格的好老师，肚子里有货，其实很关心学生的课堂表现，称得上心目中小班教学的典范。
9561,3294,黄爱军,2015-11-01 01:41:06,6,10,4,太可怕了
11973,3294,黄爱军,2015-12-21 12:07:19,4,6,2,李爱军
14296,3294,黄爱军,2016-01-06 06:47:17,2,11,9,虽然实验的小要求有点多，不过老师人还是很好的，也能很好地回答我们的问题。
40549,3294,黄爱军,2017-01-04 04:30:01,46,95,49,老师真是一个很多话的老师。十二点十五分下课是正常，十二点半下课也有几次，根本不管你下午一点还有没有课，用不用吃午饭。重点是这门课课表上，不是写着十一点半下课吗……
47673,3294,黄爱军,2017-02-15 12:52:21,-7,15,22,带植物学实验的老师，只要你平时足够认真，平时分不是问题。人很和蔼，但是对那些态度有问题的情况零容忍。如果是认真做，犯了点小错误，她会非常宽容
48561,3294,黄爱军,2017-03-07 08:04:54,8,9,1,不敢想
57569,3294,黄爱军,2017-07-11 06:59:50,16,18,2,点名是一定的，因为一人一位。
60702,3294,黄爱军,2017-10-27 04:48:49,11,13,2,更年期老太婆
65179,3294,黄爱军,2017-12-30 06:03:10,32,41,9,我见过最毒的老师\n\n更年期妇女\n\n态度巨差\n\n大嗓门 一脸嘲讽样看着你\n\n大概除了骂人不会别的了\n\n靠她扼杀了对植物学的兴趣\n\n对不起这样说一个老师是我不对\n\n但是\n\n这人真的有病
72663,3294,黄爱军,2018-01-30 16:22:29,5,9,4,老师人不错的，严归严
76102,3294,黄爱军,2018-03-27 02:38:43,9,14,5,emmm....我虽然明白老师很关注我们的实验素养，但是事情真的是多的一比，而且要求非常严格，一个植物学实验室搞得跟国家最高级的化学实验室的要求一样。话特别特别多，经常一节课都快结束了本节课的内容还没开始说，你如果能耐得下心完成要求，给分还是可以的，也能很认真的解答问题。
83197,3294,黄爱军,2018-07-10 02:16:50,-13,8,21,老师很可爱啊，讲的很多不过很多东西还是很有用的，给分也不错
87879,3294,黄爱军,2018-10-17 00:21:00,68,100,32,大学四年里所有的实验老师中唯有这位黄老师给我留下了非常深的印象，甚至在梦里都梦见了她。一个原本可以好好说话的实验老师，原来可以如此刻薄可怕又苛刻。社会老太婆，惹不起，惹不起。
93294,3294,黄爱军,2019-01-09 01:26:35,31,44,13,这么可怕吗，刚刚选上生科导试验欸
106383,3294,黄爱军,2019-04-27 02:17:11,17,19,2,被正态掉的生科导实验。。。。
106388,3294,黄爱军,2019-04-27 03:13:59,19,19,0,给分贼低
106419,3294,黄爱军,2019-04-27 07:37:37,23,32,9,生科导无缘无故这么低\n\n您给多少我给多少：）
106701,3294,黄爱军,2019-04-29 03:42:52,4,4,0,不是很爽
106931,3294,黄爱军,2019-04-30 10:00:25,4,5,1,生科导呵呵呵呵呵呵
107138,3294,黄爱军,2019-05-02 01:36:09,5,7,2,老师人挺好的，但是校园植物这门课非常硬核，事情很多，考核是识别三十种植物，挺难的，给分完完全全按照实验报告的评分来，一点都不会放水，对植物不敏感或者不喜欢的同学慎选。还有座位是固定的，相当于点名了吧。
107173,3294,黄爱军,2019-05-02 05:15:05,-4,1,5,校园植物识别与标本制作，课挺硬核的，最后考核是识别30种植物并写出对应的科。老师给分很严格，完全按照考核来的。但是平时上课老师人挺好的，很亲切，上课内容有制作植物书签之类的，适合感兴趣的同学吧
112216,3294,黄爱军,2019-07-03 23:20:42,-24,8,32,生科导   总体上老师给分都不错，4.5
112517,3294,黄爱军,2019-07-04 16:15:37,-20,8,28,老师，我给您打10分，求您别让我挂科好吗。我爱您，给您跪下了
113185,3294,黄爱军,2019-07-06 01:19:15,5,7,2,挺负责任的，但是…莫名其妙有点凶？
118970,3294,黄爱军,2019-11-08 16:06:03,3,6,3,秋学期生科导实验缺课，其他老师说让我冬学期补上，给我79，她死活不同意，哈哈哈。
120928,3294,黄爱军,2020-01-18 23:37:28,5,7,2,垃圾生科导实验，被正太的太惨了，能不选就别选。
123698,3294,黄爱军,2020-06-11 15:30:43,1,3,2,课程不错，算是对实验有基本的了解。老师也可以呀，没那么恐怖，而且一次课换一个老师，总共8次课。给分，主要看实验报告，嗯嗯嗯，我觉得写的可以，最后3.3.但我不怨老师，也不怨课程
123943,3294,黄爱军,2020-06-17 09:11:55,-5,5,10,有幸选上了黄老师的校园植物识别与标本制作，我觉得黄老师很好呀，讲课很认真细致，从来不水课，而且说话很温柔。返校实验做植物画的时候因为不熟悉实验室的位置迟到了，老师还笑着跟我说不用着急，咱们就是创作。
124636,3294,黄爱军,2020-07-04 13:23:05,4,7,3,现在绩点还没出，不太清楚评分。上了生科导实验，感觉大多数老师很亲切。植物学实验轻松愉快，坐在旁边的妹子也很可爱。
124882,3294,黄爱军,2020-07-14 13:38:32,10,10,0,说话阴阳怪气。。。就有种她不想管除了她讲课必须用到的东西，不是她上课必须要讲的一概不管，你问了也白问，她都是回答“自己问学校去”
125427,3294,黄爱军,2020-09-08 13:07:28,-7,6,13,看着之前的评论和自己的分数，迷惑了，明明每个实验的报告都是乱写的，却没被绩杀，难道老师改过自新了？学弟学妹不妨选一选试试。打个9分
126414,3294,黄爱军,2020-09-25 08:28:39,14,14,0,尖酸刻薄真有你的，不知道你哪来的傲气。社会老太婆，尖酸又刻薄。大家如果不是狗急跳墙没学分选了别来受这气。
127087,3294,黄爱军,2020-11-06 08:11:11,4,4,0,尖酸刻薄，阴阳怪气。
127344,3294,黄爱军,2020-11-20 14:15:33,2,3,1,我选的是生科导，两次线上课，两次线下课，所以只看了黄老师直播，线下没看过黄老师，而是其他好几位老师一同指导实验。实验跟着老师指导做就行了，简单好玩，考核又简单，任务也少，白赚1学分
127379,3294,黄爱军,2020-11-22 01:35:32,-2,0,2,还哦啊好好
127774,3294,黄爱军,2020-11-27 00:40:02,1,4,3,这个老师简直就是个sb，考试周没看到浙大钉里面的实验报告，就过了几天这个老师偏偏就是不让补交，给分还特别差，fw老师
127889,3294,黄爱军,2020-11-30 01:02:43,2,3,1,朋友们快来选呀！社会的毒打需要提前了解一下哟！
127981,3294,黄爱军,2020-12-02 07:33:38,0,0,0,绩杀。快逃
127983,3294,黄爱军,2020-12-02 07:44:50,4,4,0,最后分差不多吧，没想象的好，但也没想象的差。虽然学时看着很多，实际上线上的课比较水，做实验前看看ppt就行，再不济做实验的时候现学也行
127984,3294,黄爱军,2020-12-02 08:04:33,-6,1,7,因为我拿了4.2，所以也评分也没必要过不去，而且关键是，老师没有卡我绩点，让我擦着线够到了绩点最低分数！不能再快乐了。\n\n咳，总结一下我上课情况，给后来人做个参考吧。\n\n线上课水课，咳，是的。然后课后作业基本不太会，百度百科加自己微薄的高中生物知识，线下课好好听（你不听不会做实验的），然后报告正常完成，就，，可以了。\n\n总结，消耗两个整天的周末做实验，比较累，还只有一个学分，但是总体还是不错的，实验很有意思，老师也比较温柔，上课时候没碰到很凶的。
128064,3294,黄爱军,2020-12-06 18:28:19,5,7,2,绝了，这老师就不会好好说话吗？天天就知道yygq学生，真就是个尖酸刻薄的老太婆
128078,3294,黄爱军,2020-12-07 01:02:19,0,3,3,挺好的\n\n生科导实验的老师都很亲切\n\n并不只有一个老师，有8个老师哦\n\n第一门4.5，还行吧
128170,3294,黄爱军,2020-12-09 08:21:26,1,1,0,怎么有这么喜欢劝学生退课的老师
128221,3294,黄爱军,2020-12-14 03:24:38,9,14,5,黄爱军老师可能确实是耐心差一点，在钉钉群记得爬楼看通知，能自己解决或者问同学就别@老师，极有可能被怼，但其实感觉老师人还是不错的（可能今年是上网课所以接触少了的缘故吧）最后绩点4.5，时间占用还是蛮多的，网课完全不用听，挂上就好，认真完成作业应该还是没问题，强烈推荐高中有生物竞赛基础的同学选这门课，应该不会吃亏，如果改成线下的话我就不清楚了😂
128321,3294,黄爱军,2020-12-18 13:23:34,1,4,3,有一说一，认识的选这门课的没有一个不被卡绩
128403,3294,黄爱军,2020-12-22 09:42:34,1,4,3,尖酸刻薄，阴阳怪气
128648,3294,黄爱军,2020-12-25 02:26:18,2,5,3,生科导实验 4.2\n\n我觉得老师还不错啊……就是火气有点大，平时多爬楼看通知别没事就问老师就好了（关于理论的问题可以问，课程安排那些就别问了）\n\n其实做实验的时候很关心学生的
128917,3294,黄爱军,2020-12-27 00:44:13,2,4,2,唉，真的刻薄。本来不相信评论说的。简直是莫名其妙的数落
129172,3294,黄爱军,2020-12-31 02:00:38,-5,3,8,3.9被绩杀了
132209,3294,黄爱军,2021-01-31 03:37:03,3,3,0,态度太差，是来上你的课，不是来听你数落的
133006,3294,黄爱军,2021-02-06 05:53:54,1,3,2,生科导绩杀绩杀绩杀绩杀，不解释
133011,3294,黄爱军,2021-02-06 06:43:47,2,2,0,还不错
133012,3294,黄爱军,2021-02-06 06:51:46,3,3,0,3.9，我觉得我已经做的很好了，被正态了，算了
133013,3294,黄爱军,2021-02-06 07:16:50,3,3,0,给分真的是瞎给，平时认真上课的给分很低，平时嘻嘻哈哈的给分缺还行，非得正态也不懂怎么给同学们提高点分，本来就是通识课认真还没分，浪费时间还不能学到东西，真的不要选这课，一分都不想给
133014,3294,黄爱军,2021-02-06 07:30:39,3,4,1,上的生科导实验，刚开始因为评论很害怕，实际上没有那么可怕（有8个老师，我们的走班刚好避开了黄爱军老师）高中选了生物，所以做实验还是很有趣的大部分老师很耐心可爱！会解答很多问题。考试周前那一周做实验感觉比较浪费复习时间，平时作业有点多因为8个老师都会布置作业，网课不用听。最后的那个心得要好好写感觉比较拉分。给分还不错！总的来说比较推荐高中有一定生物基础的友友们选这样比较容易学到东西实验也比较好玩！
133016,3294,黄爱军,2021-02-06 07:39:23,1,1,0,生科导实验给分真的乱七八糟！我真不明白我的实验报告和课程小节差在哪里了！课程小节都是我一个一个字写的啊真的气炸了
133044,3294,黄爱军,2021-02-07 03:50:02,-7,2,9,生科导实验，网课有些还挺难的，实验老师讲的很详细，不慌，没做出来也没关系反正老师只看实验报告hhh，字不太好但还是拿了4.2，应该言之有物还是会给好看的分数的，不过总的来说要得高分也不是那么容易，主要是冲着好玩去的，想要刷高绩点的慎选，想带一些有意思的标本回家的强烈推荐
133332,3294,黄爱军,2021-02-26 01:26:55,4,4,0,总之就是生科导实验别选
133812,3294,黄爱军,2021-03-06 08:12:32,3,3,0,给分贼低，绩杀无敌……
134386,3294,黄爱军,2021-03-26 00:50:29,5,5,0,看起来和颜悦色，其实多少不耐心，非自己班的学生提问都应付应付，虽说大学老师没有这样的义务，一定要给热爱植物的学生帮助，但这样真的挺打击学生对科学的追求的
134943,3294,黄爱军,2021-04-24 07:56:40,3,3,0,尖酸刻薄
135467,3294,黄爱军,2021-05-11 04:12:26,-2,0,2,思想与教学并进！
135758,3294,黄爱军,2021-05-24 00:05:15,5,5,0,给分随机且奇差，还很拖拉，出分用了四周，无语了。给你一分
135759,3294,黄爱军,2021-05-24 01:25:06,1,1,0,瞎勾八乱正态 谁选生科导谁知道 真的沙比
135853,3294,黄爱军,2021-05-29 09:35:12,0,1,1,赶紧跑
136111,3294,黄爱军,2021-06-11 03:49:46,2,2,0,很过分，奇葩玩意儿
136121,3294,黄爱军,2021-06-11 05:30:38,2,3,1,选了“生科导实验”这门课的不要怕，这门课给你打分的有17个老师！\n\n不过也正因此生科导实验有一定绩杀成分，虽然得低分很难但得高分也很难，慎重选择。
138190,3294,黄爱军,2021-07-08 00:47:27,0,1,1,老师虽然说上课是比较严格有点凶，但阴阳怪气总不至于吧......我感觉老师人还挺好的啊
139498,3294,黄爱军,2021-07-16 14:21:51,0,4,4,上的是校园植物识别与标本制作！呃……至少我们课上没有感觉到老师凶或者yygq耶……挺有耐心的！也挺温柔的！上课有意思，考核看课上完成的实验报告和标本和标本画，课后只有一个感想和准备植物识别考试就好啦！
140578,3294,黄爱军,2021-09-14 03:57:26,7,7,0,这sb老师😅😅😅😅😅😅😅不让人吃饭的那种😅😅人还巨他妈莫名其妙😅
140579,3294,黄爱军,2021-09-14 03:57:26,2,2,0,这sb老师😅😅😅😅😅😅😅不让人吃饭的那种😅😅人还巨他妈莫名其妙😅
141223,3294,黄爱军,2021-09-27 00:50:35,0,1,1,老师有时给人一种很凶、尖酸刻薄的感觉，但其实和她接触得更近一点就会发现她并不是一个难相处的人，相反还挺认真负责的
141702,3294,黄爱军,2021-11-23 10:18:53,15,17,2,推荐这课的都是托，绩杀且刻薄，快逃
141733,3294,黄爱军,2021-10-23 10:46:58,1,1,0,我吐了
141918,3294,黄爱军,2021-11-01 01:16:51,4,4,0,上的老师的生科导实验\n\n就我个人而言\n\n老师的植物学实验讲的\n\n让我梦回幼儿园面对保姆阿姨的情形\n\n不要被她抓到小尾巴\n\n不然你将获得限定款劈头盖脸的痛骂\n\n但是她骂完还是笑脸相迎（虽然笑得很牵强）\n\n讲课枯燥，但似乎她觉得很有趣\n\n果然代沟挺大的尤其是和更年期妇女
143277,3294,黄爱军,2021-11-23 00:01:21,18,18,0,生命科学导论实验\n\n8个老师，感觉都挺不错的，实验内容也很有意思。\n\n不过最后被绩杀了。3.3orz
143299,3294,黄爱军,2021-11-23 06:21:17,5,6,1,绩杀，绩杀
143300,3294,黄爱军,2021-11-23 06:21:15,4,6,2,绩杀，绩杀
143305,3294,黄爱军,2021-11-23 07:04:08,9,9,0,生科导实验，绩杀，快逃
143314,3294,黄爱军,2021-11-23 08:28:46,13,13,0,尖酸刻薄老太婆，作业截止时间设置的很阴间，还不让补交，就是为了让别人分难看点呗？生科导实验别的老师都很好，就被这牛马毁了，果断1分好吧
143315,3294,黄爱军,2021-11-23 08:29:40,4,5,1,生科导实验，谨慎选择
143316,3294,黄爱军,2021-11-23 08:34:08,3,4,1,大绩杀快逃
143320,3294,黄爱军,2021-11-23 09:13:08,3,4,1,卡绩！！！很认真地做作业和实验TuT\n\n不过其他几个实验课的老师超级可爱！！\n\n慎重考虑吧！
143324,3294,黄爱军,2021-11-23 10:33:55,2,3,1,绩杀，就算你作业做的再好也是这样，来了就是寄。
143326,3294,黄爱军,2021-11-23 10:51:33,-2,3,5,本人未卷，绩点4.5，还是比较惊喜的\n\n不过选课首先注意要周日一整天，会和很多活动冲突，大家得慎重\n\n但是每个实验都很有趣，也没有要求很高，理论基本预习过就可以了\n\n而老师也是对事不对人，有时候操作错了会说，但个人感觉这很正常\n\n作业感觉不需要写很多，要点到位就好了\n\n比如我的总结也就五百多一点，没有去卷字数
143373,3294,黄爱军,2021-11-24 11:21:58,-12,3,15,秋学期选的生科导实验，给了4.5，感觉被卡绩了。但是体验感不错，直播课可以挂着不听，时长拉满就行，作业不会的照着ppt去找很轻松。实验课也是跟同学好好配合把报告写漂亮点就行。除了在周末以外这门课没啥槽点。做实验的时候老师都挺耐心的，黄老师的话有点严格，但她有捞我们的报告（xs）。不喜欢生物学和实验的同学慎选，个人以前搞生竞的感觉蛮不错的。
143546,3294,黄爱军,2021-11-26 10:10:31,0,1,1,纯文科生说一句，写作业还是挺累的，没有任何基础…有些东西网上也很难查，没有现成的回答，要自己整合，思考…好好听课吧…最后成绩也还好…没有那么好...建议慎选，而且要牺牲周末的时间。整个上午下午做实验，挺累的…这位老师是真的话多，尖酸，刻薄。
143681,3294,黄爱军,2021-12-01 13:02:27,2,9,7,被学姐推荐选的这门课。一开始看到评论真的吓到我了，感觉很恐怖…但是想想自己非酋的运气为了学分硬着头皮上了。\n\n结果真的体验感很好！别的不说，实验真的很有意思！还能带回去一些作品当收藏的哈哈ｸﾞｯ!(๑•̀ㅂ•́)و✧\n\n（虽然周末上课很累，但是能鸽掉一些活动嘿嘿嘿）\n\n然后今年我觉得黄老师很温柔啊上课的时候好像在教幼儿园哈哈哈   完全没感觉到很多评论说的刻薄尖酸 \n\n所以对于查老师的评分也不要太盲目相信 嗯嗯就这样说完啦
144169,3294,黄爱军,2021-12-20 04:44:29,1,2,1,啥也不想说了，成功被正态了
144749,3294,黄爱军,2021-12-23 12:25:22,18,20,2,各位选生科导实验的UU们放心哈，这门课并不是黄爱军老师一个人教的，事实上有很多优秀的老师一起教学，感觉还是不错的（我们的话黄老师只上了一节线上理论课，我是连她的面都没见到），尤其是教分子2的那位男老师（忘了是谁），上课很有启发性，会让同学们思考。\n\n有网站上像4399小游戏一样的模拟实验，课后还能收获自制琥珀、植物组培，而且不用担心理论课上听不懂啊什么，线下实验课PPT上一步一步真的保姆级教学，跟着做就好了。\n\n撇开一位老师不谈，生科导实验这门课还是很好的！\n\n虽然给分确实比较玄乎……
147916,3294,黄爱军,2022-01-11 07:04:16,1,2,1,不要相信黄老师！！！气死了！！
149140,3294,黄爱军,2022-01-14 13:55:38,1,2,1,就呵呵呵
150852,3294,黄爱军,2022-02-19 15:30:36,7,8,1,垃圾垃圾垃圾垃圾 极烂的态度 真不知道哪来的脸。。。
152050,3294,黄爱军,2022-03-24 06:35:03,8,9,1,纯纯是社会中年期老妇女，表面和颜悦色，实际尖酸刻薄，不要更这个老师有太多交流，问她稍微知识性的问题都解答不上来，不知道这种老师存在有什么意义，把你当幼儿园小朋友那样教，废话多，无实际才学，生科院混职位的蛆虫罢了
152249,3294,黄爱军,2022-03-31 09:50:09,19,19,0,呵呵，这辈子都不会忘记她尖酸刻薄的嘴脸。
152250,3294,黄爱军,2022-03-31 09:50:28,5,6,1,可能是我老是上课注意力不集中吧，主要是实验课真的不太喜欢一个劲儿的听老师讲啥，讲的又快又多，不记笔记之后做实验真的会出大事，上次就是因为没听到她说的话把刀片扔掉了结果在钉钉上私聊我骂了我一顿，感觉实验分被扣光了(눈_눈)
157755,3294,黄爱军,2022-06-24 16:34:11,4,5,1,已经经历了五十年更年期，并将再更年下去的老师。
163069,3294,黄爱军,2022-12-07 05:02:23,-8,2,10,选生科导实验不用担心！是很多老师一起带的，大部分老师人都很好！实验也有意思的ヾ(≧▽≦*)o
163114,3294,黄爱军,2022-12-07 12:12:53,2,2,0,看着就不好
164004,3294,黄爱军,2022-12-17 08:50:38,9,9,0,不得不说，她的分真的都是乱给的，千万不要选她的课，刻薄老太婆，乱搞，绩杀
164005,3294,黄爱军,2022-12-17 08:34:06,-18,0,18,选生科导实验的同学可以不用太担心，有 8 个老师上课，而且似乎文科同学还有小优势（可能是因为最后要写一篇总结小作文），这次占选课人数22%的社文专业同学在90分以上的占比是38%，整体给分也很不错！
164006,3294,黄爱军,2022-12-17 08:33:57,8,8,0,选课的时候以为这里的评分是5分制的X-X
164009,3294,黄爱军,2022-12-17 08:55:37,8,8,0,不知道怎么给分的 文科生瞎吹这老师 知道什么成分了吧 实验课很快乐嘻嘻哈哈的 也不知道最后按什么给分的 如果是看最后让你交的实验报告的话我只能说qtmlgb
164010,3294,黄爱军,2022-12-17 11:30:05,2,2,0,垃圾给分，tm通识课第一次拿这么狗屎的分数，见鬼吧
164013,3294,黄爱军,2022-12-17 09:10:41,2,2,0,给分666
164017,3294,黄爱军,2022-12-17 10:03:53,2,2,0,大家别查错了，成绩在浙大钉成绩查询板块，不是学在浙大上的那个，我一开始看到学在浙大上那个成绩吓了一跳，还以为挂科了
164019,3294,黄爱军,2022-12-17 10:12:15,5,5,0,绩杀，给分莫名其妙
164021,3294,黄爱军,2022-12-17 10:20:45,3,4,1,每次都认认真真去了，实验报告认认真真写了，最后的课程小结也是真情实感，作业都认真做了，不知道为什么只有3.9....有点难过...实验确实是有趣，高中没学过生物化学，挺好玩的，还交到朋友了，就是这个分...
164024,3294,黄爱军,2022-12-20 11:13:26,5,9,4,咋说呢，我选的生科导实验，不至于像评论里说的尖酸刻薄，毕竟只上了一节她的线上课，线下面都没见过，我甚至从群里的一些发言、提醒和她讲的课来看，觉得她是个挺负责任的老师，而且我真的觉得她讲的植物学是这八节课里唯一一个真的让我学到新的有用的知识的一节课了。所以我打了8分。however，她给分真的很迷，我不知道学在浙大上的MOOC要不要求全看完，我是最后一天补了一部分的...除此之外，我觉得我学的真的很认真，我甚至听网课记了一本笔记，包括实验课上，因为我虽然是人文社科的但是高中是选的生物，所以旁边很多文科生甚至医学生的实验都是有我帮忙的，所以我做的实验数据什么的问题也不大......然后她说人文社科选了22%的人，90分以上38%.......我为什么不是呢所以......确实在乱打分啊，而且是卡绩....多给一分捞一下会怎么样啊，实验课我感觉捞的空间很大啊，捞到满绩都不是不可能。如果真的就是只看最后的课程小结那没办法，我虽然作为人文社科类，但是我采取的是理科生的理性阐述，没有写文采，但是字数也多写了很多，因为真的很喜欢生物，之后还想辅修生物，真的离谱，这本来就应该是门理科课程啊！
164025,3294,黄爱军,2022-12-17 10:33:26,13,13,0,快跑，绩杀！！！！\n\n两方面来说，首先生科导实验课程是很好的，各种实验比较有意思，但有的实验室设施老旧，很难做出来结果。\n\n老师真的是大无语，居然说在群里说文科生如何如何分数高，看了真的想笑，且不说这样明显说明这个老师对学科有刻板印象，单是按专业论成绩这件事就是极为荒唐。（听说明年会换老师）\n\n总之体验不太好。
164029,3294,黄爱军,2022-12-18 04:44:20,13,13,0,实验课的老师还不错 不过她整个是一个更年期大妈 在群里找存在感 sb一个 乱给分 *******************
164066,3294,黄爱军,2022-12-17 15:28:41,2,2,0,绩杀！！！！
164067,3294,黄爱军,2022-12-17 15:47:16,0,0,0,。。。
164083,3294,黄爱军,2022-12-18 02:02:07,-5,2,7,怎么说呢。。给分确实不太懂，大家作业水平其实差不多的（毕竟存在互帮互助的现象），最终不同的大概是课程小结了吧。。我比较纪实（有一点点流水账？）被正态了。。我同学比较文艺（像散文？）卡绩4.5，如果为了好的绩点选生科导实验慎重，不过这门课很有趣的！钉钉直播其实不需要看×，实际上课时间只有两天，性价比还可以！
164088,3294,黄爱军,2022-12-18 02:40:58,7,7,0,怎么说呢。。。生科导实验确实是非常有意思的一门课，每个老师都很有趣很负责（几乎），黄爱军老师也确实如评论区所说有时回复不太善解人意，给分确实很大程度依据最后的课程小结（不知道评判标准是什么），老师给的数据是文科生占22%但是90分以上的人文科生占38%所以她是会看文采的。。。总之这门课的体验感很棒（不过在时间安排上的确有些不合理之处比如我第二周周末发了一天烧但是不得不去做一天实验，但是老师已经尽量在让世界更灵活了，每个人都能在周六周天任意选择有空的时间去）
164109,3294,黄爱军,2022-12-18 06:36:51,4,4,0,生科导实验寄啊，不知道为什么给分那么低\n\n真的想知道why  QAQ
164206,3294,黄爱军,2022-12-19 07:44:24,5,5,0,给分真的挺迷的，一学分的课我花了好大的精力结果成绩一般。不过实验确实是有趣的。
164318,3294,黄爱军,2022-12-20 08:44:16,10,10,0,课挺有意思的，但是给分出来之后你就不这么觉得了。。。
164463,3294,黄爱军,2022-12-21 06:13:44,6,6,0,老师脾气大，还会阴阳怪气，实验和作业好好做了，上课从来没少过时间，报告也认真在写，结果被绩杀，选这门课真的体验极差
164691,3294,黄爱军,2022-12-23 11:56:56,4,4,0,没见过嘴这么欠的，同学在群里问问题，不想回答叫人家爬楼就算了，语气还带点嘲讽，说几句就一个“唉”，真就不把学生当回事呗
166710,3294,黄爱军,2023-01-13 09:28:39,2,2,0,黄老狗怎么还不死？
167604,3294,黄爱军,2023-01-17 15:08:22,1,1,0,纯纯乱给分
168486,3294,黄爱军,2023-02-18 11:52:50,1,1,0,生科导绩杀
169103,3294,黄爱军,2023-02-24 09:54:24,0,0,0,瞎给分的！！！
171641,3294,黄爱军,2023-03-30 11:35:17,3,3,0,尖酸刻薄爱数落人 不好好说话非阴阳怪气 非常自傲看不起人
172269,3294,黄爱军,2023-04-24 04:47:33,7,7,0,黄老师终于退休了。太好了。
175943,3294,黄爱军,2023-06-27 08:19:58,2,2,0,乱给分，感觉根据专业给分的。
75240,3304,方卫国,2018-03-08 06:47:32,2,6,4,呵呵。
79617,3304,方卫国,2018-06-11 12:28:48,2,4,2,事真的有点多，期末飞起来。\n\n
80214,3304,方卫国,2018-06-21 15:45:27,-10,4,14,垃圾老师，上课无聊，期末不说重点，不给调分，理由是分数并不十分重要
80526,3304,方卫国,2018-07-05 07:14:15,1,7,6,我倒也不是有多不喜欢这老师，就是后悔开学的时候没改成吕镇梅，仅此而已。
81393,3304,方卫国,2018-07-05 10:57:47,-30,7,37,老师给分真的差，给女生的分高，学弟们看着办
81402,3304,方卫国,2018-07-05 03:59:03,4,6,2,累⊙﹏⊙
81403,3304,方卫国,2018-07-05 04:02:08,4,10,6,说实话，方老师其实人挺好的，上课很可爱啊，而且很注重培养学生的科研能力，期末事情确实多...
81404,3304,方卫国,2018-07-05 04:06:04,6,13,7,阿方上课是有一点点催眠，但他对微生物是真爱呀，而且也非常希望我们能够学好这门课，期末任务是有一些重……但我不管我还是很喜欢他啊！
81448,3304,方卫国,2018-07-05 06:14:15,11,18,7,哇你们不要因为绩点低就骂老师啊。。。我绩点也不高但是是因为自己没好好学又不是老师给调低的啊。。。方老师真的超好的，虽然任务是多了点2333，还有那个说给女生绩点比较高的人你真的是认真的吗?
81466,3304,方卫国,2018-07-05 07:20:40,4,8,4,方老师很注重培养学生的科研能力，所以期末确实比较忙，但我觉得还是挺值得的
81523,3304,方卫国,2018-07-05 09:26:20,6,12,6,事情多 给分差 点名\n\n但人是好人？？？
137671,3304,方卫国,2021-07-05 14:16:01,6,9,3,老师知识渊博，讲题耐心，出题心软，羽毛球打得也好！
137721,3304,方卫国,2021-07-05 22:40:54,2,6,4,方老师真的人很好！考试之前他跟我们说他最讨厌别人求分，但是他真的捞我了！而且有一次我实验报告忘记带了，后来就交到他的办公室去，他都问我学习什么的有啥困难，他很关心学生的！
173396,3304,方卫国,2023-05-23 04:20:32,-14,7,21,挺不尊重人的，在他的课上公然说同性恋患者，我不知道同性恋到底怎么惹到这位了，要在大庭广众之下对这部分人群公然羞辱。
175541,3304,方卫国,2023-06-25 12:18:50,5,7,2,good and responsible teacher
175547,3304,方卫国,2023-06-25 12:39:47,8,9,1,方老师人很好很求是，是少有的非常热爱科研，对本科生教学也很上心的老师。期末还体谅大家，出了中文试卷，出题也比较直白。虽然个人认为期末挺难的，但是听同学回忆，要比吕老师那边容易点。
175549,3304,方卫国,2023-06-25 12:44:47,0,3,3,很好很求是的老师。“同性恋患者”有提，但不妨碍课讲得好。老师对本科生也很耐心，真心想教本科生科研入门，非常负责的老师。
175587,3304,方卫国,2023-06-25 16:15:07,0,4,4,出分了来看一眼（？）关于他提到同的事我倒感觉他可能还是蛮open的吧 虽然在后面加了患者让人很不适提trans也有些猎奇的感觉但感觉给我留下的印象就是一个整体还是尊重客观规律的还是打算尊重人但有些知识和表达没更新的天坑从业者（？）可能我见识的逆天人太多了 如果有问题我先滑跪🧎
175711,3304,方卫国,2023-06-26 09:21:29,0,2,2,很好滴！
175901,3304,方卫国,2023-06-27 05:45:54,0,2,2,我觉得方老师上课很有趣，给分也不错
176257,3304,方卫国,2023-06-28 07:25:57,0,1,1,人好 负责 给分还不错 期末要好好复习就是了
176330,3304,方卫国,2023-06-28 12:13:45,0,1,1,。。。
176332,3304,方卫国,2023-06-28 12:14:25,-1,3,4,我觉得吧，有些事情是得分开看的。一个人他教学严谨，治学有方并不代表他为人处事水准多高。一个科研者本来就站在一个听不到什么负面反馈的象牙塔里，这样的象牙塔会养出什么畸形尚且不论，他提“同性恋患者”是实打实的事情，确实是在不尊重人啊，无论是他知识体系没更新还是各种各样的原因都不妨碍他不尊重人的事实啊。单纯就事论事哈～
176333,3304,方卫国,2023-06-28 12:18:05,-5,1,6,我觉得吧，有些事情是得分开看的。一个人他教学严谨，治学有方并不代表他为人处事水准多高。一个科研者本来就站在一个听不到什么负面反馈的象牙塔里，这样的象牙塔会养出什么畸形尚且不论，他提“同性恋患者”是实打实的事情，确实是在不尊重人啊，无论是他知识体系没更新还是各种各样的原因都不妨碍他不尊重人的事实啊。当然这和他治学严谨也不冲突啊？个人意见哈〜〜☺️
176655,3304,方卫国,2023-06-29 15:09:45,4,7,3,我记得课堂上有两次提到同的话题。一是真菌准性生殖部分，说到除了有性和无性，中间还有准性的方式时，引伸人的性别进化并不是两极，有中间类型，即同性恋，是正常现象，我觉得老师实在提醒同学要尊重这种正常现象，没有不尊重的意思。此时我没有听到“患者”这个词，不知一些同学为什么肯定。还有一次提到的讲HIV病毒时，老师说性传播是一个重要途径，他引用中央台的新闻说，同性间传播比例有提高的现象。此时，老师明星提醒大家要注意安全，完全是善意的教育。我没有体会到老师不尊重的意思，反而是尊重。
176887,3304,方卫国,2023-06-30 15:45:25,-2,1,3,。。。
180191,3304,方卫国,2023-09-20 13:27:31,-5,2,7,一个伪善的老师，表面一套，背后一套
194181,3304,方卫国,2024-06-22 10:58:33,3,4,1,方老师蛮有亲和力的，上课时候提出的一些思考很有意思，给分也不错~
220281,3304,方卫国,2025-06-17 05:34:56,0,1,1,老师讲的很好，只要认真听课就很有收获，而且能考很好（但素我其实没怎么好好听过，期末补天看智云深深感觉老师讲的很好）
220291,3304,方卫国,2025-06-17 07:12:07,1,1,0,绩杀，快跑……lz也是比较认真地准备了很久，考试结束感觉也还可以，没想到出分成绩这么差（稍微例证一下，本人已学过的植物学，生化都满绩，分子，动物4.8，绝对不是不学习或者不会学习的学生，但是这门课只有三出头……）
220298,3304,方卫国,2025-06-17 07:52:16,0,1,1,老师一般不点名，说点名是浪费来上课同学的时间。我觉得讲课讲的挺好的，能看出确实想教学生东西，而且会讲一些科研上的知识。他的实验班最后是交大论文，可以像其他老师一样写个所有实验的总结，也可以自己编一个小课题按论文格式写文章，老师在课上还试图教我们论文怎么写。给分就正常，一般，也说过尽量不挂人，期末复习看PPT，也可以看智云，中文考试，选择填空判断＋论述，这个和另外两位老师不同，论述考的不偏门，课上都讲过。老师学期末时说将来可能要改改理论和实验的教学内容，要是真改的话也许明年就不一样了。
220312,3304,方卫国,2025-06-17 08:14:14,1,1,0,老师的中文卷子在三个微生物学班里可以算是一股清流，而且老师上课真的蛮舒服的，虽然会有一点点犯困，但是如果认真听还是能学到东西的。修微生物前建议把巩固好分子生物和生化的知识点，这样子复习的时候有一大半可以不用看！
220763,3304,方卫国,2025-06-19 14:33:40,0,0,0,从来没有那么低的绩点，玉玉了，2.7
222028,3304,方卫国,2025-06-29 04:07:00,0,0,0,老师讲课认真（但不可否认老师的语速确实大多数时候有点儿慢 “困😪“），也会细心聆听同学的反馈。从学习方法上来说，这是一门和植物学，生化可能都不一样的课，截止2025年，不同微生物平行班是分别出卷的，方老师的考点往往泛而散且不会给复习提纲，但优势是中文出卷，如果你整个学期认真全程跟下来的话，会有不小的收获，复习考试不会有很大的难度，也大概率会有一个令你满意的成绩。但如果你是临考前才看到这条消息，也建议你可以考虑快速过一遍智云。
178,3315,龚兴国,2015-03-14 16:25:39,1,1,0,上课写笔记忙死。上课用ppt但是基本不按着ppt讲，给分厚道
14599,3364,边红武,2016-01-08 02:26:17,7,11,4,超级有气质的老师
23324,3364,边红武,2016-03-24 08:38:15,0,0,0,还好吧……
24747,3364,边红武,2016-05-03 10:24:52,2,3,1,很期待(๑˙ー˙๑)
28313,3364,边红武,2016-06-28 08:30:49,-3,1,4,大水课 大家快选
31590,3364,边红武,2016-07-04 08:39:34,-4,2,6,讲不清楚，给分差
31640,3364,边红武,2016-07-04 10:28:30,0,4,4,虽然差了一分满绩但还是给老师10分，因为老师人很好！
31641,3364,边红武,2016-07-04 10:29:11,4,7,3,老师看起来很善良上课也很水但是！给分hehe
31702,3364,边红武,2016-07-04 13:59:43,0,1,1,高中生物学的好就选，挺好的，反正我4.5还能接受
81370,3364,边红武,2018-07-05 02:27:41,2,3,1,讲课还行吧，一学期没啥事，自愿的展示没做，然后期末就课上做几道题，文笔不好，高中生物也忘的差不多了，最后就凄凉被正态?
81386,3364,边红武,2018-07-05 03:16:03,2,3,1,老师人超级超级好 超级温柔善良\n\n文科生即使听不懂最后好好复习也能拿高分\n\n超级好的老师 事也不多 强推
81415,3364,边红武,2018-07-05 04:23:35,0,3,3,老师给分真的好，我啥都没干，展示也没做，ppt也没看，4.2
81746,3364,边红武,2018-07-06 05:08:29,0,0,0,海星 。
85482,3364,边红武,2018-07-18 10:20:15,2,2,0,老师很温柔，上课有东西学
89380,3364,边红武,2018-11-19 01:43:01,2,2,0,有几次课会出一个问题，然后写在纸上交上去，当点名吧，自愿做展示，做的人还挺多的，然后最后一节课有一次小测，三个还是四个问题来着，也没有很专业的知识，高中学过生物都没什么大问题。点名都在，做了展示应该都没什么大问题。
107669,3364,边红武,2019-06-28 02:35:03,1,1,0,吹爆我美女边老师，人超级有气质，给分特别好，展示，论文都认真做，课也很有趣，很好的通识课，大家快选！
108592,3364,边红武,2019-05-29 07:10:25,0,2,2,每节课都点名，上课内容基本高中知识，老师讲得不是很有活力，至少互动非常少。课程事情对于一门通识课来说很多啊，并不水...每节课都要点名，要写小论文，要展示(不上台展示也是要交PPT的)，期末还要课堂测验......想水的还是别选吧
108893,3364,边红武,2019-06-03 18:38:33,0,0,0,好老师，至少高中生物学的好就行
109277,3364,边红武,2019-06-12 16:45:07,3,4,1,老师很随和，论文可以拖，没有架子，对学生很亲近，展示不展示都无所谓，感觉对课程的要求都会参考我们的意见，好老师一生推！
109780,3364,边红武,2019-06-19 07:21:10,0,1,1,自己刚考完试来评价一下。老师温柔随和，上课风趣。每堂课都有点名，有一个小作文，自愿的展示以及4道论述题的小测试。自己文笔不好，而且考试没考好（没有算概率的题），自己的绩点也不会太高，还是给老师10分！！
110193,3364,边红武,2019-06-24 10:09:33,0,1,1,老师总是给人很亲近随和的感觉，讲的也很好，无论有没有生物学基础都可以选这门课的，推！
111106,3364,边红武,2019-06-29 20:27:57,4,4,0,老师很随和，论文可以拖，没有架子，对学生很亲近，展示不展示都无所谓，感觉对课程的要求都会参考我们的意见，好老师一生推！就是给我卡? 了，好难受?
137353,3364,边红武,2021-07-03 11:34:06,0,0,0,一次展示，一次小测，课水，老师人好，给我的分很不错
144937,3364,边红武,2021-12-26 03:39:03,0,0,0,超级可爱的老师！！真的很好亲民啊亲民
201254,3364,边红武,2024-10-31 00:23:39,0,0,0,边老师很亲切，岁月从不败美人，基因工程训练带得很好，给分也超级好！！！
23613,3667,章骥,2016-04-09 08:10:42,0,2,2,呵呵呵
37589,3667,章骥,2016-11-19 14:32:43,0,5,5,超级能聊的老师
38040,3667,章骥,2016-11-23 11:05:04,15,19,4,特别喜欢怼人，一边怼一边狂笑（超级不屑的笑）
38226,3667,章骥,2016-11-27 13:49:57,12,16,4,一脸嘲讽地看着你的胖子\n\n实验技术蛮强的然而就是不教你\n\n其实忽略态度还是个蛮好的老师\n\n然而跟他几乎没法好好交流了
39761,3667,章骥,2016-12-27 10:51:47,1,4,3,我真是。。。
40492,3667,章骥,2017-01-04 00:56:27,14,18,4,唐马儒，天天怼人
42405,3667,章骥,2017-01-14 06:38:35,1,6,5,老师说以后想玩仪器可以常去玩
49483,3667,章骥,2017-04-16 15:33:15,2,11,9,熟了之后人挺好的
56266,3667,章骥,2017-07-03 11:00:57,13,26,13,半瓶子水晃荡的典型，肚子里没货还很自以为是。想想八十年代能考上杭大的人，到现在居然还只是讲师职称的实验员，就知道水平有多差劲了
60128,3667,章骥,2018-11-14 13:16:56,18,23,5,很会讲，但是周围的人没有一个人表示听懂的，什么乱七八糟的
61924,3667,章骥,2017-11-21 23:52:03,20,23,3,这捷豹玩意是怎么当上老师的？
65134,3667,章骥,2017-12-29 06:35:08,9,18,9,只能说熟了就感觉人挺好
65233,3667,章骥,2018-01-02 02:03:41,0,6,6,各种怼，烦
65238,3667,章骥,2018-01-02 03:26:44,9,15,6,这种老师不会教你东西的 只会不停的自以为是得怼你骂你 也不否认是没有实力的 但是完全不适合当一个老师 看不到所谓的师德在哪里 哦如果有零分我会打的
65341,3667,章骥,2018-01-05 07:31:10,2,7,5,情商低的老师，讲课不知所云，对学生态度傲慢，甚至师德有问题。动不动就要源于生活。
66349,3667,章骥,2018-01-15 08:08:01,-5,4,9,很lj的老师，只会怼学生，怼完自己傻笑，真的服
66600,3667,章骥,2018-01-17 12:24:40,3,7,4,老师对自己班的学生还是不错的，对其他就\n\n
66648,3667,章骥,2018-01-18 03:05:45,1,4,3,老师很好的，虽然听不懂他讲什么 但是很会聊天哈哈哈哈
66748,3667,章骥,2018-01-18 23:50:44,5,6,1,老师教学风格清奇\n\n
68055,3667,章骥,2018-01-22 14:18:39,2,4,2,对自己班学生超级好，给分很棒
87258,3667,章骥,2018-09-26 07:09:24,-2,4,6,s b
87263,3667,章骥,2018-09-26 07:31:58,-2,5,7,lj sb
88820,3667,章骥,2018-11-09 02:28:21,3,7,4,熟了还是挺好的
90878,3667,章骥,2018-11-27 03:06:17,-6,6,12,傻逼没毛病
91507,3667,章骥,2018-12-12 04:42:06,3,6,3,划水的人可能是会被怼，但老师的态度绝对没问题
93580,3667,章骥,2019-01-10 14:13:41,3,13,10,刚结课没多久，我不知道成绩。\n\n但说句良心话老师人挺好的，问他都会耐心解答，偶尔喜欢唠唠嗑。\n\nPPT展示确实心惊胆颤的，老师会把问题挑明怼你?但是他怼人都是有理有据的。还有平时上课不怎么讲原理步骤比较随意导致我做实验一度怀疑人生。。。 \n\n除了基本自学的实验原理和步骤，他的课能学到一些别的东西。\n\n(我知道你们要给我的评价-1-1-1了...
95367,3667,章骥,2019-01-19 09:22:10,4,10,6,老师人挺好的，就是嘴巴可能稍微毒了点，但绝对没有侮辱你的意思呀，多和老师聊聊天，最后成绩就不错。同安利他的好朋友史锋老师o(^o^)o，他们两个可太有意思了
95381,3667,章骥,2019-01-19 09:42:39,4,11,7,老师真的很好的 我们组有一半的实验都是失败的 老师完全不会说你 重新跟老师约时间去做就好了 而且完全不影响最终得分 前几年的评价真的戾气太重了 老师上课态度也完全没有问题 课后就跟朋友一样跟你聊天 天南地北地聊 还会教你很多道理 可能很多人不习惯他讲课的语气 但确实是个好老师 还邀请我们随时可以去实验室玩仪器 玩实验
95387,3667,章骥,2019-01-19 09:52:53,4,10,6,我的天我都不敢相信自己能有这个绩点，师生情满满的！！！
95389,3667,章骥,2019-01-19 10:07:13,4,5,1,有的时候老师讲话略听不懂，自主实验和各种报告的具体要求什么都讲的不是很清楚，但是实际上比别的班随意很多（事儿少）。我们组有人在作报告的时候 全程在和我们小组下面的成员唠嗑hhh。平时不用写实验报告。给分很好。
95400,3667,章骥,2019-01-19 10:28:02,1,4,3,只能说特别好！！！
95467,3667,章骥,2019-01-19 12:30:49,0,3,3,老师是大牛啊，整个人很好说话，还经常帮学生做实验，不懂的随时可以去问。\n\n强烈推荐！\n\n顺便说一句，室友生化实验是方祥年，hhh感觉差距真大
106072,3667,章骥,2019-04-25 01:07:07,0,1,1,生物制药学，聊天很开心，能学到不少工业上的东西，挺有趣的
106094,3667,章骥,2019-04-25 02:40:31,1,3,2,章老师实在是太可爱了！说不好的人一定是没有和他好好打交道啊，熟了之后真的可爱！
117420,3667,章骥,2019-09-24 05:56:32,-4,3,7,平均绩点4以上，平均实验时间比别的班快两小时，这还不够吗？
120506,3667,章骥,2020-01-11 23:44:30,-7,1,8,均绩4.3   任务比其他老师少好多。老师上课氛围好。吹爆  不知道为啥以前评分不高。
123722,3667,章骥,2020-06-12 22:06:00,-10,0,10,有一说一，给分真的好
126088,3667,章骥,2020-09-17 08:53:12,-9,1,10,满了 给分好 刀子嘴豆腐心\n\n帮你做实验
128182,3667,章骥,2020-12-10 14:27:28,5,11,6,可能那些好评都是他自己班的人的，我虽然不是他的班上的学生，但在自主实验及平时实验的时候跟他有过接触，给我的印象就是，跟女生在那里嘻嘻哈哈，男生问他问题都要被怼几句，自主实验的时候，问他问题永远都是一句自己查，不是他的班的，就感觉他懒得教，又非要在那里叨叨我们，问他要个自主实验道具，他说有，然后不给，我真就搞不懂，还是我们班的老师说情的情况下才给，还说自己是实验的负责人，跟学生吵起来让学生滚，反正不是他的班的人，就别去鸟他，省的自讨没趣，言尽于此。
130412,3667,章骥,2021-01-22 07:20:01,0,0,0,真的很flex，不过上完课还是很懵啊，提醒大家每次实验一定要做好记录，不然期末真的想到头裂
135219,3667,章骥,2021-05-06 06:23:22,-2,1,3,估计全员4.5吧h h h
144439,3667,章骥,2021-12-21 13:26:43,0,1,1,哈哈哈哈哈哈
145286,3667,章骥,2021-12-29 01:46:15,0,2,2,老师很好，只要你经常去问问题，就能跟他混熟，不仅可以学到许多生化实验上的操作要点，思维方式也会得到改变。
149667,3667,章骥,2022-01-16 09:45:31,0,1,1,给分还可以，人挺不错，只是做他的实验平均比江辉的迟做完1个多小时，而且中秋节也不服从教历安排要做实验，醉了
160389,3667,章骥,2022-09-21 05:42:53,12,14,2,你说呢？
161447,3667,章骥,2022-11-07 04:06:16,6,8,2,只要脸皮够厚 多和他说说 贫嘴 然后做实验积极点 你会发现老师真的很有趣 也确实能学到东西 我们组三个人已经混熟了 等实验的时候也会聊天。 别太在意被骂 毕竟他啥都能怼 做好实验才是关键
161839,3667,章骥,2022-11-14 11:07:35,0,3,3,章老师真的很好！！！！虽然刚上课的时候觉得老师有点凶，还讲些有的没的，但是！！有问题问他他绝对耐心解答，作业相对其它平行班也不多。有一次我们组重做实验，早八一直到下午，老师一直陪着我们！！不会的直接问他，钉钉也会回的。别害怕，老师真的超级nice的～（课没上完但忍不住来夸）
162558,3667,章骥,2022-11-25 09:48:56,9,10,1,说话这么屌，天天在本科生上找优越感，本来以为是多强的人，一查，99年到浙江大学，到现在也只是个讲师，论文就3篇，真不知道牛气什么，跟同事比不过所以只能来本科生身上找找优越感是吗？可惜没有0分，这1分都不想给你
165597,3667,章骥,2023-01-09 01:04:26,0,2,2,课讲得不咋地，事情少，给分不行，依旧有种居高临下的姿态
166961,3667,章骥,2023-01-14 10:54:45,-1,1,2,老师挺不错的 绩点也还行哈哈哈
167197,3667,章骥,2023-01-15 05:13:29,2,4,2,事情相对于其他老师少，但是课真的上得不怎么样，原理讲得很随意，一问班上人都没听懂，问题是单看智慧树也不理解，他也不讲，虽然有问题可以问，但这不是一两个小问题可以明白的，而是整个系统就没有搭建起来。每堂课都这么稀里糊涂地去做实验了。最后给分一般，理论考期末很难，实验报告打分严格，班上基本就两分数段3.9或4.2。说实话很用心学了，但很失望没学到什么东西。
171357,3667,章骥,2023-03-22 09:17:57,14,14,0,生物制药学讲的什么垃圾玩意儿，天天搁那炫耀自己生化实验讲的那点破东西😅
172871,3667,章骥,2023-05-09 02:13:54,3,3,0,建议后来者生物制药学论文注意格式
180139,3667,章骥,2023-09-20 11:03:19,1,1,0,只要你真的认真老师人还行
180958,3667,章骥,2023-09-29 11:30:13,12,13,1,驾校教练
181820,3667,章骥,2023-11-01 17:04:30,6,6,0,听说会在实验中心抽烟？！
187854,3667,章骥,2024-01-17 15:03:41,1,1,0,驾校教练笑拥了，给分挺拉的
188355,3667,章骥,2024-01-18 17:42:34,0,0,0,讲课比较随意，讲什么做什么，有点不系统，但问啥他讲还行。最后给分感觉慕课刷满了，好好跟着做完实验了，上4完全ok
190862,3667,章骥,2024-03-22 05:03:55,12,12,0,跟章北海父亲一样，也姓章，做实验问他的时候老告诉你“要多想……”
191695,3667,章骥,2024-04-28 08:07:13,3,3,0,生物制药学：上课时不时互动点名，没到会被记下来。上课内容可以不听，课程没有考试，最后只需要交一篇综述，规范格式。总体上水水的，给分上四比较容易。老师自己随便讲讲、聊聊天的上课感觉，下课问他问题也会耐心解答。性格稍有点怪，但也还行。\n\n生化实验（甲）：写了份报告，小组作业。平时任务量远远少于其他同课程班，开题、结题报告ppt也不用太完善，老师总体上给高分很难，但挂完慕课完成要求，基本上上四没问题。可以主动向老师请教互动。\n\nbtw，老师抽烟，介意的话还是别选，靠近就能闻到。
191900,3667,章骥,2024-05-04 09:29:28,2,2,0,史中史，上课讲的东西没意思，期末给分标准也成迷。\n\n没缺过课论文也花了很久写的论文最后才3.6\n\n纯复制论文+错过了一次点到却有4.2\n\n逆天
192442,3667,章骥,2024-05-20 04:41:28,-3,0,3,挺能融入学生的，没什么距离感
196736,3667,章骥,2024-07-05 02:38:32,1,1,0,讲的什么玩意
201634,3667,章骥,2024-11-05 05:03:24,0,1,1,十分，因为fxn不是人，他来很热心地指导我们做生化实验，虽然每天还很忙，但是仍然义无反顾地拯救fxn的学生于水火之中
202253,3667,章骥,2024-11-11 04:22:35,1,1,0,要求说不清楚，课程讲的相当混乱，不建议选。
202281,3667,章骥,2024-11-11 07:21:55,0,0,0,同行衬托，包牛的
204863,3667,章骥,2024-11-28 07:52:29,7,7,0,不是他本班的学生，在自己老师班里课上得好好的zj就走进来自以为是地开始BB\n\n但凡是指导学生就算了，纯添乱，要么说老师讲的不对不该这么搞，要么说同学瞎做一看就是没好好学……然后。。然后他绝对不会告诉你该这么做，只知道自以为是地对其他人一阵乱怼，扰乱课堂秩序\n\n问他问题必是答非所问，不给你解答都算给你面子，大概率是先数落你一顿然后又很开心地说“我也不知道～你自己去想吧～”\n\n老师的教学水平可能有好有坏，但是一个老师对学生起码的尊重总是要有的对吧？就我个人接触zj的经历（自主实验做的事糖蛋白要向他借试剂），他对学生除了乱怼就是嘲讽，完全没法正常沟通。\n\n不仅如此，他对学生的态度也是完全不一视同仁，亲耳听见他和一个组长说“不用和其他人说的，他们懂个屁啊”——哦对了，他嘴边永远挂着脏字，请介意者慎重吧\n\n当然，我毕竟不是他的学生，看法是很片面的，大家自己参考就行（）
206650,3667,章骥,2024-12-17 03:03:52,2,2,0,1.讲课很烂，原理要么不讲，要么等于不讲，实验操作不介绍整体，就对几个细节扣扣讲讲就让你急吼吼地去做实验了。\n\n2.因为原理操作讲的都很烂，一堂课要问很多问题。问zj就很难受，回答几个关键词＋“要多想”＋哈哈大笑（我觉得是轻蔑的），一个问题要问几遍他才能给你完全讲通（他懂实验操作，但就是回答的简略，不会把前因后果告诉你，都要自己问）。\n\n3.钉钉上问问题，很少回答，回答也很迟，也不详细（感觉敷衍）。\n\n4.作业要求不明确，ddl不明确，最后答辩了，连时间都没提前说过，更别提具体要求了，服了。\n\n5.关于他的一些离谱印象：不屑于发论文，看不起很多中文文献，自己觉得牛的不行，其实论文成果惨淡，我也是无语。
210352,3667,章骥,2025-01-09 03:31:59,0,0,0,纯纯出生，全靠同行挠摊fxn衬托，就算这样也还是纯一个沙沟
214081,3667,章骥,2025-01-23 12:28:17,0,0,0,我不允许这样的人比yyh老师分高，大家都去选温柔yyh老师吧！zj真的是跟下面几个评论说的一样，非常非常非常讨厌！
216797,3667,章骥,2025-03-26 00:19:15,1,1,0,生物制药学不知所云，成绩考核规则所有占比加起来110%，上课像有哮喘一样讲两句自己在那笑一下，早八随机点名恶心死人
218086,3667,章骥,2025-04-20 15:43:00,0,0,0,扫码玩意，不知道自己上课讲的什么b样吗
218128,3667,章骥,2025-04-21 10:48:29,2,2,0,生物制药学给分很屎
218155,3667,章骥,2025-04-21 14:02:12,0,0,0,生化实验甲，这门课的老师都比较一言难尽，靠同行衬托，章老师在这门课里确实还算不错的了。相处起来确实不算舒服，但你有问题只要提出来，虽然有概率被数落一顿，但他还是全都会帮忙耐心解决的。有点刀子嘴豆腐心吧，虽然可能也有人受不了这种性格，但其实也就还好，给分也还算不错吧。
218306,3667,章骥,2025-04-22 11:56:53,0,0,0,怎么给的分？
79024,3782,黄力全,2018-05-21 03:17:17,0,1,1,好老师，嘻嘻嘻
79026,3782,黄力全,2018-05-21 03:22:58,0,1,1,我才是zs，那个发mua的家伙简直有毒
85575,3782,黄力全,2018-07-20 00:09:35,0,1,1,给分超棒~
102190,3782,黄力全,2019-01-31 08:31:02,0,1,1,大胡子可爱！
108399,3782,黄力全,2019-05-23 02:21:51,0,1,1,实验给分两极分化，稍微出一点错就很差。
129689,3782,黄力全,2021-01-11 02:37:09,0,0,0,非常好非常可爱
138706,3782,黄力全,2021-07-10 12:27:14,0,0,0,捞王！！爱您
130317,3972,江昆,2021-01-20 15:16:54,7,8,1,反对应试型教育模式，说是考点，整个ppt都是考点，最后搞得没有重点一样，大学学习别用三本的教学模式！
150187,3972,江昆,2022-01-20 02:55:33,4,5,1,课上讲的重点和考试重点完全不一样，说必考的重点内容都没怎么考，白复习那么久
168306,3972,江昆,2023-02-10 09:42:24,4,5,1,不遵守学校教学规范，偏要用垃圾微信群发课件，最后文件管理乱七八糟。\n\n教学进度也十分随意，开学说最后一节课复习课，结果最后还是上新课且没上完。\n\n支持卷实验报告，批改标准随意且不返回实验报告成绩。
183210,3972,江昆,2023-11-23 01:05:20,3,4,1,😅生物实验中心贵物之一
214068,3972,江昆,2025-01-23 11:49:34,0,0,0,生科院少数几个能让我全神贯注听课的老师，有时候会搞点抽象，但是教学水平确实很高。实验报告有点鼓励内卷。
82685,4073,陈晖,2018-07-09 03:09:57,0,0,0,军训打那么低分 你死噜
163146,4201,黄方亮,2022-12-08 06:15:41,9,9,0,生物芯片原理与数据处理：课程内容虽然比较顶，不过黄老师人真的好好，同学们有问题都能得到很耐心的解答和指导，实验课结果不好老师也会很热心的帮忙，感觉像亲近的学长一样~
79134,4255,李攀,2018-05-24 02:00:05,0,0,0,老师很博学啊
79772,4255,李攀,2018-06-13 12:19:07,7,7,0,老师超可爱\(//∇//)\而且很负责\(//∇//)\表白老师\(//∇//)\
82937,4255,李攀,2018-07-09 10:29:51,0,0,0,老师讲的很好！\n\n
83201,4255,李攀,2018-07-10 02:19:23,0,0,0,上课很有趣，任务有点多但是很有收获！
91412,4255,李攀,2018-12-09 10:26:05,-4,2,6,生物地理学自主学习可太秀了，任务和资料都没交代清楚
91419,4255,李攀,2018-12-09 15:21:01,1,2,1,老师和助教人都很好，上课很有趣。但强烈建议老师不要布置软件学习的任务，或者多教一点相关的知识，搞Genious完全不知道自己在做什么，还花了大量时间(一整个周末都在琢磨这个东西)
91972,4255,李攀,2018-12-25 06:46:32,0,1,1,李老师超可爱～
92362,4255,李攀,2018-12-28 04:11:15,0,1,1,生物地理干货很多，课很生动，学到了很多！
92567,4255,李攀,2019-01-03 03:20:27,0,1,1,这老师太可爱了wwwww给分也超好的！【虽然我分不高嘤嘤嘤
92915,4255,李攀,2019-01-05 14:48:17,2,2,0,生物地理学的软件学习让我的电脑崩了....\n\n任务比较重，但收获很多～老师很负责，会在群里解答问题，助教每周也会答疑..
100593,4255,李攀,2019-01-26 11:13:57,1,2,1,很精彩的课呢，除了上课内容比较好玩，还有植物园和课后自主课题，作业都是没有明确要求的，你想做到什么程度决定了你花多少精力，学了什么。
101883,4255,李攀,2019-01-29 12:21:47,21,22,1,老师很可爱，超级热爱植物，平时会组织校园植物认知和植物园参观，问问题都热心解答，让我一个对植物没啥兴趣的人都感受到其魅力了，虽然我每次上课都听睡着。给分也很好，虽然我比较低
113332,4255,李攀,2019-07-06 07:36:49,1,2,1,老师超级可爱！！！非常敬业！讲课很认真！还会带我们出去认识校园内的植物～
121877,4255,李攀,2020-01-23 05:09:46,7,8,1,真正热爱植物的学者。
130033,4255,李攀,2021-01-15 07:54:40,2,2,0,是老师的魅力让我感受到了植物学的魅力
139535,4255,李攀,2021-07-17 06:16:54,3,3,0,我男神
139670,4255,李攀,2021-07-19 16:10:33,3,3,0,上课很认真很细致的老师
139729,4255,李攀,2021-07-22 01:11:26,1,1,0,相当nice
142495,4255,李攀,2021-11-12 08:15:05,3,3,0,攀攀我爱你
143567,4255,李攀,2021-11-27 07:03:34,12,12,0,李老师可能是我大学以来碰到的最好的老师了，老师很年轻，一点没有架子(甚至有点小玻璃心，但是真的是为同学着想的)。上课也有很多干货，不是水课。虽然生物地理学这门课任务比较重，但是老师给分非常仁慈，为了能给同学找平时分，最后录成绩拖了很久让每个同学都交作业，不要不合格。另外，在野外实习的时候也能感受到老师对植物的热爱，常常背着个相机各种拍，也会给同学讲解各种各样的植物。但是明年开始他可能不会教生物地理学了。。。反正遇到有他的课就尽管选，不会失望的。
149805,4255,李攀,2022-01-17 04:27:27,5,5,0,李攀老师超级好，可以看出老师真的热爱植物学。
151762,4255,李攀,2022-03-15 03:10:15,2,2,0,男神我滴攀！
156571,4255,李攀,2022-06-20 09:40:41,3,3,0,李攀老师我永远的男神！！！真的很可爱很有趣讲课也讲得好，希望以后能够进李老师的实验室做研究呜呜呜
159303,4255,李攀,2022-07-11 11:08:42,1,1,0,攀攀！我滴男神！
174258,4255,李攀,2023-06-08 10:02:22,0,0,0,李攀攀 我男神
176960,4255,李攀,2023-07-01 01:24:23,1,1,0,神中神
178153,4255,李攀,2023-07-07 08:08:13,1,1,0,攀攀老师，您是神
183664,4255,李攀,2023-11-28 08:30:30,0,0,0,卡密撒嘛
186928,4255,李攀,2024-01-13 15:01:32,1,1,0,很和蔼 很亲切 也很乐于解答植物学上的问题
188352,4255,李攀,2024-01-18 17:37:38,0,0,0,老师最后给分还行，为学生着想
192927,4255,李攀,2024-05-31 15:29:44,2,2,0,我老公
195118,4255,李攀,2024-06-27 00:28:47,-3,0,3,吓鼠惹，楼上有女支女
202300,4255,李攀,2024-11-11 10:36:58,0,0,0,超可爱的老师，慢慢开始对植物学有了兴趣
181411,4516,余路阳,2023-10-17 07:10:40,11,11,0,为21级求科班创下生科概2全班5.0的神迹（不知道是不是真的吧作业丢了
190743,4516,余路阳,2024-03-17 05:25:42,6,6,0,只要他保持这门课这个给分，每年给他来刷一个10.0
190765,4516,余路阳,2024-03-18 09:09:12,5,5,0,10.0送上，希望保持这个给分
190843,4516,余路阳,2024-03-21 09:29:18,4,4,0,这个给分很绝
191112,4516,余路阳,2024-04-06 15:36:49,2,2,0,希望保持给分
191919,4516,余路阳,2024-05-05 07:11:56,2,2,0,请老师保持给分，神
192977,4516,余路阳,2024-06-01 14:05:54,1,1,0,kamisama
198381,4516,余路阳,2024-09-08 10:23:55,0,1,1,差评，不给全班满分了，甚至给分还很一般，出分慢到一个境界，byd这课失去了最后一点意义
89572,4794,张麝龙,2018-11-19 16:06:08,0,0,0,想睡觉
146896,4794,张麝龙,2022-01-08 02:51:19,2,3,1,laji老师，平时就PPT扒拉扒拉，期末考那么难，超级水的一个老师，给分低不说，上课也晓得在讲个啥。这么说吧，上课只给你介绍仪器，期末考试与他上课讲的百分之九十都没关系！
91882,4806,陈才勇,2019-01-19 04:17:51,5,5,0,老师是一个很好的老师 希望也能给我很好的分数
93942,4806,陈才勇,2019-01-14 11:26:56,2,2,0,爽！爽！爽！
95160,4806,陈才勇,2019-01-19 02:30:08,0,1,1,看其他人听得都挺认真的，先给个好评，看最后成绩！老师给的重点不好用啊。
97359,4806,陈才勇,2019-01-22 08:21:42,-26,2,28,作业都交了，每次点名都在，小测五次也都到了，虽然小测成绩不怎么样。期末考应该上九十了。最后88，被卡绩了就很难受！毕竟这是一门4学分的大课。
97403,4806,陈才勇,2019-01-22 08:40:04,4,4,0,陈老师给分也太好了呜呜呜
98381,4806,陈才勇,2019-01-23 11:37:04,5,6,1,老师很认真负责，很励志
98994,4806,陈才勇,2019-01-24 06:38:27,2,5,3,老师讲课语速真的不快，虽然领导来听课的时候，总会觉得老师讲得太快了。但作为学生来讲，说的太慢，反而会让人昏昏欲睡，挺喜欢老师这种讲课风格的，能学到挺多有用的东西，老师给分是真的好，虽然还是卡我绩，差一分都不给我满绩( ´◔‸◔`)
102200,4806,陈才勇,2019-01-31 10:41:36,9,12,3,给分很好，上4.5不难，满绩的话看自己咯，被卡是我自己菜啦，老师很可爱，听过别的老师的复习课，虽然老师不会疯狂偷懒考点，但是会疯狂帮你排除非重点，可能是生化均绩最高的老师了吧。。。
107313,4806,陈才勇,2019-05-03 12:12:59,3,5,2,人好，可爱，不会想睡觉的语气和语速，复习提纲记得和别的班相互交流，但是这是除shifeng外唯一认真看英文原版给我们上课的老师？虽然有的时候会上的比较慢（因为讲的细），但是复习课真的棒！选他！选他！选他！
120642,4806,陈才勇,2020-01-14 09:01:17,9,12,3,有机生化一起，原本以为复习不如意要死，没想到给分这么好，太感动了，陈才勇老师牛逼
129982,4806,陈才勇,2021-01-14 13:52:02,-14,1,15,讲得真的听不懂。。。而且很快，听着就很枯燥。期末了都不知道要怎么复习了，头大死了
131090,4806,陈才勇,2021-01-26 02:17:07,2,3,1,老师人很好，讲得很好而且老师好厉害，推荐推荐，出分超快，效率超高
131109,4806,陈才勇,2021-01-26 04:20:04,3,4,1,人很好！虽然老师一直说“我会实打实地记录成绩”，但是最后成绩出来后，给我一个大惊喜，给分超级好！老师这么说肯定是想激励我们好好学习哈哈哈
145329,4806,陈才勇,2021-12-29 05:15:59,10,11,1,陈老师真的好好！！讲课思路超级清晰，会讲的很清楚什么考什么不考，重点划的很清晰。老师说他当时生化学的也不好，但总是会说生化学真的很重要，日常生活中的应用等等。对教学很有感情的老师。从sf的班出逃来的，当时是因为有点害怕跟不上sf双语的节奏，来到陈老师的班感觉当初的决定真的挺好，学到了很多，但是生化背的东西真的太多了，平时就要开始背起来，不要等到期末补天。还没考试，先来评价一波。
145715,4806,陈才勇,2021-12-31 13:36:22,2,3,1,男神！
146640,4806,陈才勇,2022-01-07 06:35:23,-14,2,16,辣鸡，卡绩，小测多麻烦
146726,4806,陈才勇,2022-01-07 09:33:07,0,2,2,感谢老师捞我
214076,4806,陈才勇,2025-01-23 12:11:46,0,0,0,中文PPT中文授课，期末会划重点（虽然几乎把所有学的都划了），四五次不提前通知的小测（偶尔也会提前通知），很多次纸质签到（传着签那种），感觉还是比较捞的！
218154,4806,陈才勇,2025-04-21 13:57:57,0,0,0,之前上过生化甲忘了评分，老师人还是很好的，中文PPT中文考试，期末考前会画重点对照复习，期末考题出的也特别基础，纯背PPT完全够用。几次小测几乎只会做1/3，影响也不算很大。本人小测基本全是乱猜过去的，期末考前踏实背了四五天，参考绩点4.5
141243,4974,杜娟,2021-09-27 06:09:50,6,11,5,女神！！上课气氛超级好！！！特别温柔！！
160428,5228,冯明光,2022-09-22 05:06:49,0,1,1,上了研究生的《图表组合与论文写作》，虽然只上了两次，但我感觉自己没学到太多东西，也可能因为我对论文排版有点基础才这样。老师人应该还算好，说这课均分接近90，但是general的法则实在是之前都听说过，具体例子跟我的专业也不太对口，生科的应该还好。但是不太能接受的一点是上课节奏有点慢，即使教室的Word版本和平常的不同，他对操作也看起来不那么熟悉（或者也太慢了点吧），底下学生一片抱怨。就算我不是熟悉Excel，LaTeX和markdown的同学，这种课还是是自己实践才最重要，拿了PPT自己看吧，反正除了第一节和考试都不点名，我是不太想听了。
136734,5254,林爱福,2021-06-23 15:22:01,14,16,2,快点逃……
168770,5254,林爱福,2023-02-22 05:12:37,0,1,1,快逃！！！！！！
157851,5309,刘建祥,2022-06-25 06:07:31,3,5,2,讲课👎给分👎
138972,5357,徐娟,2021-07-12 05:02:16,11,12,1,强推徐娟老师的分子生物学。很温柔的老师。上课讲得很好，给分也好。大爱~
139847,5357,徐娟,2021-08-01 14:50:13,6,6,0,牛逼~~~~\n\n人美心善\n\n年轻有为\n\n冰雪聪明
140447,5357,徐娟,2021-09-12 02:43:39,1,1,0,徐娟老师超温柔
141000,5357,徐娟,2021-09-20 10:54:44,2,3,1,超级好的老师o(^o^)o\n\n对学生贼和善\n\n超级棒
155673,5357,徐娟,2022-06-15 06:31:08,1,1,0,超可爱的老师～
156200,5357,徐娟,2022-06-26 08:43:31,0,0,0,老师非常亲和，爱笑，分子生物学考试很简单，给分很好！
162159,5357,徐娟,2022-11-17 07:12:11,0,0,0,很好很温柔耐心的老师！
177386,5357,徐娟,2023-07-03 05:58:30,1,1,0,非常好老师，爱来自求生
197546,5357,徐娟,2024-07-18 09:06:08,-3,0,3,生态学进展给分垃圾
219934,5357,徐娟,2025-06-11 10:47:48,0,0,0,老师人超nice 虽然期末考考砸了 但还是10分！
198083,5372,闵航,2024-08-29 12:56:28,2,2,0,老师讲的真好
198149,5372,闵航,2024-09-03 02:41:52,0,0,0,我没有说他水的意思，我只是感觉在知识的海洋里畅游
122835,5824,蒋金火,2020-04-13 00:16:07,7,15,8,校园植物识别真的太棒了。老师风格活泼幽默，之前网总是卡，他“下次再讲吧，这样很影响我讲课的激情”，笑死我了，真的好可爱。选他的课绝对不亏
123103,5824,蒋金火,2020-05-09 18:34:50,26,36,10,蒋老师的校园植物真的强推！从生竞就开始喜欢的老师(✺ω✺)
127096,5824,蒋金火,2020-11-07 02:19:37,16,18,2,有点凶。。。
127237,5824,蒋金火,2020-11-16 12:14:57,10,13,3,给分绝了
130069,5824,蒋金火,2021-01-16 12:42:28,10,12,2,蒋老师是一个学识非常渊博，对植物学有着极大热枕的老师。所以对待课程十分认真，不允许马虎。因此如果不认真学的话，会做不来题目。但是如果认真学的话，还是可以学到很多有趣且有用的东西的。
136293,5824,蒋金火,2021-06-15 16:13:09,4,5,1,老师一起看欧洲杯吗
137142,5824,蒋金火,2021-07-01 12:21:09,10,13,3,给分很苛刻，感觉不会捞人，慎选。。。
137265,5824,蒋金火,2021-07-02 16:25:01,32,37,5,难受。作业好好写，课好好上，标本标本画好好做，识别考试感觉也没有很差，被绩杀到2点几。真的不能接受。\n\n还有做标本的时候问老师在不在实验室老师没回，或者被咕咕，白跑实验室几趟🤡\n\n其他的话感觉老师上课很认真。做标本和标本画也蛮有意思。识别考试考前记几下没问题。但是就这么被绩杀了，不能接受。
137324,5824,蒋金火,2021-07-03 08:15:35,7,8,1,老师真的很有趣很可爱，感觉人也很好，去做标本的时候老师一边教一边基本都帮着做好了。课也很有意思很轻松，认识了好多植物，这学期最喜欢的一门课。个人觉得给分也不差呀，科普短文没写，平时作业也就一两次满分，不过讲过的植物都好好认了，考试的时候就几个科名忘了以及老师马虎地放了的没教过的几种植物不认得，最后也有四点多。
139331,5824,蒋金火,2021-07-14 11:03:26,7,7,0,校园植物课程比较硬核，但老师真心想让我们学点知识，很用心
148470,5824,蒋金火,2022-01-12 14:51:15,5,5,0,可以学到很多知识，老师对自己的学科非常热爱，课也挺有趣，很喜欢的一门课，但给分真的不好，作业很认真了，标本画和标本也尽力了。。。只能说是不配了
152540,5824,蒋金火,2022-04-14 08:35:03,3,4,1,绝对能学到很多东西，三堂课都会很充实。但是一是内容有点多，二是考试不太简单（可能这和放假回来花都谢了有关），分不高。只能说要是2学分，再“优化一下”成绩组成就完美了。
152956,5824,蒋金火,2022-04-22 10:24:52,-5,6,11,校园植物好课强推！能学到很多也很有意思！给分求是，但不要被吓怕了2333认真学可以满绩的（某人文同学的第一个满绩）
153007,5824,蒋金火,2022-04-23 13:08:34,9,9,0,1分的通识课很硬，想水分的千万别选，老师挺严的，课程内容和任务也挺多，考试也挺难\n\n植物爱好者一定要来，有优势
153042,5824,蒋金火,2022-04-24 07:20:00,18,20,2,课有意思，前半节是植物基础知识，比较硬核，但是不考，后半节老师带我们在校园里溜达，认路边的植物。作业是每节课有课程内容的实验报告，期末上交两份植物标本和一份标本画，还有期末考试，认30种植物。给分不太好。课上能学到很多东西，和同学们一起在校园里认植物也是非常特别的体验，现在走在路上都会对植物们有特别的亲切感。拉低均绩了但是不后悔。
155662,5824,蒋金火,2022-06-17 15:40:22,19,27,8,快跑！！给分奇差，事情贼多！给他一分都算多！呈现两极化，有些人有植物学基础的给分不错，大部分小白莫名奇妙收获的都是2.4左右的绩点！ 如果要选这个牛马的课，千万要记得好好考期末考试！
155668,5824,蒋金火,2022-06-15 06:14:31,7,13,6,校园植物识别😭😭😭很推荐对植物有兴趣的同学选！是认认真真学的，成绩主要取决于最后30种植物识别，平时多观察多去记，不是很难，最后4.8，感恩😭😭😭
156109,5824,蒋金火,2022-06-17 15:47:22,10,13,3,校园植物我把它定位一门比较硬核的课程 夏学期的时候老师改革了一下导致课外花的时间比较多，树叶贴画，标本还有平时的植物记录作业。一般前半节课都是老师讲PPT 但不考 所以PPT听不懂也没事，后半节课老师带大家到校园里去认植物。我觉得这门课最大的难点也是决定你成绩很关键的因素是最后的认植物考试，真的挺难的，但其实真的需要好好复习，我是考前那一天晚上复习了4小时，然后考前的中午一个半小时，就是纯死记硬背，最后也认出了85%左右的植物。最后4.2的绩点，不高但是我觉得对得起我的付出。蒋老师人非常好，看得出来老师是一个非常热爱植物的人 希望我们学到很多东西。我也从这门课里学到了很多。看了楼上那个 说一句 我也是个小白 纯纯的小白 学考生物拿C的那种 对植物一窍不通。
161252,5824,蒋金火,2022-11-02 08:08:10,1,4,3,好课，好老师，完全改变了我看植物的方式。扣一分给绩杀，虽然刚期末考完，但已经猜到结果了。不过再来一次我还会是同一个选择。
161833,5824,蒋金火,2022-11-14 10:15:15,6,8,2,谢谢老师送出我人生的第一个满绩。（社科，没选生物）其实还是看兴趣的，我认识植物的整体还是有点天赋的，小时候野得多，但认局部真的不太容易，复习的时候还是要用心一点。作业真的很少，跟别的东西比这种能在课上完成的考试和植物贴画真的不要太好，毕竟写论文是真的写不出来。我好喜欢做标本啊，感觉找到了一个爱好。老师感觉会有点凶，但我感觉他只是无语，因为一个个去问一些视频里有的真的很无语吧，但只要你摆出认真的态度，给他说一句他就不说了。我感觉他真的很热爱自己在做的东西，尽可能的把一些知识告诉我们，还是很感动的，手机上课都不玩了。
164113,5824,蒋金火,2022-12-18 07:19:15,9,11,2,上半年下学期上的植物标本识别与制作，人文专业，真的很喜欢这门课和老师，这门课就是和植物打交道，真的少了很多和人竞争的不适感。\n\n那时候大一下，刚刚经历了一个很难过很迷茫的时期，是这门课让我开始思考上了大学究竟要干什么。\n\n我不是一个喜欢竞争的人，但这门课我从始至终都有在很认真地学，每一周都在期待着下一次课老师会带我们去认识哪些植物，因为这门课，我才想清楚，大学还是要尽力去学自己感兴趣的东西，不要只看得到绩点，这门课给了我很好的课程体验，当然我的努力最后也得到了回报，不知道是不是这一门课带给我潜移默化的改变，那一学期我上的课都是自己喜欢的也都很认真地去感受每一门课的过程，最后结果也都如我所愿。\n\n还有老师，我觉得他真的是一个很喜欢植物的人，对着植物有着满腔热情，我一直以来就很钦佩这种终其一生都执着于一件事的人，希望老师能做出属于自己的一番植物事业！！（可能每个人感受都不一样吧，我觉得老师挺可爱的，上课还会给我们说他的老婆和孩子，课下去找他也没有不耐烦。关于绩杀，这门课的成绩一大部分就是看最后的考试，考的就是识别植物，很多都是老师上课讲的重点，我觉得真的不是老师绩杀，很多人还是要想想自己的原因，因为课程考核方式老师很早就已经说过了，重点植物老师也会说很多次，要说的话只能说老师是一个按照规则办事、实事求是的人）
166468,5824,蒋金火,2023-01-12 10:27:59,0,2,2,植物识别的课很有意思，可以学到很多东西，作业和考核也不难，找几个课友一起完成效率会比较高。但是老师有点凶，感觉也不会捞人，是位认真求是的老师。如果是想水课拿分，劝退。
170243,5824,蒋金火,2023-03-02 07:11:43,4,8,4,拿到了第一门满绩，老师说我是最后30种植物识别答的好，但是我知道我自己是有一个植物没识别出来，一个还是两个科名写错了。我是秋学期上的这门课，秋天校园里的植物大多只有叶子了，都是看叶子识别的，还是有的难度的。做了两份标本一份植物贴画，植物贴画是可以利用上课时间做的，标本可能要多跑跑实验室，一定不要选草本！！\n\n老师是那种严厉中带着可爱的，我因为疫情第一二周都没来，也没注意看公众号视频，做标本的时候很多步骤都不会。老师语气很凶，但是边说就边上手帮我做了（我在一边唯唯诺诺ing）老师是属于对植物非常热爱的那种，带着我们识别的时候也会讲一些他的个人经历或者这种植物的故事\n\n不过我也是对植物很感兴趣的人哩，考试前按照app里老师讲的植物顺序逛两圈认认就好啦，一定要去实地认！光看照片是不行滴，记得也要上手摸用鼻子闻
172521,5824,蒋金火,2023-05-03 12:15:41,1,3,2,绩杀，不能接受，课上的还行（为什么说还行因为我认真听了还被绩杀，你上的认真但我学不到东西啊）评价维度太单一了，就是认植物，认真学还绩杀真不能接受
172523,5824,蒋金火,2023-04-28 13:32:41,4,4,0,非常非常值，其他想说的别的同学也有评论。我只补充一句，谢谢这门课，谢谢老师，这可能是我大一这一年真真切切学到东西的课了。
172530,5824,蒋金火,2023-04-28 16:18:50,1,2,1,评价标准单一
172550,5824,蒋金火,2023-04-29 12:18:41,0,2,2,给分很求是，事也很多，能跑就跑
175952,5824,蒋金火,2023-06-27 08:49:18,1,1,0,认真学了，考试也认真写了，植物也认真认了记了，标本贴画也好好做了，成绩也寄了。。。
176306,5824,蒋金火,2023-06-28 10:33:14,7,9,2,零基础也可以满绩！只要你投入足够的时间和热情，结果是不会辜负你的。\n\n这门课在生活中的实用性还是不错的，半学期总共认八十种左右的植物，平时作业就是每周查新认识的植物的学名、科名、识别要点，最后三次课制作标本、植物贴花、叶脉书签。PPT里的知识会比较专业，但是不懂也没关系，考试是认30种植物枝条，写出学名和所属科名。\n\n老师有时候可能会有一点点凶，我觉得他像一个有一点点小强迫症的有趣小老头（其实老师不老，但我不知道怎么描述更好），对学习习惯有要求，上课叫我们不要看手机，还会逗学生，我和另一个同学不会开门被他笑死了。\n\n我自己还蛮喜欢花花草草的，考试周复习烦了就去生物楼散步，对着生命观察软件里的记录去认植物，大概去了七八次的样子，一次一次加深印象，拍了亭亭玉立的荷花，偷吃了有着浓郁果香的梅子，除了蚊子有点多，还是挺治愈的。
181868,5824,蒋金火,2023-11-03 00:41:52,0,0,0,太吵了。。。面倒くさい
182364,5824,蒋金火,2023-11-15 07:17:20,5,5,0,成绩出来了虽然很低拉绩点，但是我感觉上课很开心，老师打分比较求是，我确实没认出来很多植物，但是一学期下来我还是感觉收获蛮多。（那我只能怪老师考的难了），大家好奇周围都是什么植物的可以来选！可以带家人or朋友逛校园的时候介绍！虽然绩点我只拿到了3但是还是好喜欢这节课！！而且也能认出来身边基本的植物是什么！
193861,5824,蒋金火,2024-06-20 10:12:11,1,1,0,别选，信我\n\n非专业选手请避坑\n\n不然这门课就会教会你什么叫“绩杀”。
193863,5824,蒋金火,2024-06-20 10:14:37,1,1,0,人才老师，给分多少就是多少，我都不敢相像他80分以上的学生有多么的少
193974,5824,蒋金火,2024-06-21 07:05:39,0,0,0,事多分低
194011,5824,蒋金火,2024-06-21 10:58:58,2,2,0,快跑 绩杀极其严重\n\n课程本身上课体验还可以 能学到一点东西\n\n但是给分实在太太太太差了
202217,5824,蒋金火,2024-11-11 01:58:17,0,0,0,绩杀，快跑！
211610,5824,蒋金火,2025-01-12 04:11:42,1,1,0,给分低我能接受，但是期末考分一样比别的老师低我不能接受，绩杀
212125,5824,蒋金火,2025-01-13 08:27:15,0,0,0,专业课上的植物学及实验乙，蒋老师只负责了实验部分的教学，加上我本身就有点基础的原因，最后拿到了课业上的第一个满绩。看的出来老师的要求还是蛮高的，但是要是你达到了他的要求也是可以拿到很高的分数的，因为这门课不仅仅是期末考的事情，像是实验报告，期中考试，期末实验考试什么的，都是蒋老师给分的，占比也挺高的，可以看出来老师并不会为了扣分而扣分的。再说回平时上课，他也是挺亲切的，有什么问题他都能面对面给你解决，你要线上提问，他也是实时在线的，挺幽默风趣，和蔼可亲的一个老师，可以给个好评
215065,5824,蒋金火,2025-02-20 12:41:54,1,1,0,实习的带队老师，可以感觉到老师很爱植物
215994,5824,蒋金火,2025-03-09 05:40:22,0,0,0,难崩。
217930,5824,蒋金火,2025-04-18 05:38:57,2,2,0,非常热爱植物识别与标本制作这门课，努力在学最后结果也很好，老师性格很搞笑，但真的很好
219448,5824,蒋金火,2025-05-27 12:06:32,1,1,0,<植物考古>\n\n老师负责中段的四节课，基本就是植物的识别，上课还是挺耐心的，就是不经意冒出几句“文科生注意力不如理科生”还是有些无语
165906,6208,周明,2023-01-10 10:28:27,0,4,4,挺好的老师
171406,6208,周明,2023-03-23 12:16:30,-2,1,3,。。。。。。。。。
191269,6208,周明,2024-04-16 07:02:52,0,0,0,还不错
194062,6208,周明,2024-06-21 20:16:48,0,0,0,求过求过求过
146180,6694,丁忠杰,2022-01-05 15:56:43,9,9,0,太可爱的班主任啦
159369,6694,丁忠杰,2022-07-15 01:34:37,6,6,0,人确实超好，很温柔很耐心！
173738,6795,马志鹏,2023-06-02 05:59:38,0,0,0,给分太差，人挺好的
185826,6795,马志鹏,2024-01-04 15:51:42,0,0,0,上课忘记开课，之后什么水平就不说了
176708,6808,周艳,2023-06-29 21:30:35,0,0,0,老师很温柔但是一点不捞啊呜呜呜呜呜呜
168250,6835,王智烨,2023-02-06 13:40:30,3,3,0,挺好的老师
139593,6878,张爱英,2021-07-18 02:26:03,0,0,0,野外实习生态学部分带我们小组的老师。人很好，事情少。
181556,6921,胡亮亮,2023-10-22 13:15:32,3,4,1,生态学实验课，什么都不教，让我们自己做，各种高级数据分析方法和软件纯靠自学，那我要你这个老师干嘛？？？
132482,7666,吴梦瑞,2021-02-02 02:04:34,0,3,3,老师刚回国，第一次教书，上课真的不行 人还是挺好的
159218,7666,吴梦瑞,2022-07-08 08:00:16,1,1,0,老师人美心善，给分好！
217010,7666,吴梦瑞,2025-03-31 08:48:51,2,2,0,上课太煎熬了，太煎熬了
143809,7735,梁爽,2021-12-07 08:45:44,9,9,0,爽姐yyds不解释
155418,7735,梁爽,2022-06-12 11:27:20,10,11,1,各种方面都完美，上课好，给分好，人也好\n\n（但是每节课都会点名哦，这是一个可以轻松把整个班同学记住的老师，课间默默掏出名册一个个打勾）\n\n所以不要逃课（灵魂拷问：你真的舍得逃课吗）
189149,7735,梁爽,2024-01-22 07:23:36,2,2,0,给分真好！
190169,7735,梁爽,2024-02-24 07:28:28,0,1,1,生科导\n\n上课挺幽默的，偶尔会带点英语需要一点听力（笑）会回应大家的诉求，考题也会好好讲解（虽然可能会带点吐槽哈哈哈）\n\n会捞！可冲！
191830,7735,梁爽,2024-05-01 04:55:44,2,2,0,人美心善，快冲！
191922,7735,梁爽,2024-05-05 09:53:13,2,2,0,群落事少给分好！考核方式舒适！老师人美心善！冲就完事！
192078,7735,梁爽,2024-05-09 01:15:31,3,3,0,新ap科研压力大，但对本科生不错
210649,7735,梁爽,2025-01-09 14:34:01,2,2,0,生科导是们好课，课程条理清晰，感兴趣能了解到生物的美。建议每节课都要去听，小测好好做，最后花个一天时间复习考试。
213628,7735,梁爽,2025-01-18 15:35:32,0,0,0,首先谢谢梁老师!上课颇有收获，思路清晰而且给分很好。\n\n其次对于不喜欢自己专业课的人来说，生科导属于一学期的一束光，就算史老师很多次和我说，通识课而已随便学学就好了，但是这门课的确值得认真学，想想，看到一朵菌你可以从孢子联想到群落，从三域联想到仿生……无所谓多离谱吧，但是生命的维度被拓宽了。\n\n梁老师某种意义上属于光明的使者，第一节课她说，通识的目的在于给予学习者通行于不同人群的知识、能力、价值观；宏通识解，出而应世。好有格局有木有!\n\nps：老师和动画里的达尔文地雀莫名神似（）可爱捏!
217360,7735,梁爽,2025-04-09 04:10:21,1,1,0,梁爽妈咪😭离了你谁还把我当宝宝😭春夏的群落与生态，梁老师上课非常有激情从来不会犯困而且非常好理解，生科院少见的真正会上课的老师之一，课程就一个小组展示（这个学期是介绍文献的comment和response，分析作者和质疑者如何斡旋）以及最后一节课上的闭卷考，闭卷考超级简单，把PPT过一遍就能上90，80%都是历年题和平时课上做过的思考题，再把历年题背一下期末考拿满分都非常简单。梁老师真的对我们很宽容把我们当小学生教，强烈推荐大家选这个课！外专业的也能轻松高绩点！（补充一下因为人比较少所以基本上谁没来她都知道所以相当于每节课都点名）
125829,7771,孙棋,2020-09-14 13:58:38,-1,6,7,他的助教很不错👍
135968,7771,孙棋,2021-06-06 11:44:39,2,3,1,。。。
137524,7771,孙棋,2021-07-05 02:41:34,7,9,2,绩杀啊  无语子。。。
137594,7771,孙棋,2021-07-05 08:30:11,3,9,6,给分贼差，上课无聊，作业也不少，对自己学院的都能绩杀，怎么会有这种老师。奉劝大家千万不要选，预置了也赶紧换！
138436,7771,孙棋,2021-07-09 07:17:02,1,5,4,很不错的老师呀，形策课上得很有水平，又红又专，虽然可能给分低了点
156731,7771,孙棋,2022-06-21 03:04:03,3,3,0,呵呵呵sb
175976,7771,孙棋,2023-06-27 10:04:57,2,2,0,美美卡绩，均绩怒降。。。。
175992,7771,孙棋,2023-06-27 11:08:36,2,2,0,4.8分哪来的？
175994,7771,孙棋,2023-06-27 11:13:55,1,1,0,给分也太答辩了 无语子
175995,7771,孙棋,2023-06-27 11:14:58,1,2,1,无语死啦什么答辩，形策这课就这样，人家老师能打出4点多的绩点，怎么4对于你不吉利啊，考试大家都烂怎么就你打分低？烂裤裆
177719,7771,孙棋,2023-07-04 11:49:25,-17,1,18,个人感觉还可以\n\n期末成绩低的应该是自己没好好背吧 感觉很多考点助教给的复习资料ppt里面都有的 反正我考前是花时间背了 也就背了一个下午 最后4.5
194502,7771,孙棋,2024-06-24 07:50:15,1,1,0,给分很迷，总评比期末低
194524,7771,孙棋,2024-06-24 08:41:36,2,2,0,这水课如何暂且不谈，给的分比他评分还低是真绷不住了
194572,7771,孙棋,2024-06-24 11:35:46,2,2,0,😅真是幽默
194580,7771,孙棋,2024-06-24 12:13:12,1,1,0,给分很不好
194799,7771,孙棋,2024-06-25 12:24:01,4,4,0,谁说没好好背的，你拿个4.5装什么装，大家都是努力背过的，你搁着刷什么优越感？有些话不方便说，祝你和姜萍一样努力吧
195868,7771,孙棋,2024-06-30 12:10:48,2,2,0,史中史
200635,7771,孙棋,2024-10-20 12:42:46,2,2,0,服了，拖了20分钟堂了还在气定神闲地放视频
205625,7771,孙棋,2024-12-10 07:47:45,0,0,0,呵呵呵
220306,7771,孙棋,2025-06-17 08:02:54,1,1,0,笑麻了形策
220314,7771,孙棋,2025-06-17 08:17:39,3,3,0,别指望这俩老师的给分能超过他们的cls评分和
220424,7771,孙棋,2025-06-18 02:15:29,1,1,0,点名：助教点名非常严格，出现了一堂课上课下课一共点两次的情况，且不允许补签\n\n\n\n给分：比起其他老师，给分差，尽管期末选择题错的很少，也喜提3.X\n\n\n\n建议：如果实在退不掉这门课又想拿高分，建议是考勤打满＋抓住发言机会卷发言+期末提前背好。此老师的高分非常有难度，不过本课只有1学分，拿不到高分也不必过多在意。
127904,7776,李黎,2020-11-30 04:19:03,16,31,15,事多分少 慎选
129363,7776,李黎,2021-01-04 14:49:53,3,12,9,好老师！必选！！
135279,7776,李黎,2021-05-13 15:23:58,3,6,3,事情多，但课堂活动挺丰富的。\n\n\n\n然而这是我春学期唯一一门出成绩后快一周才有人想起在群里扣谢谢老师的课，不知道是不是很多人和我一样被3.3了。
135304,7776,李黎,2021-05-08 00:58:18,-5,3,8,努力与收获成正比
136378,7776,李黎,2021-06-17 07:10:09,5,6,1,事是真的多，不过小组成员还不错
137191,7776,李黎,2021-07-02 06:47:40,1,3,2,事情其实还是不多的，毕竟是职规课，还有人想事少？中肯的说，老师其实真的还是不错的，至于给分，努力和收获还是有关系
142484,7776,李黎,2021-11-12 05:12:00,-2,2,4,老师好好看好好看
153540,7776,李黎,2022-05-04 07:56:22,5,8,3,事多分少 不知如何分配的成绩 她的kab千万别选
153550,7776,李黎,2022-05-04 13:35:12,3,4,1,老师的KAB很有意思，课上挺多活动，课后不是很多事，但建议期末任务和平时活动纪实把每个人的参与度明明确确记下来，分数少不了，我们整组都很好，如果想上课有意思的话可以一选，说给分低的估计是没有让老师在提交资料中看到参与度，哦，老师有一个不足就是布置任务具体信息十分不明确，
153831,7776,李黎,2022-05-12 10:59:30,-2,1,3,老师人是好的，就是KAB不太会教。什么都没学到，就写商业计划书了，任务布置得很不明确，整门课感觉乱乱的
153843,7776,李黎,2022-05-13 04:03:22,-2,1,3,感觉老师挺温柔的，正常参与课堂活动，认真完成作业和实践，4.5。可能让老师记住你是一个好方法。
159207,7776,李黎,2022-07-08 06:42:13,4,7,3,据说在硕博研究生中口碑很差，不知道本科生觉得她怎么样？
159210,7776,李黎,2022-07-08 06:53:32,4,4,0,98观光团
159219,7776,李黎,2022-07-08 08:16:05,3,3,0,我宁愿什么也不做，也不愿意做什么
159226,7776,李黎,2022-07-08 09:57:43,2,2,0,李老师官威真大啊
160091,7776,李黎,2022-09-13 06:30:15,-5,0,5,老师好看
160092,7776,李黎,2022-09-13 06:30:15,-6,0,6,老师好看
161182,7776,李黎,2022-11-15 07:49:10,4,4,0,秋学期最后一周突然说读书报告秋学期截止，感觉比她建议字数多个一倍应该就会有加分。总的来说，傻孩子们，快跑啊！
161249,7776,李黎,2022-11-02 07:38:59,5,5,0,是不是有点离谱？秋学期期末要交读书报告，然而之前的课上从来没有提过，其他哪门课老师不是学期一开始就规定好，还会在PPT上标注好ddl，只有她在这周突然云淡风轻来一句“一般来说是秋学期期末交读书报告”，谁跟你一般来说啊！！！！！！！！！！！！！！是不是别人不发火就把别人当傻子啊？？？！！！！！
166724,7776,李黎,2023-01-13 10:12:56,-3,0,3,读书报告写的不是太好，小组成员不太给力做出的成品都让人有点无语，所以我估计小组分也不高，但我高中是文科生政治学得不错，可能期末考试考得还行，最后总评87，拿了4.2，反正是我最烂的绩点。这个老师我真的不推荐。
166829,7776,李黎,2023-01-14 00:45:20,2,2,0,平时任务完成的非常认真，期末答的也很认真，最后总评89，4.5，无法理解，总之，千万别选
125860,7784,应颖慧,2020-09-15 03:22:58,-11,0,11,生科导上课制度辣鸡，老师讲课中下，给分还是极好
125861,7784,应颖慧,2020-09-15 03:22:58,-9,2,11,生科导上课制度辣鸡，老师讲课中下，给分还是极好
126906,7784,应颖慧,2020-10-27 10:36:33,3,6,3,老师上课认真负责，仔细听讲还是很有收货的（两周一次的课作业有点小多……有大佬卷……）
131349,7784,应颖慧,2021-01-27 07:09:02,0,3,3,作为文科生，生命科学导论算是非常友好了！知识都是科普性的，没有什么高深理论和复杂技巧，主要就是拓宽知识面、培养生物学兴趣。一开始可能会觉得线上课程有点多，但其实除了小组展示就没有其他事情了。每节课前五分钟会有APP自测，也都是线上课自测的内容。个人觉得有这个小测总还是能督促一下自己，免得攒到期末考前复习不完。应老师人超级温柔，平时还会分享很多推文和新闻给我们，非常用心和负责任了！
131680,7784,应颖慧,2021-01-28 11:46:13,5,5,0,我上的是生化实验甲，点不点名的看对应的座位有没有人就知道了。老师人很好，有耐心，你可以跟她进行细致的交流，给她的建议她也会听进去。实验方面的话，因为都是课程组的要求，所以上起来感觉有丢丢的难，给分不错！
138134,7784,应颖慧,2021-07-07 12:52:43,-9,0,9,上四了感谢感谢😊老师真好
138672,7784,应颖慧,2021-07-10 08:53:23,6,8,2,生科导平时事不多，但是很杂，有线上学习内容、小测、小组展示什么的，讲课内容极其基础，很科普。给分莫名其妙。平时任务都做了，小测成绩也还行，考试内容大多是原题默写，展示自认为我们小组算比较好的，所以最后91是怎么给的？？什么程度才能到92？搞不清楚
143869,7784,应颖慧,2022-01-15 14:16:09,-10,4,14,第一，生化实验甲是两学分，不是1.5学分；\n\n第二，老师说考前交实验报告有奖励，自然是为了我们大家的绩点着想，像我，明明实验失败了很多，实验报告也自认为写得一般，老师还是给我了蛮好的分数，据我了解，这门课给分是非常好的，我想那位同学你还是不要辜负了老师好心，用如此粗鄙的语言回报应老师。\n\n第三，这门课确实累，有其他班同学不用写论文，只需要像化学实验报告一样去交作业。但是我们这样确实学到了更多，对将来更有帮助，希望骂那位老师的同学目光可以长远一点。\n\n第四，我觉得应老师对学生很好啊，也能听得进去我们的意见，理解我们的难处，还不好？
143870,7784,应颖慧,2021-12-09 15:36:28,-6,4,10,应老师多可爱啊
145707,7784,应颖慧,2021-12-31 11:25:08,15,29,14,傻逼老师真傻逼
145711,7784,应颖慧,2021-12-31 12:12:51,12,19,7,1.5分的生化实验课玩的这么花？冲业绩不至于这样吧？你是要卷死生化实验（甲）哦！
145748,7784,应颖慧,2022-01-01 09:01:12,12,18,6,1.5分生化实验上出5分大课的感觉，牛死你了。考试周做实验考试周出大报告，真捏马不考虑死活。\n\n还有提前交实验报告有bonus更是纯纯内卷发动机呗，合着没考试的人就可以卷这个绩点了，有考试的人就要一边学别的一遍给宁写报告呗。
150314,7784,应颖慧,2022-01-22 08:40:30,0,5,5,有一说一，老师讲课确实不大行，PPT上面内容也不是很容易就能搞懂的，但这就是生化实验，难度摆在那里也是没办法的事情，要搞懂原理只能硬着头皮学，这样才能把实验报告什么的任务完成的比较好，包括给分。那个说考试周写报告来不及的人我只想说为什么不提前就把报告写掉一些，而且你还写过中期报告，写不完是老师的问题还是你的问题，你按时写完总评会差？就你忙？
151214,7784,应颖慧,2022-02-24 14:52:36,6,8,2,那个说是2分不是1.5分的差不多得了，你上的生化实验甲跟我们不是一个班就不要指点江山了好吗？你不在我们班就用自己的感受把我们代表了？事多就是事多，上她1.5学分的生化实验就是课程建设的小白鼠。出分前和我们一起bb她不好，出分后直接调转枪口的人，希望你这墙头草别被连根拔了。
162367,7784,应颖慧,2022-11-21 04:23:56,9,10,1,离谱，离大谱，一个1.5学分的课，事情比2.5的实验课事情还多，真的超级麻烦，然而生态学还不得不上这个sb课，写完中期实验报告然后说要改格式，tmd格式就改了半小时，感觉啥也没学到的同时还浪费时间（来自改格式改麻的人的痛骂！
164147,7784,应颖慧,2022-12-18 12:30:58,5,5,0,就你事情多，就你搞特殊。生化丙碰到她带实验真的会吐。实验自己没搞清楚当场改步骤改数据，实验报告要求这么多，不能和别的老师统一标准吗？
166639,7784,应颖慧,2023-01-13 06:21:27,-3,1,4,2分的通识，上课就没听过，小组展示也一般般，但是最后4.5！！！我自己都觉得对不起这个分数哈哈哈哈，希望大家和我一样幸运！！！
171342,7784,应颖慧,2023-03-22 05:36:38,-2,2,4,生物化学实验太抽象了，调一大堆没用的东西还卡机，老师是好老师，课程设置太不合理了
177621,7784,应颖慧,2023-07-04 02:57:39,4,4,0,实验报告给分不知道为什么这么差？平时还爱逼逼叨叨
181511,7784,应颖慧,2023-10-19 17:20:29,5,5,0,妈的是真的垃圾，一个b实验破事一堆，还什么学术偶论文\n\n垃圾，妥妥的垃圾
189556,7784,应颖慧,2024-01-25 11:09:51,-1,2,3,老师你好好，你是我见过生科院最善良的老师，上课非常有耐心，即使我们搞错一大堆东西，都还能保持微笑，虽然很强调实验报告的格式，但确实能学到一些东西，10分送上！\n\nPS：老师真的很善良了，虽然几次实验报告都规定了ddl，但最后还会给机会修改，很照顾学生！
189645,7784,应颖慧,2024-01-26 08:40:42,-1,1,2,很温柔的老师，课程内容科普性强，涵盖范围大，除了第一节课都很有趣。考试简单，基本上都是小测题，pre念稿最后都拿了92，谢谢老师捞捞
204948,7784,应颖慧,2024-11-29 02:41:05,1,1,0,真绷不住了，b事多得一批\n\n第一次见到啥事都要管的，还能0.几分的扣
214080,7784,应颖慧,2025-01-23 12:24:44,-1,0,1,虽然偶尔红温，但老师还是温柔的，事情可能会多一点，比如说实验报告的格式和图片表格的字号什么的都要要求，但老师起码会把所有的要求说明白，而且问她她也很耐心的回答，不像某z姓老师啥要求也不说最后给人打了个低分，唯一的缺点就是老师太认真了导致出分太慢了，期末报告从12，31到现在看了23天了还没出分，煎熬啊www
216324,7784,应颖慧,2025-03-13 09:34:29,1,1,0,就做过一次大生实验，感觉一般吧，讲得挺清楚的
218977,7784,应颖慧,2025-05-16 02:09:40,1,1,0,傻逼老师 上课话说不清楚 问个问题凶得一批 要求还多 滚吧
154094,7792,何磊,2022-05-23 05:36:16,5,9,4,吹爆我们何磊老师！美丽大方温柔体贴亲切，给分极好！最后一节课还请我们喝饮料！平时也会很诚恳地给我们其他课程学习上的建议！真的是很好的老师！！！
154218,7792,何磊,2022-05-26 05:42:46,2,2,0,还会让我们一定要吃早饭呜呜呜
156664,7792,何磊,2022-06-20 14:19:27,1,1,0,选了何老师的基础植物克隆这门通识课，老师人真的很好，超级温柔TT自主实验失败了会积极帮你准备第二次重做的实验，还会提醒我吃早饭TT我两次自主实验都失败了，本来都做好绩点不好看的准备了但居然有4.5啊啊啊啊啊啊我的超人！！
156706,7792,何磊,2022-06-20 16:50:48,5,5,0,何老师真的是一位开朗认真，可以和同学打成一片的小姐姐鸭。生态学大实验给分高，自掏腰包请我们喝饮料，做生态瓶，钉钉上有问题都是秒回。给小何老师点个赞
174036,7792,何磊,2023-06-06 00:33:31,0,0,0,强推这个老师
174216,7792,何磊,2023-06-07 15:04:40,0,0,0,表白何磊老师！！！虽然我没有上老师的课，只是在生科导实验课的ppt里找到老师的邮箱，晚上给老师发邮件问了一点组培的问题，我本来想转天收到都是万幸，但是老师在大晚上的几乎是秒回呜呜呜，神仙老师！
174692,7792,何磊,2023-06-15 16:04:27,1,1,0,非常好的一个老师，沟通交流都是秒回，能够和学生打成一片，实验设置也比较合理，强推！！！
175018,7792,何磊,2023-06-21 05:39:37,2,3,1,生态学大实验好课！分高有趣而且真的能学到相关的知识！可冲！
182558,7792,何磊,2023-11-17 12:37:57,3,3,0,亚撒西 亚撒西 亚撒西 亚撒西
182564,7792,何磊,2023-11-17 13:47:43,1,2,1,老师可太好了！！！上课轻松、事少，给分还高。这样的好老师哪里找！
184431,7792,何磊,2023-12-19 13:38:32,4,8,4,我强基生态hgx实名表白何磊姐姐，生科院最好老师，谁赞同谁支持？！？！？！？！？！？！
184493,7792,何磊,2023-12-21 01:04:36,5,6,1,我求是生科lgr实名表白何磊姐姐，生科院最好老师，谁赞同谁支持？！？！？！？！？！？！
189404,7792,何磊,2024-01-24 03:02:16,0,0,0,好好好
201539,7792,何磊,2024-11-04 07:00:52,0,0,0,何老师好温柔
214319,7792,何磊,2025-01-31 12:10:06,0,0,0,很温柔的老师，实验报告没交的话还会来特地提醒一下，还会发很可爱的表情包
219685,7792,何磊,2025-06-04 07:25:21,0,0,0,何老师超级超级好，很温柔，户外的课程还会发雪糕，事也不多，分还没出来先打10分再说😃😃
219686,7792,何磊,2025-06-04 07:25:29,0,0,0,何磊老师真是宇宙无敌炒鸡炒鸡好的老师，无脑选好吧
143279,7883,余超,2021-11-23 00:47:48,0,0,0,“收获”
146659,7883,余超,2022-01-07 07:17:21,-2,1,3,挺好的啊
148128,7883,余超,2022-01-11 14:33:19,0,2,2,人很好
164413,7883,余超,2022-12-21 02:05:01,2,3,1,大生其他老师班上的，但是余老师给我们上过一节发育的课，然后智慧树平台上也讲的是发育的课，感觉比其他老师都清晰，就上课而言，给我的感觉很不错。其他给分之类我也不清楚，不做评价。
166678,7883,余超,2023-01-13 08:13:15,9,12,3,老师还不错，纪点有点低
166685,7883,余超,2023-01-13 08:37:43,11,12,1,大学生物学，不点名，课水，事少，但期末考要背的东西很多，给分一般般
168554,7883,余超,2023-02-19 10:24:26,-5,1,6,给分很好🤤
179973,7883,余超,2023-09-20 05:32:57,4,5,1,道貌岸然，假的很
186060,7883,余超,2024-01-08 05:42:01,0,1,1,十分，希望老师给我pre打满分
201340,7883,余超,2024-11-01 02:05:46,0,0,0,要点名
207217,7883,余超,2024-12-20 01:45:32,2,2,0,又mean又虚伪，夫妻档开黑店，一起PUA实验室研究生，已经逼的不知道多少学生转导或者去看心理医生了。表面的心平气和掩盖不了内心对人从头到脚的评判
208976,7883,余超,2025-01-04 03:31:02,1,1,0,发育生物学讲得很乱，给分也不好
217636,7883,余超,2025-04-14 10:09:20,1,1,0,个人感觉老师人真的很好。本人非生物专业，纯兴趣原因选了大生（还疑似误入强基班），平时个人碰到不太了解的问题老师也会比较认真地回答，遇到不了解的老师也会很坦然承认并且课上一起讨论探究的。课堂还算轻松（至少我这个非生物专业的这么觉得），两个分享的准备有点费时，考试的范围会给，稍微记一下可以轻松拿捏的（5.0/95）。
143908,7907,周如鸿,2021-12-12 02:50:04,8,9,1,祝贺周大神当选生科院院长，希望周老师发光发热复兴浙大生科！
143909,7907,周如鸿,2021-12-12 02:53:34,8,8,0,学术水平世界一流，也许是浙大学术之光
154466,7907,周如鸿,2022-06-02 00:45:38,1,1,0,院长好
186011,7907,周如鸿,2024-01-07 13:52:37,1,1,0,虽然但是人工智能与生命科学真的英文讲的听不懂啊啊（我太菜了）\n\n\n\n考前来拜，求不死
188151,7907,周如鸿,2024-01-18 09:39:51,8,9,1,人工智能与生命科学，课又难讲的又不精，很难学到什么实质性的东西。实验对零基础的同学也很不友好。虽然老师会和你说不用担心绩点，但实际给的也不高。慎选！
188996,7907,周如鸿,2024-01-21 06:20:02,4,5,1,《人工智能与生命科学》，全英文授课，总体来说对于学生的英语水平要求较高，如果想要借此契机提升英语水平的话可以试试（经历过普物Ⅰ的捶打已经知道英语的重要性了）。\n\n这门课对AI for Science领域感兴趣的同学来说，应该是一个不错的导论课。上课知识点比较多，老师也尽量使用国外的最新成果，内容算比较硬核。\n\n老师讲授得还算可以，有些原理也会简单展开讲讲，总体来说比较流畅，很有国外的课堂的感觉。deep learning部分会讲得比较快，如果希望学深的可以参考Stanford的CNN和NLP系列课程做一些深入了解，老师上课的部分内容应该有来自于这里。后期生命部分的免疫疗法是重点，后面的drug design和medical image等部分仅要求了解。分子动力学的部分太难，这个个人觉得讲了可能真只是了解了一下，几乎没有深入。\n\nlab的话，需要有比较好的电脑配置（AI就是个大数据驱动的领域），基本上跟上老师的要求就能够有不错的实验结果。还有bonus，主要是做interpreter，感兴趣或者想要高分的同学值得一试。\n\n平时没有作业，就是每个lab（一共两个）会花上几天的时间，总体来说一学期花在这门课上得时间并不算多，如果混合有缺模块课的话，可以一试（周老师说明年会简单一点）。
189377,7907,周如鸿,2024-01-23 14:05:10,-3,8,11,避雷人工智能生命科学，绩点杀手，依托答辩
208298,7907,周如鸿,2024-12-26 14:27:00,7,8,1,做大作业做崩溃了来给大家避雷。老师人还不错，但是这个课教的断层感太严重了，我虽然没有特别强的计算机水平，但是程设学的还是不错的，可是这个课的大作业根本做不来，每一步都卡着我，那个程序根本看不懂，做作业的流程就是瞎写、问助教、助教教我、再改，效率极低且学不到东西，所以大家除非自己编程能力非常过硬，不然还是去学生科导吧
208829,7907,周如鸿,2025-01-02 09:45:33,3,5,2,老师还行，助教就是一坨狗屎，出出来的qlearning就是个错题，我很好奇到底是谁最对了这题😊助教你自己懂qlearning吗🤭一点计算机水平都没有只能说
210586,7907,周如鸿,2025-01-09 11:40:55,5,6,1,AI4LS与去年相比，减少了上课点名和小测，但是还是有期中考，有点难，但是老师开根号乘10了所以大家都还行\n\n两次lab很迷，ppt比较简略，对没有生物背景的同学不是很友好，到后面有问题咨询助教哥哥姐姐好像也不大回消息\n\n期末考更是重量级，分子动力学谁会啊\n\n反正就这样吧，混合的生物课也就这样了，毕竟新开两年的课在教学安排上肯定不如生科导H成熟、人性化！
213177,7907,周如鸿,2025-01-16 08:39:44,1,2,1,人工智能与生命安全课程，没有点名小测，今年考了分子动力学，老师英语确实很好（只是我听力太差），偶尔有意大利帅哥来代课，给分貌似还行，会开根号乘10。q-learning cnn rnn transformer这四块是ai部分的重点了，但是课上ppt的很多没讲的细节会考，以及今年考了很多相同部分章节的内容，而某些ppt完全不涉及。。。两次实验指导也难评，如果说不想搞ai的真不如去生科导，起码不会很难补天，总之就是建议懂ai的同学选这门课
214328,7907,周如鸿,2025-02-01 06:08:40,1,2,1,上课一直强调自己给分不错成绩不用担心，结果出分是所有课最低的一门；\n\n比较适合已经比较熟悉ai的同学选
214440,7907,周如鸿,2025-02-03 20:29:38,0,0,0,如果不是对ai很了解/感兴趣的人不建议学，能力不是非常强的人需要谨慎，这门课不能当成其他通识课水过去\n\n老师人很和蔼，可以看出来是想让我们学到些东西的，上课不点名\n\n但是课程设置不是很完善，两个大实验做到我心态爆炸，可以说是非常非常折磨了\n\n而且纯英文的课程是一个巨大的门槛\n\n考试涉及范围很广，而且也比较难，助教应该是尽可能捞了，无奈我答不出来一点
129974,8309,ChrisWood,2021-01-14 09:31:50,2,2,0,aka行走grammarly
129975,8309,ChrisWood,2021-01-14 09:32:24,0,1,1,行走的grammarly
128965,8310,霍颖异,2020-12-27 12:45:51,5,6,1,温柔，耐心呀呀呀，可爱。
129281,8310,霍颖异,2021-01-03 10:18:28,8,9,1,温柔善良，好有耐心的老师
132493,8310,霍颖异,2021-02-02 03:25:48,2,6,4,老师人好，上课有意思，菌菇课连吃带拿的，真的太快乐啦，还满绩了，墙裂安利!!能选上的都给我选!!
133754,8310,霍颖异,2021-03-04 12:21:11,2,4,2,md 老师就好好人
136087,8310,霍颖异,2021-06-11 01:30:02,0,0,0,好好好太好了
142311,8310,霍颖异,2021-11-10 05:25:48,1,1,0,好很好
142679,8310,霍颖异,2021-11-15 04:43:37,0,0,0,多彩的菌菇世界，选上稳赚不赔*罒▽罒*
143717,8310,霍颖异,2021-12-02 09:31:39,3,4,1,来给老师一个满分！！！\n\n作为通识课的结尾，这门课是一个完美的句号。\n\n有很棒的菌菇宴和森林公园的考察，实验很有趣，对文科生很友好哦！（虽然本人是医学生doge）\n\n上完课有好多好多的手伴哈哈哈哈\n\n满绩了 开心嘿嘿
143997,8310,霍颖异,2021-12-15 11:23:51,0,0,0,棒棒棒
144454,8310,霍颖异,2021-12-21 14:14:47,0,0,0,赞赞赞
144624,8310,霍颖异,2021-12-23 01:27:04,0,0,0,hhh
144912,8310,霍颖异,2021-12-26 02:08:50,12,18,6,菌菇课真的很有意思，只用交几篇实验报告，格式什么的都没有严格要求，最后交一个课程总结就可以。平时就是做做实验，还会外出吃菌菇宴。老师知道考试周提前之后把所有实验报告和课程总结的ddl延到考试周后。老师真的好棒！
144917,8310,霍颖异,2021-12-26 02:21:59,3,3,0,菌菇课真的很有意思，每节课做做实验就行，实验很简单，实验报告也很简单，最重要的是出游和菌菇宴，可惜疫情没能出去，不过老师说春学期会给我们补回来的
145666,8310,霍颖异,2021-12-31 04:07:18,1,1,0,真的很好
147818,8310,霍颖异,2022-01-11 02:44:47,5,5,0,多彩的菌菇世界，超级推荐的课，首先没有课业压力，其次，上课还有人手一个的盆景当伴手礼，最重要的是，课程本身真的超级有趣而且还能学到很多东西
149994,8310,霍颖异,2022-01-18 08:07:42,4,6,2,老师很好，课也很有趣，就是有点失落，最后的课程报告老师没做要求，要求课程交叉，我看之前有人做蘑菇装饰品，我就织了一个蘑菇包，织了好长时间的，还以为能满绩，结果最后绩点一般呜呜。不过老师挺好的，选上不亏。
149999,8310,霍颖异,2022-01-18 09:02:50,0,0,0,呜呜呜呜喜欢霍老师！本文科生出分后激情bd，虽然课上有的时候有小测，每两周要看mooc但是给分真的好！付出就有回报！！还记得考试前紧张死了TT
150018,8310,霍颖异,2022-01-18 09:45:06,0,0,0,老师温柔可爱，冲就vans了
150433,8310,霍颖异,2022-01-25 07:45:09,0,0,0,非常好的菌菇课
154181,8310,霍颖异,2022-05-25 07:47:46,3,4,1,真正为学生着想的老师
158907,8310,霍颖异,2022-07-03 07:21:11,2,4,2,大学生物学实验给分迷惑
160965,8310,霍颖异,2023-01-10 05:38:20,8,8,0,来给老师一个满分\n\n不管最后绩点怎么样，菌菇世界都是一门值得选的课！！！！\n\n课程轻松有趣，实验的时候超快乐\n\n教室环境很好，老师管理很松，氛围超好\n\n老师本人超温柔，经常和学生聊天\n\n封校了还在群里安慰我们，钉钉群里聊天，真的很好！！\n\n墙裂安利霍颖异老师！！！！\n\n绩点出了\n\n整个课程三次报告基本就是把ppt的东西复制粘贴\n\n然后交了一份没到2000字的期末作业\n\n轻松拿了4.2（相比其他课真的得分>付出了）
161164,8310,霍颖异,2022-10-30 09:24:51,1,1,0,老师特别好！！！
162595,8310,霍颖异,2022-11-27 08:39:14,0,0,0,非常有趣！爱死霍老师和林老师了！
165828,8310,霍颖异,2023-01-10 03:36:32,7,7,0,超级棒的一门课，文科生完全不用担心，学理论什么的很少，基本都是做一些有意思的实验，还免费坐车去了野外学习，吃超级好吃的菌菇宴，两个老师和助教人都超级好，很亲和，愿意和你加微信，和霍老师的初次见面给我一种霍格沃兹老师的感觉~总体作业就是三个实验报告和一个课程报告（任何形式，和菌菇有关即可），秋学期的课，作业ddl和冬学期都差不多晚了，老师人真的很好，大学第一门满绩，学分少但收获很大
165833,8310,霍颖异,2023-01-10 04:11:28,0,1,1,各种水课情况下还有3.6的绩点
166030,8310,霍颖异,2023-01-11 01:32:19,5,5,0,亦师亦友的相处模式，知道结课的时候在考试周，把最后一个实验报告和课程报告延后到冬三周，菌菇课一直忙着给一桌的同学夹鸡枞，真的有耐心而温柔，菌菇课学分少但是选上绝对不亏，对我个人而言，这是我在大学最喜欢的课之一
171859,8310,霍颖异,2023-04-08 08:19:49,0,0,0,非常好
172103,8310,霍颖异,2023-04-19 12:49:55,1,2,1,老师人确实很好 但是大生实验给分有点低于预期😭
178514,8310,霍颖异,2023-07-13 05:28:41,1,1,0,大生实验本来以为要寄了，比如跑胶泡了个寂寞，蔗糖根本分不出梯度，叶绿体稀释前比稀释后还清楚，植物切片只能切出一坨一坨的“薄片”，最后给分意外的还不错。
184280,8310,霍颖异,2023-12-15 06:55:30,3,3,0,我爱美女啊啊啊啊啊啊
184281,8310,霍颖异,2023-12-15 06:56:10,2,2,0,美女老师能不能不要这么温柔～
184360,8310,霍颖异,2023-12-18 07:08:43,0,0,0,老师很好，很可爱的小姐姐～
189148,8310,霍颖异,2024-01-22 07:23:01,2,2,0,给分太好了
190170,8310,霍颖异,2024-02-24 07:31:03,1,1,0,温柔美女姐姐！\n\n生科导班上的，会和我们吐槽一些开课小事件，小组展示也听得很认真\n\n主讲菌菇于是在生科导快讲完的时候带我们去看了菌菇培养室开开眼界\n\n应该有捞分，生科导的可冲！
196722,8310,霍颖异,2024-07-05 02:04:38,3,3,0,大生实验的课是好玩的，报告是在课上完成的，事情是少的，作为必修课算是快乐时光了，老师们也都很负责，给分普遍也还不错。
201253,8310,霍颖异,2024-10-31 00:20:21,2,2,0,老师很活跃，感觉就是一个非常好的大姐姐，上课也非常好，给分也非常好
212663,8310,霍颖异,2025-01-14 11:20:02,1,1,0,生科导，感谢老师捞捞🥺🥺🥺老师人好好噢好温柔，，。最后的pre是每个人五分钟，可能看我是社科专业提问的时候完全没有刁难我。期末考选择题基本都是平时自测的原题，简答题会提前给出题库自己嘎嘎背就行了。此女完全没有背错题有把握的不到一半竟也被捞得奇高，感谢…
214100,8310,霍颖异,2025-01-24 06:12:12,1,2,1,课程：大型真菌生产技术实践\n\n打分：10/10\n\n评价：这学期新开的课，和另一门【多彩的菌菇世界】有点像，平时能做做实验、种种蘑菇，很有成就感。因为有更多劳动部分，还能认定劳育分。任务有些多，但平时按部就班完成也不麻烦，总结作业不限形式，可以自己发挥创造力。给分非常好。
130293,8311,李燕,2021-01-20 13:44:11,10,11,1,很糟糕
138326,8311,李燕,2021-07-08 13:57:48,11,11,0,自从上浙大以来我最讨厌的，就是这个bitch了！！！！！！！！ 滚滚滚
151853,8311,李燕,2022-03-18 01:06:56,11,11,0,官僚主义作风。硬添领导，施压学生。
203825,8311,李燕,2024-11-21 09:54:57,1,1,0,轶事一则：\n\n\n\n室友牢潘想选进化生物学，但上课时间冲突，遂在冬学期第一周时钉钉发消息找李燕冲突补选。一天后，显示已读但未回。\n\n\n\n牢潘苦苦等待几天未果，鉴于此课程已经布置了三次作业都未交，遂放弃冲突选进与同学组队。就在所有人都快忘记这件事情的冬三周的某一天早晨：\n\n\n\n李燕于12天后回复牢潘：好。此时冬学期已经过去快一半，牢潘的课表里多了一门三次作业一点没做课一点没听而组队早已结束的专业课。
219091,8311,李燕,2025-05-21 09:38:08,1,1,0,燕至少办事靠谱，虽然有时候会推卸责任\n\n\n\n同办公室的xxx更是若只中的若只，严查有没有靠关系进来；每年生科院必吃榜：毕业设计 srtp 这b人每一个搞得清的，你问她她还来反问你，脑子有毛病；\n\n\n\n中和一下，给这两人打1分
146025,8796,杨兵,2022-01-05 05:44:09,2,2,0,很可爱的好老师
164478,8796,杨兵,2022-12-21 07:37:23,0,0,0,老师人挺好的，是比较温柔好说话的那种。但上课一直念ppt，会想睡觉。
184895,8908,陆华松,2023-12-24 05:59:39,1,3,2,很烂。没有经验，逻辑不清晰，还爱点名。不过点名可以理解，毕竟如果不点名，到时候你就在教室里自嗨了吧？
189314,8908,陆华松,2024-01-23 06:32:08,0,1,1,哈哈哈哈哈哈哈哈😄
189343,8908,陆华松,2024-01-23 09:39:00,0,1,1,hhhhhhhhhh
215730,9106,张冬,2025-03-05 02:14:17,0,0,0,听不清在说什么...语速很快而且吐字不清，虽然可能不是老师能改变的，但是听起来有点难受...
180197,9274,CHRISTOPHER RAYMOND WOOD,2023-09-20 13:51:49,11,14,3,I am not American!(震怒)
184285,9274,CHRISTOPHER RAYMOND WOOD,2023-12-15 08:41:37,2,5,3,认真准备了每次演讲，最后全脱稿，但可能因为看了ppt被认成读稿子？3.6无语了，只看结果不看过程？
191535,9274,CHRISTOPHER RAYMOND WOOD,2024-04-24 11:00:18,4,4,0,给分低
192358,9274,CHRISTOPHER RAYMOND WOOD,2024-05-16 10:28:53,4,4,0,给分超低
206680,9274,CHRISTOPHER RAYMOND WOOD,2024-12-17 05:12:25,3,3,0,老师不怎么关注平时表现，唯一的评分标准是结课的pre，客观来说，对于本身英语很好（只有出国经验能自由交谈这类水平）的人来说，上老师的课能得到很多锻炼，如鱼得水，但是对于英语水平在这之下（即使在同龄人中也已经很不错）且不大擅长做ppt的人来说，这门课真的会让人很焦虑。
207200,9274,CHRISTOPHER RAYMOND WOOD,2024-12-19 17:53:42,2,2,0,Give me，I will read it by myself
208232,9274,CHRISTOPHER RAYMOND WOOD,2024-12-26 08:59:42,1,1,0,给分巨巨巨低
208753,9274,CHRISTOPHER RAYMOND WOOD,2025-01-01 10:16:25,0,0,0,平时作业给分就超低啊哥们！四分的小作业拿3分！单词卡给八十多分？？？邮件从来不回的
181120,9276,RUHONG ZHOU,2023-10-09 06:31:27,4,4,0,来为周老师的评论区打个地基：\n\n正在上周老师的《人工智能与生命科学》\n\n老师的口语好好听！可以当托福听力的那种
187831,9276,RUHONG ZHOU,2024-01-17 14:12:11,4,5,1,老师非常和蔼，AI&Life Science 给分很好，只要正常完成课程任务，哪怕自认为完成的很糟糕的都没挂，上课从不点名但是有一两次签到，有两次小测会提前告知，两个 class project 可能如果没有一定的编程或者电脑基础会有点痛苦，但是助教会手把手带到家，所以不用担心完成度，如果有一定的基础而且下一点功夫会有更多收获。
210588,9276,RUHONG ZHOU,2025-01-09 11:41:25,0,0,0,AI4LS与去年相比，减少了上课点名和小测，但是还是有期中考，有点难，但是老师开根号乘10了所以大家都还行\n\n两次lab很迷，ppt比较简略，对没有生物背景的同学不是很友好，到后面有问题咨询助教哥哥姐姐好像也不大回消息\n\n期末考更是重量级，分子动力学谁会啊\n\n反正就这样吧，混合的生物课也就这样了，毕竟新开两年的课在教学安排上肯定不如生科导H成熟、人性化！
168143,9277,陈璨,2023-03-06 03:35:24,13,14,1,课上得不错，有趣，不想上的睡过去就好，给分包好的！冲！
168144,9277,陈璨,2023-01-30 06:56:19,32,40,8,人很随和 上课还行 给分挺松
168150,9277,陈璨,2023-01-30 07:18:12,9,10,1,不听课也能有一个高分，轻松死了
169040,9277,陈璨,2023-02-24 05:42:15,7,9,2,4.5走起
170823,9277,陈璨,2023-03-13 02:15:29,13,14,1,亲和可爱，nl不分😍。
170824,9277,陈璨,2023-03-10 05:39:30,8,9,1,人很幽默，可冲
171757,9277,陈璨,2023-04-04 06:21:18,5,5,0,老师上课特别幽默，亲和没有架子，🐛🐛🐛！
173621,9277,陈璨,2023-05-30 11:07:02,-119,19,138,垃圾老师
173917,9277,陈璨,2023-06-04 12:38:29,10,11,1,老师超好！我真的狂吹！啊啊啊啊啊啊啊啊都来选生科导实验啊！陈老师超级赞的！！！！！！！！！！！！！！！！！！！！！！！！！！
174189,9277,陈璨,2023-06-07 07:13:50,3,5,2,老师真的好好！！！
174455,9277,陈璨,2023-06-12 10:48:55,1,4,3,老师十分有亲和力，人很随和，对学生关切
180807,9277,陈璨,2023-09-26 12:13:28,2,2,0,好老师！！
180808,9277,陈璨,2023-09-26 12:13:31,0,0,0,gogogo，好课好老师
180940,9277,陈璨,2023-09-28 12:24:52,0,0,0,感受贼好
181539,9277,陈璨,2023-10-22 04:29:04,1,1,0,很好，讲课很清晰
182138,9277,陈璨,2023-11-10 13:04:09,2,2,0,陈老师人真的巨好，巨好！！博学儒雅！！
183384,9277,陈璨,2023-11-24 13:31:33,5,7,2,4.2
183385,9277,陈璨,2023-11-24 13:36:14,3,3,0,出分了qwq\n\n真的是课有趣\n\n不占平时晚上时间\n\n给分还好
183387,9277,陈璨,2023-11-24 14:01:36,1,1,0,老师人特别幽默！！特别好！！
183389,9277,陈璨,2023-11-24 14:09:33,5,5,0,生科导实验这门课很有趣，课后几乎没有事情，最后绩点很高，谢谢老师！
183451,9277,陈璨,2023-11-26 11:35:14,-7,4,11,不能理解，几个星期的周末早上下午都在往实验室跑，累死累活，课还算有趣，但是为什么给分低？我自认为是认真完成了。。。
183742,9277,陈璨,2023-11-29 12:20:38,0,1,1,生科导实验课程有趣（对于非化农医等专业同学），上课可水，小结和实验报告很认真写了，最后评分很不错，感谢老师
183872,9277,陈璨,2023-12-02 03:42:08,1,1,0,讲课幽默风趣，氛围轻松，上次带我们去参观真菌试验室还送了我一株灵芝
183990,9277,陈璨,2023-12-05 13:26:37,1,1,0,超级温柔，超级有趣，还会水朵🥰🥰爱了爱了🥰🥰
184135,9277,陈璨,2023-12-10 15:29:52,1,2,1,陈璨老师温和幽默博学，生科导实验课事少还有趣，所有老师都很好~最后绩点还挺好的
184539,9277,陈璨,2023-12-21 13:40:21,1,1,0,人真的挺好，上课也很认真很有意思。课程内容很轻松，事情也很少。
185111,9277,陈璨,2023-12-26 10:13:02,7,8,1,生科导实验纯凭兴趣选的，4.8的绩点，除了实验报告没有别的算作业的东西，而且实验报告也是课上写完再走的~所以体感非常棒，实验也很喜欢！推荐！
186265,9277,陈璨,2024-01-10 08:10:06,0,0,0,帅哥
187253,9277,陈璨,2024-01-15 10:14:10,2,4,2,还不错吧，上课挺好的，也就是实验报告和一篇总结，绩点4.5。当然周末早上是真起不来
187286,9277,陈璨,2024-01-15 11:43:15,0,1,1,没想到通识课也会被卡绩…课还好
187385,9277,陈璨,2024-01-16 00:59:48,2,2,0,生科导实验，上课幽默有趣，4.5
187719,9277,陈璨,2024-01-17 08:13:24,2,3,1,我的评价是，由于喜欢实验和生物，所以选这个课.除了课程时间排的很满，但毕竟是实验课，做满8次实验＋1篇实验感想，最后拿到一个满意的分数，狠狠10分。
188995,9277,陈璨,2024-01-21 05:33:25,2,2,0,【生科导】平时要看学在浙大视频+做课前测试 期末一场小组pre一场期末考试 期末准备了一天左右  最后4.8
192255,9277,陈璨,2024-05-13 03:53:25,3,5,2,4.2对文科生确实有点难度其实。绩点有点难过了。。。（有认真做实验写报告写小结
199953,9277,陈璨,2024-10-09 10:50:58,-1,1,2,老师好到爆
202423,9277,陈璨,2024-11-12 14:18:55,0,1,1,生科导实验\n\n老师伟大无需多言
204086,9277,陈璨,2024-11-24 03:01:30,1,2,1,超级棒👍，生导实验所以老师都特别不错，动物实验还送琥珀！！！都来选生导实验！！
204098,9277,陈璨,2024-11-24 06:01:39,0,1,1,一个年轻的男老师 上课引导性很强 参与感很强 很明显就可以听出来是很有水平的老师
205463,9277,陈璨,2024-12-07 01:45:20,3,3,0,3.9，，，有点破防
205467,9277,陈璨,2024-12-07 04:44:54,3,4,1,3.9。。
205520,9277,陈璨,2024-12-08 12:49:15,0,2,2,陈璨老师我的神！
205527,9277,陈璨,2024-12-08 15:04:27,2,3,1,嗯……平时有认真上课但是绩点只有3.3……
205536,9277,陈璨,2024-12-09 01:29:32,-4,1,5,生科导实验除了时间阴间外，非常非常好，事少分高，实验有趣，报告小结非常好写轻松，4.5
205798,9277,陈璨,2024-12-12 04:46:40,3,3,0,课是真的好，给分也是真的迷
205982,9277,陈璨,2024-12-13 02:35:24,1,2,1,阴间给分3.6
206152,9277,陈璨,2024-12-13 06:31:14,1,1,0,上课还好，一次课没翘，作业也认真写了结果出来3.9难受了
206282,9277,陈璨,2024-12-13 13:46:44,1,1,0,逆天，时间逆天生科导实验，最后3.9直接寄
206373,9277,陈璨,2024-12-14 15:33:56,-2,1,3,老师真的巨巨巨巨好！！！人很儒雅没有架子，上课很有趣而且实验很丰富，弥补了高中生物没法做实验的遗憾！绩点小遗憾，（实验报告有认真写，实验也有认真做）4.2，但是也挺好的了！
206395,9277,陈璨,2024-12-15 01:16:13,2,2,0,3.9
207006,9277,陈璨,2024-12-19 03:19:12,1,3,2,这是一个绩杀老师！！！快跑快跑！给分奇烂无比
207376,9277,陈璨,2024-12-21 04:23:36,1,2,1,给分海星，拿了4.5，不知道为什么这么多被绩杀的，估计是正态惹的祸？每次实验都要求点到➕一份实验报告，期末写个几百字的心得。任务量不大但上课时间雀食有的阴间，每个实验都是不同的老师上课，有些挺好玩，有些还是有点烦的，总体来讲每次都点个到，认真做好每一份实验报告，给分应该不会很低
207839,9277,陈璨,2024-12-24 12:21:56,0,1,1,老师很活泼，生科导讲的很好，任务也少。
210478,9277,陈璨,2025-01-09 08:27:24,2,3,1,老师很好，虽然考试都没开始，我也愿意打上满分。很认真负责，很渊博，也很考虑大家的实际需要。
213329,9277,陈璨,2025-01-17 03:33:35,1,2,1,高中学过生物也没用 因为内容实在是太深了 需要比较强的化学和生物基础 但是老师是好老师（觉得教育经历很励志 而且对于学术要求规范讲解得很透彻）课上不怎么听其实也没问题吧 但是再给我一次机会我会选择三节课听两节x
214168,9277,陈璨,2025-01-26 12:30:58,0,1,1,老师真的捞呜呜\n\n都给我选他的生命科学导论
218976,9277,陈璨,2025-05-16 02:05:29,0,0,0,是从24年之后生科导实验绩点都这么低吗。。
200413,9465,徐良,2024-10-17 01:01:08,1,2,1,是个新老师，长的就像教生化的。不知道给分怎么样，但至少实验教的挺好🥰很负责的老师。
200495,9465,徐良,2024-10-17 15:58:21,0,1,1,上的生化实验 老师好帅呀看着好年轻 喜欢老师 爱做生化实验 就是时间太长了每次出来感觉天都黑了 不过实验结果还是很不错的
215037,9465,徐良,2025-02-20 07:32:48,1,1,0,老师又帅又耐心 最后给分也非常不错
198896,9501,邵洋洋,2024-09-12 13:48:47,5,5,0,人美心善的好老师🐮🐮🐮
201203,9501,邵洋洋,2024-10-30 05:33:21,-1,0,1,太认可
212683,9501,邵洋洋,2025-01-14 12:42:22,0,0,0,老师温柔耐心，上课也很好
212700,9501,邵洋洋,2025-01-14 13:42:49,0,0,0,被卡绩了，不过给分还行
184390,9502,蒋明凯,2023-12-18 15:55:41,7,11,4,ppt讲不清楚 实验报告要求也有问题。。。烦
205423,9502,蒋明凯,2024-12-06 04:35:25,2,2,0,实验报告讲不清楚，问他又懒得搭理你，傲的不行
179593,9572,芦海平,2023-09-18 13:12:51,4,4,0,芦老师是比较年轻的老师，特别有耐心，不为难同学，向来“支持自学自悟大学课程”，乐意回答同学们问题，是大家的好朋友，同学的好老师，给分也超好，选了肯定不后悔，大家快冲！！！
179780,9572,芦海平,2023-09-19 23:52:50,1,1,0,很有意思，挺随便的一个老师
182300,9572,芦海平,2023-11-14 09:15:19,0,0,0,芦老师讲解得内容很实用，表达也很清晰，人非常随和。生化实验是我上过的最好的实验课
185159,9572,芦海平,2023-12-27 01:30:00,0,0,0,太喜欢了
198391,9572,芦海平,2024-09-08 12:36:07,2,2,0,非常好班主任
199048,9572,芦海平,2024-09-14 10:59:09,5,5,0,非常好班主任
199906,9572,芦海平,2024-10-08 05:34:56,3,3,0,最喜欢的老师，很有责任心
208140,9572,芦海平,2024-12-26 02:04:52,0,0,0,挺好的，挺好的，给你高分
217413,9572,芦海平,2025-04-10 03:18:16,0,0,0,大一时候的班主任，多的不说了直接满分
195984,9777,高本杰,2024-07-01 04:02:06,1,2,1,我给十分，高老师虽然喜欢说官话，但是真的为学生做事，就算做的不好被学生骂了笑一笑过去了，下次也是真的会听意见的老师；希望生科院多一些这样真的做事情的老师，可惜高老师不在教学科了，现在的教学科只能说…
198711,10216,崔瑾,2024-09-11 05:20:18,10,11,1,终于来了吗崔老师
198919,10216,崔瑾,2024-09-13 02:15:41,-50,2,52,崔姐很负责
199081,10216,崔瑾,2024-09-16 05:23:23,24,27,3,更多评价请见姜维梅老师查老师评论！
199689,10216,崔瑾,2024-09-27 15:16:52,22,26,4,植物学讲的很糟糕...简直就是PUA大神\n\n真不知道这样的老师是怎么到浙大来的...
199690,10216,崔瑾,2024-09-27 15:20:16,25,28,3,构式一般的存在，生科院第一王霸\n\n趾高气扬看不起学生，植物学更是讲的依托史
199691,10216,崔瑾,2024-09-27 15:22:35,22,24,2,我事新来的\n下面是直接骂还是走流程？
199692,10216,崔瑾,2024-09-27 17:44:13,46,46,0,z多年以后，面对加拉帕戈斯的棱皮龟，生科院的学生会回想起他们在生物实验中心见识崔瑾的那个遥远的下午。
199693,10216,崔瑾,2024-10-30 08:10:02,50,52,2,根据生态位互斥理论，生物实验中心只能有一只王八，于是在崔老师来了之后，那只在一楼进门就能看见的棱皮龟被挪开了位置\n\n隔壁牢光已经遗憾离场了，什么时候你也表演一个？
199694,10216,崔瑾,2024-09-27 16:25:50,24,25,1,第一次见pre那节课前临时宣布削减学生presentation时长，用于自己长篇大论和离谱点评的老师
199695,10216,崔瑾,2024-10-14 03:23:40,76,82,6,植物学不选崔瑾，就像分析化学不选王敏，玩游戏不玩原神，抽电子烟不抽锐克，学英语不找马里奥，学生态不找两夫妻，说明这个人生物造诣和专业认知不足，他理解不了这种内在的温文尔雅的植物艺术，他只能看到外表的败絮其外，参不透败絮其中，他整个人的层次就卡在这里了， 只能度过一个相对失败的人生。
199696,10216,崔瑾,2024-10-06 14:56:53,40,40,0,两口雌黄，挟师威上纲上线；\n\n百面唇舌，仗权势闲语闲言。\n\n面皮如墙厚；\n\n心气比天高。\n\n腹中墨水浅，咣当当泼不出一页纸；\n\n肠里是非多，呜哇哇评起来千余言。\n\n行路如墙上芦苇，真叫个头重脚轻根底浅；\n\n痴坐似山间竹笋，那便是嘴尖皮厚腹中空。\n\n\n\n针对下面分3P为崔老师辩护的同学：\n\n1.阁下作为一名非cell事件亲历者，还请不要言之凿凿。\n\n本人曾在cell里午睡和考前背诵时，被崔老师站在门外用手机拍照，以此证明求生班级同学并没有用cell学习。\n\n对此我正面评价崔老师，个人还是有点在意自己的隐私的。\n\n2.如果您还没有上完植物学，那请你不要着急，苦日子还在后头呢。\n\n作为连PCA是什么都不清楚的老师，你的小课题很有可能被她以“讲的不清楚”的名义打低分，甚至问出为什么你采集的各省数据没有包括台湾香港这种无厘头的涉政问题（一个小课题没有一些地区的数据不是很正常吗？什么玩意）\n\n3.瑕不掩瑜=10分？那阁下要给其他认真负责的老师打几分，查老师系统满分100？\n\n既然是专业课，那给分标准主要是，能否把知识讲好。\n\n至少也得是肚里有货倒不出来那种水平吧？\n\n一个植物学老师，连知识尚且存在空缺，那作为专业课老师就是得批评的呀。\n\n知识存在空缺还能不掩瑜吗？掩不住的呀。\n\n还有就是什么叫学知识不要选她？\n\n她是男是女，爱不爱美和她讲课差有什么关系？\n\n我是来学习的。\n\n4.有关浙大学生不如双非。\n\n你不如双非是你的事情。\n\n我平时学习不认真？科研不刻苦？你知道吗？\n\n你不知道，那你开什么地图炮？\n\n网上开地图炮地域黑开到我尚且还要回嘴，怎么，身为老师反而就能开地图炮开地这么自在？没道理的哥们。\n\n你可能之前被PUA习惯了，但是现在我们是大学生了，做得好的老师要拥护要夸赞，对于做得不对的大学老师就是要批评，没必要还搞出什么冷脸洗内裤，自觉低人一等。
199699,10216,崔瑾,2024-09-27 16:35:43,20,20,0,又没本事又要拽，当个领导尾巴要翘到天上了🤮\n\n上植物学实验课的时候阴阳怪气，说本科生做的小课题都是“垃圾”，提问又提不出什么有质量的问题，要么钻牛角尖要么问一些弱智问题，比如问什么香港是不是省级行政区？？？\n\n真不知道请了这么个大神来干嘛，避雷避雷
199700,10216,崔瑾,2024-10-08 03:28:20,14,15,1,生科院大王八一只，欺软怕硬，为非作歹
199705,10216,崔瑾,2024-09-28 02:17:37,17,17,0,能不能滚出生科院
199827,10216,崔瑾,2024-09-30 16:42:26,-32,6,38,P3\n\n\n\n关于行政，这个应该是她最抽象被人骂得最多的一点。可能大部分是以前发生的事情吧，我自己有所耳闻的就是之前她想把实验中心二楼那个玻璃房（名字叫cell，是求是生物科学班的自习室）拿给草木学社用，反正就不让求生用了。具体情况我也不清楚，反正后面草木学社拒绝了，不想搅和进她和求生的矛盾之中。后来不知道咋解决的反正还是继续给求生用了，然后崔老师也掏钱给cell重新装修了一遍，好像还换了新空调？我觉得人家虽然前面搞抽象闹了一些矛盾但是后面好歹还是让cell的环境更好了，从结果来看是好的。（但是我不否认她这件事情确实做得很抽象。）\n\n\n\n私底下崔老师真的是一个很好的人，很温柔的老师对同学超级好。大学生物学竞赛现在是她在主管，对同学们的大生赛是非常上心的很希望同学们能给浙大多拿几个国一，有什么问题也是很耐心地解答。之前我做SRTP去找她借实验室借器材她也很热心地帮忙。有关生物实验中心建设的经费她也是很爽快地发给她发票的当天就打钱过来了，从没碰到过这么快的报销。她的办公室里面的架子上有很多她和她家人朋友们的合照，布置得很温馨，花季也会摆一瓶鲜切花，很有格调的一个老师。\n\n\n\n我听说她以前比现在要抽象很多，可能差评大部分都是比我高年级的人写的吧，以前的事情我也不清楚我也不作评价，我上课的时候也在背地里狠狠骂过她哈哈哈，但是我现在只想在这里尽量客观地向大家介绍我眼中的崔瑾老师。至少现在的她是瑕不掩瑜的一个人，所以我给她打10分。
199828,10216,崔瑾,2024-09-30 16:46:35,-30,6,36,P2\n\n\n\n关于实验课，她上实验课也还挺正常的，但是的确有点不太专业，比如我问她向日葵的管状花哪个是花萼她自己都搞不清楚......这确实有点汗颜。还有她改实验报告也很抽象，打钩打得很丑，然后会给你的图打半钩，也不批注一下是哪里有问题，你得自己拿去问她，有一点莫名其妙，改实验报告也比其他老师严格，而且有一次我照着书抄的东西她给我打半钩，可能自己都没有仔细看书吧......不过你拿去问她她都会很耐心跟你解释哪里有瑕疵，而且据我所知几个实验老师里面她是亲自批改实验报告的，其他老师都是拿给助教改，然后她实验报告给分其实也挺好的只要你态度端正就不会给你低分，一些大家都普遍存在的问题也会在课上统一强调，我觉得至少她还是很认真负责的。\n\n\n\n而且在她来之前，实验课的实验材料那些花啊各科植物样本都是老师或者助教在学校里面采的，有时候采不到很多大家的实验材料就会很抠搜。她来了之后这些实验材料很多都是她用经费来买的，之后我们的实验材料就超级丰富，完全不用担心手残，那些很大的可能比较贵的百合啊什么的她也会买给我们做实验，我觉得这点是很值得表扬的一点。而且她实验课挺温柔的不会骂人，还会表扬谁谁谁切得好一顿夸夸，本人有幸被夸过还是很开心的。\n\n\n\n关于植物学实习，她带得比较少，可能只有最后几次会参与一下，她认识的植物确实不多，特别是和其他几位老师比起来真是差得挺远。但是她还挺有情怀的，可能因为是女老师的原因，很喜欢花也很爱美，很喜欢跟班里的女同学分享什么时候学校里面什么花会开放怎么拍照才好看，像春游一样。如果想学东西的话别跟她去跟其他老师hhhh，玩玩当春游还是可以的。
199829,10216,崔瑾,2024-09-30 16:49:55,-36,4,40,看到大家骂崔老师骂得这么狠，还是想写个长评尽量客观地评价一下我眼中的崔瑾老师。字数太多，分p发送。\n\n\n\nP1\n\n\n\n本人上的是2024年春夏学期的植物学及实验甲，崔老师负责的是理论课部分的植物组织部分（约占整个课程的一半）以及实验课的全部。\n\n\n\n关于点名，理论课不会签到，不过会随机点人回答问题，但是点到没来的好像也不会做记录（貌似？好像植物学的几位老师都不怎么管考勤）。\n\n\n\n关于理论课，崔老师上课的确有点抽象，教学水平还行吧但是和其他几位老师比起来肯定没有那么高，大部分时候上课其实还挺有意思的，喜欢给我们讲一些故事，听得还蛮津津有味的，不过有些人可能会觉得跟课堂无关有点水。但是有时候不知道为什么她又会发表一些抽象言论，可以参考其他差评，这个是真的，比如瞧不起本科生啊之类的。但我觉得她的意思是让我们谦虚一点认真一点，不要觉得自己考上浙大了就很了不起，听课啊科研啊什么的都不认真搞，还不如其他次于浙大的学生。我觉得她说的也是客观事实吧，一些双非的学生就是比这浙大的努力认真，但是她这样大范围AOE攻击的确不妥。而且可能大家都不喜欢这种本科生思想教育的话题，在专业课上讲这些东西确实让人很烦（老赵有时候也喜欢讲这些抽象的哲学类话题）。
199868,10216,崔瑾,2024-10-05 13:54:49,12,14,2,先输出一下，下面那位生态2201给cj洗地的同学，把你宿舍的床拆了，买一点二手猪笼草，你因为需要学习不是很需要休息，然后你的床铺归草木学社所有，这些事情突然发生在你有一天回宿舍的时候你愿意吗？\n瑕不掩瑜你给10分，赵老师这样为生科院尽心竭力的老师你给几分？你配叫他老赵？你怕是连他专业课都没上过吧，满嘴跑火车…\n说她上课很正常的是收了她的钱？就这种伪科学一样的植物的，半错半对的知识，故意恶心刁难学生的提问，这种老师来浙大不是耻辱？\n还有求生自习室的问题，不了解不要评论谢谢，你应该不知道当时她根学院的求是班爆发了多大点矛盾，最后党委副书记，副院长都介入了她不肯协商，搞得整个学院都很尴尬，她在老师那边的风评同样及其糟糕。\n然后就是她掉监控监视求是班的事情，几乎天天通过监控看教室里面的同学电脑屏幕，这有没有涉及到法律问题都不好说，1分送上，因为这个只是评论区的底线，这种吃软怕硬的、不尊重学生的、欺上瞒下的、专业水平离线的老师就不应该出现在求是园。
199869,10216,崔瑾,2024-10-05 13:14:47,11,11,0,楼下还分p的那个家伙你可以有你的观点但不要对不知情的东西指指点点还刻意美化。不管怎么洗，都改不了挲皮龟cj专业知识烂、态度恶劣、自视清高的臭德行。
199870,10216,崔瑾,2024-10-05 13:36:02,16,16,0,作为（至少是）亲身经历过Cell风波的人反驳一下楼下给cj打好评的评论中的几个事实性错误：\n\n1.cj在征用Cell时完全没有经历正常的和实验中心各管理老师以及求生班的商讨，也没有提出过对求生班的补偿方案，求生班在Cell的正常自习反倒受到了她的极大干扰；\n\n2.Cell从来没有换过新空调；\n\n3.Cell在2024年秋冬学期的改造和cj完全没有关系，钱不是她批的，霍老师想给Cell添置必要的桌子椅子折叠床等家具时被cj否决，理由是“经过专家讨论里面最好只有桌子”——当然我也不清楚所谓的“专家讨论”到底是哪位专家在讨论；\n\n4.Cell到现在为止也没有换过家具，里面的折叠式沙发床以及台式机、显示屏等设备都是求生班的同学买来放进去的个人财产，只有大的投屏是走的改造的钱；\n\n5.即使在这个学期，cj仍然在未经允许的情况下使用Cell的摄像头监控求生班在Cell中的正常活动，我认为这属于严重的侵犯个人隐私（因为Cell不属于公共区域）。\n\n\n\nps：我一直认为连专业知识都搞不清的老师就是纯菜，来上课=害人，我不知道这位同学认为这老师瑕不掩瑜是出于怎么样的评价体系，也许他/她的评价体系中HP第二部的吉德罗·洛哈特教授也属于瑕不掩瑜的类型吧。\n\nps：请问楼下一个人刷三条好评的这位同学属不属于故意刷分？
199871,10216,崔瑾,2024-10-05 13:31:24,13,13,0,马里奥和崔瑾，选崔瑾，懂？
199877,10216,崔瑾,2024-10-06 06:08:30,13,13,0,楼下洗地的是cj本人？还用三台设备来刷分？\n假如你是反串，脑子有问题；不是反串，脑子更有问题，正反都不正常\n浙大学生不如双非是事实？那你生科院科研学术有什么贡献？站着说话不腰疼\n你被cj“有幸”表扬过了，就说她是好老师，那那些大部分人被恶心提问，恶心刁难的同学算是什么？\n负责大生竞赛？今年生科院大生赛什么成绩你不看看？专门去查了，今年最好二等奖，而且排名并不算靠前，被真二本三本薄纱，你还有脸了…\nigem、senseus两大学院竞赛，cj当面羞辱指导老师，你知道吗？当众说杨帆老师“科研水平不行，带也带不好”去年igem金牌拿到手软对比你所谓的大省塞成绩如何？她真的科研水平可以，为什么从南农调过来当一个的实验中心管理员？\n你可以说你跟cj关系好，他对你好，但是很多事情没有调查没有经历就没有发言权
200060,10216,崔瑾,2024-10-12 03:58:39,10,11,1,竺可桢校长告诉我们怎样上课。\n\nwzh校长告诉我们不可以怎样上课。\n\ndjf校长告诉我们傻子都可以上课。\n\n崔瑾告诉我们不是所有傻子都能上课。
200254,10216,崔瑾,2024-10-15 07:12:56,7,8,1,不喜欢
200294,10216,崔瑾,2024-10-15 12:49:47,10,10,0,无语透顶 滚
200397,10216,崔瑾,2024-10-16 14:31:06,6,7,1,别选课！
200449,10216,崔瑾,2024-10-17 05:57:37,11,13,2,新来的，我直接骂还是走流程？，你的马死了吧，运动会还要上课是吧，你妈真死了吗，我跑完5公里回来做实验？
200516,10216,崔瑾,2024-10-18 05:26:03,6,6,0,幽默至极
200631,10216,崔瑾,2024-10-20 12:35:30,9,10,1,量子态的存在，你永远都无法预测她下一秒会做什么。
200658,10216,崔瑾,2024-10-20 15:06:11,8,8,0,？？？？？？\n人神共愤，你拿学生当你的出气筒？\n？？？？？？\n求是教学岗？？？建议严查这种老师怎么过教师专业素养和师风师德考核的
200813,10216,崔瑾,2024-10-23 01:30:28,4,5,1,这样的人是老师？？？
200900,10216,崔瑾,2024-10-24 07:42:00,5,5,0,一只兲，恐怖的很
201062,10216,崔瑾,2024-10-28 05:57:14,10,10,0,生科院教学、专业素养、人品、学术的耻辱\n\n你的植物学只有两个不懂：这也不懂 那也不懂\n\n刁难学生 蔑视领导 背后莫不是有人？建议严查
201113,10216,崔瑾,2024-10-29 02:11:24,4,5,1,浙大生科院还真是“海纳江河”😅
201210,10216,崔瑾,2024-10-30 08:10:41,4,5,1,逆天完了，撒比东西
201368,10216,崔瑾,2024-11-01 06:52:17,4,5,1,能把水杉认成二回羽状复叶、夹竹桃络石基本的对生互生的区别分不清的棱皮龟也来教植物学……
201446,10216,崔瑾,2024-11-03 05:02:51,13,14,1,每节实验课上课前都要与同学们互道“同学们好”“老师好”，如果不道她就说我们没有中学那种尊师重道的习惯了，逼逼叨叨好几分钟，然后再来道一次。
202242,10216,崔瑾,2024-11-11 03:42:04,7,7,0,别洗了宝宝，生物实验中心刚好缺两个石狮子，要不你跟棱皮龟一人一个位置蹲着？
203196,10216,崔瑾,2024-11-18 02:04:20,2,3,1,希望这样的老师不要再出现在浙大了，真的是浙大的耻辱
203674,10216,崔瑾,2024-11-20 11:54:51,9,10,1,拿着2024年浙大给的资源\n\n知识储备是1994年的植物学\n\n观念是1974年的观念\n\n\n\n不懂就问，我们浙大是有人发明了时光穿梭机吗
204072,10216,崔瑾,2024-11-23 14:48:20,8,8,0,本来想给你打五分，但是被界徐盛古锭刀酒杀砍了四分，给你一分
204114,10216,崔瑾,2024-11-26 05:51:20,6,6,0,对这位老师的公正评价都有点像lk
204556,10216,崔瑾,2024-11-26 15:50:04,4,5,1,是走流程还是直接开喷\n\n算了，和这玩意儿浪费口水简直是折寿\n\n只能说 知识、能力、魅力 它是一个都不占啊，蔑视学生却是第一名
204581,10216,崔瑾,2024-11-27 02:04:20,2,4,2,byd一样的实验报告，你批的分就是比其他人批的少，少的分被你吞了？
204619,10216,崔瑾,2024-11-27 05:26:56,3,3,0,抽象至极
204813,10216,崔瑾,2024-11-28 03:51:34,22,24,2,“女生嘛，头发烫到就没有理智了，只会乱叫”\n\n“这种做着美甲的人是做不好装片的”\n\n🤮🤮🤮崔瑾你就是一个巨大的厌女活该你女儿跟你关系差
205523,10216,崔瑾,2024-12-08 13:57:45,5,6,1,水平不如随便一个博士
205525,10216,崔瑾,2024-12-08 14:00:20,5,6,1,崔瑾真的逆天。有没能力，给分又差。选到她，我的建议是快跑。姜维梅老师就挺好的
205559,10216,崔瑾,2024-12-09 08:28:20,5,5,0,😅😅😅
205577,10216,崔瑾,2024-12-09 11:34:52,4,4,0,🤮🤮🤮
205655,10216,崔瑾,2024-12-11 02:10:37,12,12,0,听崔瑾老师的课是什么体验？\n\n她用抑扬顿挫的嗓音灌输一些陈旧迂腐的观念，以及早已过时的植物学知识。顺带用苛刻到变态的态度给你的pre提出毫无价值的高见。以及用强大的实力成功挤走了原本在生物实验中心属于棱皮龟的位置。\n\n1/67656，她成功霸占了属于棱皮龟的宝座！
206278,10216,崔瑾,2024-12-13 13:19:19,7,7,0,现在大学招老师已经不用专业技能和师风师德考核了吗🤗但凡认真做了其中一项，我说哪怕就一项考核，都不会出现这样的老师
206436,10216,崔瑾,2024-12-15 06:18:46,7,7,0,求是教学岗？6\n\n严查背后利益关系，无法无天了
206889,10216,崔瑾,2024-12-18 07:33:23,3,3,0,如果漂亮但没有能力的人被称为花瓶，那么崔瑾就应该是屎盆子
207183,10216,崔瑾,2024-12-19 15:18:53,4,4,0,崔瑾真是不得不品的一坨😋品玩就知道物种多样性啦
208757,10216,崔瑾,2025-01-01 10:56:15,11,12,1,人超好！！\n\n11分，但最高10分，所以就给你溢出的1分叭！\n\n（cjwcn摩洛哥炒饼，浙大最大的cjb）
208758,10216,崔瑾,2025-01-01 10:59:05,6,7,1,崔颈老师，您真是我见过最聪明的人，我没有您一半智慧，要是您不吝隐退，我会给您大米
211493,10216,崔瑾,2025-01-11 16:08:31,2,3,1,我都不想说什么了，不要选她的任何课，最好预置了也换掉，不然你会后悔的
213212,10216,崔瑾,2025-01-16 11:00:31,-8,2,10,崔老师人美心善😍
213689,10216,崔瑾,2025-01-19 06:49:59,4,5,1,下面那条评论好变态啊
213800,10216,崔瑾,2025-01-20 04:06:13,5,5,0,评论区一群既得利益者的丑恶嘴脸
214045,10216,崔瑾,2025-01-23 09:11:02,-8,1,9,我感觉崔老师整体还可以吧，她莫名其妙生气的时候是有，但是一个学期课上下来这种情况只遇到过一次。之前没有来cj老师的楼里看过，以为她评分平均来讲应该有7-8这样，今天看到是挺震惊了。或许是老师改过自新了？不过我也不清楚。就跟遗传学zsj跟jxl今年给分突然变好了一样，可能想改变一下之前的作风吧，不能被本科生太难看掉。她确实上课会吹会儿牛皮，但每堂课的任务都能让学生按时完成。之前去跟她交流问问题她也很耐心，很鼓励。总体上来讲，我还是蛮喜欢她的。当然之前她是怎么样的我无法得知，我只是评价她在这个学期教我的时候的情况。说生科院霸王，我想应该非fxn莫属了吧，，
214460,10216,崔瑾,2025-02-05 12:11:54,5,5,0,评论区里面夸的都是出自生态班某位同学的手笔吗...
214880,10216,崔瑾,2025-02-18 15:57:49,2,2,0,这种生命的意义就是活着的时候尽可能地激怒大伙，然后等哪天丨了再让大伙释怀地笑出来，以达到欲扬先抑的效果😅
216027,10216,崔瑾,2025-03-09 13:50:33,3,3,0,生态2201 D同学，show show way\n\n下面这么多恶心的评论全都是出自你手吧\n\n能不能不要带着全生科院一起变态
216148,10216,崔瑾,2025-03-11 04:44:56,1,1,0,cj老师是一个厌女魅男的老师，在南农就是这样啊
217626,10216,崔瑾,2025-04-14 08:15:43,2,2,0,cj老师您好\n假如您还关注您在学生里面的评价看这个网站的话\n您要是在随意乱掉求科班自习室监控，并不加以打码的把求科班同学在自习室里的一举一动包括休息时候的照片随意乱传，我们法院见
218313,10216,崔瑾,2025-04-22 12:35:54,0,1,1,只能说生科院的拟人玩意太多了，其他节奏不太懂，就上课体验来说cj算不上最次的一档，但是也不配拿什么高分就是了
198171,10372,陈飘飘,2024-09-03 15:11:14,-20,16,36,首先，祝賀陳師姐入職浙大生科院，由衷地為她感到高興。我讀博期間與陳師姐在中山大學有一段交集，她當時也在讀博。我以一個過來人的視角很負責地跟各位學弟學妹們說：她是那種很有拼勁的「女漢子」，將實驗室的重擔挑在自己身上，是個對課題和老師很忠誠和負責的人。然而，她往往也扮演著實驗室的「刺頭」角色。記得她當時為了課題的進展，不惜在老師面前給另一個博士後（也是我的師兄）使絆子，最後排擠掉師兄，成功上位。師兄在我剛進實驗室期間幫了我很多，見到我總是笑臉相迎，雖然之後沒有太多工作以外的交集，但聽到他辭職離開的消息，我還是非常震驚。之後，風聲走漏以後，我們整個實驗室從此都不敢得罪陳師姐了。我也是對她恭恭敬敬。有一天因為與她產生了一點小誤會，晚上都睡不安穩，第二天還送了一些小心意給她（雖然我不是很喜歡這套人情世故，但對她只能如此），她才平息了怒火，當然挨她幾句風涼話也是不可避免，最後幸運地保住了老師對我的信任。最後發表一些個人愚見，她在讀博期間確實有一些成果，但確實有恃寵而驕之嫌，仗著自己受到的恩寵，給師兄上眼藥，更別說她的師弟師妹們，更多是受到她的各種批評。而且，有些批評和要求很無理，比如晚上十點之前不能離開實驗室之類的，不然就會被她「打嘴炮」。後來，她博士畢業以後離開實驗室，整個實驗室的環境清淨了許多。所以，各位浙大的學弟學妹們，選導要謹慎啊！將來有一天你們要選擇去陳師姐的實驗室，希望我說的這段肺腑之言對你們有所幫助。
198454,10372,陈飘飘,2024-09-09 04:30:59,-19,13,32,你这么害人不浅，迟早会遭报应的。
199259,10372,陈飘飘,2024-09-20 05:03:42,9,22,13,飘飘老师是我在浙大遇到的特别好的老师，老师性格超级好，很有耐心，而且很多事情都亲力亲为，和学生也没有代沟😭😭😭真的很感激在重要的人生节点遇到了飘飘老师🥺🥺
199261,10372,陈飘飘,2024-09-20 05:18:05,11,23,12,体验很好，老师会考虑到学生的接受能力，循循善诱，老师人很和善，很好说话！
199262,10372,陈飘飘,2024-09-20 05:27:23,13,26,13,首先很不理解楼下的差评，怎么都感觉是在刻意摸黑呢？\n\n鄙人有幸听过陈老师的报告，逻辑清晰，思路明确，通俗易懂。\n\n各位同学们有机会可以上一上陈老师的课，或者听一听她的汇报，实际体会一下。\n\n实践是检验真理的唯一标准。
199359,10372,陈飘飘,2024-09-22 02:27:08,-10,12,22,跟飘飘当时在密歇根大学在20年一起做过博士后，她当时来美国一段时间了，做事挺卖力的，有看到差评说飘飘坏话，我第一个不同意，虽然博士后期间被她催促和批评过几次，但从来觉得她没有在老板面前评论过别人。当然，客观来讲，我跟他接触也是她博士毕业一段时间以后了，那段差评其实讲的言辞听恳切的，不像是编故事。有可能她的人品在博士前后有发生了巨大改变，所以我还是尊重下那位同学的差评。事情真相出来之前，不置可否。
199424,10372,陈飘飘,2024-09-23 08:57:49,10,19,9,这些争论其实没有什么意义，我只能说每个人有不同的立场，难以辩驳留下一大段文字的目的是什么，如果真的想了解陈老师可以去听听她的讲座或者和她的学生抑或是她本人交流，多说无益
199429,10372,陈飘飘,2024-09-23 09:29:19,8,17,9,有幸听过陈老师几次报告，也有一些交流，能感觉到陈老师非常友好和善，而且能感受到她思维敏捷，富有创造力，是一个非常有想法的老师。
199641,10372,陈飘飘,2024-09-26 15:10:58,8,17,9,有幸跟着学习过几年，一位很纯粹的科研人。
199642,10372,陈飘飘,2024-09-26 15:26:41,8,17,9,陈老师很好呀，身边有人在陈老师那边，经常跟我说陈老师行动力很强、很有想法、非常亲和、对学生很好等等，而且看过陈老师的照片，更觉得非常nice。
199644,10372,陈飘飘,2024-09-26 15:58:47,9,18,9,跟着陈老师后面学习一段时间，真的是非常好的一位老师，也和她身边的老师同学有过接触，都是一致好评。不知道下面大段用繁体字编造故事的是什么成分，遣词造句还挺有特点。建议对陈老师研究方向感兴趣的同学可以听一听她的报告，或者找机会和陈老师交流一下，不要被片面之词给误导了。
199646,10372,陈飘飘,2024-09-26 19:43:48,9,18,9,那个说陈师姐博士经历的人我都不知道他到底是不是中大的。我跟陈师姐在同一个实验室，一起待了至少4年，中间只招过一个博后，跟陈师姐课题都没交集，倒是跟我做同一个课题，人家好好的去兰大当老师了，不知道他说的把博后挤走是哪个博后。PS:10点前不许起走到因为要一起去小北门吃宵夜吗？😄
199647,10372,陈飘飘,2024-09-26 23:54:52,8,17,9,飘飘老师的课程还没开，为什么就有人开始抹黑她了呢？作为一个和飘飘老师共事过的人，我觉得她不仅在工作中非常专业，而且为人亲切随和。她总是愿意耐心倾听别人的意见，和她相处时让人感到轻松自在。无论是教学还是与同事的合作，她都展现出极高的责任感和敬业精神，是一位好老师。
199653,10372,陈飘飘,2024-09-27 02:58:56,6,15,9,飘飘老师对科研非常认真负责，能力很强，日常也能和学生打成一片，很幸运能够来到陈老师课题组！
201013,10372,陈飘飘,2024-10-27 02:20:38,-10,8,18,你那種桀驁不馴的模樣似乎去了浙大後就收斂了不少，看来想洗白自己以前的行为呢。看評論還以為你買了不少水軍，搞得自己像個小明星一樣呢
201014,10372,陈飘飘,2024-10-27 02:22:59,0,10,10,有点严
204977,10372,陈飘飘,2024-11-29 06:38:40,5,5,0,讲得很好！
219460,10372,陈飘飘,2025-05-28 01:21:49,3,3,0,看到楼下有说是博后期间的同事，我是飘飘博后期间实验室的研究生，相处了两年时间，为飘飘正名，飘飘为人正气和蔼，思路灵活，不可能做出任何差评所述内容。
219834,10372,陈飘飘,2025-06-08 11:39:37,8,8,0,支持陈老师。这里是浙大学生评价课程的平台，不是村口长舌妇是是非非的宫斗场所。你师兄只因为她在导师面前“上眼药”就辞职了？一个博士生，能厉害到三言两语搞辞职一个博后？好小众的情况。如果真这样陈老师在浙大可是太屈才了，该去搞政治。\n\n\n\n没人想听你们组里这些宫斗旧事，哪个课题组没有人际糊涂账？以后是不是浙大男老师分手之后前女友要上查老师来爆料他不洗袜子？大家的眼睛都是雪亮的。浙大的老师由浙大的学生评价。请还查老师一个清净真实。
199729,10665,林小清,2024-09-28 08:35:19,5,5,0,超认真可爱负责的老师！
199741,10665,林小清,2024-09-28 15:07:01,2,2,0,👍🏻
205140,10665,林小清,2024-12-02 05:37:09,3,3,0,老师很认真，上课也很认真，偶尔出现的蜜汁口音很有意思～
209886,10665,林小清,2025-01-07 10:22:08,2,2,0,林老师100分！！！！！对学生态度特别好特别温柔特别耐心特别爱笑，你害怕动物她会很热心地帮助你，超爱！！！
215131,10665,林小清,2025-02-22 06:07:53,1,1,0,超温柔的老师！如沐春风~
215997,10665,林小清,2025-03-09 06:31:03,0,0,0,如沐春风啊！
218835,10665,林小清,2025-05-07 15:09:17,2,2,0,老师很温柔，动物学实验指导非常耐心，非常非常好的老师，而且很理解很包容学生
