评论id,老师id,老师姓名,发表时间,点赞减去点踩数量,点赞量,点踩量,内容
9152,695,黄冲平,2015-11-17 15:07:58,20,32,12,不好好看论文乱给分
9978,695,黄冲平,2015-11-13 23:02:46,12,20,8,绩杀啊
10006,695,黄冲平,2015-11-14 07:30:32,-5,8,13,给分很好，讲课很有意思
10018,695,黄冲平,2015-11-14 09:52:05,-5,7,12,给分确实还可以，课很水
10064,695,黄冲平,2015-11-23 06:30:26,5,13,8,写好论文就ok，让老师多改改，提一下建议
10101,695,黄冲平,2015-11-16 04:40:31,5,12,7,给分差，讲得一般，无聊
10161,695,黄冲平,2015-11-17 04:10:26,13,21,8,拉低绩点
10191,695,黄冲平,2015-11-17 09:56:06,-6,7,13,讲的我都爱上农业了，论文写的好给分就高
10226,695,黄冲平,2015-11-17 14:17:11,-5,6,11,上课会点名，但给分高！
10271,695,黄冲平,2015-11-18 01:05:46,4,10,6,绩杀啊 睡了一学期的课 最后交篇农家乐论文就好
10290,695,黄冲平,2015-11-18 02:24:32,11,19,8,很无聊啊，一直在放ppt，给分也很一般，拉低绩点
10334,695,黄冲平,2015-11-18 06:12:27,-4,5,9,课堂氛围轻松愉快，还可以提前把论文交给老师审阅。给分不错 ，老师不赖。
10472,695,黄冲平,2015-11-19 03:50:41,5,9,4,奇怪给分超低
10496,695,黄冲平,2015-11-19 07:16:50,-4,3,7,课很水，分数也很水
10525,695,黄冲平,2015-11-19 11:30:50,1,6,5,太棒了 我要吃土去了
10531,695,黄冲平,2015-11-19 11:52:24,5,7,2,hhhhhhhhhhhhhhhhhhhhhhh还好没听
10778,695,黄冲平,2015-11-23 05:09:45,-1,5,6,绩杀，上课水，论文要求不明确，给分低\n\n
10954,695,黄冲平,2015-11-23 12:26:32,1,5,4,上课质量并不好，脾气也不好
14511,695,黄冲平,2016-01-07 09:58:34,5,8,3,绩杀。绝对绩杀
15032,695,黄冲平,2016-01-11 14:50:38,5,8,3,最后成绩真是瞎给 适合养老的课堂
15102,695,黄冲平,2016-01-12 05:14:12,11,15,4,绩杀！论文根本不好好看 每个人都写差不多的有差异吗！乱给分！上课超级水！就放自己的照片！
17491,695,黄冲平,2016-01-20 09:54:11,1,4,3,绩杀，慎选
18201,695,黄冲平,2016-01-21 15:05:35,-1,1,2,呵呵呵 论文乱改日了狗了\n\n
20310,695,黄冲平,2016-01-27 03:27:46,-1,1,2,对于认真听的人也许有点东西听进去，对于以为是水课写写论文得分高的。。
21857,695,黄冲平,2016-03-01 10:03:05,-5,0,5,超级棒！不能水！
24750,695,黄冲平,2016-05-03 11:05:02,9,13,4,上课水，基本就看他到处拍的照片，学不到什么东西。平时偶尔签到，不点名，没作业不占用课余时间，还喜欢提前一小时下课。最后一节课留给学生做presentation，把自己出去玩的照片汇总下做个ppt就行，非必须加分项。但是，期末论文内容和格式要求都超级高！！！被打回重否则不及格［手动再见］。并且绩点真的感人，不愧绩杀之名。推荐论文写的好的人去水。不建议选✕
24970,695,黄冲平,2016-05-04 14:30:42,0,1,1,呵呵\n\n\n\n
33267,695,黄冲平,2016-09-17 07:41:44,3,8,5,虽然说论文不好好看是事实，讲课讲的没啥意思也是事实，但讲道理，4.15的均绩摆在那里说他绩杀不太好吧
35514,695,黄冲平,2016-11-10 07:23:06,1,2,1,提前一小时下课挺好的。论文格式要求太高了～打印了好几次
35765,695,黄冲平,2016-11-10 08:05:06,-1,0,1,很轻松很快乐
36599,695,黄冲平,2016-11-15 04:29:22,1,3,2,老师猪跳水很好看的！
36602,695,黄冲平,2016-11-15 04:34:38,3,4,1,一学期只记得猪跳水了，没刷脸就GG
36618,695,黄冲平,2016-11-15 05:54:32,-1,2,3,完全没听课 最后3.9 ....算满意吗？
36644,695,黄冲平,2017-01-12 08:11:53,0,2,2,呵呵哒
36648,695,黄冲平,2016-11-15 07:38:33,12,14,2,上课真心只是放照片，虽然能够看很多地方的风景，但是感觉没有什么知识收获啊....论文只能说，早点写早点发给他改几遍....上课唯一的亮点就是 下课很早....
36652,695,黄冲平,2016-11-15 07:54:58,5,7,2,论文那么认真的写！乱给分！
36656,695,黄冲平,2016-11-15 08:08:21,3,3,0,特别水呀！！！
36743,695,黄冲平,2016-11-16 00:24:35,5,5,0,拖了绩点的后腿
36766,695,黄冲平,2016-11-16 02:59:53,0,3,3,课很水给分也高啊 基本都会提前一个小时下课 签到过几次 水水手机就过去了 提前写好论文给老师发过去改几遍 给了我满绩 摊手
36802,695,黄冲平,2016-11-16 05:54:59,-2,3,5,满绩hhh
36861,695,黄冲平,2016-11-16 09:34:51,3,8,5,4.15的均绩在哪儿摆着，说他绩杀不太好吧
36912,695,黄冲平,2016-11-16 12:33:48,1,3,2,最后一节课记得给他改论文
37116,695,黄冲平,2016-11-17 12:49:12,3,3,0,猪跳水影响最深。
37853,695,黄冲平,2016-11-21 11:25:31,5,8,3,老师上课很亲切，课堂氛围也比较轻松，不过干货略少，但是老师十分细心，在批改论文时十分细致。
37900,695,黄冲平,2016-11-22 01:49:42,-1,1,2,绩杀！！！\n\n
38017,695,黄冲平,2016-11-23 07:04:14,3,4,1,论文认真写不怕分低，老师人超好，还会帮着改论文。上课也挺轻松的。
38749,695,黄冲平,2016-12-16 15:44:47,4,6,2,这个老师的课是真的真的很水 比如上课的时候会说下面玩手机的同学先抬头看看这个比较有意思 明明三节晚课 每次都是8点不到就下课了 至于评分的论文 我只能说格式很重要！！还有是要提前写好论文和老师交流！！！态度诚恳一些！！最后老师给了我满绩 你们可以考虑一下
40401,695,黄冲平,2017-01-03 07:11:02,6,8,2,课是真的水呀，讲自己到处游玩的经历，不过，的确很合这门通识课的名字，偶尔点名（是一张纸上写名字，可以水）课上不要太张扬用电脑，随便做什么都可以，就是老师要关前排灯的。没课间休息，讲完就下课，一般会提早蛮多下课的。没考试，期末交篇论文就ok，最后一节课可以展示，有加分。给分实在是太好了，班级均绩都上四了，那些说绩杀的，你们什么心态!稍微认真写一篇论文基本就是4+，比别的通识课，幸幸苦苦一学期还上不了4轻松多了。
41394,695,黄冲平,2017-01-11 08:30:15,0,4,4,这门课很好，老师也很好呀，很轻松有趣，没什么事儿，一篇论文搞定，当然论文要求比较严格，总之很好，为什么评分那么低呢？
47676,695,黄冲平,2017-02-15 12:55:54,0,3,3,老师人是很好的，但是这门课需要你主动，一般来说主动的给分都挺好，至于怎么主动就要你们自己想了…不主动的下场就跟我一样…
52239,695,黄冲平,2017-06-16 09:06:13,0,1,1,真的是我上过最好玩的课之一了，上课很轻松，偶尔签到，没作业，就是看照片听老师讲故事，可能是我喜欢看各地风土人情吧。期末一篇3000字论文搞定，论文格式要求较高，按老师要求来4以上绝对没问题，不知道为什么评分这么低，反正我觉得很好，给身边的同学都推荐了，强推。
61157,695,黄冲平,2017-11-09 09:17:52,0,4,4,看到成绩赶紧来平分，天哪，老师给分太好了，开心，强推，上课就听听老师讲故事，论文多问老师几遍，就可以满绩哒，老师给的都是各个分段最高分，不要说老师绩杀啦，批改论文超级认真，发了好几次都不嫌烦，真心好老师！同志们加油↖(^ω^)↗，选吧~
61342,695,黄冲平,2017-11-15 02:17:19,3,4,1,给分乱给
61398,695,黄冲平,2017-11-16 09:47:39,2,3,1,不开心
61476,695,黄冲平,2017-11-17 13:54:59,-1,0,1,上课是有点无聊啦，就是听老师各种介绍他去过的景点blabla……但是对最后论文的要求真的很高，他会给你格式要求，但是最好要在线上多和他邮件交流！！！一定要听清楚格式要求！然后在ddl前一两周给他改（最好两三次），这样你的绩点就肯定不会难看的！
62314,695,黄冲平,2017-11-24 07:05:35,2,2,0,没缺过课，论文改了好多次，ppt也展示了。付出和收获不成正比。别选别选别选!唉。心痛
65015,695,黄冲平,2017-12-28 08:12:37,4,4,0,个人看法。按照同学建议，认真注意格式问题，跟老师邮件往来改了论文好几次，成绩出来不是很满意，深觉跟付出不成对比。心血来潮问老师打分原因。老师也抽空用心回答了我。我个人理解是，由于这门课专业知识要求不高，考察方式不过是一篇论文+三次纸上签名，很简单。所以，选这门k类课的文科生很多，明白吗?跟你竞争的大多是水平很高的文科生!受学校制度限制，论文写得一般的人分数自然不会高。这门课的论文竞争太激烈啦，即使上课很轻松。hh \n\n至于格式问题，基本上都没问题，不会成为特别加分项。毕竟老师夸我版面好看，分数也没给我多高。:）
90820,695,黄冲平,2018-11-26 09:58:48,3,3,0,上课听老师讲故事，比较轻松，作业也就只有一篇论文，认真一点写就可以了。
90823,695,黄冲平,2018-11-26 10:13:36,1,2,1,论文不好好看，乱给分，上课只知道发照片，呵呵
119414,695,黄冲平,2019-11-12 23:53:28,-1,3,4,给分巨差，第七周布置的论文，第八周交，根本没时间提前写好发给他修改，最后给分3.几+，再也不会乱选课了
119487,695,黄冲平,2019-11-13 04:49:41,2,3,1,老师挺好的，能给你改论文的老师也不多吧，给分也还好，不至于很低
119517,695,黄冲平,2019-11-13 08:03:52,-1,2,3,上课一言难尽，给分一言难尽个
127270,695,黄冲平,2020-11-19 03:03:27,5,6,1,最后给了挺高的分的，然后修改也很认真，就是上课确实。。。。不是特别有意思，下面同学基本上都在补作业。会有两次纸上签到。
127273,695,黄冲平,2020-11-19 06:35:28,4,4,0,一分耕耘一分收获 认真写论文分数就不会太差
127285,695,黄冲平,2020-11-19 14:28:18,1,2,1,给分很迷
127390,695,黄冲平,2020-11-22 09:58:31,4,4,0,上课真的就是放图片然后讲，课水事少，给分一般吧，主要看你的论文，毕竟就论文一个正经作业，纸上签到两次，一百字的小作业一次。
127402,695,黄冲平,2020-11-22 13:48:19,2,5,3,真的很好啊\n\n上课从来不听还 满绩点了\n\n老师人很好的\n\n只要你论文认真就行\n\n从来不点名  考勤
127613,695,黄冲平,2020-11-25 04:22:55,5,5,0,挺好的，虽然上课内容可能不是那么硬核，但老师看论文还是很认真的
127874,695,黄冲平,2020-11-29 13:09:19,5,5,0,会帮你改论文，建议多提交几次，追着请老师指出问题，修改后再提交，最后就一分耕耘一分收获，会比直接提交的同学稍微高一点
128578,695,黄冲平,2020-12-24 05:49:56,7,7,0,一门舒适的水课，看看图片就随便水过去了，而且一般都会提早下课，最早的一次提早了将近一小时。老师人挺好的，特别和蔼接地气，会帮忙认真改论文，评分标准不清楚，我不算特别满意但还过得去。总结：擅长论文写作的大胆选，事少分高。
128643,695,黄冲平,2020-12-25 02:15:38,9,10,1,手把手教同学们写论文 而且会让提前交论文然后帮你改！上课很轻松 基本不点名也没作业！最后给分好像都挺不错的。老师说：“这可能是你们很多人在大学的第一篇论文 希望你们以后硕士、博士毕业的论文也寄给我看，不管是什么专业，我都很欢迎”的时候，真的挺感动的。
129100,695,黄冲平,2020-12-30 06:35:05,4,6,2,没听过课认真写论文从来没有卷最后满绩啦！老师反卷人超好！
131796,695,黄冲平,2021-01-29 03:49:17,-5,3,8,我要是恨一个人，我就推荐他来上hcp的课
136223,695,黄冲平,2021-06-13 06:02:38,6,6,0,老师讲课真的很水，大家都争着做最后一排。平时就只有一个一百字的小作业（写写国庆期间去了那些地方，最后还会在群里回复你：我也去过这个地方），猪跳水真的很搞笑哈哈哈哈。然后期末论文规定上限字数，这一点就值得高分呀！
136451,695,黄冲平,2021-06-18 04:53:17,2,2,0,课堂体验蛮舒适的（虽然不是特别有趣）哈哈！最后论文也不卷 老师给分普遍真心不错 会认真看论文 提前发老师还会帮忙指点。
141634,695,黄冲平,2021-10-18 11:21:19,0,0,0,很不错
141787,695,黄冲平,2021-11-11 05:27:18,-5,2,7,改了好几十小时的论文，一次次让他看，最后4.2，呵呵呵……\n\n在给我一次机会，我绝对不选
142380,695,黄冲平,2021-11-11 01:48:56,2,2,0,听课很轻松 没有考试
142415,695,黄冲平,2021-11-11 06:58:44,-2,2,4,论文要求是真的高…虽然也有看过查老师评价  在老师说明论文要求之后就动笔了  然而还是只被批改了一次  所以基本上老师说了论文要求以后就能交上才能被改个5-6次吧…成绩当然很一般  3.9\n\n除军训以外的第一个绩点…有点破防
142428,695,黄冲平,2021-11-11 09:34:16,5,5,0,这堂课是真的水，给分也挺好的。老师人好，会很耐心的回复信息。
142457,695,黄冲平,2021-11-11 16:00:45,0,3,3,真就绩杀，上课根本不用听，不来都可以，收获不到什么有用的知识
142494,695,黄冲平,2021-11-12 07:39:50,3,3,0,课虽然很水，作业少，给分好！
142511,695,黄冲平,2021-11-12 11:29:18,4,4,0,不错，事情少，给分高
144607,695,黄冲平,2021-12-22 15:20:25,2,2,0,课确实挺无聊的，基本整个学期都在做自己的东西，上课确实学不到什么东西不过听不听问题都不大。\n\n但是老师给分还可以吧，感觉没绩杀，只要好好写论文就行了，一学期都没听论文好好写了最后4.5。论文要求比较高，给老师修改过就好一点，怎么稍微规范点写论文是这节课唯一学到的了。
144890,695,黄冲平,2021-12-25 12:45:45,3,3,0,黄老师是个非常和蔼可亲的老头，真的水，平时根本没有作业，上课放自己的旅游照，考核方式是期末一篇论文，也会认真教你怎么写，还会帮你一遍遍改论文，刀子嘴豆腐心的好老师。
145395,695,黄冲平,2021-12-29 10:09:17,2,2,0,平时没有任务上课也不需要听也不点名\n\n期末一篇论文完事  也就瞎写写能上4真的是谢谢老师\n\n老师人真的很好见解也很丰富\n\n强推!!事少分高!!
149635,695,黄冲平,2022-01-16 08:45:14,2,2,0,老师很好，认真写论文，给分不错。
59372,1723,卢玲丽,2017-09-21 05:24:08,0,0,0,老师太亲切了，人超级好
61804,1723,卢玲丽,2017-11-21 04:09:49,0,0,0,好老师，满分！
113548,1723,卢玲丽,2019-07-06 23:45:27,0,0,0,什么垃圾老师，垃圾一家人
48548,1952,林咸永,2017-03-07 06:15:49,1,2,1,负分滚粗
83989,1952,林咸永,2018-07-11 16:04:13,0,1,1,老林人很好啊，出卷厚道人也超级好
105028,1952,林咸永,2019-04-02 14:15:16,3,6,3,sjb
190593,1952,林咸永,2024-03-11 03:19:16,1,1,0,PPT READER
193216,1952,林咸永,2024-06-04 13:19:09,2,2,0,老师们上课和备课都非常用心，为课程建设付出了巨大的精力。理论课内容丰富，能将课本与前沿知识很好结合并教授给我们。至于讨论课，真的设计的不合理。最后一节课需要我们分享收获和建议，大家都非常真诚的讲了自己的想法。但是老师们都不接受我们的建议，我相信我们提出来的这些每一届应该都有学长学姐在提，但是从来没有被采纳过。如果并不打算采纳或者并不认可，那何必要我们做这样一次展示又何必让我们提出建议呢？讨论课真的让我非常痛苦。
143668,6398,冯晓晓,2021-12-01 06:01:35,3,3,0,老师也太温柔了，为老师打call！
153753,6398,冯晓晓,2022-05-10 06:40:40,0,0,0,超级好老师
154798,6398,冯晓晓,2022-06-05 13:18:42,0,0,0,老师超级可爱我的天我爱了呜呜呜
171613,6398,冯晓晓,2023-03-30 03:43:29,0,0,0,老师喂我吃圣女果www，可爱捏
172443,6398,冯晓晓,2023-04-27 03:06:40,1,1,0,老师好可爱~
214937,6398,冯晓晓,2025-02-19 07:35:36,1,1,0,这课有意思，老师都很不错，选！
151857,8142,洪之奇,2022-03-18 03:18:34,0,0,0,洪老师人很好，也非常耐心，对待同学都非常和蔼，课程讲授的也非常好。
