评论id,老师id,老师姓名,发表时间,点赞减去点踩数量,点赞量,点踩量,内容
183341,4,沈玉,2023-11-24 02:55:33,2,2,0,人文的女神老师，温柔美丽气质佳！行政业务能力据说也过硬
58768,21,池长庆,2017-09-17 04:10:25,0,0,0,hhh
59921,21,池长庆,2017-09-28 07:34:33,0,0,0,艺术水平高，人和蔼~\n\n
64236,21,池长庆,2017-12-22 00:49:41,0,0,0,挺严格的 但是感觉肚子里干货比较多
186394,21,池长庆,2024-01-11 02:44:33,0,1,1,好歹每次发消息都及时回复
190695,21,池长庆,2024-03-15 01:13:39,0,0,0,池老师德艺双馨，对学生确实是好，是学校的正向加持，是难得的好老师。
1302,43,尤淑君,2015-03-21 18:16:57,9,17,8,台湾老师，相当新颖的授课方式，给我们完全不同是叫的历史纬度，虽然要读的书很多，但真的受益匪浅。不水。
3052,43,尤淑君,2015-05-13 07:25:48,7,14,7,萌萌哒班主任〜
19631,43,尤淑君,2016-01-25 03:36:01,4,9,5,。。。。。。
24640,43,尤淑君,2016-05-02 14:49:24,5,24,19,要求高到死
58902,43,尤淑君,2017-09-18 10:38:35,6,10,4,感觉身体被掏空
68056,43,尤淑君,2018-01-22 14:20:57,20,31,11,清代文化史其实要求不高，要读的书都是外国人研究中国历史，写给普通外国人看的书，都是通俗易懂的科普性读物，也没硬性要求读完，上课听其他同学展示，了解个大概就可以了。看看她自己写的书就知道历史哪有这门通识课这几本书这么简单?\n\n最后只能说，老师的世界我不懂??
70175,43,尤淑君,2018-01-26 07:58:48,20,20,0,老师很可爱，讲课好，给分也好~一个长学期下来很开心
70189,43,尤淑君,2018-01-26 08:10:23,10,10,0,可以学到很多东西，可以促进自己平时看很多书
70206,43,尤淑君,2018-01-26 08:41:37,20,23,3,很好，学到了很多知识，一学期看完了18本书
70293,43,尤淑君,2018-01-26 11:26:11,17,24,7,一学期下来真的学到很多东西，感受到了来自台湾老师的活泼与阳光，给分也不错哦，值得你去选择。
71573,43,尤淑君,2018-01-28 15:36:33,21,27,6,老师超可爱的，一开始会装凶吓走一波人，之后相处才发现老师特别随和幽默，真的让我想到了静可爱！严肃的时候是静认真，非常负责，重感冒发烧也坚持上课，特别感动，很庆幸能在最后几个通识学分里遇到这么好的老师
71922,43,尤淑君,2018-01-29 05:46:54,49,69,20,"清代文化史，尤老师是在浙大第一位给我""我在浙江大学这所高等学府念书""的老师，没有功利的恶竞水课，只有踏实学习学问。当然，以上的话仅限竺可桢老校长两问的回答与我相同的志同之友。"
83664,43,尤淑君,2018-07-11 03:19:36,13,16,3,再次感觉到通识课原来是在学东西 而不是水学分
85118,43,尤淑君,2018-07-15 13:31:32,11,12,1,喜欢老师的台湾口音，萌萌的~非常想去台湾和日本玩呢！也喜欢老师的治学态度，给了我很多历史的不同思维。给分超棒的~以后还要选✌
87613,43,尤淑君,2018-10-08 08:00:06,5,6,1,老师超可爱
87911,43,尤淑君,2018-10-17 12:11:16,73,85,12,昨天老师讲到太医院，就回忆起自己大学在中医院打工的经历，还说毕业后想到中 国来学中医，苦于无路。结果下面就有人嘀咕，老师听见了就说:“我在台湾嘛...”话没说完，就有人喊:“台湾也是中国的一部分!”老师就低声说:“你们理解我的意思就好了。”\n\n  老师从来不讳言自己是台湾人，板书有时会写成繁体字，会说自己国庆回花莲开会，会说自己从前在基隆长大(基隆在海边)，所以能当救生员:坐在救生员专属的高处吹哨子——哔——情侣不要抱在一起——哔——小孩子出去，找家长来...如是种种。老师也不讳言丁克的观念，会和我们说台湾不让用塑料吸管怎么喝珍珠奶茶...这些似乎都比不经头脑思考的政治敏感有价值得多!\n\n  奉劝!
90279,43,尤淑君,2018-11-23 02:59:55,7,8,1,上课干货超多，给分又好，上课偶尔讲一讲自己在台湾时候的趣事，最重要的是：老师的讲课风格也太帅了吧
90912,43,尤淑君,2018-11-27 10:40:36,15,15,0,老师笑声很魔性?\n\n至于点名，老师不点名，助教点鸭
93135,43,尤淑君,2019-01-07 14:19:40,11,11,0,让上晚课变成了一种享受，老师个人魅力很强大。
93137,43,尤淑君,2019-01-07 14:23:42,12,12,0,尤老师非常棒哦～～十分幸运选了她的课！高兴可以遇见这么好的老师o(^o^)o也很高兴可以遇见这么棒的助教！！
93736,43,尤淑君,2019-01-12 11:47:29,10,10,0,搞得我想学风水了?
97027,43,尤淑君,2019-01-21 14:54:34,8,8,0,超喜欢了嘻嘻嘻嘻
98104,43,尤淑君,2019-01-23 05:23:25,7,7,0,老师太棒了！！！！有个性也会和同学们互动，超级可爱了！
102343,43,尤淑君,2019-02-01 05:09:44,6,8,2,超喜欢尤老师，为人有趣，三观很正，和我们超多互动～期末也一直给我们拉分调分，真的对学生很好～10分真的不过分
102344,43,尤淑君,2019-02-01 05:10:27,13,16,3,课很不错，但是我的绩点……哎，不说了
102347,43,尤淑君,2019-02-01 05:26:04,5,7,2,老师讲课真得很有趣，助教也非常负责，讨论课都会认真准备。期末考试主要看小组分享的内容，不是很难。老师给分真得很好呀(●°u°●)​ 」。
102436,43,尤淑君,2019-02-02 03:09:55,8,8,0,超级喜欢老师，上课认真回答问题我觉得是对上课内容基本的回应，这个要求我觉得不算苛刻，而且并不是恶竞，一门课学完交到很多的朋友。课上还有马来西亚和韩国的同学给大家分享，真的学到很多知识，有很好的氛围。\n\n老师的授课真的很喜欢，让自己的眼界开阔了许多。而且老师的三观很正，评价历史和世界也都很客观。感觉老师对我有很好的影响。\n\n
102480,43,尤淑君,2019-02-03 07:55:59,2,5,3,老师的课不仅很有意思，而且学到了很多知识，给分也好
102696,43,尤淑君,2019-02-21 02:34:57,3,7,4,少有的一门虽然分低还是努力安利的课
103778,43,尤淑君,2019-03-05 11:44:13,14,16,2,周二晚上只有两节课实在太少了
112109,43,尤淑君,2019-07-03 15:09:33,34,35,1,老师的特点：\n\n1.台湾人，说话很调皮，上课很可爱\n\n2.三观很正，不会怼天怼地，不会疯狂强加给别人自己的观点\n\n3.课堂内容很丰富，博古通今，各种文化知识都能学到，而且期末考试不会考这些，全凭兴趣听课\n\n考试的特点：\n\n1.开卷，提前打印好资料，考前整理资料还能交到好多朋友，我就因此交到一个朋友到现在关系还很好\n\n2.题型为申论，考的是课堂同学展示和书里面的内容，平时认真听课绝对可以得高分，平时水过去用心答卷分数也不会低\n\n学长的建议：\n\n这门课希望大家不要恶竞，更多的去学习知识，培养感情，不要营造剧场效应，把好好的学术课堂变成恶竞现场，坏了同学感情，损伤听课体验。\n\n以上。
114914,43,尤淑君,2019-07-12 17:14:17,8,8,0,老师太可爱了，平时群里晚上10点会发美食照片(哭)，也会给我们推荐好玩的好吃的，说话也萌萌哒。
114921,43,尤淑君,2019-07-12 17:33:05,8,9,1,老师很好，可能是我太菜，绩点暴毙了。
114927,43,尤淑君,2019-07-12 22:15:31,6,11,5,课挺有意思的，但真的绩杀，这门最后出的成绩，均绩被拉低了0.04....
114933,43,尤淑君,2019-11-12 09:20:49,-6,5,11,大家都说这门课，我来说下怎么水过去吧：1.展示一定一定要好好做，关键在于视角、观点、维度。占40分呐，而且别的分大家其实都差不多，最后的给分基本就等同于展示分了，所谓给分好绩杀大概就是这个；2.书其实可以不读，我反正只读了一本，甚至自己展示的那本都没读完；3.讨论课不要翘，大课?翘，但是下大雨、放假前的大课千万别翘，老师多半会点（美其名曰奖励到课的学生）（不过让别人帮喊问题也不大）；4.平时多发几次言，老师的发言给分很迷，反正还是随便水个几次吧；5.期末考把同学的ppt或是摘要报告带上，捡份思路清晰的打印，带原书也没用，考试真的来不及翻；6.这门课可硬可水，反正我就这样水水水水过了
114936,43,尤淑君,2019-07-13 00:49:27,-10,3,13,对比室友的通核，这课果然无愧最水通核之名，一个学期只用做一个PPT，别的没有作业，试问还有哪个通核能做到。 最后个人给分情况也不错\n\n另外考试指导，打印别人做的整理清晰的PPT，不要带原书
114948,43,尤淑君,2019-07-13 02:15:06,13,14,1,课不水啊，出完成绩我绩点下降了0.06
114952,43,尤淑君,2019-07-13 03:02:51,-3,5,8,老师很好，但是助教不行，助教会带着个人有色眼镜评判学生，会在几个人间徘徊，其他人根本不会有机会刷脸，个人展示助教实际上不会听，按照以往对你的个人印象评分，感觉自己的认真付出被忽视，感觉很不好（至少我们小组展示的时候，助教就在前面认真地欣赏自己的指甲）
114956,43,尤淑君,2019-07-13 03:22:09,8,11,3,看了这么多评论想说几句自己的感觉。我感觉这课完全不水啊，大课好好听，讨论课我们小组也是提前大半个月准备的，我们组的小姐姐讲的嗓子都哑了，ppt到展示前还在改，最后考试写到手断，最后绩点也对得起我们的努力…老师和助教都超级nice（起码我们班的助教），大家都在很努力的e jing…谁敢水（）
116210,43,尤淑君,2019-09-06 08:51:46,4,5,1,非常真诚地说，这门课是我进浙大以来听过最好的课！老师也是我见过最好的老师！上课可以学到真的非常多东西，最关键的是，上课内容超级有趣～助教xgg也很可爱(๑• . •๑)（笔芯）\n\n上过这门课，我才真的觉得我是来浙大上学。只要你吹这门课，我们就是姐妹！
117576,43,尤淑君,2019-09-26 06:46:12,2,3,1,老师和助教都超可爱，课其实可水可不水，可以学到很多知识
118919,43,尤淑君,2019-11-07 22:47:34,-6,4,10,考试前点名真的烦 不喜欢历史的上课体验一般
119363,43,尤淑君,2019-11-12 09:26:31,7,7,0,“我的老天爷啊”\n\n不管老师给我几分，我必给老师满分。
120964,43,尤淑君,2020-01-19 04:39:40,-2,0,2,10分求过
121276,43,尤淑君,2019-12-24 11:23:17,14,14,0,本是真空能变化。
121821,43,尤淑君,2020-01-22 06:22:59,1,1,0,老师太可爱啦！明清史专题有料又有趣。还会和大家分享戚继光的饼，万家丽探险之类可可爱爱的东西。上完一个星期的课都要学到台湾口音了hhhh
123774,43,尤淑君,2020-06-14 04:40:52,2,2,0,尤老师 真棒一老师 口音很可爱的 还有很多小玩具 比如面包超人  还没考试 10分求好分
124048,43,尤淑君,2020-06-22 09:11:57,6,6,0,对于我这个外国人来说，这是我最喜欢的老师之一了，上课有趣，给分不错，还会时刻关心我听不听得懂课程的内容，必须得10分！（助教和同组的同学也很棒吖）
124649,43,尤淑君,2020-07-05 02:27:57,10,11,1,清代文化史是最赞的通核课，老师上课非常有意思，会讲很多冷门又有趣的小知识，讨论课的助教小姐姐（给朱舟小姐姐打call）也超级温柔，会鼓励你发言，考试开卷考，虽然不简单，但是占比不高，最后给分超赞～
127056,43,尤淑君,2020-11-04 12:28:56,2,2,0,尤老师！别的不说，真的让我知道了什么叫学问。做蒙藏史的PPT可能是我惟一的哼着歌做的PPT了！惟一的缺点就是太难选上了
130043,43,尤淑君,2021-01-15 12:59:04,17,18,1,要结课了，在结课出分前先感叹。他妈的，这个世界上竟然有祁助教这样温柔的男人👨，爱了。对同学和讲课都很好，爱了爱了
131320,43,尤淑君,2021-01-27 05:30:43,4,4,0,在出分前祈祷，考试题我是答的一塌糊涂，顺便跟学弟学妹们说一下，虽然老师说助教的PPT不会考，但是桃花扇（也就是第一个助教PPT是要考的）别问我是怎么知道的。。顺便歌颂一波助教姐姐，真的很好
132882,43,尤淑君,2021-02-04 10:14:22,4,6,2,考试很硬，平时任务有点重，最后还被绩杀了。
132909,43,尤淑君,2021-02-04 18:06:22,5,5,0,课有意思，但是这门课真的绩杀，，最后一门出成绩，均绩直接降了0.08。。。。孩子心情直接过山车了呜呜
132933,43,尤淑君,2021-02-05 06:59:36,14,16,2,老师学识很渊博，上课很有趣，就像之前有同学说到的，不会强加给同学自己的观点。作为一门通识核心课，我觉得任务并不重，好好享受上课时间吧，其实可以学到很多东西，个人感受是像听百家讲坛一样，很有趣。\n\n每周的讨论课好好发言，记录的是发言的次数，助教说这是为了鼓励大家思考，分享自己的想法（在这里为qfcxgg打call）。\n\n这门课最难的地方就是选上吧🐶
135122,43,尤淑君,2021-05-01 10:47:44,1,2,1,好课，好老师，推荐！
136001,43,尤淑君,2021-06-09 03:02:28,-20,1,21,没人赞樊助教吗？那我来
136338,43,尤淑君,2021-06-16 11:48:28,15,16,1,fsh助教水平真的不高啊。。把个人情绪带到讨论课，上课让同学念ppt。。。
139058,43,尤淑君,2021-07-12 09:57:14,21,21,0,谈一谈我对这门课的印象吧，首先是任务多少的问题，一学期下来只做一个PPT，其他的就只有到课和讨论课发言，我觉得相比大多数通核课来说已经轻松很多了。\n\n    再来讲讲尤老师，尤老师来自台湾。也许在上课时谈到有关政治的话题时大家都会显得有些敏感，但尤老师从不讳言有关两岸和群体归属的话题，只是偶尔会因为课堂提到这些问题造成冷场而有点拘谨。尤老师的课堂真的非常有轻松和包容的氛围，关于封建迷信、性别刻板印象、同性恋、丁克观念等问题尤老师会谈论自己的看法与观点，但从不将它们强加给同学们，而是引导大家理性自由地思考，课堂正式讲授的内容也非常有趣，是绘声绘色的历史课程，干货满满又绝对不会无聊。尤老师对待同学们也很有耐心，知道有部分同学没有认真听课也是用玩笑地语气提醒或者请他们翻译古文，亲和力非常强，同学有关于课程和成绩签到方面的问题都耐心解答，没有架子\n\n    最后讲讲神仙助教————朱舟姐姐，讲课很有意思，也很有梗，课堂偶尔冷场的时候也是耐心引导大家，不强迫同学来发言😂，常常提醒发言次数少的同学多发言，考虑自己的平时成绩，总之非常可爱，也很负责，讲课水平好！\n\n    清代文化史真的是一门你想水也可以水，你想努力发言做展示就一定有回报的好课，真讲课也能学到很多东西，实在是一门不可多得的好课！朱舟姐姐要毕业了，在此祝她前程似锦，也祝尤老师今后工作顺利，生活顺心！
142291,43,尤淑君,2021-11-10 02:06:05,-1,0,1,尤老师超级有趣
145539,43,尤淑君,2021-12-30 07:48:31,0,1,1,尤老师超级好，我加了好友以后还会和你开心聊天，老师很有趣一个人哈哈哈哈哈哈哈，超级可爱
151065,43,尤淑君,2022-02-22 13:47:25,-1,0,1,好好好
152990,43,尤淑君,2022-04-23 08:10:38,1,1,0,老师上课很有意思，人也很幽默，但是不知道为什么她说会回复交作业的邮件，其他人都收到回复了，但是她漏掉了一两个同学，之后同学找她询问她收到作业了吗她也不回复，已读不回，让人很着急，就挺奇怪的（作业是自己写的没有抄袭根据最后打分来看应该也不是作业本身踩在了她雷点上，对于询问老师的邮件也一直是很毕恭毕敬的没有不讲礼貌），这真的让人挺寒心的
153003,43,尤淑君,2022-04-23 12:10:59,-1,0,1,很好的老师
155760,43,尤淑君,2022-06-29 08:18:14,0,1,1,尤老师是很好的老师，上课非常的风趣幽默，而且干货不少的。如果大家比较喜欢那种在大陆待了很久的台湾人的口音请一定要选老师的课（笑）。应该属于通核里事情不是很多的，认真发言就会有回报的，虽然最后拿满可能还是有难度但是这确实是一门很值得上的课。
158429,43,尤淑君,2022-06-29 07:53:01,5,6,1,课挺不错的，但是恶竞严重，上讨论课一堆人抢着回答问题水发言次数。事情不算多，认真投入就会要好回报。如果不喜欢清代史就算了，会非常累。助教老师zsj超棒，个人能力能直接开课了。
158442,43,尤淑君,2022-06-29 09:39:41,3,7,4,老师讲课不错但给分非常离谱，有兴趣且不在乎绩点的可以选
158481,43,尤淑君,2022-06-29 14:27:35,0,2,2,尤老师超级可爱，这课跟别的通核比起来真的事情不算多。绩杀我觉得也还好，虽然拿满有难度但是认真上课和考试了还是能够拿到符合努力程度的成绩。而且真的能学到很多东西！（助教也超级好！）
159829,43,尤淑君,2022-09-04 12:39:29,4,4,0,zsjgg超好，最后一节课本来是毕业晚会的主持人，却鸽了给我们上最后一课
164384,43,尤淑君,2023-02-20 04:43:49,2,3,1,非常可爱的老师，平易近人，能学到很多知识！老师的台湾腔非常可爱！
167089,43,尤淑君,2023-01-15 02:33:13,2,5,3,有时候会突击点名（不过是数字哈哈），讲课很有趣，没架子，助教哥哥姐姐也都不错的样子（我们助教姐姐很好～）清代文化史作为通核，确实事比较多（16次发言加小组pre加网课评论加开卷考）我们小班怎么说，有几个人有点恶竞的意思，助教/主讲同学说她这节都是第三次了先不叫她，她还能反问“第三次就不用回答了吗？”类似这种，，给别人一点活路可以吗？这种形式对于社恐挺不友好的，整体来说算是一门有意思的课～
168117,43,尤淑君,2023-01-29 01:09:59,5,7,2,一门通核均绩3.68真的偏低了，和通核的任务量相比
168204,43,尤淑君,2023-02-02 06:30:14,5,7,2,事多，不捞，莫选
177381,43,尤淑君,2023-07-03 05:43:48,0,0,0,哈哈哈
177398,43,尤淑君,2023-07-03 06:39:02,0,2,2,上了清代文化史，最后4.2，很满意了\n\n老师很可爱，上课会活跃气氛，内容也很有趣\n\n作为一门通核课事不算多，平时只要一次pre和一篇报告就Ok了\n\n期末考开卷，论述题八选五，个人经验是一定要打印讨论课ppt，讲稿可以缩略一下，最好也印出来，大部分都能翻到
177494,43,尤淑君,2023-07-03 12:38:10,3,4,1,分低还卡绩，就没见过下3的通识，开眼了（也有可能是助教的问题，苯人助教是sax）
177495,43,尤淑君,2023-07-03 12:51:19,2,3,1,清代文化史\n\n老师人很可爱，讲课内容也很有趣，是大家会喜欢了解的清代史，比如后宫文化、情色文化、皇帝的一天、民间信仰等等\n\n但是老师点名挺多的，讨论课助教也会点名\n\n事情还好（相对其他通核来说不多），一次40分钟小组pre+16次讨论课发言（可以用200字小报告代替）+开卷考\n\n讨论课助教组织方式个人不是很喜欢，前几节课一直强调每桌之前有一个人发言，有的桌没人举手硬叫，有的桌很多人举手又不叫，感觉有点打消人的积极性（但是助教人蛮好的）\n\n开卷考试有难度，个人觉得不太好答\n\n最后给分我是觉得还行，但是周围有人被绩杀，见仁见智吧\n\n反正这课上了我不后悔
177606,43,尤淑君,2023-07-04 13:30:57,6,7,1,老师在第一节课会强调这门课事情很多 但实际上一学期任务量并不大，主要就是一次pre和一篇摘要报告（其实就是pre的讲稿），得分也还不错，4.2很满意\n\n最后吹爆宋hr助教，他真的人超好！
177729,43,尤淑君,2023-07-04 13:27:48,0,0,0,尤老师真的超级好，讲课很有意思，台湾腔也很可爱☺️\n\n清代文化史课最后考试我整理了摘要报告，所以考的还不错，真的很幸运可以选上这个课
177791,43,尤淑君,2023-07-05 01:47:17,1,2,1,作为通核课的话，事多，不捞，分打的有点太低了（期末开卷都写满了，大概八页纸），也可能是助教的问题，本人sax
178978,43,尤淑君,2023-08-11 01:57:15,0,3,3,尤老师太可爱了！\n\n其实课程内容比较轻松，一次pr和讨论课发言就够了，如果讨论课不想发言，也可以用word文档代替~给社恐留下了活路。\n\njmr助教好好看，酷酷的小姐姐我超爱！\n\n期末考把讲稿和PPT打印出来就可以了，讨论课的时候稍微听听课，知道在讲什么就可以了~
180809,43,尤淑君,2023-09-26 12:19:55,0,0,0,我爱可汗
184536,43,尤淑君,2023-12-21 12:55:49,5,5,0,尤老师很好，讲课很有意思，但20分发言分真的难评
184686,43,尤淑君,2023-12-22 07:29:25,5,7,2,没见过通核给2.7的，发言也发了，考试也认真写了
186594,43,尤淑君,2024-01-12 03:57:14,7,9,2,清代文化史作为一门3学分的通识核心不是随便水水就能得高分的课。这门课得分由四个方面组成：平时表现（点名），发言讨论（20分），一次pre（小组2-4人读指定的论文，做PPT讲一节课，讲完后答疑，整理成文稿上交学在浙大），期末考试（开卷，问题大部分来自于讨论课的讨论题）。评论区有一些评论恶意非常大，我不否认讨论分这个东西有点问题，一次提问0.5，一次发言1分，而一节讨论课时间太短不可能让所有同学都能发上言，16节讨论课理论上讨论分是满不了的，我也不清楚是否会调分，这点确实不合理。但是结合我的上课经历，很多人不管是尤老师上的大课，还是小班讨论课都只是当成自习在上，沉默的写自己的作业，我不知道这些人学了一学期学了些什么，能记得有哪些主题吗？为了讨论分提一些无营养的问题（人家展示的时候都讲了可惜你在上自习）。你到底是抱着怎样的心态来上这门课的？有多少人真心想上这门课选不上，而你就拿这去水你的通识核心？尤老师开学时就警告大家这门课不水，至少她不会放水，当时不以为意，现在又对低分不满，不反思自己认真学了多少？你的分数是可以体现你的学习热情和学习时长的，老师捞你是仁慈，不捞你是本分，怎么还理所当然上了，被那些水课给惯坏了？我相信认真学了这门课的同学都是很喜欢尤老师的，可爱活泼，笑声魔性（XD），而且能对清代社会文化的几个方面侃侃而谈，这应该是最大的收获，绩点只是附带的，不要把主次关系搞错了。总之，非常欢迎历史爱好者报这门课，没选上的也可以购买尤老师整理这门课的内容出版的书《清朝的社会与文化》。
189585,43,尤淑君,2024-01-25 12:56:51,6,7,1,给分极差，社恐地狱，20分发言分能拿一半就已经是很牛了，平时分基本就扣你总评15-20分，期末也不怎么捞，慎选。
190690,43,尤淑君,2024-03-14 13:45:38,-4,1,5,尤老师是很好的老师。上课能学到很多东西。我还学会了老师的台湾调哈哈哈哈。讨论课一定要认真听、多回答，期末把大家的讲稿打印带上。最后满了，谢谢老师和助教。
191242,43,尤淑君,2024-04-14 16:16:14,2,2,0,事情超级多！！！！！两学分，剪视频想死，但是讲课也真是好，又爱又恨
191901,43,尤淑君,2024-05-04 09:52:14,4,4,0,刚上完明清史专题 老师讲课真的很好 喜欢 但是作业和闭卷考试对我这个跨专业的来说有点难 老师说这次考核有两种方案 一种是两篇史料校读 一种是一篇史料校读和闭卷考试 最后选择了后一种 最后给分一般般 主要是付出了太多努力感觉不太值哈哈哈 总而言之老师人很好 但是跨专业选明清史专题需要慎重考虑一下 哦对了 还有随机的数字点名 老师上课还会按座位号点人回答问题 有点点压力
192659,43,尤淑君,2024-05-27 06:23:50,5,5,0,选了明清史专题作为跨专业，老师上课很有意思，很幽默，会点名，也会叫人回答问题，这个学期老师很照顾外专业的学生，因为外专业的选课比较多，所以考核方式是一篇史料校读（外专业可以直接把文言文翻译成白话文，对本专业学生的要求比较严格）+闭卷考。闭卷考题量还是挺大的，最后还差两个名词解释没写完qwq，但是考的内容都是上课讲过的，最后上4了，个人感觉能拿到这个分数已经很不错了。
196882,43,尤淑君,2024-07-05 17:37:59,6,7,1,老师人很好，课也不错，展示能学到真东西，可是考试和展示的东西除了主题搭边没有内容好写了，课堂问答平时分都拉满了，期末确实一般，通核也是拉了绩点，挺难受的
197023,43,尤淑君,2024-07-06 17:45:08,-10,3,13,超可爱的老师，湾湾腔也很好听！！通核讨论课记得发言刷满，平时分就不会出大问题。考试前把各个小组展示资料简单过一遍，然后带上老师写的书《清此》（我不是在帮老师推销书，是真的很多题目都能在书里找到答案的）\n\n本人学理科的，还以为这门相对硬核的文科课可能成绩会不太好看，但在老师和助教的捞捞下喜提4.8
198715,43,尤淑君,2024-09-11 05:47:17,1,4,3,老师很可爱！！助教很温柔很善于引导！！事情在通识核心里算少了，也可以了解到很有意思的历史，强烈推荐！
201673,43,尤淑君,2024-11-05 09:29:22,2,3,1,超级好，很幽默，很有思想！谁懂啊啊，我晚上十一点发邮件，老师马上回了，很暖心
206067,43,尤淑君,2024-12-13 04:40:12,3,3,0,老师真的是一位学者，非常认真治学，讲课也生动有趣、不古板、很可爱，上课也可以看出来老师每年都在丰富补充完善自己的课程内容，可以学到很多有趣的知识。讨论课的任务也会让我们真真正正地深入去了解清代的历史和一些现象。真的是我觉得上大学以来最符合我对大学幻想的一门课，很有高度、非常先进的教学模式至少在我看来是这样的胜过全校大多数课
209194,43,尤淑君,2025-01-05 03:55:06,2,2,0,吹爆尤老师！上大课讲的内容超级丰富，可以了解到一些清朝秘闻（？）反正很有趣捏～老师说话台湾腔挺明显的，感觉很可爱（对手指）反正冲就完事了！！
211164,43,尤淑君,2025-01-11 03:01:05,3,3,0,上清代文化史就是一种享受😎
212668,43,尤淑君,2025-01-14 11:47:29,-5,5,10,依托，清代文化史也是依托，慎选
213335,43,尤淑君,2025-01-17 03:51:39,2,2,0,老师讲得很好，我也非常认真学了，但是绩点就很一般🥺可能是我的问题。\n\n老师真的讲得很好
214159,43,尤淑君,2025-01-26 04:55:11,4,4,0,恭喜尤老师晋升教授！
216104,43,尤淑君,2025-03-10 09:41:47,2,2,0,讲课不错，但要求比较严格，45分钟的pre还是蛮磨人的，考试难，建议买老师出的《清此》这本书，很多没写出来，但还是被助教捞了，一般吧！
41368,56,陈健,2017-01-11 05:24:14,1,1,0,大佬的课
44892,56,陈健,2017-01-18 12:44:44,10,10,0,做期末大作业的时间加起来都比他来上课的时间多
50336,56,陈健,2017-05-02 11:40:29,8,10,2,身体要紧啊老师
51443,56,陈健,2017-06-05 13:16:54,3,3,0,酒量不行啊
77315,56,陈健,2018-05-04 14:10:21,1,1,0,说教版上课法
88081,56,陈健,2018-10-22 02:33:32,0,0,0,唉，老师身体不太好，一学期到头也见不着他几次，祝老师早日康复
106960,56,陈健,2019-04-30 12:22:23,-4,2,6,作业做的很认真，上课也认真听，也得到了老师的认可和表扬，结果？？一出分连4都没有？不知道老师怎么想的，真的认真学这门课，就得到这样的回报。
106963,56,陈健,2019-04-30 12:36:00,0,1,1,付出与收入不成正比
119357,56,陈健,2019-11-12 08:28:27,4,6,2,实地考察真的体验感极佳！郭庄、西泠印社、胡雪岩故居和灵隐寺作为第二课堂，真的让我切身感受课堂学习的《圆冶》制式在实际的应用。\n\n虽然作业量致死不过上课很快乐！！！\n\n老师注意身体～
144010,56,陈健,2021-12-16 01:08:18,1,2,1,现在才知老师好
173424,56,陈健,2023-05-24 04:57:31,0,0,0,超级好人
181629,56,陈健,2023-10-25 01:20:30,-1,0,1,似乎从来不备课，PPT用的都是以前的演讲 ppt，所讲内容也是炒冷饭，无课程框架，每节课都像听讲座
8418,67,汪超红,2015-09-21 06:18:23,0,5,5,有点无聊
8811,67,汪超红,2015-09-28 05:56:57,-12,9,21,汪老先生的课真的是……还不如在寝室睡了得了。 不过你如果热爱古文，就当我没说
9448,67,汪超红,2015-10-27 11:26:31,4,6,2,挺喜欢这个老师的。上课水水的
10761,67,汪超红,2015-11-23 04:50:22,19,25,6,超级好，讲的很细，考试很简单，作业很简单。
10763,67,汪超红,2015-11-23 04:51:18,8,8,0,非常充实\n\n
10764,67,汪超红,2015-11-23 04:51:32,9,9,0,很好的老师，认真听有很大收获
15978,67,汪超红,2016-01-17 01:20:29,6,6,0,还可以，喜欢的能学到东西，不喜欢的能水
16894,67,汪超红,2016-01-19 08:05:43,6,6,0,好老师，讲课细致，内容浅显易懂深入浅出
16954,67,汪超红,2016-01-19 10:00:27,7,7,0,炒鸡棒，知识丰富
17223,67,汪超红,2016-01-20 01:47:11,12,13,1,讲课虽然很细，但是有点无聊，不过上课把他讲的尤其是黑板上的做一下笔记，就一定能过，作业超级简单！
19084,67,汪超红,2016-01-23 08:32:21,8,12,4,浑身透着一股儒雅的气质，感觉很温和的一个老者，很有收获
22541,67,汪超红,2016-03-08 00:32:35,5,6,1,没有论文，最后开卷考，挺水的
22597,67,汪超红,2016-03-08 10:41:39,5,6,1,讲古代文学挺不错的，貌似是研究元曲的，反正给分不错，事也少，很棒的老师
24263,67,汪超红,2016-04-29 03:46:15,0,1,1,细细地道来，学到很多，舍不得玩手机
26990,67,汪超红,2016-06-22 05:25:51,1,3,2,给分很好。
31058,67,汪超红,2016-07-03 07:32:24,4,6,2,满心觉得这课水结果最后考试根本来不及做卷子……学弟学妹们还是要好好预习啊……
32923,67,汪超红,2016-08-02 08:37:11,5,5,0,黑板手写的内容不要错过！
58991,67,汪超红,2017-09-19 04:01:29,3,4,1,
59175,67,汪超红,2017-09-20 05:44:37,1,1,0,水水的，还不错
59939,67,汪超红,2017-09-28 12:40:29,0,1,1,可爱的老师可爱的课
68450,67,汪超红,2018-01-23 08:23:12,3,3,0,老师考试作业都很松
68548,67,汪超红,2018-01-23 10:50:08,4,4,0,課很輕松也很有意思\n\n可以增長文學知識?
68573,67,汪超红,2018-01-23 11:29:04,7,7,0,讲课认真听的话收获是满满的，老师作业真的少，也不点名，没有论文，考试简单。后面给分也好，就是超级棒，爱他
68606,67,汪超红,2018-01-23 12:52:32,3,4,1,作业少不点名考试简单绩点不错，理想中的老师了
68641,67,汪超红,2018-01-23 14:02:31,1,2,1,上课很少，期末考试开卷，老师自带儒雅气质，是一个老学者，喜欢文学的听了有收货，不喜欢的上课可以水，印象最深的是有一节课老师给我们讲《赵氏孤儿》，讲的不错，上课偶尔有点小幽默，给分还可以的，作业也少，关键是没有论文！
68663,67,汪超红,2018-01-23 14:40:35,0,0,0,不点名，上课挺无聊的，很轻松，但是可以学到东西，功课也少 ，至于给分嘛 呵呵哒............
86880,67,汪超红,2018-09-19 06:56:01,1,1,0,还算好的有点意思\n\n从不拖堂
95755,67,汪超红,2019-01-20 03:45:54,1,1,0,课很棒
96384,67,汪超红,2019-01-21 01:58:14,0,0,0,好老师呢
101408,67,汪超红,2019-01-28 07:01:58,2,2,0,给分迷…
101410,67,汪超红,2019-01-28 07:03:41,2,3,1,我的专业课，抛弃了我，我该怎么过年?
101622,67,汪超红,2019-01-28 15:32:57,5,6,1,真的是一个文学素养很高的老师，说实话，中国文学名家名作这个课挺水的，老师只留过一次作业是手抄老子加翻译，最后一节课默写古诗课文，真的太简单了。最后期末开卷考，其实只要平时上课听课记笔记就足够了，而且最后老师还会把上课用的资料让大家拷贝下来复习，不过还是觉得自己记的笔记更全一点。很好的老师！
101690,67,汪超红,2019-01-29 01:18:18,0,0,0,作业简单，讲的也很好，老师很有水平，给分不错，就是自己没有认真听过课想起来有点后悔...
103220,67,汪超红,2019-02-27 01:55:52,1,1,0,讲得内容对于对文学常识比较了解的学生来说有点浅显，给分好，作业少，考试简单，老师人真的好温和
116858,67,汪超红,2019-09-17 00:58:52,1,1,0,呜呜呜老师超好他好温暖而且莫名萌我好爱55555
120655,67,汪超红,2020-01-14 17:17:53,5,6,1,真的水，特别是这种在200+的大教室考试+默写，作弊太容易。我几乎这个学期没有听过课，唉，我自己的问题，老师也太慈祥了
120708,67,汪超红,2020-01-15 16:01:42,0,0,0,高分不容易……
121011,67,汪超红,2020-01-19 08:40:41,5,6,1,老师很温和，很有学者的气质。讲的内容有点像文学常识普及...因为老师不怎么管所以最后默写和考试作弊的人挺多的...也管不了别人，只能说我问心无愧。
121044,67,汪超红,2020-01-19 10:02:09,4,4,0,呜呜呜超红也太可爱了吧！每次都会提早半小时来教室，布置过的作业只有背诵和翻译，最后两次课分别是默写和开卷考。老师那么可爱反正我是不忍心作弊啊，最后给分超级好😘
121071,67,汪超红,2020-01-19 12:22:25,4,4,0,老师人挺好的，但是讲的东西确实比较基础。另外建议老师以后把课上的期末考移到考试周，不然对没作弊的同学太不公平
121113,67,汪超红,2020-01-19 15:54:41,3,3,0,喜欢老师上课绘声绘色地讲剧情hhh，期末考居然有人作弊？我怒了，建议举报，凭什么？
122131,67,汪超红,2020-02-16 05:26:17,1,2,1,老师真的很可爱很体贴，水课的人可惜了
123883,67,汪超红,2020-06-15 17:30:09,1,1,0,老爷子完全是我想象中的人文学者模样啊。中国文学名家名作，期末记得提早准备考试，课堂笔记要做好哪
149586,67,汪超红,2022-01-16 04:58:18,7,7,0,上课一定要认真听，板书是重点。汪老的讲义基本上是一些关键词，如果不听课只看讲义的话会一头雾水。古文史3平时作业是两次小令和背诵，比对面8000字论文轻松多啦～期末考比较难是真的，但开卷考只要好好准备还是没问题的！老师萌萌哒，给老师笔芯～
88578,72,高艳,2018-11-02 02:36:26,-9,2,11,最喜欢的美女老师。。讲课又认真。。每一个学生的作业都会点评并提出意见。
172264,72,高艳,2023-04-24 03:46:36,6,6,0,作业巨多做到死掉的程度 上课很水 能别选就别选 快跑
173423,72,高艳,2023-05-24 05:01:18,3,3,0,sb，能逃就快逃
173436,72,高艳,2023-05-24 10:57:17,2,2,0,sb，能逃就快逃
175877,72,高艳,2023-06-27 04:51:13,0,1,1,有点难评
175951,72,高艳,2023-06-27 08:45:11,3,3,0,老师你真的忍心吗
175981,72,高艳,2023-06-27 10:14:46,3,3,0,不理解，花这么多时间拿这么屁点分
181011,72,高艳,2023-10-02 08:33:35,-2,0,2,尽管作业是真的多，但是也是大学四年学到最多东西的课，老师的点评能带来很多实质的思考和提升。一点小建议，希望老师可以多鼓励鼓励学生。
217194,72,高艳,2025-04-03 15:48:53,0,0,0,已经不上课了
32401,85,吴艳红,2016-07-06 13:51:02,12,18,6,真的是扎实
34586,85,吴艳红,2016-10-14 16:40:05,-3,4,7,4.9，5.0，爱您！
40648,85,吴艳红,2017-01-04 13:59:45,4,11,7,干货很多，老师准备的充分，材料也多，每次都有报告，收获大。风格亲民，大朋友，哈哈
55310,85,吴艳红,2017-07-01 08:47:23,2,8,6,给分真心好。老师挺幽默，基本上次次点名，但任务不重。外系的修起来妥妥的，无压力。
55505,85,吴艳红,2017-07-01 16:21:36,-2,4,6,次次点名，上课扎实，人很好，作业认真完成实打实
56112,85,吴艳红,2017-07-03 05:43:15,3,7,4,很有契约精神的老师，上课很棒。但是展示坚决不能超时，作业千万不要迟交，否则下场不妙呢
61154,85,吴艳红,2017-11-09 08:30:58,5,13,8,最喜欢的老师之一。\n\n社会学、历史学兼通。\n\n幽默！可爱！大朋友。\n\n能记住班上所有同学的名字。\n\n上课坐第一、二排会被拿来举例哈哈哈\n\n重要的事喜欢重复三遍、三遍、三遍。\n\n最后友情提醒：老师每节必点名。所以，大家一定要认真来上每一次课哦
79223,85,吴艳红,2018-05-28 02:27:47,11,12,1,现在是夏学期第四周 看这里的评价主要是老师的素养 老师确实是很渊博 也很风趣\n\n 但我在这里就评价一下这个课程的事情吧  很功利了qwq 大概S类都这样吧...一周两节课 周一大课 周三在东六分小班讨论课 每两周要交一篇阅读报告 文献有时候很长有时候很短...基本上一个学期有三次小组展示 我们组分到过一个英文资料 一个古文资料...然后 从这周开始要准备礼仪表演了 emmmm反正有了s类之后感觉每周都有ddl 理科生感到有点儿头秃
80364,85,吴艳红,2018-06-25 13:05:07,-3,8,11,我要吹爆礼与中国社会 太太太有趣啦 楼上说的老师点名的话 大概一节课点一个讨论班 我觉得还行 一学期就被点到两次 但是老师的课这么有趣 你忍心翘课吗！！！ 而且一学期就三次展示+五篇1000字读书报告(很简单的)+礼仪表演 和隔壁的科学哲学堂堂课展示比起来好多啦 最后的礼仪表演真的要笑死我啦 哈哈哈哈哈哈哈哈哈哈哈 希望大家选的上通核的一定要来选这门课 老师真的超棒的 我太喜欢老师和助教啦
80876,85,吴艳红,2018-07-02 07:24:09,-6,2,8,不错不错\n\n
83191,85,吴艳红,2018-07-10 01:56:09,-6,2,8,喜欢哇咔咔咔
83214,85,吴艳红,2018-07-10 02:41:14,-5,6,11,老师人很好，希望我们可以和她多一点互动，虽然大部分时候大家都在各忙各的，每次点名会点一个讨论班的同学。礼与中国社会这个课任务量的话，一个学期5个1000字读书报告，阅读材料长短不一，有的阅读材料比较枯燥。小组展示轮流下来有3次。最后是一个礼仪表演，除了表演外需要编写并上交剧本。最后闭卷考试占20%，并不难，都是一些主观题。个人感觉事情还是比较多的，要水的话也能水水过，认真参与会比较累，但收获会比较多。小组作业次数比较多，难免有浑水摸鱼的同学。一学期下来，认真程度一般，最后4.5。☺️
83228,85,吴艳红,2018-07-10 03:01:06,0,6,6,给吴老师打call！！给分太好了我爱她！学识非常渊博，每次都跟听百家讲坛一样！还有比心助教！也超级厉害，每次讨论课没人发言就会在上面给我们讲各种故事撑起全场～tql
83266,85,吴艳红,2018-07-10 03:49:12,-14,0,14,写读书报告会写到崩溃 发言制度也让人抓狂 \n\n但是如此不认真的我最后也上四了 还是不错的
105615,85,吴艳红,2019-04-17 09:47:32,-9,1,10,完美的课堂\n\n
138990,85,吴艳红,2021-07-12 06:12:47,29,29,0,吴老师的讲课水平可以说是很不错的，礼与中国社会这门通识学了一个学期之后也能学到很多东西。但是，我不得不吐槽一下这门课的给分。平时的任务量不算小，这也无所谓，但是对于一个每次补充资料都看完，认认真真发言做思考题记笔记，积极和组员沟通做展示，考试前花很大功夫去复习的学生而言，这门课的给分还是一言难尽，很让人不能接受。考试的难度也可以说是没有任何的区分度，哪怕你上课不认真听，按照PPT水也能答。实在不能明白这样设置的意义在哪里。通识课毕竟还是要学东西的，不是说水一水就完事了，水与不水总要有区别。最后还是要给老师打9分，毕竟老师人真的很好，但是建议那些想认真学习取得一个好成绩的同学不要冒险尝试，不然被拖均绩就很无奈了。
139057,85,吴艳红,2021-07-12 09:57:00,13,13,0,傻逼老师，累死累活了半天直接被绩杀
139064,85,吴艳红,2021-07-12 10:45:59,20,20,0,yysy，16次讨论课要求12次发言+绝大多数都是文科大佬+5次1000字读书报告+两次小组展示（而且不知道为什么被卷到第一次人均1h，第二次人均30min）+最后礼仪表演+期末闭卷考+最后的绩杀。。。。\n\n希望选这门课的同学都做好了准备。。。
139072,85,吴艳红,2021-07-12 12:29:36,9,11,2,事少给分好，一点都不绩杀（懂得都懂）
139232,85,吴艳红,2021-07-13 12:19:43,11,12,1,这个分数让我以为浙大绩点的上限是3
1351,86,肖如平,2015-05-04 15:56:06,6,14,8,民国史上得很好！
1495,86,肖如平,2015-03-22 07:59:10,15,23,8,长得帅
2444,86,肖如平,2015-05-02 11:43:45,12,19,7,课真心好 历史系的良心
2546,86,肖如平,2015-05-04 13:47:56,9,14,5,很有趣，全程无槽点，历史系良心老师，人也很好
2923,86,肖如平,2015-05-11 05:39:45,7,11,4,人好，课好
3906,86,肖如平,2015-06-17 07:58:43,6,11,5,男神一样～无意开始听课～结果欲罢不能
8925,86,肖如平,2015-10-01 07:16:24,5,8,3,男神～
9669,86,肖如平,2015-11-04 06:05:03,0,6,6,男神！\n\n
21000,86,肖如平,2016-02-09 07:21:13,24,35,11,长得像土拨鼠，看着看着就走神了~
23766,86,肖如平,2016-04-15 11:05:57,-2,6,8,真心好
24974,86,肖如平,2016-05-04 15:01:46,6,8,2,因垂死艇的民国史
30627,86,肖如平,2016-07-02 05:52:39,3,7,4,感觉并没有上得很好，可能我上得只是通识，讲人物只讲生平经历
49236,86,肖如平,2017-03-30 08:03:41,3,3,0,对民国史充满兴趣
64216,86,肖如平,2017-12-21 14:36:45,12,18,6,好？？
76046,86,肖如平,2018-03-25 15:28:02,-10,3,13,上课真的很有趣，老师人也很好
106493,86,肖如平,2019-04-28 01:53:38,-7,3,10,有趣的灵魂~
107334,86,肖如平,2019-05-04 03:23:46,-10,3,13,讲课很有趣
128265,86,肖如平,2020-12-15 14:08:52,5,20,15,外专业的同学千万不要选这个老师的课……这老师压榨学生帮他研究搞史料，要录入10000字繁体转简体，和50页英文影印转中文，巨坑die
133046,86,肖如平,2021-02-07 05:09:38,3,11,8,中国抗日战争史专题\n\n上课很有趣，不过基本没什么人听课orz\n\n考核是1w字的文献录入+几十页的英文翻译（机打版），感觉作业比较费时间，但是认真完成最后拿了4.5
138669,86,肖如平,2021-07-10 08:36:59,8,20,12,民国史\n\n快逃!作业是翻译民国人的手写字(潦草)，眼睛都快瞎了。自己写论文的速度绝对比这快。给分还烂!拉低均绩!
148489,86,肖如平,2022-01-12 16:07:08,-5,4,9,说：谢谢肖老师
156059,86,肖如平,2022-06-17 09:06:04,0,4,4,给10分主要是人长得帅
158421,86,肖如平,2022-06-29 06:34:47,15,17,2,快跑！
162152,86,肖如平,2023-01-13 05:56:15,-4,4,8,良心老师
162169,86,肖如平,2022-11-17 08:21:04,0,5,5,快跑！作业是帮他干活（编目+翻译），快跑！快跑！
176482,86,肖如平,2023-06-29 05:30:28,-5,1,6,讲课真的很好，已经超过好多老师了
191848,86,肖如平,2024-05-02 02:57:36,9,11,2,我写的小论文 为啥给分这么差 就因为没有给他打工翻译文献？
195611,86,肖如平,2024-06-29 04:05:46,2,3,1,对不起如平，我喜欢晓红
203701,86,肖如平,2024-11-20 14:35:31,1,2,1,新中国史给分不错 就是签到有点坑
205294,86,肖如平,2024-12-04 04:00:17,1,1,0,新中国史\n\n每节课都有不同的老师来讲课，最后应该是助教打的分，属于比较轻松的。我自己得分还好，不过朋友被卡了，可能比较随机吧
205896,86,肖如平,2024-12-12 13:52:30,0,1,1,新中国史是拼盘课，不知道在哪里点评，但是新中国史的给分真的很好，只要好好签到然后作业认真就可以，但是助教还是挺冷漠的
220189,86,肖如平,2025-06-16 06:33:52,1,2,1,新中国史事少分高
220217,86,肖如平,2025-06-16 11:37:14,0,0,0,新中国史，随机给分，想赌运气你就来
221068,86,肖如平,2025-06-21 05:44:13,1,1,0,神课新中国史，事少分高的神。不过因为评价机制单一偶尔会被吐槽给分随机，毕竟事少，推荐真心想卷绩点的同学去读给分稳定的党史（不过党史事真的很多）\n\n给想选这门课的同学提点建议，点名一定要来，期末论文选题上最好花点心思，然后严格按照老师给的论文格式写！
5869,128,王礼平,2015-07-09 15:58:11,37,39,2,老师很可爱 很喜欢在ppt上放动图 讲的内容很好 但因为是哲学课 听的人不多
6235,128,王礼平,2015-07-12 08:27:56,31,32,1,很萌的老师 给分好
6553,128,王礼平,2015-07-15 06:02:38,16,17,1,礼平老师给分好好\n\n
8706,128,王礼平,2015-09-24 08:06:23,-20,6,26,爽啊，啥也没学到，但是图看了不少。
9922,128,王礼平,2015-11-12 16:52:16,17,18,1,我很喜欢他的课哦，简直萌萌哒
11404,128,王礼平,2015-11-30 08:25:08,-29,4,33,学不到什么
13545,128,王礼平,2015-12-29 06:33:02,108,111,3,帽子才是本体
14359,128,王礼平,2016-01-06 13:18:34,13,14,1,老师很萌很有爱，认真听能学到很多
14691,128,王礼平,2016-01-08 10:15:32,11,12,1,风趣幽默，珍重每一个同学的想法。
15738,128,王礼平,2016-01-16 08:14:14,8,9,1,老师棒棒哒，会把古今哲学串联起来，注重联系。而且超萌超喜欢~\(≧▽≦)/~
18568,128,王礼平,2016-01-22 04:40:02,8,8,0,很有智慧的老师，上课很有趣，一直做第一排
20162,128,王礼平,2016-01-26 10:42:08,6,7,1,很有趣的哲学老师，讨论课看的是经典的文本，不过自己要努力准备。和蔼可亲，发邮件问他问题答得很详细。哲学问题考试少有的开卷。课程结束后还可以和他交流。给分不错。
20296,128,王礼平,2016-01-27 03:11:38,3,4,1,老师讲的很好。给分也高。虽然我觉得是我个人问题学哲学学的不算太好。
21667,128,王礼平,2016-02-29 13:32:23,4,7,3,他的助教很坑！\n\n
36207,128,王礼平,2016-11-11 05:39:17,52,52,0,课上课下都保持围笑。干货满满性格可爱。
39283,128,王礼平,2016-12-22 02:38:10,-22,2,24,学不到什么 助教很坑+1
41776,128,王礼平,2017-01-12 14:20:24,29,30,1,王老师人超好 会写很长的邮件回复问题和写考试提醒 写一页的新年祝福 会很用心地推荐哲学书籍 会和我们一起去爬山 差点因为王老师留在哲学系 希望还能去听王老师的课
42252,128,王礼平,2017-01-14 03:14:22,-11,1,12,老师挺厉害，让我的三观发生了改正，不过期末考很坑
43383,128,王礼平,2017-01-16 08:05:43,5,5,0,很可爱很热心
46246,128,王礼平,2017-01-21 04:43:55,12,12,0,很有思想，很有趣，如果认真听的话收获真的超级大。除了读书没有别的事情，没有作业。可见这门课就是让大家多思考，多读书。给分赞 怒荐！
47408,128,王礼平,2017-01-26 05:22:25,22,22,0,王老师人很好，对于法德哲学的研究比较深，但哲问课大概也就是一个入门课程，大多是对于你的思维逻辑的拓展，认真听讲，读书，收获很大，给分很好，只要认真参与讨论课这方面不用担心。我想，进浙大来到人文试验班，可能就是为了安排我与哲学的这一场相遇，与这样一位好老师的相遇。感谢王老师。
47661,128,王礼平,2017-02-15 03:49:49,6,6,0,王老师上课超可爱 会用很多动图(就是打印的时候有点累OJZ)阅读材料挑的也很好！很有趣 不枯燥!\n\n然后是你们最关心的绩点(눈_눈)只能说，上了都说好
51103,128,王礼平,2017-05-17 08:21:54,4,4,0,很棒棒！
53296,128,王礼平,2017-06-26 10:06:44,24,24,0,很庆幸能够遇到这样一位老师，有思想，有态度，更有温度，完全符合我对一个温文尔雅的学者的设想。鼓励学生拥有自己的看法，尊重学生的意见，讨论结束后还会和大家发邮件继续交流。哲学问题给分很棒，课堂氛围很好，很有收获。总之就一句话，让人想去蹭课。
57314,128,王礼平,2017-07-06 14:29:42,-7,0,7,反正给我的分不好咯哈哈
57322,128,王礼平,2017-07-06 15:51:06,2,2,0,老师超级超级好!!超级超级温柔!!超级超级耐心!!
59778,128,王礼平,2017-09-27 02:37:17,8,8,0,很帅(帽子），很骚(上课衬衣上三颗扣子不扣)，很有意思(在论坛里回复每一个人，然后经常结尾打三个句号)
61166,128,王礼平,2017-11-09 13:25:10,34,34,0,嗯这样说吧。我们哲学系有耐心温柔小天使，也有知识渊博大男神。但是王老师是我心中的第一小天使和第一大男神∪･ω･∪好幸运他是我的第一个哲学老师+导师，就是可好可好了哈哈哈哈。
63525,128,王礼平,2017-12-27 07:34:02,2,3,1,爱平平，爱生活，爱哲学问题。王礼平老师的哲学问题真心是我大一时候的周指活。
74022,128,王礼平,2018-02-04 09:04:47,2,3,1,老师很好…助教真的很坑…希望老师能换两个好一些的助教…
74145,128,王礼平,2018-02-05 17:14:13,3,3,0,本身对哲学没什么兴趣，但老师真的很好，很体谅学生，而且上课只是需要听讲，没作业，最多也只有小组讨论文章。期末考有点吓人，竟然是论文，看到题目的一瞬间吓死我了。不过好好写的话相信分数至少中等。
75390,128,王礼平,2018-03-10 08:04:05,54,55,1,在学了将近三年哲学后，再回想大一时上过的王老师的哲学问题课，才深切的体会到了那些课时是多么珍贵的。老师尽可能多的囊括那些根本性的问题，同时尽可能的展示那些创新性的回答，同时又从不因此轻视我们每一个人的想法。或许你会从此爱上哲学，像我一样不仅要在本科四年和她形影不离，更要一生和她不离不弃。或许这是你在很长一段时间内和哲学的唯一交集，那么我祝愿你多多少少记得一些东西，无论是柏拉图、休谟、萨特的观点，是一句箴言，是一次阅读时难得的美妙体验，还是在一节课上，老师充满鼓励与欣赏的目光。也许你会和哲学再度相见。
87419,128,王礼平,2018-09-29 00:13:06,3,3,0,礼平男神
88193,128,王礼平,2018-10-23 18:21:39,3,3,0,老师很萌\(//∇//)\\n\n很渊博，知识面很广\n\n还是我的新生之友(//∇//)\n\n有多喜欢他?\n\n这是我第一次评论
91458,128,王礼平,2018-12-11 01:48:12,2,2,0,很满意
91716,128,王礼平,2018-12-18 12:11:24,7,9,2,1.课程有趣，虽然是哲学课，但老师已经很努力避免说教式的讲课了\n\n2.“帽子才是本体”太真实了233333\n\n3.讨论课一周一节，任务是小组讨论文本，任务量适中但是要用心读和理解\n\n4.老师很和善，论坛和邮箱都会回复得很及时\n\n5.可是为什么哲问课是史学的必修呢？
92571,128,王礼平,2019-01-03 03:33:01,7,7,0,我永远爱礼平老师 永远！
98109,128,王礼平,2019-01-23 05:26:04,11,11,0,刚考完试来评论了，礼平老师我一生推！！！
98144,128,王礼平,2019-01-23 06:17:41,4,4,0,老师超可爱人超好\n\n每次上课都很用心 PPT好看到我无法认真听课
101493,128,王礼平,2019-01-28 09:54:50,12,12,0,跪谢！！！！绩点感动人间！！！礼平老师超级温柔啊！助教小哥哥也超级和善！上课很长知识啊！吹爆！
101535,128,王礼平,2019-01-28 11:28:10,10,10,0,老师助教都棒棒哒，哲学课老师尽量讲的不枯燥啦，助教还会给我们吃的⊙▽⊙据说老师会看查老师，老师你感觉到我们对你的爱了吗哈哈
101687,128,王礼平,2019-01-29 01:11:08,5,5,0,老师让我爱上了哲学，老师你太好了，我爱你啊啊啊，还有助教是东北老乡还给好吃的，我爱老师和助教啊啊啊啊
101858,128,王礼平,2019-01-29 09:41:42,12,12,0,礼平老师上课超级棒啊 给我们展示了许多不同的观点 说实话刚开始上哲问的时候会走神 但是认真听会发现老师会把问题梳理得很清楚 干货满满 让人豁然开朗 从此以后哲问变成我一周的周指活了 老师耐心脾气好 珍惜大家的每一个观点 上课讲课的时候从老师专注的眼神里可以看出他对教学和哲学的热爱 上了礼平老师的哲学课我这个对哲学一窍不通的人竟也有了留在哲学系的小心思 希望我以后也可以成为礼平老师一样热情和温情并具的人吧
102740,128,王礼平,2019-02-22 06:17:12,12,12,0,我永远爱礼平老师！\n\n每周两节课一节课讲课一节课小组讨论，会布置要阅读的文本，但是上课很轻松氛围很好，讲课很有哲学家的气质。\n\n重点是给分特别好！！！感谢礼平老师拯救我的均绩呜呜呜\n\n帽子底下大概是智慧吧x
118368,128,王礼平,2019-10-25 20:33:42,3,3,0,毕业后还会怀念。
118637,128,王礼平,2019-10-30 02:03:54,-34,1,35,教得不咋地
121007,128,王礼平,2020-01-19 08:36:07,10,10,0,老师是小王子一样的人！尽力给我们科普一些最重要的哲学问题，总是笑呵呵的。大一上也不知道干了什么，但幸好遇见王礼平老师，让我得以一窥一些哲学史上最伟大的灵魂和思想...
122162,128,王礼平,2020-02-18 00:48:35,2,2,0,王老师可爱又博学，超喜欢他，也喜欢助教小哥哥！大爱王老师！
122512,128,王礼平,2020-03-03 01:29:39,4,4,0,哲学课很注重让我们读文本 每周一讨论 通过小组形式 老师说这些经典的文本会给我们留下更多的东西 是宝贵的财富
122783,128,王礼平,2020-04-05 08:08:38,14,14,0,外专业选手流泪感谢小天使老师
123884,128,王礼平,2020-06-15 17:34:12,16,16,0,哲问：和其他老师比起来要扎实很多，阅读了很多文本，每周一次大课，一次讨论，期末开卷（有800当堂小论文哦）。很关心学生，学习/生活上有困惑大可以给礼平发邮件问一问，良师益友。幽默风趣，深入浅出。一个骨灰级科幻电影爱好者
131322,128,王礼平,2021-01-27 05:33:36,26,28,2,哲学老师是一个小王子一样的爱智者(´，，•ω•，，)♡！疯狂吹爆王礼平老师！！\n\n话说以前我get不到小王子，是遇到哲学老师之后才发现小王子真的是太好了2333像小王子的王礼平老师也是坠吊的！！\n\n\n\n老师是拥有超美丽灵魂的人\n\n澄澈、剔透、清明\n\n仿佛水，纤尘不染的镜面，莹莹然的宝石\n\n\n\n想到老师最常说的一句话就是：\n\n『人文学科就是要捍卫真善美，就是要追问他们所不能追问的东西。』\n\n但是我总是想说，老师就是真善美。\n\n\n\n这次的哲学考试题目可以明显地看出老师的风格：真挚，善意，美丽。\n\n所以……一共六道题我竟然真的一题都不会做……\n\n尤其是最后那篇论文，我……\n\n我居然真的把一篇本来这么美的哲学论文写成了：\n\n哲学论文是怎么回事呢？哲学相信老师很熟悉，但是哲学论文是怎么回事呢，下面就让小编带老师一起了解吧。\n\n哲学论文，其实就是哲学的论文哦，老师可能会很惊讶哲学怎么会有论文呢？但事实就是这样，小编也感到非常惊讶。\n\n这就是关于哲学论文的事情了，老师有什么想法呢，欢迎在分数区告诉小编一起讨论哦！\n\n老师美丽澄明的内心\n\n映照出我灵魂里不可磨灭的愚昧和无可救药_(:* ｣∠)_\n\n真的真的对不起老师\n\n但是下次有机会一定一定还选老师的课XD
134355,128,王礼平,2021-03-24 16:00:18,16,16,0,秋学期的课，今天不知怎么地突然想起来，就来聊一聊礼平吧。\n\n我没有资格，也不愿意去“judge”礼平。因为他的课不是浙大某些仿佛甲方乙方式走过场的课——你来了，我讲，咱们搭一学期的伙，分数出了就拜拜。礼平更像是一位富有智慧的朋友，会跟你热情分享很多他看到的人生智慧，还有许多他留学法国期间的趣事。每周三的早八我起床总是很有动力——就像赴与一位智者朋友的约定，错过了，像是在亏欠知识与友情。\n\n课的形式其实就是欧美课堂那种seminar式的研讨会，每周末读一篇文本，周三来小组讨论，周五礼平来讲。一个学期大概读了15篇左右文本。有几篇确实不知所云，后来期末复习的时候看智云，才慢慢理解某些文本的意蕴，老师都讲过。\n\n朋友，如果你选上了这门课，一定要珍惜。尤其是冬学期开始，你可能会懈怠（这也是我经历过的），但是稍微认真一下也就到期末了。无论你是外专业还是本专业，这门课真的是我理想中大学里可以促进“学术训练”的课程，这样的课程在浙大并不算多。\n\n深夜了，对哲问、对礼平还有许多想说的话，又感觉不必说尽。改天再来继续唠吧。
136504,128,王礼平,2021-06-19 11:49:12,2,2,0,老师性格很温和，上课有趣，给分好。小天使！会记住大家的名字，即便是通识课
138351,128,王礼平,2021-07-08 15:19:45,2,2,0,长得就很像做法国哲学的
139831,128,王礼平,2021-07-30 03:49:14,4,8,4,王老师应该是我在freshman生涯中遇到的人文学科里的非常好的老师，是研究柏格森的专家。修过王老师的哲学问题和现代西哲，只要认真对待，都能收获很好的成绩！数了数，上老师 的哲学问题大概读了十五个文本，都是哲学史上一些非常重要的著作的节选，相比于其他老师的课程，不能说是不扎实，而且本人也非常推崇这课堂讲授+课后阅读+课堂seminar的模式，收获很大。而且王老师也是非常非常温和非常关心学生的人，曾经不知多少次在课后和王老师畅聊一个小时甚至更久（当然他是坚定的马克思主义者，和他聊天的时候他毫无保留的展现他的立场）。有时候可能会感觉课程的内容有些枯燥和啰嗦？但这是很正常的，王老师总会在你不经意的时候展现出他的智慧，甚至启迪了我论文的阻塞的地方。同样，如果学习上或者生活上有什么烦心事，大可以给他发送email，他的回复会比你的邮件长很多很多。总之，王老师的《哲学问题》是让我在大一幽暗的一年里的慰藉与光亮。
144804,128,王礼平,2021-12-24 03:41:47,2,2,0,礼平老师我的男神！！！！！
145701,128,王礼平,2021-12-31 10:24:45,7,7,0,结课了好舍不得> <整个大一上要说投入最多、收获最多一定是老师的哲学问题，不仅在哲学上，还认识了一群有趣可爱的朋友T T\n\n实在是太爱太爱平平了，从第一节课告诉我们小组只是讨论交流的单位而不是作业单位开始，课程中真的是完全投入在学习讨论思考里，每周一篇文本阅读对我的影响远比能预想的深远，常常能在其他地方接触到的东西中发现学习过的哲学逻辑。老师把复杂的哲学思想讲得十分生动易理解，还会延伸讲一些相当具有启发性的道理，它们将会长时间地指导我。\n\n总而言之，选上老师的哲学问题实在是我不知道该如何幸福的事！！！！爱你老师！！！爱你们我的同组小伙伴！！！！
148903,128,王礼平,2022-01-20 04:41:27,17,17,0,哲学问题：一共九个主题：意识、知识、欲望、自我、他者、存在、时间、生命……每周读一个经典文本，提十个问题。一开始觉得文本有些晦涩难读，但坚持下去会发现阅读能力得到了很大提升！将文本内容内化就能形成自己的价值观。最后一节课终于真正明白了为什么老师第一节说“哲学就是爱智慧” 。\n\n老师会以100%的真情和学生交流，就像布伯《我与你》中的“我-你关系”一样。这门课这第一次让我体验到自己是一个“人”。我逐渐理解“人”的含义。\n\n建议后面选课的同学可以在阅读文本时边读边整理主要内容^ ^个人或小组合作都可以，这样可以同时方便理解和日后复习～\n\n【出分后更新】：真正的天使TT来了便知
150123,128,王礼平,2022-01-19 08:27:09,10,10,0,纯纯的好老师，10分不足以评价他的好
150141,128,王礼平,2022-01-19 09:54:28,2,2,0,礼平礼平，yyds
150143,128,王礼平,2022-01-19 10:05:26,12,12,0,首先要给王礼平老师一个十分，老师真的是非常好的老师，人很好，授课非常有意义，给分也超级好，他的哲学问题我真的强推。\n\n老师人和蔼可亲，平时一直是笑眯眯的，大家提出问题来也会很耐心加以解答，助教小姐姐也超级好，时不时会来和我们交流。\n\n我自认是没有哲学思维的人，老师布置的作业虽然认真完成，老师给的阅读文本材料也有读过然后思考，但是好像对老师的授课内容理解不够透彻。不过结课后再去读老师的ppt和他给每个主题文本写在前的寄语，确实也会有不一样的体悟。这可能与学业考试成绩无关，而是老师在努力引导我们以哲学的方式去观察去思考整个世界。不能辜负老师！\n\n一周两节，老师授课的那节，他本人会联系主题以非常生动有趣的方式去讲哲学，另一节是也比较重要的讨论课。无意拉踩，但是我觉得老师的讨论课的小组讨论形式是最好的。和几个同学一起，如果幸运会成为朋友，课堂讨论中也能有许多收获。我就遇到了一群很有趣也很厉害的同学，我们不仅在课堂讨论中很融洽，而且一直保持着联系，各门课都会互帮互助，也会一起约着出去玩，哈哈～\n\n最后说一下考核方式，平时分占一半，期末开卷考试占一半。平时的作业要认真做，不仅是平时分占比比较高，而且所有文本都是老师认真挑选过的，值得认真读！开卷考试感觉自己也考得稀里糊涂，最后分数还不错，嘿：）开卷考前把老师讲过的ppt和阅读文本重点再回看整理一下打印出来就好。老师超级可爱，在群里承诺过要捞我们，给分也很好～\n\n还想说的是，之前的学长学姐评价老师真挚、纯净、美丽等等，上过他的课就会觉得确实如此。如果选老师的课初衷与老师的给分有关，上过老师的课以后也会觉得老师是那么真诚，这门课本身就值得。\n\n老师很喜欢小王子，期末最后一道题的考察也是以小王子为主题。我觉得这样的设置也很棒，小王子那么天真美好的存在，恰好像我们和老师、和这门课的遇见。
150155,128,王礼平,2022-01-19 13:18:08,4,4,0,礼平老师很关心学生，每次布置作业都会像班主任一样在钉群里打一大段话来劝诫我们。每周一节讲课，一节讨论课，阅读的文本很多，有很多确实艰涩难懂，读起来很艰难。但也许像老师说的，以后再把这些文本拿出来读一读，会发现比上次更懂了一点。哲问是很好的哲学启蒙课。\n\n两位助教姐姐人很好，每次讨论课都会参与解答我们的问题。但是评分的方式是否可以斟酌改进一下。最后一节课，助教姐姐说笛卡尔小组每个人在提出十个问题之后又自行总结文本，作业很认真，所以基本是满分。但是有没有想过这样的评分是在鼓励恶竞，希望平时分的评定还是回归到提出的问题本身上来。
150470,128,王礼平,2022-01-26 02:54:09,9,9,0,平平是我目前为止最喜欢的大学老师。学习这门课真的收获很多，不仅是哲学知识以及提出问题、深入思考的能力，也收获了一群志同道合的朋友和非常珍贵的小组友谊。每周一节理论课+讨论课，每周阅读一篇文本，哲问确实是我大一花费时间最多的一门课了。由于自己的拖延…导致每次作业都留到了周日晚上写……但每一个为哲问熬大夜的晚上都会觉得很快乐哈哈哈！考试开卷（虽然并没有什么用），感觉自己期末答的不是特别好TT平时分应该捞了我一把，最后得分也算满意了！最后，一定要选平平的哲问！绝对不会后悔！！
161368,128,王礼平,2022-11-05 08:32:09,8,8,0,终于理解为什么会有人说王老师就是小王子，他真的就是小王子！阴天的时候会让我们把窗帘都拉开！哲学问题是我最最最最喜欢的讨论课！（北教太适合讨论了）没有烦人的pre和甩锅的PPT，每次文本读完都受益匪浅，最精彩的还是和大家一起讨论的时候啦！不用过多准备什么，读完文本提出问题就很好了，课上和大家一起讨论，超级开心！我可太喜欢我们小组！
162150,128,王礼平,2022-11-17 05:23:44,4,4,0,老师非常棒，他的哲学问题课真的是我觉得最有收获的一门选课。他不仅知识渊博，在讨论课点拨我们的思路，还能够聆听我们的想法，肯定支持我们，亲切近人。此外，老师的帽子确实是他的本体。
163835,128,王礼平,2022-12-16 07:56:57,3,3,0,还没结课但先给平平打个十分！！感谢哲问，遇到了超好的小组。平平太可爱了，讨论课很赞，事少不卷，氛围特别好！！
164215,128,王礼平,2022-12-19 09:15:31,11,11,0,可能平时每一个同学都是一个脑子会有很多很多想法的人，但我们好像并不太敢于去表达这些想法，也不知道去跟谁表达一些想法，但是王礼平老师的那种温柔，那种哲人的光芒，那种给予每个同学尊重的话语，会让你和老师一起畅所欲言，爱哲学就是爱思考，无论是理科生还是文科生，都或多或少可以在老师这里找到情感与智慧的共鸣。毕竟，一位可爱温柔的哲人听你慢慢诉说你的所有思考的时候，感觉真的会很棒呢。（助教jj有点凶hhh可能我这么感觉）
165684,128,王礼平,2023-01-18 17:00:19,23,25,2,总感觉：有100分可以打吗？wlp老师的讨论课才叫讨论课好吧！\n\n平时：无万恶的pre，只有温馨的小组、实打实的聊天式讨论（对社恐极度友好）；没有恶竞，只有能交朋友和提升思想境界的契机；没有小测，只有在探索中阅读的快乐。一开始，每周的哲学文本阅读对我这个哲学小白而言是一种压力，但愈到后面便成为了一种习惯，甚至每周的讨论课成为了一周向往的时间段。可以说，老师让哲学变得平易。比起读一两本哲学名著，老师挑选的基本都是经典书籍的阅读片段，在不断阅读过程中，会发现自己有了从提不出问题到问题提不完的变化。老师非常宽容、俏皮可爱，身体不适或有事情耽搁的话跟老师说一声就行，老师不会深究原因而会更关心你的身体，真的会被这样贴心可爱的老师感动。下学期没有这样的课了，心中竟然会产生几分不舍。\n\n考试：理论课的时候多关注对于已读文本的梳理，期末考试前五道题的答案基本出自梳理，不认真听考试时会懵住的。最后的小论文1000字以上，不会为难人，这学期是“什么是人”，看似空洞但反而利于联想和写作。最后拿了91分，留下了1分的遗憾，不过对社恐的哲学小白来说已经很不戳了。
167735,128,王礼平,2023-01-18 16:25:25,7,8,1,选，你会感谢我的
167746,128,王礼平,2023-01-19 00:35:00,4,4,0,10分送给亲爱的平平！超级可爱超级认真的老师~\n\n昨天在读书的时候读到跟讨论课的文本相关的理论，因为读过所以很快就理解了，真的很惊喜。平平的课让我认识到哲学真的很有趣，它可以指导我们的生活。\n\n然后我想说，所有的好评都是真的！每一条我都发自内心地赞同！
169615,128,王礼平,2023-02-27 06:48:25,2,2,0,老师太好太好啦！
171067,128,王礼平,2023-03-15 11:56:23,2,2,0,好喜欢好喜欢王老师！\n\n上课超有意思（虽然我没有认真听）\n\n只要你认真参与讨论课得分就会很好的！
172395,128,王礼平,2023-04-26 04:15:07,4,4,0,老师超级可爱
178471,128,王礼平,2023-07-12 05:44:19,5,5,0,谢谢王老师！贴一个我课程论文的后记当作评价吧：\n\n在王老师的课程论文里选柏格森的题着实是班门弄斧了，写完之后也觉出自己的浅薄幼稚。一方面是时间精力不够，另一方面确实少点知识背景的积累，也没有大量阅读外文文献写文献综述的经历，有道翻译、微信自带翻译、WPS划词翻译、小绿鲸英文文献浏览器轮番上阵电脑屏幕一片混乱，过程作业也完成得很糟糕。\n\n但是不得不说至少done过程作业帮助我解决了很多问题，现在是6月20日的凌晨，至少它能让我在考试周赶论文ddl时不那么狼狈。其实很幸运在大学的这一年里遇到很多老师，都致力于教我们怎么写论文，从构思到格式规范，也感谢王老师设计的这次完整的学术训练的过程。\n\n受陈亚军老师的哲学问题熏陶有辅修哲学，但是跨专业学分已经修满了，有点迷茫要不要继续下去，以及自己是否真的喜爱并适合学习哲学。春学期的现代西方哲学Ⅰ也是论文结课，拿到的分数不太满意，Ⅱ这篇大概是大一一年写得最真情实感最认真的论文 。\n\n之前在“査老师”上看到评价说老师是研究柏格森的专家，本来想在寒假多了解一点柏格森，但是心思被别的琐事占去，也就逐渐惫懒耽搁了。在课上听老师讲应该是我第一次接触到柏格森的思想，就为之深深感动。记忆绵延到当下并面向未来敞开，彻彻底底对抗着虚无。我们被镌刻在这料峭的尘世，“哲学之安慰”是精神治疗，自渡而已。
189313,128,王礼平,2024-01-23 05:29:47,3,3,0,哲学问题 支撑我大一艰难时光的最好最好的课 王老师就像朋友一样 温暖又有力量
191459,128,王礼平,2024-04-23 05:31:06,3,3,0,我的白月光讨论课
194915,128,王礼平,2024-06-26 02:29:43,4,4,0,老师像小熊软糖（奇怪的形容） 总之就是很可爱！\n\n这学期学会雷达点名后就很喜欢点名了（TT
199147,128,王礼平,2024-09-18 07:26:52,0,0,0,爱平哥
201872,128,王礼平,2024-11-07 05:24:07,2,2,0,算是哲学启蒙老师了，王老师上的内容确实很棒
212065,128,王礼平,2025-01-13 06:32:37,0,1,1,老师人很好，课也讲得很好
212157,128,王礼平,2025-01-13 09:22:10,2,2,0,真正的天使!!!😭😭爱礼平老师!!!人极好无比，学识渊博，上课内容丰富风趣幽默深入人心，还推荐了许多高质量电影，哲学学院有王老师是福气。
216715,128,王礼平,2025-03-22 08:06:20,0,0,0,上老师的课太幸福了，大二上的哲学问题，一直到大四还在怀念😭😭😭
15834,149,张德明,2016-01-16 11:45:34,0,3,3,有文化底蕴的老师
16301,149,张德明,2016-01-18 00:24:33,14,15,1,老师很好呐 如果一个学期认认真真去读老师讲的那些书 对名著经典真的会有新的认知 给分也超棒！
16984,149,张德明,2016-01-19 11:15:48,8,10,2,课讲的特别好，任务也不多，就两篇论文，考试开卷，提前知道考试题，这种良心课，选上一个是一个了
33939,149,张德明,2016-09-23 03:14:00,-6,2,8,太无聊
38775,149,张德明,2016-12-19 01:30:39,-1,0,1,没太听过，但感觉读的那些书很有用
45309,149,张德明,2017-01-19 10:00:44,0,1,1,老师可爱，不知为何有些让人联想到木心。恩，还有，助教辛苦了！感觉我的助教好有文化呀~鹅且声音很好听~
64788,149,张德明,2017-12-27 06:41:51,0,0,0,老师讲课非常投入精彩，课程只要求2篇论文。助教老师也很优秀。考试很轻松。
4375,178,楼含松,2015-06-19 16:33:21,7,18,11,上课氛围很轻松 时常有些小幽默
4646,178,楼含松,2015-06-25 12:13:30,53,61,8,老师超级和蔼 慈祥!\n\n
5012,178,楼含松,2015-07-02 04:18:57,16,19,3,老师非常萌！真真儿的
13335,178,楼含松,2015-12-27 02:22:23,6,8,2,老师很幽默
13496,178,楼含松,2015-12-28 12:49:05,4,16,12,绩点真的这么低嘛。。
19269,178,楼含松,2016-01-23 17:18:03,-7,11,18,上课无聊，给分好差，考试好难！
19301,178,楼含松,2016-01-24 00:00:23,3,11,8,绩点好低啊。。。是不是通核新的制度的锅。。。
19597,178,楼含松,2016-06-16 11:00:49,3,12,9,给分的话只能说这是通核平时真的很重要，所以考试中等还是可以优秀的，前半个学期从来没发言，后面强迫自己发言，可以去锻炼一下，只有多发言一定可以优秀的，加油
22103,178,楼含松,2016-03-02 10:49:41,-7,7,14,考试坑！给分坑！毁我绩点
28784,178,楼含松,2016-06-28 14:54:22,3,9,6,绩点爆炸了
28797,178,楼含松,2016-06-28 15:28:28,3,5,2,讲课很有意思
30463,178,楼含松,2016-07-01 16:01:56,21,28,7,挺喜欢老师讲的课的，很有趣啊，学到了很多以前不知道的知识哈哈。老师挺和蔼的，不会对很多观点下定论，会告诉你学术界现在有哪哪几种观点。也蛮喜欢我们班名字四个字的助教哥哥的，冷知识大王，好懂佛教，讲了一大堆各种各样的神奇的典故。至于给分嘛……通核等级制就是神坑，但是学校这么规定也没办法QWQ
30605,178,楼含松,2016-07-02 04:45:43,12,22,10,老师上课很好玩，可爱可亲。偶尔助教会点名。但是，真的很喜欢我们班四个字的助教哥哥，真的是冷知识大王。上课挺好玩的，给分真的仁至义尽了。只是通核嘛 绩点什么的就。。。
41286,178,楼含松,2017-03-11 02:15:32,3,14,11,助教哥哥是我的，前排表白，你们不要和我抢啦～
42618,178,楼含松,2017-01-14 15:16:53,-11,4,15,讲的超好，期中作业没好好写因为复习，期末就4个大题（7选4）开卷，2小时，最后上4
42645,178,楼含松,2017-01-14 16:08:43,-5,3,8,上课发言挺水的，居然上4了，所以说期中论文和期末好好准备也可以优秀滴
42667,178,楼含松,2017-01-15 00:15:31,8,15,7,我来表白一下四个字的助教哥哥。
42669,178,楼含松,2017-01-15 00:29:12,1,9,8,助教哥哥，我耐你
42670,178,楼含松,2017-01-15 00:52:59,-4,0,4,老师讲课还是挺好的，但是感觉没有激情，毕竟老教师
42671,178,楼含松,2017-01-15 00:58:01,2,8,6,老师超级和蔼 学到了很多\n\n前排表白助教哥哥 感觉懂得超级多 每次上课给我们讲很多 涨了不少见识?\n\n最后的考试也很好 7选4论述题\n\n最后 我能说 复习考试的时候对中国古代小说又深化了感情吗?
42674,178,楼含松,2017-01-15 04:44:15,-1,7,8,老师人很好，助教哥哥超赞，然后呢，认真发言，认真一点点，就满了。\n\n稳，喜欢。
42678,178,楼含松,2017-01-15 02:21:07,0,2,2,重点觉得助教姐姐人超好，我对中国古代小说鉴赏是真的不懂，竟然也能给我这么高的绩点，谢谢助教姐姐
42679,178,楼含松,2017-01-15 02:22:37,1,2,1,虽然上课水但是讨论课很有趣～表白我们班美丽的助教姐姐！
42684,178,楼含松,2017-01-15 02:31:00,9,10,1,楼老师很和善儒雅，上课时候完全能感受到学者的气息，特别棒！而且也时不时来点冷幽默，哈哈！助教姐姐也是很活泼很可爱，超棒！
42685,178,楼含松,2017-01-15 02:32:04,1,1,0,挺好的课
42886,178,楼含松,2017-01-15 10:53:17,1,5,4,很喜欢楼老师啊！人很和蔼，也很慈祥，只要静下心来认真听，还是可以学到很多古代小说的东西，助教姐姐人也很好，自己也没发过几次言就得到这么高的绩点? 不过我估计是因为碰到了比较好的讨论班，感觉班里的同学都不喜欢发言，所以发过几次也算好了？？？
43271,178,楼含松,2017-01-16 05:09:19,0,4,4,没好好体验这门课，给老师打分也是怪怪的，抛开略略有点悲桑的情绪讲，虽然感觉楼老师的确没啥激情hhh，不过讲课还是挺棒的有干货，认真听吧尽管说话有点慢给人造成一种信息量不足的假象嘿嘿。对了培养汉语言的思维方式很重要啊比纠结作品中人物行为更有价值，别想我太嗨了什么都学不进去
43285,178,楼含松,2017-01-16 05:25:39,11,14,3,讲的好，给分差
46355,178,楼含松,2017-01-21 10:20:44,2,9,7,老师很好，四字助教很棒，嘿嘿嘿，过年还会发红包，够买好几天的上好佳了呢。至于给分嘛，毕竟通核等级制，也不能强求，准备充分也没有问题的！嗯，那个，四字助教还没女票。。
46412,178,楼含松,2017-01-21 13:41:29,7,14,7,老师讲课炒鸡好，还有，最重要的，那个名字四个字的助教哥哥炒鸡帅\n\n没错！就是他！！最帅的辣个！！！
46413,178,楼含松,2017-01-21 13:41:53,5,9,4,超爱楼老师！平易近人没架子！上课认真小幽默！果然越有本事的人越谦和！
46415,178,楼含松,2017-01-21 13:42:26,1,7,6,楼老师上课很有意思，很注意跟上潮流。助教男神超级完美，给我们讲故事还买零食发红包！！！超级赞
46416,178,楼含松,2017-01-21 13:43:06,5,8,3,表白助教 知识很渊博 人帅 人也超级好 楼老师大课也讲的很好 认真听很有收获
46419,178,楼含松,2017-01-21 13:48:23,2,8,6,老师超级好，有学问，又温柔，嘻嘻嘻，这是我上过最有意义的课之一，因为遇到了很好的助教哥哥，很开心，很有缘，这学期能一起上课，真的是一种永远美好的回忆，包括结识的同学们哈哈哈哈哈，凝聚力很强，希望跟四个字的助教哥哥以及同学们一直保留着这段回忆，友谊天长地久～
46449,178,楼含松,2017-01-21 14:53:21,2,2,0,老师很棒
50241,178,楼含松,2017-05-02 02:22:30,1,4,3,上了老师的中国古代小说史，超有趣，最后还满绩啦。超喜欢楼老师，很儒雅
64279,178,楼含松,2017-12-22 07:53:26,1,2,1,挺棒的老师 很随和 上课也比较自由
68449,178,楼含松,2018-01-23 08:22:10,28,33,5,疯狂安利通核！真的是上大学以来上过的为数不多诚意+干货+升华自己的好课了！(胖乎乎萌萌的)楼老师讲课就像潺潺流水，淡雅隽永却也不失幽默，就是很有那种文学家的为人谦和恬淡却又饱满迷人的气质。(猫系腹黑)助教小哥就有另外一种年轻的锐气了，每次讨论课干货满满，学识渊博要求严厉，上课凛冽的眼神里却总能透出一丝狡黠与闷骚(？)最后一节课还会长谈人生和漫漫前路…当然了，毕竟是通核，给分肯定很严。但是上完整套课程，本工科男真的对文学和文学院的老师和学生充满了好感！???
68458,178,楼含松,2018-01-23 08:30:25,1,4,3,感谢楼老师和助教小姐姐!!\n\n悄咪咪喜欢文学的工科少女这个学期真的学到了很多，每次上课都是享受呢\n\n只要认真上课成绩还是没问题哒\n\n拿到了人生第一个满绩～
68942,178,楼含松,2018-01-24 06:51:36,1,16,15,老师好，中国古代小说鉴赏男助教坑
69138,178,楼含松,2018-01-24 08:53:52,3,3,0,老师声音超级好听呐
70220,178,楼含松,2018-01-26 08:58:32,1,10,9,表白一下助教哥哥～
77148,178,楼含松,2018-05-03 02:48:37,3,4,1,老师看起来就像一座山，讲话温吞，偶尔冷幽默。虽然不摆架子，但本身就是很有气场的人！
78044,178,楼含松,2018-05-09 06:32:59,-2,11,13,比想象中要糟糕
81921,178,楼含松,2018-07-08 16:17:38,-9,13,22,老师，请您管管您的助教，不要对学生进行人格侮辱！！！！！！！！！！！老师很好，给你分到哪个助教真不一定了
82504,178,楼含松,2018-07-08 11:17:24,3,6,3,付出和收获成正比
82506,178,楼含松,2018-07-08 11:18:06,6,7,1,老师很幽默，仔细听也很有收获的，至少激发了我对古代小说的兴趣。最后表白助教小姐姐，给分让我感动到哭泣
82511,178,楼含松,2018-07-08 11:24:21,1,3,2,老师蛮好的，讨论课要多发言，论文认真一点点，最后考试字多一点，成绩就还好
82533,178,楼含松,2019-07-09 06:08:47,-2,18,20,四个字的助教上课的态度完全得看他当天的心情...真的无语。别的班作文1500字我们班5000？给分...诶...
82543,178,楼含松,2018-07-08 16:16:36,7,16,9,老师讲课挺有意思的，感觉有收获，自己态度认真绩点就可以。四个字的助教小哥哥有时候有点严厉，但人还是挺好的，学识也渊博，不存在侮辱人格的呀。
82546,178,楼含松,2018-07-08 12:57:27,-3,4,7,老师很和蔼讲的课也很清楚，就是我有点困? 助教小姐姐也很可爱? 选课的朋友祝你们不要被分到男助教的班 超凶！?
82559,178,楼含松,2018-07-08 13:36:13,6,9,3,老师很和蔼，而且非常潮，能懂很多梗。四字助教哥哥hin帅，看着一脸正经实际上萌萌哒，在自己的研究领域研究的理论知识的掌握非常扎实，佛教知识和文学相结合，还懂很多冷知识。在论文写作方面对我们进行了指导并严格要求，我从中学到了很多。从大一到大二每个学期坚持选的中国古代小说鉴赏在这学期终于选上并顺利结业，感动到哭，在课上学到了很多知识，这是门好课啊啊啊啊啊！课虽然结束了，但是对中国古代小说的阅读行动依旧在进行（小声说话：现在是考试周，先放放，考完试再看(๑>؂<๑））
82574,178,楼含松,2018-07-08 14:12:39,4,7,3,(上了这个课 考试周完了我想留在图书馆看书…)\n\n(可是菜鸡的绩点只能心里苦)\n\n楼老师  太棒了叭\n\n(助教哥哥么…emmm…呃…emmmm…)(本弱鸡差点都要吓死了)
82575,178,楼含松,2018-07-08 14:21:37,4,14,10,对于那些怼助教小哥哥的，我只能说成绩是自己争取的，想不劳而获求求你退学吧。上助教小哥哥的课真的能学到很多其他课上不到的知识。无论你是什么专业的学生，只要认真上课都能有所收获。最后一节课的知识竞赛玩得很开心～\n\n助教小哥哥该严肃的时候严肃，平时还是很平易近人的，冷笑话真的超冷哈哈(ಡωಡ)hiahiahia \n\n总而言之：\n\n1、想不劳而获的不要选这门课。\n\n2、助教小哥哥第一男神不接受反驳。\n\n
82606,178,楼含松,2018-07-08 16:32:34,8,12,4,老师文化素养极佳，讲课当细听。通核主要学分析方法和学习态度，课上都有。我也遇到了四个字的助教小哥哥。他是个平时很随和(给我们推荐电影，谈佛学，谈生活，设比赛)而对学术十分严肃专业(讲论文格式和自己的论文很细致，对旷课，拖稿行为严肃批评)的人。正态分布的指标限定使很多自满的人吃了苦头，但这不是助教的锅。也请不要嫌他批评你的时候太严厉，大学会用心批评你的人很少了。我现在有点可惜排课少了，很多东西老师无暇讲完。
82672,178,楼含松,2018-07-09 02:44:49,29,43,14,四字助教有女朋友了，清醒一点
82708,178,楼含松,2018-07-09 03:52:10,-1,4,5,老师讲话有一股很高级的幽默感哈哈哈哈我也不知道这么讲对不对 四字助教小哥哥除了讲评我们论文那天吓我半死 真的是很好的助教老师啦 上课会补充很多知识 认真写论文做卷子分数也还不错 超棒的课！！
83950,178,楼含松,2018-07-11 15:18:41,3,4,1,理科生一枚 水了一学期 以为要正太了 但是最后还行 4.2  感谢同组同学 小组很重要 \n\n至少我觉得我没有他们估计要凉  plus 这个组助教分的\n\n老师人很好 小幽默  博文广识  \n\n表白陈亦欣小姐姐  不过这是她最后做助教了 \n\n
84555,178,楼含松,2018-07-13 07:23:04,4,7,3,轻松自在，像在江南酒馆里度过的闲暇下午。楼老师非常可爱，不是那种有架子有距离感的老师，而且本身就是个非常厉害的人。四字助教是个傲娇，偶尔毒你几句，但是真的很可爱，都知道不是有恶意的。还有应该是个豪，见过最后一节课送MVPbeats耳机的么？这位就是了。我自己本身绩点没有多高，但是完全认，因为没有特别认真在学习。我觉得是门很好的通核课程，很幸运这学期能选上这门课啦。
90198,178,楼含松,2018-11-22 12:24:03,2,5,3,“所有的误会、所有的偏见、所有的固执，都来源于你对那个人的了解不够全面、掌握信息不够具体，如果你真的了解一个人的成长环境、接触的人事物还有他的遭遇，你很难对他做的错事恨起来，你很难对这个人产生恶意”\n\n被王暘午及助教折服了TAT真的太优秀了
92491,178,楼含松,2018-12-31 07:28:16,2,7,5,助教喜欢装逼
98120,178,楼含松,2019-01-23 05:45:23,0,3,3,老师讲课emmm主要是我也没怎么听...但是老师是很好的，有时候还会来点冷幽默。给分我觉得挺不错的。我是属于比较水的，讨论课没有发过言，论文也叫了个初稿，本来想改一下，到了期末也来不及了。期末考试么.....爆炸....本来以为成绩爆炸...但是尽然有3.8感谢老师！
103492,178,楼含松,2019-02-28 12:37:49,-1,2,3,老师上课是真强，十分绝对的，但是讨论课自由组队大佬抱团还正态分布。是菜鸡互啄还是咸鱼翻身，助教您真棒。
109374,178,楼含松,2019-06-13 12:12:07,-3,2,5,老师上课非常有趣！但是温馨提示选通核课的同学，小组讨论选择要慎重，助教时常上演迷惑行为大赏，事情和麻烦都是助教带来的_(:з」∠)_
110046,178,楼含松,2019-07-09 15:56:01,14,17,3,楼上的你怪论文字数多，你怎么不说别的班每周都有小组展示浪费时间，四字xgg从不布置小组作业呢？写一次正规的学术论文学到不少东西，宁愿短痛，不要长痛。
113018,178,楼含松,2019-07-06 00:33:44,-5,5,10,没翘过课，讨论课发言挺积极的，论文和期末认真准备了至少期末做的还可以(因为压中很多原题)绩点3.0，严重怀疑四字助教怎么给分
113053,178,楼含松,2019-07-05 21:50:08,4,7,3,上老师的课真的是一种享受，老师的知识非常渊博，而且很幽默，让你能够喜欢上他的课。助教xgg很帅而且能给你讲很多有用的东西，我不认为那是在装。我翘过一次课，非常抱歉，论文和期末考试自认为并不算很好，但是能有4.5我真的很感谢老师！
113712,178,楼含松,2019-07-07 05:29:21,6,10,4,这门通核嘛……我甚至不想告诉你们这是什么课因为这该死的占有欲……\n\n理论课没有很难的理论层面的东西只是欣赏，读过文学史的话甚至觉得有点浅显，只可惜大部分同学要么是来写作业的要么是来水手机的……助教gg的讨论课嘛，干货满满体验极佳以至于我和我同桌最后复习的时候打开笔记不约而同地发现全是他讲过的好玩的东西嘤（我甚至还把课上讲过的三生石净慈寺等等地方都去了一遍……）。正经地讲没有小组合作展示没有鹅颈但居然是让我认识新课友最多的课了（学校是不是应该反思一波通核讨论课制度了……）\n\n楼老师的教学水平和学术成就不用我多评价了吧，我现在能回想起来的都是老师萌萌哒的瞬间，上课是闲云野鹤加冷笑话幽你一默，课外主持讲座的时候又别有一番狡黠的睿智，真是很可爱啦。\n\n我要用一句真实贴切简洁装逼的话形容我帅气的助教gg……一开始他满足了我对装逼文科男的所有想象，最后他颠覆甚至重塑了我的所有想象。开始时的大衣西服精修图头像一脸严肃怼翘课迟到真的很霸道总裁很收割少女心（我甚至怀疑他在cos卷福，当然后来就变成T恤短裤肥宅了……）知道他的经历之后真的好佩服他，大概就是第一个让我以前觉得不可能的事情可以变得可能了而以前觉得理所应当的事情并非如此的人叭，让我去思考十年后的我到底要不要对这个世界有如此的见解或者说是误解，表面上说就是和他一样蠢蠢欲动滚去学文……当然也有点心疼现在的他啦，那就祝助教gg早日找到自己心目中的知己好啦。\n\n总而言之这是一个能够安放尚未被数理化磨灭的情怀和幻想的地方，窥见彼岸一隅并且相信念念不忘必有回响。\n\n最后表白一波我的dl同桌，希望还能有机会一起水水人文活动什么的调剂一下硬核的理工科时光吧。
113768,178,楼含松,2019-07-07 11:30:14,2,4,2,楼老师真的是很好的老师呀，现在回想起这一年的课程，总是能想起很多很多个瞬间，专业能力极强加上幽默风趣，总是能有自己的一套独创的讲解方式，深入浅出没有比他更好的代表了。也许是自己本身就喜欢中国古代文学的原因，在日常繁杂而讨厌的专业课里，我很期待每周二的晚课。那么有趣的中国古代小说，虽然一学期真的看不完，但是我想一定会看完的。\n\n然后要为助教小姐姐正名！！！通核评论大都是四字助教，少有人写助教小姐姐。我是h姓小姐姐的讨论班的，小姐姐没有四字助教那么有趣，可能会有人觉得她古板，但是她真的了解很多东西，认真听的话会有很多收获。讨论课确实需要小组展示，但小姐姐把握得很好，评价都很公正，多讲优点，也会提到不足。并且最重要的是【助教小姐姐是我上大学以来唯一一个给论文做反馈的老师！！！】论文写了很多，总觉得自己在造学术垃圾，没人教怎么写写出来的哪里不好，小姐姐这样反馈我真的很感动? 虽然最后没来得及改稿子，但是真的还是超级感谢小姐姐的建议，我会认真记下的。表白这一门，我这学期最喜欢的课。
114735,178,楼含松,2019-07-11 07:52:34,0,4,4,楼老师上课有一种大家小书的亲近感，虽然只是浅层地介绍，但是能够借此机会多读些古代小说，受益匪浅。助教小姐姐特别温柔可爱，经常鼓励同学们说说自己的看法。
118152,178,楼含松,2019-10-22 02:09:45,6,11,5,十分给老师\n\n傻逼助教一个字不想多说
125766,178,楼含松,2020-09-14 06:11:12,-3,0,3,中美关系讲的不错
128906,178,楼含松,2020-12-26 15:24:52,2,6,4,楼老师超级棒，整个学期就点一次名，上课语气和蔼，讲解很细致，有时候会问一些是否类的问题，比如有没有看过某书，对某个人物的感官是正面或负面之类，但是不会点人回答，因为下面同学都会积极回应，每次下课都是掌声齐鸣，真的很好！！！
133747,178,楼含松,2021-03-04 11:41:51,3,7,4,一个小组一学期总共五次小组展示，还有5000字论文，呵呵呵呵
135508,178,楼含松,2021-05-12 08:53:48,16,28,12,为什么给分那么差...
135509,178,楼含松,2021-05-12 08:56:45,12,18,6,快逃！
139117,178,楼含松,2021-07-13 02:22:56,2,3,1,非常好
150185,178,楼含松,2022-01-20 02:33:44,7,11,4,快逃！课程很好，但是事情太太太太太太太太太太太多了！而且给分真的不好，平时上课经常发言，论文也好好写，小组展示我们组也还行，最后还没有被评到A等级
150194,178,楼含松,2022-01-20 05:35:42,4,12,8,课挺水的～事挺多的～分挺低的～
165699,178,楼含松,2023-01-09 10:16:28,4,5,1,老师很和蔼，事情有些多，但是给分超好
165729,178,楼含松,2023-01-09 12:39:49,3,5,2,听老师上古代小说鉴赏课真的能学到很多东西，只要上课认真听，认真整理笔记，课后几乎不需要花时间也能取得很好的成绩。
167945,178,楼含松,2023-01-20 15:02:45,16,17,1,中国古代小说鉴赏。上课内容很丰富，介绍各种古代小说。楼老师是儒雅温吞的老先生，不摆教授架子，很受尊敬。讨论课氛围也很好。一学期听下来收获很大，可惜最后一个月事情太多没有时间读长篇了，假期正在补（\n\n平时事情不算少，两次展示，一篇改写小说，好像有发言要求（？）期末开卷考试。我考试动作慢了没有答完题目……不过最后总评也还好。建议感兴趣而且不计较绩点得失的同学选。\n\nps：助教cx姐姐好有气质！充盈着书本浸润出的丰润和知性，我好喜欢她！
168022,178,楼含松,2023-01-23 02:23:05,-1,1,2,没怎么听课，论文自认为写得一般，五次小组展示认真做了，个人展示自认为一般般，最后给分A-
180818,178,楼含松,2023-09-26 18:07:58,6,7,1,想要学好这门课，阅读量应该不算小。楼老师在课上会精读作品，考试题目也和精讲过的作品相关。之前讨论课分在cx姐姐班上，氛围真的很好！作为一个社恐也在课上发过几次言。cx姐姐一直强调要从具体内容出发去表达自己的观点，不会随意否定一些不成熟的想法，不会向我们灌输她自己的观点，而是提出问题和我们探讨，引导我们思考，还会推荐相关的研究著作。收获很大！喜欢！
186487,178,楼含松,2024-01-11 09:45:28,1,2,1,楼教授很儒雅，感觉很有水平。表白助教孙芷君小姐姐，人美声甜，优雅博学，她的班没有小组作业！一次5分钟的pre和一次20分钟+的pre，还有一篇小说改写两千字，总体来说事情不算很多。平时多发言可以加分的。其实我平时上课基本没听过，但是期末考试就把PPT整理好，自己可以提前猜猜题准备一点资料。毕竟是通核，最后出分还是很满意的，不过我自认为我作业和pre都真的很努力，期末卷子也写满了，值这个分数。
186543,178,楼含松,2024-01-11 14:51:15,1,2,1,中国古代小说鉴赏课。楼老师很儒雅，讲课很好，认真听能学到很多知识。课程任务不算很多，一次半小时左右的展示，一篇两千字的论文或小说改编。（表白美丽动人的助教姐姐！）期末考开卷，把课件和老师分享过的论文打印好能答出大部分题目。总之，课程轻松，认真完成任务把卷子写满，给分很满意。都来选主管馆长的课！！！
187259,178,楼含松,2024-01-15 10:23:29,6,8,2,楼老师让我见识了什么是知识广博，cx姐姐教会了什么叫独立思考
188921,178,楼含松,2024-01-20 15:53:17,0,6,6,感觉事情还是有点多啊，两次展示一大一小，还有一篇改写作业2000+，最后期末开卷题也很多，虽然写满了，但是拿到了生涯最低绩点，远不如先秦诸子思想的室友\n\n绷，感觉还是先秦诸子思想好一点
191945,178,楼含松,2024-05-06 03:04:24,0,4,4,古代小说史，这学期开始点名了，好像点了三次。然后期末就是一篇5000字论文，看了朵朵发现普遍给分不好，3.6让人很难绷
191952,178,楼含松,2024-05-06 06:59:58,-1,3,4,中国古代小说史，后期经常点名，事情不多，一篇论文，给分很一般，大概是我确实写得超烂吧
192608,178,楼含松,2024-05-24 17:33:37,1,5,4,中国古代小说史。如同楼下所言，不能称之为一般的给分了，感觉可以算比较差的分数了，而且不知道评价标准是什么。学期后半段很喜欢点名，讲课中规中矩，个人感觉还是比较平淡的，但就是给分确实云里雾里的，写了5000字左右，给了3.9
200903,178,楼含松,2024-10-24 08:31:47,1,2,1,小说鉴赏，助教是大美女，别的忘了。
211070,178,楼含松,2025-01-10 13:00:25,6,6,0,中国古代小说鉴赏 楼老师人很好 但是助教李莉给分很烂 要求很严 非人文专业的还是尽早润了吧
211301,178,楼含松,2025-01-11 07:14:10,4,4,0,古代小说鉴赏，老师挺好的，但是很看助教，李莉助教比较求是，要求比较高，事不多但是很难高分，尤其是非人文学科的，很难get到她想要的pre到底要怎么搞（我菜，文科素养确实不行吧）
214112,178,楼含松,2025-01-24 10:34:34,-1,1,2,古代小说鉴赏，事情多给分烂，跑！
214154,178,楼含松,2025-01-26 03:28:00,2,4,2,不知道楼下说的给分烂是啥情况，但事情多这一点自由心证吧，一个长学期只有两次展示，其中一次只要五分钟，另一次20分钟，加上期末改写作业的两千字，怎么看都不能算很多吧？？认真完成了展示和作业，课堂发言达标，个人得分挺好的，出分的时候巨感动，大爱助教cxjj！
214967,178,楼含松,2025-02-19 14:03:19,5,5,0,大爱cxjj，cxjj你是我女神啊啊啊啊啊啊啊啊啊啊啊啊啊啊啊啊啊啊啊啊啊！！！！！！！！！（发疯.jpg）
217348,178,楼含松,2025-04-09 02:46:43,2,3,1,我推荐所有失眠患者来上这门课
1430,202,胡可先,2015-03-22 03:00:20,5,15,10,水平高。但是上课只念ppt。
1821,202,胡可先,2015-03-25 15:31:00,1,7,6,肚子里有货，听的出很有研究。但是，上课不太有激情
1905,202,胡可先,2015-03-26 05:31:25,37,48,11,超喜欢的老师，通核课讲得太好了，听讲话如同读诗书，对古诗文有兴趣的同学不要错过。
1939,202,胡可先,2019-07-05 17:14:47,101,108,7,真是，助教给你分，胡老师只是给你爱的(≧∇≦)
7138,202,胡可先,2018-09-18 10:48:44,27,31,4,超级有内涵，听他的课是一种享受！
13795,202,胡可先,2015-12-31 04:30:24,-13,10,23,
14112,202,胡可先,2016-01-04 10:55:35,13,21,8,其实真的是助教打分\n\n
25904,202,胡可先,2016-06-14 06:41:38,2,6,4,念得一手好PPT...可能是教材写得太好，上课就读教材了（唐诗经典研读）
30710,202,胡可先,2016-07-02 09:23:02,3,10,7,胡老师挺不错的 但有个叫杨琼的助教给分超级烂的 每节讨论课都发言，她给分有点低
30713,202,胡可先,2016-07-02 09:48:57,-15,17,32,辣鸡课程\n\n事情超多.\n\n分数超低
30933,202,胡可先,2016-07-03 03:17:47,26,28,2,越来越觉得胡老师么么哒 敦厚 温和～记得他说过 二流的老师往往能培养一流的学生 自黑说自己是二流老师 然后笑着看我们?唐诗通核上的是情怀 如果对古诗对没兴趣会很痛苦 但如果是兴趣所在 可以好好享受一下这个过程 并且把更多的学习延续到课外
31150,202,胡可先,2016-07-03 09:40:10,19,23,4,老师特别特别特别可爱，讲的东西也很有货！还表白老师的王禾助教，给分好~人也特别好~喜欢古诗文同学真的不要错过，可以学到很多东西~(至于你不感兴趣为了凑学分来选最后还要抱怨的人，我只能说…你开心就好)
31412,202,胡可先,2016-07-04 03:57:45,1,6,5,最后一楼的那个一定是被绩点收买了吧
31565,202,胡可先,2016-07-04 06:36:03,5,8,3,老师微笑就代表鄙视哈哈哈。很享受他的课，但更爱助教姐姐！
36303,202,胡可先,2016-11-11 14:55:03,-3,6,9,真心讲的超好，但如果你只是想去水通核，那呵呵了，你还是别选教授的课吧，反正你也听不懂?
37375,202,胡可先,2018-06-12 12:49:25,19,25,6,王禾助教超级棒，胡老师上课讲的很吸引人。不过自己太菜了很担心被正态啊。。。
38741,202,胡可先,2016-12-16 06:15:41,2,3,1,挺好的老师
42842,202,胡可先,2017-01-15 09:25:43,4,6,2,老师讲得很好，，有点后悔没认真听\n\n另外表白胡凌燕助教\n\n讨论课有趣(๑>؂\n\n
42847,202,胡可先,2017-01-15 09:38:51,4,4,0,课不水，要认真
42919,202,胡可先,2017-01-15 12:06:30,7,8,1,老师很有水平，讨论课气氛很好！认真听可以学到一些东西的！表白助教王禾，人超级美！
43130,202,胡可先,2017-01-15 23:59:50,55,57,2,胡老师讲的相当可以啊，表白助教徐焕
43418,202,胡可先,2017-01-16 08:45:39,3,3,0,理论课陶冶情操，讨论课才是给分的依据
43973,202,胡可先,2017-01-17 07:21:25,-1,0,1,同有无\n\n
47375,202,胡可先,2017-01-25 14:42:43,1,4,3,重视实证研究方法的渗透，功底没的说。只是作为文学史课程，不用大历史观的视角讲课，个人不习惯。
47791,202,胡可先,2017-02-25 00:28:16,-32,4,36,一学期的课水过去了，绩点还上了4，有点惭愧。
48090,202,胡可先,2017-02-28 11:29:53,4,4,0,第一节课就被圈粉了，男神老师
48909,202,胡可先,2017-03-16 06:29:31,12,13,1,谦谦君子，知识渊博，我请求胡老师作我的专业导师，老师立马答应了
50856,202,胡可先,2017-07-04 00:46:18,8,11,3,胡老师人很好，谦谦君子，有风骨，勇于承认自己早年一些在学术上的偏颇，把他自己的研究心路分享给大家，现在有一种大家的风度～～～\n\n表白王禾助教，助教姐姐漂亮又卖萌，人还很好，但是……我可以说我期待过满绩吗？哈哈哈，最后4.2我也超感谢助教了，能和这样的助教姐姐还有我们组四个帅气的小哥哥一起度过一学期，只要上3我都觉得很不错了。大家一定不要错过这门课呀～～～
53069,202,胡可先,2017-06-25 09:20:02,3,3,0,唐诗经典真心不错。
54091,202,胡可先,2017-06-28 12:16:30,5,5,0,胡老师人很有涵养，谦逊而渊博，课讲得也超级棒，毕竟是S类课程。然后表白王禾助教！！
56443,202,胡可先,2017-07-04 00:15:34,-5,5,10,给分渣（不一定是老师给的）平时超级忙，最后还要打击你
56445,202,胡可先,2017-07-04 00:28:41,2,3,1,老师很好，助教老师也很好，给分很高
56466,202,胡可先,2017-07-04 01:01:07,7,9,2,老师绝对是满分，作为中文系学生，看到有这样的老师真是安心许多 ，老师是在讲课时会熠熠生辉的那种。但还是不得不说一说助教的给分，这门课是所有课里我最用心，花时间最长的，也是我最希望高绩点的，尽管有4.2，和我的付出比起来还是不够。而且还是很希望一些同学不要在讨论课上太装的自己很厉害，为拿分在自己不了解的领域瞎怼还是不好的
56542,202,胡可先,2017-07-04 03:06:00,22,23,1,理论课想听就听，不想听的也没事，不过不听就是你自己的损失了，老师超级棒！！！ 讨论课表白助教徐焕，帅帅的长得很清秀的小哥哥，一开始的时候特别爱拖堂，后来反映了就好很多了hhh \n\n唐诗经典研读事情说实话是很多的，线上线下，但是真的能学到很多东西呀！至于给分，就是跟付出成正比的...
56866,202,胡可先,2017-07-05 01:48:53,5,7,2,表白助教王禾小姐姐QAQ，人美心善、讨论课一开始很幼稚的发言都认真的听并且微笑点头，简直给了我莫大的信心，要是她那个时候纠正我，我大概就不敢每节课都跳出来发言了、\n\n学喜欢的东西真的不觉得累，老师和助教一直说这门课事情多，但我觉得一点都不多啊，很轻松很愉快，还一不小心满了。感恩。
58946,202,胡可先,2017-09-18 23:58:30,-2,2,4,。。。。
75729,202,胡可先,2018-03-15 15:17:43,3,3,0,我只是单纯的喜欢助教王禾，君生我未生。
76528,202,胡可先,2018-04-12 10:35:22,2,6,4,老师人很好 \n\n我想说一个叫杨琼的助教 感觉讨论课经常强调分数分数 有点鼓励恶竞的氛围\n\n另外讨论课过于故意强调讨论似乎更加不利于讨论课讨论氛围的形成吧…
76555,202,胡可先,2018-04-14 07:17:29,3,5,2,老师的课内容很丰富，听了很有收获。杨琼助教的课也很有趣，氛围很好。
78285,202,胡可先,2018-05-10 11:41:53,6,6,0,表白虞越溪助教小姐姐
79376,202,胡可先,2018-06-01 13:18:26,4,4,0,胡可先老师真的是一位非常儒雅的老先生，不仅谈吐从容，而且讲课时总是微笑着，常常会跟我们说自己的解读相对年轻时的转变。如果大家认真听，就会知道老师每次授课的角度是不一样的。慕课上的讨论能感受到老师对其他学生的尊重，答疑区细致地解答，无论是否是浙大学生。对别人的诗作给予鼓励，对别人的指正表示感谢……谢谢老师，让我看到了一位虚怀若谷、宠辱不惊的学者，窥见了大唐的盛世繁华……
80203,202,胡可先,2018-06-21 12:56:12,2,5,3,先给胡老师打个满分，只是刚刚上完讨论课的我得知一个36人的班要正态掉11个人的时候内心是崩溃的，太可怕了。
81020,202,胡可先,2018-07-03 10:23:42,0,1,1,考试前表白一波杨琼助教！希望成绩还看得过去叭
82729,202,胡可先,2018-09-14 16:17:46,-3,8,11,老师人很好。但是唐诗经典研读，呵呵，从来没见过这样一门事那么多，天天展示、表演、做mooc，上课要发言恶竞，期末临场手写三千字论文的课，最后绩点还很惨。哎，一学期努力喂了狗
82739,202,胡可先,2018-07-09 04:54:35,6,6,0,表白王禾助教姐姐！！！? ? 人非常nice！给分也特别好！
82756,202,胡可先,2018-07-09 05:20:51,2,4,2,本来以为4出头就不错了甚至可能会被正态到三出头 没想到却满了\n\n先说一下我是杨琼助教 因为这门课主要是助教打分～\n\n为什么很慌是因为我不是一个喜欢发言的人 发言的次数大概撑死了三四次吧\n\n不过确实是认真在上这门课 课后也会和助教讨论一些东西\n\n一开始做展示不会做 还是水水的复制粘贴\n\n到后面整个展示里面百分之九十都是自己思考的东西了\n\n所以可能也不要那么在意发言的次数\n\n质量或许更重要吧！\n\nANYWAY 感恩这门课感谢助教～
83099,202,胡可先,2018-07-09 16:20:34,1,1,0,胡可先老师真是博学又严谨，能听到老师讲课实在太幸运了，课下看讲稿也是一种享受~?不过这门课的任务蛮多的，MOOC有十周网课➕各种测试和小论文，而占比最大的讨论课给分也有一定客观标准，助教会严格记录出勤和发言次数。给分比较公正，主要看自身的文学素养和在课下积累的努力程度。
85112,202,胡可先,2018-07-15 12:32:41,2,2,0,我爱胡老师爱助教，虽然是通核但是给了我很大的学习中文的热情！！！！么么哒！！
85219,202,胡可先,2018-07-16 06:49:48,4,5,1,上老师的唐诗经典研读课。毕竟是通核，事情多不过收货也多。胡老师很认真严谨博学，上课虽然有点平淡，不过仔细听也有很多收获的。这门课还有mooc课程需要完成，据说在老师的努力下，终于实现mooc内容和线下课内容不同，意味着多了一些事，也是得到更多的知识。还有讨论课，基本按照恶竞的思路来，不要太水就行。不过我还是觉得讨论课上的探讨经常往奇怪的方向发展，很容易钻牛角尖，当然这是别的同学的问题，也希望将来学这门课的同学注意一下吧。考试是4道论述题，平均每题写600字，开卷但并没有多少卵用，因为你要一刻不停地写，反正我最后真的写不了那么多。给分还行，但是已经不在乎了，这样的课，玩得开心就行。最后表白可爱的助教虞越溪小姐姐～
86436,202,胡可先,2018-09-16 06:16:40,3,3,0,胡老师有很深厚的文化底蕴，待人十分真诚和善，教学生动。最突出的是研究成果丰富，胡老师所著的文章、书籍将其观点与前人的观点结合得十分充分且令人信服，可见其文化底蕴之深厚。在我看来，胡老师是一个实实在在的学者，更是一位符合大家心目中的“好老师”的标准的教育工作者。\n\n                        —————中文系 阿久一夫
87364,202,胡可先,2018-09-27 12:07:33,1,1,0,表白助教王禾
98944,202,胡可先,2019-01-24 05:28:57,1,1,0,表白人美心善的助教王禾小姐姐!!
98968,202,胡可先,2019-06-28 09:05:07,0,2,2,胡教授就也太可爱了吧听他上课真的享受！！！！我好后悔自己翘过一节课5555555555我哭了真的我根本不敢想自己能拿高分！自己也没啥水平！谢谢助教姐姐！！！！！
99013,202,胡可先,2019-01-24 06:59:38,2,2,0,老师知识很渊博，人很温和，但上课只是在念word而已。给分是助教给的，讨论课展示的质量也很重要，即使发言次数不多也能拿个比较好的成绩。总体感觉事情太多了\n\n
99026,202,胡可先,2019-01-24 07:12:23,21,21,0,感谢老师！！感谢助教徐焕哥哥！！这学期唯一一门只要你踏踏实实努力做好每一件事就一定有同等回报的课！！老师真的是一位很有文学气质、学识渊博的学者！助教哥哥也是人很好很有想法的学长！总之！满分满分！
99118,202,胡可先,2019-01-24 09:39:32,0,2,2,表白俞沁助教啊，人长得漂亮懂得知识多给分还好，我真的感觉我们小组的展示一直都是最差的，线上的mooc也有错过没做完的，最后竟然上四了！
99967,202,胡可先,2019-01-25 11:08:59,4,6,2,老师很好，但是是助教给分的，有mooc，展示事情很多。mooc大家都差不多，所以助教给分应该主要看讨论课发言，我mooc上95分，展示也都没问题，期末也有好好考，但是上讨论课发言只有一次，最后被正态到3.2，真的说不出话，感觉自己在这门课上花的心思也不少了，最后这么一个结果，感觉很可笑啊。最后祝我的助教在新的一年里身体健康，万事如意。
104349,202,胡可先,2019-03-18 11:30:09,1,2,1,娓娓道来
104353,202,胡可先,2019-07-05 17:17:26,-1,5,6,娓娓道来，表白凌燕小姐姐? ?
106051,202,胡可先,2019-04-24 14:47:38,0,1,1,王禾!王禾!助教是王禾姐姐就捡到宝了!
109591,202,胡可先,2019-06-17 09:40:18,0,2,2,虽然还没考试但先给胡老师打个10分\n\n温文尔雅\n\n学富五车\n\n
110440,202,胡可先,2019-06-26 15:57:21,8,8,0,离愁渐远渐无穷
110536,202,胡可先,2019-06-27 10:02:56,-1,0,1,喜欢老师！
111619,202,胡可先,2019-07-05 21:37:24,17,18,1,出分了评论一波！对于不擅长发言和中国文学的同学来说可能比较心累，但是努力发言（我挣扎了四五次），努力刚论文，还是可以操作一下的。老师讲的内容，个人感觉有点太“专业”，对于通识课来说。如果你之前兴趣不大，那你通过它培养兴趣的可能性也不大。最后表白一下徐焕小哥哥，看得出来他也不愿意正态我们，他的讨论课事少而且有很精彩的点，最后还会合影～
112998,202,胡可先,2019-07-05 17:26:59,7,10,3,一开始我是拒绝去上这门课的，但后来听说给分还是蛮高的，就去上了一下，哇！真的很好玩，上课都是blingbling的，忙的时候还可以不去上课，离线挂机，平时老师还会带我们去攻沙，真的好热血！！
113010,202,胡可先,2019-07-05 17:28:16,13,14,1,老师很好，课程内容很有意思，好几次听的我笑起来了哈哈哈。不过我想说助教何哲涵小哥哥超级棒！第一天就羞涩地说自己一个研一的学生被安排和其他博士生一起当助教，当时就觉得好可爱一男孩子，当然后来也一直比较羞涩哈哈哈。做助教超用心！虽然说话小小声的，但是评论都一针见血，也会根据我们的情况做出一些调整。小组展示的负担的确有点重，但也难免的。有时会提出一些有意思的问题让大家讨论。有没有助教问卷什么的啊，我要给他打100个非常满意！！！（许一个小愿望：希望他可以看到嘤嘤嘤真的很棒呀）
113095,202,胡可先,2019-07-05 23:18:57,3,4,1,就那样吧，水过来的，平时事情还算挺多的，四次展示。本来以为会被正态，结果还行。
113131,202,胡可先,2019-07-06 00:06:07,6,10,4,表白助教徐焕xgg，人帅懂得多还可爱，给分也超好，付出真的有回报的～
113201,202,胡可先,2019-07-06 01:32:09,5,7,2,10分是给老师打的，但是不得不说，中国文学基础这课逼事儿真多，小组展示三次，一篇读书报告一篇论文，还要介绍自己的读书报告，期末四道题，基本都是讲过的题，但是每题要写800字左右，课上可以学到挺多东西，但是事情是真的多，分数也是严格正态，选之前要考虑清楚
113219,202,胡可先,2019-07-06 01:58:17,-3,7,10,上课可去可不去，从来不点名。上课时对着讲义念的，仔细听会发现干货很多，期末考是四篇800字简答题（拿到试卷那一刻我惊了），虽然他不会一个个字数没写到也没事。超级感谢这门课我收获了入学以来第一个满绩！！！虽然期末考连助教的名字都写错了（汗），但是感谢hzh助教高分之恩(≧∇≦)我还在这门课上学会了如何选优秀的论文题，尝试写出了人生第一篇比较受肯定的论文，而且写的还很快乐，能在查资料的过程中收获很多。作为一个理科生，能补充文学方面的知识，我很满足了！谢谢老师和助教
113242,202,胡可先,2019-07-06 02:37:19,6,9,3,看到有人表白徐涣我就放心了哈哈哈
113330,202,胡可先,2019-07-06 07:25:13,2,3,1,胡老师上课干货挺多的！认真听的话真的能了解到不少。中国文学基础我觉得更重要的是讨论课，课上积极发言，认真写好读书报告和论文，这门课问题就不大。最后感谢助教hzh小哥哥！爱你！
113544,202,胡可先,2019-07-06 23:38:45,6,11,5,第一次听胡老师的课，收货颇丰。老师真是学富五车的大学者 感觉我的诗词终于要入门了！但是下面辱骂助教的人，你竟配当竺院学生？这种人，顶多就是粗糙的利己主义者吧。胡凌燕助教十分认真负责，感觉得出来她不仅在引导学生思考，也在自己思考，“教学相长”。赞一个
113720,202,胡可先,2019-07-07 05:57:04,12,14,2,胡老温和有才～虽然课程很忙很累但是真的参与感和满足感极其高！徐焕助教每次讨论课都很用心，而且有和学生的交流，真的很难得！感谢相遇！
120638,202,胡可先,2020-01-14 05:56:33,6,6,0,胡老师讲的真心不错，也会适当地开些玩笑活跃气氛。讨论课努力发言了几次最后4.2也是心满意足。就是奉劝大家不要拖论文和写诗。。。两个ddl堆一起真的很痛苦
124762,202,胡可先,2020-07-08 10:22:54,0,4,4,认真去做，发言，展示，十个小论文，一个大论文，一定可以拿到理学分数，基本上只要不被正态，就会得到4.2/5.0，学到了很多很多，非常感谢超级好的俞沁助教姐姐
126035,202,胡可先,2020-09-17 00:43:10,-46,3,49,讲课挺好的 但是你吗一节课不来不管任何理由直接得不到优秀的纯恶心人的规矩我是真的不懂
127084,202,胡可先,2020-11-06 02:47:14,2,3,1,萌新劝退，唉
130510,202,胡可先,2021-01-23 07:43:41,3,5,2,唐诗拿了满绩了，开心！！！认真跟下来讨论课，感觉收获颇丰！感谢胡老师和助教hzh老师，都超级好～
131004,202,胡可先,2021-01-25 14:02:40,5,6,1,出分了我也来评价一下~\n\n唐诗经典研读当初是凭着兴趣选的，以为会像是叶嘉莹先生那样的讲授风格，但实际上研读研读感觉还是更加偏向“研”一些。不过胡可先老师上课严肃与幽默并存，有的细节地方会逗得大家会心一笑。讨论课主题很丰富，同学们都很有才，十六周下来确实会对“唐诗”有更全面的了解，唐代那些著名大诗人的经历对我也有些启发。\n\n作业就是前九周的mooc和附带的小论文作业，以及讨论课的几次小组展示，完全不需要卷。期末考不用复习，因为范围是唐诗（？\n\n总的来说是一门认真了就能拿高分的课程，最大的实用收获大概是学会了写诗？\n\n拿了满绩有点意外也很开心~最后表白助教yq小姐姐炒鸡可爱
131073,202,胡可先,2021-01-26 00:58:20,5,6,1,老师非常有学者之风！\n\n唐诗名家名篇如数家珍，有自己的独特见解!\n\n课程前期事比较多（线上+线下），但考试周就很轻松惹\n\n线下作业和给分都主要看助教
135908,202,胡可先,2021-06-02 12:06:29,6,6,0,大家之风，大师之谓也
136869,202,胡可先,2021-06-26 17:21:58,14,14,0,老师大家之风，震撼我一整年。\n\n儒雅而庄重，给我文化的熏陶。\n\n\n\n强推zjy助教xjj，好可爱，好温柔。
138036,202,胡可先,2021-07-07 06:53:54,14,15,1,还没出分，就给胡老师打了10分。我想这么课我并不在意绩点，学到知识就够了。作为中文系的学生居然在一节通核里第一次接触到专业相关的训练，很惊喜。胡老师授课以念讲稿为主，可能有的人感到无聊甚至不屑，但是这讲稿他们真的认真看过吗?另外教材和MOOC的资源重合度比较高。总体来说，胡老师将唐诗完美地以通识课的途径而非专业课的方式展现，干货满满又通俗易懂。最终考核是MOOC+个人小组展示+平时发言+开卷考试。
138321,202,胡可先,2021-07-08 13:42:31,7,8,1,儒士\n\n当代的士大夫，这门课真的干货满满，硬核但有趣\n\nzjy助教好可爱
144838,202,胡可先,2021-12-25 05:43:20,36,38,2,好！文学院有胡老师了不起！把奖学金全捐出来也要强硬地独立文学院，让高高在上的官大人们害不害怕
145261,202,胡可先,2021-12-28 14:23:46,0,1,1,国学大师
145561,202,胡可先,2021-12-30 08:37:47,-8,0,8,。。。
148422,202,胡可先,2022-01-12 12:05:37,4,4,0,非常好，给分也不错，助教鹿姐姐长得很漂亮，性格也很棒。
150763,202,胡可先,2022-02-18 03:31:54,1,1,0,相当好，冲冲冲
151234,202,胡可先,2022-02-25 06:42:47,0,0,0,好，期末开卷考试
151575,202,胡可先,2022-03-08 06:52:50,2,2,0,非常有大师风范
154459,202,胡可先,2022-06-01 15:56:29,5,5,0,学期还没结束但是我来提前吹爆胡老师了——律诗作业老师是真的会认真去看，还夸会夸我们！！对于确实爱好唐诗的学生来说这门课真的是天堂！！
156568,202,胡可先,2022-06-20 09:31:04,4,4,0,胡老师真的是大家风范，儒雅随和，作为热爱诗词的理科生真的感觉来到了天堂
164332,202,胡可先,2022-12-20 09:47:59,0,0,0,胡老师让我真正走进律诗创作的大门，上课后律诗创作水平获得了极大的提升。考试时候忘带一份讲义，胡老师还允许我借其他同学的讲义救急，实在是大好人一个。胡老师和助教zjy老师为人和蔼可亲，给分极好，强烈推荐
175311,202,胡可先,2023-06-23 14:26:28,3,3,0,优雅，来浙大必上的诗词课，先生讲的课很美
178360,202,胡可先,2023-07-11 01:52:06,-11,0,11,不好评价。
179646,202,胡可先,2023-09-19 05:25:45,-15,1,16,…………自己感受
182107,202,胡可先,2023-11-10 03:42:00,10,10,0,雨人夏雨，风物春风。\n\n似至沂水，如闻青桐。\n\n天不生夫子，文学师道万古如长夜。
188057,202,胡可先,2024-01-18 06:25:01,0,0,0,难得的好老师了
196002,202,胡可先,2024-07-01 05:37:36,2,2,0,老师讲课很有意思 不点名 助教姐姐超级好 诗词小白也可以冲！
199012,202,胡可先,2024-09-14 03:11:29,0,0,0,会遇到很多知识和常识
209761,202,胡可先,2025-01-07 03:48:43,0,1,1,胡可先老师是一名很温柔和煦的老先生，也很关心学生，作为唐诗研究者，他师承“一代词宗”夏承焘先生的弟子吴熊和先生，非常有底蕴
8061,246,姚晓雷,2015-09-17 01:06:50,26,28,2,很努力地在上课
8066,246,姚晓雷,2015-09-17 01:23:47,16,26,10,河南话啊听不懂啊，ppt满屏字啊看着累啊
8068,246,姚晓雷,2015-09-17 01:32:00,6,11,5,口音太醉人了…………
8666,246,姚晓雷,2015-09-24 00:54:49,7,10,3,河南口音比较萌，所以上课一点也不困，需要努力理解他说的话，一不留神就听不懂了
8667,246,姚晓雷,2015-09-24 01:10:33,6,11,5,不是河南人听课的话，会非常吃力。内容以PPT为主，补充内容不多，字小行距窄，看不太清楚。姚老师上课认真，内容体系清晰，思路明确。
9702,246,姚晓雷,2015-11-05 00:48:41,2,12,10,上课认真，但是所讲内容都有百度百科式的照搬意味，没有自己的见解
10549,246,姚晓雷,2015-11-19 16:02:33,0,10,10,刚开始以为他只是不会讲，后来发现他讲的确实很空，都是百度百科那样的复制粘贴，没有自己的想法见解
12680,246,姚晓雷,2015-12-24 01:24:46,0,8,8,课件来自百度啊豆丁啊之类的，大家可以对着讲稿课件自行百度，别的就不说了自行体会。
13017,246,姚晓雷,2015-12-24 13:59:38,3,6,3,河南话爆炸
15698,246,姚晓雷,2016-01-16 07:05:04,11,15,4,不说河南话、课件复制粘贴神马的了，200人讨论课，展示要去抢，展示分比论文高，真心有些让人吐槽
18806,246,姚晓雷,2016-01-22 14:41:34,-20,7,27,怎么没有0分这个选项
20390,246,姚晓雷,2016-01-27 11:21:35,12,14,2,姚老师上课其实很认真的，也算比较有准备的。口音问题真的是和作家阎连科同地方人，难以改变的。只不过200多人的大类课，讨论课简直是抢着发言的，恶性竞争啊。
20482,246,姚晓雷,2016-01-27 23:20:10,8,9,1,老师很认真在上课。虽然我一节都没听……不过那些说课件是百度百科的同学，有一部分内容是他从他的论文里摘出来的+_+（来自室友的搜索）
20483,246,姚晓雷,2016-01-27 23:54:07,73,85,12,漏循滴伤史，漏逝滴二月，余大傅的谶囵，涨唉琳滴轻陈之累，张娴两滴吕花树，严恋可滴日光溜内。\n\n\n\n哦，还有，无名氏的，一阿兽，一阿兽，一阿兽
20489,246,姚晓雷,2016-01-28 00:27:34,14,18,4,就算我死了，被钉在棺材里了，我也要用我腐朽的声音喊出:雷爷好人！
20494,246,姚晓雷,2016-01-28 01:15:58,12,13,1,老师挺好挺认真的，口音确实重，前排听听可以，后面确实艰难，至于上课内容，我倒挺喜欢他从他自己论文中摘，论文内容有深度，反正是评论文章，不是一些概述
20496,246,姚晓雷,2016-01-28 01:19:44,-1,3,4,呵呵呵呵
20529,246,姚晓雷,2016-01-28 07:06:11,7,7,0,很努力
20537,246,姚晓雷,2016-01-28 08:31:53,6,7,1,其实还是挺不错的
21110,246,姚晓雷,2016-02-17 14:37:33,-1,3,4,河南话听不懂，对于没展示的我而言给分还行
36635,246,姚晓雷,2016-11-15 06:46:45,19,23,4,老师口音很萌啊，并没有很难懂。上午上课教室里只有十几个人来上课老师也不会点名不会生气，还是很认真很大声地在讲，既心疼又敬佩老师！
45554,246,姚晓雷,2017-01-19 19:34:27,7,9,2,老师真的很棒！虽然平时没怎么听课，但考试的时候给了范围！按照他的范围好好准备，考试还是可以的！给分也很棒！
68521,246,姚晓雷,2018-01-23 10:00:14,7,8,1,老师很认真，发的邮件也认真回复，还留出很多时间让我们展示，给分也还不错，口音听久了竟然觉得很萌，还是听得懂的
68592,246,姚晓雷,2018-01-23 12:14:55,7,8,1,老师很可爱！虽然有口音但是认真听就会习惯了，而且给分很好！考试很需要有自己的思考hhh
68618,246,姚晓雷,2018-01-23 13:09:22,6,8,2,课程很轻松\n\n一次展示一场考试\n\n给分超级好！\n\n老师很有文化，而且见解很独特新颖\n\n可以拓展自己的视野
77149,246,姚晓雷,2018-05-03 02:49:46,4,5,1,讲课不是太行，但人还是挺好的
77874,246,姚晓雷,2018-05-08 10:01:03,3,8,5,出分了，展示加论文4.8不错吧，对外院的学生没有恶意，老师人也很好
89652,246,姚晓雷,2018-11-20 06:49:11,10,19,9,老师的课挺好的，老师人很负责很认真，但是希望老师在选择助教的时候谨慎一点，根据字数来决定分数，全班几乎都是同一个 很低的分数，这些都是我们辛苦写的发自内心的理解与感悟，难道是比不上为了凑字数而把文章内容一段段往文章中引用的同学吗？令人寒心！
89653,246,姚晓雷,2018-11-20 17:00:58,6,19,13,老师口音很重，但上课认真。我要狠狠吐槽的是！求求老师看一眼助教给的分数是多么放飞自我！几乎全员3.9，我们认真写论文不是为了这么差的均一分数OK？问了助教，助教语焉不详，言下之意是按字数给分，行吧以后都恶竞都盛产学术垃圾吧。
89664,246,姚晓雷,2018-11-20 07:24:27,5,17,12,老师很好，以下污言秽语送给助教：请问您得是多倨傲，才能认定我们的论文甚至没有思想价值，光凭字数给分就可以了？既然如此何烦劳动尊驾来做这个助教呢？难道不是为了帮助老师传道受业解惑吗？难道不是为了帮助我们，在混沌迷茫的前景里，辨明至少是这一门课程的前进方向吗？这事给了我很大的教训，但希望您也能引以为戒才好哇！
89667,246,姚晓雷,2018-11-20 07:33:35,6,18,12,雷爷好人，但是这门课也是大学里给我教训最大一节。助教给分真的很有原则，大批3.9的低分，请问您只用字数评价那早点告诉我们好吗。想了很久的观点和自己的思考被这么不值一提地带过，我们的论文成果不值得您看，您只看字数，早点说清楚，也别让我们熬夜秃头了，文本分析几万字谁不会？以后如果我有机会做助教，我会一直告诉自己不要成为您那样的人。
89670,246,姚晓雷,2018-11-20 07:38:55,7,14,7,老师很敬业，虽然有口音。助教给分很迷，老老实实写论文，两篇论文平均比要求字数多了1k，我觉得3.9有点低，不能接受。
89672,246,姚晓雷,2018-11-20 07:44:53,8,20,12,老师很好 很认真 他的课件大多都是自己写的论文 很有一套自己的想法。可是今年的助教小姐姐真的很迷好吗 普遍打这么低 我们那么认真地写两篇课程论文 得到的就是你随随便便一个分数？？你心里就这么瞧不起我们 觉得我们都只有这么点水平 没有人能优秀么？不知道助教是什么心态啊……
89675,246,姚晓雷,2018-11-20 08:16:54,0,13,13,大家清一色骂助教……助教语焉不详，就主观认定她按字数给分？本人成绩也低，但咱首先得反省反省自己叭。我也觉得自己花了很多精力，但事实证明，那些熬的夜秃的头或许只是感动了自己而已。人数太多是问题，小班化授课老师助教才能一一点评每个人的论文。另，公开优秀论文供大家学习也很必要。
89765,246,姚晓雷,2019-03-13 17:40:31,25,41,16,我是本课程助教，幸得同学们提醒，在此做一点说明。首先，不知道第一位说联系了我，结果我“语焉不详”，导致ta推断出“按字数给分”的同学能拿得出证据么？做了三年助教，我敢说我对每一个同学的咨询都从无敷衍，我敢为自己言行负责，如果这位同学有实锤，欢迎对质到底。目前来看，每一位联系我们的同学，最后都有通过邮件形式认真进行书面解决，那些疑惑的同学也都经过对论文的分析get到缺点和问题所在。“语焉不详”？我从来都是哪句说得不清楚就说到清楚为止，同学仍觉得“不详“，为何不问到“详“为止，反而主观推断？更不知同学又是从我哪句话推断出的“按字数给分”？其次，有困惑，我们有那么多途径可以沟通解决，邮箱，qq，手机号码全部都留给大家了，真的觉得接受不了，想不通努力了为什么还没有好成绩，怎么不来直接联系我们看问题出在哪里？而是在这做无谓的质问？到底是想通过这次论文训练提高，还是并不关心论文本身只是因为这次没有得到好成绩就单纯发泄情绪？这次课程有163人选课，来自全校不同院系专业，觉得清一色给低分的同学是主观推断还是看了全班成绩的试卷分析表得出的结论？简单说，高分低分都有，如有质疑，欢迎去学院查验。那些呼唤老师看看我所作所为的同学也请放心，每一份论文上都有老师最后检查一遍的签名，大家的情况老师都了解，同学的问题我都有及时反馈，老师一直都在认真关注。助教是起到教学辅助作用的，那些以为助教只手遮天给成绩的同学，还请你宽心。最后，本学期的知识分子课结束了，老师在最后一节课讲知识分子的精神和时代呼唤大师的时候，我私心里希望同学们和我一样得到一点精神上的触动。思考人文精神，努力变得更理智，肯沟通，不盲信。我真心感谢也期待同学们指出我工作上的不足，我才能分辨是误会还是我的缺点，帮助我完善，大家一起在这个过程中进步收获。以上。
89779,246,姚晓雷,2018-11-20 19:06:42,0,11,11,劝退警告！！！不要选！！任务超多！！！助教按字数给分统一3.9，根本不带看的！血泪教训，大家千万不要踩坑！
89955,246,姚晓雷,2018-11-21 11:22:52,4,10,6,老师人很好，很率直。但是有些事情，真的是一言难尽。如果怀疑抄袭，那就查重，大不了费用我自己负责，五六千字就那么几块钱。课上自己说了要查重，如果真的查了重，那就把结果贴出来，分数给的低，要有正当理由。无凭无据，凭论文的一些细节主观臆断抄袭。我们辛辛苦苦自己写的论文，被这样侮辱也是够了。
90422,246,姚晓雷,2018-11-23 12:34:34,6,8,2,想看一下各位同学说按照字数统一给3.9的证据，谢谢大家
90427,246,姚晓雷,2018-11-23 12:45:33,13,16,3,很喜欢晓雷老师~关于本学期助教给分问题，虽然我这次成绩也彻底翻车了创下历史新低（甚至我比3.9更低），心情也很低落，但总觉得应该从自己身上找原因…之前上过两门晓雷老师的课也是这个助教姐姐，给分都很好；大概这次确实是自己论文没有写好，至多是看看其他得分好的同学是怎么写的…我经历了很多次努力却没能得到一个好的成绩，在图书馆复习一个月拿到的绩点只有复习三天同学的一半，但终究还是自己的不足，还不够努力，只能让自己选择以后更加努力引以为戒。总之还是觉得不要戾气太重，应该更加踏实努力吧。给分真的很难给，助教姐姐也要从自己的时间里抽时间看论文，如果是我被这么diss一定玻璃心了（虽然预感会被踩，但希望查老师里少些谩骂，多些客观的评价）
91221,246,姚晓雷,2018-12-03 15:28:57,-3,1,4,老师讲的挺好的，论文期中期末各一篇，负担略重但给分还不错~
104202,246,姚晓雷,2019-03-14 00:48:34,1,1,0,上到第三周，之前一直说的是期末论文，结果现在说改成考试，不给ppt，上课能记多少，就记多少。那之前一直以为期末论文，所以笔记就没怎么做，做的那些笔记也很简单，早说考试不行吗？好歹可以把ppt照下来，第三周才说，之前没记下来的内容怎么办？真的服气。
120135,246,姚晓雷,2019-11-17 23:17:06,3,4,1,讲课还行，绩点?味?……\n\n我的中文系专业课最低分\n\n虽然分数是卡绩+1
120142,246,姚晓雷,2019-11-18 00:00:13,5,6,1,老师讲课还行 给分简直惊悚片 总之 可能不是那种认真准备必有高分的课 做好没结果的准备吧唉
120189,246,姚晓雷,2019-11-19 01:13:39,-4,0,4,做了展示，，最后一节课考试写了3000多字，最后4.2。怎么说呢，有点失望。
122375,246,姚晓雷,2020-02-26 01:33:46,-8,0,8,请问中国现当代文学史这门课适合不会写恶竞论文的外专业小白吗？
124643,246,姚晓雷,2020-07-04 16:04:27,6,6,0,duck不必
124644,246,姚晓雷,2020-07-04 16:41:47,4,5,1,………………也不必如此吧
124647,246,姚晓雷,2020-07-05 00:03:31,4,6,2,口音很重，还🐔杀，建议慎选
124655,246,姚晓雷,2020-07-05 06:13:41,2,4,2,从前同学们的一些意见看起来不无道理，亲身经历。
157991,246,姚晓雷,2022-06-26 03:39:36,1,1,0,老师给分还不错的，感觉也没有前边人说的那么卷
162215,246,姚晓雷,2022-11-18 01:36:53,-4,0,4,虽然老师有点口音，但是认真努力还是有回报的～卡绩4.8 已经很满意了hhh老师很有涵养
162222,246,姚晓雷,2022-11-18 02:30:25,0,0,0,老师不点名，虽然口音有些好笑（但听几节课就会习惯的，真的真的），讲课也有内容，还会自己写诗～助教cyx小姐姐也超级nice，很负责任！给分也很好！感谢老师和助教姐姐
162466,246,姚晓雷,2022-11-23 02:59:31,0,0,0,给分很好
1914,269,陈健梅,2015-05-04 13:51:53,27,35,8,课堂很充实，真正学到了东西
2486,269,陈健梅,2015-05-04 13:12:55,5,12,7,侧重地理知识与历史的结合，毕竟老师研究的是军事地理，课堂给的史料很充实。每堂课会点名回答问题，到学期末的时候老师基本知道每个人是谁。作业是史料的穷尽式搜集。
2708,269,陈健梅,2015-05-06 00:46:17,5,14,9,其实还好，主要是文献资料的接触。给分赞赞哒
3156,269,陈健梅,2015-05-18 05:18:39,6,10,4,亲切，很没有年龄的差距感。跟我们说话有种商量的语气
3889,269,陈健梅,2015-06-17 07:32:05,16,21,5,每节课必点名..人很和气...对着地图学到很多东西...忧伤是没次关注的地方都不是她上课回顾提问点....提问的我心惊胆战哈哈
5467,269,陈健梅,2015-07-07 16:42:17,0,3,3,你懂的
5686,269,陈健梅,2015-07-09 06:55:06,5,7,2,老师好温柔，人也很好，学到很多，
5798,269,陈健梅,2015-07-09 11:48:18,4,7,3,点赞，上课内容充实，给分很好，她的课很值得一上
9540,269,陈健梅,2015-10-29 10:29:39,6,10,4,老师很棒啊！每次都能学到新的东西！讲的很有趣！很和蔼！
36888,269,陈健梅,2016-11-16 11:05:55,2,4,2,唉……sa d，一个不自信的老师＞_＜
39683,269,陈健梅,2016-12-27 03:11:00,0,0,0,老师很和蔼，很客气，讲的内容也都还好，说实话老师每节课找到视频像素有点渣，其他都还好
42027,269,陈健梅,2017-01-13 12:34:39,0,0,0,很棒，给分很好
42323,269,陈健梅,2017-01-14 04:27:45,1,1,0,给分好 期末写篇游记~但是自己上课没怎么听 水过去了…每次老师说 这不都是常识吗而我一脸萌比 感到很受打击（
45175,269,陈健梅,2017-01-19 05:42:23,4,5,1,上课很有内容，侧重地理与历史的结合，作业是写一篇游记，挺有意思的。老师特别和气，群里和同学们也都很合得来。关于点名的话，每节课必点，还会以问问题的方式点名
46059,269,陈健梅,2017-01-20 14:02:41,1,3,2,真的是特别特别好的老师，不管是讲课还是生活态度，不听一定会后悔
49804,269,陈健梅,2017-04-26 07:34:31,3,4,1,真的是很好的老师，上课内容很充实，让我这地理渣都快对地理感兴趣了，历史是本来就很感兴趣的啦。然后最后一堂课，老师用自己的经历给我们励志，生活态度真的很好哇
49808,269,陈健梅,2017-04-26 07:58:40,1,2,1,老师很好，课程也不难，会点名，认真听会有收获
49809,269,陈健梅,2017-04-26 08:14:04,6,9,3,陈老师超级好好嘛！超级温柔超级认真，会经常点名，因为老师想尽可能的认识大家，然后老师上课还有看最后的游记都超级细致认真的，感觉被特别真诚认真的对待…还可以推荐旅游攻略hhh比心老师～最后给分也超级好哒
49811,269,陈健梅,2017-04-26 08:15:42,3,5,2,老师给分超赞，人特别和气，硬知识还是满满的！每节课都有视频虽然bgm都是同一个?
49812,269,陈健梅,2017-04-26 08:21:16,1,2,1,老师人超级好，希望能够上好这个课，希望学生能够有所收获，而且会给尽量多的人尽量高的成绩！而且课程一点都不水，好多文献资料和视频，满满的干货，只要认真听能有很大收获！爱老师！
49813,269,陈健梅,2017-04-26 08:22:08,4,4,0,受益良多
49814,269,陈健梅,2017-04-26 08:24:37,5,6,1,上课前会有前一堂课的回顾，会点名，这时候比较担心上节课没有get到点，但是老师人非常好，基本上每节课都会有抽点，主要还是想认识大家，上课听一听还是很有收获的，给分也不错。
49818,269,陈健梅,2017-04-26 08:35:13,7,8,1,老师很好，可是课对我这种工科生来说就不好了?
49832,269,陈健梅,2017-04-26 10:08:34,2,2,0,好！超级和蔼！爱她！
49835,269,陈健梅,2017-04-26 10:24:20,4,4,0,很认真很负责很和气的老师，作业是一篇游记，给分好，课可以不听，但是听了还是很涨知识的，而且要尊重老师啊，希望选课的同学能好好对待这门课
49908,269,陈健梅,2017-04-27 05:50:16,1,1,0,很温柔的老师
49959,269,陈健梅,2017-04-27 14:37:50,1,1,0,老师人很好哦，是真正能学到知识的课堂呢！
50037,269,陈健梅,2017-04-28 16:35:53,4,4,0,老师人真的很认真很负责很温柔，上课开始会点人起来回答问题，但是答不上来也没关系，答得好还会给你加分。平时写两次思考题，一次写两题，可以看资料，联系提早准备。期末写游记或者家乡也可以，我就是写的家乡。给分都是尽量往高的给，很可爱的老师，上课也能学到很多东西。
50179,269,陈健梅,2017-05-01 01:25:10,1,1,0,上过最好的通识，给分超赞人超好，对历史有点兴趣的同学一定能有不少收获，哎呀可惜老师另一门课在西溪...
50841,269,陈健梅,2017-05-06 11:28:34,-6,2,8,点名太多了，觉得上课让同学们起来念句子很没有意义纯粹是考核出勤
53199,269,陈健梅,2017-06-26 07:33:35,4,4,0,炒鸡好的老师，和气，很能培养历史观，结合地理文化，能学到不少呢！
53478,269,陈健梅,2017-06-26 17:16:28,4,5,1,老师人很好很温柔，很和善。但是不知道为什么，每节课都到、论文很用心的准备、小测也写得满满的，最后收获了一个拉低绩点的分数。
53498,269,陈健梅,2017-06-27 00:57:43,1,1,0,上课讲了很多，也感觉学到了很多，很好的是老师给分很棒，只要每节课都去，期末作业不要太水就可以了。
53578,269,陈健梅,2017-06-27 05:09:46,-11,5,16,看来觉得讲得并没很好 ppt不是自己做的 讲自己专业相关知识需要念稿 点名无意义 说话不自信 然后每次到课 quiz写满 论文8000+ 最后拉低绩点的我 一定上了假课
53786,269,陈健梅,2017-06-27 14:11:06,1,1,0,老师很和气，上课很认真，而且给分真的很好哇！！！
54571,269,陈健梅,2017-06-29 15:57:32,1,1,0,非常棒_(:з」∠)_
55693,269,陈健梅,2017-07-02 07:55:06,-2,0,2,还好吧，给分4.2可能是我最后论文写的太少了，和他们竞争不过，上课还行
57442,269,陈健梅,2017-07-08 00:09:56,-1,0,1,大学以来上过最充实的一门通识课，丰富了很多以前没有的认识，很值得～作业卖了个情怀，没有满绩有点可惜了～
58658,269,陈健梅,2017-09-13 01:59:35,0,0,0,对于一个工科生受益良多 老师给分特别好 点赞
60055,269,陈健梅,2019-06-17 04:09:01,-34,8,42,冲着这么高的分来选的课，但听了之后觉得很无聊，三国有演义有各种改编作品这么有意思的一段历史被讲成一堆死气沉沉的史料和地名，这么无聊真的听不下去。我不是说应该看三国演义不看三国志，只是单纯觉得老师讲得对我们非历史专业但对三国很感兴趣的人来说很无聊吧\n\n可能是我对地理不感兴趣吧，可能我历史相关作品看的多了要求比较高，可我真的觉得那些给好评的人要么就是偏爱地理，要么就是历史看的太少没看过些真正好看的
61086,269,陈健梅,2017-11-08 07:33:45,0,2,2,老师人很亲切，上课也讲得好，很幸运选了这门课。
75109,269,陈健梅,2018-03-07 10:50:54,0,1,1,活森森的自然哈哈哈哈
76929,269,陈健梅,2018-04-26 04:11:57,0,3,3,老师，每节课会点名，课前也有回顾提问，有简单的小测验，就回答一个小问题。但是，老师真的超级可爱，温柔。
77446,269,陈健梅,2018-05-05 15:10:37,0,3,3,老师太好了吧，没见过这么好的老师\n\n\n\n
77451,269,陈健梅,2018-05-05 15:31:20,0,2,2,老师人特别好，性格很萌，喜欢和我们交流，而且都是用一种平等的态度，让人觉得很舒服。上课的内容也是干货满满，可以学到很多知识。期末考核写游记或者随笔，没有论文格式的要求，老师说这也是一次深入交流的过程。虽然随堂作业和课堂提问让人有点小紧张，但是认真复习准备会很有收获。只要认真付出了老师都会看得到。还有老师可能会半夜突然晒猫让人超级羡慕哈哈哈。
77461,269,陈健梅,2018-05-05 22:42:15,0,5,5,三次因故请假，两次回答问题第二次可能答的不好。论文认认真真写了5500+。79分。
77556,269,陈健梅,2018-05-06 12:49:19,4,7,3,辣鸡啊
77582,269,陈健梅,2018-05-06 15:47:40,-9,2,11,坐在第三排有次被点三次名，啦啦啦，还叫我上黑板解释地图……但是我和室友每周不辞辛劳骑hello到玉泉听课都很专心，考试认真复习PPT，成绩也很高！
77617,269,陈健梅,2018-05-07 02:20:38,4,15,11,就一次清明节前一天回家没上课，另外次次去，论文不敢说写的多好，但各项要求都达到了，结果给了68，那我还上什么通识，早知道一次都不去了。尽量克制住自己不说脏话
77675,269,陈健梅,2018-05-07 08:45:22,6,15,9,每节课点名，我觉得也是对我们每次课都来的同学公平。两次小测，上课认真听完全不慌。有时候会抽人提问，内容也都是上课讲过的。老师也是按照教学办的要求正态分布、要求点名，第一节课就强调过这个问题，也在群里表示非常抱歉，我觉得一个老师做到这个份上已经很难得了，那些说写了5500+的不知道老师要求是3000-5000吗？上课内容很充实，有地图有视频，文科生表示听的很舒服，感觉这节课有很多志同道合的朋友，很开心。成绩如果有不理想就怪那位喜欢说错别字的校长吧，以上！
78073,269,陈健梅,2018-12-27 01:26:21,11,14,3,怎么说呢，老师人很好，但是如果你真的没什么文采或者写不出来对历史地理的深刻理解的话，最好不要选。来自一个节节必到，论文写了三天却被给了2.1的人。也许我真的不适合写游记随笔？
78103,269,陈健梅,2018-05-09 10:24:55,0,2,2,喜欢历史，也喜欢地理。上了老师的课后，才知道原来历史和地理可以这样结合在一起。学到了很多东西。
78644,269,陈健梅,2018-05-14 06:12:44,-33,2,35,游记写了一下午，5.0~
91407,269,陈健梅,2018-12-09 05:32:34,9,12,3,上课很无聊，可能适合一点历史地理知识都没有的人，讲的很多东西对于有些历史地理知识的人来说就是常识，感觉听课浪费时间，给分还低
105806,269,陈健梅,2019-04-21 02:52:30,0,3,3,认真听真的能学到很多，很棒的老师，爱了。
106346,269,陈健梅,2019-04-26 13:03:16,4,5,1,给分贼迷
106430,269,陈健梅,2019-04-27 10:31:54,-1,3,4,老师人很好，上她的课真的有一种单纯认真听课的惬意感，不会想着怎么刷绩点，怎么鹅颈。我觉得这才是大学学习的正常状态。考试也不难。很爱老师！
106901,269,陈健梅,2019-04-30 07:48:08,1,3,2,老师真的很可爱很温柔，很为学生着想。对于我们的问题都耐心解答，也鼓励我们从自己感兴趣的一些角度研究问题。老师的课堂教学才是最重要的，老师自己也更看重让学生学习知识的过程。
108036,269,陈健梅,2019-05-13 12:48:05,-1,5,6,绝了 节节课点名
108210,269,陈健梅,2019-05-16 11:45:36,7,8,1,原来是辛神辛德勇的弟子
108262,269,陈健梅,2019-05-18 08:56:30,0,3,3,没有期末考，期末成绩就是做两道题，还是开卷的那种，不要太爽。讲课认真内容丰富，老师人也很好，大爱
111477,269,陈健梅,2019-07-01 17:11:17,11,13,2,每节课随机点人起来回答问题+点名，讲课方式比较陈旧无聊（对历史地理很感兴趣者勿喷）。节节课都去，最后随堂考也尽可能写了很多，绩点3.3，通识课最低，只能说慎选吧
111561,269,陈健梅,2019-07-02 03:29:39,-2,2,4,老师很温柔
111623,269,陈健梅,2019-07-02 08:35:22,2,6,4,给分真的迷，每节课都到了，最后考试也认真复习了，绩点只有2点几，史上最低不多说了真的醉了
113257,269,陈健梅,2019-07-06 03:07:43,-5,2,7,非历史系，认真听一学期课学到很多，考前认真复习背地图做笔记，满了。老师非常温柔，每节课提前半小时来答疑。说老师给分不好的先看看自己学了多少吧。
114349,269,陈健梅,2019-07-09 23:26:42,-3,2,5,给分很好，听完老师讲课再去实地旅游一下感觉非常不同，直到现在我都很怀念老师上课讲的历史地理，这对喜欢历史的工科生而已算是饭后甜点
134706,269,陈健梅,2021-04-11 07:57:40,8,13,5,老师值一分，体验很差，建议学学黄河清，既然自己不行，就不要要求学生
134707,269,陈健梅,2021-04-11 08:40:47,17,24,7,极其劝退。理由如下：第一，考核方式不明确，第一节课说的到第五节课就变卦，突然要求小测；第二，作为一门通识课，对学生的要求过高，小测的内容是一本竖版繁体的《唐宋帝国与运河》，要求读完并考试；第三，讨论课的要求也是突然变卦，前一节课说好课上讨论，到了讨论课就变成课上展示，从不要求ppt到鼓励ppt展示；第四，每节课必点名，且课上随机抽人回答问题，问题内容是她上节课讲了些什么或者视频里面讲了些什么；第五，上课无聊，水平不高，何来的妙处横生，怕不是过于自信。\n\n总结：见过无语的通识课，但陈老师的《中国历史文化地理》当属第一名！
137559,269,陈健梅,2021-07-05 05:55:39,0,3,3,外系选了她的三国史做个性最后给分很不错，老师上课非常负责，我交过去的作业她都认真批阅后反馈给我。。。By the way，三国史专题这门课真的挺好玩的很好玩
137937,269,陈健梅,2021-07-06 17:07:16,0,6,6,不会不喜欢一位能够记住每个同学的老师
137940,269,陈健梅,2021-07-06 17:44:03,0,4,4,优点：认真记住每位同学，很用心对待每一位同学的作业小测和论文，上课比较随和，讲课ppt内容还是很丰富的。自身水平应该也比较高，课堂展示都会提出很有水平的询问。\n\n缺点：老师很久没有带通识课，历史文化地理这门课经验不足，在一边上课一边探索形式；叫同学起来复述上节课内容会比较尴尬。\n\n希望老师更好，我打10分
155519,269,陈健梅,2022-06-14 02:23:45,0,1,1,老师我觉得可以十分，但是课程确实安排有些不合理，作为一门通识课并非通核却有四到五次展示，小组合作，当堂论文，事情有些繁琐。\n\n不过都不是很难，我觉得比较适合课程不多的同学
155524,269,陈健梅,2022-06-14 02:55:09,-5,0,5,老师人很好，喜欢和学生交流，上课会叫你回答问题，问答不上来也没关系，我基本就回答不上，最后当堂测试开卷，随便写的，最后4.5
155566,269,陈健梅,2022-06-14 10:39:15,0,1,1,陈健梅老师真的很温柔很好啊😭😭😭作为一个卑微理科生，一次都没正确回答过问题，平时小组展示就负责帮组员大佬找资料，最后当堂测试写得满满1500字，绩点3.9，很满意了，再次感谢组员带飞😭😭😭
155567,269,陈健梅,2022-06-14 10:40:40,0,0,0,老师很好很温柔
155755,269,陈健梅,2022-06-15 15:06:01,0,1,1,很好很用心的老师，对于历史和文化感兴趣的同学非常推荐这门课。\n\n测试的题目基本就是课上学的内容，本来考试前很紧张的，实际答题的时候真的有一种学到了很多东西的感觉。\n\n最后论文写了一篇很感兴趣的唐代帝陵，拿了5.0，唯一一门满绩的课。
155837,269,陈健梅,2022-06-16 07:30:22,0,3,3,外专业史盲兼地理废物选了三国史当个性，最后分数不错。这个学期进度似乎没有控制好，导致蜀吴讲得很草率。老师人很好，建议下课多和老师交流，会学到更多。
195600,269,陈健梅,2024-06-29 03:29:57,0,2,2,对跨专业不友好，老师节节课当堂点名，课后阅读量很大，考试题还难，最后还卡绩点，给分很求是（给分会很低，但是一般不会让你挂科）。
195642,269,陈健梅,2024-06-29 06:51:01,2,2,0,老师上课很有水平，就是每节课都会大点兵稍微有点难顶QAQ最后期末考试其实都是课上讲过且强调过的内容，平时认真上课期末稍微复习一下起码80％都是能直接写出来的！
217449,269,陈健梅,2025-04-10 12:43:55,1,1,0,我的毕设老师，真正让我大学期间感到师生间情谊的唯一一位老师
8183,275,朱晓罕,2015-09-17 10:16:18,3,5,2,不知道怎么评价
8233,275,朱晓罕,2015-09-17 15:37:32,10,16,6,人很好，在他的领域内有较高成就，我有一本他亲笔签名的译著
28224,275,朱晓罕,2016-06-28 08:18:14,38,42,4,老师人可爱极了~肤色偏白，发色偏红，有一点啤酒肚，脸上似乎总带着微笑。有时候会觉得他很法国。他有几次暗搓搓地吐槽浙大没文化，不过很客观，读过法国知识分子史不可能不对中国的高等教育有所不满。法国知识分子是等级制给分的，建议真正感兴趣的同学选，真的很有启发。
37276,275,朱晓罕,2016-11-18 06:57:51,5,5,0,朱老师讲课风趣幽默，非常好！
38024,275,朱晓罕,2016-11-23 08:48:45,20,21,1,真心是非常有趣的老师，段子很好的融合在课堂上。我选修了他和吕一民老师的二十世纪法国知识分子，两个人真的都非常棒，各有千秋，但朱老师的这种有趣【dòu bī】的感觉更吸引我！非常好的老师！而且能明显感觉到知识面之广度与深度。化繁为简，很棒！
45768,275,朱晓罕,2017-01-20 05:03:09,4,4,0,老师很和善，很可爱，努力和年轻人接轨。课可水可认真听
46238,275,朱晓罕,2017-01-21 04:30:13,5,5,0,通核真美滋滋
47544,275,朱晓罕,2017-01-30 08:42:56,1,2,1,说的都是实话
48044,275,朱晓罕,2017-02-28 06:13:40,7,8,1,知识分子课很好 尤其刘璇老师的讨论课
48065,275,朱晓罕,2017-02-28 08:45:08,3,3,0,儒雅儒雅，不愧是人文学院的老师，风趣幽默，把法国知识分子课讲的深入浅出^O^
53741,275,朱晓罕,2017-06-27 12:55:33,8,8,0,老师讲课很有意思，还会分享很多有趣的经历。考试是开卷，不难，感觉老师有意放水了，给分很高，十分一分不少送上。
66984,275,朱晓罕,2018-01-19 14:25:57,1,1,0,是个很棒的老师。无论是学识还是风度
82597,275,朱晓罕,2018-07-08 15:43:32,0,0,0,非常好
94855,275,朱晓罕,2019-01-18 10:49:58,0,0,0,很棒的老师，给分很好，很有趣
111462,275,朱晓罕,2019-07-01 15:26:46,2,2,0,法国知识分子强推，两个老师都很有涵养从不点名
111825,275,朱晓罕,2019-07-03 00:27:47,6,6,0,朱老师一开始给我一种很social的感觉hh\n\n主要是红头发，啤酒肚和“雪白的肌肤”\n\n当然老师的知识很渊博啦，上他的法国知识分子很享受，因为他能把历史讲的非常有趣。强推！
122185,275,朱晓罕,2020-02-20 00:50:23,0,2,2,老师很温柔 对我的小宝贝很好 我也很喜欢他\n\n
122336,275,朱晓罕,2020-02-24 10:50:55,2,2,0,一定要给10分！！！老师人超好，很亲和！知识渊博，很有自己的涵养与见解！！！喜欢喜欢！！！
124195,275,朱晓罕,2020-06-27 01:49:58,1,1,0,选就完事了
124889,275,朱晓罕,2020-07-15 07:47:03,2,2,0,选！！！满了！！！最爱老师！！！肖yf助教小姐姐也好好！！！
125095,275,朱晓罕,2020-08-31 03:01:44,0,1,1,朱老师是真正的好老师。
130844,275,朱晓罕,2021-01-25 02:47:44,5,5,0,朱老师是说好十二点放大家下课且每次都能做到十二点准时下课的唯一的老师。就为了这学期能吃上午饭也要给老师打满分
131546,275,朱晓罕,2021-01-28 03:34:24,2,4,2,世界现当代史，抱着凑个性学分的念头去上的，但是老师讲得真的很不错。课上事情很少就一篇读书报告/观后感和期末开卷考，考试内容也很简单基本翻书加课上听一点就好了。老师上课很有意思，也很关心学生，12点前必下课让同学们去吃饭。最后给分也很好。
134917,275,朱晓罕,2021-04-22 08:51:15,3,3,0,超有梗超有才华的老师 是我想象中的大学历史老师的样子！
144989,275,朱晓罕,2021-12-26 08:40:18,3,3,0,来法知课看女装
146160,275,朱晓罕,2022-01-05 15:05:30,0,0,0,非常棒
153355,275,朱晓罕,2022-04-28 10:40:03,1,2,1,？？？
154960,275,朱晓罕,2022-06-07 06:16:57,3,3,0,朱老师，你是我的神！
156469,275,朱晓罕,2022-06-20 02:15:22,0,1,1,世界近代史bd，老师幽默风趣，期末闭卷但范围极细！
158351,275,朱晓罕,2022-06-28 14:56:11,3,3,0,发言不少，期末自我感觉写得挺好，出分真的很迷。
158385,275,朱晓罕,2022-06-29 02:01:45,7,7,0,世界现当代史，外专业个性选手，期末老师给了题库，我非常认真地背下了课本及网络搜到的所有相关资料，考试的时候基本是默写，每道题都做了分条和分析，结果出分非常不理想，可能是我个人能力的问题吧
158513,275,朱晓罕,2022-06-30 02:19:26,14,15,1,老师不错。助教白玮是什么鬼？？？
159186,275,朱晓罕,2022-07-07 13:05:52,1,1,0,朱老师人好好，必须吹爆！
159299,275,朱晓罕,2022-07-11 10:12:20,9,11,2,助教白玮是什么鬼？？不把学生当人！
160142,275,朱晓罕,2022-09-14 00:12:53,-40,0,40,精美精得脑子都不要了，反动公知
160409,275,朱晓罕,2022-09-21 12:55:32,0,0,0,超级可爱的老师
167065,275,朱晓罕,2023-01-15 00:45:14,0,0,0,good
176157,275,朱晓罕,2023-06-28 03:20:48,0,0,0,很喜欢
176171,275,朱晓罕,2023-06-28 03:44:31,0,1,1,很可爱的老师，很有启发的课\n\n克服社恐就能相对容易的得到好成绩\n\n事不多，只有两次小组pre+读书笔记+期末考\n\n讨论课有干货又轻松，而不是水课\n\n老师很厉害，也很有情怀\n\n推荐
188873,275,朱晓罕,2024-01-20 10:32:15,1,1,0,讲课很喜欢，朱老师吐槽期末前大伙不上课也很可爱hh
189370,275,朱晓罕,2024-01-23 12:34:13,5,5,0,朱老师的课堂内容真的非常丰富，认真听的话绝对能收获很多，想水的话可以不来决不点名（bushi），也非常关心学生，因为本学期期末考安排地比较晚还特地问同学有没有影响。但是这门课给分应当是完全看分到哪个助教的讨论班，g的班应当是就算整个学期不发言至少也有4.5+（上课讲的分数构成只是单纯地吓唬）真的，b的班可能再努力卷也上不了4，分数一切由天注定，安心享受讨论课的过程就好，不必为发言而发言使自己和别人都烦倦
195973,275,朱晓罕,2024-07-01 03:19:00,1,1,0,老师颇有人文风范，人很好
220658,275,朱晓罕,2025-06-19 05:55:57,0,0,0,好课！
221036,275,朱晓罕,2025-06-21 03:07:23,1,1,0,这学期同时上了朱老师的《二十世纪法国知识分子》和《世界现当代史》（我是非历史专业的），老师讲课风趣幽默，内容也很丰富，经常分享自己的见闻和观点，也从不点名。\n\n《二十世纪法国知识分子》是宁助教班的，需要进行两次小组pre，加一篇《知识分子的鸦片》期中读书报告，讨论课上最好多发言，期末考试是开卷，很简单，不用准备。\n\n《世界现当代史》只有一篇期中报告，期末考试是名词解释和论述题，老师会在最后一次课给出一些题目，期末考试从这些题目中选取一些题目考察，考前背诵一下就可以了，复习压力很小。\n\n朱老师的课真的很值得一选，不论你是想水过去，还是真的对历史感兴趣。
4640,285,李旭平,2015-06-25 10:11:47,11,30,19,讲得好烂！自己一会对一会错的都搞不清。期末开卷只能带书！然而并没有讲书上的内容！
4772,285,李旭平,2015-06-28 09:53:46,6,18,12,差評！！！！！
5162,285,李旭平,2015-07-05 12:04:42,3,8,5,可恶o(︶︿︶)o唉
5312,285,李旭平,2015-07-06 13:57:02,2,11,9,挺认真的
5344,285,李旭平,2015-07-07 01:29:13,1,8,7,其实课上讲方言的时候还是挺有意思的，给分也还行，就是考试有点坑
5349,285,李旭平,2015-07-07 01:41:10,0,3,3,上课内容有点枯燥，考试中的分析题好难
5395,285,李旭平,2015-07-07 07:28:28,2,6,4,呵呵\n\n呵呵啦\n\n不想呵呵\n\n还是呵呵吧
5668,285,李旭平,2015-07-09 05:51:05,1,4,3,今年给分比去年好多了
8071,285,李旭平,2015-09-17 01:34:21,0,12,12,李旭平老师还是不错的一个老师，上课认真，内容充实，课后依旧会给予悉心指导，但是给分确实不好
14502,285,李旭平,2016-01-07 09:26:39,1,14,13,是个好老师。备课认真，讲课仔细。他会很多门语言，上课能举很多很好的例子。下课后仍会对学生悉心指导。考试难，但能学到真东西。真看不惯那些自己不好好学就怪老师的。
22769,285,李旭平,2016-03-11 02:28:26,2,7,5,为什么老是要黑四川湖南n l 不分，并不是所有人都这样好吗
22774,285,李旭平,2016-03-11 02:58:55,9,22,13,说一句话要重复二到三遍，五句话四句是英语。。。拜托你要是这么眷恋你的英语专业为啥来人文学院啊。
23499,285,李旭平,2016-04-01 03:22:39,1,3,2,乱乱乱乱乱。。。
27791,285,李旭平,2016-07-02 14:32:25,6,11,5,绩杀，大绩杀不解释
30311,285,李旭平,2016-07-01 08:36:32,-1,5,6,上课很热情
30607,285,李旭平,2016-07-02 04:53:11,3,8,5,呵呵呵，说的不点名，到的时候刚刚点完，然后去找他说也算翘课。迟到是我的锅，一下子扣五分，而且期末出的题呵呵呵呵呵，或许智障吧
30736,285,李旭平,2016-07-02 10:38:03,3,5,2,课上关于方言的部分还算有趣，但是ppt什么的感觉用了很多年都没有改过，而且内容比较乱比较杂，还不如复习的时候看书本。考试内容比其他老师出的难很多，不过好好复习还是可以对付的，今年出分特别快，都不知道他怎么批的……
30750,285,李旭平,2016-07-02 11:06:17,6,11,5,呵呵，谁说给分好的
30770,285,李旭平,2016-07-02 12:31:02,1,9,8,给分好\n\n讲得烂...夹带英文不能忍...装逼不是这么装的。
30939,285,李旭平,2016-07-03 03:44:55,17,26,9,绩杀，一夜回到解放前
30941,285,李旭平,2016-07-03 03:51:23,2,4,2,自己自说自话，成天浪费大家时间，期末考试考的东西平时也不讲到，只会愚弄大家，真是醉了
30942,285,李旭平,2016-07-03 03:51:54,0,4,4,对不起我拉低了原来的平均绩点，老师还好吧，但是这个课太难了，哇呜
31179,285,李旭平,2016-07-03 10:56:10,1,2,1,???
32197,285,李旭平,2016-07-06 02:26:43,10,16,6,不知道怎么给分的，一下午就出成绩了，汗。
32784,285,李旭平,2016-07-13 08:50:06,4,9,5,自己讲课自带优越感，然后对比了下他出的考试题目和别的老师出的考试题目，简直不要更难哦？？？？然后绩杀，他给了所有课的最低分
51062,285,李旭平,2017-05-15 23:44:59,-5,10,15,很好的老師啊!不知道怎麼評分被刷下這麼多，老師給分如何難道不是和自己的付出呈正相關嗎???
51196,285,李旭平,2019-01-02 07:32:58,-2,25,27,浙大怎么会有这种三观不正的老师，因为自己本科学的是英语就觉得自己中文差有理了，点名把人名字念错一半，写个板书字怎么写还要问学生；讲个语法结构非要跟英语联系起来，怀疑自己在上高中英语课。态度很恶劣，自己水平差还自信得跟黄晓明似的。总之不要选，恶心！
51507,285,李旭平,2017-06-07 00:38:16,3,5,2,一言不合就放young pea
51802,285,李旭平,2017-06-11 05:01:05,10,19,9,讲得乱七八糟，一句话重复好多遍，什么也讲不清楚。很多很简单的词汇要用英文，什么exciting这种都要用英文呵呵:) 有论文就算了，考试还要闭卷。我真是。不想再说什么了。为他献上我在查老师上的第一个评论。国际音标就提过几句就要考，自己也没讲过什么东西论文的要求还高。拜拜您，还好大二预置的课不是他了。
52499,285,李旭平,2017-06-20 13:36:24,3,6,3,千万不要选这样无聊的课
52816,285,李旭平,2017-06-23 04:43:58,3,5,2,水平不够，装“ ”来凑
55272,285,李旭平,2017-07-03 10:45:46,10,15,5,真替下一届高兴，据说他已经不教语基了。自己没用心学，认了。but，老师说话颠三倒四，上课讲题经常没有答案，日常飙英文（无意义的），我也想知道怎么学，我是爱人文的，哎，难受
56210,285,李旭平,2017-09-16 02:11:03,22,44,22,喂？是李旭平吗？我要跳楼了.\n\n
56212,285,李旭平,2017-07-03 09:07:38,3,5,2,给1分是因为没0分 上课除了放洋屁就是放洋屁 中午考完四小时下午出分 给分低到令人大开眼界 预置上他的课真是倒霉死了
56219,285,李旭平,2017-07-03 09:20:33,3,6,3,一个知识很杂的老师，各种方言外语混着讲，听到最后一脸懵。不过，还是能学到很多东西的。论文要求很高，要求写很专业的东西——用语言学知识去分析语言现象，可我只是一个大一新生啊，哥哥!可能因为语言学还在发展吧，所以他自己很多东西也没定论，所以作为他的听众的我，就更加一脸茫然了。国际音标这些要考，都要靠自己课后去记忆。最后的考试一半靠看书(和PPT)，一半靠听课。上他的课，记得必须好好听课!不然就算不挂，绩点也不会好到哪里去!
56220,285,李旭平,2017-07-03 09:20:42,6,8,2,人间痛苦，每节课都到，认真做笔记，为了写论文我脑细胞都掉了，堪称最痛苦的论文，兢兢业业复习，认认真真答题结果给我这么低的分，are you kidding？
56229,285,李旭平,2017-07-03 09:46:42,8,11,3,怎么说呢，我差，但没这么差?
56231,285,李旭平,2017-07-03 09:49:44,17,38,21,中午12:30考完的闭卷考下午4点就能给成绩，还沾沾自喜，一副小人得志的样子？还是语言类的科目，我真的想问这种老师负责吗？他批试卷是瞎批的吗？问了周围同学的成绩没一个上3的，这样的老师完全不考虑正态分布 正态对他来说就是低分段一大摞，这样的老师就是把上一门课作为玩玩，学生也是过客跟他毫无关系。上课毫无逻辑毫无自己精准的想法 这样的青年老师如果是浙大师资未来的话，我只能说太失望了。
56243,285,李旭平,2017-07-03 10:15:10,7,9,2,谁选谁知道！炸了别后悔
56264,285,李旭平,2017-07-03 10:57:15,3,5,2,呵呵，有毒……
56296,285,李旭平,2017-07-03 12:20:25,7,11,4,感觉老师逻辑很差劲，讲到最后他自己也搞不清楚…如果不幸预置到他的课，还是认真听课认真复习吧。
56302,285,李旭平,2017-07-03 12:37:19,3,7,4,不是人文专业的学生只是喜欢人文去学这门课，结果给分真的烂到爆炸。几个小时就出分不知道有没有认真对待学生的试卷。呵呵了，完全消磨掉对人文的热情?
56336,285,李旭平,2017-07-03 13:54:16,7,12,5,浙大真的是一个很有包容性的学校了 能包容这样的老师 也能包容这样的老师眼中这么差劲的我 谢谢老师 让我知道 我到底有多差 谢谢您全家
56376,285,李旭平,2017-07-03 15:15:24,2,4,2,有毒。。。坑啊，为什么没有0分
56632,285,李旭平,2017-07-04 06:17:10,1,6,5,这个人没有情商，自以为是，虚头巴脑（瞧不起我们东北人还他妈的假仁假义），如果不让我骂脏话的话，我真的无话可说…
56941,285,李旭平,2017-07-05 04:15:59,2,5,3,无聊，自大，失去热情…
57292,285,李旭平,2017-07-06 12:02:23,2,5,3,额，作为一个来拿个性的其他专业的同学来说真的好难过(✘_✘)
57778,285,李旭平,2017-07-15 11:54:31,1,2,1,毁我青春
57779,285,李旭平,2017-07-15 12:19:43,1,3,2,总成绩62
58054,285,李旭平,2017-07-27 08:40:23,0,5,5,最差的课，最差的老师
59196,285,李旭平,2017-09-20 07:11:16,0,3,3,真的伤心\n\n
63260,285,李旭平,2017-11-29 14:33:32,4,9,5,强推，良心
64047,285,李旭平,2017-12-20 16:21:24,15,22,7,看到评论很生气，明明是这么优秀的老师，课堂有趣，他对语言学有自己的热爱，说你身边只有3的同学，那我告诉你我身边可都是上4的同学，请看看你上课付出了什么。
64647,285,李旭平,2017-12-26 02:21:17,1,5,4,......ok？\n\n......OK？\n\n......\n\n（自行感受）\n\n
64650,285,李旭平,2017-12-26 02:45:00,-2,4,6,"装 高手\n\n秀英语秀得好尴尬啊，“既然你都已经付出了，为什么不多付出extra twenty percent ""?\n\n“我还有three slide”没讲....\n\nemmmm……"
64776,285,李旭平,2017-12-27 06:01:58,0,4,4,千万别选
66860,285,李旭平,2018-01-19 07:46:03,-2,3,5,我就呵呵了
66952,285,李旭平,2018-01-19 12:16:51,8,15,7,一定要给老师正个名，之前的语言学基础我没上过，这学期他开设了现代汉语，我是第一次听他的课，之前看到评论我还很害怕，以为是个不会上课的老师。但是之后我就觉得被查老师坑了，老师上课很好，不光教书本上的，连一些前沿问题都会让我们了解 （之前上过语言学基础的同学也说李老师上课挺好，就是考试难），所以在他的课上只要你认真学就一定能学到不少。此外由于他以前是英语专业，之后学的是语言学，对课程中“汉字”这一块儿不太有钻研，所以他还自费五百元找了个古汉语专业的来给我们上那一部分。再说说考试，这次最担心的就是这一门课，复习了很久，怕这个“绩杀”老师会出很细节很偏的题目，然而到了考试那天，考试题目很正常，完全都是上课讲过的甚至可以说是暗示过的题，但是如果你没来上课，光是复习书本那就有点困难了，因为好几个题目都是他自己当时在课堂上举得例子。有好几个平时都来上课的同学都能提前交卷。总之，只要你平时好好去上课了，考试肯定没问题。对了，他没有特意点过名，但是可能是因为人少，所以他能记下所有人，他知道谁谁没来。
68063,285,李旭平,2018-01-22 14:28:22,1,2,1,专业课耗时最多 绩点最低 没救了
68377,285,李旭平,2018-01-23 05:32:07,0,4,4,喜欢讲课外的东西。比较随性。不能靠期末恶补的那种。但考试考的真的几乎就是课上讲过的题。平时听课的话拿分不难
74739,285,李旭平,2018-03-05 10:45:26,-4,3,7,滚：）
76476,285,李旭平,2018-04-10 14:38:54,3,8,5,老师人很好，对语言学也是真有研究。一些评论太过苛刻，一个有丰富留学经历又主要接触英文文献的人掺杂英文不是很正常吗？人家搞形式的怎么会成了逻辑很混乱？
80839,285,李旭平,2018-07-02 08:27:50,1,6,5,人家老师的水平不知道高到哪里去了，学不懂就自己努力，naive
90439,285,李旭平,2018-11-23 13:14:50,17,21,4,无法理解为什么在查老师上会有这样子不公平的言论。李老师是我本科遇到的非常非常非常非常好的一位良师益友！大一上的就是李老师的语言学基础，creative完全就是用来形容老师的，老师没有给出确切答案因为确实学术需要存疑啊，老师英语好难道是错吗？这门课让我对语言研究产生了极大的兴趣和探索的欲望。唯绩点论的朋友以及没有付出就想有满绩的朋友还是算了吧，希望拉下来看看言真意切的评论。替老师难过。
93744,285,李旭平,2019-01-12 14:05:40,24,29,5,还是想说几句，首先老师的学术水平一定是很强的，我印象深刻的是，他说，不喜欢助词这种笼统的概括，不要归结为中西思维的差异。在这方面我受启发很大，做学问不是应该要不断追问吗？我是比较喜欢学术的，所以觉得应该学自己喜欢的东西，所以才想转进古典文献学。老师把他认真的思考，学界争论的东西带到教学里，是一种负责任的表现。要习惯没有固定答案。至于夹带英文之类，不过是老师的上课风格的个人喜好问题而已，我就挺喜欢。
94379,285,李旭平,2019-01-16 09:05:10,9,14,5,我要帮李旭平上4！！！\n\n讲道理，课程略枯燥，拓展性很强。上课不照书，切记作好笔记，考试复习笔记为主，考的都是他上课讲过的，范围也很小。以为自己要挂了，氮素哈哈哈哈哈哈\n\n
94388,285,李旭平,2019-01-16 09:32:28,19,23,4,简单说，李旭平老师的课程是，能积极参加讨论，能学到很多东西。老师的确喜欢带来学术性的东西来讨论。然后，问大家的方言，比较现代汉语的语法体系跟方言的语法体系，能深度了解语法。跟老师一起交流，很好玩。还有，考试范围也除了老师讲的以外没出现其他的。其实，教材内容以外讲的也挺有意思。虽然，有时候老师给我们的答案是模糊，但是他还是认真回答我们问题。总评就是好！
94389,285,李旭平,2019-01-16 09:36:54,7,14,7,老师的课真的非常好哇！！！\n\n老师会讲很多课外的小知识，真的收获了好多哇！！！而且老师人也非常好，给的成绩也很棒！！！！非常愉快的一节课了?
94391,285,李旭平,2019-01-16 09:38:31,2,4,2,老师很亲切，上课讨论氛围真的很好。不照本宣科，插入了很多语言学前沿的知识，认真听课记笔记真的能学到很多。这门课唤醒了我对语言学的爱噫呜呜噫。出分真的神速，给分真的很好【我以为我能满绩的！哼
94394,285,李旭平,2019-01-16 09:45:44,7,12,5,之前评论里有一些说的确实没错，老师上课确实中文英文一起讲，确实是上午考下午出分，有的时候讲讲确实会宕开一笔讲一些别的内容，可是这不影响平平是一个好老师啊！！！\n\n现代汉语每个老师都有自己的侧重点，平平对每一个知识点切入的都比较深，而且会告诉我们一些最新的研究方向。上课的时候大家会就自己的方言中的一些特点进行讨论，听进去课的话真的很有意思而且不会走神。\n\n最后，根据考后对各个老师试卷的对比，平平的试卷真的很良心了，只要你笔记认真记，基本上都是上课讲过的内容，好好复习，下一个满绩就是你！
94395,285,李旭平,2019-01-16 09:52:45,11,13,2,感谢李老师上4的绩点!哈哈\n\n李老师上的现汉课比其它老师上的范围小，但会特别延伸，注重为什么而是不是什么的死记硬背。真得感觉自己学到了很多，幸运!\n\n上课与方言相结合，启发我们写出与家乡方言有关的原创论文也是超赞滴\n\n讲实话，上课累，付出心血多，但感动有回报~\n\n李老师名言“这个问题是没有答案的啦!”\n\n“期末考试，你们再怎么复习也考不好的。”\n\n最后，笔芯给严肃可爱的旭平叔叔? \n\n
104265,285,李旭平,2019-03-15 09:25:00,5,7,2,老师学术水平很高，很有自己的想法，上课不照本宣科，讲课内容有难度但干货满满。对于喜欢方言的同学，李老师的课真的是超级福利，在课上大家会有很多交流各自方言的机会，老师也会从学术角度让大家更深刻地了解自己的家乡话和其他地方的方言。
105389,285,李旭平,2019-04-11 08:20:44,8,11,3,没别的，不想让老师继续这么低分。平平是一个好老师，我感觉他有时会流露出自己好好教但是学生拼命打低分内心的失落，帮帮他上分嘻嘻
108025,285,李旭平,2019-05-13 06:28:32,13,18,5,只能说看到有些同学的言论很失望，李老师早上五点起，晚上九点就睡，是一个超级自律的人，所以他几个小时改完试卷完全不需要怀疑，他是工作狂。至于讲的东西没有答案，这就是现实，如果你想所有的问题都得到答案，麻烦你再去重新上高中吧，保证所以题都有答案。语言学有很多学术术语都是英语中来的。所以，中英文夹杂没有办法，习惯了可能一些简单的口语词也说英文。他确实不会正态分布，因为诚实，你只拿到这么多分，就是这么多，多给一分都是对其他人的不公平。
110303,285,李旭平,2019-06-25 12:16:17,4,5,1,不开心
120529,285,李旭平,2020-01-12 23:03:22,2,3,1,老师教的也很好，风格也很有趣。
122086,285,李旭平,2020-02-12 12:38:51,5,6,1,李老师把这门课上成了理科（当然我也是理工科来选个性课的）。强烈建议老师开一门通识课，推荐给理工科的同学，讨论会很有趣。和所有上课跳出书本放飞自我的老师一样，对学科有自己的理解，水平高，评价两极分化。如果认真上好好讨论，收获和分数都不错，如果打算水的话，退课吧。
123278,285,李旭平,2020-05-28 10:45:47,6,8,2,看了首页的评论还以为搜错老师了，李老师人很nice啊，上课也挺好，给分也不错。\n\n帮老师上分！！
123279,285,李旭平,2020-05-28 10:47:02,5,6,1,听李老师的课简直是一种享受，能感觉到老师对于语言学的热爱和对学术的热情。很多语言学现象在学界也没有定论，所以课程上的一些讨论对于考试来讲可能不是很应试，不过可以学到不少以往没有意识到的语言学现象，很有意思。老师英文也很地道，英文授课非常流畅，同时可以更直观的感受到中英文语言差异。感谢老师！
131905,285,李旭平,2021-01-29 09:48:07,1,2,1,李老师认真负责，对很多问题有自己的思考，很喜欢
135745,285,李旭平,2021-05-23 04:34:09,-8,6,14,浙大教师各个指标的下限
136396,285,李旭平,2021-06-17 10:46:31,1,2,1,为班主任提分
139802,285,李旭平,2021-07-28 03:36:06,0,1,1,很和蔼
145437,285,李旭平,2021-12-29 14:11:40,-2,10,12,绝对是目前本科遇到的最好的老师。查老师上分低的原因只是给分求是，现在还没有考试但无论怎么样我都给李老师满分。李老师的学术能力毋庸置疑，吴语方言研究在圈内都是有名的（因为论文写的是吴语方面，浏览文献的时候都能看到李老师和复旦的陈、陶等的互动和交流），他对你的方言的掌握甚至比你自己还清楚！上课体验也非常好，老师对自己研究的语法部分非常有信心，顺手拈来。至于说自以为是的，李老师对于不怎么熟悉的文字部分也是请专业的古文字学方向的研究生做的ppt，词汇部分用的ppt也是他清华的朋友提供的。上课会争取认识每一个同学，课后也在课程群积极交流，对语言学有任何问题的大可私信里问他，老师也非常愿意与你交流。如果我心在语言学，李老师绝对是最佳选择——年轻有活力、学高可为师，行正堪为范，永远在接触前沿的理论和知识。一开始不喜欢学语言学，后来在课上逐渐发现其妙处，你怎么对待现代汉语，现代汉语就会怎么对待你。
145903,285,李旭平,2022-01-04 05:19:42,9,11,2,非常好的老师！学识渊博，很用心地上课！
145904,285,李旭平,2022-01-04 05:22:12,14,17,3,虽然我很菜估计分很低，但是不管怎么样老师都值得十分！非常认真上课的老师，用问题和学生互动、启发学生思考，课堂氛围超级好！（but我只能在旁边悄悄看大佬发言）总结一下分这么低的原因：老师之前绩杀而且上课比较难。确实上课比较难内容比较乱，但是如果可以跟上老师的思路真的会收获很多很多！而且老师真的好可爱！
145905,285,李旭平,2022-01-04 05:22:22,7,10,3,因为上了xp老师的课喜欢上语言学，也喜欢上吴语方言研究，有了努力保研的动力！！！shopping哥真的是个好老师，我来浙大遇到的最好的老师，希望可以成为shopping的研究生！！！
145914,285,李旭平,2022-01-04 10:05:33,2,3,1,老实说我很喜欢他，他是一个很厉害而且有趣的老师，他总在鼓励我们不要用语感学语言学，“测试”很重要，这是我第一次打开老师的査老师评论，上了这一个学期我真的没有感受到他的不好，有的时候他会不一致，但可能这也是语言学的魅力所在，真的没有标准答案
147125,285,李旭平,2022-01-09 00:00:51,5,6,1,老师人挺好的 就是给分确实求是…
147192,285,李旭平,2022-01-09 05:03:18,3,6,3,很离谱\n\n出分后才在群里大摇大摆地告诉我们成绩从考试论文6:4变成了8:2\n\n讲课也是不知所云\n\n自大
147193,285,李旭平,2022-01-09 05:05:07,0,0,0,，，，
147704,285,李旭平,2022-01-10 13:43:02,2,4,2,就是说，快跑
149186,285,李旭平,2022-01-14 16:12:11,1,1,0,老师学识丰富，适合真正热爱语言学的同学。但是如果只是为了绩点，还是要再考虑考虑了…给分真的…
150507,285,李旭平,2022-01-27 17:45:49,3,3,0,The Chinese Language难度有点高，而且给分确实求是
150589,285,李旭平,2022-01-31 13:07:49,6,6,0,看上去老好人 实际上就是绩杀 真是被恶心到了
151663,285,李旭平,2022-03-10 17:27:58,3,3,0,吐了吐了
166073,285,李旭平,2023-01-11 04:37:14,0,0,0,总体不错的 选的是现代汉语 期中考考一半期末一半挺人性化的 挺注重拓展知识 但是感觉水平有点点不够？存在讲不清楚一个问题的问题 总体喜欢
166926,285,李旭平,2023-01-14 08:47:06,0,2,2,关于现代汉语。不知道老师是否按卷面给分是否不调分，但只要考试前认真看书、笔记和ppt成绩不会差的。本人外专业但考试之前好好复习了，最后也有4.5。
166997,285,李旭平,2023-01-14 13:42:45,2,2,0,秋冬学期上完了，老师曾经在第一节课说这是老师最后一次上现代汉语了，之后就去上国际化了，查老师什么的老师都不care了，所以现在的评价也对学弟学妹没有什么参考价值了。但是还是想来说一点感想，总体而言，课堂优点是可以非常明显感觉到老师学术水平非常高，对一些学术前沿的讨论观点很感兴趣，最大的特点是经常使用中英文进行思维对比（所以确实感觉老师更适合上国际化课程），同时会要求大家讨论互动。缺点就是感觉这些内容可能对老师来说太简单太无聊了，所以可能也没怎么充分准备过，越往后面上课越乱越散，就是想讲什么讲什么的，逻辑上是没有大参考价值的，不过总算一些问题讨论上是可以学到东西的，考试也就是考这些问题。个人是好好准备了，最后还是背书，还非常痛苦，但最终也拿到了匹配的分数，比想象中的真是好太多了。
174142,285,李旭平,2023-06-06 14:23:50,4,7,3,为shopping老师打call!!!壹百昏！壹百昏!!!
174705,285,李旭平,2023-06-16 04:23:37,4,7,3,为shopping老师打call!!!壹百昏！壹百昏!!!!!
179412,285,李旭平,2023-09-15 01:31:09,0,3,3,去年上的李老师的现代汉语，并不完全按照教材来讲，会提出很多自己的创见，对于语言学的学习很有启发。老师最后把考核方式拆成期中和期末考也减轻了大家的复习压力，总体来说是很不错的老师，最后的卷子难度也不大，复习一下满了。
187541,285,李旭平,2024-01-16 13:25:20,1,2,1,选修课，总觉得老师上的有点痛苦也有点敷衍，似乎略瞧不上我们这些普通学生
189760,285,李旭平,2024-01-28 12:11:46,1,2,1,老师很清高，这没什么问题，但是上课水平就很一般。而且还觉得学生上课不抬头是学生不好学，功利，有没有可能是老师讲课缺乏技巧，本来内容挺有趣的。。
189992,285,李旭平,2024-02-07 03:08:30,-2,0,2,给分莫名其妙，也不给个评分细则，上课催眠一样，服了
204074,285,李旭平,2024-11-23 15:25:09,0,0,0,🤔🫢🫨
211540,285,李旭平,2025-01-12 01:40:47,-1,0,1,人有点难评，给分还算正常
211966,285,李旭平,2025-01-13 02:59:55,1,1,0,老师人很好不知道为什么查老师分那么低，老师人挺好的也非常愿意和学生交流。上的语言与社会的国际化，虽然是全英文上课但是有些难以理解的地方老师会用中文再解释一遍。老师真的很认真，讲的东西很丰富让我很有启发，上完老师的课决定往语言学方向深造了。语言与社会给分很好，大家可以冲！！！
101178,316,严建强,2019-01-28 01:16:08,3,5,2,老师上课讲的很有意思
130431,316,严建强,2021-01-22 09:25:36,5,7,2,很荣幸上了老师退休前的最后一节课！
133106,316,严建强,2021-02-08 08:47:11,0,1,1,很不错，可惜退休了
133536,316,严建强,2021-03-02 02:05:42,0,0,0,老师很厉害很有学问
10084,319,张凯,2015-11-15 14:04:21,43,58,15,好好好
12096,319,张凯,2015-12-21 23:22:56,25,32,7,一点都不水，赞！
14617,319,张凯,2016-01-08 03:16:46,12,18,6,老师的课一点儿都不水，真的能学到很多东西。有的时候不经意间能听到很多值得思考的话语( •̀∀•́ )
14957,319,张凯,2016-01-11 09:04:51,-13,7,20,给分不咋的
17432,319,张凯,2016-01-20 07:56:14,3,7,4,对于近代中国有了更深的了解~学到挺多东西的~平时会签到，最后一节课突然有人建议他点名…没来的人就被正态分布啦…
24284,319,张凯,2016-04-29 05:36:54,2,17,15,老师的通识课一开始听不懂，后来坚持下来，尽管有点晕，但是的确学了好多东西，满满的收获，建议大家好好听课，不懂也要坚持……
24333,319,张凯,2016-04-29 13:35:30,1,3,2,超级棒超级有思想！
24936,319,张凯,2016-05-04 11:17:30,1,3,2,很有思想，喜欢
25043,319,张凯,2016-05-05 03:03:21,9,16,7,读书报告一定要有自己的思想，最好不要用知网这类的，给分一定不差。然后平时也要去签到。老师讲课很好，看得出来读了很多书，有自己的套路。
25494,319,张凯,2016-05-23 12:38:34,3,4,1,上课真的有收获
25991,319,张凯,2016-06-15 02:44:03,3,9,6,老师真的很好，感觉会是未来的大师。很有自己的想法，对同学也很不错～还想上老师其他的课  建议不要翘 每节课都能学到东西 而且会有签到哦
27416,319,张凯,2016-06-26 03:13:15,2,4,2,上课好多东西听不懂，并不是讲的不好，而是自己知识太匮乏
27438,319,张凯,2016-06-26 09:00:22,3,6,3,读书报告自己写，分数不会低。签到也要去。听不听老师的课取决于你想不想听，老师的水平是很高的。
30626,319,张凯,2016-07-02 05:50:51,1,5,4,很有深度，提出的见解根本想不到，把通识上出了专业课的感觉，说话时咳嗽的声音好性感吖
30928,319,张凯,2016-07-03 03:07:47,1,3,2,好老师 很有想法 虽然有的东西 听不懂
30929,319,张凯,2016-07-03 03:14:07,1,2,1,好老师，有思想
30955,319,张凯,2016-07-03 04:24:03,0,2,2,读一本书，读书报告用心写，给分很好的。
30982,319,张凯,2016-07-03 05:42:51,1,5,4,我不知道那些说老师给分不好的是不是读书报告认真写了，平时作业写出了自己的观点？反正我觉得只要认真写了，给分还是不错的，老师讲的确实有深度，不过还行…就是语速快了点，还有缺乏和学生之间的互动吧\n\n
30983,319,张凯,2016-07-03 05:44:46,0,2,2,讲得有深度，给分也好
31588,319,张凯,2016-07-04 07:44:39,0,2,2,老师讲得很好，给分也好
31589,319,张凯,2016-07-04 07:39:06,1,3,2,老师讲得很好，给分也好
34565,319,张凯,2016-10-13 18:02:48,1,7,6,吾爱吾师?
39403,319,张凯,2016-12-22 12:59:51,0,2,2,好老师，讲课认真，能学到很多东西
47551,319,张凯,2017-01-30 16:11:56,4,5,1,张凯真的是好老师 两门专业课放在大四上真的对凯凯很不公平
50434,319,张凯,2017-05-12 01:00:15,0,4,4,很好哦\n\n
50453,319,张凯,2017-05-03 03:16:07,-1,2,3,好老师！！
50540,319,张凯,2017-05-03 10:35:17,3,8,5,超级棒！这学期上了张凯老师两门课。专业课很有激情，通识课也很负责，居然还给紫金港来的同学发校车票？？
52483,319,张凯,2017-06-20 11:30:26,23,27,4,抛开成绩来说吧，毕竟还没出成绩。上张凯老师的课，我最大的收获就是浙大的“求是”校训不仅是口号而已，浙大校歌中的“大不自多，海纳江河”听起来不仅仅是好听而已。上他的大学与现代中国课，我想我离浙大，又近了一点。
52795,319,张凯,2017-06-23 02:56:47,2,2,0,给紫金港来的同学发校车票啊
56084,319,张凯,2017-07-03 04:43:05,1,2,1,上的走向世界的近代中国 讲道理第一节课没太懂在讲什么 后来还是比较通俗易懂的 考试周赶project的时候都也会停下来听听课 还是很有自己的见解的老师 分析的也很客观 最后?点4.5 可以说是我人文类通识课最好的分了（前一节没课的话去西溪还可以去门口的麦当劳吃一顿（雾 而且老师也不点名 到时签到就行 迟到什么的也是无所谓的
56211,319,张凯,2017-07-03 09:06:47,0,0,0,男神，没了\n\n
56339,319,张凯,2017-07-03 14:09:13,0,2,2,老师知识超级渊博的
56370,319,张凯,2017-07-03 15:06:38,0,1,1,老师是一位学者，但上课却很有趣，为人也挺好。
56498,319,张凯,2017-07-04 02:00:08,0,0,0,知识很渊博，挺有意思的\n\n
57468,319,张凯,2017-07-08 08:25:36,1,1,0,老师的历史讲的很引人入胜啊\n\n讲中国又不限于中国，还给我们看了明成皇后？?非常有自己的见解与体系。通识课只要交一篇读后感➕日常签到，给分也不差，推荐
59092,319,张凯,2017-09-19 11:52:23,1,1,0,很有深度
61279,319,张凯,2017-11-13 11:17:04,1,3,2,有幸修了老师开的大学与现代中国，真的非常有收获！
64688,319,张凯,2017-12-26 10:37:25,2,5,3,炒鸡棒的一个老师，课很有深度，会给学生很多机会来讨论，最好的是期末考评不用复习，不用复习，不用复习！
71189,319,张凯,2018-01-28 06:19:27,0,1,1,满分男神，讲的很棒，
71202,319,张凯,2018-01-28 06:34:30,3,4,1,老师的大学与现代中国干货很多，老师很男神超级负责，但是是以S类课的形式上的，认真学有点压力，但最后给分不错，也算是回报吧
71225,319,张凯,2018-01-28 07:22:02,0,0,0,老师真的超好，讲课不水。给分也超好。目前最喜欢的老师
71326,319,张凯,2018-01-28 09:50:39,0,0,0,老师给分很好 讲课干货很多
74848,319,张凯,2018-03-06 06:02:56,0,0,0,老师...很好，想水也能过，但是还是能够学到好多东西，特别是老师推荐的书都特别好，能够学到很多，就是有时候书特别多，看不完(ಥ_ಥ)
75207,319,张凯,2018-03-08 03:52:12,1,1,0,老师声音和长相都好像我的一个朋友
77524,319,张凯,2018-05-06 08:44:15,1,2,1,上课前几堂内容无趣 论文极多 建议不要选
77548,319,张凯,2018-05-06 11:27:30,0,2,2,走向世界的近代中国。一个小组作业，最后一节课一个小测验，每节课会有签到。挺轻松的了，最后4.5～
77550,319,张凯,2018-05-06 11:45:09,6,6,0,虽然不知道为什么最后3.0\n\n但老师讲的真的好 非常热心真诚的人\n\n推荐选?
77620,319,张凯,2018-05-07 02:54:45,1,2,1,3.3嘤嘤嘤
81888,319,张凯,2018-07-06 11:56:08,5,6,1,分还没出，先打一个十分。超级喜欢老师讲课！是非常有深度，能引起思考的课。上了大学与现代中国，才算是知道了怎么写论文，从整理资料到成篇，其实是非常有成就感的一个过程。特别是老师超级负责，会指引你选话题，指引你找材料，能学到很多东西的课
83747,319,张凯,2018-07-11 06:52:44,0,2,2,上的大学与现代中国，老师和助教态度都非常好非常负责，只要好好努力 给分挺不错的，推荐
83837,319,张凯,2018-07-11 09:45:06,0,2,2,满分，虽然是理工男上课有点没听懂，但是每周的看文献，听老师讲得课还是让我学到了很多。最后的给分也很好。应该是一分努力一分收获吧
84368,319,张凯,2018-07-12 15:57:15,-5,1,6,事多慎选
116420,319,张凯,2019-09-10 06:39:48,1,2,1,人都没来，水到沉船
116439,319,张凯,2019-09-10 13:10:10,5,11,6,慎选，姜正飞警告
116834,319,张凯,2019-09-16 09:51:15,5,5,0,张老师人真的超级超级超级无敌奈斯ヾ(❀╹◡╹)ﾉ~给了我好厚的校车票，玉泉人民感动哭了~>_<~
119408,319,张凯,2019-11-12 18:40:54,0,1,1,\n\n我出不了国了
119488,319,张凯,2019-11-13 04:50:21,1,1,0,老师也太棒了。讲课内容丰富，很有自己的想法，平时也挺轻松。可惜这学期周一的课被冲掉太多
123625,319,张凯,2020-06-10 14:05:22,3,3,0,有学识讲干货的老师，但我听不懂
123880,319,张凯,2020-06-15 17:22:18,1,1,0,有情怀的老师
124500,319,张凯,2020-07-02 04:55:16,3,5,2,大学与文化传承。通核事不少，但这课上的论文是我第一次真正自己找原始资料然后写成的，老师和助教会提供查找方法，最后看到成品还是挺有成就感的。
124680,319,张凯,2020-07-06 04:46:23,4,5,1,中国近现代学术思想史：我选来当个性的，老师上课内容非常好，富有人格魅力，自主选择要完成的作业和任务，要及时和老师沟通交流作业怎么做，最终绩点也不错，经院学生有4.5，挺满意的了。
129846,319,张凯,2021-01-13 03:39:42,1,1,0,超级喜欢凯凯老师，我心中的超级偶像啊，天，年纪轻轻，见解独到，上课内容很丰富，深入简出，不只教书育人，更因热爱，超级喜欢他，他好像将学术研究都变得简单了
132940,319,张凯,2021-02-05 07:53:27,0,0,0,好好好
134969,319,张凯,2021-04-25 11:36:04,2,2,0,老师真的很棒，上课信息量很大，你会觉得他在用他的史学体系与你对冲，真的能长很多见识！而且老师上课还会认真听我们发言，真的喜欢这样的老师。
138510,319,张凯,2021-07-09 15:09:43,-1,8,9,给分一点也不好，别选！看他平均给分3.86，我当初居然敢选😅
139242,319,张凯,2021-07-13 16:24:17,5,6,1,（大学与文化传承）emmm怎么说，老师人真的超好，超可爱。平时事情在通核里面算少的了，但是给分真的一般般，只能说慎选。
140175,319,张凯,2021-09-02 11:08:54,3,3,0,桃李不言，下自成蹊。
144622,319,张凯,2021-12-23 01:02:10,2,2,0,非常好
147026,319,张凯,2022-01-08 12:56:17,0,4,4,呵呵，就点了一次名，我还没去。
148558,319,张凯,2022-01-13 01:18:36,5,5,0,老师人很好，上了三节课，点了一次名，还是因为他说，按时来上课真的是值得夸奖的，真的好好，很懂我没得心思，因为不想别人没来上课，最后只是努力了两天，考的就好了，老师很有自己的思想，讲课通俗易懂，但又很有道理，印象最深的是老师对躺平的看法，真的很好，让我大学不必要的焦虑得到了很好的缓解，真的超级喜欢老师！！！
149715,319,张凯,2022-01-16 14:09:55,3,3,0,课程：世界文明史\n\n打分：10/10\n\n优点：老师讲课真得好，我能听进去；但感觉讲得更偏形而上学方法论；下课去找老师答疑也会很认真、很快地回复，超棒！\n\n缺点：期末考试给题目不如隔壁罗帅老师清楚（狗头），好吧其实已经很好了，PPT的模块很精简，分类很清楚。
150902,319,张凯,2022-02-21 02:35:44,0,0,0,很喜欢，很博学，世界文明史的中国近代史，原本以为这一块很无聊，但是他讲得非常好，完全超越了具体史实，而是从宏观上去讲述中国文化和中国特质，期末两周我放下别的事认真听，受益匪浅。是个很博学很有文人风骨的人。
155012,319,张凯,2022-06-07 12:13:03,0,0,0,好！！
155013,319,张凯,2022-06-07 12:14:44,0,0,0,上课很有意思，老师人也很好，两次课堂展示一次小组论文，感觉学到了很多
155061,319,张凯,2022-06-08 03:29:37,1,1,0,张老师yyds！很渊博很有涵养的老师！
156045,319,张凯,2022-06-17 08:19:28,1,1,0,好！！
157037,319,张凯,2022-06-21 16:39:45,1,1,0,🥹张老师真的很有涵养 给分也超级超级好
164307,319,张凯,2022-12-20 08:22:26,1,2,1,张老师人超级好，非常喜欢老师的课，老师也很体谅学生；来听讨论课也会和我们认真交流，提出一些非常中肯的意见，能学到很多；非常好非常好！！是半年前上的老师的课了，才想起来评分哈哈哈
166194,319,张凯,2023-01-11 11:35:35,1,2,1,凯哥真的我哭死，很有思想，人超级好说话，而且不主张考核学生，给分蛮好，但也不给高分，也没低分，超级爱他
167187,319,张凯,2023-01-15 05:05:47,3,3,0,特别好，有不仅是知识上的收获，真的是如沐春风
174601,319,张凯,2023-06-14 12:10:49,3,3,0,现在在上大学文化传承的最后一节课，老师确实很有君子之风，思想也很深刻，虽然还没出分，但是不重要了，这是我目前遇到最儒雅的老师了吧（ps：他上课前还带了哥面到来吃）
176672,319,张凯,2023-06-29 16:08:32,5,5,0,老师人太好了！！！上课认真听是能感到有趣和有用的，大学与文化传承对工科生来说也是非常友好的一门通核!平时任务较其他通核要轻松好多，给分也超好！考前会发资料，老师还确认过考的全是讲义上有的QAQ我哭死
176676,319,张凯,2023-06-29 16:31:07,3,4,1,老师很好，助教很好，认识了很好的同学。虽然老师一开始说自己不会给满绩但是最后还是满了。力荐！
176680,319,张凯,2023-06-29 16:39:44,4,4,0,老师很接地气，也讲的很好
184549,319,张凯,2023-12-21 14:47:40,4,4,0,点名提前通知，愿意倾听学生想法，好老师
198589,319,张凯,2024-09-10 05:52:17,4,11,7,作为教授和上课老师，10分，作为历史学院学科带头人，0分！在他的带领下浙大历史学科毫无起色，在浙大其他人文社科人才引进，学科评估几乎都取得进步（拿到A类）的情况下，历史学停滞不前！这一竺老时期浙大的优势学科现在沦为浙大最差的学科之一！难道不值得深刻反思吗？
207846,319,张凯,2024-12-24 12:52:12,2,2,0,上学到大二遇到的最亲近且敬佩的老师和助教，上课讲课生动有情怀有现实，工科生第一次学会查报刊看历史，犹记得他晚上八点讨论课来教室指导，手里还攥着一瓶咖啡，下了课回到寝室又看到他送的书签，我当时就想，这十分我给定了
209374,319,张凯,2025-01-05 17:46:15,3,3,0,大学与文化传承，很充实的课\n\n老师人很好，但是今年闭卷考，被背刺了。虽然题不算难，平时讨论课我也算是认真听，但考核的点还是需要时间记忆的，裸考会很难办。总之是让我四天六门的预习大业（考试周）雪上加霜
214099,319,张凯,2025-01-24 05:58:36,2,2,0,课程：中国史学史\n\n打分：8/10\n\n评价：史学史比较枯燥，个人更喜欢陈老师讲的上半部分，期末任务涉及海外中国学，挺麻烦的，给分一般。
214141,319,张凯,2025-01-25 08:40:49,0,0,0,大学与文化传承\n\n作为通核课事情还是不少的，平时啃文献做PPT真的很坐牢。然后今年考试改成闭卷了，时间安排得相当阴间，三天考五门非常痛苦，我只剩下一个下午的时间背PPT...但张老师人超好的，考试范围都提前说了，然后改得应该也很松，给分出乎意料的好。
221434,319,张凯,2025-06-23 11:42:02,0,0,0,给分特别好，点名会提前通知\n\n听老师上课可以学到很多知识\n\n讨论课主题也贴合实际很有意义\n\n助教老师很可爱！人超级好，要求专业严格的同时也并没有给我们太大压力，真的能学到一些人文学科看问题的视角
221436,319,张凯,2025-06-23 12:38:57,0,0,0,发言了六七次吧 还是被卡绩了
491,330,刘国柱,2015-03-15 03:14:33,32,47,15,人文男神！口音萌萌得，会记住每个学生，从不区别对待，上课也很实用搞笑，棒！\n\n
1046,330,刘国柱,2015-03-21 13:22:33,26,28,2,视传五大男神之一柱柱哥哥！！
2066,330,刘国柱,2015-03-31 08:17:08,10,11,1,每天都有新收获
2719,330,刘国柱,2015-05-06 04:06:48,5,6,1,可爱\n\n
3045,330,刘国柱,2015-05-13 06:50:03,5,6,1,很可爱！！！
4358,330,刘国柱,2015-06-19 12:08:01,3,5,2,很棒的老师！
22763,330,刘国柱,2016-03-18 00:15:14,2,9,7,本来应该很好听的课，听着他抑扬顿挫很奇怪的表述...就觉得很困…
35227,330,刘国柱,2017-02-27 10:48:25,5,10,5,历史系的差
36536,330,刘国柱,2016-11-14 17:40:57,2,3,1,dangdangdang
39261,330,刘国柱,2016-12-22 00:54:16,13,14,1,花样美男刘国柱ԅ(¯ㅂ¯ԅ)
47192,330,刘国柱,2017-01-24 11:19:49,2,8,6,课上课下，系里系外，态度转变之大如同变脸，我是说历史系的这位
47681,330,刘国柱,2017-02-17 02:08:30,20,23,3,老师人超级好！人很幽默又亲切和蔼，我是死缠烂打拜托老师让我上他的课的，他同意了！虽然当时名额满了，老师还不嫌麻烦地安排我上学期先修完，下学期让我免听。非常感谢老师啊！教的东西都是干货！学了ps ai后寒假里那个回访母校的总结册做起来得心应手（//▽//）今天终于肝完了特来瞎逼逼一番。课结束后还欢迎发邮件问问题骚扰？以后还会争取修老师的课的！简直男神！
48331,330,刘国柱,2017-03-02 07:18:56,15,16,1,干货满满！柱柱太良心！给我们列的书目每一个版本，译本，注解都有推荐，总之就是良心！上ps课讲的也很清楚！
50044,330,刘国柱,2017-04-29 00:15:27,6,7,1,柱柱真男神啊！干货满满，准备的资料都超级用心，真的能让人学到东西的老师。
50212,330,刘国柱,2017-05-01 08:30:46,9,10,1,柱柱男神！（不是历史系的那个）
50298,330,刘国柱,2017-05-02 08:16:07,6,8,2,超级喜欢听刘国柱上课啊。点名几率挺大的。
55592,330,刘国柱,2017-07-02 03:43:02,7,8,1,哇谢谢男神！！！上学期给签上惹 给分也好 超开心 巨开心！?
55861,330,刘国柱,2017-07-02 13:42:53,2,3,1,干货超多的课 作业也不多 给分也不错
56688,330,刘国柱,2017-07-04 09:16:04,3,4,1,老师感觉懂很多东西 上课很认真 真的可以学到很多 也是这学期蛮喜欢的老师 ❤️
75352,330,刘国柱,2018-03-09 05:52:57,7,8,1,视传男神，干货超级超级多，早上六点起来给孩子喂奶，? 真正的好男人哈哈哈哈哈哈，超级喜欢
77910,330,刘国柱,2018-05-08 13:02:48,2,4,2,会认真考虑学生学习体验的老师，有做责任之外对学生支持工作的热情，是看得见的辛苦，也是看得见的优秀，有师风！
80912,330,刘国柱,2018-07-02 15:53:03,2,4,2,只注重数据，不看表现
83526,330,刘国柱,2018-07-10 13:38:49,4,8,4,历史系的那位-是第一次想要在查老师上给一个老师打差评 对于非相关专业的学生总感觉有些歧视和偏见 本来就讲的不好还要推卸责任说自己也没学过自己身体不好 总有些莫名其妙的讨论课 作业也好好的写了 讨论课也好好准备了 没有缺过课 3.9 hh 再见了您
83534,330,刘国柱,2018-07-10 18:15:47,3,5,2,外交学 全班均绩3.2 看着办吧
83701,330,刘国柱,2018-07-11 04:35:35,12,14,2,历史系的那位：外交学上课作业布置稀奇古怪，格式要求讲不清楚还变来变去，经常cue韩国学生说的也不是什么好话。一言难尽
89391,330,刘国柱,2018-11-19 02:31:32,0,1,1,非常棒！！讲课很好！！
99766,330,刘国柱,2019-01-25 06:44:11,4,8,4,国际关系史本学期最好的课，不接受反驳。干货多，老师也会讲自己研究的东西，真的的学术型教师?
104245,330,刘国柱,2019-03-14 15:44:29,2,3,1,那个，教历史的和教计算机的是俩老师，视传刘国柱超硬核\n\n
104275,330,刘国柱,2019-03-15 13:20:18,0,1,1,虽然才上三节课！还是想评价一下，柱柱男神太可爱了5555555！！！
105775,330,刘国柱,2019-04-20 10:09:34,0,1,1,特别好
108348,330,刘国柱,2019-09-24 01:53:06,4,6,2,历史系水平最差之一的刘国柱老师难道到了公管学院还受到部分学生的喜欢了？（说的不是艺术系的哦）
108680,330,刘国柱,2019-05-31 06:05:26,2,2,0,超级可爱！特别负责！上课很认真也很清晰，干货很多，能有很多收获！(*☻-☻*)
113321,330,刘国柱,2019-07-06 06:01:56,4,6,2,噢，我爱他。
114014,330,刘国柱,2019-07-08 08:37:52,0,1,1,这老师太棒了
115681,330,刘国柱,2019-08-18 11:43:31,2,2,0,疯狂打call啊啊啊，有幸上到他的课，讲课真的很吸引人，人格魅力也十足，很有自己的想法，毫无悬念10分10分10分
115888,330,刘国柱,2019-08-23 09:59:30,2,3,1,人很死板
123094,330,刘国柱,2020-05-09 07:19:14,0,1,1,艺设男神
123155,330,刘国柱,2020-05-13 16:52:24,2,5,3,西方艺术历史与理论:90分以上40人，80-89分11人，70-79分2人，不及格1人\n\n
123231,330,刘国柱,2020-05-22 08:12:19,9,11,2,太棒啦！！！（尤其和shq一做对比）
123405,330,刘国柱,2020-06-08 08:34:33,0,1,1,巨细靡遗。
124160,330,刘国柱,2020-06-30 01:57:39,0,1,1,棒棒。
124688,330,刘国柱,2020-07-06 08:08:00,0,1,1,太棒啦！！
135645,330,刘国柱,2021-05-18 02:40:46,2,2,0,之前计辅给分还那么好，西方艺术历史与理论……老师你变身了？！
136806,330,刘国柱,2021-06-25 02:43:54,2,3,1,我太爱老师了，讲课好有趣🤫
138894,330,刘国柱,2021-07-11 15:04:03,9,10,1,刚出成绩了来评一下吧，喜提入学以来的专业课最低绩点，平心而论虽然没有投入百分之百的精力但是也很认真在学了，期末大作业做的也很用心，所以完全没有想到最后绩点会这么难看，我也没缺勤过，真的太难过了😫（本来以为这学期C4D会拖后腿结果最后成绩还挺好的，觉得没问题的计辅反而爆炸了……继续努力吧，刘老师还是很负责的😭
139362,330,刘国柱,2021-07-14 17:57:52,3,4,1,楼下的你不是一个人，学长我的动画也爆炸了， 承担了绝大多数工作的小组长分数88什么鬼😭
139390,330,刘国柱,2021-07-15 04:59:03,1,3,2,讲真，今年给分比往年低了很多，往年西方艺术史大多都能过90，今年很多停在了4.2。今年动画4.2也挺多的，而且不看小组分工表就随便给全组同一个分。他当时口口声声说分工表是给分的重要依据，我组有个视传的几乎不来上课，从头到尾找三首bgm，却和承担了近2/3动画制作的导演一个分。老师专业水平挺高，在意分数的话不推荐，想学东西可以考虑。\n\n\n\n今年shq给分比去年好很多，周围选他课的好多都上4.5了
139393,330,刘国柱,2021-07-15 04:20:16,1,5,4,国柱真的超棒啊，是我在学校里见过的最负责的老师了，认真学真的会学到很多有用的知识。
141315,330,刘国柱,2021-09-29 08:55:00,4,6,2,非常好的老师，他的PS课程是我在国内成套的PS课程中见到的最好的，这位老师善于从原理上切入，传授根本的方法论，抓住事物的本质并进行系统性的知识整理，这在教学中非常可贵。
144919,330,刘国柱,2021-12-26 02:37:15,1,2,1,好好好好好
154763,330,刘国柱,2022-06-04 17:18:11,6,7,1,艺术考古学院的刘国柱老师，是我读了二十多年书遇到的最最最靠谱的一个老师！！！事事有回音，学生的提问他都会给出靠谱答案，遇到他是我的福气🥹
155032,330,刘国柱,2022-06-07 15:35:19,0,1,1,挺好的老师
155249,330,刘国柱,2022-06-09 21:03:24,1,2,1,老师上课很棒，干货很多，只是我不明白为什么我只有三页的宣传册要有1500字
155252,330,刘国柱,2022-06-10 00:52:20,1,3,2,大学里遇到的最好的老师了！讲课很认真，对学生也特别好，特别认真负责。课程内容干货很多，真的能学到很多东西，超级好好好好好好好！
155286,330,刘国柱,2022-06-10 07:58:55,0,2,2,"怎么办，有点想低分保护，不然以后我选不上课怎么办（doge）\n\n总之老师真的很负责，很干货，有很多很好的思考，而且上课也非常有趣，整堂课下来一点也不无聊٩(๑>◡<๑)۶真的强推 ヾ(๑╹◡╹)ﾉ"""
156595,330,刘国柱,2022-06-20 11:10:01,3,4,1,老师讲课很有趣，内容很丰富，尤其是思想方面特别有趣，虽然还不知道我的分是多少（笑哭），但我觉得老师真的不错
157958,330,刘国柱,2022-06-25 21:10:55,5,6,1,来浙大设计系不选国柱的课，就像是读四大名著不读红楼梦，只能渡过一个相对失败的人生
158969,330,刘国柱,2022-07-04 04:39:39,2,3,1,刘老师的课干货多，作业有明确的评分标准，绝对的好老师
159103,330,刘国柱,2022-07-06 08:18:54,-3,1,4,。。。
170367,330,刘国柱,2023-03-03 07:37:08,4,4,0,老师别走😭😭😭😭
359,332,林晓光,2015-03-15 01:23:55,31,35,4,干货很多，上课逗比。作为一门大类课内容不是很深，但他给我提供了文学的不同视野和方向。
599,332,林晓光,2015-03-15 06:29:02,13,15,2,最爱晓光!上课很有趣，就是课外阅读比较多～
3169,332,林晓光,2015-05-18 13:28:30,17,24,7,超级棒，老师学术造诣高，能将学术前沿深入浅出地讲出来，另外我是满绩
5106,332,林晓光,2015-07-04 07:21:46,5,6,1,上课很不错，男神，超喜欢。
5253,332,林晓光,2015-07-06 04:55:55,13,14,1,很可爱 上课蹦蹦跳跳的
6095,332,林晓光,2015-07-11 00:49:53,3,8,5,考试还是可怕的
6348,332,林晓光,2015-07-13 06:18:29,4,7,3,超好的老师！
12769,332,林晓光,2015-12-24 03:34:08,3,7,4,老师上课有趣，课后阅读量较多。\n\n\n\n
12783,332,林晓光,2015-12-24 04:17:33,8,10,2,林老师上专业课强调原典的阅读，收获巨大。
12956,332,林晓光,2015-12-24 11:26:25,-31,7,38,总是宣讲一些误导学生的政治观点，呵呵
12986,332,林晓光,2015-12-24 12:37:06,10,10,0,晓光超萌，讲课棒，很负责，真的学到很多，男神
14602,332,林晓光,2016-01-08 02:30:23,5,5,0,老师超级萌
15751,332,林晓光,2016-01-16 08:25:59,6,6,0,男神啊
20387,332,林晓光,2016-01-27 10:47:57,-7,6,13,认真听，满绩也不是很难
23468,332,林晓光,2016-03-30 23:37:55,-12,7,19,声音很大还用扩音器，感觉很吵闹，头疼，喜欢安静的人肯定不适合。楚辞研究只能讲离骚挺无聊的
23829,332,林晓光,2016-04-18 09:39:49,9,9,0,有趣，能学到东西，难得遇到高于教材本身的老师。
25112,332,林晓光,2016-05-05 12:51:29,-15,4,19,听课觉得是挺好的老师，学生评分也很高，但是期末成绩外系普遍都只有60几这什么鬼？！看到绩点对这个老师印象整个就不好了，我们专业报他的课的都绩点1分2分，都拿外系正态的吗？报他的课请慎重。
25211,332,林晓光,2016-05-08 10:30:08,-16,5,21,上课从来不点名，平时成绩估计是从来不算的，我辛辛苦苦每节课都来上，才刚及格？这节课有2分诶？没有不及格的人的话，外国学生也是拿这点分的吗？期末我们考的题有外国学生20倍难了，要有见解要记这个记那个，他们就是胡扯也算分，还可以提前准备，太不公平了吧？
26023,332,林晓光,2016-06-15 06:15:37,6,6,0,男神，上课很逗
28557,332,林晓光,2016-06-28 10:15:06,6,6,0,真的很喜欢男神！
36574,332,林晓光,2016-11-15 02:57:15,1,2,1,超级棒的老师，讲课很有趣，深入浅出有条理，能把一整个体系都说得很清楚，提供的课外阅读帮助巨大。上了他的两门课，考试内容全部是课堂内容，认真听就是满绩
38387,332,林晓光,2016-12-01 14:46:54,7,7,0,男神呀！林桑的课上了还想上，根本停不下来
38396,332,林晓光,2016-12-02 02:55:25,2,2,0,萌萌哒
47381,332,林晓光,2017-01-25 15:40:10,4,4,0,怎么办，爱上晓光~认真严格，树立大文学史观，文学历史都有研究，兴趣广泛有生命力。而且，是人文学院里为数不多的有趣的老师~
50297,332,林晓光,2017-05-02 08:15:18,-5,1,6,给分很低
59595,332,林晓光,2017-09-24 11:30:34,4,4,0,上古代文学史I的时候不给ppt，让我们培养边记笔记边思考的习惯。上课很有趣，经常讲一些潮语hh，上课认真听能获得对文学史不一样的看待角度。讨论课每个星期都有任务且随机抽取小组成员上台展示，注重让我们看原著和不同时代、不同学者对原著的注疏和理解，在这个过程中形成自己的观点。一个学期下来真的能学到很多知识，更重要的是训练了一种学习方法和思考能力！
126717,332,林晓光,2020-10-15 03:07:24,8,8,0,能为我带来感动的课堂。久违的一语惊醒，久违的醍醐灌顶，久违的直抵内心。
126977,332,林晓光,2020-11-01 09:19:54,2,2,0,非常好的老师
129821,332,林晓光,2021-01-12 14:40:04,-11,1,12,老师人很好，但是上课几乎全是古书原文，考试不给任何提示，反正我是不喜欢这样的老师
130072,332,林晓光,2021-01-16 10:49:32,9,9,0,针对上一条最新评论：老师不给考试提示这点实在是高估我们了，能感觉到他对中文系的学生要求很高，考试前夕有（fei）点（chang）慌张。然后不知道这位同学说的上课都是古书原文这一点是不是也带有吐槽情绪，如果是的话，那我想反驳一下，这门课本来就叫古代文学史，窃以为这样做无可厚非，甚至很合理，而且老师即使没有逐字翻译也是绝对有把意思讲清楚的。因此，我是很愿意给林老师打10分的。
131456,332,林晓光,2021-01-27 14:35:59,9,10,1,上了林老师的名家名作，会捞人啊啊啊啊!捞到4.5了!上课真的好有趣，很有风趣的大儒风范(?)，干货满满!遇见就是幸运!快选快选!!!
131462,332,林晓光,2021-01-27 14:52:21,5,5,0,吹爆林晓光老师ʕ๑•ɷ•๑ʔ❀\n\n期中一篇读书报告，期末一篇读书心得\n\n讲课还好听又有深度\n\n现在非常后悔为了写读书心得翘课(;´༎ຶٹ༎ຶ`)\n\n希望学弟学妹们好好珍惜
132020,332,林晓光,2021-01-30 03:07:33,-1,0,1,好好好！
132134,332,林晓光,2021-01-30 12:30:55,2,2,0,不管看不看绩点 老师都很好！
132378,332,林晓光,2021-02-01 07:42:32,0,0,0,老师炒鸡棒，博学又可爱，很多观点对即将进入中文系专业学习的大一学生来说，是非常珍贵的启蒙！
160503,332,林晓光,2022-09-25 01:45:07,0,0,0,去了北大？
797,339,沈坚,2015-03-17 04:53:35,30,36,6,沈爷爷超好！\n\n
2145,339,沈坚,2015-04-02 13:59:03,16,19,3,听沈老师的课简直是种享受！
3307,339,沈坚,2015-05-30 02:51:49,8,10,2,非常好，让我很愿意集中注意力听！
3990,339,沈坚,2015-06-17 12:24:12,6,7,1,讲的很棒，而且准备非常充分
4157,339,沈坚,2015-06-18 02:34:12,8,9,1,明确 生动 深刻 视角独特 讲的是真正的历史
4475,339,沈坚,2015-06-23 11:23:20,-38,6,44,很没劲！一直在念ppt，讲的东西课本上都有，考试坑
4852,339,沈坚,2015-06-29 23:15:49,13,13,0,非常好的老师，讲课很好
4914,339,沈坚,2015-06-30 12:14:22,6,6,0,沈老师很幽默可爱
5999,339,沈坚,2015-07-10 07:14:56,6,6,0,棒！！！！！！
7203,339,沈坚,2015-09-10 21:48:11,21,22,1,讲得很生动，是我遇到最好的历史教授之一～
7814,339,沈坚,2015-09-15 13:52:40,-18,0,18,比较闷\n\n
8250,339,沈坚,2015-09-18 00:42:08,14,15,1,第一次在查老师评论！沈爷爷明明知识超渊博并且理论实践经验都丰富但是不会有卖弄的感觉，心中文科教授的典范！有责任感没架子的好老师！不要错过！
8538,339,沈坚,2015-10-13 07:40:23,6,6,0,博学，讲的好
9836,339,沈坚,2015-11-10 13:13:57,4,4,0,享受。
9965,339,沈坚,2015-11-13 09:24:47,2,2,0,能选上这门课真的很幸运，赞
11169,339,沈坚,2015-11-25 03:06:33,1,2,1,浙大难得的好老师
13235,339,沈坚,2015-12-25 11:00:51,2,2,0,非常好
13442,339,沈坚,2015-12-28 04:43:24,2,2,0,特别有趣
15283,339,沈坚,2016-01-13 09:22:01,3,3,0,沈老师讲课很生动，很有趣，上他的课是享受
17129,339,沈坚,2016-01-19 15:42:31,2,2,0,沈坚老师最好！
22416,339,沈坚,2016-03-04 18:11:01,6,6,0,老师上课生动有趣，在他的课上我从来没碰过手机
23522,339,沈坚,2016-04-04 09:39:35,11,12,1,老师博古通今，建筑学，绘画学，词汇学，雕塑鉴赏，全都信手拈来，更别提历史，人文，社会学的知识了！！！一直怀疑老师是不是会拉丁文，法语，希腊语，因为讲起语言来毫无压力！！而且特别低调，上节课读了一首罗马帝国时翻译过来的英文诗，标准英音，膜！
23598,339,沈坚,2016-04-08 07:58:32,5,5,0,第一次亲眼所见真正的人文学者。
31276,339,沈坚,2016-07-03 13:57:02,-9,0,9,千年老妖。
33587,339,沈坚,2016-09-20 07:29:20,0,0,0,特别棒，深入浅出吸引人\n\n我学计算机的\n\n特别喜欢西方文明史这节课\n\n尽管这是第一节
34315,339,沈坚,2016-12-21 17:20:52,0,0,0,好!!
34850,339,沈坚,2016-10-25 05:44:01,-6,1,7,呵呵呵
35313,339,沈坚,2016-11-08 07:05:19,5,5,0,心中的大学教授就是这样的
35317,339,沈坚,2016-11-08 07:51:15,6,8,2,沈老师超级棒啊啊啊啊啊!我一个理科生听的津津有味，而且老师会多国语言膜膜膜，可惜老师说他要退休了，这是他最后一次上西方文明史了qaq\n\n
35328,339,沈坚,2016-11-08 11:37:15,6,6,0,沈爷爷真的超级厉害 各个方面的知识都信手拈来（超级震惊 感觉无所不知）谈吐很有修养 很沉稳很平静 完全没有架子 平易近人 只是沈爷爷明年退休了 真的好难过???
35337,339,沈坚,2016-11-08 14:16:22,3,3,0,听得入迷都忘记写数学作业\n\n
35338,339,沈坚,2016-11-08 14:24:10,5,5,0,好棒啊，一个学识如此渊博的老师，一个如此温润幽默的老师，为最后一次课纪念，谢谢沈坚老师
35504,339,沈坚,2016-11-10 07:22:10,4,4,0,学识渊博，仪表堂堂，每次沈老师的课都像听故事一样，但又有很多干货，很有幸能在他教的最后一个班上课
35695,339,沈坚,2016-11-10 07:47:15,5,5,0,很喜欢沈老师，可以说是博古通今吧～还想再听他讲课，可是他就要退休了，很遗憾。
35953,339,沈坚,2016-11-10 09:05:43,0,0,0,棒棒棒
36327,339,沈坚,2016-11-12 01:50:23,1,2,1,沈老师上课真的很厉害，没有讲稿一口气讲下来，十分流畅清楚。最重要是沈老师超级儒雅
36620,339,沈坚,2016-11-15 06:01:12,0,0,0,超级棒，男神
37417,339,沈坚,2016-11-18 16:34:07,0,1,1,听沈老师讲课入迷到忘记玩手机……
37842,339,沈坚,2016-11-21 10:47:41,3,3,0,如坐春风。\n\n因为他，我没有退掉这门给分制度恐怖的课。老师说的内容非常详细，而且教授得非常好，讲过一遍你就无法忘记。\n\n学识渊博，外语非常好听，各种典故顺手拈来。\n\n至今因为翘掉他的两节课而非常后悔。
39676,339,沈坚,2016-12-27 02:56:15,1,1,0,很舒服，很有智慧的老师
40584,339,沈坚,2017-01-04 07:27:45,1,1,0,优秀的老师，认真负责。专业能力很强、人品很高。老师一直鼓励学生们自己的独特想法，让我这个工科生对历史有了很深的思考。\n\n
40620,339,沈坚,2017-01-04 10:20:35,0,1,1,真的很棒！！
45200,339,沈坚,2017-01-19 06:43:04,1,2,1,虽然绩点没上4，不过老师真讲挺有水平
45216,339,沈坚,2017-01-19 07:15:24,0,1,1,棒棒哒~上课好，给分好，出分快~
45701,339,沈坚,2017-01-20 03:02:57,0,0,0,沈老师课很棒
46888,339,沈坚,2017-01-22 16:54:53,0,0,0,超级喜欢的历史课！
48050,339,沈坚,2017-02-28 06:35:44,0,0,0,知识渊博，谦逊低调，对专业认真严谨，上过最好的历史课没有之一
48910,339,沈坚,2017-03-16 06:33:21,0,0,0,非常博学，讲课生动，学到的不仅是历史知识，更是历史思维，历史情怀
51868,339,沈坚,2017-06-13 03:41:11,3,3,0,老师讲希腊史一讲就是两三次课，搞得罗马史只能一笔带过……听猪脚哥哥说年年如此，觉得感觉老师萌萌哒。
52524,339,沈坚,2017-06-21 01:28:55,2,2,0,在沈爷爷退休前 上了最后一次西方文明史 真的是运气?
58717,339,沈坚,2017-09-15 12:57:16,2,2,0,非常非常喜欢的老师!低调，温文尔雅，渊博，淡定。真的是我在浙大除了吕强老师外最喜欢的教授了!是一个真正教会你何为大学的老师
64310,339,沈坚,2017-12-22 10:31:08,2,2,0,沈老师没有退休，沈老师还要工作到65岁，给沈老师打call!
65265,339,沈坚,2018-01-02 06:56:02,5,5,0,我们浙大百年学府，也是有文科的学校
70478,339,沈坚,2018-01-26 16:36:07,2,2,0,一般般
71773,339,沈坚,2018-01-29 02:58:01,4,4,0,与同级别教授相比，沈爷爷胜在其研究视角和研究思路的新，他深谙西学的研究理论，并把它吸收与嫁接过来，使得他对很多历史问题的看法视野更开阔，思路更宽广。学历史的同学一定要抓住最后几年的机会和沈爷爷多交流啊！
74411,339,沈坚,2018-02-20 01:40:38,-8,1,9,作为一个高考大省的文科生，好好完成平时作业好好复习了只有3.6很疑惑
93310,339,沈坚,2019-01-09 03:14:25,1,1,0,爱死了，上沈老师的课是我的人生巅峰了。
99298,339,沈坚,2019-01-24 14:23:37,0,0,0,老师一下让我不能直视求是大讲堂啦……上他的课，真的学到很多，是那种学者的博学严谨的风范啊
100388,339,沈坚,2019-01-26 04:38:49,0,0,0,10分；说一下沈老师和张弛老师文明史讲课的区别吧，沈老师讲的广博而有条理，张老师旁逸斜出而深邃独到
103943,339,沈坚,2019-03-07 16:36:52,7,7,0,只要沈老师在，浙大历史系就称得上是历史系。
121293,339,沈坚,2019-12-23 11:09:48,2,2,0,已迷上门口的老头
122472,339,沈坚,2020-02-29 03:39:20,1,1,0,永远爱沈老师！比张弛的课清晰有条理，张弛像是在上个性通识，沈老师是在课堂上做严肃的历史学问。给分还不错，很喜欢沈老师温柔的笑~
131085,339,沈坚,2021-01-26 01:29:20,5,5,0,“从明年起，这门世界文明史的课就全权交由张弛老师负责授课了。”何其幸运，赶上了沈爷爷的末班车！
131209,339,沈坚,2021-01-26 13:48:26,2,2,0,赶上沈爷爷的末班车！开心子\n\n和和张驰老师是完全不同的风格 当然张驰老师也超棒！但是沈爷爷似乎更符合我心中传统的老师形象 能把那些冗杂的历史梳理的服帖又有趣！\n\n沈爷爷就要退休啦 哈哈哈哈哈后边的学弟学妹你们没机会听他的课了✌(̿▀̿ ̿Ĺ̯̿̿▀̿ ̿)✌ 祝沈爷爷退休快乐！
142240,339,沈坚,2021-11-09 07:01:55,0,1,1,目前在浙大遇到的讲的最好的历史老师！讲课条理很清晰很有趣，老师人也很好，特别儒雅随和，很有气质！
32094,365,吴晓明,2016-07-05 15:13:50,7,22,15,人很好！
197966,365,吴晓明,2024-08-22 01:59:05,1,2,1,人生道路上的明灯，总是以温文尔雅的洞见给人以温暖的力量。
48068,368,郑霞,2017-02-28 09:29:22,0,1,1,讲课很专业，负责
55124,368,郑霞,2017-07-01 01:10:24,8,15,7,好好写论文，给分好
56026,368,郑霞,2017-07-03 02:56:20,-3,4,7,老师给分真心好
57359,368,郑霞,2017-08-28 10:11:41,-11,12,23,上课内容么自己不懂还说自己想和计算机的，明明试卷批错分数有问题强行解释，就是不肯改分数，垃圾老师，毁我青春
83694,368,郑霞,2018-07-11 04:10:50,2,5,3,老师人好，有什么事邮件联系都会很耐心的回复，给分也好
122681,368,郑霞,2020-03-18 06:11:05,2,4,2,作业多得把人逼疯的程度！！！
122695,368,郑霞,2020-03-20 03:56:20,2,5,3,乱七八糟的作业太多了，每周留一堆事情，而且没什么意义。讲课也没感觉有什么收获，啰啰嗦嗦，感觉整个课程的亮点就是助教讲ps的半个小时。写作业的时候我总会有“我为什么要浪费时间做这些事情”的感觉。一堆破事，毁我青春。绩点还没出，有选择余地的话还是别选了。 文化遗产数字化
122876,368,郑霞,2020-04-16 06:15:59,1,2,1,emmmm一个因为作业破事儿太多上了朵朵十大的老师
123220,368,郑霞,2020-05-21 03:33:01,1,3,2,一个因为作业又多又难、上课云里雾里而上了朵朵十大的老师，就问你怕不怕…………
123391,368,郑霞,2020-06-08 05:08:31,12,15,3,老师根据学生意见反馈去掉了大部分乱七八糟的作业
132985,368,郑霞,2021-02-06 00:42:37,0,2,2,给分很迷惑，卡绩。\n\n个人感觉课程考核方式不是很好。\n\n要考虑上课的大多数都是大一的学生
142537,368,郑霞,2021-11-12 22:25:10,-2,1,3,老师人超级好，上的课很有用能学到很多～
144297,368,郑霞,2021-12-21 04:52:41,2,3,1,给老师提提分，很多门专业课都是老师上的，端水大师的感觉
150196,368,郑霞,2022-01-20 07:22:26,0,3,3,文化遗产导论，论文好好写，平时作业都按要求认真做，分数很好
154760,368,郑霞,2022-06-04 15:45:18,7,10,3,文化遗产数字化。事情很多，上课讲的慢且时不时抽人——回答问题式的点名。开学展示的教学大纲上没有个人论文的要求，结果临近期末直接发了个公告说要交电子和纸质版的个人论文。课上要额外抽时间参观博物馆且不抵学时！不抵学时！一去就是半天时间没了，并且出了两次参观报告，三次展示，感觉没学到什么，光给人展览免费评估和榨取所谓“年轻人”的灵感了。课堂内容对大作业没什么实际帮助，大作业是数字化策展，最后作业呈现的可能是软件、程序、游戏开发，助教教的更实用。如果不是专业课，狗都不上。\n\n\n\n另一门展示策划与设计。现在由许捷老师来上，事情也很多，基本上要周周小组讨论周周推进展览周周展示。平面图给的很晚，所以只有最后两三周的策划是有意义的——老师也是在最后才给详细的修改意见，意味着要改动的东西很多。上课内容是逻辑策划，作业要呈现的是室内空间设计，哈哈。最后上交策划文本加总平面图加概念方案加效果图加个人论文，栓Q。
162174,368,郑霞,2022-11-17 09:01:50,1,4,3,《想问一下大家》《有没有同学回答》《有没有同学想要补充》《我先不讲》……整节课除了提问和抽同学回答问题以外毫无内容
165955,368,郑霞,2023-01-10 13:30:12,0,2,2,挺不错的，给分好
166155,368,郑霞,2023-01-11 08:06:00,2,3,1,我觉得老师挺好的，平时上课其实也没怎么听，只要写布置的作业，最后写篇论文就好了，给分不错，我和朋友都是4.5
181228,368,郑霞,2023-10-12 03:19:06,3,4,1,老师人超好，中秋还给我们送月饼了。文化遗产导论好好水
190105,368,郑霞,2024-02-21 16:58:36,0,2,2,文化遗产导论。大水课，最后一篇论文，可以随便写4.8
191011,368,郑霞,2024-03-28 02:10:48,-2,0,2,老师人特别好，文化遗产导论签完到就可以走，给分好
191930,368,郑霞,2024-05-05 15:23:49,-1,1,2,老师人很好很温柔，文化遗产导论只要按要求做就能有个不错的分
193023,368,郑霞,2024-06-02 14:30:57,0,3,3,垃圾老师，师德有问题，乱打分
195389,368,郑霞,2024-06-28 02:28:58,2,3,1,文化遗产数字化，不是很懂是怎么打分的。。
207782,368,郑霞,2024-12-24 08:58:28,-1,1,2,底下有几个评论明显像水军，滚开滚开。
218919,368,郑霞,2025-05-13 09:41:19,1,1,0,不至于说老师师德有问题；更不至于说两句老师好话就要骂滚开，这不像是受过高等教育的人应该有的素质。老师人还是挺好的，也挺耐心的，讲课虽然稍显无聊，但是在这个学院至少不能说不用心。之前事情确实多，这两年在改进，希望老师越来越好吧。
2506,440,黄笑山,2015-05-04 13:19:21,1,2,1,上课极严，考试很宽
3766,440,黄笑山,2015-06-17 03:45:02,2,2,0,老师很博学，有风度←_←虽然一开始说的好像绩点会坑，但其实还是给的很不错～
8087,440,黄笑山,2015-09-17 02:48:42,2,2,0,可爱的老头～
10565,440,黄笑山,2015-11-20 02:44:29,0,0,0,给分好坑
15112,440,黄笑山,2016-01-12 06:14:18,1,1,0,课程有难度，给分很好
221808,440,黄笑山,2025-06-26 11:02:40,0,0,0,黄笑山老师真学者
2450,485,汪维辉,2015-05-03 09:19:43,13,19,6,连手机都不想玩！
2562,485,汪维辉,2015-05-04 14:12:28,9,12,3,男神！男神！男神！（重要的事情说三遍）
3191,485,汪维辉,2015-05-20 00:11:09,13,15,2,爱上古代汉语不解释……\n\n
12446,485,汪维辉,2015-12-23 09:45:36,27,35,8,干货很多，要认真听。人很好，很和善，非常谦虚。然后，给分不高，但是错过真的可惜。ps:认真学有高分可能。
15974,485,汪维辉,2016-01-17 01:12:43,1,2,1,轴轴轴！
31129,485,汪维辉,2016-07-03 08:54:44,4,5,1,幸福感
34964,485,汪维辉,2016-10-27 07:30:25,12,12,0,语言学洗礼，颠覆性的
39031,485,汪维辉,2016-12-20 16:49:54,18,21,3,老师讲课真的很有水平 南大学风浙大真的要学习
41506,485,汪维辉,2017-01-12 05:29:17,10,10,0,听课很幸福，对于字词的考证啊音韵学讲课啊都非常有收获，考试题估计我没考好，但是非常清楚为什么死死在哪里，喜欢老师！
47382,485,汪维辉,2017-01-25 15:43:34,22,23,1,语言学洗礼，超喜欢他的涵养。高分可能还是有，只要认真复习。
51116,485,汪维辉,2018-06-13 06:30:47,13,14,1,#汉语史#认真学了是能及格的ಥ_ಥ汪老诚不欺我
66813,485,汪维辉,2018-01-19 06:55:59,10,11,1,男神！男神！男神！这才是大学认真学习的感觉！
79639,485,汪维辉,2018-06-12 07:01:54,3,3,0,男神不解释~又温和又负责，安利有志于学的同学去找他写毕业论文
81373,485,汪维辉,2018-07-05 02:31:31,4,5,1,老师很认真的说 平时学习不认真的人会挂，趁我不知道挂没挂之前，老给老师一个好评
84454,485,汪维辉,2018-07-13 01:54:03,3,4,1,严谨的治学态度，温和的答疑解惑，老师的古代汉语课堂真的能学到太多东西了。对学生要求真的很严格 但最终的考试也并不会刁难大家。总之错过老师真的会很遗憾的！
84508,485,汪维辉,2018-07-13 04:23:27,6,8,2,汪老师的古代汉语 不水  想混那还是退了吧 但是课是真的真的上的好 老师也很好
84965,485,汪维辉,2018-07-14 15:38:25,0,13,13,我爱汪维辉啊啊啊啊啊啊啊啊啊，古代汉语绩点给的好高啊啊啊啊啊啊啊啊啊
93711,485,汪维辉,2019-01-12 07:23:27,6,6,0,老师很和善 上了汉语史 没有传说中古代汉语的要求那么严格 但老师真的是好老师 很儒雅 很博学 宁波方言听着很亲切 考试不刁钻 但题量也不小 因为没有平时分所以不知道成绩怎样 认真学 应该会有不少收获
94083,485,汪维辉,2019-01-15 06:49:51,4,4,0,好老师，学识渊博，为人师表
101395,485,汪维辉,2019-01-28 06:38:37,16,16,0,汪老师绝对是大学里遇到最好的老师，严谨、认真、负责，就是你在进大学之前想象中的那种大学教授，而且普通话标准啊，课文里的每个字音都清清楚楚，另外，不管多难的知识点都能轻松让人理解。拿高分不容易，但不意味着没可能。反正我就是汪老师的迷妹！
105504,485,汪维辉,2019-04-15 16:53:19,9,10,1,老师确实讲的很好，而且很厉害。只是作业实在是太多了? 而且作业难度梯度上得太快? 如果不是想做文字学的，真的有点吃不消呀。
110680,485,汪维辉,2019-06-28 04:13:30,2,2,0,我爱他！
111194,485,汪维辉,2019-06-30 12:57:36,3,3,0,古代汉语考前最后两天，真的感觉要凉了。可能自己真的不适合学古汉语，真的背不下来。快哭了(´;︵;`)。
111420,485,汪维辉,2019-07-01 11:47:21,1,2,1,背书背到崩溃，希望老师不要考得太难！\n\n趁还没考试给个10分先，就算给分不高也不后悔，古汉选汪老师的课，是赚到了
111446,485,汪维辉,2019-07-01 14:04:00,12,12,0,汪老师真的很好，让我看到了老一辈学者那份做学术的心。在课上可以学到很多，由浅入深。明天早上八点考古代汉语，由于自身不过关，这么多实在背不下来，可能要挂科。趁还没有挂科前，摸着良心给老师打十分，也希望明天考试能够顺利吧。
111568,485,汪维辉,2019-07-02 03:40:15,6,8,2,我真的太太太喜欢wwh老师了，完全是心目中学者大家的模样，知识渊博，待人温和，因病请假的时候还鼓励我多运动(老师自己坚持冬泳真的太强了)。虽然因为自己准备不足能力有限，考试发挥不理想，但不管老师最后给多少分都不后悔上老师的课，真的是选到就赚到٩̋(•͈ω•͈)و下学期汉语史继续跟随老师。
111774,485,汪维辉,2019-07-02 22:20:02,1,2,1,老师非常渊博博学，而且题目不为难大家！作业确实多，但是有收获。给老师打一百昏！
122221,485,汪维辉,2020-02-20 05:19:55,14,15,1,考完试以后因为成绩的问题咨询过老师，然后老师请我到办公室与我讲解，真的十分感动。\n\n“你们现在还可以重修吗？”“可能不能了。”“……那就十分遗憾了。”
122811,485,汪维辉,2020-04-09 03:04:44,3,3,0,害，作业太难了，感觉顶不住
126030,485,汪维辉,2020-09-16 15:57:37,6,7,1,问就是汪先生宇宙第一
126959,485,汪维辉,2020-10-30 09:47:35,3,4,1,汪老师很有学者气质，简直完美！大学遇到最好的老师！认真严谨，课简直是中文系必听课！
129782,485,汪维辉,2021-01-12 09:32:47,17,19,2,中文系上本科课的老师中最了不起的一位。
130205,485,汪维辉,2021-01-19 03:40:19,4,5,1,趁汉语史还没出分给旺旺虎打个漂亮的10
130869,485,汪维辉,2021-01-25 05:05:37,8,9,1,忘记给wwh打一个漂亮的10啦，来补上（之前是汪汪虎的古汉1）
130940,485,汪维辉,2021-01-25 10:08:51,3,4,1,最好的老师没有之一！
132160,485,汪维辉,2021-01-31 00:30:59,-11,1,12,。。。
136883,485,汪维辉,2021-06-27 11:57:36,3,3,0,考前先给旺旺虎一个十分，老师人很好，当然也很有原则，虽然以后不打算走语言学这个方向，但课上还是受益匪浅
149916,485,汪维辉,2022-01-17 17:50:02,9,9,0,第一次用查老师写评价。\n\n我的兴趣不在这个方向，但是在做人和治学等方面，真的都从汪老师身上学到了很多东西，谢谢老师！\n\n因为自身特殊原因跟汪老师有过一点点交流，发现老师很能体谅学生。胆战心惊以为自己会不及格，但是看到分数真的眼泪都下来了，很感谢老师！！\n\n不好意思再打扰老师跟他说感谢，觉得有点丢脸。就在这里表达吧，汪老师，您发的那个龇牙笑的表情，大大缓解了我的担忧、焦虑和紧张，很感谢您。\n\n学弟学妹们如果对古代汉语之类的感兴趣，一定一定要听汪老师的课！老师是真的学术大牛（给本科生上的课无法充分展现他的厉害）！还没确定自己喜欢什么方向的，也可以听，其实不是很难，汉语史期末考真的都是课件上的，不放心的话旁听也可以。
152266,485,汪维辉,2022-04-01 01:43:40,9,10,1,先生之风，山高水长
156336,485,汪维辉,2022-06-19 06:19:42,53,53,0,还没出分，但汪老师永远都是满分。汪老师给本科生开课简直就是割鸡用牛刀，能听一学期老师的古代汉语真的是一种荣幸。老师非常严谨博学，已经是享誉学界的顶级学者却能非常谦和地对待学生，耐心回答每一个问题。一学期下来，真的收获颇丰，我浙中文系需要更多这样高质量的有内容的课程。最后表白一下助教赵川莹小姐姐，她真的好温柔好耐心也好可爱，我哭死😭
158319,485,汪维辉,2022-06-28 09:18:18,7,7,0,高邮王氏父子、、
158652,485,汪维辉,2022-07-01 03:33:02,5,6,1,很有学者风范的老师，学识渊博，但是却平易近人，很尊重学生。课后找汪老师问了不少问题，老师都特别耐心地跟我们探讨。从汪老师这里爱上了古汉语！
161630,485,汪维辉,2022-11-09 17:02:03,-14,12,26,浙江大学中文系我最敬佩的两位老师。我本人上了fyx的训诂学之后对训诂产生了极大的反感。但是蓦然发现，居然汪维辉老师就是研究训诂的。看来，我不是讨厌训诂，讨厌的本质上是一些非常糊弄瞎搞的老师。选择汪老师，你将会获得尊重，专业充实的知识。我觉得他是为数不多的称得上好老师的大学中文系教授！\n\n我也不想吐槽给分。这个本来和老师也没有太大关系，也与助教和实力相关。我最佩服的两位中文系老师，无一例外，在开课的第一次，问了我们，为什么要学这个课。一个是古代汉语的汪维辉老师，还有一位是现代汉语的池昌海老师。知其所以然，明白意义，才能坚持下去。这两位老师是身正能够贯穿实用，实践，坚持中文汉语言本质上就是人学的这个最简单的道理的老师。但是可惜的是，大部分老师，自顾自讲课，自己可能很嗨，但是至少学生听了半天，连为什么学都不知道，实在是可怜且遗憾！\n\n在浙大，我常常迷失，常常摘不到学习的意义。我每天反思自己今天在干什么，为什么干这些。有些时候，答案确实不明确，但是我要的并非明确的答案。很多时候，这种意义就来自于学以致用。说白了，让我感觉这个东西和我的关系。和我生活的关系。这个对我来说特别重要！汪维辉老师也是理解学生的，真心感谢！
171024,485,汪维辉,2023-03-14 08:07:19,1,1,0,获益匪浅
177979,485,汪维辉,2023-07-06 02:36:06,3,3,0,爱汪老师！！！！！！我觉得真的就是认真听老师的课，然后踏踏实实地学习就可以拿高分！！！汪老师授课没话说！冲就对了！
177992,485,汪维辉,2023-07-06 04:10:13,2,2,0,老师巨好，能学到很多知识，古汉基础牢牢的。
178184,485,汪维辉,2023-07-07 16:44:57,2,2,0,汪汪虎老师我爱你😍😍😍
186236,485,汪维辉,2024-01-10 03:00:41,1,2,1,满昏~遗憾之处在于这学期我精力确实投入不够，平时作业和考试都不太理想。汪老师再爱我一次！
193984,485,汪维辉,2024-06-21 07:46:58,1,1,0,老师很好，很和蔼耐心的老先生，我打十分。但是全文背诵真给我整破防了呜呜呜。
194099,485,汪维辉,2024-06-22 03:57:02,5,6,1,救命啊，老师放我一马，怎么这么难啊，我讨厌今年跟老师提建议的死装哥/姐，我恨你！好难背
194259,485,汪维辉,2024-06-23 02:39:44,4,5,1,還沒出分，但汪老師絕對是滿分。學問太好了，跟著他上一學期課好過你水50個滿績。\n\n我願稱之為求是大先生：雖不能至，心鄉往之啊。
195486,485,汪维辉,2024-06-28 09:40:36,3,4,1,上课体验感真的很好，无论最后成绩怎么样上过旺旺虎的课就是值！
195824,485,汪维辉,2024-06-30 05:47:42,4,5,1,太爱汪汪虎了！不管最后成绩怎么样都值得十分的好老师！
196415,485,汪维辉,2024-07-03 08:51:11,3,4,1,汪老师人真的很好，助教哥哥也特别认真负责，虽然早八上课有时候要睡过去了，考试感觉也有点儿难，但是还是很喜欢汪老师的，甚至想接着去选汉语史。
203702,485,汪维辉,2024-11-20 14:40:52,13,14,1,汪老师绝对是好老师，10分\n\n另外67656推文后有很多人指责泥浙人文素养与人文关怀欠缺，然后泥浙宣传口直接又用了一篇推文拿汪老师当了遮羞布和挡箭牌，足可以暴露出浙大宣传口有多么的离心离德，为人所不容
211183,485,汪维辉,2025-01-11 03:42:54,5,6,1,大二汉语言学生勇闯汉语史，第一节课老师就说他要求比较严格，有平时作业和期末考试，原来还因为没上过古代汉语担心一些内容跟不上，但汪老师简直是天使啊！！上课循循善诱、慢条斯理，确实收获了很多，助教老师批作业也非常认真耐心！强推强推！但如果只是为了水学分、混分那就不推荐了，汪老师的课不是水课。
211506,485,汪维辉,2025-01-12 00:20:22,-3,1,4,三个字
212067,485,汪维辉,2025-01-13 06:35:33,1,1,0,老师上课的严谨性和学术性自不必说，课虽硬核但旁征博引能让你听明白且不感到枯燥。旺旺虎也是特别可爱有趣的老师，会讲养蚕趣事、宁波方言，讲汉语史音韵还说“大家应该都学过庄子的音韵学了”。只要平常作业认真完成，老师上课讲的内容都理解并记住，考试也没问题的。旺旺虎的两门课都满了，感恩！
212791,485,汪维辉,2025-01-15 02:29:14,1,1,0,上大二以来发现自己读古书的能力突然有了质的提升，反思了一下才发现是因为旺旺虎老师的古汉基础打得太好了哈哈哈。虽然我之后可能不做三古，但老师教给我的是浙大中文人的基本素养，一定受益终身。
217095,485,汪维辉,2025-04-01 23:47:11,3,3,0,真正的好老师，真正的大学者
217354,485,汪维辉,2025-04-09 02:58:34,0,0,0,课太硬太拥挤了，汉语史难道不应该是那种长学期课程吗？那个教材倒是还不错了
218325,485,汪维辉,2025-04-22 14:41:16,-3,1,4,古代汉语\n\n上课进度太慢了，而且知识点不密集，很多时间花在回忆往事上：“这个人我认识，这个人我也认识...”“我年轻的时候...”\n\n上汪老师的课很难控制自己不走神
1862,501,胡小军,2015-03-26 02:52:06,11,30,19,千万不要选他，作业巨多
2559,501,胡小军,2017-06-14 02:13:58,31,66,35,作业多，事多，住院请假只会问你作业怎么办，讲课也很无聊。
2575,501,胡小军,2015-05-04 14:40:35,14,31,17,最后一堂课小测试特别坑
2750,501,胡小军,2016-12-21 05:22:03,21,40,19,原本说两篇作业还有一篇自便。到了后来就理所当然的地要写三篇论文。问怎么自相矛盾了。就扯正态分布制度 一个特别自信的老师。拍来夸他的小短片反复地给我们看，呵呵。
3220,501,胡小军,2015-05-21 09:00:48,3,18,15,挺傻逼的老师
3862,501,胡小军,2015-06-17 06:50:05,-16,6,22,生动\n\n
8821,501,胡小军,2015-09-28 09:27:37,7,23,16,事儿巨多，讲话从来不算数，结业了作业也不还给学生，逼着学生办展，不然不还作业。\n\n
12717,501,胡小军,2015-12-24 02:25:18,3,15,12,非常不通情达理的老师
12951,501,胡小军,2015-12-24 11:09:45,-3,11,14,想睡觉，给分低
17618,501,胡小军,2016-01-20 13:38:42,8,20,12,上课比较无聊吧！态度也不是很好。
22511,501,胡小军,2016-03-07 06:03:03,3,11,8,嗯~哦~嗯~啊~
22554,501,胡小军,2018-03-05 01:55:22,29,56,27,中外设计艺术史要改成中国古代陶瓷史好不好！！！妈的智障
22555,501,胡小军,2016-03-08 02:39:04,22,38,16,说好的中外！外呢！！！外呢！！！
22880,501,胡小军,2018-05-02 05:46:50,9,25,16,千万别选，日了狗的老师
23077,501,胡小军,2018-05-02 05:46:03,28,52,24,所有人都在抄袭 就tm你是原创的。布置巨多作业 还一天到晚逼着问你做作业快不快乐。完全没有作为一个教授的涵养。
23379,501,胡小军,2018-05-02 05:46:41,6,22,16,妈的智障\n\n活生生把一颗热爱艺术的心给灭得生无可恋，说好的报告都特么要用论文格式写。有毒吧一个短学期的通识课三篇论文…妈的智障
23383,501,胡小军,2016-03-28 06:59:51,1,10,9,说话不流畅  废话多 作业多
23412,501,胡小军,2018-05-02 05:46:14,7,26,19,妈的智障 真的恨不得给零分 上课说自己感冒，要讲无数遍 真的很无语 谁没有生病坚持好事情的时候 真的非常非常无语 作业巨多 短学期有四个作业
23752,501,胡小军,2016-04-14 15:48:04,21,32,11,一个迷之自我感觉良好的老师，反正上课就是念稿子。呵呵哒作业巨多，讲课极其无聊
23755,501,胡小军,2018-05-02 05:46:25,23,34,11,Shame on you
23756,501,胡小军,2016-04-15 00:17:56,36,60,24,讲句实话，他是我第一个黑的专业课老师
23757,501,胡小军,2016-04-15 00:18:06,-17,5,22,课很水 不用去上\n\n
23793,501,胡小军,2016-04-28 12:29:02,-13,8,21,4.5的飘过 好好学好好做作业没问题的
23866,501,胡小军,2016-04-19 05:39:53,21,37,16,已经第八次提到你的德国窑炉了，你倒是让我们烧一下呀
24214,501,胡小军,2016-04-28 11:42:48,-8,11,19,对这个老师真的是又爱又恨，作业真心多，读书报告要求总说不清楚，要求特别多，又很严格，什么都不准抄，旷课说超过三次就给挂，还各种恐吓说抄袭就没分，让人胆战心惊！写完读书报告后总觉得会挂，不过最后出来的分数很高，无语。。
24215,501,胡小军,2016-04-28 12:00:56,-12,2,14,还好了
24225,501,胡小军,2018-05-02 05:47:06,5,16,11,撒比撒比撒比
24231,501,胡小军,2016-04-28 15:15:20,5,15,10,总问你同学你上了我的课有什么收获？老师，你上课的内容都是百度内容，知识点都是学生自己找书看或者上百度，上课能学到啥？
24235,501,胡小军,2019-01-02 04:32:31,123,177,54,说实话，我从未见过有如此资质低下之教师。仅从中外艺术设计史看，基本只会讲一些自己专业范畴的事，且照本宣科，而其他一窍不通，授课简直离题万里。朱叶青敢叫板许江(虽然算是个反例)，我就敢叫板你胡小军，艺术设计史你懂的还没我多，省省吧。举个例子，立体主义和抽象派的关系你估计都搞不清。作业多，且无用，求量不求质，能学的到多少东西不说，浪费的时间真的是大把大把。总喜欢念叨自己是教授，是做研究的，很抱歉，你是教授级研究员，这么喜欢念叨体制内的教授名头我也是醉了，搞研究的这么讲究浮名吗，教育上你不配做教授，研究上你不配做研究员。谨建议浙大更换此课教师。
24243,501,胡小军,2018-05-03 14:37:50,46,70,24,什么体验？我觉得吧，作业是不多的，也就每周1000字的读书报告3篇，没事让你跑博物馆回来写图书馆报告；自恋还好，也就没事喜欢吹自己陶瓷多牛逼，放放央视采访自己的视频；点名什么的也是不多的，也就每节课签到，一次不去也就给你打个低分什么的；上课什么的也挺棒的，反正上过最初的几节课，我是没在前3排看到过人，还会一个劲的把你拉到第一排；哦对，说起来还挺敬业的，也就3-4天把100多人的1500多篇读书报告都看过一遍，然后公正公平的给你打分；上课内容也是蛮丰富的，总的来说就是:中外艺术陶瓷史；最重要的是长得帅！！！\n\n最后我的评价是:您还是去做陶瓷吧，教书不适合你。
24257,501,胡小军,2016-04-29 03:07:59,7,16,9,给分低，很低，非常低
24275,501,胡小军,2016-04-29 04:49:57,-4,12,16,讲道理，除了老师下课不答疑以外，我觉得其他还好。还有就是读书报告认真点写，别复制粘贴百度百科，也别最后刷夜一起补，最后绩点不会低。最重要的是，上课往前坐。。。寝室三个4、8飘过
24317,501,胡小军,2016-04-29 10:22:24,-9,11,20,别说老师讲的你学不到什么，你本来就什么也学不到，读书报告认真写，混个好分数算了，4.9飘过～
24473,501,胡小军,2016-04-30 14:57:59,3,11,8,embarassed
24525,501,胡小军,2018-05-02 05:47:14,4,13,9,非常非常非常不喜欢，太冷酷无情，不管什么原因请假都会扣分，事儿超多，三篇报告，还得参观博物馆，做课堂笔记，最后还要写听课感悟
24998,501,胡小军,2016-05-04 21:03:13,3,11,8,垃圾
25321,501,胡小军,2016-05-14 02:55:53,-23,3,26,男神\n\n
29101,501,胡小军,2016-06-29 08:39:08,-10,10,20,虽然第一次给他打了个低分，但是现在想想，这真是我上过的真正学到东西最多的通识课，当时作业多也具想吐槽，但是因为要写读书报告真的读了很多书也对中国陶瓷史有了很深的了解。4.5飘过~
33057,501,胡小军,2016-09-11 11:04:15,-3,5,8,不想记起
58359,501,胡小军,2017-08-29 14:14:00,-9,5,14,别的都是职业黑子，别看
59821,501,胡小军,2017-09-27 07:47:55,3,9,6,胡言乱语，傻b
65029,501,胡小军,2018-05-02 05:47:59,1,9,8,无聊辣鸡老师
66222,501,胡小军,2018-01-13 12:23:20,-5,3,8,垃圾老师，不适合在浙大
66517,501,胡小军,2018-01-17 06:30:02,-2,7,9,生不如死，这老师是真的垃圾，如果不想死的话劝大家不要选这门课
67420,501,胡小军,2018-01-21 07:15:07,6,18,12,选这门课程时看了评论有点担忧，但老师上课的真的很有意思，时常会带些自己的收藏品，不是只会讲书本知识的课堂很有意思，但外国设计会讲的比较少，在最后几节课上有点可惜。虽然要写课堂笔记、读书报告、博物馆考察报告作业有点多，但自己做完后还是很有成就感的。
67425,501,胡小军,2018-01-21 07:30:38,-1,2,3,???
67447,501,胡小军,2018-01-21 08:13:57,2,6,4,嗯嗯嗯，，还好，没有挂，
67466,501,胡小军,2018-01-21 09:02:48,-2,5,7,课很水，每次都点到，我就一次没去，作业都好好做了，3.3的绩点，呵呵哒
67603,501,胡小军,2018-01-21 18:34:20,-1,8,9,老师讲课不怎么样，但只要认真做功课，给分挺好的，绩点都不错
67639,501,胡小军,2018-01-22 03:09:28,-1,6,7,第一个评价 送给这么差的老师非常爱吹牛 每次课都去了 报告有认真写 但是不想恶竞 字数不多 3.3？？？
67680,501,胡小军,2018-01-22 04:57:26,9,18,9,老师说这里给他评价低的都是恶意中伤他的，我信了，没想到老师你确实坑，突然想起你课上说你本来可以把这里匿名评价的人找出来，xxx，是很恐怖，但老师你为什么不反思自己做了什么。我写了一万字的报告，成绩排名也就80%？？？，我没想恶竞，我看到有些人交了整整一本书厚度的报告，而我才七八页，难道非要那样才能得高分？你不是说认真做就可以了吗？，我还花了一天去博物馆认真“考察”，你也没说具体报告怎么写啊（必须去老师提到过的博物馆），我就按照自己的理解做了五六页，感觉这门课非常认真，但是我也不知道哪里出了问题。我每节课都来啊。
68228,501,胡小军,2018-01-23 01:17:03,-2,9,11,挺好的，上课积极一点坐前排，给他留下好印象，让他记住你的脸，最后交作业的时候，用一个与众不同的论文封皮，当他面交上，让他把你的作业和你的脸对上号，写评价感想作业是多夸夸他，搞艺术的喜欢听人说他有激情，反正做到以上几点的我绩点4.8
69174,501,胡小军,2018-01-24 09:30:17,0,6,6,无话可说，哎……
69241,501,胡小军,2018-01-24 10:47:09,4,8,4,讲课很无聊而且思路混乱，我全凭对陶艺本身的热爱坚持听的。每节课签到。老师本人我不是很喜欢。作业是3篇报告，我写了平均每篇有6000多字，都是自己认真写的。博物馆仔细看了，书认真读了，这个过程学到一些东西。最后绩点没上4，感觉有点失望。
72097,501,胡小军,2018-02-03 07:36:04,4,10,6,这个分数 竟然这么高？？？我不服气
72105,501,胡小军,2018-01-29 10:57:13,4,8,4,论文写得多，不逃课，分就会高的
74853,501,胡小军,2018-03-06 06:40:00,3,5,2,课本精美，有彩图，有内容，有点小贵。是一本十足的好书。建议买二手书，自己看看就行了
74862,501,胡小军,2018-03-06 06:43:45,-4,3,7,不知道他老先生在说些什么\n\n乱七八糟???\n\n他是个傻子吗
75075,501,胡小军,2018-03-07 08:28:55,1,6,5,语速太快，吐字不清，要是不仔细听就是“乌鲁乌鲁乌鲁”……
76652,501,胡小军,2018-04-17 07:36:12,-5,1,6,作业多，讲课水，还整天吹
76753,501,胡小军,2018-04-21 02:16:51,-3,1,4,。。。。。。。
76932,501,胡小军,2018-04-26 06:08:41,10,13,3,可能是因为专业是这个对内容感兴趣吧，认真整理东西知识条理还是很清晰的，后期对于西方世界设计史这部分对我启发还是蛮大的，其实有点不太理解为什么分数这么低，哎作业确实做的挺累的，不过最后还是满满成就感和不舍的
77064,501,胡小军,2018-05-01 03:37:11,11,21,10,在开始上这门课之前，由于查老师上各种不当的负面评价，我对自己的未来感到十分担忧。然而耳听为虚，眼见为实，真正上过这门课后我觉得我应该以一位专业学生的身份为老师正名。很多人在评论中提到关于陶瓷的内容太多，但实际上老师选择陶瓷，是因为陶瓷的发展体系完善成熟，是一个经典的案例。老师真正要传授的是做研究的方法，胡老师一开始就讲了“授人以鱼不如授人以渔”。听课只是一个开头，在听课之后，每个同学可以根据自己兴趣的不同，朝不同的方向进行课后研究。比如茶具，酒器，家具等等。老师也给出了大量有关推荐书目，半强制的作业实际上培养的是我们研究问题的习惯，他把你领进门，剩下的研究难道还要老师帮你做吗？有人说恶竞，不好意思，如果你真的每节课都按照要求完成任务，就是有这么多，光把ppt内容提取出来就有每节课7000多字，整理一下也就半小时的事，你难道连这都懒得做？你每节课听课报告不写，上课不听，书不去读，理所当然分低，还在这里诋毁老师，骂别人认真完成的同学恶竞，你的良心呢？又有人诋毁老师说的东西课本上都有百度上都有，难道你从小到大不是这么上课的？课本上有的东西就是你的了？照你这么说你就别上学了。而且一般这么说的人课后也不会认真看书……又有人抱怨西方的设计史不够多，的确，很多同学再提到设计时，想到的是包豪斯之类的，而非中国古代流传下来的辉煌灿烂的传统工艺，这实在是中国设计教育的悲哀。总之，想水课，不想做作业是你自己的问题，不要觉得水课理所应当，想偷懒的就别来上这门课，不要在这里诽谤，什么，你跟我说你是专业学生，必修，但是想偷懒怎么办，sorry，你退学吧。这八周的课，虽然累了点，但是是值得的！
77068,501,胡小军,2018-05-01 05:36:46,17,27,10,我是材料与工程学的，老师很认真的讲授课程内容，虽然作业很多，但是可以理解，毕竟时间有限，很多知识是需要我们进行课后补充的。关于这里的一些评论，明显都是很片面的，老师十分认真的讲课备课，也有许多影片推荐。老师说“到一个城市就应该先去它的博物馆。”我为此感到羞愧，因为自己从前从没有过这种意识。这次因作业而去博物馆是我的第一次博物馆之旅。听课报告这样的作业我以前也从未遇见，但真的开始努力后才发现这极有助于我们的学习。完成作业是累的，但的确充实并且收获颇丰。希望那些因偷懒而得分低的同学不要在这里诽谤老师了。
77070,501,胡小军,2018-05-01 06:46:42,4,8,4,上完老师的课觉得真的可以收获到很多知识 作业是多 但是我们来大学就是来学习知识的 老师严格要求我们也是为我们好 希望大家能以公正的眼光来对待这门课程
77071,501,胡小军,2018-05-01 07:50:31,17,43,26,我是艺术专业学生。认真听完课，我觉得这课绝对有收获。上胡老师课前看到这里的评分，我怀疑我上了个假的浙大。显然，网络匿名带来的危害在这里也没能幸免。做人做事做学问都要实事求是，我只想问问这些给差评的同学，你们有上课仔细听、课后做整理吗？但愿你们低着头是在做笔记而不是水手机【无奈】如果说你旷课很多或者只是上课偶尔抬头瞄一眼，就说听不懂？没有认真学没有把这门课当回事就抨击老师？对不起，你缺乏最起码的对老师的尊重。\n\n中外艺术史的通识课和专业课我都上过，基本上坐在前面几排，我说说我的实际感受：\n\n1、胡老师不会因为课程不同就不认真对待、信口开河；遇到不确定的点，老师会拿出磨得很旧的记录本或者某本书仔细求证，如果你对这课敷衍，当然注意不到。\n\n2、有人说ppt讲的东西百度都有，那绝大部分知识网络上都有，还需要上课吗？每位老师都有自己擅长的方向，我们能从中学到一种研究方法，剩下的还要靠自己钻研。 \n\n3、这门课不做作业是不行的。最主要就是学研究方法，学高等数学都要做题，对于一门严肃的历史学，没有研究考证怎么行？只有课后再看别的书籍、到博物馆看看具体的实际的东西，你才能领会设计思想的精髓。这课作业量可能偏多，但学到的东西可是你自己的。\n\n4、大概很多人对胡老师本人有意见，我想说每个老师都有个性，但你是来学知识的，你的注意点在哪里？不管怎么说，胡老师讲课饱含激情，作业认真写老师肯定认真对待；有问题提前和老师沟通，情况没有你想象的那么糟。如果可以，建议你们去欣赏一下胡老师的作品、参观一下他的工作室。\n\n最后，你可能不主修这个课，也可以不喜欢历史不喜欢艺术，但请尽自己能力和时间对待作业，是对自己的学业负责，也是对老师的尊重！如果想找水课，请出门左拐。
77098,501,胡小军,2018-05-02 05:05:16,9,14,5,那些说什么中国陶瓷史的，还有说没有外国内容的，肯定是只听了前几节课就来评论了吧，课全部上完就会发现课程安排就是这样的呀，前两节讲陶瓷，讲完之后就不讲了啊。前半部分中国艺术史讲完之后，就开始讲外国艺术史了呀。因为作业多给低分我觉得很不理智，这作业可以给人很大的锻炼，结课之后我们班同学的说说里全是在秀作业的，看得出来大家都很有成就感，只要认真去完成了作业，肯定会很有收获的。我本人从打印店出来捧着装订好又加了封面的一本作业的时候心里超级满足好嘛。
77099,501,胡小军,2018-05-02 05:43:42,9,15,6,对于那些黑老师的评论，我只想说:胡老师是认认真真地对待上课这件事，虽然有些人会不习惯这种教课的方式或者老师的个人风格，作业很多，内容很满，但是客观来讲，这样的确能够培养我们自身的学习能力，拓展我们的视野不是吗？上大学之后学习方式完全不同于以前，没人逼着我们去学，的确有时候水水就能过去了，作业不认真但是绩点好像还过得去，只能说这是偶尔的侥幸罢了。\n\n而胡老师因为太认真太严格不给不认真的同学面子就该被黑吗?换位思考一下，假如我们是老师，我们每节课认认真真找资料手抄讲稿，想坚持自己的准则把自己的学问教给更多人，严格遵守学校的规则，为学校的人才培养出一份力，原本以为会得到学生的尊重，结果很多人因为成绩在背后骂自己，我们又是什么感受呢?\n\n我说这些并不是想抨击某些人，只是我觉得一个老师，还是一名尊重学术，遵守规范的教授，就算不能让每个学生都喜欢，也至少应该受到我们的尊重而已。\n\n下面来说一下上老师的陶艺课的感受。老师每次上课都会给我们放一些与课程相关的视频，每次课的内容会有一个主题，听课后要求我们写听课报告与读书报告，读书报告是根据老师上课的内容自己不懂或感兴趣的地方进行补充，要求标注参考资料，所以不要完全百度，找点文献看看;听课报告可以手写也可以是电子版，由于每次课三节可能有点吃不消，中间会有走神或打瞌睡的情况，我的做法是每次课录音，另外拍一些ppt上的重要内容（老师不让烤ppt），最好是每次课之后及时整理，虽然最后一节课才统一交，但是抢着做质量就不能保证。另外还有一个博物馆考察报告，老师上课会推荐一些博物馆，博物馆一定要去，拍点照片，不知道怎么写可以上课的提问环节问一下老师。最后没有期末考试，每次上课要签到。\n\n中间有一次课会让我们玩玩泥巴，纯粹是体验课，不计入成绩。\n\n最后一次课老师让我们看了他的创作作品与历程，老师做了三十年的陶瓷，这种信念真的是值得我们学习的。\n\n
77116,501,胡小军,2018-05-02 10:03:30,15,19,4,这学期上了胡老师的陶艺课 个人觉得课程收获挺大的 老师分了很多专题 比如越窑龙泉窑 青花瓷的发展 毕加索的陶瓷等等 一学期很短暂但老师讲述的范围很广 很符合通识课的课程设置 中间也安排了一次实际做陶的体验课 课程安排还是很合理的 关于作业 陶艺的作业就是每节课的课堂笔记整理以及课后的读书报告 和一篇博物馆考察报告 课上带着电脑 边听边记 有些内容多的ppt拍一下照片 课后整理整理 根据相关内容查找一些资料看看 完成读书报告 其实用不了太久 博物馆考察报告之要去参观过并不难写 按照博物馆布展顺序写就好 整体作业量相对于其他要求一篇论文或者期末考试的通识课确实会多一点 也要求你每节课要到课 这些老师在第一节课也很清楚的说明了 如果做不到就退课去选别的 对于老师讲课内容觉得有什么不合理的可以及时和老师沟通 默默上完一学期 最后在这里指点江山一下对于自己和老师都没有什么好处 总体而言 我觉得陶艺这门课收获挺大的 在参观博物馆的时候我能给同行的同学讲一些展板上没有的内容 课程作业相对较多 但每周按时完成其实并不难 希望之后的同学根据自身情况 合理选课 有什么问题 及时和老师沟通
77322,501,胡小军,2018-05-04 15:49:43,11,20,9,为胡小军老师打call！老师人很好，蛮可爱的?这门课认真听会收获一些知识的～平时要写听课报告，任务有点重，但是比那些事情很少的水课要有意义～至少去一次博物馆考察，任务也还好～认真按老师的要求来，给分棒棒哒?
77328,501,胡小军,2018-05-04 16:22:38,1,8,7,4.8～
77518,501,胡小军,2018-05-06 08:25:35,5,10,5,很不错呀，感觉可以学到很多东西，绩点也给的超OK的
77588,501,胡小军,2018-05-06 17:27:41,20,25,5,8篇课堂笔记整理成文稿，两篇读书报告，一篇博物馆报告，最后一个课程总结，没考试。\n\n事情算比较多的通识，但是自己用心学能够收获很多。3.3w字的最后稿子，全身投入，花了无数个小时，打印了厚厚一沓。\n\n想学的，做好费功夫的准备，认真对待，这不是可以水的课程，分不会低。\n\n觉得自己时间不充裕的，想水的，不喜欢内容的，纯粹想刷分的，建议绕道而行。\n\n老师没有说的那么差，从水课的角度讲也不是很友善，客观说一下，正个名。
77709,501,胡小军,2018-05-07 11:06:41,8,18,10,那些诋毁老师的同学，匿名喷算什么本事，不管是出于什么原因，在网络上不负责任的诋毁别人，作为一个浙大人你好意思吗？还在这里指责别人？？那些无知者无畏的言论只会让你们看起来很愚蠢。\n\n我想说，胡老师是个知识很渊博的学者，图书馆里有他的书，百科上有他的经历的介绍，我觉得凡是真心想学点东西的人不会觉得自己上过课后没有收获的。胡老师的作业是多，但是设计史这门课不做作业是不行的，设计史的特点就决定了这门课的研究方法就是要看文献、做研究、做总结。无论是哪个男神女神来上这门课也是要留很多作业的。胡老师严格是负责任的表现，我觉得这样的老师你们没资格在这里缩着头乱喷！！
77787,501,胡小军,2018-05-08 00:20:43,11,13,2,老师人还好啊，就是作业比较多，一周三篇文章要写。虽然一开始会觉得累，但是写着写着就发现自己真的有收获了，比其他听过就忘的水课要好很多，知识上真的能提高。最后看着自己打印出来无比厚的作业就感觉很满足，自己也保留了一份。\n\n   老师也没有全程在吹牛，就是在一开始偶尔说一下自己在陶器上的造诣。有时还会放自己旅游的照片。然后关于有人说他在讲中国瓷器史，这只是他在介绍中国设计史的开头一部分，虽然是拖的有点长，但也不是全部。\n\n
77954,501,胡小军,2018-05-09 02:58:38,-6,6,12,中外设计史 我个人觉得。胡小军没有第一评的那个人说的那么不好啊……感觉其实他很努力但是他表达不好，说不清楚话……其实他的课还是有挺多东西的。但是他可能更偏向于中国陶艺方面，八次课光陶艺就四节，而且一直啰啰嗦嗦得讲……最后讲外国显得有些仓促。要求 听课笔记 读书报告 博物馆考察报告 （可能字数有点多，不喜欢的同学慎选）总之我作业是交了一本a4的本子上去哈哈哈……最后居然满绩……感动了
78012,501,胡小军,2018-05-09 04:54:21,-4,5,9,有些评论挺搞笑的，他没有说的那么烂，也许因为我上课从来不听，报告什么也没怎么花心思写，但是，好？？！\n\n算了吧就
78097,501,胡小军,2018-05-09 10:16:27,7,10,3,我上的是老师的陶艺课，学到了挺多陶艺知识。作业虽然多，但是只要随堂做就OK了。老师其实还是很负责的。\n\n\n\n其实，希望老师在陶瓷课上再多讲点我古代瓷器相关（因为真的很漂亮）
78163,501,胡小军,2018-05-09 16:15:29,2,14,12,明明这个老师不差 为什么有人给分这么低 \n\n明明有的老师没那么好 确给分那么高\n\n这世界怎么了？
78180,501,胡小军,2018-05-10 01:21:51,5,9,4,挺好的。
84174,501,胡小军,2018-07-12 07:27:49,1,3,2,不想多说一个字
86091,501,胡小军,2018-09-05 17:08:24,1,4,3,一直骄傲自己，什么都学不了。但是助教老师很漂亮，帮助了我们很多。谢谢助教老师
87505,501,胡小军,2018-09-30 03:18:00,5,6,1,学完你是能学到的 听课报告在课上就能解决啊 有些评论有点过分了 想水不要来啊
87514,501,胡小军,2018-09-30 05:56:07,0,2,2,...
87678,501,胡小军,2018-10-12 03:54:19,4,11,7,帮忙刷分的同学你脸还要吗？\n\n这样换来老师的夸奖是不是很开心呀
87772,501,胡小军,2018-10-12 03:53:48,2,7,5,呵呵呵18年10月10日那位评论的同学您真的要脸吗？自己不学自己不用功 怪老师？讲道理至少胡老师给分还是蛮客观公正的，上课也会讲到很多东西，课后自己静下心下功夫认真学一学肯定会有很大收获，但像您这种不用功不努力的怕是什么课都学不好什么老师在您眼中都是坏老师吧～不是讨好老师，这就是事实！
89025,501,胡小军,2018-11-14 06:25:42,-1,10,11,希望诽谤胡老师的同学摸摸良心，这课你认真上了吗？你不认真不能要求老师也不认真。缺课三次以上，作业复制粘贴，博物馆考察报告写出一个常年闭馆的博物馆，请问你真的有脸骂老师？确实有些老师是宽容的，你水也不会挂的，但这不意味着那是好老师，相反严格评分的老师是坏老师。有些诽谤老师的同学，真的计较起来，完全可以因论文抄袭被退学哦。所以希望大家对待选课认真点，如果你只是想水，就请别选胡老师的课，选了不好好上，就别怪他给你挂科
89708,501,胡小军,2018-11-20 10:43:03,0,4,4,很认真很负责?速写画得真的太棒了 线条好看
89823,501,胡小军,2018-11-21 02:36:46,0,2,2,讲课有一点一点枯燥\n\n但是作业认真写（多\n\n给分会很好的
92858,501,胡小军,2019-01-05 08:09:15,-6,2,8,老师认真做学术，认真教学生，绩点低是你做的东西不行，本就不配高分，还有脸说吗？虽然卡了我绩，但我认
92861,501,胡小军,2019-01-05 08:17:15,-7,2,9,这是一门你付出就绝对会有收获的课
93136,501,胡小军,2019-01-07 14:23:09,1,4,3,作业多写点，上课听一下，不要缺课，博物馆去一下，老师给分很好的。
108765,501,胡小军,2019-06-01 14:37:57,8,14,6,想问问喷胡老师的同学…你们是没见识过shq老师上课吧…对比一下 真的觉得胡老师人贼好了
115694,501,胡小军,2019-08-19 08:24:16,1,1,0,emmmmmmm……
120151,501,胡小军,2019-11-18 00:32:32,0,1,1,呵呵。\n\n
120452,501,胡小军,2019-12-09 00:39:32,4,5,1,真的垃圾
124269,501,胡小军,2020-06-28 08:06:46,14,15,1,为我浙有这样学术水平和人品都低劣的老师感到羞愧
125612,501,胡小军,2020-09-12 10:46:50,7,8,1,这个老师把其他专业的人的课退了，就离谱。还交叉学习呢，你有什么资格把选上课的学生退课！
126534,501,胡小军,2020-09-29 14:23:29,-8,5,13,胡老师是十分认真对待教学和艺术的一位学者，看他满屋子的陶艺作品和教学资料就知道啦！虽然作业多，但是很系统地帮助我们为毕业排雷啦！早晚都得经历这一关，何不早点呢。。自己没有付出和了解就没有资格评论！
129451,501,胡小军,2021-01-05 12:56:47,8,9,1,废了，没上过这么废的课，怎么在浙大活这么多年的？
129902,501,胡小军,2021-01-13 10:37:42,-7,3,10,《传统图案》课程上同学们的课程作业展\n\nhttps://mp.weixin.qq.com/s/TJk0UmiP5ytuc30CwE-EbA
131281,501,胡小军,2021-01-27 03:05:42,12,14,2,事多分又低，专靠上他的其他课混脸熟加分。中外艺术史给上成陶艺，可怜艺设孩子的必修，分一出均绩-0.28……md交结课作业的时候给成出书大会，让我们堆字数有意思？
144538,501,胡小军,2021-12-22 07:16:24,12,13,1,逆天，目前见过资质最低的老师，自己用了十多年的ppt还读不明白
171108,501,胡小军,2023-03-16 04:49:45,-12,1,13,一门4.8一门5.0，好好学习就会有收获，水课的朋友建议别来！
174120,501,胡小军,2023-06-06 10:48:21,-8,2,10,倒也不必骂，作业是挺多的但花点时间给分还是不错
179713,501,胡小军,2023-09-19 12:39:14,13,13,0,慕名而来，敬上一分，聊表敬意
182314,501,胡小军,2023-11-14 12:05:08,10,11,1,肥肥的
197967,501,胡小军,2024-08-22 02:04:35,-9,1,10,上课认真负责！
200033,501,胡小军,2024-10-11 11:05:46,-11,1,12,老师讲的很多见解道理都很有意义，不是空穴来风，偶尔可以听听～^_^
200702,501,胡小军,2024-10-21 09:27:56,6,6,0,一分敬上
200721,501,胡小军,2024-10-21 09:29:33,6,6,0,1分敬上
201576,501,胡小军,2024-11-04 21:17:55,11,11,0,非常佩服胡老师，他的艺术作品反映了“没文化真可怕！”以此共勉
205236,501,胡小军,2024-12-03 05:54:07,-7,0,7,好吧还
206353,501,胡小军,2024-12-14 12:46:16,0,0,0,老师你知道什么是点茶吗？
209353,501,胡小军,2025-01-05 13:57:41,0,0,0,老师，谢谢您哈
218262,501,胡小军,2025-04-22 08:52:30,1,1,0,一只肥猪，喜欢肥猪吗
3157,502,陶磊,2015-05-18 05:21:11,-20,30,50,很有深度
3201,502,陶磊,2015-09-15 07:50:25,-38,12,50,很好很好\n\n
9352,502,陶磊,2015-10-23 04:41:03,-27,18,45,很深奥，有时候也是有趣的
10940,502,陶磊,2015-11-23 11:35:29,-41,8,49,111
10959,502,陶磊,2015-11-23 12:38:36,25,44,19,认真老师的考试都是坑爹的这句话没有错\n\n╭(°A°`)╮
11017,502,陶磊,2015-11-24 01:07:19,-32,17,49,老师对我想法很好。而且也很认真。挺喜欢。给分也非常好
11762,502,陶磊,2015-12-28 07:11:16,15,28,13,困死了
14108,502,陶磊,2016-01-04 14:07:41,22,53,31,考试巨坑爹…还有…他的通识课是能挂科的 高亮 慎选！！！
14200,502,陶磊,2016-11-25 16:36:56,24,58,34,呵呵哒了 给分低 反正我分低据说还有挂科的
14971,502,陶磊,2016-01-11 10:06:30,23,35,12,给分低 上课太催眠了
14988,502,陶磊,2016-01-11 12:08:45,20,33,13,真的好困啊。。。我数了一下全班估计就六个人能在听的。。。。
15150,502,陶磊,2016-11-25 16:37:02,22,53,31,上课每次都去听，期末论文拼死了的写了个七千多，还给我挂掉，专业什么的已无欲无求。
15545,502,陶磊,2016-01-15 08:22:44,23,47,24,给分机制挺坑的 没有平时出勤分 就算课认真听每次都去上课考不好也都拿低分 他上课时说测验没考好的论文分数不高的就有可能挂 我现在一万个后悔选了这课
16720,502,陶磊,2016-11-25 16:36:42,68,145,77,努力背了64卦 努力写了接近10000字的论文。只有66分 室友挂了，不多说了。
16748,502,陶磊,2016-11-25 16:37:47,15,31,16,给分低，后悔选课了
16758,502,陶磊,2016-11-25 16:37:53,12,27,15,上课讲的很无聊，给分不好。
16782,502,陶磊,2016-11-25 16:36:46,36,81,45,我挂了。而且58挂的。我论文大概写了7000字每节课都去，只是因为测验题写的不对。挂科了。不多说了吧，我跨不了大类了。
16786,502,陶磊,2018-12-09 09:57:47,23,63,40,64卦我背了。论文我写了两倍要求字数。但58挂的科。一开始就打算去自己喜欢的专业，但因为这门课绩点怒掉。去不了了，心如死灰。万万没想到死在一门通识
16812,502,陶磊,2016-01-19 04:22:54,28,64,36,他毁了我专业 如果我自己没听课没交论文那我认 我花心血8000字论文光参考文献都十几本 还是挂了 gpa掉了0.3对跨大类门槛的人伤害致命  无话可说
16822,502,陶磊,2016-11-25 16:37:27,18,41,23,挂咯 呵呵 通识课也能挂 活久见
16838,502,陶磊,2016-11-25 16:37:22,17,39,22,挂了 呵呵
16889,502,陶磊,2016-01-19 07:23:58,21,40,19,大一新生还是不要选他的课吧 风险太大了 我挂啦哈哈哈哈哈哈
16892,502,陶磊,2016-01-19 07:45:33,21,41,20,如果评选全浙大最坑爹通识课 此课称第二别的课不敢称第一
16921,502,陶磊,2016-11-25 16:37:37,15,30,15,挂了哦 真无语
16923,502,陶磊,2016-01-19 09:15:21,15,31,16,选他的课是我大一最错误的决定 不仅给分垃圾 人态度也不好
16926,502,陶磊,2016-11-25 16:36:50,60,104,44,哈哈哈哈哈哈哈【苦笑】这不是绩杀可以形容了这他妈就是绩点食人花啊
16928,502,陶磊,2016-01-19 09:23:44,13,27,14,光我知道的就好几个挂科的了 包括我
16929,502,陶磊,2016-01-19 09:26:07,6,17,11,给分低
16930,502,陶磊,2016-01-19 09:29:05,7,22,15,上面的评论就是我要说的
16934,502,陶磊,2016-01-19 09:31:19,7,20,13,很想知道那个3.58是不是真实数据
16952,502,陶磊,2016-01-19 09:57:37,5,24,19,差点挂科。老师我谢谢你全家，你特么
16989,502,陶磊,2016-01-19 11:28:40,7,17,10,挂了 世界再见吧 很后悔
16990,502,陶磊,2016-01-19 11:32:09,8,19,11,呵呵 绩杀
17022,502,陶磊,2016-01-19 13:05:30,8,20,12,看到分数的我是崩溃的
17360,502,陶磊,2016-01-20 05:46:06,7,18,11,别选 巨坑
17515,502,陶磊,2016-01-21 00:57:43,13,24,11,这门课挂了 不给活路
17615,502,陶磊,2016-01-20 13:39:38,8,23,15,珍爱生命，远离陶磊
18027,502,陶磊,2018-01-17 10:37:27,1,21,20,挂了，现在均绩快低到不及格了。好绝望，课也没听懂过什么都没学到。这老师太恐怖。他该给自己算一卦了。免得走路上被人泼粪。\n\n
21365,502,陶磊,2016-02-28 09:14:06,7,16,9,很差 讲的困 给分烂
21811,502,陶磊,2016-03-01 07:05:27,7,17,10,分为什么突然变高了？
21837,502,陶磊,2016-03-01 08:00:23,7,14,7,分数有毒
22027,502,陶磊,2016-03-02 06:08:23,-9,13,22,论文你确定写的有深度？考试你确定全写对了？我觉得老师讲课水平确实一般，但是前面的评论太过片面，4.5的飘过
22125,502,陶磊,2016-03-02 12:06:56,10,18,8,论文没深度分低可以理解…………但挂科真的挺……大家也都是认真写的字数全超额
22128,502,陶磊,2016-03-02 12:13:37,10,19,9,我是挂科的，虽然并不认为自己论文写的非常有深度，也不要求高分，但是我觉得我字数超很多也有很多参考应该足够及格啊………我也写了很久的，还是挂了，打电话感觉老师有点逃避这个事情然后态度一般
22160,502,陶磊,2016-03-02 23:46:23,1,20,19,我实在不太理解前面同学的吐槽，我觉得论文根本不是看字数，而是看质量吧，否则写得多并没有什么卵用。我就只写了6000多，然后期中满分。4.8飘过
22500,502,陶磊,2016-03-07 03:39:10,-5,11,16,我的天当年我是怎么在他的课上期中期末都只写了3000字最后4.9的，看来不能再选了
22828,502,陶磊,2016-03-13 06:54:17,2,11,9,这门课挂了QAQ 被坑惨了 导致专业正好卡在边缘线上 很多推优资格也因为这个没有了
22829,502,陶磊,2016-03-13 06:59:29,8,16,8,之前的分明明2.7 为嘛突然变成7点多？
23181,502,陶磊,2016-03-21 06:00:27,3,12,9,在选这门课以前，我以为，讲的好，给分好，老师人好，起码是能有一样的，然而。→_→
23202,502,陶磊,2016-03-21 23:50:19,23,33,10,大家的意思是写了那么多字至少给及格吧，而不是说自己写的多好。通识课啊，这么较真给不及格的老师我真是服了。期中考试100分很容易和别人拉开50+的差距，这样折算就是总评直接差了15分以上 期末论文的相对来说差距并不会很大，期中考爆，期末你就一点机会都没有，不是不及格就是低分划过。
23350,502,陶磊,2016-03-25 14:33:34,1,9,8,因为这门课挂科正好掉在心仪专业门槛之下，阴沟里翻船的日了狗的心情。。。真是醉了。。。。。。。啊啊啊我真的没水啊啊啊为什么！！！！！！！！！！
23390,502,陶磊,2016-03-28 12:44:44,-5,8,13,听了很受益 比书上的翻译好得多
23730,502,陶磊,2016-04-14 01:57:03,2,10,8,我是真的奉劝大一上的人，以我大一上通识挂科的悲惨经历，千万别选这课，最起码大一别选。当我无数次看着因为通识挂科而远去的心仪专业，那种日了狗的心情我真的不想你们也体验一次。。。
23742,502,陶磊,2016-04-14 08:15:29,-7,12,19,他特么期末考试前还2.点几的评分现在突然变这么高了？是不是暗箱操作？下面评论区一片的骂声你好意思顶着7点多的评分招摇撞骗？滚吧滚粗浙大，你毁了多少人的专业梦想你知道吗？花了整整一个星期熬夜的论文，你还想怎么样？62分？滚吧，滚粗浙大
23773,502,陶磊,2016-04-16 03:45:47,-4,11,15,有一种行为叫误人子弟，老师本应该给学生创造未来，谁能想象一门通识让稳进的专业必须参加面试，让可以面试的专业没有了机会，我就想好好说一句，不懂学生的你我枉叫你一声老师。
23924,502,陶磊,2016-04-21 08:28:32,-1,8,9,辣鸡中的战斗机。我怀疑他反社会，真的，通识挂人也就算了，全58 59挂，什么意思啊我操，要是没见论文没去考试你给我挂我服，挂的不明不白，qnmlgb，专业被毁，我心里就是有怨气
24251,502,陶磊,2016-11-10 07:30:38,-3,4,7,...
24267,502,陶磊,2016-04-29 04:08:47,-2,10,12,哈哈课上基本没听，测试满分过（你懂的），期末论文字数压线过。居然上4了。所以说，测试很重要
24273,502,陶磊,2016-04-29 04:39:08,-1,10,11,不把学生前途当回事，随意给挂的老师
24298,502,陶磊,2016-04-29 08:55:21,-8,3,11,讲课挺顺溜的，不过有推销自己的意思。
24331,502,陶磊,2016-04-29 12:45:47,-1,4,5,呵呵哒。
24389,502,陶磊,2016-04-30 08:11:35,-2,8,10,浙大挂一科就不能保研，通识还随意给人挂的老师，真是毁人前途
24410,502,陶磊,2016-12-15 06:03:34,5,17,12,上面的评论讲的难道不是事实？他给的分数本来就非常苛刻还不准人讲了？或许一万字论文是达不到他要的水平但是作为刚进大学的学生拼死拼活写了一万字给人挂就很合理？
24459,502,陶磊,2016-04-30 14:32:49,15,25,10,看了那么评论，不好意思说了，他似乎只对我们历史系学生有偏爱。从上面均绩看应该是的。
24616,502,陶磊,2016-05-02 08:59:57,4,13,9,论文写了3000字一半自己写的 一半引用  引用的标在后面参考文献了 述而篇背得很熟  因为看到上面的评论比较害怕  才背得 最后上4了  还挺好呀我觉得 讲的也好\n\n
25596,502,陶磊,2016-05-27 02:54:07,3,7,4,强无敌
25686,502,陶磊,2016-06-26 11:04:16,-1,3,4,呵呵呵呵呵呵
25714,502,陶磊,2016-06-04 11:39:49,-4,5,9,坑我兄弟前程，呵呵
25715,502,陶磊,2016-06-04 11:39:58,-1,5,6,给分差劲
25990,502,陶磊,2016-06-15 02:50:57,2,10,8,看评论原来这么可怕，我一直觉得我周易4.2算通识里挺低的了，原来给分这么不好。期中考试我错了两题80分，论文写了很多。对了，我觉得论文要多写一点，3000字据老师的意思是很少很少的，大家加油。其实讲的也还可以啊，只是觉得周易好随意，怎么解释都可以TAT
28176,502,陶磊,2016-06-28 08:12:54,3,5,2,论文真的不看字数。。有自己的观点最重要。。以及期中全对就是王道。。
29200,502,陶磊,2016-06-29 11:36:37,-4,4,8,没有听大家伙儿的选了他的课，绩点猛掉0.4，看到成绩的时候，用鲁迅先生的话说，就是，竟出离了愤怒！！！！！
31685,502,陶磊,2016-07-04 13:10:29,20,42,22,感觉是历史系最牛的老师之一！学识渊博，治学严谨。上老师的秦汉法制史思路很清晰，越上越有兴趣！就是论文有些难写。。还有，通识挂科是自己做死抄袭，和老师没有关系。连学术道德都不讲还想保研？私以为不按照考场作弊取消学位已经算轻的了←_←
32814,502,陶磊,2016-07-15 04:48:44,20,35,15,陶老师的课是那种不好好听课、论文写不好、考试考不好就会挂科的人……论文写得好不好，不是看你写了多少字，也不是看你引用了多少文献，好论文就是好论文，渣论文就是渣论文……看到上面的论文十分寒心……陶老师最大的问题，大概就是不水吧？
36147,502,陶磊,2016-11-10 15:01:45,3,13,10,上课没听过，作业认真做了，论文刚达到字数要求。。。。但是4.8。。。\n\n对前边评论。。。有点无语
36339,502,陶磊,2016-11-12 04:18:46,-4,2,6,讲的比较无聊。。。但还可以
36667,502,陶磊,2016-11-15 09:09:57,-4,4,8,渣渣老师
38191,502,陶磊,2016-11-25 16:36:33,5,19,14,这里算恶意刷低分吧，那个1.19号发了那么多差评的人，而且很多低分表述都很像，而且给那些为陶老师澄清的人打负分让人家的评论下降有意思吗，自己挂科不检讨自己的问题，跑来刷低分。
38500,502,陶磊,2016-12-07 07:04:04,64,109,45,估计我的评论是没人看得到了，但是还是忍不住说几句。前面的同学有点过分了，被挂科不开心我能理解，但骂老师垃圾这种话是浙大学生应该说的吗？我是历史系的，刚刚上过陶老师的中国古代史专业课，分数还没出，但上老师的课受益确实匪浅。陶老师很有水平，前面乱喷的人请先读一读他的《斯文及其转型研究》以及他的博士论文，读懂了再来对他的水平进行评价。顺便一说，陶老师的博导是李学勤先生。所以那些东拼西凑的一万字论文就不要拿出来说了，自己的水平达不到老师的要求是你的问题。
38558,502,陶磊,2016-12-08 11:59:23,31,55,24,看不惯那些嘴里不干净的学生，身为浙大的学生就这种水平吗？陶老师当年是社科院和中科院双培养的，是李学勤先生的高足。难道你们都是抱着水课的目的来浙大的吗！
39264,502,陶磊,2016-12-22 00:59:46,-4,4,8,就是个智障\n\n
41465,502,陶磊,2017-01-12 00:41:59,20,23,3,虽然只有61还是给了10分，老师水平还是挺高的\n\n
41651,502,陶磊,2017-01-12 09:51:08,11,12,1,如果不是非常感兴趣、千万不要去听，上课一不留神就跟丢，不过老师还是很认真的吧……没有其他评论说的这么恐怖
41965,502,陶磊,2017-01-13 10:15:32,0,3,3,修行忍性
41967,502,陶磊,2017-01-13 10:18:00,-2,3,5,差，太差。给分巨低
49662,502,陶磊,2017-04-22 11:29:46,3,13,10,忍不住说几句。感觉这里有很多同学有点过分了，挂科不开心能理解，但是说出这些话真的好吗？！我是历史系的，上过陶老师的中国古代史专业课，分数尚可，但重要的是陶老师确实有水平，如果保证出勤率、论文东拼西凑就想着拿高分，那我就不多说了。是什么情况给大家一种学习很容易、不付出不给你高分是一种罪的错觉？一个认真对待自己的教学的老师，难道有错？
49694,502,陶磊,2017-04-24 12:36:47,-2,7,9,发现评论里有恶意刷分的诶……2016.11.26那个是一个人写的吧？老师上课说只有学术不端才会给挂啊
49960,502,陶磊,2017-04-27 15:55:50,15,22,7,上了陶老师的《四书》，感觉他每次上课一开始听起来比较无聊，但讲着讲着总会讲到很能给人启发的东西。有一次《论语·述而》默写，平时背一背《论语》，满分不难；最后交一篇论文，注明参考文献，写一些自己的感悟，不必写太多，三四千字就够。我最后拿了4.5。
50010,502,陶磊,2017-04-28 12:41:36,3,6,3,他是不会给学生机会的那种老师
50030,502,陶磊,2017-04-28 15:56:27,3,7,4,给分真的很差，我明明每节课都认真听了，而且课外还在看书，明明一个通识课，难度怎么高吗？简易这个老师的课还是别选。
50537,502,陶磊,2017-05-03 10:25:33,23,33,10,评论好惨烈，但是我想说四书最后93，绩点4.8  期中是默写论语述而，这个满分不难，期末是3000字论文，我写了6000字，不知道评论挂科和低空的怎么回事。讲课是真心好，虽然催眠，但是材料翔实，观点有深度，很温厚的风格。现在最后悔的就是没有好好听课，只认真听了几次...多大的损失啊。
50680,502,陶磊,2017-05-04 08:08:51,19,23,4,历史系学术能力最好的老师之一，也是目前历史系魏晋南北朝以前唯一的一位老师。对待学术认真严肃，想水水过的人最好不要选。
51501,502,陶磊,2017-06-06 15:15:16,3,9,6,评论里有些言辞真的过激了。只为分数来的学生你大可不必选陶老师的课。
51699,502,陶磊,2017-06-08 11:06:47,13,18,5,槽点难道不是学生学了作业交了他还给挂么。。这里说的人没看见要求高分了什么的。。你拿你自己的标准去要求可以啊，接受低分啊，为什么没旷课没旷考给人挂科？恕我直言我论文自己写的一个字没抄，59，对你没看错就是59。评论里有些同学没经历过莫名被挂的同学的心情就别站着说话不腰疼了行么。
55744,502,陶磊,2017-07-02 10:04:21,7,9,2,论文评分不是按字数来算的，是按论文质量来算的
56852,502,陶磊,2017-07-05 01:09:10,4,5,1,老师还是不错的吧
58244,502,陶磊,2017-08-27 12:40:01,0,0,0,不太好
58329,502,陶磊,2017-08-28 18:42:23,-2,0,2,差劲。\n\n
58645,502,陶磊,2017-09-12 05:38:47,-1,0,1,困死我
59105,502,陶磊,2017-09-19 13:12:57,4,6,2,我怀着一颗忐忑的心情去上四书，只求不要挂科，结果最后有3.9，陶老师真的不是故意给低分啊，论文认真点就不会太差，虽然也不会高......\n\n不过除非是对孔孟有兴趣的人，上这门课其实挺治疗失眠症，看得出陶老师学问之高
59113,502,陶磊,2017-09-19 22:53:25,-1,0,1,想睡觉 讲话之间停顿太久
59166,502,陶磊,2017-09-20 04:43:24,-1,0,1,上课略微枯燥
62078,502,陶磊,2017-11-22 10:47:59,0,1,1,……哈哈哈
62246,502,陶磊,2017-11-23 11:53:07,5,7,2,感觉评分不应该这么低，老师讲课是有点波澜不惊，但仔细听还是挺有意思的，给分的话，只要认真对待，论文认真写，应该分数也不会低，作为一个外系的修了秦汉法制史研究，有4.8，不过建议感兴趣的同学选，不感兴趣会觉得很枯燥
62916,502,陶磊,2017-11-27 10:42:47,9,10,1,老师上的历史系的专业选修课是很有收获的，陶老师有很多自己的独到见解，他的课你认真听是可以学到很多的
65325,502,陶磊,2018-01-03 04:08:54,32,41,9,说老师差的人不知道是抱着怎样的心态来选这门课的。。。。陶磊老师专业水平很好，讲课很投入，能学到很多东西。人也很好，会很耐心地答疑(哪怕是因为上课走神没听到的内容)。周易课没有作业，期中考只要认真背了六十四卦都可以过，期末论文好好写，怎么会绩杀
65658,502,陶磊,2018-01-08 05:17:51,-6,0,6,很苛刻
67582,502,陶磊,2018-01-21 14:58:45,2,3,1,虽然绩点。。。不过好歹合格了，10分！老师的学问确实高深，相信有兴趣且愿花额外时间学习的同学会大有所获！
67595,502,陶磊,2018-01-21 15:39:28,5,6,1,周易 。我平时也水 期中也没怎么背 期末也就凑了3000字 82分班级平均吧 。不知道挂科的人是在干啥
67608,502,陶磊,2018-01-22 00:23:26,5,8,3,期中拿了80分，论文连着写了四天，因为听说论文不好，可能会挂。后来绩点3.9，相对于挂科而言，我还是很开心的。你认认真真怎么会挂。
67616,502,陶磊,2018-01-22 02:00:51,16,17,1,好好背卦 认真写论文（字数不用太多 认真写就行） 拿了4.8 \n\n  不要被有些人误导 老师上课很认真也严谨 是不水的课 真正想学东西推荐选
67670,502,陶磊,2018-01-22 04:46:09,9,15,6,上的是周易与中国文化，不同同学境遇也不一样，我就说说我的看法。个人认为周老师讲得挺好的，如果你感兴趣的话他说的内容还是挺有意思的，也好接受。问他问题他也会耐心解答。64卦好好背啊，论文不是前人说的内容的堆砌来添字数，说说自己的观点想法。（本来以为能满绩，结果只有4.8…【删除】哎我知道你们要踩的，那就踩吧，可怜的我也就只能靠靠通识课拉拉学分了）
67997,502,陶磊,2018-01-22 12:56:00,7,11,4,觉得每个学周易的人都特别可爱，因为都认为自己的理解很有道理hhh我觉得陶老师水平还是蛮高的，上课材料准备也很充分。教给了我读周易的另一种路径，开阔了我的思路。最后我决定以后回浙大教周易，给诸位都满绩。（逃
69718,502,陶磊,2018-01-25 09:10:48,14,14,0,老师讲课挺深刻的，内容充实，只要自己认真对待，成绩也不会太差，老师给分挺不错的。
71506,502,陶磊,2018-01-28 14:14:37,-1,1,2,珍爱均绩
74402,502,陶磊,2018-02-19 07:09:29,5,6,1,周易与中国文化：老师给分好像也没这么坑吧。上课听好，做好笔记，背好卦及与之相关的知识点，论文认真写（按老师上课时讲解的思路也可以），成绩不会差的，除非你论文抄袭了。还有，论文不以字数定优劣，自己的观点很重要！！
74414,502,陶磊,2018-02-20 06:09:34,3,3,0,观点和知识储备很丰富，蛮不错的
74933,502,陶磊,2018-03-06 13:55:00,8,11,3,很有水平的老师。看了那么多评论。只想说大一学生确实在诸多方面欠缺，遇到高水平高要求的老师是很大的挑战，问题在于，多次退课机会都没有退课，为什么不好好提升自己的知识水平与论文写作水平呢？\n\n另外论文不在于字数，也不在于你是不是都是自己写的，一点都不参考的论文，恕我直言，学者都写不出来吧？论文的质量在于行文逻辑参考文献是否有新见解新方法新材料等等。见过许多大一学生盲目恶竞，确实是不认清自己的水平就好高骛远。
75009,502,陶磊,2018-03-07 03:38:14,6,6,0,上课干货满满，上课水平很好，很有趣。对论文抄袭肯定不允许。给分也好。历史系学生评。
75733,502,陶磊,2018-03-16 01:07:04,-3,1,4,给分特别不好
76359,502,陶磊,2018-04-04 06:25:18,-1,0,1,
77109,502,陶磊,2018-05-02 08:11:51,7,7,0,老师人真的很nice啊，课上讲的东西其实超优秀的。平时不点名，最后一次期中考试，37条论语稍微背一下都没问题，期末论文完全没有恶竞啊，要求3000字以上，4000左右就OK了！除了老师本人的确是不修边幅........但是课很好啊
77110,502,陶磊,2018-05-02 08:15:14,8,11,3,4.8嘻嘻。真的是很好的老师，绝对不水，讲课超级棒满堂都是干货每节课笔记能记一大堆老师特别严谨认真学术，结合当下的时代问题确实能引发很多思考，被哲学三问困惑得不行的时候好好听课感觉能得到灵魂的升华。期中测验默写论语述而篇只要好好背很容易满分。论文好好写保持严谨就行，我就写了3k。我是中文系的。
77113,502,陶磊,2018-05-02 08:28:40,17,19,2,真的要来证明陶老师真的赞赞?\n\n课上的那么好的老师不多的！\n\n不点名 期中认真准备都给满\n\n论文写出见解要求也不会严\n\n我就三千多一点点4.8\n\n有兴趣的真的可以选 客观而真诚
77171,502,陶磊,2018-05-03 09:34:29,6,6,0,刚上完老师的四书课，收获满满真的，中间有个论语默写背背绝对满占30分，最后论文我写了最低字数最后绩点4.5，最有意义的通识课，真的，不要瞎信某些评论，多找找自己的问题吧。
77475,502,陶磊,2018-05-06 02:54:04,5,5,0,老师的知识真的很渊博，虽然有时候会有些偏激，但他是很冷静的分析出来的，也是给了大家一个新的视角。四书课并未投入多大精力，把老师布置的任务认真完成，最后给分很好。
77529,502,陶磊,2018-05-06 09:19:18,3,3,0,理科生，连着两个学期上了老师的两门通识，周易与四书，期中测验都满分，期末论文都写4000左右，最后都有4.8。老师人很好hhh
77554,502,陶磊,2018-05-06 12:13:35,8,8,0,很渊博，认真听很有收获，很感谢老师的高绩点，比心(｡･ω･｡)ﾉ♡
81165,502,陶磊,2018-07-04 07:52:11,5,7,2,历史系目前水平最高，没有之一。
86368,502,陶磊,2018-09-14 05:05:18,5,5,0,之前看查老师评论非常忐忑，但还是真的太像上这门课了，就抱着挂了就挂了，没关系的心态。 结果真的是太让人惊喜了，陶老师讲的很好，听进去了就会觉得非常有意思!真的学到了东西，很开心～
86823,502,陶磊,2018-09-19 02:51:48,-3,4,7,上课没有逻辑，讲的内容关联性不够，越讲越扯。不知道给分怎么样。看到楼上有人说他是历史系最好的老师，是不是对我们历史系更多渊博优秀的老师有什么误解？??
87293,502,陶磊,2018-09-26 16:15:13,4,5,1,老师真的是知识渊博，而且思考问题非常深入，课上学到了很多东西。很荣幸能上到陶老师的课∩_∩
89752,502,陶磊,2018-11-20 15:02:32,0,0,0,很有深度
92127,502,陶磊,2018-12-26 13:39:49,3,4,1,上过古代史，超喜欢听老师讲课，觉得老师超级有思想。自从上过他的课后，又偷偷跑去旁听通识课，每次听课都会深受启发。对于一些评论，我想说，你可以对老师给低分表示不满，但请你不要随便质疑老师的学术水平以及老师的为人。请不要“唯分数论”。
92197,502,陶磊,2018-12-27 04:03:57,0,1,1,陶老师真的是好老师，专业水平非常高，听他上课好像在听讲座，真的能学到很多东西，上面的评论太让人难过了，不知道你们的评价标准是什么。
93043,502,陶磊,2019-01-07 06:00:10,0,0,0,
94293,502,陶磊,2019-01-16 06:02:12,1,1,0,很好的一门通识课，真的了解了很多周易的知识，适合感兴趣的同学，给分也挺好的，论文只要不是抄的，考试准备下，分数就没问题
94378,502,陶磊,2019-01-16 09:03:28,2,2,0,? 后悔没有好好多听点老师的课，不点名又给分好，爱了
94420,502,陶磊,2019-01-16 11:21:48,4,4,0,老师讲课很好啊，虽然我是一个工科生，但对中华的传统文化很感兴趣。期中考的很简单，期末论文想好好写来着，但拖到最后还是有点匆忙。也只写了要求的三千字，最后成绩85，虽然不高，但感觉就是正常通识课的成绩啊。不知道上面各位同学10000字还挂的是为什么。（记得老师说过抄袭零分？）
95268,502,陶磊,2019-01-19 06:22:45,4,4,0,虽然我没好好听过，但是老师水平很高，论文用心写就行，我写了4K，最后4.2
95280,502,陶磊,2019-01-19 06:44:47,2,2,0,真好，没有挂
95329,502,陶磊,2019-01-19 08:23:55,1,1,0,真的好\n\n老师知识渊博比较严肃，但是会认真听学生问题，给分也很好呀
95449,502,陶磊,2019-01-19 12:02:19,2,2,0,说实话对这门课的绩点一开始是没抱什么希望的，甚至都做好了挂的打算（大一选课学分少才没敢退）。刚开始上的几门课觉得挺无聊的，讲的东西没什么用，但越听到后面越觉得有意思，收获很大，挺后悔为了应付其他课的考试有几节课没怎么认真听的。平时两篇读书报告，期末一篇论文，3000多字就足够，字数多也不会占优势，可能更在意的是内容吧。其实我自己感觉写的东西都不怎么好，但真真实实是有感而发，差不多都是自己敲出来的文字。期末拿了4.5的绩点真的太出乎意料了，开心的要在寝室飞起来。下学期也选了老师的课，这次一定认认真真的听完每一堂课。
95780,502,陶磊,2019-01-20 04:36:56,3,3,0,给大家安利老师的一本书 斯文及其转型研究~ps这里的一些评论真的是自己菜怪老师的典型代表。
97846,502,陶磊,2019-01-22 23:50:07,3,3,0,老师有时候会讲一些有点老，比较冷的梗，会有一点点小尬。但是人挺好的。哈哈哈。
100444,502,陶磊,2019-01-26 06:39:36,2,2,0,老师学问渊博上课一本正经，评分标准就是一场考试加一篇论文，没有任何签到。但是不建群不给复习资料，想复习去网上一搜全是风水，论文要求还很高，老师不喜欢就是低分预定。。建议为了拿学分去上的就死了这个心。。
101945,502,陶磊,2019-01-30 00:28:39,-1,1,2,不咋滴\n\n
102106,502,陶磊,2019-01-30 12:46:36,2,2,0,4分确实低了
102205,502,陶磊,2019-01-31 10:57:15,1,2,1,真不明白为什么《周易与中国文化》会挂，期中考试只要背好六十四卦30分简直就像白捡一样，希望那些标榜自己论文写得很用心的人也稍微透露一下自己的期中分数，不按老师的要求来却抱怨老师给分不好，真是宽以侓己，严于待人啊
104625,502,陶磊,2019-03-25 11:07:00,2,3,1,我不知道该怎么说。给大家一个教训吧。我是四书，期中考试的默写内容不是自己选的。我是因为这个平时分30得0分，估计要挂了，大家引以为戒吧。
105863,502,陶磊,2019-04-22 08:02:57,1,1,0,我要强推这门课！不点名，写论文只要注意学术规范，这种通识课真的很nice，默写也是轻松的，放题前陶老师还叫我们不要紧张hhh，作为一个要转校区的人只想着不要被挂科，成绩一出来真的很惊喜，论文认真码了两天，改了一天，引用的都标出来，在老师看来这是阅读量的体现，虽然查老师评分并不高，但陶老师的通识课还是坐满的。
105871,502,陶磊,2019-04-22 12:02:22,0,1,1,认真听老师的规范，期中认真背，论文认真写，绝对不会挂，给分蛮好。
105889,502,陶磊,2019-04-22 15:57:42,0,0,0,绩点无语
105896,502,陶磊,2019-04-23 01:29:19,0,0,0,这学期上的四书，期中认真背了感觉写的没问题30分应该是拿到了的，我不知道期末论文给分怎么会这样，绩点一出来简直吓了我一跳，这得烂成啥样期末成绩才这么点分，只能说勉强没挂
105912,502,陶磊,2019-05-06 04:51:56,3,4,1,挺好的，非常认真负责\n\n
105913,502,陶磊,2019-04-23 04:11:25,0,2,2,（不给10分对不起老师给我的4.8）我期中论语述而认认真真背的 默写自认为全对hhh 然后期末老师要求的三千字论文我其实只写了两千五的大白话 但是都是自己写的 那些动不动一万七千的没必要真没必要
105922,502,陶磊,2019-04-28 09:26:04,9,9,0,老实讲，老师水平太高，上通识课太可惜了，浪费时间精力
105968,502,陶磊,2019-04-24 00:38:18,0,0,0,还可以
105970,502,陶磊,2019-04-24 01:12:55,4,4,0,《四书》要求背一章论语写一篇论文。论文我认真写了，最后成绩还可。原本是抱着评论里说的都不是《四书》的大胆猜想选的课，结果确实没令我失望。帮老师拉高一点评分吧。
105979,502,陶磊,2019-04-24 03:13:20,0,3,3,老师讲课确实催眠 喜欢抨击现实 怀念过去 感觉是一个对现实并无希望的中年油腻 看啥都看不惯 但是据说学术上很严谨 看了他《斯文及其转型研究》不敢妄发评论 只能说陶先生并不像有些人说得那么差劲 但是也确实难以让人 十分喜愛
105990,502,陶磊,2019-04-24 04:59:56,3,3,0,《四书》。陶老师的课气氛确实比较沉闷，但认认真真听了之后发现很有意思，会产生对自我人格的思考。事情不多，也就期中默写加期末论文，认真点绩点不会低的。
106030,502,陶磊,2019-04-24 11:59:41,3,3,0,如沐春风
106285,502,陶磊,2019-04-26 06:38:15,3,3,0,【秦汉法制史研究】上个学期上了老师的课，跑过来评论一下，这门课还是很不错的，上课干货比较多，讲的一些案例还挺有趣。不过老师声音有点催眠是真的。期末是文献综述，写了5000字，平时作业是两篇读书报告，最后4.2，我觉得还可以了。因为我也不是学历史的学生，学术水平也不咋地，老师给这个分还是挺客观的。
106287,502,陶磊,2019-04-26 06:56:53,2,2,0,真的好好背论语，写好论文，分就不会低，那些说给分不好的，是不是需要从自己身上找找原因呢？
107778,502,陶磊,2019-05-09 11:00:01,2,2,0,给分还可以的
107851,502,陶磊,2019-05-10 11:11:14,1,1,0,之前给分低了
107990,502,陶磊,2019-05-12 14:38:11,0,0,0,不点名，课还不错
108894,502,陶磊,2019-06-04 00:11:10,6,6,0,历史系学生，很高兴大家遇到了我最喜欢的历史老师。
110505,502,陶磊,2019-06-27 07:40:35,5,6,1,老师的秦汉法制史很有意思，这节课还是有很多收获的，我不是历史系的学生，刚开始老师的书不太看得懂，不过老师的斯文及其转型研究和德礼 道法 斯文重建挺好看的(^^)
110683,502,陶磊,2019-06-28 04:19:06,1,2,1,秦汉法制史 我不是历史系的 老师的书看的不是很懂  但是老师讲课如果认真听的话真的讲的很好   不知道为什么评分那么低  事儿也不多  期中一个读书报告期末一个文献综述  我都只写了2900多  三千都没到  但还是给了4.5    很满意
111629,502,陶磊,2019-07-02 09:00:45,1,2,1,1.讲得很好。\n\n2.感觉跟我一个高中同学很像。\n\n3.本人佛系，不计较绩点，但也不低。
116004,502,陶磊,2019-08-29 02:33:47,2,2,0,老师知识水平整体来说还是很高的，为我打开了理解问题的新角度，但是讲课思路不是很清楚，导致听课听得有点混乱。
116103,502,陶磊,2019-09-03 16:28:21,0,2,2,求求你做个人吧
116104,502,陶磊,2019-09-03 16:28:24,3,3,0,台上讲课，台下打论文
116105,502,陶磊,2019-09-03 16:26:59,-11,3,14,讲课就跟打拳击一样 tm在打散打 左讲一点点右讲一点点 最后随便写个鸡巴论文
119101,502,陶磊,2019-11-10 10:08:51,4,4,0,老师是很有真才实学的，论文的话，一定要有自己的见解
121253,502,陶磊,2019-12-25 10:43:33,4,4,0,老师讲课真的很好，可惜下面的学生多是水的，不好好学，还骂老师，真是丢脸，浙大……\n\n
121350,502,陶磊,2019-12-18 11:02:08,-2,1,3,績點2.5
122962,502,陶磊,2020-04-26 07:46:47,0,0,0,学术水平没得说，很厉害。论文还请好好写。四书听了很有收获。
122972,502,陶磊,2020-04-27 05:52:38,-3,2,5,钉钉时代前来评分。\n\n选的是四书。\n\n上课:其实仔细听老师讲得不错，但是我因为网课，都没有很认真地听课过，一般水手机或者做其他课作业，老师就让你签个到，不会提问，也不要求发言。\n\n作业:无。\n\n考试:期中本来是默写论语，网课的缘故取消啦。期末一篇论文，关于论语孟子的，高中语文120以上的话都可以应付了，写的时候认真一点，避免抄袭。\n\n给分:我4.5，论文写的嘛，自己觉得一般般吧
123018,502,陶磊,2020-04-30 17:12:32,1,1,0,还是想谢谢老师，打破了我的侥幸心理，提醒了我一个大学生应该有的学习态度。
134674,502,陶磊,2021-04-08 10:34:57,8,9,1,有时候真的很心疼老师。老师人蛮好的其实
134924,502,陶磊,2021-04-22 15:59:33,4,4,0,刚刚结课，感觉老师的学术水平是很高的，观点也非常具有启发性，虽然不知道成绩如何，作为非历史系学生还是很喜欢老师上课的
135078,502,陶磊,2021-04-29 08:20:53,0,1,1,一般般
135084,502,陶磊,2021-04-29 12:48:22,3,3,0,老师的四书课挺不错的，事少给分好
137806,502,陶磊,2021-07-06 08:16:51,6,7,1,我觉得陶老师学识渊博，讲课有深度，认真听会有收获的。只是可能略微有点催眠罢了。这学期机缘巧合的选了两次陶老师的课，一次是《四书》与中华民族精神，这门课是中期要默写论语，结课时交一篇论文，我因为默写没有好好准备，导致绩点只有三点多。另外一课就是秦汉法制史研究了，交中期交一次读书报告，结课交论文。老师不点名，课程内容也挺有意思的。因为写论文去看了一下老师的著作《斯文及其转型研究》，对历史分析角度独到，专业水平也很高。最后绩点4.5了。总之，老师给分挺好的，认真写论文绩点不会差。
138210,502,陶磊,2021-07-08 02:47:56,2,2,0,蛮好的，很喜欢宇宙论的理论
151197,502,陶磊,2022-02-24 10:20:08,4,4,0,大一的时候上了陶磊老师的古史传说研究，老师讲课有一种娓娓道来的感觉，虽然是大三专业课但是老师发现班级里基本上没有大三历史系的同学后真的非常耐心，讲了很多感觉对于大三历史系来说是常识的东西，挺感动的qwq以及感觉我当时写的就是学术垃圾，老师也没有挂我，说明老师对于低年级学生还是挺宽容的，态度端正一点就行了吧orz
152713,502,陶磊,2022-04-18 16:34:24,2,2,0,四书课很有收获\n\n作为一个没什么人文素养的理工科学生，选不到别的通识课了不得已选了这样一门人文的通识课，做好了文章写得差被绩杀的准备，出分居然上四了，感恩（\n\n不过这学期事情不算少，而且对我来说写文章真的很难，属于特别不擅长的事，所以也花了不少时间，这个分数也算是对得起努力憋字的我吧
152718,502,陶磊,2022-04-19 01:49:13,0,1,1,老师水平很高，讲的真的也很好，如果你对四书有关的内容感兴趣，陶老师的这门课可以开拓这方面的视野，非常适合。
152798,502,陶磊,2022-04-20 03:14:26,0,1,1,老师事情不多，平时只有三篇文章+三千字期末论文。但是感觉自己写得还算认真的，只有3.9。有点难过。
155319,502,陶磊,2022-06-10 17:32:04,4,4,0,我爱我爱磊磊！！！！！我的男神！！
156455,502,陶磊,2022-06-20 00:32:01,7,8,1,好老师!水平很高!上的是秦汉法制史研究，内容会有些听不懂，但认真听收获还是很多的，考核是一篇读书报告/研究综述，期末一篇论文/研究综述，我觉得自己写的很垃圾，但还是有4.5。
156543,502,陶磊,2022-06-20 08:24:22,5,5,0,老师很博学，讲课有点困困（我的原因），为了写读书报告硬啃完了《斯文及其转型研究》，虽然费劲但是收获很大，对于先秦哲学思想史和政治理论有了很大认识，推荐！
156569,502,陶磊,2022-06-20 09:33:08,9,10,1,磊磊，为了你，我变成狼人模样，守护全世界最好的磊磊。（他真的很可爱，长的很凶但其实很随和，对学生很有礼貌，解答问题你说谢谢他一定要回一句不客气的那种，思想也很深刻虽然我现在还理解不了，但是不妨碍我崇拜磊磊!）
156681,502,陶磊,2022-06-20 15:09:36,4,4,0,老师是一个很有思想的人，长得比较凶（刮了胡子之后会好很多甚至有点可爱），老师有一套自己的完备的理论，这点真的非常厉害（虽然感觉混入亚里士多德四因说有点奇怪）。总之真的很喜欢他，他的书也很好看！
156838,502,陶磊,2022-06-21 05:35:59,3,3,0,古史传说研究均绩掉了？之前上的时候均绩挺高的好像\n\n陶磊老师人挺好的，可惜我太废物了呜呜。听他的课确实挺累，但是真的启发特别大，虽然感觉他的研究方式有点奇怪，但是他作为任课老师绝对合格。上个学期学四书与中华民族精神，整体而言比较推荐有一定文史兴趣/基础的同学选（如果只是想选个通识水学分的同学还是避开吧，老师是以对待专业课的态度教学的，部分内容也比较学术，而且老师重要的研究方式是中西方对比，会涉及到一点点希腊哲学内容）
164383,502,陶磊,2022-12-20 13:22:44,0,1,1,磊磊真的超级不错的，看起来很凶但是超级温和，有很多自己的想法，而且回钉钉消息超级快，很负责也很友善的老师！
171653,502,陶磊,2023-03-31 03:32:36,-15,3,18,无可否认老师的历史水平 确实很高 但他试图为我们讲清历史的知识逻辑研究方法 就暴露出了他极其粗鄙而浅陋的哲学素养
172388,502,陶磊,2023-04-26 03:19:16,3,5,2,就是按时交了作业，也没有卷论文字数，最后给了4.2
176036,502,陶磊,2023-06-27 13:04:03,1,2,1,听陶老师的课真的可以收获很多！虽然老师有自己的一套体系，经常听不懂，但是他一直很耐心，回钉钉消息也很快，而且非常温和，这就是大儒吧（星星眼）
176315,502,陶磊,2023-06-28 10:50:59,9,9,0,7／10\n\n上的中国古代史课，老师讲课自成体系，有自己对于历史的思考，但是学到的先秦史具体知识很少，更多得讲理论。很爱谈哲学，但是谈到哲学范畴，就会讲得混乱，思维不清晰，存在中西偏见。
183025,502,陶磊,2023-11-21 14:44:20,6,8,2,现在不算绩杀了，也不点名，给个好评，谢谢老师
191508,502,陶磊,2024-04-24 14:35:16,-4,1,5,大水课绩点3.3，真的无语了。作业要求巨模糊，期末论文自己写的，我水平低，写得烂也就罢了，平时作业交上去也不知道自己写的好不好，问就是都差不多，连我进步的机会都不给。这么不负责你还当什么老师啊。也许其他人没这些问题吧，真心喜欢四书五经与古代传统文化大胆选吧。
193071,502,陶磊,2024-06-03 08:19:58,0,2,2,3.3bd，有点伤心，最低的一门通识。虽然期末论文写的确实不怎么样，但是听助教说平时分45%几乎给满，陶磊老师感觉要求会比较严格
195485,502,陶磊,2024-06-28 09:22:38,5,6,1,秦汉法制史研究，，，之前看查老师上的评论，心里还很忐忑，因为是跨专业，没有深入研究的时间和兴趣，期中读书报告和期末论文都是缝缝补补的，最后居然拿了4.5，虽然只比上面的均绩高了一点点，对我来说已经很好了，而且陶老师不点名啊，讲的很棒（虽然翘了很多早八），有兴趣的听一听还是很不错的
218352,502,陶磊,2025-04-23 01:21:40,1,2,1,不建议非相关专业的学生和大一学生选课（我的是四书，不知道其他课怎么样），非专业学生上课听着真的很累，基本听不太明白。本人平时对这些古籍算是有兴趣的，论文和读书报告除了找资料和文献用了AI，整合和撰写主要观点论证的地方都是自己完成的，是有史以来写的最认真的文章，结果最后只有3.3的绩点，连八十分都没有，真的很伤心，也或许是我太不自量力了吧选这门课，本身难度就挺大的。（没有骂老师的意思，只是评价课程给分）
4184,546,王云路,2015-07-14 14:31:27,20,28,8,课是很好，但真的太不水了，给分确实低，非专业人员根本无法同台竞技
5476,546,王云路,2015-07-07 23:55:52,2,7,5,老师蛮牛逼得，也挺博学，就是有时候很严厉，选上课了就听讲吧
7271,546,王云路,2015-09-12 13:08:08,-4,4,8,好
8300,546,王云路,2015-09-18 04:53:08,-2,7,9,老师很博学，能学到很多东西，刷分的确不容易。
13652,546,王云路,2015-12-30 08:37:05,7,12,5,不好啊
21458,546,王云路,2016-02-29 02:07:16,0,4,4,有点慌的
32150,546,王云路,2016-07-05 23:07:28,-4,9,13,老师挺博学，介绍自己的名字也会给一些建议，蛮不错的，助教都很棒，男助教很帅，女助教很漂亮。 喜欢可爱的学姐。给分也还好，只要认真付出 总能得到自己想要的成绩。
32510,546,王云路,2016-07-07 09:09:59,-6,8,14,干货很多，学姐超级亲~\n\n努力学一下90+还是容易的，那些说给分不好不能同台竞技的…毕竟通核，还是要下些辛苦
47208,546,王云路,2017-06-07 05:22:22,-3,2,5,很好的
60498,546,王云路,2017-10-22 12:40:50,34,38,4,太累了，作业超多
63502,546,王云路,2017-12-05 09:47:54,12,14,2,事情多，经常拖堂20分钟
63644,546,王云路,2017-12-11 10:39:23,11,16,5,非常不喜欢这个老师
64591,546,王云路,2017-12-25 11:34:17,20,40,20,太好了，我只要压过小组其他人，抢着去展示就能确保期末80分，那我绝壁期末考不复习也可以了，棒棒棒！
64812,546,王云路,2018-01-03 06:27:17,20,25,5,道理我都懂，但是为什么大课小课都要听展示啊
64861,546,王云路,2018-01-08 12:24:06,6,13,7,辣鸡老师，毁人不倦
64999,546,王云路,2017-12-28 07:14:15,7,10,3,虽然不知道怎么评价这个老师，但是助教姐姐人很好哇
66372,546,王云路,2018-01-15 12:39:09,16,20,4,老师很渊博，但是上课能不能注意一下时间分配...
67468,546,王云路,2018-01-21 09:08:48,10,13,3,事情多，小组展示每节课都有，而且每次上课都拖堂！ 晚上八点下课的课可以拖到九点而且中间还不下课！！！
67606,546,王云路,2018-01-21 23:38:20,21,32,11,实名表白助教刘芳，人美温柔善良大方，把所有褒义词用在这都不嫌多。\n\n我是迷弟陈慧澜
72075,546,王云路,2018-01-29 09:55:26,8,10,2,反正出分慢，事情多，主观性太强，事情太多。其他的也不好。。。助教人好！！！
72181,546,王云路,2018-01-29 13:58:57,4,6,2,老师上课每节课都拖堂，晚上八点的课可以拖堂到九点钟，每节大课小课都要暂时 每个小组要做10次展示 平均下来每个人都要做3次以上 很辛苦很心累 唯一好的地方就是助教姐姐超级亲！！
72215,546,王云路,2018-01-29 14:42:03,11,14,3,事多，给分差，平时不表现分不会高，就这样。
72226,546,王云路,2018-01-29 14:52:58,8,11,3,每节课小组展示没拿到最好也排名不靠后，就因为没去大课展示就没有80？期末所有内容都从资料找到了能绩杀到比专业课低我也是佩服
72273,546,王云路,2018-01-29 22:22:48,3,7,4,事多，经常拖堂，就因为平时表现不积极，就只能拿低分了，平时上课（从某种意义上说）真的讲课只有最后半小时，再拖堂讲自己的课
72279,546,王云路,2018-01-30 07:07:11,16,20,4,本以为认认真真就可以取得一个好成绩，诶…只能感叹，一定要足够足够足够跳…如果大家时间很紧，那建议不要选，否则你花了一半多课余时间，也未必能换取一个中等的绩点。而且压堂…emmm…老师是好的老师，不过可能不是很习惯本科生教学？至少每一节课将近两个小时都在让同学讲讨论课听过的东西…而且自己题目作业留的很大，然后点评学生的题目做的大？？？我觉得是在浪费时间。更有趣的是，学这门课，可能不需要有很多古诗背诵，只要想尽办法让老师开心，就挺稳。而且你要做好，第二天展示，前一天晚上留作业的准备…
72289,546,王云路,2018-01-29 22:32:49,12,15,3,几乎每周一次展示，最后每周五还要写所有问题的总结答案，但是为啥大课上要再来一遍，听每个小班最好的展示(我们都查过了的啊)。。。。然后拖堂，我也是醉了，不理解老师怎么想的，如果你是这个专业的，应该还好，但是别的专业的，如果课不多(尤其是周二和周三)，可以选这门课试一试，否则尽量别选这门课。虽然最后考试书上都可以找到，但是平时的表现更重要？谁知道了……平时多表现吧。以及承认最低80的条件，就在我下面的评论里。心累。。。。。
72647,546,王云路,2018-01-30 15:19:53,8,8,0,通核课里事算最多的了吧，展示展示拖堂拖堂，慎重
72917,546,王云路,2018-01-31 10:45:53,8,11,3,说说话挺烂的，哪怕老师是郭在贻先生的高才，哪怕我的确对训诂学音韵学感兴趣，但我上这个课不是为了每次都听其他半吊子同学展示的。另外这课最后的成绩是和各位一个学期的浪费在这个课上的时间不对等的，选课慎重。
72922,546,王云路,2019-01-21 08:35:36,-18,7,25,评价都是一边倒，说句实在话，老师确实拖堂，也不是很能跟上年轻人的节奏，但是我觉得认真做任务，做展示，写论文的话成绩并不会差。还有说期末都翻到成绩还是不好的，是因为考试比较简单，估计大家都能翻到。所以请反思一下自己是不是真的有认真思考以后的想法，仅仅抄书上的内容的话想拿高分是不可能的。
73288,546,王云路,2018-02-01 09:27:35,8,10,2,除了迷就是迷…冲着这门课的课题来的，结果真的能学到的东西少得可怜。理解老师想让同学参与课堂的心，但是每周都展示交作业评分……课堂质量一言难尽，付出时间与成绩不成正比，助教人很好。慎重选课…
75438,546,王云路,2018-03-12 01:56:29,5,5,0,事确实很多的，时间也得花费很多，但是很可能最终得到的分数与自己所花的时间难成正比，可能是老师以研究生的要求对待我们吧，自我感觉论文一定要慎重，平时一定要表现！
86416,546,王云路,2018-09-15 16:36:28,3,4,1,事多是真的，给分严也是真的，毕竟是通核，选上的话认命好好干就完事儿了，还是能学点东西的（但也就是一点而已……真心不如自学的东西多…我不想听您和您老师和您朋友和您爱人的故事啊……我只想听听关于古代文化的……罢了不说了）
87906,546,王云路,2018-10-17 11:22:35,3,3,0,要背诗！还抽查！事多慎选
89042,546,王云路,2018-11-14 13:53:04,7,7,0,尽管老师年纪大了，但在同学展示的时候随意打断，感觉没有风度
89269,546,王云路,2018-11-18 00:57:32,2,3,1,助教姐姐太好了 表白hy小姐姐
91674,546,王云路,2018-12-17 14:56:33,1,1,0,拖堂严重，因为不拖堂根本听不到老师讲的内容…基本是小组展示，听过又听。抽背古诗这一点可以理解，挺好的措施。但为什么大课展示只提前几个小时通知？？？隔周就展示一次。。不如一周一组，时间长一点更有意思。。相同的题目两个组讲，总有重复内容。事情是真的多，只为了通核不看绩点的尽管来。期末还有联欢晚会…确定欢得起来？老师个人讲课不错，至少第一节课给我感受非常好，但后续加入小课中优秀小组展示挺失望的，老师也根本来不及对同一个问题作她的讲解。
91910,546,王云路,2018-12-24 15:53:10,7,7,0,不行了，真的不行了，事情多到比医学专业课的事情还多也是没谁了……千万不要选不要选不要选
93356,546,王云路,2019-01-09 07:00:10,7,7,0,虽然的确不是很喜欢，但是感觉评分有点低emmm，老师学术能力给9分，上课观感倒扣2分。正在上，快期末了，有点生她的气，可能也有我自己的原因，我单纯和她合不来。老师很渊博，讲课时能学到很多知识和思维方法，但是讲课时间太少了。事情真的多，小组每周有思考题要做，个人每周要写读书笔记，还有一个说名解字。大课展示讨论课的内容真的很浪费时间，我自己上去展示的时候都觉得对不住小班的同学。拖堂尤其不能忍，论文报告会拖了整整一节课，还是选了十二位同学，不知道每组都要上的联欢会要拖几小时……但是真的很喜欢助教小姐姐，助教小姐姐是我上课的动力……
96661,546,王云路,2019-01-21 08:46:41,1,3,2,助教真好，老师讲课真水，大课都展示用了，老师讲课的时间不到一半，所以到底讲了什么呢？个人感觉老师很有水平，但是讲课质量急需提高，而且事情贼多，展示，说名解字一堆事情，不是对这方面有兴趣或者没有功底的慎选，会很惨的。
99918,546,王云路,2019-01-25 09:44:42,16,16,0,"我自认在查老师给分很极端，喜欢十分不喜欢一分，但是对于王教授，我给了6分。希望大家在选择这门课时能参考一下我客观的理由。\n\n1.课程内容\n\n首先，不可否认的是，古汉语与古诗文是需要热爱与造诣的一门科目。我是一名工科生，但我自认为还是很热爱的。课程的难度比较大，我觉得有所成对于短期且非专业的我来说是不可能的，所以姑且把其当做对情操的陶冶和培育。\n\n2.课程考核\n\n相信很多的人最关注这一方面。通核任务都很多，对于这门课来说，需要每周一篇读书笔记，一个2000多字的论文，重要的是每周的小组作业。此外，最后一堂课，有一个每组出节目的联欢会。期末考试开卷，难度略大。至于给分我不太清楚别人是怎么样，对于我来说，虽然有些失望，但是也在情理之中。我在平时的发言情况很好，小组展示也不错。(也许只是自我感觉良好)最终评定是B＋，猜测考试发挥不好。以前也有人说给分不好，不过如果你接受一门3.几的通核，我觉得应该没事。\n\n3.老师和助教\n\n王教授的水平很高，从职务，著作中都可以知道。但在教授过程中可能会加入一些缺乏依据主观倾向的东西。虽然对于文学科目来说，主观是不可避免的，但是感觉老师在这个探究过程中，未免有些""德布罗意""，思维连贯性稍稍有些弱。不过老师很喜欢讨论，如果真的有兴趣的话，多加讨论感觉也会不错。\n\n至于助教，真的很优秀，虽然有可能自爆马甲，但是我还是要说，我提交论文比较早，然后助教就给我指出了一个笼统的修正建议，我改成之后又返还给了助教，她第二次就进一步详细的给我标出了应该怎么改，甚至细到了几个词语，可以看出是非常的细心。这是我们班的美女助教，但是我相信三个美女助教都这么好。\n\n总而言之，如果你喜欢古汉语与古诗文，值得考虑，有所裨益。如果你不喜欢，想选也没关系，这门课人都还是不错的。至于绩点，我听说过有可以得到满级的通核，也许是我水平不到吧，期盼你是下一个大佬！"
99954,546,王云路,2019-01-25 10:41:08,7,8,1,作为一名医学生，我需要客观的评价一下：\n\n1. 每周读五十页书并写一篇阅读笔记，恶竞严重，很有可能会遇到每周都写一两千字的人。内容必须有自己独到的见解，否则相当于没写（亲测，我每次字数都很多但是内容可能颇像高中生读后感，得分不高）\n\n2. 期末论文，两千字，恶竞就不用说了，对期末影响很大，立意要新颖，要有见地\n\n3. 小班展示两周一次，大班展示说来就来（可能课前一小时才会通知），小组作业每周都有，Word文档形式，花精力找资料至少一下午\n\n4. 老师授课：一言难尽吧，知识渊博，但是学到的东西很少。举一个典型的例子：一个半小时，学生展示一小时，老师点评十分钟，最后二十分钟匆匆过完讲授的内容\n\n5. 助教小姐姐很好，很负责，很认真帮忙修改论文，每周的讨论课是我最快乐的时光\n\n6. 最后说说给分吧。拼命展示，表现自我就可以了，上课多举手，就算你没什么新颖的看法、当复读机复述书上的观点也要举手回答!老师就喜欢和她观点一样的同学！——来自另一位满绩同学的亲测\n\n7. 作为医学狗，占用大量时间，付出不比专业课少，最后的结果实属不能让我满意。当然我的能力有限，或许只是这种水平吧（
100174,546,王云路,2019-01-25 16:43:18,4,4,0,上课上到这个学期快结束的时候心态爆炸了，理由很简单就是展示拖堂了，平时事情很多很多，比我专业课还累，每周读书报告，每周展示，每周小组作业，期末论文，联欢活动(什么狗屁联欢活动，老师是开心了，我脸上笑嘻嘻)开卷考，考得我怀疑人生=_=是我太菜了 上课上到最后，每次朋友聊天我说在写作业的时候就知道我在写通核，相比起室友的一学期一个展示，一次读书报告，闭卷划重点，我是真的羡慕了，不说给分怎么样，上到最后我根本不在乎绩点了，唯一的想法是我再也不想见到这个老师了，当然了老师给的绩点，一点都对不起我花的心思，做小组长拉不动绩点的，你只要足够会说，就能留下印象，别浪费时间跟脾气去做组长啦~应该是我太菜了，我去反思
100216,546,王云路,2019-01-25 23:27:49,2,2,0,作业和收获成正比，努力和分数成正比。如果你是中文系的同学，推荐你认真地把这门课当专业课一样学，一学期下来还是非常有收获的。如果是其他专业的同学，对古汉语很有兴趣，这学期又正好挺空的话，可以适当考虑。
100818,546,王云路,2019-01-27 01:15:08,1,2,1,老师和助教人都挺好，但是和其他通核课相比还是存在任务量太繁重的问题。上完课收获却是有不少的。只能说这门课优缺并存，适合适合的人选修
116747,546,王云路,2019-09-15 02:22:55,0,5,5,给老师打了10分，希望老师能给一个高一点的绩点。
117763,546,王云路,2019-09-30 11:13:32,6,8,2,选课之前以为是正常的诗文赏读，上课之后才知道这门课偏向训诂，基本完全是字词解释，不喜欢，这样一字一字从古诗文里抠字眼实在毁意境。以上是个人见解，可能有不对之处。但是我觉得上课思路不连贯且废话多倒是事实，学不到什么真东西。
118047,546,王云路,2019-10-19 11:04:21,0,1,1,感觉会有双标
118135,546,王云路,2019-10-21 11:21:16,4,5,1,不好，不好啊，误人子弟。
119631,546,王云路,2019-11-14 10:40:51,1,1,0,说心脏是思考的器官
119639,546,王云路,2019-11-14 11:34:01,2,3,1,选课的时候冲着名字来，忘了看评分，于是葬送了自己，哈哈，垃圾课。
120719,546,王云路,2020-01-15 23:08:46,1,3,2,呵呵，唉
120791,546,王云路,2020-01-17 03:01:55,2,6,4,不行了，我再也不diss这门课了。今天查成绩发现给分真的巨好。不是组长，大课没发过言，小组也基本没展示过，但是论文平时作业都完成，试卷认真写完，竟然有优秀！爱了爱了。表白助教嘻嘻嘻
120880,546,王云路,2020-01-18 04:15:42,3,4,1,巨烂。
121193,546,王云路,2020-01-20 10:03:26,2,2,0,。。。
122271,546,王云路,2020-02-22 01:59:30,12,14,2,老师助教都超好，点名表扬助教刘芳老师超温柔！！！王老师讲课很棒很渊博的，有自己特别独到的见解，喜欢古汉语的同学一定要试试——有人说的拖堂我不知道是不是每个学期都有，至少我们这个学期是因为前两周老师有事不在没上课才拖的，作业确实多并且最好不要水（太水被绩杀的我就是前车之鉴），真的我现在超后悔当初为什么不好好听课做作业我脑子被驴踢了吗真的太对不起老师们一学期的付出了555
127267,546,王云路,2020-11-18 13:18:17,-2,5,7,学术伉俪。
129799,546,王云路,2021-01-12 12:48:20,5,9,4,感谢老师助教同学！深刻体会到古诗词诗文的魅力。做题这么多年，有点后悔。体会古人的东西，比做题更有精神意义。谢谢谢谢谢谢。
130405,546,王云路,2021-01-22 04:59:34,4,6,2,分少事多
130418,546,王云路,2021-01-22 08:17:07,5,8,3,我们这个学期已经不写读书报告了，除了论文展示那一堂课也没有拖堂，期末考后隔天就出了分，已经没有前几年的评论说得那么可怕了。这学期每周一次小组作业，隔周小组出一个人展示；每周有两三首必背古诗，大课上会抽人背；期末有一篇2000字论文和一个联欢会要小组出节目。虽然事情还是比较多，但是如果真的选不上通核还是可以上的。
130430,546,王云路,2021-01-22 09:24:01,1,5,4,今天出分啦，分数还是不错的，也学到了很多东西，虽然任务有点重但老师也是一心想把知识和对古诗的热爱传授给同学的，谢谢王老师和助教姐姐！
130875,546,王云路,2021-01-25 05:24:37,2,6,4,事多 不表现分极低 极不推荐 快逃
131105,546,王云路,2021-01-26 03:22:15,0,4,4,老师学术水平高，但如果没有深厚实力，还是不选为好。事多，作业量大，给分也不是太好。
134469,546,王云路,2021-03-29 13:56:55,0,7,7,又有才华讲课又生动又和蔼的老师，一改我对语文课的负面印象。关于她上课拖堂的毛病，已经改了。\n\n每周有小组展示，期末有一篇小论文要写，卷不卷压力大不大见仁见智，我个人觉得还好。
141988,546,王云路,2021-11-03 05:00:27,5,5,0,太累了
144456,546,王云路,2021-12-21 14:23:50,-2,3,5,老师上课很有感染力～
146194,546,王云路,2022-01-05 18:59:06,0,4,4,老师很和蔼
147056,546,王云路,2022-01-08 14:04:06,-4,4,8,可能也是老师年纪大了，现在不像之前评论说的那么可怕了，希望我期末分高点
148154,546,王云路,2022-01-11 16:17:19,-2,7,9,确实没有早些年头大家反映的那些问题，而且期末不太造成复习压力。。。
148362,546,王云路,2022-01-13 04:16:39,7,10,3,高分基本是那些在老师面前刷存在感的人拿的，当时忘了看评分了。。。
148375,546,王云路,2022-01-12 09:25:02,7,10,3,事多分少\n\n是真的付出与获得不成正比
148406,546,王云路,2022-01-12 11:08:46,12,14,2,真的事情很多！！！不想卷通识的千万别来。一周一次点评或者小组展示，期末还有一篇论文。就算你去卷了也不一定有高分（我当时就是被助教抓去一遍遍地改论文，还在班上做展示，结果期末还是拿了个B）。今天看到出分真的很难受，这个学期做的努力真的就没有得到应有的回报。\n\n总之，就是事多分少，除非真的对古汉语很热爱，然后上课敢发言，有毅力听完每一节课，不然真的不推荐。
148428,546,王云路,2022-01-12 12:19:58,12,16,4,1.上课逻辑混乱，拖沓无聊，甚至挫灭对古诗文多年以来的兴趣\n\n2.事情巨多，每两周展示，每周都有一堆作业，要写论文，要准备期末联欢晚会节目\n\n3.给分极差。认认真真做展示，认认真真做作业，查了无数资料写论文，准备了好几天期末考试，给分3.8。去问助教，理直气壮的告诉你虽然成绩这算出来是88，但a是有比例的，a以下最高3.8，所以我应该对这个“很高的分数”感到满意。我谢谢您了\n\n综上，建议意向选课同学慎重。不到万不得已不要为了通核学分去报它。不值得。（就是说通核那么难选，这个课还老是报不满是有原因的，当时我就是不信这个邪…哎 那时候还是太年轻了）
148590,546,王云路,2022-01-13 02:36:40,3,6,3,糟糕透顶
150015,546,王云路,2022-01-18 09:42:07,2,8,6,给老师打了10分，赞美老师的学识和助教的温柔，王老师有很深的文学修养和研究古诗词的态度，助教姐姐也很温柔，很耐心解答各种问题，但可能说不出什么赞美的话——\n\n1.关于教材和教学内容\n\n《中古诗歌语言研究》，王云路老师的著作，推荐是不要买。因为贵且上课完全用不到，期末前去借一本，开卷考大部分都是摘自书里的论述和观点。\n\n2.不太认可老师讲授知识的方式，和部分对知识的理解。特别是最后一节大课的所谓表演节目环节😅 当然仁者见仁智者见智，我不喜欢不代表其他人的感受\n\n3.不太认可，老师对上大课经常发言的喜好。大部分情况下，大课发言同学常常颇有见解，令人敬佩 。但过分重视是不是不太好。\n\n4.很不理解最后平时分的算法😅 ，讨论课多次展示（次数大于4）+认真完成论文（不评判质量，毕竟3000左右要求有写到6000的卷王）+从未缺勤+认真完成小组作业，换来了一个相当低的平时分。真的是相当低，去问了助教期末卷面分，没挂可能全靠期末开卷考翻的仔细，卷面分数比较高。
150192,546,王云路,2022-01-20 04:59:48,4,6,2,事多分少快跑
150476,546,王云路,2022-01-26 05:31:43,2,3,1,后悔报了这门课
154386,546,王云路,2022-05-31 11:53:45,0,1,1,还是比较喜欢老师的，讲课质量是很好的，不过不推荐不想卷的同学去上。
157044,546,王云路,2022-06-21 17:23:02,-2,0,2,太后悔了我敲
160120,546,王云路,2022-09-13 11:45:10,-4,1,5,不喜欢！！！！！！！！！！！！！！！！！！！！！！！！！！
160284,546,王云路,2022-09-16 11:27:38,8,10,2,高分，问就是近年没有论文，没有读书笔记，给分还不错
160359,546,王云路,2022-09-20 07:06:20,1,1,0,昂昂昂
160369,546,王云路,2022-09-20 11:33:54,1,4,3,课堂基本上都是学生表现和朗读，基本上都是听别的同学在发表观点和意见，课后基本每周都要做ppt。推荐会朗诵，爱表现的和喜欢做ppt的同学选这门课。
162654,546,王云路,2022-12-02 12:32:40,4,5,1,课程要求比以前轻松了
164334,546,王云路,2022-12-20 09:59:57,2,3,1,每一门古代汉语通核课，都有一部分同学具有深厚的文学修养，所以每个人都会面临一定程度的压力，这不是否定课程和老师的理由。通核课普遍压力不小，与唐诗通核课对比，其实这门课不算太卷，同学的平均水平也是比较正常的。认真听讲收获很多，可以大大提高对训诂学的了解；本人修读王老师的通核课后，为下个学期继续研习唐诗创作奠定了深厚的语言功底，而且课程配套教材含金量也非常高，读来受益匪浅。给分：还未取消正态限制时获得了非常满意的分数，现在通核取消正态，相信给分会比以前更好。考试内容都是平常讲过的，好好听课、看书，再在作答时适当添加自己合理的、具有创新性的观点，是可以获得优秀的成绩的。不知道上课摸鱼的同学得分如何，我认识的几位认真听课并完成任务的同学最后成绩都不错。正所谓“一分辛苦一分才”。
165521,546,王云路,2023-01-08 01:48:34,-4,1,5,事多分少，干了好多事情，分数还是低
165635,546,王云路,2023-01-09 05:39:06,4,4,0,确实没有前些年反应的这些问题了，课程要求轻松了不少
166512,546,王云路,2023-01-12 13:02:53,3,6,3,非文科生喜提古汉语与古诗文满绩。\n\n教授很渊博，每一个案例都分析得相当透彻，也会分享一些课本之外的内容，让我们拓展视野（顺便一提有次课间还和助教一起带大家出去赏月）。唯一的不足是有时讲课进度有点慢（）讨论题有深度，要花一番工夫才能很好地完成。期末考试只要熟悉《中古诗歌语言研究》、上课认真做笔记就不难。\n\n总体上还是只推荐对古代文学（尤其是训诂学方向）有深厚兴趣的人选这门课（意思是别指望像对待一般通识课那样对待它！）。\n\n希望大家不要再给王教授打低分了🙏\n\n另：赞美lx助教！即使面对我们组的答辩pre也耐心指导并鼓励我们QAQ
169353,546,王云路,2023-02-25 14:29:42,0,0,0,期末考试很重要，平时有发言，全出勤，但期末没考好
170202,546,王云路,2023-03-02 03:24:56,9,12,3,我特别喜欢古汉语和古诗文，所以虽然看到之前大家对这门课的评价不是很好还是选了，最后也拿到了满绩\n\n不过我还是没有给王教授打高分。这门课经过改良之后确实压力和从前相比小了不少，但是每周一份小组报告，每两周一次小组pre还是不能说轻松。而且每次报告或者pre的准备时间只有两天。同时pre的很多课题感觉助教们也没有仔细考虑过，难度参差不齐，如果不慎选到了专业性较强的课题，有时候小组讨论了一两个小时还找不到切入的方向。总体来说对古汉语和古诗文基础的要求还是比较高的，不建议小白来选这节课。我从王教授的著作里面学到了很多，但是相对而言王教授的课程感觉就不是很好，她真的年纪大了，很多著名的诗文都已经记不住了，并且上课节奏比较慢，有些互动也很迷，课上很多人都是在摸鱼或者卷作业。\n\n顺便这门课的几个助教老师都很好，组织讨论课的时候能给很多引申知识点，对同学们的pre的点评也很客观专业，在讨论课也能学到很多\n\n不过如果真的对古汉语或者古诗文有兴趣并且有一定基础的，并且愿意在通识课上花时间的同学，还是推荐选这门课
170301,546,王云路,2023-03-02 14:45:17,5,6,1,老师讲课内容很容易懂，基本上全是初高中语文背诵内容，老师文化功底也十分深厚，不系统点名，会喊人回答问题和朗读。然后就是，疯狂表白助教老师ly姐姐！！！名字很好听）而且人美心善 超级温柔qwq除了每周的小组展示事情很少，上课听讲压力也不大，不用写论文。我没有当组长也没有主动朗诵回答问题之类的还是拿到了4.8，期末开卷题目也很好找答案，发烧39度还能找到）。总之特别特别好！特别特别特别好！在小组遇到的组长也特别好qwq感觉特别好的一门课55
205627,546,王云路,2024-12-10 08:18:28,3,3,0,助教小姐姐很甜美(*^▽^*)
209574,546,王云路,2025-01-06 09:29:28,-1,0,1,给分是真的不好
210052,546,王云路,2025-01-08 04:27:23,2,3,1,给分很好啦૮₍ ˃ ⤙ ˂ ₎ა\n\n楼下那位想着自己不努力全靠老师和助教jj们捞怎么可能呢？只要认认真真做，给分还是很好的～
210916,546,王云路,2025-01-10 06:39:01,2,2,0,期末不难，考点都在书上，老师上课也讲过。
213600,546,王云路,2025-01-18 12:53:01,2,2,0,事少分高 偶尔点名 略有基础可冲
214729,546,王云路,2025-02-17 06:14:53,0,0,0,事情少，靠上课随机提问点名。如果某次发现你缺勤后面几次课会追着你杀。期末可以选择提交一篇论文，可以给加分。老师讲的内容基本是基于高中基础的，期末考也是开卷，教材上都能找得到，难度不会过大。
17035,548,王春,2016-01-19 13:20:25,1,4,3,老师很好，对日本很了解，在课上能学到好多东西，给分也不错欧。
17133,548,王春,2016-01-19 15:46:51,0,7,7,通识:日本艺术欣赏\n\n课蛮水  想干啥干啥  不说话影响别人就行  要签到  要考试  老师对日本艺术感悟很深  很执着日本的美学  给分也还不错
17205,548,王春,2016-01-20 01:09:09,1,3,2,日本艺术欣赏挺好的
17227,548,王春,2017-12-28 04:41:21,1,14,13,日本艺术欣赏：就上一节左右的课，剩下同学PPT报告。老师对日本很了解，认真听课会增加不少知识。
17259,548,王春,2016-01-20 02:48:13,3,10,7,上课很好，老师对日本文化理解很深。日本艺术欣赏每周上课只有一个课时，其余都是学生上台展示。
17856,548,王春,2016-01-21 02:48:04,0,4,4,日本艺术鉴赏课水水的，给分也不错，每堂课都有点名吧
18371,548,王春,2016-01-21 13:37:51,0,3,3,不错的老师
18583,548,王春,2016-01-22 05:27:51,0,3,3,老师可爱
24125,548,王春,2016-04-27 15:06:59,1,5,4,老师本人对日本生活和艺术理解很深，课上也能学到很多。但三节课里只讲一节课，其余两节是学生展示，略无聊。\n\n总体还是很棒。
29966,548,王春,2016-06-30 15:29:07,3,8,5,上学期选的课结果今天突然想起来就来评论了。总的来说，这是一门你想水可以水掉，想学知识也能学到东西的课。最后考试老师会给资料开卷考，很轻松，强烈推荐选这门课。
34242,548,王春,2016-09-29 03:20:41,0,10,10,价值体系不能苟同，感觉是一个以日本为荣的中国人。个人观点，不喜勿喷
34369,548,王春,2016-10-08 02:51:27,0,13,13,别的不说，老师很和蔼，讲的也还不错，但是价值观有点不正吧。把日本人拒绝像中国道歉归结于日本的文化和民族性格，一副很能理解日本人的样子，一副觉得他们做的没错的样子。\n\n就一句话，道歉这种事，不是他们愿不愿意的问题，而是我们需要日本的道歉的问题。
36610,548,王春,2016-12-21 05:12:40,1,7,6,老师的课很好。喜欢老师也喜欢16年秋冬学期这节课上的一个好看的喜欢穿黑色衣服的同学。每周的课都是享受。
38662,548,王春,2016-12-14 00:57:40,9,16,7,超級水的課，根本什麼也沒有學到，認真寫作業的給分卻超級低！！！！！好氣！！！！
40848,548,王春,2017-01-06 02:57:15,4,6,2,好害怕。。。考试的内容材料上都没全是瞎扯的
45137,548,王春,2017-01-19 04:38:36,1,8,7,为什么我的分这么低？？？？
51448,548,王春,2017-06-05 15:56:14,2,4,2,老师很了解日本，很好的老师，讲话也很温柔
63796,548,王春,2017-12-15 03:19:43,0,2,2,一分为二吧，老师对于日本文化非常有见地，但是她对于中日关系和历史的解读不敢苟同，还是很不错的老师
66190,548,王春,2018-01-12 17:18:32,2,3,1,真的能学到东西的通识课！超推荐
70671,548,王春,2018-01-27 10:51:11,2,4,2,首先老师是一个好人，这个好不仅是知识渊博、对日本文化了解颇深，而且是一个非常善良温柔非常有原则的人，总之看到她就觉得非常亲切舒服(不排除老师的发型非常像我妈的可能性)，推荐选这门课！祝老师身体健康！
77210,548,王春,2018-05-03 18:17:44,0,2,2,为什么我的分这么低？？？事情暴多 次次点名 最后给我这个分？？
77450,548,王春,2018-05-05 15:21:41,0,0,0,喜欢老师的世界观 认真上课 考试完全没问题
78093,548,王春,2018-05-09 10:11:29,1,1,0,老师很有礼貌，说话很温柔、声音很轻，给人的第一感觉是严肃，但其实很亲切。
78177,548,王春,2018-05-10 01:15:29,1,1,0,其实感觉老师可以把日本文化讲的更好，会觉得有点太从自我经验出发，自己也不够认真吧!仿佛没有获得什么，但老师和助教和蔼可亲是真的，就是不要有太大的奢望，感觉第一节课不舒服就早点退课吧，课时太长了，PPT也蛮无聊。但最后给分还不错，也算是给付出的时间一个回报吧！
78758,548,王春,2018-05-15 05:00:38,1,2,1,老师和助教人都很好，插花实践课挺有趣的。每节课都会点名
1062,550,陈虹,2015-03-21 16:03:42,20,26,6,是一个很知性很有魅力的老师，能够在专业课遇到她很幸运
1171,550,陈虹,2015-03-21 16:24:15,10,15,5,超级超级有魅力的老师！爱她！（虽然花样作业有点多……）
7728,550,陈虹,2015-09-15 11:02:49,7,12,5,十分认真的老师，上课强调思想，美丽，自信！给10分！
7740,550,陈虹,2015-09-15 11:20:39,1,6,5,富有魅力
8177,550,陈虹,2015-09-17 09:19:00,0,6,6,超级赞的老师！感觉在课上能学到东西！\n\n
25064,550,陈虹,2019-01-03 16:11:15,-69,18,87,瞎了狗眼居然误把她当成女神！遇到的最瞎的一个老师！看走眼了！枉我一开始这么喜欢她呵呵哒！
118972,550,陈虹,2019-11-08 16:57:09,4,8,4,无比期待老师把世界文化史研究的课开到通识课，老师真的很有知性的魅力。教育本该如此，由广入专，广博而开放（虽然我在这门课投入太少了但还是好喜欢老师的教学?）
121459,550,陈虹,2019-12-16 03:40:48,1,4,3,世界文化史研究超棒！
124270,550,陈虹,2020-06-28 09:06:29,0,4,4,考古学概论，课能学到东西给分也不错，对外专业学生很好，只要你能说出理由老师都会鼓励你的！！爱了，很棒
134871,550,陈虹,2021-04-20 00:47:14,11,12,1,我来偏个题！老师的衣品好好ヾ(≧∪≦*)ノ〃红西装和Tiffany蓝上衣我好爱！
178449,550,陈虹,2023-07-12 02:53:17,0,2,2,很好很温柔的老师，讲课真的很有趣
190299,550,陈虹,2024-02-27 12:31:58,0,2,2,很负责、很实干、很为学生着想，同时私下接触感觉是心态非常年轻的老师
198673,550,陈虹,2024-09-10 14:42:09,3,5,2,老师真的很求是
216243,550,陈虹,2025-03-12 15:54:27,-4,3,7,非常高压，压榨
216886,550,陈虹,2025-03-28 03:56:17,0,1,1,喜欢老师
218778,550,陈虹,2025-05-04 13:53:24,0,0,0,很求是，绩点真的不高
219114,550,陈虹,2025-05-21 15:59:10,1,2,1,旧石器考古讲得很好，内容很丰富充实，讲得特别好，可能是因为大家都很厉害，虽然我很努力了，但是分不是很高，但还是特别好的课
7674,576,方一新,2015-09-15 08:23:55,7,9,2,谦谦君子。
10924,576,方一新,2015-11-23 10:12:00,-1,5,6,很混乱
10975,576,方一新,2015-11-23 14:29:55,-2,5,7,思路凌乱
11189,576,方一新,2015-11-25 06:03:32,2,9,7,上课没什么内容，考试极其坑爹
32080,576,方一新,2016-07-05 14:32:47,3,4,1,很认真 很可爱的老师
32091,576,方一新,2016-07-05 14:56:27,-1,4,5,给分坑爹
32093,576,方一新,2016-07-05 14:58:56,9,14,5,表白助教
32283,576,方一新,2016-07-06 05:41:47,6,7,1,慈爱和蔼
32593,576,方一新,2016-07-08 03:19:49,1,3,2,谁上谁知道\n\n
61821,576,方一新,2017-11-21 06:18:44,-3,1,4,还行，给分不太好
61968,576,方一新,2017-11-22 03:19:46,0,2,2,无关老师，课程本身就是这样吧。给分不错
63384,576,方一新,2017-12-02 06:59:48,1,2,1,大拿！
70896,576,方一新,2018-01-27 22:11:07,3,6,3,方老师很博学，课上虽然语速比较慢，但是讲的内容深入浅出，考试也和课堂内容联系紧密
71954,576,方一新,2018-01-29 06:37:34,4,5,1,真的超级超级喜欢方老师！考试题目与课本紧密相关，最后还给了附加题，不做或者做错不得分，做对加分，可是附加题也不难啊，平常课上也讲过，取得好成绩真的不是难事，老师出分也快，早上考完晚上出分！
87393,576,方一新,2018-09-28 03:30:28,-19,7,26,和汪老师的古代汉语没法比
99957,576,方一新,2019-01-25 10:44:36,0,1,1,老师上课速度比较慢，讲的很细致，平时会有课堂小作业，提问同学，展示会有加分，期末考试出题基本从课本出发，知识点都是老师课上讲过的，平时认真学期末认真复习会有好成绩的！另外，老师还专门收集同学建议并且认真实践了，真的很用心了。
100133,576,方一新,2019-01-25 15:28:33,2,3,1,老师还是很细致的，人也很好
115409,576,方一新,2019-07-21 17:31:36,4,4,0,方老师还是很谦和很善良的，但讲课思路不是很清晰orz
120292,576,方一新,2019-11-27 12:42:56,1,2,1,考试很难，慎选…最低绩点
131778,576,方一新,2021-01-29 01:53:45,5,5,0,老师给分太好了吧\n\n泪目
142125,576,方一新,2021-11-07 06:38:50,1,3,2,做人很天使，很善良，很宽厚，很可爱。\n\n考试很难，很诡异，很出考纲。很严苛。\n\nemmm就当学知识吧，不要在乎绩点了。
146202,576,方一新,2022-01-06 00:08:06,4,4,0,方老师是我见过最温和包容的人，给分也不为难大家，是真正的学者。
182216,576,方一新,2023-11-13 01:51:23,0,0,0,方老师人很好，但训诂学这门课不推荐大家选，略显浪费时间...但和文院其他一些莫名其妙的水课相比，还是好一些的
204060,576,方一新,2024-11-23 12:56:38,1,1,0,方老师的训诂学，不言而喻
205055,576,方一新,2024-11-30 11:36:36,0,0,0,方老师给分还是不错的，虽然上课有时候会发散开讲好远，但考试就是一半讲过的一半读本。大家学累了可以看看中古汉语读本hhh有些故事读起来还是挺轻松的，考试很可能会考里面文段标点和字词。
1473,585,邹广胜,2015-03-22 06:21:34,-4,4,8,导论课感觉超赞哒~老师很逗，而且懂得很多。但是要求较严哒哦
2110,585,邹广胜,2015-07-06 10:46:54,-1,2,3,太水了，正经讲课就两三节 给分还成
3216,585,邹广胜,2015-05-21 08:12:11,0,2,2,有人知道他的文批咋考吗…
3507,585,邹广胜,2015-06-17 01:23:55,0,3,3,逗
4092,585,邹广胜,2015-06-17 16:42:38,8,15,7,一开始听听挺有味的 越到后来越觉得像在灌水 有时太过绝对
4226,585,邹广胜,2019-04-22 10:49:37,10,49,39,有些观点真的很恶心，三观不正。喜欢炫耀。很恶心。
4700,585,邹广胜,2015-06-26 09:34:46,4,9,5,感觉考核随机给分…
5296,585,邹广胜,2015-07-06 10:07:18,3,8,5,一个很可爱的老愤青乾杯 []~（￣▽￣）~*讲得挺有意思，给分也还可以
5314,585,邹广胜,2015-07-06 13:58:09,8,16,8,期末给分好随机 表示不服 准备好久了
5402,585,邹广胜,2015-07-07 08:01:58,-4,5,9,很幽默。思想激进但绝不是愤青，很有水平的老师。就是给分挺严的
5766,585,邹广胜,2015-07-09 09:11:06,2,8,6,开始讲得不错还蛮喜欢的 后来就都是要求学生做展示了 于是这门课对我来说就变成了自习课 遗憾没学到特别多的东西 / 观点也蛮奇葩 有时候觉得有点荒唐
7765,585,邹广胜,2018-06-24 12:02:04,-4,6,10,差差差！
15750,585,邹广胜,2016-01-16 08:25:18,1,4,3,有时挺有趣，但评价标准有些奇葩。自从有了展示课之后课就上水了。
20866,585,邹广胜,2016-02-02 16:35:38,0,4,4,很好的，很多观点值得思考，讲课也比较有意思
21473,585,邹广胜,2016-02-29 03:14:17,3,7,4,思想偏激，厚古薄今。
23559,585,邹广胜,2018-06-24 12:01:49,-2,7,9,辣鸡辣鸡
27487,585,邹广胜,2016-06-26 13:22:42,12,22,10,展示时间越长，考试字数越多，绩点越高。切记！
27498,585,邹广胜,2016-06-26 14:35:35,3,7,4,前几节课还是讲的可以的，但是有些观点太绝对，有点非黑即白，不够大气。给分还可以，不缺课，好好准备展示，最后闭卷考试尽量多写，应该不会低
27629,585,邹广胜,2016-06-27 05:47:10,2,8,6,老师是有思想的，但是外在表现往往是一个愤青。期末考试默写上课做演讲的内容，写得越多分数越高。听课时常让我感到一口闷气郁结于心，有些话的确有道理，但是每节课都重复反正我是感觉很不舒服的，都记不清讲了多少次的莫言和中国人【手动拜拜
28038,585,邹广胜,2018-11-04 10:21:36,5,9,4,很有自己的思想，见识很广。只要你平时认真，给分很好的。
28716,585,邹广胜,2016-06-28 12:47:07,2,9,7,老师方言有点重哦可是，老师注重的是你自己到底有没有认真读过那个名著，是真的看懂了还是网上敷衍的，只要你自己够认真，给分绝对不会低。
31568,585,邹广胜,2016-07-04 06:38:44,4,17,13,愤世嫉俗，激情澎湃，第一节课就被吓到。希望大家一学期扎扎实实读一本书，做展示，期末写你的读书报告，越长分越高...迷。不过他有些观点，是有价值的
40292,585,邹广胜,2017-11-06 03:08:03,4,8,4,上课讲的很是激情澎湃，很多观点值得深思，绩点给的还可以
47942,585,邹广胜,2017-02-27 11:34:31,6,14,8,选过的最无感的通识课，没有之一。而且有口音，，语速太快就囫囵听不灵清了，， 手动微笑
49288,585,邹广胜,2017-04-01 11:09:42,5,11,6,讲课口齿不清+逻辑不清 思想偏激还经常有逻辑错误  有些观点甚至让人觉得无语
49583,585,邹广胜,2017-04-19 10:47:41,4,14,10,美学概论。老师有口音！有口音！有口音！很重的口音！上课没有ppt！没有ppt！没有ppt！word文档字放放大就这样放整个课程！真的没什么好说的，上课感觉很差。
49915,585,邹广胜,2017-04-27 06:28:21,-2,5,7,挺喜欢的老师，最喜欢讲康德的那节课
50042,585,邹广胜,2017-04-28 23:21:10,-6,5,11,观点不错，就是条理性差了些。不过给分很好啊，没怎么花时间还有4.5，可以选。
50054,585,邹广胜,2017-04-29 03:04:58,0,2,2,……\n\n
50133,585,邹广胜,2017-04-30 05:07:49,5,18,13,美学概论每节课都有签到，有口音，没有PPT，授课内容挺专业，不怎么有趣(个人感觉)。期末考闭卷，写一篇文章，可以提前背好。硬着头皮写了一张A4纸(4页)，一节课没听，最后4.5。所以评论里面说看字数，是有道理的。
50134,585,邹广胜,2017-04-30 05:09:21,-2,5,7,老师每节课准备的都挺多的，有些观点挺有意思，偶尔三观有点奇怪但还可以接受。平时没事，期末闭卷写一篇读书报告，认真准备了写得多分应该也还可以吧。
50187,585,邹广胜,2017-05-01 03:04:13,4,7,3,口音挺重的，但给分确实不错了。平时从不听课。
50213,585,邹广胜,2017-05-01 08:39:15,1,6,5,个人最讨厌楼下说的看字数的打分方式（我可不负责噢）\n\n个人觉得给分不咋地\n\n个人不喜欢\n\n会点名\n\n
50929,585,邹广胜,2017-05-09 07:08:22,-1,7,8,给分极差，md，我每节课都去，上课认真听，考试认真复习，结果只有三点几，艹
51905,585,邹广胜,2017-06-13 10:33:03,3,8,5,上的美学概论，偶尔听一听还是有点好玩，苏格拉底柏拉图孔子都会讲，老师审美是昆曲、大红灯笼高高挂那一挂的。最后课上写读书报告，提前准备好写什么，字数写多一点，应该就还好吧
55728,585,邹广胜,2017-07-02 09:42:13,0,2,2,口音太重了。给分还行，水课
59285,585,邹广胜,2017-09-20 12:30:58,-4,2,6,思想太过偏激，恶心。
59289,585,邹广胜,2017-09-20 12:38:29,0,1,1,自我感觉良好
59290,585,邹广胜,2017-09-20 12:38:32,4,5,1,老师讲课超风趣！在他的课上可以做很多很多事情…
61208,585,邹广胜,2017-11-12 04:38:48,3,4,1,给分好！只要你不缺课，最后考试时候把你看的书上的内容多写写，字数要足，绝对上4
61229,585,邹广胜,2017-11-12 15:55:16,1,2,1,老师的声音还是足够让你不犯困的，不过口音比较明显。上课会传签到表点名，想听的话也有一些有建设性的观点，不想听的话也不会管。只有一篇最后的考试论文，给分也还好。
61230,585,邹广胜,2017-11-12 23:56:41,5,6,1,虽然最后绩点拿的还可以，但是真心不喜欢这个老师，这也就是我个人的看法。老师的三观有点不是很普世。有点偏激吧我觉得，不过站在他的角度可以理解。至于水课的人。。最后现场手写论文估计是不是不太会让你们开心啊。
61254,585,邹广胜,2017-11-13 04:13:03,1,3,2,期末论文写了大概2000字。考试前半小时看了《谈美》的书评，记了一些名人名言，最后4.5。每节课都点到，每节课都在写作业，没听。感兴趣的会听一下，老师貌似和我一样都喜欢中国古典文学。反正对于自己的文字能力有信心的这门课真的挺不错，还能看看《红楼梦》
61262,585,邹广胜,2017-11-13 06:46:00,-5,2,7,上课没怎么听过，老师推荐的书也没看，去了才发现那节课要考试，最后靠着自己之前的课外知识写了四页a4纸，最后拿了4.8…只能说运气非常好了
61285,585,邹广胜,2017-11-13 13:31:08,2,2,0,口音很重，仔细听才听得清。我个人认为老师本人还是有水平的。至于教的怎样各人有各人的看法吧。感觉老师相对推崇西方，东方相对推崇老庄。总之就这样吧，也是长见识的。
61297,585,邹广胜,2017-11-14 02:12:16,3,3,0,上的美学概论，期末闭卷写一篇读书报告，字数不限，给分很好
61303,585,邹广胜,2019-04-25 12:03:31,8,10,2,只要字数多\n\n高分不是梦
61420,585,邹广胜,2017-11-17 03:27:10,1,1,0,老师看了不少书，但上课不是很吸引人，主要是说话有一些口音，有一些观点还是有趣的，最后论文写的多一点就可以拿高分
61421,585,邹广胜,2017-11-17 03:40:44,1,1,0,还好，不怎么听，就是最后写论文要努力，努力，努力。
61474,585,邹广胜,2017-11-17 13:49:03,3,4,1,讲得无趣但给分不错
61480,585,邹广胜,2017-11-17 14:13:29,0,1,1,上课基本靠划水，可以顺利抄完一份大物实验报告，老师讲得还可以，一般会签到，，，最最重要的就是期末默写一篇论文(读书报告)，字数越多越多越多越多……越好！！！！
61528,585,邹广胜,2017-11-18 09:12:00,1,1,0,上课很认真负责。给分客观。最后一次论文好好写，上课全去，能拿高绩点。
61576,585,邹广胜,2017-11-19 01:01:09,-2,0,2,太水了...真的
61828,585,邹广胜,2017-11-21 07:01:26,8,13,5,看了好多人的评价都有些偏激了，老师第一节课上就讲了严格给分，水课得不了高绩点就别怪老师。老师有一种一种怀才不遇的感觉，不过感觉他确实有水平，读了很多书，也推荐了好多好书（但是真的贵犹豫好久还没敢剁手）上课的ppt也是老师自己准备的，不算美观但有干货。老师对现实认识很清醒，你们的中伤也不会伤到老师。对了关于绩点，我写的字肯定不是最多的，但我的成绩也很不错。
62942,585,邹广胜,2017-11-27 11:55:02,2,4,2,感觉一开始三观不对，瞧不起祖国瞧不起浙大，比较崇洋媚外，但是十九大后突然一百八十度大转变，突然变得爱党爱国了，可能是被抓起来教育过了吧。。。期末论文字写得越多得分越高的可能性越大
64048,585,邹广胜,2017-12-20 16:22:51,-2,0,2,不太好
67102,585,邹广胜,2018-01-20 09:31:47,1,2,1,好好准备读书报告，给分还可以，要认真。
67614,585,邹广胜,2018-06-16 03:09:55,2,2,0,给分还行\n\n
80290,585,邹广胜,2018-06-24 12:00:46,11,14,3,我觉得老师读了很多书，去了很多地方，自己本身很有思想。虽然是有点口音，但不妨碍听课，ppt也没有一些同学说的这么不堪，有图有文字，可以看出老师是精心准备给我们上课的。每节课都去签到了，下周写论文。上完这一个学期，感觉自己收获蛮大的，老师给我们仔细讲了美学里面主要讨论的一些问题，以及中西关于美学的区别，和美学范畴里的崇高和优美，悲剧和喜剧，丑与荒诞。我另外还看了一点康德的《判断力批判》，抽我感兴趣的崇高和优美这一块详细了解了一下。老师有时候还会在上课给我们放碟片，某一个要讲解的场景体现什么观点，在ppt里具体列出几分几秒，我觉得老师很用心啊。绝对不是水课，认真听老师上课还是能学到很多东西的。期末论文好好准备，总不会得低分的。那些说老师不好的，希望能扪心自问一下你们有没有认真听，成绩不好怪谁？如果对美学不感兴趣，只是想来混的，不建议选这门课。另外，希望你们能严格的要求自己，在数落别人，尤其当对方还是长者的时候，其实不是也暴露出来自己素质的低下吗？
80884,585,邹广胜,2018-07-02 09:21:23,-4,0,4,我想说我准备了这么久的期末论文就给这么一点点分数？？？……呵呵
81116,585,邹广胜,2018-07-04 04:16:40,1,3,2,美学概论期末现场写论文，要到第三张纸就是胜利，切记!字数越多，绩点越高
81146,585,邹广胜,2018-07-04 06:59:41,1,1,0,说实话，通识课都差不多，这节课很轻松
81743,585,邹广胜,2018-07-06 05:05:15,1,2,1,我觉得和字数没关系吧
82469,585,邹广胜,2018-07-08 09:28:57,2,2,0,我觉得蛮好的
89111,585,邹广胜,2018-11-16 00:26:51,2,6,4,每节课都会传纸签到 没有小测 \n\n期末一篇开卷论文 楼下都说只有字数多满绩不是梦 可我都要到了第四张纸写了足足两个半小时接近5000字也就只有4.5 可能质量也是老师考虑的一部分吧
89115,585,邹广胜,2018-11-16 01:42:27,5,5,0,没有小测，但是每节课签到，然后期末一篇手写论文，我是提前写好然后尽量背下来的，我成绩我觉得在我预期之内吧，毕竟哲学之类的，从小就没怎么接触过，自己文笔也很差。老师上课有点口音，但是可以听懂的，看过网上一篇对于老师的采访，建议大家搜老师名字去看看，看完真的对老师充满敬意，老师去过很多国家做访问学者，去过很多地方，真的是一个踏踏实实做学问的人，从采访里也可以看出老师其实很谦虚，是个很有思想的人。
89268,585,邹广胜,2018-11-18 00:25:14,6,6,0,诚如楼下所言，字数不是老师考量的唯一标准。我是写到第三页的，但是只比两大张纸多写了七八行，依然4.8。好好准备，提前阅读，把读书报告背下来大概是没有必要，但是自己最好提前归纳总结好，想好自己要写什么。
89558,585,邹广胜,2018-11-19 14:24:57,4,4,0,上了秋学期的课，老师打分跟字数感觉关系不大。写了很多页，分数并不高。
90666,585,邹广胜,2018-11-25 05:00:39,0,1,1,对字数越多，给分越高的评分标准表示不服
105147,585,邹广胜,2019-04-04 11:52:46,-4,1,5,整天放电影不讲课，心胸还狭隘！
105845,585,邹广胜,2019-04-22 01:52:50,3,3,0,老师口音确实蛮重的，每节课总是要签到。内容还是挺丰富的吧，放了麦克白，李尔王，崇高优美肯定是要讲的，康德的美学好像也讲的不少，以及对课上出现的古斯塔夫.多雷表示好评。\n\n好像没从老师的观点中看出对后现代艺术和现代艺术的鄙视，感觉这个老师还是蛮前卫的。_(:з」∠)_\n\n阅读材料我选的是《美的历程》，也不厚，最后读后感写两页多一点，给分还可，不过是真的累手。
106364,585,邹广胜,2019-04-26 16:56:02,3,3,0,美学概论：每节课有纸质签到表，期末一篇随堂论文，结合课上推荐的书谈谈对美学的感受（书单选课系统里也可以查到）很抱歉没有认真听过老师讲课，课上基本在做自己的事情，期末半天时间背了些观点，再扯点例子，写了两页多，成绩还是很不错的，推荐。
110296,585,邹广胜,2019-06-25 11:40:24,0,1,1,上课比较无聊，带有口音。
110965,585,邹广胜,2019-06-29 01:14:17,3,3,0,老师说话有口音，而且很糊，反正我是真的听不太懂。然后感觉老师的期末考核要求是真的没怎么说清楚，可能就是第一节课一笔带过，后面也没再提过。快考试了我也没搞清最后一节课到底要写啥，一起上这门课的还有五六个同学，也全都不知道，这应该说明老师的确没怎么说明白。不过最后看了查老师的评论考前硬着头皮看了三小时的书，列了几个小标题，现场写读书报告，写的还算多吧一张考卷都写满了，最后4.8，给分还是可以的。
111393,585,邹广胜,2019-07-01 06:05:16,5,5,0,我没怎么听课，但是上课的一些视频很好看，给分还不错，最后一节课写读后感，可以事先就写好背一下，要写得多一点，分一般就还挺高，除此之外没有别的事了。
119097,585,邹广胜,2019-11-10 09:29:31,5,5,0,事少给分好
120015,585,邹广胜,2019-11-17 04:57:44,6,6,0,真是哪里都有网喷，以绩点标准来评价老师的你们不问心无愧吗？
123191,585,邹广胜,2020-05-18 14:47:26,4,5,1,文化诗学，老师的确有点口音，但谈的东西都是自己的感悟，讲如何读书，如何避免片面看待事情…而不是读着华美的ppt，叙述空洞的常识。
153146,585,邹广胜,2022-04-26 06:06:27,7,7,0,我觉得老师真的很博学，虽然口音有一点重，但是我觉得老师年纪也很大了完全可以理解
160674,585,邹广胜,2022-09-30 13:39:32,2,2,0,看到之前的一些评价，觉得比较震惊，上了几节课之后，尝试评价：\n\n有一点点口音，但我听一节课左右熟悉了就没问题了；\n\n老师人真的很实在和随性，说话比较直接，喜欢用自己和身边人举例子，一开始听他讲出国的事情的确感觉有点在炫耀，后面才发现老师就是这样子，想到啥就说啥，一点架子都没有、也没有为了炫耀（即使炫耀也能理解，扪心自问感觉人多多少少都有虚荣心，浙大一些年纪大点的老师小小炫耀的时候还挺可爱的哈哈哈哈）；\n\n有时候有些观点听上有些绝对、会让人觉得不是特别舒服；讲课比较随性和跳脱，古今中外、图文电影等等都有（感觉老师真的涉猎广泛！！！也激励了我多多去看书、电影拓展视野），不喜欢的可能觉得没有学到实在的东西，但我个人觉得挺不错的，因为越来越感觉有些课的“系统性”知识其实好好找资料就可以学到或者查到，邹老师的这种方式如果接收了反而更能激起自己去学习和探索的兴趣（学习说到底其实都是靠自己）；\n\n总的来说，老师很实在、涉猎广泛、比较有个性和随意（？不知道是否形同准确，大概就是想说什么就说什么，相对其他老师容易招人不喜欢）；这是我这学期笑得最多的课，老师有时候真的好搞笑哈哈哈哈
161685,585,邹广胜,2022-11-10 11:45:04,0,3,3,无聊，但分还行
161828,585,邹广胜,2022-11-14 08:00:17,8,8,0,最开始感觉我不太喜欢他的，他给人有一点高傲的感觉？（难道是文人傲骨哈哈哈）开始上课之后我还是蛮喜欢听他讲的课，他好像也有一点口音在的，不过我感觉对我不是大问题。\n\n他好喜欢在课堂放电影哎，约瑟啊红楼梦什么的，堪称电影鉴赏课。\n\n我对他的好印象达到高潮以至于我想来这里吹爆他的原因是在课程最后了。随堂考我记错了时间，很没脑子地以为他的课是连上三节课，因为赶到教室的时候有点匆忙所以也没有抬头看看黑板的ppt写着考试时间，就直接开始考试了。结果到了下课时间我还有三分之一没有写完，我好着急，他说没写完的可以再给一点时间，就一直站在讲台上翻看卷子，我基本上是写几个字看他一眼生怕他不等了。写完之后把卷子交给他乖乖跟他道歉，他估计猜到我要道歉，我刚说半句话他就说没事没事，然后让我帮他点卷子数，点着卷子的时候他就和我们聊天，我还记得他跟一个同学说“你好高啊，和我女儿差不多高”，当时就感觉他好温柔他真的好温柔呜呜呜，当时也后悔之前应该更认真听他讲课不要间歇摸鱼，当时就想来这里夸夸他（可能我真的比较容易被某一瞬间触动）。\n\n最后出分了，出分了有五天，我才发现他出了分，看到分数很开心耶。之前看评论好像有说他绩杀？（可能是我记错了也可能是因为没杀到我）总之前面也说了，我想夸他不是因为看到了我的分数，他真的，他在考完试和我们聊天那一刻我感觉他在发光哎，他打破了我看到他第一眼对他的刻板印象，他的声音好像刻在我脑子里了。\n\n（根据个人喜好评价，勿喷～）
164998,585,邹广胜,2022-12-28 09:14:21,5,5,0,哪里都有网喷，哪一届也都有只想水课的，以绩点标准来评价老师的你们不问心无愧吗？
165858,585,邹广胜,2023-01-10 06:31:22,1,2,1,老师是位很有思想的人，就是上课有点口音，可能年龄大也改不过来了😂。而且老师人是真的好，课后找老师咨询一些对自己未来的规划，给的建议也都很中肯、很实在！能感觉得到老师的视野很宽广！
185437,585,邹广胜,2023-12-29 09:24:45,3,3,0,秋学期文学与书法课！上课的课件都是老师自己制作，自己搜集素材，讲的很用心，虽然有点口音，要想听清的话建议前排，挺轻松的，最后论文用心写老师给分会不错的！
187720,585,邹广胜,2024-01-17 08:13:35,8,8,0,老师没有钉钉群，虽然知道老师不看评价但也得来这里夸夸老师。第一眼看到老师其实感觉他并不是那种很和蔼的，但老师非常非常真诚，会和我们分享他自己珍藏的书法作品。有几次纸质点名，最后是一个开卷考试，题目也很广泛很好写，给分很好！！！和另外几个一起上的同学都得到了很高分数，很感谢老师！
187750,585,邹广胜,2024-01-17 09:57:49,7,8,1,我常常深夜十一二点坐从伦敦到剑桥的火车回剑桥，车上的人满满的，大都拿着报纸看，还有一群群刚刚下班回家的工人站在车厢的接口处畅聊，中间的我想必一定醒目。广胜老师尊嘟好有趣！是我在大学本科阶段遇到的为数不多的好老师之一，谢谢广胜老师！楼上的友友说的蛮对的！
188877,585,邹广胜,2024-01-20 11:01:25,4,5,1,文学与书法。课程上我其实觉得没有太大意思，这些东西靠自己完全可以获得，并且大段的PPT以及老师比较枯燥的内容确实吸引不太了同学的注意力，如果真的是想上有趣的课的话，不太建议选。但是老师真的很真诚，也可以看出来对于书法的热爱，给分也不错。（下一届老师明确讲了是闭卷、上课现场写论文，提前做好准备。）
201638,585,邹广胜,2024-11-05 05:31:12,5,5,0,我的字写得很难看，没想到最后分也不错！起码个人很满意
212366,585,邹广胜,2025-01-14 02:17:54,1,1,0,很真诚的老师
216557,585,邹广胜,2025-03-18 10:15:59,0,0,0,文學與書法簡直發大水，給分太好了吧！！！人均4.8
4200,586,陆敏珍,2015-06-18 05:03:59,17,24,7,非常好，老师讲的特别客观，人也很好
6453,586,陆敏珍,2015-07-14 05:22:06,2,7,5,很有意思的老师，人也很美
10287,586,陆敏珍,2015-11-18 02:07:47,2,3,1,！！！！！
15571,586,陆敏珍,2016-01-15 11:48:05,4,9,5,专业课。老师人很好！
19148,586,陆敏珍,2018-06-21 07:01:21,0,3,3,好好好，老师真的很好。
62983,586,陆敏珍,2018-12-13 12:27:27,1,13,12,讲的水，给分坑。
70800,586,陆敏珍,2018-01-27 14:08:18,2,5,3,老师有一种古典美，讲得还不错，比较努力地将这门课上得有趣。
70863,586,陆敏珍,2018-01-27 15:56:26,-5,6,11,出分震惊，以为考砸了，结果4.5！很感谢老师了！
70917,586,陆敏珍,2018-01-28 00:13:29,-5,2,7,上课很有趣哒，压力也很小，很懂学生，给分也不错，值得选
70968,586,陆敏珍,2018-01-28 01:14:09,2,7,5,老师是真的好 佛系老师 非常博学 也很温和 虽然讲的很多东西很深远 但丝毫听不出炫技成分 唯一一个我这个理科生都不想做其他事情忍不住听的通识课 建议和老师多交流 会学到很多东西 不过 给分 不是 很……理想 但也不低 不至于拉绩点 我觉得不亏
70976,586,陆敏珍,2018-01-28 01:22:34,-3,2,5,真的是超好的老师，上课真的很精彩，一点都不想水手机。
71145,586,陆敏珍,2018-01-28 04:33:04,-2,2,4,中华文化精髓 上课认真听可以学到很多东西很长知识吧 给分不错！
72545,586,陆敏珍,2018-01-30 10:38:17,-1,2,3,个人而言，听老师课是一种享受
91137,586,陆敏珍,2018-12-01 13:14:36,-2,1,3,老师真的很棒，观点都很客观，听老师的课感觉对历史的认识又上了一个台阶。
91313,586,陆敏珍,2018-12-05 12:32:29,-4,2,6,老师个人我给满分！真的听得很舒服 很有收获 不想水手机、很有干货的课！老师真的很赞，博学多识又不失风趣。虽然给分一般，但是真的值得一选。
131744,586,陆敏珍,2021-01-28 16:34:56,-2,2,4,陆老师课讲得很用心，真的很温柔，人也很好，对历史感兴趣的同学可以大胆选择。
133718,586,陆敏珍,2021-03-04 07:26:53,13,15,2,《中国思想史》课程名言：水不到三分钟。
135653,586,陆敏珍,2021-05-18 06:17:30,-1,4,5,老师很温柔，也很博学多识，给分还好，就是上课的时候还是有点无聊\n\n提倡在课上学到知识而不是为了拿绩点，人美心善。
135685,586,陆敏珍,2021-07-05 08:23:31,17,21,4,展示太多，社畜人士好累，期末内容太多，闭卷考，要背很多东西，虽然会提前给出范围，但还是有25个思想要记。
136009,586,陆敏珍,2021-06-09 08:04:33,15,17,2,就，这学期感觉各种展示有点多了。。。。
136046,586,陆敏珍,2021-06-10 07:42:55,17,17,0,讨论课确实很无聊\n\n对于讨论课没有引导 自娱自乐 学生不太懂她想干嘛
139450,586,陆敏珍,2021-07-15 20:16:46,15,17,2,出分的第一时间就来评价了 给分不是很好 我自问用心的准备展示 大作业 考试了 考试背到了很多很多的知识点 不明白给分为什么这么差 远比我想象的低
139625,586,陆敏珍,2021-07-18 12:10:11,10,12,2,实在太多东西要忙，想要水的不要拿，给分也不是很高，没有浓厚的兴趣请慎选。
143957,586,陆敏珍,2021-12-14 08:21:15,16,18,2,爱阴阳怪气，不讲道理，慎选！！！！小组作业基本上每周都有，期末作业还多，要求也多，上课巨水，学不到东西。。。
144988,586,陆敏珍,2021-12-26 08:23:21,2,8,6,垃圾，无聊
145565,586,陆敏珍,2021-12-30 08:57:36,6,7,1,别选别选别选
148893,586,陆敏珍,2022-01-14 01:49:45,-6,0,6,老师给分不错，但事情确实比较多，如果想要高绩点建议选，如果只是想水水就算了。
154191,586,陆敏珍,2022-05-25 15:53:02,-4,0,4,注重启发学生。收货十分多！
157951,586,陆敏珍,2022-06-25 17:51:51,-8,0,8,好爱老师好爱助教！真的捞捞啊啊！！！太感动了而且课程也很有意思！！老师讲的很好！！！特别喜欢！！！也思考很多看了很多书！！！喜欢的课！
160622,586,陆敏珍,2022-09-28 12:02:20,0,3,3,上学期选的，陆老师人超好，讲的也很不错，上课可水，不水认真听也很有收获，考试改开卷了，平时听课不用考前复习也轻轻松松，小组作业平时稍多，但一人负责一周，一个人也就展示两三次，可能对社恐或是平时很忙的同学不太友好，但个人感觉不错。给老师10分！！！也谢谢认真负责又温柔的助教gg！！！
165423,586,陆敏珍,2023-01-05 01:24:37,3,4,1,比较枯燥，事有点多
171661,586,陆敏珍,2023-03-31 08:56:06,4,4,0,有点无聊
171967,586,陆敏珍,2023-04-14 05:52:57,6,7,1,专业能力不置评价，不是历史专业不知道，但能不能少阴阳怪气学生，十分钟就要阴阳怪气一下很难绷得住
172828,586,陆敏珍,2023-05-08 04:29:05,2,2,0,事情很多
174072,586,陆敏珍,2023-06-06 05:26:06,3,4,1,天天到课，读书报告认真写，期末开卷原题照抄，我是真的不知道B+的原因是什么好吧？？？？
178190,586,陆敏珍,2023-07-07 23:11:54,2,2,0,低分飘过🥲
178191,586,陆敏珍,2023-07-08 00:23:48,4,4,0,给分好烂呜呜呜
178200,586,陆敏珍,2023-07-08 02:15:16,2,2,0,几乎节节课点名周周都有讨论课任务期末开卷认真复习，结果三点几，是很失望了
190283,586,陆敏珍,2024-02-27 06:39:32,4,4,0,哥么辛辛苦苦学了一个学期，又写论文又考试，最后给哥么去一个C，别的课栓条狗都有B。
193906,586,陆敏珍,2024-06-20 13:52:40,2,2,0,讲得确实不错，但实话实说付出和回报有点不成正比
23221,589,陈振濂,2016-03-22 04:25:02,1,5,4,陈大导 太厉害
33028,589,陈振濂,2017-01-15 14:54:03,1,2,1,担当\n\n
33607,589,陈振濂,2016-09-20 08:45:08,0,1,1,负责任，有担当
38829,589,陈振濂,2017-01-19 08:19:58,3,8,5,给傻逼助教打负分 谁选这课就作死去吧
39572,589,陈振濂,2016-12-25 09:54:26,5,8,3,上课一直在说自己很厉害，我也就只知道他很厉害……
49245,589,陈振濂,2017-03-30 14:15:26,1,3,2,就是展示，论文和最后的考试而已，考试考前会把题目告诉你，也会分析。总结而言就看你平时上课听没听，讨论课认真不认真，有没有动脑子。就像老师助教说的那样，又不会特意给你打低分。反正我觉得助教小姐姐挺好的。
116958,589,陈振濂,2019-09-17 15:51:49,1,1,0,针对助教：周二上课周四就展示 每周如此 有脑子吗？难道不能下周讨论课展示上周的内容？连最基本的算数也不会 博士生？博士后？呵呵呵
186392,589,陈振濂,2024-01-11 02:37:57,1,1,0,出门三个保镖，两个护驾的，你比校长都牛逼
932,600,吴土法,2015-03-19 07:02:02,1,5,4,给分超级好～
3242,600,吴土法,2015-05-23 06:46:36,5,9,4,给分好    最后一次交完论文不要急着走还要签到。
5935,600,吴土法,2015-07-10 03:15:55,22,25,3,老师是真正的大学教授和学者。敬佩
8001,600,吴土法,2015-09-16 12:12:16,4,5,1,语速有点慢。。。
8629,600,吴土法,2015-09-23 11:04:46,1,3,2,仔细听很有收获的
9904,600,吴土法,2015-11-12 14:26:43,6,6,0,吴老师是一位真正的学者，把中华礼仪娓娓道来，8次课感觉根本听不够，然而老师不开其他通识课。sigh ，上课水手机的人好多，认真听还是有收获的。
9981,600,吴土法,2015-11-14 01:07:39,21,21,0,记得讲曲礼里面的跪拜礼时亲自示范，老师真的很敬业，有民国先生的感觉。
9999,600,吴土法,2015-11-14 06:34:48,4,4,0,老师真的很认真，感兴趣的话收获蛮大
10907,600,吴土法,2015-11-23 08:53:07,3,3,0,有文化
11446,600,吴土法,2015-12-01 11:00:42,2,2,0,老师很好，很随和\n\n
11466,600,吴土法,2015-12-02 09:59:15,2,2,0,真正的教授
11467,600,吴土法,2015-12-02 10:20:19,2,6,4,每节课都会签到，但是给分很好，只要最后交一篇论文，成绩就不会差。
11511,600,吴土法,2015-12-03 07:22:22,7,7,0,会被正态，但老师非常有修养
11566,600,吴土法,2015-12-06 02:06:18,1,2,1,很敬业，很感动，但是我不是很喜欢上课方式
11593,600,吴土法,2015-12-07 07:24:50,1,3,2,给分超级棒~
12310,600,吴土法,2015-12-23 02:34:27,1,1,0,超级棒的老师
12778,600,吴土法,2015-12-24 03:55:46,0,0,0,真的很好
26123,600,吴土法,2016-06-16 05:01:19,2,2,0,很认真人很好的老师，上他的课真的让我觉得这才是大学，让我想起《我的国文老师》这篇课文～会骑一个小时自行车来上晚课～
45119,600,吴土法,2017-01-19 04:00:54,0,0,0,老师是真正的老师。
11235,646,朱大星,2015-11-25 12:32:28,16,48,32,吓死宝宝啦！
16026,646,朱大星,2016-01-17 04:49:59,-2,7,9,还可以
23719,646,朱大星,2016-04-13 11:29:30,23,33,10,会通过提问来点名，回答好加分，不好就扣分
24500,646,朱大星,2016-05-01 00:00:02,9,13,4,非常无聊的课，给分也不好简直浪费时间
24541,646,朱大星,2016-05-01 09:56:43,4,9,5,讲课内容重复比较多 给分简直
25705,646,朱大星,2016-06-20 11:42:21,11,17,6,本来意境优美的诗歌从他嘴里说出来都没味道了
26608,646,朱大星,2016-06-20 10:43:58,17,32,15,哇哇哇提问论文好可怕
26609,646,朱大星,2016-06-20 10:53:43,15,25,10,哇哇哇！最后一次交论文的时候会点名提问论文写了什么…还超级凶…吓死人了
26610,646,朱大星,2016-06-20 11:02:41,12,17,5,前面提问还只是问上课讲过什么，到后面交了论文以后还会论文答辩！太口怕了！而且论文量还不少
26644,646,朱大星,2016-06-27 05:20:07,0,9,9,给分不错
27708,646,朱大星,2016-06-27 08:55:02,13,18,5,课上随机点名提问，答不出来据说要扣分。。两篇论文，给分超低。。。
27721,646,朱大星,2016-06-27 09:36:49,-7,1,8,期中期末各一篇论文 上课比较轻松 会点人回答问题当做点名 给分一般\n\n
27795,646,朱大星,2016-06-27 15:03:27,2,7,5,老师人还是挺有意思的，但是感觉他不怎么备课，会忘记自己讲到哪里。\n\n如果你问他问题他会很耐心的解答，和上课时不一个风格。\n\n
27897,646,朱大星,2016-06-28 03:47:58,-7,6,13,课上可以学到很多干货，通过抽查来点名，但是问的问题都是上节课讲到的，稍微听一下就能回答出来，不要全水掉就好。好好写论文，绩点很好
28550,646,朱大星,2016-06-28 10:03:25,1,7,6,就凭论文给分，你不好好写的话，得分肯定低。。然后上课会提问的，本人不幸被抽中好几次，所以说课还是要去的，你可以水
28909,646,朱大星,2016-06-29 03:10:18,4,7,3,学不到想学的，论文还和课程没关系。。。我知道你还教道教，可是我是来学中国典籍文化的谢谢！论文还坑，答辩也不问我写的什么，这还让不让人活了！
29580,646,朱大星,2016-06-30 04:16:07,5,7,2,给分不太好，一门通识要交两篇论文，任务算多的，而且期中论文给定的题目非常不好写
31233,646,朱大星,2016-07-03 12:25:23,4,4,0,挺无聊的
31577,646,朱大星,2016-07-04 06:59:38,0,3,3,上课略水声音催眠   论文给分不是很好
32777,646,朱大星,2016-07-13 05:27:52,8,11,3,上课战战兢兢等他点名，一节课都不敢翘。最后第二节课说他考虑以后把课上成论文答辩课。非常害怕。字不是很好看。讲课内容一般。很爱让同学认繁体字。痛苦。
39038,646,朱大星,2016-12-21 00:27:57,2,3,1,老师的道教文化听着好困……基本上都会点名…
44125,646,朱大星,2018-06-21 15:16:44,9,11,2,整节课提心掉胆；论文需要言之有物。
44128,646,朱大星,2018-06-19 04:28:18,-1,2,3,嗯，一个学期没听课。感谢老师让我的补选通过，给分也不错吧，毕竟我很水。最后一节课的论文答辩有些虚。就这样啦
44235,646,朱大星,2017-01-17 12:44:02,-4,2,6,其实觉得老师还行啊。。。给分也不是很差
51766,646,朱大星,2017-06-09 08:04:17,-1,0,1,???
65371,646,朱大星,2018-01-03 12:07:37,-2,4,6,傻逼老师不解释\n\n
65373,646,朱大星,2018-01-03 12:09:42,4,5,1,居然根据论文题目太大就直接给低分 答辩回答不上来就带嘲讽语气说好像不是自己写的一样
65552,646,朱大星,2018-01-06 01:10:46,10,15,5,行首郑重声明，不擅长论文的理工科生劝退一波。\n\n内容总体上算是比较充实，不过不感兴趣的人还是容易无聊。点名都是提问，好像回答的好坏决定有没有加分(扣分就不知道了)。期中一篇800字文章，期末一篇4000字论文，不是很好写。文科生上这个课可以锻炼一下写论文的素养，但是理工科的又对文科完全不感兴趣的写这个论文就很遭罪了。选题太大或者言之无物容易被他揪出来当堂来场答辩。课还没上完我也不关心给分不做评价，你们看看均绩就好
67804,646,朱大星,2018-01-22 07:37:40,-1,1,2,给老师八分，虽然我一个理科生很后悔选了这个，但是我觉得老师真的很认真在讲，就是最后的论文对理科生可能太难了
69583,646,朱大星,2018-01-25 04:17:21,1,6,5,老师挺棒的，古代典籍文化讲避讳呀科举呀什么的，每堂课都像讲座一样，特别有意思，很精彩。成绩的话，期中一篇作文（800字）占百分之三十，期末一篇论文（4000字）占百分之七十。堂上会随机点同学提问课堂内容，不过抽的主要是文科生。我是理科生，但是一直对文学类的东西挺感兴趣，所以这门课上起来感觉还是很棒的！绩点4.8。
69723,646,朱大星,2018-01-25 09:19:11,1,5,4,老师挺好的 上课内容蛮充实给分也好 想听很有意思不想听也可以做自己的事 论文提问也没那么恐怖吧 老师就是问一下大体内容 自己写的论文还是很容易回答的 课堂提问会有点难 被抽起来一次感觉没答好但是最后得分还是很不错 值得一选
69828,646,朱大星,2018-01-25 13:15:18,1,3,2,老师上课干货应该是有的\n\n但是我……真的对避讳什么的毫无兴趣\n\n完全为文科学分选的课，建议不要这样了……\n\n所以上课就一直在水手机\n\n两篇论文不好写，我写得也算尽力了\n\n给分感觉不好吧，也应该是自己弱\n\n3.6
70550,646,朱大星,2018-01-27 07:51:22,4,8,4,作为一节本该轻松的通识课，结果上课体验极差，给分很迷，为什么不能给他打零分
70640,646,朱大星,2018-01-27 10:22:36,-2,0,2,还好叭
70802,646,朱大星,2018-01-27 14:12:59,1,6,5,客观来讲，老师讲得很好，PPT很用心，基本把道教的方方面面介绍清楚了。不过老师要求比较高，论文不是水水就能过去的。如果选课前对道教完全是小白的话，可能分不会太高~
71599,646,朱大星,2018-01-28 16:25:24,1,5,4,还是10分啦，喜欢看老师脑袋的反光。老师人挺好的呀，道教文化也挺有趣的，可能我喜欢修仙叭。作业确实也不少，不过感觉挺自由的，不过我也确实写的差。弱鸡3.9，没事上的开心就好。去看了一直提的抱朴道院还有玄妙观，都有点失望，唉，太破了
72157,646,朱大星,2018-01-29 13:16:57,5,6,1,说实话，他的课消耗掉了我对道教仅有的那么一点热情。
72550,646,朱大星,2018-01-30 10:50:26,0,1,1,老师很可爱啊\n\n教的东西也挺日常的～喜欢喜欢\n\n论文好好写给分不差hhh
72919,646,朱大星,2018-01-31 10:54:03,1,1,0,emmm
74966,646,朱大星,2018-03-07 01:24:27,0,1,1,讲课不算引人入胜，但是条理清楚，给分也不坑
75124,646,朱大星,2018-03-07 11:53:31,0,1,1,呵呵呵
75749,646,朱大星,2018-03-16 06:32:15,0,2,2,还可以吧，好好听课，好好写论文，绩点还说的过去，感兴趣的最好
83455,646,朱大星,2018-07-10 10:10:23,0,2,2,每节课会点同学起来回答问题，ssfd ，虽然课上得有点无聊，但是论文好好写，绩点还可以吧
83461,646,朱大星,2018-07-10 10:25:53,-2,2,4,除了创基之外最垃圾的了 天天讲什么房中术 听课听不出啥玩意 给发极差 谨慎啊\n\n
83539,646,朱大星,2018-07-10 14:30:52,0,3,3,感觉论文需要有自己的思想吧，不能太老套然后纯粹的搬运知网，不然分就很惨。老师给我的分数让我确定他应该是认真看过学生论文的...
83671,646,朱大星,2018-11-19 09:24:04,1,4,3,老师的内容很有体系，讲课淡淡的，认真写论文给分还不错
87620,646,朱大星,2018-10-08 12:02:58,-3,6,9,垃圾老师，上课根本不知道讲什么乱七八糟的东西，东讲一气西讲一气，也不好好讲。叫你看那种乱七八糟的书，鬼才看得懂，上不来课的老师，学不到任何知识，简直就是浪费时间。不过老师人还是挺好的，只是针对学习而言老师很垃圾。绝对给低分，来这里是学习的，不是听你瞎扯的
88113,646,朱大星,2018-10-22 10:43:12,8,10,2,道教文化真的不是想象中的修仙，讲的全是典籍什么什么的，不是修仙！不是修仙！不是修仙！是经文啦！道教不是道家！对理科生来说真是晦涩难懂，论文也要死的难写！上课会点名抽人提问，答不好还超级凶！ssfd！但是老师的确是很负责的，唉，真是被课名骗了！！！唉！不是特别特别喜欢道教，千万别选！！
88550,646,朱大星,2018-11-01 08:12:40,0,2,2,ssfd
89000,646,朱大星,2018-11-19 09:24:21,4,8,4,很用心也很厉害的老师，对于道教研究很有广度，讲课都是信手拈来。以写邮件的形式和同学们交流，下课答疑很耐心有见地，上课以提问的方式检验到课和给平时分，但是叫到的同学很少，且多为人文专业。秋学期没有论文答辩，应该是因为国庆冲掉了一节课。唯一的一点就是论文要求有点高了，希望同学从一个点深入去写，篇幅要求又比较高。在打分前来写评分，老师真的是好老师，选的同学希望确认自己有一定对宗教的兴趣，这样学没那么累。
90075,646,朱大星,2018-11-22 05:04:41,1,3,2,老师可能以提问的方式点名(有点凶，喜欢提问社科人文的)，但是感觉老师还是很博学的。中国道教文化这门课主要是读道教典籍，需要一定的文言功底，如果对道家典籍感兴趣的，可以选，否则，慎重
90093,646,朱大星,2018-11-22 06:06:15,-4,2,6,woc我的论文那么好!我怎么看都要满绩了!然鹅!居然没有!气死我了!老师还是很可爱的，但是绩杀
90094,646,朱大星,2018-11-22 06:14:01,-19,3,22,老师讲课有点跳，系统性不强，分数给的不是太高，作为通识我只有4.2分，室友选别的课最低也4.8，而且我的分数算高的了，自以为对道教很了解，几点没上4.8很难受。
90139,646,朱大星,2018-11-22 07:55:56,-2,2,4,虽然讲的道教文化有点无聊，但是还是用心的。论文只要用心写给分就挺好的。
90155,646,朱大星,2018-11-22 08:32:21,4,8,4,朱老师的中国道教文化课想听听，不想听可以不听。课上得比较烂，缺少逻辑并对预备知识要求高，好在和论文没有什么关系。老师上课不常提问文科外的同学，这个可以放心。如果认真准备的话，给分还过得去。
90192,646,朱大星,2018-11-22 11:41:39,-5,3,8,只有我4.5还高兴得ya批嘛…
90284,646,朱大星,2018-11-23 03:09:59,1,6,5,是一个不看恶竞的好老师!!第一次写论文，论文比字数少了500字，但是还是给我上了4的绩点!!平时上课的话蛮好的，就是有一点点结巴，但看得出真的是对道教文化有很深很深的了解的!!                   \n\n 其实想给8分的，但是还是给了10分 想帮朱老师拉一下得分orz
90607,646,朱大星,2018-11-24 14:05:55,-1,1,2,nmsl
91246,646,朱大星,2018-12-04 06:34:51,0,2,2,很糟糕
92179,646,朱大星,2018-12-27 03:00:35,-4,2,6,老师知识很渊博啊，不知道别人给分为什么这么低。虽然提问但是对分数其实没什么影响，就是老师吓吓你罢了。给分高但是不太公平。室友最后一节课旷课赶出来论文结果4.5我认认真真提前写而且改了好几遍结果4.8，普及道教知识对喜欢传统文化的同学们还是很有帮助的。而且最后一节课超级有趣超级超级有趣，平时也会是不是讲几句玩笑～是一个很好的老师啊
92310,646,朱大星,2018-12-27 15:13:36,-5,0,5,选的道教文化，论文五千字，绩点4+现在好像不点名了，课不用听，论文写的好就行了，对于能写的人来说压力不大。不过确实云里雾里学不到啥
92372,646,朱大星,2018-12-28 05:43:07,-3,1,4,aaa
94181,646,朱大星,2019-01-15 12:59:36,-2,2,4,aaa
95110,646,朱大星,2019-01-19 00:06:52,-3,0,3,aaa
95244,646,朱大星,2019-01-19 05:36:56,3,3,0,论文好难写
99851,646,朱大星,2019-01-25 08:31:20,6,8,2,朱大星老师知识水平非常非常非常高，每节课补充的知识都很多很广泛，做通识课对于他大概不太合适，其实他要求不高的，点名不点、论文期限还给延长。虽然中文系的本人被叫起来回答问题吓个半死该不会回答……但是还是很喜欢老师！也喜欢本学期自己为论文付出的努力。
99973,646,朱大星,2019-01-25 11:24:31,3,3,0,过了挺久才出分，老师肯定是认认真真看了我们论文的了。  老师讲课挺好的
112688,646,朱大星,2019-07-05 00:27:57,5,6,1,老师人真的很好很好，平时讲课也很有趣，一学期下来事情也不多，但是四千字的道教论文我真的写得头好秃呜呜呜(┯_┯)。可能是因为不是人文专业，也没有被点名，给分也很好
112792,646,朱大星,2019-07-05 03:17:49,1,2,1,道教文化课。老师知识很丰富，但讲起来逻辑不是太好，我这菜鸡水平跟上趟有点困难，但的确学到了很多。因为感兴趣，一直认真听，论文认真写，最后4.5，还是挺满意哒。
113116,646,朱大星,2019-07-05 23:45:46,1,2,1,老师人其实还挺好的 看得出来是很认真的看了论文的时候！！所以好好写论文！！
114641,646,朱大星,2019-07-11 02:30:13,3,3,0,他的道教文化真的棒！内容超丰富还好玩！而且天天坐前排论文认真写绩点不会低！
119688,646,朱大星,2019-11-15 00:38:49,0,1,1,还可吧
119755,646,朱大星,2019-11-15 09:24:32,0,0,0,授课形式和考核方式太严格
119808,646,朱大星,2019-11-16 01:48:22,4,5,1,论文选题要想突出的话，那么材料的搜集会让你头秃....，发现道教有很多方向写的人不多啊。老师很有趣啊！讲课还是偏趣味的，真实修仙。然后考核一个论文一个录文，任务算少的，录文难度不大，论文好好写。
120072,646,朱大星,2019-11-17 10:00:25,1,1,0,上的中国道教文化，哈哈哈哈每节课都坐前排，虽然老师讲的我脑子里记不下太多，但真的每节课都听得很开心?作业的话是期中小论文（我们这一次是给古文然后录入成word，自己断句）和期末四千字论文。
120858,646,朱大星,2020-01-18 00:08:44,-1,2,3,真的感觉是很一般的老师，引用诗词的时候经常背不下来（身为人文学院讲师我认为不应该有这样的问题），上课很水，不知道在讲些什么，中期作业做的特别认真，论文夜认真写了，给了3.9，不知给分标准是什么
123563,646,朱大星,2020-06-10 04:08:48,5,6,1,朱老师说实话上课上得还不错。说实话，中国古代典籍文化作业不多（就中期文言文断句和期末论文），不用考试，这种好课不多了吧？给分不错（前提是你作业写得好，论文认真写，个人最后论文查资料大概八个小时，写论文三个小时，最后92分）真心好课好老师。
126390,646,朱大星,2020-09-24 16:57:30,1,1,0,中国古代典籍文化课，说实话老师讲的内容还是挺有意思的，前提是你对这些内容感兴趣。任务真的不多，中期一个古文断句就像高中时做古文那样来还是挺容易的，期末一篇论文，主题要求也是比较宽泛了，多花点时间查好资料认真写应该不会有太大问题的（总之事情真的少）
127333,646,朱大星,2020-11-20 08:22:36,4,6,2,之前听说老师给分不好，迫于绩点压力，大学前三年不敢选老师的课，大四终于如愿以偿地选上了老师的中国道教文化，非常高兴。老师上课很认真很有热情，课程的内容也很丰富，很感谢老师！另外老师给分也挺不错的，只要认真完成了期中与期末任务，分数不会差的，强推！
128340,646,朱大星,2020-12-19 15:41:29,1,2,1,给分还可以
128668,646,朱大星,2020-12-25 03:18:28,1,1,0,老师人超好的啊，给分也很dei劲，可能课上会抽人起来回答问题，但答不到也没关系。
130953,646,朱大星,2021-01-25 11:27:17,0,2,2,事情有点多。
130954,646,朱大星,2021-01-25 11:27:17,1,1,0,事情有点多。
136934,646,朱大星,2021-06-28 10:45:15,1,1,0,今年感觉严格了好多
136935,646,朱大星,2021-06-28 10:49:44,2,2,0,总感觉老师提问的时候笑里藏刀的十分可怕 要不是没选上其他类型的课完成培养方案 我这个工科生必不可能选这门课的 对感兴趣的同学应该内容还挺丰富的 否则挺痛苦的
138579,646,朱大星,2021-07-10 02:24:12,2,4,2,中国道教文化:课不水，但是也学不到很多干货，考核内容就是一篇中期报告和一篇期末论文（其实就是两篇论文），论文自认为写的比较糟糕（选题太大了），中期报告自以为写的不错，最后4.2，还行吧，给个8分
140604,646,朱大星,2021-09-14 07:57:12,2,2,0,提问拿来当点名，这次因为他叫何善蒙老师代了一节课，最后自己课都没上完，所以也就没有论文提问。平常问题基本都是PPT里的，你翻的够快就可以
142893,646,朱大星,2021-11-17 06:31:44,1,1,0,分低的要死
143041,646,朱大星,2021-11-18 10:28:33,-3,2,5,给分超低，完全绩杀，一天到晚问问题，还问些奇奇怪怪的问题，真的醉了，千万别选，看到绩点真的服了
144291,646,朱大星,2021-12-21 04:30:41,4,5,1,为什么这个老师评分这么低啊。我春学期没上过课，最后两篇论文还是压着ddl交的，字数也是压线（当然，我写得很认真，查了很多资料），然后上4了。
144407,646,朱大星,2021-12-21 11:11:17,-2,0,2,事情真的多。。想水别选
144547,646,朱大星,2021-12-22 08:05:22,2,4,2,两篇论文我都写了太岁符，他一直说自己比较喜欢选题小的论文，所以我期末写得比期中还小，最后90还是91，差不多得了，反正也没怎么听。人这么多你一学期回答三次都算多的了，他应该会每个人都点一次，回答会记录且分级
157104,646,朱大星,2022-06-22 02:41:06,4,5,1,论文认真写了，写了好久翻了好多资料，最后绩点真的没想到，基础差的，和想要高绩点的慎选
157393,646,朱大星,2022-06-23 06:15:38,-2,0,2,没意思
161332,646,朱大星,2022-11-04 07:23:44,5,5,0,朱老师学识挺渊博的，就是上课感觉比较拖沓。会点人回答问题。道教文化这门课总体也比较硬，不感兴趣的话挺难学的。\n\n作业就是两篇论文，还可以。平时可以当自习课上。
161900,646,朱大星,2022-11-15 01:55:45,0,1,1,每节课都会点名，但不一定会点到你。我是最倒霉的那个。作业就是一千字以上的中期报告和三千字以上的论文，觉得自己还是挺用心的写了，可能平时分寄了，最后被卡绩在3.9了
161916,646,朱大星,2022-11-15 04:01:25,0,1,1,两篇论文，会抽人答问题，没抽到就是自习课，对道教完全不了解和想拿高绩点的慎选！
161954,646,朱大星,2022-11-15 10:52:48,2,4,2,道教文化拿到4.8了来评一波～朱老师是文学院古籍研究所的老师，学识非常渊博，但是有点天马行空还是要跟着ppt理清脑袋。平常会以上课提问的方式来点名。期末交一篇1000字一篇3000字论文，个人认为还是很值得一听的通识课啦
162035,646,朱大星,2022-11-16 07:09:43,0,0,0,给分极低
162747,646,朱大星,2022-12-05 12:55:19,2,2,0,感觉是个学术水平高且耐心的老师 对宗教、典籍这方面感兴趣的大胆选 如果是不感兴趣的话慎选，说实话
164129,646,朱大星,2022-12-18 09:12:25,2,3,1,老师讲的东西还是很有意思的，老师人也很和蔼，上课总是带着笑容。老师上课喜欢问问题，一定要认真回答，会计分的。坐前排，给老师留个好印象，绩点上不会刁难你的。
173915,646,朱大星,2023-06-04 12:25:12,3,3,0,认真写才行
195982,646,朱大星,2024-07-01 03:57:12,0,2,2,老师还是很不错的。但没什么文学功底的真的好难啊(┯_┯)，两次论文认真写的也才3.6
205811,646,朱大星,2024-12-12 06:07:52,2,2,0,通核事情巨多，很多报告，授课内容略微杂乱了点，感觉是新开的，上课点名，考试内容不清晰，哎
206029,646,朱大星,2024-12-13 03:33:48,12,12,0,作为一名对敦煌文化和历史有着浓厚兴趣的学生，我满怀期待地报名参加了“敦煌写本的世界”这门课程。然而，经过一段时间的学习，我不得不表达我的失望和不满。\n\n首先，课程的安排非常不合理。每周都安排一次PPT或补证汇报，手工课基本没有。这使得学生浪费了大量时间来完成这种毫无意义的水课，尤其是在涉及大量阅读和研究的课程中。我们比正常的通识核心多了一倍的工作量。老师非常抽象，最后上完了课件不够了直接把他其他道家的课加了个敦煌就拿来上，还直接变出了一个讨论课题目。\n\n其次，助教的态度问题令人难以接受。助教在课堂上表现得咄咄逼人，缺乏耐心和同理心。这种态度不仅影响了学生的学习体验，也破坏了课堂的和谐氛围。即使知道这门课任务量完全不合理，助教却坚决贯彻老师的指示，威胁我们不认真做就会让我们期末等着瞧，很难想象她的心态是被延毕了几年培养出来的。讨论课题目纯粹为了凑数，老师随便发个一句话我们要累死累活去分析，还要恶性比较。\n\n真心希望大家避坑选上的早点退课，不要为了这种垃圾浪费自己的时间。
208008,646,朱大星,2024-12-25 07:52:22,4,4,0,敦煌写本慎选！事多！给分不清楚但没有意义的小组汇报真的很多。
209773,646,朱大星,2025-01-07 07:51:50,-1,1,2,感谢老师，给了我这学期最高绩点
212763,646,朱大星,2025-01-15 01:04:12,1,3,2,sbsbsb玛德敦煌给分tm才3.3\n\n助教也很sb
27379,663,郭昊,2016-06-25 11:49:05,45,45,0,每次找郭老师办个事是真·心累
63271,663,郭昊,2017-11-30 00:17:17,6,7,1,日常上课迟到，每节课迟到20分钟左右，从不解释
80127,663,郭昊,2018-06-20 09:16:11,23,24,1,高能预警：电视节目策划与编导课程请的外聘教师是个傻逼，要么求人文学院别再请他了，要么大家避开选吧
83229,663,郭昊,2018-07-10 03:03:51,11,13,2,电视节目策划与编导课程请的外聘教师确实很迷，上课不知道在讲什么，最后的考核更迷，让大家做策划，请问你教过我们吗？就考
83310,663,郭昊,2018-07-10 05:12:16,8,9,1,电视节目策划与编导，我真的服了，以为上课能学到什么干货。结果是个外聘的教师，每天上课就是讲他的故事，或者是闲聊，不知道和课程有什么关系。最后是让写一个策划做一个展示，请问你教过策划吗？？？最后自己还认为自己的评分标准没问题。请问如果大家都能优秀的做一个策划，谁来上这个课呢？我们不是来看你展示你的优越感，是来学习技能的！真的求求人文学院要么把这个课撤了，要么就别用这么不靠谱的老师了！
83504,663,郭昊,2018-07-10 12:42:23,12,13,1,电视节目策划外聘老师亚君，他是个主持人，去搜一下他的百科看一下他说的尬的要死的段子再决定选不选吧，不说上课他到底讲了点什么东西(讲的和你选课时候看到的课程简介毫无关系)，他上课想显得幽默也是像语录那样尬的言论，以及经常会说一些擦边的话(不很过分的黄色擦边)我认为课堂上不适合，这一点仁者见仁吧。最后你递交的期末作业策划案他不会看的，他亲口说的。你的期末成绩取决于一个三分钟的策划案展示哦！这人给我的最大感受就是自我感觉良好特别自信，但很过时，特别过时，终于懂了为什么电视没人看了！
87468,663,郭昊,2018-09-29 07:02:42,4,5,1,电视节目策划用郭昊的名字实际请的是外面的老师，课上一点用的东西都不讲，人总给我一种市侩的感觉。给分也不看你写的策划，想要保住绩点的还是别来了……
127266,663,郭昊,2020-11-18 13:17:25,13,14,1,郭在贻之子。
138572,663,郭昊,2021-07-10 01:58:42,41,43,2,找他办行政的事是真的无语，司马脸且时不时说几句讥讽之语，效率又十分低下。\n\n有人说他是郭在贻先生之后？那可真是虎父鼠子
148500,663,郭昊,2022-01-12 16:48:58,9,10,1,影视动漫与编剧技巧。快逃！！！！！！！！！！！
149433,663,郭昊,2022-01-15 10:15:18,18,18,0,【影视与动漫编剧技巧】Part 1\n\n关于十大第一那门课，是冬学期的影视与动漫编剧技巧，且不谈十大上发生的那件事，就关于这门课的老师，其实也很非常迷……\n\n作为外专业学生，本来是选这门课作个性的，之前也听说是外聘老师，有学长学姐建议避雷，但我心想不要因为外聘老师就怀有偏见，事实证明这老师就是一塌糊涂，十分后悔，建议尤其是外专业的同学没必要选，买两本编导的书自学，都能比一个冬学期学到的多。我给这老师的期末点评，大概写了一百字差评[吐血][吐血]\n\n我能想到的大概有下面几点\n\n第一，这老师上课，学生根本学不到东西，他只晓得念一个ppt，那ppt我怀疑网上都能下载到。对于任何设计方法，分析方法，都一概不教，只讲很浅显的理论，就要求实操了。后来有问过，想学情节设计的同学没学到情节设计，想学运镜的没学到运镜，想学氛围塑造的没学到氛围塑造，想学分镜的没学到分镜，大嘘。\n\n第二，特别喜欢水课，冬学期一共16次课，大约有一半都在替同学的期末作业剧本把关和检查（这个过程本来应该是课后完成的，但他不愿意课后额外花时间，就上课讲。老实说，如果没时间可以不要布置这个人物），还有看电影的，自我介绍的，真正上课的少之又少\n\n第三，上课极少的那点内容，基本和期末大作业都没关系。期末要求的分镜头脚本和影片，都根本没有教。分镜头脚本说是会给模板，但一直都不给，后来同学在群里问了催了，才给，给了以后又说，不用按照那个写，还说网上一搜就有。我？？？？那我要能在网上搜到，我还要老师干什么……？[笑哭][吐血]关于剪辑更是没怎么讲，不晓得咋回事
149434,663,郭昊,2022-01-15 10:16:13,15,15,0,【影视与动漫编剧技巧】Part 2\n\n然后是两个最令我受不了的事情\n\n第一是曾经有过一次看影片写分析的作业，满分是100，全班平均水平感觉是40左右吧（所有人的分数都公开透明），然后有一位同学是得了满分，老师的意思大概就是，有人能得满分，很优秀很有天赋，因此他教得没问题，剩下的同学需要反思努力……exm？？？？一个班级里要是平均分只有这点，不说明你教得多少有点问题吗？？那一位同学得满分，是ta自己很优秀，和你没关系，懂吗？？？？\n\n还有就是期末大作业，这老师在第一周就公布了大作业的几个主题，然后在接下来八周中，他每周都要对作业的主题/材料/具体要求进行不同程度的更改，同一个材料，这周说不交，下周说要交，下下周又不要交，两个同学去问同一个问题，能得到两个不同答案。一些拍摄的要求，开始不讲明，到了第五周、第六周，我们都设计好了，他突然说个新要求，害得我们大量返工，直到最后一次课，要求还在变来变去。如果打提前量，就要不停返工，如果不提前，那就时间紧迫。\n\n还有十大的这个事情，我觉得这老师不可能不明白发生了什么，都成年人了，属于是不想管，装傻罢了，他平时就这摆烂样子，那样的反应我甚至都没觉得奇怪（无意冒犯受到伤害的同学，我觉得老师没有尽到责任）。毕竟能说出类似于“哈哈反正你们交上来的作业肯定不行”（原话记不得了，大概就这个意思）的人，也指望不来。虽然我们也知道自己不行，但毕竟是初学者（还什么都没学到的那种），觉得这样很幽默吗？（不是玻璃心，po本专业也有老师说过类似的话，但是我们本来就很喜欢那位老师，也有语境和上下文，所以完全没有感觉不舒服）\n\n一言以蔽之，别的我不太懂，但建议外专业同学不要选这门课作为个性[吐血][吐血]
150080,663,郭昊,2022-01-19 01:43:28,12,13,1,这个外聘 教也教不好 分也不给高 去死吧呵呵
163267,663,郭昊,2022-12-11 14:37:13,36,36,0,文学院教学科什么时候能做到以学生为本？虎父鼠子之徒
163276,663,郭昊,2022-12-12 03:05:06,21,21,0,只会在本科生群里说一个屁话，滚
163361,663,郭昊,2022-12-13 16:04:29,27,27,0,糊弄得很好，下次别再糊弄了，好歹把糊弄学学精通了再出来说话吧。
164497,663,郭昊,2022-12-21 09:26:10,53,54,1,郭昊你有病吧！站着说话不腰疼，为学生答疑解惑，安排课程不就是教学科要做的吗？“一天坐在电脑前，是个机器人也该歇一歇了”我可去你mlgb
164503,663,郭昊,2022-12-21 09:41:54,26,26,0,玻璃心，老师架子足，事情办不好，屁事一大堆，爹味儿重。
164509,663,郭昊,2022-12-21 10:51:42,47,47,0,教学科都是一帮爹味极重的酒囊饭袋
164514,663,郭昊,2022-12-21 11:37:17,-3,16,19,贱货，不值钱。你妈妈死了，让表子草的，你妈妈是个表字，被艹④了
164523,663,郭昊,2022-12-21 12:11:51,36,36,0,老师文学造诣极高，代表著作：\n\n“线上考试没有特别的好处，线下考试也没有特别的坏处”\n\n“说话要注意，她不是你的敌人！要注意用词，闷声不响，默不作声这些话，你觉得有必要吗？能提现中文专业的语言水平？”\n\n“社会很大，以后你们的路还长。选课永远是难题，十年以后，你会发现这是个小事。”
164550,663,郭昊,2022-12-21 19:26:49,42,42,0,郭昊和吴艳蕾，诠释了什么叫做一丘之貉，从来没有考虑过学生的利益。居然还有同学帮他俩说话？？同学，他们是拿钱办事的学工！他俩一没有学术水平二没有教学能力，仅仅是为你我服务的职工！还以老师自己呢，充其量就是个师傅。早点爬吧，仗着老爹的遗光在岗位上尸位素餐。
164576,663,郭昊,2022-12-22 03:23:12,9,10,1,因为昨天选不了课 特来骂一骂
164784,663,郭昊,2022-12-26 06:31:51,4,4,0,我要上课😭😭为什么本专业的人想上个专业课这么难😭😭😭😭😭😭为什么我来上学却不给我课上😭😭😭😭😭😭😭
165070,663,郭昊,2022-12-29 03:40:47,19,19,0,大家的评论充满了对郭老师的偏见和所谓不知道从什么地方来的傲慢，我是完全不能接受的。你了解郭老师吗？你去过文学院吗？你知道郭老师当学生的爹有多难吗？你知道文学院现在已经成为浙江大学最伟大的学院了吗？如果我们没有郭老师的话，文学院能取得这么大的发展吗？我要告诉你最了解郭文学院学生的不是你而是郭老师，你没有发言权，而郭老师有发言权，所以请你不要再做这种不负责任的质疑，郭老师欢迎一切善意的建议，但是郭老师拒绝任何无端的指责。
165075,663,郭昊,2022-12-29 03:56:17,20,22,2,什么时候死啊？
165133,663,郭昊,2022-12-29 09:19:58,-30,0,30,郭老师就是有的时候不太爱和学生多解释，让大家等通知等得有些急就老催他。老师其实还是很体谅学生的，有一次很晚了我钉钉上问他一个和他负责部分不太相关的问题，他也回复了我这是哪部分的内容和我应该询问哪位老师，心中是很感谢的。因为当时太着急了，晚上打扰也很冒昧，现在想来非常抱歉。希望老师可以多一些耐心，师生之间互相理解是最好的状态了。另外，我觉得作为学生也要意识到老师也有私人时间的，不要在非工作时间打扰老师是尊重的一种，其实没有任何老师有义务在休息时间给我们办事情，这也是后来因为一些体验才明白的。当然工作日效率不高又是一说，还是互相体谅吧。
165855,663,郭昊,2023-01-10 06:25:50,-30,1,31,郭老师人挺好的，可能每天要处理不同学生的事情太多了，难以面面俱到。每次去找（虽然也没多少次）老师，事情也基本都能处理好。
165878,663,郭昊,2023-01-10 08:04:51,18,18,0,楼下那位“事情也基本都能处理好”的判断不知从何而来？连郭昊这种人的本质都看不清，恐怕阁下也太没有眼力见了。
165882,663,郭昊,2023-01-10 08:10:37,18,18,0,你说郭老师辛苦了，回头郭老师笑你小娃娃没个好爹，不懂社会路长。擦亮眼睛看看吧~
168313,663,郭昊,2023-02-10 14:04:48,3,3,0,垃圾！有史以来上过的最垃圾的课！
170628,663,郭昊,2023-03-07 09:43:55,11,11,0,找你办点行政的事儿是真几把费劲，推三阻四的，不知道的还以为是我逼着你给你全家的火化单子上签字呢
174436,663,郭昊,2023-06-12 06:57:40,3,3,0,我只想说一句话，***，***，还是***。
174906,663,郭昊,2023-06-19 13:31:40,2,2,0,ai无语
175703,663,郭昊,2023-06-26 08:44:15,9,9,0,百闻不如一见，去找他签一次材料就知道多难绷了
176448,663,郭昊,2023-07-03 06:48:22,7,8,1,大家的评论充满了对郭老师的偏见和所谓不知道从什么地方来的傲慢，我是完全不能接受的。你了解郭老师吗？你去过文学院吗？你知道郭老师当学生的爹有多难吗？你知道文学院现在已经成为浙江大学最伟大的学院了吗？如果我们没有郭老师的话，文学院能取得这么大的发展吗？我要告诉你最了解文学院学生的不是你而是郭老师，你没有发言权，而郭老师有发言权，所以请你不要再做这种不负责任的质疑，郭老师欢迎一切善意的建议，但是郭老师拒绝任何无端的指责。\n\n傻逼
177602,663,郭昊,2023-07-04 01:50:15,5,5,0,什么牛马？
179288,663,郭昊,2023-09-07 11:29:51,16,16,0,没听过他的课，见识过他办的行政。咱不骂他这个人，就看他办的这些事。培养方案的事情，2023届毕业生毕业论文的事情，2024年推免政策的事情，都被学生骂。是不是学生不闹大就冷处理，我对部分行政的老师很失望。你们有没有想过学生的利益？2024届推免方案，很多同学在公示期内申诉过，你们没有认真研讨，忽略学生的诉求。到后来，直接说“时间来不及了。”时间来不及不是你们的工作失误吗？在其位谋其职。你们的工作失误就应该 你们快马加鞭的处理，而不是明知不合理还要继续拖延。作为学生，我没有想诋毁老师您的意图。我只是拿事情说话。
186000,663,郭昊,2024-01-07 09:55:38,4,4,0,懂得都懂嗯嗯
9199,669,丛杭青,2015-10-16 07:44:39,-7,6,13,悲剧啊
11582,669,丛杭青,2015-12-06 15:00:37,1,10,9,觉得讲得不错啊！
20186,669,丛杭青,2016-01-26 12:39:46,-2,3,5,挺好的。
33217,669,丛杭青,2016-11-22 00:14:12,0,20,20,很有意思的，原来以为是跟工程有关的东西，结果老师常常讲各种案例，周二的讨论了的讨论主题也都很令人感兴趣~总之是很棒的老师，给分也不错~
33219,669,丛杭青,2016-09-16 02:53:16,-2,3,5,非常好
33276,669,丛杭青,2016-09-17 10:45:37,-2,3,5,赞，绝妙！
33470,669,丛杭青,2016-09-19 12:20:15,-6,3,9,唉，不行
33549,669,丛杭青,2016-11-19 16:50:48,-14,6,20,作为一名工科生，一开始我是被工程二字吸引的，但是第一节课发现老师竟然是哲学博士，水平很高的。课堂重点在于伦理，对现实问题进行深刻反思，比如滴滴打车、快播案、活熊取胆、厦门PX项目、怒江水电站修建问题……本来以为伦理是件很复杂的事情，但是在讨论课中发现每个人都能说些精彩的东西，十个人就会用十个角度看问题，当然有时一些问题因为太深刻、太有争议让人非常痛苦。。。这回秋学期的评价体系主要是两篇论文，一篇八百字活熊取胆，一篇风险评估（大一学生用案例分析代替）。谢谢老师给了4.8的绩点，我非常满意。（但是我的室友3.9，其实很不错了，大家自己看着办）
34070,669,丛杭青,2016-09-26 11:27:53,0,3,3,各种水
34135,669,丛杭青,2016-09-27 11:18:35,3,12,9,老师人很好很可爱，能学到很多东西，不过那些性格比较内向，不太爱发言or不太敢发言的我猜不会有好分数............
34429,669,丛杭青,2016-11-29 07:46:37,-2,3,5,很不错的体验
35621,669,丛杭青,2019-06-13 08:28:18,-1,11,12,老师是哲学系教授，讲得很不错啊。而且，课水不水由自己决定，认真听还是会有收获的
35717,669,丛杭青,2016-11-10 07:52:04,-2,1,3,老师讲课好，挺有趣。
35854,669,丛杭青,2016-11-10 08:31:08,-2,2,4,作为哲学专业选修课来上的，老师讲的很好，各种案例信手拈来，因为人少，还经常让我回答问题……不过遗憾的是第一次也是最后一次老师开课了
37043,669,丛杭青,2016-11-17 07:17:01,3,5,2,讲道理很好，最后给的成绩不理想
37051,669,丛杭青,2016-11-17 07:41:06,-2,2,4,只是发了一次言，作业好好做就能拿不错的绩点，也能学到很多思维方式和案例，很推荐
37052,669,丛杭青,2016-11-17 07:44:20,-2,1,3,周一周二的晚课，周一上课，周二小组讨论，挺水的。然而老师很认真，举的案例也非常有趣，助教也很温柔。平时小组讨论以后争取一下发言，然后期中期末两篇东西，给分也挺好。只是作为工科生，对于伦理哲学这一类真是难以理解Orz所以还是有种…上了课…和没上一样的感觉…
37057,669,丛杭青,2016-12-22 05:12:33,1,7,6,特别棒！干货满满，给分好\n\n
37084,669,丛杭青,2016-11-17 09:38:40,-1,6,7,老师很好啦，没有太多作业，发言真的会有帮助的，还有，讨论课最好不要翘掉，助教会点名的，每周都有讨论发言的机会，几乎每个人都有机会，发言对平时分有影响的。还有，老师是哲学系的大牛，师爷级别的大佬，虽然课很枯燥（哲学嘛很正常，对吧），也是可以水的，但是这门课的干货真的超级多，虽然没有拿到4.5，但是4.2也还不错啦，对于一个工科生，哲学课得到这个分数真的很棒了!赞潇洒的老师，美腻的助教姐姐。
37104,669,丛杭青,2016-11-17 12:01:59,-2,1,3,很有哲理性，对各种社会事件有独到的见解，听了这节课完全没有办法听思修课。我平时不太认真，能水则水，但分数给的蛮好的
37120,669,丛杭青,2016-11-17 13:24:28,-2,1,3,富有哲理，认真听是有收获的\n\n
38179,669,丛杭青,2016-12-15 02:41:23,-2,1,3,(工程伦理导论)水水过。最好发过言，论文案例要选好，就行了。讨论课有时会点名。
38376,669,丛杭青,2016-12-01 06:03:56,-5,2,7,听的很舒服
56128,669,丛杭青,2017-07-03 06:25:50,0,2,2,挺好的嗯嗯好老师。觉得讲得不错
56129,669,丛杭青,2017-07-03 06:26:55,-2,2,4,挺好的一个老师
58909,669,丛杭青,2017-09-18 11:11:43,-2,3,5,不错哦
59299,669,丛杭青,2017-09-20 14:42:27,-2,3,5,老师超级认真，超级耐心，很负责。课程要求讨论比较多，一星期两节课，有一节用来专门讨论，还有课前发言，挺锻炼能力的。
61319,669,丛杭青,2017-11-14 11:15:04,-2,1,3,很水很松
61839,669,丛杭青,2017-11-21 07:40:39,-2,2,4,好！老师超好！给分好！
61932,669,丛杭青,2017-11-22 00:49:08,38,57,19,难道只有我绩点很低吗……
61994,669,丛杭青,2017-11-22 05:36:42,0,2,2,很好的老师
62186,669,丛杭青,2017-11-23 05:01:29,11,14,3,什么都做了  还上去发了言  线上考试也还行  结果被正太
62307,669,丛杭青,2017-11-24 06:14:00,0,3,3,挺不错的，老师和助教都很负责。
64511,669,丛杭青,2017-12-24 23:11:16,3,5,2,至今犹记得老师教的捍卫他版权法的方式，以其人之道，还治其人之身。妙哉妙哉！
64587,669,丛杭青,2017-12-25 11:05:55,-2,4,6,老师很和蔼，给分也尽量满足大部分的需求，而且分数尽量往高处打，学会积极发言，尤其是周一的课上到台上发言，讲得不全面也没关系，助教也十分善良，最后一片论文老师也会限制上限，没有期末考试，测试都是mooc上的，总之积极点就能拿到不错的成绩
73412,669,丛杭青,2018-02-01 14:01:55,4,6,2,被正态了 你懂得
74242,669,丛杭青,2018-02-07 16:14:59,0,3,3,老师认真负责，案例教学，生动形象。
75038,669,丛杭青,2018-03-07 06:01:08,0,3,3,老师超好的 给分也很好 讨论课 氛围轻松 如果想发言的话 稍微准备一下就好 期中考和期末考都是在网上考掉的 题目大部分可以在书上找到答案 选择题和判断题 最后一篇论文 想突破自己的建议选
87732,669,丛杭青,2018-10-11 02:46:16,0,2,2,给分好，非全日制。据说我们这届给的分高，后期有点名。上课形式理想化，小班效果一般，教室是一个问题，有几个校外专家挺好的。
89678,669,丛杭青,2018-11-20 08:18:16,0,5,5,大水课 给分高
90571,669,丛杭青,2019-01-08 03:30:10,5,9,4,受不了丛老师的正态心理，考前说有高分需求的私下联系他，谁不想拿个好绩点？发言讨论辛辛苦苦的努力，还比不上考前的'高分需求'？但老师的工程伦理知识还是不错的。
93123,669,丛杭青,2019-01-07 12:10:43,0,1,1,最后一天签字售书，特别好的老师
93959,669,丛杭青,2019-01-14 13:01:08,34,48,14,姚鑫霞和孙崇惠两位同学是我在这个课上新认识的，为什么呢？因为大家一般觉得发言一次就够了，他们发言了三次嘛
94712,669,丛杭青,2019-01-18 02:45:18,0,4,4,10分，说实话老师讲课风趣，内容充实，是一门很适合工科生的文化类课程...用血的教训告诫大家开卷期末考要好好考，不调分。虽然班级均分挺高的，但是也有我这种被正太到1.5的，崩溃了啊
102591,669,丛杭青,2019-02-11 13:10:09,10,11,1,基本emmmmm 没啥意思\n\n给分还低
104429,669,丛杭青,2019-03-20 06:32:17,16,18,2,一通识课事比专业课还多\n\n垃圾
105437,669,丛杭青,2019-04-13 05:18:56,7,9,2,非常坑啊，上课各种方式签到，不认真讲课，回去还要看慕课考试，恶心死了
106200,669,丛杭青,2019-04-25 13:40:32,-5,2,7,超棒！
106408,669,丛杭青,2019-04-27 05:57:00,7,10,3,出分以前老师评分还是9以上的，这下估计晚节不保了
106508,669,丛杭青,2019-04-28 03:09:49,24,25,1,破事多，给分完全随缘，很辣鸡，说是说没有论文，结果来一大堆破事，给分还差，学个p
106679,669,丛杭青,2019-04-29 02:32:32,6,7,1,一门通识课该干的都干了期末也还行给我3.3。
107324,669,丛杭青,2019-05-03 16:28:52,20,27,7,和之前同学评论的不一样，感觉不咋地。选这课也就是水点学分，没期望拿高绩点也就希望省点事分有80就行。然后课后网课习题一堆，上课还要发言刷分，课时里一半是没人愿意说话的无聊讨论课，另一半上课的内容中，一大半又被水发言的同学占了……认真刷完网课发言一次期末满分出分2.7……佛了……
107395,669,丛杭青,2019-05-05 00:19:25,12,12,0,我来补一手1分（：
108246,669,丛杭青,2019-05-17 09:50:26,69,88,19,首先请允许我叫您一声丛主播，其次我建议增设0分选项，这个很有必要，下面我简单评价一下吧，\n\n1.一次课45*4=180分钟，花式签到2次以上10分钟，换教室小组讨论走路15分钟，自己聊天15分钟，学生自己上台发言尬聊60分钟，推销500强企业行贿受贿底线调查新书10分，APP测试问卷答题10分钟，下课10分，这就去了110分，剩下时间反正我也不知道在干嘛，对了，还有现场看陆播，丛老师和丛主播同台竞技。\n\n2.各种APP不停切换挑战大家极限，首先不得不承认，APP录播课程的确比上课讲的好太多，但是各种拿加分威胁大家看APP就有点反感了，至于为了引诱大家看APP，还不是为了刷积分刷热度，作为浙大教授，真的已经非常热了，绑架学生搞这种花里胡哨的东西真是浪费表情，课程讲的好有吸引力，自然学生会主动听。\n\n3.伦理课已经把我逼着没伦理了，开始在网上留言乱喷了，本来课程评价都是默认五星好评，唯独这门课的评价让我自责不已，觉得愧对我的良知，以后课程评价还是上了再如实评价吧。\n\n4.第4请同学们补充吧，反正感觉是跟我上课老师里面最差的一个，不是指学术造诣，浙大教授学术上相信不会差，反正就是最反感的一个。\n\n好像还有卖书，懒得打字了
108448,669,丛杭青,2019-05-24 09:14:59,4,5,1,非常糟糕的上课体验啊，异常多事，上课不讲课，让学生回家看慕课和超星尔雅，疯了吧
108709,669,丛杭青,2019-05-31 14:29:51,0,0,0,知识点讲解不够深入
108711,669,丛杭青,2019-08-26 17:11:19,-35,16,51,首先，评论里称呼老师为“丛主播”的同学你还有素质吗？虽然你花钱来上课，但这种戏谑的称呼是你作为一个学生应该做的吗？考上研究生不代表你就可以凌驾一切之上，有意见可以好好说，有问题说出来慢慢解决，上来就是喷、出言不逊，你在现实生活中很不如意吗？作为成年人，麻烦你有话好好说，别躲在匿名后面抱着键盘就把素质踩脚底，生而为人请你善良。
108713,669,丛杭青,2019-05-31 15:49:33,4,5,1,呸！！
108716,669,丛杭青,2019-05-31 16:28:04,0,3,3,除了学习通APP有些缺陷外，其他方面都非常好。非常敬业的老师，案例分析也很有意思。
108861,669,丛杭青,2019-06-03 10:20:41,11,11,0,丛老师概念知道的不少，学术肯定有。但是上课讲概念并不是学生最感兴趣的。一门哲学范畴的课应该教会人如何思考，而不是谈一些大道理，希望老师能在课堂上多讲一些案例，如果王欣案被定性了讲不了，那就讲讲美国的也可以。最不能接受的就是当我信心满满想听丛老师讲具体案例丛老师的思考时，丛老师说了一句时间关系不展开了。我不想相信不展开是丛老师没有展开的能力。我相信丛老师能够好好备课准备哪怕是一个好的案例，但真的不希望听一堆概念，看一堆投票结果，全日制和非全日制对伦理理解不一致不是我们要学习的，而学生想听的是对伦理如何去思考，或者您丛老师的思考。\n\n还有希望规则不要变来变去。第一节课说好了加分，那就规划好平均每次课几分，只在上课结束后立马发出作业，而不是随意的叮咚骚扰，甚至发出后作废，导致加分不公。总之，课程改革可以，但是做事加分应有计划性。
109706,669,丛杭青,2019-06-18 14:46:47,1,2,1,好！！！
112424,669,丛杭青,2019-07-04 06:09:49,-1,3,4,感谢老师的99
112686,669,丛杭青,2019-07-05 00:26:07,4,6,2,被正态79也可以理解，72是疯了吗？全签到网课全做期末100，这给分可真好
115105,669,丛杭青,2019-07-15 15:32:46,4,4,0,花里胡哨，浪费时间
115480,669,丛杭青,2019-07-27 16:57:11,4,4,0,老师您能不能好好备课呢
117795,669,丛杭青,2019-10-02 03:27:32,13,15,2,弄了一个傻逼软件，一堆签到问卷主题讨论，课后也三天两头的发问卷。要不是必修课鬼才上噢。把这些乱七八糟的去了腾出大把的时间好好讲讲工程伦理不行吗？
117869,669,丛杭青,2019-10-07 02:04:21,4,4,0,十一节总共发了四五个投票和两个评论，我996的老板都没这么push
117903,669,丛杭青,2019-10-08 16:39:06,1,2,1,无语了
118431,669,丛杭青,2019-10-27 04:22:57,0,1,1,工程伦理卵用没有
118804,669,丛杭青,2019-11-06 08:48:33,1,2,1,我是傻逼
119016,669,丛杭青,2019-11-09 12:58:48,0,0,0,网红老师
123790,669,丛杭青,2020-06-14 07:34:25,-2,7,9,选这门课时，我是很忐忑的，因为很多人给分很低，对老师评价不高，但我还是选了。上完后（我是2020年，疫情原因上网课），我感觉这门课其实很硬核，（我和我小组的人都这么认为），每星期的讨论课都挺需要准备的，而且这门课上老师对于国际上，特别是中美关系的评价特别深刻，我感觉讲得很有道理。最后说一下绩点的事。课后很多投票什么的不假，参加一下又不需要多少时间，也就几分钟水一下就OK了，出成绩的时候，我压根没担心过，我觉得我这样付出肯定满绩，结果也正如我所想，98分。所以，选这门课的同学还是要有主见，不要人云亦云，我大物老师评分也不高，但我感觉人也挺好，回答问题很详细。说白了，这个平台的内容你只能参考，不能全信
124973,669,丛杭青,2020-07-28 03:13:35,2,4,2,这老师事儿贼多，但是评分是真的按学在浙大给
126528,669,丛杭青,2020-09-29 07:31:13,4,4,0,这课事情真的很多，而且老师不靠谱
126538,669,丛杭青,2020-10-13 05:43:54,1,2,1,杭青老仙，法力无边
126628,669,丛杭青,2020-10-09 10:13:51,9,9,0,很会跟时髦，课堂上不停和你讲他看到的抖音，自以为讲的很有趣，但学识及其浅薄。不过对于思政老师这点也可以理解，毕竟他们自己都可能不信自己说的那一套。\n\n    但关键是你为啥要搞那么多作业，恶心！！！你要么让我们花费时间学到知识，要么就让我们水个学分。自己讲着一套站不住脚的观点，甚至背离马克思主义的思想，有什么资格让我们花费这么多时间再这种垃圾课上面！
126940,669,丛杭青,2020-10-29 02:04:06,1,1,0,事太多，整得我们每天很闲一样，花这么多时间在这门课上
127008,669,丛杭青,2020-11-02 13:35:30,9,11,2,谁选谁后悔，《工程伦理》最浪费时间、最麻烦的水课。直播课，签到签退+上课不间断的互动问卷+限时作业+视频研讨+主题短视频，我从来没见过这么多花里胡哨的考核，强烈建议避坑。
127031,669,丛杭青,2020-11-03 13:44:37,4,4,0,从来没有见过这么垃圾的老师，事儿Ｂ
127223,669,丛杭青,2020-11-15 14:06:32,0,0,0,一门通识课，事儿异常多，又要准备小组pre，又要期中期末线上考试，期中考试25道题考试时间25分钟，基本看运气，线上考试占比50%……
127462,669,丛杭青,2020-11-23 08:17:23,1,2,1,每堂课签到签退还有互动，考试题量大，时间不够，给分贼低
127487,669,丛杭青,2020-11-23 12:16:20,-10,1,11,真是一位认真负责的好老师
128036,669,丛杭青,2020-12-03 16:27:01,0,0,0,这课的事情怎么说呢，视频能后台挂着刷，那个测试的话如果你有心也是能查到的
128132,669,丛杭青,2020-12-08 04:35:09,8,9,1,我对这个老师提不起好感，上课不认真上，就搞些奇奇怪怪的互动手段。对学生的疑问还没有耐心，嘲讽道“是不是要给你们每个人配个技术顾问”。后半部分连PPT都不做了，直接打开一个word文档照着念。《自然辩证法》这门课就是外行指导内行，一个人文学院的老师连科学研究（特指理工科）都没有搞过，还要来给我们说科学方法论工程方法论。给分我感觉还可以。
128810,669,丛杭青,2020-12-25 13:20:11,2,2,0,事很多，但全做了，最后给分也还可以
129051,669,丛杭青,2020-12-29 07:16:50,1,4,3,事情确实不少，每节课都有签到，但整体而言工程伦理导论石门水课，给分的话其实老师还是有调分的，还好吧，任务都完成了就没太大问题
133228,669,丛杭青,2021-02-19 10:06:54,6,6,0,我吐了，建议早点退休吧丛老师
135916,669,丛杭青,2021-06-03 03:32:56,15,15,0,浙大最sb的老师，最sb的课，没有之一！
142273,669,丛杭青,2021-11-09 13:56:46,-18,4,22,什么都没干结果成绩全班第三，而且根本没锅，老师知识丰富，可以认真学也可以摆，真的宝藏大家放心选
143631,669,丛杭青,2021-11-29 07:39:58,0,1,1,真的烦
143670,669,丛杭青,2021-12-01 07:48:03,0,0,0,听不懂
143824,669,丛杭青,2021-12-08 00:15:19,1,1,0,丛老师对研讨课的热忱让我感到费解，一半的课时分给研讨课，这样的时长分配是否意义？以及课堂上花里胡哨的互动模式，只会让课堂变得零碎而非丰富。还有，能不能不要随个人心情改变教学计划，大家都忙，没心情配合你游戏人间
144072,669,丛杭青,2021-12-23 05:59:01,0,1,1,花里胡哨！！！！
144147,669,丛杭青,2021-12-19 15:01:18,0,0,0,天天整烂活
151255,669,丛杭青,2022-02-26 07:52:00,2,2,0,在听第一节课的时候就来查老师了，老师个人水平真的低，课程设置非常拉跨，讲课混乱思路不清晰。
181128,669,丛杭青,2023-10-09 13:17:15,0,0,0,布置的题目书上找得到吗？你讲了吗？课程屁用没有，啥都学不到。考核内容更是纯抠字眼，搞一些根本没人这样说的乱七八糟的定义来用
182258,669,丛杭青,2023-11-13 12:03:30,0,1,1,讲课还挺有意思，但是作为通识课事情有点多，给分是不是太迷了，认认真真听课做作业最后没平均高😅
182261,669,丛杭青,2023-11-13 13:25:43,0,0,0,绩杀，无语
184696,669,丛杭青,2023-12-22 08:11:03,0,0,0,不想上课可以退休的，没必要上课一大半时间放视频还有搞你的垃圾学习通。
207697,669,丛杭青,2024-12-24 02:42:40,2,2,0,坐标，研究生课，工程伦理，老师被请来上了一节课，一节课各种抢答和回答问题加分，各种屁事。\n\n我上工程伦理课上的好好的，摆的很开心，他一来各种教我们教学班老师如何把课程考核变得更恶心。比如说在课程评价中提高回答问题分数比例，然后取消论文大作业改为PPT大作业。\n\n然后一节课纯纯恶心人，讲课水平不高，各种逼人回答问题，加分威胁，不回答问题就没分。\n\n都研究生了，你还当我们跟本科一样没命卷。\n\n上课就知道放视频，咱就是说，既然能线上讲课，就不要让我们早八来教室受罪。\n\n先给1分为敬。
26705,694,沈华清,2016-06-21 02:59:22,-34,7,41,很棒很仙！
27325,694,沈华清,2016-06-25 02:23:01,28,38,10,上的摄影与后期制作。老师是典型的甩锅王，因为是专业课，基本班长背锅。这课艺设是必上的，只有一个建议，照片好好拍（防止办公室参观体验），事情少干点（防止背锅）。上课内容么，干货有一点，附赠长篇无关紧要的闲侃（你应该不想听）
28127,694,沈华清,2016-06-28 08:08:14,8,12,4,物理和艺术。。。\n\n
33061,694,沈华清,2016-09-11 11:23:42,65,73,8,对自己的审美有蜜汁自信…因为本科学的是物理所以睥睨全世界
33265,694,沈华清,2016-09-17 07:06:23,34,37,3,“xx不重要，我来教你怎么做人”
50843,694,沈华清,2018-02-27 06:33:06,-25,8,33,还是可以的
55290,694,沈华清,2017-07-01 08:17:56,12,16,4,给分不好
74304,694,沈华清,2018-02-10 06:59:43,3,11,8,讲着讲着就脱离话题，喜欢诡辩，除了废话比较多还是个认真负责的老师。
76139,694,沈华清,2018-03-27 14:52:56,28,31,3,求华清3D软件课给点演示或者教程！? ? ?
82324,694,沈华清,2018-07-08 01:34:34,-25,7,32,老沈人很好 挺负责 就是教的有点迷
82962,694,沈华清,2018-07-09 11:12:58,25,27,2,活在自己的时代，，，
104133,694,沈华清,2019-03-12 16:11:06,14,17,3,迷之自信的在讲课，不懂的东西还在课上瞎金表说
108541,694,沈华清,2019-07-13 05:27:36,13,16,3,浙大竟有此类“老师”？？？
113317,694,沈华清,2019-07-06 05:47:31,18,24,6,沈老师真的是太好了，教会了我自学每一个软件。这是多么实力强大，认真负责的好老师啊！那么请问您什么时候退休呢？
117607,694,沈华清,2019-09-26 14:59:11,-21,4,25,棒棒哒，老师好可爱
117883,694,沈华清,2019-10-07 15:25:04,8,11,3,很不负责…只能说来教学生的话真该提升一下自己了…
122639,694,沈华清,2020-03-10 08:46:09,4,5,1,很迷幻…
122714,694,沈华清,2020-03-24 00:34:27,7,9,2,无语…
123134,694,沈华清,2020-05-12 00:06:17,4,5,1,大无语
123136,694,沈华清,2020-05-12 01:41:41,13,14,1,上课不必听，下课根据作业自己找教程效率会更高点（。
123455,694,沈华清,2020-06-09 04:07:49,3,3,0,》。。。
124274,694,沈华清,2020-06-28 09:57:08,23,26,3,我求求老师别教了！！！！！！啊！！！！！！！！做老师不用接受培训的吗！！！！你教了个啥 啥 啥呀你就教！！！啊！！！！！！！！！！！！！！！！！！！！！！！！！！！！！！！！！！！！！！！！！！！！！
124279,694,沈华清,2020-06-28 11:45:06,3,5,2,无语。
124281,694,沈华清,2020-06-28 12:03:40,8,9,1,天才老师，看似授人以鱼，其实作业是造火箭。
124657,694,沈华清,2020-07-05 07:40:11,-4,5,9,得分高于预期
135008,694,沈华清,2021-04-26 13:37:35,-12,3,15,老师很可爱啊，摄影水平高，平时很关心学生，说上课不用认真听的真的错过了很多有趣的想法和知识。另外表白助教小哥哥。
135644,694,沈华清,2021-05-18 02:34:01,6,7,1,你教的什么玩应！什么玩应！什么玩应！
136307,694,沈华清,2021-06-16 05:22:51,10,12,2,如果能有个三流社会培训班的水平，我也认了。\n\n但是这样的老师竟然能够在浙大位居副教授之职，实在是可笑。\n\n不论从专业水平、人品、责任心都毫无可取之处，\n\n这样的老古董应当趁早请出浙大
141695,694,沈华清,2021-10-20 10:35:48,5,6,1,是我见过最自信的老师，如此老旧的审美，如此不负责任的态度，为不备课而感到骄傲，吹嘘自己曾经的事迹，牛蛙，上课不如看教程。
152208,694,沈华清,2022-03-30 12:22:58,19,19,0,自以为是爹味男，自命清高草包人
153425,694,沈华清,2022-04-29 11:34:52,-16,6,22,虽然评论里好多骂他但我还是觉得他是个很可爱的老师我就喜欢听他讲各种闲话上他的课就是很开心
153902,694,沈华清,2022-05-16 10:10:43,-23,2,25,我觉得沈老师很好很可爱
156189,694,沈华清,2022-06-18 05:59:31,3,5,2,不要抱希望，不要尝试理解他，快逃!!!
160786,694,沈华清,2022-10-11 10:25:02,2,2,0,3d软件基础给分比想象的高…沈老师专业水平我不敢评价，但讲课的逻辑思路挺乱的。
167501,694,沈华清,2023-01-16 18:13:08,10,10,0,多少有点不配做老师，请回去做您自己的项目去吧，别祸害学生了，真无语至极，几乎学不到完整的东西，没有体系，乱七八糟，恶心
168497,694,沈华清,2023-02-18 21:08:36,9,9,0,脑残一整个脑残，一整个大脑残，自己啥也不教，最后还要学生交出一个大作业来，就他教的那些狗屁能做出东西来吗，多少有点应该滚蛋，滚回去开公司吧，脑残，不配！啥也不配！
171014,694,沈华清,2023-03-14 06:19:34,6,6,0,这也配叫老师
171824,694,沈华清,2023-04-06 14:43:49,21,21,0,不好好备课，就吹嘘自己学的软件多了搞混了，然后美名其曰“在错误中学习”😊😊3D软件基本不用听课，因为你听了你会发现不如自己在网上找教程学得多。\n\n摄影课大部分时间都在贬低同学们的作品，“这个作品入不了我的眼”“没认真听课从你的作品就看得出来”，甚至因为一位同学生病请假没来上课，就说同学骄傲不来听课😍😍\n\n对同学和自己的作品有着明显的大型双标现场，他拍出来就是美感、油画感、禅意，同学们拍出来的就是太暗、没亮点、色彩不对？？？？？\n\n\n\n真服了这位尊贵的副教授，浙大可不可以好好的选老师啊？这种自恋又不会教书的老师为什么还可以在浙大当副教授？
173827,694,沈华清,2023-06-03 10:13:54,12,12,0,不如看教程。上课感觉在浪费生命。
173982,694,沈华清,2023-06-05 11:28:29,11,11,0,垃圾老师，纯傻逼，不好好备课，讲着讲着就讲错，花式点名，恶意揣测学生
174116,694,沈华清,2023-06-06 10:30:20,11,12,1,还不跑干什么家人们？？？？？？\n\n《艺术没有满分》，，PUA学生的大饼老师。。。。。。。。。
174248,694,沈华清,2023-06-08 06:45:51,16,17,1,一个几乎没有专业知识，组织策划能力，审美能力和教学体系的“老师”，因为是艺科的必修课所以我的建议是每节课都要到（老师会不定时点名/点评作业），如果想学到点东西上课不用听直接到YouTube/bilibili跟着教程学，上课选个离他远点的位子因为他会满教室乱晃，作业全部都要好好做因为老师是根据平时作业+期末作业+个人主观评判来的。\n\n以及shq不会给同学5.0因为“艺术没有满分，你太在意绩点了”呵呵，他也配谈艺术\n\n老师本人如果是个保安大叔的话应该是个有趣而可爱的人，但来当教授简直就是尸位素餐，呵呵
177247,694,沈华清,2023-07-02 11:21:14,8,8,0,自恋男
177514,694,沈华清,2023-07-03 14:17:36,5,5,0,到底为什么不能打零分？
177515,694,沈华清,2023-07-03 14:18:40,4,4,0,为什么不能给0分。。。真的。。。。
183443,694,沈华清,2023-11-26 09:11:42,4,4,0,快跑，很烂！！！！！！！！！！！！！！！！！！
189888,694,沈华清,2024-02-01 07:44:21,1,1,0,😅.，、
190413,694,沈华清,2024-03-01 10:47:42,11,11,0,上课抽烟真牛b，让学生吸二手烟的老师一枚呀～为什么不能负分
190767,694,沈华清,2024-03-18 10:58:04,13,13,0,审美差劲，上课经常扯别的，快跑
191088,694,沈华清,2024-04-02 00:23:13,6,6,0,pua学生，傻逼老师，您还好意思来跟别人讲审美？？？？？
191127,694,沈华清,2024-04-07 02:46:37,4,5,1,傻逼老师，自己拍拍照还行，教书就算了
191171,694,沈华清,2024-04-10 10:45:25,18,18,0,傻逼老师，早八的课硬生生变成早五，时间一次比一次早
198452,694,沈华清,2024-09-09 04:15:28,2,3,1,别选他的课
200032,694,沈华清,2024-10-11 11:04:04,8,9,1,我觉得他不配在大学教书，给小学生做分享还好，同意请点赞。
214667,694,沈华清,2025-02-16 06:04:54,2,2,0,爹味十足，全世界就他最懂
215226,694,沈华清,2025-02-24 14:57:42,1,1,0,最讨厌的老师
216036,694,沈华清,2025-03-09 18:41:11,-5,0,5,沈老师很可爱啊！认真负责好老师
216484,694,沈华清,2025-03-17 08:03:02,1,1,0,双标，审美单一，傲慢，自娱自乐，不尊重\n\n拍的还行，教书还是别了\n\n看不懂居然还有夸的，想笑
216528,694,沈华清,2025-03-18 03:54:27,2,2,0,感觉他想到哪里教到哪里，而且经常输出自己的观点，一输出就很容易旁逸斜出。
216994,694,沈华清,2025-03-31 06:06:25,1,1,0,迷之自信，讲课有东西，但不多
217263,694,沈华清,2025-04-07 07:09:18,2,2,0,自信的老登，特长是在任何时候发表价值观演讲。说实话你怎么混到这里的？在ppt上学到的那一点点知识的获得感完全被毫无逻辑的侃侃而谈污染了。降噪耳机一定要选好一点的，听到一句都令人不适。
217503,694,沈华清,2025-04-11 15:02:48,0,0,0,666
219443,694,沈华清,2025-05-27 11:27:24,2,2,0,和公园打鸟大爷没有本质区别，烟味有点熏人，很纯的老登
219732,694,沈华清,2025-06-05 02:44:51,2,2,0,梦到哪讲到哪
203,709,孙仲,2015-03-14 16:48:45,49,59,10,有思想的老师
372,709,孙仲,2015-03-15 01:35:47,40,48,8,有情怀的老师，思想很不一样，值得一听的通识
380,709,孙仲,2015-03-15 01:42:55,114,125,11,这个老师是真心好！两个字，情怀。
613,709,孙仲,2015-03-15 07:21:55,30,34,4,很享受 思维的碰撞 活跃的氛围 犀利的观点。最喜欢的通识课之一
1192,709,孙仲,2015-03-21 16:30:10,1,12,11,思想观点还是很大众，感觉别人评价的言过其实！
1208,709,孙仲,2015-03-21 16:38:59,18,19,1,老师声音实在是太好听了
1540,709,孙仲,2015-03-22 11:34:33,5,6,1,好老师，有思想，有情怀，情商也高。
1547,709,孙仲,2015-03-22 11:54:19,19,21,2,好！老师很潇洒，有风度～
2117,709,孙仲,2015-04-01 13:35:35,-17,11,28,老师上课内容很少，看得出没有认真备课。但是老师很会谈人生，加上学生发言（一次加一分，上限5分）每节课都放电影。
2338,709,孙仲,2017-01-04 13:26:11,5,10,5,很有意思的课~
3683,709,孙仲,2015-06-17 02:14:14,5,7,2,老师很优雅，很有自己的思想见解。我从中学到了很多生活的道理，是我最喜欢的老师。
4179,709,孙仲,2015-06-18 03:11:06,-13,9,22,给分略渣
4696,709,孙仲,2015-06-26 07:47:50,30,35,5,老师有着自己的坚持，听她的课更像是一种享受！
4866,709,孙仲,2015-06-30 03:26:32,24,26,2,老师上课涉及的面很广，如果每节课都认真听真的会学到很多知识，接受到不同的思想，老师很会调侃，感觉孙仲老师就一文艺女青年。
5383,709,孙仲,2015-07-07 05:41:12,16,18,2,她虽然只给了我3.4，吐槽一下正态。。但是这的确是一门好课，老师讲的超级棒!还想再听一次。人格魅力！
5473,709,孙仲,2015-07-07 22:39:31,0,2,2,棒
6033,709,孙仲,2015-07-10 11:11:28,0,1,1,除了电影不大想看，课上的还是很不错的！
6535,709,孙仲,2015-07-15 02:09:25,0,2,2,很有人格魅力的老师，希望了解美国的人应该去上，很难选，但不后悔，给分嘛正太这个东西也不怪她。
7292,709,孙仲,2015-09-13 04:06:44,0,1,1,很好的老师
9085,709,孙仲,2015-10-12 14:39:25,4,4,0,老师好棒！想写作业都写不下去，上课很吸引人。
11519,709,孙仲,2015-12-03 11:44:51,2,3,1,老师说性格都有好坏无所谓高尚。
11781,709,孙仲,2019-04-26 15:04:58,1,2,1,听老师上课真心是一种享受
14221,709,孙仲,2016-01-05 12:56:59,10,11,1,我只能说，我虽然想水但是发现老师讲得太有意思水不掉╭(°A°`)╮
14222,709,孙仲,2016-01-05 13:10:28,4,6,2,老师人很好，每次都赶校车来上课，讲的很生动，感情也很真，总是告诉学生政治的复杂性，身体不太好，注意身体啊
14250,709,孙仲,2016-01-06 01:19:10,10,10,0,讲的很有意思，尊重每个人的看法，对美国感兴趣选这个肯定没错，给分此时已经不重要了（正态也没办法），这样的课才是真正的通识课，开拓眼界引发思考。
14818,709,孙仲,2016-01-09 13:49:37,0,1,1,教授的是政治素养，而不是什么简单知识
14857,709,孙仲,2016-01-10 08:26:40,0,0,0,思想有深度 超级喜欢
15448,709,孙仲,2016-01-14 12:03:21,1,1,0,收获很大，老师女神
19190,709,孙仲,2016-01-23 12:33:56,27,32,5,不错的一次通识体验，很有收获，可以大致了解美国这一两百年政治外交文化的演变过程。老师挺有个人魅力，讲课也很生动。PS 下雨天还有老公从玉泉送鞋，强行秀一波恩爱
19202,709,孙仲,2016-01-23 13:29:43,1,9,8,没有评论说的那么好啊
19248,709,孙仲,2016-01-23 16:04:46,-3,2,5,虽然被正态了，但还是挺喜欢的   就是电影挺无聊的
20558,709,孙仲,2016-01-28 10:41:28,0,3,3,评分不客观
20560,709,孙仲,2016-01-28 10:47:26,-5,10,15,不行 不太好
22435,709,孙仲,2016-03-05 11:27:12,0,1,1,真的很好的老师，很大胆！
23066,709,孙仲,2016-03-17 01:26:27,0,1,1,老师人超好
23879,709,孙仲,2016-04-19 12:52:44,1,4,3,天啊，这是我在浙大上过最好的通识课了！
23880,709,孙仲,2016-04-19 13:58:33,1,2,1,有思想，敢说话，情怀满满（如果迟到可能是因为校车撞了去医院擦红花油~
24589,709,孙仲,2016-05-02 04:31:33,1,2,1,超级好的老师！听课真的是一种享受，有很独到的观点，开阔的眼界，给人一种很好的体验。有情怀，有调侃。老师对生活有一种特别的态度。给分都不重要，听课值了！
24600,709,孙仲,2016-05-02 06:09:33,0,1,1,从新的角度来思考！
25305,709,孙仲,2016-05-13 06:36:20,6,10,4,我一个工科生 给了我4.5 自己都没有想过 十个赞！
26884,709,孙仲,2016-06-21 12:47:37,2,3,1,很有情怀的老师，儒雅的学者气质，超级棒～～～
28496,709,孙仲,2016-06-28 09:29:43,5,6,1,浙大最好的通识之一
28814,709,孙仲,2016-06-28 16:05:42,1,2,1,喜欢老师～～很有风度～～
30384,709,孙仲,2016-07-01 12:56:13,0,1,1,思路清晰，拓展知识面\n\n
30487,709,孙仲,2016-07-01 16:50:35,4,5,1,别想在她的课上写作业，因为讲的太好了
30519,709,孙仲,2016-07-01 23:44:33,1,2,1,很有风度的老师，很好的课。鼓励我们发表自己的看法，说的最多的就是“这也只是老师的一家之言”，感觉老师是真的在传递自由民主精神。
30853,709,孙仲,2016-07-02 16:11:52,6,8,2,讲的的确不错，但是讲的内容大部分是美国文化，政治体制和几十年前的外交，建议冲着现代政治外交去的同学还是别选。给分的话感觉签到很重要
31317,709,孙仲,2016-07-03 15:46:57,1,2,1,优雅的女神，有深度的学者，耐心的教师。
32740,709,孙仲,2016-07-12 07:39:36,14,17,3,除不会用话筒之外……简直完美
35984,709,孙仲,2016-11-10 09:33:33,0,1,1,大一上的这门课，老师是真的一级棒，可我就是好奇，老师这次大选预测对没有啊？
39907,709,孙仲,2016-12-28 07:02:04,-30,7,37,不是很喜欢 观点不主流 不利于高校思想政治工作开展
40811,709,孙仲,2017-01-05 14:58:52,9,10,1,绝对是目前为止在浙大遇见的最好的老师。思想交汇，真正的大学课堂，很可惜上不到其他课了～愿老师也一切顺利！
40940,709,孙仲,2017-01-06 14:42:02,4,9,5,杨绛式的人物。很喜欢她。
41004,709,孙仲,2017-01-07 16:32:55,0,2,2,分数还没出，但不管怎样，都给老师10分，这是我上过的最有收获的通识课。老师想做的事也是我想做的，喜欢老师的人生观。
41006,709,孙仲,2017-01-08 01:55:31,0,1,1,上课是种享受
41377,709,孙仲,2017-01-11 06:46:54,1,2,1,从此环保爱政治
41433,709,孙仲,2017-01-11 14:17:33,1,3,2,不知道要怎么评价但绝对是我来浙大遇见的最好的老师。非常遗憾没有别的课能上了TuT早来浙大几年就好了= =
43360,709,孙仲,2017-01-16 07:40:45,0,2,2,老师很棒的啊  虽然现在分数还没有出来，不过学到了很多的啊  必然十分！！！！！
43948,709,孙仲,2017-01-19 15:10:19,19,19,0,优雅的女神～有思想有观点，更有自己的生活和情怀，是我以后希望成为的样子啊～课上了解美国历史文化的系统背景，这学期情况特殊还多多谈了川普…虽然还没有出分，但是老师绝对满分～～～\n\n但是不能否认的是一门付出了巨大心血的课程，只得到3.9是绝对在情感上不能接受的。
45502,709,孙仲,2017-01-19 15:39:42,14,16,2,不要成为政治无意义的牺牲品，嗯，有道理
45520,709,孙仲,2017-01-19 16:12:00,0,2,2,可水可听，听了有干货，不喜欢 水水只要论文写得好拿高分也是有可能的
45599,709,孙仲,2017-01-20 00:17:59,8,10,2,我们都不要做政治无谓的牺牲品
45681,709,孙仲,2017-01-20 02:42:35,1,2,1,老师超级棒！上她的课很有意思，完全不无聊不枯燥！真的可以学到很多！
45690,709,孙仲,2017-01-20 02:51:59,0,1,1,一个蛮温柔的老师 很有情怀 我一个工科生最后能拿到这个绩点 还是挺满意的了 谢谢老师
45736,709,孙仲,2017-01-20 04:02:30,5,6,1,上课不错 给分迷幻
46015,709,孙仲,2017-01-20 11:56:25,27,35,8,听她的课其实还是很轻松的，只需要3次点名、3次发言就能把平时分拿满。按照她自己的话来说，这些课当讲座来听就好，干货也是挺足的，鼓励自由和理性的讨论。不过她的政治立场接近白左，对川普黑得过分。如果你逛知乎等网站的话，还是建议你去听一下，但是要事先做好心理准备，不要愤怒或被带偏。其实我的论文多多少少表达了对川普的同情，但最后给分还是很高，说明老师对不同意见还是很包容的。总之虽然我不同意她的某些观点，但我很欣赏她的这种态度。
46080,709,孙仲,2017-01-20 14:45:20,4,6,2,这学期的美政课之于我意义格外深刻吧，老师很好虽然，虽然有点极端川普黑
46336,709,孙仲,2017-01-21 09:00:03,0,1,1,非常棒的老师，讲课幽默，同时能学到很多东西，对美国政治文化历史都会有一个大体上的了解。
47873,709,孙仲,2017-02-27 01:08:33,0,1,1,绝对是一门值得听的好课，绝对是一个有思想的老师
47933,709,孙仲,2017-02-27 10:56:18,0,0,0,老师很好 很有想法 也包容不同观点 自己有点美国政治基础 最后分数就会好
48223,709,孙仲,2017-03-01 09:52:36,6,8,2,给9分吧，老师女神优雅有气质，应该说是在学术界有一席之地的学者，但黑川普黑的……稍稍有点过头，总体来说绝对值得一听（PS:每次想水课都无法得逞，老师声音实在好听）
48260,709,孙仲,2017-03-01 13:53:29,0,1,1,听她的课，好幸运(ღˇ◡ˇღ)
48277,709,孙仲,2017-03-02 01:43:59,1,2,1,娓娓道来
48586,709,孙仲,2017-03-08 02:34:18,0,0,0,老师很有情怀很棒！
48621,709,孙仲,2017-12-06 04:35:25,-24,11,35,liberal一枚，很多观点不过脑子，也没有逻辑，屁股决定脑袋。老是吐槽政治审查实际上也没讲点什么过火的东西。黑川普黑的太无语了。
48815,709,孙仲,2017-03-13 17:34:55,11,17,6,难道只有我喜欢老师喝水的节奏吗
49133,709,孙仲,2017-03-27 10:35:43,0,0,0,老师确实很好，思想独到，不过建议想多学一点的可以私下多和老师交流，因为上课速度可能略慢
49474,709,孙仲,2017-04-16 03:52:43,8,10,2,没有热评说的那么好啊，当然也不差，只是上课干货感觉不是太多，所传达的思想和情怀还是不错的。
49518,709,孙仲,2017-04-17 13:07:02,0,3,3,超级棒。有自己的想法，可以听到很多不一样的东西，舍不得。
50175,709,孙仲,2017-12-06 04:35:01,-38,9,47,完全是一个小家子气的人，观点只从利于自己的角度出发，竟然敢批评浙大四校合并，荒谬之至！言语中不时流露出对工科生的偏见，谁给她这个胆子了，在浙大敢这么看工科生。
50191,709,孙仲,2017-05-01 05:03:06,1,4,3,真的很棒很棒，每节课都不开小差，不水手机，坐在第二排认认真真听课，虽然给分有点低，但是不影响打10分
50288,709,孙仲,2017-05-02 07:36:57,8,10,2,老师讲课真的很有意思，但是有一些言论太具引导性了，如果容易情绪化的同学会比较容易被带偏。其实平时的讨论略水，有几个话题会让人觉得怪怪的（尤其是一堂课中对某个人进行抨击的引导性讨论），排除这些因素这堂课还是超棒的，值得一选，给分也不错
50555,709,孙仲,2017-05-03 12:16:25,1,5,4,天地良心
50940,709,孙仲,2017-05-09 12:31:43,0,3,3,非常好，如醍醐灌顶
51819,709,孙仲,2017-06-11 12:57:19,-8,2,10,有人知道2017年春夏老师的期末论文是什么吗，以及要评价书的哪几页
52613,709,孙仲,2017-06-21 12:14:54,4,5,1,有思想有情怀，但是课略显水，而且三观和我高度不和。。很多观点听得我很难受。。给8分
52664,709,孙仲,2017-06-22 04:57:09,0,2,2,老师很有学者的风骨。但是感觉课还可以深下去一点，大部分确实像是在科普了。（虽然是通识课），观点很独特，人很温柔，但是总感觉讲的有点少....除了最后一节课讲了很多自己的观点之外。可能因为老师比较淡定，不慌不忙......
53073,709,孙仲,2017-06-25 09:43:06,0,0,0,独到的思想，有趣的课堂，上过最好的通识之一
54588,709,孙仲,2017-06-29 20:09:06,4,4,0,观点正又有自己的坚持，内容基础热点都有，总体来说是不错的民主教育啦。尽管助教给分略迷幻…
54603,709,孙仲,2017-06-30 01:02:52,2,2,0,给分好 上课收获更重要
54688,709,孙仲,2017-06-30 04:23:46,10,11,1,老师真的很好的～～不过这个助教 给分给的是个瘠薄啊？
54965,709,孙仲,2017-06-30 13:40:22,0,0,0,一个学期三次点名，上课回答问题有加分，一篇期中论文一篇期末论文，最后给分，中规中矩吧。上课能学到不少东西，有些时候老师观点有些小小的偏激，要有自己的想法吧。
55252,709,孙仲,2017-07-01 05:46:56,1,1,0,怎么说呢？老师讲课很有味道，但毕竟选课的人太多，学校又有正态要求，所以说还是很多人会被正态的
61833,709,孙仲,2017-11-21 07:14:19,0,2,2,很好。
62926,709,孙仲,2017-11-27 11:16:09,8,9,1,不反我党 逻辑圆通
63456,709,孙仲,2017-12-06 04:34:16,2,12,10,感觉老师的有些观点太过偏激了...我一直以为自己是个很包容的人，但还是听不下去。又批判汽车，又批评原子弹，什么马云搞人工智能就是没有道德底线，什么人类在快速走向灭亡。拜托，对自己一知半解的领域不要信口开河好吗？是不是回到原始社会才好？涉及到美国历史具体的内容时倒还可以，但是也有些流于表面，不符合我对这么高的评分的心理预期。已退课，看在老师人还不错的份上，给个7分吧...
65034,709,孙仲,2017-12-28 10:00:02,1,1,0,很享受，能学到很多东西，思想启蒙。
65548,709,孙仲,2018-01-05 17:40:28,-10,0,10,我是来问期末论文那1000个字是评论整本书、2000字是议论美国宪法体制么？是的话/不是的话麻烦谁讲一讲具体要求，www谢谢你们～
66046,709,孙仲,2018-01-24 09:30:00,5,7,2,给分有点迷
66583,709,孙仲,2018-01-17 11:39:28,10,16,6,好像都是正面的评价，那优点我就不说了，说说我比较不喜欢的地方吧：有点自以为是，把自己摆的位置太高了，作为老师传道授业解惑是本职，没什么可以炫耀的；有些观点太偏激，对许多人物的diss实在无厘头，情绪化而且有煽动性，我觉得这作为一个老师在讲台上不适合；最后吹毛求疵，PPT实在做的不好。
68746,709,孙仲,2018-01-23 17:37:03,0,1,1,出分太慢了...没有听说的那么好，上课讨论单纯为了学生能拿到平时分了，所以迫不得已不是很有内涵。总的来说是好老师，希望助教给分快点。
68959,709,孙仲,2018-01-24 07:15:05,8,9,1,给分不行
69087,709,孙仲,2018-01-24 08:07:15,5,6,1,气质太棒了，完全没感觉到楼下有人说的“位子摆太高”的感觉，不过为了让学生拿满平时分导致某些内容不够深入这个问题是有的，对川普黑的也很厉害，喜欢他的人就别选了，不过对我这种不喜欢他的感觉完全ok，同时也很喜欢老师的冷幽默，最后一节课“你看医学院以前花几亿建起来的大楼，最后以定向爆破成功而留名青史”以及对东区建筑风格的满满嫌弃真是笑死我了XD
69199,709,孙仲,2018-01-24 09:59:34,1,1,0,讲座式的课堂，令人很舒服
69267,709,孙仲,2018-01-24 11:45:25,1,1,0,卡档了真的晕
69344,709,孙仲,2018-01-24 13:39:25,3,5,2,老师讲课蛮有意思的，有些跟主流不一样的观点，值得一听。但是想水也没关系... 点名是传名单签字形式，说要回答问题三次（特别喜欢叫我们看美国总统的肖像猜性格哈哈哈，每次听同学们一本正经地胡说八道都特别想笑）  然后老师是环保人士，只坐校车，so几乎每次课都会迟到哈哈哈哈。两篇论文好好写，绩点不错的。
69400,709,孙仲,2018-01-24 15:08:48,1,2,1,因为提倡环保所以坐校车来紫金港导致几乎每堂课都迟到 除了这点觉得不太好 别的都很好
69601,709,孙仲,2018-01-25 05:03:54,5,7,2,老师的很多观点有点偏激，不能苟同\n\n
70104,709,孙仲,2018-01-26 06:09:41,0,3,3,给分不太好
74066,709,孙仲,2018-02-04 16:32:26,6,8,2,给分不好，观点太煽动了，强制洗脑，幸好水过去了……
75833,709,孙仲,2018-04-25 11:33:34,1,1,0,还可以\n\n
76941,709,孙仲,2018-04-26 07:25:09,0,3,3,超喜欢孙老师！！
76999,709,孙仲,2018-05-08 09:05:09,3,4,1,理科小白成功被正态。所以，论文不用写太多字，八九千也是3.3。可能助教看的时候比较看思想深度吧。但老师上课讲的内容真的让人受益匪浅。适合旁听的一门好课
77470,709,孙仲,2018-05-06 02:07:05,1,1,0,很有思想的老师，人也特别好
77527,709,孙仲,2018-05-06 09:13:31,4,4,0,听课感觉不错，但竞争有点激烈，从选课开始。
77795,709,孙仲,2018-05-08 00:59:57,-14,2,16,很好的老师，我得了4.8击败了99百分之，非常谢谢老师
77952,709,孙仲,2018-05-09 02:53:21,3,3,0,美国政治与外交。老师非常幽默，讲课很有趣，上课都舍不得水手机。上课有四次签到，三次发言（老师给的机会多多，而且随便起来讲）两篇论文。课堂知识非常多，有趣，扫盲。良心好老师
78214,709,孙仲,2018-05-10 04:21:25,2,4,2,感觉你浙很少有气质这么沉稳老练的女学者老师
78732,709,孙仲,2018-05-27 09:40:41,2,2,0,
78909,709,孙仲,2018-05-16 13:53:15,1,1,0,emmmmm 感觉老师有点故意引导学生的感觉，我本来在这方面问题上就有点疑惑，来上课是想答疑解惑的，但是上完课感觉更糊涂了.....个人水平问题吧......
80141,709,孙仲,2018-06-20 13:40:50,0,0,0,怎么说呢老师自己说过是按照通识课的标准上这个课，不是专业课。所以如果完全小白可能有点触动，看过一点的大概感觉最多是讲座吧。刺杀肯尼迪可能是约翰逊竟然听见有人惊呼，emmmm。他们连百度肯尼迪估计都没看过。\n\n黑川普么倒是没什么，有的观点不敢苟同。
81315,709,孙仲,2018-07-04 16:05:26,-7,3,10,真的垃圾，没什么干货，只会炫耀自己以及diss特朗普，一定要慎选，
81323,709,孙仲,2018-07-04 16:59:55,2,2,0,老师给分似乎还行，上课讲的东西有一定的道理，毕竟老师研究了这么多年美国，作为一个文科生还是挺认同的。部分知乎键盘政治家就不要向老师开炮啦，政治正确本身是有其一定的道理的。
81341,709,孙仲,2018-07-05 00:17:35,4,4,0,不要因为发言次数不够就被卡绩点。。
81374,709,孙仲,2018-07-05 02:33:03,5,5,0,有史以来通识最低分，没有想到的，可能论文字数不是特别重要，内容要更深刻一些吧，签到都去了，没有回答过问题，划重点！大家选了一定一定回答问题！老师还是好的~有点难过~
81522,709,孙仲,2018-07-05 09:24:56,3,3,0,“老师不是天才，老师只是个人才”，老师是真的很可爱很女神没错了！有自信又落落大方，不仅有很丰富的专业知识还很有真正的智慧。不过对于理科小白来说，要选这门课的话还是先对政治有点基本的了解会比较好，真·政治小白两篇论文是真的写得极其痛苦了…
85360,709,孙仲,2018-07-17 08:35:19,-2,1,3,怎么说呢老师自己说过是按照通识课的标准上这个课，不是专业课。所以如果完全小白可能有点触动，看过一点的大概感觉最多是讲座吧。也许让政治小白懂一点知识就是这门课的意义所在吧。刺杀肯尼迪可能是约翰逊竟然听见有人惊呼，emmmm。他们连百度肯尼迪估计都没看过。 黑川普么倒是没什么，但有的观点不敢苟同。与成绩无关~非喜勿喷\n\n——分割线\n\nPS：如果老师之后提高了课程难度，变得精彩，不要来喷
85704,709,孙仲,2018-07-26 16:44:50,4,4,0,老师非常体贴学生，非常有自己的想法，虽然对党史的认识有些不是很符合实际，但是大部分的内容听下来还是有种醍醐灌顶的感觉，让我对人文的认识没有那么肤浅。
94581,709,孙仲,2019-01-17 08:58:38,0,0,0,我哭了！！！
94643,709,孙仲,2019-01-17 13:39:38,1,1,0,老师人很好，讲的也棒，但是给分不高，没上均绩 可能问题在我吧
105693,709,孙仲,2019-04-18 12:38:00,3,3,0,结课来评。给分好不好不知道，但上大学能够上这样一门课真的值得。有时候只盯着分数确实不好，睁开眼睛看看，世界比你想象的要大得多。（虽然最后老师不夸我的总理真的不开心啊啊啊）
107297,709,孙仲,2019-05-03 06:50:07,0,1,1,政治小白来听课，还是挺喜欢老师的风格的，班上同学发言表现出的知识面也really impressive
107389,709,孙仲,2019-05-04 23:05:13,1,1,0,孙老师非常的博学和温和，是我以后想成为的任何努力的方向TAT
108266,709,孙仲,2019-05-18 13:20:15,7,7,0,Trump这个idiot
108938,709,孙仲,2019-06-04 11:57:50,0,0,0,来浙大后最有收获的课
109953,709,孙仲,2019-06-20 12:52:01,2,2,0,中间有一段我觉得还是比较水的，一些东西我觉得可以更深入。但是最后一节课很喜欢，总体听课享受，满分
111272,709,孙仲,2019-06-30 23:34:52,2,2,0,啊啊啊啊啊啊啊啊老师太棒啦\n\n大二的工科生政治学小白上4啦哈哈哈太开心了
111310,709,孙仲,2019-07-01 02:01:19,1,1,0,老师讲课讲得太好啦，尤其老师的声音听着特别舒服，每次想补作业最终都会沉浸在老师的课里hhh
111418,709,孙仲,2019-07-01 11:20:19,0,0,0,虽然我不认同老师的很多观点，但是老师是真的好老师。能感觉到老师是在用心备课，上课的内容很丰富，从来不水，会放一些纪录片和电影（时间都是安排好的，不会超过一节课，截取的是其中最精华的部分），也会鼓励每个同学积极发言。就我而言期末给老师的一千字评价几乎通篇都在怼老师（怼的是观点），她还是给了我4.2，太感动了。
111493,709,孙仲,2019-07-01 22:33:37,0,0,0,老师很幽默 喜欢听她的课 给分也还可以
116926,709,孙仲,2019-09-17 10:37:49,0,0,0,大学启蒙老师，尊敬
119419,709,孙仲,2019-11-12 23:58:18,0,0,0,我在大三的时候有幸听到孙仲老师的课。\n\n豁然开朗\n\n孙仲老师可以说是我大学的启蒙老师
125768,709,孙仲,2020-09-14 06:42:40,2,2,0,不太同意她对抗美援朝的观点
450,726,章雪富,2015-03-15 02:36:46,41,56,15,有情怀～
464,726,章雪富,2015-03-15 02:50:11,86,107,21,讲课充满激情！是真正热爱哲学的老师，也是会带给学生启迪的老师
662,726,章雪富,2015-03-15 11:11:11,78,94,16,自身很有实力讲课不用PPT也能娓娓道来 上课态度非常认真一点都不水 常能引发大家思考。要求大家大量阅读经典 确实是一个非常负责热的好老师
854,726,章雪富,2015-03-18 01:07:01,31,41,10,充满着哲学思辨的课堂，为章老师点赞\n\n
986,726,章雪富,2015-03-22 10:47:42,12,24,12,简直太棒了
1123,726,章雪富,2015-03-21 16:14:10,45,56,11,引领我走入哲学系大门。对西方哲学深有研究，非常感激他。
1938,726,章雪富,2015-03-26 11:57:55,17,26,9,很有激情，很有深度！
3543,726,章雪富,2015-06-17 01:31:00,135,152,17,知识渊博，风趣幽默，总是黑“汪峰和章子怡”哈哈哈哈
5083,726,章雪富,2015-07-03 13:24:19,23,33,10,讲课很有激情！有很多话给人很多启示 互动很多 让学生辩论。。。不过如果对哲学不感兴趣的话还是不要了。。
6227,726,章雪富,2015-07-12 06:39:56,-28,16,44,呵呵
7389,726,章雪富,2015-09-14 06:17:57,14,20,6,情怀与智慧
7750,726,章雪富,2015-09-15 11:58:41,-7,22,29,对于自然科学的看法又失偏颇
8067,726,章雪富,2015-09-21 03:25:54,15,22,7,最棒的老师！
8457,726,章雪富,2015-09-21 10:52:37,15,22,7,收获思考
8669,726,章雪富,2015-11-01 09:57:48,38,50,12,浙大我最仰慕的老师。上课有激情，知识储备非常棒。特别特别喜欢。
8884,726,章雪富,2015-09-29 10:43:51,-31,19,50,为什么没有零分
9154,726,章雪富,2015-10-27 11:46:57,8,17,9,欲望和死亡绝对值得一听
10039,726,章雪富,2015-11-14 15:55:54,-10,16,26,心理学是一门最大的伪科学？
10171,726,章雪富,2015-11-17 06:00:16,10,16,6,超喜欢章老师的课，对学生很上心，来浙大上的第一门哲学课，改变了我很多～
10183,726,章雪富,2015-11-17 07:31:08,4,11,7,可爱的
10797,726,章雪富,2015-11-23 05:32:42,15,21,6,真正启发学生思考与反思，过一种理性和德性的生活。幽默风趣，学富五车(以至于我一直把他名字弄成学富……)
11421,726,章雪富,2015-12-01 01:05:24,9,14,5,老师学识渊博，讲授知识清晰而有体系，非常厉害
11987,726,章雪富,2015-12-21 12:33:59,1,11,10,必须满分！
12239,726,章雪富,2015-12-22 13:32:34,5,11,6,真正的哲学家
12706,726,章雪富,2015-12-24 02:16:31,6,13,7,很赞的老师
12770,726,章雪富,2015-12-24 03:35:00,6,13,7,超级棒！
13232,726,章雪富,2015-12-25 09:50:06,0,13,13,总体来说是很棒的，能了解到很多新奇的观点。不过认真的来讲没有太多的知识，听过一个学期老师的观点也听腻了
13571,726,章雪富,2015-12-29 11:11:37,2,9,7,讲的很棒的老师 虽然因为各种事情并不是一直听的很认真……总是说汪峰章子怡 范冰冰 小s哈哈哈很有趣很有激情
14147,726,章雪富,2016-01-05 03:53:52,-40,17,57,我只能说呵呵。这个老师在出了问题之后完全不愿意沟通，和你讲的解决方法是一回事最终实施起来又是另外一套。每次谈话都是“你不要再讲了”结尾，根本不能好好沟通。
14238,726,章雪富,2016-01-05 14:41:16,-19,20,39,我怀疑他自身的专业训练是否扎实，以迎合学生为导向，实在有些无聊，对很多问题的看法相当偏狭，知识面明显太窄。
14382,726,章雪富,2016-01-06 15:51:19,4,9,5,真正的好老师
14505,726,章雪富,2016-01-07 09:39:36,17,23,6,如果在浙大只能选一个老师的课，我会选章老师。说人生导师都不为过
14520,726,章雪富,2016-01-07 11:23:38,2,10,8,好老师，上课内容丰富。给分不确定但无论如何我都给好评！老师很有激情，上课感觉激情和知识存储量不亚于郭汾阳！
15176,726,章雪富,2016-01-12 12:22:59,-4,15,19,只能呵呵\n\n
15209,726,章雪富,2016-01-12 15:29:06,40,58,18,自己讨论课没有准备，还小组成员串通好撒谎欺骗老师说要准备的篇目位置改了，却说老师不愿意沟通，还来抹黑老师，和你们做同学真羞耻。
15251,726,章雪富,2016-01-13 04:15:00,23,28,5,章老师是我在zju遇到的最关心学生体谅学生的老师之一，当然个人的学术水平很高对学生的引导启发作用很大！！
15252,726,章雪富,2016-01-13 04:15:28,2,7,5,章老师人好幽默！学识渊博！有情怀~
15255,726,章雪富,2016-01-13 04:21:13,36,42,6,章老师学识渊博，达到信手拈来的地步。评论中所谓的不讲理，是这几位同学翘课不展示在先，串供欺骗老师在后。而章老师给了补上的机会。竟还有人在此执片面之词。
15256,726,章雪富,2016-01-13 04:25:47,4,6,2,超级棒啊！我遇到过的最好的老师。
15514,726,章雪富,2016-01-15 04:15:42,1,5,4,。。。。
15644,726,章雪富,2016-01-16 03:02:45,6,13,7,请不要抹黑老师\n\n
15774,726,章雪富,2016-01-16 08:50:29,2,6,4,真心感谢能遇到章老师作为我的第一位哲学老师，引我走入哲学世界的大门。给一百个赞！
16605,726,章雪富,2016-01-18 13:33:54,1,5,4,有趣，幽默
16957,726,章雪富,2016-01-19 10:03:44,0,5,5,好老师，良心啊！
18491,726,章雪富,2016-01-21 23:32:49,2,6,4,思想深邃的老师，喜欢和同学讨论哲学问题，喜欢突然来一句“哈(第二声)”，很幽默，作业第一节课就布置了，两篇读书报告，其他就没了。
19366,726,章雪富,2016-01-24 03:14:07,3,20,17,真的不想黑他但真的很委屈，两篇论文都认真写了，期末考试知识点全写出来，感想也写很认真，展示被助教夸奖过，所有讨论都好好的参与，最后给我80分，手动再见。
19519,726,章雪富,2016-01-24 12:59:34,3,10,7,他的课真的是我在浙大上过最好的课了
19576,726,章雪富,2016-01-24 22:36:11,4,8,4,绝对是不可多得的好老师！！知识渊博，讲课生动，注重逻辑性和思辨性，给分也公正！最重要的是，人超级有风度有礼貌！！
19599,726,章雪富,2016-01-25 01:40:48,2,6,4,启发你去思考，很有收获
19642,726,章雪富,2016-01-25 03:58:03,3,7,4,理性的思辨，灵魂的治疗。
20451,726,章雪富,2016-01-27 15:06:28,1,5,4,犹犹豫豫
20512,726,章雪富,2016-01-28 04:00:52,1,5,4,良心老师 负责 值得
21217,726,章雪富,2016-02-26 09:38:18,1,4,3,老师讲课很棒，从知识理论到人生信仰都给人以很大的启发，是浙大不可多得的好老师o(^o^)o
21292,726,章雪富,2016-02-28 03:13:37,1,4,3,超棒的
22285,726,章雪富,2016-03-03 07:58:19,8,13,5,很像吴孟达
22289,726,章雪富,2016-03-03 08:58:11,2,6,4,像达叔一样幽默。
22830,726,章雪富,2016-03-13 07:06:17,-2,3,5,超爱~
23326,726,章雪富,2016-03-24 09:27:33,2,11,9,这位老师整体还行吧，，但放视频(哈佛大学网易公开课)太多，自己讲得太少，而且如果你上过包利民的哲学课，尤其会觉得这个课没有评价的那么好。整体而言，是个很会讲课，上课氛围很好，强调读书（这点很好）的还可以的哲学老师。嗯，人很好。
23562,726,章雪富,2016-04-06 10:13:35,-5,14,19,有很多狭隘自大的观点，大部分讲的东西我都完全不认同。及其不注意个人形象，完全没有意识到仪表也是一名学者应该注重的。
23619,726,章雪富,2016-04-10 08:27:30,-3,4,7,哲学引路人，讲道理很深刻而且易懂，有情怀并且充满着哲思的老师，很感谢他
25522,726,章雪富,2016-05-24 09:22:40,0,3,3,吼。
25553,726,章雪富,2016-05-25 09:10:55,14,25,11,其他还好，但如果你不想一学期看6本哲学书，最好还是别选。
25602,726,章雪富,2016-05-27 11:29:54,100,108,8,章老师是我在浙大见过的最好的老师了，章老师在教书育人上真是花费了巨大的精力，每一堂课都上得极认真，会布置原著的阅读，会要求读书笔记和课堂的笔记，课堂的教学都是围绕着哲学的原著展开的，从不瞎扯从不水。这才是哲学教育或者说文科教育应有的面貌。章老师还开设读书会，每个周末都会用一天半的时间陪同学读哲学经典，坚持了十一年。浙大欠他一个永平奖教金。
26130,726,章雪富,2016-06-16 05:18:36,1,4,3,我最爱的浙大教授
26132,726,章雪富,2016-06-16 05:31:54,3,5,2,超级超级好的老师，很希望能和学生交流，夫人是石敏敏翻译过论至善和至恶
26209,726,章雪富,2016-06-16 08:52:53,1,4,3,老师的课很好！很启发思考，有很多平时想不到的问题。这学期讲的是公正，培育公民理性，感觉自己的思想广阔了很多。\n\n不过老师说下学期不开哲学问题了…伤心 以后选其他课！
26569,726,章雪富,2016-06-20 06:40:12,-9,3,12,我会告诉你们他的通核不分级吗？
26582,726,章雪富,2016-06-20 07:29:45,1,4,3,男神雪富
26925,726,章雪富,2016-06-21 15:37:03,-2,2,4,好好听很有收获
27033,726,章雪富,2016-06-22 10:36:41,-3,2,5,讲的还是很好的，读了理想国和论至善与至恶，有所收获，但是我很不喜欢哲学的一套论述方式（至少是这两本书反映出来的），更喜欢偏向数学的说明。所以求学校开理工类通核555
27595,726,章雪富,2016-06-27 04:41:32,1,7,6,保守地估计，可能是浙大最好的老师\n\n\n\n
28014,726,章雪富,2016-06-28 07:59:28,4,8,4,一般般，没有说得那么好，其实他的观点很狭隘，不过人真的不错
30681,726,章雪富,2016-07-02 07:59:31,-6,5,11,最好的老师\n\n
31249,726,章雪富,2016-07-03 12:57:14,3,16,13,他说最后一届哲学问题课程。读书报告好好写了，特么给个中等2.5绩点几个意思。。就当讲的高深作为理工学生的我听不懂吧。。经常哗众取宠开些玩笑，上课40分钟看视频30分钟同学上台讲报告，最后自己上去bb一些深刻的哲学想法，并不觉得能学到什么东西。
31253,726,章雪富,2016-07-03 13:08:35,-3,6,9,老师人非常好，上课讲的风趣幽默，特别吸引人。作业少，给分多，基本上只要上课听了期末绩点都会很好。
31262,726,章雪富,2016-07-03 13:25:20,17,20,3,挺好的老师 感觉这学期哲学给我带来了很多改变 老师告诉我们只有学习了伦理 才能够更加公正的去对待生活之中的事情 其实我觉得这是对我改变最大的地方 第一次完整地看了哲学书 尽管真的很艰涩难懂 但我知道了什么是生活 知道了自己不是工具性的存在而应该是自己的目的 知道了一个人应当具有怎样的德性 这不是矫情 是真的对生活有着很大的改变
31287,726,章雪富,2016-07-03 14:30:58,0,7,7,诶我感觉考试自我感觉良好 最后只有3.5\n\nsad
31298,726,章雪富,2016-07-03 15:12:22,7,12,5,「哲学问题」三本书真的是认真读过，期末的考试也是认真写的，结果最后只有3.5，觉得挺失望的?老师的有些观点真的很棒??结合桑德尔的视频内容来上课很精彩！
31428,726,章雪富,2016-07-04 02:00:11,0,3,3,很有激情的老师，推荐哲学意识，这门通核很值得！！
31463,726,章雪富,2016-07-04 02:46:49,1,2,1,上的是老师的希腊罗马哲学，感觉挺有收获的
31536,726,章雪富,2016-07-04 05:42:05,6,13,7,上课很有激情，但是知识点很散听不进去易分神。然后有种高高在上的感觉，育人十几年，但只有两个学生可以被他瞧得上。人是蛮幽默的，有大学教师之风范。给分有点任性，知识点全背出来了，书认真看了，论文也是自己写的，最后绩点2.5。泪崩……
31539,726,章雪富,2017-06-20 15:02:12,1,16,15,为什么不设置0分！
31543,726,章雪富,2016-07-04 05:53:25,6,19,13,对不起我不想抹黑章老师，但是我真的想说这个分数和我们付出的努力对等吗？成功刷新了我的最低绩点并且拉低了0.1分的均绩。上课每次都到，讨论课每次都参与且有好好准备，最后的考试也是认认真真完成的，读书报告认真写完全是自己的内容，最后得了个2.5。哲学的真爱粉可以听听，讲得还可以，想要绩点的就别选了，3分的通核课给这么糟糕的分数，大写的服气。
31650,726,章雪富,2016-07-04 10:47:06,4,12,8,把哲学问题这节普通的大类课给分评成了通核一样的等级制，看呆了…
31763,726,章雪富,2016-07-05 01:29:18,5,14,9,嗯。章老师真的是个好老师，虽然在出分前我可能对此不太赞同。虽然听说他上课从来不用ppt，可是夏学期的时候却用了几次......不过，他也只是列出个提纲，然后自己发挥。我之前以为章老师是讲中国哲学的，怪我没有看清教学大纲。所以我对于章老师上课一直在讲西方哲学并不是很感兴趣，我也很讨厌西方哲学家每天玩绕口令一样的争来争去，在我看来很是没有意义。这一点我在读书报告中也有提及。讨论课也只展示过一次，基本没有发言。可到了考前复习的时候，才真正感受到西方哲学的魅力。苏格拉底、笛卡尔等人，虽然康德依旧看不懂。忽然后悔自己一个学期来错过了这么多。看到申辩篇的结尾更是哭了出来。至于绩点，开始我还很担心，但真正有了兴趣以后复习，结果还是挺不错的哈哈?大家也不要太看中绩点了，到大学来我们是学知识的，如果要刷绩点，那就不适合了。好好努力，祝大家好运。
32279,726,章雪富,2016-07-06 05:34:46,1,4,3,从未想到如此深邃的知识竟能黑上汪峰和章子怡，大爱章老师
33099,726,章雪富,2016-09-12 17:11:26,2,6,4,对心理学的批评是有些片面的
34212,726,章雪富,2017-01-04 11:53:50,260,284,24,后排，麻烦帮我顶上去！！\n\n刚刚看了老师最近的一条朋友圈：\n\n“今天看朋友圈，发现有浙大老师劝退学生退课，大受启发。我年青的时候，大概出于扬名立万的虚荣心，总觉得选的学生越多心里越受用。然而这几年渐渐的倦了，本就没有成为网红的雄心，也不想让自己的投入成为大学消费文化的一部分。从明年开始，我也准备大大升级课程的考试难度，只想与有志于学的部分学生不虚度光阴。”但\n\n章老师是位值得尊重的老师，希望接下来的各位选这门课可以慎重一些，不要受到之前评价的影响。
34219,726,章雪富,2016-09-28 14:23:52,2,5,3,在浙大见过最好的老师
34403,726,章雪富,2016-10-09 11:04:36,0,1,1,助教姐姐棒棒哒
35364,726,章雪富,2016-11-09 07:51:14,1,1,0,人生导师
35729,726,章雪富,2016-11-10 07:54:57,1,2,1,一个特别特别特别棒的老师！非常强调学术性阅读与思考，鼓励发言质疑，会留很多时间给学生自由讨论。平时任务就是看书（第一节课会推荐5本），准备小组发言。老师真的很有人文情怀，也是真心爱着哲学
36115,726,章雪富,2016-11-10 12:44:15,1,1,0,真正热爱哲学的好老师，水平高，上课好，能学到真东西。
36907,726,章雪富,2016-11-16 12:23:21,2,8,6,客观给5分，哲学意识通核\n\n\n\n上课很有激情，但是上课内容其实是从耶鲁大学公开课，哈佛大学公开课上照抄下来的。所以我看了之后就感觉他没有自己的东西\n\n\n\n观点比较偏激了，对于理工科有一些蔑视，尤其心理学，最大的伪科学。不知道是不是读哲学的通病，助教和他都感觉都比较自我意识过剩\n\n逻辑其实不是特别清楚，推论也不是特别令人信服。可能是因为他专长是古希腊哲学\n\n人挺不错，乐意和你交流。是一个很好的老师，但是对于哲学意识这门课来说，我不是很赞同他
38347,726,章雪富,2016-11-30 11:57:34,34,36,2,金正恩以为自己拥有全世界，却不知道我章雪富拥有金正恩—章雪富
39183,726,章雪富,2016-12-21 13:33:46,1,3,2,日常范冰冰，金正恩，章子怡。靠打嘴炮讲完两节课。。课堂风趣幽默，老师知识渊博，很有自己的见解。不过很容易走神啊。。。
41530,726,章雪富,2017-01-12 06:38:05,5,7,2,给分真的不好啊啊啊啊啊啊啊
42921,726,章雪富,2017-01-15 12:09:37,-2,2,4,应该是给了我4.5哈哈哈哈
43331,726,章雪富,2017-01-16 06:59:18,1,3,2,讲得好 讨论课好玩 小组展示、期末考好好准备 GPA就会高
44818,726,章雪富,2017-01-18 09:45:19,2,6,4,选了老师的希腊罗马哲学，只能说老师活在自己的哲学世界里，我等学着最低等的理工类的学生永远也走不进老师的世界。真正喜爱哲学的同学可以一试，但如果想要绩点稍微好一点的话一定要在讨论课多说话，没有发自内心的热爱和读完四五本书的毅力还是不要选了，毕竟三分通核绩点2点8真的很不开心。
44994,726,章雪富,2017-01-18 18:18:56,0,2,2,何其有幸！
45218,726,章雪富,2017-01-19 07:22:38,2,3,1,上课很有意思，讨论课也很有意义，助教萌帅萌帅哒~平时和期末都很重要，不是很喜欢发言的同学不建议选。
46027,726,章雪富,2017-01-20 12:22:32,2,4,2,很博学的老师\n\n上课喜欢用苏格拉底的问答式\n\n这种形式不是很适合上百人的大课\n\n不水手机能收获很多干货\n\n给分还好
47609,726,章雪富,2017-02-07 08:10:08,0,3,3,很有思想的老师
48264,726,章雪富,2017-03-01 15:23:27,-8,24,32,这个老师是我见过的最差的老师。我觉得说好的人有两类，第一类是抱有和他一样想法的人，第二类，更多的，是被这个老师看似慷慨激昂的讲话方式给迷惑了。两节课听下来，他所讲的其实毫无逻辑，只是一味强调那些美好的词汇，他鼓励思想自由，然而毫无根据，有的只是雄辩罢了。这种方式显然缺乏学者应有的求是态度。另外，有同学说该老师学识渊博，可是他连最基本的科学素养也没有，你可以说自己是一个搞文科的，但是不能没有科学素养，更不能凭空议论你所不知道的东西。我坚信一个没有具体科学知识支撑只会停留于道听途说的人，是很难在哲学上有什么大的成就的。
48811,726,章雪富,2017-03-13 11:57:53,0,4,4,很棒的
49396,726,章雪富,2017-04-10 07:06:00,6,7,1,金正恩os，我和你什么仇什么怨？
49403,726,章雪富,2017-04-10 10:48:59,5,12,7,非常不喜欢的哲学老师。\n\n诚然只是为了修学分来上哲学意识课的很多，但是这不能成为他在课堂反复嘲讽的理由，让真正想听的感到厌烦。\n\n这也反映了他本身的思想态度，太多的偏见。我不相信太多的偏见对研究哲学有所帮助。
49561,726,章雪富,2017-04-18 12:00:48,7,7,0,老师是好老师，不过如果不喜欢哲学千万别选哲学意识这个课！！！别看他是一个通识核心课。
50911,726,章雪富,2017-05-08 11:30:44,6,13,7,讲课没有系统\n\n我没有学到知识 抱歉 \n\n感觉很糟糕 \n\n有些过时的幽默\n\n可以察觉的自傲 \n\n故作姿态的 不自在
51852,726,章雪富,2017-06-12 11:58:15,1,1,0,cool
54813,726,章雪富,2017-06-30 09:02:39,6,8,2,前面说老师没有自己的东西的，是不是你们太自视甚高了？如果从第一节课开始就对老师抱有偏见，自然后面的课也没兴趣不想听，也就根本不可能进入老师描绘的世界中去。有多少同学在课上是做自己的东西的？？就都觉得自己思维的深度广度要强过专心研究了几十年哲学的老师？
56594,726,章雪富,2017-07-04 05:19:13,4,4,0,对哲学没有特别大热情，慎选。
56653,726,章雪富,2017-07-04 07:11:40,2,3,1,比较有收获，助教给分也很好！
56712,726,章雪富,2017-07-04 11:05:25,-3,3,6,助教给分真的好哇！！！期末考真的考得跟屎一样。。。什么都不会。。。两道论述大题几乎都是空着的。。真的什么也不知道。。。但是平时要多发言。我觉得我的4.5一定是平时发言得来的。再次感谢助教！大学第一门给分让我觉得惭愧的课。。。期末考真的答得太烂太烂了。。。
56745,726,章雪富,2017-07-04 13:39:04,2,2,0,老师讲课很好。有趣而且有干货。助教也很赞。但是哲学不感兴趣的同学慎选。另外这个课感觉期末占比似乎不大，要注重平时发言。
56828,726,章雪富,2017-07-04 19:24:04,1,1,0,上课很有趣
59667,726,章雪富,2017-09-25 14:21:53,3,3,0,真正的智者
60374,726,章雪富,2017-10-18 10:41:36,8,9,1,电气与自动化
63120,726,章雪富,2017-11-28 11:59:56,1,1,0,从小到大遇到的最好的老师。
63123,726,章雪富,2017-11-28 13:00:48,1,1,0,学者风度，一个真正有态度的老师
63592,726,章雪富,2018-02-02 10:13:23,-2,12,14,爆料，哲学系院长吃饭时：本打算让章老师当选副院长，但突然有人举报章雪富老师有贪污（不良）行为，可怕 (๑ó﹏ò๑)
64135,726,章雪富,2017-12-21 05:15:20,11,11,0,有请嘉宾，汪峰！章子怡！让我们衷心的感谢他们为哲学教育作出的巨大贡献！
70572,726,章雪富,2018-01-27 08:34:39,3,3,0,大一最喜欢的一节课 最喜欢的一个老师 能用金正恩章子怡和汪峰把康德讲的这么有意思真的服气
71739,726,章雪富,2018-01-29 02:19:57,1,1,0,老师十分好。上课不水。这学期读了好几本哲学名著，受益良多。
75419,726,章雪富,2018-03-11 13:03:12,5,6,1,老师超好，让人感觉大学应该拼命努力。不过助教小哥很一般，冷冷的还讲不清楚。
77603,726,章雪富,2018-05-07 01:54:41,1,2,1,真正的学者，朴素而温情。低调的好老师\n\n
78881,726,章雪富,2018-05-16 06:04:54,-2,1,3,有一种和哲学先贤辩论的感觉
82092,726,章雪富,2018-07-07 05:45:10,0,2,2,感谢老师不挂之恩
82411,726,章雪富,2018-07-08 06:21:35,7,7,0,助教小哥哥又萌又帅(⁄ ⁄•⁄ω⁄•⁄ ⁄)\n\n讨论课按时到课积极发言，期末好好准备，最后给分好好(ಡωಡ)
83851,726,章雪富,2018-07-11 10:17:24,8,9,1,很惭愧，考试的书一本都没有看完，也总是不敢举手回答问题，成绩也就一般了。不过还是希望老师把课开下去！每周最享受的就是听章老师的课了，拉进了我们与哲学的距离，有能鼓励我们思考。如他所言，上课不用PPT，希望章老师能把这个传统以及哲学精神传承下去。
85557,726,章雪富,2018-07-19 11:21:12,0,1,1,舒服，畅快
86781,726,章雪富,2018-09-18 16:32:56,14,15,1,突然想给章老师写一段评论\n\n专业课上过柏拉图主义，其实真的没好好看书，但是章老师给了很好的分（课程考评写万字论文，章老师也说可以模仿柏拉图写对话体，我觉得只要有才华，不会在老章的课上埋没）。\n\n章老师的课堂是贯彻希腊哲学治愈性的课堂，不仅仅讲述哲学，而更是引领学生去真正实践哲学——培养高贵而纯洁的古典式的心灵，引导“灵魂的转向”；在这个意义上章老师的课无疑是整个浙大少有的，或许有更多能把哲学讲的更有趣的老师，但是章老师的课真的能让人（起码我是）切实感受到哲学治愈的力量。\n\n后来也去过章老师的读书会，一开始去的时候并没有觉得这个老师有多厉害（大概是我读不懂纯批吧），只是单纯觉得和一群真正热爱哲学的朋友们讨论哲学太幸福了；再后来也开始参与章老师和学生们的公众号，他会一字一句改我们的文章，感动到哭！谢谢章老师！
97706,726,章雪富,2019-01-22 13:53:48,0,1,1,人生导师
99553,726,章雪富,2019-01-25 02:48:05,8,12,4,给分差
99582,726,章雪富,2019-01-25 03:46:35,12,16,4,有意思，但听不懂的还是听不懂(=_=)\n\n但是是出成绩以来最低otz\n\n学的也蛮认真的\n\n最后考试不知道在图书馆窝了多久看奥古斯丁和柏拉图\n\n九分给老师，一分祭悲哀的专业课绩点\n\n可能我就不适合学哲学叭?
99583,726,章雪富,2019-01-25 03:46:58,10,14,4,老师挺好 但这课就算好好学习努力了也不一定拿到好成绩 微笑. jpg
99714,726,章雪富,2019-01-25 05:34:23,5,5,0,老师是挺好的，下学期还准备去旁听他的课。但是，专业课绩点这么低，真的，太惨了。自我感觉期末考写的还不错，可能是平时讨论课没有好好发言吧，，分数这种东西，还是看助教心情吧。
99788,726,章雪富,2019-01-25 07:27:35,7,8,1,老师的课不错，助教课就。。问题是学生提的，然后就积极地尬谈，否则你就等着被绩杀8。
100224,726,章雪富,2019-01-25 23:51:42,6,7,1,哲学问题给分真的太差了吧……不知道是老师的原因，还是助教的原因……
101680,726,章雪富,2019-01-29 00:59:36,3,4,1,老师上课从来不用PPT，觉得会限制自己的思路，但是每节课都思路清晰。老师说每节课都是不一样的，去年的这节课和今年的这节课，想要传达的东西会不一样。老师从来不点名，期末考考的都是讨论课上要求看的书，所以其实老师上课的时候你来不来跟最后绩点完全没关系，但我真的觉得，老师的课，不听很亏。而且老师真的是很尽责的人，早八的课我们打不起精神就尽量多说些段子搞活气氛，会花一节课来解答你的问题，会讲永恒与时间然后告诉你别上课玩手机了（很愧疚的放下手机但是觉得老师是真的有在乎我们，而不是单纯的觉得“课上玩手机像什么样子”或者是“算了算了我说我的你们听不听随意”）。\n\n助教小哥哥也很可爱！问问题都回复超及时而且一点都看不出不耐烦！（虽然我自己都觉得自己很烦了qwq
104071,726,章雪富,2019-03-11 11:45:46,4,4,0,胖子烧饼 东北烤冷面 张亮麻辣烫\n\n我饿了
108332,726,章雪富,2019-05-21 08:06:43,1,2,1,他好会扯...
108513,726,章雪富,2019-05-27 11:12:17,0,1,1,章老师上课是真的有趣！！！
108923,726,章雪富,2019-06-04 08:32:10,7,8,1,个人非常崇拜章老师，虽然我不常听他的课（有哲学基础的人不建议听章老师的通识课），但章老师的水平向来只在学生问问题的时候体现，真的很厉害。然后查老师下面很多给分低怪助教的，我就忍不住想说:助教绝对很公正，自己不积极展示的差怪别人干嘛？
109681,726,章雪富,2019-06-18 11:02:47,6,6,0,表白陈荟婷助教小姐姐！上课节奏很舒适也很会聊天，这大概是我上过的最好的讨论课了。
110786,726,章雪富,2019-06-28 08:23:53,1,3,2,西哲课，真的特别烧脑，写论文第一次破1w字23333
110789,726,章雪富,2019-06-28 08:26:18,1,2,1,大学里少有的理想主义者，虽然我上课的状态也很伏地魔，但边写代码，边听老师讲汪峰和章子怡，讲金正恩，也很受启发。\n\n也给我的助教打call，沉稳温和，也很尊重每个同学的观点，会看到每个同学的付出。
110797,726,章雪富,2019-06-28 08:41:24,5,5,0,适合旁听很舒服，但不适合我这种哲学渣渣选，期末写4×500小论文，给分2.4，我跪了
110798,726,章雪富,2019-06-28 08:42:04,1,3,2,章老师真的很好 希腊罗马哲学虽然考试前准备有点痛苦但是学得还是很开心而且收获也不少 一学期下来虽然平时很水但是备考时候一直读那些作品理解之后真的很有启发\n\n最后隆重表白陈荟婷助教姐姐！人美性格好有负责而且给分好
110807,726,章雪富,2019-06-28 08:52:55,2,3,1,要好好发言
110814,726,章雪富,2019-06-28 09:06:10,7,7,0,老师讲得很好，收获挺多的。讨论课和期末（闭卷）各50%，不用写读书报告，就是书看起来挺痛苦的，不对，是超级痛苦。然后讨论课挺重要的，多多发言吧，即使你啥都不知道，不发言的后果就是像我这样，不说了，要落泪了。最后，为什么要让我卡绩?
110817,726,章雪富,2019-06-28 09:10:20,5,7,2,郑重提醒大家\n\n希腊罗马哲学讨论课 发言之后一定别忘了找助教登记！一定要登记！\n\n我每节课都话贼多 助教xjj说认识我辽 不用登记了 所以基本上没登记过\n\n然后期末算平时分 她按5-6次算的。。。\n\n我绩点炸了 前车之鉴\n\n＃算成绩的时候 没人记得你是谁
110819,726,章雪富,2019-06-28 09:21:15,3,3,0,老师讲得很好，上课偶尔会跟我们说水手机的人很无聊（hh是本人了，希腊罗马哲学考前会标范围所以复习起来还是挺有方向的，答题也比较顺。另外表白助教陈荟婷xjj！讨论课会解释一些观点还放动画，给分应该也不错
110830,726,章雪富,2019-06-28 09:56:03,0,4,4,上课感兴趣可听，不感兴趣可水，反正和考试内容没啥关系。讨论课好好发言吧，虽然不太懂哲学，但是讨论课只要稍微思考一下还是可以加入讨论的。期末考大概就是默写。给分还行。
110906,726,章雪富,2019-06-28 13:49:18,11,11,0,都在夸刘荟婷\n\n那我吹一下黄昉吧hhhhhhh
110907,726,章雪富,2019-06-28 13:50:03,1,2,1,老师超可爱！知识面也蛮广，可能因为是通核所以课程中心似乎就在那个主题绕，但还是很棒的，而且讨论课很开心！
110917,726,章雪富,2019-06-28 14:06:24,16,17,1,虽然卡绩 但感谢章老师。\n\n讨论课超级无敌美好，每周二晚上走回寝室总觉得生活充满希望。\n\n后排给罗皓雪助教姐姐打call！
110960,726,章雪富,2019-06-28 23:27:10,4,4,0,在临近大学毕业前的最后一年选上了通核课，作为一名长期失去阅读时间和机会的文科生来说光听哲学两字就很恐慌，不过幸运的是我发现一些晦涩的道理老师往往能够以直观而生活化的方式进行阐述，当然大课如果有兴趣的话还是要多多听一些（老师不点名），特别是针对于刚刚进入大学的同学，老师的话还是挺有道理的。讨论课的话更多是针对于问题的引申和拓展进行探讨（所以一般来说讨论不会很枯燥乏味），再次感谢帅气的助教老师，此问题回复来自于长期讨论“怀疑论班级”下的同学（滑稽）
110963,726,章雪富,2019-06-29 01:02:11,15,17,2,章老师是使我“灵魂转向”的老师，在希腊罗马哲学的课堂和讨论课上，我的灵魂好几次都颤抖着……老师的朴实与学识告诉我什么是学者，在课上充满激情的话语与某些时候略显强烈的偏向性的主张又让我看到哲人的影子，私心觉得关于课程形式与结果的评论是配不上老章的。再赞美一下助教，章老师和助教们的水平让我觉得是浙大师生们应该有的水平，他们的存在是我固执地相信着世界的好的原因之一。
111651,726,章雪富,2019-07-02 11:00:07,0,3,3,我的大一最幸运的就是选到了章雪富老师的希腊罗马哲学（通核），也许在三年之后，我会说，我的大学最幸运的就是在大一的时候就听到了章雪富老师的课。章老师对希腊哲学怀有很深的爱，因此他也不认同现代工业文明（应该是这么叫的吧…）。也许有人会因此而认为章老师的观点让人接受不了，但是，有这样子的老师不才是大学最珍贵的地方吗？老师也很关爱学生，他每节课的内容都给我带来很多的启发，让我思考自己人生的方向、反思自己的行为，我也因此感到前方的迷雾散去了那么一点。能给我这样的收获了，成绩已经不重要了。另外每周二的讨论，在助姐姐的主持下也特别棒，让我第一次感受到了思维碰撞的美妙。最后，这学期我们只看了两本哲学书（没有六本啦），平时成绩基本来自讨论课发言，期末闭卷考试（考前告诉了我们范围）。最后，再次感谢章老师和助教姐姐陈芸婷！
117071,726,章雪富,2019-09-19 02:44:50,0,2,2,舒服畅快
117374,726,章雪富,2019-09-23 12:49:08,-4,9,13,歧视工科生??！
117769,726,章雪富,2019-09-30 23:45:33,0,4,4,来自文科的骄傲，专业黑理工科。老师真的非常优秀，人生中第一节哲学课很荣幸能够上到章老师的希腊罗马哲学（虽然我是旁听的），也正是他使我萌发了深入学习哲学的想法。启迪学生未来的方向，好老师应如是。
118064,726,章雪富,2019-10-20 03:45:48,1,2,1,章老师学识渊博，幽默风趣。听他的课是一种享受。老师十分注重引导同学们自主思考，在课堂讨论思辨！前面说老师喜欢汪峰章子怡，现在可能是东北烤冷面和马云了。
118139,726,章雪富,2019-10-21 12:33:50,9,10,1,“东北烤冷面”喜提章老师举例之王。章老师待人谦和，经常是向他提问，他反说“谢谢”。感觉章老师求知欲很强，同学多学科的讨论总能引起他的兴趣和追问。课堂举例幽默风趣，总结又极具哲学启迪性。章老师说我们始终要追求人性光芒，保持客观和理智，他的每一节课都让我获益匪浅，促使自己反思一段时间以来的思想中的不足和惰性。
120398,726,章雪富,2019-12-03 10:43:54,0,2,2,真的讲的非常易理解 引人入胜
120953,726,章雪富,2020-01-19 01:32:02,1,3,2,不懂哲学的我至少知道这是一场《百家讲坛》。
121072,726,章雪富,2020-01-19 12:26:14,0,2,2,老师身上理想主义与现实主义并存，既能让我们欣赏到不同哲学流派的美，又能与现实相联系。希望我们能向老师说的那样，真诚地对待自己，不自欺
122130,726,章雪富,2020-02-16 05:23:46,4,4,0,点名形式说没收手机📱
124175,726,章雪富,2020-06-26 11:06:52,0,4,4,老师真正在引导我们做学术，特别感谢老师
124181,726,章雪富,2020-06-26 13:35:28,11,11,0,讨论课一定要发言发言发言\n\n经常不发言绩点可能只给2.5。。。。\n\n慎重。。。。。。
124200,726,章雪富,2020-06-27 02:50:33,3,4,1,这学期线上最后没有考试，5000+论文写一篇，要求每节课记笔记，小组三次讨论课，分到个人也就一次，\n\n\n\n上课体验感还是很好的，金将军，lzx等人悉数登场，\n\n\n\n从没连麦发过言，也没在互动面板水过，论文认真写的，展示也认真准备  最后3.8 很满意了
125763,726,章雪富,2020-09-14 05:12:48,1,1,0,坚定了我对哲学的信念
126265,726,章雪富,2020-09-21 07:22:45,-36,5,41,贪污～人品低下
129460,726,章雪富,2021-01-05 15:26:57,3,3,0,因为章老师而爱上了东北烤冷面......
129942,726,章雪富,2021-01-14 03:09:58,-1,1,2,精神巨人
130222,726,章雪富,2021-01-19 10:10:32,12,13,1,讲一个例子吧（希望例子中的主角不要打我）。哲学问题课上碰到了一个别的学院同一个高中的同学，无意之间聊起来他已经旁听这门课一个学期了。除了第一节课和中间某一节课因为迟到老师把门锁了，其他几节课次次不落。他说感觉在本专业别的课都没学到什么，这是他这个学期上的最有意义的课。\n\n上哲学课自然是抱着上系统的学院派的心来的。结果觉得老师讲得太鸡汤太民哲了，好多课都没有全神贯注。从上面这个同学的例子来看，可能是我错过了很多。给了老师10分。\n\nps. 为什么老师上一条评分还是17年的......
131845,726,章雪富,2021-01-29 05:58:02,14,14,0,考试前老师说，你们放心考，考不好是我的问题不是你们的问题。考完和助教姐姐说，让大家过一个好年。
131895,726,章雪富,2021-01-29 09:10:48,2,3,1,表白章老师和助教小姐姐！人都超级好！章老师平时讲的很多东西都很让人受启发！助教小姐姐也很认真负责有趣！最后竟然拿了个4.8太开心了呜呜呜谢谢！
132056,726,章雪富,2021-01-30 04:48:52,0,6,6,希腊罗马哲学。努力会有回报。但总感觉老师把哲学课上成了思政课，而且读基督教的《论秩序》真的太令人无语了。。。
132449,726,章雪富,2021-02-01 15:45:36,2,2,0,虽然读理想国和论秩序挺不容易的，但是能真正学到东西，好课！
134817,726,章雪富,2021-04-16 08:07:01,6,6,0,将我从抑郁中解救出来，感谢
135015,726,章雪富,2021-04-27 03:29:00,0,0,0,自由度比较高
138386,726,章雪富,2021-07-09 00:38:21,4,4,0,希腊罗马哲学哲学课遇见的章老师，讲课超级有趣，尤其喜欢东北烤冷面和螺狮粉（bushi）。老师的课真的发人深思，一直传递着一种善的信念。最后，给分超级棒，事情也不多，只要认真看了书，认真思考过，绩点真的很不错。
138419,726,章雪富,2021-07-09 05:25:07,4,4,0,章老师超级博学有趣，讲希腊视角的幸福观和时间观，罗马视角的上帝，感觉挺受启发的。（助教zzy老师也超级棒）
138493,726,章雪富,2021-07-09 13:57:47,2,2,0,老师人太好了，也很负责
139027,726,章雪富,2021-07-12 08:22:57,1,1,0,老师真的很好！！！！
139205,726,章雪富,2021-07-13 08:29:41,0,0,0,西方哲学史1。重要的还是在自己读，一定要读啊！读了才听得懂老师在讲啥（ps：老师是上大学第一个亲自指导怎么写学术论文的老师，感谢老师）
141372,726,章雪富,2021-10-03 07:06:20,7,7,0,君子不刷抖音
147300,726,章雪富,2022-01-09 12:26:11,1,1,0,希哲讨论课一定要多发言（
147328,726,章雪富,2022-01-09 14:24:17,19,20,1,大家都在夸陈姐姐和黄助教，那我就来夸一夸周振宇助教吧！
147472,726,章雪富,2022-01-10 05:08:20,5,5,0,老师是好的！哲学水平很高，上课能给人一种沉浸在哲学海洋里的感觉。考试是闭卷，四道论述大题，内容是《理想国》《希腊哲学的精神》《论灵魂的伟大》，在考试前上课会告诉大家考试的章节范围。我是摸鱼型选手，书都没怎么读过，考试周才读了要考的东西，做了一些笔记，最后考试才有东西可以写。给分形式是讨论课与考试成绩各占一半，给分不低也不高，很适合喜欢哲学的朋友来旁听。
148762,726,章雪富,2022-01-13 12:31:16,-2,0,2,本学期《哲学问题》是围绕“乌托邦”来讲的，对我这种小白来说，好处是听得很爽，不足之处就是相对于其他老师的课来说缺少对哲学基本概念的讲解讲解，入门比较吃力~当然最后给分还是很好，认真读书就会有回报的~
149313,726,章雪富,2022-01-15 04:57:59,0,0,0,老师讲课真的很好，为数不多大学听的课。哲学问题需要看的书的确多，小组展示也有两次，但是认真做了还是有回报的，总之值得选
150869,726,章雪富,2022-02-20 09:17:53,1,1,0,带领我打开哲学大门，粗俗如我都能听懂，谢谢章老师！真的很幽默风趣，关于乌托邦还带我们看了好多电影，上章老师的课真有种豁然开朗的感觉。\n\n周一一般是老师授课，周四是小组展示和问题讨论，多回答问题！\n\n期末考试前给大家划了很准的范围，好好准备好好看书考好不难。
153716,726,章雪富,2022-05-09 06:33:51,8,11,3,充满了不加论证的观点传达，我不喜欢。
155132,726,章雪富,2022-06-08 15:04:44,0,1,1,章老师的课很不错 ，很喜欢，可以学到很多\n\n老师人也很幽默亲和。\n\n希罗哲学通核课 上课内容不错 但没有发言分，孩子绩点太低了。
155788,726,章雪富,2022-06-16 03:49:36,1,2,1,老师和课是真的有趣，讨论课也是真的硬核，考试也挺难的，高绩点不好拿（我发言还挺多的，考试也好好准备了，最后3.8呜呜呜是我菜了）
158004,726,章雪富,2022-06-26 05:59:22,11,11,0,为老章点赞，为振宇点赞🤤 🤤 🤤 🤤
158029,726,章雪富,2022-06-26 10:19:16,0,2,2,个人色彩浓厚 也许有魅力 只是我不喜欢而已
158033,726,章雪富,2022-06-26 10:28:25,1,8,7,不说了，就想问为什么没有0分
158042,726,章雪富,2022-06-26 11:27:05,1,2,1,讲课还是风趣幽默吧，但是感觉跟大纲不符，也没什么逻辑，讨论课很无聊，要求还是比较高吧，成绩看个人能力了。
159432,726,章雪富,2022-07-19 08:45:56,5,6,1,章老师我的神 好好讨论+准备考试 4.8
166189,726,章雪富,2023-01-11 11:10:46,2,2,0,老师很博学，讲课很有哲理！！
166209,726,章雪富,2023-01-11 12:07:53,13,13,0,"我先说观点：这门课很适合血气方刚的大一新生，因为你可以沉下心来认真看书、在讨论课上积极发表观点。\n\n\n\n章老师能满足任何一个大一新生对哲学教授的想象，上课会讲希腊哲学和奥古斯丁那些最基础的内容，用于入坑柏拉图会很合适。\n\n不要买《西方哲学史》，上课不讲，考试不考。我们这届是读《理想国》《论自由意志》（这本书分《论自由意志》和《独语录》两部分）和《希腊哲学的精神》，前两个会在讨论课上分组轮流介绍，最后一个才与教材比较接近...\n\n我这个学期期末考试四道题总共占50%，四道简答题，各500字，《理》两道，分别考第六章“简述‘日喻’和‘线喻’”、第八章“简述柏拉图对民主政体的态度及形成这种态度的原因”，《论》一道，来自《论自由意志》第一卷，《希》一道。这些题的范围老师都会在最后一两节课公布的。\n\n其它50%来自考勤（在章老师开始讲课之前把手机装进信封里）和讨论课。讨论课小组展示每组会轮到三次，不多不少。展示的前半部分是介绍对应那一卷的内容，后半部分是提出几个问题大家讨论。也就是说，这部分的表现比较重要。如果你很希望与别人分享你的人生观，讨论课会非常爽。\n\n我们这一学期的成绩参考价值不大，因为疫情回家、线上考试。正如分数所体现的，讨论课是这门课非常重要的一部分，线上讨论课对着屏幕，总差一点感觉，只是摸鱼更爽罢了。\n\n说实话，虽然章老师讲的""ideos""""逻各斯""""being""很快就会忘记，但这门课至少会给你一个啃下《理想国》的机会。\n\n\n\np.s.在CC98上搜“希腊罗马哲学”，助教在帖子里说得很详细；第一节课上除了考试范围以外，所有细节都会提到。"
166260,726,章雪富,2023-01-11 14:53:10,6,7,1,希腊罗马哲学这门课的具体情况感觉那个刚发的长评说得很详细了，总之在通核课里任务不算重的，挺推荐选。没感觉老师的课讲得天花乱坠得好，略有些前言不搭后语，也可能是我没有领悟到吧。其实课堂内容跟考试关系也不大，我上课也就听个了乐，不过有几句印象很深“文化理想使人成为人”“任何人的一生都是奥德修斯的修行”“停止对自己的启示”“哲学是练习死亡”“我们虽然不是为快乐而去，但快乐能让我们更完善”“最动荡的年纪，应当学习如何获得自己的自由，不被打搅”“消极的想象帮助我们过积极的生活”“责任是爱最有权重的表达，幸福是对责任的回报”“语言是透明的墙壁，修辞学是假的光，要用辩证法去指引”“用肤浅搁下真正的问题，学无足轻重的东西，而自己也变得无足轻重”“人生、时代有不可测知的脆弱的方面，无论如何，你的心要坚强，要有事可图，为自己建立理念，不要让心成为空转的机器，这样心的磨损会比身体的磨损要快得多”…老师课下解答同学的问题也是很用心的。没有想到跟大家一起的讨论课竟然会成为本社恐人的周指活，班级氛围很好，大佬们辩论起来也非常精彩，大家都是在真诚地理解与表达，没什么为了发言而发言的情况，能和很多有思想的同学交流分享对人生社会世界的看法。有一次一位同学的结语是“这就是我目前对于生命的全部看法”真的很让人动容，也夸夸江波助教，感觉甚至有种温和的哲人光芒。一直觉得哲学是一条长路，要自己去走，在启程之处和大家有这样一次美妙的相逢，足以成为心灵长久的慰藉。
166565,726,章雪富,2023-01-13 00:29:06,4,4,0,老师人好，能一到讲台上便侃侃而谈，也和大家有很多交流，有自己的观点也可以和老师辩论。希腊罗马哲学课程安排也是比较轻松的通核课了，还能逼自己认真读完两本经典的哲学著作。自己第一次选哲学类的课程，感觉受益良多！
167282,726,章雪富,2023-01-15 11:38:35,26,28,2,大赞小扁蓝助教，大赞章雪富老师\n\n章雪富对话集:\n\n1.“我认出风暴而激动如大海”\n\n2.“我的心弦被无形地拨动了，悄悄弹奏一支船歌，战栗在绚丽的欢乐前。你们可有谁听见？”\n\n3.你们俗，俗不可耐，俗谛\n\n4.我们只是片段式的生存，偶性不代表存在，本质才代表存在\n\n5.当你在问为什么的时候，一个观念在寻找答案，但另一个答案在否定自己，肯定的理性与否定的理性在纠缠\n\n6.世界是荒谬的，但是荒谬的一生并不是不值得过的一生\n\n体会不到荒谬的纯粹性，感受不到快乐的层次性\n\n7.自由的概念必须有否定自身的概念\n\n8.世界本质是否定的，世界对说“不”，你要在不的世界中对自己说“是”\n\n9.善与恶我们很容易做出感觉，但是“丑很难找到批判点，令人恶心\n\n8.人很容易用自欺来对付荒谬\n\n9.你是谁？按照碳水化合物解释人类你还停留在泰勒斯那里，而是让你去呈现思想\n\n10.至善如果收到利益影响，那就没有自由\n\n11.我不知道绝对的自己，但正是个“不知道”吸引着我\n\n12.没有绝对性，失去哲学\n\n13.美是永恒性\n\n章老师夸我正义，高兴了很多天
167371,726,章雪富,2023-01-15 16:37:33,5,5,0,《哲学问题》：章老师真的很有人格魅力，个人很喜欢听他上课，虽然早八但都不怎么困，还做了好多笔记。zyy助教yyds，xbl真的是我见过最认真负责亲切可爱的助教了！
169000,726,章雪富,2023-02-24 03:11:33,0,1,1,老师真的很可爱！给分也很好！通识核心的课竟然能给我满绩！
169709,726,章雪富,2023-02-27 12:58:27,4,6,2,上课很有意思，讨论也很激烈，很有那种辩论的感觉，真的能感觉到大家思想的碰撞与学习的激情，xbl助教很好，被捞到了满绩...
172396,726,章雪富,2023-04-26 04:24:25,4,4,0,老师翘了一节课
177074,726,章雪富,2023-07-01 14:18:30,0,2,2,作为一门哲学通识课，章老师可以说是做到了深入浅出。上课思路很开阔，可以从生活琐事聊到人生价值。我感觉到老师很真诚地想要引导我们了解一些哲学，过一种理性哲学的人生。但很可惜有的时候即使觉得老师说的对也很难真正地改变自己。确实如老师所说的，如今的大学生很俗，俗不可耐，为了绩点、学分等等一些很浅的东西，放弃了与人的理性对话的机会，放弃了自我与思考，也失去了灵魂的自由。\n\n一学期下来，不少同学上课一直是玩玩手机，写写作业，也能看到章老师对此的无奈。但是即使是偶尔抬头听几句老师的讲解，也一定能偶有所得。
179587,726,章雪富,2023-09-18 12:00:03,2,2,0,很好的老师，很有深度，但是正态
187646,726,章雪富,2024-01-17 03:06:55,1,1,0,感谢这门课让大学基本不阅读的我读完了三本书，最后期末考也正常发挥，成绩达到了预期。正课章老师讲得很有深度，平时的讨论课氛围也不错，给zty助教哥哥点个赞，人很好，哲学素养也很高。
187652,726,章雪富,2024-01-17 03:31:03,0,0,0,老师很好 为xbl打call啊啊啊啊啊啊啊啊啊
188876,726,章雪富,2024-01-20 10:56:25,1,1,0,为数不多真的可以读到书的课程，哲学问题和希腊罗马哲学都上了，xbl助教真的很好，会非常认真的捞，尽量让每一个同学都不要卡绩。当然，给分好确实是给分好，但是好的分数还是要靠自己去认真学习才能得到的，讨论课上的交流真的让我感受到浙大还是有很多有思考的同学的。
190288,726,章雪富,2024-02-27 08:12:40,1,2,1,好课，好老师
190364,726,章雪富,2024-02-28 11:40:12,13,13,0,zty助教太帅了
190983,726,章雪富,2024-03-27 10:55:45,4,9,5,上的是希腊罗马哲学，提出的观点完全主观并且缺乏论证，始终沉浸在对某种哲学的自我感动中，讲授课很一般。但是讨论课很好，由助教主持，这学期读的是：理想国、苏格拉底的法庭和尼各马可伦理学的三章，平均小组做三次pre，期末考试基本等于背书，整体来说任务量算适中，讨论课积极讨论，给分也很不错。
195111,726,章雪富,2024-06-26 23:42:26,2,4,2,给分烂到骇人听闻，笔记一次没落下，两次pre兢兢业业，期末要考的内容翻了两三遍，硬性知识点都写了给65？没见过这么给分的
195123,726,章雪富,2024-06-27 04:44:21,6,7,1,小班助教zty真的又温柔又善良🥺
195138,726,章雪富,2024-06-27 02:44:20,2,3,1,一门通核课而已，非要正态是图啥呢？对得起那些2-3分的同学吗，他们在这门课上付出的比别人少很多吗？只能说给分挺迷的
195153,726,章雪富,2024-06-27 03:19:44,5,7,2,lz这个分不是给章老师，老师人很好，但是有些助教真的很难评.上课从未迟到从未旷课认真发言兢兢业业，期末也认真复习了，你就非要搞个正态?仅仅是因为笔记写的潦草扣我十几分平时分?我的笔记和我上课的认真程度必须要划等号吗?实际上老师讲的很快也比较杂，这儿记一点那儿记一点不是很正常?一个从头到尾听课的人有非常多的时间补笔记?嘴上说什么相对公平，反手给一个两三分的绩点，瞬间报废你一学期的努力，看着别的小班随便写复习一两个小时拿四点五以上绩点，我只能说希望你的人生也一样求是到底吧.
195174,726,章雪富,2024-06-27 04:42:56,7,7,0,表白助教dlc！！我的神！！！
195202,726,章雪富,2024-06-27 06:57:33,1,3,2,个人认为章老师平常的讲座课不太系统，如果是想要系统的学习哲学的同学还是考虑一下要不要通过这门课来提升啦。不过老师一般是按照主题来讲，延伸拓展非常多，个人觉得非常适合已经有一些哲学基础的同学来听，收获应该还是比较大的。\n\n关于成绩的问题，有很多同学说我们这届有助教给分比其他助教给分差很多，我觉得有没有可能是另外的助教给分太好了，没有拉开差距。我们班的助教虽然被吐槽的特别厉害，但我觉得他真的挺认真的，也非常有哲学素养，而且我认真记了笔记，也认真复习了感觉期末答得不错，最后成绩还是可以的。
195224,726,章雪富,2024-06-27 09:28:40,-2,2,4,助教太好了，从来没拿到过这么高的分
195931,726,章雪富,2024-07-01 01:49:19,3,4,1,老师讲课还是可以的，有些话可以给人很多启发。\n\n关于助教问题，不患寡而患不均吧，拿到成绩还是有点难绷，但如果按实际认知程度可能也差不多吧，虽然跟之前想的事少分高有所区别。\n\n提醒一下有选课意愿的之后还是得多了解助教情况，个人感觉通核助教的给分权还是很重的。
199004,726,章雪富,2024-09-14 02:17:05,0,1,1,我个人非常喜欢章老师的讲课方式，由一个点不断向外延展的那种感觉\n\n关于期末考试我个人觉得还挺简单的，只要好好把布置下来的章节梳理一下，还是很容易答的。\n\n讨论课遇到了很好的助教dlc，有一点点社恐hhh但是一直在努力地想让我们参与讨论，还经常问我们他需要改进的点。太温柔了，给分也很好，我哭死。
201805,726,章雪富,2024-11-06 12:09:40,4,5,1,水。讲课毫无体系，就在自己的研究范围里，要不要看看课程名称呢？
202110,726,章雪富,2024-11-09 13:11:32,22,23,1,如果仅靠讲两节课的鸡汤就能博得台下尚无哲学基础的同学的掌声，那么这是彻底的愚弄。讲的东西毫无体系，课程名为希腊罗马哲学却夹杂分哲私货，话题完全脱离现代哲学研究范式，不如说是一种蒙昧主义或反智主义。以苏格拉底、柏拉图之名推销自己写的三流读物。与其说是哲学系教师，不如说他是一个大路货畅销哲学推销员。
211518,726,章雪富,2025-01-12 00:58:31,0,0,0,希罗哲学上课的内容我个人还是比较喜欢的，但是课程内容的逻辑不是很清晰，可能对记笔记来说有点困难。作为一门通核任务量其实还好，主要任务是讨论课互动、两次pre、上课笔记、期末考。给分应该还不错的，我平时上课互动不多，期末考就准备了一个下午也被捞到4.2
211519,726,章雪富,2025-01-12 00:58:31,0,0,0,希罗哲学上课的内容我个人还是比较喜欢的，但是课程内容的逻辑不是很清晰，可能对记笔记来说有点困难。作为一门通核任务量其实还好，主要任务是讨论课互动、两次pre、上课笔记、期末考。给分应该还不错的，我平时上课互动不多，期末考就准备了一个下午也被捞到4.2
211589,726,章雪富,2025-01-12 03:21:10,1,2,1,老师讲的内容对于零基础的我来说确实有些杂乱，不过考试本身和课堂内容关系不大，我纯纯把课堂当成一个个讲座来听，事实上也水过几次课（bushi）。\n\n章老师是真的闪耀着人文光芒的教师，对于一个高中没学过政治的人来说，课堂最有趣的部分大概就是他讲故事和人生道理的时候，关于悲悯，关于自由，关于我们。整个学校的节奏是快速的，而身为理科生的我在章老师的课堂上得到放松。\n\n或许我们需要这样的老师存在。\n\n非常推荐这门课，好好听的话会对自己受益！\n\n最后感谢一下小班助教zty，很真诚很有趣啊哈哈哈哈哈哈，也是想尽办法想让我们讨论起来了
211875,726,章雪富,2025-01-13 01:00:57,0,0,0,希腊罗马哲学\n\n讨论课点名3次还是两次\n\n这学期可能是因为有督导，所以章老师上课的时候也点名了三次\n\n缺勤一次，笔记18/20，发言3/5，期末考准备得一般，但被捞到了4.5\n\n章老师上课还是比较有意思的\n\n笔记最好早点记不要留到最后一起赶，真的累\n\n发言分也是尽量拿满吧
214260,726,章雪富,2025-01-31 04:06:05,1,1,0,讨论课很好玩
215408,726,章雪富,2025-02-26 02:22:56,0,8,8,现代斯托亚主义者，分哲蠢货，学了几十年变成一个大型鸡汤罐子，浪费国家薪资，如果大学里都是这种人，不知道我们的哲学会变成什么样，会教出来什么样的人，上来就说“哲学是用来探索自己的内心”，但他所说的内心是小资的生活哲学，终究是为利益熏心的商人舔舐内心伤口的狗，是资本的拥趸，不了解哲学的人来听它的课，就会将哲学误认为恶臭的心理箴言，不仅堵上了想要求索终极问题的学生的真理之路，还狠狠地往他们脸上抹了一把屎。恋古癖，西方的“国学班”带往中国的引路人，从古典学中炮制新的德行来攫取利益，巩固新资产阶级的文化地位，洋儒教，有钱人的身份政治，一坨屎。
215573,726,章雪富,2025-03-01 02:22:17,0,0,0,老师非常好，助教小ggzty人也非常好～
218736,726,章雪富,2025-04-30 03:05:57,0,3,3,楼上这位真的闹麻了。\n\n当你说「斯多亚主义是资本走狗的心理创可贴」时，可敢翻开塞涅卡《论生命短促》看看罗马贵族如何用死亡沉思对抗暴君？当你说「古典学炮制新资产阶级道德」时，是否知道剑桥学派早用「语境主义」撕碎了辉格史观的神话？你批判「哲学堵死真理之路」的姿态，倒像极了柏拉图洞穴里朝影子吐口水的囚徒——用后现代的愤懑解构一切，自己却连火把都不敢点燃。与其用「小资」「洋儒教」这类意识形态裹尸布遮盖思想贫瘠，不如直面真正的思想交锋：若斯多亚主义真是权贵鸡汤，为何爱比克泰德身为奴隶却写下《论自由》？若分哲只是概念游戏，为何分析哲学在AI伦理和认知科学领域正重构人类理性边疆？当你把「内心探索」等同于小资矫情时，是否意识到这恰恰是犬儒主义最拙劣的模仿——用反智狂欢谋杀苏格拉底留下的诘问火炬？\n\n一副众人皆醉我独醒的感觉，你的无知形成了傲慢。我不知道你从哪里来的这种蜜汁自信，像一条路边野犬狂吠不止。
219439,726,章雪富,2025-05-27 09:14:49,1,3,2,活脱脱一个大鸡汤罐子，如果说对他讲的话根本不做任何分辨就接受的话无异于吃屎。吃尽了红利，拿着工资等退休还慵懒到极致的精致小资，更多难听的话就不方便讲了。\n\n\n\n没有其他评论里面说的那么传神，不过中下等的水平。讲课纯靠嘴巴输出，想到什么讲什么，板书潦草，我听了很多其他老师的历史、政治、哲学类的课，感觉章讲课没有特别亮眼的地方。另外给人一种说话没什么条理的感觉。给他打3分以下吧。至于有同学说他知识渊博…我持保留态度（如果随意评价外国领导人、每节课都要想方设法调侃一下某些明星私生活、还有其他的一些平常被当作是饭后谈资笑料的东西也能被当作是“知识”来讲的话倒是另外）\n\n\n\n其次是那个mean姐助教有点难评，说话拽拽的，很一般，可能以前遇到的助教都很好，一下子有点落差。\n\n\n\n整体上来讲讨论课没什么真正意义上的所谓“思辨”的价值，充其量就是打着哲学思辨、理性讨论的外衣，说着各类高大上优雅、高深的词语，尽干些浪费生命的事。
89,731,李恒威,2015-03-14 15:46:32,10,14,4,讲得内容让人想睡觉
143,731,李恒威,2015-03-14 16:08:10,6,12,6,知识虽然hard，但真是别有一番体验
4275,731,李恒威,2015-06-18 13:46:12,1,6,5,讲的不好玩，但是如果认真听可以学到东西。给分好。
7347,731,李恒威,2015-09-14 02:28:39,0,1,1,比较枯燥，但是很认真！
8625,731,李恒威,2015-09-23 09:32:18,11,16,5,不喜欢这样的哲学老师
10719,731,李恒威,2015-12-07 03:08:04,9,13,4,英语大课堂 数数都是用英文
10760,731,李恒威,2015-11-23 04:49:49,5,8,3,有很多知识，但是都是干货。
12442,731,李恒威,2015-12-23 09:29:20,15,20,5,不错，助教挺好
16247,731,李恒威,2016-01-17 14:33:36,1,2,1,讲的很认真。
17037,731,李恒威,2016-01-19 13:27:01,3,9,6,老师从一个工科男到哲学教授……讲课可能会有点hard，不过喜欢哲学的认真学会有收获。人其实挺好的，上次我问他他的专业相关，他下节课就送了两本书给我看hhh。
19629,731,李恒威,2016-01-25 03:34:20,-4,2,6,挺好的，考试给范围
19827,731,李恒威,2016-01-25 10:44:34,1,3,2,认真学能学到东西！
19828,731,李恒威,2016-01-25 10:45:50,-6,1,7,干货多
21799,731,李恒威,2016-03-01 06:32:23,-4,2,6,给出的一些问题引人深思，考试给范围只要认真看了就会有高分，很喜欢。
25256,731,李恒威,2016-05-09 03:25:57,4,7,3,研究生的自然辩证法，要求好多，受不了准备退课
42130,731,李恒威,2017-01-13 15:44:49,1,5,4,李老师不错的，讲课也很好。什么都知道。助教小哥哥也好好的。嘿嘿嘿。
42533,731,李恒威,2017-01-14 11:40:43,-7,3,10,认真的话能学到很多，有点枯燥，但是没办法，哲学本就枯燥。
47957,731,李恒威,2017-02-27 14:23:19,1,2,1,我不懂哲学，上课听得又累又困，感觉时间可难熬了，但最后成绩还可以，感谢老师和助教不杀之恩。
59342,731,李恒威,2017-09-21 03:00:43,1,2,1,一切哲学问题都是逻辑问题，一切逻辑问题都是语言问题。\n\n不是我说的，也不是李说的，罗素说的
59352,731,李恒威,2017-09-21 03:22:55,-4,4,8,老师人很好，干货满满，而且小组活动很有趣，是值得选的课
60366,731,李恒威,2017-10-18 06:48:53,2,5,3,累啊~困啊~
63033,731,李恒威,2017-11-28 03:22:40,2,3,1,老师会不断盯着留学生然后随时点名起来回答问题...句句都是english，学霸老师会记住名字，助教哥哥很好了解我们其实不大喜欢哲学让我们多看点书就行hhh
64348,731,李恒威,2017-12-22 15:55:18,-19,7,26,李老师是绝对意义上的哲人，人好给分高，生活态度积极。和他对话，你能感受到一种从内而外散发出的哲学气质：理性，乐观，谦逊，一位君子。听他一节课，远胜听那些所谓的成功学演讲。他是我遇到的第一位哲学家，从此我对真理的渴望愈加强烈。
70423,731,李恒威,2018-01-26 15:07:48,1,2,1,~~~
74120,731,李恒威,2018-02-05 09:43:27,5,6,1,认真地听课了……认真准备展示……okokok\n\n哎，这可怜的绩点……绝对难忘啊……
74316,731,李恒威,2018-02-11 01:41:34,2,5,3,渣渣老师
74703,731,李恒威,2018-03-05 08:06:47,2,3,1,一般般╮（╯＿╰）╭
74713,731,李恒威,2018-03-05 08:50:15,1,4,3,上课干货很多，但课堂气氛稍显沉寂。学生不太积极，不知道是老师讲得无聊还是学生不认真对待(可能吧)。哲学本来就不是浅显易懂的学科，想要像讲段子一样讲哲学似乎不太可能，尤其是系统地讲哲学。
75558,731,李恒威,2018-03-13 08:14:16,-5,3,8,哲人，问题很有引导性，很分很高。\n\n武锐助教非常亲切，适合入门。
87020,731,李恒威,2018-09-20 03:18:17,8,10,2,狭隘的老师，退了不后悔
87594,731,李恒威,2018-10-08 04:14:51,5,6,1,哲学课真的不行，比起另外两位哲学专业出身的老师差太多了，退课了
101796,731,李恒威,2019-01-29 05:38:30,2,2,0,还是选其他老师吧
106951,731,李恒威,2019-04-30 11:23:46,2,2,0,。。。
116475,731,李恒威,2019-09-11 01:31:08,-4,0,4,快乐的智慧
117473,731,李恒威,2019-09-25 01:12:12,5,13,8,给个5分。\n\n课堂内容不加评论，我觉得上课要么讲中文，要么纯英文，汉语里面夹英语究竟是什么意思，特别是讲一些关键性的概念你用英语讲？？？觉得汉语不够美吗还是觉得汉语表达太匮乏你看不上？？？\n\n说教感觉太强烈，说教的道理看似高深实则根本经不起推敲。个人不喜欢这样的老师。
121034,731,李恒威,2020-01-19 09:48:40,4,7,3,上课的确略无聊，我听的又累又困，讨论课更不知道自己在干嘛，十分痛苦。不过老师冷不丁会点人回答问题，可以互动很久，提出的问题十分刁钻，像我这种小透明就全程听大佬发言。期末老师不给PPT，平时能拍就多拍点。考前会给范围，虽然考的不是完全都是上面的但也八九不离十。我平时也没发过言，展示也基本靠队友，考前疯狂复习了一阵，最后竟然上4了，感谢老师和助教小哥哥不杀之恩。
121068,731,李恒威,2020-01-19 12:15:25,4,5,1,说实话，这个学期的哲学课上的我十分痛苦（作为一个啥都不懂的小白），一度想要退课or弃修。老师上课我还勉强听一下能听懂一些，讨论课就真的。。。完全听不懂大佬在讲啥，就看看各类大佬发言探讨；展示也是很痛苦，因为看不懂还要讲，很害怕被提问什么都回答不出来。\n\n\n\n但还好，终于熬过来了！！！平常的ppt老师不给，要自己上课拍，讨论课部分内容考试也会考到。但期末给了考试范围，疯狂整理背了一下，居然上了4（太感人了，我都要以为要挂科了）\n\n收获是看了大问题，还是启迪到了些东西，有点思考。\n\n\n\n推荐给哲学有点兴趣的人上这门课！
133621,731,李恒威,2021-03-03 02:55:32,4,4,0,没有什么东西
146715,731,李恒威,2022-01-07 09:00:22,2,3,1,无语了
152093,731,李恒威,2022-03-25 15:06:46,25,30,5,教学怎么样不敢说，但是作为院党委书记，思想僵化，高高在上，把学生当学术韭菜收割，想当然以为哲学学生的一定要走学术道路不可…恕我不能苟同
152437,731,李恒威,2022-04-11 08:12:32,1,3,2,啊这，啥都还没学呢就考试，考的内容也有没学的
154700,731,李恒威,2022-06-03 15:47:54,-16,2,18,非常喜欢李恒威老师的心智哲学。我是外专业学生，课上和课后向老师和助教提问的问题都得到了肥肠耐心和条理清晰的回答，没有被嫌弃过。课堂氛围比较宽容，感觉只要积极思考就可以有不错的课堂体验。心智哲学是一门交叉学科，涉及一点点神经科学和人工智能的相关内容。强烈推荐相关专业并对哲学感兴趣的uu们，可以简要看看这门课的智云先感受一波。
164704,731,李恒威,2022-12-23 14:42:46,7,8,1,来上大学上的第一门哲学类课程，让我直接对哲学失去所有兴趣。 一周两次课，只来一次，另外一次交给助教讨论课。小测巨多，上课什么干货基本都没有，个人感觉水平甚至低于两个很棒的助教姐姐。听说哲学问题是很好很有收获的课，只要不是lhw就行，自行感受。
165056,731,李恒威,2022-12-29 02:01:35,7,8,1,LHW老师的哲学问题\n\n每节课都点名 不夸张\n\n事情暴多 4次小测+2次pre\n\n不给PPT \n\n网课期间所有课都是视频会议，没有回放(不给PPT的老师我知道有，连回放都不给的老师我真是第一次见）\n\n知识点又非常散 基本没有体系\n\n还是建议大家别选吧……现在整个就是课程结束了却感觉自己像啥也没学的状态\n\n让我怎么复习呢 只看自己做的笔记吗？
170213,731,李恒威,2023-03-02 04:26:19,2,2,0,超级无聊（为了凑三个字加了超级）
170328,731,李恒威,2023-03-03 01:57:16,0,0,0,哈哈哈
170745,731,李恒威,2023-03-09 03:33:17,2,3,1,无比幼稚庸俗
172416,731,李恒威,2023-04-26 12:13:25,2,2,0,除了助教姐姐很好很可爱，老师上的是什么东西啊，给分还差，每节课点名
179753,731,李恒威,2023-09-19 16:46:22,11,12,1,“用签到留住学生就像小三用孩子留住男人一样卑微且可悲。”
185609,731,李恒威,2024-01-03 00:49:44,2,3,1,怎么说呢，哪个新生之友还拉着大一萌新读自己写的论文啊啊啊
191783,731,李恒威,2024-04-30 06:33:26,11,12,1,这老登人是真心不行，上课内容十分甚至九分九分傻逼（心智哲学还让人背庄子，这是正常人干得出来的事情吗）\n\n但是别的不说，助教王菲姐姐真的太棒了。给助教100分，老师-99分，折合1分
193739,731,李恒威,2024-06-17 06:03:13,5,5,0,师风师德啊...唉\n\n传道授课啊...唉\n\n真才实学啊...唉\n\n助教团队啊...嗯？哦！这个还真可以！
198324,731,李恒威,2024-09-07 04:46:16,9,10,1,师德败坏
205695,731,李恒威,2024-12-11 08:39:42,1,3,2,完美诠释何为“一人得道鸡犬升天”……
207563,731,李恒威,2024-12-23 05:37:40,0,2,2,天天点名，有时候一节课点两次名，一共点七八次名，跟精神病一样，一次考勤扣四分！！！！！！！冬天选的课，教室里的空调竟然没有暖风，教室冷的跟冰窖一样，然后最后一节课还要点名，这也就意味着最后一节课要先等着点名，然后因为大家都在教室联网导致网超级无敌差！！！又冷手脚都不会动了，点完名之后还要去找地方答题！！！！！这不是纯纯精神病吗？？？？教室里冷也就算了还没有充电的地方，就得靠着电脑自己电池考试，你要是电脑电池不好，自己5G流量不多的就不要选这个课了！！！！！！\n\n\n\n\n\n自从选了这个课之后我发现我越来越耐冻了，电脑性能都提升了，抢网能力都增强了呢～～～选上就赚到了呢，一个研究生课还明确告诉你有严格的控分政策哦～～“不会让你们都太高分哦”
211743,731,李恒威,2025-01-12 09:51:02,4,5,1,楼上是和我选的是一节课吗。。一共点了3次啊，七八次名就离谱了，其中一节课点两次的助教说是加分制，不在的不扣分，毕竟那天刚点完就走了一半人，成绩出来92分，问了助教90以上差不多有一半了，给分还行
354,753,陈越骅,2015-03-15 01:21:57,7,13,6,作业很多，上课不咋地。唯一好处就是没有期末考，一篇论文搞定。
2404,753,陈越骅,2015-04-29 06:15:12,5,12,7,上课不好听，作业超级多
4329,753,陈越骅,2019-09-15 05:27:10,5,30,25,作业超多，总计六篇文章，两万余字。上课敷衍，大部分时间都是学生在上台演讲。给分很低。告诫小学弟们预置了这门课的赶紧退了！！！
5558,753,陈越骅,2015-07-08 08:35:54,2,5,3,不推荐，大部分时间都在自学，上课内容极少，还不如同学们演讲得好。
9213,753,陈越骅,2015-10-17 04:13:11,4,9,5,不！要！选！他！的！课！
13142,753,陈越骅,2015-12-25 03:07:41,4,6,2,作业不止多，而且形式麻烦，总之不知所云。选他课的同学要有心理准备!
13527,753,陈越骅,2015-12-29 03:08:51,1,4,3,事情麻烦还甩锅，各种乱象
13537,753,陈越骅,2015-12-29 04:35:38,5,8,3,还好，事情有点多，形式复杂
13653,753,陈越骅,2015-12-30 08:37:11,5,9,4,不要选就好，如果预置的话退掉也是很好的
16160,753,陈越骅,2016-02-10 06:56:06,4,6,2,虽然论文互批机制不太合理\n\n老师上课很认真的！真的能学到知识！考试也不难（我说的是 外国哲学）
16285,753,陈越骅,2016-01-17 16:32:53,3,7,4,呵呵傻逼
20891,753,陈越骅,2016-02-03 03:16:43,4,9,5,陈老师的外国哲学，一学期两篇读书报告，占50%，期末考试占40%，难度相对平和。上课内容不多，主要靠自己看，认真看看教材，好好写读书报告还是有收获的。
20893,753,陈越骅,2016-02-03 04:45:57,6,9,3,其实老师的外国哲学给分很好，期末闭卷，但考的真的很基础，而且主观性很强，不会考死记硬背的。平时有两篇读书报告，好好写会有很大收获。
25266,753,陈越骅,2016-05-09 06:08:04,5,7,2,我上的是他的宗教史专题，上课略无聊，给分不错，人好
33001,753,陈越骅,2016-09-10 04:46:41,1,1,0,外国哲学两篇读书报告，要求规范，使用匿名互评体系。期末闭卷考，较容易。干货有一些，上课不太有趣，给分很好。
51368,753,陈越骅,2017-06-02 05:57:22,6,7,1,陈老师人还是很好的啊 好好听会有收获的 知识很多
77628,753,陈越骅,2018-05-07 03:39:30,22,26,4,宗教所的陈老师超级棒，人很随和 ，又有思想，不要和另一个陈老师搞混啦QAQ
85308,753,陈越骅,2018-07-17 01:49:40,2,2,0,感谢老师的第一个满绩
86065,753,陈越骅,2018-09-03 11:19:22,4,4,0,这都有重名的？
107911,753,陈越骅,2019-05-11 08:23:20,1,2,1,宗教史专题很无聊且给分并不好
107924,753,陈越骅,2019-05-12 00:11:42,1,5,4,老师很好，课上的东西都很有趣。无考试，可以选做一次展示来加分，最后交一篇论文就可以了。分也很好。平时上课会抽一部分名字比较复杂的人来点名，但是居然从来没有点过我（？）
125677,753,陈越骅,2020-09-13 02:00:19,3,4,1,Professor Severus·Snape
127038,753,陈越骅,2020-11-04 03:35:17,3,3,0,我觉得陈老师讲的自然辩证法挺有趣的，给分情况还不知道。有考试（开卷考试），有小组Pre。不点名。
136360,753,陈越骅,2021-06-17 03:03:25,6,7,1,外专业学生，平时对哲学有点兴趣，上的是老师的中世纪哲学导论。感觉这门课启发性还是比较大的，事情也不多就一篇论文，最后给分也挺不错。
150936,753,陈越骅,2022-02-21 06:58:46,0,0,0,老师的课很可以！事情少给分好！
151646,753,陈越骅,2022-03-10 08:03:50,0,0,0,大学写作 爱了爱了
151651,753,陈越骅,2022-03-10 10:38:41,2,2,0,强基面试的老师
161041,753,陈越骅,2022-10-24 16:38:46,7,10,3,虚伪的假教父
162487,753,陈越骅,2022-11-23 08:24:32,3,4,1,虽然基督教自亚历山大的斐洛以来深受新柏拉图主义影响，但是16节课的中世纪哲学导论讲2节导论、3节新柏拉图主义真的好吗......
181233,753,陈越骅,2023-10-12 03:26:30,0,0,0,上课蛮有意思的，大学写作好多是线上课，蛮好水的
181933,753,陈越骅,2023-11-05 14:41:07,2,2,0,老师还行，助教真不行
186465,753,陈越骅,2024-01-11 08:07:50,1,1,0,大学写作基础模块的两次作业对我这种中学语文就很差的不太友好。。。
188237,753,陈越骅,2024-01-18 13:01:24,3,3,0,laji
189219,753,陈越骅,2024-01-22 11:58:07,4,7,3,大学写作就他妈的一门垃圾课程，特别是那个助教wf就他妈一个脑瘫弱智，真他妈的服了我去。写作本来就是一件很主观的事情啊。妈的嘴上喊着反对八股文，最后作业评分还他妈的按照八股文评是吧。你妈的课上学不到屁点东西，就他妈的脑瘫！！！
189243,753,陈越骅,2024-01-22 14:45:29,2,2,0,如果想学东西，各位还是不要选大学写作了，纯纯水课，听老师吹牛，也不教你怎么写论文，不如98帖子详细。但是最后我得分还行。给个5分
191197,753,陈越骅,2024-04-11 12:49:04,4,5,1,大学写作课是真的lj，不懂有什么开的意义，上课一大半时间用来吹牛，最后啥有用的东西都没讲，还不如一篇98经验贴有用，助教王飞作业评分更是极其抽象，真是有其师必有其徒，这课真是不敢恭维
198758,753,陈越骅,2024-09-11 11:03:14,1,1,0,米娜桑，据说换助教了，有待观望后续
198767,753,陈越骅,2024-09-11 12:58:18,-1,1,2,老师人很好，比较幽默，有点爱炫耀，和蔼可亲，小作文300字五题选一题，写得我很爽。助教换了漂亮姐姐不知道咋样看起来还可以
198770,753,陈越骅,2024-09-11 13:34:53,-1,2,3,感觉挺好玩的呀，当然也还不是很清楚但第一节课感觉还是挺有意思的
199164,753,陈越骅,2024-09-18 11:11:00,4,4,0,大半节课都在库库吹牛…真的服了\n\n要写很多作文(눈_눈)
199166,753,陈越骅,2024-09-18 11:48:20,2,2,0,神经…一直在吹牛 吹了一个小时哈
199167,753,陈越骅,2024-09-18 11:57:08,7,7,0,大学写作×\n\n夸夸其谈✓
199168,753,陈越骅,2024-09-18 12:06:16,2,2,0,无敌了全程都在装b
199222,753,陈越骅,2024-09-19 11:02:06,0,0,0,很右趣
199627,753,陈越骅,2024-09-26 10:58:05,1,1,0,lj老师和助教，让写论文题目不给，到现在问问题不回复，钉钉群差不多都是学生交流群，建议别选这lj的大学写作课，以免到时候被他们恶心
200802,753,陈越骅,2024-10-22 13:58:28,3,4,1,这老师大概是属泥鳅的……\n\n能从这么些大事小事中间全身而退，安然无恙，甚至连锅都没背\n\n很怀疑他是不是瑛姑武功的传人
201807,753,陈越骅,2024-11-06 12:12:25,0,0,0,夸夸其谈，虚伪至极
203010,753,陈越骅,2024-11-16 01:36:33,2,2,0,油滑的中年假教主
204899,753,陈越骅,2024-11-28 11:27:11,1,1,0,没那么差，冬学期写作变成小班上了clh的课才知道秋学期的陈越骅有多好
208243,753,陈越骅,2024-12-26 10:41:53,2,4,2,陈老师人超级好！选了他的《中西传统宗教精神》，这学期读《周易》，刚好是又要小组汇报，又要个人汇报，还要写期中读书笔记和期末论文。虽然老师任务多，但是自己认真读一遍真的很有帮助，看看中国经典也是挺好的学习过程。还有助教谢丽小姐姐人太好了啊！又温柔又会帮忙解决问题。这门课真的想学的推荐！
209923,753,陈越骅,2025-01-07 12:16:31,1,1,0,真的难以评价，教的又不行，事情又多，苦了助教小姐姐。问他事情，那个钉钉是只读不回的，跟他马各傻弊一样蠢，太jian了。
211655,753,陈越骅,2025-01-12 06:09:27,0,0,0,上了老师的大学写作。虽然讲的时候挺有意思的，但是感觉没什么干货。可能这门课就这样吧。
214477,753,陈越骅,2025-02-07 03:08:48,6,6,0,上的是陈老师的中世纪哲学导论，老师上课整体还是比较认真的，虽然有时候会夹杂一些令人有些不适的个人生活经历，但整体占据的时长不多，在合理的范畴内，课后问问题也回复得比较详细认真，而且对于最后的论文和成绩评定相当公正，基本杜绝了依靠其他方式接近高分的可能。这学期整体的任务量是期中一个800字左右的论文摘要（论文摘要就是期末论文的摘要），期末2k字以上的期末论文，只要认真写老师给分是相当不错的。
215459,753,陈越骅,2025-02-26 08:46:21,0,1,1,我认为他讲课，夸夸其谈大于实事求是，吹嘘大于教学。最常说的话是:“我在美国……”。东一划拉西一搔拉地讲了一堆没用，只是可能在他看来以为能显得他“很有水平”的话，没教任何东西。若是对他讲的琐屑玩意儿有兴趣的话，可以多去读几本陈年的《意林》，然后取其糟粕，就是他所讲的东西。
216540,753,陈越骅,2025-03-18 06:37:28,0,0,0,不行了，大学写作上了后感觉跟吃了**一样，本来听课就烦，第一次作业就给我扣了一分总评了啥意思呢，不都按八股写了
217383,753,陈越骅,2025-04-09 08:47:44,0,0,0,我其实觉得陈老师讲课还是挺吸引人的，也可能是因为高中语文老师讲得太差，我的阅历太浅吧
1350,779,楼毅生,2015-05-04 15:53:24,10,10,0,超级博学的老师！可惜马上要退休了
2552,779,楼毅生,2015-05-04 13:53:34,9,9,0,学识渊博。。。简直神一般的存在
3155,779,楼毅生,2015-05-18 05:16:22,14,14,0,真的博学，出口成章
9002,779,楼毅生,2015-10-08 16:33:33,5,5,0,听楼先生讲课，称“三生有幸”不为过。希望老师一切顺利，身体健康。
9929,779,楼毅生,2015-11-13 00:45:12,5,5,0,必须满分啊，知识渊博出口成章，亲和包容
16297,779,楼毅生,2016-01-17 23:42:43,4,4,0,博学多才，出口成章
19522,779,楼毅生,2016-01-24 13:03:46,4,4,0,超级博学的老师！
19663,779,楼毅生,2016-01-25 04:57:35,3,3,0,orz
77,806,吴秀明,2015-03-14 15:40:45,44,54,10,人文学院吴男神，讲课给分都帮帮哒
277,806,吴秀明,2015-03-14 23:59:21,19,23,4,男神，虽然有口音，但是绝对是知识和讲课都很棒的老师。
314,806,吴秀明,2015-03-15 00:44:17,13,16,3,棒棒哒！最爱秀明男神！
729,806,吴秀明,2015-03-16 05:18:47,8,8,0,灵魂导师
6849,806,吴秀明,2015-07-25 07:16:18,-13,3,16,实在一般。
15704,806,吴秀明,2016-01-16 07:10:35,9,10,1,听他的通核，确实是很有东西的老师
16779,806,吴秀明,2016-01-19 02:55:09,-7,4,11,他的通核初听很有意思，但是讲到金庸莫言的时候老师自己收不住，学生听起来很难抓到重点。等级制，发言看质量不单看次数，有点坑
20868,806,吴秀明,2019-01-04 03:18:01,-6,8,14,老师挺好的，然而助教太坑
21514,806,吴秀明,2016-02-29 05:46:41,-5,3,8,勾搭助教哥哥，男神♪～(´ε｀　)
22180,806,吴秀明,2016-03-03 01:49:07,1,7,6,开始听觉得不错，后来发现全都是他写的书上的内容，基本是照着说一遍，感兴趣的看看书就够了。我上的是通核，相比来说算比较水的一门通核了，讨论课发言，大课看电影的时候会点名。
25956,806,吴秀明,2016-06-14 14:27:29,3,4,1,专业课很棒。很有学术造诣的老先生~吴男神让我爱上文学史了~\(≧▽≦)/~
27427,806,吴秀明,2016-06-26 06:59:45,4,4,0,啊啊啊吴老师我的男神啊！讲东西很有味道很傲娇超级可爱啊啊啊！都想为了他考研了
30616,806,吴秀明,2016-07-02 05:08:29,-3,4,7,垃圾通核，毁我青春
30686,806,吴秀明,2016-07-02 08:13:13,-7,6,13,毁我成绩却不知所以然 此次出席 高质量发言 每节课必交作业 考试写满 给你一个3.5
31278,806,吴秀明,2016-07-03 14:00:34,6,7,1,吴老师是中文系原来的系主任，讲课的确非常不错（就是口音有点重…），在通核课里面算是业界良心
32235,806,吴秀明,2016-07-06 04:11:55,-2,4,6,老师还好，助教实在太坑！特别是这学期这个女助教，阶段给分随意给比例随意调，一言不合说我们期末压力大搞个辩论赛玩玩，然后占了五分之一比例。真心伤不起，付出和回报不成正比的课，严重觉得是被助教坑了。辣鸡通核，毁我青春。绩点直下0.3就问你害怕不害怕？！
34963,806,吴秀明,2016-10-27 07:29:28,0,2,2,因为吴老师的课想研究现当代文学，想获得吴老师那种独立的文人姿态
39530,806,吴秀明,2019-07-01 06:07:19,-30,5,35,辣鸡老师，毁我青春
40508,806,吴秀明,2017-01-04 02:22:41,-2,3,5,老先生，上课颇有味道。但是助教神坑，长得丑态度差情商低。
42832,806,吴秀明,2017-01-15 08:53:06,0,1,1,真正的学者风骨 独立文人  但是开通核就有点像站在象牙塔里给外面的人讲里面的景象  讲的知识没有根基 无文学基础阅读基础慎选 老师讲到金庸会收不住 另外助教差评 言之无物  发言只看数量
45565,806,吴秀明,2017-01-19 22:45:41,0,1,1,没听过讲课但是感觉还不错，作为一门通核也真的算有所收获，讨论课如果精心准备还是可以很好地丰富自己。另外hj助教姐姐超级漂亮，赞赞赞
49016,806,吴秀明,2017-07-03 07:12:56,5,6,1,通核给分还好吧，至少是明确的～喜欢吴老师，有风骨 大师一生推
51659,806,吴秀明,2017-06-08 05:22:41,0,0,0,非常好的老师
52083,806,吴秀明,2017-06-14 12:58:31,-5,3,8,老师讲课挺好的，就是讨论课助教给分貌似只看发言的数量不怎么看的质量……就跟蓝瘦。。因为比较感兴趣，我觉得我在很认真的上这门课，但是平时分有点惨的………
53155,806,吴秀明,2017-06-26 05:16:11,0,0,0,和蔼可亲
58230,806,吴秀明,2017-08-27 01:52:25,0,0,0,还不错
58520,806,吴秀明,2017-08-30 14:56:16,1,1,0,男神老师，人格魅力挡不住
59933,806,吴秀明,2017-09-28 10:30:28,5,6,1,老师的通核 通核一般事情都蛮多的所以感觉也还好 老师是很有学问的人 但是打了十分还是因为助教姐姐人很好 助教姐姐叫黄金 特别通情达理
69657,806,吴秀明,2018-01-25 07:20:45,9,17,8,我不清楚那些抱怨发言只看数量不看质量的同学在不满些什么，开课前明说了每节讨论课都有相应的发言分数，只有发一次言才能拿基本分，基本分上再加分就是看发言质量。自己不好好准备发言内容，讨论发言也言之无物，不给那活跃的同学难道给老是不发言的吗。讨论课就是按照发言来算分啊，另外我直白一点，讨论课上发言数量不怎么多的都没有什么水平，根本别谈质量。
72023,806,吴秀明,2018-01-29 08:16:14,3,7,4,给分挺好的，最重要是别逃课和讨论课每节课都记得发言，期末考开卷多写点，分不会差的，谢谢老师给的满绩
72193,806,吴秀明,2018-01-29 14:14:56,16,22,6,这是一门给分很透明，实行严格正态的课程。想拿高分还是要对这门课有足够的兴趣和花较多的时间看书。关于发言，除了数量质量也很重要（虽然质量的评判就很模糊）。我有一次没发言，最后总评也是良，可见平时讨论分并不好拿，而且还占了50%。而且现在平时都是直接优良中……其实有些坑。总而言之，如果对金庸、莫言、80后文学很感兴趣，那这门课很适合你。如果不的话，这门课上起来并不轻松。
72353,806,吴秀明,2018-01-30 02:55:57,-3,7,10,给分并不好 而且助教基本只看数量 如果你做不到每节讨论课都发言的话你就坐等3.5或者2.5吧（微笑）一些比较害羞的同学或者对文学不怎么感兴趣的还是不要选了
72916,806,吴秀明,2018-01-31 10:38:19,1,2,1,前半学期吴老师上课真的认认真真把每一个字都听了而且记了笔记，如痴如醉，老师真的很棒，让我一个每天沉迷数学的理科生对文学产生了兴趣，并且谢谢助教姐姐给的分数hhh
75395,806,吴秀明,2018-03-10 10:25:21,0,1,1,吴老师很多话都是很深刻很有学术思想的，以前没发现了，后来读研了才理解。
76743,806,吴秀明,2018-04-20 04:17:05,4,5,1,老师真的蛮好的，给分的话就是一般，不是特别特别水的那种，不过真的还蛮合理的。事实是发言多分不一定特别高的，但是我觉得大半讨论课发下言是要的吧，这也不算难吧。关键是事情这么少的通核，而且你对上课内容有兴趣的话是真的血赚啊。
83785,806,吴秀明,2018-07-11 08:32:09,1,1,0,老师认真又有才，上课一定要好好听（虽然感觉期末没怎么考好，但分数也不烂……还是谢谢可爱的老师）
83889,806,吴秀明,2019-01-04 01:03:15,17,18,1,当代文学史感觉讲的不怎么系统，更多集中在前三十年文学，老师的文学兴趣更多在史料，会讲一些文坛轶事，老师最后一节课还给所有同学鞠躬了，老学者的风骨令人感动
84104,806,吴秀明,2018-07-12 04:28:13,10,10,0,会讲很多课本之外的东西，认真听会有收获，不听的人会觉得水，感觉是大师级别的老师。给分也很好的，“我很好说话的”，哈哈哈。
97039,806,吴秀明,2019-01-21 15:11:34,2,10,8,1.一个班只能有6个人4以上，如果中途有人弃修名额还会再减少，祝好运 2.平时分非常难拿，不仅要发言还要看质量。对网络文学、女性文学、金庸、红色文学都有涉猎的会好一些。我每节课都发言，质量分一般都是中上，平时依然是良。 3.综12，你不仅要自己很强，还要指望别人不放弃以及比你强的人少一点。4.考试是开卷，但是书上写的是韩寒和白烨的辩论，考的却是80后作家反叛精神，微妙的超纲。总之只带书进去又没点想法的话看到卷子会很难受。
99985,806,吴秀明,2019-01-25 11:45:45,-17,5,22,首先说明，老师讲的很好，助教小姐姐也很漂亮～不过话说回来，这门课是我所见过的事情最多的通核。每次讨论课必须发言（包括自己组展示的5次课），然后除了那5次，每周必须写感想。如果漏了一次发言，那平时分总评肯定会受一定影响；如果漏了三次以上，那基本上凉了。我觉得我在这门课上花的精力算是多的，然而，它成为我这学期唯一一门没有上4.5的课，强行拉低均绩接近0.2。所以，如果你不是对这方面文学特别感兴趣，或者没有相关文科的背景想水水过的，那就根据自己的情况来决定吧。当然，不在乎绩点的就无所谓了，毕竟课还是上得很好的。
106804,806,吴秀明,2019-04-29 16:12:14,6,8,2,人生总要经历一次长者的教育，但一次也就足够了。
110533,806,吴秀明,2019-06-27 10:00:54,3,3,0,老师是我的快乐源泉
112708,806,吴秀明,2019-07-05 00:54:58,2,2,0,老师贼逗
113316,806,吴秀明,2019-07-06 05:46:23,3,4,1,我觉得选这门课最好自己比较有兴趣也愿意上课讨论探究，相比于其他通核来说事应该算比较少的，只要你认真讨论，有兴趣，期末多写，应该是不会差的，而且觉得很有收获
113650,806,吴秀明,2019-07-07 02:04:15,1,2,1,现当代文学史1，本学期唯一一门全部从头到尾听完的课，不知道老师有什么魅力，但是真的真的真的太好玩了8！爱了！
114646,806,吴秀明,2019-07-11 02:39:52,2,2,0,老师真的超可爱啊，讲课又好玩。当代文学这门课上面讲青春之歌的时候还可以看到萌萌哒的蜜汁脸红。哈哈哈反正喜欢看当代小说的选这个通核就不会错了。好好上课准备发言绩点也不会低的
117617,806,吴秀明,2019-09-26 22:20:44,5,5,0,上课是一种享受
122264,806,吴秀明,2020-02-21 11:54:11,3,3,0,吴老师讲文学前沿真的非常纵情和投入，课堂非常富有感染力。
122799,806,吴秀明,2020-04-08 02:15:54,-7,3,10,emmm现当代文学史一，感觉思想比较旧，有种受文学史污染的感觉。
124084,806,吴秀明,2020-06-23 12:55:01,6,6,0,人文学院年龄最大的老师！68岁了还在一线给本科生上课真的不容易啊！上课非常投入，声情并茂，绝对有收获！
124499,806,吴秀明,2020-07-11 09:39:26,2,2,0,还行吧
125948,806,吴秀明,2020-09-16 03:01:40,1,1,0,啊啊啊嗯嗯嗯
126273,806,吴秀明,2020-09-21 14:09:13,-12,1,13,老师非常好，助教非常坑，慎选
126638,806,吴秀明,2020-10-10 11:36:05,-15,4,19,助教真的很坑，我这个班是cbj，讨论课一直在叫一样的人，完全不给别人机会，鹅颈很严重，慎选
128518,806,吴秀明,2020-12-23 12:59:53,4,5,1,吴老师是第一个系统培训我们写论文的老师，当时其实没什么感觉，之后真的会感激～
131125,806,吴秀明,2021-01-26 05:04:00,0,8,8,当代文学前沿问题，这个课讨论真的卷，尝试过举手然而助教没叫，最后没怎么举手，最后2.2（通核居然可以给到2.2，属实没想到），反正对工科生不友好，一群人文和文科生在卷来卷去
134631,806,吴秀明,2021-04-06 11:52:38,0,3,3,老师是好老师，很有深度，很有水平。不过对女权主义有认知不清的地方，老教授的时代背景和认知来源不一样，可以理解，只怕误人子弟，加剧对立。总体收获颇丰。
136405,806,吴秀明,2021-06-17 14:42:50,16,16,0,去年选的这门课，吴老师和陈老师都讲得很有深度，受益匪浅。看到前面有同学说助教坑，恰好我也是cbj助教的讨论班，发言也并不是很多，但可能期末考拉回来一点分数，比我想象得好。发言这件事每个人有自己的感受，助教xjj已经尽力了，如果其他同学很积极踊跃，那也很难兼顾啊。而且我觉得助教xjj人很nice，讨论点评也不错
137070,806,吴秀明,2021-06-30 09:28:40,7,7,0,课上完了表白吴老师！表白助教姐姐！吴老师讲课太有魅力了，特别是分享他青年时代读《钢铁是怎样炼成的》的感受，讲到冬妮娅和保尔柯察金爱情的be时太可爱啦！虽然不知道给分如何，但助教的平时分量化还是很透明的，总的来说是一门有多少付出就有多少回报的通核吧。
138215,806,吴秀明,2021-07-08 03:18:04,11,12,1,我是生物专业的，这学期上的当代文学这门通核，感觉两位老师都讲的很好，我收获了许多，最直接的感受便是期末考试时的论述题，虽然之前没遇到过，但是也可以根据一学期课上学到的知识和讨论课的同学们讲授的和自己准备的而写出自己的见解，所以我认为这门课的意义就在于此，它是在提高你的文学审美与欣赏能力，而不是介绍课上讲到的有限的几本书。我是cbj班的，小姐姐人很好，对每个人发言的点评也很到位，让我收获颇丰。
141130,806,吴秀明,2021-09-24 07:01:52,2,2,0,上课很好，也很亲切
143623,806,吴秀明,2021-11-29 05:49:45,2,2,0,真的很喜欢
148658,806,吴秀明,2022-01-13 06:40:47,11,11,0,上的老师的当代文学前沿问题研究。老师真的很厉害，学术素养很高，而且讲金庸的时候感觉和金庸还挺熟的hhh。可能教学方式偏传统，比较满堂灌，也带口音，但认真听会有很大收获的！！超爱cbj助教小姐姐！！给了满绩呜呜呜。感觉这个课就是要平时多发言，一节讨论课发一次就好，发言质量我感觉其实问题不算很大，把自己真实的感受说出来就好，分数不会太低，没抢到机会也一定要往公邮里发补充发言！！对文学真的有了不一样的认识。好课可来
151775,806,吴秀明,2022-03-15 06:59:44,0,1,1,大先生
154527,806,吴秀明,2022-06-02 04:02:38,0,0,0,吴老师无敌
1305,819,祖慧,2019-01-04 08:11:22,3,16,13,给分好，上课也可以学到东西。人很好
4807,819,祖慧,2015-06-29 05:00:51,-3,1,4,老师人很好，学到很多。给分好\n\n
10445,819,祖慧,2015-11-19 00:58:28,1,6,5,老师很好~
10591,819,祖慧,2015-11-20 09:51:48,13,33,20,结课了拿了4.4分 很感动 其实上课没怎么听 不过老师讲的很细心很好 作业才交了2次 老师考试前给了范围 百度了一下 背了一下 感谢老师
10637,819,祖慧,2015-11-21 06:16:41,-2,3,5,很好的老师，认真学可以学到很多东西，不过遗憾的是课时有点少，很多东西没法讲清楚~给分也很好啦~
11352,819,祖慧,2015-11-28 07:34:45,-10,3,13,。。。
13886,819,祖慧,2016-01-01 15:27:06,0,5,5,平时很水，不点名，考前好好准备一下就可以，认真听的话还是可以学到一些有趣的东西
14672,819,祖慧,2016-01-08 08:02:10,-1,7,8,老师人很好！！！给分也很好。可以学到很多东西吧。经常早去。考试要准备一下
20995,819,祖慧,2016-02-09 05:49:52,-1,5,6,很好的老师啊啊啊
21440,819,祖慧,2016-02-29 00:44:48,-1,5,6,人很好，课很水，还是很棒的课
23387,819,祖慧,2016-03-28 11:05:57,-1,4,5,老师真好
23827,819,祖慧,2016-04-18 08:27:38,-1,6,7,老师人真的很好，就是有的时候有点小迷糊…
23849,819,祖慧,2016-04-18 16:16:13,2,7,5,很好的老师，认真学可以学到很多东西
24219,819,祖慧,2016-04-28 12:52:53,0,4,4,老师人特别好，温柔，赞
24220,819,祖慧,2016-04-28 13:21:07,-1,5,6,嗯很不错的老师 人很温和 给分佳  考前好好复习一般都可以
24306,819,祖慧,2016-04-29 09:34:56,12,19,7,不说话了，哭死，刚出的成绩，估计老师不知道三分一档
26993,819,祖慧,2016-07-05 03:15:04,-3,4,7,老师很好，但是作为女生，觉得稍微有点性别歧视
29069,819,祖慧,2016-06-29 08:07:17,-3,0,3,好好准备考试。可以学到东西
31680,819,祖慧,2016-07-04 12:59:59,-3,0,3,很和善的一位老师，古代改革史虽然是通识课干活依然很多，大有收获
31819,819,祖慧,2016-07-05 03:10:53,-17,1,18,点到来了2次，交了2次作业，考试没怎么复习，给了4.8，谢谢老师，上课、给分都非常棒！
34444,819,祖慧,2016-12-21 09:42:43,-1,3,4,老师人很好，事情也比较少，只有课上两次辩论～～
35278,819,祖慧,2016-11-07 13:05:24,-1,3,4,老师人很和善 讲课干货很多 对于古代科举有兴趣的人不能错过 考试也简单 范围都是给出的 内容都是上课讲的
35860,819,祖慧,2016-11-10 08:33:39,-3,0,3,好好听课能涨很多知识，考试是提前告知范围，考前去准备准备就好了。课上的辩论也很有趣。
35939,819,祖慧,2016-11-10 08:58:48,-3,0,3,老师人很好很可爱，上课内容也很有趣，可惜课时有点少。
36538,819,祖慧,2016-11-14 23:03:28,-3,0,3,3。9分，课完全是水过去的。。。\n\n
36542,819,祖慧,2016-11-14 23:45:56,-3,0,3,老师人很好，上课可以水过去，想认真也可以真收获干货。给分是真好。
36569,819,祖慧,2016-11-15 02:17:34,-3,0,3,老师人很好，很和蔼可亲。
36583,819,祖慧,2016-11-15 03:34:36,-3,0,3,老师非常好！！！
36726,819,祖慧,2016-11-15 14:48:54,-3,0,3,老师人超好，是专心做研究的那种！很温柔，也多次跟我们解释如果被正态请多多包涵，认真听会有很多收获！
37832,819,祖慧,2016-11-21 09:53:07,-3,0,3,老师人很好，认真会有收获。
37960,819,祖慧,2016-11-22 09:29:27,9,15,6,講真啊每一節課都沒有水認認真真聽過去3.3你在逗我？雖然課是比較有趣，還有組織辯論，但是一直都沒有舉手的我表示不願意舉手真的很吃虧，最後的考試老師會給範圍，但是並沒有什麼用
40121,819,祖慧,2016-12-29 09:46:19,-2,1,3,上课没什么压力 平时就两次辩论(很关键)期末考试开卷考试给范围  我认认真真听课 认认真真复习 没辩论 3.6 喜欢辩论的选吧
40618,819,祖慧,2017-01-15 08:17:15,-3,0,3,还可以
43391,819,祖慧,2017-01-16 08:11:05,-3,0,3,新生研讨课很棒，认真听可以学到一些干货，不过我不喜欢发言所以可能平时分不高，总之老师很温柔啊，想选改革史被刷了，有机会还想上老师的课
49659,819,祖慧,2017-04-22 09:26:42,-2,2,4,老师人很好很温柔
49703,819,祖慧,2017-04-24 12:17:13,0,7,7,准备两次辩论   考试前给复习范围也不是很难  但不是很明白都每节课都去 辩论积极发言 考试准备充分才4.2  。。。
49823,819,祖慧,2017-04-26 09:04:56,-2,1,3,老师超棒！讲的很好 !如果认真听 会了解到很多(˶‾᷄ ⁻̫ ‾᷅˵) 考试是名词解释和论述题 平时认真的话很简单 可以说是十分推荐了
49884,819,祖慧,2017-04-27 01:45:02,-2,1,3,老师课不错，干货也挺多，可水可听，考试好好准备给分不错的
51204,819,祖慧,2017-05-24 05:13:30,-3,0,3,非常棒
52080,819,祖慧,2017-07-02 10:00:20,3,4,1,。。。。。
52081,819,祖慧,2017-06-14 12:50:54,-2,1,3,开始几节课有点无聊，后来很精彩，后悔没有好好听。
52082,819,祖慧,2017-06-14 12:55:14,0,4,4,老师很可爱，因为先点开红包再答的问卷还要道一下歉，好萌0.0
52875,819,祖慧,2017-06-23 09:22:47,-4,1,5,(新生研讨)4.8~人很好，挺民主。课可以水，考试复习好一点就行。有两次类似辩论的课。
55701,819,祖慧,2017-07-02 08:08:07,-1,2,3,老师讲课内容特别棒，但是经常忍不住走神儿(ಥ_ಥ)期中作业认真一些，展示课提一下问题，期末考试之前背一背，成绩还不错。关键是老师超级超级和蔼，可爱*^o^*
55709,819,祖慧,2017-07-02 08:36:54,-3,0,3,老师好！
55743,819,祖慧,2017-07-02 10:02:03,2,7,5,怎么说呢。中国古代改革史工科的同学会吃亏一些。这门课并不是很水。讨论课一定要提问。一定要提问。一定要提问。论文不要水。不然就会得到一个很低的绩点！老师是慈祥的。总之。一学期两学分的课，不如两个半学期1.5的课。
55773,819,祖慧,2017-07-02 11:05:08,-10,2,12,老师特别温柔。对我们很关心而且还很体谅我们。我上课完全水过去。期末好好复习了一下要点就4.8hhh
61517,819,祖慧,2017-11-18 08:10:25,-3,0,3,听老师的课真的是一种享受，老师讲话很温柔的，认真听课你真的可以学到很多东西的，给分挺棒的。
61530,819,祖慧,2017-11-18 09:32:15,-3,1,4,很好的老师
61542,819,祖慧,2017-11-21 01:34:08,-1,2,3,呵呵哒
61600,819,祖慧,2017-11-19 05:20:09,-10,1,11,硬实力超强，全是干货+趣味知识。每节课布置一个问题，百度就行。\n\n期末会给范围，本来说好是名词解释加问题，老师我们说不考名词了（虽然我已经背完了，绝望）。\n\n最后一节课考试，写了正反满8K。可以说是超级诚意而且只要付出就一定收获的课。唯一伤心的是老师大概不知道三分一档，多拿一分赏我4.8真的可以有啊！！
61605,819,祖慧,2017-11-19 06:23:24,-3,2,5,昏昏欲睡 讲的喝高中学过的科举知识没有多大区别 非常注重上课回答问题
61610,819,祖慧,2017-11-19 06:50:04,-2,2,4,很棒，老师人很温柔哒。讲课也很有趣。考试的话，是平时分加闭卷考，给分还是很棒的。只要认真准备一下就可以了。平时的课的话，认真听听真的很好。
64478,819,祖慧,2017-12-24 11:22:58,-2,2,4,老师人很好，但是上课可能因为要照顾理工科的同学会比较慢，上课认真听真的能学到不少，尤其是研究历史的方法～最后的考试老师会给范围，只要认真准备认真答题，就能拿很高的分了～总之强烈推荐
64950,819,祖慧,2017-12-28 04:35:43,2,3,1,如果选的是新生研讨课，建议喜欢发言的选，但是像我一样不爱举手真的慎选，绩点很低很痛苦。。。
99486,819,祖慧,2019-01-25 00:45:47,12,14,2,不敢相信……讨论课也展示过发言了，期末考试都写出来了，结果3.3
99833,819,祖慧,2019-01-25 08:11:43,-24,4,28,与之形成鲜明对比的是，我啥事都没干，考试当天临时抱佛脚了一个白天，逃课七八次，最后4.2?
106153,819,祖慧,2019-04-25 09:56:13,9,13,4,课是好课老师是好老师就是理科同学慎选因为你有可能啥都背下来了可还是拿不了高分
106518,819,祖慧,2019-04-28 03:40:03,-2,4,6,科举文化：讲课逻辑有点问题，经常前后PPT重复。期末考试都答出来了平时上课全勤，最后3.0也是很无奈
119017,819,祖慧,2019-11-09 13:12:44,-5,0,5,老师很好，上课很细致
119415,819,祖慧,2019-11-12 23:54:21,17,18,1,老师讲的挺不错的，但我认真上课认真回答还认真复习最后给我2.7真的难以接受。
119531,819,祖慧,2019-11-13 10:16:28,-3,4,7,老师上课上的很好，有干货，话语间透着深厚的人文功底\n\n\n\nP.S. 但她好像不知道三分一档的事。。。
119532,819,祖慧,2019-11-13 10:26:30,5,8,3,全勤，上课认真手写了笔记，上课发言还算积极吧，写论文时也看了很多材料，名词解释也都会还尽量往多了写，最后两道主观题可能因为高中是文科生的关系是分要点写的，不像评论里有的写满了正反两面，我就写了一面多，虽然知道老师可能不太喜欢应试式的分点答法，可是最后绩点才3.6。。。。。
121531,819,祖慧,2019-12-13 01:16:26,-4,1,5,超级和蔼的老师，上课是签到，作业是论文加展示，上课超轻松，很不错的老师
124422,819,祖慧,2020-07-01 00:54:17,6,7,1,刚被正态，回来讲一讲感受，课上的挺好的，有许多知识点，但是记住一定要讨论，一定要讨论，一定要讨论，不然你再怎么牛逼也只有3.3。
127521,819,祖慧,2020-11-24 01:49:46,-7,0,7,老师怎么这么可爱
127704,819,祖慧,2020-11-26 02:00:32,-6,0,6,老师人很好 但是想水的人最好不要选，毕竟是闭卷考试
143224,819,祖慧,2021-11-22 00:12:49,13,14,1,难以置信。。。。
143236,819,祖慧,2021-11-22 03:37:50,15,19,4,给分很差
143259,819,祖慧,2021-11-22 12:57:14,9,9,0,。。。。
143386,819,祖慧,2021-11-25 00:02:26,14,15,1,这老师背后还有一个影藏的老师，给分巨差，平均给60分，而且给分是多少就是多少！也就是说你平时分就算全到课了，也只有70来分，选的人最好斟酌一下，这水课对你有用吗？想分好一点的最好别选。期末看的也很严，复习要趁早，不然你学在浙大这门水课都会被这鬼老师给删掉。老师是不会调分的！写作水平差的最好直接远离，不然分低的让你怀疑你自己！理科生当时文科差的最好别选，老师挺不看好理科生的！
143871,819,祖慧,2021-12-09 15:44:17,10,10,0,作业都交了，点名都到了，考前范围也看了\n\n，名词也背了。我知道我考得不好，但1.8真的无语。
152020,819,祖慧,2022-03-23 08:11:24,6,6,0,还没结课，但已经提前感受到绝望了。作业太多，隔段时间就要交一篇论文，没有上限，分数高的人写10页多那不会是上万字了吧……大佬太多…第一节课上完直接10几个人退课。还有要期末考试，老师好像也不是很懂分数分档的样子，已经准备开摆了……
156386,819,祖慧,2022-06-19 10:08:12,10,11,1,点名，事多，闭卷，绩杀，快逃！
157116,819,祖慧,2022-06-22 03:10:12,4,7,3,完全不照顾理科生，超级绩杀，没见过通识课给1.几的
161499,819,祖慧,2022-11-08 00:27:48,1,2,1,老师很温柔，讲课很从容。在短学期结束的期末考后，我找老师，希望她给我的书（她推荐的宫崎市定的«科举》）签个名，然后她会拒绝，因为不应该在其他作者的书上签名。然后就和老师加了微信😁
162272,819,祖慧,2022-11-19 00:54:40,0,2,2,真的绩杀，好课是好课，老师是好老师，但真的没见过给绩点不会捞人的老师
163879,819,祖慧,2022-12-16 10:47:22,-4,0,4,老师给分还可以的，原本以为会被绩杀。平时作业按时完成，期末考前要稍微复习一下。
164584,819,祖慧,2022-12-22 04:29:48,1,1,0,嘿嘿嘿
174930,819,祖慧,2023-06-20 03:08:14,6,6,0,客观评价老师讲课讲得很好，对于通识课来讲，可能专业性有点强，会有三次论文（这对刚入大一的我来说是种锻炼，所幸认真写了还不错）。老师讲课很有结构，好多古代科举的逸事讲的都很有趣（虽然表面严肃刻板，但是喜欢喝可乐的小女孩子一个呢）会在课上有时想不起来通史的有些内容，会直接问助教老师。期末考核是闭卷考试，有名词解释和论述题，老师说那种提前交卷且没有回答完、字数都不够的同学（暗示态度不端正）是很难捞的，自己多上心一点是可以学到很多东西的！论文平平，考试平平，期末4.2，挺满意了吧！
183964,819,祖慧,2023-12-05 03:35:56,2,2,0,给分还行，就是要写很多论文
183971,819,祖慧,2023-12-05 07:22:35,6,6,0,中国古代科举文化：要点名，相对于其他通识课来说，事多，给分低，平时作业为写科举相关论文，1000字以上且无上限，所以有写到大几千的存在，想拿高分可能需要真的在论文作业和其他同学内卷，不推荐
185409,819,祖慧,2023-12-29 02:36:56,7,7,0,祖慧老师课上的很好，每节课基本都有数字点名，会写在黑板上。\n\n这节课的课程作业主要是与科举相关的学术论文，很看重相关格式规范\n\n秋学期大概有四篇论文，期末论文的选题也是在平日作业里选的
199926,819,祖慧,2024-10-08 12:25:25,0,0,0,老师人挺好的，有次点名到了但没签到，第二次课上和老师说了，帮我改成已到。上课讲的也挺好的，喜欢科举史可以来听。但每节课上会点名，要写大作业，最少写1000字，就我而言2000字为好。
203135,819,祖慧,2024-11-17 08:15:09,-4,1,5,可乐女士。\n\n上课基本念ppt，而且似乎对科举制度抱有好感？有些震碎三观
203754,819,祖慧,2024-11-21 02:41:26,2,2,0,祖老师人特别可爱，还夸我论文写的好呜呜呜呜。其实论文认真写了给分应该都不太差的 推荐！！有历史基础的放心选好了
209497,819,祖慧,2025-01-06 06:11:39,1,1,0,老师是好老师就是事情对比其他课真的有点太多了，一个秋学期让我写了三篇两三四千字的论文，而且还是专业性很强的历史相关的论文，着实难为我这个史盲啊！我写得都很用心认真，要花很长时间，确定选题查资料什么的，最后绩点4.5，算没有辜负努力但还是希望能更高一点配得上自己的努力吧TT
211462,819,祖慧,2025-01-11 13:35:35,2,2,0,老师是好老师，讲得蛮好的，上课如果认真听的话可以学到不少知识，但是会有三篇要求1000字以上的大作业，一篇要求3000字以上的期末论文，事比较多，建议对科举感兴趣且有一定时间可以写论文的同学选。给分还可以，这学期老师已经会捞人了，我是理科生，从来没写过1000字以上的历史类论文，平时论文都1200字左右，期末论文4000字不到一点，最后捞到4.5，感觉只要多花点心思在论文上，还是可以拿比较好的分数，给老师一个好评
217396,819,祖慧,2025-04-09 14:57:33,0,0,0,事太多，给分还低
1470,820,陈红民,2015-03-22 06:12:00,20,25,5,有深度
3159,820,陈红民,2015-05-18 05:25:23,17,21,4,上课幽默 又不失内涵。导师的老师，真棒！
4288,820,陈红民,2015-06-18 15:02:20,11,12,1,又有内涵，又幽默，而且看法都很独到！人也特别好！
4768,820,陈红民,2015-06-28 04:51:00,2,5,3,好男神声音
12695,820,陈红民,2015-12-24 02:09:16,2,5,3,学识渊博又谦逊有礼，讲课风趣幽默，难得一见的会讲课的老师
14810,820,陈红民,2016-01-09 12:25:46,3,4,1,深度广度
16296,820,陈红民,2016-01-17 23:41:32,6,7,1,好有磁性的声音\n\n
25962,820,陈红民,2016-06-14 15:18:52,4,5,1,越来越喜欢，大学以来第一次有了舍不得结课的伤感。。。
26888,820,陈红民,2016-06-21 12:59:24,0,1,1,不能更棒
27249,820,陈红民,2016-06-24 04:11:20,3,4,1,有深度又幽默的老师~好喜欢他讲历史~
30617,820,陈红民,2016-07-02 05:14:38,0,1,1,很棒！
30625,820,陈红民,2016-07-02 05:48:30,7,8,1,上了通核，印象就是很幽默，见识很广，很好的老师，随和。
30704,820,陈红民,2016-07-02 09:16:18,4,5,1,男神啊！声音很有磁性，历史故事很好玩！你值得拥有！真的学到很多。
31962,820,陈红民,2016-07-05 08:37:00,2,3,1,老师好，课也好，只是这课似乎更加看重小组整体水平啊，遇上不给力的组员的话就容易被正太啊
52195,820,陈红民,2017-06-15 17:40:27,1,2,1,老师人特别好。渊博的学者
56358,820,陈红民,2017-07-03 14:32:34,0,3,3,通核，近代人物研究，很不错
56634,820,陈红民,2017-07-04 06:18:34,11,14,3,上的陈老师的通核！很赞！讲历史不是照本宣科，还会给我们讲历史研究的思想和方法。事情算还可以吧，两次小组展示加一次辩论赛加一次历史剧。喜欢历史的同学可以选哦～
64278,820,陈红民,2017-12-22 07:53:11,10,12,2,看不到均绩吗\n\n
64588,820,陈红民,2017-12-25 11:18:05,0,0,0,老师超级好
76444,820,陈红民,2018-04-09 11:37:07,1,2,1,还好吧
80362,820,陈红民,2018-06-25 12:42:03,1,1,0,老师谦谦君子，男神！
84478,820,陈红民,2018-07-13 02:52:53,1,1,0,给分还算可以，平时上课一定不要缺课。讨论课多发言，多发言，多发言!(通核课都要这样，分才会高)
108558,820,陈红民,2019-05-28 12:28:59,0,2,2,天天拖课
112296,820,陈红民,2019-07-04 01:04:31,0,2,2,老师是真的不错，幽默有内涵。\n\n但是，平常分占50%，全都是小组合作，当全组只有你想努努力拿个高分的时候，你就会知道什么叫有心无力了。\n\n虽然我真的很喜欢小组同学。
112300,820,陈红民,2019-07-04 01:05:48,0,1,1,老师真的很好，课超级有意思，多做点事情给分也好
112309,820,陈红民,2019-07-04 01:13:53,1,2,1,虽然没有达到想要的分数，但是对我这个对历史感兴趣的人，上课体验真的巨好！
112804,820,陈红民,2019-07-05 03:38:56,4,7,3,课是好课，分是真低
113212,820,陈红民,2019-07-06 01:43:19,0,2,2,老师人真的挺好的，课也不错，不过小组展示之类的事比较多（包括辩论、演习），谈到分数的话就要看你定位了。不过最重要的是遇到了一群大佬队友，还是很赚的。
124510,820,陈红民,2020-07-02 07:17:22,4,5,1,陈老师上课很不错，助教老师也很好！
124512,820,陈红民,2020-07-02 07:49:06,1,2,1,课是好课，绩点裂开
125396,820,陈红民,2020-09-08 05:59:55,-5,3,8,每次都会拖堂，两节课能被拖到三节课，给分还贼差
125741,820,陈红民,2020-09-14 01:18:39,2,3,1,老师很幽默，最后成绩一般大概是我阅读量不够大，是门好课，真正喜欢历史的必选！
128887,820,陈红民,2020-12-26 11:39:33,1,2,1,干货多，老师和蔼，疫情期间给我们看他做俯卧撑的视频（老师上了年纪了）
129243,820,陈红民,2021-01-02 08:03:14,2,3,1,老师和蔼可亲，不同于某些史纲老师哗众取宠，陈老师的中国近代人物内容很有深度，对人物能通过历史资料（日记 回忆里等等）全面研究，是浙大不可多得的好课。\n\n另外老师的俯卧撑确实很厉害（疫情期间看的）
137018,820,陈红民,2021-06-29 12:08:29,2,3,1,课真的很有意思，没有白上的感觉
138452,820,陈红民,2021-07-09 09:16:39,-23,13,36,1.拖堂，上课还算有趣，但感觉学到的知识不多，拖堂真的特别严重\n\n2.上课对于历史人物几乎都是偏向褒扬的，特别能洗，什么人都洗，被同学质疑就和稀泥\n\n3.期末考试就考点感想，评价，你最喜欢的人物之类的题，根本不认真准备出题，简直是糊弄，这是通核的期末考试？感觉没学过的都能写得不错！考试的目的何在，按照什么标准，如何评分？\n\n4.弄了一个俯卧撑加分，老师请问俯卧撑做到5、60个难道可能是一个学期能够练出来的吗？我们学的是历史，不是体育；评分按照个人兴趣随便乱搞，看来老师不把这门课当回事。。
138471,820,陈红民,2021-07-09 11:01:13,3,5,2,老师和蔼可亲，助教也很可爱认真！没有通核上的uu可以选它！事情也算不多，每人平均两次展示，一次辩论，一次历史剧，一次口述历史，感觉作业量不大，期末考开卷，还算简单。给分也不错，本文科生除了辩论耗费的心力大一点，其他都水过去了，最后喜提4.5🥰
138476,820,陈红民,2021-07-09 11:52:38,5,5,0,向uu门安利一下！陈红民老师特别有意思，讲课也非常生动，通过教学安排和授课内容都可以看出他的用心和细心！虽然得分一般，但还是由衷感谢老师和助教的付出，以及同组大佬的带飞！ps：拖堂确实是个问题，希望能有所改观。
138565,820,陈红民,2021-07-25 15:54:44,15,15,0,终于出分了，先谈谈对老师的看法，陈老师很好，不是那种只知道研究历史的老师，而是一个跟得上时代，很开明的老师。这是我遇到历史老师中最吸引我的。老师ppt内容很丰富，而且容易讲的停不下来，所以一般都会拖堂一会会。\n\n再来谈谈对这门课的看法。事情看上去挺多，两次个人展示，一次辩论赛，一次口述史，一次情景剧，还有最后的开卷考，但其实平时觉得任务量也还行，也没有感觉有很多负担。展示的话就是当周的三个思考题，谈谈自己的理解就可以了，老师很nice，助教也是个漂亮姐姐，我们班讨论没有鹅颈，大家都很佛。\n\n给下次选这门课同学建议吧，你要保证你喜欢历史，这样听课就会很快乐。然后因为期末考比较容易老师给分也比较好，所以看中平时分一点。\n\n最后反对楼下，老师说做俯卧撑可以加分是督促大家锻炼和增加娱乐性，大可不必如此上纲上线。对近现代人物的评价本来就是仁者见仁，智者见智，如果不是开放性的题你又该喷老师凭什么这是标准了吧。\n\n最后表白陈老师和221班助教小姐姐！
138661,820,陈红民,2021-07-10 07:21:33,1,2,1,这门课对喜欢历史的同学来说一定要选，平常上点心多发发言，给分不差的
175305,820,陈红民,2023-06-23 13:09:04,2,3,1,人物研究这门课事情是有点点多啦，每周几个思考题（一学期每个人会上台用PPT展示思考内容1到2次）、一次辩论赛、一次历史剧表演、一次口述历史，最后期末开卷考（问题倒是蛮开放的）。但是如果你喜欢历史的话真的可以学到好多，讨论课的氛围也很棒！（我们助教还给我们买西瓜、话梅、瓜子、糖吃，姜老师真好嘿嘿嘿）最后本纯理科战士还拿到了4.5，感恩！
194950,820,陈红民,2024-06-26 04:42:14,1,2,1,近现代人物研究这门课程，事情确实多，在通核里也算比较多的，但是辩论赛情景剧其实还挺有意思的\n\n给分不错，正常完成要求拿个4.2是比较轻松的，想拿很高的分数就难了，你得碰巧遇到全组都是想卷的组员，自己一个人是卷不上去的
218447,820,陈红民,2025-04-23 15:10:46,0,0,0,为什么说从第二周开始点名，结果第一周就签到了。。。。。。。
1291,839,张家成,2015-03-21 17:36:52,15,29,14,上课上得非常好！想要学点知识的强烈推荐上张老师的课！
1758,839,张家成,2015-03-24 04:57:04,0,8,8,一半，觉的有点水\n\n
4364,839,张家成,2015-06-19 13:48:25,1,6,5,讲得很好 引人入胜 就是在个别问题上有点固执 可以学到真正的东西
5584,839,张家成,2015-07-08 13:03:08,6,12,6,老师人非常和善。主要看期末论文，写写自己真实的感受，老师会给高分的
6444,839,张家成,2015-07-14 04:02:45,-17,9,26,还可以，人太刻薄！
6788,839,张家成,2015-07-23 02:31:54,-5,5,10,挺好的～略无聊，认真听也能学点东西
22238,839,张家成,2016-03-03 05:09:57,0,3,3,老师人很温柔耐心
23272,839,张家成,2016-03-23 10:35:30,2,7,5,我见过的为学最严谨、最博学的老师，想了解学学知识的话一定要来听听！
24558,839,张家成,2016-05-01 16:05:43,4,8,4,老师研究的挺深入的，讲的也好，一些佛教哲理对生活也有帮助。给分好，我是自己写的论文，考试填满，最后有4.5绩点，谢谢老师
30289,839,张家成,2016-07-01 07:54:37,6,7,1,考试…略难啊…
31034,839,张家成,2016-07-03 06:36:05,-7,3,10,人不和善
32231,839,张家成,2018-12-26 11:28:42,0,5,5,老师很好。长的也帅。只要你之前发邮件多问问老师问题，即使是理科的我也有90
49598,839,张家成,2017-04-20 01:52:13,0,3,3,儒气 有底蕴\n\n
49890,839,张家成,2017-04-27 02:51:13,6,11,5,竟然有人说老师刻薄？！这是很温柔很尊重学生的一位老师了，课也不错能了解佛教文化，也不会强加自己的思想给学生
50579,839,张家成,2017-05-03 15:38:35,-2,6,8,简直垃圾\n\n辛辛苦苦写的感想，本身对佛教文化也不懂，所以就很认真写了上课的感想……绩点呵呵了，早知道一定退选！
50642,839,张家成,2017-05-04 04:16:53,1,5,4,课本身很好，但是为什么给分这么低，感想写了俩礼拜很认真啊，考试也填满了最后是我绩点最差的一门通识？？？难过：（
50830,839,张家成,2017-05-06 06:06:37,2,3,1,老师脾气很好，人很儒雅，知识点讲的很清晰
50903,839,张家成,2017-05-08 08:07:02,2,3,1,老师挺好的，课也不错，就是分有点低...
52253,839,张家成,2017-06-16 11:55:44,1,2,1,好温柔的老师，很积极帮同学解决问题\n\n
57663,839,张家成,2017-07-11 23:44:06,0,5,5,。。这样的好老师还有人说给分低。。自己的水平配得上高分吗。。试卷填满能说明什么，口水话废话一通填满也是填满，论文做两周就一定是好论文了？啥逻辑。。
105289,839,张家成,2019-04-09 08:18:19,3,5,2,无聊，而且骗学生不点名
107050,839,张家成,2019-05-01 05:48:51,5,5,0,中国佛教文化课程学习过程、复习、给分成迷
123217,839,张家成,2020-05-21 02:07:53,-1,1,2,老师很儒雅，教学认真严谨，我收获很多，感谢老师！
141037,839,张家成,2021-09-22 05:26:38,4,4,0,关于佛教的很多观点就是自己的一家之见，很容易给初学者产生误导\n\n唉
141892,839,张家成,2021-10-30 09:34:32,-1,1,2,老师超级好，课时容量有点大，感觉老师个人输出也非常大。跟老师课后的讨论总能有很多收获。
172032,839,张家成,2023-04-17 16:20:18,1,1,0,呵呵呵
919,853,杜正贞,2015-03-22 01:04:02,3,7,4,好课！引人深思，能保持两节课全神贯注。
1523,853,杜正贞,2015-05-04 15:54:07,23,26,3,超级亲切的老师！简直女神！
2107,853,杜正贞,2015-04-01 12:20:02,8,9,1,女神
2869,853,杜正贞,2015-05-09 15:34:15,1,3,2,好老师
5692,853,杜正贞,2015-07-09 07:14:28,-1,7,8,上课还不错的，然而我尽力了，期末考也准备超级认真，这绩点。。。呵呵 大家随意
5753,853,杜正贞,2015-07-09 08:46:19,-4,4,8,呵呵
8231,853,杜正贞,2015-09-17 15:33:48,15,20,5,上她的历史专题，课很好，准备很充分，深入浅出地介绍了基础知识也涉及了学科前沿。考试前会把所有题目告诉你，只要悉心准备绝对高分
26476,853,杜正贞,2016-06-19 01:14:47,-1,2,3,女神是女神 杜老师很扎实 但是讲课方式有待改进啊
27672,853,杜正贞,2016-06-27 07:55:18,7,7,0,老师很体谅学生，讲课丰富有趣，角度独特，从地方志、族谱、碑刻等材料中解读微观历史，受益匪浅。
27735,853,杜正贞,2016-06-27 10:10:09,-1,2,3,人文女神，很有气质。可惜历史人类学方面的理论讲得比较少，有些遗憾。
27790,853,杜正贞,2016-06-27 14:31:28,-5,2,7,水水的大类课，只有绩点能给我留下印象
27947,853,杜正贞,2016-06-28 06:56:52,1,1,0,老师的课很不错，任务少而且给分好，喜欢
27963,853,杜正贞,2016-06-28 07:36:41,4,4,0,上课很认真，给分公道。
28089,853,杜正贞,2016-06-28 08:05:48,8,9,1,会拍西区美猫，票圈发自己家喵的猫控！历史人类学上课作业多，但很扎实，很不错的老师捏。
28187,853,杜正贞,2016-06-28 08:14:02,6,6,0,女神老师~学识渊博，课上干货多，认真上课很有收获！
28468,853,杜正贞,2016-06-28 09:10:21,2,4,2,很认真地准备了考试写了论文 绩点不高
28559,853,杜正贞,2016-06-28 10:17:19,1,1,0,女神老师~会拍西区美猫，上课会叫同学念古文材料，课上知识很多，让人很有收获。认真完成老师布置的作业好分数一定没问题。
28598,853,杜正贞,2016-06-28 10:51:13,1,1,0,老师真的挺好的，开始以为给分低，后来还好？可能因为论文写的挺认真，给了4.5
28673,853,杜正贞,2016-06-28 12:12:55,-4,5,9,老师很有学识，讲得也很好，但是绩点，呵呵哒，66，给分最坑的一个老师
29294,853,杜正贞,2016-06-29 14:36:07,3,3,0,杜老师很好啊，非常喜欢听她讲课，我是其他专业的选为作个性学分的，收获很多，这样好的老师能激发你对知识的渴求，会想要去问她问题，老师也很耐心很棒。只要认真准备，论文稍微用心点给分就不会差，我这种门外汉都4.6，所以只有认真就好。
30816,853,杜正贞,2016-07-02 14:20:55,13,14,1,老师就是一位清丽如诗的姐姐！推荐推荐
31560,853,杜正贞,2016-07-04 06:30:10,3,3,0,她细心温柔，人很好，细心负责。期中考试和期末论文就是考核。认真体会老师想让你学到的，收获很大。
32404,853,杜正贞,2016-07-06 13:55:51,1,1,0,杜正贞我真的很喜欢，可惜自己不够扎实
77565,853,杜正贞,2018-05-06 13:48:26,-15,4,19,好你个林建华…不好意思我不熟，跟着大家踩一踩
80410,853,杜正贞,2018-06-26 07:47:24,11,12,1,最近的天超级超级热，我们教室又老没有空调，但听老师讲课真的能安静下来 深入浅出，从对历史的事实的追溯看到社会再最后反观自身 娓娓道来 启发性很强?
85192,853,杜正贞,2018-07-16 04:08:55,-5,2,7,课程太水了，平时无一次考核，无一次点名，期末一次考试就决定成绩…
85194,853,杜正贞,2018-07-16 04:09:39,0,1,1,美女老师，上课很有思想。给分也不错
85215,853,杜正贞,2018-07-16 05:44:27,0,5,5,老师太温柔了，对历史一窍不通的我选这个当个性，考前会给范围，只花了一天就4.5，只要付出就会有收获！感觉老师好有文化，各种田野调查
85499,853,杜正贞,2018-07-18 14:42:23,0,1,1,超好！
121818,853,杜正贞,2020-01-22 06:18:54,7,7,0,超爱杜老师！功底扎实而且温柔好看有气场，每节中国古代史都是令人期待的课。
122384,853,杜正贞,2020-02-26 03:11:50,4,4,0,很喜欢老师讲的明清历史！准备超级用心，会从一个个主题切入，引用一些历史实例去讲。很生动！
123881,853,杜正贞,2020-06-15 17:23:25,3,3,0,气质优雅，思路清晰，干货多，看起来严肃但其实挺幽默的
123957,853,杜正贞,2020-06-17 16:12:12,4,5,1,上的课程是中国历史的基本问题与研究方法，今天算是出分了，因为线上考开卷改闭卷，老师实事求是给分，班上整体成绩也不高，但是我觉得应该没有人真正后悔选了这门课。认真听杜妈妈讲课是真的能感受历史学的魅力，走进与高中历史完全不同的历史学研究。最开始听每一节课感觉像是在听故事一样，只是觉得有趣或者无聊，后来为了考试又重新回放，体会其中的研究方法与思路，才深深觉得这门课远不止历史故事。原本是对历史学毫无了解甚至因为高中历史有些厌恶历史的人，上了杜妈妈的课，我与历史之间的隔阂似乎消除了许多。其实认真看ppt，听老师对史料的分析，成绩也不会太差吧。
130829,853,杜正贞,2021-01-25 01:21:08,9,9,0,我爱杜老师！！\n\n从中国古代史到SRTP再到历史人类学，和老师接触的这段时间里越来越觉得她是个学识渊博性格又好的人，讲课生动深入浅出，课外也很认真地为学生解答问题。这学期的历史人类学上得特别特别开心，因为上课能学到很多知识且很有趣，所以每节课上课前都很期待，这节课也让我对自己未来要选择的道路有了更多的思考。总之能遇到杜老师真是太幸运了。\n\n另外必须夸夸老师的气质，大衣+围巾的搭配太美了呜呜呜
136654,853,杜正贞,2021-06-22 12:40:03,0,2,2,女神！！
151804,853,杜正贞,2022-03-16 08:50:35,0,1,1,老师讲的真的很好，很用心，ppt做的很精美，甚至于ppt的转页都有衔接，很努力地在教我们，RESPECT!
152696,853,杜正贞,2022-04-18 11:38:17,3,3,0,好温柔的老师，好有学识和气质，上她的课真的能学到好多东西，绩点4点2不高也不低，但是学了很多东西
152700,853,杜正贞,2022-04-18 12:57:56,5,5,0,【中国历史基本问题与研究方法】人文外专业的选的这门课，老师教的超级超级棒，虽然最后绩点没有太如愿以偿，但我真的开始对历史对文献产生了一种热爱的感觉！
152732,853,杜正贞,2022-04-19 04:24:19,2,2,0,怎么学历史学科啊
161535,853,杜正贞,2022-11-08 09:15:56,0,2,2,外专业同学表示，我想选杜老师开的所有课！！！！\n\n第二次上杜老师的课了，真的收获很满！\n\n只是写论文的时候很痛苦，历史素养真的比不过历史系的同学（是我的问题呜呜呜呜呜）\n\n但完全不妨碍，我真的好爱杜正贞老师啊啊啊啊啊啊啊啊啊啊啊啊啊
161548,853,杜正贞,2022-11-08 15:02:22,0,1,1,老实人非常nice，不过作业真的超多超难
168217,853,杜正贞,2023-02-03 09:28:43,9,9,0,零基础外专业不自量力选了（对课名）感兴趣的模块课，爆肝一学期，最后得分只有70+，一个秋学期白干。但是不妨碍给杜姐打10分啊啊啊啊！！！老师超有气质，而且真的有极深的学术造诣。课程偏硬核但是如果想学真东西别错过啊！
171462,853,杜正贞,2023-03-25 03:24:16,3,3,0,讲台上闪闪发光的杜妈妈！！
172823,853,杜正贞,2023-05-08 02:27:39,0,1,1,能够深深地感受到老师读书之多以及在讲台上的魅力
172838,853,杜正贞,2023-05-08 06:21:20,0,1,1,中国历史的基本问题与研究方法（H）\n\n出分了 \n\n第一次在查老师上写评价\n\n老师是真的好老师 讲课是真的好 我这个对人文学科完全不感兴趣的人上过这个课之后也觉得历史是很有意思的\n\n老师是气质美女 第一次课上课五分钟我就坠入爱河了\n\n任务量中上吧 隔几次就有个讨论课 每次讨论课都要提前看书准备 不点名 但是讨论课老师会按着名单一个个点起来回答问题 平时上课有时候也会随机叫人回答问题 对于讨论课是一种很好的反卷方式 但是不去就会被抓到（泪）而且这课人很少 简直无处可逃\n\n最后考试会让你提前准备 但也不是把所有题都发给你 这次的考试有一道题是给的范围\n\n考试花了半天时间复习（这回和线代期中同一天考 双开太死亡了） 考试自我感觉答得还不错 给范围那道题考前复习到了 其他两道也好好准备了 最后4.5 （就是考试的时候写的手都要断了）
181665,853,杜正贞,2023-10-26 10:42:16,0,1,1,选就对了！
189020,853,杜正贞,2024-01-21 09:17:10,7,7,0,不是，仙女下凡啊
189767,853,杜正贞,2024-01-28 13:33:22,2,2,0,杜老师讲课很有逻辑，一般以问题为导向，以重要史料作为串联。老师是做历史社会学，人类学方向的，知识渊博!
191513,853,杜正贞,2024-04-24 05:57:19,1,2,1,很好的老师！上她的课真的受了很大的启发
191728,853,杜正贞,2024-04-29 05:40:47,1,1,0,讲课挺好嘟平时也不点名 但最后给分有点失望
217481,853,杜正贞,2025-04-11 03:56:39,0,0,0,先来占个坑 总的来说如果不是wjf和线代我会好好听的 并下载了很多资料（然后读不完）pre也用心做了^_^希望给分还行吧
217818,853,杜正贞,2025-04-17 03:12:21,0,0,0,非常好给分 使我春学期受伤的心获得治疗\n\n如果有空的话一定看她推荐的书
218076,853,杜正贞,2025-04-20 09:58:06,0,0,0,课程《中国历史的基本问题与研究方法（H）》\n\n本人成绩：93/4.8\n\n\n\n1授课方式：PPT授课\n\n2教学逻辑：以专题式学习为主，主旨是学会历史学的研究方法\n\n3课堂氛围：较沉闷，大家的课业压力比较大，而且对历史学的了解也不是那么专业，很多问题回答不上来\n\n4学术水平：可以看出老师对历史的研究很深入，ppt中有丰富的资料数据史实，专业水平毋庸置疑\n\n5师德师风：老师对学生的问题耐心解答，包容同学们的各种见解，甚至讨论课的时候明说自己没看文献也不会批判（当然可能会被老师记录在平时表现里，不过平常上课发言也会记录，老师还是很公平的）\n\n6考核与作业\n\n\n\n平常没有个人作业，不点名。但是课堂互动会按照点名册点人回答问题，翘课不可行。\n\n\n\n课程有两次讨论课，文献阅读量较大，但是如果只看了一部分或者用AI辅助阅读也没关系，重要的是态度。课程末尾有两次小组展示，还是比较重要且专业的（老师会为展示第一的小组准备奖品）。\n\n\n\n结课考核三部分：回答5个课程相关问题，共（5*200=1000）字；文献史料对比阅读与分析1000字，根据参考书籍/课程知识为洪武年代的卫所士兵/百姓写一篇人物传记1000字。都打印后最后一节课上交。\n\n\n\n【总结就是平常没事，结课忙死，但是只要认真对待，成绩不会差。】\n\n\n\n最后，这是第一次给一位老师写长评，老师对待教学是严谨认真的，对待学生是包容公正的，是一位优秀的老师。很可惜因为本身不是历史专业加上课业压力太大，个人没能更投入的学习。也希望老师工作顺利，学术更上一层楼！
2176,891,苏阿香,2015-04-05 02:22:17,-3,7,10,有点无聊。但老师人很好
15198,891,苏阿香,2016-01-12 14:55:59,-4,6,10,给分非常好，比较注重课堂的展示环节，演讲好的有高分
15604,891,苏阿香,2016-01-15 15:16:27,-4,5,9,老师人很好！也很美！
25773,891,苏阿香,2016-06-07 19:31:04,-3,9,12,绩点之神不解释！！！
65466,891,苏阿香,2018-01-04 06:48:03,-4,2,6,好温柔呀……好体贴
69258,891,苏阿香,2018-01-24 11:24:44,-6,3,9,作业比隔壁立构老师可爱多了，老师好人
69866,891,苏阿香,2018-01-25 14:24:52,-5,4,9,好好好，体谅同学
78946,891,苏阿香,2018-05-17 08:52:49,16,20,4,十分无聊
119084,891,苏阿香,2019-11-10 07:08:42,3,4,1,搞笑的老师 呵呵
132483,891,苏阿香,2021-02-02 02:05:01,1,2,1,老师很耐心，会去理解你的作品。
173425,891,苏阿香,2023-05-24 04:59:07,0,1,1,超级大好人！会照顾抑郁症的学生！
186044,891,苏阿香,2024-01-08 04:00:32,11,11,0,虽然不知道为什么是人文学院（难道不是艺术与考古学院吗），但真的太烂了，除了第一节课念了一次ppt，之后再也没上过课，宽于律己严以待人，每次课把学生强制喊道教室进行不知道怎么推进的小组讨论，自己啥也不做啥也不教，点名，要求巨多且完全没有专业性，我们专业老师虽然烂的各有千秋但是她烂的一骑绝尘
186067,891,苏阿香,2024-01-08 06:35:33,5,5,0,这是我上过最为失望的课程，不仅是对课程内容，更是对学校安排（听说把学校多门课程作业换成该改建比赛），从头到尾，只有第一节课半天的概念介绍和最后一节课的不停批判否定，中间几乎没有任何教授与引导。在这个学校，有些老师会让我觉得我永远不能追上他的脚步，有些老师会让我觉得这个学院的这个专业的要求也就那样了。我不是在否定之前同学对老师的评价，我只是说，为人师，和为人，多思虑些吧老师。
186071,891,苏阿香,2024-01-08 07:04:59,1,1,0,及其差劲的老师，只认定自己认定的歪理，说什么都不会听，最正确的回答就是啊对对对
189975,891,苏阿香,2024-02-05 03:32:15,2,2,0,出成绩奇慢无比
3704,901,黄擎,2015-06-17 02:31:35,26,33,7,很有活力，讲课生动，结合影视片段
33103,901,黄擎,2016-09-13 01:27:34,0,0,0,太爽了
34392,901,黄擎,2016-10-09 03:01:51,0,0,0,棒棒哒
36470,901,黄擎,2016-11-14 04:29:25,7,8,1,老师人很好^_^会推荐阅读书目 如果课前去看再听老师讲课的话会有更多收获
36479,901,黄擎,2019-01-04 03:57:43,7,8,1,老师讲的很好 感觉很有文学修养
36482,901,黄擎,2016-11-14 06:13:50,0,0,0,感觉很爽
36677,901,黄擎,2016-11-15 10:22:28,6,6,0,作为一个工科生，能够被老师所讲的内容吸引住，真心讲的好！老师的用词描述十分到位，言辞之间显得很有修养～
37028,901,黄擎,2016-11-17 07:05:09,-27,12,39,厉害了我的哥，每节课都去了，签到一次没落下，成功得了3.3分，呵呵
37094,901,黄擎,2016-11-17 11:24:32,3,4,1,老师语言组织能力很强，能让人静下心来体会文字的魅力
38018,901,黄擎,2016-11-23 07:06:53,2,3,1,老师本人就是研究文学的，讲课超棒，课上的小作业也满满的干货。给分也不错。不枉每周敢去西溪上课。
41031,901,黄擎,2017-01-08 12:57:57,13,14,1,老师超棒，给分也好，听课超级享受。虽然从紫金港马不停蹄赶去西溪累得够呛，上课想睡觉，但是听着听着就清醒了。很惭愧没有好好在课前看推荐书目。但是拿到了4.2超开心～干货多，事情挺少，就只有一次随堂测验写观后感和最后的测试，挺好拿分的。\n\n上课可以适当记点笔记啥的吧，老师公邮里面的课件比上课用的要精简一些，最后考试的时候有些题目是课件里出现过的。\n\n以及最后的测试里边有800字的大作文。\n\n老师好有气质呀呀呀人文底蕴足。
51858,901,黄擎,2017-06-13 00:48:06,2,2,0,看重思想的好老师。
61396,901,黄擎,2017-11-16 08:56:41,4,7,3,老师讲课改不错，会讲很多作家喝作品，但是由于课时少，整体进度比较快，最后成绩大概是考试主观性太大没发挥好？不错老师还是不错的?
61408,901,黄擎,2017-11-16 11:54:22,10,12,2,来给老师打call了!平时上课签到就有三十分，小测验占十分，最后的随堂开卷考试占六十分，就是几个填空题和一个八百字左右的赏析，写出自己的观点就好。老师人很温柔，讲的很仔细，会引用各种读者观点还会讲解一部分原文，认真听会有很大收获的。这门课是第一门出的成绩，满绩美滋滋。老师给分真的很好了。
61411,901,黄擎,2017-11-16 13:48:21,32,37,5,非常谦卑，总是在说，不好意思，谢谢。\n\n非常礼貌，各种同学都平等对待。\n\n非常平易近人，为学生考虑各种情况，但又不失公平。\n\n非常有修养，有内涵，每周从紫金港赶去听她一节小说鉴赏，超满足。
61459,901,黄擎,2017-11-17 11:42:52,2,2,0,虽然绩点爆炸 是因为自己本身文学素养低啦 作文水平惨不忍睹 但是老师很温柔 上课很舒服了 算是享受了吧\n\n
61478,901,黄擎,2017-11-17 14:11:14,0,0,0,老师讲的很好，仔细听的话会喜欢上这些书的，虽然是三节课却一点也不枯燥。
61496,901,黄擎,2017-11-17 16:25:40,8,8,0,老师很有人问底蕴呀，不会叫同学发言，每节课都要签到，课外事情不多，考试也是开卷，但是自己要有一定文学修养，最后是有800字赏析的。想听的会收获很多，不听的老师也不会怎么来管你吧，很好的老师，有很多自己的思想，我这个工科生能力不足，每次赶去西溪上课，但感觉最后结果不错呢，也更加了解了平常不太熟悉的一些作家，挺不错的老师
61658,901,黄擎,2017-11-20 01:31:38,4,4,0,老师讲课很棒呀，上课氛围很好，对很多作家和作品有了新的认识，给分也很好
61784,901,黄擎,2017-11-21 02:08:14,3,3,0,老师讲得超级棒，一次小测试一次课堂上的最终考试，到课一次10分哦，所以别旷课呀总体给分不错，不是特别累的课
65083,901,黄擎,2017-12-28 14:16:06,0,0,0,老师人很好，声音很温柔，理科生也收获蛮多的
65364,901,黄擎,2018-01-03 11:15:48,6,6,0,很有涵养的老师，讲课娓娓道来。可是，每节课都超认真的做笔记，最后的文章也认真写了，只有3.6呜呜呜呜呜 被正太了
89145,901,黄擎,2018-11-16 05:05:05,3,3,0,很好哟
89854,901,黄擎,2018-11-21 04:41:53,22,22,0,黄老师是位非常负责任的老师，老师的讲课热情将我们带入一个个精彩的小说王国，领略名家的魅力。这门“低定”才选上的课后来竟然还有人退课，我只能说他们亏大了。尽管每周三都要从紫金港赶到西溪，但结课后的我心里甚至有些空落落的，还想继续听老师讲课。\n\n事少、分高、干货十足、老师负责、可水，（但我觉得认真听才对得起老师的精心准备，还有从港到西溪的奔波）。强推这门课！建议大家提前阅读参考书目，哪怕每位作家只读一篇代表作，上课就能产生共鸣。
89905,901,黄擎,2018-11-21 08:01:54,2,2,0,老师文学功底超棒，工科生学到了好多。跑西溪辛苦点，但可以接受
92063,901,黄擎,2018-12-25 23:52:58,0,0,0,很好的老师呀，而且课堂上也挺放松的，不绩杀事情也不多
94317,901,黄擎,2019-01-16 06:19:59,1,2,1,一个小时不吃饭赶到西溪有点辛苦，但课很值得听，老师安利的书也很有意思。就是给分略迷，书读得没我多的同学比我高0.9是我考场作文偏题了吗?
110324,901,黄擎,2019-06-25 15:49:40,0,1,1,听课体验还是很好的，老师很有文学素养，学到了很多。虽然我的绩点不是很漂亮，还被卡绩了，但是我知道这真的是因为我自己菜，也希望老师以后的评分方式对理工学生友好一点吧。
110370,901,黄擎,2019-10-31 05:09:06,-7,4,11,讲得还行，最后4.2有点点不满足。。。
110412,901,黄擎,2019-06-26 12:22:47,3,3,0,好喜欢黄老师啊，很温柔，很有知识。虽然去西溪有点累，但是绝对值得。对老师上课说的作家以及作品有了更多新的认识，因为要写课程论文所以又去看了一遍《边城》，那句“爷爷，你的船也在下青浪滩吗”真让我心的沉了好几下555555
116236,901,黄擎,2019-09-06 12:02:58,0,0,0,学到很多 对于喜欢中国现当代小说的人来说真的是一门收获满满的课
117154,901,黄擎,2019-09-20 02:06:53,2,2,0,听黄老师上课实在太舒服了，可以说是激情澎湃而不失娓娓道来，我太爱她了。
118984,901,黄擎,2019-11-09 02:56:10,6,6,0,我爱黄老师，求大家选小说赏析。老师人很谦逊，讲课逻辑很清晰，语言很美，听起来超级享受。上完课后，会觉得看小说不能再只是打发时间，也完全不应是高中应考那种解剖般地生硬解读，能获得一种欣赏的视角。就像老师说的“选择即是温度”，小说赏析给我的美学享受我觉得很棒。谢谢黄老师！
119413,901,黄擎,2019-11-12 23:43:26,3,3,0,老师真的太温柔有礼貌了，很幸运在紫金港学到了老师的课，辛苦老师来回奔波，绩点也很满意，只要认真写论文，总会有回报。吹爆老师的课，每次下课忍不住全员为老师鼓掌。
119427,901,黄擎,2019-11-13 00:30:53,0,1,1,课上有关文本分析都部分固然很好，但是时间太长了，建议适当控制一点时间，多讲讲理论…老师还是很谦和温柔的学者。
119434,901,黄擎,2019-11-13 00:54:51,0,0,0,被正态了……\n\n当然老师课上的很好
119439,901,黄擎,2019-11-13 00:58:35,0,0,0,相当于出分还愿吧，老师很温柔，我好几次忘记一些事情问她总能耐心回答，我最后结课的时候写的赏析很粗糙，但是依然4.5很出乎意料，真的很不错
119444,901,黄擎,2019-11-13 01:08:36,0,0,0,听老师讲了很舒服
119445,901,黄擎,2019-11-13 01:10:36,0,0,0,听老师上课真的是一种享受！！每节下课都忍不住鼓掌！！个人感觉自己论文写得一般，最后绩点超出预期！！是不后悔选上的通识课！！！
119449,901,黄擎,2019-11-13 01:35:47,0,0,0,老师非常好，奈何我不好?
119466,901,黄擎,2019-11-13 02:43:59,0,2,2,现当代小说鉴赏真的体验感极佳！！！
119469,901,黄擎,2019-11-13 03:09:24,0,1,1,真的很棒 正态也是没办法 讲的是真的好 真的温柔
119507,901,黄擎,2019-11-13 06:49:40,1,1,0,老师讲课好，奈何我不好?被正态了也没办法，老师真的棒！
119509,901,黄擎,2019-11-13 07:06:08,0,2,2,被正态。。。
119520,901,黄擎,2019-11-13 08:14:04,2,3,1,出分快，老师优雅有气质。上课的时候小说片段赏析很细致，老师也会分享她自己的看法，赏析思考的角度常常给人启发。有时还会结合影视剧和广播剧进行赏析。虽然赏析前的文学常识没记住多少，但是对理解作品有了整体的背景感知。
119534,901,黄擎,2019-11-13 10:30:13,1,1,0,非常好 情不自禁鼓掌?
119579,901,黄擎,2019-11-14 02:00:18,2,2,0,是真的很好的老师！大概作为人文学者的谦逊平和又思想自由就是这样的感觉吧，老师讲课很棒，尽可能给我们讲得更多一点。结课赏析选了金锁记，我想啊，那可能就是月亮。
120139,901,黄擎,2019-11-17 23:54:32,5,5,0,老师很有气质，娓娓道来，甚有意趣。如果你热爱小说阅读，这门一定适合你。老师很博学，曾经远赴韩国授课，博士论文的主题也让我惊叹不已。张爱玲小说迷们，想要听老师现场解说张爱玲的小说吗？就快选吧！！老师给分也很不错，期末事情并不多，这样的选修课上起来特别惬意。
127713,901,黄擎,2020-11-26 03:26:54,0,1,1,想过躺着就行，想拿高分得很认真，不说了又是被正太的狗一枚
131503,901,黄擎,2021-01-27 21:49:21,7,7,0,进入浙大以后感觉最好的老师
134842,901,黄擎,2021-04-18 13:40:27,1,1,0,每周往返一次西溪校区就为了黄老师这节课 非常非常值得
144399,901,黄擎,2021-12-21 10:51:28,2,2,0,好棒的
152590,901,黄擎,2022-04-15 10:52:37,0,0,0,听了老师的课很有收获！老师做事情很认真仔细，消息秒回！
153115,901,黄擎,2022-04-25 15:23:18,0,1,1,呜呜呜，老师真的好好，因为我的成绩不是很好，比较着急，没注意十一点多给老师私信，问她我的论文修改意见，真的是很快就回了，指出来一些错误，真的太好了吧。都冲啊
153247,901,黄擎,2022-04-27 05:34:09,1,2,1,老师上课太精彩了
172137,901,黄擎,2023-04-20 08:24:59,2,2,0,满分，没毛病
172808,901,黄擎,2023-05-07 15:02:50,2,2,0,有幸同时上了黄擎老师的文学理论和中国现当代小说赏析，黄老师是我在浙大遇到的第一位愿意给我的课程论文提修改建议的老师TT耐心、温柔、知识渊博，钉钉消息几乎都是秒回，上课也非常有水平，太感谢老师了，给分也超好！
173643,901,黄擎,2023-05-31 03:24:58,3,3,0,老师真的太好太好了。在职业选择方面有一些想要咨询黄老师的问题，试着给她发了邮件，老师很快就回复了。虽然老师身体有些不适，但还是告诉我可以钉钉私信她，我私信后她发了语音非常认真地解答了我的疑惑。真的很感动很感动，第一次在大学感受到了老师带来的温暖。“所谓大学之大，非有大楼之谓也，乃有大师之谓也。” 在黄擎老师身上，我感受到了身为老师对学生发自内心的尊重和关切，这才是真正的好老师。（写到这里居然有点想哭。）最后，祝黄老师早日康复，健康快乐地度过每一天！！！！！！
181168,901,黄擎,2023-10-10 12:38:35,2,4,2,很喜欢讲那10年，很喜欢讲。
182058,901,黄擎,2023-11-09 07:01:12,1,2,1,老师很好，课质量很高，值得一上，高中语文老师讲课，都集中于讲知识点，碰到黄老师声情并茂地讲小说，实是一种享受。\n\n比起这个，这课事少，可摸鱼都算不上什么突出的优点了。
182503,901,黄擎,2023-11-16 16:30:44,0,1,1,出分了，来评价一下，老师讲课讲得特别好，引人入胜，被安利到很多作品，不过我是水一会儿听一会儿那种，没听课的时候是在看这节课涉及到的文学作品，上大学以后很少看书了，这门课给了我一个看书的契机，每周从zjg赶去西溪也值！\n\n        老师每节课都有纸质签到的，就算没签到也很值得去听，我觉得黄擎老师的课不像其他通识课，结合历史和作家生平以及一些有启发意义的作品其实更像心理+生涯规划（个人感觉），真的特别符合我过去对大学课程的期待，虽然我是工科生。\n\n        课程考核方式是一次小测一篇期末赏析，事情很少。小测赏析一篇文章，不用准备，我是谈自己的想法，没有按高中阅读理解那样答题（因为一直很讨厌这种模版套路，都大学了我要反抗（bushi）），分数也不低。老师推荐的优秀小测答题感觉是高中学过政治或者人文社科选手答的，对我来说还是太超前了点…期末赏析一篇老师给定范围里的作品，这个前两三周就会布置，可以提前准备，3000字左右就OK。\n\n        总之老师讲课好事少给分高，还等什么，速选！！
182626,901,黄擎,2023-11-18 12:12:22,4,5,1,每节课都有写名签到，上课没听，后期有一个小测，随便写的，期末赏析论文没有什么新立意但是原创，最后4.2，总评：这门课中规中矩
184097,901,黄擎,2023-12-08 15:51:19,3,4,1,黄老师认真负责、尊重学生、会从学生的角度去考虑事情，真的是太好的老师了！！！
184525,901,黄擎,2023-12-21 11:27:44,2,3,1,真的特别特别特别好的老师 每周从紫金港极限一小时赶西溪也特别值 虽然下午的课有时候有点困 但是黄老师永远热情真诚的分享真的让我不敢打一点瞌睡 爱文学的孩子速速速速入 不爱的也入 上了你就爱 有点后悔没跟人品学术双高的黄老师合个影 下次不知道还有没有机会了
190164,901,黄擎,2024-02-24 06:53:35,0,1,1,很知性优雅的一位老师。每周一次往返西溪和紫金港完全值得！一扇文学大门豁然洞开的感觉\n\n上课娓娓道来，选取的段落和对内涵的剖析都很深刻。有些时候会抛砖引玉，剩下一些让大家自己去思考探索。\n\n可以把结课作业提前拿给老师看，她会给出修改意见。钉钉也几乎秒回，绝赞！\n\n给分也不错，感觉被捞了（嘿嘿）\n\n总之就是非常推荐（还是美育课啊这不冲吗）\n\n\n\nPS：线下表格传递签名签到，接近结课有一次指定段落赏析小测，结课作业会一开始就布置（一篇3000字的赏析文）
193158,901,黄擎,2024-06-04 05:31:45,1,3,2,很温柔很有气质的老师～普通话很标准，上课赏析文学作品的时候也很自然流畅，可以收获到很多！先后上了黄老师的现当代小说赏析和文学理论，强推前一个，可听可水！虽然最后给分被卡绩了……文学理论过于抽象了不建议外专业来选。
196694,901,黄擎,2024-07-04 19:40:20,-3,3,6,文学理论给分烂，还卡绩
218336,901,黄擎,2025-04-22 16:28:13,0,0,0,非常认真温柔有思想的老师，把文学鉴赏变得更平易近人，通过这门课让我被很多小说吸引，给分也很好，谢谢老师
32596,912,盘剑,2016-07-08 03:22:43,0,0,0,还好吧
54580,912,盘剑,2017-06-29 17:16:01,0,1,1,什么鬼，把我给挂了?
81378,912,盘剑,2018-07-05 02:50:22,-7,3,10,影视学子来表白盘老师 考试不难给分好 上课看片美滋滋
109653,912,盘剑,2019-06-18 07:18:57,6,9,3,看电影很快乐。但是强制发言真的无语=_=占比还大，一次五分。举手么不抽的。何必呢，布置一点平时作业不好吗，考勤也行啊，强行发言有些说的根本没有意义。\n\n这种形式真的太烂了。\n\n
110470,912,盘剑,2019-06-27 04:14:16,4,4,0,老师？？发言满了，最后考试每道题都答到点了，为什么绩点给的这么低呀？？\n\n您是不是没有跟人文学院的老师连网，专业课是不用正态的呀？？
110502,912,盘剑,2019-06-27 07:33:13,6,7,1,批卷有点迷啊，平时分应该满了，考试觉得自己答得ok，分数怎么就能这么低。
110503,912,盘剑,2019-06-27 07:37:18,4,4,0,让雷劈死我吧!
110701,912,盘剑,2019-06-28 04:56:25,2,3,1,老师……我发言五次以上……考试觉得都做对了，并且考完兑了一遍ppt，基本答的都是全对的……卡绩是为什么……那么低是为什么呢……
116257,912,盘剑,2019-09-06 16:32:13,1,3,2,老掉牙的影视理论，考核方式太刻板，给分不科学。
156255,912,盘剑,2022-06-18 13:34:21,3,3,0,老师真的很和蔼呜呜呜呜呜
156257,912,盘剑,2022-06-18 13:35:57,-1,2,3,发言也就说说自己的想法就好了也并不是很难。考试就按照ppt好好复习一遍就可以了。老师给分其实很好呀
171348,912,盘剑,2023-03-22 06:45:34,0,1,1,没什么激情的课堂，节奏比较拖沓，本来很期待影视艺术的，有点失望
175276,912,盘剑,2023-06-23 06:53:15,0,0,0,每节课都点名，改卷很迷，大绩杀
193514,912,盘剑,2024-06-12 06:20:16,0,1,1,课程内容深度不够，给分，就那样吧
193987,912,盘剑,2024-06-21 07:57:08,0,0,0,平时分考勤+发言，基本上都能满，老师对大家的发言很包容，也会给点评，感觉这样的大课不发言不讨论也不合适\n\n会看片，挺有意思的，发言一般就围绕影片来\n\n老师人挺和蔼的，说实话有点宅男气质，i人的感觉，讲话比较慢，课的内容很中规中矩，就是他自己书上的东西\n\n给分一般吧，可能要看个人，我感觉自己还行，平时分也满了但是不太高……
194031,912,盘剑,2024-06-21 13:07:51,3,3,0,感觉给分蛮好嘿嘿嘿，也许是我平时比较积极？\n\n老师人挺不错的\n\n平时拿满平时分＋期末认真复习 分数不会差！
196020,912,盘剑,2024-07-01 07:18:59,8,9,1,很认真的老师
204080,912,盘剑,2024-11-24 01:52:44,6,6,0,盘老师人超好的
209952,912,盘剑,2025-01-07 14:21:11,5,5,0,很好的老师
73,916,陈玉洁,2015-03-14 15:39:11,15,25,10,讲课很棒，年轻，严谨，诚恳，公正，很幸运现代汉语是她上的。因为她觉得语言学也蛮有趣的～
20210,916,陈玉洁,2016-01-26 14:04:38,3,12,9,非常萌的老师，讲课很有条理，现汉卷子出的全是复习重点，简直让人大呼良心
20262,916,陈玉洁,2016-01-26 18:01:46,-13,8,21,只能说  呵呵
41693,916,陈玉洁,2017-01-12 11:03:45,5,7,2,鼓励大家创新，没有标准答案，尊重学生提出的每一个问题\n\n
41764,916,陈玉洁,2017-01-12 14:05:18,5,8,3,老师心态很年轻，对学生很好，上课不强求那些死记硬背的语言学知识，而侧重对于身边语言学现象的思考的启发。推荐！
41765,916,陈玉洁,2017-01-12 14:05:51,3,10,7,玉洁姐姐满绩小天使?\n\n很年轻很优秀的老师，上课的时候不按照书来，更多是教我们语言研究的方法和思想，鼓励创新。\n\n考试的时候只要好好看笔记和PPT就没问题哒，重点都在上面
41785,916,陈玉洁,2017-01-12 14:48:49,9,15,6,【现代汉语】讲课很细致认真，讲的很慢。考试都是平时讲课的重点，笔记很重要。给分好
52552,916,陈玉洁,2017-06-21 03:37:45,8,11,3,简直不要太赞
66805,916,陈玉洁,2018-01-23 16:48:35,-17,6,23,不要上
66891,916,陈玉洁,2018-01-19 08:26:30,5,8,3,em。。。。非常认真，上课不水，然后经常鼓励我们独立思考，不以书本和学界原有观点为准，感觉一个学期下来学到了不少东西。\n\n
67902,916,陈玉洁,2018-01-22 09:21:25,5,7,2,讲得生动明白，三节课也感觉过得超快~考试都是平时上课的重点，给分也很好。哎总之很爱陈老师啦啵啵啵
73127,916,陈玉洁,2018-02-01 03:18:17,4,6,2,老师讲课很棒。。。。不知是我论文没写好，还是期末没考好，分数很低。。。。。。。。。。。。啊啊啊啊啊啊啊啊。。
87239,916,陈玉洁,2018-09-26 03:58:34,5,5,0,老师也太可爱了！！！我爱陈老师
94539,916,陈玉洁,2019-01-17 07:13:32,1,5,4,讲课好but题目有点难...可能现代汉语普遍给分低吧我绩点滑铁卢啊……
94547,916,陈玉洁,2019-01-17 07:31:06,5,10,5,讲得很好，可惜给分……唉
94549,916,陈玉洁,2019-01-17 07:39:08,7,8,1,陈老师真的超级好！超级棒！听她的课，收获真的很多！而且很乐意和同学们交流，尽管很忙也还是会抽出时间来给我们改论文！真的真的非常棒！！给分也很公正，只要好好听课了，是能学到很多并且有好分数的！陈老师是真的小天使！我爱陈老师！！
94583,916,陈玉洁,2019-01-17 09:03:11,5,5,0,陈老师真的是小天使吧！上课特别认真，不按课本来，鼓励大家有新的思考，尊重大家的问题，给分也很严谨。（一定要记好笔记啊平时）
94584,916,陈玉洁,2019-01-17 09:04:02,7,8,1,老师很学术 很严谨 很细致\n\n但是现汉很难临时抱fojio…想要高绩点真的要平时好好下功夫啊。嘤
94619,916,陈玉洁,2019-01-17 12:00:25,9,10,1,给陈玉洁老师比心(⑉°з°)-♡\n\n老师上课偏重语音词汇和语法，注重分析，课堂氛围很好\n\n人也超级可爱啊，经常讲段子hhhhh剩男剩女谁都看不上分析语法也太好玩了\n\n鼓励学生自己提问思考 ，对思维方式很有启发，上课很有收获\n\n感觉自己论文写的很糟糕，拿给老师看，被鼓励了超级开心的\n\n因为陈玉洁天使老师超级喜欢语言学\n\n今年可能因为学校要求还是一起出卷什么的可能和其他老师对比卷子有点难?虽然分不是很高，不过觉得还是很公正的\n\n总之想给中文系的同学们疯狂安利陈玉洁老师(ღ˘⌣˘ღ)选了不吃亏，选了不上当\n\n
94786,916,陈玉洁,2019-01-18 06:39:57,2,7,5,讲得挺好的...可惜给分没有师生情
125670,916,陈玉洁,2020-09-13 00:40:28,0,2,2,好好好
130441,916,陈玉洁,2021-01-22 11:05:33,0,4,4,老师还是挺好的！很细心负责，上课讲得很细致所以比较慢，但是考试的重点都讲到了，所以不用慌！如果期末作业交得早，会提出修改建议什么的。最后，试卷改得真快！当天出分！
130457,916,陈玉洁,2021-01-22 13:32:46,-1,3,4,外专业选手来评论一波～\n\n上的是现代汉语～绩点是3.6/5 81/100 算一般吧（如果是的话x\n\n老师平时上课很有趣，讲的例子也很浅显易懂！（虽然我平时没有每节课都认真听 但是最后两节课讲语法还是听了的，对期末考帮助很大！\n\n考试的内容基本上都是老师讲过的ppt里提到的东西，因为和马原考试撞到一起了，只最后只复习了一晚上的ppt，3.6还算是很满意啦（咸鱼\n\n外专业选手论文写得蛮痛苦的 嗯 一下午速成x\n\n总之就是老师很好！！！！！
148247,916,陈玉洁,2022-01-12 03:28:38,-7,4,11,很耐心 很温柔 给分很好
148296,916,陈玉洁,2022-01-12 05:42:34,0,3,3,陈老师是小天使上课可以学到很多东西！而且老师真的很喜欢语言学！！！课上也不是纯粹的学术，老师对生活中的语言学现象也会有讲到，玩梗什么的老师可太会了！！！
166580,916,陈玉洁,2023-01-13 01:49:45,0,2,2,老师上课会更加注重语言学思维，不会按照教材顺序讲课本上的知识，但准备好笔记本跟着ppt走就好，期末范围都是上课讲过的内容，给分也很不错~
166673,916,陈玉洁,2023-01-13 08:05:09,-1,0,1,很全面，好好复习的话分还好
166830,916,陈玉洁,2023-01-14 00:52:40,0,0,0,好老师，上课内容比课本有所拓展，但考试范围都是讲过的！
186931,916,陈玉洁,2024-01-13 15:16:01,1,1,0,还没考试先来评分，老师上课干货很多，而且教得很活，课堂很有意思！
187465,916,陈玉洁,2024-01-16 09:02:50,0,0,0,老师讲课很好，能收获很多。
187494,916,陈玉洁,2024-01-16 10:54:51,3,5,2,实在真的没有那么无语过，复习了很久很久，书上的东西全整理，她讲的智云全都看了一遍，论文也很认真地写了，真的没想到会是这样的一个老师。上课挺混乱的，很难抓到重点，但还是努力复习找知识点，结果呵呵呵呵，遇到了就走吧我只能这么说
187503,916,陈玉洁,2024-01-16 11:53:41,4,4,0,老师人很好 经常问她问题 但是好像不太知道浙江大学的打分是怎么打的
187508,916,陈玉洁,2024-01-16 11:58:36,-1,0,1,老师人看着很善良 但是给分很差 课基本一节不落的去上了 论文认真写了 复习了很久 还抽出了时间再看了一遍智云 结果只有3.9 老师非常求是 一点也不会调分\n\n上课讲的内容不清楚 而且前后说法自相矛盾 经常一个知识点翻来覆去的讲好几遍 所以课程知识量很少 甚至还不如两节课时的语言学基础ppt也很乱 对一个内容的定义需要自己去整理
187632,916,陈玉洁,2024-01-17 02:29:15,4,4,0,老师讲得很好，但是给分让我心碎
187819,916,陈玉洁,2024-01-17 13:55:12,2,2,0,玉洁老师人是很友善的，但给分着实令人有些心碎。\n\n我欲令之，“求是”特聘教授（无恶意）。老师是不会捞人的，期末卷面考出来多少就是多少。其实看到成绩的时候还是多少有些讶异和伤心的，因为在这门课上确实花了不少精力，课是认认真真听的，笔记是认认真真做的，考试也是切切实实对待的，但最后成绩还是有些让人伤心的。希望老师以后再课上能略微少一些漫延，对于具体考点的论述最好能更明确一点点。祝愿之后的汉皇们认真对待这门课，多和老师交流吧。
194493,916,陈玉洁,2024-06-24 06:46:49,0,0,0,真的很好
207028,916,陈玉洁,2024-12-19 04:20:22,0,0,0,老师特别特别可爱，课也上的超级好哦
212415,916,陈玉洁,2025-01-14 03:21:00,1,1,0,老师学术水平很高，讲课的过程中不可避免地会拓展到一些比较深的问题，因为老师喜欢上现代汉语这门课了
216323,916,陈玉洁,2025-03-13 09:20:51,0,0,0,想你了
3068,966,窦怀永,2015-05-13 11:30:58,25,47,22,老师是有认真上的，虽然课程可能比较水，给分不错，推荐有兴趣的同学选，期中期末各一篇论文
6484,966,窦怀永,2015-07-14 10:19:02,0,5,5,非常有趣，很逗\n\n
6506,966,窦怀永,2015-07-14 13:18:19,1,8,7,老师上的很认真，给分也不错
8634,966,窦怀永,2015-09-23 11:27:39,8,15,7,期中期末论文各一篇 老师人很有趣
8636,966,窦怀永,2015-09-23 11:34:46,68,80,12,太逗了，已经受不了啦。（我是上着他的课评论的）。选他的课听听吧，挺有趣的。
9754,966,窦怀永,2015-11-08 09:29:34,1,6,5,老师很有趣，很有内涵，有文化～但是偶尔没事就喜欢点点名
10392,966,窦怀永,2015-11-18 11:32:21,0,3,3,很有趣
10651,966,窦怀永,2015-11-21 12:38:22,18,36,18,给分不错嘛？
10762,966,窦怀永,2015-11-23 04:51:06,9,15,6,课好听
10845,966,窦怀永,2015-11-23 07:06:01,7,10,3,这么有趣的课，不去是损失啊啊啊！！！坚挺！
11161,966,窦怀永,2015-11-25 01:25:30,1,20,19,给分差
11163,966,窦怀永,2015-11-25 01:50:20,1,6,5,论文要求不高
11445,966,窦怀永,2015-12-01 10:40:14,6,10,4,逗是真的 但有的时候莫名在拖延时间
11611,966,窦怀永,2015-12-08 01:04:28,20,22,2,比较逗，但是非常不喜欢学生在底下讲话，会发飙。作业论文注意错别字和语句通顺，给分还行。
11656,966,窦怀永,2015-12-09 11:49:27,10,13,3,老师会懂你是否用心～ 上课多表现自己 好好写论文
12867,966,窦怀永,2015-12-24 07:06:05,1,3,2,老师很幽默，但是需要真的认认真真听，作业就是两篇论文，期中期末，我的绩点是我自己作死→_→
14375,966,窦怀永,2016-01-06 14:42:36,4,10,6,开玩笑没有度
17466,966,窦怀永,2016-01-20 08:54:24,-2,2,4,认认真真写论文 每节课都到 然后被正态了……
17613,966,窦怀永,2016-01-20 13:30:17,-2,1,3,老师很幽默~浙大第一水课~每次点名都在论文好好写最后做一下ppt绩点应该不会低的~
17649,966,窦怀永,2017-12-29 09:31:55,10,11,1,坐在第一排的我天天写作业玩手机然而老师大度的无视了我
17761,966,窦怀永,2016-01-21 00:26:12,2,10,8,讲道理的话 每次上课都去 期中期末论文都交了(认真写了两天) 最后绩点3.3我真是没看懂 刷历史新低 想水水拿高分的还是别选了
17801,966,窦怀永,2016-01-21 01:55:43,0,0,0,老师人很好，讲得好，给分也好。
17850,966,窦怀永,2018-09-14 07:26:26,14,21,7,避讳文化上的不好 翻来覆去总是讲重复的东西 老师说话有点绵里藏针
17997,966,窦怀永,2016-01-21 05:41:29,0,4,4,事多 给分差
22029,966,窦怀永,2016-03-02 06:11:24,-2,7,9,很好很好，我4.5哇咔咔
24492,966,窦怀永,2016-04-30 16:09:32,1,11,10,谁说给分好的！差的不要不要！每节课都来，论文写的不要太认真，为什么不上4……果然写论文的课不太公平……
24787,966,窦怀永,2016-05-03 15:20:24,2,3,1,上课有点无聊啊，写论文给分不确定性太大了
25669,966,窦怀永,2016-06-01 07:25:30,1,3,2,避讳文化不好…非常喜欢点名，点名的同时还喜欢数人数 感觉是因为没什么东西可以讲而故意拖延时间。 避讳文化翻来覆去就炒前两节课的冷饭。
25831,966,窦怀永,2016-06-10 19:48:14,16,17,1,非常不错的老师，竟然会看学习帝的评论。。。
29687,966,窦怀永,2016-06-30 07:42:42,1,1,0,老师蛮负责的 生病还坚持上课 很认真对待学生的
29691,966,窦怀永,2016-06-30 07:51:29,4,6,2,个人觉得老师给分挺好的 中国古代避讳文化 就一次论文 最后一节课有加分展示 但我没做 绩点4.2！
29710,966,窦怀永,2016-07-06 06:42:32,7,8,1,老师很好的，让我通识第一次上了85，要是多给一分就更好了
29736,966,窦怀永,2016-06-30 09:08:06,-32,1,33,给分很好...差一分满绩有点小失落233
29793,966,窦怀永,2016-06-30 10:20:02,1,1,0,脸太黑，上4就已经很满足了。
29816,966,窦怀永,2016-06-30 10:52:42,3,4,1,老师上课很认真，幽默也有干货，论文好好写还是很重要的，最后的PPT最好还是做一下，会有加分，我当时做PPT比较晚，做好之后匆匆忙忙去上课，来晚了，就没有展示PPT 因为展示的同学很多。比较尴尬的就是PPT重复的很多，照搬照抄论文很明显，希望老师可以注意一下，否则真的没有意义。
29911,966,窦怀永,2016-06-30 13:31:25,7,9,2,男神，不管给分怎么样真的很可爱(๑• . •๑)上课很有意思。不管理工还是文的同学真的都适合一听。就当消遣也能收获很多!
30242,966,窦怀永,2016-07-01 06:32:52,1,1,0,非常逗的一个老师，上课幽默风趣，棒棒的，给分也蛮不错的～
30651,966,窦怀永,2016-07-02 06:49:55,4,11,7,"1.很喜欢点名，经常上课途中点名\n\n2.喜欢说笑话，但是某些笑话反而会造成尴尬的氛围，讲道理并不是一个真的善于说笑话的老师\n\n3.最后一节课展示非常多重复，而且内容有些无聊\n\n4.老师自己说的：“85分以上就很高了…"""
34793,966,窦怀永,2016-10-23 08:17:15,4,8,4,一般般，上课还行，有点搞笑，但是给分不好，每节课都来，论文又认真写，作为通史已经是我低的极限了……不敢置信。\n\n只能说，写论文很容易不公平。
35691,966,窦怀永,2016-11-10 07:46:03,0,1,1,课真的非常非常精彩，内容算不上深入，但认真听能收获很多
35710,966,窦怀永,2016-11-10 07:50:39,0,1,1,很幽默，干货很多～\n\n推荐推荐
37518,966,窦怀永,2016-11-19 08:37:23,4,5,1,课确实是挺水的，但是给分很不错，只要两篇论文好好写，平时都到的话，应该没问题，老师会不定时点名，尤其喜欢在下雨好多人翘课的晚上，2333，还有就是不喜欢有人在下面叽叽喳喳。
37528,966,窦怀永,2016-11-19 09:01:06,1,3,2,均绩其实一般吧。不过我喜欢老师说话绵里藏针。
37533,966,窦怀永,2016-11-19 09:23:44,0,4,4,给分超级差
37538,966,窦怀永,2016-11-19 09:53:01,2,3,1,这是一个会查老师的老师...把无聊的敦煌讲成这样挺不错的了，给分还好
37545,966,窦怀永,2016-11-19 10:22:07,3,3,0,挺好的，幽默风趣
37620,966,窦怀永,2017-12-28 05:00:27,1,2,1,很有趣的老师，课程也比较轻松。给分超级好～
37668,966,窦怀永,2016-11-20 04:43:40,1,1,0,感觉很多人上课都没认真听，个人觉得远了这门课好好听是会有收获的，也学到了很多东西。
37681,966,窦怀永,2016-11-20 05:49:54,0,0,0,。。。。。。
37947,966,窦怀永,2016-11-22 07:16:42,18,19,1,我觉得丝路花雨最有趣
37959,966,窦怀永,2017-12-22 11:53:55,8,9,1,老師講得蠻棒的，一直坐在第一排的我覺得這門課還是值得聽，將敦煌講得蠻不錯。一學期兩篇論文，看論文與點名，也就是說可以水。老師本人很有趣，有時不時的小幽默，無論得多少分我都是心甘情願的。
38305,966,窦怀永,2016-11-29 15:51:12,0,0,0,被点了
38619,966,窦怀永,2016-12-12 12:52:43,0,4,4,避讳4.5，敦煌4.8，老师绝对不坑，水课中的最佳选择
39216,966,窦怀永,2016-12-21 15:44:22,1,1,0,因为向往敦煌而选了窦老师的课，而满腹经纶、幽默负责便是窦老师给我最深的印象。蟹蟹你，让我更加神往敦煌！
40252,966,窦怀永,2016-12-30 15:15:41,0,0,0,听故事的感觉
40644,966,窦怀永,2017-01-04 12:34:49,0,1,1,有些玩笑过分了
43841,966,窦怀永,2017-01-17 04:55:56,-2,1,3,老师人蛮不错的。上课认真听可以学到不少。分数和付出是成正比的。不要缺课，论文好好写，上四还是可以的。
43878,966,窦怀永,2017-01-17 05:29:35,0,0,0,挺有趣的\n\n
43881,966,窦怀永,2017-01-17 05:30:10,0,1,1,老师很好 很和蔼 给分也很棒 论文好好写
50103,966,窦怀永,2017-04-30 00:44:40,0,0,0,上课比较有趣，难得不水
50180,966,窦怀永,2017-05-01 01:29:05,0,0,0,想水也没事的课。
50194,966,窦怀永,2017-05-01 06:05:31,-7,4,11,如果有负分我一定给负分，总是讽刺人，和他争论会被怼的抬不起头，而且你要是输了做好被正太的准备。睚眦必报。
50202,966,窦怀永,2017-05-01 07:29:37,2,2,0,炒鸡棒的老师
50217,966,窦怀永,2017-05-01 11:30:27,0,0,0,窦老师的两门课都上了 个人觉得敦煌讲的更好更有趣 避讳比较水 给分都不错
50222,966,窦怀永,2017-05-01 13:11:33,0,0,0,还可以，挺有趣的。
50558,966,窦怀永,2017-05-03 12:28:30,0,1,1,很幽默~事不多~分也可以~喜欢他ヾﾉ≧∀≦)o
53120,966,窦怀永,2017-06-26 02:53:17,0,0,0,我觉得他的敦煌比避讳文化要好。
54858,966,窦怀永,2017-06-30 10:22:14,0,0,0,觉得讲的还不错（但是并不觉得逗）  但是 给分？？说好的给分好？？
57431,966,窦怀永,2017-07-07 16:05:32,0,0,0,好老师，有点幽默
58688,966,窦怀永,2017-09-15 01:23:49,0,1,1,老师是蛮幽默的但是脾气不好把握，一直坐前排上课也有专心听，成绩4.5，一起都还好，只是上课的时候有一个特别闹的学生，老师竟然一直纵容，还陪他闹，这就很无语了\n\n那位同学实在是很烦，努力刷存在感，就像以前小学中最讨厌的那种人，还自以为幽默
59260,966,窦怀永,2017-09-20 11:37:54,-1,0,1,哈哈哈哈哈哈的感觉
60622,966,窦怀永,2017-10-25 10:35:28,0,0,0,超有趣，几乎每次课结束都有掌声
62317,966,窦怀永,2017-11-24 07:27:13,1,3,2,对于想要水课的同学来说这是一门最好的课，对于想要了解敦煌的同学来说这也很好，没有考试很舒服，最后论文认真写，不缺勤绩点还可以。
62331,966,窦怀永,2017-11-24 08:35:55,3,4,1,特别逗的老师，能学到不少东西。但人比较较真，期待高绩点的同学还是慎重一点。毕竟有正态。
62399,966,窦怀永,2018-01-23 08:25:44,1,3,2,水，没听过，随便写写论文，给分也可以了
62487,966,窦怀永,2017-11-25 12:04:52,5,6,1,论文，好好写
62824,966,窦怀永,2017-11-27 05:50:40,0,1,1,上课无所谓听 无所谓不听，论文写得很认真 不过确实没什么干货 绩点3.9也能接受
62993,966,窦怀永,2017-11-28 00:28:31,0,1,1,老师真的很幽默啊～～男神男神～～而且事情也不多，期中搜集20篇论文期末一篇论文，只要写自己的看法就好了。分也好。
63794,966,窦怀永,2017-12-15 03:09:03,1,1,0,老师很幽默
63987,966,窦怀永,2017-12-20 12:43:41,1,1,0,老师真的很逗！喜欢敦煌文化，真的很神奇。
64836,966,窦怀永,2017-12-27 10:50:54,1,1,0,光荣正太～～\n\n不过老师讲课还是很有趣的！
65365,966,窦怀永,2018-01-03 11:22:00,0,1,1,老师会看查老师哈哈哈哈，他刚刚自己说的，很棒的老师，现场解说丝路花雨? ?
65882,966,窦怀永,2018-01-10 02:02:32,1,1,0,窦老师真的很棒，很有学识，为人和善，听他的课能学到很多东西。那些自己水手机还吐槽给分底的人不知道该说你们什么，，，
66186,966,窦怀永,2018-01-12 15:46:37,2,4,2,这是我在浙大以来听的最好的课。老师很幽默，每节课都会不自觉的被逗笑，会自黑，课堂上笑声多多。老师也挺关心学生的，能从学生的角度出发，老师虽然总说是与我们有代沟，但其实挺亲近的，问问题老师也会耐心解答。上课其实干货挺多，内容太多有时会讲的快一点，我喜欢这种风趣幽默的上课方式！简直太棒啦，为老师打call!
66202,966,窦怀永,2018-01-13 04:18:39,2,2,0,哈哈哈哈哈哈哈哈哈哈哈哈哈
66559,966,窦怀永,2018-01-17 08:54:53,0,0,0,听课还是挺有意思的
66821,966,窦怀永,2018-01-19 07:17:59,2,4,2,每次都去，论文很认真，给分渣的一匹\n\n
67984,966,窦怀永,2018-01-22 12:16:15,0,1,1,老师很逗，上课允许我们做别的事情，但是因为讲的比较好所以我都在认真听。事情不多，很棒！
68475,966,窦怀永,2018-01-23 08:56:03,1,2,1,喜欢这个老师，他说点名只是为了避免同学们论文无法区分档次。这是我第一门绩点过得去的通识课，没有被正态，表白窦老师，特别喜欢那一节看丝路花雨的课
68483,966,窦怀永,2018-01-23 09:03:27,1,2,1,课还算有趣，给分就……
68517,966,窦怀永,2018-01-23 09:50:55,0,0,0,老师超级幽默风趣，课上安排也很好很好，教学方式多样，给分也好
68519,966,窦怀永,2018-01-23 09:52:30,0,1,1,上课逗，给分不好，被卡绩
68576,966,窦怀永,2018-01-23 11:30:11,1,2,1,老师真的很逗，懂得也很多。这真的是我听的最认真的一门通识课，每节课都做笔记，真的学到了很多。作业是期中一篇综述，期末一篇论文，我有点写偏题了，但是老师还是给了我一个不错的分数。你有没有用心，老师能看得出来!
68597,966,窦怀永,2018-01-23 12:38:16,1,1,0,老师人很好，这门课比较水，两篇论文，比较轻松，但也就是因为比较水所以给分没有那么多依据? 感觉认真写了论文也没翘过课，给分不高，但也能理解吧。
68690,966,窦怀永,2018-01-23 15:30:03,0,1,1,老师真的很有意思哈哈哈哈，第一次看到劝退自己课的老师，论文迟交而且格式也没打好...原来以为肯定很惨了没想到绩点还不错，超开心
69573,966,窦怀永,2018-01-25 04:09:55,0,0,0,超级可爱的老师，很幽默，你在他的课上真的不需要多做什么，听他讲课就是享受，给分也很好！！
70746,966,窦怀永,2018-01-27 13:00:17,2,3,1,上课挺有收获的，几乎不认识学生，所以给分应当也是公正的。
75642,966,窦怀永,2018-03-14 12:17:08,2,3,1,这个做表情包也不错哈哈哈哈
75644,966,窦怀永,2018-03-14 12:42:56,10,11,1,三点水加一个来去的来念涞（lái），\n\n三点水加一个来去的去念法（fǎ）。
77186,966,窦怀永,2018-05-03 12:22:52,2,2,0,均绩一般，课水，听课会很有意思，不听课也没有影响，期中一篇综述，期末一篇论文，跟上课内容没太大关系。
77188,966,窦怀永,2018-05-03 13:28:34,1,1,0,很有意思
77278,966,窦怀永,2018-05-04 09:41:53,0,0,0,上课很有意思，很有趣，给分也是很公正！ps经常会黑下西溪食堂。
77340,966,窦怀永,2018-05-05 00:14:59,1,2,1,偶尔点名老师真的好好笑哈哈哈哈哈哈哈段子好多非常跟得上潮流虽然给分一般但是除了论文啥都不用干！！！纯水真的好好笑啊哈哈哈哈哈
77432,966,窦怀永,2018-05-05 13:43:45,3,3,0,要认真听的话还挺好的，记住了张议潮，记住了王道士；会放电影、九色鹿，觉得上课还是挺值的。给分一般吧，但作为一个理科生来上这种人文类课程，我对我的分已经非常满足了。
78903,966,窦怀永,2018-06-26 01:48:18,-14,5,19,他的两节通识我都上了，给分稳定，基本79往上。会很卖力地安利NexusHD，可能他想看的电影的做种人数太少没速度吧。
79244,966,窦怀永,2018-05-28 11:29:07,0,0,0,围观一下
81571,966,窦怀永,2018-07-05 12:24:14,1,1,0,记得老师会看评论，，
81599,966,窦怀永,2018-07-08 23:09:32,5,5,0,避讳4.8。老师讲得不错，作为文科生的我本来就对这个话题抱有一定兴趣和想法，认真做了论文和展示，不过据说老师给分严格，所以看到分数还是很惊喜的。可惜我不会在那个网站上做资源，否则帮老师做个种回报一下~如果一定要说有什么不足，就是有时候内容有点重复，也有可能是对同一个主题有新的阐释但是我没听仔细~哈哈
81745,966,窦怀永,2018-07-06 05:07:05,2,9,7,我怀疑避讳最高4.5。\n\n最喜欢老师说的一句话：兔兔那么可爱怎么可以吃兔兔。\n\n那位说这是浙大第一水课的同学，你还有待发现其他更水的通识课，比如整个学期唯一作业是500字论文的，比如整个学期一页合同+开卷考的，比如拍张照片+开卷考的。这门课上课水，评分不水，论文3000字呐，写得真的很辛苦了，当然我的分不低。\n\n老师会看查老师。
85039,966,窦怀永,2018-07-15 05:27:29,1,2,1,很可爱的老师，通核给分挺合理的。印象最深刻的是讲他家书房磨砂玻璃外一只鸟对着自己的镜像鸣叫的故事（课堂上补充的轶闻都很有趣）
85460,966,窦怀永,2018-07-18 06:08:38,70,77,7,师范学校毕业的他，作为一名老师绝对靠谱，我想说的是老师对学生的态度。最后一堂课下课后，有个女生去和老师理论，要求老师把上课的PPT拷给大家。“我不给你们PPT，一来这样对上课认真做笔记的同学是不公平的，二来是因为这PPT拷给你们真的没有用，如果你们考试周花了大把时间看了上千张PPT，结果发现没有考，你们心里会怎么想？”女生不依不饶，老师不停地解释，女生继续不依不挠，老师继续不听地解释……最后老师说得涨红了脸，“我这么说吧，你们考试的内容，全是讨论课上的！”讲出了这一层内容，女生也变得不好意思，连连说着“好，老师我错了，您消消气儿。”这是挺糟心的一幕，观众则是尚未离开教室的几十名学生。\n\n\n\n一个一心为学生考虑的老师，这就是我的评价。
85547,966,窦怀永,2018-07-19 07:20:21,1,1,0,上课很认真，只要不旷课，稍微听一下，期末开卷，给分还是蛮不错的?
89528,966,窦怀永,2018-11-19 11:39:53,1,4,3,我上的课程是 敦煌历史与文化\n\n虽然成绩没有出来，但是我还是要给老师满分。窦老师的课很有意思，老师上课幽默风趣，课程内容也比较有意思，让你了解到整个敦煌的历史，很有趣，让人向往那个古老的地方。\n\n同时，老师每节课基本都会点名，按照老师自己说的，不点名怎么正态，对于那些不来上课，只写论文(就算写的很好)的人岂不是太客气了，这对那些认真上课，认真写论文(就算写的不是很好，写文章看天赋)太不公平了。而且我认为老师上课这么有趣，你舍得不来听课吗，对吧。\n\n尽管成绩没有出来，我都觉得这门课很值得，一个学期下来了解到敦煌这个地方的历史，已经够了。就算老师给我不是一个高分数，我也不会怨老师(可能自己论文写的很菜，不过都是自己原创)。\n\n给老师满分，比心。
89839,966,窦怀永,2018-11-21 03:39:39,7,12,5,没旷课，论文写了四千字，3.3
89849,966,窦怀永,2018-11-21 04:28:03,3,4,1,点名，讲课挺幽默，但给分一般
90263,966,窦怀永,2018-11-23 01:28:41,13,20,7,上课全到，期末4.5k字，最后3.0，我佛了
90867,966,窦怀永,2018-11-27 01:39:16,2,4,2,老师上课还算有意思的，个人建议对敦煌很感兴趣或者对传统文化有一定了解的同学选，给分真的非常一般，不说了(⚭-⚭ )  目前为止最低的一门通识课。。。
102911,966,窦怀永,2019-02-25 02:46:31,2,3,1,怎一个“好”字了得！
103078,966,窦怀永,2019-02-26 02:04:42,0,2,2,老师很不错 我选的敦煌历史与文化  上课比较逗  好好写作业  期末4.5
104017,966,窦怀永,2019-03-10 07:35:26,1,1,0,...
104584,966,窦怀永,2019-03-24 11:26:03,9,10,1,绝望了    通识课    一篇2000一篇4000现在非常后悔
106783,966,窦怀永,2019-07-01 23:33:30,1,2,1,论文一定要好好写 真的 给分不会差
106993,966,窦怀永,2019-04-30 14:57:04,2,4,2,工科生好不容易憋出六千多字 全勤\n\n最后给分一般
107209,966,窦怀永,2019-05-02 08:49:50,0,1,1,老师上课挺有趣的，会努力说一些笑话或者网络热梗来进行气氛的活跃，但是的确有些内容会让人产生不适。但是交论文前只说了要求没给提示，然后交了论文之后才跟大家讲论文应该怎样写的做法让人不解。说是因为论文难以拉开差距需要用用点名来进行成绩的划分，然后每堂课都去论文也认真写格式什么的都按照要求完全没有耍小聪明的人最后得了一个不能接受的成绩。只能说打分打得让我无法理解......至于课堂的话，干货也没有很多，可能对老师的教学风格和敦煌真的有兴趣的人会比较喜欢吧。
107221,966,窦怀永,2019-05-02 11:14:28,3,4,1,怎么说呢，老师上课会说一些梗，也的确会进行一些开玩笑似的“人身攻击”，但不可否认他的课堂很有趣，也是认真准备了授课内容的  敦煌历史与文化三次点名一篇2000一篇4000的论文，可能有些同学很认真去写了但给分不理想，但这毕竟是一门人文社科的通识，总得看看写作质量吧  我也是工科生也不会写文科艺术论文，但我从第一周开始查资料理思路写论文，不说周末两天都去做这个但没有一天也有半天时间  老师又不认识同学有什么给分好不好的说法，自己不会这个领域就去好好学学而不是抱怨老师给分不好，你努力了还有比你更会这个领域同时比你努力多的人  水分勿选，选了就好好学
111485,966,窦怀永,2019-07-01 19:40:17,3,4,1,突然4.2
111496,966,窦怀永,2019-07-01 22:54:37,1,1,0,论文一定要认真写
111506,966,窦怀永,2019-07-01 23:42:04,0,0,0,上课感觉很幽默，课堂氛围比较好，虽然自己上课不够认真，但论文认真写，都来上课分数应该不会很低的
111507,966,窦怀永,2019-07-01 23:42:14,1,1,0,窦老师真的是一个非常负责的老师，上课也十分幽默风趣～
111508,966,窦怀永,2019-07-01 23:49:13,4,6,2,给分不好，还爱卡绩。劝能选别的就选别的
111517,966,窦怀永,2019-07-02 00:31:37,0,1,1,讲课挺有意思\n\n最后绩点还行
111540,966,窦怀永,2019-07-02 01:49:23,1,1,0,绩点3.9，没参加展示
111556,966,窦怀永,2019-07-02 02:53:11,1,1,0,老师上课很有趣 也很喜欢自我调侃 给分也太好了！！不过参考论文要看20篇文献实在是有一点点多?
111563,966,窦怀永,2019-07-02 03:32:55,0,0,0,上课超级有意思 没有展示4.2 很不错的老师了
112075,966,窦怀永,2019-07-03 11:58:34,5,6,1,上的避讳文化，老师真的很有趣，第一节课就给大家劝退说自己很无聊（傲娇脸），然而避讳文化真的很有用（你寝室里的儿子怎么能直呼你的名字呢？），第一门满绩，谢谢老师
116205,966,窦怀永,2019-09-06 07:43:45,0,0,0,老师很有趣！上课和评分也非常认真 用心是会有回报的那种老师
118134,966,窦怀永,2019-10-21 11:17:41,-2,1,3,老师真的50多岁？
119835,966,窦怀永,2019-11-16 03:38:26,-3,1,4,上的敦煌历史与文化，老师讲的好，但无赖听的人少啊~每次都到，论文也没恶竞，一篇写了2000，一篇写了4500，只比要求的多了一点点。最后4.5。但是这4000多字真是我找了好久资料写出来的啊。
120812,966,窦怀永,2020-02-20 02:40:30,-182,5,187,老师人很好，就通核课才4.5没满有点难受
121299,966,窦怀永,2019-12-23 10:37:51,-8,4,12,怎么说呢，感觉老师神经质比较严重。好的时候很好，坏的时候对普通同学都充满恶意，好像更年期的老母亲，疼你的时候往死里疼，打你的时候往死里打。这样的人格，不配做老师。
121829,966,窦怀永,2020-01-22 07:39:35,4,4,0,老师人还好，讲课有意思，但是给分有点。。一言难尽。自认为考试回答的还不错，上课也有认真的听讲，只是有一次缺勤，绩点2.5。可能真的是大一不适合上吧。
122521,966,窦怀永,2020-03-03 07:47:01,6,7,1,我觉得给分也就一般吧。。。
136248,966,窦怀永,2021-06-13 15:58:32,2,2,0,老师真的很好，我绩点低是我自己的原因
136446,966,窦怀永,2021-06-18 03:37:36,12,13,1,我觉得评分也没那么好，虽然只有一个考试，考试内容也全都强调过，自己也觉得每个问题都答得不错，但是不知道为什么绩点是这样，但是老师还是很有趣的，尽力在把课程讲得有趣，事也很好。
137960,966,窦怀永,2021-07-07 01:37:41,4,4,0,上的是避讳文化，最后一次开课。老师上课比较有趣，不介意我们全程摸鱼，但是认真听也能学到不少语言文字知识。作业相对较少，一篇4000+论文、罗列20篇清代避讳的期刊文献、一次有关其他国家避讳文化的6-8min展示。老师会尽量给高分，但正态不可避免。鉴于以后没这门课了，就作个参考吧。\n\n\n\n论文一定要按时交！不然会扣分！史料考据其实挺麻烦的，建议至少提前两个星期开始写！有没有用心写老师还是很清楚的…\n\n          ——来自一名理科生的建议
144773,966,窦怀永,2021-12-23 13:59:43,3,5,2,窦老师好好，人好学问好
150208,966,窦怀永,2022-01-20 10:52:50,-1,6,7,呵呵，我真的谢。。。
150209,966,窦怀永,2022-01-20 10:55:52,-5,5,10,上课幽默，然后没了，仅此而已，选课慎重
150213,966,窦怀永,2022-01-20 11:17:10,1,4,3,敦煌写本的世界，很有意思的一门课。老师很博学很风趣，不只是敦煌写本，还有其他许多我不知道的知识，上课听得收获满满；小组展示真滴多，不过小组成员都很认真负责，最后完成的都很好；手工课很不错，自己看着小组一起完成的卷轴装和经折装也觉得很满意；期末开卷考贼简单（通俗字最后一个不谈，猜错了QAQ），最后给分也很好。之前也上过老师的避讳文化，真的能学到不少有意思的东西，10分奉上。
150543,966,窦怀永,2022-01-29 16:43:21,5,9,4,给分不好，慎选。。。
152209,966,窦怀永,2022-03-30 12:36:26,5,5,0,迟早笑死在他的课上
163070,966,窦怀永,2022-12-07 05:06:52,1,1,0,老师讲课特别有意思！\n\n不过得认真做笔记，想水课慎选
166328,966,窦怀永,2023-01-12 03:20:33,2,2,0,会手动点名 敦煌写本反正不是水课 感觉自己上课笔记都做了考试也答的很多 没有想象中的绩点 但是老师人很幽默很耐心
172102,966,窦怀永,2023-04-19 12:47:47,0,1,1,上课确实很有意思
173124,966,窦怀永,2023-05-14 03:10:57,0,0,0,老师上课点名，并且是一个一个点。但是因为雕版的评价只有期末考试，没有论文，点名作为重要的一环没毛病。\n\n并且老师上课十分有趣，非常建议听课。\n\n最后是开卷考，老师不提供ppt，但是估计现在的ppt资料朵朵98上都能找到，期末考的东西100%ppt上都有。
173130,966,窦怀永,2023-05-14 05:20:28,0,0,0,窦老师牛逼，我爱窦老师
173136,966,窦怀永,2023-05-14 08:14:09,1,1,0,老师上课很幽默，是属于那种在下面摸鱼也会忍不住听的程度。给分也不错，没听过课（周三晚上真的太困...）试也能考，开卷都能找到答案，都是标红的地方，论述可能要写多一点，考试前把ppt过一遍再智云看看重点就行。
173227,966,窦怀永,2023-05-16 06:29:33,1,1,0,【雕版印刷与课本文化】会手动点名，数人头。开卷考，不给ppt。上课很有意思，给分一般。
173245,966,窦怀永,2023-05-16 13:56:58,1,1,0,有意思
173272,966,窦怀永,2023-05-17 09:51:14,1,2,1,课程：雕版刻本\n\n绩点：4.8\n\n评价：\n\n课主要是介绍古代文献形式的历史和发展。\n\n老师讲课不错，挺幽默的。最初几节课感觉是想和同学多一些互动的，奈何大家都比较沉默，后面也就没怎么尝试互动了。\n\n课不算太水，我是不甚认真听讲+笔记记重点然后考试用自己的笔记。\n\n建议：\n\n课程是开卷考试，但是老师不提供ppt，可以自己从智云课堂上截或者自己写笔记，重点老师在ppt上回标出，考试是需要上课讲的史实的，老师第一节课就会说明。
173318,966,窦怀永,2023-05-19 00:58:29,7,7,0,雕版印刷与刻本文化。老师人好给分也好，上课有意思，但是有点臃肿，无关的东西有点多，不够干练。偶尔点名但是上课不必听，98上有资料，打出来应付开卷考足矣，开卷考也不难；不过老师很幽默，很难不听。虽然对很多人来说这门课的内容可能没啥意思，但是结合给分和体验，强推。
188383,966,窦怀永,2024-01-19 01:28:10,0,1,1,敦煌写本的世界，老师讲课有趣给分好，体验感棒棒！
191828,966,窦怀永,2024-05-01 04:41:33,2,2,0,课上的确实有趣，给分也就一般，感觉应该3.9，4.2居多
191898,966,窦怀永,2024-05-07 01:02:00,0,0,0,课上的不错
191965,966,窦怀永,2024-05-06 11:46:43,1,1,0,很幽默，但给分有点坑🕳️
191969,966,窦怀永,2024-05-06 12:40:48,4,4,0,给分没有那么好，感觉很一般。但是老师是真的很有趣。
192090,966,窦怀永,2024-05-09 03:43:29,4,5,1,想水雕版的别选
192923,966,窦怀永,2024-05-31 14:43:18,1,1,0,给分很一般
193472,966,窦怀永,2024-06-11 08:34:18,1,1,0,去问了老师，期末考试卷面分90+，最后总评没上4，，，
198594,966,窦怀永,2024-09-10 06:18:39,1,1,0,敦煌写本文献学。老师很有趣，讲的内容不如秦老师多，但是也能学到很多东西。考试是开卷，基本都是上课老师重点讲过的东西，一定要认真记笔记\n\n！因为感觉上课很有趣，所以也不会觉得累，也没有翘过课，最后总评4.8，跨专业可以拿到这么高的绩点，很满意！
210894,966,窦怀永,2025-01-10 06:11:11,1,1,0,敦煌写本的世界 谢谢窦老师 上课很风趣幽默 特别好
213670,966,窦怀永,2025-01-19 03:57:25,0,0,0,私以为老师应该对二次调分的事情作以解释，聊下来调低的同学还是占多数的，不解
218709,966,窦怀永,2025-04-29 09:54:10,4,4,0,窦老师的雕版印刷总体称得上事少分多，成绩组成仅包括考勤和期末，期末开卷考题目PPT上全都有（老师甚至会红色标注）。老师很幽默，上课边写写作业边听课，真的能学到很多东西（本人工科生）。期末从98上找前人资料并补充一下这学期新加的内容，最后拿了4.8，非常满意。想水通识课的推荐这门课！
220054,966,窦怀永,2025-06-14 08:39:32,0,0,0,敦煌写本的世界！窦老师课上的好，人也很好，是我进浙大上过最幸福的一门课
8721,995,苏宏斌,2015-09-24 11:38:48,0,10,10,讲课不错但是给分呵呵呵
27380,995,苏宏斌,2016-06-25 12:01:49,-1,5,6,智慧者！
32901,995,苏宏斌,2019-04-20 03:20:11,-16,21,37,讲真，这老师人品有问题
34330,995,苏宏斌,2017-05-01 07:29:12,3,9,6,不喜欢
51805,995,苏宏斌,2017-06-11 07:14:30,10,27,17,苏老师讲课很好，是我在中文系三年以来听过剖析理论最好的老师，且没有之一。差评应该是来自分数低的同学，因为老师对学生的要求确实严格。不过真的能学到很多。
55761,995,苏宏斌,2017-07-02 10:37:49,2,8,6,讲课方式是真有意思，知识也很渊博，讲得很有深度
56159,995,苏宏斌,2017-07-03 07:10:37,-1,3,4,其他的没意见，老师人很好大课也不点名讲课也很细致，就是讨论课让我们讨论班读了N次海德格尔，现在看见海德格尔的文本就两腿无力(⌒-⌒; )
56360,995,苏宏斌,2017-09-21 00:38:14,-6,2,8,很好的
64594,995,苏宏斌,2017-12-25 12:02:06,-4,3,7,好的没话说，不学习想得高分的人反思一下自己吧
83765,995,苏宏斌,2018-07-11 07:41:51,-4,3,7,苏老师理论分析太强了，上课能学很多很多，讨论课分析也是抽丝剥茧。但是给分确实有点严，不过也服。哈哈。
84146,995,苏宏斌,2018-07-12 06:31:25,-3,5,8,苏老师挺好的，每节讨论课都会和你认真讨论，只要积极交流都会给你很好的反馈。就是有时候有点忙。
105000,995,苏宏斌,2019-04-02 03:57:21,0,6,6,中文系方中信！！讲课很辩证，怀疑，有时候为了方便我们理解举的例子存疑emmmm
110217,995,苏宏斌,2019-06-24 16:00:51,-2,12,14,自大狂妄，蛮横无理，不讲学理，只谈八卦，浪费时间，不如闭嘴，
110221,995,苏宏斌,2019-06-24 16:04:53,4,14,10,极度自负的老男人，瞎扯淡又自我感觉极其良好的样子真是令人作呕
110259,995,苏宏斌,2019-06-25 06:19:14,-4,5,9,帅，好！搞理论的老师每句话都很有逻辑，讨论课让我们精读，真正的从一字一词出发来理解。\n\n那些自己不认真学得了低分还骂老师的喷子滚远一点：）
117155,995,苏宏斌,2019-09-20 02:18:57,-5,2,7,上课风趣幽默干货多，讨论课灵魂质问深度交♂流，我觉得他抄蚌的。
117862,995,苏宏斌,2019-10-06 08:59:35,11,14,3,与这位老师礼尚往来的同学最好录个音以备不测
123192,995,苏宏斌,2020-05-18 14:51:33,-5,1,6,现象学大佬
124819,995,苏宏斌,2020-07-10 16:48:14,-5,2,7,给分还行啊
124825,995,苏宏斌,2020-07-11 04:02:35,-6,1,7,讨论课真的挺难的，每次轮到自己展示都很迷茫。但是认真写论文了，虽然写得蛮迷惑的，然后就……给分挺好的
138937,995,苏宏斌,2021-07-12 01:22:49,-5,1,6,卡绩...老师给分还是挺公正的
158640,995,苏宏斌,2022-07-01 02:39:15,-4,5,9,讲课很吸引人，内容精彩丰富，关键他总是笑眯眯的谁不喜欢。有一次调课老师忘了，被喊来念念叨叨说自己教书这么多年还没出现过这种事情，那天他什么也没说，平时绝不拖堂的人给我们拖堂了好久，硬是把他晚到的时间给补上了。我是很喜欢他的，虽然在这方面确实知之甚少，但是上他的课我很感激。能和老师学习一学期，真是充实快乐的时光（也挺累的）
171349,995,苏宏斌,2023-03-22 06:49:48,3,5,2,罗里吧嗦，高头讲章。
174708,995,苏宏斌,2023-06-16 05:06:29,-1,4,5,说实话我这一学期上下来收获很大，感觉也挺好的，不知道为什么下面会有不少差评（老师讲的例子有时候比较接地气，可能会被人说八卦，但我觉得只是教授中的一两句吐槽而已）。\n\n苏老师讲课水平很好，本来文艺学就比较复杂的，比我想象得有意思多了\n\n也会认真和学生讨论，会认真让我说完我的傻逼发言\n\n绩点我也认，毕竟我本来也没好好写论文\n\n总之这一学期这门课收获真的很大，课上和老师同学一起的时光也很愉快，后悔之前竟然还翘了讨论课不看书，会错过很多乐趣的\n\n本来想润其他专业，但苏老师真的，我哭死，都有点想跟着他做文艺学了，大家的展示和讨论也很精彩，我一点都不后悔选了这门课
179298,995,苏宏斌,2023-09-08 06:26:52,-2,0,2,学术上认真负责。
191951,995,苏宏斌,2024-05-06 06:55:11,4,4,0,事情特别多特别特别特别特别特别多，每周都崩溃
191953,995,苏宏斌,2024-05-06 07:44:43,4,4,0,事情太多了，很不体谅学生
193403,995,苏宏斌,2024-06-09 14:24:59,0,0,0,事情多，给分差，快跑！
194097,995,苏宏斌,2024-06-22 03:55:36,2,3,1,事情真的很多很多很多很多，好在不考试，还没给分不知道好不好，但这门课真的很难
194883,995,苏宏斌,2024-06-25 23:50:22,0,0,0,好课，也好累，分数不知道整体什么情况，我自己还算满意
194936,995,苏宏斌,2024-06-26 03:45:20,3,3,0,事超级多，最后要求组内正太，给分很差，上课体验感挺好的，但是这些要求真的一生黑
194959,995,苏宏斌,2024-06-26 05:20:10,3,4,1,给分真的不太好，但也和我菜有关系，但真的挺郁闷的，事情真的很多，4学分的课稍微体谅下学生呢
218069,995,苏宏斌,2025-04-20 08:24:30,3,3,0,老师可能学术水平很高，但西方文论这门课程的开课形式非常离谱\n\n每周都要进行一次毫无意义的小组讨论，投入大量时间在沟通、做ppt、做文稿上，可收获了什么呢？\n\n每周5节课，3节讲授2节讨论，大多数内容都是蜻蜓点水般带过，还不如自己看一遍教材
220026,995,苏宏斌,2025-06-24 08:01:24,-2,0,2,讲的还可以
221536,995,苏宏斌,2025-06-24 09:49:27,1,1,0,事情很多而且很没意义\n\n收获很少\n\n给分很差
2268,1007,王轶,2015-04-15 09:07:44,14,18,4,老师萌萌哒！笑容很有感染力！给分一定很高！哈哈哈哈哈！
3887,1007,王轶,2015-06-17 07:27:17,16,16,0,讨论课很有趣...还会给奖品（书）...然后说话经常手头并用...萌萌的
4277,1007,王轶,2015-07-09 10:34:35,44,47,3,低调的老师～干货多多～很为我们考虑～还会不小心卖个萌～总之是绝对值得听的课～
5341,1007,王轶,2015-07-07 01:21:52,24,24,0,超级棒的老师，人好课好性格好，可爱又机智，让逻辑学这门可怕的课变得不再可怕。
5342,1007,王轶,2015-07-07 01:24:47,11,11,0,老师人超好，有幸拿了一本书。给分也很好。
5343,1007,王轶,2015-07-07 01:27:17,10,10,0,课堂很轻松，老师有趣性格好，很会为学生考虑，所以给分也很好啦
5348,1007,王轶,2015-07-07 01:39:04,10,10,0,老师很nice，很好玩，给分超厚道
5508,1007,王轶,2015-07-08 04:07:20,31,31,0,机智坡上的卖萌老师。。。会让你真真切切的学到东西，可以一点都不水，备课很认真。好好学习的话，给分不错。
5510,1007,王轶,2015-07-08 04:13:08,11,12,1,老师的课超级超级棒~≧▽≦)/~老师也超级超级好
5514,1007,王轶,2015-07-08 04:24:15,13,14,1,好极了！
5792,1007,王轶,2016-07-03 09:03:35,23,24,1,老师超可爱的，人萌课好干货多，很多课的讲法会跟国外的学校比较像。工作量适中，讨论课做得好有奖品（书）拿。给分没什么水分。适合真正喜欢学习的人来学。
7589,1007,王轶,2015-09-15 06:16:10,15,16,1,第一节课就变成脑残粉 超可爱哈哈
9206,1007,王轶,2015-10-16 14:50:40,9,9,0,非常非常好
9470,1007,王轶,2015-10-28 11:02:35,8,8,0,上课认真听就可以了
10246,1007,王轶,2015-11-17 15:36:15,12,12,0,老师很负责，微信上问的问题都会认真解答，人也很萌，干货也多，真的很好
11422,1007,王轶,2015-12-01 01:09:29,3,5,2,特别认真负责的一位老师～
11957,1007,王轶,2015-12-21 11:33:48,8,9,1,老师超级细心，讲的内容也很充实，可以学到很多东西
12354,1007,王轶,2015-12-23 05:05:54,15,15,0,老师又萌又超级厉害，高材生！！讲课也很有趣，而且非常认真负责，期末的时候问他各种题他都会帮你解释，还请来一个德国教授给我们上了一节课，总之就是超好！
12374,1007,王轶,2015-12-23 06:51:10,9,9,0,超级萌
12927,1007,王轶,2015-12-24 10:42:30,4,6,2,好有爱  萌萌哒
13489,1007,王轶,2015-12-28 11:35:24,3,5,2,炒鸡好炒鸡好
13499,1007,王轶,2015-12-28 13:16:44,12,12,0,特别喜欢⊙▽⊙从未遇到这么好的老师…………又帅
13546,1007,王轶,2015-12-29 06:55:21,4,5,1,老师萌萌哒，可爱。
13680,1007,王轶,2015-12-30 10:23:26,7,7,0,老师超级爱笑哎 上课挺有意思的 真的很为学生考虑啊
14143,1007,王轶,2016-01-05 02:35:24,4,5,1,很耐心很可爱
14473,1007,王轶,2016-01-07 08:14:01,4,5,1,男神老师超赞
14679,1007,王轶,2016-01-08 08:45:51,4,5,1,温柔有耐心，还超为学生着想，太nice，基本认真听一定会懂
15804,1007,王轶,2016-01-16 10:01:25,2,4,2,很可爱，很萌的老师~
15910,1007,王轶,2016-01-16 14:48:49,4,5,1,好老师，！
15997,1007,王轶,2016-01-17 02:47:59,11,11,0,非常萌 最后用家里的小猫小月给我们加油 平常在微信群耐心解答问题 而且作为哲学系在编程什么意外的很棒 还是海归
16035,1007,王轶,2016-01-17 05:00:53,8,8,0,实在不能更好了
16123,1007,王轶,2016-01-17 08:55:07,8,8,0,评论区说得很到位了，自己用心学，满绩松松的
16124,1007,王轶,2016-01-17 08:55:24,2,3,1,老师超级可爱
16125,1007,王轶,2016-01-17 08:59:12,7,7,0,老师经常会秀秀各国语言 还经常卖萌 非常好的老师
16128,1007,王轶,2016-01-23 08:11:45,2,3,1,老师讲的课很有趣人也特别有趣！
16132,1007,王轶,2016-01-17 09:12:13,16,19,3,老师人好给分高，备课很认真，貌似是咱们微信群上最活跃的「同学」之一~有问必答感觉就和同学们玩在一块，上课也很厉害~人文学院隐藏的计算机大神！
16133,1007,王轶,2016-01-17 09:16:17,4,5,1,棒棒的老师 还有很可爱的猫咪
16135,1007,王轶,2016-01-17 09:20:55,2,3,1,超好的老师，一定要给满分
16140,1007,王轶,2016-01-17 09:33:46,2,2,0,超级棒的老师，虽然是通识课，但只要你上课认真听，回报是非常好的，选到他的课是一种运气\n\n
16141,1007,王轶,2016-01-17 09:46:00,6,7,1,老师上课非常认真～!而且重点分得很清楚，不会让同学们去记一些死板的没什么意义的内容，认真听课好好复习的话给分很棒哒～
16340,1007,王轶,2016-01-18 03:22:12,2,2,0,好好好
16440,1007,王轶,2016-01-18 05:50:14,4,4,0,真的强推！一学期都没有水的课！老师认真负责讲的也很棒！会学到东西！
16446,1007,王轶,2016-01-18 06:04:31,4,4,0,超级负责，为学生考虑。认真点就很轻松～
16472,1007,王轶,2016-01-18 07:08:36,4,4,0,超级好的老师！上课棒，为学生考虑！很亲和的老师！！！
16521,1007,王轶,2016-01-18 09:53:45,22,23,1,妥妥给10分，不怕老师骄傲！人文学院里隐藏的计算机男神，花一个周末写了一个课程网站给我们下载课件上传作业！
16646,1007,王轶,2016-01-18 15:10:09,2,3,1,觉得老师好的顶我上前排！！
16731,1007,王轶,2016-01-19 01:17:49,7,7,0,就像学长上课一样，作业布置也合理，对有认真学的同学不吝啬给高分，元旦的时候还在群里发红包！
17391,1007,王轶,2016-01-20 07:21:25,2,2,0,很不错的课！
18757,1007,王轶,2016-01-22 13:03:11,4,4,0,好老师，人也好，学识也不错，观点很现代，逻导课上学到很多东西。
18764,1007,王轶,2016-01-22 13:16:16,5,5,0,老师讲课内容不错，更重要的是给分好，很好哦，老师还萌萌哒，10分，必须的
18768,1007,王轶,2016-01-22 13:18:55,4,4,0,没什么好说的，其他的评价说明了一切！！！
21196,1007,王轶,2016-02-26 05:32:20,4,4,0,很温暖，很细心的老师
21518,1007,王轶,2016-02-29 05:57:12,4,4,0,老师很萌 给分也可
26294,1007,王轶,2016-06-16 15:34:13,4,4,0,作业写得好，必过啊，而且老师萌萌哒，真心绝对是所有逻辑学导论里最好的老师(⊙o⊙)哦，果断10分
26906,1007,王轶,2016-06-21 14:30:55,1,1,0,居然没有10分了...
26982,1007,王轶,2016-06-22 04:05:27,1,2,1,老师很帅很可爱，讲课不难不无聊，能学到东西。\n\n而且让我拿到了第一个满绩。
28555,1007,王轶,2016-06-28 10:12:21,1,1,0,超级棒
28876,1007,王轶,2016-06-29 02:21:10,1,1,0,醍醐灌顶
30725,1007,王轶,2016-07-05 14:47:27,1,1,0,老师人真的超级好，又萌又可爱，哈哈还在群里卖萌，超级活跃。备课很认真，平时不点名，考试前给范围和题型，给分也超好。
30944,1007,王轶,2016-07-03 03:55:02,1,1,0,给十分是因为只有十分，老师超级超级超级棒啊，太可爱了吧，帅到没朋友，上课也很有意思，总之非常非常非常好，给361分
31667,1007,王轶,2016-07-04 11:28:54,1,1,0,超级好
31833,1007,王轶,2016-07-05 03:44:21,1,1,0,哈哈哈哈哈哈哈男神啊！！
31920,1007,王轶,2016-07-05 07:13:04,1,2,1,人文学院的男神！绝对的男神！又萌又学霸，自从更新了表情包，在微信群里的战斗力更强了。。认真严谨的老师，会让你的成绩对得起你的努力。手动表白~~~
32064,1007,王轶,2016-07-05 14:05:04,-6,2,8,如果对逻辑学没兴趣，不要选！
32084,1007,王轶,2016-07-05 14:36:09,1,1,0,老师超可爱，只怪我平时没有好好学，期末刷了好多夜才跟上，不过最后成绩也还不错嘻嘻(♡˙︶˙♡)
32086,1007,王轶,2016-07-05 14:38:23,1,1,0,超级喜欢老师啊！！！最喜欢的没有之一！虽然最后没有满绩，但也很满意啦！！！最后表白老师！
32120,1007,王轶,2016-07-05 16:04:38,2,2,0,男神，萌萌哒~爱用引号卖萌，再炫炫多国语言，还是计算机大神。给最能水群的老师打个满绩，嘻嘻~干货满满，学有所获。
32122,1007,王轶,2016-07-05 16:08:44,1,1,0,认真听很有收获，考试比较简单，给分好
32138,1007,王轶,2016-07-05 17:15:25,1,1,0,??老师很萌，上这个课感觉回到高中数学课堂想水都水不起来，一点都不想翘课?很有意思！给分很不错??
32144,1007,王轶,2016-07-05 22:03:25,4,4,0,老师很萌啊，上课满满都是干货，还会邀请外教给我们来讲课。考试没有简答和论述题啊，还会给满满一页的公式，感觉节省了不少背书的时间～
32147,1007,王轶,2016-07-05 22:50:45,1,1,0,讲课思路清晰，干货十足！评分客观，有原则。关爱学生无代沟。给十分是因为没有更高的分了！顺便一提，老师真是表情包天王。
32420,1007,王轶,2016-07-06 15:44:04,0,1,1,超喜欢
32775,1007,王轶,2016-07-13 03:45:10,1,1,0,不点名，课程也不难，考试也还好。\n\n老师人好，没代沟，讲得蛮好的，就是有些难的地方讲得不是很清楚，需要自己思索一下（不过难的也不太考）\n\n考前复习一下，分数就蛮好看的，真的。\n\n
32776,1007,王轶,2016-07-13 05:25:18,2,3,1,老师好到我把逻辑学变成一学期中最认真的一门课，十分不怕老师骄傲:)
32933,1007,王轶,2016-08-07 04:53:47,1,2,1,水群大王！！
33571,1007,王轶,2017-01-16 04:06:27,-18,3,21,哈哈 我就是来拉低评分的
38976,1007,王轶,2016-12-20 06:48:14,0,0,0,666
39513,1007,王轶,2016-12-23 12:05:06,0,0,0,。。。
40164,1007,王轶,2016-12-29 14:29:27,1,2,1,上课听课迷之认真，老师很有感染力，课后作业做完，满绩很容易哦
49359,1007,王轶,2017-04-07 15:45:48,2,2,0,看到其他评论之后，我发现我认识了一个假王轶。
51617,1007,王轶,2017-06-07 14:37:54,0,0,0,巨好的老师，听他上没有意思的逻辑学也成了一种享受，老师单身
53997,1007,王轶,2017-06-28 07:31:42,1,1,0,被老师的外表所蒙蔽了
55469,1007,王轶,2017-07-01 14:12:38,0,0,0,1内容上能学到东西\n\n2讲授上真正的深入浅出\n\n3考核上试卷简单给分高\n\n4人格魅力无法阻挡
61628,1007,王轶,2017-11-19 10:38:01,0,0,0,可以说是非常棒了！超级喜欢！
116665,1007,王轶,2019-09-12 14:44:18,0,0,0,老师真的真的超级萌，上课极其风趣可爱，
117010,1007,王轶,2019-09-18 07:24:01,1,1,0,老师超级超级超级超级棒！很可爱很有魅力！如果他小个15-20岁我一定去追他（超小声
117422,1007,王轶,2019-09-24 06:06:42,1,1,0,摔伤了戴口罩也很帅！！上课很有趣！！加油！
118983,1007,王轶,2019-11-09 02:55:11,0,0,0,社会网络。老师很棒，给分也好。不过有一说一，老师的课件、作业以及最后的期末考试卷有一些小错误，给人一丢丢丢丢“不专业”的感觉。可能这也有课程内容涉及的方面并不是老师主要研究方向的原因。老师也是人，出一些小错误难免，并没有怀疑老师的能力。
120875,1007,王轶,2020-01-18 02:35:32,0,0,0,啊～我爱王轶
121036,1007,王轶,2020-01-19 09:51:08,-1,0,1,以为3.3，结果4.5………除了nice，我无话可说
121048,1007,王轶,2020-01-19 10:26:16,0,0,0,老师贼可爱贼可爱！\n\n会在群里发瑟瑟发抖的表情包哈哈哈哈！\n\n给分无敌好！我做好了拉低绩点的准备，结果拉高了哈哈哈哈哈\n\n\n\n至于逻辑学的上课内容，emmm可能因为我菜鸡，上课不大跟得上，都要靠课后自学\n\n但是期末考试内容后面题型都是固定的，多琢磨一下和同学求教一下，基本还是可以掌握的！
121147,1007,王轶,2020-01-20 01:01:04,0,0,0,老师人很好 \n\n然而我提历史最低绩点。。。\n\n当然因为自己没复习还不听课\n\n均绩被拉低好多好多好多比微积分都低好多  心塞
121160,1007,王轶,2020-01-20 01:25:13,0,0,0,上课要认真听，不然期末就是补天也来不及。老师特别好，喜欢猫咪～可可爱爱，喜欢在群里和我们一起水群，发表情包。
121375,1007,王轶,2019-12-17 07:00:45,0,0,0,竟然有额外作业帮助我们补满平时分数，赞赞赞啊\n\n\n\n
121654,1007,王轶,2019-12-10 07:37:25,0,0,0,天哪老师真的太萌了！尤其喜欢暗戳戳的晒猫！
121768,1007,王轶,2020-01-21 18:00:33,0,0,0,好可爱的人
121837,1007,王轶,2020-01-22 09:15:54,0,0,0,逻辑学导论，老师超帅超有魅力，学识渊博，不过逻辑学还是有一点点难的，幸好最后满了，如果对自己智商不太自信慎选逻辑
1377,1025,陶然,2015-03-22 01:21:03,130,168,38,男神老师，风度翩翩，温文尔雅。上课娓娓道来，虽说是面瘫式授课，但是偶尔的幽默恰到好处。听男神的课，可以让人一直认真的坐着，只是在听课。
3192,1025,陶然,2015-05-20 00:15:42,25,33,8,男神\n\n
8997,1025,陶然,2015-10-08 10:49:40,16,21,5,一坐下来就一直说，一点不会累的感觉！虽然没有ppt但是讲课很有条理。
10629,1025,陶然,2015-11-21 02:59:55,2,5,3,老师讲课还好
11895,1025,陶然,2015-12-20 16:36:18,18,22,4,老师声音好好听
16072,1025,陶然,2016-01-17 06:35:08,3,6,3,男神！！
17431,1025,陶然,2016-01-20 07:55:59,13,19,6,葵葵老师的老公，两个人超有夫妻相
22185,1025,陶然,2016-03-03 01:55:35,6,10,4,讲课很有吸引力
36577,1025,陶然,2016-11-15 03:16:50,2,5,3,男神(⁎⁍̴̛ᴗ⁍̴̛⁎)
36980,1025,陶然,2016-11-17 02:21:27,33,40,7,点进来没有看到10分我不服！大学时代最喜欢的老师没有之一，为了男神打算争取留校任教
37073,1025,陶然,2017-04-11 16:48:59,-8,11,19,。。。
37895,1025,陶然,2016-11-22 00:41:32,2,4,2,大爱陶然然
38208,1025,陶然,2018-03-22 11:45:46,4,7,3,老师很温柔讲得很好，认真听能学到很多。认真准备给分就不会差
39013,1025,陶然,2016-12-20 13:00:53,1,2,1,即便是通识，还是很认真很认真地听每节课，不忍心低一下头。
40448,1025,陶然,2017-06-07 08:24:17,3,24,21,楼上说能背诗经的，背诗经怎么了？难道全背下来就能证明文学素养很好么？很多理科生照样拿平常的时间背宋词背唐诗当然也有诗经，你怎么就知道他们在胡扯了？我一个医学生首先就不服，要不咱们来比划比划？
43448,1025,陶然,2017-01-16 09:44:00,-7,1,8,。。。
43456,1025,陶然,2017-01-16 09:48:51,4,5,1,老师很儒雅很男神！很愉快的上课经历，身心放松。顺便表白助教姐姐，温柔和善，喜欢～
43461,1025,陶然,2017-01-16 09:53:55,4,5,1,男神！真的！太帅了，风度翩翩！助教姐姐也超级好！
44114,1025,陶然,2017-01-17 09:40:41,1,1,0,男神，上课棒棒哒 给分不错，我的助教有点严。
44187,1025,陶然,2017-01-17 11:44:21,3,5,2,陶然老师学识很渊博，也很幽默，比较年轻，比较有气质，推荐理工科对人文感兴趣的同学去听他的课，总有收获。
46450,1025,陶然,2017-01-21 14:57:51,2,3,1,很男神的老师！
47781,1025,陶然,2017-02-24 13:26:35,1,1,0,超级男神的老师！给分很好！
48256,1025,陶然,2017-03-01 13:19:01,-37,8,45,你们说的很帅是real帅吗？我这种看脸选课的感觉好几次被评论所坑了::>_<::
48374,1025,陶然,2017-06-13 11:25:04,4,5,1,温润如玉
48775,1025,陶然,2017-03-12 23:52:55,4,5,1,一代儒风～
49446,1025,陶然,2017-04-13 03:38:54,9,9,0,滔滔不绝笑谈今古
50470,1025,陶然,2017-05-03 05:34:12,6,6,0,男神！文史哲不分家，各方面的修养都特别好！
50916,1025,陶然,2017-05-08 15:10:46,1,1,0,儒雅风流
51764,1025,陶然,2017-06-09 07:57:56,13,13,0,真的是我的男神，他的每一句话，每一个神采真的是大家风范，文人至今，先生而已。
51875,1025,陶然,2017-06-13 05:29:41,2,2,0,真男神
52207,1025,陶然,2017-06-16 02:58:32,1,5,4,老师的课真的挺不错啊，很有意思～就是助教小哥哥略有些严格，而且宋词这门通核真心事多啊……
55881,1025,陶然,2017-07-02 14:12:26,1,1,0,(づ ●─● )づ
56588,1025,陶然,2017-07-04 04:52:46,1,1,0,陶老师真的是男神，一身学者风范，人文气息厚重。老师上课非常认真，有深度，有思考，有内涵。助教小姐姐非常好，对我们都很好，给分也超级棒啦~\(≧▽≦)/~
56636,1025,陶然,2017-07-04 06:19:19,28,43,15,这里的评论怎么都没有说课程内容的啊???下学期通核宋词经典 求问具体情况 先打个10分
58196,1025,陶然,2017-08-20 03:56:37,12,14,2,大学两年最喜欢的课了！老师很有学者风范，上课的时候喜欢面无表情的抖机灵。助教小姐姐小小只可萌了，声音软软的，虽然也惯常面无表情不过是萌点啦。能学到很多东西的通核课！考试也挺良心，带本词集，记住助教画的重点就好啦！
61220,1025,陶然,2017-12-22 06:11:14,219,236,17,想起春天每周三晚上从紫金港到西溪，去时满脑子大雾无机微积分，回来不过春、江、花、月、夜。
63745,1025,陶然,2017-12-14 02:15:47,7,7,0,真正的大师\n\n简短的交流甚至是第一句话就能让你感受到他的水平\n\n平易近人 温文尔雅 \n\n希望中文系能多一些这样的老师\n\n
64785,1025,陶然,2017-12-27 06:32:18,-7,1,8,。。。。。。
64922,1025,陶然,2017-12-28 03:16:59,1,1,0,非常好
66639,1025,陶然,2018-12-26 16:01:31,1,2,1,风度翩翩，儒雅男神
67948,1025,陶然,2018-01-22 11:06:00,2,2,0,听男神的课真的是一种享受，真正感受到了大学课堂的魅力，他就坐在那里，将一切娓娓道来，旁征博引，大家风范～
68533,1025,陶然,2018-01-23 10:18:27,1,1,0,老师真的是男神！超赞的！给分也超级好，比较看重新想法哒
76472,1025,陶然,2018-04-10 11:14:01,6,7,1,一节课感觉就像是在听一集百家讲坛，完全脱稿，旁征博引，这文化涵养是得有多深！
80060,1025,陶然,2018-06-19 10:32:35,0,3,3,感觉上课略水啊?
82304,1025,陶然,2018-07-07 23:27:53,0,2,2,老师人挺好的，但上课让人提不起兴趣，怪无聊
83791,1025,陶然,2018-07-11 08:37:11,0,2,2,老师可以，\n\n宋词被正态\n\n破事有点多\n\n追求绩点高的爱表现的没事喜欢上课发言的可以选\n\n反正宋词成了大一绩点最低的一门课
83807,1025,陶然,2018-07-11 08:49:42,1,2,1,品一曲宋词，味一段往事。醉美宋词温柔。
83812,1025,陶然,2018-07-11 08:53:43,3,5,2,老师挺好的，知识很渊博，不看ppt也可以娓娓道来。但是宋词讨论课事情是真多，给分也是真差，最后被正态，2.8，啥也不说。上课不喜欢发言展示比较垃圾也不至于这么低啊。文学素养较高的选还是有优势的，对文学零素养的理科生极不友好。
83857,1025,陶然,2018-07-11 10:26:44,18,26,8,这个学期上老师的课真的学到了很多！但是最后的给分真的很不好！\n\n有四次小作业，每次都特别认真地完成了。而且害怕自己做不好，还专门问过老师，老师当时的回答是比较忙，没有时间看。\n\n有问题的时候没有好好指出问题出在哪里，给分的时候却……\n\n得分高的同学，知道的有一些根本就没去过几次课，而且最后作业也是摘抄的，但还是得到特别好的分数。\n\n本来知道自己成绩不好，心里已经很郁闷了，知道别人成绩以后，自己心情更不好了。希望老师在下个学期可以注意这方面的问题。\n\n毕竟很多的同学，为了好好完成作业在图书馆连着熬了好几周！
83860,1025,陶然,2018-07-11 10:44:37,7,7,0,作为一门三分的通核课讨论课事情多可以理解，助教小哥有点严格，一个学期四次展示的量有点大，到后面兴趣一点一点地减弱……可能是我个人的原因。有些人上老师讲的课或是同学自己的讨论课，都没有听一直水手机，emmmmm。虽然这门课让我在某些时刻感到很讨厌，甚至当时觉得助教有偏见，但是最后冷静下来，助教小哥对我们的评价，比其他那些普通的通识收获的多很多，后来想想，助教有义务告诉我们这些不管是知识上的还是人生上的道理吗，没有，但他还是告诉了我们。他其实什么都懂。谢谢这门课和老师与助教，使我变得更强，尽管我不爱发言没有展示，但是我对这个结果是满意的。
83995,1025,陶然,2018-07-11 16:16:45,6,7,1,老师的课不是单纯地赏析宋词，而是带你研读入门，至于讨论课肯定要积极发言，因为感觉区分度会比较大，考试则一定要看ppt。这样下来成绩肯定不会差。\n\n以上只是功利地分析，如果能认真学下来，你真的可以感受到宋词的美。助教小姐姐的讨论课也组织的很好，真正对宋词感兴趣的同学选了不会后悔的。很开心当时能选上这门课。
84239,1025,陶然,2018-07-12 10:21:34,2,3,1,一学期下来，发现大家去听课都是挺水的，大部分在写别的作业。但是讨论课上，展示的小组都是认认真真准备的，大家都超级优秀，助教也超级可爱。感觉还是不错哒
85795,1025,陶然,2018-08-10 12:20:25,2,3,1,据说期末考试为我们争取可以带手机，老师真的很可爱了(๑• . •๑)
92386,1025,陶然,2018-12-28 07:37:59,0,1,1,准备去听
105547,1025,陶然,2019-04-16 12:23:19,7,9,2,与君一醉一陶然
105745,1025,陶然,2019-04-19 14:57:32,2,5,3,。。。。。。。。。。。。。。。。这课太硬核了，还每周做mooc测验作业，建议理科生就算了吧。。。
106945,1025,陶然,2019-04-30 10:43:05,7,9,2,复联4剧透可还行 ?
108175,1025,陶然,2019-05-16 04:20:58,20,21,1,抛开其他一切因素来看 这门课着实值得一听 陶然老师学识渊博 信手拈来\n\n但是这门课作为通识课实在是太硬核了 如果不是对宋词真的有很强烈的兴趣的话 \n\n建议就别选了吧 我一个中文系的学生已经在一群工科生中感到自卑
109198,1025,陶然,2019-07-04 00:08:17,7,9,2,啊啊啊表白张婧小姐姐的爱了爱了
109575,1025,陶然,2019-06-20 12:30:17,-3,5,8,不上宋词课，我可能永远不会知道，我竟然也可以是一个上课抢着发言的人。\n\n上其他课我大概永远不想发言，因为我没什么好说的。非要发言的话我可能只会尬，然后用几句毫无含金量的话搪塞过去。因为我没有国际视野和创新思维。\n\n但是在宋词课我有很多话想说，并且我不觉得我的发言是在浪费时间或者敷衍。我会觉得大家都很优秀，而我也很优秀。
109944,1025,陶然,2019-06-20 11:59:45,-8,4,12,垃圾垃圾
109983,1025,陶然,2019-07-03 17:14:29,4,8,4,老师挺好的，破事贼多，四次展示，期末硬核，作业巨多，给分也不好，没兴趣的还是慎选。
109987,1025,陶然,2019-06-21 03:00:00,1,2,1,唐宋词研究-课程作业较多，但确实有收获。不管老师给我这个菜鸡几分，我给老师的都是十分！
110984,1025,陶然,2019-07-03 23:53:23,2,3,1,老师很好哦，温文尔雅，但是对宋词兴趣不大的同学慎选，事情挺多的，而且期末考试很硬核，第一题标平上去入，我基本没标，3.9?满足了……
111852,1025,陶然,2019-07-03 01:12:29,0,1,1,事情挺多，不知道给分怎么样，退不退院就看老师给分高不高了。
112134,1025,陶然,2019-07-03 17:22:57,5,10,5,简直绩杀。我除了上课不发言有两次忘记mooc之外其他都好好完成了。结果才2.4。我去。不爱发言的慎选。不，别选。\n\n
112171,1025,陶然,2019-07-03 18:39:36,3,3,0,讲课内容很好，但是语气平板，略为无聊。老师人特别好，但是作业吧恶竞严重，给分也偏低（也许助教也参与了？），不知道按啥给分的……
112186,1025,陶然,2019-07-05 04:35:29,7,7,0,老师蛮有水平，虽然我分不高
112210,1025,陶然,2019-07-03 23:03:32,4,5,1,不太听课周二课，因为对宋词兴趣仅限于欣赏，研究类的听不下去。\n\n通核是不是事情都比较多，给后面人一个参考，三四次展示，如果想拿高分，每次上课发言，每次课后写思考题，日常慕课选择题与四五百字小论文，还写了两次词。期末考试虽然开卷，但也不知道该带啥。而且宋词易出大佬，因为他们是真的有兴趣。\n\n陶然老师还是不错的，风趣幽默，很儒雅。\n\n给分不清楚具体怎么样，我的一般般。
112250,1025,陶然,2019-07-04 00:11:18,5,5,0,老师讲的挺好的，但是给分不好。唐宋词研究这门课，不点名，四次作业，最后一节课交。虽然不点名，我也是节节到。上课内容很充实，真的。但是课后我也很努力去完成作业了。第一份作业是找一部词集的版本源流，老师推荐资料是饶宗颐的《词集考》。由于我并没有对哪一位词人非常热爱，所以看了好几篇，才挑选的。打字，还设置成了繁体。最后还另外搜索了，词集在近代的版本刊行情况。自己觉得很用心了。对每次作业都是。结果不好，不仅被卡绩了，还连均绩都没到○|￣|_可能是由于作业可以小组合作，两个人总比我一个强吧......对了，因为小组合作，所以老师说会有一些人分数一样，所以临时加了场课堂小测。所以，不要翘课!
112257,1025,陶然,2019-07-04 00:24:24,11,14,3,强烈建议非中文系且无古典文献基础的同学慎选唐宋词经典。四次作业，一次课堂随机测试，都非常硬核。表示每次都认真做了每次课都到了最后成绩也很不理想。非常希望体验陶然的风格，且有充分时间提升自己古典文学能力的同学再选吧。
112336,1025,陶然,2019-07-04 02:05:02,-8,6,14,我觉得给分挺好的啊。说老师给分不好的同学肯定是讨论课不积极，这不能怪老师啊。而且通核这类课本来就是要发言才能分数好看一些，大家又不是不知道。
112431,1025,陶然,2019-07-04 06:35:47,2,2,0,很喜欢宋词也很喜欢陶然老师，三次展示也有认真去做，但是大概是自己水平也不高，同组也没有大佬，所以效果还是不理想。两次填词也是真的填不来。期末题不怎么会写，讨论课发言一次。2.4。对古诗词没什么造诣的还是别选了
112469,1025,陶然,2019-07-04 09:56:27,4,4,0,很喜欢陶然老师。虽然宋词的确事情很多，也占用了我很多时间，但努力终有所得，学到了很多宋词的知识。当然，功利地来讲，发言很重要，如果大家选了这个课，讨论课还是多多发言吧。
124634,1025,陶然,2020-07-04 12:20:47,1,3,2,给分的确不太行，每节课都发言，小组作业我是最积极的那个，最后小组比赛我为我们组争得了大部分的分数，最后绩点3.8。好吧，表现都埋没在小组中了？
124635,1025,陶然,2020-07-04 12:42:05,1,3,2,陶然老师男神！老师我也是漫威粉！平易近人的国学大师，紧跟潮流，当之无愧的男神！虽然平时讨论课事情多，但只要平时努力，成绩不会差的，付出和回报是成正比的！
129666,1025,陶然,2021-01-10 12:14:10,3,3,0,任务挺多，绩点也不高。还是适合有文学涵养的同学上吧。
134630,1025,陶然,2021-04-06 11:45:28,2,2,0,男神！
137895,1025,陶然,2021-07-06 13:26:26,6,6,0,忽然发现一学期这么长的时间已经过去了，每周二晚上的晚课，每周四截止的慕课，每周五东六小教室的讨论课，都成为了最美好的回忆
139631,1025,陶然,2021-07-18 13:44:23,2,4,2,男神！讲课真的很好听，几张PPT娓娓道来，不知不觉就下课了。作为一门通核事情确实比较多，但慢慢坚持下来也很有收获
147290,1025,陶然,2022-01-09 12:16:38,-1,2,3,真正的大师！
151907,1025,陶然,2022-03-20 09:46:41,3,5,2,老师很好，见微知著，娓娓道来，但课很卷，讨论课都是一群大卷王表演，慎选，不是卷王没时间的话不如选个别的
153163,1025,陶然,2022-04-26 10:22:57,11,13,2,我是陶老师的狗!
156889,1025,陶然,2022-06-21 09:33:30,1,2,1,给分很好
156910,1025,陶然,2022-06-21 10:23:38,8,8,0,刚开始选宋词，单单是因为课程评分高并且既是通核还是古代什么的；中途发现对于我这种理工科没有宋词积累和内涵的学生来说有些吃力，所以讨论课是真的一句话憋不出，整个学期只心理斗争着水了一次发言，全是凭着陶老师那独有的文人风骨和气质、幽默的语言和对学生的关心所打动，坚持去每一次线下课；末尾，似乎是取消了五级制，现在并不像以前那样评论里说的给分一般，可以说给分很好。力挺这门通核课，也力挺陶然老师和助教姐姐！
156946,1025,陶然,2022-06-21 11:40:37,2,2,0,满分！没什么可以挑剔的，老师很博学很儒雅，而且也很潮流，了解很多网络上的梗，助教老师人也超好超级负责，给分很好，现在五级制取消了，大爱陶然老师！
157130,1025,陶然,2022-06-22 03:45:57,1,2,1,陶然老师讲课特别好，很自然很流畅，让人如沐春风，可能是因为这个学期取消了正态，给分也很好。唯一美中不足的就是讨论课挺累的有点卷，其实一直不太理解，感觉讨论课分享重在内容，但是就是有人卷形式，不过可能也是因为形式创新确实容易拿分吧。但组员都很好，加上老师很好，宋词的体验还是很不错的～
157324,1025,陶然,2022-06-23 03:34:14,5,5,0,陶老师，我的男神！
160138,1025,陶然,2022-09-13 23:11:49,0,0,0,兢兢业业！
161315,1025,陶然,2022-11-04 05:19:37,3,3,0,陶老师授课认真严谨，在讲解宋词时融入了非常丰富的历史文化知识。老师教会我们在进行文学评论时必须以他证和自证为依据，不可人云亦云、搬用结论。我想这对我们以后的学习是很重要的。
164568,1025,陶然,2022-12-22 02:38:27,1,2,1,事情确实很多 但有兴趣的话还是体验很不错的\n\n怕出分以后不能公正地打分 先在这里给陶老师打十分
165163,1025,陶然,2022-12-29 13:04:43,4,4,0,一句话：健康比作业重要\n\n10000000分
165300,1025,陶然,2022-12-31 08:38:59,2,2,0,线下课感受老师的博学与儒雅，线上课感受老师的博学、儒雅与对学生的关爱!
166245,1025,陶然,2023-01-11 14:07:35,2,4,2,工科生慎选。选课前确实我也是有一腔热爱在的，觉得欣赏宋词的意味，体悟一些内在文化还是很有意思的。开课后发现课程更多的是在学习一些与词相关的历史、了解词人的背景故事、深入一些词派和对宋词有大贡献的词人，和我之前设想的不太一样。但是很多认真听讲的课友们都深深折服于陶然老师的个人魅力，讲课也比较有意思。我积累的比较少（其实只有课内涉及的某些诗词和一点点延伸）且社恐，所以在讨论课上的发言完全没有。展示的锅真的很多，大概两三周就会有一次有时会更频繁。因为嘴笨所以做了将近一个学期PPT呜呜呜。但是助教老师真的很好，很体谅同学并且会认真地对同学的发言做点评。大一新生对绩点还没有一个全面的认识所以这里先不谈了，但是我个人是满意的。\n\n理工科生也有基础很强的同学，讨论课上就是看大佬们发挥自己的才艺我在一边瑟瑟发抖。对于真的很想深入宋词的同学来说这门课还是很值得一冲的，不过像我一样很可能脑子一热选了，后来大概率会后悔的还是慎重，毕竟确实课上着上着是真的人越来越少的（大一新生见识了）。\n\n也许上宋词的课真的很像以前上语文课，心里一百个想逃快逃，但是真正去听，会收获很多意外惊喜，这些惊喜可能是在课堂上课友分享的一首宋词，也有可能是某个没课的晚上走在路上脑子里蹦出来的一句诗词。总结：课不错，老师不错，看你自己适不适合。
166680,1025,陶然,2023-01-13 08:15:23,1,1,0,说实话陶老师的课要认真听的话收获很多，虽然事情是真的多，有讨论课的小组展示，大概有两次作词的作业，每周还有慕课的作业，但是如果付出的话分数很不错，如果喜欢宋词可以选。
167949,1025,陶然,2023-01-20 15:19:45,3,3,0,文学名作精讲。陶老师上课比较侧重唐宋的重大政治历史事件和诗人的身世，作品本身反而有一点被边缘化（？）风格挺特别的，总之“读”的部分全靠同学自己课后完成，老师负责铺垫和提示、启发。陶老师有儒者风度，平易近人，大概是很多人心中的男神吧哈哈。\n\n看到前面有吐槽老师抽烟的，emm其实中文系不止陶老师抽烟，我感觉还挺正常的？
169787,1025,陶然,2023-02-28 02:05:13,1,3,2,学富五车
174113,1025,陶然,2023-06-06 09:57:18,3,9,6,老师好帅呜呜，男神男神！第一次觉得抽烟很帅，有一种文人的雅痞感？老师人很好，水平也很高，但是，创意写作这门课就是一坨💩吧，期末要交四首诗词就像小学生做微积分，至少对我来说是这样的。。。给老师本人打10分，但是老师能不能不要教这门课了呜呜X﹏X
174266,1025,陶然,2023-06-08 12:28:06,3,10,7,陶然老师超级好，真的是温润儒雅，但是但是，在没出分之前客观地喷一下讨论课，助教cyx就是依托答辩，第一节课就开始鼓励恶竞，说什么你们多发言那我肯定能记住，这样期末肯定给分好一点，然后然后，最离谱的一点是，她从第一节课到最后一节课都没有时间观念，每次一开始拖拖拖，说一堆废话，然后到快下课的时候，剩下的组展示不完了，就让人家压缩时间随便讲，或者拖堂，真的讨论课体验很不好很不好，而且很卷很卷，也没有学到什么
176859,1025,陶然,2023-06-30 12:04:07,15,16,1,老师儒雅知识渊博，助教姐姐人美心善，我们班我们组都不太卷，但助教姐姐也改了个好分！\n\nsrm助教非常好！很有经验，时间控制也很好。\n\n然后按照这门课的要求是宋词的部分大家自己看mooc，老师理论课更多地是讲一些拓展内容。\n\n有没有基础感觉都可以选，这门课很值得推荐！当然要注意的是，任务量确实挺大！
176889,1025,陶然,2023-06-30 14:30:07,6,6,0,温文尔雅，坐在那儿就有一股文质彬彬的味道
176900,1025,陶然,2023-06-30 15:27:47,2,2,0,陶老师给分真的很好。mooc作业忘做了，结果最后出来绩点还不错
179725,1025,陶然,2023-09-19 13:44:55,1,1,0,侃侃而谈，娓娓道来，文人气质，温和如玉，第一天上课就把我折服了。选到就是赚到
180652,1025,陶然,2023-09-24 07:40:07,0,1,1,很好的老师
182194,1025,陶然,2023-11-12 08:22:38,16,17,1,一百多人的课只有四个人到，陶老师也不生气，认认真真把课带完了，不得不说还是有点胸怀在心里的
182308,1025,陶然,2023-11-14 11:01:27,2,2,0,老师讲课很好
186711,1025,陶然,2024-01-12 14:57:39,0,0,0,【宋词经典研读】老师讲的很好。但是讨论课事情很多，三周至少一次小组pre，每周都有mooc视频，讨论，测试（课本上有答案！！！），期末前要求自己填词并pre，期末开卷。文学素养不好，或者对宋词兴趣不是很浓，慎选。喜欢的尽管冲。
187635,1025,陶然,2024-01-17 02:30:22,3,3,0,男神\n\n会爱上他的
195340,1025,陶然,2024-06-27 22:43:15,0,1,1,老师身上真的有一种文人风骨。我记得五一前教室没几个人都不会生气说要点名。而且宋词这门课真的不需要太多文学素养，虽然事情有点多，但是给分真的超级好，只要你认真完成。
195892,1025,陶然,2024-06-30 14:33:46,0,0,0,事情有点多，但是花的时间没有想象中那么多。只要把东西都做完，给的分都会很好
200938,1025,陶然,2024-10-25 05:04:46,1,1,0,唐宋词研究，快结课了来评价一下这门课和陶老师。\n\n首先这门课可以说是选修课中最适合小白入门古代文学研究的，对词学的介绍、版本调查、校勘笺注等等内容对了解古代文学研究都很有帮助。对大四同学来说事情确实多了点，但无疑是很有帮助的课，所以对古代文学感兴趣的同学可以考虑早点选。\n\n其次陶老师的知识面和视野也非常开阔，从上课的讲述中能感觉到他对文学研究的包容和热爱，不会过分强调考证等偏向实证主义的研究方式，这和我的理念不谋而合。\n\n最后陶老师上课也还是有意思的，不会让人感觉枯燥。
218814,1025,陶然,2025-05-06 13:53:06,0,0,0,确实不错
221611,1025,陶然,2025-06-25 02:25:00,0,0,0,上了宋词经典研读的课，感觉挺好的，推荐
221695,1025,陶然,2025-06-25 09:26:51,0,0,0,宋词经典研读，老师从不点名，讲课行云流水，儒雅中带着风趣，实在是太吸引人了！上课认真听认真做笔记，讨论课好好干活（不要给小组拖后腿哦！），准备好自己的笔记和唐宋词通论、唐宋词格律，那么期末考前是不用复习的。
1572,1044,盛晓明,2015-03-22 15:34:00,37,55,18,有感觉 听得不想下课\n\n
2262,1044,盛晓明,2015-04-15 03:26:51,11,15,4,最喜欢听他扯，可能扯啦
2379,1044,盛晓明,2015-04-27 23:05:38,7,11,4,讲得非常清楚的哲学老师
4473,1044,盛晓明,2015-06-23 10:58:37,2,3,1,讲得好～
5207,1044,盛晓明,2015-07-06 00:43:18,2,5,3,挺能扯的老师，扯得也还算有意思。
7276,1044,盛晓明,2015-09-12 14:36:12,5,9,4,难得听哲学课能听那么懂还完全听进去自己思考
7812,1044,盛晓明,2015-09-15 13:36:48,7,11,4,简直不能太赞！
13441,1044,盛晓明,2015-12-28 04:02:37,1,2,1,老师萌哒哒的
14246,1044,盛晓明,2016-01-05 16:38:51,1,1,0,真的棒
15844,1044,盛晓明,2016-01-16 12:07:01,1,1,0,非常喜欢：有条理有实例
20222,1044,盛晓明,2016-01-26 14:55:40,1,1,0,高屋建瓴，太棒了 ！
22297,1044,盛晓明,2016-03-03 10:29:20,1,1,0,有思想，好老师\n\n
25794,1044,盛晓明,2016-06-08 11:17:56,7,13,6,感觉比其他通核麻烦许多啊
26317,1044,盛晓明,2016-06-17 00:54:57,4,5,1,喜欢，老师的思想也很前卫，听了很有启发，小腹黑可爱
28782,1044,盛晓明,2016-06-28 14:44:45,-1,1,2,循循善诱
30338,1044,盛晓明,2016-07-01 10:11:32,-1,0,1,很舒服
31636,1044,盛晓明,2016-07-04 10:08:35,-4,1,5,棒，给分也好
32498,1044,盛晓明,2016-07-07 06:56:02,4,21,17,老师讲课很棒，给10分，然而我当了小组长积极发言，小班讲完大班也讲，考试复习好久，却只有3.5，感觉白付出了一学期的努力，想不通
33215,1044,盛晓明,2016-09-16 02:04:01,-3,1,4,123
34138,1044,盛晓明,2016-09-27 11:43:36,2,2,0,太棒了，不想下课，了解了很多新知识。思考了很多没考虑过的问题
36682,1044,盛晓明,2016-11-15 10:55:15,2,2,0,好老师，虽然听不太懂，但真的是好老师。。。
41654,1044,盛晓明,2017-01-12 10:01:04,0,4,4,老师自己还好，但是助教很渣，而且很麻烦，得跑玉泉什么的，考试贼几把难
43540,1044,盛晓明,2017-01-16 13:39:33,2,3,1,据说老师讲的都是这个领域最前沿的东西。\n\n然而分给的不高。
43555,1044,盛晓明,2017-01-16 14:05:42,9,12,3,老师知识水平很高啊，博古通今的那种。要是感兴趣 感兴趣 感兴趣必要是很好的；要求读的书一般都看不懂，考试前要挑重点硬背。老师连同助教的要求都挺严的，课程整体也不(能)水。适合思维活跃和热爱发言的人。等级制给分，本水比的均绩被拉低得可惨。
44878,1044,盛晓明,2017-01-18 12:27:29,0,4,4,表白老师！表白安修辰助教！有干货，想水也可以水！
47460,1044,盛晓明,2017-01-27 03:24:00,-1,0,1,老师上的很好，就是考试太难
48077,1044,盛晓明,2017-02-28 10:09:08,7,9,2,老师讲的好，干货满满，引人深思，当组长 积极发言 考前看完必读书目，其实你只要把这些做好就能拿高分，我就是这样，给分真的很好，大家不要水就可以了，加油吧！
48747,1044,盛晓明,2017-03-11 11:21:26,4,4,0,楼下的小哥，那我给你讲一个故事吧
48748,1044,盛晓明,2017-03-11 11:20:32,5,6,1,刚刚墨菲定律的同学，你听说过先验主义吗？
51814,1044,盛晓明,2017-06-11 10:50:43,7,11,4,老师好得没话说，小心一个姓俞的助教
52165,1044,盛晓明,2017-07-01 13:30:36,-2,8,10,给分巨烂，辛辛苦苦做了一个学期，也很认真听课。最后考试明明感觉很好，讨论课也很积极，只是最后给分就巨烂。\n\n想选通核还是避开这门课吧。
53944,1044,盛晓明,2017-06-28 07:29:05,2,2,0,我国哲学届的大牛啊
54404,1044,盛晓明,2017-06-29 09:24:34,1,1,0,老師很好，然而我渣…期末不開卷要出人命了
54701,1044,盛晓明,2017-06-30 05:08:42,1,2,1,有思想有风度有情怀的老师 上课真的收获满满 推荐书目虽然难懂但是值得花时间去读 焦虑地等成绩?
55471,1044,盛晓明,2017-07-01 14:20:25,2,3,1,高屋建瓴，深入浅出。大家可以百度搜一下当代科技哲学，有老师年轻时（真的好年轻...）做的课件，基本上大纲按这个来的，自己出题的时候也可以参考。大班讲课仔细听一听收获很多，讨论课互相扯皮也很有趣的，至于要做的作业，很有意思的（我们是采访实验室）相比我舍友的通核其实还算简单不少了。顺便表白助教姐姐^_^。平时分给的很好的
55476,1044,盛晓明,2017-07-01 14:41:48,1,1,0,幸运的大一
55487,1044,盛晓明,2017-07-01 15:36:33,3,4,1,老师很有儒雅的气质，人也很好，就是讲课的时候逻辑有时跳的比较快...而且声音比较小，有时跟上他的思路不太容易...总的来说老师不错?学期调研也很好玩
55489,1044,盛晓明,2017-07-01 16:02:59,11,17,6,什么？上通核还能吃夜宵？是的你没有听错！过去58，68，今天统统不要钱！助教来bg，隔壁请喝酒，你要的这都有！没上过通核的朋友们快来选课吧！
55490,1044,盛晓明,2017-07-01 15:46:52,2,2,0,老师知识很渊博，喜欢他上课的方式(๑>؂<๑） 真的学到了很多东西。就是讨论课有点麻烦的。我的绩点一般吧，但是已经很满足了。
55500,1044,盛晓明,2017-07-01 16:09:04,3,4,1,虽然某人问我为什么要选这么不水的通核……那当然是，为了萌萌哒的助教吖。考完还有大鸡腿BG，你嗦你还有什么理由不来选的。考试占主要，考前老师会说考的题目，和小组成员分一下写答案考前背一背，嗯，很幸福。这门通核大概是我这学期绩点最高的课了吧。_(:з」∠)_
55531,1044,盛晓明,2017-07-01 23:47:13,9,11,2,首先表白助教唐姐姐...助教姐姐说体谅我们学生时代的辛苦，给分超级超级超级好！不过还是说说课程本身，客观的讲如果不是对哲学有兴趣，很难听进去老师的课。老师水平是真的高（科哲这方面领军人物），老师讲的是好东西（基本上都是这领域的前沿，上半学期更多是讲的“历史”，下班学期更多的结合了“当下”），老师人是很好的（口头禅“我跟华为的老板喝酒”，对于上台展示的同学给予足够客观的点评与鼓励）。总之，希望大家真的喜欢哲学再选这门课（毕竟这是一门有门槛的课），如果选上了就认真听一听，会有收获的，你会以后以一个新的视角看待问题！
55551,1044,盛晓明,2017-07-02 01:29:12,6,9,3,有一种助教叫俞鼎～\n\n
55609,1044,盛晓明,2017-07-02 04:42:15,1,6,5,虽说是科技哲学，讨论的更像是伦理学的东西，挺失望的，感觉深度并不够。
55871,1044,盛晓明,2017-07-02 13:57:11,2,3,1,盛老师真的是大家，拿支粉笔就看可以侃侃而谈，而且讲的很好！表白助教哥哥潘学长，认真负责！还有bg！
56702,1044,盛晓明,2017-07-04 10:14:01,0,4,4,老师是挺好的，但是某位姓俞的助教戏特别多，可能是戏精转世
58112,1044,盛晓明,2017-07-31 18:01:20,0,1,1,
80821,1044,盛晓明,2018-07-01 12:19:55,28,36,8,十分打给韦祎助教小哥哥，人很好。顺便祈祷明天能考个好成绩。。。
82091,1044,盛晓明,2018-07-07 05:39:49,0,1,1,见过最好的老师
82137,1044,盛晓明,2018-07-07 08:05:11,21,27,6,听老师的课就是享受，同时表白助教韦学长！从一种懵懂无知到看得懂哲学的过程，已修炼成功。
82263,1044,盛晓明,2018-07-07 15:09:19,2,3,1,老师好，助教更好
82268,1044,盛晓明,2018-07-07 15:17:07,26,30,4,肥肠喜欢老师的课，一个学期下来真的学到了很多，而且老师上课特别喜欢笑，让人心情都好了。表白盛老师！还要实名表白韦助教，助教你太可爱了！给分也棒棒哒！
82269,1044,盛晓明,2018-07-07 15:17:46,25,31,6,表白帅气又善良，聪明又可爱的百科全书般的存在——韦祎助教(｡･ω･｡)ﾉ♡\n\n老师很可爱，绝对的大佬，疯狂点赞٩(๑^o^๑)۶
82272,1044,盛晓明,2018-07-07 15:25:54,2,3,1,老师学富五车，讲课深入浅出，很有帮助，帮助我系统的理解和认识了哲学，很多东西也很有启发性。给分也特别好！！！
82274,1044,盛晓明,2018-07-07 15:40:02,1,2,1,老师上课非常棒，科学哲学启蒙导师没错了，想了解科学哲学的极力推荐选这门通核。助教小姐姐人也很好，认真看书复习完成作业和调研，任务不算少，但收获颇丰。
82279,1044,盛晓明,2018-07-07 15:48:07,16,21,5,诶，我给你讲啊，有个马哲的韦助教好到没朋友
82299,1044,盛晓明,2018-07-07 22:53:58,17,20,3,认真学，对志在科研的同学会很有帮助的。考试题目偏开放，除了看《科学革命的结构》、《真科学》等书，平常最好对一些科技发展问题有自己的思考。调研的时候要有问题意识，主题可以适当放飞自我٩( 'ω' )و最后祝大家选到好助教，比如楼下提到的韦学长。
83687,1044,盛晓明,2018-07-11 04:03:01,0,1,1,表白助教蔡诗灵学姐～
84369,1044,盛晓明,2018-07-12 16:01:40,2,4,2,最喜欢老师讲话半路杀出来的一个自嘲或是小幽默，说实话科技哲学有部分实在不好懂，但老师确实是个好老师，助教也都很负责。。不要问我怎么知道的。。。我看脸(๑>؂<๑）
85446,1044,盛晓明,2018-07-18 02:51:45,11,13,2,韦祎助教真的把这门本来就不错的课堂体验提升了一个档次，还有老师也随性，挺不错的
99681,1044,盛晓明,2019-01-25 04:55:28,4,8,4,盛老师持着一种理想大学教授的风度。上课思路清晰，娓娓道来。既没有想象中哲学的枯燥，也没有科技的冷漠单调—两者结合到一起仿佛产生了别样的魅力。课程内读了四本书，上课内容也大多与这些书有关，上课认真听，课后认真读书，是非常好理解的。最后一定要为韦祎助教打call！讨论课轻松充实事情少，疯狂暗示，氛围超愉悦的！选到就是赚到，还在等什么！(感觉任何专业都可以试试)
99689,1044,盛晓明,2019-01-25 05:06:52,1,3,2,老师上课干货多!刚开始可能听不懂，上课就勤做笔记，类似讲座记录这样，期末看的时候会很有启发性。平常任务好好做，期末腾一个下午把几本课外书的体系过一遍，心里有个框架，大概知道学了些什么就好了~最后表白助教冯侃小哥哥～随性又可爱!
99697,1044,盛晓明,2019-01-25 05:15:04,4,5,1,[课程]不是传统意义上的哲学课，而是用哲学来反思科学，和科学史、科学社会学等都有密切联系。课程真的要吃透很有难度，要读的书也需要时间和思考投入的。能让你对于科学有完全不同的看法。以及事情挺多的，不过你想划水也就划过去了。[老师]盛老师很有魅力，很有风度，我觉得很迷人。嗯，很迷人，很有个人风格。喜爱老师的微笑。课堂深入浅出，但不基于认真的课下阅读，这种理解总会差口气。[助教]褚蓬怡助教也超棒的，亲切友善有bg，只是没想到第一眼美丽文静的小姐姐，实际吐槽功力十级，鬼鬼。[给分]看学习帝的分布图觉得正常水平，主观感受是我的成绩似乎没匹配上我的努力。听说还是考试占大头，也许我的理解终究还是不到位吧，或者答偏了。也许我也该反思自己对有些章节的敷衍。
99995,1044,盛晓明,2019-01-25 12:10:30,1,4,3,表白韦助教，好滴hin呀? ? ? ? ? ? ? ? ? ? ? ? ? ? ?
100028,1044,盛晓明,2019-01-25 12:57:03,3,4,1,韦助教超赞的鸭，盛老师讲的也很好
102699,1044,盛晓明,2019-02-21 06:54:12,0,1,1,认真听课的话非常有收获
104083,1044,盛晓明,2019-03-11 23:44:41,1,3,2,老师像不像蔡康永(๑˙ー˙๑)
105356,1044,盛晓明,2019-04-10 11:37:33,-1,0,1,占个座
108107,1044,盛晓明,2019-07-04 22:25:27,-1,10,11,过分辣鸡
109155,1044,盛晓明,2019-06-10 10:39:29,-5,6,11,我不喜欢。
109817,1044,盛晓明,2019-06-19 11:52:20,1,2,1,非常有智慧的老师，除了文人的感觉外，感觉是一个有更高现实能力的人
109821,1044,盛晓明,2019-06-19 12:26:46,2,3,1,一位优秀的学者，也是一位优秀的教师，认真学真的能学到很多，希望下次有机会还能选上盛老师的课
112565,1044,盛晓明,2019-07-04 17:55:31,0,4,4,深夜出分来吹一手老师！\n\n讲课真的很有水平，干货满满，而且给分也好，分数结构合理。讨论课发言次数只占5%，很照顾我这样不太爱说话的学生，分数更看个人论文、考试和分享有没有自己的思想和理解，没有选上通核的同学，这门课绝对是你们不该错过的选择
113778,1044,盛晓明,2019-07-07 12:06:37,2,3,1,课太精彩 下课学生都会继续围着老师讨论 每次都弄到很晚
121440,1044,盛晓明,2019-12-16 06:16:22,7,9,2,这学期又开始选课了，前一年选上了这个课，老师很好，讲课也很好，但是我就是理解不了…拓展阅读渐渐看不懂，上课讨论真的很要我命，最后直接汽修了。选这门课的理工科同学多问问自己是不是对这些哲学知识有一定的接受能力，我是真的对这方面的理解的悟性也特别低，根本学不懂，特别痛苦。再重复一遍老师真的是绝世好老师！！！
122818,1044,盛晓明,2020-04-10 14:19:41,8,9,1,老师非常好👍🏼就是过于硬核，dl实在太多，只好弃修...
123997,1044,盛晓明,2020-06-19 15:48:01,1,3,2,太震撼了，又是一门对我的世界观和人生观产生了极大影响的科目！！！赞！！我来浙大就是为了听这些课的！！！
124124,1044,盛晓明,2020-06-24 23:19:21,6,9,3,非常好，内容有趣，给分合理。理工科学生完全可以接受。科技哲学本身带有一定的科学韵味。无论是学理工的学生，还是学文科的学生，都能有不同的感悟。
126341,1044,盛晓明,2020-09-23 06:53:47,0,1,1,老师知识渊博，学富五车，讲课娓娓道来。
127001,1044,盛晓明,2020-11-02 07:25:19,3,13,10,首先，我认为老师非常的随便，连自己的课都能忘记上，无语😓（年纪大了不是借口哦，浙大也有很多年纪大的老师的，但是都不会忘记上课的）\n\n第二，非常的优柔寡断。就一个简简单单课程考核方式的问题拖了一个学期也没定下来，好不容易定下来后，又因为有同学说可以可以写论文而不是考试他又动摇了，说这个你们决定。。。。这是几个意思？？？来浙大也一年多了没见过这么没主见的老师，接近考试周还没定下来怎么考核的\n\n第三，非常官僚，虚伪。记得第三次来上课的时候他跟我们讲有个人非常敬仰他给他看自己写的书，想问能否出版。而他完全是出于嘲讽和瞧不起的语气和态度跟我们讲的。人家大老远过来给他看自己的书能否出版希望给点意见，结果他看都没看直接丢了（关键他还好意思说出来）\n\n唯一优点：讲课逻辑是清楚的
131670,1044,盛晓明,2021-01-28 10:52:41,4,5,1,讲课逻辑清晰，观点多样，有理有据有趣有收获。总之值得上课，更值得去旁听。
131673,1044,盛晓明,2021-01-28 11:09:45,0,1,1,助教很好，已经尽力捞我了，虽然不是很高
133954,1044,盛晓明,2021-03-10 12:52:33,1,3,2,男神\n\n文人气质，学家风范，儒士风骨，可谓师也
134399,1044,盛晓明,2021-03-26 11:53:56,10,13,3,选这课，我是傻逼
136118,1044,盛晓明,2021-06-11 05:15:53,-3,1,4,很好的老师，上课氛围也很棒
136259,1044,盛晓明,2021-06-14 11:04:02,24,26,2,3学分上的像13学分的工作量，一个学期展示次数多还有其他乱七八糟一大堆，盛老师的水平无法质疑，但是课后任务的可行性惨不忍睹
136260,1044,盛晓明,2021-06-14 11:24:05,16,16,0,就这么说吧，盛老师课讲的还行，但是课后的事情比起其他的一些通核要多不少，我的室友们（都有通核）经常吐槽“你怎么又在搞你通核的东西了”😅😅
136679,1044,盛晓明,2021-07-13 06:21:53,9,10,1,老师不错，但是今年通核助教和任务安排真的拉😅，感觉自己没学到什么又乱七八糟的事情一堆，助教的门槛是不是有点低了。\n\n如果组员好的话能建立很好的友谊，如果组员不好的话会逼疯你
137483,1044,盛晓明,2021-07-13 07:23:56,22,24,2,老师知识渊博上课娓娓道来，但是今年科学哲学问题通核安排极其阴间，每周都有15min左右的展示，任务极重，外加大量的课外阅读量，还有辩论赛还有实验室走访实地调研，工作量可能是其他通核翻倍，但是事情这么多的情况下平时分只有40%，期末60%还是闭卷考试，不仅要写道理还要写案例，又累又卷预期得分还很不好。助教也是难以言表，不能帮你解决任何问题就算了，有时候给你帮倒忙，助教和盛老师沟通不畅朝令夕改效率低下最终就是我们重复劳动删删改改。通核快跑。\n\n\n\nUPD:出分了，和这门课工作量成反比嘻嘻。
138448,1044,盛晓明,2021-07-09 09:06:27,6,7,1,先来评论，分还没出。这门课要是日常消遣听听不错，但是通核……首先我们这学期12、3次展示（每周都搞，除了辩论的时候），2次辩论，一个调研，这些量我问了问别的同学的通核，已经是他们的两三倍量了，然后只占40%；期末闭卷，主要是书也看不懂，而且一本哲学书要你两三周就要看懂并有自己的思考；没有讲义，上课就是听老师讲，复习无从下手，下手就是平时展示和看的书；给分情况，不知道，这么多事情给分也不知道怎么样……另外最后还有两次给的展示任务改来改去，展示前一天还能改，总之很迷
139171,1044,盛晓明,2021-07-13 06:21:25,5,7,2,给分不好，助教非常拉垮
139172,1044,盛晓明,2021-07-13 06:33:07,13,13,0,上课还行\n\n给分惨不忍睹
139179,1044,盛晓明,2021-07-13 06:47:25,10,11,1,mlgb，事多分低，云里雾里，老师挺好，但给分就是烂\n\n你要是没选，就别考虑了；你要是选了，快逃
139182,1044,盛晓明,2021-07-13 07:01:18,9,9,0,老师水平很高，但这给分是什么东西😅
139184,1044,盛晓明,2021-07-13 07:16:14,7,7,0,对课不对人，事情巨多且没意义，是其他通核课程的好几倍，就当是给未来的大家献祭自己了，离谱，一学期的均绩被这门课拉了0.1，真有你的，真让我蚌埠住了。选这个课是我进入zju以来做的最烂的事情。\n\n还是建议大家感兴趣的可以来旁听老师讲课，但是千万别选。
139190,1044,盛晓明,2021-07-13 07:38:32,6,6,0,盛老师水平极高，认真听能收获很多\n\n但尼玛我付出这么多精力准备每周展示/期末复习，结果给分就这？？？？
139785,1044,盛晓明,2021-07-26 10:27:53,3,4,1,学识渊博、讲课风趣的老师，可遇不可求\n\n顺便给选当代科哲的同学一个建议：让你看什么书就看，一定要看，每周按布置的任务量看，别到期末考试周玩心跳冲刺，又考不好试又辛苦一学期没学到东西
140241,1044,盛晓明,2021-09-06 14:18:43,0,1,1,给分不好
140558,1044,盛晓明,2021-09-13 22:41:57,-3,10,13,前面吐槽事多的同学，你们的大学生活就只剩GPA了吗？听盛老师的课绝对能学到很多，积极认真参与这门课的各项活动能很大地提升自己的能力，怎么一句“事多”就把这门珍贵的课给否定了？
141555,1044,盛晓明,2021-10-14 09:49:18,3,5,2,b事真的多 短学期3次展示1次实验室调研 1次考试
143328,1044,盛晓明,2021-11-23 11:00:12,0,2,2,老师上课没有PPT，感觉知识有点散，而且布置读的书也是想一出是一出，颇有一种任务“加量不加价”的感觉。读康德不如选zsk老师，读科哲又不如选LL老师，可以说是非常的两不靠了。
143349,1044,盛晓明,2021-11-24 01:09:08,0,1,1,非常好
144042,1044,盛晓明,2021-12-16 13:55:36,2,3,1,感谢盛老师给的5.0.。。。\n\n上课算是哲学课里比较硬核的了，虽然上课讲的也不是特别有计划和条理，但总体还是能学到东西的（指“我和库恩见过一面，他是个比较木讷的人”（bushi）\n\n课外布置的任务对于一般同学来说偏重了，半学期的课读三本书，三次展示一次调研，组里没有已经读过的大佬就GG\n\n通核课任务也挺多，一次课一个展示，对无基础的人也是折磨。\n\n感兴趣建议选，收获会很大，但不感兴趣只是想水通核的还是算了
147170,1044,盛晓明,2022-01-09 03:14:15,0,1,1,老师的课很好，就是我听不懂、
148956,1044,盛晓明,2022-01-14 04:28:41,0,2,2,老师水平高，但是事多，分不好
149038,1044,盛晓明,2022-01-14 07:49:22,2,5,3,千万别选当代科哲！！\n\n盛老师水平很高，然而上课东拉西扯，知识点完全串不成体系，听完大概率什么也学不到。没有讲义，只有极其难啃的参考书。事情巨多，几乎每星期都有展示，展示的主题很“飘”，很难找到立论的出发点，只能扯一些莫名其妙的观点。收获是有的，只是与消耗的时间相比显得微不足道。不得不说，这门课打破了我对大学“通识课”的所有美好幻想。快逃！！
165318,1044,盛晓明,2022-12-31 13:24:23,0,0,0,上课讲得非常好，深入浅出，儒雅又可爱的老师！助教也非常棒！爱了爱了！
166103,1044,盛晓明,2023-01-11 06:41:34,0,1,1,老师给分高，上课有趣，但也很硬核。助教也很好
167407,1044,盛晓明,2023-01-16 06:24:04,0,1,1,老师知识渊博，娓娓道来，收获非常大！！！考试给了范围，上课认真听给分不会差
167421,1044,盛晓明,2023-01-16 07:17:21,3,4,1,盛老师真乃饱学鸿儒\n\n儒雅大气，从来没见过人文大师的速来一睹风采\n\n当代科学哲学问题，上课干货很多，讨论课上各组展示，也能学到不少东西\n\n因为是通核，展示准备量比较多，大约是两三周一个PPT，但没有水货，没有期中考和小测\n\n期末考会告诉范围\n\n本人大一工信的，高中纯理，没有哲学基础，上课经常水\n\n最后绩点4.5，91卡绩，不过很满足了\n\n速来选，可水可干，给分好，而且听讲课有如沐春风的一种感觉
167431,1044,盛晓明,2023-01-16 08:21:26,0,1,1,盛老师儒雅渊博端庄和善，完美符合我对人文教授的全部想象\n\n认真听课能学到很多\n\n期末考试通知了范围，认真准备就不会差\n\n作为通核，任务是比较多的//小组展示和实验室调研都比较需要精力//纯纯划水勿入
170996,1044,盛晓明,2023-03-14 02:10:16,1,1,0,当代科哲对稍微有点哲学基础的人颇为友好，嘿，你甚至可以白嫖一些pdf，有没有用另说。\n\n另：看起来盛老师贼喜欢康德
173591,1044,盛晓明,2023-05-29 13:05:20,0,0,0,非常喜欢当代科学哲学课，不过事比较多，不是真爱不推荐
1146,1052,彭利贞,2015-03-21 16:18:48,-14,8,22,浑身难受
2502,1052,彭利贞,2015-05-04 13:18:13,15,16,1,笑点严重拉低
3886,1052,彭利贞,2015-06-17 07:25:59,3,3,0,讲的比较认真...上课会以随机提问形式点名...
4084,1052,彭利贞,2015-06-17 16:35:41,2,3,1,还算认真的老师 很儒雅 但因为课程本身无聊 。。。
5199,1052,彭利贞,2015-07-05 18:39:13,20,25,5,很可爱的老师，笑点略低是真的。上课提问随机点名，但没被点到过，所以看人品。语言学基础考卷出的比其他老师简单，给分厚道
5201,1052,彭利贞,2015-07-05 23:25:59,0,2,2,说话听着难受，很累。人当然是很棒哒。
5801,1052,彭利贞,2015-07-09 12:05:38,3,5,2,人很好，不点名，有论文，期末考，给分好，四点五
31922,1052,彭利贞,2016-07-05 07:14:54,2,3,1,老师真的笑点低，很儒雅，很耐心。发邮件问他问题都及时详尽地解答，事情少，给分高~
32684,1052,彭利贞,2016-07-09 09:58:46,0,1,1,老师人很好，给分不太好
38637,1052,彭利贞,2016-12-13 04:40:05,0,0,0,萌萌哒
42167,1052,彭利贞,2017-01-13 22:53:41,9,10,1,老师人很好哒，课讲的也不错。虽然一开始我也觉得老师口音有点特别以及笑点低hhh，但是马上就习惯了。期末复习给重点省了不少事，最后给分好，大家成绩都不错~
42200,1052,彭利贞,2017-01-14 01:17:29,1,2,1,老师真的不能更赞～上课特别萌，很和蔼，会记住大家的名字。考前给大家画重点，给分也超级好。很幸运碰到这样的好老师。
42521,1052,彭利贞,2017-01-14 10:37:21,1,1,0,上课认真，考试也不难为人
48801,1052,彭利贞,2017-03-13 07:37:56,1,1,0,不点名  有论文 最后考试会给出重点 题目也不难 亲切和蔼 但是笑点略低
54504,1052,彭利贞,2018-12-26 06:33:12,0,0,0,超好超喜欢的老师～
83552,1052,彭利贞,2018-07-10 14:52:01,5,5,0,彭老师，真是让人心头一暖的存在！
84378,1052,彭利贞,2018-07-12 16:12:38,6,7,1,上课内容不是很难，期末复习给重点，最后4.8，还有满绩的大佬，佩服佩服
84399,1052,彭利贞,2018-07-12 17:42:02,7,7,0,我永远喜欢彭利贞老师
84411,1052,彭利贞,2018-07-12 20:40:12,2,2,0,老师很可爱也很认真负责，感觉专业水平非常高，考试会给复习提纲方便复习，会在群里跟我们开玩笑，大晚上出成绩给分也不错。
84414,1052,彭利贞,2018-07-12 21:54:53,0,0,0,上课是真滴无聊，但期末给重点，复习起来方便，给分极好
84417,1052,彭利贞,2018-07-12 22:34:19,4,4,0,彭天使
84434,1052,彭利贞,2018-07-13 00:10:21,1,2,1,100昏，100昏！\n\n我永远喜欢plz老师！
84447,1052,彭利贞,2018-07-13 01:27:18,0,0,0,彭老师是天使！！期末划重点考试不为难！
84543,1052,彭利贞,2018-07-13 06:31:41,1,1,0,老师人超级好，考试还给画出特别详细的终点，期末考试题目也不是很难。背一背书和理解一下概念，最后满绩了。
84635,1052,彭利贞,2018-07-13 12:00:57,0,0,0,老师真的很可爱！！！满分满分
84888,1052,彭利贞,2018-07-14 07:57:12,1,1,0,满绩啦老师一点都不为难人
85526,1052,彭利贞,2018-07-19 03:21:13,1,1,0,老师给分太好啦。真的一点都不为难人。\n\n\n\n
86834,1052,彭利贞,2018-09-19 03:54:20,1,1,0,老师很儒雅有气质 考前会划出重点 考试完全就是重点里的知识 只要好好背 考试完全没问题的 语基满了 谢谢彭老师o(^o^)o
110163,1052,彭利贞,2019-06-24 04:13:03,66,71,5,呜呜呜彭老师是什么天使啊……考试给范围划重点，课后给同学答了半个小时疑，然后坐在外面吃学霸餐呜呜呜……我母爱爆棚（？
110393,1052,彭利贞,2019-06-26 09:55:15,11,11,0,彭彭是个可爱的孩子 可可爱爱
110449,1052,彭利贞,2019-06-28 12:09:01,2,4,2,我永远喜欢彭利贞老师。不仅可爱，讲的好，给分也好，一个外专业的能拿到4.8超级感动啊。
110478,1052,彭利贞,2019-06-27 05:13:38,1,1,0,超棒！永远喜欢彭老师
110784,1052,彭利贞,2019-06-28 08:22:28,2,2,0,很皮的老师
110852,1052,彭利贞,2019-06-28 12:00:39,4,4,0,嗷嗷嗷疯狂表白彭老师！彭老师超可爱！虽然笑点很低，但是老师笑起来也很可爱！！老师有一种很儒雅的气质，总之就是很好哈哈哈给分也很天使
110853,1052,彭利贞,2019-06-28 12:01:39,5,5,0,彭老师真的很有趣！在群里和大家相处的也很好！给划重点！给分也好！(语言学基础差一点点满了，不过也是因为自己能力不够辣)老师笑点好低哈哈哈哈哈哈哈超可爱！
110854,1052,彭利贞,2019-06-28 12:02:43,4,4,0,呜呜呜呜谢谢老师！彭老师真的是天使！给的重点超级实在！卷子也毫不为难人！
110855,1052,彭利贞,2019-06-28 12:04:08,3,3,0,老师挺好，我太菜了吧…果然还是不要选别人的专业课(外专业3.9逃了…)
110856,1052,彭利贞,2019-06-28 12:04:30,3,3,0,彭老师是天使，又温柔又有学识
110857,1052,彭利贞,2019-06-28 12:04:42,0,0,0,老师好可爱
110858,1052,彭利贞,2019-06-28 12:04:44,0,0,0,老师人超好，总是笑眯眯的，下课解答人同学们疑惑时很和善，给的语言学基础成绩也很好
110860,1052,彭利贞,2019-06-28 12:05:59,3,3,0,老师人超好，非常幽默有趣，给分也很好，我永远喜欢语言学。
110861,1052,彭利贞,2019-06-28 12:06:57,13,13,0,老师真的太可爱啦，儒雅有气质，而且解答大家的问题也超级耐心，在群里面最皮的居然是老师你敢信……考试之前老师说“他们以为很难”，发下卷子之后发现这句话真的太真实了……所以老师给我的分数，我要双倍奉还^_^
110862,1052,彭利贞,2019-06-28 12:08:46,0,0,0,老师课一定要好好听，真的其实很有趣的，老师人特别风趣，真的太喜欢老师了，选他就对了
110864,1052,彭利贞,2019-06-28 12:09:44,2,2,0,老师可爱到爆炸！！！人也太好了！上课偶尔会随机点名大概就在开学和结束的时候：）超级搞笑监考的时候在群里公开表示大家好交卷了 战斗到最后一刻就一定胜利吗！太真实啦！喜欢他！！
110865,1052,彭利贞,2019-06-28 12:10:09,0,2,2,这个老师真的是太好了，上课很有趣，期末考试会给你划重点，而且全都在重点范围内，他跟我们说要是考到不在范围内的，你们来找我。给分也超好，本来以为会挂科，没想到绩点竟然有4.8。
110866,1052,彭利贞,2019-06-28 12:12:26,5,5,0,我在最后几天背诵的时候有种感觉掌握了语基的冲动，甚至一度觉得自己交的论文狗屁不通。我甚至觉得你也会有这种大家都会有的我也能想到的这种前几届学长学姐也有的感觉（递归性保我）
110867,1052,彭利贞,2019-06-28 12:12:47,1,1,0,老师人非常儒雅，教得也很好，上課的時候总像是在和同学们探讨一样。
110870,1052,彭利贞,2019-06-28 12:17:55,0,1,1,老师超级好的！这绩点高得出乎想象，大家都很高，出了成绩整个群过年
110871,1052,彭利贞,2019-06-28 12:20:17,1,1,0,彭老师就是人间天使！我永远爱语言学
110872,1052,彭利贞,2019-06-28 12:22:11,1,1,0,人间天使～
110873,1052,彭利贞,2019-06-28 12:22:14,-1,3,4,? ? ?
110874,1052,彭利贞,2019-06-28 12:23:54,0,0,0,我爱他，老师超可爱
110879,1052,彭利贞,2019-06-28 12:36:37,2,2,0,老师很好\n\n给我的分很差\n\ndbq我爱不了他\n\n5⃣️我太菜了\n\n对不起老师\n\n全世界就我这么低吧
110880,1052,彭利贞,2019-06-28 12:38:07,3,3,0,老师真的超级超级好，很有趣，很亲和，值得拥有。而且会简化书上繁杂的概念，追求简单。话不多说，是真真的好老师。考试会列详细的提纲，而且只考提纲上的内容，绝对不超纲
110881,1052,彭利贞,2019-06-28 12:43:06,1,1,0,老师真的太好了！语言学也很有趣呜呜呜，我一直坚定学文学的心都开始动摇了…老师我爱你！！！
110893,1052,彭利贞,2019-06-28 13:12:36,7,7,0,特别儒雅特别好的老师(๑Ő௰Ő๑)语言学虽然闭卷但是有画重点hhh背了一下午然后收获了专业课第一个5.0(๑>؂<๑）我爱老师！
110902,1052,彭利贞,2019-06-28 13:38:27,0,0,0,神仙老师！！！！天使！！！！
110905,1052,彭利贞,2019-06-28 13:45:18,0,0,0,呜呜呜老师人真的太好了
110925,1052,彭利贞,2019-06-28 14:33:58,2,2,0,老师很棒是我菜
110954,1052,彭利贞,2019-06-28 19:56:24,3,3,0,重点划得很到位！老师真的很逗 还会在群里和大家互动hhh 语言学还是好难哦
110955,1052,彭利贞,2019-06-28 20:17:42,6,6,0,老师超可爱，问问题也很耐心～声音很有磁性，银头发很帅，是个很有知识内涵的教授！（www就是最后咔叽了
110977,1052,彭利贞,2019-06-29 02:43:58,1,1,0,喜欢！
111028,1052,彭利贞,2019-06-29 08:33:07,3,3,0,啊啊啊啊满绩了啊啊啊彭天使啊啊啊啊啊\n\n我的天哪我哭了
112049,1052,彭利贞,2019-07-03 09:46:18,1,1,0,好可爱
112830,1052,彭利贞,2019-07-05 04:50:32,1,1,0,老师是小天使啊啊啊啊
114737,1052,彭利贞,2019-07-11 07:58:22,1,2,1,老师真的给人一种阳光明媚的感觉，看到老师就觉得心情好！
115561,1052,彭利贞,2019-08-04 03:43:19,9,9,0,社科来做个性的，给分真的太好了啊！只要考前认真背了拿4.8不难
125351,1052,彭利贞,2020-09-07 10:15:45,2,3,1,老师讲课节奏有点慢，但真的很有气质，人也很暖~考试不难，有划重点，小论文好好写就4.8起步qwqq我真的爱了！
128523,1052,彭利贞,2020-12-23 13:55:37,2,4,2,虽然拿了94有点点意难平\n\n但是真的好喜欢他啊啊啊啊啊啊啊啊啊啊啊啊啊啊啊啊啊啊啊啊啊啊啊啊啊啊啊啊啊啊啊啊啊啊啊啊啊啊啊啊！\n\n看回放都能让人笑的老师！\n\n选他！！！
136420,1052,彭利贞,2021-06-18 00:16:57,5,5,0,老师真的性格好可爱啊，笑点低，特别逗
137676,1052,彭利贞,2021-07-05 14:39:06,5,5,0,我爱彭彭！超可爱！但是我没有好好听他的课呜呜呜是靠他考前提纲复习的。但是几点还不错！爱了！
137684,1052,彭利贞,2021-07-05 15:02:38,1,1,0,很好的老师！
137685,1052,彭利贞,2021-07-05 15:03:32,1,2,1,男神我爱你
137687,1052,彭利贞,2021-07-05 15:15:54,2,2,0,彭老师讲课真的很有意思！而且最后给的提纲很清晰，复习起来也不会很累！因为复习时间不是特别多所以和自己的理想分数还是有一点点差距但也算满意了！！总之真的超喜欢彭老师！
137695,1052,彭利贞,2021-07-05 15:37:25,6,6,0,老师的课是一周的期待，老师答疑也非常细致耐心。第一次查老师评分献给彭彭，好老师值得被更多人知道！
137726,1052,彭利贞,2021-07-06 00:10:08,2,4,2,论文好好写，考试提前准备，结果还是不太理想，可能是自己的锅吧
137988,1052,彭利贞,2021-07-07 04:08:13,3,3,0,彭彭超级棒！老师人很好上课也有意思，期末考试内容明确，最后绩点给的很不错，入了不亏！\n\n彭彭就是坠棒滴！！！
138663,1052,彭利贞,2021-07-10 07:27:21,13,14,1,彭天使真的名不虚传！老师真的好可爱！整个人给我一种圣诞老爷爷的感觉哈哈特别和蔼可亲，笑点很低上课经常上着上着自己笑起来！不知道老师知不知道每次我不是觉得他的课件好笑是觉得他很好笑！期末会划重点的按照重点好好复习就不会有太大压力！
157843,1052,彭利贞,2022-06-25 05:45:37,1,1,0,老师很好很有趣
157849,1052,彭利贞,2022-06-25 05:59:02,5,5,0,没有人可以拒绝一只彭彭！
158102,1052,彭利贞,2022-06-27 04:03:14,1,1,0,怎么会有彭彭这样的天使555555
159078,1052,彭利贞,2022-07-05 18:07:39,1,1,0,彭彭彭彭我永远的天使呜呜呜！！
175863,1052,彭利贞,2023-06-27 03:51:47,5,5,0,彭彭，永远的天使！！上课超有趣，经常自己讲着讲着笑起来。平时在微信群和大家互动也特别可爱，最后期末考真的只考提纲里划的范围😍吹爆
176002,1052,彭利贞,2023-06-27 11:32:41,4,4,0,彭彭我爱你！！！！！！！能不能多开几门课！！！任何人不选彭彭的课都会后悔的真的！！！我真的爱死！！！
176930,1052,彭利贞,2023-06-30 18:02:43,7,7,0,彭彭很好！但是最后背了好几天，考试感觉也写得挺好，最后出分4.2，没有到自己的预期😭是我菜了😭
176940,1052,彭利贞,2023-06-30 22:58:32,4,4,0,见过的最可爱的老师呜呜呜呜 凌晨一点出分好心疼老师 希望老师健健康康快快乐乐!
176942,1052,彭利贞,2023-06-30 23:28:02,-2,3,5,为什么我只有3.3啊啊啊啊啊啊啊啊啊啊啊啊啊期末考全都答上了的啊啊啊啊啊啊啊啊啊啊啊啊啊啊啊彭彭你怎么可以这样啊啊啊啊啊啊啊啊啊😭😭😭😭😭😭😭
176955,1052,彭利贞,2023-07-01 00:59:24,6,7,1,彭彭我真的爱你！没有比你更可爱的老师啦(৹ᵒ̴̶̷᷄́ฅᵒ̴̶̷᷅৹) ♡⃝能把语言学上得那么有趣！！！给分还那么好！！！超棒呜呜呜
176983,1052,彭利贞,2023-07-01 03:07:55,6,6,0,10分10分 不允许plz没有10分
177140,1052,彭利贞,2023-07-02 01:35:37,3,4,1,彭老师我超爱
193157,1052,彭利贞,2024-06-04 05:27:06,5,6,1,先给10分因为老师太可爱了！会用自己的表情包，上课上着上着会自己笑哈哈哈哈哈哈！可爱可爱可爱！
193548,1052,彭利贞,2024-06-13 01:32:48,6,7,1,爱死彭彭了，上课我很有意思，语言学基础期末还给画重点！！！uu们速速选择，千万不要犹豫啊啊啊啊
194373,1052,彭利贞,2024-06-23 11:53:09,1,4,3,老师我爱你
195222,1052,彭利贞,2024-06-27 09:24:20,3,5,2,彭彭小天使 我爱你
196130,1052,彭利贞,2024-07-01 21:48:42,5,7,2,彭彭你简直就是天使啊啊啊！！老师上课很有意思，经常会讲小笑话然后自己嘻嘻笑，语言学基础给分超级无敌好！！！期末突击了一个礼拜，居然满绩了嘻嘻😁最后说一遍：彭彭我爱你❤️😘
196154,1052,彭利贞,2024-07-02 01:35:30,4,6,2,很好的老师！
196201,1052,彭利贞,2024-07-02 07:03:13,4,5,1,彭老师简直是天使！！！！非常非常心软的神！！！你是我的神！！！大学第一个满绩啊啊啊啊！！！他的课努力就会有回报！！！！！！！
196740,1052,彭利贞,2024-07-05 02:52:33,5,5,0,这样好的天使哪里找，能不能多开几门课
196751,1052,彭利贞,2024-07-05 03:13:49,4,4,0,这位真天使，人也超nice
196982,1052,彭利贞,2024-07-06 09:22:03,6,6,0,你是天使吗 人生第一门满绩 无需多言
205181,1052,彭利贞,2024-12-02 11:43:46,4,4,0,天使，无需多言
211582,1052,彭利贞,2025-01-12 03:03:54,2,3,1,太好啦，是彭天使，我们有救啦！
217800,1052,彭利贞,2025-04-16 14:00:53,2,3,1,高分批发达人，彭天使无需多言～爱你彭彭🥰
220506,1052,彭利贞,2025-06-18 10:07:38,1,2,1,彭天使就这么可爱🔥🔥🔥简洁明了的PPT，考前细致的画重点，卷子也不会特别为难大家，这么好的老师我去哪里才能找到下一个啊🙇🙇
221206,1052,彭利贞,2025-06-22 03:23:25,2,3,1,😭是我的问题吗
221232,1052,彭利贞,2025-06-22 06:16:00,2,3,1,老师随和有趣，考试水水的，给分超赞👍👍
221423,1052,彭利贞,2025-06-23 10:23:23,1,2,1,老师人很好，讲课有意思，上课不点名但会随机抽人回答问题。
1245,1075,孙竞昊,2015-03-21 17:00:15,12,17,5,孙日天
33120,1075,孙竞昊,2017-04-21 00:28:22,-3,7,10,很好的\n\n
34147,1075,孙竞昊,2016-09-27 14:06:25,0,5,5,有趣啊
34289,1075,孙竞昊,2016-09-30 02:15:10,0,4,4,Master
34298,1075,孙竞昊,2016-11-08 03:19:16,6,9,3,建议周三讨论课别跑
35694,1075,孙竞昊,2016-11-10 07:47:12,27,36,9,We are barbarians (๑•́‧̫•̀๑)
37207,1075,孙竞昊,2017-01-22 03:52:14,-1,4,5,给你全新的视角
38386,1075,孙竞昊,2016-12-01 14:10:57,-4,7,11,老师很有思想，讲课也很有意思（虽然是半英文啦），绝对值得一听
39195,1075,孙竞昊,2016-12-21 14:20:41,11,16,5,barbarians ， 经常提到Mao and his team，讨论课认真上就行
39937,1075,孙竞昊,2017-05-26 04:02:49,2,14,12,我想知道我一开始的评论去哪了？这个老师讲的确实很坑。没什么逻辑。给分又差。真搞不懂。
39938,1075,孙竞昊,2016-12-28 08:39:54,-9,5,14,老师很棒，考试很简单，推荐选
40219,1075,孙竞昊,2016-12-30 07:07:32,4,9,5,孙日天\n\n
40247,1075,孙竞昊,2017-01-28 08:19:46,-6,5,11,Best teacher!
40359,1075,孙竞昊,2017-01-03 04:50:13,6,12,6,这是一条来自 常凯申 将军的好评
40835,1075,孙竞昊,2017-01-06 01:44:27,14,21,7,史学不足，思想也一般。
46311,1075,孙竞昊,2017-01-21 08:06:18,0,10,10,超爱孙老师～\n\n然后给赵卓助教比个心?
46319,1075,孙竞昊,2017-01-21 08:24:42,-33,9,42,老师超可爱 经常推荐好电影和好书 上课从不点名 开始还进来帮我们讲解题型 讨论课一次展示 任务轻 考试英文考 注重观点 写多分角度就行！人生第一个满绩 给分太好了我要哭了
46359,1075,孙竞昊,2017-02-28 15:42:33,9,13,4,考试巨坑
46380,1075,孙竞昊,2017-01-21 11:47:37,13,17,4,讲课有意思，但是宣扬自己的一些思想倾向过于严重。助教绩杀。
47502,1075,孙竞昊,2017-01-28 07:54:16,-10,3,13,老师的课震撼人心！
47616,1075,孙竞昊,2017-02-08 10:35:03,-4,5,9,孙爷爷幽默又严肃，好象意犹未尽啊
48413,1075,孙竞昊,2017-03-03 06:49:27,17,18,1,傲慢与偏见
48708,1075,孙竞昊,2017-03-10 01:50:10,11,14,3,中华文明史扯那么多文革干什么。。。
48932,1075,孙竞昊,2017-12-27 03:22:43,16,21,5,求求老师不要将英语了\n\n我们就好好用中文上课吧 \n\n饮泣吞声......
50743,1075,孙竞昊,2017-05-05 00:39:38,10,16,6,只有我一个人觉得他讲的太泛了不知所云根本听不懂他在讲什么吗 不是文科生根本没有竞争力 这样成绩取决于老本 根本没法从课程中学到什么 这样的课真的没有太大意义
52033,1075,孙竞昊,2017-06-14 08:58:32,7,10,3,此课呵呵，老师半节课黑毛半节课吹蒋，基础历史知识不讲喜欢各种理论夸夸其谈。考试巨坑，全英文题目都看不懂。
52944,1075,孙竞昊,2017-06-24 02:21:23,9,13,4,最差的上课体验。\n\n有点学识，但是思想不正，没有逻辑，听不进反对的意见，英语很烂，不知道在国外怎么待下去的。考试和上课没半毛钱关系。\n\n喜欢鼓吹真善美。可是你讲个中华文明史天天无脑黑毛泽东并肆意丑化攻击这个叫真善美？
53071,1075,孙竞昊,2017-06-25 09:23:03,1,3,2,英语上课是绝对的折磨
53186,1075,孙竞昊,2017-06-26 07:05:11,13,17,4,老师使我认识到：第一、不管政治立场如何（我相信浙大容得下各种立场），缺乏逻辑、传播谣言段子、妄加评判的教师始终让人讨厌。第二、在国外生活多年英语口语未必好。第三、不管上课多难受，能够站在台上讲课，学识还是有的。一些东西也深受启发。不过再给我一次机会的话，我选择退课。
54406,1075,孙竞昊,2017-06-29 09:30:20,1,5,4,浓浓师生情\n\n永远保持情怀\n\n做一个有尊严的中国人
54468,1075,孙竞昊,2017-06-29 10:54:09,-5,3,8,老师上课挺用心的，选上就好好听吧，（老师也很爱国啊，大家黑太过了吧）考试也不坑啊！
54520,1075,孙竞昊,2017-06-29 13:17:38,4,5,1,考试巨坑，现在学习帝上统计数据中华文明史均绩3.8，但感觉从今年同学的普遍情况来看绝对远远达不到
54523,1075,孙竞昊,2017-06-29 13:22:30,6,11,5,每周两次课，一次助教带的讨论课，一次老师讲授的大课。讨论课占40%平时分，每次一个历史专题，课前需要阅读一些（十页左右）英文文献并准备讨论，不读也没大问题，只要能参与发言就行，课堂参与很重要。助教都非常友善负责，给分感人感人感人。【在这里强烈表白赵卓学长，请问有女票了吗】老师讲课有时候会穿插英文，总体比较泛，不是很有趣或实用，思想有点小众，讲究学术的正统，可能有点欧美的学风吧。不点名，人很好。考试两道大题，英文，可以带字典。总体给分好，事少，推荐选择。【最后继续表白赵卓助教！！！】
54575,1075,孙竞昊,2017-08-20 09:36:10,2,5,3,很差的体验，一个学期都没学到什么东西。英文很差劲，还用英文讲课。。。给分很伤感，均绩掉了好多。。。
56470,1075,孙竞昊,2017-07-04 01:06:35,-12,3,15,老师挺好的，在老师的推荐下，读了一些书，觉得收获满满吧。考试也不用准备很轻松了已经。给分也很好哇，至少我们小组都不错，这个学期第一个满记就是他给的(/ω＼)
66655,1075,孙竞昊,2018-01-18 04:41:16,1,1,0,非常好！
75776,1075,孙竞昊,2018-03-17 07:43:59,0,1,1,听学长推荐，说老师特立独行。但停下来，蛮冷静滴
76044,1075,孙竞昊,2018-03-25 14:02:57,0,0,0,英语书不容易读
76773,1075,孙竞昊,2018-04-23 03:32:45,3,3,0,应该不点名的。老师很想把这门课教好，让同学们读书，上课思考。但是老师挺固执的，对于某位伟人天天黑，对于自己喜欢的又狂吹。让人难以get到相对客观的史观。英语就不吐槽了。。。
77631,1075,孙竞昊,2018-05-07 03:46:52,1,1,0,慎选 建议准备好英汉字典
77752,1075,孙竞昊,2018-05-07 14:12:39,1,3,2,女助教令人窒息
79302,1075,孙竞昊,2018-05-30 09:08:38,0,2,2,女助教令人窒息
83600,1075,孙竞昊,2018-07-10 18:54:26,2,2,0,老师说，历史课的一个目标是反对历史虚无主义
84805,1075,孙竞昊,2018-07-14 02:21:16,1,1,0,出分了吗，催一催\n\n
85138,1075,孙竞昊,2019-06-27 15:15:10,5,6,1,事情少，给分好，考试容易得分，老师好交流，助教仁慈。从另一角度了解历史，同时锻炼英语水平。高中历史不及格的工科生咸鱼也能4.5，强推。
105213,1075,孙竞昊,2019-04-07 12:07:03,-12,0,12,我是ikun，考前刷蔡徐坤nmsl，看蔡徐坤打篮球，结果我满了
114872,1075,孙竞昊,2019-07-12 07:32:29,1,1,0,助教人真的很好，虽然是英文考试，但是允许带字典允许用拼音，而且考试范围给得很明确。所以考试不难，容易得分。
154375,1075,孙竞昊,2022-05-31 08:31:45,3,3,0,基本的知识不太讲，太愿意宣扬个人的政治立场和观点，但是讲出来的观点又没有什么说服力，说话总愿意夹杂英文，让人听着很不通畅，然后，一些基本的概念老师自己就是混淆的，比方说他坚定地把达尔文的进化论和社会达尔文主义混淆在一起，会让同学产生混乱，对时间的把握很差，日常拖堂，一拖就是二三十分钟，总之，上课体验很一般很一般，学不到什么更深刻的知识，还不如自己看书。
170935,1075,孙竞昊,2023-03-13 01:23:28,3,3,0,老师是不是还买了水军啊🙏真的 我哭死\n\n你如果选过你一定知道我的痛苦🙏\n\n太逆天了
178113,1075,孙竞昊,2023-07-07 03:42:44,0,1,1,孙竞昊老师[玫瑰][玫瑰][玫瑰]
23520,1091,张立,2018-01-03 00:40:41,-2,8,10,。。。
39658,1091,张立,2016-12-27 01:09:38,6,14,8,都是干货不扯淡～干脆利落讲完就放～
45462,1091,张立,2017-01-19 14:51:51,2,8,6,很好的老师！讲的超好，上课无法走神~超喜欢！
51518,1091,张立,2017-06-07 02:48:11,12,23,11,当时特意跑到西溪去听他上通识|･ω･｀)觉得很值得～老师只讲干货不扯淡，讲完会提前放；讲课思路也很清晰。虽然只是通识，但是完全不想水！总之给十分
53946,1091,张立,2017-06-28 06:02:45,1,6,5,思路清晰，没有废话
53949,1091,张立,2017-06-28 06:03:32,3,7,4,张老师讲课特别生动，内容不仅干货满满还很有趣。听他的课完全不会跑神。
70214,1091,张立,2019-08-28 05:11:02,1,14,13,没有签到，所以这块是不在平时分里的。期末考试占比大，而且个人感觉挺难。如果不是真的对哲学有兴趣，愿意每节课认真听的，并且专业跟这块毫无关系的，还是别选了。。。唉
78344,1091,张立,2018-05-11 03:47:17,14,22,8,像科技社会学这么水的课，外专业的同学不要选了，一无是处，还会拉低绩点
78385,1091,张立,2018-05-11 08:34:57,-5,8,13,我一外专业的为了这个课学了那么多新东西，比不上一个超级简单的问卷调查？？？拉绩点，太伤人了吧，再也不选你们人文社科的课。
79242,1091,张立,2018-05-28 11:25:55,0,4,4,老师讲的真的很好很有趣，为数不多的让我感兴趣的通识课。一场开卷考一分平时作业，给分也很好。
82323,1091,张立,2018-07-08 01:33:31,0,2,2,老师其实讲得还不错，但是嗓音听着实在让人有点不习惯。一开始打算好好听课，但是之后基本是沉迷手机无法自拔，结果最后还是有4.5～科技史不难，一份报告一次开卷小测足矣。
89413,1091,张立,2018-11-19 03:36:00,20,27,7,想问问当代科技哲学对工科生友好吗?
89668,1091,张立,2018-11-20 07:37:15,142,219,77,自然辩证法不点名   一个调研一个课堂测验
100801,1091,张立,2019-01-27 00:56:41,0,3,3,当代科技哲学，老师讲课深入浅出，不点名，考试简单，作业不难，给分出乎意料，可以选～以及老师的儿子挺可爱的
100985,1091,张立,2019-01-27 08:41:10,1,2,1,挺好吧
141939,1091,张立,2021-11-01 11:56:25,1,1,0,呃就是，老师人挺好的，有什么问题都会及时回复，但课程任务属实不少吧只能说是
149644,1091,张立,2022-01-16 08:51:11,5,6,1,上的自辩，上课感觉可以不咋听（上了半学期之后发现基本就是在念书），作业内容不多，但要求还是比较严格的，（真的会提出建议并且看有没有改）。考试题目量不大，但每道题分值比较大，所以做错了一道，很可能整体成绩就不太好看了。而且最后似乎没有调分的环节，学在浙大直接出分。选不选可以看自己的需要。
150303,1091,张立,2022-01-22 03:05:51,6,15,9,自然辩证法，给分挺拉垮，要求挺多，期末考试很难。
163740,1091,张立,2022-12-16 04:38:34,7,12,5,目前还没上过张老师的课，但是作为一门必修课的任课老师，科哲导因为您个人“安排不过来”的原因从大三上拖到大三下再拖到大四上还不知道到时候能不能开得出来…\n\n这是否牵涉到一定的师风师德问题呢…\n\n况且我不知道您是要参加什么国家重大机密项目才会使您连一个短学期每周四节课的教学时间都抽不出来（不过按说哲学学院应该也没什么涉密的项目）…
179545,1091,张立,2023-09-18 06:00:15,4,4,0,无聊死啦 事情又多
181745,1091,张立,2023-10-30 14:13:47,1,2,1,真给我整无语了，不是，他有病吧
185643,1091,张立,2024-01-03 08:30:31,1,1,0,md，课又停开了，。。。。。。这是什么品种。。。。。刚开始别开课啊，选完了又停。。。。。。不上课就别领工资。。。
185955,1091,张立,2024-01-06 12:19:44,8,8,0,自然辩证法不点名，考试很难都是从PPT上出的，其他地方搜不到
199510,1091,张立,2024-09-25 01:15:53,0,1,1,只能说自辩玉泉校区只有他一个人的课\n\n讲的不行 要求还高
200746,1091,张立,2024-10-22 01:08:29,-1,2,3,长得像个蛤蟆似的
200793,1091,张立,2024-10-22 11:35:56,0,0,0,/。//
201372,1091,张立,2024-11-01 07:59:52,0,0,0,传统美德
204921,1091,张立,2024-11-28 14:37:22,0,0,0,老师课讲得很棒，知识点很清晰，收获不小，让我对科学哲学产生了兴趣
7724,1093,傅翼,2015-09-15 10:52:07,4,8,4,看书巨多的老师，人十分美丽，认真且可爱！
11588,1093,傅翼,2015-12-07 05:52:18,7,11,4,觉得老师很认真，也总是能给出很有针对性的建议，虽然犀利但是让我们收获很大
91935,1093,傅翼,2018-12-25 04:23:01,2,3,1,马马虎虎
109857,1093,傅翼,2019-06-20 00:45:29,0,2,2,非常棒！老师超好
113656,1093,傅翼,2019-07-07 02:15:00,0,4,4,棒！人类学课程讲的超好，入坑人类学了。
123830,1093,傅翼,2020-06-15 01:28:21,3,8,5,老师特别可爱而且美丽~人类学的课结构很清楚，事情不多，一次课堂讨论期末一篇论文。老师会鼓励向她提问，而且会很认真及时地回答，态度很温柔，回答很严谨。上课提的问题都比较需要思考。总之超级可爱！！
136306,1093,傅翼,2021-06-16 05:22:07,0,1,1,针不戳
141687,1093,傅翼,2021-10-20 06:09:21,2,2,0,百万立方世界来的hhh
159274,1093,傅翼,2022-07-10 09:16:55,-2,1,3,美丽又温柔的老师～学术态度很严谨，上课认真，讲课结构很清晰，最主要的是人超级好呜呜我爱傅老师呜呜呜
177919,1093,傅翼,2023-07-05 11:52:39,0,3,3,老师怎么还不出分呜呜，但是是真心喜欢老师和老师的课，老师很可爱很美丽，像一只小兔子一样。听助教gg说给分也很好哦！人类学的课不点名，但是老师会变相点名（比如一个组的坐一起点人数）所以不来还是会被发现滴！也就一篇期末论文。老师非常博学，感觉去过很多地方，很有自己的想法和主见，很喜欢老师！！
178114,1093,傅翼,2023-07-07 04:05:07,4,6,2,老师非常有学识，上课可以学到很多东西，但同时对论文以及讨论要求也很严谨。
178115,1093,傅翼,2023-07-07 04:05:09,-1,2,3,老师非常有学识，上课可以学到很多东西，但同时对论文以及讨论要求也很严谨。
185464,1093,傅翼,2023-12-29 16:07:22,10,13,3,老师，能不能把要求讲清楚点，能不能不要想一出是一出💔
189846,1093,傅翼,2024-01-31 03:34:34,0,0,0,对外专业的给分不太行
190298,1093,傅翼,2024-02-27 12:20:40,5,5,0,外专业的uu别伤心，给本专业的分也不太行
196268,1093,傅翼,2024-07-02 17:34:13,1,2,1,老师很美丽～
205541,1093,傅翼,2024-12-09 03:36:44,1,3,2,外专业，选了傅翼老师的《人类学》，最后拿了4.5，平时会留思考题，要读书，课上会提问，期末作业是8000字论文，要写文献综述，文献综述写的很想鼠，不过给分还行
217781,1093,傅翼,2025-04-16 10:59:12,2,3,1,老师太美了…
219714,1093,傅翼,2025-06-04 14:23:23,1,1,0,虽然有时确实迷糊刻薄，但不得不承认老师实在是美啊。而且其实还蛮负责的。吃了泥专这么多屎回头看这好歹是饭，虽然有点喇嗓子。
2258,1102,姚永铭,2015-04-14 09:53:16,21,29,8,老师萌而不自知
5227,1102,姚永铭,2015-07-06 02:15:46,17,18,1,老师讲课细致，关键是体贴学生憨憨哒～
25953,1102,姚永铭,2016-06-14 14:19:43,5,6,1,上课剖析字词蛮细的，说了好多教材错的地方。人萌萌哒，对学生很好。课后每个问题都耐心解答。
32077,1102,姚永铭,2016-07-05 14:31:00,6,7,1,超可爱
32551,1102,姚永铭,2016-07-07 14:58:44,7,7,0,特别温柔
52142,1102,姚永铭,2017-06-15 06:15:30,26,27,1,老师真是我在浙大最喜欢的老师了。老师真的博学而谦逊，严谨而可爱。老师授课时特别仔细，经常对我们平时极易忽略掉的字词“纠结”。老师自己在课前做的笔记比我们学生预习时还详细，他真的是以热爱这门课来教学，在我眼里是真正的学者。他课后对学生们的解疑也很认真，课上也经常会鼓励说某位同学的课后疑问非常好。再最后，老师给分也好。
54295,1102,姚永铭,2017-07-02 06:00:20,4,5,1,姚老師巨天使！
55622,1102,姚永铭,2017-07-02 05:10:53,4,4,0,老师很萌，给分超级好，良心
55654,1102,姚永铭,2017-07-02 06:10:32,8,8,0,姚老师是我第一个评论的老师，老师真的很可爱啊，中学时候学习的都能记得清清楚楚，中学都是得第一的，有钱了就买书，真的可以学到好多！！！超级良心啊！！！喜欢?
58856,1102,姚永铭,2017-09-18 05:54:27,3,3,0,超好的，不能更萌\(≧▽≦)/
60725,1102,姚永铭,2017-10-28 08:19:23,4,4,0,好的很，喜欢翻译强推，人好还负责，知识挺渊博
77867,1102,姚永铭,2018-05-08 08:52:57,2,2,0,可以说给分是相当大方了，好好学会有很多收获
82049,1102,姚永铭,2018-07-07 02:47:47,9,9,0,上过姚老师的文字学和古代汉语1，老师真的超级可爱啊！！！真的特别认真，上课发现的问题会及时回去查再告诉我们，真心是认真对待学生和课程，老师自己知识积累很丰厚但是还特别谦虚，也会经常和同学交流拉呱，经常被老师萌到…关键是给分超！级！好！认真听课复习 不用再花很多时间就能学到很多东西拿到成绩，这么好的老师为！什么不选！
82435,1102,姚永铭,2018-07-08 07:36:22,4,5,1,姚萌萌：怎么给你们好一点的分数是老师应该考虑的问题，你们不用想怎么拿分，只要好好学就好了（大意）。老师真的做到了。上课是一种享受，基本上只要上课认真听老师萌萌的话就很有收获了，配合文字学使用更佳哦(´-ω-`)。我有一种感觉，就是老师是真正打心底里觉得学生和他是平等的，每次同学问一些超级简单的问题他也很认真的回答，还会回去进行深度学习找资料答复我们，良心老师，强烈推荐！
82943,1102,姚永铭,2018-07-09 10:40:11,5,7,2,老师坚持不点名政策！但是在期末考核中老师的加点字解释中会出上课讲到过的重点词汇！和书本上的解释不同的那种，以此来看上课有没有来上课啊什么的，反正老师是男神，呜哇哇哇哇有
105133,1102,姚永铭,2019-04-04 06:23:11,0,1,1,师强我渣
110532,1102,姚永铭,2019-06-27 10:00:07,0,0,0,老师超萌
113011,1102,姚永铭,2019-07-05 17:30:51,3,4,1,老师人好，超萌，又认真，从来不点名。古代汉语课我们一节讲课本一节讲汉书，老师说要锻炼阅读竖排繁体作品的能力。跟着老师，能够增长阅读古籍的能力，了解古文字，还能听到老师的幽默小笑话。向老师提的问题，老师会认真找材料答疑，期末考试也都是上课认真听就没问题的考试题。真正做到了快乐上课，开心考试。
113037,1102,姚永铭,2019-07-05 19:03:52,1,1,0,给分神了。
113648,1102,姚永铭,2019-07-07 02:01:44,3,3,0,不管怎么样，我永远喜爱姚永铭老师。\n\n老师还收研究生吗）不是
124638,1102,姚永铭,2020-07-04 15:08:05,9,9,0,不点名，给分好，期末作业有反馈，批改作业比我写的认真多了！摇摇马是最好的老头❤️
143338,1102,姚永铭,2021-11-23 15:02:53,3,3,0,印象最深的一句话：“我抄过的书可能比有些同学读过的还多。”
145815,1102,姚永铭,2022-01-03 01:04:19,1,1,0,老师人超好！！古汉一讲课很清晰很细致，每节课都做做笔记，期末考前翻一下，考试不难的！
155299,1102,姚永铭,2022-06-10 10:09:45,2,2,0,文字学认真复习了但分数不高乌乌 但老师讲课很用心很好！强推摇摇马！
158111,1102,姚永铭,2022-06-27 05:01:20,1,2,1,到期末补天时越来越感受到老师讲课讲的非常好！
172337,1102,姚永铭,2023-04-25 07:09:54,0,0,0,给分好
176861,1102,姚永铭,2023-06-30 12:17:53,0,0,0,物理级部第一学了汉语言的老师，表示自己从来背不过东西，所以也没有给我们布置背诵默写篇目，最后的题也不是很难，基本上就是把书上重点词过一遍，翻译对照一遍就差不多，但我太菜了，还是希望老师捞捞我。
177769,1102,姚永铭,2023-07-04 17:31:35,0,0,0,认真听真的能有好结果！！！不过老师说要退休了，就算重修也不可能遇到他了呜呜呜呜\n\n真的很喜欢老师，补智云的时候真心觉得老师讲得生动有趣又认真负责，我还记住好多有意思的古文字字形\n\n总之就是很喜欢古代汉语一了，希望老师身体健康，这学期过后，就不用出分的时候因为怕被打电话把自己的手机锁起来啦哈哈哈哈
179306,1102,姚永铭,2023-09-08 16:20:17,0,0,0,好几年前上古汉1，老师结课的时候说打高分是老师的事，同学们只要学好就行了（大意），最后分数狠狠给了我一些信心🥺
180563,1102,姚永铭,2023-09-23 02:17:57,0,0,0,呜呜呜，真的特别好，但是退休了
2573,1116,李咏吟,2015-05-04 14:31:07,66,106,40,李老师讲课很用心，看得出文化底蕴十足，只是大家都不怎么听课。不点名，但偶尔会签到～
3545,1116,李咏吟,2015-06-17 01:31:11,2,9,7,不错
4516,1116,李咏吟,2015-06-24 05:58:41,4,12,8,老师非常有水平 很喜欢他的课
5202,1116,李咏吟,2015-07-05 23:27:38,2,8,6,本学期最喜欢的老师
5256,1116,李咏吟,2015-07-06 05:51:29,0,6,6,好老师！
5258,1116,李咏吟,2015-07-06 06:22:07,3,10,7,超级超级负责的老师
5272,1116,李咏吟,2015-07-06 07:46:31,0,13,13,听不懂  分不高  没学到什么东西
5311,1116,李咏吟,2015-07-06 13:55:31,1,7,6,超赞，有思想，有干货！
5345,1116,李咏吟,2015-07-07 01:30:33,-3,4,7,老师自己涵养挺足的，就是太单调
23266,1116,李咏吟,2016-03-23 07:12:53,2,5,3,知识渊博！启发很大
25426,1116,李咏吟,2016-06-13 02:25:40,4,22,18,上了三节课，看得出老师一直在思考哲学美学的问题，但也很明显观点比较陈旧，难得的某些例子也是陈旧且片面，无法说明普适性，并且有了解的人一听就能找到漏洞。干巴巴地授课，缺少让学生真正学到东西的能力，部分观点的价值观我非常不赞同，其他的我不了解，就这门课来说，上课内容转换率差且看不到老师提高的意思；课本里很多晦涩的，明明可以用通俗的话代替的词语，缺少简练的美感，较多个人主观的形容词。恕我直言，老师在输出他二次加工而成的观点，且不谈我内容上的不赞同，方式更是有问题，失望
27301,1116,李咏吟,2016-06-24 14:38:04,-5,3,8,上了他的美学概论，基本没怎么认真听……平心而论，上课挺认真，也有点思想，如果文科水平并不高的听一听还是很不错的，哲学、美学基础可以的不建议选这个。还是希望把这门课更多地上成一门导论性课程，而非自己思想的教授
27435,1116,李咏吟,2016-06-26 08:27:38,-1,4,5,负责认真 能学到真东西
28156,1116,李咏吟,2016-06-28 08:10:35,29,42,13,老师非常认真负责，很严谨。更重要的是，他在构建自己的关于美学文学哲学的系统。老师不是那种世俗的人，而是非常理想主义充满人文情怀。他是在努力地追求真理，但正如他自己说，力犹未逮，难免有偏狭或错误的地方。但我们并不是要全盘接受他的思想，择其善者而从便可。\n\n
28548,1116,李咏吟,2016-06-28 10:02:15,3,8,5,老师讲的不错，讨论课还是很有启发性的，然而自己渣，成绩并不好
28561,1116,李咏吟,2016-06-28 10:19:10,4,8,4,老师很有思想，感觉真的是在探究文学批评背后的哲学意义，思想上的启发很大，如果愿意思考，那两节课的时间绝对不会走神
29283,1116,李咏吟,2016-06-29 14:16:32,1,4,3,执拗的怪老头，哈哈
29550,1116,李咏吟,2016-06-30 03:14:29,0,4,4,觉得很枯燥，本来觉得讲美学的话应该多一些艺术的欣赏之类的，确实，哲学美也是美，但是当初不是本着学哲学来的。给分也很不好，虽然也有个人原因，但老实说，考试题目不是很能发挥。
30765,1116,李咏吟,2016-07-02 12:18:47,1,4,3,老师很好，课后回答问题很耐心，对演讲同学会认真听，评价也很有启发性。讲课方式有点无聊，但是认真听能学到很多东西！
30785,1116,李咏吟,2016-07-02 13:09:33,0,2,2,老师给人一种温和的感觉。我觉得很多观点还是不错的啊。虽然当初我也以为是介绍艺术的。\n\n期末考试略无聊，但是不是这样的考试，感觉大部分人还是很难做的吧
30810,1116,李咏吟,2016-07-02 14:15:10,11,21,10,给分不好也是真的
32162,1116,李咏吟,2016-07-06 00:17:42,7,12,5,课程冲突没怎么听过课最后挂了
32934,1116,李咏吟,2016-08-07 09:45:57,17,26,9,讲的不具有可操作性，太偏向理论了。小组展示要好好准备，但是又很明显搬用论文的现象，之前一个同学讲莫言的蛙的赏析，明显就是照搬论文的，三个层次都一模一样，论据观点都是抄袭，连题目都是论文题目，蛙娃娲论姑姑形象的三次转变。超级无语，老师竟然还表扬她讲得好，是抄的好吧。
47948,1116,李咏吟,2017-04-26 10:41:16,6,12,6,次次到2.7，我也真是……
49176,1116,李咏吟,2017-03-28 11:55:47,1,4,3,灵魂的洗礼
49696,1116,李咏吟,2017-12-28 03:44:25,15,30,15,给分真的差啊！！！
49697,1116,李咏吟,2017-11-22 12:49:15,8,22,14,点名还考试，给分差得一批
49728,1116,李咏吟,2017-04-25 02:26:36,0,4,4,老师讲课很认真负责，平时三次点到加最后期末考试，点到都到平时分就满了，只要上课稍微认真一些，多看看ppt，最后上4还是很容易的。
49733,1116,李咏吟,2017-04-25 03:27:51,1,4,3,不错，给分高，老师讲的有水平！
49798,1116,李咏吟,2017-04-26 09:21:54,3,7,4,没怎么听过这老师讲课，只知道上课听的人不是很多。但给打算上这门课的人一条建议：如果你会翘课，还没课友，那还是退了吧！我就因为错过了点名，最后毫不留情给了挂科。
49805,1116,李咏吟,2017-04-26 07:39:14,0,3,3,老师讲的内容与生活很贴近，听了他的课你会有很多收获。老师人很好，给分也很好，只要你认真听课，有好好准备，并且表达自己的观点就好～
49827,1116,李咏吟,2017-04-26 09:20:08,0,4,4,学完之后发现自己没听懂什么可能因为自己是理科生文学素养不高，我一开始一直坐前排认真听的，后来也跟着躲到后排去了。老师人很和蔼，真的。我水过了这节课唉:-(。最后的开卷考试很简单，上4了，虽然还是不懂老师的理论。所以我不对课文内容做评价了。
49912,1116,李咏吟,2017-04-27 06:06:45,0,6,6,讲道理老师态度是认真的，但是不会教课，课程内容枯燥乏味，没干货，许多观点陈旧，感觉时间都浪费了，和期待的相差太远。
50483,1116,李咏吟,2017-05-03 06:13:10,-1,2,3,其中有三节课结束以后要去签名写名字学号 算是点名吧 但是可以代签，期末考试就四道题，基本都是抄书，上课略显无聊，很多人都在做自己的事情。老师人不错的，前两节课自己讲，第三节课学生展示与书本相关内容。
50563,1116,李咏吟,2017-05-03 13:20:16,0,3,3,很棒哦
50597,1116,李咏吟,2017-05-03 23:43:35,-1,3,4,很无聊 美学概论真心学不到什么 一节课没听也能考八十几
54425,1116,李咏吟,2017-06-29 10:01:22,-1,2,3,上课无聊，考试打分完全靠感觉，低的一逼，别怪正态分布，就是跟学生过不去
55624,1116,李咏吟,2017-07-02 05:15:36,0,4,4,上课挺没意思的，但是课程很轻松，没有论文，最后一节课在课上开卷考，就4道题目，给分不错。
56551,1116,李咏吟,2017-07-04 03:25:13,-5,5,10,有康德，有黑格尔，有尼采不讲，他要讲自己的美善和谐论。把这些人的思想按自己的理解揉捏成一坨，还觉得自己是创新社会主义价值观的美学体系。其实就是在伟人的屁股下发表点感想。美其名曰美学概论，实际上是李吟咏的美学观。这种课得分低是我的荣幸。
62126,1116,李咏吟,2017-11-22 12:50:31,1,5,4,老师文化水平很高，讲的真心好，那些对美没有感觉的人才会觉得无聊
62958,1116,李咏吟,2017-11-27 12:51:56,2,4,2,听的不懂，说讲的不好的没好好听课吧，认真从开始到结束听的话讲的超级好的啊~
63455,1116,李咏吟,2017-12-04 11:44:01,-3,3,6,能体会到老师人还是很温和的，老师自己也知道这门课主要是理工科的同学。但说真的，课程内容能不能不要这么低龄。诸如红酒不好喝这样的例子就不要举出来了。文学素养高一点的，对美学有期待的，还是不要上这门课了。\n\n正上着课，真的有点失望。
66035,1116,李咏吟,2018-01-11 06:10:48,1,1,0,顺然微微
66615,1116,李咏吟,2018-01-17 14:03:41,-1,2,3,美学概论这课挺无聊的。老师讲的几乎在复述教材（当然是老师自己写的）。PPT里没有一张图。听课就像读论文。想愉快听故事涨知识的话，不推荐。事情倒少，没论文没作业，自愿展示，一学期下来只有一个开卷考。照书抄，给分还蛮好吧。
66651,1116,李咏吟,2018-01-18 03:21:36,-4,1,5,给分挺好的啊\n\n平时没什么事儿\n\n有一次展示可以展示也可以不展示一般只有几个人做\n\n期末多写一点\n\n我一节课都没听全在玩手机看电脑...4.8
66656,1116,李咏吟,2018-01-18 04:47:19,1,2,1,有三次点名，最后有一次考试，平时没作业，还是很水的。
66659,1116,李咏吟,2018-01-18 05:02:52,-1,0,1,没有论文，平时签三次到，自愿展示。上课可以不听，然后考试前好好看书，开卷考时认真写，分数不会差。
66673,1116,李咏吟,2018-01-18 06:12:17,1,2,1,可以说老师真的讲得很好，只是大家各有各的事情，都不怎么听课。我的话是做作业累了就听听课，或者是忽然听到了感兴趣的点才听。但是可以从老师上课说的话里听出来他的素养和积淀。我本来想着和男神报上了同一节课能坐一起，结果他和别的女生做了课友，emmmmm，所以我上课的状态可想而知。\n\n不过可能是因为我有做pre所以绩点稍高些，期末考的话真的只能瞎写，课本内容太多了。惭愧的是只有考试的时候才翻了老师的书。老师的绩点出来的很快啊，让现在刚考完大英的我开心了那么一点点点点。
66680,1116,李咏吟,2018-01-18 07:53:49,0,3,3,我不知道别人怎么样，我本学期三次签到缺了一次，没有做任何展示，期末考瞎抄书的，加上了自己的一点废话，最后4.5\n\n个人感觉老师的水平挺好的，但他的言论可能不够中庸，部分有些极端或者消极，也可能就是我的层次不够无法理解。
66724,1116,李咏吟,2018-01-18 14:12:21,1,4,3,给分好(✪▽✪) 三次点名没缺但也没做展示，开卷考瞎抄书，平时不听课不回答问题就水手机，就是很平常的那种水着上课，然而绩点4.5真的吓到我。真的是可惜不能再选一次的通识。
66761,1116,李咏吟,2018-01-19 02:15:04,-2,2,4,。。。
66769,1116,李咏吟,2018-01-19 02:58:55,-1,4,5,签到，给分一般，什么都没学到
66876,1116,李咏吟,2018-01-19 08:05:34,-1,1,2,迄今为止遇到的最水的课之一 只要每次课都到（只要你有课友帮忙签到其实也可以不到）从没有作业 只有期末课上开卷考 基本上书上都有 只要字写的多点有逻辑一点 我没有做展示最后4.5
66918,1116,李咏吟,2018-01-19 09:34:07,-2,5,7,给分无敌好！4.8不接受反驳！被K/M类的课整怕了真的是，觉得人文学院的课才会让人思考和感悟嘛～老师人也很好，上课之前看过几本西方美学史，觉得老师讲得更生活一点儿。希望大家都去听～！
67075,1116,李咏吟,2018-01-20 08:18:05,0,1,1,给分超级无敌特别非常好！\n\n老师讲课就给人一种很睿智的感觉，而且很忘我.....有时候会达到一种“迷狂”的状态....只是我思想觉悟不够一般无法跟上老师的节奏\n\n偶尔也会很幽默。\n\n晚课选这个就对啦！带着你的思想旋转跳跃！
67263,1116,李咏吟,2018-01-20 14:24:03,9,12,3,次次到，考试前有认真复习，考完试觉得自己发挥的不错，结合了书本和老师上课的内容，结果3.3....，下拉均绩0.2分。不知给分的评判标准到底是什么，有点气。但也只能好好反省自己咯~
67530,1116,李咏吟,2018-01-21 12:32:35,0,0,0,课程只要听还是有货的，不听就很水，三次点名，展示随自己，一次开卷考试，用的是老师自己写的书，翻翻书大部分都能找到。
67854,1116,李咏吟,2018-01-22 08:19:08,1,3,2,3.3不过这种课还是挺好的。事少 上课也可以干自己的事。没论文。开卷考。总之正态碰运气
68906,1116,李咏吟,2018-01-24 05:46:35,0,0,0,很感谢老师o(^o^)o评分很公正。
69125,1116,李咏吟,2018-01-24 08:47:40,0,0,0,最后考试好好考分就很好啦
69885,1116,李咏吟,2018-01-25 15:21:23,0,1,1,老师的观点我蛮认同的。给分蛮好的
73056,1116,李咏吟,2018-01-31 22:34:21,0,1,1,为什么同样按照他的书来写 人家都4.5 我就3.3？？ 我抄的不够明显吗？还是提前交卷的缘故？
74671,1116,李咏吟,2018-03-05 05:06:44,0,1,1,很有人文涵养的教授，听他的课是种享受，可惜下面好多人都浪费了听他课的机会。任务很轻松，想要恶竞也可以抓住课上展示的机会。
74844,1116,李咏吟,2018-03-06 05:59:09,2,3,1,很有自己的见解，在文艺美学论中也讲述了一番自己的理论，非常有水平，只是上课时很少和童鞋互动，下课也不喜欢与同学交流，个人觉得这样的教学无法把自己的思想传达给学生。
75496,1116,李咏吟,2018-03-12 12:25:21,-9,0,9,地域黑。\n\n黑山东人官瘾大。\n\n黑云贵人长相不行身高不行。\n\n黑乌克兰小姐姐结婚之后身材垮掉。\n\n有点low
76815,1116,李咏吟,2018-04-24 04:56:55,3,4,1,老师真的是文化人，文化方面造诣非常深，很多栗子都顺手拈来。感觉也是很理想主义的一个人，超喜欢他。
76950,1116,李咏吟,2018-04-26 11:02:16,3,6,3,老师非常儒雅！上课很投入、给分也超级好！每节课最后点名，没有作业！就是听做pre的时候会抖腿?
76951,1116,李咏吟,2018-04-26 12:08:33,2,2,0,出分真的快
76965,1116,李咏吟,2018-05-05 07:55:04,1,3,2,老师嘛……出分最快没有之一!\n\n星期三晚考完试星期四晚就出分了!\n\n良心良心!然后就是美学这种东西的确比较玄学……作为看书都看不懂的我，考试都是一脸懵逼乱抄的。然后是美学概论这门课的确比较理论比较晦涩难懂……但是老师人不错的，虽然上课说话声音比较小。\n\n整门课三次点名，可自愿做展示加分，但是我没做展示认真复习，认真考试，认真瞎逼逼也上4了!炒鸡开心!!!
76967,1116,李咏吟,2018-04-26 15:57:52,-3,1,4,超级轻松的课，几次签到，一个开卷考试，就上4了。美砸砸
76972,1116,李咏吟,2018-04-26 17:49:09,2,2,0,课很轻松，认真听能学到不少东西，最后一节课开卷考试，谢谢老师
76976,1116,李咏吟,2018-04-27 02:22:09,18,22,4,2.7，我认真划了重点加复习，我是真的菜
76987,1116,李咏吟,2018-04-27 07:05:33,0,2,2,给分不错，出分快.老师声音很好听...只要签到都到加认真考试绩点就能上4了
77044,1116,李咏吟,2018-04-29 06:14:28,1,6,5,完美完美！我上过的最水的通识～没有作业，上课不用听，开卷考试，随便抄书，绩点4.5～\n\n不过老师讲的真的很好啊，不听是我的遗憾啊。。。
77078,1116,李咏吟,2018-05-01 12:25:05,-1,3,4,讲的课没有很吸引人吧，给分的时候卡绩点是真的恶心。
77084,1116,李咏吟,2019-02-26 00:02:19,3,4,1,老师给分真的很好，同学们上去做展示的时候老师也会很认真的听，是个很负责的老师，老师懂得很多，很负责！
77490,1116,李咏吟,2018-05-06 04:06:11,1,1,0,老师有水平，思路清晰，非常老道，但是有时候不一定听得懂
77712,1116,李咏吟,2018-05-07 11:14:14,2,2,0,很开心
78057,1116,李咏吟,2018-05-09 07:23:49,32,43,11,你们这些人啊，就是想着不上课不交作业不考试还能拿满
78169,1116,李咏吟,2018-05-09 22:57:37,-2,0,2,做一次展示，签到都到，期末随便一写，wqok
82333,1116,李咏吟,2018-07-08 02:22:51,0,3,3,给分烂
84512,1116,李咏吟,2018-07-13 04:32:18,0,0,0,老师确实很有水平 但讲课有点枯燥 容易睡着
90982,1116,李咏吟,2018-11-28 11:18:26,0,3,3,每个人都有自己对美的理解，他说的好多东西我都想跟他论一下。不建议有自己的想法的人选这门课
93751,1116,李咏吟,2019-01-16 23:40:51,4,7,3,我喜欢老师！我上课认真听了 觉得学到的很多 考试写的比较有条理 估计老是喜欢这样子的
94235,1116,李咏吟,2019-01-16 02:49:55,2,4,2,事少，给分好
94354,1116,李咏吟,2019-01-16 07:22:52,9,10,1,是一位还不错的老师，可惜唯一一次深度阅读他的思想就是在考场上。\n\n想水过的同学只需要签满到就行了，开卷考试四道大题认真写，会得到还可以的分数。\n\n有的题可能他自己已经有答案了，比如紫金港校区的美学那题，如果和他的意见差太多会不会分比较低？\n\n想再高一点的话就去做展示，老师对展示的要求不是很详细，但每学期只有一次报名机会安排好全学期的展示，建议有想法的同学提早准备。\n\n总体评价李老师：学术能力很强，上课不够吸引人。真正能跟着老师听课的人真的很少，我自己也划水了很久。但看到他的著书，还是觉得他造诣颇深。\n\n关于老师的观点这方面不予评价，老师可能在上课的时候过分强调张承志这一个人物了，让广大有自己独立思想的同学不是很满意。但可能他的研究恰好就在那一方面，而人文类课程的思想很难去分辨孰优孰劣，希望大家辩证看待这样一件事。至少我觉得他的观点大部分还是可以接受的，他是一位蛮不错的学者。
94368,1116,李咏吟,2019-01-16 08:29:12,1,2,1,事少给分好。我好像落了一次签到，考试时最后题目评价紫金港建设，也是根本不懂美学评价方法瞎写的，最后得分居然有4.2，一定是我文采太好了hiahiahia。(ฅ>ω<*ฅ) 顺便老师自己说最后一节课会来讲课的，然而gugugu。。。（´Д`）
94427,1116,李咏吟,2019-01-16 12:08:26,0,1,1,没做展示分也很好啊
94450,1116,李咏吟,2019-01-16 13:23:11,4,6,2,老师真的超有学问，人很好！不用管绩点了，听课是享受，虽然有几次课我因为赶作业而没听
94457,1116,李咏吟,2019-01-16 13:36:51,-13,2,15,真的不知道怎么说，真的差，真的差，每次签到在课的最后，有一次提前五分钟走了，就没了直接79分，woc，什么也学不到，
94501,1116,李咏吟,2019-01-17 03:07:44,0,1,1,总之不理解为什么就是被给了低分心里不平衡的人也是有的
94785,1116,李咏吟,2019-01-18 06:36:39,1,1,0,老师讲课很有深度但实话说不吸引人\n\n最后期末考我觉得我写的东西糅合了自己的思考，而且题目基本都是他上课提到过的，几道论述题是教材里的，最后的大题目是关于紫金港校区设计的评价之类的，老师上课有发表过自己观点的，在听，即便不是很认真听应该也会有印象\n\n最后感觉老师对于下课之后学生来问问题没什么兴趣，我有些问题想问老师但都被他的态度压回去了。。。
94994,1116,李咏吟,2019-01-18 14:32:25,2,3,1,老师上课不点名的，偶尔会有签到，觉得老师讲课还是很好的，但某种程度上会偏向于自己讲而缺少互动，所以有的时候很难去理解老师所讲的东西。但不可否认，老师的人文情怀很足，但考试的时候理科生会很懵逼，因为感觉即便课上听讲，但还是不会考试。同时特别想吐槽的一点就是，老师对于病假没有半点容忍，唯一一次因为肺炎住院缺课正好赶上签到，第二次想交假条，老师不要。所以综合下来，即便做了展示，上课听讲，但绩点还是通识最低……所以建议理科同学们慎选吧，如果文科同学去听的话，老师的课会很不错的。
95099,1116,李咏吟,2019-01-18 23:05:32,0,0,0,挺好的老师，很有水平
95965,1116,李咏吟,2019-01-20 09:38:34,-1,0,1,谢谢老师！点名都到，期末考好好写就不错了
103929,1116,李咏吟,2019-03-07 11:15:26,22,22,0,诗歌与哲学听了两次课，非常感谢老师能把多年的思考和反省如此坦诚地交代给大家。能看到老师有认真备课，课堂节奏也把握的很恰当。老师说开设这样一门课是他多年的愿望，虽然下面听课的同学并不多，但老师讲课仍然十分投入。或许诗歌和哲学才是老师的真爱吧。（老师说本来想重点讲尼采的查拉图斯特拉，可惜课时太少了，所以各章节内容都比较简略，深度也不好扩展~有点遗憾的）关于老师的个人观点正确与否，我不能做出评判；但我想，老师教给我们最重要的是阅读创作的思维模式和方法，而且能听到如此精彩的课，我已经很满足了（第一次课下课的时候老师被我们问了半个小时问题，一直很耐心地为我们讲解，真的很感谢老师）
104587,1116,李咏吟,2019-03-24 12:41:18,6,7,1,作为理科生听老师讲课总觉得有些过于绝对...有时候讲着讲着又会和之前讲的观点无法自洽，有些相悖...看得出来老师文学素养很高，但是在表达自己观点方面激情有了，理性不足...
105499,1116,李咏吟,2019-04-15 12:59:26,1,1,0,老师是真的好，只是我太菜了，有些打扰了。
105632,1116,李咏吟,2019-04-17 13:21:54,2,3,1,好老师！！
105636,1116,李咏吟,2019-04-22 02:19:31,4,9,5,做了展示，期末考字也很好看，but给分真的不好，死鬼
105755,1116,李咏吟,2019-04-20 04:15:01,13,14,1,分数没有出来，选的是诗歌与哲学，老师讲课浑身散发着一种由内而外的文化韵味，真真的是享受！第一次这么认真地把通识课从头到尾享受完！不过课程事情还蛮多，有考试（开卷），3000左右的读书感想（老师自己写的一本书），还有那本书的批注。抽查三四次签到。推荐热爱文学的同学选，绝对不会让你失望的！想水学分和绩点的话还是慎重考虑吧！
105833,1116,李咏吟,2019-04-21 15:25:49,4,5,1,老师习惯在下课之后让大家签到点名，所以有时候就会出现这样的情况：有些朋友在离上课结束还有十分钟的时候溜了，然后老师课后点名了?
105836,1116,李咏吟,2019-04-23 15:18:13,-1,1,2,老师作业要求的PPT上面不会写清楚所有的作业……不是不想做作业，但是只看PPT做作业就会很凄惨……上课不会强调作业的事情，自己留点心吧。
105852,1116,李咏吟,2019-04-22 03:19:01,4,4,0,没有做pre，期末作业认真完成期末考也认真考（虽然比不过那些大佬）。给分上了四，对我来说不算低，认真把老师给的教材看完真的很有收获～
105858,1116,李咏吟,2019-04-22 05:38:08,-20,2,22,祝这个上课水的一批给分辣鸡无比的课早日消失
105860,1116,李咏吟,2019-04-22 06:05:34,1,1,0,客观地说，老师真的是很负责很认真的。如果真的对哲学感兴趣，认真听课是一定会有很大收获的，讲义的内容也很丰富有趣。而且老师也会认真听学生的展示，哪怕我们的认知还是很表层很肤浅。
105864,1116,李咏吟,2019-04-22 08:30:03,1,1,0,。。。
105867,1116,李咏吟,2019-04-22 09:50:06,5,6,1,我真的是侥幸补选上的，本来以为会是中国诗词什么的，但其实是古希腊那边的西方诗歌。我以为我会不感兴趣，会感觉很枯燥很无趣，结果不是这样！我认真读了讲义，真的受益匪浅！老师是我大学两年遇见最具有文人气质的先生了！！（本身就是大学者）上了您的课，才发现语言的表达、思维的探索、诗歌与哲学的奥秘是这样的迷人。这门课勾起了我对西方诗歌与哲学的好感与兴趣！！特别推荐给理工农医的同胞，人文素养是不可或缺的，这门课让每天专业课的人生活中多了点文学的色彩? 成绩的话，很求是吧，认真读讲义写批注，签到要满，期末好好抄书，不会很差的~认真与否老师都看到了！☺
105895,1116,李咏吟,2019-04-23 00:59:10,0,0,0,平时上课没怎么听过，为了写读书报告认真看完了老师写的整本书才觉得是真的可以学到很多！开始后悔了，最初是因为感兴趣才选的这门课，干货满满。期末考认真答题，签到也没落过，最后成绩上4，觉得还是相当宽容的。
105931,1116,李咏吟,2019-04-23 08:37:21,0,0,0,一次pre一个5000的论文加每次签到 期末考试写的也不太多 最后4.5 老师真的干货很多啦 看讲义的时候学到不少东西 虽然最后写论文重点是在惠特曼 没有看太多尼采 没想到期末考是尼采大题 瞎答了一通 估计因为这个被扣了不少吧
105950,1116,李咏吟,2019-04-23 12:53:42,5,5,0,虽然最后绩点不太如意，但是真的很喜欢老师了！李老师是上大学一来遇到的最纯粹最有情怀最看不到世俗气的老师，认真听的几节课都有好几个点被感动到。课好好听，讲义好好看，这课绝对值！
105969,1116,李咏吟,2019-04-24 01:12:46,1,2,1,诗歌与哲学，老师上课声音比较轻柔，人很和蔼，内容很丰富可惜有点难理解...最后的论文水水就好。给分还不错
106027,1116,李咏吟,2019-04-24 11:14:58,0,1,1,老师还挺好的！看了讲义听了课，收获还挺多 ，了解了许多诗人。
106031,1116,李咏吟,2019-04-24 12:10:18,2,2,0,选的诗歌与哲学，老师教学非常认真，课后乐于解答，水平很高，听课享受，但是课程内容比较专业，对通识课而言困难了一些。会有签到和考试。成绩方面给分也确实不高，在认真听课做笔记＋批注＋读后感万字以上的情况下依然3.3，对均绩造成了可见的影响。可能是观点不足或专业眼光来看有许多问题，但是对于通识课＋非专业选手来说已经尽力了……？也许是最后考试太糟糕……？
106055,1116,李咏吟,2019-04-24 15:31:30,35,37,2,诗歌与哲学不适合热爱恶竞靠恶竞刷分的同学。老师会认真地看你写的东西，而不是根据你写了几万字、字有多工整来给分。另外，每一节课都相当于在听一场人文教授的专题讲座，无论是放在过去还是将来，都是过了这村没这店的事情。现在也可以说是非常难得的机会，希望大家不要为了蝇头小利忽视真正的大益。但是很抱歉，浮躁的我也没能每节课都认真听，真心希望有同学能静下心来认真听老师的课。
106181,1116,李咏吟,2019-04-25 12:21:05,1,1,0,很渊博的一位老师
106275,1116,李咏吟,2019-04-26 05:31:27,1,1,0,就在刚才看到分的时候有点懵逼想知道为什么，过来看了看...果然我有一项作业忘了没有做。老师很好，可惜我不是人文学院的。曾经很想成为中文系的学生。
106283,1116,李咏吟,2019-04-26 06:17:53,1,1,0,唉，展示做了，最后3.9还行吧\n\n玄学给分\n\n
106300,1116,李咏吟,2019-04-26 08:50:29,0,2,2,老师讲课真的好很有人文情怀很少能看见这么不功利的老师了。内蕴非常深厚，但是讲课略微硬核，这门课适合旁听不适合选，我做了pre然后讲义认真看了，考试开卷也写了不少，不过好像有一次忘了签到???导致没上四哭唧唧最后83  3.9给分也还算合理吧，略微硬核，会讲很多关于美学的想法，真的是很好很认真负责的老师，上课提前到，下课会和我们交流之类的。推荐，老师人超赞。推荐旁听嗷~
106438,1116,李咏吟,2019-04-27 11:11:14,-5,1,6,上课水，零星几个人听课。可以看出老师很有内涵，但是确实自己文学素养不够，听不太懂，上课确实有点无聊了，没有互动，大家都在做自己的事。有一次自愿展示的机会，3000字阅读笔记，一次水水的期末考，就没啥事了。平时没怎么看书，考前翻了一晚上，最后还是瞎抄书。?还好还好，做了展示，最后4.5，给分很快，马上出了。
106464,1116,李咏吟,2019-04-27 15:10:45,-1,3,4,垃圾老师 展示认真准备 每次都认真听课 最后给我来了个绩杀 那些翘课不去的人绩点都比我高 真不懂是怎么个打分法！
107532,1116,李咏吟,2019-05-06 09:27:15,1,2,1,诗歌与哲学适合旁听，不适合选，认认真真上课，全勤，批注做满，考试写满的我3.3？
107676,1116,李咏吟,2019-05-08 07:39:37,0,2,2,老师的人生态度很好 讲课习惯可能不适合所有人 还是适合想了解的人不适合混分吧
109313,1116,李咏吟,2019-06-13 05:13:57,8,8,0,诗歌与哲学：我没有做展示，不过每节课必到，在给讲义批注的时候也不是每页都写，但是会有自己的一些质疑与思考（讲义是老师自己写的，布置作业的时候老师就说让大家指正，因此我基本上是带着一种批判的眼光去看讲义的）。老师的讲义很精彩，有神话故事，有理论知识，有逻辑亮点，不过也有一些表意不清的地方（当然也可能是我理解能力不行）。尽管我的一些思考和问题很幼稚，但我相信老师一定认真看了。老师非常有耐心，有问必答，语气温柔娓娓道来，最后随堂考试的那节课，我借着最后的机会在交卷之后把自己在看讲义时所产生的问题一一问了一遍，老师都给我解答了，让我茅塞顿开。最后绩点4.2，虽然不是特别的高，但我也很满意了（毕竟平时就是个小透明，在大课上简直沧海一粟啊）。诗歌与哲学，老师更注重对哲学的思考，而不是对诗歌的鉴赏。我以前没有接触过古希腊哲学，所以听起课来其实有点困难（有时候听不懂或者无法理解那种朴实的哲学思想），但是我还是吹爆李老师！假如你带着一种求知的态度去上课，尊重课堂，尊重老师，你一定能得到不一样的收获。老师非常和蔼，课堂非常宽松，没有提问，所以听不听课真的只能靠自觉了。最后建议该课程改名叫“古希腊诗学与哲学”，这样就不会有人错选了吧。。。
110093,1116,李咏吟,2019-06-22 15:22:22,0,2,2,不才4.5\n\n那些说给分低的老铁们\n\n和水课比当然低了\n\n和不付出的课比\n\n当然低了\n\n建议选选这类课，不认真的上一次通核，恐怕诸位都忘了通核的含义了吧?
112483,1116,李咏吟,2019-07-04 11:29:27,5,7,2,唉，为什要去浪费时间呢？不感兴趣的同学还是不要去水了，讲得迷给分迷。一不小心就被狂拉绩点。
123108,1116,李咏吟,2020-05-10 07:42:14,0,2,2,搜了一下李咏吟老师的cnki论文数量，也就七页吧，朋友们，是否理解了为什么文学理论要写最少13000的论文？
123874,1116,李咏吟,2020-06-15 14:43:30,1,2,1,考前打个十分，老师上课不点名
124144,1116,李咏吟,2020-06-25 07:48:25,1,1,0,老师人真的挺好的，很能理解学生，当初大一选了大三大四的文学理论课，老师也可以理解大一的知识不足，老师也真的知识渊博，文学造诣很高.
124172,1116,李咏吟,2020-06-26 09:53:29,7,8,1,李老师拥有一套文艺美学理论信仰，尤其是关于形象论美学和意志论美学的建构。不过，李老师的书多少有些“复杂化”的倾向...
124369,1116,李咏吟,2020-06-30 01:30:31,3,3,0,我承认老师的学识很令人佩服，但上课缺少互动，而且给分太差，劝退
124598,1116,李咏吟,2020-07-03 11:48:58,2,2,0,很喜欢诗歌与哲学这门课，虽然在家上网课但意外地有种睡在干草垛上的舒适感。但如果不是对课程本身感兴趣的话不建议选，给分比较一般。
135456,1116,李咏吟,2021-05-11 03:06:07,1,2,1,诗歌与哲学力荐，别人说的给分差并没有感受到，只要态度认真感觉给分还是可以的，虽然孩子被卡绩了但还是很喜欢这个老师
135915,1116,李咏吟,2021-06-03 03:24:49,6,7,1,感觉水平一般
136128,1116,李咏吟,2021-07-01 12:04:34,10,12,2,虽然给分很好，但是我真的不知道能学到什么东西。
136435,1116,李咏吟,2021-06-18 02:27:53,2,4,2,给分……诗歌与哲学平均分竟然这么低Σ(っ °Д °;)っ，感觉我周围一圈的人都是4.5，4.8的，就我来说，平时一半的课水过去的，论文还是ddl之前赶的，那本书也就看了三分之一就去考试了，然后疯狂写，最后4.5，展示应该会有一定加分，老师不会捞，有卡绩风险。\n\n上课我感觉还好吧，如果你了解荷马史诗的话会听的很开心，如果没有了解甚至听过就会有点不知所云，老师和他的书一个风格，可能会有很多你听起来没用的话，但是你忍着听下去，还是可以收获很多的。\n\nP.S.那个教室塞满人，热死了\n\n打算暑假智云再补一下，有点后悔那个时候那样水课。
136454,1116,李咏吟,2021-06-18 05:32:44,7,7,0,诗歌与哲学，不是一门水课，也谈不上一门淦课。老师很博学，内容很乏味，给分很求是。
137115,1116,李咏吟,2021-07-01 09:22:53,8,11,3,李老师很儒雅的人 认真听课真的是一种享受 关键给分很好 我这种辣鸡都能4.5
137118,1116,李咏吟,2021-07-01 09:57:04,8,9,1,老师超好，平易近人，用心备课，事情也不多，爱了！！李老师不能只有8.几分！一百分啊啊啊啊！！₍₍ ᕕ⍢ᕗ⁾⁾
137120,1116,李咏吟,2021-07-01 09:54:18,1,3,2,感觉身边都是4.5 4.8 然而我被卡了 难受 考前还认真复习了好久
137121,1116,李咏吟,2021-07-01 10:00:58,1,4,3,这学期上了李老师的文学理论课真的收获了很多很多很多很多。这么说呢，每次听老师讲课真的都是一种享受，可以听出老师深厚的艺术实践功力。虽然由于水平的差距有时候会不太能get到，但是我觉得认真听会有很多收获。考核的话，一学期两次开卷考各占百分之五十，然后可以自主报名展示。总之谢谢李老师给了我第一个5.0！！！！以及对美的初步体验！
137122,1116,李咏吟,2021-07-01 10:21:10,0,7,7,慎选！绩杀，虽然不点名，但是隐形鼓励鹅颈的老师，上课无重点，考试无方向，评分完全按心情
137128,1116,李咏吟,2021-07-01 10:37:56,0,3,3,李咏吟yyds
137145,1116,李咏吟,2021-07-01 12:34:20,0,3,3,文学理论，没有听懂老师在讲什么，但是4.5，很愧疚
137346,1116,李咏吟,2021-07-03 11:06:39,2,2,0,文学理论，给分很好，但是不觉得适合没有基础的同学上，尤其是汉语言文学本专业，基础知识不太讲，讲的比较随性，但是这门课考研还会涉及，基础不扎实可能问题比较大。
137365,1116,李咏吟,2021-07-03 13:11:21,4,4,0,事少给分好
142214,1116,李咏吟,2021-11-08 13:36:29,-2,2,4,给分就是 上课无聊 姑且听听
142497,1116,李咏吟,2021-11-12 09:10:19,-7,7,14,莫名其妙，心怀鬼胎。愿大家慎重
142519,1116,李咏吟,2021-11-12 13:06:55,0,3,3,平时没作业，我个人展示没做过，上课也就第一节课听了，就期末作业读书报告认真写，期末考试两篇论文140分钟内拼命写，最后89分，4.5
144408,1116,李咏吟,2021-12-25 04:50:06,3,3,0,...
144552,1116,李咏吟,2021-12-22 08:29:16,5,6,1,【诗歌与哲学】课程本身还是可以，老师本人非常热爱，授课一半有趣一半催眠，总之不会很痛苦。但是不建议没有基础或兴趣不强烈的同学上。开卷考试，材料是老师自己出的书。书可能比课还有价值（指学习本门课的知识）。
151900,1116,李咏吟,2022-03-20 03:39:25,11,12,1,我真的想不到，一堂开给大一的文学理论，没有基础知识，没有这个学科的学术史。也许他讲得很好，书也写得很好，但我看不懂啊。我一边翻《文学理论教程》《比较文学教程》一边看他书还看不懂的样子，狼狈极了。
152960,1116,李咏吟,2022-04-22 12:22:02,1,2,1,课讲的很好，但是给分很差，慎选
152963,1116,李咏吟,2022-04-22 12:46:22,2,3,1,给分一般。那本教材实在不易读。
152985,1116,李咏吟,2022-04-23 05:07:43,2,3,1,。。。
152993,1116,李咏吟,2022-04-23 09:02:23,2,4,2,逻辑性偏弱 但干过很多 认真准备展示写随笔的话给分还是不错的
153022,1116,李咏吟,2022-04-23 18:20:30,0,1,1,诗歌与哲学的课，以尼采作为切入点的安排还是很不错的，刚好我最近也在读有关尼采的书，每节课认真听的话感悟也比较深。遗憾是因为疫情隔离所以没有办法上台展示。\n\n李老师的课结构性不强，不会按照工科学习那样一条一条罗列要点，但肉眼可见地水平很高，文学历史知识能滔滔不绝地讲上几个小时。不适应的同学可能会无聊吧。
153041,1116,李咏吟,2022-04-24 07:18:59,3,4,1,李老师给分挺好的啊
154189,1116,李咏吟,2022-05-25 14:54:39,-1,11,12,笑死 这老师能值8.5？
154667,1116,李咏吟,2022-06-03 05:40:57,3,13,10,话语不知所云，晦涩艰深，硬要讲一大堆诘屈聱牙的废话，用自己的书做教材是不是怕卖不出去。
154672,1116,李咏吟,2022-06-03 06:33:27,5,8,3,无语了
155533,1116,李咏吟,2022-06-14 05:33:59,2,2,0,老师很用心地在分享，内容偏个人研究分享，听课很享受。但如他自己所说这门课并不太适合大一来上（无奈课程安排如此）如果有了一定的经典阅读积累，一定是非常棒的体验。最后一节课很感动。这学期貌似是老师最后一次开文学理论的课了，事情略多，作为外专业积累也很浅薄的本人原本对分数没什么期待，可以说是很惊喜了。
155540,1116,李咏吟,2022-06-14 06:50:36,-1,0,1,课有点无聊，但给分真的很不错～
155556,1116,李咏吟,2022-06-14 09:29:58,6,6,0,老师是一个很有思想很有情怀的人文学家，认真听他上课可以收获很多（虽然我没有完整地认真听完过QAQ）而且老师给分真的好（专业课不正态）！！！
155559,1116,李咏吟,2022-06-14 09:43:45,6,7,1,李天使！！！！！！！！我是2022年春夏选的文学理论，当时看到李老师的分数心里凉了半截，看看隔壁朱天使，剩下半截也凉了，没有对比就没有伤害的那种感觉，但是现在！我要给lyy正名！！！！虽然他的那本创作解释学特别难懂，虽然那篇阅读随笔写的我生不如死，虽然那个课堂展示被卷的死去活来，但耐不住他给分实在是好啊！！！我一个小垃圾都上了4！天使！天使！天使！\n\n总结归纳：\n\n教材是《创作解释学》，很难顶，哲学化的语言配上老师特有的深邃的形象解释体系，读的时候如堕五里云中，就是那种字你都认识，拼在一起又看不懂了，要读的话一定要平心静气，屏气凝神，集中精力读下去，当然，我也没怎么看进去，就只留了个大概印象。\n\n平时作业是阅读随笔，就是看教材写一篇阅读随笔，我个垃圾写不出什么高水准的，就精读了部分章节写了一篇，谢谢老师\n\n会有课堂展示，我觉得应该有一定加分，当然，我个垃圾就是被卷的死去活来的那种，但起码做了，谢谢老师\n\n上课的话老师水平很高，有自己的一套思想和审美体系，温文儒雅，特别有学者气息的老师。但是，我个垃圾我没听，就开始一个礼拜听了后面都没听，我的错，我的错，对不起老师，一个学期下来被老师说中了，脑子里只剩下了“形象”两个字...，谢谢老师\n\n期中考是老师出一道题，写论文，开卷，能带的资料都带上，这学期是四大名著之一西游记的形象分析，反正吭哧吭哧生产了一篇学术垃圾，谢谢老师\n\n期末考也是开卷，两个问题，不透露了，反正也很有哲学意味的两个，我吭哧吭哧抄书，又制造了一堆学术垃圾，谢谢老师\n\n老师真的是一个很好的老师，很值得一听，我没听是我的问题，我摸鱼，我有罪。\n\n再拜稽首，谢谢老师不杀之恩
155561,1116,李咏吟,2022-06-14 09:56:10,1,1,0,李老师人超级好，回答问题很耐心，而且给分很好，只要你认真做了就会有高分的!
155563,1116,李咏吟,2022-06-19 08:34:03,9,9,0,李老师是非常认真的老师，上课有很多的干货，平常没什么任务，文学理论一篇随笔，期中期末两次开卷考试，加上一次展示，难度不大。老师不鼓励恶竞，展示也基本有一半的人可以做，只要你认真写了老师分不会给你低的。那些说老师讲的晦涩难懂，不知所云的是没好好在听课吧，同样是零基础，认真听下来收获是很大的，而且老师给分很好，看的是你的态度。非要给你满绩才算好老师吗，自己上课没有认真听，展示没有去争取就不要反过来骂老师。李老师性格很好，回答问题很耐心，就是一个老者学者的样子，自己不努力没必要迁怒于老师，你的分低是自己的原因，你的表现老师都看在眼里的
155585,1116,李咏吟,2022-06-14 12:55:37,5,5,0,两次开卷考，一份阅读随笔。\n\n还有一场可选的课堂展示作为加分项。\n\npo没去展示，随笔大概写了4000多吧，开卷考疯狂头脑风暴，4.5分。\n\n超满足，老师真的对我太友好了QAQ
155615,1116,李咏吟,2022-06-14 16:00:43,2,2,0,李老师是真正的有情怀的诗人。
155856,1116,李咏吟,2022-06-16 10:07:37,3,3,0,讲课很有哲思，对学生很慈爱，给认真的学生打分很好。这一学期课上下来体验非常好！
160183,1116,李咏吟,2022-09-14 09:22:35,0,1,1,挺不错
160596,1116,李咏吟,2022-09-27 14:59:04,13,15,2,1.绝对的大家，放在古代就是孔子一类的人物，高山仰止，景行行止，吾辈能受教于老师，朝闻道则夕可死矣。\n\n2.老师学贯中西，博通诗歌、哲学，而且对学生极为关爱，始终循循善诱，答疑解惑，可惜就要退休，再难以让后人承蒙教诲了。\n\n3.老师布置的作业更偏向于个人的修养与思考，若是想要快速完成、摸鱼摆烂，那大可以上网查找一番交个差的。但是这样就背离了老师提高青年审美与道德的初衷，还望各位千万不要做此傻事。
160879,1116,李咏吟,2022-10-18 02:56:31,-12,5,17,书编得实在一般 但这也是国内人文社科书籍的通病 也许人家的书根本就没想给初学者看\n\n作为一个从小熟读四书五经的孩子 觉得李老师对于中国文学的看法是相当片面的 哲学的部分苦于境界不够又缺乏了解 不是很懂 \n\n为师之德值得肯定 求是而且宽容耐心 愿意回答那些热血都快要涨破脑袋的自以为是的眼高手低的大学生的刁钻而且毫无营养的提问 还是很不错的老师 只是课的内容我个人不是很喜欢
161651,1116,李咏吟,2022-11-10 10:29:15,10,10,0,李永吟老师是我见过的为数不多的拥有文化底蕴与人文关怀，可以真正被称为学者的人。老师的诗歌与哲学深入浅出，像诗，每周能在晚上上一节老师的课是我的幸运。请记住，如果你是真的热爱远方的飞鸟，热爱地上的落叶，热爱文字，并且沉浸于宇宙中最为奇妙的哲学，我希望你不要错过这门课，课上的pre是人与人灵魂的交流，精神的共鸣。我希望，我们和李老师的相遇是绝对出于纯粹的热爱，而不是为了其他任何功利。
161671,1116,李咏吟,2022-11-10 08:02:29,2,3,1,老师我的光🥺
161676,1116,李咏吟,2022-11-10 10:13:17,7,7,0,老师很认真也很负责，上课干货很多，从诗歌与哲学这门课近几次的教材都不一样就可以看出。就是老师的思想有些中规中矩，而且他对哲学和西方的了解大于对诗歌和东方的了解，诗歌与哲学这个命题太大了，讲起来经常有失偏颇。如果对西方哲学比较感兴趣又了解不深的话，可以听听这门课探探路。老师给分还是不错的。
161678,1116,李咏吟,2022-11-10 10:52:09,6,6,0,老师人很有文人气质，你如果认真听的话还是能学到很多东西的。一次4000字读后感，期末开卷考，一次展示自愿报名。取消了正态之后老师给分真的是太可以了，我只有第一次课在认真听，发现真的听不懂之后就开始写其他作业。最后读后感两天速成，期末考全是抄的书，但绩点真对我来说很满意了。老师的课一定要去听，因为好像签到不在的人分数有点低......
161714,1116,李咏吟,2022-11-11 03:17:40,5,6,1,上的老师的诗歌与哲学，给分特别特别好，任务也很少，只有倒数第二周的四千字论文和最后一周的考试。强烈安利！
162138,1116,李咏吟,2022-11-17 04:27:24,-7,2,9,好好好\n\n但是上这门课一定要认真一点\n\n老师很求是的 成绩完全以你写的东西为准
162274,1116,李咏吟,2022-11-19 02:01:07,1,3,2,会增长见闻，提高素养，值得一听，认真读书写论文，绩点没问题
163904,1116,李咏吟,2022-12-16 13:21:13,8,10,2,李咏吟老师讲授的都是他在他研究领域内多年的所得所想，课程内容非常好，而且，老师本身的研究方向确实很独树一帜。听老师讲课很舒适，课程给分好，诗歌与哲学需要一篇4000字阅读随笔，一次开卷考，几次随机课堂签到。老师是目前我在zju遇到过的最儒雅的老师，老师讲的就是纯粹的文艺美学。老师很博学，认真授课，他是会每次上课前更新自己的备课的。而且，搜一下老师的论文，就会发现，老师一直在高效输出。
163989,1116,李咏吟,2022-12-17 06:19:52,-6,5,11,认真听会有很多收获，但我基本全在水课，从没看过书。给分很好，四千字读书笔记对着书两天写完，最后裸考抄书也4.5，我都不好意思，后悔没好好听课了
164432,1116,李咏吟,2022-12-21 03:05:18,3,7,4,李老师真的太棒了！上课特别有底蕴，人也很好呜呜呜，下课还认真解答！论文好好写，最后绩点4.8
165431,1116,李咏吟,2023-01-05 04:34:13,2,5,3,理想的老师
167907,1116,李咏吟,2023-01-20 05:06:51,9,10,1,上的是老师的诗歌与哲学，体验极佳，事情少，给分好。老师本人是研究尼采的好像，上课输出非常独特，引人思考，满满的学者气息！强推！
172434,1116,李咏吟,2023-04-27 01:42:09,2,4,2,上的老师的诗歌与哲学，老师讲得很好，两次点名，一篇随笔，最后一节课开卷考。有一次点名没来，最后3.9
172488,1116,李咏吟,2023-04-27 17:53:55,-3,4,7,李老师的诗歌与哲学真的很赞，认真写论文、做期末卷就可以有很好的成绩！
172500,1116,李咏吟,2023-04-28 03:36:30,3,7,4,诗歌与哲学，老师讲得特别好，很认真的在讲，但听课的学生不多。给分很好。4.5
173797,1116,李咏吟,2023-06-03 05:13:12,-15,4,19,借课卖书
182285,1116,李咏吟,2023-11-14 04:17:52,1,2,1,给分真的好\n\n如果自己能接受的话，可以争取去做pre\n\n会点一次名
182289,1116,李咏吟,2023-11-14 06:07:28,2,3,1,特别开心 96满啦 本来想和大家分享一下经验 但是听李老师说他好像要退休啦 如果还有开课的话我就来分享 李老师人很好！课也很好！
182321,1116,李咏吟,2023-11-14 14:08:23,5,5,0,利益相关：\n\n1.纸质随机某天点名（秋学期正好是《河边的错误》路演那天）\n\n2.期末开卷考（结合《文艺美学综论》内容，三道综述题选两道，有特定主题）（抄关键语句+具体论据，我写满了反正）\n\n3.大作业是4000字+读书报告（直接整了一个诗书画一体 没想到押中考题了）（但我的作业真的挺烂的说实话）\n\n4.有pre的机会要尽量争取！下课去了趟厕所 回来就发现报名的人已经满了 呜呜\n\n\n\n情怀相关：\n\n1.我认同李老师的多数见解 我爱楚辞\n\n2.李老师讲课讲得是真好 虽然后来我都水掉了\n\n3.《文艺美学综论》这本教材、、、写得没有他本人讲课讲得好，本人太菜读不进去\n\n（4.其实最大的收获是在课堂上划水 然后思考了一点柏拉图的文艺美学本质论、赫拉克利斯的二河 然后发现这跟诗歌与哲学的联系还是挺紧密的）\n\n\n\n最终4.5/90，作为没有pre的水课人 已经很满意了！感谢李老师捞捞！
182415,1116,李咏吟,2023-11-15 18:22:21,-4,1,5,唯一一次点名未到词典点名，一节课没听，期末狂抄3节课4.8
182656,1116,李咏吟,2023-11-19 04:19:18,4,5,1,我的妈呀我简直太喜欢李老师了。【不过，如果是想选来跨学科或者是想求高绩点的还是建议不要选啦】\n\n李老师上课非常认真，就是那种一看到就会想到“文质彬彬”这个词的那种文科老师。老师不是那种一套PPT用好久的，他甚至同一周不同课之间的内容也会有不同，老师他是真的在将自己最近的思考分享给我们，属于那种干货满满的课。\n\n个人觉得老师的课会对本来就喜欢他研究领域的同学有很大吸引力，考试其实也很轻松，只要看过老师那本教材、有一定内化梳理能力就可以很好的输出了。\n\n还是再说一句谢谢老师
183355,1116,李咏吟,2023-11-24 04:58:02,5,6,1,希望老师可以对自己多年研究的体系化成果进行介绍，而不是最近想了什么就拿出来讲，要首先经过自己的长时间思考再分享给别人。另外教考分离实在是太严重了。
183877,1116,李咏吟,2023-12-02 05:37:17,1,1,0,给分不错
184483,1116,李咏吟,2023-12-20 12:53:37,0,1,1,作为对文学无感的人，期末狂抄，唯一一次点名未到，然后88/4.2，算是应该的，不过听说不给本科生开课了
507,1135,郭翀,2015-03-15 03:40:25,12,15,3,翀哥是业界良心！
2069,1135,郭翀,2015-03-31 08:22:14,4,5,1,美美嗒
7250,1135,郭翀,2015-09-12 08:05:41,2,3,1,业界良心\n\n
13473,1135,郭翀,2015-12-28 08:02:06,7,10,3,作业永远交不完2333
15603,1135,郭翀,2016-01-15 15:15:52,5,5,0,郭老师真的不错！
15993,1135,郭翀,2016-01-17 02:11:51,8,8,0,老师人很好，因为在日本留过学(貌似)喜欢日本的设计，会安利好多。培养设计兴趣
20220,1135,郭翀,2016-01-26 14:34:10,-4,4,8,老师自管自讲咯
45728,1135,郭翀,2017-01-20 03:49:02,8,8,0,很不错的老师，比较负责，性格和蔼
62234,1135,郭翀,2017-11-23 10:16:23,5,5,0,暖心男神，视传五大男神之一！！表白表白！
62397,1135,郭翀,2017-11-25 00:55:52,2,3,1,强势表白！绝对男神！好开心啊！?
64729,1135,郭翀,2017-12-27 03:46:59,4,4,0,翀哥超级暖，很负责任，很和蔼，很感动，特别喜欢！！！
65904,1135,郭翀,2018-01-10 05:52:47,4,4,0,和蔼可亲23333333
69257,1135,郭翀,2018-01-24 11:21:53,4,7,3,虽然作业有点多，但是感觉学到挺多的。感觉要求还是挺高的，评作业总让人沮丧。老师还是挺好说话的，性格温和。认识一个新字，翀
69808,1135,郭翀,2018-01-25 12:17:44,8,8,0,不仅学到了很多关于广告海报的知识，更是觉得老师是一个超级好的人生导师（开导了一节课的韩国同学）作业虽然有点多（其实还能接受？）我觉得郭老师才是值得九分的老师哇
70005,1135,郭翀,2018-01-26 02:43:35,6,6,0,男神！人生导师！
89837,1135,郭翀,2018-11-21 03:29:09,1,1,0,分数出了！感人！比心！
97161,1135,郭翀,2019-01-21 22:52:48,-14,2,16,费劲巴拉地也才4.5，陷入自我怀疑中
120454,1135,郭翀,2019-12-09 02:16:06,1,1,0,男神！干货很多！人超好！
123453,1135,郭翀,2020-06-09 04:04:32,1,1,0,5.0吧
161338,1135,郭翀,2022-11-04 08:46:17,0,0,0,我为翀哥举大旗嘿嘿。。😋
163839,1135,郭翀,2022-12-16 08:15:47,3,3,0,和太田幸夫老师合作教授创意形态学。\n\n感觉上课干货不多。\n\n老师人很随和，汇报的时候会清晰指出问题所在。
34790,1175,江崇岩,2019-07-05 19:46:22,-16,5,21,很好的老师哦
44007,1175,江崇岩,2019-08-23 10:41:33,-35,9,44,大学里唯一觉得讲的特别好又特别有趣的老师，而且人非常好又体贴，可以学到很多东西然后作业很少，不苛刻分也很高，推荐大家选
62054,1175,江崇岩,2017-11-22 09:21:52,13,19,6,浙大最假公济私倚老卖老的老师，疯狂甩锅，随便怼人！！
86867,1175,江崇岩,2019-09-22 23:58:56,-18,2,20,写生课，作业少
87122,1175,江崇岩,2018-09-20 15:18:55,18,19,1,傻逼 呵呵
88549,1175,江崇岩,2018-11-01 07:57:10,4,5,1,zlj
90365,1175,江崇岩,2018-11-23 09:18:05,2,3,1,...
112980,1175,江崇岩,2019-07-05 17:13:14,9,12,3,通识课也能给挂吗 请问您为什么？
113039,1175,江崇岩,2019-07-05 19:45:52,7,9,2,很偏袒非中国学生，是中国学生慎选。还有，讲课内容枯燥，有一种莫名的猥琐感。给分也极差，难以描述出优点(对非国际生而言)。
113111,1175,江崇岩,2019-07-05 23:37:05,10,10,0,本来选了当个性，没想到给分巨差，慎选啊啊啊啊
113171,1175,江崇岩,2019-07-06 01:03:29,-1,6,7,我觉得老师很好啊  可能我不是美术生的原因  上课很认真  偶尔的回忆也就是对美术的喜爱  就是这个PPT  满屏的绿色真的很丑  哈哈哈哈
113260,1175,江崇岩,2019-07-06 03:11:20,-4,5,9,我觉得老师的课真的很好，作为非艺术专业的学生，觉得西方美术史课的知识丰富完整，收获很大。每次课都出勤，认真写论文最后绩点4.5个人挺满意的。
113266,1175,江崇岩,2019-07-06 03:19:25,10,10,0,我为什么 我和前面那个一样 一次课都没有缺勤，认真写了论文，最后2.4？心态崩了，有史以来最低绩点\n\n
114221,1175,江崇岩,2019-07-09 05:59:55,1,6,5,上了整整一夏学期的课下来特别明显的感觉是大家对这门课真的太不重视了，对老师也非常不尊重。很多同学都是把这门课作为个性课选的，所以在课上干什么的都有。最后一排经常能看到有个同学脱了鞋子把脚架起来放在其他座位上是怎么回事？？还有上课把手机关静音不是起码的尊重吗？？时不时的响起微信提示音甚至刷抖音的声音，真的是令人无语。
115546,1175,江崇岩,2019-08-02 11:30:10,-6,0,6,老师的课程内容很丰富，不过古早味的荧光绿色ppt真的很雷人很刺眼了……\n\n基本每次课都要签到，平时没有作业小测，期末要求一篇在西方美术范围内内容自拟的5k+论文。论文应该分数占比很高，所以为了确保可观的成绩，建议早开始构思选题，并课后多和老师沟通，以确认你的选题在老师看来不是一个烂选题防止绩杀。老师还是挺和蔼的，好沟通，不过教务网选课界面给出的老师邮箱试着联系过一次，并没有回复，所以还是课前课后当面沟通比较好。
115618,1175,江崇岩,2019-08-09 13:10:56,7,7,0,无语 一点都不负责任 每次临时改时间都不通知等到最后都有安排了才说  作业特别多 真的无语
115889,1175,江崇岩,2019-08-23 13:16:45,8,8,0,外出写生，微信说下午七点评分，其他时间叫我们自己安排不声不响变成中午十二点，心急如焚蹲在他房间门口等到九点，气死（疑似嫖?娼?被?抓? ）
116180,1175,江崇岩,2019-09-05 14:25:00,9,9,0,写生课，给分乱给，站着说话不腰疼，整天把自己几十年前在哪里进修过挂在嘴边，在外地疯狂向别人吐槽做老师压力大，呵呵哒。
117299,1175,江崇岩,2019-09-22 23:57:50,7,7,0,去福州泉州厦门花了3000，拿命在画速写，最后交作业迟了，没及格。呵呵
117310,1175,江崇岩,2019-09-23 01:45:40,3,3,0,无语，，，
117649,1175,江崇岩,2019-09-27 15:20:02,0,1,1,我上西方美术史，是我的个性课，我觉得比起很多老师这个老师还是很有内容含量的，而且认真听能学到很多东西，给分86分，我觉得稍微有一点点低毕竟我的别的课给分都比这个高，而且论文写得很用心，我觉得正常来说得有9字头，说明老师给分真的很严格，不是炫耀不是炫耀不是炫耀，事实证明老师给分真的严格
120831,1175,江崇岩,2020-01-17 17:14:14,5,5,0,傻逼老师
120840,1175,江崇岩,2020-01-17 17:49:52,9,11,2,？？？？？西方美术史突然五级制给分？并且没有任何说明？我可以理解我的作业不是最优秀的，但五级制之后绩点真的太低了吧，五级制的分差真的很大，一声不吭就改分制？？？行 我以前从不对老师爆粗口 分再低我也一向先反思自己 但这次必须对你说一句 傻逼滚啊！！！气死我了气死我了 这种操作闻所未闻哈 分不分无所谓 这个态度你敢说你是对学生负责任的？今晚就给我恶有恶报👍🤗
122231,1175,江崇岩,2020-02-20 09:32:55,4,4,0,千万别抱着侥幸心理选他的课 真的别选 非常非常非常不负责任 出问题就会装死到底
123048,1175,江崇岩,2020-05-05 15:59:35,1,1,0,平时作业太多了
126296,1175,江崇岩,2020-09-22 03:48:19,2,4,2,1.给分真的很差，写生认真画的大幅本来以为能过4.8结果给我卡绩89，可以说他给的分会低于自己的付出\n\n2.此人非常不守时，结课直播29号和30号下午说好31号晚七点直播，结果30号一声不吭在直播前一小时突然发消息改成30号晚七点，想必包括我在内很多同学都不知道所以没看直播或迟到，不知会不会影响平时分
136916,1175,江崇岩,2021-06-28 07:34:23,5,5,0,课程安排相关的问题从来不回复，无差别无视群里消息，除了发通知从来不出现。老师是机器人吗？？？？？
139853,1175,江崇岩,2021-08-02 08:23:28,4,4,0,本人在浙大见过三个极品，一是陈昆福，二是邱建新，三就是他。\n\n目前分没出，光论授课素质目前他排倒数第一，希望给分能稍微好一点。\n\n上课态度特别恶劣，毫无师德，完全不负责任，已读不回学生私信，因为少数同学作业格式的问题在课程群里发疯，从来没有点评过我们的画，估计本人水平也不怎么样。\n\n外专业的真的 看到他就快跑吧……不知道这种老师怎么来浙大的…
151222,1175,江崇岩,2022-02-25 02:38:51,1,1,0,一点专业知识讲不到，上课讲话有气无力，PPT几乎什么都看不见，连一张图片都看不到，可见备课多么不认真。
159256,1175,江崇岩,2022-07-09 11:45:58,5,5,0,十分不负责任
161107,1175,江崇岩,2022-10-27 06:46:59,0,1,1,真的会难过，写了很久的论文因为文档没更新交上去只有几百字，六十分直接无了直接挂科，啊啊啊啊确实是我的问题但是老师真的不问一下的吗。出成绩后钉钉找老师问有没有办法补救一直已读不回，于是重新发一条过几天看还是已读不回---这样重复了好几次。如果不行也就罢了好歹回复我一下呀o(╥﹏╥)o\n\n上课的话我上的是世界艺术史，感觉老师也还算过得去吧，会讲一些他留学的故事。但是上课很佛，PPT会缺页，很多内容看起来像是Ctrl来的，然后前大部分课都是他上，后面现代部分是刘国柱老师上（刘国柱老师的课真的蛮有趣的，推荐一下）。成绩是考勤、平时小作业和期末大作业4，没有考试。\n\n啊啊啊啊啊啊啊啊啊啊啊到现在还是很难过（因为当时怕自己冲动不客观所以现在才来写评价），要重修了，课友们明年见o(╥﹏╥)o
170864,1175,江崇岩,2023-03-10 16:46:28,6,6,0,来浙大两年了，遇到过讲课最离谱的三个老师：一个是李春梅，一个是楼学庆，还有一个就是江崇岩
190297,1175,江崇岩,2024-02-27 12:19:17,3,4,1,仅代表世界艺术史而言，老师讲得还可以，课程也很轻松，作为美育很合适
191350,1175,江崇岩,2024-04-18 07:08:35,6,6,0,点个勾八名点不明白
195317,1175,江崇岩,2024-06-27 17:30:37,0,0,0,老师讲课讲的挺好的，上课每节课都认真听了，期末论文也认真写了，最后成绩却不太理想
219716,1175,江崇岩,2025-06-04 14:30:06,1,1,0,其实讲课还行，虽然不是数一数二，至少中规中矩，能学到东西。考核什么的有点不与时俱进
25856,1185,杨雨蕾,2016-06-12 10:15:15,4,8,4,历史系专业课中国历史地理，虽然作业难课也难，但真的超有收获！！
32402,1185,杨雨蕾,2016-07-06 13:53:50,0,3,3,哦，应该是历史系最有气质女老师，颜值高
36928,1185,杨雨蕾,2016-11-16 14:42:49,0,1,1,认真，负责，有气质，有态度的一位老师。给了很多中肯的建议，注重史料本身的研读，收获很大！
39262,1185,杨雨蕾,2016-12-22 00:55:35,-1,0,1,人很好，非常耐心
75875,1185,杨雨蕾,2018-03-20 11:34:15,12,12,0,我感觉有点听不太懂…历史地理讲得不是很清楚，有点念稿子。
104041,1185,杨雨蕾,2019-03-11 02:27:33,4,5,1,老师讲课不是特别清楚，但是她的男助教小哥哥是我每次上课去的动力。心中荡漾一片爱的海。
124616,1185,杨雨蕾,2020-07-04 01:53:58,3,3,0,老师很温柔就是给分有点低
138256,1185,杨雨蕾,2021-07-08 07:48:54,-3,0,3,yljj yyds
138257,1185,杨雨蕾,2021-07-08 07:49:53,0,1,1,杨妈妈气质女神！历史地理难度是有的，但是真的能学到很多东西，投入和产出一定是成正比的！
144617,1185,杨雨蕾,2021-12-22 18:51:04,1,1,0,不是很好的体验
160276,1185,杨雨蕾,2022-09-16 08:23:52,6,6,0,老师人还行 但是讲课水平感觉一般 有点念稿子\n\n作业不多但十分麻烦
187189,1185,杨雨蕾,2024-01-15 03:50:28,3,3,0,上课念稿子没有逻辑 作业又多又难 最后的开卷考试也很难评 给分也一般  终于出分了念念姐
189023,1185,杨雨蕾,2024-01-21 09:22:49,11,11,0,我做牛做马，大姐就这点分啊
189748,1185,杨雨蕾,2024-01-28 08:07:05,1,1,0,杨老师讲课逻辑不是很强，老师会按自己是讲稿讲，与教材有联系，且是对教材的总结，但是感觉有时候很难对应，老师一个大部分，或大部分中的一个小部分讲完并没有总结性的讲述，导致整体结构性比较差。提前熟悉教材很重要。\n\n但是老师人很不错。平时会点名。\n\n一个平时作业，家乡地理沿革，比较复杂，需要费很大功夫。
201771,1185,杨雨蕾,2024-11-06 05:48:18,2,2,0,上课感觉只会念稿，毫无乐趣可言，讲得内容也枯燥无味，明明这么有趣的一门学科被她讲成了这样，要花很大的力气才能将她的逻辑理顺，而且时不时点名或者抽人回答问题，对于比较差的学生有偏见，平时的事情也很多（主要是大）
203756,1185,杨雨蕾,2024-11-21 02:43:11,0,0,0,除了史还是史
210244,1185,杨雨蕾,2025-01-08 14:11:15,1,1,0,给分太求是了，建议老师捞一下下，学生做了那么多作业看到这个分数真的也蛮痛苦的。
214124,1185,杨雨蕾,2025-01-25 01:52:18,1,1,0,回家吧，孩子，我适合做一摊勾石
219081,1185,杨雨蕾,2025-05-21 05:46:22,1,1,0,课程严格，但有收获。给分有区分度，但也给高分，混不了。
1489,1190,冯国栋,2015-03-22 07:38:09,27,40,13,轻松愉快给分高，内容也比较深刻
2003,1190,冯国栋,2015-03-28 12:12:05,3,6,3,好老师，很有气质
3051,1190,冯国栋,2015-05-13 07:24:56,-9,12,21,只给了3.8是什么鬼啊，论文有好好写的。完全不知道老师是怎么给分的。
4030,1190,冯国栋,2015-06-17 14:44:54,6,11,5,感觉很舒服
4055,1190,冯国栋,2015-06-17 15:34:53,3,4,1,挺好的
5240,1190,冯国栋,2015-07-06 03:28:16,3,5,2,很深刻，很有风度
7266,1190,冯国栋,2015-09-12 11:49:19,3,5,2,好老师，不解释
7617,1190,冯国栋,2015-09-15 06:36:27,1,4,3,一般把
8038,1190,冯国栋,2015-09-16 15:32:09,-2,6,8,虽然没有个性拓展，只是按课本上，但容易懂
10142,1190,冯国栋,2015-11-17 00:03:43,-1,1,2,还可以
10163,1190,冯国栋,2015-11-17 04:34:42,6,11,5,国学经典与人生 有时很无聊  有时还好
10303,1190,冯国栋,2015-11-18 03:50:08,0,1,1,老师挺好的
10735,1190,冯国栋,2015-11-23 03:42:23,1,2,1,老师讲课很有趣，有一次作业，期中读后感、期末论文和考试。但是给分不错，而且确实讲得很嗨
10930,1190,冯国栋,2015-11-23 10:50:54,12,15,3,我上的是他的国学经典与人生，感觉挺好，比较有意思。老师属于那种娓娓道来型的，总之上他的课我不会犯困。
10932,1190,冯国栋,2018-09-16 03:40:20,5,20,15,爆绩点的一门课！
10988,1190,冯国栋,2015-11-23 15:25:55,1,3,2,挺好的 老师知识储备很丰富
11608,1190,冯国栋,2015-12-07 12:54:00,-1,1,2,挺好的，上课愉快，给分不错
12081,1190,冯国栋,2015-12-21 16:05:20,5,10,5,上课挺爽的，不过建议语文不好或者写字不好看的不要选。我符合以上两大条件，绩点2.7
12248,1190,冯国栋,2015-12-22 14:19:35,-1,5,6,人还好吧给分不行论文作业都认真写的⋯⋯
12523,1190,冯国栋,2017-11-22 12:23:55,-10,6,16,认真写了一篇报告一篇论文就给了3.6 日了狗的绩点
12788,1190,冯国栋,2015-12-24 04:38:10,0,1,1,棒棒的！
13300,1190,冯国栋,2015-12-26 10:37:16,1,2,1,课挺好的
14204,1190,冯国栋,2016-01-05 09:24:34,1,3,2,上课还是很轻松的 给分也还好~
14985,1190,冯国栋,2016-01-11 11:46:37,0,1,1,好老师。
15787,1190,冯国栋,2016-01-16 09:14:40,-1,2,3,禅宗讲得很好～完全不会困～都舍不得水（≧∇≦）听老师讲课很放松很好玩～给分还不知道…希望好吧～
16445,1190,冯国栋,2016-01-18 05:56:02,3,6,3,老师人真的超好，我期中报告拖到了和期末论文一起交，考试我是最慢的那个，他等了我好久。\n\n这些东西还是用心写吧，写自己并不高的眼界里看到的东西，给分很好的
17413,1190,冯国栋,2016-01-20 07:36:30,0,0,0,老师人很好
19065,1190,冯国栋,2016-01-23 07:32:31,0,1,1,老师儒雅，上课超级棒，课堂氛围很好，老师给分也很不错！强推！
19116,1190,冯国栋,2016-01-23 09:39:50,3,5,2,有趣，丰富，在理性主义独霸天下的我浙，是一种逆流而上的勇气。
29583,1190,冯国栋,2016-06-30 04:18:54,2,3,1,老师好有气质 给分也好 感动
29584,1190,冯国栋,2016-06-30 04:19:15,1,2,1,老师你真的太棒了！\n\n没想到通核居然是通识最高分，感动的泪流满面
29585,1190,冯国栋,2016-06-30 04:20:47,0,2,2,爱老师..太感动了TT
29598,1190,冯国栋,2016-06-30 04:33:23,0,1,1,助教棒！老师也棒！
29600,1190,冯国栋,2016-06-30 04:36:20,-1,1,2,通核国学经典与人生，我目前绩点最高的通识，作为通核事不算多，推荐大家
29613,1190,冯国栋,2016-06-30 04:59:04,-2,5,7,冯老师太好了！我选了通核！满绩了！好开心！拯救绩点的一门课！老师讲课很轻松愉快，不点名，一次期中小组作业，一次期末读书报告，一次考试，讨论课助教也很可爱，大爱大爱！一百分！
29627,1190,冯国栋,2016-06-30 05:32:57,0,2,2,能把国学经典讲的那么精彩的老师不多了，听他的课是一种享受，平时只用写一篇读书报告，给分赞赞赞。助教姐姐人也超级好
29650,1190,冯国栋,2016-06-30 06:32:03,-1,1,2,太棒了，而且给分太棒了，简直感动哭
41037,1190,冯国栋,2017-01-08 14:07:20,0,1,1,好老师好老师
58168,1190,冯国栋,2017-08-14 03:27:01,1,3,2,老师很帅气！！！！！
59281,1190,冯国栋,2017-09-20 12:22:51,-1,1,2,老师课讲的挺好，尤其是讲英语的时候，可好玩了
59783,1190,冯国栋,2017-09-27 02:57:54,6,10,4,禅宗历史与中国文化，一个字，好
61446,1190,冯国栋,2017-11-17 09:30:53,2,4,2,老师很棒，循循善诱，把抽象的佛家哲理讲的直观清晰。
62135,1190,冯国栋,2017-11-22 13:26:30,-1,1,2,特别好特别平易近人的老师
62510,1190,冯国栋,2017-11-25 14:43:26,8,16,8,老师看得出很有内涵但是谁说这是一门水水就能高绩点的课来着？老师第一节课说“这门课就是为了让你们忘记”然后最后一场考试让人猝不及防 一篇3000字的论文 我花了很多时间绩点只有3 拉绩点妥妥的
62543,1190,冯国栋,2017-11-26 01:48:39,9,15,6,俗话说得好，短学期的课有论文无期末考，有期末考无论文，可是禅宗两个都有，心真的好累啊\n\n
62582,1190,冯国栋,2017-11-26 04:10:00,-4,1,5,老师上课特别有意思，感兴趣的话会有很多收获，自己多找书看看，而且给分超级好 。
62587,1190,冯国栋,2017-11-26 05:11:06,11,15,4,绩点呵呵
62592,1190,冯国栋,2017-11-28 06:55:34,-5,1,6,很轻松
62675,1190,冯国栋,2017-11-26 10:52:36,12,16,4,绩点爆炸
62777,1190,冯国栋,2017-11-27 02:54:25,5,11,6,呵呵，论文认真写，考试认真考，然后被正态，3分不解释
63065,1190,冯国栋,2017-11-28 06:14:49,-5,1,6,小论文+考试   考的都是讲过的。平时上课非常轻松愉快。禅宗中的一些思想很有趣，受益匪浅。是一门给人以思想启迪的好课。
63108,1190,冯国栋,2019-02-23 08:11:26,-1,15,16,作为一名正在接受高等教育的大学生，我曹尼麻币。
70552,1190,冯国栋,2018-01-27 07:53:42,3,3,0,老师你咋还不出分啊
72515,1190,冯国栋,2018-01-30 09:22:48,4,4,0,出分奇慢无比
73022,1190,冯国栋,2018-01-31 15:35:38,4,5,1,禅宗：老师上课很棒，很博学，对禅宗感兴趣的同学可以去听听。但个人感觉给分不是很好，论文好好写了绩点只有3.9。或许热门课的dalao们太多了_(:з」∠)_\n\n总体感觉不错。适合那些真正想了解点东西的同学。\n\n考试的话有判断题和论述题。判断题靠课堂上的理解（有些课件上不会直接写出来）和课外知识储备吧。论述题老师会在平常的课堂中点到，多思考思考就好了，把自己的想法写出来。
73071,1190,冯国栋,2018-02-01 01:01:25,2,2,0,我勒个去
73141,1190,冯国栋,2018-02-01 04:07:12,9,11,2,理工科慎选，写作水平干不过别人的话，真会被正态
73143,1190,冯国栋,2018-02-01 04:14:11,0,1,1,…………
73487,1190,冯国栋,2018-02-01 16:13:38,5,6,1,绩点爆炸，理科生慎选
73516,1190,冯国栋,2018-02-02 01:04:54,2,7,5,我是因为兴趣选的禅宗，确实能在课上受到很多启发，老师也很有魅力，hhh学到最后我都觉得自己要顿悟了。但如果只是想水学分，慎选。我这种理工生论文真的写不来。
73573,1190,冯国栋,2018-02-02 04:07:16,-3,1,4,水水的课，绩点也很不错，考试和论文比较轻松。关键是老师讲课我很喜欢，举出很多好玩的例子，而且我对这方面本来有点兴趣，总之是一次很棒的体验！
75715,1190,冯国栋,2018-03-15 10:46:20,-3,1,4,上课有趣，禅宗课受教颇多，给分好
77213,1190,冯国栋,2018-05-04 00:41:12,8,8,0,提醒选课的同学，现在真的不水了。
78560,1190,冯国栋,2018-05-13 05:15:24,-3,2,5,老师人超级温柔，给分也高，版本学做了手工，查了版本源流，考试很简单！
83789,1190,冯国栋,2019-01-26 23:50:51,-3,2,5,❤️守❤️护❤️全❤️世❤️界❤️最❤️好❤️的......\n\n对不起走错片场了
94152,1190,冯国栋,2019-01-26 10:39:43,-4,0,4,给分就还可以吧，两篇论文总字数5000以上，不好不坏。想认真听课的推荐
97372,1190,冯国栋,2019-01-22 08:25:58,-3,5,8,上的禅宗，这学期考核形式变了，期中一篇读书报告，期末一篇论文，老师上课真的很好，很有趣，完全不想水手机，既能把禅宗的一些知识讲明白，最主要是还能举很多的例子，与生活联系，会给人一些启发的，总之推荐！
100534,1190,冯国栋,2019-01-26 09:13:46,0,2,2,专业课再见哦！！
100652,1190,冯国栋,2019-07-10 09:19:45,-21,10,31,傻逼老师，绩杀，出分慢，上课很多典故是错的，逻辑也乱，骗骗不懂佛教历史的萌新还行，林学出身还行，我就呵呵了，nmsl
103322,1190,冯国栋,2019-02-27 09:54:16,0,1,1,老师讲课很有趣，且清楚
103462,1190,冯国栋,2019-06-26 18:52:59,0,7,7,为啥这么多事？讨论+2周一次展示+一篇上限8000读书报告+一篇论文+考试\n\n就算是通核也过分了吧！想退课了
106694,1190,冯国栋,2019-04-29 03:22:41,1,2,1,老师知识很渊博
113983,1190,冯国栋,2019-07-08 05:53:13,2,2,0,最爱冯老师
113993,1190,冯国栋,2019-07-08 06:43:41,3,3,0,很复杂的历史能很清楚的讲出来，有独特的幽默，讨论课也挺锻炼的
114097,1190,冯国栋,2019-07-08 23:02:24,2,2,0,表白助教xjj 让我走出了舒适圈 讨论课真的让我成长了很多
114513,1190,冯国栋,2019-07-10 09:23:37,2,2,0,老师讲课很好 本来以为自己不了解禅宗这块 期末考判断题也没多高 结果给了4.5挺出乎意料的 谢谢老师
114724,1190,冯国栋,2019-07-11 06:28:45,5,5,0,冯老师无敌可爱！能把禅讲得大家都觉得有趣真的很不容易，给分也真的很好呀。楼下骂人的，我想问问学了这么久了你的品德和纪律在哪里？
114959,1190,冯国栋,2019-07-13 03:48:32,2,2,0,冯老师最好 人好 学问好
122848,1190,冯国栋,2020-04-14 12:16:05,2,3,1,上课常用案例：1、我有一个朋友他......;2、我上铺的兄弟他......
123865,1190,冯国栋,2020-06-15 08:52:53,1,2,1,版本学好烦。。。
124224,1190,冯国栋,2020-06-27 12:54:49,1,1,0,怎么说呢，讨论课天天发言，论文也认真写了，3.8供参考，吐了，可能助教就喜欢恶竞的吧
124240,1190,冯国栋,2020-06-28 00:20:59,1,1,0,老师讲的不错，讨论课没怎么发言，但读书报告和论文的给分似乎都是助教，多混混脸熟可能会给分好吧。
135381,1190,冯国栋,2021-05-09 02:55:57,0,1,1,虽然版本学事情巨多，但最后没有很失望，真  考试好好复习
153405,1190,冯国栋,2022-04-29 06:05:57,1,1,0,版本学，难顶。
172792,1190,冯国栋,2023-05-07 07:08:51,1,1,0,版本学，事情巨多给分还差，慎选啊慎选。我不是这方向的，凑学分选了这课，一整个后悔。作业不说完成得多好，至少没有敷衍，考试也认真复习了，最后3.6，哭了。
183866,1190,冯国栋,2023-12-01 13:03:17,1,1,0,给分低
192045,1190,冯国栋,2024-05-08 06:38:29,1,1,0,果冻老师上课上得很好，学到了很多，课程也很有意思，不过事情很多，给分个人感觉比较求是，总的来说慎选
203051,1190,冯国栋,2024-11-16 06:12:06,0,1,1,谢谢您的满绩人社概论
218933,1190,冯国栋,2025-05-13 15:02:54,2,2,0,版本学3.0，给分很迷只能说。
220512,1190,冯国栋,2025-06-19 01:05:05,0,2,2,禅宗给分很迷，认真完成所有任务，最后78，然后我职规89，思修93，史纲90，创业基础89，横向对比下，看看还想选吗\n\n今天马原出分了（89），再写一条，为什么说其他课的成绩呢，我就是证明我并没有摆烂\n\n实话实说，禅宗我课上发言很多，作业全部认真做了，期末准备了很久，如果你觉得你运气很好，能拿到和那位同学一样的5.0，你就选吧，反正我出分后，菌剂掉了0.1，想评奖，或者转专业。。。。。\n\n方差很大，如果你仅仅想拿到这个学分，那确实可以水，而你想拿到高绩点，你就看命吧
220519,1190,冯国栋,2025-06-18 10:51:34,0,1,1,禅宗历史与文化出分了，5.0，回来评价一下。\n\n首先给分看你的努力情况吧，如果你是讨论课上积极回答pre逻辑清晰论文非AI手搓，愿意卷到一个好绩点的话，你可以选这门课，甚至我推荐选，给分不会让你失望的。这是我大一拿到的第一个满绩，付出的努力也没有想象中那么惊人，要求就是积极发言给助教留下一个好印象。\n\n但是如果你是i人，pre只会读PPT，上课发言毫无准备甚至轮流发言的时候都要现场查资料磕磕巴巴的话，那你的绩点不会很好看，比如楼下这位。这门课上课过程非常适合水，讨论课非你组汇报时全程自习，也因此很容易泯然众人。实话实说，我觉得期中读后感和期末考试区别性并不大，认真完成这些作业可能大概就是一个平均分的水准。不过给分也看助教，不发言的有4.2的也有3.3的，大概是不同助教打分。\n\n事情我觉得不多，三次pre，三次自由发言，一次辩论。pre相当于三四周做一次，感觉满水的；自由发言每个人就三到五分钟，很多人都会说得比这长；辩论看小组，如果你是没上的相当于自习。不在意绩点的可以来水，周二的课完全不用去不点名；想卷绩点的我觉得可以来，因为事情相对不算多，就是讨论课多发言几次就好，让老师记住你。至于想事少分高的，我只能说通核没有事少分高的，有也难抢。\n\n最后，表白助教小姐姐，谢谢她的5.0~
220532,1190,冯国栋,2025-06-18 11:39:18,0,0,0,乱给分，事情多，能别上就别上
220533,1190,冯国栋,2025-06-18 11:39:18,0,0,0,乱给分，事情多，能别上就别上
220677,1190,冯国栋,2025-06-19 07:29:47,0,1,1,禅宗感觉不同助教的讨论课要求好像不太一样，我们是三次小组pre，一次个人pre，很好的是几乎没有自由发言环节，也经常会提前下课。讨论课会点名，老师上课的时候没点过，任务在通核里算不上特别繁重。平时表现都中规中矩吧感觉，因为今年是第一次开课，期末虽然是开卷考也完全不知道答什么，本来对禅宗也没什么了解，最后80分，确实也很低。
505,1194,李承华,2015-03-15 03:39:46,13,15,2,讲的内容很多，上课很自由，男神的课啊！！！老师是男神！！！
1041,1194,李承华,2015-03-21 13:11:39,22,24,2,绝对男神！！大视传五大男神之一！！英俊潇洒风流倜傥女儿长得超可爱！！
2024,1194,李承华,2015-03-29 14:43:41,5,7,2,炒鸡开心……男神
2067,1194,李承华,2015-03-31 08:21:06,8,10,2,华哥是我男神！
2950,1194,李承华,2015-05-11 13:12:24,6,7,1,不能更棒！！！
2998,1194,李承华,2015-05-12 12:14:52,4,5,1,承华男神大法好
3230,1194,李承华,2015-05-21 12:03:28,3,4,1,老师讲的非常好，有点后悔没去视传
3616,1194,李承华,2015-06-17 01:50:07,4,6,2,讲课很生动！ 好喜欢承华兄！\n\n
7252,1194,李承华,2015-09-12 08:07:43,2,4,2,业界良心，，，
22570,1194,李承华,2016-03-08 04:45:31,6,6,0,帅帅帅\n\n
23700,1194,李承华,2016-04-13 01:56:29,-2,7,9,对中国设计偏见严重
35018,1194,李承华,2016-10-30 04:26:33,3,4,1,非常喜欢的老师！
50976,1194,李承华,2017-05-10 16:03:37,3,3,0,不错的
51149,1194,李承华,2017-12-22 14:58:58,-21,5,26,老师讲课很认真。但是我始终无法理解的是，作为一个设计学的老师，ppt为什么那么丑？？？我上的是设计概论...
51294,1194,李承华,2017-05-28 09:24:02,3,3,0,很认真
51295,1194,李承华,2017-05-28 09:46:15,7,7,0,视传老师真好！
53041,1194,李承华,2017-06-25 05:25:15,5,5,0,事情少给分高
54798,1194,李承华,2017-06-30 08:39:55,8,8,0,老师超好，一身正气
62233,1194,李承华,2017-11-23 10:13:55,4,4,0,表白男神！
64873,1194,李承华,2017-12-27 14:28:32,1,1,0,业界高度，好！
74305,1194,李承华,2018-02-10 07:03:26,1,1,0,很干货，结合实例，对专业很有帮助~
79339,1194,李承华,2018-05-31 06:44:29,-1,1,2,老师是男神，思想很开放，但是PPT排版是个迷? \n\n
79958,1194,李承华,2018-06-16 14:20:59,3,4,1,“算了我不问了”哈哈哈哈哈哈
83633,1194,李承华,2018-07-11 01:02:17,-1,2,3,老师人超帅讲课也很生动！
124687,1194,李承华,2020-07-06 08:06:33,-1,0,1,
139881,1194,李承华,2021-08-08 07:26:20,0,2,2,老师挺好的 给分高
147321,1194,李承华,2022-01-09 14:00:20,0,2,2,满腹经纶，男神没话说。\n\n设计概论这门课，事情非常非常少，而且能学到很多干货，必须给老师10分。
149839,1194,李承华,2022-01-17 08:44:05,0,3,3,无语了
150136,1194,李承华,2022-01-19 09:22:39,-3,0,3,男神！
150877,1194,李承华,2022-02-20 12:12:31,0,1,1,反正是很棒的老师讲课特别好，有内涵
182443,1194,李承华,2023-11-16 04:53:55,1,1,0,歹歹的
189879,1194,李承华,2024-02-01 04:16:41,2,3,1,也不签到，作业也跟随便，要求也没有，给分也没有说得这么好呵呵
193129,1194,李承华,2024-06-04 02:12:55,0,0,0,全方位的好
199789,1194,李承华,2024-09-30 02:31:27,0,0,0,作业没写被温柔批评...
203215,1194,李承华,2024-11-18 05:19:33,3,3,0,男神，无痛上课，溺爱我的结课作业了，给分好
203216,1194,李承华,2024-11-18 05:17:46,1,1,0,好，事少分高
210774,1194,李承华,2025-01-10 02:39:58,0,0,0,谢谢老师！\n\n设计艺术概论认真听的话很精彩能学到东西的\n\n给分好好
211338,1194,李承华,2025-01-11 08:18:25,3,3,0,李老师总给我一种慈祥老爹的感觉（doge）给分好，设计艺术概论有意思
219169,1194,李承华,2025-05-22 15:33:50,1,1,0,特别好老师 事少分高 都来选我男神的设计艺术概论
937,1197,黄华新,2015-03-19 09:01:49,3,5,2,超级棒~\(≧▽≦)/~
1411,1197,黄华新,2015-03-22 02:03:25,8,10,2,好可爱的老师
2108,1197,黄华新,2015-04-01 12:22:08,12,17,5,干货少，三分之二的时间在拉家常。根本捕捉不到重点
3263,1197,黄华新,2015-05-25 03:22:04,31,49,18,上课久一直送同学们一本书啦～大家一起写本书出版啦～翻来覆去的讲。然后就开始讲他老婆的事，儿子的事，同事的事，别的学校的事。。。。并不觉得跟逻辑什么关系。
5939,1197,黄华新,2015-07-10 03:21:11,15,18,3,人挺好的，但是课，太随意。
8230,1197,黄华新,2015-09-17 15:28:21,18,23,5,人文学院院长，经常会闲谝一些院里的事。拉很多家常，其实多是举的逻辑学的例子。总是说我们一起喝个茶啊，组个兴趣小组，没兑现。结课的时候送一人一本书。人很可爱
17260,1197,黄华新,2016-01-20 02:53:29,9,10,1,亲和力max！！
25025,1197,黄华新,2016-05-05 01:58:42,2,4,2,老师讲课是一种艺术，很亲切，能很轻松地学到东西
51951,1197,黄华新,2017-06-14 01:35:41,5,6,1,老师超级儒雅，讲课超级好！学到很多！
77951,1197,黄华新,2018-05-09 02:52:26,2,3,1,老师讲课有点慢，讲的生活经历多
79419,1197,黄华新,2018-06-04 05:50:00,5,7,2,真是知行合一的老师，体贴学生，尊重他人，儒雅温和。老师并非一个太有水平和思辨力的人，但是他对于淳朴的与人为善的委身和信仰是如此深厚，令人惭愧，也令人思考。今日哲学虽激进深刻，是否少了一些东西呢？
103960,1197,黄华新,2019-03-08 03:18:12,8,8,0,总是讲生活实例，似乎不够重视形式化的东西。
109997,1197,黄华新,2019-06-24 02:54:25,16,19,3,每节课“国外”一词必讲50次，“剑桥大学”一词讲10次左右，还有就是说自己的工资太多啦，拿项目拿到手软啦，今年又要出什么书啦，很畅销啦，大概就是这些，对了，一定会点名的。就是请你起来读ppt，如果你没来就会被记上的。老师人还行
138229,1197,黄华新,2021-07-08 04:57:13,4,5,1,老师太可爱了！实例很多，并且多是生活趣事。课程内容还是比较多的，唉感觉需要多练习才能熟练运用知识点
154069,1197,黄华新,2022-05-22 09:58:21,-14,10,24,点名，学不到东西，垃圾
158595,1197,黄华新,2022-06-30 13:12:01,5,7,2,呜呜呜呜呜呜老师是好人 儒雅学者 就是课上有很多的题外话 一直觉得自己小测和期末考寄了 刚刚出分看到了成绩 真的太感谢黄老师捞我了 感动
187050,1197,黄华新,2024-01-14 09:12:44,2,3,1,老师给分还不错，我上的是逻辑学导论，老师都把ppt上的内容讲完了，虽然中间会讲老师自己的一些事情，而且我觉得老师不点名只是会提问也还好。最后，其实逻辑学导论看书就行了，听老师的内容的最大好处是知道老师是根据ppt制定题目的。我觉得老师上课水平还可以，虽然有的时候扯远了话题。绩点不会太高，但是我也能接受自己的绩点，4.5
193801,1197,黄华新,2024-06-18 11:13:38,0,0,0,O(∩_∩)O
195171,1197,黄华新,2024-06-27 04:21:15,5,5,0,逻辑学导论课程体验——\n\n课堂节奏不快，互动性强，知识讲解举例丰富，浅显易懂。\n\n老师亲切可爱，会赠送同学们教材，聊聊趣事，和同学打成一片。\n\n考试轻松容易，平时五次作业加一篇论文不算困难，给分很赞。
196937,1197,黄华新,2024-07-06 03:52:11,1,1,0,满绩！
204678,1197,黄华新,2024-11-27 09:54:06,1,1,0,黄老师人真的很好，很体谅也很关心学生，绝对不用担心期末成绩
518,1239,吕一民,2015-03-15 04:04:23,29,46,17,有趣的通核，不过绩点可能不高
1972,1239,吕一民,2015-03-27 10:39:45,5,9,4,通核，有点无聊
4684,1239,吕一民,2015-06-26 05:03:47,9,9,0,你感兴趣就会有趣
7815,1239,吕一民,2015-09-15 13:54:58,1,4,3,懂学生，帮学生
24456,1239,吕一民,2016-04-30 14:24:00,3,4,1,很有风度的老师
26475,1239,吕一民,2016-06-19 01:13:24,9,9,0,二十世纪世界史 其实讲的还不错 可能是因为是老一辈学者 没有那么有感染力 但听下去真的有收获
27668,1239,吕一民,2016-06-27 07:45:22,-1,3,4,知识分子……跪了
35998,1239,吕一民,2017-01-30 08:41:51,3,3,0,通核是最值得推荐的通核\n\n
46236,1239,吕一民,2017-01-21 04:29:14,4,8,4,实践课好好发言，参加大课展示?满绩妥妥的
48043,1239,吕一民,2017-02-28 06:12:16,11,15,4,知识分子刘璇老师讨论课很棒
48064,1239,吕一民,2017-02-28 08:42:24,8,14,6,通核课二十世纪法国知识分子，分两节，大课从来不点名，尽管水，吕老师和朱老师都是特别特别有涵养的老师，很儒雅，认真学受益匪浅。讨论课多多发言，和助教混脸熟，得分很可观。考试很简单，开卷，三个题，言之有理就行了。\n\n多发言多发言多发言！
52127,1239,吕一民,2017-06-15 03:47:05,1,2,1,非常有气质的老师～
53514,1239,吕一民,2017-06-27 01:42:01,1,1,0,超级有魅力的老师～学到了很多
58691,1239,吕一民,2017-09-15 02:18:57,7,9,2,两个短学期的课，几乎是我来浙大之后最喜欢的一节课。我是本身就比较喜欢加缪福柯，所以这个课真的听的津津有味。吕老师本身是有一种老派知识分子的味道和感觉在身上的，但也有老顽童一样的心态。而且似乎从我们这一届开始这个课给分变了变，大家分数都还不错的。\n\n总之受益匪浅，非常推荐。
69589,1239,吕一民,2018-01-25 04:33:47,2,5,3,通核很好，讨论课把握住满绩还是简单的。用点心就好。
78276,1239,吕一民,2018-05-10 10:20:04,1,1,0,老师挺好的
82596,1239,吕一民,2018-07-08 15:42:26,1,1,0,非常好
82837,1239,吕一民,2018-07-09 08:01:18,1,1,0,很有趣很棒给分很好哦
83373,1239,吕一民,2018-07-10 07:37:43,5,5,0,吕老师真的是非常和蔼非常有耐心非常好的老师！真的是大师风范！！就是讲课语速有点慢……
109838,1239,吕一民,2019-06-19 14:52:51,10,10,0,陈子豪助教小哥哥帅！人好！呜呜呜爱了
111822,1239,吕一民,2019-07-03 00:23:48,6,7,1,老师的法国知识分子真是爱了！吕老师是一个很和蔼，很可爱的老爷爷，说话慢慢的，总是挂着微笑。讨论班的助教陈子豪xgg也必须吹爆！我本来还担心自己说不出什么很专业的话，但是他每次都能把讨论往有趣的方向引导，让大家都能发表自己的观点，几乎每节讨论课都让我感到很快乐！期末考也很善解人意啊！给分也很棒啊！这样的课有什么理由不选啊！（激动.JPG）\n\n
112901,1239,吕一民,2019-07-05 09:36:34,8,10,2,对这方面没有兴趣&讨论课不喜欢不停讲话的还是要慎选... 绩点惨淡\n\n考核基本上只看讨论课表现，可真惨
124206,1239,吕一民,2020-06-27 03:28:19,4,4,0,挺好的老师，这次疫情都是朱老师在上，就是绩点可能不高
130792,1239,吕一民,2021-01-24 14:49:17,3,3,0,墙裂安利！！！有趣的课，人美心善的助教，上课妙趣横生的老师，知识点满满，讨论课也很棒，都来上！！！给分巨巨巨巨巨好！！
130835,1239,吕一民,2021-01-25 02:22:26,2,3,1,非常赞！大课不点名可以不去，讨论课多发言就可以了，期末也可以裸考
141056,1239,吕一民,2021-09-22 11:28:19,7,7,0,助教小姐姐太可爱了
145864,1239,吕一民,2022-01-03 12:30:53,0,0,0,老师太好了555
146067,1239,吕一民,2022-01-05 10:14:27,6,8,2,老师的课可以随便水，不水，认真听也会有很大收获。讨论课很赞！h h h h h，很能推动大家讨论，助教小姐姐超级可爱，讨论课就算不知道很多历史知识也没关系的，会和时事结合，自由发言，能得到很多知识，而且只要多发言，考试开卷认真抄，成绩不会差到哪里去的。成绩刚出4.2嘿嘿。
146159,1239,吕一民,2022-01-05 15:04:48,2,2,0,非常棒
156953,1239,吕一民,2022-06-21 12:11:55,8,8,0,这课事情确实挺少的，不过作为一般的通核课，很看重平时的讨论发言的，不建议社恐和不敢发言的同学选这门课，不然绩点会很难看
158349,1239,吕一民,2022-07-07 04:08:12,19,21,2,碰上那位白，你就退课吧
158514,1239,吕一民,2022-06-30 02:20:11,17,18,1,助教白玮给分神坑！
159294,1239,吕一民,2022-07-11 10:11:36,13,17,4,白玮，有你这么给分的吗？？？我这学期遇到了疫情长时间没返校，但是我把展示，上课回答问题仔细地补了，甚至做得比一般同学还更多一些。结果平时分几乎扣完，总评只有66。你还有良心吗？？？？！
168911,1239,吕一民,2023-02-23 11:08:29,3,4,1,很有意思的老教师，上课时经常会讲一些他在法国的故事，而且从来不点名，后期到课率感觉都没有一半。给分应该是另一位朱老师给的，我讨论课差不多有百分之四十的课会发言，自我感觉讲的不怎么样（社恐人太容易紧张了😭），读书报告也是一般，期末考就是抄书，最后4.2供参考（and那位白玮助教感觉不太行，没有很好的把握住课堂的节奏，冷场时不能很好的引导同学们发言，每次到后面的同学讲的基本都是一些无意义的东西了她也不组织换话题）。
173816,1239,吕一民,2023-06-03 08:07:05,0,0,0,语速略慢，但有种不疾不徐、娓娓道来的感觉，老先生熟知法国史，有很多相关的经历，上课延伸的较多，大多数知识在书本里，给分不错
173979,1239,吕一民,2023-06-05 11:19:46,5,5,0,非常喜欢法知课，法知讨论课是我每周最期待的环节，讨论课问题类似于键政，可以随意发表问题言论（？）感觉了解20世纪欧洲史的人会比较有话说。很好的缓解了来了大学以后没有一直见面的朋友和我讨论问题的烦恼。如果没有这节课我真的都快忘了我以前是个爱看历史政治的纯文科生了（落泪）。每个小组两次pre然后期末一篇论文感觉事情不是很多，我们班pre也不卷。期中周和最后一周讨论课放电影可以不去。助教分到谁感觉碰运气。
176155,1239,吕一民,2023-06-28 03:20:15,1,1,0,太喜欢吕一民老师的讲课风格了T^T
176185,1239,吕一民,2023-06-28 04:09:27,6,6,0,大爱顾xj助教姐姐，好看幽默温柔事少给分还巨好，太爱了太爱了，分到的就偷着乐吧
176298,1239,吕一民,2023-06-28 10:31:45,4,5,1,太喜欢这门课了，自闭选手真的很少能找到和自己一起讨论历史文化、哲学的朋友，法知是一门很棒的课，投入多少就会收获多少，带给我动力进行新的思考，甚至还让几乎从来不主动发言的本人，发言了很多次，且不是主要为了最后的成绩，btw强推顾晓静姐姐！（其他老师都很好 ，超可爱超耐心又有老师严肃的时候，日系美女，历史系石原里美hhhhh
188872,1239,吕一民,2024-01-20 10:31:18,1,1,0,文人风骨，良知与担当
189009,1239,吕一民,2024-01-21 08:23:56,2,3,1,顾晓静姐姐真的好好！！课上能把同学们的pre总结的很准确，课下如果去向她提问也会超级细致给你解答。本人没有特意卷发言次数，论文字数也偏少，最后4.5。最重要的是这门课程本身可以带给你很多人文主义的思考，是很推荐的一门通核课。
189066,1239,吕一民,2024-01-21 14:27:58,0,0,0,吕老师和朱老师上课都很好！（当然我个人认为朱老师更有趣一点哈哈哈哈哈）但法知的重点在讨论课！助教晓静姐姐我真的哭死😭人美心善，对同学们也很友好~每节课准备的话题真的特别有趣，也很有社会意义！这半年下来自己真的接触了很多新的观点。晓静姐姐第一节课就告诉大家要积极发言，这样分数会高~本人全学期总计发言三次，有的大佬基本上每节课都发言……）\n\n期末考的时候自己因为要赶八点十分开去上海的动车，写了四十分钟就交卷了，当时慌得一批。。。结果最后居然还拿了满绩🥺🥺🥺🥺🥺🥺我的天）
189368,1239,吕一民,2024-01-23 12:20:42,5,6,1,吕老师上课的感受真的非常不错，认真听的话收获真的很大，无论对法知史是否感兴趣都强推来听课。｜｜但是这个助教是什么情况，不能学学隔壁讨论班的助教吗，在有同学想发言的课上不让发言提前下课，没人有兴趣发言的课又找视频放拖堂，对课堂节奏把握能力迫切需要提升。另外基本每节课都发言了，读书报告字数贴上限，两次pre也得到肯定评价，但是最后总评分数真的是认真的吗？强烈建议助教也上查老师系统，不要让个别助教败了课程二十几年积攒的声誉
194455,1239,吕一民,2024-06-24 04:46:24,1,1,0,老师真的很文雅，知识渊博，听课也能收获不少东西，了解很多关于法国的知识，大课没点过名，讨论课，助教也很好，到最后几节课会照顾没怎么发言的同学，甚至最后两节说线上私发他一些观点也算发言，平时事情也不算很多，基本跟一些比较硬的思政差不多，但是上课很轻松，氛围也很好，读书报告的话我真的没看时间那本书（对不起我有罪），就拼拼凑凑（懂的都懂），但是我平时发言卷了一些（大概4次发言左右）最后正好被捞上4.5也没有卡绩，还是挺舒服的，真的推荐
194610,1239,吕一民,2024-06-24 14:57:09,1,1,0,很棒的通核，大课不点名，讨论课助教会引导大家讨论问题。话题基本都很有意思，上的闫助教老师的课，真的非常非常有趣，完全不会拘泥于课程内容，大家畅所欲言，给分也非常nice。\n\n收获很多课堂之外的东西，跟猪脚老师可以聊一切想聊的，助教会作为一个阅历更丰富的同龄人加入你的讨论的。\n\n总共两次pre小组合作，读书报告确实有难度，很多社会学的名词，内容思想也比较晦涩，想写好需要一天多点的时间，但完全可以接受。
220657,1239,吕一民,2025-06-19 05:54:43,0,0,0,好课！
221489,1239,吕一民,2025-06-24 04:45:51,0,0,0,吕老师已经将近70岁高龄，上课仍然很认真，为人也有一种知识分子的儒雅随和的风范，吕老师和朱老师上课也从不点名。无论是真的想要了解历史，还是仅仅满足通识核心的要求，《20世纪法国知识分子》都很值得一选。
1328,1256,白春晓,2015-03-22 00:06:54,31,34,3,国旗下讲话
1689,1256,白春晓,2015-07-12 10:24:13,13,15,2,不知道为什么世界文明史的分数意外高
2535,1256,白春晓,2015-05-04 13:39:30,6,8,2,读PPT，无聊。
3171,1256,白春晓,2015-05-18 14:47:21,2,6,4,认真
3593,1256,白春晓,2015-06-17 01:45:55,11,13,2,能把应该很有趣的希腊罗马史讲得和高中政治一样
3666,1256,白春晓,2015-06-17 02:08:46,1,4,3,讨论课点名，主讲课不点名。\n\n有两次观影测验，挺有趣。\n\n很认真的老师，每个同学的论文都写了评语又发下来。\n\n期末考试开卷，简单，但总评分一般。
5028,1256,白春晓,2015-07-02 09:40:53,2,8,6,十分认真严谨的老师，但也不失风趣，经常在要讲的问题中插入一些搞笑的现代的东西，可以看出是很用心的。只是可能才开始当老师，有时候比较紧张
5109,1256,白春晓,2015-07-04 07:23:25,6,6,0,平时分很坑
5110,1256,白春晓,2015-07-04 07:23:37,2,4,2,上课无聊 平时分只看有没有回答过问题 被点的和主动都算 没被点过的人瞬间减十分
5112,1256,白春晓,2015-07-04 07:30:21,2,8,6,男神～～很有气质
5231,1256,白春晓,2015-07-06 03:17:26,3,4,1,提心吊胆被点名，点不到平时分又要扣，哦，再见了。
5234,1256,白春晓,2015-07-06 03:20:27,1,3,2,读PPT
5446,1256,白春晓,2015-07-07 13:50:59,2,5,3,有意思
5560,1256,白春晓,2015-07-17 23:25:54,6,7,1,感觉所谓没有被点到名平时分扣十分是个谣言。我平时没有回答过问题，成绩却是超过90的，猜测并没有扣10分这样大的幅度。
6217,1256,白春晓,2015-07-12 05:57:37,2,3,1,帅，认真！
6237,1256,白春晓,2017-10-21 01:14:59,-6,2,8,课烂 还绩杀
6250,1256,白春晓,2015-07-12 10:13:59,2,3,1,白老师很认真
6253,1256,白春晓,2015-07-12 10:54:03,0,2,2,不回答问题还不被点到就是平时分零的既视感绩点
6286,1256,白春晓,2015-07-12 15:57:00,2,2,0,好课
8785,1256,白春晓,2015-09-27 09:13:12,7,9,2,男神！！满绩小天使！！
9548,1256,白春晓,2015-10-30 02:30:01,15,16,1,典型的历史老师，严谨正经，一身绅士的感觉……特别清晰记得的是上课穿太多汗水哗啦啦滴下来但他就是不肯脱外套！！然后拿出来一块仔细叠好的手绢………………擦了擦……
9634,1256,白春晓,2015-11-03 13:15:10,3,3,0,好老师，上课有意思
10749,1256,白春晓,2015-11-23 04:20:15,3,3,0,绅士风度！
11288,1256,白春晓,2015-11-26 09:09:08,7,7,0,人很帅～我觉得他的古希腊史还是很棒的，世界文明史课太大了所以有点无聊
11429,1256,白春晓,2017-10-21 01:15:12,-5,1,6,无聊，读PPT，还会提问，还有观影测试，一个选择题10分，天哪！！点名，作业，每周都有！！！绩点我猜不会高
12714,1256,白春晓,2015-12-24 02:25:00,7,7,0,上课一定是正装，冬天外面的外套脱掉还是一身正装希腊课课前回顾上节课内容是点名提问，对了还有小小希腊本土的礼物。
15438,1256,白春晓,2016-01-14 11:14:49,3,3,0,典型的一丝不苟的男神老师啊！课后找他探讨问题就觉得老师真是太认真了。给分也不差啊！\n\n
17710,1256,白春晓,2017-10-21 01:15:22,-4,0,4,我以为90分。我以为。。。绩杀，绝对的
17959,1256,白春晓,2016-01-21 04:50:08,1,1,0,很喜欢老师 脾气很好
18208,1256,白春晓,2016-01-21 09:30:56,2,2,0,不知道怎么死的
18431,1256,白春晓,2016-01-21 15:18:41,4,4,0,老师很帅，很负责，上课虽然会比较枯燥，但是讨论课还会和你开玩笑什么的，其实学历史学的就是一种看世界的方式，推荐！
22425,1256,白春晓,2016-03-05 07:54:38,1,2,1,挺有趣的历史课。
22694,1256,白春晓,2016-03-10 02:49:04,3,4,1,白老师特别好呀！世界文明史希腊那部分讲的很有趣，幽默，很喜欢的！
61038,1270,来萧敏,2017-11-07 09:42:28,9,11,2,来老师有着出淤泥而不染的仙家气。直面艺术与真理，从不媚俗和屈服，有着和时代格格不入的崇高人格魅力。
76704,1270,来萧敏,2018-04-19 01:13:51,1,1,0,满分大佬 不解释
78744,1270,来萧敏,2018-05-15 03:07:36,-2,0,2,当面一套背后一套 自以为潇洒
128337,1270,来萧敏,2020-12-19 11:54:40,8,8,0,不说老师教学水平如何，绩点高不高，只想说说这个人。\n\n无畏言语之攻击，不屈服于时代潮流，于我们眼中，你是傻瓜，是迂腐，是无情，语出惊人，狂傲不羁。但这个社会缺的是什么？是真知，是不妥协，是无视心机的率真，是没有阶级观念的艺术。不要被权威压倒，你不以有色眼看人，不把颜柳欧赵奉为神明。听您的课，豁然开朗，一个字，痛快。吾每想，你怎能从这个时代中跳脱出来，把真理抓在手中。年轻人以时代潮流在手为炫耀之资本；年长者看淡世态炎凉，笑而不语。都不像你，你就是个孩子，天真无邪，敢作敢为。世人皆如此扭曲，而你却明知山有虎，偏偏找老虎搏斗，把那些人们眼中的谬论说出去，讲出去，摔到他们脸上去，我敬你是条汉子。\n\n个人观点，仅供参考。
150872,1270,来萧敏,2022-02-20 10:54:02,2,2,0,非常好
150873,1270,来萧敏,2022-02-20 10:54:28,2,2,0,非常好
170702,1270,来萧敏,2023-03-08 07:54:21,0,0,0,水平可能很高 但给我留下心理阴影
172136,1270,来萧敏,2023-04-20 07:43:28,0,0,0,来老师，我的超人
186391,1270,来萧敏,2024-01-11 02:35:20,2,2,0,虽然脾气有点大，但是艺术与考古学院唯一真神
53064,1275,金晓明,2017-06-25 09:09:12,0,1,1,是一个会把其他学院的学生踹出名单的老师，有口音，写的字丑，给分也不好
59212,1275,金晓明,2017-09-20 07:37:22,0,2,2,写字很丑，会从选课系统中踢人，讲课一般，挺无聊的，考试题目很迷
3281,1305,徐慈华,2015-05-26 07:57:32,-2,3,5,有趣但是作业多
4162,1305,徐慈华,2015-06-18 02:39:22,-1,4,5,课上得很不错，很喜欢徐老师～亲切幽默～作业是有点多，但也都不难啦，花点时间还是能做得很好的～
5332,1305,徐慈华,2015-07-06 17:25:58,-1,9,10,非常棒！满意！还不知道绩点，但在他的课真的收获很大，人非常好。为徐老师点赞！
5496,1305,徐慈华,2015-07-08 03:06:12,1,5,4,老师上课很幽默，讲的内容也很有意思，适合旁听。
5833,1305,徐慈华,2015-07-09 14:44:37,-2,6,8,点名去了，作业交了，考试好好准备了，依然巨低，呵呵。可能自己平时不太积极吧，老师还是好老师…
5902,1305,徐慈华,2015-07-10 01:01:58,-3,3,6,老师人很好 虽然有时候不知道在讲些什么 但是备课很认真
5976,1305,徐慈华,2015-07-10 05:53:19,-1,3,4,老师很好，课程很有趣
6974,1305,徐慈华,2015-08-23 11:14:34,-3,1,4,超级棒，可惜今年没开课
7119,1305,徐慈华,2015-09-03 05:20:53,-5,4,9,老师很可爱 给分也蛮好的 就是作业多了点
27103,1305,徐慈华,2016-09-20 06:26:55,-4,2,6,很喜欢的老师\n\n
27200,1305,徐慈华,2016-06-23 13:18:56,3,9,6,上课很有意思
32447,1305,徐慈华,2016-07-07 01:52:49,-4,6,10,老师人还蛮好的，但给分太坑。 对逻辑学不感兴趣的慎选，不然会觉得上课无聊布置的作业还多。\n\n
48957,1305,徐慈华,2017-03-19 06:43:41,-1,3,4,徐老师很棒
87234,1305,徐慈华,2018-09-26 02:54:04,1,4,3,很好的老师～点名一个学期就一两次。课非常好听！
92523,1305,徐慈华,2019-01-02 02:17:05,-1,2,3,吹爆老师的逻辑学导论！！干货满满！！！（不过分还没出hhh
101908,1305,徐慈华,2019-01-29 15:05:27,-1,0,1,老师好得很呢
102014,1305,徐慈华,2019-01-30 03:58:13,-1,0,1,作业多但很快就能完成，期末考会划范围，很好的老师！
102710,1305,徐慈华,2019-02-21 16:52:06,-1,0,1,可水可听，讲的也只是些导论，毕竟逻辑学属于哲学。老师很温和，偶尔点个十个人的名字，作业二十分钟就能完成。给分还算可以。
106709,1305,徐慈华,2019-04-29 04:15:36,-1,1,2,吹！都给我选！！！老师幽默可爱又博学体贴！吹个?P
107383,1305,徐慈华,2019-05-04 15:17:54,-4,9,13,有零分我就零分了，最好有负分
124286,1305,徐慈华,2020-06-28 14:41:58,0,2,2,老师真的很可爱啦，线上讨论的形式也很轻松，用文字不用视频就极度舒适，平时作业是有点多但很快能完成，考前还给划重点，考试真的不难，其实认真复习绩点就不会差的
124287,1305,徐慈华,2020-06-28 15:02:57,-1,3,4,老师的逻导是我这学期上过为数不多真的能学到一些知识的课，考试和平时任务不算难（但会混入奇奇怪怪的东西hhh），老师人也很温和。给分好像比较求是，不过认真参与应该不会太差。
124288,1305,徐慈华,2020-06-28 15:03:22,12,12,0,成功学杀我
124398,1305,徐慈华,2020-06-30 05:33:47,3,9,6,上课都在给自己项目做广告，实在受不了
129564,1305,徐慈华,2021-01-07 11:18:34,2,4,2,有时候有打广告的嫌疑，学到的东西也不是很多，感觉课件都是从几本参考书上整段抄下来的。\n\n但是老师人很好，很热情，事也少。
130044,1305,徐慈华,2021-01-15 18:07:47,5,9,4,上课挺有意思，但是最后留给学生复习的材料非常迷，ppt内容十分笼统，必须配合智云课堂的一些录播和现有的笔记才能复习到位。如果上课好好听能够修到一些知识，但主观而言不喜欢他的风格。
130137,1305,徐慈华,2021-01-18 03:29:33,-1,2,3,老师研究的学术领域比较广，可以说是比较典型的从事跨专业研究的教授了，能听到特别丰富的内容，当然也会显得比较杂，没有特别的重点。\n\n老师应该会开2分和3分的课，我上的是2分的，面向外专业。上下来能对逻辑学有个入门的认识，但是不够深入，也不太成体系，我觉得老师可以再进一步讲点逻辑学专业的内容。因为老师是研究记忆、隐喻与类比的，所以常常会“夹带私货”，讲这些自己比较熟悉的内容。仁者见仁智者见智吧，我是觉得挺能开阔我的视野的，有课友反映说讲这些东西的时候有点突兀且不知所云。\n\n总之还是推荐的，能水也可以好好上，给老师8.5分是个很恰当的分数。
131184,1305,徐慈华,2021-01-26 12:35:01,5,8,3,老师还好，绩点不高
135672,1305,徐慈华,2021-05-19 00:58:25,25,27,2,为什么老是喜欢布置那种零碎的作业？几乎每节课都有，它们本身也不成体系啊。
135716,1305,徐慈华,2021-05-20 14:06:31,12,18,6,别选，千万别选，逻辑学全是讲他自己的扯淡隐喻，布置的作业跟逻辑学基本没什么关系，也学不到干货，花里胡哨的形式、讨论搞了一堆，最后其实什么都没学到。还事情贼多。\n\n而且不知道去过阿姆斯特丹大学有什么值得炫耀的，从第一节课炫耀到最后一节课，真绝了。
137805,1305,徐慈华,2021-07-06 08:13:38,15,22,7,复习了一遍 感觉这个老师上课真的没有体系可言\n\n\n\n想到什么讲什么，课间缺乏逻辑性，作业就更无语了\n\n楼下居然还有个说开阔视野的，大哥，这是一门专业基础课，不是通识课，不是让你开阔视野用的。\n\n其次，就他讲的这些东西我没看出来什么地方让人耳目一新，都是老生常谈换点新例子罢了，除非你小学中学除了课本知识和刷题外不会去看任何书，不然我觉得一个但凡接受过点素质教育出来的都不会觉得这个课有啥开阔视野的地方\n\n就是既没干货也没思想的水课而已
138132,1305,徐慈华,2021-07-07 12:39:16,-1,1,2,老师很好啊，上课有时候会夹带私货但是老师都会说一下如果...，超级耐心，基本上每节课下课老师都在答疑，最长的一次都四十多分钟了还没走，而且有些内容实用性还挺强的
138662,1305,徐慈华,2021-07-10 07:23:53,2,7,5,智慧的徐老师，善良的徐老师！老师真的很幽默风趣啊，上他的课不会特别枯燥！记忆最深的是永远被cue的利群广告哈哈！平时作业+期末闭卷考试，平时作业一共有八次但是都是比较简单的，课堂讨论也是基于作业和小组同学交流的不会有压力！期末会划重点所以复习起来还可以。注意推理规则和置换规则一定要好好理解啊期末两道推理题只推出一道尽力了T T
140810,1305,徐慈华,2021-09-16 09:37:15,-1,0,1,好老师，有趣的人
141054,1305,徐慈华,2021-09-22 09:19:37,-1,0,1,棒，，，
144689,1305,徐慈华,2021-12-23 07:16:09,-1,1,2,上课蛮有意思的
146406,1305,徐慈华,2022-01-06 13:35:46,-2,0,2,我觉得徐老师很好啊！很可爱(｡･ω･｡)ﾉ♡还请我们喝了咖啡，教的东西挺有用的，也超级关心大家！！
147718,1305,徐慈华,2022-01-10 14:09:10,7,8,1,寄杀我
147721,1305,徐慈华,2022-01-10 14:15:42,-2,0,2,老师人真的很好，对同学很有耐心，很温柔～ddl过了直接私戳补交就可以\n\n不过感觉老师讲的内容好像确实有点散…给分还可以
147733,1305,徐慈华,2022-01-10 14:50:00,-1,1,2,其实老师挺好的，只要平时作业认真完成，期末考前好好背概念，大体框架复习好就会取得不错的成绩的～
147734,1305,徐慈华,2022-01-10 14:50:11,-1,0,1,蛮不错的，老师拯救我的绩点
147981,1305,徐慈华,2022-01-11 08:56:40,-1,1,2,课挺有意思的
150439,1305,徐慈华,2022-01-25 08:05:30,-9,3,12,大一以来最喜欢的老师！开开心心学习，顺顺利利拿到满绩~
166043,1305,徐慈华,2023-01-11 02:39:51,2,4,2,逻辑学导论，感觉不像专业基础课而像通识课（而且我在的这个班里好像绝大部分都是哲学之外的专业的？）老师教的一些东西如果你认同并去使用这门课是可以有比较大的收获的。但是考试和某一些知识点感觉有点迷。
167685,1305,徐慈华,2023-01-18 09:38:27,5,6,1,emmm平时课比较有意思，但一直鼓吹成功学。给分随意，问了几个一起上课的同学，有点摸不着头脑。被绩杀的可能性极高。
182090,1305,徐慈华,2023-11-10 01:17:07,-1,0,1,没怎么上过老师的课，但是参加的学生工作是老师负责的，从指导学生工作方面说老师还是很尽职尽责的
194657,1305,徐慈华,2024-06-25 01:36:40,5,5,0,上的是思维教育与实践，算劳育课，课堂氛围比较轻松，但小组合作爆炸多，而且都是由老师随机分组，质量不好说。\n\n虽然最后一节课展示了给分的占比，但是每一项的成绩都不清楚，并且突然就出分感觉不算好，或者说莫名其妙，应该是不捞人的，绩点很一般、、、
194704,1305,徐慈华,2024-06-25 03:33:25,2,3,1,煞笔老师，去你妈的。评分标准一点也不明确，给分超烂，垃圾老师。表面上看着客客气气的，实际上背后捅一刀。
198368,1305,徐慈华,2024-09-08 05:30:30,-1,0,1,一般般
199165,1305,徐慈华,2024-09-18 11:40:54,6,6,0,无语了一节课从头到尾都在装逼给我干睡着了，一醒来旁边都在睡
201806,1305,徐慈华,2024-11-06 12:11:15,2,2,0,事多给分还烂，明明那么多过程性作业，交上去了一点反馈都没有，最后成绩出来把人干懵了。
217180,1305,徐慈华,2025-04-03 06:41:47,2,2,0,逻辑学导论，不知道老师上课在讲什么，很奇怪（感觉助教也很累）
217357,1305,徐慈华,2025-04-09 03:05:08,6,6,0,上的思维教育与实践。他难道不知道自己教的东西毫无价值吗？？？每节课就是小组合作做思维导图，展示思维导图，还签名。居然还有更傻逼的学生在课上捧他… 每节课洋洋得意的，上他的课真的是浪费生命。\n\n有次带来他的学生展示三维空间导图，说是团队做了七八年的项目，网站丑得一逼，三维空间建模特别粗糙，插入链接之后与环境融合度为零。这种东西谁会用呢我请问？用起来又浪费时间又找不到东西。
7438,1309,孙敏强,2015-09-14 11:22:55,18,24,6,享受
7445,1309,孙敏强,2015-09-14 11:47:07,1,3,2,挺幽默，就是性子慢点\n\n
7456,1309,孙敏强,2015-09-14 12:35:16,11,14,3,绝对不错
7457,1309,孙敏强,2016-12-22 12:04:19,35,43,8,高水平 低压力的享受
8426,1309,孙敏强,2015-09-21 07:16:41,2,4,2,水平太高，上课听不太懂
8464,1309,孙敏强,2015-09-21 11:29:20,-2,8,10,比较无聊。
9080,1309,孙敏强,2015-10-12 10:44:00,10,14,4,文艺，情怀。
9564,1309,孙敏强,2015-11-01 09:31:32,1,3,2,很好啊
9580,1309,孙敏强,2015-11-02 06:00:29,2,6,4,文艺范
9795,1309,孙敏强,2015-11-09 10:56:26,2,4,2,有个性的老师\n\n
9866,1309,孙敏强,2015-11-11 11:16:34,2,2,0,文人老师
9903,1309,孙敏强,2016-12-23 13:34:18,17,22,5,绝对的超脱和享受
9942,1309,孙敏强,2015-11-24 06:58:14,1,2,1,绝对的享受 孙先生
9980,1309,孙敏强,2015-11-14 01:05:19,2,5,3,拉家常的老师，但是又很有文艺范。
10164,1309,孙敏强,2015-11-17 04:35:32,1,1,0,很好的老师
10308,1309,孙敏强,2015-11-18 04:17:28,3,7,4,小公举\n\n
11098,1309,孙敏强,2015-11-24 06:46:29,0,1,1,太感性了
11111,1309,孙敏强,2015-11-24 08:54:52,3,3,0,美的享受
11112,1309,孙敏强,2015-11-24 09:02:35,2,8,6,无压力，给分不错，建议选
11122,1309,孙敏强,2015-11-24 10:45:29,0,4,4,给分不错
11124,1309,孙敏强,2015-11-24 10:56:46,2,6,4,超级棒，陶冶情操的一门课，给分也很赞，从不点名但不容错过~
11158,1309,孙敏强,2017-12-28 06:10:38,3,7,4,完美老师
11206,1309,孙敏强,2015-11-25 07:40:10,1,3,2,很享受。。。很好听。。。
11268,1309,孙敏强,2015-11-26 05:55:05,2,4,2,还是蛮感性的老师 喜欢 上课会把自己理解和人生阅历结合 很会鼓励学生
11729,1309,孙敏强,2015-12-13 09:31:52,0,4,4,给分不错哦
12352,1309,孙敏强,2017-12-28 04:07:27,44,75,31,孙老师身上有属于文人墨客的感性、自矜，有源自教授学者的深刻、理性，有出乎先辈师表的温暖、柔情。去上他的通识可以听他唠嗑，可以听他讲学，水研皆允，几近享受。纪念
12660,1309,孙敏强,2015-12-24 00:29:14,3,7,4,想听的绝对享受，不想听的也是一门水课好选择，不点名没作业，就一篇论文
13101,1309,孙敏强,2015-12-25 01:16:13,2,3,1,很好，享受
13482,1309,孙敏强,2015-12-28 10:23:10,2,3,1,有情怀，很好的老师
15401,1309,孙敏强,2016-01-14 08:27:53,0,2,2,满分！
18599,1309,孙敏强,2016-01-22 06:04:55,2,3,1,很喜欢的老师 感性却不缺美的享受 对文学和美的敏感度很高 也常常在他课上感受到当年的时代感 值得一听
20440,1309,孙敏强,2016-01-27 14:34:53,-6,5,11,论文是按字数评分的
21588,1309,孙敏强,2016-02-29 09:01:18,2,3,1,有文人情怀
21603,1309,孙敏强,2016-02-29 10:22:36,1,2,1,十分爱
21626,1309,孙敏强,2016-02-29 10:56:04,1,2,1,享受，高质量的享受
21651,1309,孙敏强,2016-02-29 12:03:26,1,1,0,是一种享受，有一种情怀
25580,1309,孙敏强,2016-05-26 10:21:55,-5,6,11,建议理工科的同学不要选
26617,1309,孙敏强,2016-06-20 11:15:28,1,1,0,非常好
27078,1309,孙敏强,2016-06-22 17:03:24,1,1,0,真的超级棒\n\n
29782,1309,孙敏强,2016-06-30 10:05:41,1,1,0,如果是喜欢文学的，绝对是一种享受。
30397,1309,孙敏强,2016-07-01 13:13:33,1,1,0,读书人的情怀
31008,1309,孙敏强,2016-07-03 06:02:48,1,1,0,非常优秀且有才华的老师，很善良
36195,1309,孙敏强,2016-11-11 03:41:39,1,3,2,刚上完秋学期他的课，坦白讲老师水平很高，上课也很认真，讲的确实知识很到位。但就是上课喜欢扯得非常远，最后再绕回来。如果是喜欢听他多扯扯别的知识的可以选，如果不喜欢老师讲太多多余东西的同学慎选。\n\n对了，没有作业也不考试，但最后需要交论文，还没出分不知道给分怎么样，但老师是个好老师~
37259,1309,孙敏强,2016-11-18 05:44:24,-3,1,4,满满的情怀，给分出乎意料地高
38267,1309,孙敏强,2016-11-28 19:14:56,1,1,0,极具风骨
47864,1309,孙敏强,2017-02-26 14:01:27,1,2,1,绝对的好老师！大赞大赞 儒雅又有底蕴 人还很好给分也很好！！！
48097,1309,孙敏强,2017-02-28 12:20:58,11,15,4,在一个春风沉醉的夜晚认识了这位有故事的老爷爷
48227,1309,孙敏强,2017-03-01 10:38:48,3,6,3,真正有涵养的老师
48231,1309,孙敏强,2017-03-09 03:35:46,14,19,5,夫子以诚传道，顿生孺慕，余于座中偶有不诚自惭掩面矣
48249,1309,孙敏强,2017-03-01 12:07:12,14,18,4,一个把诗意的柔情醉心到教学里的踽踽独行者。他定是先感动了自己，而后努力去感染他的学生。他不是红学家，乃是真正的红迷。
48440,1309,孙敏强,2017-04-23 07:59:37,2,3,1,孙老师是一个很有思想的老师，每次听他的课都感觉灵魂被净化，人很低调。课程没有杂七杂八的事，但一点都不水。大赞!
48614,1309,孙敏强,2017-03-08 10:46:50,2,2,0,融入丰富感情讲课的老师，听他的课很让人享受。
50163,1309,孙敏强,2017-04-30 12:37:25,12,16,4,谁说给分好的
50272,1309,孙敏强,2017-05-02 06:08:05,12,16,4,?老师很好.... 但是助教给分很一般……
50369,1309,孙敏强,2017-05-03 04:27:16,1,1,0,爱庄子，爱东坡，爱红楼！
50517,1309,孙敏强,2017-05-03 09:01:06,-1,0,1,有情怀的老师，讲课倒在其次\n\n
54964,1309,孙敏强,2017-06-30 13:38:46,2,3,1,老师真的很好，课也很好，就是最后的分......嗯，还是看缘分吧
56517,1309,孙敏强,2017-07-04 02:28:38,12,16,4,你们都骗人，谁说的给分不错，难受
56543,1309,孙敏强,2019-04-09 09:02:08,8,12,4,庄子研读：老师上课讲解自己的文章，很有韵味很享受。对于讨论课我只想说：1.跟助教关系搞好些，都懂的，2.翻译的时候念翻译就对了，3.所谓最后那个分数段都打最高分，是照顾学生，但是公平在何处？正太搞得一个层段的人成绩都一样？上90就直接A+？我本人受庄子这本书影响很大，帮我度过了一段内心十分煎熬的时光，可是这样的评分给分机制真的糟心。我不是圣人也无法齐同万物。孙老师的课推荐的，讨论课大家就看着办吧。
56549,1309,孙敏强,2018-11-21 01:36:43,11,12,1,老师有人文学者的涵养。但学校强制的通核给分制度是尤甚正态的恶心东西。
57958,1309,孙敏强,2017-07-18 16:14:21,2,3,1,孙老师的授课真的是给人很多启发，但是作为一门通核课，其不“逍遥”之处却也遭人诟病
62315,1309,孙敏强,2017-11-24 07:07:34,1,6,5,很气了。老师上课自管自己讲去讲去。不点名。没有作业。一篇论文。完完全全助教给分。我觉得不够客观。负不负责emmmmm……大家自己觉得吧。
62326,1309,孙敏强,2017-11-24 08:04:18,12,14,2,只有一篇论文，还是助教给分，每节课都去认真听了，结果。。。。不公平
62857,1309,孙敏强,2017-11-27 07:13:22,5,8,3,很有情怀，不够系统。
67686,1309,孙敏强,2018-01-22 05:13:20,3,3,0,孙老师是文人雅士，讲课儒雅，抑扬顿挫，听老师上课很享受。不点名，有时候会点人回答问题，回答就有加分，课程考核只有一篇论文，好好写给分不错的！
86945,1309,孙敏强,2018-09-19 13:06:35,3,4,1,悲欣交集
88164,1309,孙敏强,2018-10-23 07:45:24,9,12,3,老师的声线里感觉有种类似α波的振动，即使不去认真听他具体讲的是什么，光是让这种声音在你身边流动，从耳朵流进脉搏血液，心底不自觉地就会变得柔软，亲测比网易云所有疗愈歌单都有效
88707,1309,孙敏强,2018-11-06 06:48:19,0,3,3,前排都空着，没有多少人听，可能老师陶醉自我了吧。。实话实说
89683,1309,孙敏强,2018-11-20 09:01:11,-1,2,3,虽然有时不能进入老师的那般超脱与享受的世界，但跟着吟诵诗歌，忽然感觉身上的戾气去了些，很是心安。
89698,1309,孙敏强,2018-11-20 09:55:38,14,19,5,打分不是看论文内容的。我论文写的认真，引经据典，有感情，有想法，被正太。
89723,1309,孙敏强,2018-11-20 12:00:37,-1,2,3,在老师身上能极为明显地看出属于文人的情怀。很值得上的课。论文认真写给分很不错。
89795,1309,孙敏强,2018-11-21 00:50:46,12,13,1,喜欢课程内容，充满了美妙的阐释，非常享受。但一篇论文定生死，看到分数……还是有点难过。
89865,1309,孙敏强,2018-11-21 05:26:16,14,18,4,给分很差
90770,1309,孙敏强,2018-11-26 02:52:38,0,2,2,中文系目前遇到的最欣赏的老师！
102959,1309,孙敏强,2019-02-25 06:16:03,1,2,1,第二次选孙老师的课
103050,1309,孙敏强,2019-02-25 16:06:14,0,0,0,有高分的同学传授一下高分经验吗
103682,1309,孙敏强,2019-03-04 06:52:02,0,1,1,非常有文化素养，有文人气质，各种经典信手拈来，解读很有深度和厚度，上课简直就是一种享受
103775,1309,孙敏强,2019-03-05 11:37:54,0,1,1,
106989,1309,孙敏强,2019-04-30 14:34:17,-1,0,1,爱您，绝对的享受
106998,1309,孙敏强,2019-04-30 15:36:42,-2,0,2,终于出分了。。感谢老师
107006,1309,孙敏强,2019-04-30 16:29:17,0,1,1,真的超级超级棒的老师！\n\n听他的课真的太享受了叭！！\n\n我永远都爱孙老师！\n\n我永远都爱中国古典文学欣赏！\n\nzqsg写论文真的很有用哈哈哈
107043,1309,孙敏强,2019-05-01 03:53:06,0,1,1,我爱老师！！！！千辛万苦才选上的课！！每节课都是享受！论文全是自己写的所以最后满了！之后可能没有缘分再和老师学习了，珍惜！
107248,1309,孙敏强,2019-05-02 15:07:37,-1,1,2,非常感谢老师一学期的教学！给分也可以，身心的享受呀～
108347,1309,孙敏强,2019-05-21 16:01:23,1,2,1,不喜欢的人可能觉得很无聊，get不到老师情到深处的点；喜欢的人会很被感染，边听边拍手称快。我介于两者之间，有些篇章使我投入，有些篇章我毫无感受，但孙老师无疑人好且具有文人情怀，我想这多少是难能可贵的。论文我认真地写，但只有跟作者个性密切相关的部分我比较zqsg，最后4.5还行。课程本身真的已经很轻松了。
109578,1309,孙敏强,2019-06-17 07:43:33,3,4,1,老师在庄子的最后一节课没有讲庄子而是讲了苏东坡，觉得是个随性又很可爱的老师呀~
111547,1309,孙敏强,2019-07-02 01:57:44,1,2,1,听到了孙老师的课，实乃人生一大幸事
112807,1309,孙敏强,2019-07-05 03:40:13,0,2,2,神奇，我竟然满了，不可置信！一定是因为我们小组太强了！！！（说实话我不是很能get到老师的那种理解，可能我没有文学上的天赋吧....）
113526,1309,孙敏强,2019-07-06 22:58:50,0,1,1,上他的课真的是无比的享受\n\n一个特别有诗意的老师\n\n看到有些说给分不好的，但是文学这种主观的东西确实不见得回报和自己觉得的努力成正比\n\n而且总得来说给分已经很好了
116459,1309,孙敏强,2019-09-11 00:19:02,0,1,1,绝对的满分
116945,1309,孙敏强,2019-09-17 13:06:57,0,1,1,能上老师的课真的是太幸运了，真为那些上课没有认真听的同学感到惋惜。 每次课短短的两小时，都是不一样的人生感悟。里面有很多很多人生智慧。 现在似乎有那么一点懂了，我想以后我会渐渐真的明白。
117678,1309,孙敏强,2019-09-29 00:21:57,5,6,1,他说他考完大学最后一门考试之后以为再也没有考试了，喝得小醉去西湖边苏堤上睡了一觉。老爷子从魏晋穿越来的吧？ ​​​
118608,1309,孙敏强,2019-11-17 02:00:18,-4,3,7,没什么好说的，期末一篇论文定绩点，我这样的论文给我3.9。非要我把样稿和支票给您老看您才识货吗
119932,1309,孙敏强,2019-11-17 01:14:59,3,4,1,自带中文系buff，听老师的通识非常舒适，也顺利满了。尤其喜欢老师讲春江花月夜和红楼的部分，很有启发。最后希望老师文论对我好一点不要鲨我555
120017,1309,孙敏强,2019-11-17 05:02:37,0,2,2,出分了，特别满意(∩_∩)，医学生，不能说有多少素养，但是论文挺用心写的，虽然不能说非常原创，引用了很多老师的观点，但是也加入了很多自己的观点~竟然给了很好的分数！感恩！还有，论文是助教评的，分不好也不要说老师啊，这是我在我浙遇到的最喜欢的老师之一！大智慧！
120063,1309,孙敏强,2019-11-17 09:16:02,0,1,1,给分一般，不知道论文标准是什么。而且文学欣赏这种东西，每个人理解不同吧，如果有过多的主观感情夹在基于文章本身的分析之中，就难免会引发异议。个人的遭遇与家国天下相比，就显得格局太小。听红楼那两节课反正我整个人都不好了，如果是讲座可以选择离席，但上课你就不得不听下去，很难受。
120099,1309,孙敏强,2019-11-17 12:18:51,1,1,0,哇分一出立马过来评价了 真的吹爆！！论文认认真真写了自己想写的交的时候还担心太跳脱老师会不喜欢没想到竟然满了呜呜…老师真的很博学也很有自己的观点，推荐推荐！
120198,1309,孙敏强,2019-11-23 13:59:34,1,1,0,绩杀。助教给分，不说老师什么了。
120288,1309,孙敏强,2019-11-27 12:15:16,-2,1,3,3.9我佛了，很认真地在写论文，也提出了自己的观点，最后85，妥妥的卡绩和绩杀，中文系孩子留下不学无术的泪水。
124231,1309,孙敏强,2020-06-27 14:58:44,1,1,0,老师很好
124241,1309,孙敏强,2020-06-28 01:52:33,2,2,0,老师上课渲染情怀，可水可听\n\n我表白四个字的助教姐姐～
144719,1309,孙敏强,2021-12-23 10:25:21,3,3,0,在远古的荒原与未来的铜像之间
144857,1309,孙敏强,2021-12-25 07:52:45,2,2,0,献诗，给“七七级”
727,1329,罗天华,2015-03-16 05:15:40,13,21,8,82年的拉菲@
2384,1329,罗天华,2015-04-28 02:05:35,2,8,6,好无聊…
3901,1329,罗天华,2015-06-17 07:52:19,21,28,7,老师在很努力的进步～～～
5257,1329,罗天华,2015-07-06 05:52:02,3,9,6,呵呵
10798,1329,罗天华,2015-11-23 05:35:29,-1,6,7,挺有意思的，幽默风趣
11509,1329,罗天华,2015-12-03 06:43:39,1,4,3,。。。
11636,1329,罗天华,2015-12-09 04:27:33,-6,4,10,感觉蛮低水平的 不太听课… 但给分还可以吧
12826,1329,罗天华,2015-12-24 06:05:15,-1,6,7,逗的一比，上课质量也不错
12828,1329,罗天华,2015-12-24 06:06:13,-1,5,6,蛮好玩的
12886,1329,罗天华,2015-12-24 07:26:19,13,24,11,是不知道他在上啥，而且也不知道自己要干啥的感觉，给分一般水平吧，语言学基础给了我重重的一击！不知道要说啥，懵逼了
13066,1329,罗天华,2015-12-24 16:42:38,9,14,5,老师很萌 喜欢跟学生开玩笑 课本身性质比较无聊 但是老师还是有很努力在逗乐大家的~
13114,1329,罗天华,2015-12-25 02:15:14,0,5,5,很欢乐的老师~因为他喜欢上了语言学
14066,1329,罗天华,2016-01-04 04:59:36,3,7,4,课内容真的无聊...但是老师还是很棒的，课堂气氛还蛮活跃
15207,1329,罗天华,2016-01-12 15:25:54,5,9,4,不知所云
15517,1329,罗天华,2016-01-15 04:44:27,0,6,6,认真当然有回报 。。。\n\n
15695,1329,罗天华,2016-01-16 07:03:01,-5,3,8,很欢脱，考试内容是课件有的，给分蛮客观的，虽然有时候不知道他在上啥
15816,1329,罗天华,2016-01-16 10:27:15,1,6,5,挺有意思的，上课气氛很自由欢脱，爱笑的老师人不会差
21647,1329,罗天华,2016-02-29 11:58:51,-2,4,6,水 幽默 但是真没学到什么东西 不过听着好玩
35722,1329,罗天华,2016-11-10 07:53:23,9,14,5,老师很好，风趣幽默和学生没有距离感，还会扩展很多内容，但是不照书讲，需要有自学能力哦，嘻嘻
41436,1329,罗天华,2019-05-31 06:06:50,3,8,5,挺有趣的\n\n还带我们去上海游学
41477,1329,罗天华,2017-01-12 02:30:01,1,7,6,很可爱很有人格魅力的华仔
41771,1329,罗天华,2017-01-12 14:13:54,-10,4,14,很幽默吧…也很逗逼，现汉卷子好简单哦！给分还不错
41821,1329,罗天华,2017-01-13 01:58:20,-4,6,10,虽然笑点很迷，但是教学出游还是很愉快的，平时听课看着老师一个人笑也挺有意思，就是期末预习一本书有点累，不过给分好呀
42538,1329,罗天华,2017-01-14 11:49:31,7,13,6,感觉很可爱的一个老师啊！上课比较搞笑幽默，有时候会自己笑到停不下来哈哈。讲课还是挺清楚的，会带我们去其他地方实践学习。个人觉得给分挺好的。
42780,1329,罗天华,2017-01-15 05:21:53,1,8,7,超可爱的老师，让我喜欢上了现代汉语，原来，现代汉语也没有那么可怕～表白天华老师！
42949,1329,罗天华,2017-01-15 13:07:49,5,10,5,说给分客观的那位同学放学别走！
44946,1329,罗天华,2017-01-18 14:47:08,-5,1,6,?
45526,1329,罗天华,2017-01-19 16:21:27,-6,3,9,能学到东西 也能对语言学产生兴趣
50286,1329,罗天华,2017-05-02 07:31:59,-2,4,6,天华叔叔很棒啊！
51516,1329,罗天华,2017-06-07 02:45:05,0,7,7,表白天华，还送了书☺️
55760,1329,罗天华,2017-07-02 10:36:05,12,16,4,不知道考试要考什么，对考试完全没有头绪
55883,1329,罗天华,2017-07-02 14:27:58,15,18,3,考试考啥呀……
56722,1329,罗天华,2017-07-04 12:30:27,9,12,3,外专业还是别选语言学基础了，一口老血吐出来
56784,1329,罗天华,2019-01-19 07:12:00,-21,15,36,见过最差劲的中文系老师
56950,1329,罗天华,2017-07-05 04:34:54,-4,2,6,好听，努力就有回报。你自己不努力我也没办法了，考试周复习了三遍书，感觉给分对我来说相当满意了。\n\n
57154,1329,罗天华,2017-07-05 23:45:04,-4,8,12,来修个性的工科生路过。。。老师上课没有按照教材，确实学得有点懵逼，不过考前把叶蜚声的《语言学纲要》的重点内容看了一遍，竟然满绩了。。。
66337,1329,罗天华,2018-07-04 07:07:19,-1,6,7,说给分差的想想自己的原因吧！看看人家李旭平，2点几的一大堆呢
66964,1329,罗天华,2018-01-19 13:04:26,1,8,7,老师的课堂很有趣，总给人有点水的假象，但其实老师挺认真的，讲的东西一点都不少（这一点期末复习时体会深刻），总之推荐。
66965,1329,罗天华,2018-01-19 14:07:01,0,4,4,推荐推荐！
66966,1329,罗天华,2018-01-19 13:06:05,6,10,4,再也不想选，考试复习没用吧？
66980,1329,罗天华,2018-01-19 13:46:06,2,6,4,很可爱的老师。
66989,1329,罗天华,2018-01-19 14:49:00,11,13,2,谢谢老师，我坚信了自己，不适合学中文。
73182,1329,罗天华,2018-07-04 07:06:59,-7,9,16,毁我青春大傻逼
75619,1329,罗天华,2018-03-14 06:17:08,4,6,2,还是一样的水
91369,1329,罗天华,2018-12-07 03:01:54,3,4,1,我男神
93606,1329,罗天华,2019-01-11 02:04:37,2,3,1,结课啦！趁还没考试没出成绩先来打个满分！
94004,1329,罗天华,2019-01-15 00:39:37,3,4,1,复习陷入了窒息的边缘，考试真的很迷茫
94213,1329,罗天华,2019-01-15 23:28:17,2,3,1,天华爸爸我爱你！（来自考前表白复习法）天华真的是幽默风趣又关心学生的男神一枚了！有幸能在本学期选上他的课，今后希望可以再见呀～
94544,1329,罗天华,2019-01-17 07:26:26,2,3,1,出分前给个高分评价，怕出分后会后悔_§:з)))」∠)_花花上课还是有趣的，人也很友好，只是，真的不知道他的现代汉语会考什么，防不胜防_§:з)))」∠)_
94615,1329,罗天华,2019-01-17 11:41:45,2,3,1,老师真的超级可爱超级有趣呀！！虽然考试有点猝不及防，复习也不知道咋复习，但是给分也很良心了啊！！感谢老师！！
94617,1329,罗天华,2019-01-17 11:50:17,8,10,2,天华天华天华啊啊啊啊啊啊啊啊真的会给满绩！！！！！！！！！！永远记得你的笑话和表情！！！！！！让我下决心走语言学的野路子！！！！！一生推！！！
94622,1329,罗天华,2019-01-17 12:19:29,4,5,1,啊啊啊啊啊啊啊爱您！\n\n之前想着就算挂了我也要打十分的，上课体验真的很好，老罗真的是一个有梗的宝藏男孩，能上他的现汉真的很开心了，感动的是我没挂www太感人了吧
94623,1329,罗天华,2019-01-17 12:23:25,3,5,2,我第一节课就有感觉，我会喜欢老罗！不管分数怎么样，我喜欢老罗！此生不悔作为老罗的学生！有很多与众不同的知识，我相信这学期我绝对上的是全浙大或者全国最独特的现汉~表白老罗！（而且给分很好
94627,1329,罗天华,2019-01-17 12:28:55,4,6,2,呜呜呜呜呜呜呜我爱小罗谢谢小罗让我满绩（不怕被打地补充一句是想考满分来着就是个人能力不行……小罗虽然平时上课水了一点，但是从他一学期推荐了五十本课外书目、语言学各种现象会随机触发他“太好玩了”评价等等能感受到他对语言学的热爱！（以及试图为语言学招好多好多学生。有这样能提供种种研究选题（虽然不保证可行性哈哈哈哈）的老师，学生对未来的迷茫会少一点吧（然而我不是纯正汉语言，继续迷茫，嗷。
94640,1329,罗天华,2019-01-17 13:32:10,3,4,1,真的太喜欢老罗了啊啊啊！！！课堂真的有趣，关键是人超级可爱鸭！
94650,1329,罗天华,2019-01-17 14:17:06,1,2,1,没有感觉，虽然感觉自己兢兢业业一学期，上课也有在认真听，考试也是认真做了的，但是分数没有想象中的好，但是我真的很喜欢罗老师啦！
94680,1329,罗天华,2019-01-17 18:00:14,3,3,0,上课有一点水
94686,1329,罗天华,2019-01-17 23:32:33,1,2,1,有深度，亦有广度
94822,1329,罗天华,2019-01-18 09:06:17,-1,1,2,我永远爱罗爸爸
94826,1329,罗天华,2019-01-18 09:18:58,0,1,1,有趣 轻松
95796,1329,罗天华,2019-01-20 05:20:05,3,5,2,罗老师这次给分确实挺好，没有论文，三次小作业，一次小组展示和最后的考试。应该以后也不会再出偏题怪题，这点可以放心。\n\n不过罗老师上课有点水，讲段子凑时间这种感觉，老师人很好，就酱\n\n\n\n差点忘了一点，罗老师会介绍语言学的大牛，研究方向，学校申请之类的事情，这点真的很棒，对语言学感兴趣就去认识一下罗老师叭
124098,1329,罗天华,2020-06-23 23:16:40,7,7,0,实话实说，上课真的不知道在干什么...
125117,1329,罗天华,2020-09-01 08:23:44,5,5,0,真是一次绝妙的体验，考试时发现都是没学过的知识的体验。
125124,1329,罗天华,2020-09-01 11:03:25,8,8,0,如果不能保证考试题目和上课的内容一致，话可以不要说得那么满吗？
125287,1329,罗天华,2020-09-05 14:15:54,5,5,0,太难过了，考前复习近一周，复习了个寂寞
129330,1329,罗天华,2021-01-04 07:39:24,7,7,0,水水水
130131,1329,罗天华,2021-01-18 00:58:35,0,1,1,罗师傅栋笃笑yyds
146108,1329,罗天华,2022-01-05 13:19:44,3,6,3,上课效率真的很低。
148055,1329,罗天华,2022-01-11 12:10:44,2,3,1,罗老师平时上课还是比较有趣的，会讲很多拓展的东西，也会带着大家思考。而且给分真的好好泪目了
148144,1329,罗天华,2022-01-11 15:23:07,0,2,2,海底捞点赞，大爱罗老师
161222,1329,罗天华,2022-11-01 05:53:45,8,9,1,……有点不知所云
162427,1329,罗天华,2022-11-22 06:52:58,7,7,0,老师骚话王
165260,1329,罗天华,2022-12-30 14:27:54,5,5,0,现汉咋复习啊……外专业零基础落泪了
165483,1329,罗天华,2023-01-07 03:32:05,9,9,0,复习的时候发现老师讲得实在是……不太扎实。上课真的有点水，不是认认真真讲知识的那种老师。
167617,1329,罗天华,2023-01-17 16:38:36,-6,1,7,老师给分很好，应该说考试的内容也都是讲过的，只是有些我真的没当成重点复习呜呜…\n\n最后成绩也比较满意，和付出比较匹配啦
167640,1329,罗天华,2023-01-18 03:19:42,12,13,1,老师很有趣，上课也很水，真的是不知所云那种
171347,1329,罗天华,2023-03-22 06:38:36,9,11,2,老师上课真的是水水水水水水水水水水水水水水水水水水水水水水水水水水水水水水水水水水水水水水水水水水水水水水水水水水
174402,1329,罗天华,2023-06-12 02:17:36,7,9,2,上课水，水平一般，学了好像没学，出题迷惑，给分随意，绩杀。。。。
174571,1329,罗天华,2023-06-14 08:10:04,-5,1,6,老师真的超好 会讲一些很有意思的语言学知识，喜欢讲一些书上没有的东西以及推荐好玩的语言学网站，而且作业啥的很少。结课的时候我都有点舍不得罗老师呜呜呜呜呜呜
176103,1329,罗天华,2023-06-27 17:26:08,1,4,3,很喜欢老师的出题思路，但希望上课干货可以更多一些
177055,1329,罗天华,2023-07-01 10:13:31,-1,2,3,很有趣的老师，可能讲课内容天马行空有点难抓（考试题也），但人很好给分也好
177180,1329,罗天华,2023-07-02 04:07:52,-3,5,8,语言学基础。给分真得很好，考前补天，3倍速把智云听了一遍，很多地方都没听清，基本没背就上考场了，有道题甚至已经是在写废话了，想着不挂就行，结果这都被捞到4.5……
184266,1329,罗天华,2023-12-14 11:05:26,0,3,3,老师说话很直率：“妈的什么是韵腹啊（摊手狂笑jpg）”www
186961,1329,罗天华,2024-01-14 02:44:26,-2,1,3,老师上课气氛很轻松，很有趣。虽然我还是更适应快节奏的课，但是罗老师的风格也很棒！
194963,1329,罗天华,2024-06-26 05:32:20,-3,1,4,水是真水，但给分真的还不错，我是非常满意的
200301,1329,罗天华,2024-10-15 14:13:46,10,10,0,上课碎得像玻璃渣子
208775,1329,罗天华,2025-01-13 09:59:25,10,10,0,讲的水且碎，感觉三节课的知识量一节课的时间就能讲完了……自己复习了好几天但是没有拿到太满意的分数，可能更多是自己的原因吧
211977,1329,罗天华,2025-01-13 10:17:22,4,5,1,水，给分谜，不好说。
212188,1329,罗天华,2025-01-13 10:35:12,5,6,1,看得出来老师很想幽默一些，但是上课真没什么意思，甚至让人有点不适；讲课内容很碎，知识点少，不如看书自学效率高。抛开绩点来谈，这位是本学期专业课中给我带来收获最少的老师，带上绩点的话更是不知道说什么好。
212209,1329,罗天华,2025-01-13 11:55:26,2,4,2,上课体验真的不佳...很水，废话连篇，漫无边际。给分和付出也不成正比...一切成谜。真的想认真学点现代汉语的避雷
212223,1329,罗天华,2025-01-13 12:42:07,-1,4,5,刚开始觉得老师讲课水水的，后来发现老师确实有自己的学术见解，也不局限于教材，有一些可以拓展学术视野的内容，给分真的超棒，满了。自己看书上老师讲课时涉及到的内容，再结合老师讲的一些拓展内容，可能学起来效率更高，课上确实水水的，三节课内容可以压缩为一节课的。
212232,1329,罗天华,2025-01-13 13:39:54,8,9,1,我第一次给文学院的老师打1分，真是无语到了极点。\n\n1.上课极差，非常无聊。每周三的现代汉语成了我这学期最讨厌的课，每次上课都昏昏欲睡，听老师在上面东拉西扯，一页没什么营养的ppt靠各种稀里糊涂的车轱辘话能给你讲半个小时，有时候我甚至不得不去看点其他东西，然后我会发现听不听这段时间的内容似乎没有任何区别。口说无凭，讲个具体的例证：这节课刚开始的几节课老师刚讲完导论会开始讲“方言”，而且一讲就是好几周，但是这一板块的内容不仅书上没有，他做的ppt也是完全没什么意义，都是些什么方言的分布（其中还有他从一个方言地图里截下来的几个地图的小块）、方言岛之类莫名其妙的东西，最后考试的时候也是完全没有涉及，除了一个我觉得听不听课都能写的方言调查问卷以外，这几周的内容跟这门课的教学完全是脱节的，换言之整整几周你学不到任何跟“现代汉语”这门课有关的具体内容，且是在这门课刚开始上课的几周，这极大地消磨了楼主对这门课的热情；\n\n2.给分成谜，莫名其妙。我自认是个挺卷的人，每个平时作业都写的很认真，考前复习这门课也是尽心尽力，1.2号考试，12.31楼主还在校医院打点滴，1.1号就爬去图书馆背了整整一天书（并没有卖惨，这是楼主应该做的，只是想借这个侧面体现一下楼主复习的真的很尽心力），考试时感觉良好，五道大题每一题相关的知识点记的都非常清晰，论述的时候自信满满。最后给分极其低，极其极其低，刷新了最低绩点。也许会有人觉得楼主是因为这个才气急打低分，楼主确实是听说罗老师给分很好才选了这门课，最后的成绩也确实让楼主非常郁结，但我想真诚地问之后选这门课的同学一个问题：你愿意赌自己不会是那个努力了也没有在他这里得到高分的学生吗？
212342,1329,罗天华,2025-01-14 01:45:43,-1,5,6,课堂体验：老师讲课讲的比较慢比较细，在课堂上可以抓重点听，课上的例子可以好好揣摩一下，很可能就是考题。总体来说，天华老师讲课是深入浅出类型的，所以需要你各人有一定的总结和归纳，可以积极与老师互动，老师课堂上还是很幽默风趣的。\n\n平时作业：就平时作业来说，有三次小作业：方言问卷及小报告，小篆写自己的名字，国际音标注音。然后还有选做的pre或论文，天华老师说如果对期末考试有绝对自信可以不做。我做了，个人还是比较推荐做的，跟最后分数可能还是有一定挂钩。\n\n期末考试：最后一两节课天华老师会拉一下所有知识以及重点内容，可以仔细听一下。题目可以参考历年卷，4-5个简答题。不会考你死板的知识的默写，比较注重你对知识的把我和应用。\n\n总体来说，天华老师真的是一个很好的老师，人很幽默风趣，考查以及授课方式也比较符合我对大学的真正印象，只要真的学明白会应用了，老师给的分数一定不会差的。
212552,1329,罗天华,2025-01-14 07:36:15,1,4,3,不捞，但是听老师讲课还是很有意思的
212784,1329,罗天华,2025-01-15 02:01:18,-5,5,10,现代汉语，笨人没有交论文且作业写得很水，最后凭借重视教材和抓住上课提到的点，考试拿到了高分。老师教授方式以启发为主，由于其实是容量、广度很大的课程而采用上课点到即止的方法，只是（日常幽默+融入自己的研究等）会把重点淹没在大笑和遐想里，提供了很多值得进一步探索的入门书目、研究课题等信息，还可以听到很棒的前沿研究方向中的有价值的大点和小点，非常鼓励同学们自己去深究和挖掘。
213393,1329,罗天华,2025-01-17 07:35:24,5,7,2,【现代汉语】课留：讲课非常抽象，整节课就惦记着那点烂笑话。尽管老师自己说讲课和课件都是有条有理的（例如课件的目录页），实际上的知识输出毫无系统性可言。从“基础课程”要打好基础的角度而言，花在上课的时间不如去买本书自学效果好。并不支持楼下一些同学认为该老师上课有什么“启发性”。说实话一学期下来，老师分享在钉钉群里的论文比他讲课本身给人的知识延伸要多得多。期末给分也挺奇怪的。作业是认真做了的，复习也比较仔细，考完试还核对了一下答案，发现并没有太大问题，结果出分只有70+分，实在是有点说不过去。再加上老师本身授课方式给人的感受极差（听课体验当然因人而异，相信还是有不少同学喜欢这种水水的、偶尔来一句我靠或者什么什么烂梗的教学方式，但至少我个人和身边一些同学的感受是非常糟糕的），所以确实没有办法给老师一个好的分数和评价。希望后来选课的同学慎重考虑一下。
320,1336,黄健,2015-03-15 00:49:15,5,9,4,心灵鸡汤满堂灌啊！专业课必修，好多作业～～不过还挺帅的⊙▽⊙
598,1336,黄健,2015-03-15 06:26:58,8,13,5,遇黄老师于科研上或可叱咤风云，于育人导学则略显不足。上课还不错，内容较为形而上，但是比较坚持自己的观点，与学生课外交流则态度不佳。
761,1336,黄健,2015-03-16 12:09:49,4,6,2,老师还是很有风度的～
1199,1336,黄健,2015-03-21 16:32:52,4,9,5,老师讲的绝对好 洗涤心灵 默默地在大学里做着具有普世价值的工作 感动教化着一批批学生
2229,1336,黄健,2015-04-12 05:47:57,38,49,11,黄健跟王东莉是两口子，上过他俩课自能体会个中微妙……
6047,1336,黄健,2015-07-10 12:57:47,4,5,1,口才出众，思想先进，观念新颖，知识面广，富有哲理，启示深刻，难忘上课的时光。
6149,1336,黄健,2015-07-11 09:30:45,4,4,0,思想深刻！受益匪浅，与人生很有帮助！
6787,1336,黄健,2015-07-23 02:25:53,4,4,0,老师是个很理想主义的人，不喜欢别人反驳他，否则很惨，不过分数还好
21229,1336,黄健,2016-02-27 05:10:19,0,2,2,很儒雅，很幸运上了这门课
25599,1336,黄健,2016-05-27 04:13:30,3,3,0,虽然有时很执拗，但给分不错。
28223,1336,黄健,2017-01-15 07:44:46,2,3,1,对话式、提问式教学，很好！分数给力！
33893,1336,黄健,2016-09-22 10:56:16,29,30,1,老师很棒，男的助教好帅好幽默！
35723,1336,黄健,2016-11-10 07:53:32,1,1,0,有才华
39730,1336,黄健,2016-12-27 07:48:05,2,2,0,很儒雅\n\n很有风度
40451,1336,黄健,2017-01-03 11:59:32,1,1,0,老师很好
40452,1336,黄健,2017-01-03 12:07:22,1,2,1,哎，黄老师是好老师。
40774,1336,黄健,2017-01-05 11:06:27,2,3,1,涉及广而深度不足，思维不够灵活，但是文学与人生的讨论课不错，非常能激发思维，碰撞观点…
40781,1336,黄健,2017-01-05 11:46:13,19,19,0,男助教很棒啊！
44300,1336,黄健,2017-01-17 14:37:02,1,2,1,谢谢黄老师拯救了我被大雾伤害的灵魂∏_∏
44342,1336,黄健,2017-01-17 15:45:42,1,1,0,挺固执的一个老教头，但水平肯定是有的啦。给分一般应该是我太水
44344,1336,黄健,2017-01-17 15:47:43,7,8,1,给分不错，通核里唯一不按档给分的课，但是每周要做展示实在太累，其他通核一学期才轮到两次展示
44594,1336,黄健,2017-01-18 03:48:59,12,15,3,心灵鸡汤型，可以水，男助教非常好，给分也好
44985,1336,黄健,2017-01-18 17:32:35,4,4,0,听说别人的通核被正太一下就到1.几 然而我排90%还有3.3（主要是我很水） 老师的课挺有意思的 聊聊名人八卦什么的hhh 要想拿高分好像讨论课必须要很积极诶 然后期末考我基本上是一脸懵逼的...有种重新被语文支配的恐惧 讨论课展示的次数有点多，基本上两星期准备一次.... 课堂点三次名 很多人都是下课来补点名的（你懂得 不过还是觉得喜欢那些例如《红与黑 的可以进来学习 不喜欢的还是绕道吧
46496,1336,黄健,2017-01-22 01:14:00,1,1,0,只点3次名，给分超级棒！
47653,1336,黄健,2017-02-13 02:24:36,13,13,0,啊啊啊真的太喜欢男助教了！聪明博雅幽默善良  (￣▽￣)~*   也祝黄老师一切都好啊～
52085,1336,黄健,2017-06-14 13:31:34,13,13,0,想嫁给男助教
54619,1336,黄健,2017-06-30 02:39:22,2,2,0,浙籍作家课，开卷考试，课外作业，给分一般（可能因为本人太渣）虽然开卷（可以带手机电脑那种），但是还是不會答啊啊啊啊啊。讲课还是不错的。有收获。
61044,1336,黄健,2017-11-07 10:59:28,-8,9,17,怎么评价都这么好…我真的觉得有点听不下去，同样的内容两节课一模一样讲一遍，把成人之间交流的潜规则（招聘最后以吃饭喝酒决定，腐朽的礼仪、耍小聪明）当做非常骄傲的事情讲出来，我当然知道有这个东西也知道有时不得不遵守，但是这不是文化的糟粕吗……还接受采访要一定看镜头，我是摄剪，采访的时候看记者好吗，我有所了解的地方都没说对，其他我不便评说，态度颇为自得，可能我太敏感，感觉不舒服。哦，小组交流还挺有收获的，大家都很认真，观点犀利，助教点评在点子上，有醍醐灌顶的感觉。
63493,1336,黄健,2017-12-05 07:46:42,1,4,3,不太明白下面有一个评价为什么被赞到负数。。我觉得他很多地方说的没错，措辞也挺客观的啊。。
70461,1336,黄健,2018-01-26 16:00:52,1,1,0,讨论课很有意思，难得有对喷的机会hhh
70662,1336,黄健,2019-01-15 11:44:49,4,6,2,文学与人生。老师上课很有激情，年纪挺大了还跟戏精一样，听课特别带劲。文学功底雄厚见识广，让人肃然起敬。但是不得不说事情是真的多，每周看一本书，写一篇读后感或者和组里成员一起做ppt。看的书目里竟然有《红楼梦》和《红与黑》……这一周的时间怎么看得完……考题也很迷，考什么“文学的“情”与“理”的关系”之类的，虽然都是主观题但是整张卷子我竟没有一道题是会做的。每周时间投进去，讨论课基本每节课都发言，最后栽在考试上，得分惨不忍睹，gpa直接狂掉。建议文学功底像我一样不大好的同学慎选吧。
71611,1336,黄健,2018-01-28 16:47:28,1,1,0,超级风趣又博学的好老师
72317,1336,黄健,2018-01-30 01:50:22,0,5,5,估计文学与人生是最轻松的通核了，黄老师很有趣上课声情并茂肢体语言丰富，期末考试全都主观题填满就好，最后分也不错，体验还是挺好的
72809,1336,黄健,2018-01-31 06:06:26,2,2,0,给分真的超好超好，讨论课没有很积极发言一直担心会崩，但是最后给分真的出乎我的意料
73825,1336,黄健,2018-02-03 07:32:06,5,5,0,太棒了，出现不同感受，不同认识，完全正常，黄老师一向鼓励要有创新，不要什么都一致，什么一致通过啦，全票当选啦，都是不真实，他鼓励学生的个性发展，以自己丰富阅历和深厚学识来讲，非常有启示价值。上面那个举招聘喝酒的例子的同学，可以说根本没听明白，老师讲的根本不是喝酒录人的。总之，这个通核课太棒了，受益匪浅！
80609,1336,黄健,2018-06-28 08:39:22,-4,3,7,真的很水！！！！底下那个说12本书的是老师第一节课吓你们的！！！！真的很水！不用看那么多，一样4。5，期末书稍微看一下，就行了都是好答的题！！疯狂打call!10分\n\n
86759,1336,黄健,2018-09-18 11:22:49,1,1,0,...
90491,1336,黄健,2018-11-23 15:56:44,8,8,0,最大的收获是见识了这么棒的助教小哥哥！博学幽默，没有教条主义，富有同理心，是榜样了！
93560,1336,黄健,2019-01-10 11:23:24,1,1,0,美妙，受益
94171,1336,黄健,2019-01-15 12:09:16,0,0,0,边写作业边听老师讲，不得不说老师讲的还是很有意思的，有自己的想法，道理，点三次名，Emma，注意讨论课多回答问题，给分会高的
100102,1336,黄健,2019-01-25 15:03:40,5,5,0,老师还是很博学的听听蛮不错的，给分好像也还行，但是!他说的同样是a他尽量给a+，b尽量给b+你就别信了，毕竟我在等着5.0的时候等来了个4.2/捂脸
27313,1342,杨大春,2016-06-24 15:14:30,28,45,17,上的是他的通核现当代西方哲学，老师主攻欧陆哲学，学术水平很高，讲课个人觉得也不错，但完全没有哲学基础可能会不太好理解，慎选吧。
27821,1342,杨大春,2016-06-27 16:50:07,-4,4,8,虽然真的听不懂?可是给分不错啦
27849,1342,杨大春,2016-06-27 22:49:49,0,7,7,杨老师一节课讲的东西特别多 如果不静心听会错过很多 也会认真解答你的问题 不会不耐烦 很好相处 最后两节课放弃Ppt讲课特别棒\n\n听得很有激情
44996,1342,杨大春,2017-01-18 18:22:11,0,3,3,一种清醒的激情！\n\n
53824,1342,杨大春,2017-07-02 10:05:59,3,7,4,补充：给分低………
55757,1342,杨大春,2017-07-02 10:32:14,0,8,8,老师讲的课非常棒！可以说是人文类学科中最棒的课之一了\n\n前排表白最帅助教沈宇彬小哥哥，人帅路子野，脾气好，寓教于乐，会和我们水群
55772,1342,杨大春,2017-07-02 11:03:46,0,4,4,给分低
55919,1342,杨大春,2017-07-02 15:57:22,14,17,3,老师专业性很强，讲的东西有点难懂，不过认真看讲义、自己去理解后再来听就会好懂一些。说到讲义……真的很厚，不一定要全部看完，对于真的喜欢哲学的同学，这个讲义很棒的，虽然读懂要花一些时间，但真的很有逻辑性，很好地抓住了几位伟大哲学家的主要思想。另外，沈助教哥哥很棒很赞很帅很随和很热情♥
55981,1342,杨大春,2017-07-03 01:16:48,1,3,2,老师讲课除了有点口音外，都还好，很强调态度，其实也对，作为一个上课的学生态度是第一位的。(老师是四川人，四川口音浓厚? )助教很好，会给我们发吃的，也和我们和得来，不喜欢我们叫他老师，更喜欢我们和他称兄道弟。
56105,1342,杨大春,2017-07-03 05:23:50,0,4,4,老师的课非常值得一听，超有底蕴哒❤ \n\n虽然给分不好但是是助教给的……
59740,1342,杨大春,2017-09-26 10:43:06,3,5,2,老师很棒，讲课很仔细，可是自己实在听不懂，均绩-0.2（＃－.－）
75640,1342,杨大春,2018-03-14 11:29:45,3,6,3,喜欢装逼的同学别错过啦～～
85092,1342,杨大春,2018-07-15 09:34:04,1,2,1,老师水平很高，一学期下来真的收获很多~
85834,1342,杨大春,2018-08-20 13:40:27,18,28,10,推荐真心爱哲学爱智慧的同学选这门课~如果只是为了上掉通核而上这门课就很浪费也很折磨自己啦。杨老师很认真，讲课很投入，讲义很棒。如果课上能静心跟着听跟着思考，获益会很大。另外表白助教课王蒙蒙小哥哥，耐心负责、有料有趣~
103793,1342,杨大春,2019-03-05 22:50:54,-13,2,15,老师喜欢一个人自嗨。。。
113283,1342,杨大春,2019-07-06 03:50:04,0,4,4,老师水平很高，上课能学到很多东西，而且只要上课认真听讲期末考试并不算难。\n\n不过这课是五级计分制，慎选Ծ‸Ծ。
113307,1342,杨大春,2019-07-06 05:15:34,3,7,4,给分比较坑，五级制，全班均绩3.4，慎选
113311,1342,杨大春,2019-07-06 05:31:24,2,7,5,作为通核事情不算多 但是需要有自己思考和理解 讨论课春夏每组各一次pre 是关于某个主题的书籍片段梳理展示 之后会围绕一个问题进行全班自由讨论 问题一般都挺有意思的（给dmf助教小姐姐打call 每次会引导我们进行讨论）5000字论文 最后理论考试内容比较学术但开卷 老师说给分主要由讨论课决定 给分只有4.5/3.5/2.5/1.5略坑 但一学期下来真的是有蛮多收获的 对于世界和自己都有了更深的理解 十分推荐对哲学感兴趣的同学选 （利益相关：讨论课节节发言论文没恶竞的4.5
114207,1342,杨大春,2019-07-09 04:28:19,6,8,2,点了一次名（没到）\n\n王蒙蒙助教 好\n\n作为通核事情少  平时只有两次展示（非强制）和三篇小作文（400字，不让鹅颈）\n\n最后还是开卷考\n\n谢谢王蒙蒙助教的咸蛋黄雪糕和炸鸡
127016,1342,杨大春,2020-11-03 00:18:55,1,2,1,老师还是有水平的，但是讨论课的负担会很重，慎选！对哲学了解不多就想选的，慎选！不然很容易厌倦！如果你喜欢哲学想要进一步了解的话，赶快来选！
127784,1342,杨大春,2020-11-27 02:59:10,2,5,3,给分低
129636,1342,杨大春,2021-01-09 12:41:51,2,2,0,上的通核西哲，非常硬核（小白表示真的难懂），但是老师本人很厉害，写的对应的教材比较通俗
130171,1342,杨大春,2021-01-18 11:20:47,2,2,0,水平高超，上课很有味道，讨论课各抒己见，一点也不卷，启迪思想
130557,1342,杨大春,2021-01-23 15:25:14,9,13,4,老师讲课很有味道，拿话筒讲课和流行歌手一样，有大师的气质。讨论课真的真的非常的棒。
148592,1342,杨大春,2022-01-13 02:39:51,1,1,0,强烈推荐有一定哲学基础的朋友来修这门课，性价比奇高，老师讲的不错，事情少给分也好。
149382,1342,杨大春,2022-01-15 08:05:04,1,1,0,通核西哲，平时只需要准备讨论课的pre和一些哲学材料的阅读，事情甚至比一些普通通识课都少的多，哲学小白认真听，多看看书也会很有收获。老师虽然有口音，但不影响听讲。上讨论课的助教人也超级好。最后绩点也比较合理。冲!
151438,1342,杨大春,2022-03-03 07:30:36,1,2,1,如果有对欧陆哲学有一定基础的同学来学这门通核简直是血赚！没有论文，每7-8周才轮到一次小组展示，讨论课需要出席并适当发言，这就是平时分的构成了。老师上课讲的也有深度，是他真材实料的思考。期末考试开卷，都是老师书上的核心内容，给分也公道。反正我觉得这3分的通核事情比很多1.5分的课少多了。
155028,1342,杨大春,2022-06-07 15:14:13,5,6,1,一句话，事情非常少，给分很公道
165737,1342,杨大春,2023-01-09 12:52:11,8,9,1,老师上课很随性，对哲学感情很深，讲的有些东西真的挺值得一听的。\n\n任务很少，一学期两次pre。注意讨论课发言几次就好，随便探讨哲学问题。给分还是很棒的
165739,1342,杨大春,2023-01-09 13:00:00,13,13,0,大课不点名，课堂氛围轻松，适合真正喜欢哲学的同学。讨论课舌战群儒，有雅典学院的辩论氛围，大家都很有想法，我很喜欢阅读，这门课也给了我很多阅读的机遇，感谢美丽的txy助教姐姐，给我们放了很棒的电影，也经常鼓励我们积极发言。\n\n我很感谢我的课友们，在这一门课里面我们讨论人生的意义、讨论悲剧和命运、讨论活着、宇宙、存在、怀疑。或许以后找不到这样一群志同道合的人，但我会永远记得这门课带给我人生的启迪。
165746,1342,杨大春,2023-01-09 13:21:59,2,2,0,能感受到老师对哲学很热爱，对学生也很体谅。哲学还是需要一定思维的学科，也需要一定的积累。如果想学的话可以学到很多东西。很喜欢讨论课的时候感受来自不同专业的同学间思维的碰撞。
165756,1342,杨大春,2023-01-09 13:52:34,0,0,0,老师真的很好很负责，后面上网课的时候还一直在关心我们的身体健康。不过哲学真的很难懂TAT
165759,1342,杨大春,2023-01-09 14:22:12,4,4,0,（结课了我也来写个评价~看到下面的课友留言真的让人好感动呜呜）\n\n本人是完全的西哲小白，甚至在很多人说这门课任务不多的时候，我依然觉得想要跟上课程进度，参与讨论，对我这个反应有点慢的人来说还是有点吃力。但是选这一门课真的不会后悔，无论是大春老师每次课堂满满的“干货”，能让一个小白最后面对哲学的问题也能来上那么几句，还是讨论课热烈而轻松的氛围，会让人直呼“物超所值”的程度，一个学期下来真的会给人的心境带来很多改变。\n\n最后一节讨论课我和大家说这么一段时间下来我最大的感受就是——学哲学其实是一件快乐的事。在一天形而下的学习工作之后有这样一个夜晚，我们心无旁骛地谈论上帝是否存在，人应该怎样活着，世界是否荒谬等等在旁人看来“毫无价值”的问题，让我感觉自己在有些枯燥的生活里感受到自己真实地“活着”。我觉得这个感受比任何成绩奖项都珍贵。\n\n讨论课之外大春老师的课也给我带来很多感触，记得这后半期突发疫情隔离在寝室，当时我非常不适应网课的生活，又因为工作学业上有很大压力，整个人的精神状态都不是很好，心态上也很焦虑。直到周二的时候杨老师上网课，我依然记得那时讲到胡塞尔的现象学，他说“就像胡塞尔说过的，我们是共存的”（可能是这样吧我记不太清了T T），他很认真地嘱咐我们放松心态、注意身体，坐在电脑前面的我忽然就很感动，一边擦眼泪一边记笔记哈哈哈哈~\n\n总之是非常值得一选的课程！绝对不会后悔的选择！！！
167288,1342,杨大春,2023-01-15 11:48:10,3,3,0,杨老师学术水平很高，如果没有哲学基础的同学可能会听不懂\n\n但是不影响在讨论课上发言，很好的一门课\n\n大赞滕助教
190484,1342,杨大春,2024-03-05 13:48:56,4,6,2,最后一节课的时候突然想  或许再上不到这一夜似的好课了
190601,1342,杨大春,2024-03-11 07:37:11,1,6,5,给分不行。没有哲学基础的别选。讨论课要读很难的哲学文本，还要发言，不然分很低。。。
213677,1342,杨大春,2025-01-19 05:41:24,-1,0,1,呵呵呵
219968,1342,杨大春,2025-06-12 17:02:11,0,0,0,事多给分稀烂
9876,1344,赵晓红,2015-11-11 12:38:27,9,11,2,老师很注重让学生发表看法观点，我学到很多
10154,1344,赵晓红,2015-11-17 03:27:04,0,2,2,很好的老师学到很多
10209,1344,赵晓红,2015-11-17 11:32:51,14,20,6,上课水水的，给分也好，只写2篇文章，点4次名，做个展示还能加分
10251,1344,赵晓红,2015-11-17 17:10:58,12,14,2,好老师好老师好老师，重说三！！！老师上课会给人很舒服的感觉，而且也十分尊重学生，上课好，给分高！
10299,1344,赵晓红,2015-11-18 03:27:20,17,25,8,平时坐前排，不要翘课，期中作业和期末论文好好写，即使平时没有发言，给分也是很好的，要是有能力有时间就去发言，会有更好是的成绩
11402,1344,赵晓红,2015-11-30 06:57:30,2,3,1,很好，学到很多，老师也很尊重学生，给分很好，事情不多。
33442,1344,赵晓红,2016-11-15 03:50:57,-2,5,7,很棒哦
34285,1344,赵晓红,2016-11-10 13:08:31,-1,1,2,优美世界
35319,1344,赵晓红,2016-11-08 07:54:47,7,10,3,很舒服的感觉，而且自己的日语问题有老师可以问了2333，老师的博士毕业论文是日语写的呢
35439,1344,赵晓红,2016-11-10 07:16:26,40,46,6,老师有次发烧生病了，脸上汗出的我都心疼，还坚持讲课，感动！
35911,1344,赵晓红,2016-11-10 08:51:08,3,4,1,能从老师的课堂上学到很多东西，老师很尽职！
35966,1344,赵晓红,2016-11-10 09:18:32,-2,1,3,水水的，觉得很多东西都讲过\n\n
36255,1344,赵晓红,2016-11-11 09:38:05,29,39,10,我上了近代中日关系史这门课，虽然语速有点慢，但是讲解非常深入，尤其是对人物的分析非常深刻。作业的自由度也非常大，选这门课的同学应该都能找到感兴趣的点。虽然有点小瑕疵但我还是给10分！
36452,1344,赵晓红,2016-11-13 16:44:17,12,14,2,上课水水的，想稳拿高分就坐前排，多回答问题，做做展示也不错。想水课最在后面也没关系。只有一篇论文要写，没有作业。老师上课内容颇丰，很有深度，是一堂值得思考的好课。点名是传着签到。
36500,1344,赵晓红,2016-11-14 09:49:37,2,4,2,老师讲课很认真，不拘泥于传统教科书观点，讲解了很多课内课外的历史知识
36506,1344,赵晓红,2016-11-14 10:21:12,-3,0,3,。。。
36525,1344,赵晓红,2016-11-15 11:47:48,0,1,1,关键是得对这个感兴趣，老师好得很
36534,1344,赵晓红,2016-11-14 15:59:52,1,2,1,好老师 好老师 好老师 重说三
36556,1344,赵晓红,2018-05-07 09:55:14,-5,5,10,课很水，不听也没事，作业就一篇论文，抄的也没事只要字数多，自己写的话还是算了，字数不够分比较低，要求1000-3000字的论文最好有四五千字
36567,1344,赵晓红,2016-11-15 02:06:21,0,2,2,水课，但想听的人可以学到很多。老师好可爱！就交了一篇论文，所以要好好写！点了三次命，课堂展示2次。
36581,1344,赵晓红,2016-11-15 03:31:38,1,3,2,声音软软的超级舒服，带病坚持上课，只用一篇论文，给分好，超爱她( •̀∀•́ )
36589,1344,赵晓红,2016-11-15 04:00:44,2,5,3,点名用签到形式 一共就三次 几次展示都没有参与 就写了篇论文 绩点意外的不错？ 老师讲的课也很风趣 注重让大家进行讨论 就是学期初要求大家学期结束的时候给她提意见我写到这儿才想起来hhh
36622,1344,赵晓红,2016-11-15 06:06:58,0,2,2,给分超级棒啊，就算平时不听期末论文好好写还是挺不错的，我没怎么听课但是最后绩点4.2我已经挺满意了，作业比较少，只有最后一篇论文，当然你认真听课还是能知道不少东西的.
36670,1344,赵晓红,2016-11-15 09:22:25,7,9,2,老师是很好，然而因为论文没写好，所以绩点哔了狗。。。
36747,1344,赵晓红,2016-11-16 01:27:47,0,1,1,很好的老师，虽然有一次没去上课....刚好签到了.....所以成绩不是很好，但是老师的课还是很赞的，只要每次都去，作业认真完成，成绩肯定不会差\n\n\n\n
36748,1344,赵晓红,2016-12-25 12:15:54,0,1,1,太棒了，这门课可以搞定不少历史相关的课程，而且给分好，老师上课也很认真，回答问题也很耐心及时
36794,1344,赵晓红,2016-11-28 07:50:06,0,1,1,很好，很认真又温柔的老师，很喜欢。
36825,1344,赵晓红,2016-11-16 06:55:11,2,3,1,很不错 发烧了也坚持上课 很敬业
36896,1344,赵晓红,2016-11-16 11:17:51,1,3,2,老师讲得很好。给分也很好，良心好老师。
37005,1344,赵晓红,2016-11-17 05:17:49,0,4,4,人挺好的，不过给分有点看不懂，没有一次翘课，论文也是准时交的，但是偏偏还是被正态了，甚至比不上课的人还低……我也是醉了\n\n
37434,1344,赵晓红,2016-11-18 23:42:15,3,4,1,啊呀，杂家可是一历史盲，还能得4.2，老师真心不错，感冒了很难站住依然为我们讲解，虽然后期一直带电脑上课，没怎么听讲(大家如果选了的话，适当了解一点内容，不要像我这样)但是对于老师，我还是想给给大大的赞，一个很温柔的老师。
37763,1344,赵晓红,2016-11-21 01:40:34,0,1,1,课讲得很好，给分也可以
37873,1344,赵晓红,2016-11-21 12:50:55,0,1,1,老师很负责任，给分很好。
38097,1344,赵晓红,2016-11-24 06:18:46,1,2,1,老师太好了！平时上课讲得挺多的，而且会根据学生要求来改变自己讲解的内容。要是有事可以在下面做自己的事。考核只有论文。感觉选一个比较犀利的角度或者老师没怎么提到的角度写，就会高分。感谢老师给的4.8。
39182,1344,赵晓红,2016-12-21 13:31:39,1,2,1,好老师！很负责任，生病坚持上课。讲了许多内容，感兴趣的同学不必说，不感兴趣的也可以有所收获，get到一些点。论文认真对待，分不会低。
39971,1344,赵晓红,2016-12-28 11:14:08,4,5,1,感动满分。老师食物中毒满头虚汗坚持讲课，目睹这个场景揪心不忍之外下定决心好好读中日史。感谢赵老师超级用心回答我用短信问的每一个问题，并且秋学期期末给了我一个超级鼓舞我的分数，毕竟这是来浙的第一个成绩。好老师传递的东西远远大于课堂。每次上课都让我有回去恶补读书看纪录片的冲动。同学发言也很棒。
40758,1344,赵晓红,2017-01-05 08:47:52,0,1,1,老师人真的超级好 带病上课 但因为是写的第一篇论文……写太差。所以绩点惨不忍睹 但还是很喜欢老师的！
41268,1344,赵晓红,2017-01-10 10:25:39,0,1,1,好老师，话不多说\n\n
42306,1344,赵晓红,2017-01-14 03:54:15,3,4,1,想水能水想听能听的课。整个学期就交了一篇论文，拿了4.5
43866,1344,赵晓红,2017-01-17 05:17:37,0,1,1,老师人很温柔，给分也好～
43956,1344,赵晓红,2017-01-17 07:03:41,4,6,2,晓红姐姐是真的女神，课讲得精彩，分给的好～
44120,1344,赵晓红,2017-01-17 09:45:55,4,7,3,近代中日关系史，讲课细致，讲的历史也加入了很多以前教科书上没写进去的东西。会不定期点名。平时可以做ppt上台讲东西加分。期末就交一篇论文
44939,1344,赵晓红,2017-01-18 14:39:30,2,3,1,老师人很好，讲的也很好，给分也很好。
62164,1344,赵晓红,2017-11-23 02:43:02,4,6,2,炒鸡棒!!!做做展示写篇论文就满级啦哈哈哈!
62169,1344,赵晓红,2017-11-23 03:14:16,0,1,1,老师炒鸡好！很重视学生的看法
62176,1344,赵晓红,2017-11-23 04:01:24,-4,1,5,非常好，上课发过两次言，每次都坐在第一排，论文写了5k字就4.8了……如果展示的话可能会满吧
62199,1344,赵晓红,2017-11-23 06:08:00,1,2,1,听历史课感受还是很好的，只不过最后的分享感觉更像是民国轶闻了，没听到更多明治时期的日本方面的分享有些遗憾…
62214,1344,赵晓红,2017-11-23 07:50:07,-5,4,9,展示了两次，论文写了5000字，满绩~超级温柔的老师，还翘了一次课呐
62228,1344,赵晓红,2017-11-23 09:49:25,0,2,2,老师特别温柔，给分也不错，最后4.2，毕竟没经验论文写的不好……所以想水课可以，但论文要好好写哦，最好努力提前构思一下。
62243,1344,赵晓红,2017-11-23 11:23:36,0,2,2,老师特别好，真的很为学生着想，可水可听，能学到很多
64917,1344,赵晓红,2017-12-28 02:56:21,0,0,0,就像给老师一个满分\n\n
69350,1344,赵晓红,2018-01-24 13:55:25,-2,1,3,好！虽然卡绩点了
69370,1344,赵晓红,2018-01-24 14:30:41,2,3,1,老师真的是女神!说话好温柔的，很有耐心，讲的也很好。作业就一篇期末论文，要求3000-5000字，还有两次展示，可以自己报名，有相应加分。强力推荐!
69403,1344,赵晓红,2018-01-24 15:10:05,2,3,1,老师超好！给分好！课也水
69518,1344,赵晓红,2018-01-25 02:11:24,-8,0,8,满了满了
76949,1344,赵晓红,2018-04-26 10:31:56,1,1,0,很舒服
78183,1344,赵晓红,2018-05-10 01:29:37,0,0,0,老师真好！给分也好！
78195,1344,赵晓红,2018-05-10 02:36:22,0,0,0,真的是好老师，出分了特别低，找老师问原因，十分耐心地解答，心服口服。
78263,1344,赵晓红,2018-05-10 08:56:32,5,6,1,老师人挺好的，就是感觉对大家有点“放纵”了，看到太多同学代签到
78289,1344,赵晓红,2018-05-10 12:33:03,2,2,0,老师很好，值得推荐
80615,1344,赵晓红,2018-06-28 09:59:01,-7,3,10,老师上课不错 展示真心恶竞 而且同学展示很无聊!期末论文字数奇多
80694,1344,赵晓红,2018-06-29 10:13:58,5,5,0,就不能来人给修修教室的话筒？
81579,1344,赵晓红,2018-07-05 12:43:12,-8,1,9,妈耶这给分太好了吧!就写了一篇论文3000多字，没去展示，上课水过去，就有4.5了
81591,1344,赵晓红,2018-07-05 13:13:18,1,1,0,能水能听，通识好课
83328,1344,赵晓红,2018-07-10 06:21:49,5,6,1,好好交了作业 签到也都去了 4.5超级开心
118944,1344,赵晓红,2019-11-08 06:49:27,1,1,0,老师人很好的
119328,1344,赵晓红,2019-11-12 05:49:07,-6,3,9,完全控不住场，讲课吸引力不太强。
119543,1344,赵晓红,2019-11-13 11:24:53,1,1,0,受益良多，真的是很棒的老师！
119670,1344,赵晓红,2019-11-14 23:28:59,2,2,0,老师很温柔善良，我的姓是偏僻字，在我上台展示的时候我看见老师在她的讲稿上还给我的姓标了拼音，感到非常感动，因为之前的老师不会这么细心。这节课是可水可听的课，很多同学都不怎么听。对于理工科且不喜欢日本的同学可能会有些无聊，但是好好写论文应该是没关系的。
119718,1344,赵晓红,2019-11-15 03:24:15,0,0,0,老师超负责，平时上课挺有趣的，可以听到一些历史书上没有的东西，课程压力也小，只有一篇论文，没有考试！给分超级棒！！
119741,1344,赵晓红,2019-11-15 05:52:38,-6,1,7,没有发言没有展示每次上课都去论文有好好写最后4.2，其实有一点点小失望，不过好好听课的话是真的可以收获很多的
119967,1344,赵晓红,2019-11-17 02:27:56,0,0,0,给分好，没有期末考试，只有一篇论文，但是论文要好好写。上课会有自主展示环节，有加分，提问也有，不联系不活跃的人选。老师很温柔，上课也有内容，可水可听。
120090,1344,赵晓红,2019-11-17 11:30:46,0,0,0,老师上课内容很新颖，能够给你常识之外的视角，值得一听，不过你想水课也很容易。给分就看个人了
120125,1344,赵晓红,2019-11-17 15:16:01,1,2,1,人好，认真听有收获。
120443,1344,赵晓红,2019-12-08 00:18:27,1,1,0,老师真的很好，可以学到很多东西，有时候水一水也是没有问题的，通识好课，上课作展示能够加分，推荐！！
121016,1344,赵晓红,2020-01-19 08:43:50,7,7,0,老师温柔大方 讲课也是很棒啦 就是本人比较菜 羞于发言和展示 一学期下来就只写了一篇论文 没有作业没有考试  论文也是有字数限制 完全不用担心恶竞！出乎意料竟然有4.2 这是我第一次在通识课拿到上4的成绩 呜呜呜 很感动了！
121135,1344,赵晓红,2020-01-20 00:00:04,0,1,1,外专业选了近代日本政治外交史，从未发过言只写了一篇论文，上课会点名，4.5，好老师不解释！
122051,1344,赵晓红,2020-02-07 15:07:37,0,1,1,超好！
123480,1344,赵晓红,2020-06-09 06:05:35,12,12,0,老师的近代中日关系史很有意思！然后准备一次ppt展示，回答几次老师的问题，有几次签到，完了还有一个论文就没啦，没考试绩点4.8，真的很好！
129221,1344,赵晓红,2021-01-01 07:41:38,1,1,0,人很好
144873,1344,赵晓红,2021-12-25 10:43:40,0,0,0,～～～
153094,1344,赵晓红,2022-04-25 17:09:39,0,0,0,满绩了 爱老师
154366,1344,赵晓红,2022-05-31 06:06:24,2,2,0,老师讲课速度慢，但是课程评价体系真的很好。不强制但鼓励同学发言，pre可以自由组对，可以自由选择是否要pre。很喜欢
155023,1344,赵晓红,2022-06-07 14:11:39,1,2,1,老师超好的，认真听肯定有收获，不管最后是什么成绩我都要祝老师越来越好！
155174,1344,赵晓红,2022-06-20 12:42:27,8,10,2,虽然还没到出分的时候，但是无论最后成绩如何都要提前给老师10分。\n\n老师人特别温柔有耐心，让我印象很深的是因为是补选到这节课的系统没有拉群，我自己搜索群的时候误入了去年的群，看到出成绩以后老师向大家道歉，提到因为正太没办法给每个人满意的成绩；就我个人有时候会向老师提问，她每次都会回答得特别仔细，还推荐了一些新闻给我看。再加上我有报名展示，就特意去了解了一些东西，也和老师交流过，老师讲的对我很有启发。\n\n近代中日关系史让我收获很大，且不局限于老师讲的知识，她教给我的更是一种思考方式，有关历史，但又不仅限于历史。\n\n好希望老师什么时候开专业课我可以再去上啊～\n\n\n\n出分后修改：感觉自己有认真投入，老师给分也很好，没想到满了 老师是神仙吧！！！
156230,1344,赵晓红,2022-06-18 11:02:39,102,122,20,匿名表白一下春学期赵老师课上的郑yw同学，虽然她有npy了
156629,1344,赵晓红,2022-06-20 12:23:34,3,3,0,给分很好，不论是为了学习知识还是功利地为了成绩，都非常值得选！
156640,1344,赵晓红,2022-06-20 13:08:04,2,3,1,老师上课很温柔，能够很中肯的评价历史人物，而且时不时幽默一下，很有人格魅力。上课发言老师也很认真听，还经常补充同学的问答，简直超棒！！！在课上能学到很多东西的！！！强烈推荐
161770,1344,赵晓红,2022-11-13 01:33:01,0,1,1,好好好
165477,1344,赵晓红,2023-01-07 01:13:45,2,2,0,亚萨西
167695,1344,赵晓红,2023-01-18 10:39:04,6,6,0,师强我菜\n\n十分
172505,1344,赵晓红,2023-04-28 05:56:16,2,2,0,赵老师我的女神 \n\n人好事少讲课易懂有趣 我爱赵老师
172511,1344,赵晓红,2023-04-28 06:42:45,2,2,0,特别好的老师！性格温柔，为人随和，学识渊博，三观很正。
172617,1344,赵晓红,2023-05-02 08:06:21,3,3,0,老师人很好，不展示平时几乎没事最后也只有一篇论文，但由于事不多点名得去不然平时分没法给了
175274,1344,赵晓红,2023-06-23 06:03:10,-4,1,5,结课，展示做了，一半左右的展示课都提问了，最后绩点4.5，可能比预期低一点，可能是最后论文写的太仓促了。建议是展示和提问可以不用很卷，量力而行，但是期末论文写好点，论文好像占70%
175818,1344,赵晓红,2023-06-27 00:27:13,-1,4,5,刚刚出分回来报恩\n\n任何人不懂赵晓红老师的好我都会难过的\n\n新中国史凭借一篇论文拿了4.8，感激QWQ
175829,1344,赵晓红,2023-06-27 01:40:29,7,8,1,新中国史，几位历史学的老师一起上的，事少分高而且上的也非常好，学到知识了课程体验也很好
175841,1344,赵晓红,2023-06-27 02:33:12,-2,1,3,新中国史给分3.9，我的论文也是之前的思修课论文修改之后得到的，还行吧
175881,1344,赵晓红,2023-06-27 05:13:47,-2,2,4,上的新中国史，事情确实少，几乎没有，还会挑一节课放电影给大家看，成绩组成就是签到，看纪录片和一篇论文（规定字数），最后满啦，谢谢老师～
175882,1344,赵晓红,2023-06-27 05:14:51,1,4,3,新中国史事少分高，上课内容有趣
175939,1344,赵晓红,2023-06-27 08:03:39,2,3,1,新中国史 给分很好
176163,1344,赵晓红,2023-06-28 03:35:52,-2,6,8,新中国史，给分无敌，一个学期啥事儿妹有，最后交了个两千字论文，自我感觉超级水，出分4.8\n\n啥也不说了，女神！！
182578,1344,赵晓红,2023-11-17 15:55:57,0,2,2,四史里面最水的一门课了吧，平时签到加期末一篇论文，平时就是看看视频。给分很好，可冲。
182584,1344,赵晓红,2023-11-17 18:20:51,0,2,2,吹爆新中国史，期中看视频，看够百分之七十就满了，期末一篇1500字论文不鹅颈，最后给分4.5，老师人也超级温柔真好呜呜呜
182613,1344,赵晓红,2023-11-18 08:59:41,9,11,2,3.9 论文好好写了 视频刷完了 签到一次没落 给分没有想象中好 可能是因为大家都说给分好所以期待值比较高吧 但是事情确实很少
182965,1344,赵晓红,2023-11-21 08:44:17,-2,5,7,新中国史上课偶尔点名，论文1500以内，其他事情就只有几个线上看的视频，随便水了一学期最后总评4.5，老师们你们是我的神。10分好评献给你们。祝你们工作顺利一生平安。
191759,1344,赵晓红,2024-04-30 00:39:40,3,3,0,我说《近代中日关系》事少分好课程质量高，没人有意见吧。\n\n1.来水学分的，选。因为除了偶尔点名外就一篇课程论文，还限制你字数不多于5000字（对，不多于）。\n\n2.来学东西的，选。赵老师的水平几乎不用质疑，反正我是历史爱好者来选的，干货很多，内容有趣。\n\n总之几乎是完美的课
191773,1344,赵晓红,2024-04-30 04:46:29,2,2,0,第一门满绩的课~\n\n老师有可能在课上纸质签字点名，大概点了4次\n\n挺一下前排，赵老师水平很高，对学生也很负责，对于对历史感兴趣的理工生非常友好\n\n基本没有什么事，课上做些别的事情也是可以的\n\n期末论文占70%：\n\n必做的只有一篇期末论文，主题范围很广，认真写的话还是可以的\n\n另外30%的平时分：\n\n如果是想拿高分的话，一定要积极pre，pre的时候最好不要纯念ppt，体现一些自己的思考和分析；pre的主题只要与这段时间的中日关系相关就行，范围也很广\n\n还有对pre同学的提问是加分的，可能对内向的同学不是很友好，但是由于时间原因等等不会每次都有机会让同学提问\n\n\n\n最后的最后，再次表白赵老师，这学期赵老师家里出了些事，但一直非常耐心地对待我们，认真地去讲每一节课！
191944,1344,赵晓红,2024-05-06 03:02:36,0,0,0,老师太棒了，上课非常有意思，课堂氛围非常轻松，给分非常非常好，感觉不来给个十分都对不起老师
192000,1344,赵晓红,2024-05-07 07:23:29,0,2,2,近代中日关系史。签到都在，没做pre，没回答问题，论文好好写了，喜提4.5。事情少，想听的有内容，想水的可以不听，总之挺好。
193591,1344,赵晓红,2024-06-13 10:55:00,2,2,0,老师人很好，上课虽然水水的但也很有收获，结课了，想念……
194308,1344,赵晓红,2024-06-23 07:48:35,2,3,1,新中国史事少分高，据说论文给分可能有点随机？但我按照老师的要求，选择一个比较冷门的小切入点，认真完成了论文，分挺不错的。
194429,1344,赵晓红,2024-06-24 02:03:35,-1,1,2,新中国史，上课签到和一篇1500字小论文，给分都挺高\n\n（还有一节课直接放电影啦）
194875,1344,赵晓红,2024-06-25 22:38:04,2,2,0,想水的还是别选了，没pre没提问，最后3.6了，可能是我论文不好也可能，给分真心不怎么
194894,1344,赵晓红,2024-06-26 01:08:32,4,5,1,上的是《近代中日关系史》，4.8，感谢赵老师\n\n老师讲课节奏很好，内容充实，对相关历史段感兴趣的同学一定要来选！能学到很多知识（虽然大家基本都是在管自己自习的，只有寥寥几人在听，实在辛苦老师了）\n\n如果是想拿高分的话最好争取做课堂展示，主题基本不限，只要在老师划分的时间段内就可以。展示人数有限，要抢。如果实在不想做展示的话，也可以在别的同学展示后提问他们，也有加分的
196509,1344,赵晓红,2024-07-04 01:23:23,17,18,1,新中国史，赵晓红挂名，实际为7名老师各上1节+放电影1节\n\n不客气的说，整体听课效果非常不好；老师以研究民国史为主，却被拉来上新中国史，上课就没讲啥新中国的内容。\n\n各节课之间割裂非常严重，完全没有第一节课所描绘的各讲一个方面的效果，多数老师讲课令人昏昏欲睡，不是掉书袋就是念PPT，比隔壁赵晖班差远了；\n\n只有叶君剑和赵晓红两人上的还不错\n\n总的来说，学知识请往他处，水学分可入此门。\n\n课程分数构成为考勤20%+学在浙大视频观看20%+论文60%，事情比赵晖老师班少，2-8节课固定考勤时间第二节课下课，给分全凭论文，尚可
197327,1344,赵晓红,2024-07-11 02:27:15,-6,2,8,新中国史感觉很好 期末一篇论文分还不错
198825,1344,赵晓红,2024-09-12 03:22:22,-5,4,9,新中国史，一出分我直接给老师跪了
199916,1344,赵晓红,2024-10-08 09:22:51,2,2,0,老师讲课虽然很慢，但认真听还是很有收获的，而且课堂氛围很轻松，人很好，发消息会回
201321,1344,赵晓红,2024-10-31 15:23:18,4,5,1,rnm签退，有几个在听的
201605,1344,赵晓红,2024-11-05 00:13:16,7,8,1,近代中日关系史，五千字以下论文一篇，无考试，自己报名pre和提问有加分。点名是传签到表，只在专门pre的课上才签。总之，不管是喜欢这部分历史的还是想水通识的都可以来报
202359,1344,赵晓红,2024-11-12 04:11:57,5,8,3,新中国史事情比较少，但是卡绩。论文和读后感也认真写了，只能说是比预期低吧。这个卡绩我真是无话可说！！！
202470,1344,赵晓红,2024-11-13 00:56:40,-5,0,5,非常好关系史～满分给老师
202471,1344,赵晓红,2024-11-13 01:07:15,6,6,0,4.2收官\n\n可能是被期望提的比较高，不是特别满意，但一想这节课确实也没有付出得特别多，心情也就平复了
202614,1344,赵晓红,2024-11-13 11:10:04,-3,0,3,上课讲的很好！给分特别高！
203800,1344,赵晓红,2024-11-21 06:16:22,0,2,2,讲课信手拈来，事也不算多，分还给的高，笔芯：D
203938,1344,赵晓红,2024-11-22 06:20:37,11,15,4,慎入 给分一般 这评论都是那种你懂的
206674,1344,赵晓红,2024-12-17 04:56:08,4,5,1,卡绩！！！
214799,1344,赵晓红,2025-02-18 03:19:36,2,2,0,新中国史
218379,1344,赵晓红,2025-04-23 04:41:34,1,1,0,伟大\n\n中日史事少分高，一次pre一篇论文，只有每次pre的时候会有纸质签到
219287,1344,赵晓红,2025-05-24 07:45:26,3,3,0,中日史喜提3.0
219313,1344,赵晓红,2025-05-25 02:18:18,1,1,0,近代中日关系史事少分高，一次论文+一次ppt展示即可，同时可以通过举手发言加分，整体课程氛围非常好，老师人也真的特别和蔼，最后也是喜提大一的第一个满绩(建议未来的课友一定要积极发言啊，我想自己分高的一个重要原因应该就是这个)
220270,1344,赵晓红,2025-06-17 04:21:41,4,4,0,3.9，签到也没落下，论文也认真写了，不知道为什么😭感觉给分很随机
220406,1344,赵晓红,2025-06-17 19:05:57,0,0,0,新中国史给分很迷，每节课都去了，签到也没落下，论文认真写了，期中视频也刷满了，最后3.9，比预期低很多，感觉像随机给分。想水的可以选，想要高绩点慎选
948,1348,陈建新,2015-03-19 14:21:34,4,6,2,实话说上课非常无聊，完全是照着网上的资料在读，而且找的资料个人感觉也不佳，每次课要点名，不过反正去了的话也是可以安心自习的
949,1348,陈建新,2015-03-19 14:22:18,1,3,2,无论文，要考试，考得挺细，不过好好复习就完全没问题，篇目的话课本上选，稍微有点多，内容以古文为主
25480,1348,陈建新,2016-05-22 11:46:09,3,4,1,无聊透顶，没水平还很高傲呢
124992,1348,陈建新,2020-08-03 08:22:50,22,24,2,等老师给个关于作文的回复
125006,1348,陈建新,2020-08-08 04:03:30,5,5,0,等老师给个关于作文的回复
125007,1348,陈建新,2020-08-08 07:38:35,5,6,1,请详细解释一下高考作文的阅卷情况
125014,1348,陈建新,2020-08-11 00:54:40,2,2,0,等个回复
125720,1348,陈建新,2020-09-13 13:50:13,12,12,0,生活在浙大-始终热爱大地-升上天空
126812,1348,陈建新,2020-10-21 07:17:06,1,1,0,作文怎么回事
126813,1348,陈建新,2020-10-21 07:19:13,1,2,1,气死了我的语文作文给低分不解释
144701,1348,陈建新,2021-12-23 08:14:51,1,1,0,我高考做过你出的题，，，
154947,1348,陈建新,2022-06-07 03:52:45,1,1,0,没了他今年的作文就干净不少了，我的评价是好开.
179079,1348,陈建新,2023-08-27 12:31:18,1,1,0,生活在树上！
5673,1389,邱建新,2015-07-09 06:17:24,23,54,31,极差，给分低
10134,1389,邱建新,2015-11-16 16:37:14,4,12,8,相当差  给分低得突破天际
10147,1389,邱建新,2015-11-17 01:11:12,4,10,6,给分坑！第三低分就是他给的！！！
10344,1389,邱建新,2015-11-18 07:01:18,22,33,11,紫金第一杀非他莫属，从没见过给分这么低的老师
10468,1389,邱建新,2015-11-19 03:35:13,37,69,32,看着挺无害的，给分简直惨不忍睹，我非常想给他零分
10665,1389,邱建新,2015-11-22 02:32:05,5,11,6,还好…给分低
10919,1389,邱建新,2018-11-19 11:43:49,18,26,8,上课说给分80以上，但是结果是超级低！！！
11280,1389,邱建新,2015-11-26 07:34:23,0,1,1,，。。
11610,1389,邱建新,2015-12-08 00:30:22,-3,10,13,好！！！
11935,1389,邱建新,2015-12-21 11:10:32,0,6,6,坑逼老师
12426,1389,邱建新,2015-12-23 08:53:33,2,6,4,差评！！\n\n
12869,1389,邱建新,2015-12-24 07:08:46,30,59,29,要是有0我就不选1了
13494,1389,邱建新,2015-12-28 12:28:37,0,1,1,。。。。
16615,1389,邱建新,2016-01-18 14:28:44,21,35,14,给一分我嫌多  作业多的要死  给分又这么坑
16660,1389,邱建新,2016-01-18 16:17:48,2,18,16,三个作业之一是要读红楼梦选一个人物摘录与其有关的所有正侧面描写。3个作业加论文共4w+，总分不到80，平均75（笑）
16687,1389,邱建新,2016-01-18 18:39:31,2,11,9,大学语文本是较偏的通识课，老师给分是不够高，只是想说老师讲的不错。。认真对待了总会好的。
16776,1389,邱建新,2016-01-19 02:53:43,-3,3,6,无语，分低，不过上课还是有点意思的
18176,1389,邱建新,2016-01-21 08:38:34,5,10,5,绩杀，给分超级低
19515,1389,邱建新,2016-01-24 12:49:26,-1,2,3,无语了。。。
22095,1389,邱建新,2017-01-12 02:02:08,-2,9,11,真是日了狗了！讲课无聊！给分差！学弟学妹们慎选！
22139,1389,邱建新,2016-03-02 13:09:38,0,4,4,老师讲的蛮好的
23043,1389,邱建新,2016-03-16 11:29:39,29,60,31,正在上第三次课，越来越觉得老师底子深厚。盼老师很有意思或者只看绩点的话就不要来了，这是一个踏踏实实学东西、提高文学素养的课堂。
24372,1389,邱建新,2016-04-30 03:11:56,12,26,14,听课还是蛮有意思的，老师很有文学功底和素养，坐在第一排多和他互动，认真听课别水手机做作业，作业认真完成，分就不低了。想刷绩点的还是绕道吧。
24532,1389,邱建新,2016-05-01 07:15:49,1,9,8,老师很渊博，给分还可以，只要认真完成作业应该不会差，刷绩点还是算了，不过，可以学到不少东西。文学修养还是要的。
24566,1389,邱建新,2016-05-02 01:31:34,2,12,10,同坐第一排，集中注意力听收获不小。老师底子厚，能讲很多东西，课本也值得一读。作业确实有些多，但最后得分还不错。不是水课
24671,1389,邱建新,2016-05-03 04:04:22,72,108,36,老师课讲的没的说，你要是想要绩点还是绕道吧。匿名反对排名第一的答案。以给分论老师，难免偏颇吧。
24692,1389,邱建新,2016-05-03 06:15:15,26,34,8,很认真地听课手写论文，给了六十几，不知道老师是如何考虑的，真的很伤心
26782,1389,邱建新,2016-06-21 06:06:04,10,15,5,老师讲课还是很好的，如果只是想要高绩点的话还是不要选了
27475,1389,邱建新,2016-06-26 11:44:55,-1,3,4,上课很有趣啊如果认真听的话会觉得时间不够听 论文好好写 给分也还好
27500,1389,邱建新,2016-06-29 13:03:28,-1,3,4,讲课渣，作业多，给分差，大绩杀，服气了，无语了…
27653,1389,邱建新,2016-06-27 06:59:25,-3,4,7,没遇到过更差的老师
28008,1389,邱建新,2016-06-28 07:58:54,0,4,4,感觉一门语文课很不容易。但本身很喜欢语文。要高绩点不容易。作业认真做，论文好好写，分数不会很难看的。
30550,1389,邱建新,2016-07-02 02:33:28,2,11,9,在大学想继续发展语文素养的人可以选，老师中间不休息，就像百家讲坛。精致的利己主义者可以绕道了，多与老师互动很重要，我就有4.5
36723,1389,邱建新,2016-11-15 14:00:47,-1,4,5,给分太低了，都别选
36799,1389,邱建新,2016-11-16 05:36:16,28,48,20,老师人挺好，知识渊博，上课有内容。但是作业略多，而DDL全是期末，要是平时不做的话，期末就...另外，老师很喜欢《红楼梦》，作业或者课程论文必有一样是评红楼梦。平时上课是可以水的，但作业和论文不可水。
36864,1389,邱建新,2017-04-26 14:59:45,5,19,14,老师课不错呢，会和你客观讲文革。至于给分，一七年春学期是一个古文翻译，一个2000字的红楼梦配角分析，一篇3000的课程论文，我古文手抄论文字数将近翻倍然后每个大概引了五六篇文献，最后4.5。也许这学期给分好了?
36942,1389,邱建新,2016-11-16 15:25:08,4,7,3,作业多
36971,1389,邱建新,2016-11-17 01:18:43,1,9,8,富有知识，然而缺少情怀，这是很多中国特色社会主义学者的通病。
38003,1389,邱建新,2016-11-23 03:56:27,1,7,6,感觉老师讲的挺有意思的呀，作业也没有很多，不过是四个作业，一个论文，都挺好写的，给分也很好，4.2
38365,1389,邱建新,2016-12-01 02:49:58,0,6,6,作业认真做还是老师给分还是可以的 我知道有的人写《红楼梦》评论都是在网上抄的 这样得高分也不太好吧……老师给了我4.8……感谢老师。但是上课挺无聊的
38625,1389,邱建新,2016-12-12 16:38:22,-2,4,6,给分太低先不论，只是大学语文一共8节课约有5节在讲中学学过的内容真的好吗？也没见讲出什么新意或有多深刻。经典确是经典，但总得让我们有点新的收获吧
38689,1389,邱建新,2016-12-14 13:56:36,4,7,3,老师上课不错 但是作业真心多！！ddl多的同学就不要选了！心累
41445,1389,邱建新,2017-01-11 15:10:38,4,7,3,绩杀。
41462,1389,邱建新,2017-01-11 23:42:22,5,9,4,大学语文。每个人的语文素养不一样听课也会有不一样的感受吧，所以对老师的评价有好有坏。不过上课的时候发现如果真心用心听了课，并且在课前对老师要讲的文章有一定了解的话，还是会有许多感悟的吧。本身就是通识选修，有兴趣就来选呗。老师人挺好的我觉得。混绩点不简单。
41473,1389,邱建新,2017-01-12 01:45:36,0,4,4,我想爆粗口
41484,1389,邱建新,2017-01-12 03:01:44,9,15,6,老师是真的人很好，很有功底，语文学习不写点东西能叫语文吗？我是从小比较厌烦语文的人，但是这课我觉得值，是真的可以学到东西的。平时作业和最后论文好好写，给分也没那么坑。想水过去的人那还是算了。
41497,1389,邱建新,2017-01-12 04:44:17,1,2,1,上课有些意思 作业多 给分低……
41797,1389,邱建新,2017-01-12 15:51:09,0,3,3,呵呵呵
42128,1389,邱建新,2017-01-13 15:42:08,1,7,6,讲的很好啊，给分可能看个人吧，可能有的人觉得绩点没有4就是绩杀了，但是85分的我很满意。至于觉得超低的，那肯定是文章写的不太好。。字数什么的，其实没有什么特别重大的意义吧。
49840,1389,邱建新,2017-04-26 12:28:24,2,3,1,啊老师真的知识很渊博，有种读书人的气场
49938,1389,邱建新,2017-04-27 09:59:04,6,9,3,邱老师很有气质的，上课就拿个水杯可以不停地讲三节课不休息，而且绝不是念书和ppt，也不是逐字逐句的翻译，听课很舒服。
50233,1389,邱建新,2017-05-02 00:41:19,2,7,5,一开始看到给分低的评价我是比较犹豫的，但是身边的同学说他讲得好我还是坚定地选了。老师确实学识渊博，各种文化背景讲的头头是道，最后给分也挺好的。我的红楼梦作业因为时间仓促没有写好，但论文完全是自己认认真真写的，尽管字数只有3000+，有没有用心老师是看得出来的。所以奉劝某些喜欢用字数来恶竞的同学，堆砌再多的参考资料也抵不过自己用心地写几个小时，遇到认真的老师你就输了。
54246,1389,邱建新,2017-06-29 01:33:12,2,4,2,上课真的蛮有意思的好好听真的会知道很多东西，知识渊博是真的，想刷绩点就不要选了。作业认真一点不要水水过，真的也不是字数的问题，用心一点，给分还好。
54263,1389,邱建新,2017-06-29 02:14:16,2,2,0,老师讲的挺好的，给分实在不怎么的
54271,1389,邱建新,2017-06-29 02:29:35,2,2,0,不造给分依据是啥，真的有很认真在做作业了。论文也花了很多心思。可能要求比较严格这样子。
54312,1389,邱建新,2017-06-29 05:20:59,0,0,0,不知道给分的标准是什么
54344,1389,邱建新,2017-06-29 06:30:54,1,1,0,讲课慢悠悠的hh给分比较严格
54511,1389,邱建新,2017-06-29 12:55:41,4,4,0,作业死多，绩点死低
54513,1389,邱建新,2017-06-29 12:58:36,12,18,6,明明每次作业交了还是分数超级低。作业特别多给分还不好。想想自己被正太很气啊，明明有很多不交作业的人我还被正太exm？？？不知道评分标准的呵呵呵
54518,1389,邱建新,2017-06-29 13:06:42,0,3,3,最差老师没有之一\n\n讲的不好作业死多绩点历史最低\n\n这种老师有0绝对不会是1
54563,1389,邱建新,2017-06-29 15:31:46,2,2,0,老師講課很好，不是照念PPT的老師，能學到東西\n\n老師人真的超好，我交論文交遲交錯了，打了給老師(在N天後才找到聯繫方式)，老師幫我解決了，最後分還不錯，超感動的!
55555,1389,邱建新,2017-07-02 01:38:33,2,2,0,绩点要死
59038,1389,邱建新,2017-09-19 07:24:44,1,3,2,老师其实知识储备很渊博，很喜欢红楼梦。讲课很有意思的，说给分的看看自己论文是不是用心就知道了。
59852,1389,邱建新,2017-09-27 13:49:19,14,16,2,作业多，真多，巨多。\n\n
60100,1389,邱建新,2017-10-10 07:00:47,2,5,3,上课真的很无聊 作业巨多
61488,1389,邱建新,2017-11-17 14:54:57,-3,0,3,老师讲课很认真，确实让我们能学到不少东西。对待工作认真负责，很赞！
61957,1389,邱建新,2017-11-23 02:02:01,-7,5,12,莫名其妙被正太\n\n你幸运就是4.5不幸就3.5\n\n那些4.5的别说话了
61958,1389,邱建新,2017-11-22 02:42:54,2,5,3,绩杀，大绩杀，没谁了
61966,1389,邱建新,2017-11-22 12:13:36,6,11,5,老师很有学问\n\n
61970,1389,邱建新,2017-11-22 03:51:20,-4,1,5,老师讲得很好，作业认真完成的话给分会很好
61984,1389,邱建新,2017-11-22 04:49:33,4,6,2,计杀，差评
61987,1389,邱建新,2017-11-22 05:00:49,24,39,15,感谢这位老师，让我在大学里还能有一种跟高中语文课一样的踏实的感觉。老师课讲得很好，内容比高中更深入，知识面也更宽广，可以听到很多，感受到很多。而且我觉得这是一个认真的老师，告诉了我大学该怎样学习，让我感受到了语文的美。并且我觉得现在的同学都太功利了，一味追求绩点，其实心态放好一些，细心感受生活，认真做好一件事，结果是不会差的。真的喜欢语文的同学，我强烈推荐这门课。
62005,1389,邱建新,2017-11-22 06:22:29,-1,3,4,it was that moment that he knew，he fucked the dog.\n\n
62006,1389,邱建新,2017-11-22 06:27:03,2,3,1,我觉得说给分低的，老师有自己的看法，他看的不一定是字数，而且他很注重你对待这件事的态度，你读的多写得好分就是高\n\n虽然我不是很高……因为我确实论文写的有些仓促\n\n但是老师真的很不错，想学东西的可以去听课
62019,1389,邱建新,2017-11-22 07:45:19,2,3,1,呼呼呼\n\n
62030,1389,邱建新,2017-11-22 08:08:30,1,3,2,绩杀。
62055,1389,邱建新,2017-11-22 09:39:05,-13,3,16,邱老师很博学，对《红楼梦》理解很深，上他的课我基本在写语文作业。作业确实蛮多，但只要认真做就会不错的，之前看了评论也觉得挺吓人的，不过，好不好自己得体验下，最后一句，绩点4.5。
62108,1389,邱建新,2017-11-22 11:55:24,-25,3,28,还行，给分4.5，我就水水地过了。。
62352,1389,邱建新,2017-11-24 10:50:37,13,16,3,\n\n老师上课很有激情，能够连续不下课地讲三节课，讲课内容也很丰富，很有深度。就是给分低。布置了四次作业，作业一般多吧。
62381,1389,邱建新,2017-11-24 13:52:58,-6,4,10,老师讲的很多很有意思  给分真的全靠自己 4.2
63288,1389,邱建新,2017-11-30 05:31:10,1,3,2,老师上课很无聊，第一节课就睡着了。作业特别多，给分还很差。真的不知道他的评分标准是什么
64034,1389,邱建新,2017-12-20 15:07:49,1,3,2,口音很重听不懂他讲话
64344,1389,邱建新,2017-12-22 15:22:34,5,9,4,想要绩点的赶紧绕道吧，想要作业少的也绕道吧，想要好好听课又不在乎绩点和作业的……在下佩服！
64986,1389,邱建新,2017-12-28 06:36:06,3,8,5,下面有一个说的对，不要做一个精致的利己主义者，如果都想水还想得高分的话还是不要选了，排除这些，认真学认真听还是能学到一些东西的，老师很有文人气质，很有文化底蕴。(PS:上的大学语文)
65410,1389,邱建新,2018-01-03 17:02:29,1,3,2,修过他的大学语文，觉得老师文学素养很高，尤其文言功底强，非常有气质也很有个性的老师，语文课很值得一听，可以收获很多，给分不高也不能怪老师啦，有几个人真心觉得自己的语文可以拿4+绩点的呢。作业论文都会认真看，会比较注重内容吧，不好水，这么好的课也不忍心水过去啊。
65533,1389,邱建新,2018-01-05 08:41:22,9,12,3,喜欢语文的话就选，管什么成绩。
65607,1389,邱建新,2018-01-07 06:19:48,1,1,0,都说了论文没有封面不影响什么的，但最后还是被绩杀了...
65723,1389,邱建新,2018-01-08 13:13:05,4,4,0,给分好低，拉低均绩
65740,1389,邱建新,2018-01-08 15:58:11,5,6,1,老师知识渊博，喜欢古文字，对语文水平要求比较高。
65933,1389,邱建新,2018-01-10 10:41:23,0,3,3,为什么我觉得这个老师还挺不错的。我上了他的大学语文，他讲得真好，我一个学理科的听他讲课都觉得挺有意思的。嗯，老师很喜欢讲红楼梦。作业嘛，反正我上的课只布置了两次，还有一次是交一篇自己认为写得好的作品给他。总之，我觉得老师挺好的，值得选。
66472,1389,邱建新,2018-01-17 02:10:29,-7,3,10,感兴趣就听课，不感兴趣做作业也可以，作业不多，认真完成，就是4.8，简直超级感动好吗，原来选课的时候还挺害怕的
66474,1389,邱建新,2018-01-17 02:25:02,2,3,1,为什么会有这样的老师
66477,1389,邱建新,2018-01-17 02:37:29,0,0,0,就酱......
66480,1389,邱建新,2018-01-17 02:50:16,-4,1,5,老师上课很有意思，作业按要求做给分不会差的。
66497,1389,邱建新,2018-01-17 04:17:05,2,4,2,课上的比较一般QAQ而且给分非常迷了......绩杀
66511,1389,邱建新,2018-01-17 05:33:40,7,7,0,课多的人就别选啦，有空好好学讲的很好的。作业也是得用心做的。
66523,1389,邱建新,2018-01-17 06:58:39,0,5,5,老师人还是不错的 评论里很多说给分不好事情多 当时还犹豫了一下要不要退 不过觉得这学期作业也不是很多 一次古文翻译一次是随意一篇文章 再加一篇课程论文 ddl都很宽松  我觉得作业量完全ok 给分也还算满意 想给老师正一下名
66601,1389,邱建新,2018-01-17 12:27:33,6,9,3,说真的，上他的课并不能对提高我的写作水平或者增强分析能力有一点儿帮助，像我这种没参加过作文比赛拿不出好作品的人实在是难受，下面说给分不错的都是厉害的大佬，不过老师挺有文化，上课陶冶情操还是不错的。
66777,1389,邱建新,2018-01-19 03:51:03,2,2,0,emmmm老师上课很有味道，他让我迷上了闻一多和古典戏剧，作业多是真的，如果不认真做给分惨也是真的，但老师很负责!
66841,1389,邱建新,2018-01-19 07:28:47,3,8,5,已经推荐给舍友选这门课了。因为喜欢语文，所以当时也没有管是否绩杀就去选了，感觉老师很和蔼可亲，表达功底好，讲文章讲得清晰儒雅，而且不光是课本上的，还会讲课外的诗歌和名作。最后的期末作业是《文学作品中的……》，给了我84【3.9】，没上4，有点失落。但是非汉语言文学专业的同学如果想提高自己的修养，这门课还是很值得的!
67035,1389,邱建新,2018-01-20 06:05:46,-7,0,7,很好，本来以为是绩杀。。。。。。但是真的不是，只要你认认真真自己想，给分还可以。
68263,1389,邱建新,2018-01-23 01:55:14,4,4,0,老师讲课很好，然而作业超多，给分很低，性价比低的课。
77430,1389,邱建新,2018-05-05 13:27:08,-1,3,4,给分真的太低了\n\n认认真真写了一篇论文 3.6 exm?\n\n真的是绩杀
77587,1389,邱建新,2018-05-06 17:18:54,3,4,1,老师对文学的理解很深，课比较深入浅出吧，我这种语文不算太好的人能学到很多。\n\n给分方面，用心学这门课，对自己交的东西不愧不悔，分自然不会低。\n\n本来听诸位讲给分不好，就做好了拉绩点的打算。这样反而用心去对待起来，拿了在校第一个满绩。
79840,1389,邱建新,2018-06-14 08:29:06,0,0,0,老师挺好的，上课也可水，会留一次圈词翻译作业，读书报告和红楼人物评点。认真听课收获还是蛮多的，尤其是老师很喜欢红楼梦，有时讲课讲着就会讲到。\n\n至于高绩点，我只能说，这位老师的要求比较高，如果你想课程全部水过是可以的，只要你思想独特见解深刻，读书报告和红楼评点写得成功，高绩点不成问题。
81890,1389,邱建新,2018-07-06 12:17:57,8,8,0,老师水平确实不错，作业布置的有些多，给分一般吧，我感觉自己做得很努力了，最后3.9
81894,1389,邱建新,2018-07-06 12:34:15,5,5,0,水平可以，给分太过分了，不旷课，作业认真做论文认真写2.7？
81930,1389,邱建新,2018-07-06 13:31:11,2,2,0,短学期的课作业那么多分还低\n\n恶心！！！
81941,1389,邱建新,2018-07-06 14:42:40,6,7,1,邱老师是个很踏实的学者，知识很渊博。老师的第一节课给了我很大的震撼，他对于古汉语的深入为我开启了一个新的世界。上大学后，因为挤牙膏一样地挤论文，很难受，也很久没有文思泉涌的感觉了，终于在写大学语文的作业与论文时又遇见了。作业上，一篇左传注释，一篇红楼人物赏析(要求2000，我写了3000样子)，一篇课程论文(要求3000，我写了4500样子)，没有与老师有任何交流，也不是每节课都在认真听讲，但老师还是给了很不错的分数。虽然卡绩有点难受，但还是很谢谢老师，让我对于自己的语文有了信心。
82165,1389,邱建新,2018-07-07 09:55:36,6,6,0,大学语文，喜欢语文的可以选一波，听课挺放松的有点享受，作业虽然略多但因为自己有兴趣所以认真写写论文感觉也不错，最喜欢讲《红楼梦》和《洛神赋》、《湘夫人》那两节课。绩点没上4有点小不爽，但整体来说给好评吧。老师本人毕竟是老先生一位，有时候觉得啰嗦，但如果是你感兴趣的话题，那听课还是很有趣的。
83899,1389,邱建新,2018-07-11 13:04:57,4,4,0,说不上，不想黑老师，但是真的....
87539,1389,邱建新,2018-10-03 16:01:37,0,0,0,这门通识课不应该叫大学语文，也应该叫古代汉语之类的，有一些局限性，没有体现语言丰富的想象力，如果没兴趣会感到无聊。
87554,1389,邱建新,2018-10-04 16:56:05,0,0,0,还行吧
89414,1389,邱建新,2018-11-19 03:43:31,1,1,0,老师学识渊博，如果你短学期课不太多可以选这个，听老师讲课开阔眼界，挺好的。作业确实要认真做才行。
89733,1389,邱建新,2018-11-20 12:34:06,0,0,0,请记住，论文必须写到红楼，不然等死吧，讲课枯燥，不适合随便听听的那种
90181,1389,邱建新,2018-11-22 10:49:25,2,2,0,老师上课比较无聊。但论文并不是一定要写红楼，主要是要认真做。
96808,1389,邱建新,2019-01-21 10:07:01,0,1,1,老师非常有水平 也很有文人气质 对学生给出的成果要求比较严格 事情有一点点多 但认真完成也能很有获得感 推荐喜欢语文的同学们选 真的能学到很多 很喜欢老师！
96920,1389,邱建新,2019-01-21 12:30:46,1,2,1,会挂 憋选
97182,1389,邱建新,2019-01-21 23:54:07,-2,0,2,是老师的《大学语文》。老师是知识渊博的，平时上课不要水，毕竟选课的目的就是学语文，论文和作业是很多但是也要认真对待，最后结果不会差。
97371,1389,邱建新,2019-01-22 14:43:10,2,2,0,会挂科
98347,1389,邱建新,2019-01-23 10:52:29,-3,0,3,老师挺好的
106826,1389,邱建新,2019-04-30 03:01:36,6,6,0,老师讲的真的好，但看重给分的真的慎选
107602,1389,邱建新,2019-05-07 12:27:14,0,3,3,老师很博学，虽然上课没有多少人听他上课，但是他不以为然，感觉仍然乐在其中，真的好难得。\n\n平时作业可能有点多，但只要你用心去做，你会发现有很多益处的，就比如对期末考试有用，这是真的，亲身经历啊。\n\n给分还行，可能今年整体偏高，所以我上四了。\n\n最后，给这门专业课的同学建议，上课好好听课，你们系真的很乱，这是真的，我一点都不再想你们一起上课了。
109826,1389,邱建新,2019-06-19 13:40:49,1,2,1,邱老师好渊博
110744,1389,邱建新,2019-06-28 07:11:40,-1,2,3,呵呵呵
110808,1389,邱建新,2019-06-28 08:55:32,0,4,4,其实挺好的，没有评论那么可怕，论文按要求认真写，给绩还是不错的
110889,1389,邱建新,2019-06-28 13:03:20,2,5,3,讲的挺好\n\n建议别选\n\n
112481,1389,邱建新,2019-07-04 11:11:27,-2,0,2,上课上的很好，只有一次作业和一篇论文，给分还行
119409,1389,邱建新,2019-11-12 21:25:37,-5,4,9,1.说绩杀的是自己有问题，老师每篇文章都给重点，分析得很透彻，考的就是他说的，给分十分客观\n\n2.不可以划水，老师会特别提出不准做别的事情\n\n3.上他的课很容易犯困，觉得内容生僻且枯燥\n\n4.尽量认真听，坚持下来会发现自己懂了很多，能跟那些整天发呆的拉开距离\n\n5.只有一次作业，但有一定难度\n\n6.推荐自学能力强，对中国传统文化有兴趣的人选
134321,1389,邱建新,2021-03-23 15:36:08,5,6,1,一普通通识两周留一次的作业是真的太多太多
134563,1389,邱建新,2021-04-01 14:01:23,5,9,4,老师很烦 没事布置作业 作业量大 上课无聊乏味 垃圾老师
135196,1389,邱建新,2021-05-06 00:02:54,2,3,1,评分真的低，不值得选，没有什么情怀
135226,1389,邱建新,2021-05-06 08:11:05,3,4,1,被绩杀了 认真写的，3.0
135238,1389,邱建新,2021-05-06 14:06:47,7,9,2,说一说最新的情况吧\n\n1.没有考试。\n\n2.大概两周一次作业，算上最后的论文一共三次作业，量很大，很花时间。做完了有学到新知识的成就感，但这个量真的不太合理。\n\n3.老师课讲得真的很好，认真听肯定有收获（虽然我只认真听了一小半的样子，连上三节不下课真的难顶）那些攻击老师的差不多得了。\n\n4.给分可能确实低。我个人在作业上花了很多时间，绩点3.6还是挺失望的。\n\n5.个人观感，仅供参考。
135730,1389,邱建新,2021-05-21 12:31:38,1,2,1,作业量真的大，给分真的很玄，上课的话个人感觉并没有高中语文老师讲得好（可能会比高中讲的深奥一些）。我认认真真写了作业和论文，最后卡绩4.2，有些失望。如果不是对古代汉语造诣高的选手建议还是选之前慎重考虑。
136238,1389,邱建新,2021-06-13 09:59:27,22,26,4,1.你见过几个老师通识课挂人？\n\n2.你见过几个文学老师鼓励内卷？\n\n3.你见过哪个通识课下限就在6000+的字数\n\n4.我已经不想评价了，给分还差\n\n5.快逃吧
136623,1389,邱建新,2021-06-22 04:13:31,0,2,2,无话可说，逃就是了
138247,1389,邱建新,2021-07-08 06:58:20,4,5,1,垃圾老师！绩杀大师，吐了…
138682,1389,邱建新,2021-07-10 10:25:25,6,6,0,中文系学子写了一共七八千字的作业和论文，结果3.0，好难过，唉…
139246,1389,邱建新,2021-07-13 18:04:07,9,9,0,是一节专业课（大学写作，不知道是不是学校课程安排问题，和我们专业完全不对口，写了一学期公文。每周两节课基本每周都有作业，一周多达十几页的作业题目还不包括你要写公文的答题区域。另外老师非常喜欢在下雨之类恶劣天气，到课率较少的时候点名。以及绩杀就绩杀了能给我出个分吗？是第一门考试，在考试周前一周就考完了\n\n  前面有点主观，是站在这门课对于我的角度，带情绪了。老师本身上课是负责的，在他的专业领域内讲的挺有条理。但实在不太懂为什么这是我们专业课
139425,1389,邱建新,2021-07-15 11:11:23,8,9,1,贼爱点名，在视觉传达/文博/环艺的专业课上教人写公文，上课态度不好，没有考试硬安排考试还死活不出分，气死我了
139454,1389,邱建新,2021-07-16 00:49:18,10,11,1,或许把这门课新增为专业课的初衷是好的\n但连上半个多学期的公文写作很难让人觉得有什么实质性作用\n只能说安排还不够合理吧 给分也低\n主观情绪比较重 但我真的很不喜欢这个老师
139460,1389,邱建新,2021-07-16 04:06:41,7,8,1,这学期的专业课 大学写作\n\n爱点名不教干货事儿多给分贼低\n\n总之就是五毒俱全\n\n不在这喷他是我最后的温柔🚬\n\n嫌自己绩点太高了想体验一下我校最拉课程的可以选
139477,1389,邱建新,2021-07-16 09:42:20,6,6,0,打分nmn
139510,1389,邱建新,2021-07-16 22:40:16,6,6,0,给分不好
141800,1389,邱建新,2021-10-26 12:52:26,2,2,0,呜呜呜别选！
142296,1389,邱建新,2021-11-10 02:29:15,3,3,0,都说红楼梦水平高，我第一次见人用续书情节来论证曹雪芹观点的
142809,1389,邱建新,2021-11-16 10:26:30,13,16,3,2.1绩点
142811,1389,邱建新,2021-11-16 10:36:57,-6,4,10,课非常水，作业卷好4.5
142823,1389,邱建新,2021-11-16 14:36:19,6,8,2,哈哈哈哈哈哈哈写了四天的论文 3.3 绝啦 作业死多 上课水的一匹 真心奉劝各位喜欢语文的孩子不要选  平时自己学学就可以 没必要报一门语文课来增加自己对语文课的下头程度 当初凭兴趣选课的我现在悔的两眼泪汪汪 应该先看评论再选课。
142833,1389,邱建新,2021-11-16 16:47:13,0,1,1,这个老师的教学水平还是很不错的，他会给你讲解古文和古诗的知识点，作业布置的次数不多，但你想要好好完成耗时非常多，少则五六个小时，多则十几个小时，我每次作业都非常认真完成，最后3.9，委实是比预期低了一档，但已经非常尽力了，为了绩点别选这门课，想听知识可以来，欢迎文科生，理科生量力而行。
142846,1389,邱建新,2021-11-17 01:29:26,0,8,8,绩点4.8，差一分满绩，课讲得比较水，但作业认真做还是不错的
142963,1389,邱建新,2021-11-18 01:10:43,14,20,6,绩点1.8哦，通识课绩点1.8哦，欢迎同学们来选哦
143231,1389,邱建新,2021-11-22 02:04:34,5,5,0,会绩杀
143961,1389,邱建新,2021-12-14 10:43:37,3,3,0,老师讲的很好，就是作业有点让人难过
144157,1389,邱建新,2021-12-20 01:01:32,5,5,0,tmd，作业多的要命
144725,1389,邱建新,2021-12-26 03:11:24,-2,2,4,邱老师学术功底深厚
144791,1389,邱建新,2021-12-24 00:43:04,10,12,2,上课内容与成绩无关，讲的都是古文知识。他讲的很投入，但是来的人少，听的人更少。三次作业，第一次翻译注释古文，繁琐且枯燥，后面都是小论文，3000字起步。他上课说：有同学建议写红楼梦。。。我觉得就是他个人喜欢。最终绩点2.1。
148461,1389,邱建新,2022-01-12 14:19:38,0,1,1,老师讲的其实挺好的，作业认真写给分其实还行，但是量真的很多很多很多……慎选。
148467,1389,邱建新,2022-01-12 14:47:10,1,2,1,真的很认真完成了…是文学水平不配吗，大绩杀…如果对文学没有兴趣，真的快跑，真的不差这一门，如果对文学感兴趣又在意绩点，慎重考虑。
148502,1389,邱建新,2022-01-12 17:00:11,4,4,0,给分奇差无比
148532,1389,邱建新,2022-01-12 23:55:25,1,1,0,希望大家看见这条信息马上逃
148629,1389,邱建新,2022-01-13 05:02:46,2,2,0,绩杀，呜呜呜
149093,1389,邱建新,2022-01-14 11:14:04,5,5,0,作业很多，给分一般，上课无聊，不过知识很渊博
150027,1389,邱建新,2022-01-18 11:31:42,5,5,0,他怎么还有五分啊😅
151079,1389,邱建新,2022-02-23 00:48:37,-4,1,5,老师知识非常渊博，人也很踏实，讲的东西都很有趣而且没那么枯燥，上课也解释了给分为什么会偏低，论文占百分之七十，作业占百分之三十，某项不写就会直接拉。觉得是很认真负责的老师，不要以绩点论教师。
153036,1389,邱建新,2022-04-24 05:42:41,8,8,0,作业超级超级超级多，分数超级超级超级低，从不旷课作业认真完成上课认真听绩点还特别低，快跑！！！！
153111,1389,邱建新,2022-04-25 15:10:17,-6,0,6,上过古代汉语和大学写作。老师讲课不错的
153154,1389,邱建新,2022-04-26 08:26:44,1,2,1,老师讲课挺好的，作业也确实多，给分不是很好，追求绩点的话可以看看别的课。
153263,1389,邱建新,2022-04-27 08:06:01,-14,4,18,怎么说，感觉挺好的，为什么评论说不好，原本就是想水通识，可能文学素养较好，听的蛮不错，给分也行，4.5
154061,1389,邱建新,2022-05-21 13:49:03,11,12,1,慎选。上课不知所云，还不给休息，根本没人听，平时作业还巨多，稍微不认真就拉得很低。个人惨痛教训。什么文艺审美课，根本别想指望有什么文学素养的提升。上了这节课后我对那种什么美育课、传统文化课真的失望透顶，根本屁用没有，还是得靠自己慢慢学。往大了说整个大环境都不行，美育是不可能的，有的人作业不断地水、抄，还得高分，真的是讽刺。全是肺腑之言，真的，失望透顶。
154952,1389,邱建新,2022-06-07 04:16:35,4,4,0,作业很多！
155251,1389,邱建新,2022-06-10 00:49:19,3,3,0,课真的没用，老师真的无语，通识课挂人真是开了我眼界啦，老师上课还说就是不想给我们高分希望我们体验大学的苦？？额那建议您直接去搞文学创作吧，不劳烦您来大学里面面对学生受苦受累啦
156476,1389,邱建新,2022-06-20 02:52:08,9,9,0,大学写作事情巨多，老师给分很迷，冤种专业还是必修课，吐了
157561,1389,邱建新,2022-06-23 17:09:00,2,3,1,选上他的课我只有一句话:傻孩子，快跑啊！
157607,1389,邱建新,2022-06-24 02:53:25,6,6,0,别来上大学写作这种叼课
157632,1389,邱建新,2022-06-24 06:40:00,7,7,0,不知道是不是自己太菜了但感觉大学写作的作业是真的多啊救命而且这课讲了很久的公文写作个人不是很喜欢这课就觉得挺无聊的
159017,1389,邱建新,2022-07-04 12:57:38,0,2,2,这老师确实不行。\n\n给分太主观。
161267,1389,邱建新,2022-11-02 15:36:03,3,6,3,不错\n\n第一次课讲汉字，就觉得这个老师有很深的研究。第二三次课还是讲汉字，有点坐累了，但认真听还是很有意思的。老师上课会娓娓道来，带你走进语文。\n\n有一次上课上了三节课，做的PPT只放了一页，全靠讲的啊！\n\n会很认真地备课，坐前排看到他写了很多页纸准备\n\n喜欢《红楼梦》是真的，三次作业中有一次就是关于《红楼梦》的\n\n讲课不觉得累，一讲就是三节课，中间不下课，建议在上课之前打满水。\n\n很能讲，最后的结果是准备的东西讲不完了，他也不慌，讲不完就讲不完了吧，完全没有中学老师那样要赶课的慌张，听起来很不错。\n\n总体上不错，大家给他打的分数偏低了，可能都是因为比较功利吧。
161404,1389,邱建新,2022-11-06 08:00:43,0,2,2,来来来
161703,1389,邱建新,2022-11-11 00:47:30,0,1,1,感觉老师很好的，很耐心，挺喜欢他的课，就是可能内容有一点点枯燥。认真学还是能学到很多的！
162131,1389,邱建新,2022-11-17 03:25:20,2,2,0,跑跑跑，润润润！别来！快退掉！！课无聊！作业多！给分低！\n\n作业真的巨多！！！我其他十几门课的作业加起来都没这一门多！大好青春美好时光都被这B课的作业毁掉了！
162394,1389,邱建新,2022-11-21 12:03:22,7,7,0,帮我树立绩点(3.0）不是那么重要的正确价值观  我谢谢他
163762,1389,邱建新,2022-12-16 05:24:46,-2,2,4,本人4.2，古文翻译一万八千余字，红楼梦赏析三千余字，论文四千余字。实话说自身很喜欢语文，所以做作业也不是很痛苦（不过客观来说确实负担不小）。我认为还是要写出自己的见解，老师明确说抄袭是不及格的。我看到老师的评分不好，而且有不少同学对老师的给分极尽讽刺挖苦，（我猜一点多的同学应该是ctrlv了吧…）虽然也能理解大家因为绩点抓狂，但是摊开来说，你真的付出应该有的努力了吗？老师学识相当渊博，很多诗词歌赋随手拈来，我认为不应该对老师进行这样的贬低。\n\n友情提示：想水课可以，水绩点的可以不选，（大家如果有时间，不选课旁听收获也很大的！）
164378,1389,邱建新,2022-12-20 13:10:02,-2,0,2,冬学期的课，分还没出。只能从上课的角度简单评价了。\n\n邱建新老师是真的会讲课的老师，可以看出他对文学的研究非常深入。可能因为我是中文系的学生，本来不打算听课的，结果上课的时候写大英作业写到一半被他上的课吸引了……\n\n上课内容主要是讲《郑伯克段于鄢》一篇课文，一个字一个字给你讲，侧重古文字源流（甲骨文金文什么的讲到简化字）2-3个礼拜后一个大作业(给指定的一篇古文注释，一个字一个字注的那种）然后讲《红楼梦》，2节课作业，布置一篇关于红楼梦的作文（我就写了1k吧，希望不被绩杀……）最后讲了一些诗词和比较著名的古代文学作品(对不起网课没认真听），期末论文一篇（2500+）\n\n不过他配得上“教书育人，兢兢业业”。人文类同学听听他的课还挺有收获的。（保佑绩点……）
166080,1389,邱建新,2023-01-11 04:56:36,1,3,2,事多分少快跑
166270,1389,邱建新,2023-01-11 15:11:52,-1,2,3,选之前纠结了很久，害怕绩点低什么的，现在成绩出来了4.5，很满意。之前有很多评价，但是就我这学期上课的感受来看，老师在布置作业方面确实好了很多，除了第一次的古文翻译确实要花点时间以外，后面只有两次小作业，一次红楼梦章节分析没有字数要求，一次课程论文2000字以上。就老师上课而言，确确实实上的很好，很多见解也让我收益匪浅。真的是一位很好的老师，大家付出了努力，我认为老师也会给相等的回应的。
166365,1389,邱建新,2023-01-12 05:44:09,-8,1,9,满啦，很好的老师！
171236,1389,邱建新,2023-03-20 00:58:52,-8,6,14,有点无语，这个老师三观不正，给大学生传递不良三观，感觉他特别恨（），不配做语文老师。
173934,1389,邱建新,2023-06-05 02:48:03,2,3,1,再没这么令我窒息的专业课了……
174135,1389,邱建新,2023-06-06 13:07:10,0,1,1,千万别选！给分贼低！
174255,1389,邱建新,2023-06-08 08:35:32,0,3,3,给分低，作业巨他妈多，事多，好多课上作业
175272,1389,邱建新,2023-06-23 05:56:44,1,2,1,额.无语住了.要不是没有01我就不打1
176460,1389,邱建新,2023-06-29 03:30:11,1,2,1,喜提最低绩点，我以为三次大作业都完成了就能上80的hhhhhh
176961,1389,邱建新,2023-07-01 01:39:21,0,5,5,给分一般，事多，人很理性，说这个老师恨（）不配做语文老师的可以去上形策谢谢
177207,1389,邱建新,2023-07-02 07:37:15,4,6,2,上的他的大学写作，真服了次次作业都好好写 我知道我语文不好，但是不至于给我1.8吧？？不是 你很牛吗 气炸了🤡
177871,1389,邱建新,2023-07-05 07:01:00,5,7,2,给了1分 呵呵呵呵就是很烂 但是绩点很高可能是因为我每个作业都符合他所谓的要求以及每次点名都点到了（如果有想卷绩点的你就听好他的那些废话要求就行 哦我上的大学写作
180403,1389,邱建新,2023-09-21 12:16:34,3,4,1,这作业是真做得完的吗
182723,1389,邱建新,2023-11-20 02:07:26,1,5,4,4.2，除了作业多点真的还行，老师知识储备很多，好好学考试分数高点也不会绩杀
183115,1389,邱建新,2023-11-22 09:05:58,3,3,0,上课内容还不错，讲课水平也还行，绩杀。
183117,1389,邱建新,2023-11-22 09:06:11,8,8,0,快跑吧
183143,1389,邱建新,2023-11-22 11:20:59,8,8,0,快跑吧
183329,1389,邱建新,2023-11-24 00:58:51,-2,1,3,上课挺负责的。认真听是能收获知识的。
183402,1389,邱建新,2023-11-25 03:43:08,-1,6,7,这是一位耐心负责、认真教学的老师，从第一节课邱建新老师就跟我们说他打分会有些严格，因为这样才能让我们更加用心地对待，从而学有所得，不然你在大学语文这门通识课上得到了一个高分，却没有相应的能力水平，不是让大学课堂的教学蒙羞吗？在选课时，一度被查老师上的评分吓退，但是当我真的体验过一节课，就已经完全改变了想法。邱建新老师会手捧一杯茶，连续不断地站着讲三节课，虽然有些累，但是可以学到很多东西，更何况，我们只是坐着听讲，更累的应该是老师才对。老师备课应该很充分，因为他是看着学生，凭自己的知识储备来讲解的，远胜那些读ppt的老师。于我个人而言，古文、红楼梦、诗歌三部分，我对后两块更感兴趣，但老师分配的课时相对较少，真的听不够啊啊！提问题老师也会耐心讲解。不明白为什么老师的评分这么低，现在同学都以绩点高低论老师而不注重真实的教学质量吗？很多人上课时只是做自己的事情。然后关于给分，只要认真听老师对作业的要求，不抄袭，有自己的观点输出，绩点不会低的。
183927,1389,邱建新,2023-12-04 02:54:09,3,3,0,作业事超多，标点符号用错了都扣分…一个通识课又不是专业课…几千字的论文，服了，谁选谁倒霉
184530,1389,邱建新,2023-12-21 12:28:08,2,2,0,千万别选
184763,1389,邱建新,2023-12-22 14:23:39,4,4,0,楼下的，如果你上的是他开的大学写作专业课，或许就不会这么不理解一些差评了
185240,1389,邱建新,2023-12-27 08:20:10,-5,2,7,大学语文 \n\n老师超级亲切的，讲课也很有感情，认真听能收获很多东西，在老师的课上水总让我有种愧疚感。课程只有两个作业，作业认真完成，分数还是挺好的😄，不用太担心绩杀，相信我，秋学期刚结束老师的课。
185372,1389,邱建新,2023-12-28 12:11:43,0,0,0,我个人不看重分数对分数完全无意见，但老师讲课很拖沓，会先预设学生水平不行，课堂非常无聊也没什么内容。听与不听没区别，在下面看看屁屁踢吧
186742,1389,邱建新,2024-01-13 01:51:30,2,3,1,给分也太低了吧，我也不求多高的分，但你给的这分我觉得也没必要吧。千万别选这门课！
187780,1389,邱建新,2024-01-17 12:00:41,-27,5,32,4.5 绩点低的人不妨想想，自己有没有努力
188281,1389,邱建新,2024-01-18 14:33:24,2,2,0,事多课水评分低，劝君远离莫相近。\n\n全课3项作业。文言翻译，约2w+；红楼梦注解与赏析一章，约3000；课程论文，要求2500+，我写到了5500......结果绩点3.0，直接劝退\n\n如果要选，建议你在课上要特别认真听，而且还要大量自主学习，反复与老师交流作业，或许可以高绩点；如果只想水学分，请速速逃离\n\n老师人可能还是很好的，讲课是投入且认真的。但对于课程而言......在教学吸引性上还需多多改进
188439,1389,邱建新,2024-01-19 04:15:52,3,3,0,讲课好，一开始觉得这个老师可好了，后来因作业过多失去了对他的喜爱，最后绩杀更是惨不忍睹。差评
189780,1389,邱建新,2024-01-29 02:54:55,3,3,0,千万不要选这个课，事多分少，他甚至不看你平时的两个大作业，只看期末论文。给分非常低，班里没人九十分以上。
190494,1389,邱建新,2024-03-06 03:43:47,6,6,0,快点跑
190797,1389,邱建新,2024-03-19 11:35:19,5,5,0,给分很低 快跑吧
195713,1389,邱建新,2024-06-29 17:30:45,0,1,1,uu们学到这门课就别在乎绩点了，消息已读不回，心好累
201912,1389,邱建新,2024-11-07 10:29:41,3,3,0,讲课挺好，就是作业太多了
203033,1389,邱建新,2024-11-16 04:22:44,1,1,0,傻逼不说
203039,1389,邱建新,2024-11-16 05:00:02,1,1,0,给分就是一坨
203049,1389,邱建新,2024-11-16 05:57:26,1,1,0,给分巨雷，平时作业都有认真写期末万字论文也打动不了老师的❤️
203079,1389,邱建新,2024-11-16 10:25:39,7,7,0,自认为文学素养还可以，高考语文将近一百四十进来的，对语文真的很热爱，当时也不管老师评分很低，义无反顾就选了这门课，想着只要我足够喜欢足够勤奋，一定可以的。每节课都坐在第一排很认真地听，也觉得收获了很多；作业认认真真地完成，每一次小作业都要花将近三个小时完成，大作业（作文、论文什么的）一点也不水，凭着我的感悟一字一句精雕细琢，写了很久很久。结果呢？分数出来的那一刻真的非常非常寒心，我觉得再低应该也不至于低到这个水平。我不认为老师给分严是一件坏事，这样其实更有区分度，但是给所有人的分一致低真的有点过分。虽然确实学到了一些东西，但是为了这一点点文学素养的提升而牺牲我的均绩还是感觉很不值，甚至还不如去B站上看几个文学视频来的好。邱老师，考虑过那些坐在前几排积极和您互动的学生们吗？考虑过花在作业上的那一整个下午或者一整个晚上吗？考虑过为了一篇论文能兼顾学术性和真情实感而殚精竭虑的我们吗？如果你对语文真的感兴趣，为了自己的绩点，还是考虑换一个老师吧，你不会喜欢这种出分以后透心凉的感觉的。
203107,1389,邱建新,2024-11-17 01:30:51,2,2,0,给分很低，3.3，平时作业都是5000字+，期末论文说的分析80%以上就有80分，我甚至都把每篇文章弄了大标题，难道看不到吗，事多分少，快跑！
203172,1389,邱建新,2024-11-17 14:53:10,2,3,1,出成绩了，3.9，来复盘一下这门课\n\n在第三轮选课中五进一摇进了大学语文，一查查老师感觉很不安（看到了2w字的作业）🤣🤣但是还是硬着头皮学了\n\n上课不听内容只听作业要求，课下自己查注释，写红楼梦书评，论文是用AI写了框架然后自己填充的内容\n\n感觉凑合吧，毕竟确实没在这门课上花很多时间
203210,1389,邱建新,2024-11-18 04:42:43,1,1,0,课可以水，但是作业略多
203915,1389,邱建新,2024-11-22 03:34:49,1,1,0,给分真的很低
204075,1389,邱建新,2024-11-23 16:16:54,4,4,0,1.5绩点
206031,1389,邱建新,2024-12-13 03:34:43,1,1,0,课上的很好，但是作业很多很麻烦，给分很离谱，辛辛苦苦写了总共万字的作业结果绩点就那么一点
206106,1389,邱建新,2024-12-13 05:30:21,1,1,0,给分稀烂
206777,1389,邱建新,2024-12-17 13:38:06,1,1,0,史史史
206780,1389,邱建新,2024-12-17 13:45:01,1,1,0,懒得喷
207480,1389,邱建新,2024-12-22 09:04:45,2,2,0,给分极差
208621,1389,邱建新,2025-01-05 03:46:55,3,3,0,垃圾中的垃圾，给分极差
211281,1389,邱建新,2025-01-11 06:11:36,2,3,1,本人上的是大学语文，老师的作业确实很多，但只要按要求完成分还是不低的，老师在布置作业时也会讲一些评分标准。三次作业占40%，平均每次要花三四个小时，红楼梦的人物分析可能还需要读书。论文占60%，抄袭或AI味太浓的话会很惨。老师不会点名，个人觉得只要认真完成作业即可，上课讲的内容只是比高中更加自由一点罢了，最后绩点4.5，挺满意的。
211375,1389,邱建新,2025-01-11 09:04:34,0,0,0,老师上课很有水平
211427,1389,邱建新,2025-01-11 11:26:43,1,1,0,给分极差，收获了至今以来最低的绩点3.0哈，基本上每次作业都远超要求字数也有在认真写，不知道怎么会这么低
211531,1389,邱建新,2025-01-12 01:16:13,-1,1,2,我觉得还是不能一味地参考查老师中的评价，我也曾参考查老师前面的评价有退课的念头。但是真正上课后发现，老师的作业确实比较多，但可以看得出老师非常热爱他所从事的事业，讲课认真细致，对学生也很好。关于绩点的事情是，老师不点名，如楼下所言是四次作业，我是文科生，大学四年没上过语文课，基本上每一个作业都用了1-2天的时间去构思写作，每一次作业仅仅是按照老师的要求交的，也没有卷字数和格式，最后分数是4.5。对于一个被迫卷了四年的学生来说，终于不用卷格式卷字数但收获一个满意的成绩实在是太难了，所以这次我非常感激老师。可能老师希望真正看到的是“我手写我心”而不是曲意逢迎或者敷衍的文章吧。但是我的经验也仅限于自己，仅供参考。
211608,1389,邱建新,2025-01-12 04:08:22,1,1,0,老师也许上课真的不错吧 但是我认真完成了作业 论文也没有ai 最后3.9 付出回报不对等 只能说给分也看运气吧☺️
214657,1389,邱建新,2025-02-16 03:18:30,2,2,0,事多分低 讲课挺好的 虽然我不听 但是如果你想成为国学大师不妨一选
215486,1389,邱建新,2025-02-27 00:22:29,0,0,0,喜欢在到课率低的时候点名，不太和蔼可亲，作业多
216169,1389,邱建新,2025-03-11 11:57:25,1,1,0,三分给讲的课，课讲得有一说一挺有意思的，虽然我只听过前两节，七分扣给巨多的作业和过于求是的给分
217504,1389,邱建新,2025-04-11 15:03:49,0,0,0,。。。
219294,1389,邱建新,2025-05-24 08:57:56,1,1,0,这老师大学写作讲的真的烂，循环论述，课上听到最多的就是“这个是什么所以说什么”，废话正着说完反着说，本来十分钟能讲完的东西他要讲两节课。课堂上完全没有收获，全靠自学，听他上课真的很抓狂，简直是一种折磨。没见过表达能力这么差的老师。
220395,1389,邱建新,2025-06-17 15:39:26,0,0,0,说实话选到他教的大学写作真的会很痛苦……有很多很多的随堂作业，并且几乎都完全没有意义，能三句话讲完的事情永远要讲十几分钟，并且可以说是几乎学不到任何东西……感觉在浪费人生的程度……
3993,1394,徐亮,2015-06-17 12:47:35,14,21,7,棒棒哒
8776,1394,徐亮,2015-09-26 11:21:23,23,25,2,棒，超级棒
12909,1394,徐亮,2015-12-24 08:30:11,6,7,1,棒棒棒
13313,1394,徐亮,2015-12-26 13:23:52,4,5,1,歌唱得不错
14646,1394,徐亮,2016-01-08 05:26:15,7,9,2,讲得很好
16501,1394,徐亮,2016-01-18 08:59:16,11,12,1,超级可爱的老师 课讲得很棒！
16568,1394,徐亮,2016-01-18 11:36:05,10,11,1,一定要认真听，讲的很好。
16696,1394,徐亮,2016-01-18 23:04:49,10,14,4,老师好猪脚好!给分出乎意料的好!
17659,1394,徐亮,2016-01-20 14:57:18,9,11,2,上课很有趣
18234,1394,徐亮,2016-01-21 10:15:44,11,12,1,有人格魅力的老师
18948,1394,徐亮,2016-01-23 00:10:29,11,13,2,这门通核很棒，老师讲的很好。上课一边听一边写作业很享受
20213,1394,徐亮,2016-01-26 14:18:54,5,7,2,圣经与文学
25640,1394,徐亮,2016-05-30 11:46:17,-1,5,6,
26037,1394,徐亮,2016-06-15 07:17:10,1,6,5,虽然对课上传达的一些观念并不认同，但课确实是好课，老师也很棒。
26541,1394,徐亮,2016-06-20 04:46:58,12,14,2,这是大学最喜欢的老师之一\n\n
27043,1394,徐亮,2016-06-22 11:49:25,4,6,2,烧饭很好吃
27422,1394,徐亮,2016-06-26 05:38:14,6,8,2,老师讲课很棒啊  每次想写作业都忍不住听老师讲惹  给分也良心~
27459,1394,徐亮,2016-06-26 10:27:33,7,9,2,老师精通文学，通吃娱乐圈和篮球界。课程的内容也超级棒，真的让人觉得学到很多。
27531,1394,徐亮,2016-06-27 02:42:32,6,8,2,真的是超级棒的一个老师\n\n儒雅有学识很有自己的思想见地\n\n助教姐姐也是温柔有气质\n\n
28218,1394,徐亮,2016-06-28 08:17:19,4,6,2,非常好，很有情怀的老师
32665,1394,徐亮,2016-07-09 01:37:21,3,5,2,思想深刻，有趣的通核
45357,1394,徐亮,2017-01-24 08:11:05,2,3,1,有些思想很片面
45576,1394,徐亮,2017-01-19 23:30:11,0,2,2,上课很有趣，喜欢NBA。
46017,1394,徐亮,2017-01-20 11:59:56,1,3,2,徐老师真的很棒
47587,1394,徐亮,2017-02-04 05:31:04,0,1,1,第一次上课很开心地发言了
47652,1394,徐亮,2017-02-13 02:24:01,5,6,1,喜欢那个带黑框眼镜的男助教！他还单身吗
48802,1394,徐亮,2017-03-13 07:39:41,1,2,1,给分贼好 助教特别亲切
54879,1394,徐亮,2017-06-30 11:10:22,-2,3,5,这学期的圣经与文学真的是神坑，不过下学期也没有这门课了
61201,1394,徐亮,2017-11-11 11:27:17,1,2,1,非常好
951,1400,陈群元,2015-03-19 14:24:50,4,9,5,一周三节课，两节老师讲一节同学展示，对日本文化和历史感兴趣的同学强烈推荐，期末写一篇3000字的课程论文，题目自选，期末也要考试，闭卷
3327,1400,陈群元,2015-06-02 03:44:39,1,4,3,上课挺有意思，点名狂魔，展示，论文，闭卷考试。听说挂科率挺高。
3490,1400,陈群元,2015-06-16 14:49:07,9,16,7,老师上课很多干货，也很幽默，观点和洗脑课也很不同，论文和期末考试的要求也不高，就是对抄袭和格式抓的很严...
6338,1400,陈群元,2015-07-13 05:03:36,2,3,1,挺幽默的，人也很好
6392,1400,陈群元,2015-07-13 13:34:47,2,3,1,好老师！好感人！
6717,1400,陈群元,2015-07-20 03:25:43,2,3,1,近代日本与东亚，有兴趣的话是很好的课，给分也不错
7336,1400,陈群元,2015-09-13 16:09:52,2,3,1,老师超级认真，给分感人～
24638,1400,陈群元,2016-05-02 14:38:17,3,4,1,陈老师讲课超级有趣
31681,1400,陈群元,2016-07-04 13:01:15,3,4,1,很认真的一位老师，每次都点名(>﹏<)
49195,1400,陈群元,2017-03-29 05:28:55,3,4,1,好老师。人很和蔼，上课让每个同学都学到很多
51452,1400,陈群元,2017-06-06 00:33:13,2,4,2,人很好，爱点名，台湾腔很可爱哦(⁎⁍̴̛ᴗ⁍̴̛⁎)
52027,1400,陈群元,2017-06-14 08:34:57,2,5,3,台湾腔真的巨可爱哦(ฅ>ω<*ฅ)
52450,1400,陈群元,2017-06-20 07:21:54,3,4,1,超级好啊
54095,1400,陈群元,2017-06-28 12:31:13,4,5,1,超级棒的老师 总是点名 平时作业要求是一篇论文和一次展示 期末考试闭卷但是早早就知道题目了 上课能知道很多以前不了解的东西 台湾腔巨可爱der
54522,1400,陈群元,2017-06-29 13:19:27,4,5,1,超有爱心的老师，上课炒鸡开心 (*^▽^*)
56851,1400,陈群元,2017-07-05 01:08:24,6,7,1,老师的课很好的～\n\n然后经常会因为想念同学们啊刚放假回来啊快结课了之类的奇怪理由点名。\n\n台湾腔超可爱\n\n也能学到很多很有趣的东西\n\n很推荐选。\n\n展示 论文 期末闭卷考试。
57241,1400,陈群元,2017-07-06 05:58:13,5,6,1,风趣幽默有内涵，要求不高，一展示一论文，一考试，展示人人都上逃不掉的，另外真的是点名狂魔(づ ●─● )づ
57429,1400,陈群元,2017-07-07 15:50:07,4,4,0,难得一见的好老师，即能授业，又能包容不同观点，正确引导。
59395,1400,陈群元,2017-09-21 06:30:50,1,1,0,非常可爱的老师！！！台湾腔软软的，很幽默，上课干货很多，事情也不多，期末考试只要上课认真听，完全没问题，理解时间线就不用死记硬背
494,1405,贾海生,2015-03-15 03:20:44,4,13,9,萌萌哒
1396,1405,贾海生,2015-03-22 01:37:38,14,35,21,绩点杀手…
10111,1405,贾海生,2015-11-16 08:35:16,-46,16,62,很开心 上的很好基本没听结果满绩
13731,1405,贾海生,2015-12-30 12:30:53,0,6,6,讲课很认真，要求每人提一个问题，会在课上解答，论文没有字数要求，上他的课很舒服
13836,1405,贾海生,2016-01-01 06:12:30,3,8,5,认真，很有学问，出过书\n\n
18666,1405,贾海生,2016-01-22 08:56:44,3,7,4,绩杀不评价
18668,1405,贾海生,2016-01-22 08:58:36,1,5,4,讲课认真绩点低
18933,1405,贾海生,2016-01-22 23:37:00,1,3,2,平时从不听课，但是后果就是给分也不好。
21589,1405,贾海生,2016-02-29 09:03:11,-6,2,8,理科生表示困=_=，给分还可以。
22391,1405,贾海生,2016-03-04 05:44:33,1,4,3,见到老师就想到“老学究”三个字，看得出对做学问非常严谨认真，讲课也是娓娓道来，因为课程内容有限定，听起来有些枯燥吧
23836,1405,贾海生,2016-04-18 12:13:02,11,17,6,对于理工科的学生而言，他上课是很枯燥的。再说成绩，只有两部分构成，邮件提问和论文。邮件提问只要交了就行。所以想要高绩点，论文要好好写，摘要，英文，引用，等等。论文一定一定一定要规范，很看重这个。最后说一句，论文一发现是抄的，0分，没得商量的。绩点低的都是不会写论文的。
24175,1405,贾海生,2016-04-28 05:56:04,0,3,3,特别无聊
24929,1405,贾海生,2016-05-04 10:56:07,1,4,3,绩杀\n\n
24931,1405,贾海生,2016-05-04 11:03:42,2,4,2,老师应该是我在浙大见过的最有学术气质的老师。当然，对仪式和先秦文献没有兴趣的应该听不进吧。我应该是听了一半的课程吧。论文认真写了很久，分数也挺好。
24934,1405,贾海生,2016-05-04 11:11:13,1,1,0,老师很有学问，讲课可能有些无聊，我论文是写的赶，但这绩点有点狠吧，还是怪我_(:з」∠)_
25026,1405,贾海生,2016-05-05 01:58:26,1,4,3,给分巨低，上课超无聊，千万别选
30948,1405,贾海生,2016-07-03 04:04:37,1,2,1,上课稍微有点无聊， 不过对古代仪式感兴趣的话应该也是有意思的，给分还好哦，不像上面说的，
31435,1405,贾海生,2016-07-04 02:11:06,0,1,1,不会写论文，或者写的不好的千万别选…绩点能低的吓人……我从没有过这么低的绩点……
49822,1405,贾海生,2017-04-26 09:00:41,1,4,3,低分无下限
49841,1405,贾海生,2017-04-26 12:29:46,-3,1,4,哇，慎选。真的很垃圾\n\n
49885,1405,贾海生,2017-04-27 01:47:18,1,1,0,可能课会有些无聊，但老师很认真，也是有学问的人，论文的话，老师很迟才布置，没有字数和具体内容限制，不需要写太多，给分还可以（也许是因为我感受到了绩杀的温柔?）
49955,1405,贾海生,2017-04-27 13:43:30,1,1,0,反正我喜欢这个老师上课的语调，然后课内容也挺丰富的，本来是奔着先秦文学来的，但讲得更多的是仪式这一块。喜欢的就选这门呗，认真做给分不会很差的。
50435,1405,贾海生,2017-05-03 01:38:28,0,0,0,有点枯燥 但是只要论文好好写 分不低 很注重规范
50999,1405,贾海生,2017-05-11 13:07:51,0,2,2,给1分都嫌多
79157,1405,贾海生,2018-05-25 01:06:38,1,2,1,特别好特别有趣
105191,1405,贾海生,2019-04-07 06:40:25,0,0,0,太帅了，非常好。
105192,1405,贾海生,2019-04-07 06:41:08,0,0,0,很好很有趣
110264,1405,贾海生,2019-07-04 18:07:20,-4,2,6,绩杀nmsl
112908,1405,贾海生,2019-07-05 10:20:18,4,4,0,六经通论的同学\n\n助教小姐姐可以给十分
124786,1405,贾海生,2020-07-09 08:39:55,3,3,0,六经通论事情多给分一般，贾老师是礼学专家，讲周礼讲的非常深入
124857,1405,贾海生,2020-07-13 16:17:11,1,1,0,绩杀不解释，事情也挺多，也学不到什么知识，助教姐姐人挺好的，大家谨慎选择
138292,1405,贾海生,2021-07-08 11:04:30,-8,2,10,讲的课，说实话学不到什么东西，上课挺无聊的，讨论课都参与，发言也是，最后试卷真的离谱，最终给了1.5，这个绩点刷新底线。
138315,1405,贾海生,2021-07-08 13:14:49,3,4,1,最后4.5，成绩还好，但是，经学本来就比较枯燥，讨论课事情极其多！！！！！
138404,1405,贾海生,2021-07-09 03:29:19,9,13,4,其实感觉六经这个课没有说的那么可怕，虽然是闭卷但是老师上课会画范围，复习并不很费时间，讨论课也不难水。但是经学对于没有兴趣的同学确实是又枯燥又折磨，如果没有兴趣千万慎选，顺便表白可爱的助教ylxjj
176363,1405,贾海生,2023-06-28 14:27:01,14,14,0,学者风范。十分。
177464,1405,贾海生,2023-07-03 10:42:46,4,4,0,贾老师讲课确实有点无聊，但老师人还是很好的。
178573,1405,贾海生,2023-07-15 06:37:46,12,12,0,六经还是可以一上的！贾老师讲得很棒，有大儒的风范（真的好想要一份ppt哦），不过讨论课可能一开始体验会没那么好，怎么说呢，经学可能会是大家价值判断和观念立场分歧比较大的一个领域（？）但是一个学期下来感觉到氛围是有在逐渐融洽的。而且给分其实还不错！讨论课发言过半，阅读任务表好好做，虽然最后考试即使划了范围我也没背到还错把加标点当断句做了，，，但是最后成绩还是非常满意的！在此给老师和两位助教姐姐磕头了（不是
180178,1405,贾海生,2023-09-20 13:01:05,7,7,0,看完封神再来表白一波贾海生老师（合十）西伯侯讲话的腔调真的跟贾老师一模一样啊一模一样，可爱捏qaq
194338,1405,贾海生,2024-06-23 09:03:10,5,5,0,老师上课很认真，内容也很丰富，有学者风范。\n\n而且从来不点名，就算来的同学很少也很认真地在讲也不生气 TT
196578,1405,贾海生,2024-07-04 06:20:16,4,4,0,助教nb
197811,1405,贾海生,2024-08-14 12:09:23,4,5,1,我只能说给分无敌，给分差的菜只能怪自己，满绩了，ez
198359,1405,贾海生,2024-09-08 01:39:46,4,5,1,老师上课真的特别萌，（说话像西伯侯哈哈哈哈哈哈哈），然后很有学者风范！有几节课来的人真的很少，但是老师一点也没有生气或要点名的意思。讨论课氛围很好，考试也很简单，基本上和历年卷一样，最后美美满绩了！感谢老师和人美心善的助教jj
221605,1405,贾海生,2025-06-25 02:05:31,0,0,0,六经老师很好助教也很捞，但是不擅长背书的和期末没空背书的千万别选、、、
9930,1406,梁敬明,2015-11-13 00:46:53,6,8,2,怎么都没有显示他的专业课，很棒的老师，不知道怎么形容，就历史学者的那种我们期待的风度
10752,1406,梁敬明,2015-11-23 04:22:33,0,1,1,与其他老师合上的史学导论，讲的都是历史学习的干货⊙ω⊙
14793,1406,梁敬明,2016-01-09 07:51:03,0,2,2,看着好萌
25857,1406,梁敬明,2016-06-12 10:17:02,6,8,2,之前因为作业太多班上好多同学抱怨他 后来发现他还会给我们批改 真心不错 不过课还是无聊的
52035,1406,梁敬明,2017-06-14 09:01:53,1,1,0,so nice
52041,1406,梁敬明,2017-06-14 09:35:11,1,2,1,??????
56387,1406,梁敬明,2017-07-03 15:27:27,6,6,0,关键词：从传统到现代，走进郑宅，梁漱溟，乡村建设，三面红旗，五大运动
57948,1406,梁敬明,2017-07-18 09:49:04,5,5,0,非常认真负责的老师，德高望重
91492,1406,梁敬明,2018-12-11 15:47:56,0,2,2,感觉给分和用心并不对等，老师上课经常扯远，而且拖课，超级用心，最后成绩一般
145199,1406,梁敬明,2021-12-28 07:24:06,0,0,0,很认真很负责的老师 挺好 给分还不知道
149277,1406,梁敬明,2022-01-15 03:11:10,1,1,0,老师很认真负责，作业任务比较重但给分很好！
150999,1406,梁敬明,2022-02-22 00:14:15,1,1,0,上大学以来遇到的第一个认真批改论文的老师，梁老师治学的态度、对待学生的态度都值得尊敬，好老师！
151661,1406,梁敬明,2022-03-10 15:34:09,1,1,0,老师的课很扎实，内容丰富，气质优雅。
170909,1406,梁敬明,2023-03-12 08:14:56,2,2,0,老师很厉害 但我听不懂呜呜
177407,1406,梁敬明,2023-07-03 07:20:39,0,0,0,老师很有涵养很有学识，摆子也能得高分i了i了
6397,1423,郑淑梅,2015-07-13 14:34:29,1,4,3,老师很温柔，给分也很温柔…
18595,1423,郑淑梅,2016-01-22 05:58:39,1,4,3,推荐的电影真的都很经典 觉得学会的观影技巧都会受用很久 不过就是每次讲解要注意的点太多啦
32597,1423,郑淑梅,2019-01-14 05:41:06,2,3,1,就是每节课内容有点儿过于多
41643,1423,郑淑梅,2017-01-12 09:36:52,1,4,3,老师上课慢条斯理，很内敛，却很智慧\n\n以及给分特别好
41786,1423,郑淑梅,2019-02-27 03:39:19,-1,2,3,【亚洲影片分析】看片课～看了很多好电影～老师给分也很好～
42074,1423,郑淑梅,2017-01-13 14:01:43,0,2,2,每周一篇影评最后闭卷课堂考，因此看了很多平时自己不会去看的电影，还是很有收获的
46233,1423,郑淑梅,2017-01-21 04:03:19,3,8,5,老师很温柔，放的电影也好看，但是讲课有点枯燥，喜欢车轱辘话来回说，个人觉得这点有待改进。考试采用平时每周一篇影评加期末闭卷考试的形式，期末考试占百分之六十，但是很简单，平时听听课是不需要复习的，关键在于每周的影评，想拿到高分或满绩一定不能应付。
47380,1423,郑淑梅,2017-01-25 14:50:50,0,2,2,每周一篇影评……有点多但是最后给分很好。会恶竞，但是不应付，认真就好。
53097,1423,郑淑梅,2017-06-25 14:26:51,12,16,4,课不错，友情提示，外系的慎选～
53523,1423,郑淑梅,2017-06-27 01:45:09,6,9,3,非中文系慎选，我都不知道我的绩点会被这门课拉下去，简直了。
53652,1423,郑淑梅,2017-06-27 08:48:05,7,9,2,外系给分差
56739,1423,郑淑梅,2018-12-25 05:28:20,6,8,2,什么啊…本系也很惨地……亡
68048,1423,郑淑梅,2018-01-22 14:03:07,5,5,0,老师讲课枯燥，就是照着ppt念，主要就是看电影写影评。给分...随缘平时认真写影评，期末认真复习，但分不高。可能主要就是平时的影评没有写得很出彩吧，有恶竞的可能
68271,1423,郑淑梅,2018-01-23 02:10:48,-2,0,2,不知道大家的分高的标准是啥，不过学渣表示老师人还是很好的。。
109791,1423,郑淑梅,2019-06-19 08:28:38,11,11,0,虽然老师说填空考的都是基本常识，但我们对常识的界定好像不太一样。虽然老师说论述题全部出自平时作业，但看到论述题的瞬间我怀疑自己做了假的作业。
109795,1423,郑淑梅,2019-06-28 07:46:03,0,2,2,题目虽然难，但是给分好啊！
110757,1423,郑淑梅,2019-06-28 07:41:46,4,5,1,话不多说，我爱淑梅
110759,1423,郑淑梅,2019-06-28 07:44:03,4,5,1,大恩大德永世难忘。
110811,1423,郑淑梅,2019-06-28 09:01:19,1,2,1,老师挺好挺温柔的，听她讲课完全不觉得是快60岁的老师...我上的是电影史，这门课点名很多，一个短学期可能要点4，5次名；然后平时会有三次作业，每次回答一道上课有关的问题。考试最后一次课，闭卷，难度还是挺大的，我复习的时候背了好久...但给分真心不错。总体上我觉得作为入门课程，不可能将太多深入的东西，但上完之后还是能对电影发展的历史有个整体上的了解的。作为个性上的很值。
110875,1423,郑淑梅,2019-06-28 12:26:50,-2,0,2,电影史。老师很棒不过因为课程是短学期的原因可能会比较紧张，复习时间会比较紧张，考完本来以为要挂，不过最后给分超出我的想象～上课还是很有意思的，课后研究问题其实也可以很深入。课程适合入门，不过需要花些功夫进行基础知识的熟悉。
110878,1423,郑淑梅,2019-06-28 12:34:24,-1,1,2,讲得很好啊\n\n电影史\n\n课堂有点枯燥\n\n随即点名\n\n平时交三次作业\n\n最后随堂考\n\n给分挺好的
110920,1423,郑淑梅,2019-06-28 14:16:45,0,0,0,讲课慢慢的
110934,1423,郑淑梅,2019-06-28 14:56:13,3,4,1,垃圾，点名多，还闭卷考，绩杀外系，卡绩要哭了，均绩又掉了一段
114035,1423,郑淑梅,2019-07-08 12:07:01,0,0,0,电影史，点名。考试也太难了，但zju学习帝上看军妓还不错
124080,1423,郑淑梅,2020-06-23 11:35:34,0,0,0,网课念ppt不点名。老师说，期末试题大部分来自平时作业，论述题就很...平时作业均分86（一般都是85），最后成绩83。大家，懂？
130511,1423,郑淑梅,2021-01-23 07:45:38,1,1,0,供参考 三次作业88/91/90 期末认真复习准备了ppt题目 写满两小时 最后4.8 给分还是挺好的
136024,1423,郑淑梅,2021-06-09 13:04:01,0,0,0,表面严格\n\n毕业论文慎选
138114,1423,郑淑梅,2021-07-07 11:06:02,2,3,1,绩杀，快逃\n\n年纪轻轻学什么电影史，别的选修课不香吗\n\n快逃！！
146879,1423,郑淑梅,2022-01-08 01:35:21,0,0,0,电影史快逃！！
578,1477,董萍,2015-03-15 05:59:35,42,52,10,有智慧
1002,1477,董萍,2015-03-21 07:22:54,39,51,12,上课扯的很开心，课下分低的泪直流
2422,1477,董萍,2015-04-30 06:54:14,15,16,1,《百家讲坛》大师，传奇王阳明，很好!非常有收获
3397,1477,董萍,2015-06-08 06:43:21,11,13,2,听董老师的课是一种享受
5178,1477,董萍,2019-04-30 15:46:47,12,16,4,知识渊博 百家讲坛
6350,1477,董萍,2016-07-06 09:43:25,-1,9,10,人生导师，还有学习帝名字写错了好嘛，是平不是萍！
6357,1477,董萍,2015-07-13 08:06:03,30,31,1,美之体验！上课机打笔记最后累积好几万字，字字珠玑的感觉，复习也变成一种享受。出题不坑很朴实，给分也挺好。。大爱董夫子！
6570,1477,董萍,2015-07-15 12:13:52,5,7,2,讲的极好，收获很多，用心听用心记，考试也就是平时的上课内容，老师好的没话说
6759,1477,董萍,2015-07-21 16:21:34,11,11,0,特别特别好的老师
8206,1477,董萍,2015-09-17 12:20:36,2,3,1,人生导师
8321,1477,董萍,2017-06-06 04:12:52,-23,14,37,说实话 为了拿他的分把他的观点还有上课的原话网上写 我觉得蛮违心的
14430,1477,董萍,2016-01-07 04:43:51,5,6,1,听得我不希望下课
22237,1477,董萍,2016-03-03 05:07:40,0,0,0,传授智慧啊，有深度的老师
22946,1477,董萍,2016-03-15 04:49:36,-1,1,2,意犹未尽
23806,1477,董萍,2016-04-17 10:26:34,0,0,0,6666666
25167,1477,董萍,2016-07-02 08:33:08,2,2,0,传奇王阳明，百家讲坛，真精彩！
25440,1477,董萍,2016-06-22 03:10:47,8,8,0,老师学识很渊博，上课像讲座性质，一不小心就扯远了…很有收获，脑残粉表示真的不想结课
29696,1477,董萍,2016-06-30 08:03:41,1,2,1,不愧是大师！仰慕董平老师
31041,1477,董萍,2016-07-03 06:52:06,1,2,1,讲得是非常好呀，很有学识。但是成绩应该是只看考试的样子，低到哭出来
31047,1477,董萍,2016-07-03 07:08:19,14,16,2,讲的超好，分数超低。
31634,1477,董萍,2016-07-04 09:57:22,5,5,0,作为中文系学生我只想说实在是醍醐灌顶，字字珠玑
32054,1477,董萍,2016-07-05 13:46:23,9,12,3,老师对论语有很多自己独特的理解，上课不允许做其他的事情，点名挺多次的，讨论课的助教超棒，只要手写一份800字的中期感受就够了
32088,1477,董萍,2016-07-05 14:46:34,-5,7,12,分真tmd高，通核一定要选这个！
32951,1477,董萍,2016-08-17 11:09:44,2,4,2,何为忠，何为仁，何为君子，何为礼......所谓传道授业解惑者，董老师是真正的老师啊
39537,1477,董萍,2016-12-23 15:46:23,5,6,1,来浙大我最喜欢的几位老师之一，思维广阔有深度，跟着他上课觉得人生宽广历史漫长。
54309,1477,董萍,2017-06-29 04:58:03,11,12,1,洋洋风骨，当世独绝
54396,1477,董萍,2017-06-29 08:57:15,0,2,2,强推 孔子与论语
54403,1477,董萍,2017-06-29 09:20:35,10,13,3,上课很有意思，讨论课也没有很多任务，但评分是什么鬼啊，莫名其妙的，卷子真的是十拿九稳的，成绩怎么那么迷啊？3.2是什么鬼成绩
54423,1477,董萍,2017-06-29 10:00:40,0,1,1,收获很多，事情也不多，中期一份800左右的课程感悟，期末虽然是闭卷，但是如果上课认真听了的话是没问题的
54568,1477,董萍,2017-06-29 15:45:36,5,7,2,给分迷啊 讨论课水任务少但是也经常发言 期末考试不说十拿九稳但是至少翻译字词还是有把握的 没有想到是这样的分 难道班里如此多论语学霸？
54597,1477,董萍,2018-03-19 07:02:50,0,1,1,本学期听得最认真的一门课，老师上课真的很好，作为一门通核事情真的不多。讨论课积极一点，上课好好听，成绩并不会太差。
59498,1477,董萍,2017-09-22 02:24:56,1,1,0,知识渊博，论证有据，听君一席，胜书万卷
59568,1477,董萍,2017-09-23 04:59:59,5,5,0,毕竟祖师爷是章太炎。
61286,1477,董萍,2017-11-13 14:21:39,0,1,1,对传统文化有自己的独特理解
75253,1477,董萍,2018-03-08 07:33:01,1,2,1,真的国学大师，如果你很遗憾没报上他的课，也极力推荐来旁听
79034,1477,董萍,2018-05-21 06:49:29,7,8,1,不感兴趣的还是别选了
81317,1477,董萍,2018-07-04 16:16:25,1,2,1,就听课而言，对于工科生真的是很有帮助，学到了很多不一样的东西，对我的思路和见解都有启发，确实是非常非常好的老师。讲的内容非常扎实，也不失趣味。总之，选这课最大的后悔应该是没好好听课，没有听到更多的东西吧。
82148,1477,董萍,2018-07-07 08:35:02,-6,8,14,分低得累直流。3.8是什么鬼成绩
82152,1477,董萍,2018-07-07 08:41:12,0,1,1,认真听收货绝对不小，老师很厉害，可惜前半学期基本没听，助教课比较水，但是助教人超好，考前突击一下论语给分还不错
82280,1477,董萍,2018-07-07 16:06:59,2,3,1,老师是真的学者 上课可以收获很多 但是我经常听课不怎么认真 感觉挺对不起老师的..关于分数 老师说其实他想给所有人都打九十多分 但是学校有规定没办法 其实认真听课 讨论课多发发言分肯定不会差的 期末考也很简单 五句字词+四句翻译+两个论述 作为通核课很不错啦
82432,1477,董萍,2018-07-08 07:28:43,0,1,1,听了老师的课收获真的很多，不仅是在论语学习中。
83898,1477,董萍,2018-07-11 13:03:37,2,3,1,老师真的很有思想，因为老师是偏哲学的，感觉听《论语》有一种新的感受。好的老师，值得推荐，同时也值得这个分数。
92036,1477,董萍,2018-12-25 14:20:17,-1,1,2,讲的是真好啊给分也很好啊
108312,1477,董萍,2019-05-21 00:42:49,1,6,5,态度偏激
109338,1477,董萍,2019-06-13 06:50:10,-2,5,7,真的好无聊的课啊……
109760,1477,董萍,2019-06-19 05:23:41,0,1,1,很有收获。
109943,1477,董萍,2019-06-20 11:40:32,7,9,2,老师贼棒！余柯嘉助教小姐姐贼棒贼温柔贼可爱啊！吹爆呀
109947,1477,董萍,2019-06-20 12:13:37,2,3,1,今天随堂考试结束了，趁没出成绩之前来评价一下。董老师真的是有大家风范，知识渊博，认真听董老师的课的话会有很大收获的。绩点已经不重要，我回顾这半个学期，虽然上课也时常神游，但真的学了很多。关键是一种思维。感谢老师，希望给分好一点～
110184,1477,董萍,2019-06-24 08:53:42,-2,1,3,都说老师是绩杀，其实给分也很正常，上董老师的课真是一种享受～
110209,1477,董萍,2019-06-24 13:29:44,1,2,1,是一种绝对的享受！经常会听到情深处忘记记笔记！而且只要用心，分数会让你很满意！（这个用心可真的是很用心了……）
110435,1477,董萍,2019-06-26 15:39:12,1,2,1,魅力！博学多识又很可爱的一个老头！好好学，期末考试一定要写多一点，拼命写，上课进了啥都填上，但不要自己瞎造
110453,1477,董萍,2019-06-27 01:15:37,1,2,1,老师上课真的很棒，讲的内容很充实，上课超享受！只要考前好好看上课的笔记，给分其实也还不错啦。
110659,1477,董萍,2019-06-28 03:06:41,2,3,1,必修课，我能有什么办法，给分这种事当然是高的人觉得给分还行，低的人就不说话。反正我认识的和我自己，一个2.4，一个3.3，一个3.6，与君共勉
112576,1477,董萍,2019-07-04 18:19:12,-13,3,16,正太太狠了，不敢相信这是自己的成绩，给分的标准到底是什么？？？讲得又烂给分又差。。。
112630,1477,董萍,2019-07-04 23:07:54,4,5,1,“忠”即“正心”，“恕”即“如心”。凭此已胜今多学者。
112703,1477,董萍,2019-07-05 00:51:03,3,3,0,老师讲得确实很不错 只是看到这分我真的一口老血喷出来
112819,1477,董萍,2019-07-05 04:20:06,-2,2,4,认真听课，认真复习，绩点绝对不会差。老师上课绝对是一种享受，特别是在浙大人文氛围不太浓厚的情况下，有幸能上到董夫子的论语课，非常幸运。讨论课每次至少发言一次，期中总结认真写不需要恶竞但是要有实质内容。总之，大爱董夫子！
114469,1477,董萍,2019-07-10 04:50:31,0,0,0,好老师，博学多识，有品格，有魄力。
119731,1477,董萍,2019-11-15 04:03:47,0,0,0,大先生
124372,1477,董萍,2020-06-30 01:59:40,7,7,0,为什么是五级制啊，A-绩点4.2是优秀，太坑了啊
124376,1477,董萍,2020-06-30 03:09:00,1,1,0,等级制给分有点坑，以为表现不错只有3.8\n\n不过助教小姐姐好评
124393,1477,董萍,2020-06-30 05:01:22,0,0,0,B＋飘过，以为会高一点，但是没想到是3.8，但是课讲的是真的好，助教xjj好评！
124397,1477,董萍,2020-06-30 05:32:47,1,1,0,董夫子讲得确实好，有付出就有回报，绩点还不错
138387,1477,董萍,2021-07-09 00:45:22,2,2,0,谢谢老师让我认清了自己。
145560,1477,董萍,2021-12-30 08:34:34,0,1,1,。。。
153742,1477,董萍,2022-05-10 03:12:19,2,2,0,为啥优秀是4.5…
155787,1477,董萍,2022-06-16 03:23:39,5,5,0,上的孔子与论语。\n\n超级超级喜欢的老师。学识渊博，一身正气，精神抖擞。明明算是老人家了，可是浑身上下都充满了知识的朝气，讲课声音洪亮，对所教授的东西充满热忱。讲课质量好的不用说，老师的课其实在思维训练上反倒是其次，最重要的是将论语真正讲到了我的道德，我的人格塑造里。我听完真的有那种，哦，该如何走向健全人格、安心立命的锚点在哪里的感觉。我知道这样的感觉或许很浅薄、也自知能力有限，但是能让我发自内心想到这样的问题的老师确实真的很少。\n\n大概一学期两次小组展示，一篇期中论文，期末考只要上课认真听就很简单。\n\n但是就算多加几次小组展示，多写几篇论文，期末考变难，我也要绝对会义无反顾选孔子与论语。
155798,1477,董萍,2022-06-16 04:50:39,1,1,0,鞭辟入里
155876,1477,董萍,2022-06-16 11:24:17,4,5,1,孔子与论语，就老师而言，董萍老师绝对实打实的好，上课幽默风趣，很像一位幽默的老夫子，上课的内容非常的充实，有时候会深入哲学以及先秦诸子的思想，助教xjj特别好，讲了很多很多平常生活中的故事，讨论课上也没有强求我们说什么特别学术的发言，我们甚至可以在讨论课上讲自己的故事。就花在这门课的时间而言，感觉自己特别对不起董萍老师和助教jj，课程只需要写一篇学习心得，讨论课上一次展示就好啦，考前花两小时把论语前前六章读一遍，翻译也读一遍就绝对没问题。最后成绩绝对在正态的中上，但是这样的应试教育很对不起这门课QAQ，对不起董老师
156404,1477,董萍,2022-06-19 11:55:30,1,1,0,老师是真正的学者，和蔼可亲，讲课很有意思！推荐大家选孔子与论语
168019,1477,董萍,2023-01-22 21:11:53,2,3,1,21-22春夏上的，给分神仙，92
171821,1477,董萍,2023-04-06 12:23:19,1,1,0,东1B-214，我心中的白鹿洞。\n\n慕名而来，尽兴而归。
173437,1477,董萍,2023-05-24 11:12:50,8,8,0,上了儒家哲学，因为很感兴趣，也是慕名而来。老师学识渊博，很有思想，讲课的时候很容易激动，课程内容也很能启迪人，是门好课！有一次可能来的人太少，就念名字点了一次名。听得很认真，每节课都来，坐在前排记笔记，考核是一次论文作业，感觉写得还算认真，可能没有提出什么自己独立的观点吧，最后扣了很多分，绩点令人悲伤呜呜。不过还是很感激上了这门课初步认识了儒家哲学的一些思想。
177693,1477,董萍,2023-07-04 09:40:38,1,2,1,还行，在通核课里算不错的
177747,1477,董萍,2023-07-04 14:29:58,1,1,0,很好的老师，讲课十分有激情。老先生有自己的想法，经常会去质疑名家的观点。我在董先生的课上学会了很多，上董先生的课使我变得智慧。
180185,1477,董萍,2023-09-20 13:18:38,2,2,0,下学而上达\n\n大中至正
192437,1477,董萍,2024-05-20 02:26:52,4,5,1,董老师无敌好！儒家哲学是专业课但是外专业听起来非常带劲，给分也不是五级制，给分很好！我不是很懂儒家哲学但是老师讲的很通透，如果老师还要开这门课那一定要抓住这个机会！！听课跟听百家讲坛一样！
192445,1477,董萍,2024-05-20 06:49:21,3,7,4,一开始觉得讲的很有道理，但仔细听下来老是讲重复的内容，“克明峻德”几乎每节课都讲，有三节课甚至几乎讲的一模一样；如果已经读了一些中哲的基础性文献更会发现讲的都是老生常谈。突然提前期末论文ddl，给分也不咋地……
192674,1477,董萍,2024-05-27 13:17:23,1,2,1,老师真的非常非常的好！！上讲儒家哲学讲得很透彻、很有深度，论文本来感觉挺难的，但给分也很友好！喜欢喜欢！！
193203,1477,董萍,2024-06-04 11:42:22,0,1,1,老头人可好了！！！墙裂安利！！！
194417,1477,董萍,2024-06-23 17:40:36,10,10,0,孔子与论语，个人观点，课好、事少、分不高。\n\n首先，董老师极具大师风范，而且课上风趣幽默，说理透彻。听他的课我收益良多，感觉整个人都平静了下来，对人生一些悬而未决的问题似乎有了一些思考的苗头。在浙大这是不可多得的好课。\n\n其次，事情不多，除了期中1500小论文和课堂展示，基本没有其他事情。\n\n但是，对于想要轻松拿高绩点的同学，这门课可能不太适合，本人几乎全勤（请假一次），比较积极回答问题，论文展示正常完成，期末浅复习了2h(自我感觉还行)，最终绩点3.9。供大家参考吧，本人理科生，文学素养一般，平时也不太阅读，就比较认真听课然后考前复习。
218911,1477,董萍,2025-05-13 04:26:28,0,1,1,上了老师的孔子与《论语》和儒家哲学两门课。老师讲课很好，但是给分真的不太好。以前上的孔子给分就很一般，这学期上的儒家哲学老师就像是黑化了（可能因为选课和上课同学都比较少），签到过，要求交论文，我是只有一次没去上课，也认真写了论文，最后只拿了3.6……真的有点可怕了
220670,1477,董萍,2025-06-19 06:48:59,0,0,0,老师水平满分，就是孔子与论语给分有点差
221041,1477,董萍,2025-06-21 03:52:33,0,0,0,事情是真的少，分也是真的不好拿。理工科且对《论语》没有额外的热情的同学不建议选，除非你只在乎事少。就老师讲课而言，我觉得还是非常有热情的。但是我一直有一个疑惑：这种文本信息量本身就少，只要能够自圆其说好像怎么样都可以，所以这个过程中觉得很难适应，特别想找有考据的东西。
221570,1477,董萍,2025-06-24 14:18:50,0,0,0,董老师上课非常有激情，老师是学哲学的，学识渊博，对东西方哲学的研究都很深入，真的对论语有一点点兴趣的，听下来都会收益匪浅。\n\n讨论课挺吃助教，我们的助教姐姐人很好，基本上一节课就讨论完了然后给我们放纪录片。可能需要稍微卷一下发言，但不卷应该问题也不是很大。\n\n（听说隔壁讨论课还有助教自己出的小测题），我们是做一次个人pre+一次小组pre\n\n确实对理工科不是很友好，期末考很细，被卡绩了www
17,1478,陈新,2015-03-14 15:24:43,14,22,8,很棒的感觉～老师对同学很好，知识很渊博，堪称男神
236,1478,陈新,2018-12-17 10:49:26,19,27,8,老师喜欢能问问题的学生\n\n智商余额不足
2118,1478,陈新,2015-04-01 13:37:05,3,3,0,真正关心学生的老师
3117,1478,陈新,2015-05-15 02:40:02,5,5,0,关心学生，么么哒
6940,1478,陈新,2015-08-22 10:49:34,13,14,1,真正能够称得上大师的一个老师
6941,1478,陈新,2015-08-22 15:40:13,7,7,0,老师敢讲很多真话
13398,1478,陈新,2015-12-27 15:22:45,10,10,0,老师很牛！随便听听都受益匪浅！西方思想经典！很值的一门课，节节课都像听一次大牛的讲座，随便点评都很有深度
33451,1478,陈新,2016-09-19 11:21:17,5,5,0,真的很棒的老师，听他的课是一种享受。
33602,1478,陈新,2016-09-20 08:21:09,3,4,1,十分 多的不说
34513,1478,陈新,2016-10-12 09:12:25,18,18,0,确实大牛，就是一节课一本书太勉强，不如挑几本深入讲解
37924,1478,陈新,2016-11-22 03:50:16,13,14,1,听了课之后，想去学历史。。\n\n
38314,1478,陈新,2016-11-30 01:15:29,37,38,1,对历史以及历史工作者肃然起敬。观念和思维得以重塑，唯一遗憾的是不能跟随老师在一学期里读完13本书，以后会努力保持阅读历史著作的习惯。
42996,1478,陈新,2017-01-15 14:39:52,3,3,0,上课很有思想
43015,1478,陈新,2017-01-15 14:56:54,4,4,0,男神老师！有幸选上老师的了课受益匪浅！重新认识了历史，每次讨论课都能有所思考和启发
43022,1478,陈新,2017-01-15 14:59:27,4,4,0,老师水平超高啊，自身魅力也很大，虽然平时听课没多懂，但最后一节大讨论课表示满脸崇拜！
43027,1478,陈新,2017-01-15 15:00:53,7,7,0,很有深度！如果认真的话真的有很多收获只恨自己还不过专注T_T老师人各方面都很好！浙大文科为数不多的好老师啊！！！
43049,1478,陈新,2017-01-15 15:27:08,3,3,0,棒！老师的话都很有深度，囿于自己的能力不足，很多都不能一下子吸收，但还是能学到很多，从历史到哲学。
43055,1478,陈新,2017-01-15 15:31:58,13,13,0,在这门课上拿到了满绩，讲真，这门课一直有人在水，但是我觉得这个级别的老师不去认真听，真的是一种损失。陈老师代表的，至少是人文学科世界最先进的思想，是我目前知道的最聪明的后现代主义者！
43058,1478,陈新,2017-01-15 15:34:05,2,2,0,老师史学功底深厚，很有人格魅力，尊重学生，强烈安利！
43122,1478,陈新,2017-01-15 23:07:30,2,2,0,真正的大师，最有收获的一堂课\n\n
43193,1478,陈新,2017-01-16 03:19:32,0,2,2,出乎意料之外的满绩，但让人最开心的还是一学期在这门课上的收获。老师学识渊博却又平易近人，尊重学生理解学生。虽然课上的内容比较有深度，一下子难以全部理解，但仍然受益匪浅！讨论课也组织得很有条理。总之认真参与会有收获，努力也会有回报！
43860,1478,陈新,2017-01-17 05:13:27,0,1,1,老师学识渊博，思路清晰，很有启发性，也让我对历史有了全新的认识。
45769,1478,陈新,2017-01-20 05:04:50,0,1,1,老师是很棒 很有人文素养和情怀的大师 可惜自己一学期没有好好听课 也没静下心来看书
47553,1478,陈新,2017-01-30 16:14:25,0,1,1,男神导师我爱你
65226,1478,陈新,2018-01-01 15:05:30,7,10,3,有没有人说说通核课给分和考核怎么样？
75677,1478,陈新,2018-03-15 04:25:51,6,7,1,西方思想经典研读是一门能让人受益终身的课\n\n
76620,1478,陈新,2018-04-16 10:20:56,4,5,1,真 男神
83149,1478,陈新,2018-07-10 00:09:48,0,1,1,老师真的男神，上课收获也不少，让我在历史学方面有了进一步的了解，论文字数要求要求也不高，总之给老师打满分
83153,1478,陈新,2018-07-10 00:16:10,0,1,1,真的是好老师，讲课好，给分高。
83155,1478,陈新,2018-07-10 00:22:40,0,1,1,上课有收获，给分特别好
83163,1478,陈新,2018-07-10 00:42:29,1,2,1,老师很幽默还是个大牛，但感觉这门通核对于没基础的理工科学生太辛苦了
83169,1478,陈新,2018-07-10 00:54:44,0,1,1,超级棒，给分高，讲课非常认真，还会推荐资源。
83518,1478,陈新,2018-07-10 13:12:01,0,1,1,老师超有思想，讲的也超级好，三观也很正！给分好！是我最欣赏的老师了！很有启发的课，难度也很大。建议选课时选第一个教室，否则讨论课是助教上，体验会差一些。
83582,1478,陈新,2018-07-10 15:55:03,5,6,1,每周三晚上完讨论课，经常在回寝的路上陷入沉思
83733,1478,陈新,2018-07-11 06:19:26,0,1,1,讨论课积极发言，展示认真准备，书评用心写，给分还是很不错的！主要是周一的大课和周三的讨论课都超有意思的，不认真都由不得自己啊
83736,1478,陈新,2018-07-11 06:38:10,1,2,1,陈老师很厉害，但不喜欢助教讨论课的形式，展示完以后全班范围自由讨论，这个讨论却又没有讨论的气氛，更像是严肃的个人陈述。冷场的时候助教只能自己说一大堆接过去，再抛出一个问题又冷场，为什么不采用小组讨论呢？
86015,1478,陈新,2018-08-27 04:10:22,2,3,1,幽默风趣，讲课好，给分高。虽然一个学期读四本书即使不精读也真的好累。。。但收获太大，绝对值得选！
91312,1478,陈新,2018-12-05 12:19:57,-2,4,6,ljls
97203,1478,陈新,2019-01-22 00:16:28,3,3,0,这门课适合有思想的人去读，不然坐等被正太\n\n
97242,1478,陈新,2019-01-22 01:16:02,2,3,1,真心不建议理工科学生选
97544,1478,陈新,2019-01-22 10:27:18,4,4,0,这门通核课不开了真是学校的损失
103646,1478,陈新,2019-03-03 13:59:47,2,2,0,还好吧，老师比较悲观，对人有一点偏向。至于给分再看吧
138805,1478,陈新,2021-07-11 02:54:01,1,1,0,浙大何其有幸有这样的老师，他能多开一次课，就是浙大的幸运
661,1491,朱首献,2015-03-15 11:06:58,-19,7,26,课程略微无聊
3121,1491,朱首献,2015-05-15 03:07:37,52,57,5,良心老师。听他的课获益良多。
3881,1491,朱首献,2015-06-17 07:21:33,16,21,5,干货比较多，就是趣味性不强。还是很负责的老师。
4708,1491,朱首献,2015-06-26 11:13:14,25,33,8,超级棒的老师，虽然还没有考试，不知道给分怎么样，但是就讲的东西来说非常好。只有讨论课会签到
5333,1491,朱首献,2015-07-06 17:27:49,16,18,2,讲的课很有观点，不盲聪，棒！
5764,1491,朱首献,2015-07-09 08:52:32,6,6,0,给分好
5932,1491,朱首献,2015-07-10 03:06:53,7,7,0,干货多但是不想听，给分好
13011,1491,朱首献,2015-12-24 13:38:51,15,15,0,老师特别棒，能学到很多东西，人超好
13042,1491,朱首献,2015-12-24 15:13:03,7,7,0,老师的课很棒
25868,1491,朱首献,2016-06-13 03:02:16,7,7,0,干货很多\n\n
26148,1491,朱首献,2016-06-16 06:12:22,8,8,0,太棒了 很可爱
26675,1491,朱首献,2016-06-21 01:32:25,10,10,0,超级可爱的老师
27122,1491,朱首献,2016-07-05 06:22:11,12,13,1,老师课讲得非常有水平，这学期收获最大的一门课！而且老师人超级好又萌~能像这样认真用心给学生上课的老师真的不多，下学期想追去西溪听课了
27127,1491,朱首献,2016-06-23 05:38:29,6,6,0,可爱又nice 好老师
28615,1491,朱首献,2016-06-28 11:02:35,5,6,1,挺好的，认真听的话很有收获
30793,1491,朱首献,2016-07-02 13:58:17,16,16,0,超棒的老师，很耐心，干活满满！满绩小天使！
30795,1491,朱首献,2016-07-02 13:58:45,25,27,2,老师上课准备非常充分，授课内容很充实，会讲授学科前沿知识，课上得非常好。感觉老师是真的用心在给本科生上课，而且给分很棒，强烈推荐学弟学妹选朱老师的课！
30796,1491,朱首献,2016-07-02 13:58:46,15,15,0,老师的干货很多，人也超nice，教学和讨论课时都会引导我们的思路～～
30797,1491,朱首献,2016-07-02 13:58:47,4,5,1,给分太棒了，适合水课，不过老师干货很多，听了很受用哇！
30798,1491,朱首献,2016-07-02 13:58:55,8,8,0,上课认真听还是很有收获的，有时候比较烧脑，但是老师知识很渊博，人萌萌哒，口音很可爱~
30799,1491,朱首献,2016-07-02 14:00:25,9,9,0,老师懂得真多，赞
30800,1491,朱首献,2016-07-02 14:04:36,9,9,0,干货多，给分好，建议选
30801,1491,朱首献,2016-07-02 14:05:12,14,14,0,老师知识渊博，给分超好！！！
30802,1491,朱首献,2016-07-02 14:05:13,11,11,0,老师人超好，上课很有收获，给分也超高！反正老师真的很好很好！
30803,1491,朱首献,2016-07-02 14:05:32,15,19,4,给分奇好！老师超亲切！讨论课必到，期末开卷考，第一门满绩
30804,1491,朱首献,2016-07-02 14:05:49,8,8,0,老师讲起来滔滔不绝，人超好，关键给分也好?
30805,1491,朱首献,2016-07-02 14:06:08,8,8,0,老师很好，上课也很好，给分更好
30806,1491,朱首献,2016-07-02 14:06:08,12,15,3,浙大最好老师，没有之一，讲的都是干货，人真的超级好超级好，满绩多多。
30807,1491,朱首献,2016-07-02 14:06:27,12,12,0,老师超级棒！干货很多！给分很好！
30808,1491,朱首献,2016-07-02 14:08:37,15,16,1,老师不但人好 而且给分奇高！ 不但满绩而且满分啊！！！
30813,1491,朱首献,2016-07-02 14:18:35,10,10,0,干货多，萌萌的，给分好到逆天
30814,1491,朱首献,2016-07-02 14:19:05,3,5,2,人生第一门满绩，实在太谢谢老师啦！人好，认真负责！绝对首选！
30815,1491,朱首献,2016-07-02 14:20:35,8,8,0,很棒的老师，有思想有观点，给分也很好
30817,1491,朱首献,2016-07-02 14:21:46,7,7,0,我只能说这是我这学期唯一认真听的课 收获很多 而且老师超级萌 十分认真用心 能学到很多真的东西！
30818,1491,朱首献,2016-07-02 14:21:53,4,5,1,满绩小天使～～而去讲课认真，干货满满！！！
30820,1491,朱首献,2016-07-02 14:24:21,6,6,0,老师对文学批评很有见解，人又可爱，给分超级赞呐！！！
30873,1491,朱首献,2016-07-02 17:01:16,2,2,0,享受！！
31133,1491,朱首献,2016-07-03 08:59:30,6,6,0,很有思想，讲起来滔滔不绝
31191,1491,朱首献,2016-07-03 11:03:35,4,4,0,老师真心帅
31273,1491,朱首献,2016-07-03 13:55:35,3,4,1,男神再满我一次。
31643,1491,朱首献,2016-07-04 10:34:45,4,4,0,知识内容丰富，给分超好
31898,1491,朱首献,2016-07-05 06:12:35,6,6,0,人好，课好，给分好\n\n
34334,1491,朱首献,2017-04-19 08:44:27,1,1,0,特别好的老师
45447,1491,朱首献,2017-01-19 14:38:37,8,9,1,满绩小天绩使
51181,1491,朱首献,2017-05-23 05:52:25,-2,3,5,蜜汁口音23333
51183,1491,朱首献,2017-05-23 06:43:14,-34,5,39,文学理论讲的啥也不是
53829,1491,朱首献,2017-06-27 18:22:01,4,4,0,朱老师超级好，讲的课对非人文的同学有点难，但只要认真听会学到很多东西。给分超级棒！
57486,1491,朱首献,2017-07-08 16:04:09,2,4,2,打10分我都嫌少
58108,1491,朱首献,2017-07-31 16:15:51,1,1,0,很棒的老师
79173,1491,朱首献,2018-05-25 13:46:11,7,7,0,朱天使\n\n
85111,1491,朱首献,2018-07-15 12:15:29,11,11,0,大一见到的唯一一个集干货多事情少给分高有情怀态度和善于一身的老师。朱天使!朱天使!
85114,1491,朱首献,2018-07-15 12:33:52,7,7,0,老师太棒了……大一瑟瑟发抖参加文理考试，成绩一出来到处都是满绩……超喜欢老师讲课！么么哒！老师是天使叭！
85115,1491,朱首献,2018-07-15 12:46:34,4,4,0,话不多说，老师是天使。
85129,1491,朱首献,2018-07-15 14:40:41,3,3,0,老师的干货非常多，期末考试其实也放得很宽松了！真*小天使！
85693,1491,朱首献,2018-07-26 07:01:26,3,3,0,太喜欢老师了！考试不为难人，给分很好~但卷子里基础知识都有考到，讲文学理论也是有很多发散开的点的，大部分人想听到的文学思想这里都有。
87868,1491,朱首献,2018-10-16 09:48:45,5,5,0,朱老师讲课循循善诱，深入浅出，能把很艰深的理论讲的有趣又易懂，同时又结合当下的现象或热点，引导学生思考。此外，每学期必有的讨论课一一点评，很有启发。课讲的好，人也超nice，让我对这门学科产生浓厚的兴趣，哈哈哈，希望能成为男神的门徒，12月加油啊(ง •̀_•́)ง
90215,1491,朱首献,2018-11-22 13:22:41,0,2,2,上了两次课，当代中国文艺理论思潮。大家都说朱老师好，好不好我不知道，反正两次课我啥也没听懂，可能是我真的菜吧
100066,1491,朱首献,2019-01-25 13:35:02,0,0,0,满绩小天使名不虚传，均绩都4.5。不点名，不会写论文去问老师也不会嫌弃我菜?
100099,1491,朱首献,2019-01-25 14:51:10,6,6,0,朱老师真的超耐心，啥都不会的菜?颠来倒去问了老师很多问题老师也全部仔细回答，而且特会鼓励人，怎么会那么温柔！就是课上他老说这谁知道吧那书看过吧都弱弱地低下头怪对不起老师的...给分真的好！
100138,1491,朱首献,2019-01-25 15:33:13,-25,4,29,作为一名工科生，当代中国文艺理论思潮是真的没有听懂，结果满绩受宠若惊XDDD
100366,1491,朱首献,2019-01-26 03:51:09,3,3,0,当代中国文艺理论思潮研究\n\n如果之前听过老师的文学理论，再听这一门会容易一些，老师讲课真的好\n\n我写的论文真的配不上老师给的绩点，以后一定多读点老师推荐的书，惶恐万分，感激涕零
112033,1491,朱首献,2019-07-03 08:38:43,2,2,0,西方文论，老师给分超好，虽然平时事情略多但认真做下来也是收获颇多，最后还没有考试
113071,1491,朱首献,2019-07-05 22:34:03,2,3,1,在文学理论出分前给老师一个10分。文学理论上课和考试是两件事，第一节课觉得自己辣鸡啥也不懂，后来慢慢能跟上，朱老师能在一个点上发散出去很多，课后问题目也超耐心，愿意跟你反复解释。我还以为职规课采访过朱老师，看到了老师大学时的勤奋，是我们的榜样。\n\n考试没有上课有意思，在考试范围内背呜呜呜，让人想起高中政治
114069,1491,朱首献,2019-07-08 17:08:52,4,4,0,博学 耐心 幽默 给分好\n\n
114072,1491,朱首献,2019-07-08 17:12:33,4,5,1,老师课讲得很好。考试背重点，满绩不是梦！谢谢老师！
114073,1491,朱首献,2019-07-08 17:12:37,7,7,0,老师真的是满绩小天使呜呜呜呜\n\n文学理论上课也很好，就是如果不是真的喜欢文学可能会觉得枯燥。非常后悔当时的自己没有那么认真地听课。
114076,1491,朱首献,2019-07-08 17:36:05,8,9,1,天呐，居然有99分，满绩朱天使～爱了（言归正传\n\n老师的文学理论讲的真的很棒，受益良多，下学期继续上老师其他的课。
114078,1491,朱首献,2019-07-08 17:53:50,3,3,0,满绩天使！
114090,1491,朱首献,2019-07-08 22:00:21,2,2,0,为了给我们天使满分！
114094,1491,朱首献,2019-07-08 22:50:52,4,4,0,www老师真的好棒啊！讲课超级认真，能学到很多东西。超可爱的老师。而且给分真的好啊！人生中第一个满分满绩啊（爆哭
114101,1491,朱首献,2019-07-08 23:12:47,2,2,0,谢谢老师拯救均绩！只要努力背就没有问题的！满绩小天使名不虚传！
114109,1491,朱首献,2019-07-08 23:34:27,1,1,0,收获满满!
114112,1491,朱首献,2019-07-08 23:59:50,1,3,2,我的天老师给分太好了，考前两个小时背的，进去名词解释根本不会，最后绩点还很高，老师真的过于善良了
114118,1491,朱首献,2019-07-09 00:07:45,4,4,0,喜提第一个满绩，老师人太好了，考前花力气背重点，满绩真的可以！朱天使！
114124,1491,朱首献,2019-07-09 00:22:58,3,4,1,瑟瑟发抖的小菜鸡拿到了大学以来第一个满绩，朱老师真好！！！平时课上干货多，事情少，期末给分还这么好?
114149,1491,朱首献,2019-07-09 01:23:54,2,2,0,文学理论，说些大家没说过的吧。朱老师是个很严谨也很随和的人，上课时能扩展提到很多东西，认真听了，能有不少收获；老师上课不点名，和他最后的给分一样，他说相信在座各位都是优秀的。一学期的课，每节上来，收获颇丰。感谢老师。
114158,1491,朱首献,2019-07-09 01:51:30,2,6,4,朱首献小天使！！！居然给了100分，真是让我惶恐。言归正传，老师知识真的渊博，上课认真听收货满满。虽然我有很多内容没听懂，但听懂的知识在平时各个层面都发挥很大作用。
114210,1491,朱首献,2019-07-09 04:32:43,1,1,0,老师上课很有激情，口音么...听着听着就习惯了。最后给提纲，PPT一定要多看。上课会有互动，收到邮件也回复得很仔细。前几节课会有点晦涩，不过后面就越来越好玩啦。
114269,1491,朱首献,2019-07-09 13:54:18,2,2,0,满绩天使，讲课干货多，给分好
114736,1491,朱首献,2019-07-11 07:57:23,1,1,0,天使老师上课似乎比较思维发散。虽然很尽力不厌其烦解释想让大家理解问题，但偶尔会让人有点迷茫。但是老师特别温和善良，让人起来回答问题也不会刁难，总是很温和地引导。
114863,1491,朱首献,2019-07-12 05:37:04,0,0,0,老师讲到激动处不喜欢用话筒，有时候听不太清他讲了啥哈哈哈。上课干货多，虽然文理内容有些枯燥，但是期末考试内容都是平时讲过的，考前背背好就稳了。
115555,1491,朱首献,2019-08-03 09:51:50,4,4,0,周围很多都满绩了，这老师太好了。只要认真学满绩并不难！
119225,1491,朱首献,2019-11-11 10:39:35,2,2,0,老先生精神山高水长
121017,1491,朱首献,2020-01-19 08:44:01,5,5,0,虽然我不是满绩，但是我也来给满绩小天使打10分了
121058,1491,朱首献,2020-01-19 11:05:59,1,2,1,作为一个理科学子，第一个满绩居然在朱老师课上，后悔翘课，老师无敌nice，论文迟交也没有给你扣分，小天使呐~
122151,1491,朱首献,2020-02-17 11:09:32,6,6,0,选修了朱老师的中西人学精神和文学精神，课程难度略微有些大，需要阅读的文献数量和质量上都比较有难度。但因此也接触了一些西方哲学著作。上课的话虽然不是那么有趣，但老师讲得足够认真，上课的老师是浑身散发着光芒的…至今都记得老师那句“人是全面自由而自觉的存在”。给分真的没得说，自己小组pre做的不是太好，最后肝了一个月提交了一篇课程论文，结果拿了满绩。个人觉得朱老师课只要认。真阅读文献，好好上课，给分是不会低的
124085,1491,朱首献,2020-06-23 12:57:01,11,11,0,老师人真的特别好，不过上课着实有点点无聊...
124964,1491,朱首献,2020-07-26 12:44:13,6,8,2,老师上课事超级少，什么都不用做，不点名，因为疫情原因考试改成了论文，老师还限制了4000字的最高字数，给分超级好，吹爆神仙老师
124965,1491,朱首献,2020-07-26 13:19:43,1,1,0,讲课认真，内容有趣。可以选择水，但认真听一定收货很多。期末论文要好好准备
124997,1491,朱首献,2020-08-05 04:45:34,4,5,1,事少分高小天使！！！
126420,1491,朱首献,2020-09-26 01:33:56,-9,5,14,很难接受人文的老师还要照着PPT上念，同学们看PPT上的字都来不及哪来的时间思考呢？
129977,1491,朱首献,2021-01-14 10:23:03,1,1,0,我爱朱天使！爱天使！
132339,1491,朱首献,2021-02-01 01:15:23,1,1,0,事少分高，上课不水的话可以学到很多东西，要水的话也不会管你。而且不支持鹅颈，论文字数限制上限8000。通识课第一个满绩哭了
132611,1491,朱首献,2021-02-02 18:00:14,0,1,1,简直是天使啊
133341,1491,朱首献,2021-02-26 03:23:23,2,2,0,朱老师的中西人文课其实相对比较水，但是论文认真思考认真写，两次小组讨论认真准备，拿高分是不难的
136423,1491,朱首献,2021-06-18 01:18:26,0,1,1,棒棒棒
138812,1491,朱首献,2021-07-11 03:29:27,2,3,1,天使爱爱爱
139351,1491,朱首献,2021-07-14 15:49:55,0,2,2,简直就是满绩小天使！！外专业上起来毫无压力，老师给了97，我爱朱天使啊！！！
139352,1491,朱首献,2021-07-14 15:53:02,0,1,1,天使，爱了
139356,1491,朱首献,2021-07-14 16:34:47,0,1,1,很意外，第一门满级的课居然是在朱老师的这门课上，感谢老师，感谢老天
148528,1491,朱首献,2022-01-12 23:47:26,0,0,0,热情慢慢 学术严谨 朱天使yyds～
148545,1491,朱首献,2022-01-13 00:48:56,0,0,0,老师太好了，太温柔了，上课不仅不点到，而且课程内容还是非常不错的，虽然是个美育课，大家很多都有时候不来或者不听怎么样，但是老师真的太好了！给分也超棒，我一个平时从来没拿过满绩的居然让老师捞了起来呜呜😭
148671,1491,朱首献,2022-01-13 07:38:34,2,2,0,上了朱首献老师的书面写作与口头沟通，第一门满绩，这里有一些课程高分技巧：课程分数由作业中五次最高分和平时课堂发言构成。五次最高分要选对老师做，有些老师爱给100的，不过前提是得用心做，我做的就是复旦心理学的老师和南大老师两次作业，还有浙大老师两次，这五次是我最高的
148852,1491,朱首献,2022-01-13 17:37:06,1,1,0,99分！！！刷新百分制上限了！😍😍😍
148981,1491,朱首献,2022-01-14 05:44:21,-4,4,8,不喜欢说“中国没有哲学”的老师，给分不切实际。
150667,1491,朱首献,2022-02-11 04:54:10,2,2,0,希望可以选上老师的课试试看阿
150782,1491,朱首献,2022-02-18 13:09:12,1,1,0,文学理论，理论的东西会比较多，但老师很认真，给分也很好
158589,1491,朱首献,2022-06-30 11:37:35,1,3,2,朱朱你变了🥹、、你好狠的心、、认真背书为何还要绩杀我、、（口吐鲜血
158592,1491,朱首献,2022-06-30 12:19:49,3,4,1,朱朱你变了
158671,1491,朱首献,2022-07-01 08:07:47,0,0,0,呜呜呜天使之名!
159080,1491,朱首献,2022-07-05 18:09:56,0,0,0,朱天使！！
162635,1491,朱首献,2022-11-30 09:38:52,-40,4,44,大学写作课，作业超级多，根本不可能完成。要看完一百多页的长篇小说，还要写8000字文学评论。sb老师，遇到他是我倒了八辈子霉了。
163504,1491,朱首献,2022-12-14 14:07:55,0,0,0,朱天使~
166242,1491,朱首献,2023-01-11 13:46:59,1,3,2,大学写作创意写作：三篇书评2000+2000+3000平均每周一篇，上课可听可水不来都行，老师上课比较激情很可爱，助教姐姐超级温柔。个人认为事多分高。
166545,1491,朱首献,2023-01-12 16:56:58,0,1,1,很好的老师！
166629,1491,朱首献,2023-01-13 05:18:47,0,2,2,中西人文精神，做组长准备了两次展示，期末论文要求不低于4000，写了5000的样子，出分97，谢谢朱天使
166665,1491,朱首献,2023-01-13 07:46:18,0,0,0,天使呜呜呜呜
166759,1491,朱首献,2023-01-13 12:52:59,0,0,0,最大的特点就是对同学很友好，经常会说谢谢，上课也和同学有互动，这和其他很多老师不一样。\n\n讲课也很投入，在同学展示的时候也会很认真地倾听，提出的问题也是根据同学展示的内容来的。\n\n中西人文精神主要是哲学课，最后文学部分讲得比较少，涉及的范围比较广，可以看出来老师对诸多的哲学领域都有了解。
168595,1491,朱首献,2023-02-20 04:36:57,0,0,0,事多但分高，老师讲得也很好，总之如果不是学期课业繁重的 推荐选为通识
169749,1491,朱首献,2023-02-27 15:41:40,1,1,0,老师讲课非常认真，干货很多，有很多自己的观点。跟着老师的引导思路走可以学到很多的东西，上课的时候旁征博引，除了课程的知识还能学到一些其他有趣的人物故事和文学知识，是真的有在认真备课和教本科学生的老师。\n\n给分还非常高，讨论课认真听同学观点还会指出不足之处和夸奖精彩之处，作业只有读书和期末的大论文，可以说是相对非常轻松了\n\n总结一下，就是非常推荐朱老师的课，虽然有难度但是收获不会少！
176860,1491,朱首献,2023-06-30 12:13:21,3,4,1,老不读三国，少不看水壶！鲁迅先生的《竹夫》 王维为什么要跑进猪林里去？\n\n老师很可爱，讲课特别认真，会举很多例子，方言也很亲切。希望期末老师捞捞我！
177880,1491,朱首献,2023-07-05 08:10:53,2,5,3,被绩杀了，不知道该说什么。可能是我自己菜吧。但是的确没有大家想的这么好
187314,1491,朱首献,2024-01-15 12:41:10,1,1,0,好老师，10分没话说
187325,1491,朱首献,2024-01-15 13:14:39,0,1,1,给分好，事情少
187333,1491,朱首献,2024-01-15 13:22:31,2,2,0,中西人文通识课，事少分高，认真做pre写读书报告会有收获。平时上课其实很有深度，虽然不听也没事，但是老师讲的很认真，同学的pre也准备的很认真。满绩了谢谢老师！
187725,1491,朱首献,2024-01-17 08:18:29,6,6,0,不点名，事少分高，我不知道这样的天使哪里找！！
193159,1491,朱首献,2024-06-04 05:35:15,3,3,0,先给10分，上了文学理论。老师上课很认真，能收获到很多。但老师的普通话不太好，需要仔细听才能跟上。还有就是能感觉到老师一定是一个很坚定的马克思主义者哈哈哈哈哈哈，意识形态色彩有点浓～
196664,1491,朱首献,2024-07-04 17:17:23,-7,10,17,基本学不到任何东西\n\n老师讲的都是非常陈旧的那套，什么“以人民为中心以人民为标准”“弘扬社会主义核心价值观”，试问他自己心中相信吗？\n\n把一门与哲学联系极强的文学理论讲成思政课，真是让人无语\n\n\n\n最后给分也低。如果是一门能学到知识的硬课，那给我再低分我也认，但是这样一门莫名其妙的思政课，给分低真是无法原谅
196693,1491,朱首献,2024-07-04 19:39:19,-1,5,6,给分烂，还卡绩
196754,1491,朱首献,2024-07-05 03:24:51,8,11,3,我想问问上面那条的同学到底有没有认真听过朱老师讲课？还冠冕堂皇地盖上“思政课”这个帽子，其实只是自己极端功利只看到了绩点，自己期末考崩内心不平衡来愤恨倾诉呗！还把自己整到一个多么专业的角度来看，有意思吗？\n\n实事求是地来讲，朱老师上课是很认真的，也很生动有趣，抑扬顿挫的语调很能吸引人。在课上讲解的时候，一般不会用马工程教材的例子而是填充一些西方文论的内容来佐证，我现在暑假在读的布封、朱光潜的一些论美学的书都是老师推荐后去看的www。因为我们国内的环境以及大学教育的要求，课程思政是必定不能脱离教学实践的，这并不是朱老师的问题，而是教材体系安排的问题。我们当然可以对这些观点提出质疑，而不是拿来充当没拿到理想分数的出气筒。好好照照镜子吧！
196756,1491,朱首献,2024-07-05 03:29:24,-4,3,7,我的神！！讲课受益良多！！给分巨巨巨无敌好！！天使！！！
196989,1491,朱首献,2024-07-06 09:39:14,0,7,7,讲课好 相当有趣\n\n最后分烂了 虽然这门是我复习最认真的一门 考前背了三天整...老师今年不划重点 也确实做到了没考以前的重点 显得我这个只重点背了以前的重点、真的考的内容只略略看了几眼的人像个小丑 \n\n所以敬告诸位选这门课的同学别耍小聪明 期末老老实实啃完书和ppt吧（两个都考）任务相当艰巨 想要高分还望努力\n\n不可否认的是 这门课有很浓的意识形态的味道 但是我觉得认真听了课的人都知道两位老师在讲的过程中对意识形态的部分讲的都明显加快 考试也从未触及 所以懂的都懂 自己不努力的借口罢了 剔除意识形态部分的内容 我觉得这门课对中文系的同学来说相当重要
198004,1491,朱首献,2024-08-23 08:34:14,0,2,2,朱天使，无需多言
199491,1491,朱首献,2024-09-24 12:56:00,1,2,1,天使无须多言～
204516,1491,朱首献,2024-11-26 11:07:15,1,3,2,上他的大学写作真的收获满满啊！
207826,1491,朱首献,2024-12-24 12:00:40,2,2,0,朱天使
212043,1491,朱首献,2025-01-13 05:40:03,2,2,0,老师人还是不错的 给分也不错 不过就中西人文精神这门美育课而言事情有一点多，但是对人学、文学感兴趣的话也确实可以学到东西，总体而言还是推荐的
213582,1491,朱首献,2025-01-18 10:33:30,3,3,0,大学写作给分特别好！！之前选过两次别的老师的大学写作给分都是4.2，朱天使居然给我4.8了啊啊啊啊啊啊
213620,1491,朱首献,2025-01-18 15:17:34,-5,1,6,大学写作，给分还行？两周一篇文学评论，应该不算事多。上课不点名，只要能确认这节课没轮到你点评，不去也没关系。学肯定是学不到什么的，个人比较反感的一点是登味太重，不过老教师确实难免
214111,1491,朱首献,2025-01-24 10:32:04,2,2,0,超级好老师，无脑选朱天使
218098,1491,朱首献,2025-04-21 03:32:49,2,3,1,创意写作，文学评论2000字两篇3000字一篇，对于仅仅1.5学分的一半0.75学分的课无疑是太多了
62,1509,何善蒙,2016-10-26 03:36:36,17,38,21,上课好听，给分好
63,1509,何善蒙,2017-02-11 14:10:33,151,192,41,绝对不亏，堂堂精品！
333,1509,何善蒙,2015-03-15 00:58:32,70,91,21,给分超好！大爱善蒙哥哥～
611,1509,何善蒙,2015-03-15 07:05:56,31,45,14,听课是一种享受
637,1509,何善蒙,2015-03-15 09:18:20,66,86,20,自由的接受思想的关怀，如此而已，考试只是水到渠成
744,1509,何善蒙,2015-03-16 07:02:03,28,41,13,赞赞赞。人很好，讲课也挺有意思的。
827,1509,何善蒙,2015-03-17 15:41:33,17,24,7,绝对的好老师！
1056,1509,何善蒙,2015-03-21 16:02:45,4,10,6,风趣，有深度，有收获。
1147,1509,何善蒙,2015-03-21 16:19:27,-15,58,73,拉低下虚高的分数吧，讲课没有章法，天马行空。等你和一个真正懂哲学的人辩论，你就会发现，你没学到什么。靠给分高在学生中受欢迎。
1219,1509,何善蒙,2015-03-21 16:44:52,20,33,13,改卷那叫一个快 给分还挺高
1310,1509,何善蒙,2015-03-21 23:09:53,4,9,5,轻松自在
1344,1509,何善蒙,2015-03-22 00:34:05,20,31,11,板书，能不停地讲两节课，很有意思，非常赞！
1415,1509,何善蒙,2015-03-22 02:08:14,4,10,6,娓娓道来
1461,1509,何善蒙,2015-03-22 05:27:28,30,47,17,是以内容吸引学生的老师，讲课力求好玩，课后回味又觉得得到了很多。并且为了让补选的同学选上课会和学院打招呼照顾。最后给分也较为给力。
1463,1509,何善蒙,2015-03-22 05:30:12,3,8,5,最好的老师
1733,1509,何善蒙,2015-03-24 01:10:26,3,8,5,很有趣
2095,1509,何善蒙,2015-04-01 10:20:03,3,7,4,绝对棒棒哒！
2267,1509,何善蒙,2015-04-15 09:05:27,3,7,4,随心所欲！
2385,1509,何善蒙,2015-04-28 02:08:57,11,21,10,最好的老师，教的哲学宽容，自由，不善辩，不力争，从心所欲的做人态度。
2484,1509,何善蒙,2019-03-01 17:25:55,6,17,11,老师很好，上课的方式和他的人生态度结合在一起
3408,1509,何善蒙,2015-06-10 03:59:54,4,11,7,挺棒的
3417,1509,何善蒙,2015-06-11 09:16:32,-1,7,8,业界良心！
3511,1509,何善蒙,2015-06-17 01:24:53,-2,3,5,爽爽爽！！！
3535,1509,何善蒙,2015-06-17 01:29:33,0,5,5,好
4141,1509,何善蒙,2015-06-18 01:59:40,0,5,5,贊
4164,1509,何善蒙,2015-06-18 02:40:54,-2,9,11,都没人觉得他长得像唐马儒吗
4710,1509,何善蒙,2015-06-26 11:44:33,11,19,8,太喜欢何老师和他的课，\n\n随意，有魔性，厉害！！\n\n而且人也很好\n\n不过太受欢迎，选上是福。
5033,1509,何善蒙,2015-07-02 11:08:04,0,6,6,善萌可萌了
5067,1509,何善蒙,2015-07-03 06:17:12,-2,2,4,好
5088,1509,何善蒙,2015-07-03 15:36:36,0,6,6,蒙蒙男神
5287,1509,何善蒙,2015-07-06 09:52:03,0,7,7,给分良心，授课精彩，知识渊博
5811,1509,何善蒙,2015-07-09 12:58:41,3,9,6,老师上课旁征博引，人也很好，能选上他的课基本上也是在我浙的一种幸运了。
6172,1509,何善蒙,2015-07-11 15:19:18,17,60,43,绝大多数称赞的人基本是因为给分，上过善蒙老师的课，认真听地有几个，都是虚伪啊，人这个东西，看得我胃倒腾。
6805,1509,何善蒙,2015-07-23 04:41:44,-2,1,3,享受
7635,1509,何善蒙,2015-09-15 06:58:31,-3,2,5,有风度，有内容，语气上如果能够把握得当效果会更好，很不错的老师
7979,1509,何善蒙,2015-09-16 10:40:58,-3,1,4,很风趣
7988,1509,何善蒙,2015-09-16 11:39:36,-4,3,7,额
8025,1509,何善蒙,2015-09-16 14:13:04,21,30,9,有点像民国大学教授授课的情景
8104,1509,何善蒙,2015-09-17 04:36:45,-3,1,4,随和哦
8960,1509,何善蒙,2015-10-06 09:41:30,-2,2,4,老师真的和善萌！很有思想，课程吸引人～
9116,1509,何善蒙,2015-10-13 08:55:38,-2,1,3,独特的气质 很好
10103,1509,何善蒙,2015-11-16 07:30:53,-3,1,4,人超好，超喜欢他的课
10431,1509,何善蒙,2015-11-18 15:58:46,-2,3,5,相当棒的老师，幽默风趣，学识渊博，讲的很是吸引人！
10443,1509,何善蒙,2015-11-19 00:41:10,-3,1,4,听他的课挺舒服的
10721,1509,何善蒙,2015-11-23 03:19:10,0,3,3,很幽默 很能讲哟
12279,1509,何善蒙,2015-12-22 23:55:01,-4,13,17,楼上那个是来吹你自己有“真正懂哲学”的朋友吧！我想问问您什么叫真正懂哲学？你的那位朋友算懂，满堂彩的何老师算不算？还没学多少东西，每节课讲的内容有几个你知道？
12817,1509,何善蒙,2015-12-24 05:52:31,-1,2,3,666
12975,1509,何善蒙,2015-12-24 12:13:32,-3,2,5,讲的超棒，知识渊博！
13233,1509,何善蒙,2015-12-25 10:50:32,7,14,7,有人自己想水，因而觉得水；有人想学，因而收获多。何老师的课就是这么自由有弹性。我爱他的课
13506,1509,何善蒙,2015-12-28 15:44:39,0,4,4,简直是享受 男神温文尔雅
13693,1509,何善蒙,2015-12-30 10:57:38,-5,2,7,老师给人很舒服的感觉，人特别好，真的是温文尔雅
13854,1509,何善蒙,2016-01-01 10:31:41,-3,3,6,真的是不听后悔！！
14213,1509,何善蒙,2016-01-05 11:14:59,0,3,3,好老师不解释
14242,1509,何善蒙,2016-01-05 15:14:44,-3,2,5,赞就一个字！
14339,1509,何善蒙,2016-01-06 12:06:55,6,12,6,老师很好，很平和，不会强求一些什么，不争不求的心态很好啊，上课也比较有意思。最后收试卷的时候还说了谢谢，感觉就是很棒的，下次通核还选他。
14344,1509,何善蒙,2016-01-06 12:33:48,0,4,4,老师人很好，学识渊博，堂堂皆是经典
14358,1509,何善蒙,2016-01-06 13:18:14,21,34,13,何老师是我男神啊啊！\n\n讲课超级棒，特别喜欢他那种气质和风格。文从腹中来。每节课都是一种享受。老师人真的超级超级好，还很幽默的呢！\n\n我大男神绝对要顶顶顶啊！
14448,1509,何善蒙,2016-01-07 06:45:12,-4,2,6,简直棒呆\n\n虽然我没认真听过几节课
14570,1509,何善蒙,2016-01-07 16:29:40,-2,2,4,真的好老师！
14653,1509,何善蒙,2016-01-08 05:56:13,-2,3,5,特别好，讲的真心好
14654,1509,何善蒙,2016-01-08 06:05:44,-2,4,6,魏晋风流啊
14763,1509,何善蒙,2016-01-08 23:34:31,-5,5,10,工科孩子超级爱听 还满绩是一种怎样的感受
14879,1509,何善蒙,2016-01-10 14:59:12,-3,2,5,有意思
15352,1509,何善蒙,2016-01-14 03:49:52,-2,3,5,特别喜欢～～～内容真的很好～～
15532,1509,何善蒙,2016-01-15 06:52:08,8,14,6,大水课，给分看人品
15533,1509,何善蒙,2016-01-15 06:58:20,8,17,9,给我这么低的绩点我也是醉了，还不如那些上课不听课刷微积分的高。老师不错，但是这给分太伤心了
15534,1509,何善蒙,2016-01-15 07:05:26,2,6,4,给分这么低我也是醉了，写了这么多字至少给个可以看的分数吧
15536,1509,何善蒙,2016-01-15 07:14:48,0,4,4,听得很高兴，不必太纠结学到什么，自然会学到东西。中华文化精髓这类课，老师的风采是重于课的知识内容本身的，何老师很有趣，最后给分也不错。
15544,1509,何善蒙,2016-01-15 08:17:19,-2,0,2,
15581,1509,何善蒙,2016-01-15 12:52:58,0,4,4,儒雅之士
15630,1509,何善蒙,2016-01-16 01:44:29,4,8,4,超级好的老师！反正只有在他的课上我能集中注意力认真听课听完收获颇多。而且老师很幽默非常棒！给分小天使！
15655,1509,何善蒙,2016-01-16 04:51:15,4,11,7,看起来就是有很人文底蕴，很有气质的老师，声音很有磁性，很好听。讲课的内容很有意思。最最关键的是，给分很好。唯一的缺点就是他的课容量太小，选不上.(\n\n\n\n
15690,1509,何善蒙,2016-01-16 06:43:42,0,6,6,水！给分不如以前 但老师真的好好 考试收卷子对每个同学说了谢谢 感觉没好好上课挺对不起他的
15696,1509,何善蒙,2016-01-16 13:09:38,19,52,33,认真听课做笔记最后绩点3.3，不能理解
15760,1509,何善蒙,2016-01-16 08:35:48,-3,3,6,超赞啊啊啊啊啊老师很风趣！给分也好！感觉老师上知天文下知地理博古通今啊啊啊啊！自带气质啊啊啊！高人考完试交试卷给他他说谢谢，惊讶～
15819,1509,何善蒙,2016-01-16 10:43:57,13,22,9,不能释怀，认真听了做了笔记。给了比平均分还低的分数。别人水水随便写点特么满绩。但还是给10分吧
15824,1509,何善蒙,2016-01-16 11:02:08,4,10,6,"幽默厉害的老师，关键是有风度。一句""诸位""很有感觉，""每天都活泼泼一点""  我想这样的老师总能教给学生除了知识以外的很多东西，但前提是你要认真体会"
15839,1509,何善蒙,2016-01-20 12:35:32,-1,6,7,认真听了2皆可，其他课但没怎么听。结果给分很好。
15872,1509,何善蒙,2016-01-16 13:09:14,-4,2,6,思想在自由漫步
16384,1509,何善蒙,2016-01-18 04:21:27,-3,2,5,给分好。。。
17069,1509,何善蒙,2016-01-19 14:15:34,0,5,5,忘却作业与论文，感受中华文化的神奇之处。而且，只要上课认真听，考试根本不用复习嘛!
17099,1509,何善蒙,2016-01-19 14:53:25,19,32,13,2.多的绩点已经无爱
17337,1509,何善蒙,2016-01-20 04:59:37,-3,2,5,很和善很温柔很有礼貌的老师
17866,1509,何善蒙,2016-01-21 03:06:50,15,19,4,老师上课挺好的，我的分也挺高，但是可能会觉得有时候给分有点太随意，会让一直坚持不翘课的同学有点小伤心
18618,1509,何善蒙,2016-01-22 06:43:15,-2,2,4,超级超级超赞
20076,1509,何善蒙,2016-01-26 04:56:07,-3,4,7,第一节课就说不点名，课非常有营养，值得认真听。考试就5道题，基本就测试你有没有听课
20748,1509,何善蒙,2016-01-31 02:20:45,0,4,4,何老师讲得东西很受用，听课也很有意思，考试的全是讲过的，给分没有往常好。还是希望大家选了就要认真听。
20873,1509,何善蒙,2016-02-02 18:31:34,-2,8,10,满绩很难很难的，老师讲的很好，但你挂在嘴边的满绩是不是留给认识你的又爱好哲学的少数人呢，我觉得这老师给分太随意，没什么标准
21032,1509,何善蒙,2016-02-12 09:41:19,-3,3,6,受益匪浅
21077,1509,何善蒙,2016-02-15 12:50:48,-4,1,5,不错哈\n\n
21105,1509,何善蒙,2016-02-17 08:10:21,19,30,11,老师观点挺独特的。给分过于随意，听课的超级低，一直翘的能满绩，太伤人了
21152,1509,何善蒙,2016-02-23 04:04:03,-1,13,14,我可没有说何不懂哲学喔。何复旦哲学博士出身，比你们不知道高哪里去了。但是不想和你们这些大一小朋友玩啊，你们哪，naive ，要提高姿势水平
21648,1509,何善蒙,2016-02-29 11:58:13,0,4,4,赞赞赞
21828,1509,何善蒙,2016-03-01 07:30:18,1,3,2,给分比较随机，认真听有收获
21890,1509,何善蒙,2016-03-01 12:40:41,0,5,5,真正的好老师
22109,1509,何善蒙,2016-03-02 11:02:20,0,4,4,课上的超级精彩，每堂课结束感觉意犹未尽
22326,1509,何善蒙,2016-03-03 15:15:59,0,5,5,还好哟
22385,1509,何善蒙,2016-03-04 05:15:30,7,25,18,只是一个很平常的老师，浙大学子怕是没见过真正的高手与好老师吧。
22915,1509,何善蒙,2017-01-29 00:54:33,2,12,10,每年都发一个批判一个萌萌的回答，就是为了测试历届人文学生的智商。\n\n点反对的同学，戳到你们的痛处了吧，反驳\n\n也要按照基本法啊，你到底学到了什么呢。我说的是哲学问题课喔
24663,1509,何善蒙,2016-05-03 03:26:04,0,5,5,通核课一点都不水！据说最后成绩会正态，只是希望给分能好一点。
26754,1509,何善蒙,2016-06-21 04:53:58,1,6,5,谢谢诸位
26964,1509,何善蒙,2016-06-22 02:40:04,-2,6,8,何男神真的超级棒！从不点名！通核课超赞！然后遇到的助教也很好啊啊啊～～希望能再选上何男神的中国文化精髓\n\n
28513,1509,何善蒙,2016-06-28 09:43:19,0,5,5,讲课真的特别特别棒，听了好多魏晋人士的趣事，特别的竖排板书很有味道。
28610,1509,何善蒙,2016-06-28 10:59:26,-1,4,5,超级喜欢善蒙老师的思想，赞赞的！
30070,1509,何善蒙,2016-07-01 01:48:33,0,4,4,讲得很好，给分比我预期要好，太棒了
30071,1509,何善蒙,2016-07-01 01:48:33,0,5,5,不是很懂这么好的课为什么到最后只有辣么少的人去听。。
30120,1509,何善蒙,2016-07-01 02:53:29,-10,3,13,两次满绩不说了
31566,1509,何善蒙,2016-07-04 06:36:21,-6,2,8,宗师人物，幽默风趣
32897,1509,何善蒙,2016-07-26 00:55:04,-1,2,3,最认真的课，没有之一
32930,1509,何善蒙,2016-08-06 05:18:20,2,14,12,欺世盗名
34206,1509,何善蒙,2017-06-07 11:02:24,2,6,4,板书竖着写，太有味道了
34440,1509,何善蒙,2016-10-10 11:20:58,0,3,3,生动有趣，例子详实，老师幽默风趣，知识渊博。
34517,1509,何善蒙,2016-10-12 10:33:20,-2,0,2,23333\n\n
38402,1509,何善蒙,2016-12-02 07:31:49,0,3,3,很喜欢
40598,1509,何善蒙,2017-01-15 19:13:51,7,12,5,水不水是自己的态度，不是课程的内容，顶多算是老师的包容吧。何老师就是把他想到的讲给你听，你多少有一点点收获，那就很好了。这种好课实在太少了，再多开老师一定会说上太多课好累，有没有人帮我讲讲~
42819,1509,何善蒙,2017-01-15 08:28:44,-1,2,3,从不点名 很随意 上课行云流水 听听很舒服 给分也很好
43036,1509,何善蒙,2017-01-15 15:08:52,-1,1,2,有没有人帮我上这节课啊？
44278,1509,何善蒙,2017-01-17 13:59:47,-2,2,4,赞赞赞，上课讲得好，不点名没作业，考试可以带手机，考完会对你说谢谢，给分还好
44347,1509,何善蒙,2017-01-17 15:51:27,-1,1,2,。。。
45893,1509,何善蒙,2017-01-20 08:38:15,-2,2,4,先生真乃奇人也。
46948,1509,何善蒙,2017-01-23 04:49:57,-2,3,5,通核被助教正态
48237,1509,何善蒙,2017-03-01 11:22:39,0,4,4,中年男士萌起来是怎样的体验？
48743,1509,何善蒙,2017-03-11 06:00:34,-1,0,1,还行哦
49346,1509,何善蒙,2017-07-02 13:07:43,-7,9,16,我觉得他太扯了，东西讲不清楚却很装逼
50472,1509,何善蒙,2017-05-03 05:43:40,5,8,3,和善萌老师
51286,1509,何善蒙,2017-05-27 11:29:58,-2,0,2,事很少的通核课~听何老师讲课是一种享受
51894,1509,何善蒙,2017-06-13 08:13:25,-3,0,3,其他老师传递知识，他传授智慧。
52501,1509,何善蒙,2017-06-20 13:43:59,0,3,3,我很后悔有几节课没有认真听
54340,1509,何善蒙,2017-06-29 06:21:21,0,2,2,太棒了
55663,1509,何善蒙,2017-07-02 06:38:51,-1,1,2,和善，且萌
55679,1509,何善蒙,2017-07-02 07:22:33,-2,0,2,相当好\n\n
55740,1509,何善蒙,2017-07-02 09:59:45,1,2,1,水水水
55780,1509,何善蒙,2017-07-02 11:16:26,0,4,4,先秦诸子讲的很好，超级友善，给分也好，很为学生着想，另外助教人超好的。\n\n
56037,1509,何善蒙,2017-07-03 03:12:37,-2,1,3,啊啊啊遇到的最好的老师没有之一 后悔自己没有好好听课呜呜
56073,1509,何善蒙,2017-07-03 04:24:29,4,9,5,助教姐姐是仙女！
56117,1509,何善蒙,2017-07-03 06:01:09,-1,1,2,低音炮助教小哥哥超可爱！老师心态很好hhh，棒！
56612,1509,何善蒙,2019-11-17 05:13:57,-28,6,34,中国哲学\n\n不点名，没作业，一个学期没去上课，最后4.8，哲学看觉悟吧。
56617,1509,何善蒙,2017-07-04 05:53:40,-1,1,2,上了何老师三门课，我绝对是真爱粉（捂脸）。虽然通核被正态了有点不开心，但是总体上讲老师给分很厚道，而且也学到了很多知识。总之，何老师能让我这个笨人听懂哲学课我已经很满足了。
56654,1509,何善蒙,2017-07-04 07:26:52,-3,1,4,给分随便，看哲学觉悟吧，哲学觉悟几个人有呢，还不是看运气……
57186,1509,何善蒙,2017-07-06 02:32:34,1,5,4,表白助教小姐姐(〃ω〃)老师人超好从不点名炒鸡和善(*¯︶¯*)
58103,1509,何善蒙,2017-07-31 04:24:17,-1,1,2,真的好
58742,1509,何善蒙,2017-09-16 10:46:48,-1,1,2,一点点教授
60465,1509,何善蒙,2017-10-21 11:16:38,-1,4,5,赞到不行，很帅很有人格魅力，最后一堂随堂考竟然忘了带笔记但是最后还是4.8
60724,1509,何善蒙,2017-10-28 08:17:00,0,1,1,何老师是男神，上课总能学到真知识，真的很有趣
66360,1509,何善蒙,2018-01-15 11:04:24,-1,0,1,体验很好，如同百家讲坛～谢谢老师～
70058,1509,何善蒙,2018-01-26 05:12:44,-1,0,1,哇感觉展示用点心，论文用一点心给分就很不错
70071,1509,何善蒙,2018-01-26 05:22:48,-1,1,2,何善蒙老师超级萌，一点架子都没有的男神老师hhh
72326,1509,何善蒙,2018-01-30 02:05:35,0,2,2,老师有趣并且很随和～从不点名，每堂课感觉都在听故事很有趣，上课认真听，期末考没啥问题，平时事不多，就是讨论课，一学期两个展示，最后期末考试全部是主观题
76613,1509,何善蒙,2018-04-16 08:05:04,0,2,2,有很多优点我就不说了。\n\n板书基本看不清，有些古文写出来并不解释，苦恼。
78612,1509,何善蒙,2018-05-14 00:55:23,0,2,2,上课第一句：诸位。板书是繁体竖写（有些字不会繁体2333），讲课娓娓道来，解读老庄尤见潇洒。
82988,1509,何善蒙,2018-07-09 12:10:40,0,4,4,哇 善蒙老师超级好!\n\n上课有水平!助教小姐姐也超级好!\n\n理论课从不点名，展示课认真准备收获也挺大的，最后考试都是很可爱的题目哟，不会太难，对理科生也很友好哈哈哈\n\n然后就是这么通核好像现在变成5级制了，最高也只能4.5。但是认真准备也可以轻松4.5嘻嘻\n\n最后强烈推荐，选了不亏
83029,1509,何善蒙,2018-07-09 13:46:40,0,3,3,老师真的很有魅力，一个学期的课之后我对先秦诸子百家的了解确实有增加了，重点表扬我们的助教哥哥，真的超级棒，一个学期的上课体验都很棒，呜呜呜还会因为教室空调坏了给我们发红包，棒呆惹!
85285,1509,何善蒙,2018-07-16 22:41:19,1,4,3,老师人真的很随和，最后考试让同学自己出了一道题，上课从来不点名，尽管后来课堂上只有一半的同学。听老师的课真的多多少少会学到一些东西，平时事情也很少，最后考试背一背各大家的中心思想，讨论课积极发言最后分数会很好。
88806,1509,何善蒙,2018-11-08 10:47:22,-2,0,2,善蒙太好了呜呜呜
89055,1509,何善蒙,2018-11-15 01:18:01,0,1,1,感觉是我唯一每节课都认真听的通识课了。
97074,1509,何善蒙,2019-01-21 15:45:08,-2,2,4,萌老师真的太好了啊 每一节课都是信手拈来闲云野鹤的大师风范 考试的时候还说写这么些可以了差不多就行了2333（而且和理科生抢通核而且没有被压分这个太好了！
97085,1509,何善蒙,2019-01-21 15:57:21,-1,2,3,老师超好超可爱！讲先秦诸子好有意思呀！考试也是很合大家心意的！助教姐姐也很好很漂亮！开心！
97101,1509,何善蒙,2019-01-21 16:05:12,-2,1,3,太有魅力了
98154,1509,何善蒙,2019-01-23 06:28:12,-1,1,2,事儿少分好水平高 爱我蒙
98370,1509,何善蒙,2019-01-23 11:24:18,0,2,2,何老师真的太棒了，超级有风度，转粉啦
100044,1509,何善蒙,2019-01-25 13:12:50,-2,3,5,为什么老是不是10分？？？？
102840,1509,何善蒙,2019-10-26 12:29:02,34,81,47,你们的善蒙哥哥出事了
102957,1509,何善蒙,2019-02-25 06:12:04,0,2,2,老师是好老师，助教小姐姐也很好！能学到东西。考试简单但是感觉大家好恶竞，工科男有点无奈。
103013,1509,何善蒙,2019-02-25 11:19:02,25,42,17,不是...你萌试试看知乎“何善蒙”?\n\n反正我百度何善蒙之后看到关联【何善蒙女学生】就...知乎了一下w  orz
103573,1509,何善蒙,2019-03-01 11:41:33,33,50,17,首先给十分，的确好老师，但是出轨这事是真的吗？还有和L（此处保护他人隐私）姓女学生的不正当关系也是真的吗？
103586,1509,何善蒙,2019-03-01 17:25:15,11,24,13,他出事了，去知乎搜索有惊喜哦，和女学生关系暧昧还利用教授权利让她直博，人品存疑
107545,1509,何善蒙,2019-05-06 11:12:31,51,92,41,搞女学生，帮女学生发文章，真乃谦谦君子。
109889,1509,何善蒙,2019-06-20 04:43:12,2,3,1,刚考完试，心碎了，中国哲学史II的考试对于只会单纯听课，不会思考的同学来说还是有点心碎了。虽然老师是挺好的，但是就感觉考出来的成绩不会怎样，而且考试定生死，占比很大，让我很谜。
110289,1509,何善蒙,2019-06-25 10:47:33,-2,1,3,挺好的，推荐
110313,1509,何善蒙,2019-06-25 13:38:38,0,3,3,很有思想的老师！
111250,1509,何善蒙,2019-06-30 18:40:16,1,4,3,据说老师和玉泉跳楼的那位聊过？
113092,1509,何善蒙,2019-07-05 23:14:08,2,3,1,听课还是不错的，讨论课实在是恶竞现场，给分也有点迷
113125,1509,何善蒙,2019-07-05 23:57:47,14,18,4,真的是很普通的一个老师，不知道为什么会有那么多人舔他。给分也炒鸡不合理，完全就是随性而为！
113198,1509,何善蒙,2019-07-06 01:30:10,4,6,2,给分成谜？？？？
113270,1509,何善蒙,2019-07-06 03:28:42,0,5,5,我的妈选到就是赚到！
116216,1509,何善蒙,2019-09-06 09:22:33,7,9,2,课水事少分低。感觉没有那么神
116456,1509,何善蒙,2019-09-11 00:06:14,2,4,2,讲的超棒，超水，啥事没有，期末考题告诉你
116699,1509,何善蒙,2019-09-13 13:22:51,-5,8,13,何老师讲的超棒！表白温柔的卢涵助教小姐姐！
117209,1509,何善蒙,2019-09-20 10:45:06,3,4,1,困了 听不清 看不清
117880,1509,何善蒙,2019-10-07 13:34:25,3,4,1,为什么不点名
122241,1509,何善蒙,2020-02-20 12:20:56,12,14,2,诸位！……奥利给！
123519,1509,何善蒙,2020-06-09 10:08:41,8,11,3,一点点zjg经销商【大雾】
123892,1509,何善蒙,2020-06-15 18:02:01,3,5,2,中哲2:考试什么的会和学生商量，很民主。第一节课聊了聊哲学学习状态，得到治愈，在孔大师之后来拯救人类的天使。考试形式我们自己选的，3道题，字数限300以内，12个小时，开卷。平时积极互动就好了，随心所欲发表观点，说啥都行。一点点民间安利机，感觉随时会溜去算命。舒服，随性，接地气。老实说，个人以为，哲学该多沾些烟火气了。老师与我观点很合，快乐。分未出，不过这其实也不那么重要，找到兴趣是关键。
124043,1509,何善蒙,2020-06-22 08:27:04,0,6,6,中哲2：上课慢条斯理，本人儒雅随和。一学期下来大概修成道童境界，似乎学到了很多，却又脑袋空空。考试形式会和同学讨论，考试3*300字可把我给舒服坏了，写的越少越不容易暴露我啥也不会。上课互动可有可无，氛围还算轻松，平常作业也少到简直让人直呼幸福。最后一脸懵地突然就满了...（思考状）可能是期末题答得好加上平常会和老师互动吧？
124049,1509,何善蒙,2020-06-22 09:37:16,-1,0,1,很棒棒
125272,1509,何善蒙,2020-09-05 07:53:17,2,4,2,对学生非常好，互动及时，每周最开心的事情就是能上何老师的课。上网课时候打在公屏里的话，他看到都会回应你，很有参与感。目前最喜欢的老师~
128238,1509,何善蒙,2020-12-15 00:12:13,-26,13,39,学术不错，只是人有问题
129437,1509,何善蒙,2021-01-05 10:00:15,0,3,3,讲课风趣幽默，易于理解，内容很凝练，但是大家要记得课后回味啊o(*￣︶￣*)o
129543,1509,何善蒙,2021-01-07 03:52:45,2,5,3,没的说，上的先秦诸子，一节课都不想落下
130477,1509,何善蒙,2021-01-23 00:30:04,2,6,4,中国哲学原著导读，何老师带我们品读了一本周易.堂堂精品，将周易讲的深入浅出，令我受益匪浅.同时，何老师从不点名，这堂课除了期末的不限字数文章没有任何其他作业.期末作业就是写一下对周易的看法，只要有自己的想法，我就写了2000字，何老师就给了4.8的高分.再次感谢何老师，yyds！！！
131553,1509,何善蒙,2021-01-28 03:50:08,3,7,4,事少分高
131554,1509,何善蒙,2021-01-28 03:50:08,3,7,4,事少分高
131570,1509,何善蒙,2021-01-28 04:53:04,0,5,5,给分只能说还行吧\n\n从不点名\n\n人很好
131995,1509,何善蒙,2021-01-30 02:04:24,6,11,5,先秦诸子真的很好
132130,1509,何善蒙,2021-01-30 12:22:56,4,8,4,话不多说了 事少分高是真的 先秦诸子好课!
137135,1509,何善蒙,2021-07-01 11:34:08,0,1,1,中哲2口试，给分蛮好的~老师上课也收获了很多，谢谢smgg！
137674,1509,何善蒙,2021-07-05 14:31:01,-3,1,4,老师人很好
139196,1509,何善蒙,2021-07-13 08:12:31,4,7,3,中国哲学史2，最后考试形式是口试，中间没有什么作业，上课记得记笔记。麦思威冰美式推广大使。
142466,1509,何善蒙,2021-11-12 02:01:01,-7,8,15,老师是好老师，课是好课，就是一帮学中文学历史的外专业卷怪跑到中哲专业课来卷是几个意思
143484,1509,何善蒙,2021-11-25 16:25:10,39,48,9,学妹变师母主角之一。讲课对大一新生来说有趣，给分随机（出现过期末分相同，平时分高的人反而比平时分低的人低一个等第的情况）。
143491,1509,何善蒙,2021-11-25 17:02:35,13,14,1,打分随意
144208,1509,何善蒙,2021-12-20 12:22:28,-6,0,6,好老师！受益匪浅！！！
148882,1509,何善蒙,2022-01-14 01:03:45,1,1,0,000
149963,1509,何善蒙,2022-01-18 05:13:49,-7,0,7,上课有趣给分很好，想学能学到东西想水也能轻松水
150494,1509,何善蒙,2022-01-27 03:48:47,12,12,0,之前评论说给分随机，后来自己体会到了，平时分挺高，结果估计是期末考分给的挺玄学，总分不高。
150768,1509,何善蒙,2022-02-18 04:54:57,22,26,4,上的是何老师的《先秦诸子思想》。就正课（非讨论课）内容而言，门槛较低，节奏较慢；虽然是哲学课，但内容偏文史方面，形而上的部分涉及较少或较浅。\n\n就成绩与课后作业而言（评分5级制，本人A等，绩点4.5）， mooc占比20%：其中mooc期末考试占比30%，十二次的单元作业占比50%（所有作业的大头，每周一次，每次3道讨论题，每次共100分，如果希望得90分及以上，每题基本600字以上，且要认真阅读教材），讨论区回帖占比20%；  讨论课占比40%，其中有5次小组展示（presentation），每组5到6人，两次老师选题，三次自主选题； 期末考试占比40%，共4道题，有两道是老师和同学们商量确定的\n\n  总而言之，个人认为何老师的《先秦诸子思想》非常花时间，在准备pre和写课后作业的过程中能够收获很多，适合真心希望学到知识并愿意付出时间和精力的同学；同时建议何老师稍稍加快课程节奏，增加课程容量，并提高形而上学内容的占比，使这门课更哲学一些。最后祝何老师的课越来越好！
151305,1509,何善蒙,2022-02-28 07:36:12,8,10,2,似乎就我觉得讲得慢听不长想睡觉呢
151888,1509,何善蒙,2022-03-19 09:12:20,13,18,5,表面上上课很好，但是实际上你写小文章分就是低，问个好几个人都是这样。如果写小文章就是低的话，为什么不一开始就说明呢
151889,1509,何善蒙,2022-03-19 09:12:23,13,22,9,给女生高，给男生低，不愧是你。\n\n(跟女研究生。。。
153398,1509,何善蒙,2022-05-30 06:30:54,-10,5,15,老师超有意思！
153901,1509,何善蒙,2022-05-16 09:31:52,19,20,1,“德育导师”
154223,1509,何善蒙,2022-05-26 09:02:25,-25,16,41,下面那个说给女生高给男生低的是有多不负责才能没数据支持就得出这种结论...我去年上的，男的，平时视频作业一题不超过100字，满了。老师真的很理解学生了，名又不点，又不愿意想办法在其他方面卷一卷，还想拿高分，你觉得自己凭啥?
155168,1509,何善蒙,2022-06-09 04:07:04,-19,5,24,给分真的太好了
155393,1509,何善蒙,2022-06-12 06:12:41,25,36,11,给女的高分，给男的低分。不愧是你啊😍 😍 😍 😍
156225,1509,何善蒙,2022-06-18 09:24:58,2,5,3,请问一下大家，这个学期的先秦诸子是五级制还是百分制？
156392,1509,何善蒙,2022-06-19 10:21:20,-8,2,10,很喜欢
156397,1509,何善蒙,2022-06-21 02:04:39,-22,7,29,善蒙哥哥真的很好，讲的很有意思也很有深度。先秦诸子是我最喜欢的通识课，老师不点名，不鼓励恶竞，我们的讨论课发言三次即可，小组讨论积极参加，mooc作业认真完成就可以。时间是一定要花下去的，但是汇报也是有的。差一点点满绩有点遗憾，但是善蒙老师真的很值得！
156403,1509,何善蒙,2022-06-19 11:54:21,-8,3,11,好好好
156782,1509,何善蒙,2022-06-21 03:02:35,-2,7,9,老师贼好，第一节就说从不点名，说翘课是每一个学生该有的权利，给分也很好，老师上课也很有趣
159738,1509,何善蒙,2022-08-26 15:28:34,4,5,1,前面有个同学说的有道理啊，感觉考试的简答题写了字数很多小作文确实不容易拿高分，我就写了挺多字的然后绩点挺低，平时小组发言也挺积极的
163363,1509,何善蒙,2022-12-14 00:23:57,-4,1,5,超赞的
164292,1509,何善蒙,2022-12-20 06:43:43,-2,1,3,非常好的老师！
164679,1509,何善蒙,2022-12-23 08:32:21,17,27,10,现在的小朋友是不是不知道老师的光荣事迹了嘻嘻，人品堪忧，女同学们还是要小心
166324,1509,何善蒙,2023-01-12 02:46:31,-13,13,26,我爱何老师 不解释 郭学姐我也爱 不解释\n\n喜提大学第一门满绩 真的很意外
166335,1509,何善蒙,2023-01-12 03:48:11,1,4,3,老师给分真的很好，这点不用担心，我慕课70分老师甚至给分不错。就是课程评分细则确实不太清楚，讨论课慕课要求老师确定说的不太仔细，一不小心就漏了，我就直接慕课讨论区一次没发。讨论课一学期发言三次就够了，别的时间随便摸鱼。再好好做点作业，相信都能收获好绩点
166505,1509,何善蒙,2023-01-12 12:34:55,8,9,1,老师真的很好，但是关于MOOC的评分一开始没有交代清楚，讨论彻底无了，最后MOOC只有70分。虽然讨论课也多次发言，甚至还做了个人演讲，不过最后得分显得还是有些低了。就当是自己运气不好了吧。
166559,1509,何善蒙,2023-01-12 23:48:29,3,4,1,老师上课很有趣，先秦诸子是我很感兴趣的一门课。每次作业都认真完成，讨论课也积极参与，最后分数也让我开心了一小下。另外，讨论课上可能会出现大佬。强汉同学是真强悍啊
168318,1509,何善蒙,2023-02-11 05:06:50,2,3,1,自己摆烂一学期，上课划水讨论课不发言，mooc作业因为疫情在家忘掉三分之一最后还有4+，感谢老师捞捞！助教小姐姐超可爱！前面有提到强悍同学的，是课友没错了
168977,1509,何善蒙,2023-02-24 02:18:31,-10,6,16,水课，事多
170315,1509,何善蒙,2023-03-02 17:42:47,-3,4,7,谦谦君子
171909,1509,何善蒙,2023-04-12 08:52:59,0,1,1,哇好老師
177404,1509,何善蒙,2023-07-03 07:14:00,-1,3,4,好老师！课水事少给分高虽然被卡绩了没有满有一点点失望但是总体真的很棒
177415,1509,何善蒙,2023-07-03 08:22:25,11,13,2,老师也许很好吧。先秦诸子思想：但是如果你不对这方面感兴趣and可以迅速查找资料，出口成章侃侃而谈建议别选。讨论课如果你遇到的助教，，，你就会发现自己对诸子百家并不太大了解，压根拿不到很好的个人分。社恐劝退。相信给分好别来。如果来的话希望你能有一个比较好的助教吧赫赫
177450,1509,何善蒙,2023-07-03 09:54:59,2,5,3,讲课很好，讨论课事情多，给分一般，mooc90分以上，考试感觉写的也挺好，讨论课是组长，做了三个展示，讨论课格外分也都有，最后才3.6
179664,1509,何善蒙,2023-09-19 06:45:19,1,1,0,超可爱的老师，上课很有趣还不点名，助教小姐姐也很好
180598,1509,何善蒙,2023-09-23 08:42:18,2,3,1,给分不错，上课可以划水但讨论课事多不多感觉和分到了哪个助教有很大关系
181517,1509,何善蒙,2023-10-20 18:01:13,2,2,0,要说自由，那还真的挺自由的
186390,1509,何善蒙,2024-01-11 02:35:05,6,6,0,中国哲学史2（专业课）\n\n上课非常自由，不点名。\n\n因为哲学史1其他老师的原因，这门课导论讲了3节。\n\n主要是秦汉哲学和魏晋玄学。\n\n上课可以不去，去了也可以不听，但是认真听会发现干货很多很扎实（尤其是第四第五节课之后样子）。\n\n考核是一篇小论文或者口试。\n\n我觉得反正听了一学期还是选择口试比较好（听说口试得分也比较高，可能老师让你选也有老师的理由？）\n\n问的问题是“竹林七贤的生活方式有没有哲学性，如有请举例，如没有请说明理由”\n\n题目是抽取的允许换一次题。\n\n上课时反正我听的很认真也和老师积极互动，可能口试的印象分也会好一点吧！\n\n作为一个工科生获得95实在是非常惊喜！这课无论你是水还是听都值得一选！\n\n关于男生女生的得分问题这个学期也暂时没看出来，我是男生，然后听哲学系的同学上个学期原著选读反正男生女生都有不少上4的吧好像……
186497,1509,何善蒙,2024-01-11 10:47:17,6,6,0,中哲史II，口试和小论文最后选的小论文。给分薄纱我了😨
186579,1509,何善蒙,2024-01-12 02:26:05,2,2,0,中哲史II 讲课比较飘逸 还挺好听的呢\n\n期末口试或小论文\n\n我小论文被打了比较低的分/(ㄒoㄒ)/~~
188737,1509,何善蒙,2024-01-19 17:49:01,3,8,5,不管别的，只从学术水平和教学质量来说，何老师确实很有水平，我感觉他是哲院最具有哲学气息和他教的魏晋风度的老师，给分也非常好。
190141,1509,何善蒙,2024-02-23 16:30:52,1,5,4,何老师上课轻松活泼，气氛活跃，知识丰富。他的《先秦诸子》通核课程内容充实，形式自由 (上课从不点名，讨论课或需签到；期末考试由老师和学生商讨题目内容) ，需要学习慕课内容并完成作业；付出相应的努力，给分还是非常理想的。
192381,1509,何善蒙,2024-05-17 03:59:10,1,5,4,上十大了
192387,1509,何善蒙,2024-05-17 06:17:57,-18,5,23,师生恋是么？咋评分这么高，因为给分好就评分高？
195568,1509,何善蒙,2024-06-28 23:32:12,3,5,2,大家期末考记得精简，亲身试验，字多了分一般。\n\n老师比较自由，挺好的，最为通核水就行了。\n\n另外可能讨论课占比大，这个看助教，助教说平时分正态，诶没办法。\n\n虽然自认为相对卷，mooc没缺分还算可以，最后是4.5/90，不过通核课算水且好拿分的。（可以参考很多通核课的麻烦事及幽默期末考，hsm老师期末考考前已知道题目
195618,1509,何善蒙,2024-06-29 04:56:42,1,4,3,先秦诸子绝对好课
195666,1509,何善蒙,2024-06-29 10:19:42,5,11,6,讨论课每节课都发言，pre认真做，期末写了满满四面，最后绩点3.9…\n\n只能说学没学到什么东西，也没拿到什么分\n\n看着选吧，呵呵😄
195682,1509,何善蒙,2024-06-29 13:43:54,3,4,1,期末问题就是不要写太多，前面就有例子。
195726,1509,何善蒙,2024-06-29 17:49:45,3,5,2,10分是给hsm老师打的，老师上课幽默诙谐确实能学到东西，但是这门课的体验跟助教关系也很大，如果你的助教是zq，那么恭喜你，你将一学期收获三个PPT的pre，一个剧本杀（需要你上课现场自己编剧本上台展示），一个小组赛（一节课两个组现场给题目做PPT演讲然后pk），还有数不尽的个人分环节（涵盖了个人展示、点评、观影报告等，我就是只参加了两三次最后绩点很惨淡），现在统计一下这些任务我都难以想象我这学期怎么过来的，横向对比一下我的室友，他一个学期就做了一次小组展示，讨论课也很水，最后绩点都上四了，在期末考题目都事先告诉你只要背个答案就行的情况下我不相信他能凭借一个期末考拉我那么多分。我们比他们多做了那么多事最后获得的成绩却没有他们轻轻松松水课的高，这不是显得zq这个班的我们很小丑么。最后重要的事情说三遍，不管你是想轻轻松松水这门课，还是想拿个高绩点，又或是轻轻松松水这门课的同时拿个高绩点，别选zq！别选zq！！别选zq！！！
196388,1509,何善蒙,2024-07-03 08:05:40,-5,4,9,先秦诸子特别好，强烈推荐，就是慕课不要忘记，我个人忘了很多次。讨论课还都挺舒服的，上的zq的助教课，总体挺舒服。分为两部分，小组分和个人分，小组主要是一学期3次pre强制，其他都能水，能看很多节课视频还能做其他作业。个人分不用站起来说，基本都是打字发群里就行，而且也不强制参与，刷得差不多就收手了。另外特别爽的一点是，zq助教是真的会给认真的高分，拖后腿的给记过。小组有人划水拖后腿，让他准备材料基本拖到最后一天也不给，让他上去讲然后他ppt都没看过，真的无语，然后上课连请三周不来呵呵，群里装死不回消息。最后出分这人在小组群破口大骂说助教坏话，我只能说，好死！爽到！
196487,1509,何善蒙,2024-07-03 17:31:46,7,9,2,分基本出完了，来评一下。\n\n我计院离散竺院普物这种硬课的绩点都比这破通核高得多，高0.6甚至1.2以上，我自认为平时应该也不算是个太摆烂的人，上过这两门课的人应该都知道它们的硬度。\n\n今年这课(先秦诸子思想)感觉黑化了，有人总评80被下调两分的，不是说80分以下人数比例的规定已经取消了吗，还是通核课仍然有这破规定？\n\n如果你选这门课只是为了指望一个高绩点，完成培养方案的任务，快跑吧呵呵，老师上课随意(非贬义，老师讲的还是相当不错的，而且从不点名)，打分也挺随意的。想了解先秦诸子思想完全可以旁听。\n\n所以，我在这里打了跟我的绩点(史上最低的)一样的分数。
200463,1509,何善蒙,2024-10-17 10:00:20,1,1,0,...
205173,1509,何善蒙,2024-12-02 11:22:55,2,4,2,无敌了我草了为什么每次作业八十分啊助教能不能睁大你的gou眼看看我是不是AI写的啊，他妈每次用手敲的一次比一次分低真唐完了，一模一样的答案有两个分含shi量不用多说了吧，你要问我怎么知道的？我有次作业直接照搬同学的，给的分不一样给我看笑了，属于是没有啥原则可言太幽默了
205797,1509,何善蒙,2024-12-12 04:43:28,2,2,0,给分随机，觉得自己是赌王的话可以选。
205961,1509,何善蒙,2024-12-13 02:12:18,4,5,1,老师的人和课都很有趣，给分应该主要看期末考。甚至考题都是让学生自己出的，拿分高的关键可能就是回答不说废话，体现自己在这门课学到的东西，总之就是让你的答案和上课之前你的答案不一样，所以平时还是要稍微听一点。\n\n我自己平时绝对不卷，小组展示也一般，但最后应该是期末考回答的不错，拿了4.5。
206614,1509,何善蒙,2025-01-07 08:56:11,3,4,1,没什么好说的，何老师就和他说的一样，真的善，必须满分。很多人说zq助教给分差，但上完发现也很好。只要课上愿意把任务完成，讨论课分数不会低。
207759,1509,何善蒙,2024-12-24 07:27:00,2,2,0,老师就和他的名字一样，和（何）、善、萌（蒙），很好的老师，喜欢哲学会喜欢这门课的
208226,1509,何善蒙,2024-12-26 08:24:53,-5,0,5,老师先秦诸子思想上课我个人感觉有点应付(不过这点情有可原，毕竟来的人少并且只是普通的通识课)\n\n但是，你给分是真随机，评分标准也很模糊，mooc上的讨论题莫名其妙有的有分有的没分，而且给分还见人下菜，给强基直接的连读专业的人正太，调到80以下，真有你的，我这课的分比普物都低得多。\n\n1分送上。
208395,1509,何善蒙,2024-12-27 10:41:54,0,0,0,先秦课很有意思，不点名，不做PPT，讨论课也很有意思，期末试题我们自己提前商量好题目，自己答，学到了很多
209377,1509,何善蒙,2025-01-05 19:27:44,0,2,2,其他的在此不谈，老师教学上还是很不错的 ，很考虑学生，考核也轻松，也不点名，讲课也好
211748,1509,何善蒙,2025-01-12 10:01:56,3,4,1,何老师上课有三不，只记得不点名了（）\n\n先秦是通核中压力偏小的一门课了，主课可以不去上，讨论课看助教，我遇上的助教事情很少，一学期两个pre。\n\n最终给分我可能差了点……但是通核嘛，主要是轻松一点好\n\n8分推荐，留下两分因为要看你分到哪个讨论课助教的因素在
211755,1509,何善蒙,2025-01-12 10:22:56,0,0,0,上课轻松，100％不点名，而且本学期甚至预知期末题目（但是闭卷）。\n\n本来想给满，但是慕课肝到前几最后还是卡绩3.9，不是讨论课栽了就是期末栽了呜呜呜呜呜呜呜呜感觉还是这课适合自身想法多的文科生QAQ
211756,1509,何善蒙,2025-01-12 10:27:51,2,3,1,好老师，无需多言
212297,1509,何善蒙,2025-01-14 01:01:00,5,6,1,这门课应该是通核里的天花板了。何老师是非常非常好的老师，上课特别随和，表面看起来轻松愉快，但如果认真听就会发现能学到很多。讨论课是小组展示的形式，整体也十分友好，用心做收获良多。何老师应该说是为数不多的能从学生的角度出发思考问题的老师了，对评价、授课方式等也有自己独到的见解。不像某些老师，死板又无趣，讲得不好还逼着学生来听课最后又给低分
212948,1509,何善蒙,2025-01-15 10:18:34,3,3,0,讲课特别好，人也特别好，萌萌老师我爱你！！！！！（萌萌老师身上一股浓浓的旦味哈哈哈哈哈）
214478,1509,何善蒙,2025-02-07 03:13:15,4,5,1,上的是何老师的《中国哲学史2》，老师讲的很好，任务量无，期末考试是让学生出8道题，他从其中选6道，最后考试学生再从其中选4道作答，因此对绩点有要求的同学可以提前做准备，给分很好，体验感很好的一学期。
221154,1509,何善蒙,2025-06-21 14:00:05,2,2,0,分数还没出，抛开分数我会给何老师满分。\n\n对于想水的同学来说，hsm老师的课他自己也说了不会点名，基本只需要去第一节和最后一节了解一下分数构成和期末考题就ok。讨论课也是基本只用准备一个小组pre就行，两次小作业也十分轻松（吹爆我的zsq助教姐姐），pre完基本就可以水。另外就是有个每周的慕课需要做做\n\n对于想学到东西的同学来说，去大课听何老师的讲课也是一种真正的享受，他每节课都会挑一个主题来展开讲，没有ppt，都是靠自己的思路和b站视频，听完真的会有全新的感悟。有时候不想听课而补作业的话我也会去大课课堂，hsm老师的声音作为背景板还是十分舒服的。\n\n抛开还没出的成绩，总的来说我给这门课满分，通核里的天花板（希望总评分数能让我满意orz）
221362,1509,何善蒙,2025-06-23 04:59:22,2,2,0,hsm老师很明确地表示不点名，大课可以不去，讨论课必须去，25春夏的期末考是最后一节课确定了4个题目，可以提前准备好去默写就行。老师对先秦诸子很有自己的想法，如果你没有让他引起共鸣就很难得到高分，比如我慕课刷到讨论课班级前几最后只拿了4.2，并且慕课不能全靠AI，建议翻翻书或者看下慕课或者智云大课的回放，因此不建议idea不丰富的同学选。讨论课的gtn助教gg真的很好qwq，第一节课就明确反对恶竞，并且只要每个人轮流春学期和夏学期各pre1次10分钟的PPT和发言1次即可，因此助教决定了讨论课的上课体验。
221380,1509,何善蒙,2025-06-23 07:00:11,2,2,0,先秦诸子思想真是一门超级无敌宝藏课程，这门课没有签到，期末考的题目是我们自己出的，整体来看事情不多，讨论课虽然必须要去，但其实也很水，最后给分也很好，大爱hsm老师！！！
221435,1509,何善蒙,2025-06-23 12:04:10,0,0,0,中规中矩，啥都干了也一般，只能说之前的评论是对的。给分随机加按性别给分，男的慎选
217,1516,金立,2015-03-14 16:58:22,-6,4,10,金阿姨～
850,1516,金立,2015-03-21 16:56:00,-2,4,6,好\n\n
1149,1516,金立,2015-03-21 16:19:38,-3,7,10,金立姐姐
1206,1516,金立,2017-05-03 03:18:16,-13,18,31,很好的老师，有个性，有点女生的傲娇和清高，学识渊博，有魅力！重点逻辑学导论是我第一门的满绩！
1428,1516,金立,2015-03-22 02:57:56,-9,6,15,超级棒，给分高、课很精彩
5242,1516,金立,2015-07-06 03:31:13,-16,9,25,金老师是大美女
7586,1516,金立,2015-09-15 05:57:17,14,27,13,不怎么样
15759,1516,金立,2016-01-16 08:34:41,32,60,28,讲课蛮有趣。就是人有些自负了
22545,1516,金立,2016-03-08 00:48:06,3,9,6,鸡汤较多
28817,1516,金立,2016-06-28 16:20:37,0,4,4,老师讲的不错，
31716,1516,金立,2016-07-04 14:53:07,0,8,8,感觉一般吧，杂七杂八扯太多，不觉得给分很好。
31745,1516,金立,2016-07-04 16:53:07,-7,7,14,讲课挺有趣的 考试相对其它老师应该算简单的 好好复习三段论就好? 满绩不难
31896,1516,金立,2016-07-05 06:11:34,26,42,16,嗯，给分还不错，就是有一种迷之清高，和优越感。
32062,1516,金立,2016-07-05 13:58:45,3,10,7,讲课挺有趣，逻导课的事情也不多，给分的话还可以吧，期末考比较重要
33728,1516,金立,2016-09-21 07:32:30,-1,2,3,被教室里的声音带过去蹭课 口才很好 听故事很不错
33986,1516,金立,2016-09-24 12:11:15,1,6,5,很会讲故事，特别是先生孩子的故事，更像是婚恋课，interesting
34192,1516,金立,2016-09-28 06:34:09,-1,6,7,知识渊博
34420,1516,金立,2017-01-16 15:52:41,1,10,9,3.9的逻导?  我究竟做错了什么，是不是最低了啊
34883,1516,金立,2016-10-26 07:41:25,17,32,15,很一般，谈口才与沟通都在说自己的故事，干货不多，没有太多收获。确实比较清高。
36952,1516,金立,2016-11-16 15:57:59,1,8,7,口才与沟通……老师的口才的确挺好，讲课也不错。。然而全部成绩就看最后一次小组展示，最后果然被正态了，哎
36975,1516,金立,2016-11-17 01:43:54,-5,5,10,真的说到做到不点名 大赞 课程内容本身价值不大 老师自身性格有点一言难尽 清高中还有点少女心 给分很好 作为通识算是很理想的选择了
37011,1516,金立,2016-11-17 05:58:15,1,6,5,就只有一次展示，老师不怎么管事情，全靠课代表，真的迷\n\n
38799,1516,金立,2017-09-20 05:56:38,4,12,8,对镇海的路人好感被这个黑子消磨了，不觉得有个在镇海的儿子牛屁死了
43274,1516,金立,2017-01-16 05:11:33,-4,12,16,金老师是一个非常博学，非常有趣的老师，很有魅力。还有说老师吹自己儿子的，我想说，大家应该理解一个母亲的心情啊，老师的儿子一个人在外面读书，母亲为儿子骄傲，不可以吗？
43281,1516,金立,2017-12-23 09:05:35,0,5,5,是在认真讲课的老师，但是每节课都在秀恩爱 秀儿子 秀优越 这一点有点接受无能\n\n课程难度的话，如果每节课好好听 期末考试完全不慌\n\n如果像我一样平时谁手机的话期末好好复习 抱佛脚也没大问题\n\n总之这样的通识课就课程内容而言 还是值得一选的
43303,1516,金立,2017-01-16 06:07:39,-1,2,3,很好 老师很优雅 给分超棒的呀
43325,1516,金立,2017-01-16 06:50:23,0,3,3,我觉得老师上课特别清楚啊，也挺有意思的。
43689,1516,金立,2017-01-16 23:27:05,0,3,3,金老师人真的很好，逻导本身就是一门很有趣的课，考试前认真复习一遍就完全不慌了。
44158,1516,金立,2017-01-17 10:59:32,-1,1,2,很好的课，也很有意思，就是有点喜欢扯东扯西，喜欢谈谈自己清高的生活，最后给分也很好的，要加油学啊！
44390,1516,金立,2017-01-17 17:02:23,-2,2,4,上课会漫谈很多东西，可能会容易走神。教的内容少，整个秋冬学期学了课本一半不到吧，而且都不是很难的东西，期末考简单的意外，给分简直惊喜，学渣一本满足。不知道有没有进一步学习的课…
47171,1516,金立,2017-01-24 08:31:06,1,4,3,老师挺真诚直白的那种，给分挺好的，不过逻导主要还是靠自己考
50962,1516,金立,2017-05-10 07:25:25,0,4,4,逻导课真的给分好也不水
60166,1516,金立,2017-10-12 04:38:43,-2,4,6,理科生选了逻辑学导论，平时从不点名，没有作业，没有小测，老师不错，很有趣，但是我自我感觉期末考的没有95也有90了结果85....卡在3.9\n\n关键是我感觉这课巨简单啊→_→
61405,1516,金立,2017-11-16 10:44:13,-2,0,2,柏格森爱好者嘻嘻
61417,1516,金立,2017-11-16 23:53:51,-2,1,3,非常棒
61419,1516,金立,2017-11-17 03:24:56,-1,2,3,老师人真的很好，学识渊博，热爱生活，给分也好。口才与沟通是很好的j类了！
61451,1516,金立,2017-11-17 10:35:16,-1,2,3,小组长打分真的坑?
77950,1516,金立,2018-05-09 02:51:20,-11,2,13,老师讲的知识很多，很少有什么废话，很棒
79290,1516,金立,2018-05-30 05:46:34,45,60,15,究竟是谁说你长得好看了。。。
80830,1516,金立,2018-12-26 09:02:36,1,11,10,口才与沟通：坦率地说这个课有点水，上课的时间很少，大部分都是同学讲；老师人挺好，讲得东西也挺深刻的，但是不备课天马行空还是有点凌乱
80831,1516,金立,2018-07-01 14:14:16,0,3,3,有一种很自信的感觉(个人感觉不舒服)，今天群里还在核对成绩，老师已经出分了，90+正态说了给89，结果给了88，真的是
80832,1516,金立,2018-07-01 14:32:31,2,13,11,10分是给男课小哥哥的！感觉也太尽职了吧！（还很帅(/ω＼)）课其实有点水，不过多讨论多交流也可以接触不少大佬^_^给分…emmm也还行，多上台或者当课代表和小组长会好一点吧
80835,1516,金立,2018-07-01 16:24:55,9,16,7,整个课程的打分都是同学打的，有很多运气成分，如果你被分到不怎么样的小组，展示分就可以和别人差个七八分；组内分大部分看你自己，但是组长内心的考核标准和你自己的标准完全不是一样的话也一样gg。课有点凌乱，要不是j类也不会上
82211,1516,金立,2018-07-07 12:00:23,28,48,20,上课巨迷，什么也没学到，就上去做了次演讲，老师也蜜汁清高，一天到晚吹儿子，你儿子镇海还是北大跟我什么关系…小组展示打分也没看懂。2分是给男助教的，通识这么花心思做事情实在尽责
82664,1516,金立,2018-07-09 02:31:30,-5,4,9,仙女，jpg
82926,1516,金立,2018-07-09 10:12:06,0,5,5,没意思。啥都没学到。给分全看分小组时的运气
91093,1516,金立,2018-11-30 00:17:47,-1,3,4,心有点硬。
92662,1516,金立,2019-01-03 11:38:01,-3,3,6,评分标准一变再变
95583,1516,金立,2019-01-19 15:51:25,-27,1,28,男神！讲课超仔细！平时分给的贼高！超棒的老师！
100327,1516,金立,2019-01-26 03:05:13,0,4,4,期末考试不仅要复习三段论，还要好好复习模态和归纳，还有二难推理……\n\n
100906,1516,金立,2019-01-27 05:48:57,-6,7,13,我也是醉了，上课讲的什么也不知道，例子少的可怜，课堂枯燥，还夸自己儿子，最后绩杀，考试也很那个，要求特多，绩杀
100907,1516,金立,2019-01-27 05:49:19,4,14,10,上课吹nb，说了考的不难，结果期末挂科率23.2%？
100909,1516,金立,2019-01-27 05:50:15,1,13,12,沙雕老师，上课催眠，给分乱给，认真复习3.0，室友根本没学4.5。不想说
100913,1516,金立,2019-01-27 05:55:57,-7,5,12,老师的灵魂中有诗意，让逻辑学这一理性的学科融入感性思考，变得妙趣横生，
100917,1516,金立,2019-01-27 06:07:04,0,12,12,看到群里说?杀 真的很不舒服。考前一些人都不知道一个学期上了什么，最基本的概念都不清楚，最后复习几小时。别人只用两小时复习是别人平时认真。\n\n逻辑学说穿了很简单，但是那些概念的掌握和熟练和数学一样是要花时间的。\n\n有两次上难点我就待在东教不断重复推演了两个小时觉得自己掌握了\n\n那些说?杀 的扪心自问自己真的认真学了嘛？\n\n最后，好老师，就是讲的浅了点，意犹未尽
100918,1516,金立,2019-01-27 06:10:07,0,6,6,真诚地建议：想拿高分，一定要看书，课听不听倒是无所谓（但是要知道她讲过什么，只要提了一下的书上都要看！！很重要！！都会考！！
100919,1516,金立,2019-01-27 06:12:13,0,3,3,给分太低。
100925,1516,金立,2019-01-27 06:23:28,1,4,3,好好学了一学期，成绩出来3分
100936,1516,金立,2019-01-27 07:00:30,4,9,5,老师讲课水平的确好，课本身有点枯燥吧。听说给分成迷？我水了一学期上四了，不知道怎么肥四? 怕了
100939,1516,金立,2019-01-27 07:08:35,0,1,1,早课 考试最晚
100950,1516,金立,2019-01-27 07:49:21,2,5,3,上课有好好听，老师是好老师，可能是我复习不到位吧（最后一门心飘了），没上三
101013,1516,金立,2019-01-27 09:10:58,0,4,4,垃圾，早课，考试晚，给分低
101018,1516,金立,2019-01-27 09:17:58,0,3,3,老师挺好的，认真复习了，绩点没上4有点难受…
101038,1516,金立,2019-01-27 09:53:07,-10,1,11,虽然上课早，考试晚，平时上课很水，考前复习了一天就满了，开心?
101638,1516,金立,2019-01-28 15:55:45,8,19,11,逻导平时上课挑关键的听！！(作为一名纯理科生，老师一讲哲学讲人生，灌心灵鸡汤，吹儿子就自动屏蔽:) 小组展示水水过，因为其实最后打分差距也不大还是要拼期末成绩的:-I 期末考试前两天突击复习！书和屁屁踢都仔仔细细看一遍！最后…我满了。
101873,1516,金立,2019-01-29 10:49:35,1,6,5,老师上课还是挺有趣的，口才很佩服，让我有一种，哇，果然是教逻辑学的老师 的感觉。逻辑学导论这门课本身比较干货吧，虽然我平时上课都是边水手机边听，但是期末复习认真复习了三遍上课的ppt和笔记，做了几章课后习题，不懂的地方再看看书，暂且不谈绩点，个人觉得真正学到一些东西的成就感才是最重要的。最后90分。
101879,1516,金立,2019-01-29 11:18:41,1,5,4,期末一定要好好复习，最好是平时抽时间弄懂每节课的内容，小组展示差距不大，一定要控制好时间!!\n\n逻辑学重在理解运用，死记硬背是不行的，期末突击感觉真心有些吃力……\n\n期末考试占比大，最后成绩也是通过期末考试拉开差距的，坦白而言我觉得老师讲得真的不错，主要是由于课堂时间短，很多知识需要自己看书预习结合起来或许会有更大的收获吧!\n\n总之此课不水，对逻辑学感兴趣的小伙伴可以考虑(ฅ>ω<*ฅ)
102736,1516,金立,2019-02-22 05:27:03,-1,5,6,老师人挺好的，很温柔很博学的感觉，但是考试需要靠自己好好复习。挺好的
104729,1516,金立,2019-03-26 14:47:39,2,3,1,呵呵呵
104878,1516,金立,2019-03-29 08:51:23,10,14,4,老师非常不关心学生的想法，不允许学生对他的点评作出回应，也不遵守规则。
107244,1516,金立,2019-05-02 14:30:00,3,4,1,很迷。。
109218,1516,金立,2019-06-12 03:44:25,-2,2,4,求问口才与沟通水吗？单纯想学点东西，水的话退了…
116533,1516,金立,2019-09-11 06:37:29,10,14,4,你当然可以有自己的观点，但是告诉我说“你应该”“你要”“你必须”，我还是希望听到你能告诉我我为什么要这样。
117152,1516,金立,2019-09-20 01:45:39,2,4,2,J类都一个dio样，不是必秀还选得满吗
118350,1516,金立,2019-11-13 05:32:43,0,2,2,从此有多一门3.3
118831,1516,金立,2019-11-06 23:26:30,4,8,4,超级无聊
119462,1516,金立,2019-11-13 02:34:31,7,10,3,单向地价值观输出
124088,1516,金立,2020-06-23 13:00:05,1,6,5,金老师人很好，很负责，会督促同学认真学习、及时复习，不过...我还真没觉得她口才好...
124338,1516,金立,2020-06-29 11:20:10,-3,3,6,老师人挺好的，但是讲课有点拖沓，但是如果认真听课的话绩点不会差。我其实也有点水，早八在家里经常是躺着半梦半醒，但最后也有89。这学期考试有点难，大家分都不高，老师把30的平时分基本拉满了，能捞的都尽量捞了。最后这课有正太，线上没恶竟，看考试成绩。
124345,1516,金立,2020-06-29 12:38:05,3,4,1,平时分全给就真的很好了👍🏻\n\n上课有点拖沓是真的，有时候会讲其他不那么相关的很久，可能老师觉得有意义，但我会觉得有点无聊了。
127136,1516,金立,2020-11-10 00:45:04,-4,0,4,行行行
131370,1516,金立,2021-01-27 08:33:34,-4,5,9,逻辑学导论。\n\n老师上课真的很认真，真的能学到很多。老师人也很好，看出期末出卷子真的很想捞我们了哈哈哈～
131641,1516,金立,2021-01-28 09:34:43,-2,7,9,老师人挺好的，期末卷子也不难，有大佬可能一小时就交卷并且几乎全对了。何况作为一个平时分几乎都给满的老师，她真的很为我们绩点着想了。入股不亏，还能听到很多哲学思想。
133404,1516,金立,2021-02-27 08:05:50,27,33,6,迷之自信的大妈
135835,1516,金立,2021-05-28 16:59:43,-8,2,10,还可以
139032,1516,金立,2021-07-12 08:27:28,-7,2,9,给分还不错
140756,1516,金立,2021-09-16 00:16:53,-10,3,13,人很好
141879,1516,金立,2021-10-29 10:37:41,12,15,3,讲课不知所云，口气很膨胀
151194,1516,金立,2022-02-24 08:27:50,12,18,6,普信女
151401,1516,金立,2022-03-02 10:35:09,6,11,5,讲得很水，没干货，又自负，这种人是怎么混到现在的职称的！
151553,1516,金立,2022-03-07 10:34:04,22,28,6,大学写作不知为何迷之厌恶这个老师……上课给人很不舒服的感觉
158381,1516,金立,2022-06-29 01:22:31,0,2,2,呵呵和
158821,1516,金立,2022-07-02 12:44:15,12,18,6,自以为是，不知所云，水平又差，这种老师混到现在的职称是哲学系的悲哀，那么多好老师，为什么被她这种货色上位了
159022,1516,金立,2022-07-04 13:42:49,17,21,4,大学写作。上课体验极差，不知所云，毫无收获，语言混乱又自负。据另一个哲学系老师说她每节课必吹她儿子，不知道是不是这样但是我那节课的确如此。你儿子怎么样关我屁事。
160110,1516,金立,2022-09-13 08:47:55,0,1,1,睡着了，不知所云，
160121,1516,金立,2022-09-13 12:05:10,-3,6,9,老师人挺好的，挺幽默也很温柔，确实也有一种清高的感觉，但是能感觉出老师确实有一定的文学造诣。那些刷差评的真的不想想是不是你自己心态太高了吗
160335,1516,金立,2022-09-19 08:12:19,4,5,1,讲什么鬼东西，自己的话没有逻辑还在那里讲逻辑
160504,1516,金立,2022-09-25 03:06:45,3,4,1,不知所云，巴啦啦的讲啥呢
160505,1516,金立,2022-09-25 03:09:32,1,1,0,不知道讲的啥
160506,1516,金立,2022-09-25 03:10:26,1,1,0,上课很不错，很助眠。
160548,1516,金立,2022-09-26 16:03:59,7,8,1,第一节课什么都没讲，上来就写作文，还打分。这波操作，属实无语。。。。。。再续高中议论文恶魔。。。
160572,1516,金立,2022-09-27 08:21:59,3,4,1,不知所云
165495,1516,金立,2023-01-07 08:11:21,3,5,2,上的大学写作自然，就第一二节是金立老师，老师讲得挺好的，但是课堂上会让现场写作，要求也不明确，会导致有点搞心态
168463,1516,金立,2023-02-17 07:43:10,3,4,1,依托。。\n\n幸好大学写作后面分小班上了，所以觉得不行的不用担心。
170284,1516,金立,2023-03-02 12:36:14,4,5,1,emmmm为什么没有0分
170734,1516,金立,2023-03-09 01:51:46,0,1,1,给分可以
170777,1516,金立,2023-03-09 12:21:42,20,20,0,jl：我儿子大五，肯定比你们大，05年生的
170998,1516,金立,2023-03-14 02:42:04,-14,3,17,啊?为什么分这么低?逻辑学导论讲的很精彩啊，至少作为一个数学系，对哲学有爱好的人来看讲的很不错，虽然还没结课不知道分给的怎么样...
172563,1516,金立,2023-04-30 04:14:43,3,4,1,大学写作，不知道在讲什么
172911,1516,金立,2023-05-10 01:30:59,1,1,0,感觉小论文分数有点低。
173114,1516,金立,2023-05-13 16:51:04,12,15,3,大学写作一堆专业必修究竟是什么馊主意？专业不对口的文献综述，在自己不熟悉的一堆领域强行讨论，各种强行点名，强行听讲座，而且基本准备搞的也不好，有一次给助教的名单里竟然把老师学生并列，结果助教点到了好几个老师，而且还学的浮皮潦草，还特么绩杀，服了。
179698,1516,金立,2023-09-19 11:21:23,0,1,1,纯扯淡
179700,1516,金立,2023-09-19 11:24:20,0,2,2,有点麻，内心戏有点多
180730,1516,金立,2023-09-25 11:28:51,0,2,2,眼高手低，扯谈两个小时不知道要说明什么
180806,1516,金立,2023-09-26 12:04:05,0,2,2,论扯淡
180934,1516,金立,2023-09-28 11:32:39,2,4,2,1分给大学写作这门强逼着我们学，本身毫无意义，而且绩杀又卡绩的烂课！
181639,1516,金立,2023-10-25 04:04:50,5,7,2,很无聊的课，上来上去就是跟你说写作很重要，上她的课很重要，但是也不教你实际的本领。\n\n“我在校外都不说我是哲学学院的，有些人喜欢跟我讨论逻辑，但是这些人都没有逻辑”\n\n“我老公不喜欢听我讲思维，我儿子喜欢跟我讨论”\n\n“我觉得学建筑的男生都能拍出好看的照片，但我儿子在芬兰读了五年书了，一直没拍出好看的照片，直到前几天终于拍出了一张”
181955,1516,金立,2023-11-06 11:13:15,1,3,2,逻辑看似清晰，实则前后矛盾，有专业知识，但是睁眼说瞎话
182383,1516,金立,2023-11-15 11:39:12,1,4,3,傻逼。
182384,1516,金立,2023-11-15 11:40:52,0,3,3,傻屌一个 真不知道这种庸俗至极的货色怎么出现的
183239,1516,金立,2023-11-23 05:09:37,1,2,1,真不知道她在讲什么
189965,1516,金立,2024-02-04 03:25:29,8,9,1,大学写作去死吧！
190348,1516,金立,2024-02-28 09:03:59,0,2,2,大学写作书写的还行，但是上课讲的逻辑感也太差了，一会讲这个一会讲那个，只要讲到他儿子讲话的主题就直接飞得十万八千里远，挺凡尔赛的
190445,1516,金立,2024-03-04 11:14:26,0,3,3,上的大学写作，老师一件简单的事情能一直讲好久，东拉西扯，感觉没什么收获
192765,1516,金立,2024-05-30 05:51:45,3,5,2,大学写作，某教学班3000字文献综述，30篇参考文献，ddl一周，教学班质量这么参差不齐都不管吗，怎么负责的。因为你最爱的大学写作，给你特么一分都嫌多，如果有负分，一定打-1145141919810
194504,1516,金立,2024-06-24 07:55:19,3,3,0,逻辑学蛮通俗易懂
195463,1516,金立,2024-06-28 07:17:45,6,9,3,金老师逻辑学（H）确实讲的蛮不错的，很有条理，例题也很有意思，值得和身边的人分享。这门课事情也不算多，就期末一个pre，和逻辑学沾边即可，期末考试也不会为难大家的。只不过我改错了两道选择题，直接4.5变4.2，唉……
198514,1516,金立,2024-09-09 11:11:14,1,3,2,很无语😑，不知道在讲什么东西，还不如自己看看书
198517,1516,金立,2024-09-09 11:38:16,1,2,1,常常“不经意”间提及自己的儿子物化双百，对于语言的剖析往往从基础的语法来讲，缺乏应有的启发性，感觉在老师眼中高中的语文形同虚设。
198538,1516,金立,2024-09-10 00:20:01,3,6,3,对不起呀老师可是你讲课实在是太太太太无聊了
198612,1516,金立,2024-09-10 08:19:04,1,3,2,不知所云
199046,1516,金立,2024-09-14 10:30:41,4,8,4,今天下雨🌧，老师说身体和安全第一，上课第二，感觉还不错，似乎，也不像大家说的那样不堪？
199058,1516,金立,2024-09-14 12:18:00,-1,4,5,上课纯自嗨，不知所云，坐在第一排逼着自己认真听结果听了两个半小时什么都没听进去，无聊又难懂
200083,1516,金立,2024-10-12 13:20:10,1,2,1,老师对我好一点
201096,1516,金立,2024-10-28 13:02:31,2,3,1,您真的是搞逻辑学的？
201357,1516,金立,2024-11-01 05:05:55,2,3,1,烂中烂，都在干别的事
201672,1516,金立,2024-11-05 08:58:10,4,5,1,多牛的黄金矿工都挖不出这样的神金，真的神金
205746,1516,金立,2024-12-12 02:01:45,4,5,1,五分中规中矩，同意的顶我上去\n\n上课一般般，会用故事说明观点，本来会让课堂变有趣，但是一半多都是夸自己儿子和自夸的？这就比较自负降低了听感。\n\n人还是不错的，之前下暴雨让同学身体为重，可听网课\n\n虽然是学逻辑学的，但是上课总有些不明所以的callback，让人摸不着头脑\n\n无功无过，一般般吧
205886,1516,金立,2024-12-12 12:34:54,3,4,1,没有水平，请教授来做讲座还疯狂装b，不能理解为什么这么能装
214110,1516,金立,2025-01-24 10:29:11,0,1,1,水平低下，自以为是，为难学生
214850,1516,金立,2025-02-18 09:02:45,0,1,1,讲的好无聊🙄
216564,1516,金立,2025-03-18 13:20:21,-1,0,1,上课笔掉到了地上，老师从讲台走下来弯下身帮我捡起来了。
216785,1516,金立,2025-03-25 12:46:43,-1,0,1,大学写作，不知所云，疯狂灌水，您真的懂逻辑？
217352,1516,金立,2025-04-09 02:53:22,1,2,1,课有点烂，朋友圈很封鬼，我当初为什么不直接读工具论
120,1517,李小林,2015-03-14 16:00:37,40,48,8,气质！
376,1517,李小林,2015-03-15 01:39:02,66,73,7,女神！
2402,1517,李小林,2015-04-29 02:35:44,20,24,4,好老师，气质超好
2499,1517,李小林,2015-05-04 13:17:44,28,47,19,老师很和善但很有原则（补签到不会收）。内容主要是西方的经典，会根据思考题对于文本内容有详尽的梳理。平时成绩有展示发言，作业是每周随笔，会抽查。期末是论文一篇。
2966,1517,李小林,2015-05-12 02:25:42,3,7,4,不熟悉京剧的同学上课期间或许会慢慢喜欢上京剧
3476,1517,李小林,2015-06-16 09:45:20,8,13,5,上了老师的京剧课。个人魅力非常强，包括谈吐气质打扮；讲课很生动，课后留的问题能引导你思考。总之非常满意，很想上她的其他课。
4067,1517,李小林,2015-06-17 15:48:16,6,9,3,气质女神！听了第一节课就被吸引了
5039,1517,李小林,2015-07-02 12:03:14,5,9,4,谈吐得体，引入入胜，是一种享受，更是收获。
7284,1517,李小林,2015-09-13 01:59:18,-1,2,3,很棒的老师
9290,1517,李小林,2015-10-20 05:44:00,-1,2,3,多希望能多上几门李老师的课啊
22670,1517,李小林,2016-03-09 16:24:17,-1,2,3,女神！
22909,1517,李小林,2016-03-14 13:24:42,10,14,4,绝对的女神，理论和欣赏结合，幽默又有干货。除了武打 其他基本动作唱腔都会在课堂上即兴来几段示范，超有气质～圆场步走的飘飘的
22984,1517,李小林,2016-03-16 00:02:00,14,17,3,医试金阳强推！
23844,1517,李小林,2016-04-18 14:00:54,-1,3,4,赞赞赞
24836,1517,李小林,2016-05-04 03:04:44,-1,3,4,很赞。。
24890,1517,李小林,2016-05-04 08:27:26,2,5,3,真的是好老师。通识课嘛，就应该这样教！
25021,1517,李小林,2016-05-05 01:30:21,-3,3,6,秋水共长天一色
27628,1517,李小林,2016-07-01 13:44:02,0,5,5,不多说，去选她的两门名著课，然后认真的上完，你会发现这是浙大数一数二的好课，因为大多数课传授的都是表面的，而这两门课是从每个人的心灵出发，发掘你的内在思想，还有很多的收获，剩下的自己去感悟...
27671,1517,李小林,2016-06-27 07:52:55,-1,3,4,老师很有修养，能够在柔声细语间尖锐提出你发言和作展示的症结所在。第一次细致的文本分析。两星期看一本书，每周有一次报名展示，每周有随笔感悟，不定时收，不能代交，其实是变相点名。如果要水可以很水。不水的话压力也不是很大。\n\n——世界文学经典传播
27718,1517,李小林,2016-06-27 09:15:26,-16,9,25,妈的 谁说给分好的 辛辛苦苦一整个学期 给的就这点分？EXOME?
27765,1517,李小林,2016-06-27 12:16:03,4,8,4,通核课上得很好，给分好像一般啊……出分速度很快，可见主要还是看平时，大概我讨论课不积极的缘故吧。
27818,1517,李小林,2016-06-27 16:42:45,-1,2,3,女神！
28279,1517,李小林,2017-01-04 14:34:27,0,3,3,老师超有气质，讲的也很好。
28353,1517,李小林,2017-03-15 11:48:13,0,4,4,医试金阳强推
28733,1517,李小林,2016-06-28 13:27:19,-1,2,3,很棒的课！
28849,1517,李小林,2016-06-28 23:05:38,6,10,4,世界文学经典传播：如果你面对一个人，在匆忙浮躁的环境中能静下来温柔而平静，有理有据地讲她所感悟的人生，她所理解的经典，引导你发表自己的看法，然后温柔又一针见血的质疑，帮你剥离那些情绪化的不成熟的想法，真的不虚此行！
29497,1517,李小林,2016-06-30 01:40:38,-1,3,4,老师讲的真好，有女神气质\n\n
29513,1517,李小林,2016-06-30 02:07:03,0,4,4,老师很有气质 听老师的课觉得很幸福 通核课负担也没有很重 一学期把书看下来很有成就感 助教也很萌～ 世界文学名著导读 推荐！
30038,1517,李小林,2016-07-01 00:26:02,3,6,3,通核课真的超赞，但是想水的同学千万别来，因为你要看八本书，讨论课时要积极，多发言，这样期末分才会好！
30953,1517,李小林,2016-07-03 04:20:30,-1,3,4,女神！！！
48101,1517,李小林,2017-02-28 12:34:12,-4,0,4,老师上课很好。。。但是读的书太多了，这学期又比较忙。。。先给满分……留着以后上
48262,1517,李小林,2017-03-01 14:52:26,24,26,2,妈妈李老师不是人李老师是仙女啊啊啊啊啊啊啊
48883,1517,李小林,2017-03-15 12:31:45,2,4,2,能让我们爱上京剧\n\n曾尝试课上写微积分，却一开始就被课堂吸引了过去\n\n从此上课再也不带作业。作业天天有，这么好的课一周就一次啊！
49914,1517,李小林,2017-04-27 06:22:53,2,4,2,李老师真的很有气质啊！！唱京剧很有感觉！！京剧课，一般两节课她讲，最后一节课发言。她讲的内容从京剧基本知识到名剧目赏析，层次递进条理清晰，一个学期的课上完了会非常有收获，原来不喜欢京剧的人一般到最后都会有所改观。尊重学生的发言，但是会很温和地批评或是质疑，对个人的独特观点比较重视。每节课会有课前思考题，有的时候会交上去兼点名，一个学期交个三四次左右。
49933,1517,李小林,2017-04-27 09:41:36,-3,2,5,出分评价，李老师简直女神。\n\n平时没有机会发言(实在太热情)\n\n期末论文写得用心，4.5留\n\n
49943,1517,李小林,2017-04-27 11:13:28,-1,1,2,有思想，有气质。
49947,1517,李小林,2017-04-27 11:57:41,0,2,2,老师很有气质，重视学生自己的思想，论文认真写自己的想法，给分不会差的
49949,1517,李小林,2017-04-27 12:44:15,0,2,2,老师真的超棒。我自己性格内向不喜欢发言但是老师第三节课都是讨论课所以一度以为自己分会很差了，但是期末论文写得很认真老师最后还是给了很不错的分数，超开心～
49951,1517,李小林,2017-04-27 13:25:09,1,3,2,李老师真的超好的！女神！气质！京剧唱的棒棒的！我想上她的名著导读！
49990,1517,李小林,2017-06-09 17:09:47,1,3,2,非常非常好的老师！
50012,1517,李小林,2017-04-28 13:02:24,0,2,2,女神，给分好！
50041,1517,李小林,2017-04-28 23:12:06,-4,5,9,老师还可以吧，当给分就不怎么滴了。
50081,1517,李小林,2017-04-29 09:36:59,0,2,2,老师超级有气质！给分也很好！
50915,1517,李小林,2017-05-08 14:17:26,7,10,3,李老师真的是女神级的人物 不知道为什么听她说话自然而然就会静下心来 李老师讲课非常有感情 记得有一次讲赵氏孤儿 老师的眼里含有热泪 当时真的特别感动 觉得自己也能感受到京剧里的感情 京剧名家名作是我到现在上过的最喜欢的通识课 课上自己会被内容吸引过去 很少水手机 李老师是我心目中理想化的大学老师 文化底蕴丰厚 饱含情感 精通理论知识 还会给学生演示圆场和唱腔 希望这样的好老师和好课能被更多同学知道~
51769,1517,李小林,2017-06-09 08:30:43,-1,1,2,女神！
52911,1517,李小林,2017-06-23 12:52:37,-1,1,2,专门过来打十分的，老师的通核课启发很大！
54930,1517,李小林,2017-06-30 13:01:09,0,1,1,语言太苍白了，老师真的是像水一样的女性
56165,1517,李小林,2017-07-03 07:17:06,-2,2,4,老师真好，打分好人也温柔，爱您
56176,1517,李小林,2017-07-03 07:45:23,-9,0,9,老师很有思想，课上干货很多，但因为我个人原因，一直在划水。本来以为绩点会很低的，没想到最后居然还上4了。感动
56207,1517,李小林,2017-07-03 08:57:49,-2,2,4,想水水过就别想要好绩点了，讨论课多发言就行
56310,1517,李小林,2017-07-03 13:00:03,-2,1,3,女神女神，听课简直是一种享受啊！！！
56425,1517,李小林,2017-07-03 17:50:12,-10,0,10,上课水水过，绩点也挺高
60585,1517,李小林,2017-10-24 11:39:00,-2,2,4,表白！
65832,1517,李小林,2018-01-09 12:29:08,1,3,2,想说的楼上说的都差不多了，想再说一点个人感想，一个好老师真的能改变一个人的方向，向我遇到的每一个值得尊敬的老师表示感谢！
76897,1517,李小林,2018-04-25 12:38:53,0,3,3,老师真的非常棒，是个本身有很强京剧功底的老师，还是女神级别的，上课内容充实，内容安排很系统，真的让我很喜欢京剧。上课发言的队伍是别的课没有的惊艳，非常棒，强推
77092,1517,李小林,2018-05-02 02:32:02,-1,1,2,有趣又深刻，太精彩了
77100,1517,李小林,2018-05-02 05:50:24,1,4,3,老师是女神是女神!尽管会有正态分布但是只要好好讨论好好写作业好好写论文分都很高很高的哇。一个文笔炸裂的工科生论文才写了四千字，但是老师的给分都超棒～而且我觉得计时开始不喜欢京剧，听完八节课都爱上了它
77230,1517,李小林,2018-05-04 04:53:18,-1,1,2,赞赞赞\n\n谢谢女神
77253,1517,李小林,2018-05-04 06:47:41,8,12,4,记忆最深刻的是每次恶竞展示都排在前面的那个男生....
77285,1517,李小林,2018-05-07 02:30:53,-2,1,3,有气质、包容但是有思想、超级有魅力 T^T  即使没有发言最后能好好写论文给分也不错，看到9.81的评分，我觉得自己不给十分都没有天理...
77305,1517,李小林,2018-05-04 13:03:32,11,17,6,大家好 我不是来自传媒的yúzǐruì
77332,1517,李小林,2018-05-04 17:07:36,5,9,4,京剧课。老师是很理智很清醒地带我们了解京剧，欣赏京剧，思考京剧，如果有认真听课能学到很多，打破固有映象，沙家浜惊艳到我了。\n\n对比之下我觉得大家的思想都有些浪漫。还有春学期经常发音的一个很帅的小哥哥，你恶竞没啥，能不能走点心有点自己看法啊，读别人看法一大堆好玩吗？课上不能听听吗？
77354,1517,李小林,2018-05-05 03:41:37,7,13,6,老师有一定的京剧底蕴，但不是一味吹京剧，是真正的理性欣赏京剧！赞～还有就是第三节课的发言真的心累…一把年纪了真的不想和学弟学妹鹅颈了……传媒的那位小弟弟，以后出门眉毛画淡一点会更好看
77358,1517,李小林,2018-05-05 05:03:45,-2,1,3,感谢老师
77364,1517,李小林,2018-05-07 23:13:22,-2,3,5,蛮好的
77369,1517,李小林,2018-05-05 06:26:48,2,6,4,每节课都要抢着去排队真的很累，老师还是要设置得合理一点吧，前几次课很多人都没能排上。另外楼上说的那个好看的小哥，我怎么感觉他说的还蛮好的，准备的还算充分吧，是不是全是自己想法不清楚，但是我的思考题也有参考蛮多书里的理论，毕竟我对于京剧的知识还是蛮浅的
77373,1517,李小林,2018-05-08 02:07:27,13,17,4,我觉得这样的通识课还有同学愿意表现自己真的挺好的 至少讨论环节不会太尴尬 btw他妆好精致 永远记得快九点他上台结果一亮相妆容严谨眉毛一丝不苟 另外鹅颈没有大家说的那么严重 我完全没发言 好好写了论文最后也有4.5
77379,1517,李小林,2018-05-05 07:02:03,0,2,2,女神，超级有气质。因为会唱京剧，所以感觉说话都和普通人不一样。老师人很好，也很有原则，本来对京剧兴趣不大，上了老师的课之后能get到京剧的魅力啦～
77458,1517,李小林,2018-05-05 16:23:32,1,3,2,虽然得分不好但老师是真的好
77615,1517,李小林,2018-05-07 02:16:10,2,5,3,老师真的看到了一个优雅的女人的样子，不过上课的时候有恶竞，但我全程没有参与，认真写了篇论文，绩点4.5\n\n
77706,1517,李小林,2018-05-07 10:54:08,-2,5,7,京剧的通识课 真是最喜欢的通识，上课不带走神的课。一开始就是带着好奇去上的。真诚推荐有传统文化类爱好的人真的可以去了解一下，虽然老师有的观点并不能认同，但以后对自己的爱好，除了单纯喜欢，真的会有不一样的思考。\n\n另外鹅颈排队发言真的吓到了，超怂从来没成功发言过。不过相信全班同学都记住了每次排在最前面的口红很红眉毛画太浓的传媒那个兄弟…\n\n李老师太女神辣，表白！
78156,1517,李小林,2018-05-10 01:43:25,-4,4,8,老师讲的很好，但第三节课的发言真是……有些同学说的真是不忍听……\n\n来自传媒的17画眉小弟弟、16心理的短发女孩、16广告的长发女孩，还是少讲几句吧，都上查老师了
78328,1517,李小林,2018-05-11 02:09:25,6,8,2,那个很精致的粗眉小弟弟请跟我做姐妹！
78410,1517,李小林,2018-05-11 11:54:40,-1,1,2,nice，收获很大，启发思考，反思自我
81862,1517,李小林,2018-07-06 10:26:38,0,2,2,来浙大不能错过的老师之一！
81981,1517,李小林,2018-07-06 16:44:56,-2,1,3,真的很棒，虽然最后卡我绩了还是要给10分！！！女神！！！
84875,1517,李小林,2018-07-14 06:52:35,-2,1,3,超级超级温柔优雅的老师 还有点可爱 认真参与的话分数不会差的
93185,1517,李小林,2019-01-08 04:51:41,3,8,5,选上了老师的世界文学经典传播～有没有上过的同学可以提前透露一下要读哪几本书呀～
103354,1517,李小林,2019-02-27 12:10:19,5,8,3,现在是京剧名家名作精讲第一节课，无论我最后成绩怎么样都要给这个老师满分！太棒了。老师值得满分，漏掉的0.2分是因为恶竞的学生比较恶心
104178,1517,李小林,2019-03-13 12:40:45,0,2,2,上京剧艺术这门课，最难的是克制自己站起来鼓掌的冲动。
105709,1517,李小林,2019-04-19 00:08:39,1,3,2,很不错
106061,1517,李小林,2019-04-24 16:45:02,1,3,2,太棒了！
106063,1517,李小林,2019-04-24 17:01:35,0,3,3,这个均绩……有点假？
106071,1517,李小林,2019-04-25 00:54:44,-1,3,4,老师很好，但认真说绩点不咋的，可能我太菜？评论咋说的那么好？
106073,1517,李小林,2019-04-25 01:13:05,3,5,2,老师很棒
106106,1517,李小林,2019-04-25 03:32:15,0,3,3,给九分，留了一分是因为恶竞严重
107023,1517,李小林,2019-05-01 02:16:16,-9,2,11,差评都被刷下了吗  只想说绩点不高 事情不算少
107647,1517,李小林,2019-05-08 02:55:20,-2,1,3,京剧课老师选的剧目都非常好看，平时见到的都比不大上老师选的这些，就是教室的音响简直了，完全不能入耳
109847,1517,李小林,2019-06-29 02:10:28,3,5,2,【世界文学经典传播】李老师真的是我进浙大以来第一个在课堂上用真情实感深深触动我的老师，可能我遇见过很多讲课好的老师，但是李老师却已经超越了讲课水平这个层面，她是真的在用自己的思想和灵魂在引领学生，去和学生交流和碰撞，感恩遇见，祝老师越来越好。
110041,1517,李小林,2019-06-21 14:28:16,5,7,2,老师讲课讲到动情的时候，眼里会闪着光，很对不起老师没有很仔细深入地阅读文本有的时候没有办法和老师产生共鸣。上老师的课真的很幸运，她通过《红与黑》于连的故事让我明白我是谁，我爱谁。我很感激她。这种感激，和成绩无关。
110885,1517,李小林,2019-06-28 12:50:02,-1,1,2,老师是仙女！！！我爱老师！
110891,1517,李小林,2019-06-28 13:09:41,-1,2,3,老师课讲得好性格好给分也不错！推荐推荐
110909,1517,李小林,2019-06-28 13:50:25,-1,1,2,老师是天使了……平时没发言 但是随笔没漏 论文稍微花了点心思结果4.5 惊喜
110933,1517,李小林,2019-06-28 14:53:33,-2,0,2,嘤嘤嘤，认真写论文了绩点也不高
110961,1517,李小林,2019-06-29 00:16:52,-3,1,4,老师太好了，平时认真学，绩点就有4.8?
110962,1517,李小林,2019-06-29 00:40:33,-1,2,3,【世界文学经典传播】感觉这是一门来浙大不能错过的课吧，先阅读再跟着老师的思路分析真的会收获很多，会得到很多不一样的体验。一周读一本书，写读书笔记，随机抽查，平均下来每周要交一次，期末一篇论文。认真付出的话绩点不会差，强推！
111395,1517,李小林,2019-07-01 06:14:51,-3,0,3,给分，诶，随笔一篇没落，每次都到课，论文认真写，看到分数真的哭了
121656,1517,李小林,2019-12-10 06:50:41,-1,1,2,老师上课很认真，京剧的课还会展示一些京剧动作。虽然有固定的上课发言环节，但并不算恶竞，只要每节课布置的作业认真写，老师会收上去仔细看的，这也是点名的方式。本人上课没有发言过，但每次小作业认真写，最后的课程论文也认真完成，最后满绩了，感谢老师！
123047,1517,李小林,2020-05-05 14:02:50,-1,1,2,老师真的超级好，本人作为旷课狂魔，好多次早八起不来。有一次补交作业老师不收，但是跟我谈了一下，很感动。两次没交作业，平时也不敢发言，但是最后给分也特别特别好。李小林老师我爱你。
124078,1517,李小林,2020-06-23 10:15:43,-1,1,2,第一次查老师评价，献给这门课的ly助教小姐姐。真的超级负责细心，善良又公正，会认真对待同学的提问，耐心答疑！超级优秀的小姐姐！
197504,1517,李小林,2024-07-17 13:34:39,1,1,0,女神！上的老师的京剧课，很有气质，讲课很清晰
7251,1537,王小松,2015-09-12 08:06:51,6,17,11,从不记得学生谁是谁。。。
108764,1537,王小松,2019-06-01 14:31:07,0,9,9,很好！
153214,1537,王小松,2022-04-26 20:08:44,-10,5,15,老师很好，很有艺术家气息
181585,1537,王小松,2023-10-23 11:19:47,10,15,5,不知所云……
205246,1537,王小松,2024-12-03 07:58:39,1,3,2,人生导师
205307,1537,王小松,2024-12-04 07:00:39,1,2,1,不知所云
205908,1537,王小松,2024-12-12 15:16:51,1,2,1,求你不要上课了
214474,1537,王小松,2025-02-07 02:39:16,2,2,0,不清楚评分标准，全凭自己喜好😅😅😅
452,1594,胡龙彪,2015-03-15 02:37:28,0,3,3,彪哥！
795,1594,胡龙彪,2015-03-17 04:50:17,0,2,2,彪哥！
1865,1594,胡龙彪,2015-03-26 02:58:04,1,4,3,非常好的老师！！感动！！！
2261,1594,胡龙彪,2015-04-15 03:24:56,27,36,9,笑起来很萌
2772,1594,胡龙彪,2015-07-07 07:59:06,0,2,2,听严格，人不错，给的不太好
3944,1594,胡龙彪,2015-06-17 10:49:37,1,2,1,彪哥萌萌哒
4064,1594,胡龙彪,2015-06-17 15:46:16,9,10,1,人很好作业很少哈哈
4476,1594,胡龙彪,2015-06-23 11:24:52,0,1,1,人挺好的
5909,1594,胡龙彪,2015-07-10 01:54:33,1,2,1,速度快
7727,1594,胡龙彪,2015-09-15 11:01:16,0,1,1,语速快但很萌
8176,1594,胡龙彪,2015-09-17 09:13:17,0,1,1,很棒  认真听很有趣
8199,1594,胡龙彪,2015-09-17 11:48:04,1,3,2,so goooooood
8602,1594,胡龙彪,2015-09-23 05:10:31,0,1,1,老师很严格，但是人很好
9024,1594,胡龙彪,2015-10-10 03:37:23,8,17,9,一直念ppt，不念的时候都是私货。讲历史讲了三次课。第四次课直接讲哥德尔定理。说话咬字很不清晰。
9167,1594,胡龙彪,2015-10-15 03:28:01,10,13,3,乱，语速太快
12146,1594,胡龙彪,2015-12-22 05:11:43,-2,0,2,萌 longbiao hu\n\n
12849,1594,胡龙彪,2015-12-24 06:32:30,-2,0,2,对逻辑无感 但老师挺好 牛逼的
12907,1594,胡龙彪,2015-12-24 08:14:09,10,13,3,上课完全听不懂啊不在一个世界
14479,1594,胡龙彪,2016-01-07 08:26:41,-2,0,2,好老师，专心听课！\n\n
15307,1594,胡龙彪,2016-01-13 13:19:14,9,11,2,彪哥特别帅，讲课挺好玩的，有一些逻辑错误老师举的例子又无奈又搞笑，每次都提前半个小时下课，爱思考有涵养。
15758,1594,胡龙彪,2016-01-16 08:33:03,1,4,3,彪哥~\(≧▽≦)/~挺严肃甚至挺吓人的。不过严格要求下真心能够学到好多东西。他的课，颠覆三观！！
15868,1594,胡龙彪,2016-01-16 12:51:47,0,0,0,
17253,1594,胡龙彪,2016-01-21 18:06:47,1,2,1,胡老师我男神！讲的太好了，很有收获～
17266,1594,胡龙彪,2016-01-20 03:10:09,-5,0,5,彪哥人很好(≧▽≦) 给分也不错 学到了很多
17269,1594,胡龙彪,2016-01-20 03:13:18,1,2,1,解答挺好的，但是给分不好！
17331,1594,胡龙彪,2017-01-15 11:56:05,-13,1,14,考试还挺简单的。
17724,1594,胡龙彪,2016-01-20 18:44:11,-19,3,22,唯一一门满绩 老师我爱你！
19534,1594,胡龙彪,2016-01-24 14:54:00,1,3,2,老师上课很有意思，就是语速有点快。
19561,1594,胡龙彪,2016-01-24 16:35:36,-2,0,2,真的好
20068,1594,胡龙彪,2016-01-26 04:23:09,-2,1,3,没有作业！考试容易！给分好！
24477,1594,胡龙彪,2016-04-30 15:23:42,8,8,0,大海中间找干货
31277,1594,胡龙彪,2016-07-03 13:58:33,1,2,1,老师除了说话语速有点快以外其他方面都很好，可以看出在逻辑学上造诣颇深，给分在荣誉课里面也算相当不错
31564,1594,胡龙彪,2016-07-04 06:34:11,7,8,1,很严肃，很有选择，每天固定背着个大书包来上课。按着自己的思维来讲课。虽然自己渣听不懂，不过老师有想法，好评。
31803,1594,胡龙彪,2016-07-05 02:46:13,8,12,4,老师真的很好！用他自己的话说，就是对哥德尔有着近似宗教的狂热崇拜，讲不完全性定理用了整整一个课时，虽然并不考试而且我听的云里雾里，但真的让我感受到了逻辑的魅力与神奇之处，看得出老师是对逻辑很有研究的，干活也很多，上他的课真的很刺激，也很有收获。关于给分，其实真的算不错了。平时成绩就是两次测验，不过我比较渣，第一次测验做的很差，我个人感觉自己期末考其实不错，但最后成绩一般应该是测验没考好的原因吧。最后88分，卡在4.2，真的有点尴尬。不过也不是很后悔，现在想想逻辑学导论真的很有趣，对自己以后的生活也会有很多不一样的认识与想法，感恩胡龙彪老师！！！
34264,1594,胡龙彪,2016-11-10 12:43:04,2,4,2,绝对的好老师，跟他学能学到好多东西。真正有思想，有自己思考的老师，水平相当高。另外说老师读ppt的，胡老师的ppt都是自己做的，读ppt和自己讲有啥不一样吗？
36466,1594,胡龙彪,2016-11-14 03:58:18,12,19,7,老师很有学问。会连续讲一个半小时，三四五节课基本12:00之前就会下课。逻辑学比较晦涩，学起来很challenging。听不懂的时候就忍不住摸手机去了?，于是更加听不懂。担心考试。
44612,1594,胡龙彪,2017-01-18 04:26:34,2,3,1,老师很萌很好很有干货可惜听不懂
44618,1594,胡龙彪,2017-01-18 04:32:40,1,2,1,彪哥给分真的好…给的分比你实际考的情况好太多…反正感谢不挂之恩！
44619,1594,胡龙彪,2017-01-18 04:34:12,0,1,1,喜欢彪哥！！逻辑学很有意思哒！好好学分数其实不会差。
44631,1594,胡龙彪,2017-12-22 14:43:32,2,3,1,彪哥上课不休息，但是会提早半个小时下课，有利有弊吧。。。上课语速很快，让人感觉听不懂，但是看书是能看懂的。考试不会很难，复习的时候认真看书就行了。
44634,1594,胡龙彪,2017-01-18 05:05:42,1,2,1,逻辑学是一门很有趣的课，老师讲得也不错，而且总是会提前下课。
44641,1594,胡龙彪,2017-01-18 05:16:27,0,2,2,老师把上课当成是严谨的讲座，两个小时中途不休息很认真地讲下来，不过通常最后都会早点放学~中间两次测验，一定要到哦！考试之前还问我们有没有问题要问，很负责的老师！最后给分也不错，88哈哈。虽然我感觉自己答得不是很好~不过还是一次很愉快的上课经历啦~给大学最后的时光留下难忘的记忆~
44648,1594,胡龙彪,2017-01-18 05:23:35,1,3,2,非常负责的老师，不厌其烦地回答我的问题，发邮件几乎每次都秒回!给分很不错，能学到很多!教材编得很翔实!一个字:好!!!
44777,1594,胡龙彪,2017-01-18 08:37:32,0,1,1,这门课对思维的提升很有帮助，最后绩点4.8谢谢老师。希望大家一定要认真听课，龙彪老师很有逻辑
45236,1594,胡龙彪,2017-01-19 07:51:51,-1,0,1,.....
46158,1594,胡龙彪,2017-01-20 23:30:19,-2,0,2,我只想说，我被正态了
69294,1594,胡龙彪,2018-01-24 12:16:12,1,3,2,认认真真学了，虽然小测做的一般，但期末好好复习了，给分很好。感谢胡爷在我无比绝望的时候把我从均绩下3的边缘拉回来。无比感谢！
69316,1594,胡龙彪,2018-01-24 12:48:01,4,5,1,第二次小测炸了......但是认真复习以后期末卷还是可以接受的......最后绩点很棒啊，很感谢胡爷拉高我惨不忍睹的均绩！\n\nPS：胡爷笑起来很萌！！
69875,1594,胡龙彪,2018-01-25 15:12:08,5,5,0,胡老师笑起来特别可爱，上课挺有收获的，讲的也很好，声音响有时候想睡也睡不着哈哈哈，中间有小测，期末按照他的要求来复习，成效挺好的。给分很满意，谢谢胡老师！！！
70479,1594,胡龙彪,2018-01-26 16:36:37,0,2,2,气死自己hlb
74296,1594,胡龙彪,2018-02-10 02:18:35,0,0,0,很赞的老师，学识渊博，上课干货多，收获很大。
74407,1594,胡龙彪,2018-02-20 01:24:20,1,1,0,上课讲得快，想要完全跟上很累。但是只要考试之前自己把课本好好琢磨一遍，弄懂，虽然期末比较难，但是给分还是满意的。小测不好，但是最后给分挺高，会调分
77394,1594,胡龙彪,2018-05-05 09:34:05,-2,0,2,老师讲的都是干活。贼几把好。
77474,1594,胡龙彪,2018-05-06 02:51:59,0,0,0,课还行，正态坑死人了。。。觉得自己答得还不错，结果不尽如人意。不知道老师怎么批的，想知道评分标准(ಥ_ಥ)
79710,1594,胡龙彪,2018-06-13 02:58:16,0,1,1,男神，很帅阳光时尚。认真负责，学识渊博，上课干货满满，收获很大。
87062,1594,胡龙彪,2018-09-20 06:19:52,1,1,0,座无虚席，良心课程，真的学到东西
88239,1594,胡龙彪,2018-10-24 16:28:27,1,2,1,哥德尔定理——胡龙彪荣誉讲解 ? 能用60页ppt讲出哥德尔定理精髓，真的难忘！
91366,1594,胡龙彪,2018-12-06 15:17:19,1,2,1,老师太好了！！大学以来学得最快乐的课之一！！有趣生动又不难还很有用！！
93490,1594,胡龙彪,2019-01-10 04:22:08,-3,4,7,体验感差 口音重 语速快 互动性差 不能从学生角度出发
98423,1594,胡龙彪,2019-01-23 12:31:34,8,11,3,这也太绩杀了吧 我哭了 3.0快乐
98473,1594,胡龙彪,2019-01-23 13:17:34,1,2,1,老师讲得好，专业素质超棒，上课没有课间休息，但会提前十五分钟下课。你认真听课好好复习了，给分不会差的，补选选上的，真的很开心能上老师的课。看上去很严肃，但其实很萌
98544,1594,胡龙彪,2019-01-23 14:39:30,1,2,1,逻辑学超有趣鸭！\n\n给分超出预计了呢！\n\n邮件问老师问题回复也超及时！\n\n也许是荣誉课里最感兴趣的了叭！
98794,1594,胡龙彪,2019-01-24 02:44:53,4,5,1,自学后，收益不多；不自学，绩点爆炸
102452,1594,胡龙彪,2019-02-02 10:41:19,2,4,2,觉得彪哥身上有一种天真烂漫之气，彪哥心直口快，上课有趣，用逻辑的思维审视世界。
103361,1594,胡龙彪,2019-02-27 13:02:41,1,1,0,语速很快，上课内容会给我一些启发，但是不可否认对于毫无逻辑学和哲学基础的我来说会有地方听不懂。上课是圆桌，每个人都会发言，上课还挺活跃的。因为语速快，和口音的问题，再加上外行，也会有一点累。考核是开卷考试加论文。每期签到。（现代逻辑与思维）
122154,1594,胡龙彪,2020-02-17 11:19:38,1,1,0,老师算是真的在很认真的教你知识了，虽然略微无聊，但认真听就会听懂。
122238,1594,胡龙彪,2020-02-20 10:40:12,0,1,1,当初补选麻烦了老师很多🙏🏻🙏🏻上课容易让人走神，但是听的话也会比自己看书轻松一点！其实也没有那么难学，把题库刷了，历年卷做做期末考基本都差不多啦…就恨自己期末补天没花太多时间
124331,1594,胡龙彪,2020-06-29 09:23:45,1,1,0,老师人还是很可爱的，不过逻辑学是门硬核课，建议大家还是好好学，给分完全看个人能力，老师人还是很好的
130915,1594,胡龙彪,2021-01-25 08:35:17,4,5,1,一开始上他的逻辑学也觉得听不懂，而且觉得很无聊，但是上到快期末的几节课的时候觉得自己应该要开始听课了。。于是认真听了他的课之后发现，其实胡老师上课真的很有逻辑，条理清晰。虽然语速会有点快，但每句话都说的很完整很严谨。是真的逻辑学大师哈哈哈。\n\n而且彪彪仔细观察还是可可爱爱的诶，会自信的说“碰到我来教你们的逻辑学是你们的幸运”这种话，还会很耐心很及时的解答我们的问题。\n\n总之，只要你愿意学，彪彪绝对是个好老师～
130976,1594,胡龙彪,2021-01-25 12:40:51,2,2,0,呜呜真的太爱胡老师了，真的超级负责任，课也很有意思
131012,1594,胡龙彪,2021-01-25 14:20:02,4,5,1,炒鸡爱胡老师！很可爱的老师，从第一堂课就能感觉到他丰富的学识。\n\n听他的逻辑学课程确实感觉到了逻辑学思想与现实生活的关联以及逻辑学与哲学的连接，对我而言很有启发。\n\n讲课很有激情，为人非常负责，听到他说自己在车上看到同学问问题会把车停到路边回复，只为了不让同学等太久的时候真的震惊了...以及还有一堂课是车被撞了因为忙着来上课所以把车的事情搁到一边了...（怎么都和车有关，老师注意安全啊喂）\n\n不管怎么说是很棒的老师！选到就是赚到！
131056,1594,胡龙彪,2021-01-25 17:57:05,1,1,0,逻辑学作为一门通核 性价比真的很高 整个学期没有作业 上课从不点名 期末考里有挺多上课讲过的内容（有两次小测） 选就对了！ 而且逻辑学认真听的话 还是挺有意思的
131074,1594,胡龙彪,2021-01-26 01:02:43,1,1,0,老师很认真很可爱很负责！\n\n真正的逻辑学大师，干货多多，能上老师的课非常幸运\n\n老师哪怕凌晨一点多听到手机提示音，有学生提问，他也会立即起床回复！
135153,1594,胡龙彪,2021-05-04 14:47:30,5,8,3,上课的时候就感觉，缺乏哲学基础来选课的理工科学生可能会喜欢他，结果看评论果不其然。。。。\n\n上课的逻辑学的实质内容过少，但仅论这部分内容倒也没啥知识性错误（毕竟比较简单），但经常扯到一些莫名其妙的东西上，以及把逻辑学内容和各种奇奇怪怪的建政结合起来。。。。
136154,1594,胡龙彪,2021-06-11 11:30:36,2,2,0,大学目前收获最多的一门课 对学生也超级好，认真负责！！成为大一唯一记住我名字的老师TT
141231,1594,胡龙彪,2021-09-27 03:22:03,1,1,0,老师人超好55 很热心的帮我通过补选申请\n\n上课也很好玩！讲了很多有趣的逻辑命题。偶听的津津有味！
144378,1594,胡龙彪,2021-12-21 08:53:55,20,21,1,或许有这样那样的优点，其形象也确有唬人之处。很大的问题是：在学问上有所专精，但总是错误地估计依靠自己的视野能够评价论说的领域，常常妄言诸多科学和哲学议题，发表一些算得上幼稚的看法。。。
147960,1594,胡龙彪,2022-01-11 08:18:04,7,10,3,别选，千万别选，老师平时笑嘻嘻，考试也就那样，但是莫名其妙给分特别低，真的绩杀，快逃
147965,1594,胡龙彪,2022-01-11 08:22:51,1,4,3,🐔杀了，真的好低
147989,1594,胡龙彪,2022-01-11 09:07:38,1,5,4,快逃！！！！！平时笑嘻嘻，结果绩杀，全班平均分都滴！！！别选！！！
148043,1594,胡龙彪,2022-01-11 11:51:18,0,3,3,上课一般，学不到什么，全靠自觉。逻辑学h快逃！
148074,1594,胡龙彪,2022-01-11 12:42:16,1,2,1,讲的很好，人也很好，就是语速有点快，只要上课认真听，课后适当复习，事少分多\n\n另外希望老师第四版的书快点出来，第三版真的有点不太行。。。
148098,1594,胡龙彪,2022-01-11 13:25:17,1,3,2,老师，讲的不错，平时没什么作业，最后绩点也很高，力挺
149853,1594,胡龙彪,2022-01-17 09:37:17,5,6,1,其实在哲学系的评价就很一般了
153060,1594,胡龙彪,2022-04-24 13:44:05,0,1,1,不喜欢考试的时候来嘲笑同学ppt打得不好的老师
162663,1594,胡龙彪,2022-12-03 04:53:02,0,0,0,老师充满了对哲学逻辑学的热爱
165430,1594,胡龙彪,2023-01-05 04:28:58,2,2,0,非常厉害的老师\n\n就是我太菜罢了
165434,1594,胡龙彪,2023-01-05 06:07:13,-1,0,1,胡老师超级棒！！！上课讲的也很细致啊生怕我们不懂，疫情期间还叮嘱我们保护好自己，超级暖啊啊！！！都给我选！！！我是外专业的都很喜欢胡老师上课！
165442,1594,胡龙彪,2023-01-05 11:05:40,-1,0,1,老师认真负责，人很好特别喜欢回答学生问题。逻辑学只要把书上内容弄明白，按历年卷来复习绩点很好看！
168255,1594,胡龙彪,2023-02-06 15:30:22,1,1,0,社会我彪哥，人狠话不多\n\n本来我是隔壁金立老师的逻辑学，以为给分3.9够离谱了，直到两年后看到一个兄弟上的彪哥的逻辑学出分后这位兄弟的表情（手动狗头）
170527,1594,胡龙彪,2023-03-06 06:31:56,5,5,0,上的是西方逻辑与理性，现在上了两三堂课，这课怎么感觉和思政课一样
170680,1594,胡龙彪,2023-03-08 03:31:42,0,0,0,呵呵呵
170733,1594,胡龙彪,2023-03-09 01:49:55,6,7,1,绩杀且挂人，快跑
172027,1594,胡龙彪,2023-04-17 16:11:30,3,3,0,中规中矩，说话不清楚
200729,1594,胡龙彪,2024-10-21 11:46:16,4,6,2,一个神经病。
208155,1594,胡龙彪,2024-12-26 03:55:10,4,4,0,逻辑学h:\n\n期初:高中政治？有手就行，遂不听🙉\n\n期中:不知所云，一怒之下放弃\n\n期末：得学了，听点吧，可是为什么又变成了高中政治😢\n\n\n\n该听的没听，期末补天中，已经对绩点不抱期望了。。。
209136,1594,胡龙彪,2025-01-04 15:22:29,7,7,0,诗人啊
209172,1594,胡龙彪,2025-01-05 01:53:32,-1,0,1,哈哈哈哈哈老师可能不大会上课（可爱！），但我对这学期的收获还是很满意哒～
210375,1594,胡龙彪,2025-01-09 04:38:13,0,0,0,讲课一般
211712,1594,胡龙彪,2025-01-12 08:52:24,0,0,0,态度比较认真，但是分数很求是
211815,1594,胡龙彪,2025-01-12 14:34:49,0,0,0,给分真的不好，建议不要选逻辑学(￣◇￣;)
212094,1594,胡龙彪,2025-01-13 07:24:31,0,0,0,老师很热爱自己的学科\n\n可是，教学方法的确有很大问题
215666,1594,胡龙彪,2025-03-11 00:24:42,1,1,0,节节课必点名，来迟到或者中途出去上厕所还会接受他的注目礼🤣讲的内容也是不知所云，没啥营养，听说还绩杀，真的别选快跑！
218928,1594,胡龙彪,2025-05-13 13:06:44,1,1,0,上课有些自我沉浸，给分特别求是，均分不高，跑就对了
21788,1609,汪永江,2016-03-01 06:04:53,6,9,3,浙大周润发
23220,1609,汪永江,2016-06-28 17:10:41,7,7,0,严厉严肃，功力深厚
28830,1609,汪永江,2016-06-28 17:09:55,3,3,0,一楼抢我头衔。
33191,1609,汪永江,2016-09-15 06:09:10,15,18,3,我就是不俗我就是帅，嗯？
33356,1609,汪永江,2016-12-02 15:12:07,0,2,2,德艺双馨
39956,1609,汪永江,2016-12-28 09:57:01,0,0,0,就是喜欢有风度的男人
125672,1609,汪永江,2020-09-13 00:45:02,1,1,0,好好好
136298,1609,汪永江,2021-06-16 02:03:46,1,3,2,干货很多，很有风度的老师
160107,1609,汪永江,2022-09-13 08:22:13,2,2,0,太子陪读
186387,1609,汪永江,2024-01-11 02:23:23,1,3,2,好个牛八，你想上你上
199751,1609,汪永江,2024-09-29 02:08:07,3,3,0,破事儿一堆，一张口就是骂\n\n老师确实有才有学问，但是喜欢以己度人，把自己的意志强加在学生身上\n\n十分喜欢上升问题，作业多上课严厉\n\n专业课选修避大雷
201513,1609,汪永江,2024-11-04 04:14:54,5,5,0,桌子上的文具一定要按要求摆，坐要坐在正中，这就叫雅正，你们坐在教室里就是展品，是要给别人看的，桌都摆不好怎么布展，窗户为什么不开，说明你们和自然是隔绝的，你们的砚台我看都不太行，买宋代的，用过的老的，两千多不贵的，你们都买好了是吧
201685,1609,汪永江,2024-11-05 11:06:14,0,0,0,一分敬上
2949,1689,吴笛,2015-05-11 12:39:27,4,11,7,有史以来最低的绩点……明明很认真的……联系方式也不给一个……伤心
4507,1689,吴笛,2015-06-24 04:29:09,32,43,11,老师还是很给力的，很有魅力，期末结束时掌声不断，上课有激情，也挺谦虚，期末就交一篇论文，我的给力不是很好，可能没有好好对待吧
7104,1689,吴笛,2015-09-02 05:46:45,0,1,1,z
7429,1689,吴笛,2015-09-14 10:54:52,26,27,1,喜欢这个老师，非常有文学素养。他很喜欢给大家朗诵诗歌，朗诵得特别好，感情丰富。特别是俄文诗，分分钟击退我学俄语的想法。。。
7811,1689,吴笛,2015-09-15 13:35:27,2,2,0,助教打分。
8016,1689,吴笛,2015-09-16 13:21:01,14,14,0,讲的太好了，上课很有趣，也很有深度，朗诵一流，非常有才华。。。
8627,1689,吴笛,2015-09-23 10:47:11,2,2,0,挺有趣的
9323,1689,吴笛,2015-10-21 12:02:11,6,7,1,水平比较高，外语水平高，朗诵有感情
9557,1689,吴笛,2015-10-30 14:09:42,2,2,0,有趣的
9991,1689,吴笛,2015-11-14 02:40:58,10,11,1,nice 大师风范
10124,1689,吴笛,2015-11-16 12:01:28,2,3,1,老师讲课很富有感情，吸引人\n\n
10182,1689,吴笛,2015-11-17 07:02:50,1,4,3,课讲得挺好的……就是绩点低……
10197,1689,吴笛,2015-11-17 10:18:17,3,8,5,绩点乱给...
10221,1689,吴笛,2015-11-17 13:07:49,4,5,1,助教传单子点名 太喜欢吴老师了 特别儒雅有内涵
10223,1689,吴笛,2015-11-17 14:00:00,5,7,2,超级喜欢吴老师\n\n讲课很精彩 为人谦逊 很有人格魅力\n\n听他的课都没法做微积分因为会被吸引过去 总之虽然绩点不是很好 再选一次还是会选他的课
10227,1689,吴笛,2015-11-17 14:19:11,2,4,2,绩点好低，明明认真写了
10283,1689,吴笛,2015-11-18 01:45:57,1,1,0,有激情
10310,1689,吴笛,2015-11-18 04:26:58,8,9,1,上课很有意思，听他念诗也很棒，还有各种有趣的故事，他在各个大学的经历等等。虽然最后给分不咋的……总的来说是好老师。
10500,1689,吴笛,2015-11-19 08:01:02,5,5,0,讲课有激情，水平高，很好的老师。
10596,1689,吴笛,2015-11-20 11:09:26,5,5,0,上课很有趣，通过不同国家的诗歌和诗人的故事，让我们见识到了不同的文化。就是，期末论文，明明觉得写的很认真了，却绩点不高。
10679,1689,吴笛,2015-11-22 10:22:06,1,2,1,绩点低
10821,1689,吴笛,2015-11-23 06:15:58,8,8,0,老师上课特别风趣幽默！很喜欢老师！\n\n有一种大师的大气与从容，经常讲一些自己的经历，开拓国际视野十分有趣。也经常讲诗人的风流韵事
11260,1689,吴笛,2015-11-26 03:35:02,0,2,2,成绩瞎给\n\n
11727,1689,吴笛,2015-12-13 05:26:57,2,3,1,吴笛老师的课是我来浙后最喜欢的课  给的绩点不高  但其实也不太在意  听吴教授朗诵俄文诗心情棒cry  上课也很有激情  人格魅力超赞
12307,1689,吴笛,2015-12-23 02:24:30,1,1,0,老师讲课很吸引人，能从第11节课一直讲到13节，有激情。上课也比较轻松，只有一篇论文。成绩打分由论文和平时3次点到来打。
12697,1689,吴笛,2015-12-24 02:10:37,8,9,1,大师风范！真的，我见过的最棒的老师，被他对文学诗歌的热爱深深感染！
12894,1689,吴笛,2015-12-24 07:46:19,1,1,0,真的可以学到东西，超级大师。然而拿不了好绩点
13174,1689,吴笛,2015-12-25 04:42:38,0,0,0,有气魄
14627,1689,吴笛,2016-01-08 04:12:44,1,1,0,。。。真的很低
18669,1689,吴笛,2016-01-22 09:00:38,1,1,0,讲课很有激情，很生动，会分享有趣的经历，是个好老师。
21145,1689,吴笛,2016-02-21 09:49:10,0,0,0,每节课结束都是掌声雷动
25516,1689,吴笛,2016-05-24 07:26:02,1,2,1,老师知识很渊博，会讲很多有趣的故事。听他朗读诗歌是一种享受。
34731,1689,吴笛,2016-10-19 12:34:36,0,0,0,每次想写作业，最后都不禁去听诗歌赏析了— —老师水平很高，很赞
35556,1689,吴笛,2016-11-10 07:27:06,0,0,0,老师人很可爱
37022,1689,吴笛,2016-11-17 06:52:17,1,1,0,超级棒的老师！讲课很棒，给分也不错
37088,1689,吴笛,2017-01-15 15:32:10,0,3,3,最后4.8感动cry……认真对待点名点到的话绩点也不会太低的
37118,1689,吴笛,2016-11-17 13:17:23,1,1,0,上课非常有意思，给分也不错
37264,1689,吴笛,2017-01-15 15:31:35,13,14,1,可爱的龙猫❤️
37286,1689,吴笛,2016-11-18 07:55:12,3,3,0,博学，儒雅，大师风范，看得出他对世界诗歌那种执着的热爱，听他朗诵诗歌的时候真的会被陶醉！
37380,1689,吴笛,2016-11-18 14:18:59,1,1,0,很不错的课
38169,1689,吴笛,2016-11-25 07:40:05,0,0,0,很喜欢
38806,1689,吴笛,2016-12-19 06:42:02,1,1,0,特别喜欢吴笛老师，讲课很精彩，读诗很好听，可水可听，很有收获，点到只点过一次，期末论文好好写就能拿到高分
39185,1689,吴笛,2016-12-21 13:43:05,1,1,0,超好的老师，人很帅个人魅力也很高，好好听课就算理工科也会有很大收获。就最后几节课会点一次名算到课，期末论文要求也不严格。现在这么有情怀的老师不多了
39364,1689,吴笛,2016-12-22 07:53:06,3,3,0,老师还是很有魅力的 \n\n给分很难受\n\n
48535,1689,吴笛,2017-03-07 02:05:51,0,0,0,男神！
48872,1689,吴笛,2017-03-15 07:27:32,-2,0,2,给分不错
50364,1689,吴笛,2017-05-02 13:00:03,1,2,1,点过一次名。\n\n讲得好，娓娓道来的感觉，朗诵诗歌特别有激情！英文发音不是特别标准但就是觉得特别好听！！\n\n期末一篇论文，形式要求不严格。认真听课或者本身就喜欢诗歌的同学肯定不会觉得没东西可写～\n\n给分不清楚，我的还不错。不过这么有意思的课还在乎绩点干什么～～
50372,1689,吴笛,2017-05-02 13:42:23,0,2,2,人文情怀，和大师侃侃而谈，非常喜欢。日常前座小迷妹≧﹏≦认真听讲不错的，4.8~
50374,1689,吴笛,2017-05-02 13:46:23,13,13,0,老师在诗坛是有着贡献的，每节课结束同学都会一起鼓掌，这个习俗后选的同学要延续下去哦?
50457,1689,吴笛,2017-05-03 03:59:28,1,2,1,老师好，但是助教太过分了吧。乱给分，我就想问问你的评分标准是看心情吗？这样做不太好吧
50557,1689,吴笛,2017-05-03 12:26:02,0,0,0,很棒啊
51328,1689,吴笛,2017-05-31 11:37:05,1,2,1,给老师十分，助教零分。我呵呵，c，宽乱给分，辣鸡
54076,1689,吴笛,2017-06-28 11:32:09,4,4,0,老师笑起来超级可爱，就是诗人的感觉，太喜欢听老师念诗了！课程结束的时候还很不舍…
107641,1689,吴笛,2019-05-08 02:19:33,0,0,0,风度翩翩
120176,1689,吴笛,2019-11-18 03:01:22,0,0,0,老师上课很好，很投入，认真学可以学到挺多的其实。论文自己好好写不会太差的
126834,1689,吴笛,2020-10-22 10:54:39,1,1,0,哈哈哈哈龙猫那个评论太可爱了
147199,1689,吴笛,2022-01-09 05:18:02,2,2,0,老师太神仙了，讲课好，事少，给分高
147339,1689,吴笛,2022-01-09 15:22:33,0,0,0,大师！
147345,1689,吴笛,2022-01-09 15:44:01,0,0,0,事少给分好！！\n\n第一门满的通识呜呜呜
148996,1689,吴笛,2022-01-14 06:15:00,-3,0,3,喜提3.3，论文也认真写了。。。最低的绩点，没有之一😅😅😅
10345,1734,姜振飞,2015-11-18 07:07:33,2,8,6,一般般
13647,1734,姜振飞,2019-09-10 01:53:32,-31,7,38,很和蔼，备课认真
19459,1734,姜振飞,2016-01-24 09:19:19,12,16,4,实在普通
19488,1734,姜振飞,2018-07-22 15:37:38,18,21,3,世界文明史很一般，给分也很坑。\n\n
20294,1734,姜振飞,2018-09-17 10:20:07,0,5,5,上课还不错，如果普通话再标准点好了。自我感觉考试答的还不错啊，又多交了3000字的论文，讨论课绝对除了直接点名的外回答的也算多的。然而给分坑
21088,1734,姜振飞,2016-02-16 12:10:10,8,12,4,怎么说...一般吧 有时有一些常识性错误。给分坑
23178,1734,姜振飞,2018-07-22 15:37:54,36,46,10,农村老大爷
27415,1734,姜振飞,2016-06-26 03:03:26,0,1,1,上课不怎么样，论文乱来，给分极坑
31563,1734,姜振飞,2018-07-22 15:37:03,2,5,3,太挫了。
46351,1734,姜振飞,2017-01-21 10:05:53,0,4,4,老师上课还比较认真吧，也会认真听同学的想法，但是可能没那么有趣。平时不点名但是会提问记名字。给分中规中矩一般般
52005,1734,姜振飞,2017-12-21 01:41:24,0,1,1,老师人不错 长得有点点像金三月半
75301,1734,姜振飞,2018-03-09 00:25:16,10,13,3,他说：司马迁受了腐刑，就是大腿膝盖被削掉了，史记是在监狱里写的。。。老师连历史基础知识都不扎实，害怕，不会误人子弟吗？上课无聊，直接看书效率更高
77276,1734,姜振飞,2018-07-22 15:39:55,8,10,2,像在给初中生上课一般的ppt。
82365,1734,姜振飞,2018-07-28 09:38:56,31,36,5,世界文明史这种课确实不好上吧，但是照抄百度百科、照搬百度图片、备课仅限于把文字和图片堆集在PPT上，然后上课照着念，可以看出老师几乎没有花什么心思，连考研教材、全球通史的水平都没有达到，还充斥着许多史实错误，上课毫无技巧，不知道这种人为什么还能任教。世界文明史作为历史系为数不多大一大类课，对新生选择专业影响很大。就我个人而言，张弛老师的世界文明史是我从社科跨大类到历史系的一个很重要的因素。因此希望系里以及老师能好好重视这门课，不要破罐子破摔。
83861,1734,姜振飞,2018-07-11 10:46:02,0,2,2,说真的给分真的恶心啊，每节课都去（60左右的人吧基本只有10多个上课的），点名也是点的，回答问题也回答了，最后考试的时候自己把资料都整了一边，但是最后均绩都没到，上了一学期给了3.6，:)
84438,1734,姜振飞,2018-07-13 00:33:07,9,12,3,和n个同学讨教并且自己亲身实践后得出的高分秘诀：不要自己整理什么材料，照抄他的ppt呀。相信我，喂饱他膨胀的自信心，千万别怀疑他的知识水平！他按照他的ppt给分，啊哈哈哈哈哈！
85243,1734,姜振飞,2018-07-22 15:36:52,1,2,1,备课不认真
85627,1734,姜振飞,2018-07-22 15:41:24,-9,5,14,很认真
88493,1734,姜振飞,2018-11-01 23:48:26,1,1,0,....
91230,1734,姜振飞,2018-12-04 01:33:24,6,8,2,实在一般吧 不过老师人挺好 自己上课不管你听不听 但是同学讨论会要求你好好听尊重同学劳动成果:D 会让学生晚上早点睡
92182,1734,姜振飞,2018-12-27 03:11:07,2,3,1,怎么说呢...我这课总共有20个人，每次来上课3个人算多了，老师的普通话不太标准听不怎么懂，ppt也是百度抄来的，真的好无聊的一节课，可是老师也挺认真的，1个人来上课他还是要继续讲课，服他。
93228,1734,姜振飞,2019-01-08 07:33:14,10,10,0,口音，听了一学期听不清楚讲什么\n\n上课内容就如同在浏览百度百科\n\n同学展示的时候会盯着你\n\n花木兰的父亲叫花木\n\n禅shan宗\n\n。。。。。。
94074,1734,姜振飞,2019-01-15 06:07:04,107,107,0,（世界文明史）\n\n我想知道的不是犹太教一年里有多少个节日，不是印度教跳舞的神滑稽的姿势，不是清真寺里头繁琐复杂装饰的名字，不是日本的高雅插花作品展示；\n\n世界文明史，文明史。世界的几个宗教何以兴盛，不同地域何以一方水土养一方文化，对比之下的中华文明何以唯一地延续以及作为任课老师您对世界诸文明和未来的看法；再不济，我只想您清楚地、有逻辑链条地讲好9个文明的发展道路和交互作用，从哪里来，现在怎样。\n\n但是您没有，您下载百度文库的PPT，搜一堆或高糊或无聊的图片充斥课件，用尴尬、勉强的笑声刺激底下从第四排开始坐的学生，对学生历史理论性的问题顾左右而言他，用民族主义地观点解释犹太、审视日本的性文化。\n\n无用且不有趣，真是把文理学科互损的词都占上了。
94251,1734,姜振飞,2019-01-16 04:49:16,15,16,1,上课的内容就是抄网上的资料，我记得一开始的一个PPT网上直接找到原稿。还要求展示，展示就展示，我觉得没什么问题。但是感觉老师把展示作为了一种消磨课上时光的方法，没人展示就自己尬讲【课前准备真的欠缺】。而且到课程后期，自己课都讲不完还要展示。说实话，学不到什么东西。
96084,1734,姜振飞,2019-01-20 12:36:53,0,0,0,。。。
100157,1734,姜振飞,2019-01-25 23:42:49,7,9,2,分真的乱给 我想问问您 您真的改了期末考试卷吗？
100163,1734,姜振飞,2019-01-25 16:22:36,4,6,2,老师口音真的很重，我很努力想听都听不懂，一个学期下来觉得自己没有什么收获，但是平时没什么作业。期末给分有点迷。
100199,1734,姜振飞,2019-01-25 22:47:52,3,3,0,给分极差
100210,1734,姜振飞,2019-01-25 23:23:17,5,5,0,怎么说，上课很无聊，全部按照ppt讲，跟着ppt念还会念错，ppt是网上搬来的，只不过自己在里面加了很多图，图也感觉搜的很随意（影响很深刻的是他对着步辇图跟我们说是日本遣唐使来华）。给我的感觉是个极不认真备课的老师，还缺乏历史常识。\n\n而且他对别的国家的评价也让我感到很不舒服，偶尔开开玩笑可以，但这位老师说话给我的感觉充满着对伊斯兰、日本等的不尊重。\n\n最后给分很坑，个人感觉上不上课看出来的感觉是一样的，看你自己原来的水平。\n\n一个学期下来没有什么收获，世界文明史课还很多：）真不如自己看书有用，慎选。
100212,1734,姜振飞,2019-01-25 23:25:44,15,16,1,要是有0分我会给1分？！\n\nPPT网上抄，口音重死，三观不正，课上直接嘲讽某一民族是傻子（原话）。期末给分真他妈差，拉低均绩点0.1懂了吗？乱给
100270,1734,姜振飞,2019-01-26 01:38:19,11,12,1,我现在就是后悔，非常后悔\n\n
103676,1734,姜振飞,2019-03-04 05:52:19,25,26,1,叽里咕噜噜里叽咕\n\n嘿嘿嘿\n\n
103762,1734,姜振飞,2019-03-05 05:41:35,0,0,0,....
104334,1734,姜振飞,2019-03-18 05:51:46,4,6,2,口音重，一句话反反复复说，经常有史实错误。在文明史课上讲神话，谁要听这种百度一下就知道的东西？形象极差
105486,1734,姜振飞,2019-06-29 16:44:49,1,1,0,太菜了
105562,1734,姜振飞,2019-04-17 00:48:13,3,5,2,上课必须带充电宝，否则手机肯定会自动关机，而且前五排是没有人坐的，现在上课点名。
107508,1734,姜振飞,2019-05-06 05:25:11,3,4,1,真的。。。ppt发言是随机的，跟着老师的课变化着，这也意味着你的小组会准备很多很多次ppt，然后能上去展示的机会可能就一次。。并且点名，每次都点一样的人。。理解不了
110299,1734,姜振飞,2019-06-29 16:44:07,2,3,1,水平极差，历史系老师里面最差的一位。
112828,1734,姜振飞,2019-07-05 04:45:16,2,2,0,不知所云
113033,1734,姜振飞,2019-07-05 18:20:22,3,5,2,浙大有这种老师简直会拉低学校的整体水平，上课垃圾也就算了，给分真的瞎
113075,1734,姜振飞,2019-07-05 22:46:13,-10,2,12,不管课怎么样，这次给分不错。
113169,1734,姜振飞,2019-09-10 06:44:57,1,1,0,只能说，能不选则不选吧...上课听不进去，口音太重，内容无趣。期末开卷挺简单，分数却很普通...
113229,1734,姜振飞,2019-07-06 02:15:50,0,0,0,如果不是专业要求就不要选文明史了，上课贼无聊，给分差\n\n
116422,1734,姜振飞,2019-09-10 06:48:11,3,4,1,我是谁?我在哪?他是谁?讲啥呢?
116423,1734,姜振飞,2019-09-10 07:00:27,0,0,0,...
116453,1734,姜振飞,2019-09-10 23:41:32,0,0,0,没有意义
116458,1734,姜振飞,2019-09-11 00:16:24,0,0,0,呵呵哒
116670,1734,姜振飞,2019-09-13 00:19:32,-2,2,4,“连德语都不会研究个p的德国史？”\n\n对不起，我去学德语了? \n\n
117081,1734,姜振飞,2019-09-26 06:14:46,5,7,2,我真的很想听懂他在说什么。。亚述帝国的冲冲器是什么东西啊…还有冲冲塔…
117136,1734,姜振飞,2019-09-20 00:20:05,0,0,0,一点都听不懂他说什么
117141,1734,姜振飞,2019-09-20 00:35:50,0,0,0,………………
117612,1734,姜振飞,2019-09-26 15:52:16,8,9,1,说话跟鱼吐泡泡一样含糊不清还偏偏经常不用话筒，后排直接锻炼中文听力；PPT非常原生态不经加工；上大学以来第一门纯水过去的课。
117613,1734,姜振飞,2019-09-26 15:58:39,14,16,2,ppt内容丰富，据说是海纳百川容纳了百度文库用户的集体智慧，虽然我从百度上没找着。声音有白噪音效果。老师人很好，“畜牧业”一词大胆打破陈规读chu，虽然不太求是，但很创新。\n\n虽然老师擅长的领域不在这一块，但我深刻忏悔，老师的水平给我一个不好好学习的借口，他固然讲得不好，我学习态度也确实不佳。
123879,1734,姜振飞,2020-06-15 17:21:56,2,3,1,新生不要挣扎了，逃不掉的，世界文明史不论选哪个都有姜振飞。不要太相信课程安排上的老师名字哦
132156,1734,姜振飞,2021-01-30 17:09:26,3,3,0,还是有没有他的班级的，课表上的老师姓名还是值得参考的\n\n尽量还是挣扎一下吧，真的不值得上这个课
132972,1734,姜振飞,2021-02-05 15:53:27,0,2,2,知识挺渊博的
132995,1734,姜振飞,2021-02-06 03:41:39,1,6,5,1. 有没有姜振飞的世界文明史，赶紧退课选，选不上也去找老师签字条。\n\n2. 实在不行，秋学期不点名的话就...（你懂的），反正期末不考世界文明史只考冬学期另外两个老师讲的中国史。
133085,1734,姜振飞,2021-02-07 17:49:44,9,14,5,建議不要在意前人妖魔化的世界文明史評論，這位老師沒有他們說的那麽差。\n\n\n\n國際關係史，世界文明史我都上了姜老師的課，老師人非常溫和，而且很敬業。兩節課他始終站著，討論氛圍特別輕松，課程任務也很少。\n\n我記得老師說，我的孩子還在上初中，現在每天都要十點以後睡覺，現在真是都瘋了…而且老師說我知道你們考試周都特別忙，你們學生真的也很辛苦，所以老師說你們期末論文可以考試周一週後交。老师一直特別希望我們能提出問題，還說如果不好意思課堂上說，課下可以戳他。這真的是一位好老師，他可能不是你期望的那種有個性和极富有魅力的老師，但他絕對不差。\n\n\n\n這門課程內容並不算很多，我覺得非常有意思，能學到很多東西，藉機可以把很多知識空白補充上。\n\n\n\n最後多說一句，請不要對一個老師刻薄至此，只因為自己的某些不爽和不開心。
133160,1734,姜振飞,2021-02-12 04:32:40,3,5,2,老师上课很一般，前几节尝试着去听，最后还是放弃了，听不进去，不如自己看书或学别的科目。\n\n但是我感觉给分还挺好？？？展示有好好准备，读书报告认真写，考试打印了罗老师要求的ppt裸考，最后有4.8。当然，这或许可以间接说明老师给分是乱给的。
141089,1734,姜振飞,2021-09-23 06:42:35,0,2,2,我觉得老师还是挺可爱的
142215,1734,姜振飞,2021-11-08 13:54:02,2,2,0,上课缺乏逻辑性，只是纯知识的灌输
143371,1734,姜振飞,2021-11-24 09:44:27,1,1,0,建议老师多读点书，多用点心
147024,1734,姜振飞,2022-01-08 12:54:50,0,0,0,呵呵，我真的谢。。。
148490,1734,姜振飞,2022-01-12 16:11:12,2,2,0,绩点非常怪
148501,1734,姜振飞,2022-01-12 16:56:32,1,1,0,？？？
148537,1734,姜振飞,2022-01-13 00:05:51,1,2,1,世界文明史这门课事情是真的不多的，姜老师也感觉挺博识的，但就是老师的普通话真的不好懂。姜老师对我们学生的评价总是蛮正面的，不得不说上大学后在姜老师的话语里得到了一定的鼓励。如果希望通过上课获得很多有点难，不以考试为唯一目的想真的学点东西的话，需要自己对PPT和阅读书目花些心思吧💡
148554,1734,姜振飞,2022-01-13 01:06:35,4,4,0,我觉得老师人很好啊，也很博学，给分也不错，只是普通话仍需提升，愿意好好学的话，能学到很多东西，唯一一个读书报告，只要认真写，结果不会差的
148657,1734,姜振飞,2022-01-13 06:40:33,0,0,0,呵呵，我真的谢。。。
148878,1734,姜振飞,2022-01-14 00:54:14,1,1,0,谢不起来。。
161216,1734,姜振飞,2022-11-02 17:17:52,1,2,1,平时成绩70% 课程论文40%😅
2554,1740,鲍永军,2015-05-04 13:56:28,6,7,1,水水的，国宝档案是真爱
56389,1740,鲍永军,2017-07-03 15:28:40,5,6,1,老师鼓励我们要有自学的能力
80424,1740,鲍永军,2018-06-26 10:46:32,1,1,0,怎么没有人评?
91673,1740,鲍永军,2018-12-17 14:50:19,1,1,0,很棒啦
102666,1740,鲍永军,2019-02-18 13:32:55,1,1,0,超级棒
102667,1740,鲍永军,2019-02-18 13:36:37,1,3,2,老师要是能再认真严谨一点就好了
115640,1740,鲍永军,2019-08-14 00:25:09,6,8,2,不可否认老师确实人好给分好 但是历史系重要的基础课程被上成外系闻名的水课不能不说是一种悲哀
123475,1740,鲍永军,2020-06-09 05:35:09,3,3,0,男神老师 爱了
137354,1740,鲍永军,2021-07-03 11:36:23,5,5,0,期末考顶多考了八分（满分四十） 居然有3.6这辈子都没这么谢谢过一个老师 中国历史文选 赶紧来抢购吧
158133,1740,鲍永军,2022-06-27 06:23:15,1,3,2,课程：中国历史文选\n\n打分：10/10 \n\n优点：给分特别端水，基本4.5没跑；特别优秀的会拉到4.8；特别差的也会捞\n\n缺点：水（但某种程度不失为一种优点
2825,1760,许志强,2015-05-08 06:51:42,42,69,27,我是汉语言文学的学生，听老师的西方现代小说简直就像读小说一样，老师时而激情澎湃，时而娓娓道来，恨不得记下老师说的每一句话。阅览十分细致，备课认真，为人谦和。
2839,1760,许志强,2015-05-08 12:55:43,26,37,11,腹有诗书气自华 他是我的意识流启蒙 很有见解 个人魅力十足 给分也很好
2996,1760,许志强,2015-05-12 11:41:29,15,25,10,每次课内容都很丰富有意思  老师人格魅力max
3082,1760,许志强,2015-05-13 15:22:27,9,15,6,真的很好，很有收获！
4137,1760,许志强,2015-06-18 01:55:48,6,9,3,老师上课萌萌哒～
8722,1760,许志强,2015-09-24 11:42:29,13,24,11,许老师简直不能再好，大四党听着他的课都要流泪了，人好课上的也好，是让我一生都受益的好老师
12980,1760,许志强,2015-12-24 12:26:10,5,9,4,讲得真的超好，老师人也很和善，绝对是很有思想的，很有收获！
13372,1760,许志强,2015-12-27 10:53:05,-3,3,6,爱爱爱～
14894,1760,许志强,2016-01-11 01:11:06,-3,4,7,感觉不错
15538,1760,许志强,2016-01-15 07:47:40,6,11,5,讲课很动情，听老师的世界小说欣赏很有收获，可惜好像以后不在紫金港开课了
15549,1760,许志强,2016-01-15 08:57:35,9,16,7,绝对好老师，上课内容超丰富，准备超充足，很值得一听。是少有的没被我水掉的通识，而且只要用心最后的绩点不会差的。
15553,1760,许志强,2016-01-15 09:52:11,6,9,3,老师讲得好，不过我被正态了。。。。
15585,1760,许志强,2016-01-15 12:59:18,-3,4,7,炒鸡棒，给分也很好
15586,1760,许志强,2016-01-15 13:01:41,10,18,8,以后不会再在紫金港上课了……讲课时有情感，能打动人心。借此我了解了很多19世纪作家、名著，收获很大。给分很高，远超预期。
15661,1760,许志强,2016-01-16 05:08:16,0,5,5,男神\n\n
15904,1760,许志强,2016-01-16 14:27:50,9,18,9,讲课的力量让人浑身战栗。
16945,1760,许志强,2016-01-19 09:43:33,0,5,5,听课是一种享受，受益良多
26649,1760,许志强,2016-06-20 14:32:00,-2,4,6,很有人格魅力，给分很好，关键的是能学到很多东西如果每周能跟上讲课进度 阅读小说的话 听课会很有意思
27343,1760,许志强,2016-06-25 03:17:59,5,10,5,不知不觉就变成他的迷妹了
34962,1760,许志强,2016-10-27 07:26:58,-2,4,6,早点遇到老师就好了
54151,1760,许志强,2017-06-28 14:26:44,2,7,5,从老师身上看到知识分子的模样\n\n对于文学的敬畏令人肃然起敬
76750,1760,许志强,2018-04-20 14:24:16,-1,4,5,我男神我男神我男神！！！
76900,1760,许志强,2018-04-25 12:55:18,-5,4,9,文学素养和授课魅力已经圈粉无数，老师为人的可爱更是意想不到的…
77147,1760,许志强,2018-05-03 02:45:29,-2,4,6,老师的课让人想听一遍一遍又一遍?
77209,1760,许志强,2018-05-03 18:03:17,-3,3,6,从来不会走神，因为老师讲话的每一秒都不想错过
77560,1760,许志强,2018-05-06 13:22:01,-3,4,7,谢谢老师，老师的课很有深度（可以说是我大二唯一有文学系感觉的课了……）
106475,1760,许志强,2019-04-27 17:00:23,0,5,5,老师讲得很好，虽然我有时候领会不了，但是他教的东西好像是影响我内心的那种，潜移默化中提高读书品味。自以为最后论文写的不好，但是确实非常用心地写了，老师似乎也看到了，给了个非常好的分数！爱许老师！
106886,1760,许志强,2019-04-30 07:02:46,8,13,5,这学期许志强先生的二十世纪外国作家研究课，完全是酩酊的沉醉感。他的话语像一阵一阵的海浪，丰饶而翻滚，让人不觉倾倒。对文学的敬畏，知识分子的模样，以至我每次见到他都会产生一股近乎失语的敬意。 ​
116305,1760,许志强,2019-09-07 17:19:47,-1,5,6,已毕业。大四上老师的课。明明是老油条却不舍得缺席的课程。老师的文学素养超高，感觉自己受到了不少熏陶(希望不是错觉)。看起来很凶很严格的点名，其实对其他校区外专业相当友好。虽然作为工科生人文素养可能没那么高吧，但自己认真写出来的论文也得了高分。
122682,1760,许志强,2020-03-18 06:15:52,30,46,16,发现一个有趣的现象。\n\n许老师上课确实富有激情，排山倒海，隔着屏幕也能感觉到口水在喉咙中的上下涌动。\n\n只是，一个个概念之后，往往跟随着含混其辞的讲解，虽然具有一种表达的感染力，但思考玄学化的倾向明显。只是概念在越堆越高，厉害的词语在排列组合，理不出之间的线。\n\n乍听之下：老师好渊博啊！好热爱文学啊！\n\n动脑去细细理解之后，得到一堆乱麻。\n\n或者说，一地鸡毛。\n\n文学，毕竟不是玄学。\n\n以后的我会觉得许老师讲课很好也说不定，但至少现在，我很诧异。进而问自己，什么是好的课堂。
123014,1760,许志强,2020-04-30 13:17:01,-2,6,8,讲课不错 给分也太好了 瑞思拜
123763,1760,许志强,2020-06-14 02:13:15,-2,3,5,讲得超级超级超级好，非常真诚和深入，有很强的文学素养。
135108,1760,许志强,2021-04-30 12:57:14,6,11,5,许老师是改变我人生的老师，在大学写作课上，我第一次觉得浙大不是在将我培养成一个社会的螺丝钉。很推荐不懂文学的同学选这门课，听完这门课之后人的思维会有质变。
138349,1760,许志强,2021-07-08 15:04:33,0,5,5,在老师身上感受到的尊重是无与伦比的
145093,1760,许志强,2021-12-27 10:55:38,0,4,4,上课徐老师的大学写作课，完全改变了前半学期对这门课的失望。犀利的评价加上文雅的表达，很难不让人听进去！
145113,1760,许志强,2021-12-27 12:58:41,2,10,8,许老师的大学写作——创意写作，大学写作的课前半学期其实成效不是很好，是好多老师一人一节课上的，可能比较零碎，每个老师的点都不一样，有点散，但是后半个学期是分小班上的，也就是许老师和助教姐姐（助教姐姐也很可爱，会很认真对同学讨论课的发言做点评，听老师上课会发现她和老师之间沟通也很多，工作上课都很认真）给我们上课，有讨论课，也有分析课，前讨论中间一节分析然后再布置作文和第二轮讨论的上课结构也很合理，很舒服，老师上课很有激情，对文学也有自己的独到见解，对外专业的学生也很友好，点评作文很到位，无处不散发学者的风范，今天刚刚结课，趁着最后成绩还没出来，不会受任何绩点给分影响，过来给老师打个分，10分没毛病
153455,1760,许志强,2022-04-30 09:05:38,3,5,2,讲的非常好！考核给分相对严格
158445,1760,许志强,2022-06-29 09:52:23,-3,2,5,大学写作创意写作课虽然只上过几节其他都是讨论课，但是上的每节课都觉得干货满满！感觉老师人特别有意思，很有个性。
165429,1760,许志强,2023-01-05 02:55:01,-1,3,4,老师讲课很沉浸，给分也很好
168905,1760,许志强,2023-02-23 10:25:29,-1,5,6,给分很好，上课也很好
172785,1760,许志强,2023-05-07 01:41:22,2,5,3,很有自己的学术观点和水平，上课的时候很随和，喜欢让同学们一起讨论一些问题。点了两次名，第一次也是唯一一次缺勤是因为下大雨我溜掉了结果被抓个正着(T＿T)但不是老师的问题只能怪我自己了，当时以为综评要哗啦啦掉下来，结果最后成绩出来也挺满意的。（论文我努力写了一个星期哈哈），反正努努力会有好结果
176220,1760,许志强,2023-06-28 06:01:01,2,7,5,自认为文学造诣不高的中文系学生\n\n但是每每展示完受到的夸赞都让我惶恐，然而老师却总能再指出一些学术上的指鉴，帮助我们完善到更好，而他的讲课真正让我感受到穿透灵魂的力量，那种美妙，那种强大。对我来说，邢姐姐的课给我的是一种从高处的震慑，许老师的课像灵魂的抬升，太棒
185524,1760,许志强,2024-01-01 14:36:32,27,50,23,避雷，大家一定要把课上课下分成两件事来看待，课上很会装。此人会骚扰女学生（惯犯），千万别加它微信（它可能会以各种理由找学生要）！以及加微信还会被以不点赞/转发它的推文就删好友威胁，受到莫名其妙的辱骂，措辞恶劣，收到此类信息的学生从本科生到硕士生不计其数。课上也有各种迷惑发言，让学生花钱买它的节目（很贵，之前被挂过朵朵），买完后加它微信，给它的节目刷评论，不回它消息会被拿到课上说……总之各种sb事迹过多，不想列举，完全不配当老师甚至不配当人，这么多年没被爆出来让它一直为所欲为也是真牛（可能因为它24小时在网上到处搜索自己的名字，差评删得够及时吧hhh）。以上所言均有证据，写在这里给选课的学弟学妹提个醒，也当做给它的退休和新年礼物。别杠，杠就是你对。
185525,1760,许志强,2024-01-01 14:55:21,21,36,15,避雷，大家一定要把课上课下分成两件事来看待，课上很会装。此人会骚扰女学生（惯犯），千万别加它微信（它可能会以各种理由找学生要）！以及加微信还会被以不点赞/转发它的推文就删好友威胁，受到莫名其妙的辱骂，措辞恶劣，收到此类信息的学生从本科生到硕士生不计其数。课上也有各种迷惑发言，让学生花钱买它的节目（很贵，之前被挂过朵朵），买完后加它微信，给它的节目刷评论，不回它消息会被拿到课上说……总之各种sb事迹过多，不想列举，完全不配当老师甚至不配当人，这么多年没被爆出来让它一直为所欲为也是真牛（可能因为它24小时在网上到处搜索自己的名字，差评删得够及时吧hhh）。以上所言均有证据，写在这里给选课的学弟学妹提个醒，也当做给它的退休和新年礼物。别杠，杠就是你对。
185526,1760,许志强,2024-01-01 15:01:57,7,10,3,逻辑混乱，不知其所言
185657,1760,许志强,2024-01-03 10:11:16,32,43,11,只能说大家擦亮眼睛别被表象骗了吧
190966,1760,许志强,2024-03-26 04:10:53,-28,9,37,楼上骂/造谣老师的蠢贱货，你最好重新反思一下自己说的话是否属实，这是匿名平台但不意味着你可以为所欲为，造谣生事是犯法的。
191071,1760,许志强,2024-04-01 02:32:54,-27,9,36,楼上破防姐造谣也靠点谱sb\n\n莫名其妙呆在人家列表还不交流\n\n连认都不一定认识\n\n不删你删谁\n\n别tm太自我意识过剩了\n\n没人把你当回事
191502,1760,许志强,2024-04-24 02:06:45,-1,6,7,应该快出分了，先给老师个好评吧～老师超级博学上课超级沉浸，因为老师又感觉被安利了好多书，除了我菜菜的…最后希望老师手下留情(╥_╥)
192085,1760,许志强,2024-05-09 03:21:05,2,4,2,20世纪外国作家，会纸质点名。老师备课很认真，课上得很好。作业是一篇书评，给分中规中矩。大概是我写得很一般所以分数没有达到预期。
193313,1760,许志强,2024-06-06 07:09:15,1,4,3,我上的那次大学写作创意写作小班课的任务主要是阅读《米格尔街》全书，以及《东方故事集》里面的三篇，做两次展示（每人5分钟）和写一篇3000~8000的文章。（不恶竞，3000出头的文章也有不少能够拿到高分。）
198355,1760,许志强,2024-09-07 22:44:21,19,23,4,骚扰女学生，搞PUA的斯文败类，衣冠禽兽，心理很扭曲变态，不配为人。早点退休滚出浙大！
199127,1760,许志强,2024-09-18 03:57:05,14,16,2,大学不是藏污纳垢之地，师德师风有严重问题之人不允许留下！
199471,1760,许志强,2024-09-24 07:19:43,-3,10,13,学识和授课能力是毋庸置疑的，凡是听过许老师课的人，都会赞叹不已。课后交流，也觉得这是一个很和善的老师。\n\n只是许老师临近退休的年纪了，还是过于爱憎分明，不会掩饰。喜欢的人会说这是文人风骨，不喜欢的、或者被批评过的，就破大防，开始拼命黑了。
206904,1760,许志强,2024-12-18 09:05:04,2,3,1,许老师鉴赏水准毋庸置疑!
207433,1760,许志强,2024-12-21 14:50:00,3,3,0,认清一个人是需要时间的
214160,1760,许志强,2025-01-26 06:03:27,2,2,0,写作课的事情还是很多的，但老师真的很有大师风范，给分也不错~
214785,1760,许志强,2025-02-18 02:17:13,1,2,1,赶紧退休，别祸害人了
215766,1760,许志强,2025-03-05 09:39:53,3,3,0,在西湖大学授课 授课时水平较好 幽默风趣
217345,1760,许志强,2025-04-09 02:44:06,2,3,1,讲小说不错，讲诗跟没讲一样。
218210,1760,许志强,2025-04-22 05:21:49,0,2,2,骚扰女学生，搞PUA的斯文败类，衣冠禽兽，心理很扭曲变态，不配为人。早点退休滚出浙大！避雷，大家一定要把课上课下分成两件事来看待，课上很会装。此人会骚扰女学生（惯犯），千万别加它微信（它可能会以各种理由找学生要）！以及加微信还会被以不点赞/转发它的推文就删好友威胁，受到莫名其妙的辱骂，措辞恶劣，收到此类信息的学生从本科生到硕士生不计其数。课上也有各种迷惑发言，让学生花钱买它的节目（很贵，之前被挂过朵朵），买完后加它微信，给它的节目刷评论，不回它消息会被拿到课上说……总之各种sb事迹过多，不想列举，完全不配当老师甚至不配当人，这么多年没被爆出来让它一直为所欲为也是真牛（可能因为它24小时在网上到处搜索自己的名字，差评删得够及时吧hhh）。以上所言均有证据，写在这里给选课的学弟学妹提个醒，也当做给它的退休和新年礼物。别杠，杠就是你对。
218225,1760,许志强,2025-04-22 06:19:29,3,4,1,20世纪外国作家研究给分好，身边基本上都是4.5，4.8
218864,1760,许志强,2025-05-09 12:09:52,1,1,0,非常好的老师，鉴赏水平和人文素养毋庸置疑，真正的大师风范！给分也很好，无脑冲！
221813,1760,许志强,2025-06-26 11:12:47,0,0,0,20世纪外国作家研究，给分不错，最后就是写篇读后感之类的论文，上4问题不大
1943,1773,陈志坚,2015-03-26 14:04:37,11,17,6,感觉陈老师是一个知识很渊博的人吧。听他的课是一种享受。
2333,1773,陈志坚,2015-05-16 11:57:04,3,5,2,通核等级制，哎！课还是蛮好的
4079,1773,陈志坚,2015-06-17 16:22:17,16,19,3,很长见识呢 课后作业比较随性 做不做随你 老师会选有独特想法的同学做ppt展示~
4392,1773,陈志坚,2015-06-21 06:38:29,-3,6,9,读PPT
5366,1773,陈志坚,2015-07-07 04:25:58,70,87,17,不点名+没作业+考试少+没论文。
5367,1773,陈志坚,2015-07-07 04:24:18,5,7,2,循循善诱
5411,1773,陈志坚,2015-07-07 08:25:39,3,4,1,好
5610,1773,陈志坚,2015-07-08 16:02:15,26,33,7,老师说 大学里总有比听课更有意义的事 所以逃一两次课没关系( •̀∀•́ )给分也很好啦 平时作业很随性 考试开卷
8205,1773,陈志坚,2015-09-17 12:19:41,2,4,2,"萌萌""达老师"
26628,1773,陈志坚,2017-12-22 15:08:11,4,7,3,听他的课能学到很多很多，知识渊博人很温柔，真正的好老师。作业少不点名，听课是一种享受，最后一节课还感觉没听够呢~
27581,1773,陈志坚,2016-06-27 04:25:20,2,2,0,有收获，给分好！
28042,1773,陈志坚,2016-06-28 08:01:30,-8,3,11,人不错，水平有限
28474,1773,陈志坚,2016-06-28 09:14:20,-1,0,1,给分比较一般，但是事情真的很少，所谓可做可不做的作业，不做也真的没什么关系
28809,1773,陈志坚,2016-06-28 15:58:53,0,2,2,讲得挺有趣就是不知道是不是因为临时把考试改论文，给分好低
29071,1773,陈志坚,2016-06-29 08:08:36,2,3,1,给分一般…不过事情这么少的通核给分少一点也还好啦
30074,1773,陈志坚,2017-06-07 11:18:19,3,5,2,老师讲课很好，有点幽默，给分也很好，认认真真做作业得分不会差的
30717,1773,陈志坚,2018-06-15 02:04:04,4,6,2,很有情怀的老师，会有课后作业，交不交都行，交的话平时分会加，作业很简单，给分还不错
31953,1773,陈志坚,2016-07-05 08:27:57,2,3,1,有趣 学到很多人文知识 给分不错虽然卡了我绩点
33971,1773,陈志坚,2017-06-09 03:02:03,2,3,1,跟陈老师学到很多，最喜欢的老师\n\n
38087,1773,陈志坚,2017-01-20 05:34:57,5,6,1,陈老师很博学。上课能学到很多东西。
52536,1773,陈志坚,2017-06-21 02:49:07,5,6,1,老师真的很完美了。不点名，平时作业爱做就做，今年是写一篇论文，听老师随便侃侃历史，丝毫不费力，时常有新的见解，有如清风拂面，权当是在专业课里夹缝呼吸的自由空间。
67707,1773,陈志坚,2018-01-22 05:36:24,13,13,0,老师极好，给分嘛……通核就不要求太多了
67746,1773,陈志坚,2018-01-22 06:27:10,15,17,2,老师历史水平很高的，每次下课前都是老师个人观点的分享时间，非常棒。事情在通核里面算很少了，一次展示两次历史剧，讨论课多发言考前看下ppt分不会差的。
67801,1773,陈志坚,2018-01-22 07:36:37,2,2,0,老师超棒的，助教也很nice！平时事情很少，给分也不错哒！
67913,1773,陈志坚,2018-01-22 09:50:58,10,11,1,史记和通鉴是非常好的通核课了，上课有趣很涨姿势，平时事少，讨论课做一次展示表演两次小组话剧就行，期末出分快给分好！表白老师和助教！！！
68629,1773,陈志坚,2018-01-23 13:18:43,1,1,0,老师人很好，幽默风趣，会和同学讨论历史观点，不点名。助教也很棒，人非常nice，会对同学进行点评并想办法帮同学提高平时分。真的好评
68866,1773,陈志坚,2018-01-24 04:04:10,0,3,3,讨论课不讨论，表演两次历史剧+一个个人展示，都差不多，平时分很难有优势。\n\n看起来平时没什么事，但是写剧本排历史剧实际上还是挺花时间的。\n\n期末考试填空都考历史细节，所以复习很久也不一定有用。\n\n\n\n绩点随缘吧。
70369,1773,陈志坚,2018-01-26 13:56:38,4,4,0,可以说是期末考复习得最开心的一门么？？课真的很有趣呀，大概是我历史知识巅峰了。虽然很仔细看PPT最后填空题还是有几个想不起来，但是考前大佬们押题还是押中不少哈哈哈，老师助教都超好，给分也好！！
72156,1773,陈志坚,2018-01-29 13:16:37,3,3,0,满分满分！这通核应该是最舒服的一门了没有之一
72495,1773,陈志坚,2018-01-30 08:34:43,7,8,1,人好，事少，不点名，作业自愿，期末2000，佛系老师，
73789,1773,陈志坚,2018-02-03 05:46:04,-1,1,2,老师真的好好啊 古代史专题 作为一个外专业学生 论文和读书报告写得也很赶 本来以为要跪了 结果给分真的超级超级好 爱老师o(^o^)o
79235,1773,陈志坚,2018-05-28 07:09:05,0,1,1,需要认真对待这门课的老师。
80051,1773,陈志坚,2018-06-19 08:10:43,11,12,1,第一个接触的专业课老师。老师学问渊博，对事情有自己独立见解，性子慢悠悠的 。最重要的是，从他那儿能学到很多知识。我心目中的大学老师就是这样呀。(◍˃̶ᗜ˂̶◍)✩
80422,1773,陈志坚,2018-06-26 10:15:42,0,2,2,通识核心，你值得拥有。
80445,1773,陈志坚,2018-06-26 14:07:31,3,3,0,嘿，说你呢，希望你能来听课
83211,1773,陈志坚,2018-07-10 02:34:15,2,2,0,有很多从史学角度的人文见解，陈老师很博识，一些素材和观点总是能够顺手拈来，会有一种听讲座的感觉。
87131,1773,陈志坚,2018-09-21 00:51:21,3,3,0,大师风范
87242,1773,陈志坚,2018-09-26 05:17:45,5,5,0,真正有良心的历史老师，观念很开放。
92700,1773,陈志坚,2019-01-04 00:48:12,5,5,0,就很好 有一节课来回答大家的问题 不是底蕴厚的老师真的做不到这个样子的 真的很强 有自己的思想 就是在传播知识和人文情怀 做得太好了 真的很喜欢
94149,1773,陈志坚,2019-01-15 10:37:00,3,4,1,陈老师上课很好，能给人启发，可惜我中间逃了好多次课，有些惭愧。最后一节课还和大家互动交流。
95451,1773,陈志坚,2019-01-19 12:04:41,3,3,0,很有底蕴的老师
95821,1773,陈志坚,2019-01-20 05:58:55,1,1,0,虽然给分一般，但是事情是真的少
95847,1773,陈志坚,2019-01-20 06:19:51,2,2,0,很好很好的历史课\n\n很后悔最开始没好好听，最后考前补天\n\n
95855,1773,陈志坚,2019-01-20 06:29:34,3,4,1,神仙通核！！！值得拥有！！！
95859,1773,陈志坚,2019-01-20 06:43:58,5,6,1,史记与通鉴\n\n老师讲得真的很好！但是还是建议对历史不感兴趣的不要选，事情不太多，两次小组历史剧一次个人展示一个闭卷考，平时理论课可以不去讨论课可以去写作业，个人对历史一点兴趣都没有，历史功底很差，最后突击看ppt 大主观题写了满满正反两面（只是字多，见解实在谈不上多深），反正没上4，毕竟大佬多，自己也还算满意
95880,1773,陈志坚,2019-01-20 07:21:24,-5,9,14,非常有人格魅力的老师，讲起话来有着慢条斯理从容不迫的儒生气质。老师学识渊博，性格儒雅，助教们也性格很好很可爱。出分快给分好，每节课都到了认真听了，于是裸考满绩。真心推荐这门课！
95918,1773,陈志坚,2019-01-20 08:19:17,-28,3,31,史记与通鉴一般，会给人文类的专业较高的分数，理工科的选了你就等着被正态吧
96649,1773,陈志坚,2019-01-21 08:33:41,2,4,2,本人作证不会因为理工科被正态。说是因为理工科被正态的其实是因为你这个理工科没有复习期末没有考好吧。作为一门通核课平时已经很不占时间了，考试只要看两遍ppt就能记住大部分，默写好好弄好，开放题多写点然后就问题不大。而且不是4.5/3.5/2.5的这种五级制真的太感动了。
103219,1773,陈志坚,2019-02-27 01:53:30,3,3,0,确实是学者风范。
108895,1773,陈志坚,2019-06-04 00:11:45,6,6,0,我总觉得陈老师还很年轻。
112722,1773,陈志坚,2019-07-05 01:12:46,2,3,1,考试给的范围 背死 却一题没考......
121031,1773,陈志坚,2020-01-19 09:44:47,3,4,1,因为挺喜欢历史的 就选了史记与通鉴当通核 讨论课基本没怎么讲话 历史剧和展示好好做了 期末考极限复习6小时 本来以为会被绩杀 没想到最后4.2 老师真的是很好的老师 温文尔雅 就是文人的样子 作为通核应该算是事情比较少的了 大家可冲
129901,1773,陈志坚,2021-01-13 10:08:46,2,2,0,老师人超好 还有笔芯助教小哥哥٩(๑^o^๑)۶ 最后一节课还有奶茶喝
131220,1773,陈志坚,2021-01-26 15:21:28,9,9,0,陈老师是一位非常和蔼值得尊敬的历史学家啦！今天才发现《史记》与《通鉴》这门通核课程已经开了快10年了，老师上课其实讲的都是原文段子，完全不会枯燥！两次历史剧+一次展示+一次古文释读+期末考，通核的基本量。无论如何，绝对是值得选的！
131328,1773,陈志坚,2021-01-27 05:52:52,5,5,0,很好的老师，作为通核事情不多，期末考试需要复习一点的，平时多发发言更好哦，作为一位高中没学过历史的理科生竟然能听得进去，而且不怎么枯燥，尽管期末考的不是很好，但依然收获满满
136458,1773,陈志坚,2021-06-18 06:51:12,9,9,0,好老师！给我印象最深的是，有一节9.30的晚课，马上十一，好多同学都回家了不来上课，老师说了一句“今天就不点名了，求仁得仁”，说罢开始讲课。
140624,1773,陈志坚,2021-09-14 12:08:00,-18,6,24,恶心吧
147561,1773,陈志坚,2022-01-10 08:28:16,3,4,1,从来没点过名，上课真的很有意思，各种故事信手拈来，虽然会对着文献本身讲，但是故事都很生动有趣，内容思想也很深刻，好棒。事情也很少，虽然绩点不是特别高，但是老师真的很好。
147574,1773,陈志坚,2022-01-10 08:46:04,2,2,0,很博学
147767,1773,陈志坚,2022-01-10 18:35:18,2,3,1,老师很渊博  听故事也很有趣（虽然没怎么听）\n\n好好准备历史剧  好好背背PPT\n\n通识4.2感觉还不错叭
147946,1773,陈志坚,2022-01-11 07:52:44,3,4,1,给分有点低
155141,1773,陈志坚,2022-06-08 16:24:05,2,3,1,讲课很有意思，内容比较简单，对文理都友好。谈论课看起来事情有一点点多，但是如果个人感觉实际做起来还好，没那么浪费时间，谈论课记得发几次言。最后考试去98找找历年题，每年都差不多，试卷最后的小论文多写一些。感谢老师和助教哥哥，满了
165150,1773,陈志坚,2022-12-29 10:53:47,0,0,0,老师讲的很有趣 人也很和蔼随和 难得的好课
167576,1773,陈志坚,2023-01-17 12:06:24,0,1,1,喜欢他的课
167825,1773,陈志坚,2023-01-19 09:01:36,-8,1,9,老师人真的很好，课上真的能获得一些知识，这个学期线上所以没有考试，期末是一篇论文，并且格式要求、内容要求也比较随意，比较友好\n\n助教小姐姐人美给分还好！
176175,1773,陈志坚,2023-06-28 03:49:42,1,2,1,呜呜总是被一些小细节感动，期末考大家基本上都提前交卷，每个人的卷子老师都是双手接过去的ww，感觉老师真的是个博学谦逊的学者，课讲得也很有趣，讲完历史故事还会讲一些老师自己的见解～好课，推荐专业课不多的学期选，不然就会像我一样，虽然感觉到是好课，但是因为其他作业太多没好好听过QAQ
176289,1773,陈志坚,2023-06-28 09:07:18,0,1,1,陈志坚老师真是太太太太棒了！！！\n\n上课风格幽默，而且不是那种抖小机灵的，是对秦汉这一段历史有非常广博深入的知识，所以历史段子随手拈来！上课体验感很好（当然PPT有点精简）\n\n考试的填空题认真复习一下PPT可以填个七七八八。\n\n最满意的通识老师！！！！
176316,1773,陈志坚,2023-06-28 11:01:08,2,3,1,8/10\n\n上的中国古代史，老师讲课风趣幽默，能学到很多专业知识，会讲很多历史段子，有自己的观点见解。人也很温柔敦厚，会给每个学生提建议，并传授历史学方法。但是作业有点多，作业情况交代不清，不考察课堂出勤。
176827,1773,陈志坚,2023-06-30 09:21:31,0,1,1,老师上课很不错~人也很好，最后提前交卷的时候还说了谢谢~\n\n不过可能是我自己的问题吧，当了组长绩点也不是很理想（应该是期末没考好主题展示也一般吧 不知道这个要不要打分的） 但是还是很高兴可以碰到大家，老师，助教还有同学都很可爱~
184614,1773,陈志坚,2023-12-22 03:04:51,1,2,1,事情变多了，两次历史剧压力还是很大的，老师是好老师（他甚至看查老师、、说因为看到事少分好的评论所以事情变多了），给分不太友好，没见过这么低的通识课，主要是期末没考好可能。老师真的是好老师，讲得很有趣，但是理工科也就听听过了，除非特别爱历史的，不然感觉不太适合，多少有点硬。期末考的作文要求文言文写哈哈。。。
189708,1773,陈志坚,2024-01-27 07:19:13,5,5,0,捏嗎的我累死累活這麼低得分？
192458,1773,陈志坚,2024-05-21 01:38:36,0,0,0,非常棒的老师，把历史讲得生动有趣！
195541,1773,陈志坚,2024-06-28 17:11:31,2,2,0,老师很有学者风范，讲课很有趣很细致，认真听能学到很多！老师上课看同学们自觉性，从来不点名，讨论课助教也很温柔很好！总之就是一节老师超棒，内容丰富，超级好的通核！
195579,1773,陈志坚,2024-06-29 08:39:38,0,1,1,史记与通鉴，超好的通核课！我从小到大就喜欢听历史评书，陈老师的通核课更是一场历史的盛宴！而且本课程相比于其他通核课事情算少的了。我每次上完课都会对课上的历史知识总结，讨论课也当了小组长，最后拿了不错的绩点，更重要的是也学到了很多历史知识，收获不亚于专业课，更重要的是课程很有意思。老师和助教姐姐都很好。力荐！！！
196929,1773,陈志坚,2024-07-06 03:05:06,2,2,0,老师有一种大家风范，上课侃侃而谈，引人入胜。有一次快放假，没来几位同学，老师也不点名。期末交卷，老师双手接过试卷，让我非常感动。\n\n讨论课主要是一次古文释读，两次历史剧，事情还是比较少的。对于发言加分情况，主要看助教老师，可能有加分可能没有。讨论课几乎必点名，但是好像请假不扣分。\n\n给分很不错，成绩主要看期末考，讨论课那部分只要全部完成而且不是特别水，差别不大。期末考有十五个填空，一段默写，一篇“作文”。PPT所有知识点要背熟了，不然填空是写不出来的。
197298,1773,陈志坚,2024-07-10 12:39:12,1,1,0,老师讲的好，讨论课事情也不多，不过期末闭卷，想要高绩点得下一点功夫背
2127,1790,吴铮强,2015-04-02 03:21:45,33,38,5,挺有意思的
2868,1790,吴铮强,2016-06-28 12:36:45,-20,12,32,念PPT 专业课最低分就是他给的
3495,1790,吴铮强,2016-06-28 12:36:40,-25,5,30,讲课超无聊，他的课基本都翘了，但是最后考试是开卷的，不知道给分如何
3585,1790,吴铮强,2015-06-17 01:43:56,26,28,2,老师超级可爱的，是个有趣的历史老师
4567,1790,吴铮强,2015-06-24 13:20:23,13,16,3,挺棒的 挺有情怀一老师 通核最后给的满绩
5453,1790,吴铮强,2015-07-07 15:39:40,9,11,2,很可爱
5533,1790,吴铮强,2015-07-08 05:30:42,2,4,2,嗯
5802,1790,吴铮强,2015-07-09 12:07:06,6,8,2,知识渊博是真的，给分不错，4.6
5863,1790,吴铮强,2015-07-09 15:51:30,3,5,2,吴老师课的内容绝对很好 就是有些讨论课不好 不过听老师讲还是不错的 给分好
6126,1790,吴铮强,2015-07-11 05:26:01,4,6,2,挺有意思一老师 给分也好
6853,1790,吴铮强,2015-07-26 06:52:13,6,7,1,还不错
15739,1790,吴铮强,2016-01-16 08:15:26,10,12,2,超级棒超级可爱，而且给分好。历史能讲出新角度。
15897,1790,吴铮强,2016-01-16 14:13:36,4,5,1,还不错
19244,1790,吴铮强,2016-01-23 15:58:33,32,35,3,票圈小王子，发动态的频率可以刷爆朋友圈。上课6得飞起的老师，很细致耐心。哦对，我是周二下午周五上午班的平猫
26733,1790,吴铮强,2016-06-21 03:42:30,4,5,1,有趣的历史老师
26836,1790,吴铮强,2016-06-21 08:55:50,3,5,2,老师超可爱哒
26837,1790,吴铮强,2016-06-21 08:56:52,4,6,2,超级可爱
27630,1790,吴铮强,2016-06-27 05:50:33,5,6,1,老师很可爱人很好！
27713,1790,吴铮强,2016-06-27 09:03:53,4,5,1,很不错\n\n
27747,1790,吴铮强,2016-07-03 13:31:50,11,13,2,老师挺好的 讲课有时会比较幽默 从来不点名 只是上课时间刚好在下午太困了 中国历史专题给分挺好的 虽然我的分是很低
27764,1790,吴铮强,2016-06-27 12:16:00,9,14,5,绩点不高，但我真的很认真写了论文和题目，真的很可惜，还是希望有签到以及考试等形式，这样多方面评分也公平一点
27793,1790,吴铮强,2016-06-27 14:41:37,2,5,3,他的中国历史专题讲的很好，而且给分也很高
27797,1790,吴铮强,2016-06-27 15:11:49,4,4,0,仔细听之后会发现上课很有意思，会讲历史上的各种故事。
28037,1790,吴铮强,2016-06-28 08:01:00,4,4,0,诶老师很可爱诶 平时上课认真会有收获的（虽然没怎么听 作业写的很认真啦 最后结果也不错！
28406,1790,吴铮强,2016-06-28 08:51:40,-1,2,3,...
29272,1790,吴铮强,2018-12-26 14:27:17,1,2,1,新视野
33972,1790,吴铮强,2016-09-24 03:22:40,1,1,0,很可爱的老师，思想也是常人无法企及的
45047,1790,吴铮强,2017-01-19 01:41:18,1,2,1,出分不要太快哦
47260,1790,吴铮强,2017-01-25 03:12:48,1,3,2,大学第一个满绩跪谢了。
48137,1790,吴铮强,2017-03-01 00:58:40,0,1,1,可以！
48405,1790,吴铮强,2017-03-03 02:16:38,3,3,0,超棒的！上课轻松有趣，给分又好，每天都发很多票券…
73742,1790,吴铮强,2018-02-03 04:59:34,0,2,2,不点名，专业课给分超级棒
79655,1790,吴铮强,2018-06-12 11:46:22,0,0,0,他很cute
91693,1790,吴铮强,2018-12-18 03:29:36,0,3,3,不用写论文，又不点名，考试还有复习课，这些难道还不够吗？
94484,1790,吴铮强,2019-01-17 01:05:16,4,6,2,老师的中国历史专题真的很棒！虽然刚开始上课觉得老师讲的会稍微有点闷，但仔细听来，老师会说很多新颖独特的观点，来加深理解。这门课不点名没论文考试划重点。有些人说分数给的不算好，但只要认真听课做笔记，成绩不会差。
94495,1790,吴铮强,2019-01-17 02:13:04,12,13,1,wwwww他好可爱啊而且衣品超好 真的觉得酷萌这个词最合适了！！讲课的时候可能会突然停下来一脸茫然地看ppt（而且似乎永远没有睡醒…而且没有论文给分也很好！也很乐于跟学生交流！！！考试的时候还特意问了我是什么专业的（所以是不是会照顾外专业学生啊wwwwwwwwww太可爱了我的小王子
99838,1790,吴铮强,2019-01-25 08:13:33,0,4,4,宋史就看一篇论文，平常也没有点名。全看论文写的认不认真。谢谢老师给我论文打的高分！
99839,1790,吴铮强,2019-01-25 08:13:33,0,4,4,宋史就看一篇论文，平常也没有点名。全看论文写的认不认真。谢谢老师给我论文打的高分！
100091,1790,吴铮强,2019-01-25 14:35:30,4,7,3,上了宋史专题研究，老师不点名，上课一般就是读书，平时没有事情，期末一篇论文……很难很难……基本和上课内容无关……甚至不懂老师到底想让我们写什么……不推荐非历史系学生学，任何专业都不推荐，除非真的很感兴趣吧……反正我gg了……感觉一节课只有一篇论文作为评分依据真的太……唉……是我垃圾不配吧……
100863,1790,吴铮强,2019-01-27 03:24:52,1,3,2,宋史专题研究 上课就是读书 可以提前看一下书 上课老师还是会讲一些东西的，最后的作业怎么写也会做示范，认真的去看传记，对比分析，给分不会差的。
101020,1790,吴铮强,2019-01-27 09:20:02,8,9,1,宋史，老师上课基本是以读宋史纪事本末为主，外加讲述自己的研究，对人思维的扩充还是挺有用的。但是我也不太认可仅以一篇论文定分数的方式，或许加入一些到课情况等因素会更好些吧
101068,1790,吴铮强,2019-01-27 11:59:09,0,2,2,老师真滴挺可爱的，上了老师的历史专题和宋史，只要考试认真准备，论文好好写，给分不会太低哒(｡ì _ í｡)
108852,1790,吴铮强,2019-06-03 07:21:43,2,2,0,老师真的巨可爱!!强推!讲的东西很有思考的感觉!!吹爆中国历史专题!!!
121819,1790,吴铮强,2020-01-22 06:20:59,2,2,0,老师很可爱，平时有点没睡醒的样子，但讲到自己喜欢的点会很兴奋。最后一节课以寻宋收尾也是很难忘了
135943,1790,吴铮强,2021-06-04 05:55:10,2,3,1,强强超好超级可爱哒！！！
158923,1790,吴铮强,2022-07-03 10:46:04,2,2,0,老师很好很可爱，学术水平如其名“铮（真）强”，既有天马行空的激情，也有脚踏实地的干劲，非常喜欢和学生交流，关爱、帮助，对学生就像对自己的孩子一样。
161328,1790,吴铮强,2022-11-04 06:56:16,2,3,1,他是真的喜欢狗头，尤其是钉钉的狗头。\n\n这是一个可以在钉钉上找到的老师，基本可以随时交流
161767,1790,吴铮强,2022-11-12 23:51:57,0,0,0,上的是宋史专题研究，他真的好搞笑的感觉，而且脑洞也特别大，只有一篇论文作为考核，平常上课就是带着我们读史料、分析史料，有时候蛮有意思的，给分也不错，推荐!
161772,1790,吴铮强,2022-11-13 02:39:06,1,1,0,我该怎样表达我对你的爱，真的是太有趣了，爱你～
161857,1790,吴铮强,2022-11-14 14:15:53,1,1,0,老师很幽默，但是钉钉回消息好简略哦，群里和私聊风格恍若两人，平时不点名，上课感觉很随心所欲，不过水平很高，研究视角很新颖，对我很有启发
163715,1790,吴铮强,2022-12-16 04:06:46,5,5,0,吴老师看着丧丧的，但是讲课很有意思，尤其是对史料的分析真的让人耳目一新醍醐灌顶。宋史作业只有一片论文，几个题目自选，当时下了点功夫去溯源和找资料，最后给分也很好。
177190,1790,吴铮强,2023-07-02 04:54:23,0,3,3,我愿称其为浙大的福柯！对我的世界观影响很大的老师，但是中国社会史的作业是真的顶，最后写不下去了。不管给分如何，我觉得我的思想得到了升华。（宋史给分还蛮好的，就一篇论文，按老师要求来就行）
177963,1790,吴铮强,2023-07-06 00:57:20,0,1,1,老师中国社会史观点新颖想法大胆但是又严谨事少给分好，期末论文好好思考写出自己的想法即可，苯人外专业一开始在大论文中苦苦挣扎写不出来就直接开始直抒胸臆地不知天高地厚地大谈特谈最后给分真的出乎意料的好，总之一句好老师，墙推！
178237,1790,吴铮强,2023-07-08 11:32:26,0,1,1,什么老师
178309,1790,吴铮强,2023-07-10 02:20:01,6,6,0,【宋史专题研究】\n\n点名∶不点名\n\n作业∶一篇论文，有选题，自选一个即可，无硬性字数要求。\n\n感受∶对于史料的创新性解读具有历史方法的启发性，老师很会讲冷笑话（？）激发了我对于宋史的兴趣和在杭州探索的乐趣。\n\n给分∶很好，大家几乎都是90+。\n\n\n\n【中国社会史】\n\n点名∶很少\n\n作业∶大作业一篇+小作业一篇，都是论文格式，在很多选题里自选。\n\n感受∶因为是大三专业选修，所以难度肯定会有，因为偏理论化所以也不如宋史通俗易懂，外专业的建议学宋史，本专业建议大二以上学。我一开始大一选了，上了一节就退了，大三又选了一次才上。\n\n给分∶很好，但也有同学85这样，主要看个人。
181428,1790,吴铮强,2023-10-17 12:38:16,1,1,0,老吴老以及人之老
184245,1790,吴铮强,2023-12-14 01:55:56,7,7,0,乌鸡鲅鱼
189766,1790,吴铮强,2024-01-28 13:27:35,-1,2,3,吴老师对于多种不同，甚至矛盾的史料的分析，把握与最终解释令人受益匪浅。老师也是位旅行爱好者!良师!!
204627,1790,吴铮强,2024-11-27 06:14:36,1,3,2,上课感觉没什么逻辑，然后给分一般，上课不看考勤，很多人不来也不管。但是老师本身应该还是很有水平的，只是我听不来。
205486,1790,吴铮强,2024-12-07 13:08:37,0,0,0,讲课有趣给分也好
205537,1790,吴铮强,2024-12-09 01:51:37,1,1,0,评分标准不清晰 感觉很随意 给分也很随意
216570,1790,吴铮强,2025-03-18 14:37:01,0,0,0,老师研究周易应该明白夕惕若厉的道理，希望未来不会塌房叭（）
1511,1804,包利民,2015-03-22 08:57:01,36,47,11,感觉水平不错，对西方政治哲学的理解比较深刻，上课比较有上哲学课的感觉，很有意思
2211,1804,包利民,2015-04-08 14:43:13,19,21,2,老师水平很高，引人思考
2674,1804,包利民,2015-05-05 07:28:09,12,14,2,很喜欢的老师，很有思想
2802,1804,包利民,2015-05-07 16:51:39,25,29,4,引人思考，老师很温和，头发软软的，眼睛很空灵。整个课上下来很舒服。\n\n课后讨论虽然有些累，但真正锻炼了自己的思辨能力。\n\n冲击边界，强者自足。
2911,1804,包利民,2015-05-11 02:47:02,12,14,2,老师特别儒雅！思想特别包容！说话轻声细语萌萌哒～
2914,1804,包利民,2015-05-11 03:05:47,10,14,4,老师好可爱，助教也超棒，带我们冲击边界
3196,1804,包利民,2015-05-20 07:20:56,13,16,3,老师自身水平高。幽默风趣 会结合平时我们感兴趣的一些话题来探讨哲学问题。助教也很厉害。虽然课后讨论课有点累 但收获很多。
8322,1804,包利民,2015-09-18 10:00:10,52,53,1,他是我当前短暂人生中 见过最能思考的人
9550,1804,包利民,2015-10-30 03:41:15,29,31,2,两个字总结的话，就是 高级 。有一定阅读基础之后听他的课，才明白字里行间的都有典可考，都是底蕴。 人很和蔼，让人有还选他别的课的意愿。
9847,1804,包利民,2015-11-11 03:59:33,4,5,1,老师超级棒 很有文学气质 一定还选老师的课
10720,1804,包利民,2015-11-23 03:17:21,6,7,1,真的很棒 是真正的修人文的老师 脑残粉内心只有无尽的期待 期待重逢
21881,1804,包利民,2016-03-01 11:47:29,3,3,0,真的好
21882,1804,包利民,2016-03-01 12:01:08,5,6,1,真正的学者。
21883,1804,包利民,2016-03-01 12:00:36,2,2,0,很好很好（现在只说得出这些）
21952,1804,包利民,2016-03-02 01:53:36,10,10,0,我爱您
23036,1804,包利民,2016-03-16 10:31:42,2,2,0,儒雅的老师
24001,1804,包利民,2016-04-25 03:09:56,5,5,0,好！碰到的不多的真正会关心每个学生的老师
24359,1804,包利民,2016-04-30 02:09:48,9,10,1,目前最喜欢的一门课，老师非常非常棒，大师风范，真正促使你思考，虽然课后讨论任务有点重，但是从中真的学到好多，听老师的课非常享受，感觉三观都得到了重塑～助教也很棒，讨论时和我们充分交流，大家写的东西都会认真看，超级赞～～
24369,1804,包利民,2016-04-30 02:53:45,8,8,0,包老师的《古典政治哲学史论》真心棒！
24423,1804,包利民,2016-04-30 13:33:44,4,4,0,老师很渊博很温和很关爱学生\n\n能学到很多东西
25257,1804,包利民,2016-05-09 04:57:22,2,2,0,hao
25258,1804,包利民,2016-05-09 05:02:34,27,29,2,想嫁给他\n\n
25921,1804,包利民,2016-06-14 10:08:54,49,51,2,转自豆瓣用户Lidia：\n\n我在浙大这四年的教育，回想起来，精华也就只有包利民的西方哲学了。到现在都怀念冬天寒冷而晴朗的课堂，包老师永远聚焦在远处的目光，智慧诚恳却又带点幽默的狡黠。如果智慧和人有气场，在浙大我所遇到的，便只有包一人。
26570,1804,包利民,2016-06-20 06:50:00,5,5,0,老师很好，讲课很深刻，只是课程有点深奥，工科的我听的有点懵逼，后来经常水手机。。。
26985,1804,包利民,2016-06-22 04:35:45,63,70,7,一门结束了会让你后悔当年自己缺了课的课程。一位真正具有哲学家气质的大师。另外还遇到一位亲民又有思想的助教。不过最大的彩蛋在于，远离世俗的包老师为什么会说出动漫，秋叶原这种词汇？还有日本的二战航母，到底是怎样的游戏会让您对它们的名字这么熟练呢？\n\n
27285,1804,包利民,2016-06-24 12:18:54,22,23,1,为什么写出这么牛逼的书的人却一点架子都没有？
28433,1804,包利民,2016-06-28 08:58:42,3,3,0,睿智的学者
28591,1804,包利民,2016-06-28 10:41:31,4,4,0,很有收获，好评
28970,1804,包利民,2016-06-29 04:37:25,9,9,0,一位看魔兽，看韩剧，懂鹿晗的紧跟潮流的老师，幽默又不失深度\n\n
29444,1804,包利民,2016-06-29 23:50:33,7,7,0,从他嘴里说出来舰娘的瞬间我整个人都highl了
30472,1804,包利民,2016-07-01 16:21:01,21,22,1,看了那么多，眼神还是那么清澈
30835,1804,包利民,2016-07-02 15:20:58,5,5,0,很棒！只要按照要求好好做，成绩不会差的，而且听课也有不少收获，老师和助教都很可爱！
30845,1804,包利民,2016-07-02 15:50:58,12,12,0,包老师感觉是一个很儒雅而且很有智慧的人。上课后曾有幸问过他一些问题，感觉从他的解释中真的让我学到了很多，很受启发。当然助教(柳老师)也是很儒雅很有智慧的，每一次讨论课都从不缺席，收获真的很多！因为他们，我一个理工男真正爱上了哲学。
30913,1804,包利民,2016-07-03 02:36:16,1,1,0,哲学的关怀 智慧的升华 谢谢包老师！
30968,1804,包利民,2016-07-03 04:51:15,2,2,0,彻底爱上政治哲学
31007,1804,包利民,2016-07-03 06:01:54,12,14,2,卧槽通核绝对师生恋啊，知道的全是4.5
31070,1804,包利民,2016-07-03 07:44:15,12,12,0,跟着包老师冲击边界……太爽了
31171,1804,包利民,2016-07-03 10:37:52,16,18,2,我一个哲学屁都不懂的理科生通核都上四了，你们感受下。
31270,1804,包利民,2016-07-03 13:53:50,3,3,0,老师思想深邃，善于引导，对古希腊哲学有自己独到的见解，而且讲话声音相当好听～还很潮～
33781,1804,包利民,2016-09-21 14:20:53,2,2,0,大哲，有思想
36905,1804,包利民,2016-11-16 12:20:54,3,4,1,包老师的《古典政治哲学史论》真的太棒了！
38703,1804,包利民,2016-12-15 05:51:20,3,3,0,～～～
44995,1804,包利民,2017-01-18 18:19:47,5,5,0,何其有幸！
47944,1804,包利民,2017-02-27 11:50:30,6,6,0,老师怎么可以这么潮～～～
48620,1804,包利民,2017-03-08 12:30:56,7,8,1,助教小哥哥人很好哇，声音贼温柔～\n\n
48636,1804,包利民,2017-03-09 00:35:18,13,18,5,讨论区恶竞太严重了
49657,1804,包利民,2017-04-22 08:11:04,3,3,0,翩翩君子，温润如玉
50066,1804,包利民,2017-04-29 06:00:35,2,2,0,最喜欢的老师～～
50117,1804,包利民,2017-04-30 08:18:43,1,4,3,老师很好很有思考，不过我还是没办法理解助教，到最后已经完全屏蔽了讨论群，也许是我没有哲学天赋吧。
50118,1804,包利民,2017-04-30 03:05:17,9,9,0,包包完全大大大男神！波波助教人也超级赞的！！日常事情其实挺多的包括人人网还有微信讨论。但是哲学不就是这样嘛，带着你冲击边界，带着你去思考很多你日常不愿意也不敢深想的问题～痛并快乐着～感谢两位老师嘻嘻～
50120,1804,包利民,2017-04-30 03:20:17,2,2,0,老师超好这是真的！！\n\n思想深度
50126,1804,包利民,2017-04-30 04:01:01,9,10,1,我之前从来没有亲眼见过这么有深度这么空灵的大儒，我也从来没有这么崇拜过一个老师。虽然看阅读材料写线上讨论期末复习等任务比较多（大佬们太厉害我也不敢怠慢），但这门课真的让我重新思考很多东西，颠覆了之前的一些“常识”。所以愿意认真对待愿意思考的墙裂推荐，最后会有不只是绩点的回报的～（想划水的慎选…）在这里表白包老师和助教老师٩(˃̶͈̀௰˂̶͈́)و都超级nice的人儿～总之很棒的一门课啦，能选上三生有幸～
50127,1804,包利民,2017-04-30 04:04:13,7,7,0,有没有11分？？？
50131,1804,包利民,2017-04-30 04:32:11,2,3,1,过程可能有些苦涩，但结果不会让你失望，不论是现在还是未来。
50151,1804,包利民,2017-04-30 11:20:56,2,3,1,一开始就是被我男神老师安利来的，现在。。。呜呜呜男神对不住我要另寻新欢了  包老师真的讲超好!前面几次我没能理解他的想法，后来参与进去后就觉得自己的三观有被重塑的震撼!意思就是给了我另一个看世界的角度!!! 总之，真的想学点什么的话，选他没错的(/≧▽≦/)
50480,1804,包利民,2017-05-03 05:56:16,6,7,1,有启发、很儒雅、有时会偷偷想想老师生气是啥样？太温柔了想象无能呀
50487,1804,包利民,2017-05-03 06:31:16,-3,4,7,很难学，但是给分很好
50959,1804,包利民,2017-06-30 11:28:35,10,13,3,上老师的课是一种享受，作为理科生在老师的影响下开始喜欢看古典哲学，在课堂上与同学探讨亚里士多德、柏拉图、伊壁鸠鲁、斯多亚等人的思想。一学期收获了许多，也思考了很多以前不会想的东西。期中论文题目很有趣（明明是科幻小故事），考试也很灵活，自由度很大。老师很有深度又十分风趣，AI、电影、动漫各种梗信手拈来，还不忘每节课拿一杯麦斯威风度翩翩地走进教室，笔芯(*°∀°)=3
51389,1804,包利民,2017-06-04 09:55:33,7,8,1,弱者寻求正义，强者追逐幸福。
52129,1804,包利民,2017-06-15 03:56:05,-5,3,8,还行啊
54331,1804,包利民,2017-06-29 05:59:58,-3,2,5,辩论课很精彩，完全不是为了辩论而辩论，而是引发学生思考，自由的冲击边界ᶘ ᵒᴥᵒᶅ
54892,1804,包利民,2017-06-30 11:44:57,10,15,5,不要以为评价好就能喜欢哲学，这是真话，上课发言积极也没用，你根本不知道自己为什么会低绩点。
54904,1804,包利民,2017-06-30 12:16:49,3,4,1,超级喜欢老师，一个学期给我带来了很多思考，带着我们不断冲击边界hhh今年给分好像不怎么好没几个上4的 不过还是很感谢老师
55260,1804,包利民,2017-07-01 06:36:18,-6,4,10,我还能继续夸赞什么呢，能想到的赞词热评基本已经涵盖，本人基本没能看阅读材料但全心全意参与讨论，期中论文想了很久，但很不幸被热评命中好几节课没有认真听巨后悔，复习一下午考试写到卷子第七页中间，绩点4.2，一生推
55261,1804,包利民,2017-07-01 06:40:53,0,2,2,享受\n\n不舍得错过一个字
74744,1804,包利民,2018-03-05 11:18:19,1,2,1,想嫁给她
75979,1804,包利民,2018-03-23 03:39:05,0,1,1,很儒雅的老师，听他的课引人思考，对个人有启迪，对时代有诠释。
77306,1804,包利民,2018-05-04 13:08:04,2,2,0,太累了
77536,1804,包利民,2018-05-06 10:44:02,8,10,2,哲学需要有天分的人学，说真的事情很多，功课压力大的慎选。学自然能学到不少，但是真的累，给分我觉得一般
79315,1804,包利民,2018-05-31 01:50:05,0,1,1,体验超级超级好的老师!\n\n就感觉温温软软很佛系但是什么都知道的样子吧。
79924,1804,包利民,2018-07-16 15:25:28,4,5,1,只针对助教，上课一副苦瓜脸，随意布置作业，讲得又没有什么干货，有的问题更是在抬杠，就这样还抱怨我们不积极参与讨论，自己的工作都没有做好，论文我单独找他写了一篇其他同学都没有写的回复，我写了一下午，他匆匆扫了一眼，根本不回复我的问题，更让人无语的是他说我不服论文的给分就去找教务处，呵呵，你高兴就好，我也高兴以后再也不用听你那念悼词般的声音，希望以后的同学们慎选，运气好点不要碰到这个姓屠的助教。
80669,1804,包利民,2018-06-29 03:54:06,0,2,2,最喜欢的老师 最感兴趣的通识 在自己喜欢的领域里遨游是一种怎样体验~
83159,1804,包利民,2018-07-10 00:34:35,4,8,4,真的无语了，有史以来绩点最低的课，不喜欢哲学的千万别选，上课是一种煎熬。说实话，老师不错，助教真的不敢恭维，上课讨论的问题怪里怪气，真对哲学无感了。事情贼多，给分贼差。
83599,1804,包利民,2018-07-10 18:20:25,5,5,0,通核一句话：老师是真的好 助教是真的可怕 主观色彩极浓 让你怎么死的都不知道
83628,1804,包利民,2018-07-11 00:46:36,6,6,0,给分……emmmm哲学课大家做好准备再选，我每周为了讨论课都准备很多，有些东西真的不理解，平时再加上其他科目的作业多，所以真的头疼，成绩最后也比较低，但是我尽力了，唉╯﹏╰
84601,1804,包利民,2018-07-13 09:32:08,2,2,0,老师真心很赞，但感觉助教水平不是太高，讨论课无法好好引导学生，还特别主观。期末前做了大量的准备，分数不太满意，很喜欢包老师的书，总之对哲学感兴趣的同学还是可以一试的。\n\n
88832,1804,包利民,2018-11-09 10:30:40,1,1,0,西方古典伦理精神——我大一修读的最好的一门通识课。
98158,1804,包利民,2019-01-23 06:33:03,1,1,0,每次在老师面前都有一种渺小的感觉…老师上课很有味道，简明易懂但却常常引起沉思\n\n每周两千字的讨论和各种阅读材料是有点痛苦，而且肥肠认真分数也并不高…但是认真学一定有收获\n\nanyway\n\n老师真的很好！！
116730,1804,包利民,2019-09-14 07:40:07,4,4,0,求问2019-2020开课吗？想选
123958,1804,包利民,2020-06-17 16:15:52,2,2,0,包老师是真的很好，上课好，给分也无敌好！非常的可爱～但是我真的不知道阿法狗有没有灵魂🐶
133676,1804,包利民,2021-03-03 13:56:03,1,1,0,感觉其实很难懂，要花很多时间准备讨论，很考文科素养
135367,1804,包利民,2021-05-08 13:55:53,0,0,0,包老师真的很好很好很好，上课认真对待就一定会有好成绩！
140890,1804,包利民,2021-09-17 08:20:17,-1,0,1,内容是好的，但是事多，上课恶竞，特别卷，非对哲学真心感兴趣的同学慎选
149598,1804,包利民,2022-01-16 06:54:59,1,1,0,敲击好
150204,1804,包利民,2022-01-20 09:09:41,0,0,0,给予我哲学的遐思
150522,1804,包利民,2022-01-28 16:32:12,-1,0,1,很棒的老师
150532,1804,包利民,2022-01-29 04:16:33,2,2,0,坐标哲学问题，老师给分超级好超级好！（不要被评分标准吓到了）
153113,1804,包利民,2022-04-25 15:15:27,1,1,0,爱死这个男人了
5228,1823,史文磊,2015-07-06 02:43:34,20,24,4,萌有余
5549,1823,史文磊,2015-07-08 07:48:42,13,17,4,敦厚呆萌(ಡωಡ)
5715,1823,史文磊,2015-07-09 07:49:13,-8,8,16,呵呵了，靠自学吧亲
32916,1823,史文磊,2016-07-31 01:08:02,1,3,2,讲的琐碎，懒懒的
39958,1823,史文磊,2016-12-28 10:26:40,-8,3,11,事情宇宙爆炸无敌多，每节课都有又废脑力又废体力的作业，量还巨多，后来发现作业里有道题还是去年的考研题目，还超喜欢叫人抄书，一学期写古代汉语作业用掉了4本学校发那种练习本?️不是精力充沛热爱学术的学霸还是绕道吧
41342,1823,史文磊,2017-01-11 01:22:12,-19,3,22,烂。不多说。
41472,1823,史文磊,2019-07-03 16:15:58,0,2,2,非常可爱的老师，平时作业可以学到很多
41503,1823,史文磊,2017-01-12 05:25:20,3,5,2,老师备课很认真，对于字词解释非常详尽，但是在格律和音韵上略有不足，因为音读不准在音韵学方面学的比较迷茫，但是训诂方面听得挺开心。然后作业量偏大，认真做很耗时间，作业挺有想法，做的过程中学到不少。啊对了老师很喜欢研究一些虚词作用，配合汪维辉老师汉语史食用更佳。
44663,1823,史文磊,2017-01-18 05:43:03,6,8,2,人称史萌萌，超可爱，讲课很细，也很用心。老师一直都想调动气氛，只可惜心有余而力不足??不管了，再写会儿作业去哈哈哈哈哈哈
47195,1823,史文磊,2017-01-24 11:29:14,-8,2,10,“好像上次作业布置得有点多…”\n\n“同学好像有不满…”\n\n“我的初衷呢，是好的…”\n\n然后继续布置大量作业。大家都是高材生，十几二十页的抄写不是分分钟搞定？
48739,1823,史文磊,2017-03-10 16:16:42,3,3,0,对学生很热心，很有想法，而且萌爆了
55229,1823,史文磊,2017-07-01 04:52:28,1,2,1,萌萌萌*^O^*
55230,1823,史文磊,2017-07-01 04:53:33,2,3,1,讲话慢条斯理深思熟虑，以及，全天下最会出题的男人！
55247,1823,史文磊,2017-07-01 05:34:28,1,1,0,课程内容非常细致充实，可以学到很多，但是如果不是对古代汉语的考据特别有兴趣的话，可能就会觉得枯燥而难以听下去。这学期硬性作业都没有了，因为所有展示都是非强制的，不准备就没有作业了，但是准备起来特别耗时间，虽然可以自主探究收获很大，但是外系的真心没时间完成展示。
55268,1823,史文磊,2017-07-01 07:06:24,1,3,2,很萌。爱笑。腹黑。题目给跪。给分却好。没有作业。偶尔抽测点名。
55392,1823,史文磊,2017-07-01 12:09:05,0,2,2,上课略枯燥，给分相对来说不错。这学期没有传说中的每节课布置很多作业了，自愿做展示。老师好萌(◐‿◑)
83696,1823,史文磊,2018-07-11 04:14:57,0,0,0,最后虽然有点跪了，但是对于好学生来说这老师应该不错吧…对于我这种很水的么…就是事情略多，上课抽人，考试范围广但最后就出那么一丢丢题
103407,1823,史文磊,2019-02-28 02:50:59,-1,0,1,真的宝藏男孩哈哈哈哈哈哈哈哈哈哈
106288,1823,史文磊,2019-04-26 06:59:49,-3,6,9,老师人真的超级温和的，对人很好，也考虑到有部分不是本专业的学生很照顾，作为外专业来听人文的课没想到还能满绩，给老师笔心心！
112567,1823,史文磊,2019-07-04 17:59:41,9,11,2,出题有一种吴中文人特有的随性，给分有一种山东大汉特有的朴实。老师的研究都好有意思，我还是爱老师的，是这样的。
112595,1823,史文磊,2019-07-04 21:19:45,5,7,2,考完出考场:史文磊好狠一男的!得到成绩:文磊也太仁慈了叭!好评
112707,1823,史文磊,2019-07-05 00:53:50,1,2,1,考试了就真的全靠真功夫
112777,1823,史文磊,2019-07-05 02:55:19,1,2,1,老师太会出题了考场上我差点哭了。但是成绩出来也幸福地哭了~
156120,1823,史文磊,2022-06-17 15:31:02,4,4,0,菩萨心肠 超级好！
156979,1823,史文磊,2022-06-21 13:06:19,1,1,0,古代汉语Ⅰ刚刚成绩出，来评价一波~一学期学下来还是收获不少的。老师会在课上重点讲一些按照他的研究和想法跟教材上的释义有出入的地方，很大地拓宽了我的思路。偶尔也会讲讲他的研究，比较侧重考证这方面的。平时不点名也没作业，期中期末各有一次大作业，都有很大的开放性，需要自己找找文献考证的。两次大作业坐下来感觉自己有很大的进步，也简单尝试了一些老师提到过的对比、考证的方法。最后期末考试的题目基本都是老师上课重点讲过的东西，还设计到了两次大作业的内容，平时认真听讲，作业认真做的话没什么大的问题。\n\n这学期这个课唯一的缺点就是在早八……我有几次课起不来就没去……\n\n我第一次大作业做得很粗糙，第二次自我感觉认真做了，考前没有复习很多，最后4.2还是比较满意的。老师考前说会考默写，最后就考了四分，我一篇课文都没背侥幸逃过。
157120,1823,史文磊,2022-06-22 03:21:45,0,1,1,老师人很好，但对于我这个外专业的学生来说有点枯燥，觉得对个人提升最大的就是在完成两次大作业中。4.2 课堂表现占30% 期末考试占40%，不知道这个课堂表现是怎么来的。
174324,1823,史文磊,2023-06-09 12:51:03,1,1,0,对学生特别热心，很好的老师
178482,1823,史文磊,2023-07-12 08:01:21,1,1,0,我觉得老师还不错，给我的分数要超出一点我的预期。上课挺认真的，特别喜欢引导大家独立思考，复习资料里还有一堆搞笑的细节，比如“内耗啊！”“宇宙第一大帅哥”这样的。\n\n不过老师平时作业量比较大，分数占比也大，可能是因为期末考试太寄用来捞大家的？如果好好做平时作业无论是在知识还是在分数上会有收获的，但是量真的有点大，泪奔。期末考试也很明显体现出老师引导大家独立思考的导向，有点难的，但是最后，我感觉，老师应该捞了。然后就是建议大家尽早开始背课文，而且不能眼高手低，要确保自己不会写错字，我就。。。
178616,1823,史文磊,2023-07-17 04:38:33,-16,2,18,傻逼，3.6。。。。。平时作业特别多，想法很多，你以为每个人都喜欢古汉。。。期末考试出的和平时讲的有关的只有一部分。。。。另一个老师动不动就4.5 4.8，学弟学妹千万别选他🙏🙏🙏
39374,1827,林如,2016-12-22 08:48:06,4,4,0,老师很认真，人也很好，长得也美，真心喜欢。
39573,1827,林如,2016-12-25 09:55:52,1,1,0,老师很温柔，很负责任，喜欢\n\n
64237,1827,林如,2017-12-22 00:50:07,1,1,0,仙女姐姐不给满分过意不去
66211,1827,林如,2018-01-13 08:49:13,1,1,0,超级好的老师！人美温油~
77361,1827,林如,2018-05-05 05:37:03,1,1,0,很美丽！
79877,1827,林如,2018-06-14 15:54:15,1,1,0,温柔美丽！！！
79905,1827,林如,2018-06-15 04:32:15,-1,1,2,带我们去韩国~
86310,1827,林如,2018-09-13 07:15:44,0,1,1,美美的
90873,1827,林如,2018-11-27 02:24:18,0,0,0,温柔美丽小仙女！
139718,1827,林如,2021-07-21 06:14:14,0,1,1,好老师太强了
150874,1827,林如,2022-02-20 10:56:46,0,0,0,大美女老师，爱你么么哒
151619,1827,林如,2022-03-10 00:44:25,0,0,0,林如老师yyds！！！我永远爱林如老师！！！
168939,1827,林如,2023-02-23 14:45:38,1,1,0,篆刻三喜提专业课最低分
170700,1827,林如,2023-03-08 07:51:35,3,3,0,超爱呜呜呜呜呜希望永远是林如老师上课 鼓励式教育 被治愈了
186388,1827,林如,2024-01-11 02:25:40,1,1,0,最会给小猎豹上课的老师
206162,1827,林如,2024-12-13 06:48:00,0,0,0,挺好的，老师很认真
206274,1827,林如,2024-12-13 12:55:17,0,0,0,老师真的非常非常认真一直鼓励学生让我喜欢上了书法
2680,1875,周明初,2015-05-05 08:39:35,20,25,5,听不懂……
2799,1875,周明初,2015-07-14 01:59:27,35,42,7,听不清在讲什么啊，给分还很坑。
2931,1875,周明初,2015-05-11 09:31:02,1,6,5,老师还是挺可爱的
4538,1875,周明初,2015-06-24 08:05:06,57,69,12,听不清讲什么
9300,1875,周明初,2015-10-20 14:09:39,1,3,2,挺有趣的，口音还是有的
10493,1875,周明初,2015-11-19 06:28:21,1,3,2,很一般
10537,1875,周明初,2015-11-19 13:17:16,7,7,0,口音太重，不过经常逗学生笑
11484,1875,周明初,2015-12-02 11:25:07,1,2,1,还可以
15174,1875,周明初,2016-01-12 12:17:03,2,7,5,老师经常逗学生笑，很好
16222,1875,周明初,2016-01-17 13:54:36,4,8,4,水成这样 给分还！Excuse me？！我不想说什么！！
16224,1875,周明初,2016-01-17 14:01:10,0,2,2,老师口音有点重，不太能听懂，不过最后给分还不错！
16230,1875,周明初,2016-01-17 14:07:00,12,16,4,真是欲哭无泪啊，每次都坐第一排认认真真听课，论文也是认真写的，然后最后成绩连平均都没上。建议热爱传统文化的孩子别去听了，会失望的
16252,1875,周明初,2016-01-17 14:52:01,2,2,0,呵呵哒
16308,1875,周明初,2016-01-18 01:26:46,0,3,3,很可爱
16421,1875,周明初,2016-01-18 05:14:37,3,3,0,给分太坑
16494,1875,周明初,2016-01-18 08:31:32,3,6,3,有趣的老师。ps中国传统文学与文化的论文一定要按老师要求的格式写。
17191,1875,周明初,2016-01-20 00:46:44,3,4,1,这老师看上去很和蔼，但只是看上去啊！
18597,1875,周明初,2016-01-22 06:01:26,1,4,3,上课还蛮搞笑的 但真正学到的不多 口音有些重 而！且！个人觉得有时上课有点点黄 不过可能也和课程有关啦～纯属个人意见
25581,1875,周明初,2016-05-26 10:31:41,0,4,4,超萌的~给分在通识课里不算最好但也不差了好嘛~喜欢初初老师~\n\n
25835,1875,周明初,2016-06-11 03:27:15,17,28,11,我知道为什么浙大的人文气息如此淡薄了，老师对政府对浙大好像都有很深很深的不满?! 课堂很少点燃我的热情，是的，我自认为是一个热爱传统文化的孩子。
26626,1875,周明初,2016-06-20 11:54:48,2,3,1,讲得真心不怎么样……
28404,1875,周明初,2016-06-28 08:51:08,-15,7,22,老师给分超级棒，和室友两个人都上了4，开心~强推~
28540,1875,周明初,2016-06-28 10:00:45,0,3,3,一篇论文来给分太坑了...口音重有时候听不懂他在讲什么，不过还是挺搞笑的一个老师。
28619,1875,周明初,2016-06-28 11:05:38,0,2,2,有点小黄，有口音。点名看心情
28832,1875,周明初,2016-06-28 17:13:13,6,9,3,有点儿口音 比较搞笑 会让人回答问题 或留课堂作业来点名 只要交就可以 期末一篇论文 绩点4，2 不错的老师
29385,1875,周明初,2016-06-29 16:08:34,2,6,4,绩点哔了狗
29433,1875,周明初,2016-06-29 23:05:44,13,17,4,讲的挺无聊的，给分也不好。
29441,1875,周明初,2016-06-29 23:36:03,0,2,2,课程内容是不怎么丰富，形式也比较单一，点名喜欢花很长时间。但老师人是很可爱的
29554,1875,周明初,2016-06-30 03:17:26,-5,4,9,口音比较重，但是挺努力逗学生开心?按照他的论文格式认真写论文的话，绩点其实也还好。
29563,1875,周明初,2016-06-30 03:37:23,1,5,4,就是口音太重清很费力....但是是很可爱的一个人，课堂一定要到...要点名的
36808,1875,周明初,2016-11-16 06:21:03,2,6,4,是个傻逼一样的人，，怎么这么幼稚
37863,1875,周明初,2016-11-21 12:17:07,-13,3,16,大学语文课讲得超级好！！
38025,1875,周明初,2016-11-23 09:01:46,25,64,39,威胁留学生会挂科 逼学生退课 在课上直接嘲笑留学生 这还算是老师吗
38026,1875,周明初,2016-11-23 09:13:41,10,14,4,不仅仅是在上课 下了课 也会在不是教室的地方让学生退课 发音还特别差 听不懂他在说什么
38819,1875,周明初,2016-12-19 08:26:54,10,17,7,老师不喜欢留学生 是吧？
39950,1875,周明初,2016-12-28 09:23:42,3,3,0,听不清老师在讲什么
40314,1875,周明初,2017-05-03 01:38:13,2,6,4,给分确实一般。。。
40457,1875,周明初,2017-01-03 12:38:17,2,3,1,太垃圾了
44484,1875,周明初,2017-01-18 01:13:18,26,36,10,老师方言很重很重，别说上课内容了，点名都听不出来是在叫自己。事情很多，点名+作业，上课提问，但是课堂毫无收获，因为你根本听不清楚他在讲什么，一个人倒是在讲台上很投入地自嗨。作业写得很认真，3.9。
44501,1875,周明初,2017-01-25 09:55:36,4,4,0,给分有点低（不是很懂低的含义，反正我3.9觉得还可以）不过老师人挺好的呀，评论区让我害怕
44509,1875,周明初,2017-01-18 02:05:47,7,8,1,大绩杀，猥琐的小老头\n\n
44534,1875,周明初,2017-01-18 02:33:27,-3,0,3,课好听绩点坑
44538,1875,周明初,2017-01-18 02:40:20,-3,0,3,老是有口音 会点n多次名不过周老师很萌啊 还会和学生互动 最后一节课还带了好多诗经里的植物给我们看 给分蛮好的
44580,1875,周明初,2017-01-18 03:36:04,0,4,4,不明白为什么分给的那么低
44599,1875,周明初,2018-03-23 08:29:17,18,22,4,有一句mmp不知当讲不当讲，给分低，上课放越剧，声音震得学生头疼，自己看的津津有味。慎选
46756,1875,周明初,2017-11-22 01:58:01,3,8,5,辣鸡大学语文！论文8k认真写了很久！不懂评价标准！辣鸡！辣鸡！气死了
47611,1875,周明初,2017-02-08 02:14:35,4,5,1,给分超坑，绝对不能缺课
48654,1875,周明初,2019-02-25 04:31:24,17,19,2,辣鸡考试，方言太重，发音都是错的，听不出来他在讲什么
48982,1875,周明初,2017-03-20 08:58:00,1,2,1,不建议空腹上他的课
49289,1875,周明初,2017-04-01 12:09:21,7,9,2,垃圾\n\n
49437,1875,周明初,2017-04-12 13:00:56,5,6,1,我上的是大学语文，说实话，很失望。老师一开始就抱着“大家都是为绩点来的都不怎么听课”的想法来上课，能上得好到哪儿去？口音略重，经常读错别字，建议发音强迫症患者(如我)还是别选他的课了。上课内容基本上是把文章或诗词解释一遍意思，偶尔拓展知识，不算生动有趣，我都是自己看书的。。唉:-( 学校文学通识质量有待提高啊
50443,1875,周明初,2017-05-03 02:25:56,1,1,0,还可以吧，论文最好有点新意。。
50444,1875,周明初,2017-05-03 02:27:31,5,6,1,第一节课很猥琐，给分差
50478,1875,周明初,2017-05-03 05:51:44,0,1,1,。。。
50503,1875,周明初,2017-05-03 07:55:52,0,5,5,点名能点半个小时拉低我均?，上课不知道在讲些什么，论文要求乱说，浙大怎么有这种混工资的老师
50595,1875,周明初,2017-05-03 23:40:43,-5,3,8,差一点满绩……
50641,1875,周明初,2017-05-04 04:04:06,0,3,3,最后的绩点还是不错的，只要你文章写的可以，但是中间的作业  一幅杏花春雨，有点小尴尬
52767,1875,周明初,2017-06-22 15:43:47,4,5,1,垃圾，不能更垃圾了\n\n
56121,1875,周明初,2017-07-03 06:13:27,-2,3,5,老师口音真的比较重，理解起来有点难度。我上的是传统文学，老师的课堂内容安排得比较随性，我记得有讲花草的、食物的、周易的。作业也比较随性，一次点评于欢杀人事件、一次画烟雨杏花，最后大作业学期初说任写一篇文学作品（小说也可以），后来快学期结束了，估计大部分人当作写论文了吧。我是按前一种写了鬼畜的小说，绩点还不错。
60586,1875,周明初,2017-10-24 13:00:24,2,2,0,口音重，听不懂，事情多，瞧不上留学生，一分不能再多。
61941,1875,周明初,2017-11-22 01:38:09,1,3,2,马上要上课了，看了评论瑟瑟发抖，希望靠谱啊拜托拜托
63519,1875,周明初,2017-12-06 02:08:06,6,8,2,就是个傻逼
63947,1875,周明初,2018-12-26 07:02:07,181,262,81,课堂内容无聊无干货，公开嘲笑学生，公开性别歧视，说“女生就算绩点高保研进来也没什么用”，原话记录。我只想知道这等人品如何为人师表以及去哪里可以举报？赞我上去
64524,1875,周明初,2017-12-25 02:37:56,2,3,1,傻逼老师
65068,1875,周明初,2017-12-28 13:00:06,1,1,0,没有啊
65634,1875,周明初,2018-01-10 02:29:43,0,2,2,傻逼老师一生黑  “让韩国人统统不要来 下次课全写繁体字.......” 呵呵 要不是课程规定 别说韩国人 中国人也不想来
65715,1875,周明初,2018-01-08 11:51:41,12,17,5,1.普通话不过关\n\n2.留学生最高及格\n\n3.地域歧视\n\n4.玩老梗，尬笑\n\n5.最糙ppt\n\n6.文字直接粘贴自网络\n\n7.内容深度不超过百度百科\n\n8.毫无体系\n\n9.慎选。\n\n
66311,1875,周明初,2018-01-15 04:06:57,3,4,1,老师人挺好，但讲课内容有些随意，感觉收获不大，有时候开玩笑不太注意。
66362,1875,周明初,2018-01-15 11:17:44,2,2,0,想睡觉了。
66369,1875,周明初,2018-01-15 12:25:36,3,4,1,真的爆炸！最后一节课放一些特别吵的东西！要么就讲讲课我们多少还能听点东西，要么就赶紧放我们复习！就是以折磨学生为乐嘛！话也讲不清，玩笑也不会开，写板书不开前面的灯，讲课也是想到哪里就说哪里！辣鸡辣鸡！要是有零分就好了！
66500,1875,周明初,2018-01-17 04:48:51,3,6,3,老师口音的确很重，诗经研究没什么内容，还有浓厚的地域思想，总体而言还生活在上世纪，想有收获的不建议选。歧视女生那个事，他话确实讲得很重，但是毕竟事出有因，不是无缘无故的歧视，我觉得偏向恨铁不成钢?后来也给了他骂的女生再一次机会。作为经历整个课堂的女生，我觉得之前的评论有偏激倾向，希望后来者不要太害怕。
70198,1875,周明初,2018-01-26 08:27:18,7,11,4,别来教课了，做你的研究去吧……\n\n课程真的水，学不到东西，还天天点名。\n\n口音巨重，还是语文文化的老师，根本不会开玩笑。\n\n画画的作业，工科生凭什么还要有美术功底？美术与这门课程有关吗？\n\n给分不厚道，拉低绩点，比我数分、线代都低...\n\n
70296,1875,周明初,2018-01-26 11:27:29,0,0,0,菜鸡中的战斗机
74029,1875,周明初,2018-02-04 09:58:58,3,7,4,我是真的不想再见到这个老师了。我所有课的论文没有下过4，自认为他的论文写的很认真而且选的题目也很难，结果呵呵。点名点了两次，我第一次没去，第二次我是在的，我还主动去找他说明情况来着，结果最后似乎一分平时分都没有给我，一分都没有哦。绩点不怕大家笑话，65分，我差不到这个程度我是知道的，所以分是怎么给的我也不清楚了。对我的态度很差，因为我一次点名没到就直接羞辱我了呵呵呵，劝大家受不了的最好别选，说真的。
74736,1875,周明初,2018-03-05 10:41:39,4,4,0,看到很多人说听不懂老师讲话，我觉得不是很对，好像老师能听懂学生似的。
75484,1875,周明初,2018-03-12 10:32:44,3,3,0,口音重，上课随意，作业多。一百的容量只有不到四十个人选……
76498,1875,周明初,2018-04-11 12:31:17,2,4,2,讲道理，老师的人文素养太低了吧！先不说上课说话听不懂，而且经常弄麦克风造成超大的噪音，总是吓人一跳，并且课文内容里的字他总是读错，不只是一篇，另外，老师自己对这些诗词所写内容都不知道。讲道理，很多课文我高中都自己读过，每次他讲得都让我怀疑是不是我记错了，但我一查发现都是他讲错了。本来我很喜欢语文的，但这课我是真的选错了，或许浙大需要引进更多有人文气息的学者，唉～慎选
77878,1875,周明初,2018-05-08 10:22:32,1,1,0,真不想再听他的课，分数太差。
77898,1875,周明初,2018-05-08 11:17:09,4,4,0,去年上了他的中国传统文化，今年上了他的大学语文，真的是很烂，我很喜欢古典文化，所以选了两次，但两次都很失望，内容基本一样，口音很严重，讲课很糊弄，基本每天都要发牢骚，直接说了自己给分看论文字数，写了很久的论文，查了很多资料，满满的期待结果3.9，给个参考吧这是五千字的分数，大家以后论文最好把红楼梦复制粘贴进去。
77916,1875,周明初,2018-05-08 14:58:53,3,6,3,有些评论太偏激了，老师也没有说的那么讨厌，只是个人风格可能和他们的想象不同。而且有的人说成绩低，里面肯定有个人原因，不可能所有人分都低，不能因为自己成绩不满意就骂老师吧
78268,1875,周明初,2018-05-10 09:25:02,3,3,0,没见过直接说你们写的都差打分就看字数写的越多越好  ok听你的慢慢码\n\n1w字4.2我也是醉了 不知道是各位同学更狠，还是老师更狠？
78977,1875,周明初,2018-09-19 16:02:53,1,2,1,老师好像水平不低（看看百度），但真心不太适合选他的通识课，给分也不太好，但给的还不是我通识课的最低分（毕竟我不太想刷均绩，也想要水通识），总之，6分吧……
81875,1875,周明初,2018-07-06 10:51:25,0,0,0,不是很懂\n\n
86272,1875,周明初,2018-09-11 17:48:21,10,12,2,对不起，我上课一点没听，但是老师说“你们现在的论文肯定没有什么深度，所以我只看字数，你们写个三千可以，想要分数高一点写两万也不是不行”原话，我写了四千，最后四点二，无感，倒是也没经历之前的同学们说的那么不堪，也没有想象的那么好，不过你给我分数不差，我给你分数也不差，就是这样
91235,1875,周明初,2018-12-04 02:42:22,3,3,0,猥琐气息展露无遗，还性别种族歧视，上课说个话都说不清还教什么书
91889,1875,周明初,2018-12-24 10:31:57,0,0,0,这个....这个......u
91917,1875,周明初,2018-12-25 02:19:08,3,3,0,连说都不想说了， 有零分我肯定打零分 。快四年下来了，大学最讨厌老师 。 没之一
93128,1875,周明初,2019-01-07 12:59:05,4,5,1,上课真的没什么收获。想要学语文的同学可能会失望，讲的文章也少且乏味。老师本人没有书生气，看不出是语文老师。嘲笑留学生，说留学生都打低分，本人没有任何喜悦，好感全无
93244,1875,周明初,2019-01-08 10:18:06,3,4,1,看了无数集百家讲坛后形成的对学者风范和教授形象的认识毁了。无聊没计划缺内容的课，慎选
93950,1875,周明初,2019-01-14 11:47:28,-2,4,6,我觉得老师好可爱啊 虽然口音很不标准\n\n但一点都不妨碍他可爱\n\n我觉得京剧(应该是京剧吧？)很好啊，为什么京剧能成为你们不喜欢他的原因\n\n多接触国粹不好吗，认真看真的能体会到京剧魅力
93986,1875,周明初,2019-01-14 15:00:10,10,11,1,真的 如果你想学东西的话 不要报他的课 如果你想好好自习的话 也不要报他的课\n\n一句话 珍爱生命 远离大学语文
94029,1875,周明初,2019-01-15 03:05:10,7,8,1,就因为自己不喜欢饺子喜欢馄饨就怼所有的北方人和吃饺子的南方人，就因为自己是古代文学的就贬低现代文学，公开表示自己觉得学生写的论文都是垃圾，好的是我不配上您的课，大开眼界了。
94038,1875,周明初,2019-01-15 03:29:01,5,5,0,一点收获都没有。自习还觉得这个老师格外聒噪。对学生尊重不够。本来想重拾语文，没想到只让我更加怀念高中的语文老师。呵呵
97951,1875,周明初,2019-01-23 02:37:00,6,7,1,难受，给分给到心痛，期末论文要求3000写了5000多还是没什么用，每次点名在，每次作业交，我就呵呵了，
97975,1875,周明初,2019-01-23 03:12:24,27,37,10,上课真你妈弱智，全勤加5000字论文最后3.3，我可去你妈的吧
97978,1875,周明初,2019-01-23 03:14:50,4,8,4,说实话，我从一开始听到最后，感觉这是我真的感兴趣的一门通识课，老师很有趣（确实有点嘲讽的感觉，但是我个人理解老师绝无恶意，真的）作为一名工科生，这是我唯一一门感到很轻松有很有趣的课。我想说那些差评的，你们上课听了吗?虽然平时分只用签个到，但是能想象全场只有老师一个人在讲的尴尬吗?反正我个人感觉很有趣。
97984,1875,周明初,2019-01-23 03:21:44,1,2,1,听不清讲什么真的
98008,1875,周明初,2019-01-23 03:41:42,1,3,2,为什么评分系统里没有0分？口音浓重 根本听不下去 很多发音都是错的 最关键的是给分还很低很低 慎选慎选慎选！！！
98041,1875,周明初,2019-01-23 04:16:36,0,2,2,给分贼坑，慎选
98161,1875,周明初,2019-01-23 06:39:01,-9,1,10,老师上课挺幽默的，但口音确实很重，估计要吴语区的孩子才能听懂。平时作业很多，基本一次课一次作业，会经常点名。但最后给分还可以。全勤+平时作业基本认认真真手写1000字左右+期末论文6000字最后给了4.5分，还行吧。但确实作业挺多的。
98175,1875,周明初,2019-01-26 01:15:55,-11,0,11,字数与分数直接相关
98196,1875,周明初,2019-01-23 07:27:23,1,4,3,大学语文：老师口音是比较重，不过吴语区出来的同学应该还可以接受的。他点名的那次我还迟到了。。。不过事情不多，比高中的一次语文作业少多了，最后论文选题不限，最后4.2还可以吧  评论区有些评论太吓人了
98375,1875,周明初,2019-01-23 11:29:34,5,6,1,我觉得老师还好呀 只要用心还是挺好的吧\n\n论文在质不在量 作业完成（挺少的） 只有一次考勤 大家还是理性看待吧 我觉得还行
98391,1875,周明初,2019-01-23 11:49:13,0,1,1,诗经研究讲得很一般，几乎学不到什么东西，论文完全靠自学，上课时经常cue留学生，搞地域歧视，感觉老师也没怎么认真对待他的课堂
98579,1875,周明初,2019-01-23 15:21:50,1,2,1,全勤 每节课认真听  积极互动 多次? 互动 论文4000 绩点3.3
98734,1875,周明初,2019-01-24 00:46:29,1,6,5,其实平时上课还行（最后一节就xx），抱着水课的心去了，是挺水的ww所以很舒服；作业有，但是没有很多，也不花时间；期末论文很自由；给分不差o(｀ω´ )o
99868,1875,周明初,2019-01-25 08:52:19,3,5,2,楼上评论或许偏激了点，但是别选他的课就对了，好奇的可以去旁听几节
100202,1875,周明初,2019-01-25 23:07:12,1,6,5,1分不解释，大学语文上课水，琐事多，绩点低
102875,1875,周明初,2019-02-24 13:24:28,5,7,2,周老师确实口音重\n\n而且喜欢开一些尴尬无聊的玩笑\n\n经常没人搭理他造成尬场\n\n但是看的出来老师是尽力用他的情商智商来吸引大家的注意\n\n文化功底还是有的\n\n但实话说上课收获不大\n\n可能因为听不太懂就不想听了\n\n不过老师讲的很感动
103022,1875,周明初,2019-02-25 11:58:54,4,8,4,中国传统文学与文化体验极差，我第一节课上完直接退课！上课点名查户口然后说自己以为你是哪里哪里人啊！单凭名字就说你是哪里人?补充一点:第一节课下课他还没有点完名！
103029,1875,周明初,2019-02-25 12:27:48,3,3,0,疯了，疯了，彻底疯了，退课
103581,1875,周明初,2019-03-01 12:46:33,6,9,3,感觉老师真的很负责认真的，《诗经研究》课老师还把诗经里的植物带到教室来给我们展示。下课后问老师问题，老师都很热心地解答。\n\n我论文努力写的，写了5000＋，给了我4.8
103710,1875,周明初,2019-03-04 11:30:37,128,140,12,点名反对高赞答案中种族歧视内容。\n\n2018年3月4日的课上，老师大声斥责了课上喧哗的棒子同学。\n\n试问若你在讲台上面对不交作业，不来上课，大声喧哗的留学生，你会怎么做？\n\n何必一味强调种族歧视？有的留学生态度就是如此，居然还有人为他们洗白。如果留学生能兢兢业业的完成作业怎么会不能拿高分？\n\n希望还原事实。\n\n不过口音什么的确实如此...
104397,1875,周明初,2019-03-19 11:57:19,1,6,5,门口着火了第一时间叫大家快跑，好老师 ?
104626,1875,周明初,2019-03-25 11:18:43,0,2,2,中国传统文学与文化……刚刚布置这周的作业是以“杏花春雨江南”为题作画……我算是疯了
104714,1875,周明初,2019-03-26 10:44:12,8,8,0,口嗨老年主播
104787,1875,周明初,2019-03-28 02:06:07,2,4,2,特别喜欢点名，浙大怎么会有这种老师？心态太坏了
105184,1875,周明初,2019-04-06 15:12:25,5,5,0,真的后悔没退，本来觉得还能好好丰富丰富自己的内涵，结果这课让人听的简直无语
105495,1875,周明初,2019-04-15 11:29:51,0,2,2,不予置评
105544,1875,周明初,2019-04-16 11:26:12,0,1,1,挺可惜的
106129,1875,周明初,2019-04-25 05:07:52,0,1,1,体验非常不好，感觉老师上课没有充分的准备，给分也非常随便。
106160,1875,周明初,2019-04-25 10:51:56,1,3,2,没有认真听过，给分还可以。老师挺好的，就是课堂确实无聊
106163,1875,周明初,2019-04-25 11:27:57,1,3,2,虽然老师讲课带一点点口音，但是能听懂啊。。。
106234,1875,周明初,2019-04-26 01:45:02,1,10,9,其实老师挺可爱的！论文只要有认真写给分还是挺好哒！打call打call
122859,1875,周明初,2020-04-15 11:12:14,4,5,1,老师口音重确实。。。但是老师人还是比较好的，虽然我只是老师大学语文课上的学生，但是我sqtp上有很多麻烦都找老师帮忙，老师都很爽快的帮助了我。那些觉得老师师德不行的人，还是深入了解再发表评论吧。
123272,1875,周明初,2020-05-28 02:43:04,-24,3,27,那些写了5000字就觉得自己写了很多的同学是怎么回事？字数一般是要老师布置的两倍这个潜规则懂不懂？虽然我期末7000字论文只有4.2。。。老师是水平很高的好老师
123273,1875,周明初,2020-05-28 02:45:13,1,3,2,回复下面那位同学 我写了9000字也只有4.2………没话说
123377,1875,周明初,2020-06-07 14:33:42,0,3,3,无情地击碎了我对文学的幻想
123704,1875,周明初,2020-06-12 04:17:15,0,1,1,回复楼下的楼下和楼下的楼下的楼下 6000字同样4.2。。。怀疑老师是不是只有这一档分数
127323,1875,周明初,2020-11-20 05:02:01,3,4,1,种族歧视，性别歧视
127520,1875,周明初,2020-11-24 01:09:42,4,5,1,1.口音严重，有点难听懂\n\n2.上下课准时，不拖课\n\n3.每次都要点名\n\n4.论文分数与字数成正比\n\n5.一个人自嗨，尬笑\n\n
128369,1875,周明初,2020-12-21 11:07:06,8,10,2,上课突然让大家拿出纸笔把他刚说的默写下来，很不讲武德！
130901,1875,周明初,2021-01-25 11:36:31,1,4,3,回复楼下 \n\n给分不靠脸叭...我再丑也不至于这点分...\n\n9000多，选题还可，写的挺用心的，mmp\n\n作为文科生，理科通识课分都比这高了不止一点半点
130910,1875,周明初,2021-01-25 08:20:10,-1,4,5,绩杀\n\n原来论文10000+就值这分数\n\n给分靠脸吧
130917,1875,周明初,2021-01-25 08:39:27,1,2,1,上课基本上不用听，老师有浙江口音。本学期一次平时作业，一次临时起意的课堂默写（因为没人听，老师...）。期末无考试，一篇论文，题目任选，至少3000。老师暗示看字数，但写了4000多字的po得了4.5。
131100,1875,周明初,2021-01-26 02:59:36,3,5,2,感觉从来不备课，爱讲啥讲啥，PPT也粗糙得没眼看。讲得不好且无聊，给分差。笑点很莫名其妙。不想花很多时间的可以来，大水课。
132289,1875,周明初,2021-01-31 13:49:07,1,2,1,讲课没人听，给分看字数，说话有口音，后悔当初选这门课，分低的离谱。
134139,1875,周明初,2021-03-17 02:52:43,2,4,2,很奇怪，我交了现代文论方面的论文（写了先锋文学orz在引言里写了几句古汉语和现代文学的联系）最后4.5……感觉老师放越剧那里挺有情怀的吧 我是挺爱听的……然后我这学期有个同学在最后一节交论文的课，把论文落在寝室了，她回去取论文，老师一直在教室里等着，给我的感觉他还蛮好的（。）
134456,1875,周明初,2021-03-29 06:37:12,-2,1,3,还不错
134475,1875,周明初,2021-03-29 15:05:52,-4,5,9,水平极差，人品也没得好
135028,1875,周明初,2021-04-27 10:17:58,18,23,5,虽然不知道自己的绩点高不高（发这条消息是在考试周第一天），但是我还是很喜欢大学语文这门课程的。周老师的声音是有特点，但没到影响上课效果那么严重。比起口音的问题，对于我来说更大的障碍是老师的PPT全是繁体字，选了课的同学可以用手机或iPad查一下原文，这样更方便。老师上课的内容主要是PPT上古诗文的赏析，会先读一遍原文，然后介绍背景（老师讲起典故来挺有趣的），再赏析，总体感觉和高中语文课差不多。整个春学期的课程上下来，我觉得周老师是一个谦和有趣的人，你不能否认他有时候会吐槽一下社会现象，你也不能否认他上课会点名，但是他现在吐槽的真的没有像上面评论区里的那么严重了，而且上课点名有特殊原因没去是可以和老师商量的（个人认为选了课去上课是对老师的尊重，而且点名分只要去了就有，比其他分数好拿一些，我不排斥点名的老师，和我意见不同的同学不要生气呀）。老师布置的作业也不多，就是一片字数不限的小作文和一片作为期末成绩的3000字以上的论文，是没有考试的。在最后一堂课上，周老师会给我们放昆曲，唱词也是很经典的，老师会把前排的灯关掉，方便我们欣赏。但是因为考试周了，有些同学在课上要认真复习考试科目，听到戏曲咿咿呀呀，灯光又不好，难免感到心烦。但是如果你不复习，权当做去剧院听了一场戏曲的话，我觉得最后一堂课的《牡丹亭》的“撩妹”片段，和“收拾起大地山河一担装，四大皆空相”都挺有意思的。希望绩点不要影响我对周老师的喜爱，特地在成绩出来之前发了，希望大家不要被之前周老师可能存在的事情影响。喜欢读诗歌的同学都来选吧！
135385,1875,周明初,2021-05-09 06:51:28,2,2,0,都挺好，就是大家上课的积极性不高，老师也难啊
136090,1875,周明初,2021-06-11 01:53:22,-17,2,19,老师上课确是有口音，不仔细挺确是不知道他在说啥。不过每次上课都面带笑容，让人看着挺舒服的。其中就点过一次名字，还要问你老家哪里的就有点意思。最后我的论文也是copy的，绩点3.9。没想到给的还行。选这个老师的大学语文还是可以的。
137596,1875,周明初,2021-07-05 08:34:35,6,8,2,大学语文 只要认真写作业和论文就有高分 推荐捏！老师挺和善的 还懂一些行政区划地理？、、、狠懂的呢种。上课问同学家乡的市/县就能说出这个地方的故事 腻害
143276,1875,周明初,2021-11-22 16:54:35,3,7,4,挺有趣的老师，大二上老师大学语文来着，感觉老师讲课很有意思，口音也很有意思，现在学着语言学方面的课，上着老师的诗经研究的时候甚至开始分析他口音的发音规律了哈哈哈。干嘛给这么可爱的老师评分这么低啊，不至于不至于，老师讲课还是很认真的，而且可以说的上是幽默风趣了，说听不懂那一定是没认真听
147331,1875,周明初,2022-01-09 14:51:35,-20,5,25,给我的论文打分 您配吗
147354,1875,周明初,2022-01-09 16:20:50,-1,3,4,老师的课很有意思，一整个真的很有人文情怀！！！真的讲的很有趣，上课都是文言文，比较适合喜欢文言作品的同学，然后讲课的时候会普及很多历史背景和相关知识，上大学语文是我每周的放松时刻～作业也不多，而且都是一些有意思的作业题目，比如冬天的时候让我们去校园里找四季桂，平常的小作业都是300字评论。课程轻松而且学到很多。
147471,1875,周明初,2022-01-10 05:07:55,5,8,3,老师上课讲古文确实有口音，但是我作为温州人听懂还是没有啥压力的。讲课文的时候会穿插很多典故特别是讲宋词的时候我感觉很精彩！平时会有几百字的小练习，就是讲讲自己的看法；期末统一论文3000+，我写了一篇温州方言发音调查4000字，最后4.8，作为工科生真的是远超预期了，赞
147522,1875,周明初,2022-01-10 06:38:20,1,3,2,老师讲的挺有趣挺认真的，真的，可以感受到老师对诗词的热爱。
148529,1875,周明初,2022-01-12 23:49:11,4,7,3,有热情的老师
151301,1875,周明初,2022-02-28 06:40:28,4,7,3,很不错，别被评分骗了，是能学到些语文的，寒假里专心研究古代文学也是老师给的引子，感觉整个寒假都沉浸在300年前，昆曲够雅！
151807,1875,周明初,2022-03-16 11:00:18,2,3,1,弱雞，潘玉和左思（陸機，潘嶽和左思）口音甚是離譜，諸君請務必謹慎選課
151812,1875,周明初,2022-03-16 12:07:51,9,11,2,老师放的是昆曲，不是越剧，不是京剧，望周知。另外，课堂默写绝对不是心血来潮，而是蓄谋已久QAQ几年老传统了，还好之前看了课否评论，算是意料之中吧，但还是很突然。
153000,1875,周明初,2022-04-23 10:09:25,-21,4,25,客观地讲，这个老师确实不怎么样（看评分就知道）。我一般对老师的宽容度还是比较高的，但是这个老师我实在是没办法去吹。\n\n1、无论是让中国人都听不懂的中文，还是每节课都点名的习惯，亦或是枯燥无聊没有内容的课堂，其实都不是重点。重点是，这个老师有严重的歧视倾向，无论是女性歧视还是外国留学生歧视，无论老师怎么说“我不是歧视谁的意思哈”，在他说话的字里行间都能体现出来。\n\n2、而且人非常无趣，讲的“笑话”让人尬得飞起（如果那算是笑话的话）。\n\n3、一点计算机水平都没有，ppt不会还要督学教他（见鬼）。\n\n4、最后说到绩点，我其实还好，拼死拼活拿了个中规中矩。其他同学就惨了，有个同学论文交错地方了，二话不说给她降两档，我看着都有点愤愤不平——这就是传说中的“宽以律己，严以待人”吗？其他同学绩点也很不好看。我们竺院的两个同学绩点都很低（一个3.3，一个2.9）。问一下其他同学，也都差不多。不过，几个擅长拍马屁的屁精听说绩点不错。所以呀，“善于与老师交流”的同学倒是可以考虑。\n\n最后总结一下，想要学点东西的就别去了。这个老师，很对不起，是真的拉跨。冒犯一下，我是真的不知道浙大为什么要招他进来，或许是开拓我们人生的阅历，让我们见识各种各样的人？
153047,1875,周明初,2022-04-24 08:37:50,-5,1,6,传统文学与中华文化。老师上课口音较重且不知所云，一个多小时把内容讲完就开始放昆曲。作业上交毫无反馈，论文用脚打分，晕倒
153439,1875,周明初,2022-04-29 14:22:28,-48,9,57,老师人还是不错的，楼上说的问题都有在改啦…..给分的话，我的大作业卷了一下，要求3000写了7000还是8000，最后拿了4.8。满足
153731,1875,周明初,2022-05-09 15:00:17,44,51,7,要求3000，写3001，4.8。卷什么卷
159889,1875,周明初,2022-09-08 03:42:47,1,2,1,潜心研究学术的老教师
160868,1875,周明初,2022-10-17 14:04:27,1,1,0,课程不太了解，但老师人真的挺好的，潜心研究，对学生也很亲切，口音这个事其实多听听还是能习惯的，老师还拿这个事自嘲来着hh
165436,1875,周明初,2023-01-05 07:16:51,3,3,0,古代文学史满了 老师其实很可爱 问他问题也非常耐心呜呜 没有出现其他同学说的歧视学生的情况 会给我们划考试范围 最后还决定开卷 很喜欢！
165440,1875,周明初,2023-01-05 09:49:13,1,1,0,老师挺有意思的
165964,1875,周明初,2023-01-10 13:50:26,6,8,2,作业很少，只有最后一篇大作业，写了不到5000字，最后88分4.2，挺满意的\n\n感觉老师真的很投入，对文学也很热爱，喜欢他讲课的感觉\n\n上课的时候很舒适也很开心，总之这节课带给我的感受挺愉悦的
166013,1875,周明初,2023-01-10 21:54:17,4,4,0,这学期上了周老师两门课，老师真的是个蛮有意思的小老头，会把自己讲动情。美中不足的是浙普口音对外地同学来说真的有点儿难分辨，但是我还是觉得他值得更高一点的分哈哈
166085,1875,周明初,2023-01-11 05:12:19,5,6,1,诗经研究。因为查老师的评分所以带着超低预期去上课的，没想到老师上课干货很多讲的很好，能够感觉到老师知识非常渊博，还时不时穿插着讲一些陈年老八卦，很有意思哈哈哈。口音的话因为我是南方人，所以听起来基本没问题。给分就是中文系普通水平。没有遇到高赞评论里那些现象，不过老师可能确实喜欢男生（同样坐在前排，老师会倾向于点男生回答问题），不过多评论。总之这门课收获很大，决定给老师往上拉一下分。
166417,1875,周明初,2023-01-12 08:15:36,5,5,0,感觉老师还是挺有意思的，口音的话认真听也能听懂。给分还可以，期末作业认真写就行。
166756,1875,周明初,2023-01-13 12:45:31,8,8,0,还不错\n\n对同学比较和蔼，上课也会讲讲俏皮话，有口音但听得懂。\n\n上课主要以作品为主，文学史部分讲的不多，让大家自己看看课件。\n\n讲作品时主要是翻译作品，再加上少量的赏析部分。\n\n期末的话重点划得很明确，最后还开卷考了。\n\n总得来说，这个分数是偏低的吧。
187258,1875,周明初,2024-01-15 10:23:16,4,4,0,人其实还不错，这个评分低了
187366,1875,周明初,2024-01-15 15:23:59,4,4,0,大学语文，从《春秋》《国语》讲到昆曲，老师博学而且很温柔，课程收获很大，作业并不多也很有创造性。语言我只会普通话听起来也没有困难。
187374,1875,周明初,2024-01-15 16:38:53,5,5,0,大学语文，老师人其实很好，蛮和蔼的～上课内容不太需要听，总共就几次课后小作业（半小时左右可以搞定）和最后一篇论文（与语文相关的就可以了），最后一节课还可以欣赏昆曲，最后分数也挺好的，非常感谢老师！
187726,1875,周明初,2024-01-17 08:20:01,2,2,0,上的诗经研究，没有平时分，可能抽人回答问题，就一个3000论文，po是拼凑的，4.2也满意了，老师人挺和蔼的，上课比较有趣。
189241,1875,周明初,2024-01-22 14:39:48,3,3,0,感觉老师还是很博学的，认真听的话收获很多的，给分也还不错啦，就是口音有点重，可能年纪大了也改不掉了
189669,1875,周明初,2024-01-26 13:42:07,8,8,0,评分不至于这么低，其实老师人挺好的。口音上面老师也有自嘲，但是我感觉听起来还好，没有那么大障碍。上的诗经研究，给分也还可以。感觉老师还挺可爱的，老师还会让我们去找校园里的“草”（和诗经有关），虽然我们没真的带着“草”去上课，但是很感动的是老师这些话他自己都记着，而且他自己还去找了带到了课上。老师挺不错的。如果认真听课的话还是会有收获的，老师的上课体系还是挺清楚的。
190021,1875,周明初,2024-02-10 13:14:02,7,7,0,不明白这个评分为什么这么低 老师年纪大了 口音有点重 但是人还是很好的 课上也能学到东西 给分也正常
208464,1875,周明初,2024-12-28 06:21:48,3,3,0,大学语文，大大滴好老师。能学到好多好多知识，老师还会叫我们画地图，把学校里的四季桂找出来🤩。这学期三次作业，一次读后感（800），一次地图（❤️），一次结课论文（3000字）语言或文学相关。热爱文学尤其是中国古典文学的去，锦上添花。上课点名都是被课程组逼的一定要有平时分🥺，作业纸质稿
209312,1875,周明初,2025-01-05 11:33:58,2,2,0,分不该这么低，老师还是很好的
211118,1875,周明初,2025-01-11 00:45:25,-1,0,1,老师人还是挺好的
211196,1875,周明初,2025-01-11 04:02:43,0,0,0,好好写了论文！最后成绩还不错，感谢老师！
211211,1875,周明初,2025-01-11 04:30:42,0,0,0,老师人挺好的，讲得有趣，给分还算满意
211297,1875,周明初,2025-01-11 07:00:33,1,1,0,老师人还是不错的，方言特别重，如果介意这个慎选。
211349,1875,周明初,2025-01-11 08:29:16,2,2,0,诗经研究，认真写的论文，4.5
211474,1875,周明初,2025-01-11 14:27:49,0,0,0,其实还不错，上课都去了，论文写得还算认真，4.5
212242,1875,周明初,2025-01-13 13:53:22,3,3,0,给分4.2还行，论文写的挺认真的\n\n上课很难评，感觉有点水，但楼主没认真听过，不配发言\n\n上到中途告诉我们之后要小测三次，提心吊胆了几个星期考了两次\n\n最后一节课交论文的时候会点名，别提前溜了
212363,1875,周明初,2025-01-14 02:15:26,4,4,0,老师好可爱啊哈哈哈哈，每节课都笑嘻嘻的看着好开心，虽然内容确实有一点枯燥但还是很可爱捏。每节课都到，论文写了，作业交了4.5
213073,1875,周明初,2025-01-16 02:41:31,2,2,0,老师挺好的，分不至于这么低。对大学语文有兴趣的可以尽管冲
214074,1875,周明初,2025-01-23 12:03:53,3,3,0,无论是给分角度还是事情多少角度，都感觉五点几分略低了，老师像一个萌萌的古董，还是蛮好的ww，期末压力太大直接把思修的读书报告改了改交上去了，最后还有4.2，我觉得已经很满意啦！
219617,1875,周明初,2025-06-01 10:31:29,2,2,0,我上的大学语文，高赞评论里提到的问题都没有出现，课堂上有一个很活跃的女同学老师和她的互动也很好，没有出现什么歧视、偏心之类的。上课挺有意思的，知识点丰富而且挺有意思（喜欢古文的应该会很感兴趣）。课程期间写了一次读后感（800），花了一次学校的四季桂分布地图（好有意思的语文作业），最后一次的语言相关论文，最后几次老师看人比较少了有纸质签到（据说老师不懂其他签到方法），大一新生第一个学期就拿了4.2还挺开心的😁
74440,1933,朱法贞,2018-02-24 06:10:02,-3,15,18,自然辩证法只用写作业 但是给的不好
99730,1933,朱法贞,2019-01-25 05:53:28,7,15,8,看字迹和字数给分 上课很随意的老师
128067,1933,朱法贞,2020-12-06 03:35:41,13,21,8,给分太低了，三次课堂作业，还有几次签到，结果给分这么低，不值得
7721,1938,项隆元,2015-09-15 10:49:33,19,20,1,爱仰望星空的项老师，温柔无比
74795,1938,项隆元,2018-03-06 02:12:12,-21,6,27,很无聊
74860,1938,项隆元,2018-03-06 06:43:03,2,3,1,很好的
94678,1938,项隆元,2019-01-17 17:34:23,2,3,1,超级喜欢
113527,1938,项隆元,2019-09-12 00:57:26,2,3,1,老师偏向古代文物学范畴，上课有时候会觉得有点无聊，但是能学的知识还是很多的，虽然不会接触到一些现当代西方的文物学理论。这也是我第一门大课满级，感觉很开心，力挺老师。
113655,1938,项隆元,2019-07-07 02:13:56,3,4,1,赞美老师!人超好!收到论文还回复祝好!
113677,1938,项隆元,2019-07-07 03:17:04,1,3,2,老师人很温柔
127820,1938,项隆元,2020-11-28 01:55:19,0,3,3,大家科技史几分啊😂😂
129817,1938,项隆元,2021-01-12 14:03:19,5,7,2,文化遗产导论最喜欢老师上的那部分。严谨、系统，少了闹腾的部分，反而让人觉到真正做学术的样子。ps.折大考古系就是老师和另外几个老师一手筚路蓝缕历尽艰辛建起来的。
131316,1938,项隆元,2021-01-27 05:15:40,4,4,0,文化遗产导论里很喜欢的一个老师，虽然上课很静，但是老师讲的知识一直听下去会很有收获，整个导论课里笔记收获的最多的就是项老师的课，而且还是很喜欢安静的哈哈哈。
170029,1938,项隆元,2023-03-01 05:18:05,1,1,0,文化遗产导论，老师讲的真的好玩
208005,1938,项隆元,2024-12-25 07:47:46,0,0,0,很喜欢的老师！
214447,1938,项隆元,2025-02-04 14:50:23,2,2,0,中国科技史，经常点名，课很水，但是给分很一般，起码作为专业选修课来说，给分不高
958,1944,黄鼎,2015-03-19 14:34:53,0,0,0,老师超赞，非常专业！对书画感兴趣的同学值得去上。貌似从未点名，作业有个去美术馆、博物馆参观，回来写一篇，期末随堂鉴赏书画
3316,1959,董小燕,2015-05-31 14:54:13,-5,17,22,上课很有味道，老师很和蔼
3418,1959,董小燕,2015-06-11 09:50:11,12,34,22,和蔼你妹！和蔼你奶奶！没看到给的分吗？绩杀啊！千万不要选！太无聊了！而且绩杀！
4172,1959,董小燕,2018-12-26 11:59:18,14,34,20,讲课超无聊 一句话可以绕很多次又不加以深入解释 老古董一般的历史观 根本讲不出历史的原貌  一半人都不来来的也不怎么听 讲的还不如助教
4601,1959,董小燕,2015-06-25 02:28:35,-1,8,9,老师挺有气质的
6000,1959,董小燕,2015-07-10 07:16:03,-62,11,73,通核课没去上过大课/滑稽。西方文明史最后拿了4.5。
6549,1959,董小燕,2015-07-15 04:59:41,7,14,7,讲课无聊。给分莫名其妙
6568,1959,董小燕,2015-07-15 11:19:45,6,14,8,感觉上课的时候还是比较温柔的，给分感觉主要是看考试？
6754,1959,董小燕,2015-07-21 13:19:01,-5,8,13,娓娓道来，不错的课。
6804,1959,董小燕,2015-07-23 04:36:17,-21,11,32,上课的确无聊，但是并不绩杀啊，我没听课，完全没复习，开卷裸考86，算是水课里面对学渣来说很良心的了吧
9102,1959,董小燕,2016-12-27 02:02:25,-13,13,26,老师特别好！成绩也很好！事儿也不多！
16795,1959,董小燕,2016-01-19 03:39:18,9,17,8,给分没道理，完全绩杀，从未翘课，上课认真去了，作业按时完成，讨论课也参加了，给了一个超级低的分数
16848,1959,董小燕,2016-01-19 05:20:04,6,10,4,大绩杀
17127,1959,董小燕,2016-01-19 15:41:30,0,4,4,给分给的是什么东西
19445,1959,董小燕,2016-01-24 08:39:08,-3,2,5,不明所以，给分差
21080,1959,董小燕,2016-02-15 23:47:44,-1,5,6,这老师简直不要更绩杀哦
22516,1959,董小燕,2016-03-07 07:15:40,2,3,1,很古板
25027,1959,董小燕,2016-05-05 02:06:38,-1,4,5,杀得我无言以对，上课从不翘课，好好记笔记，考试都会，讨论课也参加了，可是分这么低是几个意思？
26300,1959,董小燕,2016-06-16 16:21:15,-2,3,5,上课确实无聊 但是给分还不错呀 大概是主要看考试？还有平时上课要装作认真听的样子 老师可能有记录的
28426,1959,董小燕,2016-06-28 08:57:13,-1,7,8,老师人很好，很有气质，很和蔼，看得出很卖力。不过把人文类的课讲出思政课的效果，作为学生真的觉得很不容易接受。
31503,1959,董小燕,2016-07-04 04:03:28,-2,2,4,给分什么玩意
31525,1959,董小燕,2016-07-04 05:12:57,-2,4,6,Sb不解释
57739,1959,董小燕,2017-07-13 08:43:54,-2,4,6,这给分给的是什么一个JB玩意儿……
66954,1959,董小燕,2018-01-19 12:19:29,2,4,2,我觉得老师很好啊，相处起来很好，讲的也没有喷的那么差吧。分数的话就随缘吧。
69153,1959,董小燕,2018-01-24 09:04:43,8,9,1,助教张柏榕姐姐赞！
70781,1959,董小燕,2018-01-27 13:46:50,1,3,2,希望助教能设立组长负责制，和第一天说清楚具体怎么判断讨论课分数。
76529,1959,董小燕,2018-04-12 11:12:10,-3,2,5,这课巨坑了\n\n
77834,1959,董小燕,2018-05-08 04:41:35,-3,1,4,讲课水平实在不敢恭维
84490,1959,董小燕,2018-07-13 03:39:53,5,11,6,董老师就亲自讲了几节课吧，大多都是北大女神汤老师讲。助教小姐姐也很厉害，每次讨论课都会引出一些很有深度的问题。每周都有读书任务，干货满满，学到了很多东西。论文认真写了，讨论课积极参与，考试也答得不错，最后给我满了（A+），谢谢老师们！通识课就是这样，只要你认真学不水过去，就能学到东西，结果也不会让你失望。
84498,1959,董小燕,2018-07-13 04:06:43,5,6,1,老师上课挺仔细的，人也挺和蔼的，助教也很棒，给分主要看自己的表现，主动点的话给分比较好
84516,1959,董小燕,2018-07-13 04:43:54,4,6,2,人挺好的，自己绩点上不去别怪老师，95％都是自己参与不多不积极。
84517,1959,董小燕,2018-07-13 04:44:13,1,3,2,老师讲课规规矩矩，清楚明白。助教也非常棒！给分挺不错的。
84518,1959,董小燕,2018-07-13 04:45:59,8,12,4,都说老师?杀但你一分耕耘肯定一分收获  一定要多参与讨论 通核满了 助教人也特别好 最后一节课给大家每人买了奶茶 讨论课其实也很有意思的 都可以谈
84523,1959,董小燕,2018-07-13 04:55:19,2,3,1,讲得规规矩矩，能够讲清楚，但是似乎调动不了同学们的积极性。老师人是很nice的，非常和蔼，有气质。讨论课积极参与了，助教也不错，考试也不用复习，最后给分很高。
84533,1959,董小燕,2018-07-13 05:47:11,4,7,3,扪心自问我没有积极参与讨论，但是最后给的分高出我的想象。另外这个课如果认真参与还是会有很多收获的，只是我自己水过去了。。。最后给助教点赞
84552,1959,董小燕,2018-07-13 07:17:44,5,11,6,董老师很和蔼，汤晓燕老师真的是女神本人了。要给助教严炜韬小哥哥打call，人真的很好，最后一节课bg我们一点点！西方文明史只要你认真对待论文和考试，讨论课不划水，分数不会让你失望的
84598,1959,董小燕,2018-07-13 09:21:43,0,3,3,扪心自问自己的确在讨论课没怎么参与讨论，但是平时任务都做了。这门课一次个人pre，一次论文，额外一次pre或者读书报告在通核里算是锅多了的。最后给分很低。课么，中规中矩，随缘了，反正成绩也是随缘。
84667,1959,董小燕,2018-07-13 12:57:19,1,3,2,表白助教小哥哥，最后一节课bg奶茶。西方文明史的助教们都超级厉害，可以学到很多东西。
86946,1959,董小燕,2018-09-19 13:18:22,0,0,0,。。。
100845,1959,董小燕,2019-01-27 02:44:52,6,6,0,不过历史对于某些人可能是真的无聊 不过为了通核可能还是要选一些自己没有兴趣的课吧 西方文明史是比较好选的 可能是因为查老师比较低分？ 通核课比较看助教吧 没有评论说的给分那么差 而且很想在这里表白一下初楠楠助教 虽然讨论课我没怎么说话 没有历史背景真的分析不出什么哭了 期末也没有写很多 看别人吧第二张纸都写满了 但我成绩已经很满意了 毕竟想要高分就必需付出努力啊 虽然还是会心存侥幸 今年没有了论文比就比较轻松 只而一次展示和期末开卷考 ppt没什么用 书最重要 而且助教真的很利害 每次都能说的些很利害的观点和想法 很欣赏助教 听助教说话很开心 助教也说很期待星期四的来临因为可以尽情的说话 助教也有很多自己独到的想法赞一个
101060,1959,董小燕,2019-01-27 11:15:04,-1,0,1,今年的课挺舒服的，我是下午班上的，人比较少，所以每人2次展示，然后期末开卷考试。没有论文。事最少的通核课了。每周四下午大家思维大碰撞感觉很棒。
101673,1959,董小燕,2019-01-29 00:45:36,2,4,2,我是初楠楠助教讨论班的，助教姐姐人特别好，讲得也很好。这门课如果想拿高一点的分数，建议讨论课积极一些。
111887,1959,董小燕,2019-07-03 02:09:37,2,2,0,不管结果怎么样，都来表白一波上课的汤老师，太文艺女神了，上课还会秀法语
112995,1959,董小燕,2019-07-05 17:19:52,4,4,0,表白初楠楠助教xjj！我真的好喜欢好喜欢她！她的想法着实让我有醍醐灌顶之感，太棒了555
113119,1959,董小燕,2019-07-05 23:48:50,2,3,1,#西方文明史#汤晓燕女神！助教小姐姐也很可爱！平时分主要看讨论课展示和发言次数，做了两次展示（班级平均水平）其余划水（基本没发言），期末考四道简析题，开卷，书上基本都有，有点高中基础的都没问题。最后4.5很惊喜，毕竟讨论课一直在划水。。。
113448,1959,董小燕,2019-07-06 17:26:58,0,1,1,董老师有把很生动的事情讲的枯燥而聒噪的本领 汤老师很美～ 严助教是真的贴心！
113466,1959,董小燕,2019-07-06 17:44:11,9,9,0,通核满了 这门课真的不需要花很多精力 一是上课一定要来 看到很多同学上课不来其实听课也是对平时主课压力的一种调节吧 然后我们上课是交了一次课堂作业 期末考试老师也要求教材和上课补充内容结合来写（上课和教材基本无关倒是真的）二是讨论课展示一定要准备充分 期末考试的最后一个题就和讨论课有关 讨论课展示也非常重要占了60分 讨论课上能够表达观点也可以积极表达 三是期末考试要撑死了写多 很多人都提前交了也一定要沉住气放肆写 最后㊗️学弟学妹能获得好成绩！
113632,1959,董小燕,2019-07-07 01:32:26,1,1,0,特别特别喜欢初萌萌助教，感觉学到很多，有一种“醒了”的感觉。助教姐姐与我们分享的东西启迪我开始思考一些东西。\n\n我个人讨论课并不积极，但我不愿缺席也不恐惧，甚至对周四晚上充满期待。
116612,1959,董小燕,2019-09-12 04:02:36,0,0,0,嘿嘿嘿
117348,1959,董小燕,2019-09-23 07:17:20,0,0,0,老师人不错啊，很和蔼；年轻时候应该也很漂亮（她长得蛮不错的）；就是业务能力不咋地，可能是真的老了吧。
122097,1959,董小燕,2020-02-12 14:33:31,0,0,0,上她的课还是比较享受的，在努力教我们一点和以前学过的不一样的东西，但是感觉经常领我们在重点门口徘徊又没有直击重点。
124789,1959,董小燕,2020-07-09 11:21:28,1,1,0,给分不咋地，助教人挺好
133566,1959,董小燕,2021-03-02 08:05:37,0,0,0,不点名
134534,1959,董小燕,2021-03-31 14:54:28,17,17,0,没听过您的课，但是读了您写的西方文明史纲。逻辑清晰，思路比较有条理，但是不知道是您的问题还是浙大出版社的问题，实在是漏洞百出。举例如下：\n\n1. P99对澳门被强占的年份计算显然不对。称自1553年葡萄牙强占澳门，300多年到1999年回归。请问这300年是少算了哪100年呢？\n\n2. P105对英国王朝的列表，斯图亚特王朝自1053-1714年，合着这700年里，您是说威塞克斯、诺曼底、都铎王朝都是斯图亚特的分支？？？\n\n3. P177倒数第二段第一局和第二句之间用了“尽管...但”，可是却把两句话用句号连接。我不是汉语言专业，但是读上去觉得不是很通顺。\n\n4. P179短暂的共和竟然是1949-1653年，震惊，原来英国的共和和咱中国是一年开始的\n\n5. P192把美国国父华盛顿的英文名写成了Woshington（沃盛顿）\n\n6. P192第三段把潘恩写成了潘思\n\n7. P196本杰明富兰克林既是“民主派”又是联邦党重要成员，因我不记得他的具体立场，只是觉得似有矛盾，故记下待考证\n\n8. P201内克公布财政预算是1781年不是1871年，然后被解职。\n\n9. P208法国客服雅各宾政权建立时面临的危机是1793-1794年，而非1893，届时法国都第三共和了。\n\n以上仅是不完全统计，因只略读全书，未深入考究细节，但已然出了众多低级历史错误，并且很多地名、人名翻译与习惯用法不同，导致阅读体验并不好。然写书不易，十分分三流，给个末流3分吧。
22192,1979,沙伟,2016-03-03 02:03:02,1,2,1,很有趣，沙老师经常给我们讲很多有趣的事，还会带我们出去玩
33129,1979,沙伟,2016-09-13 11:00:43,1,1,0,希望老师上课讲的少一些，多给我们一些实践的时间。
119321,1979,沙伟,2019-11-12 05:34:37,0,1,1,上课困，无聊，给分很迷，有的奇高有的奇低。人很好。
170701,1979,沙伟,2023-03-08 07:53:06,1,1,0,冬泳怪哥即视感 运动达人
171522,1979,沙伟,2023-03-27 09:13:41,1,1,0,。。。
64302,1983,吴强,2017-12-22 09:48:49,4,5,1,舒服 很舒服
80180,1983,吴强,2018-06-21 06:03:22,1,2,1,佛系强哥
126901,1983,吴强,2020-10-27 05:30:04,0,0,0,怎么说呢，比较佛，chidaozaotui……给分还较为公平，教的总体有点点水不过还是可以吸收的。爹味明显~
162404,1983,吴强,2022-11-22 00:01:09,1,1,0,非常好
4707,1984,关长龙,2015-06-26 10:49:46,6,8,2,好
22236,1984,关长龙,2018-01-19 08:13:03,6,7,1,有萌点
34076,1984,关长龙,2016-12-29 11:57:50,10,12,2,助教很好，老师在助教的劝解下坚持不点名。。。
34134,1984,关长龙,2017-01-06 01:46:41,-3,7,10,老师讲的很好，任务也比较少。
37391,1984,关长龙,2016-11-18 16:02:49,-3,7,10,有点无聊..感觉在自嗨...感觉关老师更适合与少数人共同交流而不是上大课
40138,1984,关长龙,2016-12-30 02:50:30,24,29,5,老师很棒，助教姐姐也很漂亮，如果选上田琛姐姐，你就非常走运了
40139,1984,关长龙,2016-12-29 11:57:06,6,7,1,很可爱的老师！！！超棒！！！
40140,1984,关长龙,2016-12-29 11:57:17,17,19,2,老师很帅，有儒者风范，纯种的满族血统，听起来很舒服。助教人也超好！强烈推荐！
40141,1984,关长龙,2016-12-29 11:57:15,11,13,2,老师超级好，课超级好，助教也很好
40142,1984,关长龙,2016-12-29 11:57:37,35,42,7,“我们那么怂恿他了他都不点名”助教姐姐原话?
40143,1984,关长龙,2016-12-29 11:57:40,10,12,2,挺有意思的呀
40144,1984,关长龙,2016-12-29 11:57:41,11,13,2,老师超级帅，纯种满族血统！
40145,1984,关长龙,2016-12-29 11:57:57,7,8,1,老师人很好，能收获许多日常生活中收获不到的东西
40146,1984,关长龙,2016-12-29 11:58:30,11,12,1,关老师讲的很好，不点名，助教超美很温柔，超棒推选
40147,1984,关长龙,2016-12-29 11:58:42,4,5,1,老师萌萌的
40149,1984,关长龙,2016-12-29 11:59:29,7,8,1,关老师的课超级超级好，而且从来不点名! ! !讲得也很有意思。助教姐姐也很善良，讨论课非常有趣，能够收获很多知识。
40151,1984,关长龙,2016-12-29 11:59:40,16,18,2,纯种满族超帅老师，助教要求点名都不点名。关键是！助教超级漂亮。选中田姓助教的话她就是你们上课的动力了。
40152,1984,关长龙,2016-12-29 12:02:56,7,9,2,讨论课很有意思，因垂斯听，上课讲鬼故事，盗墓╮(╯▽╰)╭。但是期末考试很没底啊！完全开卷，可带手机电脑，那是因为老师有信心你死也查不到，so naive\n\n平时不点名，也没什么作业，就是讨论课要小组讨论，准备一下PPT，然后期末前交一篇读书报告，就没了，很不错，老师帅的，助教超美，棒！
40153,1984,关长龙,2016-12-29 12:10:11,3,5,2,认真听会很有趣哒，能收获很多，讨论课氛围很轻松愉快，助教学姐很可爱～
40215,1984,关长龙,2017-03-30 08:25:58,-1,4,5,。。。。。。
40444,1984,关长龙,2020-02-24 12:09:44,-132,27,159,无聊的通核课程罢了，老师讲的一般般，可能上大课吧，没什么意思，很水的讲座，考试很恐怖，给分很低，你们上面给高分的就等着后悔吧，呵呵。助教确实很漂亮，可是又有什么意义？这是等级制的课程，好不好。无聊，何必人与人比？与人斗，其乐无穷，唉。什么破世界一流大学，也就这样了。无奈。不点名，都没人来上课，你们自己心里清楚，辣鸡大学，辣鸡的学生
42588,1984,关长龙,2017-01-14 13:39:05,22,23,1,老师很有学识，上课也不错。最重要的是助教赵江红好萌啊啊啊，我要表白她QAQ
45738,1984,关长龙,2017-01-20 04:03:08,5,6,1,关老师很有儒者气象，学识渊博。上课虽然有些听不懂但也收获很大，讨论课有点水，但助教姐姐真的超级棒！耐心解答，非常可爱！表白赵江红姐姐诶！啊给分好！
46187,1984,关长龙,2017-01-21 01:23:13,6,8,2,除了间周一次小组展示过频繁外，没啥不好，有收获，给分也满意，建议选
47010,1984,关长龙,2017-01-23 09:18:53,6,8,2,老师上课用的PPT里面引经据典很多，作为工科生在浙大少有的接触古文的机会。老师很有涵养。对很多礼仪乃至世界观方面的认识被刷新了，真的很有意思。助教姐姐很好哦，回答问题很认真，还提出阅读建议。给分好的。强推。
49552,1984,关长龙,2017-04-18 09:42:00,-3,1,4,水……水……水
49553,1984,关长龙,2017-04-18 09:50:07,-5,1,6,巨水……
66932,1984,关长龙,2018-01-19 10:20:03,1,1,0,老师讲的很有意思，考试可带手机电脑\n\n
67584,1984,关长龙,2018-01-21 15:10:41,-3,5,8,给分差，而且，特别差的那种！！事多，慎选。不要因为是通核课就随意选一个，好的通核有很多的（血与泪的教训啊……）
69532,1984,关长龙,2018-01-25 02:56:23,8,8,0,老师讲课仔细听非常不错，（就是有点玄学）助教姐姐真的好棒！讨论课多多参与，考试反正也让带手机电脑，PPT一定要拍！论文要查重，所以自己好好写～
69565,1984,关长龙,2018-01-25 03:59:32,1,3,2,除了绩点低别的都好
73782,1984,关长龙,2018-02-03 05:33:01,-5,0,5,呵呵呵
87841,1984,关长龙,2018-10-15 11:16:44,-3,2,5,分数就不说了\n\n课是真的无聊
94356,1984,关长龙,2019-01-16 07:29:57,-1,1,2,呵呵呵
97486,1984,关长龙,2019-01-22 09:18:45,-1,2,3,给分很低
97496,1984,关长龙,2019-01-22 09:26:26,-1,1,2,不知道为什么我只有1.5
97611,1984,关长龙,2019-01-22 12:02:18,0,1,1,老师真的是很有学识和修养 助教小哥哥很nice
97625,1984,关长龙,2019-01-22 12:28:35,13,14,1,首先老师讲的非常好，下面说什么老师不适合上大课只是自嗨的同学大概是刚从自己的作业里抬起头啥都听不懂吧？将通核完全当做水课来上的人，个人感觉其实对老师是相当不尊重的吧？\n\n        然后是给分的问题。请问有哪一门通核课是完全不需要好好学就能拿高分的呢？老师期末出的内容，绝大多数ppt里都有，或者上课都提过，你们自己拿的分数低，难道不是是自己平时不好好听课的缘故吗？\n\n         至于平时作业。似乎绝大多数通核课都是要讨论的吧？这门课只有一篇另外的读书报告你还想怎么样？你怎么不去隔壁的人类学看看他们的事情有多少？\n\n         老师真的是好老师，看得出是相当有涵养的人，讲的也真的让人收获颇多。不给ppt完全是因为ppt里东西太多了，希望大家自己好好听课记得拍照整理。\n\n         最后表白田琛助教，人美心善还很童真亲切！！讲的也非常棒～
97727,1984,关长龙,2019-01-22 14:15:48,3,6,3,分是不高啊 可是我们也真的水啊 试问有几个好好听课了?来呵呵老师干啥？虽然老师讲的我没听吧 但是讨论课的思考还要助教小哥哥的回答都让我有所收获
97878,1984,关长龙,2019-01-23 00:42:14,2,2,0,快期末考的时候认真听过几节课 ，说实话老师讲的还是挺不错的，但是音量不够大坐教室后半部分会听不太清。学习任务还算轻松的，作业也不多。但是我讨论课十次回答都刷满了，后来的考试除了一个题，其他几乎都找到了也写了，给分还是不咋样，哭了T﹏T.我感觉这个课总体给分不高。
108035,1984,关长龙,2019-05-13 10:58:46,-11,6,17,如果可以的话，应该打零分。第一节课重点不讲在瞎聊，还说什么没时间。原来是物理系的啊真是厉害呢，哲学系应该取缔是吧，人文学院就该被diss是吧，周易本身是什么一点不讲，考试内容上课不讲要助教通知，上周易的课周易什么都不讲讲天文物理生物学的好老师啊，呵呵！
120744,1984,关长龙,2020-01-16 07:53:28,5,5,0,老师感觉挺佛系的  但是冬学期开始每周都要展示 有点烦
132375,1984,关长龙,2021-02-01 07:00:01,5,6,1,不绩杀，稍微用点心，满了
132639,1984,关长龙,2021-02-03 04:35:39,5,5,0,老师讲的很好啊，真的能学到很多，每节课的ppt也能看出来是很用心的准备的，学到的不只是知识上的内容，更有学习的方法和人文的思考方式以及辩证思考的习惯。助教小姐姐也超好看，性格超温柔，每节讨论课同学们也都很认真。最后给分也远超我的预期，说绩杀的几位可能没怎么听过课吧？考试内容上课都讲过，最后论述题也是探讨过的内容，平时分也很好拿。我觉得还是很好的。
134033,1984,关长龙,2021-03-13 01:16:42,3,7,4,老师不点名，讨论课也参与蛮多次，最后2.8
171254,1984,关长龙,2023-03-20 06:26:34,-5,2,7,救命，六经通论易学部分，讲的是个什么玩意
172129,1984,关长龙,2023-04-20 04:49:38,3,3,0,还不错
177462,1984,关长龙,2023-07-03 10:39:28,2,3,1,老师讲的很好，如果你对中华文化感兴趣的话会听得津津有味。期末考试闭卷，占60分，但是百分之八十以上是原题，看看cc98准备一下，成绩不会差的。
195309,1984,关长龙,2024-06-27 17:22:10,-9,2,11,我上的是中华传统礼仪，绩点一般不算高，期末开卷，但是很多看PPT都翻不到，很恶心，我觉得没必要这么为难学生，自己都知道开卷学生就凭抄书的，还设置这么难的题目。\n\n展示每周都要，任务有点多，就这样吧。\n\n抛开任务量来说，关老师讲的很好。
199688,1984,关长龙,2024-09-27 14:34:03,21,22,1,好老师，给分也很好，当然这是基于你投入了一定的精力和努力，而不是在正课上戴耳机，在讨论课上玩手机，然后再来査老师评一个“绩杀”，别自欺欺人了，付出和回报大多数时候还是有关的
216299,1984,关长龙,2025-03-13 03:35:16,1,1,0,老師很儒雅，特別有內涵。助教姐姐特別好！！！
870,1998,吴彦,2015-03-18 06:41:12,-17,9,26,尽心负责的好老师
5404,1998,吴彦,2016-07-04 14:29:26,-16,12,28,人很好，很温和。讲课有水平，就是给分不咋地。
15752,1998,吴彦,2016-01-16 08:27:08,-7,10,17,很有东西。要求严格，但是很好，学到很多东西。
23018,1998,吴彦,2016-03-16 08:15:51,-17,6,23,严格的挺有水平的，很不错的哦
23020,1998,吴彦,2016-03-16 08:41:22,19,20,1,点名回答问题
23021,1998,吴彦,2016-07-05 14:33:37,38,65,27,一个学期大概不定时点四次名字，期中一篇读书报告，期末开卷两道论述题。虽然上课实在忍不住不睡觉，但讲真，如果你有好好看看书好好写报告，期末资料打全，给分OK的。
23022,1998,吴彦,2016-03-16 08:45:06,28,35,7,极不好的上课体验！！！！
23024,1998,吴彦,2016-03-16 08:50:49,15,19,4,好可怕的老师
23025,1998,吴彦,2016-03-16 08:52:20,12,18,6,拉翔一样的体验
23026,1998,吴彦,2019-01-04 10:35:30,24,32,8,草鸡无敌大反派的感觉，压抑痛苦欲仙欲死。
23027,1998,吴彦,2016-03-16 08:58:38,-3,6,9,挺敬业的@_@导致心脏有点虚……上课点名，跟中弹一样＼(^o^)／   其实水平还不错，真的听还是不错的吧
23028,1998,吴彦,2016-03-16 08:58:46,13,18,5,吓死宝宝了，我还只是个孩子啊。上课开始疯狂的大点名，一个又一个又一个，全程懵逼.jpg。上大学以来第一次上课紧张。。。。toxic
23029,1998,吴彦,2016-03-16 09:06:52,10,12,2,可怕的体验
23030,1998,吴彦,2016-03-16 09:08:29,0,2,2,...
23031,1998,吴彦,2016-03-16 09:08:46,10,14,4,反正我就是不喜欢这种腔调，打我咯。
23032,1998,吴彦,2016-03-16 09:16:46,20,24,4,就有一种高高在上你们都得听老子的感觉……超级无敌点名上台回答问题(O_O)？全程懵逼心脏狂跳，水平暂时没听出来有什么，就是觉得这种上课方式严重影响好感
23033,1998,吴彦,2016-03-16 09:22:04,9,10,1,不喜欢这种风格
23034,1998,吴彦,2016-03-16 10:08:55,29,34,5,朋友，你怀念高中的历史课堂吗？你怀念随机点名的激情吗？你怀念没观点也得硬上的尴尬吗？你怀念狂飙笔记的快感吗？
23055,1998,吴彦,2016-03-16 15:37:12,2,5,3,真好玩
23078,1998,吴彦,2016-03-17 03:12:27,10,12,2,建議不要選
23087,1998,吴彦,2016-03-17 06:53:42,10,15,5,讲的是什么都不知道，还经常提问，一副高高在上，自以为是的样子做给谁看
23267,1998,吴彦,2016-03-23 08:02:42,10,11,1,用点名留住学生的老师\n\nhhh
23517,1998,吴彦,2016-04-04 00:27:17,0,2,2,真的好可怕
23891,1998,吴彦,2016-04-20 09:07:25,0,4,4,自曝是学伊斯兰文化的……满满的攻击性！讲起课来一种施暴的感觉QAQ极无聊不想听好怕会挂=_=///
24197,1998,吴彦,2016-04-28 07:39:24,0,2,2,呵呵，sb不解释
25157,1998,吴彦,2016-05-06 11:29:15,0,3,3,点名，还要写读书笔记啊啊。好怕挂科！
27481,1998,吴彦,2016-06-26 12:32:21,3,6,3,我觉得老师的课认真听还是有收获，这学期不点名了，但是要上课抽问，抽到不到扣分。总体来说还是很有收获。
27864,1998,吴彦,2016-06-28 01:11:49,1,1,0,讲课又不怎么样人很凶还大绩杀
28316,1998,吴彦,2016-07-05 08:23:48,2,5,3,什么垃圾玩意儿 声音尖的刺耳睡不着爱念稿爱点名 给分盒盒
28439,1998,吴彦,2016-06-28 08:59:42,0,0,0,好有压力
28723,1998,吴彦,2016-06-28 13:03:00,1,1,0,手底下一直处于狂奔的状态，上课然，考试亦然。胳膊疼！
28724,1998,吴彦,2016-06-28 13:12:51,1,4,3,考完事就来评论了，老师很有知识的样子，平时叫人回答的形式点名，叫人回答很恐怖，整节课都是紧张的状态。分还没出来，但是考试两道论述题很坑。
29015,1998,吴彦,2016-07-04 13:52:57,7,8,1,傻逼老师浪费我青春，毁我績点，我写了那么久的论文和试卷，给我这个分，mdzz学习帝为什么不可以评0分
29201,1998,吴彦,2016-06-29 11:39:45,5,8,3,世界文明史，老师坑你死
29973,1998,吴彦,2016-06-30 15:40:16,0,3,3,其实这个老师的课还是很有干货的，只是学期初点名回答问题让人整学期听课都很担惊受怕的感觉。。。。
31691,1998,吴彦,2016-07-04 13:31:28,-6,1,7,有加拿大老师讲课，赞！\n\n
31695,1998,吴彦,2016-07-04 13:46:31,9,11,2,垃圾老师 胡乱正态 极其不负责任！
31704,1998,吴彦,2016-07-04 14:16:58,4,6,2,上这个课不如退课，不然你的绩点就像跳楼机，玩到你的心不跳为止
31708,1998,吴彦,2016-07-04 14:28:02,2,7,5,玛德期末考第一题我借来?书上全有的，一模一样的抄上去。第二题也没有严重的地方。一共写了三千可能快四千字结果给我71分。去死吧
31709,1998,吴彦,2016-07-05 14:49:17,117,158,41,我不懂你们说的那些有的没的，我只知道，我每节都来了的，没有迟到，没有早退，论文写了将近4000字，开卷考试带了五本书，并且找到了答案，每页纸我都写满了的，我很开心地等着出分，为什么!!!!!!!!!!!!!!!!!!!我只有2.4，你这一门课给我拉了多少分，老师，您认识我吗，还是我的名字让你不爽了，你为什么要把正态成这样，我所有努力学习的其它科，就被您这一科给毁了
31711,1998,吴彦,2016-07-04 14:42:30,5,8,3,老师专业水平是高的，但是讲课有点无聊，ppt上文字太多了，感觉就是在讲ppt上的内容，没有拓展。老师人其实还不错的。但是给分真的不太好。这是我这学期上得最认真的课，但最后的得分还不如不怎么来上课的同学:)
31721,1998,吴彦,2016-07-04 15:04:08,1,15,14,感觉学习帝评价真的不太好，很大一个原因是点名让人回答问题？有必要说一下正名。我个人很喜欢老师，觉得她是很严肃正经的人。上课内容也是很丰富的，虽然都是ppt内容，但文明史作为一门以知识点为主的课程，就是如此吧。我参加过其它大学的文明史网课，真心不如吴老师。倒数第二门课是加拿大教授的，还是很有意思的。作业方面，一本书评，考试内容两道论述题有点懵逼，不用准备。分数方面，起码给我的分数很好很好…（没有发言的加分）不过我想，就算最后绩点不高，我也会给吴老师客观的评价。
31728,1998,吴彦,2016-07-04 15:41:10,2,6,4,妈蛋，有人书没有看完，连摩西是谁都不知道，答中东宗教和书籍感悟的题，考下来都上四，都满绩，开心就好。
31747,1998,吴彦,2016-07-04 19:35:20,3,5,2,论文写了三四千字 期末考试大题也写得很多 满满好几面 给我这个分数 真是醉了 莫名其妙的正态 还有 这个老师说话的语气 呵呵 一听就很不舒服
31755,1998,吴彦,2016-07-05 01:08:37,-15,9,24,客观来讲，老师学识渊博，对于历史有自己的看法，很负责，上课有些无聊，太古板了。认真看了书，写了读书报告，带对了复习资料。最后绩点4.8，挺满足的了。觉得这个老师被黑的好惨，认真来讲，7分还是有的！
32606,1998,吴彦,2016-07-08 04:44:25,1,2,1,就是差……
32641,1998,吴彦,2016-07-08 11:21:01,4,4,0,呵呵哒\n\n
32862,1998,吴彦,2016-07-19 10:08:04,-8,2,10,点名啥的真心恐怖，不过最后我的绩点上4了。。。所以就不说什么了。。
32874,1998,吴彦,2016-07-20 03:45:48,0,4,4,有干货！
33513,1998,吴彦,2016-09-20 01:49:43,0,3,3,中东史很棒啊，挺喜欢这个老师的
69752,1998,吴彦,2018-01-25 10:20:40,0,2,2,挺好的，比较容易混
71891,1998,吴彦,2018-01-29 05:11:08,9,13,4,其实老师挺负责的 学术气息浓厚 虽然讲课不是很有趣但我觉得也没那么不好啦……
79756,1998,吴彦,2018-06-13 09:18:13,1,3,2,
83298,1998,吴彦,2018-07-10 04:57:34,2,7,5,老师很好。。
87830,1998,吴彦,2018-10-15 06:52:34,11,17,6,我看查老师心很慌，但是听课还是听得津津有味....
97316,1998,吴彦,2019-01-22 08:04:25,0,7,7,水了一学期的课都有4.2。总之上课一定要到(会有不定期点名)讨论课尽量多发言，考试带足材料应该问题不大。感觉主要还是讨论课发言。
97449,1998,吴彦,2019-01-22 09:04:12,-1,6,7,我觉得老师挺好的啊。。。不知道为什么只有三分。。。老师知识渊博，很认真很温柔！
97813,1998,吴彦,2019-01-22 20:19:01,1,7,6,之前看查老师还挺怕的，不过上课体验其实还不错。主要讨论课好好准备，多发言，不要怂，就是说。期末考试两道论述题，资料带足问题不大。平时讲授课不定时点名，讨论课每节点名，其实感觉碰到一个好助教其实挺重要的。
98256,1998,吴彦,2019-01-23 08:46:45,0,8,8,吴老师上课认真听了真的挺好的 给分也好
99409,1998,吴彦,2019-01-24 17:46:57,1,7,6,该做的都做了，回答问题也不少，没缺点名，考试也写了很多，出的成绩么，呵呵，我服了，你们呢？
106155,1998,吴彦,2019-04-25 10:20:00,-1,4,5,上课认真
113122,1998,吴彦,2019-07-05 23:51:30,-8,1,9,事少给分好
113199,1998,吴彦,2019-07-06 01:30:35,-1,3,4,老师讲课风格比较严谨吧，但一学期下来真的知道了不少。给分的话，可能是我开卷的理论题写的不够有理有据吧…还是挺好的
127913,1998,吴彦,2020-11-30 07:13:43,1,2,1,一分给选的书，一分给上课讨论，一分给面子，不能再多了。世界史史料研读上课讲的太快了，专业课跟通识课一样，泛泛地念一遍段落大意就完了，水到爆炸好吧，和王海燕老师没有可比性。
128893,1998,吴彦,2020-12-26 13:05:20,0,4,4,东方文明史，选不上其他通核还是可以选的，不用太在意老师的评分。当然每周都有小组展示还是很累的，积极参与的话老师给分还是厚道的。
131363,1998,吴彦,2021-01-27 07:58:51,-4,2,6,老师讲课听与不听实际无所谓，要看你分到的小组与助教。每周都要小组讨论并展示，任务量还是挺大的。有幸分到一个很好的助教和几个很赞很赞的小伙伴，一个学期下来学的很开心😊 。反正要提分的话，一定要积极发言。最后说一句，fx助教姐姐yyds！
131396,1998,吴彦,2021-01-27 11:37:15,3,7,4,东方文明史，开卷考试答案都找到了，平时回答问题几乎每节课都会回答，从没旷课，小组展示认真负责了，得分真的，唉，一言难尽。感觉很挫败，后悔选课的时候没有看查老师评分
131422,1998,吴彦,2021-01-27 13:01:08,7,7,0,大绩杀
134190,1998,吴彦,2021-03-18 12:34:27,10,10,0,老师上课无聊，其中一个助教极其令人无语，不想用过分的言语评价，总之非常劝退。本来抱着对历史的热爱选了这门课，没三节课下来已经被助教摧残的一点兴致都提不起来，我不知道助教是什么心态，哪怕学术水平再高，平心而论，就凭随意打断人发言和自以为是唯我独尊这两点您已经德不配位了，希望您耗子尾汁
134203,1998,吴彦,2021-04-24 10:55:21,12,13,1,主要看助教，碰到晦气助教比如说姓黄的赶紧退课吧
134775,1998,吴彦,2021-04-14 13:44:14,11,13,2,之前一直在忍，今天是真的忍不住了，那条黄狗能不能不要每节课在那吠了，一边嫌弃我们不发言，一边狗叫占了几乎所有发言时间，请问怎么发言？是不是先得把狗嘴封上？但凡是人都知道换位思考，布置这么多任务而且还在考试周是以为只学这一门课么？专业课是不是也要给你这条黄狗让让路？口口声声说可以商量形式，可惜了，黄狗听不懂人话。
134918,1998,吴彦,2021-04-22 09:50:41,6,6,0,姓黄的贱不贱呐
136624,1998,吴彦,2021-06-22 06:06:41,8,9,1,从不旷课，上课回答问题积极，小组展示也全程参与了，考试都是主观题，最后绩点3.5分，只能说给分很迷惑，也没有公开平时分，也不知道是怎么给分的。一门通识课严重拉低大一绩点，是导致我无法转专业的直接原因之一。只能说当初太年轻，什么都不懂，选课不看查老师评分，现在回想起来十分后悔。这门课事情挺多，一学期有两次展示，而且就算不是自己组展示助教也很可能会叫你起来问你对于这个题目的观点，所以每次讨论课都需要准备。\n\n我只上过这一门通核，不知道别的通核是什么情况，但是我个人认为这门课是我大一上学期最头疼的课之一，卷到了极致。同学们为了平时分，回答问题需要抢，可是就算抢着回答问题得分也还是不高，挫败感很强。现在看评论也有同学说这门课不错的，可能不同的助教之间差距会很大，一个班分三个小班，由三个助教教，我们班助教姓黄，我没觉得他像下面一些同学说的那样人品很差，老师会自己出钱给辩论赛获胜同学买奖品，个人认为助教挺负责，但是他喜欢在同学展示的时候打断是事实，而且他的讨论课确实很卷，上讨论课时常提心吊胆的。（辩论赛是助教举报的课程内容辩论，参加有平时分加分，我没参加辩论可能也是得分低的原因之一？）以上为个人看法，仅供参考，选这门课如果不擅长表达，不是特别能卷，还是慎重，不考虑绩点的随便。\n\n最后补充一下，东方文明史这门课主要讲古埃及，西亚，印度，伊斯兰文明，而且宗教内容占很大一部分，对中国和日本，韩国这些国家介绍也有，但是占比很有限，我选课的时候被自己固有的对东方一词的认识误导了，学习过程挺累的
137328,1998,吴彦,2021-07-03 08:31:37,1,1,0,老师上课态度很认真，教授的知识面也很广，认真听课的话可以收获很多知识。
139523,1998,吴彦,2021-07-17 02:35:03,0,2,2,东方文明史老师讲的很好，但是最后给分完全看脸
139825,1998,吴彦,2021-07-29 03:27:53,19,21,2,楼上所说的助教“黄狗”一门研究生课程挂科考了40分，居然还能拿国奖，研究生毕业论文大修延毕，硕士论文都能写成硕“土”论文，最后还留校当辅导员，真是滑天下之大稽。对体制对分数都很绝望，恶心透了。
140519,1998,吴彦,2021-09-13 08:53:45,0,0,0,老师讲课的速度贼快，赶飞机似的
140576,1998,吴彦,2021-10-10 13:00:10,1,1,0,我觉得老师挺好的（对我而言）。
140961,1998,吴彦,2021-09-18 10:42:47,1,1,0,垃圾，🐶都不上她的课
145404,1998,吴彦,2021-12-29 10:59:50,3,3,0,fyh太可爱了
146088,1998,吴彦,2022-01-05 12:38:44,0,2,2,别人都说通核很卷，给分还差。我上学期修这门课真没感觉。理论课点名我靠小组长。讨论课我甚至后期课前从来不看全部临场发挥（抱组长大腿），其他小组的同学感觉也一点不卷。整学期几乎啥都没干就写了篇论文，连要求看的两本书也几乎完全没看。可能是最后考试两个题目我把同组的同学都整理了一下，写的比较充分，最后上四。来这一看吓死了，我觉得有必要给这门课一个好评。最后，fyhyyds
147596,1998,吴彦,2022-01-10 09:21:33,1,2,1,老师人真的挺负责的，事情也很少，每周讨论课看好论文就可以了。助教姐姐非常温柔漂亮。周一的课没听过，讨论课多发言，最后考试都写满，尽量不要看书和看资料，写出自己的想法，有创新的观点就好了。老师给分也很好的，这是我这学期第二个满绩的课。
147762,1998,吴彦,2022-01-10 17:49:37,2,2,0,中东史专题yyds！
147957,1998,吴彦,2022-01-11 08:16:01,4,4,0,上了她的东方文明史，个人是比较喜欢她这样干货的上课方式。助教是某位姓黄的，说实话是在不太喜欢，总是让我们卷卷卷之类的，不喜欢。最后给分挺好的
149708,1998,吴彦,2022-01-16 13:58:31,12,13,1,课程：世界文明史\n\n打分：5/10\n\n优点：上课感觉还行\n\n缺点：别讨论课了好吗……讨论课真就社恐地狱，然后这个讨论课名实不符，本质只是一群人按顺序发言，并没有什么讨论……\n\n世界文明史秋学期是东方史和西方中世纪史，只要求交一篇读书报告，讨论课的优胜者会加分，大概就是这样。
150798,1998,吴彦,2022-02-18 16:47:20,4,4,0,遇到fyh助教讨论课好好上，应该不会出大问题！
154610,1998,吴彦,2022-06-02 12:35:37,-1,0,1,老师的知识储备还是很深厚的，上课很认真，但可能有点枯燥。我分到助教人也还不错，上吴老师的课没有发过言，平时讨论课发言可能多一点，最后给分还是很不错的
154921,1998,吴彦,2022-06-07 02:04:49,0,1,1,确实不错
159013,1998,吴彦,2022-07-04 12:49:11,4,5,1,我给fyh助教打满分。他真的好可爱好能捞人！！真的启发了我对历史的爱！！
160772,1998,吴彦,2022-10-11 01:44:11,7,7,0,讨论课超烦人
160955,1998,吴彦,2022-10-20 16:00:23,4,4,0,讨论课事多分少，鼓励很卷的花卷去上吴彦老师的课，分肯定很不错！ps批学生ppt字太多，结果自己上课ppt全是字。
161211,1998,吴彦,2022-11-01 00:25:27,22,24,2,服了，真的是在不停的恶竞，最讨厌的就是这节课，上课回答问题加分，讨论课要排名加分，一切的都是和加分挂钩，每个人都非常功利，但是大家都没有学到什么，只是在讨论时只顾着一味的卷，做很多很多的ppt，真的很没有水平
161212,1998,吴彦,2022-11-01 00:27:17,10,10,0,课堂体验极其差，鼓励恶性竞争，在讨论课上，分别讨论世界文明在哪里，文明有优劣之分吗？文明的动力在哪里，我想问前面几个问题有讨论的必要吗？！！！上课举手发言就加一分，大家都抢着发言但很没有质量，简直快恶心死了。讨论课每次都是用不同的评分模式，组内竞争，就不能好好上课？最后一次个人发言，安静摸鱼都不可以，真是快吐了。从未上过这么难受的老师的课
161215,1998,吴彦,2022-11-01 01:02:04,8,8,0,hhhhhhh第一次碰到这种逼人卷的老师，真正上课的时间没多少，讲课的时候高情商说法是干货满满，低情商是极其无聊，讲的内容又太细了，根本不像通识课，勿选
161238,1998,吴彦,2022-11-02 00:23:55,10,10,0,适合卷王hhhh，讨论课烦死了
161492,1998,吴彦,2022-11-07 15:19:17,2,2,0,自己品
162218,1998,吴彦,2022-11-18 02:03:14,3,3,0,逼人卷，但没什么水平，连自己研究的中东史都讲不清楚
163658,1998,吴彦,2022-12-16 02:11:48,14,14,0,鼓励恶竞的老师，要求举手发言，展示课是真的。。。事多分少，社恐勿入
164359,1998,吴彦,2022-12-20 11:20:15,4,4,0,快逃别选
164402,1998,吴彦,2022-12-21 01:19:50,7,7,0,傻孩子们，快跑啊！！！！！！！！！
165688,1998,吴彦,2023-01-09 09:15:02,10,10,0,好老师，最后悔的就是没弃修这门课。
166275,1998,吴彦,2023-01-11 15:30:24,12,13,1,世界文明史。老师是负责讲埃及、希腊等外国部分的。在秋学期。成绩是看举手发言、小组讨论和论文。说实话还是能够学到知识的，但是恶竞真的让人很难受。平常没有签到，所以发言占平时分中较大的比例（我觉得，但社恐人根本不敢举手。还有就是万恶的小组讨论，老师说不用准备，轮流发言就行，我是不怎么准备的，但组里的卷王真的卷的要死，到处找论文写稿子。还有几个大哥用高贵的PPT来跟我一张嘴比，是我的生产力落后了。。。还有另外小组讨论是起额外加分的作用，分加到论文里去。总之这门课一度给刚进折大的苯大一新生留下了心灵创伤。虽然可能不完全是老师的问题，还有折大内卷风气的影响。。。总之感谢老师的教诲！但是还是诚挚地恳求您改变一下评分的方式，不要苦了下一届的学弟学妹了！
166931,1998,吴彦,2023-01-14 09:06:12,6,7,1,讨论课吐了，发言无意义。评论区打低分的都是本人嘴替。
167655,1998,吴彦,2023-01-18 05:52:09,3,4,1,怎么说呢，总的来说还可以，但是给分是有点迷。总之老师的评分符合这个中规中矩的分数，就是讲的不是特别好，但是不至于让人觉得很无聊。个人感觉反正专业课可以拉拉分，这个课么分少点就少点。只是确实为大一要转专业的同学感到惋惜。
167827,1998,吴彦,2023-01-19 09:04:30,1,2,1,老师上课信息量很大，但可能会有点枯燥\n\n期中一篇读书报告，字数有上限要求（5000字）\n\n但是上课发言、小组讨论计分是真的受不了，虽然老师可能是想捞一捞平时分，但是真的就变成恶竞了
169667,1998,吴彦,2023-02-27 10:00:42,3,3,0,快跑！！！！！！
169761,1998,吴彦,2023-02-27 23:48:44,2,2,0,中东文明史&中东史专题\n\n非常好跨专业课，建议俩一块选因为内容一样，期末因为网课从闭卷改成了论文因此不清楚闭卷情况，课上猫后排干自己的活即可获得两小时自习时间
176018,1998,吴彦,2023-06-27 12:19:39,3,3,0,fyh助教神中神
182359,1998,吴彦,2023-11-15 06:37:38,0,2,2,love u吴彦老师❤️❤️❤️上大学遇到的第一个好老师 感动
184933,1998,吴彦,2023-12-24 13:01:44,6,7,1,中规中矩吧，水平还是有的，逻辑非常清晰，各个部分之间连贯，但给分很看助教……我是fyh助教的班，fyh很捞人，给分还不错，但是其他助教不好说。认真听课倒是确实能有收获。偶尔点名。总的来说5分很适合这个老师，没什么特别好的地方，但是也还不错吧，中规中矩。
187943,1998,吴彦,2024-01-18 00:59:10,0,2,2,吴彦老师真的是我上大学以来见过的第一个很好的老师。我每天上课都坐在前排，虽然有时候也会犯困不听讲，但是老师提问的时候我都会积极回答问题。平心而论，老师提问的问题也不难，并且鼓励你有自己的见解，答错了也没关系。也没有说恶意竞争，每次老师都会鼓励没发言的同学发言，不会出现几个人控场的局面。毕竟这也算是专业课，需要积极一点也无可厚非。老师对中东史颇有研究，讲课的时候大部分都会结合有趣的故事、图片来讲，虽然有时会有些枯燥，但是没办法，历史就是这样的。我第一次这么老远来上大学，无依无靠的，老师却经常关心我，和我们聊天像朋友一样，上早八也允许我们在教室吃早餐。作业就是读书报告，只要你认真读了，并且体现你认真读了，给分就没问题，我觉得还是挺中肯的，毕竟大一也写不出来什么有深度的东西，主要还是看态度。有一段时间我特别焦虑，感觉自己什么都做不好，但是在课堂上发了一次言讲了自己的读书报告后老师很认真的表扬了我，让我心情真的好了很多很多。我不是因为给分好才给老师好评的，是真的觉得在大学这种快餐式上课模式中，遇到一位这样的老师很不容易，帮助你培养史学思维，分享学习方法。最后，如果你选择这节课并且好好学，结果绝对会让你满意，人生中第一个满绩是老师给的！
193717,1998,吴彦,2024-06-16 06:10:13,0,0,0,还行吧
195313,1998,吴彦,2024-06-27 17:23:58,-1,1,2,上了老师的通核东方文明史，这个课是两个老师上，吴彦老师负责前半部分，老师人还是很nice的，只是周一的理论课会不定期点名。给分不错，期末考试把课件和讨论课资料整理打印出来，开卷考试就够用了。讨论课只发言了一次，期末开卷考把答题卡写满最后拿了4.5，已经很满意了。
201562,1998,吴彦,2024-11-04 10:54:27,2,2,0,一开始看到一大堆恶评心里一凉，但说实话24秋冬的东方文明史老师点人回答问题已经非常非常少了，8周课应该就点过3次，每次点两三个人，讲课很认真讲话思路也挺清楚的，24以后选课的同学不建议看查老形成先入为主的印象
205708,1998,吴彦,2024-12-11 11:24:08,6,6,0,【世界文明史】怎么说呢，作为专业基础课，24级历史培养方案新增“不推荐修读世界文明史”很值得玩味\n\n倒不是说老师不好，只是这门课确实本身不太具备向新生提供史学憧憬的条件\n\n老师负责的是世界史板块，鼓励发言且明确登记（不知道能不能算恶竞）\n\n总体比中国史部分好上一些，点名
206986,1998,吴彦,2024-12-19 02:27:52,0,0,0,有点过名但不多。上课感觉还是有点鼓励竞争的，会明确记录发言次数计入平时分。但是发言挺容易的，只要站起来讲点啥就好，所以感觉也还好。平常事情也没有很多，我记得好像是参观良渚博物馆和一篇读书批注（批注是有点烦了因为书都好无聊。。。还要几千字）给分暂时不知道，出了我再回来评价
209050,1998,吴彦,2025-01-04 09:49:01,1,2,1,老师主要是讲文明史的世界部分，课程知识很有趣，平时没有作业，有发言环节，上半个学期有一篇三千字的读书报告，最后有两次讨论课。我认真写了读书报告，平时和讨论课也有发言，最后给分挺好的。
209425,1998,吴彦,2025-01-06 02:39:37,-2,1,3,吴彦老师！女神!讲课很认真!很能拓展视野!会给出一些有思考难度的问题，很注重历史意识的培养，非常推荐对历史感兴趣并且认真学的同学们选～
209620,1998,吴彦,2025-01-06 11:20:10,0,2,2,首先想说不要养成看查老师先入为主的习惯！我当时看了之后感觉还挺害怕的，也蛮影响上课感受唉唉。不过后来越来越感觉老师是很认真做学问的那种，也很热爱教学，真的有在努力培养我们的历史思维，挺推荐对历史感兴趣的同学选～上课确实很干，要求读的书也很干…我对历史兴趣不大，上课不咋听的进去，但我觉得做批准这个过程也算蛮有收获。另外我个人对发言之类的没啥排斥的，问题也不难，反正是不至于说“恶竞”吧
211550,1998,吴彦,2025-01-12 01:51:07,1,1,0,中东史专题，因为这学期新增了过程性考核要求，所以需要上课发言（但本人只简单做了一次）平时有两个线上提交的小作业，一次小组作业算pre，一次开卷考试，老师上课非常严谨认真，为人看似严格其实非常温和善良，最后给分超级好
213649,1998,吴彦,2025-01-18 23:55:23,1,1,0,东方文明史纯纯屎课，事多分少体验感很差！浪费时间，讨论课纯纯人机互动、给分超级差、还卡绩，快逃！！！！！
216626,1998,吴彦,2025-03-19 12:11:40,0,0,0,事情很多，每周至少1k字报告，讨论课令人窒息，杂乱无章又毫无意义
218746,1998,吴彦,2025-04-30 14:46:10,-1,0,1,夏三周临时通知期末要加一场pre，强制分三六九等，东方文明史烂课避雷
221537,1998,吴彦,2025-06-24 09:56:20,-1,0,1,给分抽象
21343,2004,章屹,2016-09-11 11:21:36,8,12,4,我只是来帮忙刷个分
30276,2004,章屹,2016-07-01 07:21:27,15,16,1,艺设好学长，浓浓师生情～\n\n
33059,2004,章屹,2016-09-11 11:21:23,14,15,1,可爱型老师
33060,2004,章屹,2016-09-11 11:22:51,12,13,1,小帅哥，*^o^*，长得嫩。\n\n给你九分，还有一分怕你骄傲。
36893,2004,章屹,2016-11-16 11:13:41,2,3,1,有yǒu趣qù
39334,2004,章屹,2016-12-22 06:13:33,3,4,1,给分好 人很好 很有趣
41649,2004,章屹,2017-01-12 09:49:03,5,6,1,长得帅又靠谱 超可爱
47989,2004,章屹,2017-02-28 02:15:51,17,18,1,长得帅说什么都对
49679,2004,章屹,2017-04-23 11:48:24,5,6,1,两个字 完美！人帅且温柔 爱开玩笑 上课有意思！太喜欢！
50159,2004,章屹,2017-04-30 11:44:45,3,5,2,老师帅！通情达理！给分好！一万个么么哒?\n\n满绩的飘过~
50164,2004,章屹,2017-04-30 12:39:51,12,13,1,睿智型男神
50169,2004,章屹,2017-04-30 14:25:49,1,2,1,不点名\n\n
50190,2004,章屹,2017-05-01 04:04:23,2,3,1,很爽，给分好，上课积极，乐于展示，论文好好写，分不会低~而且老师又帅又温和！
50211,2004,章屹,2017-05-01 08:28:57,1,2,1,给分很好
50226,2004,章屹,2017-05-01 13:50:35,8,9,1,真的男神，拯救了我（们）的中外艺术设计史。另外人也超好，最后论文的ddl都让我拖了三天，给分也超好。(*´◐∀◐`*)总之就是超级男神。
50240,2004,章屹,2017-05-02 02:02:01,2,3,1,棒棒哒\n\n
50316,2004,章屹,2017-05-02 10:20:59,2,3,1,超级棒
52740,2004,章屹,2017-06-22 11:21:27,0,1,1,很棒哟
55662,2004,章屹,2017-07-02 06:33:48,7,8,1,懂得非常多，什么都能聊，可以说是大类里最养眼的老师了
61979,2004,章屹,2017-11-22 04:04:53,3,4,1,环艺劳模
157766,2004,章屹,2022-06-24 17:49:35,3,3,0,真的是很认真负责 又有设计热情的老师！最后交完作业第二天就给了我们作业的一些反馈，当时就被感动到了，觉得他真的好认真…而且老师平时很温和，评图也会很好地帮我们找到修改方向，帮助还是挺大的！\n\n还有印象很深的一点是，一开始我们居住区设计比较中规中矩，他在给我们评图时说，作为一个课程设计，完全可以更加创意一点，不用那么考虑现实经济性（大概是这个意思），真的一下子戳到我…\n\n给分也超好，真的感恩！
174697,2004,章屹,2023-06-16 02:24:45,0,0,0,超级好的老师
195991,2004,章屹,2024-07-01 04:29:18,0,0,0,城市设计，老师人特别好，给9分是因为给分没有想象中那么好。给后来人的建议：多和老师交流
953,2029,许建平,2015-03-19 14:27:56,10,57,47,考核是期中一篇用文言文写的自我介绍300字…期末是一篇用文言文写的读后感…800字…写的时候很纠结…但是写完觉得好有成就感好有趣~
3168,2029,许建平,2015-05-18 12:56:46,35,62,27,各种诗词歌赋，信手拈来，讲课也很幽默
9739,2029,许建平,2015-11-06 15:23:36,13,21,8,水平很高的老师，非常博学
25380,2029,许建平,2016-05-16 11:02:13,-14,11,25,老师确实在认真上课，但水平配不上浙大。没有古典知识背景的同学可以来听听，有一点基础的同学不用来了。（他刚刚冒出来一句“这是我在百度上抄的...老师很诚实，嗯”）历史系同学也别来吧，史实错得会让你哭出来的。
27154,2029,许建平,2016-09-22 05:54:20,-20,7,27,千万别选，不知道讲的什么玩意，字都经常读错，居然还有那么多人说他幽默，总之有一定文学修养的人一定会听不下去的
29771,2029,许建平,2016-06-30 09:54:38,18,36,18,说许老没水平的你们水平好高额?→_→
30947,2029,许建平,2016-07-03 04:03:08,18,28,10,中国古代典籍文化，很有意思 感兴趣的可以听听哦
31750,2029,许建平,2019-01-04 02:27:25,13,28,15,大绩杀
31756,2029,许建平,2016-07-05 01:19:35,17,24,7,给分低
31759,2029,许建平,2018-03-05 00:23:00,9,17,8,老师真心认真，足足讲三节课。而且很幽默，也很喜欢他的口音。给分挺好。
31871,2029,许建平,2016-07-05 04:50:43,0,4,4,damn
31950,2029,许建平,2016-07-05 08:20:53,8,13,5,还行吧。至于想选金石文化的，注意老师讲的内容主要针对青铜器分类和古文字文献资料，并且评分方法为一篇金石复兴小论文及五百字文言文墓志铭。
32217,2029,许建平,2016-07-06 03:29:43,3,10,7,水课不点名就是给分低\n\n
33656,2029,许建平,2016-09-21 01:14:00,0,5,5,差点挂科。。。\n\n
36993,2029,许建平,2016-11-17 03:58:20,1,5,4,醉得容易
39299,2029,许建平,2016-12-22 03:46:07,10,16,6,老师上课很认真，知识很渊博，时不时会幽默一下调节气氛。记得上次点完名说了句，还是有些同学没来啊，看来我讲得还不够好。喜欢∽
40557,2029,许建平,2017-01-04 04:57:41,1,5,4,偶尔点名 不过上课很有趣啊 是我上的最认真的通识课 给分也不错
41131,2029,许建平,2017-01-09 11:15:38,1,4,3,除了普通话不标准其他还可以啦
44080,2029,许建平,2017-01-17 09:03:11,3,7,4,论文写的那么认真才3.6 excuse me ?
44117,2029,许建平,2017-01-17 09:43:13,1,4,3,偶尔会点名的老师，讲的挺好的，就是有一点口音，认真一点给分蛮好的
44123,2029,许建平,2017-01-17 09:47:38,6,10,4,讲实话老师挺好的 挺幽默 给分也不错 不明白评分为什么只有五点几
44135,2029,许建平,2017-01-17 10:16:25,0,4,4,老师会讲很多有趣的东西。能让人了解很多，也比较水了，这个课程，但是给分很好，你用心写文章的话。
44213,2029,许建平,2017-01-17 11:58:48,1,4,3,老师普通话不太标准，其他都挺好
44456,2029,许建平,2017-04-28 06:43:57,5,15,10,成绩出来气炸了好嘛？每节课都在认真听，没有水手机，上课举手提问，期中论文认认真真完成，期末论文也是一样，3.5的绩点真的看得我想哭……本来说春学期的课绩点拿高点方便转专业，现在真的委屈……
48189,2029,许建平,2017-03-01 06:33:30,5,9,4,很风趣，也被科普了很多知识
48427,2029,许建平,2017-03-03 07:14:50,1,3,2,幽默，挺好的老师\n\n
50003,2029,许建平,2017-04-28 10:48:53,1,2,1,很纠结…
50011,2029,许建平,2017-04-28 12:55:55,1,2,1,绩点极其低，对文言文要求太高，不是你努力了就能得高分
50036,2029,许建平,2017-04-28 16:32:24,3,4,1,老师讲课真的很不错......能感觉得到是个有水平的老师，也挺好玩的........\n\n但是这绩点实在是让我......或者是我自己水平太糟糕？？大概选大学语文的还是需要慎重考虑一下自己的文言文的天赋....看重绩点的别选！
50051,2029,许建平,2017-04-29 02:05:51,2,4,2,大学语文通识课，讲得有点随便，为了有趣而搞笑？考评作业布置不合理，完全靠底子吧，靠努力拿好绩点似乎不怎么可能。
50201,2029,许建平,2017-05-01 07:26:14,1,1,0,只能说文言文全靠吃老本，对自己古文功底没把握的还是算啦～
50276,2029,许建平,2017-05-02 06:22:22,0,1,1,给分不错，作业少，但是不要旷课
50358,2029,许建平,2017-05-02 12:29:18,2,2,0,上课幽默，学识渊博，会认真解答学生的问题，只是口音…
50912,2029,许建平,2017-05-08 11:39:46,0,1,1,思想比较传统，特别是性别地位上。说难听就是直男癌。受不了的同学注意。
51292,2029,许建平,2017-05-28 00:24:28,1,4,3,虽然感觉会被喷，但讲真，就中国古代典籍文化而言……高中的古代文化常识还行的同学就真的不要选了，讲课很拖沓，干货超级少，无聊ヽ(ー_ー)ノ到奔溃。此评论只针对古代典籍文化，其他的课不知道，肺腑之言，无夸大?
51853,2029,许建平,2017-06-12 12:08:26,2,5,3,老师口音好可爱啊，讲课很幽默，推荐中国古代典籍文化
52192,2029,许建平,2017-06-15 16:17:52,0,2,2,老师算的上是一个有着学者气度的语文讲师吧。
54663,2029,许建平,2017-06-30 03:43:53,3,6,3,唉最后分不好，不过平时确实蛮有意思，给个8分吧
54671,2029,许建平,2017-06-30 03:54:10,0,7,7,认真做，没问题的，谢谢老师的4.5
54682,2029,许建平,2017-06-30 04:12:45,4,6,2,给分一般，就是期中期末作业论文布置得太迟了…导致很紧张
54689,2029,许建平,2017-06-30 08:20:15,4,8,4,写期末论文千万别参考文献哦 不然就会六十多
54706,2029,许建平,2017-06-30 05:19:40,3,6,3,次次到作业都有交给个2.7什么鬼
54786,2029,许建平,2017-06-30 08:26:36,6,7,1,给分差
54840,2029,许建平,2017-06-30 09:49:29,3,5,2,第一次通识课全勤也认真做了作业居然3.3 很气了
55001,2029,许建平,2017-06-30 15:14:43,2,3,1,内容很少，论文学术性要求不高
55116,2029,许建平,2017-07-01 00:39:36,1,3,2,给分好哒……虽然课上实际讲的跟课程安排不一致，想要好好学相关内容的就算了，都特别基础……只有名字和科举，没有装帧历法，很水
56104,2029,许建平,2017-07-03 05:22:57,1,3,2,给分不好，特别对文言文水平一般的人来说\n\n\n\n
56355,2029,许建平,2017-07-03 14:30:54,1,2,1,老师很负责，讲的也不错。可是真的给分低啊……当时看评论里这么说的时候我还是不信来着……\n\n适合蹭课。
57388,2029,许建平,2017-07-07 07:15:44,1,2,1,中国古代典籍文化，给分一般，老师讲课还可以，想水的可以选这门课。
62849,2029,许建平,2017-11-27 06:54:24,3,6,3,许老师是一个非常有水准的老师，知识非常丰富，虽然音韵学很难，但是跟着老师一步步来也容易入门。老师上课也很幽默不过作业确实有些遭罪，如果队友神坑的话，总体上给分还是公平的，但就有一点有些迷醉，组内干的多的和干的少的怎么能一个分？
79689,2029,许建平,2018-06-12 17:19:15,3,6,3,超级好的老师，一生真爱
80349,2029,许建平,2018-07-12 03:13:46,-3,9,12,我选的敦煌写本的世界，刚刚出了成绩，给分，真的感天动地。必须给老师打十分！！！
80851,2029,许建平,2018-07-25 02:54:04,6,17,11,敦煌写本的世界，课上没有任何有用的东西，给分还贼恶心，是有史以来得分最低的课了。
82043,2029,许建平,2018-07-07 02:36:36,3,5,2,老师知识很渊博啊，在他的课上也能学到很多东西。讲课超可爱！！他最后一节课讲到他的奋斗史，和治学方法，学到很多。
84038,2029,许建平,2018-07-12 01:34:20,14,21,7,给分低低低低低低低到地心
84117,2029,许建平,2018-07-12 04:59:58,-7,7,14,敦煌写本的世界\n\n老师真的超级好。第一次这么迫切的想要在查老师上打分。\n\n知识渊博，博古通今，待人和善，不能不能再更好了！！！！\n\n不懂那些喷子在喷啥，不先问问自己上课去了几次，讨论课去了几次，多少时间花在这三分的课上？？付出和回报可以成正比，甚至结局可以超乎你的想象！！！
89762,2029,许建平,2018-11-20 16:10:52,8,9,1,给分差
89807,2029,许建平,2018-11-21 01:50:51,-3,2,5,老师超好！虽然作业多，但是结果很好！
89809,2029,许建平,2018-11-21 01:53:51,-2,3,5,老师上课其实很幽默，人很好玩，讲的东西内容丰富。不过作业量真的挺大的，最后一周真的是极限操作在赶作业。但是给分真的和努力程度成正比，认认真真严肃对待作业，会给很好的分数。
104528,2029,许建平,2019-03-22 12:32:54,9,11,2,并不觉得他的助教配当老师
104537,2029,许建平,2019-03-23 03:12:30,10,13,3,老师不错，助教装逼狗
104971,2029,许建平,2019-04-29 02:12:39,-1,1,2,1234
104975,2029,许建平,2019-04-01 12:04:35,17,24,7,其实我才上了五周的课，并且大部分时间都在水课，但第一，我很喜欢老师的上课风格，第二，老师真的知识很渊博，第三，口音很可爱，第四，每次我没有听课的时候看到老师有点寂寞的表情其实我就很难过，因为我有网瘾惭愧了许老师，另外助教也很有意思，这堂课很好只是我不配，所以不管最后给分如何我还是很感谢老师的，如果说我没学到什么有用的知识，那只能说是因为我自己不行，上课开小差玩手机，能怪谁
109432,2029,许建平,2019-06-14 11:49:48,11,17,6,任何一门课，评分低都是有原因的
109597,2029,许建平,2019-06-17 11:21:43,9,9,0,老师还行，助教就算了
111553,2029,许建平,2019-07-02 02:20:56,1,5,4,上课很无聊，就自己一个人在那讲，也没什么互动。助教。。。无语了，大家也没差几岁，就把自己看的高高在上的。。。PPT又臭又长，考试也没啥用，反正别选就对了。
113451,2029,许建平,2019-07-06 17:27:32,5,6,1,考试是讨论课的题目，下学期选的人注意。给分是真的不太好，课也比较无聊。但老师本人很萌。8分。
113469,2029,许建平,2019-07-06 17:48:58,16,22,6,绩杀！！
113511,2029,许建平,2019-07-06 21:26:30,7,10,3,被绩杀了，考试考的居然是讨论课的内容，大题四道一道就25分，虽然老师您人很可爱口音也好玩，但这个讨论课内容真的仁者见仁智者见智，这个评分标准是什么我是真的好奇，还有上台展示这个，本来规定了时间，结果每次助教自己就卡断了，还有写卷，充分见识到了恶竞之美，可能也是我不够努力吧，但最后所有一切的付出只得到一个英文字母，我表示真的很想知道每个阶段的成绩，不然连自己差在哪里都不知道，学也没学到什么，这不是很亏吗
113551,2029,许建平,2019-07-07 05:33:16,1,7,6,助教死? 玩意儿，是我见过最垃圾的助教没有之一
113586,2029,许建平,2019-07-07 00:32:41,-1,4,5,课程内容还是很充实的。担任组长，讨论课展示从构思到资料检索整理都对自己的思维与能力有着锻炼的作用，我觉得收获很大。但是考试中有很多讨论课的内容，感觉有失公平，刚好展示这一题目的小组肯定会印象更深刻啊……emm……（来自一个小组展示一道题也不涉及的绝望组长）给分是满意的。
129917,2029,许建平,2021-01-13 13:13:34,1,2,1,中国古代典籍文化，老师讲课很有意思，能学到很多有意思的东西，讲课内容十分日常，不需要去特意背诵。即使是理工科的学生也能学到很多东西。强推这门课。
134498,2029,许建平,2021-03-30 07:10:37,0,0,0,古代典籍与文化这门课，风趣幽默，很喜欢
138327,2029,许建平,2021-07-08 14:03:36,0,0,0,敦煌写本，16周16场pre，事情确实不少。但客观来讲老师本身的能力是非常强的，也非常重视课程的准备；老师风趣幽默，上课时旁征博引。不建议希望水过的同学去选，同时给分可能也会和助教相关。但总体只要肯花时间基本的绩点还是拿得到的，老师也不会故意为难人。一个学期结束，绩点还算不错，但对于老师的为人很是钦佩，求实求是，无论如何要给老师点一个赞！
138371,2029,许建平,2021-07-08 22:50:11,3,3,0,敦煌写本有两个老师，许老师的课偏硬核，不能水。但和另一个年轻老师比起来，课上内容更丰富，更完整的知识体系。老师的个人能力是极其强的，给我一种老学究的形象，很耐心的讲解。推荐想学点东西的同学去上，想水的同学可以去上另一个老师的（春秋是许老师，秋冬是窦老师），许老师在考试结束后说，希望大家答题是以写作文的风格去答，而不要分点123那样写，后面的同学可以注意下哈。
138771,2029,许建平,2021-07-10 17:57:00,-1,0,1,比较严厉的老师，绩杀
142065,2029,许建平,2021-11-05 04:33:59,1,1,0,非常非常有文化的老师，作业少论文没有考试没有，幽默风趣
142399,2029,许建平,2021-11-11 03:50:43,-2,3,5,我真无语！签到一次不落，作业按时提交，上课回答问题，最后绩点2.4。。。
142404,2029,许建平,2021-11-11 04:52:40,3,6,3,可以是水课也可以不是，完全取决于个人上课状态。老师很幽默，内容很丰富，认真听会有收获，但是想水也可以做到。作业偏难，期中探讨“六十而耳顺”中“耳顺”释义，期末翻译繁体字文言文。每次到课，没有发言，期中期末作业写的很认真，最后4.5，感谢老师。真的可以选一下这门课，挺不错的。
142414,2029,许建平,2021-11-11 06:41:45,1,1,0,老师水平很高，上课可以水也可以卷，认真完成作业，上课积极思考回答问题，分不会低，偶尔签到
142461,2029,许建平,2021-11-12 00:36:26,-2,1,3,老师讲的蛮有趣的，上课听也很有意思，也可以水。作业量不大，只是不给调分最后，88不给89，也算是绩杀了吧
142496,2029,许建平,2021-11-12 09:03:08,0,0,0,7，确实打不上去了，老师人很好，很亲切，就是课程有些无聊，干货有的，就是要感兴趣，事少给分还可
142510,2029,许建平,2021-11-12 11:13:11,-1,1,2,老师水平非常高，上课听不听都可以，不过我都是当故事听得，特别涨知识，好好完成作业就好，我上课还没回答几次问题，4.5飘过。
142560,2029,许建平,2021-11-13 08:58:57,-2,1,3,中国古代典籍文化，老师口音很可爱，风趣幽默，事少，期中就一幅对联，期末解释25个名与字的关系。我上课没回答过问题，经常因为太水而愧疚，但是作业认认真真做了，最后给了91，绩点4.5，感谢老师！
142710,2029,许建平,2021-11-15 11:12:41,0,0,0,好好好
142758,2029,许建平,2021-11-16 03:13:00,0,1,1,老师上课很好，也有干货。点了几次名，上课很轻松，没有讨论，有期中一次作业（写对联）期末没有论文，是给题自己课下做题式的。全程很轻松，但是真的大绩杀！成绩一出瞬间对啥评奖评优都不抱希望了…
143736,2029,许建平,2021-12-03 10:11:26,-1,0,1,老师真的人很好，而且讲的内容不仅仅是一些枯燥的知识，还能从甲骨文给你讲述这个文字是怎么演变而来的以及为什么。一开始说的期末布置论文结果给了一个文言文翻译(当然是网上找不到的)，总之我很惭愧我把他的课水过去了对不起许老师
144190,2029,许建平,2021-12-20 07:53:52,0,1,1,还挺负责的，作业也不多，会提前跟我们说好，学识渊博娓娓道来，给分我个人觉得还可以，毕竟我上课比较水。
145579,2029,许建平,2021-12-30 10:13:34,-2,2,4,中国古代典籍文化特别好(✪▽✪)我因为水平差，上课就回答过一次，但每次课都有认真听，做笔记，然后期中一副对联，期末一次小作业，最后4.8呀，老师真的知识很渊博，讲课很有趣，三节课从来不想水手机。
147113,2029,许建平,2022-01-08 17:41:57,4,5,1,古代典籍文化慎选~绩杀+1~
147645,2029,许建平,2022-01-10 10:55:07,1,1,0,老师上课很有趣的，有一点口音，但是听起来还是很亲切的。事少。
148228,2029,许建平,2022-01-12 02:07:58,4,4,0,给分有点小插曲
149634,2029,许建平,2022-01-16 08:44:16,-1,1,2,老师还行，给分不错。
150756,2029,许建平,2022-02-17 12:25:03,2,4,2,上的大学语文，老师除了普通话不太标准之外，其他都很好。知识非常广博的一位老师，认真听能学到很多，而且去提问他也超和蔼超耐心，会跟你讲好多相关的知识。写论文着实挺痛苦，但作业很少，最后满绩。
150950,2029,许建平,2022-02-21 10:21:54,1,1,0,大学语文，感觉上课回答几个问题，做作业，分不会低，也不用上课太认真，老师讲的也很有趣
151844,2029,许建平,2022-03-17 08:20:59,-1,0,1,老师好有趣啊，而且也真的学到的知识。而且看得出来对自己的课程很用心
153366,2029,许建平,2022-04-28 14:07:23,0,2,2,在许老师的课上能学到很多平时听过但并不了解的知识，老师教学调理很清晰，口音可爱，知识渊博，认真听课认真做作业就会很有收获，谢谢老师！
153583,2029,许建平,2022-05-05 07:12:55,-3,5,8,垃圾老师
154927,2029,许建平,2022-06-07 02:41:12,-2,1,3,其实挺好的
154948,2029,许建平,2022-06-07 04:04:39,3,5,2,中国古代典籍文化，强烈推荐，每节课都会收获满满，上课氛围特别好，学生很活跃（感觉都是大佬，哈哈）。我就发过一次言（实在其它的不知道诶），然后老老实实两次作业（不用卷，也卷不了），没有论文，没有考试，最后4.8诶！
154970,2029,许建平,2022-06-07 07:16:04,2,3,1,对于理工科的人来说，很不友好，绩点太拉胯了！
155113,2029,许建平,2022-06-08 11:15:31,11,17,6,敦煌写本的世界 每周都要展示 两篇论文大作业 别选快逃！！！！千万别选！选了的都是傻蛋
157350,2029,许建平,2022-06-23 04:30:20,2,3,1,【敦煌课】点名少，但点会在课堂讲；讨论课和作文要看助教善良与否【强推Q学姐】。
157697,2029,许建平,2022-06-24 11:19:46,4,6,2,千万别选，要选去选另一个老师的敦煌，别选他的，避大雷！事多且低分
157852,2029,许建平,2022-06-25 06:08:30,-1,1,2,老师很有涵养，很幽默，可以学到很多系统性的知识
165881,2029,许建平,2023-01-10 08:10:24,-2,1,3,大学语文事少分高，老师上课可水可听，也挺有趣的！
166191,2029,许建平,2023-01-11 11:31:48,0,3,3,许老师真的有一种老先生的温文尔雅，非常随和，而且知识渊博，有一种文人气息，大学语文很适合作为通识，难度也不大，作业少给分也很好，我认真写了最后的翻译，拿满了。
166597,2029,许建平,2023-01-13 03:13:31,-4,3,7,呃呃呃平时也发言，期中期末作业都是认真完成，自己查资料看说文解字最后4.2，我的意思是不会给分就算了吧😅😅😅这学期回报最小最小的一门课
167639,2029,许建平,2023-01-18 02:49:34,0,8,8,乱给分，傻鸟一个
169176,2029,许建平,2023-02-24 13:50:59,4,6,2,中国古代典籍文化，虽然老师讲课很好，但是一个通识给分过于求是了，期中要求写一篇评论文章，认认真真写了（要求300我写了700多，而且也表达了自己的思考），84分，期末要写出人物名与字的关系，还有找出图片的错误，题目很有意思，但是一点也不调分，改的很严，错一点就扣分，66分最后总评72，绩点2•7，我专业课都没这么低，所以狠狠踩雷，选通识真没必要选这个，讲课好的不只他一个，而给分好的还有很多。
175144,2029,许建平,2023-06-22 01:52:32,2,2,0,大学语文，不是人文的，以为会是文学鉴赏，没想到是古文分析呜呜，喜提通识最低绩点
176461,2029,许建平,2023-06-29 03:31:36,3,7,4,大学语文 \n\n本人工科生，上课回答两次，期中期末认真做作业4.8\n\n老师人很好，很有气质，上课讲的也很细，虽然有一些口音但是给教学更加特色\n\n我个人还是蛮喜欢这门课的
176711,2029,许建平,2023-06-29 23:52:48,0,2,2,大学语文\n\n本人自认为文学素养很不错 期中作业好好写了，期末文言文也写得尚可，课堂多次发言，可是其他通识课都是4.5+偏偏这门87，觉得老师给分可能有点主观吧 但是备课和授课还是很认真的 总之对绩点要求高的孩子慎选
176843,2029,许建平,2023-06-30 10:56:14,0,1,1,老师虽然有点口音，但老师讲课有趣，对很多问题都能深入浅出的讲解，给分也很宽松。
177984,2029,许建平,2023-07-06 02:57:36,6,8,2,敦煌写本\n\n狠狠避雷，如果是看重绩点千万不要选，每周都要pre，讨论课要花很多时间准备（是这学期花费时间最多的一门课）也有积极发言，从来没请假上课有听，考前认真复习准备了很多资料也都用上了，结果喜提大学最低绩点，付出和收获不对等。对敦煌写本学有兴趣的同学可以来旁听，但选之前一定要慎重。
178362,2029,许建平,2023-07-11 02:04:44,5,5,0,给分很不好，平时也认真作业发言，期末资料都准备到了
187103,2029,许建平,2024-01-14 12:59:16,-2,0,2,中国古代典籍文化，可水可听，老师讲得好，事少（论文3000加一份期末卷），不过要做得好一定要听课。\n\n他好像还要求至少发言一次，但我一次都没。论文3000加一份期末卷我认真写了，最后4.2。\n\n唯一缺陷是班上大佬太多了，没基础绩点高不了。
191721,2029,许建平,2024-04-29 03:55:56,9,9,0,给分低，看这平均分也许我不配，没点内卷的觉悟就不要选了
191723,2029,许建平,2024-04-29 04:20:31,0,1,1,大绩杀
198783,2029,许建平,2024-09-11 15:28:01,-2,5,7,我真是服了，给许老师低分的人是怎么想的？这样一个博学多才，文献典籍信口拈来，讲课有意思不枯燥的老师，就应该10分，10分我都嫌少，老师有口音，但是可以听懂，不影响观感，而且老师课堂氛围很好，也很鼓励同学们发言的，至于绩点低的，你自己没点数吗？是老师的问题？许老师在第一节课开始就说明白了，如果你不听老师的课，你是很难有好成绩的，许老师课上的内容很新颖，考试题目大多也是你找不到的，如果认真听课，真的不会绩杀，认真听真的真的会有很多收获的
198848,2029,许建平,2024-09-12 06:50:43,0,1,1,绩杀，大绩杀
200204,2029,许建平,2024-10-15 01:46:26,3,4,1,敦煌写本的世界，每周都要pre、两篇论文，事情居多，根据讨论课质疑其他组加分，绩点暴低
201168,2029,许建平,2024-10-29 13:31:44,0,0,0,老师真的很好，课上的很认真
201240,2029,许建平,2024-11-11 10:19:18,4,5,1,绩杀，千万别选他的课中国古代典籍文化，真不理解什么精神状况下打的分
202258,2029,许建平,2024-11-11 04:52:38,3,4,1,讲课挺好，就是绩杀。。。
202402,2029,许建平,2024-11-12 11:15:21,9,12,3,建议别选这种no horse老师的课，打分看你专业，文科生就给高，工科生就算全勤加作业全交也会给你1.5绩点，搞歧视的逆天玩意。当然偏爱文科生可能跟老师个人的‘喜好’与取向有关，可能也是因为自拍就是全家福的孤独感导致需要文科生的偏爱。搁着教你的文字狱课程吧
202618,2029,许建平,2024-11-13 15:38:25,-7,2,9,中国古代典籍文化\n\n老师真的超好，只有一个期中作业和期末作业，期中研究名与姓，期末是测试，课下做完交纸质版，题基本都是上课讲过的，可以翻智云课堂，上课回答过一次问题，最后4.8\n\n（本人纯工科，高中纯理科，没选过历史，专业歧视绝对不存在）
202968,2029,许建平,2024-11-15 13:21:02,5,5,0,服了 认真写作业只请假一次发一次言期末测试花两天半写绩点2.1。这是真实存在的吗
203031,2029,许建平,2024-11-16 04:02:22,3,3,0,积沙哥
204640,2029,许建平,2024-11-27 07:16:51,1,1,0,大绩杀
205772,2029,许建平,2024-12-12 03:19:19,2,3,1,老师本人很有水平，中国古代典籍文化课很有意思，值得认真听。但是大绩杀！！！我的期中作文受表扬、上课次次到、期末作业认真做，绩点2.7？？？
210723,2029,许建平,2025-01-10 01:20:06,5,6,1,事情最多的一门学科，每周做小组汇报，还有期中论文，花费了最多的心思拿了一个2.7的sm绩点，小组内摆烂装死的平时分都比自己高，真的很伤人
210778,2029,许建平,2025-01-10 02:43:37,-2,2,4,老师水平很高，敦煌期末考的五道题都是上课讲的，即使上课不听课你自己看看ppt或者了解一些中国古代历史地理能轻松就能谈很多，本人是工科生
210824,2029,许建平,2025-01-10 04:38:37,3,3,0,上课人多就不点名人少会点名，以及临近期末为了硬凑点名次数会点几次名，上课讲得还行只能说，问问题也是会回答的。但是选敦煌写本的同学注意了，这门课不是讲敦煌，讲的是从敦煌挖出来的那些写卷，只能说没有什么意思，而且一个学期每周都要进行讨论课需要做pre，一个小组估计要进行10次pre左右，事还是挺多的，除此之外，上课举手可以加平时分。并且期末考试是大题论述题，题目来源于上课的一些内容，但是也不是直接从PPT中来的内容，比较侧重分析问题的能力，课程一共有8个专题，每个专题的PPT内容在100页左右，建议上课听听讲，做一下笔记，不然期末考试就只能带着800多张PPT上考场了，PPT中的理论是很重要的，但是就算你平常上课听了讲把笔记带去考试，讨论课不听也是拿不到高分的，因为部分问题来自于研讨课，所以每周研讨课和总结是要听一听的，最起码留个印象知道该怎么分析，另外期末考是不会捞人的，卡绩是会有的，不会多给你一分让你绩点上一个档，对于绩点比较看重的不建议选这门课，不喜欢事多的也不建议选这门课，反正本人是被卡在88，这还是在本人上课都认真听了做了笔记研讨课也认真参加的基础之上，乌鱼子
210848,2029,许建平,2025-01-10 05:31:24,3,3,0,敦煌写本的世界，老师很博学，上课认真听，最后好好整理，努力真的有回报，本人工科生，最终成绩也不错
210943,2029,许建平,2025-01-10 08:20:58,0,2,2,非很感兴趣的避雷敦煌写本\n\n事非常多 给分很差
211292,2029,许建平,2025-01-11 06:54:04,2,3,1,真的烂
212231,2029,许建平,2025-01-13 13:39:21,1,4,3,敦煌写本的世界——大一最喜欢的一门课！\n\n原因一：学到很多知识，以及看问题的视角\n\n原因二：有很多pre，参与感很强，因为我觉得主动输出的效果和体验感大于被动吸收\n\n原因三：认识了好多朋友，很有个性很酷\n\n但是看到朋友圈有人避雷敦煌写本的世界，主要是因为pre多比较累吧，看个人倾向吧\n\n最后绩点拿了4.8，我上课是边听边做笔记的，讨论课也会稍微听一下（有的同学真的像人机在读ai味的ppt，也有大佬能有脉络的讲的很明白清晰）\n\n期末备考我是自己出了30道题，然后部分自己组织答案，有些靠ai写一下。最后差不多都押中了，到考场直接抄就完事了。
219393,2029,许建平,2025-05-26 09:59:01,1,1,0,绩杀，快跑
220631,2029,许建平,2025-06-19 03:58:45,1,1,0,快跑 这是绩杀哥
98,2059,计翔翔,2015-03-14 15:51:15,9,14,5,百科全书啊
150,2059,计翔翔,2015-03-14 16:12:11,2,8,6,段子手而已！
169,2059,计翔翔,2015-03-14 16:23:09,-1,4,5,知识渊博，超级和善，而且能记住很多学生的样子，特别好，当然选上也很需要rp
713,2059,计翔翔,2015-03-16 01:51:20,1,1,0,知识渊博，喜欢这种老师
7816,2059,计翔翔,2015-09-15 13:56:07,-1,1,2,棒棒的，扎实的
9357,2059,计翔翔,2015-10-23 08:35:24,0,1,1,很好！
151139,2059,计翔翔,2022-02-23 11:06:57,0,0,0,我爱他的自行车
4641,2115,王德华,2015-06-25 10:34:27,-5,9,14,对学生很好，课外问问题都会很详细很耐心地解答\n\n
15648,2115,王德华,2016-01-16 03:56:11,4,12,8,很好的老师！就是喜欢听朗诵。。蛋疼。\n\n
15723,2115,王德华,2016-01-16 07:50:35,-5,8,13,王老师很耐心负责，知识面宽阔，学问精深，是一位好老师！
24000,2115,王德华,2016-04-25 03:00:47,-1,10,11,非常有人文关怀的老师，对楚辞和赋很有研究。
25569,2115,王德华,2016-05-26 01:55:40,10,18,8,老师水平很高，讲课信息量大，就是作业有点多。
27096,2115,王德华,2016-07-02 19:16:54,-6,3,9,还好吧 太深奥
30645,2115,王德华,2016-07-02 06:26:37,8,12,4,感觉老师有学问是有学问。可是在讨论课形式及作业上思路混乱。16周的讨论课形式至少换了3种，十分繁琐。作业较多
30822,2115,王德华,2016-07-02 14:36:07,18,29,11,讲课很散，声音太小了⋯\n\n把朗诵当作业还要求在课上朗诵⋯感觉对音色不好跟普通话不标准的同学来说太不友好了\n\n以及，讨论课乱成狗，评分体系我到期末了还没搞懂\n\n问问题她永远有办法不正面回答你，不知道是代沟还是什么⋯⋯
32000,2115,王德华,2016-07-05 10:52:35,11,13,2,老师声音小听不见 作业贼多
32145,2115,王德华,2016-07-05 22:05:37,-7,5,12,老师上课认真 知识广博 每一个题都是用了心的 付出有回报
32594,2115,王德华,2016-07-08 03:21:14,-7,4,11,干货挺多，就是平时作业多～
33932,2115,王德华,2016-09-23 02:45:21,-14,11,25,我觉得你们给老师打分打这么低真是很没有水平诶 这个老师讲课很好 水平很高 人文修养也很到位
34297,2115,王德华,2016-09-30 03:22:48,4,8,4,作业繁多，多不要紧但是作业安排的很乱……讲得还好但是略枯燥，强制课堂发言次数但是举手能不能被点全看运气…
75035,2115,王德华,2018-03-07 05:41:38,26,38,12,从声音到ppt到内容，不评论老师水平，但上课体验极差……
75897,2115,王德华,2018-03-21 07:57:50,14,17,3,上了三次课了 感觉好乱 心累
76879,2115,王德华,2018-04-25 07:41:12,9,12,3,助教：“我不欺负大家。”哈哈哈真是疯狂戳笑点。
79294,2115,王德华,2018-05-30 06:38:10,11,12,1,真的，不适合上课的
79474,2115,王德华,2018-06-06 06:17:45,11,14,3,痛苦，因为这个老师对古代文学无感
80111,2115,王德华,2018-06-20 05:49:59,24,25,1,我甚至没有办法听清楚她说好一句话，每次试图好好听课都失败了…不否认学术成果，但是，或许不适合上课吧
82915,2115,王德华,2018-07-09 09:59:09,4,5,1,低于均绩，哭泣
82957,2115,王德华,2018-07-09 11:01:09,8,9,1,真的 不好 讲得不好 事情多 给分不好
82973,2115,王德华,2018-07-09 11:33:18,10,13,3,不到最后一刻你永远不知道各部分的占比。听课体验不太好，老师身体是真的不太好吧，学生也很心塞。后排听不清，看老师这样子也不好说什么，怪谁呢，我也不知道了。唉……
83026,2115,王德华,2018-07-09 13:41:46,-5,5,10,老师讲得很好。
83517,2115,王德华,2018-07-10 13:09:48,7,7,0,觉得助教比老师付出的还多
84220,2115,王德华,2018-07-12 09:11:00,-3,3,6,我觉得不行…作为本学期绩点最低的课，真的学得太痛苦了 ps助教很负责
84413,2115,王德华,2018-07-12 21:44:55,0,12,12,其实，在我们刚刚进入一个专业领域时，可能有趣味的、给分更好的课更让我们喜欢。然而，一旦我们要深入一个领域，才发现那些折磨过自己的、趣味稍欠的精深课程，才是领我们走出迷惘的武器。知识的领授，是主体间性的，既需要良师，也需要有缘人。一个过来人的感受。
88399,2115,王德华,2018-10-30 06:49:03,3,6,3,痛苦与煎熬
91961,2115,王德华,2018-12-25 06:26:10,3,6,3,愤怒 从头到尾的痛苦煎熬
92447,2115,王德华,2018-12-29 03:53:27,11,13,2,明明是一门很好的课，也抱有很大期待，但是为什么被老师上成这样？？如果老师愿意给ppt，或许还能集中精力仔细听听她到底在说什么。就因为她不给ppt，只能两三节课不停举手拍照，根本无瑕听清她在说什么（或许认真听也听不见）。总之，上课体验极差极差，每一节课都是煎熬，要学东西的话，就自己好好照ppt吧，或许还能从杂乱无章的ppt里学到一点知识。（也许老师学术真的很厉害，开小班教学或许好一点，大课真是让人分分钟去世）
94097,2115,王德华,2019-01-15 07:36:02,2,6,4,只适合研究不适合教书……真的别出来讲课了……别为难自己也别为难我们……
95640,2115,王德华,2019-01-19 17:15:20,1,5,4,我永远爱德华女神( • ̀ω•́ )✧
97457,2115,王德华,2019-01-22 09:08:09,8,8,0,王老师很优雅很温柔，但是由于身体确实不是很好，声音很小上课大部分的内容都不怎么能听清楚。不过从王老师身上我也学到了很多。明天考试加油呀！
97635,2115,王德华,2019-01-22 12:26:27,2,4,2,我永远爱德华老师～o(*////▽////*)q
101087,2115,王德华,2019-01-27 12:35:23,1,1,0,.....
101157,2115,王德华,2019-01-27 23:30:52,4,4,0,老师身体不太好 讲话有些听不清 但专业素养挺高的 出的题也不为难大家（我爱助教姐姐！太负责了 给分也好
102015,2115,王德华,2019-01-30 04:00:59,2,2,0,上课体验真的极差，就是狂拍PPT，而且老师声音很小，听不清。破事挺多，但期末好好准备考试，给分不错的
102100,2115,王德华,2019-06-01 15:38:54,7,8,1,【文学史1】老师讲话声音永远缥缈在云端，我这种常年坐在自闭角落的人真的啥也听不见。总是看见有人在朵朵上求考题，那我就在这放一下今年考题好啦:三道论述题，一道经学解诗，一道汉赋，一道左思的咏史八首。文献该看还是得看，不然你是答不出来子虚上林赋的主要内容和咏史八首分别咏了哪些史这种问题的(微笑)
119370,2115,王德华,2019-11-12 10:41:29,1,4,3,看评论似乎大家都说老师声音小事情多又不给ppt，但我感觉这学期老师改进了很多诶，用话筒声音也不小，课后也会发ppt了，作业量似乎也还好，老师人很温柔很有学问，来给老师点个赞哈
119422,2115,王德华,2019-11-13 00:03:51,0,1,1,课程冗长\n\n讲话没劲，就是念ppt
148543,2115,王德华,2022-01-13 00:43:16,0,1,1,不怎样
148645,2115,王德华,2022-01-13 05:55:23,3,4,1,中国文学名家名作，老师自己也说了因为身体原因课堂效果不是很好，平时五次作业+期末一篇5000字论文，虽然完成作业过程有点痛苦但是只要认真写给分还是可以的～
162524,2115,王德华,2023-01-18 11:47:37,0,3,3,鼓励鹅颈，给分有点不好
164028,2115,王德华,2022-12-17 10:38:15,2,3,1,上课不点名，然后作业可能有点多，但是也不限制字数，并且也很体谅学生，感觉还是很不错的，就是声音有点小，并且有点催眠，但其实认真听的话会发现她其实讲的很好，感觉老师真的很有学问！希望期末给个好成绩！！
164740,2115,王德华,2022-12-24 14:54:44,5,5,0,不知道给分怎么样 但是没有一节课我听清她说什么了 如果真的身体不适合授课的话也没有必要硬撑着给大家上 而且作业要求也不清晰 鼓励内卷
165603,2115,王德华,2023-01-09 03:12:58,0,1,1,上课真听不清，全靠抢前排 \n\n鼓励内卷 但我什么都没弄期末论文刚过要求绩点也还行 不是很懂给分标准
165629,2115,王德华,2023-01-09 05:10:55,0,1,1,老师很棒
165639,2115,王德华,2023-01-09 05:46:44,0,1,1,平时事少，期末会有一点点鼓励内卷，给分好\n\n老师还是有学问的，但感觉身体不太好了，上课真的有点吐字不清。
165925,2115,王德华,2023-01-10 11:39:07,0,2,2,（名家名作）老师声音很轻，很想听清但很难听清，倒是网课效果不错，陶渊明讲得特别好。并不是很关心学生，很多环节不太合理。比如平时一次自愿展示我认真准备了却完全没机会发言。期末论文还是很重要的，主要靠论文拿到了不错的绩点。
167167,2115,王德华,2023-01-15 04:36:01,0,2,2,老师身体原因声音确实小、想听好得抢前排。但是老师讲课内容确实好给分也🉑️！很喜欢老师的中国文学名家名作！
167194,2115,王德华,2023-01-15 05:10:56,0,2,2,很渊博很有才华的老师，但身体不好，上课比较气若游丝。（之前看到查老师上的评价我还在想声音能有多小，第一节课上完就崩溃了，确实听不清楚）期末论文很在意学术规范和论文观点严谨性，比较求是的老师。
167265,2115,王德华,2023-01-15 09:42:23,0,1,1,只要完成作业，即使没有发言，老师给分也很好。虽然老师上课说话声音有点小，但是如果你有别的要紧的事影响也小。
169712,2115,王德华,2023-02-27 13:02:30,0,0,0,上课不点名，然后就是声音有点小，其实如果能听清的话老师的课应该是很有吸引力的，给分也还不错~
186243,2115,王德华,2024-01-10 04:37:48,3,4,1,给分不好。上课坐前排也听不清，给分很迷。莫名其妙的给分。。。。
186288,2115,王德华,2024-01-10 10:53:37,5,6,1,卡绩了
186322,2115,王德华,2024-01-10 13:38:00,1,2,1,老师人很好，就是可能身体不太好讲课声音太轻了，坐在教室里真的听不清，但是听智云的话还是可以听清的。
190205,2115,王德华,2024-02-25 11:02:16,1,2,1,我是大三来补上这门课的，感觉老师的知识很渊博，讲得也很好，不过需要坐在比较靠前的位置才能听清。老师给大一同学讲授的内容时常让我为自己已经大三还有相当的知识缺漏而羞愧，我感觉认真听过这门课对大二学古代文学史1应该很有帮助。\n\n不过对大一的同学来说，我感觉老师的考核方式有一点严格了，5000字论文对大一学弟学妹来说应该还是多的，很多同学也都不一定认得繁体字，这是直到学古代汉语才有的硬性要求
190856,2115,王德华,2024-03-21 16:14:39,3,4,1,老师上课很认真，对我课后的一些疑问也会很耐心地解答，非常温柔！但是她的嗓子好像受过伤，所以上课声音特别小，坐在后面的同学可能会听不清QAQ
191990,2115,王德华,2024-05-07 03:17:31,1,1,0,知识渊博，很有耐心，鼓励新想法
198691,2115,王德华,2024-09-11 02:02:26,5,5,0,你在说什么
199131,2115,王德华,2024-09-18 04:00:52,7,7,0,大一新生。第一次在浙大碰到拖堂的老師
199132,2115,王德华,2024-09-18 04:04:15,3,3,0,拖堂30min谢谢哈
199135,2115,王德华,2024-09-18 04:22:20,3,3,0,拖堂三十分钟
209447,2115,王德华,2025-01-06 03:19:51,-1,0,1,总的来说，我很喜欢老师。老师身体不好，声音比较小建议坐在前排。关于课前，老师会放一些歌或者朗诵(吟诵)都与课程有关。关于PPT，我觉得，内容清楚，逻辑清晰，也有很多留白让我们思考。关于作业基本是一个主题一次作业，我觉得也还好(这个学期老师布置了四个作业，时间一般至少有一周时间完成)。关于提问，老师是鼓励发言的。关于展示，你有兴趣可以把你做的作业做PPT展示。老师是一个很有学术气质的好老师，很温柔，也很有自己的见解。(这次的名家名作课程是两个老师上的)
210237,2115,王德华,2025-01-08 13:42:06,6,6,0,请问今年绩点构成的标准素。。？
210371,2115,王德华,2025-01-09 04:11:10,-2,1,3,老师身体不是特别好，上课可能坐第一排听的也有些费劲，但是老师上课内容是很好的啊，而且发的钉钉也会回（虽然可能会隔一天？）\n\n今年绩点的确挺低，但询问老师成绩构成也会很仔细点出作业存在的问题，很大程度上就是我自己的问题……
210439,2115,王德华,2025-01-09 07:16:57,3,3,0,直接说了不能理解 每次作业都认真做了 后面两次作业也基本上一个作业2000字左右 论文也认真写了 最后美美卡绩 平时讲课听不见 后面换了年轻老师上课体验感好很多  没有公布评分细则 并且给成绩不知道用了什么标准？为什么你说对xx评价有失偏颇就一定是正确的呢？这门课本来就是给学生文化素养铺垫的吧？有其他思维角度就叫有失偏颇？给分标准完全一言堂很难评🤣
210903,2115,王德华,2025-01-10 06:21:20,3,3,0,作业都交，自认为比较认真，字数也多，也认真排版绩点低的离谱。
212238,2115,王德华,2025-01-13 13:48:47,2,2,0,很难评的老师，我对老师的身体问题表示极其同情和理解，但是在嗓子的问题已经严重到如此地步的情况下，真的还适合开课教学吗？毫不夸张地说，仅仅是去上课都已经成了一种折磨，这是我第一次觉得翘课对我们两个都好。\n\n顺便一提文学院的同学也许可以考虑大二再学这门课，大一把通识什么的修修掉，大二有了一定的文学素养储备后再应付这门课的作业也许会得到更高的绩点。不过这也意味着这门课的“文学启蒙”意义再打折扣，诸君慎重。
219948,2115,王德华,2025-06-12 03:47:52,1,1,0,谁选谁有福卡绩送走\n\n自己生病了后面几节课全没来\n\n结果课堂表现直接打零分\n\n自己不说清楚作业要求\n\n后面嘲讽学生课下作业做的都很烂\n\n谁选上就有福了
588,2150,王彦君,2015-03-15 06:10:16,-74,28,102,老师人非常棒，很认真严谨。虽然上课风格有点拘谨～给我分不高，但还是觉得是一个好老师
3442,2150,王彦君,2015-06-14 10:46:57,170,241,71,上过课就知道了。。。呵呵呵呵呵
18533,2150,王彦君,2018-12-28 13:01:57,86,103,17,通识课真心慎选
20318,2150,王彦君,2016-01-27 03:59:19,-21,17,38,通识课给分真的不怎么高，但是老师学期开始预告过，所以自己选的课，含着泪也要上完。老师上课真心不错
21930,2150,王彦君,2016-03-02 00:20:50,10,18,8,呵呵和
22632,2150,王彦君,2016-03-09 02:47:09,27,33,6,节节课点名 上课真心无聊
22665,2150,王彦君,2019-08-27 08:36:59,92,111,19,批判性思维基础。毫无营养的课
23353,2150,王彦君,2016-03-26 05:54:20,15,22,7,我就呵呵呵
23635,2150,王彦君,2016-04-11 08:49:07,34,43,9,批判性思维，，，，，最低的一门课，，呵呵了
24217,2150,王彦君,2016-04-28 12:21:43,-21,10,31,其实老师人挺好的，就是规矩比较多而且执行严格
24462,2150,王彦君,2016-04-30 14:35:38,6,16,10,上课挺不错，老师有说相声的潜质。。。给分坑...
24538,2150,王彦君,2016-05-01 08:38:43,53,76,23,对没学过逻辑学的学生来说可能是一门简单而有趣的入门课，但是课堂内容极其空洞 八节课讲的内容不过《逻辑学导论》20几页的内容，把很简单的东西讲得很复杂，看过她上传的参考资料就知道，这门课的内容就是她《逻辑学导论》和《批判性思维基础》两本书拼凑起来的，而作为参考的那本《批判性思维基础》质量之差，学术水平之低也是让人大跌眼睛，把这种书当作参考资料可见老师眼界也一般。如果真的对批判性思维感兴趣，建议自学《逻辑学导论》或者去选逻辑学导论的课程，一定比这门课收获大
24848,2150,王彦君,2016-05-04 04:25:50,33,41,8,简单的说，我从未见过如此不按套路出牌的老师。你永远看不懂她的作业要求。另外，这个课满分永远不到100。
24993,2150,王彦君,2016-05-04 16:33:04,76,116,40,学期初老师建议退课，因为是j没舍得退，然后今天就跪在了这里。老师每次课必点名，讲的内容算是简单问题复杂化，感觉效率一般。老师讲课是认真的，但是感觉标准十分飘忽不定。真的很认真学习这门课，最后还是拿了个很低的分数，很委屈。
25054,2150,王彦君,2016-05-05 04:36:09,47,55,8,刚看到给分，我再去哭一会
25624,2150,王彦君,2017-01-05 04:04:24,9,12,3,。。。
25717,2150,王彦君,2016-06-04 13:58:26,15,19,4,呵呵呵呵呵
31915,2150,王彦君,2016-07-06 04:40:22,20,27,7,每日一分
38517,2150,王彦君,2016-12-07 12:56:28,56,64,8,真的是没话说！一个上批判性思维的课的老师，自己的思维却是僵化的，一个概念翻来覆去的讲，没有思想性，给分还差
38590,2150,王彦君,2016-12-11 00:37:54,7,11,4,没营养，经常数说其他老师的不是
39147,2150,王彦君,2017-01-19 16:26:58,6,10,4,科科
39996,2150,王彦君,2019-04-12 06:51:36,-118,28,146,（我不是托，谨代表个人观点）我认为老师讲得很不错，她思维清晰，逻辑严密，而且能体恤学生，积极鼓励同学们起来回答问题。这门课是一门思维方法的课，要学好并不容易，需要多听多做多说，所以不少人才觉得内容空洞，而且难拿分。另外，课堂的参与、互动很重要，不仅可以多拿分，而且能够活学活用，利于掌握知识
41532,2150,王彦君,2017-01-20 05:07:06,12,13,1,只教如何答题 而不教辩证逻辑的老师
45363,2150,王彦君,2017-01-19 12:47:15,12,15,3,听得很认真，看书也很认真，给分特差，只能呵呵→_→
45369,2150,王彦君,2017-01-19 13:12:42,31,36,5,每节课点名(这也还好)\n\n是我这学期听的最认真的课，还经常举手发言，最后的成绩，呵呵\n\n3.3居然还算是班里靠前的\n\n无语了
45432,2150,王彦君,2017-12-23 13:00:47,48,56,8,就这种水平还申优质教学奖？？毫无深度，私以为无收获，祝好
45459,2150,王彦君,2017-01-19 14:49:01,21,23,2,真心觉得在教八股文，还是开个八股文思维基础吧
45537,2150,王彦君,2017-03-03 16:43:50,7,10,3,呵呵呵呵……这给分也是没话说
45617,2150,王彦君,2017-01-20 01:01:24,13,14,1,无fuck说，要不是j早退了，md感觉自己写得很好啊2.7。。。
45636,2150,王彦君,2017-01-25 11:30:02,3,7,4,呵呵了。。。。
48363,2150,王彦君,2017-03-02 10:35:57,7,8,1,给分简直……
48615,2150,王彦君,2017-04-05 12:20:59,14,22,8,真的上浙大最无聊的课，前几节课几个简单的词查字典翻来覆去的讲。后面讲初中阅读理解的内容，找前提得结果，还觉得无比高深，还要有规范的格式，思路对格式错也扣分，给分也极差，真的无语
48712,2150,王彦君,2017-03-10 02:32:37,8,9,1,差差差
48717,2150,王彦君,2017-03-10 03:19:43,-42,3,45,批判性思维基础值得一听
49210,2150,王彦君,2017-03-29 11:55:44,62,74,12,“在我的课你能拿到85，你就可以直接进哲学系了。”orz
49216,2150,王彦君,2017-03-30 00:41:24,-23,3,26,有趣的体验
49362,2150,王彦君,2017-04-08 03:49:55,7,9,2,……真的……无语了……\n\n
49363,2150,王彦君,2017-04-08 03:42:29,6,8,2,废话真多
49366,2150,王彦君,2017-04-08 03:45:20,11,12,1,必点名
49367,2150,王彦君,2017-04-08 03:45:26,8,9,1,不想说了。。?
49368,2150,王彦君,2017-04-08 03:47:01,6,7,1,呵呵呵呵呵呵
49369,2150,王彦君,2017-04-08 03:55:39,10,13,3,无聊枯燥
49370,2150,王彦君,2017-04-08 03:57:17,5,6,1,666
49819,2150,王彦君,2019-05-09 05:38:43,-41,8,49,先给个10分保平安
50138,2150,王彦君,2017-05-03 23:35:35,-26,6,32,每次作业都查阅资料，考试背完老师都提纲，刷一下逻辑性导论，虽然很占时间，但可以拿到一个不错的分数。
50205,2150,王彦君,2017-05-01 07:48:07,23,28,5,呵呵呵呵呵呵呵\n\n社会我君姐教您做人
50559,2150,王彦君,2017-05-03 12:33:04,-22,3,25,还好啊
50594,2150,王彦君,2017-11-27 10:21:03,11,14,3,呵呵呵呵说是批判性思维其实老师自己思想僵化
50604,2150,王彦君,2017-05-04 00:21:04,-21,7,28,感觉给分其实还可以，不是很能接受老师的思维方式但是仔细想想大概还有点道理的。老师人其实还挺不错的，期末考试会有提示。
50712,2150,王彦君,2017-12-12 13:21:29,-37,1,38,还好啦
50759,2150,王彦君,2017-05-05 02:21:48,9,13,4,哈哈哈哈哈哈给分低预料之中  不过是j我就忍了呵呵  说讲的好的我真心理解不了   或许拍马屁给你的分高？  不过期末考试后确实有个人在那拍的呵呵  各自选择吧哈哈
55793,2150,王彦君,2017-07-02 11:28:52,0,3,3,呵呵呵
56948,2150,王彦君,2017-07-05 04:25:02,8,8,0,怎么会有这么令人无语的老师……
58231,2150,王彦君,2017-08-27 02:23:40,7,11,4,简直是一种地狱式教学方式，考题特变态，书上没有
58232,2150,王彦君,2017-08-27 02:25:59,-4,9,13,差，东北老娘们\n\n
58233,2150,王彦君,2017-08-27 02:26:28,5,14,9,听了她的自然辩证法 感觉这是听过最无聊的一门课，没有之一！！！毫无营养 把一门公共课上到你不想听，真是服了！难以相信这是浙大老师的水平 ……
58236,2150,王彦君,2017-08-27 02:56:25,9,12,3,浙大的讲师是这个水平？！！黑人问号脸？
58237,2150,王彦君,2017-08-27 03:06:55,8,9,1,老师是思维固化的冷漠的段子手，课是一门考学生跟老师合不合拍的一门课！慎！
58238,2150,王彦君,2017-08-27 12:32:02,7,7,0,无言以对
58239,2150,王彦君,2017-08-27 04:56:31,12,14,2,死去活来，翻来覆去的死去活来，不想活了，超级难受。大概有20年没有这样的感受。。。
58624,2150,王彦君,2017-09-10 18:29:48,-27,4,31,由浅入深的文科性老师，不需要太多的理由就可以讲清楚一些事情。
62244,2150,王彦君,2017-11-23 11:37:18,5,5,0,不谈了……
62263,2150,王彦君,2017-11-23 15:34:04,9,11,2,恐怖。惊悚片直播。。。
62553,2150,王彦君,2017-11-26 02:29:03,8,9,1,更年期
62555,2150,王彦君,2017-11-26 02:29:31,4,4,0,迷之微笑
62556,2150,王彦君,2017-11-26 02:29:59,3,7,4,更年期
62561,2150,王彦君,2017-11-26 02:52:06,35,36,1,点名，一定要求记笔记，说话偏激绝对幼稚，如果不是大学，如果上的不是辩证法，如果不是自己最爱思想之锻炼的哲学，我会觉得是一个好老师吧。大学了，还是这种独裁式的洗脑教法那是犯罪
62568,2150,王彦君,2017-12-02 01:50:46,48,53,5,恶心 老师接受不了合理的批评 不能学生反驳她 居然说“原则就是法”， 我呵呵你一脸。简直初中班主任的既视感 什么年代了。而且现在考研改革啦 外人不知道就算了 你一大学老师你还不知道？非全日制 喝在职研究生是不同的好么【微笑脸】自己有偏见 还还怼学生 恍恍惚惚恍恍惚惚 呵呵呵呵呵。大学以来还从未见过'如此'老师【一万个微笑脸】
62910,2150,王彦君,2017-11-27 10:30:50,5,6,1,刚听了第一节课，hhhhhhhh\n\n\n\n反正大四，就这样呗。
63020,2150,王彦君,2017-11-28 02:49:08,5,7,2,美，不是用自己主观意识来囚困别人，而是思维的交流互补！一个思维僵化落后的老师，还以为我们是80后，我去，难道不知道00后都开始读大学了吗。
63369,2150,王彦君,2017-12-02 01:37:51,3,5,2,简直有剧毒！
63370,2150,王彦君,2017-12-03 14:28:03,6,6,0,恶心的体验
63371,2150,王彦君,2017-12-02 01:47:43,6,6,0,呵呵呵
63373,2150,王彦君,2017-12-02 02:13:47,4,5,1,水平确实不行
63374,2150,王彦君,2017-12-02 02:26:57,3,4,1,基础分1分
63375,2150,王彦君,2018-05-21 11:00:56,41,52,11,这个老师，在课堂上人身攻击学生，扬言文科生不配上她的课，引起了公愤，毫无师德可言，本课真是让我等大开眼界
63380,2150,王彦君,2017-12-02 05:15:15,13,15,2,更年期性骚动，就是要强奸你的智商与逻辑，挂科，点名
63396,2150,王彦君,2017-12-02 14:59:24,62,68,6,“老师，这个观点我有不同理解…” \n\n\n\n“我知道了，你坐下。” \n\n\n\n“可是我还没说…” \n\n\n\n“你坐下。”
63418,2150,王彦君,2017-12-03 12:42:03,1,2,1,恶心哦
63421,2150,王彦君,2017-12-03 14:12:37,9,16,7,我人生中遇到最好的老师，上课从不认真，每次必须点名，课程毫无营养，思维是自然流露，以自我为中心地在讲辩证法
63640,2150,王彦君,2017-12-11 08:05:20,19,19,0,上她的课就是疯狂抑制自己吐槽冲动的一个过程...
63679,2150,王彦君,2017-12-12 13:18:13,7,9,2,屎一样的老师屎一样的听课体验，奉劝各位，就算是没得j类课可选也不要选此君的批判性思维，一个毛概老师能把逻辑讲成屎一样的东西让你吃
64165,2150,王彦君,2017-12-21 06:48:15,2,5,3,冬学期上她的课，明明点名喊到了，结果名册上没勾我到，极其无语。每节课必点名，并且点的超快，不管你点没点到，不负责任！课讲的很幼稚。
64595,2150,王彦君,2017-12-25 12:12:30,4,7,3,上了一半课，现在感觉和最高踩的差不多，但我感觉没有大一时逻辑学导论的老师讲的好。如果给分低，等分数出来，我认为我会修改评价的。也期待最高踩这次的成绩。
64649,2150,王彦君,2017-12-26 02:38:09,2,4,2,呵呵呵
65348,2150,王彦君,2018-01-03 07:41:11,-26,5,31,听老师的课，能看清楚一些社会上所谓的文字游戏，不至于之后再被受骗。老师上课认真，也提醒同学们退课看书，算是很负责人的老师了。总体能学到东西
65385,2150,王彦君,2018-01-03 13:28:17,-1,4,5,痛苦，无fuck说╮( •́ω•̀ )╭
65753,2150,王彦君,2018-01-09 03:52:46,3,7,4,特别歧视文科生 哈哈哈 天天讲工程师学院的学生多么多么好 给分一般
66249,2150,王彦君,2018-01-14 06:15:45,11,12,1,这个老师怎么还在教师系统里？上课diss所有文科生，说文科生都是渣渣，理科生她都愿意跪舔。说以后公司里管理层只有理科生能当，因为理科生有逻辑，我看这个老师才是从头到尾没逻辑！
66254,2150,王彦君,2018-01-14 06:42:05,5,6,1,感觉听课是一种身心上的侮辱，尤其对于文科生。我想问老师，我们文科生怎么了？是抢你家钱了还是挖你家祖坟了。
66257,2150,王彦君,2018-01-14 08:26:33,-3,2,5,hdhhdbdndbd
66452,2150,王彦君,2018-01-16 14:39:15,4,5,1,垃圾垃圾
69429,2150,王彦君,2018-01-24 15:54:22,2,4,2,辣鸡\n\n当初因为是J类舍不得退  平时上课也没有什么特别有用的东西  感觉就是咬文嚼字抠字眼   绩点出来是通识最低  mmp
69469,2150,王彦君,2018-01-24 21:38:02,-12,6,18,回答4.5次，练习好好做，成绩最后85\n\n，加一分也好啊！
74439,2150,王彦君,2018-02-24 06:03:33,2,5,3,冲着课名来的，结果发现上课是咬文嚼字，如同培养一种应试技巧。\n\n
74592,2150,王彦君,2018-03-04 10:30:07,-6,2,8,上课很无聊，给分很客观
75110,2150,王彦君,2018-03-28 11:21:09,14,21,7,给她一分是因为不能再低了，浙大怎么会有这种垃圾老师，整堂课的咬文嚼字，全部问题忽略客观背景，（我绝对没站在高地上）能把逻辑讲成这个样子真是她的天赋，每次上课都在抑制自己吐槽的冲动，感觉就是在侮辱自己的耳朵
75268,2150,王彦君,2018-03-08 09:53:05,4,5,1,千万别选
76187,2150,王彦君,2018-03-28 12:55:34,14,16,2,戴着降噪耳机听她课不会被骂，也许这就是她唯一的优点了。
76550,2150,王彦君,2018-04-14 01:20:28,0,4,4,痛苦痛苦
76551,2150,王彦君,2018-04-14 01:49:01,1,2,1,厉害了
76552,2150,王彦君,2018-04-14 03:35:17,1,2,1,呵呵呵
76553,2150,王彦君,2018-09-15 14:59:27,3,6,3,傻逼一个
76560,2150,王彦君,2019-01-20 13:15:55,5,7,2,奇葩中的战斗机
77900,2150,王彦君,2018-05-08 11:20:19,0,2,2,二二二
78447,2150,王彦君,2018-05-12 01:45:59,1,2,1,呵呵呵
78598,2150,王彦君,2018-05-13 15:48:56,-2,1,3,“你的观点很有意思”
79095,2150,王彦君,2018-05-22 16:54:08,2,3,1,呵呵呵
81901,2150,王彦君,2018-07-06 12:52:58,-22,5,27,可能听不懂课是因为不认真听吧。但是听懂之后才发现、用处很大。也许这就是哲学吧、启发心智
87566,2150,王彦君,2018-10-07 03:31:26,5,6,1,上该教师的自然辩证法，其他的就不说了，最受不了的是拖堂，啰啰嗦嗦的，个人认为这类课程是不应该占据学生太多时间的。
87580,2150,王彦君,2018-10-07 14:47:34,-1,2,3,唉，一言难尽啊！3.3居然都能前30%
87728,2150,王彦君,2018-10-11 02:36:40,1,2,1,怎么说呢，没得选认命，有的选别选。上课不管只要不讲话，但是跟小学生教法必点名笔记，还有随堂测，前两次写的很烂最后一次咸鱼翻身。题目纯属运气，有些难写的。建议前两次把高分记下来做模板。没什么值得学得但是真的。
87996,2150,王彦君,2018-10-20 03:27:54,7,7,0,居然有这样的老师，呵呵了\n\n
87998,2150,王彦君,2018-10-20 05:27:45,6,10,4,听课是种折磨，张口闭口都歧视法学院，歧视文科生，歧视中国大学生，歧视国人素质，估计谁都去不了她“高贵”的眼。好吧，刻板，1分，不送
88293,2150,王彦君,2018-10-27 06:47:52,1,1,0,歧视.
88546,2150,王彦君,2018-11-01 07:35:23,6,7,1,是个古板的老奇葩，自然辩证法，没有自然，也没有辩证，只有模板的套话
89390,2150,王彦君,2018-11-19 02:30:25,4,7,3,真的很无语这个老师，开始觉得还不错，后面就会发现她真的很歧视，觉得自己不可一世
89535,2150,王彦君,2018-11-19 11:50:35,2,6,4,第一次看见通识课课间十几个人围着老师讨论问题。明明很无聊啊，这些人和我上的是不是一节课啊。\n\n恶竞啊。。。。
91595,2150,王彦君,2018-12-15 02:50:12,3,6,3,千万不要选，老师思维僵硬，误导性太强
91850,2150,王彦君,2018-12-23 02:04:53,4,6,2,靠点名留住学生，ppt做的极烂，上课会说“比较娘的男生”这样的话，有个性可以，但请起码尊重你的学生！
99014,2150,王彦君,2019-01-24 07:00:33,54,70,16,按照这位老师一贯的歧视作风，歧视法学院学生，歧视文科生，歧视中国大学生，我也可以歧视她，一个哈尔滨师范的本硕，博士也不过是中山大学，浙大招老师标准这么低了吗？
100827,2150,王彦君,2019-01-27 01:35:44,0,3,3,不好意思如果能给零分我一定给零分，真的烂
101002,2150,王彦君,2019-01-27 08:55:03,-6,9,15,其实我觉得老师还好吧，给分还行，讲课嘛，批判性思维这门课本身就会具有一定的局限性，你总不能一天到晚把老师给辩论死，那多没面子，反正当做一个好的J类吧，平时又没什么事，多回答几次问题，作业按照要求写就不错了，又不是专业课各位动这么大火干嘛呢。
102595,2150,王彦君,2019-02-12 01:45:57,-4,3,7,一开始挺严的，后来挺好的
103709,2150,王彦君,2019-03-04 11:12:54,3,3,0,当asmr来听。。。
104093,2150,王彦君,2019-03-12 02:17:27,2,3,1,谁上谁知道
104294,2150,王彦君,2019-03-17 02:06:19,0,2,2,痛苦的没有办法
104295,2150,王彦君,2019-03-17 02:10:47,2,3,1,口口声声为你好，其实心里满满的歧视
104296,2150,王彦君,2019-03-17 02:12:33,3,5,2,事儿妈，一口一个这是哲学课，不好意思，真心没听出来。除了人身攻击，点名，歧视，啰嗦，没啥了
104297,2150,王彦君,2019-03-17 02:12:52,6,6,0,差评。。。
104298,2150,王彦君,2019-03-17 02:18:02,0,3,3,整个班级被老师疯狂diss，心情难受的。她就不能认真点
104299,2150,王彦君,2019-03-17 06:19:40,-3,3,6,其实还阔以 每个人的方法不一样 仁者见仁 智者见智
104300,2150,王彦君,2019-03-17 03:24:08,-5,2,7,作为辩论队的入门课程挺不错
104301,2150,王彦君,2019-03-17 07:42:47,4,6,2,楼下怕是今天被夸的那位吧，简直刷新了我的三观，一副咄咄逼人的气势，完全不给台下人面子，张口闭口就是你和我说的不是一个东西，这样的学生还会说会大有作为，简直就是一杠精。
104629,2150,王彦君,2019-03-25 11:39:05,-1,1,2,。。。。。。。
105510,2150,王彦君,2019-04-16 01:50:15,6,7,1,逻辑一塌糊涂，总有她的一套歪理邪说，上课内容和考试内容没有关系还喜欢贬低我浙之外的学生
107373,2150,王彦君,2019-07-14 06:27:06,1,3,2,好好听其实很简单，两次作业很重要！！
107374,2150,王彦君,2019-05-04 12:53:12,-1,0,1,"有时候觉得有点道理...有时候又觉得很烦人 但我觉得还是太流于形式了 甚至觉得自己srtp的导师教给我的""批判性思维""比王老师要更多些 不过 如果不是为了j类课的1.5学分 我也不会来选她的课吧 本来就没报什么期望 总的来说事情算是很少的了 最后成绩也远超我的预期(本来想着最后自己能上三就很不错了) 听老师意思 之后有了慕课之后这门课应该就不再开设了吧 还是为自己选了一门事情少的j类而感到庆幸的(对不起，我只想顺利毕业)"
107551,2150,王彦君,2019-05-06 12:07:30,-10,2,12,umm 莫名其妙拿了个4.2 觉得还可以 老师应该改进了不少 没之前评论那样 但建议还是不要翘课为妙
107682,2150,王彦君,2019-10-02 10:01:09,-28,7,35,彦君拯救我绩点！！！太良心了，彦君最近给分好起来了似乎！
108122,2150,王彦君,2019-05-15 09:25:39,8,8,0,上课语气刻薄酸腐，动不动羞辱学生彰显自己… 不适合做教学工作。
109180,2150,王彦君,2019-06-11 07:45:07,5,5,0,选的情报安全，听课感想:情报？您也配谈这两个字？
111911,2150,王彦君,2019-07-03 02:33:19,3,4,1,这是我上过最不批判性思维的一门课了
113076,2150,王彦君,2019-07-05 22:47:07,-11,4,15,是个好老师，很关心学生。给分不错。
115011,2150,王彦君,2019-07-14 04:45:41,1,3,2,垃圾，真的垃圾
115012,2150,王彦君,2019-07-14 05:32:12,3,4,1,您最牛 了不起
115013,2150,王彦君,2019-07-14 05:33:19,-4,0,4,十分开心?
116635,2150,王彦君,2019-09-12 06:08:31,4,5,1,夏天上课不让拉窗帘，还要闭卷考试的憨比
116952,2150,王彦君,2019-09-17 14:12:09,3,5,2,毫无浙大体验
117832,2150,王彦君,2019-10-04 04:55:29,5,6,1,可惜不能给零分，作业布置糊里糊涂，上课说的云里雾里
117855,2150,王彦君,2019-10-06 06:25:20,2,4,2,垃圾中的垃圾
117892,2150,王彦君,2019-10-08 02:36:53,1,3,2,听三节课，不如自己看书二十分钟学得快。
118581,2150,王彦君,2019-10-29 00:56:33,-1,2,3,只能接受她自己的观点，如果与她观点不同就是低分，思维极其僵化
118882,2150,王彦君,2019-11-07 10:23:48,0,3,3,我读浙大4年 第一次领教那么废话连篇没有水准的老师。。。。
119339,2150,王彦君,2019-11-12 06:46:03,0,2,2,《批判性思维基础之教你做杠精》
119398,2150,王彦君,2019-11-12 15:32:25,4,4,0,差劲，毫无逻辑地讲逻辑课。
119743,2150,王彦君,2019-11-15 05:55:48,2,3,1,情报与安全 平时有作业 有点名 会提问 也有干货，老师第一节课一直劝同学退课
121324,2150,王彦君,2019-12-20 03:34:06,3,4,1,为什么没有0分 我真想给她打0分\n\n如果你有能力的话 你怎么不去学工科\n\n
122758,2150,王彦君,2020-03-31 08:36:32,1,3,2,真垃圾！！
122791,2150,王彦君,2020-04-07 08:51:54,2,4,2,思想僵化，上课不是想着学生怎么才能拿到分，而是想着怎么才能找个理由扣学生的分。并且，这学期她透露了点名不是为了给考勤分，而是为了当做分低的同学不服的时候，可以查记录，看是否可以怪罪这个同学没有认真上课的证据。也就是说，你勤勤恳恳签到以为自己有分，对于老师来说只是存个案底，免得你日后不服。
123212,2150,王彦君,2020-05-20 08:08:41,3,4,1,感觉都是废话，价值观受到了冲击
123214,2150,王彦君,2020-05-20 08:49:36,10,13,3,上课一半时间在咬文嚼字，比如跟你讲十分钟technique和technology的区别是啥，一半时间在秀自己的智商下限，今天听她讲到:“现在清华不行了，他们出国的太多，到后面对我国社会没什么贡献，像我浙就不一样，都是留下来的”，清华不行论，歧视留学生，我直呼内行好吧！之前听她咬文嚼字那样我就感觉是个营销号，今天感觉她就是个民粹。\n\n自然辩证法？就这？
124236,2150,王彦君,2020-06-27 17:21:40,-8,5,13,在一个评分只有1开头的老师手上拿到了4.8的绩点，我都惊呆了...进入浙大以来的最高绩点...因为今年疫情没有期末考试，课堂的参与度也比较难给分，所以很多分数都在作业上，那个MOOC靠搜答案基本能刷满，学在浙大的作业和小测因为是在家，也比较容易刷高分，最后总评给了94...为啥不给个95嘞...行吧满足了
124291,2150,王彦君,2020-06-28 18:10:14,-14,3,17,同样是在1.7的老师的通识课上拿了4.8，感觉上课有点枯燥，但是任务不难，MOOC可以查到答案，平时的作业限字800，感觉只要好好完成作业和点名，绩点就不低。
124319,2150,王彦君,2020-06-29 07:14:06,2,4,2,核心内容掌握好，就差不多了
125548,2150,王彦君,2020-09-11 08:27:04,0,3,3,盒盒盒盒
126323,2150,王彦君,2020-09-22 14:25:10,2,2,0,………………
126338,2150,王彦君,2020-09-23 05:35:52,1,4,3,为什么没有零分可以选？
126556,2150,王彦君,2020-09-30 12:25:34,5,5,0,思想僵化
126574,2150,王彦君,2020-10-02 06:37:23,4,4,0,盒盒……
126689,2150,王彦君,2020-10-14 04:19:05,3,4,1,你能作对他的测试？？？
126855,2150,王彦君,2020-10-25 05:26:26,7,7,0,这位老师喜欢简单问题复杂化，复杂问题抽象化，抽象问题玄学化\n\n\n\n我不相信这门课应该是这样的，就在智云课堂上看了龙老师的同样一门课，非常好，才知道真的是个别老师的问题\n\n\n\n厉害了，感觉她以一己之力，拉低了浙大老师了平均分
126879,2150,王彦君,2020-10-26 12:23:03,0,1,1,拖堂。。。
126880,2150,王彦君,2020-10-26 12:32:57,1,3,2,这老师是真的神仙，上课前说两个课时，20:05下课，上课扯闲话，拖堂到20:35还不下课，就搞不懂你直接写三个课时不就好了？上课真就瞎扯，啥也学不到
126987,2150,王彦君,2020-11-01 15:02:28,-5,1,6,奇葩老师挺好的，尊重多元化，也不能唯绩点论，还是要看知识的传授。
127051,2150,王彦君,2020-11-04 10:53:09,5,6,1,老师人呢？？？老师和助教已经一起消失了半个小时了 继续坐等出现。。
127125,2150,王彦君,2020-11-09 10:28:35,2,3,1,惨 wk 惨
127131,2150,王彦君,2020-11-09 12:50:02,6,9,3,自己讲课水平低还去其他专业的课上说别的老师讲课不行，问题是学生都觉得讲得很好，简直是个折磨王，还有没有点师德？
127165,2150,王彦君,2020-11-11 12:17:12,3,4,1,拖堂zz\n\n还理直气壮
127678,2150,王彦君,2020-11-25 16:24:26,6,6,0,讲课没逻辑，屁事还贼多
128139,2150,王彦君,2020-12-08 06:11:26,2,4,2,文科生不配上这个课
128281,2150,王彦君,2020-12-16 06:40:33,4,6,2,烦死了这个老师，点名，上课抽人回答问题答不对还一直追问你 咄咄逼人
128799,2150,王彦君,2020-12-25 11:39:49,6,6,0,课没有教材，讲起来无边无际让人摸不着头脑，考试又没有复习资料，唉选了是真心后悔
129142,2150,王彦君,2020-12-30 11:17:55,10,10,0,批判性思维 给了两分\n\n感觉是体验最差的通识课，上课内容很一般，很多都是形式上的东西很无聊，没啥收获，真的要是想提高自己批判性思维能力，不如好好看看这方面的书，这个课真是没必要上。这学期这课变成3学分，总共五六次小测，小测给分的标准很迷，简答题都是得和她自己的思维一样才能高分，期末闭卷考试，每节课都要点名，上课经常随机叫人起来回答问题。\n\n还给了两分算是感觉这个老师上课挺上心的，（像个中学老师）她自己对这门课应该挺重视挺负责的。而且这门课课下不怎么耽误时间，不用写什么论文，期末虽然闭卷也不怎么用复习（因为复习也不知道复习啥）
129186,2150,王彦君,2020-12-31 03:06:54,4,5,1,给了1分\n\n真的离谱，开学的时候还有6点几分，现在就一分了\n\n真的很麻烦，事情很多，讲课云里雾里，开学第一课放自己mooc，经常线上线下转来转去，还要看南大mooc\n\n本工科生果断汽修
129353,2150,王彦君,2021-01-04 12:22:21,8,8,0,垃圾玩意儿
129400,2150,王彦君,2021-01-05 05:28:13,9,9,0,原来可以重复打分 那再来一次1分
129401,2150,王彦君,2021-01-05 05:29:04,15,17,2,怎么说，我思前想后，觉得傲慢与偏见这五个字是她的绝妙注脚。
129632,2150,王彦君,2021-01-09 10:14:56,3,5,2,浪费时间，降低理智
129730,2150,王彦君,2021-01-11 14:51:07,3,9,6,我的评论、认知和体验仅限于《理解马克思》课程，今天最后一堂课，趁着还不清楚绩点的时候，谈一下我上这门课的感受。课程内容上讲，比较轻松，如果你和我一样高中学理，对马克思理解基本上为零的话，刚开始听课的时候，尤其是第一节课，可能会比较吃力，可能是因为马克思和恩格斯也是继承了许多哲学家的理论吧，而对这些一无所知的话，可能理解上会有些困难。而这门课程的主要阅读内容有马克思恩格斯的几篇文章《关于林木盗窃法的辩论》《黑格尔法哲学批判导言》《1844年经济学哲学手稿》《神圣家族》《哲学的贫困》《资本论》《共产党宣言》，每一篇要阅读的内容说少也不算少，虽然相对晦涩难懂一些（尤其是译文的原因），但是核心的东西老师上课都会提到的，课程有线上的mooc，是自己看的，而老师讲的大致也就是这些内容，如果看一遍mooc，对于理解文章有很大的帮助；如果有些同学基础比较好的话，可能会有和老师不同的见解，会否定老师和这门课（？从批判性思维的课的评论上好像有这样的情况？），虽然我基础不太好，但无论是各种学校学园组织的活动，有关于马克思主义的内容，我并没有发现与这门课冲突的地方。可以说明不用担心学到不正确的内容了吧。\n\n之所以讲比较轻松，除了看mooc能抓到重点（甚至不用自己读原文）之外，作业比较少，有两次线上测试，两次小论文（限额2页A4纸），两次互评，几个线上小讨论（参与就行），最后一堂线下考试，除了线上的讨论和小论文之外，其他的环节都是在课程时间内完成的，那几天是不用到课堂上来的，测试也相对简单（mooc上能找到出处但是题不是原题，而网上答案不好找）。而随着课程的进行，也会觉得文本难度在降低，尤其是《资本论》《共产党宣言》，用了很多节讲这个，要理解的是一些比较浅显的概念，理解了之后就不成问题了。最后的考试比线上测试不知简单了多少（至少不会考《资本论》第一部中译本是谁翻译的这种题）
129779,2150,王彦君,2021-01-12 08:41:19,-7,3,10,（接昨天的评论，没想到最多只能800字）课堂氛围嘛，个人觉得还可以，认真学了总不至于在课上呆不下去吧（只是个人挺喜欢的，本课程并没有遇见评论中所说过的那些极端的恶劣情况）。当然可能是我见识太少，没上过那些体验极好的文科类通识选修课。\n\n若说感觉不是很好的地方，首先是确实有拖堂的现象发生，虽然我感觉没什么，但也许有同学会比较在乎吧，最长的一次20分钟左右，平时也会差不多耽误个5分钟之内？记不太清了。其次的话，如果老师问你问题，是希望你说出来她心里的答案的（好像答的不对会追问你），但提问的时候比较少。\n\n点名的话，有些人觉得不好，我觉得挺合理的，选了这门课总不至于连课堂都不来吧。。。\n\n总之收获还比较多的，对马克思会有基本的了解。个人觉得这门课不应该只有一点几分，我写这篇评论一来纪念一下即将过去的第一个学期，二来希望稍微缓解一下王老师评分下降的速度，如果和我一起上课的同学认为我给分高了的话，就当作我把超出你心理预期的那部分分数给了马克思吧。
129915,2150,王彦君,2021-01-13 13:04:15,4,4,0,别杀了就，点名不说，讲的内容还奇奇怪怪的，搞不懂，然后还每次都拖堂，服了，真别选
130193,2150,王彦君,2021-01-19 01:14:26,-9,3,12,还可以
130254,2150,王彦君,2021-01-20 07:59:57,5,7,2,批判性思维课，每次非要把网上作业留到周末两天开放，线上线下事多分还低，真的别选。在那咬文嚼字毫无帮助，浪费生命
132437,2150,王彦君,2021-02-01 15:15:29,12,14,2,老师的两门课我都上过，《理解马克思》4.8，《批判性思维》还没出分（大哥你倒是出分啊，学校规定课程考核结束后10日内必须录入成绩，你数数这都几天了，我分儿呢大哥？），我觉得老师优点在于，她是认真对待自己的课程的，也想要搞好，但是缺点就是，自身水平确实不足，课程内容也有问题（比如理解马克思只是带读，批判性思维完全就是生活中根本用不到的固定套路），固执于自己的观点，不愿意接纳同学的观点。以后的同学想选课的话，我个人是推荐选她的课的，因为你只要没有脸皮，不顾面子，王彦君让你做什么，你就做什么，你的分数就会非常好。（另外，这个课程的压力非常小，理解没有任何难度）
132580,2150,王彦君,2021-02-02 12:16:35,-3,1,4,233
132966,2150,王彦君,2021-02-05 14:21:50,-2,8,10,窝草我是楼上的楼上，同时修过《理解马克思》和《批判性思维》那位同学，我又来了，批判性思维出分了，居然又是4.8，王彦君现在打分这么高了吗吓死我了，上了两年大学，最高的两个成绩都是王彦君给的。。。（没错我没满绩过，只拿过4.8）
132968,2150,王彦君,2021-02-05 14:33:54,2,4,2,上课不去就可以了，假装自己是线上同学
133008,2150,王彦君,2021-02-06 06:27:50,9,10,1,呵呵，事多，拖堂，拉绩点。这一学期的确在认真上这门ppx思违课，但真的什么也没学到。谢谢您，王老师。
133018,2150,王彦君,2021-02-06 09:12:04,7,8,1,批判性思维1分都嫌多\n\n简单问题复杂化\n\n课程没有思维含量\n\n课本大白话\n\n认真学了一学期\n\n绩点低到吓人
133036,2150,王彦君,2021-02-06 23:31:05,3,5,2,理解马克思，我考前认真复习，作业认真写，但绩点真心没达到预期。课比较水，但慎选
133037,2150,王彦君,2021-02-07 00:56:14,-1,3,4,最近给分似乎变好了。。。
133098,2150,王彦君,2021-02-08 05:33:54,7,7,0,垃圾。
133103,2150,王彦君,2021-02-08 08:04:34,4,6,2,批判性思维基础课基本节节点名，未到扣分严重，大概率会直接下4吧。主观题根据老师自己出的书里提供的格式规规矩矩地写就好了。刷了一遍评分，同意最近老师给分有提高的观点。
133926,2150,王彦君,2021-03-09 17:24:10,4,5,1,啰嗦至极
134162,2150,王彦君,2021-03-17 10:49:23,2,4,2,....................
134393,2150,王彦君,2021-03-26 06:42:26,5,5,0,绝了
134395,2150,王彦君,2021-03-26 07:00:21,20,22,2,哇吼，王老师，这课上得真的是惊为天人，批判，就硬批判。我觉得王老师上课好，不对不对，应该是：我认为王老师上课好，我们上了王老师这么优秀的课，我感觉醍醐灌顶，哦不，是提壶灌顶（可惜是夜壶），我觉得王老师是副教授真的是屈才了，这么优秀的人民教师，应该荣升为讲师啊！呵，这腐败的教育体制啊，居然不把王老师升职为讲师，我第一个不服！对了，我说的当然是精神卫生所里的讲师。我在王老师的课上体会到了快五年没有感受到的感觉，上课起立阅读材料，啊，真的让我追忆似水年华啊，那种像是洗澡的时候你把自己头发烧着了，这时一只摇滚乐队穿着小丑服饰夺门而进，然后倒立着帮你把头上的火浇灭时候的心情。亲爱的朋友，我只能说，如果你选了，我只能说保重了，放平心态，不要太激进；如果你没选，我只能说，干得漂亮！
134669,2150,王彦君,2021-04-20 00:20:07,6,7,1,萨x老师
134683,2150,王彦君,2021-04-09 05:20:18,3,7,4,作业时间给的贼短，上课屁事又多，要不是没得选，谁要去她的课
135605,2150,王彦君,2021-05-17 01:08:10,1,3,2,王彦君我dio你老某。
135614,2150,王彦君,2021-05-17 03:32:17,-1,1,2,果断退课
135807,2150,王彦君,2021-05-26 18:12:32,6,7,1,非常固执，和她观点不一致有低分风险。有时两个词的词义辨析能讲很久，很想直接拎包走人......
135932,2150,王彦君,2021-06-03 16:39:00,3,4,1,教师也有优劣之分
135953,2150,王彦君,2021-06-04 13:50:33,11,11,0,这种老师是我从大学以来碰到过最傻逼的老师，没有之一。整个就是个脑残，上课是为了教授知识，不是为了为难学生的。封建遗留下来的蛀虫
136003,2150,王彦君,2021-06-09 03:56:09,13,15,2,我日你大坝
136038,2150,王彦君,2021-06-10 05:25:29,22,28,6,某种意义上来讲，wjy还挺负责的。。。。\n\n她是真的希望把自己知道的“知识”传授给你，性格上虽然有缺陷但没有那么严重\n\n最大的问题是她知道的都是错的
136156,2150,王彦君,2021-06-11 11:59:35,0,2,2,上大学汽修的第一门课
136695,2150,王彦君,2021-06-23 06:34:25,1,1,0,再见。。
136715,2150,王彦君,2021-06-23 10:02:50,-16,5,21,老师讲的非常好
136933,2150,王彦君,2021-06-28 10:37:10,-1,1,2,我61分。。
137809,2150,王彦君,2021-07-06 08:23:11,6,6,0,讲课不知所云，思维混乱 大学课程上的像是中学习题课 上了她的课什么都不会学到 期末考试 分给的贼低 不知道这种lj是怎么进浙大教书的
138241,2150,王彦君,2021-07-08 06:20:23,8,8,0,进来以后看到1.5分我就放心了
139167,2150,王彦君,2021-07-13 05:43:52,4,7,3,第一次给查老师写评价，烂翻了
139169,2150,王彦君,2021-07-13 06:12:58,32,40,8,王彦君就是一傻逼😅上课什么逼样就不说了😅布置作业什么逼样我也不说了😅考试发了卷子之后逼逼一会😅考试中途整个教室溜达，一边迈着自己的逼脚溜达还一边从她的逼嘴里蹦出几句逼话，顺便弯下自己的逼腰低下自己的逼脑袋看看同学答的试卷😅日捏妈的逼😅
139320,2150,王彦君,2021-07-14 10:00:40,2,6,4,还活着呢？
140013,2150,王彦君,2021-08-23 08:42:27,10,13,3,yysy，如果你不听课的话，《批判性思维》是一门很好的通识课，很水，给分也高
140131,2150,王彦君,2021-08-27 14:21:15,1,4,3,水平实在太差了
140691,2150,王彦君,2021-09-15 06:29:15,0,2,2,初中班主任罢了
141265,2150,王彦君,2021-09-28 01:30:49,1,2,1,垃圾老师，给分巨低，上课内容毫无营养，只会咬文嚼字
141505,2150,王彦君,2021-10-12 11:23:24,4,4,0,草泥马了隔壁\n\n千万别选
141522,2150,王彦君,2021-10-13 06:48:22,-2,1,3,好垃的一门课！！！！
141587,2150,王彦君,2021-10-16 03:28:21,-1,2,3,到点不下课，超爱拖堂
141989,2150,王彦君,2021-11-03 05:22:47,2,3,1,傻逼老师，毫无逻辑，废话连篇，固执己见
141992,2150,王彦君,2021-11-03 06:50:47,1,3,2,废话很多，睡觉都嫌她吵。
142257,2150,王彦君,2021-11-09 10:57:14,2,5,3,恶心他妈给恶心开门——恶心到家了
142756,2150,王彦君,2021-11-16 02:55:06,-2,2,4,说啥呢
142821,2150,王彦君,2021-11-16 13:24:59,-36,19,55,你煞笔东西，吃你妈的奶比水去吧，滚你妈的畜牲，操你🐎的臭逼，老子把你妈吊起来，把毛毛虫塞你妈的阴道里面，生出你个杂种，草泥马的臭逼，滚！
143628,2150,王彦君,2021-11-29 06:39:55,-4,3,7,虽然不能完全认同老师的观点，但是老师还是很可爱的
143645,2150,王彦君,2021-11-30 01:54:17,3,5,2,听这个老师讲课真的很烦，一个讨论题讲了两次课，咬文嚼字，刻意制造对立，不断炒冷饭，感觉所有跟她不同的想法不仅分数低，还一定就是错的，莫名其妙的自信，第一次上这么无聊的哲学课，可惜没有零分。。。
143878,2150,王彦君,2021-12-10 03:10:26,2,3,1,很无语，感觉上课总是在讲废话，听他说话就感觉很烦，事情还贼多，讲的啥也不是，要不是没得选了也不会选她。
145233,2150,王彦君,2021-12-28 11:20:23,6,9,3,批判性思维这课还挺好的，就比如老师会亲自给你演示一学期没有批判性思维是一件多么恐怖的事…
145247,2150,王彦君,2021-12-28 12:28:44,0,2,2,啧，怎么不能打零分。问一道题，她把我的问题重复一遍，又把答案重复一遍，真的是无语
145362,2150,王彦君,2021-12-29 07:31:20,0,2,2,其实还好。
145483,2150,王彦君,2021-12-30 03:06:27,1,3,2,一学期按照标准做下来了最后给分正常吧，没有绩杀诶。但老师讲课确实效率很低，有用的东西比较少。
147356,2150,王彦君,2022-01-09 16:25:55,4,5,1,😅😅😅
147367,2150,王彦君,2022-01-09 18:24:19,3,3,0,太逆天了，上课不知所云，作业多，给分差
149936,2150,王彦君,2022-01-18 01:51:57,0,2,2,这个老师严重有问题，讲课讲不清楚，拖堂严重，随意打断学生说话，课后作业极多，最后给分极低，但凡想要成绩好点的都别选这个老师，来浙大第一次遇到这种老师，真的是长见识了。这种水平的老师怎么来浙大当老师的，讲课丝毫没有水平，血亏。
150297,2150,王彦君,2022-01-22 00:16:39,5,12,7,上的是一门博雅技艺《批判性思维》，今天刚出的绩点4.2。说实话看到这个分数我挺震惊的，想从个人角度做个评价：1、老师总的来说性格还是平易近人的，上课的时候经常是笑容挂在脸上。而且期末考试我前面的哥们睡着了，老师叫醒他还把自己的奶茶给他喝，我觉得是负责与善良的体现。2、很喜欢点名，几乎每堂课都点，线下的晚课一定要去教室里；3、这门课的课后作业有但是完成起来并不难，线上课的任务也是比较轻松的；4、课程内容的匮乏确实需要承认，据说是《逻辑学导论》前二十几页的内容的扩充，让人想起初中语文和八股文；5、这门课没有进行小组展示，期中期末也没有写那种长篇的大论文。做个总结：单就这门课而言，我给老师打8分，想学习新知识的慎选因为没啥知识可学，而想划划水比较轻松地赚到学分的uu们推荐选这门课。
150300,2150,王彦君,2022-01-22 00:51:55,7,7,0,老师的课内容不多，讲的都是一些答题技巧，其实批判性思维学不到什么，但是是博雅技艺，老师给分的话，她要求怎么答题就怎么答，分数应该不会很差。
150780,2150,王彦君,2022-02-18 09:52:20,1,4,3,虽然作业稍微多一些，但是最后结果总归是不错的，自辩不太难，老师人也还可以。
150939,2150,王彦君,2022-02-21 07:09:17,2,2,0,呵呵呵呵呵呵呵呵
151927,2150,王彦君,2022-03-21 04:09:06,1,1,0,呵呵呵
152425,2150,王彦君,2022-04-11 00:21:32,-2,0,2,笑死了
152511,2150,王彦君,2022-04-13 16:54:30,3,5,2,老师人很好，感觉事情也没有很多啊，没有花很多时间，考试题目也很简单，线上考试都是选择题。BDBD
153097,2150,王彦君,2022-04-25 11:39:55,-1,1,2,真的很作，第一次课建议大家退课，然后第二节课人少一大半，几乎没啥人来了。慎选
153646,2150,王彦君,2022-05-07 02:20:51,-2,3,5,我居然有94唉 那我可以进哲学系了～ \n\n其实还可以啦
153903,2150,王彦君,2022-05-16 10:31:38,6,9,3,她说麻省理工跟浙大比还差点距离，说麻省理工是技校
154020,2150,王彦君,2022-05-19 08:18:21,0,2,2,总是举一些不符合我三观的例子（不确定其他人是否也总是因同样的情况感到不适）。\n\n给分飘忽不定。\n\n我自认听讲还算认真，以往的上课经历顶多在老师眼里是透明人，结果在什么都没做的情况下被她批评了感觉很委屈。而w老师并没有表示出任何错怪了我的歉意。
154096,2150,王彦君,2022-05-23 05:44:27,2,3,1,事儿多，还重复性的，相同的题目讨论，测试，作业各来一遍在学在浙大上完成，提前请假了还要扣点名分，去说结果回复“不补了，影响微小”，这么怕麻烦还布置这么多麻烦的事儿。
154397,2150,王彦君,2022-05-31 17:43:24,-6,4,10,自然辩证法挺好的，又没论文又不强制展示，写几道讨论题做几次测验而已，而且讲课也并不无聊，体验还是很好
154438,2150,王彦君,2022-06-01 11:24:06,-1,3,4,逼事太多
155893,2150,王彦君,2022-06-16 13:08:29,4,4,0,大无语
160381,2150,王彦君,2022-09-21 02:37:03,5,5,0,无论从哪个方面来讲都是垃圾，水平低下、思想迂腐、任务繁重、不通人情
160788,2150,王彦君,2022-10-12 01:50:35,3,5,2,自然辩证法概论（×）\n\n当代科技八股文写作指导（√）
160913,2150,王彦君,2022-10-19 12:02:41,2,3,1,有幸上过她开的两门课...没见过比她还能说废话的老师了
160927,2150,王彦君,2022-10-20 01:39:02,-1,1,2,新查老师，保绩点
161075,2150,王彦君,2022-10-26 01:25:28,1,2,1,上大学以来体验最差的一门课
161280,2150,王彦君,2022-11-03 11:19:55,6,7,1,老师人还挺不错的，就是批判性思维这门课她教的太烂了，让我有一种批判性思维就是诡辩、刻意片面和没有全局观的课程。
161289,2150,王彦君,2022-11-03 15:02:10,0,2,2,社会我君姐教你做人
161314,2150,王彦君,2022-11-04 05:16:25,3,4,1,孬 嫑zi
161686,2150,王彦君,2022-11-10 11:49:58,19,23,4,"只知道死嚼文字，自身毫无逻辑素养可言。绝对的lj老师。上这课就是侮辱你的智商。真实案例:某日考试，有如下题目：\n\n\n\n请问你是否支持以下观点:\n\n(本段引用马云关于996的福报著名言论)\n\n\n\nA支持\n\nB不支持\n\nC与我无关\n\n\n\n然后 ** 的 答案 是 C\n\n它解释说因为语段中马某说话都用了""个人""两字，所以马某的这段话只代表他的观点，与你无关。\n\n我也懒得评论如此反智的言论了。\n\n傻孩子快跑!"
162170,2150,王彦君,2022-11-17 08:21:24,1,3,2,别的课不知道，自然辩证法是真的事少给分好。没有展示、没有考试、没有论文。只有3次开卷不限时的选择判断题，还有参加了有分的讨论题。
162375,2150,王彦君,2022-11-21 07:29:02,1,3,2,其实上课内容还可以，讲的挺好的。除了需要点名外，没有课堂分组汇报什么的，只要按时完成几次课后小作业（300字以内），最后的给分真的很不错。
164807,2150,王彦君,2022-12-26 08:04:19,4,4,0,服了服了真的无语  最后一次了本来就是两节课  因为自己之前讲课拖拖拉拉 加到三节课 结果三节课还上不完，还在拖。。。。。\n\n最后一周了，大家时间都很宝贵，谁给你这么多时间拖课。。。。\n\n而且这老师的理解马克思，真的，讲最后两周讲到资本论有点东西，其他，真的呵呵呵了
165042,2150,王彦君,2022-12-28 15:06:33,-1,1,2,嗯…上课讲的很迷惑，啥都没学到就感觉……
165403,2150,王彦君,2023-01-04 11:35:53,0,1,1,你是？
165533,2150,王彦君,2023-01-08 05:29:30,-1,0,1,不知所云
166281,2150,王彦君,2023-01-11 16:29:49,-3,3,6,水课必选理解马克思 感觉任务量不是特别大 主要就是最后三四次的课好好听就OK的（一门长学期的课的精华在此） 上课坐后排随便你干啥（之间有同学会上课睡觉的）  老师上课还是很照顾学生感受的 人很不错 不过课讲的没有特别好如果是想来收获知识就劝退吧～
168047,2150,王彦君,2023-01-24 10:13:59,2,2,0,快跑快跑
168123,2150,王彦君,2023-01-29 07:05:00,0,3,3,真的给分巨低，全勤且每次作业都九十几，试卷出的很古怪，最后总分七十几。
168233,2150,王彦君,2023-02-04 17:39:53,-9,3,12,感觉还行，拿到了4.5，事情算少的，就是可能上课有点迷，逻辑比较无语。。。
168474,2150,王彦君,2023-02-17 14:42:23,4,4,0,呵呵呵
168997,2150,王彦君,2023-02-24 03:03:48,1,9,8,学的是批判性思维这门课，上课说实话蛮水的，我上这门课学到的东西不多。\n\n老师每一节课都会点名，事情不是很多，课下作业也是十几分钟就能完事。我拿了4.2，主要是记住老师交给你的解题方法，遇到啥都往那上面套就可以。
170214,2150,王彦君,2023-03-02 04:28:22,15,15,0,民哲典范 庸俗至极
171401,2150,王彦君,2023-03-23 11:12:27,3,5,2,1.5真高了
171714,2150,王彦君,2023-04-03 03:11:20,5,7,2,老师人不错，很热情，但是除此之外没有优点。教学典型的双标老师，写个800字论文之前三令五申格式，希望大家尽量写的精炼，答到要点就行，最后班上一个完全没论文格式的同学拿了最高分，只答要点但没有繁琐分析的同学拿了最低分。看得出有学养，但是展示出来的全是浅薄的空话，一点深度都没有的东西。总之，哲学专业有她的必修课真的是至高享受。
171817,2150,王彦君,2023-04-06 11:48:28,18,19,1,有的老师拿了10分因为只有10分，这个老师拿了1分也是这个原因
171901,2150,王彦君,2023-04-11 15:41:37,1,3,2,呵呵呵
171905,2150,王彦君,2023-04-12 02:35:09,2,4,2,垃圾玩意cnm
172025,2150,王彦君,2023-04-17 16:13:35,25,27,2,王彦君同志是“变戏法”理念的化身，他的马克思主义哲学与辩证法理论水平已经接近中国任意一家幼儿园中小朋友的程度。\n\n天不生王彦君，马哲万古如光明
172028,2150,王彦君,2023-04-17 16:15:21,9,12,3,人类无法理解王彦君，就像人类无法理解依托答辩
172330,2150,王彦君,2023-04-25 05:51:45,6,7,1,确实没有营养的老师。抓紧退休吧。
172655,2150,王彦君,2023-05-03 13:56:16,2,2,0,无语至极
172986,2150,王彦君,2023-05-11 01:50:25,11,12,1,研究生快跑。。。没见过这么傻B的老师 故意挑起研究生内卷 给分巨低\n\n那些觉得老师还行的真不知道什么情况 智云课堂上选一节她的课体验一下 什么叫做满口荒唐言崇洋媚外
172989,2150,王彦君,2023-05-11 02:02:44,3,3,0,这老师b事多还讲课无聊，给我一种我上我也行的错觉
172999,2150,王彦君,2023-05-11 03:52:52,5,5,0,内容重复空洞，刻板印象严重，认真学也没用，上八十分做梦
173449,2150,王彦君,2023-05-25 01:16:44,3,3,0,谁选谁知道
174128,2150,王彦君,2023-06-06 11:40:13,0,2,2,纯纯\n\n锄生
174226,2150,王彦君,2023-06-08 02:44:12,1,2,1,很无语的一个
174485,2150,王彦君,2023-06-13 03:38:56,0,2,2,属实有点逆天了
174641,2150,王彦君,2023-06-15 03:05:28,8,11,3,逆天老师，作业互评之后老师还强调她会看，打高了的分数会从打分人的分数里扣除，还要按照她的逆天八股文打分标准打分，都研究生了这样真的有意思吗\n\n上课空洞无物，车轱辘话绕来绕去说，真的不懂在讲什么\n\n这种人是怎么拿到浙大教职的。。。
176716,2150,王彦君,2023-06-30 00:33:55,0,1,1,太沙雕了
177671,2150,王彦君,2023-07-04 07:11:46,2,4,2,哎，要不是没得选TAT，谁又会选她呢，劝大家尽可能避开
179287,2150,王彦君,2023-09-07 10:40:56,2,3,1,sb东西
180312,2150,王彦君,2023-09-21 05:17:35,4,5,1,太垃圾
184925,2150,王彦君,2023-12-24 11:44:23,1,3,2,无语，这老师太让人无语了
185248,2150,王彦君,2023-12-30 03:23:22,3,4,1,希望你早点醒来
186878,2150,王彦君,2024-01-13 10:44:02,-11,9,20,说实话，王老师的研究生工程伦理真的还不错，事情也不多，给分也可以
189874,2150,王彦君,2024-02-01 02:10:48,1,2,1,被绩杀
190468,2150,王彦君,2024-03-05 07:47:36,4,4,0,人抽象的离谱，上过课就知道了
190485,2150,王彦君,2024-03-05 13:48:28,5,8,3,大一上学期啥也不懂选了这门课，以为图个3分学分就行了，结果选修课也要算平均绩点，乐，md下次选课不能贪心了……\n\n说回正题，喜欢我讲课依托四，然后绩杀吗？还下学期再见，哪有这样对自己学生说话的啊？？？（虽然本人没挂科）真的是美味捏～下学期再见？下学期再也不见！
192054,2150,王彦君,2024-05-08 09:07:22,9,10,1,《王彦君奶奶讲奥运》⬅️《我们这门课四年才开一次》
192386,2150,王彦君,2024-05-17 05:39:11,0,3,3,一句话赶紧跑，遇到她是你大学中最不幸的事。。。
192614,2150,王彦君,2024-05-25 06:16:18,4,6,2,给11分，这是多出来的一分
193482,2150,王彦君,2024-06-11 11:49:30,4,5,1,恶心啊。。。。。。
195151,2150,王彦君,2024-06-27 03:11:19,-8,5,13,没想到评分这么低...整体下来的感觉其实还行，兼具中年人的优缺点，有时候顽固和死板是一面，也没啥创新和收获是真的，但人品上确实没什么大的过失，不如说人还挺好的。我没被绩杀也不主修，至少作为通识路人来说老师罪不至此
195451,2150,王彦君,2024-06-28 06:15:42,30,32,2,王彦君老师让我对浙大老师的素质有一个满彻底的改变，就是浙大老师水平的下限是没有底线的\n\n问题不在于教学方法好不好，和学术水平高不高，\n\n这些，在评论里都有\n\n而在于她真的素质很差！！！\n\n我举个简单的例子，王在教学中，举了丘成桐的某句话，\n\n说逻辑不严谨，说丘成桐水平很差，数学的学术水平也很差，逻辑思维比较差，逻辑差啊兄弟们！！！\n\n有人批评丘成桐改国籍、有人说他对国内教育瞎指导\n\n但是应该只有浙大的老师说他学术水平差\n\n这也只有浙大老师能干出来，四五百人的课堂，\n\n我问老师，那丘成桐拿了菲尔茨奖这个你怎么看，\n\n她说“菲尔茨奖是命题作文，规定时间答题的，代表不了什么，实际上很容易，很多人都能拿，只是不屑于去拿”\n\n丘成桐啊，师从陈省身教授，在伯克利、的第二年，陈教授就认为他的论文已足够成为博士论文，21岁博士毕业；美国国家科学院院士、中国科学院外籍院士、中央研究院院士、香港科学院荣誉院士；菲尔茨奖、沃尔夫奖、克莱福特奖、邵逸夫数学科学奖；香港中文大学数学科学研究所所长、清华大学数学科学中心主任、哈佛大学数学科学与应用中心主任，\n\n我之所以罗列这么多，是想说明事情有多么地显而易见，\n\n我觉得她在侮辱邱、在侮辱整个数学界，但是更是在侮辱浙大和她自己。\n\n她可以菜，但是真的没理由对学术如此的不尊重，\n\n我相信，但凡她有一点点学识，那怕是一点点常识，就一点点就好，都喷不出这样的话\n\n可怕的不是无知，而是无知又无畏，嘴上对文科生极尽鄙夷，对真的的理工科学又毫无尊重，\n\n这样的老师，浙大是怎么招进来的？\n\n让她来教授马克思主义哲学，教辩证法，还发优质教学奖，为了展现浙大对马克思主义的不尊重？是为了向我们社会主义示威吗？\n\n她如果家里亲属是高官，你们惹不起，那完全可以安排个闲职，何必要出来践踏学术、荼毒学生呢？\n\n有这样的老师在浙大里面教书，浙大永远成为不了真正的名校\n\n因为你们甚至做不到对学术最最最基本的尊重！！！
197124,2150,王彦君,2024-07-08 09:59:06,9,12,3,太差了，浙大怎么会有这么拉的老师啊。\n\n简单问题复杂化、“咬文爵字”、故作高深、民哲典范。\n\n观点拼凑缝合，评分标准莫名其妙，还对立文理学科。
197143,2150,王彦君,2024-07-08 06:12:23,3,7,4,求求了，别再开了，我们花这么多钱，一节课一千多来听这样的狗屁不通的课，真是浪费时间。浙大不应该是这样的水平！
199120,2150,王彦君,2024-09-18 02:31:30,3,4,1,太离谱
201293,2150,王彦君,2024-11-07 07:28:14,-2,1,3,讲课无聊空洞
202013,2150,王彦君,2024-11-08 07:18:19,2,3,1,。。。快跑
202014,2150,王彦君,2024-11-08 07:18:19,3,3,0,。。。快跑
202020,2150,王彦君,2024-11-08 08:32:42,-2,0,2,史，一坨
203624,2150,王彦君,2024-11-20 07:49:28,3,6,3,啥卵来医学院恶心人了，都研究生了有实验的做实验临床上班的上班，这老姨上个自然辩证法次次课点名、小测，还群里天天投票作妖恶心人，服了
203979,2150,王彦君,2024-11-22 11:05:29,0,1,1,歧视文科生，每节课都传播该言论，上过就知道有多恶心
204974,2150,王彦君,2024-11-29 06:00:43,0,1,1,真能扯
205189,2150,王彦君,2024-12-02 12:40:34,1,2,1,理解马克思挺水的，读文集也没个啥用
205251,2150,王彦君,2024-12-03 08:27:43,0,2,2,麻溜滚
208124,2150,王彦君,2024-12-26 00:24:08,-2,4,6,还可以，路人角度挺正常的啊，但有些人总喜欢跟风叫
211637,2150,王彦君,2025-01-12 05:46:40,1,2,1,懂的都懂
214814,2150,王彦君,2025-02-18 05:12:05,0,1,1,工程伦理给了100，特来打个好评。事儿也不算多，期末很简单，研究生可冲
215427,2150,王彦君,2025-02-26 05:29:32,-6,0,6,感觉没有人云亦云的那么夸张，总体感觉还不错
216062,2150,王彦君,2025-03-10 05:39:02,0,0,0,首先，歧视文科生，每节课都有说文科生怎么怎么滴，现在这个社会不需要文科生了怎么怎么滴；\n\n其次，8节课有7节课点名，一个一个名字叫的那种；\n\n再其次，给分巨低，每节课都去，小测试也都完成了，但是就是给低分。\n\nps：上的她的自然辩证法。每次课基本都会有个小测试什么的。
216191,2150,王彦君,2025-03-12 05:47:26,2,2,0,讲的就是依托，听得头疼
216544,2150,王彦君,2025-03-18 08:16:04,2,2,0,这b老师上课怎么样大家都说过了，我就是来骂人的: 王彦君你mlgb，找个AI来上都比你好！
216741,2150,王彦君,2025-03-23 15:51:47,1,1,0,上的她的情报安全课，巨她妈垃圾，一学期就在讲“目标”和“目的”的区别，一点干货都没有。浪费时间。
217211,2150,王彦君,2025-04-04 12:00:31,1,1,0,老骗子
217703,2150,王彦君,2025-04-15 09:58:38,0,0,0,罗里吧嗦 太折磨了
270,2152,陈辉,2019-06-26 12:40:15,80,107,27,上过他的汉字与东亚文化，老师非常有文人风度，知识也渊博，任务也不多，不考试，自己准备一篇论文和ppt就行。
723,2152,陈辉,2015-03-16 04:38:16,20,25,5,人很好
950,2152,陈辉,2015-03-19 14:23:19,12,18,6,老师上课讲的内容都挺有趣，主要是汉字对日本韩国的影响，老师课堂上鼓励做展示，而且一般做了展示老师就能把你记住了，期末要求6000字的和课程内容有关的论文
2764,2152,陈辉,2015-05-07 04:11:35,3,10,7,汉字与东亚文化很棒，强推！老师很博学！
2953,2152,陈辉,2015-05-11 14:00:00,23,30,7,很博学 但我是文盲... 除了笑话以外很多听不懂
4433,2152,陈辉,2015-06-23 02:59:39,13,17,4,很有收获！老师很博学也很虔诚很风趣！
8289,2152,陈辉,2015-09-18 03:36:50,2,6,4,好
13955,2152,陈辉,2016-01-03 03:21:55,3,8,5,汉字与东亚文化好评！
14830,2152,陈辉,2016-01-09 15:26:59,2,7,5,陈老师人特别好，认真听讲是一种享受。能提高人的思想境界
18319,2152,陈辉,2016-06-20 10:05:58,-9,19,28,什么烂老师，大家千万别去选。我真心认为老师没有真才实学，这是我这学期学的最水的课，给分也很不好。坑死人！！！
18340,2152,陈辉,2016-01-21 12:56:27,2,4,2,内容有趣
20174,2152,陈辉,2016-01-26 11:31:13,3,22,19,所谓的杭州与中华文化真的让我很无语。
20175,2152,陈辉,2016-01-26 11:35:53,1,14,13,上课东扯西扯没有任何资料和教材，期末说好的开卷考其实并没有什么卵用，只有两道试题，一题是80分的写一千字议论文，讨论课极水且毫无意义，给分极差。呵呵这坑课。
20190,2152,陈辉,2016-01-26 13:03:37,50,64,14,老师是有真才实学的，讨论课是水的，考试题是新颖的，看到题目是懵逼的
23206,2152,陈辉,2016-07-02 08:40:54,3,7,4,老师很博学 上杭州与中华文化 认真听能学到很多东西 作业少讨论课水一点 比较轻松 至于最后的考试 只要上课认真听了就不会感到懵逼
24016,2152,陈辉,2016-04-25 11:38:00,3,6,3,老师上课水 然而给分呵呵呵
24037,2152,陈辉,2016-04-26 00:50:50,6,10,4,汉子与东亚文化 真的不能喜欢老师更多！每堂课都能学到很多东西，出了知识上的收获，老师更是身体力行的从做人方面来引导我们。上课好，给分又好的不行，怎能不爱？
24048,2152,陈辉,2016-04-26 07:04:40,6,10,4,一期一会哇
24060,2152,陈辉,2016-04-26 09:20:08,0,6,6,给分挺好的，学到了很多
24065,2152,陈辉,2016-04-26 10:26:50,7,15,8,怎么说呢 给分不太好 上课能学到的东西不多 听了乐趣 建议理工科还是别选的好 大多数人都是之前上过他的课 脸熟 而且这个课刷脸太厉害
24179,2152,陈辉,2016-04-28 06:29:04,10,16,6,给分不好 课还挺有意思的 老师随和渊博 就是感觉刷脸严重 第一次上他课的我对面他认出的一系列熟人 感觉自己是懵比的
24312,2152,陈辉,2016-04-29 10:05:38,8,12,4,汉字与东亚文化:陈老师真的很博学，讲课的内容十分丰富并且包含了许多老师自己的研究成果。对于课程论文，老师十分强调提出自己的观点，哪怕字数少一些。老师给分也很好。总之，收获颇丰。
28219,2152,陈辉,2016-06-28 08:17:19,1,3,2,老师不错，课讲的很有特点，个人见解也挺不错。\n\n另外，助教姐姐真的不错啊啊啊啊
28273,2152,陈辉,2016-06-28 08:24:38,2,4,2,杭州与中华文化，学不到什么东西，不知道给分如何，失望
28990,2152,陈辉,2016-06-29 05:28:25,1,6,5,杭州与中华文化真的很水，上课真的只有一群人瞎扯，助教更水，很功利，建议别去选这门课，学不到什么东西。\n\n
29090,2152,陈辉,2016-06-29 08:30:44,2,8,6,怎么说呢杭州与中华文化这门通核跟我的预期差的挺大的，说来说去说了很多但是比较碎，没有一个很系统的结构。讨论课的问题也比较无聊。只求成绩稍微能看一点吧通核修了也就过去了。老师的知识还是渊博的，但是不合意
29417,2152,陈辉,2016-06-29 17:45:08,0,2,2,老师非常博学，上课非常生动有趣，对人非常和蔼，强推
30610,2152,陈辉,2016-07-02 04:59:27,10,16,6,杭州与中华文化 给分不好
30622,2152,陈辉,2016-07-02 05:33:04,0,3,3,杭州与中华文化 考试之前看笔记真的觉得很琐碎 感觉内容很多 但是都只是浅浅一提 留不下什么映象 而且老师第一次写百分制 后来成绩是等级制 我就科科
33970,2152,陈辉,2016-09-24 03:19:55,0,3,3,人格魅力满分哈哈哈
34132,2152,陈辉,2016-09-27 11:02:02,0,2,2,讨论课简直是水到家了，啥都学不到，简直是浪费时间
37019,2152,陈辉,2016-11-17 06:41:55,1,4,3,杭州与中华文化等级制的绩点坑死人！
41080,2152,陈辉,2017-04-21 08:20:08,10,12,2,一期一会！谢谢老师！
41757,2152,陈辉,2017-01-19 10:42:31,4,5,1,分低。。。
44627,2152,陈辉,2017-01-18 11:15:48,-3,3,6,给分真的很一般 上课的内容简称杭州旅游指南
44977,2152,陈辉,2017-01-18 16:41:43,2,3,1,通核上大课的内容挺有意思的，给分也挺好
47647,2152,陈辉,2017-03-01 08:32:43,29,38,9,助教姐姐好漂亮
47875,2152,陈辉,2017-02-27 01:22:26,7,10,3,想要刷绩点的人放弃吧，别占着这个好位子。\n\n
49744,2152,陈辉,2017-05-09 14:19:50,3,4,1,听课是一种享受，而且真的能思考以前从未思考过的问题。最后论文一定一定一定要写出自己的思想，写出自己的思考！这是得分的重点！至于讨论课，展示课，认真准备，当锻炼也是蛮好的。
49753,2152,陈辉,2017-04-25 11:32:48,4,7,3,汉字与东亚文化。陈辉老师人很随和。知识很渊博。仔细听的话很有趣，能学到很多有意思的知识。任务不多，也不点名。只要一个ppt一个论文字数不限。给分公平。本人4.5。
49767,2152,陈辉,2017-04-25 15:15:32,3,7,4,很轻松的课，但是知识很丰富。老师超棒，一期一会，很开心能选上这门课！
49781,2152,陈辉,2017-04-26 01:58:39,0,1,1,老师人真的很好，之前选了老师的通核，评分很公平。这学期选了老师的汉字与东亚文化，认真地做了一次展示，并且认真地完成了论文，然后得到了很好的成绩。很感谢老师，一期一会。
49820,2152,陈辉,2017-04-26 08:49:14,2,2,0,好老师，提升你的视野，只要你认真听就行。而且论文不限字数。
49824,2152,陈辉,2017-04-26 09:05:21,3,3,0,陈老师课程内容还是不错的，生动有趣，认真听能获得蛮多知识点。但是我对成绩真的是很无奈。认真做了展示，认真写了论文【可能论文内容不行吧，自认为还是可以的】，成绩80下。很无奈。
49873,2152,陈辉,2017-04-26 15:40:26,2,3,1,汉字与东亚文化，陈辉老师，一期一会。
49902,2152,陈辉,2017-04-27 04:37:20,1,2,1,老师很儒雅
50913,2152,陈辉,2018-05-19 08:35:16,-45,10,55,从来没见过这么傻逼的老师
52292,2152,陈辉,2017-06-18 00:45:39,2,3,1,他可爱
54661,2152,陈辉,2017-06-30 03:33:36,1,4,3,老师懂的很多，上杭州与中华文化，佛教啊文献类的知识太多听不太懂，但也有不少很有趣的故事。还有就是，平时上课真的和考试没有关系...
54662,2152,陈辉,2017-06-30 03:38:46,6,10,4,老师讲的东西仔细想想很完整，挺好的，不明白啥是等级制但最后得了4.5，讨论课积极点论文好好写，考试尽力就行。因为自己得了低分就贬低老师的行为未免太掉价了
57768,2152,陈辉,2017-07-14 12:52:57,36,41,5,本人杭州与中华文化4.5。个人认为这门课的核心就是观点二字。老师的PPT给了某种探讨中华文化的独特观点，讨论课又发散出同学各种各样的想法。老师讲的有的可能牵强，同学讨论的可能有的偏离主题，但是这些碰撞交流不是正是大学课堂需要的吗？所以，在这门通核课上，讨论课要积极参与，真的可以学到很多；上课最好还是摘一下笔记，（虽然本人最后没有坚持下去）因为考试是开卷的。期末考试是给一些材料然后写感想，可能有的材料真的感觉很难写，但是正如前面所说，只要提出自己观点并自圆其说就好了，这才是这门课的目的。
58208,2152,陈辉,2017-08-22 09:16:57,0,0,0,老师讲课认真听还是很有趣的。但考试真的准备了好像也没什么用。唯一上过的一次通河，也很难比较其他的讨论课，但感觉讨论课主要锻炼了自己思辨的能力，学到知识还是上课多
59712,2152,陈辉,2017-09-26 05:45:58,0,0,0,干货很多，还有很多自己的研究成果
61947,2152,陈辉,2017-11-22 02:14:30,0,0,0,老师上课很好玩，很有味道，很有意思，讨论课感觉也很热烈，必须打call。
68867,2152,陈辉,2018-01-24 04:05:05,14,24,10,给教“心理学及应用”的陈辉老师打分……老师人很好，上课也挺有趣。每节课都会点名，不建议水过，可能还得做做笔记认真听讲，会有收获的。对了助教小姐姐可温柔啦w
72496,2152,陈辉,2018-01-30 08:36:16,6,8,2,老师很有学问 精通韩语日语\n\n是潜心研究的人\n\n为了杭州与中华文化这门课备课很久\n\n老师人也特别和蔼 \n\n最后的一堂课给我们现场solo日语版的送别\n\n特别可爱
72651,2152,陈辉,2018-01-30 15:54:35,0,0,0,很棒！很博学！
73100,2152,陈辉,2018-02-01 02:08:54,3,3,0,老师很棒！老师开的两门课我都修了，上课讲的内容很丰富有趣，有辩证客观的思维，收获很多。一个医学生虽然上课都没太听，但还是收获不少，平时的PPT或者论文准备的认真些，每节课的上课内容大致做个笔记，然后期末考试把自己的观点结合老师上课讲的知识叙述一下就好了（主要是看你的个人辩证观念）
74653,2152,陈辉,2018-03-05 03:34:35,0,0,0,强推！\n\n一个真正的大师
74922,2152,陈辉,2018-03-06 12:18:45,0,0,0,汉字与东亚文化，任务量还行，只要按照他的思路，花时间准备就OK
75973,2152,陈辉,2018-03-23 03:01:19,1,2,1,看到认出不少熟人我的确很慌。。
76901,2152,陈辉,2018-05-07 08:41:30,5,7,2,老师是真的很棒了。讲课风趣，知识渊博，待人亲和，任务量也不大。陈辉老师，一期一会。然后给分很棒啊，本咸鱼没展示过还是满绩了～主要还是看ppt和论文的个人思想吧～分数出来啦给老师比小心心♡以及有些刷脸只是指讲的精彩使人记住吧～
76905,2152,陈辉,2018-04-25 16:15:52,4,4,0,老师是那种明明懂得非常多很渊博但说话又给人小心翼翼的感觉，大概就是大师知道的越多越谦虚吧，人又温柔事情又不多，祈祷有个好分数就完美啦，上的汉字与东亚文化
76908,2152,陈辉,2018-04-26 00:21:59,6,6,0,上过了陈老师的杭州与东亚文化，又上完了他的汉字与东亚文化。还是意犹未尽啊。陈辉老师，一期一会。
77624,2152,陈辉,2019-01-22 00:27:34,-24,4,28,上过汉字与东亚文化。对学生不尊重，学生展示时会频繁打断发言，要求直接“讲结论”，有一个学生甚至被怼到准备的东西什么都不能讲。虽然被要求讲结论的同学可能准备的东西有所重复，但这样很伤学生自尊。另外，每次三节课的第一节课都会让学生展示，有的人为了展示而展示，十分浪费时间。
77634,2152,陈辉,2018-05-07 04:10:42,0,1,1,汉字与东亚文化。老师超好，看得出很博学，作业不多，一个ppt还有一篇论文。本人满绩，连ppt都没有上去展示，只是单纯的发给老师而已。但论文认真写了，一分耕耘一分收获吧。感谢老师！
77636,2152,陈辉,2018-05-07 04:16:10,1,1,0,老师真的很博学，认真听还是会有所启发的。
77639,2152,陈辉,2018-09-21 11:06:39,-43,5,48,老师人的确好，但是这门课3.0，好伤心? 不过到期末时，学期均绩爬到了4.31，感谢老师没让我退院，只拖累了我0.07的绩点。\n\n这只是一个参考，告诉大家：想水这门通识的话，不让老师记住你，不向老师咨询论文情况，下场可能很惨……不过老师水平还不错（还唱过歌），我还是要给8分，尽量公道一点，汉字与东亚文化。\n\n
77656,2152,陈辉,2018-05-07 06:10:32,1,1,0,汉字与东亚文化\n\n不考试不点名一篇论文一次可选展示（刷脸机会）\n\n老师会的很多，认真听还是蛮有收获的\n\n正太大概也习惯了\n\n刷脸是有的\n\n不过刷了脸没记住一样卡绩\n\n以上
77662,2152,陈辉,2018-05-07 07:15:23,4,5,1,老师真的超棒啊 建立所有来选自己的课（汉字与东亚文化）的学生都是出于兴趣这样的前提来打分 所以认为所有的同学基础分都应该是高的 讲课也很有意思 每次都会提前到教室 课前会放一些视频音频 自由选择是否要做展示 一般做展示了的应该分就会很高 不过一节课只能做三四个人可能排不上 发邮件给他也行 那些说老师喜欢刷脸的 明明是老师的记性很好选过他的课的发言精彩的他都会记得 反正本咸鱼没有发过言展示没排到 认真写了论文绩点还是很可观的
77775,2152,陈辉,2018-05-07 16:26:09,2,2,0,老师特别好 上课也很有趣\n\n认真听的话收获会很大 课程还是很有吸引力的\n\n不过要是想水水过的话 也是完全没有问题的\n\n
77815,2152,陈辉,2018-05-08 02:53:37,5,7,2,嗷嗷嗷，陈辉老师超好，强推，老师真的很用心，你发过言他就会记住你，不是所谓的看脸，评分绝对公正，上课不会考勤，不过这么好的课你忍心翘吗？我就是认真准备了一次PPT，根据PPT写了篇论文，最后4.5，长期被正太的我要哭了
77830,2152,陈辉,2018-05-08 04:29:06,12,14,2,陈辉老师讲汉字与日本文化时亮了一嗓真是惊艳，讲课好，唱歌好，是很nice的一个老师了
78738,2152,陈辉,2018-05-15 02:40:23,1,1,0,博学多才，幽默风趣，老师是个好老师，能不能学到东西看你自己了！
79243,2152,陈辉,2018-05-28 11:27:16,0,0,0,上了汉字与东亚文化，老师讲课讲的是真好，生动有趣，而且老师学识很丰富，上课时还给我们唱和歌，是为数不多我可以一直听下去的课。任务不多，一次展示一篇论文，给分不错
79611,2152,陈辉,2018-06-11 11:16:53,0,0,0,汉字与东亚文化：老师知识很渊博，讲的也非常有趣，很多都是网上没有的。一次可选的展示和一篇论文，很棒的课！
80269,2152,陈辉,2018-06-23 17:57:56,0,0,0,很好，无考试
86777,2152,陈辉,2018-09-18 14:44:42,14,16,2,不知道竺院大佬在这秀均绩是什么意思。上的老师心理学及应用，是心目中理想通识课的模样，可水可听，能学到东西，事情不多，考试不难，给分还行。推荐刷满实验小白鼠小时数。
89748,2152,陈辉,2018-11-20 14:26:44,2,4,2,心理学及应用 高分，因为同时修着社会心理学所以舒服很多。知识上老师足够去仰望，内容也很有趣味性，课上有很多小游戏和互动。如果你很功利，那么这里是成绩构成：两次小测20%（选择题形式），一次期末论文60%，签到考勤20%，另外做实验一小时加一分（六小时封顶）。建议掌握基本概念及其应用，刷满小时数，论文层次感强一些，4以上不难。PS：助教小姐姐很温柔～～～～～～～～
89912,2152,陈辉,2018-11-21 08:11:24,1,2,1,还行吧 给分差了点
90635,2152,陈辉,2018-11-24 15:51:45,1,3,2,心理学及应用的陈辉老师太好啦，上课上的很不错，小测是简单的选择题，论文比较轻松，给分不错呢，而且一些到课率和实验小时数会公布，比较公正，老师和助教小姐姐都很负责！很重要的是真的能学到很多东西！
93432,2152,陈辉,2019-01-09 14:03:44,2,3,1,我吹爆！这个评价写在课程结束时，虽然没出成绩，我先把听课感受写了。为什么这么喜欢这门课？除掉自己对心理学本身有的兴趣之外，老师真的是个很重要的原因，喜欢您对大家天马行空提问的耐心解答，喜欢您讲课时的风趣细致和自信。除掉这些，最爱的却是您的人文情怀。在上记忆这节课时，您讲了许许多多记忆出错的例子和记忆的不足，最后讲:记忆的遗忘并非是缺陷，而应该是自然的选择。是啊，我们是有种种的不完美，可这是我们自然选择后达到的最好的样子了，真的有从深层次上的悦纳自己，这是我上了大学以来感受到的为数不多的知识带给我的乐趣了。感谢遇见，也感谢冬学期的陪伴。
93462,2152,陈辉,2019-01-10 01:39:17,2,3,1,心理学及应用老师上的还是很有趣的，不想睡觉，并且没有平时作业，小测一个学期两次（听了基本上会写），期末一篇论文
99829,2152,陈辉,2019-01-25 09:56:44,3,7,4,（心理学及应用）超级棒！
99835,2152,陈辉,2019-01-25 08:12:55,-2,3,5,被正太 79分 哭了
99945,2152,陈辉,2019-01-25 10:24:58,0,1,1,无语了，论文认真写了，结果绩点那么低，真是怀疑自己的努力了
101183,2152,陈辉,2019-01-28 01:27:48,0,0,0,先打个十分\n\n老师还是很好的\n\n通核怎么还木的出分
101382,2152,陈辉,2019-01-28 06:13:22,6,6,0,出成绩了给老师打10分！ 老师讲课很有趣 助教人也很好 只要多发言 考试好好写分数都不会低的！
103417,2152,陈辉,2019-02-28 04:01:26,1,3,2,棒棒哒
103865,2152,陈辉,2019-08-20 13:51:06,-22,11,33,什么课堂\n\n尽 放狗屁
105924,2152,陈辉,2019-04-23 07:44:06,10,14,4,汉字与东亚文化，虽然是短暂的一期一会，但是收获满满。老师有很多特别的观点与发现，也鼓励学生有自己的想法，而不是泛泛而谈。做过展示老师一般就会记住同学的名字真的很厉害。老师后来课上唱的荒城の月让我忽然很感动很感动。平心而论，老师是很特立独行，很有个性的，同时也是很负责很认真的，付出的努力老师都会看在眼里，从老师身上学到的探索与思考对我意义重大。
105941,2152,陈辉,2019-04-23 10:14:18,2,4,2,老师本身很博学，其次课程任务也比较少，值得一上
106044,2152,陈辉,2019-04-24 13:38:19,2,2,0,老师真的很好，很博学，虽然有的时候可能会在展示的时候言语比较直接可能不太好听，但是人其实是真的很好的。
106048,2152,陈辉,2019-04-24 14:26:54,7,7,0,老师很好，很博学，我认为打断学生展示并不是没有礼貌，老师已经说过了展示时间8min左右，如果一个学生一拖再拖，后面的学生怎么办？老师打断展示是为了大家着想，是很有原则的体现，超爱他！上课干货满满哦！值得一上！
106075,2152,陈辉,2019-04-25 01:47:22,1,2,1,我觉得还是蛮好的，老师自己很有文化，如果是真的热爱汉字，估计会收获很大。\n\n我上课没有怎么听，因为发现自己不感兴趣，然后展示时间来不及没有做，就用邮件发给了老师，之后把展示的内容写成了论文。给分还可以的，虽然没有很高，但是已经满足了，毕竟感觉这门课大佬很多。\n\n我觉得只要展示PPT有做了，老师知道了，然后论文一定好好写，最好是要有自己的想法，这个是关键，不要把盖棺定论的事情列举出来。
106459,2152,陈辉,2019-04-27 14:40:53,0,0,0,事情少，只要准备ppt展示和最后的论文就可以了，
108276,2152,陈辉,2019-05-19 10:43:55,0,1,1,毫无存在感，没啥意思，没几个人去，连个群都没有
108810,2152,陈辉,2019-06-03 00:54:11,5,5,0,春学期上的心理学及应用，老师很不错的
120854,2152,陈辉,2020-01-17 23:32:48,-9,7,16,上的是杭州与中华文化\n\n事少给分也少\n\n我可去你**\n\n考试两道大题\n\n主观评分\n\n为什么通核不量化考核\n\n我可去你大*的
123908,2152,陈辉,2020-06-16 06:52:24,2,4,2,19年秋学期的 心理学及应用 每节课传纸写名字签到（也就是可以让同学代）；两次小测不能手机查(内容都在讲过的ppt上 ppt建议挑着拍下来) 助教姐姐会下来转（但并不是全无机会）；期末的文章好像是用自己的话解释介绍心理学现象来着，比起其他课的论文我真心觉得不吃力——以及助教会在群里发一些征被试的心理学实验，去做可以加分1h1分上限6分，不过我没做满（时间1h以上的会累眼睛，有的对近视有些限制）。课的内容也算有趣通俗，对于已经有一定了解的同学甚至可能会有点浅显，最后是4.2，幸运没被正态的结果。
127528,2152,陈辉,2020-11-24 04:02:51,1,1,0,心理学及其应用 事少给分好
128455,2152,陈辉,2020-12-23 09:40:21,0,0,0,心理学及应用
131126,2152,陈辉,2021-01-26 05:06:29,3,3,0,一期一会
132238,2152,陈辉,2021-01-31 07:52:32,4,4,0,给分不好，但老师人是真的好，很有学者风度；助教xjj也很可爱
133397,2152,陈辉,2021-02-27 02:16:34,0,1,1,老师人很好，很有风骨的感觉，上课也很有意思。期中一篇论文，期末开卷考试，考试题目是发散性的，主要表达出自己的观点就行。
135163,2152,陈辉,2021-05-05 08:47:52,3,3,0,老师很有一种文人风骨，对很多历史文化有独特的见解。尽管不一定对，但确实为我们提供了看待文化的不同视角，上他的课一方面确实有所收获，一方面又是有趣的（ps:老师唱歌唱的很好）
136173,2152,陈辉,2021-06-12 01:49:16,1,1,0,很博学的老师，看中学生自己的想法，要有自己的见解。很不错！
139955,2152,陈辉,2021-08-22 14:03:38,1,2,1,不会是bd阁主吧ac01
149217,2152,陈辉,2022-01-14 23:39:44,4,7,3,算卦？喜提2.8绩点……
149286,2152,陈辉,2022-01-15 03:45:40,1,2,1,杭州与中华文化\n\n老师很有文人风骨，引导我们如何多角度思考问题，讲课内容也是很有意思，上课认真听能收获比较多（虽然有些观点可能会比较偏激，但老师说过这也是他给我们打开思路的一种方式），老师一直希望的是我们自己的独立思考，有自己的见解，所以在论文和考试中写出自己的想法给分不会很差的。另外助教小姐姐真的很好呀！讨论课非常非常有意思的！
149302,2152,陈辉,2022-01-15 04:32:14,8,10,2,课是好课，助教是好助教，分不是好分
152939,2152,陈辉,2022-04-22 03:57:58,2,3,1,老师很博学也很有趣，感觉上这门课给了我很多思考和启发 之前自己对老师所讲相关知甚少又感兴趣所以来选的，听了以后感觉很有收获\n\n课程事情也不多，展示+论文 展示感觉自己做得真的挺…烂…论文认真写了，写论文查资料的过程中感觉自己又学到了不少 最后成绩自己是满意的啦hhh\n\n老师对这门课态度很认真的，希望大家都可以认真听讲 我之前课上犯错误被老师批评了一下，还挺难过的，因为老师真的很好，讲课也认真 被批评了就会觉得很内疚（）
152950,2152,陈辉,2022-04-22 07:33:45,2,2,0,老师人很有趣，同时治学和授课也很求是，从他身上学到的不仅是文化知识，更是做人做事的态度。
152962,2152,陈辉,2022-04-22 12:29:43,2,2,0,老师真的是全才，既会各种语言，有精通中华文化。给分还这么好！！！！主要是竟然还会唱歌！
153371,2152,陈辉,2022-04-28 15:28:16,-4,5,9,选的汉字与东亚文化。老师前面有关中华文化的部分讲得蛮有意思的，后面韩国与日本部分有点无聊，不过可以当摸鱼的背景音乐。分数由一次展示和期末论文构成，估计最终分数主要看论文。我给他打低分的原因是他也给我打低分。就很气，论文我是独立完成的，（这总不能说没有自己的思想了吧？）然而最终分数却很低，我去问他是不是我的论文哪里有问题，给我来句无可奉告，麻了。花费大量时间，得到一个垃圾分数，无语
153827,2152,陈辉,2022-05-12 09:06:49,35,37,2,汉字与东亚文化。有人这样回忆：主要讲老师自己的见解，也要求每个同学作展示。老师是个诗人兼学究，一个很有意思的小老头，极浪漫又极认真。走路生风，手甩得和肩一样高；头发斑白，神采奕奕，总像喝了一点酒的样子，脸有点红，几次上课都带着一瓶格瓦斯，大概是不太好在上课时喝酒，用格瓦斯代替啤酒。每次课前要放一段音乐，有一次讲日本文化，又在课上给大家放《荒城之月》，兴致所至引吭高歌，充沛的感情无法抑制，歌声以情动人，这是老师像诗人、像歌者的地方，所谓“慷慨悲歌之士”。老师学问很深，精通中日韩三国语言、文字、历史，对东亚历史文化有独到理解。老师讲课的语速慢，旁征博引，讲禅宗、讲樱花、讲俳句、讲物哀，讲wabi、sabi、讲“一期一会”，讲日本人与自然的联系、讲日本人对生命与死亡的态度。讲“韩恨”，课前视频《野蔷薇》我大概永远忘不了，头发花白的男子一袭白衣，像雪一样白，他撼动人心的呐喊是韩国灵魂的哭喊，又一次是“慷慨悲歌之士”重塑了我的认知。对于陈辉老师，我感受不到丝毫的疏离，他事实上很喜欢学生，遗憾的是多数学生并不认真对待他的精心准备的课程。他会生气，但永远一样认真。\n\n陈辉老师说过日本文化中的一种特殊情感，心很痛但不是悲伤，而是温暖的痛，这确实可以很准确地道出某些时刻人的心情，比如有深爱的异性但自觉配不上别人，最后ta跟更优秀的人在一起了（好俗套的剧情），日语竟然有专门的词来形容这种细腻的情感。还有一件事情令我印象深刻。日本文化的强势冲击，现实压力的陡增，人们关注短暂之物，精神世界有些往日本靠拢了，于是樱花开遍大江南北，桃花却被中国人遗忘了，哎。陈辉老师终究是站在中国人的立场解释东亚文化，总希望在日韩文化的深层探寻中华文化的痕迹，他看待现实总带有某种悲哀感。\n\n“一期一会”。
155332,2152,陈辉,2022-06-11 03:58:25,1,5,4,上的老师的汉字与东亚文化，感觉收益匪浅，每听一分钟的课都会博学一点，上陈老师的课就是一种享受。老师很有思想力，认认真真准备课程的内容，而且不断思考不断丰富。\n\n没有考试，考评根据平时表现和课程论文，平时需要有一次展示，不过我因为害怕最终还是没去，但是因为我第一节课给老师发邮件问了一些问题，其中有一个帮助老师修改了PPT不严谨的部分，所以给老师留下了很好的印象。课程论文一定要自己思考，老师喜欢看我们自己的想法，你抄了多少他是一眼就能能看出来的，毕竟研究几十年了。\n\n认真的结果就是，满绩啦！
157440,2152,陈辉,2022-06-23 08:31:43,0,1,1,这学期选了汉字与东亚文化，老师真的很有意思！上课会分享一些历史和他的观点（包括历史人文方面），精通东亚汉字文化圈的各国文化！上课认真听一点都不亏！能选一定要冲啊！老师鼓励创新和新的想法，真的很喜欢他！（ps：可以去看看老师的个人主页，为人很低调很有趣的）
165438,2152,陈辉,2023-01-05 08:48:15,-2,1,3,和蔼有趣，事少分高
165439,2152,陈辉,2023-01-05 08:56:46,3,7,4,拿到了入学以来第一个满绩！陈辉老师很有人文气质，助教姐姐人很好，认真听课能学到很多\n\n讨论课有很多发言的机会，可以练胆hhh\n\n事情不多，期中一篇论文+期末开卷考。期末好好答，讨论课多多发言（我大概一个学期发言了十来次），分数就不会低啦~\n\n对传统文化感兴趣的，强推这门课
166624,2152,陈辉,2023-01-13 04:48:34,5,6,1,杭州与中华文化，内容的有趣程度不是课名可以概括的。事少给分好，老师也非常有水平
167345,2152,陈辉,2023-01-15 14:40:38,5,6,1,杭州与中华文化，很棒的课，作为理工学子学到了不少文化知识，最后也愉快的满绩了～
167446,2152,陈辉,2023-01-16 10:03:09,5,11,6,上的是杭州与中华文化！！上完终于知道为什么这门课这么难抢啦\n\n陈老师有自己独到的见解很喜欢，内容真是越听越想听！下次有机会一定旁听！\n\n讨论课也很轻松，助教姐姐很好，发言也不用太多！一学期2次小组展示～\n\n期中一篇论文期末开卷～\n\n拿到了第一个满绩（一定要好好听课！！）
170722,2152,陈辉,2023-03-08 13:13:17,-24,24,48,呵呵 为什么没有负分？这种脑残厌女老师都能存在，评分还这么高。上课的时候公然说中考不合理，男孩子发育比女生晚，女生在好好学习，男生还在皮，于是分流的时候男孩子就上不了好高中，上不了好大学，造成结婚的时候不匹配，ppt讽刺剩女，“语音与节律”知识点下面举例“喜欢上人家和喜欢上人家”，怎么？全世界其他的多义字都死绝了是吗？非要开这种恶俗下流笑话，还是在女生占比多的课堂？有这种老师真是浙大的耻辱！只希望在座听讲的女生千万不要别他带偏，女生之所以中考高考好是因为这些考好的女生很努力，她们值得优异的成绩；当“剩女”也并不可耻，不是每个人都需要进入婚姻成为妻子和母亲，无畏地成为自己是更值得追求和骄傲一生的事！今天刚好是妇女节，祝所有能看到这条评论的女性们妇女节快乐！也许你看的时候并不是妇女节，没关系，祝你今天过得愉快！
170835,2152,陈辉,2023-03-10 08:03:12,0,11,11,XXN差不多得了
172253,2152,陈辉,2023-04-24 02:04:18,-2,1,3,上的杭州与中华文化 讲的真的好 就是期末要求比较高 但毕竟是通识核心课 老师很博学 助教老师也很贴心 最后也没有卡绩点 95分满绩
173800,2152,陈辉,2023-06-03 05:34:17,1,1,0,上了老师的汉字与东亚文化，老师从不点名，只有一次个人展示和一篇期末论文。选了这么课的一定一定要记住，个人展示尽量要在前两节课就准备好，主动上去拷PPT并展示，因为老师每节课只留出三个展示的名额，所有课都上完之后一共只有二十多个人有展示的机会（我当时的班级里有七八十人），而这个展示分占总评的百分之三十！所以只有早早争取展示才能有更好的机会~我第三节课就跑去展示了，老师能记住所有展示过的人的脸、名字、专业，最后得分也很好。
179120,2152,陈辉,2023-08-28 07:24:29,2,2,0,一期一会~~~
185825,2152,陈辉,2024-01-04 15:50:42,2,2,0,表白杭州与中华文化cyj助教姐姐，人美心善。
186983,2152,陈辉,2024-01-14 04:16:11,1,5,4,别选杭州与中华文化，快逃，课程内容非常晦涩难懂，最后的考试更是抽象至极，我是真的服了，开卷考试，说考试内容只有PPT上有，其他地方都搜不到，你却连个PPT都不给，你让大家跟闭卷考试有什么区别？考试内容也是真让我开了眼了，什么卦象啊，甲骨文啊连历史专业的学生都不一定能搞得明白的问题，你却拿来为难大家，共两道题只要有一个答不好一半卷面分就没了，一个通识课难成这样何必呢？
188438,2152,陈辉,2024-01-19 04:13:48,0,2,2,除了上课不点名没有任何优点，考试完全没法准备，给分不好
188602,2152,陈辉,2024-01-19 10:56:07,0,1,1,哪里给分好了，大部分分都要靠助教给平时分，期末考试故意为难学生，考算卦考杭州话，一题不会直接总评12分没掉，最后被大绩杀
188789,2152,陈辉,2024-01-20 02:42:06,1,4,3,上的是杭州与中华文化，老师特别特别好，讲的知识也都是网上搜不到的，个人特别喜欢citywalk，听了课后再实地游览会别有一番风味。老师的每一节课都有认真听，也做好了笔记，期末取得了人生的第一个满绩，真的很开心！课程是分理论课和讨论课两块的，每周各一节。整个学期就做了两次小组pre，期中一篇论文，期末开卷考。不过期末确实考的很细节，如果没听过课的可能有点困难。总之，课程很有意义，强力推荐
188791,2152,陈辉,2024-01-20 03:04:16,1,2,1,不点名但是考试真的复习不了一点，平时发言十几次，论文中规中矩，考试前看了一遍课也完全考不了，最后3.6只能说助教姐姐尽力了，但是真的很绩杀
188800,2152,陈辉,2024-01-20 04:08:48,2,2,0,陈老师很博学，讲的也很有趣，学到了不少知识，但是纯理科生真的要慎重考虑，尤其是社恐不喜欢发言的理工科生！笨人喜提最低绩点π_π(不过是我自己不喜欢发言刷脸的原因，课是真的很好)
188846,2152,陈辉,2024-01-20 08:07:17,3,4,1,那些说课程烂的有听过课吗……又想水课又想拿高分的话不适合选陈辉老师。
189012,2152,陈辉,2024-01-21 08:42:44,3,4,1,没听过理论课 浅卷了讨论课的发言 期末第一大题杭州话直接30分🈚️了 总评83 供参考
191834,2152,陈辉,2024-05-01 11:14:52,9,9,0,给分挺好，不得不说是大学见过最用心备课的老师之一。上陈老师的课确实会收获很多，用心做的论文没有展示也能得到不错的分数。感受一下老师用心的态度有时候会很感动。正如老师最后一节课所说，这世界这么多人，是多大的缘分才能有缘一起上过一次课，一期一会。
192507,2152,陈辉,2024-05-22 06:11:40,1,2,1,汉字与东亚文化\n\n补选了一次才选上的课，老师很有风格，讲的内容也非常有趣生动，我受益匪浅，上学两年第一次有了自己身处大学课堂的实感……需要一次八分钟的个人展示和一篇期末论文，作为短学期的课程我觉得压力不是很大，可能是因为我开学第三周就把展示做掉了，同时个人对这个领域也比较感兴趣做起来没那么痛苦。对汉字和东亚文化感兴趣的人请一定不要错过这门课。希望我以后还能选上陈老师的课，他真的很可爱很有才华。我做完展示后就记住了我，之后的课程也会偶尔提问我，但是哪怕是我这种天生怕老师的人也没有感到太大的压力。\n\n以及虽然上课不点名但是有因为籍贯/专业被老师点名并记住的可能性（。）建议不要翘课……
192894,2152,陈辉,2024-05-31 10:37:39,3,3,0,一期一会
209317,2152,陈辉,2025-01-05 11:49:49,9,9,0,24秋冬，杭州与中华文化，出分前来评价陈辉老师。\n\n其实他已经到退休年龄了，但还是在一线授课。\n\n看前面同学的表述，如果是卷绩点卷保研的，那杭州与中华文化确实不适合，陈老师也不适合。\n\n以前也选过历史学院其他老师的课，虽然也有不少干货，但是真的太“干”，感觉是在灌知识，至少我是不喜欢的。\n\n而陈老师，实实在在有着一种人文精神和学者气息，我很受感动。\n\n说真的，作为一名工科生，第一次上到这种有人文精神的老师的课，真的是一种享受。\n\n细细品去，陈老师确实是一位博学广闻的老教授。这门课不仅仅是一门历史学的课，还有很多文学、语言学、佛学的知识可以体味到——\n\n是的，这门课内容庞大，也没有“老本”可以吃。所以如果只是当水课上的同学肯定会感到力不从心，更何况期末考的形式要求同学们必须每节课都至少听了。\n\n（前面说什么考杭州话和卦象，其实这两个陈老师都是重复讲了的）\n\n正如陈老师第一节课所言：“十六节课，给你们上下五千年，不亏吧。”\n\n至少我觉得是不亏的，因为我是真的学到了很多东西。至于绩点，我觉得只是一时的东西，而这种体味却是值得我一生回味的。\n\n一期一会。\n\n陈辉先生，我们，在杭州这片因缘之地上，“碰着会”。
209834,2152,陈辉,2025-01-07 08:07:41,4,5,1,杭州与中华文化，真的是很好的课，两次小组展示，一个期中论文和一个期末开卷考（期末复习把智云整个重听了一遍），但说实话算是通核里事情相对较少课程质量又极高的课了。作为一个非常喜欢文化的工科生，哪怕是复习重听也真的很享受陈辉老师的课。听说老师可能快退休了，想听的uu们快冲！
210057,2152,陈辉,2025-01-08 04:45:37,4,5,1,陈老师的杭州与中华文化，豪听！\n\n冷助教，豪人！
210808,2152,陈辉,2025-01-10 03:55:32,2,3,1,冷助教yyds！
211014,2152,陈辉,2025-01-10 10:30:23,2,3,1,特别特别好的通识课！\n\n首先是大课，老师特别儒雅，对学生很好，课程人文气息特别浓，如果喜欢人文的话会很爱这门课的。老师最后还给我们唱歌啊啊啊啊啊。\n\n还有讨论课，lj哥哥yyds，会非常非常认真的准备，非常有趣又活跃的讨论课！！最后给分也挺好的。
211451,2152,陈辉,2025-01-11 12:58:17,0,1,1,陈辉老师真的知识渊博，讲课内容很有趣，会中日韩三国语言，还会给我们唱日语歌。考试还挺简单的，最后给分也还不错（反正我超满意）。助教庄老师人超级亚撒西，不过听陈辉考试讲他好像也要离开学校了，呜呜，为后面的同学不能当他讨论班的同学感到小惋惜（）这门课很有趣，事少，内容很丰富很有营养，我期末一考完就去爬宝石山看保俶塔了哈哈哈，确实很有用，省下了请导游的钱（）
211917,2152,陈辉,2025-01-13 01:48:03,0,2,2,对于真心喜欢中华文化和历史的人而言，杭州与中华文化课真是一门不可多得的好课。陈辉老师的授课内容不光只是文化，还涉及宗教艺术历史哲学等等方方面面。更尤为可贵的是，听lms助教说，陈辉爷爷每周是登山队的领队，是真正心怀热爱地踏遍杭州乃至周边各大自然人文景观，所以老师的讲课中融入许多真实经历，就像历史的沉淀，历久而弥香。\n\n总而言之，用一句话形容这门课，是一个真心热爱文化的老教授，以自己的情怀，感染每一个真正热爱文化的同学。\n\n如果真心喜欢，认真听课，其实期末考试两道论述题都不难，老师上课也都讲过。但如果从不听课，完全没有印象，那么开卷翻阅PPT也很难找到，就很难取得高分了。\n\n感谢陈辉老师给我的满绩，真的很开心！
218025,2152,陈辉,2025-04-19 09:00:37,1,2,1,老师人非常好，我上的是汉字与东亚文化，只需要pre一下然后自己写一篇论文就可以了，老师的课上很有趣，老师会课上唱歌 ，讲的东西也很广泛，不管是什么学科的同学都会有所收获，绩点的话还可以，我之前以为老师有讨论课，（汉字与东亚文化课其实没有）有点担心去问老师能不能补救，老师给我说，活在当下，哈哈哈哈哈哈，非常好的一个老师啊，大家不要错过这个老师的课呀
218032,2152,陈辉,2025-04-19 10:27:07,-1,0,1,汉字与东亚文化，给分很好，上台展示和论文主要看有没有自己的思考（然后注意别跑题就行）
218820,2152,陈辉,2025-05-07 02:36:42,0,1,1,陈辉老师是一个学士很渊博的老师，上完杭州与中华文化又补选了汉字与东亚文化，上课不水，内容很充实有趣，汉字与东亚文化是三节课的普通通识课，第一节课是学生自己根据老师给定的主题做汇报，老师格外要求要有自己的思想和思考，最好不要太泛泛，而是就一个点展开聊聊，没有期末考试，写一篇和主题有关的论文就好，认真写并且有自己的看法、想法新颖就会得高分。总之8节课太短，还没享受够就结束了，非常推荐！！
26,2348,黄河清,2015-03-14 15:28:09,17,36,19,在下是真不懂
586,2348,黄河清,2015-03-15 06:07:42,98,160,62,写论文如同走钢丝，评分如同撞大运。。。
1537,2348,黄河清,2015-03-22 11:19:58,0,36,36,为何不能评0分？
1775,2348,黄河清,2015-03-24 10:29:12,26,40,14,感觉老师很博学
7663,2348,黄河清,2015-09-15 07:52:11,135,175,40,哎 我就挺喜欢这种有态度有表达的老师！
8768,2348,黄河清,2015-09-26 01:19:39,13,34,21,黑西方历史，有些极端了
10014,2348,黄河清,2015-11-14 08:33:52,-1,3,4,三个字
10071,2348,黄河清,2015-11-15 11:01:07,16,22,6,挺有想法的老师
10148,2348,黄河清,2015-11-17 01:21:02,38,75,37,谁能告诉我到底可不可以选这个老师的课呀
10593,2348,黄河清,2015-11-20 10:23:06,18,26,8,其实讲的很好，但是课程安排有问题～如果把艺术部分挪到前面几课讲，大家应该会更能理解他的思想吧
10602,2348,黄河清,2015-11-20 13:39:42,4,27,23,全世界都是阴谋 呵呵呵呵 包括老黄给的分。上百度看看他的文章就造他要讲什么。
10603,2348,黄河清,2015-11-20 13:45:33,8,11,3,爽爽爽
10624,2348,黄河清,2015-11-21 01:15:10,0,2,2,....\n\n
10625,2348,黄河清,2015-11-21 01:22:15,-1,16,17,我真是呵呵了，无脑不用理性思考的所谓教授。。
10628,2348,黄河清,2015-11-21 02:53:49,12,23,11,给分真的是撞大运，可能放在一起的论文是同一个分数，所以全寝室分数都一样
10772,2348,黄河清,2015-11-23 04:59:02,-14,9,23,垃圾老师，从没见过这么垃圾的
11555,2348,黄河清,2015-12-05 03:08:21,77,116,39,那些说老师黑西方的，你们听课了吗？黄老师讲的有理有据，西方文化现代性，社会进化论这些哪里黑西方了？只是客观分析了西方对中国政治文化的影响。
11979,2348,黄河清,2015-12-21 12:20:35,30,42,12,听不同的观点也很好，如果你不抱有成见。至少对我而言星期六的课都是享受。黄老师可以把复杂的表象简化成笔记上的几个中心词，很容易理解。
12856,2348,黄河清,2015-12-24 06:42:40,-2,3,5,呵呵呵呵
13215,2348,黄河清,2015-12-25 08:13:19,70,86,16,期末90分，老师不点名，很有自己的想法！
13970,2348,黄河清,2016-01-03 07:22:56,30,43,13,给分真心可以的。觉得老师可以的呀。\n\n
18191,2348,黄河清,2016-01-21 09:00:08,1,5,4,偏激了有些\n\n
18212,2348,黄河清,2016-01-21 09:33:51,-3,5,8,超好！老师脾气也超好！
18421,2348,黄河清,2016-01-21 15:02:47,-7,9,16,明明顺着你的思想写的论文     无缘无故给低分   我恨你 ! !
19976,2348,黄河清,2016-01-25 17:38:44,92,111,19,黄老师挺好的啊、思想很独特、比较偏激，可能有些人接受不了。顺便说一句，老师的法语很好、去教法语绰绰有余
20649,2348,黄河清,2016-01-29 11:00:43,2,6,4,很有想法的老师。一般有特别有才华的人难免会有些偏激，孤傲，老师人还是很好啦
23771,2348,黄河清,2016-04-15 14:04:43,-3,10,13,给文革洗地，垃圾中的战斗机
24198,2348,黄河清,2016-04-28 07:40:19,2,11,9,为什么不能打0分
24392,2348,黄河清,2016-04-30 08:46:21,-12,13,25,这门课叫做《西方现代文化与现代艺术》，我只听了第一节课就退了，因此可能有不客观之处。既无文化也无艺术，全是毛左，与课程名称有关的唯一内容大概是＂毛泽东算是现代的＂。如果想听每周四节的毛泽东，我会选毛概而不是黄教授私货专题，毛概要客观得多。
24899,2348,黄河清,2016-05-04 09:10:26,2,3,1,很有思想，表达方式独特
25177,2348,黄河清,2016-05-07 02:55:39,15,19,4,我有一本书……
25200,2348,黄河清,2016-05-07 16:58:23,3,9,6,遇見國人正真的價值觀，看見真正的國民性格。
25611,2348,黄河清,2017-10-22 13:55:34,47,108,61,多说两句。老师人偏激了，对于西方文学艺术这种我们都不了解的东西而言，听他讲课会严重影响我们对世界的认识的。一个上科普性质课的老师不应该如此强烈地输出自己的个人观点的，我之前多少了解一点课程内容，把那些本来也代表了艺术家个人追求的作品用这种到处是阴谋论观点来解释我真的好生气。。。更重要的是这样太不负责任了啊！你还老是说你是中国唯一一个看出这些阴谋的人。。。真的不是您脑洞太大吗！承认艺术要向政治低头，但也有的是艺术家有脑子啊orz。太不负责。
25710,2348,黄河清,2017-04-25 14:14:27,2,12,10,谁能告诉我期末论文是啥？万谢。
26405,2348,黄河清,2016-06-18 03:13:43,1,8,7,喜欢这个老师，真的有才华，有想法，有故事。每一次课应该认真听，特别的老师。极其爱中国不应该成为大家批评黄老师的理由。论文有针对老师的讲课内容谈见解，而不是空洞没有内容。老师从来都是一身白色或者浅灰色的衣服，很舒服。
26922,2348,黄河清,2016-06-21 15:19:07,76,99,23,至少应该好好听课了再评论吧。【微笑】一个人成长在只能听到朝向某一大方向的言论，不会成为傻瓜吗？看看《1984》吧！我很感谢老师，老师总是在陈述事实以后再表达他的观点，可能略偏激，但是至少为我们认识世界打开了一条新思路。你难道能说全部都是一个无理智的怀疑论者的言论？！老师也没有特别为毛泽东洗白，承认他的功和过。
28251,2348,黄河清,2016-06-28 08:25:45,3,9,6,有水军 呵呵
31165,2348,黄河清,2016-07-03 10:11:45,8,12,4,黄老师很棒，很给力，能学到很多。\n\n论文认真写，分数不会低的。
31174,2348,黄河清,2016-07-03 10:43:18,10,13,3,哈哈，黄老师上课很认真，会给我们看大量的艺术作品照片，感觉是在享受一场视觉的盛宴 ，老师给分也很好啊，只要论文有自己的观点认真写了就给高分！谢谢老师
31198,2348,黄河清,2016-07-03 11:11:38,42,48,6,个人观点。比起很多课，至少可听性强了很多。只是觉得如果教学的目的不是告诉我们西方现代艺术是垃圾，而是独立审美的培养，可能会更好吧
31215,2348,黄河清,2016-07-03 11:38:02,15,19,4,是有一点点偏激，但其实谁又不是呢？可能是我也讨厌波普艺术的原因吧。中国人少一些媚外多一分自信会不会更好。
31383,2348,黄河清,2016-07-03 23:47:48,17,21,4,上课专心听有收获，不过有些观点很新颖但是是对毛和西方文化的入侵有点激进。不点名，没有平时成绩，上课不许看手机电脑和做作业。论文好好写，高分很容易
33960,2348,黄河清,2016-12-28 06:40:35,-2,7,9,还行╮(￣▽￣)╭可听可不听，从来不点名，也不管你在下面干嘛，但是也不能太过火，一直低头的同学会被骂哦(´-ω-`)，总的来说可拉高绩点（我是指如果你不是学霸，均绩没上4.5，他才能帮你拉高绩点）。
33961,2348,黄河清,2016-09-24 01:30:56,2,11,9,感觉是挺靠谱的老师，比起说一套做另一套的西方人，和只会崇洋媚外的某些媒体，他留学法国十年的经历至少让我更加信服。讲课一点也不水，是很认真地在纠正某些同学的盲信西方，贬低中国的思想。有些时候会有些激动，但至少所有观点都有理有据。感觉世界观被重塑了。向最好的方向。
33963,2348,黄河清,2016-09-24 01:54:55,12,15,3,观点并不新鲜，参考资料并不完全可靠（连货币战争都被用作参考资料了……）。强行跨界，还不如好好讲艺术。
33964,2348,黄河清,2016-09-24 02:23:21,103,129,26,国服第一毛左
33965,2348,黄河清,2016-11-30 06:47:52,-2,4,6,赞赞赞
33967,2348,黄河清,2016-09-24 02:51:53,1,4,3,矫枉过正。观点片面狭隘。不理性
33968,2348,黄河清,2016-11-10 07:18:11,5,8,3,好红好专，仔细听还是会有收获的，但是有些论点不敢苟同
33979,2348,黄河清,2016-09-24 07:22:54,1,4,3,生无可恋
33980,2348,黄河清,2016-09-24 07:30:44,0,1,1,想起了种花家的兔子☺️
33981,2348,黄河清,2016-09-24 08:06:21,10,13,3,老师真是毛爷爷的忠实粉～
33982,2348,黄河清,2016-09-24 09:10:49,-18,3,21,这种人不配在讲台上
33985,2348,黄河清,2016-11-11 10:29:43,1,6,5,呵呵…
33992,2348,黄河清,2017-12-01 04:10:40,403,502,99,观点是其次的，态度是最重要的，这么长时间不出分，证明老师确实在认真地看我们的论文，近600人的选课量，17天的时间，我们允许别人有不同意见，北大容得下辜鸿铭，浙大这么就不有能有黄河请呢？
34001,2348,黄河清,2016-09-25 07:23:51,1,2,1,极品！
34007,2348,黄河清,2016-11-14 01:33:23,15,16,1,简直颠覆我的价值观，感觉人生又重来了一遍，，，长见识了
34049,2348,黄河清,2016-09-26 06:43:38,52,53,1,老师允许学生有自己观点，这点就足够了。。毕竟黄老资质够深，相信能取其精华，有所用处吧(关键是应该给分不低)
34336,2348,黄河清,2016-12-02 11:00:30,22,42,20,建议不要选他的课，这个老师作为学者发一家之言诚然好，但是他作为老师无论是授课，发言，还有什么都很情绪化.批判别人的多，理性挖掘的少。我认为作为这大老师完全是不应该这样的，无论自己水平高不高，至少要谦逊严谨而非标新立异。一般他的学生要不就很讨厌他，要不就是死忠粉。总之你可以欣赏他，但不要崇拜他，你可以批评他，但是不要污蔑他。过分的质疑和追捧会让老师和学生彼此的心态都被扭曲，再次重申我的观点，这个老师其实不怎么适合教书育人
34780,2348,黄河清,2016-10-22 01:21:10,44,49,5,这门课应该改名叫「西方文化与艺术批判」
34782,2348,黄河清,2017-01-09 01:38:38,0,6,6,的确有些极端 但是他并没有强制我们接受    这只是他个人的看法 而且 也算是给我们提供另外一种看问题的思路吧 也学到了挺多的 绩点挺好的呀
34919,2348,黄河清,2016-10-26 12:54:28,1,5,4,满嘴跑火车
35003,2348,黄河清,2016-12-21 08:56:59,0,4,4,河清老师上课真的很好啊！！！可能第一节课把一些人吓跑了 但后面的课都很不错！很多都是现在的现实 值得一听！
35201,2348,黄河清,2016-12-20 03:30:09,0,2,2,很个性，很气场
35202,2348,黄河清,2016-11-05 02:28:32,3,14,11,最后一节课真的受不了了……“绞死建筑师”“阿狗阿猫都能搞建筑”……\n\n拜托，偏激也要有点底线好嘛，承认你说话的权利，但是一边说自己没有评论建筑的权利一边这么放地图炮人身攻击真的好吗
35203,2348,黄河清,2016-11-05 03:08:35,1,6,5,听了那么久，总结下来就一句话，西方的一切都是辣鸡
35208,2348,黄河清,2016-11-05 07:43:58,1,2,1,有个性有思想
35209,2348,黄河清,2016-11-05 08:28:59,24,29,5,黄老师的课有非常独特的观点，但是他不会强迫你接受，只是让你去了解一种不同的观点。期末论文，无论你是要赞成他的观点，还是否定他都可以，只要你有理有据，不复制粘贴网上的东西，有自己的想法和感悟。强烈推荐思想比较具有包容性的同学去听！
35507,2348,黄河清,2016-11-10 07:22:29,1,4,3,又红又专…对其他思想不怎么包容…对毛泽东有强烈的个人崇拜…认为西方当代艺术是骗术。\n\n
35628,2348,黄河清,2016-11-10 07:36:02,8,9,1,个人认为老师有点主观，但是在大学中有思想碰撞与新的看法也是一件乐事。
35855,2348,黄河清,2016-11-10 08:31:56,2,3,1,其实老师人还是挺好的 不过我估计自己的论文分会很难看 就酱
35886,2348,黄河清,2016-11-10 08:42:57,1,5,4,黄老师脑残粉
36077,2348,黄河清,2016-11-29 13:48:16,0,3,3,挺喜欢他的，给分很好。虽然是个毛粉，但是也不失可爱。
36152,2348,黄河清,2016-11-10 15:16:48,3,5,2,一个很有思想比较极端的老师，有助于扩充你对国外的理解，国外思想的理解。但是你还是要有自己的判断和坚持。
36238,2348,黄河清,2016-12-07 01:55:30,0,4,4,正态。。。无话可说
36301,2348,黄河清,2016-11-11 14:54:07,2,3,1,享受～老师有不同于常规的想法，很有料，而为人又温文尔雅，平和的接受过于激动的学生的质疑。可以用聆听不同观点的态度听课，尝试去理解老师的想法，不非要接受，就可以愉快的听下去了～
36915,2348,黄河清,2017-01-21 11:59:06,0,2,2,老师超级好(✪▽✪)
37952,2348,黄河清,2016-11-22 08:17:40,1,4,3,怎么还不出分？？？？？
38121,2348,黄河清,2016-11-25 00:25:26,2,5,3,成绩怎么还没有出来
38190,2348,黄河清,2016-11-26 08:26:45,2,7,5,真心出成绩慢 沃日\n\n
38192,2348,黄河清,2016-11-26 02:10:24,2,5,3,跪求出分？
38196,2348,黄河清,2016-11-26 04:47:47,1,5,4,跪求出分？
38294,2348,黄河清,2016-11-29 12:00:49,5,7,2,还有什么好奢求的？？？\n\n不点名 作业少\n\n论文只要有自己的观点就可以
38295,2348,黄河清,2016-11-29 12:30:31,2,4,2,讲道理如果要水课真的很简单。。。不点名，论文题目已给――没有题目。写上课感想即可。。。但建议还是来听一听，且不说从你选这门课总是有点期待来说，就功利一点的话，听了课期末写论文就不会范范的了，总该有点感想。。。。并且我觉得老师虽然有点偏激，但是确实给我们一个不一样的视角看固有在我们脑子里的东西吧。。。
38299,2348,黄河清,2016-11-29 13:54:19,20,22,2,首先 他很敬业 是个用心备课的老师 再者观点鲜明 大家都是有自己思想的成年人 如果很容易被他的思想动摇说明你本来就是墙头草没自己的立场 他不强求接受他的观点 他欢迎同学发出不同的声音 最后即使在八节课以后你仍对他有很大意见 完全可以表达在最后的论文里 我就是最后写了反驳他的 最后分还不错?
38302,2348,黄河清,2016-11-29 15:10:29,-3,4,7,有思想确实是好事，但浙大有自己思想的老师也有不少，这个老师不说太偏激，也至少有些观点欠妥。老师的确承认毛主席的过，如下:毛主席的方向思路是正确的，只是下面人执行时出了差错；自古以来皇帝怎么怎么样，毛主席比他们好的多了；毛主席是千古第一伟人，九分功一分过……我不反毛，你一定要说我们反毛要掰正我们的思想那我也只好反毛了，一味输出价值观的方式真的会令人生厌！只要有独立的想法，给分还可以。
38303,2348,黄河清,2016-11-29 15:26:17,1,3,2,刚刚查到分数  老师很好  前提是你认真听课  我觉得很幸运
38304,2348,黄河清,2017-04-28 23:07:58,107,113,6,从此不敢直视央视大楼233333333
38313,2348,黄河清,2016-11-30 01:02:03,-4,4,8,给分差   完全靠运气
38316,2348,黄河清,2016-11-30 01:49:13,-1,1,2,呃，反正就是不让你玩手机写作业
38318,2348,黄河清,2017-01-03 04:20:32,0,3,3,很好的老师
38320,2348,黄河清,2016-11-30 02:11:23,0,1,1,有些偏激，但很有自己的想法
38321,2348,黄河清,2016-11-30 02:29:51,0,1,1,老师很有个性，给分很好
38323,2348,黄河清,2016-11-30 02:49:50,0,1,1,还不错？老师是个很认真的人，也很有自己的想法。\n\n
38325,2348,黄河清,2016-11-30 02:50:01,2,3,1,老实讲，我对老师的上课内容满满的个人想法觉得可以接受...而且不点名真的很好～～而且期末论文给分我也蛮满意的，讲道理他给学生的平均分就有4.04……好好写自己的看法分数不会低的
38328,2348,黄河清,2016-11-30 03:03:29,0,1,1,上课比较极端。对西方的历史文化最在一定的偏见。但是有些见解确实是出自第三者的角度来陈述西方的史实。主要老师给分不错
38329,2348,黄河清,2016-11-30 03:04:33,-4,0,4,非常好的老师，给分很好
38330,2348,黄河清,2016-11-30 03:06:51,0,2,2,老师，学识修养很深，但是也是侯有点偏激了～给分不错
38334,2348,黄河清,2016-11-30 03:56:15,2,5,3,干货多，有自己的想法！不点名，给分超级好！建议通识课学这门课！绝对提绩点！
38335,2348,黄河清,2016-11-30 05:19:56,0,2,2,上老师的课态度很重要，如果只是想要水水的就别来了。认真听了以后有选择地接收知识，收获还是很多的。
38342,2348,黄河清,2016-11-30 08:00:12,3,6,3,可以一听，但没必要完全接受，全当开阔视野。
38348,2348,黄河清,2016-11-30 13:16:28,1,4,3,很肆意潇洒充满个性桀骜不驯才华横溢的人啊~ 上课认真看论文也很认真~ 艺术文学这样不能定性的东西本来就应该畅所欲言存入是非。给分中肯，论文发挥的余地很大。总之很喜欢
38401,2348,黄河清,2016-12-02 07:17:51,-1,0,1,哈哈哈
38422,2348,黄河清,2016-12-04 08:22:29,0,1,1,我喜欢老师的课，其实老师讲课真的很好，可能第一节比较……但老师后面的课说实话很值得少一个懒觉去感受
38512,2348,黄河清,2016-12-07 09:31:10,9,9,0,老师讲课的态度真的非常认真，虽然很多人会说偏激之类的，其实我第一次听课也有这样的感觉，但是，后来发现，这并不是偏激，而是用一种很客观的只是我们不太注意的角度去讲一个问题，老师很有自己的想法，也鼓励我们有自己的想法
38515,2348,黄河清,2016-12-07 11:50:19,0,2,2,老师虽然观点不主流，但有些值得一听\n\n及，写论文要有诚意
38529,2348,黄河清,2016-12-08 01:57:59,-3,0,3,给分不错\n\n有些上课内容不错\n\n但思想太偏激\n\n
38561,2348,黄河清,2016-12-09 01:41:55,0,2,2,老师的观点有点极端偏激但不乏独到之处。只要认真对待最后的文章，给分还是不错的。
38575,2348,黄河清,2016-12-09 11:18:36,-2,3,5,期末给分真的很棒 还发邮件邀请喝茶谈心\n\n
38589,2348,黄河清,2016-12-10 14:21:25,0,3,3,老师讲课思路清晰，对文化与艺术有自己的观点，是一个有态度有想法的人，虽然有些时候比较偏激，但艺术就是应该允许有不同的观点存在，顺便说老师给分可以啊~
38742,2348,黄河清,2017-06-07 06:05:44,3,6,3,虽然有些观点不敢苟同 ，第一节课觉得这个老师很偏激啊。后来觉得，但是 课程本身 还是有值得听的地方 。论文参考了老师的书里的一些资料，字书写的超级少，两千字，最后4.8
39149,2348,黄河清,2016-12-21 11:21:50,0,2,2,上课从不点名 事情少 只有最后一篇论文 而且给分不错
39157,2348,黄河清,2016-12-21 11:42:32,-3,0,3,非常棒
39238,2348,黄河清,2016-12-21 17:01:56,1,3,2,论文真的搞不懂怎么评的
40033,2348,黄河清,2016-12-29 01:58:00,-16,3,19,3.9是不是被正态了，呵呵→_→真心认真听了课，写了论文，不知道如何评价……最怕这种给分如同撞大运的水课……
50046,2348,黄河清,2017-04-29 01:02:39,-6,4,10,差不多就是网上阴谋论，段子的大集合……还几年前流行的那些……
50068,2348,黄河清,2017-04-29 06:14:25,0,1,1,从来不觉得有不一样的观点有啥不好，但是老师你表达观点的方式有点左啊，而且支持老师的一些观点，但希望您换个方式表达
50102,2348,黄河清,2017-04-30 00:07:45,2,2,0,那个，各位去看看南方公园，我觉得南方公园和这个课有异曲同工之妙
51298,2348,黄河清,2017-05-29 08:10:19,9,12,3,这个老师很有他的价值判断在，而且他是一个很有民族性的老师，虽然他的观点在旁人看来可能是偏激的，可他总是让我想起鲁迅先生的一句话：惟有民魂是值得宝贵的，惟有他发扬起来，中国才有真进步。
51380,2348,黄河清,2017-06-03 03:30:52,1,2,1,黄老师绝对是好老师
51721,2348,黄河清,2017-07-03 10:17:39,0,1,1,这门课均绩好高……
51787,2348,黄河清,2017-06-10 07:57:20,2,3,1,不赞成没有主见的学生去听 因为他说的很多都不一定对 非常主观 爱吹牛逼 有思考的人去听听应该还是有收获的
51933,2348,黄河清,2017-06-13 15:46:26,0,0,0,没听课，嗯还是感谢老师。
52174,2348,黄河清,2017-06-15 11:08:37,5,7,2,微博上看到争议过来的，支持黄老师！
52267,2348,黄河清,2017-06-16 18:13:49,9,9,0,同从微博微博过来的，老师实力回应，实在是棒！
52273,2348,黄河清,2017-06-17 04:48:29,199,224,25,今天上了老师这个学期的最后一节课，他这节课讲的是评判一幅画作好坏的标准以及破除西方文化中心论的讲座。我想说的是，你可以不接受老师的价值判断，譬如文化大革命根本不是大浩劫，美国911恐怖袭击是美国人自己干的，西方的历史充满了谎言，我认为这是对的。不是因为老师说的是错的，而是因为在没有自己亲身考证的情况下，相信一切和不相信一切本身都欠妥当。但我仍然记得老师教导我以后得到一个信息要问自己四个问题：作者是谁？代表了谁的立场？有证据吗？可信吗？我想这是对的，是抛开老师那些价值判断后依然留下来的值得谨记的东西。今天老师说了一段话，让我有一种幡然醒悟的感觉，大致意思在我的理解下是这样的：既然我们认为“君权神授”是迷信，那么“天赋人权”同样是迷信，人的权利是社会的产物，一个孤立的人就无所谓权利，权利不是生来就有的，而是社会赋予的。现在想来确实是这样，权利和义务是相对的，往往一方的权利就是另一方的义务，如果连双方这个前提条件都不存在，那么又何来义务，何来权利呢？老师敢于表达自己的观点，不愿意为了挽留学生听课而改变自己的讲课内容，起码他有自己的态度。思想无论怎样，思想本身即是闪光。浙大有这一号黄某人让我更加懂得校歌中“海纳百川”不是说说而已，我也为自己能够听黄某人一学期的课感到幸运。
52274,2348,黄河清,2017-06-17 05:40:36,-1,1,2,累了吧
52492,2348,黄河清,2017-06-20 12:58:11,14,15,1,总之是上大学以来第一位让我思考得很多的老师
52705,2348,黄河清,2017-06-22 08:24:28,7,7,0,不点名 不让用电脑 老师的观点值得认真去听 乍一看好像很偏激 其实非常有道理啊！
56247,2348,黄河清,2017-07-03 10:21:07,1,1,0,还是能学到一些东西的，老师不点名，也不喜欢上课有学生干别的事，去了就认真听吧，hui有收获的
56252,2348,黄河清,2017-07-03 10:30:18,-20,1,21,hhh强烈建议！工科生不要选，文科生还可以。上课认真听，论文认真做，就是分低。没办法呵呵呵
56254,2348,黄河清,2017-07-03 10:31:38,7,7,0,老师的观点让人有一种突然惊醒的感觉。听他的课，在看看他的书，会发现一个新世界。他的课很自由，但是论文要认真写。
56255,2348,黄河清,2017-07-03 10:32:53,8,8,0,觉得课去上还是有很多思考的 我觉得有句话说大学要有大师之谓也 这位老师且不捧他真的带给我很多思考 是我理想中大学老师的样子 很像曾经北大的陈独秀 那种激昂慷慨 让我仿佛感受到烽火年代的救国激情 嗯关于成绩 就是只要认真写了 就不会低 不在于正不正确 而在于你自己的思考
56265,2348,黄河清,2017-07-03 11:00:43,16,16,0,老师特别有文人气质。之前课都没有特别认真去听， 但是最后被那篇《河清答晚晚》戳中， 从此被圈粉。
56280,2348,黄河清,2017-07-03 11:29:42,1,1,0,发人深思
56357,2348,黄河清,2017-07-03 14:31:50,6,7,1,作业反驳老师观点4.2
56417,2348,黄河清,2017-07-03 16:53:53,-2,2,4,"老师说""西方一切都是垃圾的""有没有听过课？老师强调过很多遍，他针对的只是""现代艺术""，带引号的、特指美国主导的、类似波普艺术的、反绘画反雕塑等反传统的艺术！"
56548,2348,黄河清,2017-07-04 03:18:31,9,12,3,平常听过两三节课，没来上课的时间读了老师的著作。期末论文总体而言是反对老师的西方艺术是彻底的垃圾该观点。92分。
56725,2348,黄河清,2017-07-04 12:37:35,1,2,1,我觉得以开放的心态听听他的课还是不错的，取其精华去其糟粕，毕竟社会上只有一种声音的话也蛮奇怪的。具体来讲，讲的很充实，不点名 一篇论文 给分挺客观
56869,2348,黄河清,2017-07-05 01:52:29,0,1,1,挺不错的老师，就是上课不让玩手机，有点严，给分还可以
58996,2348,黄河清,2017-09-19 04:05:33,-2,1,3,真正的知识分子
58999,2348,黄河清,2017-09-19 05:04:55,7,9,2,你可以说你上完他的课不敢再直视央视大楼，但我上完他的课我发现他应该是希望我们重新审视我们的传统，我们的民族。
59571,2348,黄河清,2017-09-23 06:21:43,-5,0,5,给中华民族中华文化以自信，很喜欢老师的观点，讲的很好很认真，很喜欢老师的观点
59572,2348,黄河清,2017-11-30 10:16:42,3,11,8,论文拿了80 email他问我论文有什么问题 态度极其恶劣 说的我好像抄袭了什么的 问我觉得该多少分 叫我发网上叫大家评分 出分后问过很多老师我论文的问题 大多老师都会给出意见 就这老师的回复最阴阳怪气的 说说什么扣分点很难吗？反正到现在还没回我 不怪别人说你论文评分撞大运 全凭个人感情
61198,2348,黄河清,2017-11-11 03:45:49,180,194,14,我坚决不赞同老师50%的观点，但我坚决捍卫他存在的必要性。
61199,2348,黄河清,2017-11-11 06:21:59,2,3,1,我就是不懂凭什么别人的想法就是诡辩……凭这一点再有想法的老师也不过是把自己的想法强加给别人
61200,2348,黄河清,2017-11-11 07:13:49,8,12,4,老师60岁完全看不出来，就像个30岁小伙砸。观点犀利又深刻。认真听能够学到很多东西。这是我迄今最喜欢的一个老师了
61345,2348,黄河清,2017-11-15 03:37:24,6,7,1,认真听了他一学期的课，黄老师人很有趣且负责，观点偏激但不乏闪光点，作为批评家很有态度，但作为学者有点局限于自己的观点中了，作为老师讲课比较中规中矩。推荐有一定基础或者想法的同学选，不然容易被他的观点先入为主
61366,2348,黄河清,2017-12-19 09:31:56,0,1,1,来个人说一下论文啥时候交
62870,2348,黄河清,2017-11-27 07:55:45,0,3,3,啥时候出成绩啊。。。
63177,2348,黄河清,2017-11-29 02:45:27,1,3,2,越听越觉得自己无知，老师是有学问的，我没能达到那个高度，因此上对于一些观点我只能默默接受，其后的求证确实是个蛮“浩大”的工程，但是负责任地讲，黄老师确实是有思考、敢说话、学问渊深的学者，只凭这一点就胜过不知多少人了。\n\n这段评论发出来时，我的成绩还没出，但无论评分高低，都无改与我对老师的钦佩！
63227,2348,黄河清,2017-11-29 10:21:08,3,4,1,我欣赏这样的老师，有观点，有思考，在人文领域能引起争议与激荡的老师才是大学真正需要的。上课不要求八点到，平时从来不点名，真正以课堂内容在吸引愿意听讲的学生。他对我们习以为常的东西有一种忧虑，我很感激。
63229,2348,黄河清,2017-11-29 10:25:31,-4,2,6,老师真的很好 看老师微博的时候看到下面很多人在那里骂老师 当然都是一些感觉没啥文化的键盘侠…支持老师
63233,2348,黄河清,2017-11-29 10:48:48,1,3,2,很多人觉得老师偏激，但这样固执到甚至有点偏执的老师是有着可爱之处的。我也不赞同老师的很多观点，但老师至少有发出另一种声音，有被听到的价值。期末论文纯粹是以自己一个外行人的角度写的，有赞同也有批判，最后4.5，很满意了。
63234,2348,黄河清,2017-11-30 04:38:05,2,3,1,呵。呵。哒。
63235,2348,黄河清,2017-11-29 10:54:37,-2,0,2,给分挺好的，而且老师的观点也有一定道理?
63237,2348,黄河清,2017-11-29 11:02:12,10,13,3,每次上完课都和老师讨论一会，发现其实老师是一个很有人格魅力的人，自信而有思想，尤其对于中国文化的自信是值得我们每个人学习和作为信仰的！每次上课时间虽然长，但的确是很让人收获满满的！！(我并没有发现老师的观点有多么偏激，如果有人这样说，那我希望作为浙大的学生是否需要去了解更多知识丰富一下自己的历史价值观和社会评价体系？)\n\n最后，强推同学们上完课和老师多聊会天，会收获很多的
63242,2348,黄河清,2017-11-29 11:52:14,-8,3,11,冲着4.8也打个满分
63243,2348,黄河清,2017-11-29 12:03:17,1,2,1,大家都应该来听一次课。
63254,2348,黄河清,2017-11-29 13:28:11,-3,4,7,河清老师的观点可以说是很有冲击性的，提供另一种思路吧，可以不赞同但是要包容。老师很有魅力，是真的，念法文很性感，心态也很年轻，感觉这才是人文的教授。最后，给分简直好得不得了。
63257,2348,黄河清,2017-11-29 14:05:54,-5,3,8,抱歉，我确实被老师的评分收买了(*°∀°)=3出分超乎想象，以为会挂结果上了90，感觉老师确实对艺术史很了解，虽然有些意见太自我Σ(|||▽||| )但是听起来也是很有趣的(*°∀°)=3“让舅舅见鬼去吧”
63266,2348,黄河清,2017-11-29 16:04:04,0,2,2,老师讲课很有想法很有深度  对于一些知道老师不会点名就疯狂翘课的人来说  个人认为有点可惜
63293,2348,黄河清,2017-11-30 07:05:00,0,1,1,每个人都可以有自己的观点，你可以不认同老师的观点，但你不能就此否认他是一个好老师
63320,2348,黄河清,2017-11-30 11:54:03,1,3,2,我觉得老师上课的内容并不重要，或者说我们很快就会淡忘，但是重要的是看待问题事件的方法，这才是最重要的
63326,2348,黄河清,2017-11-30 16:42:38,1,1,0,给分不错
63353,2348,黄河清,2017-12-01 08:08:24,0,1,1,呵呵呵
63366,2348,黄河清,2017-12-01 17:12:56,17,24,7,2分吧挺中肯的。大三建筑生。别的现代艺术不讨论，现代建筑的弊病老师说了一些，主观的瞎扯淡老师也说了一些。但这不是一门建筑学专业课，给其他专业的学生灌输这种断章取义、以偏概全的信息真的好吗，我以为通识课应当让学生们获得一些全面的、理性的、客观的对其他专业的认知。否则就是误人子弟。
63385,2348,黄河清,2017-12-02 07:51:54,1,1,0,有思想  讲课真的挺有趣的。还是去听下课吧，会有收获的
63422,2348,黄河清,2017-12-03 14:34:58,0,2,2,给分很不服。
63686,2348,黄河清,2017-12-12 16:50:37,17,24,7,1.毫无自己的理论建树，就是将别人的思想大杂烩弄成一套体系。\n\n2.对西方历史阴谋说的批评论证过程荒谬\n\n3.对于那些说hhq敢说的人，不明白说这些毫无政治成本的话，有什么好不敢的:)
63698,2348,黄河清,2017-12-13 03:58:37,4,14,10,毛左 为了思想上的开倒车奋斗着
63710,2348,黄河清,2017-12-19 09:30:01,-13,3,16,这种水平的人老师也配在浙大
64116,2348,黄河清,2017-12-21 04:07:00,9,22,13,老师有自己的价值判断和价值选择，他想把自己的想法表达出来有什么错?都是大学生了，你觉得他的想法跟你相悖你可以不听，扰乱课堂秩序，当庭争辩很有意思?你要是有自己的想法你可以下课去跟老师探讨，别破坏别人的上课体验。何况我觉得黄老师的剖析西方艺术的角度也是我们一直忽略的地方，当今西方文化已经在中国侵蚀太深了，我们自己的文化自觉和文化自信去了哪里?是像艾未未那样成为资本主义的走狗还是挺直脊梁做中国自己的民族艺术，请各位好好思量。言尽于此，被资本主义洗脑的水军好自为之。
64926,2348,黄河清,2017-12-28 03:30:21,5,6,1,有个性，好
69816,2348,黄河清,2018-01-25 12:40:29,7,8,1,老师上课是不点名的，第一节课也说过你们来不来听课无所谓，但是来了就不要做其他的事情。上课不能用电脑。对于老师的很多观点我的确无法苟同，但是不能说是一派胡言吧，收获了很多独特的思维方式，平时习惯的都是听老师所授，自己的思考并不多，而听这门课的时候，我是真正的在思考，怀疑老师的观点之类，写期末论文的时候也是写出了一些真实的想法，就这点而言，我认为这门课还是值得去听一听的。当然老师给分也不错。
75600,2348,黄河清,2018-03-14 02:09:46,-19,4,23,老而不死是为贼。
76336,2348,黄河清,2018-04-03 11:24:58,-3,3,6,思想偏激，满脑子阴谋论
78745,2348,黄河清,2018-05-15 03:08:59,-1,7,8,不是讲西方现代文化与现代艺术吗？宣讲中国传统文化几个意思？建议老师取消此门课程，开一门中国文化自信的课程。
79306,2348,黄河清,2018-05-30 15:28:55,3,4,1,很有收获 我并不难完全认同他的观念 但我能够接受和理解他的意思 并感叹他这样的思想 是真正的文人
79946,2348,黄河清,2018-06-16 03:08:58,2,2,0,很有收获，致敬黄老师！
80248,2348,黄河清,2018-06-23 03:19:16,4,7,3,如今大学生，中国大学生，真的都应该听听黄老师的课
80255,2348,黄河清,2018-06-23 07:36:44,0,4,4,文科中的民科
84696,2348,黄河清,2019-02-24 06:48:11,21,27,6,期末写了与老师不同的观点，顺便把他定性为保守主义者，然后90分??‍?我不赞同他的部分观点，但我相信他是个好老师～
84703,2348,黄河清,2018-07-13 14:52:58,0,2,2,这是中国需要的声音
84721,2348,黄河清,2018-07-13 15:30:44,0,0,0,老师有自己的想法，感觉可以听到不一样的声音与观点，至于认同不认同是个人的事情，老师只是为我们提供一种新的思考方式。
84751,2348,黄河清,2018-07-13 20:08:30,3,5,2,4.5 谢谢老师 只听了两次有点愧疚
84764,2348,黄河清,2018-07-13 23:25:03,5,7,2,每次都听，论文按要求写，最后80
84771,2348,黄河清,2018-07-13 23:47:47,1,2,1,能听老师讲课的确是一种幸运，不论大家对老师讲的东西到底认不认同，都引发了我们的很多思考，就像老师说的，这门课真的是干货满满。
84787,2348,黄河清,2018-07-14 01:30:11,52,56,4,敢于发表自己的观点，为人谦虚和蔼。\n\n很多人听了他的课，感觉他就是桀骜不驯，但实则不然，他课上的激情澎湃，是为了让同学们更深刻地思考。我期末论文写了3篇文章，分别反对他的三个观点，给分90。说明他是真的认真在看我们写的文章，同时认可别人的观点。作为一个经历了如此多的事的浙大教授，还能够认真倾听他人的观点，并客观评价，而台下的学生却不愿意听他的观点。究竟是谁更固执己见、自以为是，也就不言而喻了。\n\n同时，有的观点不认可很正常，老师上课本来就不是为了洗脑，要让你一定相信他之类的，而是让你去思考，之前理所当然的事情，是否是经过思考之后的结论。如果你思考后，仍然认为老师错了，OK，你可以下来交流，或者写到论文里，老师是很高兴、很欢迎的。
84886,2348,黄河清,2018-07-14 07:47:57,23,26,3,如果我还是大一初来乍到意气风发的时候，那我一定会喜欢和老师讨论中国历史和西方艺术，可惜非人文专业的咸鱼已经对这些提不起多大兴趣了。前面的课没去上，后面老师讲的当代中国文化撕裂我是深有感触，事实上论文也是朝这个方向写的，也算是慰藉了我内心深处还残存的一点历史文学的情怀吧2333    \n\n  93分。黄河清是一个当代中国需要的毛左，黄河清的课，无论赞否，能启发我们的一点想法，那就是甘霖。
85165,2348,黄河清,2018-07-16 01:20:45,-2,2,4,上过一节课最后两小时写了论文上4，给分的确不错
85495,2348,黄河清,2018-07-18 13:35:25,0,5,5,我给零分好么。我去交论文，在我的论文背面写上“上午”，放在上午班那一摞，但是我是下午班的。把我论文弄丢了，直接给了零分。后来因为全班已经正态完了，直接塞进80以下的档。? ? ?
86417,2348,黄河清,2018-09-15 17:40:05,1,6,5,很有自己的想法，你可以不同意老师的价值观，但你应该学会老师的质疑态度和方式，毕竟没有人可以完全证明老师所言是错误的，如果你在论文里证明老师是错误的，我相信老师很乐意给你满绩。
87196,2348,黄河清,2018-09-22 02:19:48,5,13,8,就凭这一句“拜占庭帝国不存在” 我就不得不打1分
87203,2348,黄河清,2018-09-22 06:36:20,19,26,7,你们听课了吗，是可以有不同的观点，甚至是偏激的观点，但是其内在的逻辑是什么狗屁，体验一下：\n\n因为烧了波斯的柱子 那么亚历山大就是文明的破坏者 而否认其对文明的传播 \n\n因为阿拉伯翻译了希腊 所以认为希腊文化是东方的 否认希腊的几何 认为数学都是来自阿拉伯 \n\n马拉松跑死人 所以说是有害的\n\n\n\n嗯就差不多这样，那些说有理有据的，我们出来谈谈，随便拿个观点我都可以给他批的狗血喷头，受得了不同观点，受不了这样的逻辑漏洞
87285,2348,黄河清,2018-09-26 14:14:07,1,5,4,听了一节课，有些观点可能的确不严密，不过首先老师不可能在这么短的课程里将所有证据都拿出来，其次，就算他的逻辑不足以支撑他的观点，也不能否认他的观点的可能性以及一些事实的存在，老师可能没有这么优秀，不过有些人还是不要太偏激吧
88082,2348,黄河清,2018-10-22 02:43:43,31,44,13,请允许我列举老师的观点如下：\n\n1.拜占庭帝国不存在\n\n2.希腊因为一部分位于亚洲所以希腊文化属于东方文化\n\n3.突尼斯属于东方 摩洛哥属于东方\n\n4.《万国坤舆图》比哥伦布还牛逼\n\n5.阿拉伯早在十一世纪就了解东方 所以航海大发现都是扯淡\n\n6.印刷术是中国传给西方的\n\n7.大众认为“西方”属于现代 “东方”全是传统（在他眼里可能中国大众都是对着巴黎圣母院就夸“摩登”的睁眼瞎）\n\n8.西方古代OT地图把东方画在地图上方 所以古代西方一直很崇拜东方\n\n9.雅典娜可能是非洲黑人（就算你想说雅典娜原是埃及神明 埃及也不是黑皮肤啊）\n\n10.本教授一点也不否认西方文化\n\n请上面那些带着一副“有容乃大”嘴脸的同学好好去翻下历史书 或者好好理清一下逻辑 什么拜占庭帝国是后世西方历史学家家提出的名词所以拜占庭帝国不存在？那汉武帝还是谥号呢 汉武帝也不存在？没一个逻辑有道理。烦请各位同学有点辨别能力 我们能包容各家言论 但那得有最基本的逻辑 包容不是我们容忍有人在台上忽悠瞎讲一气的理由
88669,2348,黄河清,2018-11-05 08:33:52,10,11,1,前几节课过于偏激容易劝退，后面反而开始有趣起来，美国的当代“艺术”，日本德国的文化殖民，都是值得思考的观点。人家毕竟去过巴黎，与艺术家们交流过，我没去过，以我浅薄的知识能反驳老师的点，也就只有一个拜占庭存不存在了
88847,2348,黄河清,2018-11-10 02:16:41,32,33,1,有自己的思想是好……但让一个坚持崇尚中国传统美学审美的人去教西方现代艺术，于学生而言一般是学不到自己想学的东西的，实在是对双方的不尊重。
90426,2348,黄河清,2018-11-28 17:50:22,3,5,2,只有呵呵
90934,2348,黄河清,2018-11-28 00:14:41,0,0,0,认真听 或者不去，论文仔细写一下就可以
90935,2348,黄河清,2018-11-28 00:14:58,6,6,0,讲的课的内容其实也算另一个视角，虽然与课程名称可能不那么符合，但也其实也能扩充点自己的视野。\n\n老师的专业水平其实应该说得过去，不过其观点可能还需要诸君自己辨别思考。\n\n期末论文在一些专业程度和观点上都轻微diss了他一下，结果最终4.5的给分，实在良心，成功将我收买…（手动苦笑）
90937,2348,黄河清,2018-11-28 00:25:30,1,3,2,老师给分太好啦
90940,2348,黄河清,2018-11-28 07:31:43,-5,5,10,真的无语，本来还不想说什么，就探讨一下论文的分数，找问题，然后就用一个统一回复来糊弄一下？横加指责，无理无礼，评分之后的态度真的不负责任。\n\n然后说一下水平，这老师在学术界是深受批判被称为满口谎言的一个人，如果想学西方艺术文化的，千万别选，如果只是混分了解一下他的观点的还是可以听听，有点意思也有点毁三观的，仁者见仁。如果是民族主义者和毛左坚定分子还是可以认同他的很多言论的，尽管你不一定知道他说的是不是学术事实。
90942,2348,黄河清,2018-11-28 01:30:13,1,1,0,吹爆老师
90943,2348,黄河清,2018-11-28 01:35:43,5,6,1,老师有自己非常独到的观点，虽然经常会在课上diss西方当代艺术，但是到最后写论文查资料的时候，我自己也是有点认同他的观点的。总的来说，可能会有点偏激，不是很客观，但是有这样的老师还是一件好事，毕竟大学就是应该听听不同的人各抒己见，而不是泛泛而谈。关于课程 不点明，可来可不来。最后论文好好写，不要上网抄，写出自己的观点，分数自然不低啊!毕竟今年均绩上4了嘻嘻
90960,2348,黄河清,2018-11-28 05:33:41,3,3,0,老师的很多观点在我看来都是颠覆性的，虽然对西方艺术的diss比较偏激。但关于西方文化侵蚀的内容，我觉得很值得一听，也应该引起我们的思考与重视。从不点名，给分还阔以
90966,2348,黄河清,2018-11-28 06:58:07,4,6,2,上老师之前看过了前人的评价。平心而论，老师的课是值得听的。每次课之前都可以看到老师录制的访问巴黎的纪录片。后来老师还为了让我们多睡一会儿，延迟了上课时间。老师的一些观点确实对我来说闻所未闻，独一无二，但是老师依然尊重我们自己的看法。开始几堂课主要讲了老师对于西方进步论的看法，后来几节课的PPT中会有许多艺术作品（包括但不限于画作和建筑），确实开阔了我的眼界。而且老师的法语很棒。老师有节课对在教室里干自己事情的同学表示了不满，但后来也没有什么记名字之类。虽然对于很多人来说，这门课很水，只需要大作文好好写就行了，但是真的，去听听吧，会有收获的！在浙大，拥有像河清老师这样的经历，气质，思想的人，并不多啊。甚至我认为，他是独一无二的。
91000,2348,黄河清,2018-11-29 00:04:18,6,6,0,老师的课真的学到了很多，虽然可能有点观点有些偏激，但确实能让我们对西方的观点产生一个改观，然后不点名，课程论文是表达自己的观点，不用看太多参考资料，一篇议论文，表达自己的观点就好，出分这么迟说明老师确实在认真看我们的论文，很好的老师
91003,2348,黄河清,2018-11-29 00:49:42,13,16,3,全面否定西方历史与文化，我是不能接收的；但宣扬中国的文化自信，我觉得是很有必要的。有观点，有态度，欢迎选修黄老师的课，也很感谢老师给我一个4.8。听他的课要注意独立思考！
91008,2348,黄河清,2018-11-29 01:17:16,3,3,0,有收获\n\n
91027,2348,黄河清,2018-11-29 05:04:16,0,0,0,老师挺好的
91069,2348,黄河清,2018-11-29 12:17:32,9,10,1,老师人很好的，有一些自己的观点我是比较认可的，但因人而异。不得不说老师这种观点很难得，中国也比较缺少这样的人，老师也很担心中国文化的走向。说老实话，有时候听进去了老师的课，会有一种自己一定要努力学习振兴中国文化的强烈想法。老师人真的很好，你们可以去微博上找找河清答晚晚的那篇文章，信手拈来又自带风骨，真的是学术界上很难得的老师。不管别人怎么评价老师，我觉得他的课还是很给人启发的，至少我觉得自己还是学到了很多东西的，也会更加深入的思考一些问题。至于给分，这个要看你自己的论文逻辑与理解能力，我是结合老师所讲的内容和自己的想法写了将近五千字吧，给分我觉得还是可以的。真的推荐大家去听老师的课。
91283,2348,黄河清,2018-12-05 02:28:43,5,6,1,。。。听了老师的课写了一篇论文之后，虽然最后得分3.9不算高，但是真的还有一种想要弘扬中国文化的意识和危机感
91286,2348,黄河清,2019-05-04 05:34:28,8,11,3,虽然觉得全盘否定有点过激，但是中国本身文化确实存在危机，这个值得我们思考。可能是我太渣了。。。绩点远低于这门课均绩，论文真的有认真写的。。。哭了\n\n
91677,2348,黄河清,2018-12-17 16:49:47,10,10,0,那一套“质疑西方中心论”的全国巡回报告可谓惊世骇俗。第一场在本校就被打脸了居然还能讲个几十场。建议大家知乎搜索“黄河清”了解一下。
92410,2348,黄河清,2018-12-28 09:49:52,0,6,6,会让你很充实，这才是大学老师该有的样子，认真听就行，就期末交个议论文，事情又少又轻松，刚开始害怕查老师里说的，但最后还是爱上了这个老师！！！推荐！
94170,2348,黄河清,2019-04-30 08:18:36,-4,6,10,垃圾。
94781,2348,黄河清,2019-01-18 06:24:37,-1,2,3,去不去无所谓，但最后的论文一定要多写，亲身经历，3000字会低于均绩。\n\n(ಥ_ಥ)
103648,2348,黄河清,2019-03-03 14:18:13,-2,6,8,浙大居然有这种老师，震惊。言之无物，缺乏基本的知识素养，严重怀疑他的学历有问题
103773,2348,黄河清,2019-03-05 08:36:22,1,2,1,很无语
104090,2348,黄河清,2019-03-12 01:15:24,0,2,2,清楚明了
104239,2348,黄河清,2019-03-14 10:51:19,3,5,2,不过是何某人理论剩下的残羹冷炙罢了 而且何本人都在伪史考“著作”序言里说了那书只不过是糟老头在寻开心 黄老师一副当真的样子可真真是可耻可笑
106013,2348,黄河清,2019-04-24 09:46:41,-1,3,4,超级棒
107329,2348,黄河清,2019-05-04 02:22:18,8,12,4,个人感觉，老师\n\n低级红，高级黑\n\n按老师的逻辑彻底反西方\n\n是不是马克思主义也要反\n\n最后大家回到老师喜欢的儒家社会？\n\n看似是反西方，追求民族精神\n\n实质想复辟封建儒学
108251,2348,黄河清,2019-05-17 14:10:25,1,2,1,不管他的理论怎么样，至少只有这老师上课才给我那种我高中就憧憬的大学大师授课的感觉！
109828,2348,黄河清,2019-06-19 13:44:30,1,4,3,花甲之年的昔日文青，关于国族主义和现当代艺术的观点让我耳目一新。这是能帮人建立民族自信心的一门课。很想像他一样成一家之言。
110048,2348,黄河清,2019-06-22 01:35:32,-11,3,14,请问老师您的画画的怎么样？能画出吴冠中和林风眠的水平吗？?
110049,2348,黄河清,2019-06-22 01:34:32,-5,4,9,其他不知道，最后一节课把吴冠中和林风眠的画批的一无是处，在他点评之下吴冠中每幅画都有毛病。
110058,2348,黄河清,2019-06-22 03:24:23,6,7,1,老师上课很棒哒特别认真，很喜欢老师的态度，有些观点可能比较偏激，但是对你的不同意见，老师也会认真回答一起探讨的。平时不点名，只有期末一篇论文，还是挺水的，老师已经退休了，应该开不了几次课了，给老师一点鼓励哈哈哈
110059,2348,黄河清,2019-06-22 03:31:08,1,3,2,大不自多 海纳江河。\n\n浙大应该为有这样思想独立的老师感到自豪。
110078,2348,黄河清,2019-06-22 08:01:01,8,9,1,不同主流的观点确实可以引起思考，但还是太偏激和阴谋论了……要是不谈个人崇拜和政治的话观感就会更好点……毕竟选这门课是因为对艺术感兴趣啊。提倡文化自信是好的，但不希望是透过抨击与贬低西方来建立自信，那根本是自大了
110079,2348,黄河清,2019-06-22 08:27:10,1,2,1,老师真的是好老师
110080,2348,黄河清,2019-06-22 08:53:00,14,17,3,学识渊博、阅历丰富，4分；观点新颖、论证合理，2分；包容异见、鼓励质疑，2分；态度谦和、师德高尚，2分；事少算附加分。综合给10+，其实是有几分给几分。理想中的大学课堂，本学期最满意的一门课。\n\nps：老师说上周六(6.15)交作业的同学作业找不到了需要再交一次，老师6.29早上9:30-11:30在教室等大家。希望这节课没来同学们都能看到这一条~
110090,2348,黄河清,2019-06-22 13:03:05,21,23,2,成绩还没出来，但想先给老师点个赞。从内容上来说，我不赞同老师的很多观点，同时也认为他的很多质疑是有道理的，可能更重要的是这种质疑的精神吧。从态度上来讲，认真备课，认真上课，留时间答疑，面对同学尖锐的问题也用很认真温和的态度去回答，我觉得这已经很难得了。老师教了几十年，本来都该退休了，但仍然希望来给我们讲一讲课，即便面对空空荡荡的课堂。今天真的挺心酸的，很多同学交了论文就走，老师在讲台上试图挽留。还是希望无论如何大家给予对等的尊重吧。
110649,2348,黄河清,2019-06-28 01:59:53,8,9,1,浙大因为有这样的教授才叫“大”
110967,2348,黄河清,2019-06-29 01:53:45,1,4,3,我觉得老师的很多观点我都是认同的，但是可能讲述的方法有点偏激，我觉得如果可以稍微温和一点，我觉得大部分同学都是可以接受的。而且老师的气质给我一种学者的感觉，挺棒的
110973,2348,黄河清,2019-06-29 02:17:57,1,3,2,挺不错的，客观讲是有收获
111419,2348,黄河清,2019-07-01 11:26:34,6,7,1,是一门让我愿意放弃双休日的课。
113532,2348,黄河清,2019-07-06 23:11:48,1,2,1,虽一人，吾亦往矣——这样的气魄就很赞了
113590,2348,黄河清,2019-07-07 00:40:26,3,3,0,虽然部分观点有些偏激，但是他并不要求你赞同他的观点，而是支持你展开自己的思考
113603,2348,黄河清,2019-07-07 01:01:53,1,2,1,谢谢老师，很真诚不强迫人，真的很好，课程还是给了我许多收获的。
113607,2348,黄河清,2019-07-07 01:10:17,-17,6,23,傻逼老师交了论文给我0分 弱智白痴cnm
113608,2348,黄河清,2019-07-07 01:11:30,1,2,1,很有情怀的老师！
113649,2348,黄河清,2019-07-07 02:01:55,2,2,0,且不说对老师讲课内容认同几分，黄河清老师的批判精神是值得学习的。
113715,2348,黄河清,2019-07-07 05:37:43,8,12,4,笑看一堆拿了高分的人在这里放彩虹屁哈哈。
113984,2348,黄河清,2019-07-08 05:56:32,3,3,0,楼下给了零分那位 可能是你在最后一周上交了论文 后来论文被弄丢了 教务网上有通知重新上交 建议去找老师问问
113986,2348,黄河清,2019-07-08 06:07:28,2,3,1,尔曹身与名俱灭 不废江河万古流
114039,2348,黄河清,2019-07-08 12:28:26,3,4,1,浙大应该要能容得下这样的人。观点虽然不一定能认同，但是上课是真的认真，备课也很仔细。不要求学生完全接受自己的观点，算是一位比较包容的老师了。虽然只拿了3.9，但其实实现一直怕自己挂的哈哈哈哈哈哈，毕竟工科生选这门课完全是抱着通识的心态去听的。
114512,2348,黄河清,2019-07-10 09:22:14,0,0,0,老师很有想法，也支持有自己想法，强烈推荐！好好上课很有收获，想水课也没什么问题，论文好好写就行！强推！！
114708,2348,黄河清,2019-07-11 04:40:14,2,2,0,一个我通过云朵朵认识的老师
116713,2348,黄河清,2019-09-14 01:41:07,4,4,0,观望中
116721,2348,黄河清,2019-09-14 04:33:47,3,5,2,感觉老师非常渊博，非常优秀。备课也很认真，满满干货。并不觉得他是个极端的人，对于自己的观点表达有理有据，倒是有的同学没有非常深的了解就批驳。我想说的是可以不赞同他的观点，但这样一位优秀的老师是值得欣赏的。
116727,2348,黄河清,2019-09-14 07:28:30,6,6,0,认真去听他的课确实会让人思考很多。很佩服他敢于抛出尖锐质疑的勇气。他的一些观点可能让人觉得偏激，甚至因为固有观念被冲击而感到不舒服。但是看得出来他一直在认真思考，谁能说这种不断质问和较真的过程不是求是的一种体现呢？私以为在随波逐流之风盛行的当下，大学需要更多hhq。
116731,2348,黄河清,2019-09-14 07:51:45,4,4,0,你好骚啊
116732,2348,黄河清,2019-09-14 08:29:41,2,6,4,就算我一半以上的观点与他不同，我也喜欢他的作风
116733,2348,黄河清,2019-09-14 08:44:54,6,7,1,全盘西化与全盘否定西化都是历史文化的倒退
116734,2348,黄河清,2019-09-14 08:50:43,4,9,5,这是一个非常偏激而又固执的老师，谈到他的批判性思维，如果把全面看待西方的利弊与单单肯定中国文化好的一面当作批判性思维，确实是，但这种不全面的批判，能否乘坐批判呢？这个老师被很多中国学者所耻笑是有道理的，一开始看评论我对老师的期待实际上还是蛮高的，但与其说是有批判性，不如说是固执且偏激，希望大家不要浪费时间选这门课
116774,2348,黄河清,2019-09-15 13:07:03,6,7,1,黄老师给人一种震撼，别的不说，敢于说出自己想法，这是现在很多老师所缺少的，也是很多大学生所缺少的。我希望用这种只问是非，不计利害的求是精神能够伴我一生。
116775,2348,黄河清,2019-10-16 23:57:00,9,12,3,哪位同学能发一下论文要求的题目，字数，ddl和格式，非常感谢
116931,2348,黄河清,2019-09-17 11:11:55,9,11,2,我上课之前觉得他是一个面对批评指责也不太会在乎别人对他看法的世外之人 但第一节课上完我发现他是用自己的观点和储备来试着说服别人的平凡而真实的人 我挺他
117057,2348,黄河清,2019-09-19 01:11:48,1,1,0,让人思考
117197,2348,黄河清,2019-09-20 07:43:51,-2,5,7,黄老师很好，观点明确，立场坚定，中国需要这样的学者
117251,2348,黄河清,2019-09-21 08:43:03,-1,1,2,否定个人主义，本来还想问问对自由主义的看法，结果认为王小波没什么意思，呵呵
117399,2348,黄河清,2019-09-24 02:34:05,1,9,8,非常非常偏激，并且很固执。单单第一节课观点有这些\n\n1.拜占庭帝国根本不存在，因为这个名词是后来提出的，所以这个帝国就不存在（喵喵喵？）\n\n2.我们要用年号，现在是共和70年，而不能用公元xxxx年，因为公元代表基督的诞生而我们不信基督\n\n3.中国女人的地位是世界上最高的，世界上地位最高的女人就是中国女人（作为女生我真的听不下去了...而且这时候拿来证明中国女人地位高，是用韩国和日本比，这时候怎么不拿西方国家英国美国比了。。。？）\n\n4.我们都应该去修四合院，现在的钢筋水泥是全盘西化的结果。老师好歹去过巴黎，当知道在欧洲，在英国，他们的建筑不是我们这样现代化的建筑，随便去一个小城，牛津，剑桥，爱丁堡，哪里会像我们这里一样？与其说我们大街小巷的高楼是全盘西化，不如说是全盘现代化，这跟西化没关系，西化的话我们应该把房子全造成跟他们一样（比如牛津大学那种房子）\n\n......\n\n还有些观点忘了，但在老师看来西方的一切都是不好的，都是坏的，中国的不管什么都是最好的，我们不用学习，尤其不能跟西方学习——这跟清朝末年那种天朝上国的思想有何区别？
117439,2348,黄河清,2019-09-24 10:46:04,2,2,0,态度非常好，能够倾听不同意见
117605,2348,黄河清,2019-09-26 14:52:28,5,8,3,建议有主见和有独立思考能力的同学去听，最好不要让黄老师的思想先入为主。作为一门交西方现代文化与艺术的老师，我认为很多同学都是抱着了解西方文化艺术的态度来听的，而不是来听西方文化艺术的批判的，如果只讲批判，认为西方啥都是不好的，中国啥都是好的，那根清朝末年闭关锁国的思想有何区别呢。
117840,2348,黄河清,2019-10-04 16:21:28,-1,3,4,前排评论买的吧？？去看看他微博就知道是个什么样的人了，这还能洗？\n\n\n\n
117841,2348,黄河清,2019-10-05 00:10:54,-2,1,3,总是迟到。没有教材，也不发PPT。认真宣传自己写的书。
117846,2348,黄河清,2019-10-05 05:59:01,0,0,0,爽，太爽了
117873,2348,黄河清,2019-10-07 06:05:36,2,9,7,令人作呕，大放厥词，大搞阴谋论，居然还把《货币战争》这种伪装成科普读物的起点网文当做真理？笑死? 了
117911,2348,黄河清,2019-10-10 03:59:54,-4,0,4,我想问问谁知道论文要求提交方式和ddl，老师不拉群不给ppt是要怎样
118369,2348,黄河清,2019-10-26 01:28:39,3,4,1,河清老师是一位非常有个性的老师，对于现当代艺术与文化有自己的独特的观念。我认为更多人应该已辩证和包容的态度去对待老师的观点和老师的课堂，这确确实实是大学课堂应有的值得思考的开放式课堂，老师的艺术史知识渊博，对于政治和文化理解也很深刻，法语更是精彩，会在课上朗诵翻译法文诗，可能这才是搞艺术的人应有的思想与姿态。老师人也非常好，对同学很能体谅，只是希望有更多人可以去听听他的一些看法。你可以不赞同可以批驳，但是老师也的确拥有讲出自身观点的权利。收获良多。
118400,2348,黄河清,2019-10-26 13:20:53,-2,0,2,求好心人告知论文要求和上交事件
118531,2348,黄河清,2019-10-28 07:15:41,0,1,1,很好的老师
118858,2348,黄河清,2019-11-07 05:44:18,1,1,0,思想的迸发
118966,2348,黄河清,2019-11-08 15:16:35,13,15,2,第一节课的确听得让人很不舒服，否定拜占庭也真是让我大开眼界。。但是后面有些课程可听性不低，收获也很大。国庆那节课好多人都没来吧，老师说讲一些不太重要的，但那节课恰恰是我收获最大的一节课。他讲中国传统文化，讲中和雅正，讲静、闲、淡、远。作为大一萌新刚来港真的又焦虑又迷茫，到那天上午听他讲了这么一节课内心安静了好多。老师的阴谋论观点我一个都不赞同，但他对艺术本身的观点可以一听，大部分我也赞同。有太多人骂这个老师了，但是他的观点一直不变，一点都不受外界影响，这个我也是真心佩服。。他是真的不在乎。老师在浙大是一个很边缘化的人物，但我觉得浙大应该要容得下一个黄河清。
119167,2348,黄河清,2019-11-11 03:26:48,10,12,2,先抛开其他所有东西讲点功利性的东西吧，这门课相比较与其他课程而言确实是很水的，平常上课没有点名也没有作业，什么事都没有，最终评分标准也只是一篇2000字以上的文章，没错不需要论文的格式，只要是一篇与课程内容有关的议论文就好了，平常也不需要问问题混脸熟，因为最后只是看文章给分的。但老师的话其实挺喜欢鹅颈的，布置文章的时候也说越多字越好，以及也是默认文章作业越多份越好，之前那个说交了三篇反驳老师观点拿了4.5绩点的人，只要是因为他交了三篇啊，老师会理解允许你有不同的观点但不会赞同，冲着这数量和态度才给的分数绩点，他是非常非常喜欢写的赞同自己的观点的文章的，至少同一水平下是这样，特别是写毛泽东怎么怎么好的红文，现在刚结束了他的所有课，结果昨天才被一个学长告知这件事，就思考到自己写的文章暴风哭泣，以及上年20几个还是10几个挂科的事是真的。\n\n至于上课的内容的话，我只能这么讲，老师的课说句实在话是很值得一听的，他有自己的观点与想法，对一些东西很敢讲，批判性很强? ，至少在当代艺术当代建筑这节课上真的是醍醐灌顶，他对很多东西的见解看法很深，包括对于世界主义者之类的想法，听了之后对自己有很深的影响，会有很多的思考，我觉得他课的可听性（注意，这里只是讲可听性这一方面而不是接受度什么的）绝对是与国懿老师并肩的，因为如果你能对上老师的想法，那么你上课的感觉真的很舒服，但由于他本身的想法就是剑走偏锋，普及性绝对不大，所以能接受再次理解他想法的人真的很少，因此才会被那么针对被骂，其实佛系点，上课时能接受的观点保留，不能的观点放弃直接水手机，没有必要全都斤斤计较，这样就很开心，大家愉快。\n\n以及最为重要的一点是，这课是在周六的，所以那些极度不喜欢周末上课和假期被分割要跑回来上课的同学的话，建议还是算了，想听的话抽空过去蹭课就好了。
119239,2348,黄河清,2019-11-11 14:23:25,12,12,0,关于当代艺术、文化平等、个人主义这几块内容还是有很多收获的，拓宽了眼界。但一半以上的时间听的是无意义（至少对我来说）的东西。特别是在某些时候老师会完全不讲逻辑地输出观念。\n\n    比如由欧洲是“半岛”推出它是欧亚文明的边缘；意大利某些画和中国画有共同之处》这是由中国传向西方的；中国有连续稳定的政权》中国是世界文明的发源地；1912-1949人口没增长》民国不好（我们可是经历了抗战啊！！）\n\n    特别是他说毛泽东好的时候（这我保留意见，毛也许确实在国内和国外政治方面给中国打下了好基础）谈到大跃进和文革竟然说这不算什么，我觉得这对那些饥荒饿死、被批斗打死、在劳动社累死的人们的在天之灵非常不尊重。\n\n    总之黄老师有好的方面也有让人生气的方面，要不要选课见仁见智吧。\n\n    考评只看最后交的文章，2000字以上。
119300,2348,黄河清,2019-11-12 03:32:15,0,3,3,挺好的老师
120216,2348,黄河清,2019-11-24 05:19:45,2,3,1,妈的气死我了
120246,2348,黄河清,2019-11-26 04:32:28,15,15,0,虽然给了我一个比较高的分数，但我还是认为他不是一个很合格的老师，只能说是一个很有想法的人。已经彻底陷入了自己的狂想之中，你无论和他怎么争他都只会反反复复说他那一套阴谋论的逻辑，凡是你提出和他不同的观点，都会说“你知道的还不够多，你了解的不是真实的历史”。唯一的可取之处，是确实能让同学们从另一个角度去思考理解这个世界，以及真相。\n\n关于得分：建议同学们不要和他直接怼，会死的很惨。如果没办法接受他的观点（比如我），就从另一个角度去谈论。\n\n
120403,2348,黄河清,2019-12-03 14:29:36,0,1,1,听完老师的课。。发现论文巨难写\n\n观点很中立，写了传统融入现代建筑，批判央视大楼之类的，3条批注，2800字，拿了4.2。。大家参考参考
120448,2348,黄河清,2019-12-08 09:52:40,0,1,1,毫无体验
120566,2348,黄河清,2020-01-13 01:11:42,0,0,0,我感觉就一般般，还是比较水的
120580,2348,黄河清,2020-01-13 09:57:59,0,0,0,没怎么听
121323,2348,黄河清,2019-12-20 03:49:17,0,0,0,不点名，无作业
121498,2348,黄河清,2019-12-15 02:57:23,0,0,0,666
121541,2348,黄河清,2019-12-12 16:00:13,0,1,1,可能老师不乏偏激的观点，但这些观点也不乏警醒作用。老师教的是辩证看待问题的思维，客观看待世界的角度，聚焦西方文化，审视当代艺术，回望过去，立足现在，放眼未来。知识有广度，剖析有深度，教学有态度。好评。
121806,2348,黄河清,2020-01-22 03:09:47,0,4,4,听他的课或许会改变你的世界观，但正因如此，才值得一听。
123613,2348,黄河清,2020-06-10 13:33:18,-4,5,9,只能说不是很正道，对女学生可能有想法，女同学多小心一点
123723,2348,黄河清,2020-06-13 01:34:04,1,5,4,感觉老师实在是太偏激了，而且在表达自己的观点时所举的例证并不是那么客观。比如中央广播电视台，在他讲之前我从来不觉得是男女交合部位的抽象展示，在他的讲述中就变成了这个样子；我可不可以理解成有什么样的内心就会看到什么样的东西呢？这稍微有点硬扯了吧。他对西方的敌意太大了，虽然无可厚非，但我个人觉得有些不适
124091,2348,黄河清,2020-06-23 13:17:39,5,8,3,独树一帜是不容易的。“为中国文化正名”是了不起的。
124448,2348,黄河清,2020-07-01 10:26:40,2,2,0,老师有自己的观点，但并不强行要求我们接受，多听听多思考~给分很不错~好像老师是最后一次授课了？是一次很好的体验！
124472,2348,黄河清,2020-07-01 17:27:03,0,2,2,只听过两次课，4.5飘过。这门课在浙大已经是绝唱了，祝老师退休快乐
124747,2348,黄河清,2020-07-07 17:40:34,2,2,0,好像不是通识课，出成绩惊心动魄，时常担心会不会一不小心踩他雷区而绩点跳水。课程、观点来说，是一种不一样的声音，你可以尝试聆听几节课，不喜欢也可以静音，因为他不点名， 主动权是在你的。
124843,2348,黄河清,2020-07-12 09:05:31,-1,4,5,去出你的书吧
125866,2348,黄河清,2020-09-15 04:54:16,0,2,2,生而为人 你跟抱歉
126597,2348,黄河清,2020-10-06 06:56:45,1,4,3,我是大一学生，听得很快乐。很多涉及到的历史和哲学理论是我之前感兴趣并有所了解的。老师讲的很实在，也很清晰。就是坐在课堂上我总是不知道期末论文要写什么。如此丰富的内容似乎还是考试比较合适。
127040,2348,黄河清,2020-11-04 05:07:56,0,1,1,很棒哦
127221,2348,黄河清,2020-11-15 10:17:13,0,3,3,先打了10分，求绩点上四
127414,2348,黄河清,2020-11-22 15:50:24,0,3,3,先打个十，求3.9
127743,2348,黄河清,2020-11-26 09:30:06,-1,1,2,求绩点上4
127796,2348,黄河清,2020-11-27 06:57:35,-1,0,1,中国好声音
127871,2348,黄河清,2020-11-29 12:42:48,3,5,2,说实话，老师只是向我们提供一个观点，接不接受是我们自己的事情，至少他讲的关于现代艺术的方面很好，对于当代艺术的见解也让我获益匪浅。第一堂课确实很劝退，因为我不也不认同西方文明伪造论，但zju是开放的，每个人都能有自己的想法，交流碰撞，才能最终获得正确的结论。
127873,2348,黄河清,2020-11-29 13:05:16,1,4,3,认认真真写论文，认认真真查成绩，结果裂开了，为什么还有这么高的评分？？均绩也是骗人的
127876,2348,黄河清,2020-11-29 13:33:29,0,2,2,黄老师的课从来不会强留想水课的人听课，很多人翘课，但是老师仍然会认真的看每个人的论文，久久不出成绩就是证明。而且虽然老师观点有点偏激，但是他的所有观点都有很多理由去支撑，请问说他中吹的人又有几个能理由充实地反驳他呢？
127883,2348,黄河清,2020-11-29 23:22:53,4,4,0,卡绩。
127886,2348,黄河清,2020-11-30 00:20:08,9,15,6,黄老师的一些理论确实很激进，关于西方历史伪造论也让我大为震惊。但是，他绝对没有知乎上评价的那么差。他关于文化自信的观点的确很超前，老师人也很好，包容不同的看法。期末议论文主题任选，我选了一个我很疑惑吃惊的领域去写，最后拿了4.8.不用卷字数，只是写出自己的想法及思考就好了。还有听说老师明年就要退休了......
127899,2348,黄河清,2020-11-30 03:21:43,5,7,2,我就是喜欢这样偏激的老师来刺激我的大脑，很有意思，而且看得出老师态度还是很认真的。
127907,2348,黄河清,2020-11-30 05:07:43,0,1,1,老师给分很不错
127909,2348,黄河清,2020-11-30 06:01:32,-3,1,4,黄老师知识渊博，见解很新颖，能学到不少东西，开阔眼界。关键是给分良心，赞！
127911,2348,黄河清,2020-11-30 06:20:09,0,2,2,老师改论文很认真，思想有些偏激，但很有个性，法语好自然不用多说。
128029,2348,黄河清,2021-01-06 01:49:50,-8,8,16,这才是“独立之精神，自由之思想”
128417,2348,黄河清,2020-12-22 15:02:08,0,1,1,老师确实讲的好，期末认真写文章，分数就高了
128507,2348,黄河清,2020-12-23 11:58:08,0,4,4,上课之前会放他做的纪录片，超有学问的老师！很耐心解答问题。就是有点不太能接受我们阐述自己的想法，感觉有点自作清高。
128548,2348,黄河清,2020-12-23 23:51:43,2,4,2,讲的东西还是能引发共鸣的
128634,2348,黄河清,2020-12-25 01:33:11,0,4,4,感觉这是一种大学老师的样子，很值得尊敬
128826,2348,黄河清,2020-12-25 15:28:51,0,2,2,讲得有风范，对学生拿绩点也友好
129188,2348,黄河清,2020-12-31 03:40:43,1,4,3,啊啊啊啊我爱他！没有一个成熟的大学生能拒绝这样自大却显得幽默的老师哈哈哈
129284,2348,黄河清,2021-01-03 12:30:18,2,5,3,老师真的，从 不 点 名，上 课 无 卷，很欣赏他传达给我们的关于审美与认知的道理。技有巧拙，艺无古今。关于老师上课的观点，捡自己爱听的听就好了，论文踩他爱的点写比较稳
132793,2348,黄河清,2021-02-03 15:32:22,31,33,2,听说金字塔是19世纪造的？
132906,2348,黄河清,2021-02-04 17:10:58,-5,1,6,非常好的老师
133271,2348,黄河清,2021-02-23 01:17:34,1,3,2,知乎慕名而来
133736,2348,黄河清,2021-03-04 10:00:31,0,3,3,自由，思想自由，言论自由
134311,2348,黄河清,2021-03-23 07:54:43,9,10,1,抄了下他自己的书当论文，高分给过了，靠谱
134312,2348,黄河清,2021-03-23 07:55:27,1,1,0,…………
134574,2348,黄河清,2021-04-02 11:10:33,12,15,3,逻辑混乱 证据误用 屁股指挥脑袋
135651,2348,黄河清,2021-05-18 05:19:02,7,20,13,重度阴谋论患者\n\n喜欢引用其他阴谋论者的话\n\n也不是什么原创阴谋论者\n\n比较次\n\n是阴谋论搬运缝合怪\n\n有宗教信仰\n\n开堂第一节课便是宇宙伟人几把永动机\n\n现在大环境这种货色就真的能有人信 aha
136120,2348,黄河清,2021-06-11 05:24:48,1,2,1,很喜欢！
140004,2348,黄河清,2021-08-23 05:00:19,1,1,0,期末论文要求不高，只要不是百度的抄的。字数要求也不多，谈谈对课程的看法都可以，平时也不计考勤。即使意见和老师不同，反对老师的看法，说得条理清晰论据充分老师也给高分。
215097,2348,黄河清,2025-02-21 03:54:00,0,1,1,逆天言论无需多言
219011,2348,黄河清,2025-05-18 16:57:48,0,0,0,伪史论者披着“毛左”的皮罢了
221173,2348,黄河清,2025-06-21 17:24:48,1,1,0,我说实话他连毛左都cos不好，毛时代的考古工作还是很有进展的，他纯粹就是福缅科的肉喇叭，用本学院一位老师的评价是不学无术导致的
86588,2365,黄杰,2018-09-17 10:48:47,4,7,3,第一节课被劝退，老先生要真正做学问的学生，不适合入门。\n\n退了，但老先生很有风骨。
88979,2365,黄杰,2018-11-13 05:53:32,4,11,7,中国诗词写作：一个有趣的灵魂\n\n黄老师主张从绝句、令词写起。考试压力不大，两个半小时作绝句一首，五七皆可。这对初学来讲是好事，因为词汇的不足，字数越少越容易成篇。但有经验的都知道，越短越难，篇幅限制了发挥，导致成篇容易，但一写就庸。\n\n归根结底，她并未真正教你如何去作诗。她花了近半时间讲方言与平水韵，又花小半时间讲格律，真正到“作诗”环节，前前后后，只有“起承转合”四个字。似乎这四字便涵盖了作诗填词（没错，包括填词）的一切奥义。然后具体到如何起承，何谓转，怎么合，她又只字未提。可意会不可言传，个中三味，你自个儿悟。\n\n如果你有一定基础，可以把往日的习作给她评鉴，保证打击到你怀疑人生。\n\n我想她的目的，本就不在于塑造批量的诗人。没有大量的涉猎积累加一定的人生阅历再加千百练笔，要写好诗是不存在的。她反复强调的，应是一种态度。美的东西，就要执着的坚守，不好的，就坚决抵制。这种爱憎分明的性格让人十分难忘。上完她的课，你也许仍不会作诗，但你至少能明白，什么是诗。再回头看那些素日歆羡的藏头，连珠，宝塔，回文，……你会有一种俯视的感觉：这都是些什么玩意？\n\n最后，北京人慎选。京片子在她耳中大约是华夏最糟糕的方言。
116200,2365,黄杰,2019-09-06 05:04:42,0,2,2,还没上课，希望能选上，并且老师对我好一点
117941,2365,黄杰,2019-10-16 11:40:37,6,12,6,此老师有风骨，很厉害，知识渊博。但是她的课没有什么养分，讲的内容基本上都是，谁的诗垃圾（她不会告诉你对方写了什么，她只是说她觉得人家垃圾），谁的文字垃圾，我的诗厉害，我的讲课经验丰富，你能不能想象，这些没用的她能说半个学期，一堂课两个半小时，她中间不下课不休息，几乎只有那么几分钟在讲诗，讲的内容随便上知乎搜一下就能学到。我不在乎什么给分高，我只想学到东西，这个老师根本不应该出来讲课，写写论文吧，何必呢？\n\n
118871,2365,黄杰,2019-11-07 08:57:05,7,8,1,有点清高，给分不公平，讲课没收获
118955,2365,黄杰,2019-11-08 10:22:49,3,4,1,偶尔点名。书法学专业课。人文学子也可去听。老师讲课如上所言，我都还能忍，但是！平时成绩直接给满分真的(´இ皿இ｀)。在知道有个同学经常翘课的情况还给满，我真的是(´இ皿இ｀)实力劝退。最后给分也不高。
119228,2365,黄杰,2019-11-11 11:21:47,2,5,3,真的感觉学不到什么
119261,2365,黄杰,2019-11-12 00:40:22,1,3,2,体验差，浪费时间\n\n老师也行是个好学者但一定不是好老师
119600,2365,黄杰,2019-11-14 05:05:38,0,2,2,诗词题跋收获不大，而且给分差，忙了半天没上4
119643,2365,黄杰,2019-11-14 12:08:38,2,3,1,抱歉，但感觉不会再爱了，这课真让我难受。老师还不错，但浪费我感情。
161889,2365,黄杰,2022-11-15 00:43:46,0,0,0,很有风骨 但课程难度大 慎选
161950,2365,黄杰,2022-11-15 09:50:00,0,0,0,有风骨 真的是在传承文化 但给分不好 打9分
161951,2365,黄杰,2022-11-15 10:11:35,5,6,1,选的是中国诗词写作。先生对诗词的热爱毋庸置疑，嘴上说着追求绩点的同学建议退课，真看到好几个人退课后还是很失落的。先生希望传播诗的文化才开课，但是她总抱怨正态分布让她不能给学生一个好成绩，由于申请中国诗词写作这门课取消正态怒而罢了这门课三年。课堂上也见识到了先生的水平，确实有不少诗挺一般的，但也确实见到了不逊色古人的诗作，包括她课上和我们一起即兴作的诗。\n\n但是就课堂上而言，个人确实觉得前面理论部分讲的有点快（因为惦记着进度，只有八周），而后面先生对个人写作的指点还是可以的。先生也确实会讲些“废话”，但我觉得课堂不只是由知识和技能的传授构成的，特别是诗这种能写出自己心声的东西，保留自己的意见听听她的观点也挺有趣的。\n\n我不后悔选这门课，因为我确实在自己喜欢的领域学到了很多东西。如果你单纯觉得诗词好美好喜欢，或者觉得写诗很酷可以装哔这门课不适合你；如果你觉得作诗能抒胸臆，大可选之试试。\n\n毕竟，来大学总不能只是为了绩点吧？
163491,2365,黄杰,2022-12-14 12:56:52,2,2,0,我很喜欢老师的课，真的很喜欢！本来看评论做足了心理准备的，但是实际上老师讲的非常好。平水韵、格律这些是诗词的基本功了，感觉老师多讲几节课完全没问题。结课考试是作诗+一首诗的赏析，是开卷考试，对我这种没有方言加成(没有任何歧视的意思，只是说有的方言确实读和记平水韵会有些优势)的学生来讲真的很善良！老师讲课很有趣，也会讲很多自己作诗的感受，能够感受到老师的浪漫和风骨，真的有被老师传承中国传统文化诗词文化的心感动到。总之感觉这门课真的很值！！！
163630,2365,黄杰,2022-12-16 01:24:36,4,4,0,黄老师的课真的很不错，虽然给分不太理想，但是觉得她的《中国诗词写作》课程真是不虚此行，能学到很多东西。老师本人也非常有气质。谢谢黄老师！
184689,2365,黄杰,2023-12-22 07:50:22,0,1,1,出成绩之前来给个分，知道我成绩不会很高怕受干扰。老师人很好也很可爱，说上课没干货的，其实我怀疑有些人是不是考试考傻了，写诗这种东西也是能够给你一套东西让你随便套的吗？平时成绩给你满分是为了给你保底不让你挂，最后得几分说实话这东西只能看悟性了。与其说老师上课没东西不如说学诗写诗就不适合拿来教和考核
217231,2365,黄杰,2025-04-05 11:49:07,0,1,1,一个吃尽时代红利的水货，上课的确如评论所说，就说谁的词好、坏，但没有理由，学不到东西，说自己课怎么这么好。水平跟民科一样。稍有学识的学生提问，她也接不住，回答得乱七八糟，查史料居然去百度百科。这种人能当浙大博导也是学术界的耻辱。学术水平也很差，对学生刻薄，理解不了一点点有深度的理论，见解也很奇葩。缺乏基本的历史知识。对学生评价很mean。最后：会去查谁教务系统给了差评！！在群里diss给差评的学生！！评审学生的论文，也是根本没仔细看，立场先行，瞎说一通！鄙视这种老师！
217888,2365,黄杰,2025-04-17 13:25:25,1,1,0,老师的诗水平不错，就是课上有些同学疑似有点过于聒噪了。
8613,2389,张正萍,2015-09-23 06:34:05,0,3,3,上课还行，特别高冷，给分可以。
11406,2389,张正萍,2015-11-30 09:47:22,4,7,3,ppt不是抄书就是拍书
15281,2389,张正萍,2016-01-13 08:40:10,8,9,1,很严格\n\n
21168,2389,张正萍,2016-02-25 02:25:45,6,8,2,照ppt念，给分低
50867,2389,张正萍,2017-05-07 13:18:47,12,15,3,无趣，boring
51073,2389,张正萍,2017-05-16 05:54:54,4,8,4,挺好的一门课，对英国史感兴趣的话可以选
52289,2389,张正萍,2017-06-17 14:30:36,3,6,3,教学方法死板，整天板着一张冷冰冰的脸，没有亲和力
57631,2389,张正萍,2017-07-11 07:53:31,4,9,5,上课死版教条，整天版着脸，毫无亲和力
68577,2389,张正萍,2018-01-23 11:31:46,9,12,3,老师哪里冷冰冰了，很和善的好么。最后一节课还会与我们讨论一些我们自己对英国感兴趣的东西。上课虽然以PPT为主但也有拓展，给分还行，事情也不是很多。
106811,2389,张正萍,2019-04-30 07:18:51,4,5,1,老师真的很严格。
107610,2389,张正萍,2019-05-07 16:18:32,2,4,2,讲课一般。。给分一般。。
124077,2389,张正萍,2020-06-23 10:03:38,1,1,0,老师人挺好的
127515,2389,张正萍,2020-11-24 00:34:00,7,17,10,评分绝对低了，瓶子姐虽然严格但是绝对是有才华的。瓶子姐的课必须要认真听才能跟上思路，但是只要跟上思路就会感受到瓶子姐在理论构建上的严实。当然，课程确实难度非常大，就算是历史专业的也不一定能听懂，必须要懂一点哲学和政治经济学才能很好理解瓶子姐上课讲的概念。总之，水平极高，建议对史学理论和哲学感兴趣的高水平学生一定要选瓶子姐的课，绝对能让你们受益匪浅。
135342,2389,张正萍,2021-05-08 07:58:17,3,3,0,张老师给分还可，要求不高，小测啥的也很宽松。奈何PPT思路实在难以跟上，每次上课都困顿难当，建议直接看她要求的书就完事。
137184,2389,张正萍,2021-07-02 04:23:02,-2,2,4,学老师的，给低分
138265,2389,张正萍,2021-07-11 03:00:24,0,1,1,一般般
138462,2389,张正萍,2021-07-09 10:02:25,12,14,2,这个评分配不上一位愿意帮学生修改课程论文的老师。
141937,2389,张正萍,2021-11-01 10:36:01,6,7,1,老师人很好很温柔，大学以来唯一遇到的会鼓励我的老师，上课内容可能是比较难懂，但老师很有学养，不理解为什么评分这么低，上老师的课可能需要自己课下做很多工作，但好好学能学到很多东西。
148578,2389,张正萍,2022-01-13 02:06:25,6,6,0,老师人挺好的
151111,2389,张正萍,2022-02-23 06:10:58,3,4,1,老师人很好，很温柔，很有学识，可能对外专业门槛有点高，但老师很好
153301,2389,张正萍,2022-04-28 00:12:07,2,2,0,张老师上课的内容还是很丰富的，就是比较硬核，需要花很多时间阅读书籍\n\n还有就是张老师会帮你改课程论文，真的超级好！
153382,2389,张正萍,2022-04-29 01:03:42,1,2,1,老师真的挺好，只要认真去做每个任务，给分不会差的。好好听课也能对英国有更深的了解！
157235,2389,张正萍,2022-06-22 13:03:47,3,3,0,很好的老师
161269,2389,张正萍,2022-11-02 17:19:12,0,2,2,比较枯燥
170394,2389,张正萍,2023-03-03 13:38:41,4,8,4,事多 鼓励鹅颈
171041,2389,张正萍,2023-03-15 02:27:46,6,10,4,快跑呵呵呵
171042,2389,张正萍,2023-03-15 02:30:48,15,18,3,人在课堂上，感觉听不出重点，老师想到什么讲什么，没有提纲和条理，对于系统学习历史理论帮助不大。
172777,2389,张正萍,2023-05-06 14:48:39,4,8,4,又温柔又幽默，外冷内热、会帮学生改论文、教新生怎么规范格式的萍萍一枚吖～
174218,2389,张正萍,2023-06-08 07:35:41,12,16,4,外国史学史是人上的吗？？？？？？
176041,2389,张正萍,2023-06-27 13:10:46,3,4,1,老师人特别好，而且很有气质，就是闭卷考真的好痛苦😭😭
176420,2389,张正萍,2023-06-29 01:07:43,2,6,4,额，不喜欢外国史，好难啊，也不喜欢老师对待学渣的态度
176437,2389,张正萍,2023-06-29 02:16:25,6,10,4,讲课很无聊，有种想到哪讲到哪的感觉，没什么系统。鼓励鹅颈。期末考试发卷子前五分钟才告诉范围是真的服了。。
176444,2389,张正萍,2023-06-29 02:32:53,6,8,2,外国史学史 谁上谁知道
176454,2389,张正萍,2023-06-29 03:12:14,4,7,3,救命……\n\n太抽象了
177530,2389,张正萍,2023-07-03 15:17:59,5,16,11,很可爱很可爱的萍萍，上课的态度其实非常严肃认真，不夸张地讲大概比我大学目前遇到的一半老师都要敬业，对问题有见地，有独特的理解，只是我们萍萍姐爱憎分明，对自己不爱的东西大多草草了事，对自己热爱的东西大讲特讲，不过这不是很可爱吗？！只是讲课确实需要对上她的电波啦。之前第一次在她课上做展示，挑到了有惊喜的书，很认真准备了，也得到了很尊重的反馈，非常谢谢萍萍老师…我擅自偷偷喊姐……
177536,2389,张正萍,2023-07-03 15:19:50,4,5,1,什么是捞神😭😭😭
178714,2389,张正萍,2023-07-19 09:27:39,-2,6,8,上面尬吹那個認真的嗎
181148,2389,张正萍,2023-10-10 05:22:20,-1,0,1,英语水平有待提高，中英文授课差距大的不是一点，虽然也怎么听中文课
189769,2389,张正萍,2024-01-28 13:38:35,0,0,0,张老师人很好，也很负责
190267,2389,张正萍,2024-02-27 00:57:42,5,5,0,对不起正萍，我喜欢启良。
191430,2389,张正萍,2024-04-22 05:26:53,1,1,0,对不起正萍，我喜欢启良。
48002,2438,郑瑾,2017-02-28 03:17:18,-5,0,5,哈哈哈哈哈哈
112936,2438,郑瑾,2019-07-05 13:25:41,-5,3,8,无话可说。差评
219719,2438,郑瑾,2025-06-04 14:43:34,0,0,0,老师你怎么就退休了，不要游历大好河山了回来教学生吧（bushi）
5944,2560,乐启良,2015-07-10 03:23:39,1,3,2,水水的
8227,2560,乐启良,2015-09-17 15:20:43,3,6,3,老师会布置很多阅读书目如果仔细看会有收获。但他打分不认真，我看过所有推荐的书得分却和没看过的人没什么差别。
45505,2560,乐启良,2017-01-19 15:47:37,3,3,0,乐爸爸超萌 专业课给分也赞
47552,2560,乐启良,2017-01-30 16:13:15,11,11,0,乐观得爸爸是好人 希望能够讲课更有体系一点～
73173,2560,乐启良,2018-02-01 05:45:45,2,2,0,老师很随和，讲的也深入
75632,2560,乐启良,2018-03-14 09:02:41,0,1,1,非常随和的老师，善于启发学生。很有个性。
82374,2560,乐启良,2018-07-08 04:16:51,3,3,0,人好，水平高，上课技巧有待改善。性格很好，喜欢跟学生开玩笑、讲段子。
97538,2560,乐启良,2019-01-22 10:16:37,2,2,0,上课有趣~
145259,2560,乐启良,2021-12-28 13:59:15,6,6,0,今日新增乐爸语录：你放心，你们花一个月写的东西和一天时间写的东西质量差不多的
147235,2560,乐启良,2022-01-09 08:01:03,2,2,0,幽默感十足，内容一般
161930,2560,乐启良,2022-11-15 05:43:37,0,0,0,给分不错
182007,2560,乐启良,2023-11-08 02:43:40,2,2,0,老师人好好！！一个大一的uu说自己焦虑 他还跟我们说了好多心里话hh，说快乐最重要，不点名也是给学生自由（还说自己以前也逃课哈哈），也强调了松弛感，学习在精不在多，事情特别少，展示这次也是自愿随心，给分也很好，真的好棒！！！
183259,2560,乐启良,2023-11-23 08:10:08,0,0,0,法国史课很水，就一次论文一次展示，展示你如果不在意成绩也可以不做\n\n我当跨专业选的，所以没做展示就只赶了一篇论文出来，最后得分确实也一般般\n\n不过老师人还是蛮好的，选课的20个人有一节课只来了9个人也不点名
183954,2560,乐启良,2023-12-04 18:06:21,3,3,0,人真的很好！幽默风趣！又懂得体谅我们！！！真的很爱！！！而且他讲课比较发散、随性，不是念ppt，会让我们自己思考，反正就很好！！！！
184404,2560,乐启良,2023-12-19 03:20:57,3,4,1,奔着不翘课就给发巧克力来的。
189768,2560,乐启良,2024-01-28 13:36:56,0,1,1,不点名是乐老师的原则，即使来的人再少。\n\n乐老师也是位很真实，很性情，很有趣的老师!!!
24765,2575,陈力君,2016-05-03 12:18:12,-3,10,13,听了一节课，感觉是不错的老师(老师还参加过新概念大赛评分)
27436,2575,陈力君,2017-06-13 15:34:38,-2,7,9,有想法
35997,2575,陈力君,2016-11-10 09:46:29,0,4,4,老师讲得挺好，虽然每次作业都被嘲讽\n\n
36745,2575,陈力君,2016-11-16 00:59:22,0,5,5,上过老师的欧洲影片分析，从一开始的无法忍受到后来的逐渐接纳到慢慢喜欢，欧洲现代派真是太深奥，不过要给足够的耐心，最后给了很好的分
39529,2575,陈力君,2016-12-23 14:20:48,9,13,4,。。。
39732,2575,陈力君,2016-12-27 07:49:27,-4,9,13,#当代文学前沿问题研究\n\n课还是上的不错的。。\n\n不过活生生把一节文学课上成了影视分析是什么鬼。。。
47377,2575,陈力君,2018-09-17 09:24:08,-7,5,12,学到了很多，老师讲得也蛮好。虽然每次点评作业的时候都觉得我们有毒?但给分很好~
50934,2575,陈力君,2017-05-09 11:09:43,16,25,9,说话好慢好困
64724,2575,陈力君,2017-12-27 03:18:40,-2,11,13,老师有点可爱?
72656,2575,陈力君,2018-01-30 16:07:48,10,20,10,挺无聊的  文学前沿课摸过来的  活生生上成了电影课  和吴秀明比不了
89388,2575,陈力君,2018-11-19 02:20:28,0,5,5,平时没少被说作业写得烂，给分实在感激涕零
89459,2575,陈力君,2018-11-19 07:59:28,14,21,7,讲课感觉很碎，可以感觉到想讲一个系统性的东西，但是讲课水平不太够。作业各种被嫌弃…给分一般吧
118293,2575,陈力君,2019-10-24 10:36:32,0,2,2,就想上来问问欧洲影片分析大家准备怎么复习？
119446,2575,陈力君,2019-11-13 01:26:06,9,14,5,挺有意思的，但是容易困。给分一般
119490,2575,陈力君,2019-11-13 04:55:29,6,15,9,欧影真的是一门推荐旁听不推荐选的课了……课时多学分少，老师讲课点评的时间不超过1/4，大多数时候都是自己看电影……没有较深的电影评鉴功底或者只是想水过的同学慎选叭，虽然老师讲的很不错对影视的理解也很深，但是单论课堂学到的东西很少，需要自己课后多去查找资料拓展。给分意料之中炸了，因为课多根本没时间去深挖镜头语言等等，但是老师人还是不错的，推荐感兴趣（指会自己去找资料学习）或者时间较多的同学选_(´ཀ`」 ∠)__
119528,2575,陈力君,2019-11-13 10:01:18,2,8,6,欧洲影片分析。上课基本以观看经典影片为主(不一定好看的那种)，看完后老师会分析点评(不一定听得懂的那种)，有过两次当堂作业就是写影评，随机抽人上交。最后一节课当堂考试，3个论述题，2个直接跟放过的电影相关。个人比较喜欢影视欣赏平时也涉猎挺多，每部电影都认认真真看下来了，老师的点评也确实给人启发。至于给分完全是看最后一次考试了so可能有点玄学，个人感觉答得还不错，专业性可能比较差(没上过其他影视课）但努力表达了个人想法，最后绩点4.8。仅供参考。
122265,2575,陈力君,2020-02-21 11:56:57,0,7,7,老师说话慢也许是字斟句酌的原因？点听起来散但是还是很有见解的。
127618,2575,陈力君,2020-11-25 05:14:14,0,3,3,殴影，个人感觉挺好的  有些电影也蛮有趣的  考试没有想象中的那么难  都是课上讲过的
127737,2575,陈力君,2020-11-26 08:32:32,26,39,13,当代文学来的，和吴秀明老师区别很大。讲课有点碎嘴，说话嘟噜噜就过去了，一些比较重点的概念很快过掉，没有停顿之类的强调。而且通识课上的特别专业，好多术语。感觉讲课的水平不太行
127813,2575,陈力君,2020-11-27 14:45:43,0,13,13,中国当代影视文化 满绩来还愿QAQ
132961,2575,陈力君,2021-02-05 12:32:19,0,9,9,当代文学来的，老师讲课很有自己的逻辑，但和吴老师比起来容易听不进去，但老师人很nice，也会积极听取同学们的意见，好好听一定有收获。
149058,2575,陈力君,2022-01-14 09:12:17,2,20,18,给分很差，拉低绩点。而且讲的一般。这个课真的学不到啥东西。大家快逃！
154679,2575,陈力君,2022-06-03 07:41:29,3,9,6,没看培养方案建议大三选，而且这门课有预修要求，我也没有注意，只是冲着电影就选了，来之前没有任何电影知识。说实话，上完第一节课就想退缩。老师讲的听不懂，同学们又都是大三的学长学姐，都很厉害，我一下压力很大，跑去问老师大一小白是不是不适合这门课。虽然上课一直在强调这门课的门槛，颇有几分劝退的意味，但是私下交流的时候没想到她鼓励我面对挑战。之后我恶补电影知识，每节课都尽量认真思考（虽然还是在某几位大师的电影中睡的很香），最终的收获也超乎想象。总之十分推荐热爱电影、渴望知识的同学来选！
163612,2575,陈力君,2022-12-15 15:34:58,0,4,4,我选的当代文学前沿问题。每周两次，一节理论课一节小组展示和讨论课。感觉课程的有些内容不够“前沿”了，可能是五年十年前的热点。老师讲话很清楚有条理，不过有点硬有点生，我很容易觉得无聊😂讨论课的形式是不错的，可以自由发表自己的观点～
168446,2575,陈力君,2023-02-16 16:04:51,9,12,3,本来对老师无感，但是线上考试时候的一些事情真的让我对她的印象一下子差了。明明不是学生的问题，是之前通知和测试的实际情况不符，学生提出问题，她不做回答还全指责学生“不认真阅读通知”“不负责任”“态度不好”“提问幼稚” 真的挺败好感的。理解一线教师对线上考试的具体操作也不是很清楚，但这样不分是非把锅全推给学生确实不对吧。\n\n（但是我的讨论小班的助教姐姐人特别好！
170273,2575,陈力君,2023-03-02 11:14:05,10,21,11,歧视工科生是真的6
170278,2575,陈力君,2023-03-02 11:45:56,12,22,10,对非人文社科专业的学生有偏见
170703,2575,陈力君,2023-03-08 07:58:21,1,2,1,当代文学前沿问题研究 真的讲课很碎 不知道是不是我接收的问题 讨论课助教特别特别特别特别特别好 特别特别特别特别温柔 感觉讨论课思考的学到的大于老师授课 给分上4了
174262,2575,陈力君,2023-06-08 11:43:15,13,15,2,没什么意思
174649,2575,陈力君,2023-06-24 12:56:42,11,16,5,呵呵。。
177917,2575,陈力君,2023-07-05 11:33:14,0,8,8,中国当代影视文化批评与解读。老师人很好呀，如果仔细听了老师的话而不是断章取义就知道没有歧视工科学生的意思，没必要这么玻璃心吧。讲课的内容主要还是文化批评，收获很大，感谢老师。
178157,2575,陈力君,2023-07-07 09:27:53,11,13,2,一般 认真上课给了个2.几 去问老师结果已读不回 果然通识课老师比课程重要
191108,2575,陈力君,2024-04-03 11:38:28,20,26,6,老师人品有问题
192607,2575,陈力君,2024-05-24 17:24:44,2,4,2,欧洲影片分析。很符合我对老教师的刻板印象，要求比较严苛，但体现在一些奇怪的方面，比如隔两三周就要写影评，而且是手写，有时候600字，有时候1600+，期末还有一门考试，考两道主观题。课堂上会时不时抽人回答问题，一学期点三四名，对于点名这件事比较重视，有时候还会专门检查有没有人偷偷点名但不在场的。\n\n课程内容其实就是不停看电影然后写影评，讲的内容更偏学术吧，会讲镜头语言、电影流派这些平时看电影不会关注的东西。但可以想象上课还是要付出很多精力的，基本每节课的放的电影我都会记下名字，导演，国家，电影流派以及老师提及的关键要点。考试的时候这些知识也用上了。\n\n总的来说，只要每次课都到了，影评写的主旨不要太偏（可以提前看看豆瓣），考试前过一遍自己做的笔记，基本上分数不会太差。我算是那种对电影不怎么感兴趣，对欧洲影片的发展史也一知半解的人，交的作业也米有被表扬过，最后是91分。中规中矩但也比较值得的分数。希望可以给上这门课的同学一些参考。
196589,2575,陈力君,2024-07-04 06:41:52,15,18,3,人品不行
199225,2575,陈力君,2024-09-19 11:32:34,4,7,3,大三，文学研究，好不容易选上的美育，现在上了两节讨论课加一节理论，体验感极差，配的助教也不行，可能是我根本不了解现代中国作家，要不是有美育分，真退好吧，相关通核推荐宋词好吧，虽然我不理解为什么宋词没有美育分，这gb课有美育分
200738,2575,陈力君,2024-10-21 15:16:18,-11,2,13,老师上课很负责，讲课十分有条理、有逻辑
200739,2575,陈力君,2024-10-21 15:17:16,-8,3,11,老师上课十分负责认真，讲课也很有逻辑条理
200767,2575,陈力君,2024-10-22 05:29:32,0,4,4,老师人很好，助教人也很好
204079,2575,陈力君,2024-11-24 01:48:36,0,0,0,让我受益匪浅的当代影视文化课，老师人很温和，一直在努力帮我们建构影视思维，教大家怎么写好影评，推荐想入门影视文化的同学选。我最开始对概念和术语很不熟，觉得完了肯定很难，后面发现老师每节课都会结合具体影片分析，认真听一定能听透，给分我也很满意2333
207820,2575,陈力君,2024-12-24 11:29:45,12,12,0,平常听了，期末想借着智云再看一下，发现没声音也没字幕，不知道老师为什么要屏蔽这个
210844,2575,陈力君,2025-01-10 05:26:54,2,6,4,当代文学前沿问题研究，听得出来陈老师很有自己的思想，也很想和我们分享，但是讲课语调难免让人昏昏欲睡，而且几乎不用话筒，导致声音很轻而且没法在智云课堂看回放。\n\n任务是每三个星期一次小组pre，外加讨论课需要一共有十次发言，感觉任务并不是非常轻松。期末是开卷考，两道简答题和二选一的一道论述题，如果上课好好听好好做笔记的话应该不会有太大问题。\n\n我最后点名和发言全满，pre做的比较划水，期末考感觉答得也不太好，最后也被捞到4.5了，感觉给分还行。\n\n总体来说还是比较推荐对当代文学感兴趣的同学选的，毕竟通核+美育
210915,2575,陈力君,2025-01-10 06:38:50,1,3,2,给分好烂...
210965,2575,陈力君,2025-01-10 08:50:25,2,4,2,给分有点低
211083,2575,陈力君,2025-01-10 14:11:02,0,1,1,当代文学前沿问题探究。任务上面有的同学已经介绍过了。事情确实很多，感觉对于三个学分来说不太匹配。会点名，大多时候是雷达点名。4.5，不过这是全勤外加讨论课高参与度的结果，其实花的精力有点多。
211229,2575,陈力君,2025-01-11 04:54:21,1,4,3,当代文学前沿问题研究成绩出了，对我来说，是很好的了，那我就浅浅来推荐一下吧。\n\n​虽然不算主修，但是美育+通核+文艺审美，整体上下来的体验感也很好，最后开卷考就是写三道大题。lz讨论课请过一次假，但是讨论次数应该是拉满了的，考试的时候张爱玲女性文学的部分也没准备全，但是最后拿到了4.8。所以即使是理科生去修也是完全没有问题。\n\n我一开始看查老师还很担心老师会绩杀来着，但是老师其实是很好很温柔的，助教姐姐也是很好很温柔的，有付出的话，会有回报的，可以推荐😘😘😘（emm，见到了觉得是美育课就该给高分，然后拿了4.2就觉得给分差了的同学，所以查老师上的评论大家斟酌着看吧……
211848,2575,陈力君,2025-01-12 16:42:46,0,4,4,老师备课还是相当充分的，几个主题都有自己的见解。客观讲课程任务是挺多的，三周一次小组汇报，时长十五分钟左右，还有讨论课课后作业，不过这个可以选择上课时回答分数且会好一些。但总体来说，上完我是有所收获的。每节课都到课+认真准备展示+讨论课现场回答问题+期末自认答的还可以，最后收获大学第一个满绩，供大家参考。
216043,2575,陈力君,2025-03-10 02:09:34,-1,4,5,我嘞个豆，老师评分怎么这么低😭上了老师的中国影视解读与批评这门课，感觉很有意思啊。。。每周这两个半小时真的是本工科生做喜欢的时间了，没有电路、信号、系统，也没有微积分、线代、人工智能。。。🥺上课认真听老师讲课，观看影视片段，真的可以学到很多东西，看电影的时候也能想起老师上课讲的镜头语言。不知道老师哪来的这么多恶评，没有歧视工科生，没有吐字不清晰。\n\n我为陈力君老师正名😍🌹
217851,2575,陈力君,2025-04-17 07:26:45,-4,3,7,很有趣的课！
217859,2575,陈力君,2025-04-17 07:47:58,-4,3,7,陈老师挺好的！
218095,2575,陈力君,2025-04-21 02:34:59,-3,3,6,跟着老师的思路走，分不差，也轻松，仔细思考自己也能感受到电影流派发展的脉络
218813,2575,陈力君,2025-05-06 13:42:56,6,6,0,唉。。
221450,2575,陈力君,2025-06-23 15:33:57,1,1,0,给满了！！感谢老师！！！
7175,2612,张弛,2017-10-24 01:12:25,-24,10,34,表情很搞笑，女生分都高，男生给分很崩溃
8115,2612,张弛,2015-09-17 05:22:42,0,5,5,人挺好
9868,2612,张弛,2015-11-11 11:34:02,2,4,2,视听结合～～
9869,2612,张弛,2015-11-11 11:34:36,13,18,5,非常好
9870,2612,张弛,2015-11-11 11:34:50,0,3,3,萌萌哒
9871,2612,张弛,2015-11-11 11:35:02,0,3,3,好老师
9890,2612,张弛,2015-11-12 04:35:00,2,4,2,非常喜欢他的课，很有趣
18484,2612,张弛,2016-01-21 22:25:56,14,17,3,第一次给老师评分，张老师的课，听的好受益匪浅，听不好便水过去，请在一开始就跟住他的心
18569,2612,张弛,2016-01-22 04:41:21,13,15,2,一个有智慧，有独特思想的老师，推崇自由化课堂，超级好
18607,2612,张弛,2016-01-22 06:10:27,13,16,3,我觉得这才是大学老师    极有魅力
18642,2612,张弛,2016-02-03 10:13:55,-4,5,9,呵呵呵呵
22312,2612,张弛,2016-03-03 12:18:53,11,13,2,走神一秒落后一年
51300,2612,张弛,2017-05-29 14:26:26,32,39,7,那股痞劲儿真让人又爱又恨。
51719,2612,张弛,2017-06-08 14:41:37,16,18,2,你抽车，我推烟。\n\n一根烟的功夫。\n\n经典老师，好老师是用来启蒙的，而不只是传授知识的。
53521,2612,张弛,2017-06-27 01:44:44,2,2,0,上课超有趣，满满的干货。有知识有情怀～
63061,2612,张弛,2017-11-28 05:43:05,6,8,2,上课很有趣哇 会放一些小视频  关心老师头会不会冷|ω・）
70477,2612,张弛,2018-01-26 16:35:46,2,2,0,老师超好
71464,2612,张弛,2018-01-28 13:23:38,2,4,2,极有魅力的老师
74412,2612,张弛,2018-02-20 01:42:47,6,7,1,虽然分不高，但是人格魅力哇！
82369,2612,张弛,2018-07-08 03:58:54,14,18,4,不多说，这辈子遇到的最负责、最优秀的老师，本科四年给予的教导和帮助实在难以用感谢一词概括。三生有幸，得教于张弛师。
87065,2612,张弛,2018-09-20 06:24:52,3,4,1,男神不多说
91204,2612,张弛,2018-12-03 07:31:46,5,6,1,老师超级棒!\n\n这才是大学教授应该有的样子!\n\n\n\n因为他爱上了希腊文明\n\n\n\n也在考虑转去历史系
93261,2612,张弛,2019-01-08 12:44:52,17,19,2,听说老师头发长出来了 再打一次分 来自日渐秃头本人的羡慕|ω・）
93311,2612,张弛,2019-01-09 03:15:31,3,4,1,不说了，是真正的有思想的老师，也是大学需要的老师。
94087,2612,张弛,2019-01-15 07:03:26,6,8,2,博学、见解深刻、富有情怀，关键长得还帅，完全是神仙老师！结课了好不舍，想打100分
100387,2612,张弛,2019-01-26 04:36:40,5,5,0,我学世界文明史最大的收获，一是来自拉尔夫的书，二是来自张弛老师讲的课
104613,2612,张弛,2019-03-25 07:03:45,2,2,0,不是，老师，您慢点，这车速有点快啊呜呜呜\n\n   满分老师
104621,2612,张弛,2019-03-25 07:52:55,2,2,0,讲的是真好，也是真快，求求老师字别这么潇洒就好了?
105961,2612,张弛,2019-04-23 15:13:00,2,2,0,社会的感觉
106838,2612,张弛,2019-04-30 04:08:53,1,3,2,用才华和情怀收割迷妹心的老师！男神！妥妥的男神！！
110095,2612,张弛,2019-06-22 15:51:52,-1,1,2,浙大需要这样的老师
113467,2612,张弛,2019-07-06 17:44:37,1,3,2,社会缺少这样的人，浙大缺少这样的老师
119151,2612,张弛,2019-11-11 01:50:33,7,7,0,让人又爱又恨，完全碾压，思维活跃跳脱。罗伯特·达恩顿的学生。不讲究死记硬背，提倡独立思考。
120300,2612,张弛,2019-11-27 23:59:47,3,4,1,先生风骨，山高水长
121294,2612,张弛,2019-12-23 11:09:10,3,4,1,老师讲课有时候会上头，很酷
122156,2612,张弛,2020-02-17 11:22:44,9,10,1,能有这样的先生，实属我浙学子之幸。“我认为，最优秀的学生不是在关注最紧迫的问题，而是在关注最根本的问题”。一个秋学期的世界文明史，实在受益匪浅。
131065,2612,张弛,2021-01-25 23:08:33,14,15,1,呜呜老婆人太好了，爱了爱了
151195,2612,张弛,2022-02-24 08:32:23,1,4,3,老师是真的厉害。任务很多，非本专业慎选。
151508,2612,张弛,2022-03-06 07:59:00,2,3,1,令人敬畏
165059,2612,张弛,2022-12-29 02:22:33,2,3,1,我个人之前对世界文明史的知识知之甚少，于是我不太跟得上张老师的思路，甚至我都搞不懂上课讲了些什么。\n\n张老师前几节课讲总论的时候讲了几节课“什么是世界，什么是文明，什么是历史”，而我又有点讨厌这些空空地讨论定义的东西，于是就对这门课有了一点成见。讲两河的时候讲他们住的房子是怎么样的，讲埃及的时候又讲埃及的神啊鬼啊的，哈哈哈哈我被老师搞蒙了……\n\n但我印象最深的是讲希腊城邦四美德的那节课，我受到的启发很大。
165104,2612,张弛,2022-12-29 07:00:09,2,3,1,世界文明史H，当做普通的通识课选的，选上才发现班里有很多人社的同学，一开始没有特别认真听课，但是总是会被老师讲课吸引并且思考。是一门能学到很多东西，思考很多东西，也很自由开放的课程。
165119,2612,张弛,2022-12-29 08:06:45,-1,0,1,老师上课很认真，只是我对于历史知识不是很感兴趣，反而很喜欢老师岔开去讲的话题（x）\n\n上的世界文明史，能看出来老师不仅仅是在教知识，是真的想让我们有所思考的，认真听他的一些教导还是蛮有启发的
165121,2612,张弛,2022-12-29 13:48:43,3,4,1,有一众迷妹……\n\n相当让人敬佩的老师，永远忘不了他讲来自黎巴嫩的雪松时带来的感动
165135,2612,张弛,2022-12-29 09:18:22,3,6,3,真的好喜欢老师！世界文明史H，不属于理科生的任何培养方案，完全凭借兴趣选择。但是真的受益匪浅。老师会启发我们拥有历史的思维去了解世界的文明，启发我们解读材料。课后的作业内容也较为轻松，小组展示轻松但能学到很多。世界文明史课甚至比数学课和计算机课更加吸引我，成为每周的期待。老师上课行云流水，富有思辨，满腹经纶。强烈推荐有兴趣的同学选择，绝对值得！
165141,2612,张弛,2022-12-29 09:47:56,-1,0,1,老师很博学，讲课思维跳跃很大，上课会放很多视频，能学到很多历史知识
165142,2612,张弛,2022-12-29 09:51:15,-1,0,1,老师讲课超级有意思
165177,2612,张弛,2022-12-30 01:54:30,1,3,2,选了不吃亏，强度高，收获大
167895,2612,张弛,2023-01-20 03:24:19,13,16,3,本人理科生，世界文明史H可以水课，任务少，一次小组展示+期末5000字读书报告，但会被绩杀。
172918,2612,张弛,2023-05-10 02:19:32,-3,0,3,老师真的特别好，讲课有一种娓娓道来引人入胜的感觉，听老师讲课真的是一种享受！！！
174318,2612,张弛,2023-06-09 09:20:06,6,7,1,历史社会学是一门相当伟大的课，感觉不上的人亏大了（另：感谢老师介绍让我认识了现在非常热爱的汤普森，当时看《买卖妻子》这篇的时候真的受到了深深的震撼…）
181485,2612,张弛,2023-10-19 02:54:39,9,9,0,······
181515,2612,张弛,2023-10-20 07:16:29,5,5,0,我太菜了
183807,2612,张弛,2023-11-30 07:50:44,6,6,0,老师你今年怎么大变活人……是有什么心事吗……
184072,2612,张弛,2023-12-08 00:52:56,4,4,0,老师还是很有水平的，但是上课经常迟到。。
184074,2612,张弛,2023-12-08 01:22:07,1,7,6,emmmm……难评……自己总不来上课还节节讽刺学生不上课……
184333,2612,张弛,2023-12-18 02:28:05,-5,2,7,感谢张弛师
184377,2612,张弛,2023-12-18 10:40:24,10,11,1,怎么我的到课率都比老师高了呢😅
185531,2612,张弛,2024-01-02 02:31:00,5,6,1,历史社会学，pre是考核方式。我夙兴夜寐做了特别久ppt写了5000字报告绘声绘色讲了十几分钟，他一直在做自己的事情，下课了居然不知道我是否有汇报过，还在钉钉群里@我问。。。。。。。。。。。真的崩溃了。\n\n我的努力，都是小狗屁。\n\n自己早八几乎此次迟到，还有好几次让学生代课。
187445,2612,张弛,2024-01-16 07:09:58,0,5,5,讲课毫无逻辑，考试内容与上课没什么关联，认真听完所有课答题分都没多高，老师平时分给分也超级烂，别选，考试全靠ppt，不是那种认真上课分就高的课
187449,2612,张弛,2024-01-16 07:18:27,0,2,2,好老师，上课富有激情与启发性
187638,2612,张弛,2024-01-17 02:36:59,3,4,1,严厉又温柔，上完他的历史社会学，到现在都很怕他。本来想通过这门课，好好看书好好讨论的，但是今年选的人太多了，以往一个班就十几个人，今年有四五十个，讨论都没法进行，所以老师采取的是一个一个抽人回答。但我们今年很多人选了课但没来上课，老师很生气（因为每次发言也算是一次小考试，老师会记录给分），遂每次上课都会优先抽上节课没来上课的同学回答问题，算是给一次补考机会。如果是为了高绩点来选这门课的，建议不用，因为很累，而且人多课堂讨论目的也达不到，老师也不会给每个同学高分，要看实力。
187980,2612,张弛,2024-01-18 02:48:27,1,2,1,想向老师请教问题，老师已读不回……….
189022,2612,张弛,2024-01-21 09:23:16,1,3,2,很难评，不是因为老师给分不好，而是因为以我菜鸡的水平难以给这么大牛的老师以中肯的评价。
189747,2612,张弛,2024-01-28 07:58:41,1,2,1,上过老师两门课了。\n\n历史社会学这门课，老师前四周的安排很好，前面阅读书目也让我收获很大。(日夜苦读)但后面每个人都展示显得有些水(可能是课程人数增加很多的原因)，而且老师会忙着做其他事情。\n\n老师经常迟到，但多是因为身体原因。大家没必要指责。(还有两次让其学生代课也是)\n\n老师学识渊博，世界史史料阅读课上收获很大，启发很大，对学生的要求也高。是很好的老师。(如果能亲近点学生就更好了)
199303,2612,张弛,2024-09-20 15:00:05,3,3,0,hhh 点名杀手
204673,2612,张弛,2024-11-27 09:07:08,-1,0,1,我不喜欢他，再也不会选你的课
207833,2612,张弛,2024-12-24 12:14:21,-1,2,3,大师风范，讲课有水平，课堂氛围自由，会提问，但不算点名。世界文明史只用进行小组展示，以及写一篇5000字读书报告，就能得到3学分，我做为理科生选了世界文明史H，很有收获。
208899,2612,张弛,2025-01-03 08:07:38,-1,0,1,上课随意，给分随机，平时展示做得越多分越低，这课你就上吧，等低分随机到你头上就老实了
209293,2612,张弛,2025-01-05 10:53:24,0,1,1,我记得他最后一节课说（也可能是我听错了）\n\n你们都挺膈应我的吧，不过活该，谁让你们选了（）
212576,2612,张弛,2025-01-14 08:27:50,0,0,0,行吧，
213038,2612,张弛,2025-01-16 00:38:33,4,4,0,觉得老师其实更适合搞研究而不是上课 因为从老师的教育背景和家乡来看不难推出为什么老师会选择在浙大教书 以及老师的性格可能并非是授课型的而确实是研究型的 不过为了不浪费彼此的时间希望学校可以给这门课换一位老师或者让老师稍微调整一下这门课的内容 老师长得其实还算帅的 能从北大历史系毕业也非常厉害（我曾经的梦想qwq） 给老师打了9分 //出分89
35476,2634,周少华,2016-11-10 07:20:18,0,1,1,上课爱吹水，期末有点坑，但是总的来说还好
78922,2634,周少华,2018-05-17 02:18:07,4,4,0,老师上课有好多故事！
87294,2634,周少华,2018-09-26 19:02:54,0,1,1,错误百出。呵呵
92242,2634,周少华,2018-12-27 07:39:15,1,2,1,很喜欢讲故事，讲自己经历的事情
127159,2634,周少华,2020-11-11 07:56:51,0,0,0,陶瓷，上课事情非常多。平时讲课还好
129819,2634,周少华,2021-01-12 14:05:10,1,1,0,文化遗产导论。听下来只记得希腊总理接见过老师😂
8416,2647,应奇,2015-09-21 06:11:05,10,10,0,他上课到底在干嘛。。。
8792,2647,应奇,2015-09-28 00:36:11,2,3,1,每天上课都在自夸自夸自夸…丝毫没讲什么有用的东西
9062,2647,应奇,2015-10-12 03:11:45,6,6,0,看到这条评论的，现在退课还来得及。
10158,2647,应奇,2015-11-17 03:43:07,-1,0,1,呵呵哒
14276,2647,应奇,2016-01-06 04:28:31,3,3,0,不知所云
14277,2647,应奇,2016-01-06 04:30:27,-1,0,1,no zuo no die
19983,2647,应奇,2016-01-25 23:49:52,2,2,0,他有上课嚒。。。
20388,2647,应奇,2016-01-27 10:51:03,1,1,0,千万别选，为了生命，为了绩点
27006,2647,应奇,2016-06-22 06:41:48,2,2,0,exo me？
16950,2703,千勇,2016-01-19 09:54:31,11,17,6,挺可爱的老师 白白胖胖 声音略低沉 但很有磁性 给分不错呐
22519,2703,千勇,2016-03-07 08:29:54,0,5,5,讲课不耐烦的样子
27898,2703,千勇,2016-06-30 10:08:35,8,14,6,老师很可爱 认真复习的话分数不错～
29715,2703,千勇,2016-06-30 08:24:50,-5,10,15,节节课都去 竟然这么低的分？那那些翘课的是不是都挂了！？exm？
29896,2703,千勇,2016-06-30 13:18:02,1,4,3,老师教了很多语法，所以平时就一定要认真学啊！然后就是多记一下单词，考试的时候死在不认识单词上了。
30734,2703,千勇,2016-07-02 10:34:18,-16,10,26,老师讲课还蛮好的 但是推荐旁听 每次课都去 很认真 每礼拜复习  最后才3多一点
52271,2703,千勇,2017-06-17 03:44:40,0,6,6,怎么看都感觉自己要挂了，先平心而论给老师打个8分，讲的很细但是韩语真的有些难，单词背了记不住……老师默认大家是每天都复习韩语的样子，因为数学课太多没什么时间看韩语，只希望来事给点猛烈的师生情
55659,2703,千勇,2017-07-02 06:14:52,6,7,1,想水的别来
58754,2703,千勇,2017-09-16 14:12:23,4,10,6,每节课之前都会花时间复习。老师上课虽然感觉不耐烦，但是该讲的知识点都不会落下，会点名起来读单词。一点儿不水。认真做笔记就好。
64569,2703,千勇,2017-12-25 09:50:26,9,12,3,老师教的很不错呀～认真复习就有不错的分数
81558,2703,千勇,2018-07-09 07:18:24,7,10,3,这个分数...我可真是暴风哭泣
82820,2703,千勇,2018-07-09 07:38:24,3,7,4,最后3.9 不知道算高还是算低 但比起大英好多了\n\n
82830,2703,千勇,2018-07-10 12:59:53,2,9,7,平时很认真的学，认真记笔记，听写单词前会提前3天背单词。最后考试看了好几遍ppt，考完也觉得考的不错。最后成绩只有3，不知道为什么，可能没有给老师留下印象了吧。早知去学大英五了。不信勿喷。
82948,2703,千勇,2018-07-09 10:48:11,2,8,6,真的很迷了 以为再怎么也比修的大英好吧……已经不知道比大英四用功多少了 结果居然3.3  比水过去的大英都还低 不敢相信 全勤好好背书考前自认为准备的比数学课还多 结果却跟我觉得凉透考的贼差的科目都一个分了 慎选吧!
83027,2703,千勇,2018-07-09 13:44:23,11,12,1,谢谢老师 老师很可爱很奈斯的 讲课很有条理 的确是能学到东西的
83521,2703,千勇,2018-07-10 13:29:56,0,2,2,老师还行  分数真不行
108378,2703,千勇,2019-05-22 09:10:42,-9,7,16,老师不错，不过有延边口音?\n\n想学标准首尔音的建议换老师?
111036,2703,千勇,2019-06-30 17:27:17,-8,1,9,这老师给分是真不行，我先上了韩语2，4.8，这个课4.5卡?了。。
111239,2703,千勇,2019-06-30 17:28:46,-16,0,16,上课讲得一般，但是PPT什么的都挺有条理。一天速成的韩语，最后绩点4.5，大家自己看吧。
111260,2703,千勇,2019-06-30 22:25:08,0,1,1,每节课会点同学起来念单词，然后每个单元结束后都会有单词听写，会提前告知然后让大家有时间准备。虽然老师上课有时候会有点不耐烦，会恨铁不成钢，但授课真的细致。语言是期末很难速成的，单词语法都很重要，最后的分数比我预想的要好一些，老师也说过部分同学的期末考试并不像自己认为的那么好，所以这个判断也影响了老师给分好坏的印象吧。
111268,2703,千勇,2019-06-30 23:11:48,4,4,0,多谢老师不挂之恩
111273,2703,千勇,2019-06-30 23:35:52,6,6,0,老师还是很有趣哒！
111286,2703,千勇,2019-07-01 00:22:46,-5,1,6,老师考前跟我们说期末95+总评才能90+，做试卷的时候我是崩溃的，出分了我感觉老师骗人
111292,2703,千勇,2019-07-01 00:57:11,2,2,0,一学期没怎么背过单词，平时分应该跪了，最后一个月天天背单词，最后成绩也还好。大家一定要好好背单词啊
111301,2703,千勇,2019-07-01 01:39:54,9,10,1,学的韩语1 很有意思 没怎么额外花时间 跟着老师就行..感觉期末挺简单的 出分4.8
111350,2703,千勇,2019-07-01 04:21:45,0,1,1,零基础真的可以学到东西，知识点老师讲得挺清晰的，考试也不难，给分也ok
111355,2703,千勇,2019-07-01 04:33:17,5,5,0,只要认真学都能取得好成绩，并且老师很努力很细致的在教语法和单词，说话挺有意思的。学到很多。
111408,2703,千勇,2019-07-01 09:06:54,1,1,0,虽然我不喜欢上课 上课除了发音和语法点之外没有怎么听了（捂脸.jpg） 但是我觉得如果课外平时有背过单词复习就不会很累 复习很重要，认真看看书，提前一个月开始认真复习，老师上课讲的语法其实不难，看书加上语法笔记就可以弄懂了 老师打分就是看试卷分和平时到课率 考试分挺重要的谢下老师给了4.8（花花.jpg）
111410,2703,千勇,2019-07-01 09:30:40,0,3,3,六年韩圈经历4.5水过，但感觉对韩语初学者会不太友好，老师默认你下课一定把单词背完的那种
111414,2703,千勇,2019-07-01 11:03:26,0,0,0,老师上课讲得挺清楚的，每节课都会点人回答问题。有几次小测，但是小测前把单词背了就没啥问题了。还会看电影！我上课也不是一直认真听，有时候还水水手机，但是单词语法搞懂最后4.2，没有之前大家说的绩杀啊，而且最后试卷应该不难，挂的是真的没有学吧
124604,2703,千勇,2020-07-03 13:11:05,2,2,0,老师讲的挺仔细的 一定要好好背单词和复习ppt 例句很重要
139053,2703,千勇,2021-07-12 09:41:56,6,6,0,老师很好！出分了来反馈一波。上课认真听干货满满，认真准备小测，考试前认真复习ppt是可以取得很不错的绩点的！！大家加油！
139068,2703,千勇,2021-07-12 11:03:19,7,7,0,天呐出成绩了完全不敢相信，老师给分太好了吧，大英四3.6韩语零基础选手韩语一4.5，本人真的仅仅认真听老师的话背单词看ppt，还要感谢老师平时听写单词，到了期末就算没有多少复习时间，背起单词来也是很快的，总之听老师的话，成绩不会差
139079,2703,千勇,2021-07-12 13:12:29,4,4,0,每节课都认真听，课下每周补笔记花的时间不超过一小时，期末复习一天多，最后满绩啦，感觉还是比较轻松的，比大英轻松很多～千勇老师人超级好超级可爱，很关心学生！
139439,2703,千勇,2021-07-15 13:46:55,8,8,0,千勇老师超级好！上课干货多，一学期下来收获很多！跟着老师走，最后绩点不会差，给分很好！！韩语零基础，其他科目成绩中等偏下，在这门课也能拿满绩高分！！
139587,2703,千勇,2021-07-17 16:11:35,5,6,1,选这门课绝对能学到干货～
139588,2703,千勇,2021-07-17 16:26:50,2,3,1,讲课有条理，细心！
139598,2703,千勇,2021-07-18 04:54:39,5,5,0,认真负责，干货满满
148550,2703,千勇,2022-01-13 00:56:31,-8,1,9,东亚历史与文化，给分太差了，老师还卡绩
149257,2703,千勇,2022-01-15 01:35:14,3,3,0,老师真的很好，很负责任，能学到一些东西
149917,2703,千勇,2022-01-17 18:15:13,10,10,0,对东亚国家关系史感兴趣同学，还是非常推荐这门课，特别是老师讲战争史还是蛮有趣的
150482,2703,千勇,2022-01-26 07:24:11,4,4,0,最近刷韩剧感觉跟千老师学韩语还是蛮值得的，只要认真上课，老师给分也不错哦……
155267,2703,千勇,2022-06-10 03:27:18,6,6,0,超级好的老师！！很耐心，对教学有热情，也非常关注学生的想法！！一定要上一次他的课！！！
156052,2703,千勇,2022-06-17 08:51:45,9,10,1,学韩语一定要选千老师，老师教的好，给分也好
156168,2703,千勇,2022-06-18 04:06:33,6,6,0,这一学期真的收获很多！老师也真是很少见的负责任的老师！在课上可以学到很多的东西，毕竟对于一门语言来说如果没有负责任的老师是很难学到东西的～
156760,2703,千勇,2022-06-21 02:16:40,6,6,0,东亚历史与文化给分挺不错的。老师和助教人都很好。上课提问没人回答老师就拼命提示（虽然还是回答不上），有讨论课不过气氛都很轻松（助教还带我们看了两次电影不过后来被查封了），而且还能顺带学点历史知识，最后一节课老师还叫我们起来聊聊上课感想硬送平时分。总体来说性价比很高，选了不亏。
156847,2703,千勇,2022-06-21 06:43:35,11,11,0,千勇老师简直太好了555身为一个三年没学过历史的纯理科生，本来以为选东亚历史与文化会学不好，最后期末把ppt打印一下翻看两遍标记一下上了4.5！简直太感动了555虽然选这门课的人很少，但是老师上课讲课还是很认真，很努力的想找同学回答问题送平时分 ˃͈꒵˂͈ 助教也超级好超级亲民hhh希望下学期有更多人选这门课！入股不亏真的！
157400,2703,千勇,2022-06-23 06:30:44,7,7,0,东亚课老师讲课风趣，善于启发学生主动思考，给分也不错~
157646,2703,千勇,2022-06-24 07:46:27,-6,2,8,感觉给分一般，最后3.6，反正都要正态，有人分好就有人分差，讲课的话感觉能学到很多东西吧，事比较少，但最后的考试有点烦人。
172141,2703,千勇,2023-04-20 10:47:17,1,1,0,韩语和东亚历史与文化的助教gg都很帅（
175731,2703,千勇,2023-06-26 10:34:16,3,3,0,东亚历史与文化，课程内容真的非常硬核能学到很多平时不懂的东西（虽然我平时根本不听课）。两周一次pre有点累，但小组成员给力的话就OK。老师和助教gg人都超级超级好，请假不扣平时分的。完全对历史不感兴趣，连高中历史都不记得，期末看了遍PPT尽量写多点字，绩点也很好看！课堂上喜欢发言的同学会更有优势，但我只发了两次言也没太大劣势！
175734,2703,千勇,2023-06-26 10:39:52,4,4,0,【东亚历史与文化】上课数字点名，两周一次展示，上课多发言平时分会高。这门课内容比较多比较硬核，很多时候就是一问三不知。但老师很博学很有耐心，很包容，助教也非常nice，很幽默很好相处很潮。考试是开卷考，ppt都可以翻到，但内容比较多建议提前做好标记。给分也很好，即便上课都不会千老师也不会给学生太大压力。上课能让你收获另一种文化视野和胸襟。
175746,2703,千勇,2023-06-26 11:30:02,0,0,0,老师知识超渊博，讲的东亚课都是学界里面很前沿的东西了，所以课听起来还是有点费劲的，仿佛什么历史专业课😂两周一次pre 事情不算少，但是如果认真做平时多和老师互动（老师超级在乎这个），期末开卷考好好准备，给分还是可以的！
175997,2703,千勇,2023-06-27 11:18:08,3,3,0,上课很拓展同学们的知识面（干货不少），与杭州当地历史文化结合很密切，课前会看小短片，很希望大家都来互动（尽管很多时候大眼瞪小眼doge），平常上课多互动互动，期末打印的PPT提前两个小时做个小目录，编个页码，论述题写满，分数很好😁😁😁😁😁
176292,2703,千勇,2023-06-28 09:13:53,2,2,0,东亚课能开阔视野学到东西入股不亏，老师和助教都很好，多互动认真复习PPT内容成绩会很完美
186660,2703,千勇,2024-01-12 11:20:50,1,1,0,\千老师/ \韩语2/ 老师真的很好给分也很好TT因为韩语1的内容是听的智云自学的，所以其实学的不是很扎实。但是这学期无论是课上还是课下很认真的投入了很多精力后，真的觉得韩语进步了很多。语言还是需要老师这样踏实的教学方法才能真正让你去掌握的。老师给了很多直接和间接的鼓励，一开始真的不敢发言怕说错，到后来努力去发言和会话练习（学语言还是要多张口说啊！！！）真的很想学好韩语的uu快冲千勇老师！！其实期末感觉考的还是有遗憾，但是老师给的分数还是挺好的TT（虽然老师说了会有正态要求 高分不会很多 但是认真学真的能学好嘟不用担心！！
187110,2703,千勇,2024-01-14 13:27:02,1,1,0,直接上韩语2的来推荐一下千老师（韩语1部分两周极限自学，通过2慢慢补足了一些基础）。。。老师看起来可能有点严肃但其实非常温柔耐心，语法讲得也很细致。课上会鼓励和邀请同学读课文回答问题，一开始真的是尴尬得脚趾抠地，后来发现当众做错过的point学得会更扎实，做得不好老师也不会责怪，推荐大家上课的时候多多volunteer，不要拒绝老师的鼓励。还有三次会话课，助教也很耐心，都是鼓励教育，只不过我太i了所以一直觉得好尴尬（）。最后的bonus就是，老师上课会介绍一些韩国的历史人文，个人非常喜欢，去韩国旅游不会只知道首尔釜山济州岛了哈哈。几乎不在查老师上发表评价，但是千老师的课体验真的很不错所以发一条。
219688,2703,千勇,2025-06-04 07:36:51,0,0,0,超级好，简单，快去选，不会韩语一也没关系
9826,2773,孔令宏,2015-11-10 10:17:26,34,44,10,呵呵呵
10917,2773,孔令宏,2015-11-23 09:42:57,14,18,4,老师电话多少啊
38385,2773,孔令宏,2016-12-01 14:00:59,24,29,5,原来真有零分的……话说我是不是拉高了平均分数？
48918,2773,孔令宏,2018-03-02 13:28:43,4,6,2,诚心建议，慎选
49066,2773,孔令宏,2017-03-23 02:25:59,5,6,1,为什么没人举报？？？
50192,2773,孔令宏,2017-05-01 05:27:12,6,8,2,没脾气，该做的都做了，绩点是真的低，讲得是真的不咋地。
50365,2773,孔令宏,2017-05-02 13:02:04,3,4,1,讲了无聊，绩点低
57637,2773,孔令宏,2017-07-11 09:31:04,19,22,3,小心天师发功震死你
75899,2773,孔令宏,2018-03-21 09:38:06,6,9,3,没有零分，不然肯定给0分，是真的很恶心?
77519,2773,孔令宏,2018-05-06 08:29:04,5,7,2,是一种什么体验，刺激，绩点更刺激，这个雷踩的
77522,2773,孔令宏,2018-05-06 08:33:46,7,12,5,哲学系的耻辱
77530,2773,孔令宏,2018-05-06 09:35:43,12,14,2,我跟他没完。
77534,2773,孔令宏,2018-06-25 07:51:56,0,2,2,呵呵呵
78878,2773,孔令宏,2018-05-16 04:54:40,2,3,1,垃圾垃圾，贼差劲了，上课全程一张ppt讲到底，而且还给0分，无话可说。
79466,2773,孔令宏,2018-06-06 02:56:11,-14,11,25,其实你认真学认真写老师会给高分的
81873,2773,孔令宏,2018-07-06 10:42:53,-8,4,12,其实还可以哦没有特别绩杀，就是事情有点多…
104049,2773,孔令宏,2019-03-11 03:56:26,11,11,0,感觉老师老在看天花板讲课
104798,2773,孔令宏,2019-03-28 02:57:08,8,10,2,为什么没有零分｡ﾟ(ﾟ´人`ﾟ)ﾟ｡\n\n感觉老师上课没有什么热情
105656,2773,孔令宏,2019-04-18 03:15:38,12,12,0,教学方式差。一个短学期的事情比我一个长学期的事情还多，还经常布置一些没有意义的任务，感觉学不到什么有用的知识。
105692,2773,孔令宏,2019-04-18 12:36:59,6,6,0,课堂提问一上来就怼....
106282,2773,孔令宏,2019-04-26 06:17:31,8,10,2,神经病
106289,2773,孔令宏,2019-04-26 07:07:28,15,18,3,确实，我就是被气到了所以来评了个分，这大概是我得到过的最低分了吧，实在不懂(=_=)整节课上的跟古文翻译课似的。。。
106454,2773,孔令宏,2019-04-27 13:45:47,12,14,2,上课基本两件事，同学起立翻译古文，老师念ppt。学到了什么，也许有，但老师没有激情和热情的授课方式实在大大削弱了中国哲学本该有的魅力。我的绩点不高，也不能说愧不愧对自己的努力，毕竟课友都是很优秀的同学。绩点不重要，重要的是老师的上课质量确实还能有所提高。
108552,2773,孔令宏,2019-05-28 08:01:12,12,12,0,千万别选，我大四选了他的研究生课，直接创造了本科最低绩点，这种课他真的会让人挂
122422,2773,孔令宏,2020-02-27 03:15:38,4,5,1,真的烂
122424,2773,孔令宏,2020-02-27 03:53:26,5,5,0,来了。真的烂+1
122425,2773,孔令宏,2020-02-27 03:55:23,8,9,1,这样的老师让我放弃了对中国哲学的兴趣，哲学课上成了古文翻译课和音乐欣赏课，他真的不适合教书。
122516,2773,孔令宏,2020-03-03 06:10:36,8,8,0,一分都不想给。。
123118,2773,孔令宏,2020-05-11 02:46:15,12,14,2,实在是差劲，明明上课很枯燥，却要努力积极发言，明明作业很无聊，却还是非常认真的查了资料写论文...但还是得了很低的成绩
123121,2773,孔令宏,2020-05-11 03:29:40,4,5,1,给分有点伤人啊……上课连麦读古文&翻译，收获感很小。
123123,2773,孔令宏,2020-05-11 05:03:27,10,10,0,出分拉了均绩0.2...34学分中拿到的最低分hhh以身试法，上课不发言，最后2.4。自认为论文写的不算差，所以后代学弟学妹上中哲1还是努力水水发言8
123890,2773,孔令宏,2020-06-15 17:46:37,8,8,0,145分钟的课，100分钟在连麦，不知道为什么，在大师手上得了3.0，我的内心竟毫无波动，可能我也要得道飞升了吧
124879,2773,孔令宏,2020-07-14 09:07:49,11,14,3,不知道讲的是什么狗屁玩意，上课连麦和网上小测明明自己没有设置好转脸就骂学生，课后小测还出日本要进口中国的木头做一次性筷子是不是因为我们国家政府不重视环境这种十年前的傻逼题目。此老师水平极差、师德低下，建议直接辞退，省得脏了浙大的环境。
124920,2773,孔令宏,2020-07-20 17:46:25,24,26,2,据说这老师还想炼丹？
133942,2773,孔令宏,2021-03-10 08:02:21,-8,4,12,从他的语言表达和思维方式中真的可以渐入哲学研究的佳境。知识非常渊博，下课对每个同学的疑问都耐心解答。
133969,2773,孔令宏,2021-03-11 02:21:36,6,8,2,别的不说，语调真的恶心，什么鬼发音，太糟糕了
134161,2773,孔令宏,2021-03-17 10:30:29,-21,6,27,老师不错，我想不通为什么评分这么差。老师讲课很好懂，知识也很渊博，很好地帮助我们理解老庄道家思想，并用于实际生活，还拓展讲了内丹、气功修炼的部分思想，非常有趣。中国传统文化值得学习，骂老师的是体会不到其中的精妙之处。
134518,2773,孔令宏,2021-03-31 05:47:29,3,4,1,对儒家有较多偏见
134906,2773,孔令宏,2021-04-22 04:21:24,2,2,0,为什么不能给老师打零分？不打负分就已经够友善了。
135056,2773,孔令宏,2021-04-28 11:17:12,4,5,1,125个人的课程，80分以上的三个人，你品，你细品。
136117,2773,孔令宏,2021-06-11 05:03:19,5,5,0,上如不上，浪费生命
139195,2773,孔令宏,2021-07-13 08:10:54,18,20,2,中国哲学史1，感谢陈鼓应先生和冯友兰先生，这门课全靠他们🙏
151295,2773,孔令宏,2022-03-02 06:45:44,7,10,3,整天泡在网上的都是些什么人？屌丝！
152332,2773,孔令宏,2022-04-04 10:54:45,5,8,3,我觉得客观地讲，只能说他不适合教书，学术方面不一定很弱
153123,2773,孔令宏,2022-04-26 02:11:13,3,3,0,文言文翻译一学期 谢谢陈鼓应先生对我的作业做出的极大贡献
153206,2773,孔令宏,2022-04-26 15:16:30,5,5,0,分数意外的很好…
153388,2773,孔令宏,2022-04-29 02:29:24,5,6,1,这学期开始给分好起来了
170348,2773,孔令宏,2023-03-03 04:13:13,1,2,1,离谱啊
170362,2773,孔令宏,2023-03-03 06:48:33,1,1,0,呃呃呃呃呃
171139,2773,孔令宏,2023-03-17 02:06:12,6,7,1,呵呵呵\n\n上课不知道在讲什么，天天嘲讽人
171426,2773,孔令宏,2023-05-26 02:09:47,2,3,1,…………
175509,2773,孔令宏,2023-06-25 09:09:02,0,0,0,中规中等hhhhhh
175660,2773,孔令宏,2023-06-26 05:43:55,0,0,0,这很难评
176374,2773,孔令宏,2023-06-28 14:56:07,-1,0,1,騎士精神[強]
199129,2773,孔令宏,2024-09-18 03:58:47,8,8,0,有病，师德低劣
200564,2773,孔令宏,2024-10-19 05:55:55,6,6,0,有很多可笑的言论，无论是论证道教的价值，还是批评他人的观点，发言均缺少科学性，难以让人信服。
207527,2773,孔令宏,2024-12-22 17:47:00,5,6,1,学校什么时候开除这炼内丹的骗子
215510,2773,孔令宏,2025-02-27 08:40:52,3,4,1,毫无意义的自然辩证法课，充分反映出老师的民科功底和道教信仰。名言太多，列举一二，可资一哂：\n\n“欧洲的传教士通过寄信把阴阳五行理论传回欧洲，启发了莱布尼茨创立二进制，后来被发展为布尔代数，成为计算机的基础。”\n\n“恩格斯的辩证唯物主义也是受阴阳五行启发来的，所以辩证法其实是出口转内销。”\n\n“有人说中医没有可重复性，那患者之间人和人是不一样的，变量很多，怎么会有可重复性呢？”\n\n“量子力学讲，粒子性和波动性无法同时侧重，有测不准原理，这就反映了科学测量仪器的重要性。”
216314,2773,孔令宏,2025-03-13 07:46:58,2,2,0,第一次见到这么愚昧的人，浙大就让这种搞民科的人来上课？\n\n经典语录“不准说中医是不科学、伪科学的，因为中医的历史比科学要久，所以中医不需要科学。”\n\n这种人怎么还不开除啊？
30589,2876,徐立望,2016-07-02 04:24:36,1,1,0,赞啊，有趣，有知识，虽然分分钟被鄙视网差
31684,2876,徐立望,2016-12-22 00:54:54,0,0,0,讲课很风趣
87063,2876,徐立望,2018-09-20 06:23:45,0,0,0,有要求
87167,2876,徐立望,2018-09-21 05:25:38,1,1,0,很好(✪▽✪)
104797,2876,徐立望,2019-03-28 02:50:40,1,1,0,老师讲课超级风趣幽默！思路会蔓延，讲很多有意思的事情(๑>؂<๑）
128338,2903,杨丰,2020-12-19 13:02:30,5,5,0,上课轻松，作业巨少，给分巨高。\n\n这个老师很有意思，她主张大学四年快乐学习，快乐生活，面带微笑，温柔相待。一个国画课堂她活生生地让我们养老。她会给我们温柔地指出不足，亲身师范，因材施教，没有架子，喜欢和同学们打成一片。认真学习的同学能受益匪浅，想划水的同学能尽情养老，连翘课的理由都没有，大学生的理想教师，适于所有人。杨老师对待艺术的态度是轻松的，而且是谦逊的，在她面前师生平等，没有高低之分，这无疑是正确的。她教我们国画，自己却在学习，善于发现同学们的优点长处，然后进行自我反思检讨，相互学习，教学相长，对于老师，这是多难达到的境界啊。说白了，杨老师是我找对象的理想标准，给杨老师比心(*๓´╰╯`๓)♡。
128349,2903,杨丰,2020-12-21 01:29:20,1,1,0,我好爱
181688,2903,杨丰,2023-10-28 07:02:05,1,1,0,神中神
206275,2903,杨丰,2024-12-13 12:56:27,0,0,0,老师超级温柔超级美，喜欢研究星座，专业课一直带我们出去玩
215933,2903,杨丰,2025-03-07 14:25:01,0,0,0,神中神
212,2910,咸晓婷,2015-03-14 16:55:04,-4,24,28,名家名作…平时没作业 上课读ppt 有做pre  人很厉害课就一般 如果不跟着她的思维积累 期末简直作死 建议古文能力强 脑洞大 不在意上课的过程的人来选
3676,2910,咸晓婷,2015-06-17 02:12:03,-11,23,34,不点名，没作业，只有期末考。自己知识丰富，有点不会讲课。人挺好的。期末考试简单。自愿做pre。给分不错，我91(超级水…
5119,2910,咸晓婷,2015-07-04 09:04:18,2,14,12,老师肚里有货有情怀有爱有人性温暖但不会讲课 上课念PPT，不点名没作业，愿意听还是能感受到一些东西 考试是古诗文阅读理解（不死抠标准答案），开卷 给分好
5406,2910,咸晓婷,2015-07-07 08:04:52,-9,17,26,不会讲课。给分不错，超级水。
15702,2910,咸晓婷,2016-01-16 07:09:39,-6,19,25,"哎……不会讲课，""李白就是那个李白，杜甫就是那个杜甫""。。。"
21046,2910,咸晓婷,2016-02-13 09:55:29,3,15,12,咸老师知识丰富喜欢她的课
29851,2910,咸晓婷,2016-06-30 11:56:15,1,14,13,口音很醉人，事情有点多，唐宋诗歌研究只讲唐代诗人?
35448,2910,咸晓婷,2016-11-10 07:17:22,2,10,8,老师知识丰富 但是上课比较枯燥沉闷
39453,2910,咸晓婷,2016-12-23 01:40:14,2,5,3,感觉老师人不错但是讲课略枯燥
39891,2910,咸晓婷,2016-12-28 06:30:52,-24,7,31,感觉就是，水平很高讲不出来的那种，讲课讲了五分钟我就开始水手机了。对了只上过她的一节课，是代胡可先老师的通核课，然后。。。跑来吐槽一下。
40310,2910,咸晓婷,2017-01-02 15:08:53,1,13,12,有内容有情怀有水平，喜欢咸老师的课，棒棒哒～
40316,2910,咸晓婷,2017-01-02 15:15:02,3,18,15,讲诗歌很精彩，能抓住诗人精神的本质，真正的人文学者，没有架子，很好的老师。
43995,2910,咸晓婷,2017-01-17 07:43:50,5,20,15,满绩妥妥的 \n\n老师很温柔 作业也不多 \n\n考试比较容易 \n\n很后悔没认真听老师说的每一句话 \n\n其实老师很有干货 \n\n很喜欢老师用佛法开导我们啊\n\n老师对诗歌的独特感悟对我启发很大\n\n
44009,2910,咸晓婷,2017-02-25 17:27:04,1,16,15,老师是我的女神，超爱咸老师
44031,2910,咸晓婷,2017-01-17 08:30:14,1,7,6,老师超棒 人很好～期末最后一节课会送给作展示的同学贺卡。平时没有作业。老师很有文学功底，就是讲课稍微有点枯燥，建议有文学方面兴趣的同学听。给分很好 期末满绩
44032,2910,咸晓婷,2017-01-17 08:31:13,26,35,9,给分真的很好 期末态度认真答题满绩是比较容易的 平时上课多听听感受性的体悟吧 老师还是很有学识的 虽然展现方式有些单薄 再说一遍 老师人很好 非常善良
44095,2910,咸晓婷,2018-12-22 16:04:20,-56,11,67,课是水没错，就一篇论文，开卷考，但我的成绩惨不忍睹！给分85，所有课里最低的......论文修改无数次，上课积极发言，认真准备PPT，卷子写的手都要断了，还要我怎样，难道我玩手机被她记住了？愤怒！
44098,2910,咸晓婷,2017-01-17 09:20:00,-4,13,17,挺水的，肚子里有东西但讲不出来，给分很好，没做展示也满了。老师人还是很好的，也很和蔼。
44595,2910,咸晓婷,2017-01-18 03:54:23,3,14,11,老师人真的超级好，超级温柔的一个人。上课讲ppt虽然有丢丢枯燥但是能学到很多知识还有一些观点看法。给分很好啊～
45258,2910,咸晓婷,2017-01-19 08:17:49,20,38,18,我这里预言一下，咸老师以后可能会成为大师级的学者，上过课的同学以后可以回味。
46507,2910,咸晓婷,2017-01-22 01:28:52,2,11,9,事情很少，但是我82分。
48368,2910,咸晓婷,2017-03-02 10:57:51,7,16,9,如评论所说水平很高但是讲课一般 人很温柔很知性很真诚
59381,2910,咸晓婷,2017-09-21 05:43:44,-8,25,33,古代文学史2………感觉老师其实很适合去做高中语文老师 /捂脸
59394,2910,咸晓婷,2017-09-21 06:18:59,-3,20,23,真的不会讲课啊，需要表达能力很着急
59901,2910,咸晓婷,2017-09-28 05:58:18,-2,21,23,听的很无奈
60173,2910,咸晓婷,2017-10-12 05:53:59,-2,23,25,上大学以来最尴尬的一节课，文学史2……
60440,2910,咸晓婷,2017-10-20 02:40:13,-4,24,28,每次上咸老师的文学史二 心中总回荡着一首歌：你说你 想要逃离偏偏注定要落脚 希望咸老师能够尽早认识到自己课堂的问题 予以改正
60659,2910,咸晓婷,2017-10-26 06:10:15,-3,19,22,emmmm一言难尽建议自行体会
60668,2910,咸晓婷,2017-10-26 07:55:13,-5,18,23,上咸老师的课一定要早点去 不然抢不到后排的位置\n\n
61572,2910,咸晓婷,2017-11-18 16:52:06,1,13,12,其实咸老师对文学有着很深的感受和体悟，她的文学史课，有一些精辟的论断，需要细读作品之后才能有所领悟。
61621,2910,咸晓婷,2017-11-19 09:26:21,3,17,14,咸老师的课还是很有水平的，并非那么简单，她注重对文学的体悟和感受，你浅它就浅，你深它就深。
63256,2910,咸晓婷,2017-11-29 13:38:12,7,21,14,有些高妙的见解，李白得性情之真，杜甫得性情之善，诗经之美就像一个美人不自知其美……喜欢咸老师！老师会越来越棒的！
66632,2910,咸晓婷,2018-01-17 16:28:53,-7,20,27,念讲稿的老师…文学史只讲诗歌，感觉更适合做研究而不是教学。
66668,2910,咸晓婷,2018-01-18 05:39:22,-3,18,21,不睡着算你厉害
66671,2910,咸晓婷,2018-01-18 06:07:19,0,9,9,喜欢咸老师的课，会跟我们分享自己的研究体会，干货多多，一个学期下来收货多多，有些见解给人以一语道破天机之感。就是语速有点快?
66674,2910,咸晓婷,2018-01-18 06:33:50,3,13,10,授课风格比较特別，内容很有深度，重视学生的阅读体验，我个人非常喜欢大学里面这种呈现老师学术个性的课。
66746,2910,咸晓婷,2018-01-18 17:30:56,3,12,9,咸老师是一位很有古典意蕴的学者，学识丰富有见地。内容由浅入深，循序渐进又不拘常套。给每一位期末做报告的同学做了点评，很认真。课后回答问题也很有耐心。
66776,2910,咸晓婷,2018-01-19 03:50:06,9,23,14,讲文学史不用一般线性文学史的讲法，内容其实略难，无论是对文学的体悟还是对文学的研究都有不俗的看法。很好的老师，有学识有情怀有见地，认真听会受到很多启发。
66931,2910,咸晓婷,2018-01-19 10:13:09,2,12,10,学问很高，干货很多，内容绝不简单。
67028,2910,咸晓婷,2018-01-20 04:49:29,1,12,11,咸老师讲文学有时候很让人惊艳，一句话直透本质，读书太少领会不了不能怪老师。
67454,2910,咸晓婷,2018-01-21 08:30:54,3,7,4,偶尔会讲学人趣事，再多一点就好了
68079,2910,咸晓婷,2018-01-22 14:42:42,2,4,2,咸老师人很好，自己学问也很好，有老派学者的感觉，就是上课会比较无聊，需要自己多体悟，墙裂建议老师去什么演讲谈话培训班学学正常的说话方式啊！
68113,2910,咸晓婷,2018-01-22 14:59:02,3,6,3,善良，有水平
68121,2910,咸晓婷,2018-01-22 15:08:50,24,28,4,老师有大襟怀，认真负责诚恳。只是还欠缺一点儿授课技巧。但不是大问题！也是一种讲课风格。希望老师以后多给学生一点要求，让学生在阅读中真正一点一滴收获自己的心得。
68178,2910,咸晓婷,2018-01-22 16:33:36,-9,11,20,真心怀疑咸老师的评分有什么刷分的现象在。古代文学史二上课就念论文，自己的论文和别人的论文，百度一下百度百科也有部分借鉴。可以说是完全迷了。明明上过的都说迷啊。
68262,2910,咸晓婷,2018-01-23 01:53:31,8,10,2,老师人超好，而且感觉的出来是用心考虑过学生的。就是讲课方式真的还需要提高一下
68383,2910,咸晓婷,2018-01-23 05:40:43,2,3,1,内容有深度。讲授方式有点无聊。给分好
68405,2910,咸晓婷,2018-01-24 04:07:04,-20,6,26,总之做展示就是好！作业字数越多越好 虽然说短小精悍的也好 但写的多的一定高分 期末考试不会的也多写  上课不会上吧 期末考试写了满满一面diss她
69200,2910,咸晓婷,2018-01-24 10:00:06,3,7,4,玉泉工科生来修文学史当个性，中间有一次点名没到，最后老师给了4.5，还是挺稳的?
74569,2910,咸晓婷,2018-03-03 16:30:14,5,9,4,棒\n\n真棒\n\n真的棒
78055,2910,咸晓婷,2018-05-09 07:21:07,-13,4,17,不会上课 忍不了。。
87565,2910,咸晓婷,2018-10-07 02:31:08,-9,8,17,都大学了，还让学生抄诗，疯了
100504,2910,咸晓婷,2019-01-26 08:15:00,11,11,0,老师有气质➕接地气，超棒的
100531,2910,咸晓婷,2019-01-26 09:05:20,34,35,1,个人感觉老师不错，讲课有条理，内容也比较有深度，有时候还会讲些有意思的小故事，而且感觉老师很有性格，找同学起来发言的时候，如果没人主动起来，会一直等着，直到有同学起来，hhh，但并不强制。最后一节课还特意听取同学们的意见，感觉老师很认真，也很诚恳，给分也是不错的。只是可能作业考核压力比较小，讲课稍微有一点点枯燥，但我觉得还好。\n\n但我有一点想不明白，那些说自己多么辛苦，多么认真，但是分数低的同学，来喷老师，是什么逻辑啊？虽然考试把手写断，但写的就一定对吗？虽然认真准备ppt，但就一定准确深入地理解了那些知识吗？虽然论文认真写了，但就一定写的比别人都好吗？我觉得老师没必要偏袒或难为谁，成绩不好多从自己身上找原因要更好一点吧。
100615,2910,咸晓婷,2019-01-26 12:06:38,2,2,0,平时任务很少，不点名，考试开卷，给分很好，老师讲得有些枯燥但内容很丰富，认真听下来能学到一些东西
105664,2910,咸晓婷,2019-04-18 06:51:28,4,6,2,超级棒啊，给分很好啊，几乎满绩，超出预料，上课也很可爱啊哈哈哈哈
112035,2910,咸晓婷,2019-07-03 08:44:41,4,6,2,唐宋诗歌研究，一门就算你只去听一次理论上也能拿满绩的课（手动狗头）认真讲，老师的做法挺好的，自己也顺势读了不少诗，最后老师给分也真的很好。
124613,2910,咸晓婷,2020-07-03 23:54:04,-6,5,11,老师上课有点枯燥，可水可听，但还蛮有条理的。给分好。
136689,2910,咸晓婷,2021-06-23 04:35:01,4,4,0,感谢老师让我在可怕的考试周有一门可以喘息的开卷考试！！
138305,2910,咸晓婷,2021-07-08 12:11:49,5,5,0,老师人真的很好，最后一节课还会真诚地征询大家改进意见，上课技巧可能还需要略作提升。本来想给9分的，但是她的分数实在给的太多了.jpg所以报之以李还之以桃
145728,2910,咸晓婷,2022-01-01 04:33:17,11,11,0,老师给得太多了
151312,2910,咸晓婷,2022-02-28 08:18:39,2,2,0,就还行
156084,2910,咸晓婷,2022-06-17 12:19:23,2,2,0,老师给分也太好了吧
156091,2910,咸晓婷,2022-06-17 13:14:29,7,7,0,咸菩萨给的实在太多了，有点不好意思
156239,2910,咸晓婷,2022-06-18 12:03:21,9,9,0,古文史2：课程体验说实话一八八，授课有时候非常水，要一直做mooc，但给分说实话很好
174373,2910,咸晓婷,2023-06-11 07:14:31,21,21,0,还没考试，先来评分，主要是整理复习笔记的时候发现老师太强大了，想来感慨一下。\n\n先赞同楼上一位同学的观点，咸老师的课，想浅就浅，想深就深。\n\n下面分点论述一下我对咸老师的看法，仅供参考：\n\n第一，上课模式。\n\n确实，上课是比较平淡，有点像念稿，我看到有一条评论说老师只会读论文，然后我就找了知网，读秀，以及各种学术平台，发现根本找不到......所以，与其说老师是在读论文，倒不如说她是因为担心自己忘词，所以提前写了一份讲稿，有没有感觉特别像上台展示的小组同学（整体上下来感觉咸老师其实是个特别害羞的人，甚至会觉得自己的声音不好听所以想下架智云hhh）\n\n我浅浅引几句，“寓单行之气，于排偶之中”“破体为文开拓了文体的表现对象和表现方法，带来了陌生化的美学效果，为文体注入新的活力”这都是老师讲稿里的词句，你会发现，这些在普通的如点鬼簿一般的文学史课本和普及读本里是找不到的，读秀里输入这些词句搜出来的都是专业性极强的论文或者专业书籍。这说明老师的讲稿是她自己用心写出来的，和我们自己做小组展示时候拼拼凑凑完全不同，她是在以真正专业的学者角度对自己要讲的主题进行思考，从而写出的专业性极强的讲稿。我觉得就这一点来说，她已经秒杀了很多只把本科生课程当任务的老师了。\n\n第二，讲课内容。\n\n并不是按照传统的诗人点名册这样一个一个讲下去，看得出老师对自己的讲课内容进行了精心的编排，她讲过自己的安排是有深意的，如果能够真正按照她上课讲的去阅读，你是能够构建出一整套对于唐宋诗坛的理解的（经常性摸鱼的我遗憾离场）\n\n第三，老师个人性格（个人看法）\n\n感觉典型I人，慢热，善解人意，说话温温柔柔，有的时候戳中萌点而不自知，看起来严肃但其实很好说话，厕所碰见了打招呼会害羞（bushi）\n\n\n\nabove all，我也觉得咸老师以后会成为一代大家，期待❤️\n\n（因为自己学艺不精所以把希望寄托于老师，反向PUA，手动狗头）
174464,2910,咸晓婷,2023-06-12 15:37:07,1,2,1,咸老师非常有自己的学术判断和思考，也非常有学养。她一直学习，不断沉淀，值得我们学习！老师要求我们多看书，本人惭愧，辜负了老师的期望。老师上课条例还挺清晰的，不知道是不是因为做出了调整。祝福她，老师会是有一番成就的学者。
175048,2910,咸晓婷,2023-06-21 09:09:09,1,1,0,老师讲课是很有趣的，能感受到她对课程的投入和准备
196185,2910,咸晓婷,2024-07-02 05:38:16,3,5,2,菩萨给分太好了，有点不好意思了，在慕课98的基础上期末考并不怎么好，只是把自己背了的、和题目相关的内容疯狂往上写，最后93，太满足了
196316,2910,咸晓婷,2024-07-03 01:15:52,3,5,2,咸老师虽然讲课总会看看讲稿，但是讲课内容丰富，条理清晰。\n\n会有mooc和一次展示，老师的授课内容和考察重点主要都是唐代文学，且老师出题偏爱杜甫（韩愈也会出）。\n\n出卷子很活，但是改卷子太仁慈了！工科生跨专业94非常开心！不愧是咸菩萨！出分那天潮水般的谢谢老师！\n\n（老师偶尔会点同学起来回答问题，但是好像不在的同学貌似也没影响……）
217353,2910,咸晓婷,2025-04-09 02:54:19,-2,0,2,讲课一般，瞟过一眼论文似乎也还过得去
221810,2910,咸晓婷,2025-06-26 11:09:35,0,0,0,上课挺有自己思路的，给分的话不错，mooc98，期末基本上都会写，最后一题唐诗经典化乱编的，最后4.8
27615,2946,张晖,2016-06-27 05:06:24,4,6,2,很儒雅的老师 讲东西吧 干货多 但是他的语调语速讲得挺起来很无趣 会布置一些英文作业???
94536,2946,张晖,2019-01-17 06:22:35,1,1,0,讲课水平不行，PPT没有重点
120305,2946,张晖,2019-11-28 01:50:12,1,1,0,文化遗产导论，老师讲的挺好的。
189966,2946,张晖,2024-02-04 04:11:30,1,2,1,我是求爱大师
193101,2946,张晖,2024-06-03 12:04:57,0,1,1,颜色艺术与科学史，老师讲的内容真的很有意思，作业不是很多
209656,2946,张晖,2025-01-06 12:18:48,0,0,0,111
213479,2946,张晖,2025-01-17 16:18:39,1,1,0,老师上课上的挺认真的，但语速的确慢，专注很考验耐力。试卷真的要看历年卷，都不带改的呀，考完才知道。作业小测一定要重视，第一次作业太天真直接交了60分。测试和考试会喜欢考一些很细的点考验你认没认真听课，但个人觉得这么大的一个概论课还是有重点比较好，何苦为了考试为难学生呢？
219715,2946,张晖,2025-06-04 14:26:47,0,0,0,不是老师。为什么讲参数估计要讲半个小时生子魔药？
19581,2951,范丁梁,2016-01-24 23:11:48,0,1,1,突然觉得范老师和“我的少女时代”中年轻可爱的林真心好像
39916,2962,郭怡,2016-12-28 07:31:51,-5,1,6,...
40168,2962,郭怡,2016-12-29 15:45:11,-7,0,7,。。。\n\n
48836,2962,郭怡,2017-03-14 09:25:42,2,3,1,好老师
56047,2962,郭怡,2017-07-03 03:40:34,2,5,3,细致温柔喜欢嘻嘻
56054,2962,郭怡,2017-07-03 03:45:49,2,5,3,考古发现与人类文明，没怎么花功夫，最后3.9，已经达到了心理预期了。老师真的很好，人很暖，上课认真听了几次，每次都能学到很多东西。总之强烈安利这门课！
56110,2962,郭怡,2017-07-03 05:41:31,1,5,4,老师上课还蛮有意思，但我花了功夫没有得到好的结果啊！去博物馆有生以来听得最认真，最后居然说参观报告扣了很多分???展示PPT也是我做的，当组长应该还算尽心吧。。。真的有点难过
58373,2962,郭怡,2017-08-30 05:01:23,36,49,13,哇，真的超级喜欢老师，老师长的就像一个白白胖胖的大馒头，特别可爱，绝对可以晋升浙大男神级，真的是这么多课中超级喜欢的老师了。考古发现与中国文化这个课特别棒，要求去博物馆参观，有专门的讲解 (-^〇^-) 而且老师人很好，可以找他聊天，谈心什么的，特别是给分超级好，真的超级好，事情也不多 (*^▽^*) 真希望还有机会上老师的课。选上老师的课的同学们要珍惜:-O，给老师点大大的赞
61842,2962,郭怡,2017-11-21 08:02:10,6,8,2,没有达到平均分，还是挺失望的，不过老师很努力地在把冷门的知识讲得有趣……
64203,2962,郭怡,2017-12-21 12:03:53,6,6,0,老师有文人气质
68702,2962,郭怡,2018-01-23 15:48:13,4,5,1,老师很有趣，考古学概论课，非文博专业的学生都有机会和文博学生外出实践。去了河姆渡遗址和萧山博物馆，跨湖桥遗址。总之有趣，给分也厚道!
73675,2962,郭怡,2018-02-02 14:04:02,4,6,2,老师挺好的，就是前半个学期有点水，讲课有点飘，最后冬学期都讲不完。带我们去河姆渡和跨湖桥遗址都很有意思。
76510,2962,郭怡,2018-04-12 02:43:24,5,6,1,哇，男神老师了 ✧*｡٩(^㉨^*)و✧*｡
86612,2962,郭怡,2018-09-17 12:36:47,16,18,2,像莫里亚蒂
87550,2962,郭怡,2018-10-04 12:04:08,2,2,0,特别喜欢老师的考古学的课！！！！让人耳目一新，老师也是很可爱的? ? ? ?
91389,2962,郭怡,2018-12-07 15:56:26,4,4,0,郭老师上课太棒了！人也特别好！备课很细致，内容很充实，全程走动教学，师生互动活跃，关键是老师口才很好很幽默，讲课特别有趣，在认真和欢笑中能学到很多东西！
94069,2962,郭怡,2019-01-15 05:46:43,2,2,0,老师课干货满满，觉得挺可爱的，就是有时候有点飘，还会带领参观博物馆3次，没有期末考试，要写论文和读书报告，就是同学们课堂展示有时会拖延时间，我觉得应该规范一下。出分之前来看一下
98832,2962,郭怡,2019-01-24 03:49:06,1,2,1,上的是老师的中国文化与考古发现的通识课 必须强推！整个学期就一次展示+三次教学参观写三篇1500左右的感悟 学期末交一篇4000-8000字的论文 事情看起来有点多可是2.5学分啊 上课从来不点名（虽然可以翘课但是我不想嘻嘻嘻(♡˙︶˙♡)） 最后成绩出来4.5 不存在卡绩的
98854,2962,郭怡,2019-01-24 04:10:44,4,4,0,老师人超好！很和蔼！课也很有趣，有干货。事情是有点多，一个学期三次外出参观，大概会占用一个上午/一个下午的时间，但是参观的那个星期是不需要上课的，所以其实是赚了的。还有三篇参观报告+一篇论文+课堂展示，不过最后被卡绩了，但是还是不后悔选了老师的课！
98860,2962,郭怡,2019-01-24 04:17:36,5,5,0,考古发现课内容很丰富，有三次外出，学到超级多！！
98879,2962,郭怡,2019-01-24 04:31:10,5,5,0,很有趣，有干货，老师超级好!!!
98915,2962,郭怡,2019-01-24 05:05:58,2,2,0,郭老师给分超棒！最喜欢和大家一起去博物馆参观了！啊啊啊啊啊啊老师我爱你！助教小姐姐也超好超美丽！
98916,2962,郭怡,2019-01-24 05:08:50,3,3,0,不错，三次外出，三次参观报告加一次展示，最后的论文不耽误时间。挺有趣的，长点知识，老师好，很理解同学。
98936,2962,郭怡,2019-01-24 05:25:32,1,1,0,老师超级好(✪▽✪)！给分也超级好！讲的课很有趣啊！而且不用考试！男神♪～(´ε｀　)
99078,2962,郭怡,2019-01-24 08:36:49,2,2,0,从不点名。从一开始人头济济的一个班，到最后只剩大半个班的样子，但老师一直坚持没点名。可以出去三次参观博物馆，课很好，4.8飘过。就是作业有点多，三篇参观报告+结业论文！
99506,2962,郭怡,2019-01-25 01:37:32,3,3,0,上了老师的考古发现与中华文化。老师上课很有趣很生动，课程期间总共带我们去了三次博物馆，感觉收获颇丰！课程考核的话是两人一组根据制定的主题做展示，然后每次出去参观之后要写一篇参观心得（这个可水可认真，就看你自己啦，我是写了三篇一千字游记交上去了hhhhhhh），最后要上交一篇4500-5000字的课程论文，根据展示的的讲稿进行修改就好了。总体还是非常轻松的！
101333,2962,郭怡,2019-01-28 04:28:49,-3,1,4,从不点名，最后论文没写够字数也给了4.2，就很舒服
102143,2962,郭怡,2019-01-30 16:19:36,-1,2,3,考古文化通识课 郭老师超酷的！虽然分数不理想但这门课上的很开心！
103479,2962,郭怡,2019-02-28 10:40:56,0,2,2,老师很幽默风趣的，看得出来老师是真的热爱考古，把考古讲得很有意思，经常讲着讲着就扯远了，而且课堂展示占了大部分时间，所以实际上一学期PPT上的内容没上多少。\n\n三次外出参观博物馆，然后写参观报告。两人一组从老师给的课题中选做课堂展示，课程论文基本就是报告的内容。\n\n不点名，越到后来人越少，但是老师也没有点名。
104073,2962,郭怡,2019-03-11 11:59:04,12,16,4,有知识的人很多，但会表达知识的人很少；有专业水平的人很多，但能够深入浅出的人很少；掉书袋的人很多，但能理论联系实际的人很少。郭怡恰恰是一个懂得表达，善于表达的学者。不是专业知识为他加分，而是他为专业知识添上了色彩。
117547,2962,郭怡,2019-09-26 00:51:21,-1,2,3,老师是专业段子手，而且炒鸡可爱，炒鸡可爱，炒鸡可爱，重要的话说三遍！
129344,2962,郭怡,2021-01-04 10:53:21,0,2,2,非常有趣的老师，给分都挺不错
133339,2962,郭怡,2021-02-26 02:59:17,-1,1,2,老师超幽默
155664,2962,郭怡,2022-06-15 05:47:43,-1,1,2,讲课幽默风趣，给分还好，我的男神老师
157637,2962,郭怡,2022-06-24 07:21:35,1,4,3,考古发现与中国文化通识课给分挺好的事也少
172255,2962,郭怡,2023-04-24 02:33:45,14,18,4,不知道为什么评分这么高。。考古学概论他负责四节课，他要讲的那部分四节课讲完连一半都没讲完。。。。临最后一节课说哎呀我们还有一百多页ppt没讲。。往严重了说是不负责任吧，说轻一点也是不擅长做教学规划
176780,2962,郭怡,2023-06-30 05:37:23,4,4,0,上课有趣，但给分一般，感觉作业完成很认真但最后只有3
199302,2962,郭怡,2024-09-20 14:34:58,1,5,4,人文关怀
205576,2962,郭怡,2024-12-09 11:33:25,-1,2,3,人文关怀
205775,2962,郭怡,2024-12-12 03:27:52,6,8,2,通识课的孩子们高分打得很开心，上专业课的只想说老师您的同款知识同款前摇我在三门不同的专业课已经听了四遍了，我请问呢
214769,2962,郭怡,2025-02-17 23:27:47,7,8,1,考古发现事情多，出分慢，给分一般。最神人的是你在转专业报名截止面试前出分，作业全自己写最后给我端出来一坨，我请问呢
217593,2962,郭怡,2025-04-14 04:54:17,4,4,0,停下，老师，停下，停下考古不下三代，停下垃圾考古学，停下新仙女木，这些知识快被你讲成千层饼了，隔一段时间往我脑子里垒一遍。。。。
217750,2962,郭怡,2025-04-16 02:24:53,1,2,1,懒得喷，上课不是来听你pua的
218096,2962,郭怡,2025-04-21 03:05:07,3,5,2,什么时候艺术与考古学院的老师都真心诚恳的讲课而不是浮夸炫耀打压损辱，什么时候浙大考古文博学生才有机会被培养成领军人物，
219588,2962,郭怡,2025-05-30 10:03:01,0,1,1,考古发现，首先说结论：给分很烂，事情不少，慎选。这门课主要是线上慕课的任务和两篇论文，线上互评挺麻烦，忘了就完蛋了。两篇论文要求不高，大概区分度也不高，认不认真写都一样。作为一门长学期的通识课它有2.5分，实际上远不如选两门短学期的1.5通识课。
590,3004,王桂彩,2015-03-15 06:12:11,3,6,3,老师人不错～
118206,3004,王桂彩,2019-10-23 01:40:02,8,10,2,老师人很好
129030,3004,王桂彩,2020-12-29 02:54:47,-5,8,13,体验：自己不好好备课，肚子里没啥墨水\n\n上课就是让同学发言打发时间。\n\n快两个小时时间的课她能让同学发言1个半小时，内向不爱发言的同学慎选\n\n几乎每节课都点名，不点名的话她会让你回答问题（也就是换个方式点名吧）
129921,3004,王桂彩,2021-01-13 13:49:44,5,8,3,老师人非常好，只要听课并积极讨论就行。而且讨论的问题都挺有启发的
142181,3004,王桂彩,2021-11-08 08:33:23,-16,6,22,傻逼老师，授课水平差，专业课硬生生上成通识课，全是发言，上课就是在侮辱我的智商，要不是专业课早退了，外专业基本学不到东西，老师在哲学系里基本垫底
142193,3004,王桂彩,2021-11-08 11:36:12,-5,6,11,老师说“你们如果想要从老师这里获得干货那你们恐怕要失望了”，上课要听外专业啥也不懂的同学想当然的发言真的很痛苦
142322,3004,王桂彩,2021-11-10 07:14:09,0,1,1,感觉同课同学的发言非常精彩，老师的评述相对弱一点，如果对于学生本位模式适应良好可以选择一下
145770,3004,王桂彩,2022-01-02 01:59:36,6,6,0,老师给分也太好了吧
150345,3004,王桂彩,2022-01-23 02:01:14,3,4,1,很温柔的老师！给分也超级好~~
154758,3004,王桂彩,2022-06-04 15:12:25,4,5,1,听老师的课，内心有震撼到，之前没有这样切己地想过老师提的那些问题
168075,3004,王桂彩,2023-01-26 02:05:55,0,0,0,爷爷，你的宗教学导论终于出分了…
182049,3004,王桂彩,2023-11-09 04:21:00,3,3,0,给分超好
184005,3004,王桂彩,2023-12-06 05:31:50,1,1,0,挺好一老师
184202,3004,王桂彩,2023-12-13 02:04:21,3,3,0,2022年跨专业选了王老师的专业课，没有一点理解门槛，老师说以前会点名提问但反馈不好所以从那时候就不点名了，但是课间会走下去一个一个确认是谁没到，人很亲切，上课比较鼓励发言（虽然不发言也没关系），给分也很高，而且考核只有考勤和一篇论文，事情特别少，如果缺跨专业的学分满分推荐。
184832,3004,王桂彩,2023-12-27 07:33:26,2,2,0,王老师上课很温柔，课后留下来问问题还会很耐心的讲解，如果当面不清楚还会回去进一步解答，是一个特别特别好的老师\n\n平时的事情很少，也不怎么点名，最后的给分也很好！\n\n课堂内容的话跨专业小白也能迅速上手\n\n可冲！！
189111,3004,王桂彩,2024-01-22 02:51:03,0,0,0,很好的老师!
189634,3004,王桂彩,2024-01-26 07:37:00,1,1,0,王老师人特别好，很鼓励大家在课堂上发表自己的想法，讲话很温柔。考核方式就是一篇期末论文和不定期点名，作业量挺少的。最后给分也很好！
189683,3004,王桂彩,2024-01-26 15:43:18,-6,2,8,老师大致可分三种：\n\n（1）最好的老师上课水平无懈可击，对学生如醍醐灌顶\n\n（2）次一等的老师对学生没有帮助，但胜在不为难学生\n\n（3）最烂的老师就是课上得烂还恶心学生的。\n\n王老师属于第二等，所以给8分不为过
204013,3004,王桂彩,2024-11-23 03:52:02,3,3,0,出分了来评一下 外专业小白上课0发言 最后也拿了满绩🥹虽然上课有点听不懂 但是老师真的人非常非常好 很庆幸没有退掉这一门课
204066,3004,王桂彩,2024-11-23 14:32:05,0,1,1,確實如評論所說，老師並不是很擅長授課，但是不為難學生。
204084,3004,王桂彩,2024-11-24 02:42:13,3,3,0,宗教学导论。老师的课讲的确实一般般，但是给分真的好，事也是真的少，巨水。选来当跨专业的，实话是几乎没怎么听课，就期末写了个论文，很浅显，跟哲学关系不大，竟然也能拿到4.8，很伟大的给分。。。谢谢老师。。
205574,3004,王桂彩,2024-12-09 11:13:15,1,1,0,特别特别好
205862,3004,王桂彩,2024-12-12 10:51:48,1,1,0,老师人很好！给分绝绝子！只用一篇论文，跨专业的，满绩了！
206957,3004,王桂彩,2024-12-19 01:15:03,3,3,0,王老师人真的很好，上课很温和，语速适中，课也讲的很清楚。给分很好，认真上课写论文分数一定不低。人生中第一次满绩就是王老师给的。
208263,3004,王桂彩,2024-12-26 11:48:49,0,0,0,水水的很养生（bushi），老师人很好，和蔼可亲，也很欢迎同学积极发言。当代宗教哲学任务不多，就一篇课程论文，平时积极发言，作业好好写，满绩没问题！
218719,3004,王桂彩,2025-04-29 12:33:14,2,2,0,妈妈式的导师
220885,3004,王桂彩,2025-06-20 09:10:40,1,1,0,自我探索与心理成长（和刘艳老师一起上课的）\n\n1 个人感觉事少分高，作业是期末的成长手记（2000字左右）、知到的网课和线上期末考试。要求平时课堂发言至少一次。\n\n2 上课体验还不错，想干自己的事不听也没关系，偶尔听一听同学们的发言也挺有意思的，有些课堂活动有一点尴尬，总体来说挺不错的。感觉王老师第一次上心理学相关的课程，有点人机哈哈。\n\n3 签到大概三次左右（有点记不得了），纸质签到，本人错过了一次平时签到老师也给了蛮高的分数\n\n以上供参考
15773,3011,王小潮,2016-01-16 08:49:50,4,6,2,无语...
15777,3011,王小潮,2016-07-02 09:00:56,6,11,5,脑子被驴踢了才会选王小潮的课，给分我只能说不要脸
15781,3011,王小潮,2016-01-16 09:02:55,21,23,2,我也是经历过那么多绩杀的人了 什么紫金港四大绩杀 我很负责人的说 潮爷他说百分之四十的及格率 真的没有逗我玩\n\n
15788,3011,王小潮,2016-01-16 09:16:53,0,1,1,？？？？？？？？
15806,3011,王小潮,2016-01-16 10:03:31,-1,2,3,刚好及格
15949,3011,王小潮,2016-01-16 16:43:03,3,4,1,最大的绩杀，没有之一
16080,3011,王小潮,2016-01-17 06:54:51,8,9,1,只听扑通一声，我的绩点就跪了。
18839,3011,王小潮,2016-01-22 15:30:42,0,3,3,风趣幽默 不点名 给分也还蛮厚道的呀...
21739,3011,王小潮,2016-07-02 14:36:00,-7,4,11,上潮爷的语用学真的享受，看电影思考人生，最后有开卷考试，什么资料都可以带包括电子产品，给分超好轻松满绩
22360,3011,王小潮,2016-03-04 02:26:02,1,1,0,大绩杀
22396,3011,王小潮,2016-03-04 07:40:24,2,3,1,“我劝大家还是退了吧”他自己都这么说，还有必要选吗？？？给你面子，没有平时成绩，闭卷考试，及格率低低低低！！！！！给你60分是因为你参加了期中考试  
22426,3011,王小潮,2016-03-05 08:02:46,4,8,4,的确是个好老师，只是大家可能不理解。\n\n
22598,3011,王小潮,2016-03-08 10:44:14,0,4,4,他让我想起了梁漱溟和黄侃。
22812,3011,王小潮,2016-03-12 08:06:04,0,1,1,还不错
23609,3011,王小潮,2016-04-09 06:47:02,0,1,1,么么哒
30709,3011,王小潮,2016-07-02 09:21:24,0,0,0,别的不好评价，今年的语用学是真的给分很高，堪称玄学绩点，不过开卷跟没开一样就是了。
30954,3011,王小潮,2016-07-03 04:22:12,1,1,0,唉，给分炸了...
31060,3011,王小潮,2017-01-06 08:05:19,-1,1,2,呵呵呵
31361,3011,王小潮,2016-07-03 17:22:05,1,1,0,很有想法的老师，，所以给分别具一格吧，，
31377,3011,王小潮,2016-07-03 23:29:02,0,1,1,需要刷题才有高分，否则哈哈哈，不过老师还是挺有意思的
80022,3011,王小潮,2018-06-19 04:40:43,1,2,1,水平不高，倚老卖老，无缘无故骂学生。可谓皓首匹夫，苍髯老贼，从未见过如此厚颜无耻之人。
83732,3011,王小潮,2018-07-11 06:17:27,0,0,0,弟弟们他现在还上课吗
22099,3032,徐永明,2016-03-02 10:44:35,4,6,2,…………
22105,3032,徐永明,2016-03-02 10:50:20,7,9,2,有够枯燥。。。
22127,3032,徐永明,2016-03-02 12:09:33,3,4,1,…………
22144,3032,徐永明,2016-03-02 14:03:27,13,14,1,有点无聊。。(´〜‘*) zzz
22714,3032,徐永明,2016-03-10 06:21:23,23,47,24,告诉我事有多少？我到底该不该退
24082,3032,徐永明,2016-04-26 15:28:35,7,15,8,中国古代小说史。。每堂课后都要做幻灯片，下堂课抽几个人展示，抽到了没来或者没交作业就认倒霉吧。。然后期末有论文。事情多，讲课真的。。挺无聊，谁知道我当初是为什么选了这门课…如果不是对这个东西真的很感兴趣的估计听不进去
24568,3032,徐永明,2016-05-02 01:46:30,2,6,4,很无聊……认认真真花四周写的八千字只得了那么一点分实在…坑啊…
24583,3032,徐永明,2016-05-02 03:50:28,10,11,1,每周都有作业幻灯片抽人。。论文写了一万字，勉强上4。。真是呵呵。。好处是对小说演变有了了解吧。
24611,3032,徐永明,2016-05-02 08:16:12,4,6,2,事情超多，给分超低，不过可以了解中国古代小说的一些发展这是唯一的优点了
24612,3032,徐永明,2016-05-02 08:19:08,3,5,2,我也是醉了，每周要做一个ppt，点名展示，期末的作业是论文6000～8000字，刚开始报了100+的人，每周交作业的只有50左右，我老老实实到课但没有被点到过，没有缺过作业，期末论文也写了7000+，最后居然只有3.6。。此课有毒，慎选。
24620,3032,徐永明,2016-05-02 09:49:37,9,15,6,讲道理……讲课的方式的确有点无趣……可能老师想法是有的，但是缺少一些生动性……\n\n每周都有ppt展示，最后评分根据到课率+作业量+期末6000-8000字的论文\n\nppt是点名抽查，所以不写的话比较有风险\n\n期末论文字数要求有些高，每周作业量适中吧\n\n关于上课……我大多数时候在看小说……\n\n最大的收获在每周ppt和期末论文阶段，感觉长了不少姿势\n\n\n\n另外，个人觉得徐老师其实人蛮热情的，要主动交流，期末论文走点心，分数还是可以的！
24624,3032,徐永明,2016-05-02 10:33:35,10,15,5,怎么说呢，上课很无聊就是念ppt而且讲的内容大部分算是文言文翻译……然后就事儿多，超多，每星期看书加做ppt，下一次一整节课点人上去讲ppt，没做或者没来就等着绩点难看吧……每次作业都做不敢逃课加期末勤勤恳恳8000+论文得了4.2……大概别的课这么多精力绩点会好很多。然后学到了什么？表示课真的不太听的进都是自己看书上网找资料……综上不是真爱不推荐选课……真的事超多
24697,3032,徐永明,2019-07-05 15:18:23,-24,9,33,sb老师
24764,3032,徐永明,2016-05-03 12:09:33,5,8,3,老师根本不能叫会讲课，事又特多，每次做作业，论文也好好写你给我26分这是什么鬼啊。不行肯定有问题，我得找你！！
25386,3032,徐永明,2016-05-16 15:12:40,1,4,3,水平不怎么样…
26848,3032,徐永明,2016-06-21 09:57:37,0,2,2,认真上的话还是能收获很多的。
30585,3032,徐永明,2016-07-02 04:19:00,4,8,4,无聊，绩杀，23333333
30875,3032,徐永明,2018-01-03 01:40:33,8,9,1,幻灯大师\n\n
37573,3032,徐永明,2016-11-19 13:42:54,1,3,2,如果真心喜欢文学，在课上可以学到很多。但如果只是想水课，还是不要选了。每节课后都要做PPT，期末有篇大论文，想锻炼自己的可以试试，只想水的就算了吧。
37981,3032,徐永明,2016-11-22 14:53:23,0,6,6,中国古代小说史，上课从来不听，每次课前一两个小时查百度做一个PPT，期末写一个8000多字论文，给分4.5，感觉还不错~
38437,3032,徐永明,2016-12-05 05:52:33,3,3,0,有病的吧 要不是正态 估计给分更加低 这种老师也是绝了 没睡了
39755,3032,徐永明,2016-12-27 10:09:05,1,2,1,上了一节课听了课程要求马上退课。。。你说呢
48475,3032,徐永明,2017-03-06 02:22:19,1,1,0,老师人很温和，就是这个做ppt啊烦死
50493,3032,徐永明,2017-05-03 07:15:02,1,2,1,作业认真完成成绩还是不错的。
50543,3032,徐永明,2017-05-03 10:44:20,1,2,1,老师声音特别小根本听不见讲什么，而且事情非常的多，建议除非真的特别特别有兴趣的就不要选了。
51400,3032,徐永明,2017-06-05 02:24:55,1,1,0,上课很无聊……根本没有讲什么有用的知识，而且作业还超级多。很讨厌这个老师
52102,3032,徐永明,2017-06-15 00:28:45,0,1,1,我的妈呀忘记记老师邮箱了评论区可以告知一下不？
52707,3032,徐永明,2017-06-22 08:27:03,2,2,0,老师看来学术上颇有建树，然而讲课实嫌枯燥
56435,3032,徐永明,2017-07-03 23:12:44,0,2,2,真心不喜欢，事情贼多，总以为我们就他这么一门课，非得讲国外怎么怎么压力大，学习需要怎么怎么认真，可是能比么。同样文学史课，隔壁班不写论文，期末开卷，平时没有每周一次的ppt展示抽查，上课念ppt，没有自己想法，在论文方面还要求我们创新创新，不创新你重新选题，写完也建议重写。如果想混的话就不要在意成绩了。运气好平时点名没被叫到，期末闭卷考试也背的差不多，然额还是3.3不说话哈哈哈
56759,3032,徐永明,2017-07-04 14:25:57,2,4,2,怎么说呢，每节课认真听，作业认真做，做了三次PPT，但他没抽到我，期末论文我看了本小说，写了一万四千字，才86，我不知道这么多付出他是怎么看的，我以为我认真写那么多能换的高分，结果是这样，还是勉强的86，在狠一点就掉档了，劝君选课谨慎
56860,3032,徐永明,2017-07-05 01:28:25,1,2,1,古代小说史，一共五次平时作业，理论上挑三次做，想拿高分就要全做，上课被抽到展示你没来就gg，期末论文6000以上！累！但只要作业全做了分不会低！
58201,3032,徐永明,2017-08-20 13:49:51,10,10,0,讲的真烂啊
61967,3032,徐永明,2018-03-14 00:06:20,1,2,1,讲课无聊，给分还行
64046,3032,徐永明,2017-12-20 16:16:41,5,9,4,老师很有情怀，是徐朔方先生的学生，对学生真的很好啊，因为课堂结缘，给了很多课后指导和帮助，很熟悉数据库的老师～
75593,3032,徐永明,2020-01-15 06:20:54,-109,11,120,徐永明今天死了吗？他怎么还不死？人渣一个。
76375,3032,徐永明,2018-04-05 10:30:39,12,17,5,咒老师死的那位同学，这是有什么仇什么怨……
76486,3032,徐永明,2018-04-11 02:47:11,2,2,0,。。。
77964,3032,徐永明,2018-05-09 03:57:23,1,2,1,老师挺好的啊
77973,3032,徐永明,2018-05-09 04:16:14,1,2,1,上课一般，但给分还好吧……
84690,3032,徐永明,2018-07-13 14:21:39,1,2,1,有想法的老师，注重细节
87142,3032,徐永明,2018-09-21 02:27:14,8,8,0,只有对着老师吹的冷气才能运作，所以无视全班人的热，有麦克风也不用，考验学生的听力，ppt明明知道学生会拍照，浅色背景用浅色的字，个人觉得有点。。。进步的空间。
90286,3032,徐永明,2018-11-23 03:16:10,4,4,0,太无聊了吧
92188,3032,徐永明,2018-12-27 03:20:14,3,3,0,老师很温和，但是上课真的挺无聊的，就是在读ppt，缺少生动性，声音太平淡了，也很小，学生容易走神
92716,3032,徐永明,2019-01-04 03:08:30,7,8,1,老师知识很渊博，做学问很厉害，但上课真的不行，十分无聊，学不到什么东西
92970,3032,徐永明,2019-01-06 11:54:31,4,4,0,太差了
93734,3032,徐永明,2019-01-12 11:16:53,3,5,2,老师课其实是讲的很有深度的，对于那些名家的作品有这比较好的理解，但是要是对这些不怎么感兴趣的真的会觉得很无聊，也不会怎么听。老师偶尔会布置作业，大概是会让你写些对某些文章的理解吧，会抽人展示的。还好我没有。最后有考试这是肯定的，但是老师布置8000字论文是闹哪样啊???哭了，有考试还这么多，本来想给老师打高点，但是这个论文真的把我整崩溃了。写了整整两天一个周末。
101637,3032,徐永明,2019-01-28 15:53:26,0,3,3,老师给人的感觉很儒雅，一学期下来认真听确实有很多收获，也拓宽了知识面。平时作业认真做论文好好写期末好好复习，最后给分我还是很满意的，这个学期谢谢老师啦！
101654,3032,徐永明,2019-01-28 23:27:52,-3,0,3,感觉还可以
101713,3032,徐永明,2019-01-29 02:11:30,5,10,5,为什么没有人提到这个老师很喜欢开车？文学名家名作每节课都开啊！讲什么都能扯到性文化上！讲金瓶梅讲了两节课！最后考试考了两道金瓶梅！
101753,3032,徐永明,2019-01-29 03:57:37,0,3,3,上课就是念ppt，有点无聊，我一学期没怎么听。不过老师人很不错，儒雅随和，期末开卷考，划的重点也很实在。给分很好。
101831,3032,徐永明,2019-01-29 08:37:22,-4,1,5,老师人很好，但上课真的有点水水的。不过给分还挺棒哒！不管怎么样还算开心的体验，名家名作本来就是入门课程，收获有限也是情理之中
104207,3032,徐永明,2019-03-14 03:01:22,0,1,1,一般般
104382,3032,徐永明,2019-03-19 06:50:48,2,2,0,重音大师
104835,3032,徐永明,2019-03-28 13:53:10,1,4,3,辣鸡，恶心
107228,3032,徐永明,2019-05-05 03:08:40,4,7,3,出分改评论，分数4.5被卡g我个人还是不太满意的…。从均g来看3.3在中文系无论如何算杀手了吧？？老师讲课还是有点无聊的说实话，个人觉得讲比较好的那几节是念他的老师徐朔方先生的学术成果……但是从他对学术地图的研究来看应当是一位学术水平不错的老师，可能只是不会讲课。但是事情还是有点多，如果认真做的话，三次展示次次要写讲稿啊这是肯定的（好像看网盘学长学姐们是十六次真的太可怕了所以老师应该还是慢慢在听学生的意见吧），然后还有ppt，最后论文要求6000字是我听过的最高的字数要求虽然这对中文系来说应该不是事儿…
107286,3032,徐永明,2019-05-05 04:21:51,2,4,2,最后4.5～说实话～如果换成其他课……也许会有更高的分数，徐老师的学术研究确实很棒，但讲课也许就欠缺一些。作业量我觉得不是很多其实，而且认真做ppt，真的有很大收获，但是老师的给分实在得有所提高。
107423,3032,徐永明,2019-05-05 05:21:12,8,8,0,ppt背景色看着有点难受，改成黑底白字会清晰一点叭……课上基本就是讲解各种作家作品，有点点无聊，倒是老师讲的学术地图还挺让人感兴趣的！可是暑假另有安排，就没办法参与实习学习了，这个项目报名好像还挺火爆，有兴趣的同学可以提前了解起来?给分的话，体感认真写论文成绩就不会差，还有注意会在课上随机抽人回答问题，所以最好每节课都要到
109430,3032,徐永明,2019-06-14 10:57:09,-6,1,7,辣鸡，再见，不\n\n再也不见
126955,3032,徐永明,2020-10-30 00:53:39,9,13,4,徐老师很可爱啊，上课确实没有那么生动有趣，但是徐老师很认真，真是不知道为什么给他打这么低的分
143356,3032,徐永明,2021-11-24 03:42:38,4,5,1,哈哈哈哈 呵呵呵呵…
148935,3032,徐永明,2022-01-14 03:52:57,2,2,0,哈哈，哈哈哈。
149565,3032,徐永明,2022-01-16 03:29:00,3,4,1,老师人真的很好。名词解释和简答论述都是考前给的思考题ppt里的。给分还行吧（个人觉得）
149842,3032,徐永明,2022-01-17 08:39:29,2,3,1,任务包括：两次词汇解释（释义和出处，百度完全够用），一次展示（抽人展示，但所有人要交文稿或ppt），8000字论文（最好不要中国古代各个朝代都提一嘴而不深入具体，要拿有针对性的比较具体的问题来写论文，老师是研究元明清的，我就写了有关明清小说的）。讲课我没资格评价（因为非常抱歉，我确实没听过课，下学期决定改掉这个坏习惯orz）最后4.5
150025,3032,徐永明,2022-01-18 11:05:29,0,2,2,中国文学名家名作 平常事情不多就几个小作业 都是比较简单那种 期末八千字论文认真写了 最后上4了 感觉给分还可以？（毕竟从来没听过课orz）平常课可能稍微有一点无聊 但是如果对文学感兴趣我觉得应该还是有收获的
151938,3032,徐永明,2022-03-26 04:35:27,4,5,1,查老师吞了评论，特来再补一次。明清诗文研究选了的都快跑啊，8000论文，之后在没有事先说明的情况下让我们帮它完善自己的网站还巨麻烦，平时还有ppt作业，讲的也挺无趣……SOS，1.5学分的课搞得比3、4学分还麻烦，runrunrun，评分4.7不是没道理，直接流汗黄豆，不是真喜欢明清诗文的快跑啊
151939,3032,徐永明,2022-03-21 08:14:21,0,2,2,明清诗文研究选了的都快跑啊，8000论文，之后在没有事先说明的情况下让我们帮它完善自己的网站还巨麻烦，平时还有ppt作业，讲的也挺无趣……SOS，1.5学分的课搞得比3、4学分还麻烦，runrunrun，评分4.7不是没道理，直接流汗黄豆，不是真喜欢明清诗文的快跑啊
151949,3032,徐永明,2022-03-21 12:21:54,4,4,0,快跑！！你们懂吗？快跑！！讲课说实话，老师可能挺博学的，但是无奈我接收不到，所以觉得有点索然无味，最让人心累的是，居然让我们帮他完善网站，我就一菜鸟，技术小白，讲了也听不懂的复杂东西，感觉在白嫖我的劳动力了，虽然我的劳动力价值也不高，心累，心累，心累
152029,3032,徐永明,2022-03-23 12:28:30,8,8,0,竭泽而渔的杂gou  \n\n让半学期2学分选修课的学生帮你完成科研任务？还美名其曰中文系学生必须要会用qgis?是你的研究生不给你干了吗？\n\n我倒想看看明年还有没有冤大头给你免费打工
152199,3032,徐永明,2022-03-30 03:59:44,3,4,1,把本科生当研究生免费宰的，真无语。我是知道98上那么多脑瘫导师是哪来的了，感谢徐老师让我在本科生阶段就见识到了冰山一角。\n\n讲课差也就罢了，人品真的堪忧。
153402,3032,徐永明,2022-04-29 05:45:08,2,3,1,学不到东西，不如自己看书，也不教文本的研究方法，也不解释课程和作业的合理性，也没说评分细则，爬
153406,3032,徐永明,2022-04-29 06:12:18,0,1,1,明清诗文研究，作业是真的多。不论是用QGIS作学术地图，还是8000字论文，都蛮难顶的。特别是学术地图，把我急到一度嘴角燎水泡…废了蛮多精力，最后4.5，给分还可以，反正我个人对绩点不是特别执着。不过大家衡量一下作业量，还是慎选。
160337,3032,徐永明,2022-09-19 09:41:03,2,3,1,没碰到过点名，其实就个人来看，我对徐老师印象还挺一般的，从个人能力讲，老师很优秀，讲课确实如很多人讲那样有点呆板枯燥，没啥乐趣，至于做QGIS，参与学校建设吧，反正也是条咸鱼，觉得地图做出来挺帅的啊，老师excel用得很溜~，课堂作业吧，我感觉正常吧，毕竟是咸鱼，没啥计较了，客观来说，包括分享ppt、学术地图（先自己找年谱制作excel表）、期末论文，是要花点时间的，生手的话，地图可能会让你很懵，要安装软件（苹果电脑很难整），之类啥的，可能会让你暴躁，在学术方面，老师其实很好的，其实老师不坏，但这儿的评分，低到我觉得可能会伤到老师的心，就是上课有点闷，哈哈，好嘛，上课确实没啥趣，比较古板，ppt颜色也有点花炫
165875,3032,徐永明,2023-01-10 07:57:19,0,3,3,张生的形象：“有点好色”。出试卷里我都不好意思这样写。
166863,3032,徐永明,2023-01-14 03:22:02,3,5,2,事多，给分一般，古代文学史三扎到我的心了，讲课很闷，不打算为他的提分贡献力量了，相处了两学期，终于要告别了，徐老师啊，一言难尽，8000字论文，真的很要命，讲课真的很闷，虽然老师个人素质很优秀，但是，emmmm........
166886,3032,徐永明,2023-01-14 06:19:58,-8,5,13,认认真真学了一个学期，不翘课，就一次平时的刘基宋濂比较作业都认真做了ppt，还写了word文字，期末8000字论文也写到9000了，之前文学史12都是满绩，考前阳了还天天复习到十一点，复习资料整理了70页word，最后给分85，3.9，在朵朵上看到最后大题才写了几行的人也有4.2，很失望，甚至怀疑自己是不是真的适合读文学
167591,3032,徐永明,2023-01-17 13:28:11,0,1,1,古文史3…给分伤心啊，明明挺努力的了
179648,3032,徐永明,2023-09-19 05:27:13,1,1,0,很热情的老师
179649,3032,徐永明,2023-09-19 05:27:53,2,3,1,徐老师人非常好，讲课细致耐心，如果认真听、稍微花点心思完成作业，给分也不低
189197,3032,徐永明,2024-01-22 10:06:26,3,3,0,上的明清诗文研究，平时是一个大作业要找资料做PPT＋社会关系图，最后一个8000字论文。事情是多，但是都认真完成，最后给分也挺好的。\n\n我的评价是起码比那些平时事情少，最后给分绩杀的老师要好得多。
213591,3032,徐永明,2025-01-18 12:31:28,0,0,0,这个学期修读了徐老师的古文史3和明清诗文研究。两门课在内容上会有比较大一部分是重复的，一起修可能修读压力会相对小一些，但两篇8k字的论文一起写就不是很友好了hhh。徐老师可能课程内容上相对来说会略显单调，但老师人还是挺好的，如果有问题会很有耐心地解答。\n\n最后两门课成绩出来都比较中规中矩。后面听学长学姐说建议可以再交论文前让徐老师看看，提点修改建议，这样可能得分会相对高些。自己未曾实践，不知真假，供后来文院er参考哈哈。
213675,3032,徐永明,2025-01-19 05:28:06,0,0,0,一言难尽
217347,3032,徐永明,2025-04-09 02:45:22,2,2,0,课比褪黑素困
3407,3062,王志成,2015-06-10 02:35:50,7,23,16,轻松
9687,3062,王志成,2015-11-04 12:00:40,12,24,12,超可爱啊哈哈！迟到了还好给我们发了一个红包！
10342,3062,王志成,2015-11-18 06:35:40,3,9,6,好玩！超级水！
10426,3062,王志成,2015-11-18 14:59:29,-2,3,5,很不错
10433,3062,王志成,2015-11-18 16:26:00,-4,10,14,上课很认真、很调皮的老师，上课可能会有点水。但很轻松，最后是一篇感想，还可以自己申请高分，很棒的课。（如果想要高绩点的话）
10446,3062,王志成,2015-11-19 01:00:28,0,9,9,特别水，但绩点不成问题！\n\n
10455,3062,王志成,2015-11-19 02:30:56,-4,3,7,什么？楼上说可以申请高分？
10523,3062,王志成,2015-11-19 11:06:26,-4,4,8,这老师非常好，自己迟到了还给我们发红包，中间只有两次签到，很水的课，只有一篇论文而已，我绩点4.0
10680,3062,王志成,2015-11-22 10:22:20,0,5,5,很亲切的老师
10898,3062,王志成,2015-11-23 08:37:05,-1,5,6,亲切 平时会在微信群和我们分享好文
10925,3062,王志成,2015-11-23 10:30:02,-2,3,5,很棒 推荐
11423,3062,王志成,2015-12-01 01:25:45,9,12,3,绩点不是很高
12904,3062,王志成,2015-12-24 08:04:00,-4,3,7,水，但是分高
12906,3062,王志成,2015-12-24 08:07:09,-4,1,5,比较水，给分不错，老师很有爱
14767,3062,王志成,2016-01-09 01:43:11,-4,1,5,老师人超好，讲的东西也很有内容\n\n迟到了还发了个红包\n\n后面出分了还会和学生说打分的情况\n\n很好的老师
15465,3062,王志成,2016-01-14 13:27:01,-4,0,4,很好的老师
27287,3062,王志成,2016-06-24 12:54:59,-4,1,5,比较水的课，绩点给的也很好，感谢老师！老师也很可爱又亲切
27288,3062,王志成,2016-06-24 12:55:29,-7,2,9,没有考试，就一篇论文，绩点超级高
27290,3062,王志成,2016-06-24 13:13:21,-6,2,8,听听课 读读《薄伽梵歌》 还是很有收获的\n\n现代人很容易浮躁呀 \n\n论文认真写一写自己的感悟 给分很好
27291,3062,王志成,2016-06-24 13:31:07,9,14,5,作为一个医学生表示上课听到老师总是说不要去看病，看病没用的想法很不能理解，然后，点名册弄丢三次也是醉了！最后，想学点东西的人别选了吧
27292,3062,王志成,2016-06-24 13:33:45,25,30,5,就想问一天内改完所有论文还给出了分数是不是看运气人品。正态的真随意。
27820,3062,王志成,2016-06-27 16:43:35,0,4,4,绩点奇高……不过给分的标准让人心寒，估计是看运气多了
28299,3062,王志成,2016-06-28 08:28:51,-4,1,5,给分不错
29147,3062,王志成,2016-06-29 09:48:29,4,8,4,给分真是...随意...
29806,3062,王志成,2016-06-30 10:36:44,-5,0,5,老师人好可爱~会在微信群里说早安，讲一些有意思的事，各种爆照23333
30008,3062,王志成,2016-06-30 17:14:20,-6,0,6,一学期三次签到，挺轻松。上课也很轻松，只有期末论文，主题很宽，照顾学生，给分也超好～
30719,3062,王志成,2016-07-02 10:09:59,-7,0,7,有签到+水+一篇论文(绩点还不错)
31175,3062,王志成,2016-07-03 10:43:19,-3,2,5,薄伽梵歌后来看得我都要觉悟了...
31461,3062,王志成,2016-07-04 02:45:01,3,6,3,250篇论文一夜看完⋯⋯给分太随意⋯⋯点名也是可以自己连签
41652,3062,王志成,2018-06-25 08:42:41,22,24,2,绩点特别低
41657,3062,王志成,2017-01-12 10:03:33,4,5,1,人还好，不过...给分真的看运气吧
41664,3062,王志成,2017-01-12 10:19:25,9,12,3,水 一天出成绩 绩点奇低
41667,3062,王志成,2017-01-12 10:21:42,-3,2,5,就是出成绩特快hh两天就出了但是给分挺好的比较水吧，可以看得出老师上课的准备也挺多的算负责\n\n
41670,3062,王志成,2017-01-12 10:25:31,-2,1,3,给分不错，从没懂过
41677,3062,王志成,2017-01-12 10:49:47,13,14,1,感觉什么都学不到，期末被正态了，给分太随意，简直，建议想学点东西的同学千万不要选。
41679,3062,王志成,2017-01-12 10:50:40,0,2,2,呵呵呵
41681,3062,王志成,2018-03-03 07:01:08,0,2,2,自习课
41687,3062,王志成,2017-01-12 10:55:34,1,2,1,...老师人不错。就是课太水了。
41691,3062,王志成,2017-01-12 10:58:35,1,3,2,水课但是挺开心…但是这个给分也真的太随意了，真的如果你是期末运气不好的人，那还是别选了…绩点很蛋疼
41695,3062,王志成,2017-01-12 11:05:34,4,6,2,嗯怎么说呢……课是真的很水点名水也没什么事情。也只写了一篇论文。给分是不知道标准不过可能是刚好运气好拿到了高分。可能这个课就是拼人品吧\n\n
41701,3062,王志成,2017-01-12 11:19:13,-2,2,4,讲课不用听 看他的一本书 写一篇读后感 绩点应该能上4。但是，这个课真的水到没意思。
41789,3062,王志成,2017-01-12 14:58:47,3,3,0,老师人不错 但是上课是真的水 想学点东西的同学最好不要选 一篇论文定成绩 也不知道其他人写的多还是怎样 被正态的很严重...
41796,3062,王志成,2017-01-12 15:50:07,13,17,4,完全乱给分啊啊啊啊！！上的也跟邪教毫无区别！没有0分只能给1分
42085,3062,王志成,2017-01-13 14:25:39,7,7,0,烂爆了，不知道怎么给分的。无语
42158,3062,王志成,2017-03-22 05:10:56,1,2,1,垃圾垃圾！！！！
44806,3062,王志成,2017-01-18 09:24:36,8,13,5,每节课都要签到的！对宗教不是特别狂热的同学，建议当做凑学分的课选，然后在课堂上，就好好做自己的事情吧！不要听课，因为你会发现，你的无神论思想时刻面临着挑战！真的，第一次正式上课，我坐在第一排，听得贼认真，甚至还觉得灵魂得到了升华，但是，无奈俗人本质，没办法呵，一点作用没有。不过，一位名牌大学的教授，在课堂上一本正经地开车，你还不能笑，谁笑谁下流，毕竟我们这些凡夫俗子是不懂他们这些已经修行到灵魂层面的人在想些什么。成绩除了平时签到，就是期末一篇论文了，这篇论文，开下脑洞，基本上没问题，不过绩点嘛，随缘吧。
60131,3062,王志成,2017-10-11 06:47:33,-1,1,2,垃圾！！！！！！！！！！！！！！！！！！！！！！！！
60424,3062,王志成,2017-10-19 12:09:10,-1,0,1,垃圾老师
64751,3062,王志成,2017-12-27 04:57:43,0,0,0,瑜伽导论怎么样？
79403,3062,王志成,2018-06-03 12:07:34,7,8,1,我们不是一个世界的人，上课只能和小姐姐聊聊天。嘻嘻嘻嘻
79851,3062,王志成,2018-06-14 10:08:32,6,6,0,专门在期末之前评分，不想被给分影响评价。我觉得，说实话，内容有点反智，缺乏依据和论证，缺乏深度，更像一个人的自我陶醉。
80208,3062,王志成,2018-06-21 14:03:33,1,1,0,有趣的神棍
80441,3062,王志成,2018-06-26 12:22:09,5,5,0,在交论文前两天说多写读后感可以加分 给分之随意请大家自行体会 反智课慎选
80780,3062,王志成,2018-07-01 04:32:46,1,3,2,老师对瑜伽很有自己的热爱和见解，课可听可水，每节课签到+最后一篇论文，给分还不错。
80781,3062,王志成,2018-07-01 04:32:59,1,2,1,课水给分好出分快 个人认为论文字数多一些给分会好一些
80782,3062,王志成,2018-07-01 04:38:11,4,4,0,迷，很迷，成绩不知道咋给的，凉凉
80783,3062,王志成,2018-07-01 04:46:39,1,1,0,老师对于瑜伽的教育事业还是有自己的想法的，可以看得出花了很多心思想让学生了解这项运动，挺好的
80784,3062,王志成,2018-07-01 04:52:00,4,4,0,人还行，给分也太随意了吧，直接被正态
80786,3062,王志成,2018-07-01 05:04:56,2,6,4,除了第一节课和最后一节课都有签到，签完到第一节晚课下课就可以溜了，最后一篇读书报告交纸质版，上网随便复制粘贴一下就好，最后绩点4.2\n\n
80787,3062,王志成,2018-07-01 05:10:33,4,4,0,我就不应该抱着试一试的心态 一个笑脸自行体会
80789,3062,王志成,2018-07-01 05:55:00,0,1,1,垃圾垃圾
80790,3062,王志成,2018-07-01 06:02:18,4,6,2,听课上自习效率挺高的，期末给分随缘吧，如果认真写论文真的可以得高分，没得高分的仔细想想再做评论，虽然感觉课没什么用，但是修学分还是可以。写了4000字论文，抄抄《薄伽梵歌》，再加点个人感悟，差不多就够了。
80794,3062,王志成,2018-07-01 06:51:19,5,5,0,课上有些内容还是可取的，当然也有不少奇奇怪怪的错误，我是为了凑人文类学分选得这门课，课上基本是写作业啥的。也算是满足了我“水”的要求。给分不错，也算意料之中，花一天大致翻一翻书，有条理地写4000字左右的文章，基本不会太差的（凭心而论，认真写的话2000字绝对不够，我感觉自己写的快将近5000字，也就把冥想之道那章完整解读了一遍），最后想对老师说，那个签到制度真的漏洞很大，有些平时不来的同学，只要来一次就可以补完签名。。。\n\n（也算是中肯的评价，供以后选课的同学参考）
80900,3062,王志成,2018-07-02 13:08:43,7,8,1,把你从前学的科学知识按在地上摩擦。经常说些让人震惊的话，什么修行瑜伽不生病，什么阴气重容易鬼上身，什么身材瘦的女生容易被榨干……在群里经常发发鸡汤和自己的照片，微商既视感。期末评分也不知道什么标准。就这样吧，凑个1.5学分，不在意绩点的可以随便选。
80938,3062,王志成,2018-07-03 02:25:45,4,4,0,23333怀疑助教是抽签决定绩点
84245,3062,王志成,2018-07-12 10:29:17,1,1,0,给分很迷，鹅颈现场，史上给分最低通识课，不说了，哭死
85414,3062,王志成,2018-07-17 13:33:47,0,1,1,Rajas
93675,3062,王志成,2019-01-11 12:28:08,2,3,1,还没出分 个人愚见 助教讲的比老师好 最后一节课去晚了 不知道为什么是助教在讲课 助教讲的很生动 适合放在第一节课讲 但是第一节课老师并没有讲这些东西
95936,3062,王志成,2019-01-20 08:48:05,-3,1,4,事少给分好，助教人也很好。
95951,3062,王志成,2019-01-20 09:16:38,6,6,0,每节课都到，签到都签了，论文写了四千左右。最后喜提本人通识课最低分。
102823,3062,王志成,2019-02-23 15:22:08,0,1,1,瑜伽导论太水了8，上课签到或是代签回去就好，课上基本在念word，也没什么意思
107369,3062,王志成,2019-06-27 08:44:19,9,9,0,卡方体质的人床上功夫比较厉害
108738,3062,王志成,2019-06-25 10:10:29,7,9,2,请问这分数是您闭着眼睛瞎给的吗？
109379,3062,王志成,2019-06-13 13:59:24,4,4,0,佛了，每节课三观被炸的稀碎，第一次上课竟然举例什么低俗小视频里面的情节，措辞极度不雅。有些观点真的反智，作为一个医药类的学生，我真觉得老师对于癌症治疗的认知还停留在上个世纪60，70年代，麻烦您先了解当今医学发展的情况，您才有资格评价医学
109520,3062,王志成,2019-06-26 11:15:37,2,2,0,认真看完书写的论文 给分很一般很一般\n\n以后再也没有通识课了 真是受够了
109639,3062,王志成,2019-06-18 06:12:36,-5,1,6,原来瑜伽是这样的哈哈哈，给分真的不错的
110293,3062,王志成,2019-06-25 11:29:31,-8,1,9,老师和助教人真的很好吖!
110294,3062,王志成,2019-06-25 11:30:36,3,4,1,超级烂 强烈建议别选
110295,3062,王志成,2019-06-25 11:33:23,6,7,1,给分低穿地心
110351,3062,王志成,2019-06-26 02:03:44,-7,2,9,老师其实很用心的，就是本身比较难理解吧
110376,3062,王志成,2019-06-26 07:52:00,5,6,1,海星\n\n不过我就奇了怪了 既然都觉得给分不好群里怎么这么多谢谢老师 搞得我以为只有我绩点一般呢
112030,3062,王志成,2019-07-03 08:30:42,6,6,0,不知道是不是王老师对医学生有什么偏见，也不知道王老师生病了是去练瑜伽还是去看医生，更不知道王老师的打分是看心情还是看心情，只知道自己真的很失望?，希望大家选课时谨慎一些吧。可以把你坑地不要不要的一门通识。
113762,3062,王志成,2019-07-07 10:01:55,0,0,0,签到可以第一节课(晚上三节课的第一节课)去签名，然后走人(其实比较建议这样，因为上课没有什么营养，听了对论文也没有什么帮助。但是不要想着最后一节课去签完之前的，因为老师发现了，哈哈哈)，考核是签到加论文，论文可以写的看起来比较玄乎一点，就是吹呗(作为医学生，我就一点都不相信老师讲的养生方法。。。。大家一定不要因为他反智就放弃论文，我觉得谁都不会喜欢自己的东西被人批的一文不值，所以大家能吹还是尽量吹，稍微找点无关紧要的毛病一笔带过就好）\n\n然后就是，这门课很水，但是给分真的有点玄，不想冒险的还是不要选
116903,3062,王志成,2019-09-17 06:30:43,0,0,0,给分其差，论文不知道怎么改的，交了就出分了。本学期已经停课了，你说是为什么呢？
124622,3062,王志成,2020-07-04 03:43:15,0,0,0,思维活络，不会刻意刁难。
126648,3062,王志成,2020-10-11 12:57:40,0,0,0,谁能告诉我为什么宗教精神绩点还挺高…\n\n平常有小论文的啊 不知道算不算成绩
127434,3062,王志成,2020-11-23 04:12:33,0,0,0,卡绩杀我
152817,3062,王志成,2022-04-20 06:18:34,0,0,0,就不是很有章法
155544,3062,王志成,2022-06-14 07:45:29,1,1,0,😓😓
172029,3062,王志成,2023-04-17 16:16:12,1,1,0,呵呵呵呵
175325,3062,王志成,2023-06-24 00:59:04,4,4,0,那么多课，你为什么要选这个？你为什么要想不开？\n\n只有尊重祝福、、、
175477,3062,王志成,2023-06-25 07:00:14,3,3,0,快跑，快跑，快跑。。。\n\n什么，你说你要选这个课？呃，尊重，祝福，不理解。\n\n还是说一下吧，《比较哲学导论》，考核=每节课发言+期末论文，任务还是比较少的。（但是2.5的学分意味着拿来跨专业会很尴尬。。。）给分就，见仁见智。。。
190781,3062,王志成,2024-03-19 02:21:19,1,1,0,无比庸俗无知\n\n真不知道这种人活着有什么价值\n\n他配继续呆在大学里吗？？？
2528,3072,王钟涛,2015-05-04 13:31:36,8,15,7,很可爱的一个老师，会跟你bb毛有多厉害。给分很厚道！
6910,3072,王钟涛,2015-08-05 10:51:50,26,41,15,哈哈哈哈哈老师挺有意思的，特别强调唯物辩证法，特喜欢老毛，觉得自己素描很厉害哈哈哈哈，老夸我们是天才，给分炒鸡厚道，我挺喜欢的一个老师！
6924,3072,王钟涛,2015-08-12 10:35:11,14,20,6,非常好的老师，想懂梵高请选这门课
7221,3072,王钟涛,2015-09-11 06:52:04,-18,11,29,讲得还算认真吧，不过课挺水的
10649,3072,王钟涛,2015-11-21 12:30:31,8,11,3,挺好的。
11842,3072,王钟涛,2015-12-17 08:01:16,9,14,5,很可爱的老师
11848,3072,王钟涛,2015-12-18 01:34:26,7,12,5,课好！老师人好！！
12422,3072,王钟涛,2015-12-23 08:41:06,3,9,6,没别的就是给分好、喜欢老毛和朝鲜
13022,3072,王钟涛,2015-12-24 14:10:53,9,13,4,老师人超大方 很可爱 作业用心画 老师看作业质量～
13113,3072,王钟涛,2015-12-25 02:13:55,4,8,4,老师上课很有思想诶
15600,3072,王钟涛,2016-01-15 15:08:18,4,7,3,很好的老师！
15987,3072,王钟涛,2016-01-17 02:02:01,10,14,4,大师很负责的一个老师，有自己个人绘画风格，会讲透视方面的理论还有辩证法，，，建议选课的同学课后进行练习，会有更大提高。
23758,3072,王钟涛,2016-04-15 02:07:59,-2,5,7,呵呵哒，
32844,3072,王钟涛,2016-07-18 08:01:07,-9,4,13,初学者很吃力
32909,3072,王钟涛,2016-07-29 03:18:30,9,13,4,好老师~会很认真地帮同学改画…有时候一个下午要改好几幅手都涂得黑漆漆的，但是学生和他道谢的时候会说是自己应该的。水平也很高~至于给分问题，只要你每次都去然后有认真画老师给分也肯定是认真的。
32937,3072,王钟涛,2016-08-10 12:28:58,7,10,3,老师很好，总是夸我们，用心指导，很喜欢
35792,3072,王钟涛,2016-11-10 08:11:36,2,9,7,主观性比较强，喜不喜欢因人而异吧
36502,3072,王钟涛,2016-11-14 10:02:03,5,8,3,老师是个坚定的毛左派啊
39011,3072,王钟涛,2016-12-20 12:50:43,2,4,2,水平高！
40916,3072,王钟涛,2017-01-06 10:28:51,7,8,1,给分良心，示范良心
49719,3072,王钟涛,2017-06-27 11:54:12,-10,17,27,这老师虽然不怎么会画画还整天吹逼，忙于与邪恶实力作斗争，但归根结底是个真搞艺术的，冲这个给十分
58605,3072,王钟涛,2017-09-08 10:33:56,3,5,2,喜好评论政治，不过给分很好
60700,3072,王钟涛,2017-10-27 03:37:56,3,4,1,惊呆！
61027,3072,王钟涛,2019-09-05 11:15:36,9,15,6,炒鸡棒，给分高，体谅学生，超爱?
61235,3072,王钟涛,2017-11-13 07:00:05,4,7,3,好好好
61263,3072,王钟涛,2017-11-13 07:01:19,6,6,0,给分高！！！
61264,3072,王钟涛,2017-11-13 07:01:47,4,4,0,给分真的高啊…嗯
61265,3072,王钟涛,2017-11-13 07:02:04,4,5,1,无与伦比的美丽，快乐
61268,3072,王钟涛,2017-11-13 07:15:08,9,11,2,不能更赞!，老师水品很高，给我们解析了画画背后的辩证道理，而非简单的教“画法”听他的课很入迷，很有内涵的老师!给分很厚道，哈哈。
61269,3072,王钟涛,2017-11-13 07:15:58,7,8,1,王大师 666
61273,3072,王钟涛,2017-11-22 14:58:23,7,8,1,认真听还是能学到东西的 很开心了 老师很好的 还是很认真的
61280,3072,王钟涛,2017-11-13 11:31:02,11,14,3,听王大师讲课，你会感觉心灵得到洗涤，灵魂得到升华，不仅懂得了如何花一张好画，也学到了辩证法，学到了对立统一的规律。
61281,3072,王钟涛,2017-11-13 11:47:02,2,3,1,给分真的好
61337,3072,王钟涛,2017-11-14 23:30:04,4,5,1,非常好\n\n
63575,3072,王钟涛,2017-12-28 06:11:27,-11,7,18,水水水
64085,3072,王钟涛,2017-12-21 02:48:15,14,19,5,老师本身很有个性 其实耐下性子听是可以真的学到点东西的 给分挺好的 最有意思的是 会仰天大笑说要和学校里黑恶势力作斗争
65456,3072,王钟涛,2018-01-04 05:26:07,5,5,0,666啊
65463,3072,王钟涛,2018-01-04 06:16:17,13,14,1,仰天大笑出门去，我辈岂是蓬蒿人
65464,3072,王钟涛,2018-01-04 06:15:44,5,6,1,老师讲课超有用！才不水呢！最喜欢老师了|･ω･｀)
69810,3072,王钟涛,2018-01-25 12:19:32,3,10,7,觉得不配9.5
74271,3072,王钟涛,2018-02-08 15:28:25,-2,3,5,给分高才是真
89589,3072,王钟涛,2018-11-20 01:20:35,1,1,0,辩证法nb
89742,3072,王钟涛,2018-11-20 13:29:33,10,11,1,王老师讲课非常负责，每回下课都会把讲义发群里。而且绝对是个学富五车的老师。有个性也有想法。不要因为自己的审美水平低而错过王老师的课。认真听绝对大有收获。虽然是油画课但是对设计都很有帮助。
89846,3072,王钟涛,2018-11-21 04:05:53,6,6,0,每天上我的男孩的课都很快乐 很艺术了
92735,3072,王钟涛,2019-01-04 04:39:12,1,2,1,有思想的热爱毛概的美术老师
94272,3072,王钟涛,2019-01-16 05:39:54,5,5,0,emmm，初学者有点吃力\n\n但老师保证说给我们80以上\n\n超感动了
97167,3072,王钟涛,2019-01-21 23:14:40,6,12,6,别的先不说，起码王老师打分是公开透明的，这一点就比一些莫名其妙的老师要强不知道多少倍
102799,3072,王钟涛,2019-02-23 07:50:29,11,11,0,艺术。。。
117602,3072,王钟涛,2019-09-26 14:44:59,5,6,1,每天都是辩证法对立统一嗷嗷嗷\n\n
118835,3072,王钟涛,2019-11-07 01:17:15,1,4,3,嗯嗯，王大师，支持
119946,3072,王钟涛,2019-11-17 01:40:47,14,15,1,朋友圈和现实中不是一个人…
124462,3072,王钟涛,2020-07-01 14:26:38,2,6,4,给所有给王大师点赞的评论点了赞!
124659,3072,王钟涛,2020-07-05 07:44:40,0,2,2,很可爱的老师，给分高！！！
126611,3072,王钟涛,2020-10-08 07:26:42,-4,1,5,果然是大师👍超级天才变形艺术大师！爱了爱了～
127449,3072,王钟涛,2020-11-23 06:54:00,-3,1,4,老师人很好！！！
127900,3072,王钟涛,2020-11-30 03:23:07,-4,1,5,可爱的老师o(^o^)o
129098,3072,王钟涛,2020-12-30 06:27:22,-6,2,8,表白王大师，真的美术人！
130240,3072,王钟涛,2021-01-20 01:50:16,-5,1,6,老师给分超级好！只要动笔了就有很高的分数了！画的怎么样老师都很欣赏！
132661,3072,王钟涛,2021-02-03 07:38:15,-2,2,4,王大师yyds！！！
141958,3072,王钟涛,2021-11-02 03:35:03,1,5,4,很不喜欢作风和言论，但是给分是真的好
145016,3072,王钟涛,2021-12-26 13:32:27,12,12,0,。。。。
146795,3072,王钟涛,2022-01-07 12:48:15,-7,4,11,两门课两个满绩，太爱老师了！
155274,3072,王钟涛,2022-06-10 04:44:18,-6,2,8,给分好高
161228,3072,王钟涛,2022-11-01 08:46:02,20,21,1,说实话没学到什么，对大学美术教育开始怀疑。。。\n\n给分好
182189,3072,王钟涛,2023-11-12 03:27:49,25,25,0,。。。
182877,3072,王钟涛,2023-11-21 02:13:06,-2,10,12,很好的老师，很体谅学生，会提前下课让学生去吃饭因为早一点去饭菜比较干净，感动哭了，给分很高，很负责。是真正有实力的老师。有些同学不太喜欢大师的说话方式，但可能这才是大师吧。大学遇到的第一个好老师
198259,3072,王钟涛,2024-09-06 03:04:44,2,7,5,超级好的老师 在美术上给了我很多指导 知道我对自己专业水平不自信 一直在鼓励我 给分超超超良心 很喜欢的老师 希望王大师身体健康 继续专注喜欢的油画领域 王老师对自己儿子的教育方法真的很让人羡慕
199426,3072,王钟涛,2024-09-23 09:09:55,2,8,6,王老师是一位超级负责的老师，也是一位个性鲜明的艺术家，虔诚地学习其实真的受益匪浅。单凭他的艺术热情，他就值得大师名号。希望王老师身体快快好起来！
201101,3072,王钟涛,2024-10-28 13:44:00,-1,4,5,王大师真的很好，是真懂艺术，真懂教育，也是个真性情的艺术家，老师。他会一针见血地指出我的问题，也会安慰，鼓励因为画不好而失落的我。他对艺术的理解给我开启了一个新世界，他对毛主席哲学思想的深入理解也让我收获颇丰。我与大师直接就隔了一个王老师。
201392,3072,王钟涛,2024-11-01 12:50:25,-3,2,5,大师🥹
206035,3072,王钟涛,2024-12-13 03:38:04,2,5,3,很纯的神金。。。很自负很自我在学生中找存在感且说话真的很冒犯，自己会提早下课或者迟到以及上课可以说很多和课程无用的东西，上了他的课开始怀疑大学了，感觉纯靠给分拉评价，他自己也很不喜欢浙大
207184,3072,王钟涛,2024-12-19 15:20:22,-5,1,6,大学里第一个遇到的好老师！
207191,3072,王钟涛,2024-12-19 16:13:07,-3,2,5,我遇到了一位真正的艺术家，真正的美术老师。刚开始听他的课我会听不懂他说什么甚至怀疑他，但是越往后我越能听懂他的内容，听着他讲课的热情，我有时甚至会浑身发热指尖发抖，直到开始感到敬畏，我知道这是内心被击中的感觉。
207564,3072,王钟涛,2024-12-23 05:52:25,-5,3,8,满昏！！！！！！！！！！\n\n有意思的老师，虽然苯人不是很艺术不是特别能听懂所有的课嘞，但是老师讲的真的很好 负责认真\n\n有一次逛美术馆一上午一直在问老师问题，老师给我讲了好多好多 都是六十秒的语言×n\n\n好老师嘞
207604,3072,王钟涛,2024-12-23 08:32:05,5,5,0,。。。
207701,3072,王钟涛,2024-12-24 02:31:04,-1,1,2,水少🐢多
207739,3072,王钟涛,2024-12-24 05:55:10,4,5,1,很纯的神金。。。很自负很自我在学生中找存在感且说话真的很冒犯，自己会提早下课或者迟到以及上课可以说很多和课程无用的东西，上了他的课开始怀疑大学了，感觉纯靠给分拉评价，他自己也很不喜欢浙大
208831,3072,王钟涛,2025-01-02 10:15:44,4,4,0,。。。
211019,3072,王钟涛,2025-01-10 10:47:23,2,4,2,结课了给未来的学弟学妹们说说心里话。大师的说话方式和行事风格可能不太让人舒服，但是请不要怀疑他的人品和能力。他的课程对于我们从小到大所认知的审美体系是一种解构也是一种建构。我最初听到他的发言也是觉得可笑甚至有点神经。但是包着一种谦虚的接受的心态，你在一个学期的熏陶之后，会产生一种和以往完全不一样的审美眼光。这种审美眼光会让你在大众的传统的审美和前卫的现代的审美中反复质疑并且思考到底怎样才是真正的艺术。一种破旧立新的可能性，一种反思的眼光，一种尝试的动机。这才是他的课程真正让人收获的。做设计的，本来就不能被现有的美推着走。听了李老师的设计艺术概论，知道了包豪斯的历史，明白了现代设计及审美的发展历程。你才会真正明白这门课开设的意义，以及任由大师在课上肆意发挥的合理性。
211320,3072,王钟涛,2025-01-11 07:46:43,3,3,0,难以苟同他的理论，与他不是同路人，但尊重
211334,3072,王钟涛,2025-01-11 08:15:41,-3,0,3,非常好大师，同时也很抽象。（上了课就知道了）不用担心给分，大师给分一直都很好！点评作品的时候鼓励更多一点，当然也不缺乏批的部分。。认真听课能学到怎么鉴赏抽象艺术和油画技法。很热爱毛主席。听到大师身体好起来了很开心，希望能越来越好。
213647,3072,王钟涛,2025-01-18 17:42:26,5,5,0,给分确实好。\n\n也确实能带给学生全新的艺术视角和理解，尤其是现代艺术，这点非常感谢他。\n\n是一位有信仰有坚持的老师。\n\n尊重。\n\n但是抽象言论且不提，能不能不要再针对个别学生和在群里发自己对什么什么不满的抱怨了，学生还得顺着他的话哄他。\n\n未来的朋友们如果能接受他的个人风格就尽情享受吧，但如果没法接受就降低存在感忍忍过去吧（想想高分）。
9029,3102,吴小平,2015-10-10 12:23:43,2,5,3,红红火火
51595,3102,吴小平,2017-06-07 11:07:48,2,4,2,。。。。。。
62089,3102,吴小平,2017-11-22 11:08:16,13,21,8,有人知道...考古发现与古代中国的考试形式吗？
62927,3102,吴小平,2017-11-27 11:19:27,3,12,9,吴老师讲课永远不会犯困！风风火火！直率的老师！很酷！
64700,3102,吴小平,2017-12-26 13:13:43,0,10,10,好垃圾的老师。。。前几节课以为还行，后来才发现，不解答任何问题、问事情态度极其恶劣、眼里只有女生。。。醉了
65839,3102,吴小平,2018-01-09 13:15:57,2,5,3,考试考什么？？？
65931,3102,吴小平,2018-01-10 10:14:57,10,12,2,上课比较零散，考试比较随意，评分听天由命
65939,3102,吴小平,2018-01-10 11:29:23,18,25,7,上的是考古发现，\n\n平时没有什么论文和报告，就期末一次考试，但是关于考试之前上课说的一直不是很清楚，也没有建什么群，反正就是跟模糊。结果最后考试直接来了一个写一写这学期读的考古书的名字.....\n\n然后平时上课讲的总体来说有点水，有种科教频道纪录片的感觉。老师感觉是对浙大对于考古这门学科的态度颇有微词，有一点怨天尤人的感觉。经常说明年不开这课了，都没人听课这种话。\n\n总体来说，对于他的感觉是太把自己当回事了，而且有点迁怒于人
65940,3102,吴小平,2018-01-10 11:36:01,6,9,3,看过的书一定要牢记书名，作者，还有出版社！
65942,3102,吴小平,2018-01-10 11:40:04,12,16,4,一句mmp哽咽在喉，才下眉头却又上心头
65943,3102,吴小平,2018-01-10 11:43:46,4,12,8,老师是好老师，有文人气质有想法，课也是好课，但不是对考古爱到痛彻心扉就千万别选了。第一次见到..考试范围考试内容课件什么都不给的老师....
65944,3102,吴小平,2018-01-10 11:45:07,10,12,2,无fuck说
65946,3102,吴小平,2018-01-10 11:52:35,9,12,3,这老师有毒
65948,3102,吴小平,2018-01-10 12:04:46,5,9,4,考试真的是平生仅见。考试要写看过的考古书也就罢了，还要写作者出版社的？？？！谁看书还记出版社的？
65952,3102,吴小平,2018-01-10 12:25:23,3,5,2,我想说如果不写那十篇读书报告是不是真的会通识挂课。
65987,3102,吴小平,2018-01-10 18:16:21,3,7,4,老师上课水，昨天考的试大伙都惊呆了，写了一个小时都写不出两面，果断选择补救措施写个十篇读书报告，然后回到寝室后悔了......十篇！十本书！一个星期ddl！！！！！
66012,3102,吴小平,2018-01-11 02:46:14,1,4,3,老师上课干货还是很多的，就是内容比较杂，不成体系，由于没咋见过考古小白上课，有一点以专业生的眼光看待，要求比较高。最后说一句，书里大多是古文，看得累死也就知道个大概，考试像喜欢看图的同学看过书也不知道写啥。。。
66453,3102,吴小平,2018-01-16 14:45:31,5,13,8,老师真的很棒，是真的很爱考古这个行业的～而且平时也没有作业，认真听听课考试还是很简单的！如果你真的喜欢考古，你绝对会获益匪浅！
70062,3102,吴小平,2018-01-26 05:16:29,0,5,5,老师上课感觉还不错的，可能我个人原因？觉得最后给分很坑，看了很多书但是根本不会记什么出版社什么的\n\n虽然导致绩点急剧下降但是老师人还是很好的，选他的课一定是要对考古学有着极高的兴致才行
70063,3102,吴小平,2018-01-26 05:17:32,6,9,3,一个长学期不点名没作业 给分听天由命 反正我1.5 微笑
70068,3102,吴小平,2018-01-26 05:21:50,0,4,4,这门课如果你要选请不要当通识看待，我上这门课也没怎么水，可能还是习惯的问题吧，上课还是会听但是没有做笔记的习惯，可能是在浙大其他通识上习惯了吧，(´･_･`)，最后2.5其实还是没有多怪老师啦。实话说，究竟什么样的课才适合作为大学的通识去上，我到现在还是很迷糊，但至少上完这节课以后我知道，至少不是我以前上的那些随便水一水就能上90的通识。总结来说就是，虽然课程成绩评价标准很迷，选课要做好炸绩点的准备，但还是蛮令我尊重的一门课。
70070,3102,吴小平,2018-01-26 05:25:36,8,11,3,别选，过来人不会骗你们的。\n\n
70077,3102,吴小平,2018-01-26 05:28:19,5,7,2,有毒，慎选，要命
70083,3102,吴小平,2018-01-26 05:32:06,1,5,4,如果不在意成绩，而且对考古有很大兴趣的话，可以选。其他，慎选！！！
70090,3102,吴小平,2018-01-26 05:42:16,1,8,7,不是文科专业但一直很喜欢考古和历史就选了这门通识，老师知识很丰富，上课资料详尽（感觉确实是东西太多了所以我们才上了一点），但是没有重点也是真的，老师是按自己的逻辑讲到哪算哪，平时不点名但是需要平时上课认真听，不然期末考试着急，期末都是大题而且涉及比较专业的考古知识（老师上课会讲到的，所以考试做不出真的是自己上课太水不是老师的问题），然后要认认真真看推荐书目。ps老师挺有个性的，有的话不是很中听但是习惯就好哈哈。能够感觉到是真的希望我们在这方面能学到点东西。看到前面评论解释一下出版社作者的问题，考试完问过老师说这都没有关系的只要写的能说明你看过推荐书目就够了
70099,3102,吴小平,2018-01-26 09:25:53,10,13,3,这哪是雷啊，这tm是原子弹啊！！
70101,3102,吴小平,2018-01-26 06:04:56,5,8,3,通识最低分2.5 书都看了 也写了很多 老师怎么给的分我看不懂
70111,3102,吴小平,2018-01-26 06:17:03,4,6,2,炸绩点的课\n\n没话说\n\n上课听的自认为很仔细了，回头评分中等。\n\n直接拖后腿\n\n不知道说什么好\n\n不过的确是有考古下地经验的老师，这点不否认\n\n对考古真实情况讲的很细致
70114,3102,吴小平,2018-01-26 06:32:36,3,5,2,真的，通识最低分，2.5，虽然上课还是很有意思的，但是不点名没作业没论文，全凭考试，真的很迷，老师讲课还是有内容的，就是…Emmm当做通识课的话真的拉低绩点（虽然本来就不高…）
70183,3102,吴小平,2018-01-26 08:05:45,2,5,3,不知道怎么开通识课就不要开了好吧？？？
70203,3102,吴小平,2018-01-26 08:36:20,2,4,2,会挂科
70207,3102,吴小平,2018-01-26 10:19:00,0,5,5,\n\n这个老师他真的太把自己当回事了！而且也太端老师的架子了！！就感觉全世界都得服从他的，老师就是绝对完全对的……？完全不知道怎么开通识课，课件资料评分标准通通没有，上课也没什么提纲随便找个ppt逼逼一通最后得出结论这个我也没有研究过不太清楚，最后打分瞎jb打……告诫大家不要选这个课吧……除非你完全不在意成绩……
70370,3102,吴小平,2018-01-26 13:57:35,2,6,4,坐前排 做笔记 回答问题（讲真上课氛围好冷清啊没有人捧场感觉老师都有点小尴尬，虽然一部分人不听，但是我们也确实不知道答案……） 上课也有忍不住睡着好多次，四选二其中两题没印象估计不小心睡着了，另外两题听的时候也不知道会考呀!只有大概印象还不全面，最后五本书我只看过四本_(:з」∠)_但是最后4.5。觉得还是付出对得起收获的课吧。评论里有说老师太把自己当回事，我倒没怎么觉得，而且吴老师在考古方面是真的很厉害的。而且大家都说慎选hhh我觉得好像这门课也不会再开了
71112,3102,吴小平,2018-01-28 03:12:27,0,2,2,辣鸡！
72077,3102,吴小平,2018-01-29 09:57:17,0,2,2,及格档，成绩1.5…呵呵，为什么我要选这种课。
77969,3102,吴小平,2018-05-09 04:11:02,0,0,0,差到爆
79863,3102,吴小平,2018-06-14 13:09:10,3,4,1,不知道为什么说老师眼睛里只有女生，如果是因为经常和前排女生有互动的话，那是因为那几个学姐的班主任就是吴老师哇
97293,3102,吴小平,2019-01-22 07:53:33,1,1,0,上的考古通识。绩点个人很满意，但是这门课混学分的别入，老师还是很严格的。欣赏老师的态度
100549,3102,吴小平,2019-01-26 09:33:34,0,0,0,。。。无fuck说
453,3155,徐向东,2015-03-15 02:38:26,4,14,10,渊博的学者～～
6502,3155,徐向东,2015-07-14 13:15:08,6,13,7,贵州话……喜欢坐在桌子上……分析哲学好分析……
12676,3155,徐向东,2015-12-24 01:07:39,-23,14,37,不要选！上课无逻辑还吵死人，讨论课一潭死水简直是挣扎
14978,3155,徐向东,2016-01-11 10:53:25,2,6,4,老师人很好，就是听他讲课得适应语音
15034,3155,徐向东,2016-01-11 15:03:28,19,22,3,北大挖过来的人才
19076,3155,徐向东,2016-01-23 08:10:07,5,9,4,老师讲的不错，但jidian大坑
19129,3155,徐向东,2016-01-23 10:09:17,-23,8,31,不管理论课还是讨论课都是死气沉沉。。。作为一门通核，什么东西都没学到。。。绩点也是坑(晚上考完，第二天就出成绩，我不觉得老师有认真看我们写的东西)
20142,3155,徐向东,2016-01-26 08:18:11,-18,9,27,讲课烂，给分坑。
38432,3155,徐向东,2016-12-05 03:13:58,1,5,4,好老师，西方政治哲学4.7
59483,3155,徐向东,2017-09-22 01:31:20,4,4,0,老师有渊博的学识，上课有极好的思辨体验！
60701,3155,徐向东,2017-10-27 03:59:49,11,12,1,除了口音都能接受，感觉是美国呆久了成美式中文了
63624,3155,徐向东,2017-12-10 12:02:55,12,14,2,萌萌的松鼠老师~上课很可爱，表情动作炒鸡丰富。每一堂课都很认真，干货满满。可能是专业课的缘故，听起来理解起来比较难，但是回味起来真的会很开心自己居然听懂了hhh
97550,3155,徐向东,2019-01-22 10:31:16,9,10,1,唉说真的徐老师人真的很好啊学识也好渊博\n\n只不过口音真的很容易让人走神了QAQ\n\n最喜欢他上课举吃甜品的例子然后暗自秀恩爱的样子啦
98140,3155,徐向东,2019-01-23 06:13:08,11,13,2,老师人超级好的！！！虽然比较害羞（?）不太擅长和同学扯闲天，但是只要主动找老师老师都会很热情很用心地回复，还会给很多原版书资源！！老师水平很高只要听课努力不走神就会学到很多\n\n相处久会发现老师各种迷之萌点\n\n爱向东
132612,3155,徐向东,2021-02-02 18:04:38,10,11,1,老师超级好，上课很有趣，会耐心回答学生的问题，时不时撒狗粮，还有一点小害羞（？ddl超好商量，给分也很好> <
132619,3155,徐向东,2021-02-03 01:17:15,7,7,0,一开始觉得很硬核的一门课，但是一个学期上下来收获颇丰，整体思维和哲学体系得到了极大的培养！给分也出乎意料的好！谢谢徐老师！
133158,3155,徐向东,2021-02-11 10:48:58,1,1,0,课程内容很硬核。上课蹦蹦跳跳的，很可爱。
145073,3155,徐向东,2021-12-27 09:01:16,1,2,1,好老师！
145074,3155,徐向东,2021-12-27 09:01:51,11,11,0,老师水平非常好，而且对学生非常认真。\n\n看到老师只有8点几的评分，我不禁想到小马哥的那句话：学生时代，不知道哪些老师是好老师；到了後來，才知道。
145076,3155,徐向东,2021-12-27 09:02:34,1,1,0,好好好
150099,3155,徐向东,2022-01-19 04:41:00,1,1,0,好好好
151450,3155,徐向东,2022-03-03 11:45:25,1,1,0,我爱徐老师
154147,3155,徐向东,2022-05-24 15:17:12,3,3,0,评一下政治哲学这门课，po工科作为跨专业课选的，分数构成为平时作业（一次，回答三道题，大概期中公布，字数1800-9000）和期末论文（选题在政治哲学范围内，6000字起），po两份作业都写在7k左右，最后4.8了（srds94分，落泪），总的来说不太需要哲学基础，但是可能会需要对这方面比较有想法吧，以及老师真的不点名，没有小组合作，作业字数多一点有想法写就是了，🐛！
159920,3155,徐向东,2022-09-09 03:39:08,1,1,0,还可以
165782,3155,徐向东,2023-01-09 16:41:52,10,10,0,老师萌萌哒\n\n还没出分先来给徐向东老师送上10分\n\n分享很多很多原版书资源 上课内容也很丰富 \n\n对同学的提问会写千字回答 爱死了
166824,3155,徐向东,2023-01-13 17:26:35,10,10,0,徐师我的超人！对待学术足够严谨，对待教学相当认真。对同学的问题会有非常认真的思考尽管或许只是一个小的误区，用严谨详实的论证作反馈————就算你只是一个在学术学文上知识贫瘠、未经历练的本科生。能在本科阶段遇到这样一位可爱可敬的学者何其有幸！！
167442,3155,徐向东,2023-01-16 09:40:20,5,5,0,老师真的很好，会分享很多原版书资源，讲课逻辑清晰，刚入学就能遇到这样的好老师真的幸运
168216,3155,徐向东,2023-02-03 09:25:23,7,8,1,徐老师是真的超人！跟着老师走能学到很多东西，而且有很多补充阅读材料，尽管上课读不完，在大学接下来的时间也可以认真反复研读。对想认真学的同学来说，一节课带来的效果是很长久的，不仅仅局限于一学期或一学年。大学能遇到这样的学者真的很幸运。老师性格也好，非常可爱，看起来有一点点社恐omg但是非常喜欢和同学们在课后探讨哲学问题——即使同学的观点非常幼稚、积累也不深，老师也会很认真地去思考回答！很有帮助！
185014,3155,徐向东,2023-12-25 15:27:48,-1,5,6,哲学导论期末作业三篇3500字论文，上课ppt特别特别喜欢放英文，而且许多原文不是英文的引用也非要放上英文不可（比如孔子说话的原文）。其他的话，就是上课说话不是很清楚，人还挺好的
187641,3155,徐向东,2024-01-17 02:46:43,-8,4,12,给分很迷，且绩杀，哲学导论本来应该是哲学入门学科，但和哲学问题有较多重复，上课比较无聊，总的来说不如哲学问题收获大
188081,3155,徐向东,2024-01-18 07:21:00,-5,4,9,急刹快逃，猜不懂他心思你就活该3～
191954,3155,徐向东,2024-05-07 11:48:40,7,7,0,上了秋冬学期的哲学导论，老师上课对于论点论证清晰，对于课后同学疑问的解答态度认真，能激发很多思考，给分合理，最后的要求是两篇3000—4000字的论文
206960,3155,徐向东,2024-12-19 01:23:40,0,0,0,徐老师好。
27774,3176,安成浩,2016-06-27 13:05:46,18,21,3,很开心，老师很可爱，还带紫菜包饭给我们吃
40642,3176,安成浩,2017-01-04 12:29:29,0,3,3,好，很好，非常好
48365,3176,安成浩,2017-03-02 10:44:37,1,3,2,没什么意思，事情多，上课水
48570,3176,安成浩,2017-03-25 16:05:27,3,5,2,人很好的老师，知道我测试出了问题还主动帮我解决，感动啊。
52555,3176,安成浩,2017-07-03 10:03:08,3,8,5,给分不好
52643,3176,安成浩,2017-07-03 13:22:03,3,6,3,给分一般
64664,3176,安成浩,2017-12-26 06:24:22,2,4,2,给分一般
74446,3176,安成浩,2018-02-24 12:47:54,2,2,0,超级可爱超级nice的老师！非常体谅学生！
78806,3176,安成浩,2018-05-15 08:31:05,10,10,0,老师人很好哇，是我太菜了~
79519,3176,安成浩,2018-06-07 15:48:18,1,1,0,老师挺好的，是我太菜了。
79575,3176,安成浩,2018-06-10 12:40:05,4,5,1,很好的老师
79841,3176,安成浩,2018-06-14 08:43:15,2,7,5,老师很好，但是无奈我是韩语菜鸡啊。。。上这个课之前一定要有韩语基础，一定。。。我之前连韩剧都没有看过。。。
82802,3176,安成浩,2018-07-09 07:02:06,4,4,0,个人认为人很好啊，给分也不错\n\n\n\n
82841,3176,安成浩,2018-07-09 08:06:44,7,9,2,帮老师提提均分吧....人是真的很好很耐心，但可能老师只打分数，结果卡绩了呜呜\n\n..嗯不过老师真的很好
82865,3176,安成浩,2018-07-09 08:39:50,1,3,2,老师人很不错的，线上测试出了问题很耐心地帮助解决，只要你上课到了好好讨论，论文好好写，绩点很好啊。
82867,3176,安成浩,2018-07-09 08:41:25,0,2,2,老师很温柔，人也挺好，就是上课很水，课程要求很多，不过要求都很水，期末考试也是线上开卷，展示只要和课程相关就行，认真做绩点也还可以?
82869,3176,安成浩,2018-07-09 08:43:04,0,1,1,老师挺棒的呀~给分也不错~
82889,3176,安成浩,2018-07-09 09:12:37,-135,11,146,4.5绩点难受…\n\n事情多且水\n\n总体绩点不是很高…\n\n
82891,3176,安成浩,2018-07-09 09:17:58,3,5,2,老师人很好啊。讲课讲得很清楚，每次课间都放韩语歌MV。平时有问题问老师，都很耐心的解答~~一个学期四次听写，督促背单词，期末压力不太大。我有点基础，上课认真听认真学，期末满绩！
92997,3176,安成浩,2019-01-06 17:19:19,3,3,0,老师认真的超好，韩语上课也还行，总之挺有趣的老师
108915,3176,安成浩,2019-06-04 06:51:51,2,2,0,安老师人很和善、亲切，有时候会点名提问，就算回答不出来或者回答不好也没关系，总之上他的课感到很放松，课也讲的很仔细、清晰；平时只要记得背单词，小测什么的都很简单，强力推荐！
110559,3176,安成浩,2019-06-27 12:58:17,1,2,1,老师真的人也很好 讲课也好 给分也高
110682,3176,安成浩,2019-06-28 04:17:40,3,3,0,答疑邮件回得很迅速，出分也很迅速，很亲切的老师～
110806,3176,安成浩,2019-06-28 08:51:24,0,1,1,很好\n\n\n\n
110929,3176,安成浩,2019-06-28 14:41:28,1,1,0,老师很好！
110943,3176,安成浩,2019-06-28 15:54:25,2,2,0,老师真的超好！很温柔，很有耐心！笑眯眯的很可爱！问他很多很多问题都会耐心解答。经常会说同学们辛苦了，很体谅学生！给分也好！不要犹豫选上就是赚到啊啊啊！
111010,3176,安成浩,2019-06-29 06:06:05,1,1,0,好好学习，绩点不会辜负你！
111319,3176,安成浩,2019-07-01 02:30:59,2,3,1,小安真的超级好！跟室友一起选的东亚！在大学第一次感受畅所欲言的讨论课！我的小组成员也都超可爱！这节课上好多大佬，真是收获满满！！各个都是人才！大家一定要勇敢发言
111657,3176,安成浩,2019-07-02 11:54:21,1,1,0,！！！
116561,3176,安成浩,2019-09-11 15:22:48,0,0,0,很喜欢这个老师！\n\n
124370,3176,安成浩,2020-06-30 01:31:33,2,3,1,刚刚出分了\n\n吹爆安老师\n\n감사합니다
128878,3176,安成浩,2020-12-26 09:34:51,0,0,0,好好好
130219,3176,安成浩,2021-01-19 09:33:11,1,2,1,考试之前给老师一个10分，ballball老师捞捞我！
130335,3176,安成浩,2021-01-21 02:16:21,0,1,1,安老师超级亲切，特别耐心，无奈韩语有亿点点难，考试考的不是很好，但还是要给安老师打call
133671,3176,安成浩,2021-03-03 12:17:10,8,11,3,老师人很好。但是韩语口音有点重，有些发音其实是错误的...本人是有系统的学过的，所以比较在意这些错误。但课上的不错啊！
134245,3176,安成浩,2021-03-21 08:23:28,0,3,3,听了一下智云课堂，老师确实有点口音，想要学地道的口音还是还柳在俊老师学吧！
139368,3176,安成浩,2021-07-15 00:30:09,0,1,1,老师捞人的!
147622,3176,安成浩,2022-01-10 10:25:54,1,2,1,谢谢安老师，跟着安老师学习了一年的韩语，收货颇丰。在课堂上，安老师对于韩语语法知识点的讲解十分透彻，即使有地方听不懂也可以及时提出问题，课下也可以问安老师看到后也会及时回复。而展示方面呢，大家展示完后老师也会提出自己对于这个主题的一些认知见解。老师也希望大家能在展示后多多提出问题，产生一些思想上的碰撞，但奈何同学们都比较文静，一般都没有人提问，这也是老师比较头疼的点。希望大家多活跃一些吧。希望后面大家如果选上课一定要珍惜机会，不要摆烂。\n\n最后写一些复习建议，如果想要拿高分90+，韩一的话只需要把课本弄熟，语法知识点掌握，各种敬语非敬语格式体非格式体动词的变换掌握就可以。韩语二的话则需要去刷一些tpo的阅读题，隔壁柳老师出的阅读题是真的难，看文章都显的很吃力。所以韩语二拿高分阅读题要多刷，前面的选择题难度一般，因为好像安老师有调整。
148549,3176,安成浩,2022-01-13 00:53:22,1,8,7,避雷东亚历史与文化，事情多给分差
151821,3176,安成浩,2022-03-16 16:53:09,1,2,1,跟着老师学了一年的韩语，虽然之前本来就有一些基础，但上了之后感觉进步很快！老师人也很好！有问题钉钉问的话老师回的也很快，作业的话个人感觉不多的，给分老师也会尽量捞。因为一直在线上所以没有办法回答什么的，希望下一次上课的同学们可以活跃一点😉最后安老师真的真的特别好！！！很荣幸能连续上到两次安老师的韩语🥺
158002,3176,安成浩,2022-06-26 05:51:28,2,7,5,东亚历史与文化来的，老师给了满绩。\n\n之前听说给分不好还比较担心来着，但其实上过会发现老师和助教人都很好，而且老师自己也是在思考怎么能让通识课活跃起来，是个非常负责的老师。\n\n至于测试，其实期末考就是PPT上的内容挖空，我自己也有一些没找到，不用太担心。\n\n然后，大题其实就是讨论课上讨论过的内容，可以提前百度准备一下，我就这么干的。\n\n平常也就是讨论课要准备一下而已，每个人要准备的部分其实不多，只是看着事多而已。\n\n而最后给分，我感觉这种东西还是因人而异吧，也不用太担心，老师人是很好的。\n\n所以避雷啥的，倒也不必。
171778,3176,安成浩,2023-06-23 17:36:11,0,1,1,蛮可爱的老师，韩语努力了相信结果不会差。考前来个10分，无关给分如何。
175612,3176,安成浩,2023-06-26 02:09:52,1,3,2,老师真的非常非常好，韩语1对零基础的同学很友好，只要平常上课跟上，考试不会很难的
176244,3176,安成浩,2023-06-28 06:55:37,4,5,1,很温柔很儒雅，对学生脾气非常非常非常好，甚至连小测时间都可以商量！！！零基础学韩语1完全没问题，只要认真。无课后作业，一次课堂展示（中文+韩语自我介绍一句话），四次小测and一次期末考。相比大英，事情很少，并且认真学是真能学到内容的！！
176544,3176,安成浩,2023-06-29 08:34:40,2,4,2,待生和善，学识渊博，给分好。
193618,3176,安成浩,2024-06-14 03:29:05,5,5,0,老师真的超级好！考前还给大家把单词和语法都整理好了！平时上课很认真，解答问题耐心细致，待生亲和！
194248,3176,安成浩,2024-06-23 01:25:16,4,4,0,老师人很好，很愿意和同学们交流，每次的作业和小测讲评也很及时，可能上课讲语法会略有点快、听不懂，但应该主要是教材的问题，小语种的课本来就内容多课时少，自己可以课下多去看看网上的资料，最后考试和平时内容难度差不多，平时认真听课、背单词就好。
194263,3176,安成浩,2024-06-23 02:58:12,2,2,0,老师人超温柔！！！！！
194359,3176,安成浩,2024-06-23 10:44:14,2,2,0,老师特别特别好，很有耐心，最后还整理了重点。平时认真上课分数不会差的
220364,3176,安成浩,2025-06-17 13:15:25,1,1,0,竟然没挂，感谢捞捞！
11321,3231,陈东辉,2015-11-27 02:02:31,16,25,9,每节课前几十分钟都在发疯
17427,3231,陈东辉,2016-01-20 07:53:52,1,3,2,还不错啦，有些人偏激了，其实人超nice\n\n
17433,3231,陈东辉,2016-01-20 07:57:09,12,12,0,只给9分，还要一分怕陈老师太骄傲哈哈哈！好可爱的老头儿，给分也高！
17571,3231,陈东辉,2016-01-20 12:19:55,4,4,0,老师萌萌哒，很可爱。
21520,3231,陈东辉,2016-02-29 06:01:44,11,11,0,不属于他年龄的幽默感 现实中的段子手
21737,3231,陈东辉,2016-03-01 02:31:29,0,5,5,大爱啊，轻轻松松一篇论文就满绩了，人很实在，说的都是实在话，很喜欢的老师
39030,3231,陈东辉,2017-04-12 12:37:37,-1,2,3,...
63324,3231,陈东辉,2017-11-30 15:13:01,8,8,0,是个好老师，学识渊博，忠厚淳朴，值得尊敬！
63704,3231,陈东辉,2017-12-13 07:13:06,8,8,0,老师人很好，关心学生，潜心学术，不慕名利，是让我由衷感动的好老师，必须点赞。
64704,3231,陈东辉,2017-12-26 15:58:21,6,6,0,萌凶萌凶的
67155,3231,陈东辉,2018-01-20 10:44:20,-8,2,10,莫名其妙的低分，感觉造孽了
110307,3231,陈东辉,2019-06-25 12:46:03,1,1,0,听他的课很享受
126333,3231,陈东辉,2020-09-23 02:11:39,4,6,2,语速比较慢，课堂容量比较少
146188,3231,陈东辉,2022-01-05 17:12:14,0,1,1,陈老师真的超好！！讲课讲着讲着能把自己逗笑哈哈哈哈 最后给分也超好！不枉我熬大夜做大作业呜呜
146189,3231,陈东辉,2022-01-05 17:13:55,0,1,1,老师太好了，再让我编十个目录我也愿意 \n\n感谢东辉 爱你爱你爱你
146190,3231,陈东辉,2022-01-05 17:15:15,0,0,0,爱死东辉，给分超棒！！！即使有大目录也爱死了！！
148337,3231,陈东辉,2022-01-12 07:12:08,-2,1,3,东辉超好！！讲课很有意思，也有很多的拓展延伸，而且给分太好了！再让我编目录我也愿意！！
151488,3231,陈东辉,2022-03-04 15:03:59,-14,3,17,老牛吃嫩草
154113,3231,陈东辉,2022-05-23 11:49:21,12,13,1,针对前辈“每节课前几十分钟都在发疯”的评论，我解释一下，一是也不算“发疯”，前人言过其词；二是“几十分钟”，这条反倒是保守了。
185647,3231,陈东辉,2024-01-03 08:41:25,8,8,0,名言：“那麼……”
8072,3265,池昌海,2015-09-17 01:36:16,8,11,3,棒棒的
14119,3265,池昌海,2016-01-04 12:58:20,16,17,1,毕竟编教材的，池老师水平还是很高的。但现汉课用的那个教材不咋样，限制了老师的发挥。
18160,3265,池昌海,2016-01-21 08:27:53,19,21,2,超级好的老师，男神，很儒雅，声音超好听
18203,3265,池昌海,2016-01-21 09:23:52,15,21,6,老师很有学识，一脸慈祥憨厚，喜欢一本正经讨论网络脏话。给分我就嘿嘿嘿了，专业课神马的慎选啊（学霸除外）
20530,3265,池昌海,2016-01-28 07:09:48,9,10,1,教得好，给分呵呵
44578,3265,池昌海,2017-01-18 03:28:12,3,3,0,池老师学识很丰富，会在公邮里发文章让我们看和讨论，也很乐于回答问题，人超好。就是可能课程太短，有些地方上得略快。他的课是很好的体验！
44593,3265,池昌海,2017-01-18 03:48:03,3,5,2,老师人很好，超级萌，讲课喜欢用生动的例子，然后很耐心的回答问题，长相儒雅，文质彬彬，学识渊博，大爱呀~
44742,3265,池昌海,2017-01-18 07:46:00,8,10,2,上课会觉得很有趣，老师娓娓道来，多请教老师问题，通过很多例子可以感受到生活中无处不在的语言知识！平时没有作业，书本上的知识会学得很扎实，对以后考研也是好的吧。论文好好写，课程网站上的题好好做，最后的考试不坑。这样下来4.8，挺满意了，很有收获！
44791,3265,池昌海,2017-01-18 09:02:10,4,5,1,池昌海老师学识渊博，笑起来很温暖，上课有很多干货，很喜欢和我们分享现有的语言学研究成果，还有，特别喜欢讲微信段子??。老师有时候会点名回答问题，要多多向老师请教或者回答问题，让老师记住你哈哈，最后考试有一次期中测验，期末考试与学在浙里的题库很像，还是要认真看课本～（划重点）：一定要看公邮！多刷公邮！公邮！
67652,3265,池昌海,2018-01-22 04:02:07,4,7,3,给分被伤到
67681,3265,池昌海,2018-01-22 05:01:59,6,7,1,池老师学识渊博，上课有条理，对一些特别的语言现象有独到见解，可能受课程时间限制有些部分会讲的比较快，但传授知识比较系统完备，最后考试形式和期中考试以及前一年样卷差不多，努力学，课后题目认真做，给分与付出成正比！
87170,3265,池昌海,2018-09-21 07:44:06,2,3,1,老师非常温和儒雅，也非常有耐心。男神了
94278,3265,池昌海,2019-01-16 05:45:12,4,5,1,讲得很好 考试卷子是所有现汉老师里最简单的 和期中考卷有一些重复的题 大题上课讲过 然而垃圾如我不知道在复习什么啥也没看到 等分数出来就怪我自己 对不起老师
94392,3265,池昌海,2019-01-16 09:41:02,6,7,1,老师讲的很好，我自己太菜了，期中考原题我照样错，先给十分，成绩多差我都认。
96627,3265,池昌海,2019-01-21 08:11:18,6,6,0,池昌海老师首先人格魅力就很强，声音好听，作为教材编者本身水平很高，解答学生问题时态度一贯很好。期末考试考了很多期中原题，我因为自己复习疏漏错了很多，最终绩点不算理想，但也知足，毕竟是自己的原因。池老师是可爱负责的好老师，满分~
96631,3265,池昌海,2019-01-21 08:16:03,0,1,1,老师上课真的很好，就是会讲的很清楚，似乎并没有什么很特殊的上课形式，但不会让人觉得枯燥，超喜欢他的一点就是特别儒雅。然后但是给分有一点点让我伤心π_π不过肯定是我自己没做好！不影响我给10分！
97638,3265,池昌海,2019-01-22 12:30:20,9,9,0,听见池老师开口的一瞬间，我坠入了爱河！声音真好听，非常儒雅的老先生。而且萌萌地和我们分享一些网络汉语趣像。\n\n\n\n老师的课主要按教材上，框架搭得很好。期中的试卷带回去做，期末一篇小论文和考试。期末考试有几道选择题就是期中卷子上的！老师的考察可能会比较细，但是大题都是平时上课讲过的。认真准备了问题不大！\n\n感谢男神老师? ?
132093,3265,池昌海,2021-01-30 08:19:23,-1,4,5,给分低的吓人 慎选...
132109,3265,池昌海,2021-01-30 10:32:30,6,7,1,老师温和客气，水平也很高，但给分实在求是，想水过去结果大概会很难看的。顺带吐槽一下现汉的教材，琐碎冗长，还做的又薄又大...
132127,3265,池昌海,2021-01-30 12:11:44,0,3,3,讲课可以 给分很不行……
132328,3265,池昌海,2021-01-31 18:58:50,7,7,0,看起来超级可爱憨厚的老师！功底很扎实，能够滔滔不绝娓娓道来两节课，说话声音很让人舒服。
148207,3265,池昌海,2022-01-12 01:27:44,5,5,0,趁分还没出先来给池爷爷打分(◦˙▽˙◦)\n\n池老超好超温柔，讲课比较求是，现汉一学期一篇论文或者读书报告，有一次开卷的期中考试，还会有几次课后作业，认真听课就好了，期末的内容基本上都是老师上课强调的，来选不亏!
148641,3265,池昌海,2022-01-13 05:48:52,4,5,1,老师水平很高...人也很和蔼...上课讲的其实比较笼统，大概还是要重视自学吧……感觉给分标准蛮高的，也非常求是。
148677,3265,池昌海,2022-01-13 07:51:02,6,6,0,出分了来给老师好评 池老师真的好温柔 会在考试之后跟同学说辛苦了 大题也有好多是上课反复强调的知识点 这学期给分好像还蛮不错的 起码没有上面的均绩那么低
156661,3265,池昌海,2022-06-20 14:15:17,5,5,0,老师人很和蔼可亲，也讲得很好，但现汉本身就很难，所以还是需要自己下很多功夫
159555,3265,池昌海,2022-08-11 06:15:20,5,5,0,非常nice  分数自从21级别开始涨了吧
159560,3265,池昌海,2022-08-09 16:17:05,5,5,0,大爱老师
174299,3265,池昌海,2023-06-09 06:18:31,6,6,0,感谢助教小哥哥捞我们，听说老师还会特意问一下平时积极认真但是期末没考好的同学是不是改错卷子了，老师真的都有记住啊。还叮嘱助教让大家过个好年  yyds
174816,3265,池昌海,2023-06-18 12:39:29,5,5,0,爱池老师
179051,3265,池昌海,2023-08-26 01:03:31,6,6,0,现汉不选池老师就后悔去吧  助教小哥哥大爱
189621,3265,池昌海,2024-01-26 04:17:38,8,8,0,老师人很好，就是出分有点慢。
189666,3265,池昌海,2024-01-26 13:27:34,9,9,0,大爱池老师！老师真的特别好！讲课很棒，现代汉语的基本内容大体都有讲到，也有深入拓展。老师特别有耐心，每次提问都很耐心地解答，还在期末主动鼓励学生去提问。在线上提问老师也很用心地回复。遇见这样的老师真的太幸运了！学现代汉语时感觉自己回到了高中时候那种踏实勤恳的学习状态，大爱现代汉语！现代汉语里的学问真的远超出我的想象。总之老师真的特别好，学问很深，也对学生很用心。很感谢老师一学期的授课和特别耐心的解答！
210408,3265,池昌海,2025-01-15 03:44:47,8,9,1,老师人特别好，会非常耐心地解决学生的问题，只要平时认真学，把基础知识点都搞懂，老师给分不会差的，考的都是基础的知识，还有的直接就是教材原题。跟着池老师可以把现代汉语学的特别扎实，谁不选我都会伤心的好吗
211781,3265,池昌海,2025-01-12 11:53:57,7,8,1,老师人特别好，给分也不错，没上面均绩那么吓人啊。而且老师特别热心，每次回答问题都很仔细热情。
211794,3265,池昌海,2025-01-12 12:39:52,-8,1,9,难绷..
214642,3265,池昌海,2025-02-15 14:51:13,4,4,0,满分！！上个学期上的现代汉语，老师不愧是教材编者，学识特别深厚，上课也很有意思。老师人也超级好，期末补天问了超级多问题都详细解答了。给分很好，平时认真学，期末仔细复习一下就可以了，比有些给分乱七八糟、毫无标准的选修课老师好多了。
216506,3265,池昌海,2025-03-17 15:24:37,2,2,0,绝世好老师，爱你海子叔！！！
219038,3265,池昌海,2025-05-19 15:25:59,1,1,0,嘿嘿要选课了，来给池老师的现代汉语刷个好评，老师学问很好，很乐意回答学生的问题。给分的话也是很好的，把教材基本理解，上90应该没啥问题的
25034,3293,梁慧,2016-05-05 02:33:57,0,3,3,挺好的，作业不太多，内容上的也不错。唯一的瑕疵是老师的声音。
25082,3293,梁慧,2017-06-14 05:37:53,-3,10,13,很不错的老师，迟交了作业也没有责怪我。如果认真对待会得高分的。我是94。就是不太明白为什么老师宁愿给到94都不给个满…
34683,3293,梁慧,2016-10-18 06:45:56,9,13,4,对于这个老师无话可说。真的很生气。不管怎么样，用心准备的讨论课小组发言，没想到以这种形式结束呵呵。不知道是老师最后耐性没了还是怎么样，讲的时候就看见她在玩手机。然后偶尔抬个头抄几笔，还没有助教姐姐听得认真。当堂没有总结，时间不够拖到下一节，结果看样子是讲的内容都记不住了呵呵，照着抄的东西干巴巴的念。核心点没记住，全是零碎的小点，真是哔了狗了。平时就不愿意听他讲课，完全get不到点，这下子根本就一点好印象都没有了。
34688,3293,梁慧,2016-10-18 07:27:21,7,7,0,上课吹盗笔 贬陈凯歌  我不敢苟同
37294,3293,梁慧,2016-11-18 08:35:32,6,8,2,声音难以忍受……
37387,3293,梁慧,2016-11-18 15:34:52,5,5,0,。。。
37811,3293,梁慧,2016-11-21 07:18:40,3,3,0,百度百科式讲课
47384,3293,梁慧,2017-01-25 15:48:14,-1,0,1,讲圣经，还好，就是听不懂啊?
51107,3293,梁慧,2017-05-17 12:33:05,-1,2,3,还可以
52617,3293,梁慧,2017-06-21 12:56:37,-1,1,2,老师是不错的，但期末考试范围和强度也太大了。希望不要平时任务那么多，最后给分还一般，毕竟还是通识。考试周前发，免得受到分数影响。圣经与文学，有趣又很累，徐亮老师不在的学期希望老师们还能高抬贵手。
52702,3293,梁慧,2017-06-22 08:13:35,1,2,1,老师的圣经与文学。。考试简述题10题，每题100字以内，论述题4选2，要不是助教拦着还想让我们每题写1500字（最后定为800到1000字）。麻烦有点时间观念好么？考试是两个小时没错吧。大概因为这门课要被砍了，觉得无所谓学生的评价了，才弄的这么烦吧？
59425,3293,梁慧,2017-09-21 09:06:22,7,8,1,单针对课程而言，个人认为完全没有必要开网络文学研究这门课……
59672,3293,梁慧,2017-09-25 23:53:58,2,2,0,网络文学研究 讲的就是 中国网络文学史 上课内容像一个很烂的学生在做pre. 不敢相信她是中文系的老师?
61035,3293,梁慧,2017-11-07 08:15:04,4,5,1,这是中文系的老师？？？\n\n还有带博士生？？\n\n万分心疼她的博士生老哥。
62853,3293,梁慧,2017-11-27 07:05:46,4,5,1,#网络文学研究\n\n上课贼啦无聊，感觉没有自己的东西，都是找来的资料，给分一般，想水的话ok，想学东西别来，老师讲的还没有小组讨论展示的好。
62856,3293,梁慧,2017-11-27 07:12:38,3,5,2,网络文学#每次上这个课都很无语，老师讲的东西都已经落伍时代多久了……给分还凑合，但是这课实在太无聊了，人文学院的选修课每学期都这么一点点，课又很垃圾
135433,3293,梁慧,2021-05-10 09:17:14,-2,0,2,不会用直播模式吗？？？？真的无语 没有讨论还要开个会议模式的钉钉
157045,3293,梁慧,2022-06-21 17:24:39,-5,1,6,创意写作，认真写的文学评论被老师给了最高分，还是很开心的，有一种付出获得回报的感觉，最后给分惊喜，谢谢老师
12220,3310,赵敏住,2015-12-22 11:36:49,8,9,1,四国语言教学，每次上课第一句话：哦，对不起我迟到了。。皮肤超好，漂亮的韩国哦ni
39909,3310,赵敏住,2016-12-28 07:07:31,0,0,0,很棒的老师，喜欢~
53662,3310,赵敏住,2017-06-27 09:22:49,4,4,0,很温柔，上课很耐心的老师，还会带我们去飞来峰考察佛像～收获很大！
71414,3310,赵敏住,2018-01-28 11:58:13,2,2,0,漂亮的韩国女老师，人很温柔，给分也超级好~
142891,3310,赵敏住,2021-11-17 06:24:02,0,0,0,这的无语。留不到一周的时间给展示具体题目，跟老师已经说明了但后来说偏题，一直bb想让我们按照她的想法做展示，说要展示大家多知道的内容。那我们为什么展示呀…我们展示完才说ppt张数要求 吐了
150389,3310,赵敏住,2022-01-24 05:01:09,0,0,0,很少有点名，很棒的老师。喜欢～
33974,3342,潘立勇,2016-09-24 03:26:46,4,7,3,竟然没有人点评，潘老师的公共素质课，中国审美哲学，专业与科普结合，讲课风趣幽默，是一位有人格魅力的老师。PS，不知是不是我记错了，好像有位男同学追求过他23333
151320,3342,潘立勇,2022-02-28 11:14:50,6,6,0,大师千古…
151413,3342,潘立勇,2022-03-03 01:29:11,1,1,0,潘老师去了远方
10307,3343,陈洁,2015-11-18 04:16:06,-7,11,18,老公举
15983,3343,陈洁,2016-01-17 01:55:22,-10,6,16,总是各种花头
18598,3343,陈洁,2016-01-22 06:02:41,11,15,4,还是蛮有意思的 老师很年轻
19989,3343,陈洁,2016-01-26 01:00:43,13,15,2,大学时代学习的引路人之一，没有之二
19998,3343,陈洁,2016-01-26 01:03:21,11,13,2,不可多得的好老师，很有创新精神
20212,3343,陈洁,2016-01-26 14:15:36,12,14,2,有理想的萌妹子，真心为学生着想的好老师
20243,3343,陈洁,2016-01-26 15:57:46,9,13,4,每次跨越半个杭城上课，只为一睹老师的笑容，很有人格魅力，hold住满教室女生的女老师实属不易。
20247,3343,陈洁,2016-01-26 16:05:50,11,14,3,最不水的专业课，需要用心用脑动手实践，混学分的选修可绕道
20260,3343,陈洁,2016-01-26 17:45:13,13,16,3,对出版的爱满格，外表和善内心有追求，文艺范儿
20261,3343,陈洁,2016-01-26 17:57:33,7,10,3,老师很低调，有时特意放低自己不吝赞赏鼓励我们，以调动大家主动探究的积极性，润物细无声就是这样吧
20274,3343,陈洁,2016-01-27 01:30:15,6,9,3,最爱老大，萌萌哒
20518,3343,陈洁,2016-01-28 05:11:11,5,8,3,注重激发主动探究能力，这正是我们所缺乏的
20609,3343,陈洁,2016-01-29 03:21:56,4,6,2,锻炼思维能力动手能力，难忘对编辑精神的追求
20639,3343,陈洁,2016-01-29 08:29:04,5,7,2,专业课却能演绎得轻松愉快
21009,3343,陈洁,2016-02-10 02:32:52,2,4,2,是我们学习的好榜样
22503,3343,陈洁,2016-03-07 04:46:41,2,4,2,有情怀的好老师
42613,3343,陈洁,2017-01-14 14:56:59,2,4,2,特别棒！
59969,3343,陈洁,2017-09-29 06:32:06,2,4,2,超级敬业的好老师，我的出版引路人
66057,3343,陈洁,2018-01-11 08:07:44,-1,2,3,一样
66856,3343,陈洁,2018-01-19 07:41:23,1,2,1,做书还是很有成就感的，虽然很难…
90914,3343,陈洁,2018-11-27 11:09:25,0,9,9,非常糟糕的体验了，事情又多又烦很多要求一点意义都没有，出分出的超级慢大概结课两三周才出，给分还非常差劲没有任何标准可言，说白了就是一个以自我为中心的公主，从来只知道好高骛远，没有考虑过学生真的需要什么，算是大学以来上过最没意义的课之一
91590,3343,陈洁,2018-12-14 13:29:39,2,4,2,老师心气高远，对出版有着很深的感情。非常关心每一位同学的不同关注点，为提高课程的专业化，会穿插教学改革，主要针对专业班同学，建议混个性学分绕道。
109894,3343,陈洁,2019-06-20 05:11:31,1,2,1,学术导师，亦是人生导师，对出版事业的执着和坚定，是我们每一位编辑出版学专业学子的榜样。
123173,3343,陈洁,2020-05-15 23:49:28,2,3,1,真心为学生着想的老师，被圈粉
129860,3343,陈洁,2021-01-13 04:50:41,0,3,3,emmm一言难尽
134405,3343,陈洁,2021-03-26 15:20:37,0,1,1,。。。
137173,3343,陈洁,2021-07-02 01:17:12,1,1,0,出版引路人，表白陈老师
157928,3343,陈洁,2022-06-25 15:46:36,1,1,0,陈老师的鼓励和真诚铭记在心，老师yyds
203284,3343,陈洁,2024-11-19 02:10:23,0,0,0,很认真的老师，充满热情~
204337,3343,陈洁,2024-11-25 09:59:03,1,2,1,老师非常漂亮亲切！上课也很有趣，会讲很多自己的经历，课程结束还送书给我们~大家快去选陈洁老师的课！！！
47654,3369,李磊,2017-02-13 03:08:35,0,31,31,看得出来老师是一个真正热爱科学的人，自然辩证法讲得很好，自己没怎么认真听但也有收获～不点名，但不定期有测试，so，我是每次都去
53948,3369,李磊,2017-06-28 06:03:22,7,20,13,我见过最潇洒的老师，讲得也很不错
63444,3369,李磊,2017-12-04 07:38:54,2,3,1,为李磊老师疯狂打call
74441,3369,李磊,2018-02-24 06:20:40,4,5,1,讲的相当好
93198,3369,李磊,2019-01-08 05:53:03,0,3,3,妈耶李磊老师真的太像李立群演的东海龙王了吧！讲话神态，神态语气，都有八成像了……导致我上课非常出戏哈哈哈。而且老师对科技发展史的知识非常了解，讲课逻辑棒，内容也挺有趣的。而且我们这半学期只有第八节课的结业测验，平时也没有点名和论文，不过每节课会抽两个人做展示。五星好评
113978,3369,李磊,2019-07-08 05:38:06,5,6,1,太棒了，对于科技史的观点独到，讲解犀利，听得很入迷！！
118221,3369,李磊,2019-10-23 07:05:04,3,3,0,讲的很深刻
123073,3369,李磊,2020-05-08 15:02:34,2,4,2,出分有点慢噢。讲得很不错。
126071,3369,李磊,2020-09-17 05:33:32,3,3,0,老师很好
127503,3369,李磊,2020-11-23 16:50:15,0,3,3,老师事算稍微多点的，每个组需要做好几次课堂展示，每次都得录视频讨论，给分还行吧86。
130893,3369,李磊,2021-01-25 06:45:50,2,2,0,清楚，明白，深刻，幽默
140467,3369,李磊,2021-09-12 15:38:16,0,3,3,自然辩证法是我分最低的科目，离谱
147296,3369,李磊,2022-01-09 12:23:29,0,0,0,（自然辩证法）\n\n李老师的课其实讲的很不错（呜呜无奈这是思政课，懂的），所以主要讲展示和考试啦～\n\n\n\n展示：根据我的观察，展示要有自己的思考吧，新角度新高度都不错，会引起老师的关注！如果题目真的不太擅长，就在形式上突破点，老师都会表扬哒～\n\n\n\n考试：最后一节课好好听（doge），考试书上不一定有，但可以用朴素的辩证思维去答题（doge）\n\n\n\n给分：个人感觉不错子！
148082,3369,李磊,2022-01-11 12:53:47,0,0,0,李磊老师的自然辩证法讲得真的很好，用很平实的语言生动地讲哲学，适合想学一点东西的。想水的话应该也问题不大？老师完全不点名。\n\n期末小测需要用到课堂上的知识，用自己的语言表达出来即可。
32095,3376,马楠,2016-07-05 15:16:12,2,2,0,楠楠好可爱！
66212,3376,马楠,2018-01-13 08:49:48,1,1,0,老师好可爱的嘻嘻嘻
10389,3380,黄爱华,2015-11-18 11:18:59,3,9,6,哲学老师都有范。
10405,3380,黄爱华,2015-11-18 12:28:40,-1,4,5,哲学教我们怎么自我矛盾，怀疑我们一直认为是正确的事件
12454,3380,黄爱华,2015-12-23 10:09:30,0,3,3,挺好的\n\n就是容易睡着
12520,3380,黄爱华,2015-12-23 11:57:43,2,3,1,有趣，评分方式有点坑
15482,3380,黄爱华,2016-01-14 15:28:38,6,12,6,黄爱华老师太好了，听他的课完全是享受
17616,3380,黄爱华,2016-01-20 13:35:04,2,4,2,小中见大 由浅及深 哲学导论课让我受益很多
17673,3380,黄爱华,2016-01-20 15:18:10,0,1,1,幽默的小老头
17704,3380,黄爱华,2016-01-20 16:10:58,3,5,2,挺好的，老师把每一种学说的合理与不合理都讲给你听，目的是启发你自己去思考去批判，认真听会有收获！
17720,3380,黄爱华,2016-01-20 17:30:37,1,22,21,课程评分方式是三次考试和一次论文，有点小累，想水的话不建议选，但认真听一定会有收获的。老师人很可爱，语速慢，讲的认真有料，常常憨笑，很有趣
17790,3380,黄爱华,2016-01-21 01:39:48,1,2,1,喜欢他的课
18018,3380,黄爱华,2016-01-21 06:10:33,1,2,1,老师很好。认真听课 记笔记 我这种没有哲学思维的人都不少分。
18031,3380,黄爱华,2016-01-21 07:00:33,0,4,4,老师上课有点散。给分炒鸡坑
18283,3380,黄爱华,2016-01-21 11:29:38,0,0,0,棒棒的
20316,3380,黄爱华,2016-01-27 03:52:27,3,5,2,老师能把深奥的哲学道理讲得让人能听明白，水平很高。老师很有趣。总之对哲学稍微感兴趣的人都会喜欢听他的课
20352,3380,黄爱华,2016-01-27 05:56:43,0,0,0,哲学老师就是有趣
22522,3380,黄爱华,2016-03-07 10:38:11,0,1,1,有收获，给分好，还会讲冷笑话
22788,3380,黄爱华,2016-03-11 08:36:18,1,1,0,超幽默的
33250,3380,黄爱华,2016-09-16 15:02:17,-1,0,1,对于没基础的我 真的 听不懂
34384,3380,黄爱华,2016-10-08 11:55:04,3,3,0,好玩，喜欢讲烂尾段子，还是很可爱
87999,3380,黄爱华,2018-10-20 08:07:24,0,1,1,老师讲课讲的非常好，每次都能举出又有趣又令人恍然大悟的例子
88290,3380,黄爱华,2018-10-27 06:17:44,1,1,0,黄老师讲课讲的太好了。太喜欢黄老师。
88291,3380,黄爱华,2018-10-27 06:46:28,0,1,1,这个课贼有意思（如果你喜欢各种脑洞，各种思维实验），虽然缺乏一定的系统性，但是更适合非科班的门外汉。最后，上完课也不要怀疑世界，无法证伪就当真吧，Rua！
88325,3380,黄爱华,2018-10-28 14:44:48,1,1,0,黄老师还不错，讲课引人入胜，下午不犯困。唯一不足的是考试的区分度不够。。
91327,3380,黄爱华,2018-12-06 03:05:56,1,1,0,好老师，上课吸引力强！只是我的考试成绩怎么还没给登记？
127216,3380,黄爱华,2020-11-15 04:25:26,0,2,2,老师讲课自带0.5倍速，好想给他加速。然后，虽然讲的很慢，很想玩手机，但不知道为啥，还是觉得他讲的很好玩，啊啊啊，好矛盾啊！！！第一节课就让我基础世界观崩塌，唯心主义和唯物主义。哎~但是还是很好玩，而且很想反驳，可是不知道为啥，我又忍住了……
13469,3438,叶晔,2015-12-28 07:40:10,14,16,2,挺好的 越听越有趣
13472,3438,叶晔,2015-12-28 07:59:04,39,42,3,儒雅君子  有情怀有情趣
13605,3438,叶晔,2015-12-30 03:24:23,70,79,9,儒雅包容还卖萌，很多细节记忆犹新。大学遇到这样的老师诚然有幸。
13656,3438,叶晔,2015-12-30 08:49:29,29,31,2,不效腐儒寻章摘句，读诗解文紧抓主题，角度多样思想深刻，超赞
13873,3438,叶晔,2016-01-01 11:32:31,35,39,4,儒雅帅气，可惜结婚了
14040,3438,叶晔,2017-11-06 05:30:39,58,67,9,老师。。老师居然结婚了。。。少女的心碎得稀里哗啦的。。呜啊呜啊呜啊\n\n
14063,3438,叶晔,2016-01-04 04:27:58,17,19,2,太帅气了，儒雅有内涵，又幽默风趣
14102,3438,叶晔,2016-01-04 08:59:47,14,16,2,本学期笔记记完一本
14637,3438,叶晔,2016-01-19 11:45:26,20,24,4,给分好 事少\n\n
14781,3438,叶晔,2016-01-09 05:20:28,33,36,3,真的超棒 对他的语调欲罢不能
14858,3438,叶晔,2016-01-10 08:42:41,15,16,1,雅痞，准确，萌得我不要不要的
14859,3438,叶晔,2016-01-10 09:00:37,13,16,3,男神 课真的讲的很好 对文学有自己的见解 又通俗易懂 而且幽默风趣 关键是帅啊！
14906,3438,叶晔,2016-01-11 02:23:17,40,43,3,因为他，即使从不点名，我也不舍得翘课。
14953,3438,叶晔,2016-01-11 08:15:35,27,33,6,不管我翘什么课都不会翘的课。其实论文并不简单啊，但是满脸笑意毫无抱怨。那次听到他结婚的消息我有五分钟一个字都听不进去。考试还开卷，好想把图书馆背在身上T^T
14959,3438,叶晔,2016-01-11 09:27:58,18,21,3,雅痞  儒雅君子！
14967,3438,叶晔,2016-01-27 03:20:17,4,8,4,老师讲的应该还不错吧。虽然大部分人都没认真听。最重要的是，儒雅有气质，学识渊博，给分高。
14968,3438,叶晔,2016-01-11 10:01:02,12,12,0,有情怀有意趣，儒雅文者。课也是极棒。
14969,3438,叶晔,2016-01-11 10:02:08,10,12,2,竟然结婚了然结婚了结婚了婚了了
15024,3438,叶晔,2016-01-11 14:25:32,30,33,3,帅！喜欢！儒雅中带着点小骚气！老师我要给你生猴子！
15036,3438,叶晔,2016-01-11 15:21:34,5,6,1,人文学院男神不解释。帅，讲课好，幽默风趣，儒雅气息，满满人文感。真的超级超级喜欢！可惜，结婚了。
15068,3438,叶晔,2016-01-12 01:36:20,14,18,4,80字怎么够！可以评价800字！\n\n叶晔老师教会我们怎样风雅地风骚
15171,3438,叶晔,2016-01-12 11:17:39,9,9,0,非常好！
15273,3438,叶晔,2016-01-13 07:09:34,6,7,1,老师很帅，也很可爱
15277,3438,叶晔,2016-01-13 08:20:12,8,9,1,儒雅帅气，有自己的思想，讲课有趣有有干货，虽然已经结婚，但是帅气不打折。一整个学期从头到尾认认真真听的课也就这门了，非常包容大气的一个好老师。
15551,3438,叶晔,2016-01-15 09:49:50,6,7,1,在评论里找到太多情敌。唉，结婚也是我心中的痛。
15564,3438,叶晔,2016-01-15 11:07:01,6,7,1,所有课里唯一认真听的课 内容很有趣 另一种新视角看文学 男神为什么已婚QAQ
15677,3438,叶晔,2016-01-16 05:53:49,9,9,0,很有幸
15729,3438,叶晔,2016-01-16 07:55:21,14,15,1,好老师！学识渊博
15980,3438,叶晔,2016-01-17 01:35:40,9,10,1,舍不得翘课.......可惜已婚，情敌们抱头痛哭吧……
16073,3438,叶晔,2016-01-17 06:44:55,6,7,1,大写的男神
16139,3438,叶晔,2016-01-17 09:31:45,7,7,0,很好的老师
16483,3438,叶晔,2016-01-18 07:58:33,23,24,1,超棒的老师！！虽然成绩还没出，但不影响我给他打十分！在他的课上真的能学到很多东西！为什么他不开更多课呢怨念，为什么他结婚了呢更怨念(>﹏<)
16745,3438,叶晔,2016-01-19 01:43:28,7,7,0,儒雅的老师
16837,3438,叶晔,2016-01-19 05:07:02,5,6,1,雅痞男神啊！他的课我这学期一节都没翘 能学到很多东西！
16840,3438,叶晔,2016-01-19 05:13:39,2,4,2,没有听过课，所以拿的分数。。。
16843,3438,叶晔,2016-01-19 05:17:36,5,6,1,上课很有意思，就算不点名也是场场爆满～给分很不错，平时除了一次感想和一篇论文之外不需要花任何时间啦，考试也很轻松。老师很有人格魅力呢～
16844,3438,叶晔,2016-01-19 05:18:31,7,8,1,课程安排很有趣。不点名，考试开卷。给分也好٩( 'ω' )و
16851,3438,叶晔,2016-01-19 05:24:58,16,17,1,男神老师不解释，除了一次身体原因其他都一定去上。最后一节课听他说了那么多遍“我爱人”也是心碎
16887,3438,叶晔,2016-01-19 07:19:22,5,6,1,超级好的老师，学到了好多东西，上课风趣幽默，真的是成熟中带了一点痞痞的感觉，好喜欢老师的!真的听课简直欲罢不能
16904,3438,叶晔,2016-01-19 08:28:54,5,6,1,上课轻松还能学到有趣的东西 平常作业也就两篇论文 字数要求不高 给分也好 反正就是好！
16920,3438,叶晔,2016-01-19 09:12:09,12,14,2,反正是大一最津津有味的一门课（虽然课上可能有时候做别的事情）。把课上的跟讲故事一样，还有老师帅气不张扬
16981,3438,叶晔,2016-01-19 11:08:48,9,9,0,其实挺有趣的 就是我没认真听 后悔\n\n最后的考试很好！
17051,3438,叶晔,2016-01-19 13:55:01,5,5,0,课可以不听，但是考试的时候要知道该抄哪里，该抄些什么！按他上课讲的思路写高分！考试题都是上课讲过的内容。
17109,3438,叶晔,2016-01-19 15:10:25,6,8,2,忘了考试是开卷，两手空空去考试，然而还不错~
17173,3438,叶晔,2016-01-25 17:00:28,6,7,1,男神中的男神，观点很新颖，他的想法对于传统思维很有挑战性!真的认真听会非常有收获!而且会有点小..性感..
17450,3438,叶晔,2016-01-20 08:35:31,21,24,3,表白墙：虽然我被绩杀了…然而并不影响我对爷爷老师的爱！男神，冷幽默（就是只有他一个人觉得好笑hh），上他的课有种愉悦感（除了他说“我当然结婚了”那堂…）
17494,3438,叶晔,2017-01-16 09:14:27,-30,6,36,挺好一老师，上课就是扯淡
17741,3438,叶晔,2016-01-20 23:26:53,5,5,0,给分还是不错哒！老师炒鸡萌╭(╯ε╰)╮
18007,3438,叶晔,2016-01-21 05:53:27,7,9,2,作为一个工科生，选这个课纯粹是当通识修的，老老实实地写论文，拿了4.8，而且收获非常大。叶晔老师很像我高中的那些语文老师，有自己的思想，不迷信书本。五星好评！
18567,3438,叶晔,2016-01-22 04:39:02,3,4,1,超级有趣的一个老师，给分也很好
19198,3438,叶晔,2016-01-23 12:55:22,3,4,1,男神 男神 想学明清思潮
20269,3438,叶晔,2016-01-27 00:38:54,3,4,1,男神啊男神，想嫁了~不点名但是秋冬学期作业有两篇文章，当然最后考试是开卷的，只有三道题(⊙o⊙)上课挺好听的，反正就是有才华，就是喜欢
20619,3438,叶晔,2016-01-29 05:29:58,0,9,9,男神给的满绩是我大学中的第一个满绩，天知道当时我何等激动。男神，一万个好评都不够。
21184,3438,叶晔,2016-02-26 02:29:47,4,4,0,最喜欢的老师没有之一，贪图儒雅又会讲段子，普通话……萌萌哒~给分超级好，有兴趣的话听起来就是享受啊！不舍得翘的课。
21451,3438,叶晔,2016-02-29 01:45:41,2,2,0,我男神！！
21836,3438,叶晔,2016-03-01 07:57:56,3,3,0,超棒的老师~
21846,3438,叶晔,2016-03-01 08:37:08,0,0,0,好老师，上课每天都讲得超级棒
22849,3438,叶晔,2016-03-13 11:32:27,0,0,0,好!!!
23377,3438,叶晔,2016-03-28 02:19:07,1,1,0,点点说
24520,3438,叶晔,2016-12-29 02:20:42,3,4,1,想上完男神开的所有课，哈哈哈
26103,3438,叶晔,2016-06-15 16:49:42,4,4,0,儒雅还略带痞气 语调着魔
26732,3438,叶晔,2016-06-21 03:41:13,3,3,0,真的 太 男神 可惜只有两门课
29275,3438,叶晔,2016-06-29 14:03:34,1,1,0,男神！可惜结婚了
32954,3438,叶晔,2016-08-19 15:00:50,5,6,1,扣一分完全是因为他结婚了，，，我的男神啊啊啊\n\n
34248,3438,叶晔,2016-09-29 05:15:38,2,2,0,唯一一节不困的课，超级喜欢
34310,3438,叶晔,2016-10-01 04:03:42,8,8,0,百度百科的那个绝对不是他啊啊啊啊！！男神爱你到世界尽头！！！！
35731,3438,叶晔,2016-11-10 07:55:25,0,0,0,男神什么的不说，就学习而言，上课的内容视角独特，思维理性，分析透彻，颇有收获。
36299,3438,叶晔,2016-11-11 14:50:30,7,9,2,为啥没人说他致力于毁三观事业呢（老师自己第一节课说的）( ･᷄ὢ･᷅ )
36540,3438,叶晔,2016-11-14 23:13:33,6,7,1,就是那种你明明已经结课一年，都还是念念不忘的老师和课
37219,3438,叶晔,2016-11-18 02:44:12,3,4,1,非常好，我大一第一学期最好的课
37378,3438,叶晔,2016-12-28 06:29:10,0,1,1,叶晔老师超级棒的啊啊啊!!!好吧严肃点，讲的内容挺好懂的，起码我不是人文大类的听着也很开心，认真听完就能学到很多有用的东西，比如说换种思路分析文学作品，作业不多，两篇论文。
40523,3438,叶晔,2017-01-04 03:09:32,1,1,0,真心很不错，老师讲的很有乐趣，哈哈哈，满分！
40589,3438,叶晔,2017-01-04 07:58:11,5,6,1,不给10分对不起我自己，今天他的课完结了，好难过，大一不知道浙里一般老师的水平，我只知道这是我大一上学期唯一值得学、并且给我带来思想思考的课程，老师也非常萌，知道掌握学生的心理，如何吸引学生的注意力。上课查手机都觉得浪费时间。要了合照！
41429,3438,叶晔,2017-01-11 13:57:45,1,2,1,绝对享受
41538,3438,叶晔,2017-01-12 07:02:25,2,3,1,甘作男神一生迷妹
43354,3438,叶晔,2017-01-16 07:32:21,6,7,1,一上他的课就不自觉摆迷妹脸，分高分低都不care了，只希望卷子是他亲手批的
43366,3438,叶晔,2017-01-16 07:48:50,1,2,1,很棒棒！
43374,3438,叶晔,2017-01-16 07:53:20,1,2,1,超棒！！！！\n\n超喜欢！！！！\n\n以后我也要成为一名爱好文学的人！！！
43387,3438,叶晔,2017-01-16 08:07:41,0,1,1,享受，他的课我不水手机
43416,3438,叶晔,2017-01-16 08:45:11,0,1,1,叶晔老师真的很棒～?绩点也给的好！上课有趣！虽然一二节我只能强撑着睡意听…真的很适合做中文的入门课
43420,3438,叶晔,2017-01-16 08:46:34,2,3,1,表白男神，从不会告诉我们应该做什么，而是传输很有用的思想，简直太爱了。
43441,3438,叶晔,2017-01-16 09:24:11,4,5,1,叶晔真的是男神啊 上他的课基本没水过手机 期末看他的简要ppt竟然能回想起好多好多他上课讲的理论 所谓好课就是这样的吧 上的时候没有什么感觉 上完之后觉得每一刻都留在心里 大赞 整个寝室都是他的迷妹
43492,3438,叶晔,2017-01-16 10:53:35,0,1,1,不照本宣科，内容都很充实，视角独特，生动有趣。两次作业，期末开卷考3道主观题，按照老师上课思路写就可以。老师超级亲切幽默，声音超级有磁性！大爱男神！
43545,3438,叶晔,2017-01-16 13:45:59,0,1,1,叶老师好帅！翩翩君子，温润如玉！从内而发的儒雅气质！上老师的课再也不会水手机了。最重要的是，给分超棒！
43893,3438,叶晔,2017-01-17 05:45:39,0,1,1,挺好的老师 上课讲的很有意思 一点儿也不水 考试也简单
44151,3438,叶晔,2017-01-17 10:53:40,0,0,0,爷爷的课，因垂斯汀，你要知道我选了他的课后来发现不是通识而是专业课但是没舍得退，就是因为讲的太好0.0
45776,3438,叶晔,2017-01-20 05:15:22,0,0,0,老师真的超好啊
46506,3438,叶晔,2017-01-22 01:26:55,3,4,1,第一天上课：我的课随便翘。然后窃喜之余发现根本不舍得翘。本学期除体育之外唯一全上的课，超级爱叶晔老师。上课内容深度和趣味兼具，很有自己的思想但又不偏门，作业其实略难啦，考试分数还不错。啊，不过有一个致命伤。结婚了。嗯。…忍不下去了让我哭会儿就写到这儿吧
46637,3438,叶晔,2017-01-22 04:38:21,-1,0,1,棒棒棒
47998,3438,叶晔,2017-02-28 02:42:29,-1,0,1,挺好的，很喜欢
49647,3438,叶晔,2017-04-21 10:33:08,0,2,2,看到下面有评论说他多次讲我爱人我爱人 感觉好苏啊啊啊
51378,3438,叶晔,2017-06-03 01:22:42,-1,1,2,上完课半年了，还是念念不忘。
51524,3438,叶晔,2017-06-07 03:04:41,1,3,2,君生我未生，想嫁不能嫁
53144,3438,叶晔,2017-06-26 04:50:22,2,5,3,说好的班主任被抢走了T^T
59596,3438,叶晔,2017-09-24 11:33:25,-1,1,2,老师对同学的讨论课展示点评很温和，不足的地方会细细指出，课后向他请教问题会很详细及时地回复！
60892,3438,叶晔,2017-11-01 14:45:18,0,1,1,竟然有一节课睡着了真是罪过！超喜欢叶晔老师啊！！特别喜欢！！！上课真的超可爱！！！！啊听说结婚了是很绝望了。
64245,3438,叶晔,2017-12-22 02:08:18,-1,0,1,本来要当我班主任的嘤嘤嘤。难过?
65610,3438,叶晔,2018-01-07 08:02:46,0,1,1,爱死叶晔了呜呜呜呜\n\n三生有幸上他的课！
66451,3438,叶晔,2018-01-24 11:08:11,-1,0,1,表白老师！真的能学到很多东西！老师超帅啊啊啊啊啊！
67696,3438,叶晔,2018-01-22 05:25:49,-1,0,1,老师是你越听越有爱的那种。真的，很值得，认真听能学到很多东西。真真是一种儒雅却内蕴点骚气的感觉，哈哈，很能俘获少女心。
67703,3438,叶晔,2018-01-22 05:32:38,0,1,1,超级超级好的老师温文尔雅平易近人，可超级棒的啊，喜欢水课但从来舍不得水他的课。
67730,3438,叶晔,2018-01-22 06:06:30,2,4,2,天哪，真的是太好了，太好了，太好了！！！虽然作业有些难，考试不是很简单，但是就是很好很好很好，天哪！！！他太好了！
67755,3438,叶晔,2018-01-22 06:36:46,4,6,2,出成绩了4.8，啊啊啊啊男神我爱你！第一次真的很认真地写了论文，为了论文真的去看了相关书籍。很后悔没有好好珍惜每一堂课，没有好好看完每一本男神推荐的书籍，没有真的很认真地先读书再思考再写论文。这份工作留到寒假吧。是他让我坚定了留在汉语言的决心，是他让我感受到了真正的学术的魅力。正式考试有题目没答到点子上（他上课讲过的）难过了好久，觉得对不起他，但是现在……真的很满足。
67814,3438,叶晔,2018-01-22 07:45:29,0,1,1,就是要给男神疯狂打call！！\n\n上课虽然也会水手机，但真的有不少受益！！！
67917,3438,叶晔,2018-01-22 09:59:34,0,1,1,男神男神！可以学到很多东西，人又温柔有趣，超级帅的，希望以后还能上老师的课*٩(๑´∀`๑)ง*
67918,3438,叶晔,2018-01-22 10:01:19,0,2,2,男神老师，唯一一节做笔记的课，就算其实老师根本不会管那么多也不舍得翘，虽然后来还是水水的过去了，虽然绩点希望能更高但是也很不错！
67958,3438,叶晔,2018-01-22 11:34:19,-5,2,7,男神，名家名作课水，事儿稍微有点多，分高
72094,3438,叶晔,2018-01-29 10:26:23,0,1,1,给分好，老师好人！
72179,3438,叶晔,2018-01-29 13:58:40,0,1,1,老师可爱  认真做笔记的课  给分也不错
73000,3438,叶晔,2018-01-31 14:21:27,0,1,1,不多说了，叶晔男神！
73634,3438,叶晔,2018-02-02 07:08:30,0,1,1,十分二刷
74899,3438,叶晔,2018-03-06 09:59:30,0,1,1,棒 有趣 博识 男神
79337,3438,叶晔,2018-05-31 06:07:09,0,2,2,我真的太爱叶晔了。永远的男神！
80132,3438,叶晔,2018-06-20 10:31:42,0,1,1,最有魅力的老师没有之一。给分也超棒，是我大一时收获最多的课了( •̀∀•́ )。
82581,3438,叶晔,2018-07-08 14:42:29,13,15,2,名家名作是大一上学期绩点最低，明清文学思潮是大三全年绩点最低。但我还是给老师10分，0分留给自己。(´;︵;`)
82588,3438,叶晔,2018-07-08 15:07:01,1,3,2,男神啊啊啊~\n\n助教也超帅！比心！
82589,3438,叶晔,2018-07-08 15:17:37,13,15,2,明清文学思潮研究，一定要上！诸君，助教杜博士实在太太太太太太太太太帅了！！！
82593,3438,叶晔,2018-07-08 15:31:38,8,9,1,叶晔老师大家都夸够了…我来为助教杜欢小哥哥疯狂打电话啊啊啊啊啊！人文学院博士第一酷帅！！！
82612,3438,叶晔,2018-07-08 17:07:13,0,3,3,虽然句读真的使人头秃，为了期末作业熬了好几个晚上但是，这门课收获也太多了叭，老师真的是男神了，助教也超帅啊啊啊啊，最后的给分也很对得起自己掉的头发了，疯狂打电话！
98142,3438,叶晔,2019-01-23 06:15:43,3,5,2,虽然我的十分无法增加老师的优秀\n\n但我还是要用十分表达我的爱
105172,3438,叶晔,2019-04-06 03:08:35,-23,5,28,有点花的，女生小心了
109985,3438,叶晔,2019-06-21 02:57:37,5,6,1,明清结课了。虽然自知论文与最投入的同学相比有一定差距，小组作业也做的一度吐血，但投入与产出成正比，老师宽容儒雅，上课有意思，第二次上老师的课了，感谢老师包容～
110600,3438,叶晔,2019-06-27 15:02:33,2,5,3,小组作业的材料量分配不均且差异极大，有的组工作量是其他组的四到五倍多，这点蛮过分的。别的也就算了……
112282,3438,叶晔,2019-07-04 00:40:49,2,3,1,老师给分也太好！以为自己的论文根本就是学术垃圾，老师还能给予这么好的分数我心满意足了.大爱叶晔老师！
112847,3438,叶晔,2019-07-05 05:50:31,-8,1,9,呵呵呵
113652,3438,叶晔,2019-07-07 02:06:58,3,5,2,枯了，我爱叶晔老师，虽然要求高（也就是说我绝对不敢上他的古文史3），但是真的很喜欢很喜欢很喜欢他的治学研究态度，而且好好好亲近大众，完完全全的文人儒雅风度，做了努力一定会有回报。总而言之上过明清，我收获了很多。
115389,3438,叶晔,2019-08-10 08:24:58,-25,3,28,咸湿恶心
124171,3438,叶晔,2020-06-26 09:48:03,4,4,0,呜呜呜男神给分太好了，我哭了
126858,3438,叶晔,2020-10-25 08:05:23,1,1,0,很不错，学识广博，儒雅端正
129724,3438,叶晔,2021-01-11 12:35:56,7,7,0,这学期的名家名作，因为转专业大二才上这门课，感想就是中文系有叶晔老师实在没白来，很有才华很有风度长得也帅。考核方式这次是期中论文加上期末读书报告，算不上好写，但水还是可以水过去，可是怎么舍得呢？一想到可能是叶晔老师看我的论文（即使我写的是真的垃圾），就忍不住笑出来。每当有人说没有什么是完美的，我：叶晔老师，谁能不爱叶晔老师！！！
129899,3438,叶晔,2021-01-13 10:05:30,7,7,0,希望文学能成为各位生活中的一块自留地；\n\n希望文学能成为各位对人生的一种新观看；\n\n希望文学能成为各位学习科研的一种视角。
129978,3438,叶晔,2021-01-14 10:24:31,1,2,1,这辈子能有幸遇到叶晔老师，是我极大的荣幸和福分。
130935,3438,叶晔,2021-01-25 09:32:02,0,1,1,中国文学名家名作，绩点4.2，平时根本没学，两篇论文也都是压着ddl交的，大爱男神叶晔
131248,3438,叶晔,2021-01-26 23:28:13,2,2,0,呜呜呜男神 我真的爱了 发邮件给他他很及时地回复，同学下课有问题总是很认真地回答。这才是真正的文学课，爱了爱了\n\n希望以后还有机会上男神的课\n\n男神给分好好 ！！！
131653,3438,叶晔,2021-01-28 10:24:17,2,2,0,老师课上的很好，人也很好，温文尔雅，幽默风趣，不点名都舍不得翘课，事情少，给分也不错，论文认真写肯定能上四
131907,3438,叶晔,2021-01-29 09:49:34,1,1,0,叶老师真的男神啊 给分也很好
132324,3438,叶晔,2021-01-31 17:35:43,0,0,0,老师给分挺好的~
138532,3438,叶晔,2021-07-09 15:58:12,3,3,0,明清文学思潮是这学期最认真的课了！作业确实很费时间，但是很有意思！老师给分也超级好！舍不得男神！
13345,3441,廖备水,2015-12-27 06:18:05,13,15,2,挺负责任的老师，上课不按课本来讲，问他题目也会耐心解答，对于不听讲坐在后排的同学偶尔会有点小生气，课上会有比较简单的小测验
13815,3441,廖备水,2015-12-31 09:12:30,29,35,6,老师真的好好！好好啊！真的太好了，我已经无法描述。。总之超级有耐心，讲的也很有趣，还会给我们整理复习题，还会祝我们各种节日快乐什么的。超级可爱啊啊啊！
13817,3441,廖备水,2015-12-31 10:09:37,16,17,1,舍友一疯了一样推荐，那我也觉得很不错，耐心又可爱\n\n
15628,3441,廖备水,2016-01-16 01:41:55,11,12,1,非常好的老师。一开始还觉枯燥，后来越来越喜欢。期末是每个老师自己出题，感觉还蛮简单，把讲的内容理解清楚就行。考完了跟老师再见，他超级萌的挥手。希望分数好
15778,3441,廖备水,2016-01-19 02:58:59,0,6,6,给分略坑 不知道为啥 人还是蛮不错
15847,3441,廖备水,2016-01-16 12:17:48,18,18,0,你们见过在群里一直不停耐心答疑温柔又朴实的老师吗！真的是亲民！是他是他就是他
15950,3441,廖备水,2016-01-16 16:45:15,10,11,1,老师特别可爱，讲的也好，特有耐心。天然呆！我超喜欢。而且考前在群里答疑特别有耐心。
16464,3441,廖备水,2016-01-18 06:55:49,6,6,0,感觉老师挺学术的，上课表达不是很清楚。但是认真听还是有收获，会有作业。给分好，好好学有回报。考试较容易。解答耐心负责。棒！
16809,3441,廖备水,2016-01-19 04:15:55,0,3,3,棒 要选
16841,3441,廖备水,2016-01-19 05:14:56,-8,2,10,给分很好，我这种期末突击然后上了4感恩
17080,3441,廖备水,2016-01-19 14:32:24,5,5,0,老师人好好的
17662,3441,廖备水,2016-01-20 15:01:30,-2,7,9,给分实在坑。人是挺热情的，课件内容也很清晰，但是听课实在容易让人犯困。笑点略奇怪。
19554,3441,廖备水,2016-01-24 16:21:03,1,2,1,老师人真的超级好，会很耐心地在群里回答问题。上课虽然有的时候会被自己弄晕，但总之还是很清晰的。只要把上课内容都弄懂考试一点问题都没有！推荐逻辑学导论课！
22126,3441,廖备水,2016-03-02 12:09:18,4,4,0,老师人真的很好啊，答疑很耐心，会在群里给ppt，最后考试也不难，我和我旁边的孩子4.5，，4.8，而且这门课也很好玩儿的
23230,3441,廖备水,2016-03-22 09:01:12,0,11,11,说得不清不楚
23488,3441,廖备水,2016-03-31 11:49:49,3,3,0,男神老师，他上的逻导是我最喜欢上的课。上课非常耐心，讲课很容易懂。    ps：老师有些迷之唇色(^-^)/
122779,3441,廖备水,2020-04-16 03:33:03,6,6,0,甚至想为了这个老师去读逻辑的研究生
133367,3441,廖备水,2021-02-26 11:06:01,3,3,0,老师可可爱爱呜呜！问问题特别耐心！
156250,3441,廖备水,2022-06-18 13:17:39,4,4,0,呜呜呜，数理逻辑好难，考试不知道该咋办了，救救孩子吧！绩点上4就来还愿！
158345,3441,廖备水,2022-06-28 13:18:11,0,0,0,呜呜~感谢老师海底捞我
158565,3441,廖备水,2022-06-30 08:42:49,7,9,2,【人工智能逻辑】\n\n1.没学过离散或者命题逻辑这些的还是算了\n\n2.第一次开课，没有中文教材，只有老师自己的中文ppt，说实话难度还是有的。但是讲的内容和考试内容确实不深，把ppt全理解了就行，最后90+(谢谢老师和助教，担心了一学期要暴毙)\n\n3.内容其实感觉纯逻辑知识，和ai关系不大，或者说关于之间怎么联系与应用的讲得不是很多，可能是第一次开课，到期末发现这方面来不及讲了\n\n4.每次课后作业只有一点点，但需要理解上课内容，理解的话很简单，不理解的话比较惨\n\n5.老师人很好，助教邵牧云私下问问题也很好\n\n6.每节课10分钟点名题，不能不来
158812,3441,廖备水,2022-07-02 11:37:39,-3,2,5,人工智能逻辑\n\n老师很好，强烈推荐。但是是我太差了，最后只有3.9
177368,3441,廖备水,2023-07-03 04:55:28,4,4,0,老师的数理逻辑课每周都有随堂小测，而且这门课本身也蛮顶的，所以建议外专业的同学慎选。
184567,3441,廖备水,2023-12-21 17:32:07,8,8,0,认认真真做学术，给人勤奋乐观的感觉，喜欢！
193205,3441,廖备水,2024-06-04 12:00:04,2,2,0,人工智能逻辑，很有学者气息的老师，很可爱，人很好
195954,3441,廖备水,2024-07-01 02:42:01,1,2,1,人工智能逻辑：24年助教hyn姐姐真的是神好吧，从期末和总评来看平时分应该是几乎给满了。\n\n老师人很好，在认真听学生意见改进课程的质量。（上一届学长聊到作业有点多，这一届就很少了，平均每周半小时左右）\n\n成绩构成是平时成绩（十五次作业加十五次小测）40%，期末60%。第二周开始每周都有课前小测。\n\n期末考试的内容比较简单，不会超出平时讲课的内容，课上觉得比较难的点期末大概率不考的说。\n\n期末考题是概念+判断+大题。概念考的会有点细，指望不了全背会，最好还是平时上课听一听然后都有个大概了解，能大概写一些就给分了吧（笔者当时连演绎推理、攻击、贝叶斯规则都记不起来了，胡乱写的）。判断和大题听了课，做了课后题还是比较好拿分的。\n\n这门课期末想拿个比较好的分数还是听听课吧，算是听课回报率相当高的一门课了，自学的话还是会有不少想当然的问题。并且老师比较求是，期末基本不会捞，寄了就真寄了。
14619,3443,真大成,2016-01-08 03:24:26,5,18,13,上课挺有意思的 而且人萌萌哒 汉语与古代文化觉得见了不少奇葩的知识 期末一篇论文 不过给分还不知道～
15082,3443,真大成,2016-01-21 15:06:43,-3,6,9,好好好老师
15148,3443,真大成,2016-01-12 08:10:52,6,8,2,刚刚过
17795,3443,真大成,2016-01-21 01:45:27,-3,8,11,老师上课挺有意思的，只期末一篇论文，但给分相当不错。
21712,3443,真大成,2016-03-01 01:09:32,-1,8,9,课有点水，讲的还不错，最后评分挺好的。
24442,3443,真大成,2019-02-21 17:10:47,-17,14,31,期末一篇论文，只签到一次。认真听还是有收获的，从六书讲起，有一些关于汉语的专题。不过老师我建议可以减少两次展示耶！给宝宝满绩了！满绩了！第一次太激动！
25128,3443,真大成,2016-05-06 01:52:02,-2,6,8,老师讲得很不错，作业要求很清晰，课堂展示也是自愿。给分也不错！
26248,3443,真大成,2016-06-16 11:37:29,-3,5,8,上课全当放松?深入浅出，旁征博引，炒鸡有趣，老师开明，给分特别棒。期末就论文和展示，展示自愿，很轻松～
27539,3443,真大成,2016-06-27 03:04:45,-2,6,8,上课很有意思，期末一篇论文不求深刻只求个人思考，给分很赞，老师满腹经纶，也喜欢跑步～（汉语与古代文化
44647,3443,真大成,2017-01-18 05:23:26,-6,9,15,古代汉语 真天使
44687,3443,真大成,2017-01-18 06:23:15,-3,6,9,古代汉语，老师超级棒，给分好
72440,3443,真大成,2018-01-30 06:37:37,16,21,5,绝望，说好的好老师呢？我遇到的是假的吧，给分低出翔，我天!
75191,3443,真大成,2018-03-08 02:33:50,5,5,0,。。。
95361,3443,真大成,2019-01-19 09:04:34,-4,8,12,老师真的太太太可爱了！给分也很好！
95366,3443,真大成,2019-01-19 09:18:31,-2,5,7,老师超级可爱的！提问互动很多很及时，给分也超好！
95374,3443,真大成,2019-01-19 09:30:52,9,16,7,古代汉语2老师讲得很好，学到很多，我自己差，成绩真的很烂，虽然认真听讲认真做笔记认真背书认真复习，结果还是很差。都是因为自己不努力，没其他原因了。
95435,3443,真大成,2019-01-19 11:37:49,15,24,9,想问问老师期末题出成这样有意思吗：-）还反复强调很简单的不用复习，只觉得辛辛苦苦背的书都喂狗了
95567,3443,真大成,2019-01-19 15:33:56,0,12,12,古汉二：不点名，偶尔留课后思考题（上课抽人提问），期末一个考试（好好复习绝对好过）。然而这都不重要，老师人超可爱，热情（活泼？）耐心还有点点小皮，上课细致有想法，讲得比较慢，不会有哐哐灌水的感觉。所以不管老师给我多少分我给老师都是满分。明年校勘学还要约！
96332,3443,真大成,2019-01-21 00:25:46,9,14,5,古代汉语2，绩杀
96852,3443,真大成,2019-01-21 10:47:40,15,22,7,古代汉语II 期末题大多从课外出的。 作为一名留学生 我真的很绝望 我背的都是课本上有的啊！刻苦的看书 、古语又很难懂。再给我几年时间 还是这样出题 我怎么会过？自己已经做得最好了、我不知老师在想什么。哎～多说了也没什么用。
99955,3443,真大成,2019-01-25 10:42:11,-2,5,7,上课讲的很细致，知识涉及很多，因此考试也是如此。并且考试成绩就等于总成绩，所以要求还是蛮高的吧。
106658,3443,真大成,2019-04-28 22:51:18,-8,5,13,老师人很可爱 不乱给分 期末卷子略难 有研究生入学考试题 上课气氛好  大家可参考着选
109629,3443,真大成,2019-06-18 04:21:58,15,17,2,校勘学原本定好7月1号交的作业改到了这周四，虽然理解老师很生气，但是我也挺生气的
109640,3443,真大成,2019-06-18 06:15:18,25,27,2,为什么没有零分
109658,3443,真大成,2019-06-18 07:39:01,15,16,1,我知道老师对于校勘作业生气，但是把ddl提前11天，我也觉得挺荒谬的。事情总归分个轻重缓急，18 19 20连着三篇论文要交，原定20开始写校勘作业，这下好了，从现在开始还有两个夜可以刷，也不晓得能不能搞完八卷。已经为了论文熬了一个多星期，在这里问问有没有约着一起刷夜的朋友，万一出什么事情还能帮忙打个120.
109661,3443,真大成,2019-06-18 07:40:09,36,43,7,平心而论老师的课干货没有我想象中多，但这不是我打低分的理由。一个老师，首先应该是个正常人，一个正常人，首先该有稳定的情绪和最基本的共情能力。真可惜今天老师的言行让我感到无比失望。原定7.1交作业，我们都非常感激老师愿意体谅我们，然而今天突然说因为大部分同学还没开始做作业就盛怒之下把ddl提前到后天？中文系期末有多忙您也知道，我们大部分人都已经按照ddl安排好了自己的学习计划，我们是真的希望能在写完那些日期更为紧迫的论文后认认真真做您的作业保质保量完成，可您这么一来，对您最直接影响到的不就是您看重的作业质量。我们不是只有您的作业，总要根据ddl有个先来后到吧。行，刷夜呗，这命我不要了。
109674,3443,真大成,2019-06-18 09:06:27,27,28,1,课讲的不错，但是真的有点虚伪，说着体谅学生，作业晚点做交上去不就好了嘛，大家都忙，说好了的ddl一发脾气突然提前，真的不好啊，考虑过同学和周三上课那些老师，课上发现学生都在写校勘学感受吗？而且我真的感觉这个老师虽然人还是不错，但思想不够包容，气量有点小。
109677,3443,真大成,2019-06-18 09:41:53,8,10,2,我太天真了……
110205,3443,真大成,2019-06-24 12:28:10,-1,6,7,也不至于7分一下吧hhh
111784,3443,真大成,2019-07-02 22:48:07,0,15,15,真老师人是真的好。古汉二每一个知识点都出自ppt和课本（不服来辩，我拿到卷子就知道了，每一个点都在课本和ppt里出现过），那些说出自课外的，那是自己死背书还怪老师。当然不可否认ddl提前的那个问题确实存在。首先是立场：ddl提前确实不对。但是我觉得老师是被学生激怒之后情绪失控。因为我了解到有的同学理直气壮漫不经心根老师说（不用我点名了大家都知道是哪位）自己什么都没做。事情是躲但是你不能好好解释吗？非要态度随便激怒老师，设想哪个老师在这样情境下不愤怒？
112930,3443,真大成,2019-07-23 22:45:34,-19,16,35,课上的水还不尊重学生，就知道看好看的女生，死秃驴，老色鬼
113247,3443,真大成,2019-07-06 02:40:12,-6,4,10,安利校勘学
115435,3443,真大成,2019-07-23 14:59:24,-2,3,5,还阔以
115438,3443,真大成,2019-07-23 23:52:12,12,12,0,给分说实在的还可以 但是老师有点意气用事了 有点故意
115439,3443,真大成,2019-07-24 00:48:04,3,5,2,校勘学:老师课讲的挺有意思的，给分也蛮好的。突然提前是有不对的地方，但是部分同学态度确实有问题。最后老师也把时间改回来了，我觉得老师怎么着也不是6.9的水平吧…………6月之前还8分来着…
118698,3443,真大成,2019-10-31 00:00:25,-1,6,7,讲课还可，然而另一个老师的课甚至会随机掉落一个张涌泉，选课的时候还是要考虑清楚。\n\n古汉鼓励恶竞，老师完全不觉得鼓励学生两三周一次的作业都最好要写十几页有什么问题。唯页数论，是页数不是字数，想把作业写精一点的同学省省吧，只要页数多，把庄子内外篇不加说明地总结作者习惯用语都可以。研究先秦语料，不分析左传吕氏春秋分析庄子也没事，只要你页数多，就是精品。\n\n你的观点和过程都不要紧，页数够多就行，时间紧张的同学就不要选了。\n\n上课偶尔会有小测当点名。\n\n
122419,3443,真大成,2020-02-27 02:06:26,0,3,3,讲课很明白 深入浅出 考试也不难 谢谢谢谢
126119,3443,真大成,2020-09-18 00:19:31,-15,8,23,老秃驴
131885,3443,真大成,2021-01-29 14:05:23,3,6,3,无力吐槽了
131893,3443,真大成,2021-01-29 09:02:24,0,2,2,老师上课还不错，事情不多，上课会小测当点名，偶尔有作业，不过作业不多，也就2/3次思考题。\n\n比较难顶的是考试（别相信老师说的简单hh），通论很重要，尤其是古书的注解，课本ppt也要背，关注通假字、注释等等。\n\n最后，关于给分，我的还行，感觉被老师捞了一档，但身边很多同学都炸了，应该是老师出的题目比较出其不意。\n\n相对来说，fyx老师比较安全，会捞，zdc老师讲得不错，收获比较大。供参考。
132053,3443,真大成,2021-01-30 04:28:14,-10,8,18,臭傻逼
145918,3443,真大成,2022-01-04 10:45:14,0,4,4,不点名，有小测，但小测不算分，也会有一两次平时作业，不过分数只看期末考。考前会划重点，基本就是考划到的，考前补天了分数就很不错，不用太担心！老师平时讲课也蛮有趣的，完全可以选！
145998,3443,真大成,2022-01-05 02:57:58,5,6,1,不知道是不是老师调整了教学方法，感觉我们这学期遇到的真老师和评论区展现出来的完全不是同一个？老师真的蛮可爱的，平常上课思路很清晰，复习起来也很轻松，考前划重点，最后试卷题都讲到过，也比较容易。但并不意味着可以水，因为给分是公平的，试卷简单也要努力才能达到预期。
153984,3443,真大成,2022-05-18 11:58:55,0,3,3,马保国的真正大成拳！太极拳高段！嘿，哈！
162505,3443,真大成,2022-11-23 21:01:00,2,9,7,只能说人品不太行
170314,3443,真大成,2023-03-02 17:44:46,-1,3,4,很温柔很可爱的老师，对学生的要求合理地严格（或者只是在要求他的合格？hhh）刚开始很害怕老师，后来觉得自己确实太拉垮，emm，而且觉得老师很关照大家，是觉得很感谢的。其实吧，我感觉我们做学生的，要老师体谅我们，我们也要多体谅老师，我们喜欢好的老师和老师喜欢好的学生是一个道理，要把自己作为学生的分内事做好了，期望的成绩或者结果应该差不多也就如愿了。共勉～
174500,3443,真大成,2023-06-13 08:30:53,10,10,0,校勘學，講課速度實在有點慢，上課有點水（很喜歡把一句話來回重複說）。説要展示，一開始說希望大家自願報名，結果到了周一晚上九點公佈了抽到了周三展示的人的名單？？？？？（問就是我被抽到了）本來打算之後再做大作業，還在準備西方文論課堂考試呢，好嘛……這個期末周有校勘學而精彩……
187945,3443,真大成,2024-01-18 01:09:11,2,3,1,不管以前怎么样，这学期真老师的课可以说是我收获最大的专业了，老师很专业，学术水平和授课能力都摆在那里，讲课确实算古代汉语里比较有趣的了。而且考试只要平时好好听，记笔记，期末复习笔记（ppt）问题就不大，老师也会稍微捞捞，完全没我想象的那么严格。
187951,3443,真大成,2024-01-18 01:27:44,3,5,2,呜呜呜100分，大学第一个100分，太感动了呜呜呜呜\n\n总的来说，真老师的古汉课很注重从课本进行扩展，然后严格来说其实讲的课文不算多，书上的字词复习比较轻松。特别需要注意的就是每节课要认真听！一定要去上课！然后老师的ppt也要注意看。真老师考前会划范围，这个也要着重记\n\n上课认真听！考前认真复习！一定会有个好成绩的！\n\n再次感谢真老师！！
188879,3443,真大成,2024-01-20 11:04:27,0,1,1,老师上课可能内容量没有那么大，当然我觉得古代汉语这种课程也确实没有必要将文选从头到尾讲一遍，所以我还是非常喜欢真老师这种有点水水的上课节奏的。跟着老师可以学到很多文献学的一些内容，期末考试题不算很难，只要你去认真上课了，看了PPT，上4基本没问题。
201747,3443,真大成,2024-11-06 02:33:08,2,2,0,老师挂名的人文社科概论，虽然通知了要写期末论文但迟迟不告知提交方式和时间，然后在7月5日晚上告知我们论文要在7号前完成，只能说不要拖延把…
202613,3443,真大成,2024-11-13 11:09:28,-1,0,1,人社概论满绩了 谢谢
202702,3443,真大成,2024-11-14 02:32:12,1,2,1,哦敬爱的老师，您不给要求并在截止前两天说要交论文，让学生获得了快速写论文的能力，您的打分也十分喜爱卡绩
209343,3443,真大成,2025-01-05 12:58:20,1,2,1,古汉2，整体内容不是特别多，对所讲的文选中的字词讲得很细，会重复很多遍叮嘱大家记住，没什么听课压力~\n\n考试内容85%都是原原本本讲过的，剩下的15%也可以在PPT上找到，只是要稍微灵活运用一下。\n\n总体来说出题不为难大家，给分也超棒！
209517,3443,真大成,2025-01-06 07:14:05,0,4,4,不知道之前怎么样 反正今年明显捞我们了 考试只需要好好准备不会差的 老师上课也娓娓道来 很清楚 支持
210077,3443,真大成,2025-01-08 06:00:28,1,1,0,给这么好的分是想让我们过个好年吗
211850,3443,真大成,2025-01-12 17:00:28,5,6,1,纯双面人，品德败坏
215428,3443,真大成,2025-02-26 05:31:27,3,3,0,不怎么滴感觉，有点虚伪
16953,3447,张杨,2016-01-19 09:59:49,10,10,0,老师很认真，但是我没学好。。。对不住老师
16964,3447,张杨,2016-01-19 10:15:02,8,10,2,老师太棒了！！！又有学识又有气质！！！
17598,3447,张杨,2016-01-20 12:54:59,5,5,0,满满的收获
18810,3447,张杨,2016-01-22 14:46:36,3,3,0,满分100的话 给老师99分 剩下一分怕她骄傲【老师很赞】
22080,3447,张杨,2016-03-02 09:34:57,2,2,0,老师棒！浙大少有的好老师
22155,3447,张杨,2016-03-02 15:35:21,6,7,1,当我第一眼看到这个老师的时候我就决定世界文明史的课一定不能翘！！！太有气质了！！！而且学识面非常广，尤其是对于冷战史。而且很有亲和力啊，每次有问题发信息一定是有问必答的。总之，选了她的课一定不会亏啦
22279,3447,张杨,2019-02-26 07:59:07,2,4,2,人真的很好!讲得略平淡，但是对自己的研究部分-冷战史讲得真棒！喜欢其他时期历史的可能会不太喜欢。
142178,3447,张杨,2021-11-08 07:49:07,3,3,0,很可爱的老师，脾气超好！温柔有气质
142738,3447,张杨,2021-11-15 15:53:23,14,14,0,真的是超级温柔又超级大佬的老师，在上课的学期看到学院公众号上也在推老师的论文，老师可以说是出口成章了。我自认是视野很狭隘的人，上了老师的课之后感觉很受到启发。是那种让人舍不得水手机，只想认认真真看着屏幕听老师讲的课程呜呜呜呜好喜欢张杨老师她也太温柔了吧，永远耐心地听同学说话。本来老师说会正态我真的巨担心，虽然但是，听课的过程中因为确实学会了很多，到最后就是一种“哪怕被正态掉也心甘情愿了”的感受，可是老师居然给我满了…我自己觉得自己的论文写的有很多不足的地方，唉就是，又感激又惭愧\n\n因为每一节课都是享受，只觉得老师每一句说过的话都能发人深省，于是只好认认真真地记笔记。最喜欢的是她讲知识冷战那一节，虽然当时她说感觉同学们好像没什么兴趣…其实真的很吸引人！\n\n“不要有知识民族主义，而要有本土化接受的理解——必须考虑现代化进程中的本土需求因素”\n\n“知识结构是如何生成的，我们在接受的时候也要有一定的审视和批判”\n\n联想到最近的课程里某位老师也告诉我，我们的历史常识往往不能反映出历史的原貌——但正是如此，我们在触及它们的时候，才能越发感受到其迷人所在。
142803,3447,张杨,2021-11-16 08:39:09,2,2,0,张杨老师真的超好
145849,3447,张杨,2022-01-03 08:56:42,3,3,0,老师很温柔，感觉老师的冷战史论文比较希望每个人根据自己的专业，写出带有不同学科特点的论文
172163,3447,张杨,2023-04-21 03:03:16,0,0,0,喜欢我们所长！上课真得很有启发性，有些观点和史学的介绍完全是开辟新世界，真得能感觉到大学对人生所谓的启发和塑造作用。本学年新开“全球史视野下的中国和美国”，考核方式是读书会+考试。读书会很有意思2333，一种真·圆桌讨论课。考试……嗯，考试就是考试（看到题目的时候所有人都being shocked，能感觉到到悲愤交加的大象在房间里冲破天际）。
173346,3447,张杨,2023-05-20 13:07:14,0,0,0,张老师你是我的神～～～
204744,3447,张杨,2024-11-27 14:53:34,6,6,0,张老师现在去复旦了。作为上过她课的学生来说一句：张老师在学术上态度严谨，研究很扎实，绝对是国内一流的；上课也是十分认真，不仅让我学到了很多冷战史的知识，更促使了我超出历史知识之外思考了更多人的主体性问题。
204746,3447,张杨,2024-11-27 15:05:11,6,7,1,女神老师补药走啊~~~浙大人文社科又折损一员大将，djf这个老东西没有人文素养不代表文科不重要
17280,3484,彭国翔,2016-01-20 03:30:05,7,10,3,会叫起来回答问题，不过课很充实
17355,3484,彭国翔,2016-01-20 05:36:02,18,25,7,彭老师超级有才，讲课很棒，经典世界下的儒家哲学是我上过最喜欢的通识，给分不错。老师我宣你
17451,3484,彭国翔,2016-01-20 08:36:10,11,13,2,老师是大牛，绝对的。
18272,3484,彭国翔,2016-01-21 11:04:52,6,15,9,是我目前绩点最低……
27166,3484,彭国翔,2016-06-23 09:37:52,1,2,1,亲自开课，鼓励分
28190,3484,彭国翔,2016-06-28 08:14:23,5,6,1,老师蛮帅的
32221,3484,彭国翔,2016-07-06 03:33:50,14,17,3,给老师九分 不能再多了 老师很厉害 是有真学问 但是 我就是想问问有没有1.5的...
32238,3484,彭国翔,2016-07-06 04:29:47,0,4,4,给分差
32831,3484,彭国翔,2016-07-16 10:56:00,2,2,0,还行呢
41411,3484,彭国翔,2017-01-11 10:54:54,0,0,0,给分不好
48713,3484,彭国翔,2017-03-10 02:34:55,0,0,0,好老师~
65098,3484,彭国翔,2017-12-29 00:20:07,1,6,5,彭国翔只有七分多……所以说浙大文科垮掉不是没有道理的
77302,3484,彭国翔,2018-05-04 12:37:52,8,8,0,哇塞老师简直男神！讲儒家讲的我一个理工的都觉得超级透彻有意思！大赞！真的学了好多东西，老师的人格魅力超强，我人在玉泉，这门课在西溪，愣是一节都没翘全去了，真的太棒了！注：我选的是宋明理学，4.8，可能那个什么儒学经典的课给分低吧，但宋明理学这门课真的，太值了！！！
89069,3484,彭国翔,2018-11-15 05:34:09,1,8,7,反对楼上所说“给分这么低，浙大文科垮掉不是没有道理的”按你这么说，要求所有老师给满分，浙大文科就能成为宇宙第一了？彭老师是大牛，做事也很公正，如果你是上课认真、写论文认真(当然这不等于论文写得好)、论文写得好，那你大可不必担心得不到一个好看的分数。为混绩点而选彭老师课的同学，请绕道吧。
104398,3484,彭国翔,2019-03-19 12:42:31,0,0,0,彭老师很棒，有学问又儒雅，只是有一点点腹黑
152634,3484,彭国翔,2022-04-16 15:39:41,5,5,0,彭国翔师是难得的好老师，学问扎实，为人儒雅，国际范，海外交流经验超级多，讲课有时激情澎湃，上课若是认真参与，是会有很多收获的。
170752,3484,彭国翔,2023-03-09 05:33:21,3,3,0,不喜欢中哲 但还是很尊敬老师
172593,3484,彭国翔,2023-05-04 09:29:42,0,0,0,靠感觉给分捏
174832,3484,彭国翔,2023-06-18 16:49:46,0,0,0,很好的老师
183861,3484,彭国翔,2023-12-01 11:04:34,0,0,0,很一般，基本都是按他的书讲。讲古代不成体系，讲近代错漏百出
24755,3569,张广海,2016-05-03 11:19:19,20,29,9,讲课+学生展示。不点名，做展示那节课到了就好了。老师很认真，就是展示部分规则稍作修改可能学生学到更多。论文认真写，给分不错。——现代文学思潮研究。
24769,3569,张广海,2016-05-03 12:56:20,15,22,7,张老师认真，严谨，在课堂上，在帮助同学上肯下大功夫，是真正负责任，有原则的老师。
24989,3569,张广海,2016-05-04 16:23:08,13,19,6,很好的老师！治学严谨、要求较高、乐于交流、很有情怀，回邮件很快～
25077,3569,张广海,2016-05-05 07:20:57,19,25,6,老师很负责任 超有学识
25135,3569,张广海,2016-05-06 02:52:57,4,9,5,很认真
25182,3569,张广海,2016-05-07 08:13:48,12,19,7,非常非常负责任且有原则的老师，会为学生的论文做指导。讲课也很好，但可能不会特别生动，但收获很大。论文认真写分还不错，但东拼西凑的论文在老师手下是绝对不能过关的～
25307,3569,张广海,2016-05-13 08:23:59,-32,11,43,老师上课很好，但给分太差了，每次课都去，老师明明说我们的论文和展示不错，结果竟然给了不及格，老师对留学生太不友好了！
26204,3569,张广海,2016-06-16 08:38:38,15,21,6,老师非常认真负责，真心希望同学能学到东西的那种。做展示会认真给你讲解可以深入挖掘的地方，还会提供参考资料给你。如果认真上的，给分相当好！
30177,3569,张广海,2016-07-01 04:46:19,18,26,8,我要澄清，不是对留学生不友好，你试着展示连续听5、6个留学生都讲新文化运动，而且照课本读它的意义什么的。听众表示无奈痛苦，老师是无辜的
41275,3569,张广海,2017-01-10 11:04:31,19,24,5,很好很好的老师。人很可爱，上课会卖萌，会给你讲现代文学史的各种八卦，对学生的论文提问超级耐心回复
44826,3569,张广海,2017-01-18 10:05:04,94,106,12,无论最后老师给了我多少分，我给老师的都是满分。
46957,3569,张广海,2017-01-23 05:31:18,49,58,9,非常认真的年轻老师，符合我印象中大学文科老师应有的一切条件。
46983,3569,张广海,2017-01-23 08:04:45,23,28,5,严谨，有趣，真诚，公允
46994,3569,张广海,2017-01-23 08:54:05,-34,6,40,也就那样
47035,3569,张广海,2017-01-23 10:16:48,9,14,5,真诚的老师，广博的学识。
47081,3569,张广海,2017-01-23 15:18:18,8,13,5,广海老师炒鸡好啊啊啊啊啊啊啊！
47095,3569,张广海,2017-01-23 17:32:02,-17,3,20,嗯。。
47100,3569,张广海,2017-01-23 22:19:11,10,15,5,张老师真的是一位非常认真负责的好老师！对待学生平易温和，课前课后会有很充实的材料提供给我们阅读。一学期下来感觉没怎么认真听老师的课，挺对不起老师的。
47359,3569,张广海,2017-01-25 11:50:36,-45,4,49,拿到4.8开心到爆炸，猛然发现周围无数个满绩的，哎。
47376,3569,张广海,2017-01-25 14:44:48,3,7,4,非常好，严谨认真，对学生也很好，严格但是蛮厚道的。只是……ppt的体系有点乱?不过重点该渗透的都渗透了。
48800,3569,张广海,2017-03-13 07:36:01,5,10,5,严于律己的老师 对学生很温柔很耐心 提的问题和发的邮件都会很详细很认真地回答 不点名 论文好好写 给分挺好的
49953,3569,张广海,2017-04-27 13:30:34,5,10,5,老师十分的可爱，课上的很有趣，一定不会后悔的(中国现当代文学创作与批评)
50599,3569,张广海,2017-05-03 23:45:01,5,9,4,是一位和学生距离很近的老师，没有代沟！认真完成论文和展示就能拿高分！上课也很有趣哦
50601,3569,张广海,2017-05-04 00:01:37,5,8,3,最喜欢的老师！非常认真负责
50677,3569,张广海,2017-05-04 07:31:32,7,11,4,老师严谨认真，对学生提出的问题总是认真回答，也很有想法。论文只要写出自己的想法，认真写，是不会差的。
50685,3569,张广海,2017-05-04 09:02:28,41,46,5,我见过的最辛苦的老师( ´﹀` )
59594,3569,张广海,2017-09-24 11:21:41,5,7,2,老师很有风度，会引导我们从大局来看待问题，很乐于和学生交流。
59597,3569,张广海,2017-09-24 11:39:58,5,8,3,老师真的超级棒棒有自己的思想敢于批判为海哥打call
64414,3569,张广海,2017-12-23 10:18:41,-16,5,21,心累…
66429,3569,张广海,2018-01-16 09:13:21,7,11,4,老师超级好，负责任，上课也很好，对学生态度也超nice
67538,3569,张广海,2018-01-21 13:03:31,45,52,7,张老师上课极为认真细致没有任何水分，知识含量极高，对待学术问题严谨，向学生展现了对待学术该有的态度，还训练我们解读作品、考据史实、校勘文字，并且课堂多见老师性情，颇有趣味；张老师非常能换位考虑学生的情况，作业和考试一点也不为难人，可以说是在充分考虑了学生的课业压力的同时，做到了最好的课程安排和讲授。个人看来这几乎是完美的教师和学者形象。张老师的课，只要自己态度到位认真听了，是绝对不会有被老师刁难的感觉的，收获会非常大。满分！
68112,3569,张广海,2018-01-22 14:58:27,4,8,4,很负责很认真！
71097,3569,张广海,2018-01-28 02:51:37,4,8,4,太好了，人好课好分好
71099,3569,张广海,2018-01-28 02:53:02,4,8,4,老师真的太好了！上课很认真，给分也很好！
71116,3569,张广海,2018-01-28 03:24:03,5,10,5,老师不错，考试太难了…而且还占百分之七十，填空题一大堆
72891,3569,张广海,2018-01-31 09:24:38,6,9,3,虽然最后分不高，但老师真的很认真负责，课上给的材料很全，会用各种野史给上课内容添色，很有趣。如果抛开学业压力好好学，一定会收获很多！
81388,3569,张广海,2018-07-05 03:18:38,4,8,4,有种莫名的人格魅力，想考老师的研究生。
81441,3569,张广海,2018-07-05 05:51:40,8,13,5,老师真的超级好！问老师论文的意见 特别特别有耐心，回复邮件超快。好想考老师的研究生
88414,3569,张广海,2018-10-30 10:58:33,7,11,4,温度温情并重的好老师
94746,3569,张广海,2019-01-18 04:59:49,7,12,5,刚考完，不管老师给我多少分，我永远给他满分!
97255,3569,张广海,2019-01-22 07:30:11,7,13,6,老师讲课很有章法，会给我们很多课下的阅读材料，最后给分棒棒哒！！！超级优秀超级负责的老师，好想考他的研究生，但竞争太激烈了！
98804,3569,张广海,2019-01-24 03:01:28,3,8,5,老师是最好的老师\n\n
99463,3569,张广海,2019-01-25 00:17:53,3,9,6,享受~
105914,3569,张广海,2019-04-23 04:18:32,3,11,8,人很好，很负责，很认真，也能搞笑，理想中的大学2老师
105915,3569,张广海,2019-04-23 04:19:58,9,17,8,老师真的超可爱超负责的。花了一个假期整理了课程要读的书目的PDF，因为之前讲理论这次讲作家作品论所以重新辛辛苦苦备课，上课各种作家的八卦哈哈哈哈（老师还特意强调都是有事实依据的），展示是外专业和汉语言分开分组的，感觉还是蛮公平的，上课可能会点名问一下读书感受什么的，不会很难，看过的不用紧张说说自己想法就好了。给老师比心
105920,3569,张广海,2019-04-23 06:09:35,31,43,12,太感谢也太爱这门课了\n\n非中文专业，原本只是想选一门有兴趣的课调剂一下我硬核课满满的本学期，没想到这门课是另一种形式的硬核，一个短学期二百多万字的阅读材料，绝好\n\n后来觉得整个春学期，只有在这门课上我才有真正的快乐嘻嘻嘻嘻我爱文学\n\n然后表白老师，最后给分真的好满足了，看着群里大佬们的神仙文章日常瑟瑟发抖\n\n最后表白一下17级汉语言文学专业全体，在课程群里可能只是窥见了你们一小部分的状态，感觉真的是有趣又有爱的集体呀～祝你们永远相爱哈哈哈哈哈
106862,3569,张广海,2019-04-30 05:26:59,2,13,11,老师非常负责！而且上课有趣，有名人八卦，也有专业知识
107231,3569,张广海,2019-05-02 12:57:30,9,23,14,广海有多好呢？就是你能想象到的中文系的老师应有的样子。学院派老师，认真，负责，幽默。
117703,3569,张广海,2019-09-29 08:43:28,7,24,17,广海老师讲课思路十分明确、内容丰富。此前在现代文学史课程的学习期间，读了很多老师推荐的书，这对我思想观念的转变产生了很大的影响。老师在课下也很热心、温和，给我提供了不少帮助，真的感激不尽。希望自己不辜负老师的期望，将来能够接近现代文学的研究。
123189,3569,张广海,2020-05-18 11:02:59,-61,17,78,爬吧dd
123294,3569,张广海,2020-05-30 15:12:26,-59,17,76,sb爬
123328,3569,张广海,2020-06-03 08:42:32,-75,19,94,怎么会有这么多人无脑吹呢？是没听过真正的好老师讲课吗？zgh也配？
123466,3569,张广海,2020-06-09 05:09:49,9,22,13,老师就是好咋滴
123469,3569,张广海,2020-06-09 05:13:54,33,47,14,广海老师超好的。\n\n不要信那个满嘴脏话胡言乱语的人，绝对是论文抄袭或者长期翘课没拿到高分，或者只是因为老师没给他满绩所以恶意中伤。恶劣的谎言，令人作呕，哕！
123470,3569,张广海,2020-06-09 05:16:49,10,26,16,张老师人超级好，对学生也很负责，上老师的课真的会有大学讲堂感。恶意刷差评的人内心得有多可怜？
123486,3569,张广海,2020-06-09 06:43:34,13,27,14,楼下骂老师的，这么好的老师都骂，你也配当浙大学子？
123760,3569,张广海,2020-06-14 00:19:26,-50,16,66,R.I.P 张广海
124165,3569,张广海,2020-06-26 05:58:47,-16,13,29,哈哈哈哈哈哈哈哈哈哈哈哈哈哈哈哈哈哈我服我服牛逼
124308,3569,张广海,2020-06-29 03:49:28,-46,14,60,还活着呢
124860,3569,张广海,2020-07-14 01:35:46,-48,12,60,别来浙大中文系祸祸了
124986,3569,张广海,2020-07-31 03:48:44,14,25,11,楼下那个诅咒老师的，希望所有恶毒的话都应验在你自己身上。（广海老师真的很好很负责！）
127452,3569,张广海,2020-11-23 07:06:09,-55,11,66,张广海大傻逼
128664,3569,张广海,2020-12-25 03:09:37,5,7,2,好！好！好!
130437,3569,张广海,2021-01-22 10:34:28,2,4,2,被卡绩了，难受\n\n老师讲得还是不错的
130896,3569,张广海,2021-01-25 07:32:41,10,13,3,怎么这么多给广海低分\n\n广海在我心里值十分
134223,3569,张广海,2021-03-19 16:12:22,9,11,2,张老师的课堂内容特别充实，也非常有趣。作为一名外系学生，通过老师的课对现代文学有了进一步的了解，对文学也有了不一样的认识。
134371,3569,张广海,2021-03-25 05:25:50,7,9,2,讲的很细致，老师也很好
136348,3569,张广海,2021-06-16 20:05:53,-18,4,22,。。。
145021,3569,张广海,2021-12-26 14:29:24,11,13,2,还没考试，外专业也不知道他出卷多魔鬼，但是不妨碍想给他生猴子（狗头）\n\n太有趣了好爱，而且会在钉钉群和同学们认真讨论，真的很热爱他的事业吧
145496,3569,张广海,2021-12-30 03:47:27,9,11,2,我就是喜欢张老师上的课，很有意思，很细致，很有激情，上课从来不会犯困。我觉得成绩都是自己努力得来的，是水平的一种体现，与做人无关。老师同学都如此。总之表白张老师！
148268,3569,张广海,2022-01-12 04:13:51,8,11,3,深刻的思想 谦和的为人 标准的口音 天使的给分 广海yyds！
148366,3569,张广海,2022-01-12 08:58:41,1,2,1,不错，真不错🙂🙂🙂
148463,3569,张广海,2022-01-12 14:31:52,6,7,1,讲课很棒！很有学养
149461,3569,张广海,2022-01-15 11:56:41,35,37,2,他让我确信，我成为了中文系的学生。
149464,3569,张广海,2022-01-15 11:58:57,24,27,3,会在课程群里非常非常积极地和同学交流，是我来浙以后碰到的和同学沟通最密切的老师。为人亲和友善，没有一点架子。课程的设计和讲授都非常非常出色！真的很喜欢老师~有这样的老师，是我浙之幸！
149695,3569,张广海,2022-01-16 12:20:08,4,6,2,太喜欢广海老师了 幽默风趣又平易近人
153186,3569,张广海,2022-04-26 12:47:43,8,10,2,怎么会有这么完美的老师啊🥺
155898,3569,张广海,2022-06-16 13:18:20,7,9,2,理想中的大学老师就是这样的吧！
155972,3569,张广海,2022-06-17 02:36:00,4,6,2,爱你老张
163098,3569,张广海,2022-12-07 08:32:32,2,3,1,很棒!
164870,3569,张广海,2022-12-27 05:11:46,3,5,2,我永远喜欢gh老师！
166014,3569,张广海,2023-01-10 21:54:49,4,6,2,有人文情怀还有本事的好老师啊好老师！！！
169914,3569,张广海,2023-02-28 11:10:32,9,10,1,张老师是我在浙大最喜欢的老师，他让我对文学有了极大的兴趣，在课堂上从不说一句废话，他说的句句都能一针见血，真的对老师讲解知识能力表示心服口服，极为重要的是张老师对我们每个人的表现都会给予积极的肯定，那样诚恳的认可会让我充满动力，同时老师的给分是相当滴公平公正，真的好骄傲自己遇到过这样好的老师！感谢张老师！真的极力推荐！！！！！！
171013,3569,张广海,2023-03-14 05:56:14,0,2,2,yyds
172525,3569,张广海,2023-04-28 14:29:10,2,4,2,广海老师，永远的神
172529,3569,张广海,2023-04-28 16:06:27,0,1,1,讲课内容有点多，讲得有点快
174153,3569,张广海,2023-06-06 16:07:58,4,5,1,非常非常非常好的老师，讲课内容丰富，风趣幽默善解人意，普通话非常好听，听他上课是一种享受，给分也很好～论文写的很惶恐也很差，但因为老师给了我一个不错的分数而感到自己浅薄的素养得到了一点点肯定，感谢广海！真的很喜欢。
175858,3569,张广海,2023-06-27 03:35:17,9,12,3,广海真君子也。
187235,3569,张广海,2024-01-15 17:38:48,-1,7,8,课讲得非常好 很有学问也很幽默的老师。\n\n可惜我被卡绩了 不过可能是因为我期末确实发挥不够好吧。。。
187237,3569,张广海,2024-01-15 09:25:00,-2,5,7,中国现代史文学经典选读：特别棒的一门课！考核是一篇3k字+论文和一次闭卷考，平时需要做一个简单的小组展示。其实只要每周稍微花一点时间跟上阅读，考试是不难的（我感觉考试只是老师想看看大家读书了没，只要体现自己真的读了就没问题）老师上课特别有意思，可以学到很多！我原先是一个很不爱读书的人，这是第一次静下心来读张爱玲、郁达夫、施蛰存、曹禺等作家的作品（考前有些没读的狂看补起来也挺快乐的），收货很大！总之特别特别好的课，只要对文学感兴趣，愿意读书就可以无脑选！（不愿意花时间读就绕道吧 是有几个因为没读书考试分太低挂科的呜呜）
187239,3569,张广海,2024-01-15 12:34:48,10,14,4,通识挂人，快逃！！
191501,3569,张广海,2024-04-24 01:47:24,1,5,4,非常负责任的老师！对学生真的太好了🥺现代文学思潮跨级选课很惶恐 我以后是打算做现代文学的所以平时每周会花很多时间读课程文献 确实很辛苦很辛苦 期末论文因为时间安排的问题（写得太早了还没get到精髓）没能写得让自己满意 但还是被捞了 感恩……anyway这不是最重要的 老师讲的很多关于左翼文学的内容都是还没发表的东西 非常值得做深入研究和思考 每节课容量都很大 上课脑子飞速运转 总之这门课让我第一次初步知道了现代文学研究的一种重要路径应该是什么样的、可以怎样铺展开 所以在这个意义上我觉得大二提前修其实是赚到了～（另外 我得开始推进我的项目了 之前太忙一直搁着 对不起老师……）
193084,3569,张广海,2024-06-03 10:01:40,5,9,4,现当代所为数不多很温和慈祥的老师，当然其他老师也很好，但是由于太具有现代性了，让人多少有点害怕。但是广海老师真的特别温和，跟你讨论问题永远是笑着的，然后也不会把自己当成权威，而是和你讨论，pre的点评也特别好。上的现当代文学思潮，老师期末交论文说这门课很多高年级，而且很多人是用这门课的论文当学年论文的，普遍写的很好，让我很害怕，因为觉得自己论文水平一般，结果出来成绩给了特别高的分，大概是因为我有一个part写了自己的一点思考，所以老师真的不会看你的水平到底有多高，而是希望你在这门课上真的学到了东西，有自己的思考。然后因为学院要求，90分以上不能超过30%，老师一直在群里跟我们说他已经尽力了。总而言之，广海老师真的很好，当然如果你要水，还是考虑一下，这并不是一些水课。
193156,3569,张广海,2024-06-04 05:25:12,1,6,5,上的现当代文学史，是我最喜欢的一门专业课了！老师普通话很标准，上课娓娓道来听起来很舒服，强推！！！但是需要阅读很多的阅读材料，外专业慎选。
195102,3569,张广海,2024-06-26 22:13:47,8,19,11,上过现当代文学史，不否认老师确实很认真。但是上课内容混乱毫无逻辑、体系关系。上课讲的也大多是一些杂七杂八的八卦等等，完全不认为有任何知识性可言（或许这就是汉语言文学吧...）每周的任务量是很重的，每周平均发下来三四百页pdf的阅读资料以为学生都不干别的事就天天上你这一门课了呢😅\n\n还有各种各样的卷发言，上课卷完下课还要在群里卷。考试的内容是繁重的，考试的成绩是令人崩溃的。。。\n\n只能说不是真心爱好文学的话，快跑吧！
195103,3569,张广海,2024-06-26 23:04:28,0,7,7,虽然最后绩点不高，还是必须给老师满分
195172,3569,张广海,2024-06-27 04:27:26,12,13,1,课讲的真的很好，老师真的很有水平，但是这个学期给分真的很烂，刷新我最低绩点。。。。。不是水课，外专业慎重选
195187,3569,张广海,2024-06-27 05:55:08,14,15,1,呵呵哒。听了一学期的课，考前又狠狠复习了一周，最后绩点是我大学以来最低的绩点。给分巨烂巨烂，平时分大家也卷啊卷，期末考试给分也很吝啬。。。
195220,3569,张广海,2024-06-27 09:22:28,-2,5,7,老师知识渊博，温柔耐心。但是现当代文学史任务极其繁重，期末闭卷考要背的内容很多很多，我是外专业的，大概完完整整背了4天，期末题基本上都做出来了。最后分数很好，但是付出了很多时间和精力，所以跨专业还是慎选。
195464,3569,张广海,2024-06-28 07:19:15,3,9,6,老师上课特别认真仔细，知识广博，钉钉消息也是秒回特别感动，考题很细复习要背很多，汉语言基本操作，不要因为绩点贬低老师水平
196131,3569,张广海,2024-07-01 21:51:41,7,9,2,现当代文学史，老师人有意思，但是期末不划考试范围，考的很杂，给分烂，uu们慎重
196750,3569,张广海,2024-07-05 03:12:41,15,15,0,阅读任务好重，上课也认真听了，期末也狠狠复习了，最后成绩惨不忍睹。
196788,3569,张广海,2024-07-05 06:55:39,1,6,5,老师很好很有学识！真的很棒！
196983,3569,张广海,2024-07-06 09:28:55,0,8,8,课好 讲的精彩\n\n给分求是 期末难\n\n不觉得阅读任务真的很重 每一章的阅读都划了重点 今年的期末基本也没考重点以外的篇章 平均算下来（只读重点 注意 这是只读重点的时长）阅读时长一周四到五小时 真不觉得这任务很重 你学的可是文学啊...\n\n论文不好写 他自称会挂人 下面有人说平时分卷 我没感觉 平时分就只有签到和论文 他第一节课就明确说明了课堂发言不占比重 不知道有些人是不是卷不到地方还怪老师了\n\n不努力就别想在他的课上拿高绩点 但课真的很好\n\n所以感觉才会有这么多破防的小丑咯 挺搞笑的 自己不努力凭什么给你高绩点
197613,3569,张广海,2024-07-22 03:29:58,6,9,3,广海老师学识广博，治学功夫非常扎实。中国现代文学史没有想象中这么劝退，只要认真阅读和听课就能够获得一个中肯的分数。张老师的给分不烂，只是非常求是。
198005,3569,张广海,2024-08-23 08:44:04,2,7,5,晚上十一点半还会回我邮件的天使老师，非常有责任心！
208084,3569,张广海,2024-12-25 13:34:44,-8,7,15,心眼比较小，背后经常说别的老师坏话
210041,3569,张广海,2025-01-08 03:51:22,3,4,1,浙大文学院最好的老师之一
211442,3569,张广海,2025-01-11 12:03:20,4,5,1,我心目中高等学府的老师就是这样的：博学，亲切，有趣，谦敏
217351,3569,张广海,2025-04-09 02:51:40,9,9,0,课上得好，文献做得好，论文和专著也扎实，确实是文学院最好的老师之一
217378,3569,张广海,2025-04-09 07:56:10,5,5,0,治学严谨，上课认真，待人亲切，谁能不说广海好
217801,3569,张广海,2025-04-16 14:21:48,4,4,0,上大学遇见最好的老师
218348,3569,张广海,2025-04-23 01:04:52,3,3,0,爱张老师，现代文学思潮研究给分太好了，伟大无需多言🥰🥰🥰
218384,3569,张广海,2025-04-23 05:26:09,3,3,0,广海老师真的是我认识的最有学者风范的老师，治学严谨，但是给分很求是，需要仔细打磨你的论文
218442,3569,张广海,2025-04-23 13:36:50,2,2,0,老师给分真的好！来自外专业学生的肯定！
218668,3569,张广海,2025-04-28 12:45:44,2,2,0,在文学院三年有幸上过他的课，真心觉得广海老师的课讲得真的很好很好，分也给得很好
218786,3569,张广海,2025-05-05 10:41:17,2,2,0,等我毕业的时候最喜爱的老师一定三票都投给广海
219039,3569,张广海,2025-05-19 15:34:36,2,2,0,上过广海的文学史1和现代文学思潮研究，给分还是不错的，老师人特别谦虚，可以把课程论文发给张老师，老师会很详细的指出修改意见，按照老师说的修改了，最后4.8，爱你广海🥰🥰🥰🥰🥰
219186,3569,张广海,2025-05-23 01:44:06,2,2,0,第一次在查老师写评价，广海是我进入大学最喜欢的老师。治学严谨，为人和善，偶尔八卦。重视学生的老师是什么样子，他就是什么样子。上过两堂课，讲的特别细致。可惜自己没什么学术能力，不然真的很想和他继续学习。
16189,3601,周佳,2016-01-17 12:48:34,2,18,16,无话可说，绩杀
17384,3601,周佳,2016-01-20 07:05:11,-2,11,13,给分低，绩杀，闭卷考，题目考前有给，然并卵。
17439,3601,周佳,2016-01-20 08:11:53,-5,9,14,毁我青春，颓我精神
17440,3601,周佳,2016-01-20 08:11:56,0,6,6,对我这样的历史渣渣，给分很不错拉
17568,3601,周佳,2016-01-20 12:07:54,1,8,7,真不知道，感觉我期末考的超好最后成绩只有68，虽然一次作业没交但第二次作业应该做的很好了，真心想不通
18289,3601,周佳,2016-01-21 11:40:04,1,6,5,不适合非历史专业的同学选。
18731,3601,周佳,2016-01-22 12:14:20,3,7,4,好老师 给分不行
19013,3601,周佳,2016-01-23 04:04:49,1,3,2,。。。
20733,3601,周佳,2016-01-30 11:28:06,1,5,4,蛮不错的啊，至少对我来说
22136,3601,周佳,2017-11-17 08:50:41,-7,11,18,绩杀不解释。千万憋选。尤其是绩点重要的宝宝。
23876,3601,周佳,2016-04-19 11:57:36,36,47,11,很赞啊，内容很多，且引导思考\n\n
26494,3601,周佳,2016-06-19 07:13:23,4,14,10,还可以吧，要求上课发言，还要考试，是一门需要费点心的通识，最后4.2，还算不错的
26671,3601,周佳,2016-06-21 01:27:42,1,8,7,上课可以水水的，也可以认真听课挺有启发的，课中会有两次简单的作业当点名（不会做可查阅交流，甚至下课直接问老师答案），上课会有讨论（可不参加，参加有加分），期末考试题考前给，给分也不错呀。建议对历史有兴趣的同学学习～
26942,3601,周佳,2016-06-22 00:33:54,-14,7,21,辣鸡。
27179,3601,周佳,2016-06-23 12:33:20,11,16,5,适合有兴趣有能力的同学选吧⋯不然就是绩杀了（作为通识68分）想哭
30899,3601,周佳,2016-07-03 00:23:44,14,22,8,老师很不错了，只有两次小作业当点名，期末考试题目都给了，下点论文看看随便也能考的不错
39649,3601,周佳,2019-06-01 04:18:14,31,39,8,很好的老师，专业素养没得说。完全不同于中学的历史教学。重建了我的历史观，尤其是改变了我对宋代历史的看法。对历史感兴趣的同学可以选~
59304,3601,周佳,2017-09-20 15:29:36,4,9,5,老师很专业，很认真负责，知识量很大。只是太专业了，所以不建议对历史不了解或古文水平差的同学选这门课。
61159,3601,周佳,2017-11-09 09:24:38,1,3,2,挺有收获
61164,3601,周佳,2017-11-22 02:31:43,8,20,12,4.2
61473,3601,周佳,2017-11-17 13:44:10,3,6,3,课可听可水，但内容真心丰富、特别\n\n作业不多\n\n考试题目会给\n\n\n\n想高分的话，作业认真做，考试认真查资料认真答，老师都会认，当然专业知识加分
61604,3601,周佳,2017-11-19 06:19:10,2,5,3,老师真的很棒，专业素养超级强，上课干货满满，很有启发性。考试前也会给很明确的考试范围的。
61945,3601,周佳,2017-11-22 01:56:29,-1,9,10,94分，老师你是不是怕我满绩骄傲呀
61950,3601,周佳,2017-11-22 02:28:39,9,15,6,感觉答的不错，结果给分太低了，，
61985,3601,周佳,2017-11-22 04:50:57,0,3,3,很好的。有兴趣的可选。没感觉绩杀。很有启发。考前会给题目。作业很少，几乎没有。
61993,3601,周佳,2017-11-22 05:19:21,-1,2,3,老师很棒，历史素养没的说，平时学习可以水，想好好学也能学到很多东西。考试题目提前给可以好好准备。只要跟着老师要求来，有自己的思考自己的角度就能有不错的分。
62017,3601,周佳,2017-11-22 07:16:17,0,2,2,有启发，考试题目事先会说
62034,3601,周佳,2017-11-22 08:15:15,0,1,1,过瘾！
62067,3601,周佳,2017-11-22 10:25:52,-1,0,1,不错不错，给分高
62146,3601,周佳,2017-11-22 15:06:21,-5,1,6,课可以水  考前给范围  给分很公道 4.2
62147,3601,周佳,2017-11-22 15:07:58,0,3,3,老师很敬业，上课声音中气十足，而且讲得很棒，关于期末考试的话只要认真准备了就OK的
62170,3601,周佳,2017-11-23 03:25:02,1,3,2,老师讲课很认真负责，考试也给了题目范围，认真听有很多收获。我觉得给分还是挺好的。
62232,3601,周佳,2017-11-23 10:12:11,-1,2,3,老师很专业也很认真，讲课方式还算是通俗了，进一步激发了我对宋朝的兴趣。虽然因为选考很久都没有学历史了，但是只要按照要求，考前好好看一些论文就好啦（￢㉨￢）
62279,3601,周佳,2017-11-24 02:16:25,-1,4,5,感觉有个有意思的现象\n\n老师给分高就是公道\n\n给分低就是?杀 …
62370,3601,周佳,2017-11-24 12:49:02,5,7,2,干货很多、我考前准备了四千多字的资料、最后4.2、感觉挺满意的了。需要花心思的一门课，认真听还是能学到不少的，为我这种理科生打开一扇新门
63098,3601,周佳,2017-11-28 09:01:57,-2,2,4,刷绩点必备
63411,3601,周佳,2017-12-03 10:20:35,0,6,6,挺好的。上课很有收货给分也不错。不理解为什么这里评分这么低……
63436,3601,周佳,2017-12-04 04:46:59,5,8,3,上课是一种享受，刷新了我对宋代历史的认识，都舍不得错过一秒。
63984,3601,周佳,2017-12-20 12:04:07,9,13,4,很好的老师 不知道为什么评分低  记得她说的 历史的主体是人 研究的主体永远是人赞
64437,3601,周佳,2017-12-23 15:04:23,0,1,1,好老师!
64820,3601,周佳,2017-12-27 08:53:13,0,2,2,老师内容挺多的，听她讲可以学到很多，感兴趣的话选这门课挺不错的
64856,3601,周佳,2018-01-26 08:00:11,7,15,8,老师讲的课干货很多\n\n如果认真对待考试的话结果不会差的，94\n\n
65450,3601,周佳,2018-01-04 04:21:21,0,2,2,老师很认真的讲，就是水课的人有点多
65963,3601,周佳,2018-01-10 12:50:13,0,2,2,这老师讲课真的很棒
66011,3601,周佳,2018-01-11 02:38:26,0,2,2,老师很认真，好好听会收获很多。事情少，只有一次小作文，给分也好。考前会告诉考题让我们准备
66840,3601,周佳,2018-01-19 07:28:11,30,36,6,很不错，引经据典，老师当时秀日语和英语的时候，惊艳到我了。让我看到了一个纯粹的历史学者
67011,3601,周佳,2018-01-20 02:12:49,10,41,31,三年前上的这个课应该是第一批？？老师上课不错，人也蛮好，反正我挺爱听还记笔记，考试也认真复习了，不知道为什么给了73……
69555,3601,周佳,2018-01-25 03:47:36,2,7,5,给分差劲
69566,3601,周佳,2018-01-25 03:59:48,-1,4,5,给分求是\n\n讲的是极好的\n\n我一个高中没学过历史的人也能努力跟上！
69581,3601,周佳,2018-01-25 04:15:26,0,9,9,课堂充实，史观新颖，5.0哦！
69653,3601,周佳,2018-01-25 07:06:42,2,9,7,给分很迷，不懂，对绩点在意的就别选了吧
69669,3601,周佳,2018-01-25 07:40:48,-3,5,8,只要认真准备考试内容  绩点是不错的  考前好好看了两道题目的4.2赞啊
70232,3601,周佳,2018-01-26 09:13:27,0,5,5,真正有学识的老师，如果真的对历史感兴趣，听课就是享受，也可以水过去，不过期间会有一节课用当堂讲的知识答一个小问题并提交当做点名，两节讨论课，期末考试题目就会明确的给，只要讨论课发言自己好好准备高分没问题，本人点名是在的，两次讨论只有第二次发了言，不过期末题目认真准备了以后总评4.8
71300,3601,周佳,2018-01-28 09:05:55,-1,2,3,老师讲课非常好，中间只有一次小测当点名，最后考试的范围也会给，认真准备一下就能考得不错
74513,3601,周佳,2018-03-02 16:24:01,3,4,1,真的很棒！似乎是在第二节课教你读史料，挺有意思的，后面讲课的过程会告诉你真正的历史研究的样子，纠正一些对史学的误解。对别人解说调侃的历史很感兴趣并不意味着对历史感兴趣。会推荐很多与知识相关的书，感兴趣的同学会很喜欢吧。问问题特别耐心地解答。考试认真去准备，多看论文然后有自己的想法就不会很差。最后的评分老师也说了，你觉得你很努力但是别人比你更努力吧，再加上正态吧。老师也很无奈。
74702,3601,周佳,2018-03-05 07:57:54,0,3,3,超级可爱
76380,3601,周佳,2018-04-05 17:33:04,0,3,3,很好的老师!
87616,3601,周佳,2018-10-08 10:49:56,0,2,2,好喜欢这个老师
87954,3601,周佳,2018-10-18 13:15:04,-1,3,4,老师真的超级棒，永远早到去坐第一排中间只为了听的更好。
88730,3601,周佳,2018-11-21 10:08:27,0,2,2,一直以为这是节水课，结果发现只有自己在水。快考试了，从成绩来说，基本必跪了，但是真的能学到很多。用血的教训劝诫后来人:从学知识角度来说，水课旷课＜认真听课＜并且课后会投入时间。从功利，即绩点的角度来说，前两个层次在授课时间较短的这一门非核心通识课上很可能会因为没有较多的考核(展示)机会而导致平时成绩混同，而后一个层次应该能获得更高的成绩。考试成绩的话还是看自己学到多少吧。
88826,3601,周佳,2018-11-09 05:21:58,0,2,2,好老师，就是考试不开卷，让我怎么办呢
89066,3601,周佳,2018-11-20 09:38:00,0,2,2,讲课生动
89127,3601,周佳,2018-11-16 02:52:24,0,1,1,超级好的老师！分数还没出但是我一定要给十分！中间会有一次小测验点名其他问题不大！考试会给范围和题目，上课也满满的干货。
89692,3601,周佳,2018-11-20 09:27:21,1,4,3,绩点超棒唉!4.2有史以来最高绩点
89699,3601,周佳,2018-11-20 10:07:36,-3,2,5,水课，不在乎绩点的来。
89711,3601,周佳,2018-11-20 13:13:30,0,3,3,对于历史学基础比较好的同学，可能会觉得这门课略显平淡；对于历史学基础不是很好的同学确实能学到很多历史知识，老师讲课也比较负责。个人绩点4.2
89715,3601,周佳,2018-11-20 11:34:42,5,7,2,老师讲的很仔细，考试内容全是课上基本讲过的，一共只有两次小作业(轻松的很)当做点名，上课也没回答过问题，考试网上准备一下，考试就考了1小时，最后绩点超赞。本人工科男
89716,3601,周佳,2018-11-20 11:36:47,4,4,0,老师的专业素养真的很高，有一种想转历史系的感觉，上课内容很丰富，老师也很温柔，两次作业都很简单，建议上课参加讨论，期末考试题目提前一礼拜就给了，真心赞。我觉得老师的评分应该在9.5以上才对。
89721,3601,周佳,2018-11-20 11:54:43,-2,0,2,老师讲得很好，绩点很满意
89722,3601,周佳,2018-11-20 11:56:43,-1,0,1,不错的老师，课很棒，就是ppt翻得太快了。
89731,3601,周佳,2018-11-20 12:09:30,-3,2,5,老师上课内容丰富。期末考试告知题目范围，做为一个工科学生准备了5000字的资料最后拿了4.8～开心！
89735,3601,周佳,2018-11-20 12:46:20,-8,0,8,以为自己能满的
89783,3601,周佳,2018-11-20 23:49:36,0,2,2,老师的课是真的很好可以学到很多东西，但是如果历史基础比较差的同学，像我这样的，可能就会觉得吃力，包括文章和最后的考试，可能会觉得力不从心。好好听好好写老师都会认，是真的可以学到很多东西的一门课了。
90042,3601,周佳,2018-11-22 02:15:26,12,16,4,先生之风，山高水长。\n\n像高赞讲的一样，真的是历史学者的风范。\n\n虽然我是理工科学生，但是的确钦佩老师。
90077,3601,周佳,2018-11-22 05:08:55,22,31,9,虽然是通识，但是这门通识一点也不水，每节课都是干货满满。周老师的打扮总是很简洁，气质干净而利落；她每次上课都来的很早，下课后也会多留一会儿给同学答疑的时间。\n\n她不仅会教我们唐宋变革这种专业内容，还教我们如何阅读史料，如何面对历史怀抱一颗谦虚与敬畏之心。她是真正的学者。\n\n她第一节课就说：“如果让我推荐你们书，我就推荐你们读钱穆的国史大纲。”\n\n她最后一节课笑着说，或许你们以后不再接触历史，但是你们还能记起你曾经了解过宋朝这个朝代，以后还有机会再读一读历史，甚至有一两个同学能学习历史专业，我就满足啦。\n\n感谢自己遇到这么好的老师！最后期末准备了将近一万字，满绩，超开心！
90110,3601,周佳,2018-11-22 06:42:15,2,4,2,分真的容易给低
90140,3601,周佳,2018-11-22 08:05:34,1,2,1,工科生历史基础差感觉还是有点吃力……但是老师真的讲得挺好的。\n\n最后考试提前给了范围虽然不开卷但是可以提前准备w
90310,3601,周佳,2018-11-23 06:01:16,0,1,1,绩点棒啊 4.2 考试题目会提前告诉我们，好好准备就行了
90790,3601,周佳,2018-11-26 05:15:02,1,1,0,老师超棒的！！讲的很好！而且老师内容在两星期前就给出，特别棒
90880,3601,周佳,2018-11-27 03:12:02,4,4,0,只要认真对待，真的收获很大。周老师真的超赞，讲课很好，竟然让完全没有历史基础的（学考还是B）的历史渣渣真的感受到了历史学的魅力！给老师满分?！
91108,3601,周佳,2018-11-30 04:58:19,6,6,0,老师讲课不会太强调结论性的东西，更多的是提供史料，有更大的思考空间。作业少，上课不用发言恶竞，考试题有剧透，认真准备，不答套话的话成绩不会很差。虽然有的内容偶尔会水一点，但是一门有收获的课，老师很棒。
91243,3601,周佳,2018-12-04 05:40:01,10,10,0,三年前上的…干货多，年轻的老师，我也认真复习了背了好多，最后考试分数73吧。。。ji'sha这个确实有点伤，大一差点给我打击坏了
91482,3601,周佳,2018-12-11 09:16:50,1,1,0,内容丰富，可听可水
92393,3601,周佳,2018-12-28 08:08:52,1,2,1,我觉得她给分很nice的，如果认真听课并且认真写作业，认真复习考试也不难，然后再回答一下问题，就可以满绩了
92479,3601,周佳,2018-12-30 05:57:10,0,1,1,尽管我只拿了3.3，但还是强烈推荐大家上这门课。全程干货，非常好的一门通识课。老师会用小作业来代替点名，基本上认真听的话都可以答出来。给分主要看期末考(闭卷)。
92697,3601,周佳,2019-01-04 00:35:35,0,1,1,可水可听，若听，内容丰富
92898,3601,周佳,2019-01-05 11:42:13,0,5,5,付出就会有收获，宋代政治与文化这门通识课非常适合对历史真正感兴趣的同学。老师对于历史严谨的态度真的非常可贵，看到了一个真正的学者形象。95刚好满绩路过
93114,3601,周佳,2019-01-07 12:26:05,61,68,7,觉得老师很帅的，顶我一下谢谢～
93181,3601,周佳,2019-01-08 04:29:22,5,7,2,教师界的良心。\n\n昨天上课，对于查老师和以绩点为导向的体系做了评价，让人深思。\n\n好好听会有收获的。
93993,3601,周佳,2019-01-14 15:49:05,0,0,0,好好好好\n\n
99088,3601,周佳,2019-01-24 08:52:13,6,8,2,感觉专业学者就是和我这种业余爱好者不一样啊，老师的专业素养真的很赞！老师看上去好年轻啊，每次都会提前半小时来上课呢。另外老师一定要保护好嗓子啊，看老师上着课一直要靠含片撑着真的心疼老师。
99099,3601,周佳,2019-01-24 08:58:59,1,1,0,老师的课干货满满，内容真的可以说是非常详细专业了。更重要的是会带你读史料，教你怎么才是好的观点展示。有作业，随堂内容很简单，当做点名了。期末考试提前告诉然后准备，就看认不认真了。准备的好分自然不低
99126,3601,周佳,2019-01-24 09:51:04,-13,3,16,虽然没拿满绩，94分嘤嘤嘤。老师非常有学者气质，听老师讲课后对于公众号里的历史推文就没太大意思了哈哈。我是每次都发言了，然后高中起就听过宋朝相关的百家讲坛，所以比较熟悉，也对这方面很感兴趣。你如果对宋史有兴趣，建议选修。
99161,3601,周佳,2019-01-24 10:44:57,27,34,7,4.5，谢天谢地。作为一名没学历史的工科生，这门课让我学到怀疑人生，实在是不了解，在历史基础上跟不上，你经历过那种很想发言但是一句话都说不出来的感觉吗，明明课前查了论文，准备了发言，结果到现场听见其他同学的发言，发现自己就算准备了，也浅得很，根本拿不出手，这也不只是态度不好的的问题了，没一定基础真的很难受啊。这种差距还体现在平时上课听讲上，听的我一脸懵逼，但是课程真的很有趣，讲得也好。幸运的是这门课是期末最后一门，考前花了整整两天时间查资料，写了四篇完整的小论文，然后整篇背下来，到了考场手都在抖，拿到卷子的时候心狂跳，比考微积分线代还紧张?
99219,3601,周佳,2019-01-24 12:30:15,1,1,0,非常棒\n\n
99348,3601,周佳,2019-01-24 15:11:47,6,8,2,"老师挺专业 是真正的学者 尤其记得 她最后一堂课最后时段给我们说的那些话：""虽然你们很可能会忘了这些课所学的东西，但是当过了很多年，你回首大学生活的时候，你能记起上过这样一门课，并且这门课中有那么几个瞬间让你触动，这就足够了""老师说的大概这个意思 确实挺在理！老师对于学生通过自己绩点给老师打分的现象也是挺无奈的 心疼老师 周老师配得上这个10分！"
99576,3601,周佳,2019-01-25 03:37:12,2,3,1,老师讲的很好，干货很多，但是给分真的没话讲了，我准备了很久，结果给我致命一击
100140,3601,周佳,2019-01-25 15:35:26,5,5,0,第一眼看到老师的时候觉得酷酷的应该比较凶，但是听了几堂课之后就发现老师其实特别好，可以看出来备课很用心。老师的课想水可以水，但是认真听的话真的会有很多收获！而且每节课老师都会提前半个小时来，课后也会进行答疑。期末考试认真准备的话绩点不会很惨淡的。
100718,3601,周佳,2019-01-26 15:27:59,-9,2,11,课水给分低
102704,3601,周佳,2019-02-21 13:49:04,12,16,4,周佳老师讲课很认真，ppt也做得不错，只是我个人不太会去看ppt，而是就专注于听老师的课程内容。宋代，历史嘛，就是各种有趣的故事，而周老师也知道，短短八堂课是学不到什么历史知识的，  也许就只能介绍宋代的大纲，之后也不一定能记住，因此她专注于教学生理解问题的方式，钻研问题的方法，第二堂课她就叫我们如何阅读史料（资治通鉴长篇），感觉有一点像语文课，不同的是老师还会旁伸博引出各种有关历史的问题。\n\n周佳老师在最后两节课布置了辩论的题目，并且让同学在课上进行互相的辩论，第一次她没有很满意，学生只是各说各话，第二次老师亲自上场和学生针锋相对，只见老师三言两语就使得同学支支吾吾的说不出话了。之后她还补充了一些辩论的方法，写论文的要点等等。\n\n最后是期末考，6道名词解释，3选2题做的深论题，会事先给题库，大概是题目的两倍，期末闭卷纯手写，答案要背下来。字不好看有点吃亏。\n\n******结论******，周佳老师的课可以不听也可以听老师的课/故事，上课多回答问题平时才有高分，期末考认真对待。这样才会有好的结果。\n\n******喜欢就帮忙顶上去！！！\n\n
104441,3601,周佳,2019-03-20 16:00:27,2,3,1,老师真的超级棒啊！短发，高高瘦瘦，超级A！很有看法，观念很正。喜欢！
109876,3601,周佳,2019-06-20 03:16:32,1,1,0,真的是一种享受呀，历史基础差的课前预习一下更好。超爱老师带我们一起看清明上河图的感觉
110104,3601,周佳,2019-06-23 03:23:57,6,7,1,15年的时候上的第一批周老师的宋代政治与文化，当时查老师还没有收录周佳老师，如今毕业了，就偶尔翻翻大学期间碰到的好老师，找到了这。感谢周老师送我大学第一堂精彩的通识课。
110568,3601,周佳,2019-06-27 13:25:34,-3,5,8,真无聊
116866,3601,周佳,2019-09-17 02:01:07,1,3,2,没有恶竞！！超棒
118844,3601,周佳,2019-11-07 03:10:48,2,2,0,我心目中历史学者的样子
119897,3601,周佳,2019-11-16 23:20:30,2,3,1,老师讲课很好啊，干活很多，很开阔眼界！会有一次课堂小作业和大作业，期末会给出考试范围！给分也很好！这是我心目中历史学者的样子！大赞? ！
119975,3601,周佳,2019-11-17 02:40:49,13,18,5,我觉得给分不行
120059,3601,周佳,2019-11-17 08:53:07,2,2,0,老师上课很不错，但是期末考试和平常的作业虽然不提高要求，但是如果没有专业素养真的不好拿分。对历史要求很高。
120732,3601,周佳,2020-01-16 02:59:21,5,7,2,给分不行
121251,3601,周佳,2019-12-25 11:59:49,0,1,1,课堂作业突如其来，我没做出来，感觉课没啥希望了。老师真的棒，但那些说课水的还是算了吧，选了就好好听课吧
123969,3601,周佳,2020-06-18 10:13:25,6,6,0,一个被正态的可怜虫来评论了\n\n周佳老师真的是学者，讲课滔滔不绝，引经据典，很有学着气息，但她的课你是要认真听的，因为会有课堂测验\n\n好好听会有很多收获，水的话被正太无疑，选课前请考虑
125616,3601,周佳,2020-09-12 11:09:57,2,2,0,大学以来最最最喜欢听的课，每节课都非常认真听！认真学好好完成作业分数绝对不会低的！
127371,3601,周佳,2020-11-21 12:27:33,2,2,0,上大学以来听的最认真的一门课，周佳老师真的是魅力本力了！！
127387,3601,周佳,2020-11-22 08:25:00,2,2,0,本人是很喜欢历史但是大学不幸学了理科的学生，宋代政治与文化这堂通识课是我在低分定点时抢到的（因为我太想上了）。真正上课了之后，我完全被老师的课吸引了，非常庆幸自己选了这节课。学期结束，结合老师的上课内容和课后自己去查阅的资料，我真的对宋代的历史了解了很多。说实话，想要水课的同学还是绕开它吧，但是对真正想要学点东西的同学，这个是真的不能错过的啊！
127398,3601,周佳,2020-11-22 12:04:17,0,2,2,给分迷惑，不知道评分标准。
129913,3601,周佳,2021-01-13 12:48:11,0,0,0,学会了读书
131241,3601,周佳,2021-01-26 18:43:21,3,4,1,老师很棒，很有文学功底和素养。还会日语。课程难度一般，文化常识的东西，但期末给分比较迷，有点难受😣
131282,3601,周佳,2021-01-27 03:07:06,3,4,1,hh 周佳老师的课听起来确实很舒服呢 是听了学姐的安利 选的时候大概只有8.6的评分，然后期末以后这个评分上升到了9.5……\n\n学考b的工科男 来听这门课的话 一定程度上 也是自己会对文化类的东西有些爱好 然后写论文的时候 连熬了一周的夜，终于在ddl前3个小时补上了论文……考试的话也是事前有给题库，简单准备了一下。\n\n最后4.8……蛮开心的，因为这样的通识课真的需要同学们的水平，蛮可以提高同学们的水平的。
131324,3601,周佳,2021-01-27 05:35:11,6,7,1,课是真的干货满满 老师魅力也无话说 至于给分 读书报告我感觉差异不大 关键是最后期末考试论述题有没有好好准备 我大概是准备三千字五个题 看了一些论文和史料 考场上得心应手 最后4.2感觉 很不错啦 看评论有个4.8的理科生说到什么论文什么的，我没写过论文啊，可能是读书报告？老师评分很公正很有原则 也很自由，没有字数要求也不因字数评分。关键是有没有真的读书以及有没有按时完成任务。
131357,3601,周佳,2021-01-27 07:31:58,2,3,1,老师讲的很好，引经据典，思路清晰，方面广博。不过还是更适合历史方面能力强一点的同学吧。。我很认真的学了还是被绩杀了😂。不过倒不后悔选了这个课。
141504,3601,周佳,2021-10-12 10:39:18,-4,6,10,对其无语
142910,3601,周佳,2021-11-17 09:45:31,6,7,1,上课旁征博引，引经据典，满满都是学识，能开拓视野的通识课，可能事情有点多，但也是为了让我们学有所获。单纯为了学分绩点，高等教育的意义何在？
143048,3601,周佳,2021-11-18 11:18:25,3,4,1,超级喜欢啊啊啊啊啊，干货满满。听着非常享受，每次上完课都意犹未尽。一周都期待这节课，好喜欢好喜欢。
144864,3601,周佳,2022-01-11 02:27:02,2,2,0,老师讲课干货满满
149826,3601,周佳,2022-01-17 07:20:54,3,3,0,周老师真的是学者啊..补选上的课。很懊悔好几节课没去....(打算寒假补回来）给分很好的！读书报告读了一本比较浅的书肝了通宵但是成就满满！最后考试按照题库准备就好！准备了一天背下来（实际上只背出来一半Hhh)最后4.5，超级感谢老师的！最后交卷和老师说了声再见真的有泪奔的冲动...
150468,3601,周佳,2022-01-26 02:47:12,4,7,3,非常有幸冬学期能选上周佳老师的课，可以说拉高了我对整个大学课程的期待值。她身上有一种学者的风范，上她的课简直是一种身心的双重享受！虽然只是一门1.5分的通识课，但上课真的能学到很多很多东西（甚至产生了一种想转历史系的冲动）。个人觉得作业不算多，只有一篇读书报告。花了三天认认真真地读完了一本书（虽然报告写得不咋地），期末考试给了范围，不到一小时就能写完，最后给分也不错（至少没有被绩杀）。对老师的喜爱+对这门课的喜爱让我觉得就算被正态也无所谓，能真正学到这么多有趣的东西实在是比一个分数重要太多太多了！！
160247,3601,周佳,2022-09-15 16:50:59,2,2,0,谈笑有鸿儒，循循然善诱人，博我以宋史，严格但负责，学者之风范使然。给9.99......分
161393,3601,周佳,2022-11-06 01:43:05,0,0,0,引导思考
161552,3601,周佳,2022-11-11 03:07:37,1,2,1,超级爆爱周佳老师呜呜呜呜呜呜呜呜，晚上无聊打开成绩看到出分了好惊喜，这是我除了军训之外第一门有成绩的课🥰🥰🥰\n\n周佳老师上课真的很生动，每次课程内容真的好有趣！！不自觉的就会想记笔记，不夸张的说，这门课真的勾起了我对宋代和历史的兴趣！高中三年我都从来没有想过后来我会再对历史学习有探索欲（当时还是纯理科生，抗拒历史枯燥的背书），虽然肝作业的过程很痛苦但是真的学到了很多新知识！不管怎么说，就是强推强推强推，我就是周佳老师的小迷妹！
161570,3601,周佳,2022-11-09 06:55:42,1,1,0,老师学识渊博，上课氛围很轻松，会尽量给大家好成绩的
161576,3601,周佳,2022-11-09 07:16:19,13,19,6,周佳老师的“宋代政治与文化”是我唯一节节坐第一排的课程。老师不点名，就有一次课堂小问题每人写下答案提交就能拿到点名的10分（不论对错）。1.5分的7次通识课收获满满，老师讲的宋史也生动有趣，印象最深的就是有节课关灯大家一起赏析《清明上河图》，真的是饶有兴味。作业期中一篇3000字以下读书报告，这学期期末改考试为5000字以下情景写作（发挥空间满满，极能调动学习自主性和想象力！）。老师一再强调不要太有压力，写作放轻松就好，对报告的格式没有硬性要求，还鼓励大家都写得很好。绩点出来后，真的是学富五车的女神！
161580,3601,周佳,2022-11-09 09:57:46,2,2,0,非常好的老师！在老师课上能学到很多东西，能提升能力，一定要认真听课，珍惜和老师讨论交流的机会！希望老师可以看一下百分制绩点表对应给分，卡绩了……\n\n任务是一篇读书报告和一篇作文，作文挺考察我们功力的感觉，非常好的老师，选她！总体老师给分是非常好的，也相信大家能有所得！
161595,3601,周佳,2022-11-09 08:43:12,4,4,0,怒打十分！！！！！！我爱老师我爱宋史\n\n因为对宋代非常感兴趣，所以选上这门课是我开学选课时的执念\n\n老师学识渊博，且不仅仅是学识方面很渊博\n\n关于成绩，好好写读书报告和作文，肯定不会差到哪里去的\n\n本人是三年没碰过文科的纯理科大一新生，最后绩点5，意外之喜，荣幸之至！！\n\n感谢并珍惜和老师八节课的短暂相遇！\n\n有机会再去蹭课听嘿嘿嘿
161606,3601,周佳,2022-11-09 10:51:00,0,0,0,女神老师！！😭真的好喜欢她！
161652,3601,周佳,2022-11-10 04:23:18,8,8,0,老师是很好的 不知道到底为什么狠狠被绩杀了 真的很难过 只能说没什么历史素养的宝子们慎选
163439,3601,周佳,2022-12-14 09:57:38,5,5,0,真的很喜欢老师 也很喜欢老师上的课 但是看到绩点的时候还是狠狠心碎了 事多，虽然能学到很多东西 文学素养不好的同学还是慎选吧
163442,3601,周佳,2022-12-14 10:15:46,3,3,0,听老师的真的是种享受，老师学识好渊博，讲课条理清晰一点都不水，真的哭死。最后论文和读书报告只要认真写了，认真查了资料的话老师给分真挺好的。
163507,3601,周佳,2022-12-14 15:28:40,2,2,0,很感谢大学的第一节通识课就遇见周佳老师这样的好老师，入股不亏的！！！
164539,3601,周佳,2022-12-21 14:16:41,2,2,0,周佳老师真的很好，上课条理清晰，点名就是某次课临近下课时随机一个题目小测，只要做了就是整个课程的考勤分有了。而且今年期末的闭卷考改成了大作业，而且还是规定了字数上限的那种（估计是之前反映太卷了hhhhhh）。期中一篇上限3000字读书报告，期末一篇上限5000字的大作业。也能理解下面同学说的给分，毕竟这个写的时候真的是让我挠破了头。不过老师应该有捞人，这样的通识课真的爱了。
167258,3601,周佳,2023-01-15 09:01:05,1,2,1,宋这门选修课拿了3.9，怎么说吧，课堂知识很丰富，老师会尽可能引导你去学习，认真去听可以收获到自己感兴趣的不少内容，然后就是期中考核是3000字以下的读书报告，期末是3000字以下的大作业，我基本都是写2000左右，不知道评分怎么样。然后就是很可惜后面疫情上了三周左右的网课，自己没能认真在钉钉上听老师讲课，觉得有点对不起自己选这门课。不过已经很开心了，建议对这门课，对宋对历史感兴趣的同学可以选择，还是很不错的。
167661,3601,周佳,2023-01-18 07:10:54,11,17,6,上老师的课是一种享受，学习的过程也挺快乐的。\n\n唯一对给分感到奇怪，明明很认真写的，查了很多资料，内容也满满当当，最后居然只有64分。看到许多同学比我高，有种成了牺牲品的感觉。。。
168157,3601,周佳,2023-01-31 02:05:43,2,2,0,期中要求写一篇读书报告，书其实只看了一半，不过写报告时查了好多资料，期末题目是以宋代一名太学生的身份写一封家书，截止前4天才开始写，很庆幸当时上朵朵问了拿到高绩点的学长写了哪些内容，又趁着每天干饭上B站看了一些关于王安石变法的科普，最后拿了4.2，虽然不算高，但是对于一个毫无历史基础，上课几乎没听过（别学我，老师讲课还是很干货的就像听百家讲坛一样，只可惜我都在水代码）的工信人来说，花这么少的精力拿到这个绩点很满足了
171962,3601,周佳,2023-04-14 02:06:33,1,3,2,上这位老师的课，交作业的时候千万别相信她说什么格式不限呀这种话。你如果真敢按她说的不限格式交作业，放心好了，交上去她就开始批评你为什么不按照论文格式来，说你没有敬业精神和细节精神。然后还说我是故意不告诉你们要按论文格式交作业，就是想考验你们。\n\n呵呵。
172478,3601,周佳,2023-04-27 12:22:15,-1,4,5,周佳老师非常干练，讲课也是清晰明了。喜欢宋史的同学应该会很喜欢这门课程。考核方式也比较简单，小测加一次作业加一个读书报告。说实话，我平时几乎不听课，但是读书报告花了很多心思，最后结果还不错，4.5虽然卡绩了，但这个和老师也没啥关系。周佳老师还是很好滴～
172540,3601,周佳,2023-04-29 07:23:36,1,1,0,爱她！！！学到好多好多知识，历史菜菜，已经做好绩点低也爱的准备，但是结果还可以
173952,3601,周佳,2023-06-05 07:41:15,6,6,0,我遇见的老师之中只有这位老师让我感觉到了浙江大学还是有着飘香的人文气息的
174870,3601,周佳,2023-06-19 07:54:38,1,1,0,老师不错，给分好
174876,3601,周佳,2023-06-19 08:59:13,0,0,0,太棒啦！
178725,3601,周佳,2023-07-20 09:22:17,2,2,0,非常非常好的老师！即使只是在课堂上也能让我看见历史学者的研究精神与人文光辉～
181739,3601,周佳,2023-10-30 11:27:13,1,2,1,学者之风，让人想转历史
182367,3601,周佳,2023-11-15 07:29:27,0,2,2,很难不给十分
184891,3601,周佳,2023-12-24 05:25:18,2,3,1,博闻强识，文科天堂，周老师很有纯粹的历史学者气息，上课干练清晰，干货满满，宋代政治与文化期末考也提前画了重点，十分！！！
185630,3601,周佳,2024-01-03 06:37:48,0,2,2,很难不给十分
187035,3601,周佳,2024-01-14 08:13:36,1,2,1,22年大一秋学期上的课，考核方式是期中读书报告和期末的家书，字数有上限，作为纯理的理科生这门课可以说是上大学之后上的很认真很享受的一门课，老师以小测的方式变相的点了一次名，读书报告和家书没有查论文，也没有严格按论文的格式写（那个时候还没意识到），最后4.5，给分感觉不错了，毕竟自己没有很专业地去写。老师人很不错，很具备学者气息，读书报告也一直宽慰大家不要焦虑，以享受阅读为主（虽然写的时候还是挺痛苦的bushi)。
188499,3601,周佳,2024-01-19 05:56:37,0,3,3,宋代政治与文化通识课，老师很有学者的气质，讲课挺有意思，真的可以学到很多知识，考试给范围，不是特别难。只要上课注意听考前稍微背一下其实可以拿一个不错的绩点，还是很推荐的。就怕一些同学上课基本不听考前百度补天还反过来嫌老师给分太差。
191414,3601,周佳,2024-04-20 12:23:48,12,15,3,给分没有评论区说的那么好，刷新我大学所有课程最低分，真心建议慎选
191415,3601,周佳,2024-04-20 12:27:40,1,1,0,很求是
191433,3601,周佳,2024-04-22 07:05:56,4,8,4,我爱周佳，这真的是个学者，兼顾文献和考古史料，喜欢跑现场，一股子文人气。\n\n她的渊博和循循善诱成功激起了我的强迫症，写期中期末作业大概精读了十多篇论文，并且成功让周佳姐姐夸我了wwwwww!最后成绩也还不错，也就是说，只要你真的付出了，老师作为一个有水平的学者是能看得出来的。\n\n话说，高高瘦瘦，学富五车，口若悬河，讲课好听，思路清晰，PPT精美，时不时抬杠逗逗学生告诉大家要注重史料考据，讲课还内八字站着的博导谁不爱啊啊啊啊。何况还很温柔，我有次把窗开的老大，她把窗关上一些，叮嘱她的博士生小心别着凉。反正充满反差萌，选，都给我选!
191467,3601,周佳,2024-04-23 06:43:03,2,2,0,知识量很大，就是太专业了，对我这样的历史小白不大友好
191510,3601,周佳,2024-04-24 05:28:06,1,4,3,给分差，讲的一般般
191619,3601,周佳,2024-04-26 02:48:54,6,6,0,课程讲的可以，但是论文为考察形式，对非文科专业不友好，于是给分差。
191663,3601,周佳,2024-04-27 07:07:15,4,4,0,老师讲的很好，就是对理科生来说这门还是有点难，所以绩点不是很高
192163,3601,周佳,2024-05-10 11:31:47,6,8,2,碰上好的论文，老师会给满绩；碰上老师认为不好的论文，也会只给60+.\n\n老师对人对己都是高要求，不说给分，就说讲课，同时充满着理性与人文的光辉。
193075,3601,周佳,2024-06-03 09:00:43,1,1,0,对喜欢历史的人来说，周佳老师的课是一种享受
196838,3601,周佳,2024-07-05 12:05:11,2,2,0,虽然老师开学就说过给分不会捞，但出分后还是有些失望的
201009,3601,周佳,2024-10-26 14:13:24,7,8,1,周佳老师讲课很好，很有深度，人也很nice，虽然非常严格且求是，要求很高。首先我可以说，想听宋史的来，老师师出名门，自己的著作在豆瓣也是高分。想水课拿高分的不要来，老师要求算相当严格了，给分和其他通识课比不算高。（老师当年读书打分挺严格的……然后老师相当一段时间还是按照79分以下30%的老规则来的……）\n\n作为一位上过老师课还和老师经常课下交流的同学来提一下宋代政治与文化的一些可以让你尽量不被绩杀的tips吧：\n\n1.不管你的期末考核方式是闭卷考试还是论文，周佳老师一般收卷子/收论文一般来说会看人，平时表现好不在课上刷电脑写作业还有较多互动，老师一般会捞你。有很多老师的考查课都是有印象分的。但是机会可遇不可求。\n\n2.如果是论文，建议有一个框架，有一个毕竟规范的形式。如果是读书报告，请一定要写书的作者和出版信息！之前请老师帮忙看的时候老师指出了我的版次问题，但没有扣分就是。（以前是读书报告+穿越家书，但由于读书报告老师好像只给4分（24分）或者5分（30分），所以拿到30分这一档的其实不少，这样的话家书60分就算给80也能上4了……所以在我们那个学期，老师给分应该算最好的几个学期。后面据说有好几个论文（应该是写的不好）被打了低分打电话问老师的，把老师整黑化了……\n\n3.另外写文章要看出你用了心。不要试图gpt生成一篇，或者东拼西凑来一段。读书报告不要过于宽泛，至少要点面结合。老师说评判的标准之一就是你真的有没有看完了这本书，而不是目录开头结尾梗概看完随便翻几页就哗哗开始写。我自己的读书报告基本就贯彻这一条，处处都显示出我看的比较认真且有思考（虽然我自认为我的思考不算多）。\n\n当年的标准很容易卡绩。因为以前是10+30+60。10是给满的，30是24/30，60老师又喜欢打整5整10的分，所以算出来都是什么85，88，91，94比较多……\n\n最后祝大家都能在这门课取得好成绩！
201163,3601,周佳,2024-10-29 12:38:21,0,0,0,半学期上下去感觉她作业留的十分混乱，第一个作业却有两个不同的设问，在我看来还不是一个意思（有可能是我的理解问题），第二个作业要写摘要，可是却根本没讲怎么写，直接评的分，对于我这种从来没写过摘要的人特别吃亏。唉，其次我觉得她上的史学规范与论文写作讲的太过空泛，我好像听明白了又好像没有，缺少实操性，总之这个老师很不适合我，但有可能适合其他人吧，反正，如果不是专业必修课，我这辈子都不想上她的课，太心累了。
201164,3601,周佳,2024-10-29 12:42:26,1,1,0,好无语
201165,3601,周佳,2024-10-29 12:44:54,1,1,0,。。。
201578,3601,周佳,2024-11-08 13:09:15,3,3,0,同楼下，我分不高。怪我不勤奋，错过了一次占20%的签到小测，最后3，3。老师讲课像是百家讲坛，而且风趣幽默，但是参与这门课程还是需要你擅长史学研究或肯下功夫，否则你最好选课时候斟酌你能否达到一个理想的双向奔赴，然后千万不要错过点名签到和小测。当然听了老师的课见识这样的讲课水准，我不怎么后悔；）
201867,3601,周佳,2024-11-07 05:32:44,6,6,0,每次课都出勤，确实我不是文科生，但我确实期中期末作业都是认真写的。知道老师求是，也已经有心理预期不会高，但是绩点这么低我是真没想到。心态已经炸了。各位如果想追求均绩请务必务必务必避雷。
201884,3601,周佳,2024-11-07 07:25:44,1,2,1,老师是挺好的，是我太烂了，给分很低
202079,3601,周佳,2024-11-09 04:56:43,0,3,3,很喜欢周老师，感觉很有学者风范。作为高中没选历史但对历史感兴趣的工科生，在课上真的学到了很多。老师嘴上说很严，但认真对待这门课分数应该不差。本人毫无历史学习基础也拿了满绩
202431,3601,周佳,2024-11-12 15:40:40,-3,0,3,老师是有学者风范的，讲课很有趣，会提出有价值的思考，但88卡绩还是不太能接受
202560,3601,周佳,2024-11-13 06:36:06,3,3,0,老师真的很有人文风范，认真听的话绝对很有收获。作业量不大，但要求挺严格。
202783,3601,周佳,2024-11-14 10:36:09,1,2,1,绩杀🫥🫥🫥
205368,3601,周佳,2024-12-05 07:01:16,2,3,1,老师太棒了喜提4.5绩点  上课讲的也超级有趣，不像别的课程破事很多，只有期中和期末小论文，超棒的周佳老师
206094,3601,周佳,2024-12-13 05:15:10,3,4,1,老师人特别好  专业素养超强 给分也很好 平时分基本全给 宋代政治与文化特别好玩 期末论文也很有意思 选上就是赚到
206528,3601,周佳,2024-12-16 00:57:15,5,5,0,周老师主张讲话写文章就要简洁，不要无病呻吟，堆砌字数，这个理念甚合我心，别的不说，就冲这一点我就给她打高分。而且只有期中期末两篇文章，事也少，打分很好，只要认真写绝对是高分，最后也给了我4.8绩点，上课也是言之有物，很棒，我上的是她的宋代政治与文化
206736,3601,周佳,2024-12-17 09:47:25,4,4,0,大一上遇到的讲课最吸引人的老师了，很棒呀
208738,3601,周佳,2025-01-01 06:57:22,0,1,1,怎么说呢 就是给分不好 绩点成绩低 每节课都很认真结果一看绩点没把自己气死
208806,3601,周佳,2025-01-02 05:59:57,4,4,0,老师真的非常好\n\n课上能学到很多干货，课堂氛围也很活跃\n\n给分方面感觉还是挺不错的。
208999,3601,周佳,2025-01-04 06:55:11,3,3,0,特别好！
209062,3601,周佳,2025-01-04 10:26:53,2,2,0,很好的老师，能在八次课之内逻辑清晰地讲那么多内容，听她上课像听书
209118,3601,周佳,2025-01-04 14:12:24,6,6,0,周老师，我宣你！！！！！！！！你是我上大学以来遇见的最喜欢的老师，强推给所有人，相信我，上过这个课之后，看到课上有很多历史素养很高的人，明白自己可能拿不到很高的绩点也是不会后悔的，周周老师把我折服了
209148,3601,周佳,2025-01-04 17:30:09,5,5,0,上的是宋代政治与文化，4.5，以下内容仅限此课程\n\n本人对历史很有兴趣（但不是历史专业的），本来是想选“近代中日关系史”，但没选到，后来看到这门课，因为对宋代的了解比其他时代少，想着学一学，所以就来了。\n\n周老师讲课极好，节奏流畅，历史脉络的讲解逻辑清晰，全面的介绍宋代，有时会带点幽默，认真听绝对收获满满，是目前最喜欢的老师之二（另一个是数分老师）。不过老师的要求也不低，想学历史的可以选，但要认真对待，想水的就别来了，自讨没趣。\n\n（老师请原谅我最后一节课玩了两节手机lol）\n\n老师的点名方式比较求是，课堂小测当作点名（只有一次），没交就没了，所以想水的真别来。\n\n有一节课老师还秀了一下日语，应该是因为看文献，老师的资料来源有很多都是日本学者的
209150,3601,周佳,2025-01-04 17:53:49,0,0,0,宋代政治与文化，短学期的课，干货满满。周老师很有人格魅力！！只点名一次，点名与小测相结合，很简单的，就是根据课堂刚刚讲过的知识点做个判断，两分钟就写完。作业只有一封三千字以内的家书，重史实，倒数第二周课堂上交。我是文科生但自认为不擅长历史，写了两千字出头。这门课没期末考。最后绩点4.2，也满足了。
209286,3601,周佳,2025-01-05 10:34:05,2,2,0,好帅的老师ww给了4.5不枉我写家书写成宋代小生
209424,3601,周佳,2025-01-06 02:36:48,0,0,0,其实老师很专业，讲的也很好，很有趣。但是分批的太严格了，期末60分的家书认真写拿了43分，唉。
214102,3601,周佳,2025-01-24 07:15:58,3,3,0,老师真的超级好，入学的时候被分到老师当新生之友，稍微有一点社恐哈哈哈。这个学期上了史学规范与论文写作，准备非常充分，全是经验之谈。对我这种还是有些迷茫的同学启发非常大，真的真的让我认识到到底什么是历史学。\n\n\n\n“如果说哲学求善，文学求美，历史学就是求真。真相本身就具有震撼人心的作用。”\n\n\n\n非常非常推荐！！
214610,3601,周佳,2025-02-14 13:04:26,2,3,1,遇见的最有风度最让我印象深刻的老师~！
18470,3619,林志猛,2016-01-21 16:49:19,16,20,4,上的很有见地，以及，给分神了……
18471,3619,林志猛,2016-01-21 16:54:12,3,5,2,炒鸡棒了。给分好。讲得好。
18479,3619,林志猛,2016-01-21 17:19:35,6,7,1,志猛哥哥讲课很有激情，也非常负责关心学生～
18487,3619,林志猛,2016-01-21 23:14:30,5,6,1,超级超级棒~推荐推荐~
18516,3619,林志猛,2016-01-22 01:33:21,8,9,1,老师一脸慈祥，富有人文关怀，会罩着大家哒
18523,3619,林志猛,2016-01-22 01:50:08,3,4,1,讲课有激情，有启发性。
18660,3619,林志猛,2016-01-22 08:44:36,-11,12,23,呵呵来评论的都是哲学系的同学吗。给分实在不敢恭维
27567,3619,林志猛,2016-06-27 03:42:12,5,7,2,没上过老师的课，但是我们的新生之友，一会请喝奶茶，一会请吃烤鸭，简直不能太棒
39545,3619,林志猛,2016-12-24 05:40:45,31,34,3,很认真回答同学疑问，可爱。和刘金桥很像。
45488,3619,林志猛,2017-01-19 15:20:37,7,7,0,老师这个给分\n\n真的让我感动！！！
45524,3619,林志猛,2017-01-19 16:19:49,13,14,1,大刘金桥
48448,3619,林志猛,2017-03-04 05:48:23,0,1,1,老师讲课很认真，好！
83871,3619,林志猛,2018-07-11 11:51:03,3,4,1,老师人很好，但是并没有感觉给分高
183529,3619,林志猛,2023-11-28 01:52:40,17,22,5,在任何一个正常学校，如果一门叫做《法哲学》的课的授课老师只让学生读柏拉图的《法律篇》，我们都可以称之为教学事故。然而这种荒谬的事情居然现实地发生在所谓的Top3大学之中。
188825,3619,林志猛,2024-01-20 06:00:21,0,1,1,。。。
188897,3619,林志猛,2024-01-20 13:18:30,0,0,0,?。。。。无语
189172,3619,林志猛,2024-01-22 08:25:03,1,2,1,由于不怎么感兴趣，课基本没听过\n\n最后八千字论文水到快1w，4.2，也还好，可以接受\n\n老师声音好小🥺感觉一副害羞的样子。不过很和善，人不错
200571,3619,林志猛,2024-10-19 13:05:36,1,1,0,您上古希腊哲学，我们会洗耳恭听，因为那是您的专长。\n\n至于您上法哲学，还是请您离这门科目有多远走多远吧，实在不行把法学院的法理学和宪法学纳入哲学学院的课纲，也比您上课空谈几千年前的《法律篇》来得实在啊……
211112,3619,林志猛,2025-01-10 22:43:58,3,3,0,《古代西方哲学原著选读》这门课居然只读柏拉图……实在令人疑惑为何不直接改名柏拉图选读
212953,3619,林志猛,2025-01-15 10:30:38,2,2,0,特别水。还会突击小测🤮给分真的好差啊啊啊啊啊。。。。每次上课本来就只有两节还要同学pre一节不要水的太明显
21279,3621,刘芳庆,2016-02-28 03:04:02,2,2,0,渣，不管是水平还是人品。
25902,3621,刘芳庆,2016-06-14 02:54:47,1,1,0,强烈要求停止外聘
23937,3637,龙瑜宬,2016-04-22 01:47:34,13,14,1,严谨认真
24571,3637,龙瑜宬,2016-05-18 00:43:20,33,38,5,只恨学习帝不能图片评论，不然分分钟让你们看看龙老师有多美
25954,3637,龙瑜宬,2016-06-14 14:25:02,5,7,2,赞赞的很有趣的老师~已经爱上读书了
29991,3637,龙瑜宬,2016-06-30 16:22:00,2,5,3,好，就是累\n\n
30162,3637,龙瑜宬,2016-07-01 04:15:32,-5,0,5,o o o
30876,3637,龙瑜宬,2016-07-02 17:14:41,4,6,2,能学到很多东西\n\n
52979,3637,龙瑜宬,2017-06-24 10:06:11,7,8,1,龙老师圣经与文学讲的也是几个老师里最好的！
59600,3637,龙瑜宬,2017-09-24 14:31:54,6,7,1,老师人美，非常亲切。
60202,3637,龙瑜宬,2017-10-13 01:13:13,26,27,1,公正美丽有原则的雅典娜
81362,3637,龙瑜宬,2018-07-05 02:15:52,9,10,1,世上怎么会有小龙女姐姐这么好看又善良的人啊！考试周的辛苦一下被治愈了
109986,3637,龙瑜宬,2019-06-21 02:58:46,5,5,0,喜欢老师上课点评的方式，课后交流老师也超级好！表白～
110531,3637,龙瑜宬,2019-06-27 09:59:28,6,6,0,老师我爱你！！！！！！！！
110863,3637,龙瑜宬,2019-06-28 12:09:02,7,7,0,很喜欢老师的上课方式，如果能读过相关资料再来上课一点更有收获
110883,3637,龙瑜宬,2019-06-28 12:48:06,4,4,0,太爱了！！！
110886,3637,龙瑜宬,2019-06-28 12:51:45,6,6,0,气质美如兰，才华馥比仙。真的是才思敏捷、很不一样的魅力女性了！
111244,3637,龙瑜宬,2019-06-30 17:48:13,5,5,0,神仙老师！课讲的好给分也好 能上她的课真的好开心hhh
117949,3637,龙瑜宬,2019-10-29 15:27:25,6,6,0,来这儿偷偷表白小龙女姐姐
124161,3637,龙瑜宬,2020-06-26 03:38:28,-7,2,9,老师会卡绩……
124170,3637,龙瑜宬,2020-06-26 09:46:21,5,5,0,呜呜呜小龙女姐姐也太好了，大家一定要来选
124981,3637,龙瑜宬,2020-07-30 15:09:15,5,5,0,小龙女姐姐是我的人生榜样
125868,3637,龙瑜宬,2020-09-15 05:42:54,4,4,0,还能说啥？就\n\n仙女呗
138438,3637,龙瑜宬,2021-07-09 07:22:12,2,2,0,哼，龙姐姐我也爱你，
138703,3637,龙瑜宬,2021-07-10 12:06:24,2,2,0,超爱的龙老师
164841,3637,龙瑜宬,2022-12-26 15:19:26,4,4,0,智慧美丽温柔可爱的小龙女！！！
172417,3637,龙瑜宬,2023-04-26 12:12:35,4,4,0,真的可以学到很多！
186158,3637,龙瑜宬,2024-01-09 06:16:59,5,5,0,而你，我亲爱的龙，是智慧和知性并存的女神！
186350,3637,龙瑜宬,2024-01-10 14:46:56,9,9,0,我永远爱龙老师！世界上怎么会有这么美丽这么善良的人
191747,3637,龙瑜宬,2024-04-29 12:40:04,8,8,0,龙老师的好真的无须多言了，感谢龙老师为我打开了世界文学的大门
208382,3637,龙瑜宬,2024-12-27 09:28:34,2,2,0,世界上最好的小龙女我该怎么说爱你
209379,3637,龙瑜宬,2025-01-05 22:21:59,1,1,0,美女老师😭
210917,3637,龙瑜宬,2025-01-10 06:39:35,3,3,0,妈妈级别的
211936,3637,龙瑜宬,2025-01-13 02:10:51,2,2,0,上过龙老师的两门课啦！爱世界文学
216008,3637,龙瑜宬,2025-03-09 10:46:11,2,2,0,美丽温柔 博学多才 耐心善良的龙老师
220075,3637,龙瑜宬,2025-06-14 14:52:37,1,1,0,大一工科小登已经被老师折服了，世界文学史yyds
38300,3663,吴义诚,2016-11-29 14:22:54,0,0,0,吴老师很有趣，讲课干货内容很多，讨论课也安排得很合理，课堂气氛挺热烈的。而且是双语教学，感觉到了自己英语水平的不足啊。课后答疑非常耐心，还会推荐很多书籍，是一位非常好的老师~
19480,3676,刘进宝,2016-01-24 10:50:07,14,15,1,哈哈哈哈哈我居然是第一个点评的！宝宝的课必须给满分！虽然每节课点名但是课真的好好！
19508,3676,刘进宝,2016-01-24 12:14:24,12,12,0,宝宝真的是个好老师呢，认真严谨、知识渊博、自带满点学者气质，给分也可以！
19579,3676,刘进宝,2016-01-24 23:10:23,14,14,0,“八十年代是个思想的时代，九十年代思想退潮学术突现”宝宝萌语录
22380,3676,刘进宝,2016-03-04 04:36:39,5,5,0,超萌的宝宝
38501,3676,刘进宝,2017-03-06 11:56:07,13,13,0,宝宝新语录:所以说历史总是...具有偶然性！\n\n不按套路出牌啊宝宝?
38813,3676,刘进宝,2016-12-19 07:29:00,20,20,0,“现在塔楼一样的学者已经非常少了，大多是一些旗杆似的学者。”
43191,3676,刘进宝,2017-01-16 03:13:56,11,11,0,亲切可爱的甘肃口音，讲到动情之处会手舞足蹈，像一个孩子
50196,3676,刘进宝,2017-05-01 06:45:58,5,6,1,敦煌学课真的很棒，好老师
50568,3676,刘进宝,2017-05-03 13:58:50,4,4,0,宝宝最棒，就酱。
50596,3676,刘进宝,2017-05-03 23:40:45,1,1,0,老师很好，作业是经常不按套路出牌的。o(￣▽￣)o
106259,3676,刘进宝,2019-04-26 03:09:50,6,6,0,宝宝超可爱啊给分超好啊\n\n上的敦煌学概述，平常没有作业，但是要看书，期末开卷考试宝宝还会提前告诉大家题目\n\n上课偶尔点名\n\n经常讲故事 可爱ớ ₃ờ
106260,3676,刘进宝,2019-04-26 03:14:01,3,4,1,偶尔点名，没有平时作业。老师讲课很细致，期末考试开卷考，给分也很好。为可爱的进宝老师笔芯！！！
109545,3676,刘进宝,2019-06-17 01:20:54,2,2,0,给宝宝打CALL！！！上课很有意思，治学态度令人佩服。上课还经常讲自己与大佬们的小故事hhh
114569,3676,刘进宝,2019-07-10 17:35:05,0,2,2,给分好，满了。希望课堂可以实一点。
114613,3676,刘进宝,2019-07-11 00:54:12,0,2,2,怒推！！！！！！大学以来最喜欢的两个老师之一！！！！都给我去选宝宝的课！！！！
116399,3676,刘进宝,2019-09-10 01:46:10,0,0,0,宝宝真的好可爱～口音好萌的说！爱他！！！
124654,3676,刘进宝,2020-07-05 06:01:42,0,1,1,作业要求说得不清不楚 转眼就绩杀 服了 当个性修的没想到反而拉低均绩 奉劝后来人别选
125903,3676,刘进宝,2020-09-15 12:15:28,4,4,0,宝宝超可爱萌萌哒！给分好事少！
131401,3676,刘进宝,2021-01-27 11:02:12,0,1,1,口音很可爱😊
131461,3676,刘进宝,2021-01-27 14:50:16,-4,2,6,老师很可爱\n\n但是史学导论非历史专业慎选\n\n课水且绩杀
137993,3676,刘进宝,2021-07-07 04:22:49,-1,5,6,别选别选！敦煌学概论基本没有干货，ppt阅读大师。每节课必点名，上课快进到催眠。口音需要努力分辨。最主要的是给分不好。前面夸奖的同学，不是反驳你们，我就是看了你们的那些闭眼吹选到的，泪目了。
137996,3676,刘进宝,2021-07-07 04:32:47,1,3,2,敦煌学概论，老师上课的内容基本书里面都有，但是老师会额外补充他和大佬们的故事，虽然口音有点点难辨认，但总体来说还是非常有趣的，作业认真做最后满了，总体而言老师还是非常不错的！推荐！
147393,3676,刘进宝,2022-01-10 02:28:06,0,1,1,好老师。
168779,3676,刘进宝,2023-02-22 07:14:19,1,3,2,想问一下这个老师现在也还是开卷考试嘛(敦煌学)
177533,3676,刘进宝,2023-07-03 15:18:47,1,2,1,敦煌学三剑客其一
192150,3676,刘进宝,2024-05-10 04:48:40,2,2,0,今年没有考试了，只用交作业
198416,3676,刘进宝,2024-09-08 19:15:49,6,10,4,作为教授和上课老师，10分，作为历史学院学科带头人，0分！在他的带领下浙大历史学科毫无起色，在浙大其他人文社科人才引进，学科评估几乎都取得进步（拿到A类）的情况下，历史学停滞不前！这一竺老时期浙大的优势学科现在沦为浙大最差的学科之一！难道不值得深刻反思吗？
202929,3676,刘进宝,2024-11-15 09:02:11,10,11,1,楼下你确定学科发展不行是刘的锅？整个华北都乱成一锅粥了。还有补充一下，论学科评估，中国史第四到第五轮是提升了2级的
204590,3676,刘进宝,2024-11-27 02:41:44,0,0,0,老师人很好
45388,3679,陈谷香,2017-01-19 13:42:58,15,17,2,水而分高
45403,3679,陈谷香,2017-01-19 13:49:51,7,10,3,非美术专业的学生感受到了浓浓的暖意。感谢老师的4.8绩点
45423,3679,陈谷香,2019-01-06 05:01:16,1,4,3,怎么说 觉得其实有点水 但认真学还是有收获 老师温柔 绩点高
64235,3679,陈谷香,2017-12-22 00:48:36,2,5,3,奇葩…经常会讲一些令人尴尬的事情
66116,3679,陈谷香,2018-01-12 02:35:17,3,7,4,上的老师的绘画史，出分前来评。老师人非常好，很耐心也很温柔，论文几乎是手把手教给你改了，感觉只要按要求来都不会太差。事情也不多，一篇论文展示自愿。上课有点水，但只要听还是有收获的，就这样。
66280,3679,陈谷香,2018-01-14 14:42:32,1,7,6,老师知识很渊博，讲得也很清楚，外专业学生也能听得很明白。绩点还没出，不过先打个10分。
71279,3679,陈谷香,2018-01-28 08:38:10,2,4,2,上课很水很尴尬 不知道在笑什么
71866,3679,陈谷香,2018-01-29 04:51:36,9,9,0,说实话老师讲课有点无聊，但是给分超级超级好，而且本专业外专业分开打分，修个性的话强推！！认真写论文分数不会差的！
73132,3679,陈谷香,2018-02-01 03:33:31,4,9,5,我是来学东西的\n\n给分高也不能掩盖讲课水平低的事实。
80058,3679,陈谷香,2018-06-19 10:05:50,1,2,1,水而分高+1
100226,3679,陈谷香,2019-01-25 23:52:00,3,4,1,老师实在是太好了呜呜呜，非美术专业的学生对老师的善意给分很感动！
100439,3679,陈谷香,2019-01-26 06:34:43,2,7,5,上课基本上在读ppt和诡异哭诉中切换....有次哭了一节课哭诉浙大对老师什么什么....给分高又怎么样呢  而且也有莫名给低分时候啊
169546,3679,陈谷香,2023-02-27 01:32:55,0,0,0,给分低，可能是我自己的问题吧
170699,3679,陈谷香,2023-03-08 07:49:46,2,2,0,看了老师的论文感觉研究水平很高 但是讲课可能不太系统 中国绘画史给分是专业内专业外分开排名
172021,3679,陈谷香,2023-04-17 15:39:58,-1,0,1,懒得上课的感觉 自己讲本来蛮有意思的 总是喜欢凑学生上去展示 而且居然有老师相信印第安是殷地安 这基本的历史常识没有嘛？
190065,3679,陈谷香,2024-02-18 12:56:16,-1,0,1,上了绘画史，确实水而分高。老师比较随意，早八有时迟到。平时没事，期末一篇三千字论文，专业内外分开打分。
218220,3679,陈谷香,2025-04-22 06:05:01,0,0,0,老师给分无敌好，上课也是真的很有趣，很喜欢讲一些有趣的故事，还经常分享自己的见解，真的非常好的老师，不明白为什么评分不高
17804,3682,金少华,2016-01-21 01:58:35,3,9,6,之所以在成绩出来之前就评分，是因为老师人太好了。
18998,3682,金少华,2016-01-23 02:52:31,2,12,10,可能是经验不足，上这堂课感觉并不是很好，很多形势方面的都不清楚，虽然不点名但是要做展示……而且给分也并不是很好
21814,3682,金少华,2016-03-01 07:18:20,12,32,20,讲课很热情，从来不点名，研究敦煌写卷的老师～但以前是电气系的。上课有展示，评分是展示加论文结合～只要你认真做了这些给分应该就不错
26431,3682,金少华,2017-12-28 03:24:41,7,13,6,给分一般
59259,3682,金少华,2017-09-20 11:32:23,3,7,4,一般般
59272,3682,金少华,2017-09-20 12:01:56,26,32,6,这是我看到过 最喜欢尬笑的老师hhhhhh比较萌
59833,3682,金少华,2017-09-27 10:47:55,5,7,2,老师很努力\n\n很烦第二排某男生一直在插话
61568,3682,金少华,2017-11-18 15:27:25,1,4,3,喜欢这个喜欢尬笑的老师，在成绩还没出来就忍不住评分了。
62619,3682,金少华,2017-11-26 07:50:15,-1,3,4,老师还不错。
62627,3682,金少华,2017-11-26 08:31:31,4,9,5,老师人可好了，还会耐心的和你聊天，分数超好，估计是我这学期绩点最高的一门通识课了，就是出成绩比较慢。
62629,3682,金少华,2017-11-26 08:35:48,-4,3,7,说句实话，课有些无聊，学到的东西不多。但是，可以看出老师是想把这个课上好的。尬笑也很可爱，上课要求不多，写两篇文章就可以，算是很良心了。给分也还不错哦。
62631,3682,金少华,2017-11-26 08:38:58,0,4,4,为什么给分这么低
62632,3682,金少华,2017-11-26 08:39:27,7,12,5,水课，无分，慎选
62637,3682,金少华,2017-11-26 08:45:28,2,4,2,上课不点名，水水的，成绩根据展示加两篇文章，绩点一般
62638,3682,金少华,2017-11-26 08:45:34,1,2,1,收获很少
62639,3682,金少华,2017-11-26 08:46:19,1,9,8,很伤心了，认真写的论文不如其他同学基本复制粘贴的要高，绩点给这么低我觉得产出比不上投入吧。建议论文就全抄吧。
62640,3682,金少华,2017-11-26 08:46:29,1,5,4,醉了，我辛辛苦苦写的论文，呵呵哒3.3\n\n平时还可以，上课可以干自己想干的事。给分，心累。
62641,3682,金少华,2017-11-26 08:46:49,-4,0,4,特别水的课，当然如果自己想认真学还是可以的
62642,3682,金少华,2017-11-26 08:52:52,9,15,6,上课笑眯眯，给分mmmmmp
62663,3682,金少华,2017-11-26 09:57:59,2,7,5,老师上课尬笑超可爱的www上课也会讲一些有趣的东西。论文用心了分数肯定是高的，只是不推荐之前没有接触过历史论文写作的人选，不然可能不知道自己绩点为什么这么低
62665,3682,金少华,2017-11-26 10:08:32,0,4,4,蛮不错的 综合来看 付出和收获成正比  很满足\n\n
62666,3682,金少华,2017-11-26 10:17:24,0,4,4,老师人挺好的，讲课也认真，就是喜欢尬笑，对敦煌有兴趣的同学可以选，能学到很多知识。
62667,3682,金少华,2017-11-26 10:17:31,0,4,4,老师人很好 论文作业也是正常量 绩点就看你作业和展示课表现
62683,3682,金少华,2017-11-26 11:08:06,0,4,4,真的，他的尬笑，呵呵呵，哈哈哈，给分不错，正态也是没办法的，好好写论文吧
62732,3682,金少华,2017-11-26 15:43:46,1,4,3,老师会对同学的问题解答很详细！
62806,3682,金少华,2017-11-27 04:31:37,1,6,5,为老师正名吧，上课挺好的，偶尔看看视频也不会太无趣，认真做ppt和论文还是很好的，我没有专业知识查了很多书籍资料觉得给分也挺好的。评分不知道有多少人是前几天出成绩不满意就来查老师跳的，真的幼稚
65064,3682,金少华,2017-12-30 07:39:20,1,5,4,老师对没来的同学很宽容啊，有同学不交作业，老师还愿意停课以后的下一周来教室等同学们交，给分也很不错，我觉得自己论文写得一般都4.2了。唯一的缺点就是真的挺没意思的，老师上课一直切换PPT，但我感觉都是同一张，可能自己确实对敦煌写卷没兴趣吧。老师还是很nice的
65938,3682,金少华,2018-01-10 11:28:54,0,4,4,这课太养老了 没有恶竞 舒服
66108,3682,金少华,2018-01-12 00:11:58,1,5,4,我觉得这门课上的挺好的啊，虽然老师会尬笑，但其实还是能学到很多东西的啊，感觉老师讲的俗字什么的真到位非常有趣！\n\n论文认真写的，展示认真准备了，还没出分……这次论文是我写的第一篇论文，看完评论有点虚……\n\n不过还没出分，出分再补充。\n\n就上课内容来看我觉得值得选，没有评论说的那么水。
66176,3682,金少华,2018-01-12 11:51:49,-1,3,4,老师是研究敦煌写卷的  所以课程也好论文也好主要是这个方向  跟我想象差距有点大  给分还不错  主要还是得自己认真写论文。
66818,3682,金少华,2018-01-19 07:14:04,7,9,2,和选课的时候预期有差距，本来是想来了解敦煌的文化和风土人情的，结果发现老师是研究敦煌写卷的，所以上课内容也是写卷相关…但总体来说还是个很亲近的老师
70816,3682,金少华,2018-01-27 14:27:17,-39,4,43,攻略：本人第一堂课去了，第二堂课翘课建qq群布置小作业，第三堂课去了结果发现要交小作业，当堂写了1500字下课打印交给老师。第四堂课翘了老师点了没在qq群里的同学被当堂查杀。我痛定思痛苦苦思索一晚如何让老师忘却那个年幼无知不懂事的我。后忽醒悟遗忘是最好的疗伤药。于是隐姓埋名继续翘课让老师渐渐遗忘了我，最后论文3900字，绩点4.5。
70817,3682,金少华,2018-01-27 14:30:21,4,7,3,老师很好，绩点太低
70821,3682,金少华,2018-01-27 14:36:47,2,5,3,给分极差
70834,3682,金少华,2018-01-27 15:04:34,0,5,5,我认真准备了展示资料，认真用两整天写了论文，为什么要给我3.3？？
70845,3682,金少华,2018-01-27 15:35:22,-1,4,5,绩杀。
70934,3682,金少华,2018-01-28 00:31:12,6,11,5,老师超级萌超级可爱，上课很有意思，有很多干货。最后的论文只要认真写，有自己的一些感悟，给分就很好。太喜欢金老师啦～
70963,3682,金少华,2018-01-28 01:05:35,17,35,18,楼下那个两整天的……emmm算了不多说了，我4.5，91，觉得付出了近一个月打磨论文，老师看在眼里吧，虽然没有到我的心里预期。给一下建议☞选题角度小，新颖，最好能特殊化以及和现实情况相结合。格式也要好看。
73574,3682,金少华,2018-02-02 04:07:55,2,4,2,老师讲的还行，从来不点名，给分完全看自己的能力，认真做了应该不会太差。
73950,3682,金少华,2018-02-03 18:00:28,3,5,2,老师平时笑呵呵的。课上写卷其实不大让人懂啦，和我预期的敦煌文化欣赏有差距，更偏理论一些。作业认真做，4.5。
78124,3682,金少华,2018-05-09 12:10:00,-10,7,17,慎选！！！亲测大学语文全上成文言文，不按照书本，鲁迅什么的文章你不上吗？期中作业文言文自传，期末是闭卷考文言文篇目翻译，很差劲，这根本不是大学语文，是你的古汉语专业课吧？
81232,3682,金少华,2018-07-04 11:18:46,15,22,7,刚刚交完期末作业，我就来评分，因为真的想为大家安利这个肥肠有趣的老师了。大学语文是老师第一次开课，整体结构还有些不成熟，但是拓展的内容很好玩也不难理解，期中一篇文言文自传，下笔很难但是慢慢写还是磨得出来的，没有字数要求。期末是一篇翻译，看群里dl们讨论很多难点就知道了，然后推荐一个在线网站国学大师，很好用，但是典故什么的还是问度娘吧。老师的尬笑非常真诚，能感受到他想把课上好的想法，课程内容真的贼有意思所以好好听肯定有收获。
83617,3682,金少华,2018-07-10 23:59:43,4,7,3,选到了老师第一次开课的大学语文，由于老师自身研究方向的原因，课上都在讲文言文相关知识，但是一点都不枯燥，很有意思，对这方面感兴趣的同学强烈推荐。期中一篇文言文自传，期末一篇翻译作业，只要认真完成了，老师给分超级棒的！
83627,3682,金少华,2018-07-11 00:27:39,5,7,2,不点名，原来听说只讲文言文也不想听的，但老师人格魅力折服了我，真的很用心备课，态度非常认真！课上还是有很多有趣的干货，应该是最棒的大学语文了。
83636,3682,金少华,2018-07-11 01:16:23,2,2,0,爽的不行
83637,3682,金少华,2018-07-11 01:16:46,4,4,0,我觉得至少大学语文群里大多数人都会觉得分数会对得起你自己的付出，是个好老师
83638,3682,金少华,2018-07-11 01:20:16,4,4,0,老师人很好，上课讲的也很风趣，大学语文课上，感觉收货了许多古典文学的知识，非常好的老师，大学语文课期末作业也不难，可以说是非常不错了，强烈推荐去上老师的课。
83639,3682,金少华,2018-07-11 01:23:50,5,6,1,老师人不错，给分看态度，从来不点名。
83640,3682,金少华,2018-07-11 01:43:43,4,5,1,分数是靠自己努力得到的，感谢这样的老师。
83645,3682,金少华,2018-07-11 02:08:33,7,10,3,上的金老师的大学语文。老师真的很不错，平时讲课专业，上课自由，任务很少，整个课程只要一篇文言翻译和一篇文言自传，最后给分很好，至少你付出多少一定会物超所值。PS:老师上课最喜欢讲的是文字的演变哦，喜欢研究文字的同学的福利！
83834,3682,金少华,2018-07-11 09:31:25,4,6,2,老师很可爱的，可以看出老师从心里想把课上好，整天关心我们有没有听懂
84051,3682,金少华,2018-07-12 02:46:47,3,9,6,老师的大学语文又水给分还高还没考试
90629,3682,金少华,2018-11-24 15:30:06,5,6,1,敦煌这门课真的不错，老师是我上过的通识课中少有的上课时热情澎湃的，可以看出真的很喜欢敦煌，很想把课上好，虽然上课的内容与想象的敦煌风土人情有差异，依然被老师叙述的敦煌写卷吸引，推荐大家选这门课
90636,3682,金少华,2018-11-24 15:47:40,4,5,1,老师真的炒鸡有热情的！就是笑点有点突然hhh论文好好写～给分不会差❤️
90640,3682,金少华,2018-11-24 15:53:27,1,3,2,很好的老师
99509,3682,金少华,2019-01-25 01:42:58,1,4,3,我很水 水了3.9
99538,3682,金少华,2019-01-25 02:26:46,1,3,2,感恩！！
107826,3682,金少华,2019-07-04 08:46:02,-11,9,20,自传挥笔立就，翻译磨了一两天，平时没去过课，4.8
109825,3682,金少华,2019-06-19 13:40:31,4,6,2,老师真的很可爱、很用心，人也很好！点名会明确告诉你是第几周，还会反复提醒，作业的期限也十分宽，很爱笑，很有热情，看得出来也很喜欢现在古籍研究的工作。分数还没出，预先好评啦！
112376,3682,金少华,2019-07-04 03:14:34,-4,3,7,好老师o(^o^)o
112383,3682,金少华,2019-07-04 03:23:09,5,8,3,给分好差啊 可能是我太弱了吧...
112388,3682,金少华,2019-07-04 03:40:52,12,22,10,没翘过一节课，期中的文言自传写了一周，为做期末的翻译把古汉语常用词典翻遍，为了解释原文里“内外百官考”把唐代考课制度的论文看了个遍，最后绩点3.3。有的人经常翘课，绩点4以上，我还能说什么？或许老师铁面无私吧，不会因为你不翘不占平时分的没有点名的每一节课而觉得你态度好而给你高分，只会以自己公正无私客观真实的评分标准来从你的作业里评分吧。另外，老师可真是善行小慧，坚决不加微信群，学生只能单独加他，呵。公披狐白裘，不知人间寒。
114925,3682,金少华,2019-07-12 21:42:18,3,3,0,真的很不错！作业有点麻烦但比写论文和考试有趣的多！
115097,3682,金少华,2019-07-15 12:35:20,2,2,0,很爽的老师
115552,3682,金少华,2019-08-03 07:30:49,-30,3,33,论文建议直接从知网上复制粘贴。若是勤恳恳地自己写，那就等着被绩杀吧。
119878,3682,金少华,2019-11-16 13:01:10,2,2,0,老师人很好人很好，敦煌任务也少，点名会提前说，给分也很好，只要你写卷抄写认认真真做了，就可以拿高分。是真的很好。上课内容也是干货，老师讲课也挺好的，没有相关基础的也可以融入！希望大家多听听老师讲课吧
124457,3682,金少华,2020-07-01 12:07:16,2,2,0,超好的老师
124506,3682,金少华,2020-07-02 07:06:40,3,4,1,大学语文，事少，上课有趣，给分不错
125107,3682,金少华,2020-08-31 14:20:22,7,7,0,大学语文，作为博雅技艺事情真的很少，1个墓志铭翻译1个自传，好好写就行了，平时课没咋听过（主要总是讲汉字实在兴趣不大而且不是很懂），4.2
127416,3682,金少华,2020-11-22 17:06:40,-66,4,70,大学语文才4.2…\n\n感觉和自己的预期蛮不符合，唉，可能是我太菜了吧。\n\n不过老师真的很不错，给八分。
129570,3682,金少华,2021-01-07 14:03:59,2,2,0,大学语文，任务只有自传＋翻译，很佛系很好的课
132774,3682,金少华,2021-02-03 13:57:32,5,7,2,冬学期的大学语文，花了两周写期中的文言文自传，三周磨出了墓志的注释和翻译，最后圆满。老师备课很认真，讲篇章，专业知识侧重点完全符合他的研究方向哈哈哈，八堂课听下来可以学到很多（就是音韵实在太难了SOS）。感觉是通识里很有干货的一门，成绩是只要用心做，一定有回报。
135332,3682,金少华,2021-05-08 06:42:27,-1,1,2,。。。
138673,3682,金少华,2021-07-10 09:02:02,6,6,0,有点离谱这给分 我真的很认真 还找了好多同学帮我看看 无语了
144534,3682,金少华,2021-12-26 03:12:38,2,2,0,挺好一老师
144549,3682,金少华,2021-12-22 08:18:03,2,3,1,【大学语文】很好很用心的老师，上课内容是分析几篇常见的文言文，可以学到很多，真的就是听几节课讲座。作业是古代碑文的辨识和翻译，不难的。
150945,3682,金少华,2022-02-21 09:28:19,3,3,0,挺好的，老师上课内容挺丰富
153306,3682,金少华,2022-04-28 01:12:03,4,5,1,一次纸质签到\n\n老师人超好\n\n给分也很好诶\n\n最喜欢听他说“诸位”的时候了哈哈哈
154703,3682,金少华,2022-06-03 17:59:19,4,4,0,大学以来第一门超级喜欢的课程！几乎每一节课都兴趣满满，恋恋不舍下课，老师准备很多但是总讲不完，每次我都想说老师我愿意拖堂的！！！\n\n上课从古代的天文知识、唧唧含义的探讨，到古代名家散文的欣赏，再到李斯，到格律，到别赋\n\n只能说老师一己之力让我想转专业！
155338,3682,金少华,2022-06-11 05:49:55,2,8,6,他给了我95\n\n我却只能给他10\n\n超级好的老师\n\n钉钉回复超级及时\n\n最后一句诸位 我们结课啦 真的很感动
161947,3682,金少华,2022-11-15 09:28:33,1,1,0,事少分低
161956,3682,金少华,2022-11-15 11:18:32,1,1,0,每节课都认真听了，直接扫去一天的疲倦，金老师学识渊博，上知天文下知地理，喜欢讲文字演变和古音学，上课也很有意思，喜爱古代中国文化的不可错过！！
161957,3682,金少华,2022-11-15 11:18:28,-2,2,4,尽力了，课太水感觉学不到什么不，给分随缘
161958,3682,金少华,2022-11-15 11:26:46,0,1,1,东西太偏，给分随缘，课程太水
162047,3682,金少华,2022-11-16 09:12:41,3,3,0,3.6。。。
162093,3682,金少华,2022-11-17 00:19:07,1,1,0,老师真的很好！学识渊博，上他的课可以学到好多东西（但是他的课可能更多按照他的研究和节奏来讲，不会按照一般的大学语文设置来）~课程内容主要是一些代表性文本的分析，还有一些研究方法，和相关的文言知识（星宿、格律之类的），平常不点名，第一节课就说好了作业内容和标准，作业认真做就绩点高捏（认真做作业被老师捞到刚好4.5嘿嘿）~很喜欢老师的性格，下课会很详细地回答问题，而且感觉很真诚！！
162232,3682,金少华,2022-11-18 04:14:29,0,0,0,老师很好，讲课很风趣。没有考试，作业也很少，认真完成就好啦
162507,3682,金少华,2022-11-24 00:51:39,1,1,0,讲古汉语文言文，加以天文地理，人文历史，发音等等，作业很少，至少我这学期只有期中期末作业和一次随便写一句话的作业（代替点名），最后的给分，还好吧，毕竟作业那么少，评判学生的水平也不太容易
162770,3682,金少华,2022-12-06 03:42:07,0,0,0,卡绩了QAQ但老师有问必答，是一个好老师！
163091,3682,金少华,2022-12-07 07:46:35,0,0,0,非常可爱、大学语文课有点跳脱，但能学到东西，作业耐心做可以拿好成绩～平时不会的在钉钉上问老师也会得到及时回复
163163,3682,金少华,2022-12-08 11:41:10,1,3,2,很水，但是给分很迷，我觉得自己作业还蛮认真，但是只有3.6
163429,3682,金少华,2022-12-14 09:23:15,1,2,1,我觉得老师的课还挺好的啊，老师知识面很广，让我看到了很多，讲课也很有热情。大学语文，做的比较认真，感谢老师给的满绩
163456,3682,金少华,2022-12-14 11:13:09,1,1,0,虽然我卡绩了 但不得不说老师上课很有意思 事情也不多
163475,3682,金少华,2022-12-14 11:54:59,-2,2,4,上课有趣的老师，作业很少，给分也不错的。理科生，4.5，收获大量快乐，我感觉已经非常好了。\n\n他“点名性质的小测”确实是点名性质的，发张纸，写姓名学号，然后时间足够的话，写自己最喜欢的文学作品名字和里面的一句话，时间不够的话，就不写也行。\n\n那天正好在下雨，于是我写的是“奥雷里亚诺，马孔多在下雨”。
163722,3682,金少华,2022-12-16 04:19:17,2,2,0,老师很可爱啊呜呜呜 事情也不多 给分好（前提是你得认真做） 上课超级有热情
164075,3682,金少华,2022-12-18 00:43:25,1,2,1,老师的课很有趣，知识丰富，作业也少，就点了一次名（鬼知道那次我怎么会因为迟到想摆烂不上，好在课上有两个同学提醒我），作业我都是在课上拿电脑写的，最后给分4.5，有点惶恐感觉做的没有非常好，但还是谢谢老师
165685,3682,金少华,2023-01-09 09:11:04,6,6,0,老师人超可爱！问问题也会及时回答！两次评分作业开始就讲清楚了，不论是想氵学分还是想学到真知识的uu都非常推荐！！！认真做作业分数超好的😍
166542,3682,金少华,2023-01-12 16:48:46,9,11,2,每节课都到 两次作业都认认真真写 最后3.3 共勉
166986,3682,金少华,2023-01-14 13:13:34,4,4,0,大学语文，就两次作业，一次抄繁体字，一次翻译，可以说是事情很少了，真想拿分的话只要用点心就好了。
173697,3682,金少华,2023-06-01 15:17:45,3,3,0,事真的不多，认真写作业给分也还好。老师知识面太广啦，每次下课都感觉收获满满、意犹未尽。喜欢古代文学的朋友们冲！
173963,3682,金少华,2023-06-05 08:51:04,0,1,1,大学语文，事少，给分还行
180565,3682,金少华,2023-09-23 02:21:13,1,1,0,文选导读，课很硬，师强我渣，认真做作业听课写论文，给分还是可以的，只能说比较实事求是，一分辛苦一分收获
182033,3682,金少华,2023-11-08 13:26:59,1,1,0,讲课很好，上课也不点名，放心选
183028,3682,金少华,2023-11-21 15:03:58,0,0,0,感谢老师捞我！！！
183054,3682,金少华,2023-11-22 02:33:05,5,5,0,上课讲的内容和我预想的大学语文还是有点不一样的...个人感觉更偏重于考证而不是文学...每次上课都来，作业认真完成，绩杀了💔💔💔
183067,3682,金少华,2023-11-22 04:03:23,2,2,0,老师很博学，大学语文事少分高，就一篇抄写一篇翻译，认真写分不会低
183180,3682,金少华,2023-11-22 14:13:59,4,4,0,虽然不点名作业少 并且课讲得也很好\n\n但是我认真完成被绩杀了\n\n谨慎
183197,3682,金少华,2023-11-22 15:11:42,0,0,0,老师很好，我比较弱，3.6，确实努力了但没达到老师要求吧
184090,3682,金少华,2023-12-08 11:16:40,0,0,0,老师课讲的超级好，不听甚至有点惭愧。\n\n一次点名，一般是最后那么几节课。作业就是一个在网上找不到翻译的文言文文段，期中作业是繁体字转简体字且找出不规范用字，老师提供的有电子版字典（而且简体字版本在期末作业的文件里有，可以去对照）。起码是翻译文段。\n\n交作业那天看见助教了，作业应该是助教改。给分…自认为写的比较认真，最后3.9
184813,3682,金少华,2023-12-23 04:32:21,0,1,1,老师讲得很好，作业量也不太大，虽然对于语文不好的同学看似简单的作业也费了一番功夫……总体来说上课体验很好，只在最后有一次纸质点名，整体还是比较轻松的，适合对汉语言感兴趣的同学。作业都认真写了，最后出分4.2，供参考。
188594,3682,金少华,2024-01-19 10:29:08,-1,3,4,老师太好了，大学语文事少分高谁懂啊
188614,3682,金少华,2024-01-19 11:54:11,0,2,2,大学语文:\n\n以回答问题的方式点一次名，老师讲课很有水平，期中作业是抄繁体字，期末作业是翻译文言文，没有考试。给分因人而异，没有比较好的文学功底和文言文功底的还是比较容易绩杀的，理工科学生如果在意绩点慎选！
188712,3682,金少华,2024-01-19 15:55:47,0,0,0,大学语文点一次名，老师感觉很有水平，讲课也不错，事情比较少，期中抄一篇繁体字，期末翻译文言文。但是文学功底不好的uu慎选，理工科在意绩点的uu慎选，只能说事少，分高适合于那些基础好的。
189179,3682,金少华,2024-01-22 09:17:38,1,2,1,选的大学语文，老师上课挺有意思但是想自习也没有问题，一共两次作业，算是事少吧，但是本人文学基础不好所以都忙活了挺久的，综合起来应该算任务量和绩点丰俭由人？建议做的时候可以找汉语言或者古籍研究相关的专业的同学请教一下。最后出分4.8供参考。
189891,3682,金少华,2024-02-01 11:45:47,3,4,1,汉语言文学选手 3.6 悲伤那么大哈
200383,3682,金少华,2024-10-16 12:05:30,2,2,0,非常有水平，也非常感谢老师，少有在学校听到的有干货的课程。没出分，但是我知道假如分数不高只能是我自己水平不够，老师治学很严谨，人也很好。
202439,3682,金少华,2024-11-12 17:53:51,3,6,3,老师事真的很少，从不点名，一学期交两次作业即可。成绩按作业质量来的，一次繁体字抄写一次是翻译文言文。上课很认真讲很多干货，但我没听，忏悔一下。抄写是手写大概一页浙大方格纸。文言文翻译我是上ai了，然后ai不足的地方查了一些资料，结合了好几个ai。这个要求给打印稿。最后绩点4.5真的很开心，因为这门课翘了好几次，作业也不是特别认真写完的，老师真的很好，感谢🙏
202622,3682,金少华,2024-11-13 11:34:55,1,1,0,老师人真的很好，讲课也非常有水平有深度，对于喜欢古代文学的人真的是福音！！\n\n大学语文事情是真的非常非常少，老师也不点名，唯一一次类点名是交课堂作业哈哈哈哈哈，甚至关注到线上的同学允许钉钉交。\n\n真的是非常非常好的老师，虽然我被卡绩了（）但是真的感受到了文言文的魅力，学到了很多知识！
203237,3682,金少华,2024-11-18 09:01:50,-17,1,18,煞笔老师，我鈤尼玛，你凭什么给我3.0绩点，卧槽你八辈
207153,3682,金少华,2024-12-19 12:30:44,0,0,0,老师人很好，讲课很有深度，在教室后排摸鱼也能时不时听一嘴知识，很喜欢老师的声音，很有气势哈哈哈哈。\n\n点名的话，后面几节课的某一节会让大家在纸上写一些东西（今年是读过的赋，其实写什么不重要，权当点名）\n\n不知道是不是随机给分，今年的翻译作业我用心写了，查了一些资料，给分好的有点点出乎意料！
212298,3682,金少华,2025-01-14 01:01:53,0,0,0,强推大学语文，事少分高\n\n只有期中期末两次作业\n\n一次抄繁体一次注释\n\n虽然不能说毫无难度，但是可以请教一下相关专业的同学，或者利用输入法写繁体\n\n上课真的很有水准，如果你热爱语文的话真的很值得听哪怕不考虑分\n\n最后是4.5，非常满意
213857,3682,金少华,2025-01-20 13:18:04,0,1,1,事少对应的就是容错率较低了，两次作业都需要很用力，不知道怎么用力可以直接问老师，我怎么没想到嘤嘤嘤
102080,3846,胡瑜兰,2019-01-30 10:47:03,0,0,0,...
110452,3846,胡瑜兰,2019-06-27 01:12:09,1,1,0,挺好，PPT很多，认真听最后还行
116113,3846,胡瑜兰,2019-09-04 06:57:16,1,2,1,胡老师人特别好，非常关心学生，备课非常认真，讲得很细致！
138113,3846,胡瑜兰,2021-07-07 11:03:25,2,2,0,胡老师人超友善，但上课相对无聊
170615,3846,胡瑜兰,2023-03-07 07:50:17,0,2,2,真的烦。。。。烦死了
190946,3846,胡瑜兰,2024-03-25 07:31:48,1,1,0,信息回的很快，尊嘟是超级平易近人的一位老师呀！
201202,3846,胡瑜兰,2024-10-30 05:32:40,2,2,0,原本以为老师很古板，但没想到还是一个很关心学生很用心的好老师
205776,3846,胡瑜兰,2024-12-12 03:29:20,1,1,0,妈妈，妈妈…
209648,3846,胡瑜兰,2025-01-06 12:05:33,1,1,0,胡老师人很好！学识很渊博，能收获到很多🥰
209651,3846,胡瑜兰,2025-01-06 12:25:45,0,0,0,胡老师讲课非常耐心，对待同学也非常负责认真，在同学提出需求时候能及时给予反馈
70918,3875,郑英蓓,2018-01-28 00:13:56,0,2,2,萌萌哒
71563,3875,郑英蓓,2018-01-28 15:30:00,4,8,4,人真的很好 很温柔~
74393,3875,郑英蓓,2018-02-18 08:47:05,2,6,4,绩杀 辣鸡
75074,3875,郑英蓓,2018-03-07 08:09:27,0,3,3,人很好
78046,3875,郑英蓓,2018-05-09 06:34:49,2,5,3,绩杀辣鸡
80827,3875,郑英蓓,2018-07-01 13:19:39,2,4,2,绩杀 绩杀
88352,3875,郑英蓓,2018-10-29 07:37:00,-1,1,2,老师人真的很好啊 很温柔 听她的课很舒服 刚进大一在她的思修课上学会了做ppt
104838,3875,郑英蓓,2019-04-30 16:14:40,0,7,7,一个大傻逼 猪一样的 天天细声细气说话 其实就是个腹黑女
107004,3875,郑英蓓,2019-04-30 16:15:08,0,3,3,人超级好！
193979,3875,郑英蓓,2024-06-21 07:25:46,3,3,0,绩杀！
193989,3875,郑英蓓,2024-06-21 08:07:09,3,3,0,真正的急刹
194026,3875,郑英蓓,2024-06-21 12:57:27,3,3,0,超级绩杀……
207516,3875,郑英蓓,2024-12-22 13:38:15,2,2,0,绩杀！快逃！
219844,3875,郑英蓓,2025-06-08 13:56:16,-1,0,1,呃呃呃我给你个10分不要杀我的形策好吗
220174,3875,郑英蓓,2025-06-16 04:02:23,0,0,0,形策击杀呵呵呵
220277,3875,郑英蓓,2025-06-17 04:53:58,0,0,0,背了一天半能高绩点 大家还是不要缺勤（身边统计学我们寝室绩点还是高的）
77935,3956,冯培红,2018-05-08 16:30:27,-5,10,15,很好的！
81575,3956,冯培红,2018-07-05 12:36:53,0,13,13,老师人很好，讲课很好，我超级喜欢
84199,3956,冯培红,2018-07-18 09:16:30,22,38,16,难受，千万别选丝绸之路
84324,3956,冯培红,2018-07-12 14:38:58,14,24,10,有点难受就是一门课毁了整个学期的绩点\n\n不否认老师很好，对丝路领域颇有建树。就讨论课来说是我了解到的事情最多的了吧……实话平时也付出很多，但是期末闭卷考真的颇为艰难，不知道范围，大海捞针。真的不是对历史和丝路很有兴趣的话还是不要选了吧，真的不要因为它是通核而来，重要的是如果理论课想水一水的话真的不要来.....
84753,3956,冯培红,2018-07-13 21:32:26,3,17,14,期末的内容选择题大部分来自于平常的小测，名词解释等题也来自于平常上课（一定要认真做笔记啊），其他题可以自由发挥。（但是还是得说历史与地理更好的同学选更占优势）\n\n平时要多发言....展示认真准备，都是算分的...布置的两个小作业认真写.....平时分不会低
84763,3956,冯培红,2018-07-13 23:02:13,-2,10,12,期末的内容选择题刚好一半来自于平常的小测，名词解释，他们平时讲了那么多东西，根本没有复习范围，鬼知道会考“玉门关”“尼婆罗道”考“二宗三际”“《回回药方》”？其他题可以自由发挥？画一个亚非欧大地图（相当于半张世界地图了） 你说自由发挥？地中海红海里海黑海咸海拉姆河塔里木河都在哪是可以自由发挥的吗？“平时要多发言....展示认真准备，都是算分的...布置的两个小作业认真写.....平时分不会低”对，但请大家记住，这是事情最多的通核，而且占比50%的期末考崩，谁还给你加平时分？
85351,3956,冯培红,2018-07-17 07:42:16,4,16,12,非常好的老师，会唤起你对丝绸之路的兴趣，讲课生动，娓娓道来
85497,3956,冯培红,2018-07-18 13:52:42,17,30,13,有一门通核 丝绸之路与中外文化交流。对历史没有真正兴趣的同学慎选，别为了上通核而上通核。任务之繁重，考试之艰难，得分之低廉，令人气馁。 既知正态，也就不怕这些，但苦的是一整个学期下来没什么收获，也许这样被正态也正常了吧
85515,3956,冯培红,2018-07-19 00:21:09,-3,19,22,老师上课很好，其实期末考试考的都是老师上课讲的，只是看大家上课的时候都拿着电脑在做自己的事情，老师们认真上课，但是大家有真的认真学吗？既然是历史课，就应该拿出点学历史的素养吧？首先这门课是两个老师上的，冯培红老师和马娟老师，冯老师很早前就说过大家遇到不会的字要查一下的，然后是给了PPT的，PPT里面的材料之丰富真的让人感慨历史的魅力(本人上这个课前对历史毫无兴趣)。考试的时候考的也没超出范围，并且考试最后送了大家没人10分不是吗，而且有同学期末考了97分哦！还是没加附加分的哦
86072,3956,冯培红,2018-09-03 15:15:09,31,48,17,「丝绸之路与中外文化交流」的课堂我很喜欢，冯老师一直试图以大量的原始资料为我们还原一个真实的丝路图景，三位助教也很用心，每节讨论课都花了很多心血组织。总的来说，丝路课是一门能真正接触到历史前沿，培育人文学养的硬课，也是我会和全体对历史怀有热情的同学推荐的课程。可能因为是第一年开这门课，老师和助教在最终的评分阶段没能按照「惯行」的「通核课模式」给分，总体来说也确实低了些，需要加以改进（据我所知只有一两位同学满绩，但也无人挂科）。\n\n但是，我还是看到理论课上大群人在对着电脑做自己的事情，讨论课三番两次缺席，或是在展示的时候全程百度百科复制粘贴。在平时如此轻慢地对待一门三学分的真正有干货的课的同学，恐怕是没有什么理由在考试前夜对老师大加诘难，怪责老师没有划重点、给备考PPT的。
90306,3956,冯培红,2018-11-23 05:52:09,12,17,5,别选了，给分真的挺差的。。。
90309,3956,冯培红,2018-11-23 06:00:17,13,20,7,本来是选的陈健梅老师的课，后来陈老师出国就这位冯老师来接手了…给分？？？全勤＋上课认真听了＋4500字认真写的论文最后3.3 不能接受
90311,3956,冯培红,2018-11-23 06:03:11,12,18,6,给分真的很差
90318,3956,冯培红,2018-11-23 06:20:46,0,8,8,给分差 真的差 劝大家不要选
90325,3956,冯培红,2018-11-23 08:20:16,0,12,12,老师真的很好，教会我很多知识。给分挺好，重点是自己要足够努力。
90327,3956,冯培红,2018-11-23 07:04:08,1,9,8,老师很好啊，人超级幽默，甚至有点想跟着他学魏晋隋唐史了...
90331,3956,冯培红,2018-11-23 07:28:07,6,10,4,绩杀绩杀
90348,3956,冯培红,2018-11-23 08:38:16,-1,8,9,没发给零分？太?了
92739,3956,冯培红,2019-01-04 05:44:34,3,10,7,没有人说过如果绩点对你们来说很重要就必须要给甚至不那么努力的你们你们想要的绩点。
95757,3956,冯培红,2019-01-20 03:46:46,0,6,6,为冯老师疯狂打call
99525,3956,冯培红,2019-01-25 02:02:11,3,7,4,这个老师会让你对他的印象一点一点变差 糟糕的绩杀 无论你学术做的再好 你折磨学生 学生就不会给你好的评价 \n\n
101045,3956,冯培红,2019-01-27 10:28:00,3,7,4,给分超级差\n\n老师有点疯疯癫癫的感觉\n\n可能自以为幽默\n\n但是讲课很无聊，很尬。\n\n而且一点没有人文关怀，\n\n同学给他发短信请假的事都要拿出来说\n\n明褒暗贬内涵那个同学。
101048,3956,冯培红,2019-01-27 10:30:52,3,5,2,给分好差……
101591,3956,冯培红,2019-01-28 14:10:30,3,5,2,谁选谁知道:(
103020,3956,冯培红,2019-02-25 11:52:40,1,6,5,这是什么逼课？？？\n\n
105752,3956,冯培红,2019-04-20 02:09:56,10,11,1,不可否认老师知识很渊博，上课的的确确干货很多，让我这个对历史地理一窍不通的人长了很多知识。但是期末闭卷不划范围(据说很难)还不给发ppt，讨论课每次都要展示真的有点吃不消啊。学习任务是我上过的这么多通识课中最多的，不过小组协调好应该会舒服一点。而且每次理论课开头都要花十几分钟讲北大有什么讲座他没去看上，某教授和他谈话十几分钟巴拉巴拉……这对我们学习丝绸之路真的有什么帮助吗？？？
109624,3956,冯培红,2019-06-18 03:25:13,-2,1,3,还行吧
110178,3956,冯培红,2019-06-24 08:14:11,0,7,7,评价丝绸之路：1.分这么低是有道理的，这是我大一上过的最差的通识课。2.优点有一点，但是缺点大于优点。3.缺点（1）冯老师上课用原始材料来证明他的观点，确实有新意，（2）但是，一个很表面的观点不需要如此多的材料来证明，毕竟这是上课不是做研究（3）虽然材料很多，但没有深入地讲：比如通过各地丝绸购买奴婢的价格推测当时丝绸的购买力。而只是简单地说：根据这个材料，一个奴隶花了多少丝绸被买下来了。（4）感觉像高中历史书一样无聊。4.缺点：上课像原始材料的堆砌，框架不清晰，PPT上只有材料没有提纲，让人听讲的时候有些摸不着头脑。5.推测：估计他没好好备课，然后拿北京的讲座信息填充课堂时间。虽说从北京很远赶回来上课是挺辛苦的。6.个人不喜欢这种历史课。难道古代史都是这样缺少历史的逻辑而只有知识点和原始材料的堆砌的吗？
110479,3956,冯培红,2019-06-27 05:39:13,-4,4,8,没兴趣的千万不要选\n\n垃圾课\n\n别和我扯什么干货的，真以为人人都有时间学这种东西，专业课不学了吗\n\n贵校和丝路，敦煌挂钩的还真没几门能选的通识
110539,3956,冯培红,2019-06-27 10:08:12,2,5,3,事多，闭卷，很难，没范围，画地图，没意义
110580,3956,冯培红,2019-06-27 13:55:44,14,16,2,为求绩点莫入此门，开拓思路可来探讨。
111060,3956,冯培红,2019-06-29 11:50:04,1,2,1,感觉还不错，内容比较丰富，老师刚开始说不给PPT但是后来还是给了，不过最后考试有个画图题，手绘东亚地图，我这种地理不好的人真的搞不定啊，还有就是讨论课刚开始几节课事比较多，课后会有作业，后面就没有了，但是还是每一组每周都要做展示，不过组内分工一人一次的话一学期就两三次吧
112136,3956,冯培红,2019-07-03 17:23:34,2,5,3,作为一门通核，事真的不算多了我觉得。理论课是没作业的，讨论课只有最开始几节课有课后作业而且蛮麻烦的，后面就没有了。然后每节讨论课每组都要有一次展示，我们小组分工是一人轮流负责一次展示，一个学期刚好一人一次，所以一共就做了两次展示，内容也不算复杂，其他人展示的时候如果想提问加分可以听，但其实基本大家都在做自己的事哈哈哈。最后考试是有点麻烦，但理论课认真听认真笔记了，最后复习一下自己笔记就好了，ppt其实大多是图片，除了给一个思路以外我觉得没什么用。然后地图确实很麻烦，但让我们画地理位置的城市和河流都是丝路上很重要不冷门的，考前也提醒过我们要记一下地图，认真记过地图还是能大概画出来的。最后要表白一下助教小哥哥，特别温柔，最后也提醒了我们很多复习的要点，感恩！！
113417,3956,冯培红,2019-07-06 17:11:51,1,5,4,丝绸之路，楼下那个你觉得不努力没有好绩点没有毛病。但请你对比一下各门通核的绩点情况.考试难度和复习难度。谢谢，我就直说一点，别选就对了。
113510,3956,冯培红,2019-07-06 21:20:19,1,5,4,要不是通核必修，我又选不上别的通核，我才不会选丝绸之路。这门课的优势就在于它很容易选上，至于给分嘛。。呵呵。事情贼多，老师助教对学生的期待值太高。他们似乎忘了这是门面向全校学生的通识课！而不是历史系的专业课！！
113567,3956,冯培红,2019-07-07 00:08:37,3,6,3,千万不要选，让你体会到什么叫一夜回到解放前。。。
114733,3956,冯培红,2019-07-11 07:46:49,0,2,2,总之是非常厉害的老师。
115875,3956,冯培红,2019-08-23 00:08:48,6,10,4,老师上课是极为认真的准备的，而且每次通过自己最新的学习和研究成果，比如说介绍每周在北大访学期间接触到的最前沿的学术讲座和最顶尖学者的研究旨趣，而且听说每年的讲课PPT，老师都会根据最新的研究发现和考古发现做补充和调整。学生们在这里做出的评论，太有失公允了。与其这样，不如好好想想自己是否真的认真学习了，还是假装努力，被迫应付为好。毕竟自己来学校是为了学习的，这一条尤为重要！
120365,3956,冯培红,2019-12-01 04:04:14,7,7,0,觉得学生都不睡觉，一天有72个小时，不用上别的课?
122703,3956,冯培红,2020-03-22 02:09:54,4,5,1,小测也太难了，很多地名搜都搜不到，还要画地图
125838,3956,冯培红,2020-09-14 17:18:48,3,3,0,考试范围很大，事情多，是一门需要沉下来学习的课。只是听课的话还是挺有趣的，至于考的内容，今年的玉门关、摩尼教、拂菻等等，其实如果每节课都听了，还是会注意到的，不算太偏(拂菻狗是某一节课的一个小标题，摩尼教也是)；断句的原文(含标点)其实ppt里也有(今年是华心)；选择题感觉是最天马行空的，真的要说的话，确实全都讲到过，但上课的时候不会有重点感，比词语解析细很多；现在回想起来，画地图是能准备的，裴矩那几条路，几个高僧走的路……此外，还是有一部分内容是往年考过的，可以看看查老师的评论，参考一下。至于绩点，只能怪我上课太水了OTZ总之除了选择题，也没有那么可怕。
125844,3956,冯培红,2020-09-14 23:54:19,4,4,0,几乎裸考，想要高绩很困难的，干货很多，复习（预习）不来
125877,3956,冯培红,2020-09-15 08:18:26,1,2,1,总之别选丝绸之路。少有的闭卷考试的通核，而且没题库、知识又杂又难，也没有复习范围，完全不知道重点是什么，唯一能参考的就是往年卷，虽然我完全不会，拿了有史以来所有课的最低分，但是还是要感谢往年卷救我，不然估计直接就挂了
132249,3956,冯培红,2021-01-31 09:10:42,1,2,1,老师很博学讲课很有趣，但是给分不美丽（手动再见）
132278,3956,冯培红,2021-01-31 13:03:16,6,8,2,建议别选中国史史料研读，全班最高4.2，真是服了，试卷出的难度设置完全不合理，名词解释谁会去复习文言文中的名词？出的难也就算了，还真按照实际得分给绩点，呵呵了
134465,3956,冯培红,2021-03-29 11:05:18,-5,5,10,老师人很好。拜托，各位美眉底迪，自己学得烂就不要来怪老师了好吗
138893,3956,冯培红,2021-07-11 14:58:28,-1,1,2,拿了4.5，虽然没满但是心满意足了！在此想为这门通核课正个名!相信有不少同学是因为两位老师在查老师上的低分 以及其他同学吐槽这门课考试太难而劝退的。实际上，这一学期课程给我的感觉就是每节课都干货满满，两位老师准备的充分而且很博学（p.s.马娟老师会波斯语，超级酷！）每次上课都没空看手机忙着写笔记如果认真听课的话会收获超多知识，有助于开阔学习历史的视野。\n\n☆考试的话，期末考选择题很多都是历年卷的题目，个人认为不算难。考前把所有ppt重点整了笔记背了一遍，大概花了1天吧。\n\n☆还有就是dgl助教小哥哥超级可爱！讨论课非常躺平大，家一起欢乐摸鱼～
139234,3956,冯培红,2021-07-13 13:02:49,-1,0,1,冯老师人真的很好，不仅仅是教知识，更是用自己的行动潜移默化地影响学生。
144974,3956,冯培红,2021-12-26 06:46:18,2,2,0,///
147232,3956,冯培红,2022-01-09 07:56:59,2,2,0,谢谢老师。。。。
147264,3956,冯培红,2022-01-09 10:20:45,3,3,0,冯老师上课准备很充分，每次都有将近百页的PPT，教学态度很严谨。中国史史料研读复习范围很大，但最后考的都是课堂上讲过的内容。自己也有没复习到的，不能怪老师。希望学弟学妹上这节课的时候能好好听，不要期末抱佛脚，真的来不及。
151794,3956,冯培红,2022-03-16 03:09:28,8,9,1,老师学术水平很高，讲课挺认真，但是讲的很无聊也是真的。。。而且老师好像是狂热的敦煌学爱好者，不管什么课都上成敦煌学。。。真的很劝退
157148,3956,冯培红,2022-06-22 05:19:39,2,5,3,不得不说其实只要考前补天，每节讨论课都认真参加，认真准备，最后绩点上4其实不难，狂吹我的助教哥哥
157223,3956,冯培红,2022-06-22 11:44:20,2,6,4,选，都给我选丝绸之路与中外文化交流！！！老师狠狠捞！被捞上4.8！！！老师完全不是前面评论里说的，超级好超级好，很和蔼可亲、知识渊博！！！
161638,3956,冯培红,2022-11-10 01:11:17,16,19,3,感觉很喜欢装逼
168147,3956,冯培红,2023-01-30 07:07:39,11,11,0,纯求绩点莫入此门，要学真知可以旁听
172990,3956,冯培红,2023-05-11 02:23:25,10,11,1,这个老师真的很疯，确实很强，但真的很压迫很剥削。\n\n举例：让大一学生阅读纯日文材料并发言（默认大家热爱中国史并且已学过日文）；两节课中间相差四天的情况下，这节课布置三本200页+的专业书籍，下节课做报告。\n\n不能和学生共情的冰冷的学术机器，在他眼里大家都是一天有72小时且天天围着他转。给了我很大的精神压力和沉重的负担。恐怖。
173443,3956,冯培红,2023-05-24 13:40:26,2,2,0,事情有点多，节节都有布置作业；但人很负责，对同学也不错，就是分给的不太行
177534,3956,冯培红,2023-07-03 15:19:08,5,5,0,敦煌学三剑客其二
193623,3956,冯培红,2024-06-14 03:57:22,-3,1,4,丝绸之路的任务确实很多，上课也要很认真做笔记（98上有前辈整理资料，可以作为辅助），但确实能学到非常多知识，对这方面感兴趣的同学真的可以选选看，就我个人来看给分也很厚道，跟我的付出是匹配的。老师爱装逼也是真的（）
195386,3956,冯培红,2024-06-28 02:25:14,4,5,1,给分不好
195449,3956,冯培红,2024-06-28 06:02:30,0,2,2,丝绸之路，冯老师的部分是不点名的。\n\n任务量算人文类通核课里比较常规的：每周ppt展示+若干次小测+期末闭卷考试。\n\n因为课程主题的原因，考试复习的时候是无的放矢的，会比较困扰。\n\n最后给分还是比较厚道的，至少我觉得绩点上的收获比付出要大，也算开拓了知识面。
195487,3956,冯培红,2024-06-28 09:58:49,3,3,0,虽然老师的课事情非常非常多，但是老师的给分不好，极其不推荐为了获得通核学分而草草选择这门课，如果你闲暇时间充足且表现欲较强这门课会提供充足的舞台。每节课都去，每次展示都准备充分，期末也认真复习，但是给分很不理想。
204941,3956,冯培红,2024-11-29 01:19:29,4,4,0,治学严谨，给分求是
81011,3958,谢继胜,2019-01-06 08:24:53,-42,15,57,傻X老师
81047,3958,谢继胜,2018-07-03 12:20:56,6,6,0,老师超级有礼貌\n\n很用心的准备每节课
83290,3958,谢继胜,2018-12-28 07:01:43,-43,5,48,垃圾老师
83370,3958,谢继胜,2018-07-10 07:35:32,7,11,4,老师人超可爱，哈哈爱吐舌头，总是沉浸在自己的世界里都会听不见下课铃声。老师事情不多，就是上课要记得拍ppt呀，不然就不知道考试复习啥了
92797,3958,谢继胜,2019-01-04 12:54:45,20,23,3,觉得老师真的很可爱，虽然最后没有PPT没有教材的闭卷考试让人头秃，并且拿到的分数不怎么样，但是不得不承认，老师对待课程真的非常用心，认真听讲是可以学到很多东西的，这是一门非常充实的课。我觉得老师的课非常好，就是形式上还需要改进一些，有一些简要的课程资料比较好，每天上课想要记笔记，但是大多是图片且文字来不及记下来，手速跟不上真的很方。讨论课其实还蛮重要的，可惜自己不够活跃。
94449,3958,谢继胜,2019-01-16 13:23:23,1,2,1,棒棒哒，在浙遇到的最大的老师！为什么没有十一分！！人超nice可爱的！
103185,3958,谢继胜,2019-02-26 12:12:29,7,7,0,谢老先生很可爱好嘛～感觉首先是学者，再是老师。看到丝绸之路艺术通核终于又开了很高兴，如果喜欢敦煌艺术的话上这门课会觉得很开心很有收获的。
109945,3958,谢继胜,2019-06-20 12:02:34,2,3,1,谢老师真的是很博学很有经历的一位大佬啊。但是又完全没有大佬摆架子的感觉，反而是非常的亲和，对同学的想法也都会从我们年纪的角度出发去评判，真的是很负责的老师了。好好跟着老师学，还是会有不小收获的。推荐对艺术史感兴趣的同学选谢老师的课。
111432,3958,谢继胜,2019-07-01 13:02:14,2,3,1,老师是名副其实的学者！（然而期末复习真的很没有思路
111614,3958,谢继胜,2019-07-02 07:21:45,10,12,2,这是一门考古课！讲敦煌艺术的！不是一带一路！
113716,3958,谢继胜,2019-07-07 05:45:53,5,6,1,老师真的称得上一位学者，且平易近人，认真听他的课很有意思，可能很多内容因为陌生会听不懂，但是真的感觉接触了很多新鲜的东西，真的是拓宽知识面，这才是通识课应该有的样子。
113767,3958,谢继胜,2019-07-07 11:28:39,4,5,1,老师真的是大师风范，丝绸之路艺术通核最后给分真的很好啊啊啊！尤其是对宗教美术史感兴趣的，这门课非常有意思，助教小姐姐也超级好～
113791,3958,谢继胜,2019-07-07 13:39:22,2,2,0,课挺有意思的。听的时候蛮轻松，但是做笔记会比较有利于期末复习。最后考试的时候老师也是很努力地提分了哈哈哈哈哈
121462,3958,谢继胜,2019-12-16 03:04:35,1,1,0,可以哦\n\n
124303,3958,谢继胜,2020-06-29 02:52:31,1,1,0,通核强推，谢老师和助教老师超好！
124307,3958,谢继胜,2020-06-29 03:41:05,0,1,1,一直在划水，最后绩点中等
128654,3958,谢继胜,2020-12-25 02:34:07,2,3,1,老师超级可爱！！准备很认真，讲课有意思。要想拿高绩点还是要一直跟着老师的思路走，多看ppt，讨论课积极发言，期末认真对待就可以了。最后拿了4.5，很满意了。
130093,3958,谢继胜,2021-01-16 16:08:38,4,6,2,10分
142207,3958,谢继胜,2021-11-08 12:26:46,6,6,0,好课，期中考前通知提早交论文
143253,3958,谢继胜,2021-11-22 10:35:10,3,3,0,感觉老师真的是一位学者，很慈祥，也完全没有什么架子，听他的课会有一种很安详的感觉，认真听课会收获满满！
143839,3958,谢继胜,2021-12-08 07:46:27,3,3,0,老师真的超级好啊，助教老师也是呜呜呜
148653,3958,谢继胜,2022-01-13 08:54:50,2,5,3,课太硬核，事多分低
148704,3958,谢继胜,2022-01-13 09:12:26,5,5,0,谢老师人很好的，很有礼貌，私下问问题都是用“您”来称呼学生的！而且看得出他真的是非常热爱汉藏佛教艺术！助教小姐姐也超级好！但丝绸之路艺术这门课太硬核了，期末闭卷考，要注重平时分，别指望期末考。
148710,3958,谢继胜,2022-01-13 09:21:28,-4,4,8,老师真的超好呜呜呜，很和蔼，也很有先生风范。\n\n助教姐姐人美心善，给分好，讨论课的时候也很照顾同学。\n\n分数大多在讨论课，讨论课重点在思维的碰撞，不是简单的念稿而是更有激情的讲解的话得分会很高，个人感觉小组合作并不算累，大家合作压力会小很多。\n\n课程相对于没学过的人（包括我自己）而言，可能一开始会过于硬核（可能这就是“冷门绝学”的威力？），但是如果每周小组合作认真完成，平时上课也来的话还是很容易的，期末考试比较简单，我不会纯属我没复习。如果一开始不给自己设下“硬核”的思维定式，不是一贯抱着“理科生一定不会”的心态，我个人认为其实并不难，有西域史相关知识储备的大佬更是如鱼得水。\n\n最后应该也会捞人，不用担心挂科。\n\n最后等级A，绩点4.5，感谢。
148992,3958,谢继胜,2022-01-14 06:08:27,3,5,2,老师人很好，但给分很低很低，听说还有好几个挂了的，慎选
150149,3958,谢继胜,2022-01-19 11:33:44,4,5,1,课程太硬核，给分不好
178796,3958,谢继胜,2023-07-23 11:33:23,0,1,1,今年的助教dxc姐姐我直接吹爆
193922,3958,谢继胜,2024-06-21 00:10:13,0,0,0,卡绩。。。
193935,3958,谢继胜,2024-06-21 02:44:33,2,2,0,期末考好好准备还是可以的
193949,3958,谢继胜,2024-06-21 04:11:11,2,2,0,一定要小心突袭的点名哦～～～考试前会给重点的，很好很好的一门课，很好很好很好很好的老师，很好的助教姐姐～～～～
195768,3958,谢继胜,2024-06-30 02:05:47,1,4,3,丝绸之路艺术，期末好好准备+讨论课多多发言，4.5/4.8很轻松的；u1s1助教姐姐真的好漂亮(≧∇≦)ﾉ
140695,4028,叶文,2021-09-15 06:43:45,1,1,0,还行吧
73406,4098,李冬雪,2018-02-01 13:51:07,0,2,2,我们的思修是两个老师上的，我更喜欢李老师一点。李老师不同于郑老师的温柔，会严肃一点，上课会让同学们上台来展示，形式上多样一点。课虽然不大听，只刮到点耳风，但对法律还是有了浅层的了解。另外还组织大家去五四宪法纪念馆，虽然有些同学不感冒，但我觉得是次不错的经历。最后绩点满意。总的来说李老师还是不错的，是保险的选择。
74210,4204,张颖岚,2018-02-06 15:43:26,1,1,0,很有干货
87102,4204,张颖岚,2018-09-20 09:32:50,1,1,0,干货很足
116114,4204,张颖岚,2019-09-04 07:01:06,1,1,0,张老师的课每节都收获满满，上课能把知识讲得很清楚，深入浅出，全程走动教学，想再上！而且老师下课后非常亲和！
121317,4204,张颖岚,2019-12-20 09:15:30,1,1,0,优雅从容＋干货超足
121766,4204,张颖岚,2020-01-21 17:53:38,1,3,2,上的是文化遗产导论 老师来讲了两节课，深入浅出真的讲得很好 而且后来有一份要交的纸质作业，由于寄托东教打印机导致没交上…给老师发邮件直接说帮我打印（我都做好去西溪交作业准备了qwq）还祝我学业进步（虽然可能是礼仪性单比起不回或者只回收到的真的太感动了qwq
150339,4204,张颖岚,2022-01-22 22:37:57,1,1,0,老师温文尔雅，很好
180856,4204,张颖岚,2023-09-27 07:47:54,3,3,0,很儒雅随和的老师，讲文化遗产导论时让人如沐春风，能够深入浅出地把案例和理论结合起来
180867,4204,张颖岚,2023-09-27 09:54:33,1,1,0,男神！我的男神！
204834,4204,张颖岚,2024-11-28 05:39:17,2,2,0,非常好的老师，很有气质很有学识。上课喜欢启发性的提问，鼓励大家思考说错乱说都不要紧，担心同学们跑两个校区加开了一节课┭┮﹏┭┮感动。期末一般是论文，基本不会点名，可翘但是不建议翘。
212887,4204,张颖岚,2025-01-15 07:11:53,0,0,0,有幸上了在文化遗产导论上了老师的三次课，是我听得最认真的几次
217921,4204,张颖岚,2025-04-18 03:28:35,1,1,0,第一次来査老师上评分！张老师温文尔雅，汉唐考古讲得非常优秀，干货满满，为人风趣。每次见面都会和同学们打招呼，下课后还会主动询问有没有不懂的点，期末就是一篇很开放的论文，事少课好人更棒！张老师我爱您！qwq
219447,4204,张颖岚,2025-05-27 11:59:26,3,3,0,<汉唐考古><外国考古-希腊罗马部分>\n\n夏学期快结束了还没有出分。老师很好，上课速度比较快，知识量很大，而且感觉一走神话筒就递到嘴边，不过绝对算的上是专业课里气氛比较好的了。
73174,4245,王淼,2018-02-01 05:46:08,-6,2,8,科技史，给分超棒！
81570,4245,王淼,2018-07-05 12:24:01,6,10,4,不要选?，绩杀，认真和不认真的绩点都是一样的........
81720,4245,王淼,2018-07-06 03:27:33,5,17,12,王淼老师有两个，上工程伦理导论的是人文学院，感觉很垃圾，每节课点名，一篇论文+一篇作文，加期末随堂考（开卷），很水，感觉什么都学不到，上课也没意思。
85963,4245,王淼,2018-08-26 06:39:42,-3,1,4,还没有听过老师的课，但是觉得老师人特别亲善，很有耐心。
89114,4245,王淼,2018-11-16 01:26:58,4,14,10,比较无聊，成绩正态分布，和平时努力不成正比
89132,4245,王淼,2018-11-16 03:07:50,-8,1,9,科技史不错的，很有收获！
89175,4245,王淼,2018-11-16 10:37:52,-5,1,6,还行的
89188,4245,王淼,2018-11-16 11:48:01,10,17,7,什么都做 一节课没翘 绩点低的不行
89209,4245,王淼,2018-11-17 01:56:10,-6,1,7,很有意思的体验，学到了许多预期之外的内容
89228,4245,王淼,2018-11-17 05:59:46,-8,6,14,超棒 认真写论文 做小组展示 满绩前来感谢老师！
89266,4245,王淼,2018-11-17 17:18:23,0,9,9,感觉老师人很好，讲课也比较清楚，就是进度比较慢\n\n作业是小组讨论展示+论文3000字+期末开卷考试 个人认为还是比较水的\n\n重点是给分超好！上课从没回答过问题，论文一天写完，居然绩点还有4.5，超级感动了！
89473,4245,王淼,2018-11-19 08:54:53,-1,3,4,蛮轻松的 \n\n，老师人也很好，最后的考试很简单
89681,4245,王淼,2018-11-20 09:00:01,-3,3,6,感觉老师很博学，认真听的话会学到许多东西，喜欢点名，整个秋学期好像只有一次没点名，最后一次的小测试很简单，是开卷，是真真正正意义上的开卷。
89705,4245,王淼,2018-11-20 10:28:01,-5,4,9,上课内容充实，努力与收获成正比
90083,4245,王淼,2018-11-22 05:31:29,-2,6,8,小组展示+3000字论文+完全开卷小测。没听过一节课，论文查资料水过去，小测多写了点，绩点4.5。老师人很温和，点了三四次名，虽然是水课。
96288,4245,王淼,2019-01-20 16:28:59,9,13,4,正态分布卡绩
97676,4245,王淼,2019-01-22 13:11:19,4,10,6,世界科技史，绩杀了。不过喜欢这门课就好。
98647,4245,王淼,2019-01-23 16:33:22,5,10,5,讨论课展示+辩论赛辩手+每堂课都有去，居然只有3.3？？不能接受
98652,4245,王淼,2019-01-23 16:41:28,-1,5,6,希望王淼老师。老师其实很用心了，工程伦理这一块也重在意见交流为主。研讨课还花钱给大家辩论赛买东西买奖品。给分也不错吧，想拿高分多在讨论课上发言吧。
99442,4245,王淼,2019-01-24 23:28:42,14,20,6,瞎给分垃圾
108757,4245,王淼,2019-06-01 12:07:16,-1,8,9,王淼老师很亲切呀，没有架子，脾气和修养都很好。
112822,4245,王淼,2019-11-11 11:45:22,7,10,3,自然辨证法咋不写个脚本给分呢？真没见过这么垃圾的老师
117524,4245,王淼,2019-09-25 10:15:31,11,13,2,...别搞混了
119143,4245,王淼,2019-11-11 01:07:05,1,9,8,科技史。本人上课不听，点名答道。论文要求3000字我写了3200左右，期末选择题很简单，对于选考历史100无障碍（手动狗头，论述题和高中难度相比相差不大，最终4.5。虽然很开心，但。。评分很迷完全不像是一个不听的人该有的。个人案例，仅供参考。
119175,4245,王淼,2019-11-11 04:01:04,-1,6,7,虽然上课水但考试更水，水了一学期什么都没听都有4.5，虽然上课无聊但你给我4.5我就给你10分吧
119181,4245,王淼,2019-11-11 04:35:23,-3,2,5,有好几次点名，事不算很多，上课有点无聊。不过总体不算是很难的课，老师气质也很好，最后给分也还可以。
119197,4245,王淼,2019-11-11 06:26:05,-2,1,3,真的水，讲课无聊的很，感觉所有人都是一直水课的。当然，主要是小组展示要用心，这个很重要，最后的开卷考试真的简单的一批，题少不说，也没有难度，我专门为考试买了课本教材，结果……确实很容易找到答案，但这个你相互传答案也不难，只有老师和助教两个人盯着，觉得买教材有些不值? 。选课在教务网上选教材会发现根本没有，当时老师推荐了几本可以作为教材的书，我是在网上找了个电子书，还可以。有几次课会点名，随机的，不要翘就好了。老师讲课还不错，但是真无聊。感觉绩点就是靠小组展示，我们小组很强的，读书报告我直接写成了读后感，课一直水，试随便考，最后拿了一个4.5。(话说感觉好多4.5啊)
119203,4245,王淼,2019-11-13 05:50:41,-3,4,7,傻逼一个，成绩随便给
119216,4245,王淼,2019-11-11 08:53:59,-1,1,2,科技史，上课挺催眠的，事不多还行，小组展示和读书报告，期末课堂小测开卷，一共点过三次名
119383,4245,王淼,2019-11-12 13:22:57,-1,5,6,科技史绩点4.5  课从来没听过，基本就是去那上自习，中间会有随机几次点名，小组展示我们做得很糟，但是只要认真写论文，考试好好考，在答案中多表达自己（强调）的观点应该就没问题。\n\n水课，特别水
119492,4245,王淼,2019-11-13 05:22:52,-1,1,2,嘎嘎嘎嘎
119498,4245,王淼,2019-11-13 05:49:54,0,5,5,世界科技史。我为王老师打9分。\n\n首先，课程本身来说比较吸引人。世界科技史不仅仅关注多次科技进步的史实和高超的科学理念，还会介绍某个理论提出时的时代背景，介绍其历史渊源。但本课程并不会深入讲解或推导某个理论，也就是说，课程注重的是史实。课程本身有助于我们了解科学，以及从科学家们身上学习科学知识、总结探索科学的方法，是一门具有浓烈理科色彩的文科类课程。期末考试是开卷考，选择题全部在《世界科技史》这本教材上。最后的论述题可以选择两道去作答。题目有的是老师课上布置过的讨论题，有的是让论述关于这门课的看法。总体不难，但题目分值极大。\n\n其次，王老师很和蔼，不发火，且对学生的提出的问题会很上心，不会责怪学生。某几次课快要下课时会以增进与同学们的了解为理由进行点名。但他的讲课确实比较平淡，换言之就是无聊。当然如果你对这方面很感兴趣，也乐意听老师讲课的话，你感到无聊的频率会下降。\n\n老师会安排小组展示，冠名为世界科技史论坛。这个名额有限，建议抢先。\n\n王老师不会将历史讲得生动有趣，他更多地会进行历史陈述，所以会令人犯困。但老师讲课确实很认真，品味其词句的话，也会有很多逻辑严明之处。\n\n教室前面座位空余还是蛮多的，建议想要绩点的同学坐到前面听讲。\n\n不建议做笔记（而且你抄不下来）。我做了，但考试没用到。可能日后会有用吧。\n\n课程作业是一篇3000字以上的论文，要求读科学原著或科技史著作，写感想。这个不要糊弄，因为这是绩点的主要来源之一。\n\n注意随堂表现，才能保证有足够的绩点。这种谁都会犯困的课程，只要认真坚持，多互动，就可以保证得高绩点。老师会很在意那些积极表现的同学。不听讲很难保不会被正态。\n\n以上是我认真听完每一堂课后的真实感受。供大家参考。
119535,4245,王淼,2019-11-13 10:32:10,-1,2,3,自习课，但是成绩很惊喜啊
119653,4245,王淼,2019-11-14 14:20:09,-2,1,3,喜欢科技史的话会学到很多东西的，虽然很多人说无聊，但我真的觉得挺有意思的，看科技史名著也收获很多呀
119957,4245,王淼,2019-11-17 01:59:10,11,14,3,老师讲课还行，就是给分有点迷……\n\n不缺勤+积极参与科技史论坛+3000论文+完全开卷选择题\n\n然后他给了我3.3……\n\n这里吐槽一下有个题选项a春秋b战国，结果我一翻书书里写的春秋战国\n\n真的无爱了\n\n是我论文写的不够好还是我考试论述题答得不够深刻？
121471,4245,王淼,2019-12-15 17:26:32,-3,0,3,很儒雅的一个老师。课程内容可能有点无聊，但是认真听课，作业考试仔细思考绩点还是可以的。
122315,4245,王淼,2020-02-24 04:06:09,-3,2,5,工程伦理导论，平时不是很积极没怎么听，好好写了论文考了期末，就突然满了…
124972,4245,王淼,2020-07-28 03:12:06,6,7,1,搞一堆东西，分小组讨论，当小组长+全勤评分还很差
126926,4245,王淼,2020-10-28 10:45:16,3,6,3,世界科学技术史。本来听完第一节课，看这任务量就想退了来着，但是想着反正通识就差一门，忍一忍就过去了。劝千万别选这课，事情太多了，完全不是1.5的学分的通识课该做的。又要小组展示，又要写论文，又要每节课点到，又要期末考试，最恶心的是有节课突然说加作业（第一节讲绩点的时候根本没提到，ppt里也没有），一周写一篇1000+小论文，然后把分算在课堂表现里。我感觉不管讲的咋样，都挺烦的，太把自己当回事了。本来就是一节通识课，竟然比专业课还有军理马原还要占用更多时间，被恶心到了，直接给2分，不给1分是给助教小姐姐的面子。
127169,4245,王淼,2020-11-11 12:35:08,-1,3,4,工程伦理导论今天结课了，感觉还好，不知道分会怎么样。在分出以前先评价一下王老师。我挺喜欢这样的老师，讲课很细致，ppt做的很好，王老师人也很和蔼，讨论课时做一些其他的事情也不会管（不知道会不会扣分），讨论课在台上发言被同学的刁钻问题难到后王老师会解围。最终的考试题也很简单（虽然我不咋会），助教小姐姐也超级好，考试结束后会给我们鼓励（以及红包）。参考以前评论说给分很迷，我只能希望自己是个欧皇了……
127478,4245,王淼,2020-11-23 11:24:18,30,33,3,我永远单推助教小姐姐。
127824,4245,王淼,2020-11-28 02:44:39,-2,3,5,自习一学期，只要论文有观点，小组展示好好做，期末考试真的都是常识题，不错的水课
127826,4245,王淼,2020-11-28 03:26:49,-3,3,6,工程伦理导论\n\n水课\n\n期末考试很水大家基本都全对应该，要写一篇论文\n\n感觉绩点可能主要跟论文有关？\n\n最后89 4.5\n\n感觉作为一门水课的话还挺好的
127827,4245,王淼,2020-11-28 03:51:33,10,15,5,论文用心写，上课积极回答问题，每次都去问问题，结果3.3
127850,4245,王淼,2020-11-28 16:58:17,-2,3,5,工程伦理导论\n\n我又来了……总分89，4.5\n\n怎么说呢，论文要求三千字，我写了四千多……\n\n正课很水，讨论课也……没啥事\n\n只要论文好好写，最后开卷考试好好写，把空写满（23333……）应该就可以了……\n\n总体感觉还不错吧
127953,4245,王淼,2020-12-01 06:54:42,0,4,4,平时表现是没有记录的，大家基本的都做得到，绩杀3.3，正态早已预料
127958,4245,王淼,2020-12-01 07:57:00,1,4,3,绩点极低 乱给分 吓死个人 吐了
127962,4245,王淼,2020-12-02 10:10:40,0,4,4,没话说的垃圾
127988,4245,王淼,2020-12-02 10:05:38,-2,5,7,无敌大nt老师，看心情给分？这一分当我送给助教小姐姐的了，你想拿分？不存在的！
128212,4245,王淼,2020-12-13 13:44:47,0,2,2,垃圾
128457,4245,王淼,2020-12-23 09:43:07,-6,3,9,我挺喜欢这节课的，老师给人一种很温和儒雅的感觉，一直很有耐心。
139474,4245,王淼,2021-07-16 09:05:14,-3,2,5,老师稍微对教学上上心，也不至于作业全是别的学校的
139643,4245,王淼,2021-07-19 02:22:39,-4,0,4,下面那个评价成别的老师了，报歉
141998,4245,王淼,2021-11-17 01:50:31,1,2,1,啊，我没有很认真听，但考试真不难，论文好好写就行，给分还可以，4.5挺好了
142577,4245,王淼,2021-11-17 07:54:19,0,2,2,今天出成绩了！！好开心居然是满绩！！论文要求三千左右我写了四千，最后开卷考就努力把论述题答满就好了！我太爱老师了！！！
142851,4245,王淼,2021-11-17 02:00:25,11,11,0,的确是给分比较随缘，很多认真的人3.3，水课的4.5+的也有，毕竟一个短学期的1.5学分的通识课老师不能充分了解你，只能单纯的从论文&期末考试来给分。所以选上工程伦理导论的我还是推荐上课就随便听一听（自习），论文好好写，期末考把8个ppt过一遍就完事了。
142860,4245,王淼,2021-11-17 03:08:59,1,2,1,第二次选老师的课了，这次选的是工程伦理，课业任务不太重，基本就是一篇论文+开卷考（ppt上基本都有），老师讲的也很好
142881,4245,王淼,2021-11-17 05:25:44,3,4,1,上课很自由可以做自己想做的，最后开卷考也很轻松，今天刚出成绩满绩，直接10分了
142890,4245,王淼,2021-11-17 06:18:12,1,1,0,怎么说？论文写了偏向专业性的，小组论坛全程一个人做，绩点不高不低，啥也没学到，凑个学分吧。很中庸的老师
142907,4245,王淼,2021-11-17 09:16:07,2,2,0,非常好的老师 人特别耐心 好好听其实可以学到很多
142925,4245,王淼,2021-11-17 12:11:16,11,11,0,很棒的老师，很细心耐心，课时有点多（但都挺轻松的）。助教可好了，最后一节课还发糖\n\n了。安利一波～
142952,4245,王淼,2021-11-17 23:53:51,0,0,0,平时摸鱼最后成绩不错的选手 给分不错 上课很水 讨论课更水…考试很简单
143063,4245,王淼,2021-11-18 14:10:04,18,19,1,助教小姐姐是天使吧！赞美一万句！
143249,4245,王淼,2021-11-22 09:56:45,-1,0,1,作业很少 老师很儒雅
144263,4245,王淼,2021-12-21 03:33:42,0,0,0,给分还可以
162013,4245,王淼,2022-11-16 03:45:46,0,0,0,出分啦，绩点和想象中的差不多，而且王淼老师确实是一个十分儒雅随和的人。
162051,4245,王淼,2022-11-16 09:39:48,-1,1,2,世界科学技术史全程上课做别的作业，写简单的论文，一个小组讨论就满绩啦，建议建议～
162074,4245,王淼,2022-11-16 12:44:22,0,0,0,给满绩，吹爆
162200,4245,王淼,2022-11-17 14:57:02,1,1,0,满级大爱
162221,4245,王淼,2022-11-18 02:14:20,0,0,0,工程伦理导论满绩。老师很儒雅，助教姐姐很棒，组员也很好。\n\n很棒的通识课体验。
164232,4245,王淼,2022-12-19 12:57:11,1,1,0,王淼老师人很好，十分和蔼，给分也不错。下课之后可以和他讨论，从日常生活到哲学思辩，老师都会和你聊，很耐心。\n\n世界科学技术史这门课主要任务是期中一篇论文、小组展示、期末开卷考试（论述题），其实还好。\n\n课堂会点名，课上要是想水也可以比较水。唯一一点有些不足的地方就是很多人感觉讲课略显沉闷，不过这个就见仁见智了。
179285,4245,王淼,2023-09-07 09:09:59,1,1,0,好人一生平安
182802,4245,王淼,2023-11-20 09:36:15,2,2,0,不多说 感恩老师
182810,4245,王淼,2023-11-20 10:52:27,1,1,0,4.5
182815,4245,王淼,2023-11-20 11:49:48,5,5,0,虽然上课讲的内容和成绩无关，但只要把论文好好写居然拿了满绩，太惊喜了！强推！老师特别棒！！
182845,4245,王淼,2023-11-20 14:46:17,1,1,0,大爹没商量
182847,4245,王淼,2023-11-20 15:16:44,7,7,0,简评世界科学技术史\n\n王老师儒雅随和，气质甚佳，对待同学们也十分亲切。备课讲课很认真。课程本身则是偏向于介绍历史，稍显枯燥，但有兴趣了解的同学还是非常值得一上的。\n\n2023年作业是一大一小两个论文，无期末考试，无pre，任务量不算大。\n\n给分的话主要看你3000大论文的质量。我想认真写的同学不会很差的。\n\n总之我认为属于事少分高类的通识课（以上所述仅代表个人观点，不同同学的感受并不一样，尤其给分方面还是会有一定的随机性）
182927,4245,王淼,2023-11-21 06:36:11,3,3,0,上个很无聊但是超级水，事很少，平常上课和讨论课水水就行，期末就一次小作业和一篇论文，给分很好
182928,4245,王淼,2023-11-21 06:36:31,2,2,0,你给我满级，我给你满分
183110,4245,王淼,2023-11-22 08:38:50,2,2,0,上课不用听，讨论课一次发言，期末一天速通所有作业，分不低
183144,4245,王淼,2023-11-22 11:26:45,3,3,0,老师非常的敬业，嗓子哑了依然坚持给我们上课。看得出来老师也在尽自己最大的努力传授给我们这个有些枯燥的学科的知识了，老师的课上的很好，人也很好，讨论课氛围也不错。给分很棒，没平时作业，最后写论文就可以啦，夸爆！！！
183357,4245,王淼,2023-11-24 05:13:45,1,1,0,好老师，事少，给分好
183441,4245,王淼,2023-11-26 08:50:12,0,0,0,事少分高，老师很儒雅，人挺好的
183496,4245,王淼,2023-11-27 00:09:05,0,0,0,5.0
183662,4245,王淼,2023-11-28 08:13:02,0,0,0,工程伦理B事少分高，选！
184011,4245,王淼,2023-12-06 06:40:13,1,1,0,天天点名闲死了
184186,4245,王淼,2023-12-12 05:11:26,0,1,1,工程伦理导论，老师讲课比较中规中矩，不能说很有趣，但内容也挺丰富的，偶尔会点名，给分的话主要看小作业和论文。
185174,4245,王淼,2023-12-27 02:35:28,1,1,0,课有点无聊但是王老师真的很敬业，问一些傻傻的问题老师也会很耐心地回答，小组讨论其实还蛮有意思的，对于专业知识要求并不高，只要群策群力积极参与就行，吹爆助教小姐姐！温柔漂亮而且超级有耐心！
185205,4245,王淼,2023-12-27 05:12:41,1,1,0,世界科学技术史课水，分高，只用写一次论文和一次感想。但一定要去，偶尔会点名
192278,4245,王淼,2024-05-13 09:13:15,0,0,0,工程伦理导论，全用来写当天其他课作业，讨论课一学期发一次言，剩余时间自由，给分不错
192359,4245,王淼,2024-05-16 10:29:58,1,1,0,事少分高
201518,4245,王淼,2024-11-04 04:39:15,0,0,0,good
202091,4245,王淼,2024-11-09 08:01:48,4,5,1,这个老师真的难评，真不好说。事情真多，1学分的自然辩证法这个老师跟10个学分一样，又是要求课程讨论展示又是要求看文献写论文又是要求课程考试，还要求每节课都要到，别太离谱。比起其他老师只需要考试，我的建议是千万别选，谁选谁后悔
202448,4245,王淼,2024-11-12 23:42:40,3,4,1,世界科学技术史事少给分超级好
202469,4245,王淼,2024-11-13 00:52:32,1,1,0,工程伦理导论事少分高！
202511,4245,王淼,2024-11-13 02:50:07,2,2,0,超级棒的老师
202516,4245,王淼,2024-11-13 03:02:40,3,3,0,事少分高 世界科学技术史只要3000字论文写好就行
202575,4245,王淼,2024-11-13 07:47:36,4,4,0,世界科学技术史事少分高，无脑可冲！
202609,4245,王淼,2024-11-13 10:41:04,1,1,0,工程伦理导论事少分高无脑选就完了
202617,4245,王淼,2024-11-13 11:17:32,2,2,0,很好的老师，选上就是幸福了
202778,4245,王淼,2024-11-14 09:50:07,2,2,0,非常好的老师，不管是上课内容，还是最后的给分！
202979,4245,王淼,2024-11-15 15:21:27,1,1,0,事少分高
203085,4245,王淼,2024-11-16 12:17:33,5,5,0,世界科学技术史，事少分高，课是不听的，老师是温柔的，论文写了的，分是高的
203227,4245,王淼,2024-11-18 07:22:25,1,1,0,超温柔老师，课可以选听，事少，只有一个思考题和一篇论文，给分很好，真的很好，论文好好写就能拿高分
203310,4245,王淼,2024-11-19 05:19:46,3,3,0,世界科学技术史选爆！事少分高！！
203738,4245,王淼,2024-11-21 01:53:39,0,0,0,工程伦理导论无脑选
205777,4245,王淼,2024-12-12 03:34:42,0,0,0,事少分高
71798,4316,翟业军,2018-01-29 03:20:22,21,39,18,很有个性的老师，讲的也非常好。很有自己独特的见解和看法，最后考试不会为难我们，超赞!
72063,4316,翟业军,2018-01-29 09:24:43,-22,25,47,不会再选这位老师的课
72131,4316,翟业军,2018-01-29 12:03:39,9,23,14,来自南大的情怀
73184,4316,翟业军,2018-02-01 06:24:19,13,35,22,恃才傲物，特立独行
74301,4316,翟业军,2018-02-10 04:36:56,41,62,21,老师从来没有PPT，口头讲课，依然让我舍不得分心。上课讲一些现当代名家名作，鲁迅，沈从文，汪曾祺……平时作业就是看一下这些作品，体会到了“系统”阅读的乐趣。翟老师自己就是很有魅力的人，声音很有特色，会写很多文学评论，影评，很有想法。总之上他的现当代文学创作与批评课是一次很好的经历。PS，给分也超好，看平均分就知道了。\n\n希望以后能多遇见这样的老师！
74549,4316,翟业军,2018-03-03 11:01:05,6,21,15,翟老师是男神！
74661,4316,翟业军,2018-03-05 04:29:10,5,21,16,老师很可爱
74858,4316,翟业军,2018-03-06 06:41:32,6,20,14,超级超级棒 很有深度
74883,4316,翟业军,2018-03-06 08:11:33,24,42,18,有才华是真的有才华，而且特别体谅学生，心肠应该特软的一人。上课不用ppt，纯讲，但还是很吸引人，而且推荐的书是真的好看，给分也好。不管他是不是自大，他的文章和观点总归是给了学生一种新的思路。
74924,4316,翟业军,2018-03-06 12:28:18,11,26,15,完美的体验，没看出来评论里说的“自大”，飘过～
75260,4316,翟业军,2018-03-08 08:15:27,8,21,13,老师男神！为老师打call！！
75270,4316,翟业军,2018-03-08 10:18:36,9,22,13,很好的老师！觉得自己可能永远到达不了他的高度！给分良心，人很可爱
76098,4316,翟业军,2018-03-27 01:02:59,8,22,14,大一，老师太棒了，充满个人魅力和思想的光芒。上了两节课 深深折服
76961,4316,翟业军,2018-04-26 14:34:35,6,17,11,挺好的，有才华
76962,4316,翟业军,2018-04-26 14:36:15,8,24,16,男神男神男神！一想到夏学期没有翟老师的课就痛不欲生啊 虽然说的好像有点夸张 但真的是超级超级超级棒的课和超级超级超级厉害的老师 老师的见解特别独到深刻 真的学到超多 比心比心比心！
76964,4316,翟业军,2018-04-26 15:14:15,16,34,18,是很有个性的老师，光听他的课会觉得很爽，各种时髦理论一套接一套，但事实上收获并不很大，因为他的东西不系统，缺乏扎实学问的根基，会觉得比较务虚。总体感觉更像一个文化名人而不是学者。
77228,4316,翟业军,2018-05-04 04:15:54,0,24,24,上课确实不用ppt，但是是在念自己以前的论文啊…几乎照着一字一句念的，诸位真的没发现吗。个人感觉这课价值不大，自己去知网上把他的论文下下来看看就行了。
77419,4316,翟业军,2019-10-04 15:08:55,-130,52,182,女同学小心了，翟之前在南大就是因为把女学生肚子搞大了才被停课，来浙大的。防人之心不可无
77661,4316,翟业军,2018-05-07 07:11:25,3,19,16,男神男神男神！为男神呐喊！\n\n很有思想很有文化给分很好！\n\n其实老师挺帅的hhhhh
77791,4316,翟业军,2018-05-08 01:49:52,1,39,38,1.客观地说这位老师上课虽然不用ppt但其实也都是照着自己之前的论文在讲课，他的论文网上都可以搜索到，所以如果想让学生看的话大可以课后推荐给学生，没有必要在课上重新把自己的论文从头到尾讲一遍，因为论文终归是论文，它存在的目的不是为了给学生当成学习的课程教科书，也因此，每节课的系统性不高，学的很零散并且上课也仅限于当堂听完就over了，要说真正能学到的东西的话其实并不多 2.老师在上课讲过一些他之前教学的时候发生的事，他讲述的这些事能够让人对他待人处世的方式有一些了解，个人觉得翟老师有些自恃清高恃才傲物、把自己的姿态摆的太高了吧3.关于这位老师大家可以在某度上搜索并关注一下搜索栏上面出现的关联词
79097,4316,翟业军,2018-05-22 17:27:00,-17,17,34,志大才疏，自以为是！
79150,4316,翟业军,2018-05-24 07:01:59,7,21,14,听翟老师的课真的是享受，一周最喜欢的课！
79211,4316,翟业军,2018-05-27 09:23:48,29,38,9,老师对于文学批评和分析的一些观点很细节，也很有启发性，觉得听老师的课确实像在听讲座，娓娓道来。我觉得很棒。
79212,4316,翟业军,2018-05-27 09:33:06,6,17,11,讲的好
79377,4316,翟业军,2019-07-02 03:42:30,-43,26,69,我不想爆粗，但仅从上课来说，为了捧张爱玲连环diss鲁迅冰心傅雷沈从文海子，有理有据也就算了，尬黑真是过分，为了捧张对金钱的释然，diss鲁迅没拿到稿费就在日记里发脾气没含义拜金，rlgl我一个迅哥儿黑子都听不下去了；为了捧张的小说有韵味，diss冰心只注重思想表达；因为傅雷不太喜欢张爱玲的小说直接diss傅雷不懂批判，把《傅雷家书》骂了；为了捧张对人物的塑造，diss沈从文不尊重笔下人物；说张的小说有诗意，海子那些诗跟张一比矫揉造作。我也不想提这些，但一想到以后专业同学都要上这门课就……还有，上课有点奇怪，每节课都有或多或少从要上的文章里挑出性暗示一样的东西讲一段，观感不好，可能底下某条评论是真的。而且一个学期就讲两个作者，一个鲁迅一个张爱玲。不知道其他老师会不会多讲一些，但我觉得就讲两个作者太少了，真的学不到什么东西，毕竟这课是现当代文学批判怎么也得多开阔一下同学们的视野吧
80838,4316,翟业军,2019-07-05 04:42:43,-58,18,76,一眼看去，莫名猥琐
82116,4316,翟业军,2018-07-07 07:09:27,9,17,8,读书真的好深入 而且真的是很生活化的老师了?
82572,4316,翟业军,2018-07-08 14:08:14,1,14,13,上课就是念论文，前几节课还觉得很不错，听多了就觉得这念论文也有点点迷...虽然老师的论文写得很好，有很不一样的角度。最后的课程论文老师没规定字数，虽然我写得很认真，但可能是我字数不够多吧，理解也粗浅，比不过中文系的各位大佬们，最后堪堪到均绩，有点难受。
84410,4316,翟业军,2018-07-12 20:32:20,5,12,7,老师讲课真的非常有深度，也带给我很多启发，让我学着用新的思维方式来看待作品。呜呜呜虽然卡绩了我还是爱老师。
106506,4316,翟业军,2019-04-28 03:09:24,64,72,8,与其说老师是学者，不如说他是文人。没有必要用学者的标准去要求老师，我们需要艺术家一样的文人，我们需要这种清高劲头。
107001,4316,翟业军,2019-04-30 16:04:54,84,103,19,男神无误了，中文系需要这样桀骜潇洒的个体，且不说才华，这种自由的生存方式本身就值得赞赏。\n\n看到大家怼读论文不如自己看论文这一点真的是很气了，反正我是不喜欢读ppt乃至百度网盘下ppt的老师，照着洪子诚或某某文学史框架上课的更是浪费学生时间，真不如看课本了。个人觉得翟老师并不是单纯读论文，很多东西都是课上临时补充的，自己看显然看不到，整体信息量大，思路清奇，有罗兰巴特谓文之悦的体验。
108478,4316,翟业军,2019-05-26 12:14:03,12,18,6,适合成为茶余饭后迷离光晕下的攀谈挚友，不适合成为象牙塔的造梦者。
110534,4316,翟业军,2019-06-27 10:01:18,4,8,4,阿宅的才华 满满的
110787,4316,翟业军,2019-07-02 00:08:55,8,10,2,论文真好听
111396,4316,翟业军,2019-07-01 06:16:10,11,17,6,翟老师非常有才华，个人很喜欢翟老师的风格和文章。评论中说翟老师上课念论文，个人觉得用念字来形容课堂内容是不太合适的，以自己的文章作为讲课的底稿貌似没有什么不妥，再者老师上课以论文为底稿的讲课与自己去看论文的感觉和收获绝对是不一样的，不知道其它同学有没有这种感觉。总结来说，翟老师的课非常精彩，听他“念”论文是一种享受。(个人觉得那些认为翟老师念论文的同学可能有点想当然了，或者没有认真体会自己看和老师“念”的不同)
111480,4316,翟业军,2019-07-01 18:05:23,8,13,5,阿翟我爱你！爱就完事了！
111501,4316,翟业军,2019-07-01 23:29:45,-10,5,15,如果是看字数的论文，那drl\n\n5000字加都不够吧.他喜欢的无非张爱玲什么的。个人风格不同。绩点呵呵
111511,4316,翟业军,2019-07-02 00:13:15,6,13,7,有一说一，上课念论文，但认真听还是不错的。要选择课后自己看论文总会有点差别。一篇文章的作业。真的很看重和自己的口味合不合吧，反正我绩点贼低。?
111518,4316,翟业军,2019-07-02 00:32:33,6,12,6,老师的确有才华 但最后一篇论文定成绩...就很无奈了
111535,4316,翟业军,2019-07-07 10:31:07,-46,8,54,垃圾这样也配教书？
111536,4316,翟业军,2019-07-02 01:31:29,4,12,8,作为一个非中文专业的学生，我想给老师打十分。对我来说，翟老师给我新想法，给我打开新思路。我受益匪浅。\n\n老师的讲授和分析非常有深度。思想和文字带给我的震动，从第一节课始，一直贯穿整个学期的学习。\n\n因为不常写论文，这次自由度比较高的作业还是蛮大的挑战。但还是很感谢这次作业吧，让我有机会去深入研读文本，整理自己的想法。这本就是一次绝妙的体验。\n\n虽然文章内容粗浅，但我也会十分珍重。
111567,4316,翟业军,2019-07-02 03:38:28,0,4,4,好。很好。
111569,4316,翟业军,2019-07-02 03:50:23,28,43,15,一年前上的阿翟的课，今天看见有人在下面恶意传播谣言诋毁老师真的很生气。翟老师确实是一个很有个性的老师，上他的课收获很多也很有感触，但是说他上课尬黑其他作家和诗人确实子虚乌有，我只能说您理解有问题出门别来上中文系的课左转不送，还说他讲课性暗示的我真的笑了，只能说您是诚于心形于外吧，最后我想各位上课不好好听考试不好好考在出分后来评分口吐芬芳大概就是为了证明您真的是个露色吧，祝下一门考试绩点更低哦
111570,4316,翟业军,2019-07-02 03:51:22,50,65,15,"翟老师的课好评是必然的，差评，也是必然的。为什么呢？因为一个鉴赏现当代文学而几乎游走于文学史框架之外，上课既不为你列出文学编年史和重点背诵作家，也不为你画出一二三四点作品内容思想情感主题要点的老师，你听他的课不抱着""我想享受文学，我想沉浸在文学中""的态度，而是""为什么不列大纲我什么都学不到""的态度，那你理所当然会给翟老师差评。至于文学批评中观点的交锋，翟老师的论文欢迎你各抒己见。只是对作品理解赶不上平均水平，或者只为反对而反对的话，难免要贻笑大方了。"
111572,4316,翟业军,2019-07-02 03:54:11,15,21,6,挺喜欢这个老师，但是老师不是学术型的，比较随性，感觉对教书没什么热情。去做自媒体或许更好，当老师总是有种郁郁不得志的感觉。
111573,4316,翟业军,2019-07-02 04:03:19,7,11,4,翟老师是个很有才华的学者，上课给我们讲的东西都很有意思，认真听了能学到不少知识，虽然最终论文成绩不太理想，但是还是谢谢老师的教导吧。
111605,4316,翟业军,2019-07-02 06:39:04,13,16,3,绩点这么低出乎我的意料，一篇论文定生死挺让人难受的，论文很认真地写了，但是结果还是很差。此外，老师的论文不错，其他，无话好说！
111659,4316,翟业军,2019-07-02 11:58:32,11,15,4,我觉得文学需要这样个性鲜明的人
112003,4316,翟业军,2019-11-06 12:15:20,-38,18,56,没看出才华，看到的满满是小家子气、不负责任、教学敷衍。坦白说，南大情结再重只怕也调不回去了，重也能理解，毕竟是最高最好学历吗；不想好好教书干嘛留在浙大，还开课恶心学生，给分两级分化，上课念论文面向的是自己不是学生吧，一脸陶醉与猥琐。
112014,4316,翟业军,2019-07-03 07:30:13,2,4,2,很好呢
112854,4316,翟业军,2019-07-05 06:13:57,6,10,4,大家喜欢的讲课方式不同，不讨论上课的价值性。单从考核方面讲，一篇论文定绩点有点不合理，老师主观性比较大。另外，我个人觉得学到知识不成体系、很零散，有点难受。
114114,4316,翟业军,2019-07-09 00:01:20,1,4,3,一篇论文定分数。
114645,4316,翟业军,2019-07-11 02:38:38,6,8,2,有人说真性情，有人说不负责任
114740,4316,翟业军,2019-07-11 08:10:09,9,10,1,所谓评价本身就是一种神奇的机制。倘若非要说些什么，无非也只是个人片面之词。褒贬不一确实是必然的。但翟老师确实是有个性，又有着独特的任性。
123718,4316,翟业军,2020-06-12 10:58:24,11,16,5,表面上比较随和，其实暗藏玄机。课程论文占六成成绩，要求竟然是”有话则长，无话则短，有看法、有趣味就可以！“？
133864,4316,翟业军,2021-03-08 11:27:50,6,8,2,本来都死了学文学的心了，偶然听了翟啊翟一节课，又死灰复燃了。翟啊翟为什么不是博导啊，我想跟他读一辈子书😭😭
136384,4316,翟业军,2021-06-17 08:26:13,4,5,1,听过讲座，极佳！
137216,4316,翟业军,2021-07-05 07:30:55,10,15,5,不管支持与否，绩点高低，人生都该经历一次这样彻底的洗礼。\n\n——————————————————————————————————————————————————————\n\n出分了出分了，来给老师打call，看到楼下那位说的，智云课堂重新认识太真实了，这个老师真的讲的很震撼，虽然有些观点我觉得过于偏激了，但不管怎么样，这个老师真的带给我极大的三观冲击（积极方面的），让我对很多习以为常的被赞美的事物有了批判的眼光，看到不同的一面。\n\n真的很建议试一下这个老师的课作为个性分，这个暑假立下flag，一定要好好再去把老师推荐的书和老师的课重新刷一遍，有点遗憾没有好好听课。\n\n最后，让我来当一下“翟卫兵”（划掉），对于那些说word里面没有东西的，我表示很抱歉，的确没东西，东西大部分还是从老师讲的里面感受到的东西，纯背没什么用吧，更多是要能理解到老师在讲的是一个什么东西，甚至光看讲义也没有用，老师抑扬顿挫的讲课能让这无聊的东西突然变得很深奥（只看讲义绝对是捡了芝麻丢了西瓜！）\n\n乱七八糟说了好多，反正就是，很棒，给我选他！！（失智）\n\nP.S.比较建议三观不是那么正的人考虑一下哈哈哈，因为很多观点是颠覆主流的。可能是因为我和老师气质比较符合（往自己脸上贴金），所以拿到了一个很惊喜的分数（就我这种考前三天开始疯狂刷智云课堂，上课前赶完论文的……确实挺不配）
137226,4316,翟业军,2021-07-02 12:12:54,10,15,5,翟老师上课很有趣，但也仅限于有趣而已，对于中文系小白而言，没有完整的文学史架构和深厚的中国当代文学背景铺垫，是比较难理解翟老师的当代文学史课。如果对绩点和考试比较焦虑的话，建议不要选择翟老师的课。
137228,4316,翟业军,2021-07-02 12:18:37,9,11,2,老师上课真的真的很有趣，他本人也非常具有文人风骨，但是考试真的不知道该复习什么，像无头苍蝇一样，非常崩溃
137340,4316,翟业军,2021-07-03 09:44:32,4,7,3,老师讲的很好，事情一般，不用考试，从来不点名。整个学期大概做了三次pre，期末一篇不限字数的论文（我写了3500），绩点4.2
137529,4316,翟业军,2021-07-05 03:26:23,-8,10,18,给分太差了 无语
137538,4316,翟业军,2021-07-05 04:16:04,8,11,3,虽然被卡绩了。。。但还是要给翟老师十分 每周最期待的就是阿翟的课了 让我对文学有了全新的认识 阿翟男神！！
137544,4316,翟业军,2021-07-05 04:41:10,-43,15,58,一个字一个字扣你的智云语音也没扣出什么内容。好在你有你的Word文档，要不然更成了一盘散沙。\n\n别选，有那么多老师，为什么要选这一个dick呢？
137548,4316,翟业军,2021-07-05 04:50:21,12,17,5,听翟老师的课绝对是一种极致的享受，当然他的期末考有一定的难度，如平时上课好好听，作品好好读，期末还是有话可写的，但是如果平时上课也不听，作品也不读，期末补天失败却来抱怨老师给分差，那就有失偏颇了。
137557,4316,翟业军,2021-07-05 05:36:28,10,12,2,阿翟的课真的不错，年少不知阿翟好，期末考的时候有点火葬场。但是智云课堂再听一遍很多感悟。复习的时候可以多看看阿翟课上放的资料。也可以去读一下他的论文，我真的觉得老师很有想法。看到大家绩点不高可能确实，毕竟老师对我们要求也比较严格吧（从他平时上课提到过以前的学生也可以感受到）但是以后有机会还是很想听阿翟讲文学的！
137558,4316,翟业军,2021-07-05 05:55:06,14,18,4,年少不知阿翟好，开学的时候听了两次课以后就开始上课水手机了。以至于期末的时候重新开启智云课堂学习，也是智云让我重新认识翟老师。真的很开心能在大学四年遇到翟老师这样有个性，见解独到的老师。听他的课就是对自己认知的重新塑造。虽然我最后的绩点不高，但阿翟真的是个很好的老师。太过于在乎绩点，那么课程可能会变得素然无味了。
137560,4316,翟业军,2021-07-05 05:56:13,7,9,2,文学与人生通核课，听翟老师上理论课真的是一种享受！讨论课是展示加发言形式，助教姐姐温柔可爱，也尽量让讨论氛围欢乐一些，期末上交一篇论文，总的来说想拿高分就要平时多发言➕论文好好写，给分还是不错的，相对的平时不发言和论文乱写的估计就会被正态。我没有每次都发言，但最后也上4了，在这里对老师人身攻击的还是要反思一下自己吧。。
137630,4316,翟业军,2021-07-05 11:00:23,1,4,3,课是好课 走神是我的问题 论文是认真写了 准备考试是尽力了 分数不高应该是我依然达不到老师的期望吧
137636,4316,翟业军,2021-07-05 12:11:28,-10,7,17,好评 给1分
137677,4316,翟业军,2021-07-05 14:40:53,-11,5,16,好评，一分
137750,4316,翟业军,2021-07-06 03:31:31,8,9,1,享受，很难走神。感受到老师有着非常广博的知识面，最喜欢听老师在课堂上很自由地讲汪曾祺、沈从文，讲曹保平电影，《萨拉金》。老师是个很有独立想法的人，对一些作品和观念也有比较坚定的态度（甚至有些尖锐了hh不过我也很喜欢！）。
138528,4316,翟业军,2021-07-09 15:38:35,4,4,0,文学与人生，给十分，课很好听，但是给分不好，讨论课一定要多多发言。如果不擅长发言真的不要选，再给我一次机会我绝对会选一个对发言没那么看重的通核。。
140347,4316,翟业军,2021-09-10 02:13:36,1,4,3,老师非常有思想，听他的课是享受。但他不一定能看上你的文章......
140569,4316,翟业军,2021-09-14 02:31:29,7,8,1,男神！！讲课非常独到，声音很好听555，给分好，不点名，很“中文系”的老师！！
144925,4316,翟业军,2021-12-26 03:18:31,1,2,1,太硬了...
144926,4316,翟业军,2021-12-26 03:18:33,2,3,1,太硬了...
151583,4316,翟业军,2022-03-08 10:49:01,11,13,2,谁不爱阿翟！！每节课都重塑我三观！！
153911,4316,翟业军,2022-05-16 13:10:22,1,2,1,emo中听他的课给我带来快乐的老师！表白翟业军！我要为你好好学习！
154506,4316,翟业军,2022-06-02 02:49:48,3,4,1,我滴偶像！！！！！
154876,4316,翟业军,2022-06-06 10:43:32,14,16,2,暮色四合里，是年轻与文学的浪漫。阿翟的笔下有清风与锐气，值得沉浸其中细细感受。希望有一天能够成为阿翟的研究生~
155210,4316,翟业军,2022-06-09 10:14:13,84,91,7,我勃然大怒，直接把考试取消了
155264,4316,翟业军,2022-06-10 02:44:52,12,14,2,上课讲得非常非常好。高中语文课云里雾里听不懂，我还以为是我的问题，我不适合学汉语言。但是我觉得翟老师上课非常清晰，非常引人入胜，不需要用点名来把我们捆在课堂，我们自然会被他的能力和魅力吸引。上课喝可乐、喜欢小奶柴，也很可爱
155875,4316,翟业军,2022-06-16 11:14:18,8,11,3,翟老师是一个非常有才情非常有个性的老师，听他上课真的耳目一新，不仅是在上文学史，更是让我们感受一个或多个时代那种文学气息以及各种作家他们的个性和缺点。翟老师很少对一些敏感的东西讳莫如深，他很真性情，会在课上批评一些文坛上口碑很好的作家。翟老师的这种清高和个性我觉得是中文系老师中非常宝贵的，他让我真正感受到了一个文人的样子，很有一种名士的风度。\n\n另外老师的课干货很多，讲的内容很多，考试的要求也比较高，建议选现当代文学史的同学真的要认真上课，老师讲的有他的论文，建议可以多看看，考试的内容都是上课讲的，真的是一位很有趣很值得一听的老师
155960,4316,翟业军,2022-06-17 00:54:38,10,10,0,有些好老师上他的课让人心生欢喜，而老翟的课，让人热泪盈眶。这个学期上到了老翟的现当代文学史非常值得，结课非常非常不舍。不管分数出来多少，这个学期每一节的当代文学史课都是我最珍贵的收获，永远爱老翟❤️
155999,4316,翟业军,2022-06-17 04:55:34,11,13,2,浑身散发着知识分子的人格魅力，有自己独到的见解，真的很喜欢，绩点多烂都不后悔上过阿翟的课
156144,4316,翟业军,2022-06-18 02:36:14,18,23,5,谁不爱阿翟呢，他的课每周我都在期待，每一节课都是纯粹的享受。翟老师身上真的有种让人沉醉的文人气质（还有爱喝可乐和爱小奶柴的反差萌），阿翟的人格魅力超强，就算他绩杀我我也绝不会后悔上这门课。希望以后可以称为阿翟的研究生！！
156927,4316,翟业军,2022-06-21 10:50:42,0,4,4,很有才华的老师，收获很多，公言海小哥哥助教超级好，儿童节发糖，结课发明信片，老师从来不点名，但是用心对待收获会很多的！就文学与人生这门课来说，不偏理论，更像是一种熏陶，老师会讲一些文学，电影甚至歌词，爱情，革命，亲情等等，不要被课名吓跑啦，另外，书不需要买的
157137,4316,翟业军,2022-06-22 04:26:07,0,1,1,老师讲得没话说，超级好 没想到给分意外地居然也还不错哈哈哈哈哈哈！
157143,4316,翟业军,2022-06-22 04:58:10,1,4,3,翟老师yyds！！通核给分真的不错。结课了好舍不得……\n\n以及，翟老师三观很正！是大学必不可少的思想洗礼。强推！！
158672,4316,翟业军,2022-07-01 08:09:10,4,6,2,哎，为什么，好好听课3.3哎终究是我错付了
159023,4316,翟业军,2022-07-04 13:56:48,1,4,3,现当代文学史1.听课很享受，考试都是平时讲过的内容，好好听课、把课上提到的作品尽量读过最后成绩不会差的（甚至不用怎么准备考试，当然也没法准备）另外，老师的叙述很能鼓动人，不过作为学生还是要有自己的认识。
159987,4316,翟业军,2022-09-11 03:24:09,0,3,3,太爱阿翟了！！！如果可以，真想一直跟着他读到博士！
161187,4316,翟业军,2022-10-31 12:02:33,2,4,2,阿翟永远是我的神！真的从来没有遇到过这么吸引我的老师和课堂，如果能仔细阅读老师的论文也会从中获得很多的感悟！有翟老师的中文系才能算真正的中文系（对于给分我并不认同有同学提到的符合自己的口味就给高分的说法，我觉得老师看中的更多的是你对某一个具体事件or书等的真实感受和你的态度）真的每一个中文er一定要听一次阿翟的课！
163615,4316,翟业军,2022-12-15 16:32:15,4,5,1,我爱阿翟！他身上有真正的文人风范，听他讲课真的是享受！会一遍遍的感觉到心灵的震撼！
163661,4316,翟业军,2022-12-16 02:15:13,0,1,1,上学期学的，一直忘了评分，po纯工科生，没有考试，讲的超好，小组展示也轻松，冲冲冲。
164658,4316,翟业军,2022-12-22 15:35:21,3,4,1,文章宁复见为人
166015,4316,翟业军,2023-01-10 22:04:12,0,1,1,虽然我很拉，，但是老师很好！！
166346,4316,翟业军,2023-01-12 04:29:16,9,11,2,去年上的文学与人生。老师的课非常精彩，我建议大家放下作业好好去听听，学业繁忙的可以假期去听听之前的智云课堂。老师上课不要求大家来听，但是会好好准备自己的上课内容，绝赞！讨论课一定要积极举手，我的助教人超好，举手就有分了，本工科生每次都会阿巴阿巴发言。助教儿童节发糖，结课发明信片（应该是这门课的助教们统一准备的）。助教应该是老师的研究生吧，感觉对学生都很好。老师大概率看不上我的文章，给分我这一般般，但是不妨碍我为阿翟打call，逢人就安利文学与人生！
171165,4316,翟业军,2023-03-17 08:16:14,10,12,2,充满诗意的一位老师！！他能让我这个懒鬼在疾风骤雨的早八清晨毫无怨言地冒雨来听课
172044,4316,翟业军,2023-04-18 04:45:53,11,14,3,你们分是怎么打的？阿翟是第一节课就让人狠狠爱上的男人啊 是论文写得比散文还美的男人啊
172800,4316,翟业军,2023-05-14 02:16:49,3,4,1,有文人的魅力。听阿翟讲课真的能学到很多奥🐕。再次给老师打call！
173094,4316,翟业军,2023-05-13 09:22:39,3,5,2,文学院最喜欢的老师，没有之一。
173849,4316,翟业军,2023-06-03 15:17:43,4,5,1,上过翟老师好几门课，翟老师课是上得真的好，超级有感染力，是唯一一个让我上课每一分钟都聚精会神地听的老师，哪怕老师从不点名也会准时上早八。老师上课的确不按照文学史的条条框框来讲，他自己也说不推荐学生看任何的当代文学史，但至少对我而言，这些知识性的东西本来就是自己看看任何一本文学史的书都可以获得的，而老师上课讲的才是真正对我有启发有提升的，仿佛打开新世界的大门一般，这是自己看文学史无法获得的。总而言之，受益匪浅。
174564,4316,翟业军,2023-06-14 06:37:30,0,2,2,“柴犬是多么可爱，它们简直就是天使，比人类婴儿可爱的多”啊啊啊啊啊啊啊啊啊我真的好爱阿翟😭😭😭他简直就是一个诗人🥰🥰🥰能当阿翟的学生是我的幸运🥺🥺（顺便希望通核给我个好分🥺👉👈
175292,4316,翟业军,2023-06-23 10:19:02,6,7,1,阿翟的课给我一种文学的安慰，一碗在浙大学习能够不发疯的安魂汤
175589,4316,翟业军,2023-06-28 17:38:28,6,7,1,想和翟读一辈子书…挥霍一辈子
175765,4316,翟业军,2023-06-26 13:14:32,1,2,1,听翟讲课很舒服，娓娓道来
176034,4316,翟业军,2023-06-27 13:00:48,7,8,1,从不点名，但是他记忆力似乎很好，他认识上课的人，虽然他不说...但是他真的会知道你是他的学生，或者知道你翘了课，尤其是同时上他两门课的人...但是也不会影响成绩。还没出成绩，我不管，我是柴犬，汪汪汪汪汪汪汪汪汪汪汪汪！
176519,4316,翟业军,2023-06-29 07:34:31,8,9,1,喜欢阿翟！！！\n\n“人类幼崽怎么会有柴犬幼崽那么可爱呢？”\n\n他超爱！！！
176521,4316,翟业军,2023-06-29 12:28:02,11,15,4,上他的课就是一种享受，极致的思想的洗礼\n\n可是给分真的被爆杀，我有很认真的复习和答卷了啊。。。而且基本写得都是对的啊，出分之后伤心了，唉。\n\n阿宅，你让我又爱又恨😭😭😭\n\n课讲的有多好，给分就有多差
176526,4316,翟业军,2023-06-29 07:55:27,6,9,3,文学与人生，打10分是因为满分只有10分\n\n\n\n通核美育文科属性叠满\n\n宝藏阿翟上课名从不点\n\n课上摸鱼不亏听课血赚\n\n助教姐姐人美声音也甜\n\n讨论课展示发言都不卷\n\n轻轻松松同时收获明显\n\n组员关系和睦没人摆烂\n\n课程论文几乎主题不限\n\n最后一课还发了明信片\n\n完结撒花留下美好纪念\n\n大学生活已过将近一年\n\n首次有课让我如此留恋\n\n最后绩点4.8前来还愿\n\n这么好的课为什么不选！！！
176663,4316,翟业军,2023-06-29 15:33:47,3,5,2,文学与人生，老师讲的确实挺好，但是对上课发言比较抗拒的还是慎选，小心低绩点
176725,4316,翟业军,2023-06-30 01:43:27,-20,11,31,当代文学史\n\n大一下投入最多的一门专业课。我的学习兴趣本在于唐宋文学，却因为阿翟狠狠爱上了当代文学。老师颇有才气且不清高。第一节课讲到“被删除的、尸骸的记忆在文学中被还原”，感动到无以言表。阿翟推荐的每一篇小说都有认真阅读（除了三红一创hhh），尤其记得在读《初雪》《绿夜》《茶馆》诸篇时的强烈感受。期末很遗憾因为二阳没能很好地完成论文，但能让阿翟给我4.8已然很开心!
176800,4316,翟业军,2023-06-30 08:02:25,4,5,1,超级超级好的老师\n\n自由之思想，独立之精神。能大大地开阔视野
177141,4316,翟业军,2023-07-02 01:41:02,6,10,4,上翟老师的课真的很享受，有些老师就是很奇特，说话有一种格外出彩的腔调，大学一年给我有这等感受的，一是翟业军，二是章雪富。就是你想听他说话，一直一直。\n\n    呜呜呜但是我还想说我期末还是很认真的😭😭可能ddl战士论文写得太拉了，最后绩点尊嘟让我心碎/:break😭😭😭😭😭\n\n  总而言之，老师很好，是我太菜了😭\n\n不过老师身上是有文人的清高劲的，虽然他一直说自己世俗
177446,4316,翟业军,2023-07-03 09:33:23,7,11,4,文学与人生：\n\n好在通核美育文艺审美三认定，老师讲课还可以，蛮开阔眼界的，期末论文限制少\n\n差在讨论课上的真的难受，每节课要么课上发言要么课下发言，但是每次都要发言（对于不擅长的同学建议克服一下课上发言的恐惧，尽可能课上发言，课上发言评分会高些），而且整个课程有5个小组pre，事非常多
178154,4316,翟业军,2023-07-07 08:22:22,5,11,6,翟老师真的很好，每次都会认真准备上课的内容，我上的是翟老师的大学写作创意模块，老师平时讲授的东西真的是我从来没有也很难有机会接触到的东西，而且听完翟老师讲完的故事会有读一遍著作的冲动。阿翟真的是中文系不可多得的老师，大家一定要珍惜呀呜呜呜呜呜。那种一节课没有听就逼逼老师给分不好或者上课听不懂的人能不能从自己的身上找找问题啊
178719,4316,翟业军,2023-07-20 00:34:02,7,9,2,柴犬 嘿嘿
181379,4316,翟业军,2023-10-16 06:16:57,1,6,5,永远的阿翟
184283,4316,翟业军,2023-12-15 07:10:43,1,5,4,转型做政治家矣。
185948,4316,翟业军,2024-01-06 09:18:01,16,20,4,去看了阿翟的浙大主页，更佩服了，高邮师范大学的本科，毕业后还去做了六年的中小学教师，然后又去考研，考到了扬州大学，然后博士到了南大，之后留校教书，还自己出了三本书。真的很佩服他的勇气和天赋，以及论文写的真的特别好。
185999,4316,翟业军,2024-01-07 09:50:03,3,5,2,。。。
188363,4316,翟业军,2024-01-18 18:18:01,4,6,2,wuyuyu
190285,4316,翟业军,2024-02-27 06:52:27,5,9,4,上他的课是一种幸福
190570,4316,翟业军,2024-03-09 08:04:28,6,7,1,懂得都懂
190788,4316,翟业军,2024-03-19 06:56:06,8,9,1,想问业军老师，您心上的荒原生出幽草了吗？\n\n偏居的婴宁想在原野上大声地唱出爱的故事。
191363,4316,翟业军,2024-04-18 12:31:32,0,5,5,助教叶姐姐请务必嫁给我！！！每周四晚上我都好开心！！！
191874,4316,翟业军,2024-05-03 02:38:34,6,8,2,很难不喜欢阿翟的课
193198,4316,翟业军,2024-06-04 11:01:19,12,12,0,讲得好好啊，作为远离了文科很久的人，有些时候听得有点像流眼泪
196036,4316,翟业军,2024-07-01 08:33:52,-14,3,17,太功利了，而且总是以一种很市侩的眼光看事物。然而给分很好，是我爹
196708,4316,翟业军,2024-07-05 01:22:53,2,3,1,课有一定难度的，想听懂不易（当然不点名），讨论课有时候比较尴尬，没人发言，助教姐姐很漂亮
198006,4316,翟业军,2024-08-23 08:53:02,19,20,1,我和学姐们的一致看法：天赋型学者
199463,4316,翟业军,2024-09-24 05:55:11,3,13,10,当代文学史，老师很有才气，授课一气呵成。但中间夹杂的大量难称符合求是精神的私货实在让人难以与课堂主干联系起来，个人不太能接受这类传教式的课堂体验。
203190,4316,翟业军,2024-11-18 01:25:31,2,5,3,超级有观点有趣的老师，突然想起来没评分，上大学写作是最有趣的一段经历
210589,4316,翟业军,2025-01-09 11:41:56,6,9,3,文学与人生\n\n作为理科学生，光是听翟老师说话就莫名舒适🤤🤤
211741,4316,翟业军,2025-01-12 09:50:24,1,4,3,给分成谜
211742,4316,翟业军,2025-01-12 09:50:24,0,3,3,给分成谜
211744,4316,翟业军,2025-01-12 09:52:50,-20,8,28,劣迹老师滚回南大，当然南大也不要你。辛辛苦苦一学期，努力喂了狗。，，     最无语的一次，早上 5 点钟起来背书，考试除了名词解释有一个不太清晰别的都很认真的写了，而且也有思路，，，，，，，  无语哈哈
211764,4316,翟业军,2025-01-12 10:59:29,0,5,5,给分成谜。
211785,4316,翟业军,2025-01-12 12:16:02,3,8,5,“浙大文学生完蛋了”“相信我的判断力。”
211797,4316,翟业军,2025-01-17 15:30:05,2,12,10,翟老师上课特别有意思，很多时候都是讲的自己写的论文，可能每次上课听老师讲不是特别明白，但是自己细心品味确实觉得写得很有深度和新意，提供了不一样的视角和传统的文学史教材大不相同。我上的现当代文学史2给分挺好的，认真上课背书（主要是理解背诵讲稿和论文）就行，最后4.8
211862,4316,翟业军,2025-01-13 00:25:00,-1,9,10,不要公信力，只要自信力
211958,4316,翟业军,2025-01-13 02:54:06,9,11,2,翟老师很好，上课不会完全拘泥于教材的条条框框，会讲一些自己的观点和看法，给了我很大的启发。最后给分很多人说有点迷，我自己的分数还不错，如果要拿一个高一点的分数的话最好每节课都认真听并且记笔记，虽然老师会发他的讲稿但考试的时候考了很多需要理解的讲稿上没有的东西。论文的话翟老师还是很看重你自己的观点（可以做一些别人没有做过的对比向的论文）不必把一些学者的观点奉为标准。
212010,4316,翟业军,2025-01-13 04:28:49,9,10,1,怎么说，感觉老师要求很高，要有自己的见解才会给高分，认真学了一学期，成绩一出哭晕在被窝，考试要写出自己的看法吧，终究是我这种只会傻读书的做题家不配了，老师为人还是很和善的。
212214,4316,翟业军,2025-01-13 11:53:30,7,8,1,感觉翟老师给分比较看重论文是不是合他的心意，以及期末考试认真的同学差距不会太大？考前认真地复习一下老师的智云和论文，论文作业着重写出自己的观点和看法，最终给分不会太差
212229,4316,翟业军,2025-01-13 13:27:18,19,19,0,意难平，写给每一个想选翟业军老师的专业课的文学院的同学\n\n省流：好课，看重绩点慎选（或者说建议别选）\n\n1.老师讲课毋庸置疑非常精彩，楼主非常喜欢，每节课都去、每节课都认真听，翟老师上课明显是一个学术性很强的文人风格，在上了一学期后对现当代文学史有了很深刻的认识，也读了很多新的书，翟老师从不点名，但是他的课人从来不少，是一门非常好的课；\n\n2.给分成迷，极其伤人。楼主考前复习了四五天，前一天的专业课考前还是挤用了复习时间来复习这门课，就是想为这门自己喜欢的课争取一个比较好的成绩；平时成绩因为只有一篇论文，本人写的慎之又慎，来回修改，前前后后完工用了很久很久，最后交上去后还百般不放心甚至又写了一篇新的，最后得分奇低且卡绩。可想楼主在回家的高铁上看到这个成绩有多伤心。翟老师在群里的原话如下（反对任何形式的断章取义）：\n\n“肯定有同学对自己的成绩不满意，正常。相信我的判断力。如有个别同学不服气，需要看试卷的，开学时找我。明天起，考研阅卷。”\n\n这种回复当然看的人很不舒服，且“需要看试卷的，开学时找我”似乎是一件很没有意义的事情和答复。楼主看到这条信息时确实是偃息了去找老师咨询的想法，但心情较之刚看到成绩还要更差。\n\n另外根据楼主的身边统计学和朵朵上大家的反应，感觉普遍给分并不好，也许是幸存者偏差。\n\n3.如果你不看重绩点、想选一门有趣或者事少（这门课完全可以不去，但是考试和论文不好的话我相信百分之百他会挂掉你）的课，这门课完全可以选；但如果你想要取得一个很好的分数，选这门课恐怕要慎重，我想仅仅是“努力”是不能保证你取得翟业军老师的高分的。\n\n言尽于此，楼主自舐伤口伤心去了.
214089,4316,翟业军,2025-01-23 19:48:36,20,22,2,讲课水平算是见过的纯文科老师中top级别（不夸张），工科生也能听得津津有味。有见地，不故弄玄虚绕名词，食之有味，是文学该有的样子。
214113,4316,翟业军,2025-01-24 10:37:07,-8,4,12,不否认讲课很好。但给分差到令人窒息且无迹可寻。。。。十分自负的老师
215132,4316,翟业军,2025-02-22 06:54:00,5,5,0,讲课让人根本不想摸鱼，文学与人生选就对了
216875,4316,翟业军,2025-03-27 20:51:50,0,2,2,文学与人生这课含金量太高了，美玉加通核。
217079,4316,翟业军,2025-04-01 10:57:54,0,0,0,文学与人生，其实是电影与人生
217346,4316,翟业军,2025-04-09 02:44:49,6,8,2,文学院能不能多点这样的
219702,4316,翟业军,2025-06-04 09:55:44,2,2,0,上浙大以来最崇拜的老师，结课后要了老师的微信，真的很幸福
219972,4316,翟业军,2025-06-13 02:06:14,0,0,0,文学与人生，讨论课点名，翟老师自己不点名。老师讲课确实很好，但给分可ji能没有想象中那么好，而且卡绩不会调分。加上作为一个通识课事情算比较多的，每周有作业，三周一次pre+期末论文，总体体验中规中矩吧
219986,4316,翟业军,2025-06-13 06:55:25,0,0,0,文学与人生，听老师说话就很享受，不过老师应该不调分
219987,4316,翟业军,2025-06-13 07:02:23,2,2,0,老师讲课不错，但文学与人生给分不太好
221092,4316,翟业军,2025-06-21 08:20:05,0,0,0,文学与人生，听翟老师的课就是享受无需多言，讨论课分到的小班同学都特别好，氛围很好，还是通核美育双认定，满意离开
83250,4404,王海燕,2018-07-10 03:34:16,3,4,1,东方文明史，正课本身比较枯燥。但是，讨论课非常有意思。特别喜欢助教傅以恒小哥哥！感觉很有研究历史的激情，讨论课上提出的观点很有启发性。平时除了阅读讨论课上会用到的资料外没有任务。期末考试开卷，两道论述题，题目从给出的三十多个中选两个。平时讨论课多发言，期末考试前把材料准备一下，成绩还不错。
83770,4404,王海燕,2018-07-11 07:53:51,1,2,1,老师蛮好的 会有几次课堂点名 ！ 然后一次论文 一次期末考试！ 重点表达对助教小姐姐对喜爱！ 555 可惜助教小姐姐之后要走了
163810,4404,王海燕,2022-12-16 07:10:39,5,5,0,学术大牛，必须赞！
168145,4404,王海燕,2023-01-30 07:11:08,3,3,0,世界史史料研读对着圆仁几十字的日记研究一个学期是非常棒的训练，让我这种小菜鸡觉得自己多多少少摸到了一点史学研究的门路。大声赞美！
174320,4404,王海燕,2023-06-09 09:25:10,0,1,1,王老师所做的学术训练会让人在后续的课程中也深深受益，就是上课确实相当痛苦…有种上山修行之感…
183320,4404,王海燕,2023-11-23 16:30:08,2,2,0,非常好老师，爱来自中国
189774,4404,王海燕,2024-01-28 14:40:17,0,0,0,老师很负责，不点名，上课真的很认真。也很惭愧因为个人本学期学分太多，上课都在干锅确实没怎么认真听过
195308,4404,王海燕,2024-06-27 17:20:45,0,0,0,上了老师的通核东方文明史，这个课是两个老师上，王海燕老师负责后半部分，老师很平易近人很和蔼，第一节课就会说她理论课不点名。给分不错，期末考试把课件和讨论课资料整理打印出来，开卷考试就够用了。讨论课只发言了一次，期末开卷考把答题卡写满最后拿了4.5，已经很满意了。
210405,4404,王海燕,2025-01-09 05:59:17,0,0,0,老师讲的很好啊，还会和同学互动
217701,4404,王海燕,2025-04-15 09:12:54,0,0,0,不点名，但是发言多水都加分\n\n24-25秋冬东方文明史3.6，我犯什么天条了。。。
78060,4438,邵頔,2018-05-09 07:43:50,1,2,1,111111111111111111111111111
78065,4438,邵頔,2018-05-09 07:59:43,-1,4,5,老师真的人美心善啊！事情不多，给分超级好！
78115,4438,邵頔,2018-05-09 10:57:51,4,9,5,社会我邵姐，人美路子野\n\n
78133,4438,邵頔,2018-05-09 12:39:47,3,4,1,老师贼好，上课贼有意思，讲故事，请了很多学长学姐来分享经验，很有收获，老师吃再多也能瘦
117088,4438,邵頔,2019-09-19 05:34:18,-1,0,1,想念邵姐
135275,4438,邵頔,2021-05-07 11:46:49,4,6,2,被绩杀了\n\n好惨啊啊啊啊啊啊
135278,4438,邵頔,2021-05-07 12:15:58,-1,2,3,啊啊啊绩杀了\n\n不过老师讲的很好
135303,4438,邵頔,2021-05-08 00:57:21,2,2,0,绩杀，好惨，无语
135333,4438,邵頔,2021-05-08 06:48:51,2,2,0,真绩杀
135425,4438,邵頔,2021-05-10 07:55:42,-2,2,4,什么sb老师，职规这种水课打2.5？别选了，垃圾
139648,4438,邵頔,2021-07-19 06:57:34,2,7,5,伞兵老师，职规这种水课你整五级制？忙着给逆犸上坟所以没时间好好打分是吧
153140,4438,邵頔,2022-04-26 05:12:31,-2,2,4,邵姐课很水，期中会找学长学姐来谈经验，挺好的老师
176527,4438,邵頔,2023-06-29 07:56:08,0,0,0,老师真的好好，考虑到期末任务重还给我们减了作业量，呜呜呜，感动！
78552,4644,陈玮,2018-05-13 02:18:41,21,24,3,人文学院的陈玮老师！人真的超级好！她的课从头到尾都能听得津津有味。让我们做文献翻译，花了一节课分析。最后8k字论文题目不限，真的收获了超多。知识面超广又很谦虚，真的很钦佩这样的老师！
118584,4644,陈玮,2019-10-29 02:47:23,8,9,1,非常棒的一位老师
126522,4644,陈玮,2020-09-29 06:29:32,2,3,1,超喜欢陈玮老师！！！
126791,4644,陈玮,2020-10-20 07:08:35,6,6,0,知性max
126918,4644,陈玮,2020-10-28 06:53:33,5,7,2,老师是研究亚里士多德哲学的，讲得也很接地气，来给徐老师代课，狗粮吃到饱
130264,4644,陈玮,2021-01-20 10:28:24,6,6,0,很好的老师
133597,4644,陈玮,2021-03-02 14:10:44,20,20,0,非常好的老师！很有耐心，（哲学基础）讲课也很有趣。老师很有逻辑，思维清晰，讨论课上常常控制不住自己一起参与讨论，可以看出来老师很有哲学思维和修养。人也非常好！点了两次名，每次点名都会在上一堂课（或者更早）进行预告。善于鼓励学生，事也不多，只要准备讨论课就好，期末是一篇哲学相关的论文。印象很深的是在考试周前一周的课总会跟我们说“你们如果要复习或者复习累了想睡觉都没关系，只要不要发出太大的声音”，是非常体贴学生为学生着想的老师。对理工科学生也很好，尊重并且乐意听到理工科方面的知识（与哲学结合什么的）。认真听讲真的能学到很多东西！
144686,4644,陈玮,2021-12-23 06:59:39,3,3,0,挺好的吧
144792,4644,陈玮,2021-12-24 00:47:23,8,8,0,第一排可以同学昂首挺胸地横屏玩游戏。\n\n是个可以跟学生交朋友的好老师。
145547,4644,陈玮,2021-12-30 08:09:26,5,5,0,对同学们非常关心，而且期待比较高，可以捞捞
146826,4644,陈玮,2022-01-07 14:02:25,14,15,1,哲基我直接吹爆。陈玮老师是个非常谦逊，非常有趣，非常平易近人的老师。知识面也比较广，上课能学到很多干货。
158549,4644,陈玮,2022-06-30 07:23:35,1,1,0,美学导论也太好了吧
160119,4644,陈玮,2022-09-13 11:42:28,0,0,0,友好～
160130,4644,陈玮,2022-09-13 14:27:08,1,1,0,很好的老师，【哲学基础】很有趣，讲课也很有自己的体系
162038,4644,陈玮,2022-11-16 07:39:50,0,2,2,哲学基础课比较有意思 就是事有些多
164344,4644,陈玮,2022-12-20 10:59:08,1,1,0,好棒的老师，又温柔又知性，两次点名但是每次都提前告知，说话轻轻柔柔的
164835,4644,陈玮,2022-12-26 14:11:27,6,6,0,大爱我陈玮老师
164842,4644,陈玮,2022-12-26 16:46:52,1,1,0,吹爆哲基 陈老师人真的好优雅 讲课深入浅出 非常尊重学生
164910,4644,陈玮,2022-12-27 13:00:08,15,15,0,Part 1（原来查老师最多写800字）\n\n    马上就要结课了，非常地不舍。\n\n    我觉得自己很幸运，能在刚打开大学之门的时候就碰到这样一位好老师。老师讲课很有体系，每一次授课都是围绕着某一关键词展开（如意识、真实、美德）等，对其下面的基本哲学观点、哲学流派有所介绍。如果认真听的话，能收获很多。当然，老师没有想办法强制让大家听课，两次课堂点名也是早早地告诉大家。哲学基础这堂课的灵魂之一就是讨论课，老师会提前放出问题池，然后分小组进行pre。小组内部成员分工合作，每次只派两到三人进行pre，到期末至少每人有一次pre。大家不要害怕这一次pre，如果你是真心喜欢哲学，对哲学感性趣的话，你会不自觉地想要表达自己的观点，乃至于每个pre后的提问环节像吵架现场一样（笑，开玩笑的，但是大家真的有在其中），也不用担心你pre的不够好，观点不敢说之类的问题，课堂的氛围非常棒，大家都很包容，老师也很鼓励大家说出自己真正的想法。只不过有时候也许会收到助教和老师的犀利提问（23333，不得不说她们是真的有认真在听，而且提问非常到位）。但也不用过于担心，老师会找台阶下的（因为很多人会被台下的人怼得说不出话哈哈哈哈哈）。
164911,4644,陈玮,2022-12-27 12:59:01,14,14,0,Part 2\n\n      我最喜欢陈老师的一点就是她非常在乎、看重学生的想法，也非常愿意与同学们进行交流，完全没有架子。哲基的期末考核是占60％的结课论文，观点不限，你想写什么就写什么，字数也从之前的8k降到了4k。老师会要求在你写论文之前交一份大纲给她，然后和你一起讨论并给你一些建议（这个交大纲是算作签到的）。在后期我的论文写作过程中，跟老师讨论了很多，老师也会认真看并给你很仔细的回复。最重要的是，陈老师真的真的鼓励了我很多，她会肯定你的想法，并给一些非常实用的建议，这种正向的反馈真的支撑了我完成了我的论文写作。这种感动真的只有在和她交流时才能感受到。这也是为什么我非常非常喜欢她的一个原因，她真的很在乎学生的想法。\n\n    哲基是我这学期上得最不后悔的一门课，在这堂课上，也在我的小组收获了几个很好的朋友。也非常感谢我们对于哲学的热爱与兴趣使我们有了相识的缘分。总之，如果你是真的对哲学感兴趣，喜欢哲学的话，这门课上了一定不亏，陈老师会带着助教给你非常多的惊喜。\n\n    再见啦~希望明年能在美学导论的课堂上再与陈老师交流。
164912,4644,陈玮,2022-12-27 12:59:25,2,2,0,陈老师，真的人超好，课堂内容幽默丰富，为人温柔谦逊还很和善，每一个同学的大纲都会认真的看，并给出评价。然后在讨论的时候也是和同学们平等交流，认真听同学们的发言。真的很爱，真的很爱，爱死了
165182,4644,陈玮,2022-12-30 02:17:09,1,1,0,喜欢陈玮老师特别特别特别喜欢
167563,4644,陈玮,2023-01-17 10:29:14,7,8,1,上老师的哲学基础。说实话我不知道这学期收获了什么，感觉老师上课讲的内容最好是有一点哲学基础才会好听，不然听不明白，特别是当你还在为一些基本的东西挣扎的时候。讨论课更是大佬们的表演，本人很难跟上节奏，以至于讨论课不再那么享受。当然老师人还是非常好的，这点不必担心。学期任务是一次个人pre和一篇论文，两次点名老师会通知。只是这门课虽说是通识，但是哲学小白还是注意一下。
167566,4644,陈玮,2023-01-17 10:52:59,1,2,1,8k字论文喜提3.9\n\n虽然很失望\n\n但是老师真的很好 10分了
167677,4644,陈玮,2023-01-18 08:52:42,1,1,0,本人选的哲基课，有哲学基础的的话完全可以当成讨论＋辩论课来，每一次pre最有意思了，尤其是Q＆A环节，同学们提问很是犀利，像是把苏格拉底在希腊城邦干的事情拉到课堂上来，老师自己讲授的内容很全面但是有点无聊。最后有期末论文，可以准备整整一个学期，中途随时发给老师都会收到认真的回复。本人快写完的时候不知道怎么收尾了所以没好意思发给老师，所以写作辅导的10分被扣掉了，有两次点名但是老师会预告。老师本人简直可称完美！
184655,4644,陈玮,2023-12-22 05:58:29,3,3,0,人格魅力拉满
186228,4644,陈玮,2024-01-09 15:50:08,5,5,0,陈玮老师特别好特别亲切！也很可爱！讲课也很认真，能看出对哲学是很有热爱的，而且特别尊重学生看法。有10分的写作辅导，老师会特别认真地改论文，两个助教也很用心，爱了爱了，选哲基，不后悔！
187629,4644,陈玮,2024-01-17 02:14:05,7,7,0,上的哲学基础，老师人真的超级好，我在朋友圈都感叹过很多次了，非常懂学生的感受，想听就听，可以学到很多东西（特别是讨论课我很喜欢），不想听可以做自己的事情，快考试周了老师看到课的人比较少，大部分人也在做自己的事情，说她讲课尽量用不扎耳的音量让大家好好复习😢😢她真的，我哭死hhh 考核就一篇4000字左右的论文，助教和老师会要求先交大纲给她们看，她们会很负责地写很多改进意见和你讨论，非常好！如果你的论文有自己独特的思考，就更好了
187682,4644,陈玮,2024-01-17 06:15:43,3,3,0,老师人美心善、知识渊博，非常体谅学生，我这学期没有点过名，考核就是一篇4000字论文，老师和助教还提供写作辅导，给分也非常好。我的论文写的一团垃圾，最后分数也很好。
188887,4644,陈玮,2024-01-20 11:14:03,4,4,0,超级超级超级好老师，真的会高声赞美。人儒雅自谦，知识渊博，哲学内容还是比较浅显的。设置了讨论课和一篇论文，还有论文修改，感兴趣的一定要试试老师的课！
194448,4644,陈玮,2024-06-24 03:39:15,11,11,0,亲爱的陈玮老师，您好！大学最开始接触哲学是您的哲学基础，我记得当时疫情的时候我不得不在线上pre，但因为临时大改整版ppt、准备不充分等原因没有讲完，但让我非常感激您和组员不仅没有责怪我，还专门发消息和语音来安慰我。我返校上课的时候您还很热情地给我打招呼，让我非常感动，我本以为疫情会让人变得透明且无足轻重，但是您并没有忘记我，非常非常感谢您还记得我！\n\n但大一的时候我好像永远都在叛逃，天天逃课，后面又因为疫情在家写论文时也是草草了事，有的时候我会很沮丧，我的表现是否让您觉得失望？我并不太在乎绩点，我厌烦大学的竞争体系和既定答案，厌烦只会讲PPT、水课或者敷衍了事的老师，厌烦那些只是知识点背诵而毫无所获的课程考核，但是您好像和我认识的老师都不一样，我感到自己被平等地、温和地和认真地注视、倾听，我感受到了自己非透明的存在。\n\n在大二下的选课中，我放弃了修读部分专业选修课，来选择您的美学导论，我真的感受到了学有所成的快乐和鼓舞，非常感谢这次选课机会，让我弥补了《哲学基础》逃课和论文的遗憾，非常感谢您的教导和鼓励，纵使我之后仍然会在分岔路口犹豫和徘徊，但是想到您我会有更多的勇气，我很喜欢一个说法，上帝显现于我们的信仰之中，是我们用爱和相信创造了神迹，感谢冥冥之中的命运牵引我遇到您，此刻在期末考试周时情绪低落的我突然感受到了鼓舞，谢谢您一学期的陪伴，最后祝您也假期快乐，感受夏天的美好！
194659,4644,陈玮,2024-06-25 01:38:22,0,0,0,好老师，备课用心，关心学生，给分好
198199,4644,陈玮,2024-09-04 16:37:15,2,2,0,虽然写在这里老师可能看不见，但我还是要说，遇见陈老师我真的超级幸运！目前为止从来没有哪个老师细致到标点符号地给我改过论文，批注更是特别到位、精彩，给我醍醐灌顶之感。我甚至不是哲学专业的，但老师竟然愿意花这么多力气修改我的一篇课程论文，实在特别感动。最后希望老师好好保重身体，快点好起来！
198668,4644,陈玮,2024-09-10 14:00:02,2,2,0,经济学上的非常好，大爱
213826,4644,陈玮,2025-01-20 07:28:29,-5,0,5,宏观经济学，老师不点名，平时分大概是全送，没有平时作业\n\n讲课很好，但是有点快\n\n最后只复习了课件内容，拿了4.8\n\n被卡绩了有点伤心\n\n但是听说老师蛮捞的捏
217799,4644,陈玮,2025-04-16 13:57:22,0,0,0,特别特别好的老师
219516,4644,陈玮,2025-05-29 06:01:04,0,0,0,世界上最好的老师！！！超级有耐心、尊重学生、知识广博！陈老师更像是一位朋友，一个把你的观点认真对待的，肯定你的价值的人。
71755,4672,王诚,2018-01-29 02:43:18,2,16,14,这个老师的课挺水的，也不点名，期末就一篇3000字论文。但是这也导致了评判标准很单一。老师是个很有文化的人，但是上课有些枯燥。如果说我觉得老师做的有什么不太好的地方的话就是考核方式很晚很晚才说，这不符合学校的规定，也没给学生选择的余地。最后这门课拿了我的通识最低分，我反思了一下：3000字的论文别写3000字，写5000字吧。
75821,4672,王诚,2018-03-19 07:25:54,-1,5,6,国学经典。。。真的超级无聊，喜欢找同学起来读文章
77856,4672,王诚,2018-05-08 08:09:03,-10,2,12,不。知。所。云。
77858,4672,王诚,2018-09-10 04:37:48,26,35,9,现代语言学和古汉语的神奇结合
78600,4672,王诚,2018-05-13 16:16:57,2,4,2,老师人很nice的，通识课有点水，不点名，认真做了展示，写了论文，分还是相当不错的
78677,4672,王诚,2018-05-14 11:18:26,5,6,1,无话可说
78815,4672,王诚,2019-06-16 09:42:48,2,13,11,被正太了。选这门课的同学记得抢着做展示，论文5000字?像我这样老师说写三千就写三千的等着被79吧
83471,4672,王诚,2018-07-10 10:53:47,13,22,9,老师其实超级萌，也很乐意和同学交流，但个人觉得，老师其实对古汉语当面更有研究，现代语言学其实并不是很精深，不过上课还是很有收获的，无论是展示还是论文，只要好好准备，给分不会差的。
84778,4672,王诚,2018-07-14 00:48:46,-9,2,11,不做展示就算多交作业也没用 分数依旧低 不想上台的同学别选 上课也挺无聊
86076,4672,王诚,2018-09-04 06:51:47,-3,4,7,＜传统节日＞\n\n上课讲的东西还行，不过就偏无聊，考试的内容老实说对人生帮助不大，慎选吧！
86077,4672,王诚,2018-09-04 06:52:12,-4,2,6,内容是不错，但是讲课很无趣\n\n对生命其实没有太大帮助\n\n备课很谜\n\n考试很谜\n\n作业标准也很谜
89125,4672,王诚,2018-11-16 02:50:10,-5,4,9,秋学期一共点了一次名 因为人实在太少了 没做展示 但论文认真写了 最后得分4.8 谢谢老师！
89217,4672,王诚,2018-11-17 03:25:15,-7,3,10,老师人很可爱，注重倾听，每位学生展示完都会有点评。期末做了调研报告，给了满绩，真的很开心。
89299,4672,王诚,2018-11-18 07:19:15,-21,4,25,挺好，就是感觉给分不太公平。\n\n没做展示+没去上课+期末论文3000=4.2\n\n做了展示+次次去+期末论文8000=4.5
89321,4672,王诚,2018-11-18 12:09:38,0,2,2,真的不知道讲了什么\n\n不想做展示的同学请让让...
89395,4672,王诚,2018-11-19 02:43:54,9,9,0,很好很好！！可以学到很多东西！！给分也不错！！老师很可爱！！喜欢！！
89468,4672,王诚,2018-11-19 08:30:48,14,19,5,老师很温柔也很可爱！楼下8000字那位 不是老师不公平 你当这是比字数大赛？
89544,4672,王诚,2018-11-19 12:42:40,9,11,2,老师是有水平的，上课内容也还行。展示的同学讲的挺辣眼睛的。
89788,4672,王诚,2018-11-21 00:21:08,0,1,1,比较水，期末一篇论文，不强制pre，pre内容简单，发任何问题老师都会回邮件比较负责。因为是在18级新生选课体系下的课，感觉把学生都当小朋友。
89804,4672,王诚,2018-11-21 01:38:58,0,1,1,好好准备论文和展示吧
89891,4672,王诚,2018-11-21 07:06:46,2,2,0,上课还行，就是给分挺慢的
91619,4672,王诚,2018-12-16 06:59:41,3,3,0,感动感动
92003,4672,王诚,2018-12-25 10:37:21,-3,3,6,我感觉很好，只要自己用心，分可以很高的，我做了一次展示，上课总是坐第一排，最后绩点4.8，我觉得还可以的
94800,4672,王诚,2019-01-18 07:55:11,1,3,2,上课其实讲得还行，给分挺好的!!!\n\n我同学，没做展示+5000左右论文（写的很用心）+日常翘课 4.8\n\n我，做展示+调查实践报告4000-5000左右+每节课都去 4.8\n\n给老师写邮件会很认真的回复，比较水的一门课，很轻松
102698,4672,王诚,2019-06-23 09:12:17,6,7,1,萌萌哒
103637,4672,王诚,2019-03-03 08:08:40,6,6,0,特别认真负责的老师，讲课用心又生动
110120,4672,王诚,2019-06-23 08:52:33,4,15,11,唉，没满有点不开心，不过老师人挺好的，讲的也有趣
110292,4672,王诚,2019-06-25 11:23:39,5,8,3,挺有趣的 还会有外国小哥哥过来展示他们的传统节日
110413,4672,王诚,2019-06-26 12:24:29,4,6,2,王老师上课真的挺认真的。
110508,4672,王诚,2019-06-27 08:02:03,2,5,3,老师蛮好，签到无误，课堂展示，论文好好写，给我4.8，传统节日的通识，满足了呜呜
111309,4672,王诚,2019-07-01 01:58:54,0,2,2,没做课堂展示，论文认真写了一下，3000字多点吧，4.5。
115885,4672,王诚,2019-08-23 05:14:48,8,9,1,很有文化的老师，而且萌萌哒
120530,4672,王诚,2020-01-12 08:01:26,7,8,1,老师人很好，只要论文用心准备分数不会低的，课堂内容涉猎也很广，从八卦到中医各种传统文化都有
120890,4672,王诚,2020-01-18 09:16:07,5,6,1,老师很萌诶，上课知识范围很广，好好听很有收获。展示1次，论文角度比较新，写了5000，最后97满了。\n\n
123585,4672,王诚,2020-06-10 08:25:20,4,4,0,老师超可爱的！
127574,4672,王诚,2020-11-24 14:14:34,0,0,0,棒棒棒
160060,4672,王诚,2022-09-12 13:35:02,0,0,0,超可爱的老师！！！
161139,4672,王诚,2022-10-28 14:27:33,0,0,0,老师知识渊博，可以学到很多知识，作业有点多，
161695,4672,王诚,2022-11-10 15:08:16,1,1,0,虽然不算高但还是想夸夸老师！感觉对学生很真诚，是我喜欢的老师类型
161761,4672,王诚,2022-11-12 12:00:44,0,4,4,2022年秋学期的传统节日与中国文化，点过两次名，作业是1k字介绍一项东西（和中国文化相关），1.5k字论述本专业同中国传统文化的关系，2.5k字自选题目（与中国文化相关即可）.....前面两篇都不能写长，要求1k、1.5k封顶，最后一篇2.5k是下限，可以多写\n\n本人最后一篇3k＋，选题想了好久好久.....最后92分，4.8，谢谢老师\n\n课本身就是通识课的那种啦，上课内容和作业没什么关系的那种......
161984,4672,王诚,2022-11-15 16:10:08,1,1,0,4.5啦～开心
162653,4672,王诚,2022-12-02 10:59:41,3,4,1,王老师人很和气，讲课氛围很轻松（中国传统节日与文化），还有有趣的节日节气的诗词大会。写了三篇论文，感觉并不枯燥，也不可怕，对自己的论文水平提升很大，绩点最后4.5，感觉还可以向上冲一冲。还记得王老师在最后一节课上说：“希望大家留存一份对传统文化的温情与敬意。”感触很深。王老师是很好的老师，感谢我在进入浙大的第一门通识课程上遇见了您。
164435,4672,王诚,2022-12-21 03:20:12,0,0,0,好课，推荐
164453,4672,王诚,2022-12-21 04:55:21,0,0,0,老师人很好，给分也很不错
164557,4672,王诚,2022-12-22 01:33:34,1,4,3,本人医学生，今年选了王老师的传统节日与中国文化。课上讲的都是干货，对于平时比较喜欢中国文化的同学来说是很棒的体验（我还和老师讨论过《楞严经》，老师真的超级厉害），而且给分也相当不错——虽然刚刚选课又没选上，唉。
167005,4672,王诚,2023-01-14 14:44:39,1,1,0,我要给王诚老师举大旗！！！！典籍选读是我这学期最喜欢的一门课，老师上课的节奏非常舒服，而且备课认真，干货满满，特别是山海经到史记的部分，每次课结束都觉得有实质性收获。以及发现老师蛮注重到课率的，有几次有人迟到了老师就敏锐地开始点名了hhh 我期中的注释作业和期末论文都花了挺久的时间，认真在思考选材和写法，班级里有很多dl，从展示中也可以看出来，所以也没有期待高绩点，有所收获就心满意足了，但是最后给分还是非常惊喜！！！我爱王诚老师和助教jj！！！
175442,4672,王诚,2023-06-25 02:46:05,1,1,0,上了老师的传统节日与中华文化，有一次纸质的点名。两篇论文，期中是写传统节日或节日的，期末是自己专业和传统文化相关的。不鼓励恶竞，给你的字数要求基本上就是上限。愿意展示的同学可以和老师说，介绍一下传统节日啥的，全凭自愿，不愿意也无所谓。\n\n本人上课没有展示，两篇论文认真写了，最后4.5，感觉给分还不错，课也挺水的
175777,4672,王诚,2023-06-26 13:55:14,0,0,0,好课啊，给分真的好，大概两篇论文（不用鹅颈，有字数范围，一个1500，一个3000），上课课前展示可能会有一丢丢表现加分，但本人医学生太忙了没时间准备也没展示。期中论文感觉自己写的一般，期末论文真的用心写了最后绩点很不错。
176507,4672,王诚,2023-06-29 06:47:17,1,1,0,神！谦谦君子，温润如玉
176714,4672,王诚,2023-06-30 00:19:41,0,1,1,上的是王诚老师的传统节日与中国文化的课，老师很用心，课程涉及的内容很丰富，好好听课会有收获。老师比较重视论文，并且老师很耐心，请教老师问题都会认真回答，从老师的这门课中学到了写论文的一些方法，感觉自己在论文上有所进步。有个人展示，可以自己选择展示与否，个人觉得通过展示对自己来说确实也可以更多地了解某一方面的文化或某个节日节气。老师课程设计也很用心，在最后一节课还有诗词大赛，与节日节气相关，具体内容不是很难，很有意思，可以积极参与一下，有机会获得老师的奖品，也是很难忘的体验呢。这门课中自己收获与成长很多。课程时间不长，结束了竟还有些不舍。总之，感谢老师！给分也不错，大家可以放心选课。
182677,4672,王诚,2023-11-19 11:13:49,-2,2,4,大爱😍
182679,4672,王诚,2023-11-19 11:34:13,-2,2,4,老师人很好，讲课内容很有意思，不过我在他课上主要是会做其他课的作业吧，论文只要写得认真就会给高分，主要看态度，非常推荐的一门通识课！
182694,4672,王诚,2023-11-21 11:42:57,7,9,2,上课还行也挺水，论文会查重，后面上的同学注意下。给分感觉一般。
187224,4672,王诚,2024-01-15 07:30:31,1,1,0,专业课来的 好老师
202228,4672,王诚,2024-11-11 02:45:21,1,2,1,上的是传统节日与中国文化，作业有三个，一个是介绍一种节日或习俗1k，另一个是介绍你的专业和传统文化的关系1k5，最后是一篇有明确论点的论文2k5，总的来说按照老师的要求来，小切入点，说理清楚，最好能跟课堂内容相关就好啦。还可以报名课前pre介绍一种传统节日或者文化。上课内容比较多杂，听起来蛮轻松的但可能不太适合学知识。本人没报名pre，按三点要求写的论文（没卷字数），最后有90+满足啦~感觉是好课，可选！
202432,4672,王诚,2024-11-12 15:44:23,1,1,0,感觉一般般，给分很看运气，上课也比较枯燥
220560,4672,王诚,2025-06-18 13:49:03,2,2,0,给分很迷，可能四都上不了，作业是两篇论文，会亲自看，课还是比较无聊的，就是讲一些中华传统，白纸黑字PPT
86619,4705,周启超,2018-09-17 12:56:47,-1,1,2,干货多多，以短篇小说为主课程压力不大。老师很好商量，期末写一篇论文平时没有作业
121328,4705,周启超,2019-12-19 12:30:23,-1,1,2,老学者
124637,4705,周启超,2020-07-04 15:07:07,-3,2,5,老师给分好好啊！！！第一个满绩，爱你老师！
158782,4705,周启超,2022-07-02 06:05:18,1,4,3,老师讲课很好，但给分给了我82，好像给了一部分同学3.6、3.9的成绩，不过给大部分同学绩点都挺正常的，只能说有一部分同学有拿超低分的可能吧。另外就是平时点名基本都是纸质签到本的，但老师不会在课上提醒有签到这件事，有可能没传到签到本也不知道有签到，所以错过一次点名的。
158783,4705,周启超,2022-07-02 06:12:06,-1,3,4,老师给分还可以的！课代表xgg人也很好！我要夸爆！
172402,4705,周启超,2023-04-26 06:20:41,1,1,0,因为还没有上完课，我不敢打低分。这位老师是我上大学以来最强调纪律的老师，天呐，每节课都要提前五分钟签到，而且不能迟到不能补签。正在在要不要退选重疯狂犹豫。只能说，虽然上课内容有干货，但是很枯燥。
174407,4705,周启超,2023-06-12 03:00:06,5,5,0,ppt reader….
174709,4705,周启超,2023-06-16 05:09:03,-2,1,3,考研的同学有福了，这是行走的教材，老资历的教师\n\n但听起来可能确实枯燥，简直就是教材\n\n不过老师很激情澎湃，也有自己对学生的要求是真的
177327,4705,周启超,2023-07-03 02:27:50,3,3,0,非常适合理工科学生前来交流学习，另外记住六字箴言“资本主义异化”。
177331,4705,周启超,2023-07-03 02:31:44,3,3,0,如果老师的论文品味就和他上课放的高中语文阅读理解范文一样的话，我真的无话可说。
177797,4705,周启超,2023-07-05 02:10:11,2,3,1,说实话，老师更看重论文的形式而不是内容
178008,4705,周启超,2023-07-06 06:58:25,-2,1,3,有激情，给分好，学术能力杠杠的
193475,4705,周启超,2024-06-11 09:27:21,5,6,1,不知道在高贵什么……\n\n刻板印象就不说了，课上得这么敷衍，对得起你的良心和学术成绩吗？
197614,4705,周启超,2024-07-22 05:41:40,1,1,0,周老师年轻时候写的论文挺好的啊，怎么讲课会无聊到这个程度。OMG这么多年他到底经历了什么。
215426,4705,周启超,2025-02-26 05:27:19,1,1,0,签到制度很不公平，刚好提前五分钟到的没有先签到，课下再签就不认了，而且后面选进来的，第一次上课我甚至不知道有签到本，就莫名其妙漏一次
217344,4705,周启超,2025-04-09 02:42:34,3,3,0,每节课都有纸质签到，课也能上成高中阅读理解。如果他的论文品味和他的上课水平相近的话那我要怀疑浙大文学院究竟豢养了一批什么人。
73185,4831,王俊,2018-02-01 06:26:29,9,10,1,老师水平很高，是教育部长江学者计划的青年学者，平时事很少，课讲得很好，考试前会给大概的题目，好好准备就行，人生中第一门满绩
74701,4831,王俊,2018-03-05 07:49:34,7,8,1,人文王老师，赞
75462,4831,王俊,2018-03-12 06:36:41,3,4,1,听说很好
75910,4831,王俊,2018-03-21 12:03:32,10,11,1,人文学院的应该是教哲学问题的了吧。超级好的老师，学到很多东西，讲的东西跨越各个时代各个地域，而且涉及很多大佬。10分。
81977,4831,王俊,2018-07-06 16:41:48,7,7,0,这是哲学系的页面吧
87338,4831,王俊,2018-09-27 06:14:04,5,6,1,很优秀
93895,4831,王俊,2019-01-14 07:41:49,22,23,1,哲学老师，王俊；真的很好，讲课语气听着很舒服，而且内容还挺多的，学到了很多，感受到了哲学的美丽。老师在考试之前还会给大家讲讲大概出那些方面的题，很用心地帮大家备考，太暖心了吧\^O^/特来评论给老师打call
94662,4831,王俊,2019-01-17 15:09:14,102,105,3,想嫁给他！
94663,4831,王俊,2019-01-17 15:10:28,38,40,2,上面那个想嫁的是我室友，暗恋王老师好久了请大家给她点个赞
97064,4831,王俊,2019-01-21 15:33:48,18,19,1,老师点名过一次:“我们点一下名，你就会觉得，诶 这门课还蛮严格的。”\n\n王老师会有很多小幽默，很专业又硬核    很幸运刚到浙大就选了这门课这个老师，也会遗憾有些时候的不专心      哲学是这个学期最难以忘怀的课，是我梦中“真正大学课堂”的样子，我想老师好也是很大的原因。\n\n因此想要原专业和哲学双专业了\n\n助教小姐姐这学期是李梦楠，是很好很暖很亲切的学姐，和大家也都打成一片，真的很棒，老师和助教都10分！\n\n明天是准备考试的最后一天了，希望能有一个好结果。\n\n无论绩点如何，至少真的感受到了思考与人生的魅力，至少再次路过东1b-203，还是会热泪盈眶。
99554,4831,王俊,2019-01-25 02:49:27,7,8,1,实名表白哲学系王俊老师!低音炮大叔 ! 上课听着很舒服!和助教小姐姐!hin可爱☺  !上课内容涉及很多，不水。点名的话...作为一个过来人，就是课堂上人太少了，他会点的。课程：一周一次教学课+讨论课。讨论课很轻松，助教小姐姐人也好。会有一次报告，没有期中考试。\n\n期末考试前，王俊老师会把范围给大家，你只需要提前背要点+准备问题，就可以啦。很轻松上4（当然是要做过报告的啦）
110007,4831,王俊,2019-06-21 06:09:47,2,2,0,赞?
119775,4831,王俊,2019-11-15 21:41:36,2,2,0,老师讲课很好啦～给分也很好 讲课时候经常说一个奇奇怪怪的语气词学起来还挺好玩的
121994,4831,王俊,2020-01-29 14:55:41,2,2,0,老师真的好！喜欢他开放自由的课堂氛围，讨论课真的很有意思，大家凭实力讨论只针对观点不针对人。
123624,4831,王俊,2020-06-10 14:04:16,4,4,0,不应该逃他的课，也不应该在课上睡觉。期末发重点的哲学老师值得拥有
129667,4831,王俊,2021-01-10 12:15:45,0,0,0,老师讲得很好，讨论课也很有氛围，虽然还没考试，不知道最后绩点怎么样，但是先来打分吧。
133403,4831,王俊,2021-02-27 08:00:51,0,0,0,不错的课
133762,4831,王俊,2021-03-05 00:01:57,1,1,0,老师讲课真的太有意思了呜呜 考试也是尽可能给我们减少负担 重点只有四张A4纸是什么神仙！认真听了一个学期的课真的收获很多！
135362,4831,王俊,2021-05-08 11:43:55,1,2,1,为什么哲学方面积累明显要差很多的同学分更高呜。。。
142789,4831,王俊,2021-11-16 06:32:31,5,5,0,老师马上就要是哲学院院长啦，抱紧大腿
143383,4831,王俊,2021-11-24 15:12:46,4,4,0,见证一位副院长的诞生/耶耶/
145158,4831,王俊,2021-12-28 02:04:36,4,4,0,🤤🤤🤤🤤🤤王俊老师yyds！期末划重点ing！讲课好人也nice！
145164,4831,王俊,2021-12-28 03:16:04,1,1,0,上课清楚明白，风趣幽默，学到很多，期末还给重点，非常喜欢了
148740,4831,王俊,2022-01-13 11:04:16,5,5,0,硕彦鸿儒  学者之风
152524,4831,王俊,2022-04-14 03:15:44,2,2,0,！！！
161316,4831,王俊,2022-11-04 05:22:31,0,5,5,学期中途来打个分，十分给老师，助教有点做作，不喜欢
164868,4831,王俊,2022-12-27 04:52:50,2,2,0,王俊老师的哲学问题真的超级赞！深入浅出，我这个哲学小白听起来也毫无压力。这学期最喜欢最有收获的一门课，没有之一。
172030,4831,王俊,2023-04-17 16:16:33,0,0,0,非常好
178468,4831,王俊,2023-07-12 05:29:24,0,1,1,课讲得挺清楚，给分有点子离谱，但是我喜欢nyc哈哈哈
182997,4831,王俊,2023-11-21 11:30:02,-8,3,11,很难评
190982,4831,王俊,2024-03-27 10:50:36,3,3,0,上的是哲学问题，授课思路非常清晰，一周一次讲授课一次讨论课，平均每人做一次pre，期末考试基本等于开卷，给分也非常好，力荐
191416,4831,王俊,2024-04-20 14:16:34,4,4,0,老师圆圆的 真的超有魅力超可爱
210664,4831,王俊,2025-01-09 15:01:27,2,2,0,哲学学院的王老师很好的，大家别误伤了！
212655,4831,王俊,2025-01-14 10:55:34,4,4,0,俊院确实为学院付出了很多！就冲24年冬天协调下来的系列讲座课程，就应该给俊院颁个荣誉称号啥的。
214372,4831,王俊,2025-02-02 09:35:24,2,2,0,wj老师的哲学问题非常好，深入浅出，是我的哲学启蒙课了，跨专业修拿了96
217532,4831,王俊,2025-04-12 11:59:03,0,0,0,以前一直刻板地认为以为哲学“莫名其妙”，直到上了王俊老师的哲学问题，我的哲学启蒙🥹才发现原来哲学&思考世界是这么有趣的一件事
123731,4858,段园园,2020-06-13 03:54:29,2,4,2,感觉她的思修还行，也就是正常的思政课的样子，可水，给分也还行
77605,4918,马娟,2018-05-07 01:57:27,0,4,4,老师的课有点水，基本就是她在上面讲。
77936,4918,马娟,2018-05-08 16:30:54,3,5,2,宗教大牛！
79612,4918,马娟,2018-06-11 11:30:24,0,8,8,随机点名。上课不给ppt，大概是ppt做的太烂，不好意思给吧。ppt开局几个字，讲课全靠说。建议听课的时候好好记笔记，记下老师口述的内容。
84205,4918,马娟,2018-07-12 08:20:51,11,15,4,有一门通核 丝绸之路与中外文化交流。对历史没有真正兴趣的同学慎选，别为了上通核而上通核。任务之繁重，考试之艰难，得分之低廉，令人气馁。 既知正态，也就不怕这些，但苦的是一整个学期下来没什么收获，也许这样被正态也正常了吧
84422,4918,马娟,2018-07-12 22:56:37,18,26,8,选通核的同学，可以先移步冯培红老师的“查老师”。评论中说的，对历史没有真正兴趣慎选，就是我的肺腑之言。\n\n\n\n可是，奇怪的是，尽管是通核，说到底也是通识，是面向各个学科门类、各个年级、各个知识层面的学生的一般性教育。\n\n然而，两位老师似乎将我们视为文史底蕴深厚、学术素养扎实、课余时间充足的硕士生、博士生？！
84754,4918,马娟,2018-07-13 21:34:04,11,13,2,老师的课很难捕捉重点...考试复习像是在大海捞针
85352,4918,马娟,2018-07-17 07:43:26,2,12,10,大牛老师，上课充满干货，好好听没问题
91731,4918,马娟,2018-12-27 13:34:03,-32,4,36,这老师还能更垃圾一点吗\n\n学校买个大佬来不得不带个lj？\n\n能不能回去写论文别来祸害学生？
91735,4918,马娟,2018-12-19 03:47:38,-16,2,18,辣鸡辣鸡
107115,4918,马娟,2019-05-01 16:27:55,0,2,2,老师人很好，课堂很轻松，认真听就好。会点名，考核只有一篇读书报告，事很少。认真会有回报哒！
107240,4918,马娟,2019-05-02 14:18:56,0,3,3,我觉得老师超级棒，知识储备超级丰富，老师也很可爱呀～
125071,4918,马娟,2020-08-26 13:14:59,0,0,0,讲解深入浅出
127516,4918,马娟,2020-11-24 00:38:14,3,4,1,马娟老师的课真的全是干货，一节课从头到尾记笔记，人名地名概念名，真的有被马娟老师的专业知识储备量所折服，尤其是还会波斯文，惊呆了
135072,4918,马娟,2021-04-29 03:36:52,0,0,0,老师人特别好，知识超级渊博，还会波斯文，上课很有意思，这个学期因为还有线上的同学所以没有点名，就有时候会抽查笔记，只要上课认真听，勤记笔记，最后的读书报告好好写，分数就会不错，太喜欢这个老师啦~
136781,4918,马娟,2021-06-24 11:13:42,3,4,1,上的中西关系史 老师真的挺好的呀 知识渊博 可能因为上的是专业课吧 但真的很厉害！只要好好记笔记 读书报告写完 分数不会差的
153938,4918,马娟,2022-05-17 09:53:25,0,0,0,中西关系史。老师人真的很好！外专业选了给分也好。谢谢老师！
157149,4918,马娟,2022-06-22 05:21:27,0,2,2,老师知识太渊博了，认真负责，每节讨论课都认真从头听到尾，还有一次带了她自己做的奶茶给我们喝，我觉得是很不错的老师
160416,4918,马娟,2022-09-21 23:58:10,1,3,2,作为一个历史系的学生来看，老师讲课水平一般，没有逻辑性，ppt制作简陋，考试范围不明确，难以捕捉重点
176038,4918,马娟,2023-06-27 13:09:03,1,2,1,老师人真的很好呀，很温柔，而且在民族方面知识储备超丰富，还会波斯语，虽然容易把握不到她的逻辑，但是仔细听可以学到好多知识
183093,4918,马娟,2023-11-22 06:11:49,5,7,2,马老师的中国古代史，嘿嘿，针不戳嘞
189743,4918,马娟,2024-01-28 06:31:08,0,3,3,马娟老师喜欢课堂互动，而且人很好，很关心学生，几乎问过一次问题，或回答过一次问题，她便能记住你的名字。\n\n马娟老师会几种语言，波斯语，突厥语，蒙古语等等。上课会以语言的角度讲“大蒙古国”，“大元”。收获很大。\n\n老师的课程考核一般会要求笔记，像我种习惯手写笔记的人需要备足马力。\n\n老师讲述的内容主要以叙述为主，不是问题导向型的。或许很多人不习惯这种叙述性的教学，这个问题有个人倾向。但老师的讲述是有大纲有框架的，如果你认为没有逻辑，可能是你没仔细听。\n\n老师会点名，但给分很好。\n\n已经上过老师两门课了。
190806,4918,马娟,2024-03-20 01:21:32,0,1,1,马娟老师的中西关系史，嘿嘿，针不戳嘞
192293,4918,马娟,2024-05-14 06:28:37,3,4,1,要求太多了吧
195387,4918,马娟,2024-06-28 02:25:39,0,1,1,给分不好
195450,4918,马娟,2024-06-28 06:09:19,2,3,1,丝绸之路。\n\n课程到了马娟老师这一部分就从不点名变成了节节课点名。马娟老师对同学们的课堂参与度看得很重，我怀疑她能记住所有和她曾经互动过的同学的名字。讨论课到了课程的后半程就没法像课程的前半程那样轻松地水过去了，可能对于其它课程量比较少的同学来说无所谓，对于专业课任务繁重的同学就有点地狱了。\n\n马娟老师讲课的内容我还蛮喜欢的，虽然跟课程的前半程一样，由于课程主题的原因，内容是比较繁杂的，可能马娟老师对元代史格外熟悉，那些莫名其妙的音译都记得那么清楚，对于未来要去工地打水泥的我来说确实不可想象。\n\n总体体验还不错吧，每次看到小组讨论题的时候确实很崩溃，现在想来也算一段不错的回忆。
217815,4918,马娟,2025-04-17 02:43:42,1,1,0,慎选。课件老旧，多是念稿，居简行简无乃太简；注重考试，分值过高，一题失误满盘皆输。
218421,4918,马娟,2025-04-23 09:39:49,0,0,0,老师的知识储备真的很丰富！可能讲课方式有些无聊，但是干货满满，认真听可以学到很多东西！每次听老师说“我不知道你们到底有没有在听啊”这种话，其实是因为没人跟她互动唉，但老师还是挺有热情的，像我的高中历史老师。我是从未发言，就完成了作业，最后绩点也就平均水平。
219446,4918,马娟,2025-05-27 11:52:23,2,2,0,<民族史>\n\n跨专业，虽然最后考试朝代判断错了但给分也没有很差，只收过一次笔记，偶尔点名。老师很好，还会发糖给我们吃。
79392,4969,金进,2018-06-03 07:03:52,11,42,31,老师教课太逗了，上课推荐很多的影视和文学作品。经典台词：看了这些作品，终身不悔！
99400,4969,金进,2019-01-24 16:40:24,-5,9,14,口头禅：好嘞好嘞。很搞笑乐天的老师，视野很大，很有收获
104840,4969,金进,2019-03-28 14:51:35,-14,0,14,超级可爱！课也很有趣
113558,4969,金进,2019-07-06 23:59:40,-7,9,16,幽默又潮流，听他的华文文学课是一种享受！中文系的学生不要错过啊啊啊！
113611,4969,金进,2019-07-07 01:13:19,-4,11,15,超级好的老师！非中文的朋友也要来听（不存在偏见的
113633,4969,金进,2019-07-07 01:32:51,-6,11,17,极大程度地拓宽了眼界，看到了不一样的 属于世界的中国现当代文学。集结幽默，细心，负责，有趣的课堂，让你忍不住去阅读欣赏那些“终生不悔”作品的课后。最后给分也满满师生情，墙裂推荐!
113787,4969,金进,2019-07-07 12:52:24,12,26,14,老师会推荐很多经典的书，期末上交一篇论文，不要抄袭，抄袭扣掉20分。对理工科学生很友好，没有歧视，绩点极高，最后4.8飘过。没有正态！
115779,4969,金进,2019-08-20 08:25:52,-6,4,10,超赞！
116373,4969,金进,2019-09-09 23:59:07,-3,7,10,超赞的老师，上课会给你扯很多很有意思的东西，经常讲着讲着自己笑了...说是所有人都能90分以上只要不缺席，希望如此?
116690,4969,金进,2019-09-13 09:30:06,-5,14,19,社会调查低分要求他给个理由不停地打太极说自己忘记了。2.5学分的课，让我死也得死得清楚一点吧？
116960,4969,金进,2019-09-17 23:26:45,-2,15,17,一位“好嘞好嘞”的老师，风趣幽默，学识渊博。不过可能是因为通识课中文系的学生不多，他在问到很多作品的时候找不到共鸣hhhh马上又自己笑起来，然后说没事没事我们以后再讲。推荐了很多“终生不悔”的作品，然后说这样你们层次一下子就上来了！太棒啦！其实最重要的是，他认为上课听听开心就好了，不用刻意记笔记。很多知识都是看电影、看文学作品的过程中潜移默化传达的。选金老师终生不悔～
118601,4969,金进,2019-10-29 07:20:55,-11,0,11,着实精彩
118640,4969,金进,2019-10-30 02:34:25,-13,1,14,终生不悔～很好的老师，谈笑风生啊
118829,4969,金进,2019-11-06 16:01:59,-3,13,16,金老师真真是个好老师，对学生从来都是那么和蔼，而且还很可爱，喜欢开玩笑讲笑话，“终身不悔”真的是印象深刻！还推荐了好多值得一看的作品，如果有机会一定还会选金老师的课！赞！没啥好说的了?
118975,4969,金进,2019-11-09 00:23:13,-8,1,9,棒呆瓜
119182,4969,金进,2019-11-11 04:59:45,-8,1,9,终身不悔
120296,4969,金进,2019-11-27 15:36:48,-11,1,12,终身不悔！！
120469,4969,金进,2019-12-09 04:49:56,-11,1,12,终身不悔
120513,4969,金进,2020-01-12 01:14:56,-12,1,13,终身不悔
121248,4969,金进,2019-12-25 13:51:07,-7,4,11,赞！终身不悔，给分超好满绩了嘻嘻嘻
121309,4969,金进,2019-12-23 02:21:32,-9,0,9,很可爱的老师，事情少，给分好。就期末一篇论文、一次小组展示，甚至论文还有字数上限，有效遏制鹅颈，爱了爱了。
121416,4969,金进,2019-12-16 08:55:20,-8,2,10,害 老师真的太强了 我真的好爱金老师 课上会给我们讲很多有趣的东西 很幽默风趣 对每个学生都很公平 有什么问题微信咨询他 他都会很认真地回复 很高兴遇上了这么一位老师 真的真的终生不悔 选他！
122650,4969,金进,2020-03-12 01:15:45,-12,5,17,老师太太太太太棒了！！上课超有趣，每节课给放经典影视作品。半学期只要做一次展示和一篇读书报告！事情真的很少了！我认认真真做的课堂展示和论文就给了5.0！！！值得一选
123515,4969,金进,2020-06-09 09:28:07,-12,0,12,幽默风趣，内容丰富。上他的课终身不悔
123539,4969,金进,2020-06-09 13:45:49,-12,2,14,终身不悔！
123788,4969,金进,2020-06-14 06:52:24,-12,0,12,终生不悔
123842,4969,金进,2020-06-15 02:07:30,-16,0,16,老师真的超级nice，平时也很水，最后老师给了5.0真的超棒了
124585,4969,金进,2020-07-03 08:32:43,-12,2,14,这样的老师应该可以给10分吧。zsbh！
124846,4969,金进,2020-07-13 04:01:21,4,8,4,给分很低
124848,4969,金进,2020-07-13 08:13:24,-1,5,6,给分很低
126767,4969,金进,2020-10-19 12:07:39,-9,10,19,终身不悔！！！\n\n大家快选快选，收获张爱玲情感小故事还有各种有趣的作家文人小八卦。老师课堂超级有趣给放片，事情也不多。老师是影视公司编剧超厉害的！\n\n希望通识课能变成秋冬，这样下次张嘉佳会来给大家做分享噢（老师承诺的）
127158,4969,金进,2020-11-11 07:44:47,12,16,4,大家上课前一定要温习一下方言，不会方言就不要暴露自己的家乡，特别是福建、山西、广东、湖北等地区（狗头）
128485,4969,金进,2020-12-23 10:58:38,-9,3,12,上得最开心的通识课！
128528,4969,金进,2020-12-23 14:32:44,1,5,4,老师给分真的很好了，只要课堂展示和论文都认认真真弄。鄙人作为工科生，觉得自己的论文写的不够深，但是觉得弄的还是挺认真的，反正最后高分飘过。
128554,4969,金进,2020-12-24 00:51:57,-13,2,15,终身不悔！
134401,4969,金进,2021-03-26 12:33:33,16,29,13,只能用呵呵和无语形容
138112,4969,金进,2021-07-07 11:02:36,-15,4,19,金老师真的非常可爱。『终生不悔。』很多内容让人感触至深以至于潸然泪下。
139731,4969,金进,2021-07-22 03:39:07,-1,4,5,给分还行，算不上多好。
142160,4969,金进,2021-11-08 03:20:55,-18,1,19,贼有意思的老师，终身不悔！
144421,4969,金进,2021-12-21 12:06:08,11,13,2,没什么好说的
144663,4969,金进,2021-12-23 04:25:48,-12,0,12,都市文化与华语文学这门课可以了解到更多文学的经典和背后的传承关系。有趣还分高
144845,4969,金进,2021-12-25 06:18:41,-10,1,11,很好的老师，\n\n只有最后几次展示课会点名，\n\n事情很少
145187,4969,金进,2021-12-28 06:09:27,-19,5,24,上金老师的课:终身不悔
150509,4969,金进,2022-01-28 02:03:35,-10,5,15,老师是真的好老师，大学写作真是门烂课
150516,4969,金进,2022-01-28 08:19:40,-13,3,16,出分很慢，给分很好，上课优秀
151003,4969,金进,2022-02-22 01:15:31,-1,8,9,上的老师的都市文化与华语文学的课，出分是真的满，但是给分是真的nice！
151011,4969,金进,2022-02-22 02:45:18,-10,4,14,内容还有意思的，当然结果看自己
151016,4969,金进,2022-02-22 03:17:52,-4,8,12,金进博士超级好！都市文化这门课很有意思，一个小组展示一篇论文，做的都是一个作品所以任务也不算多。虽然冬学期的课春天开学了才出分，但是给分很好，快冲！
151341,4969,金进,2022-03-01 01:30:58,46,52,6,中国现当代文学史Ⅰ，听了三次课，干货听到的不多，吹了很多逼，讲了很多八卦……
151904,4969,金进,2022-03-20 07:36:25,-23,2,25,真好啊
153322,4969,金进,2022-05-09 01:53:19,52,59,7,底下的好评是水军吗…上课很多话真是匪夷所思，也没有什么实质性内容\n\nps.也不是一个负责的老师
153379,4969,金进,2022-04-29 00:06:12,67,88,21,华文文学与文化。作为一门专业课，无论老师给分多好，我都只能打零分。课上充满了各种没营养的歌舞视频和莫名其妙三观不正的观点，几乎没有任何文学知识的补充或者文学史的架构。\n\n我真的说的很克制了，其实课上我一直在心里骂娘。
153404,4969,金进,2022-04-29 05:55:44,22,31,9,朵朵搜“西一306 金进” ，帖子内容和底下评论句句属实。
153762,4969,金进,2022-05-10 09:34:59,-15,6,21,终生不悔。
154146,4969,金进,2022-05-24 14:34:38,39,43,4,小组pre一次次打断同学真的好吗……让同学用台湾女生的腔调读一下原文？
154745,4969,金进,2022-06-04 12:45:44,27,32,5,如果不改变的话他只适合教通识课
154757,4969,金进,2022-06-04 14:57:31,32,37,5,真的不负责任，上课也不知道在上啥，前半学期放视频，后半学期同学展示，老师是真的轻松……
154911,4969,金进,2022-06-07 00:45:46,22,26,4,yue了
155362,4969,金进,2022-06-11 14:22:51,33,38,5,希望老师多讲课少画饼，早日回归复旦吧。
159162,4969,金进,2022-07-07 07:50:49,6,7,1,华文文学与文化，为什么还不出分啊，就剩这一门了，6.9结课，7.7还没出分，这也太慢了。。。
159498,4969,金进,2022-07-26 12:34:27,15,19,4,怎么会有这么高的分…纯纯浪费时间
159678,4969,金进,2022-08-23 06:02:38,5,7,2,快逃快逃
159984,4969,金进,2022-09-11 02:13:25,5,6,1,求您快出分啊，这都要开学了！
160077,4969,金进,2022-09-13 04:17:34,-5,0,5,老师快出分吧，他真的，我哭死
160415,4969,金进,2022-09-27 03:01:22,3,6,3,给分很好，事情和别的专业课比起来不多，主要强调原创性。
160473,4969,金进,2022-09-23 11:45:05,12,14,2,学不到任何东西，还会被他无语的观点恶心好久
161758,4969,金进,2022-11-12 10:46:13,6,7,1,（都市文化与华语文学）第一课次已完结，目前总体感受不佳，具体原因如下:\n\n1.开场表明成绩只有三档，具有明显的“一刀切”式学阀做派；\n\n2.课程任务较为繁琐，缺乏缓冲机制；\n\n3.课程内容多为视频欣赏与简单点评，缺乏实质性、学术性成分。\n\n另一方面，支持你选择这门课程的理由有：\n\n1.新通识选修课程成绩对综合评定影响不大；\n\n2.课程内容趣味性、可分享性强；\n\n3.课堂氛围轻松，课上与课下不存在深度绑定关系。\n\n持续观望中……
161898,4969,金进,2022-11-15 01:49:56,-5,0,5,可以的，
162217,4969,金进,2022-11-18 01:58:54,-2,0,2,出分慢，给分好
162353,4969,金进,2022-11-20 14:56:03,-11,1,12,老师很好，很有思想的课
162645,4969,金进,2022-12-01 11:12:25,2,3,1,历史知识，地理常识错误一大堆，一堆歪理。如果有当罕见的机会，他绝对是第一个上的。
163444,4969,金进,2022-12-14 10:19:19,2,2,0,华语文学课，一般，上课学不到东西的，小组作业30分钟pre，前期压力为0，后期pre+论文压力挺大的，老师人一般，不定期点名，给分贼慢，所以也不清楚分数咋样，但有预感分数会比较差
163964,4969,金进,2022-12-21 12:47:04,9,14,5,其他的不说，给分也确实可以，但是之前有人说他的随口一句话所透露的价值观能让你恶心个半天的确是真的。
164071,4969,金进,2022-12-17 17:04:14,0,1,1,还可以的，出分有点慢
164094,4969,金进,2022-12-18 03:17:52,3,4,1,我的意见是，给分算不上很好（本人被卡绩了，而且喜提最低通识分数，本学期均绩直掉0.2），上课确实大水漫灌（前半部分放视频，后半部分同学做pre，你很难得到什么知识性的收获），在一些话题上表现可疑（“txl是和艾滋病有必然关系的吗？”我真得觉得作为一个受过高等教育的人，说出这种话真得让人不太舒服……当然也可能是因为我敏感）\n\n当然也可以认为是我不满意绩点在发牢骚，但以上几个基本问题句句属实。
164099,4969,金进,2022-12-20 06:16:08,2,4,2,都市文化与华语文学\n\n出分是真慢，课也是真的很水，完全不听也没任何事，给分确实很好。\n\n整学期有小组展示+5000字论文，感觉不算太多，平时也没有什么事。\n\n总的来说，如果不是抱着学习的心态来听课，想水一门通识课完全可以选。
164188,4969,金进,2022-12-19 03:16:34,20,23,3,还没交作业，先来说两句。\n\n给分好不好要再看，但我真的不喜欢这个老师。上课就是放视频+小组展示，他的讲解也就是一些极其浅显的表面内容，但他对txl的鄙夷、对工科生和文科生的固有印象、对男生和女生的偏见，倒是都给我留下了很深印象。可能他成就很高（他自己把自己说的很厉害），但至少在我眼里看不到。\n\n上课时视频超级吵，说要签到，去了就别想着自习了，简直就是精神污染。\n\n事情也是真的多，小组展示+5000字论文，连续超过二十字和网上一样就是抄袭，我现在写的时候痛苦极了。😭
164190,4969,金进,2022-12-19 04:18:14,5,5,0,给分真的不怎么样 观点也很奇怪 想说run
164436,4969,金进,2022-12-21 03:27:34,9,9,0,他不希望自己课学生太多，第一节课会吓唬你让你退选。偶尔点几次名，老师反同众所周知，不过论文写同志文学没有问题，不会因为这个扣你分（毕竟他要装一下）。而且pre会让你用原著作语气说话，还会问下面同学有没有这个地方的人，让他们读。尴尬。不过给分超好的，我们秋季课很快乐很水，听说冬季课同学好像有点惨了。
164528,4969,金进,2022-12-21 12:43:20,12,20,8,大家好，我是个算命的，我告诉大家这个人日子已经不多了。这个人因为给学生灌输太多不良内容，折了很多寿。
164578,4969,金进,2022-12-22 03:25:10,4,5,1,不知道为什么绩点奇低。。。。。喜提那个学期最低绩点。。。。根本不知道老师的评分标准是什么
164750,4969,金进,2022-12-25 07:02:10,4,6,2,绩点奇低。。。我还忍者羞耻心上去读内容。。。每次群里提问也没落下。。。为什么绩点这么低（3.3）
164769,4969,金进,2022-12-26 02:00:26,2,3,1,hhh
164778,4969,金进,2022-12-26 04:57:47,1,2,1,被击杀了wwww
166045,4969,金进,2023-01-11 02:49:04,14,17,3,没出分先来浅浅评价一波，都市与华语文学课是真的水，事情是真的多，尤其是最后的期中考试，nmd考试周突然说要考，我现在就是看那个期中考试的短片看得无比尴尬过来评价的，要不是因为这门课是美育，我真的速退。满分十分的话，这门课我的推荐程度是5分，真的有点一般了，由于我不是汉语言专业的同学，我就不从老师的专业性和授课内容上作更多的评价了，但是即使我认真听了课，说实在的作为外专业的我感觉没有什么收获，可能最大的收获（？）就是看了几部老电影还挺有韵味的（唉\n\n补充一点关于这个最后的短片的评价，真的看不下去，处处透漏着愚蠢的三观和无厘头，非常不适，有一点不知所云。。。
166903,4969,金进,2023-01-15 03:35:45,2,2,0,给分玄幻且真的很差 讲的内容奇奇怪怪
170182,4969,金进,2023-03-02 01:48:01,0,2,2,课水展示变态作业难但是给分好
170191,4969,金进,2023-03-02 02:46:50,2,2,0,事多\n\n出分慢 \n\n查重变态 \n\n给分很玄幻
170192,4969,金进,2023-03-02 02:49:06,-1,8,9,都市文化与华语文学干货确实有限，不过我觉得也不能怪老师，毕竟近代华语文学也就这样更何况还要限定在都市内化内，老师讲的其实也可以了。\n\n看其他评论说老师有各种不太好的言论，我觉得课上老师说的话已经非常谨慎克制了，我专业里更奇葩的老师多了去了，多一些包容也就一笑而过了。\n\n最后给分我身边人问下来都还不错，老师的要求就只有不抄袭，对文学素养什么的都很宽容，最后5000字大论文还可以写成随笔形式，我是工科牲，没啥文学素养，就像写日记一样想到哪儿就写到哪儿，最后分数也不错。再有其他就是大论文会查重，查到重分数就会比较惨烈。
170454,4969,金进,2023-03-05 06:12:32,5,5,0,这门课上下来感觉其实没有什么收获，唯一的就是写5k字观后感看的那部电影（我是战争叙事）还挺感动的。金老师给分确实还可以，要求是不要抄袭，对文学素养什么的好像没有太高的要求。
170857,4969,金进,2023-03-10 13:42:39,4,5,1,上他的课学不到什么东西，付出的时间和知识的回报不成正比，感受不到责任心，建议快逃
172316,4969,金进,2023-05-05 16:11:55,14,17,3,傻逼。。。
173289,4969,金进,2023-05-18 01:27:02,3,4,1,上课没有一点内容…..华文文学与文化充满了没有营养的视频和奇怪的观点输出，哪怕按着课程的ppt大纲讲一下何必这样好吧？不但浪费自己的时间也浪费我们的时间，不止一次上这种早八觉得不如在寝室睡觉。简直是一坨狗屎。
173943,4969,金进,2023-06-05 04:37:47,3,3,0,地域歧视滚
174333,4969,金进,2023-06-09 15:33:23,9,10,1,为什么没有0星😅😅😅\n\n上课毫无营养，自以为是的中年普信男，耍学生如猴。\n\n文学院的金进\n\n外语学院的琴。\n\n 避大雷
174866,4969,金进,2023-06-19 06:24:49,9,12,3,评论把我吓到了 但是实际去上课感觉真挺好的
175334,4969,金进,2023-06-24 03:57:19,3,3,0,为什么没有0分...
176487,4969,金进,2023-06-29 05:47:10,-1,2,3,上课感觉人还蛮好 也画了很多饼 感觉也蛮关心学生的 满热心一老师 类型比较独特 参与编剧之类的\n\n现在 我看着我的绩点 我之前还以为至少89 \n\n现在 我怀疑我文章里的观点是不是冒犯到他了 还不如直接抄 反正也是这个成绩 我竟然真信了\n\n所以评分标准到底是什么？？？？？？？？？？？？认真写没抄啊！！！！！！！！！！！！！！！
176937,4969,金进,2023-06-30 22:37:27,-3,1,4,老师给分还是挺不错滴www\n\n但是有一些些观点有点难以理解（）
177572,4969,金进,2023-07-03 18:17:12,7,9,2,华文文学与文化 作为中文系的一门专业课 并且是难得的关于海外华文文学的课 我真的对老师上课的质量无力吐槽…他的课程设置就是前四周放视频+后四周集中展示、催交论文 每次去上早八在那里听令人头痛的视频音乐真的令人恼火 请问这是中文系的课该有的样子吗？？ “你们的论文要体现我上课讲的内容” 请问你讲什么了呢？？？就算八周时间短 那别的老师怎么上的很有质量呢？我真的无力恭维老师的上课水平 要是想得到点有用的知识还是劝同学们自己看点作品得了 老师可能联络海外作家的能力很强吧 但是作为上课的学生 我只能给低分 真的差 快逃吧！（给分也非常一般 在中文系里都能算差的
177764,4969,金进,2023-07-04 16:49:03,2,4,2,上课体验差，老师不讲东西，要求莫名其妙，给我的分数也差。喜提本学期最低分。当然最后一条关于给分的也可能是我比较主观，但是前两条完全客观
177865,4969,金进,2023-07-05 06:38:22,12,16,4,半瓶子晃荡的老师，非常会画饼，上课完全学不到什么，只能听到他对自己职业能力的炫耀，建议快逃。如果学弟学妹们迫不得已要上他的现当代文学史，务必注意不要信他关于成绩和考试的画饼，他给分真没有他说的那么好。。。踏踏实实学好自己的
177916,4969,金进,2023-07-05 11:25:00,8,9,1,讲课没有实质内容，从没上过这么水的专业课，不如列一个书单让大家自己读。品味比较...独特，，还老喜欢说要带我们去新马交流什么的，，貌似就只是画大饼，对学生也不大真诚。
181637,4969,金进,2023-10-25 03:36:09,2,2,0,如果不想看到文学通识课是电影电视剧大乱炖的话那就赶紧逃！
182083,4969,金进,2023-11-09 16:15:05,10,15,5,彼阳的晚意，初升的东西
184157,4969,金进,2023-12-11 11:48:59,-1,3,4,坐标都市文化与华语文学，作为通识+美育性价比已经很高了\n\n上课轻松、考核不难、给分好，可冲
184177,4969,金进,2023-12-12 02:24:59,0,8,8,八节晚课短学期，百人聚于北教一。\n\n形式丰富内容浅，小说电影短视频。\n\n观念思想本各异，排斥吸收自辨明。\n\n半段展示写感受，积极合作不抄袭。\n\n或曰水课无收获，资料深读颇有益。\n\n海归博导侃侃谈，点名集中无push。\n\n若问给分自作例，满绩之下无人敌。\n\n        ————评都市文化与华语文学
185561,4969,金进,2024-01-02 07:13:13,1,5,4,上课的确是有一点水，但说实话给分不差，我觉得还算是一个放松的课，老师人应该还是不错
185790,4969,金进,2024-01-04 11:44:34,-6,2,8,给分挺好
186080,4969,金进,2024-01-08 08:13:28,4,8,4,价值观爆炸。。。带的学生也考试作弊。。。。。。真是开了眼了。。老母猪戴胸罩你左一套右一套的。。什么玩意儿都是。。抓紧退休吧。
187079,4969,金进,2024-01-14 11:23:08,0,6,6,带的学生考试作弊。。。。。。这文学院养的一群**，学院就是被你们这些**搞垮，建议把你们这些行政用500磅的大铁链捆起来判刑500年，去监狱里面练习如何工作
191450,4969,金进,2024-04-22 14:56:01,4,8,4,说实话，感觉老师的课讲的很一般，喜欢上课画大饼，而且经常有一些很奇怪的观点😖
191581,4969,金进,2024-04-25 09:52:56,-5,4,9,我觉得老师很好，上课很好玩
195367,4969,金进,2024-06-28 01:18:59,7,13,6,可惜没有0分档…中年迂腐自恋老男人/文人，一股子爹味。作为大学写作课，至少也要提供一些写作的技巧吧？再不济进行一些名著导读和鉴赏吧？嘿！您猜怎么着？上课就是放各种视频，口出狂言，满嘴胡话。小组pre四人一组40分钟我真是无法理解，这辈子没见过这么长的pre时间，而且主题大多数是和书籍的影视创作相关，与著作本身几乎无关。这辈子遇到最抽象的老师之一，这种人也能给学生上课我也是真无语。下面请欣赏他本学期大学写作课上的一些离谱发言：\n\n\n\n“大家知道这个演员是谁嘛？怎么都不知道吗？唉，算了没事，我们慢慢来，这门课就是给大家感受我们文学的审美”\n\n\n\n“沈从文为了心爱的女子写出《绝代佳人》这样的顶级剧本，在座的男同胞们，如果有一天你们为了心爱的女人能写出这样的剧本，那我觉得你是爱惨了她”\n\n\n\n“你姓杜，你和杜丽娘什么关系”\n\n\n\n“你会唱昆曲吗？能不能给大家唱一下这一段”“（挨个点名）有没有人毛遂自荐一下？会唱昆曲的？给大家唱一段这个”\n\n\n\n“你们这个人都不认识啊（某古早演员），高中都在干什么呢？”\n\n\n\n“这个演员你们不认识没关系，但她老公你们一定要知道”\n\n\n\n“（在讲特洛伊木马，金苹果给三女神，他专门说明点男生回答，如果是你你会把苹果给谁）我觉得把最美的女子搞到手本身就是一件很智慧的事情”
198279,4969,金进,2024-09-06 05:22:41,7,11,4,打差评的真的有点过了……老师没什么问题
204630,4969,金进,2024-12-13 11:10:33,16,18,2,老师喜欢画大饼，上课水分比较多，但为人还是不错的
204633,4969,金进,2024-11-27 06:42:20,10,11,1,金老师真的很有意思，还会鼓励学生写小说，发给他他真的会认真看认真评价！很轻松的上课氛围，出差回来还会给我们带礼物，超级好的老师！！
204797,4969,金进,2024-11-28 02:46:37,5,7,2,人很好的
205137,4969,金进,2024-12-02 05:30:41,3,5,2,人品好
205349,4969,金进,2024-12-04 17:35:43,1,1,0,没什么好说的
206249,4969,金进,2024-12-13 11:11:13,3,5,2,老师会玩一些很抽象的梗，人品真的很好，人真的很好
212099,4969,金进,2025-01-13 07:30:40,4,5,1,老师人是真的很好很好\n\n第一次感受到和老师交朋友的感觉\n\n平时微信消息都是秒回，有事情拜托他也是尽心尽力\n\n\n\n然而上课很水，这点无可否认
214961,4969,金进,2025-02-19 12:20:40,6,10,4,作为金老师24年文学史2的学生来说，查老师的评分绝对是低的。首先要澄清的是金老师绝对没有歧视同性恋的倾向，甚至在我有关同志题材的论文上指导颇多，有许多犀利的见解。其次关于“上课水”，我的体验是与其说金老师上课“水”，不如说是金老师在课程进度上有自己的把握，该是重点的绝对不会略过。金老师对一些问题回答得较为简短，但并不代表金老师没有水平，他并不是那种一下子把答案全都给你的老师，而是鼓励引导你自己去发现，并对你予以指导改正。金老师上课很和蔼，考核也不难，全班高分不是吹的，总评均在4.2以上。金进老师是让我第一次认识到查老师分数并不准确的老师，同时也是一名学术严格、人格尊严、教风和蔼，男而不登的老师。希望后来预置了金老师课程的学弟学妹们看到查老师分数不要觉得慌乱，金老师的文学史课堂能让人在说笑中掌握主要脉络，在作业中锻炼学术能力。金老师出差回来会给我们带小零食，和我们分享他在韩国的趣闻趣事，带我们去他主持的会议见世面。金老师是一位真正亦师亦友的学者。
218232,4969,金进,2025-04-22 06:45:14,3,5,2,上大学以来上的最生理性不适的课。华文文学。老师不知道在装什么感觉就是在显摆自己出过国 去过港台 周游东南亚 听过国外演唱会 生活在墙外 特别懂同 特别懂女性 特别不一样特别洋。。说三句话来一句“这个不该说的”“啊这个说法有点政治不正确”“这个有点敏感”“但我不是同啊”……实际上就是为了显得自己懂很多是吧，我就纳闷了哪有那么多不能说的东西，即便是学校要求或者是涉及到敏感问题，大大方方讲出来不就好了吗？从文学本位的角度出发客观分析不就行了么？没听到有意思的东西，整节课就是说：这个推荐大家看一下 那个推荐女生看一下，以及放视频。觉得学生都是恋爱脑 小清新 小粉红 小学生 文艺b 墙人对吧。。上课体验受不了一点。但怎么说呢，在课程群里看上去倒挺负责，可能也确实想帮助学生答疑解惑？每次看到他大段的公告感觉是不是自己误解他了，但一上课确实想吐。呵呵想笑。
218331,4969,金进,2025-04-22 16:05:00,3,3,0,开课前我不相信课能上得这么水，上了两节课之后信了。但我院实在是没什么选修课，只能将就着上了，在我院读书首先要学的不就是将就么
220954,4969,金进,2025-06-20 12:46:08,1,1,0,华文文学，水课，传签到表点名，20分钟展示，4000字论文。\n\n不太喜欢这个老师，上课的时候经常放视频，展示的时候经常打断同学发言，感觉对课程不负责任同时有些没礼貌，而且部分思想十分陈腐。
72391,5038,何欢欢,2018-01-30 04:44:43,26,30,4,女神!
88571,5038,何欢欢,2018-11-01 16:41:05,8,9,1,老师人很好，上课有点快
117636,5038,何欢欢,2019-09-27 03:45:01,63,66,3,继往圣之绝学，浙大有她是浙大的荣幸
118205,5038,何欢欢,2019-10-23 01:37:40,6,7,1,一个超棒的老师，女神老师。
118633,5038,何欢欢,2019-10-30 00:58:13,-6,6,12,每节课都会点一批人回答问题，问题通常都很奇怪……本身就是一个学霸女神级别的，所以常常会讲一些学习上的其他事，。
119972,5038,何欢欢,2019-11-17 02:37:53,8,9,1,会让人对印度宗教的智慧产生极大兴趣的老师
128384,5038,何欢欢,2020-12-22 02:56:40,10,12,2,首位长聘教授、人文学院青年人才何欢欢成长为所在领域领军人物\n\n\n\nhttps://mp.weixin.qq.com/s/5tkBq97UBGba5HHIFnffhQ
131247,5038,何欢欢,2021-01-26 23:28:02,10,13,3,漂亮又博学，给分好！
131331,5038,何欢欢,2021-01-27 06:03:28,42,49,7,佛教梵语入门，这学期新开的一门课。老师又好看又博学。课上讲梵语和佛教知识，作为通识来讲，梵语挺难的。但是期末老师会给题目范围，允许一张A4纸的开卷，总之提前准备好就可以！（不需要太多时间）课上也就点了一次名，听起来挺水的。给分也巨不错！（老师说要不是因为是通识有正态，不然就每人满绩，方便法门）
134199,5038,何欢欢,2021-03-19 03:08:31,8,8,0,老师真的很强.....
136056,5038,何欢欢,2021-06-10 13:15:56,10,10,0,老师温文尔雅，学识丰富，对学生特别关心，能上她的课是一种荣幸。
144965,5038,何欢欢,2022-01-07 11:47:47,8,8,0,真的很棒！ \n\n准备啦一天满绩啦！\n\n太好了何老师😭
146858,5038,何欢欢,2022-01-07 17:54:38,4,4,0,老师超级好！
146861,5038,何欢欢,2022-01-07 18:13:30,4,4,0,老师真的太好了
146865,5038,何欢欢,2022-01-07 23:34:57,24,24,0,从老师身上真的看到了自己想成为的样子，温柔坚定又从容。可能我以后并不会像老师那样博学，但一定要成为像老师这样温柔而坚定的人。
146872,5038,何欢欢,2022-01-08 12:09:48,-5,3,8,被正态了？呜呜呜呜 考卷都写满了 不强制的作业没时间写 不知道是不是这个原因 何老师10分没话说
147529,5038,何欢欢,2022-01-10 07:13:04,4,4,0,何老师，我的超人呜呜呜呜呜呜呜
147659,5038,何欢欢,2022-01-10 11:19:30,5,5,0,温柔且博学，可以学到很多，不建议去水喔
150778,5038,何欢欢,2022-02-18 09:40:56,4,4,0,考试的内容让学生在梵语和佛教中间选一个就行了，很棒。下课去问一些问题，也会耐心解答。
151053,5038,何欢欢,2022-02-22 10:25:53,24,26,2,佛教梵语入门！！老师很博学，讲课也生动有趣，或许会扭转你对佛教和语言的看法。老师给分很好，想水的话不难，但建议选上这门课的同学认真听课，因为真的可以学到知识！这是我上过的最让我体会到求知的课堂了。表白何欢欢老师！
152337,5038,何欢欢,2022-04-05 08:11:50,6,6,0,讲的好
163408,5038,何欢欢,2022-12-14 08:28:37,17,18,1,上了马克思主义宗教学这门课，这门课我觉得很棒。\n\n老师本身学识渊博，温文尔雅，部分课程内容略显枯燥，但老师也不会强迫大家听，课程自由度很高。\n\n事情很少，没有强制性作业，期末只有一份大作业。\n\n并不要被这门课的名字劝退，这不是一门死板的思政类课程。并且，你觉得枯燥的内容可以愉快地水过去哇~。\n\n整体教学方向感觉偏重于我国佛教文化 和 我国宗教中国化(党的宗教观) 以及 对宗教的理解 这几方面内容。\n\n课堂教学不拘泥于大纲，也不脱离于大纲，可以拓展自己的人文思政素养，作为一门通识课，我认为很合适。\n\n给分尚不清楚，不过应该不差。\n\nand，老师是我女神！
163653,5038,何欢欢,2022-12-16 02:02:07,7,8,1,心目中的学者形象
163874,5038,何欢欢,2022-12-16 10:36:02,5,5,0,绝对的好老师！！
164467,5038,何欢欢,2022-12-21 06:32:58,10,10,0,老师真的特别好！很有学者气质，讲课很有意思，听她的通识课就像是在听讲座；非常体谅同学，因为疫情原因，考虑到同学可能会身体不舒服，把期末作业推迟到二月！真的太爱何欢欢老师了！
164482,5038,何欢欢,2022-12-21 07:56:44,8,8,0,上的马克思主义宗教学，老师是非常非常的优秀的老师，无论从知识还是从人格上来说。\n\n本来以为是老师在于是开了这门课，没想到是有了这门课，找到老师来上。这门课主要是讲马克思主义宗教观，中国共产党的宗教政策，国内外宗教理论，宗教中国化的历史与实践等等，主题看起来非常枯燥。但是由老师讲起来却兴味盎然。老师在讲解的过程中结合自己研究的佛教，讲了许多佛教的历史文化知识和现实发展，还讲了很多自己读书时的经历，课堂内容很丰富很有趣。\n\n课程任务很轻松，不点名，只有期末一篇论文。两次一共20个人课堂展示，展示就不用期末作业。想水平时没有任何压力。\n\n上课完全就是在享受课堂。无论对于人文社科还是理工科的同学都很友好。似乎由于疫情的限制取缔了很多参观活动，比较遗憾。总之强势安利！！！！
166524,5038,何欢欢,2023-01-12 15:19:30,8,8,0,老师非常好，给分也好!
166689,5038,何欢欢,2023-01-13 08:45:26,8,8,0,欢欢女神，上课蛮有意思的，而且还很体谅大家，最后的论文认真写的话分数不会差。
166734,5038,何欢欢,2023-01-13 11:08:43,6,6,0,老师人美心善，我选的马克思主义宗教学从不点名，给分超好。
166930,5038,何欢欢,2023-01-14 09:02:35,5,5,0,温柔，给分好
167271,5038,何欢欢,2023-01-15 10:46:06,6,6,0,温柔美丽博学大方，女神+偶像
169817,5038,何欢欢,2023-02-28 04:26:20,6,6,0,女神老师
169835,5038,何欢欢,2023-02-28 05:47:09,9,9,0,马宗教学生。确实是好课，作为2分的通识
173636,5038,何欢欢,2023-05-31 00:33:13,10,10,0,在她的课上真的能学到新东西，她的课堂是有新鲜血液的。不过佛教梵语这门课前期还是要花费一些功夫入门的。老师人不错，有点幽默。
174214,5038,何欢欢,2023-06-07 13:23:07,13,14,1,佛教梵语入门，2023年春夏学期，还没考试，先来评价。\n\n真的是个非常好的老师，能听到她的课真的是荣幸，老师是真的很强，这点不用赘述，看看教师主页的简历就知道了。\n\n但最关键的一点是，老师虽然学术成就很高，但是一点都不凶，特别温柔\n\n助教也特别棒，再笨的问题也会耐心解答\n\n梵语是难的，但是老师真的特别好，认真学真的能学到很多东西\n\n如果课程时间没那么多的，建议还是旁听一下，别选了，因为压力会比较大，而且梵语部分确实枯燥\n\n但是如果时间充裕，强烈建议！
174945,5038,何欢欢,2023-06-29 14:16:00,-16,12,28,https://book.douban.com/review/12754815/
176325,5038,何欢欢,2023-06-28 11:41:29,6,6,0,超级超级好的美女老师！！！给分也非常好
176326,5038,何欢欢,2023-06-28 11:41:29,5,5,0,超级超级好的美女老师！！！给分也非常好
176589,5038,何欢欢,2023-06-29 10:19:09,17,19,2,何老师真的超级好，人很随和，还会主动认识前排同学~佛教梵语入门选修课一块是讲梵语语法（前几节课会觉得难，后面就习惯了）另一块是佛教相关内容（一些故事、历史、佛教里的概念等等，比较有趣）。梵语难，但是期末考并不难，平时好好听就可以。有兴趣的同学都可以冲！
178692,5038,何欢欢,2023-07-18 14:09:23,-15,14,29,https://mp.weixin.qq.com/s/IOJoKndj3h6ZYACwSAEFJA
178700,5038,何欢欢,2023-07-18 14:17:09,-16,14,30,和倪LK一样的行为
180567,5038,何欢欢,2023-09-23 02:31:18,15,17,2,佛教梵语满啦~何老师很博学也很温柔，认真听还是能收货很多的。梵语本身是难的，但考核不能，感兴趣的同学大胆选
184565,5038,何欢欢,2023-12-21 17:21:30,-15,9,24,无意迎战，听说她学术不端？
184807,5038,何欢欢,2023-12-23 03:00:38,15,23,8,前面几个刻意散播谣言诽谤中伤何老师的，是复旦的吧。
192044,5038,何欢欢,2024-05-08 06:17:48,-16,5,21,楼下居然有说跟倪梁康一样的\n\n我只想说：学术不端（抄袭）跟侵犯版权完全是两码事好吧！
192070,5038,何欢欢,2024-05-08 14:07:40,15,21,6,楼上的同学/老师仗着匿名就肆意诬蔑何老师，真是别有用心，呵呵！\n\n复旦帮对《胜论经》的恶意诽谤，何老师早就有逐条回应，你看过了吗？看懂了吗？什么是抄袭？恐怕全部都是一群红眼病人的疯狂人身攻击。
193484,5038,何欢欢,2024-06-11 11:58:48,-18,6,24,学术世袭的典型既得利益者，抄日本学者抄袭到手软，靠着学界泰斗某何爷爷把本科学历从中央民族大学改到北大，你还真的一手遮天啊
193544,5038,何欢欢,2024-06-12 16:33:04,-20,7,27,伪造学历，压榨学生，学术欺骗，到底谁还在给她洗。。。
193587,5038,何欢欢,2024-06-13 11:10:40,9,10,1,何老师真的很好～
193723,5038,何欢欢,2024-06-16 13:51:42,9,11,2,读过何老师的论文就知道什么是文献功夫与哲学思想的平衡
197762,5038,何欢欢,2024-08-10 15:21:00,19,21,2,前面几个污蔑何老师的大概都是以玉玉之名学闹毕业的哲院无耻之尤“优毕哥”安某人吧！6月在cc98发起网暴，没几天就被同门极致反转，可怜学校不敢动玉玉一根毛啊，生怕玉碎了纠缠不清赔不起。感兴趣的小朋友可以去cc98维权空间看“ 优毕哥学闹经纬：现实版农夫与蛇”。
197763,5038,何欢欢,2024-08-10 15:32:31,10,11,1,https://www.academia.edu/121912992/对郑柳原化名文章的逐条回应https://www.academia.edu/121912992/
197968,5038,何欢欢,2024-08-22 02:06:59,9,9,0,最爱的老师之一！
198537,5038,何欢欢,2024-09-09 20:25:04,22,23,1,把学生推荐到哈佛普林斯顿读博士，浙大文科之光
198899,5038,何欢欢,2024-09-12 15:12:09,13,13,0,真正的大师！何老师真的是努力在逐渐唯绩点化的大学学习和浮躁的生活里为我们提供一个可以拓展视野、了解不一样知识的窗口。狠狠爱了！
199040,5038,何欢欢,2024-09-14 09:03:51,-26,1,27,每节课都点名
201246,5038,何欢欢,2024-10-30 15:27:09,8,8,0,我在何欢欢课上收获很大，很有思想的一位老师！
208440,5038,何欢欢,2024-12-27 17:07:16,4,5,1,下面污蔑老师的到底是谁啊？我每节课都去了老师什么时候点名了?！
209159,5038,何欢欢,2025-01-05 01:20:20,10,10,0,佛教梵语入门是一门很好的课，何老师讲的很好（仅限于佛教部分，梵语本人听的不是很懂），老师水平非常高。何老师讲一个学期的佛，殊不知她已是我心中的佛，真的是好老师
209173,5038,何欢欢,2025-01-05 01:54:41,8,8,0,女神！佛教梵语入门强推，感觉出了大学可能再也听不到这样的课了
209193,5038,何欢欢,2025-01-05 03:52:52,11,11,0,对历时语言学感兴趣，遂选择了这门课。何欢欢老师是我升入大学以来遇到的最好的老师，对专业分流有困惑的时候她会亲切的问你什么时候有时间，在会议之间抽出宝贵的两个小时谈话，帮你解惑。\n\n课上为了保证听课质量，做出的要求也都是完全符合常理，可以接受的，并且我因此受益匪浅。前两天发现已经可以凭自己看懂《摩罗衍那》原本的一部分内容了。无论是佛教还是梵语的部分，何老师都讲得深入浅出，十分透彻。\n\n  再次感谢何老师！也选取心经里的一句话送给同学们：以无所得故，菩提萨埵，依般若波罗蜜多故，心无挂碍。无挂碍故，无有恐怖，远离颠倒梦想，究竟涅槃。
209198,5038,何欢欢,2025-01-05 04:10:19,3,3,0,喜欢何老师！
209222,5038,何欢欢,2025-01-05 05:41:13,5,5,0,何老师真的是非常好的老师。上她的佛教梵语课不仅仅是拓宽了知识面，更是学到了很多对待学术、生活、生命的态度，可以获得看待事物完全不同的视角。老师的教学理念也是非常非常先进的，对待学生也一定是有问必答。除此之外，虽说课有点难，考试也没那么简单，但是只要上课不要一直划水，最后成绩也是挺好看的。说实话我确实没有学会多少梵语，只停留在一个科普的层面，但是最后老师还是给了我满绩，嘻嘻。老师人好，事少分高，都来选呀~
209223,5038,何欢欢,2025-01-05 05:43:31,5,5,0,好老师！好老师！好老师！\n\n上课天天睡觉！就最后花时间写了点笔记，直接到4.5了😄虽然不是特别高但是也挺喜欢这个老师了！谢谢何欢欢老师！能结识你是我的荣幸！谢谢老师！老师你最好了！
209244,5038,何欢欢,2025-01-05 07:37:53,6,6,0,女神！！！！！我不允许任何人忤逆你！！！！！
209380,5038,何欢欢,2025-01-05 23:16:09,5,5,0,一句话，佛教梵语入门考试可以带任何东西进场使用任何工具，包括ai，上课没怎么听懂过只能狂抄笔记最后总评97😘
210856,5038,何欢欢,2025-01-10 05:36:14,6,6,0,事少分高，怎么会有这么好的老师？！\n\n抛开给分好这一点，课程本身也是好课。梵语确实很难，变位规则很复杂，但在老师的介绍下也逐渐清晰。上课不能看手机，一开始不适应，后来却发现这让我能更加投入课程中，甚至学得比vjf都认真hhhhh老师还会教我们如何合理使用ai。\n\n选上佛教梵语入门，选不了吃亏选不了上当，都来选何老师的课！
211803,5038,何欢欢,2025-01-12 13:33:19,-7,0,7,第一节课会点名
122990,5198,楼艳,2020-04-29 01:51:56,-1,0,1,还可以啦
127497,5198,楼艳,2020-11-23 15:05:51,0,0,0,老师人挺不错的 还记住了我的名字 感恩
148560,5198,楼艳,2022-01-13 01:30:57,0,0,0,打分好低
125004,5419,曾劭恺,2020-08-07 07:08:00,1,3,2,认真参与分就不低啦
126400,5419,曾劭恺,2020-09-25 03:15:08,6,8,2,我吹爆！！黑格尔男神
139638,5419,曾劭恺,2021-07-18 17:04:27,3,3,0,让我觉得遇上是人生之幸的老师。
143653,5419,曾劭恺,2021-11-30 06:18:57,2,2,0,针不戳
145194,5419,曾劭恺,2021-12-28 06:59:59,10,11,1,授课严谨，举例生动，幽默有趣，考试给分也很好，实在是不可多得的好老师。
145195,5419,曾劭恺,2021-12-28 07:01:33,9,9,0,目前遇见过最好的老师，考试简单，上课有趣，给分超好，可学可混，不用花时间，考试都是原题，选就完事儿了！！！
146486,5419,曾劭恺,2022-01-06 16:19:55,2,2,0,选就收获知识和高绩点
147272,5419,曾劭恺,2022-01-09 10:57:34,2,2,0,呜呜呜老师真的人超好，上课也很有意思。好想再上一次他的课。
149874,5419,曾劭恺,2022-01-17 12:01:34,7,8,1,俺滴导师，很帅很温柔很能夸人，身在宗教所，然其黑格尔一度是浙大唯一的德古之光。总之，是敝学院的珍宝。
150671,5419,曾劭恺,2022-02-11 08:16:31,2,2,0,学识超渊博，很有正义感，讲课非常牛
156614,5419,曾劭恺,2022-06-20 11:55:57,0,0,0,老师好善良，给分好高
157767,5419,曾劭恺,2022-06-24 17:51:20,0,0,0,我的幸运
159589,5419,曾劭恺,2022-08-21 10:04:43,1,1,0,不可多得，弘扬智慧
173689,5419,曾劭恺,2023-06-01 12:17:53,0,0,0,超级超级好的老师，是我最爱的老师
174594,5419,曾劭恺,2023-06-14 10:33:48,2,2,0,知识与生活结合，曾老师真的相信他所讲的内容
187753,5419,曾劭恺,2024-01-17 09:59:26,1,1,0,神中神！89给我捞到94！
189064,5419,曾劭恺,2024-01-21 14:12:09,1,1,0,月考开卷人均满分，期末虽闭卷但大部分月考原题，考前突击拿A+都很简单
192363,5419,曾劭恺,2024-05-16 13:18:17,2,2,0,讲课特别好的老师，也很捞人
133971,5525,孙英刚,2021-03-11 03:04:12,11,12,1,很有趣的老师
134243,5525,孙英刚,2021-03-21 06:53:49,10,11,1,口音非常亲切
134431,5525,孙英刚,2021-03-28 08:42:35,5,5,0,作业少，给分也不错
135569,5525,孙英刚,2021-05-14 11:08:05,6,7,1,上课体验很棒，但给分真的……可能是我太垃圾了。\n\n孙老师很有学识！
136199,5525,孙英刚,2021-06-12 12:43:08,5,6,1,孙英刚老师yyds
136615,5525,孙英刚,2021-06-22 02:54:06,10,12,2,孙老师就是微博大V邙洛山！我从高中起就是他的粉丝，太激动了！
158132,5525,孙英刚,2022-06-27 06:20:08,0,6,6,课程：史学导论\n\n打分：8/10 \n\n优点：讲课很好，课程规划也很有意思。\n\n缺点：总是很忙（也许是因为是副院长所以有很多事+主持很多讲座？），一半或至少1/3的时间没有来上课，连最后一节课都没有来，是博士生来代课的……\n\nP.S.给分一般
177181,5525,孙英刚,2023-07-02 04:11:42,1,1,0,史学导论，事少给分好。外专业来听也挺合适的。
192504,5525,孙英刚,2024-05-22 05:52:47,0,0,0,孙老师人特好！讲课有意思！给分也好大家冲冲冲！
129251,5789,高洁,2021-01-02 11:06:12,-14,15,29,再您的见！
152228,5789,高洁,2022-03-31 02:06:56,-11,10,21,累了，毁灭吧
153437,5789,高洁,2022-04-29 13:45:39,19,31,12,老师与Davide老师哲学方法真的赞，我一个凑全英文学分的医学生赚到了，事少给分好
153767,5789,高洁,2022-05-10 12:13:31,-14,7,21,跟楼上，再见，再也不见！
156550,5789,高洁,2022-06-20 08:50:58,-19,9,28,出分后回来骂一句
159966,5789,高洁,2022-09-10 10:17:46,13,18,5,哲学学术英语类似于国外大学的学术写作课程，给分也还可以
160105,5789,高洁,2022-09-13 08:00:56,8,10,2,老师很认真，能学到很多东西
160210,5789,高洁,2022-09-15 05:30:42,2,4,2,不建议水课\n\n两位老师教的特别负责和细心\n\n学术训练很严格细致
160211,5789,高洁,2022-09-15 05:31:39,2,4,2,老师备课认真，也乐于接受学生反馈。（当然贵校的年轻老师一般都挺认真的
160212,5789,高洁,2022-09-15 05:35:24,1,3,2,老师非常耐心，人也很好！
160213,5789,高洁,2022-09-15 05:36:26,16,19,3,那些说事儿多的，高老师每一项任务都会具体量化到分数，你自己选了课想水那是你的问题，认真完成的分数都不差。老师这么认真的准备每一节课，我都很少见到有哲学系老师这么用心的，这么评价老师不觉得自己很过分吗
160214,5789,高洁,2022-09-15 05:39:12,8,11,3,老师认真负责，哲英、知识论可以说是哲院开的本科生选修课中为数不多的精品，公正给分但是给分好，而且会认真回复学生的疑问。楼上打低分想水水过的那些人，本来就是你们自己的问题，不反思一下倒来怪老师，情商堪忧。
164645,5789,高洁,2022-12-22 12:43:27,1,3,2,非常好老师
165488,5789,高洁,2023-01-07 05:58:01,0,2,2,高老师的作业批改得很用心
167292,5789,高洁,2023-01-15 11:51:35,0,2,2,像是感受了海本的大学写作课，对英语论文写作很有帮助w
169778,5789,高洁,2023-02-28 01:18:31,-1,1,2,bucuo'
169779,5789,高洁,2023-02-28 01:21:07,-1,2,3,老师还是很好的
170267,5789,高洁,2023-03-02 10:39:33,-1,1,2,非常好老师
173217,5789,高洁,2023-05-16 04:54:58,7,7,0,给分非常求是
173219,5789,高洁,2023-05-16 05:10:55,6,10,4,会以课堂练习的形式点名。回答问题倒还算耐心，但是上课真的无聊，中式口音听起来也很别扭。离谱的是，因法定节假日而取消的课，她会另外安排周末时间加课，并且给去上课的学生加分。装模作样发了个问卷，但即便你选的时间不是她最终加课的时间，她也会给其他人加分。说白了就是如果你倒霉那个周末刚好有安排，那你的分就要比别人低。
173264,5789,高洁,2023-05-17 07:24:53,-1,0,1,老师很棒，讲的很细，但是有点把哲学讲的太具体了
173748,5789,高洁,2023-06-02 07:35:21,3,5,2,太求是了 跨专业来的 真的很求是
179284,5789,高洁,2023-09-07 09:07:05,16,17,1,很典型的年轻一辈留学回来搞非技术性分析哲学的老师的风格。就像是学生时代的乖乖好学生当了老师那种。
182786,5789,高洁,2023-11-20 08:34:01,3,5,2,我佛了，虽然我自己的问题就是了。。。
184305,5789,高洁,2023-12-16 08:00:14,0,7,7,教学很强很负责的两位老师，几乎每门课程都有老师自己写的专门手册，对于零基础的学习非常有帮助。不要抱着水高分的成绩来选，老师很求是，但只要认真跟着学成绩都会给得很好，把两位老师开的学术英语、哲学方法和知识论修完了，三门都拿了5.0（老师们还开新课吗？）
185682,5789,高洁,2024-01-03 13:28:48,2,3,1,水分别来！！！否则影响评优
186133,5789,高洁,2024-01-08 19:55:57,4,5,1,女神老师，超美超有气质！上了她和Davide合开的知识论课，课纲清晰，作业稍微有点多，每节课后都有一个小作业，但是跟下来真的能学到很多东西。最后的给分也很好~
191573,5789,高洁,2024-04-25 07:29:37,9,10,1,很好的老师！法学院的英文大多水课，本来以为两位老师合开的课也是这样orz 来了之后发现能学到很多，认真跟着老师学习很有收获
191916,5789,高洁,2024-05-05 07:04:12,7,9,2,外专业凑国际化学分，上了高洁老师和Davide老师的哲学方法，内容简单，没有签到（但是有两次不占分的课堂小测），老师十分认真负责，助教人很好且作业批改是我见过最认真的（会写评语会认真打分）。作业和期末考试卷面分数都会在学在浙大公布（掐指一算自己最后总评似乎被捞了），很推荐大家选，但选了后最好不要水作业和考试。
200836,5789,高洁,2024-10-23 06:41:30,7,9,2,研究生论文写作，作业程度您觉得合适吗……\n\n大家真没那么闲，一方面导师的科研压力要担着，一方面还要应付你这边的一大堆事情……\n\n当你教初中呢姐们？
201075,5789,高洁,2024-10-28 07:20:52,2,3,1,每节课都要小测
201199,5789,高洁,2024-10-30 04:19:04,1,3,2,毫无边界感
202059,5789,高洁,2024-11-19 07:04:31,4,6,2,10分送给大卫和高洁老师
203295,5789,高洁,2024-11-19 03:07:55,4,6,2,分不高，自然辩证法课很水，照本宣科，天天就是小组展示，很无语。。。
206856,5789,高洁,2024-12-18 03:35:59,2,8,6,这个人真的纯粹的抽象。\n\n明明很简单的东西偏要复杂化，搞得莫名其妙的各种无意义的时间消耗。发个讲义阅读一下写篇essay改一下就能解决的事情，偏要凑一整个学期的课来水，让人听庸俗至死的话听睡着，还美其名曰打基础。打基础是很重要，但效率同样也是。以低效消耗的方式打基础，跟老中别的应试教育无聊要死的反复刷题没区别。还美其名曰英美大学写作课。如果英美大学也是这样上的，那只能说他们也挺完蛋的。
214655,5789,高洁,2025-02-16 02:56:55,-1,0,1,老师人很好，只是偶尔查一下出勤，给分也比较宽松。虽然是思政课，但老师不是刻板的讲授，不会让学生听的无聊
124619,5924,汤晓燕,2020-07-04 02:57:13,5,6,1,不愧是女神
125112,5924,汤晓燕,2020-08-31 14:51:48,19,23,4,完全是女神！非常有气质，讲课好听又好看~（学术也很好！）
125910,5924,汤晓燕,2020-09-15 13:55:08,12,17,5,超级好的老师～～虽然才上了1天课但是马上就像来评满分啦。很注重学生自己的独立思考，主要是！！老师讲法语好好听～～～搞得我也想学法语辣
126354,5924,汤晓燕,2020-09-23 11:42:44,9,10,1,人美声甜，思想深刻，想水的同学可以听说书一样，很舒服，认真思考的同学也可以在交流互动和讨论课中收获满满，选她选她选她！！！
126647,5924,汤晓燕,2020-10-11 11:46:40,4,5,1,优雅不点名，脾气还好
129586,5924,汤晓燕,2021-01-08 03:40:14,5,5,0,表白助教冯雅馨xjj！很有水平很温柔也很好看！！！
132052,5924,汤晓燕,2021-01-30 04:20:04,4,4,0,汤老师真女神！讲课也好温柔啊
135565,5924,汤晓燕,2021-05-14 06:26:33,6,6,0,好优雅！
139123,5924,汤晓燕,2021-07-13 03:06:59,6,6,0,老师很好，通核考核方面：展示拉不开分数，要高分看开卷考试，汤老师部分重点整理笔记，董老师部分直接抄书
149811,5924,汤晓燕,2022-01-17 05:58:38,1,1,0,西方文明的基石
149883,5924,汤晓燕,2022-01-17 13:16:30,1,1,0,仙女姐姐😘😘😘助教和老师都超级超级好
149932,5924,汤晓燕,2022-01-18 00:59:49,1,6,5,老师挺好，给分不太好
149969,5924,汤晓燕,2022-01-18 06:03:27,1,7,6,给分真差
150759,5924,汤晓燕,2022-02-18 01:23:48,3,3,0,汤老师特别有气质！上课思想深刻，能给人很多启迪。助教初楠楠小姐姐也超棒，视角独特，真的学到了很多。\n\n另外，给分挺不错的。
150996,5924,汤晓燕,2022-02-22 00:05:10,1,7,6,给分超级差
155865,5924,汤晓燕,2022-06-16 10:33:51,3,3,0,汤老师在专业课上很注重引导大家独立思考，讨论量非常大但是收获满满。另外，她的人生态度我真的超级喜欢，女神~(≧▽≦)~
157359,5924,汤晓燕,2022-06-23 04:54:11,8,9,1,【西方文明史】老师真的好美好有气质，每次看到都要昏过去的程度！讲课和学术也超棒，内容丰富，视角新颖独到，本高中全理选手感觉逐渐会用不同的方式解读历史了。期末内容老师上课都讲过，也划了重点，如果平时有认真听基本没问题。这次出分好快，成绩自己觉得很满意了，最后表白可爱的助教姐姐～
157361,5924,汤晓燕,2022-06-23 04:55:16,5,5,0,老师超级有气质，讲课很温柔，逻辑也很清楚。\n\n我是助教初楠楠班的，姐姐上讨论课气氛真的好，并且能学到很多东西，是对老师课堂内容很好的补充。\n\n平常任务的话两星期看一本书做一次展示，不过说实话我还真没怎么看完过，不过只要展示能稍微分享讨论一些东西就够了。\n\n期末考试开卷考，简单的，平常课上把老师讲的东西直接抄下来，考试就没问题。\n\n老师和助教给分真的超级好，我人生中第一次满绩>ω＜！！
157425,5924,汤晓燕,2022-06-23 07:53:53,4,4,0,老师很有气质
157436,5924,汤晓燕,2022-06-23 08:20:53,6,7,1,上课不水 展示频率高 但是小组分下来也没什么事情，上课内容很深刻，不会专门讲比较死板的那种历史事件，而更注重历史事件背后代表的精神 意义 价值。认真听会发现老师有很多新奇同时也很有价值的观点和看待历史事件的视角，虽然上完课后记不住具体的内容，但是会发现自己的思维深度有一定的延伸。考试不难，但是要注意平时记笔记，因为老师的ppt大多是提纲性的，具体内容她会专门强调哪些要记下来。我是平时听课没有记录，最后在考试周把视频过了一遍，题基本上都在上面，最后满了。总是课非常好 选就完事了。助教也非常非常温柔。而且老师和助教都超漂亮！
161323,5924,汤晓燕,2022-11-04 05:54:00,1,1,0,超级好的老师，可以看出来她真的很爱历史
164182,5924,汤晓燕,2022-12-19 02:39:10,4,5,1,老师是好的，后悔有点没认真听课，课可以水，但任务有点小多（两次展示+期末严格的五六千字论文），还没给分，不知道会咋样。还有，法国历史与文化 主要是讲法国历史，通过古典的图像，偏学术，上课氛围会较正式
164456,5924,汤晓燕,2022-12-21 05:27:50,4,4,0,每个同学的课堂展示的照片老师都会私发过来，女神老师
165525,5924,汤晓燕,2023-01-08 03:25:36,1,1,0,汤老师yyds！
170014,5924,汤晓燕,2023-03-01 03:43:53,5,6,1,人美高知！！！只上了一节课就迫不及待来打十分了！！有美女老师上课此生何求，让我挂科我都心甘情愿（老师说法语真的说的好好听啊！！
175357,5924,汤晓燕,2023-06-24 07:12:34,8,8,0,呜呜，老师很漂亮讲的也很好，助教也很漂亮，但是还是喜提最低分数，可能因为没有不太会做历史题吧，虽然答题时答案写的多，但是可能没有写到点子上，理科生如果选了的话要记得多发言，每过一个周要做一次展示，呜呜
175368,5924,汤晓燕,2023-06-24 09:07:16,2,3,1,开学的时候满怀热情选了西方文明史，结果其他学科比较忙，自己又比较摆，基本没花时间在这门课上。考前一天炫了一个学期的智云课堂，跳着看，越看越觉得这个课有意思，越看越觉得自己损失了一门好课。上课基本没听，讨论课小组贡献不大，发言也比较少，最后3.9对我一学期的投入来说还是给多了的，感谢老师。待我明年学了法语来选老师的双语课。
175370,5924,汤晓燕,2023-06-24 09:11:58,6,8,2,老师讲的挺好，但是给分巨差，要是想拿高分的uu尽量不要选！自以为答得很好甚至有信心4.5+，结果看成绩只有3.6.别提有多崩溃。。。
175376,5924,汤晓燕,2023-06-24 10:18:42,-2,1,3,汤老师yyds！！！助教小姐姐人美心善🥰
175379,5924,汤晓燕,2023-06-24 10:28:13,0,0,0,老师讲的挺不错的
175382,5924,汤晓燕,2023-06-24 10:50:28,4,5,1,老师从不点名\n\n但是分数一般
175404,5924,汤晓燕,2023-06-24 15:13:24,2,2,0,超级超级好超级超级优雅的老师！！！助教姐姐也非常好，整个讨论课的氛围都非常轻松。虽然社恐不怎么发言，经常是听别的同学分享自己的观点。感觉收获很多。没有论文，考试也是开卷，不难。最后的绩点也还不错！喜欢这门课~
175539,5924,汤晓燕,2023-06-25 11:59:12,2,2,0,老师人特别美而且讲课很好，但是给分巨差，而且讨论课事情特别多，需要看很多书，做很多小组展示，还需要卷发言。
175658,5924,汤晓燕,2023-06-26 05:40:47,-4,4,8,超级好！满绩了！讨论课要多多发言让助教姐姐记住自己！最后表白老师和助教
175691,5924,汤晓燕,2023-06-26 08:08:31,0,0,0,讨论课内部分好工后一学期大概做了三次展示，如果对自己要求比较高可能会比较累。但课程方面老师讲得很好，人也很温柔，从不点名。平时认真听加考前过一下老师划的重点，最后的成绩还是很满意的～
176194,5924,汤晓燕,2023-06-28 04:21:41,0,1,1,感谢老师！！
184731,5924,汤晓燕,2023-12-22 10:47:22,3,3,0,人很温柔很仔细，讲课也是有自己理解的，不会照着书讲，讲课内容很有启发性，并且也是认真听取同学意见，会和学生进行交流互动的。能看出老师确实热爱历史，而且也有很强的功底。但是不知道什么原因给分超级差，估计是因为正太的要求吧，无奈。几个课友给分都爆炸……如果不是怕又被正太的话还想再选一遍。
191282,5924,汤晓燕,2024-04-16 13:29:20,3,3,0,从来不点名，能感受到老师对历史的热爱，讲课不特别依赖书本，基本是按照老师自己节奏来的，整堂课认真停下来能充分体会历史与艺术的魅力……但是，但是，给分很差，即使本人觉得自己听得算是比较认真了，笔记也做的……还以为只有自己分很低，但是看了下评价好像有一些其他人也是类似情况，包括问了下一些课友有的给分也很糟糕。可能正太导致的吧。我觉得如果你想学东西，选西方文明史并没什么问题，但是考虑绩点问题，有必要斟酌一下自己的水平
202307,5924,汤晓燕,2024-11-11 11:39:56,0,0,0,人是真的好，但是不知道为什么给分奇差无比。从不点名，课讲得很好，除了给分不行应该是完美老师了，好在这门课只是通识，影响不会太大（西方文明史）
159854,6049,Davide Fassio,2022-09-06 09:28:42,12,13,1,上了老师在海宁校区的phil105伦理课。老师人挺好的，每次上课后会多留一小时当作office hour，很乐意和同学交流。唯一的问题就是英语口音有点重，讲话有点糊，上课不是很能听懂。但是ppt很清楚，考前突击自学一天就可以拿下了。workload略有些大，每学期要写三篇小论文，哲学论文还真是不太好构思……但给分不错，也挺合理的。每次考试前会给去年的样卷，题型和正式考试完全一样，所以考试非常好考。中间不会点名，总成绩不包含平时分，完全由论文分数和三次考试分数构成，很客观，期末不压分。总体还是非常推荐的！
167293,6049,Davide Fassio,2023-01-15 11:52:17,3,3,0,英语口音好可爱（我才知道他和高老师是夫妻？！
170266,6049,Davide Fassio,2023-03-02 10:38:31,3,3,0,非常标准的英美式学术训练，讲课有章有程，对学生也很友好认真。同时教材编写极佳，可读性很强，
182142,6049,Davide Fassio,2023-11-10 14:09:02,3,3,0,一个看起来很有趣的老师。为什么是看起来？因为他的英语口语我听不懂……不过老师很考虑到我们这些英语垃圾的感受，讲义、课件准备的非常充分。总之是一位值得尊重、值得选择的老师。
211104,6049,Davide Fassio,2025-01-10 15:55:13,2,2,0,真的很温柔很亲切好嘛？比某些摆架子高高在上的老师好多了吧！
123042,6071,王胜群,2020-05-04 11:58:34,19,20,1,胜群姐姐真的集美貌与智慧于一身
124162,6071,王胜群,2020-06-26 04:09:08,0,0,0,老师特别美，人也很好，不过给分比预期低了一些，也不算差
136183,6071,王胜群,2021-06-12 05:08:25,24,25,1,“如果我们具有耐心、决心和正直的品质，对外面世界的匆匆一瞥，就可能会让自己更清楚和适应自己在世上所处的位置。”
136189,6071,王胜群,2021-06-12 07:58:46,5,5,0,“如果我们具有耐心、决心和正直的品质，对外面世界的匆匆一瞥，就可能会让自己更清楚和适应自己在世上所处的位置。”
138194,6071,王胜群,2021-07-08 01:16:35,5,5,0,老师给分超级好  老师超级可爱漂亮
138437,6071,王胜群,2021-07-09 07:19:39,0,0,0,老师讲课随意，给分也不错的
141519,6071,王胜群,2021-10-13 04:57:30,11,11,0,盲猜老师获评副教授，会留在浙大，不会出走了
177308,6071,王胜群,2023-07-03 00:41:41,5,7,2,老师真的很好哇，讲课水平确实不算突出，感觉老师也很紧张（但很可爱啊），但老师对外国文学的热爱是可以非常明显的感觉到的！
177624,6071,王胜群,2023-07-04 03:05:50,6,6,0,真的为胜群姐姐举大旗！讲课非常有调理且清晰（虽然会给人感觉有点点紧张），博学又很温柔，十分建议~
180901,6071,王胜群,2023-09-28 03:25:37,8,8,0,如沐春风，和煦如暖阳❤️
191698,6071,王胜群,2024-04-28 09:00:06,10,10,0,sqjj是真的与学生之间没什么隔阂，与她交流时觉得她依然像是二十左右的青春女大。老师说自己有些社恐，但备课和上课都很用心，课程安排方面也是尽可能体谅学生，在大学里遇到这样的好老师是一件幸福的事。
193448,6071,王胜群,2024-06-11 04:50:00,2,3,1,老师很好，希望我能高一点
193737,6071,王胜群,2024-06-17 04:53:17,3,3,0,胜群姐姐我真的好喜欢你
194418,6071,王胜群,2024-06-23 17:59:04,1,1,0,特别温柔博学的老师，希望能有更多和sqjj交流的机会
194838,6071,王胜群,2024-06-25 15:16:10,1,1,0,姐姐又美又可爱呀～很喜欢听姐姐讲课～
195447,6071,王胜群,2024-06-28 05:47:25,1,1,0,爱您！
196914,6071,王胜群,2024-07-06 01:32:45,5,6,1,世界文学史，工科生来修跨专业。老师每节课都准备的很认真，对文学很严谨，上课经常说“这里引用xx的评论”，学识渊博，但又给人一种活力，一学期没缺课，收获很多。不过和合作的龙老师比感觉少了一点从容不迫。\n\n最后的论文完全无指导，虽然认真写了很多但寄的很惨，从分数考虑的话，不熟悉文科评分方式还是不要贸然选文科的专业课55
214879,6071,王胜群,2025-02-18 15:37:44,1,1,0,青春女大，非常善解人意的老师！
221231,6071,王胜群,2025-06-22 06:05:37,0,0,0,选的世界文学史，笨工科生真的狠狠爱了😍😍从信号、系统、人工智能、电子电路中脱身，上老师的课完全是一种对美的享受。。。三节课完全不会打盹，上完课也久久回味，真的很喜欢！！！可惜只能学这学期了，好希望还能在上一学期啊😭\n\n最后给分也出人意料的好，本来论文也是不知道写啥，只能随便写了个主题，自己写完都觉得是一坨，只能再修改，最后交上去心里都没底，结果总评90🥰
122249,6093,于文,2020-02-21 02:17:15,1,10,9,亲近同学，逻辑清晰，可以给你带来一节课的听觉与知识享受~绝对是优秀的青年教师啊
126499,6157,陈亚军,2020-09-28 13:10:50,9,11,2,老师很厉害很有学问但是我太菜了听不太懂呜呜呜
128517,6157,陈亚军,2020-12-23 12:56:05,20,20,0,老师讲课真的挺有意思的哈哈！超级和蔼，刚开课的时候说“我不能把你们讲懂了，但我能把你们讲不明白了”，讲到后面其实就是这样哈哈哈，助教小哥哥也超级好的！讲话特别有意思而且生病请假都好关心同学，虽然有点名但是还是疯狂打call！！
129273,6157,陈亚军,2021-01-03 06:42:43,15,16,1,老师真的太有学者风范了，给人开明豁达的感觉。一直鼓励大家提出问题，私下去问问题的时候毫无架子，超级和蔼。大学者！\n\n（助教小哥哥也很可爱）
129558,6157,陈亚军,2021-01-07 07:23:21,8,8,0,如果说19年秋冬最幸运的是修读了国懿老师的中国外交，那么这个学期最值的就是选了陈亚军老师的哲学问题！
132094,6157,陈亚军,2021-01-30 08:06:32,7,8,1,上他的哲学问题，陈老师很强，奈何我听不懂，但是被捞到92分4.8!陈老师是天使啊啊啊，看见他的课选就对了!
132098,6157,陈亚军,2021-01-30 08:31:50,5,5,0,老师很儒雅，学术渊博。上他的课就是一种思维的启发，但是我太菜了，不是很能听懂。给分超级好，最后4.8
132099,6157,陈亚军,2021-01-30 08:38:52,3,3,0,大学者！就冲考试让我们手机放桌子上这一点，就是大家风范！给分贼好！
132108,6157,陈亚军,2021-01-30 10:20:13,6,6,0,陈亚军老师太好了呜呜呜！幽默风趣，儒雅耐心，不为难学生，讲课慢条斯理，就像是在聊家常一样但是又极富哲学意趣，对于入门非常友好呜呜呜朋友评论说他讲话就有一种让人想听下去的感觉(〃ﾉωﾉ)助教老师老实又可爱，让人好想调戏他哈哈哈，上讨论课的时候紧张还会讲笑话\n\n期末考试考场氛围极佳\n\n成绩出来之后大家在群里刷爱老师的表情包哈哈哈\n\n本人哲学小白，哲学问题课体验极佳| ू•ૅω•́)ᵎᵎᵎ
132125,6157,陈亚军,2021-01-30 12:08:38,2,3,1,给分真的太好了！居然满绩了～是我没想到的。平时上课听着听着就听不懂掉线了，但是老师真的是超级有学问的大学者！（星星眼）
132129,6157,陈亚军,2021-01-30 12:20:54,1,3,2,讲得很好 助教也很好！上课经常跟不上也能4.8！
134877,6157,陈亚军,2021-04-20 04:07:56,3,5,2,王玮小哥哥太可爱啦，陈老师讲的很棒，人超级儒雅。最后满啦，哈哈哈，给分超棒
136047,6157,陈亚军,2021-06-10 07:57:14,1,2,1,没有架子的老师，让人感到很纯粹地学习的感觉，超有学者风范。
140527,6157,陈亚军,2021-09-13 10:56:18,1,1,0,第一节课就让我喜欢上了
142024,6157,陈亚军,2021-11-04 06:05:55,2,2,0,绝世好老师！！！助教也好棒！！！
142025,6157,陈亚军,2021-11-04 06:07:07,1,1,0,白头发的陈老师的哲学课真的很有意思！！！！非常照顾没有哲学基础的同学 讲课通俗易懂 每周都很期待他的课呜呜 认真做笔记能学到不少 10分10分！！！！！
149372,6157,陈亚军,2022-01-15 07:55:52,1,1,0,陈老师把高深的哲学理论讲解得如此通俗有趣，让我等小白得以站在门口一窥哲学天地的浩瀚。助教王玮老师也非常亲切可爱！上课会单纯点名不计分。给分非常非常宽容，考试题目开放性很强，没有什么需要死记硬背的知识点。最后交上去的答卷我自己都觉得幼稚的不像话，但老师们居然很善意地给出了4.5。就是很遗憾课程这么快就结束了，当时上课要是能再认真一点多学到一些东西就更好了呜呜呜。非常感谢两位老师的付出和这门课带给我们的启发！！
149403,6157,陈亚军,2022-01-15 08:49:00,2,2,0,！！！！给分太好了吧！！永远滴神哇
150754,6157,陈亚军,2022-02-17 12:18:16,0,1,1,讲课深入浅出，值得认真听！超级厉害的老师，北大博士，还去过哈佛。讲到某些哲学家的时候，会很不经意地说，我在哈佛的时候去听过他的课……
150904,6157,陈亚军,2022-02-21 02:47:35,0,0,0,哲学问题，是我哲学入门，学到很多，陈亚军老师绝对是目前我见到浙大里最有人文教授气质的人，那种睿智、包容的感觉，让人仰慕。助教王伟人超好！！！好可爱，而且和陈亚军长得蜜汁像哈哈哈哈！给分超级好，作业压力小
151636,6157,陈亚军,2022-03-10 05:29:46,4,4,0,陈教授真的是极有学术大家风范的老师，人特别特别好。大一时上“哲学问题”课，虽然听得懵懵懂懂（是因为我太菜），但是过了一年后，渐渐步入专业学习，慢慢发现很多东西都跟之前学到的一点哲学皮毛息息相关，回过头来看当时记下的笔记，又不住赞叹陈教授学术之渊博、讲授之细致。助教王玮哥哥也是特别特别有趣温和的学长，大一能听到这样精彩的课，实属如获至宝。
165871,6157,陈亚军,2023-01-10 07:45:49,0,0,0,表白陈亚军老师和助教王w老师！陈老师是一位学识渊博的哲学大家，上课干货很多而且思路清晰，很容易就被带进去思考了…（虽然有些时候对我来说有点难跟上）助教人很好，平易近人，很友善！给分也善良ww
166588,6157,陈亚军,2023-01-13 02:44:52,1,1,0,老师讲课细致，注重对学生思维的启发和对问题多方面的思考，值得一听，给分也很好很好，听老师讲课并做一些笔记，就会得到好绩点。
167168,6157,陈亚军,2023-01-15 04:36:21,1,1,0,助教xgg每次讨论课都说：我们来点一下名，但是这个不计入成绩。\n\n老师和助教都超级好。陈老师很有亲和力，讲课也很清楚，真的学到了很多知识，还有生活的道理。助教xgg憨憨的超可爱。\n\n事情不多，一学期两次pre（小组做），期末考试论述题五选二
167439,6157,陈亚军,2023-01-16 09:34:00,0,0,0,表白老师和助教！看到陈老师的课直接就选！
167453,6157,陈亚军,2023-01-17 00:00:38,10,10,0,真的言不尽意啊啊啊啊啊啊！\n\n首先不得不说有陈老师这样一位殿堂级教授，作为自己哲学的启蒙老师绝对是一件非常非常幸运非常非常值得骄傲的事情！第一堂课走进教室第一句话所展现出的风度气质就让人觉得名不虚传。虽然是大专家但是在这门课上力于避开术语又细致专业地引导我们思考，努力营造对话感，儒雅真诚，时常觉得被哲人的光芒照耀。陈老师上课要喝一杯咖啡，讲话带点翻译腔，偶尔会蹦出几个英文单词。\n\n整体听下来非常享受，每周最期待的就是周四下午的哲学问题课，与老师同学们共赴一场智慧的约。学校安排的教室有点小，基本满座，但正是在这样的环境中，我们和老师的距离被拉近了。\n\n其次给分特别好是真的，看看一骑绝尘的均绩就知道了，可能剩下70%都是4.5吧（笑）讨论课是两个小组pre占比40%，没有烦人的卷发言；期末考两道论述题占60%，都是上课老师讲过的话题让我们自己论述，不太用背书，上课认真听就行；平时没有作业，主要是自己阅读思考，大概整个学期有三十多篇文本，可能相对于别的老师略多，但也不是硬性要求，做pre只要了解自己对应的专题，话说以己度人我也从来没听过别人的pre…大部分材料都不是很长，有些初读还是比较困难的，不过相信认认真真读下来，再加上课上老师的点拨，肯定收获颇多。\n\n我过去绝对不能称得上是爱智慧、对哲学感兴趣的人，的确是在这门课上收获了对哲学的好感，或者说，继续学习钻研的精神动力。\n\n也顺着前人的惯例夸夸助教王玮小叔叔吧sukisukisuki超帅超呆萌特别平易近人，笑起来特别特别可爱，改卷子很快，还带我们磕过陈老师和妻子的cp。大家有什么专业面试请假都会祝福，总是用鼓励的眼光看待同学们每一个展示，讨论课点名不算分，只是为了记住同学的脸，课堂氛围和谐融洽带点欢乐。\n\n总之选到的小朋友好好珍惜！祝陈老师身体健康，祝王老师以后能成为陈老师那样的大学者大教授，感谢两位老师！
187067,6157,陈亚军,2024-01-14 09:47:49,1,1,0,后悔没有认真听老师的课，老师讲的非常通俗易懂又引人深思。
190216,6157,陈亚军,2024-02-26 02:45:32,2,2,0,非常好，随便学，期末写满4.8！
200352,6157,陈亚军,2024-10-16 07:22:02,2,2,0,伟大无需多言
206697,6157,陈亚军,2024-12-17 06:45:27,1,1,0,陈教授带领我走上了真正哲学的道路，让我逃脱对哲学的恐惧，真正体会到哲学的纯粹与快乐，在世俗与理想之间，我终于有勇气去找寻我自己，在人生中感悟自我，理解人类
207619,6157,陈亚军,2024-12-23 09:35:18,1,1,0,老师超级无敌好，不管是讲课的内容还是给分还是幽默细胞！！
209270,6157,陈亚军,2025-01-05 09:33:07,1,1,0,上他的课我是真的收获了很多！每周就盼望着那两节哲学课，感觉大学生活的意义就在于上这些自己真正喜欢的课。事情不多，就两次pre认真准备就好！老师很儒雅！特别喜欢！
210925,6157,陈亚军,2025-01-10 07:31:28,1,2,1,水平很高，人格魅力👍，真的能学到东西。助教zwd姐姐也很负责。最后4.5知足了（八个学期课不太听哈。讨论课和期末突击了下）
216963,6157,陈亚军,2025-03-30 12:33:12,0,0,0,B站上听老师讲维特根斯坦，没想到是本校的老师！
184008,6173,Laasik Kristjan,2023-12-06 05:39:05,8,9,1,课程内容很难，慎选！！！老师人很好，期末开卷全英，每节课都点名，只能说是给分求是。
201008,6274,王政,2024-11-11 12:22:36,2,3,1,期末作业套娃呢？？！一份作业分成两个部分，第一部分分为两个题，两个题每个里面有两个小问，每个小问整两个问号，更经典的是后面都跟着一个同时？？！好一个五连套？有丝分裂？？！
202655,6274,王政,2024-11-13 15:53:48,-1,1,2,管理学院wz老师～作业有丝分裂～但是给分倒是出乎预期，人感觉很韩男，说不上好还是不好。好像给分很迷，但是最后考试写了将近两万字之后给了我大学史上最高分，上他的课要是想有好分就装一点吧
217831,6274,王政,2025-04-17 04:40:14,0,0,0,上课内容还不错，给分也大方，作业有丝分裂真是精辟了
126394,6277,秦桦林,2020-09-25 01:34:04,8,11,3,非常好的历史老师
135824,6277,秦桦林,2021-05-28 02:27:57,3,6,3,秦老师的冷笑话也太冷了吧
142185,6277,秦桦林,2021-11-08 10:29:34,1,3,2,讲课蛮认真
147004,6277,秦桦林,2022-01-08 11:25:49,5,8,3,非常nice的老师，上课虽然会尬尬的互动，但还是蛮有意思的。回答问题很耐心，人真的很好！
147392,6277,秦桦林,2022-01-10 02:26:50,7,12,5,中国史史料研读三个老师里最喜欢的老师，上课准备的很充分，充满幽默感，虽然有点尴尬😅
158136,6277,秦桦林,2022-06-27 06:30:39,-8,11,19,课程：中国历史文选 \n\n打分：7/10 \n\n优点：上课特别认真，逐字翻译逐字研讨字词意思，课前随机点名回答上节课学习过的内容，简直梦回初高中古文课\n\n缺点：以上优点，不妨也看作某种缺点；以及，对于一个完全无感中国史的学生来说，真不觉得有什么专著是“学历史一定要看的”（没有不敬的意思，只是举个例子比如某人去读了Classics或者Classical Reception ，Ta大概这辈子也不需要学什么《史记》……）
163675,6277,秦桦林,2022-12-16 02:35:15,23,29,6,道德库
173858,6277,秦桦林,2023-06-03 16:38:18,-1,1,2,老师是位很好的老师，拿来当跨专业的中国古代政治制度史，居然给满了，最后的小测标点题直接一大道错完都能满，只能说上课认真老师就敢满绩，现在到处安利这门课哈哈哈哈
174597,6277,秦桦林,2023-06-14 10:57:51,0,1,1,敦煌文献学来评价一下，很不错的老师，不太点名，但是喜欢点人回答问题\n\n学识渊博，有点小幽默，总体来说蛮推荐的
177535,6277,秦桦林,2023-07-03 15:19:24,2,5,3,敦煌学三剑客其三
177645,6277,秦桦林,2023-07-04 04:28:41,3,4,1,嗯嗯，我是自愿来上这个课的，你们不会不相信我吧
184207,6277,秦桦林,2023-12-13 04:09:26,10,13,3,道德库老师
184448,6277,秦桦林,2023-12-20 02:19:08,13,16,3,道德库到底什么意思
189765,6277,秦桦林,2024-01-28 13:21:06,11,13,2,秦老师真是难得的好老师!\n\n上课很认真，质量与效率兼备，阅读史料重点之处都会讲解，而且旁征博引，知识渊博。\n\n同时老师会在课前提前发阅读材料，让大家提前打印预习。每节课后老师都会发一些拓展阅读与相关文献，还会发很多有用的网站与工具。\n\n老师的包袱很多，一句“乾隆令和珅自尽”让我笑得前仰后合，老师还在课上“高歌”，还教我们什么是“能掐会算”。\n\n能让你感受到收获，不断进步的良师!!!
190948,6277,秦桦林,2024-03-25 11:04:20,12,14,2,有没有人考证一下道德库是什么意思
191219,6277,秦桦林,2024-04-12 13:33:36,1,5,4,老师你到底为什么卡人毕业
191385,6277,秦桦林,2024-04-19 03:34:24,0,3,3,中国古代政治制度史，老师讲课准备的特别认真，学识很丰富，上课也蛮好玩的。老师人很好，对学生很亲切，任务量也不大，一个平时作业，期末一个小考试（虽然我还是有好几题没写出来）。总的来说很不错的一个老师，还没出分但是先给好评上
210328,6277,秦桦林,2025-01-09 02:22:21,0,1,1,在出分之前先给秦老师个满绩，外专业上敦煌写本文献学收货满满，跨专业可冲
212286,6277,秦桦林,2025-01-21 01:57:08,3,6,3,垃圾老师，通识课两唐书给分烂的一匹，作业全都认真交了，考试也基本全写出来了，这个分请问我是得罪你祖宗了吗。。。
212327,6277,秦桦林,2025-01-14 01:33:13,1,4,3,qhl你为什么要卡我的绩！
212393,6277,秦桦林,2025-01-14 02:53:38,2,4,2,通识课两唐书，上课很有意思，像在听说书一样有趣，老师很擅长剖析史家的春秋笔法。作业就是翻译四段新旧唐书，考核需要带新旧唐书复印件去考，不考字词和转化，主要考一些历史的小知识，比如隋末的皇帝是哪个，有些内容得需要上课了才能答得出来，比如高昌国和吐鲁番的关系。最后大题问你新唐书和旧唐书的区别是什么，我根本憋不出来多少内容，感觉我一个学期也没见新唐书几次，凭记忆写了第一节课讲的只言片语。\n\n给分方面，我作为上大学后就没怎么学过语文和历史的理科生，基本每节课都有去(但不少时候在下面划水)，也是拿到了4.8这样满意的分数。但是听课友说秦老师给分不是很好，所以这方面大家谨慎判断吧。
212962,6277,秦桦林,2025-01-15 10:47:42,1,2,1,坐标《两唐书》，秦老师讲课确实很好，哪怕从不点名教室也总是坐满的，事也很少（整个学期只有两篇文言文的抄写+翻译和开卷考试），算是上课体验非常好的通识课了，就是给分实在一般，课能给12分，给分扣2分，打个10分吧
215517,6277,秦桦林,2025-02-27 11:01:15,0,1,1,看见有人说两唐书给分差，我感觉是挺奇怪的。期末考试我一堆写不出来的，分也并不低，甚至远远超出预料。\n\n这门课的作业占到60%，恐怕你栽在这里了吧？不过作业就是抄写段落加翻译，除非你写得太不工整，我想不出怎么扣分。
216818,6277,秦桦林,2025-03-26 06:36:03,0,1,1,老师老师我好喜欢你
219080,6277,秦桦林,2025-05-21 05:39:07,1,1,0,教课水平低下且无聊，事多给分差，课堂考试堪称作弊大赛。
219265,6277,秦桦林,2025-05-23 14:24:22,-1,0,1,不点名，前四史事情很少，给分还不知道，不过老师人挺好的
222023,6277,秦桦林,2025-06-29 03:08:22,0,0,0,作业认真做了，期末基本都写出来了，给我这个绩点什么意思，还卡绩
222026,6277,秦桦林,2025-06-29 03:32:32,0,0,0,前四史卡绩慎选，翻译作业完全按照要求完成，期末除了最后一个大题的标注者没有写出来之外其他全部确认找到答案，最后只有88，被卡绩，真是不知道到底哪里给我扣分了
222030,6277,秦桦林,2025-06-29 04:18:12,0,0,0,前四史这门课的事特别少，学分多，专业性很低，因为只是翻译史书，然后就是他的给分机制是比较有争议的，有一部分是期末考核还有一部分是平时作业，平时作业是四篇文言文翻译只能手抄，期末考核是一张卷子开卷能答完，题目有选择题判断题还有填空题简答题，如果有历史水准并且认真听课的人应该不会拿太低的分，考的比较细吧，比如说刘邦在定陶称帝到底是对还是错。。本人工科的，但是拿到了94分，4.8
126208,6538,陶安娜,2020-09-19 15:02:20,5,22,17,长得漂亮，说话温柔，浙大认识的第一个老师，评分拉满
128432,6538,陶安娜,2020-12-23 02:51:30,0,11,11,安娜姐
132048,6538,陶安娜,2021-01-30 04:15:19,-2,10,12,这是老师第一次开职规课，能和同学们分享一些浙大生活～没鹅颈，最后竟然满了
132078,6538,陶安娜,2021-01-30 06:31:22,-2,9,11,每节课都会点名，前两节课所有人都点名。\n\n课后作业不算多，但是在总评占比应该不少。\n\n人长的很美也很温柔\n\n但是对于ddl等要求极其严格，如果晚交一秒钟都等于没写，不允许补交。\n\n说说我这学期的情况，三次小作业，分别是组规，小目标，还有职业方向。大作业是期末个人职业生涯规划书以及小组短剧(7分钟)。\n\n没有期末考试。\n\n上课随意水，但是要注意写好课堂作业，有的会收。
133580,6538,陶安娜,2021-03-02 09:52:31,0,10,10,老师不错
133598,6538,陶安娜,2021-03-02 14:11:46,-6,8,14,好!（已婚）
133611,6538,陶安娜,2021-03-03 01:20:24,0,10,10,很难不打高分
134403,6538,陶安娜,2021-03-26 14:37:33,5,12,7,呵呵，讲得挺好
135241,6538,陶安娜,2021-05-06 15:35:02,18,37,19,安娜姐我太爱她了！上课超级有趣！会跟我们分享她的大学生活，求职生活还有她老公的游戏开发史！每次上课都很轻松带上纸笔就够啦！而且上课的提问都很简单让你很轻松就有参与感！很多求职以及人生规划的小tips都超级实用！绩点的组成就是考勤+平时作业+职业生涯规划书+小组职场表演。考勤一定要都到，平时作业不要水好好写，生涯规划书一定要早早开始（我写了整整三星期），结合自身情况好好分析。上课多发言多发言让老师觉得你有在积极参与就好啦！最后的职场表演都会非常有意义！大家快来选安娜姐的课鸭！！
135267,6538,陶安娜,2021-05-07 07:12:50,1,10,9,💕
135348,6538,陶安娜,2021-05-08 09:10:05,3,11,8,竟然满了😭
135764,6538,陶安娜,2021-05-24 10:08:36,2,10,8,老师真的超级温柔，上课无鹅颈，给分超公正，大家快选她。
135803,6538,陶安娜,2021-05-26 12:16:11,5,14,9,10分~
138300,6538,陶安娜,2021-07-08 11:44:06,-7,18,25,这啥寄吧臭鱼烂虾老师？？？？就尼玛离谱
138618,6538,陶安娜,2021-07-10 03:34:04,-4,11,15,呵呵千万别选
140362,6538,陶安娜,2021-09-10 05:04:27,3,14,11,老师很好 别信差评
140406,6538,陶安娜,2021-09-10 16:28:11,-2,14,16,求求您做个人吧🙏
140468,6538,陶安娜,2021-09-12 16:14:41,-3,9,12,不太喜欢
154773,6538,陶安娜,2022-06-05 04:48:50,-3,8,11,建议别选，一般
162136,6538,陶安娜,2022-11-17 04:11:04,-2,6,8,我吐了，什么人啊
167304,6538,陶安娜,2023-01-15 12:49:29,4,8,4,老师超好看超温柔，上课声音也特别甜，随堂作业也不多，这学期因为疫情没有了小组情景剧展示，变成了职规书占大头，老师没有限定字数，但是其实我也是把自己想写的都写了，然后得到了很满意的成绩。爱安娜姐！
167307,6538,陶安娜,2023-01-15 12:55:45,0,5,5,挺好的.
167987,6538,陶安娜,2023-01-21 06:55:54,-1,5,6,老师很美很温柔
167991,6538,陶安娜,2023-01-21 12:19:45,2,7,5,老师人很好，作业量非常少，而且都是没有难度的作业。\n\n上课会有较多互动，不过她很和蔼。\n\n线上沟通也很流畅，会体谅学生，哪怕作业过了很久才交也没关系。\n\n不是小组长，最后也能有非常高的总评
178541,6538,陶安娜,2023-07-14 03:49:12,0,7,7,yue
190909,6538,陶安娜,2024-03-24 04:11:20,-4,10,14,我去到底是谁在刷好评，别舔了
192867,6538,陶安娜,2024-05-31 06:03:18,0,1,1,陶老师专业素养很棒，经历丰富，认识的学生也多，所以能分享很多经验，上课形式灵活多样注重互动。不过小组是随机组的，而且平时分有很大一部分和小组成员的美术水平有关，这很难评。
195736,6538,陶安娜,2024-06-29 22:19:33,0,1,1,我万万没想到就我们组这小组作业，老师居然给我一个95
195818,6538,陶安娜,2024-06-30 05:06:50,0,2,2,老师很温柔很可爱 虽然每节课都有小讨论 但是作业很少 给分超级无敌好
197665,6538,陶安娜,2024-07-25 17:21:55,1,2,1,温柔的好老师
197960,6538,陶安娜,2024-08-21 17:09:26,0,2,2,挺好的，中规中矩
198732,6538,陶安娜,2024-09-11 07:06:40,0,3,3,特别温柔美丽的老师！上课以小组形式的合作为主，挺有意思，作业量中规中矩，不少也不多，给分挺好！
200052,6538,陶安娜,2024-10-12 02:16:55,0,3,3,10分无疑\n\n\n\n陶老师是一位真心站在学生角度考虑、把无意义水课带来价值的老师\n\n\n\n1.上课很好玩、我职规课基本没怎么写作业，一直很开心的玩（就是好玩zx\n\n\n\n2.收获很多：陶老师会在前两节收集学生们的职业规划的需求，例如保研 考公 出国 就业 等等，然后会邀请到很多优秀的学长来给大家分享。记得当时就有4位非常优秀的学长来，有中央选调上岸的电气学长，有HKU出国的社科学姐，也有直博后来去到华为的工高学长）总之就是，本来没意义的水课，陶老师真的做了很多努力让同学有收获，为同学们着想。通过职规课联系上的工高学长也给我了很多无私的帮助和指引！感谢陶老师\n\n\n\n3.作业真的少：课上的小组活动基本就是作业，课上别一直刷手机，稍微干点活，作业就KO了； 而且这个作业，基本都是后面职业规划书的一部分，到时候写职规书就可以直接放进去，可以省下很多时间，最后我写了30页的职规书也就用了一个上午不到。这个写职业规划书的机会也促使我去主动联系了学院的很多优秀青年导师，借机会push自己去总结、思考大学的人生规划路\n\n\n\n至少对于我当时一个大一下的小凳来说，非常有帮助的课！好！\n\n\n\n\n\n（我是在大一下修读的职规
202786,6538,陶安娜,2024-11-14 10:56:09,9,9,0,上来就让最后三排的同学往前坐，属实没绷住\n\n《上节课我点过他了，他可能以为这节课我不会点他了》
202799,6538,陶安娜,2024-11-14 12:50:51,5,6,1,点名，随机调座位坐前排，一件疫情的事知道很感动很能体现浙大人素质，但也没必要每节课都从头讲一遍吧？知道当时快生了。。。。到底是谁在刷好评
203659,6538,陶安娜,2024-11-20 11:06:22,3,5,2,每节德法课都要点名，都要把后排的人调到前面去塞满第一排。是知道自己的课很无聊没人乐意听吗，这么追求上座率和认可？\n\n好评别刷了到底是谁在刷，但凡上过她的德法课都不会觉得是个好老师
203819,6538,陶安娜,2024-11-21 08:44:31,1,1,0,卡绩了
203858,6538,陶安娜,2024-11-21 14:37:29,0,0,0,职规课\n\n挺温柔挺好 会邀请学长学姐分享经验 \n\n但是感觉给的分不值得花这些时间（悲
203949,6538,陶安娜,2024-11-22 07:41:51,-1,0,1,老师很好，我平时基本不参与，也不是小组长，老师也给了89
203997,6538,陶安娜,2024-11-22 16:48:22,0,1,1,我爱陶老师😭😭😭😭😭太好了
204026,6538,陶安娜,2024-11-23 08:19:39,0,2,2,给分很好，整个小组几乎都是满绩
206023,6538,陶安娜,2024-12-13 03:16:24,0,1,1,遇到了超好的组员！！！组里几乎都是满绩欸
206467,6538,陶安娜,2024-12-15 10:16:01,0,1,1,好老师，没到9分真是低了
207341,6538,陶安娜,2024-12-20 15:49:58,-1,0,1,陶老师是好老师！
212913,6538,陶安娜,2025-01-15 08:42:56,1,1,0,陶老师给分还是不错的，职规的事情也都是那些，但是陶老师的安排还是很好，会提醒你交作业，也会请很多厉害的学长学姐来分享。
212928,6538,陶安娜,2025-01-15 09:28:21,1,1,0,安娜姐，我的超人！大学以来第一个满绩
212930,6538,陶安娜,2025-01-15 09:32:36,1,1,0,简直是超人
213008,6538,陶安娜,2025-01-15 14:42:18,1,1,0,【职规】安娜姐超好！上课会玩很多小游戏，也会讲一些干货，然后请了一些工作的学长学姐回来给我们分享经验体会。最后考核是一份职规书和小组展示！给分很好！！
214676,6538,陶安娜,2025-02-16 12:59:08,2,2,0,关心学生的好老师！
220473,6538,陶安娜,2025-06-18 06:15:46,1,1,0,很好的老师！
122317,6649,刘寅,2020-02-24 04:33:10,9,9,0,年轻，帅气，温和，幽默，接地气，关心学生。
122382,6649,刘寅,2020-02-26 03:09:31,11,11,0,听过刘老师在世界文明史里面的课，每次准备都很充足，感受到老师的博学。
122737,6649,刘寅,2020-03-27 04:47:44,33,33,0,认真，睿智，博学，幽默，有趣哈哈哈哈哈，真的很有趣了，能够把段子和讲课内容无缝融合，明明是一本正经的样子但是听着听着我就忍不住笑起来。老师太可爱了！像个宝宝hhh我最烦的一部分历史居然听得津津有味还记到脑子里去了…很感谢遇见您，希望您一切顺利。
123882,6649,刘寅,2020-06-15 17:27:43,11,12,1,世界文明史课，负责西方中世纪史的老师，讲课干货多，视野开阔，融入了社会生活的各个方面，选取的材料很有意思。浙江的朋友们会有一段时间感觉自己在上选修6。上课小tip：可以把笔记（关键词）做在PPT的备注栏里，复习起来比较方便。老师期末会划重点的，别担心，冲冲冲
125901,6649,刘寅,2020-09-15 12:13:35,10,11,1,给寅宝打call！\n\n学识渊博又可爱还会讲冷笑话！\n\n感觉起码会五国语言！\n\n电脑屏幕还是剑三壁纸（滑稽）
127460,6649,刘寅,2020-11-23 08:04:50,6,6,0,刘老师人帅又幽默\n\n讲课很有趣，知识渊博\n\n非常负责
129002,6649,刘寅,2020-12-28 08:01:24,5,5,0,人帅幽默滔滔不绝，知识渊博，会讲冷笑话，脾气好
131909,6649,刘寅,2021-01-29 09:51:48,5,5,0,世界文明史！刘老师真的学识渊博又幽默
136066,6649,刘寅,2021-06-10 15:09:27,4,4,0,年少有为！
137199,6649,刘寅,2021-07-02 07:53:14,6,6,0,表白刘寅，男神老师yyds
137227,6649,刘寅,2021-07-02 12:17:42,7,7,0,呜呜，刘寅老师既幽默又有学识，还很帅，年轻有为，男神男神！\n\n给分超级好，让我对自己的历史学习又有了信心，感动呜呜呜呜！（没有抢到作报告机会的我居然拿到了超高绩点
137286,6649,刘寅,2021-07-03 02:17:43,13,13,0,刘寅老师课上的很扎实。“西方”中世纪史确实非常非常难讲，同畴不同质的东西真的很多，如果没概念的话可以类比一下如果有个“东方”“中世纪”史怎么讲——伊斯兰世界，印度，内亚，还有中华这个圈子，多吧！即使只讲西欧，再加上采用脉络相对松散的关键词索引结合的思路（而不是把大纲一条条列出来），也使人感到信息量十分庞大。可想而知把这样的课上好对老师的能力和素质要求都非常高，光他那课程大纲就能看出这门课编排的复杂程度。当然复杂的成分都由我们超绝可爱的刘寅老师内化了，交给我们的是更为生动容易理解的内容，结合幻灯片可以整理出比较清晰丰富的笔记。刘寅老师结合课程内容安排了史料研读，上课会组织大家讨论，并且开了一份含金量不低的书单，十分宝贵。如果有想往这个方向发展的同学真的可以好好把书单拿过来安排一下。只要课上的扎实，书读的进去，愿意花点时间写东西，即使不做展示，拿到90+甚至满绩是不难的，看看这平均绩点就知道了w
137352,6649,刘寅,2021-07-03 11:37:32,6,8,2,这辈子都没拿到过满绩 老师 谢谢你 我太谢谢你了 头发刚刚剪毁了 我想哭 但是看到成绩 我真的笑到打鸣啊 我还没做展示
146612,6649,刘寅,2022-01-07 05:14:04,8,8,0,全班绩点最低4.8
149149,6649,刘寅,2022-01-14 14:13:52,12,12,0,年少有为！！刘寅yyds！
149709,6649,刘寅,2022-01-16 14:02:33,6,7,1,课程：世界文明史\n\n打分：10/10\n\n优点：老师讲课超级好，非常有梗，人很可爱，还打仙剑！（上课还用游戏和电影举例子贯通了整个世界中世纪史，超强）\n\n缺点：没有缺点（确信.jpg）\n\n不会吹彩虹屁但老师人真得超好，讲课也超好，就是希望老师多开一点课5555
150897,6649,刘寅,2022-02-21 02:10:49,4,4,0,世界文明史的西方中世纪史，一开始感觉他挺无聊的一历史老师，之后发现好可爱！！讲的也挺有趣的！记忆尤深的是对着那个罗马建城传说的母狼雕像说：你看那个母狼笑得多慈祥
153616,6649,刘寅,2022-05-06 04:41:33,5,5,0,授课非常认真，讲的很有逻辑，是一位博学多识的老师。给的书单非常好
157471,6649,刘寅,2022-06-23 10:43:03,3,3,0,讲课非常好，学识渊博
159352,6649,刘寅,2022-07-14 09:04:29,3,4,1,刘寅老师yyds！历史学院里最喜欢的老师！
163331,6649,刘寅,2022-12-13 06:11:27,16,16,0,希望浙大的欧洲中世纪史研究越来越好！
163669,6649,刘寅,2022-12-16 02:28:31,6,6,0,真正的青年才俊
175873,6649,刘寅,2023-06-27 04:28:05,2,2,0,老师真的很优秀，讲课很有趣，给分也很不错
176322,6649,刘寅,2023-06-28 11:22:20,4,4,0,9/10\n\n上的世界古代中世纪史，老师讲课内容很详实，能学到很多东西，但有时过于详细，很繁杂琐碎，导致最后的中世纪内容讲的很少。老师很温和，给分也好，阳了还坚持线上教学。
177531,6649,刘寅,2023-07-03 15:17:10,7,7,0,刘寅老师，你的书单大大的好（称赞）
177650,6649,刘寅,2023-07-04 05:12:06,4,4,0,一个姗姗来迟的评价（。）（懒癌犯了！）\n\n刘寅老师有时候在课上忽悠小朋友吼（斜目），比如爱德华·吉本《罗马帝国衰亡史》里面说帝国后期两级分化严重，这是灭亡的一个原因；上世纪罗斯托夫采夫之类的学者已经证实帝国中间阶层没那么衰微（？）；又比如讲帝国的征税官是个不怎么好的职位（征不上税需要自掏腰包补空），看彼得布朗的书（还是刘寅老师翻译的，沉默）会发现这种描述又有点过于片面。\n\n当然一个介绍性质的课就不能要求太多了，所以与其说是讲得过多，不如说是讲得还不够多。（没错是想说学院排课不合理！）本来世界中世纪史这种大课，花一个短学期上完就很离谱，世界史史料研读也只排一个短学期，能读多少材料？！刘寅老师天天高速吟唱也念不完！（呵呵）\n\n写完感觉会掉码，无所谓，喜欢中世纪史的心是真诚的！祝刘寅老师和浙大中世纪史都越来越好\撒花/\撒花/\撒花花/！
180247,6649,刘寅,2023-09-20 18:24:43,-9,2,11,如果你半夜2:24还没睡，想必是在做老师的世界史史料研读作业吧🥹
181257,6649,刘寅,2023-10-12 11:06:18,8,8,0,想念刘寅老师的第一天……
181347,6649,刘寅,2023-10-15 12:23:55,4,4,0,大学第一门专业课满绩！！收获颇多，虽然老师总是在自嘲自己不会上课每次都讲不完自己准备的东西哈哈哈，世界史史料研读换这学期第二个老师了，想念刘寅…
181525,6649,刘寅,2023-10-21 06:12:38,2,2,0,神中神
189746,6649,刘寅,2024-01-28 07:50:27,3,3,0,刘寅老师知识渊博，为人亲切。讲起课来像大男孩，有股羞涩(经常向学生主动道歉)。PPT每节课后会发到群中，同时，老师的书单也很详细。
193480,6649,刘寅,2024-06-11 11:05:04,4,5,1,“这些内容就放到下次课再说吧（翻后面的PPT）···还有那么多内容？！我有点困惑···”\n\nwww那一天，刘老师回想起了被永远讲不完的内容支配的恐惧www
215618,6649,刘寅,2025-03-03 02:52:57,3,3,0,我要做刘寅宝宝的狗！！！
215619,6649,刘寅,2025-03-03 02:54:07,2,2,0,刘寅宝宝为什么不是100分呀！！！我要做刘寅的狗！刘寅，我是你的狗！！！！！
219889,6649,刘寅,2025-06-10 04:09:52,0,0,0,老师真的超级好！！！虽然上课有时候总是讲不完他规划的ppt（感觉老师是j人哈哈哈），然后语速会有点快，让我高强度摄入知识；但是都是很有意思很干货的内容啊！！老师长得帅人还好，助教老师也贼好，最后随堂考试也很捞（虽然熬夜复习了好久），平时要写阅读报告（有些文献蛮好玩的），拿了一个比较满意的分数！
156148,6668,杨琼,2022-06-18 03:04:59,5,5,0,我爱她！！
156243,6668,杨琼,2022-06-18 12:50:33,10,10,0,上的是古代文学史2，挂了郭昊老师的名字。上课很有条理，讲课听着非常愉快！期末给了很明确的范围，前面加了一些很耳熟能详的句子的默写，用来给大家提分。人美心善！
156253,6668,杨琼,2022-06-18 13:24:47,3,3,0,老师上课很有趣！人也很亲切～期末也在努力地捞我们！真的感动中国！！！😘😘😘😘😘😘
156288,6668,杨琼,2022-06-18 17:56:52,3,4,1,她好可爱！！！
156520,6668,杨琼,2022-06-20 07:01:32,3,3,0,杨琼老师真的超级超级超级好！本工科生跨专业上她的文学史2也一点都不吃力，感觉很轻松
162032,6668,杨琼,2022-11-16 06:50:35,2,2,0,杨老师的课拯救了在专业学习边缘挣扎的我。
164131,6668,杨琼,2022-12-18 09:17:34,8,8,0,超级亲和！上课也很有内容，认真备过课~非常真诚又可爱！太爱啦
164575,6668,杨琼,2022-12-22 03:22:40,4,4,0,杨琼姐姐真的又亲和又可爱给分超级好！！！选她觉得没错！！！
173612,6668,杨琼,2023-05-30 06:23:20,4,4,0,巨可爱的老师，很体贴学生，还会因为人有点少特意在群里发消息说我们欺负她（不可能！）问是不是都去看五月天演唱会了哈哈哈哈哈哈哈哈
174914,6668,杨琼,2023-06-19 16:44:06,3,3,0,不管成绩如何我都会给杨老师打10分。可爱、亲和，上课不会泛泛而谈，围绕文学史重视学生的基础，又会有大量作品支撑。不过最重要的是，杨老师是我见过最真诚最真诚的老师。
175722,6668,杨琼,2023-06-26 10:11:10,2,2,0,超级可爱的老师，上课很认真，给分也很好
175723,6668,杨琼,2023-06-26 10:13:32,2,2,0,老师人好，不点名，讲授内容通俗易懂，偏基础，考试范围比较小，基本就是考唐代。
175727,6668,杨琼,2023-06-26 10:21:24,2,2,0,谢谢老师一个学期以来为我们的付出！谢谢老师的捞捞！爱您♥️\n\n杨琼姐姐最可爱！
179705,6668,杨琼,2023-09-19 12:06:58,0,1,1,很开朗和善的一位老师。比较爱笑，课堂气氛很好。明确说过自己不会点名。不过既然是文学史，唐代可以不用讲那么细致，腾出时间给宋代，对唐宋文学全面涉及会比较好。这门课只能讲到唐代为止，最后一讲是宋诗。考试范围极其清晰，甚至在课上都告诉你会考什么题目了。总而言之，是一位相当不错的老师，有什么和她交流她都会很耐心地回复的。
183554,6668,杨琼,2023-11-27 10:10:18,0,0,0,好老师！
190703,6668,杨琼,2024-03-15 06:44:29,2,3,1,只上了三节课，但是我要来打一个10分。\n\n高中的时候特别喜欢语文课，从来不睡觉，因为语文老师上课很有激情、很有内容、很有趣、很真诚，上了大学选了汉语言文学专业，可是再也没在课堂上找到那种感觉，直到上到杨琼姐姐的课，老师会讲很多有趣的小故事，会跟我们互动（虽然我们很没文化），然后也很随和很真诚，真的很认真地再上每一节课。有时候我们总会说，因为学生不配合，所以老师干脆也不好好讲去念PPT，但其实从杨琼老师的课上我发现，教与学真的是一件相互的事情。上学期最讨厌的古代文学史，因为偶尔点名而不得不去，成为了这学期最爱的课。感谢yqjj。
196710,6668,杨琼,2024-07-05 01:33:37,4,4,0,杨琼姐姐我爱您！srtp的评委就是您，当时我感冒了嗓子不好一直道歉，您很温柔地笑着说没关系没关系。这学期上唐宋文学史，上课感觉特别舒服，跟您对视就很快乐！今年的卷子不知道为什么突然改成了晚唐趣味的（x）但在群里预告过侧重点会变，真的很好呀～最后，作为一个曾经深爱过唐宋文学但论文考证完全做不来的愚蠢的现当代文学人，我表示拿到96分真的特别开心！感谢杨琼姐姐❤️
196743,6668,杨琼,2024-07-05 02:55:59,0,0,0,满绩了，yqjj非常nice
196815,6668,杨琼,2024-07-05 09:11:33,0,0,0,命中注定的老婆啊啊啊啊大爱yqjj
197430,6668,杨琼,2024-07-15 02:42:11,1,1,0,姐姐超好，上课很认真，有时候也会幽默一下下，没有架子很亲和。考试都是上课讲过的东西，期末复习ＰＰＴ不会很差。谢谢杨琼姐姐给我大学以来第一个满绩呜呜呜呜呜，我不许任何人忤逆杨琼姐姐！！！
213598,6668,杨琼,2025-01-18 12:47:24,1,1,0,有幸上过杨老师的出土文献研究和古代文学史2，真的是受益匪浅。\n\n出土文献研究不在普通班的修读方案上，但着实是门不可多得的好课，很建议大家选来学习一下。最后的墓志笺注作业也很能锻炼大家查找整合文献资料的能力。强推。\n\n文学史真的是我春夏学期最爱的一节课hhh，杨老师的讲解非常清晰有趣，上课会举很多有趣的例子。课后有问题向老师请教时，老师超级热情友好，会给出很有建设性和创新性的建议（尊嘟超爱）。\n\n给分大家也不必担心，老师超级超级nice，会狠狠捞大家的！\n\n杨柳青青，瑶台琼榭，十里春风不如yqjj。
221028,6668,杨琼,2025-06-21 02:17:15,0,0,0,我将永远追随yqjj
221115,6668,杨琼,2025-06-21 10:10:12,0,0,0,伟大，无须多言
221246,6668,杨琼,2025-06-22 07:46:31,1,1,0,讲课很有条理，PPT很清晰，知识点全面。老师人也很可爱和善，期末考试只要好好复习，好好巩固老师上课的重点就不会太差。强推！
134404,6672,陈文丽,2021-03-26 14:39:22,0,0,0,哈哈哈哈哈哈哈哈哈哈哈哈哈哈哈哈哈哈哈哈哈哈哈哈哈哈哈哈哈哈哈哈哈哈哈哈哈哈哈哈哈哈哈哈哈哈哈哈哈哈哈哈哈哈哈哈哈哈哈哈哈哈哈哈哈哈哈哈哈哈哈哈哈哈哈哈哈哈哈哈哈哈哈哈哈哈哈哈哈哈哈哈哈哈哈哈哈哈哈哈哈哈哈哈哈哈哈哈哈哈哈哈哈哈哈哈哈哈哈哈哈哈哈哈哈哈哈哈哈哈
162593,6776,卢鹭,2022-11-27 06:09:33,0,4,4,为什么要让助教给分啊 助教知道卡绩点嘛 哎 老师是好老师
164237,6776,卢鹭,2022-12-19 14:01:42,6,7,1,lulu老师和助教cjjj都超级无敌温柔！！！！！每节课都被老师的气质打动呜呜
164681,6776,卢鹭,2022-12-23 08:41:51,8,9,1,老师有种古典美。对学生态度很包容很温柔，每节早八都会说“谢谢大家起了个大早来听我的课”，也不介意学生在课上吃早饭（虽然确实不太好），课上有时候会把学生称为“未来的学者”……
164979,6776,卢鹭,2022-12-28 07:42:08,4,4,0,老师人特别好！！讲课特别认真而且很体谅学生😭好温柔啊是个古典美女
165370,6776,卢鹭,2023-01-03 08:41:12,3,3,0,温柔，认真，严谨，细致，喜欢！
167717,6776,卢鹭,2023-01-18 14:36:08,4,4,0,老师对待学生真的很真诚啊，也很好说话
169012,6776,卢鹭,2023-02-24 03:38:50,3,3,0,老师是第一学期带课，教学技能上刚开始会不娴熟，也会比较紧张，但是我觉得老师调整地非常快，后期上课节奏还是比较舒服的。重要的是老师备课非常认真，拓展的知识很多样，私下里请教老师问题总是会得到很认真的回复，非常喜欢老师！最后功利的提一下，老师的给分不错
182561,6776,卢鹭,2023-11-17 13:12:09,1,2,1,先给美女老师10分！很喜欢她，她讲课节奏让我感觉很舒服，看回放的时候可以比较集中精力；作业不多，考核要求也很温柔很体贴学生🥺\n\n放个10分在这里，有在好好学古汉了，希望期末美女老师给个不错的分数🤤
183567,6776,卢鹭,2023-11-27 11:56:53,2,3,1,我为鹿鹿老师举大旗，我爱您，老师很有气质，很美，很体谅学生，付出了是有回报的，期中期末作业都有好好写，写的时候有点破防，最后给分超好（我不是本专业，误选了专业课）不说了，爱爱爱爱爱
186702,6776,卢鹭,2024-01-12 14:24:37,2,2,0,很善良，给分超好
186740,6776,卢鹭,2024-01-13 01:28:42,2,2,0,人美心善给分好，可冲。讲课也很清楚！！
187929,6776,卢鹭,2024-01-18 00:13:24,3,3,0,露露大美女给分很好的！我都不敢相信自己古汉2能有这个分数\n\n而且我感觉她声音很好听 上课节奏很舒服，复习起来不费劲。智云回放没了的她也都会主动发PPT，很体贴的好老师。
188065,6776,卢鹭,2024-01-18 06:28:10,2,2,0,佛经课 事少分好 老师很美
198586,6776,卢鹭,2024-09-10 05:38:10,2,3,1,卢鹭老师是我生命里的一束光！
201351,6776,卢鹭,2024-11-01 04:17:08,1,1,0,老师太好了
203926,6776,卢鹭,2024-11-22 05:11:36,2,2,0,跨专业选的中古汉译文献导读，作业只有一篇翻译一篇题解，事少分高，而且老师超级超级温柔，甚至会为下雨上早八跟同学道歉（啊啊啊老师），讲课很清晰，不催眠，真的是来浙大以后遇见的很好的老师
204679,6776,卢鹭,2024-11-27 09:59:08,0,0,0,佛经课，老师一步步讲授，文献零基础也能入门，学底扎实准备充分，课堂氛围轻松温暖，给分极好
210298,6776,卢鹭,2025-01-09 01:11:31,0,1,1,怎么会有这么美丽善良的老师！
217356,6776,卢鹭,2025-04-09 03:04:14,0,0,0,挺好的。
141298,6859,胡秋妍,2021-09-29 03:22:20,0,0,0,绝绝子，又有才又好看，上课我一节课都不想翘
217409,6876,周善东,2025-04-10 02:59:18,0,0,0,刚调来数学科学学院就搞出将学生前百分之三十的成绩开成前百分之五十这种笑话，并且在学生再三拿出红头盖章文件下发生某三流ai（甚至不是kimi豆包ds这种稍微有点名气的）生成的内容给学生解释，能力之差闻所未闻，并且态度傲慢至极，200字的word文档能在学生消息秒回的情况下拖这么多天不办，并且永远10点上班，号称4点半下班，不知道是送了多少钱还是有多大的关系能空降数学科学学院教育教学副主任这一实权副科级\n\n\n\n以上评论针对原哲学学院教学秘书周善东，其本人于2024年11月左右调任数学科学学院，是哪位领导作保来数学科学学院当跳板，恶心至极\n\n也不用来开盒本人，已经毕业\n\n喜欢吞评论是吧，你最好一直保持这种作风，多半逼急第二个学生跟你爆了，那时候老子实名举报你
159645,6944,周妍,2022-08-22 12:53:47,6,6,0,非常温柔
160844,6944,周妍,2022-10-17 05:37:34,2,2,0,周妍老师很温柔！
162180,6944,周妍,2022-11-17 10:57:05,2,2,0,周老师人很好
163626,6944,周妍,2022-12-26 11:11:54,1,1,0,为周老师狠狠打call
163664,6944,周妍,2022-12-16 02:40:49,2,2,0,非常好的周老师
164638,6944,周妍,2022-12-22 11:15:11,2,2,0,东亚历史与文化来的，很温柔
167374,6944,周妍,2023-01-15 17:03:15,0,0,0,很温柔哦
172391,6944,周妍,2023-04-26 03:26:24,0,1,1,周妍老师人特别好
189762,6944,周妍,2024-01-28 13:08:05,0,0,0,周老师备课很认真，人也很好，材料选择与整个课程主题的确定也很适合学习。对日本历史文化感兴趣的话收获会更大。
190218,6944,周妍,2024-02-26 04:23:00,4,4,0,她能不能多开点课~
207948,6944,周妍,2024-12-25 04:22:46,0,0,0,上过一次世界文明史H，为人不错，讲的有水平
208105,6944,周妍,2024-12-25 15:19:23,1,1,0,今天周妍老师的东亚历史与文化结课，当老师最后寄语的时候，让我们走出教室的那一刻，心中竟然涌现怅然若失的感觉。就像是看完一本爱不释手的小说，告别一个认识多年的好友。老师真的就是那种文质彬彬，温文尔雅，然后对小组作业也是鼓励式的评价，上课也非常生动有趣。是我来浙大第一年最喜欢的老师了。这门课基本没作业，只有几个小组作业，其实很快就能做完，非常轻松但也真的能学到很多东西。
211024,6944,周妍,2025-01-10 10:55:42,0,0,0,周老师特别温柔，上课鼓励发言，上她的东亚历史与文化体验感很棒！
211108,6944,周妍,2025-01-10 17:55:47,0,0,0,温柔的老师上课好幸福＞＜东亚历史与文化给分不错 平时讲课也很有意思✓
211266,6944,周妍,2025-01-11 05:51:28,1,1,0,老师很温柔，讲课也挺好的\n\n上的东亚历史文化，给分也很好，爱了
149996,7105,Horiuchi Toshio,2022-01-18 08:43:57,1,1,0,emmmm挺一般吧。。。
162030,7105,Horiuchi Toshio,2022-11-16 06:47:55,0,0,0,emmm...
165288,7105,Horiuchi Toshio,2022-12-31 04:08:01,0,0,0,老师对待每次课非常认真，能学到很多东西，能让人对印度哲学产生很大兴趣。日式英语听久了也就习惯了哈哈哈哈
122383,7405,罗帅,2020-02-26 03:10:09,3,7,4,很可爱的老师～胖胖的，讲世界文明史的中国古代史也挺有趣的
122736,7405,罗帅,2020-03-27 04:42:34,6,12,6,罗帅老师好可爱，不知道为啥前排说他胖，我觉得明明就是个萌萌的小男孩～讲课超级认真，人也特别温柔，最后一节课的时候和我们告别我还偷偷哭了，真的很喜欢老师，讲的内容是很用心准备的，就算课程安排紧张也坚持多补充内容安排了答疑课…世界文明史并没有上4.5但是是我自己的问题，老师是10分的！
123471,7405,罗帅,2020-06-09 05:18:30,0,2,2,很棒哦
128272,7405,罗帅,2020-12-16 01:54:47,11,13,2,（世界文明史）讲课内容中规中矩，讲课方式究极无聊。本来是因为上课的人太多所以把教室安排在蒙明伟楼，但罗老师讲了三周之后线下听课人数以肉眼可见的速度下滑——不是不想听，是真的太沉闷了顶不住。虽说历史课学科性质不容易普遍调动大家的兴趣，但是听着听着就感觉即使我不想水老师的课，老师讲的东西与语气分明是在水我。希望罗老师能改进一下授课方式，现在的课真的是平平无奇且究极适合睡觉(＠￣ー￣＠)。
129001,7405,罗帅,2020-12-28 07:59:12,7,8,1,是有点沉闷得抵不住
129926,7405,罗帅,2021-01-13 14:42:20,0,1,1,怎么说呢
137086,7405,罗帅,2021-06-30 15:42:37,-1,1,2,老师人很好。希望以后能上他的课，会端正态度更用心
138375,7405,罗帅,2021-07-08 23:06:51,3,5,2,上课很认真，分数有些莫名其妙地低……
145066,7405,罗帅,2021-12-27 10:44:30,2,2,0,老师人很认真可爱
147025,7405,罗帅,2022-01-08 12:55:42,1,1,0,挺好的。
148488,7405,罗帅,2022-01-12 16:05:12,2,2,0,老师人好!
148503,7405,罗帅,2022-01-12 17:07:44,2,2,0,老师人很好，期末还给划范围，讲课也很细致耐心
148557,7405,罗帅,2022-01-13 01:14:50,2,5,3,老师人超级好，我们的这次考试是闭卷，在考前把要考的东西告诉我们了，只管背就好，真的超级好，上课也很有趣，老师还很腼腆，容易害羞
148659,7405,罗帅,2022-01-13 06:41:49,1,1,0,挺好的。。。
149534,7405,罗帅,2022-01-16 01:47:48,1,2,1,老实人很好，讲的东西很多，期末考试也不难
149714,7405,罗帅,2022-01-16 14:06:24,3,5,2,课程：世界文明史\n\n打分：7/10\n\n优点：老师人很好\n\n缺点：老师讲课是真的沉闷，就是说不是有意想不听，但不划水我真的撑不住了（手动狗头）；还有，他说要点名回答问题，他一次都没点过！这不是溜人吗（生气）\n\n今年世界文明史考试改成闭卷考，但是老师把题目和PPT都发出来了，所以只要无脑背诵就可以，还是可以冲一冲的。
150899,7405,罗帅,2022-02-21 02:20:02,3,3,0,世界文明史的中国古代史，一般般，讲的挺好但是没什么亮点，不过人可爱，人好，期末范围给的很精准😻
154981,7405,罗帅,2022-06-07 08:19:41,1,3,2,老师人真的很好很可爱也很体谅学生，但是上课真的让人很容易走神（怪我呜呜），最后一两节课会划重点！记得来orz
166276,7405,罗帅,2023-01-11 15:38:12,5,7,2,罗老师教的是中国史部分，人挺好的，就是上课有点让人顶不住。22年冬学期前半段时间线下上课，我无数次都快睡着了，坐第一排都挡不住睡意。后半段时间疫情改线上上课了，就直接开摆。虽然很惭愧课听得不认真，但还是感谢您！没有发言和小组讨论的中国史部分是真的好！
167823,7405,罗帅,2023-01-19 08:59:29,0,2,2,老师人很好，会解答你一切问题，给分也还行，但是上课是真的无聊
183502,7405,罗帅,2023-11-27 02:15:49,2,5,3,世界文明史没有世界没有文明只有shi。上课bi事一堆，给分随心所欲，能跑就跑吧。
192852,7405,罗帅,2024-05-31 04:05:28,1,2,1,老师真的很好很好哇！！特别为我们着想，给我们最大限度减轻压力了呜呜
205208,7405,罗帅,2024-12-03 02:03:33,0,1,1,超级好！
205706,7405,罗帅,2024-12-11 11:15:29,7,7,0,【世界文明史】老师上的是中国史板块，感觉和历史学院其他老师还是有差距的，\n\n上课云里雾里，至今还记得在课上问有没有山西同学无人回应而小发雷霆，\n\n不过事情很少，给分很迷
205865,7405,罗帅,2024-12-12 11:17:52,3,3,0,（世界文明史）其实挺同意楼下说的……相比世界史部分的老师来说，课讲的比较一般，念PPT成分偏多，上课几周之后到班人数肉眼可见的少（尤其是早八那节）。但是事确实少，原来选课的时候排了考试，但是上了一半告诉我们其实没考试，交读论文报告就行了，后来报告又从三篇缩到两篇，并且每篇1000往上＋引用5篇论文就可以了。个人感觉PPT里面最有用的是推荐阅读的专著（虽然目前一本没读）和一些提问、思考方向，有不少内容高中历史其实多多少少学过（世界史部分新内容就很多，当然也有初高中历史课本其实不怎么注重世界古代史的原因），就这点来说其实听课不如看他发的PPT效率高（个人意见）（叠甲）
206981,7405,罗帅,2024-12-19 02:24:27,0,1,1,上课中规中矩吧，就是念ppt。但是事确实挺少的，就两篇阅读讨论1000字以上引用五篇论文，而且交的纸质版，感觉能水的空间更大了…最棒的是没有期末考试，水课更加肆无忌惮了（不\n\n基本不点名，但有次旷了早八偏偏就点名了，不是数字或者雷达，就是报名字喊到那种，教室又小根本无处可逃…还好那次没报我侥幸逃过一劫。这种朴素的点名方式真的…太难顶了
208004,7405,罗帅,2024-12-25 07:46:31,0,0,0,罗老师人是很好的，就是讲课真的有点无聊😭\n\n一次纸质点名，事也不多。给分还不知道。
208498,7405,罗帅,2024-12-28 12:15:38,1,1,0,老师上课基本上是念ppt。个人感觉上课很无聊，但老师安排的任务很少，也没有讨论和发言环节，选他的课还是很轻松愉快的。
209052,7405,罗帅,2025-01-04 09:52:26,0,0,0,世界文明史有一次早八点过名，还是抽着点的。不过就一次。事情不是很多，两篇一千字的。不过老师讲的是中国的文明史，有点无聊，有很多高中的知识。
209416,7405,罗帅,2025-01-06 02:30:30,0,0,0,老师讲课是会有点无聊的。不过人还是不错的，感谢捞捞😭😭😭
221117,7405,罗帅,2025-06-21 10:28:45,0,0,0,知识渊博、很温柔、人很好
126025,7668,楼巍,2020-09-16 15:05:35,-74,7,81,贼傻逼了 还没开始学就让我提出自己的关于本体与现象的观点 我要提得出我还来学呢 写他的作业跟在吃屎一样 提前布置一周的作业 就好像我会做一样的
126710,7668,楼巍,2020-10-15 00:01:47,9,12,3,非常好的老师，哲学问题课的干货很多，非常有意思。
126931,7668,楼巍,2020-10-28 12:17:53,16,20,4,楼小巍老师的“讨论课”是我目前在zju上过最有质量的讨论课！讲解课也没有陷入“西方哲学史”的窠臼，真的是以“问题”为线索在讲“哲学”。不愧为80后的哲学教授。（我也喜欢长得好看的维特根斯坦////
126948,7668,楼巍,2020-10-29 08:11:18,5,7,2,楼小巍老师很有亲和力，讲的内容也很有趣~
127043,7668,楼巍,2020-11-04 06:07:30,3,4,1,课很有趣噢
127044,7668,楼巍,2020-11-04 06:07:47,3,4,1,老师上课很有趣
127049,7668,楼巍,2020-11-04 08:51:17,4,6,2,楼巍老师真的很好！上课很喜欢笑 说着说着就自己笑起来 讲解的哲学很浪漫 有点点文学的味道（我觉得哈）很好！！！
127064,7668,楼巍,2020-11-04 15:45:15,-19,9,28,就喜欢吹捧他的学生 那些学生明明学的汉语言 一定要说自己爱哲学
127129,7668,楼巍,2020-11-09 12:32:40,8,8,0,讲课超有趣，喜欢那个杠精和超时空对话。
131345,7668,楼巍,2021-01-27 07:05:21,4,4,0,爱了 永远的男神
131847,7668,楼巍,2021-01-29 06:15:10,13,14,1,为楼老师打call！上课讲的很清晰，很耐心地解答同学们的问题，全程不想开小差。讨论课非常非常有氛围，不用担心会讲错，感觉大家都真的在认真地讨论问题而不是刷分。点名嘛就点了两三次，但是并不会计入最后的分数，老师主要是为了和大家熟悉一下。哦这门课的成绩是平时表现（讨论课发言）加考试，考前会告诉考试题目，还会答疑（哈哈哈当然是和题目无关的疑问）。老师敬业又可爱，已经尽可能给我们最好的分数啦！另外，表白助教小姐姐！太漂亮了叭呜呜呜
132321,7668,楼巍,2021-01-31 17:32:55,5,5,0,老师讲课很有意思，就算完全没接触过哲学也能听懂，给分挺好的。
132988,7668,楼巍,2021-02-06 01:26:53,6,7,1,宝藏老师
141559,7668,楼巍,2021-10-14 12:47:46,7,7,0,一个卖风干牛肉的！暴雨天在群里跟大家说迟到也没关系，学习哲学就是为了更好地理解他人和自己。哲学问题的讨论课氛围超级好！老师讲课有趣又易懂，很喜欢！
145193,7668,楼巍,2021-12-28 06:36:54,3,3,0,超级棒的哲学老师
149318,7668,楼巍,2022-01-15 05:34:28,7,7,0,楼老师超级好！！！讲的课干货满满，真的提供了不同点思考方式！助教小姐姐也超级好呜呜呜，老师给分也好！！！
164417,7668,楼巍,2022-12-21 02:22:20,5,5,0,老师很温柔！上课充实，给分也很宽
174554,7668,楼巍,2023-06-14 04:21:02,8,8,0,上课超级有趣，外专业选了西哲史，讲得非常清楚！不过我不太自信所以讨论课一次也没有上去pre过www同班的同学都好厉害！！老师第一节课就说这门课希望给大家搭建一个哲学的框架，真的感觉有学到系统性的知识，非常值得。期末考提前告诉了考试范围，复习起来很轻松。
185312,7668,楼巍,2023-12-27 20:15:20,2,3,1,楼老师永远的男神，因为他爱上哲学~
194499,7668,楼巍,2024-06-24 07:46:41,3,3,0,可爱捏
195466,7668,楼巍,2024-06-28 07:20:23,5,5,0,谢谢巍哥！！！西方哲学史1讲得很有意思，虽说要小组展示2-3次，但只要认真准备，都不会很难。巍哥还会给咱很丰富、很多元的补充资料。期末考试也还好，认真准备的话一定会收获满满地！一言以蔽之，冲就是啦！！！！！！
198109,7668,楼巍,2024-08-30 16:39:32,0,0,0,超级好
199148,7668,楼巍,2024-09-18 07:31:06,0,0,0,喜欢哲学
128282,7695,白惠仁,2020-12-16 07:19:57,8,23,15,他好可爱！！！！
133191,7695,白惠仁,2021-02-15 14:59:56,18,29,11,实实在在，干货
135727,7695,白惠仁,2021-05-21 05:50:00,9,13,4,可爱！男神！
136235,7695,白惠仁,2021-06-20 10:50:19,8,14,6,白老师是我的人间理想！\n\n温柔善良学术渊博，希望有机会做他的学生，希望所有学生都喜欢他！当然我是第一迷妹不接受反驳❤️
136382,7695,白惠仁,2021-06-17 08:23:54,3,8,5,超好的老师！虽然没有上过他的课但是非常有幸他是我大一的班主任。
136502,7695,白惠仁,2021-06-19 11:46:33,3,7,4,超级好的班主任～qwq
136503,7695,白惠仁,2021-06-19 11:46:50,4,7,3,超级好
136556,7695,白惠仁,2021-06-21 04:25:31,6,8,2,可可爱爱，都选他!
136827,7695,白惠仁,2021-06-25 07:29:47,8,9,1,很好的老师
140373,7695,白惠仁,2021-09-10 07:03:47,7,8,1,好好好好
142541,7695,白惠仁,2021-11-13 00:56:03,3,5,2,反正就是炒鸡喜欢哈哈哈哈哈哈哈哈，男神！
151115,7695,白惠仁,2022-02-23 06:27:02,3,4,1,非常好的老师
151118,7695,白惠仁,2022-02-23 07:35:55,2,5,3,老师太棒了！是年轻学者的样子！
152310,7695,白惠仁,2022-04-03 03:22:39,4,7,3,好老师，我的班主任，真的站在学生这边，为学生考虑
153870,7695,白惠仁,2022-05-14 13:32:45,3,5,2,真的好老师！
160169,7695,白惠仁,2022-09-14 06:14:39,5,6,1,上课求生欲拉满
161047,7695,白惠仁,2022-10-25 02:06:19,3,3,0,满昏！
161303,7695,白惠仁,2022-11-04 03:05:08,3,3,0,讲得好，事情少
165478,7695,白惠仁,2023-01-07 01:40:47,4,7,3,上的哲学专业导学课，我一个学历史的坚持听了，但是最后报告是我一个人写的，没有按照小组形式，给分低了
170901,7695,白惠仁,2023-03-11 15:44:10,-9,13,22,上课网课 学生问个问题打弹幕就说别人浪费时间 很无语 自然辩证法 虽然没有钱可以拿 但也不至于上得这么水吧 一开始还信誓旦旦说要上成一门通识课 最后整门课下来其实讲的都是些cliche 很冠冕堂皇听了想睡觉的东西 哲学方面的真的没讲多少 展示他的作用是什么呢？好歹每组展示完评论一下吧 他最后说回去把我们展示视频回放一下再评分 合着就是没有听咯…态度并不好 问个问题真的求生欲拉满 一再强调叫学生别问那么多问题了第一遍讲过了就好了
172327,7695,白惠仁,2023-04-25 05:32:13,3,5,2,老师可爱捏
173397,7695,白惠仁,2023-05-23 05:36:16,8,11,3,老师人很好，上课认真也不无聊，听学生建议，上课不点名，也没作业，结果就是来上课的人越来越少，今天只来了三个人，老师全程低着头讲。理解大家很忙，但还是有点难过
174813,7695,白惠仁,2023-06-18 11:10:22,2,4,2,老师真的太可爱了，好评!
177113,7695,白惠仁,2023-07-01 17:24:44,-1,5,6,事少分低
215694,7695,白惠仁,2025-03-04 08:59:56,3,3,0,研究生自然辩证法，本来打算下午看篇论文马上要组会了，因为老师讲课太有趣听的津津有味 一点看不进去论文🤣
121807,7783,仲瑶,2020-01-22 03:12:23,2,4,2,有内容，有情感，有态度
122219,7783,仲瑶,2020-02-20 05:15:59,13,13,0,记得老师有一次还说让我们不要太在意绩点
122305,7783,仲瑶,2020-02-24 01:12:43,5,5,0,emmm应该是新来的老师？字很好看，人比较温柔。作业和考试就是几次论文，评价标准也很公正。
122381,7783,仲瑶,2020-02-26 03:08:20,2,3,1,选修课有幸选上了老师的中国文学名家名作。讲课很有趣生动，老师会用一些现代的网络语言帮助我们理解古代作品。期中期末各一篇小论文，课业压力不大。一个学期下来接触了很多中国古代的文学作品，感觉真的很拓宽自己的视野。
122576,7783,仲瑶,2020-03-05 00:05:36,1,1,0,老师人挺好的，就算有事没有按时交上作业也会尽量提供方便，普通话也挺好的
123855,7783,仲瑶,2020-06-15 03:52:40,6,6,0,老师很温柔人很好，对于绩点的看法让人感觉醍醐灌顶哈哈哈哈
129449,7783,仲瑶,2021-01-05 12:45:29,9,11,2,上完古代文学史，老师以风神情韵胜，不以矩镬胜。\n\n就是上课真的能感受到那种文学的气息，把你引入境界，带你欣赏。但是期末考试自己做特别清晰的线性梳理就很累了。。。。需要多看课本。。。。
129668,7783,仲瑶,2021-01-10 12:19:03,7,7,0,仲姐姐不错的，讲课很丰富，也不点名，给分比较严格
131754,7783,仲瑶,2021-01-28 17:40:08,0,1,1,仲瑶老师讲课非常有感染力，给分也好，考试的话还是要在课后多花功夫，课堂主要是在作家作品的世界里遨游。
133608,7783,仲瑶,2021-03-03 00:29:43,-1,1,2,温柔人好\n\n讲课水平中上，给分优秀
140173,7783,仲瑶,2021-09-02 08:38:40,1,2,1,很喜欢老师的授课方式，一学期之后真的很有收获！ps上课一般不点名（会有课堂随机提问，不过次数很少）
141388,7783,仲瑶,2021-10-05 08:48:43,21,25,4,中国古代文学史1，老师人还可以，但是不得不说，课件标题极度混乱，讲课有章法但是由于课件过于混乱个人难以有体系化的知识思路，感觉大部分人也只是自以为懂了而已
141834,7783,仲瑶,2021-10-27 08:31:27,5,7,2,总之吧，就算过去睡觉也不要翘课
143178,7783,仲瑶,2021-11-20 17:33:43,-1,4,5,老师是清冷美丽的姐姐，我很爱。\n\n还是忍不住，有些人是不是有什么大？
143179,7783,仲瑶,2021-11-21 00:25:28,2,3,1,老师很认真，但上课略显滞涩（可能部分也是由文论本身的特性决定的吧），如果能多一些技巧，减缓一下语速就好了。
143263,7783,仲瑶,2021-11-22 14:58:45,1,2,1,只点了一次
148283,7783,仲瑶,2022-01-12 05:04:54,4,5,1,老师知识渊博 虽然上课语气有点平淡如水 但可以看到老师有趣的灵魂 付出一定有收获
148303,7783,仲瑶,2022-01-12 05:59:52,-1,0,1,老师很温柔，上课也很棒，虽然我没怎么听课但是不影响我对老师的喜欢哈哈
148473,7783,仲瑶,2022-01-12 15:10:28,1,3,2,给分有点失望
153465,7783,仲瑶,2022-04-30 14:00:02,1,2,1,认真负责的老师
153466,7783,仲瑶,2022-04-30 14:03:41,5,6,1,古代文学史1。\n\n我真的好喜欢仲瑶姐姐！平心而论对这门课没兴趣的同学学起来可能会有点痛苦，因为老师语速比较快而且考试复习内容很多。但是老师真的是一位非常有气质非常有想法的老师，她给我一种专心学术、优雅从容的感觉。私下有疑惑去请教，老师也非常耐心，并且会反复强调多读原典。跟着老师好好学的话，一定会很有收获的。
160474,7783,仲瑶,2022-09-23 11:50:56,3,4,1,一年前听了仲瑶女神的古代文学史Ⅰ，现在上她的中国古代文论。感觉老师讲课讲得比以前更有条理更清晰了，更加注重与同学们的简单的互动，偶尔说出一些让人忍俊不禁的话语。很爱她！
160936,7783,仲瑶,2022-10-20 08:01:44,0,1,1,老师真的好萌，喜欢
162729,7783,仲瑶,2022-12-05 09:58:43,3,4,1,20秋，超喜欢zy姐姐的文论课有一种醍醐灌顶的感觉，虽然已经上完很久了还是念念不忘！
163586,7783,仲瑶,2022-12-15 12:17:47,3,4,1,温柔敦厚，真君子也。\n\n表白仲瑶姐姐😘🥰
167938,7783,仲瑶,2023-01-20 14:30:33,5,5,0,古代文学史1。老师真的很好啊，就是一心希望学生能多读几本书。最后临近考试有同学一直一直追着问老师考试范围，老师都一再让步，就这样，还有人去申请开卷考试。相信上了这门课的同学都能感受到老师的失望和愤怒吧，希望之后选课的同学不要再伤害老师了，一心好好读书的同学尽管选zy老师，奔着绩点去的勿入此门。zy：“决定你们一生成就的不是这门课的绩点，也不是你最后能不能保上研。”\n\n读原典，读原典，读原典，别辜负老师。
167988,7783,仲瑶,2023-01-21 07:43:28,3,3,0,非常认真负责的好老师。上课也认真，对学生态度也负责，就是PPT知识点排列有点混乱\n\n我这学期是认真读了四本原典的，虽然每本读的都不太多，但是坚持每天读几页，应该说有一定收获，自己读完也有感想。\n\n给分的话我这里给分确实比较求是，还卡了orz 但是想想收获也并不一定要体现在绩点上，而且虽然比较求是，仲瑶姐姐应该也是捞过的，分数不能算低。
184745,7783,仲瑶,2023-12-22 11:54:57,1,2,1,古代文论，选修里绝对的好课，zy姐姐备课很用心。如果对美学、哲学、文论感兴趣真的不要错过！
187685,7783,仲瑶,2024-01-17 06:34:46,1,2,1,我爱仲瑶老师，感谢她让我爱上了汉乐府
189083,7783,仲瑶,2024-01-21 15:26:50,0,1,1,古代文学史1 对这一段文学史其实没什么感觉 但还是不影响我爱仲瑶姐姐 以及按老师的要求认真读原典一定会有收获 最直观的一点就是现在阅读繁体竖排感觉没有太大障碍了 姐姐还没有出分那就顺便求个捞捞吧～
193082,7783,仲瑶,2024-06-03 09:55:40,8,11,3,报！zyjj上恋与深空了，在恋与深空b站号搜楚辞九歌就能看到
200392,7783,仲瑶,2024-10-16 13:40:06,4,5,1,姐姐你作业好多，四篇纯手写读书报告接近两万字，一个汉语言学生碎掉了
202798,7783,仲瑶,2024-11-14 12:14:39,2,5,3,zyjj是掌管魏晋文学的神！听完文论课有一种羽化登仙的心灵升华的感觉（非贬义），好像真的在无意义的忙碌中抓住了什么关于文学之美的缥缈的东西。而且zyjj是真的在试图教大家怎么写文献综述，从这里也可以看出老师授课（古文史1、文论）是有自己的一套培养体系的，有种想叫妈妈的安心感……
206664,7783,仲瑶,2024-12-17 04:00:02,4,4,0,古文史，感觉老师想讲很多，导致ppt有点乱，体系框架不是特别明显
211975,7783,仲瑶,2025-01-13 03:15:06,-1,5,6,女神。无须多言，古文史的神，一学期四篇读书笔记（但是格式不限，字数要求每篇3000-5000，只要体现读了书就好）+期末闭卷考，和历年卷重复度很高，认真复习就能拿到满意的成绩。
212337,7783,仲瑶,2025-01-14 01:42:13,8,10,2,今年给分怎么变烂了zyjj呜呜呜
212380,7783,仲瑶,2025-01-14 02:36:33,0,4,4,我将永远追随zyjj
212620,7783,仲瑶,2025-01-14 09:45:23,-3,3,6,特别有文学气息的一个老师，上课很温柔，大爱zy姐姐！ps：古代文学史只要认真做平时作业，考试好好复习，最后结果不会太差
212717,7783,仲瑶,2025-01-14 14:30:58,6,6,0,很温柔的老师，上课还行，平铺直述，虽然没有太多有趣之处但是贵在能把知识点都讲清楚，我觉得已经胜过你院不少老师了，认真听完并复习能对古代文学史有一个比较清晰的框架建构，总体学习体验还是很满意的。\n\n事情少，要求读四篇专著并每篇写两到五千字的读书笔记，任务量不算重，而且阅读专著我认为也是这门课的学习中不可或缺的一环。\n\n今年给分说实话很一般，比我想象中低很多。但是考试确实不难，无话可说，我觉得大多数同学只要认真复习了都能答的差不多。
212954,7783,仲瑶,2025-01-15 10:31:20,0,4,4,zyjj我会永远追随你的呜呜呜呜呜呜呜
213716,7783,仲瑶,2025-01-19 08:46:55,0,2,2,老师上课比较平铺直叙，娓娓道来，可能框架不是很清晰导致大家复习备考时抓不住重点，但是我觉得对于文学史学习来说这种大量原文的讲解也是一种学习的方式，至少对后续文学学习是有益的深入的。期末考试基本上也是古代文学史公认的一些重点，如果单纯为了考试，找一些网络上的总结资料就能覆盖到，但是对于汉语言本专业的同学来说肯定不推荐这种方式。zyjj人很好很和善，发邮件询问转专业相关的问题解答也很耐心，希望zyjj工作顺利生活愉快～
217350,7783,仲瑶,2025-04-09 02:49:26,1,1,0,她是个水准线吧，没说她讲的不好的意思，只是觉得大学老师起码应该这样。
184037,7830,SHAO KAI TSENG,2023-12-07 03:01:51,4,5,1,我上的是海宁校区PHIL206早期现代哲学这门课。曾老师给分很好，口语很好，讲课也很好，可惜精力有限没认真听。课上有时会给我们唱课程内容相关的歌，可以听出来老师的美声功底很好。课上有时会把他和他老婆的甜蜜生活当作事例，也会讲他放弃物理转学哲学的经历，搭配PHYS214这门玄之又玄的量子物理课，感觉要不相信科学的存在了。
187757,7830,SHAO KAI TSENG,2024-01-17 10:01:45,2,2,0,讲课非常认真细致，有很多例子穿插，生动且易于理解！给分超好！
187758,7830,SHAO KAI TSENG,2024-01-17 10:02:39,2,2,0,英语发音标准，讲课认真，学识渊博，期末疯狂捞人，强烈推荐选他的课！特别是对哲学感兴趣的！
128429,7937,马迎辉,2020-12-23 02:23:48,11,15,4,完全听不懂
128452,7937,马迎辉,2020-12-23 09:18:13,24,28,4,老师上课很不错
128622,7937,马迎辉,2021-01-11 09:12:13,-33,8,41,垃圾。
129091,7937,马迎辉,2021-01-06 07:12:50,5,8,3,大类讲的太深了
129334,7937,马迎辉,2021-01-04 08:45:18,2,6,4,老师人很随和且真诚。会告诉我们要寻求“和前人平等对话，并追求发出自己的声音”。大类课讲得挺有难度的，但听着有头脑风暴的感觉，很快乐！
129492,7937,马迎辉,2021-01-06 08:06:19,9,12,3,讲的很跳脱，但感觉开启了新世界的大门
129495,7937,马迎辉,2021-01-06 08:46:52,5,7,2,老师讲得有一定难度，认真听讲 尝试思考 会有收获。没有深度或许就失去了哲学课的乐趣。
130195,7937,马迎辉,2021-01-19 01:41:37,7,9,2,作为大类课的哲学问题似乎有点太深了，老师人还是很好的
130208,7937,马迎辉,2021-01-19 04:28:27,2,4,2,老师上课讲的很有深度，会带领我们思考，讲课幽默风趣
130210,7937,马迎辉,2021-01-19 04:29:46,2,4,2,老师好帅我好爱
130794,7937,马迎辉,2021-01-24 14:59:12,13,24,11,上的马老师的哲学问题。没有哲学基础的同学能换还是换预置课表吧，确实讲的不太能听懂。我不否认马老师的水平，和他幽默风趣。可惜我光记住他的笑话了，内容真的是完全听不懂。到现在我觉得什么也没学到，而且对哲学产生厌恶情绪。\n\n老师上课不用ppt板书也没什么条理，上课内容也缺少体系，经常是老师想到哪里讲到哪。而且用的大部分都是哲学专业术语，过了就是过了。认真听一节课下来我脑壳都疼，或许是我太菜了吧🌿每次上哲学问题课我都感觉很煎熬。\n\n对不起给老师打了很低的分\n\n可是对于我来说确实什么都没有学到，非常伤心。也许是我个人的原因吧。现在期末了，人很焦虑，论文🈚️头绪，复习也是全靠背和自学。\n\n期末评分方式是展示+论文+期末考试
131400,7937,马迎辉,2021-01-28 07:06:00,-28,6,34,垃圾。
132859,7937,马迎辉,2021-02-04 08:00:57,1,3,2,老师可能蛮有思想的，但我真的是有点无语。我真的很好在复习，虽然平时听不太懂。感觉真的也付出不少，但我室友都4+很轻松，甚至有的朋友蛮轻松的就4.8。我们这个努力之后3分多，一个哲学问题给我差出一分多真的有点迷。而且实话实说，我也真不一定没隔壁班的付出的多。建议可以的话换一个老师吧，分有点难看。
132866,7937,马迎辉,2021-02-04 08:41:16,4,5,1,老师人很有意思\n\n但是上课讲的过于意识流 很有深度 对于入门选手感觉太深奥了听不太懂😭\n\n给分好像相对其他老师偏低一些
132982,7937,马迎辉,2021-02-05 18:01:08,10,12,2,1.讲的的确很深\n\n2.人很幽默风趣\n\n3.期末考试考的都是讲过的东西，结合教材其实可以做\n\n4.说老师给分不好的建议先想想真的认真听课了吗，划重点，听课
132998,7937,马迎辉,2021-02-06 04:53:31,0,2,2,老师讲课有趣但没条理，讲的也很深，考试也挺难，总之困难
133033,7937,马迎辉,2021-02-06 17:21:25,10,12,2,原著课，老师很有想法也很有幽默感，认真听可以学到很多，给分其实不错的，论文要用心写
133076,7937,马迎辉,2021-02-07 13:12:18,-4,9,13,感觉上课确实很有难度，但是还是有收获的\n\n最后考试在复习的过程中学到了很多\n\n考试复习对着笔记和书本整理了很久，理解加背\n\n说老师给分不好的你们真的有你们所说的那么努力吗？\n\n最后4.8，我觉得是值的\n\n老师很棒！
133105,7937,马迎辉,2021-02-08 08:40:00,-30,5,35,真•垃圾玩意儿
133279,7937,马迎辉,2021-02-23 11:31:09,14,16,2,客观来讲，马老师的哲学问题课，在课程内容上有一定难度， 但是在期末考试上考的都是讲过的而且相对较容易的内容，上课抓住老师的节奏，明确主题后认真复习背诵，拿到好绩点还是有可能的。\n\n马老师水平很高，风趣幽默，反正我这一哲学小白，第一次听说世界上现象学还有“噔噔噔噔”的讲法。\n\n我觉得学有所获。认真学，会是一场思想的盛宴。\n\n给马老师打call！！！
133338,7937,马迎辉,2021-02-26 02:56:45,1,2,1,很有哲学深度，但作为大类课真的太难了点，听懂的时候觉得老师说的很有道理，听不懂的时候脑壳疼
133853,7937,马迎辉,2021-03-08 07:40:45,1,1,0,很风趣~分还可以
133860,7937,马迎辉,2021-03-08 10:31:38,1,1,0,讲课输出内容很实
133899,7937,马迎辉,2021-03-09 08:02:19,3,3,0,老师人很好。但是课讲的很难。对哲学小白太不友好了哭。
133900,7937,马迎辉,2021-03-09 08:04:42,2,2,0,很幽默，很有学识的老师\n\n讲的东西确实难，好好努力会有收获的
133901,7937,马迎辉,2021-03-09 08:05:32,2,2,0,马老师人很好！很有趣！很有水平！\n\n其实我觉得老师也没有过分地在意分数，评价方式也很公道。\n\n虽然作为大类课确实会听的有点云里雾里，但是总体上问题不大QAQ
133910,7937,马迎辉,2021-03-09 10:50:52,8,8,0,老师的课确实很有挑战性，很开拓眼界，干货十足，确实把我以往的一些固有的思考坚基打破了很多，我觉得是我大学以来第一门对我有思想冲击的课，挺值得的。但较其他平行班而言确实难度大，任务较多，分数可能就没这么好看了;不过老师现在也是打算改变自己大类课的风格，还在群里和我们说了抱歉，人真的很好，而且很平和幽默！
133928,7937,马迎辉,2021-10-14 10:56:31,1,1,0,老师很好！
136968,7937,马迎辉,2021-06-29 03:42:41,1,2,1,给马老师打10分，给哲学问题这门课打8分：上课能感觉到老师水平很高，讲得也很幽默，秋冬学期下来虽然很多都记不住，但是真的能感觉到自己的哲学素养在这个过程中提升，还是很喜欢老师的。但是考试不太难就是上课比较难懂吧，觉得自己实在学不到家，很多东西还要努努力。最后希望老师能有一点教案哈哈哈，这样我们有点头绪。（很多老师要求的原著都没看orz，其实也是自己不想学，怪不得课程）
144869,7937,马迎辉,2021-12-25 09:40:36,2,4,2,小马哥！我的男神！🤩
144870,7937,马迎辉,2021-12-25 09:41:06,2,4,2,小马哥，我的小马哥\n\n論小馬哥為什麼是神\n\n省略5000字
145072,7937,马迎辉,2021-12-27 09:00:03,1,1,0,同志们冲 马老师很不错
145077,7937,马迎辉,2021-12-27 09:03:50,0,0,0,好老師
146602,7937,马迎辉,2022-01-07 04:58:26,2,2,0,好老师。
147964,7937,马迎辉,2022-01-11 08:22:36,3,4,1,啊啊啊啊啊啊啊啊爱死他啦！！事情少，讲课很有逻辑，前后知识都是一步步深入的（但我发现这一点的时候是在考前智云补天的时候）还想听他的哲学课！！很有趣很可爱一老师！！给分也好好，呜呜呜，受宠若惊！！
150098,7937,马迎辉,2022-01-19 04:33:01,2,2,0,好老师啊，上课能学到很多，给分好
151093,7937,马迎辉,2022-02-23 03:12:58,0,0,0,哲学问题课，老师很好很有趣，给分也不错，干货很多。总之值得选，特别是对哲学感兴趣的同学～
152095,7937,马迎辉,2022-03-25 15:15:10,0,1,1,很负责任的班主任
163247,7937,马迎辉,2022-12-11 02:14:52,7,7,0,说老师哲学问题难的，怕是没上过老师的现象学（哭）\n\n不过老师人真的很好，并且给分超级好。因为某学院的傻逼培养方案，可能会有同学不得不选现象学凑学分，但是老师和助教都体谅很多同学之前没接触过现象学并且不太适应现象学的思维模式，会在写课程论文的时候给很多帮助和干货建议的。并且老师对成绩什么的看的很开，给分也非常好的
164438,7937,马迎辉,2022-12-21 03:53:40,2,2,0,好喜欢马老师！！！！！干货很多！
168251,7937,马迎辉,2023-02-06 14:49:34,5,5,0,作为班主任和专业基础课任课老师，马迎辉老师可以说是无可挑剔的（一是老师的人品好，二是老师做过多年班主任，并且好像还是认证的心理咨询师，非常善于和学生沟通）\n\n作为现象学导论任课老师…我只能说我是实在不喜欢现象学了（对事不对人，可能即使是倪梁康来教我依然不喜欢现象学吧）
174806,7937,马迎辉,2023-06-18 08:57:17,2,4,2,选了老师的美国哲学，结果是另一位老师代课，所以这个是给哪位老师打的分，他备考很认真，不点名，期末闭卷考还划了很小的范围，总之很关心学生体量学生，给分也尽量往高了给，让我们一起说:谢谢王玮老师
185310,7937,马迎辉,2023-12-27 20:04:43,3,3,0,特别好老师，从不写查老师评价，今天特地给小马哥写一个：\n\n老师讲课很有魅力，思维发散，风格活泼。虽然老师是研究现象学的，不免涉及到很多哲学术语，他还是试图以最浅白切近的方式给学生解释，即使内容有一定深度也不会无聊。相反，在课堂上和老师一起思考，试图跟上他的思维是一件很有意思的事！而且马老师很可爱，很会讲笑话，经常说着说着自己就笑了，课堂氛围也非常好。
185722,7937,马迎辉,2024-01-04 01:36:00,1,1,0,太可爱咧！经常自己讲着讲着就自己爆笑。给我提供了冬学期很多的笑料。思路非常清晰，努力跟上老师的思维可以学到很多。
187380,7937,马迎辉,2024-01-15 19:08:47,1,1,0,好！很帅的老师，很哲学，学术好像也不错？
190944,7937,马迎辉,2024-03-25 06:12:51,3,10,7,真不难，怀疑是有些人智商有问题
202427,7937,马迎辉,2024-11-12 14:45:14,2,2,0,我真的听不懂啊
214809,7937,马迎辉,2025-02-18 04:33:07,1,1,0,非常好的老师，讲的内容很丰富也发人深省，尤其是老师阅读和理解文本的角度和思路很有借鉴意义，外专业表示收获很大
163315,8004,倪梁康,2022-12-12 12:50:24,1,14,13,侵权是吧
163325,8004,倪梁康,2022-12-13 03:31:00,-6,7,13,侵权哥
163330,8004,倪梁康,2022-12-13 05:55:21,-2,5,7,前来观摩
163334,8004,倪梁康,2022-12-13 07:27:01,-4,9,13,侵权？重金挖过来又坏我浙名声，哼哼😤赔钱货
163346,8004,倪梁康,2022-12-13 10:24:24,2,14,12,瑞士哲学家的著作遭中国得意门生侵权出版，看完这视频太愤怒了\n\n\n\n现年85岁的耿宁（Iso Kern）是瑞士的一名学者，研究方向是中国哲学，他把毕生的热爱和精力都奉献给了中国哲学，曾先后到台湾大学、哥伦比亚大学、南京大学和北京大学的哲学研究所学习，回到瑞士国内也在多所大学教授过中国哲学。\n\n\n\n退休后，他和他的中国妻子隐居在图恩湖畔的克拉蒂根。\n\n\n\n今年7月，中国香港的一个摄制组为拍摄一部聚焦于海外汉学家的纪录片来到瑞士拜访耿宁，了解到耿宁曾经和同行花了大量的精力去整理德国哲学家胡塞尔的手稿，并出版成书，整套文集中有三卷是耿宁花费10年时间完成的。\n\n\n\n耿宁说，“这份工作不仅要要求懂速记符号，还要拥有深厚的哲学基础，仅弄懂这些符号，我就花了两年的时间。”可见，耿宁付出了怎样的努力和多少心血。\n\n\n\n摄制组的制片人询问他《胡塞尔文集》这套书是否有中文版，耿宁明确说没有。\n\n\n\n然而这位制片人却在网上找到了这套书的中文版——《共主观性的现象学》，主编倪梁康。耿宁得知这一消息后非常震惊，这不仅仅是侵权，这还是背叛，因为倪梁康是耿宁的得意门生，两人相识40余年，倪梁康到瑞士交流时还会住进耿宁家中，情感可以说超越了普通的师生。\n\n\n\n在耿宁电话质问倪梁康时，仅仅获得“这是个误会”的回应，随后便再也无法联系。\n\n\n\n在出版了《胡塞尔文集》的斯普林格出版社的交涉下，中国方面的出版社已经致歉，并表态给予赔偿。\n\n\n\n但倪梁康本人至今都没有道歉，在接受瑞士媒体的采访时还辩称，问题完全在出版社方面，所以是出版社方面出面道歉，“我不会向耿宁道歉，我倒是觉得耿宁应该向我道歉。”（整理自瑞士资讯）
163618,8004,倪梁康,2022-12-15 17:33:25,-6,4,10,侵权必究
163824,8004,倪梁康,2022-12-16 07:37:22,-7,4,11,侵权？
163949,8004,倪梁康,2022-12-17 01:01:05,-12,3,15,就这样的人有师德？学校不作为？
163984,8004,倪梁康,2022-12-17 05:29:20,-10,4,14,给我浙大丢人
164201,8004,倪梁康,2022-12-19 07:18:24,-11,4,15,专门来给我浙丢人的是吧
165254,8004,倪梁康,2022-12-30 14:22:47,1,23,22,骂老师的都是傻比，你们清楚事情的真相吗就随便跟风骂人？滚出浙大的是你们，一群抽傻比都赶紧死一死，丢人现眼的狗叫烂垃圾，丢大街上都不要的一群血肉模糊牛马不如的废物。
169402,8004,倪梁康,2023-02-26 03:17:10,7,15,8,你们骂老师的都是傻逼
170259,8004,倪梁康,2023-03-02 09:32:48,20,21,1,版权出现问题是出版社的失误，不在于老师个人
174520,8004,倪梁康,2023-06-13 15:04:20,13,14,1,知乎上有详细事由，有分析说倪侵权并不合情理（倪给过耿一定帮助），相关的事由很长，不是简简单单“侵权”二字可以概括的
190795,8004,倪梁康,2024-03-19 10:31:38,3,3,0,稍微动点脑子就知道下面说侵权的是什么意思
193139,8004,倪梁康,2024-06-04 03:37:38,4,4,0,不要在不了解事实全貌的情况下随便骂老师。
141279,8096,李忠伟,2021-09-28 05:22:56,7,10,3,上课太硬了，速度太快感觉很难跟得上，感觉这种模式更适合教研究生课
143242,8096,李忠伟,2021-11-22 06:26:35,-5,4,9,好体验
143243,8096,李忠伟,2021-11-22 06:26:35,-4,5,9,好体验
143800,8096,李忠伟,2021-12-07 05:55:17,2,13,11,每次上他的课都忍不住想骂他傻逼
144855,8096,李忠伟,2021-12-25 07:47:35,-13,9,22,哲学水平没有马原老师高
144892,8096,李忠伟,2022-01-19 04:46:17,6,11,5,老师好人
145070,8096,李忠伟,2021-12-27 08:57:50,9,13,4,老师学术水平还可以，就是教学水平令人难绷，可能是第一次教本科生的缘故。
145071,8096,李忠伟,2021-12-27 08:58:31,4,7,3,忠伟老师很认真严谨 但可能不太适应本科生教学
145084,8096,李忠伟,2021-12-27 09:40:18,4,8,4,西哲史涵盖内容好多。。。感觉挺有内容啊课程安排比较明晰，比较严谨，跟紧课程进度，做好阅读材料有收获。开卷
145450,8096,李忠伟,2021-12-29 16:13:58,-4,5,9,哲学史本来是挺枯燥的一门课，但这门课不仅安排的明明白白，而且尽管不是都那么生动，但也是亮点笑点频出啊。以后得多读点原著了扎心
145762,8096,李忠伟,2022-01-01 14:57:10,16,20,4,没有哲学系的学生会总是被李忠伟搞破防，但总是有哲学系的学生会被李忠伟搞破防
145880,8096,李忠伟,2022-01-03 14:55:26,19,19,0,复习的时候有多破防谁上谁知道
148856,8096,李忠伟,2022-01-13 18:38:37,1,3,2,平衡～
149768,8096,李忠伟,2022-01-17 00:02:03,2,2,0,感觉老师的知识水平还是很好的，但是上课模式方式有待改进
149778,8096,李忠伟,2022-01-17 02:55:52,2,3,1,讲课很清楚也很幽默，对学生的态度也很好，最后期末开卷考试
149808,8096,李忠伟,2022-01-17 05:00:19,0,3,3,唯一一个贴合课纲讲的老师。让我知道课程简介是真的(ღ˘⌣˘ღ)
151211,8096,李忠伟,2022-02-24 13:54:23,0,1,1,就来评个分
151887,8096,李忠伟,2022-03-19 09:11:20,1,1,0,评个分
152272,8096,李忠伟,2022-04-01 06:05:39,-5,3,8,做SRTP评委刁难同学…
153077,8096,李忠伟,2022-04-25 03:04:55,1,1,0,教学硬核
167272,8096,李忠伟,2023-01-15 10:49:46,1,3,2,认真上课了，但是给分一般般
167287,8096,李忠伟,2023-01-15 11:47:41,0,2,2,上课认真负责的好老师
167846,8096,李忠伟,2023-01-19 12:07:07,3,3,0,给分一般
168366,8096,李忠伟,2023-02-14 05:35:24,-1,1,2,严守课纲，认真负责
193485,8096,李忠伟,2024-06-11 12:01:52,7,8,1,没什么水平还自视甚高，刁难师门学生
198367,8096,李忠伟,2024-09-08 05:29:14,2,2,0,一般般
202295,8096,李忠伟,2024-11-11 09:40:59,1,3,2,楼上说srtp刁难同学的，哪个团体的一目了然了哈哈哈哈
205696,8096,李忠伟,2024-12-11 09:01:25,4,6,2,管理班级太过操切了，以至于拔苗助长\n\n大一刚进来的小同学就要求选方向、选导师、大量读专业文献。一点哲学史基础都没有就要求这样，恐怕违反教学规律吧……
210267,8096,李忠伟,2025-01-09 07:54:23,4,7,3,我真累了。。。你以后还是别划范围了，这样显得你好像很仁慈😅
210665,8096,李忠伟,2025-01-09 15:01:47,3,5,2,复习的时候真的破防了
213175,8096,李忠伟,2025-01-16 08:22:02,5,6,1,课堂有趣干货多，闭卷考试给分好
213959,8096,李忠伟,2025-01-22 06:24:12,0,0,0,他真的按照大纲上课，只是我听不懂。
140023,8140,李哲罕,2021-08-23 12:14:08,8,19,11,针不戳
140024,8140,李哲罕,2021-08-23 12:14:10,2,15,13,lzhNB
140025,8140,李哲罕,2021-08-23 12:14:16,18,59,41,李哲罕太帅了！爱死了！李哲罕 我的超人！
140331,8140,李哲罕,2021-09-09 05:29:52,4,13,9,老师超赞人超级好
140690,8140,李哲罕,2021-09-15 06:17:23,9,20,11,幽默风趣，才华横溢，魅力十足，神采奕奕，高大威猛，玉树临风，风流倜傥
141211,8140,李哲罕,2021-09-26 12:00:56,-1,10,11,真的很幽默风趣
142133,8140,李哲罕,2021-11-07 10:49:30,-4,8,12,评论说的都是真的吗 9分先🐎
145075,8140,李哲罕,2021-12-27 09:02:05,-1,8,9,很有逼格的老师
152053,8140,李哲罕,2022-03-24 07:29:22,-2,12,14,给一分是因为老师要求要去给他低分🤪
152388,8140,李哲罕,2022-04-07 12:20:32,0,8,8,抱歉稍微有点粉转黑了…感觉如果老师把本科生的课当做在学院里面的学术讲座那样上，我们的收获一定会很大的
152929,8140,李哲罕,2022-04-22 01:53:20,8,18,10,李老师要求我们在查老师上说他帅…问题是他…帅吗
152938,8140,李哲罕,2022-04-28 02:56:46,11,22,11,老师上课总是喜欢玩我😭😭
153980,8140,李哲罕,2022-05-18 11:02:07,0,34,34,窃以为，老师的展示太多，一个长学期四次展示并且以个人为单位做有点不太人道了，有的同学可能一个短学期八九篇论文，真的抽不出时间来。\n\n并且，老师的讲座和老师的课，从内容和知识传授效果上看是倒挂的…
161295,8140,李哲罕,2022-11-04 02:15:01,0,11,11,老师真的很可爱捏
182627,8140,李哲罕,2023-11-18 12:44:04,-5,4,9,点个名摇摇摆摆
184212,8140,李哲罕,2023-12-13 06:31:00,7,32,25,傻逼一个
184668,8140,李哲罕,2023-12-22 06:23:22,-4,13,17,傻逼加一
186691,8140,李哲罕,2024-01-12 13:44:45,51,103,52,有没有学姐学长说说lzh到底怎么样啊，评论区两极分化
189957,8140,李哲罕,2024-02-03 16:52:37,0,10,10,老师人挺好的
192041,8140,李哲罕,2024-05-08 06:13:50,-1,8,9,水课界的一坨奇葩
200511,8140,李哲罕,2024-10-18 03:14:30,-6,4,10,引用哲学学院教育教学大会的客观评价：有些老师不上课只让学生做报告\n\n文献选读课他要求1人共3次报告，每次要15-25分钟，每次花的时间大概能写1篇5000字的论文，最后还有一个1000字小论文，实际阅读文献量和前面的报告差不多\n\n总结下来这样整下来真的是没有任何读报告以外书的时间，上课效果大打折扣
200970,8140,李哲罕,2024-10-25 14:32:44,10,12,2,这位朋友一看就是数学没学好，20个学生报告3次一共60次报告，一次算25分钟，1500分钟，最多也就33课时，文献选读课是64课时，剩下的一半时间是老师不讲的？
201907,8140,李哲罕,2024-11-07 09:40:35,8,13,5,研究生自然辩证法，给分很好！考试容易（尝试答题，不需教材）。89分对渣渣来说很好了。
202289,8140,李哲罕,2024-11-11 08:56:51,1,5,4,你说他人不是个好人吧，也不符合事实；\n\n但是你不能用正常人的思维来揣测李老师的想法，最好是用老人带小孩子的心态和他交流，这样你也快乐他也快乐…
202557,8140,李哲罕,2024-11-13 06:27:13,-13,10,23,精神极其不正常的一个水课老师，作为思政课老师讲好本职课程就够了，非要夹带各种政治观念和个人情绪，让人不适🤧
213405,8140,李哲罕,2025-01-17 08:25:24,4,4,0,上了大学写作-人，先是大课后是小课，小课不怎么点名。当堂写作两篇文献综述，课后事少上课会讲论文规范，很幽默搞笑，最后给分比想象中的好，听个乐子挺好的。
213643,8140,李哲罕,2025-01-18 16:39:39,-1,1,2,大学写作被卡绩力😭
215136,8140,李哲罕,2025-02-22 09:21:28,2,3,1,李老师有98账号，里面巨多黑历史，太有意思了
217049,8140,李哲罕,2025-04-01 02:01:52,0,0,0,求李老师98账号
217756,8140,李哲罕,2025-04-16 05:03:02,0,2,2,本科生课不清楚怎么样，客观评价一下春学期研究生课的自然辩证法，老师明确说点名全到+展示没当摆子被组员votekick+考试都写就基本能给75分以上的成绩（保硕转博），自动按名单分组不用自己组队，没有个人论文，展示只挑PPT做得最好和最差的展示（翻译下来感觉意思是做得好加分，做不好也有机会挽回，没啥问题就直接得分不用参加展示），期末考试论述题也很友好，体验还是不错的～
217834,8140,李哲罕,2025-04-17 04:54:10,1,3,2,zz一个
218553,8140,李哲罕,2025-04-24 13:22:28,0,0,0,有两次点名
219057,8140,李哲罕,2025-05-20 05:33:47,-1,2,3,不太行，感觉他的观点很偏颇，而且课上喜欢冒犯人，对人不尊重
132288,8217,陈勃杭,2021-01-31 13:44:44,11,23,12,冬学期上的自然辩证法。课堂内容上说，并不是按教科书照本宣科，而是根据自然辨证法涉及的范围划分不同专题来讲。老师很认真，会有很多新颖的观点和比较深刻的内容，答疑也很热情，总之最大的感受是希望老师有线下课，课堂效果会更好。作业是三次小作业（不限字数）加3000字论文，个人感觉是需要投入比较多时间的，但老师在如何看文献和进行逻辑分析的方面也给了很多有用的建议。最后，老师不点到（nice）。
134940,8217,陈勃杭,2021-04-24 06:59:40,6,11,5,选了2021春的自然辩证法，陈老师上课内容很有意思，会有自己的内容和见解。同时他也不强求我们都听课，可以做自己的事情。考核包括两次考试（都是开卷单选题）再加一次小组展示。如果担心成绩不好可以跟他提，他会尽量让所有人都过。
135894,8217,陈勃杭,2021-06-01 07:45:04,8,10,2,参加了老师的读书会，很有收获
159983,8217,陈勃杭,2022-09-11 01:59:39,1,1,0,还可以😊
162900,8217,陈勃杭,2022-12-06 16:08:48,13,15,2,老师很好，但是我听不懂课😭😭😭逻辑也很好，是很会鼓励的老师，“温文儒雅”吧，应该挺配他的，反正很温和的老师（有次上课大家都不回答，他课后还emo了，然后发钉群说如果课程难或者其他困难记得给他反映）真的很好
164819,8217,陈勃杭,2022-12-26 09:51:19,32,35,3,我上的是他的哲学问题课，是个很有自己上课想法的老师\n\n但是不建议对一般的哲学问题感兴趣的同学选，尤其是欧陆哲学，他似乎觉得欧陆哲学家都太幼稚了，可能觉得那些讨论没什么意义吧！他会更强调逻辑分析，他觉得这门课是给人文班的同学开的，所以他走的是人文主义路线，在历史的语境里用逻辑分析的方法讨论国家，人名，民族之类的哲学概念。\n\n总之老师很好很用心很温柔，课上的内容也更精彩
165709,8217,陈勃杭,2023-01-09 10:51:19,3,4,1,老师很好，非常有哲学系老师的气质，不点名
165732,8217,陈勃杭,2023-01-09 12:43:23,3,3,0,陈老师真的非常好，平时作业不多就是读读文献和小组作业两次。上课不点名也不水，老师很有想法，不论是中国的历史还是西方的，老师都有了解，真的很佩服。老师本身是偏向科学哲学的但是因为班级人文比较多，所以哲学问题这门课程偏向人文一点。上他的课真的很享受，逻辑思维含量高，虽然有时候有点儿高深，但是有收获的！老师也很对学生考虑，不管是课上的问题还是自己的其他生活方面的问题，老师都会有耐心地解答或提建议。老师给分也不错！！！
166166,8217,陈勃杭,2023-01-11 08:59:04,4,5,1,陈老师的哲学问题内容充实，体系鲜明，富有启发性；\n\n上课认真听，积极参与讨论课，课后及时阅读文献，给分就挺好的。
166345,8217,陈勃杭,2023-01-12 04:21:36,2,3,1,非常好的老师，哲学问题的课程内容也很有逻辑和深度，老师在课上课后都对学生非常耐心，很值得选的课。
167280,8217,陈勃杭,2023-01-15 11:34:23,7,7,0,老师知识面很广，讲课有深度，和同学讨论完全没有架子，一学期上下来很有收获。最后好好复习，给分也很好！
169034,8217,陈勃杭,2023-02-24 05:28:18,3,3,0,真的强推
170268,8217,陈勃杭,2023-03-02 10:43:59,0,0,0,老师很好，讲课也细致。
174384,8217,陈勃杭,2023-06-11 12:00:32,0,0,0,非常好老师
180663,8217,陈勃杭,2023-09-24 12:56:32,-65,1,66,上了陈老师在大学写作的绪论课\n\n课上驳倒美帝国主义亡我之心不死的命题\n\n但在论证时仅使用少量正面命题的论据\n\n让人不是很能理解老师的真实意图！
180916,8217,陈勃杭,2023-09-28 06:18:26,4,4,0,哲学问题课 老师人超好，想学的可以学到真东西，想划水老师也不会为难你，🈚小组，事情较少，冲冲冲
181174,8217,陈勃杭,2023-10-11 00:49:34,2,2,0,陈老师真的很好
182455,8217,陈勃杭,2023-11-16 06:31:12,1,1,0,好老师a
183055,8217,陈勃杭,2023-11-22 02:34:31,2,5,3,我上的是陈老师的研究生课程自然辩证法概论，真的非常好，不会点名，考试都是开卷的，还可以查网络，考核要求只有期中期末两次考试，都非常简单，没有小组展示和课程论文等其他内容。
184752,8217,陈勃杭,2023-12-22 12:23:50,3,3,0,听陈老师讲课真的可以收获很多，除了理论知识，他还会讲一下实际的东西，对我这种大一新生来说，真的很大转变了高中思维，事情也不是很多，每周阅读文献，但给的文献对于我这种毫无哲学基础的人来说很能拓展视野，更好的认识我们的社会，更好做出自己的决定。课下老师回答问题也很有耐心，每次下课都会围着四五个同学，他都一个个耐心解答。
185191,8217,陈勃杭,2023-12-27 03:47:46,6,6,0,极其推荐陈老师的哲学问题课。\n\n作为一门面向人文大类的专业基础课，我相当认同陈老师的观点，重点很大程度上并不在于“知道”多少所谓的“哲学问题”，而是对于人文问题建立起独立的认识，或许在这门课里你不会学到和其他班级的同学一样多的哲学史知识和哲学命题，但不论你是否认同陈老师的观点，你都可以用一种可能从未选取过的视角，重新审视自己所信仰的价值，我们所生活的现实，以及人类的历史。
185313,8217,陈勃杭,2023-12-27 20:16:57,0,0,0,特别好的老师，上课不点名，知识渊博，温文儒雅，课后对学生也非常上心细致。很推荐！
185635,8217,陈勃杭,2024-01-03 07:22:49,4,4,0,非常好的老师 我大一上唯一学到东西的课
186700,8217,陈勃杭,2024-01-12 14:20:04,3,3,0,我上的是老师的哲学问题课\n\n老师真的很好，有一种特别从容的感觉，上课娓娓道来，会充分引导思考。老师第一节课就说教材的编写有一些问题，上课内容是按老师自己的安排来的，主要是人文哲学如国家主权、民族、人民、逻辑分析等等，也会讲到中国的孔孟、明末大儒等。上课会有一个通过社会现象等引入课题的过程，由现象讲到某个哲学命题的理论。我完全没有哲学基础也可以听懂（大概吧？）。一周是一节理论课和一节讨论课，主要就是同学或者老师分析本节课的阅读文献。个人觉得老师的课还是很有意思的，会感觉内容有点散（可能因为老师一直在纯讲、纯输出），有点惭愧后面经常因为赶ddl之类的事情没听课，但是前几节课听进去的话会觉得很有收获。老师真的是见多识广、知识渊博的学者的感觉。\n\n老师从来没点过名（所以想水也是可以水的吧？）四十几个人的课经常只有二十几个人来听。任务少，就是期中两次作业加开卷的期末考试，没有小组。如果自愿报名个人读书报告分享的话还可以免一次期中作业。期中作业两次都是六选四的文本分析题，基本是概括总结论述方法、论点，提出反驳之类的，跟哲学理论个人觉得没有很大的关系（也可能是我错了ww），只要认真读文本基本都能做。我完全没基础作业也完全没扯哲学理论老师还是给了超级高的分数，并且很认真的给了批注和点评。期末考试开卷，主要是哲学史、哲学理论一块的问题，教材和老师的ppt上可以找到比较多的东西，有一定基础的同学做起来应该很轻松（看得出来都是哲学的基础题但我还是觉得好难ww，当时考试完全蒙了没有几道会做的题，但最后出分还是很好！可能是我期中作业写的比较认真，真的很感谢老师啊啊啊啊！\n\n刚出分真的感觉老师捞了很多所以激情来评分了！是哲学的专业课所以感觉作为个性修读是很好的选择！特别感谢老师！
188353,8217,陈勃杭,2024-01-18 17:40:05,0,1,1,哲学问题\n\n老师第一节课就说明不会点名，会捞捞\n\n上课也可以学到真东西\n\n很喜欢陈老师
191090,8217,陈勃杭,2024-04-02 04:08:26,3,3,0,科哲原著选读\n\n老师很好，上课内容很精彩，但是文献读不懂作业不会做呜呜呜\n\n慎选😇
192446,8217,陈勃杭,2024-05-20 06:52:36,1,1,0,好老师，让我重新拾起学习哲学的初心
196017,8217,陈勃杭,2024-07-01 07:06:44,2,2,0,mpa学生来评，这个课上完我觉得12.8w的学费值回一些。网课，不查观看记录不点名，考试非常友好。
197352,8217,陈勃杭,2024-07-11 07:06:34,2,2,0,老师人很好！能减负的都减了，是我自己不争气。
200368,8217,陈勃杭,2024-10-16 09:08:05,0,0,0,好好好
200578,8217,陈勃杭,2024-10-19 15:08:40,0,0,0,大一上有幸上了老师的哲学问题，感觉是大学上到现在为数不多的让我豁然开朗并且频频回味的课程。老师上课的安排不会很难，也比较期待大家自己的想法与和他的交流，我还参加了老师的讨论会，虽然听不懂但是也大受震撼。当时比较好玩的一件事是老师很期待班里有同学选哲学，结果全班没有同学（还是只有一个？记不太清了）是哲学系的哈哈哈，感觉老师当时有点失落的表情一半心酸一半好笑。总之，希望有兴趣选择这门课的同学都不要错过这次好机会。
201090,8217,陈勃杭,2024-10-28 11:07:26,0,0,0,不点名，有内容
201464,8217,陈勃杭,2024-11-03 10:37:20,1,1,0,老师是好老师，我是菜狗
204597,8217,陈勃杭,2024-11-27 03:17:45,0,0,0,真的学到了很多 非常感谢老师
209964,8217,陈勃杭,2025-01-07 14:51:51,4,4,0,陈老师的哲学问题课程思路连贯，上课也十分认真，不点名，ppt和课程需要阅读的书目都会很及时的发在群里。\n\n这是我大学以来最喜欢的一节课，对我的学习思路启发很大，增加了许多看问题的角度，也难得在繁忙的大学时光里阅读了一些课外书籍的节选，\n\n我不是哲学专业的学生，但是也对哲学感兴趣，之前有一些哲学的基础，看了一些书籍，课程跟上没有什么问题，课程任务也能说十分轻松了，\n\n非常感谢陈老师！有机会接着修陈老师其它的哲学课程！
210496,8217,陈勃杭,2025-01-09 08:55:21,9,9,0,选的是陈老师的近现代/现代科学史和科学哲学课。第一次接触科学哲学，一个长学期下来感觉自己才真的入门了，也在一定程度上参透了老师上课多次强调的经验科学的基本逻辑。当我发现自己在现实生活中开始有意识无意识地运用上课被“授人以渔”的这些批判性思维能力的时候，我才敢说自己真的在这门课上学到东西了。\n\n向无论哪个学院的同学强推陈老师的课，很多时候我们缺乏一些基本常识和基本的逻辑批判能力，在这些方面陈老师的课也许能产生一定的作用。
215458,8217,陈勃杭,2025-02-26 08:04:08,1,1,0,能在大一秋冬上到哲学问题真是太好了。
215606,8217,陈勃杭,2025-03-02 12:30:30,1,1,0,特别好真的
220718,8217,陈勃杭,2025-06-19 09:46:19,1,1,0,很有才思和见识，选课的话还是很推荐的。老师本人在小团体比较有意见领袖的气质，比较有向外攻击的冲动。
128471,8281,姬凌辉,2020-12-23 10:33:29,32,46,14,他讲很认真，事很少，开学到现在只点了两次名。一次小组展示，两篇小论文（字数要求不多。）就是讲课让人没有世俗的欲望。
128499,8281,姬凌辉,2020-12-23 11:29:33,2,9,7,姬老师PPT做的很翔实，知识储备也非常丰富，人也很和蔼温和
128534,8281,姬凌辉,2021-01-05 13:56:45,1,9,8,新老师，知识面很广
129587,8281,姬凌辉,2021-01-08 04:16:48,0,9,9,可以无脑冲
129714,8281,姬凌辉,2021-01-27 10:09:31,17,26,9,成功被绩杀了，感觉自己作业和考试都是认真做的啊，虽然上课的确没有听课，主要史纲课真的没有听下去的欲望
129833,8281,姬凌辉,2021-01-12 16:09:30,2,7,5,上课挺水，史纲课就有一次讨论和2篇文章，字数很少，事情也不多，想水的可以选!
129998,8281,姬凌辉,2021-01-14 16:26:10,0,7,7,老师有实力，贼强
130181,8281,姬凌辉,2021-01-18 13:00:26,0,7,7,老师超级谦虚可爱，实力也很强！强推！
130253,8281,姬凌辉,2021-01-20 07:51:56,0,7,7,老师知道的很多，认真听一听很有收获的
131369,8281,姬凌辉,2021-01-27 08:32:02,-23,8,31,老师非常好，上课用心，给分不错，无论想水还是真的对历史感兴趣都可以选
131378,8281,姬凌辉,2021-01-27 09:12:27,15,20,5,被 绩 杀 了\n\n虽然可能是自己的原因呜呜呜呜呜呜呜
131384,8281,姬凌辉,2021-01-27 09:32:14,11,13,2,姬老师人很好  但最后的绩点似乎也就飘飘过罢了
131386,8281,姬凌辉,2021-01-27 09:48:31,11,14,3,绩杀，作业都有认真写，最后考试感觉也不错，没想到成绩那么差，吐了
131392,8281,姬凌辉,2021-01-27 10:15:05,10,13,3,事少 绩杀……
131398,8281,姬凌辉,2021-01-27 10:59:37,4,8,4,很谦逊的老师
131404,8281,姬凌辉,2021-01-27 11:20:56,5,11,6,认真学认真作业 绩杀 绩点骤降 快跑
131417,8281,姬凌辉,2021-01-27 11:57:34,13,17,4,事情很少，人也很不错，但是，绩杀...
131418,8281,姬凌辉,2021-01-27 12:01:05,11,13,2,老师知识很渊博 事少\n\n但是绩点。。。 是我的问题吧。。
131428,8281,姬凌辉,2021-01-27 12:57:40,11,15,4,水是真的水，轻松是真的轻松，绩杀也是真的绩杀
131432,8281,姬凌辉,2021-02-01 13:42:40,5,9,4,成功被绩杀…感觉自己就是课没认真听，但是作业认真查了好多资料，考试前也好好预习了课本
131454,8281,姬凌辉,2021-01-27 14:23:46,21,24,3,老师初来乍到可能不会给分 给分确实有些低了 但是老师人真的蛮好 笑起来很可爱 事情也很少  不过感觉给分这件事老师之后会改的吧
131470,8281,姬凌辉,2021-01-27 15:27:37,3,7,4,好老师，事少，平时论文一篇，读《浙江精神》一篇，小组展示一次，没了！而且感觉老师不仅知识渊博，而且真的很有一种历史性的眼光去教学。更重要的是分的清历史立场，赞！
131481,8281,姬凌辉,2021-01-27 16:03:58,13,17,4,老师自身水平挺高的，课内容不错但基本大家都很水。作业也不算多，但为什么绩点让人有点难受😭 首考历史100分的人在一个理科寝室里绩点最低。。
131720,8281,姬凌辉,2021-01-28 14:10:49,4,6,2,被绩杀 不懂到底哪块做的不够好…可能还是不够努力吧唉…
132475,8281,姬凌辉,2021-02-02 01:02:56,-7,6,13,傻逼老师 绩点极低 史纲啥事都做了 上课从不翘课 气死了
132689,8281,姬凌辉,2021-02-03 10:10:19,0,7,7,老师绩杀 真的是垃圾
133328,8281,姬凌辉,2021-02-25 16:58:33,7,10,3,老师人不错，但是绩点给的很低，相对于别的老师明显低很多，而史纲有三学分，真的很影响总绩点，所以我也只能给老师评低分
137977,8281,姬凌辉,2021-07-07 03:26:21,3,4,1,老师事情确实少，分也确实低，卷都卷不高的那种，自己慎重选择吧
137978,8281,姬凌辉,2021-07-07 03:28:45,2,6,4,绩杀到怀疑人生😅😅😅
137981,8281,姬凌辉,2021-07-07 03:31:32,3,4,1,确实是绩杀了
137985,8281,姬凌辉,2021-07-07 04:04:27,6,7,1,优点：点名的课会提前说 事不算多\n\n缺点：给分差
137987,8281,姬凌辉,2021-07-07 04:07:57,1,5,4,妈的 调个分会死吗？？？？\n\n学生都很容易吗？？\n\n史纲三分呢爹
137992,8281,姬凌辉,2021-07-07 04:14:31,7,9,2,老师不如改名叫姬杀得了
137995,8281,姬凌辉,2021-07-07 04:28:35,1,2,1,虽然老师给分好像不很好（也有自己菜的原因）但课还是讲得不错的！
137999,8281,姬凌辉,2021-07-07 04:49:11,1,2,1,老师蛮负责的，就是给分不好看
138003,8281,姬凌辉,2021-07-07 05:01:14,1,2,1,事少，\n\n基本不点名，\n\n讲课好，\n\n内容翔实，\n\n但是\n\ntmd绩杀啊啊啊啊啊啊啊啊啊啊！\n\n平时分满了，卷面自我感觉良好\n\n我TM直接从巅峰跌入低谷\n\n绩点直降0.4
138004,8281,姬凌辉,2021-07-07 05:01:12,0,1,1,事少，\n\n基本不点名，\n\n讲课好，\n\n内容翔实，\n\n但是\n\ntmd绩杀啊啊啊啊啊啊啊啊啊啊！\n\n平时分满了，卷面自我感觉良好\n\n我TM直接从巅峰跌入低谷\n\n绩点直降0.4
138005,8281,姬凌辉,2021-07-07 05:01:17,1,1,0,姬老师事少，这一点必须承认。但是最后绩点全看期末，老师不调分，想要拿高分建议高中历史特别好的同学来，否则普遍急刹
138007,8281,姬凌辉,2021-07-07 05:02:12,0,0,0,绩杀。
138011,8281,姬凌辉,2021-07-07 05:06:15,1,2,1,给分不透明还绩杀……三分的课学生还有自己的专业课……完全不知道体谅人
138018,8281,姬凌辉,2021-07-07 05:31:48,0,0,0,急刹，而且不要指望改变，我们的急刹成绩可都是求是老师“捞过”的呢
138030,8281,姬凌辉,2021-07-07 06:02:39,5,6,1,事情少，给分不好。如果教史纲的老师都是这样也就算了，但是其他老师会调分，姬老师不会，就真的很不公平。\n\n关键是，史纲有三学分真的很拉gpa。
138080,8281,姬凌辉,2021-07-07 09:23:05,1,1,0,两次点名+小组展示+论文，事挺少\n\n签到会提前告知\n\n新老师，不会调分，绩杀慎选
139297,8281,姬凌辉,2021-07-14 05:56:25,0,4,4,绩杀！！！\n\n讲课超级无聊，十分催眠，慎选慎选
140774,8281,姬凌辉,2021-09-16 03:14:41,24,25,1,已然认识到绩点问题。\n\n思维开阔。\n\n立场很正。\n\n有高度广度和深度，同时又很实际。
142035,8281,姬凌辉,2021-11-04 08:33:02,9,9,0,感觉还蛮好的
142422,8281,姬凌辉,2021-11-18 06:36:57,10,11,1,老师讲的挺好挺认真 有点名也会提前说 论文字数也少 也让我们晩交
144661,8281,姬凌辉,2021-12-23 04:14:56,19,21,2,1个人目前查老师的评分对比老师真实情况偏低\n\n2还不知道这轮的绩点情况但是老师已经认识到过去绩点评定存在问题\n\n3论文同时布置而交论文的时间比同寝同学普遍晚一个月\n\n4个人认为老师讲课还是挺有梗的，只是史纲课本身比较水\n\n5给了十分，赶紧把老师评分拉上来吧
147913,8281,姬凌辉,2022-01-11 07:03:04,10,10,0,好好好，事少是真的少（这一点很舒服），成绩看期末和论文吧可能
147918,8281,姬凌辉,2022-01-11 07:08:38,10,10,0,点名会提前说，平时事很少，论文字数有上限不鼓励卷，而且这学期没有绩杀!!!吹爆姬凌辉老师!(*°∀°)=3
147921,8281,姬凌辉,2022-01-11 07:11:48,9,9,0,老师很有水平，事情少，作业上也很宽容，本人全程划水3.9\n\n绩点问题老师已经认识到了，现在的评分偏低
147922,8281,姬凌辉,2022-01-11 07:13:35,29,31,2,分到一个特别辣鸡的小组，最后好在靠个人努力还是在其他方面把分数拽回来了（尽管还是卡住了555）老师讲课有时会很幽默，出分后1分钟内群里就出现20多条谢谢老师，看来已经认识到绩点问题了。风声松时会放同学们提前吃饭，作业时间很宽松，事情少，分到哪个小组纯看运气，给我印象最深的是小组展示课，已经下课几分钟了才演示完，助教根据流程请老师做总结发言，本以为吃午饭无望，谁料他说了这么一句：\n\n          “很好，下课！”
147925,8281,姬凌辉,2022-01-11 07:16:15,41,45,4,感觉跟以前评论比起来，老师真的有在改变！有提到给分提高，称之看到大家非常努力态度认真hh每次点名都会提前说，然后“拿出你们心爱的小手机”。个人感觉老师讲的还是很不错的，内容丰富，偶尔有梗很搞笑。事情真的少，只有小组展示和解惑作业（好像是，有一点点忘啦），上课也不会管下面的人hhh期末考感觉有一半题没完全翻到答案，4.2已经很满意啦！相信老师未来会越来越好的！
147928,8281,姬凌辉,2022-01-11 07:50:04,13,13,0,绩点出来再来给个十分 史纲论文让我们12🈷️中后旬交 相比与其他班的老师迟了一个月 相当于期中可以有很多时间复习。同样论文有上限（并不鼓励卷 卷也不一定高）相比其他老师4-5000的论文已经很厚道了。平常事很少 有点名也会提前通知。平时上课 老师也挺好的 感觉老师萌萌的 史纲课性质决定了没多少人听 但听一听收获还是挺多的 以前老师可能是刚来 不懂得怎么调分 现在给分真的够厚道了 姬老师现在评分太低
147930,8281,姬凌辉,2022-01-11 07:29:01,7,7,0,事情挺少的，一次小组展示和一篇最高5000字的论文。点名会提前说，而且这次给分还不错
147937,8281,姬凌辉,2022-01-11 07:40:08,10,10,0,先说一下，绩点问题老师已经认识到了错误，不再绩杀。\n\n事情少，一个学期大概就是一篇解惑作业、一个小组展示。\n\n上课内容和书本关系确实不大，不过史纲应该都这样，毕竟按着书本讲肯定讲不完的。很有梗，说话挺幽默的。\n\n感觉他挺怕督导的哈哈哈哈哈，可能是年轻老师的缘故（？）\n\n总之可冲！
147948,8281,姬凌辉,2022-01-11 07:55:57,7,7,0,出成绩了 来反馈一波 老师一开学就对自己前两年的绩杀行为进行了反思hhh 然后说虽然期末考帮不了什么忙 但是平时分上会捞我们 整个学期事情很少 只有一次小组展示 一篇解惑报告 以及最后的期末考 批完解惑报告跟我们说这学期已经手松了很多了哈哈哈（而且解惑报告真的有好长的时间留给我们写） 期末前给我们时间在课堂上看书  最后的期末考感觉自己对书不太熟悉所以做的不是很好 但最后上4啦 谢谢老师！
147949,8281,姬凌辉,2022-01-11 07:56:12,8,8,0,认识到绩点问题啦，老师分数也要UPUP
147953,8281,姬凌辉,2022-01-11 08:11:59,4,4,0,老师超级无敌好，事少分不错，已经不是急刹了
147956,8281,姬凌辉,2022-01-13 06:36:53,11,11,0,1.老师给分变好啦，有在努力按照正态的上限给。（双赢的事情谁会不开心呢哈哈哈\n\n2.老师的课互动可能偏少，但是仔细听一听还是很有收获的。给我印象最深的可能还是网课期间上的那节《探索与曲折》，感觉之前的一些困惑豁然开朗了，老师的历史观还是很正的。\n\n3.老师人很好，很谦逊很温和。另外，老师也一直在改进教学中的一些问题，比如限制今年限制了论文字数的上限避免恶竞。最后，给老师比心~~~
147968,8281,姬凌辉,2022-01-11 08:30:42,5,5,0,【史纲】老师备课很认真，授课也很认真，但是史纲这种课，真的让人没有想听下去的欲望。看了以往的评论，一直都很担心自己的绩点，因为我是个历史文盲，很怕被绩杀，遂好好写了期末论文（工科生真的尽力了）网课期间回答了老师的问题，最后老师给了4.5，没有大家说的“不如改名为绩杀老师”那么恐怖，给老师评了10分，谢谢老师一学期的付出，辛苦啦！
147972,8281,姬凌辉,2022-01-11 08:42:05,4,4,0,非常有才华，也很好的老师，点名都会提前通知，只要你在完成任务分就很高
147973,8281,姬凌辉,2022-01-11 08:42:03,3,3,0,非常有才华，也很好的老师，点名都会提前通知，只要你在完成任务分就很高
148000,8281,姬凌辉,2022-01-11 09:42:21,3,3,0,老师真的超级好，上课还挺有意思的，虽然大家都在摸鱼来着，平时事情很少，而且给分实很好的，之前绩杀是不会调分，但是现在是会的呀，老师每次点名都会提前告诉我们的，不点名的课你不去也没事哒。而且老师特别可爱啦!
148006,8281,姬凌辉,2022-01-11 09:56:00,6,6,0,老师还是很可爱哒！有点名什么的都会提前说，事情不多，但需要用心去做哦！老师也有在努力让史纲课变得活泼生动起来，最后出分对我来说也很友好！嘿嘿最后用我“心爱的小手机”对老师打个新年快乐！祝老师的工作顺利，越来越棒！
148035,8281,姬凌辉,2022-01-11 11:23:39,4,4,0,老师讲课很认真，讲的也很好哦～\n\n会让人有一种在历史里徜徉的感觉(///▽///)\n\n而且绩点的问题这学期真的真的已经改啦！
148093,8281,姬凌辉,2022-01-11 13:17:36,1,1,0,emmm怎么说呢，我复习了这么久和完全没复习的人一样都是4.5?这河里吗?但是老师还是值10分的。
148206,8281,姬凌辉,2022-01-12 01:27:05,4,4,0,老师不再绩杀了！！亲测！！而且讲课很有意思，就是解惑作业占比很大一定要用心写！！！
148280,8281,姬凌辉,2022-01-12 04:57:15,6,6,0,本人4.2，之前看了姬老师的评分还很担心绩杀来着，但是一学期课上下来觉得老师人还是蛮好的。虽然上课比较枯燥一点但是老师会有时来一两个有意思的小笑话活跃气氛，考试的时候监考看到我们还开玩笑说有“主场优势”，真的给人感觉就是温和渊博又有点可爱的感觉。平时作业就是一次小组展示、一篇解惑论文，真的相对我的室友来说算少的了，然后下节课打卡有时也会提前提醒我们……最最最让我感到快乐的就是不卷上课举手发言啊！！（这点我真的还蛮喜欢的，思修给我整怕了）总之我感觉就是很nice。\n\n之前老师评分不好，但我觉得这学期应该改变了不少吧。总之是给老师点赞啦！！
148644,8281,姬凌辉,2022-01-13 05:55:19,8,8,0,姬凌辉！我的男神！已经很努力在改绩杀的问题了！事情很少讲课超认真！而且说话很有趣，最后一堂课说：“祝小可爱们期末考试顺利！”呜呜呜，有被可爱到！我的男神！
151179,8281,姬凌辉,2022-02-24 05:21:08,1,1,0,很好的
151212,8281,姬凌辉,2022-02-24 13:57:52,1,1,0,初见直接十分
151372,8281,姬凌辉,2022-03-01 14:02:28,1,1,0,我永远沉沦于老师的温柔
153986,8281,姬凌辉,2022-05-18 12:24:50,1,1,0,新中国史 一节课爱上w
154893,8281,姬凌辉,2022-06-06 13:56:29,2,2,0,老师已经认识到绩点问题了，我很水的展示加上缝合的论文得了3.9，而且不拖沓，事少，ddl友好，反正我给10分了
154984,8281,姬凌辉,2022-06-07 08:30:29,1,1,0,哈哈哈
155816,8281,姬凌辉,2022-06-16 06:03:34,1,2,1,这个老师真的太棒了，课讲的非常好，不会布置繁琐的任务和无聊的考勤，而且给分还这么好！我都感觉我配不上这么好的分数
155820,8281,姬凌辉,2022-06-16 06:14:40,3,3,0,爱了爱了
155938,8281,姬凌辉,2022-06-16 15:32:50,8,8,0,老师谦逊又博学，是个反卷斗士，事情超少。我纯摆烂人也能上4，直接10分
155951,8281,姬凌辉,2022-06-16 17:05:16,3,3,0,反卷斗士yyds！！！我爱姬凌辉！
165557,8281,姬凌辉,2023-01-08 09:35:04,0,0,0,给分不错的
165567,8281,姬凌辉,2023-01-08 12:07:41,1,1,0,今天出分了来评一波！！！老师人很幽默，比较有梗，上课很认真。从来没听过课也拿了自己比较满意的分数，推荐一波嘻嘻嘻
165591,8281,姬凌辉,2023-01-08 14:28:41,0,0,0,好老师，会捞人
165594,8281,姬凌辉,2023-01-08 17:04:58,2,2,0,史纲课要求做pre，有同学的自由提问环节，pre的话我是小组长，内容很多是情景剧但是我们组选了ppt和一点点配音，其实展示效果一般，但是问答环节很ok，然后开卷考就是哐哐抄书，考试当时是第一次看书来着、但是答了超级超级多，最后喜提4.8真的超开心，然后课程要求的论文也是认真去做了，除此之外上课没听过，就是到课堂，然后偶尔会有数字点名。老师人很好很随和，也在尽力捞，课的质量因为从来没听过所以不做评价，但是pre时候的自由问答环节还是容易被刁钻提问的所以一定做好准备~
165606,8281,姬凌辉,2023-01-09 03:33:24,1,1,0,很幽默很宽容的好老师
165624,8281,姬凌辉,2023-01-09 04:55:16,0,0,0,老师上课很不错！人很好！绩点真的很满意了啊呜啊呜！
165891,8281,姬凌辉,2023-01-10 08:46:22,1,1,0,人看起来挺和蔼的，点名会把数字写在黑板上，划水一学期（指上课签到完就早退，论文缝合怪，期末论述题字数踩着老师的要求底线写）喜提4.5，感觉还行。
166327,8281,姬凌辉,2023-01-12 03:14:58,0,0,0,数字点名 写黑板上 高中选了历史 一节课没听\n\n论文是字数上限 期末考打了4000字 pre是组员 4.8 谢谢老师
167279,8281,姬凌辉,2023-01-15 11:31:10,2,2,0,老师上课很认真，带病坚持网课真的让我被狠狠感动到！出分的时候说“我已尽力，不喜勿喷”太可爱了哈哈哈哈\n\n平时事情不多，发言能加平时分，再写一篇小论文，参与一次小组展示就好了。老师给分也很好，我发言不多，小组展示一般，最后拿了94~
168288,8281,姬凌辉,2023-02-09 11:54:45,1,2,1,事少分高，我已尽力，不喜勿喷/狗头
169591,8281,姬凌辉,2023-02-27 04:37:51,1,1,0,老师真的很好\n\n老师每次数字点名都在钉钉群里艾特所有人，大一上的我人都愣了，还会反复提醒点名。有一次错过了事后跟老师解释后老师也很快同意手动帮我补签。\n\n写论文的时候询问老师推荐书目，老师很认真地回答：请读xx的xxx。\n\n1225下课，但是有不懂的询问老师老师还是很热心的回答。\n\n史纲本身就挺水的（我老不听课玩手机🤳），小组展示弄个小剧场大家玩得也挺乐呵乐呵。
170697,8281,姬凌辉,2023-03-08 07:42:33,1,1,0,老师真是个好人；我印象特别深刻是我们小组和另一个组一起做pre，准备的用心程度差别很大，我们基本就是水水读稿子，对方有很用心的PPT和角色扮演，但是评价的时候老师各自说了我们的优点，都没有说缺点，真的对玻璃心同学很友好
172503,8281,姬凌辉,2023-04-28 05:50:39,5,5,0,事情很少，老师很幽默同时也很平易近人，也不是很卷发言🤤，给分也不错，这就足够打10分了
174666,8281,姬凌辉,2023-06-15 08:20:21,7,7,0,老师人真不错
176505,8281,姬凌辉,2023-06-29 06:45:13,2,2,0,非常好的老师，给分可以的，事情挺少就一次pre一次论文，会数字点名但有时候点名群里还会说，讲课也还挺有意思的，很幽默，考试发卷的时候还说一句考试顺利真的很可爱
176509,8281,姬凌辉,2023-06-29 06:56:04,2,2,0,吹爆jlh老师
176613,8281,姬凌辉,2023-06-29 12:38:03,2,2,0,老师的史纲真的超级好，事少给分好，老师人也很可爱，之前可能因为下正太还存在所以绩杀了一部分同学（现在不了！）导致评价不是很好，他在第一节课说“感谢大家信任选择我的课…你可以不尊重我，但是请你尊重历史”，真的让人觉得有点心酸，讲课也可以看出老师是一个有学识的人，可惜我真的不喜欢历史没有认真听课，真的是一个值得10分的宝藏老师，可冲！！！（听老师最后一节课好像老师也会看查老师，在这里谢谢老师！！）
178292,8281,姬凌辉,2023-07-09 14:42:14,0,0,0,给分真不错，讲的也很好，速选
179536,8281,姬凌辉,2023-09-18 04:42:50,0,0,0,非常棒的老师！
181413,8281,姬凌辉,2023-10-17 07:26:50,0,0,0,姬老师人真的超好！！
183874,8281,姬凌辉,2023-12-02 03:45:00,0,0,0,不错的一个老师
185881,8281,姬凌辉,2024-01-05 09:36:01,1,1,0,老师很幽默，很有意思，偶尔刚上课数字点名，数字都会在黑板上，事情也少，讲的不错
187707,8281,姬凌辉,2024-01-17 07:59:28,0,1,1,给分好，人也很负责，吹爆！
187710,8281,姬凌辉,2024-01-17 08:02:43,6,6,0,点名6次，都会写在黑板上。老师知识渊博，上课很有趣，虽然大部分情况下都是一边学别的科目一边听课，但还是能感受到老师的人格魅力。事少给分也挺好，只有1次pre和1篇论文。
187740,8281,姬凌辉,2024-01-17 09:45:44,1,3,2,虽然4.5让人有点失落吧，但还是想给姬老师打10分。一开始，其实我是特别想水的，但总是被姬老师的渊博、幽默吸引得无心内卷；所以后来我干脆节节课都坐前排，就当是放松听故事了，全程认真听讲、记笔记，一学期下来积累了许多轶事。总的讲，很有意思，对我一个工科生来说启发很大。
187744,8281,姬凌辉,2024-01-17 09:45:35,0,0,0,好给分好
187774,8281,姬凌辉,2024-01-17 11:12:57,0,0,0,事少分好，数字点名，给的时间特别长，老师讲课真的很有深度\n\n不会调分是很久之前的了，现在真的很好，推荐大家选！
187827,8281,姬凌辉,2024-01-17 14:04:34,2,2,0,上课：可以说没听过。\n\n给分：我男神
188117,8281,姬凌辉,2024-01-18 08:35:21,3,3,0,事少分高，人挺不错
188188,8281,姬凌辉,2024-01-18 11:13:57,1,1,0,有几次数字点名，总的来说，事少给分好
188706,8281,姬凌辉,2024-01-19 15:40:57,2,2,0,好好好好
188841,8281,姬凌辉,2024-01-20 07:31:05,1,3,2,大爱姬老师，讲课很有趣，也看得出来专业知识水平很高，给分也挺不错的，认真完成作业成绩基本不会掉4，最后4.8（虽然卡绩了）
189156,8281,姬凌辉,2024-01-22 08:00:35,1,1,0,老师人真的好好啊！！！\n\n事少给分好尊嘟！\n\n之前的评论是之前的，大家看看年份，无脑冲！！！\n\n而且老师真的很博学，能带给你很多关于历史新的认识！老师真的很好！
190826,8281,姬凌辉,2024-03-20 06:38:46,4,4,0,姬老师真的很好！！！事少很可爱！！猛猛冲！
191264,8281,姬凌辉,2024-04-16 01:14:18,4,4,0,老师都是按照课程要求点名的，也提前和大家说过每学期点名次数，并且是数字点名，智云可以签到（bushi)姬老师真的很好，讲课很用心很认真，也很有意思~最后一节课老师还不好意思地说自己ppt做得不好（其实已经很清楚了，只是没有经过花里胡哨的美化），还说以后压力小一点会认真准备ppt的哈哈哈，希望老师得偿所愿！
193457,8281,姬凌辉,2024-06-11 06:31:14,2,2,0,无脑选就行
194855,8281,姬凌辉,2024-06-25 17:17:14,1,1,0,课虽然听得不多，论文也有点水但给分是我男神
195670,8281,姬凌辉,2024-06-29 11:15:00,2,2,0,神中神
196741,8281,姬凌辉,2024-07-05 02:54:18,0,1,1,事少给分好
198563,8281,姬凌辉,2024-09-10 03:08:36,3,3,0,课水事少给分如我男神
218827,8281,姬凌辉,2025-05-07 06:34:13,1,1,0,老师你怎么走了啊
162179,8283,桑兵,2022-11-17 10:56:28,0,2,2,讲得很好，很有深度，但似乎过于远离人间了。
129614,8284,邢程,2021-01-08 16:21:24,50,61,11,现当代文学史2 课堂体验不错 但是这个课后阅读量让我觉得我在念博士……
130114,8284,邢程,2021-01-17 08:40:21,8,11,3,非常能启发人，上课也很有趣，老师是研究鲁迅的，本身也很有鲁迅的气质～
130514,8284,邢程,2021-01-23 08:19:07,-15,5,20,被卡绩了害...上的两门课都是卡绩...可能是我与现当代文学有仇吧
130520,8284,邢程,2021-01-23 10:25:04,27,34,7,我是她永远的迷妹，老师真的是女神，女性的美丽优雅成熟睿智幽默理性都在一个人身上体现了！本来考完试我万念俱灰，她说有的人挂了我以为是我，我真的特别喜欢她，但因为自己菜从来不敢和老师多说话呜呜呜，结果成绩出人意料，但不管我多少分，她只能是十分。简直是我人生一束光，遇到她之前我从来没觉得搞学术是一件这么迷人且优雅的事情。她很鲁迅，也很张爱玲。不上她的课你遗憾终生
130526,8284,邢程,2021-01-23 11:57:31,21,23,2,很好的老师！因为这门课读了不少书，老师ppt的红色字体是重点！！！
130537,8284,邢程,2021-01-23 13:57:03,2,5,3,不多说了爱您！！！！
130653,8284,邢程,2021-01-24 05:58:26,6,8,2,超级爱她！
130656,8284,邢程,2021-01-24 06:13:47,3,5,2,邢程老师的课是最令我感动的一门课没有之一！老师亲切博学美丽气质！作为外专业的学生表示学到了很多！如果有机会还想再上一次老师的课！
131304,8284,邢程,2021-01-27 04:36:55,2,4,2,女神！
132282,8284,邢程,2021-01-31 13:19:05,8,10,2,邢程老师yyds，太有格调了，因为她重新理解了鲁迅，她的课程展现了一个与教科书和刻板印象相当不同的中国现代文学视界，爱她！(下学期的浙籍作家掉了气死我了)
133494,8284,邢程,2021-03-01 08:56:09,0,3,3,女神！！
135734,8284,邢程,2021-05-22 08:25:06,0,2,2,女神女神
136388,8284,邢程,2021-06-17 09:12:07,10,12,2,女神！知道邢程姐姐之后就去蹭了好多节她的课。她让我第一次意识到学术可能是什么样子，也让我第一次意识中文人可以有这样的气质和魅力。期待大二上邢程姐姐的课～（这次要算绩点了要认真学hhhh）
147492,8284,邢程,2022-01-10 05:31:03,19,22,3,来给邢程xjj好评啦~撇开绩点之类的东西不说，老师是一个严谨的老师，会和我们强调一些学术规范，在文学史的部分的演说非常令人耳目一新，听她上课是一种极致的享受！！非常喜欢老师犀利评述的部分，这个学期在思想上、精神上的跨越很大部分都是邢姐姐带来的！！会要求我们去阅读很多书籍，但是作为中文系的学生，阅读当然是最紧要的，总而言之，如果想要获得灵魂精神升华的同学，选就对了！！！
148472,8284,邢程,2022-01-12 15:04:57,7,9,2,真的非常喜欢邢程老师，我感觉上了一个学期的课，在对于文学的思维和态度上发生了质的变化，不愧是女神(*^▽^*)。（虽然说在对这门课投入很多的时间的条件下仍然只获得了糟糕的绩点，让我开始反思我是不是真的没有天赋。）但是邢程的课真的值得！！
149360,8284,邢程,2022-01-15 07:16:55,2,5,3,美女老师谁不爱
153463,8284,邢程,2022-04-30 13:56:31,8,10,2,中文系应该要有这样的老师！
153464,8284,邢程,2022-04-30 13:56:46,5,7,2,不听邢程姐姐的课后悔一辈子😭😭😭
153728,8284,邢程,2022-05-09 12:02:51,0,5,5,满分！
154141,8284,邢程,2022-05-24 12:15:29,7,12,5,邢姐姐是我永远的女神。她让我见识到女性的power，一个性感的大脑和漂亮的脸蛋结合起来简直是核武器般的存在。她课上那些有趣的观点颠覆了我对文学史以及文学的印象，猛然发现自己是多么的浅薄，只想通过阅读汲取更多的养分。她真的值得满分❤️我好爱她
154608,8284,邢程,2022-06-02 12:00:19,2,7,5,xc姐姐我爱😍😍😍
157570,8284,邢程,2022-06-23 19:09:24,1,28,27,老公！
164572,8284,邢程,2022-12-25 13:23:17,38,62,24,邢程老师确实是中文系老师中的一股清流。但是还是能在老师身上看到京津地区人骨子里的傲慢。\n\n虽然说现当代文学重在自己阅读，但是对于低年级本科生，完全自学是不可能大有长进的，还是需要有师傅领进门的。\n\n邢程老师的确很有才华，但是总是对想要学习勇于提问的同学冷嘲热讽，以自己“脾气不好、没有耐心”和“自己学生时代都是自学”这两个理由拒绝为学生答疑解惑。甚至有同学在课程群里寻求帮助，邢程老师也是用非常傲慢非常蔑视非常不耐烦的语气予以回复。\n\n我知道低年级本科生有时候提的问题在老师那里很幼稚，但是人不都是一步步成长起来的吗，何必冷嘲热讽？能在浙大这个理工的不能再理工的学校读人文的同学，大部分都是对文学怀有满腔热爱和激情的吧。“学高为师，身正为范”，希望每个中文系的老师即使是在为低年级本科生上课也不忘记这一点。\n\n另，这个评价只是基于前面几楼的好评太过片面，本人才在此作出另一面更加客观的评价。需要说明的是，邢程老师很有才华，课堂也很有深度，阅读量巨大，考试很难，想水课拿高绩点的人慎选。\n\n以上。\n\n补充：在文化上xc老师极度瞧不起理工独大的浙大，但是个人品行以及所作所为却很配浙大。精致的利己主义者，莫过于此了。
164601,8284,邢程,2023-01-14 10:21:06,-52,16,68,因为赴美交流，感受了国外的世界，认为国外的月亮更圆，对于国外尤其是美日简直不吝赞美之词，暗戳戳贬损时事；瞧不起学生工作与学生会，言语间讥讽选调生与“自甘堕落之人”，请问不找工作我们怎么吃饭？\n\n她自己也知道，“梦是好的，否则学分是要紧的”；却依然对那些在群里提问的学生极尽冷嘲热讽，瞧不起他们提出来的看似幼稚的问题\n\n所做所言实为公知行径，令人愤慨！\n\n更新：我所说的或许有些过分了，还是楼下两位同学说的更加中肯一些。但是老师在教学方面的人情味不光是通过一个所谓的“期末海底捞”就能完美体现出来的，平时课堂内外的互动与网课期间对于课程“所有权”的言辞实在是让头昏脑涨的同学们心寒
164618,8284,邢程,2023-01-20 14:16:40,5,35,30,首先必须承认老师很有才华，知识渊博，课堂干货很多，推荐的书能给学生很大的收获。\n\n但是，老师态度很傲慢，很自我。大家基本上都只是低年级本科生，老师指望我们有多大能耐呢，常常挂在嘴边的是“反正你们也不懂”，我们是不懂，但是没有谁是生下来就懂的吧，不都是一步一步往上走吗，何必出口伤人呢。有时候讲着讲着讲到她的其他学生，会说一些很难听的话，没脑子、🐖之类的话，我理解这是提示我们写论文需要注意一些基本的原则，但真的很为那些被骂的同学难过，那些快毕业的学长学姐大概不知道自己会在不相干的课上被作为靶子。有时候都分不清老师是在鞭策同学努力读书还是真的蔑视学生，我相信是前者，但不得不说老师是有点刻薄了，姑且理解成是对学生的严格要求吧，就当作锻炼心理承受能力了。\n\n直到今天发生了一件让我难以接受的事情，忍不住在这里发出来。现在22年底，老师说发烧的同学可以不用听课，有同学希望老师能把钉钉会议换成直播，或者会议开录制，这样发烧的同学之后可以看回放。结果老师说“我凭什么要录制啊，我凭什么要可以回放啊，又不是在拍电视剧，又不能每回放一次给我多少片酬”“线下上课的话，发烧的同学本来也不能来上课啊”，一连说了好几个“我偏不”。发烧阳性是学生能决定的事情吗，开录制只是点一下鼠标的事情，对于发烧的同学是多大的方便和安慰。真的有人对录制的课打歪主意的话，电脑可以录屏，想防也防不住，老师的做法除了给阳性的同学带来不便之外没有什么意义。自然，不开录制也是老师的本分。只是太没有人情味了。不晓得老师为什么要和学生隔得这么远，表现得桀骜并不能显得自己很厉害，同学喜爱老师是被老师的能力和知识吸引，不是因为老师说话很拽，恐怕不止我一个人不适应这种说话方式。xc老师在浙大的一群温润儒者之间确实是异类，好不好见仁见智，至少今天这件事情我觉得寒心。\n\n这只是吐槽，选课的同学别太玻璃心，认真学好最重要\n\n补充：给分不赖
165298,8284,邢程,2022-12-31 07:45:36,2,12,10,现代人
165715,8284,邢程,2023-01-09 11:22:18,13,24,11,楼下某评论真是让人瞠目。如果你上过现代文学史课的话，那你真的没把这门课程的最精髓的内容学好——白话文运动反对的正是这种用僵化的语言给人随便贴标签的行径。至于老师公知与否，只要你多了解她一些，自然会有自己的答案。希望大家不要被误导。老师非常的“现代”，有智慧、有头脑，实乃吾辈楷模。很感谢老师在现代文学史课上一遍遍地教给我们何谓文学，何谓现代。至于美貌，就不用我夸了（当然，这是次要的！）。
166071,8284,邢程,2023-01-11 04:34:47,-16,8,24,女神！！真的很喜欢 学到很多 虽然卡绩4.5小遗憾 或许是自己学识不精 再接再厉吧
166506,8284,邢程,2023-01-12 12:46:08,4,21,17,不懂为什么多了三条说老师没人情味的评论。。当你真的好好了解老师的课，了解老师的为人，就不会这么大放厥词。。
167818,8284,邢程,2023-01-19 08:41:20,10,10,0,又爱又惧
168166,8284,邢程,2023-01-31 06:42:30,23,28,5,很搞笑，所有骂的都补充上了一句：给分不赖/海底捞。因为给分好点就有所缓和，因为被冒犯了长篇吐槽，非常即时非常现代的反应。做出评论至少先统一一下自己说话的逻辑吧。
169091,8284,邢程,2023-02-24 09:09:21,7,10,3,缓考就是为了在考场上多看邢姐姐几眼🤤🤤🤤
169364,8284,邢程,2023-02-25 14:52:41,-3,11,14,上面一个同学做出了这样一个评论：其他同学所给出的评价是“非常即时非常现代的反应”并指责他们“做出评论至少先统一一下自己说话的逻辑”。不知道这位同学有没有想过：你的这番话里面其实已经承认这些同学说话的方式就有一种“现代”的“逻辑”，所以你其实已经承认他们的话语中有一个贯通的逻辑。所以我想这位同学虽然意识到了这种“现代的反应”是一种错误，但是你将这种错误归咎于逻辑的不统一，反而与自己的话语产生了冲突。我想如果这位同学的确是认可邢程老师的观点不认为她的行为方式是一种冒犯，那么你没有意识到你的话语其实就是邢程老师在课程强调的话语的一体两面性，你也没有接受到邢程老师课程的有效观点；如果你本来就是认可邢程老师的给分而不是她的观点与行为，那你这种批判也只是一种自恋的自我陶醉。这实在是一种倒错！
169377,8284,邢程,2023-02-25 20:05:54,27,35,8,实在是无语。上面的那条评论完全不知所云。你要想反驳“说话要做到逻辑一致”的评论，你首先得逻辑一致，而我在你的评论中看到了你逻辑的混乱。邢老师很有个性，确实是浙大一众教师中的异类。然而，异类怎么了？研究文学不正是需要individuality吗。回放一事是观念上的不一致。说老师骂学生是猪的那条，麻烦别掐头去尾…注意老师说话的语境…老师说，脑子生出来是要用的，如果你的脑子每天就想下顿吃什么，这和猪有什么区别。老师说完叹了口气，说，“哎，实在是…”满满的无奈。我当时真的有被狠狠戳到…老师有时候可能是“毒舌”了一点，但同时请你想想所谓的aggressive难道不也是一种受挫的应激反应吗？也许一众儒雅温和的教授早已被抹去了棱角。请你们对老师宽容点吧。哎。老师上课说到倪焕之（也是叶圣陶本人）对教育事业的挫败感来源之一就是学生。还有骂公知的那条（这就是秉承自由包容校风的zjuer），你们这么做只会让老师不敢讲话，那么就永远躲在无知的甜蜜之中吧哈哈哈哈。清醒的人总是更加痛苦和冷峻的。这是老师的人生态度也是（我姑且称之为）美学风格吧。外国的月亮圆？老师承认发达资本主义的国家之先进发达，中国想要变得更好难道不应该睁眼看世界向先进的国家学习吗？这就等于外国的月亮圆啦？你还真以为老师是资本主义的拥趸啊，那你可就真没看到她身上的批判精神和抵抗意识，老师在课上可不止一遍两遍批判资本主义对人的异化（现代人的异化）哟。哦还有，精致的利己主义者可并不是一个什么坏词儿，人理想的生存状况不应该就是精致且利己的吗？利己妨害利他吗？邢老师上课那么认真，做足功夫备课，难道不是利他吗？她大可以像某些教授一样不备课随便复读ppt。总之，我相信邢老师不会把某些恶评放在心上。以上的评论界出自一家之言，我不敢打包票说我的评论完全贴合老师本人，但至少不会太离谱；同理，楼上的所有评论也仅仅是一家之言，大家看看就好，好坏自在人心。
170162,8284,邢程,2023-03-01 16:39:57,4,8,4,嘿嘿🤤🤤邢姐姐\n\n嘿嘿
171305,8284,邢程,2023-03-21 08:37:06,32,35,3,邢程老师是中文系很犀利的老师，你做得好的时候她会称赞，做得不好的时候她会批评，而不是为了一团和气而漠视问题。她很幽默，这是在许多老师甚至许多学生身上都稀有的品质，我喜欢幽默风趣的人，即使她是在开我不学无术的玩笑，我觉得她讲得没错我也挺开心，我身边已经很少有人愿意指出别人的问题了（很多同侪巴不得别人像个小丑，自己独醒）。她是年轻老师，所以她会关注年轻人喜欢的东西：本雅明、勃兰兑斯、福柯、柄谷行人、詹姆逊……她给我打开新世界，而非像一些文艺所的老师一样把理论讲的像古法辩经，我从她身上感受到了学现代文学的激情。我认同邢老师的一些做法，不是因为我偏激更不是因为我屁股歪了，而是因为很多事情的确有因有缘。我希望大家反驳邢老师的理由不是“我低年级我不知道怎么了？”而是“不，老师，我知道这个东西，你多讲一点”。
171614,8284,邢程,2023-03-30 04:40:35,15,25,10,邢老师给我的感觉，虽然她不承认，可她骨子里是一个男性，
171784,8284,邢程,2023-04-16 11:59:45,15,15,0,不点名 鼓励自学 讲课有观点有用处。具体为了不剧透就不在这里说了。宝藏可冲。\n\n现当代文学史2课后阅读量多 考试集中于ppt 好好复习便可。\n\n但来看这些帖子的大部分肯定是不了解的情况下为了选课而来的吧？想对和我一样比较社恐玻璃心且学识毫无基础的人说，最开始上课的时候她的说话方式确实有时候戳人 有一节课她讲到我自己平时积累比较丰富的一块（戏剧）时用批评的语气提到我认为很好的点 我下课问她为什么这么说的时候她说我讲的东西你别全信 我下课查了资料后确认了她讲的东西确实局限了，这节课确实我自学的成果更好。于是她给我的启发就是像她上课一贯的主张一样，自己扎实学习，任何人的讲话都是ta的一种叙事 你需要扎实学习坚定判断 获得你自己的东西 不要被她展现出来的内容和形式和气场覆盖。虽然在看上去比较尖锐的她面前，这个心态需要练出来，我也正在练。\n\n老师平时挺可爱的。这让我确证了她那么说是为了让大家学习。我其实挺喜欢她。\n\n看到大家对她某些言行的评价，确实有些同学掐头去尾了（比如🐖这种话我可以作证，确实是“你们如果不思考，只想着下一顿吃什么，和🐖有什么区别”而不是把某个同学比作🐖），也有些是切实地描述，比如她自己的态度确实不喜欢智云把她录下来。我不对这些事情做评价，希望后来的同学知道，每个之前发出的评论都只是一份份叙事，不是一个个机械回放。大家打分是因为对老师本人有自己的感受，不等于课堂含金量。\n\n希望她如她所愿的生活，一个感谢她的人不知道怎么祝愿。
172519,8284,邢程,2023-04-28 12:57:24,-12,6,18,回复楼上，其实也就耍耍大陆本科生没留过学而已 人家真老外课堂课后教学服务态度没那么差，这不是个不个性的问题。
172695,8284,邢程,2023-05-04 12:37:38,1,1,0,非常有趣，讲的也非常好
173851,8284,邢程,2023-06-03 15:32:10,3,3,0,邢姐姐课上得超好！受益匪浅！邢姐姐的确比较有个性有锋芒，但是反正对我而言，说两句就说两句呗，在邢姐姐这学到的东西是我很难自己学到的
174482,8284,邢程,2023-06-13 03:05:51,20,22,2,挺好的，电锯嘴，豆腐心
179300,8284,邢程,2023-09-08 09:01:25,1,1,0,发现自己没评分，速来补一下🥺超爱邢姐，听课是享受，说话很风趣，言辞很犀利，很有意味。虽然我因为没背书考试遭大难，但现代文学史考试笑话也真的很经典，够我笑十年了（我自己也是笑话的组成部分🤣\n\n【23年怎么突然多出来这么多奇怪的评论。关于录像那个，很多老师都不乐意被拍摄的，感觉是对知识产权的侵犯，学校强制要求是一回事，让老师主动拍那是另一回事，疫情上网课的时候有老师是上完课就删记录的】
179542,8284,邢程,2023-09-18 05:45:50,15,15,0,我命中注定的美女老师🥵😭🤤
183145,8284,邢程,2023-11-22 11:36:36,16,18,2,评论似乎比较两极分化......我是很喜欢邢程老师的，评论里很多人说她只鼓励自学，不管我们是低年级本科生，没有耐心，但是我觉得恰恰相反。我从来没有在哪个课上看到有老师像xcjj一样告诉我们“论文”到底应该怎么写，我在去问问题的时候，老师虽然会开玩笑的反讽两句，但是之后会很耐心的给我讲我提问的问题，甚至会拓展一些东西。或许有的时候老师确实会拒绝回答你的问题，但我感觉更大的可能是因为这个问题你没有思考，因为我觉得现在真的很多大学生都还是高中生思维，不会的就问老师，并不知道自己先去找找答案，或者自己先有一个观点再去讨论，这中真的不是一个大学生应该有的学习态度，我觉得老师拒绝回答也是对于自主能力的一种培养吧。\n\n她上课也是很有意思的，可能我不是玻璃心吧，我觉得开开玩笑挺好的，虽然确实是经典“电锯嘴”，但是没涉及到原则问题也都可以接受吧。一些观点和知识的拓展也都很棒，包括会推荐我们去读一些学术的书籍，不是仅仅停留在作品表面，而是更多的让我们去了解一下作为中文人，应该“如何”去读作品。\n\n然后她的美貌更不必说，包括声音也很好听(¯﹃¯)上课真的是一种享受(*^▽^*)
184282,8284,邢程,2023-12-15 07:08:28,4,13,9,看到“拒绝回答你的问题是帮助你培养你的自学能力”一条忍不住叹了口气，拒绝就是拒绝，人有权利拒绝，这是人家自由，少点一厢情愿，大学如市场，少上点价值，你好我也好。
184822,8284,邢程,2023-12-23 06:38:49,14,15,1,收到老公
185947,8284,邢程,2024-01-06 09:10:36,20,20,0,“填空题力求变态。祝大家玩得愉快。”（邢程，2024）
186104,8284,邢程,2024-01-08 11:47:39,7,7,0,回不知道第几楼，邢姐姐那是alpha气质🤤抱歉
186811,8284,邢程,2024-01-13 06:32:18,1,1,0,邢老师的好处难以三言两语作形容 很难忘的一门课
186850,8284,邢程,2024-01-13 09:01:24,7,8,1,中国现代文学史二，十分，不点名。\n\n这个是我考完之后才发现的（老师会捞，我的分数差不多就是我考前背的那些该有的分数）：老师把“现代性”表述为“自由表达理性思考”，是一个在文学领域行之有效的办法，对大部分没什么哲学底子的学生来说。但“现代性”在某些语境下包含某种隐忧——“现代性”实际上是在崇拜能够被即时证明有效的东西，也即理性，科学。那些无法被即时证明有效的因素，比如经验或者人文，是容易被现代性磨灭的。（不是在反驳老师蒽）\n\n这门课从第一节课开始就会有醍醐灌顶之感：老师信手拈来的西方前沿文论，鲁迅文字，还有傲慢且广阔的学术视野，让学生无不受用。课件里提及的论著都挺好看的（我就看了本雅明和张旭东），尽管读不完的才是大多数。是一个让人痴迷的老师，是一门让学生终身受用的课。\n\n另外，本门课唯一指定必读书目无疑是《鲁迅全集》（老师无处不能讲鲁迅）而图书馆里在架的一般不全，呐喊彷徨野草朝花夕拾的单本倒是好借，推荐后来上这门课的同学有一个平板/kindle，方便阅读。
186875,8284,邢程,2024-01-13 10:16:19,1,2,1,绝了绝了绝了连我这种人都能捞起来真能捞啊啊啊啊啊啊啊爆哭了都给我选她😭😭😭
186879,8284,邢程,2024-01-13 10:57:38,15,15,0,有人喜欢就有人不喜欢。xc老师不是那种鼓励式和引导式的老师，课堂阅读任务安排的很重（平均每周一本长篇小说的阅读量）其实挺不堪其重的。提的问题她也很少直接回答。给分其实比较主观，主要是想拿中高分数段就不是传统意义上的知识学好能达到的，要在一定程度上迎合她，所以要是跟她气场不合或者不小心踩到雷区（她的雷区非常多）的话最后的分会很痛苦...\n\n总之是个好老师，这是我的评价，但不适合所有人。\n\n希望喜欢xc老师的同学也不要踩我，让更多人看到不同的观点，这也是xc老师会赞同的，我相信她的学生是会对不同的观点有包容度的。
186948,8284,邢程,2024-01-14 01:10:46,4,4,0,讲得很好，给分也不错。\n\n好像不怎么喜欢上课，但无碍其质量，正如司命大神，“来都来了”，庄子是谁并不重要（但庄子可能接受不了）。
186968,8284,邢程,2024-01-14 03:29:20,0,11,11,提到的书我基本上都看了，鲁迅全集看到第六卷，看了不止一遍，在阅读上收获很大。考前很认真的复习了，把智云全看了一遍，复习到了很多细节性东西，考试的时候题目基本上都会，除了那两个经典文本默写。甚至大题都是押过的认真思考过的，也写的很多答得很全。给分真的让我无法和解，感觉全是主观性，只能说我知道我本身水平很低，原来认真听每一次课、认真复习、广泛阅读，但读书报告迎合不了老师的口味，得到很低的分数也是理所当然的么。
187009,8284,邢程,2024-01-14 06:30:38,5,6,1,老公老公我爱你
187022,8284,邢程,2024-01-14 07:28:52,5,8,3,我命中注定的老公🥵🥵🥵
188542,8284,邢程,2024-01-19 08:02:15,2,2,0,Wannabe
189168,8284,邢程,2024-01-22 08:18:07,9,10,1,上学期的阿翟，这学期的xcjj。感谢二位在我贫瘠的思想灵魂沙漠上播下一颗颗种子\n\n一位有深度的，脱离了低级趣味的，有独立完整自主性的青年学者，谢谢老师。是我这学期收获最大的一门课之一。当然还是最喜欢他对作品的批评！下学期还有幸选上了您的浙籍作家，虽然您严格，但值得！
189838,8284,邢程,2024-01-30 14:47:21,14,16,2,原本真的打算没文化没出息地enjoy happiness然后摆完这四年这一生，但是姐姐让我再一次为知识的力量所震撼，意识到刻苦与勇敢这两个看似普通实则大多数人并不具有的品质的魅力。因为姐姐的影响，我也在很努力的重拾阅读的习惯，开始“用脑子”，菜菜的我也会希望向她靠近一点点。（emmm这句话在姐姐看来应该很幼稚吧）
194962,8284,邢程,2024-06-26 05:26:32,7,11,4,老师有一种高傲的感觉，老师上课当然是好的，但给我一种思维很发散的感觉，讲到哪是哪（逻辑性的问题），就老师表现的平时态度，私以为老师有点冷漠，这当然是个性的问题，但我觉得略微缺乏人情味，我个人不太喜欢，但肯定她的优秀，后面应该也不会再选她别的课。
197225,8284,邢程,2024-07-09 13:11:48,7,8,1,上了老师的现当代文学史和浙籍作家，有被狠狠启蒙到……发现原来文学史可以讲这么深，发现原来看似遥远的文学和个人的生活处境有着密切的联系，在听到现代性、文学与政治、体制这些东西以后感觉自己已经被邢程姐姐害死了（舔）。以及真的很喜欢老师的穿搭和气质，很多时候在课上都会盯着她发呆，感觉她站在那就透着一点冷峻犀利的味道，很鲁迅……\n\n学汉语言能遇上邢程姐姐真的很幸运，感觉打开了新世界的大门hhhh
217349,8284,邢程,2025-04-09 02:47:31,5,10,5,土逼文学院学生就该被这样的老师骂一骂
217883,8284,邢程,2025-04-17 12:03:25,2,2,0,我谈谈文学院学生的专业课直观感受，上课老师的功底之深与思考之辩证，实乃罕见。但是不可否认，低年级学生想要跟上老师必然要花大力气（本人如此）。现代史1没有作业，但是期中有论文，期末有考试，平常有阅读（不强制但是不读期末就完蛋了）。老师对于论文的布置非常随意，但是同学们不能随意（期中论文的布置十分波折，到期中周末了我都不知道ddl，才刚知道字数不得低于2000，最好5000，这里莫怪笔者，助教也不清楚）。上这门课切记不要带着任务目的，单纯地学习与思考才不会焦虑，陌生化去认识你已经完全理解的历史与其中人物，这很重要。笔者未能免去俗套，落笔也是希望新的同学能够更好面对这门课（获得自己满意的答案），老师就是一个很正常的学者，有自己不喜欢的，有自己喜欢的，有脾气，因为很忙所以不可能照顾到一切，就是这样。老师不是绩杀，老师不会为难，但是高绩点真的要真才实学（甚至不只是努力）
217967,8284,邢程,2025-04-18 12:33:50,1,1,0,其实我觉得现代大部分小说不太好看…但是为了跟上老师会把鲁迅全集认真地读下去
219000,8284,邢程,2025-05-17 15:13:42,2,2,0,被xcjj骂得爽到怀疑自己有m倾向（\n\n老师的思辨能力、上课能力毋庸置疑，发散思维很强。上课绝对值了。但散发一种生人勿扰勿近的气质，高傲得鄙夷众生的感觉？。无所谓吧，文院每个老师都很有..个性，有些东西真的说不清楚。。重要的是我们自己干好自己的事，以及在经过自己思考之后从老师身上吸取有益的成分吧…
219139,8284,邢程,2025-05-22 07:14:30,2,2,0,很绝，十分！xc老师的态度、气质、品味会潜移默化影响上课的同学，会感觉刷新认知、思想飞升，但还是想提醒大家保持谦逊平和，高傲需要资本。
219885,8284,邢程,2025-06-10 03:09:52,0,1,1,xcjj我是你的狗
220324,8284,邢程,2025-06-17 08:57:45,-1,0,1,邢程姐姐我要追随你一辈子。。
220762,8284,邢程,2025-06-19 14:28:13,1,1,0,arbitrary＞individuality
221421,8284,邢程,2025-06-23 10:20:46,0,0,0,老师讲课挺好的，上课也不点名，就是有点把没礼貌当个性。。。
133219,8285,庄初升,2021-02-19 06:39:25,12,17,5,给分高 就是课听不懂
136829,8285,庄初升,2021-06-25 08:02:09,5,10,5,讲的啥我是听不懂，倒是很认真负责，被节假日冲掉的课也会主动安排时间补。
142721,8285,庄初升,2021-11-15 12:50:22,28,35,7,浙江大学中文系的学生有些老师的课是一定要听的。庄子是其中之一。
144557,8285,庄初升,2021-12-22 08:55:12,2,5,3,上课体验绝佳，老师学术水平高，教学方法也不错，人很可爱！好好学绩点不是问题！
164498,8285,庄初升,2022-12-21 09:26:36,5,6,1,音韵学是真的难
168769,8285,庄初升,2023-02-22 05:01:11,3,4,1,老师很牛，是我太菜
172039,8285,庄初升,2023-04-18 03:14:34,-5,4,9,呵呵呵
174300,8285,庄初升,2023-06-09 06:16:43,3,4,1,老师超可爱的！
181255,8285,庄初升,2023-10-12 09:57:01,-10,7,17,人如其名，很初升
181256,8285,庄初升,2023-10-12 09:58:02,3,4,1,真的能拖
182589,8285,庄初升,2023-11-18 03:07:26,1,2,1,怎么会有5道题变4道题还写不完的期末考啊www
183995,8285,庄初升,2023-12-06 01:07:15,2,3,1,老师蛮好，对同学也很耐心。语言学的课程确实很有难度，大家慎重
199478,8285,庄初升,2024-09-24 09:12:55,5,5,0,听不懂
199619,8285,庄初升,2024-09-26 09:33:07,3,4,1,5分给他的高水平高造诣，讲课……
199891,8285,庄初升,2024-10-07 09:20:34,2,4,2,讲课太形而上学了，知其然不知其所以然，很多大学老师都有这个通病，初生老师更严重
201142,8285,庄初升,2024-11-27 06:45:16,2,2,0,庄老师很好但课很难
202750,8285,庄初升,2024-11-14 07:02:04,4,4,0,音韵学特别特别硬。《汉字古音手册》买不到的话可以到基图借《汉字古音表稿》，好像有两本。我个人感觉他的课不太好懂，音韵初学更适合借图书馆的《基础音韵学》和《反切释要》。
202795,8285,庄初升,2024-11-14 12:05:31,3,3,0,音韵学有没有学明白和考试能考多少分真的是两码事，如果有志于学，无形的前置知识（例如现代汉语语言部分、国际音标、入声字……）最好多掌握一些。
202947,8285,庄初升,2024-11-15 10:32:17,0,0,0,学问没得说。但确实不适合刚入门的同学，适合已经有一定基础的同学进一步深入。
206212,8285,庄初升,2024-12-13 08:45:54,4,5,1,音韵学讲课风格确实很发散，不太友好，但是如果认真预习、看反切释要，提早熟悉工具书，形成自己的一个理解，单就考试是可以拿高分的，虽然你对音韵学仍然一窍不通（bushi）。庄老师为人很谦和，上课超级博学且幽默。去问他问题的时候看我搬着电脑等着别的同学问完，他特意把桌上的东西拨开让我把电脑放在桌上，还有一次庄老师在教室里面走来走去让我们有问题问，把他叫过来的时候我觉得坐着问他问题怪怪的，就站着问，他还说让我坐下好了呜呜。还有超级多细节都能看出庄老师对学生有多好，很平等很耐心。如果对音韵、方言这方面感兴趣的uu别错过呀！
215429,8285,庄初升,2025-02-26 05:37:15,0,0,0,人很好，但课真有难度
216009,8285,庄初升,2025-03-09 11:20:22,1,1,0,音韵学值得反复听，现代语言学也比较有意思
198968,8378,董平,2024-09-13 12:38:17,1,1,0,上完董平老师的讲座，感觉是个很棒的教授！
130023,8792,Kristjan Laasik,2021-01-15 05:46:19,4,4,0,爱猫人士，发型拉风
178959,8792,Kristjan Laasik,2023-08-06 04:33:48,0,0,0,爱猫爱狗！
130455,8913,李乃琦,2021-01-22 13:18:54,1,1,0,温柔，记忆力好，爱点名
131770,8913,李乃琦,2021-01-29 00:56:37,-1,0,1,点名像轰炸机随机轰炸一样，就是课本学不到多少
133785,8913,李乃琦,2021-03-05 10:17:50,5,5,0,李老师非常好也很温柔，她懂得非常多却很谦虚，讲得也是基础知识之外有未来深入研究需要的技能方法。前两节课是有点名，但是非常简单，社恐也完全不用害怕。给分也超级好！是一个很棒的老师！
187838,8913,李乃琦,2024-01-17 14:30:34,1,1,0,讲课很细致
192685,8913,李乃琦,2024-05-28 05:36:01,0,0,0,老师对学生很佛系，但是感觉她自己实际上很卷自己哈哈哈哈哈哈哈
198073,8913,李乃琦,2024-08-28 08:52:13,0,0,0,速报，李老师已经丝滑入职名古屋大学~
136696,8955,邓华莹,2021-06-23 06:36:57,0,2,2,毕竟年轻
138250,8955,邓华莹,2021-07-08 07:11:12,-4,1,5,老师给分是真的好 好到我觉得我真的配不上这么高的分555555
138253,8955,邓华莹,2021-07-08 07:35:06,0,0,0,给分好吗？？
138254,8955,邓华莹,2021-07-08 07:39:32,1,7,6,外专业别来卷了，给本系学子一条活路吧！
141288,8955,邓华莹,2021-09-28 13:54:50,1,1,0,很有趣的老师！！学到了很多！
151769,8955,邓华莹,2022-03-18 13:54:19,4,4,0,水水的
167506,8955,邓华莹,2023-01-17 00:36:11,0,0,0,老师很帅的，讲课也很好，但是太求是了，打分真的好低呜呜呜
170247,8955,邓华莹,2023-03-02 07:34:20,0,2,2,第一次上他的课，感觉讲的一般
170966,8955,邓华莹,2023-03-13 11:22:35,2,3,1,老师又年轻又帅，讲课也超棒，条理清晰，也有一些拓展性的东西，学到了好多东西，好喜欢老师哇~
174896,8955,邓华莹,2023-06-19 12:45:08,7,8,1,哥哥虽然讲课一般，但帅的嘞
175212,8955,邓华莹,2023-06-22 12:13:07,-5,5,10,外专业的表示：老师给分是真的好啊。期末考前因为本专业课程多没有很多时间背近代史还是拿了94。就是讲课讲的挺一般的，近代史这么有意思的内容可以讲的更加生动有趣一点
177393,8955,邓华莹,2023-07-03 06:21:27,4,4,0,那个外专业怎么回事，明明那个时间分都没出来，考试都还没有考
178225,8955,邓华莹,2023-07-08 08:53:50,5,5,0,（1）平时成绩=60%：出勤、课堂讨论：15%；平时作业、文献阅读：45%\n\n（2）期末闭卷考试=40%：名词解释八个，每个五分，论述题四个（可能包含两小问），每个十五分\n\n上课：老师看起来很年轻，态度亲和，有娓娓道来之感，很喜欢他的上课模式。上课其实认真在听的同学不是特别多，有不少文献分析的内容，其实与这次期末考试关系不是很大，但有一点牵涉，也能帮助理解和记忆。\n\n期末复习建议：1、考试范围主要是教材的上册，尽量多背名词解释，一些概念范围较大的名词也需要重视（如这次考试中的天平天国、洋务运动等）。\n\n2、如果时间实在来不及可以大致翻阅一下教材，但一些上课重点讲过的主题和没有知识储备的部分需要进行记忆，也有助于考试写论述题时打开思路\n\n3、题目上基本会与之前的历年卷避开，且涵盖范围较大，有条件的话尽量多记忆
193160,8955,邓华莹,2024-06-04 05:38:37,0,1,1,中国近代史可水可听。确实年轻帅气（我可以说我第一节课进教室还以为他也是学生吗），挺轻松幽默的。外专业还没出分前来评一下，希望绩点高高！
194454,8955,邓华莹,2024-06-24 04:21:05,0,0,0,帅哥，恨你了。
195240,8955,邓华莹,2024-06-27 11:37:57,0,0,0,抱歉，上课老是睡过头
146168,9115,韩琦,2022-01-05 15:22:40,8,13,5,对学术要求非常高的一位老师，不过真的能学到很多东西！虽然还没出分，但还是来给个十分。韩老师真的很厉害，而且非常儒雅。作为韩老师在浙大教的第一届学生，何其有幸。
146610,9115,韩琦,2022-01-07 05:12:34,1,3,2,值得尊敬的老师
147233,9115,韩琦,2022-01-09 07:58:12,0,3,3,儒雅随和
150556,9115,韩琦,2022-01-30 07:50:37,1,4,3,国内藏书大家！叔父是张秀民先生，学术界很有名
154412,9115,韩琦,2022-06-01 05:10:55,7,8,1,会突然把开卷考试改闭卷...
154689,9115,韩琦,2022-06-03 13:28:50,7,7,0,知识上很专业，兴趣很宽泛，善于变动的老师。
154796,9115,韩琦,2022-06-05 12:34:15,2,3,1,很博学的老师，课堂上干货满满。
158588,9115,韩琦,2022-06-30 11:34:44,2,3,1,很儒雅的老师，博学谦和，大师风范！
161268,9115,韩琦,2022-12-20 07:46:59,0,1,1,很严格很负责的一个老师
161926,9115,韩琦,2022-11-15 05:43:02,-1,0,1,儒雅随和
141551,9138,叶君剑,2021-10-14 05:57:32,12,14,2,老师讲课很好，很温柔
141905,9138,叶君剑,2021-10-31 07:38:01,7,9,2,叶老师讲课超级好，人也很温柔
142869,9138,叶君剑,2021-12-21 14:36:04,-2,2,4,事情有点多
144099,9138,叶君剑,2021-12-17 13:51:46,2,2,0,人很温柔，但是希望老师更幽默一点嘿嘿
144533,9138,叶君剑,2022-01-11 04:46:33,3,6,3,人很随和 好说话\n\n出了分了再来更一波 \n\n给分很好\n\n他自己上课的时候就说读书报告我都是打的38、39的\n\n最后4.8 狠狠救了我一把\n\n感谢老师🙏
144827,9138,叶君剑,2021-12-25 04:19:25,3,3,0,老师挺好的呀
145510,9138,叶君剑,2021-12-30 05:34:09,37,41,4,老师挺负责任的，也很温柔，好说话。\n\n那些说老师事情多的，好像史纲都这么多事情吧。\n\n但是我个人觉得老师做事情很有条理的，所有ddl第一节课就说好了，安排的明明白白，所以你不会堆积史纲课的作业。一般都会要求冬六周就交完所有的作业，期末周就不用赶史纲作业的，还是很爽的。\n\n上课内容很多的，不局限于书本，但是还达不到“百家讲坛”的程度。\n\n总之，还是很好的老师的，推荐。
145601,9138,叶君剑,2021-12-30 12:27:01,0,1,1,上课挺好的，很柔和，时而点名时而不点。当然，论文读书报告啥的都是要写的，好在要求不算高。但是听说有别的史纲课老师不用写论文的，可以去了解一下。
146666,9138,叶君剑,2022-01-11 06:52:22,0,12,12,为什么大家都说被捞了………我论文书评都很认真地写，期末绝大多数都确定对，结果3.0，为什么啊
147843,9138,叶君剑,2022-01-11 03:38:05,1,1,0,还不错，自认为小组展示很拉胯，还是有3.9。读书报告和论文都是要写的，一个2000-4000，一个3000-5000。作文拉不开差距，主要还是小组展示分差比较大。上课也还有意思的
147862,9138,叶君剑,2022-01-11 04:27:43,6,7,1,老师今年应该是第一次带史纲。老师很温柔，讲课也讲的很好，会有很多扩展，对我这种喜欢稗官野史的人是一大福利！作业的话史纲作业本来就比较多但我觉得还挺有意思的，比如读书报告和口述访谈二选一我选的后者，然后我采访了家里的老人感觉很有趣。然后要强烈安利小组展示，每个组都超级精彩！！！助教姐姐也很好，老师给分也不错哈哈哈我4.5已经很知足了！！！大爱yjj老师！！！
147877,9138,叶君剑,2022-01-11 05:08:03,2,3,1,绝对是我大一接触最喜欢点名的老师😂\n\n不过人超好，很好说话，给分也很赞。上课也会拓展很多东西，也非常有意思\n\n另外小组展示真的很重要！！基本是平时分最拉区分度的一环！！！
147887,9138,叶君剑,2022-01-11 05:49:48,3,5,2,好老师，上课很温柔，挺享受的。不过很赞同楼上的一句话，达不到“百家讲坛”的程度。（有幸听过赵晖老师讲课，百家讲坛yyds）\n\n给分很不错了！叶老师上课说30分的读书报告平均分就有27，小论文也差不多。所以主要拉分项是小组展示。\n\n本人是小组长，上课回答提问都有，不过读书报告和论文水了一点，最后是90/4.5。绝对是一个性价比超高的绩点orz\n\n9分！叶老师超棒的！
148019,9138,叶君剑,2022-01-11 10:24:58,3,12,9,老师给分是真的迷呀。6次点名我都到，读书报告和论文字数写满，论文还按照老师发的格式改了又改（老师没有明确强调格式要求）。然后课堂除了疫情没上线下课几乎每次发言。期末考的选择题确切答案找到了16个选择题，大题也就一个没有太找到。可结果呢，老师就给了我3.6。还是卡绩给的。X﹏X，正态也正态不到我头上吧。
148200,9138,叶君剑,2022-01-12 01:02:42,1,2,1,还挺好吧，给分其实也挺好的，老师也很和善
148439,9138,叶君剑,2022-01-12 12:50:04,2,3,1,史纲可能事情都多吧。点名是学校规定没什么好说的。上课......史纲dddd。小组展示很重要。老师人挺好的，期末出分之后本来很伤心，内心os我怎么会考到这分数呢？去问老师能不能查平时分和期末分，然后老师就帮我看了，还告诉我大题的一些评分要求。然后现在就是觉得......我怎么会考这种分数呢！（惊喜.gif）
149992,9138,叶君剑,2022-01-18 07:49:45,-1,3,4,哪里捞了？\n\n论文＋读书报告，每个人总共写两份，绝对不算少的。他自己说基本上交了都27分左右，极差就两三分，看似给分大家都很好，但是最后成绩要正态啊！！！\n\n相当于全看期末考试了呗\n\n小组展示给整组打分，组内没有差别，无论你是划水还是累死的\n\n反正我是输家
150288,9138,叶君剑,2022-01-21 13:27:08,1,5,4,及格分吧，上课水。小组是互相打分，个人很反对暗箱互打的操作，组内没有区别，你躺尸和组长肝锅都一个样，本人受害者，事情最多分不多。反正就是容易被正太。总结一下：想要高分，要么自己肝到死，带飞全组；要么攀附上大佬。
156522,9138,叶君剑,2022-06-20 07:15:14,5,7,2,老师人很好感觉很有学术热情，我期末考炸了最后只有3.9只能说很倒霉啦
156570,9138,叶君剑,2022-06-21 01:08:16,1,2,1,事比较多，期末考给分也太求是了。会有点名，特地去翻了钉钉群，楼下说的数字发群里从来没有过，不知道是不是不同班的原因。
156591,9138,叶君剑,2022-06-20 11:09:38,0,2,2,老师超好超好，上课考勤会把数字发群里，平时分会拉很多，考试平均分很低但是也会捞我们（不知道楼下说的求是是什么意思），最后期末考试认真复习了也拿到了4.8
156772,9138,叶君剑,2022-06-21 02:46:35,0,0,0,老师对历史学有很多自己独特的见解，上课很有趣，作业稍微有点多，但是给分挺好的。
157304,9138,叶君剑,2022-06-23 01:37:15,0,1,1,不错，很随和的一个老师
160075,9138,叶君剑,2022-09-13 04:02:37,0,0,0,好老师！不鼓励鹅颈！（小组表演说了不要特意去买道具，规定论文字数上限）\n\n讲的也很好！\n\n选他！\n\n上课积极发言、提问有加分的，1-1.5好像。\n\n推荐书目很有意思！上课时候不定时掉落书目！\n\n论文可以是读书报告也可以是家族史好像。\n\n我不卷字数，我们小组表演就排了两个小时，我非组长，4.8，选他！
165774,9138,叶君剑,2023-01-09 15:58:17,1,1,0,老师挺好的，上课会补充很多史实，大作业还会设置字数上限。
166167,9138,叶君剑,2023-01-11 08:59:57,6,6,0,挺好，没发言但是读书报告和口述历史还是认真写了，最后考试也挺认真的，绩点不错
170205,9138,叶君剑,2023-03-02 03:41:18,0,0,0,还不错
174550,9138,叶君剑,2023-06-14 03:56:37,1,1,0,很不错的老师
174553,9138,叶君剑,2023-06-14 04:15:37,11,11,0,最后一节课了！还没考试先给老师打个9分！老师长得像小熊，有点可爱。上课不是特别有趣，但讲得挺清楚的，也补充了很多内容。事少人很温柔，希望最后给分也好一点啊啊啊！
176017,9138,叶君剑,2023-06-27 12:19:07,7,7,0,老师真的很理解大学生呜呜呜\n\nddl一直在推迟交的时间哈哈哈\n\n上课也非常有趣
176101,9138,叶君剑,2023-06-27 17:23:44,0,0,0,事少分高
176317,9138,叶君剑,2023-06-28 11:10:56,7,10,3,10/10\n\n上的近代史纲要，老师温柔可爱，讲课内容丰富，对历史有自己的见解。反对内卷，体贴学生。作业是一篇读书报告和一篇口述史，字数上限2000字。小组展示同学互评。上课回答问题会酌情加分，看发言质量。
184815,9138,叶君剑,2023-12-23 05:11:28,2,2,0,讲课时叶老师会把历史脉络给你呈现出来，非常有趣，讲的很细致，而且给分很好，平时任务也不会难为大家，男神！
187947,9138,叶君剑,2024-01-18 01:14:03,0,0,0,还不错
188820,9138,叶君剑,2024-01-20 05:16:31,1,1,0,老师很温柔，人很好，推荐
190148,9138,叶君剑,2024-02-24 04:11:00,1,1,0,老师上课很有趣，也没什么压力，很温柔很贴心，将心比心10分
191731,9138,叶君剑,2024-04-29 07:06:53,4,4,0,老师的观点有些时候十分的有意思。
191756,9138,叶君剑,2024-04-30 00:09:49,2,2,0,很好的青椒老师，特别负责，特别耐心
198438,9138,叶君剑,2024-09-09 02:42:18,4,5,1,叶老师人很温柔、讲课比较有趣、给分也很好，长得有点像小熊\n\n在下面水课也是不管的，有可能点名，大部分人会在教室摸鱼。有一次督导来查课他也没管，督导走了之后说想给督导看看真实的课堂：）\n\n一直在往后延ddl\n\n读书报告出问题了老师还上课顺口（只说问题地）提醒了一下
201031,9138,叶君剑,2024-10-27 13:26:19,1,1,0,挺幽默的老师 把历史讲的挺生动。\n\n（期末再评论一次^-^）
202573,9138,叶君剑,2024-11-13 07:45:05,8,8,0,课堂上时不时讲述主流历史叙事避而不谈的内容，人很好说话，不反对水课，课堂上大部分同学确实在干自己的事。等期末出分后再更新～
204783,9138,叶君剑,2024-11-28 01:48:34,3,3,0,叶老师讲的东西确实有意思
205665,9138,叶君剑,2024-12-11 03:36:56,7,7,0,一个真正的历史学者！
207587,9138,叶君剑,2024-12-23 07:36:35,13,13,0,上课还会讲书本上没有的历史，课堂宽容自由，选上就是赚到
209622,9138,叶君剑,2025-01-06 11:20:42,13,13,0,真正的历史学者，会在课上真正的与同学们讨论问题，上他的课收获很大，思想很有深度
210409,9138,叶君剑,2025-01-09 06:15:19,7,9,2,叶老师真的很好啊，长得就有一种小熊的感觉，而且有自己对历史的看法，最后89 4.5感谢老师呜呜呜
210422,9138,叶君剑,2025-01-09 06:40:25,4,6,2,91/4.5感谢，老师上课很有意思，会讲一些自己的看法，不拘泥于课本，人也挺好的
210425,9138,叶君剑,2025-01-09 06:52:54,4,4,0,很好的老师
210427,9138,叶君剑,2025-01-09 06:54:03,4,4,0,老师讲课很有意思！都说老师长的像小熊hhh
210429,9138,叶君剑,2025-01-09 06:55:46,3,3,0,事少分高，对历史有自己的见解
210432,9138,叶君剑,2025-01-09 07:07:43,2,2,0,感谢老师捞我！
210440,9138,叶君剑,2025-01-09 07:20:00,2,2,0,很棒哦很棒哦～给分特别好～虽然一节课没听但是最后给分特别好嘿嘿嘿嘿开心开心～
210472,9138,叶君剑,2025-01-09 08:17:26,2,2,0,考试讲的历史知识很有意思，很有自己独到的见解，给分也不错
210475,9138,叶君剑,2025-01-09 08:26:03,6,6,0,叶老师会一直给大家强调这门课的付出和回报可能不成正比，毕竟有正太分布在。不过最重要的是，期末考试一定要考好。绩点想上4.5的话期末考试分数低于80分希望就不大了。叶老师也不鼓励鹅颈，课堂氛围很自由，随缘点名，课堂回答问题有加分。平时分一共占70分。平时分由很多部分组成，包括口述历史（实际上是写），小组展示等。老师的平时分一般不会给满，但一般也在60分上（我的平时分扣了6，7分左右）。总之，还是很推荐大家选的。
210480,9138,叶君剑,2025-01-09 08:28:50,3,3,0,4.5赶来感谢 课上没发过言 感觉作业做的还算认真 期末考写不动了感觉写的也不是很认真 感觉老师讲课还是有自己的思路在的
210486,9138,叶君剑,2025-01-09 08:38:55,4,4,0,会随机签到，允许下课后补签，为人很好，平时基本没什么任务，没有发言，最后出分4.2
210500,9138,叶君剑,2025-01-09 09:04:13,3,4,1,省流：\n\n人好，讲课好，事少分高。\n\n具体分析：\n\n1 上课会不时出现一些小众的历史视角的内容，我本来都不打算听历史课的（高中就没听过历史课），也觉得收获颇丰。\n\n2 我只是正常完成了叶老师的作业，小组展示划了水，书也从来没翻过，期末裸考翻书找信息，喜提4.8，已经超出预期太多了。叶老师给分真的足够良心！
210538,9138,叶君剑,2025-01-09 10:20:40,7,7,0,额绩点4.5不过感觉自己平时作业完成的挺认真的，读书报告也写了蛮久就是表演的时候有点小插曲是ppt声音太小了，不过我自我感觉期末考试应该是选择题全对然后大题抄了一堆多少分没有把握，总体来说还可以
210562,9138,叶君剑,2025-01-09 10:55:49,3,3,0,总评89，应该是被捞了。感谢叶老师
210598,9138,叶君剑,2025-01-09 11:52:57,2,2,0,事少分高，课非常值得一听
210679,9138,叶君剑,2025-01-09 16:17:19,1,1,0,感觉老师给分真的很好TvT\n\n平时上课感觉很有素养，讲课也很有趣\n\n一学期没有发过一次言，尽力认真完成作业\n\n老师会在ddl前一周提醒学生\n\n感谢老师捞我！！
210857,9138,叶君剑,2025-01-10 05:37:15,8,9,1,事少分高，上课会经常讲课本之外的内容（甚至敏感内容），很喜欢和学生讨论，男神！\n\n最后摸了一学期的鱼也喜提89/4.5哈哈哈哈（感觉是被捞了）
211049,9138,叶君剑,2025-01-10 11:56:03,3,3,0,非常好的老师，历史观点十分独特，必须满分
211668,9138,叶君剑,2025-01-12 06:33:47,1,1,0,各方面都很宽容的好老师！
212530,9138,叶君剑,2025-01-14 06:48:40,3,3,0,很有个性、很有思想、很清醒、很有意思的老师，虽然上课没听，但老师偶尔讲的课本外的东西让人很有收获，保护这样的学者！很稀缺了！\n\nps.给分超级好！
213622,9138,叶君剑,2025-01-18 15:21:41,3,3,0,史纲，个人觉得事不能算少，最后的绩点居然没达到预期，大约是期末考太差了。不过老师讲课很好，以为是水课却意外地很有收获，10分！
214801,9138,叶君剑,2025-02-18 03:46:51,1,2,1,上课很有趣，给分不错
217297,9138,叶君剑,2025-04-08 01:14:53,0,0,0,好好好
218945,9138,叶君剑,2025-05-14 06:34:42,5,6,1,很有思想，很敢说，鼓励独立思考，直面问题，甚至会从传统党和国家立场之外讨论一些敏感内容，是真正的学者
220899,9138,叶君剑,2025-06-20 09:41:25,0,0,0,课堂还是很有意思的
220938,9138,叶君剑,2025-06-20 11:43:24,1,1,0,中国近现代史纲要\n\n老师上课很不错，很有趣；\n\n给分也很好
221867,9138,叶君剑,2025-06-27 03:51:47,0,0,0,好老师，中途接管的我们班（jlh突然离职），讲课很好，给分也好。我是4.5/90
