评论id,老师id,老师姓名,发表时间,点赞减去点踩数量,点赞量,点踩量,内容
141619,4420,谢新宇,2021-10-18 03:01:38,0,0,0,是我室友，卡莎king
70959,4824,帅瑞芳,2018-01-28 00:57:23,8,11,3,为什么要评选优秀组员？感觉不太公平。
71192,4824,帅瑞芳,2019-01-20 07:00:24,-3,7,10,因为我们期末考试考得不好会把期末考试的比重调低10%，改完卷后还会针对学生的问题给自己的看法。听说这个学期史纲考试没有多选题了，还有多选题的时候老师和我们说，不要全都选ABCD，她希望我们思考。我很感谢她，希望有机会还能当她的课代表。
71218,4824,帅瑞芳,2018-01-29 02:54:17,2,7,5,老师讲的湖湘文化 江浙文化 我一辈子都不会忘记
71587,4824,帅瑞芳,2018-01-28 16:00:51,0,8,8,老师讲得很好的，大家的平时成绩也都接近满分。很关心学生，对学生非常有礼貌。
71660,4824,帅瑞芳,2018-01-29 00:14:45,2,5,3,事比较多，组长加很多分，要去和组员打好关系，一些作业有空就去参加，去多认识认识他们，上课积极发言，16次课起码得发言4次吧，如果能做到以上几点，你可能会满绩。
72033,4824,帅瑞芳,2018-01-29 08:41:07,6,8,2,卡绩点，无解
72685,4824,帅瑞芳,2018-01-31 01:13:52,4,8,4,第一眼看老师 感觉像龙应台 的确鼓励学生独立思考的能力 不局限于书本 讲课很生动 讨论课积极参与 上课发言 绩点不会太差
73930,4824,帅瑞芳,2018-02-03 15:17:04,2,3,1,。。。
74518,4824,帅瑞芳,2018-03-03 01:23:33,13,15,2,组长分高，装B分高，考试分数一样高。
74780,4824,帅瑞芳,2018-03-06 01:21:16,0,5,5,给分很良心的 而且很有思想
74898,4824,帅瑞芳,2018-03-06 09:58:26,7,8,1,事情特别多不适合水，给组长课代表分数很高，还有盲选优秀组员这种制度实在让人难以接受
75332,4824,帅瑞芳,2018-03-09 03:10:08,2,5,3,老师的评分制度是课程恶竞的来源
76066,4824,帅瑞芳,2018-03-26 06:43:10,12,16,4,你仔细听她的课话，其她讲课还是很有意思的，野史正史都有一点，老师还是有思想的老师，而且很敬业。唯一不好的是这个评分制度太过庞大复杂，这样的评分机制很容易出问题，想做到滴水不漏很难的。不仅把自己累到了，而且这也导致了很多人拿不到理想的分数。
76095,4824,帅瑞芳,2018-04-17 05:40:24,1,4,3,老师上课挺认真，讲得也很细致。只是可能这种课本来就比较无聊吧……\n\n想拿高绩点的各位：记住!做组长!不做组长也要在组里多露面争当优秀组员!上课多发言!因为你讨论课，论文拼死拼活比别人高的零点几分但是你会发现也比不过这些加分的。然后老师平时分给的都比较高。\n\n考试抄书抄不完hhhh
78849,4824,帅瑞芳,2018-05-15 23:41:24,-6,6,12,大学至今，唯一一个被我们全寝骂了一年的老师。
79118,4824,帅瑞芳,2018-05-23 10:35:12,2,2,0,不知道怎么学
79954,4824,帅瑞芳,2018-06-16 10:53:47,0,2,2,老师很有思想
82083,4824,帅瑞芳,2018-07-07 05:12:42,3,4,1,平时分控的很严，但是感觉她的平时分的把控不是很科学，有些人多的都溢出来了，有些人又少的可怜，她公平的有点不公平了。。。。而且考试注意事项都不说的。。。。让我们自己去看看别的班怎么弄的。。。。
82558,4824,帅瑞芳,2018-07-08 13:35:07,3,4,1,发言恶竞:)
82560,4824,帅瑞芳,2018-07-08 13:39:44,0,3,3,老师平时作业不多，给分高，人也很好！！\n\n\n\n讲课也很棒，推荐！
82566,4824,帅瑞芳,2018-07-08 13:51:16,1,4,3,她就是恶竞本体?
82576,4824,帅瑞芳,2018-07-08 14:27:29,0,2,2,老师上课真的很认真!讲的也很好!!绝对值得听!\n\n和室友的史纲老师比起来作业真的很少\n\n至于讨论课和上课发言，那课前认真找资料上课积极参与的分高也无可厚非吧\n\n老师是真的很好!!!
83730,4824,帅瑞芳,2018-07-11 06:13:27,0,1,1,给分挺好
83903,4824,帅瑞芳,2018-07-11 13:17:58,2,3,1,帅老师很亲切啊，平时上课听一听会觉得老师知识储备很丰富的，喜欢说自己的亲身经历。小组展示和讨论课认真做，分不会差的。有两次课堂前小题目相当于点名了）
84158,4824,帅瑞芳,2018-07-12 07:03:07,2,2,0,做组长，多发言，老师上课内容还蛮有意思，选优秀组员也并不是盲选，至少我们组干事多的大家都看在心里，最后选的也是这些人。但是让别组打分制度不太合理，有的人严格有的人松
87219,4824,帅瑞芳,2018-09-26 01:12:27,0,0,0,老师很棒\n\n
87330,4824,帅瑞芳,2018-09-27 05:41:52,1,1,0,老师上课及给分制度都很好，现在上了马原才知道。事情不算多，只是其它史纲老师事少。（个人观点）小组加分看组长（我的组长还OK，部分组长脸皮厚），分溢出来了。不用教案，讲课思维广，讲点也能深，可惜老师不开课了。
125352,7802,陈立明,2020-09-07 10:24:32,3,4,1,= =
125415,7802,陈立明,2020-09-08 09:39:16,4,4,0,上形策居然还要点名，差评
126064,7802,陈立明,2020-09-17 04:09:20,3,4,1,绩杀不解释
129047,7802,陈立明,2020-12-29 07:00:32,5,7,2,辣鸡老师
134758,7802,陈立明,2021-04-14 01:00:31,6,9,3,讲课极差，毫无逻辑性可言，盲目鼓吹党，一点也不理性，作为形策课居然回答加分来推动内卷，这种唯绩点论的团支部书记怎么当上的都不知道，毫无水平
135598,7802,陈立明,2021-07-06 16:08:10,6,8,2,What a bureaucratic landlord of \n\nBlue Field!选上快逃，问就是恶竞和绩杀。
137376,7802,陈立明,2021-07-03 14:18:07,5,5,0,行策一出掉0.05，暂且不说我水课，班里没一个90分的给分真的超级棒！上课讲的真的超级烂，快逃！
137506,7802,陈立明,2021-07-04 15:12:54,16,18,2,呕哑嘲哳难为听～
137918,7802,陈立明,2021-07-06 14:51:41,2,3,1,傻逼不解释
137933,7802,陈立明,2021-07-06 16:02:37,3,3,0,给分太差了！愤怒
138038,7802,陈立明,2021-07-07 07:00:00,7,8,1,“大家不要内卷啊”\n\n“举手的加分”
138235,7802,陈立明,2021-07-08 06:10:28,0,0,0,没啥水平，给分超烂
139829,7802,陈立明,2021-07-29 08:08:48,4,4,0,没水平，一身官僚主义作风，鹅颈得很，避而远之
140135,7802,陈立明,2021-10-15 12:04:42,0,0,0,。。。
141395,7802,陈立明,2021-10-06 03:26:00,0,0,0,垃圾老师
146948,7802,陈立明,2022-01-08 06:55:29,0,0,0,弱智一个
147869,7802,陈立明,2022-01-11 04:40:27,-37,3,40,劳资形策4.8!!!\n\n一帮水课的不绩杀你们绩杀谁!!??
150275,7802,陈立明,2022-01-21 08:23:41,1,1,0,看到田主这点分我就放心了
154294,7802,陈立明,2022-05-29 11:40:08,0,0,0,不会上课不会提问可以不要做讲师的
156876,7802,陈立明,2022-06-21 08:37:16,1,1,0,不太行
157414,7802,陈立明,2022-06-23 07:17:18,1,1,0,你有什么资格教我们
162345,7802,陈立明,2022-11-20 12:53:01,0,0,0,讲授着着党的伟大政策，却以“专家”的眼光去看待人民，您怎么敢这么看广大人民群众的？
162348,7802,陈立明,2022-11-20 13:39:30,-1,0,1,停杯投箸不能食
164146,7802,陈立明,2022-12-18 12:17:49,2,2,0,🌪️😭🌪️😭🌪️
