评论id,老师id,老师姓名,发表时间,点赞减去点踩数量,点赞量,点踩量,内容
271,9,郑刚,2015-03-14 23:50:25,10,15,5,郑老师课听起来很舒服，有很多新东西，为人也很平和，体验感好。大家都很喜欢。
377,9,郑刚,2015-03-15 01:39:25,0,1,1,倍爽。郑老师不愧是时贪腐的大牛！
51594,9,郑刚,2017-06-07 11:04:11,7,7,0,。。。。。
61110,9,郑刚,2017-11-08 13:38:57,42,62,20,老师讲课讲的很好，案例鲜活， 分析有趣，课堂体验不错，而且老师会带我们玩一些创新游戏，比如棉花糖挑战。更重要的是，这门课可以打开你的视野，甚至从创新创业，让你产生你的梦想。无论是大几的学生，我都推荐这门课。
62110,9,郑刚,2017-11-27 05:23:10,3,8,5,老师真的超级好！讲了很多例子，听起来很有趣，就是事情略多……管理课的通病？给分很好，一下子把坑爹的创业基础拉下四的绩点拉了回去
62741,9,郑刚,2017-11-26 23:06:35,3,8,5,老师人不错，给分也还行……
62817,9,郑刚,2017-11-27 05:21:00,-3,0,3,超棒的老师
62840,9,郑刚,2017-11-27 06:27:39,1,2,1,老师很好，给分也不错\n\n
62850,9,郑刚,2017-11-27 11:25:13,14,20,6,老师人很好，灰常亲切，创管上课比较生动，例子多不会很重概念。事情也少，有小组活动和一篇创业案例分析。目前上过的压力最小的课(ﾉಥ益ಥ)。给分也不玄学，认真做绩点不会低的。
62895,9,郑刚,2017-11-27 09:43:21,0,1,1,上课很有趣！给分很好！赞！
62897,9,郑刚,2017-11-27 09:47:54,2,6,4,给分很好，一直靠着组里的大佬所以也不觉得事情很多。虽然一直听课比较水，网上讨论也没怎么做，但绩点还是很满意，推荐
63074,9,郑刚,2017-11-28 07:18:00,3,7,4,很好的老师 努力让自己的课不变成一门水课 所以很生动有趣 平时还会水群解答我们的问题 付出了一定会有回报的那种
63102,9,郑刚,2017-11-28 09:23:29,1,3,2,老师人真的超级好，而且最后还会记住大多数同学的名字，事情很少，给分很好，最重要的是还可以没有任何压力地学到很多东西！
63761,9,郑刚,2017-12-14 06:18:23,-2,12,14,老师很用心，但是作业很多，真的很多。最后被正态，绩点很低，表示很难过啊！每节课都有去听，线上线下作业都认真做了，只是上课发言不多，最后就被正态
64346,9,郑刚,2017-12-22 15:34:49,2,3,1,给分很好，上的是创新管理。\n\n课程很生动，蛮多具体案例，不过，小组展示要尽快有个构思比较好。
64552,9,郑刚,2017-12-25 06:45:07,-2,2,4,老师真的超好，非常亲切，还经常请一些大佬来给我们演讲。感觉选上这门课自己就瞬间升华了，见识了很多以前不会见识到的东西。而且虽然我上课没怎么发言过，有时候上课也不是很认真，但绩点还是很不错滴。推荐推荐！
76892,9,郑刚,2018-04-25 12:19:05,0,5,5,平心而论。课的出发点是好的，郑老师的案例很多资源很多，课上大佬也很多。但是总是觉得缺少一些干货，感觉收获不大。郑老师的讲课水平给9分过了，8分还行。
78440,9,郑刚,2018-05-12 00:22:37,3,6,3,人好分高干货多
78449,9,郑刚,2018-05-12 02:48:52,-4,2,6,老师真的超级nice！课上案例多课下实践调研也很有意思 真的有一门课会去激发你创业的热情啊 推荐！！！！
88921,9,郑刚,2018-11-12 10:33:50,2,6,4,我学的创新管理，感觉能学到很多，创新能力也更是提升了太多，能将这门课的理论运用到实际中，虽然不知道会给多少分，但提前给帅老师给10分，不能再多了。
89382,9,郑刚,2018-11-19 01:47:15,3,5,2,干货多 人好 可爱可爱
90334,9,郑刚,2018-11-23 07:30:53,2,4,2,超级棒！通过作业学到了ps哈哈哈哈哈哈哈哈 给分很棒 正态不低于79
91266,9,郑刚,2018-12-04 12:43:40,0,3,3,老师人真的不错了，能努力给高都给你高分，前期上课理论加案例吧，后面小组出产品为主。课程压力不大，毕竟理论不考试，上课多发言，小组产品好好做，个人作业好好做相信分不会太低
91321,9,郑刚,2018-12-05 16:36:53,14,20,6,老师的课讲的真是很好，老师人很好也很仔细。第一次上课就给我们发了专属桌签；老师担任了许多家企业的顾问，所以呈现的案例非常鲜活；老师还录了慕课，随时补充上课讲不到或者来不讲的知识点；小组作业比较damanding（涉及3次展示：第一次必须展示至少三个idea，第二次展示商业模式画布，第三次成果展示），但是真的能收获很多（而且有真正的投资人来参与评审，评审通过“小组展示”直接获得40分满分）；最后评分的时候老师说我们都很优秀，所以把大家的评分都打得很高（但是万恶的正态通不过！！！），老师还多次去和教务处协商，最后不得不调整分数（然而保证受委屈的同学写推荐信之类的会优先考虑），最后还给全体同学发了红包（还把所有课程资料传上来了），真的超级超级喜欢这个老师！！！
92449,9,郑刚,2018-12-29 04:08:16,-6,1,7,郑刚老师人也太好了趴
92701,9,郑刚,2019-01-04 00:53:45,0,3,3,从没见过这么好的老师！给分都是往高了给！而且干货多！专门花了一次查询老师的机会来给他打个十分。没啥创新的点子都给了我4.2，喜极而泣
93664,9,郑刚,2019-01-11 08:46:12,-1,2,3,老师真的好棒，不但人好，讲课幽默，而且确实能学到东西收获很多，把理论和实践相结合，确实了解到了如何创新创业，还请企业家进课堂，有趣生动，创新管理和管理学理论上有很多想通点，但是比管理学实用了好多倍。老师给分尽量不让大家被正态，让大家勇于尝试。太喜欢这个老师了
95458,9,郑刚,2019-01-19 12:18:00,0,1,1,挺好的一门课吧 但也不见得所有人都听了\n\n我没有付出太多 对自己的分数也没有异议\n\n身边挺多人绩点很高～选小组的时候选靠谱点的
97236,9,郑刚,2019-01-22 00:59:01,1,3,2,给郑刚老师打call啊啊啊啊！每次上课都是正装出席、很尊重我们，讲起课来有一种跟各大企业家打交道的感觉、上课真的是一点压力没有，因为老师ppt的课太完美了、全听他讲就ojbk，各种案例呀什么的都挺好玩，其他评论里也说了作业的事，小组齐心协力就完全没压力、上课记得多多发言哦！总结下来就是老师人帅、可爱、善良、给分好！！
101193,9,郑刚,2019-01-28 01:47:51,-3,9,12,给分就是玄学没有一个统一的考核标准 认认真真上了半学期还是3.3 老师以一己之力将我的GPA从4.5拉到4.4
117946,9,郑刚,2019-10-16 12:08:33,0,2,2,棒棒棒
119500,9,郑刚,2019-11-13 05:58:33,-4,1,5,很好的
119671,9,郑刚,2019-11-14 23:32:33,-2,0,2,老师的课真的爱了，讲的超好，而且给分超棒！！！
119724,9,郑刚,2019-11-15 03:41:06,0,1,1,十分可 可以学到很多东西给分又好
119729,9,郑刚,2019-11-15 03:56:30,1,2,1,超赞，感觉自己学会了很多创业知识，我只想说，刚哥? ? 。
122739,9,郑刚,2020-03-27 10:56:30,-1,0,1,老师授课方式非常好，理论和实践相结合，实践不是一般的什么小组展示，而是真的深入企业去调查研究访谈，还有课堂游戏，虽然只有8节课，但是令人印象深刻。
123021,9,郑刚,2020-05-01 02:00:39,0,1,1,老师太棒了！讲课运用很多例子，很生动。每节课后的小组作业巩固上课讲的内容，也不多，还会每组都点评。小组作业只要用心做了得分都很高。而且是我见过最体谅同学的老师之一了，哪里发言次数多算哪里的分，即使自己统计核对起来很麻烦。
123024,9,郑刚,2020-05-01 06:59:53,0,1,1,老师人很好，很体谅学生的，但课程内容和mooc有一部分是重复的，不过也有新内容，还是能学到不少东西的。给分其实也挺好的，按照要求来就可以的，小组作业的话，其实我们小组作业并不是特别好（班级投票里蛮低的），但老师打分挺好的。现在觉得老师应该更注重过程，并不是完全看大家对作品的投票的，按照每次作业的要求一步步改进，应该不会差的。
130041,9,郑刚,2021-01-15 12:27:42,13,26,13,选了紫金创享，形式主义太强，每节课必数字点名/GPS点名，每节课后要在平台提交50－200字的感想，同时还要上慕课，慕课上还有一组期末考题，老师说十分钟就可以做完，好家伙十分钟搜都搜不完....最后大作业是一篇3000+论文或者自己组队进行创业展示（小组合作有多烦就不必说了吧）。打到这里，我都差点忘了这只是一门公素课。更别说它的上课时间一般都是周五晚上了，成功切割你的周末，逢假必补....本来想打0分，但是想想老师请那么多嘉宾还是很辛苦的，2分给老师的辛勤和嘉宾，但不能再多了。
140043,9,郑刚,2021-08-24 02:22:33,-12,4,16,郑强老师非常负责，给分也超级高！推荐选择
161707,9,郑刚,2022-11-15 14:58:58,3,5,2,给分不是特别好
170231,9,郑刚,2023-03-02 05:43:00,0,2,2,给分还行吧，一般般
175185,9,郑刚,2023-06-22 07:54:59,3,6,3,吹爆刚哥！！yyds！！！！都给我选爆！
175199,9,郑刚,2023-06-22 09:22:39,4,4,0,每节课上课时数字点名，说是迟到了扣分不过迟到了找他补签也给过\n\n给分还行\n\n上课比较有趣，课堂氛围也很好，小组大作业（创业点子秀）会请专业投资人来，不过投资人也就看个乐，点评的也比较水，以鼓励为主，但大家是真的很卷……\n\n唯一一点就是周日晚上十一点公布周一早上展示的任务，并且要求7点多提交ppt，这个确实难顶……不过大家也反映过意见了，老师应该会改进
182039,9,郑刚,2023-11-08 15:27:07,-1,1,2,郑老师课讲得很好，MOOC上也很好，不过会点名，事也不多
182040,9,郑刚,2023-11-08 15:27:07,-1,1,2,郑老师课讲得很好，MOOC上也很好，不过会点名，事也不多
182235,9,郑刚,2023-11-13 05:23:24,2,3,1,很好的课，任务不多但上课很有趣，就是学的时间短，小组任务可能比较赶，组长做PPT到凌晨一点半，感谢组长带飞
183011,9,郑刚,2023-11-21 12:11:51,5,5,0,小组大作业demanding，相当看队友或者组长的能力。还有SPOC一定要好好做！给分比较求是
184210,9,郑刚,2023-12-13 05:37:18,-4,2,6,老师人很好给分好～事情不算很少，但是选了不后悔！！
185494,9,郑刚,2023-12-31 03:58:02,-1,1,2,老师真的很好，给分也好。上课能听到很多新东西，建议选
187846,9,郑刚,2024-01-17 14:53:18,1,2,1,创业实践:不是很水的创业课，事情蛮多的，每周都要去管院听讲座，也会参观企业之类的，但是郑老师真的是很用心，也确实能开拓视野；给分主要看小组作业，很大程度看小组里有没有能带飞的佬
193441,9,郑刚,2024-06-11 03:54:36,8,10,2,为什么不可以打零分\n\n事情很多，而且每次做作业的时间很赶\n\n作业要求从不说清楚\n\n你如果发言很多，让老师认识你，他就会觉得你很优秀；如果你在幕后做PPT，老师不认识你，他能告诉你你签上到的课也属于缺勤\n\n总之，我们全组上下来都很痛苦。
193459,9,郑刚,2024-06-11 06:58:31,9,10,1,哥们儿头一次见识到人脸签到
193665,9,郑刚,2024-06-14 14:45:38,3,3,0,还没结课我已经 受不了了 创业实践从0到1 慎选 人脸签到加讲座路演 兄弟们加把劲把评分给我打下来
194274,9,郑刚,2024-06-23 04:57:21,-1,2,3,前面事确实有点多，但是出分后我收回我前面的抱怨。小组展示做的依托，但是最后的得分远超预期，孩子们你们自己看吧。
194621,9,郑刚,2024-06-24 16:00:13,-4,1,5,给分一般，事情倒不算很多
201838,9,郑刚,2024-11-07 01:01:02,-6,1,7,老师真的给分超级好，在上课也会培养团队合作的能力，引导学生创新思维，会根据当前的发展潮流，引导学生思考职业规划，在小组作业中，很开心能与大家共同合作，完成了最终的产品，很高兴在这次课中认识了我的队友们！10分没错！
202061,9,郑刚,2024-11-09 00:54:59,3,6,3,给分垃圾，节节课点名考勤不说，小组作业事情一堆，费尽心力在幕后写PPT走访调查，连3.5都上不了，反而只要在课上有机会就说几句没营养的发言，刷脸，就满绩嘎嘎给，感觉来授课好像就是结识喜欢发言的人似的，无语，避雷。
202146,9,郑刚,2024-11-10 05:01:36,-2,1,3,给分不错，会捞，本来上不了4的，好像是最后个人作业把我的分数调的很高，不过我个人作业也确实是花了很多心血写的，最终4.2了。\n\n唯一遗憾的是自己还是太i了，不发言最终课堂表现分只有基础分，spoc也没有很好去做\n\n老师上课其实还挺有意思的，会讲很多的案例，唯一的问题是内容重复的比较多。不过形式很多样，有玩游戏也有请学长。\n\n老师确实是求是好老师，上创新管理对我自己启发也是蛮大的。
202155,9,郑刚,2024-11-10 05:44:34,6,6,0,创新管理事略多，秋学期下来三次pre，给分也很求是，真的很认真的完成了所有任务甚至课堂表现也尽量争取。。。。4.2。。意难平好吧老师讲课不错
202202,9,郑刚,2024-11-10 16:09:23,0,1,1,我觉得给分还是可以的，也很求是，如果小组作业和个人作业完成的好的话，大概率是没问题，本人上课从来没有过发言，但是前面两项做得好，最后4.5分 还是比较满意的，老师讲课也很有意思啊
202713,9,郑刚,2024-11-14 03:08:00,-2,1,3,讲课真的很有意思，虽然事情确实很多，但是4.5很满意。就是spoc考试没考好，不然感觉可以冲一下4.8（哭
203912,9,郑刚,2024-11-22 02:56:26,-3,0,3,跟同学比较了下其他创新创业类课程的老师，郑老师相当推荐！
209787,9,郑刚,2025-01-07 06:07:51,5,5,0,节节课点名，一堆p事，给分也特别偏心，全靠刷脸
219614,9,郑刚,2025-06-01 08:14:04,0,0,0,你能不能不要沉浸在自己的艺术中了，我们还要期末考试，不是所有人都想创业的，我只想顺利毕业
219620,9,郑刚,2025-06-01 14:05:59,0,0,0,在创业课里面应该算是比较好的老师了，但也只是矮子里头拔高个罢了
198,29,肖炜麟,2015-03-14 16:46:00,18,22,4,很好很喜欢，老师教龄30+，知识很丰富，不光计量，还有其它知识，但不会浪费时间，规划合理，上了一年课都坚持不拖堂，［但仍然讲授清楚］，很喜欢！
215,29,肖炜麟,2015-03-14 16:56:19,17,17,0,负责任、亲切。对学生不错。
5906,29,肖炜麟,2015-07-10 01:38:55,17,18,1,老师人超级好！上课轻松愉悦！而且找他问问题有问必答，十分仔细！写论文的时候发邮件他回了好长的给我。不断给予表扬和信心，给分也棒！
6030,29,肖炜麟,2015-07-10 10:44:44,9,9,0,好，很负责
6159,29,肖炜麟,2015-07-11 13:05:22,10,10,0,棒 讲课认真！
15258,29,肖炜麟,2016-01-13 04:55:41,11,11,0,老师非常认真！而且真的喜欢学生，喜欢授课～负责的好老师。
15946,29,肖炜麟,2016-01-16 16:31:02,6,6,0,讲的挺仔细的～
17014,29,肖炜麟,2016-01-19 12:38:17,29,32,3,人超好，划重点，夫妻档教计量，日常恩爱系列
17525,29,肖炜麟,2016-01-20 10:34:59,7,7,0,好老师！！
17532,29,肖炜麟,2016-01-20 10:48:55,7,7,0,超赞的
18143,29,肖炜麟,2016-01-21 08:15:19,9,9,0,能让学生在计量课上露出笑脸没有几个老师能做到O(∩_∩)O\n\n
19461,29,肖炜麟,2016-01-24 09:30:48,7,7,0,讲得很好 给分也好 人很和善 有真正学到知识
25353,29,肖炜麟,2016-05-15 16:04:25,6,7,1,老师的好，无以言表
69128,29,肖炜麟,2018-01-24 08:47:45,9,9,0,老师真的太好了(*'ε`*)
69131,29,肖炜麟,2018-01-24 08:48:43,10,10,0,话不多说 十分
69132,29,肖炜麟,2018-01-24 08:49:59,9,9,0,老师人超级好!超级有耐心！考前会划重点，超级好!为肖老师打call
69133,29,肖炜麟,2018-01-24 08:50:15,9,9,0,计量老师超级好!上课会拓展很多 考前划重点很准啊੧ᐛ੭发邮件会很耐心回复 真的是很好很好的老师了!
69142,29,肖炜麟,2018-01-24 08:55:31,7,7,0,老师真的人超好，上课讲的很有条理，同学们不懂的问题提出来他都会认真解答，非常耐心，还会经常鼓励同学们，觉得同学们学的真好(✪▽✪)，考试给分也非常好，还会耐心解决同学们邮件里的问题，感谢老师！！
69537,29,肖炜麟,2019-04-25 08:22:28,6,13,7,老师划重点不准…跪了
70132,29,肖炜麟,2018-01-26 07:04:19,6,8,2,老师上课和给分真的都超级好，不过期末考试对我们的要求有点太松了?，其实希望老师上课讲得再深入一点哈哈哈哈，最后满了好开心
97742,29,肖炜麟,2019-01-22 14:40:18,9,9,0,肖老师真的很好，讲课思路清晰，启发我们拓展阅读，认真负责，给分也好！
97749,29,肖炜麟,2019-01-22 14:52:41,4,4,0,老师讲课挺细致的，也很有趣，给分巨好。
97971,29,肖炜麟,2019-01-23 03:00:19,7,8,1,本来以为考试都要挂了，没想到给分还不错
98286,29,肖炜麟,2019-01-23 09:18:26,11,11,0,肖老师的上课内容不局限于书本，期末划重点很准，给分好
123350,29,肖炜麟,2020-06-04 15:33:21,17,17,0,好老师！数学大牛啊啊啊
133252,29,肖炜麟,2021-02-21 03:07:53,11,12,1,肖老师真的是一个好人，是真诚的学者和老师。\n\n\n\n（如果老师以后上课能讲的更深入、细致一些就更好啦～）
147247,29,肖炜麟,2022-01-09 08:36:00,13,14,1,我愿称肖老师为D神
152395,29,肖炜麟,2022-04-07 17:43:16,12,13,1,就差直接告诉你考试考什么了，给分好
168090,29,肖炜麟,2023-01-26 10:59:17,7,10,3,考前钉钉会议告诉你考什么，给分超好，最重要的是教得超好，有基础有拓展
168219,29,肖炜麟,2023-02-03 11:18:08,9,9,0,本人Ai水平很高，上课也干货很多，给分及其心善
176117,29,肖炜麟,2023-06-28 00:40:32,12,13,1,夫妻档指的是肖老师和哪位老师呀
183863,29,肖炜麟,2023-12-01 12:20:31,5,5,0,班主任必须满分
184440,29,肖炜麟,2023-12-19 15:35:37,18,18,0,“管院教学办天天说我给分不公允，但是我不care，我作为老师我想让我的学生都有一个更好的前途”\n\n“你们期末尽心大胆的写，我们保证尽可能多的同学满绩”
188027,29,肖炜麟,2024-01-18 04:43:00,8,8,0,考试周的爹
188203,29,肖炜麟,2024-01-18 11:39:17,5,5,0,上课生动有趣 尽量给同学们讲清楚；考试划重点就差把题目告诉你了 给分好的我受之有愧 谁懂啊 肖哥 我的神！！！
188479,29,肖炜麟,2024-01-19 05:17:25,7,7,0,非常好的老师
189180,29,肖炜麟,2024-01-22 09:18:34,7,8,1,人好+给分好，但是管院计量教的实在太浅太简单，对管院学生非常重要的时间序列分析居然完全不讲，如果想认真学计量的话，建议去选经院的计量经济学听听
190663,29,肖炜麟,2024-03-13 16:04:24,9,10,1,肖老师超好~~~男神！ 顺便回复夫妻档是zxl老师~（我已渴死）
213754,29,肖炜麟,2025-01-19 12:25:22,4,4,0,重点划得也太准了救命
213843,29,肖炜麟,2025-01-20 10:47:48,4,4,0,性格好教学好又会为学生着想 怎么能不爱上他…
216878,29,肖炜麟,2025-03-28 01:30:25,2,2,0,老公 男神
5815,51,王求真,2015-07-09 13:24:55,10,18,8,无聊
22708,51,王求真,2016-03-10 05:53:12,0,2,2,老师上课讲的挺好的 知识扎实 给分也挺好
66049,51,王求真,2018-01-11 07:36:44,0,0,0,还可以
74239,51,王求真,2018-02-07 13:47:23,0,2,2,DS还行
113862,51,王求真,2019-07-07 21:51:23,4,4,0,感觉老师给分不是特别好，没达到预估的分数。
113924,51,王求真,2019-07-08 00:50:37,1,1,0,分数好低……
120850,51,王求真,2020-01-17 20:30:00,1,1,0,MIS可以的
125528,51,王求真,2020-09-11 04:02:17,2,2,0,数据结构给分太差了，最后明明考的很简单，估计是实验报告给鹅颈了
125702,51,王求真,2020-09-13 10:36:00,0,0,0,这学期上了老师的网课，感觉老师是个很温柔的人，数据结构给分也很好，上课认真听，作业好好做，期末也没问题的，非常nice
134735,51,王求真,2021-04-13 01:26:35,0,0,0,没见过这么喜欢点名的老师
136267,51,王求真,2021-06-15 01:08:41,-4,3,7,1.老师真的好喜欢点名呀😅\n\n2.老师就是念ppt高手啊😅\n\n3.整个学期：我们会照顾没有基础的同学，编程题不限制编程语言\n\n学期末：模拟情况不好，我们把编程题删掉了，填空和函数还是C语言\n\n😅😅😅😅😅😅😅😅😅😅😅😅😅😅
136332,51,王求真,2021-06-16 11:19:46,0,1,1,老师上课挺好，思路很清楚
146637,51,王求真,2022-01-07 06:29:58,11,14,3,讲得差，不调分
146744,51,王求真,2022-01-07 10:02:30,6,8,2,上课确实是摁念PPT，但这个学期没有直接点名，只有上课叫人回答问题。往往是叫了好多人要么是人不在要么是不会，情况异常尴尬/doge
147218,51,王求真,2022-01-09 06:21:08,1,7,6,凭心而论，老师数据结构讲得逻辑清晰，深入浅出，只是我们c语言基础有点弱，前面学的是Python。
165719,51,王求真,2023-01-09 11:48:51,1,1,0,老师声音非常温柔动听 每周二下午在暖洋洋的管院机房上课 睡眠质量不错（。 以前就接触过编程感觉讲课速度比较慢建议自学 老师人还是很好的
165834,51,王求真,2023-01-10 04:17:20,2,3,1,给分很好的，平时分感觉基本给满了！老师也没有评论说的那么差，讲课还是很通俗易懂的
169735,51,王求真,2023-02-27 15:06:44,1,2,1,数据结构讲的很清楚，老师也很耐心温柔
190003,51,王求真,2024-02-08 04:01:59,1,1,0,下午连上四节，在懒洋洋的机房里真的很好睡.....\n\n但是王老师讲课还是很细致的，答疑也很及时到位\n\n给分的话就是比较人如其名了，但是一份努力一分收获嘛\n\n本人期中考的巨烂但是期末好好复习还是能上90的\n\n大家加油~
199597,51,王求真,2024-09-26 06:48:05,7,7,0,讲课只会照本宣科，全是抽象的伪代码，例子太少，一个简单的数列讲出了哲学的抽象程度，根本没想把人教会
208185,51,王求真,2024-12-26 06:00:14,-1,1,2,非常好
212311,51,王求真,2025-01-14 01:18:49,2,2,0,讲的差 不调分
219818,51,王求真,2025-06-07 10:52:47,0,0,0,老师教了20多年数据结构，发的源文件在我们出生前就写好了
3552,65,王宏星,2015-06-17 01:33:03,-26,27,53,很棒的课…至少是满了
7474,65,王宏星,2017-09-05 14:55:25,-10,10,20,特别好
10425,65,王宏星,2015-11-18 14:45:49,-4,3,7,挺好的课，就是看你听不听
10820,65,王宏星,2015-11-23 06:15:32,-3,3,6,水课，好好听也是有收获的
10976,65,王宏星,2015-11-23 14:36:54,-22,6,28,虽然只有4，但是老师上课特别好，心疼老师\n\n
10997,65,王宏星,2015-11-24 06:10:34,-13,4,17,课真的上的很好，本以为是很无聊的课，听了发现真的很有意思，论文认真写了就会有好分的
11000,65,王宏星,2015-11-23 16:07:07,1,9,8,上课老师独角戏（心疼），有时也幽默一下，认真听还是能学到东西的（虽然po主选择了刷微积分）交两篇作业与一篇期末论文。
11007,65,王宏星,2015-11-23 23:44:28,14,19,5,感觉给分不怎么样
11011,65,王宏星,2015-11-24 00:34:57,23,37,14,上课非常水 ，作业是论文，感觉写的也算认真给分真是呵呵了。全凭老师心情吧
11069,65,王宏星,2015-11-24 04:56:23,0,3,3,不点名
11073,65,王宏星,2015-11-24 05:08:12,-3,4,7,给分不高 讲得很好
11081,65,王宏星,2015-11-24 05:36:45,12,16,4,会说同学们晚上好 不过双语的模式就是课件是英文 然后好心塞啊 认真写了三篇论文绩点还是低(T . T)
11192,65,王宏星,2015-11-25 06:34:21,11,19,8,简直狠，我堂堂课坐前排认真听，论文字数辣么多，居然就均分，从来不上课的人，论文字数也比我少，居然那么高，简直了
11198,65,王宏星,2015-11-25 06:57:56,-15,3,18,作业论文认真写分就会高
11271,65,王宏星,2015-11-26 06:28:21,8,13,5,没人在听，唯一的好处就是不点到，随便翘，但是给分就呵呵
12080,65,王宏星,2015-12-21 16:01:24,-12,2,14,大水课，不听也可以，论文多了点。但是的确能够给人一种全新的视角看问题，老师也很有才华，给分也很松。好评。
12559,65,王宏星,2015-12-23 13:17:21,6,10,4,认真听课，论文认真写，最后3.4，还是自己的问题！！
13690,65,王宏星,2015-12-30 10:52:31,8,11,3,我给打个平均分吧，淼课，随便翘\n\n上课还是有点意思的，偶尔小幽默，可是无人听，心疼老师。。。\n\n。给分不是很高。。。这个是重点。。。\n\n。╯▂╰我真的写的很认真了
13937,65,王宏星,2016-01-02 14:36:04,4,4,0,事儿多
15783,65,王宏星,2016-01-28 09:50:21,-1,2,3,中评，反正通识对我就是耿。给分一般般，作业是论文2+1，没考试。
46930,65,王宏星,2017-01-23 03:23:06,8,10,2,老师讲课如同背书 令人昏昏欲睡就算了 还不来上课 还点名 还给分差 还能指望啥？？？
46935,65,王宏星,2017-01-23 03:38:18,8,9,1,。。。
60248,65,王宏星,2017-10-15 15:21:11,-4,0,4,比较虚，牵扯到主要知识的地方讲的不太全面，然后就有。。。。论文，写到崩溃。
62351,65,王宏星,2017-11-24 10:36:41,4,6,2,我不知道为啥我论文好好写了两次都交了字数完全符合标准给分那么低，我只想问他好好看了吗？他能有点责任感吗？
62368,65,王宏星,2017-11-24 12:29:05,-2,0,2,通识嘛…就1.5罢了 想水可以水分低就是了
62372,65,王宏星,2017-11-24 13:18:35,5,6,1,给分完全不懂啊，第一次论文交了也不说说我们写的怎么样，就课结束了拿到一个分，难受
62377,65,王宏星,2017-11-24 13:33:54,6,7,1,给分真tm低，我就不明白了，两次论文认真写了，全都按时交了，没有逃过一次课，分数出来也就呵呵了。
62433,65,王宏星,2017-11-25 08:25:40,4,4,0,认真听课认真写论文。最后竟然只有3。简直了
62712,65,王宏星,2017-11-26 13:37:52,-5,1,6,电子商务比较水(老师自己都承认)。两个作业一个论文，给分一般。。不过老师上课还是挺有意思的。
63587,65,王宏星,2017-12-08 02:40:48,-2,1,3,还不错。 但分数有点乱给
63883,65,王宏星,2017-12-18 11:13:58,6,6,0,哇是真的乱给分，不想要gpa就选吧
65072,65,王宏星,2017-12-28 13:18:13,5,6,1,你给的分，真好，呵呵
67090,65,王宏星,2018-01-20 09:14:56,2,3,1,无聊唉
72795,65,王宏星,2018-01-31 05:41:33,-6,1,7,给分还是蛮好的叭，全寝都庆幸没有换老师~
74750,65,王宏星,2018-03-05 12:08:54,-6,3,9,男神老师！听他的课超级享受
76306,65,王宏星,2018-04-02 10:31:34,6,6,0,大家晚上好。哈哈哈还好还好。
78312,65,王宏星,2018-05-11 00:33:52,-3,1,4,出分好慢啊，课还好吧。
78360,65,王宏星,2018-05-11 05:52:47,-4,3,7,交完论文会回邮件点评（虽然就一两句话），总体还可以吧，给分也还OK
78448,65,王宏星,2018-05-12 02:04:46,4,4,0,上课水，收获不大。事情多，可以不去听，交论文就好，然而给分就很玄学了，不知道该如何对待这门课。给分完全看老师喜不喜欢你的想法或者论文。
127767,65,王宏星,2020-11-26 15:44:19,13,17,4,创业启程这门课真的十分智障，完全乱给分，认真写读后感、写创业计划书，只有3.3，太离谱了\n\n
127768,65,王宏星,2020-11-26 16:16:26,8,8,0,就是不懂老师的给分准则，创业计划书好好写了，也是完全按照要求自己写的，还没隔壁copy的兄弟分数高？给分也太玄学了吧，真就绩杀
129107,65,王宏星,2020-12-30 07:11:42,-10,1,11,牛牛牛
134809,65,王宏星,2021-04-16 01:16:27,6,7,1,太差了
143118,65,王宏星,2021-11-19 07:28:19,-12,0,12,还可以
148899,65,王宏星,2022-01-14 02:16:09,10,12,2,给分很差劲，退学启程名副其实，千万别选！！！千万别选！！！千万别选！！！
148927,65,王宏星,2022-01-14 03:23:14,-10,0,10,感觉很神奇
148930,65,王宏星,2022-01-14 03:34:35,14,15,1,上的全是网课，老师一点用没有，水平感觉不怎么样，我超级用心的商业计划书就给这么一点分，考试还阴间，最后给分奇差无比，强烈建议不要选
149065,65,王宏星,2022-01-14 09:28:33,-22,3,25,公正来说，商业计划书读后感都是平平无奇分数，最后期末背了一天，4.5了，主要是历年卷好好做，书好好背，给分挺好的
149099,65,王宏星,2022-01-14 11:31:17,4,4,0,。。。
149684,65,王宏星,2022-01-16 10:43:29,11,11,0,很不好
150133,65,王宏星,2022-01-19 09:16:16,9,9,0,不咋滴。。。
150159,65,王宏星,2022-01-19 15:20:44,12,14,2,只能说这种课程就是狗屎课，不知道为什么要在浙大开一门这样的狗屎课！\n\n写个P的商业计划书，狗屁听后感；考试直接来一本没讲过的书是吧\n\n垃圾课程
154555,65,王宏星,2022-06-02 06:15:56,1,3,2,还行吧，仁者见仁智者见智
158360,65,王宏星,2022-06-28 16:58:41,-54,14,68,商业计划书和观后感多写点，好好写，考试内容平时看一遍，考前回顾一遍，知识点基本上是可以覆盖到的，最后考试主观题多写一些，这样怎么搞分数也不会差吧。我本人商业计划书1w多字数，观后感8000字数，平时就开始看书，考前再看一遍，基本上覆盖到了考试题目，最后4.8。而且说实话前面两者并不需要很长时间，两三天足够了，考试内容需要像对待硬课一样好好看看。那些觉得给分差的分明是把课程当成水课，复习不到位，考试题目瞎几把猜，让老师怎么给高分？
164443,65,王宏星,2022-12-21 04:02:00,10,13,3,那个拿4.8的，你有这精力换其他创新创业课或者其他老师不比这强？你自己不觉得付出与收获不成正比还得别人向你学习？
166220,65,王宏星,2023-01-11 12:49:08,1,1,0,电子商务与电子政务比较水，全班一共17人，上课完全不用听（只是有两次课上老师让全部同学对一个问题阐述观点，第一次还问了名字和专业，估计当作点到？）分数由三部分组成：5%课堂笔记（选一个笔记软件做笔记，期中左右截图上传，做了就有5分）15%商业计划书+80%期末大作业（从五个选题中选一题完成，字数1500+即可）运气还不错，计划书94，大作业88，最后总评给了91。事请很少，不过给分可能还是看老师心情……
168082,65,王宏星,2023-01-26 07:04:52,2,2,0,创业启程，真的是烂课，但这门课程设计可能老师也决定不了吧、、、商业计划书认认真真自己写的，最后就那么点分真的无语，期末大概一半题是历年卷里面的，一定要背历年卷、、、
168164,65,王宏星,2023-01-31 04:34:23,-11,5,16,创业启程\n\n课程内容不多，主要是网课，一晚上就能看完\n\n最后考试的时候看了历年题和重点内容，花了一个白天，恰好最后考试的主观题考点背到过，最后4.8\n\n可以说这门课跟任课老师关系不大，线上主观题答了就有，商业计划书可以参考网上的的，讲座观后感给分不是太好\n\n不幸中的万幸是考试80%是客观题hh
177102,65,王宏星,2023-07-01 16:56:52,8,8,0,创业启程计划书认真写的 给分一般
177609,65,王宏星,2023-07-04 02:16:12,7,8,1,创业启程期末考这么细，纯纯绩杀
213105,65,王宏星,2025-01-16 04:00:46,0,0,0,创业启程绩点也太低了吧
213106,65,王宏星,2025-01-16 04:04:39,0,0,0,事少分少，保研er逃
27746,100,陈熹,2016-06-27 10:40:56,19,26,7,生动形象，老师很萌
45323,100,陈熹,2017-01-19 10:28:20,2,3,1,超萌超可爱的老师！
45335,100,陈熹,2017-01-19 11:19:34,5,7,2,老师超好超好，超萌，讲的也很清楚，实践性较强的一节课
102753,100,陈熹,2019-02-22 09:41:40,-10,5,15,给分超低，差评
117581,100,陈熹,2019-09-26 07:38:06,10,12,2,干货多，实践性很强。对数据挖掘的算法设计有很深的理解，很有启发性的老师。我怕挂科，匿了
121358,100,陈熹,2019-12-18 07:53:58,1,3,2,讲的很好
164491,100,陈熹,2022-12-21 08:33:29,-5,2,7,事情非常之多，部分作业其实完全没讲过，静待打分结果，要是打分差那真是一分都嫌多。当然干货是有的，对于喜欢这个东西的同学还是有一些价值的，但我不喜欢。
166151,100,陈熹,2023-01-11 07:48:30,-1,1,2,给分有点一般
171833,100,陈熹,2023-04-07 03:38:02,-6,3,9,水死了，小测说闭卷就闭卷好吗？别人认认真真复习了半天，您大手一挥大赦天下突然让带回去再写写。这公平吗？助教也是不负责任一问三不知。好好的一门课沾上了管理就变得这么不堪吗
183235,100,陈熹,2023-11-23 04:09:10,5,5,0,偏向应用型的课程，和计算机学院的侧重点不同
185918,100,陈熹,2024-01-06 04:35:22,6,6,0,预防老年痴呆的大男孩能有什么坏心思呢\n\n数据挖掘与机器学习，10分！老师很好
189183,100,陈熹,2024-01-22 09:22:54,9,10,1,老师很好，但不要对管院开的技术课抱任何期望……
201438,100,陈熹,2024-11-03 01:21:55,4,4,0,对CS来说，太简单了；\n\n对MBA来说，太难了；\n\n不知道这个课到底要干啥。
212252,100,陈熹,2025-01-13 14:29:54,1,1,0,非常好老师
212253,100,陈熹,2025-01-13 14:32:21,0,0,0,超好的陈熹！！！！！！
2051,117,张钢,2015-03-30 09:36:46,12,31,19,口才很好，上他的课也可以收获很多东西，但是给分较严格
9837,117,张钢,2015-11-10 17:16:32,1,8,7,感觉能学到很多东西，值得去听一听！！
12713,117,张钢,2015-12-24 02:22:53,2,11,9,听故事一样的，这门课听完明白了中外思想差异的渊源，很有收获！！！
26857,117,张钢,2016-11-16 08:45:58,-2,8,10,真的学到了很多，，怎么没有11分？？？
33407,117,张钢,2016-09-19 06:47:39,-6,3,9,困。。。有趣
34884,117,张钢,2017-09-16 15:28:33,-2,8,10,这学期上的课，还没开始呢，但是先来评分了，我只说一句话，没有11分吗？？？
35197,117,张钢,2016-11-04 13:07:36,0,3,3,神奇，非常神奇
35811,117,张钢,2016-11-10 08:16:12,1,4,3,老师好帅
36331,117,张钢,2017-01-19 14:00:48,30,51,21,工科背景，哲学思辨，历史底蕴，管理范本——这成就了吾师张男神。每一节课的醍醐灌顶，每一节课的娓娓道来，每一节课的掌声雷动……张老师的课堂已不再是课堂，而更像是历史的回眸和思想的探讨，我只希望这样一位无论是为人、治学、授课都堪称楷模的老师，可以被更多的人知晓！\n\nPS：考核机制还需完善~希望老师也能运用泰勒的科学管理思想，把那些“磨洋工”的同学揪出来！这样我就不会付出了超多努力也只有B+了
37166,117,张钢,2016-11-17 16:03:56,-5,5,10,无聊啊\n\n
38103,117,张钢,2016-11-24 08:00:16,3,9,6,老师很风趣，才华横溢，总之我上他的课很少走神。能学到很多知识！只是自己知识面太窄，讨论课上很少发言，就不知道最后分数如何了^O^
39505,117,张钢,2016-12-23 09:47:31,0,3,3,很有深度
41233,117,张钢,2017-01-10 07:03:49,0,5,5,认真听的话会发现老师讲的东西很有意思，也讲的很好，讨论课如果愿意积极参与会有很大收获。很不错的课
41244,117,张钢,2017-01-10 07:37:57,-8,4,12,最好通核？
41402,117,张钢,2017-01-11 09:47:11,5,13,8,听完张老师的课后，将很多以前学习的零碎知识串联起来，把晦涩难懂的概念生动讲出内涵，发现它们内部的联系后让人茅塞顿开，我从思维层面学习到了很多。另外，感觉老师是个狂热热爱王阳明和物理学的人
41425,117,张钢,2017-01-11 13:21:01,2,9,7,我只说一点\n\n老师每次下课的时候全班雷鸣般的掌声\n\n每次下课都是\n\n这一点很少有老师做到吧
41531,117,张钢,2017-01-12 06:51:24,1,5,4,666
44846,117,张钢,2017-01-18 11:22:18,16,26,10,给分好低 真的很努力很努力地上课 参与讨论课 论文也准备地很卖命 能花的心思都花了 期末考也拼命准备拼命多写一点 可是结果呢 结果呢！！！
44899,117,张钢,2017-01-18 12:54:55,0,5,5,不多的好老师
45026,117,张钢,2017-01-19 00:24:40,12,23,11,感觉是我大二以来，唯一一个上课全程无困点的老师。老师讲课内容丰富有趣，完全没有无聊得想发呆的时候。上这门课，不仅真的有确实地学到中外管理思想的知识，而且还学到了思维方法，内容很多干货。并且老师事情特别少，除了讨论课，只有一个小组期中展示和期末小组论文，大概平均每人2000字就行。最后给分嘛，不好说，反正给了我A?强烈推荐！
47363,117,张钢,2017-01-25 12:37:09,-8,13,21,把我的gpa拉低0.2的课 垃圾
47965,117,张钢,2017-02-27 15:02:32,-1,6,7,老师的课超棒的！最喜欢下课和老师交谈的时光了，上课逻辑缜密，十分强调我们的逻辑思维能力，我觉得绩点也要看你的逻辑能力强不强，平时讨论课时思维碰撞激烈，期末考好好答题(只有四道题而且我觉得不用复习就看你的思考能力了)，就可以拿高分！平时没有作业！只有一样大作业！超爱张老师的课，可惜只开了这么节课TVT
52181,117,张钢,2017-06-15 13:52:22,2,6,4,老师本身讲得非常好，思想很有深度，也的确可以学到很多内容，是大师。但讨论课的评分机制感觉有待完善吧，我觉得讨论课就应该让每个人都有发言的机会，而不是一直让那么几个所谓发言积极的人在那边说，我觉得这样做并不多少公平，反正我觉得讨论课的氛围与讨论机制不是很好。但老师的理论课讲得真心好，这个要点赞！
59053,117,张钢,2017-09-19 08:21:17,5,6,1,……有时难受
59656,117,张钢,2017-09-25 11:39:06,3,6,3,两节课我就想打10分了，好老师，有内容，有思想，课上的非常棒
60089,117,张钢,2017-10-10 06:02:23,0,3,3,感觉老师讲课很有意思，一节课颠覆我对高中语文老师的认识。上课收获很多，点名方式也很特别。。。
61880,117,张钢,2017-11-21 10:52:50,30,37,7,如一些评论中所说的，评分机制确实不太完善。在讨论课上有些人为了刷绩点总是一节课想答两次而且关键是发言好无深度，强迫着别人听他垃圾一样的发言真的恶心。感觉作为打分制度并不合理一门通核课，恶性竞争及并不讨喜的小组合作真的很烦人。一直担心被正态的一门课。
64337,117,张钢,2017-12-22 13:39:06,0,3,3,振聋发聩
65803,117,张钢,2018-01-09 07:54:17,0,3,3,超赞呀
71926,117,张钢,2018-01-29 05:57:45,-11,5,16,总觉得一味贬低中国大学生的老师不好\n\n个人看法\n\n国情不同何必崇洋媚外
71949,117,张钢,2018-01-29 06:29:42,23,26,3,只想说给分真的好低。。。
72028,117,张钢,2018-01-29 08:34:49,17,20,3,理论课讲得很好\n\n但讨论课恶竞有点严重，很多人都在换着法子讲同样的内容，只为了那个发言名额。这一点不太好。\n\n最后考试4道大题目，建议平时理论课好好听，把老师讲的要点记下来，期末考试会有几道题会考到上课讲的知识。
72163,117,张钢,2019-07-06 23:16:26,7,9,2,理论课很赞，但是讨论课不是那么有干货不过也就是讨论课的原因吧，给分不太好
73313,117,张钢,2018-02-01 10:02:56,4,5,1,其实老师讲的已经超出管理思想的范围了，涉及中西方，古今大师的思想解读，对于学习哲学，社会学，法学等等人文社科领域的同学应该很有帮助的，理论课真的非常棒，让我真正感受到大学老师的风采，必须赞
76810,117,张钢,2018-04-24 00:02:25,1,1,0,享受，很希望老师能多开几种课
79736,117,张钢,2018-06-13 06:53:22,0,1,1,虽然给分一般，但是老师讲课真的超级棒！最后考试的内容大多是课上讲过的，开卷只要认真听了做了笔记就没问题的，但是评分好像更看重发言和小组论
87273,117,张钢,2018-09-26 11:35:57,12,14,2,讨论课恶竞超级严重！！！很多人为了发言完全答非所问，我这种理科生坐着像个智障，理论课很赞但是老师会走来走去，很难水。及其严格的点到制度。不过估计通核都这样
87758,117,张钢,2018-10-11 15:24:37,2,3,1,男神呀
98218,117,张钢,2019-01-23 08:04:25,5,7,2,事情巨多，给分很差，真的对这方面有兴趣或者本专业推荐选，不然……绩点会难看。
98230,117,张钢,2019-01-23 08:27:00,7,9,2,真的是体验下来恶竟有点严重，大多数人简直为了发言而发言。作为理工科的简直煎熬，给分有点狠，老实说老师很好，很有魅力，但还是认为理工科请慎选……
98247,117,张钢,2019-01-23 08:43:13,5,5,0,给分很差，这个讨论班都很低...
98250,117,张钢,2019-01-23 08:44:38,0,4,4,别问，问就是张老师是真男神，我要做一只舔狗? rua！
98283,117,张钢,2019-01-23 09:15:54,4,5,1,给你安排一群猪队友就等着被拉绩点吧\n\n我就呵呵
98329,117,张钢,2019-01-23 10:28:55,5,8,3,给分极差 认真做笔记 认真搞大作业 每节讨论课都至少发言两次 考试很努力地答了。结果绩点极低。投入远大于回报。不在意绩点可以尽管来
99073,117,张钢,2019-01-24 08:28:38,7,7,0,老师真的很好，给分真的很差。想水或者在意绩点的，建议绕道。
99465,117,张钢,2019-01-25 00:24:14,1,4,3,看评论后发现大家对这门课好像都挺认真的，我也是认真对待大作业+每节课积极发言+考试正反面写满，最后是A。所以如果说大家平时都挺认真的话，那时候期末考虽然只占30%是不是也很关键？毕竟那四道题虽然开卷但光靠照抄显然不行，所以感觉问题可能在期末考吧？
101073,117,张钢,2019-01-27 12:14:56,5,8,3,如果认真听课，回去总结，你会发现老师真的一般，尽管老师给我了4.5，但是请老师上课多讲点实在内容，不用老是说些只是看着有用的话
106455,117,张钢,2019-04-27 14:02:01,2,5,3,大学第一个遇到的批发思维的好老师，我敢说我后面敢报想报upa有一半原因是老师的课激发了我对于思维锻炼的欲望。感谢老师，不过给分可能是很严。建议想有收获的人来，不过认真做还是能做的比较好的。真的花了挺多时间在这门课上的，最后意外4.5真的爱了爱了
127481,117,张钢,2020-11-23 11:44:29,8,11,3,来自人文类的同学表示，啥东西都能塞到管理里面，很杂，感觉学了也没啥用，比较水。
132184,117,张钢,2021-01-31 01:11:29,-4,1,5,。。。
132201,117,张钢,2021-01-31 02:32:42,2,4,2,读书报告和论文真的很烦。事情算少吧。但是真的只能感觉老师讲的好，但是我就是不能理解其中的逻辑，什么都能搭边。讨论课一学期发言不超过5次，大家做个参考吧，最后B。讨论课上课体验极差。
140541,117,张钢,2021-09-13 13:18:53,2,4,2,评分机制炸裂\n\n发言就加分毫无营养
141793,117,张钢,2021-11-22 16:39:58,4,6,2,老师很博学，对于经典，名著信手拈来。\n\n不过个人感觉管理思想史课程还可以继续深挖，或者说知识性的点还需要学生更多的自发学习。感觉很多时候小组的思考虽然有逻辑性，但是缺少足够的佐证，以及对于相应学科的术语也不甚了解就直接使用，很少有人能有意识的去问“你所指的xxx概念的内涵和外延”来明确讨论的框架，再进行演绎和归纳\n\n个人感觉可以用一本相应的教材把所有的基本概念体系化一下，作为工具书参考；然后每个小组读2-3本原著，最好是有思想上的承袭关系的；辅以一两本解读性的专著来归纳这种关系。
147256,117,张钢,2022-01-09 09:54:16,0,0,0,！！！
148889,117,张钢,2022-01-14 01:42:00,-16,7,23,b事多，给分烂，意识形态输出机器😅
148906,117,张钢,2022-01-14 02:33:00,3,3,0,文科同学非常推荐，理科同学慎选\n\n老师的课分理论课和讨论课，理论课老师会总结前一节讨论课的内容，然后再讲下一节课的理论，如果是真心想学管理的话是可以学到很多东西的，讨论课有人说恶竞严重，我倒是没感觉到，因为大家的发言都很有深度。我是理工科的，全程听不懂摆烂，被同组大佬带飞，最后给分也是比较符合预期的。
148969,117,张钢,2022-01-14 04:55:53,-4,1,5,评分机制不完善，老师偏爱文科的同学，讲课逻辑不清，有基础和没基础的同学差距很大且在这种情况下不可逆转花了好多时间，喜提3.3，均绩保底，谢谢张老师啦
149689,117,张钢,2022-01-16 11:14:46,0,1,1,真的很喜欢张老师\n\n感觉上他的课，接受了一次新的思想启蒙。\n\n超级建议身边的朋友都来听一下老师的课。\n\n感觉很多东西都串起来了。非常神奇。\n\n感恩！
150882,117,张钢,2022-02-20 14:30:05,6,10,4,说意识形态输出机器那个，你懂什么叫意识形态？学了个词张口就来是吧？
151318,117,张钢,2022-02-28 10:49:41,1,2,1,真的能学到很多东西\n\n虽然我是理工科的 但是依然很喜欢上张老师的课
153906,117,张钢,2022-05-16 12:58:05,0,1,1,一气呵成，逻辑缜密，听张钢老师一门课就值回大学学费了。
154605,117,张钢,2022-06-02 11:26:32,2,2,0,我男神！！！！！！！！！超级儒雅的一位老师，好好听讲，好好做笔记，分不会低的
161142,117,张钢,2022-10-29 03:26:25,0,1,1,真的很无聊
161346,117,张钢,2022-11-04 09:32:01,-2,4,6,老师很爹权感觉，这里是大学啊喂
163314,117,张钢,2022-12-12 12:32:00,2,3,1,很难说，听了又像没听
166563,117,张钢,2023-01-13 00:03:32,3,4,1,讨论课比较无趣，中外管理思想史对我来说很难，个人是工科生，对文科思想比较弱的不是很推荐。不过很有收获，老师让我从不同的方面获得了更多的认识\n\n讨论课没怎么发言的我最终拿到了比较好的绩点，我觉得最主要的是，期末考基本考上课写过的观点，然后上课要记笔记，或者事后听回放也行
168099,117,张钢,2023-01-27 12:18:04,1,1,0,很儒雅的老师，讲述观点的语言逻辑非常值得学习，其实观点中也有很多值得学习的地方~讨论课讨论的问题远远没有老师的理论课精彩\n\n考核方式好像一直没有变过，上课记得记笔记
170718,117,张钢,2023-03-08 11:36:49,8,9,1,总体来说，在通识核心类别里面，这门课的事情算少的，一次小组论文，一次pre，一次读书报告。上课确实很无聊，老师语速比较慢，容易犯困。建议事后认真记笔记
171533,117,张钢,2023-03-27 15:49:01,0,0,0,不错不错
187183,117,张钢,2024-01-15 03:41:36,0,0,0,从人生和管理的角度很有启发。助教wl也特别好，整个讨论班上的气氛总体比较上进
187282,117,张钢,2024-01-15 11:41:06,1,2,1,给分好，上课轻松
187637,117,张钢,2024-01-17 02:36:15,1,1,0,老师对管理知识和人生观有独特见解的，而且助教wl人也特别好！！别被均绩吓到了，感觉还是很有收获的
188318,117,张钢,2024-01-18 15:30:16,4,4,0,一位好的老师对学生的影响绝不仅仅是在学业上。张老师各个方面的知识都非常广博，上课时经常旁征博引，引经据典。对中外管理思想的深入浅出的解读真的很具有启发性。上了张老师的课也让我对自己未来的目标更加明晰。每周一理论课的讲解我感觉还是挺有趣的，尤其是讲解中国古代管理思想部分的时候，冬学期讲西方管理思想的时候因为缺少对苏格拉底柏拉图等等思想家的理解可能听起来的时候会有点困难，但还是很有收获的。讨论课感觉有一点不好就是按照发言次数计分，有时候其实有大量的同质化发言，意义不大，小组作业的话感觉小组成员真的很重要，小组合作也很重要。最后，真的感谢张老师！！！
207747,117,张钢,2024-12-24 06:26:57,1,1,0,老师的人文素养很高，看问题鞭辟入里，虽然没有大量的阅读积累可能会跟不上老师，但是能听懂一两个关键的见解，这门课就不白学了
209361,117,张钢,2025-01-05 15:08:57,5,5,0,控制就是学习👏
210581,117,张钢,2025-01-09 11:36:11,1,4,3,【管理哲学导论】今年第一年开课，课程讲座、讨论性质比较强，基本上是老师的一套系统化世界观和方法论的输出。上课无PPT，完全对谈。作业1个管理经典阅读小组作业，发言分，签到分，闭卷期末考试（2道大题，检验是否掌握课上输出的观点）。内容本身不好评价，比较微妙，毕竟不是可证伪的科学而是哲学。给分还不错。\n\n\n\n另外纠正下热门评论，老师没有工科背景，是浙大社会学哲学系毕业的。
211021,117,张钢,2025-01-10 10:48:15,2,4,2,近日重读包刚升老师的《儒法道：早期中国的政治想象》，其中有一段话：“中国古代政治理论对当代中国来说仍然是一项重要的思想资源，但它们不应该成为一种思想的图腾。”陡然间想起了2021年秋冬选修的张老师的《中外管理思想史》课程，感触良多。\n\n\n\n这门课概览了中外思想——在我看来尤其是政治思想（可能因为自己是公管专业而不是管理学院的学生），从儒家、（齐、秦）法家、道家到柏拉图、马基雅维利和孟德斯鸠，张钢老师的课程是从文本出发，但落到现实问题中的。阅读经典后，助教姐姐总是引导我们总是用其文本（text）来思考一个具体情景（context），回答一个现实的问题。尽管只是一门通识课，却相当成功地让旧的思想在与新问题的激荡中散发回响。\n\n\n\n时隔四年，其实课程上讨论的内容也大多不记得了，但一方面认识了许多颇具思想的朋友，另一方面也时常提醒我不断砥砺自新。回头想想几年前的许多观点，不管是关于哲学的、政治的还是经济的，都有许多阙漏，但讨论（甚至争辩）本身就是一种启迪，给予了我多元化的视角。选这门课时，其实只是为了修够通识核心课程的学分；但上完一整个学期，确实觉得受益匪浅，物超所值。\n\n\n\n希望有更多的同学能通过这门课探寻到自己的和世界的价值~
212428,117,张钢,2025-01-14 03:52:33,0,1,1,很博学的老师 课讲的很有深度 听管院的课很怕听到传销课 但是中外管理思想这门课完全不会 (⁎⁍̴̛ᴗ⁍̴̛⁎)私心满分给我们的美女助教陶姐姐 特别特别好的
214212,117,张钢,2025-01-28 14:21:02,0,0,0,老师对管理有自己的一套理解，很深刻也很科学，并不像某些只会输出自己见解的垃圾老师那样。\n\n考前看了之前所有上课的智云，加之小组很给力（也感谢助教qw老师！）喜提满绩。\n\n推荐大家选这门课，只要上课好好听会有收获的
294,146,唐素萍,2015-03-15 00:24:56,9,15,6,老师上课基本上没什么准备，很多时间都是让学生自己来报告，没有学到任何东西
463,146,唐素萍,2015-03-15 02:48:05,8,17,9,比起管理学，这堂课重视的是ppt展示技巧！\n\n她不太讲课的，大家都自己读了，连考试方式、内容她都不知道……
1574,146,唐素萍,2015-03-22 16:01:00,11,17,6,几乎学不到任何东西，感觉她从不备课，都是照着PPT念，课堂非常差劲
9718,146,唐素萍,2015-11-05 09:16:06,7,10,3,基本靠自学.
12988,146,唐素萍,2015-12-24 12:39:54,-14,5,19,感觉老师其实挺有水平的，但是可能语言表达能力不太好，很多问题解释得不太清楚。大部分课都是小组章讲和答疑，挺锻炼团队协作和个人素质的，这也许就是在实践中学习吧。
13323,146,唐素萍,2015-12-26 15:48:53,30,35,5,没有收获任何，完全靠自学。嗯，一分不能再多了。。
13324,146,唐素萍,2015-12-27 00:09:16,8,11,3,我只是来打个一分。\n\n
13839,146,唐素萍,2019-05-31 00:40:39,4,9,5,cao
14828,146,唐素萍,2016-01-09 15:11:29,7,9,2,一个什么都不知道的老师和什么都不知道的我们。
16868,146,唐素萍,2016-01-19 06:14:43,5,9,4,全部在同学章讲，怀疑老师是到底有没有关于管理学的知识，感觉从不备课，讲话逻辑也乱。同学的问题也解答不出来，自己布置的课前小测自己都给不出准确答案和回答。
17306,146,唐素萍,2016-01-20 04:19:32,4,5,1,呵呵了
17981,146,唐素萍,2016-01-21 05:19:21,1,3,2,不讲课
19969,146,唐素萍,2016-01-25 16:53:09,3,5,2,简直不知道她的博士学位是怎么来的\n\n
20792,146,唐素萍,2016-01-31 12:27:47,3,5,2,什么都没学到。。绩杀且出成绩慢的要死。：受不了
20827,146,唐素萍,2016-02-01 10:23:37,0,5,5,给分高\n\n
20828,146,唐素萍,2016-02-01 11:13:08,2,3,1,呵呵哒
20843,146,唐素萍,2016-02-02 02:58:07,3,5,2,说实话 不怎么样 学不到任何东西 水了一学期的手机 上课就靠同学展示 本来看给分也不好。但是最后发现给分还不错。就酱
20899,146,唐素萍,2016-02-03 08:46:04,1,5,4,并不绩杀，给分不错
20901,146,唐素萍,2016-02-03 10:14:59,1,3,2,管理学这门课的水平应该还是有的 但是上课的。。。好吧反正上课一直水水水 考试前两天把整本书预习了 然后给分很高
21974,146,唐素萍,2016-03-02 03:15:52,0,3,3,不清楚她讲课的水平，但给分是真好。\n\n
22217,146,唐素萍,2016-03-03 03:25:22,0,3,3,给分超差 上课超水
27830,146,唐素萍,2016-06-27 19:34:30,2,3,1,完全靠自学，读PPT，根本学不到任何东西
34258,146,唐素萍,2017-03-30 03:34:48,1,2,1,哈哈哈
34724,146,唐素萍,2016-10-19 08:36:53,0,1,1,什么都学不到，讲课只念ppt，ppt就是课本内容，而且大部分同学章讲
34752,146,唐素萍,2016-10-20 06:04:50,1,2,1,上课毫无准备，无厘头
37033,146,唐素萍,2017-03-01 16:23:58,5,9,4,超级水 可能是在大学最失望的一个老师了 完全没传授任何知识 感觉她其实也没有任何水平 那些说给分好的 我就想问 学不到东西绩点再高有什么nuan用？？？
39343,146,唐素萍,2016-12-22 06:34:38,2,3,1,确实上课都是小组章讲 现在没考完试不知道给分给的怎么样 但是怎么说 讲课也不是完全不讲 觉得她个人性格就是很随
39698,146,唐素萍,2017-01-26 05:50:45,-4,6,10,哇老师好到飞起，人人满绩，快来快活吧
44487,146,唐素萍,2017-01-18 01:18:28,0,1,1,几乎没有什么收获，水水过。。。
47418,146,唐素萍,2017-03-01 16:27:08,-4,7,11,老师其实人不错的 努力的给干活 给分也不错虽然很累 很满意 拿了4.8 大家如果分数不高也请反思一下付出了多少好吗
47422,146,唐素萍,2017-01-26 07:56:23,-2,3,5,怀疑她的博士学位，给分是闭着眼睛瞎给的吧，课长助教什么的分都高，要不是必修才不选这个课!!!
52090,146,唐素萍,2017-06-14 14:38:01,3,4,1,老师明明很努力的好不好，自己看不到的话，也不能这么说。
52189,146,唐素萍,2017-06-15 15:32:44,1,2,1,给分还可以，但是收获不大
59788,146,唐素萍,2017-09-27 03:25:49,-6,2,8,大一上全程划水4.8
69446,146,唐素萍,2018-01-24 16:17:05,4,4,0,虽然没什么收获，感觉所有知识都是自己看书来的，但是给分不能太好
72349,146,唐素萍,2018-01-30 02:44:59,2,2,0,每个公司的资源都是一样的。这个公司的老板比较奇葩，同事水平也很低。如果你是想提升自我的请另谋高就，如果你只是想赚点钱回家过年，在这里你会更容易拿到你想要的。如何处理好人际关系并在圈子中获得认可，这是管理能力的重要体现。
73263,146,唐素萍,2018-02-01 08:57:13,2,2,0,很好的老师，讲课很无聊，事情很多
76406,146,唐素萍,2018-04-08 02:16:35,-2,0,2,很好的
86581,146,唐素萍,2018-09-17 10:15:03,3,4,1,100个人还嫌多嫌累教不了，只教70个人是么，潜规则就是让那三十个人退课呗。。。。教微积分的陈景辉老师原来只教100人，后来加上旁听的大概有260个，人家嫌多了不教了吗？这就是差距。除了失望就是失望
88346,146,唐素萍,2018-10-29 06:37:18,3,3,0,不知道她在干什么
91029,146,唐素萍,2018-11-29 05:38:36,3,3,0,照读PPT都能都出乱逻辑。。。。。。
93552,146,唐素萍,2019-01-10 10:11:27,2,6,4,老师讲课虽然较无聊，但认真听依然收获颇多
95254,146,唐素萍,2019-01-19 05:54:58,2,4,2,辣鸡 天天考试不讲课 屁事贼多\n\n\n\n\n\n
97497,146,唐素萍,2019-01-22 09:27:43,-2,1,3,出分有点慢，还没出，但老师人挺好的。
102028,146,唐素萍,2019-01-30 05:32:16,2,3,1,事情多到结课一个月了还处理不了数据出不了分
102366,146,唐素萍,2019-02-01 08:54:49,2,2,0,老师上课比较无聊，收获比较少，平时事情比较多，但是只要有付出就会有回报的！
102369,146,唐素萍,2019-02-01 09:19:48,5,5,0,课是讲得不好，不过给分是真的好，很容易就满绩。反正管理学这种课，我又不听，给分好就行了。(总比隔壁鲁伯祥好多了，听说上课不能看手机，不能写其他作业，还作业贼多。请问你管理学课凭啥占用我这么多时间啊？)
102371,146,唐素萍,2019-02-01 09:26:41,-1,1,2,老师超负责！给分巨好！说老师不好的大概自己没认真学吧
102389,146,唐素萍,2019-02-01 11:03:30,-3,0,3,满绩，赞赞赞
102404,146,唐素萍,2019-02-01 13:32:59,4,4,0,老师人很好，真的不知道评分为什么这么低，最后给分也超好，赞?
102578,146,唐素萍,2019-02-10 02:54:00,-3,0,3,课不怎么样，但事情确实少，给分也不错
105348,146,唐素萍,2019-04-10 09:04:34,0,0,0,虽说管理学是很难说的玄学，但老师给分一点不玄乎
116815,146,唐素萍,2019-09-16 05:03:04,10,12,2,老师讲得是很差，但是管理学大家好像都不怎么听。课长王渊希小姐姐人超好，对留学生很有耐心，很负责人，性格也很好。
117016,146,唐素萍,2019-09-18 09:27:59,-3,0,3,市井泼妇 只想负分
121033,146,唐素萍,2020-01-19 09:48:17,0,0,0,管理学。在这门课上想学到什么知识是不太可能了，不如想办法混个高点的绩点，以下是混绩点的方法。\n\n评分规则：老师会执行第一节课给出的评分规则，并且在学期末上演实力捞人，但是到课考勤和组内互评对个人的最终总成绩会有比较大的影响。\n\n水这门课的策略：1、当管理学课程的领导层。管理学课程有一个三人组成的课程团队和十个组长，在第一节课的时候课程团队的人需要竞选，但组长是先到先得的写名字就行。不管想不想发表竞选发言，只要愿意拉下这一次脸皮写上你的名字，期末的给分就有基本保障。因为这门课的特点，组长在前几节课会比较煎熬，但后期小组稳定了就好了。2、线上小测。线上小测占据很大一部分的客观分，有一定难度，但可以用别人的mooc号刷题库，把正确答案搞到手。这门课的题库每年都不一样，所以往年题库刷完了只能保证新题库70%左右的正确率，还是需要开别人的号刷一下新题库。3、到课考勤。缺课一次平时分暴跌，缺课两三次基本就在及格线边缘，超过四次直接挂科，真狠。4、团队作业。分分锅就好了，这一块有基本分数，不是很能拉开。5、小组评分。平时在小组里多承担任务或者和组长打好关系，最后小组评分的权重要足够高，这也是一项决定性的数据。5、个人作业。只要做了分数就不会低。最后，由于这门课唐素萍老师不怎么管，班级里留学生比较多，做好以上几点拿满绩还是很容易的，但是上课体验的确不行。给4分。
29179,232,马弘,2016-06-29 10:44:01,2,7,5,帅萌可爱！\n\n英语口语好听！\n\n对信管学生有更严格的要求和更深的爱！\n\n对其他专业均轻黑！\n\n讲话幽默，上课爱结合内容打趣，下课爱和同学唠嗑。\n\n第一节课同学挨个自我介绍，后面就是签到为主，查的不严hhhh。\n\n出卷简单，字里行间透着戏谑，数据凑的很好笑。\n\n太喜欢他了，主要是给分也好。
29617,232,马弘,2016-06-30 05:04:45,9,18,9,老师无时不刻都处于吐槽模式中 但素其实是爱之深责之切啦 上课讲的很透彻还会讲一些延伸的东西 但感觉没什么人在认真听的样子唔 觉得信管同学选是不会错哒 还有 这学期可能出卷子简单了些（往年成绩貌似没有这么好的 当然这里显示的均绩是偏低的）想水水过的同学也别期望太高\n\n最后 强力给老师点赞啦\(//∇//)\
29893,232,马弘,2016-06-30 13:16:08,0,1,1,作为误入了信管老师课堂的同学，整个学期学的都是一脸懵逼不明白老师在说什么，当然老师人还是很好的，挺萌的~
53757,232,马弘,2017-06-27 13:25:18,-1,2,3,?点血炸，但还是给十分
53769,232,马弘,2017-06-27 13:32:56,0,2,2,强推马弘 当然非信管的同学。。还是考虑下吧 老师会吐槽大家hhhhh但是都是开玩笑的那种啦 老师人很好的 真的很好 最后绩点也不错 平时作业 上课拓展什么的也蛮多蛮用心的 总之好老师
54678,232,马弘,2017-06-30 04:07:10,-1,0,1,上课很好啊，是个很可爱的信管老师（除了卡绩点TT）
76146,232,马弘,2019-02-27 12:21:16,-34,8,42,傻逼东西
105017,232,马弘,2019-04-02 08:18:39,0,2,2,马老板的英语水平和教学水平不知道比一般老师高到哪里去了\n\n\n\n用心体会课程内容，反正都是来练听力的
109168,232,马弘,2019-06-11 02:32:14,-1,0,1,作业贼多，每周做个英语作业贼累
115504,232,马弘,2019-07-30 07:16:46,6,6,0,帅，萌，吐槽能力四海八荒无人能及，对信管学生是真的是“爱恨交加”，作为信管学生能拥有这样一位真正关心学生，肯为学生花时间的老师真的是很幸福
150979,232,马弘,2022-02-21 13:27:55,2,2,0,马老师是目前上课当中最认真负责的老师，讲课特别好
168323,232,马弘,2023-02-11 07:44:51,0,0,0,马老师是在浙大遇到的最负责且专业的老师
168358,232,马弘,2023-02-13 13:31:39,0,0,0,马老师教学态度真是非常nice，比其他读ppt得过且过的老师高到不知道哪里去了
168369,232,马弘,2023-02-14 10:04:24,0,0,0,马老师是我遇到过最敬业、认真负责的老师。为了让我们听懂，会提前认真备课，感觉马老师知识渊博，人很有趣，讲得也很好！
168421,232,马弘,2023-02-16 01:51:42,0,0,0,认真负责，英语非常好，强烈推荐！！！
1195,293,张惜丽,2019-01-19 01:30:37,6,13,7,张老师尽心负责！
2903,293,张惜丽,2017-06-08 16:48:32,13,16,3,认真负责
5363,293,张惜丽,2015-07-07 03:46:53,8,9,1,很好的老师
6161,293,张惜丽,2015-07-11 13:07:34,4,8,4,老师非常平易近人，对学生非常友好，很负责，课也上的很好!不过有点难...
6411,293,张惜丽,2015-07-13 23:03:25,4,4,0,很好
10079,293,张惜丽,2015-11-15 13:25:21,9,10,1,老师人真的很好的 就是上课听不太懂
15288,293,张惜丽,2016-01-29 01:41:30,4,4,0,很细心的老师
15320,293,张惜丽,2016-01-13 15:41:44,6,11,5,给分如何！\n\n
17395,293,张惜丽,2016-01-20 07:27:57,5,5,0,张老师超级好 每节课下课答疑都很耐心还会待很久
18026,293,张惜丽,2016-01-21 06:35:55,4,4,0,很认真负责的老师
19453,293,张惜丽,2016-01-24 09:00:49,6,6,0,好老师 认真负责
19793,293,张惜丽,2016-01-25 09:24:18,4,5,1,老师认真负责\n\n
22198,293,张惜丽,2016-03-03 02:09:52,4,5,1,长得好看，讲的好，给分好
34321,293,张惜丽,2017-01-19 03:55:13,1,4,3,满了满了，作为一个工科狗，一个学期天天跑紫金港也是值得了。老师很好，课也很多干货，内容比其他老多多了。
45129,293,张惜丽,2017-01-19 04:13:59,5,6,1,老师超级nice！人好上课也好，虽然讲得比较难，但是考试不难。给分也不错～喜欢我们的惜丽姐姐
45131,293,张惜丽,2017-01-19 04:19:53,2,3,1,给分超好，虽然听课有点难，但是自己回去整理复习就还好！
45183,293,张惜丽,2017-01-19 06:03:30,4,4,0,讲课有逻辑，解疑有耐心，给分更是赞?一学期下来感觉收获很多
45228,293,张惜丽,2017-01-25 03:23:32,3,3,0,遇见过的最好的老师
45591,293,张惜丽,2017-01-20 00:02:07,2,2,0,表明张老师，下课后解答题目超级耐心，有时都担心张老师吃不到午饭啦???爱你，张老师
47255,293,张惜丽,2017-01-25 02:30:58,2,2,0,惜丽姐真的非常好！上课虽然讲得稍微难一点，但是真的很细心，很nice呀！超喜欢她！
58766,293,张惜丽,2017-09-17 03:22:50,-2,1,3,女神，给分高
97954,293,张惜丽,2019-01-23 02:40:26,-2,1,3,老师超级棒啊！上课讲的很好！给分也超级棒！吹爆惜丽姐姐！
98162,293,张惜丽,2019-01-23 06:41:43,-1,2,3,老师上课超好！！给分也超棒！
98165,293,张惜丽,2019-01-23 06:44:05,-1,1,2,www惜丽姐姐人超好\n\n财管miu好好学 考试也觉得很崩最后没挂真的感谢
98166,293,张惜丽,2019-01-23 06:45:51,-1,1,2,老师可太好了呜呜呜
98185,293,张惜丽,2019-01-23 07:09:48,-2,0,2,说考试不难的那位你别走
98220,293,张惜丽,2019-01-23 08:05:40,1,5,4,虽然老师给我卡绩了，但是不影响我打十分呀?张老师真是温柔又讲得好
98907,293,张惜丽,2019-01-24 05:00:47,0,4,4,轻松满绩，谢谢老师o(^o^)o
100631,293,张惜丽,2019-01-26 12:51:44,-1,1,2,老师好耐心，给分也很好。谢谢老师o(^o^)o
102615,293,张惜丽,2019-02-13 14:42:45,0,2,2,好(✪▽✪)
104378,293,张惜丽,2019-03-19 04:31:12,1,3,2,我没有上过张老师的课，但是曾找过老师询问过论文的思路和计量方法，她非常温柔和热心！给老师点赞！
107916,293,张惜丽,2019-05-11 11:55:59,0,2,2,惜丽姐姐真的人间善良，人美心善！！非常耐心的倾听学生的问题，假期、晚上还会在微信上回答问题，回答完之后还劝我早点休息，感动哭呜呜呜！
118805,293,张惜丽,2019-11-06 09:12:59,5,7,2,神仙老师
123349,293,张惜丽,2020-06-04 15:32:15,4,6,2,超级好的老师！循循善诱，给分也很好！非常感谢老师带我进入金融和计量的大门！
126726,293,张惜丽,2020-10-16 02:46:54,1,3,2,我爱美女老师！！！老师太温柔了！！
126746,293,张惜丽,2020-10-18 03:37:06,3,5,2,一个字，好！
131165,293,张惜丽,2021-01-26 09:54:28,0,2,2,给分真的真的好，老师也特别友善
131658,293,张惜丽,2021-01-28 10:29:43,2,4,2,遇到的第一个收卷时会说谢谢的老师！
132536,293,张惜丽,2021-02-02 06:55:38,4,6,2,惜丽姐姐我永远爱！！！怎么会有如此温柔的老师啊55555讲课超级棒！回答问题超级耐心！对学生都是永远把“谢谢”挂在嘴边，真的太感动了！真的是很善良的为学生着想的好老师！
133180,293,张惜丽,2021-02-14 07:17:21,-5,2,7,人非常温柔，给分特别特别特别的好，我感觉考试很差根本没认真学但还有4.2。
133253,293,张惜丽,2021-02-21 03:09:41,-12,5,17,我最后悔的事情，就是大二的财务管理没有好好听张老师的课，没有好好钻研。\n\n\n\n否则财管不会只有4.2。\n\n\n\n一定要珍惜张老师的课啊啊啊啊啊。
133869,293,张惜丽,2021-03-08 12:17:26,0,2,2,张老师女神！
142212,293,张惜丽,2021-11-08 12:54:01,0,2,2,老师好温柔好负责！
142488,293,张惜丽,2021-11-12 06:21:28,0,2,2,她真的好好，上课就是如沐春风的风格，会观察学生的反馈，温柔给分高，我真的好爱她
149995,293,张惜丽,2022-01-18 08:24:45,1,3,2,如沐春风这四个字足以形容张老师的上课和相处了～还有助教xgg人也很好很负责，是这学期上的最舒服最喜欢的一门课了！
149998,293,张惜丽,2022-01-18 08:58:30,5,7,2,老师人很好，ppt很舒服，但是给分一般
158633,293,张惜丽,2022-07-01 01:56:10,0,2,2,zxl，你 是 额 滴 神！
159054,293,张惜丽,2022-07-05 07:21:31,1,3,2,很好的一位老师
167693,293,张惜丽,2023-01-18 10:37:46,3,5,2,必须满分
205884,293,张惜丽,2024-12-12 12:33:51,4,6,2,好几次课都是站在门口笑着看学生进门的 永远在笑着讲课 永远轻声细语 上课期间做习题会走下来看每个学生的情况 大型的题会留很长时间给每个同学讲解 每节课是数字点名（懂的都懂） 还没考试 先顶十分ლ(°◕‵ƹ′◕ლ)
210867,293,张惜丽,2025-01-10 05:43:24,1,3,2,可爱吧唧，温柔和善，说话嗲嗲的，有一次在寝室听智云，室友听到说这个老师声音怎么有点机车的感觉hh
212374,293,张惜丽,2025-01-14 02:22:53,14,14,0,跟老师聊天，说自己要不是因为是生在潮汕地区的女性，或许会有更大的成就😭
213748,293,张惜丽,2025-01-19 11:49:03,-13,3,16,跨专业选课认真一个学期换来卡绩，不如本专业同学考前突击，这老师搞专业歧视是吧
213750,293,张惜丽,2025-01-19 12:10:44,0,1,1,非常非常好的老师😭
213753,293,张惜丽,2025-01-19 12:24:12,0,1,1,老师超级温柔😭😭😭给分太意料之外了😭😭😭
213756,293,张惜丽,2025-01-19 13:11:19,2,4,2,认真上了一个学期的课，认真写了每次作业，得到了非常好的分数，踏踏实实和老师学就可以了，付出回报成正比，老师人很好，问她问题都是秒回
213797,293,张惜丽,2025-01-20 03:35:36,2,5,3,老师疑似不捞 大家给分好像都不是很好
50084,295,郭毅,2017-04-29 10:04:07,0,0,0,见识很广知识很渊博的老师
72867,295,郭毅,2018-01-31 08:21:59,0,0,0,老师经历丰富，有很多知识和经验，实践导向授课，具体知识点考试都是要求背诵
6802,317,车幼梅,2015-07-23 04:30:06,-7,4,11,虽然上课有点枯燥，但总体还不错
17182,317,车幼梅,2016-01-20 00:22:52,15,21,6,试卷坑
17454,317,车幼梅,2016-01-20 08:38:19,-19,4,23,原本感觉会挂科的课，玩命学了一天居然有3.9，已满足
18095,317,车幼梅,2016-01-21 07:40:16,-7,4,11,车老师还是很有特色的
19774,317,车幼梅,2016-01-25 09:05:25,13,14,1,讲课超级枯燥\n\n\n\n\n\n
22873,317,车幼梅,2016-03-14 03:23:36,-9,1,10,我觉得老师讲的不错。不知道给分如何。
29403,317,车幼梅,2016-06-30 04:56:39,5,6,1,1.8呵呵了 幸亏不是主修课程
29538,317,车幼梅,2016-06-30 02:48:39,3,4,1,给分很差…
29540,317,车幼梅,2016-06-30 02:51:50,11,11,0,讲课很无趣，但是很细致。给分不好 真心 不好……
29544,317,车幼梅,2016-06-30 02:55:17,8,9,1,这老师有毒啊，讲的那么慢丫的还没条理。给分真是坑，上大学最低分献给她了。
29551,317,车幼梅,2016-07-04 12:32:45,11,11,0,这学期绩点被会计学拉下了0.15。感觉考的还挺不错的啊。不知道是老师严格还是自己太渣。
29637,317,车幼梅,2016-06-30 05:45:00,6,6,0,反正我是挂了，老师比较严格吧也许，一学期上课时间自己不安排好，最后一周来布置特别多作业，做不完还没有平时分，我就是这么挂的
29787,317,车幼梅,2016-06-30 10:11:35,0,3,3,上大学以来遇到的唯一一个每节课上课前都会强调不要玩手机的老师。很负责，很细致，大概是会计的严谨性格吧，给分也比较严。课程安排前太松，后太紧了。老师还行吧，看书要仔细。
29975,317,车幼梅,2016-06-30 15:45:26,5,5,0,老师人是挺好的，课程安排实在太奇葩了，前面三四周上一章，快到期末考的时候一周上两三章，而且作业要全做。。期末复习的时候还在赶作业宝宝心里苦啊！
30339,317,车幼梅,2016-07-01 10:19:14,5,5,0,怪不得评分不好…讲课很慢…后来都来不及了…给分也不好 班级均绩辣么低
50619,317,车幼梅,2017-05-04 02:08:53,3,3,0,要求严格
51278,317,车幼梅,2017-05-27 07:31:12,6,6,0,讲真课讲得不好……
52685,317,车幼梅,2017-06-22 06:46:48,0,0,0,上了老师的高财，感觉比会计学讲的好，给分也可以
54204,317,车幼梅,2017-06-28 16:21:21,5,5,0,呵呵 出成绩了宝贝们
54208,317,车幼梅,2017-06-28 16:33:05,5,5,0,有成绩了.....唉，又卡绩点了，难受....
54213,317,车幼梅,2017-06-29 01:17:54,7,7,0,一学期努力就是这样的结果 我表示无话可说 提醒之后的学弟学妹们 珍爱生命 远离绩杀 这样给分 吃屎去吧
54216,317,车幼梅,2017-06-28 17:09:08,4,4,0,这个老师绝对有毒，谁要愿她的课就是把自己放入火海吧
54268,317,车幼梅,2017-06-29 02:27:14,3,3,0,给分真的不怎么样，感觉不值
54558,317,车幼梅,2017-06-29 15:20:15,-2,0,2,老师好，谢老师不挂之恩
57757,317,车幼梅,2017-07-14 04:14:37,2,2,0,卡了一分。老师还是认真的，就是会计学本身给我的感觉是。。。非常无聊，如果不是很有耐心，或者记性比较好的同学，建议还是别选。可能社科同学选会比较合适吧。另外，会计学教材的主编就是老师。最后一个上课细节，老师提到的复式记账源于意大利，查到了，即partita doppia
58061,317,车幼梅,2017-07-28 02:37:38,0,1,1,就是那种邻家碎嘴又慈祥的奶奶，“起床啦”，“手机电脑收起来”。试卷自己出的，考试的时候悄悄指点了不少人，嫌讲得慢就自己多看看书多思考多问问题。
68386,317,车幼梅,2018-01-23 05:55:39,2,2,0,emm把无聊的课讲的更无聊了 绩点还垃圾 1.8 算半个主修了 谢谢您嘞 走好不送
77218,317,车幼梅,2018-05-04 02:04:56,1,1,0,希望车奶奶不要挂我的高会?
78558,317,车幼梅,2018-05-13 04:54:53,1,2,1,给分比想象中好很多了！一分努力一分收获吧。
85665,317,车幼梅,2018-07-24 15:38:00,2,2,0,财务确实枯燥，但是...不能越讲越枯燥啊……
103421,317,车幼梅,2019-02-28 04:16:47,0,0,0,窒息的感受 上课海星 绩点爆炸
106605,317,车幼梅,2019-04-28 10:05:07,1,1,0,车老师你真好，感谢您(❁´ω`❁)
106616,317,车幼梅,2019-04-28 10:50:49,1,1,0,出分了来评价一波。上课讲的很细，也慢，早课听着可能昏昏沉沉的，但是老师在潜移默化的传递一些会计思想的东西。在教我们为什么要这样做（虽然有时候也听不懂…）老师自身的知识很过硬，比其他某些自己不太灵光的老师好很多
106620,317,车幼梅,2019-04-28 11:34:40,0,0,0,老师上课细致，耐心。虽然高财有点听不进去，但是给分超级好，比想象中好很多。
107652,317,车幼梅,2019-05-08 03:36:53,0,0,0,讲的不清不楚，其实也没讲多少为什么要这么处理，还算认真，但处理方法基本靠讲例题讲解，就有点乱还情况不太全
172088,317,车幼梅,2023-04-19 06:59:21,0,0,0,无语了
5618,371,金少胜,2015-07-08 16:40:13,9,11,2,超级帅的老师啊！给分也超级好！
8141,371,金少胜,2015-09-17 06:22:19,11,15,4,今天第一次听，老师人好帅！男神
18009,371,金少胜,2016-01-21 05:54:26,4,12,8,天，长得帅就算了，我卷子乱写的以为挂了，谁知道最后给分这么好，绝对男神不解释
18060,371,金少胜,2016-01-21 07:15:33,4,5,1,超级好老师
18357,371,金少胜,2016-01-21 13:16:50,8,10,2,超级帅！给了我满绩！讲的很好！良心老师
24039,371,金少胜,2016-04-26 02:17:33,10,13,3,超棒！讲课好！内容生动活泼啊！人帅！给分好！简直了这么好的老师哪里找！管院农经金男神！
34261,371,金少胜,2016-09-29 07:53:55,5,5,0,帅就一个字！有这么帅的老师听了都变得认真起来了！
40099,371,金少胜,2016-12-29 07:11:06,6,6,0,老师非常好，负责，讲得好，体贴还帅
40100,371,金少胜,2016-12-29 07:18:06,4,4,0,真的 太温柔了 讲得又好人又帅
45789,371,金少胜,2017-01-20 05:55:45,1,3,2,帅就不用再强调了，每节课都是一种享受啊，史上手速最快的卷子，感觉做得不怎么样，超级没底气的，结果给分这么好！！！
45835,371,金少胜,2017-01-20 07:06:53,4,5,1,好帅好帅啊而且谈吐或者说口音也很独特有时候笑声还挺魔性的 给了我大学以来最高的分数 爱死他了
46030,371,金少胜,2017-01-20 12:30:57,5,6,1,帅就一个字
47138,371,金少胜,2017-01-24 04:13:16,3,3,0,不错的老师，很为学生着想\n\n
49765,371,金少胜,2017-04-25 15:06:47,5,5,0,老师超级超级好，不仅帅，还有气质，课很有意思，给分好，替学生着想，是听的最认真的课
68489,371,金少胜,2018-01-23 09:13:56,21,26,5,老师确实很帅，讲课不错的，不过个人感觉17-18秋冬的中微卷子计算题非常奇怪，给分不能说不好但是低于预期不少吧
68559,371,金少胜,2018-01-23 11:01:25,7,8,1,老师很帅，很为学生着想，有自己的原则。经常上着上着课就HIGH了讲到天荒地老。最终成绩比自己预期低了一点，但是老师和助教都绝对好评。
68827,371,金少胜,2018-01-24 02:46:45,1,2,1,本以为中微要挂，没想到超出预期不少，但是被卡绩点了郁闷。针对卷子，真的有点奇怪。尤其是计算题，还有简答题5分的题我就只能写一句话。
71249,371,金少胜,2018-01-28 07:53:06,4,4,0,给分太好了，助教也相当的赞，强推哦!
94445,371,金少胜,2019-01-16 13:09:24,0,4,4,老师超级好！！讲课进度清楚，每节课布置作业督促跟上进度，也很体谅学生，长得帅给分还好！上午考完晚上出分！自己估分3.9差不多结果有4.5 真的感谢！
94447,371,金少胜,2019-01-16 13:18:25,3,4,1,老师很帅!上课很有风度和活力!讲的很清楚 助教也超好 给分也不错!
94468,371,金少胜,2019-01-16 15:14:44,2,3,1,棒极啦，付出和收获成正比，好老师。很讲究公正
94558,371,金少胜,2019-01-17 08:12:02,2,2,0,中午考完晚上出分，上课要认真听，PPT 不会给。
95091,371,金少胜,2019-01-18 19:16:20,-7,9,16,出分真的快，早上考完下午出。讲课不错，很有意思，每节课都有作业。平常作业认真一点，考前好好看知识点就没问题了。考试时计算题其实有几小问不会做，没想到最后能5.0，真的很感谢老师和助教小姐姐！
133176,371,金少胜,2021-02-14 06:47:56,28,32,4,这是对2020秋冬《全球食物系统与政策》通识课的评价……\n\n总的来说，如果说是想“水分”/轻松提均绩的话，请大家避让————这门通识课有点（很）硬。\n\n这门课中，你除了需要在课间（以后也有可能是其他时间段）参与数字点名外，还需要写两篇评论短文（大约1500字，问题不大，就像写作文一样），并进行一个课程项目的调研（这个硬）。\n\n首先，大家需要组队对调研项目（小课题）进行选题。选题后要进行调查（网络问卷等形式）和分析，最后要进行小组PPT展示，并上交调研报告（几千字吧）。在小课题这里，就会有人真正地卷——调研500人的大样本/进行SPSS分析……\n\n最令人头疼的是，这门课有期末闭卷考————以老师们上的十几节课的课程PPT为考试范围进行出题。\n\n虽然说这只是门半学期的课，但在上这门课的短学期内，每星期有四小节课，除了课堂时间（并不多），还要占用你不少课外时间来进行选题、调查和撰写调研论文，时间投入产出比相对较低，并不划算……\n\n作为小组的组长，我投入了很多，但绩点（4.5）比我的两位组员都要低，不知道这是怎么回事……
160552,371,金少胜,2022-09-27 00:34:28,4,5,1,上学期上了老师的《农产品市场与价格分析》。上课挺有趣的 其实都在学经济方面的知识（和农学关系不大hhh）也比较入门级 对于园艺人来说也不吃力 老师也很照顾本稀有外专业人哈哈哈 期末有复习提纲ppt 全复习了考试也不算难 老师给分也很好
166556,371,金少胜,2023-01-12 23:05:49,0,0,0,老师很好，助教很好，但是事多分少…
172334,371,金少胜,2023-04-25 06:42:30,1,2,1,上了老师的《农产品市场与价格分析》，真的很棒！老师上课内容和重点很明确，条理清晰，基本上都能够理解。上课的PPT不会给，需要认真听课做笔记，考前会给考试提纲，考试基本都是老师上课讲过的内容，不是很难。强推强推，老师超帅，给分也好，外专业的最后也满啦！
172675,371,金少胜,2023-05-04 06:01:19,2,2,0,男神老师！超级超级棒！
173152,371,金少胜,2023-05-14 12:12:04,4,4,0,真的是一个好老师。作为导师，尽心尽责，不厌其烦，谢谢老师
9655,412,邓明荣,2015-11-04 00:34:14,10,10,0,老师很认真呢，但是。。。。。怎么说呢，上课人数少。
14895,412,邓明荣,2016-01-11 01:23:45,3,3,0,老师很认真很负责，人也很好，可以学到东西。大赞。
17845,412,邓明荣,2016-01-21 02:32:38,3,5,2,上课的过程中老师会迸发新想法并且和我们讨论。认真听讲是没有问题哒～不过如果是早课，前一天要早点睡觉。。。
67224,412,邓明荣,2018-01-20 13:14:59,3,4,1,老师贼萌hhhhh 给分好 很和蔼
67320,412,邓明荣,2018-01-20 20:15:53,3,3,0,人很好，给分也好
78396,412,邓明荣,2018-05-11 09:24:26,4,5,1,超级喜欢邓老师！
82987,412,邓明荣,2018-07-09 12:10:36,4,5,1,卧槽 邓老师太给力了 简直是人好给分好 事少
83009,412,邓明荣,2018-07-09 12:59:23,-1,0,1,给分真滴好
83072,412,邓明荣,2018-07-09 15:12:22,1,3,2,事情少，给分好，但是PPT没什么条理，复习起来好累，期末靠背和理解
94890,412,邓明荣,2019-01-18 12:10:47,1,2,1,邓老师很萌的
117278,412,邓明荣,2019-09-22 06:47:15,0,2,2,很有意思的老师，带你体验不一样的课堂，百家讲坛
123124,412,邓明荣,2020-05-11 06:21:27,4,7,3,周三展示周一才说，有病吗？想一出是一出的。
123125,412,邓明荣,2020-05-11 06:45:40,6,7,1,口音无敌重！作业迷惑，要求变来变去，周三展示周一才通知。只想说：三本就是因为这些老师才变成了三本。respect
123282,412,邓明荣,2020-05-29 04:33:54,-1,3,4,只能说，如果不是必须上设计思维，千万别选！！如果必须上，千万别选邓明荣！！！
123493,412,邓明荣,2020-06-09 06:58:05,2,2,0,憨憨的，组织能力很差，曾经用一整节课分组
123961,412,邓明荣,2020-06-17 17:27:48,0,1,1,虽然设计思维老师上课效率真的不高，而且听得有点云里雾里的，但给分很好…
123964,412,邓明荣,2020-06-18 07:04:00,2,2,0,事情真的很多，作业要求也讲不清楚，还总是临时变卦，周一加要求周三就要交……但是他给分实在太好了_(:з」∠)_
135683,412,邓明荣,2021-05-19 06:10:35,2,2,0,课程特色：老师讲课包罗万象，第一节课讲《道德经》《周易》，听懵逼了，后面的课程才发现老师爱好广泛，什么二次元呀、气功呀、云数据等等；\n\n作业太牛逼了， 非常具有调整性，能得高分的 可不容易，最后一次作业题目《熵》 哇  你看看。  结语：课程得分90，满意。
135684,412,邓明荣,2021-05-19 06:10:35,1,1,0,课程特色：老师讲课包罗万象，第一节课讲《道德经》《周易》，听懵逼了，后面的课程才发现老师爱好广泛，什么二次元呀、气功呀、云数据等等；\n\n作业太牛逼了， 非常具有调整性，能得高分的 可不容易，最后一次作业题目《熵》 哇  你看看。  结语：课程得分90，满意。
135831,412,邓明荣,2021-05-28 04:44:07,6,6,0,口音重、组织能力差、讲课没有条理、常常答非所问，作业也多，能不选就不选呗
136511,412,邓明荣,2021-06-19 15:48:20,1,2,1,一句话，我是伞兵
141903,412,邓明荣,2021-10-31 07:09:16,-3,1,4,邓老师很认真负责。
152741,412,邓明荣,2022-04-20 02:47:07,0,2,2,老师人超好，认真负责，积极回复每条信息，课上作业比较麻烦。但是老师给分超级高，差一点就满绩了，可选。
152795,412,邓明荣,2022-04-20 02:42:59,0,4,4,设计思维\n\n上课不知所云，没有内容\n\n最后需要合班pk，打分随机\n\npk成绩直接影响到最终成绩（甚至有恶意低分的麻了）\n\n给分不太行，这里显示的均绩不太可信，总之被卡了，还挺惨的
152796,412,邓明荣,2022-04-20 02:46:37,3,4,1,组织管理能力极差\n\n上课不知所云\n\n给分也并不好
153664,412,邓明荣,2022-05-07 08:35:13,6,7,1,多智能体。慎选，每次连上4节课，备课不充分，现场做模型经常出错，很多同学都听不下去……感觉课程内容如果不是想做相关学术没啥实质意义。但是老师人还是不错的，平易近人。
164795,412,邓明荣,2022-12-26 07:34:42,4,4,0,设计思维用书嘛
172185,412,邓明荣,2023-04-21 09:50:42,0,1,1,设计思维垃圾课，老师上课没逻辑，就知道每节课给我们发白纸，最终展示周五下午，已经拖了二十分钟了啊啊啊啊啊啊啊我饿死了让我去吃饭啊啊啊啊啊啊！！！！
172250,412,邓明荣,2023-04-24 00:28:33,1,2,1,上课时要分组坐的，但其实不点名，就是有人没来会很明显。其他班是一共两个小组作业，这个班是小组作业后最后一周突然安排了一个个人作业，量和小组作业基本一致，很痛苦。上课不知所云，他自己可能都不太清楚自己在讲什么，小组展示他的点评基本没有意义，甚至他根本没听懂展示的同学在讲什么
172624,412,邓明荣,2023-05-02 12:09:42,3,3,0,设计思维一言难尽......上了一学期不知道学了些什么，事情巨多，唯一的优点是不点名
172626,412,邓明荣,2023-05-02 12:31:10,2,2,0,别选，这个老师不会四舍五入
213312,412,邓明荣,2025-01-17 02:17:22,-1,0,1,学识渊博，知识面贼广
218135,412,邓明荣,2025-04-21 11:26:25,1,1,0,邓老师算是所有老师里面最认真备课的老师了，可以看出来邓老师读遍群书，超爱他的。 \n\n就是邓老师思维有些跳跃，上课如果玩手机的话，可能get不到他
219940,412,邓明荣,2025-06-11 13:59:39,0,0,0,课程真的很无聊，但是老师人真的很好..... 可能管院的课都是这样吧
21283,487,邬爱其,2016-02-28 03:07:40,0,2,2,好好好
62252,487,邬爱其,2017-11-23 14:39:58,0,1,1,和蔼可亲
90533,487,邬爱其,2018-11-24 01:19:20,0,1,1,经验丰富，讲得不错
107944,487,邬爱其,2019-05-12 03:39:02,0,0,0,三个字
201444,487,邬爱其,2024-11-03 04:17:06,1,1,0,不多说，好老师，推荐选！
202508,487,邬爱其,2024-11-13 02:39:28,0,0,0,讲的很有意思 课堂任务相对较少 最后的小组展示也能很好的运用
45329,489,徐维东,2017-01-19 10:58:00,-1,2,3,给分真的太好了?出分了来报答
85153,489,徐维东,2018-07-16 00:18:08,0,4,4,...给分感觉不好
90852,489,徐维东,2018-11-26 14:57:14,1,4,3,好老师啊
112434,489,徐维东,2019-07-26 13:37:02,1,3,2,给分客观不徇私情，真正的一流大学的一流学者
164391,489,徐维东,2022-12-20 13:52:11,5,7,2,感觉老师不是很懂作为一名讲师他应该怎么安排课程作业
174875,489,徐维东,2023-06-19 09:11:07,1,3,2,妈妈咪呀，为什么考试这么恶心啊啊啊啊啊啊，还要看什么小说啊啊啊，我已经疯掉了啊啊啊
174924,489,徐维东,2023-06-20 02:25:16,1,4,3,特别特别好，感觉是管理学院为数不多的真正用心在上课的老师，课程进度安排合理也会很耐心地解答问题，课上学到了很多知识，即使最后成绩不好也依然感谢这门课带给我的启发和思考
175641,489,徐维东,2023-06-26 03:59:25,1,1,0,老师人很好，讲课也很有逻辑，期末补天发现很有意思
175642,489,徐维东,2023-06-26 04:00:55,1,2,1,并购与重组出分了来回答一下：\n\n1.老师和助教都很负责，每节课会雷达点名；\n\n2.但来上课确实可以学到很多东西，上完课感觉确实是兑现了老师开课前“保证有收获”的承诺哈哈哈。具体就是，内容不局限于书本，会拓展讲一些金融业界的内容，还专门安排了一次课请在投行工作的校友来讲；\n\n3.这学期作业量比较小，只有以小组为单位写教材每章案例题的任务+读《门口的野蛮人》（考试要考）；\n\n4.最后一次课有随堂测验，其实就是期末考试，只有主观题和计算题。就是计算题的计算量太大了，直接没写完，不过没想到最后给分超好，真是意外之喜，感谢老师和助教！
175663,489,徐维东,2023-06-26 05:50:32,1,3,2,老师很好\n\n并购与重组的课上会有很多拓展知识\n\n也很关心同学们的日常学业生活\n\n跨专业同学后面计算题都不会分数也还可以 谢谢老师 东哥威武！！
178853,489,徐维东,2023-07-26 03:26:14,3,5,2,点名：每次课都会雷达点名\n\n给分：就我个人而言给分并不算好（3.3），也不知道欠缺在哪里。\n\n作业：几次小组作业（思考题）+阅读《门口的野蛮人》\n\n讲课：讲得挺好的，挺有意思。中间还也会有学姐分享。但是课程安排感觉缺乏一定的逻辑。
193338,489,徐维东,2024-06-06 14:27:30,11,14,3,课讲的还可以，每次课都会点名（可能数字也可能雷达）\n\n但是，事情真的很多\n\n四次大作业+课下读书《门口的野蛮人》（期末会考）+最后一节课随堂期末考\n\n大作业不需要pre但还要交“制作精美”的PPT，五月底到6月13日要完成两个大作业\n\n作为一门专业选修课事情实在太多了，很多专业必修课都没有这么离谱的
196454,489,徐维东,2024-07-03 13:35:15,2,3,1,在意绩点的最好不要选。\n\n老师讲得好，口音也蛮可爱的，还会请学长学姐做分享。但是，四个小组作业工作量不小，其中一个是读后感，读后感当小组作业是真麻烦。期末考老师有点放水但不多，一边考一边提醒大家一些小细节，然后没什么用，ppt上的和考的不是很契合，需要你一直听课，但是实在催眠。虽然老师说着大家考得都很好，但周围见到的大部分人都是3.0-3.6，也是很难高兴得起来。\n\n如果是想学东西，这门课是有用的，如果怕麻烦或者想要高绩点，还是慎选，毕竟是专业选修课，没必要死盯着这个课。\n\n最后，这学期很多人给老师提意见说作业量大的问题，老师也说了之后会考虑大家的意见，但是具体会变成什么样子就不清楚了。
215016,489,徐维东,2025-02-20 05:35:57,3,3,0,超级喜欢老师的课
219781,489,徐维东,2025-06-06 01:21:29,2,3,1,请给我们维东举大旗
220333,489,徐维东,2025-06-17 09:41:30,2,2,0,wd男神
5440,510,赵静,2015-07-07 13:17:12,0,9,9,还行吧～有点无聊，不过条理还是好的
6639,510,赵静,2015-07-19 15:46:16,4,28,24,无聊，给分差
6640,510,赵静,2015-07-17 01:14:56,3,17,14,上课总是睡着orz
10275,510,赵静,2015-11-18 01:14:42,4,21,17,很无聊 给分也不好
12173,510,赵静,2015-12-22 07:03:50,-2,5,7,讲得令人昏昏欲睡，关键给分也太坑了吧
14309,510,赵静,2016-01-06 07:45:44,5,24,19,给分超级差
15466,510,赵静,2016-01-14 13:27:55,-5,6,11,可能是个体差异……反正对我来说给分很好，上课没有睡着……好吧我爱的可能是会计
15651,510,赵静,2016-01-16 04:47:38,-2,3,5,想睡觉
16092,510,赵静,2016-01-17 07:40:45,-3,8,11,讲的其实不错 可是为什么分数这么低
17254,510,赵静,2016-01-20 02:42:59,1,6,5,给分太差了
19268,510,赵静,2016-01-23 17:07:56,0,6,6,老师上课挺有条理的，但是给分的话，也的确不算好吧。
20026,510,赵静,2016-01-26 02:27:44,1,5,4,上课还行吧，就是给分真的很客观
20103,510,赵静,2016-01-26 06:03:50,2,14,12,给分差，给分差，给分差，重要的话说三遍。
20133,510,赵静,2016-01-26 07:44:51,9,37,28,给分特别差！慎重啊！
22369,510,赵静,2016-03-04 03:05:17,-4,7,11,很清晰！思路很棒！讲得也很透彻~
23153,510,赵静,2016-03-20 10:38:38,5,17,12,一字不落地念PPT
25612,510,赵静,2016-05-28 12:19:54,1,8,7,讲得令人昏睡，给分真的是呵呵呵
26082,510,赵静,2016-06-15 13:01:25,0,4,4,PPT不错
27195,510,赵静,2016-06-23 13:02:59,-17,3,20,蒙住眼睛一般就是90
29273,510,赵静,2016-06-29 14:02:45,1,10,9,一门课出惨被拉0.2 给分神坑啊考几分就几分的吗
29279,510,赵静,2016-06-29 14:10:05,2,13,11,60分1.5绩点 我是没有平时分？
29393,510,赵静,2016-06-29 16:13:33,0,5,5,讲的略无聊\n\nppt很清楚\n\n自学看ppt就够了\n\n基本会计知识能涉及到但不够生动、和生活脱离太远
29508,510,赵静,2016-06-30 01:59:09,1,7,6,真的太低了吧，虽然没认真学，但是也不至于那么差
29525,510,赵静,2016-06-30 02:31:07,2,7,5,给分极差\n\n
29531,510,赵静,2016-06-30 02:42:33,1,7,6,给分特别差 出分还慢...上课啊好无聊
29658,510,赵静,2016-06-30 06:49:05,0,5,5,差老师
29877,510,赵静,2016-06-30 12:42:49,1,6,5,给分神坑d(ŐдŐ๑)
29943,510,赵静,2016-06-30 14:24:24,1,2,1,很困。。。
29954,510,赵静,2016-06-30 14:48:49,-3,7,10,客观说 讲的的确没什么趣味性 但真的还是挺清楚的 条理也不错 分数比较看自己 拿来评价老师就不太合适了
30164,510,赵静,2016-07-01 04:22:53,1,6,5,给分是真的坑，没有平时分。认真学了却比其他低很多真的很失望
32438,510,赵静,2016-07-06 23:49:17,-3,8,11,PPT上内容很多，但是自己认真成绩不会差的
32492,510,赵静,2017-01-23 02:09:54,-3,7,10,蛮好的
33445,510,赵静,2016-09-19 10:44:06,1,3,2,无聊，念ppt
34095,510,赵静,2016-09-27 03:01:28,-3,2,5,思路清楚
48696,510,赵静,2017-03-09 13:57:54,1,8,7,讲的超级差，完全没有逻辑，遇到问题都略过，对知识点自身也是一知半解，感觉毫无经验，全靠自学，给分超烂！大家别选。只能帮你们到这里了。
51555,510,赵静,2017-06-07 05:30:29,1,7,6,总是猝不及防
55869,510,赵静,2017-07-02 13:54:42,-18,10,28,讲的还可以吧，条理比较清楚也很详实……不是那种很水完全依靠自学的老师。选之前被查老师的评分吓到，调剂到她班上去了，事实证明还是看个人。会计学比较琐碎，老师讲的不错，但班里挺多人碎觉作业也不做的……所以均绩低。每次作业好好做，课本好好复习，期末考试不难都是基础题，最后绩点4.8
55872,510,赵静,2017-07-02 13:59:02,1,13,12,大?杀
55876,510,赵静,2017-07-02 14:04:14,1,6,5,慎选。。
55893,510,赵静,2017-07-02 14:52:51,-4,4,8,平心而论，这个老师讲的不怎么样，不过会计学考试也不难，绩杀有一点吧……不过没有辣么恐怖60分什么的
55895,510,赵静,2017-07-02 14:58:28,2,10,8,真的给分差到无语，最开始还不相信，绩点出来眼泪都要掉下来了。每节课都到每次作业都及时交考试也认真复习了，最后出的绩点太伤人心了，真的让人不相信努力了，不求你师生情但是也不能刻意打低吧，过分了。
55910,510,赵静,2017-07-02 15:28:00,-16,5,21,老师讲的挺好的呀，只要平时好好学，考试前多刷题，给分不差的，反正我满绩了
55921,510,赵静,2017-07-02 16:02:43,1,7,6,完完全全的垃圾老师\n\n老子平时分都不只这点吧\n\n你给分是用蹄子给的吧
55943,510,赵静,2017-07-02 17:24:33,-2,5,7,期末题不难的。
55945,510,赵静,2017-07-02 17:31:24,1,5,4,给分很魔幻啊
56029,510,赵静,2017-07-03 02:59:43,1,4,3,辣鸡\n\n给分巨差，慎选
56300,510,赵静,2017-07-03 12:31:51,1,3,2,我赵日天先给0分，给分真的很差
56372,510,赵静,2017-07-03 15:09:48,-2,3,5,基本都是按ppt在讲，不太有趣，但中财给分也没有说得那么差吧，感觉这类课就是靠自己…
56393,510,赵静,2017-07-03 15:29:48,-7,5,12,老师思路挺清晰的，确实念PPT，但是PPT内容全也有利于复习省得记笔记了呀。会签到，反正我每次都到，小测感觉一般般，考试感觉不难，但是自我感觉一般般，最后4.5。并不绩杀。
56602,510,赵静,2017-07-04 05:29:22,0,3,3,给分没有那么差，反正我是心满意足了。会计学这种课本来就是看考试的
57305,510,赵静,2017-07-06 13:55:33,1,4,3,给分坑，没有平时分
57969,510,赵静,2017-07-19 00:42:10,1,8,7,讲的不好。后来听了其他老师的课才发觉。感觉赵静老师自己对会计并没有一个透彻的理解。以后学弟学妹再学中财多看看东奥的张志凤的会计课。自学，不然中财一二都跟了这个老师，自己又没好好自学，真的就瞎了。
60612,510,赵静,2017-10-25 08:27:49,1,2,1,辣鸡老师
69156,510,赵静,2018-01-26 10:03:20,5,20,15,想给0分 差到无底 所有课的最低绩点 我复习超久的啊 这门课花了最多时间
70241,510,赵静,2018-01-26 09:31:06,7,22,15,给分奇差无比，这个老师没有平时分的概念，没有适当调分的概念，出分之前我一直对她很有好感，虽然讲课无聊，但是真的很负责，然而中财二创下了我最低绩点的记录
70247,510,赵静,2018-01-26 09:47:32,7,27,20,想给0分，因为这门课就只给开一个老师，没有其他选择，绝望，感觉很多东西都讲不出内在的逻辑，还不如企业伦理老师上课随便讲讲深入，给分毫无逻辑可言，付出努力回报不成正比，史上最低成绩，看学的很认真的同学成绩也很惨淡，大家做好心理准备！
70250,510,赵静,2018-01-26 09:50:20,1,5,4,mmp，去你的吧
70252,510,赵静,2018-01-26 09:52:17,1,10,9,给分真的巨差 别上了吧 又学不到东西 全靠自己看
70257,510,赵静,2018-01-26 10:02:38,2,13,11,如果能换老师，我真心会选择别人，真的体谅一下我们学生好吗？就差给挂了吧？会计学，中财1，中财2都栽在她手里，无话可说
70260,510,赵静,2018-01-26 10:11:56,1,5,4,给分极差
70276,510,赵静,2018-01-26 10:36:44,1,3,2,我可能不适合学会计吧emmmm我现在会计专业大三
70295,510,赵静,2018-01-26 11:26:37,2,6,4,平时上课什么的是还好的，也讲的细致，这个不否认，但是真的没有深入的分析层面的内容，给分呵呵呵呵。希望这个课多开别的老师，让我们真的能自由选课吧吧吧！
73191,510,赵静,2018-02-01 06:32:31,2,3,1,给分不好啊
73689,510,赵静,2018-02-02 16:23:47,0,2,2,还蛮认真的老师～
74135,510,赵静,2018-02-05 14:41:14,1,3,2,毁会计基础的老师…想给零分 中财这门课很重要好嘛？学校真的不考虑换个老师?mmp
74160,510,赵静,2018-02-06 02:52:09,3,4,1,给分不是一般的差！慎选！
74215,510,赵静,2018-02-06 18:21:19,-2,1,3,中财1。上课按PPT讲，比较容易跑神。但个人感觉思路还可以吧。期末出的卷子比较常规，做得比较踏实。最后3.9。
76168,510,赵静,2018-03-28 07:16:03,-1,3,4,为什么老师这么多年了还是讲师呢，老师考过注会吗？
78867,510,赵静,2018-05-16 03:18:24,1,4,3,真的讲的烂\n\n
78938,510,赵静,2018-05-17 06:11:46,1,6,5,不要总是读PPT好吗？
82138,510,赵静,2018-07-19 10:11:51,13,22,9,还不错，为静静正名
85208,510,赵静,2018-07-16 04:55:11,0,3,3,大绩杀！\n\n不解释！\n\n想打负分来着\n\n结果最低都得打一分\n\n
85214,510,赵静,2018-07-16 05:35:31,1,4,3,无聊，出分慢
85274,510,赵静,2018-07-16 16:16:42,4,7,3,讲的不好，出题没个把握，量大不说，还很难。甚至考场上有道题数字错了，老师竟然说将错就错吧excuse me？难道就没想过这个数字的错误会让很多人一直在重复验算吗？！说实话，选上了赵静老师的课，我只能默默祈祷。唉不说了，下学期还是她的中财二，自求多福喽
99947,510,赵静,2019-01-25 10:29:54,48,57,9,其实赵静老师也没那么差，上课确实只是念ppt，有点困，但是回答同学问题还是很耐心，考试前问题也都回答，讲的很清楚。期末考不难，希望老师给分也变善！！
101361,510,赵静,2019-01-28 05:38:26,42,47,5,老师很好啊，这学期最后的试卷不难，绩杀不存在的，给出的分数比较客观所以差距有些大叭。而且老师最后答疑的时候超认真超负责啊，不像隔壁某l老师，自己搞不清楚问题还来上课...
101407,510,赵静,2019-01-28 07:03:00,2,7,5,我觉得赵老师很好，PPT全面清晰，考前一个月开始复习，结果满意，棒棒哒\n\n
114152,510,赵静,2019-07-09 01:33:07,2,3,1,给分奇差无比，明明是花时间最多的课，最后确分数最差
114293,510,赵静,2019-07-09 17:25:22,0,0,0,上课有点过多念ppt了，不是很有吸引力，人很好，给分还行。
116611,510,赵静,2019-09-12 04:01:37,0,1,1,垃圾。。。自学吧
121536,510,赵静,2019-12-12 17:09:40,1,2,1,老师很棒哦
124503,510,赵静,2020-07-02 05:29:53,1,2,1,老师答疑真的很及时很好呀，中财本来就难，还是靠自己
124685,510,赵静,2020-07-06 07:45:06,1,2,1,上课=念ppt，ppt=书本，所以就单纯自学看书吧
124742,510,赵静,2020-07-07 17:10:50,2,3,1,老师人是不错哒！会计学，平时作业在书本，上课内容也是书本（我其实并没有觉得有什么不妥），任务不重。上课（网课）听听再自学一会儿肯定是能学会的。需要注意的是，老师在评分、调分上不太灵活，因此建议大家如果有异议、疑问要第一时间和老师商量沟通。
125130,510,赵静,2020-09-01 12:54:12,-2,2,4,太喜欢赵老师的课了。赵老师上的非常好，我听的很仔细，不懂的地方反复听。最后认真准备考试，得分很棒。
132216,510,赵静,2021-01-31 04:06:12,-1,2,3,赵老师还是很负责的 但是如果能更多涉及会计准则背后的原理就好了。
136330,510,赵静,2021-06-16 10:38:04,-2,2,4,赵老师上课很清晰，解答问题有耐心
136331,510,赵静,2021-06-16 11:18:10,-2,1,3,老师上课挺好的
147248,510,赵静,2022-01-09 08:37:35,25,26,1,上了赵静的中财二，就愈发怀念徐晓燕的中财一
148394,510,赵静,2022-01-12 10:40:53,5,8,3,大大大绩杀！讲课也糟糕！给负分都嫌高！！😠 😠 😠 😠 😠 😠
148424,510,赵静,2022-01-12 12:09:16,3,6,3,谢谢你大绩杀
148480,510,赵静,2022-01-12 15:32:20,0,3,3,个人觉得给分还是看自己的复习程度吧，老师大概只是不调分
148494,510,赵静,2022-01-12 16:26:30,-5,4,9,老师上课确实上的有点糟糕，最大的问题就是讲课眉毛胡子一把抓分不清重点，听得晕乎乎的，但人确实很好，下课期间/钉钉私戳问她问题都会认真给你解答，讲课时重要的内容和细节也会再三强调。不调分也是事实，但给分差和不调分还是两码事吧，讲道理考试的题目已经简单的不能再简单了，很多比较重要比较难的会计处理（像追溯调整）都没考，你也不能说自己没好好学就把所有的气都撒在老师头上吧（毕竟好好想想自己一学期听了多少时间的课看过多久的PPT。。）
149081,510,赵静,2022-01-14 10:22:03,3,4,1,给分不太行的，可惜中财二只能选她
149436,510,赵静,2022-01-15 10:36:51,-2,3,5,不线下点名，作业也不多，回答问题真的超级细致耐心，考试也给我们减少了难度qwq中财二要记的东西确实很多很容易记混，老师给分虽然求是但也不该被说成这样吧...
155268,510,赵静,2022-06-10 03:56:29,1,1,0,老师讲课讲得很好，答疑也很及时。课程很难很无聊但老师绝对认真负责，静静的分数不应该这么低
155545,510,赵静,2022-06-14 07:49:12,1,1,0,挂了挂了 大四重修。瑟瑟发抖 哭天喊地。六十分的同学就庆幸吧。已经是极大的仁慈
156688,510,赵静,2022-06-20 15:16:51,0,0,0,评分公正 感觉会微调一点分 说不好。但老师认真负责是真的
157881,510,赵静,2022-06-25 10:11:27,6,7,1,赵老师讲得很清楚，上她的会计学课虽然略有些无聊，但是真的收获了很多的干货。把各种概念结合她的ppt搞清楚，最后也取得了很满意的成绩！我来为静静正名！
157882,510,赵静,2022-06-25 10:18:18,4,5,1,超喜欢老师上课的风格！！\n\nppt也很清楚，考试补天看ppt完全可行！！
157884,510,赵静,2022-06-25 10:21:07,6,7,1,上课超认真！！！（每节课都点名哦）回答钉钉问题也非常迅速，给分不错！本来以为要挂了的，老师太能捞啦！！！
157885,510,赵静,2022-06-25 10:23:26,2,3,1,赵静老师其实感觉不错，讲课挺好的，远比这个评分好，拉一拉。最后会计分录没调账以为分全扣完了结果比想象好，老师应该还是捞了一下的😍
157886,510,赵静,2022-06-25 10:25:44,1,1,0,上课是认真的，并且授课内容深度难度都大于考试，如果好好学的话成绩不会太差
157890,510,赵静,2022-06-25 10:33:23,0,0,0,爱住，老师讲课很细致，会总结一些疑难点，问问题回复也很及时，真的很棒
157893,510,赵静,2022-06-25 10:38:20,3,7,4,会计学\n\n必须给老师10分，老师真的好好哇！这里评论说老师给分差确定你们认真学了吗？老师讲课有点点点无聊，但是上课还是很认真的，考前老师很细心提醒要注意复习的部分，晚上私信老师也是秒回！真的选赵老师就对了！对了，最后给分也超级好！
160461,510,赵静,2022-09-23 04:28:38,0,1,1,老师讲的很好啊，逻辑清晰，思维缜密，能把知识串起来，个人受益匪浅
162556,510,赵静,2022-11-25 07:34:57,1,1,0,ppt太难看了！
164878,510,赵静,2022-12-27 07:11:08,3,4,1,赵静老师讲课很清晰呀，PPT也很详细，为静静正名！
166118,510,赵静,2023-01-11 07:07:51,2,2,0,感觉老师真的蛮好的，平时问问题也很快回复，只希望最后给分能好点
166292,510,赵静,2023-01-11 17:47:16,5,5,0,给分巨差，ppt花花绿绿复习眼睛都要瞎了，考试出题也是错的，但中财二也没得选，只能说答疑什么态度还行，但课真的无语
166302,510,赵静,2023-01-12 00:01:02,15,17,2,3.0大绩杀，讲课讲不清楚出题出不清楚，给分又很烂，大三了均绩直接掉0.04，谢谢你断了我的保研梦
167106,510,赵静,2023-01-15 03:35:32,17,19,2,回答问题确实非常耐心详细，但这也算是唯一的优点了吧\n\n上课纯念ppt，中财二给分非常绩杀，甚至考试的时候出题能出错了，连错两道，虽然后面还说给大家补偿其中一个错题满分，但是在考场上第一年就摊销完了的那种无力感……真的让人一度陷入怀疑自己……\n\n考完之后信心满满结果喜提绩杀……\n\n不建议学弟学妹大三选这节课，尤其是有保研计划的同学，最好推到大四修\n\n我浙商科年年如此孱弱，唉，如此教学质量我院何时才能成为世界一流\n\n“培养引领中国发展的健康力量”，你们的培养就是如此么
167464,510,赵静,2023-01-16 13:27:03,4,5,1,中财二给分巨差啊......因为这波疫情，很多同学都是考前阳过了的，根本没有充足的时间复习，考的还是一堆偏门知识点+题量巨大+一堆错题，就问zj考倒学生有意思吗？？
167514,510,赵静,2023-01-17 02:36:44,7,9,2,希望老师能把隔壁l老师换下来教教税法，至少可以把相关内容都好好的放到ppt里，至少会解答题目....
174515,510,赵静,2023-06-13 12:37:27,5,5,0,赵静老师上课ppt真的准备的很充分，钉钉回复问题真的很快，只能说如果没有学好一定是自己没有好好学
176588,510,赵静,2023-06-29 10:18:06,-7,1,8,被狠狠绩杀，，，
176625,510,赵静,2023-06-29 12:53:24,2,2,0,上课无聊，PPT不好看是真的，但是我没被绩杀，中财1给了4.5，可能是老师有改善了吗
176657,510,赵静,2023-06-29 15:21:23,10,10,0,给老师十分。\n\n80 3.6 期末大概70多\n\n老师PPT很清楚 讲的也很到位 但是我由于性格原因 没有听过课 都是课上课下自学。\n\n老师给分很不错的 平时分只要认真完成作业 都会很不错的 期末考试占比很高 期末考很重要 背的东西很多 有许多没记住 考的不好\n\n至于说老师🐔杀的。我希望你客观一点 看看是不是期末考试的问题或者平时态度的问题 看看你付出了多少 你以为考试做对了 但其实没有做对 老师还是很值得选的 我认为她给的成绩和努力匹配（也不是说努力 和期末成绩匹配）
176685,510,赵静,2023-06-29 16:54:43,-2,0,2,平时认真学，期末也有好好准备考试，为什么给分能这么这么差！！！（恼！）
176839,510,赵静,2023-06-30 10:46:16,8,8,0,会计学满了www我也给静静满上！只要按部就班地听课和写作业，平时也没有小测，考试前刷一刷大作业，感觉就没有问题了。赵老师讲课思路很清晰，而且经常会拓展一些知识。大家可以放心选~主要还是要抓牢平时啦！
177520,510,赵静,2023-07-03 14:41:46,3,3,0,会计学：老师上课真的很无聊，讲的很慢，而且每节课都点名。但是胜在ppt比较详细，补天起来比较方便。给分还可以，但是我最后被卡绩了。
178167,510,赵静,2023-07-07 11:26:40,7,7,0,老师上课讲的很详细
189036,510,赵静,2024-01-21 10:38:35,15,18,3,我要为赵静正名，真的是一个好老师，解答同学问题永远很及时。那些喷她的人先问问自己有没有认真学了？课后花时间了吗？课后花了多少时间？赵静老师上课不水，几乎没有一句废话，会把重点强调好几遍，输出很流畅。没有磨人且低效的小组作业、没有上课卷发言的牛马操作，给分客观求是，纯靠自己努力，喜欢这种一分努力一分回报的课。
189596,510,赵静,2024-01-25 14:42:31,4,6,2,从客观角度来讲，ppt的排版制作确有欠缺，且从会计学到中财I和II用的都是同一模版，在复习时给学生增添难度我表示赞同。但从答疑、授课内容、期末考、成绩组成来讲，我觉得没什么可挑剔的，老师没有义务去捞你，选择、判断、分录，会就是会，不会就是不会，没有能捞你的地方，期末考占比也摆在那，也就注定了期末考试顺利，成绩也不会太差，拿到低绩点的同学可以反思一下平常上课来了吗？认真听了吗？课后回顾了吗？作业认真写了吗？疑难认真思考了吗？中财2的内容如果纯靠期末3-4天速成还是有难度的，最多及格，卷子简单+赌题赌中，上4也是有可能，所以静静除了可以再美化ppt这个方面，专业能力没什么可挑剔的
189677,510,赵静,2024-01-26 14:37:07,3,4,1,为赵静老师正名+1，老师很负责，会计类课程内容多任务重是教学安排/培养方案设置的问题，不是老师的问题。这种课也确实一分努力一分回报，没什么好说的
189703,510,赵静,2024-01-27 06:11:51,6,7,1,为静静正名！没有说的那么不堪，但是也不要抱有太大期待~
193218,510,赵静,2024-06-04 13:40:16,1,1,0,会计学本身就很繁杂，老师讲课纯念ppt，反正对我而言知识无法入脑，完全对所学提不起兴趣。一句话：能跑则跑。
197115,510,赵静,2024-07-08 01:36:49,3,3,0,老师挺求是的，但是评价机制很固定，自学党可以上（每节课前必雷达、数字点名，但也只是课前点名），点名可以补所以有很多操作空间。给分求是，但是会计学本身知识不难，期末可以补天。\n\n（悄咪咪说一下，因为自己听过隔壁ss老师的课，讲得是真的好，能选ss就选ss吧，不过ss老师会push一点哈哈哈哈哈）
197141,510,赵静,2024-07-08 05:38:32,2,2,0,隔壁ss老师的课和zj老师的课都听了，感觉zj老师并没有评价上听起来那么可怕。ss老师的课框架和体系搭的比较好，我一般用ss老师的ppt先记好课前笔记；zj老师的课比较详实，甚至还会讲到很多ss老师上课没有讲到的细节点，但是ppt字有点多，不太好直接消化，上课也容易无聊。\n\nss老师的课与时事接轨、拓展多，注重培养学生的前瞻性思维；zj老师的课则比较中规中矩，涵盖面广，细节多，其实好好消化应对考试是不错的。\n\n在我看来两位老师课堂最不同的点在于上课氛围，zj老师的课确实沉闷无聊许多，许多同学受课堂氛围影响也就自顾自的摸鱼，这可能是导致同学学习体验差、出不了好成绩的直接原因。
199520,510,赵静,2024-09-25 02:23:44,1,2,1,为赵老师正名。课本身就硬，上课都是干货不能摸鱼，可能会跟不上但ppt很清楚，课后回答问题也很耐心很及时，说给分差的先问问自己学了多少，以及推免的学弟学妹千万别听下面的评论大四再选，会计的预推免必须掌握中财。唯一要诟病的还是中财的课程设置，中财一感觉水水的，中财二内容非常饱和，希望可以调整的均匀一点
208693,510,赵静,2024-12-31 03:40:04,14,14,0,你知道复习中财二有多崩溃吗
210673,510,赵静,2025-01-09 15:37:21,2,2,0,中财二，好痛
213579,510,赵静,2025-01-18 10:22:03,-1,0,1,非常好的老师
213608,510,赵静,2025-01-18 13:57:02,1,2,1,其实中财二事情蛮少的给分也还行，签到也很松，就是ppt能不能适合人阅读一点👁️👁️你知道看一千五百页ppt有多崩溃吗。
213841,510,赵静,2025-01-20 10:46:07,0,0,0,老师人挺好的 仅课前点名 教考不分离 但多点对会计准则的解读会更好 以及ppt的美工可以再精进一点 如果大家觉得ppt太多的话 阅读教材也很不错 因为ppt约等于教材..
213849,510,赵静,2025-01-20 11:39:44,0,0,0,赵老师挺好的
220280,510,赵静,2025-06-26 11:13:20,1,1,0,中财一\n\n1.老师花了接近三周九节课的时间讲一个期末考试完全不考的东西\n\n2.课程量和复习量非常非常大，一千多页PPT画满了重点\n\n3.和xxy老师班级相比，对考试完全不熟悉。。。\n\n4.但是平常只有小测和作业，没有期中考和pre，点名很水\n\n\n\n中财你要是1.喜欢受虐2.大佬3.翘课去听xxy就来\n\n\n\n更新\n\n给分不错（我收回之前的话
963,518,陈随军,2015-03-19 14:39:26,69,156,87,管院特色之姓名牌和各种小组讨论活动。不过最想吐槽的还是陈老师的出分速度啊，秋学期的课，而且是最后一节课当堂考，居然到冬学期考试周结束后好几天才出＝ ＝
1133,518,陈随军,2016-09-17 01:13:48,47,77,30,很好的老师，很幽默
1795,518,陈随军,2015-03-25 03:42:03,28,104,76,大一上的，觉得很扯。老师从来不准备ppt，拿学生的ppt直接瞎扯，也是醉了……大概教的课太多，每门就水水过吧……给分也一般吧。
2014,518,陈随军,2015-03-28 16:40:45,15,38,23,课讲得比较生动，但布置作业太奇葩了，不给范例不给具体要求，结果做出来就能给你挑一堆问题。看作业看得细，对细节，形式和创新要求高
2692,518,陈随军,2015-05-05 11:35:28,-16,11,27,课讲得好！
3504,518,陈随军,2015-06-17 01:23:19,7,14,7,上课各种扯....\n\n
3690,518,陈随军,2015-06-17 02:16:56,-15,9,24,老师上课超级有趣 也很实际
3811,518,陈随军,2015-06-17 04:56:51,29,44,15,不讲课，瞎扯。
3824,518,陈随军,2016-09-16 02:53:36,30,51,21,作业挺多的 期末了还那么多作业
4816,518,陈随军,2015-06-29 07:10:36,-4,9,13,给分不怎么好。课还挺有趣的。
4817,518,陈随军,2015-06-29 07:26:57,0,9,9,很棒啊
4910,518,陈随军,2015-06-30 10:39:24,-2,7,9,老师尝试了新的上课形式，课堂氛围帮帮的！
6522,518,陈随军,2015-07-14 16:47:31,17,36,19,千万不要选！上课就胡扯，每次课上让同学讲自己睡觉。给分超烂！
6684,518,陈随军,2015-07-18 15:25:07,21,64,43,基本上你的付出得不到应有的回报，给分极其不好。上课水的要命，基本学不到东西。建议考试多准备一些。满记是别想了。没有其他老师比他更令我失望。
6685,518,陈随军,2015-07-18 15:31:27,34,73,39,给分差到难以言喻，平时分遥遥领先，却只能收获一个拉低均绩的分数，呵呵。上课超级水，老师讲的很随意。管理学唯一的收获是五个极好的朋友。
6688,518,陈随军,2015-07-19 00:34:32,7,18,11,上课很水，给分很坑
6897,518,陈随军,2017-11-17 08:09:23,16,27,11,拉绩点神器
6954,518,陈随军,2015-08-23 07:41:45,23,31,8,上课比较生动，但也有闲扯的嫌疑。给分不好，明明付出了比别人更多努力，却得不到应有的成绩。
7215,518,陈随军,2015-09-11 04:21:06,0,9,9,上课不错，给分比其他老师要低…据说是因为处女座的原因
7397,518,陈随军,2015-09-14 07:20:37,4,7,3,我靠，我醉了，这么多废话
7660,518,陈随军,2015-09-15 07:45:49,9,14,5,偶尔扯远一点 还不错
7911,518,陈随军,2015-09-16 05:52:18,7,14,7,超烂，上课胡扯，让学生讲，自己睡觉，给分级低
8302,518,陈随军,2015-09-18 05:13:13,11,17,6,给分一般，真的一般，忙活一学期完全没有用，建议看重绩点的童鞋不要选
8401,518,陈随军,2015-09-21 03:03:46,2,7,5,我好困
8843,518,陈随军,2015-09-29 01:22:51,13,21,8,水军爷爷棒~
9158,518,陈随军,2015-10-15 03:10:15,7,14,7,好好一门课 本来也就学不到什么 还能给你上出心理阴影来
11479,518,陈随军,2015-12-02 11:20:32,0,2,2,上课还可以，
11824,518,陈随军,2015-12-16 09:48:14,0,6,6,大家千万别选他的管理沟通了，给分很差
12574,518,陈随军,2015-12-23 13:45:52,3,6,3,令人失望
13027,518,陈随军,2015-12-24 14:23:19,-2,5,7,除了出分慢一点其他都很好啊  上课也很有趣\n\n
13041,518,陈随军,2018-02-21 06:17:23,35,51,16,感觉上课确实比较水，但给分还是在个人，每一项他要求的任务和最后的考试多用点心，也还是可以拿到4点几的绩点的
13170,518,陈随军,2015-12-25 04:14:41,36,48,12,扯，基本听了对课程学习没什么用的感觉，不过教你做人。。很佩服他本人的经历。
13270,518,陈随军,2015-12-26 05:00:32,3,9,6,傻逼啊
13607,518,陈随军,2015-12-30 04:09:52,-3,3,6,最棒的
13897,518,陈随军,2016-01-02 04:52:07,5,9,4,其实还是蛮好的
14397,518,陈随军,2016-01-07 01:38:13,2,6,4,展示第一只拿了3.4 出分极慢 连问他怎么回事的心情都没了
14476,518,陈随军,2016-01-07 08:20:29,3,7,4,很好很好
14639,518,陈随军,2016-01-08 05:02:06,7,10,3,体验式学习，学生讲课、点评，第二三节课自由提问，老师上课不带讲义，按着理解来，人生经历丰富，偶尔会讲故事，给分不知道，据说是绩杀…
15328,518,陈随军,2016-01-17 05:17:26,-1,5,6,我就不明白了，为什么许多人说他的管理沟通课不好，还有这么多的人报这门课?我上了他的管理沟通，课很水 事情多 给分坑
15667,518,陈随军,2016-01-16 05:32:28,2,5,3,还是挺好的
16154,518,陈随军,2016-01-17 10:39:12,0,4,4,还行吧
19582,518,陈随军,2016-01-24 23:27:05,0,3,3,呜呜呜
20826,518,陈随军,2016-02-01 10:05:54,8,17,9,出分极慢  事情极多  讲课极烂
20853,518,陈随军,2016-02-14 14:53:28,5,14,9,棒呀！说绩杀的大概是自己真心不够用心吧！老师出成绩是够慢的 上课会教你做人 有魅力的老师 喜欢！
21026,518,陈随军,2016-02-11 03:46:26,5,9,4,给分不太好，可能他有自己严格的评分方式，上课也挺水的，个人不喜欢他的课堂方式，感觉就是在走过场。
21047,518,陈随军,2016-02-13 11:56:17,41,54,13,上课水，作业要求高，出分太！慢！了！考完试大年初六才出分，简直感人
21048,518,陈随军,2016-02-13 13:43:03,8,13,5,出分极慢，考完20天了才出！组长完全没加分什么的，事情又很多！
21052,518,陈随军,2017-11-23 10:30:17,22,33,11,上课比较有意思，水，但是老师个人经历丰富，学不到什么管理的东西，但是做人方面有教育，给分看个人状况，小组三个女生4.8，4.5，4.2。总体还好。
21054,518,陈随军,2016-02-14 04:28:32,10,22,12,随军老师真的很好，经历丰富，潜移默化，会实打实地教学生怎么做人，不是心灵鸡汤那种。说绩杀的同学可能自己也不够努力吧。
21057,518,陈随军,2016-02-14 03:14:16,-1,7,8,现在已经不是绩杀了……管理学给分不错，作业少。
21058,518,陈随军,2016-02-14 04:03:31,7,8,1,内容空洞，浪费时间
21062,518,陈随军,2016-02-14 06:17:28,2,5,3,上课不讲点实在的，各种忽悠，不过认真听也能有点收获。出分极其慢……等得跪了
21064,518,陈随军,2016-02-14 14:20:37,3,10,7,老师上课很有趣，分享个人经历等有不小感触。和蔼又有自己个人风格的老师，平时布置的作业不多，认真完成就好。自觉性要求高一些，考试周复习管理学最后绩点也不错4.5
21065,518,陈随军,2016-02-14 15:50:39,8,13,5,不好意思，没找到0分
21069,518,陈随军,2016-02-15 00:45:01,0,5,5,选上他课的改姓陈吧，你懂为什么，不姓陈的悲哀
21070,518,陈随军,2016-02-15 02:09:32,5,6,1,只能说心累 上课心累作业心累 给分心更累
21071,518,陈随军,2016-02-15 07:22:33,1,3,2,咦，可能我比较菜，他给的分我还勉强能接受。
21090,518,陈随军,2016-02-16 15:35:30,0,2,2,老师真的很好，犯了错误让你汲取教训，但是会最后一次原谅你帮助你！是个很好的老师！
21122,518,陈随军,2016-02-19 02:57:03,7,10,3,认真会有回报的，只要不要刻意过分认真预期过高
21127,518,陈随军,2017-02-03 08:23:02,-3,4,7,上课挺无聊的，出分好慢，正月初七还没出分
21188,518,陈随军,2016-02-26 03:01:29,3,6,3,也是呵呵了
21214,518,陈随军,2016-02-26 09:24:26,-10,4,14,讲得不错，但他一般让学生讲。\n\n虽然是绩煞，但今年好像要转性了。\n\n2015学年秋冬，非组长，有上4.
21218,518,陈随军,2016-02-26 09:45:50,-3,9,12,不明白老师怎么会被评这么低 老师可逗逼可严厉 可睿智可体贴 管院最佳没有之一
21261,518,陈随军,2016-02-27 15:16:57,5,5,0,感觉付出与收获不成正比  平时上课很水  期末出分慢  但有时间讲课也挺风趣的  只不过大部分时间讲课都是学生
21320,518,陈随军,2016-02-28 04:13:17,8,10,2,要想绩点高的话上课一定要多发言
21369,518,陈随军,2016-02-28 10:01:02,7,21,14,大绩杀，本来想靠管理学拉高绩点，成绩出来就生无可恋了。但贫富差距很大，好的话4.8也有，但和其他老师一堆5的比起来，手动再见…
21395,518,陈随军,2016-02-28 13:12:08,18,28,10,出分极慢，给分不好，组长事多给分也没有高，课堂上为了刷脸而回答问题说的很肤浅的同学比比皆是，应该是普遍风气或者管理学课程的问题。老师人很好，严厉幽默段子很多。码了8w多字和上台展示最后也没高，绩杀妥妥的
21425,518,陈随军,2016-02-29 00:12:50,6,11,5,有点水的课，但是各种活动小组制度还是挺好的。没有ppt倒是。给分的话见仁见智了，我认识的分都挺高的(￣▽￣)。平时要好好上课不要翘，各种活动积极参与，分还挺好看。
21613,518,陈随军,2016-07-06 08:09:52,20,26,6,上课不用ppt，平时全靠自习，全靠平时学，但是学到的也挺多的，平时事挺多，迟到扣分，但不管怎样，好好学的话给分不会太低
21674,518,陈随军,2016-02-29 14:08:34,3,4,1,不好。
21738,518,陈随军,2016-03-01 02:32:06,7,10,3,拉绩点神器，专业满嘴跑火车五百年，给分速度跟分数成正比，希望垃圾。
21946,518,陈随军,2016-03-02 01:31:59,7,13,6,只能说总学分70多，绩硬是被拉了0.5
22016,518,陈随军,2016-05-15 09:47:43,1,4,3,给分很差！价值观也很奇怪！
22157,518,陈随军,2016-03-02 23:34:34,5,7,2,其实老师人还是很好的，不知道为什么那么多人说他绩杀，只要上课多发言，认真预习复习就可以拿高分的。只不过成绩确实出得慢。
22354,518,陈随军,2016-03-04 02:03:51,0,1,1,蜜汁笑笑
23737,518,陈随军,2016-04-14 04:23:06,6,6,0,上课形式：前两节课学生展示，第三节课学生点评\n\n自己基本没有ppt，也没见他讲过什么知识，课本从没用到过（管理学，管理沟通都是）
24482,518,陈随军,2017-06-08 02:43:23,-58,16,74,距离上完管理学已经一年的老学姐心声：\n\n1.上课的时候确实觉得老师水+事情多+感觉好像没啥用；但是上完课的之后的这一年感觉这门课还是挺有帮助的，其他课程再写报告，SQTP，SRTP写报告感觉得心应手，有些关于组织的知识后面也都有用到。ps学姐社科背景\n\n2.说老师水的其实我觉得不怪老师【当然老师确实也水……】管理学这门课本身就比较泛，你就说管理学像数学那么学你受不受得了吧……\n\n3.出分确实是蛮慢的，在意这点的别选就好了\n\n4.特别想吐槽前排那些说付出得不到回报的多大脸，想问你们付出啥了？付出的程度不是相对的吗？你以为自己很努力但其实别人更努力呢？一边吐槽这是水课一边说自己【努力】得不到回报我也是笑了……不就是自己水水过了以为上课水给分还会不错结果被打脸了么。靠口胡那点谁都写的作业还打算让自己脱颖而出了？……说老师绩点杀手的我只想说我开始也是这么以为，而且觉得是3分大课所以很认真学了期末考试也好好复习准备了，结果最后97了\n\n5.对了，我不姓陈
25277,518,陈随军,2016-05-09 07:24:42,-1,3,4,废话太多，没有专业知识，缺乏基本的教学素养。还是基于过去的生活。像小学课堂
25330,518,陈随军,2016-05-15 06:29:58,6,6,0,感觉还不错，会有一些收获，至少可以认识一些朋友
25337,518,陈随军,2016-05-15 10:27:50,3,5,2,给分超级好！就是出分速度有点慢
25352,518,陈随军,2016-05-15 13:02:38,1,1,0,一堆事，现管每节课前都要看一堆视频
25381,518,陈随军,2016-05-16 11:12:02,4,4,0,感觉付出与回报不成正比
25422,518,陈随军,2016-05-18 08:34:48,-6,3,9,我觉得吧\n\n每次作业好好写\n\n考试虽然是不用复习的 但是我觉得考的主要是你对于小组活动的贡献 其他小组展示成果的评价等 这些东西吧 虽然说很水 但是从回答中还是可以看出你是否努力 你是否认真听讲 学习他人的 考试成绩还是很重要的吧 \n\n自己把它不作为一门水课 认认真真对待 别人平时作业写一页 你写三四页 这就是努力的程度不同吧\n\n对了 不姓陈 4.8
25984,518,陈随军,2016-06-15 00:50:47,104,155,51,必须怼一怼那个自称老学姐的家伙。上完一年管理学就自称老学姐你是有多老的资质了？社科背景我也有，照你这么说我也算是社科老学姐了科科。不知道别人多努力就对别人说“你知道别人比你多努力吗”这流氓逻辑真是神了。管理学的课程确实不像自然科学知识清晰唯一，但这课难道不正声称更看重小组的努力和实际应用吗？每次小组作业都是全班最好的你确定我们不努力？我们组组长尽心尽力最后拿的分数才那么一些你确定他没有用心？你凭什么这么说？别人有自己的想法，不符合你的经历了就骂别人“多大脸”你是有多恶意？浙大学生到底是多不能容忍和自己不一样的想法？
26111,518,陈随军,2016-06-16 00:56:38,2,2,0,变相点名，上门通识还要每周都在网上看视频发讨论，小组作业和个人作业有点烦。
26331,518,陈随军,2016-06-17 02:57:56,4,5,1,文科的课听听老师的阅历还是不错的
26352,518,陈随军,2016-06-17 04:59:06,5,7,2,小组讨论非常有意思，获得几个难得的好友。老师人生经历非常丰富。收获付出成正比。
26403,518,陈随军,2016-06-18 02:54:25,14,17,3,这门课可水可听，课堂上一般先是十五分钟小组讨论，把讨论出的问题写黑板上，老师一个一个讲。老师是经历过事情的，听过来人讲讲怎么处事也挺好。还有老师一般是黑人三分，自损七分。。。
27020,518,陈随军,2016-06-22 08:05:48,-1,0,1,自己用心上课，给分很好
27130,518,陈随军,2016-06-23 06:34:20,0,0,0,老师很认真负责，愿意与学生沟通也很有原则\n\n可以得到管理学科上的锻炼
27378,518,陈随军,2016-06-25 11:13:29,-3,1,4,2015年夏学期，平时分有80，期末考考试20分，考试时间45分钟，本人提前半小时交卷。
27981,518,陈随军,2016-06-28 07:56:45,5,6,1,没啥说的 ，好老师 ，只不过不是传统意义上的教学派
27995,518,陈随军,2016-06-28 07:57:52,-1,0,1,哈哈哈
28024,518,陈随军,2016-06-28 08:00:06,1,1,0,给分一般
28213,518,陈随军,2016-06-28 08:16:38,5,5,0,最浪费人生
28276,518,陈随军,2016-06-28 08:25:01,0,0,0,老师不错哦
28864,518,陈随军,2016-06-29 01:05:57,2,2,0,6666
30904,518,陈随军,2017-04-06 06:35:01,-1,1,2,太烦了事情超多，上课声音沙哑还无聊，听着很累。
32073,518,陈随军,2016-07-05 14:26:31,-1,0,1,上课水，给分差
32513,518,陈随军,2016-07-07 09:45:20,-1,0,1,讲得少，给分不好
32632,518,陈随军,2016-07-08 08:35:15,0,0,0,还行吧。。。还行吧
32950,518,陈随军,2016-08-17 08:52:38,4,5,1,就是很无语....什么都学不到啊
32975,518,陈随军,2016-09-06 06:40:05,1,2,1,感觉水平不高，给分很低
34380,518,陈随军,2016-10-08 10:09:17,0,0,0,形式主义
34447,518,陈随军,2016-11-16 02:21:22,2,2,0,水到不能再水
34865,518,陈随军,2016-10-25 14:09:51,-3,0,3,上管理沟通感觉很水，不过我本来就抱着越水越好的心态听的。没什么干货，感觉是最弱智的一门课了。喜欢划水的宝宝不要错过就好了\n\n
34974,518,陈随军,2016-11-10 08:15:24,0,0,0,老师上课蛮有趣的，现在还不知道打分情况
35306,518,陈随军,2016-12-14 05:05:43,2,3,1,课水作业多，努力一下还是可以的
35343,518,陈随军,2017-02-22 08:17:24,0,1,1,名牌  小组制\n\n老师很幽默\n\n出分很“速度”
35450,518,陈随军,2016-11-10 07:17:23,2,2,0,课水，没内容，小组讨论的内容也很无聊，作业不知道什么鬼一样的。人不错，说会让我过，想拿高分建议当事多的班干部
35458,518,陈随军,2016-11-10 07:18:13,-2,2,4,平时作业超多，尤其是翻转课堂的模式完全让自己学，上课就是小组提问题，让其他小组来回答。唯一一点就是没有论文。
35528,518,陈随军,2016-11-10 07:24:07,-1,0,1,上课气氛很愉快
35553,518,陈随军,2016-11-10 07:26:33,1,3,2,老师很幽默 但是课很水 学不到有用的东西\n\n
35647,518,陈随军,2016-11-10 07:38:43,-1,2,3,老师讲课很有趣，福建口音。 ﻿(●—●)\n\n
35864,518,陈随军,2016-11-10 08:35:08,4,5,1,课上都是讨论，特色身份牌。\n\n
35889,518,陈随军,2016-11-10 08:44:47,-2,1,3,很好！！
35924,518,陈随军,2016-11-10 08:53:59,-1,1,2,轻松，可以学到很多课外的知识。了解更多有关管理的技巧等等，也因为小组认识了几个朋友。
35952,518,陈随军,2016-11-10 09:05:42,4,5,1,只有小组讨论，没有上课内容，感觉一脸懵
36092,518,陈随军,2016-11-10 12:09:38,2,4,2,老师虽然不讲课 但是课堂还是很开心的\n\n
36135,518,陈随军,2016-11-10 14:10:49,-4,0,4,能学到东西
36241,518,陈随军,2016-11-11 07:45:00,-2,1,3,很不错，绝对赞，不用考虑考试的问题，上课有意思，考试全部主观题，啦啦啦，选啊。
36317,518,陈随军,2016-11-11 16:36:29,-4,0,4,还不错
36405,518,陈随军,2016-11-13 04:41:42,-4,0,4,老师讲课很棒 很喜欢 虽然展示比较麻烦 但是还算是学到了些东西\n\n
36628,518,陈随军,2016-11-15 06:22:46,4,4,0,上课很好玩...听他扯 人也很好 就是事有点多
37241,518,陈随军,2016-11-18 04:04:31,0,2,2,很好\n\n
38755,518,陈随军,2016-12-18 01:47:32,2,4,2,给一个不好不差的评价:给分倒是上4了，但是总觉得课代表，小组长的给分奇特的高，特别是课代表，感觉自己平时做的再多也只能是日狗
38791,518,陈随军,2016-12-19 03:44:13,0,1,1,老师上课很生动 事情挺多的 但认真做收获很大 跟小组同学关系也会变好 给分还不错 认真做上4没问题
38810,518,陈随军,2016-12-19 06:56:58,-4,3,7,亲测94。本渣上课展示，发言一次，笔试把书上东西要点都写了。事情略多，课很水。考试最后两题就是看你有没有认真看书，没看的成绩低也没办法
38816,518,陈随军,2016-12-19 07:59:15,2,2,0,就是最后事情多
39019,518,陈随军,2016-12-20 14:17:12,2,3,1,陈随军老师上课很幽默
39342,518,陈随军,2016-12-22 06:28:32,6,6,0,白发苍苍的老司机偶尔飙车，大多数时间水水水……
39786,518,陈随军,2016-12-27 13:00:30,1,2,1,开心的不得了
39831,518,陈随军,2016-12-28 02:35:28,0,2,2,老师是一个很幽默的人，作业的确是多了一点，但是小组协作之后，其实每个人需完成的很少。上课只要提出问题，老师就会很详细的跟你讲。
39833,518,陈随军,2016-12-28 02:43:10,6,7,1,陈老师很幽默，讲课经常让我们开怀大笑，上课水水手机老师不会管，网上做题开个小号，回回满分没问题。事情有点多，但是最后考试也不需要怎么准备，只需要把网上的题目过一遍，书浏览一遍就好。真的，我只复习了一个下午，成绩出来绩点4.5，吓了我一跳。给分不错，性价比超级高。\n\n
39855,518,陈随军,2016-12-28 04:17:55,0,2,2,老师课堂气氛很活跃，为人幽默和善，可以学到的东西不局限于课本，更多的是实践，要想绩点上四，必须要看书。
39868,518,陈随军,2016-12-28 05:08:51,3,4,1,水过去吧……作业要好好水，水的好了分数才高
40222,518,陈随军,2016-12-30 07:42:00,2,2,0,不服楼上大脸学姐
40238,518,陈随军,2017-07-02 06:53:28,3,4,1,被调剂了，主要感谢好组长，一堆破事，天天发脾气，结果13组选八组没选上，谢谢您……
40654,518,陈随军,2017-01-04 15:07:12,0,0,0,上课看小品呀很好玩的
40655,518,陈随军,2017-02-09 15:59:06,-10,4,14,我觉得老师的课很有趣，风趣幽默，分小组式的，没有刻意点过名，老师最后一年职教马上退休了，我大一，和室友一起选上的，室友5.0满绩，我4.5，并没有花费很多劲，作业按要求完成就行，另外，我和室友上课都没主动回答过问题。
45364,518,陈随军,2017-01-19 12:52:58,0,0,0,认真听，仔细思考还是值得一听的。
47468,518,陈随军,2017-02-11 11:03:50,15,17,2,正月十五啦……老师，出分吧
47570,518,陈随军,2017-02-01 09:26:54,6,7,1,那个\n\n快点出成绩吧
47585,518,陈随军,2017-02-03 04:07:58,22,23,1,我就想问管理沟通还没出(~_~;)？？年都过完了啊！老师您可以登分了，现在没亲戚问成绩了
47593,518,陈随军,2017-02-05 09:34:20,6,6,0,老师上课很不错啊\n\n出分真的好慢??\n\n初十啦
47615,518,陈随军,2017-02-08 10:07:03,4,4,0,这是初十几了 管理学还没出分...\n\n
47621,518,陈随军,2017-02-08 11:35:01,6,7,1,估计是拿着我们发票报销的经费出去耍去了，所以没空登分。
47644,518,陈随军,2017-02-11 04:23:25,6,7,1,还没出分
47646,518,陈随军,2017-02-12 02:03:15,25,28,3,正月十六了，等成绩中。
47660,518,陈随军,2017-02-15 02:09:28,12,14,2,有谁知道什么时候出成绩吗
47688,518,陈随军,2017-02-18 06:12:24,6,6,0,正月二十一
47699,518,陈随军,2017-02-19 04:30:41,4,5,1,发言好多次，感觉有很大收获，老师的授课形式是翻转课堂，课下看视频学习，课上发言讨论，如果不开小号刷分的话，相信都能学到一些东西。另外大年二十三出成绩实在感人，等得揪心啊！老师还有半年退休了，所以给个高分吧。
47701,518,陈随军,2017-02-19 05:37:21,6,6,0,再等等吧，明天出分
47703,518,陈随军,2017-02-19 14:11:13,3,5,2,终于出分了，感觉这门通识很有趣，课堂很活跃，小组成员也很好，老师很幽默而且马上要退休了，课堂只有一次课题展示和最后一节课总结展示，期末考试都是主观题，个人觉得还不错吧（除了出分慢）
47705,518,陈随军,2017-02-20 01:07:15,1,2,1,给分差，出分神慢，开学前三天才出
47706,518,陈随军,2017-02-20 04:26:46,5,7,2,管理沟通，主要看参与度，发言多应该分会高，就算发言不多，只要用心听，用心完成作业，分也是不错的~~
47708,518,陈随军,2017-02-20 06:25:56,1,2,1,神TM给分慢还玄学
47710,518,陈随军,2017-02-20 18:24:45,-1,2,3,上课有激情，教学也热情吧。就是给人一种不太靠谱的感觉
47712,518,陈随军,2017-02-21 01:31:24,-1,2,3,老师人很好的，完全不像传言的那样绩杀，选了老师的两门课给分都很好，而且我们最开始小组作业做的不好，老师还给我们机会让我们重做，老师重新给我们评分！感天动地！
47718,518,陈随军,2017-02-21 08:55:04,1,3,2,我就想吐槽下出分速度 看评价已经做好了出分很慢的准备但没想到会这么慢 春节假期结束了成绩没有出 考试结束一个月后 成绩依然没有出 最后出分的时候 寒假余额已不足三天
47757,518,陈随军,2017-02-23 15:41:29,-2,1,3,不知所云
47764,518,陈随军,2017-02-24 03:50:04,0,1,1,可以水，可以听
47912,518,陈随军,2017-02-27 08:51:36,1,2,1,不太懂怎么评的分，上课真的没意思
47936,518,陈随军,2017-02-27 11:04:34,1,2,1,出分巨慢
48018,518,陈随军,2017-02-28 05:18:06,1,2,1,还好吧，j类要求不高了，只是出分太慢
49287,518,陈随军,2018-11-21 08:59:38,54,70,16,妈的又来一个发言记次加分的傻逼
49648,518,陈随军,2017-04-21 11:45:52,17,22,5,自以为很有见识上课blabla并没有讲什么实际内容的老师 其实我还是想吐槽这类课程在作业上的恶竞可能是我bb不了什么 但是真的很无语一个小作业有人写500有人写5000 其实真的是500字可以描述的东西啊还有课堂发言记成绩让多少人无奈站起来瞎说 哎学生真的辛苦可是难道真的只有这样才能区别我们吗 可是一言不发倾听思考的人就不比瞎逼逼的人厉害？写的东西少的明明是懂得浓缩好嘛
50155,518,陈随军,2017-04-30 11:30:04,1,2,1,管理方式和小学生一样，呵呵。
51231,518,陈随军,2017-05-25 00:35:05,4,5,1,做梦梦到管理沟通3.0，赶紧过来打个十分积点德，当时考试的卷子真是尬到不想写，不过还是希望老师行行好别给那么低吧orz。
51334,518,陈随军,2017-06-01 02:08:40,2,3,1,上课靠名牌的方式点名的。小组作业确实比较多。但是如果用心去做认真准备还是可以拿很好的分数的。平时上课稍微有点水但是一定要积极发言，我觉得对那些不太敢于表达自己意见的同学也是一种鼓励。还是很喜欢陈老师的。人很亲切和蔼。老师带着么多班也不容易。至少我觉得是有在用心备课的。最后的评分体系和展示评分标准也比较科学公正。就是出分有点慢。
51335,518,陈随军,2017-06-01 02:14:22,0,0,0,吼啊~
52309,518,陈随军,2017-06-18 08:09:29,0,0,0,说好的退休呢……
52498,518,陈随军,2017-06-20 13:22:45,0,0,0,老师很幽默，感觉他的人生经历阅历也很丰富，对我产生了很多沟通的启迪
52909,518,陈随军,2017-06-23 12:49:45,1,1,0,挺好的课，值了\n\n
57175,518,陈随军,2017-07-06 01:19:58,1,3,2,给分超级好！我4.8！老师也很可爱！
57215,518,陈随军,2017-07-06 04:51:55,0,0,0,太棒了！
57248,518,陈随军,2017-07-06 06:49:07,-2,3,5,“为什么有春学期课程的同学发邮件和我说让我把他从88改成89啊？这不就差一分吗？”\n\n“老师，三分一档啊！”\n\n听我们解释完分数和绩点的关系之后\n\n“我知道了 我会调整的”\n\n然后就收到了89分的4.5\n\n开心！
57325,518,陈随军,2017-07-06 15:56:29,0,2,2,啊 夏学期出分好快！！
57345,518,陈随军,2017-07-07 01:48:47,-1,1,2,难得出分辣么快，mark一下\n\n
57347,518,陈随军,2017-07-07 02:48:20,-2,0,2,在老师的课堂上感受不同的风格，很活跃很好玩～
57561,518,陈随军,2017-07-09 15:36:07,-1,1,2,很好的
57635,518,陈随军,2017-07-11 09:20:06,0,1,1,陈爷爷怕不是养老去了...还不出分
57737,518,陈随军,2017-07-13 08:25:32,1,1,0,什么东西
57742,518,陈随军,2017-07-13 11:21:48,-3,0,3,给分真的不差的
57763,518,陈随军,2017-07-14 08:24:31,0,1,1,给分好！
57874,518,陈随军,2017-07-16 13:21:32,3,3,0,很多人可能会喷老师上课乱讲啊 给分差啊 出分满啊之类的吧 但是说实话 这个老师人挺好的  他的课有他的特色无可厚非 需要自学的是要多一些 但是水水就想5.0你怎么不上天呢？很喜欢这个老师，付出才有收获 虽然我也不高 。
57982,518,陈随军,2017-07-19 16:30:39,2,3,1,上课很有意思，作为理工科的学生接触这样一门课是和平时不一样的体验。小组展示占了整个课程很大一部分，不喜欢展示的慎选。当时看了评论啥的有点怕给分会不好，但是只要你上课发言+用心做展示，考试不难的，多写点，会有一题是选你觉得展示最好的一组，给分还是超级好的。但是因为展示占比大，碰到划水的队友就有点麻烦，所以希望来划水的不要选这门课坑队友了。最后，给老师抱拳拳比心心哈哈哈
58165,518,陈随军,2017-08-13 13:28:13,1,1,0,我觉得其实还好吧…
59457,518,陈随军,2017-09-21 13:03:31,6,6,0,社会我水军 课水屁事多
59746,518,陈随军,2017-09-26 12:52:41,0,0,0,Very great if I may say\n\n
60109,518,陈随军,2017-10-10 12:06:43,0,0,0,老师风趣幽默，课堂氛围极好
60380,518,陈随军,2017-10-18 12:33:35,3,4,1,课挺有意思，水军超风趣幽默。但是，如果你有一个不干事不着急的组长，快展示了才开始确定主题、分锅……
60959,518,陈随军,2017-11-05 11:53:52,0,0,0,水得一匹
61067,518,陈随军,2018-01-05 00:52:56,17,17,0,冬学期都要结束了。。。。。秋学期的分还没出
61169,518,陈随军,2017-11-09 23:28:20,1,2,1,陈老师的现代管理基础课事确实很多很多，但是，这门课上能学到很多很多。可以说，这门课是我所选过的最好的通识课，在这门课上我学到的东西甚至超过了我的专业课，所以，建议大家在比较轻松的学期选这门课。
61439,518,陈随军,2017-11-21 02:40:00,2,3,1,八节课  第一节介绍 讲两节课 然后五节课展示 确实有点水  管理沟通是什么我上完了课也没搞明白 上课还挺幽默的 毕竟人老了退休了讲课时间减少也情有可原 \n\n
62251,518,陈随军,2017-11-23 14:25:10,5,7,2,选这门课就是作死，要不是J类课，早就退课了。上课这么麻烦，分组还要写姓名牌，组员内部还各种不和谐因素。还制定小组准则。从第一堂课气到最后一堂课
62739,518,陈随军,2017-11-26 17:58:13,0,1,1,事多?
63005,518,陈随军,2017-11-28 01:49:28,1,1,0,管院特色之姓名牌和换座位。。。。
63505,518,陈随军,2017-12-05 09:51:14,2,2,0,事情非常非常非常多，但是讲课很有趣
63687,518,陈随军,2017-12-13 00:03:22,0,1,1,游戏体验极好
63925,518,陈随军,2017-12-19 13:10:16,8,8,0,有点水的。秋学期课只有七次，从第三周开始展示，每次两到三个组展示，每次用去两到三节课。明明展示时间有限定的好嘛！为了展示而展示有意思吗?这导致老师上课讲的东西少，同学参与度低。真的无聊。
63992,518,陈随军,2017-12-20 13:08:21,5,6,1,上课勾心斗角 学不到东西
64150,518,陈随军,2017-12-21 06:06:45,1,1,0,嗯mmm上课很幽默吧……但是我选的管理沟通，实际学到的东西真的少。
64517,518,陈随军,2017-12-30 16:17:23,8,8,0,各位学生节快乐
64851,518,陈随军,2017-12-27 12:02:13,6,7,1,emmm 说好的2017年内是指农历么？
65624,518,陈随军,2018-01-07 14:21:53,1,1,0,垃圾水课事情贼多学不到东西
65887,518,陈随军,2018-01-10 02:32:06,9,9,0,还好啊，就是老师现在可以出分了，emmmmm
66089,518,陈随军,2018-01-11 13:07:21,-6,3,9,朽木荣枯，秋去冬来。只不过八周的时间，就结束一段全新的旅程。初来乍到时，抱着每节课必发一次言的决定，在一次被贬低以后失去了信心，再无站起的信心。感谢我这么幸运，选上了多少人要选的J类，感谢你让我明白，不是只要上去哗众取众就可以的；感谢你能在大众面前煽情，让我也能有信心煽自己的情；感谢你们，给我一个舞台，放开自己，尽管频频笑场。八分之一的旅程即将过去，我，到未来去了，拜拜拜拜拜拜。
66284,518,陈随军,2018-01-15 16:55:06,8,9,1,曾经，大家都说陈老师给分差，我是不服气的，一定是这群家伙偷懒！直到这学期上了他的课，我服了emmm
66388,518,陈随军,2018-01-28 08:24:34,17,18,1,出成绩实在太慢，秋学期的考试考试周结束还没出，醉了
66404,518,陈随军,2018-01-16 05:13:28,6,7,1,出个分有这么难
66419,518,陈随军,2018-01-16 07:42:42,2,3,1,水就水嘛，恶竞不用动脑子，还是轻松愉快的体验
66540,518,陈随军,2018-01-17 08:09:16,6,6,0,个人觉得毕竟压力小，虽然事多。想知道下学期考试周前能不能把冬学期成绩出来。哈哈哈(ಡωಡ)hiahiahia。
67850,518,陈随军,2018-01-22 08:17:07,12,12,0,emmm，管理沟通课学不到什么是真的，觉得老师有点自以为是，绩点反正还没出。。。也是够慢的
67989,518,陈随军,2018-01-22 12:21:46,16,16,0,老师，我秋学期的成绩呢？
68500,518,陈随军,2018-01-23 09:25:46,0,1,1,还行吧。。上课挺有意思的。。就是没什么用
68718,518,陈随军,2018-02-03 22:09:30,9,10,1,呀终于出分了！！！分很好但是卡绩嘞~老师不错的
69280,518,陈随军,2018-01-24 11:53:35,12,12,0,秋学期的分捏？
70944,518,陈随军,2018-01-28 00:41:37,6,8,2,过年前尽量给你们出成绩（秋学期末说的话）
71355,518,陈随军,2018-02-05 07:52:30,6,6,0,我就很好奇这门水课吧 是怎么评分的
71744,518,陈随军,2018-01-29 02:24:30,5,6,1,难道不肯刷个夜给学生出个分？
72467,518,陈随军,2018-01-30 07:18:40,7,7,0,你们不了解他，他要是能在年前出成绩算我输
73065,518,陈随军,2018-02-01 00:28:15,2,3,1,老师有风富的人生阅历，蛮好的，就是处分速度感人，秋学期的通识昨天才出_(:з」∠)_
73155,518,陈随军,2018-02-01 04:51:56,3,4,1,终于出分了，老师你可以退休拉
73665,518,陈随军,2018-02-02 11:23:55,1,1,0,年前出成绩了，点个赞？
73735,518,陈随军,2018-02-03 04:53:16,0,1,1,真恶心
73940,518,陈随军,2018-02-03 16:18:12,2,2,0,虽然老师处分很慢但是我觉得给分很好啊
73945,518,陈随军,2018-02-03 17:18:35,3,3,0,服，每个人情况不同。上课没发言，小组跟团，报告考试认真做了，2.4。
73946,518,陈随军,2018-02-03 17:37:54,3,6,3,管理沟通满绩了。方法：上课发言次数满，两份报告各多出标准两千，期末考试推测老师性格加以回答填满两张A3纸。总体来说，除了出分慢（真的太慢了！），课上还是挺有趣的，我也给其他同学推荐过这门J类课，可惜老师后来不开了。有人说老师课上很社会，但这也是我喜欢他的课的地方，因为能有一个口子来稍稍矫正一下象牙塔里的处事模式也是挺有趣的。
73995,518,陈随军,2018-02-04 04:01:47,0,0,0,老师人挺不错的 出分是真的慢 绩点一般吧
74058,518,陈随军,2018-02-04 15:12:39,0,0,0,感觉还好吧，上课挺有趣的虽然干货并不算很多，但是善于发现一些细节还是挺有收获的（至少我是有收获的）。感觉自己的绩点有点超乎想象毕竟也没有发言，可能是因为听错要求而交上去的手写版总结吧，恶竞也有，佛系一点就好了。最后给小组比一下心，很棒的课友。
74096,518,陈随军,2018-02-05 05:38:17,0,0,0,秋学期的课终于出分了感动死了
74121,518,陈随军,2018-02-06 15:15:08,0,0,0,非常无语
74132,518,陈随军,2018-02-05 13:51:28,5,5,0,首先要说老师真的很好，为了方便大家选课，开了七门管理沟通，真的很尽力了，上课很幽默，事情并不算很多吧我觉得，唯一有点窒息的就是对发言次数要求比较高，可能不是很适合不愿意发言的同学。\n\n其次就是emmmmmmm出分真的真的真的真的慢，估计也是和班级太多又想要好好批卷子看总结有关嗯，感觉是个蛮负责任的老师。\n\n最后，听说陈随军老师退休啦，祝愿老师退休之后的生活依然充实快乐～
74137,518,陈随军,2018-02-05 15:00:20,0,0,0,水水水
74144,518,陈随军,2018-02-05 15:53:21,-3,1,4,傻逼，毫无用处，发了邮件还不回，快退休吧，别害人了
74170,518,陈随军,2018-02-06 03:34:28,-1,0,1,出分日来打个分，我是秋学期的...比较吃小组的课，老师讲的比较随意，基本就是根据展示内容临场发挥。还是很有意思的。真的很吃小组了，很感激我的组长和组员，超给力！
74187,518,陈随军,2018-02-06 09:07:23,5,5,0,不太好评价...一方面他上的课太多了导致不可能在每个班都上有特色的东西，基本都是一套东西翻来覆去的讲；但另一方面还是谢谢他这么大年纪还坚持在讲台上为浙大学子选j类毕业奉献着。听说今年他退休了，不知道我们是不是他最后一批学生，还是感谢陈爷爷吧。
74196,518,陈随军,2018-02-24 13:54:22,5,5,0,正月初九出分那我就给个九分吧
74275,518,陈随军,2018-02-08 23:58:33,0,0,0,被正太了
74340,518,陈随军,2018-02-11 22:13:17,2,2,0,想问问分数出到冬学期的了吗
74372,518,陈随军,2018-02-15 15:42:45,8,8,0,年三十夜里来给老师拜个年，顺便问一下，成绩什么时候出
74442,518,陈随军,2018-02-28 06:17:32,0,0,0,出分的同学能不能说说自己是哪个班的啊?‍♂️真的心急
74453,518,陈随军,2018-03-01 03:26:17,2,3,1,垃圾。
74455,518,陈随军,2018-05-26 12:43:59,-2,3,5,上了两次管理沟通 一次j 一次院平台 都满了 很喜欢老师了哈哈哈哈哈 很水 给分好 开心
74457,518,陈随军,2018-02-26 00:26:59,2,2,0,没学到什么
74482,518,陈随军,2018-03-05 05:57:09,1,1,0,开学第一天，等成绩中
74483,518,陈随军,2018-02-28 04:43:46,3,3,0,卧槽赶在开学前出分了!分很差，不过我没发过言也就值这点了。
74488,518,陈随军,2018-02-28 14:34:40,-2,1,3,陈老师的两门课绩点都挺好，但都没满……
74489,518,陈随军,2018-03-01 00:12:15,3,3,0,又被卡绩点了…出分真的慢啊
74492,518,陈随军,2018-03-01 09:46:45,1,2,1,管理沟通给分不好，当了一次小组展示主讲，发过一次言，最终拉低了绩点，有点不甘心
74493,518,陈随军,2018-03-05 12:48:55,1,1,0,纪念一下，终于出分了，冬学期的课。开学第一天
74504,518,陈随军,2018-03-02 02:56:40,1,1,0,明天开学报道了，分还没出
74543,518,陈随军,2018-03-03 09:46:50,-2,0,2,能学到一些内容
74545,518,陈随军,2018-03-03 10:20:19,2,2,0,麻烦给个绩点全组最菜的理由。
74712,518,陈随军,2018-03-05 08:46:52,0,0,0,给分不错，跟付出成正比
74729,518,陈随军,2018-03-05 10:09:09,5,5,0,因为你是j类课，我包容你所有的任性。
74730,518,陈随军,2018-03-05 10:13:08,0,0,0,给分还是有点。。。运气？
74731,518,陈随军,2018-03-05 10:19:17,-3,2,5,满绩打卡\n\n
74760,518,陈随军,2018-03-05 15:24:26,0,1,1,发言三次，4.5，上课轻松，感觉真的不错\n\n
74770,518,陈随军,2018-03-06 00:28:48,1,1,0,上课很水，给分只看发言
74790,518,陈随军,2018-03-06 01:57:40,0,0,0,给分低
74796,518,陈随军,2018-03-06 02:15:41,2,2,0,出分慢！但课讲的生动有趣！
74806,518,陈随军,2018-03-06 03:07:46,-13,0,13,虽然满了，但感觉没学到啥。。，
74907,518,陈随军,2018-03-06 10:49:27,-1,0,1,人生阅历非常丰富
74916,518,陈随军,2018-03-06 11:39:21,2,2,0,给分还可以，就是感觉学到的东西不是太多？
75127,518,陈随军,2018-03-07 11:59:04,2,2,0,给分慢得不行，秋学期的课年都快过完了才出。
75589,518,陈随军,2018-03-13 15:30:18,3,3,0,混子老师
75876,518,陈随军,2018-03-20 11:52:51,1,1,0,test
75998,518,陈随军,2018-03-23 11:10:56,-1,1,2,很好!
80920,518,陈随军,2018-07-02 16:24:45,1,3,2,傻逼陈随军！我从去年出成绩就骂到现在，他叫做的都做了，最后给分…
83542,518,陈随军,2018-07-10 14:38:10,0,2,2,事情算比较少的了，关键是老师绝对是经历丰富，有大肚量大见识的人，光是陈随军老师这个人就可以让学生受益匪浅了
84707,518,陈随军,2018-07-13 14:58:00,3,3,0,其实大家看一看评论就可以知道，这个老师打分两级分化严重，满绩很多。而根据正态分布及均分，就会有大批的人3.6及以下。我就只有3.6，室友蛮努力的，还是主讲3.9，组长3.9，对门寝室3.3。数据会说话，这是真的！J类通识课，恐怕更多人都为了学分和绩点而去吧。
86052,518,陈随军,2018-08-31 13:33:05,-4,0,4,受益非浅
86424,518,陈随军,2018-09-16 00:32:08,0,0,0,
88266,518,陈随军,2018-10-25 07:27:59,6,6,0,我很好奇，那个自称老学姐的为什么年年都有，说的话都差不多？？
93176,518,陈随军,2019-01-08 03:29:41,-1,0,1,挺好的，很有意思
105201,518,陈随军,2019-04-07 11:49:32,-6,2,8,我是ikun反正我满了，你们呢？
116933,518,陈随军,2019-09-17 11:18:42,-3,1,4,认识太幼稚了，不愧是工科出生的
118133,518,陈随军,2019-10-21 10:13:58,0,0,0,非常不错
120254,518,陈随军,2019-11-26 08:11:48,2,2,0,只要你脱单，作业全不做也能满绩
141132,518,陈随军,2021-09-24 07:12:18,0,0,0,帝道无极
218114,541,韩洪云,2025-04-21 07:56:01,0,0,0,老师人还是很好的，课后问问题会热情细致地回答，上课经常讲她孙女、儿子，一个短学期下来正经知识没记住，只记得她孙女把零食存她那、她儿子拒绝做农产品电商、兰州大学的面条好吃……\n\n但是真的要吐槽一点，上课用的英文课件太粗糙了，前后逻辑不连贯，像是几个PPT这一页那一页缝在一起，一个知识点会反复出现在不同的地方，讲课也不想听因为不知道在讲哪里，期末补天痛苦至极
23385,606,陈明亮,2016-03-28 08:32:44,2,4,2,老师人挺好的。但讲课的话，我来上也不会比他差太多吧。
25189,606,陈明亮,2016-05-07 11:00:49,2,2,0,商务智能上得跟通识一样…时间分配有点问题
105018,606,陈明亮,2019-04-18 04:03:37,14,15,1,是个捞男
105643,606,陈明亮,2019-04-18 01:16:59,3,4,1,浪费时间生命，最垃圾的专业课没有之一，上课夸夸其谈。
105659,606,陈明亮,2019-05-25 17:35:06,7,8,1,这个课。。不是必修的学弟学妹就别来选了，然后学弟学妹在做大作业选题千万慎重，我只能帮你们到这里了
105670,606,陈明亮,2019-04-18 07:47:40,3,4,1,营销的老师上商务智能，观点好像搞传销的……课名很高大上，完全浮在表面，慎选！上课极其无聊！
105674,606,陈明亮,2019-04-18 08:05:46,0,0,0,这是为数不多我不愿意坐前排听课的课
105796,606,陈明亮,2019-04-20 15:02:18,1,1,0,无营养，百度可自学。蜜汁大作业
105832,606,陈明亮,2019-04-21 14:21:17,1,1,0,宝宝没学过数据挖掘，宝宝不懂机器学习，宝宝不会写大作业，宝宝心里苦
106775,606,陈明亮,2019-04-29 11:32:09,3,4,1,商务智能既不商务也不智能，上课体验极差，是那种让你觉得写作业太吵，还不让用电脑的课。大作业太迷，千万别自己建模码代码，如果想中规中矩做就去用一个BI软件，上kaggle上找几个结构化的数据，最后导入，分析，一气呵成。然后你还可以用什么没训练过，没调参过的复杂模型说，还不如个决策树。当然如果你感觉还不够的话，大可以把你的cnn，rnn框架放上来，当做你的建模过程，侃侃而谈你的网络架构，然后在一片掌声之下顺利退场，在码了几千字之后把报告发给老师。最后在考试的时候，带足你的ppt，把里面小字都弄清楚，把对应的答案搬运到纸上，检查无恙没有错别字后，完美离开考场。一周以后成绩出来，在群中发出谢谢老师四个大字，作为你商务智能的结束标志。唯一亮点，老师不错，除了讲课不深没太多缺点。
106798,606,陈明亮,2019-04-29 15:00:17,2,2,0,never mind the scandal and liber???
2897,607,郭红东,2015-05-10 14:49:28,3,8,5,给分很低..事儿多
57147,607,郭红东,2017-07-05 17:10:43,6,7,1,真心是好老师哇
7930,674,杜红,2015-09-16 07:07:26,5,16,11,事超级多！但是人还不错
8686,674,杜红,2015-09-24 04:25:59,13,22,9,课上的水，事还多
9460,674,杜红,2015-10-28 07:12:04,6,11,5,事太多了。。。
9555,674,杜红,2017-09-20 04:02:54,-17,8,25,真的是好老师，能学到很多
9679,674,杜红,2015-11-04 07:39:31,-3,5,8,课上的有点没逻辑。。事也挺多，人是好人
11930,674,杜红,2015-12-21 10:52:32,15,25,10,上课真的一个字都听不进去，刚开始以为是自己的问题，问了小伙伴原来都这样，心里坦然了许多
14157,674,杜红,2016-01-05 05:44:39,4,18,14,上课真的一个字都听不进去，刚开始以为是自己的问题，问了学长课友原来都一个样，但是应该不是老师的问题，而是管理学这门课程设置有问题。再这样下去，这门课迟早药丸
15479,674,杜红,2016-01-14 14:52:46,-16,2,18,人好。
18747,674,杜红,2016-01-22 12:49:29,5,12,7,为什么之前没人告诉我杜红是个男老师？？excuse me？？！当他第一节课说戚老师会在什么什么时候回来的时候我完全目瞪口呆好吗？？
21156,674,杜红,2016-02-23 09:47:14,8,13,5,给超过2分的都是托
21475,674,杜红,2016-02-29 03:15:18,4,8,4,事多，课无聊，给分不好。
22528,674,杜红,2016-03-07 11:41:11,2,5,3,老师上课比较无聊枯燥，个人平时比较水，上课不怎么听的，期末考前课本也没看熟，考试凭直觉，最后绩点4.2，不过我并不了解其他同学的情况。
22848,674,杜红,2016-03-13 11:25:34,5,5,0,呵呵呵
25261,674,杜红,2016-05-09 05:10:25,-5,0,5,
29629,674,杜红,2016-06-30 05:35:16,5,8,3,不好意思啊努力和成绩不成正比。
29678,674,杜红,2016-06-30 07:28:29,-10,0,10,老师讲课没太大意思，照本宣科吧。给分我觉得还行，自己作业好好做好好复习就没什么问题~
29794,674,杜红,2016-06-30 10:21:22,5,9,4,给分很低 上课无趣 等级制打分
29814,674,杜红,2016-06-30 10:51:43,-6,4,10,给分挺好的，人也很好，但是确实讲课无聊。组织行为学和应用运筹学都是他的课，只能说，争当小组长?
47264,674,杜红,2017-01-25 03:31:10,5,6,1,给分很差
48766,674,杜红,2017-03-12 12:58:29,2,4,2,破事贼多，开个1.5分的通识还刷存在感，不是J类直接退掉
50319,674,杜红,2017-05-02 10:28:56,3,4,1,无干货
50520,674,杜红,2017-05-03 09:07:15,7,9,2,J类绩点低到可怕！平时明明讨论做的都很认真！
71110,674,杜红,2018-11-21 10:48:30,1,7,6,我上的是老师的管理学，老师很负责，平时出差什么的自己也有很多的事务要处理，但是总是对学生很关心，作业什么的也很为学生考虑，只要上课认真听，作业认真做，最后就能学到很多干货，而且绩点一点儿也不差。
74940,674,杜红,2018-03-06 15:46:59,-5,1,6,只能说上课确实没意思，冲着管理学这门课来的，自己看书还是能学到点儿东西，老师没讲什么有价值的东西。\n\n但是抱着水课和刷绩点去的还是可以推荐的，他的管理学应该是最水的，不要被第一节课讲的什么吓着，把任务完成或者说应付过去的话，绩点还是挺高的。\n\n友情分6分
80759,674,杜红,2018-09-19 08:58:34,3,6,3,辣鸡中的战斗鸡?
87695,674,杜红,2018-10-10 06:31:52,4,4,0,一半玩手机，四分之一睡觉，剩下的打瞌睡，太水了，讲的完全找不到有用的
88210,674,杜红,2018-10-24 05:27:23,1,3,2,比较无聊，但态度好\n\n课堂练习比较难，不看PPT不认真听，根本答不出来\n\n讨论比较多，比较麻烦\n\n总是没法按计划讲完PPT\n\n其实我觉得还行╮(￣▽￣)╭
89939,674,杜红,2018-11-21 10:42:01,2,2,0,一点用都没有，分数还低
89945,674,杜红,2018-11-21 10:47:22,3,3,0,我现在只想知道到底是怎么给分的，上课完全没干货，一点收获都没有，给分给得奇差
89949,674,杜红,2018-11-21 11:09:48,1,1,0,真的水，讲的没什么内容，评分也很迷，当小组长组织了一个学期讨论也没什么屁用，照样被正态，垃圾课，奉劝不要选
89990,674,杜红,2018-11-21 13:07:04,0,0,0,任务多，我自我感觉已经很认真了，给的每节课小测分也不低，最后打得非常非常低
90039,674,杜红,2018-11-22 01:56:39,0,0,0,课有点水，小测验大家一起协作还是能做得好的
90167,674,杜红,2018-11-22 09:57:42,1,1,0,老师666
90690,674,杜红,2018-11-25 09:06:50,1,1,0,给分奇低，真的快乐，组织行为学，你值得拥有
91060,674,杜红,2018-11-29 10:03:26,7,8,1,老师挺会扯，而且扯得不是很有价值，有点催眠。但是老师很体贴，给他发邮件会回复跟你说他收到邮件了，这一点真的很让我感动。\n\n每节课有课前小测，每个星期要小组讨论做PPT，期末组内打分，一篇1000字课程随笔。\n\n刚开始几节课还是听的，但是几乎每节课都会睡着? ，后面就开始做自己的事情了，不过说真的，听课也学不到什么，可能是我自己对管理不感兴趣吧\n\n关于给分，我们组长和组员没啥区别，都3.6，问了另一个组的组长也才3.9，其实小组的话组长会不会加分还是看你这个小组整体怎么样，小组不咋滴组长也别想好哪儿去。\n\n一些建议吧，\n\n1.小组讨论最好都去，毕竟最后组内要互相打分\n\n2.课前小测组员可以团结一点，太老实分数不好看小心正态
92636,674,杜红,2019-01-03 08:12:28,1,1,0,虽然很水 但是分好
93320,674,杜红,2019-01-09 04:13:32,1,3,2,老师其实真的很好，也很照顾留学生，作业分量合理…为老师平反！！ 上课也挺认真的！不要再误会老师了！
93347,674,杜红,2019-01-09 05:54:46,0,3,3,很好，非常体谅同学。事也不多，评分也不错！推荐上他的管理学！
93349,674,杜红,2019-01-09 06:02:46,1,2,1,上完了秋冬这个学期，我觉得老师还是不错的啊
93401,674,杜红,2019-01-09 12:00:26,2,2,0,是一个很尽责的老师，大家可以去上上，有问题也可以问他，他会回答的很好\n\n
94739,674,杜红,2019-01-18 04:28:38,0,2,2,垃圾通识，给分奇差，话不多说，建议退课
95310,674,杜红,2019-01-19 07:46:58,-1,2,3,组织行为学 事多！慎选！上课不听没关系，但每节课前会有选择题小测，可以偷偷用手机翻ppt。课后小组讨论一定要积极参加，因为最后一节课会有组内互评。结课的心得随笔要尽量早交！当面交纸质稿！←靠着这些水到了4 不小心选上这门课的同学们冲鸭！
96211,674,杜红,2019-01-20 14:26:34,1,1,0,辣鸡辣鸡辣鸡，建议不幸选上他的组织行为学的通识的赶紧退了
96438,674,杜红,2019-01-21 03:37:52,3,5,2,上了老师的管理学。老师人很好，给分也好。
96495,674,杜红,2019-01-21 05:13:01,3,4,1,管理学事多是课程设置问题！老师超好！还会延长ddl！解答问题也很耐心！给分也很好！
96538,674,杜红,2019-01-21 05:44:04,3,6,3,老师给分挺好的~有问题会耐心解答~群里的消息也会即使回复 超好的老师！
96572,674,杜红,2019-01-21 06:42:16,5,6,1,老师人超好的，事是有点多，不过给分蛮不错的。（管理学）
98505,674,杜红,2019-01-23 13:54:54,1,3,2,想不明白为什么他的评分还有3.9几，我觉得他最多一分
102716,674,杜红,2019-02-22 02:56:08,-2,1,3,我觉得这个老师有种萌萌哒的感觉，人好给分好，只要功课认真按时完成就可以了。就是功课有些多，但是一个学期下来还是可以学习到很多，老师教书认真
102759,674,杜红,2019-02-22 11:33:19,1,1,0,每堂课前都有小测，本人偶尔记笔记但不复习，一般答对6-7题，平时比较水，但小组讨论基本都去了，可能小组成绩都差不多吧，绩点3.3\n\n但是他说的话还是有点道理的，不要想着不努力还要好成绩，给分相对确实比较低，但也还好吧
102780,674,杜红,2019-02-23 03:36:02,0,2,2,垃圾垃圾
103023,674,杜红,2019-02-25 11:58:58,1,2,1,呵呵呵呵
103053,674,杜红,2019-02-25 23:47:00,0,1,1,呵呵呵呵
103432,674,杜红,2019-02-28 05:29:42,-4,1,5,非常好 给分佳
103632,674,杜红,2019-03-03 02:59:49,-1,2,3,垃圾垃圾垃圾
106880,674,杜红,2019-04-30 06:34:21,-1,1,2,sb就是他了！
120210,674,杜红,2019-11-24 03:11:34,0,1,1,无聊且事多
122882,674,杜红,2020-04-17 02:09:05,2,3,1,上课真是催眠，基本就是读PPT的样子，到了知识点举例不切合，课程节奏把握巨差。说到底还是对理论实际的底子不够，平时没有积累，做行政的老师非要讲课而已。 作业多得一逼，但是啥学不到，根本不知道作业写什么？ 这样的老师要不就安心做行政，别出来祸害求学青年了。
122883,674,杜红,2020-04-17 02:11:09,0,1,1,有负分嘛？浪费时间浪费金钱损失谁赔。唯一让我增长的见识是，浙大还有这样水的老师
122884,674,杜红,2020-04-17 02:13:42,1,2,1,天坑型老师，谁上谁后悔！
122885,674,杜红,2020-04-17 02:23:45,2,2,0,感觉不怎么认真备课，一套老旧的ppt几百页，随便翻到一页，东拉西扯讲些没用的描述性语言，课程无启发性，无干货。才华不够态度补，表面上看挺认真，会形式上接受建议。但没有用心做学问。
122886,674,杜红,2020-04-17 03:11:23,-1,1,2,从没有见过这么糟糕的老师。从没有。不准备，读PPT，不解答...\n\n助教也不行
123029,674,杜红,2020-05-03 01:14:34,0,0,0,组织行为学整个课程很水，事情多的死，每一周都有讨论，都有任务。本人不会做ppt，给强行做ppt），课程最大的收获就是会做简单的ppt了…当然我是抱着水过就好的心态去上的，最后3.6。但是付出的时间精力实在挺多的…
124374,674,杜红,2020-06-30 02:30:31,0,0,0,听这个课，实在是浪费时间。
147530,674,杜红,2022-01-10 07:14:07,4,4,0,管理学 老师人真的很好 同学作业没有交最后也都给大家补交的机会 很温和很友善的一个老师！！给分也很好！不明白为什么老师的差评那么多
147531,674,杜红,2022-01-10 07:18:25,12,12,0,不理解为什么有那么多人骂老师，可能现在老师变化很大？\n\n我的体验：1.每个老师的管理学的课程事情都很多，这不是老师的问题；\n\n2.老师人很好，问问题及时回复，发邮件也会回复，小测错过了还可以重新开放；\n\n3.每节课都会很清楚的告诉我们作业和截止日期；\n\n4.同学没有交作业也会延长日期。\n\n给分：认真做小测，水发言，交作业，研究性报告好好做，在小组里自己的任务认真对待分数不会差。谁不想上人好事少给分好的老师的课呢，但是自己的作业什么的也要认真对待才会给分好呀，这是最基本的。\n\n其实管理学的课没怎么认真听，上课的时候老师在讲，大家都低着头不怎么听，老师还是认真组织了，好好讲课了，我觉得已经很不容易了，老师还是有一些可怜的。\n\n一开始看到查老师的评论我也有点害怕，但是发现现实并不是这样的。所以查老师可能也要客观的看，并不完全准确。希望可以给以后的同学的选择一些参考。
166368,674,杜红,2023-01-12 05:52:10,3,4,1,大一为了塞课表选了管理学，看到查老师评分和均绩真的好忐忑。但是上课老师管的很松，作业的话平均每两周一个1000字作业+一个大的小组研究作业，作为专业课感觉也蛮轻松的，老师钉钉回复也都超快，不会已读不回。学在浙大视频都刷了，小作业好好写写，没有期末考，最后出分是满的，真的有些子惊喜的。
168913,674,杜红,2023-02-23 11:23:58,0,0,0,老师挺认真负责的 不知道评分为什么这么低。。管理学本来事情就挺多的，任何老师都一样，选课之前做好准备。然后分数由很多部分组成，只要认真完成每个部分最后分数不会差。
173563,674,杜红,2023-05-29 04:19:43,0,0,0,上的是老师的管理学，其实老师对作业的评分以及最后的总分已经很不错了！\n\n其他班级的管理学事情都挺多的，我们小组基本上线上讨论分锅就能解决。\n\n上课有些也是很有意思的，这门课可能本来就是一门比较枯燥的课吧
192984,674,杜红,2024-06-01 16:06:34,0,0,0,...
4558,707,张大亮,2015-06-24 11:14:21,3,9,6,好
8026,707,张大亮,2015-09-16 14:22:43,0,8,8,迄今为止遇到的最好的老师
9617,707,张大亮,2015-11-03 03:00:38,2,6,4,感觉没讲出什么东西来
14806,707,张大亮,2016-01-09 11:41:28,10,22,12,市场营销一学期下来完全不知道讲了什么，什么也没学到。课程内容没有逻辑和体系。
18639,707,张大亮,2016-01-22 07:34:07,1,5,4,作业很多但良心哦
23498,707,张大亮,2016-04-01 02:18:51,-2,3,5,无语，很主观的教学
25314,707,张大亮,2016-05-13 11:59:27,3,5,2,老师还是蛮有趣的
53886,707,张大亮,2017-06-28 03:00:58,-3,2,5,每周都点名，三次未到即挂科，上课基本没什么太有帮助的内容，就是带过PPT，每周都有展示作业，还有小组章讲案例等
59634,707,张大亮,2017-09-25 05:30:30,1,2,1,很好的老师
63171,707,张大亮,2017-11-29 02:19:31,2,2,0,听他上课真的不知道学了啥
64684,707,张大亮,2017-12-26 09:42:19,0,4,4,给一分是因为没有零分，一学期下来没学到什么东西，还要写3000字个人学习总结，很无语。强制学生看书写几千字的读书报告。讲得也很无聊。布置的作业质量也很低，讲话口水会喷到前排同学。教管理学，却在管理班级方面有很多缺陷。
64791,707,张大亮,2017-12-27 06:47:59,4,7,3,课堂部分不发表意见了每个人想法都不一样......就是有一次坐第一排睡觉睁开眼的时候和他对视了，然后他叫了我旁边的人回答问题，然后我就继续睡了他也没打扰我，后来才发现我当时发烧了他可能看我不舒服吧也没有管我，还挺暖的
67063,707,张大亮,2018-01-20 07:44:02,5,6,1,绩点出来了 挺满意的 作业也很有收获 虽然上课没怎么听 上课可水 作业认真做\n\n
67070,707,张大亮,2018-01-20 07:49:50,6,10,4,上课还是有很多干货的 最后一节课还发了大红包哈哈 给分很好 给张老师打call
67085,707,张大亮,2018-01-20 09:01:45,1,2,1,绩点低的很奇怪，明明每节课都课前预习，上课很少开小差，唉
67317,707,张大亮,2018-01-20 17:19:11,2,2,0,认真做了作业，绩点很满意
67618,707,张大亮,2018-01-22 02:25:12,0,0,0,烦烦烦
68185,707,张大亮,2018-01-22 16:54:41,0,2,2,老师还可以，就是学不到东西，绩点一般
69477,707,张大亮,2018-01-25 00:10:46,2,2,0,老师其实上课还行，但是管理学这门课的作业是真的多，好好完成作业挺好的? 小组作业一定要用心
70613,707,张大亮,2018-01-27 09:47:49,0,1,1,给分好！就是事儿有点多
71071,707,张大亮,2018-01-28 02:23:02,2,2,0,一个很好的老师，很后悔一直没有好好听老师上课，错过了许多，还有老师的给分很棒！
74174,707,张大亮,2018-02-06 03:38:34,1,1,0,感觉张老师应该很有钱。。。上课还是能收获很多的，但跟考试应该没多大关系。认真听感觉很不错，但是跟考试还是没多大关系。
89638,707,张大亮,2018-11-20 05:52:45,4,4,0,老师人不错，但讲课没有完整的体系与逻辑。作业多且质量不高。
89757,707,张大亮,2018-11-20 15:34:33,2,2,0,浪费时间，事情繁多且很没必要
91244,707,张大亮,2018-12-04 05:46:42,3,3,0,人好讲课不行。
94197,707,张大亮,2019-01-15 14:13:45,2,3,1,老师很好，最后一节课划重点给我们减压。激动得我还没考试就跑来评分。分数应该很大程度上取决于平时作业和上课发言情况，我知道自己作业没好好做，预期成绩也不会高。想学东西听老师课还是有干货的，不想听老师也可水。
117172,707,张大亮,2019-09-20 03:44:06,0,0,0,还可以
117866,707,张大亮,2019-10-27 13:46:58,0,0,0,屁事多
121110,707,张大亮,2020-01-19 15:25:57,2,2,0,老师偶尔会说到重点，但基本靠自学，老师人也很好，最后绩点也不错
121401,707,张大亮,2019-12-16 10:40:09,1,1,0,感觉没啥意思，每节课还要测试，作业没啥质量感觉。
123523,707,张大亮,2020-06-09 10:17:43,1,2,1,管理学事情很多，课堂很水，但是给分还是蛮公正的。每次测验、个人小组作业都认真做，分数还是很好看的
123648,707,张大亮,2020-06-11 06:58:49,1,1,0,有一说一他的市场营销是混绩点的最佳选择，虽然事情有点多但是课完全不用听，我大一上选的，期末90。
127247,707,张大亮,2020-11-17 04:30:22,1,1,0,脱离实际，应用性较差，作为MBA的课程水准不高
130006,707,张大亮,2021-01-15 01:17:23,0,0,0,管理学上了个寂寞
130097,707,张大亮,2021-01-17 03:17:13,0,0,0,好好的
130099,707,张大亮,2021-01-17 03:31:28,0,0,0,理论不严谨，知识体系琐碎。
130731,707,张大亮,2021-01-24 11:47:51,0,0,0,管理学上课水，事是平均水平的多，给分真的不大方
130938,707,张大亮,2021-01-25 09:59:36,0,0,0,事情很多，作业布置很多，绩点很低
153643,707,张大亮,2022-05-07 02:04:25,0,0,0,视商业模式如同儿戏，完全靠想象，根本不合理，连小孩子都骗不了，课程水平太差，案例陈旧，自说自话，同学有疑问，要么避而不答，要么答非所问，要么转移话题。这是哪个竞争对手安排过来拉低浙大MBA水准的吗？
161869,707,张大亮,2022-11-14 15:12:40,1,1,0,感觉拉低浙大水准
164982,707,张大亮,2022-12-28 07:44:47,1,1,0,依托答辩 \n\n比亮子PPT更令人迷惑的是他的成绩占比。一周做一次小组作业，成绩占比还没两次8分钟的小测高。期末没有考试，但有占成绩40%的1小时小测。\n\n希望下辈子可以不用上他的课。。。
165731,707,张大亮,2023-01-09 12:42:29,-1,0,1,课非常一般，但是最后满绩了，只能说如果不得不上这门课，好好准备开卷期末考
6058,714,周歆红,2015-07-10 13:54:17,6,10,4,语速很快
20546,714,周歆红,2016-01-28 09:35:48,5,6,1,周老师很温柔，讲得很好。
20676,714,周歆红,2016-01-29 15:34:56,2,3,1,给管理学院提供了一种全新的视角。人类学的视角是很吸引人的。\n\n
23863,714,周歆红,2016-04-19 04:29:20,4,5,1,完美女中音
24067,714,周歆红,2016-04-26 11:23:43,0,1,1,讲的很好 老师很好
60900,714,周歆红,2017-11-02 02:57:12,2,5,3,上课默认所有人都有志科研，让我们想就业的人毫无听下去的兴趣并怀疑她是不是PPT没做完才特意找了这么多文献。虽然人蛮温柔。hmmmmm
80280,714,周歆红,2018-06-24 07:21:52,-1,0,1,可爱的老师，给分不是特别高
90757,714,周歆红,2018-11-26 00:28:34,2,2,0,十分温柔的女老师，值得一听的课
91491,714,周歆红,2018-12-11 15:45:33,0,0,0,老师超级温柔，人超好，只要认真对待，能学到很多东西，给分也比较赞
92180,714,周歆红,2018-12-27 03:01:59,1,1,0,老师人很好
92210,714,周歆红,2018-12-27 04:58:41,0,2,2,我是外专业选修这门课的，其实收获真的挺大的，老师很耐心也经常夸奖鼓励大家，老师人很好。一开始的时候觉得这门课好难，太学术了，甚至想退课，后来慢慢就被老师吸引了，作业的话有两次，认真按老师要求做，期末好好复习成绩不会太差的，我最后4.5
103442,714,周歆红,2019-02-28 06:46:03,0,1,1,老师讲的很棒，超级温柔，有礼貌。很值得一听。
105829,714,周歆红,2019-04-21 13:35:08,6,6,0,老师讲话的逻辑有时候不太能get到。。ppt也感觉乱七八糟的框架性不是很强，就感觉听课停下来，没办法形成比较完整有逻辑的框架。。一头雾水
153219,714,周歆红,2022-04-27 00:09:58,6,8,2,①上课：因为我是被跨文化吸引选的这门课，而课堂中涉及的跨文化内容多数为国家之间的差异，所以还是我觉得还是挺有意思的。后面会有一段时间要讲跨文化管理的理论，这块比较硬。课堂上没停可以靠ppt恶补。②作业：这门课的大作业是访谈一位有跨文化经历的人，我身边有好几位这样的人（有过一段时间的国外经历差不多就可以），所以我觉得这个作业不会很棘手。如果你有需要的话，老师会帮你很认真地批注修改访谈大纲，后面的访谈报告她会给每个人批注。③考试的内容老师都会放在几个汇总好了的ppt上，前面提到的跨文化理论很重要。考试有要写英文的地方，但有两道类似论述题的题目可以事先做好。
164429,714,周歆红,2022-12-21 02:49:48,0,0,0,非常有干货的课程
172600,714,周歆红,2023-05-01 13:31:38,1,1,0,一学期没上课 考前复习 上课前一天还在看cuba竟然还上4了 感谢老师😭😭
172604,714,周歆红,2023-05-02 01:22:57,1,1,0,硬核通识
269,752,宝贡敏,2015-03-14 23:47:04,-7,21,28,煎熬。上课无趣，没思路。不知道在说什么。通篇读PPT，英文中文大段的抄书，字还小，一页上百字，这还是PPT吗？分数也很奇葩。平时把同学拉微信群里，听他絮叨
290,752,宝贡敏,2015-03-15 00:19:04,12,31,19,完全不知道上了什么，他一直在炫耀自己的知识，却不跟我们讲知识。课无聊吧，还喜欢戏弄同学，一定要所有人听讲。基本没有学到东西的课。
360,752,宝贡敏,2015-03-15 01:24:29,-4,19,23,不知课讲的什么，不知课还可以这样讲，不知作业这么多，不知怎么坚持下来的，不知怎么高分通过的，不知这样的课有什么用。只知每堂课点到……的美女助教。
395,752,宝贡敏,2018-09-29 07:29:45,2,32,30,as ml with 80 old lady， no pleasure， but have to ：)
398,752,宝贡敏,2015-03-15 01:56:19,-3,20,23,水货！自负！自以为神圣不可侵犯！而且还建了个微信群，邀请同学进去，天天在里面说他爱我们！他对我们负责！结果我们什么都没学到！
444,752,宝贡敏,2015-03-15 02:30:13,0,17,17,课堂只能听他毫无内容的讲解，所讲案例与知识点毫无关联，突如其来的情感抒发让人难以接受。浙大老师如此水准，居然还可教学，实觉浪费学费，浪费时间，浪费生命！
60103,752,宝贡敏,2017-10-24 08:54:49,-8,9,17,天天都在干嘛啊 莫名其妙
60573,752,宝贡敏,2017-10-24 08:53:19,-6,11,17,大学最讨厌的老师，没有之一，重点是老师还觉得我们听他的课很开心，收获很大，但是我慢性死亡般难受。
60575,752,宝贡敏,2017-10-24 08:59:47,-10,8,18,也不知道在讲什么，说让展示，全程不让别人说一句完整的话 尽顾着自己瞎bb 完了还说展示的人太慢...
60576,752,宝贡敏,2017-10-24 09:05:42,-8,9,17,可少说点吧，展示一字一打断，一边说时间紧一边自己打断别人瞎bb拖时间，拜拜
60590,752,宝贡敏,2017-10-24 15:23:05,-4,12,16,我女朋友上完他的课吐了，然后一晚上都在发脾气，平时她真的很温柔的。
60616,752,宝贡敏,2017-12-25 11:05:39,-8,8,16,吃屎一样的体验
61453,752,宝贡敏,2017-11-17 11:02:32,16,22,6,老师挺好的，很热心真诚
64496,752,宝贡敏,2019-05-19 06:05:53,16,23,7,老师人很好，长者的谆谆教诲有时不那么动听顺耳，但是老师的智慧和涵养真的深深的影响着我，喜欢老师～
64560,752,宝贡敏,2017-12-25 11:21:57,17,21,4,宝老师知识面广，说话风趣，听他的课很有收获。喜欢听。
64592,752,宝贡敏,2019-05-19 06:05:58,15,23,8,\n\n大学老师是怎样的风采？循循善诱、谆谆教诲、一丝不苟，宝老师就是这样的老师！听他的课，深切体会了什么是逻辑。幽默的语言，信手拈来的例子，更深地体会到什么叫底气！我要多听课多学习多积累，期望有一天也能像宝老师那样敏锐智慧和博学。崇拜～
64607,752,宝贡敏,2017-12-26 01:22:10,16,20,4,老师很好，认真负责，严谨又不失幽默，时时处处为学生着想～
64609,752,宝贡敏,2017-12-25 13:37:15,18,21,3,老师讲的课我觉得挺好的，很多知识点。
66630,752,宝贡敏,2018-01-17 16:11:11,12,17,5,老师知识渊博经验丰富，对遇到的现实问题和理论问题能够进行深入浅出的讲解。学习很有收获！但是由于战略问题与自己的生活相关性不是特别紧密，经验不足使人有时也有困惑。但只要问老师，老师都能够给很好的讲解学习很有收获。
66662,752,宝贡敏,2018-01-18 05:28:01,13,16,3,老师爱学生。与时俱进的老头。有些时候比我们还时髦。
66663,752,宝贡敏,2018-01-18 05:31:09,11,13,2,老师很好，我喜欢。
66682,752,宝贡敏,2018-01-18 08:02:28,11,14,3,老师很风趣，语言生动，枯燥的理论变得有意思。喜欢听他讲课！
73002,752,宝贡敏,2018-01-31 14:23:03,12,14,2,我觉得老师讲的课很丰富，知识面广，还很风趣
73007,752,宝贡敏,2018-01-31 14:28:09,10,13,3,老师讲课很用心，内容丰富～对学生很好！
73013,752,宝贡敏,2018-01-31 14:38:51,8,12,4,老师的严谨的治学态度，广博的知识以及深刻的洞见让我学到了很多，希望能够成为向老师那样的人
74375,752,宝贡敏,2018-02-15 20:27:30,10,13,3,与时俱进的老朋友
74376,752,宝贡敏,2018-02-15 20:34:47,8,11,3,逻辑清楚，实用性强。
75333,752,宝贡敏,2018-06-19 06:41:15,4,10,6,当时不懂事，只喜欢好听的。现在需要时看包老师的ppt和包老师的书，发现包老师的课，包老师的书真是很有用。真想重学一次包老师的课。
75782,752,宝贡敏,2018-03-18 04:19:43,5,9,4,当时不懂事，只喜欢好听的。现在需要时再回头看宝老师的书和宝老师给我们的PPT，发现宝老师的课真是很有用。真想重学一次宝老师的课。还好，现在遇到问题向宝老师请教都会有回复。感谢宝老师！
75788,752,宝贡敏,2018-03-18 06:02:06,5,9,4,宝老师说话风趣，讲一个知识点会通过各种比方，讲得好的。
76116,752,宝贡敏,2018-03-27 07:42:32,5,8,3,平心而论老师很好。讲的知识很有用。
76504,752,宝贡敏,2018-04-12 01:56:09,5,7,2,老师讲课有激动
76739,752,宝贡敏,2018-04-19 17:08:58,5,7,2,在工作中遇到战略问题才发现宝老师的课件有多牛！
77191,752,宝贡敏,2018-05-03 13:34:37,2,5,3,很幸运选了宝老师为师！
79129,752,宝贡敏,2018-05-23 17:25:19,1,4,3,我最喜欢的的朋友兼长者、老师，没有之一！
79186,752,宝贡敏,2018-05-26 06:13:04,3,7,4,问他任何问题都是说：这个问题很复杂，有机会我们单独讨论。然后就没有然后了……  要么就是不知所云，炫耀华而不实的各种古文英文\n\n他的PPT同学说是一看到就想起椰树牌椰汁?
79544,752,宝贡敏,2018-06-08 17:14:26,0,3,3,负责任的好老师
80006,752,宝贡敏,2018-06-19 03:35:12,0,3,3,老师讲课用心用力，总想给我们灌点干货。\n\n
80767,752,宝贡敏,2018-06-30 12:56:49,-2,2,4,老师讲课逻辑清晰，实用性强，点赞?
85537,752,宝贡敏,2018-07-19 04:37:01,-2,2,4,老师讲的内容新颖，条理清楚，实用性强。
86773,752,宝贡敏,2018-09-18 13:43:35,-2,1,3,十分喜欢宝老师的课。内容充实，知识面广，实用性强。
88077,752,宝贡敏,2018-10-21 19:36:50,-2,1,3,认真负责有理论有经验的好老师???
88867,752,宝贡敏,2018-11-11 02:36:49,-2,1,3,融入课堂，享受老师的讲解和互动，收获满满！喜欢鲍老师。
89110,752,宝贡敏,2018-11-15 22:23:30,6,8,2,不装逼会死吗？\n\n什么都要吹\n\n英语口语那么不标准还使劲的说？\n\n整天从小到大多牛逼多牛逼\n\n你那么牛逼咋没看你发家致富？？？\n\n重点是 上他的课 全是方法论 让他实际操作又不会 整天用分数威胁同学 他妈也是醉了\n\n大学至今 上过最没有意义的课\n\n
91080,752,宝贡敏,2018-11-29 16:11:29,1,2,1,老师讲的很好。讲的就是战略。战略需要诸葛亮的智慧。战略不需要吕布似的勇猛。好的战略是智慧的佳酿，不好的战略是狂醉的烂酒。
91804,752,宝贡敏,2018-12-20 12:15:32,1,1,0,不好意思 我吴行健满了
92498,752,宝贡敏,2018-12-31 11:15:17,-3,1,4,宝老师的PPT内容丰富。书中内容也是很丰富。讲课很实用。是我最喜欢的课，没有之一。
102530,752,宝贡敏,2019-02-05 06:25:48,-4,0,4,他是我遇到的最真诚最有善最有帮助的老师，喜欢这样的老师
102552,752,宝贡敏,2019-02-07 20:22:46,-4,0,4,最好的朋友+长者没有之一。理论+实践！
105792,752,宝贡敏,2019-04-20 14:39:47,-4,0,4,我所见到最好的老师没有之一。
109298,752,宝贡敏,2019-06-13 03:22:51,0,0,0,求问作业多吗？据说很恐怖
117355,752,宝贡敏,2019-09-23 09:05:59,9,9,0,语无伦次，课件没有条理，不知所云。。。。
117584,752,宝贡敏,2019-09-26 08:43:54,11,11,0,我严重怀疑热评是买的水军……………………
117989,752,宝贡敏,2019-10-17 16:53:14,7,7,0,bgm还能7分？？学习帝也能有水军？？
120147,752,宝贡敏,2019-11-18 00:18:41,-2,0,2,太感恩老师了!啊啊啊给分real好!虽然上课讲的一般，但给分好啊!平常也会很耐心地解答大家的问题!!!!!人很好!!!
142017,752,宝贡敏,2021-11-04 04:27:53,0,0,0,讲课毫无条理，而且自我优越感很强。\n\n完全学不到东西，浪费时间
3602,758,李浩,2015-06-17 01:47:58,-1,7,8,赞
47105,758,李浩,2017-01-24 00:31:32,12,20,8,出分之前本来不想给差评的。。。
57402,758,李浩,2017-07-07 09:21:00,4,12,8,上课很认真，会点名，但是有点绩杀...慎选
63437,758,李浩,2017-12-04 05:34:05,1,1,0,老师人很好的哇 不过课上略无聊
96977,758,李浩,2019-01-21 13:43:39,5,5,0,老师上课没有什么干货，考试开卷但是找不到答案，我太菜了
97114,758,李浩,2019-01-21 16:17:31,0,1,1,讲课略有无聊，期末考试开卷，书上确实都有，但一部分真的太难找了，整体下来给分还ok
128761,758,李浩,2020-12-25 07:30:44,2,2,0,给分特别差，点名都在也参与课堂考试平时成绩无缘无故就扣到快没有，真的无语
142815,758,李浩,2021-11-16 11:12:15,0,1,1,还可以
143169,758,李浩,2021-11-20 11:32:36,5,5,0,求求您高抬贵手调下分吧
147724,758,李浩,2022-01-10 14:20:57,7,8,1,牛马，绩杀
147780,758,李浩,2022-01-10 23:50:31,4,10,6,千万不要选创业启程会变得不幸
147903,758,李浩,2022-01-11 06:32:14,1,2,1,事情挺多的，雨课堂上有视频和讨论题还有商业策划书，平时听讲座要交2000以上听后感，教材从来不讲，最后期末考试闭卷考教材。事情真的很多，给分也不高。有点折磨人唔
149639,758,李浩,2022-01-16 08:48:57,0,1,1,给分还可以，但考试有些折磨人。
150815,758,李浩,2022-02-19 02:47:09,3,3,0,给分很差
150910,758,李浩,2022-02-21 04:20:45,-2,1,3,老师严谨客观，作业写得认真的话，给分就不错
154542,758,李浩,2022-06-02 05:41:03,0,4,4,客观评价：\n\n我是2021年冬学期上的课，平时雨课堂挂在那边（懂得都懂），雨课堂有网上的练习题与一个商业计划书（练习题做到满分，商业计划书好好做），晚上考试下午背了一下午书，最后4.5\n\n事情少是真的，给分的话努力分数肯定不错的
157819,758,李浩,2022-06-25 03:23:32,2,3,1,这门课真是吃力不讨好，退学启程快跑
157820,758,李浩,2022-06-25 03:23:37,1,13,12,创业启程算是创业类课程里性价比最高的课了。刷慕课（1h），听讲座+读后感（6h），复习课本（6h），考试（1h）+商业计划书（可抄30mins-5h）+第一节课（45mins）。如果把上述时间都花了，保底4.5。
157861,758,李浩,2022-06-25 07:18:34,17,19,2,选不了职规，选了这个垃圾课，平时93（比平均分高），商业计划书和报告都认真写了，最后总评3.3\n\nmd这课学了有个jb意义，一堆瞎扯淡虚无缥缈的知识能指导nm创业，现在没有正态大家都给89不行吗\n\n整个学校的创新创业模块就是sb，整个就应该从培养方案里去除\n\n当然客观来说不怎么花时间，平常不用上课，如果选不上职规&&不想花时间&&不在乎这一点绩点的完全可以选
157889,758,李浩,2022-06-25 10:33:09,3,3,0,挺无语的，个人觉得商业计划书占分比例太少了。我做商业计划书做了很久，慕课总分98.8，读后感也是认真写的，最后给分挺低的。害，就是随机给分呗。
157897,758,李浩,2022-06-25 11:30:05,-5,6,11,客观评价：\n\n老师很好，没有恶意给低分。讲座观后感总评只扣了2分，商业计划书也有95，最后考试真的算是良心的，书上都有，花一天时间看完背背，最后4.5。不知道为啥评分这么低，周围同学都上四了。认真听讲座，翻翻书，写写计划书真的能学到很多。
157988,758,李浩,2022-06-26 03:19:05,1,2,1,创启给分随机 想水的来 想稳定拿绩点还是去隔壁职规吧
167510,758,李浩,2023-01-17 01:10:23,0,0,0,感觉老师很细心负责，有问题回复的也很快，比起这个学期某门专业课的老师不知道好了有多少（流汗黄豆），希望最后给分好一点
167557,758,李浩,2023-01-17 09:50:05,0,0,0,出成绩前先来打个6分，中规中矩吧。在lgl老师的税法出成绩过后希望不要再杀一门课了，出国er真的受不了。我最后那个论述题写了超级多，老师你看着办吧呜呜呜
167704,758,李浩,2023-01-18 12:21:43,-7,3,10,上的创业启程，只需要上一次线下课，比较轻松。老师挺负责的，群内问题都会及时解答。闭卷考，98上有挺多资料。花一天好好看了资料，过了一遍课本，出分4.2。
167713,758,李浩,2023-01-18 13:47:16,18,18,0,绩杀，快跑
167720,758,李浩,2023-01-18 15:02:36,-7,3,10,说实话，个人对这门课还是挺满意的，我觉得算得上是我上过最水的课了，只用去第一节课，只要商业计划书和观后感都写了，没错写了就行（别太离谱），雨课堂都有答案，最后期末突击一天看看书，刷刷98历年卷，起码上4我觉得问题不大，花这点时间拿这样的绩点还要什么自行车？如果肯再多花点时间润色一下作业，考试前多背背，就4.5+了。（以上均是个人看法）
168026,758,李浩,2023-01-23 03:34:08,-3,0,3,大绩杀，最后一个大题写了21个点，每个大题都写了很多，选择题感觉十拿九稳，就这个分？你是要把这些分留着回家过年吗？
172628,758,李浩,2023-05-02 14:14:08,1,1,0,供应链管理 感觉还是比较水的 分也还行 但没有到满意的程度 不知道大家怎么样
177787,758,李浩,2023-07-05 01:15:05,3,3,0,3.0
188411,758,李浩,2024-01-19 02:49:37,5,5,0,全是线上课程，感觉学不到什么东西，而且给分着实不友好
188424,758,李浩,2024-01-19 03:31:56,4,5,1,给分一坨屎
188441,758,李浩,2024-01-19 04:18:06,2,3,1,成绩出来后，没有一个人谢谢老师
188444,758,李浩,2024-01-19 04:21:45,3,3,0,绩杀启程，快跑。除非你在考试周能够拿出好几天时间背那本从来没上过的书，做回忆卷。这门课的评分体系太抽象了，完全教考分离
188506,758,李浩,2024-01-19 06:03:48,7,7,0,不理解这个课存在的意义是什么，平常根本不用的课本期末要考的那么细，就是单纯的为了卷而卷吗？老师给分可能是很“求是”，但是这门课就是一坨
189727,758,李浩,2024-01-27 15:43:08,0,1,1,不是很推荐创业启程这门课。创业启程不会有线下课，所以并不体现李老师本人的教学能力，该课程分数由期末考、观后感、讲座、mooc四部分组成。期末考闭卷考，考点比较细，真选了建议上98找历年卷。mooc建议拿满，mooc题目的答案在98上也能找到。商业计划书我拿的不是很高不知道如何下手。讲座观后感也没经验，我纯凑字数。最后绩点3.3。
190660,758,李浩,2024-03-13 14:42:27,10,10,0,我操你妈
192963,758,李浩,2024-06-01 08:42:08,3,3,0,真他妈的傻逼一个
194818,758,李浩,2024-06-25 13:55:55,3,3,0,无语死了👎
196023,758,李浩,2024-07-01 07:42:00,4,4,0,真操你妈
212076,758,李浩,2025-01-13 06:59:01,0,0,0,绩杀，跑啊!全上的网课，课程没有任何含金量，水课还给分这么低，本来出分前是不想给差评的，但我自问对这水课的态度已经很认真了，期末闭卷考也很认真背了，最后给这个分还是挺不服的，不开心……
9026,761,阮建青,2015-10-10 06:57:30,5,12,7,老师讲课思路清晰，很有耐心，挺好。
17453,761,阮建青,2016-01-20 08:38:16,4,8,4,超喜欢阮老师！他的中微课很有趣，不会很无聊。
18760,761,阮建青,2016-01-22 13:08:40,3,6,3,老师讲的很好，深入浅出，上课很有趣，人也很好，会很耐心的回答问题。给分也很好哦
18970,761,阮建青,2016-01-23 01:17:25,11,20,9,阮老师的中微满满的生活体验，绝对是真正的经济学
33319,761,阮建青,2016-09-18 06:36:36,2,4,2,我班主任，好老师好老师好老师
45243,761,阮建青,2017-01-19 08:03:47,0,3,3,老师超好！！给分好！！
45349,761,阮建青,2017-01-19 12:16:57,4,9,5,12:30考完 当天4:00出分 这速度还有谁!\n\n老师特别亲和 很有逻辑。
46143,761,阮建青,2017-01-20 16:27:15,4,7,3,老师上课不用ppt，生动有趣
49284,761,阮建青,2017-04-01 07:39:13,1,4,3,儒雅男神
65945,761,阮建青,2018-01-10 11:50:49,1,3,2,还没有考试先表白一波老师！！！
68947,761,阮建青,2018-01-24 06:55:14,3,5,2,不知道有多少人听了阮老师的课后悔没选农经，至少我觉得我选了农经专业能和老师学习三年是很幸运的
87641,761,阮建青,2018-10-09 02:26:07,3,5,2,超喜欢老师的讲课风格！不用ppt 写板书！\n\n相比汪韬的微经...学了又有什么用呢 讲的什么辣鸡）没有对比就没有伤害
94522,761,阮建青,2019-01-17 04:51:52,0,0,0,老师讲课特别清晰，每节课都会帮我们顺一次中微的框架体系。特别喜欢阮老师！
95145,761,阮建青,2019-01-19 01:40:56,3,5,2,出分前客观评价一波！\n\n我真的超级喜欢阮老师的啊！上课思路很清晰，用板书不是ppt，每节课梳理框架，逻辑清晰也不困，还总是笑眯眯的！推荐推荐！
98022,761,阮建青,2019-01-23 04:01:35,3,3,0,说实话中微这么课程没有什么太大的意义，很多是微经的重复，本来应该讲的新东西基本都没有讲。\n\n但是，阮老师确实一个非常好的老师，他会带你梳理中微的框架，这种框架下的分析思路逻辑结构真的有很大的帮助。上课不用PPT，板书虽然慢但是却很符合听课节奏。事情很少，就一些小作业和一次课程论文加展示。\n\n总之，阮老师10分，中微这门课6分
124302,761,阮建青,2020-06-29 02:45:07,12,17,5,这学期看了一学期mooc，真的全靠自觉，老师给的自由太多反而会导致同学放松，我就因此喜提一个绩杀。最初选老师是因为看他评分高评论里说他讲得好，但这学期真是搞得很难受。老师讲得好不好不知道，但是至少这学期体验不怎么好。
124305,761,阮建青,2020-06-29 03:36:54,3,5,2,疫情全程mooc....期末补天未果 读书报告写起来都困难 给分凉凉 大概是自己太菜了吧
124311,761,阮建青,2020-06-29 04:38:25,1,5,4,就微经这门课来说，一学期自学看mooc所以也没法对老师的教学水平做出评价。自学+绩杀 这就是体验感
124313,761,阮建青,2020-06-29 04:57:21,8,9,1,看评价好才选的老师，可能是因为疫情网课的原因，也有可能是老师第一次教微经，老师全程让我们看慕课自学，体验感不怎么好吧(毕竟慕课和老师上课肯定没法比)给分不好，喜提3.6
124367,761,阮建青,2020-06-30 00:06:07,11,14,3,绩杀绩杀绩杀绩杀绩杀绩杀绩杀！！！！！！！！！！\n\n
124681,761,阮建青,2020-07-06 04:49:03,0,1,1,疫情期间不上课，仅答疑，全程mooc，最后给分也不好😭
125104,761,阮建青,2020-08-31 14:11:33,1,2,1,疫情期间全靠MOOC和看书自学，我也很水，但是论文认真研究了餐馆受疫情影响产生的价格波动，考前认真看了书上的概念，刷了5章的习题和往年的题，MOOC上的题也做了，老师平时不布置作业，最后给了几道题个人觉得是送分的。4.5还行吧寝室最高了
125993,761,阮建青,2020-09-16 10:29:01,0,1,1,阮老师向来评分很高，但网课期间完全不讲课，全靠mooc，由于我个人自学能力差，听课心态爆炸，最后得分凉凉。体验极差
128196,761,阮建青,2020-12-12 04:50:34,0,2,2,被绩杀自己活该好吧
133756,761,阮建青,2021-03-04 12:40:18,-3,5,8,教学观念有问题，三观不正，教学时夹带私货，老是讲一些社会问题，严重影响学生的正常听课感受！
135144,761,阮建青,2021-05-03 12:54:22,1,1,0,就这个样子吧
138061,761,阮建青,2021-07-07 08:26:02,2,3,1,上课讲得特别细致特别清楚，非常可爱的老师
138063,761,阮建青,2021-07-07 08:30:42,2,3,1,可能是第一次自己讲微经，很多时候自己都没有理清，最后绩杀
139748,761,阮建青,2021-07-23 08:39:42,1,1,0,呵呵呵
145213,761,阮建青,2021-12-28 08:49:35,0,0,0,。。。
153907,761,阮建青,2022-05-16 13:00:17,2,3,1,教学态度尚可，但教学方法，体系框架，实践经验等方面却不敢恭维，不清楚评论区为何有这些叫好的同学，我的整体感觉是很差，不适合给MBA上课
153909,761,阮建青,2022-05-16 13:02:49,2,3,1,管理经济学上的太差了。\n\n课件老土，教学方法落后\n\n就记得炒股了\n\n学了个寂寞
153912,761,阮建青,2022-05-16 13:12:21,0,1,1,心地善良，课程确实太乱了，串联不起来，无聊，枯燥，不生动\n\n理论有错的，讲授方式亟待提升\n\n不适合MBA，有损浙大形象
153913,761,阮建青,2022-05-16 13:16:25,-2,0,2,客观评价老师很温柔儒雅，但！这个课确实觉得学了个寂寞，同学们课后一聊，都不知道在讲啥、有啥用，理论没记住，实践用不上，时间投入成本倒是很高，上课总能睡倒一片。大家花这么多钱，周末还不休息来上课，蓝码还那么费事，还是想来学点有趣、有用的东西的！
154012,761,阮建青,2022-05-19 05:05:28,-2,2,4,没有课程框架，讲课枯燥乏味，只记得他炒股。其他没有，很多同学都去别的班级蹭课，浪费钱的课！
156153,761,阮建青,2022-06-20 08:42:36,0,1,1,老师呀，慕课自学的章节安排的不太合理呀😢，后面几章不是重点考察的可以线上慕课自学，但是为啥四大市场这种重中之重的难点让学生自学呢，感觉真的需要您亲自讲解啊😭可能是我太笨了，期末复习是真的有点痛苦的。其他没毛病😭😭。
156922,761,阮建青,2022-06-21 10:37:48,3,3,0,很有耐心很温和的老师，给分也算比较高的，不要太苛责他
159011,761,阮建青,2022-07-04 12:45:35,4,4,0,微经，确确实实很催眠，但是我觉得真的教得很好啊，讲得很清晰很通俗了，但主要是老师本身上课就没有什么吸引人的地方吧。确实很肝。但只要好好学，课认真听一下，主要是加强理解、启发思维，但不能依靠听课，一定要好好把书多翻几遍，期末再做点题目，感觉其实绩点也不会差的。
159058,761,阮建青,2022-07-05 08:01:06,2,2,0,平时多来听课，多在老师面前刷脸！（这样你平时分就会高一些）
160514,761,阮建青,2022-09-25 09:22:04,2,2,0,老师可能有点社恐哈哈哈哈哈，但真的是很好很好很好很好很好的老师！
169211,761,阮建青,2023-02-24 16:02:54,3,3,0,农经系本系学生评价：\n\n阮老师是咱们系人品最好的老师之一，借用帅老师的评价“与人非常友善，公共事务像牛一样的干”（帅老师竟然还顺带押了个韵哈哈哈）\n\n作为被阮老师悉心帮助过的学生，直接10分送上~~\n\n看到这的农经系学弟学妹们，以后学业上遇到各种麻烦事都可以找他，请相信他会特别认真地帮助你的。
171829,761,阮建青,2023-04-07 02:40:32,0,0,0,c x
172740,761,阮建青,2023-05-06 02:01:46,3,3,0,老师人也太好了呜呜呜，下课期间走到后面来关心同学们听懂没
173520,761,阮建青,2023-05-27 16:17:52,-6,1,7,家人们谁懂？？？快逃
175831,761,阮建青,2023-06-27 01:55:02,-2,0,2,全靠自觉吧，一学期没听过课自学的，不过老师给分还不错
175833,761,阮建青,2023-06-27 02:01:58,-3,0,3,太能捞了吧，连我这样的人都能捞上来🥺🥺
175838,761,阮建青,2023-06-27 02:21:56,0,3,3,微经，emmm怎么说，老师最后给分很好，但内容是自己补了三四天才考的🤡🤡，讲课很枯燥。总结来说，如果你自学能力很好，选他；自己看不懂的话，看看其他老师把。
175912,761,阮建青,2023-06-27 06:23:25,-1,0,1,非常非常好的老师！老师人真的很温柔很好，很会站在学生的角度考虑问题。虽然说微经讲课可能没有ljq老师那么好，但是依然很有自己的风格特色！给分非常好👍
196670,761,阮建青,2024-07-05 07:37:16,8,9,1,一共四次签到 有几次小作业和6000字小组论文\n\n上课很有自己的风格，感觉讲的也很清晰\n\n就是给分好像没有去年那么好...
196759,761,阮建青,2024-07-05 03:38:02,2,2,0,24年给分确实不好，但除了给分之外老师还是挺好的......根据往年情况推测老师可能是一年给分好，一年给分不好。唉，但是感觉自己非常非常努力了，看到这成绩好难受。
221902,761,阮建青,2025-06-27 09:24:10,0,0,0,是很好的老师，非常儒雅
20644,794,戚译,2016-01-29 09:49:20,-7,10,17,感觉大多数时间还是念PPT 考试很开放 既要求背PPt 又要求听课 平时不听课就完蛋了 反正3.6 还说什么呢
25115,794,戚译,2016-05-05 13:14:04,9,17,8,老师是营销专业最好的老师之一了 上课知识很干货 但是给分确实很实在（也就是不是很高）
28372,794,戚译,2016-06-28 08:41:49,7,9,2,真的是营销系讲得最棒的老师，一百个赞！
37027,794,戚译,2016-11-17 07:04:05,8,10,2,老师蛮好的，做过很多项目，上课满满的干货！
37032,794,戚译,2016-11-17 07:07:51,3,6,3,戚老师真的超有人格魅力 个人觉得是营销最好的老师 并且上他的课很值得 有付出有回报
46521,794,戚译,2017-01-22 01:47:20,9,10,1,给分的确不能说好
49454,794,戚译,2017-04-14 03:18:22,4,6,2,八周的课要做四次小组展示真的是非常非常累啊。选来做个性的我真是悔死了。不过老师讲课还是很棒的。
52074,794,戚译,2017-06-14 12:18:37,3,5,2,老师讲课非常好，营销难得非常有实战经验而且讲课不空有料的老师，很睿智有营销思维的老师，能学到很多东西，推销学大赞，市场营销专业让人最不后悔的老师
54107,794,戚译,2017-06-28 13:11:45,5,7,2,讲课很有激情，听起来很有趣，收获也挺大的。虽然是个工科生，也还算拿了不错的成绩。给老师点个赞?
54740,794,戚译,2017-06-30 06:33:27,4,4,0,不去上课完全就是超级大损失，每堂课都有干货，讲解理论清楚又会搭配实际的案例，把各个节点步骤讲解全面，有系统逻辑.
62513,794,戚译,2017-11-25 14:46:29,2,5,3,思路清晰，提供一整套营销框架
62532,794,戚译,2017-11-26 00:36:37,0,3,3,超nice
70681,794,戚译,2018-01-27 11:18:36,1,3,2,一百分！
70697,794,戚译,2018-01-27 12:01:21,3,4,1,good
102434,794,戚译,2019-02-02 02:38:44,1,3,2,干货确实挺多的，就是作业很多，但是给分感觉不是特别好
116242,794,戚译,2019-09-06 13:35:22,6,6,0,对外国人来说很难而且给分数很低而且普通话不是很标准
146053,794,戚译,2022-01-05 09:14:47,1,2,1,很认同老师的想法，这个课就是要亲手做一些项目，靠背是学不到真东西的！\n\n\n\n作业一定要认真做！会有回报的！
149666,794,戚译,2022-01-16 09:45:01,1,1,0,老师口音重，有点难听懂，绩点真的拉。
149682,794,戚译,2022-01-16 10:40:55,4,4,0,给分绝对出乎你意料，需要惊吓的不妨试试
149858,794,戚译,2022-01-17 10:09:41,3,3,0,目前最低的绩点我也是没话说了 口音难听懂 但是上课一定一定要听课不然期末就完蛋那种
152248,794,戚译,2022-03-31 09:06:27,0,0,0,废话太多，一句话能讲完的，拐弯抹角讲老半天，就像个老油子混时间一样。我们是非全日制研究生，成年人，不是小学僧。
167173,794,戚译,2023-01-15 04:40:25,1,1,0,很不错的老师，上课干货满满讲课有激情有活力，作业是真的多，给分不能说很好但是还可以，推荐
13651,799,姚明龙,2015-12-30 08:34:45,-10,2,12,很不错
14485,799,姚明龙,2016-01-07 08:37:22,11,14,3,我呵呵了
16195,799,姚明龙,2016-01-17 13:06:28,7,10,3,反正不好
19318,799,姚明龙,2016-01-24 01:32:20,-3,4,7,投资银行，讲的水，开卷考，很难。最后给大家往上调分了
19387,799,姚明龙,2017-06-28 18:14:40,-8,4,12,老师讲得很耐心
30290,799,姚明龙,2016-07-01 07:55:29,7,7,0,老师上课讲得不是很有条理 时间节奏把握得不是很好  自己要多看书才行啊 投资学计算题是原题 选择题考得比较细 得仔细看书
38280,799,姚明龙,2016-11-29 05:49:05,-13,0,13,还不错
40093,799,姚明龙,2016-12-29 06:41:30,3,7,4,讲课很随意，PPT呵呵了。感觉老师比较有知识，但是可能不适合教书上课？
45503,799,姚明龙,2017-01-19 15:41:10,-23,4,27,莫名其妙给了我高分，真的不理解\n\n
45559,799,姚明龙,2017-01-19 21:14:53,4,6,2,非常水 拿学分很容易 那成绩很难
61851,799,姚明龙,2017-11-21 08:36:52,10,11,1,ppt都是网上找的，讲课听都听不清楚，很没有责任感的老师，呵呵了。
69742,799,姚明龙,2018-01-25 10:00:30,9,9,0,创了我一年以来最低分
69755,799,姚明龙,2018-01-25 10:23:46,3,4,1,能给3分因为水不然给0分了（围笑）
69781,799,姚明龙,2018-01-25 11:24:07,11,12,1,上课催眠而且没水准 PPT网上下的感觉教学态度有问题 总之 大学以来最不喜欢的老师\n\no(´^｀)o
69790,799,姚明龙,2018-01-25 11:46:13,4,4,0,傻逼老师不多说
69817,799,姚明龙,2018-01-25 13:22:00,9,9,0,老师敢不敢公示成绩组成内容 试卷乱改的吧 给分可能随机数吧
69839,799,姚明龙,2018-01-26 10:11:32,3,3,0,对比隔壁中财某z老师 我感恩您了！
70405,799,姚明龙,2018-01-26 14:43:49,2,2,0,我也觉得这成绩是随机数啊，感觉试卷是乱改的。
81726,799,姚明龙,2018-07-06 04:02:22,2,2,0,上课很无聊，给分也不咋地，可能因为我是外专业的吧
81729,799,姚明龙,2018-07-09 15:35:01,2,2,0,垃圾老师
81732,799,姚明龙,2018-07-06 04:23:57,2,2,0,上课无聊，外专业给分极差，题目全会做最后成绩贼无语，呵呵了
81790,799,姚明龙,2018-07-06 07:30:48,2,2,0,慎选:
85292,799,姚明龙,2018-07-16 23:38:37,1,1,0,很水，外专业的给分也很差，今年几个选来当个性的都挺惨的
88554,799,姚明龙,2018-11-01 08:51:00,1,1,0,sb不解释了
104230,799,姚明龙,2019-03-14 07:44:46,5,5,0,可能分数是随机数生成的吧
112593,799,姚明龙,2019-07-04 21:13:16,2,2,0,真的讲课无条理，而且给分很任性
117588,799,姚明龙,2019-09-27 01:54:02,1,1,0,上课水，而且给分一般
120716,799,姚明龙,2020-01-15 22:03:30,2,2,0,上课水，PPT和上课内容过于精简，考试范围不限于本门课程内容真的绝，最好不要因为是开卷考而选，除非掌握了金融领域的诸多“常识”。老师上课课件没带只能点名，还提前半小时左右下课的课是第一次见，重复讲同一节内容三次是第一次见，考卷上那么多非教授内容的题也是第一次见。总而言之，不可水。
120760,799,姚明龙,2020-01-16 16:28:24,3,3,0,投资银行管理出分了……怎么说老师是真的不调分吧……可以理解试卷出的全是ppt上没有的东西，那拜托你调一下分啊……专业课给分这么低害死人的啊……
145852,799,姚明龙,2022-01-03 10:04:42,8,8,0,我谢谢你，以后叫你姚三高好了(இдஇ; )
148698,799,姚明龙,2022-01-13 08:52:32,4,5,1,渣渣姚，绩杀
161366,799,姚明龙,2022-11-05 07:35:55,0,0,0,菜的我无话可说
161377,799,姚明龙,2022-11-05 10:54:07,0,0,0,真的很垃圾
161754,799,姚明龙,2022-11-12 08:19:44,1,1,0,创业投资分析后面复习听智云的时候单纯觉得这门课挺有意思的
163060,799,姚明龙,2022-12-07 04:41:16,2,2,0,傻逼老师
782,816,周亚庆,2015-03-17 02:15:45,30,42,12,很nice的老师！
1228,816,周亚庆,2015-03-21 16:48:53,22,32,10,给分好 上课给力！
1605,816,周亚庆,2015-03-23 01:35:56,0,4,4,老师很棒，风趣幽默\n\n
1623,816,周亚庆,2015-03-23 02:27:30,-28,18,46,上课还行 看似不刁难人其实看你不顺眼不说而已 给分很随便 我作为组长上课从不睡觉期末题目都做到课后调研什么都是我干的结果绩点还是组员睡觉高 相当自以为是的老师
1806,816,周亚庆,2015-03-25 06:32:56,5,7,2,棒棒哒
1983,816,周亚庆,2015-03-28 02:54:25,43,69,26,很和蔼，讲课备课很认真 评分制度很细，绩点不高一般是你自己在某个方面没有做好。但讲书本比较多，没有很开拓我们的思维，比较容易水水过。
2149,816,周亚庆,2015-04-03 02:29:06,-9,12,21,比较水，讲的内容比较单一，上课个性不强，有点模仿邢以群的感觉
2726,816,周亚庆,2015-05-06 07:35:18,5,7,2,很棒，老师人很好嗒
2930,816,周亚庆,2015-05-11 08:37:21,5,5,0,老师对我们很好哒
3114,816,周亚庆,2015-05-15 01:16:40,5,6,1,人好给分很厚道
3259,816,周亚庆,2017-10-09 05:42:57,23,31,8,上课不水，给分细，期末考很重要。那位说老师自以为是的同学可能是经历了什么不公平待遇吗？他真的确定自己期末都答好了？
3674,816,周亚庆,2015-06-17 02:11:51,64,104,40,老师上现代管理基础课会讲很多案例，而且作业相较于其他老师很少，第六堂课还会做游戏，之后会给我们买水果吃，炒鸡棒！
5292,816,周亚庆,2015-07-06 09:58:08,1,3,2,不错的老师 比较认真
6166,816,周亚庆,2018-06-15 03:41:17,42,50,8,管理学。每次课前复习预习，帮助大家巩固知识，会讲多多的案例，会水水管理群。不会布置太多的作业，但作业都是恰到好处的。讲课清楚，会引导大家发言。好老师
7262,816,周亚庆,2015-09-12 10:25:51,12,15,3,老师很好，但上课有一点无聊。不过作业少，而且努力回答问题就能得高分哦。
7458,816,周亚庆,2015-09-14 12:42:34,4,7,3,唉，不让旁听
8862,816,周亚庆,2015-09-29 05:27:52,-6,22,28,差评，一堂通识课搞这么麻烦，烦死人，哔了狗了，
9299,816,周亚庆,2015-11-20 15:10:54,1,3,2,很不错\n\n
10028,816,周亚庆,2015-11-14 12:51:16,1,2,1,良心好老师
10029,816,周亚庆,2015-11-14 13:20:53,1,2,1,好老师，用活动激发我们的探索乐趣，上课有意思，上得值\n\n
10031,816,周亚庆,2015-11-14 13:52:01,1,2,1,可以可以
10046,816,周亚庆,2015-11-21 13:54:18,7,11,4,一开始看起来有些盛气凌人的样子 其实正式的开始上课时和蔼的很诶 点赞
10067,816,周亚庆,2015-11-15 10:31:23,7,9,2,很贴心的老师
10186,816,周亚庆,2015-11-17 08:43:32,5,5,0,超级棒，给吃又给玩，人超好～
10322,816,周亚庆,2015-11-18 05:28:40,18,21,3,上的现代管理基础，课程任务看起来有点多，做起来倒还好，比较强调预习，上课讲课本内容比较快，会讲很多案例，经常举找对象的例子，第六次课做游戏后有水果吃。
10427,816,周亚庆,2015-11-18 15:02:25,5,5,0,很用心。乐于和同学交流，回答时非常耐心。非常负责的老师。
10428,816,周亚庆,2015-11-18 15:07:33,0,1,1,真心好老师，管理学的第一个老师，人很好，想学一些东西的同学会有收获，谢谢老师\n\n
10515,816,周亚庆,2015-11-19 10:38:14,0,2,2,老师很nice会讲很多事例。不会事情太多也不会很水。给分认真考试多发言之类的就好。值得上的课。
10518,816,周亚庆,2015-11-19 10:52:27,0,1,1,真的超级赞的老师
10540,816,周亚庆,2015-11-19 14:01:30,20,24,4,老师讲课超棒！会讲一些自己工作的案例，放一些有趣的视频，教我们沟通管理的技巧。给分厚道。【如果这是一门J类课就完美了～
10542,816,周亚庆,2015-11-19 14:36:51,3,4,1,老师的现代管理基础超级棒！老师讲解非常风趣 还有很多生动的案例 非常能调动同学们的兴趣 而且还会在最后划重点 超级赞！
10543,816,周亚庆,2015-11-19 14:48:29,0,1,1,真心不错
10552,816,周亚庆,2015-11-19 16:23:28,0,10,10,差点导致我放弃了管理学之路。。课程太过于空洞了，增长点见识可以，然而并不能学到什么有用的东西。我的建议是，这门课可以用来水水分，真正想以此来学管理还差得远呢
10553,816,周亚庆,2015-11-19 23:37:23,0,1,1,评分制度很细 任务很多但是都不算太难 考试简单 给分高 老师上课风趣幽默 会有很多案例和小视频 有时候会做游戏 还自己掏钱给我们买水果吃
10557,816,周亚庆,2015-11-20 01:40:48,1,1,0,真的有水果吃哦，老师很好玩的
10585,816,周亚庆,2015-11-20 08:45:50,4,5,1,老师很不错，上课很幽默，期末复习还会把复习内容发下来，很好
10612,816,周亚庆,2015-11-20 14:45:59,7,7,0,期末考很重要 平时发言几次就行 轻松高绩点
10634,816,周亚庆,2015-11-21 03:49:03,1,1,0,超级好哦
10662,816,周亚庆,2015-11-22 00:22:46,1,1,0,课上不会睡觉。。。棒
10671,816,周亚庆,2015-11-22 07:41:42,12,13,1,老师人很好～上课蛮好玩的～确实能学到很多东西但是并不水～然后上完课后整个班感情也很好跟很多通识课都不一样～
10699,816,周亚庆,2015-11-22 17:08:46,16,18,2,老师人超级好，课程也不仅限于课本，十分注重学生的参与度，会有很多收获。考试看似简单实际上可以体现是否认真去学。长得也很帅！
10844,816,周亚庆,2015-11-23 07:05:49,2,2,0,老师风趣幽默，带动气氛，让管理运用于实际。
11209,816,周亚庆,2015-11-25 08:04:44,0,0,0,给分超棒
11278,816,周亚庆,2015-11-26 07:21:19,0,0,0,给分好。老师人也好
12383,816,周亚庆,2015-12-23 07:15:49,0,1,1,老师很好，上课会叫同学总结回顾上次课的内容。对我来说，给分很好，虽然平时没有回答过问题，可能因为考试分数好吧，绩点也不低。
13038,816,周亚庆,2015-12-24 15:04:09,0,1,1,老师人很好，会给我们做游戏，发水果，上课也很认真，作业不算太多，认真做就可以，给分也很细，不会很水
13197,816,周亚庆,2015-12-25 06:58:06,0,1,1,超级棒的老师！！！
13885,816,周亚庆,2016-01-01 15:07:57,0,1,1,非常好
17062,816,周亚庆,2016-01-19 14:05:26,-2,4,6,给分不好
20678,816,周亚庆,2016-01-29 15:38:59,1,1,0,好老师。超越课本之外讲了很多东西。不足之处是口音稍重。不过这是次要的。
21885,816,周亚庆,2016-03-01 12:10:06,0,0,0,真的不水，不水，不水
22979,816,周亚庆,2016-03-15 16:51:43,3,3,0,周老师人太好了。真的是没说的。课程内容也丰富，除了口音有些不清晰，在我看来就是完美！
24361,816,周亚庆,2016-04-30 02:34:57,2,2,0,好评(･ิϖ･ิ)っ\n\n内容充实，老师的讲授也很有趣，能学到许多知识，绩点也很给力！
24362,816,周亚庆,2016-04-30 02:34:06,0,1,1,炒鸡棒！！！！听过最有用的课，给分也很好。
24363,816,周亚庆,2016-04-30 02:38:32,12,12,0,大写的赞，第一点，课的内容对各个专业的人都很有价值；第二点，上课形式很好，能让人认真听，真正学到东西；第三点，老师赞爆，大大暖男，还有水果发；第四点，嘿嘿，作业不多，给分还超棒.
24364,816,周亚庆,2016-04-30 02:37:06,4,4,0,周老师炒鸡赞！！！上课很有趣！！！会做游戏会有水果！！！
24365,816,周亚庆,2016-04-30 02:40:09,5,6,1,老师讲课讲的很好 给分也不错 但是上课不能玩手机哦 其实第一堂课讲的那些作业 还是能够轻松完成的 不要怕哦
24367,816,周亚庆,2016-04-30 02:47:32,1,1,0,很难说，的确学到不少
24368,816,周亚庆,2017-09-18 14:40:10,8,10,2,虽说管理学比较抽象，但认真学还是能学到东西的。老师要求比较高，但小组学习、读管理经典、听企业家讲座等确实干货满满。还有课上有做与管理有关的游戏，最后的小组请吃水果，一次吃了好多水果hhh。
24370,816,周亚庆,2016-04-30 02:57:30,0,1,1,棒棒哒
24373,816,周亚庆,2016-04-30 03:22:05,2,2,0,很棒的老师，超级有人格魅力，给分也很好，通识课毕竟有正态，但老师是尽量往上提的，大力推荐
24375,816,周亚庆,2016-04-30 03:44:43,8,10,2,第一节课的时候 会觉得这门课条条框框约束很多 后来觉得 一门不水可以真正学到东西的课才有意义吧 老师人很好 规则多但是通情达理 出钱请大家吃水果 玩游戏给最棒的队伍比赛 小组的展示很多很丰富 会认识一群可爱的人
24382,816,周亚庆,2016-04-30 06:49:23,1,1,0,给分很好，就是事情有点多\n\n很不水的一门课，收获也很多
24439,816,周亚庆,2016-04-30 13:53:07,1,1,0,有干货
24662,816,周亚庆,2016-05-03 03:13:47,0,0,0,制度很具体，人很好，给分好。
24820,816,周亚庆,2016-05-04 02:03:30,0,0,0,上课炒鸡认真！
25948,816,周亚庆,2016-07-05 11:26:11,1,1,0,老师好人，给分超级棒～
26653,816,周亚庆,2016-06-20 15:37:05,0,0,0,666
26859,816,周亚庆,2016-06-21 10:55:54,0,0,0,棒棒棒！
27997,816,周亚庆,2016-06-28 07:57:57,0,1,1,老师是个好人\n\n
28165,816,周亚庆,2016-06-28 08:11:29,0,1,1,现代管理基础  一开始会特别严肃地告诉你这门课任务很多很杂不能玩手机什么的，其实只是吓吓我们。人真的不错的，老司机，对感情的了解，对人际处理的看法值得一听
28398,816,周亚庆,2016-06-28 08:49:57,0,0,0,老师挺严格的，不像一般通识那样水水的，但是超级负责，讲的案例也都很生动，认真学会有收获。
29661,816,周亚庆,2016-06-30 06:55:39,1,1,0,老师人很好，很风趣的~
31325,816,周亚庆,2016-07-03 16:06:31,0,0,0,好豪豪
31696,816,周亚庆,2016-07-04 13:53:35,0,9,9,想要绩点慎选
34795,816,周亚庆,2016-10-25 08:33:51,2,3,1,事情很多
35273,816,周亚庆,2016-11-18 03:44:17,1,1,0,很有收获，动不动就开车。要求多，但比其它课好多了，重点是我们班没人挂科
35400,816,周亚庆,2016-11-10 02:57:56,0,0,0,老师会请吃水果。整个学习过程轻松愉快。
35735,816,周亚庆,2016-11-10 07:56:37,1,1,0,能选上老师的课真是幸运，老师人超级好，带着预习复习，期末给复习资料，而且能接触到很多非常有意思的案例，还有老师亲传的追女神秘籍！
35744,816,周亚庆,2016-11-10 07:59:07,1,1,0,棒，超级负责，超级有趣的老师！
35833,816,周亚庆,2016-11-10 08:24:21,0,1,1,好好好老师，学到很多东西
35991,816,周亚庆,2016-11-10 09:40:41,1,1,0,很好的老师哦\n\n
35995,816,周亚庆,2016-11-10 09:43:45,0,0,0,很可爱，讲解很好，很耐心，群里回答很多问题，超赞的！
36138,816,周亚庆,2016-11-10 14:17:43,5,6,1,不是水课，每个礼拜都有事情干，会有线上的学习和测验。但是周老师是个很好的老师，课讲的好，布置了一些小组任务玩得很开心，个人作业压力不是很大的。更精彩的是，课程进行到中后段，老师每节课都分享一下怎么样追女孩子之类的套路嘿嘿嘿。
36227,816,周亚庆,2016-11-11 06:53:27,1,1,0,不是一门水水就能敷衍过去的课，课下要花一点时间预习复习。给分制度很严谨，当然老师也不会为难大家的。有一次课还做了游戏，挺有意思的。总之这不是门水课，认真学能学到挺多东西嗯。
36270,816,周亚庆,2016-11-11 11:21:02,3,3,0,很负责的老师，讲的东西一辈子受用！上课很幽默！让你不知不觉中提高管理素养！
36397,816,周亚庆,2016-11-13 01:49:02,0,0,0,好好学会有干货。 平时作业看起来多，但是好好完成会对最后的考试有些帮助。老师人也很幽默，其中有节课会有水果吃。感觉老师非常好
36462,816,周亚庆,2016-11-14 02:49:09,0,0,0,老师讲课非常好 会讲很多案例 可以学到很多东西
36639,816,周亚庆,2016-11-15 07:08:07,1,2,1,虽然需要点名、但是课讲的挺好，人也超好
37125,816,周亚庆,2016-11-17 13:33:57,1,1,0,老师超级超级棒\n\n
37231,816,周亚庆,2016-11-18 03:23:13,1,2,1,老师讲的超级好，给分赞
37236,816,周亚庆,2016-11-18 03:47:19,2,2,0,周老师真的超级超级超级帅！很风趣很好玩。\n\n给分很明确，很有标准，只要你肯认真学就一定能学的很好。如果绩点不大高很有可能就是你有一方面做的不好。
37270,816,周亚庆,2016-11-18 06:32:08,4,4,0,周老师人很好，课也很好，第一节课会吓退不少人。每节课后要做MOOC和小练习，看一遍课本和PPT一般就没问题。
37351,816,周亚庆,2016-11-18 12:03:15,3,5,2,世界上还会有比周老师更有趣的老师吗？反正我还没见过。课程的途中作业量还是有一点点的，但是完全不影响我对这门课的喜欢。（课上会讲很多恋爱技巧....此处想加表情）游戏好好玩，还有水果吃。考前认真复习，都是很简单的
37496,816,周亚庆,2016-11-19 06:35:53,2,2,0,超级棒，讲课非常有意思，人很好，干货很多
37499,816,周亚庆,2016-11-19 06:41:27,3,3,0,老师上课很有趣(/ω＼)\n\n上课没发言的我绩点也不低辣|ω･`)
37531,816,周亚庆,2016-11-19 09:18:13,2,2,0,很生动，会讲案例，老师特别好，给分也很好?
37539,816,周亚庆,2016-11-19 09:54:29,4,5,1,讲得好，给分高，还请吃水果。这种老师不给10分我良心都过不去
37540,816,周亚庆,2016-11-19 09:55:45,3,6,3,老师是一个...老司机......\n\n上课会开车?
37595,816,周亚庆,2016-11-19 14:45:26,-1,0,1,讲课不紧不慢，知识乏味但听课一点不乏。给分感人 (-^〇^-)
37682,816,周亚庆,2016-11-21 06:00:46,43,51,8,攒人品，为之后选课的同学说一说情况~\n\n每节课要领名字牌，相当于节节课点名，想要翘课的请不要选。\n\n稳定每周都有作业，看视频和ppt，偶尔要写点感想，但是没有大论文。要上网做题目，每周10道，每道0.5分，计入最终成绩。想要高分平时就得努力。\n\n期末闭卷，满分30，三道大题要认真复习，一道五分伤不起。会发复习资料，但是不够，还要看书，老师会大概说下哪些章节比较重要。复习一两天闭卷可以满分。\n\n就内容而言，讲课挺有趣，时不时教大家如何追妹子，不允许上课玩手机，但是不禁止上课坐后排谈恋爱……原话是选中同一门课不容易，所以……\n\n上课还会玩游戏，互坑吧各位XD
38001,816,周亚庆,2016-11-23 03:37:39,3,3,0,老师人很好给分更好，以为要挂的我居然拿了4.5！老师还会水群，给买水果
38695,816,周亚庆,2016-12-15 02:37:52,0,3,3,(现代管理基础)讲的很有趣，课不水，努力就有高绩点，不怕被正态。学的东西很有用。
38934,816,周亚庆,2016-12-20 02:21:12,3,3,0,亚庆哥哥上课很认真，人很好很负责，解答同学问题很耐心上课也挺风趣，模拟商业还会给同学买水果吃。虽然平时事情比较多还有mooc，但毕竟学分2分。据说管院课程都不水但好好听觉得有收获！
38996,816,周亚庆,2016-12-20 11:02:22,1,1,0,能学到东西
39861,816,周亚庆,2016-12-28 04:53:09,2,2,0,给分好，很客观
45213,816,周亚庆,2017-01-19 07:12:15,10,11,1,又半个学期过去，发现这门课的绩点是我这学期的顶峰，发现之后的课程班级再没有这样融洽的同学关系，发现再没有遇到这样细心为考试准备复习资料的老师......说实话在这门课上能学到的东西不多，不过有几节现代爱情玄学课血赚不亏（*/∇＼*）。认真对待的话，给分不会差。
49183,816,周亚庆,2017-03-28 23:25:57,8,9,1,说真的事情还是不少的，但是这么好，这么平易近人的老师还是头一次遇到，一定要选！
50580,816,周亚庆,2017-05-03 15:44:51,-3,1,4,第一次给老师评分，一定要给老师满起来，像我这种水水的人也学到了很多东西，绩点4.5真的很感动～别看事多但选了真不后悔
50598,816,周亚庆,2017-05-03 23:44:46,0,0,0,能完成现管作业并取得不错的成绩，可以称得上一个优秀的自我管理者了
50603,816,周亚庆,2017-05-04 00:17:28,0,0,0,很好的
50636,816,周亚庆,2017-05-04 03:15:26,0,0,0,老师真的是个超好的人，作业错过上传时间会自己帮我批，事情的确挺多但收获很大，能认识一帮很棒的人。
50877,816,周亚庆,2017-05-08 00:55:50,0,0,0,还算好吧 事情感觉不多 期末考试很难受 但是占比低 平时mook做好就行
51418,816,周亚庆,2017-06-05 08:30:21,0,3,3,怎么说呢？只有一个感觉，邢以群老师讲的好！
52053,816,周亚庆,2017-06-14 10:50:22,0,1,1,老师很谦虚，上课有收获。
57882,816,周亚庆,2017-07-16 16:27:21,0,1,1,很喜欢这个老师，不讲空洞理论和大道理，传授的是朴实无华的经验。关于给分，认真完成任务不会分低。
61640,816,周亚庆,2017-11-19 13:56:32,21,32,11,呵呵，我就是性格内向不爱在人面前表现，上课认真听认真复习，mooc认真做，闭卷考试考的也不错，结果就被正态了。我想过为什么我通识老是被正态，后来想明白了，在浙大上通识，性格内向活该被正态，脸皮越厚越好，好好让老师让众人认识你。
61641,816,周亚庆,2017-11-19 13:57:56,0,1,1,老师真的超级棒，给分很好很好，平时认真一些就没问题
61642,816,周亚庆,2017-11-19 14:00:37,-2,2,4,老师超好的，就是可惜没满绩…感觉我超认真的
61653,816,周亚庆,2017-11-19 16:21:03,0,1,1,有水果吃\n\n\n\n
61655,816,周亚庆,2017-11-19 23:26:13,1,2,1,看起来平时事情比较多，但是负担不是太大。评分细则制定的非常细，只要平时好好做事，绩点很高。内容对日常生活帮助很大，很有意义的一堂课，值得花时间听。
61664,816,周亚庆,2017-11-20 03:12:10,0,1,1,能学到东西，挺满意的\n\n
63109,816,周亚庆,2017-11-28 10:08:48,0,1,1,老师很幽默，评分真是公正公开，上课还吃过水果，给分很高
65983,816,周亚庆,2018-01-10 15:35:12,-1,0,1,老师很好！很喜欢！
66364,816,周亚庆,2018-01-15 11:44:32,-1,0,1,老师真的超级好啊啊啊啊啊啊\n\n
66393,816,周亚庆,2018-01-16 01:31:42,2,4,2,上的老师的现代管理基础。老师上课要求很严格，不能玩手机、电脑，并且第一节课会表现的不太友好，以达到劝退一波人的目的? 其实老师还是很善良的，讲课幽默风趣，内容充实，即使不动手机也不会觉得时间难熬，他还会时不时给我们讲恋爱技巧[老师恋爱观超正]，课堂上还会有小游戏做，会贴钱给全班买水果吃。平时的每章测验、个人/小组作业也没有想象中那么难完成，稍微花点时间就可以。总之上过这门课后我收获了很多知识，给老师打call！
70548,816,周亚庆,2018-01-27 07:50:39,-2,0,2,满了，感恩！
70556,816,周亚庆,2018-01-27 07:57:34,0,1,1,老师给分很不错，但是每节课都不能水，因为每节课都要考试...所以考前还是要看一看的....事情是比较多的，不过管理学大多这样吧。在小组调研中自觉也收获了很多。
71227,816,周亚庆,2018-01-28 07:26:06,-9,4,13,大学第一门满绩，虽然没有当组长，但是有很用心地在做小组作业和准备小测，所以一份付出一份回报。老师的优点如下：\n\n1.评分比较公开透明\n\n2.人非常亲和\n\n3.小测是开卷\n\n4.喜欢讲和恋爱有关的事\n\n但是感觉学到的干货不多，可能是管理学这门课的性质决定的吧
71331,816,周亚庆,2018-01-28 09:58:24,0,1,1,确实不错
71983,816,周亚庆,2018-01-29 07:22:04,1,3,2,很可爱的老师啊!上课经常牵红线!\n\n真的是上一门课，学一门知识，结识一些朋友啊!\n\n老师很棒棒!上课也很好玩，最后4.8满足
77866,816,周亚庆,2018-05-08 08:52:05,3,3,0,侧脸神似马化腾…
80454,816,周亚庆,2018-06-26 16:24:40,3,18,15,一定要当组长，当不了组长也要讨好组长，互评的时候组长愿意给你高分就给你高分，不愿意给你你也没话说，这门课真的算是一个小社会了。
83728,816,周亚庆,2018-07-11 06:07:51,1,1,0,我男神
87734,816,周亚庆,2018-10-11 02:47:52,0,0,0,给分还可以吧，可能笔试不太好我，作业小事情很多，而且座位前排真的不划算。
89476,816,周亚庆,2018-11-19 08:59:12,0,0,0,还是很棒的，人很好，也会教很多报告的东西。\n\n
89559,816,周亚庆,2018-11-19 14:30:53,0,0,0,慕名而来 第一节课 内容很感兴趣 但是不迟到对于一个5点半下课还不一定挤到校车的玉泉老狗来说真的做不到啊(╥╯﹏╰╥)ง
90301,816,周亚庆,2018-11-23 05:04:47,0,0,0,超棒的老师，认真学下来能学到不少东西，而且我会告诉你老师还会请大家吃水果吗？这门课的话并不水，任务也不少，想水过通识的还是自行绕道吧。
90421,816,周亚庆,2018-11-23 12:27:16,2,2,0,老师人很好，课是真心不水，每章都有小测，大概每次复习一小时再去测。时间确实要花很多，但是最后所有的付出都会回报在分数里。
91851,816,周亚庆,2018-12-23 04:24:49,3,3,0,一学期七门课，唯独这门给十分好评，感谢周老师
93961,816,周亚庆,2019-01-14 13:03:44,2,2,0,不是水课，认真听真的有收获，刚刚结课还有点不舍
93988,816,周亚庆,2019-01-14 15:11:14,2,2,0,不舍+1(´°̥̥̥̥̥̥̥̥ω°̥̥̥̥̥̥̥̥｀)
99003,816,周亚庆,2019-01-24 06:47:08,5,21,16,小组讨论的时候或者合作的时候坐在组长旁边，不然到时候算个人贡献有些组长就会真的很细致的把每次参与度算进去，最后活生生用数学计算和对组员熟悉程度把个人贡献拉的差距很大，实际上大家也并没有贡献差很多，懂我的意思吧，0.9和1.1乘上好几十分，最后再正态一下，你受不起。还有，平时每章小测别听老师的闭卷，是我觉得这门课氛围很好，太诚实，真的没翻课本，后来才发现大家都在开卷，老师只是嘴上说说闭卷，搞得我平时分比别人差了一大块。总结两句话，能看书就别靠记忆做小测，能和组长混熟或者多水点小组贡献就多去搞，一位通识课除了通核就是本门最低的菜鸡路过
99022,816,周亚庆,2019-01-24 07:09:34,-3,11,14,楼上，我觉得很奇怪的就是一点，组内分配按照每次参与情况细致记录分配不公平吗？你的意思是毛估估？那毛估估不还是看脸不脸熟？我就不懂这个逻辑ʘᴗʘ……有点矛盾？
100013,816,周亚庆,2019-01-25 12:39:29,4,4,0,给分挺好的
100025,816,周亚庆,2019-01-25 12:55:45,3,3,0,管理学.事情很多.可是结课了又有点舍不得.老师是个非常非常棒的老师！给分也好！
100045,816,周亚庆,2019-01-25 13:13:05,2,3,1,首先管理学是一门非常非常不水的课，一个学期下来好几个展示，而且每一个都要花心思去做(不得不说这门课上的同学都优秀的可怕)，但好好做给分还是很好的。然后周老师上课超级可爱，在沟通技巧那一讲讲的恋爱知识让人印象真的很深刻，大学里收获最大的一门课！
104075,816,周亚庆,2019-03-11 13:00:59,2,8,6,从来没有这么感到压抑过，不知道是管理学这么可怕还是学管理学的人这么可怕，虽然可能是自己不善言辞的原因，不过我感觉过誉了
104680,816,周亚庆,2019-03-26 03:05:13,0,1,1,认真负责的老师
104972,816,周亚庆,2019-04-01 11:15:23,5,7,2,无法理解一门通识课事情为什么这么多。\n\n
105324,816,周亚庆,2019-04-10 03:07:20,0,5,5,看评分这么高才选的这老师的课，后悔死我了。事情太多太多了，比大一上的管理学还要多事，每个星期都有作业，规定必须大家都要在mooc发言十次balabala，好烦，感觉太形式了。而且都是学生在讲，我更想听老师讲
105498,816,周亚庆,2019-04-15 12:33:43,4,5,1,事情太多太多了，每周都有超级可怕的作业。一直是让同学们展示，老师您讲的挺好的，我希望您讲！
105500,816,周亚庆,2019-04-15 13:07:44,-3,1,4,每节课必拖堂
105768,816,周亚庆,2019-04-20 08:11:29,0,2,2,周老师超级关心学生
107025,816,周亚庆,2019-05-01 02:26:37,0,0,0,老师是好老师！毋庸置疑！事情是真的有点多，但是确实是不一样的体验
107125,816,周亚庆,2019-05-02 00:17:05,4,4,0,事情zei多.通识课不值得花很多时间，但是这门课事情就是多.老师人很好，但是课程本身不咋样
108655,816,周亚庆,2019-05-30 12:56:37,-21,2,23,真是个垃圾 他特别讨厌留学生 一直让同学们回答问题
114490,816,周亚庆,2019-07-10 05:34:26,3,3,0,极度硬核，收获颇丰，推荐，不推荐
117438,816,周亚庆,2019-09-24 09:48:32,0,1,1,人有趣，课一般\n\n
119837,816,周亚庆,2019-11-16 03:48:55,1,3,2,课的内容很丰富。作业巨多，8次mooc小测（5min10道有点难的选择题），1次期末闭卷考，一篇读书报告，一次一周计划制订，还有小组决策报告____\n\n给分的话。。。我小组系数被评了0.9不到，mooc小测平均下来4分不到（满分5分），报告啥的认真写。。。最后绩点3.9。。。应该还行吧____\n\n想拿高分就当组长，当组长，当组长，和组长搞好关系，把其他组员。。
119858,816,周亚庆,2019-11-16 09:35:03,1,1,0,一级棒的老师，教学方式无与伦比！！
119869,816,周亚庆,2019-11-16 11:52:04,-1,0,1,比预计绩点低了好多
119872,816,周亚庆,2019-11-16 12:23:45,0,0,0,，xz
121301,816,周亚庆,2019-12-23 07:43:53,0,0,0,认认真真的听认认真真写作业，小测也几乎每次满分或接近满分，期末成绩不知，最后3.9卡绩，但是同学互评真的很有问题，课堂不能玩手机，内容有的时候有趣，可以看有意思的视频，有的时候是念ppt
121464,816,周亚庆,2019-12-16 02:52:43,2,2,0,是我目前为止收获最大的通识课
126999,816,周亚庆,2020-11-02 05:16:22,4,4,0,真的这么好吗？我醉了
127164,816,周亚庆,2020-11-11 11:50:38,1,2,1,我觉得没这么好
127199,816,周亚庆,2020-11-12 13:55:09,0,1,1,周老师讲课很好！是我学到最多的一门通识课了！还给我们买水果吃！越看越帅！赞！
128779,816,周亚庆,2020-12-25 09:24:05,0,2,2,管院实在太有钱了，博弈游戏给全班买了水果……
132327,816,周亚庆,2021-01-31 17:53:03,1,1,0,讲的好，给分高，人还帅，爱了爱了
135249,816,周亚庆,2021-05-06 23:14:24,-1,1,2,上的老师的现代管理基础，怎么说呢，这门课是真的知识点多，每次预习我都痛不欲生，而且看了一遍感觉跟没看一样，痛苦。老师讲课很有趣，并且很独特，我感觉学到了新的思想。作业与一般通识课相比较多，但认真写写也还行。给分挺好的，我上课几乎没发过言，但绩点我个人感觉还不错。
136071,816,周亚庆,2021-06-10 16:22:06,2,2,0,老师的现代管理基础很有意思，认真学是能学到东西的，当然划水也很容易；\n\n每堂课会有5-10min的线上测试，都能找到答案（建议提前找好存word）；\n\n会有两次作业，一次是一周计划的实施反馈心得，一次是期末的课程总结（这个我大概写了一千字左右），都不是论文形式，而且是同学互评；\n\n课上是小组形式，一个小组坐一起，所以虽然不点名，但是老师能看到哪个组少人；\n\n有一次小组pre，不难（我印象中就一次，但是我干活少，可能有其他的我忘了）；\n\n线下、线上发言分别算5分，我线下没发言，但是也有4.8，发言就是回答问题就好了（可以照书读，书上都有）；\n\n有一次游戏，老师会给我们买水果吃，会给赢的小组买书（自己买书他报销）；\n\n我们小组气氛很好，我直接全程被带飞；\n\n总之吹爆老师，吹爆我的组长和组员。
137952,816,周亚庆,2021-07-07 00:36:36,2,2,0,讲得很有意思哇！除了管理还会讲婚姻恋爱，第六节课还请我们吃水果！超级棒
141430,816,周亚庆,2021-10-08 13:04:52,-15,2,17,群居终日，言不及义，好行小慧，难矣哉！
142916,816,周亚庆,2021-11-17 10:30:09,0,1,1,现代管理基础\n\n平时事情不多\n\n考试多但是不难（每次十个选择题 五分钟\n\n老师人好 讲课有意思\n\n没费什么力气4.5+还是蛮轻松的
143573,816,周亚庆,2021-11-27 09:41:21,0,0,0,偶尔拖堂严重。
146469,816,周亚庆,2022-01-06 15:40:19,6,6,0,个人感觉事会有点多。两次作业，一份时间计划表，一份课程报告。剩下的基本上都是和小组共同完成的作业。但是老师讲课是很有趣的，给分也特别好，比我预想的要高。作为一名工科生，老师这门课算是给我打开了管理学的大门，还教了我很多非常实用的知识，非常感谢老师，也非常幸运能够遇到很好的课友、队友。
148451,816,周亚庆,2022-01-12 13:18:24,2,4,2,周老师真的是我认为我身边最最最最好的管理学老师了！！！这么说吧，老师上课是真的很认真的在用幽默的方式教我们管理的知识，而不是不停的排小组节目，在一个学期的管理学课程中我真的学到了很多管理知识。老师平时感觉有点严，但是期末其实都会捞大家，大家分数都是高的！如果你是真的想学习知识的，请选择周亚庆老师！划水选手请绕道～！如果我之后修完学分的话，我会愿意再上一次周老师的管理学！
152184,816,周亚庆,2022-03-29 14:53:23,1,3,2,50块钱真香！
153184,816,周亚庆,2022-04-26 12:40:29,3,3,0,给分巨好，有一次作业互评没做还拿到了不错的绩点，他真的我哭死
153262,816,周亚庆,2022-04-27 07:51:44,1,1,0,社恐人以为快要亡了，但是给分真的好。。。
160100,816,周亚庆,2022-09-13 07:22:05,0,0,0,有趣的课，有趣的老师
161933,816,周亚庆,2022-11-15 06:37:42,42,43,1,【现代管理基础】\n\n希望对选课的人有帮助。\n\n我是97满绩\n\n这门课事情巨多，同时给分巨好。\n\n任务有：每章慕课测试，每次测试占总评五分。共八次，共四十分，不调分，开卷。\n\n两次慕课大作业，写个人计划表，和课程总结，每次大作业占总评10分，采用班级慕课上互评。但低于8分，老师会重新把你的作业拉出来看（这就是为什么最后总评出分很慢），会适当提分。会有同学在互评的时候进行恶意低分，我第二次作业就被一个同学恶意低分了，只给我打了6分。由于是去最高和最低再算平均，所以我还是满分。除了那个六分，其他同学都是给我10分。\n\n两次课程小组作业展示。第一次是小组的介绍展示（要有小组的介绍和小组内评价系数的分配规则），第二次展示是模拟决策汇报展示。模拟决策是会有一次课进行模拟决策，两个不同的小组之间进行模拟公司交易，在交易过程中可以选择合作或者背叛。最后会获得一个金额，然后全班内各组排名，最高的那个组老师每人送一本书，最低的有惩罚，这次那一组选择了发红包，发了100元。这两次展示每次10分。共20分。20分乘以小组系数就是个人在小组作业当中的评分。\n\n然后课堂发言5分，慕课发言5分，而且慕课要刷视频。这个十分不严格，老师一般会给比较高。\n\n然后最后一次课在课堂上，进行期末测试，全是单选选择题，共20题，平台使用的是学在浙大平台（开卷可以翻书）。我在这个地方卷了，考前一个下午把整个书过了一遍，就是把重点划一下，留个印象。不建议提早准备。最好就是考前几小时准备，不然忘太快了。考的题目很多都是我认为的重点，所以我这个地方分数很高。这个地方期末占比10分，且不调分。\n\n周老师第一节会很凶，把那种模棱两可觉得事情多的学生吓跑，第一次上完课之后退课的人目测有十几个。然后选课人数固定完之后，老师又很祥和了。\n\n这门课，干货很多，我学得很认真，所以成绩不错。同时我们组内氛围很好，大家都在努力把小组作业做好，收获了同学情谊！
161934,816,周亚庆,2022-11-15 06:38:22,0,0,0,给分好，好老师
161952,816,周亚庆,2022-11-15 10:31:29,0,0,0,挺好的，给分也好
162261,816,周亚庆,2022-11-18 13:46:01,1,1,0,认真上课，上课也很开心，绩点有点失望
164225,816,周亚庆,2022-12-19 12:05:24,2,2,0,很好的老师
172610,816,周亚庆,2023-05-02 04:05:05,5,5,0,很好的老师，小组贡献倒数，平时测试也扣好多还有4+
174453,816,周亚庆,2023-06-12 10:16:34,7,7,0,问：这门课学什么？\n\n答：很难说\n\n问：那老师怎么样？\n\n答：老师最喜欢有趣QVQ
176532,816,周亚庆,2023-06-29 08:07:59,3,3,0,符合我对管理学的想象。
180144,816,周亚庆,2023-09-20 11:18:49,0,0,0,很欧克
180470,816,周亚庆,2023-09-22 01:15:50,0,0,0,最后还发大红包。
181755,816,周亚庆,2023-10-31 04:06:11,0,0,0,哈哈哈，全班买水果
181760,816,周亚庆,2023-10-31 05:28:07,3,3,0,周老师人超好，会给大家玩模拟策略小游戏，还会给大家买水果吃。上课的内容也很实用，小组讨论学习较多
182883,816,周亚庆,2023-11-21 02:38:19,2,2,0,满啦，很好的老师，现代管理基础收获很多，结课好不舍，作业看清要求，多发言很好拿高分的。
188390,816,周亚庆,2024-01-19 01:44:11,0,1,1,给分超好，我这种不发言的人都有89，选他，狠狠地选他
188404,816,周亚庆,2024-01-19 02:23:14,2,4,2,呵呵，绩杀
188738,816,周亚庆,2024-01-19 18:03:22,0,0,0,周老师人很好，管理学确实学不到什么具体的东西，但老师给课堂带来了很多快乐，我们小组氛围也很好，整个班级氛围都很赞。最后还发了一个大红包，还给我们全班买了水果(因为一个小游戏)，
189597,816,周亚庆,2024-01-25 14:47:54,0,1,1,事情真的很多…但老师人还是不错的
195927,816,周亚庆,2024-07-01 01:41:09,0,0,0,B事太多了
211072,816,周亚庆,2025-01-10 13:14:38,0,1,1,发言一次，小组贡献率中游，平时作业好好写，小测好好准备，最后4.8。事儿还是挺多的，但给分也不错
212030,816,周亚庆,2025-01-13 05:14:32,0,0,0,事不算很多，给分不错\n\n有次互评忘了，老师给了大家弥补的机会，很有人文关怀～\n\n可选
212404,816,周亚庆,2025-01-14 03:13:07,3,3,0,现代管理基础这门课本身比较硬，事情也挺多挺烦的，想水通识的同学可以绕行一下\n\n但是认真学的话可以学到很多知识，而且老师本身也很有学识和人文关怀，课堂形式也很丰富，老师会给游戏中胜出的小组买书，后面也有水果吃\n\n想拿高分的话需要在小组中积极一点，小组的贡献评价分占比还是很大的；全勤2分，课堂发言占3分，发言一次就有一分，卷发言但不恶竞；mooc要刷时长和评论，这个水水过就能拿满对应的分数；小测开卷，不过比较难找（可以提前去搜搜题库）；10分的一周计划和10分的结课感想由同学互评（这个大家都是默契给满分的）\n\n总体而言是比较硬的通识，不好水，能学到真知识
215169,816,周亚庆,2025-02-23 12:25:16,1,1,0,这老师凭什么这么高分，明明是个绩杀
215710,816,周亚庆,2025-03-04 13:17:08,0,0,0,水，柠檬酸了
275,899,邢以群,2015-03-14 23:54:13,-7,14,21,郉老师上的管理咨询是MBA学生都应该选的课才是，作为选修，他上课的思路清晰，由浅入深，漂亮的板书，赞！
448,899,邢以群,2015-03-15 02:35:27,34,52,18,课程非常有吸引力！推荐大家都去选。学到就是赚到！
2326,899,邢以群,2017-09-05 05:34:18,8,17,9,老师很严厉
3639,899,邢以群,2015-06-17 01:57:03,57,82,25,老师上得超棒，值得一听
6407,899,邢以群,2015-07-13 16:50:42,32,40,8,严厉！有学识！
6409,899,邢以群,2018-03-10 07:27:43,0,10,10,上课知识讲得很多学得很多 但是在所有管理学老师中光法最低
7729,899,邢以群,2015-09-15 11:05:17,0,7,7,收获很大 讲课有激情 风趣
8601,899,邢以群,2015-09-23 05:06:25,0,7,7,上课有激情
9976,899,邢以群,2015-11-13 16:16:28,28,41,13,我是大一修的他的管理学，一句话，他就是给我零分我也要选他，课上得太！好！了！
10033,899,邢以群,2015-11-14 14:22:06,8,13,5,真的能学到很多东西！
10713,899,邢以群,2015-11-23 02:52:45,3,9,6,great
10908,899,邢以群,2015-11-23 08:54:26,-6,7,13,收获很多。感觉老师魅力爆棚
11188,899,邢以群,2015-11-25 06:02:43,-22,9,31,整天上课就是扯淡，给的分低，内容没什么新意
16020,899,邢以群,2016-01-23 01:24:33,18,35,17,给分很不好 奉劝大一的同学别选他的课 旁听还是挺好的
19588,899,邢以群,2016-01-25 00:30:53,1,8,7,上课超级棒，每周一论也超级有用，给分也不错，有付出就有回报~大一上最不水的课！！
19845,899,邢以群,2016-01-25 11:33:17,10,16,6,老师很和蔼耐心 上课很用心 不过管理学这门课挺麻烦的 真正学到的很难说有多少 给分只能说挺合理透明的  付出多少收获多少
20946,899,邢以群,2016-02-05 01:37:47,9,15,6,不仅学到管理学知识，更有很多为人处事的学问。给分公正，一分耕耘一分收获。
22071,899,邢以群,2016-03-02 08:52:57,0,5,5,非常好的老师，作业布置的量不多不少，但都是真正锻炼人的。上课讲得很好很好，学到了超级多实用的知识。管理，确实是不管哪里都需要用到的东西。选上邢老师的课太幸运。
22841,899,邢以群,2016-03-13 10:42:33,4,9,5,事情很多，给分一般般
31235,899,邢以群,2016-07-03 12:27:38,0,2,2,相比于其他管理学老师 布置的作业适量 投入产出比较高 老师很有学识和教授知识的能力 上课时很有激情也很幽默
33097,899,邢以群,2016-09-12 16:54:45,-7,4,11,上课有点水 给分不高
33329,899,邢以群,2016-09-18 08:00:18,-6,1,7,啦啦啦
33627,899,邢以群,2017-05-02 11:24:00,18,25,7,给分太低了
34360,899,邢以群,2016-10-07 02:17:58,4,8,4,上课真心好，作业真心多.
34411,899,邢以群,2016-10-10 02:47:53,1,3,2,很幽默风趣！很实用！赞一个！
35199,899,邢以群,2016-11-05 01:54:07,3,5,2,作业多，但上课真心有意思！
35294,899,邢以群,2016-11-07 15:18:06,2,5,3,大一到目前为止最有收获的一门课。喜欢这个老师。
35334,899,邢以群,2016-11-08 13:14:06,4,7,3,老师讲的真的很有感触，对自己以后生活，很有帮助，而且布置的作业很锻炼能力，鼓励选这个老师动物课
35411,899,邢以群,2016-12-29 09:04:08,0,2,2,好老师\n\n
35461,899,邢以群,2016-11-10 07:18:46,6,9,3,值得满分的老师\n\n在他课上能学到一些课外知识\n\n教也教的很好\n\n管理学嘛，规则多了点哈哈\n\n但是，极力推荐！
35631,899,邢以群,2016-11-10 07:36:07,-1,3,4,讲得真心不错，作业真心多
35785,899,邢以群,2016-11-10 08:09:25,1,2,1,事情略多，给分一般，但是课上得不错
35989,899,邢以群,2017-11-19 03:46:09,0,10,10,因为上了管理学，对整个管理学院都失去了兴趣。有时候讲课很精彩，但更多的时候很无聊，我唯一会睡觉的课。
36098,899,邢以群,2016-11-18 01:28:06,15,21,6,给分超低的体验
36105,899,邢以群,2016-11-10 12:31:13,3,6,3,强烈推荐大家当他的课代表~
36106,899,邢以群,2016-11-10 12:33:10,16,21,5,虽然平均评分有点低，但是只要好好学，分绝对不低，评分公平…强烈安利，能学到很多东西~
36165,899,邢以群,2016-11-10 16:46:16,-5,1,6,哈哈哈
36272,899,邢以群,2016-11-11 11:48:06,4,7,3,老师上课很赞，我上过的最有意义的通识课。
37150,899,邢以群,2016-11-17 15:20:08,7,9,2,真的能学到很多东西，但是作业很多，给分也不高
37174,899,邢以群,2016-11-17 22:59:42,5,7,2,虽然书本知识考完就忘，但有很多东西让我深感触动，受益匪浅。这门课简直是我大一上一堆水课中的清流。
37175,899,邢以群,2016-11-17 23:28:45,0,1,1,作业考试太多
37186,899,邢以群,2016-11-18 00:48:31,3,6,3,老师很好，讲的东西也很有道理。但是如果你想水课的话千万不要选，因为事情很多。
37821,899,邢以群,2016-11-21 08:11:26,35,52,17,邢老师讲课没得说，博识而且很精通管理，去听一听真的十分十分有意义！！可是问题还有很多的，作业太多太多了已经是一个巨大的负担了，管理太严格各种ddl...分明没有时间的大学生活被弄的更加紧张，每次小组会议都要留在半夜十一点半完成，最后有个考试真的是什么也不会...毕竟我们第一届翻转课堂就当试验品了吧...不过这种形式真的让学生负担太大了...其实希望邢老师能看到，并做出一点改变！
38049,899,邢以群,2016-11-23 15:31:25,3,5,2,事很多……分很低……
39005,899,邢以群,2017-01-22 15:18:13,-6,1,7,太棒了！多少付出多少收获。
39129,899,邢以群,2016-12-23 03:26:42,3,3,0,魔性声音
44626,899,邢以群,2017-01-18 04:47:43,0,0,0,上课讲的超好!能学到东西\n\n
46868,899,邢以群,2017-01-22 14:42:19,-1,1,2,五分给老师 讲得有意思 但是翻转课堂…0分?无fuck可说 每星期花这么多时间网上做题期末闭卷 ?呵呵?我有一句妈卖批一定要讲???
46907,899,邢以群,2017-01-23 01:14:41,5,8,3,老师不错，给分不好，考试gg，mooc卵用。
47311,899,邢以群,2017-01-25 07:28:19,0,1,1,老师讲课认真，授课方式很特别，能学到真东西，
47803,899,邢以群,2017-02-25 06:39:24,0,0,0,上课挺有趣的，我上的是现代管理基础。虽然这门课相比别的通识，不是很水，但是真的每节课都能学到很多东西，还是推荐大家去上。
48036,899,邢以群,2017-02-28 06:00:48,0,0,0,给分要靠自己考试和平时作业，平时老师会讲很多实用的东西。
48211,899,邢以群,2017-03-01 08:15:33,1,1,0,上课超好干货超多 任务有点重但是能学到很多 期末考闭卷但是占比很小大家都差不多主要看平时 只要认真做 给分超级好的 感觉老师就是智慧的化身 表白邢以群男神
48248,899,邢以群,2017-03-01 11:59:12,0,0,0,不错的老师
49652,899,邢以群,2017-04-22 01:47:06,0,0,0,人精\n\n赞\n\n但是任务太重
50310,899,邢以群,2017-05-02 09:59:41,0,0,0,课堂还行\n\n
50332,899,邢以群,2017-05-02 11:28:40,-2,1,3,弱爆了，建议退课
50359,899,邢以群,2017-05-02 12:30:40,0,2,2,讲道理上课没有那么好，前两节课感觉很干，后面就是划水讲废话吹牛逼，当然老师自身很厉害。事情贼多就不说了，给分真的迷
50418,899,邢以群,2017-05-03 00:16:02,3,6,3,想划水的建议退课，认真学能学到很多，助你走上人生巅峰，老师在外面讲课很贵，给分也不错
50423,899,邢以群,2017-05-03 00:34:30,3,5,2,事情贼多，期末考试贼恶心，给分呵呵哒，2分通识课3.0你问我什么感受
50440,899,邢以群,2017-05-03 02:11:16,5,7,2,3.3其实老师上课挺有意思的 但是通识课有意思也听不下去 事情真的多 感觉自己挺认真的真的这个成绩太对不起自己了
50834,899,邢以群,2017-05-06 07:44:05,-1,2,3,邢老师的课讲的很好，听完可以对管理有一个比较不错的认识。但是给分真的无fuck说，个人认为基本是付出5分得5分，付出4分得3分，付出2分得0分。不能付出5分，建议自己在MOOC上听。
51494,899,邢以群,2017-06-06 13:04:42,0,1,1,不错，4.2
52084,899,邢以群,2017-06-14 13:17:27,3,4,1,很好的老师，虽然给了我2.4，但是我还是打心底里佩服这个老师! 想水的同学千万不要选。
52551,899,邢以群,2017-06-21 03:33:56,0,0,0,一个学期就讲计划组织领导控制四大方面，平时分，作业分大多数满分是5分，老师给分基本上都是4分以上，挺高的了。又是课本编写者，又是课程组组长，安排的事情相对于其它老师来说也不多，挺好的了，学了一个学期管理学是有不小收获的
53732,899,邢以群,2017-06-27 12:04:48,1,2,1,给分不能再低了
59528,899,邢以群,2017-09-22 06:06:32,0,2,2,看了Mooc被圈粉，男神啊
60144,899,邢以群,2017-10-11 09:52:19,1,1,0,还是可以，不过小组作业多，要求多
60839,899,邢以群,2017-10-31 05:17:06,0,2,2,给分怎么样先不说，有一点就让人贼气。不负责任，没有一点做老师的责任心。系统出了问题就不管了吗？系统出了问题就只能跟我说一句怪它坑爹吗？差差差
61793,899,邢以群,2017-11-21 03:03:33,1,3,2,不公平，很不爽\n\n
63721,899,邢以群,2017-12-13 12:37:35,3,5,2,每次上课前都因为ddl一大堆想退课，，真的，，头秃\n\n但是上课老师真的有意思！贼幽默又搞笑又能学到好多哈哈哈哈真的！\n\n但是事情真的多，建议学分28以上的就不要报了。
64641,899,邢以群,2017-12-26 02:00:33,-1,3,4,辣鸡！！！没的说！！完全符合标准的作业特么都给莫名其妙的扣分。为人虚伪！！！莫入坑
65260,899,邢以群,2018-01-02 05:58:56,3,5,2,非常非常棒的老师！特别感谢他！这是一节必须要努力学的课，因为它真的对你有好处，努力过后会发现一切都是值得的。
65980,899,邢以群,2018-01-10 15:01:02,1,3,2,千万别上
66495,899,邢以群,2018-01-17 03:55:22,0,1,1,现代管理基础其实事情并不是那么多\n\n没有期末考试没有论文\n\n就平时小组作业线上听课答题\n\n一点都不复杂\n\n老师人真的很好\n\n虽然有点严格 但听他讲课是种享受\n\n是一个有内涵有学问的老师\n\n也能学到人生道理 觉得这个课真的很好\n\n你付出 就会有回报 成绩考核也都公开透明\n\n反正我4.5 挺满足了
66499,899,邢以群,2018-01-17 04:38:26,2,3,1,课挺好的，真的好，绩点唉╯﹏╰不开心，真的不开心，真的很不不开心
66501,899,邢以群,2018-01-17 04:57:14,3,3,0,真的超级棒～这是我唯一一节觉得真有用真有收获的通识了。平时事情多但只要认真完成给分真的超好～邢老师是真良心上课的那种
66509,899,邢以群,2018-01-17 05:29:14,14,15,1,作业：三个小组作业，两个个人作业，有点多。小组作业是老师给分，按要求做评分不会低，不会有主观因素扣你分。每节课都有线上测试，5分钟，略虚，需要花很多时间看书。发言不是问题，每个人应该都是满分。其实我觉得主要就是看个人作业，然而是互评的，就看人品喽。\n\n给分：我觉得不错，虽然有正态。但是4.5很多，很良心的课。\n\n上课：没的说，老师上课真心好，，干货很多，真的是教授啊！\n\n建议：每节课都会由课代表检查人有没有到齐\n\n没有办法水，不让玩手机\n\n想好好学的选，分数不会低\n\n想水的绕道吧\n\n\n\n
66801,899,邢以群,2018-01-19 06:08:55,-1,3,4,感觉老师实战经验丰富，收获很大，虽然相比于其他老师的课事情更多，知识网络图，课堂小测，但听老师的课真的有收获，没有水过去，超级棒。作业要认真完成，第一个满绩，hhhhhhh
66920,899,邢以群,2018-01-19 09:42:02,-3,1,4,很棒，老师学识渊博，每次讲课都刷新三观，而且事情也还好，个人感觉没有传言中这么多，我觉得给分挺好的呀，我看到好多人都4.5+
67267,899,邢以群,2018-01-20 14:27:53,2,3,1,管理类的课 事儿多是同病\n\n但是开这门课的几个老师里还是首推邢老师了～\n\n没有考试很nice\n\n如果给分不好的话 先看看自己每次的小作业成绩还有网课上的内容是不是按要求完成了吧\n\n像我中规中矩 最后拿了4.5 很满意了
67624,899,邢以群,2018-01-22 02:37:05,0,2,2,绝对的男神，果断10分
67634,899,邢以群,2018-01-22 03:00:50,0,1,1,老师讲课挺好，人也很不错，见识广博，但是事情不算少，给分也不是那么好，我们小组基本上都是3.6，拉了0.4的均绩，唉，老师比较严格，但是我还是觉得自己比较认真的
68318,899,邢以群,2018-01-23 03:22:17,4,6,2,邢老师的理论功底深厚，实践经验丰富，上课幽默，让人切实感受到管理的魅力，最棒的是在做人方面给人很多启示和触动…总之绝对是个好老师，好幸运选上他的课。但事情确实比较多，要做好心理准备，我属于那种尽了七成力学的人，绩点3.9也比较客观了。
69092,899,邢以群,2018-01-24 08:10:48,4,6,2,我听过的最值得的课！虽然作业多，但只要按要求做到位分数肯定给的高的。老师的每周一论很有深度，很值得一听。我只是按老师要求完成了作业，但给分也有4.2，努力一点就会很高，因为很公平。
75641,899,邢以群,2018-03-14 12:16:00,5,9,4,事多给分差
76096,899,邢以群,2018-03-27 00:21:50,30,35,5,六小龄童来浙大教书Σ(ŎдŎ|||)ﾉﾉ
76397,899,邢以群,2018-04-07 11:22:35,0,2,2,呵呵，视频里讲的和小测答案不一样，有意思？
77221,899,邢以群,2018-05-04 02:21:00,1,1,0,老师讲课很好的
77959,899,邢以群,2018-05-09 03:29:46,3,9,6,事是真的很多的 分数对我来说真的是很不合理了 小组作业个人作业全部认真完成了 课前视频好好看了 课后讨论也从来没缺过 发言十次全部完成...结果绩点3.0 兄弟们你们好好考虑一下.我反正去哭了
77962,899,邢以群,2018-05-09 03:51:38,1,2,1,老师很棒，事情有些多。另外，如果你们最终发现选出来的组长不靠谱，分到的组员不负责任，请立即退课，现代管理基础30分小组作业不是开玩笑的。
77970,899,邢以群,2018-05-14 14:44:18,-1,4,5,事多给分查
78669,899,邢以群,2018-05-14 10:26:14,4,4,0,我觉得还是挺客观的，个人作业小组作业基本格式对了分不会低，看到有评论说作业认真做了绩点低我觉得那多半是课前测试做的太差了叭?八次课前测试最好控制在扣5分左右其他认真写了肯定会有4.5的，我是因为系统出了故障导致一次互评没评互评分直接是零分了，4.2。总结就是，选课的同学们提交作业的时候一定要手机电脑都检查一下，重视课前测试！（做得好的跟做的差的真的最后会差很多分的！）老师上课质量是没的说的，小组作业也是很有意思的，但是想水的人请绕边
78693,899,邢以群,2018-05-14 13:45:45,1,1,0,很棒啊！
78751,899,邢以群,2018-05-15 04:22:46,0,0,0,啦啦啦
79002,899,邢以群,2018-05-20 02:30:14,4,4,0,刚上这门课确实觉得事多不过习惯了也还好，而且小测个人觉得也没花多少时间……上课真很有料感觉是改变我人生的课程之一了……给分的话我觉得是很客观的，最主要就是小测成绩和平时作业完成得如何。总之觉得邢老师超男神的！
79372,899,邢以群,2018-06-01 05:34:13,9,9,0,春学期上课的来给个10分 因为系统原因春学期有部分学生给分有误，本来过了四周以为不会回调了，今天居然改了！老师太负责了！讲课又好听，超爱邢老师的！
80798,899,邢以群,2018-07-01 08:10:53,1,3,2,讲课比周亚庆好太多
87536,899,邢以群,2018-10-03 07:32:55,2,2,0,比姚卫红上的好多了
88528,899,邢以群,2018-11-01 01:09:18,4,4,0,邢老师做学问是严谨的，教学是认真的，学识是渊博的。非常棒的是深入浅出，非常受益。
92839,899,邢以群,2019-01-05 05:25:09,3,6,3,管理学是我学过最好的课程，没有之一！！一点都不水，真的！！！老师很博学，性格很好，讲课语速很棒（虽然声音独特…）\n\n作业要求及评分标准都在慕课公告里写的很清楚。线上线下教学相结合，个人作业小组作业相结合。还会有二课邀请企业家讲座。会有一个作业：写一封家书，由他统一基寄出。在期末上直接加两分（算是拉高均绩的举措？）\n\n最后给分都是按照平时作业以及每节课之前的随堂测试，没有期末考。只要好好看教材，及时预习、复习，是没什么问题的（虽然我没做到）可能有些评论说他给分低，要求高什么的。但是觉得这才是教学该有的样子。满分！
93783,899,邢以群,2019-01-13 16:01:30,0,2,2,比周亚庆好多了
94984,899,邢以群,2019-01-18 14:14:52,4,6,2,事很多，讲的很好，给分公正，没有考试
97384,899,邢以群,2019-01-22 08:28:58,-7,7,14,我吹爆邢老师!!!!!!!\n\n大学第一门满绩!!!!\n\n邢老师绝对是讲的最好的老师!!!永生难忘!!\n\n大学就是来学知识开阔视野提高情商的\n\n累也真的值了!!!!!(一定要当组长，很累但分很高)\n\n邢老师真的是给人老谋深算深不可测的感觉，邢老师笑起来真的有一种眯眯眼的都是怪物的感觉hhhhhh\n\n疯狂表白邢老师!!\n\n8.1真的太低了!!!十分必须的!!
97484,899,邢以群,2019-01-22 09:18:36,3,7,4,邢老师真的讲得很精彩，每日一论真的会开阔大家的眼界。有几堂课甚至会让你三观觉得很震撼（虽然上完后我突然觉得自己是个奸诈小人了orz总而言之很推荐，作业全部好好完成，课前记得花一小时看书，小测扣分控制在4分以内，基本可以上4.5甚至4.8quq邢老师安利给大家！！！
103660,899,邢以群,2019-03-04 01:29:26,2,7,5,虽然绩点只有3，但也是情理之中，想要高分的话每节课的小测在课前一定一定一定要好好复习呀，讲的很棒，获益匪浅，强烈安利，但我课下没认真学，真是惭愧了。
106591,899,邢以群,2019-04-28 08:44:30,7,11,4,我绝对没有半点想水课的意思，但是我不得不说事情超多，给分极低
106592,899,邢以群,2019-04-28 08:45:13,2,7,5,给分极低
106599,899,邢以群,2019-04-29 11:24:22,-7,7,14,不是我说 就这 还自诩为科学 这老师就是吉吉国王？ 社科通识强行搞成这样 上课听相声美其名曰翻转课堂 量化考核 导致任务繁重 绩点极低 上课听吹牛 绩点死翘翘 极品
106618,899,邢以群,2019-04-29 11:24:01,-11,4,15,傻逼呵呵
106623,899,邢以群,2019-04-30 09:06:44,1,6,5,自己感动自己最为致命
106693,899,邢以群,2019-05-06 03:55:51,1,6,5,心好累
106760,899,邢以群,2020-02-05 01:12:22,-28,9,37,讲得再好，给分不良心，也没有人听你的课，混蛋，活该被骂
106772,899,邢以群,2019-04-29 11:25:25,-3,6,9,老师非常非常棒！只要自己认真学就能拿高分！非常轻松！是真正能学到东西的课！
106777,899,邢以群,2019-04-29 11:37:39,6,8,2,怎么说呢，老师是好老师，这门课也很好，但不水，能学到很多东西。想得高分需要好好学，不会吃亏的。想水水通识课的人慎报。
106778,899,邢以群,2019-04-29 11:37:58,2,4,2,。。。
106828,899,邢以群,2019-04-30 03:09:20,6,8,2,老师上课的内容发人深省，没有主管评分因素，所以得分多少看自己努力，8个单元，课前每个单元小测5分，一般需要提前预习，推荐看不进书的同学看mooc，一般在4分左右，有些测试内容需要看书才知道，三次小组作业好好做不是一般不会扣太多分，两次个人作业按照老师要求写一般都有9分+，回答问题可以在课上抓紧机会和在mooc上每个单元每周23:30前回复、评论、提问，线上线下到10个就可以了，中间进行了一次模拟实验，获胜的小组还有赠书，老师每周一论真的是宝藏，给我们很多感触，特别是临终反思那一周。老师上课内容都干货，重在教我们怎样将理论转化到实际问题的解决中，所以需要我们对相关知识点有一定的熟悉度。\n\n课不水，但是能收获很多，绩点都是靠自己努力得来的。
106875,899,邢以群,2019-04-30 06:13:16,3,5,2,不正态 给分太低 讲的不错
106893,899,邢以群,2019-04-30 07:21:48,0,3,3,超级好的老师，就像成为像老师那样的人！
106898,899,邢以群,2019-04-30 07:34:07,-1,4,5,给了3.0，大概平均水平，辣鸡辣鸡辣鸡，选个给分那么垃圾的是我瞎了眼
107007,899,邢以群,2019-04-30 16:32:05,-3,3,6,绩点还不错嘻嘻嘻\n\n不枉我认真对待这门课！\n\n但是考完这一章的试再讲这一章的课 感觉就不太容易听进课了
108498,899,邢以群,2019-05-27 03:41:55,1,2,1,理论功底扎实，上课有趣有内容
108931,899,邢以群,2019-06-04 10:20:59,3,4,1,给分超辣鸡
109344,899,邢以群,2019-06-13 07:06:35,1,1,0,爱了!
118898,899,邢以群,2019-11-07 12:11:24,1,1,0,老师课讲的好，但是课后作业是真的多，小组讨论时每次都不清楚老师要我们做什么
121995,899,邢以群,2020-01-29 14:56:46,2,2,0,事多但是学到更多！认真做就一定有回报！
124381,899,邢以群,2020-06-30 03:42:13,2,2,0,老师很负责，很用心的备课，讲课深入浅出，接受度很高。算是管院不多的良心老师了，所上的课程常常成为网红课。
126748,899,邢以群,2020-10-18 07:29:39,4,4,0,“很难说！”老师讲课生动形象，应对案例信手拈来。
127317,899,邢以群,2020-11-20 04:08:44,5,6,1,老师讲的挺好的。作业较多，不过还好。同学互评是真的坑。别人可能是真的水，我大意了给的高了。结果我也就平均分。属实恶心。\n\n然后组长很重要，我们组分数分配就一言难尽。。。组长分配任务结果组长自己什么没做还分数最高（？？？）
130743,899,邢以群,2021-01-24 12:14:29,2,3,1,邢老师课上的很好，应该是管理学课里讲课最好的老师了，会有很多实际例子可以听，课堂氛围还蛮不错的。但是事情偏多，小测不能看书，课后还有一个其他班都没有的调研大作业非常耗时间，但是管理学课的组员们一般都不划水，好好做绩点不会低！想划水的建议另选。
132060,899,邢以群,2021-01-30 04:59:14,1,2,1,话不多说，选上要珍惜，讲得真的很好，会学到很多。认真对待每次作业，课本好好看，分数会很好的。
133829,899,邢以群,2021-03-07 08:17:41,3,3,0,现代管理基础，事情是真的多，让人很有压力，快跑，一个通识课还这么多事情
133929,899,邢以群,2021-03-10 02:20:41,0,2,2,很棒的老师，很棒的课。管理学因为没有考试，所以平时学习和作业会很忙，很多东西要自己提前学习，课前有小测。虽然很忙，也抱怨过，但真的学到了很多东西，老师很有学识，超级棒。课上同学们的章讲也很有意思。
135013,899,邢以群,2021-04-27 03:03:47,2,2,0,事是真的多
135143,899,邢以群,2021-05-03 12:25:16,0,2,2,老师很博学，上课能学到很多东西，虽然平时作业很多，但最后也会调分，认真上完分数不会差的，最后95
145090,899,邢以群,2021-12-27 10:41:44,2,2,0,没出成绩先给分了。作业确实非常多！有小组规则、智慧章讲、研究报告和四五个（大概）个人作业以及每一节课的课前小测。但是大一新生表示真的是为数不多能学到真东西的课程，老师讲得很好也很硬核，对于学生组织的工作和个人生活安排都会非常有帮助。
146937,899,邢以群,2022-01-08 06:11:11,1,2,1,虽然管理学不是我的专业课，但真的学到很多东西，印象最深的就是老师课程中提到的“很难说”，上课很有趣，老师教课也非常的好，有付出就会有回报，要拿水课的请绕道。
146938,899,邢以群,2022-01-08 06:13:11,-2,0,2,虽然不是我的专业课，作业也有点多，但是是收获很多的一门课。所得到的都是付出的结果。很好的老师！
147845,899,邢以群,2022-01-11 03:48:52,8,9,1,累死累活，讲的不错，但给分我哭了，有亿点低
147890,899,邢以群,2022-01-11 05:53:25,3,4,1,课讲得不错，很有收获，给分算求是吧，认真做不会太离谱，但确实不会再往上捞。
148057,899,邢以群,2022-01-11 12:14:41,6,6,0,给分是真的不好 讲的可能还不错 如果在意绩点慎选
148551,899,邢以群,2022-01-13 00:55:47,7,8,1,跟分真的不是很好，讲的真的是很好，非常有收获的，老师本人也很有人格魅力。各位选课之前一定要考虑好，来大学的追求是什么的。如果是为了拿绩点保研，别来了。如果单纯是为了得到知识，一定要来。
165419,899,邢以群,2023-01-04 15:47:51,5,9,4,希望老师能正确区分合理的管理和精神控制
165462,899,邢以群,2023-01-06 11:58:32,-1,5,6,管理学的xyq老师真的是进浙大以来最喜欢的老师了\n\n在老师课堂上学到了很多东西，不只是课程知识，老师是非常正能量的人，从老师本人身上也学到了很多\n\n会看课堂讨论区，给我们评论留言\n\n每份作业都会认真给出评价，提改进建议\n\n而且我呆的管理学小组真的是慢慢变好（从小组管理和氛围上面都有！）\n\n给分是很求是的，个人作业和小组作业都有很清晰的评价标准，知道努力的方向\n\n但老师好像也有小小地捞捞？\n\n感觉要看见老师正面的评价才会放心地选择\n\n希望这样的老师都能被看到
165978,899,邢以群,2023-01-10 14:25:02,-1,3,4,事多，不过管理学事都多，给分比较求是但是还可以，家书加两分感觉就是在捞了😭平时线上发言也有加分，平时很水但是作业小测好好做，虽然小组作业分一般，但是绩点还是蛮好看的
166046,899,邢以群,2023-01-11 02:46:24,-3,2,5,老师很好，有小小地捞，本人比较划水，最后也满意了，事挺多，但挺有收获的。
166108,899,邢以群,2023-01-11 06:51:44,6,6,0,给分真的不好，慎选
181161,899,邢以群,2023-10-10 10:24:30,0,0,0,教得虽然挺好，但是课业作业是真的很烦，各种小组作业m9( ｀д´ )!!!!
181422,899,邢以群,2023-10-17 11:29:42,0,0,0,学校里跟他打招呼，爱答不理的，好吧，我默认他那天心情不好。
183178,899,邢以群,2023-11-22 14:10:08,1,1,0,事情真的很多，赚分好不容易，累死累活都拿不到分
191494,899,邢以群,2024-04-23 15:20:41,1,1,0,绩点杀手，在意成绩的还是别选了，忙了一学期忙了个勾石
206433,899,邢以群,2024-12-15 06:05:22,0,0,0,管院明星老师！没说的，赞
208898,899,邢以群,2025-01-03 08:00:23,0,0,0,给分比我想象中的好了很多，老师很努力在捞了，谢谢老师…全是平时分，没有期末考，事情确实比较多而且小组作业考验心态，但是回头看还是可以学到很多宝贵的经验的
18743,933,项坚,2016-01-22 12:36:27,-8,6,14,是个很温暖的老师，会分享很多生活故事和人生感悟，上课轻松，但是不要走神:）
20166,933,项坚,2016-01-26 10:54:43,8,10,2,矫情。
20438,933,项坚,2016-01-27 14:30:50,-10,5,15,老师非常认真负责！
40472,933,项坚,2017-01-03 14:13:59,11,13,2,虽然老师是个好人，但上课内容带给我们理论收获少、实战收获也少
41915,933,项坚,2017-01-13 08:21:16,-10,4,14,老师上课时候会插入生活小故事～和课程联系在一起 萌萌哒～
45250,933,项坚,2017-01-19 08:08:07,20,23,3,我只知道他去了美国，并且给分很差
45569,933,项坚,2017-01-19 22:50:41,13,15,2,认真听课还不如自己多看点书，给分hh
45648,933,项坚,2017-01-22 03:23:21,-8,3,11,虽然老师给了我不太满意的分数，但是老师是个好老师。还打电话安慰，总之是自己没用心吧
45747,933,项坚,2017-01-20 04:15:25,-9,2,11,很朴实的老师，认真负责，自己多问还是可以学到东西的
46297,933,项坚,2017-01-21 07:08:32,12,13,1,很水上课一般般，好像会偏爱活跃的同学一点，对于不活跃的同学给分挺辣鸡的。期末考说不重要其实考差了也是不太能有好分数的。
49887,933,项坚,2017-04-27 02:03:13,-15,3,18,项老师非常认真负责，上过他的市场研究课觉得实用性很强，课上会和大家聊聊人生经验，不知道为什么会有人比较抵触但是感觉还蛮有趣的。
59088,933,项坚,2017-09-19 11:23:12,14,15,1,课堂没有干货  废话太多  跑题太远   给分不好
59864,933,项坚,2017-09-28 01:12:05,17,18,1,没见过这么善变的老师，八周的课，一周一个想法……还是好好做你的董事长，别在职祸害学生了
61454,933,项坚,2018-09-14 08:15:29,-7,2,9,老师很关心学生
62917,933,项坚,2017-11-27 10:44:34,-12,1,13,课不错
66261,933,项坚,2018-01-14 09:13:11,0,0,0,想知道期末考都考啥，该怎么复习\n\n
72701,933,项坚,2018-01-31 02:15:49,0,0,0,市场营销学，期末重点看PPT但要结合课本，把比如促销过程背下来，选择题有些是上课没讲过的，不知道书上有没有
73049,933,项坚,2018-01-31 18:06:23,4,4,0,非常烂
85611,933,项坚,2018-07-21 05:39:30,7,7,0,不太懂从业二十多年的老师讲课还会出现这个。。。那个。。。就是。。这么多nonsense words
87227,933,项坚,2018-09-26 02:04:08,0,1,1,讲不清楚\n\n
100147,933,项坚,2019-01-25 15:52:29,4,4,0,。。。
100468,933,项坚,2019-01-26 07:20:39,-5,2,7,给分很好。
102706,933,项坚,2019-02-21 14:23:58,-7,0,7,老师人很亲切的，但是上课不可以走神！上课时最好是多给老师一些反应，让他知道你有在认真上课。老师通常都会点名的！所以务必要上课
102717,933,项坚,2019-02-22 02:58:28,-6,1,7,老师绝对会点名，所以必须去，上课要给些反应让老师记得你。人好给分不错，还会分享外面的一些事
117484,933,项坚,2019-09-25 02:13:53,1,1,0,无效。
124382,933,项坚,2020-06-30 03:43:02,-7,0,7,挺好的，不错哦
135320,933,项坚,2021-05-08 06:03:58,9,9,0,我是商业分析与研究的，饕餮咋写，写出来加两分，两个很恶心而且还学不到啥东西的小组作业，一个是不明觉厉的鞋类品类分析，一个是创业的啥分析，课很水，但作业很恶心，外专业要是想选个性的话请赶紧逃！
143861,933,项坚,2021-12-09 07:02:33,4,4,0,。。。
153241,933,项坚,2022-04-27 03:46:55,1,1,0,快逃吧
165385,933,项坚,2023-01-15 04:38:57,2,2,0,垃圾老师，给分差还乱扯理由
181127,933,项坚,2023-10-09 11:51:43,11,11,0,在考研的关键时候接到一些莫名其妙且毫无必要的作业并且要求立刻完成导致一晚上都在烦的人打下这句话 真服了
181313,933,项坚,2023-10-14 03:28:26,6,6,0,怎么没有0分啊
181314,933,项坚,2023-10-14 03:34:17,4,4,0,这辈子没见过这么抽象的人，很难评
181489,933,项坚,2023-10-19 05:02:20,7,7,0,笪霎弼：)
181754,933,项坚,2023-10-31 03:51:14,7,7,0,为什么不能给0分？？讲课不知所云，拖堂第一，问学生人尽皆知的营销模型是哪里来的，特别特别无语的老师一位。
181756,933,项坚,2023-10-31 04:06:39,4,4,0,槽多无口
181837,933,项坚,2023-11-02 03:52:37,8,8,0,让你的大学没有一个开心愉悦的收场就是说 恶心
183046,933,项坚,2023-11-22 00:52:42,-5,1,6,每个课堂一定会点名签到，也会出现拖堂的情况，但老师性格很好，有什么情况可以直接跟他讨论商量。商业分析整个课程给我的感觉就是培养学生学习就业后如何与顾客、老板汇报的方式；如何利用已有的知识去面对某一商业情况的分析。老师对汇报PPT与展示也有要求，之后的小组分配还需要认真对待这个部分。我觉得认真去分析这门课整个内容与教学目的，就知道这门课真的很值得去学习。
183089,933,项坚,2023-11-22 06:04:57,0,0,0,给分真的6
198588,933,项坚,2024-09-10 05:52:08,5,5,0,平时应该比较喜欢看意林读者等等各种意义上
199330,933,项坚,2024-10-21 14:54:50,8,8,0,见过最烂的老师，以至于每次去上课都觉得是一种精神折磨
199367,933,项坚,2024-09-22 09:30:45,5,5,0,请假要提前发邮件附上面试通知，咋地，秋招人不配咯。一定会点名，真以为人人都能保研啊，大四这么忙要求还这么多，而且要求一周一变，平时看的文章也都是一堆营销号。
199409,933,项坚,2024-09-23 04:19:56,5,5,0,巨恶心呐，变着法点名，都大四了，每个人都有自己的事情要做，学院故意给安排的两节课都是用来恶心学生的，管院有什么实力呐，和企业合作的实习岗位都是呵呵了
199564,933,项坚,2024-09-25 11:24:22,6,6,0,大四了，一个秋学期的课还要整两个小组大作业…
199907,933,项坚,2024-10-08 05:42:35,1,1,0,点名大师
199910,933,项坚,2024-10-08 08:14:32,3,3,0,几乎每节课点名（请假还要邮件+一堆证明），每2周一次随堂小测，2个小组大作业，呵呵
200091,933,项坚,2024-10-12 17:46:38,9,9,0,第一堂课说“大四了，不给学生增加负担”，可笑至极
200717,933,项坚,2024-10-21 09:12:31,1,1,0,不尊重学生 固执己见
200718,933,项坚,2024-10-21 09:13:59,0,0,0,这破课就是我们一定要上是嘛？？？？？？？？？？？？？？？？？？？？？？？？？？？？？？？？？？？
200778,933,项坚,2024-10-22 07:47:26,4,4,0,媚外。拉踩学生。总之上课就是浪费时间。
200779,933,项坚,2024-10-22 07:49:21,4,4,0,歪屁股烂人，狂舔洋大人，一张嘴就知道他要放屁。没任何能力，老拿营销号文章作引用，学术水平看来是还不如我一个本科生。不尊重学生，上课恶心。到底是谁把他招进来的
200842,933,项坚,2024-10-23 08:45:49,0,0,0,感觉这门课是我大学四年最受折磨的课，想拿起一把刀直接在课上发疯。
200919,933,项坚,2024-10-28 08:30:04,0,0,0,他每节课都能让你大开眼界
201086,933,项坚,2024-10-28 09:46:22,1,1,0,展示不停的打断人，基本的尊重都没有，不关注展示的具体内容只知道挑展示人的刺，张口能感觉只看营销号。。。。。
201893,933,项坚,2024-11-07 08:10:26,-4,0,4,总觉得老师是个好老师，但很多操作却扑朔迷离，嘴巴说不想增加负担不想让学生熬夜，但作业要求一直改，总之这门课只有这一位老师，也是专业最后一门必修课，就抱着顺利毕业的心态就好
203408,933,项坚,2024-11-19 12:26:17,3,3,0,诗人握持
204088,933,项坚,2024-11-24 03:08:13,2,2,0,让灵魂跟得上脚步，逆天玩意
4660,939,吴东,2015-06-25 17:37:03,0,5,5,不知道在说些啥\n\n
6335,939,吴东,2015-07-13 04:52:10,9,11,2,他是从创业的角度开始讲述管理学的知识。给分还可以
31024,939,吴东,2016-07-03 06:25:32,1,1,0,虽然三观不是很合得来，但是还是一个比较负责的老师，给分也好
52301,939,吴东,2017-06-18 04:39:46,0,1,1,牛津毕业大佬，好好听会有收获
52302,939,吴东,2017-06-18 04:40:07,3,3,0,老师讲课清晰，课程该水的地方水，不水的地方严格，给分好，又照顾同学，强推
52841,939,吴东,2017-06-23 07:01:39,4,4,0,很年轻的老师，常常与学生沟通，照顾学生感受，给分不错
52847,939,吴东,2017-06-23 07:21:48,3,3,0,给分太好了！多发言，期末开卷，学的也很轻松
52850,939,吴东,2017-06-23 07:39:10,5,5,0,发一次言加一分，工高itp的孩子们可以放心上。老师人很nice
83616,939,吴东,2018-07-10 23:59:28,-1,0,1,很好的老师！
135725,939,吴东,2021-05-21 01:47:40,-2,1,3,给分很高，在教务系统手滑给老师打分低了，在这里弥补一下！
137916,939,吴东,2021-07-06 14:46:08,-8,5,13,面向工高班，慎选\n\n老师歧视心理很严重连发言都会指定  “工高班的回答一下”\n\n最后开卷有人在那里讨论对答案被别的同学指出来了，这狗比无动于衷\n\n呵呵，选你，不值
142489,939,吴东,2021-11-12 06:22:58,4,4,0,东哥讲课很好啊！他分享的东西能看出都是自己用心思考钻研的，都是具体的案例，理论应用也都是批判性的，完全不会照搬老套教材，认真听了会有收获，btw点回答问题确实比较多哈哈哈哈
168340,939,吴东,2023-02-12 16:07:50,-2,1,3,人品有问题
177034,939,吴东,2023-07-01 08:12:50,2,2,0,ITP的管理学给分很公道
6487,953,朱茶芬,2015-11-18 01:16:23,1,9,8,上课一般般 给分一般般
7936,953,朱茶芬,2015-09-16 07:18:07,2,10,8,上课病歪歪的 一点激情没有
8902,953,朱茶芬,2015-09-30 06:11:47,3,6,3,讲课。很催眠。
14186,953,朱茶芬,2016-01-05 08:02:35,-1,1,2,教的还行吧
14983,953,朱茶芬,2016-01-11 11:43:04,1,2,1,不好。
16046,953,朱茶芬,2016-01-17 05:11:09,-1,1,2,会计学作业多，给分不好
17026,953,朱茶芬,2016-01-19 13:10:12,2,3,1,讲的没激情
17212,953,朱茶芬,2016-01-20 01:30:18,-2,1,3,会计学，没激情，不过讲的算清楚，作业多，不过都不收
22506,953,朱茶芬,2016-03-07 05:26:43,-1,1,2,不知道怎么样，选了她的课，
27648,953,朱茶芬,2016-06-27 06:42:15,24,48,24,1 上课很温和 不明白大家为什么说老师病歪歪 只是声音小一些吧 速度偏慢一点 2 人很好 脾气很舒服 没大声说过同学 3 作业每周在公邮上 但不是每周都要交 4很负责的老师 每节课都担心后面的同学看不清楚 作业布置有问题都在邮件里道歉 5考试给的范围非常清楚 有相关的重点和类型题 跟着复习的文件走就没有什么问题 6每节课有签到表  总之是脾气很好很温和的老师，不觉得应该是这个分
27655,953,朱茶芬,2016-06-27 07:03:37,1,4,3,很棒的老师
27802,953,朱茶芬,2016-06-27 15:31:49,6,19,13,困……但是出卷简单范围明确，而且复习资料给得全，人也不错。满绩
27901,953,朱茶芬,2016-06-28 04:04:27,3,5,2,讲课虽然比较无聊但是讲的还比较清楚，出题简单，复习范围明确，作业多了点…给分没有很差，稍微用心点学成绩不会很烂
28714,953,朱茶芬,2016-06-28 12:46:38,2,2,0,老师人很好，很温柔，确实没什么激情但是讲会计要很激情么……是我自己不努力所以分很差，刚到均绩…反正老师很耐心对同学也很好，答疑很仔细，考前提醒重点，出分快～
31124,953,朱茶芬,2016-07-03 08:50:15,-5,1,6,作业迟一点交也没关系。满绩
35090,953,朱茶芬,2018-01-12 06:06:45,1,2,1,老师挺温和的，比较慢热，主动找她问问题挺有耐心的。最后给分不错，估计是看作业和考试
49013,953,朱茶芬,2017-03-26 23:57:04,2,3,1,给分不好
55683,953,朱茶芬,2017-07-02 07:29:37,3,5,2,老师讲课真的超好的！认真学的话老师给分也超好哒！
55685,953,朱茶芬,2017-07-02 07:39:17,6,8,2,上课：知识点讲的比较准确细致，会补充一些东西。但没有带领大家梳理逻辑，有的时候有点懵。作业：分为课后习题和补充作业，补充作业的质量很好，也会下发答案。如果不想水这门课，确实能从作业中有所提高。考试：考前给范围给重点，出题难度适中，平时分尽量给多，反正给我的分很好。???
55688,953,朱茶芬,2017-07-02 07:50:07,3,6,3,10分好老师，讲课条理清晰，态度温柔，事情也不算多，很容易就能学会，我是退了预制课选的老师，选对了?\n\n
55692,953,朱茶芬,2017-07-02 07:53:50,0,2,2,客观点  给分如何还是看自己的学习态度  老师只是助推  另外  老师真的很好的
55777,953,朱茶芬,2017-07-02 11:15:04,2,2,0,老师虽然上课有些催眠，但很细心很认真负责，考前会给重点，个人觉得给分挺好。还有，会计学这门课主要还是靠自己。
55835,953,朱茶芬,2017-07-02 12:38:44,0,1,1,老师很温柔，但讲的算清楚，考前划重点，考试很基础，满?
55907,953,朱茶芬,2017-07-02 15:26:23,1,1,0,声音太细\n\n
56462,953,朱茶芬,2017-07-04 00:59:04,1,1,0,上课困 但是复习范围明确 认真复习还是能好的
56499,953,朱茶芬,2017-07-04 02:02:49,1,1,0,老师人还是很好的，主要看掌握程度，不会故意为难同学。
79072,953,朱茶芬,2018-05-22 06:05:37,7,12,5,上课照本宣科却让学生根本找不到到底在哪里，一点逻辑都没有。\n\n布置的作业不解释清楚，也不知道自己做的对不对。\n\n每天不知道在讲什么，大家都听不懂，乱七八糟的\n\n
85197,953,朱茶芬,2018-07-16 04:16:25,5,6,1,耐心仔细 但是上课很想睡 不太激情 卡绩了呜呜呜呜
85199,953,朱茶芬,2018-07-16 04:22:06,2,4,2,讲课细致，答疑耐心，跟着好好学成绩不会差的
85213,953,朱茶芬,2018-07-16 05:34:45,-21,3,24,老师超好，如果不卡绩点就好了，94，可能是期中考的不太好
85354,953,朱茶芬,2018-07-17 07:56:01,8,12,4,不好，上课让你听不清楚结构框架，而且很容易睡着。。。
85389,953,朱茶芬,2018-07-17 10:58:43,-21,2,23,十分好老师 简单明确 然而老师考前说过的必考题我错了_(:3 」∠)_不过满了
87116,953,朱茶芬,2018-09-20 12:41:20,-2,2,4,虽然给分不错，但是真心听不懂在讲什么，希望想好好学会计的同学慎重考虑。
113530,953,朱茶芬,2019-07-06 23:09:31,0,3,3,老师真是越看越可爱呀！！
139438,953,朱茶芬,2021-07-15 13:40:57,-2,1,3,老师上课很认真负责的 很认真的帮忙解决问题
158264,953,朱茶芬,2022-06-28 02:22:40,0,1,1,老师什么时候才要出分啊
158491,953,朱茶芬,2022-06-29 16:46:36,-2,2,4,讲的很清楚，给分也很好，绝对没有其他回答里说的昏昏欲睡。会计学本来就是一门不太难的学科，只要认真跟着老师的思路走，作业认真做就可以，最后满了
172431,953,朱茶芬,2023-04-27 01:28:24,-2,1,3,老师很负责，讲课很认真，给分也好
172596,953,朱茶芬,2023-05-01 10:18:47,-3,0,3,老师给分好且负责任
172697,953,朱茶芬,2023-05-04 12:45:49,2,3,1,说考什么就考什么，不会背刺。但是课程是有点拖沓的，不过基础还是讲透了
192079,953,朱茶芬,2024-05-09 01:24:27,23,27,4,孩子 快跑吧\n\n根本不知道这个逆天给分怎么来的\n\n认认真真学完一看绩点给的还不如微积分…
192082,953,朱茶芬,2024-05-09 03:00:58,31,32,1,emmmmm\n\n真的有认真听完每一节课，做笔记，复习\n\n就是说给分实在一言难尽，期末九十几，最终分就八十几🙃作业也都将近满了，考勤也都签了，咱也不懂是咋给的分，难道就因为孩子发言少吗🥲
192097,953,朱茶芬,2024-05-09 05:11:54,5,5,0,给分差
192102,953,朱茶芬,2024-05-09 06:10:42,6,7,1,要选管理会计的快逃，认真复习+完整签到，但是绩点好低，付出和得到的完全不匹配，唯一好的就是考前会给考试重点，仅此而已😭
192104,953,朱茶芬,2024-05-09 07:27:27,8,8,0,给分差，感觉不至于这么差劲，就因为没有发言么。。。。
192107,953,朱茶芬,2024-05-09 07:51:33,4,4,0,不理解这个给分。。。
192155,953,朱茶芬,2024-05-11 14:56:48,13,14,1,不太行。一点也不捞，每节课都雷达点名，平时作业周周有，不是交了就有分的，得多少分给多少分；期末考试也没见得捞了多少。快跑。。。性价比完全不如相同地位的其他课程。
192321,953,朱茶芬,2024-05-15 04:04:21,-18,2,20,老师授课水平很高（比隔壁bln高很多），每个知识点都会有案例帮助理解，下课有问题问老师也会很耐心的解答\n\n听完之后对管理会计了解深入很多，非常有帮助\n\n每节课都会雷达签到，每章节都会有课后作业\n\n回答问题超过两次参与分就会给满了（5分）\n\n最后会有期末复习，说考什么就考什么，蛮好的\n\n说绩点不高的大概率是因为期末考试太简单了，90分以上的人实在是不少，老师下学期出题应该也会出难一点
192330,953,朱茶芬,2024-05-15 10:45:13,-8,1,9,（管理会计）给分比较玄学，每节课都签到，事情也很多。不过相比另一位老师可能还能矮子里拔个高个。
203623,953,朱茶芬,2024-11-20 07:36:59,20,20,0,sb智能财务共享
203630,953,朱茶芬,2024-11-20 08:05:48,16,16,0,智能财务共享你无敌了
203795,953,朱茶芬,2024-11-21 06:02:51,21,21,0,上过zcf的管理会计和智能财务共享：\n\n管理会计：作业难度比较大，而且算总分是作业得多少分就算进去多少分，导致很多同学期末考成绩还高出总评。\n\n智能财务共享：感觉老师自己对于相关技术了解很不够，翻来覆去就是“数据”“挖掘”“机器”“学习”“预测”等关键词任意排列组合，说的也很抽象，甚至问出过哪些算法是分类的哪些是预测的这样的问题。讲课内容也很抽象，和管院的好多课一样学不到什么东西。\n\n除此之外，两门课都是次次雷达点名，成绩构成都有发言分，两门课都是逮着华为财经狠狠讲，老师声音病歪歪的让人昏昏欲睡还动不动就下来转并请同学回答问题。\n\n不得不说，在上kxw老师的人工智能与商业分析时（虽然这门课也很烂），kxw起码会开诚布公地坦明自己不懂商业分析，并且对上课同学们管的没那么宽。zcf这样不懂装懂地糊弄授课完了还想着法地强迫学生听也是无敌了。\n\n哦对，还以这个月有督导为由雷达点名就开放五分钟迟到也不补的😅\n\n总的来说，从来没有这么讨厌一个老师过，zcf和她的课以及管院和智财由衷地让我感到无比的恶心反胃
204645,953,朱茶芬,2024-11-27 07:27:08,18,18,0,智能财务共享****
204776,953,朱茶芬,2024-11-28 01:13:16,18,18,0,。。。不要上她的课
205686,953,朱茶芬,2024-12-11 07:59:24,12,12,0,不嘻嘻，上课在看营销号视频
205789,953,朱茶芬,2024-12-12 03:58:27,7,7,0,智能财务笑话两则：\n\n\n\n“智能财务与大作业”\n\n一位学生向老师询问：“老师，人工智能与商业分析的关系是什么？”\n\n老师不耐烦地说：“这不重要，重要的是你们的大作业！”\n\n学生：“那大作业和商业分析有什么关系？”\n\n老师答：“大作业和商业分析没有关系，但和你们的期末成绩有关系。”\n\n学生：“那我们到底学了什么？”\n\n老师深沉地答：“你们学会了如何完成大作业。”\n\n\n\n智能财务的伟大预测\n\n一位学生向老师请教：“老师，这个‘机器学习’到底能学到什么呢？”\n\n老师微笑着答道：“机器学习可以预测未来，未来会更好！”\n\n学生：“那能不能预测你什么时候停止重复那些‘数据’、‘机器’、‘学习’之类的词？”\n\n老师有些不耐烦：“这些词是基础！没有它们，我们怎能知道未来的伟大变化？”\n\n学生：“哦，那我等着机器学会如何给我解释课程。”
206238,953,朱茶芬,2024-12-13 10:25:59,13,13,0,离谱他妈给他开门，离谱到家了
206886,953,朱茶芬,2024-12-18 07:20:54,8,9,1,傻逼，pre一句反问十句\n\n傻逼，3点下课拖到3点20才下课\n\n傻逼，“狗粮”“我没用过”
211384,953,朱茶芬,2025-01-11 09:53:32,11,12,1,无敌了爱楠姐🤣😅😅😅我也想挂别人二作发诗江南当浙大副教授
211501,953,朱茶芬,2025-01-11 18:23:14,10,10,0,作业没到提交截止日期就出分，出分还是随机依托，爱男二作集大成者，建议直播分享如何靠男人挂二作成为全管院最水副教授～
217337,953,朱茶芬,2025-04-09 00:58:27,3,3,0,太有招了这个老师 一开始雷达点名 后来都在楼下签完跑了 就开始雷达之后再次在教室口头点名 以前是回答问题加平时分 现在是直接抽人回答问题\n\n关键是课程的逻辑还乱乱的 课后复习要在教材里找半天 学在浙大ppt每次要输密码 还不全
218644,953,朱茶芬,2025-04-28 05:47:55,-5,2,7,针对管理会计\n\n平时作业扣了七分，全勤＋发言，不知道期末考（应该考的不错），最后4.5。期末考和平时作业基本一致，老师讲课也还好，中等水平～（不听把课后作业学会了也不错）挺温柔的\n\n管理会计应该不至于6.4，至少8+，给分不错！
3931,963,徐青,2015-07-06 08:00:52,38,42,4,一直后悔选了这门课\n\n
4229,963,徐青,2015-06-18 07:44:00,32,33,1,难熬
4391,963,徐青,2015-06-21 04:41:51,45,53,8,什么叫做比思修还思修的管理学
4618,963,徐青,2015-07-10 13:36:25,121,137,16,以上的这些差评都是针对  管理学院的老师，请大家注意\n\n
4659,963,徐青,2015-06-25 16:58:00,36,41,5,生不如死
4947,963,徐青,2015-07-01 09:44:49,33,36,3,难过
5455,963,徐青,2015-07-07 15:42:34,40,41,1,评分随意上课难熬思想奇葩。简直日狗
5650,963,徐青,2015-07-09 02:54:31,60,63,3,完全靠家庭背景买的浙大教师职务，拉低浙大老师水平。
6118,963,徐青,2015-07-11 04:34:53,22,23,1,无聊的课。自己看看书就好
6195,963,徐青,2015-07-12 01:48:18,32,32,0,管理学老师，作业很努力的，精力耗费那么大什么鬼，成绩我就笑笑不说话，太坑爹了，还装无辜也是够了
6212,963,徐青,2015-07-12 05:02:31,-3,2,5,额
6353,963,徐青,2015-07-13 07:33:07,4,14,10,心理系的徐青也是无聊又胡扯呢
8074,963,徐青,2015-09-17 01:48:23,20,20,0,心好累
9001,963,徐青,2015-10-08 15:41:05,-3,4,7,樓上狗屁不通，明明就那麼正那麼像張學友
9013,963,徐青,2015-10-09 09:15:35,16,17,1,醉了。
11174,963,徐青,2015-11-25 03:13:28,-17,4,21,还是有收获的，就是作业有点多，费时间。
11331,963,徐青,2015-11-27 05:42:12,38,38,0,坑爹 三节课 一节让同学来讲 一节点评作业和同学讲课情况 一节讲一些莫名其妙的话题 完全没收获！还不能玩手机 有督查
12050,963,徐青,2015-12-30 08:26:49,17,17,0,千万不要选啊
12536,963,徐青,2015-12-23 12:14:03,27,27,0,卧槽了，只会让学生讲，依我看学生讲的绝对比她好多了，真不知道这种水平还当什么老师，听课和不听课绝壁没什么区别。为什么总是这么执着的坑每一届学生啊
12623,963,徐青,2015-12-23 15:51:45,28,30,2,那是一种神奇的体验，每次走出教室都感觉春暖花开、神清气爽。不幸预置她的课的话跟一个好的小组吧，在她的课好的小组胜过一切
12782,963,徐青,2015-12-24 04:14:53,9,9,0,太水了，都不讲课，都是学生讲
13792,963,徐青,2015-12-31 03:55:47,9,9,0,徐青真心无聊，蹭过邢以群老师的课，一个在天一个在地啊！！
14826,963,徐青,2018-05-03 04:15:50,7,7,0,呵呵。。。
14827,963,徐青,2016-01-09 15:10:32,6,7,1,血与泪的体验
14923,963,徐青,2016-01-11 03:41:28,13,13,0,只能说无语了，每次上她的课都很煎熬。不过因为她的事多，我收获了一群同甘共苦的组员
15042,963,徐青,2016-01-12 14:09:50,4,8,4,老师喜欢古风的衣服\n\n
15386,963,徐青,2016-01-14 07:43:22,3,3,0,hhh
15972,963,徐青,2016-01-17 01:01:39,4,4,0,我只想说呵呵
16122,963,徐青,2016-01-17 08:55:52,4,4,0,呵呵呵
17678,963,徐青,2016-01-20 15:36:06,8,8,0,像没有读过书
18720,963,徐青,2016-01-22 11:56:54,4,5,1,睡觉的体验
19121,963,徐青,2016-01-23 09:57:16,14,15,1,老师事情特别多！不是很有经验，爱掉书袋子，回答问题什么的一定要结合管理学知识，感觉很生硬。学到的不是很多
20601,963,徐青,2016-01-29 02:00:28,9,10,1,给分烂得可以.....上课也呵呵.....慎选
33308,963,徐青,2017-01-24 01:52:44,6,7,1,求是地打分\n\n
33425,963,徐青,2016-09-19 08:25:30,14,14,0,生亦何欢
35431,963,徐青,2016-11-10 07:15:52,4,5,1,腊鸡老师
35517,963,徐青,2016-11-10 07:23:31,4,4,0,不明所以……
35878,963,徐青,2017-01-23 16:23:56,7,8,1,死逼老师评分看心情，找她课估计跟奖学金说拜拜，别指望好好学习就厉害了，在她心里她最厉害，傻逼脑残，每次上他课都黑色星期五
38413,963,徐青,2017-01-23 15:37:25,-3,7,10,认真努力会有好成绩的。管理学课堂是学知识的不是用来水的。无论是什么老师都会认真对待学生，无论是什么学生主要认真对待自己的作业和课堂都会得到好成绩的。徐青老师上课喜欢认真解释知识点，虽然一些时候讲不完课，但也是很享受的。只要你认真对待这门课，每一个老师身上都有你可以汲取的东西。
39133,963,徐青,2016-12-21 09:46:55,7,7,0,真的超无聊 水平差 真的是差 不知道为什么还有研究项目...课前小测有争议的题自己都说不出个所以然就让课长回去查..说话慢说不清楚结巴...声音也好烦..反正就是最讨厌的一节课..拉低了整个浙大逼格
39763,963,徐青,2016-12-27 11:20:13,3,3,0,折磨 无趣 浪费时间
40234,963,徐青,2016-12-30 11:06:02,6,8,2,侮辱了管理学院的存在。在浙大我最差的教职员工，没有之一。讲课水平差就算了，连语言表达都是初中水平，一句话里硬是能加五个关联词，听不下去了，当催眠曲我都觉得伤耳朵。
41161,963,徐青,2017-01-25 03:18:57,9,10,1,这种老师为什么没有被取缔呢 上课水平不行吧 给分还差 还炫耀自己儿子 看以后你儿子绩点能多少
45295,963,徐青,2017-12-02 11:03:26,10,15,5,我在美国留过学，不是我说自己的经历有多么丰富，就是想炫耀下自己，你们又比不过我博士后。我孩子的学校，不是说想炫耀下有多么好，就是想说你们小时候比不上 嗯，真的，我不是想炫耀的。
46373,963,徐青,2017-01-21 11:07:19,5,5,0,出分慢，上课水平我就呵呵哒了
47112,963,徐青,2017-01-24 01:49:31,3,10,7,说实话，老师上课确实很无聊，水平也很低，一节课下来估计没几个认真的。但有的人直接开骂我真的为这些人的素质余额堪忧，匿名的查老师是为了方便大家的，不是用来发泄的地方。（注：本人自己绩点也不好，结合上课水平给了2分，但丝毫不会想着去骂老师，人要懂得起码的尊重，更何况是老师，即使是不那么称职的老师）
47181,963,徐青,2017-01-24 10:25:05,2,4,2,上课无聊，给分超差
59521,963,徐青,2017-09-22 03:55:56,5,6,1,有很多过分的要求，讲课贼烂，自以为是。
59523,963,徐青,2017-09-22 04:01:11,4,7,3,我tm怕是上了假的管理学？！？！？！你们前面各种好是什么鬼东西？日了这傻逼上课不能开手机？有事请假也要扣分？！？！exm？
59524,963,徐青,2017-09-22 04:01:25,4,4,0,886
59525,963,徐青,2017-09-22 04:16:30,7,7,0,真的我怀疑她是否上过学……后来人们!千万千万别选她的课!
59813,963,徐青,2017-09-27 07:13:19,-6,2,8,管理学管理学，什么是管理学，那就是要用一套完整合理的制度来管理，在这点上徐老师还是不错的。
60697,963,徐青,2017-10-27 02:48:42,7,7,0,黑色星期五 真心不要选
61424,963,徐青,2017-11-17 03:57:38,8,8,0,屁事多且没水平，学期上到一半逼我来这里恶评也是没谁了。
61899,963,徐青,2017-11-21 12:50:31,3,3,0,不如自学 真的想学管理学的同学 可以来上上试试看 不是特别想学的 这个老师还是算了吧
63379,963,徐青,2017-12-02 03:28:40,3,3,0,还是自学靠谱
63400,963,徐青,2017-12-21 03:15:26,3,4,1,大傻逼 还炫富 花钱买的职位 缺乏基本的道德 社会渣子 管理学院得徐青 千万不要选她的课
69283,963,徐青,2018-01-24 11:54:55,5,5,0,她可以离开浙大了
70515,963,徐青,2018-01-27 00:17:53,2,2,0,课很无聊是真的。超级无聊。但是给分制度很细化的。各种成绩都公开可以查的。
70563,963,徐青,2018-01-27 08:19:07,5,5,0,上课虽然无聊，努力点满绩还是很爽的
70994,963,徐青,2018-01-28 01:34:46,1,6,5,徐老师上课水平确实有限，但她尽可能尝试从各个方面启迪我们的思考。各个作业评分与提示都很详尽，在课题、讲堂过程中也会随时给予指导。她不是一个看不起学生的老师，也许她的一些细节会让你感到不满，但只要你给予积极的理解与沟通，最后她不会让你失望。至少我们这一届是她亲口承认最满意的一届，刷新了她对于教学工作的认识。最后的给分也相当好。希望客观看待这个评分。
74509,963,徐青,2018-03-02 09:45:03,0,0,0,我拒绝
75344,963,徐青,2018-03-09 04:13:54,1,1,0,垃圾老师垃圾课
76414,963,徐青,2018-04-08 10:41:00,0,0,0,看自己
83345,963,徐青,2018-07-10 07:13:48,1,1,0,大家别选了。
92133,963,徐青,2018-12-26 14:50:59,0,0,0,这种课让人生不如死，都没有上过让人舒服的课，在学校还没有再碰到比这个更难受的课
116027,963,徐青,2019-08-31 08:45:17,3,3,0,老师已经离职了，不在浙大了。
116299,963,徐青,2019-09-07 11:47:46,0,0,0,说啥了
1304,982,吕佳颖,2015-05-06 00:53:08,3,19,16,真的是一个很温柔的老师啊
9619,982,吕佳颖,2015-11-03 03:02:23,11,12,1,没讲出什么东西来
17641,982,吕佳颖,2016-01-20 14:21:10,8,10,2,想睡觉。。
20642,982,吕佳颖,2016-01-29 09:31:21,19,25,6,没意思 给分不好
36787,982,吕佳颖,2016-11-16 04:42:31,-4,5,9,很温柔很美丽的老师，喜欢！
46055,982,吕佳颖,2017-01-20 13:55:41,14,16,2,讲课挺没意思的，给分凑合，作业多。（社心）
46142,982,吕佳颖,2017-06-20 07:31:52,6,10,4,上课一般，给分有些略糟糕
49782,982,吕佳颖,2017-04-26 02:25:02,-3,2,5,不知道给分怎么样，希望以后多评价给分和得高分的建议（管理沟通）
50562,982,吕佳颖,2017-05-03 13:02:00,8,13,5,给分！79！79！什么情况！所有的东西的在认真做！给我79？？？？上课也没意思hold不住场面！
50612,982,吕佳颖,2017-05-04 01:21:29,8,10,2,讲道理，老师很认真，就是感觉很水，不知道呀为什么这次考试超坑，最后76
50653,982,吕佳颖,2017-05-04 05:39:08,-12,4,16,「管理沟通.全英」给分挺不错的，外国学生比较多，春学期有一次英语演讲，一次小组workshop，大约五次签到与四次作业，有期中自我评价等等，考试开卷全英不能带字典，只要最后看点PPT，把书本上相关章节标记一下就行，内容都能找到，不过时间可能有点不够。作业不能算多当然也称不上少，平常上课挺轻松的，就是要读点case，老师备课上课都挺认真，很关心学生。建议英语还行的同学选。
54214,982,吕佳颖,2017-06-28 16:59:04,8,10,2,真的很无聊 很无聊 没什么内容 给分很差 很无语……
78659,982,吕佳颖,2018-05-14 08:20:05,-6,4,10,【管理沟通】老师很温柔 课程设计本身其实很有意思的 也确实很难锻炼到一些商务中沟通技巧 除了两次作业老师会给很多简历和未来文书中的一些提醒啥的很受用 觉得英语能力提升很大很大 也认识了很多外国同学 课程气氛也很好 还给当天过生日的德国小哥哥唱过生日歌 真的很温馨了！
78721,982,吕佳颖,2018-05-15 00:23:05,7,8,1,。。。
78723,982,吕佳颖,2018-05-15 00:24:56,11,13,2,绩杀:-|
78817,982,吕佳颖,2018-05-15 09:45:45,10,12,2,全英文太坑了，上课到还可以，但这成绩，没挂掉真是感谢啊，早知道就换中文了
86980,982,吕佳颖,2018-09-20 00:54:05,4,5,1,无感? 给分差
88391,982,吕佳颖,2018-10-30 04:36:35,1,2,1,超级无敌大绩杀，讲课无聊，干脆直接念ppt好了
103172,982,吕佳颖,2019-02-26 10:46:09,-1,0,1,【社会心理学】\n\n虽然平常上课有点无聊\n\n事情有点多\n\n但老师本人还是很温柔的\n\n给分也比想象中好
106915,982,吕佳颖,2019-04-30 08:25:19,1,2,1,超级无敌绩杀，作业多，到最后分数还低！！
106933,982,吕佳颖,2019-04-30 10:02:02,-2,0,2,老师很温柔，给分很严格，感觉不会让来水的人得到很高的分数，建议认真完成作业……毕竟是专业课呐
107685,982,吕佳颖,2019-05-08 08:44:38,1,1,0,给分很低，专业又很多
132915,982,吕佳颖,2021-02-05 02:36:10,1,1,0,出分好慢啊
133117,982,吕佳颖,2021-02-09 01:58:28,-1,0,1,组长行为学，给分还可以
133125,982,吕佳颖,2021-02-09 03:14:50,-1,0,1,给分还可以
142602,982,吕佳颖,2021-11-14 08:14:15,3,3,0,没讲出内容，上课节奏太慢了，不太听得下去
151914,982,吕佳颖,2022-03-20 13:28:14,1,1,0,不太行
161089,982,吕佳颖,2022-10-26 09:28:18,3,3,0,作业又多又杂，还全堆到最后一周。小组作业也不占分数，最后一周了都不知道小测什么形式。课水无聊，展示半节，嘉宾讲半节。
161178,982,吕佳颖,2022-10-31 06:01:55,2,2,0,讲课水平太一般，听不进去
161531,982,吕佳颖,2022-11-08 08:25:40,3,3,0,事多，而且没有规划，都赶在最后一两周布置，作业也没什么意义，讲的也很浅
162227,982,吕佳颖,2022-11-18 03:35:19,1,1,0,管理研究方法的期末作业这么严的吗？也没有明细，感觉就是唰唰唰地直接扣分啊！
162238,982,吕佳颖,2022-11-18 05:15:05,0,0,0,给分不好，事情都堆在最后几周事多的时候，根本不合理
162307,982,吕佳颖,2022-11-20 01:14:22,2,2,0,垃圾老师，随意调分，把每个分数构成和分数明明白白都公布在学在浙大了，最后还要给我降了六分\n\n讲课稀烂，她自己都搞不明白自己在讲什么，全靠助教一个人支起来一个班，半学期上下来全是空理论，布置文献阅读的小组作业也不事先阅读文献，在那里抬杠\n\n祝她早日滚回她的城院
162309,982,吕佳颖,2022-11-20 01:55:33,0,0,0,给分又差，讲得又无聊。。。
162516,982,吕佳颖,2022-11-24 02:33:31,1,1,0,哈哈，多次改分数，事情作业堆在最后一周，数学是真不好呀，希望老师在城院开开心心哈哈
9551,1046,阮俊华,2015-10-30 07:15:26,52,105,53,有毅力
11735,1046,阮俊华,2015-12-13 12:19:01,10,49,39,阮老师对学生很好
27252,1046,阮俊华,2019-10-03 05:33:58,31,136,105,为什么不能投0分。太虚伪的一个人，到哪都要宣传彩虹人生 紫领计划  搞个人崇拜
34340,1046,阮俊华,2016-10-04 13:58:52,12,66,54,阮老师非常关心学生的成长
58876,1046,阮俊华,2017-09-18 07:52:21,12,56,44,一心为学生，别无他心
60514,1046,阮俊华,2017-11-26 07:17:46,-11,26,37,不错不错
60744,1046,阮俊华,2017-10-29 08:23:38,10,49,39,一心为了学生的好老师！
60745,1046,阮俊华,2017-10-29 08:24:49,10,49,39,课讲的很精彩，很投入，好老师！
60746,1046,阮俊华,2019-09-24 13:06:58,14,70,56,阮老师非常为学生着想，全身心关注学生的发展。愿意把自己的空余时间都拿出来服务学生，这样的老师太少了，非常感谢阮老师！
60747,1046,阮俊华,2017-10-29 09:03:28,2,23,21,有毅力，扎实，略呆板
60748,1046,阮俊华,2017-10-29 09:24:03,24,70,46,从大一开始聆听阮老师宣扬，并且目睹了老师实践彩虹人生公益育人精神，十分敬佩。这样的老师，不是一场两场演讲的印象能够判定的，需要用很长的时间，去看，去理解。
60749,1046,阮俊华,2017-10-29 09:28:10,-10,19,29,很资茨
60750,1046,阮俊华,2017-10-29 09:31:53,-2,21,23,很棒很好很享受
60751,1046,阮俊华,2017-10-29 09:55:24,-23,21,44,手长脚长脖子长，眼亮心亮声音亮。\n\n颜高体美气质佳，才比子建貌潘安。
65868,1046,阮俊华,2018-01-09 16:00:27,5,33,28,可以说是很喜欢阮老师了
74604,1046,阮俊华,2018-03-04 14:30:43,14,51,37,充满激情，给人以满满正能量！阮老师对学生很关心，让人感到温暖。
75503,1046,阮俊华,2018-03-13 00:17:40,21,58,37,来到浙大以后阮老师给我的影响非常大，不仅为我们搭建了这样好的平台，并且言传身教，告诉我们什么叫以天下为己任，以真理为依归。榜样的力量就在那里，未来我也要想阮老师学习，相信成就别人亦是成就自己?
75504,1046,阮俊华,2018-03-13 00:19:56,10,37,27,很好，很受鼓舞，人生导师，浙大这样的老师太少了
75509,1046,阮俊华,2018-03-13 01:10:52,7,37,30,十年前的一份初心，化作坚持十年的育人使命，团结吸引数以百计的社会各界精英人士，通过一步一个脚印的带徒实践，影响成就了无数的青年学子！阮老师，用十年告诉我们，专注一件事并把它做到极致，就是最大成功！
75510,1046,阮俊华,2018-03-13 01:13:32,11,40,29,迷茫时，懈怠时，惶惑时，阮老师的精神和事迹总能鼓舞人，给人力量、信心和方向！向阮老师学习致敬！
75511,1046,阮俊华,2018-03-13 01:18:02,14,41,27,求是强鹰、彩虹人生使我感受到了平台的力量，一群人在一起做有意义的事情，并有诸多导师作为学员们成长路上的背后支持力量，引领浙大学子展翅高飞！
75517,1046,阮俊华,2018-03-13 01:59:23,5,38,33,在浙大碰到最好的老师，二十年如一日的奉献。感恩遇见阮老师，感恩强鹰，感恩彩虹人生！
75518,1046,阮俊华,2018-03-13 02:05:37,9,31,22,十年育人，百年育树。强鹰让成长更有意义，风云浙商带徒模式精神传承。为阮老师点赞，为强鹰点赞！
75637,1046,阮俊华,2018-03-14 10:02:33,9,28,19,寻梦彩虹人生作者，为广大学子铺起彩虹人生之路。
79683,1046,阮俊华,2018-06-12 15:44:26,13,41,28,阮老师是一个非常非常好的老师！他毫无架子，平易近人，为学生开设彩虹人生绿色通道，鼓励学生们和他交流，为学生们指点迷津！和阮老师交流过几次，觉得非常非常有收获，感谢阮老师一直以来的默默付出！
79785,1046,阮俊华,2018-06-13 14:37:13,14,41,27,在这里，可以遇见更优秀的自己，甚至改变命运，因为一位老师和N个育人平台。阮老师为了学生成长创立了很多育人平台，为了培养学生从政能力创立的紫领计划，政府领导担任导师；为了培养学生的走商业之路创立的强鹰计划，企业老总担任导师，这些平台都是高水平的育人平台，对我们学生来讲非常珍贵，是非常难得的机会。在这里，阮 老师求学时给我们引领培养，工作后为我们引路帮助。阮老师是我们一生的老师，有情怀、有格局、有激情，让我们自立自强自信，无比感恩！
79787,1046,阮俊华,2018-06-13 14:01:38,1,20,19,很棒很正能量
79788,1046,阮俊华,2018-06-13 14:11:03,5,24,19,激情澎湃，催人奋进
79791,1046,阮俊华,2018-06-13 15:03:13,1,16,15,好老师棒棒棒
79936,1046,阮俊华,2018-06-15 12:54:13,6,24,18,精神力量
79987,1046,阮俊华,2018-06-18 12:30:43,6,26,20,阮老师的坚持和付出给人信念和力量
79992,1046,阮俊华,2018-06-19 00:57:27,16,43,27,阮老师是特别有激情、责任感、情怀和行动力的人，也是特别为学生着想的好老师。从20年前创建绿之源环保协会开始，阮老师一直在结合专业和不同学生的发展方向，努力创建着各种平台，为学生成长助力。离开浙大之后，才更知道这些平台的可贵，跟很多其他高校的学生交流，才更理解这些平台的价值。阮老师太希望同学们理解他的想法，太希望同学们能够更好地成长，所以或许讲得比较多，也许让有些同学觉得听厌了，但他真的在为学生成长发展付出努力，努力帮学生关注自己的内心，找到最适合自己的路，告诉学生除了认真学习之外，还应该关注国家、关注社会、关注未来，用更大的格局和更广的眼界去思考和看待问题，让学生知道，人的一生可以有更平和的内心和更大的价值。有师如此，人之幸事。
80277,1046,阮俊华,2018-06-24 05:45:26,16,36,20,阮老师坚持了多年的公益环保事业，创办绿色浙江、绿之源等等，通过众多行动和倡议来改善环境。紫领和强鹰两个非常好的育人平台的发展都离不开阮老师的坚持。他非常关心我们的成长，我仍然记得大一下和他聊天，改变了我对大学生活的规划，让我成为一个更好的人，为了理想而奋斗的人。谢谢阮老师！
86155,1046,阮俊华,2018-09-09 09:02:32,5,21,16,真心为同学们着想，不可多得的好老师。
86156,1046,阮俊华,2018-09-09 09:21:20,12,26,14,很用心到老师
90350,1046,阮俊华,2019-10-01 12:33:00,3,42,39,让同学陪同新生之友下新生寝室，到处宣传“加入紫领，改变人生”，弄得新生之友超级尴尬。这不算传销这算什么！
94517,1046,阮俊华,2019-10-01 14:35:51,12,52,40,这里全是水军
104274,1046,阮俊华,2019-10-01 14:15:56,2,37,35,不去紫领 滚啊
104360,1046,阮俊华,2019-03-18 17:30:24,1,30,29,这么多水军？
107696,1046,阮俊华,2019-05-08 10:40:19,10,38,28,彩虹人生的水军都来查老师了？
109376,1046,阮俊华,2019-08-31 07:53:12,-3,27,30,阮某推出一周台历，美其名曰方便学生办事，实际前面上千字宣传彩虹人生，关键一周时间安排一张图糊得一批
110016,1046,阮俊华,2019-06-21 07:48:27,-13,14,27,老师来自敦煌
110017,1046,阮俊华,2019-06-21 07:53:42,4,19,15,每场讲座，我的讲话，欲与zq试比高
110037,1046,阮俊华,2019-06-21 13:39:55,-13,13,26,垂死梦中惊坐起 老师真敦煌来的
110842,1046,阮俊华,2019-10-04 02:04:22,109,250,141,大学乃是学术的殿堂，而非培养官僚的基地。蔡元培先生当年就认识到了这一点，改革北大，奠定了民国学术的基础。而今阮某反其道而行，将大学变成了官僚预备班，两相对比，令人唏嘘。
111731,1046,阮俊华,2019-10-03 05:35:22,15,56,41,这人就不应该呆在高校，垃圾分类还是有必要落实的。
111732,1046,阮俊华,2019-07-02 16:33:20,0,24,24,一分还是太高了
115650,1046,阮俊华,2019-08-15 11:42:26,1,14,13,很有毅力，有想法
115651,1046,阮俊华,2019-08-15 11:45:38,16,41,25,阮老师真的是我见过最关心学生的人，他每周把自己的时间表提前放在网上方便大家查阅，从来不关办公室的门，时刻欢迎学生去找他，每一次总是竭尽全力帮助我们。不是水军，真的感恩。
115652,1046,阮俊华,2019-08-15 13:18:56,5,18,13,阮老师工作认真为同学着想，还做很多公益事业，点赞?
115653,1046,阮俊华,2019-08-15 13:31:51,5,19,14,阮老师真的是一个很好的老师 一心为学生着想 一心为学生付出
115654,1046,阮俊华,2019-08-15 14:30:19,1,12,11,耐心细致
115664,1046,阮俊华,2019-08-17 03:17:06,9,26,17,如电影《哪吒》里讲的一样：“人心中的成见就像一座大山，任你怎么努力也休想搬得动。”是哪吒，就不折于世俗，“不认命，就是哪吒的命”！透过剧情看彩虹人生给无数学生校友带来的成长和改变，相信会唤起这个大学里，每一个脚步匆匆的追梦人、每一个爱心满满的老师和学生内心深处的共鸣，坚持做一件对的事情。
116729,1046,阮俊华,2019-10-03 05:35:44,12,42,30,社会毒瘤\n\n乌烟瘴气
117266,1046,阮俊华,2019-10-03 05:35:33,14,57,43,所谓的紫领就是阮某培养自己势力的工具，只有那些当上高官的人才有资格成为阮某的嫡传弟子，其他人还是洗洗睡了吧。
117452,1046,阮俊华,2019-09-24 13:11:46,30,43,13,说句公道话，来这里给他评分的基本只有10分和0分，其实都带有偏见。不过剩下那些懒得打分的吃瓜群众估计也只会给他2、3分，所以大家看他下面这些评论不妨一笑置之。
117513,1046,阮俊华,2019-09-25 08:26:48,4,13,9,挺佩服
117516,1046,阮俊华,2019-09-25 09:04:44,0,12,12,有激情，有理想！
117517,1046,阮俊华,2019-09-25 09:05:13,-2,14,16,贵在坚持
117610,1046,阮俊华,2019-09-26 15:34:56,5,16,11,二十年是如何坚持下来的！值得学习感悟
117695,1046,阮俊华,2019-09-29 03:58:39,-1,18,19,每隔一段时间，都会在同一天密集出现吹捧的言论，是不是水军一目了然
117781,1046,阮俊华,2019-10-01 12:29:20,5,15,10,阮老师很关心学生，非常无私。
117782,1046,阮俊华,2019-10-01 12:36:17,1,13,12,阮老师坚持一心为学生服务，得遇良师受益匪浅。
117783,1046,阮俊华,2019-10-01 15:20:09,-6,15,21,非常喜欢听阮老师的课，很受益
117784,1046,阮俊华,2019-10-01 12:54:26,-6,14,20,阮老师发自内心为学生发展，赞！
117785,1046,阮俊华,2019-10-01 13:07:17,1,15,14,一直把阮老师作为榜样，二十年如一日把学生的培养放在首要位置
117786,1046,阮俊华,2019-10-01 13:29:48,1,15,14,阮老师眼界开阔，为我们提供了一个很好的平台，很高的起点。
117787,1046,阮俊华,2019-10-01 13:30:08,6,21,15,阮老师用自身行动带给我诸多感动。从日常关心学生，到坚持用紫领强鹰等优质育人平台引导同学。个人选择走上辅导员的道路，也离不开阮老师在思想和行动上的影响。
117788,1046,阮俊华,2019-10-01 13:47:39,2,28,26,看到少数同学对阮老师误解和偏见，我想说，骂人从来都是容易的，我们永远不可能让每个人对某件事情相信，尤其是在这个充满怀疑的时代。只是希望更多人能够理性的，更多了解阮老师的二十年人生路以后再做出评判。我相信，这股像“傻子般”的坚持精神与二十年来的诸多事迹是足以证明很多事情的，换做是你，又能这么奉献付出几天呢？我不是个能力突出的学生，可在学生时代包括现在都深受阮老师的影响，在彩虹人生育人平台上与多位志同道合的益友共同成长突破自我，共同坚守信仰。希望更多人能够用更加全面的关念看待事物，也希望你我在生活中知行合一，寻得始终！
117790,1046,阮俊华,2019-10-01 15:45:50,1,13,12,非常好的一位老师，一心只为学生！
117791,1046,阮俊华,2019-10-01 15:53:42,1,12,11,阮老师对于学生很关心，生活和学习上都是如此。
117801,1046,阮俊华,2019-10-02 05:48:07,1,17,16,阮老师是个平易近人又有着很高威信的老师，他总说做一个老师是幸福的，而做他的学生是一件更幸福的事情，你可以感受到他身上那种孜孜不倦，一心为学生成长的精神，好大学就是在你忘记了所有的知识之外所学到的东西，阮老师也一样，好的老师是可以让自己受益一生的，也许人生会有很多坎坷和困难，但是想到他，一切都变得阳光和自信，感谢有你！
117827,1046,阮俊华,2019-10-04 01:41:28,5,16,11,听很多人说起老师对他们的帮助，赞
117828,1046,阮俊华,2019-10-04 01:59:28,5,18,13,经常看到老师很迟下班，感觉老师很辛苦
117864,1046,阮俊华,2019-10-06 09:05:15,-13,20,33,经常聆听教诲，感到阮老师对学生的关心和成长是长期的，细致的，没有任何功利心的，单凭这一点，无论本人有什么讲课或为人特点，都值得学生尊重并从中汲取无尽的精神营养，我认为这一点最难学，业务吸引不吸引人是其次
120700,1046,阮俊华,2020-01-15 11:43:02,34,90,56,sb老师\n\n演讲水平真垃圾还要装很会讲的样子 傻逼
124888,1046,阮俊华,2020-07-15 02:58:50,-3,13,16,虚伪的意思表示无效！
142232,1046,阮俊华,2021-11-09 03:47:41,-2,10,12,理想的现实主义者
151108,1046,阮俊华,2022-02-23 05:35:12,-4,10,14,很好的老师
153542,1046,阮俊华,2022-05-04 10:56:44,48,102,54,一眼丁真鉴定为评论区七成水军
153565,1046,阮俊华,2022-05-05 00:53:52,8,22,14,“低需氧老师”即使被评1分也应该无所谓的吧？分数越少，老师应该越努力才对。
153567,1046,阮俊华,2022-05-05 02:02:44,8,29,21,傻逼 日你老母
153590,1046,阮俊华,2022-05-05 10:11:16,4,13,9,建议丢到太空，毕竟你低需氧
153595,1046,阮俊华,2022-05-05 10:40:31,3,20,17,救命啊，求求水军看看别的老师的好评怎么样的吧。\n\n写的话看起来就是溜须拍马小跟班，滚呐
153598,1046,阮俊华,2022-05-05 11:00:14,8,20,12,低需氧真的牛逼
153617,1046,阮俊华,2022-05-06 05:40:32,-4,14,18,厌氧丁真，鉴定为 你马不吃草要死。
153633,1046,阮俊华,2022-05-06 16:42:30,0,14,14,水军能不能上点心？
153636,1046,阮俊华,2022-05-06 23:48:57,-4,9,13,建议老师降低工资吃草挤血哦
153673,1046,阮俊华,2022-05-07 12:25:18,0,6,6,我们是否应该成为低需氧人才？
153674,1046,阮俊华,2022-05-07 13:38:31,-4,10,14,傻逼老师
153686,1046,阮俊华,2022-05-08 08:18:57,1,17,16,厌氧丁真，鉴定为傻阮
153820,1046,阮俊华,2022-05-12 05:31:23,12,16,4,承认老师确实很有能力，但在做一些事情的时候太个人主观性了，而且对男女生存在性别偏重
153850,1046,阮俊华,2022-05-13 05:36:42,-4,9,13,多少有点毛病
153978,1046,阮俊华,2022-05-18 10:55:22,0,11,11,低需氧人才…快进到人有多大胆地有多大产
159800,1046,阮俊华,2022-09-01 01:12:09,0,11,11,搞传销
159894,1046,阮俊华,2022-09-08 05:17:24,2,15,13,想成功，三条路：绿色浙江，求是强鹰，紫领计划。总之，彩虹人生。\n\n绝对的1分。
160007,1046,阮俊华,2022-09-11 12:44:00,-3,12,15,传销老师
160992,1046,阮俊华,2022-10-23 12:30:15,20,41,21,不是水军，想认认真真写点东西。\n\n自己是一个农村来的孩子，大一加了紫领和校学生会，但两者对比，在校会玩的开心，但在紫领收获更大，在校会除非做到部长或者主席团，其余很少有时间和老师们交流，但在紫领，只要你敢去找阮老师，阮老师的们永远是开着的，一个常务副院长，类似我们学院的党委书记，能这么愿意和学生交流，与我的两次交流中，我感受到了真诚。\n\n之前低需氧人才那篇文章，我在离开紫领去之江时，斗胆问了一下阮老师，因为那篇文章也是他如今没有过去两年风光的主要原因，也是如今重满骂名的原因，的确写的不好，没什么可说的，特别是在这个社会，几乎是走到了青年人的敌对面。但阮老师的回复很令我动容，细细想到，他其实在不断为强鹰、紫领去争取同学们的福利，无论是志愿者、还是一些学习机会，但阮老师最大的问题其实是 在有的时候没有一些老师那么圆滑，可能一写话很容易去得罪一些人。今天在车上看到阮老师在忙完一场面试后颤颤巍巍走后，一些真情实感，随便写点，轻喷
161731,1046,阮俊华,2022-11-11 12:40:42,1,17,16,官僚主义太严重，就是个大学老师感觉自己比国家领导人还牛逼\n\n逃开彩虹人生
162355,1046,阮俊华,2022-11-20 16:54:38,3,21,18,这个水军团队话术太生硬了吧！属于是一眼丁真的尬吹水平
166585,1046,阮俊华,2023-01-13 02:23:39,26,41,15,评价一下，阮某确实是一个有能力、有理想、有情怀的人物，搞的紫领计划确实比较有水平，联系了非常多的高官位导师，给紫领学员搭建了很好的平台和人脉，如果真的想从政，那么紫领计划确实是有价值的。\n\n但是你搞的紫领秘书处特么是什么东西？你的成就，你的事业，让一群以学习为主业的大学生来给你买单？辣鸡组织，不多说了。想体会一下就赶紧来参加吧！\n\n志愿者小时数也没，什么诸如学业指导上等等等等的隐形红利也没，你紫领秘书处拿什么跟其他社团比？
174059,1046,阮俊华,2023-06-06 08:52:23,2,30,28,实话实说，本科参加了诸多社团组织，最后悔的选择就是加入了阮老师的某鹰。本科参加了诸多实习，最后悔的就是参加了某鹰计划，实习被pua，甚至有一些无法言说的事情，导师选择请重人品…
178258,1046,阮俊华,2023-07-09 03:24:09,1,17,16,你真的是nb啊阮俊华，纯纯pua大师
179446,1046,阮俊华,2023-09-16 01:34:36,-3,3,6,感觉要寄
179699,1046,阮俊华,2023-09-19 11:23:33,-7,11,18,是很恐怖的老师。官僚资本主义。
179701,1046,阮俊华,2023-09-19 11:24:23,1,5,4,666
180720,1046,阮俊华,2023-09-25 10:48:00,-4,11,15,政治高压打击异己，不禁让我想起了一位故人。
181906,1046,阮俊华,2023-11-07 06:25:56,6,23,17,想成为希特勒一样的煽动者，却又没有那个能力，反人类和毒瘤程度倒差不多，这老师搞笑是真的搞笑
181907,1046,阮俊华,2023-11-04 12:36:19,-7,9,16,🌿泥马
182313,1046,阮俊华,2023-11-14 12:02:20,1,6,5,给阮老爷磕一个
182318,1046,阮俊华,2023-11-14 13:19:59,12,20,8,这个老师我蹦做出太凶狠刺激的评价，我只能够说说，如果你喜欢听相声，喜欢一些比较歪曲的道理，例如一些奇怪的价值观（比如想要卓越就不要谈恋爱），以及想去听传销组织头头讲话（孤注一掷，懂得都懂）/
182489,1046,阮俊华,2023-11-16 12:16:12,-4,6,10,无语了
182814,1046,阮俊华,2023-11-21 05:36:01,5,11,6,给阮老爷磕一个
183237,1046,阮俊华,2023-11-23 04:20:52,10,15,5,感谢阮姥爷
183311,1046,阮俊华,2023-11-23 15:13:39,5,7,2,还不错
183319,1046,阮俊华,2023-11-23 16:01:14,27,38,11,还行吧，他本人虽然讲的不怎么样，但是后面请到的演讲的老师都讲的很好！确实是能给人启发性的！并且看在给分挺好的份上，及格分还是有的
183394,1046,阮俊华,2023-11-24 15:47:11,46,52,6,给分好，想水可以做自己的事情，想听也能学到东西。感觉阮老师可以锻炼一下演讲技巧，比如不要全程音量都特别大，这样听着容易疲惫烦躁，要有轻重缓急。
183795,1046,阮俊华,2023-11-30 06:55:30,34,44,10,怎么说，我觉得老师人很真诚，他也真的很坚信他的彩虹人生，但是这一信仰已经发展到了他开始搞传销的程度......
184833,1046,阮俊华,2023-12-23 08:13:30,-6,9,15,shabi
184859,1046,阮俊华,2023-12-23 13:55:03,-3,10,13,水军太多了
184932,1046,阮俊华,2023-12-24 13:14:56,51,75,24,如果没有这么爱“折腾”的一位好老师，浙大真的会少了很多有趣的故事吧
184941,1046,阮俊华,2023-12-24 14:02:43,34,46,12,很好的一门课，给分也很高，在前面的讲座中会有和一些在各方面的成功人士的近距离接触和提问，收获很多，并且只用上四节课，还有企业的实地参访，对自己大学生涯规划和未来发展指南有很大作用，最后只有一篇关于创新创业的论文，收获很多，事也很少，可以在较小的时间里，学到很多
184946,1046,阮俊华,2023-12-24 14:53:10,-8,11,19,不是你开个课怎么还宣传到我们学院的院群了？你配吗你这玩意
184947,1046,阮俊华,2023-12-24 15:05:01,13,17,4,很好的老师，给分也不错
184951,1046,阮俊华,2023-12-24 15:11:31,23,30,7,《双创实践启蒙》这门课对于有创业打算的同学而言真的可以带来很大的帮助，邀请到的授课老师都是名副其实的企业家，有着伟大的情怀和深厚的经验。同时企业的参访也含金量十足。可以说如果想要初步了解创业以及企业家需要具备何种精神，这门课绝对值得。而带着自己的思考，抱着创业的思维去完成每节课后的作业，不仅能收获全新的感悟，也会获得满意的绩点。
184952,1046,阮俊华,2023-12-24 15:12:03,35,41,6,就创新与创业实践启蒙这门课来说，阮老师真的链接到了很多很棒的讲座资源。自诩听过许多创业演讲，这个课堂的质量确实在第一梯队。有幸在大四这一年得到嘉宾们的激励，没有选择完全躺平，而是去开启了一些新的尝试，也非常感谢负责的助教团队一路为同学们服务～
184954,1046,阮俊华,2023-12-24 15:27:25,14,22,8,很好的老师，有情怀，更有坚持；很好的课程，有干货，更有收获！！开始不难，难的是数十年如一日的坚持！！老师不少，少的事难得的人生导师！！高人指路，贵人相助，让更多人信仰起来！！我在紫领和强鹰收获了宝贵的经历、宽广的眼界，以及友情甚至爱情，女朋友也考上了选调生！！结婚都想要阮老师来证婚！感谢彩虹人生！感谢阮老师！！
184958,1046,阮俊华,2023-12-24 15:39:09,18,24,6,事少分高一门好课～老师也很有激情推荐大家选
184959,1046,阮俊华,2023-12-24 15:41:21,15,21,6,感觉这门课还是不错的，很多厉害的企业家给我们分享，传递正能量，也学到了不少东西。
184961,1046,阮俊华,2023-12-24 16:02:17,6,9,3,好课，推荐
184964,1046,阮俊华,2023-12-24 17:15:16,54,92,38,双创实践启蒙课是好课，对老师反感的可以理性提出和客观评价，只会人身攻击和谩骂的祝以后被回旋镖
184966,1046,阮俊华,2023-12-24 18:12:26,16,19,3,在刚有双创这门课时，我就报了这门课，现在结束几个月了。\n\n首先，平心而论，阮老师的风格确实很独特。但他只带第一节课。而且后面一共就三节课，最重要的是每节课都有不同领域的大咖过来完完整整地上好属于他们各自的课。我上的时候，上课的有我是演说家全国总冠军， 有中国乃至世界潮汐发电的领军人物，有多年如一日坚守环保组织的精神小伙。他们不是过来露个面就走，而是很认真地去分享他们的经历和感受。\n\n然后说到阮老师。一位一手创办了强鹰、紫领、绿之源等组织、社团和其他活动的浙大的教授，一位号召起来近百位青年企业家、领军企业家、资深政界人士的人物，其人格魅力是可敬的，可学习的。确实，他的性格有其独特之处，但也很正常，很有趣。\n\n大家各有各的喜好。没有一门课能满足所有人的要求，但我觉得这门创新创业启蒙博雅课程，已经兼顾了大多数人的想法和需求。这门课没有小组展示，没有小组讨论，不需要你社牛，不像许多别的职业相关课程一样；你需要做的，就是简单的到课，很短但要真实的读后感，还有一颗期待的心。\n\n在大学，一场讲座，可能就是你未来的一个方向。曾经疫情时代，外面的社会人物进不来，学生们苦于闭塞的学习。现在，像这样有众多的名家讲座的校园，真正是百花齐放思想活跃乃至迸发生命力的校园，才是兼收并蓄又活跃包容的大学。没有任务的压力，听听别人的故事，或许还能有自己的启发，顺便拿到创业课分，它不香吗？
184967,1046,阮俊华,2023-12-25 01:01:29,3,6,3,谦逊基于力量，傲慢基于无能。\n\n尼采
184971,1046,阮俊华,2023-12-25 02:19:20,1,5,4,给分好，水分选
184986,1046,阮俊华,2023-12-25 05:11:22,91,123,32,第一眼印象不是特别好，看上去爱吹嘘，好大喜功，喜欢把优秀走向卓越挂在嘴边，后面去上了他的课发现他确实干了实事。双创启蒙比起那些没用的职业规划书可好太多了吧？这节课可以选择听与不听，课上请来的人物也都是大咖。走进的企业更是很顶的大企业，真的很适合拓展视野。就从他干的事情来看就能断定是个好老师。
185056,1046,阮俊华,2023-12-26 04:39:25,7,10,3,事少分高还行吧，课上也没什么事，就当自习了。其实在课堂上听很多大佬来讲课感觉还不错，听听课堂之外的事，也许能脱下长衫哈哈，也许只是我想多了，不过我也的确能见到很多除了当纯纯牛马打工人之外的发展路线，还蛮好的
185114,1046,阮俊华,2023-12-26 10:52:07,11,16,5,撇开rjh老师不谈，就《创新创业实践启蒙》这门课来说，确实是一门性价比比较高的课程。能够借此机会和校外比较知名的企业家上课交流、去阿里云等企业参访，这种经历对于之后对商业、创业比较感兴趣的同学对于了解前辈的创业历程、一些伟大的公司确实有所帮助。并且作业也只有每次课后感想+最后的一篇总结，整体下来还是比较轻松的，也能够拿个博雅技艺学分。
185185,1046,阮俊华,2023-12-27 03:22:43,9,16,7,看到创新创业实践启蒙课有陈行甲、林东、忻皓、方毅、倪徳锋、小邪等众多卓越人物公益支持阮老师，看到2022本科毕业只身赴西藏那曲基层工作的武超学长对阮老师的评价，感受到老师对同学们的真诚关心和爱心用心。
185207,1046,阮俊华,2023-12-27 05:14:03,15,28,13,这个评价网站不是评价老师的课程吗？阮老师双创实践启蒙的课就是很好啊，听陈行甲上课的体验非常好，高赞的评论真的上过课吗？？没上过课有什么资格评论
185238,1046,阮俊华,2023-12-27 08:09:54,42,91,49,那个说官僚预备班的评论给俺整笑了，喜欢匿名装杯是吧，怎么思政育人的理想信念培养你就一杆子打成官僚预备班了。是参加过几次活动还是对大学改革研究多深入？是关心了几位在基层工作和付出的浙大校友还是学术上为浙大添了几分门面？搞不懂是在黑蔡元培老先生还是想黑北大，怎么随便拿个例子就能开始串阿。且不说历史方位转换，时代特征变化，省情校情各异，甚至管理理念差异了，抛开这些不谈直接照着念稿子是吧，还装得挺伟光正。浙大毕业的不配从政是吧，不该去基层服务人民是吧，不该在大学修炼信仰引领方向是吧，作为“两个先行示范区”，不该去推广先进经验？作为浙江唯一三本，培养的人才不敢挑起为国为省为民的职责等着清北过来教你做人？作为世界一流大学，不该政商学融贯然后为世界发展提供中国智慧？开口闭口就官僚，合着在大学不敢旗帜鲜明讲政治，树立高尚理想，指望你成为社会打工人亚历山大的时候能良心发现去服务人民？还是说C9高校“名牌大学”的学生毕业后就都别从政，把位置空着留给一些只想躺平摆烂和弄权谋私的人去坐是吧，就你这种无信仰不担当只会写小纸条呻吟的，放革命年代不知道去哪躲着安逸去了。竺老校长说的大学绝不只是培养某一类人才，而是培养“公忠坚毅、担当大任、主持风气、转移国运”的领导型人才，仕而优则学，学而优则仕，如果没有这种平台给浙大学子提供学习和实践机会，你出社会谁屌你阿，就你搁哪躺着看两本书还迈不开步子就能变成这样的人才？民国是只有学术？大学是只要学术？政商学你眼睛只盯学，质疑浙大培养不出有能力的政治人才还是对他人的未来选择有道路歧视？既无尊重也无思考更无素质，你以为大伙给你顶上去是认同你？看小丑罢了。看看您这么深邃的思想现在是在哪个领域有突出成就了来认领下？真别失业了之后求着考编上岸或者润去国外生存不下来吧。一眼顶针，假扮公知。事情不知道做了啥在这指点江山，祸害多少需要平台成长锻炼学习的浙大同学！
185266,1046,阮俊华,2023-12-27 12:14:41,9,16,7,双创启蒙是新开的创新创业课，这确实是一门好课，想自习的同学可以放心自习，除了每节课开始gps点名之外没有别的事情，每节课后200字感想，负担真的不大，给分也好。想学习到相关知识的同学也有很多机会可以学习到创新创业相关的知识。阮老师以前固然产生过一些问题，但是不妨碍这是一门好课以及阮老师确实是有在努力为学生做事情的好老师。
185283,1046,阮俊华,2023-12-27 13:39:43,0,4,4,怎么秋学期结课现在怎么多人评论
185343,1046,阮俊华,2023-12-28 05:34:08,38,60,22,去年毕业的时候，我到选择到西藏基层工作，在海拔4500米的那曲，没有电没有水，一到冬天零下三十度，每天面对的都是砸在脸上的大雪和寒冷缺氧的夜晚。虽然在杭州的千里之外，但阮老师一直关注着我的成长，多次给我打电话交流，鼓励我坚持自己的初心，他和我说一代一代的浙大人始终饱含家国情怀，为国家富强和民族进步不懈奋斗，他希望未来可以有更多的同学将自己的人生和国家前途命运紧密结合，实现自己的人生价值。彩虹人生为我们的成长提供了很好的平台，在这里可以遇到很多志同道合的同学朋友，大家为了共同的理想奋斗。我相信有阮老师日复一日的坚持，有更多满怀理想的同学一起奋斗，紫领会越来越好。
185368,1046,阮俊华,2023-12-28 11:50:59,1,3,2,真心好
185387,1046,阮俊华,2023-12-28 15:27:00,-1,4,5,阮老师二十多年如一日为同学们搭建学习平台的用心非常感人，课程邀请的校外导师的分享也很有收获
185681,1046,阮俊华,2024-01-03 13:10:20,2,5,3,Ⅹ屎屎
186262,1046,阮俊华,2024-01-10 07:32:29,2,3,1,给分可以，想学到东西也可以从后面的导师上学到，别乱看水军，不想学东西，课也能水
188729,1046,阮俊华,2024-01-19 17:27:52,0,1,1,别的不说，给分真好
189105,1046,阮俊华,2024-01-22 02:20:32,0,6,6,老师可能在教学上能力略逊其他老师一筹，但是他本身所做的事情是很有意义的，创新创业实践启蒙这门课让我学到很多。尤其是去企业的参观，让我看到一些大佬的有趣灵魂。
190728,1046,阮俊华,2024-03-16 08:44:35,-48,3,51,我余涛实名10分，创业引路人！照亮浙大的光！
190838,1046,阮俊华,2024-03-21 03:33:25,19,23,4,？？？楼下的，我才是余涛。阮老师好是没错，但你假冒别人是不对的呀
191021,1046,阮俊华,2024-03-28 12:03:59,0,2,2,好好好
191095,1046,阮俊华,2024-04-02 10:59:32,5,7,2,逆天言论无话可说
191147,1046,阮俊华,2024-04-08 14:37:14,18,19,1,都别争了，其实我才是如假包换的真余涛
191163,1046,阮俊华,2024-04-10 05:24:35,80,87,7,我们浙大也有自己的尊者
191281,1046,阮俊华,2024-04-16 13:28:10,3,6,3,有毅力有能力有势力的成功的理想主义者
191379,1046,阮俊华,2024-04-19 02:36:03,-3,4,7,阮老师是一位好老师，双创课程真的不错
191471,1046,阮俊华,2024-04-23 11:02:08,2,4,2,。。。
191473,1046,阮俊华,2024-04-23 11:02:49,5,5,0,会教你各种社会规范（当然有时候挺无聊），但是点名非常频繁，有签到和签退.ps:课程人满为患
191479,1046,阮俊华,2024-04-23 11:37:35,50,60,10,他的事业很伟大，我没有资格评价，但是人就一官油子，在学校过足官瘾\n\n另外1分抵抵刷分仔
191509,1046,阮俊华,2024-04-24 05:27:39,-3,7,10,好老师，讲课很好
191902,1046,阮俊华,2024-05-04 09:56:43,15,17,2,就事论事 只谈双创启蒙这门课 请来的很多讲课老师都讲得很好 特别是陈行甲 感动到我了 每节课都点名 课后感悟+一次企业实践和感悟+一次企业调研和感悟+课程论文 对i人挺友好的 最后给分也很好 作为创新创业课来说真的很好了 推荐！
192182,1046,阮俊华,2024-05-11 04:10:10,12,14,2,课不错\n\n人也还好\n\n大多数信徒可敬，少部分拥趸恶心
192915,1046,阮俊华,2024-05-31 13:53:03,19,24,5,老师口才或许确实一般，只能重复一些没什么用的大道理，但他开的这门课确实很不容易，对创新创业的同学以及我们的一些未来规划都是很有帮助的，外面很多老总确实也是有本事的，但有些纯来吹牛皮的就挺恶心的，希望这课越办越好吧
193083,1046,阮俊华,2024-06-03 09:56:58,-8,1,9,给分不错
193180,1046,阮俊华,2024-06-04 08:06:43,12,14,2,请的老师感觉有的就是纯吹牛逼
193512,1046,阮俊华,2024-06-12 05:57:29,28,31,3,简单说下双创这门课的情况：\n\n每节课点名两到三次，但是多数时候只点名两次，其实在北教其它地方自习也是能签上的。（需要有个托和你说下签到时间）\n\n短学期，一共8节课，21:00下课。\n\n每节课后要写500字感悟，周五晚前上交。\n\n同时一次企业参访，周五下午去的。500字感悟。\n\n一次企业调研，周末时间可以选的，要写调研报告，1000字报告。\n\n还有一篇期末论文，有关自己学科的创新创业，1000-3000字。\n\n事情很多。但课堂本身还好。
193655,1046,阮俊华,2024-06-14 13:01:30,-60,9,69,这门课最大的收获莫过于能够和很多真正卓越的人近距离交流，从而在内心埋下创新创业的种子，点燃追求卓越的激情，学习他们的创新创业精神和家国情怀。而且还能结交很多同样优秀且志同道合的朋友，互相交流彼此新奇的想法，相互学习，共同成长。
193722,1046,阮俊华,2024-06-16 13:15:40,10,13,3,20240614那条评论，一眼丁真
193854,1046,阮俊华,2024-06-20 08:44:41,13,16,3,纯纯传销
196164,1046,阮俊华,2024-07-02 02:27:43,21,23,2,有人用全用GPT然后满绩\n\n也有人纯手写然后绩点很低。\n\n总之就是不要在这种水课上花时间，只会觉得性价比等不够公平。。。
201106,1046,阮俊华,2024-10-28 15:02:42,5,10,5,别的不多说，就是请过来的某些学长创业能力或许不错，但素质实在有待提高，课上讲女生的黄段子，半夜打电话到女寝骚扰竟然被说成是上大学时最大的乐趣？这样的学长真的适合进入课堂分享吗？只能说来分享的老师水平参差不齐（确实有好的），但另一部分……\n\n还有就是互动的全是托，坐第一排加分也是纯纯傻逼，提前一个半小时去教室已经全被占完了（虽然我也不想坐一排，但这种加分未免太难评，说是鼓励学生坐第一排积极听课，实际就是几个卷王坐第一排开着电脑做自己的事情，也完全没有尊重来讲课的老师）
201347,1046,阮俊华,2024-11-13 01:54:24,0,6,6,在我看来这堂双创课对那些真正有创业想法的人是有实质性的帮助的，不喜欢阮老师的人一定会有，但是他在做的事情绝对是厉害的，个人虽然不喜欢听课但是对阮老师保有深深的敬意\n\n给我的分数不是很好看，改成8分
201702,1046,阮俊华,2024-11-05 13:43:05,5,9,4,依托愁勾石
201815,1046,阮俊华,2024-11-06 12:38:55,6,10,4,在ZJU真正意义上的第一坨答辩
201898,1046,阮俊华,2024-11-07 08:43:38,0,5,5,感谢尊者开悟🙏\n\n老师我太想进步了！
202302,1046,阮俊华,2024-11-11 10:53:03,-2,6,8,老师挺抽象的，请来的企业家有的基本都在吹nb，有的还是很有帮助的，给分高事少，上课可听可不听，总体来讲还是推荐选的
202409,1046,阮俊华,2024-11-12 12:00:38,3,6,3,传销组织
202446,1046,阮俊华,2024-11-12 23:38:49,0,1,1,2024秋开始事情更多了，每人有pre，但给分还不错
202447,1046,阮俊华,2024-11-12 23:40:44,1,1,0,客观的
202465,1046,阮俊华,2024-11-13 00:48:48,3,8,5,依托答辩
202473,1046,阮俊华,2024-11-13 01:08:29,5,6,1,客观评价，每节课点两次名，事情真的很多，一共要写500*7+3000+1000+1000左右。但最后给分还蛮好的。
202479,1046,阮俊华,2024-11-13 01:24:12,1,5,4,课内容超多但纯纯吹牛逼
202480,1046,阮俊华,2024-11-13 01:33:45,3,3,0,2024年秋冬开始，这门课的学分由原来的0.5增至1.5学分，给分也发生了相应变化。我课后感悟基本沿袭23年秋冬，但是总评多了10分。
202493,1046,阮俊华,2024-11-13 02:07:12,2,3,1,事情很多给分很好
202494,1046,阮俊华,2024-11-13 02:13:26,2,3,1,事很多，但分也很多
202509,1046,阮俊华,2024-11-13 02:41:31,7,7,0,就是事情多，每节课都写课后感悟\n\n都用ai生成的\n\n有pre宣讲，两次企业参访和实践调研\n\n绩点4.58平均分其实挺好了吧
202579,1046,阮俊华,2024-11-13 07:58:14,1,1,0,上课除了点名多之外其他还行， 事也有点多
202630,1046,阮俊华,2024-11-13 13:07:01,1,5,4,很负责务实的老师，双创课能够提供非常难得的与杭州一线青创产业负责人交流和深入企业调研的机会，水课的话不建议选，如果想要真正有所收获、积累创业经验非常值得推荐！另外如果想要锻炼交流管理能力狠狠建议报名当组长，事情会多一点但是收获很大
202633,1046,阮俊华,2024-11-13 13:14:25,2,4,2,好老师，无需多言
202737,1046,阮俊华,2024-11-14 05:31:44,9,13,4,可能有同学刚刚上双创课还不太适应阮老师的风格，对阮老师有误解。其实，阮老师是真心给我们请来真真正正的大佬给我们做真真正正的讲座的，与其质疑其目的，不如观察，学习，提升自己
202805,1046,阮俊华,2024-11-14 12:46:24,18,20,2,一门靠一节课两次签到和给分留住同学的课
202952,1046,阮俊华,2024-11-15 10:57:58,10,15,5,给9分吧，扣一分的原因包括但不限于一节课多次签到点名、有时拖堂能拖十多分钟、他本人讲课内容不行\n\n但是企业参访和调研是很难得的经历，听他请来的各位老师分享故事也收获很多，最后得分也很好，所以还是给了九分。
203164,1046,阮俊华,2024-11-17 13:34:30,-4,10,14,给9分\n\n接触下来发现，老师是一个真实、纯粹、真心为学生考虑的人。至少这样的人担得起“老师”、“先生”这样的字眼。\n\n至于说老师有的观点可能有些老旧，过分激进什么的，首先这个是可以讨论的，不是原则性问题；其次，吾之蜜糖，汝之砒霜，这个不同人好恶也不同，至少老师人品没问题，也愿意帮助学生。说句实话，这样的老师在今天的浙大已经不算好找了。
203180,1046,阮俊华,2024-11-17 16:00:13,0,6,6,很有情怀的一位老师，因为育人情感很深、很想更好帮助更多学生，导致身边有一小部分学生因为有误解开始诋毁。平心而论，是位好老师。
203290,1046,阮俊华,2024-11-19 02:49:52,-1,12,13,看一个老师，不在于他说了什么，而要看他干了什么！发现帮助同学学术科研成长的启真问学创新平台也是阮老师创办和牵头负责的，发现竟然有300多位浙大专业教师教授参加做志愿者结对服务本科生上千人。阮老师竟然做了这么多好事实事！
203399,1046,阮俊华,2024-11-19 12:16:22,36,40,4,泥折有自己的斜教）被信徒鹅心到了，一分刷下，信徒天天刷不累吗）纯纯传教，非要让加入紫菱什么的不加入仿佛就会失去人生，过好你自己的彩虹人生吧（）
203612,1046,阮俊华,2024-11-20 07:07:30,22,24,2,传销强者
203955,1046,阮俊华,2024-11-22 08:29:01,17,19,2,营销有一手的
204009,1046,阮俊华,2024-11-23 03:22:32,-1,7,8,能给机会企业参访其实挺宝贵的，而且给分还行
204997,1046,阮俊华,2024-11-29 10:18:07,-20,5,25,启真问学平台是阮俊华老师一手操办起来的，可以说是全浙大真正为同学服务、为同学着想、门槛最低的本科生科研平台。好好把握机会，或许是一次改变人生的机会
205191,1046,阮俊华,2024-12-02 12:48:40,-14,1,15,还不错，的确创建了一个很好的平台
205255,1046,阮俊华,2024-12-03 09:46:15,4,5,1,………
205269,1046,阮俊华,2024-12-03 13:52:23,-7,3,10,谢谢老师所作的事情
205718,1046,阮俊华,2024-12-11 12:15:33,6,9,3,呃，有些讲座还不错的，每节课两次雷达签到，现在坐第一排加分机制取消了
206095,1046,阮俊华,2024-12-20 04:48:47,18,23,5,请水军刷分是吧，差评
206652,1046,阮俊华,2024-12-17 03:13:39,-4,5,9,事儿挺多，每节课都雷达签到，但是给分不错，课程内容也很好。
207084,1046,阮俊华,2024-12-19 07:17:01,23,26,3,给了8分，10分是给请来的老师的，rjh-2分🤓
207218,1046,阮俊华,2024-12-20 01:55:16,-35,4,39,10分，双创课邀请著名企业家、创新家、创业者来为浙大学子开办讲座，这门课认真听真的可以收获很多，只是许多人都埋头做作业或者看手机电脑，没能理解阮老师的良苦用心。所谓“传销”更是无稽之谈，本人没有参加强鹰之类的项目，只是参加过启真晨跑，真心觉得阮老师很关心学生发展！
207227,1046,阮俊华,2024-12-20 02:20:29,-14,8,22,第一印象觉得有点喜欢说漂亮话，但是后来接触下来发现是非常平易近人，为学生真正提供平台和机会的老师，真的是在为学生做实事。
207234,1046,阮俊华,2024-12-20 02:35:31,46,49,3,“当初还有人骂我是法轮功”， 于是尊者现在开始做包装精良的“法轮功”
207246,1046,阮俊华,2024-12-20 03:58:40,50,55,5,课程群直接有同学发100个红包让大家帮顶夸课程的帖子，发现有人不喜欢课程助教直接下场让大家守护，好一个提纯好一个捂嘴，最厌恶的就是这种风气
207248,1046,阮俊华,2024-12-20 03:25:40,-40,4,44,君子论迹不论心。有些学生说阮老师的课是“传销”，自己自视清高，我想问问你如果负责学校的创新创业工作，有没有阮老师做的好。从“彩虹人生”到“创新创业实践启蒙”，整个浙大的双创教育，哪里没有阮老师的影子？刷低分的同学，建议自己反思一下，是不是“心”里生了病。我听过阮老师的课，上过“创新创业实践启蒙”，我觉得我的收获很大，也很钦佩阮老师的事业。立德树人，思政育人，阮老师值得！
207250,1046,阮俊华,2024-12-20 03:38:16,34,38,4,负面评价多想想自己的问题，在vx群刷什么“保护正能量”真是让我彻底开眼了。审视历史人物尚且要批判性评价，当代一位大学老师就要只谈贡献不谈缺陷了？你们妄图塑造一个什么神话式的人物？后来的各位，查老师里对其批评和认同大多属实，没有彻底的夸赞与诋毁，请大家自行分辨\n\n阮先生原话：“每个人的认知不同，决定了未来的追求和发展不同。”那么请问你的认知便是只能看到、只允许谈你的贡献，若有指出你的问题的，都是他们认知的偏差？\n\n助教：“然而在查老师看到了部分负面评价。\n\n希望大家把“保护”打在公屏上，正能量需要被保护。希望不要因为部分恶意评价让其他同学受到误导，感谢大家。”我想说，什么是真正的误导？难道清一色的好评、有功无过不是误导？难道你现在在做的引导大家只去夸赞莫去批评不就是一种误导？再谈”恶意”，为什么说批评一个人便是恶意？对你一味的夸赞、以偏概全的认同、不真实的评价才是真正的恶意。
207251,1046,阮俊华,2024-12-20 03:41:00,-24,3,27,作为大一的学生，如果不是有这门课，我是不可能接触到那么多优秀的企业家的，不可能有与他们面对面提问的机会的。或许最开始选课时，我很大程度上是因为给分好而选的，但一次次课堂下来，越来越觉得这门课提升了我自己的认知，给了我更多机会，真的收获满满，也非常感谢阮老师给了我们这么好的平台！至于对于一个人的评价，我们不能只看他说了什么，更要看他做了什么。有些人说阮老师宣传自己，可是如果不宣传自己又有谁会知道信服呢？更何况阮老师是实实在在做到了，一个老师费劲心血将这么牛的老师都请进课堂，除了情怀外还有什么可以解释呢？而老师还为这门课申请了二三课堂学分，为的不就是我们学生能腾出时间去做更多有意义的事吗？如果想真正有所收获，强烈推荐这门课！
207252,1046,阮俊华,2024-12-20 03:35:14,16,17,1,朵朵请水军真绷不住了
207253,1046,阮俊华,2024-12-20 03:35:24,21,22,1,看到查老师分数低第一反应居然是请水君刷分，你无敌了孩子
207255,1046,阮俊华,2024-12-20 03:40:36,7,7,0,氵如军
207258,1046,阮俊华,2024-12-20 03:43:13,6,7,1,事多课烦像传销，现在还去朵朵上请水军了，查老师上还开个新马甲，给分也不过差强人意
207262,1046,阮俊华,2024-12-20 04:04:05,3,4,1,抽象。他自我评价很对，知道不喜欢自己的人不少，犟，但确实起了桥梁作用，不过演讲真不行。请来的人有不错的，但也不是都很好，有的没讲透。
207264,1046,阮俊华,2024-12-20 04:13:16,-5,0,5,事多分多，还行吧
207265,1046,阮俊华,2024-12-20 04:17:47,5,5,0,事多分多，老师是有情怀的，但至于行为方式我只能说不咋看得惯，不是传销胜似传销。发现查老师有不好的评价，直接在班级群里发问让大家顶贴子，刷屏“保护”，这我真的很难评价……最后给分8分吧，请来的老师10分，真的挺不错的，但是rjh-2分
207273,1046,阮俊华,2024-12-20 04:56:00,-4,2,6,那些和每节课两次点名过不去的真是笑死了，这不是最基本的到现场就行吗？要是真想去都不去的水课那你报其他的啊，多了去了，在这里要什么画面呢，人家在讨论课好不好，你连听都没听过在叫什么？这大也是蛀虫不少
207277,1046,阮俊华,2024-12-20 05:23:23,2,2,0,水如军
207280,1046,阮俊华,2024-12-20 05:38:22,-1,3,4,这门课是老师请各个企业的大牛讲课，含金量不错，事多分多，课前课后两次点名，老师说话有点像传销，但总体还不错，参观企业什么的按照老师说的还能加二课和三课分，但对于老师在查老师里面新开马甲，在98和朵朵以及群里面拉拢水军刷分带节奏的做法感到恶心，评价一个人要看他做了什么这句话自然不假，老师确实做了很多实事，但这些像传销一样的操作同样是他做的，只能说辩证看待
207287,1046,阮俊华,2024-12-20 07:13:33,-1,1,2,装逼且牛逼
207288,1046,阮俊华,2024-12-20 07:23:23,2,2,0,这人要是别想着给自己刷好评根本不会有这么多事，笑死了
207289,1046,阮俊华,2024-12-20 07:23:33,1,1,0,自卖自夸，喜欢讲自己有多厉害，还一堆事
207290,1046,阮俊华,2024-12-20 07:25:17,1,3,2,???慕名而来打1分
207297,1046,阮俊华,2024-12-20 08:14:03,1,2,1,懂的都懂
207302,1046,阮俊华,2024-12-20 08:44:34,-1,1,2,好好好
207305,1046,阮俊华,2024-12-20 09:01:01,0,1,1,利益不相关，但pyq，朵朵上经常脏眼睛，来扣一个
207315,1046,阮俊华,2024-12-20 10:40:19,1,2,1,我觉得作业好多QAQ但是嘉宾们其实都挺好的，特别是最后一节课的陈行甲老师，有些长评说到这门课阮老师有些浮夸，像传销确实是对的。感觉这也是时代通病吧，太过于浮躁喧嚣(￣_，￣ )
207318,1046,阮俊华,2024-12-20 10:49:23,-4,1,5,十年前的一份初心，化作坚持十年的育人使命，团结吸引数以百计的社会各界精英人士，通过一步一个脚印的带徒实践，影响成就了无数的青年学子！阮老师，用十年告诉我们，专注一件事并把它做到极致，就是最大成功！
207323,1046,阮俊华,2024-12-20 12:06:38,0,0,0,给分还行吧，感觉确实比其他同类课程事少点，内容不评价感觉观念有点老旧
207336,1046,阮俊华,2024-12-20 14:50:32,3,3,0,官僚主义、形式主义，rjh一刻不停地大谈自己的黄土地计划、紫领、强鹰，受不了了啊啊，在各个群里面疯狂转发这些项目的推文、图文，要宣传也不至于这样宣传吧，真的传销头子……他指导的那些组织里面的氛围据说有些也非常难绷，真的是近墨者黑……
207337,1046,阮俊华,2024-12-20 14:56:25,1,2,1,赏你一分可怜可怜你
207358,1046,阮俊华,2024-12-21 02:01:33,11,12,1,请水军难评
207366,1046,阮俊华,2024-12-21 02:43:17,17,17,0,喜欢请水军是吧😅😅😅
207374,1046,阮俊华,2024-12-21 04:02:42,4,5,1,乐水军
207393,1046,阮俊华,2024-12-21 07:40:50,6,7,1,请来的人水平也参差不齐，7-8分最多了，再扣除rjh的傻*言论和一堆破事，6分
207398,1046,阮俊华,2024-12-24 11:01:52,15,17,2,阮把学生当作试验田了，说实话课程内容挺不错的，但是要忙的事对不上1.5的学分，创业本身是要有钱有人脉的，虽说生活无处不存在创新，大多数人只需要了解一下思想就行了，真不是所有人都能把握时代风口致富的.总而言之1.5学分性价比低，看得出来阮很想继续自己的课程实验但是不算成功，给一点建议，减少课程作业或者改成2学分课程，大多数人都是来混着2学分的大家都清楚😅
207410,1046,阮俊华,2024-12-21 10:46:56,6,7,1,周末宣讲拖堂这么久真的要脸吗？我可真是潮死你的马
207411,1046,阮俊华,2024-12-21 10:58:23,20,22,2,论课程质量，创新创业实践启蒙在创新创业类当中毋庸置疑是真正的好课，是实实在在能让低年级本科同学学到东西、开阔眼界的，也从来不会在给分上为难同学，甚至可以说是非常慷慨。\n\n\n\n但问题是，查老师的评分，大家评分评的是老师、而不是课程，如果在查老师平台中加入陈行甲、忻皓、方毅等老师，他们分数绝对不会比各大学院中名列前茅的模范老师的评分低。所以所谓非议、所谓不正风气，从来都不是因为课程质量而出现的。
207449,1046,阮俊华,2025-01-14 16:34:05,-3,4,7,课程非常好，老师也非常高 给分非常不错
207463,1046,阮俊华,2024-12-22 05:04:30,9,10,1,司马玩意儿阮军话
207490,1046,阮俊华,2024-12-22 11:14:37,11,14,3,把保护打在公屏上❤️
207499,1046,阮俊华,2024-12-22 12:09:18,-8,1,9,听说给分不错，期待
207621,1046,阮俊华,2024-12-23 09:52:32,15,16,1,请的老师真的很好，要是他们在查老师里肯定都9分10分，讲的非常好！\n\n哦你说阮俊华啊，那是sb
207631,1046,阮俊华,2024-12-23 11:05:51,2,3,1,睡觉睡觉
207731,1046,阮俊华,2024-12-24 05:35:39,-15,1,16,拓宽了我们的视野，像老师说的，专业课的知识网上都能找到甚至能找到更好的(清北的)，所以专业课不听。像这种人文科学的课就是用来增长见识的，而阮老师的课倒倒是可以让我们见到各种大咖，听到更多新奇的见解，这种课网上是没有替代的
207808,1046,阮俊华,2025-01-13 10:23:50,-27,10,37,挺好的，挺有情怀一老师，努力为学生找了很多资源。让一个大一小登甚至走进了阿里云参观，搞不明白为什么这么多喷的😅阮老师甚至为了性别平等找了女嘉宾来分享经验。管的严你也可以逃啊，水课想让你学的东西还有错了？\n\n补充一点：给分超好
207867,1046,阮俊华,2024-12-24 15:06:46,11,13,2,请来的嘉宾支持以色列 太难评了
207902,1046,阮俊华,2024-12-25 02:13:22,-4,7,11,只能说，接触过老师，老师虽然是喜欢打鸡血，但是他确实是个好老师。不可否认，这门课确实逼着很i很i的我站到了台前，发表自己的观点，当时准备小组沙龙的时候我很焦虑，怕会上去丢脸，好在最后结果是好的。非常感谢阮老师的课，如果没有这门课，我估计不会接触到这么多卓越的嘉宾们，也不会站上讲台一展风采。课程评价确实是千人前面吧。如人饮水，没有对错之分
208054,1046,阮俊华,2024-12-25 10:42:17,19,21,2,刚刚上过的来评价一下:\n\n1.一节课两次点名就不提了，课程事情越来越多，200个人的大课都能搞出pre来\n\n2.浙大有自己的尊者，大搞个人崇拜，上课上得恶心\n\n3.请来的老师客观上是有含金量的，但遮不住阮某传销一样的嘴脸\n\n4.课程群搞得和洗脑一样动不动感恩＋大拇指＋保护
208694,1046,阮俊华,2024-12-31 05:14:06,25,28,3,我想说一说他请来的某位嘉宾。这位嘉宾央视可是给你拍了电视剧，说你是新时代的模范，甚至在开会的时候能够坐在总书记的身后。但是就是你这么一位“大牛”，宣扬“我们的社会太不尊重商人，一提起商人就是奸商...我们的年轻人都去考公了，这种社会风气太不好了，浙大的学子不要这样”。明明自己搞的潮汐能是用钱请了两位科学家在做，功劳一人独揽，不愧是新时代好的“民族企业家”。并且在课堂上公开表示，“犹太人这个民族重视商人，是世界上最聪明的民族...我要是犹太人，你哈马斯那么弱小敢惹我，我肯定也不放过你...”，我想请问，这样的言论真的合理吗？“强大”的民族就可以为所欲为是吧。赚到钱之后去澳大利亚读大学补个学历，然后对国外的什么科技改变世界理论一桶吹捧，整个人就是活脱脱的吃上了改开红利然后靠意林来补充“知识”。你有没有想过，你的成功会不会是因为在改开初期家里就能拿出很多钱来给你创业呢？
208870,1046,阮俊华,2025-01-03 01:29:07,5,6,1,课程邀请众多优秀企业家授课，还有企业参访活动\n\n虽然但是评分是给rjh，对其个人难评
209105,1046,阮俊华,2025-01-04 13:20:03,3,5,2,嘉宾偶有逆天发言，令人反感\n\n事多，但给分不错，想卷绩的可选
210338,1046,阮俊华,2025-01-09 03:00:18,3,4,1,一直会点名
212164,1046,阮俊华,2025-01-13 09:46:14,-3,4,7,把保护打在公屏上❤❤
212167,1046,阮俊华,2025-01-13 09:52:08,6,9,3,分不是很高，事多，会有一定的资源提供
212184,1046,阮俊华,2025-01-13 10:29:04,-7,3,10,要绩点就上，上课该水水，课后作业随便做，参访报告随便写，直接满绩拿下。不用管老师怎么怎么样，只要当耳旁风就行，作业该做就做，谁会和绩点过不去呢对吧。
212207,1046,阮俊华,2025-01-13 11:29:10,3,5,2,给分没有想象中的好，每一项作业都认真做了，本来想着事情那么多给分好也就算了，但出分还是挺令人失望的
212265,1046,阮俊华,2025-01-13 15:21:07,5,6,1,阮老师的课上有很多商界大佬来做讲座，听了其实也挺有收获的，课程的事情略多。如果能主动当组长或者认真(1000字左右且不用AI，也不能流水线)地写每一次的感想，最后4.8甚至5.0都是可以的。如果你每次都是AI完成作业，稍微用点心也可以有4.2。怕麻烦的人和没时间的人慎选，有时候一周占用的时间比微积分还多。
212347,1046,阮俊华,2025-01-14 01:54:19,-2,3,5,创新创业实践启蒙 2024冬 课程更适合有想法，不怕折腾的人，给分挺好
213020,1046,阮俊华,2025-01-15 15:37:53,-6,6,12,守护守护 给分超好 虽然事真的很多但也比较好写 完全对得起我微薄的努力
214675,1046,阮俊华,2025-02-16 12:09:03,-5,3,8,阮老师真的很负责，很有思想，对社会做出很大的贡献，课事情有点多但是收获不小
214680,1046,阮俊华,2025-02-16 15:04:04,2,4,2,给分不好
215070,1046,阮俊华,2025-02-21 03:36:07,11,15,4,傻逼，老师是傻逼，助教也是傻逼，组员很抽象
215559,1046,阮俊华,2025-02-28 07:30:50,-8,2,10,把保护打在公屏上！
216302,1046,阮俊华,2025-03-13 03:46:42,4,5,1,虽然本人讲话不太爱听，但是老师人脉很广，记忆最深的是上学期请到了陈行甲老师和强脑科技的老师来做讲座，认真听听还是很有收获的
216510,1046,阮俊华,2025-03-17 15:02:11,11,17,6,所以说，五十多岁的老师就拿工资好好享受生活，不要费心思为学生拉从政或创业的平台，对自己有什么好处呢？工资不涨职务也就副院长，还要被学生千夫所指。活该浙大校友在某方面的凝聚力不行
216567,1046,阮俊华,2025-03-18 14:06:28,5,6,1,一课给分不是很高，亮点是给加0.5二课，事情比较多比较繁杂。\n\n如果这是一门两学分的创新创业类课程我想会受欢迎。
216681,1046,阮俊华,2025-03-21 01:13:55,5,8,3,我觉得老师很好，论迹不论心，他真的干了很多事实
216800,1046,阮俊华,2025-03-26 01:04:15,24,26,2,锐评rjh\n\n\n\n我感觉rjh除了他的宣传有点令人不太舒服 以及他自己可能还是老一辈的那种说教方法外\n\n\n\n我感觉他还是人不错的了 一个学工部副部长 完全可以把自己的精力放在如何讨好上级领导 让自己努力获得晋升 退休前搞个正处 干啥要给你们这帮以后认都不一定认识的小屁孩 拉关系 结交人脉 帮助你向上结交\n\n\n\n俺觉得他搞宣传实际也是为了让更多同学来听他的课吧 能够在和企业家的交流中获益  他拉人为cls平反 我感觉也是为了这个原因吧 毕竟实际上这个学校的老师你再怎么骂他 只要上面人觉得好 他就可以被提拔（参考前社系css）他也只需要对上面负责 舔好校党委就可以了 并且学工部副部长也没必要开一门课 搞什么紫领黄土地 免费给你提供资源人脉 每天累死累活 \n\n\n\n并且相比于我付出的那些如帮忙转发推文 点赞红心这种 我感觉自己从他那里得到的更多 rjh还是一个比较好的老师了 毕竟天下没有免费的午餐 能让我和自己地位阶层相差很大的人同处一个房间 并且进行交流 这个行动本身就已经有很大意义了（当然如果你说人与人之间没有阶级 互相平等 我也无话可说）
217424,1046,阮俊华,2025-04-10 06:29:50,3,3,0,这课上着太坐牢了，是有嘉宾讲得很好，但是没法抵消这门课b事太多的痛苦。
217649,1046,阮俊华,2025-04-14 14:40:15,-19,3,22,感觉是当校长的好料子。我很奇怪为什么一定要有科研成果的人才能当浙大校长呢？让阮哥这种人脉巨广、组织能力也强的人来当不好吗。而且他也是浙江本地人，而且在浙江也挺有地位，也不贪职位，而且喜欢搞事情，像彩虹人生，求是强鹰，启真晨跑，绿色浙江，难道不比中科大的一个科研成果有影响力么\n\n（没有看低马校长的意思，还是很看好他的）\n\n\n\n说回课程，还是挺建议选的，不过这个小组任务确实有点牢，只能说做好心理准备。
217665,1046,阮俊华,2025-04-15 02:39:05,3,3,0,没上过
217711,1046,阮俊华,2025-04-15 10:57:18,1,2,1,✋😭🤚\O/\n\n恩情老师
217714,1046,阮俊华,2025-04-15 11:15:42,1,2,1,前有傻逼，所以接下来差评很有用
217771,1046,阮俊华,2025-04-16 08:09:23,4,6,2,期末给分98，居然扣了两分，早知道不用爱思助手，去听课做第一排刷脸了
217893,1046,阮俊华,2025-04-17 14:27:03,-4,8,12,最好的学校领导，没有之一\n\n给同学们搭建那么好的平台，提供那么多资源。还经常百忙之中和普通同学当面交流，这样的领导你去哪找？\n\n建议同学们别被网上信息蒙蔽，实地接触和感受才是最好的方式
217965,1046,阮俊华,2025-04-18 11:54:11,2,5,3,傻逼 草 像屎一样
218310,1046,阮俊华,2025-04-22 12:09:01,-1,3,4,太坑了，报课的时候来这里查9分多没想到纯是个搞传销的破事还贼多，签到签退都有。。。上完了才知道还有刷分这回事。。一句话赶紧跑
218393,1046,阮俊华,2025-04-23 06:31:13,2,2,0,按要求完成任务给分就不会差，有的讲座听听还是有意思有意义的
218417,1046,阮俊华,2025-04-23 09:12:04,1,1,0,给分还8错
218419,1046,阮俊华,2025-04-23 09:15:40,1,1,0,事情多但是想水还是没问题的，给分不错
218425,1046,阮俊华,2025-04-23 11:09:52,0,0,0,难评。
218466,1046,阮俊华,2025-04-24 02:19:07,5,6,1,阮军话和它的狗都死了
218516,1046,阮俊华,2025-04-24 06:10:22,3,4,1,事情确实多，雷达签到签退，课后感想，两次校外调研，小组调研报告，最后还有个人pre，但给分也确实挺好的
218532,1046,阮俊华,2025-04-24 08:51:03,4,4,0,老师确实有些同学们觉得不太理解的谈吐思维方式，但是，对于阮老师和他的团队而言，我总体上还是能看到他们想把这门课程做好，为低年级同学提供相关经验的所谓情怀和努力的。虽然大部分创业者的经验不可复制，但是能有这样一个渠道向上了解也是很好的，至少在双创课堂上，我看到了阮老师团队的良苦用心，安排了多次企业参访活动，还是有意义的，尤其是对于真心想学习这方面内容的同学。事情是有的，每次写感想吧，还有调研报告。认真做完，最后的给分还是很好的，旁边哪怕是随便完成的也都有4.5，我自己付出的不少，最后结果也是相当满意
218535,1046,阮俊华,2025-04-24 09:28:56,2,2,0,言辞轻浮 缺乏求是精神
218613,1046,阮俊华,2025-04-27 02:43:11,6,7,1,事情巨多无比，都干完了也只有4.5，那我为什么不选职业生涯规划？
218622,1046,阮俊华,2025-04-27 07:43:33,2,4,2,每节课后交感想，每两周有小组讨论，有个人pre，要参加企业参访，有小组合作的调研报告等等等等…不可否认确实可以带来创新创业的视野，但是请问忙前忙后做了这么多事最后获得一个批发的分数它合理吗？这个分和付出的努力匹配吗？甚至于我还是组长…
218929,1046,阮俊华,2025-05-13 13:10:40,1,1,0,。。。
219554,1046,阮俊华,2025-05-29 14:26:26,1,1,0,为了凑学分可以选 直接过去带耳机开降噪当晚自习上吧 然后小组作业拿ai糊弄一下 课后感悟拿ai写写就能拿4.5了 本人这学期的那些走访实习偷偷翘掉了最后也不知道扣了几分
219590,1046,阮俊华,2025-05-30 11:23:58,1,2,1,讲得不错，我给1分
219750,1046,阮俊华,2025-06-05 06:21:10,3,3,0,垃圾死了
219824,1046,阮俊华,2025-06-08 03:17:29,5,6,1,你越是要刷分，我越是给你低分
219859,1046,阮俊华,2025-06-09 05:26:40,-2,1,3,人脉巨广，给了一个很高的平台，帮助学生向上社交开拓眼界，保护
220081,1046,阮俊华,2025-06-14 18:05:21,7,7,0,至今不知道吐纳一百下是干嘛
221268,1046,阮俊华,2025-06-22 10:25:05,0,0,0,出分了，在创新创业类的课中应该算给分最好的一门了
221394,1046,阮俊华,2025-06-23 07:46:18,1,1,0,给分很好，老师本人怎么样见仁见智，我是对他没那么大意见，说穿了就是喜欢宣传自己的那些平台，我没觉得有多伤天害理。可能因为我比较容易摆烂，偶尔听别人打个鸡血宣传什么成功学，让我调整好心态也算正能量了。别的不说，晨跑活动我觉得是有意义的，参加了几次让我可以早起锻炼、享受清晨的阳光和微风，一天的时间比别人多出2个小时。光凭这一点我也会给rjh8分
6598,1076,周伟华,2015-07-16 05:21:54,20,33,13,很萌呐，特别萌~上课耐心，好老师。
32626,1076,周伟华,2016-07-08 07:56:09,4,8,4,很棒的老师萌萌哒，给分也很好
33790,1076,周伟华,2016-09-21 16:22:11,1,4,3,老师人很好，上课超棒！
114675,1076,周伟华,2019-07-11 03:24:28,0,3,3,感觉搞得很差，但给分真的太好了
114866,1076,周伟华,2019-07-12 06:00:06,0,2,2,。。。
157967,1076,周伟华,2022-06-26 00:30:59,4,5,1,这学期的助教太摆了
216865,1076,周伟华,2025-03-27 11:26:18,9,9,0,这门课不如不开……
216943,1076,周伟华,2025-06-27 01:02:02,13,13,0,Yes， we make sure that all of us spend more than 5 hours a week to do your homework.\n\nNevertheless， we need 2 hours to find the (wrong) book and get the question for an hour.\n\nSo we just learn how to waste time in your class， right?\n\n\n\n给分很不错，即使平时体验依托 卷子出的也依托（正如下面的评论所描述的那样），但最后给分比我预期高了很多
217126,1076,周伟华,2025-04-02 06:14:19,11,11,0,听不懂英语，发音烂烂的
217156,1076,周伟华,2025-04-02 17:51:28,9,9,0,科研上不了解，教学上感觉没怎么花心思，体验很差
218741,1076,周伟华,2025-04-30 06:00:31,6,6,0,作业布置跟玩儿一样，负责吗?
219272,1076,周伟华,2025-05-23 15:14:51,9,9,0,布置作业跟屎一样，不知道是助教的问题还是老师的问题，一下子换一个书的版本，光是找书的资源都能花好一会。上课更是一坨，明明很简单的过程搞得格外复杂，每一次作业，光学习做题方法都得花上快一两个小时，学的东西确实很有用，但是教的一坨，作业更是一坨，不知道这种课为什么还要搞个国际化，连留学生都听不下去，本土的学生更是听不了。还要怪我们为什么上课不听，我只能说管院的所有课基本上全靠自学，唯一的难度就是看自学难度高不高。密码的教室还给整到五楼，每次爬个楼梯当减肥了，累死。这个学期我可以说这是最抽象最浪费时间最浪费心力的一门课。
219475,1076,周伟华,2025-05-28 07:06:53,4,4,0,没事就评下
219959,1076,周伟华,2025-06-12 07:37:33,8,8,0,助教yw真的摆，问他问题给我甩一个知乎链接还阴阳怪气的，，，我英语不好，听不懂老师讲课，建议老师讲几个例题吧呃呃，有时候感觉原理懂了但是题目不知道怎么写
219982,1076,周伟华,2025-06-14 00:42:42,7,7,0,请所有后来者务必选到应用运筹学另外一个教学班\n\n大家都做不出来对你有什么好处？？？\n\n大家都不开心是让你爽到了？？？
219985,1076,周伟华,2025-06-13 06:45:41,6,6,0,每次写作业都很麻烦，英语不好的同学别选，很坐牢。
220213,1076,周伟华,2025-06-16 10:02:41,5,5,0,复习累了来评几句能不选国际化就别国际化上课坐牢课后坐牢不知学什么没有学习资料\n\n运筹学挺重要的不知道老师实际能力如何但是国际化教学就是sht\n\n最后骂一下sb助教纯sb问他问题不会说话一样阴阳怪气不是丢个图片就是丢个英文单词不会讲话是吧...
221723,1076,周伟华,2025-06-27 00:57:10,2,2,0,给分很👍🏻👍🏻
406,1099,鲁柏祥,2015-03-15 01:58:40,0,55,55,江湖骗子！每次上课必定吹嘘自己跟某企业家关系有多好，但讲课内容空洞无味，就是靠这些吹嘘一步一步走到今天这个位子上的。
471,1099,鲁柏祥,2015-03-15 02:58:48,9,61,52,非常负责任的老师！在鲁班的经历终生难忘！不过，鲁老师的要求还是很严格的，学习起来有点苦的～
560,1099,鲁柏祥,2015-03-15 04:57:35,51,80,29,投入产出不成比例 慎重\n\n选其他老师管理学没这么累轻松拿分
982,1099,鲁柏祥,2015-03-20 03:51:05,61,97,36,上课很累，不能开小差。但因为班里同学关系紧密所以能在班级里认识很多同学。作业非常多，自己考虑吧。
1256,1099,鲁柏祥,2015-03-21 17:06:56,0,5,5,泪目
1686,1099,鲁柏祥,2015-03-23 08:41:10,10,26,16,受益匪浅
2114,1099,鲁柏祥,2015-04-01 13:07:59,17,47,30,作业虽多，但尚可接受。上完一学期课认识了很多人，现在关系还很好，仅此一点就超值。课堂上表现机会很多，能够锻炼人。自称上的不是大类课是另类课，此言得之。
2130,1099,鲁柏祥,2015-04-02 08:28:49,-2,15,17,非常有才的老师，跟着他能学到真东西！
2649,1099,鲁柏祥,2015-05-05 03:08:04,-8,5,13,给份很好 最重要的是学到很多东西
3273,1099,鲁柏祥,2015-05-25 12:14:20,0,5,5,难忘
3514,1099,鲁柏祥,2015-06-17 01:25:38,-3,7,10,被点化
3750,1099,鲁柏祥,2015-06-17 03:20:10,11,24,13,选吧 大一会充实一点
4208,1099,鲁柏祥,2015-06-18 06:15:54,-3,8,11,课很充实，很有趣，作业嘛→_→多，不过给分很好，收获也多。总之，痛并快乐着^_^
4413,1099,鲁柏祥,2015-06-22 03:16:25,0,6,6,认真学一定能学到东西的
5000,1099,鲁柏祥,2015-07-02 02:41:51,11,22,11,不太喜欢这个老师，说的话比较扯。也是性情中人。作业很多，但是给分很好。如果大一觉得别的课比较少可以选他的。
5870,1099,鲁柏祥,2015-07-09 16:02:47,0,16,16,作业其实没有传说那么恐怖，可以接受的，而且受益匪浅～上鲁伯伯的课认识很多很棒很厉害的人～来浙大目前为止最不后悔上的一门课
6797,1099,鲁柏祥,2015-07-23 03:50:40,36,68,32,学未必为人师，身足以为世范。
7294,1099,鲁柏祥,2015-09-13 05:56:27,-4,5,9,很棒~
7639,1099,鲁柏祥,2015-09-15 07:05:24,5,12,7,的确讲得很好，然而作业多也是名不虚传
7759,1099,鲁柏祥,2015-09-15 12:37:53,-4,5,9,非常好
7852,1099,鲁柏祥,2015-09-15 15:53:54,47,59,12,想听心灵鸡汤的可以试试，但不要想听到专业课内容。
8510,1099,鲁柏祥,2015-09-22 03:04:04,157,223,66,原来鲁伯伯的管理学最大的特色不是作业多的要shi而是课堂上满满的洗脑式鸡汤毫无一点干货
8523,1099,鲁柏祥,2015-09-22 05:20:34,10,15,5,不仅仅是作业多，规矩特别多要求特别多
8661,1099,鲁柏祥,2017-09-04 05:16:47,116,155,39,作业超多，甚至会拖累微积分的学习
8725,1099,鲁柏祥,2015-09-24 13:21:51,-4,6,10,虽然苦，但很有收获！鲁老师真的很棒！
9660,1099,鲁柏祥,2015-11-04 02:16:26,41,64,23,其他科目这么拼也许会得到更多东西，虽然学到了不少但感觉很亏，带给你的远不及你的付出
10536,1099,鲁柏祥,2015-11-19 12:32:59,-2,4,6,其实很好的，学的很多
11317,1099,鲁柏祥,2015-11-27 00:37:40,37,48,11,绩杀，只杀微积分，大英等等等等，就是不杀管理学
11328,1099,鲁柏祥,2015-11-27 03:34:57,-2,2,4,很棒。
11617,1099,鲁柏祥,2015-12-08 04:31:10,5,13,8,需要一定的阅历才能感受到鲁大师的课好，懂得修心，必走得长远。
11797,1099,鲁柏祥,2015-12-29 07:56:08,3,14,11,能听到一个得道者一生的精华 不是心灵鸡汤 每堂课都能收获值得终生思考的问题 能让你顿悟的传道者
12328,1099,鲁柏祥,2015-12-23 03:32:53,36,44,8,其实我建议旁听。前面几节课的干货会多些，到后期课堂感悟根本憋不出来啊。还有他的话你能听就听，不认同就忘了，他会用作业分数逼你认同他的价值观。
12634,1099,鲁柏祥,2015-12-23 16:29:33,-4,5,9,有信仰的人老师，能学到的东西还是很多的
13096,1099,鲁柏祥,2015-12-25 00:59:04,-2,2,4,一般是很累的，到最后就习惯了
13230,1099,鲁柏祥,2016-12-26 14:29:18,-5,8,13,简直就是享受！启发人生！
13830,1099,鲁柏祥,2016-01-01 04:03:39,-6,5,11,说心灵鸡汤的 本来就有抵触情绪 又怎么学的进去呢？鲁伯伯确实良心好老师
13891,1099,鲁柏祥,2016-01-02 01:23:33,3,12,9,一入鲁班，终生难忘！
14152,1099,鲁柏祥,2016-01-05 04:54:12,-3,3,6,作业多就不用说了，人生导师吧。而且在鲁班会有不一样的风景。
14183,1099,鲁柏祥,2016-01-05 07:55:45,1,3,2,
14197,1099,鲁柏祥,2016-01-05 08:51:55,-2,3,5,收获的不仅仅是管理学知识。\n\n付出也很多，但是值得
14209,1099,鲁柏祥,2016-01-05 10:53:58,-2,5,7,受益匪浅
14317,1099,鲁柏祥,2016-01-06 07:57:03,17,28,11,周二上午留作业，周四晚上交，每周要写10小时。没有这个觉悟不要选。不能忍受鸡汤和民哲的，不要选。如果下决心选了，会有收获的，但（我觉得）没有传说中的那么玄。
14394,1099,鲁柏祥,2016-01-07 01:05:17,15,25,10,9分的长者，7分的老师，5分的思想。对于大多数人来说，敬而远之更好一些。
14545,1099,鲁柏祥,2016-01-07 13:48:24,2,5,3,我服了
14629,1099,鲁柏祥,2016-01-08 04:25:33,7,11,4,我们的老师需要学术精神
14898,1099,鲁柏祥,2016-01-11 01:38:23,10,16,6,空洞。
15060,1099,鲁柏祥,2016-01-11 18:07:08,-2,1,3,看个人
15964,1099,鲁柏祥,2016-01-17 00:17:06,-3,3,6,我爱鲁伯伯，就酱紫\n\n
16104,1099,鲁柏祥,2016-01-17 08:04:18,-2,11,13,说洗脑式鸡汤，产出不及投入的真是够了。如果上大学是为了追寻好的思想，就来吧。如果为了绩点，为什么不早走。鲁老师很早就说过，他当的课是讲给精英听的
16767,1099,鲁柏祥,2016-01-19 02:40:25,49,56,7,管理学 打字手速的提升 逼逼能力的飞跃 心灵层次的进化 真的是有收获的
17063,1099,鲁柏祥,2016-01-19 14:07:09,-3,0,3,获益匪浅
18442,1099,鲁柏祥,2016-01-21 15:48:53,11,18,7,拖微积分的后腿
18960,1099,鲁柏祥,2016-01-23 00:41:57,99,128,29,我因为选了鲁伯伯，微积分挂了，你们感受一下
20727,1099,鲁柏祥,2016-01-30 10:10:59,32,37,5,规矩非常多，让人以为是在高四。任务非常重，周二作业周四交，一万字起步价。上课与课本无关。压力非常大，每次作业和quiz打分并公布排名。给分与付出差距较大。
20773,1099,鲁柏祥,2016-01-31 11:04:25,3,12,9,大家风范！课堂上能让人受益匪浅，课下能真正给予关心和帮助的好老师！更重要的是，你的付出和你的回报成正比！
20774,1099,鲁柏祥,2016-01-31 10:15:03,1,5,4,受益匪浅，知道了如何学习，如何做人
20794,1099,鲁柏祥,2016-01-31 12:49:14,-3,2,5,有趣哦
20796,1099,鲁柏祥,2016-01-31 15:28:42,27,42,15,给分是比一般老师高一点点，作业却是比所有老师都多很多，总之投入产出严重不成正比，与前面很多评价重复，我这里只是强调一下。
20802,1099,鲁柏祥,2016-02-01 02:04:51,-2,1,3,投入与产出成正比，能学到很多
20809,1099,鲁柏祥,2016-02-01 04:56:09,-2,3,5,良心老师，上不上看自己
21210,1099,鲁柏祥,2016-02-26 09:01:17,1,4,3,辛辛苦苦一学期结果3.6，呵呵了
22439,1099,鲁柏祥,2016-03-05 12:43:57,2,10,8,在鲁班课堂上，管理学知识没学到多少，但是认识了很多有趣的小伙伴，而且会做电子书会做微信推送了，就后面这三点就非常值得。并且鲁伯伯给分真的很好，非常锻炼能力的一堂课，学过以后在其他课上码论文码体会什么的，都是小case了。还是比较庆幸刚进大学的时候就能上过鲁伯伯的课，也因为【情动杭城】而置身于社会舆论之中，一生都难忘的体验！
22893,1099,鲁柏祥,2016-03-14 08:48:57,85,101,16,拖后腿，打乱了大一的计划，专业转不成，人生轨迹都被改变了。\n\n夸他的是被他洗脑了，相信我。
22899,1099,鲁柏祥,2016-03-14 11:49:03,8,12,4,旁听是可以的\n\n给分是可以的\n\n影响是残酷的
22959,1099,鲁柏祥,2016-03-15 06:58:36,-14,7,21,虽然毁了微积分，大英均绩乃至选专业，但从不后悔！
25855,1099,鲁柏祥,2016-06-12 10:09:14,-5,1,6,很有收获
26184,1099,鲁柏祥,2016-06-16 07:30:17,2,7,5,管理学作业很多 主要是写作文一样的 其实文字功底好的很适合！
26378,1099,鲁柏祥,2016-06-17 08:42:24,38,52,14,绝对不止是作业多的问题！而是故弄玄虚极没营养！不要信什么虽然累但是收获很多！他们都是自我安慰的！
27214,1099,鲁柏祥,2016-06-23 14:33:31,0,3,3,退了课
27603,1099,鲁柏祥,2016-06-27 04:46:00,3,4,1,不说了，会被喷
27976,1099,鲁柏祥,2016-06-28 07:56:25,3,6,3,个人不太喜欢，太多强硬鸡汤
28993,1099,鲁柏祥,2016-12-26 03:18:36,2,5,3,累，别选
30647,1099,鲁柏祥,2016-07-02 06:38:14,9,13,4,不要选，多说无益
33886,1099,鲁柏祥,2016-09-25 06:54:21,12,16,4,作业太多。思想迂腐而粗俗
33991,1099,鲁柏祥,2016-09-24 14:23:41,35,39,4,自从我室友选了他的课，我室友就再也没有和我说过话，因为他沉迷学习无法自拔。
33994,1099,鲁柏祥,2017-01-18 01:32:01,-6,5,11,能在大一选到这样的老师是我一生的幸运，只要努力，就会有收获。相信我，你们会为之改变。
34335,1099,鲁柏祥,2016-10-03 23:05:15,-2,1,3,能把大学的课上得跟高三一样，厉害了，很快就让我们与周围的同学了，隔段时间来点小测，那感觉真是刺激
34421,1099,鲁柏祥,2016-12-15 01:00:09,12,18,6,洗脑式教育，引导个人崇拜。自以为真理，试图左右学生的价值观。其次才是神tm事多。
34655,1099,鲁柏祥,2017-01-10 08:16:57,5,15,10,我不在乎学分 也不在意作业多不多  关键是上课真的..愚昧 自大 浪费整个学期的时间 讲一些心灵鸡汤大道理或者歪理  然后自以为很厉害地觉得把学生教会了很多 仿佛学生的成功学生的能力全都靠他
34676,1099,鲁柏祥,2016-10-18 03:22:22,21,31,10,十分不推荐选他，我当时就是看到了他7点多的评分而忽视了大部分评价选的他，现在后悔死了。老师上课没有一点和管理有关的东西，就是给你灌输各种心灵鸡汤，而且这心灵鸡汤还有很多歪理，像什么你不能评价别人因为你是按自己为标准评价的之类的，但这种歪理随便就能举一个例子反驳，比如有人炒菜放了两包盐我还不能评价他的菜咸了？其次便是他作业真的非常多，4篇文章，周一下午布置，周三早上交，你不写到死压根写不完。认识交好好多人的前提是你参加他的很多活动，但如果有作业或社团活动的话，这就很勉强了。最后的忠告就是，不要选他啊！
34774,1099,鲁柏祥,2017-02-28 10:58:41,-6,5,11,很棒的
35636,1099,鲁柏祥,2016-11-10 07:36:48,16,23,7,人生修炼之地！唯愿受苦渡己者可来！
35724,1099,鲁柏祥,2017-01-25 03:25:57,1,7,6,事情特多给分好
36017,1099,鲁柏祥,2016-11-10 10:05:05,5,7,2,如果嫌大一闲得没事干的可以选一下，否则三思吧。
39509,1099,鲁柏祥,2016-12-23 10:13:30,-3,3,6,我觉得挺好的
39652,1099,鲁柏祥,2016-12-26 14:24:48,-23,21,44,鲁伯伯作业留的非常少，完成不完成全部靠自觉。期末有百分之三十免考满绩，没有小测，没有点名，课程很水，规矩很少！把我顶上头条！让学弟学妹知道这是个好老师！
39784,1099,鲁柏祥,2016-12-27 12:54:16,1,16,15,鲁伯伯的管理学真的很好，希望有志于不水大学的各位勿要被过多负面评价所蒙蔽：不讲课本是因为有更高的方法和视野想分享给大家；不断写作正有益于对打稳大学四年课业基础；对合作与创新精神的领悟使人深为受益；老师话中的禅味和哲思引人无限遐思。鲁班很棒，真的。
40847,1099,鲁柏祥,2017-01-06 02:33:42,-3,22,25,我发现不少评论者反复强调投入产出比，试问我们求学之路何尝变得这般斤斤计较。当我们在考虑投入产出的时候，其实我们只是在考虑绩点的问题，考虑一些实在利益。但鲁老师的课程不是以“水”为基础，不是以“功利”为导向，甚至不是以知识本身为目的。鲁老师的管理学其实是一种管理伦理，而伦理信条的缺失却让很多刚上大一的同学感觉被灌输鸡汤，在这个时候其实你往往是以一种并不谦卑的态度对待学问。鲁老师教导我们的正是怀有谦卑之心，如此才能真的感受学习之道。重在听别人讲了什么，而不是急于作出评价，当你急于做评价的时候，往往你只是看到事物的表象，或者只是领会到别人思想当中的只言片语。懂得倾听，理解他人，方能构建管理基础。鲁班看似很苦，但其实不过是身体的劳累，埋头苦干比起精神空洞是不值一提之事，当沉浸其中的时候，我们会感受到智慧在身上发生的幸福。若有幸在鲁班学习，用心去感受，大学的起点会非常美好！
40976,1099,鲁柏祥,2017-01-07 06:32:33,-9,3,12,灵魂导师，说是鸡汤的是没有去感悟老师的哲学。可以收获很多。当然作业也多，所以选上，是幸运也是修行。
41123,1099,鲁柏祥,2017-01-09 09:48:58,34,39,5,就是故作神秘的佛学课 然后把汉字拆来拆去 牵强地加上意义 备课很不用心 也许根本就没备课
41132,1099,鲁柏祥,2017-01-09 11:25:37,-3,4,7,老师特别棒，虽然作业多了一点，但是多点也没关系，顶多把原先用来水手机的时间用到了学习上。通过这一学期的学习自己不仅仅是知识的收获，最重要的是懂得了如何学习。如果可以，愿意在读一次管理学，鲁伯伯真的好棒！
41158,1099,鲁柏祥,2017-01-09 14:53:03,-3,4,7,老师超赞的，很有收获
41364,1099,鲁柏祥,2017-01-11 05:11:06,-5,8,13,不必说什么。\n\n我们是一种文化，一种信仰，我们，一直都在
41464,1099,鲁柏祥,2017-01-12 00:20:08,-79,8,87,看完这么多黑鲁伯伯评价才知道浙大竟然有这么多傻逼，呵呵你们不过就是未来的打工人员而已了。真正是不是干货自己能懂，爱选选，不选滚。真正的哲学本来就是少数人能听懂的。
41466,1099,鲁柏祥,2017-01-12 00:49:14,-15,4,19,伟大的老师，永恒的智者。心与道的修炼，岂是普通人能懂的。那些追求绩点的功利的利己主义者不要选，鲁伯伯只欢迎想真正明悟哲理的人。道可道，非常道。
44502,1099,鲁柏祥,2017-01-18 01:47:03,1,4,3,（纠正一下某同学的说法）期末百分之十满绩
44782,1099,鲁柏祥,2017-01-18 08:52:25,-5,6,11,我不想评价鲁伯伯什么，只是单纯想说一下我上了一学期鲁伯伯的课的心路历程。当初选课，在查老师上查过鲁伯伯，知道鲁伯伯的课作业会比较多，因此把鲁伯伯作为第三志愿，没想到偏偏是第三志愿选上了。刚开始，会觉得很烦，事情太多。但是，渐渐地，会学着鲁伯伯那样，反思自己，总结自己，体会一些容易忽略的东西。很多时候，我们在大学里的学习，更重要的是自学。鲁伯伯就是这样的想法，他的课堂没有统一的标准，但如果你用心体会，用心品味，踏踏实实地跟着他指引的路走，或许，你短期得不到想要的高分，但你会获得一种前所未有的成长。鲁伯伯是一点点地将他的人生智慧教给学生，他把自己定位在我们人生路上的引路人，他不会带着我们走，但他会教给我们走的方法，会鼓励我们以自己的方式好好走下去。说真的，鲁伯伯布置的作业，安排的任务，都是一次叩问内心，挑战自我的良机。选他的课的人，能够用心投入的人，必定不会是浮躁的人。
46316,1099,鲁柏祥,2017-01-21 08:19:38,19,22,3,在评论里，这届的大一感觉都被洗脑了。事情是真多，一天到晚在说我们要反思，要学会自我管理，自己上下课都要拖堂。感觉他来当老师就是来享受学生的膜拜，在我浙，心水实在的老师。
47215,1099,鲁柏祥,2017-01-24 14:39:39,1,2,1,我只想问一句……啥时候出分？？？
47280,1099,鲁柏祥,2017-01-25 04:58:20,-9,1,10,鲁伯伯更多的是教会我们思与悟，而且他充分地信任我们每一个人，给了我们发挥自己才能的空间，在鲁班，你可以看见一群优秀的人在你追我赶。
47288,1099,鲁柏祥,2017-01-25 05:32:57,2,6,4,你本该有更多事要去做。但你选择了这节课。选择了就耐心学习吧。不论暂时的得失。然后，就，好开心。也好伤心。那么，你的心还跳动着。真好。
47379,1099,鲁柏祥,2017-01-25 14:49:45,12,21,9,怎么说呢，一学期的学习收获很多，但真正在课堂上能学到的东西很少，反而是小组展示还有看别人的分享可以看到并认识到许多优秀的人。作业是真心的多，每个星期一晚上都要刷夜。本人不是很喜欢鲁伯伯的教学方式有些观点也不敢苟同，但不否认，鲁伯伯很有自己的一套独特方法。看前面有人说管理学拖累微积分的，这学期，我的微积分成绩也很低，但是客观一点，我认为两者之间并没有什么特别多的关系，时间分配不好罢了。
58835,1099,鲁柏祥,2017-09-18 04:43:58,-2,3,5,挺累的，但是能学到很多，是值得尊敬的那种老师。
58907,1099,鲁柏祥,2017-09-18 10:59:13,31,33,2,微甲现代鲁伯伯，你是多么不想活了
59046,1099,鲁柏祥,2017-09-19 07:55:27,3,5,2,太累了。
60712,1099,鲁柏祥,2017-10-27 11:28:54,12,13,1,我觉得他有病吧，一天呢么多事情不嫌烦吗，来听个讲座，还盯着你，真够无聊
60813,1099,鲁柏祥,2018-01-15 08:43:06,27,28,1,考试周写管理学作业，绩点怕是要凉凉??
63662,1099,鲁柏祥,2017-12-12 03:16:13,-14,0,14,听过其他老师的课，和鲁老师差距不是一点点大
64354,1099,鲁柏祥,2017-12-23 01:04:52,-18,2,20,我就是很喜欢鲁爷爷的课，你们这些负面评价我真心不知道哪里来的
66712,1099,鲁柏祥,2018-01-18 13:31:37,9,11,2,不要以为作业多是跟你们开玩笑的！每节课码个几千甚至几万字！一周只要写管理学作业就不要想学别的了！微积分挂了就这么简单！
69695,1099,鲁柏祥,2018-01-25 08:31:10,1,4,3,鲁老师人挺好的。\n\n但是事情真得太多了。两次分享加十六次作业。分享每次十五分钟不能沿用前面组用过的形式。作业一学期下来，我比较弱，字数一共只是接近十万，有的同学真的太强了，作业字数超十六万。不过你上完这门课，其余课的什么论文报告啊之类的都会觉得挺轻松的。\n\n另外，如果你选了微积分或者线代，请不要选鲁老师的课。\n\n但在这你会认识更多的人结交到好朋友。每回上课时你不用找门牌号，只需看坐在教室里的同学的脸就可以了。嘿嘿，上完课下来，课长成为了我的好朋友。
70795,1099,鲁柏祥,2018-01-27 14:00:44,10,12,2,一分不能再多了
70807,1099,鲁柏祥,2018-01-27 14:14:44,18,19,1,上课完全没有干货，扯着你谈佛教，批判进化论?️，灌输他的民哲思想。作业多到爆炸，看着给分很好，可是等亲身体验了作业强度之后会觉得4.2 4.5的绩点完全对不起自己的付出。而且给分好且轻松的老师也很多。总之，很后悔上了他的管理学，一生黑。
70813,1099,鲁柏祥,2018-01-27 14:21:45,-11,1,12,在这个因为下雪回不了家的日子里，唯一给我慰藉的就是今天出分的管理学绩点。4.8。没有满绩但是对得起我这个学期的努力。鲁伯伯说他没有正态，大概是真的吧。唯一让我反感的是他给圣牧的硬广。至于鲁班至于授课其他同学说的很多了，个人不将之定义为鸡汤。
73055,1099,鲁柏祥,2018-01-31 22:28:00,14,14,0,作业真的多 看书全靠自己 上课老师是不讲教材的 只有将近半小时是留给书本的 这部分以同学讲为主 剩下的时间真的不知道在讲什么佛学还是哲学 每周作业必须上千字 优秀作业很多是上万字的 没错 每周 而且他会有要求“归纳系统批判创新” 但是又让你自己想怎么做 一点提示都没有 做不好还会被批评。 总结一下 认识一些人 但是之后的三年半估计不怎么会有太多交集 也只是认识 绩点普遍还是蛮高的 但与这累积起来的几万字和时间相比 我宁愿花更多时间在微甲线代上 然后选一门平常作业少期末一篇论文的通识课 还有大北农每次上课都会见到
73219,1099,鲁柏祥,2018-02-01 07:45:26,16,17,1,还是更喜欢有学术精神和学术能力的老师。
73577,1099,鲁柏祥,2018-02-02 04:11:01,-12,3,15,作业是真的真的真的多啊，我周一到周三的时间全花在管理学上了。不过收获也挺多的，关于人生的想法还挺独特的，小组合作氛围也很好，认识许多小伙伴，还是一次不错的经历啦！
73866,1099,鲁柏祥,2018-02-03 09:28:16,8,9,1,作业特别多 给分低
74172,1099,鲁柏祥,2018-02-06 03:35:22,-2,3,5,其实我觉得鲁伯伯的课适合在没有其他重要的课，而且不是大一的时候上。虽然我也听不来佛学，但上课讲的那些大道理我觉得还是蛮受用的。管理学的干货看书其实就够了，但并不是每节课都有机会学到类似做电子书、ppt或是如何展示的机会。而且确实认识了很多朋友。这节课学到更多的是怎么学习，蛮不错的。
75464,1099,鲁柏祥,2018-03-12 06:46:24,0,8,8,第一门满绩是鲁伯伯的管理学，事情多是真的多，管理学作业可以占满你整个周一到周四，但吐槽作业多的朋友，老师在第一堂课就劝退你们了，告诉过你们做也会很多，撑不下去在那个时候就该退了，既然撑下来了，说明你已经做了选择。虽然鲁伯伯的很多观点还有唯心主义思想、玄乎其玄的佛学论点我无法认同，但他确实给了我一种全新的学习方式，不管是被动接受还是主动接受，这种方法确实让我有所受益。你可以说他的硬广很讨人厌，但你不能质疑他作为老师的真诚，在外给企业家上课远比给我们来的获利更多，但他却愿意逐字逐句地读完你的水文，给你真诚的鼓励或是批评。
77150,1099,鲁柏祥,2018-05-03 03:05:45,10,11,1,每周三北街刷夜了解一下 整个秋冬学期在管理学用的时间是微积分的n倍 绩点看起来高仔细一想在别的课花这样的精力可能是好多个这样的高绩点 但是学到了很多不是课本的知识 渗透进你的思想 尤其是养刁了看展示的标准 管理学以后 所有课程的展示都显得非常不走心
86565,1099,鲁柏祥,2018-09-17 09:01:52,11,11,0,规矩太多太死板…而且我不喜欢被灌输洗脑式的思想，关键是课堂很水，如果想来学管理学方面的知识建议还是别来了（全靠自学，其实你可以买本书自己看）。真的很累，作业出奇的多。我觉得为了我的微甲和四级能过还是先退了吧…
86568,1099,鲁柏祥,2018-09-17 08:19:21,3,4,1,太累了，体力没有很好就别选
86620,1099,鲁柏祥,2018-09-17 13:05:51,5,5,0,完全洗脑，作业超多，还给你很重的作业负担，精神压力和道德约束
86636,1099,鲁柏祥,2018-09-17 14:56:05,3,5,2,不太能接受老师上课一些情绪过于激烈的脏字，虽然说话糙理不糙，但为人师表，还是应该注意一点吧……事太多，为了凑个性学分的还是算了吧……
86755,1099,鲁柏祥,2018-09-18 10:53:06,5,7,2,\n\n鲁伯伯的课上的我太压抑了\n\n先退为敬\n\n换个事少的老师
87529,1099,鲁柏祥,2018-10-01 12:56:59,-1,2,3,刚刚上了一节课，作业多到国庆没回家。感觉老师的这种模式也不是什么坏事，但我就想问问半数人退课是怎么肥四？！？
87543,1099,鲁柏祥,2018-10-04 04:00:53,0,1,1,想知道pre该怎么做 周一要pre有点方张
87701,1099,鲁柏祥,2018-10-17 11:15:23,5,5,0,累而无意义
87971,1099,鲁柏祥,2018-10-19 03:09:58,1,2,1,好一般
88053,1099,鲁柏祥,2018-10-21 03:51:03,0,3,3,一个能让引导真正学习的地方 课堂还是学术比较自由 管理学是接受一种新观点的课程，只是看个人意愿选择是否思考这方面内容以及在现实中取舍罢了。
88225,1099,鲁柏祥,2018-10-24 11:26:31,11,12,1,Emmmm还是退课了…作业巨多 上课精神紧绷 以及超级洗脑... 就算绩点高也不值得
88302,1099,鲁柏祥,2018-10-27 22:47:14,-3,5,8,学习本身就是求什么得什么的过程，只要你足够努力，勇于尝试，任何老师都能给你想要的东西，但是如果你一开始就只是想水个好看的绩点的话，鲁老师不适合你。很多事情要真正去做了才知好坏，不愿付出的人永远只能停留在表面。
90768,1099,鲁柏祥,2019-06-19 11:56:10,12,12,0,为什么浙大会有这种垃圾老师
90827,1099,鲁柏祥,2018-11-26 10:44:02,21,22,1,民科＋洗脑\n\n不要选，相信我\n\n
90946,1099,鲁柏祥,2018-11-28 01:52:01,-1,1,2,痛并快乐着
91540,1099,鲁柏祥,2018-12-13 01:55:18,9,12,3,神棍无疑，上课内容除了鸡汤就是一些似是而非的道理，这种人应该去给总裁班上课。
91659,1099,鲁柏祥,2018-12-17 10:17:37,0,6,6,收获很多 班级同学也很紧密 对于真的想学的同学会有很大帮助。关于作业的话，当成一个挑战吧慢慢写写着写着就会快，也不需要很久，而且自己的码字能力可以得到进步。期末考试作业很少，给别的学科留出时间。平时会累一点但是收获真的很大（从来不在查老师评论的我真的是超喜欢鲁老师啦！
93495,1099,鲁柏祥,2019-01-10 05:08:30,3,4,1,事情太多了
97243,1099,鲁柏祥,2019-01-22 01:44:27,5,5,0,无聊的鸡汤
100667,1099,鲁柏祥,2019-01-26 14:19:53,-5,1,6,作业多、干活少、绩点高
102059,1099,鲁柏祥,2019-01-30 08:42:13,3,3,0,是一种考验，还得看运气，比如，如果这学期硬核课多的话，就不要选他的课了...仅此建议
103124,1099,鲁柏祥,2019-02-26 05:34:58,-5,2,7,超赞的老师！事情虽然多，给分很棒，也有学到很多做人道理。
103441,1099,鲁柏祥,2019-02-28 06:40:24,-3,0,3,很好非常好越来越好
104160,1099,鲁柏祥,2019-03-13 07:25:34,4,6,2,大一因为鲁伯伯的课开始脚踏实地，告诉自己要现实，得谢谢他，但是也要谢谢自己，所幸没在大一被他洗脑。
109818,1099,鲁柏祥,2019-06-19 11:53:28,6,9,3,①客观而言作业的确多，如果课业繁忙的同学不太建议选择。可以试听两节课看看适不适合自己。\n\n②教学上其实更多把重点放在教大家如何“自我管理”上吧，老师有关学习、生活、就业的很多看法都挺透彻的，老师曾经经商，课堂上也涉及到一定的相关知识，偏重经验介绍。\n\n③有关人生观和宗教的分析，个人认为见仁见智，毕竟这种东西私人性本身比较强。即使不同意也可以当做是了解另外的观点，大家有不同的立场，有些同学在作业里提出了不同的看法，上课也同样得到了肯定，期末的分数也不错。上课形式偏重于老师讲，但是观点可以争鸣。\n\n④老师很严格也很和善。课堂纪律要求比较高，注意不要迟到（不过不迟到本来也是本分吧）。感觉就是那种爷爷型人物吧，会严厉但整体上还是很温柔的。\n\n⑤我是2018年秋冬的课，没有期末考试，平时成绩加上两次有关课本内容的考试，闭卷。不会直接公布排名，隐私是能保证的，放心吧。\n\n⑥小组合作和班级组织的形式的确更有利于同学交往吧，认识了很多朋友。感觉整体上班级氛围不错，小组内部一般都挺愉快的，大家都有干活，比起别的课程的小组合作真的质量高很多，也很开心。（当然这只是我对我当时所处的班级的观察）
116432,1099,鲁柏祥,2019-09-17 03:43:31,7,7,0,教哲学的？还是毫无营养的鸡汤？？只允许正能量？？？
116914,1099,鲁柏祥,2019-09-17 07:27:59,4,4,0,我后悔啊啊啊啊啊啊啊啊啊！
116990,1099,鲁柏祥,2019-09-18 04:32:19,-3,1,4,很好啊
117458,1099,鲁柏祥,2019-10-10 02:22:25,14,14,0,事多，沾沾自喜的喜剧演员
118936,1099,鲁柏祥,2019-11-08 03:28:02,1,1,0,想了很久但还是要说...超级大水课。。
122675,1099,鲁柏祥,2020-03-17 07:40:52,-6,2,8,认真学了一学期，绩点4.8
123460,1099,鲁柏祥,2020-06-09 04:30:25,-1,1,2,呃呃呃呃呃呃
124922,1099,鲁柏祥,2020-07-21 02:08:06,23,23,0,一天到晚给省内小企业小老板洗脑，天天什么莫名宗教思想，上课说对着学生说傻逼牛逼这种话，为人师表？？？？要退休了还是个讲师？？就为了讲课赚钱本职工作都不做？？？呵呵
125775,1099,鲁柏祥,2020-09-14 07:45:43,11,11,0,建议退课
125824,1099,鲁柏祥,2020-09-14 13:30:02,5,5,0,垃圾管理
126322,1099,鲁柏祥,2020-09-22 13:30:48,6,6,0,妈蛋作业好多
126722,1099,鲁柏祥,2020-10-15 12:37:50,-6,1,7,能学到很多
126770,1099,鲁柏祥,2020-10-19 14:10:49,13,15,2,千万别选。只有空洞无意义的鸡汤。此老师不适合教书，适合出家当道士。作业要求玄之又玄。重申，千万别选。
128460,1099,鲁柏祥,2020-12-23 09:49:33,-17,0,17,虽然任务特别多，但不可否认老师在大政方针上上具有前瞻性，这是值得我们尊敬的
128465,1099,鲁柏祥,2020-12-23 10:08:19,-6,2,8,我一般上课不写作业 但是作业实在是太多了 我只好一边听课一边做笔记一边写感想一边提醒同学不要玩游戏 还有好多同学不好好听课 明明上课质量优秀 哎～
129026,1099,鲁柏祥,2020-12-29 01:59:16,31,32,1,邪教，快逃
129335,1099,鲁柏祥,2021-01-04 09:24:10,-22,2,24,虽然学不到什么组织管理的知识，但可以收获其他很多东西。很庆幸第一个学期选到了鲁老师的课。作业也没有那么那么多。“从来不会想起，但也不会忘记”的知识是老师想给我们的。
129481,1099,鲁柏祥,2021-01-07 00:27:28,10,10,0,快跑！！！
129529,1099,鲁柏祥,2021-01-07 00:30:18,5,6,1,事多 学到的东西水 基本上就是自己看书学习 经常他被洗脑 听鸡汤可以来 不介意ddl卡的紧的来
129624,1099,鲁柏祥,2021-01-09 06:42:18,10,10,0,快逃
129709,1099,鲁柏祥,2021-01-26 00:38:55,-12,2,14,事多，但给分会高一些
131185,1099,鲁柏祥,2021-01-26 12:36:43,3,4,1,事超多，快没时间学微积分了，都认真完成了绩点也不高，就很不划算
131891,1099,鲁柏祥,2021-01-29 08:57:56,94,98,4,上鲁老师的课 你可以有以下收获：\n\n1.逼逼废话的能力与打字速度的提升\n\n2.锻炼干坐近两个半小时听老师灌输价值观的忍耐能力\n\n3.让你对内卷有亲身体会\n\n4.让你刷新对浙大教授的认知（哦不对诶 好像只是讲师\n\n5.让你知道一个碳基生物到底多能吹B
138971,1099,鲁柏祥,2021-07-12 05:00:35,29,30,1,给分极差，周围的同学都被“自愿作业”给坑了，美其名曰“上课的态度决定成绩”，专业课挂学生，导致学生被迫延毕，评分细则从来不说，事后助教装糊涂推卸责任，仿佛我们受罪了一个夏学期最终成绩那么差还是自己的责任一样，很差，不配做老师，不配教育本科学生；赶紧去MBA中心骗企业家的钱吧，浙大创薪需要您鲁老师！\n\n上课各种形式主义繁文缛节，没有任何干货，全都是传销组织的技术，父女一起坑人，PUA学生，离谱！
140712,1099,鲁柏祥,2021-09-15 08:28:03,5,5,0,很有热情，认识独到。然而，上的创业基础课，不但上线下课还上线上课，也喜欢吹牛，真的是才1.5学分的课吗
141209,1099,鲁柏祥,2021-09-26 07:09:18,7,7,0,每节课都在输出观点，崇尚封建糟粕，不尊重他人，尤其不尊重女性，热衷于吹捧自己和所谓企业家朋友，纯属浪费时间的课
141289,1099,鲁柏祥,2021-09-28 14:17:13,1,1,0,鲁老师的作业让我的打字速度有了里程碑式的提升。
141453,1099,鲁柏祥,2021-10-09 12:38:42,15,17,2,1.逼话多 老装逼 光听他废话真是服了\n\n2.屁事多，100来号人一定要坐在位置号前100.什么shab玩意。热都热死了，dnmd\n\n3.shab一个快逃
141874,1099,鲁柏祥,2021-10-29 01:51:36,0,0,0,。。。
141896,1099,鲁柏祥,2021-11-17 00:29:32,4,4,0,真会忽悠啊，没有干货的传销课。
141940,1099,鲁柏祥,2021-11-01 12:24:52,77,83,6,我这学期上的是这位老师的通识课《创业基础》，上了第一节课我脑子里就想到一个词：民哲。后来我在各种论坛上发现很多同学有跟我一样的评价。1、这位老师喜欢曲解中国传统文化和科学来迎合自己的观点，在我看来真是对传统文化和科学的亵渎，这也是民哲的典型特征。2、这位老师热衷于灌输心灵鸡汤与成功学，在这门课上你学不到什么有用的东西，他只是一直告诉你想成功就要怎样怎样做，并且套上家国情怀的外壳，使他自己沉浸在一种自我感动中，就和某些低质量营销号一样。3、这位老师非常自大，认为自己的观点很厉害，实际上他的许多观点非常刺耳，而且上课常常义愤填膺地说某些粗俗词汇。\n\n我认为大学里不管是做什么的都需要一种科学精神，更何况浙大的校训包括“求是”。而我觉得这位巧舌如簧的老师身上是缺乏科学精神的。我认为这位老师更适合去社会上开那种成功学培训班。那些认为这位老师的课不是毒鸡汤的同学，我想知道你们是为利益所迫还是真心的，如果是真心的我认为你们可以去多看几本好书（垃圾成功学之类的书除外）提升一下自己的思想深度。当然，上这位老师的课也不是什么也不能学到，只是实在太少。
141943,1099,鲁柏祥,2021-11-01 12:37:24,5,5,0,快逃！
142114,1099,鲁柏祥,2021-11-06 09:41:51,0,4,4,短学期的创业基础课还算轻松，除了几次作业和课程论文以外没有别的任务，上课比较水，一张几个字的ppt可以放半个小时，多半是自己在讲故事。\n\n在企业里的时候确实有点成就，讲课就算了。听他的慕课会比较有效率。上课可以摸鱼\n\n创新创业类选修一门，选他的创业基础还是可以接受的
142173,1099,鲁柏祥,2021-11-08 06:53:40,5,6,1,快逃!!\n\n!!!!!\n\n!!!!
142820,1099,鲁柏祥,2021-11-16 13:20:01,4,4,0,输出什么垃圾价值观
142835,1099,鲁柏祥,2021-11-16 23:11:21,0,0,0,很无语，分还低
142849,1099,鲁柏祥,2021-11-17 01:51:20,0,0,0,作业多，给分低
142873,1099,鲁柏祥,2021-11-17 04:26:55,27,28,1,热力学第一第二定律的适用条件都搞不清楚还拿出来讲，逻辑混乱，理科生是真的听不下去。一边说着理论落后与现实一边拿着别人2005年写的论文来讲还好意思说是自己的观点。满口脏话，把庸俗当成幽默，上课除了吹还是吹。给1分是因为打不了0分
142879,1099,鲁柏祥,2021-11-17 05:20:09,5,5,0,sb老师一个，千万别选他的课，简直是邪教传销组织
142900,1099,鲁柏祥,2021-11-17 07:48:35,4,4,0,一股子成功学＋微商的感觉
142964,1099,鲁柏祥,2021-11-18 01:14:19,4,8,4,给分很随意 自己上课没怎么听 作业也只是普通质量的完成却拿到了4.5绩点
142984,1099,鲁柏祥,2021-11-18 03:02:05,0,0,0,上课基本没怎么听，作业好好做，签到好好签，给分不错的
143208,1099,鲁柏祥,2021-11-21 11:44:25,5,5,0,1.课堂不会讲太多重要内容只会和你谈人生，可以学习如何如何和他人聊天时做个话痨（并没有不好的意思，我认为这在社会上也是重要的能力）\n\n2.真正干货在mooc里，听得都很有道理但是发现对创业几乎没有帮助，比较空，mooc和课堂上很多理论我不是很认同\n\n3.作业过多（mooc后有小作文，不限字数，于是开始卷字数，大论文也在卷字数），搞内卷（两部电视剧的观后感，不限字数，选做，我没做就被3.6了），给分差
143254,1099,鲁柏祥,2021-11-22 10:51:04,5,5,0,头头是道，狗屁不通，早上好。现在是上课，这个是原话。
143369,1099,鲁柏祥,2021-11-24 08:12:01,16,16,0,鲁老师的课绝不是水，是一片海
144173,1099,鲁柏祥,2021-12-20 06:04:34,4,4,0,不仅没什么用而且有害的课程，非常非常不建议选，建议取消这门课吧，每次看到都想吐。
144317,1099,鲁柏祥,2021-12-21 05:46:09,5,5,0,传销头子，认真完成作业和论文还是给了低分，千万别选，毁三观
144433,1099,鲁柏祥,2021-12-21 12:57:44,4,4,0,恶心
144576,1099,鲁柏祥,2021-12-22 11:01:46,2,2,0,给分不错，只要节节到。课程内容有点水，平时要求也多。
144593,1099,鲁柏祥,2021-12-22 13:43:36,19,21,2,创业基础，还要上他的网课，里面的作业互评就是个坑，鬼知道多少人为了踩别人打一分，别问，问就是我被踩了。另外，喝鸡汤多是一件美事啊，你们喝啊，nnd为什么不喝，喝呀！
144603,1099,鲁柏祥,2021-12-22 14:50:59,5,5,0,我不好说，水到极致了，作业量很大，观后感选做，没做就被3.3了
144881,1099,鲁柏祥,2021-12-25 11:45:32,4,4,0,孩子快跑！
144921,1099,鲁柏祥,2021-12-26 02:51:59,6,9,3,早上好
144938,1099,鲁柏祥,2021-12-26 03:43:47,-8,3,11,鲁伯伯的创业基础事少分高，不错不错
144960,1099,鲁柏祥,2021-12-26 05:00:26,11,12,1,#笨人法事#\n\n“道可道非常道”\n\n道，可道，非常道。\n\n道可，道非，常道。\n\n道，可道非常，道。\n\n道可道，非常，道。\n\n道可道非常，道。\n\n……
144966,1099,鲁柏祥,2021-12-26 05:53:24,-4,12,16,怎么说呢，看来一圈评论都是骂的，但平心而论，鲁老师的课只能说是空了一点，有很多自己的观点，尤其强调的就是创业与管理的不同，要求我们大学生要做创造价值的企业等等。鲁老师本身有很多值得学习的品质，比如从不迟到（一般至少要早十分钟），每天晚睡早起，对生活乐观积极（当然这些更多是一种企业家的态度，对我们来说可能不太好接受），他带领的鲁班团队也真的是做出了成绩的。他们创新创业学院下面有个浙大的校友忻皓，绿色浙江创始人，他在“自立自强 青春向党”青年演讲大赛的演讲（第一名）就非常符合老师一直以来的观点，也是很令人感动的。也许正如最最后一节课上说的：中国还是需要这样的人（具体忘记了）。我上创业基础是就有很多同学完全不听课，自顾自捣鼓，老师的课有这么差吗？只能说建议大一新生选一选，第一节课时我是十分震撼的，当然后面有许多观点我也有不同看法，但这并没有很大影响。老师的一种态度和想法很值得借鉴。
145094,1099,鲁柏祥,2021-12-27 10:56:58,-9,1,10,知识面广
145121,1099,鲁柏祥,2021-12-27 13:46:38,-33,8,41,鲁老师身上有很多值得我们学习的地方，也会带来很多创新的观点。看了一下底下的留言，我想说如果你真的在课上一直跟着老师的思路走，你会很有收货的。最后一节课上老师教导我们要永远保有热情到生命最后一刻，很多人在大学由优秀走向平庸而不是卓越。虽然老师的观点我也不是全部认同，但是能学到一些从其他老师那里学不到的以及对于人生的理解和感悟，我觉得还是很有收货。另外，创业基础这门课的事情确实比较多，但是认真听完你能对创新能有一个重新的认识。在出分前评价，防止受到绩点的影响，总之创新创业的课选鲁老师的创业基础很好，打十分。
145339,1099,鲁柏祥,2021-12-29 06:04:03,-4,2,6,emmmm还行吧
145721,1099,鲁柏祥,2021-12-31 23:52:16,-41,4,45,鲁老师的管理学真的是我上大学以来收获最多的一堂课，是各方面素质和思维方式的全面提升，事情虽然有点多但是收获绝对和付出成正比
145818,1099,鲁柏祥,2022-01-03 02:12:42,27,30,3,1.所谓的儒释道结合的管理学，毫无理论框架，甚至前后说法相悖\n\n2.课堂上都是一堆乱七八糟、不知所云的例子的堆砌\n\n3.必提鲁班，放心了，我们班都不会去上的\n\n4.每堂课听到一半的时候我都恨不得加一句“听懂掌声”\n\n5.在枭哥都被全网封杀的情况下，没想到浙大还存在这么一尊大佛\n\n6.能把学费还我吗？我想退钱
147764,1099,鲁柏祥,2022-01-10 18:02:33,9,9,0,传销老师，不过上课不用听就行了，给分还可以
148626,1099,鲁柏祥,2022-01-13 04:51:30,8,18,10,很多人批评老师，我觉得这不好。虽然老师确实讲得很空，讲得很有传销那味，我上课也没听过。但是老师每节课都讲得很有激情，牺牲课间休息时间继续进行教学。我觉得还是应该给以尊重
148886,1099,鲁柏祥,2022-01-14 01:23:39,-38,1,39,每节课必点名，学到的东西虽然不多，但也可以学到东西吧。
148908,1099,鲁柏祥,2022-01-14 02:36:37,13,13,0,所谓的不正态是不正态给高分吧
148955,1099,鲁柏祥,2022-01-14 04:25:39,6,6,0,三观不正，绩杀，垃圾
150743,1099,鲁柏祥,2022-02-16 12:17:31,20,21,1,创业基础：一节网课点三次名，有毛病吧！“特朗普就该来听我的课”，那么垃圾又那么自信。
150989,1099,鲁柏祥,2022-02-21 15:40:47,22,22,0,我脑海里一直在回响“听懂掌声”
151325,1099,鲁柏祥,2022-02-28 12:34:01,34,36,2,“全国一半的GDP都是我们鲁班创造的！”
151330,1099,鲁柏祥,2022-02-28 14:04:04,23,24,1,杨幂老师看了都得问一句老师你没事吧
151337,1099,鲁柏祥,2022-03-01 00:50:57,12,12,0,传销😅
151364,1099,鲁柏祥,2022-03-01 11:33:31,5,6,1,传销现场 血压飙升
151549,1099,鲁柏祥,2022-03-07 08:50:18,5,6,1,“微笑，点头，鼓掌”
151558,1099,鲁柏祥,2022-03-07 14:16:50,5,5,0,不尊重科学，扭曲中国传统文化
152224,1099,鲁柏祥,2022-03-30 19:14:40,8,10,2,印吹一枚也是服了，课上至少一半的时间疯狂输出低劣价值观和世界观，有意见？有异见？不好意思，话筒在他老人家那儿呢\n\n成天吹嘘自己的鲁班（自己搞的校外企业家洗脑小圈子），课作水平堪比成功学大师，就这怎么评的上讲师的？\n\n有幸见识过MBA的学生怼他，真的有点解气，这些同学年长有社会阅历，确实不太容易忽悠了
152699,1099,鲁柏祥,2022-04-18 12:47:50,5,5,0,这个人在这里胡作非为这么多年，没人管吗？
152763,1099,鲁柏祥,2022-04-19 10:46:57,1,1,0,嗯嗯嗯
152764,1099,鲁柏祥,2022-04-19 10:58:15,1,1,0,他是不是有些过于……那啥了？
152803,1099,鲁柏祥,2022-04-20 04:11:27,1,1,0,鲁大师
152804,1099,鲁柏祥,2022-04-20 04:15:12,0,0,0,逐出鲁班
152834,1099,鲁柏祥,2022-04-20 09:26:10,2,2,0,传销去死吧
153233,1099,鲁柏祥,2022-04-27 02:37:33,1,1,0,不知所云给分烂
153235,1099,鲁柏祥,2022-04-27 03:05:17,5,5,0,上课别听 论文好好卷
153273,1099,鲁柏祥,2022-04-27 09:51:55,9,10,1,看到鲁大师评分还在降我就放心了。
153498,1099,鲁柏祥,2022-05-02 05:25:47,-5,1,6,事多分高
153939,1099,鲁柏祥,2022-05-17 11:06:46,5,5,0,我真。。。要求多的要死，还不提前说，在已经展示完了再说你们不符合要求。那你倒是提前把要求说出来啊！事情多，说话没逻辑，假大空，做派很奇怪
153940,1099,鲁柏祥,2022-05-17 11:25:57,17,18,1,创业基础:\n\n1.分析展示不讲清楚要求，而且繁文缛节得很\n\n2.上课传销色彩，不愧是浙商教父\n\n3.这学期最有收货的怕是学长的创业分享了\n\n4.热力学第一定律。我真的笑得不行\n\n5.你画了一整个星期去做这个展示，可能因为文件损坏耽搁了些时间被打低分\n\n以上。
153942,1099,鲁柏祥,2022-05-17 11:48:11,0,0,0,呵呵）。
154203,1099,鲁柏祥,2022-05-26 03:09:46,7,9,2,开创业基础这门课意义何在？垃圾课程要不是1.5学分谁会来上，讲课跟传销一样，狗屁要求真多
154288,1099,鲁柏祥,2022-05-29 06:30:40,0,0,0,．＿．
154546,1099,鲁柏祥,2022-06-02 05:52:52,11,11,0,同学们！大家 早！上！好！
154642,1099,鲁柏祥,2022-06-02 16:06:27,4,4,0,这就是鲁班
154793,1099,鲁柏祥,2022-06-05 12:13:32,3,3,0,鲁大师
154818,1099,鲁柏祥,2022-06-06 00:39:55,3,3,0,鼓励内卷，卷死也就3.6，没有基础真的难受
155010,1099,鲁柏祥,2022-06-07 11:30:17,1,1,0,真的偶
155038,1099,鲁柏祥,2022-06-07 17:08:55,-7,2,9,细细想来真的有很多话是非常有道理的，别在上课前抱有不好的心态去就行。狂妄的学者而已。
155238,1099,鲁柏祥,2022-06-09 15:24:52,8,8,0,泽连斯基败在这个碳基生物手中。
155304,1099,鲁柏祥,2022-06-10 12:07:01,8,9,1,快跑啊！
155323,1099,鲁柏祥,2022-06-11 11:23:19,8,9,1,在社会上糊弄富二代和暴发户也就算了，来给浙大学生讲课属实大可不必。
155358,1099,鲁柏祥,2022-06-11 13:32:34,2,10,8,主观评价一下，鲁老师的人是很积极向上，会让人感觉很有活力，会对学生很鼓励，也会有一些很严格的要求。但是关于授课内容是不敢苟同的，是无法学到比较有效的知识。所以如果你报着水的心态可以来，但不要奢求学到什么
155517,1099,鲁柏祥,2022-06-14 01:58:48,5,5,0,纯纯混子
156048,1099,鲁柏祥,2022-06-17 08:34:14,5,5,0,没有营养
156107,1099,鲁柏祥,2022-06-17 14:44:23,16,16,0,亲眼目睹从8的评分掉到5开头，太迅速了ac01
156338,1099,鲁柏祥,2022-06-19 06:24:51,8,8,0,我的评价是：传销大师。非常之无语
157329,1099,鲁柏祥,2022-06-23 03:41:12,10,13,3,有病请去看病，别来讲课恶心人，给分还贼拉，滚吧，浙大为什么会有你这种老师，一门1.5的课拉了0.06的均绩，你想想
157331,1099,鲁柏祥,2022-06-23 03:44:02,6,7,1,有病吧，无语了
157336,1099,鲁柏祥,2022-06-23 03:54:22,7,7,0,论一个老师能有多垃圾？？？
157450,1099,鲁柏祥,2022-06-23 09:17:46,7,7,0,烂进骨子里了
157739,1099,鲁柏祥,2022-06-24 14:31:08,8,8,0,1分都嫌多
157864,1099,鲁柏祥,2022-06-25 07:26:30,4,4,0,给分不好，唉
158425,1099,鲁柏祥,2022-06-29 06:43:01,7,8,1,纯纯的智障
159102,1099,鲁柏祥,2022-07-06 07:44:13,8,9,1,讲课搞成传销，脏话连篇，师德建设有待加强
159248,1099,鲁柏祥,2022-07-09 05:52:43,7,7,0,成功学带师，听懂掌声
159300,1099,鲁柏祥,2022-07-11 10:47:49,2,2,0,呵呵呵
159436,1099,鲁柏祥,2022-07-19 12:06:46,4,4,0,不求是
160074,1099,鲁柏祥,2022-09-13 03:56:19,4,4,0,b事儿真多，作业也多，就会吹牛逼，吹的还没意思，我都睡着了
160117,1099,鲁柏祥,2022-09-13 11:25:25,7,7,0,传销组织
160198,1099,鲁柏祥,2022-09-15 01:59:46,44,47,3,一个让自己女儿19岁怀孕的人，不配做一个父亲。\n\n一个在自己朋友去世不过1个月后，念念叨叨地把朋友当做吹嘘的资本，心中没有一点哀悼的人，不配做一个朋友。\n\n一个瞧不起摆地摊的职业的人，不配做一个老师。\n\n或许他曾经很厉害，很有成就，但是今天站在我面前的不过是一个让我唾弃的人。\n\n或许他应该自己想想，作为一名浙大的老师，需要怎么样的修养，而不是用官僚的一套制度去框住浙大学生。
160285,1099,鲁柏祥,2022-09-16 12:19:59,4,8,4,脑残老师，脑子有问题。教学班还有一半的余量不让我补选，小爷我为了这门学分都不在乎他的评价了，给他这么大的脸，他还不要，该被骂的狗都不如，他也配在浙大上课，既没有人情味，也没有教学实力。他在搞什么东西，脑子有题的老师简直没有脑子
160408,1099,鲁柏祥,2022-09-21 12:57:18,31,31,0,大一新生，创业基础\n\n第一节课，请了做绿色公益的学长来讲，之后吹自己厉害，不去当董事长。\n\n第二节课，请了做农场＋陆龟养殖的学长，学长讲得有点像推销。\n\n目前感觉没什么有用的东西。\n\n老师知道得多，有理想，也是希望我们能学点（叫了好多优秀学长），但是让人觉得没意义。毕竟创业也是有点渺远的东西。\n\n星期五去退课，不想上了。
160528,1099,鲁柏祥,2022-09-26 02:08:17,6,6,0,第一次给老师打一分\n\n我就是毕不了业也不该来选创业基础
160588,1099,鲁柏祥,2022-09-27 13:18:11,8,9,1,纯纯大大大大傻杯！！！除非实在没办法\n\n死都别选鲁伯祥的课。避雷！！！
160917,1099,鲁柏祥,2022-11-07 01:34:48,3,4,1,快逃！
160918,1099,鲁柏祥,2022-10-19 16:07:20,2,4,2,传销组织
160919,1099,鲁柏祥,2022-10-19 16:14:07,2,3,1,讲的跟传销组织一样。自己出来传销卖鸡汤都能将2个小时。并且自己讲鸡汤举的例子牛头不对马嘴。纯纯的浪费时间浪费生命浪费学费。快跑别选这个烧杯的课
160921,1099,鲁柏祥,2022-10-19 16:14:12,2,3,1,客观来讲，讲的有少部分有用。如果有下一次，不，不会有下一次了
160922,1099,鲁柏祥,2022-10-19 16:17:56,2,3,1,两个多小时的鸡汤真的听不下去，上课的时候还会阴阳你
161068,1099,鲁柏祥,2022-10-25 15:03:24,1,2,1,...
161069,1099,鲁柏祥,2022-11-01 13:22:41,-11,1,12,时不时能说出几句话触动到我这个麻木的大学生我觉得已经不错了，我挺喜欢他
161076,1099,鲁柏祥,2022-10-26 01:28:35,1,2,1,这是邪教 快逃 作业死多 上课从来不讲有用的东西 只在吹嘘自己怎么怎么样
161148,1099,鲁柏祥,2022-10-29 10:49:07,3,4,1,恨你哦！
161262,1099,鲁柏祥,2022-11-02 12:54:21,6,7,1,我上了一个学期的创基课，老师没有讲任何干货。要不就是请一些企业家来吹牛和搞推销，要不就是让小组上台分析他以前的学生的成功例子。每次到了最后他就会上去总结一下，灌输一下毒鸡汤和成功学。\n\n每次喝完毒鸡汤我都会感到迷茫。\n\n没有干货，全是听起来很有用，很正统的没用的大话。。
161308,1099,鲁柏祥,2022-11-04 03:28:56,5,7,2,创业基础，传销一样
161330,1099,鲁柏祥,2022-11-04 07:08:37,3,4,1,真的垃圾，上课就喜欢吹牛b，建议别选
161545,1099,鲁柏祥,2022-11-08 13:41:08,4,4,0,听进去他的课等于精神污染
161546,1099,鲁柏祥,2022-11-08 14:06:59,6,7,1,传销组织
161597,1099,鲁柏祥,2022-11-09 08:56:08,8,8,0,快逃！！！！！！！！！！\n\nPUA大师，他的学术水平要是和他的嘴一样硬就好了
161601,1099,鲁柏祥,2022-11-09 09:32:09,6,6,0,垃圾玩意
161626,1099,鲁柏祥,2022-11-09 14:18:25,7,7,0,怎么什么人都能在浙大开课
161627,1099,鲁柏祥,2022-11-09 14:22:18,6,6,0,要不是最低只能打一分还想再打低一些！
161794,1099,鲁柏祥,2022-11-13 13:29:30,1,1,0,实在受不了，选了就退，别的都是几十进一，他一进几十
161797,1099,鲁柏祥,2022-11-13 13:32:13,1,1,0,6，太6了 传销 千万别来 上课跟坐牢一样，什么都学不到\n\n连讲3节课，他还觉得课少了 \n\n怎么不从早八一直讲到晚九？？？？\n\n我就搞不明白怎么有人会觉得他讲的还行 这哪是上课？这特么是邪教
161989,1099,鲁柏祥,2022-11-15 23:48:31,1,1,0,集邮与文化事多且绩杀，千万别来！快跑
162109,1099,鲁柏祥,2022-11-17 01:45:30,1,1,0,绩杀了，大家快跑
162113,1099,鲁柏祥,2022-11-17 01:53:24,1,1,0,拉跨，3.3
162117,1099,鲁柏祥,2022-11-17 01:59:55,1,1,0,传销头子
162129,1099,鲁柏祥,2022-11-17 03:05:56,0,0,0,。。。
162133,1099,鲁柏祥,2022-11-17 03:46:23,1,1,0,绩杀，身边2点几三点几
162137,1099,鲁柏祥,2022-11-17 04:24:22,0,1,1,搞不明白这种人渣为什么会在浙大教书🙏\n\n人生建议：别选lbx 会生不如死 （不仅仅指上课听他吹牛洗脑骂粗口 还包括出分的时候）
162146,1099,鲁柏祥,2022-11-17 04:59:52,1,1,0,sb一个
162157,1099,鲁柏祥,2022-11-17 06:38:52,3,4,1,创业基础：\n\n   只能说老师丝毫没有讲出什么有意义的东西，全程都在打鸡血。给分也很差，虽然本人非专业课绩点一直不怎么样，但是看到绩点还是有点失望。\n\n   不过换个角度来想：对于我这个只想混一个创新创业学分达到毕业要求，且完全不关心非专业课绩点的高年级工科老狗，鲁伯伯的创业基础也足够水，课上写了很多篇实验报告跟代码，晚上因为做实验没能吃饭甚至可以无压力地在上课时跑出去恰个同学送的晚饭。任务也就一个pre和期末一篇大论文，比较少。所以虽然绩点比较难看但是也比较感恩鲁伯伯没有浪费我宝贵地学专业课的时间
162158,1099,鲁柏祥,2022-11-17 11:39:21,2,2,0,一分好评❤❤❤
162178,1099,鲁柏祥,2022-11-17 10:46:28,0,0,0,嗯 无话可说了
162184,1099,鲁柏祥,2022-11-18 04:08:35,1,1,0,垃圾人
162187,1099,鲁柏祥,2022-11-17 11:45:07,1,1,0,邪教，绩杀
162189,1099,鲁柏祥,2022-11-17 12:09:08,0,0,0,啦啦啦
162192,1099,鲁柏祥,2022-11-17 13:01:29,12,13,1,一个让女儿十八岁怀孕的男人不配为父亲，一个在自己朋友死去不过一个月还在吹嘘自己那个朋友多牛，自己和那个朋友关系有多好的人不配做朋友，一个上课乱教，发表不正当言论的人不配为教师。\n\n我不清楚浙大为什么要这种人来教授，作为一名在他课上学习过的学生来说，他根本没有教过什么有价值的东西。\n\n在最后一节课，他请人来讲课，结果我一查，果然还是你，鲁柏祥，请一个传销分子来分享，我指名道姓，叫林潇。
162198,1099,鲁柏祥,2022-11-17 14:19:40,2,2,0,真的sb
162223,1099,鲁柏祥,2022-11-18 02:31:59,1,1,0,浪费时间，课堂啥都不讲，打分十分离谱
162285,1099,鲁柏祥,2022-11-19 06:16:03,1,1,0,傻孩子，快跑啊
162316,1099,鲁柏祥,2022-11-20 03:40:53,3,3,0,嘴跟套了铁幕似的\n\n讲课跟辐射蹲下一样难受\n\n各位肉人们千万别来！！！！！！！！
162322,1099,鲁柏祥,2022-11-20 04:53:47,1,1,0,辣鸡，谁选谁倒霉
162339,1099,鲁柏祥,2022-12-02 08:38:14,2,2,0,自己只会吹牛，啥真本事都没有，给分还特别恶心。
162387,1099,鲁柏祥,2022-11-21 11:19:22,1,1,0,快跑！
162434,1099,鲁柏祥,2022-11-22 09:37:58,1,2,1,无语，真是成功学大师，想成功的都可以去上他的课，真是受益匪浅，我的绩点6.0
162497,1099,鲁柏祥,2022-11-23 12:41:52,2,3,1,啊对对对，鲁老师说的都对\n\n大家上课该做什么做什么，占一个好位置，竟然还要绕教室，刚刚被看见做微积分...
162646,1099,鲁柏祥,2022-12-01 14:56:58,5,5,0,我只能说想学习PUA 可以报名，想毕业赶快退课，特朗普不来鲁伯伯都为他惋惜啊，泰国首富想把公司给他而不给儿子可见鲁伯伯多么厉害啊 牛逼 想毕业就快跑
162657,1099,鲁柏祥,2022-12-03 02:10:10,12,12,0,快跑，别学。听鲁柏祥说话就像听你家的🐶在教你怎么修WIFI
162758,1099,鲁柏祥,2022-12-06 01:46:02,3,3,0,鲁老师的创业基础不上课，给分全看自己和sb助教的心情。
162800,1099,鲁柏祥,2022-12-06 08:45:21,5,5,0,他可能是查老师分数跌的最快的老师了
162919,1099,鲁柏祥,2022-12-06 16:53:23,1,1,0,鲁柏祥应该是把管理学课堂里面的一些教条搬进创业基础里了
163449,1099,鲁柏祥,2022-12-14 11:06:35,2,2,0,给分确实有点离谱了
163495,1099,鲁柏祥,2022-12-14 13:16:28,4,4,0,sbsbsbsbsbsbbsbsbsb事多分少还要忍受他的nc发言 快逃！！！
163602,1099,鲁柏祥,2022-12-15 13:40:24,20,20,0,依托答辩
163860,1099,鲁柏祥,2022-12-16 09:04:55,5,5,0,垃圾，我真的不理解这种人是怎么当上浙大老师的。不断的pua学生，每次课讲毫无关系的烧杯自我经历。搞得大家很闲一样去听着垃圾讲课我也是服了
163922,1099,鲁柏祥,2022-12-16 14:29:38,3,3,0,ljljlj
164154,1099,鲁柏祥,2022-12-18 13:03:38,31,31,0,让校长亲自来听听，估计以后会停开创基
164364,1099,鲁柏祥,2022-12-20 12:15:45,2,2,0,传销组织
164495,1099,鲁柏祥,2022-12-21 09:01:12,2,2,0,快跑
164555,1099,鲁柏祥,2022-12-22 00:52:24,2,2,0,💩😁😁
164577,1099,鲁柏祥,2022-12-22 03:25:07,1,2,1,快跑快跑垃圾
164586,1099,鲁柏祥,2022-12-22 05:24:38,3,3,0,创业基础，听得痛苦
164693,1099,鲁柏祥,2022-12-23 12:16:12,1,1,0,真的不是传销吗？ p都学不到
164759,1099,鲁柏祥,2022-12-25 12:46:18,4,4,0,选这门课之前一定要谨慎谨慎谨慎，感觉学到的东西都不是从老师地方来的，老师每节课的点评每个人都会说，大部分时间都是同学以及学长的分享水过去的，以及这门课的给分完全凭老师和助教的心情。
164760,1099,鲁柏祥,2022-12-25 12:49:47,4,5,1,人模狗样祸害众生🤮
165344,1099,鲁柏祥,2023-01-02 03:07:44,1,1,0,呵呵呵
165366,1099,鲁柏祥,2023-01-03 05:11:59,6,6,0,吹牛第一名，给分还很迷
165432,1099,鲁柏祥,2023-01-05 05:04:49,-4,3,7,没上过鲁老师的课，不过他似乎风评很不好的亚子......
166485,1099,鲁柏祥,2023-01-12 10:58:31,5,8,3,u1s1真的像传销。创业基础事其实不多，就一次小组分享加上一篇论文。不过考虑到这次的疫情影响，一大半的课都只要挂着就行，不用听，如坐针毡的痛苦少了很多。最后给分4.2还算正常。
166493,1099,鲁柏祥,2023-01-12 11:22:32,11,12,1,老师也是有一些思想在的，但我就想问一问为什么秋学期班里的绩点比冬学期低这么多？这让我们秋学期班的很难受
166498,1099,鲁柏祥,2023-01-12 11:51:19,4,5,1,这个老师就是传销组织出来的，根本学不上东西，当上课代表都能比普通生的分数低，千万别选上他的课，选上他的课捯了八辈子血霉了
167015,1099,鲁柏祥,2023-01-14 15:49:19,-3,9,12,给分其实没那么差，和职规相比事情也算少
167483,1099,鲁柏祥,2023-01-16 14:46:12,4,5,1,别选，你会感谢我的
168200,1099,鲁柏祥,2023-02-01 14:01:04,3,3,0,hhh
169037,1099,鲁柏祥,2023-02-24 05:28:54,-18,3,21,真的好老师（）
169291,1099,鲁柏祥,2023-02-25 08:53:22,4,4,0,sb吧
169851,1099,鲁柏祥,2023-02-28 06:19:11,3,3,0,lbx就没打算认真上课
169875,1099,鲁柏祥,2023-02-28 07:45:15,6,7,1,鼓励鹅颈，资本气息浓厚，不过给分尚可，课建议少去，听课极容易高血压
169935,1099,鲁柏祥,2023-02-28 14:01:36,1,2,1,滚滚滚
170403,1099,鲁柏祥,2023-03-04 00:35:30,3,3,0,呵呵呵
170769,1099,鲁柏祥,2023-03-09 09:02:45,6,8,2,擅长灌输自以为了不起的价值观和错漏百出的哲学观点，实际上学不到任何的专业知识。想学到知识的别选\n\n创业基础会正态，不过客观的看事情确实不算太多。课上可能更适合戴上耳机做微积分
171065,1099,鲁柏祥,2023-03-15 11:11:04,5,6,1,臭sb，草泥马
172228,1099,鲁柏祥,2023-04-23 03:11:39,2,2,0,sb
172251,1099,鲁柏祥,2023-04-24 00:45:08,5,5,0,傻鸟老师\n\n吐了
172347,1099,鲁柏祥,2023-04-25 08:46:28,48,51,3,“我在管理学里面经常布置海量的作业。”\n\n“有同学说为了这门课作业，其他课都上不了，作业都做不了，数学挂了，最后什么都挂了。”\n\n“我说值得。”\n\n“你有这个勇气去挂数学，意味着明天你会有更大的回报。”\n\n听懂掌声👏
172352,1099,鲁柏祥,2023-04-25 09:06:50,1,2,1,管理学院的课是这样的
172353,1099,鲁柏祥,2023-04-25 11:00:59,1,1,0,依托答辩
173799,1099,鲁柏祥,2023-06-03 05:21:23,0,0,0,真逆天
173819,1099,鲁柏祥,2023-06-03 08:16:51,8,9,1,浙江大学有这种老师我是很不能理解的\n\n大一上lbx的创业基础 我要用四年的时间来治愈自己的心灵\n\n除非你真的没有其他退路  不然别选  我认真的
174040,1099,鲁柏祥,2023-06-06 01:17:10,13,15,2,创业基础，如果你能忍受他讲的依托答辩还声音超大，事情比其他创新创业类课程少很多。
179099,1099,鲁柏祥,2023-08-28 01:44:17,3,3,0,好崩溃
180764,1099,鲁柏祥,2023-09-26 02:39:18,4,5,1,感觉事情不算多，上课有点吵
182256,1099,鲁柏祥,2023-11-13 10:54:41,-4,5,9,鲁伯伯可爱捏
182320,1099,鲁柏祥,2023-11-14 13:47:16,4,7,3,傻逼一个，整天早早早早早早，我的建议是赶紧请您早点死别来这里祸害学生。要不是为了这他妈傻鸟一样的必修学分我他妈先拿出刀把你砍了。一整个傻卵哲学思维，还他妈扯牛顿和爱因斯坦的公式来乱逼，我请你自己傻逼就算了不要侮辱物理学。还他妈扯乘法加法，数学到了您手里就是您传销的工具了是吧。还他妈吹自己牛逼牛逼，还他妈拉踩职规课，你都一把年纪了是真的不要脸啊。赶紧入土，赶紧灰飞烟灭吧别投胎了别祸害人间了
182828,1099,鲁柏祥,2023-11-20 13:18:44,1,2,1,创业基础拿给本科生上可能太超前了
182843,1099,鲁柏祥,2023-11-20 14:31:58,5,5,0,伟大的哲学家😋拒绝上市公司老板禅让的伟大教育家😋心系人民的伟大人民教师😋浙江大学管理中流砥柱😋\n\n\n\n讲课答辩，需要治愈心灵
183564,1099,鲁柏祥,2023-11-27 11:30:56,2,3,1,没有专业知识，只有平庸无聊的自我高潮
183577,1099,鲁柏祥,2023-11-27 12:12:21,7,8,1,冒充浙大老师
184366,1099,鲁柏祥,2023-12-18 08:37:16,1,2,1,依托答辩
185845,1099,鲁柏祥,2024-01-05 01:25:18,10,11,1,曾经有上亿资产摆在我面前委托我打理，我说我拒绝，赚钱真的太简单了，我的任务应该是投身教育培养更多企业家，而不是只会赚钱，听懂掌声👏
189329,1099,鲁柏祥,2024-01-23 09:00:32,7,8,1,老师讲课如何我不评价，但是事情是真的少，只有一篇课程论文
189364,1099,鲁柏祥,2024-01-23 11:55:04,10,10,0,针对创业基础   上课内容“语不惊人死不休”，真正“别开生面”，打开创业的另一面。可能因为出于对当下主流的创业理论的不认可，在课上基本上只讲自己帮助“鲁班”企业家/拒绝百亿上市公司老板禅让投身教育的的光辉事迹（不作评价，仁者见仁智者见智）可以当故事或者野史听就好了。课后基本没事，无期末考试，只有一个课程论文，一般上课的2次随机点名到场，论文随便写个七八千字就可以有4.5（可能因为是退休前带的最后一个班所以手软了），个人认为性价比在各个老师中比较高
189375,1099,鲁柏祥,2024-01-23 13:18:20,1,3,2,讲课怎么样不知道 可能是因为最后一个班 随便写了一点论文4.5还是比较水的
198509,1099,鲁柏祥,2024-09-09 10:59:45,1,1,0,6666
198648,1099,鲁柏祥,2024-09-12 09:17:33,6,6,0,大二老登终于碰到了自己大学生涯的第一个抽象老师......不多说了
198664,1099,鲁柏祥,2024-09-10 13:19:47,3,3,0,很好的课，使我的大脑旋转，建议每个人都来上上这门课（不能只有我一个人吃到这口史）
198669,1099,鲁柏祥,2024-09-10 14:03:00,14,14,0,建议大家都来选鲁老师的创基，因为我相信每个人都应该有自己的报应。
199351,1099,鲁柏祥,2024-09-21 13:06:39,0,0,0,666
199498,1099,鲁柏祥,2024-11-24 06:37:27,13,15,2,byd出分了，我一次没签上到4.2，但是我不后悔我那次没去，纯sb这老师
199770,1099,鲁柏祥,2024-11-22 08:40:55,-35,3,38,抛开输出暴论不提，老登给分是真好啊，此生无悔进鲁班！！！
200730,1099,鲁柏祥,2024-10-21 11:46:40,6,8,2,早你大坝，鲁班你大坝，胖东来你大坝，正大你大坝
200791,1099,鲁柏祥,2024-10-22 11:31:39,3,3,0,不多说
201679,1099,鲁柏祥,2024-11-05 10:53:30,5,5,0,太把自己当回事了吧
201680,1099,鲁柏祥,2024-11-05 10:54:35,6,6,0,区区一个水课，你是不是太看得起自己了？\n\n纯÷🤮🤮🤮
201689,1099,鲁柏祥,2024-11-05 11:25:25,-1,1,2,谁说这啵啵老啊\n\n这啵啵太棒了
201690,1099,鲁柏祥,2024-11-05 11:28:34,4,4,0,神棍、压抑，擅长没有逻辑的归因，以及依靠个人的经验要求所有人。无趣而又狂躁的老人。
201716,1099,鲁柏祥,2024-11-05 15:07:37,3,3,0,史中史👍一节课就使我大开眼界并破防
201769,1099,鲁柏祥,2024-11-06 05:36:49,3,3,0,史中史，带上耳机心中还是有一股无名业火😡
202406,1099,鲁柏祥,2024-11-12 11:40:25,0,1,1,俺也来吃屎哩
203886,1099,鲁柏祥,2024-11-21 17:59:32,1,2,1,出分了，课程只有最后几次集中签到，平时没有作业，只有一个最后的创业计划书。最后4.5，但至于上课的内容……
203910,1099,鲁柏祥,2024-11-22 02:49:26,5,6,1,垃圾老师 上课纯洗脑 本来想试一试 结果试试就逝世 千万别选这门课 再怎么缺学分也别选 一句忠告 忍了一个秋学期的洗脑课程 论文辛辛苦苦写了6000多 最后出的分不忍直视。。。
205020,1099,鲁柏祥,2024-11-29 16:28:13,1,3,2,你麻痹的，亏我一节课没落，每节课都听你的口水话，废话，喜提3.6，傻逼老师，你也配当老师，自我感觉良好的废物自恋狂，吃屎去吧
206015,1099,鲁柏祥,2024-12-13 03:11:47,5,5,0,是爸爸姑姑或者妈妈舅舅的孩子，感觉像是那种最后一次观影机会点到仁寿区炸膛在狗脸上的那种人。
206393,1099,鲁柏祥,2024-12-14 21:34:59,5,6,1,对一个不知道查老师网站的大一新生造成了极大的伤害
206760,1099,鲁柏祥,2024-12-17 11:51:19,0,1,1,3.7还是高了
207645,1099,鲁柏祥,2024-12-23 12:06:01,0,2,2,精神折磨，建议不要去上课
211629,1099,鲁柏祥,2025-01-12 05:17:06,4,6,2,课程史中史，事情少中少，分数高中高
211630,1099,鲁柏祥,2025-01-12 05:17:21,2,2,0,2b一个
211861,1099,鲁柏祥,2025-01-12 20:35:57,3,3,0,讲课真的难评，但给分是真的好，而且事情少。\n\n有几点给后来人的建议：1，他上课是有ppt的，写论文的时候可以引用他ppt里面你觉得正确的点，这样分数会比较好。\n\n2，他是雷达点名，而且只会下课前签到，你懂的。\n\n上课的时候坐在中间偏后远离走廊的一侧，坐在最后面会被赶到前面，坐在靠近走廊一侧会被点起来回答问题
213114,1099,鲁柏祥,2025-01-16 04:34:59,4,4,0,创业基础\n\n感觉其他人说的很好了，上课戴好耳机，开始自习就行
214578,1099,鲁柏祥,2025-02-13 13:24:37,2,3,1,坐标创业基础\n\n实话说，事情少，老师基本不签到，也没有课后作业，甚至上课也不管大家听讲。\n\n上课极偶尔提问，都很简单，答不出也毫无关系。\n\n主要任务就是一份创业项目计划书。\n\n鲁老师本人和助教都是认真负责，备课还是很用心的，学期中也有请嘉宾来讲座。\n\n最后出分情况符合预期。\n\n个人觉得目前的分数不具有真实性。
217445,1099,鲁柏祥,2025-04-10 12:16:39,3,3,0,各位同学早上好
217989,1099,鲁柏祥,2025-04-19 01:55:35,3,3,0,完全不是人
218739,1099,鲁柏祥,2025-04-30 04:53:44,0,0,0,助教人很好
30400,1101,张世琪,2016-07-01 13:19:30,1,1,0,很好的老师，上课还会给我们讲中医学知识，烤面包给我们分，课程内容轻松有趣，给分超棒
48854,1101,张世琪,2017-03-15 02:52:46,0,0,0,上课一半的时间都在讲中医，我真的不感兴趣好吗
25188,1103,何平,2016-05-07 11:02:57,0,0,0,项目管理上课很认真，给分追求公平透明
3872,1117,严进,2015-06-17 07:09:28,16,20,4,严老师超级可爱炒鸡萌哒。上课很有意思给分也好哈哈哈。喜欢！
23456,1117,严进,2016-03-30 07:52:58,9,10,1,超级好的老师
24895,1117,严进,2016-05-04 08:52:58,5,6,1,老师人挺nice的，课程内容本身也有意思
26576,1117,严进,2016-06-20 07:20:13,2,3,1,超级棒
50207,1117,严进,2017-05-01 08:01:37,6,6,0,谢谢老师把我们领进读paper的大门
50209,1117,严进,2017-05-01 08:18:01,3,4,1,上课很有意思，给分超好哎，能记住全班人的名字，虽然不点到但是在老师准确叫出你名字的时候根本不敢旷课?
58149,1117,严进,2017-08-08 03:27:24,2,2,0,强调理论对现实的解读
62793,1117,严进,2017-11-27 03:46:50,2,2,0,领进读文献的大门+1
77021,1117,严进,2018-04-28 14:21:18,0,2,2,严老师很棒
77516,1117,严进,2018-05-06 08:19:01,1,2,1,严谨，负责
79331,1117,严进,2018-05-31 03:40:54,8,13,5,上课好给分好，但是人资的学妹千万不要选他当课题或者毕业论文的导师啊...会后悔的
122341,1117,严进,2020-02-24 17:33:52,2,3,1,讲课还行，给分真的一般
132105,1117,严进,2021-01-30 09:32:50,0,0,0,讲课有意思，感觉组织行为学作业都不是那么好做，可能是因为我不太擅长，给分中规中矩
142190,1117,严进,2021-11-08 11:07:25,0,4,4,去上课前我以为yj是个一心教学体谅学生的老师。然后他说出来如下言论：\n\n1⃣️平行班一个班人少，每组需做两次pre，另外一班每组一次，我们argue能否减少其他作业内容或频率以保持平衡，他说两班教学内容不能减少，不能那就能增加了？\n\n2⃣️我们argue说workload过大不适合大四（大家各有前途要争），他说对，所以下一届改放到大三了。所以我们这届就是错到底了，随便拉倒算了？\n\n3⃣️我们说这届管院er考研比较多，他说现在考研名额不是在压缩吗，都走推免。另外他也不允许因为实习工作出差请假。管院保研率20%，剩下80%不考研不工作可以直接去死了是吗？\n\n4⃣️一切安排他都无权改动也无权争取，只不过是完成上级教务处的安排罢了。
142961,1117,严进,2021-11-18 00:57:37,0,0,0,老师讲课非常有意思，也能收货很多，事例讲解也很详细。给分马马虎虎
143045,1117,严进,2021-11-18 11:10:23,1,1,0,平心而论，老师很好，讲课感觉就能把学术，理论讲的很透彻，结课了还和我讨论期末作业的论文模型，就是可能唯一的缺点，期末大作业太难了，我们只是大二的小朋友。
145116,1117,严进,2021-12-27 13:09:21,4,5,1,这人有没有考虑普通人的感受吗？保研的人毕竟只是少数，没保研的80%就真的被开除人籍了吗？摊上这样的研究后沿的课是真的倒大霉了，在大四秋冬学期80%的人都需要考研冲刺，实习转正，秋招和出国，等决定未来的方向的人生大事，教务处是真的不合理，老师完全不考虑学生未来的安排和现实情况，课程工作量大大超越其他的课，在学生集体反馈申请调整之后表示这是规定不能改，明知课程安排不合理却不作为，置学生未来于不顾，但不得不承认，他做的规定很合理合法，按照规定是没错的，只能说，普通人，菜是原罪，怪不得老师（微笑）
165886,1117,严进,2023-01-10 08:23:21,3,4,1,事情多，抱着满绩的态度学的，自信满满最后拿了3绩点。
167269,1117,严进,2023-01-15 09:48:46,1,1,0,严老师的组行真的很有意思，非常遗憾老师因为身体原因没有带我们上完一学期的课呜呜呜想念老师！老师会记住你的名字，课堂互动氛围特别好！严老师真的可以说领同学进读paper的大门，第一次在做作业的时候觉得是有趣是享受的
178009,1117,严进,2023-07-06 07:28:37,2,2,0,给分太差了
183495,1117,严进,2023-11-26 23:43:18,1,1,0,案例很丰富老师讲解也很透彻，师生互动氛围轻松，是我这个学期最喜欢的老师！
183611,1117,严进,2023-11-28 01:52:36,2,2,0,这学期专业课鲜少觉得是正常人的老师（不，是很好的老师
184063,1117,严进,2023-12-07 12:39:52,0,0,0,组织行为学｜严老师超级好，上课也很有意思，给分也真的不错，据我所知能捞的都尽量往上捞了。
189642,1117,严进,2024-01-26 08:17:17,2,2,0,组织行为学｜严老师很好，上课也很有意思，给分也特别捞，很推荐！
195742,1117,严进,2024-06-30 00:10:24,1,2,1,给分巨差 别选快跑！
203209,1117,严进,2024-11-18 04:17:54,1,1,0,ob的课，上课多发言，认真看MOOC，就没什么问题
215007,1117,严进,2025-02-20 04:28:22,3,4,1,评论区请的水军吗？事情贼多，第一天上课就有小测，提前一周私信老师请假，结果被已读不复，如果不能请假也不说一声，很差！快跑！
217874,1117,严进,2025-04-17 09:58:56,3,3,0,组织行为学\n\n一共两个作业加上一个小组展示，一个小作业一个期末作业。平时发言加分，不用担心卷发言的问题，只要平时上课带着姓名牌老师会点人发言。给分很好，上课认真发言，平时两个作业就按水课标准来（AI加一点点自己的东西），最后总评满了，仅供参考\n\n但是老师班上人一般比较少，一般要求后三排坐人，其他没什么确定，讲课的案例也很有意思。
4315,1160,林旭东,2015-07-20 01:39:58,10,21,11,困困困
15663,1160,林旭东,2016-01-16 05:22:16,1,6,5,作业超级麻烦，老师人是不错，考试超级难\n\n\n\n
27320,1160,林旭东,2016-06-24 17:13:10,1,4,3,考试超级难！我差点儿跳楼了
32390,1160,林旭东,2016-07-06 11:47:04,1,4,3,分数超级低，作业超级难
37362,1160,林旭东,2016-11-18 13:02:40,1,8,7,很喜欢这位老师，讲东西讲得很清楚，态度不错！赞?
52199,1160,林旭东,2017-06-16 00:56:35,0,3,3,讲课很清楚，能学到东西，学数据库技术当个性，绩点倒也不在意了
53564,1160,林旭东,2017-06-27 04:46:55,0,2,2,讲课好有耐心啊，感觉有很用心的准备课程。不过作业真的不会做。
56086,1160,林旭东,2017-07-03 06:27:47,0,0,0,。\n\n。\n\n。
56699,1160,林旭东,2017-07-04 10:04:28,2,7,5,老师人真的特别好，学期中间老师家里出了些变故，人憔悴了许多，但是上课还是十分认真负责，期末考前也把要考的东西都讲了一遍。考试不如老师说的那么简单，但是最后给分还不错的
71229,1160,林旭东,2018-01-28 07:32:18,0,2,2,老师讲课比较细致，数据库考试没有那么难，前面的课程略拖沓，主要内容集中在后半部分，还是要记忆很多东西的。
71269,1160,林旭东,2018-01-28 08:24:13,0,1,1,还可以吧
71367,1160,林旭东,2018-01-28 10:59:56,1,3,2,1.上课认真，还算耐心\n\n2.作业难，其他专业慎重选择\n\n3.这学期不算认真，考试难，均?不高\n\n4.冬学期第八周蜜汁大报告也是服气，还不占分数\n\n5.大作业找个好点的人carry吧，这学期基本一个人弄，分很低\n\n
71391,1160,林旭东,2018-01-28 11:32:43,-1,3,4,对不起 打扰了 没有负分选项么？
71607,1160,林旭东,2018-01-28 16:35:46,1,4,3,讲课认真，好好听分数还是不错的
74214,1160,林旭东,2018-02-06 17:53:55,1,5,4,无聊，给分差，故意出没讲过的题，脑子有坑
81824,1160,林旭东,2018-07-11 05:29:29,2,3,1,老师讲课还蛮对胃口的，很清晰，他会讲一些推倒，但不感兴趣就可以不听，只要知道怎么用就行。一篇论文，可以选择交也可以选择不交。考试会画一些重点，画的非常良心。
85574,1160,林旭东,2018-07-19 19:39:29,1,2,1,考试前会画重点，范围很明确，按照要求复习考试不会差，认真负责，讲的很清楚，推荐！\n\n
85802,1160,林旭东,2018-08-13 03:53:28,1,2,1,老师的考前重点真的太有用了，点赞
95251,1160,林旭东,2019-01-19 23:41:59,1,1,0,考试并不容易
101209,1160,林旭东,2019-03-05 01:01:27,1,1,0,差差差\n\n
114581,1160,林旭东,2019-07-10 22:26:51,0,0,0,上课会有延伸，讲的内容会比考的内容要多，老师上课讲的很清楚，但是和教材会有顺序上的区别，可买参考书辅助或者直接看PPT，期末会有一个编案例的大作业需要用电脑做，其他基本手算。
114612,1160,林旭东,2019-07-11 00:42:55,1,2,1,太喜欢老师的讲课，OR会很细致得讲推导，离散也讲得很细致。只要上课精神状态好，仔细听，这两门课就学起来很轻松。真的是很好的老师，备课、上课都很认真、细致
114865,1160,林旭东,2019-07-12 05:59:28,0,0,0,。。。
117044,1160,林旭东,2019-09-18 14:50:11,0,0,0,挺认真的
125703,1160,林旭东,2020-09-13 10:37:52,-3,3,6,老师不错，就是离散小测太难了，感觉两次都没及格，但是期末考比较简单，最后竟然有4.8，感谢老师捞我。
135310,1160,林旭东,2021-05-08 02:46:46,0,0,0,难死了，死了
220268,1160,林旭东,2025-06-17 04:17:16,0,0,0,很真诚，很想与学生互动的老师
220269,1160,林旭东,2025-06-17 04:17:16,0,0,0,很真诚，很想与学生互动的老师
2910,1182,颜士梅,2015-05-11 02:28:42,8,17,9,老师课讲的很好 案例什么的还是比较有意思 给分也不错 只要好好做好笔记的话
3642,1182,颜士梅,2015-06-17 01:58:00,2,7,5,讲课非常生动清晰，不错，很和蔼
13350,1182,颜士梅,2015-12-27 06:57:05,2,6,4,备课非常充分，上课永远精神饱满～案例丰富，讲解清楚，而且很贴近学生～
13390,1182,颜士梅,2015-12-27 14:34:08,0,2,2,好好好
25421,1182,颜士梅,2016-05-18 06:55:08,2,4,2,很不错，要好好做笔记。
26046,1182,颜士梅,2016-06-15 08:15:32,0,2,2,老师很有气质~很可爱！
26575,1182,颜士梅,2016-06-20 07:18:35,0,1,1,很优秀的老师
26940,1182,颜士梅,2016-06-22 00:11:21,1,3,2,超级棒的老师！
32654,1182,颜士梅,2016-07-08 16:22:12,0,2,2,管院最棒英语授课老师之一！
32673,1182,颜士梅,2016-07-09 06:13:54,0,1,1,超级可爱的老师！注意听课的话好成绩不要太容易好吗！
32730,1182,颜士梅,2016-07-12 03:45:40,0,2,2,认真听认真做笔记的一门课，虽然成绩没有想象中的高，还是很有收获的一门课，老师非常平易近人很亲切
32754,1182,颜士梅,2016-07-12 08:55:57,-1,6,7,讲课无聊，没有什么实质性的作用……上课老点名，实在是浪费时间
32926,1182,颜士梅,2016-08-04 09:10:30,0,2,2,老师给的分很好，上课要认真听
51698,1182,颜士梅,2017-06-08 11:05:15,0,3,3,请问小组作业如果不展示的话分数差别大吗
52374,1182,颜士梅,2017-06-19 08:02:18,0,3,3,老师超级萌的好嘛，你们这样整天习习蛤蛤欺负老师不懂也太过分了【I am angry！】
55845,1182,颜士梅,2017-07-02 12:49:08,0,1,1,上课的方式让人有感到轻松又能学到东西，不过要求很严，上课要做好笔记考试才容易得高分。
56092,1182,颜士梅,2017-07-03 04:57:44,1,2,1,讲的仔细，内容不多，算是人资的启蒙吧！人很好，关心学生，不为难学生。笔记全的话分数也蛮好！
56149,1182,颜士梅,2017-07-03 06:57:55,0,1,1,老师上课很认真了，给分也挺好的
57386,1182,颜士梅,2017-07-07 07:13:20,1,3,2,呃 老师口音略奇怪 上课的话基本就是拼命拍ppt打字 毕竟考试开卷 给分还行 老师人很好很热情
100055,1182,颜士梅,2019-01-25 13:26:23,-1,1,2,课活了～老师太有趣了～
100424,1182,颜士梅,2019-01-26 06:04:21,2,3,1,太多太过直接的眼神交流反而令人觉得很累，有时候很和蔼有时候又脾气不好，搞不懂为什么……
107756,1182,颜士梅,2019-05-09 06:54:14,1,2,1,看评论和现实感觉画风不太一样\n\n老师和蔼的同时还是很严格的，全英的课，语速偏快，一边翻译一边记笔记，理解的部分就比较少，每周一篇英文文献作业或调研大作业（都需要全英pre），上课随机点名或叫人回答问题\n\n口语废的同志真的要慎重了！
135160,1182,颜士梅,2021-05-05 06:18:05,1,1,0,很好啊，人资入门很不错。推荐的论文都挺好的换我自己找不到
152814,1182,颜士梅,2022-04-21 10:37:29,3,3,0,热情，公正，互动。老师上课时亲自示范了HRM的精神
152898,1182,颜士梅,2022-04-21 10:45:36,2,2,0,好喜欢老师上课的活力与热情！每节课都有收获，而且老师很有气质～
219947,1182,颜士梅,2025-06-12 03:14:09,0,0,0,老师认真负责，可爱，师德高尚，我实在找不出什么缺点。
221385,1182,颜士梅,2025-06-23 07:06:34,0,0,0,颜老师认真负责，上课很有活力，爱老师！
122652,1227,张小林,2020-03-12 04:26:49,0,0,0,认真负责
123385,1227,张小林,2020-06-08 02:46:57,8,10,2,领导力开发课程。\n\n老师业务能力不够，讲课喜欢读ppt且自己逻辑不清晰，一句话翻来覆去说很多次，思维也比较死板。\n\n老师人感觉还是想认真想负责的？但是要么是没好好备课要么就是不太适合当老师。\n\n上课非常无聊。
123747,1227,张小林,2020-06-13 09:41:17,1,1,0,老师认真负责 我觉得讲课不错的 可是就是领导力开发他课的作业好多啊 哭辽😭
135535,1227,张小林,2021-05-13 00:49:32,1,2,1,老师给分好～人也很可爱
151481,1227,张小林,2022-03-04 09:49:27,1,2,1,超级好超级贴心认真负责的老师！！！
167417,1227,张小林,2023-01-16 06:57:41,4,4,0,看到楼下有人说作业多，感觉我这一年作业不是很多（对比ws班级），而且难度比较小；小组作业是一个大案例分析里面的一个问题，大概就1500-2000字，个人作业有两个，一个是文献阅读报告（给了目录，基本套进去或者翻译就行），一个是WBI测试之后的领导力提升方案（3000字，模板就有1500左右），总体难度比较小；然后上课发言会有记录有加分，但是老师的问题...太难回答了....后期会有判断题，这个时候还挺好说话的，偶尔发个言也不错。听老师说好像有一部分同学作业都没有按时交，所以这部分同学可能就成绩不好了》。。\n\n总结一句话，上课不知所云，给分好的一批
79,1258,张宏坤,2015-03-14 15:41:24,9,19,10,认真负责的老师
1058,1258,张宏坤,2015-03-21 16:03:13,11,19,8,张老师上课还是很有自己的特色的 非常认真负责。\n\n
1812,1258,张宏坤,2015-03-25 08:21:59,0,1,1,脑子要动，要提前预习
3988,1258,张宏坤,2015-06-17 12:15:35,30,35,5,老师：你可以把课本扔了
4971,1258,张宏坤,2015-07-01 16:27:25,5,9,4,脑速要快！\n\n
4990,1258,张宏坤,2015-07-02 02:32:51,2,6,4,非常非常负责任的老师。上课也很细致，认真听老师上课期末考基本没问题
6160,1258,张宏坤,2015-07-11 13:06:04,2,6,4,会计学讲的非常好！认真负责！
6682,1258,张宏坤,2015-07-18 11:47:05,2,7,5,认真负责，就是要求比较多比较严
7645,1258,张宏坤,2015-09-15 07:24:40,0,2,2,老师负责，作业要求高。很有实践经验，不过不讲财管的数学原理有点可惜。
11013,1258,张宏坤,2015-11-24 00:38:57,14,19,5,很负责很认真的一个老师，有点严厉但懂得很多，能学到很多东西\n\n
12204,1258,张宏坤,2015-12-22 10:08:22,1,3,2,好好好
13057,1258,张宏坤,2015-12-24 16:17:20,4,5,1,呵呵呵
17066,1258,张宏坤,2016-01-19 14:09:18,12,14,2,不会点名，每节课有签到！
18230,1258,张宏坤,2016-12-20 11:54:22,-3,8,11,男神啊
18505,1258,张宏坤,2016-01-22 00:42:09,16,16,0,不预习很慌。给分慌
20685,1258,张宏坤,2016-01-29 21:10:08,21,25,4,不只是绩杀，还会挂你。
20728,1258,张宏坤,2016-01-30 10:22:00,7,10,3,好像是绩杀
20840,1258,张宏坤,2016-02-01 15:14:21,-15,15,30,会计学本来就是要一步步认真跟上的说什么绩杀的你作业按时认真做了考试认真复习了，怎么会没有90以上
20889,1258,张宏坤,2016-02-03 03:08:31,-16,16,32,每节课点名，下课件交作业必须在规定时间，过时直接关闭邮箱，矫情大事逼\n\n上课就是念课本，给分不是一般烂\n\n真不知道怎么会有这么恶心人的老师
21620,1258,张宏坤,2016-02-29 10:40:40,8,10,2,财管真得绩杀
21624,1258,张宏坤,2016-02-29 10:49:55,25,28,3,给分真心不好，期末发挥不好，不要期待有师生情。
21759,1258,张宏坤,2016-03-01 04:00:53,13,25,12,很凶很严但是很喜欢，好好学就能拿高分。
26667,1258,张宏坤,2016-07-14 15:09:30,7,13,6,老师特别严厉，但真的是我见过最负责的老师了，曾经因为自己有事有一节课没去，之后觉得炒鸡对不起老师。我就是喜欢这样负责的老师，所以很喜欢他的课，最后成绩也还不错差一分满绩。如果是真的对会计感兴趣想学的同学，推荐这个老师！
26890,1258,张宏坤,2016-06-21 13:06:33,18,21,3,负责 讲课水平不错 作业要求很高
30881,1258,张宏坤,2016-07-02 21:12:11,5,8,3,是否绩杀，看自己的努力吧~老师很负责，作业都是自己批的，课上会补充一些内容，虽然要求严格，但是学管理的，不严谨怎么行？
30886,1258,张宏坤,2017-01-24 08:19:51,-2,10,12,上了张老师一年的课，会计和财管都是他教的。虽然是我遇见过的大学老师里最严厉认真的，但觉得他有一种蜜汁萌感。老师上课讲得很棒哒，给分也确实很求是（会计是老师自己出卷，私以为他出的试卷确实偏难一点，财管是统一考试）但是真的只要你认真学习，成绩也还过得去，老师不会故意给你打低，你能考几分，就给你几分。学习帝上的财管均绩3.0多，但是我最后考出来还行吧，至少上四了。我只能说混学分的，想拿高分在张老师这里确实不容易，但是对认真学习的，不要因为均绩低而放弃他，财管这门课还是很有趣的，张老师真的很负责
30891,1258,张宏坤,2016-07-02 23:51:21,2,4,2,作业要求很严格 每次都心惊胆战怕错过ddl 平时好好听作业认真做能学到很多的
30893,1258,张宏坤,2016-07-02 23:52:06,4,7,3,虽然课上的是不错，但是给分可以再低点么，期末考出卷绝对是所有老师里最难的
30898,1258,张宏坤,2016-07-03 00:19:10,1,3,2,很可爱的老师，作业都是自己改的
30906,1258,张宏坤,2016-07-03 01:36:29,6,11,5,?绩杀 给我及格了我是不是该感谢老师的师生情？？？ 一学期下来都有好好听课不知道为什么这么低 可能期末考没发挥好？？？试卷绝逼是几个班里最难的？？？想重修了??
30921,1258,张宏坤,2016-07-03 03:36:38,2,5,3,平时作业也都好好做了，考试也复习了，结果还是死了，那就这样吧～真的是没有师生情的，可能是没有平时分的？
31163,1258,张宏坤,2016-07-03 10:04:53,0,2,2,呵呵哒
31324,1258,张宏坤,2016-07-03 16:04:32,3,4,1,要不是老师比较严，我估计这门课又水过去了，平时会抱怨每节课签到很烦，但到考试周会庆幸还好平时有去上课听，没那么虚T_T给分还是客观的吧
38672,1258,张宏坤,2016-12-14 07:24:31,7,7,0,很认真
39004,1258,张宏坤,2016-12-20 11:52:43,1,3,2,第一次这么不喜欢听课，真的讲的不咋样，虽然挺认真的，而且不按时下课
40700,1258,张宏坤,2017-01-05 05:07:18,60,68,8,在大学一年多来碰到的最有高中老师感觉的老师，每节课都会有签到，不认真听讲会提醒你，要求你按时交作业，虽然一开始也很不适应，会因为怕错过交作业的时间战战兢兢再三确认，不过也庆幸在这样一个老师下，财务管理的课我每节课都有认真听，期末了也没那么虚，无论最后给分怎样，在这个老师的课上我是真的学到了东西，我觉得这样严谨的态度也是学管理的人应该有的。底下问候人家亲人的也太没素质了，真心觉得因为匿名就可以把这样的话随便用在老师身上不应该是我浙学子的风范
40841,1258,张宏坤,2017-06-20 07:30:00,2,3,1,上课很好，给分很烂
41795,1258,张宏坤,2017-01-12 15:29:28,5,6,1,老师非常认真负责，问问题的时候也很和蔼呀，哪有那么凶
42151,1258,张宏坤,2017-01-13 16:15:10,2,4,2,老师很好很严厉，而我觉得严厉是个褒义词。上课的真正意义是学习而不是水水过，课上真的学到了很多很受用！给分很客观，付出了多少回报多少。老师很棒！
42901,1258,张宏坤,2017-01-15 11:32:49,0,1,1,成绩还没出，不知道老师是不是绩杀，反正我超级喜欢这个老师，老师很有经验，上课讲课非常好，前提是要脑速快跟得上。财务管理老师补充很多很有用的内容，考试也没有特别难。老师对同学也挺和蔼的！
45528,1258,张宏坤,2017-01-19 16:35:11,2,2,0,平心而论，老师课上讲的还是不错的，只是我选做了了个性所以水水过，自然给分也很个性。但还是要说的是，如果你没有充足的把握去认真学这门课的话，那就不要选这个老师，因为他给分很求是，出题据说也偏难，总之选了他不要心存侥幸
45588,1258,张宏坤,2017-01-20 00:01:03,0,0,0,老师真的很好，很认真，很有经验，一节课下来收获很多，成绩就是你付出多少的体现。总之，超欣赏这样的老师
45875,1258,张宏坤,2017-01-20 08:10:35,9,12,3,每节课都坐前排认真上，签到没缺，作业也按时交，期末复习了很久以为能有85+，结果刚刚好60，从没这么低过。但老师讲课真的不错，而且负责，还是要给老师10分。
46140,1258,张宏坤,2017-01-20 16:20:43,0,0,0,讲课认真。不会水水过能学到东西。\n\n签到。作业严。出题难。给分差。\n\n
46584,1258,张宏坤,2017-01-22 03:15:56,0,0,0,给分很迷，完全不知道是怎么给的
47092,1258,张宏坤,2017-01-23 16:25:42,0,1,1,我就想知道15号上午的财管为何还不出成绩
47163,1258,张宏坤,2017-01-24 07:00:59,3,4,1,我的财管呀，成功又拉低了绩点
47173,1258,张宏坤,2017-01-24 09:06:46,3,4,1,绩点好低，真心难过…本来觉得考挺好的，唉
47188,1258,张宏坤,2017-01-24 11:00:27,0,0,0,老师讲课蛮好的，给分不好评论
47252,1258,张宏坤,2017-01-25 02:16:16,1,1,0,讲的超好，给分超低！！适合旁听……
47254,1258,张宏坤,2017-01-25 02:29:16,0,0,0,很严厉，负责，只是给分能再低点不？
47258,1258,张宏坤,2017-01-25 02:39:37,1,2,1,上张老师的财管让我明白：不是所有努力都有对等的回报。鸡点真的很杀！希望学校能控制每个班财管的平均分大致相同，不要让同学的努力因为不同的老师而回报大相径庭
47265,1258,张宏坤,2018-07-15 03:45:04,3,5,2,老师上课挺好的，但是给分真的很杀很杀…
47404,1258,张宏坤,2017-01-26 04:53:25,2,3,1,绩杀大绩杀！我是为什么想不开选个财管！
55314,1258,张宏坤,2017-07-01 08:52:19,0,1,1,老师讲的好但是为什么给分这么低，发的作业有一次说没收到，但我再三确认过按时发送的，期末考试觉得都快满分了，最后就给我70多？！！
55317,1258,张宏坤,2017-07-01 08:54:56,0,2,2,讲课讲的很好，但给分真心太低！不要指望师生情，收获了目前为止最低的分数。
55334,1258,张宏坤,2017-07-01 09:55:03,4,5,1,讲是讲得很细致 但是给分属于报复社会类型 这学期均绩就这样了 不要了 （微笑
55337,1258,张宏坤,2017-07-01 10:14:15,1,2,1,绩杀，绩杀
55365,1258,张宏坤,2017-07-01 11:19:35,7,8,1,1.考试没有传说中的难，很多复杂的都没考到，很多人提前交卷。\n\n2.建议考试多检查，考后自我感觉不一定准。\n\n3.老师负责课讲得好但也很凶。\n\n4.作业严格，定时关邮箱，不接受迟交补交，每节课上讲台签到。\n\n5.可以看出是严格按照卷面分平时分给。 不会调分。\n\n
55438,1258,张宏坤,2017-07-01 13:17:49,1,2,1,会计学是真的绩杀，而且平时作业ddl还必须按时，超时绝对没有补救机会，期末真的难过。
55449,1258,张宏坤,2017-07-01 13:40:02,10,12,2,选课之前就看评论说老师是绩杀，可能还会给挂，所以这学期学这门课一直提心吊胆。今天出分了，分数还是挺满意挺客观的，所以也来客观的评价一下老师:1.教的很好，前几节课觉得上课有点无聊，越到后面越觉得他上课的节奏让人感觉很舒服，也很幽默，不会让人想睡觉，除非你不想学。2.老师可能有点强迫症之类的。。。只有一个邮箱，每周固定时间交作业，过时间就关闭邮箱，他说是因为有其他课也要用这个邮箱所以怕交混了。。我想你多弄几个邮箱不就完了吗？然后下载课件也是固定时间，因为只有一个时间所以每次我们下好课件他又要重新换密码。。感觉有点无语。3.出的卷子确实是有点难的，建议学弟学妹可以去丹青文印店买练习卷，里面有一些选择题的题目和考试很像。4.老师人真的很好，相处久了有一种诡异的萌感，问问题他会非常耐心的回答。5.给分确实是不会调分的，比较实在，但是只要你认真学分数不会低的。
55541,1258,张宏坤,2017-07-02 00:52:40,7,10,3,会计学本身就是一门实用性很强的课程，而且也是需要平时努力而非期末突击就能拿到好成绩的课程。从这一点上来讲我觉得老师的教学风格挺不错的，虽然很严厉但是条理清晰，要求签到和交作业也是为了让大家扎扎实实学习。期末卷子虽然不简单，但是也不能说很难，很多复杂的会计分录都没考到。平时跟着老师步骤来认真学习，期末好好复习，绩杀什么的，不存在的。对于那些自己不好好学，期末考试老师不给你调分就说老师绩杀的人，我无话可说，想水过去你大可以去选别的老师。
55942,1258,张宏坤,2017-07-02 17:17:06,0,1,1,老师上课是上的真的好呀~能够很清晰的讲下去，没有完全抛开课本，复习会比较容易。划重点：老师不会让你上课弄电脑或者一直低头玩手机，期末不用预习补天的感觉会让你超感谢他的这种态度。当然，虽然最后出分没有达到预期，但是还是要强推一波~好老师好老师
56633,1258,张宏坤,2017-07-04 06:18:03,7,8,1,认真负责的老师 能学到很多#\n\n老师表面严厉 但每次下课后向老师问完问题 就能看到老师超级和蔼的微笑 那时候真的被暖到了 （大概是一种严师慈父的感觉吧 如果大家真的想用心学习 推荐张老师的课！
70879,1258,张宏坤,2018-01-27 16:23:23,0,1,1,这个给分  看看别的老师  真的炸
70906,1258,张宏坤,2018-01-27 23:55:43,-3,0,3,很认真复习了好几天！只有3.6，?老师上课是不错，但是出分的感觉太糟心了。
70931,1258,张宏坤,2018-01-28 00:30:22,-1,2,3,知道这个老师是绩杀后有点慌，但学习相比其他科也更认真了，没想到结果也没让我失望。所以 如果一个老师真的教的好的话，绩不绩杀也就不重要了，那是我们自己的问题而不是老师的问题了，给张老师打call，真的教的很好。
71090,1258,张宏坤,2018-01-28 02:48:02,1,2,1,讲课讲的很好，给分真的很差。\n\n每次都签到作业也好好做了。\n\n和别的班的均绩相差很大。\n\n不仅绩杀，还会挂你。
72679,1258,张宏坤,2018-01-31 00:51:52,0,1,1,老师上课挺好的，但是给分真的很客观，感觉就是考多少给多少，不会给调分，所以也是多少付出多少收获。
73920,1258,张宏坤,2018-02-03 14:26:15,1,3,2,期末绩点凉凉，真的很努力了
75037,1258,张宏坤,2018-03-07 05:49:29,-1,1,2,字有点草，看不懂，其他无话可说
75995,1258,张宏坤,2018-03-23 09:17:03,-1,0,1,有人知道老师的邮箱吗。。。
76887,1258,张宏坤,2018-04-25 09:03:05,0,1,1,请问谁有作业答案吗
80054,1258,张宏坤,2018-06-19 08:42:34,1,3,2,绩杀老师
84089,1258,张宏坤,2018-07-18 08:24:59,5,8,3,千万别选这个老师了~
85450,1258,张宏坤,2018-07-18 03:45:16,0,5,5,感谢宏坤老师的认真和严厉 老师讲的很好 一个学期真的有好好学～\n\n期末不用补天 给老师疯狂打call 最后给分很好4.5^_^
85454,1258,张宏坤,2018-07-18 04:27:21,1,4,3,上课讲的很清楚很明白，但是每节课下课时间很迷，不会按照学校规定的时间下课，不过最后是不会拖堂的啦。老师凶起来让人有点怕怕，但是习惯了以后感觉还挺萌萌的，明确表示不会调分，期末考靠自己认真复习，答疑的时候也很耐心，凭借自己的努力也拿到了相应的分数。
85469,1258,张宏坤,2018-07-18 06:45:09,0,2,2,给分良心，事情少，但是上课要好好听。作业要求比较严格。
85487,1258,张宏坤,2018-07-18 14:25:19,0,2,2,张老师虽然严格一点，严肃一点，但是上课非常仔细，会计学认真听，不会绩杀的～
85504,1258,张宏坤,2018-07-18 15:42:45,1,3,2,老师挺严的，但是给分真的是依据你的努力程度给的，好好学，不会绩杀的。
85790,1258,张宏坤,2018-08-10 11:10:07,2,3,1,太可怕了 那个学期唯一一门平时有好好听好好复习的课…考试时感觉答的也不错…他把我挂了…挂了…3学分…千万别选 选了会死 所以我为什么要作死选了这门不是必修的课 过去半年了我到现在还是懵的
87296,1258,张宏坤,2018-09-26 23:26:05,3,4,1,巨坑 不要太自信以为你像高赞那样认真听课就好 给分好的每个班只有几个 其它的 拉均绩拉死你
92740,1258,张宏坤,2019-01-04 05:50:35,-5,1,6,真的非常喜欢老师，严谨认真，一丝不苟，作业会给我们认真批改，书上的知识点讲得非常细致，考试也不是很难，都是作业中练习过的那种题目。总的来说老师非常认真负责，大学里的第一个满绩，给老师打满分都无法表达我对老师的崇敬
103458,1258,张宏坤,2019-02-28 07:53:14,-3,1,4,我bbl满了
108047,1258,张宏坤,2019-05-14 01:58:51,3,4,1,值这分?
109044,1258,张宏坤,2019-07-08 00:07:38,0,2,2,上老师课的体会:\n\n1.上课很高中，绝对不让用电脑，对习惯电脑笔记的同学有一定的影响。用手机是可以的，睡觉也是可以的，只要不用电脑。\n\n2.时间限制很强，邮箱的开放一定是定时的，不能晚，否则课程资料就不会再发来。上传作业也不能超过ddl，记得带附件。\n\n3.课程内容很丰富，老师的PPT做的很用心，但大多数内容不在考纲要求。期末复习重点在大作业，知识点在别的班老师那儿更有条理。\n\n4.严格按照学生手册，每节课签到，超过一定次数不允许期末考试，旷课会扣分，小班教学代签到可能会被发现。\n\n5.上课内容相对于课本差距比较大，课本比较落后。作业如果按照落后的课本做会被判0分，这一点很严格。\n\n6.老师很用心负责，认真学，会有收获；认真看大作业，会有惊喜。
109316,1258,张宏坤,2019-06-13 05:35:53,0,1,1,难得的好老师 讲的是真的很好 非常详细了可以说
111534,1258,张宏坤,2019-07-02 01:26:36,3,3,0,有高中老师的感觉，非常看重规则。但是问问题的时候会很温柔的笑，真的是严师慈父的感觉。上课讲的也很有条理，跟着老师好好学，期末不用花太多时间复习的
112975,1258,张宏坤,2019-07-05 17:10:25,1,6,5,张老师会计学，上课很严，每次点到，内容丰富，作业要求高，几乎学到我崩溃。期末不调分，给分靠实力，最后满了，感谢老师。再次申明，老师不是绩杀，说绩杀的请反省自己平时有认真吗？！
113014,1258,张宏坤,2019-07-05 17:34:57,0,1,1,我觉得吧 张老师认真负责\n\n但是给分不好也是真的\n\n努力学习了这一学期\n\n最后绩点让我死了心\n\n
113081,1258,张宏坤,2019-07-05 23:09:57,1,1,0,作业要求比较高，平时老师上课讲的书上和现行会计准则不同的地方一定要注意，，感觉作业要是这里错了对分数会有不小的影响
113089,1258,张宏坤,2019-07-05 23:09:12,0,0,0,老师虽然严厉，但真的很认真负责，能学到很多，平时分也没有自己想象中扣的那么多，真的不绩杀啊
113121,1258,张宏坤,2019-07-05 23:51:10,-2,0,2,老师很负责 所以会计几乎是学得最认真的课之一了 每节课都要完成作业的完成的不好还会被挂 想学到东西的可以选 如果想水的就别选了 但是最后竟然没有强调大作业的重要性 我只能说我的考试成绩多亏了别的班的老师和同学 不过平时分给的没有我们以为的那么低 还是要谢谢老师
113186,1258,张宏坤,2019-07-06 01:19:29,3,3,0,原来我也以为凭自己努力拿到好分数，严格的老师没关系，结果是遇到了盲目严格的老师。
113243,1258,张宏坤,2019-07-06 02:37:52,0,1,1,老师超好，超认真，讲课超清楚的\n\n大概是少有的你不好好听课会提醒你的老师了
113378,1258,张宏坤,2019-07-06 13:02:13,1,1,0,感觉自己有很认真很认真的听讲，但真的服了，期末竟然不好，但是总评也很低，还是建议老师把邮箱时间调整一下吧，不能只为了你方便啊
121087,1258,张宏坤,2020-01-19 13:37:45,3,3,0,我真的努力了……这个分数我也不想再说什么了，就这样吧。
135873,1258,张宏坤,2021-05-31 10:34:28,11,11,0,进入大学以来第一次对老师不是敬重而是恐惧
136694,1258,张宏坤,2021-06-23 06:31:23,0,1,1,跑来捞捞分，老师值得一个高分\n\n的确被挂过，也被私戳过（好多次啊呜呜呜），看到毫无感情的“只管抄答案不管看书吗”时真的浑身冰凉，差点没当场跪下(;´༎ຶД༎ຶ`)那一段时间也是我对会计学排斥最严重的时段\n\n但后来又慢慢好起来了，改正了自己的态度（被骂怕了QAQ）；真正对老师态度转变是他来收姓名学号纸条的时候，旁边有同学在睡觉，老师用特别轻的声音问了一句：“好了吗？”\n\n该死的我竟然觉得有点温柔？！\n\n尚不知最终绩点如何，如果被绩杀了估计是我抄答案的错hh，到时候再来给差评(｡･ω･｡)ﾉ
138727,1258,张宏坤,2021-07-10 14:04:30,3,3,0,张老师很严格，每次点名签到，作业要求高。但是课上的确实好，认真听真的能学到很多。刚刚接触的时候很讨厌觉得过分严格了，到了期末居然觉得还有一点可爱（晕）给分求是，被卡绩了，但还是很感谢老师。10分
138733,1258,张宏坤,2021-07-10 15:06:25,2,3,1,确实如下面某条说的，这个学期上会计学上的很害怕，害怕作业做的不好被放上ppt，害怕交作业错过周日早上10点的ddl不能补交。\n\n老师上课上的很全面，有深度，就是考与不考的都会讲，所以平时听起来真的很难！\n\n但是管院会计学有大作业，认真看了大作业，借了隔壁徐晓燕老师的ppt看，知道考试范围（真的简单很多），最后拿到了不错的绩点（平时作业认真做+每节课必去签到但是可以水课+期末看ppt大作业，应该都还行）\n\n而且上课的时候突然想起老师是面试会计学专业面试的老师，确实挺严肃，但是如果你认真的话，老师也会很认真，比如下课问问题的话，笑起来还是很慈祥的！
138737,1258,张宏坤,2021-07-10 15:16:46,0,2,2,老师很好很值得一个高分\n\n刚开始的时候觉得老师过于严格了……每节课点到，PPT限时开放下载，作业写得不好要被公开处刑【虽然是匿名啦】钉钉上还会因为作业问题私戳发黄豆表情orz一度对老师和这门课感到过恐惧与害怕\n\n不过后来发现老师其实人很好qwq上课讲得很细致，去问问题也会很耐心，偶尔还迷之幽默一下，其实还是挺可爱的……\n\n期末考没法速成，需要平时一点点积累，不过考前的大作业很有帮助。老师给分还不错啦没有以前评论说的那么绩杀【甚至觉得他小捞了我一把毕竟感觉期末考得不怎么样
140787,1258,张宏坤,2021-09-16 05:14:44,0,0,0,认真学给分就挺好的
142838,1258,张宏坤,2021-11-16 23:54:41,0,0,0,老师教书认真，但财管开放ppt下载时间和功课提交时间也太短了，根本没时间完成，ddl 多的同学请慎选！
145387,1258,张宏坤,2021-12-29 09:29:35,1,1,0,老师很严格，大绩杀！！！！！！！！！！！能跑快跑！！！！！！！！！！！！\n\n当时期末大作业明明有很多考试原题，但是不告诉我们，悄悄放到学在浙大，在悄悄让他过期。\n\n反观xxy，一直告诉同学多看看大作业
150997,1258,张宏坤,2022-02-22 00:07:32,1,1,0,每节课都点名，老师上课挺认真负责的，问问题也会仔细的解答，就是上课不能用电子产品，每次作业都要按时完成，其实老师也没有那么恐怖，挺好的
154416,1258,张宏坤,2022-06-01 06:10:34,3,3,0,非常害怕
154932,1258,张宏坤,2022-06-07 03:20:11,0,1,1,老师管的很严，但是很认真负责
158035,1258,张宏坤,2022-06-26 10:57:11,1,1,0,每次点名，作业管很严。给分方面，个人认为老师给分求是，全靠自己实力。也许老师给分没有其他老师那样好，但我很肯定老师绝对是一个负责人用心的老师，10分！
167886,1258,张宏坤,2023-01-20 01:42:16,2,3,1,财务管理：每节课必点名，上课很严格，不能用电子产品，作业每周日下午截止（这学期是这样），不过讲的东西很深入，平时作业和上课的严格要求可以让学生平时就有投入，期末不会太慌张。虽然老师有时侯看着很容易发脾气，但是交流起来还是很平等客气的。平时作业可能更看重学生态度，我是每次都按时交，作业自己做，虽然会因为一些细节错40%左右（导致我一度担心最后的成绩会不好）但是可能老师看到认真学习的态度吧，最后成绩还可以，反正平时作业不要去抄袭。咋说，可能大学这么久遇到的摆烂、上课无营养的老师太多了，我觉得至少跟着张老师学到了东西和干货，最后谢谢老师一学期的教导！
167899,1258,张宏坤,2023-01-20 03:36:17,1,2,1,老师的严厉可能表现在每节课数字点名，人数不对会纸质签到，作业当周布置当周交，要符合老师的要求（格式、要有式子），不然会课前放出学号当作未交，课件当周讲完只有当周开放下载，但这些习惯以后其实并不是很痛苦，作业题量适中，正确率高低应该也不影响平时成绩（因为算得挺拉的但出分还好QAQ）我觉得老师课讲得是不错的，可能是财管本身有点难度（我认为555），甚至觉得老师蛮慈祥的，课后问弱智问题老师笑眯眯地说我还很耐心，给分正常感觉有小捞～最后：老师的平时计算作业对考试计算题复习很有帮助！要好好弄明白！
169374,1258,张宏坤,2023-02-25 16:13:46,0,1,1,给分不好
169888,1258,张宏坤,2023-02-28 08:39:46,0,0,0,给分确实不好
171707,1258,张宏坤,2023-04-02 17:52:36,5,6,1,本人经院管院会计学同时修，明显能感觉到这位老师上课几乎照课本念，作业量是其他老师的两三倍。对格式要求极为严格甚至到了离谱的程度，比如作业不能手写稿。管院同学预置到他快逃，经院同学想跨专业也别选这个事多的老师
171735,1258,张宏坤,2023-04-03 13:34:28,1,3,2,上的会计学，做账户排版到了阅读视图乱了后一起提交了完好的截图，被说无效。。。真的很难沟通
173192,1258,张宏坤,2023-05-15 12:50:39,3,3,0,上大学以来最害怕的老师，不是敬畏就是害怕。感觉回到了初中那个老师会拿戒尺打人的那种害怕。上课很严谨，能学到东西。就是三节连上的大课休息一次，会让人昏昏欲睡。作业要求非常高，作业量也不少。
177226,1258,张宏坤,2023-07-02 10:18:04,-4,3,7,傻逼。\n\n一无所获
177283,1258,张宏坤,2023-07-02 14:47:19,6,6,0,说实在的我很喜欢张老师……在第二节课发现自己对会计学这门课特别有兴趣（甚至一度后悔为什么自己专业确认时候没有挑战一下去会计）。对这门课确实付出了不少心血和课后的努力，一直认真完成每次作业，期末考前大半个月开始翻书上的概念，把教材上扫码的客观题翻来覆去做了很多遍。最后4.8（我期末考试至少有三个会计分录没写出来）。努力会有回报。或许张老师的课听起来有点无聊而且点名很严格，但是仔细听会有收获的，也能get到会计学这门课的有意思之处。如果你只是想单纯水一水混绩点，那我觉得你确实不适合选张老师的课。
180377,1258,张宏坤,2023-09-21 09:58:44,2,3,1,张老师真的很好呀 点名是想让同学们期末能多拿点分，管得严不好吗，你问问题也很耐心解答的
184341,1258,张宏坤,2023-12-18 05:24:52,1,1,0,特别好 老师会很有耐心的回答你的问题，也很关心学生
194690,1258,张宏坤,2024-06-25 02:41:25,0,1,1,会计学~老师虽然看起来有点严厉但是还是很可爱的，会希望同学们好好对待这门课，平时作业量有点大而且会把作业的错误直接投到电脑上批评，但是如果好好听课+做作业的话期末考基本没有问题，之前好多说绩杀有点害怕，但我当时在好几次作业被点出低级错误的情况下最后拿了4.5，供大家参考
635,1280,黄浏英,2015-03-15 09:02:22,15,27,12,很喜欢的一个老师，选专业都是因为上了她的市场营销学才决定的！专业知识丰厚，实践经验也很多，所以上课总能听她讲有趣生动的案例，这可是纯搞研究的老师讲不出来的！\n\n
1513,1280,黄浏英,2018-06-12 15:09:20,15,22,7,讲的挺好 有趣 给分一般
1734,1280,黄浏英,2015-03-24 01:11:00,-2,9,11,上课很有趣 而且给分不错
2571,1280,黄浏英,2015-07-08 14:08:12,-1,4,5,赞
2668,1280,黄浏英,2015-05-05 05:03:57,0,8,8,很不错的老师，让我这个工科生也对管理学萌生了兴趣
10094,1280,黄浏英,2015-11-15 15:40:06,22,26,4,讲得不错，给分比较坑
10388,1280,黄浏英,2018-01-23 09:26:49,10,16,6,上课内容很丰富，讲课方式吸引人。我上的现代管理基础，虽然是一门通识课但是完全不水，可以学到一些东西。
10658,1280,黄浏英,2015-11-21 15:55:53,18,21,3,讲课很精彩，给分比较坑\n\n
10664,1280,黄浏英,2015-11-23 16:32:48,21,27,6,绩点有点伤我心
10722,1280,黄浏英,2017-09-20 00:49:22,19,35,16,或许讲课还好，给分真的真的不好不好不好
11180,1280,黄浏英,2015-11-25 04:45:25,12,14,2,给分一般
11181,1280,黄浏英,2015-11-25 04:45:43,2,4,2,给分一般
11369,1280,黄浏英,2015-11-29 08:03:52,0,7,7,给分可以，好好看书就行，不要听课。。。
11819,1280,黄浏英,2015-12-16 06:24:30,0,2,2,汗死了
12183,1280,黄浏英,2015-12-22 08:03:59,2,11,9,要上现代管理基础就不要选她，我们整组绩点都没上4 我其他老师的线管同学全部上4
12519,1280,黄浏英,2015-12-23 11:57:23,-7,4,11,现管给分低，我论文班里第三，绩点才4.5，我室友别的老师上的课绩点4.8
12798,1280,黄浏英,2015-12-24 05:34:27,1,7,6,真是后悔选了这个课
12825,1280,黄浏英,2015-12-24 07:02:22,0,3,3,不想评价
13179,1280,黄浏英,2015-12-25 05:25:22,0,1,1,老师很好，上课挺有趣的，但是作业略多，给分的话是正态分布，小组作业不咋地的话就不一定会很好了。
15543,1280,黄浏英,2016-01-15 08:09:00,0,5,5,呵呵 坑爹
18755,1280,黄浏英,2016-01-22 13:00:44,0,2,2,以后选课还是选给分好的老师吧…手动再见
18767,1280,黄浏英,2016-01-22 13:18:18,4,7,3,上课上得很好。营销课给分很高
18959,1280,黄浏英,2016-01-23 00:37:41,1,3,2,很有收获
19041,1280,黄浏英,2016-01-23 06:13:23,0,1,1,营销给分不错
19194,1280,黄浏英,2016-01-23 12:47:52,8,14,6,实践经验丰富，注重案例教学，生动有趣有价值。市场营销课给分还不错，考前让大家投票我们最终选了开卷，考试前看隔壁班孩子们背的苦逼，内心庆幸。
21617,1280,黄浏英,2017-06-07 02:40:42,-2,1,3,营销课很有意思，给分也很好～
21873,1280,黄浏英,2016-03-01 10:56:00,0,3,3,上课挺有趣\n\n
21891,1280,黄浏英,2016-03-01 12:39:14,-3,5,8,给分多少不知道，听了第一节课就屁颠屁颠地来评分了
23783,1280,黄浏英,2017-08-29 08:17:29,-4,6,10,傻逼滚
24387,1280,黄浏英,2016-04-30 07:56:41,6,9,3,兢兢业业回答问题+准备考试=3.6
24388,1280,黄浏英,2016-04-30 08:00:05,0,3,3,坐第一排听课，一直兴趣很浓老师讲的也很好。但是最后考试明明发挥很好却只有3.1……\n\n
24570,1280,黄浏英,2016-05-02 01:49:45,0,2,2,旅游学上的很有趣，我们这届期末是开卷考（似乎是头一次），成绩我很满意
24613,1280,黄浏英,2016-05-02 08:31:34,0,1,1,上课上的不错，至于给分。。。。
24806,1280,黄浏英,2016-05-04 00:39:55,0,2,2,不听枉为人
25400,1280,黄浏英,2016-05-17 07:21:06,-2,3,5,讲课超级好！特别是旅游的课！
33896,1280,黄浏英,2016-11-17 22:41:30,0,2,2,挺有趣的^_^^_^
34268,1280,黄浏英,2016-09-29 10:42:11,1,10,9,我想说千万别选现代管理基础，巨坑！
34563,1280,黄浏英,2017-01-19 11:22:10,0,3,3,市场营销学真的收获太大了，而且给分真的好，卷面没考好，老师还是给了很好的分数?????
35398,1280,黄浏英,2016-11-17 13:21:44,0,7,7,不说了。10分。事儿虽然多，但是功夫不负有心人。毕竟我满绩了
35403,1280,黄浏英,2016-12-20 09:27:21,15,22,7,选的现代管理基础。老师讲课还不错，但是事情是真的多，付出与回报可能不会成正比，选了这节课意味着每周多出了一到两个ddl要去完成，而且要花费的时间还相当多，另外期末还闭卷，考试周就要花相当一部分时间去背一门通识的书。这些可能都认真去做了，但绩点可能还是不好。一门通识到底要肝成什么样才算合理呢？为了绩点去MOOC注册好几个小号去刷分，期末把课本背书还是什么？真的不懂。这门课给我的除了心酸，也就是不解了。
35430,1280,黄浏英,2016-11-10 07:15:51,0,1,1,作業多
35622,1280,黄浏英,2016-11-10 07:35:07,0,2,2,事情超多，选课需谨慎\n\n
35795,1280,黄浏英,2016-11-10 09:40:53,0,1,1,老师还是很有功底的。就是mooc比较坑啊！
35839,1280,黄浏英,2016-11-17 11:27:17,0,6,6,上课听故事，偶尔提问，自己举手，回答有分（最高1？）mooc是线上分，测试一定好好做，视频可以不看，考前两天背书，特别是老师画的重点（填空题是这），可以拿到不错的分
36753,1280,黄浏英,2018-03-20 02:24:34,6,9,3,老师的市场营销真的超级棒啊！有很多很好的案例！学到了很多东西！
36934,1280,黄浏英,2016-11-16 15:07:50,1,3,2,老师旅游的知识是讲的真心很好，而且在QQ群里也很可爱！给分也很好
37122,1280,黄浏英,2016-11-17 13:27:02,2,5,3,老师的课讲的很好，现在多了mooc，老师也会给mooc忘记做的同学一次机会，给分也很好
37123,1280,黄浏英,2016-11-17 13:29:35,2,4,2,挺好的、上课很生动、案例很丰富……很有水平的一个老师
37126,1280,黄浏英,2016-11-17 13:37:53,54,71,17,老师上课讲的不错，人也很好，qq上问她问题非常耐心，错过的章测也帮我们补了一些，仅仅评价老师而言，黄老师是一个耐心和蔼的好老师。但是这门课作为一门通识实在是有点坑，这和老师没有什么关系，纯粹是课程设置的问题，作业非常多，还要赶每周章测试的ddl，实在有点力不从心，考试虽然不难但是闭卷，作为一门通识课压力太大，而且用心学可能最多也只能拿3.6，我自己的分数也有点惨不忍睹。总而言之，能学到很多东西，如果不担心的话也不妨选一选。事多的又想拿高分的慎重。
37134,1280,黄浏英,2016-11-17 13:57:55,0,4,4,黄老师的课会给我们展现很多生活中的例子，很有引发性和思考性。绩点的话一分努力一分收获。\n\n
37142,1280,黄浏英,2016-11-17 14:29:46,1,5,4,讲课很好，但是认真听课了，mooc几乎全五分，考试大题基本背上了，为啥绩点3.6？伤心!!!想听课建议选，想拿高分，不要考虑，努力了不一定有成果。
37164,1280,黄浏英,2016-11-17 15:57:21,-3,3,6,10分不解释，一分耕耘一分收获，认真完成任务成绩不会差
37165,1280,黄浏英,2016-11-17 16:03:09,0,2,2,上课很有趣 课后事情很多 但给分还可以
37167,1280,黄浏英,2016-11-17 16:16:53,0,2,2,开心的来评价啦～\n\n其实只要好好背两天书就可以考的很好呦\n\n老师上课还是很有趣滴就是平时作业有点多…形式还多样啊哈哈哈\n\n总之不怕作业多的可以来试试呦\n\n
37248,1280,黄浏英,2016-11-18 04:29:25,0,2,2,讲课很有趣，有魅力而且关心学生，给分一般可能是自己不努力吧
37631,1280,黄浏英,2016-11-20 01:29:59,0,3,3,虽然平时事情多了点，不过毕竟两个学分的课，老师挺会举例子的，收获挺多的，平时认认真真完成各项任务，期末也是拿到了满绩，还是谢谢老师了。
37636,1280,黄浏英,2016-11-20 01:49:45,-2,2,4,讲课很有趣，课堂挺有意思的，给分挺不错的
37755,1280,黄浏英,2016-11-21 00:52:53,2,4,2,课程挺好，事挺多，现在开始闭卷考试了。。。
38082,1280,黄浏英,2016-11-24 03:05:49,0,1,1,挺好的啊
38453,1280,黄浏英,2016-12-05 11:49:42,0,1,1,讲课不错，想拿高分的话一定要上课积极发言。事情是真的有点多。绩点高的也有4.5。
39069,1280,黄浏英,2016-12-21 03:31:30,2,4,2,老师不错啊，讲的很吸引人，只是现管这门课本身坑，但是如果你很闲，把该背的背下来，得高分不难的。
40013,1280,黄浏英,2016-12-28 16:37:43,0,3,3,黄老师讲课超级好。就是现代管理基础这门课事情都比较多。但是事多的课给分就超级好。真的能学到很多管理的知识，受益匪浅。
42111,1280,黄浏英,2017-01-13 15:08:30,1,2,1,绩杀，不说了
42743,1280,黄浏英,2017-01-15 04:28:10,0,1,1,讲的好
44308,1280,黄浏英,2017-01-17 14:59:45,2,3,1,旅游学，上课没回答过问题，上四了。而且讲得挺好的，可以选来当个性。重点就是要记好笔记，每节课马不停蹄地记，开卷，考的都是讲的。
46008,1280,黄浏英,2017-01-20 11:35:52,-2,2,4,讲课真的很好！如果上课认真的话期末分数不会不好的
49706,1280,黄浏英,2017-04-24 13:18:57,1,2,1,老师讲课生动有趣！只要不挂科，我就敢选！学了很多很多有用的东西。
49856,1280,黄浏英,2017-04-26 14:39:13,0,2,2,老师的课还不错的，给分的话基本不看老师，事情还行，一个展示一篇报告，展示好好做书好好看基本没问题
50197,1280,黄浏英,2017-05-01 06:49:34,-4,6,10,垃圾老师\n\n毁我青春\n\n喜怒无常\n\n真的可怕\n\n所有事情都做了\n\n最后成绩惊人了我
50198,1280,黄浏英,2017-05-01 06:51:31,-2,2,4,老师讲课很有趣，给分也不错，事情也没有那么多\n\n
50204,1280,黄浏英,2017-05-01 07:38:48,-6,2,8,给分烂
50254,1280,黄浏英,2017-05-02 04:31:03,1,3,2,老师讲课真的不错
52060,1280,黄浏英,2017-06-14 11:16:20,0,2,2,事情是课程组统一的，所以所有班都一样多。上课是真的很不错！可以从头到尾听完三节课！
52628,1280,黄浏英,2017-09-10 16:25:59,0,5,5,fuck\n\n
58929,1280,黄浏英,2017-09-18 13:35:04,3,5,2,不评价老师。现代管理基础这门课真的是恶心，事情比专业课还多，还用什么“翻转课堂”，慎选！
59986,1280,黄浏英,2017-09-30 02:04:22,-2,2,4,上课嘴里总在嚼东西…让人非常不舒服，讲话的方式也比较奇怪
61324,1280,黄浏英,2017-11-14 12:53:00,0,3,3,绩杀。。。\n\n
61326,1280,黄浏英,2017-11-14 12:58:07,3,6,3,现管的课上的不错，但作为一门通识课给的绩点是真的低，建议各位要拿高分的同学不选也罢，明明做了很多很认真了但分数还是很低。
61328,1280,黄浏英,2017-11-14 13:45:03,0,2,2,说不出来的心酸啊
61330,1280,黄浏英,2017-11-14 14:09:27,-2,2,4,emmm，有点恶竞，有点烦，给分还是不错的，都给到了最高标准。
61331,1280,黄浏英,2017-11-15 10:15:37,-1,3,4,老师讲的还不错，但是给分太可怕了。如果硬要选这门课，建议整个小组相互辅助，否则会忙成狗。读书报告只有5分，不要花太多功夫，否则很坑。小测好好考，要人打辅助。另，忍不住吐槽，老师上课讲的是不错，但背那本现管的书有什么意义吗？好吧，为了正太。。。。
61334,1280,黄浏英,2017-11-14 15:05:25,-3,3,6,我选的现代管理基础\n\n上课一节都没听\n\n小组作业做了个ppt 花了四五个小时\n\n平时作业全靠组里其他队友辅助\n\n一次小测 组长强行辅助\n\n课堂发言为零\n\n最后小组总结全靠别人\n\n绩点4.2\n\n而且全班86个人20个90分以上\n\n老师真的不错
61335,1280,黄浏英,2017-11-14 17:13:51,2,7,5,其实黄老师现管给分还是可以的，我差一分就4.8了，如果你的小组真的认真做任务了，自己测试也没落下，给分是一定能上4的，另外，本学期开始，现管取消期末考试，所以，千万不要错过这门课。（这是我第一门上4的课）
61340,1280,黄浏英,2017-11-15 01:32:21,2,3,1,讲课很好，很多有趣的实例。虽然平时事情做有点多，但是抱紧组里的大腿还是很轻松的啊。期末没考试了，也不用背书了。美滋滋
61369,1280,黄浏英,2017-11-15 10:51:32,2,6,4,给分完全ojbk
61441,1280,黄浏英,2017-11-17 08:47:26,3,3,0,课堂干货还是很多的，是一门可以学到知识的通识课
61442,1280,黄浏英,2017-11-17 08:57:28,1,4,3,课程改革啦，没有期末考了，感觉也不是一门很麻烦的通识，认真完成每周线上十道题，写一篇按规定写一定可以得满分的读书报告(上限2000字)，做一次很水的小组展示，就是全部啦。老师上课还非常有趣！认真学可以学到很多！一条鱼的故事，小矮人的故事......总之听了好多有趣的例子，最后满绩了orz，认真对待成绩不会差！
61560,1280,黄浏英,2017-11-18 13:53:21,3,6,3,课真心讲的的不错，案例非常多，能给人以启发。虽然事情有些多，但做了都确实有所收获。上课发言很简单，读书笔记要认真写，小测也不难。老师人很好，给我了4.8，推荐大家选黄老师的课。
61582,1280,黄浏英,2017-11-19 01:37:21,0,2,2,黄老师教的很好，但作为通识课来说的确作业有点多，如果好好听课就会收获很多。我自认是上的比较水，但因为有认真做mooc测验和论文作业，老师给的分还是比较高的，很感谢。
61819,1280,黄浏英,2017-11-21 06:10:48,3,3,0,讲的不错的 ，有听下去的愿望，是一位十分实事求是的老师，作为一门通识课，事情较多，想水的不推荐选，想认真学的推荐。
62160,1280,黄浏英,2017-11-23 02:03:55,5,8,3,老师的课还是不错的，内容比较多，认真听可以学的挺多。作业多是该课程统一规定，相比其他老师作业是算少的，读书报告也有上限，评分也不错，认真学并且认真准备小组展示可以有一个还可以的分数
62294,1280,黄浏英,2017-11-24 04:32:10,1,4,3,棒！给分超好！
62388,1280,黄浏英,2017-11-24 15:07:55,0,1,1,很有趣的案例，老师讲的也很好。
62687,1280,黄浏英,2017-11-26 11:28:12,6,9,3,现管这门课\n\n（1）网络小测，书上都找得到的，十分钟十道题凭良心讲简单的\n\n（2）小组展示，用心当然也就费事没办法\n\n（3）课堂小测，开卷，简单的平时听一耳朵老师讲的就会，毕竟老师上课讲的案例还是蛮有意思的，有印象记得住\n\n（4）发言，课上不想发言就多水水网课\n\n（5）是有小组长有课代表的课\n\n\n\n知识不一定学多少，但想做管理者的同学可以从这门课开始体会，会有管理的思维
62816,1280,黄浏英,2017-11-27 05:10:34,-15,1,16,轻松满绩
63259,1280,黄浏英,2017-11-29 14:23:17,3,4,1,好老师啊
64454,1280,黄浏英,2017-12-24 04:49:38,3,4,1,堪称绩好。上课很有意思，积极发言有加分，羞涩的同学可以在网上发言。现代管理基础的上课方式改了，如今没有期末考试，一学期个人只有一篇读书报告，600字就了，还是同学互评。小组做一PPT演讲就行。最后一节课演讲简直是狂欢夜。平时事稍多，毕竟是学分2.0的课，轻松飘过。
64944,1280,黄浏英,2017-12-28 04:12:17,1,1,0,不错的感觉
69309,1280,黄浏英,2018-01-24 12:32:14,1,1,0,市场营销，给分好，讲课有意思很吸引人。一次展示+一次调研报告+期末开卷考。太好了。
69335,1280,黄浏英,2018-01-24 13:30:55,3,3,0,黄老师o(^o^)o真心很好，上课有很多案例，给分也很好(✪▽✪)
69383,1280,黄浏英,2018-01-24 14:49:22,3,4,1,老师真的超级好，市场营销学一学期从来没有走过神，记了满满两万字的笔记，真的感觉收获超级大，最后给分也很满意，真的是好老师！！！
70144,1280,黄浏英,2018-01-26 07:18:59,3,4,1,市场营销 专业课 非本专业学生修作个性 体验：干货满满 逻辑性不足 老师本人讲课有热情有方法有个性 实践经验足而不装b 课堂互动不少 ppt不分享 平时笔记做足期末开卷完全ok
70173,1280,黄浏英,2018-01-26 07:57:40,2,3,1,黄老师真的超级好，讲课分析案例特有意思，结课恋恋不舍，给分也很好。一个pre，一次调研，写个优质的调研报告，老师会跟进给你很多的指导性意见。最后期末开卷考试，老师会给你大致的范围。建议上课坐前排，多记笔记（电脑和手写都ok的），多复习笔记，对于一些不明白的地方可以多和老师交流，老师会特别热心给你讲。最感人的是，老师给分之后会私聊你，给每个同学一些点评。特好的老师！！！
70309,1280,黄浏英,2018-01-26 12:05:13,2,2,0,暖心！！强烈推荐黄老师的课！超级暖心！！！讲课讲得很好！认真学的话给分也不差的！
76339,1280,黄浏英,2018-05-01 10:06:57,0,1,1,笔芯！
77077,1280,黄浏英,2018-05-01 12:09:08,0,1,1,老师的现管基课挺好哒，很生动，就是每周要刷个MOOC，得自己记得，略微任务有些碎，但绩点给分hin不错哒
77097,1280,黄浏英,2018-05-02 04:06:29,1,1,0,老师讲课真的非常的棒，上课就像在听故事一样，给分也很实在，炒鸡喜欢这个老师的辣！
77135,1280,黄浏英,2018-05-02 14:58:31,0,1,1,老师课讲得很好，给分也很棒棒哦！
77187,1280,黄浏英,2018-05-03 12:24:32,2,2,0,太棒啦！
77449,1280,黄浏英,2018-05-05 15:19:17,-10,1,11,有听课的气氛，啥都没当，竟然满绩
85749,1280,黄浏英,2018-08-02 03:13:35,2,2,0,老师上课不错，氛围生动，想要高绩点慎选现代管理基础。每周都会花很多时间看书和做mooc的小测，还有其他的ddl。网络测试基本满分，读书报告满分，课堂发言超出达标要求，小组pre和作业也都认真做了，最后被正态到80分以下的30%，同样的认真程度在其他通识就拿了满绩。有点失望，但至少可以逼自己认认真真把书看一遍也算学到很多了。
88874,1280,黄浏英,2018-11-11 09:42:06,0,1,1,超级喜欢
89781,1280,黄浏英,2018-11-20 22:51:05,-1,1,2,给分一般，要做mooc，小组合作并且要求组内排名。然后组内抱团，组长不商量就定下很多事情，很容易低分，慎选这门课
89914,1280,黄浏英,2018-11-21 08:14:32,1,1,0,黄老师的课是我上大学以来最听得进去的课，超级有意思还能学到知识，每个知识点都配一个故事讲解！
89958,1280,黄浏英,2018-11-21 11:31:20,0,1,1,老师人很好，上课也很生动，期末对于分数有些问题，老师也去帮忙细致地查过了，后来发现是我自己网络测试错过了，感觉好可惜，但老师是真的很负责，对学生也很好！！笔芯～
90090,1280,黄浏英,2018-11-22 05:58:59,-5,8,13,老师真的不错，给分也蛮好，想要刷绩点的同学参考如下：\n\n1.开小号刷分，确保网络小测全对。\n\n2.当组长，小组展示恶竞一波，拍视频或者演情景剧肯定必备的吧\n\n3.还有一个课堂小测，这个都是大题，就随便扯，写的多一点\n\n4.当课代表，我没当，也不知道课代表分数怎么样。\n\n本人开了小号刷分，网络小测满分，课堂小测那张A4纸密密麻麻全写满，并且当了组长，最后总评98了解一下~大爱黄老师，付出总有收获！
91040,1280,黄浏英,2018-11-29 06:43:05,1,1,0,老师特别好，课堂能学到很多，事也不多
92561,1280,黄浏英,2019-01-03 02:47:31,1,1,0,超喜欢她的市场营销学，老师会给我们发红包，发零食！！bravo！
94963,1280,黄浏英,2019-01-18 13:56:25,0,0,0,老师给我满绩，我当然给她10分！\n\n黄老师的课是我上过体验最好的课！\n\n本来只是修个个性，没想到收获这么大，我爱了呜呜呜
94992,1280,黄浏英,2019-01-18 14:28:40,0,0,0,旅游学中午考完晚上就出分了，老师效率很高。平时上课很有趣，期末开卷考试难度也不大，超级喜欢这门课还有黄老师！虽然我绩点不是特别高但是还是很有收获鸭！
101904,1280,黄浏英,2019-01-29 14:59:10,0,0,0,市场营销闭卷考了，一定要好好背概念
106398,1280,黄浏英,2019-04-27 05:01:16,3,3,0,老师真的很好，谢谢老师给了满绩，慕课认真做基本分数拿满了，读书报告800字没有参与dl鹅颈，幸运遇到一个比较强的展示组，上课也真的挺有意思的，会学到一些管理思维，上课讲的案例也挺有趣的，只要认真了，分数应该不会低。
106409,1280,黄浏英,2019-04-27 06:03:41,0,0,0,给分公正，好评
107590,1280,黄浏英,2019-05-07 07:40:36,-6,0,6,广告学\n\n老师人好 讲课不好 动不动就带大家读推文 ppt毫无逻辑 跳来跳去 点名
108645,1280,黄浏英,2019-05-30 08:21:12,-5,1,6,讲的真的烂  对小组作业的评价一点没有专业\n\n
110914,1280,黄浏英,2019-06-28 14:00:11,1,1,0,广告学很有趣啊！
117101,1280,黄浏英,2019-09-19 07:06:48,0,0,0,真的很好
118994,1280,黄浏英,2019-11-09 04:47:40,2,2,0,黄老师人真的很好，讲课也不错。对同学们都很耐心，qq群里面允许匿名，也允许同学们讨论各种各样的问题。管理学院毕竟专业，考核机制很完善，既不会给学生压力又确保了学生真的学到了东西。虽然不点名，但会有其他形式抽查到课情况及听课情况。纯粹想水学分的同学就不必来了，但是真的对管理有兴趣或单纯想了解的同学都可以来！
119248,1280,黄浏英,2019-11-11 23:22:22,2,2,0,现代管理基础：讲的不错，课程事情多
119250,1280,黄浏英,2019-11-11 23:38:35,1,2,1,真的用心学 3.3。。。
119270,1280,黄浏英,2019-11-12 01:47:46,0,0,0,老师课挺有意思，介绍很多案例和故事。虽然后期进度比较赶，后面几节课此类分享少了点。每周都有网络测试，是需要花一定时间认真看书的，其实蛮辛苦。
120020,1280,黄浏英,2019-11-17 05:05:57,0,0,0,选了现代管理基础，事有点多但确实有收获，一门上课可以认真听并且积极参与的通识。老师人很好，会听取同学们的建议（qq群里开了匿名所以比较活跃）。付出回报成正比（我花的时间不少不过最后满了），建议想划水的同学绕道。\n\n
120605,1280,黄浏英,2020-01-13 22:22:19,1,1,0,旅游学，上课发小零食，因为班上基本没本专业的学生，直接闭卷改成开卷，还会在班上投票表决考试时间和题型，提前划重点，简直不要太贴心。如果每节课都记笔记（因为不会给PPT），然后在短学期考试周前的最后一次课会有一次突击课堂个人作业（画本课程的知识地图之类的，这个好像是老师的习惯，选了两门都会这样），只要把握好这两点，考试成绩不会差~
121043,1280,黄浏英,2020-01-19 09:58:28,14,14,0,市场营销学。黄浏英老师真是我在世真爹，平常没怎么学最后也获得了不错的分数，下面是一些课程小贴士。\n\n课程总体感受：老师讲课很有意思，夹着案例就解释了营销上的一些概念，讲例子的时候引人入胜，但也有一些缺点，就是讲例子和讲概念之间的过渡不太明确。用的书是《营销管理》，原版书很贵，但只会讲里面的几个章节，如果上课认真听了是不需要书本也能复习的，可以选择不买。老师上课点名的方式是用名牌，但是可以让别人代拿，所以去不去问题不大，不去会错过考试的重点。\n\n考试与评分：平时分由考勤、发言、作业确定。考勤的话，每节课拿走名牌不难；发言的话，上课随便插嘴也算，不愿意发言也行，对总成绩影响不大；作业是一次三人小组完成的案例分析，每周名额有限，上课前可以先自行组好队，快人一步抢第一周的展示机会，然后就再也不用担心展示了。秋冬学期的最后一节课各有一次作业，不要旷课。最终的考试内容是出自老师课上讲过的内容的，19~20秋冬的考试题目由四个名词解释——市场细分、营销组合、参考群体、渗透定价法，三个概念辨析——市场定位、消费者介入度、品牌商标，两个案例辨析——迪士尼成功元素、渠道冲突组成，如果上课听了问题不大，但这些东西也可以在书上找到并复习，所以上课没有听课也可以在备考的时候准备，不过这过程就难受多了。\n\n给分良心，一整个学期我都没有听课，光靠考前恶补也有不错的成绩。十分推荐。
121114,1280,黄浏英,2020-01-19 15:56:02,0,0,0,我最喜欢的一门课！旅游学 老师经常征求大家意见 最后满了！
121134,1280,黄浏英,2020-01-19 23:56:56,1,1,0,吹爆黄老师，女神！给分好，人美心善，上课全是干货，工科生也能4.8！
122246,1280,黄浏英,2020-02-20 16:29:12,3,3,0,事情实在太多了 线上线下教学 一次小组展示 一次读书报告 每节课都有网络测试 结课前还有一个老师自己做的小测试 小测试难度不大倒是真的 但是全是课上讲的东西 意味着听课效率要求高 实在是不适合水课
125282,1280,黄浏英,2020-09-05 13:10:39,1,1,0,市场营销学力荐
127192,1280,黄浏英,2020-11-12 12:23:30,1,1,0,好，唯一不水的通识课...
127283,1280,黄浏英,2020-11-19 14:13:42,1,1,0,第一门出来的成绩，针不戳，只要好好做每章练习，作业按照要求仔细做，真的分数很OK的，就是可能小组作业要看运气，不过这个还是阔以的。多亏之前查老师过，看到有人说好好做作业就行，
127286,1280,黄浏英,2020-11-19 14:33:39,1,1,0,老师讲的很好，但是课程的内容有些繁杂，绩点也不是很高。想要高绩点的同学慎重哟
127351,1280,黄浏英,2020-11-20 17:25:30,3,6,3,没有期末考 平时事情不算太少 但也还好 只要每一部分都按部就班跟上认真做 分数挺好拿的
129416,1280,黄浏英,2021-01-05 06:44:36,0,0,0,平时任务挺多的，但给分很明确。
135051,1280,黄浏英,2021-04-28 08:05:23,2,2,0,上课很棒，老师很不错 就是活有点多\n\n但是正态分布很sb，个人考核分几乎拿满了结果死在课堂发言\n\nuu们记得要多发言拿分啊
138176,1280,黄浏英,2021-07-07 18:31:50,-5,4,9,一门勾八通识课拉低我0.05的均绩，就离谱我觉得，给分真的差快溜
138177,1280,黄浏英,2021-07-07 19:49:12,1,1,0,给分很好
139396,1280,黄浏英,2021-07-15 05:09:32,1,5,4,现代管理基础强推！认真按要求完成的话，绩点不会低，而且老师讲课很有意思～
141479,1280,黄浏英,2021-10-11 09:10:39,0,1,1,有同学互评，作业挺多的，上课无聊，但是给分明确
141639,1280,黄浏英,2021-10-18 13:42:00,-6,2,8,不是卷王千万别选现代管理基础，最卷通识课，作业比微积分，线代都多，无语，已经被坑死了
142349,1280,黄浏英,2021-11-10 11:39:43,3,8,5,猪队友毁我均绩
142351,1280,黄浏英,2021-11-10 11:55:22,-1,1,2,平时任务挺多的，这点老师也承认，不过感觉还好，可能是因为高三忙习惯了。每个任务都认真完成的话绩点不会差，小组作业抱住大腿就能躺赢。
142354,1280,黄浏英,2021-11-10 12:05:41,2,2,0,现代管理基础\n\n老师很有趣，讲课很也有意思，自己感觉认真听会有一定收获。给分明确。\n\n但是课程任务很重，可能是最忙的通识课之一，要选就要做好在这一门通识课上花费很多时间的准备。而且绩点应该不算高，想要高分要花很大功夫。\n\n总之想高分慎入，想水勿入。不怕花时间又想学点相关知识可以考虑一下。
142363,1280,黄浏英,2021-11-10 12:50:36,0,0,0,事比其他通识课多，要很努力才能绩点高
142366,1280,黄浏英,2021-11-10 12:57:15,0,1,1,现代管理基础请认准黄老师！\n\n人很善良，有什么问题都可以沟通，而且我感觉是所有老师里面最轻松的现管了吧？给分很合理！事情真的没有那么多啊！！！只要认真做每项任务绩点不会差！超级好课，选它！
142433,1280,黄浏英,2021-11-11 10:37:35,3,4,1,老师人很好，是过程性考核，在中国大学MOOC上同步spoc课程，每一章完了会有测试，每一次作业测试都占分，所以上课要好好听，测试？。大作业是互评，用心完成，同学给分还是很好的。 这门课因为课时的原因对于对管理学只是一个相当粗略的介绍，但这是课程设置的原因。作为一门通识来说，它也足以向我们打开管理世界的大门。 最后给分刚好被卡了一分，总体来说还算满意叭。 只要用心的话，黄老师是很不错的。
144247,1280,黄浏英,2021-12-21 02:26:35,0,0,0,小测班级均分4.0+，我2.0平时基本不听，上课发言次数不足，最后2.7划过=-=
144248,1280,黄浏英,2021-12-21 02:26:36,-5,0,5,小测班级均分4.0+，我2.0平时基本不听，上课发言次数不足，最后2.7划过=-=
144349,1280,黄浏英,2021-12-21 06:45:15,4,6,2,平时事也不算多，大概一篇800字读书报告，一个计划表，几次选择题测试，期末小组展示，没有考试和论文，课堂发言还可以在MOOC上刷次数，最后给分也很不错，强推
144958,1280,黄浏英,2021-12-26 04:54:06,1,2,1,。。。
145730,1280,黄浏英,2022-01-01 05:18:09,4,4,0,特别好
147110,1280,黄浏英,2022-01-08 17:34:48,4,6,2,现管 讲课很棒 事情稍多 收获也多（想划水的请出门右拐 不然给你划水的2学分干嘛~）
152644,1280,黄浏英,2022-04-17 05:27:24,2,3,1,市场营销\n\n上课一定要认真听+做笔记\n\n因为她不会给ppt
152928,1280,黄浏英,2022-04-22 01:34:58,1,3,2,上的现代管理基础，相对通识课来说事情很多。但是上课能学到不少，老师上课也很幽默，给分说不上多好，但是公平公正，每一分的来源都很细化，总之不适合划水，还是要花点功夫。
152961,1280,黄浏英,2022-04-22 12:26:05,0,4,4,现代管理基础，老师很负责，专业能力很强，平时备课和ppt也非常仔细，是很好的老师，在课上认真听的话也能学到不少东西。选之前也很担心事多，但是感觉还好？每周一次小测，还有一个ppt小作业+一个自我计划小作业+最后的小组大作业，小组作业遇到了超级优秀的同学所以还挺顺利的，自己也是即使很多次都是ddl最后一刻才交但也认真完成了，最后给分还不错！（老师会给错过小测和作业的同学补测，因为考虑到线上的同学出勤也都记了满分
157640,1280,黄浏英,2022-06-24 07:28:37,0,2,2,推老师的《现代管理基础》，企业家精神其实就是我们的生活，管理学是管理他人，也是管理自己。除却课程的高质量内容，老师本身也是一个经验丰富的老师，给我这种小镇做题家开拓眼界，打开格局。
161293,1280,黄浏英,2022-11-04 01:16:56,0,3,3,事太多了
161578,1280,黄浏英,2022-11-09 07:24:53,-9,1,10,sb😅
161728,1280,黄浏英,2022-11-11 12:02:26,1,2,1,老师人超好，讲课有趣，给分也很棒，她真的我哭死，我都会忘记水课，xian dai guan li ji chu
161746,1280,黄浏英,2022-11-12 02:55:27,4,4,0,上的课是现代管理基础\n\n老师讲课比较有意思，给分可以，不专门点名，课前点几个人回答问题，没有大作业，但作业种类多。\n\n小测比较简单，线上开卷，周计划和读后感按要求写就行，同学给分都不错，小组人比较多，所以小组展示分给每个人的任务就不算多。
163416,1280,黄浏英,2022-12-14 08:47:47,5,5,0,内容上的话听起来很有趣！课上有很多例子和她自己的经验，完全不会照着课本照搬\n\n事情还是比较多的，但这是现管这门课的通病，（据我所知所有的老师都是类似的作业，黄老师做得很好的一点是会亲自认真的核对分数，我在互评的时候遇到了恶意打分，结课后老师专门来告诉我分数已经纠正过了\n\n打分比较客观，主要看两次小作业和最后的小组展示，其他的平时分也是会严格按实际情况给的（会有专门的同学记录的\n\n在通识课中体验算是比较好的，因为任务都比较常规，只要认真一点就会有很好的分数，完全不会不明不白地被绩杀
164416,1280,黄浏英,2022-12-21 02:13:03,2,4,2,老师上课好有激情，能学到很多东西。每次上课都会提前到教室，备课很充分，很有意思。个人认为事情不算很多，大概八次mooc小测，每次限时五分钟，都能找到答案。还有一张周计划表，一篇800字的读书报告，认真完成最后给的分也很好。
164424,1280,黄浏英,2022-12-21 02:38:55,-2,1,3,其实还不错啦，平时mooc可以搜题，上课的答题次数都是自己报给课代表的（懂得都懂），也就期末考试稍微注重书本一些（老师讲理论认真听就行）\n\n小组作业不妨当个组长（组员给力的感觉好棒），老师会把pre的具体要求都告诉你，做到就行\n\n我没缺过勤，老师一般是用抽人回答代替点名的\n\n最后4.8还不错
165505,1280,黄浏英,2023-01-07 12:18:57,2,3,1,一开始觉得老师看起来很凶，但其实人很好，特别关心学生，特别有活力，上课还被老师安利了好多好吃的好玩的，市场营销学任务也不多，给黄老师一个大大的赞！
165535,1280,黄浏英,2023-01-08 05:30:58,1,2,1,老师讲课很生动，但是不捞人
167404,1280,黄浏英,2023-01-16 05:07:19,4,5,1,事好多，我不太喜欢组内互评和MOOC测试。本来就是一门通识课，还要整这么麻烦的小测，总有恶意评分现象。但打分比较公正，讲课比较有意思，总体来说还是比较推荐（如果不嫌事多的话）。
172534,1280,黄浏英,2023-05-11 05:37:39,11,11,0,下午课，没缺过勤，好喜欢老师，感觉每次上课都像在听金星脱口秀
172615,1280,黄浏英,2023-05-02 06:45:09,6,6,0,老师看上去很凶，但实际上很温柔，讲课也很生动。现代管理学基础课程没有考试，成绩构成为八次mooc测试（每次五分钟十道题都可以查得到）、最后一节课的随堂测试（学在浙大上面做，部分搜不到，考验听课，不过成绩占比不大）、一篇周计划、一篇课堂小结、一次小组展示、十次发言。老师人很好，会给你改错补测的机会，很宽容大度，和讲课风格一样。我有一次小测时间错过了，后来补交了，其他内容认认真真完成了，最后给分也很不错。这门课想水可以很水，但认真听课反正还是很有收获的。老师真的很好！！
176701,1280,黄浏英,2023-06-29 18:07:39,-7,3,10,《现代管理基础》想学东西的可以学到很多知识，想水课的也可以享受无论文，无考试，只是每周都会有mooc题目，拍题搜答案都能搜到，最后给分很不错，十分推荐
181317,1280,黄浏英,2023-10-14 06:04:01,-5,6,11,说实话，上她的通识课真学不到什么东西，讲的都很浅显，不如看书，搞些乌七八糟的作业，真nt，而且老师自己上课水平就那样，一节课大半时间问学生话去了，上课效率极低，自己的ppt也没什么逻辑，动画真的多，字没几个，希望后面的uu帮我顶上去，这老师真不值得这么多分
181908,1280,黄浏英,2023-11-04 13:17:20,-6,7,13,相当程度的自以为是的傲慢。\n\n我这次打分，确实抱着拉低她分的意图，但她确实不值这么多分，在我看来甚至不如某些67分的老师。\n\n作业异于常人也nt地超乎寻常，莫名其妙的小组贡献制成功让我感到生存之艰辛（从共享到瓜分，谁还不会大打出手？），在我如小丑一般憎恨我的小组成员的时候，我也深知这一切都来自于那个罪恶之源。\n\n天天在课上讲又被啥啥组织邀请过去做顾问了，那想必那些组织的老董都是远超我这个zjuer的天才，才让我听了毫无收获的课能让他们趋之若鹜吧？\n\n讲课是经验管理学派，管人是科学管理学派，从不考虑行为管理学派，这显然是现实中没人给她一点深刻的经验导致的一些发癫症状。\n\n这个地方有很多人都该被打一巴掌来治治羊癫疯，她无疑是其中的佼佼者。
181949,1280,黄浏英,2023-11-06 08:09:30,3,4,1,上课讲的真的很好！生动有趣，不念书，会分享很多她出去讲课的经历。任务量也不大，4次mooc小测网上有答案，就1000字读书报告+一周计划+小组展示比较费时间。整体来说体验超棒的！感谢老师带我进入管理学的大门
181986,1280,黄浏英,2023-11-07 10:03:23,0,0,0,不点名，但是事情很多。大二老狗当了组长，有点受不了，但是口才和教学水平都还是在线的。
182264,1280,黄浏英,2023-11-13 14:36:34,-1,0,1,还不错的
182265,1280,黄浏英,2023-11-13 14:46:47,1,3,2,给分很一般
182270,1280,黄浏英,2023-11-13 16:55:19,-3,1,4,不是组长，认真完成各项任务，满绩啦~，蟹蟹老师
182272,1280,黄浏英,2023-11-13 18:05:19,1,1,0,唉啊唉
182276,1280,黄浏英,2023-11-14 01:53:59,-4,1,5,讲课讲的生动有趣，给分也很好！必须十分
182286,1280,黄浏英,2023-11-14 05:04:57,1,3,2,还不错啊，我也不是小组长，虽然没满绩，但也还不错。总共就两篇（一篇周计划+执行小结，一篇读书报告我记得是1000字）+四五次小测（题都可以搜到）+一次小组展示（自己内部协商管理规则）+十次发言（线下线上相加）。我是上课不听的，然后最后一周刷完所有智云，总的来说有些东西还是挺能增加点知识储备的。至于怎么把管理学应用，这门课基本没有，主要就是介绍管理。\n\n不要总觉得自己很牛了（对话下面写的很长，为了拉低老师评分的人），觉得老师讲的没用，我就问你第一节课讲的商业4.0模式还记得吗，难道没有一点启发作用吗，你不会真的指望有人每句话都很重要吧。你要是这么挑刺那最好像马林思维那样辍学自学。你多少带点有色眼镜看人了，十足的傲慢与偏见是你吧。
182290,1280,黄浏英,2023-11-14 06:11:15,6,7,1,水课，可以很水，上课可以很轻松是真的。但给分难评，互评部分人心难测。。。
182392,1280,黄浏英,2023-11-15 12:32:11,2,3,1,讲的挺好的，老师也很有水平，但是有点明显赶进度的感觉，后面就是为了讲知识点而讲，同时小测是真挺难的，不好拿高分，最后还被卡绩了，好伤心
182960,1280,黄浏英,2023-11-21 08:24:28,5,8,3,黄老师的课十分生动有趣，形式也非常多样，会有精美的ppt，有趣的视频，各种各样直观的视觉辅助材料等等，下课也会认真地回答同学的疑问。如果给黄老师打分，我会毫不犹豫地打10分，但是，如果现管这门课打分，我最多只会打7分。虽然很有趣，也会学到挺多有用的知识，但事情有点多，想水的话不建议选。总共7次上课(国庆一周放假)，有1次1200左右(但有上限1500)的读书报告，1次不限字数(可能？)的周计划(基本上也会有1800左右)，1次小组报告(争取了小组长，但是事情会很多，除了小组任务，所有会议都要参加外还要另外与其他相关人员另外抽出时间开会，同时小组人员太多了，有10几个，组员之间会有很多需要协调的(一般都想争取自身利益，会有众口难调的情况))。
182973,1280,黄浏英,2023-11-21 09:10:28,1,3,2,老师 我家子涵一回家就哭了 还以为是在小组被孤立了 原来是被绩杀了 老师以后这种课我们家子涵不参加了
183593,1280,黄浏英,2023-11-27 14:04:47,1,2,1,在众多通识中，黄老师的课程真的不水，很有意思，可以学到有用的知识，大爱老师！
184828,1280,黄浏英,2023-12-23 07:30:37,-1,0,1,给分很棒的，也能考虑周全
185061,1280,黄浏英,2023-12-26 05:02:14,1,2,1,现代管理基础，老师上课很有意思，不是水课，作业里有上课的题，事情比较多，但没有期末考试，整体给分感觉挺好的，感觉认真的话就有4.5左右了
185088,1280,黄浏英,2023-12-26 06:39:16,0,2,2,想摆勿来，愿卷欢迎。
190055,1280,黄浏英,2024-02-17 14:11:57,-1,0,1,老师真的很有意思！上课很多有趣的案例，不会觉得market枯燥！考试内容和上课内容是差不多的，专心听就可以！记得记笔记！！给分也很好哦～
192667,1280,黄浏英,2024-05-27 10:25:14,0,2,2,在通识课里属于比较有意义的，老师讲课也很有激情。相比一些水课也确实会占用较多时间。给分倒是还可以
195221,1280,黄浏英,2024-06-27 09:23:08,2,2,0,事情很多，给分每部分很明确。线上小测和小组展示最重要。想摆烂建议别来，可能分会不高
201908,1280,黄浏英,2024-11-07 09:43:45,1,1,0,666
207795,1280,黄浏英,2024-12-24 09:41:05,0,0,0,太喜欢听黄老师的课了。真的每周脱口秀！
210946,1280,黄浏英,2025-01-10 08:24:16,0,0,0,太棒啦老师！市场营销上课很多案例，平时没什么事情，很幽默。推荐推荐
215061,1280,黄浏英,2025-02-20 11:14:58,0,0,0,还可以 发言也在慕课上
218506,1280,黄浏英,2025-04-24 05:20:52,0,0,0,真的不懂怎么给出这个绩点的，事情多分数低
221386,1280,黄浏英,2025-06-23 07:13:01,0,0,0,我已经上了黄老师两门课程了，老师非常谦和且尊重学生，上课可以感受到老师满满的活力，是一位热情幽默的老师，爱黄老师！
20978,1302,寿涌毅,2016-02-06 08:10:08,2,4,2,逻辑清晰，深入浅出
92518,1302,寿涌毅,2019-01-01 14:20:55,3,6,3,老师人很帅，但是总让我们痛苦的自学，上课就在布置作业，做好了pre也不反馈问题，修改没法修改，影响下次作业的推进，太痛苦了！！！！！！
98934,1302,寿涌毅,2019-01-24 05:24:37,1,2,1,男神！
124923,1302,寿涌毅,2020-07-21 02:09:48,2,4,2,简直不能再帅\n\n
135321,1302,寿涌毅,2021-05-08 06:05:38,4,5,1,项目管理的，能学到东西，就是每节课之后都有小组作业
164361,1302,寿涌毅,2022-12-20 11:43:41,3,3,0,项目经理的很多工具都会讲到而且直接实操，想学管理类能直接应用的东西的强推！！
173150,1302,寿涌毅,2023-05-14 11:43:10,3,5,2,给分太刻薄
203280,1302,寿涌毅,2024-11-19 00:12:06,4,4,0,给分太差
203505,1302,寿涌毅,2024-11-20 01:31:43,0,0,0,很儒雅的老师
5577,1333,叶春辉,2015-07-08 11:49:38,5,13,8,好老师！
14433,1333,叶春辉,2016-01-07 04:56:17,0,13,13,这个老师太水了，一个学期下来，什么都没讲，竟是扯蛋
24417,1333,叶春辉,2016-04-30 13:27:33,2,7,5,很好的老师呀 上课生动活泼 不过计量的内容不算很深 算是计量导论吧～
43847,1333,叶春辉,2017-01-17 04:59:22,3,7,4,人超级好
46384,1333,叶春辉,2017-01-21 12:16:32,-7,6,13,人又好给分又好上课也好
46392,1333,叶春辉,2017-01-21 12:50:58,-1,3,4,好！人好给分好！\n\n
58085,1333,叶春辉,2017-07-29 02:51:22,1,5,4,老师超棒的！讲课风趣幽默
61203,1333,叶春辉,2019-02-27 10:41:46,0,2,2,将例子还挺好的
63561,1333,叶春辉,2017-12-07 01:55:57,25,33,8,这个老师真的难以用言语来形容，上课的时候都不知道在上课还是表演，上了大半个学期啥都没有讲，就是一个演员！
65066,1333,叶春辉,2017-12-28 12:41:38,15,22,7,从不备课的节奏 想到哪儿讲到哪儿 每天发一百条朋友圈\n\n 上课天马行空不讲原理 深知留白艺术 处处留白 操作也讲不清楚 留学生不要选（因为也不用英语） 希望学一门技术的孩子出门右转
66123,1333,叶春辉,2018-01-12 03:11:59,0,5,5,完全没有学到任何东西呵呵
72858,1333,叶春辉,2018-01-31 12:03:18,4,4,0,老师水平很一般，对上课不负责任，不备课，讲的浅，会讲一些实例和Stata应用
72932,1333,叶春辉,2018-01-31 11:33:04,0,2,2,老师给分好啊！哈哈哈哈哈哈\n\nemm 知识的话stata可能学的多一些
72940,1333,叶春辉,2018-01-31 11:54:03,1,1,0,老师真的是不太负责任的感觉...不过期末不怎么要复习
72945,1333,叶春辉,2018-01-31 11:58:39,2,4,2,别的不说啥 给分是真的好
72948,1333,叶春辉,2018-01-31 12:04:02,-1,2,3,老师给分好好…
73595,1333,叶春辉,2018-02-02 04:47:23,7,8,1,平心而论 给分的确好 从老师为人来说 是个幽默的好老师 但是的确 上课内容浅 宛如计量导论 而且老师好像不备课 讲的比较随意 可能因为老师平时其他事情很多 因此对这门课不是说非常上心 但我认为在文献导读这些有关科研方面 老师确实在努力引导学生 想真的学那么多数学知识 出门找其他老师啊 这老师基本就是科研导向的
82804,1333,叶春辉,2018-07-09 07:04:00,0,0,0,老师给分超好！还有科研水平很高\n\n
101611,1333,叶春辉,2019-01-28 15:05:08,4,4,0,给分很好，讲课大致包括了计量经济学的所有内容，涉及面比较广，拓展性强，适合于了解培养经济学直觉，但是不适合基础知识学习，对于计量的知识点讲解少
117322,1333,叶春辉,2019-09-23 02:40:52,5,5,0,你用对老师眼光的眼光看他，处处是不足，你用对朋友的眼光看他，也许能学到更多。尬与不尬，一念之间
118513,1333,叶春辉,2019-10-28 00:22:21,0,0,0,老师的课程听起来比较费力，
124384,1333,叶春辉,2020-06-30 03:47:39,1,2,1,不知道在讲啥，就知道扯，上完不知道在讲啥
124684,1333,叶春辉,2020-07-06 07:42:36,1,2,1,计量上得真不行……不知道在讲啥，特别喜欢分享文献，但上计量就是为了打基础，连基础都没打好之后怎么办
124810,1333,叶春辉,2020-07-10 08:04:14,1,2,1,上课都在吹牛皮，知识点只是带过。\n\n建议还是选本科背景就是名校的教授老师！！！
134569,1333,叶春辉,2021-04-02 05:15:48,4,4,0,上课就扯些没用的，满嘴跑火车。上课迟到，有时间发朋友圈，没时间干正事！
134634,1333,叶春辉,2021-04-07 00:45:12,3,3,0,接触这么多老师 他是职业素养最差的一个 甚至不能称之为大学老师 上课次次迟到 讲的东西乱七八糟跟课堂无关 一点备课都没有 作业布置了不会批 考试把题目答案一模一样告诉你们 最后分数居然是随机分配！结果分数还那么低 真的拉低浙大水平 见过最不负责的老师
135129,1333,叶春辉,2021-05-02 00:42:55,6,6,0,《演员》
135697,1333,叶春辉,2021-05-19 10:14:12,4,5,1,授道不行，出道行。
214829,1333,叶春辉,2025-02-18 06:30:32,2,2,0,只有一次点名，给分好但是全班分数相近，如果不考虑混脸熟以增分的话，建议是不去。建议试听一下，第一节课的教学风格就是一学期的教学风格，不要浪费自己的精力与时间。\n\n计量经济学是很重要的一门课，比如说是写毕业论文的基础工具之一，他的课中计量软件实操或理论含量极低，不如b站大学。
15671,1338,黄灿,2016-01-16 05:42:02,2,4,2,这个老师的课会比较难，但是，老师人很好，需要花很多时间来自习，会学到点东西。如果很爱学习的同学可以选择这个老师，你会学到点东西\n\n
19824,1338,黄灿,2016-01-25 10:35:12,3,4,1,老师上课很仔细，讲解很清楚！
42805,1338,黄灿,2017-01-15 07:50:17,3,3,0,超级棒的老师！讲课思维清楚，不懂的东西也能耐心的一点一点讲！不过每次需要签到，有两次期中考试算分的，适合想要学点东西的同学。
72059,1338,黄灿,2018-01-29 09:18:30,1,1,0,
72124,1338,黄灿,2018-01-29 11:49:37,12,13,1,超喜欢黄老师！！！讲课特别细致特别温柔，而且条理也很清楚！！男神一般的存在！！！
76479,1338,黄灿,2018-04-10 16:11:25,1,1,0,讲课难，很棒棒。
101464,1338,黄灿,2019-01-28 08:58:35,2,2,0,老师很好
101476,1338,黄灿,2019-01-28 09:19:02,1,2,1,老师很好，仔细学的话满绩并不难的
101807,1338,黄灿,2019-01-29 06:56:34,7,8,1,吹爆男神！！！黄老师太棒了
121718,1338,黄灿,2020-01-21 06:00:22,-6,0,6,轻松满绩
137697,1338,黄灿,2021-07-05 15:45:45,2,2,0,创新课程太水，输出内容太少；几乎一半的课程内容都来源于学生的输出，不知道是谁来学习的
140516,1338,黄灿,2021-09-13 08:22:14,1,1,0,温文尔雅，谦卑且有礼貌。指导论文也超级有耐心，认真负责，浙大管院不可多得的好教授。
153908,1338,黄灿,2022-05-16 13:01:34,3,3,0,对课堂讨论的气氛把握的很好。\n\n不拘泥于课件，有重点的突出，上课很有收获。\n\n对案例的点评也很到位。\n\n难得的年轻才俊教师
177246,1338,黄灿,2023-07-02 11:19:13,4,4,0,管理写作\n\n偏向公文写作，上课有点枯燥，比较是学公文。但是老师很负责，会一个一个点评写作。作业少给分高
179665,1338,黄灿,2023-09-19 06:47:22,0,0,0,气质男神，讲课很负责
193068,1338,黄灿,2024-06-03 08:13:33,-1,1,2,讲课很一般，\n\n管理写作基本见不到有用的东西，不如自学，改倒是认真改了，然后拿着学生作业又混一节课。\n\n计量教得还行吧，给分不如隔壁xwl，讲课整体逻辑不如经院kwj。\n\n会抽问学生问题，问得很冒昧，没感到尊重。\n\n确实有耐心。对科研有种莫名执着，但是哥们，你都在管院待这么久了，别忽悠你学生往火坑跳了，理解一下只想拿文凭的同学好吗？\n\n好的。
193899,1338,黄灿,2024-06-20 13:08:58,2,2,0,管理写作\n\n1.讲课还行，普通话不错\n\n2.作业有点评有反馈，其实认真写还是很有帮助的\n\n3.上课喜欢提问，我觉得没问题哈，活跃一下气氛，而且互动也比较友好吧，也没逼着你回答，不想回答就搪塞过去就行了呗\n\n4.会问同学们听懂了吗，什么感受，什么收获，感觉比老师单独讲自己一直输出好\n\n感觉是个好老师
220060,1338,黄灿,2025-06-14 10:41:07,1,1,0,管理写作\n\n1分专业选修课，我每次作业都是班级最高+签到都在，总评4.5我觉得很一般吧。
220362,1338,黄灿,2025-06-17 13:13:03,1,1,0,同下。每次作业最高一档，甚至被作为优秀范文展示过，全勤，4.5
58250,1352,赵晓庆,2017-08-28 01:38:21,-5,4,9,完美啊
58380,1352,赵晓庆,2017-08-30 08:09:39,1,5,4,感觉好好
59114,1352,赵晓庆,2017-09-19 23:49:44,0,4,4,挺好的\n\n
59267,1352,赵晓庆,2017-09-20 11:54:29,1,8,7,唉，同学们教务处订不到书了，你们自己去买吧给你们推荐个五六本（？？？通识课你让我看好几本博弈论的书？？？？）\n\n项羽很无赖，唉，很无赖（我看你最无赖）
59322,1352,赵晓庆,2017-12-06 09:59:23,-2,5,7,emmmmm 就课程本身而言 很有实用性 虽然教材很厚 但是认真学可以学到真正有用的东西 但是老师上课可能有点无趣 不过给分还不错 期末考开卷考
59835,1352,赵晓庆,2017-09-27 10:56:38,-2,3,5,说话没有艺术感和活力，还结结巴巴的。比较无聊，ppt也被他说的索然无味唉。连教材都要我们自己选。
61092,1352,赵晓庆,2017-11-08 11:33:47,-1,4,5,老师很好\n\n\n\n
61646,1352,赵晓庆,2017-11-19 14:57:23,-3,1,4,老师人很好，给分也很不错，上课有点无聊，但还是能学到不少东西的～推荐选
62766,1352,赵晓庆,2017-11-27 02:18:09,-4,2,6,老师知识丰富，也很温柔，就是课有点平淡
63424,1352,赵晓庆,2017-12-03 15:30:18,-1,2,3,很不次
63537,1352,赵晓庆,2017-12-06 09:58:54,7,18,11,博弈与信息：老师上课比较干，无论文，作业不多，小组展示大概就一次，而且展示重内容轻形式，所以还是比较轻松的。教学和考试内容都比较简单，不过教材内容很丰富。建议老师将试验改成学生不露面，在台下给老师发微信告知策略/选择，否则效果不好
63539,1352,赵晓庆,2017-12-06 10:03:26,-6,2,8,虽然讲课略微平淡，但讲的东西挺有用，给分还行
63541,1352,赵晓庆,2017-12-06 10:34:25,9,16,7,水课，给分有点迷，期末开卷考，教材很有趣，可惜老师不讲，全是抽同学发言。\n\n
63542,1352,赵晓庆,2017-12-06 10:35:58,24,35,11,新的绩杀
63547,1352,赵晓庆,2017-12-06 11:49:48,2,9,7,极水，虽然课程很有意思，但是老师讲的有些乏味了，给我的绩点是3.9，估计应该还是偏低的，比我高的应该很多吧，\n\n还有老师把纳什说成拉屎也是一个莫名的萌点
63553,1352,赵晓庆,2017-12-06 14:37:22,-1,3,4,额，实验课不能让参与实验的学生露面啊\n\n不然就真成水课了。毕竟博弈论 看勾心斗角还是很好玩的 \n\n
63558,1352,赵晓庆,2018-05-31 08:17:10,-7,6,13,给分可以说是相当相当迷了 上课听得比大部分人认真 作业绝对是认真仔细写的 考试也复了习 有些题目去问老师 老师也说的不清楚 最后…3.9 凉凉
63715,1352,赵晓庆,2017-12-13 10:24:30,2,5,3,3.0呵呵
63813,1352,赵晓庆,2017-12-15 08:37:58,2,5,3,第一节课有点无聊，后面只要你对博弈论感兴趣，这个课还是值得一听的。作业主要是看书，题不多，期末开卷考试，给分有点迷。
64023,1352,赵晓庆,2018-11-16 01:32:06,0,0,0,一般般
64656,1352,赵晓庆,2017-12-26 05:52:05,0,5,5,课挺水的，出分比较慢，如果好好看看PPT和教材的话，最后考试也很简单。平时事情很少，感觉挺适合混分的。
64850,1352,赵晓庆,2017-12-27 11:57:30,2,2,0,水课啊
64981,1352,赵晓庆,2017-12-28 06:19:06,1,3,2,很好啊
65308,1352,赵晓庆,2018-01-03 02:04:13,3,4,1,课本身内容有趣，但是这个老师讲的比较无聊。出分很慢，分也不高
70471,1352,赵晓庆,2018-01-26 16:17:25,5,9,4,上课挺无聊，绩杀
70838,1352,赵晓庆,2018-11-05 04:18:42,2,3,1,大记杀
72091,1352,赵晓庆,2018-01-29 10:22:09,5,11,6,绩杀啊，还让我卡绩，被正态，真的无语了。学期结束再回顾，这节课是我这学期所有通识里最低的，很无语，为什么自己平时作业跟着做，考试好好复习，这么低？？？
75192,1352,赵晓庆,2018-03-08 02:34:05,5,6,1,话不多说，绩杀，别选。好好学还不如水过去的人。
77561,1352,赵晓庆,2018-05-06 13:38:43,4,6,2,无聊绩杀\n\n
79012,1352,赵晓庆,2018-05-20 12:15:47,2,5,3,给一分 不仅被卡绩 还是大学通识课最低绩点 无语 而且花的时间还不少 投入和收获完全不成比例 无语
80134,1352,赵晓庆,2018-06-20 11:09:26,3,4,1,场外看戏，走马观花。
82569,1352,赵晓庆,2018-07-08 14:00:21,3,6,3,这课 通识最低绩点 无语 被正态被卡绩 极其不公平 老师回答问题也很支吾 无语 辣鸡课 劝大家选选别的课吧
83845,1352,赵晓庆,2018-07-11 10:04:44,1,1,0,给分低
83908,1352,赵晓庆,2018-07-11 13:29:35,1,3,2,期末考好好考！成绩不会难看的！
90531,1352,赵晓庆,2018-11-24 01:07:38,4,6,2,上课巨水，不如自学；自学也罢，书本还厚；努力学习，绩点还低；付出回报不成正比，爽歪歪，谁选谁知道...
90535,1352,赵晓庆,2018-11-24 01:25:15,2,2,0,这课没什么收获，真的。而且给分很迷，我还好，班里有个1.8绩点的，我觉得这下手挺狠的。
90548,1352,赵晓庆,2018-11-24 02:51:37,0,0,0,谁做展示谁上去做博弈实验等老师都没有记录。老师自己上课没什么深度 挺水的 可能绩杀叭 案例还是有一点点意思的
98514,1352,赵晓庆,2019-01-23 14:05:46,-38,3,41,信息经济学给分一般，只有4.5
98573,1352,赵晓庆,2019-01-23 15:04:46,-13,1,14,半学期的早八，上课又无聊，最后绩杀\n\n3.9凉凉
103902,1352,赵晓庆,2019-03-07 06:31:46,2,2,0,怎么说呢，没有一个明确的评价标准，平时没有点名，小组展示也没有记录。平时作业好好做了，最后50%的平时分只给我84。内容还是有些意思的，但问问题讲不清楚，邮件回得很少，恕我直言老师对待教学上还是有一些敷衍。
108031,1352,赵晓庆,2019-05-13 09:56:50,4,5,1,创业启程真是绝了 谁选谁后悔
111608,1352,赵晓庆,2019-07-02 06:43:25,1,1,0,无聊。。
114326,1352,赵晓庆,2019-07-09 20:36:22,1,2,1,绩杀，水课，慎重
114367,1352,赵晓庆,2019-07-09 23:56:09,-6,7,13,博弈与信息被卡绩了…94，大家上课都做坐在最后几排根本不听课，老师点名叫人才开始看PPT上的题，群里经常有同学作业迟交，期末开卷考试就带一本白白的教材，连PPT的内容都懒得复习和打印，成绩低太正常了。平时好好听课，作业自己做，课堂实验积极思考，期末前好好整理PPT和书上的方法，肯定没问题的。你认真听课，其实老师还是比较幽默的，你要是不听，当然觉得无聊。
114488,1352,赵晓庆,2019-07-10 05:33:12,41,54,13,创业启程是看清华的网课，原课程很好，看了之后收获颇丰，但我们的方式配不上原课程的精良。同时得到了大学以来最不能接受的成绩，网课是按时认真看的，线上分数满分，大作业、感想都认真写了（不必质疑我的能力，我认真做的事不会有差的），其中大作业中部分创业构思我已经得过创赛的奖，考试一丝不苟地答完了每一道题，考的知识点全都记得，材料分析也紧扣材料有理有据，字和排版都很认真（我们考试绝大多数同学都在一个小时左右交卷了，我是最后一个交卷的），我的心理预期是不可能低于四点五，因为我的付出绝对值得五的成绩，不管怎么评价绝对都在这门课的同学中排前十。结果最后的了个垫底的绩点，甚至许多考前刷完了网课，大作业感想考试都是随便写写，居然都能得4.5、4.8。这一门被绩杀其实对均绩影响只有零点零几，但我就是很难受很想不通，为自己付出得不到相应的回报感到悲哀和愤怒。之前也被绩杀过，但我绞尽脑汁，总可以找到不足之处。但这次我找不到任何自己做得不够好的地方，也想不到任何能被绩杀的理由。出成绩后我郁闷了好久，只感觉太不公平。甚至不能查卷，让我死的不明不白。有些事我们永远无法左右。
120014,1352,赵晓庆,2019-11-17 04:57:42,4,8,4,博弈与信息：水课，随机给分\n\n组长都是直接按照序号任命的，不用选\n\n估计作业 发言 考试啥的都不看，直接随机rand了一波分，然后为了避免录不进教务系统就全给3.3 3.6 3.9\n\n\n\n给一本600+页的教材你学你? 呢\n\n考试内容全部来自ppt，和书没半毛钱关系\n\n\n\n上课感觉没带脑子来，不知道他自己会不会
123926,1352,赵晓庆,2020-06-16 16:14:21,3,3,0,2.7  不多说了
124554,1352,赵晓庆,2020-07-03 01:17:20,0,2,2,这学期比较特殊，都是线上课，前几节课老师会点名抽人回答问题，后面就没有点了，但是每节课前有签到，然后小组作业挺水的，组长是按照学号任命，组员也没有打分环节，free-rider常见，考试也线上，为了保证顺利进行没有主观题了，改成21道选择判断，选择5分一道，判断3分一道，内容比较基础，多看ppt和布置的作业题，再看看书上概念就可以了，最后满绩了。\n\n
127301,1352,赵晓庆,2020-11-20 01:54:05,-2,1,3,博弈与信息，超级水，就是每节课都会点名，玩了一个秋学期的手机，展示全靠大佬带飞，作业少，考试只要把老师上课的ppt打印下来开卷考就完全没问题。
127575,1352,赵晓庆,2020-11-24 14:16:09,-2,0,2,棒棒棒
127664,1352,赵晓庆,2020-11-25 14:10:39,1,2,1,上课确实挺无聊的，但是书比较有趣。考试内容极少，题目大部分都很简单。绩点居然给了我4.5（我上课一次也没回答过），喜出望外。
128045,1352,赵晓庆,2020-12-04 08:48:15,0,2,2,真的很水而且绩杀
128749,1352,赵晓庆,2020-12-25 06:54:34,3,3,0,拉屎均衡，参与者B—（第一声）选择了B—策略……
138593,1352,赵晓庆,2021-07-10 02:45:35,6,7,1,创业启程感觉给分还好，主要是大题要扯出作文的气势。
146485,1352,赵晓庆,2022-01-06 16:18:46,1,1,0,秋学期学的老师的博弈与信息（才知道有查老师这么个东西所以才来评论）我打的6分，组是随机分的，组长也是随机选的，然后吧，对于教材我是真无语，直接整一个巨大巨大的教材，讲东西又不怎么用教材，考试内容百分之九十来自PPT。调不调分不知道，本人偏向于躺平甚至不知道绩点和成绩之间怎么转化。事情还可以，一次小组展示，最后有个博弈比赛（别被吓到了就是上课带着我们玩儿）。老师讲课有一点无聊，虽然通识课一般人都会水手机，我还是表示一下老师讲东西无聊
150964,1352,赵晓庆,2022-02-21 11:32:59,0,0,0,不好…
157654,1352,赵晓庆,2022-06-24 08:30:02,-1,0,1,创业启程给分好垃圾\n\n期末写了很多才3.6\n\n我网课成绩97多……
157673,1352,赵晓庆,2022-06-24 09:39:54,1,2,1,创业启程嘿嘿，老师人很好，一周上5节课，每天都会耐心地一对一辅导，答疑解惑，后面几节课是复习课，老师带着复习知识点，严格按照评分细则给分，最后有5.0诶～～～
157732,1352,赵晓庆,2022-06-24 13:18:01,0,0,0,垃圾
157752,1352,赵晓庆,2022-06-24 16:06:48,0,0,0,给分垃圾，谨慎选择
164811,1352,赵晓庆,2022-12-26 08:21:01,0,0,0,博弈论，没楼下说的那么离谱，ppt的知识点课本上大部分是有的，看过课本就知道ppt上好多案例都出自课本，但是课本确实巨厚（大部分内容不要求），建议搞本二手就够了，没必要花大钱买本新的，期末开卷，有稍微认真学的话真的不难，就和平时作业差不多，而且是开卷，不能说简单，没有学肯定写不出来，但个人感觉学了的话我相信还是可以拿到不错的分数。小组展示和博弈游戏看着来吧，感觉展示没有那些思政课那么卷，但展示和那个博弈都需要一定博弈论知识，所以还是要听课。当然当成水课上也可以，上课不听，看课本也可以的。省流的话就是给分比较求是的通识水课，当然这是个人的总结，不喜勿喷
24104,1360,周永广,2016-04-27 05:16:35,-17,5,22,老师还蛮有意思的，就是上课会脱鞋
24400,1360,周永广,2016-04-30 11:39:17,-13,2,15,讲课超级棒的老师
25378,1360,周永广,2016-05-16 10:27:05,5,10,5,扯啊扯...纯扯！上课完全没有体系
49773,1360,周永广,2017-04-26 00:17:36,-29,4,33,给分太高，不说了，我爱他
49774,1360,周永广,2017-04-26 00:18:08,-19,8,27,周老师真的是一个很用心的老师，听他的课能收获好多?给分也无敌好！良心好老师啊，强推！
75850,1360,周永广,2018-03-20 02:10:38,-5,2,7,
107103,1360,周永广,2019-05-01 14:38:05,-20,4,24,活少课好，给分高
107582,1360,周永广,2019-05-07 04:01:12,-13,3,16,认真听蛮有意思的，只是我时常走神，偶尔有些段子很冷但戳我笑点。\n\n给分超好
123104,1360,周永广,2020-05-10 02:08:52,10,10,0,上课就基本是看视频和讨论\n\n每次课后一个大作业和小作业\n\n问题是还看不懂他到底要布置什么\n\n这老师真是绝了
124592,1360,周永广,2020-07-03 10:52:55,-2,4,6,期末大作业的评分方式是小组互评……
124766,1360,周永广,2020-07-08 16:17:59,46,48,2,我吐了退学启程
124767,1360,周永广,2020-07-08 23:41:29,6,9,3,作业说不清楚，上课放视频，提早下课，最后大作业只占10分，后面还变成小组互评，最后总分所有人少算五分后来更正了，且分数组成与开课时讲的不一样，课堂表现跟学在浙大登陆次数浏览时间挂钩，10分能扣两三分，最后算出来几分就是几分不会调。客观陈述不评价，大家自己辨别。但我觉得老师人还是挺好的，同学有问题都会耐心解答。
124769,1360,周永广,2020-07-09 00:35:11,42,44,2,说的给分好都是骗人的吗！！！不调分按原始分数给，太可怕了(๑ó﹏ò๑)
124776,1360,周永广,2020-07-09 02:28:20,48,56,8,WKNM，幸幸苦苦学了一学期，最后还专门花钱买书复习，最后给我3，要点脸行吧，还不给成绩的明细，是个人？成绩一出，群里全都是问为什么隔壁都是4.5，自己都是3.0，不是说我们对低绩点有意见，我们就是不想被你乱正态。搞得什么玩意，畜牲，没讲过一节课就算了，考个试还JB糊弄人，垃圾，你都过了18岁了，怎么还活着，滚吧。没讲过一节课，没讲过一道题，你把我们当什么了？你混口饭吃的玩物？是因为有我们，你才能有口饭吃，懂吧，畜牲。我们不选你这B课，你还真把自己当回事？我告诉你，你能活着，全靠的是法制社会。简单点，法制社会救了你。
124777,1360,周永广,2020-07-09 04:41:46,27,32,5,创业启程 平时作业扣分比较狠，最后似乎没有调分。同学们要求公布具体各项分数，得到答复是 不用存疑。老师人挺不错，但是作为一门大课的平行班，这样的给分模式不是很推荐。我觉得倒没有必要用一些不太好的词汇去评论，但是对于不少同学而言，结果似乎没有和投入很好地匹配。毕竟这门课是“启程”，过于严苛的标准当然也没有问题，但是很多班级用一般模式而这个班相对严格不少我觉得有些不妥。
124778,1360,周永广,2020-07-09 02:45:46,30,32,2,创业启程的成绩就离谱 别的班4.5 4.8 他班上的普遍没上4 大佬发话说自己4.2但觉得这个分数配不上他 要求公布原始成绩也是说试卷统一改的 那就是别的班调分了他没调呗 或者我们班助教平时作业打分太严了 我知道认真批改是本分 调分是情分 但是同样的付出得到截然相反的结果不是很不公平吗？？？
124781,1360,周永广,2020-07-09 03:33:36,-57,9,66,行了吧，我相信老师的评判是客观公正的，只是没有调分而已。比起通过调合迎合学生的老师，我倒更欣赏实事求是的老师。不分青红皂白一味追求绝对公平，汲汲于分数在查老师上开骂的样子真是可悲。既把该课定位为水课，又想通过最少的努力获取很高的分数，哪有这么好的事情？创业启程好好把视频时长刷满，考前话花三天慢悠悠地把书看一遍，拿个3.9绝对不在话下，算起来事情应该比职规要少许多。视频的内容是清华做的，有一定质量保障，虽然对真正想创业的同学真的只是“启程”而已，但还是会有一定思维上的启发的。
124784,1360,周永广,2020-07-09 06:30:02,21,22,1,我还以为是因为我写瑞幸从一开始就是想炸欺割韮菜所以才得3 结果原来班上没几个上4  集体反应了也不回应 唉
124788,1360,周永广,2020-07-09 11:19:54,15,15,0,创业启程不调分哦，自己看着办吧
124794,1360,周永广,2020-07-10 17:58:35,104,123,19,①不把学生当人。（那就别怪我们不把你当人了，尊重是相互的）\n\n②考试前同学问问题不回复，考试后面对同学的质疑也不回复，估计又聋又瞎又哑，也可能不识字。\n\n③自己都不清楚考试范围，同学考前问考第一版还第二版始终没回复，导致一批同学两版都背了，第二版也没时间复习。（ps：我们知道的考试范围是好心的同学从别的班得知后在我们班级钉钉群里说的。其他各种考试要求什么的也一样，同学们互相解决，消息来源都是“别的班”）\n\n④zyg和他的助教jy强强联手，完美诠释了装聋作哑的含义，用实际行动教导我们什么是最佳的解决方式——别问。同学们起初好生好气求分数细则，zyg一句不要猜疑，对！只要我们从源头上别问，这事就解决了！平时也没空理学生的问题，也没空上课，哪有时间调分啊，更别说考虑线上考题目乱序导致答案出错的问题了。助教面对同学想要看分数的请求，也是已读也不回复，再追问就删人，一个个都别问，这事就解决了。真是聪明极了！\n\n⑤助教给分可好看了，把我们的作业用博士生的水平来衡量的，我们可真是荣幸呢。博士生哪看的上我们这些非相关专业大一本科生的观后感和主观题呢。别的班是基本写了就满分，我们班最好最好的也得三分起扣才配得上博士生的批改水平呢（强/）。主观题估算起来不是逼近0，就是没了一半分。👍🏻你们可真是太棒了。
124802,1360,周永广,2020-07-10 05:12:53,14,15,1,退学启程，选了就准备被退学吧
124804,1360,周永广,2020-07-10 05:19:17,17,21,4,创业20分观后感给了15分 总评直接少5分 期末考试给分巨差 200+大班只有个位数上4 隔壁上4一大把 这也是我这学期唯一一门4以下的拿了3.3 同学讨要说法群里不予理会 总之很差劲的一次体验就是了
124808,1360,周永广,2020-07-13 15:02:22,61,65,4,躲在阴暗处想干什么？
124817,1360,周永广,2020-07-14 00:24:54,37,38,1,解除群聊妙啊
124818,1360,周永广,2020-07-10 15:30:16,9,10,1,只是希望老师能回应一下群里同学们对成绩与平行班同学相差如此之多的质疑。平时真的没讲课，同学问问题也隔好久才回甚至不回。甚至同学问考试范围都能讲错，说自己记错了。给的电子教材版本也是错的。感觉老师真的没把创业启程这门课当回事吧。
124850,1360,周永广,2020-07-13 14:29:43,13,15,2,laji
124851,1360,周永广,2020-07-13 14:37:02,11,14,3,不尊重学生，满分好评
124852,1360,周永广,2020-07-13 14:37:03,16,18,2,这老师不干正事，出了问题助教冲在前面，无语子
124853,1360,周永广,2020-07-13 14:37:15,6,7,1,创业启程，呵。\n\n
124854,1360,周永广,2020-07-13 14:41:24,14,14,0,一人血书莫选，必定后悔
124855,1360,周永广,2020-07-13 14:47:40,17,17,0,平时不管事，出成绩比其他班差很多，面对同学的质疑？对评分标准的询问，依然不管事。最后在群里对同学态度不太友好
124856,1360,周永广,2020-07-13 16:04:34,11,16,5,我说他是头猪，有人反驳吗？
124858,1360,周永广,2020-07-13 16:20:33,16,16,0,"老师：""你丢了浙大的人""\n\n学生：""我干什么了?""\n\n老师：""你把我们做的事情又重复了一遍"""
124859,1360,周永广,2020-07-13 16:36:24,3,3,0,别选。
124874,1360,周永广,2020-07-14 05:48:20,11,12,1,设计思维我真的服气，当了大组长，最后出分80，去质疑，问评分细则，他说没事，他不调分，全班都分低，大组长是你自己要当的，加分对不当组长的人不公平，wtm，一个学期的辛苦感觉就像喂了狗。问了同课程其他班，据说给分都还行。。。\n\n虽然后来他把评分细则发给我之后看到他给全班都少算5分，但是当了一学期大组长专业课只有85分我真的接受不了，特别是在同课程其他班的对比下。\n\n不过也就那样，把分数看淡，吐槽还是要吐槽的，给学弟学妹排排雷。
124876,1360,周永广,2020-07-14 06:48:54,16,17,1,说他给分求是的，硬洗的人，祝你以后工作没有奖金，因为它本不属于你，人要求是，否则就太可悲了。
125036,1360,周永广,2020-08-17 05:17:49,5,6,1,很恶心
126172,1360,周永广,2020-09-18 10:57:16,4,5,1,上课人不在？
127892,1360,周永广,2020-11-30 01:54:38,11,11,0,见过考完后说创启杀我的群吗，zyg让你大开眼界
128788,1360,周永广,2020-12-25 09:58:18,13,13,0,创业启程就是sb课没毛病吧
128834,1360,周永广,2020-12-26 01:01:27,11,12,1,平时网课+BP接近满了，一个读后感，4000字认真写，只给一半的分，平时分硬生生刷下15分，不知道作何考虑。
129038,1360,周永广,2020-12-29 03:58:56,-73,4,77,98满绩了好耶
135030,1360,周永广,2021-04-27 10:25:38,17,18,1,创业启程\n\n没有一次亲身授课\n\n全是网课和测试，期末大作业巨迷\n\n问问题是永远不会回复的，调分是只会往下调的\n\n期末考试主观题基本是一分不给的，最终分数比网课的分数低了好多\n\n如果想亲身体验一门课拉低所有课程均绩\n\n千万不要错过哦
136441,1360,周永广,2021-06-18 02:56:58,-34,4,38,周老师的课还是很精彩的，能够抓住问题的核心，案例和理论结合，小组讨论+系统解析，收获很大！
136786,1360,周永广,2021-06-24 12:56:04,11,11,0,楼上的，读后感20分总评他给我10分，呵呵呵呵呵呵。只能说不把学生当人看，只图自己省事。
137471,1360,周永广,2021-07-04 09:49:17,11,12,1,sbsbsb
137473,1360,周永广,2021-07-04 09:51:50,6,6,0,课脑瘫人也脑瘫
137485,1360,周永广,2021-07-04 12:01:16,8,8,0,让我过吧，让我过吧
149835,1360,周永广,2022-01-17 07:51:04,8,8,0,傻狗。。什么给分
149993,1360,周永广,2022-01-18 08:00:18,8,8,0,快跑！绩杀！别选！
150534,1360,周永广,2022-01-29 05:21:09,12,12,0,傻逼玩意儿😅
154554,1360,周永广,2022-06-02 06:14:31,5,5,0,一言难尽
154749,1360,周永广,2022-06-04 13:45:38,24,24,0,网页7.81，点进去1.78，sb玩意儿
158568,1360,周永广,2022-06-30 08:52:57,-16,4,20,创业启程出分了，最后给分应该跟前面比是正常了。考前认真复习了三天，主要是背了书和98 上的复习资料，最后考试时主观题感觉跟高中政治题很像，我是先写知识点再写材料最后再总结，我写的还是挺多的，最后4.8感觉也配得上付出。
158649,1360,周永广,2022-07-01 03:27:20,15,16,1,海上月是天上月，晦气人教晦气课
158937,1360,周永广,2022-07-03 13:46:02,-23,5,28,创业启程：事少，两次讲座写读后感，另外就是做一份商业计划书；考试内容需要看书和98复习资料复习，考的题基本都是历年的知识点，98上复习资料画的重点很准，分和答题的把握也基本是正相关。不希望创业课占很多时间的可以选周老师的课，就本人而言给分符合预期。
159773,1360,周永广,2022-08-29 04:46:31,0,4,4,无语子
166836,1360,周永广,2023-01-14 01:08:17,8,9,1,傻逼，创业启程给爷挂了，线上学习部分做了，讲座报告交了，期末考试参加了，最后挂了，选了必后悔，真几把傻逼东西
167522,1360,周永广,2023-01-17 03:38:17,11,12,1,这么说吧，成绩出了没有一个人在群里发谢谢老师
182505,1360,周永广,2023-11-16 20:25:38,3,3,0,恶心你
184892,1360,周永广,2023-12-24 05:36:24,7,7,0,参考另一个zyg老师
185413,1360,周永广,2023-12-29 03:19:58,-4,6,10,没注意线上课，老师就第一节课提了一下，后一直到截止都没提醒过一点没刷的人，本人复习考试，才发现有这东西，然后截止了，导致40分直接没了，去问老师怎么办，能捞不，老师直接说，不用来考试了，建议重修，nm，真不把学生当回事，这课说挂就挂了，于是大学挂的第一门就是创业启程。
188156,1360,周永广,2024-01-18 09:46:34,12,12,0,退学启程😅💦
188182,1360,周永广,2024-01-18 11:02:55,6,6,0,别学这狗课
188225,1360,周永广,2024-01-18 12:36:46,9,9,0,乐色课程，给分难看
188238,1360,周永广,2024-01-18 13:07:49,6,6,0,给分勾史一样，别选，期末给分贼低
188336,1360,周永广,2024-01-18 15:54:46,5,5,0,为什么评分系统最低只能打1分，复习了半天任务也好好做最后给了2.7（？）这不是成心为难学生吗，您的退学启程名不虚传
188532,1360,周永广,2024-01-19 07:29:13,3,4,1,别               选！！！！！！！！！！！！
189371,1360,周永广,2024-01-23 12:44:15,8,12,4,"创业启程:\n\n今年线上成绩40%，期末考试40%，一篇2000字的观后感20%。观后感自己认真听了两次演讲，认真写，20得18；线上成绩客观满分，商业计划书给及格分（全班最高分也就30得24离谱），100得88；考试背98真题＋疯狂划书上知识点，100得67（“已经算很高的成绩了”——助教语），不知道那些一天背真题的人怎么考的(～▽～"")，最终3.6\n\n自己是因为彩票系统的离谱排课导致只能选创业启程，且只有他的课能选\n\n真的，别选创业启程；如果不幸选上了，请好好背98真题（知识点和范围每年都差不多）\n\n愿创业之神保佑你"
196529,1360,周永广,2024-07-04 02:34:09,2,2,0,初生老师，给分奇差
210257,1360,周永广,2025-01-08 14:39:42,0,0,0,课是不上的，题是不讲的，就让我们自己看视频，完完全全一甩手掌柜，换我上去都能教
3132,1395,张刚峰,2015-05-16 01:55:19,-2,10,12,给分巨坑不能忍，通识课从来没拿过那么低的
12707,1395,张刚峰,2015-12-24 02:20:23,2,11,9,
38354,1395,张刚峰,2016-11-30 17:12:57,7,11,4,老师很儒雅很绅士，经历很丰富，会拓展一些案例分析，挺不错的。
38366,1395,张刚峰,2016-12-01 03:11:52,-7,8,15,腊鸡老师 就知道装逼 每节课都到作业认真做了考试也不算太差的我绩点爆炸
38368,1395,张刚峰,2016-12-01 03:36:06,15,19,4,讲得很好，老师见识很广。然而给分真的蓝瘦香菇?
38379,1395,张刚峰,2016-12-01 10:35:33,2,5,3,老师不错，认真学
49077,1395,张刚峰,2017-04-20 09:45:59,5,11,6,太能侃了。毫无时间概念的一个老师，拖课15分钟稀松平常
49240,1395,张刚峰,2017-03-30 08:49:07,4,8,4,基本每次都要拖课，短则十分钟，长则半个多小时。。。
50845,1395,张刚峰,2017-05-06 15:53:50,3,7,4,给分巨坑，每次课都到了，平时分也高，最后绩点爆炸，呵呵
50848,1395,张刚峰,2017-05-06 17:31:13,2,5,3,老师很博学。\n\n
50894,1395,张刚峰,2017-05-08 06:27:31,5,9,4,给分巨差，每节课都拖堂，气死
50990,1395,张刚峰,2017-05-11 05:20:41,-6,4,10,MDZZ
51709,1395,张刚峰,2017-06-08 12:25:43,4,6,2,学校能不能管管呀，老拖堂后面的课怎么上
56152,1395,张刚峰,2017-07-03 06:58:31,0,4,4,老师不错
62738,1395,张刚峰,2017-11-26 16:52:24,11,17,6,老师阅历非常丰富，既博学也很有绅士风度。感觉唯一不足的地方是上课时的案例数量太多，发散性太强。给分的话，个人感觉确实不能算非常厚道，不能相对轻松地拿高分，还是要学会很多干货才能考好的。
62815,1395,张刚峰,2017-11-27 04:57:19,9,10,1,每节课都坐第一排认真听，小组作业认真写，考试认真考。绩点贼低。不知道怎么回事。
62848,1395,张刚峰,2017-11-27 06:48:30,2,5,3,老师经历很多，到意大利留过学，周围大老板外企高管朋友不少。算是国际商务里干货多多的老师了。只是周围很多同学得分不好，平时小组作业一定要认真完成。
62873,1395,张刚峰,2017-11-27 08:13:14,0,0,0,老师人很好很温柔，事情也少，两个小组作业。但是给分真的差。
62877,1395,张刚峰,2017-11-27 08:24:38,0,3,3,推荐 不亏 如沐春风
62890,1395,张刚峰,2017-11-27 09:23:09,0,2,2,老师知识面很广，人感觉也很和善，只不过会比较严格一点。两次小组作业好好做，上课听讲，考试前把PPT看一遍，国际商务的分数就不会差的。\n\n
62925,1395,张刚峰,2017-11-27 11:09:46,2,3,1,蛮好的
62933,1395,张刚峰,2017-11-27 11:36:33,2,4,2,老师说课很好！知识面也相对比较广。\n\n相对其他IB老师，这位老师的性价比比较高，绩点方面会比较玄妙。
63155,1395,张刚峰,2017-11-28 23:13:10,0,1,1,上课收货很大，给分也很客观，不做作业不来上课不作展示的给分低也很正常，给分高了才是对别人的不公平
75928,1395,张刚峰,2018-03-22 04:16:11,3,3,0,每次都拖堂，严重影响同学吃饭
78421,1395,张刚峰,2018-05-11 13:57:00,0,0,0,很阔以
78539,1395,张刚峰,2018-05-12 18:14:17,0,1,1,劝不是人资的同学不要选张老师，不知道为啥班群也是在人资的另一门课上组的（我们一个整组外专业的大概到倒数第二三节课才知道这门课有班群？？？）考试有些内容形式也会在人资的另一门课上说，外专业的都是最后知道的。
90787,1395,张刚峰,2018-11-26 05:03:51,1,4,3,上课无聊 绩杀
90806,1395,张刚峰,2018-11-26 07:19:59,2,2,0,给分不好
90812,1395,张刚峰,2018-11-26 07:51:38,2,4,2,老师虽然讲课blablabla 给分还可以
90891,1395,张刚峰,2018-11-27 05:57:15,1,4,3,老师意大利留学回来，英语感觉不是特别得好，口头禅比较多，但是书写很漂亮，有种意大利花体的感觉。\n\n老师阅历，比较丰富，人也比较好，但是课程内容有点无聊，但是如果认真听，能够学到不少东西。\n\n给分比较严格，按照两次小组作业加考试，考试个人觉得虽然是开卷，但是难度也比较大。\n\n总之，是一门比较要很认真，用心学才能有收获，拿到好成绩的课
108172,1395,张刚峰,2019-05-16 03:57:15,3,4,1,拖堂拖一年
112004,1395,张刚峰,2019-07-03 06:54:58,3,3,0,总之，我专业课里最低分数的课，本专业避无可避，外专业....但凡有机会都别选吧\n\n拖堂常态
114448,1395,张刚峰,2019-07-10 03:22:57,0,2,2,上课无聊，考试题很迷，给分超差，我的通识课里没见过这么低的分
114532,1395,张刚峰,2019-07-10 11:30:13,0,0,0,跨文化管理，上课讲得挺好，然而毫无时间观念，拖课是家常便饭，短则五分钟，长则半个小时。给分不好，考试的很多题目是上课讲得案例，个人感觉题目里信息都没给全，如果上课没听或者不记得了就玩完。
118632,1395,张刚峰,2019-10-30 00:38:44,-1,0,1,挺不错的
119785,1395,张刚峰,2019-11-16 00:06:27,-1,0,1,老师超棒！！
119856,1395,张刚峰,2019-11-16 08:22:16,0,1,1,嗷，怎么会有这么有趣的老师，经历丰富，上他的通识课就跟听故事一样，作业也少～老师人也很好，有问题会认真细致地解答。只要上课认真听了考试真的不是问题！（记得看课本噢）
119861,1395,张刚峰,2019-11-16 11:00:54,0,2,2,非常好的一个老师。老师阅历丰富，上课也非常有趣。偶尔拖堂，但也是为了补之前放假的课。是个非常有责任感的好老师！！！一定要选他！！
119913,1395,张刚峰,2019-11-17 00:28:59,7,7,0,给分一般
119974,1395,张刚峰,2019-11-17 02:38:35,2,4,2,有三次点名，两个小组作业，其他的事情统统没有！！也不发言也不鹅颈！上课虽然是全英但是总喜欢举各种例子就很愉快。考前看中文课本+ppt=够用。如果想拿高分上课要认真听（有好几个题是上课讲过的但自己没记住，血的教训qaq）确实是不知道怎么给分，但是我只能说，真香！
120016,1395,张刚峰,2019-11-17 05:00:57,11,11,0,给分巨差，有时候上课拖堂严重，但是老师知识面很广
120019,1395,张刚峰,2019-11-17 05:05:21,8,9,1,被绩杀了?
120038,1395,张刚峰,2019-11-17 06:58:50,6,7,1,绩点真的很不理想
120042,1395,张刚峰,2019-11-17 07:27:42,6,6,0,老师人是真心好 非考试分也都尽量给高了 但是绩点是真心难受 感觉考试太难了
120336,1395,张刚峰,2019-11-29 00:50:43,1,2,1,有趣，认真听的话可以学到好多东西，上课不要太水，考的很多内容都是上课讲的，虽然课本上也有，但是上课不认真听的话会找不到。
121452,1395,张刚峰,2019-12-16 04:13:58,3,3,0,认真听不水，并且有国际文化知识基础，作文认真写，4.5没问题。
124617,1395,张刚峰,2020-07-04 02:16:33,0,1,1,老师课讲得很好，上课非常轻松有趣，见世面很广，如果单纯想学东西的可以选，是我上过的最有趣的课之一。但追求分数的话慎重吧，评论说给分不太好是有理由的 大一结束了，它仍然是我最低的一门课，和我的学年总均绩相差了0.84
127220,1395,张刚峰,2020-11-15 06:56:46,11,12,1,我去过埃塞俄比亚，那里的削土豆很纯粹
127964,1395,张刚峰,2020-12-01 12:16:23,0,0,0,老师很好～英文难顶qaq
142759,1395,张刚峰,2021-11-16 03:16:40,0,3,3,老师人超级好噢！！！感觉上课的内容很丰富老师自己的见识也很广泛噢，英文上课也没有想象中的那么难顶啦。基本上好好复习ppt就好啦，期末开卷滴！
142760,1395,张刚峰,2021-11-16 03:16:40,-1,2,3,老师人超级好噢！！！感觉上课的内容很丰富老师自己的见识也很广泛噢，英文上课也没有想象中的那么难顶啦。基本上好好复习ppt就好啦，期末开卷滴！
142761,1395,张刚峰,2021-11-16 03:16:45,6,6,0,最开始上全英文超级抗拒，但是老师都会用中文讲一次，而且英文的一些case真的很有意思！总之上课体验不错！\n\n考试内容客观题和小测重合度很高，好好看小测题考试也不会差！\n\n只是可惜我是在复习回看智云的时候才发现老师的好的
143884,1395,张刚峰,2021-12-10 05:18:57,-1,0,1,很好的老师，见识很广，也很有耐心
161115,1395,张刚峰,2022-10-27 12:34:10,1,1,0,老师人特别好！！可以算是管院给我留下最深的印象之一了，上课旁征博引，见识广博，为人谦虚善良。老师是一位十分具有人格魅力的人，退休之后想去边疆为孩子们公益上课，平时的生活中路遇不平也会拔刀相助。真的很庆幸国际商务选择了老师的课程，收获到的远远比课程本身多。
162617,1395,张刚峰,2022-11-29 13:09:32,4,4,0,平时分按座位给真的exm？反正坐在中后排但是每节课都好好做笔记的我是很无语
162618,1395,张刚峰,2022-11-29 14:56:51,1,1,0,国际商务事情可能会有亿点点多 但是老师给分真的很不错！
162619,1395,张刚峰,2022-11-29 15:01:05,6,6,0,虽然给了班里倒数第六的成绩，但是不怪老师，纯粹我自己垃圾没有听课。老师还是很好的。全班30%90分以上的 只有五个80分以下。我就是那个80分
162626,1395,张刚峰,2022-11-30 02:16:55,2,3,1,老师非常和蔼可亲，问他问题会回复得非常详细（由于老师可能是夜猫子，经常十二点多了都还在回复同学）。上课确实能学到很多，也能听到一些有意思的故事，比如他的墨镜和在罗马喝咖啡的经历。给分的话老师已经尽量在往高给了吧，老师也在群里说受限于30%优秀率所以只能调一下了。总之非常推荐。（PS:平时上课最好多坐前两排，多线上线下和老师交流，张老师很看重平时的态度~~）
162755,1395,张刚峰,2022-12-05 18:22:50,9,9,0,哎 给分真的不行 给平时分的方法真的是大开我眼界 讲课说实话一般。
163287,1395,张刚峰,2022-12-12 06:37:22,3,3,0,事巨多，不推荐
184611,1395,张刚峰,2023-12-22 02:55:19,0,1,1,国际商务，全英文，作业有点多，每节课后有线上quiz，有小组作业一次展示，还有一次小组作业合写论文综述，期末考开卷，平时小测认真做了就不会差，上课内容很丰富，案例多，老师非常喜欢点名，秋学期点了十次，是付出和回报正比的，想水绕。最后4.5。
191805,1395,张刚峰,2024-04-30 10:48:56,8,8,0,我的评价是逆天。\n\n因为老师自己的原因欠了一节课，竟然在不问学生意见的情况下，要每节课后拖堂二十分钟来补课，二十分钟！我读高中时都没有老师拖过二十分钟的堂。\n\n拖堂也就算了，竟然在拖堂里二十分钟的最后一分钟扫码签到……\n\n有些同学已经提前安排好事情走掉了，那就不用签到了呢？\n\n而且蜜汁自信，觉得自己课上的很好，开口就是：“我教这门课已经十多年啦。”课上的每一分钟都是煎熬……
192850,1395,张刚峰,2024-05-31 04:04:13,0,0,0,．，，
193725,1395,张刚峰,2024-06-16 13:58:28,2,3,1,必定拖堂，二维码签到就开一分钟
219101,1395,张刚峰,2025-05-21 11:11:18,0,0,0,跨文化交流\n\n偏见太大，对于各国文化没有新颖观点。德国人严谨，日本人爱干净，中国人世故...这刻板印象小时候都抱过我了。我就问了，没有新东西比营销号好在哪？
24042,1397,王婉飞,2018-12-26 11:34:48,0,3,3,我们要休闲！放松！人必须放松！
24244,1397,王婉飞,2016-04-28 23:27:07,8,11,3,喜欢秀莫名其妙的人赢优越，却难以感受到真材实料的学识。
60999,1397,王婉飞,2017-11-06 16:55:58,-5,1,6,Good teacher
74817,1397,王婉飞,2018-04-10 08:05:11,3,5,2,当老师说这门课是提升幸福感的课的时候我知道我的划水生涯开始了
83824,1397,王婉飞,2018-07-11 09:07:04,5,5,0,做了很多，上课很水，给分4.2是均绩吗，心累
106144,1397,王婉飞,2019-04-25 08:40:55,4,4,0,一种猫在挠心的感觉，纠结。
108271,1397,王婉飞,2019-05-19 02:46:56,1,1,0,喜欢重复吹自己的个人成就，但授课过程中丝毫没有感受到任何干货。
111779,1397,王婉飞,2019-07-02 22:43:17,3,3,0,每次上课都在匆匆忙忙地翻PPT，必提休闲改变人类生活。课外补充材料极多，然而考试把书带去就好，总体来看可水。
111835,1397,王婉飞,2019-07-03 00:39:25,5,5,0,上的休闲管理，老师人还不错的，课的内容嘛我感觉其实更像是导论 很系统，但不深入。每节课都会签到，但是有很多人代签，或者迟到了还是给自己签名，对每次都早来的同学不太公平。中间有一次调研，蛮好玩的。开卷考，班长发了开卷考补充材料，打印了好久也花了钱结果考试只看书就行。（ps作为班长能不能别老是迟到，还次次迟到很久
118437,1397,王婉飞,2019-10-27 05:10:04,2,2,0,博士生的课完全没学到任何与研究有关的内容。整堂课都在空谈概念，很明显就是没有备课，同时对相关领域没有深入研究的结果。不排除该老师蹭学生成果的可能。
133500,1397,王婉飞,2021-03-01 10:13:37,0,0,0,上课3节，2节半都让学生展示，剩下半节就在匆匆翻ppt，整个学期不知道学了什么。。
451,1407,周洁红,2015-03-15 02:36:50,1,7,6,上课基本都讲课本上东西，内容挺有趣的吧，可以学到不少。课后小组讨论多，几乎每周开会。我那次考试特别水。
4501,1407,周洁红,2015-06-24 04:09:52,0,2,2,好
13363,1407,周洁红,2015-12-27 08:36:43,5,11,6,考试周前作业多到哭TAT
13397,1407,周洁红,2015-12-27 15:17:14,21,26,5,讲课话很多，仔细听其实没什么内容，价值不高
14507,1407,周洁红,2016-01-07 09:54:01,1,4,3,价值不高，感觉上课讲到哪里算哪里
16749,1407,周洁红,2016-01-19 01:56:36,2,2,0,感觉上课在自嗨
20717,1407,周洁红,2016-01-30 07:40:07,5,9,4,很有思想的女教授，讲课能够结合时代，很了解目前商业发展的前言；但是讲课有点脱离课本，并且有点随意。想学营销学知识的话不建议选，但是可以听一听周老师的思想。
33511,1407,周洁红,2017-01-25 11:17:39,10,11,1,课水，事情倒是不水，因为多到炸，给分低
34099,1407,周洁红,2016-11-22 03:58:17,0,0,0,医学知识也错了，用的平时自己看的公众号知识来传授吗。\n\n
40165,1407,周洁红,2016-12-29 15:24:29,0,0,0,希望老师这次给多点
46404,1407,周洁红,2017-01-21 13:25:29,8,11,3,？？？\n\n给分略差，不能接受
46556,1407,周洁红,2017-01-22 02:44:45,0,1,1,上课没什么东西，给分很差。。。
46585,1407,周洁红,2017-01-22 03:16:55,3,6,3,平时事超多，每节课都有作业和堂测，还有各种小组评分，上课也不知道在讲什么，最后给分超差。奉劝别选。
46688,1407,周洁红,2017-01-22 07:12:50,5,7,2,别的我不知道，市场营销感觉老师已经尽力调高分数了……为了照顾留学生考试挺多客观题，而且有些是平时小测里出过的
46693,1407,周洁红,2017-01-22 07:24:29,1,2,1,市场营销还好，平时比较会为学生着想，考试也不难，就是讲话确实听不出重点
48808,1407,周洁红,2017-03-13 11:16:49,0,0,0,事情是有点多，但认真读的话，老师给分还好。
51562,1407,周洁红,2017-06-07 06:48:20,1,1,0,作业很多给分严格
59370,1407,周洁红,2017-09-21 05:08:28,1,2,1,迟到一次1.5，请假一次1.5，发言一次0.25，每堂课前测验2.5一共13次，上课废话连篇果断退
61333,1407,周洁红,2017-11-14 15:03:29,5,7,2,e。看了评论发现对她听不友好。\n\n我觉得周老师很好a。考试嘛，我们这个班好像没有期末考试，随堂测试是多，但是都是些基础知识，从课本上就能找到的，而且不多，五分钟。\n\n讲课不评论，因为我没有十分十分的认真听，而且这门课就是要自己课下多看课本啊。\n\n我是周老师的督导，自认为虽然不优秀但至少没给老师搞砸事。感觉在工作过程中也学到了很多，管理学收获挺大的，老师很和蔼，很多事情都非常为学生着想，平时工作有机会也会告诉一些经验建议。\n\n对了关于点名。老师没点名，是让督导统计迟到的。所以想水课的同学还是别选了。
63634,1407,周洁红,2017-12-11 03:54:47,3,4,1,Deadline太短，作业deadline超级短。进度太快了，没时间准备。
65180,1407,周洁红,2017-12-30 06:31:40,1,1,0,讲得很快听不懂
75805,1407,周洁红,2018-03-19 02:22:39,0,0,0,还行？
87933,1407,周洁红,2018-10-18 03:27:52,0,1,1,还不如看书
88154,1407,周洁红,2018-10-23 06:40:18,8,10,2,管理学线上线下结合以后，基本靠自学和mooc吧....老师上课只回答问题不讲课，而且缺乏系统性，学不到什么，偶尔有一两句金句（但是很零散）。想说上管理学挺难受的，一切都是为了绩点，为提问而提问、小测太容易作弊....很难静下心来思考学习，静下心来了吧又发现学不到啥东西。
88392,1407,周洁红,2018-10-30 05:08:17,0,0,0,几乎不讲课本
88704,1407,周洁红,2018-11-06 06:31:32,1,1,0,还不如不听，自己学。上课都是废话。
90017,1407,周洁红,2018-11-22 00:42:52,7,7,0,老师上课很认真，很努力地分享自己的观点，相比那些毫无自己想法只懂课本的老师不知好了多少。管理学课程设置本身如此，并非老师的错误。老师也很努力地给大家高分，上一门课能学到东西的感觉还是很不错的。\n\n
90270,1407,周洁红,2018-11-23 02:17:43,9,17,8,老师很负责认真，但上课我真的不太听。\n\n课水，事情不水。。。\n\n但是我认识了一个我喜欢的女生。感谢这门课，庆幸当初没退课。
91477,1407,周洁红,2018-12-11 07:35:23,3,3,0,一整节课都在讲。。。。但是真的听不下去。。每节课都有考试，基本靠自学，每周都有小组作业，如果每个都认真完成还挺费劲的，没有期末考试，挺好
92300,1407,周洁红,2018-12-27 14:26:36,1,2,1,差劲！不如自学！
97285,1407,周洁红,2019-01-22 07:50:39,0,2,2,讲课很差，没有干货，但是确实认真负责。而且作业相比其他管理学老师算少。助教人还可以。但是小测不让看书，特别烦。上课可以做自己的事情。通过这个课认识了很好的同学。看在没有绩杀我的份上，给8分。
97370,1407,周洁红,2019-01-22 08:25:25,0,0,0,给分好，人很好，事情少
97471,1407,周洁红,2019-01-22 09:13:05,4,5,1,之前选的时候一直很担心，上了之后才发现没有查老师上说的那么差，给分也还好没有绩杀啊。周老师经常会分享一些自己的经历，是个很有想法的女教授
97479,1407,周洁红,2019-01-22 09:17:31,4,4,0,上课挺一般的，但是人还好。这学期遇到了很好的小组成员，最后得分不错。上课确实没有什么好听的，比较水，好好做课下打分的作业。
97825,1407,周洁红,2019-01-22 22:59:20,2,2,0,没有评分的那么差\n\n虽然有点啰啰嗦嗦的（哈哈哈）但是人其实很好，思想也有一定深度\n\n给分还行，与付出匹配了
98386,1407,周洁红,2019-01-23 11:44:25,2,3,1,不太理解其他人的评价。听老师的课能收获很多知识，如果你们还能放下焦躁的心静下来享受管理学的话。
122232,1407,周洁红,2020-02-20 08:15:11,0,0,0,老师很耐心，助教也很耐心，
123794,1407,周洁红,2020-06-14 09:04:58,2,2,0,没有前面有些同学说得那么差。选课时不知道，选上课才发现班内很多是体育生，纪律有时候确实差了点。当了组长，比较辛苦（如果成员不是体育生应该好一点，没有贬低的意思，只是他们有时候不是特别在意成绩..），有一个作业忘记互评了扣了三分，最后92卡绩了，不过我觉得还是可以接受的。认真听的话，老师还是很有经验和学问的（虽然我经常在水..）
126132,1407,周洁红,2020-09-18 03:27:25,0,0,0,老师有点水，就是很能扯一些没用的，三节课下来没收获多少干货，都在讲自己以前呀成就呀什么的，进程慢，而且规矩有点多，但看起来不算凶
129986,1407,周洁红,2021-01-14 15:22:40,6,6,0,虽然平时一直觉得事情很多，老师上课讲得很多以答疑和分享为主，以至于我整个学期都在摸鱼，从来没听过哪怕一节课，浪费了自己很多时间，也什么都没有学到。平时也常常吐槽老师这个不好那个不好，但是现在结课了还是有点感伤。平心而论老师挺好的，课程水是管理学本身设置的问题，老师也很努力的一直在想办法增强课堂的趣味性了，有的时候也很可爱。很后悔自己之前没有那么尊重她，夸夸老师，也祝老师万事胜意。\n\n顺便球球自己得分好点，拜托啦
131175,1407,周洁红,2021-01-26 11:06:21,0,0,0,老师很认真负责，讲课不太按照课本来，但会拓展很多东西
131374,1407,周洁红,2021-01-27 08:52:11,0,0,0,老师还是很好滴，给分也不错啦，从作业中还是收获很多的！
131409,1407,周洁红,2021-01-27 11:42:59,4,4,0,管理学上课有点无聊，但给分还是不错的
131465,1407,周洁红,2021-01-27 15:12:49,0,0,0,课水事情有点多，但是老师挺用心的，也经常让我们提建议。最后真的感觉她挺温柔的，给分也不错
147824,1407,周洁红,2022-01-11 03:03:26,0,0,0,老师给分好好哭了小测认真作业认真老师是很好的老师很亲切认真！
148664,1407,周洁红,2022-01-13 06:57:42,6,6,0,老师给分挺好的啊，应该只要认真完成小测个人小组作业分都不会差的，管理学课程确实事情比较多而且理论学习没什么值得听的，但是给分还是比较厚道的。
148773,1407,周洁红,2022-01-13 13:00:18,1,1,0,老师人还不错，给分还行，但感觉对课程不够用心，各种ddl不明确，有一次在没有提醒的情况下在慕课设置了提交通道。互评环节也挺不公平的。
150930,1407,周洁红,2022-02-21 06:39:45,1,1,0,虽然事情比较多但是上老师的课还挺开心的
151479,1407,周洁红,2022-03-04 08:29:49,5,6,1,我直接给周老师10分好吧！！！管理学学不到东西是课程设置的原因，哪个老师上感觉都差不多，但是周老师真的蛮好的，上课会讲很多例子，也很认真地听取同学们地意见在改进。最重要的是给分真的好，作业有认真完成成绩都不会差的（甚至可以说很好！）\n\n而且周老师真的很亲切！
163309,1407,周洁红,2022-12-12 11:19:13,-1,0,1,人挺好
166295,1407,周洁红,2023-01-11 18:38:31,0,1,1,老师很好，挺认真在上课
184447,1407,周洁红,2023-12-20 02:09:14,1,1,0,呵呵。
214039,1407,周洁红,2025-01-23 06:35:47,1,1,0,给分好差。。。
35797,1439,窦军生,2016-11-10 08:12:58,2,3,1,战略管理教材里有啥错误啊 哭
36797,1439,窦军生,2018-09-15 03:16:10,4,13,9,这种课放在大四上简直就是毁绩点毁实习！差评！
36811,1439,窦军生,2016-11-16 06:28:02,0,4,4,老师讲课还是很投入的吧，PPT上全是图片主要就靠讲，听一听还是能有所收获的。但是上课属于传统的那种，喜欢乖乖听课互动写作业的孩子，因为实习而请假太多的话不喜欢。多多刷存在感是有用的。
51812,1439,窦军生,2017-06-11 10:18:39,-2,5,7,我觉得老师上课很好啊
56718,1439,窦军生,2017-07-04 12:23:33,-4,3,7,不错的
59812,1439,窦军生,2017-09-27 07:08:34,4,13,9,多方了解，整个课程组都是。。。┐（─__─）┌\n\n一共8周的课，讲了三节课还在讲“啊！战略管理这门课是多么的重要”┐（─__─）┌\n\n
61173,1439,窦军生,2017-11-10 01:11:39,6,8,2,老师语速太快了，讲课算投入的，但是感觉视野不高思维不前沿化
61836,1439,窦军生,2017-11-21 07:29:31,3,5,2,唉，都是泪，老师真的给分，很不怎么样啊
79006,1439,窦军生,2018-05-20 05:40:30,3,5,2,考勤特别严格，周末上课也不允许有事请假...可是不可能没事吧...非常没有人情味了。\n\n另外讲的真的很没意思...自己却不知道...比管院大部分老师的教学要差多了...\n\n非常枯燥还逼着大家听
81457,1439,窦军生,2018-07-05 06:30:19,3,5,2,emmmm
100472,1439,窦军生,2019-01-26 07:27:16,-3,4,7,刚上老师的课可能有些不适应，可能是因为年轻的原因，一些方面的积淀可能确实没有这么深。后来上课上着会发现老师人很好，也很认真负责，创业战略每次作业都会很仔细地批注给建议，给分也很好
112291,1439,窦军生,2019-07-04 00:56:57,5,8,3,其实没什么干货 \n\n和魏老师比起来还是有很大的差距\n\n给分也很一般\n\n心碎了
112343,1439,窦军生,2019-07-04 02:21:44,9,11,2,ITP的课 也不能说什么了当初也是自己跪着要上的，但是真的没啥好上的 什么都没学到 内容非常非常虚，布置作业的考核形势也相当玄学，不懂了这叫高水平？？？感觉相当浪费生命嗷
112344,1439,窦军生,2019-07-04 02:22:02,5,7,2,垃圾 垃圾 垃圾
113153,1439,窦军生,2019-07-06 00:34:07,5,7,2,请老师珍惜学生的劳动成果，我们已经这么努力了，您何必为难学生呢，您说是吧
114530,1439,窦军生,2019-07-11 11:03:54,3,5,2,太差了
116081,1439,窦军生,2019-09-08 15:13:02,4,4,0,高大上的课，不过得认真听
118814,1439,窦军生,2019-11-06 12:21:22,2,5,3,还没有考试，也没有出成绩，但是先给一个9分\n\n很疑惑为什么查老师给窦老师这么糟糕，我觉得很多东西完全不是很多人说的那样\n\n首先老师是一个很正统的老师，上课会着重讲很多经典理论，但是老师并不是不接受大家新的理论想法，大家有意见老师都会很耐心解释。另外实际上，我觉得老师说的很有道理，很多经典理论真的没有过时，只是思考的方式需要改变。\n\n老师上课也挺有趣的，是一个很博学的人，不要先入为主，多和老师互动，有问题就提出来。\n\n给分可能确实不好，但是whatever，我觉得可以是一个可以学到真东西的老师，仅供参考
127494,1439,窦军生,2020-11-23 13:25:37,1,1,0,赞赞.
130146,1439,窦军生,2021-01-18 05:08:00,2,3,1,最差的水货老师，上课完全没有料，浪费时间，还变着花样点名强迫听课。考试题乱七八糟，分给得也相当吝啬。
136476,1439,窦军生,2021-06-18 11:23:56,0,0,0,上的是ITP的创业战略，感觉老师很好，博学、幽默，而且只要你积极一点，老师会很乐意记住你。我上ITP不是为了刷绩点，不管最后分数咋样，我是不后悔上这门课的。
143806,1439,窦军生,2021-12-07 08:09:32,3,3,0,客观地说，老师考勤只是为了督促大家能够自律多来上课，在课堂上多学一些知识，毕竟能够在学校认真听课的机会是有限的，最后也不一定会因为考勤的事情扣大家分，有疑问老师也会耐心地解答~顶一下
154108,1439,窦军生,2022-05-23 09:17:19,0,1,1,窦老师的课程很棒，而且回答问题很细致！
154341,1439,窦军生,2022-05-30 13:54:31,3,3,0,创业战略讲得很好，有互动，疑问老师也会耐心解答，顶一个
177035,1439,窦军生,2023-07-01 08:14:05,0,0,0,ITP认真上课的老师
181251,1439,窦军生,2023-10-12 07:03:48,7,7,0,站在风口上 猪也能飞起来
181546,1439,窦军生,2023-10-22 10:58:35,1,1,0,上他的课真的浪费时间精力。。。无语
181968,1439,窦军生,2023-11-07 02:52:51,2,2,0,在战略管理说课上得太多没有意义，建议我们去和学校说取消一些课程的时候就好像古代皇帝在批判封建皇权。
183622,1439,窦军生,2023-11-28 02:57:42,9,9,0,哎哟我去今天说请我们喝奶茶你短暂是我的神一天
188891,1439,窦军生,2024-01-20 11:33:37,1,3,2,窦老师真的蛮像我高中班主任的（笑\n\n前两节课莫名像思政课，后面挺有意思的。战略管理这门课确实教会了我许多分析工具，还有一些思维上的思考\n\n给我的分数意外地很好，比我预期的好太多了（可能是上课老是说绩点的事情把我搞怕了hhhh\n\n还有一件事请记住老师的名字怎么写，考试的时候不会写窦真的很尴尬哈哈哈哈
189635,1439,窦军生,2024-01-26 08:11:15,-1,1,2,非常好
199212,1439,窦军生,2024-09-19 08:16:51,1,1,0,非常不好。
199561,1439,窦军生,2024-09-25 11:07:26,0,0,0,很一般。
213827,1439,窦军生,2025-01-20 07:30:36,-2,0,2,老师人很好，但是前几节课有点扯➕水水的\n\n后面的课比较有条理\n\n给分不知道，因为听说老师会认人所以我会坐在很前面，所以分数很高，有些同学觉得不是很满意\n\n作业略多，有很多文献阅读和pre分享
218028,1439,窦军生,2025-04-19 10:00:53,0,1,1,前几节课确实水水的）但是感觉后面的课还蛮清楚的，一节课一个知识点\n\n作业是每周都有一个小组pre，星期三的课星期一确定哪个小组pre，所以蛮紧的\n\n最后交一份小组大作业，大家一通乱卷\n\n听说老师会认人所以坐在很前面然后老师也认识了我，最后4.8感觉受宠若惊\n\n老师感觉人蛮好的
57146,1440,丁关良,2017-07-05 17:09:41,0,0,0,上课讲课很生动，不拘小节
3222,1459,许小东,2018-08-27 03:29:51,-5,12,17,傻逼老师
6442,1459,许小东,2015-07-14 03:59:55,14,17,3,人超级nice，注重引领思想而不是单纯填鸭
24218,1459,许小东,2016-04-28 12:23:04,4,6,2,爱！老师超亲切！
26588,1459,许小东,2016-06-20 08:13:11,3,3,0,老师蛮亲切的，上课老点人起来回答问题，上课也不是全无收获
28106,1459,许小东,2016-06-28 08:06:56,2,3,1,老点人资的同学...不过上课还挺活
32598,1459,许小东,2016-07-08 03:46:25,1,5,4,给分巨差
32642,1459,许小东,2016-07-08 11:52:13,0,2,2,给分挺好的，最后会给重点，背了都能写出来。上课经常点人回答问题。
34151,1459,许小东,2016-09-27 15:18:22,3,3,0,像我爷爷 很亲切
34651,1459,许小东,2016-10-17 09:15:26,0,0,0,很和蔼很有趣
37143,1459,许小东,2016-11-17 14:30:21,0,0,0,不点名 但是抽回答问题；人挺好就是课有点无聊，拖堂
37760,1459,许小东,2016-11-21 01:28:17,2,3,1,没条理
60065,1459,许小东,2017-10-09 08:15:47,0,2,2,跑题和自言自语是日常
62154,1459,许小东,2017-11-23 00:03:54,4,4,0,太感动了，我一个外专业没修要求预修课程的拿了满绩，老师挺好玩的，虽然好吧我并没太听懂，但是论文好好写，买一本他编的书把考试内容整理一遍，还是能拿高分的
90065,1459,许小东,2018-11-22 04:27:51,0,0,0,明明背也背了 上课也认真听了 感觉考试的都能写出来 但是出分莫名其妙 完全不懂为什么那么低
119722,1459,许小东,2019-11-15 03:35:33,0,0,0,没啥干货
2626,1542,刘渊,2015-07-18 11:22:39,18,31,13,不能翘课，讲的很厉害，我仔细听也不能完全听懂，两次小组展示，每次我都好好干，都是我去讲的，最后大作业改了又改，尽我最大可能去写了，竟然刚刚80出头。。。
7520,1542,刘渊,2015-09-15 01:47:56,20,35,15,不明觉厉
11378,1542,刘渊,2015-11-29 10:43:13,10,18,8,讲得是挺好的，分数给得一般。
11433,1542,刘渊,2015-12-01 06:40:42,2,13,11,很厉害 讲的很好 开拓眼界必选的课
12692,1542,刘渊,2015-12-24 02:07:13,0,11,11,特别有眼光有见解的一个老师。认真听他的课会学到很多。至于给分我觉得很合理，分高不高只取决于你有没有真的学好。。。
14678,1542,刘渊,2016-01-08 08:40:30,-5,4,9,干货满满
18663,1542,刘渊,2016-01-22 08:48:36,0,8,8,第一节课就说大一的不适合选这课，然而我听下去觉得听不听得懂和大几没关系啊，老师是不是对这课太自负了，最后给分挺低的，不知是不是因为我大一\n\n
24706,1542,刘渊,2016-05-03 07:08:30,-9,3,12,电子商务概论三次小组展示+文献综述+考试  事情不少 老师讲的很好  给分也不错
35049,1542,刘渊,2016-10-31 12:39:43,-1,10,11,老师讲课真的很厉害\n\n他的眼界真的很开阔 看得很长远\n\n是很好的通识课
35583,1542,刘渊,2016-11-10 07:29:18,-3,1,4,老师真的很厉害，知识很渊博
36085,1542,刘渊,2016-11-20 01:02:12,2,2,0,真心不懂-_-#选太早了
36401,1542,刘渊,2016-11-13 03:19:56,-1,2,3,干货还是挺多的，就是有时会感觉有点玄虚。建议上课把老师精炼的一些观点抄下来，期末作业有用！！！
36415,1542,刘渊,2016-11-13 09:16:04,16,21,5,强调对学生思维的锻炼，不过总体来讲比较虚，翻来覆去讲电商的优点，本质上是一样的。考试很坑，都是一些技术层面的东西，上课从来没提过，貌似是在百度文库里摘的，搜电子商务考试就能搜到。
37634,1542,刘渊,2016-11-20 01:45:35,-9,1,10,老师人超级好，讲课也超好，学到很多，给分不错。
37648,1542,刘渊,2016-11-20 03:22:21,1,3,2,要是真正在作业里渗透老师的思想得分会比较高，但是上课也要发言什么的，小组作业也要重视，总之就是要真正领悟老师的思想
37650,1542,刘渊,2016-11-20 02:45:58,30,33,3,分低\n\n作业那么认真\n\n分还那么低\n\n好气
37683,1542,刘渊,2016-11-20 06:05:39,19,24,5,课看似很神，实则肤浅，无聊的水课，给分还低
37702,1542,刘渊,2016-11-20 09:45:42,0,7,7,课不错，老师很有想法，给分泪流满面
37708,1542,刘渊,2016-11-20 10:30:09,-2,0,2,听课是一种享受，给分太折磨人，泪流满面
37718,1542,刘渊,2016-11-20 11:25:44,0,3,3,给分不太好。
37735,1542,刘渊,2016-11-20 12:40:07,-2,0,2,很有眼界，给分还行吧
37743,1542,刘渊,2016-11-20 15:02:37,-1,3,4,老师人很好，只要好好听课，用老师教导的新视角新思维写作业可以拿到不错的绩点的
37784,1542,刘渊,2016-11-21 04:36:48,-1,2,3,干货满满，学到了很多东西。作业认真做了，但是绩点不是很好。
37896,1542,刘渊,2016-11-22 00:42:12,-6,2,8,小组讨论+ppt+1500字。座位按顺序。水水课还是可以，作业完成就行。想听得也能长见识。给分一般。
37948,1542,刘渊,2016-11-22 07:30:08,-5,5,10,老师壮志凌云，很有见地
38395,1542,刘渊,2016-12-02 02:45:24,-8,2,10,给分很好讲得很好
38555,1542,刘渊,2016-12-08 11:29:01,-3,1,4,老师很有思想
39198,1542,刘渊,2017-09-19 10:34:51,-16,4,20,按位置坐，相当于点名，水 一学期没听 展示做ppt水水过 论文用些思辨的观点 4.2\n\n
51864,1542,刘渊,2017-06-13 02:27:45,10,11,1,为什么他分组是把信管专业的放一起，管院其他专业的放一起，非管院的放一起....留学生和非信管专业或非管院的一起....基本上留学生都扔给非管院的学生...我是非管院学生，然后一个小组除了我都是留学生，明明不是本专业的，了解得也不多，还和三个留学生一起，小组作业每次被坑死?无话可说...老师能不能善待一下其他学院的学生...反正最后只有3.9?
62788,1542,刘渊,2017-11-27 03:28:12,5,6,1,绩点爆炸
63210,1542,刘渊,2017-12-01 03:45:27,-22,3,25,上课认真听认真做笔记，几乎不玩手机，积极发言，用心写字数多的论文，4.5。虽然给分不够理想，但是老师真的很开阔思路，最后还给我们聚鞠了一躬，很谦逊博学的学者。
63337,1542,刘渊,2017-12-01 02:45:36,14,16,2,績點大爆炸
63340,1542,刘渊,2017-12-01 02:51:40,17,18,1,分低的超乎想象……
63382,1542,刘渊,2018-01-04 04:02:17,22,31,9,讲的东西倒确乎是可以的，只是老师有一种谜一般的自信。对信管专业特别偏爱，如果为了绩点的话非信管专业慎选。最后补充一句吐槽：请问您是浙大教授呢还是阿里的技工呢？
63383,1542,刘渊,2017-12-02 06:33:04,1,3,2,如果用心学能学到很多东西，但是……工科生慎选，如果课前不预习的话基本听不懂课的。
64285,1542,刘渊,2018-01-22 13:07:30,33,35,2,只会自己瞎逼逼，给分就看上课回答问题活跃度，
64353,1542,刘渊,2017-12-23 00:46:27,-17,0,17,老师是一个很有思想的人，经常给人一种豁然开朗的感觉，对课堂发言比较看重，想水的人还是不要选了。绝对的好老师。
64527,1542,刘渊,2017-12-25 02:46:35,17,19,2,当初看了楼上的评价，觉得如果上课有收获给分低也无所谓，就选了电子商务与电子政务。结果非常失望。感觉一直在重复两节课的内容，没有太多干货。而且，， 给分确实非常低。
80664,1542,刘渊,2018-06-29 03:10:18,61,80,19,为什么对于这样的老师，管理学院都是各种赞美各种荣誉？还评为三好学者！试问一个论文和基金完全由学生，并未有指导，整天钻营给政府写报告的老师如何是一个好学者？假大空，跟着他的博士都是怨声载道。猥亵女学生，半夜一两天约男生到家里私聊。两个国家社科项目都是由博士生写的，结题书也是由学生写的，压榨学生，不许毕业，而且完全由学生完成的结题报告都不署名。管院的风气真的很可悲！
87226,1542,刘渊,2018-09-26 01:56:17,13,13,0,无聊透顶。毫无干货。优越感满满。
87839,1542,刘渊,2018-10-15 10:22:15,11,11,0,无聊的水课，什么都学不到
88121,1542,刘渊,2018-10-22 13:13:52,12,15,3,水课，什么都学不到，绩点全看课堂活跃度。想学东西就不要选，毫无收获，自己上网搜搜都比他讲的好，真心不要选，过来人的一件
90367,1542,刘渊,2018-11-23 09:26:34,1,1,0,有点无语
90385,1542,刘渊,2018-11-23 10:26:02,-4,2,6,绩点给的不错啊，平常几乎不回答问题，超乎预料，谢谢老师，上课讲的也觉得挺有深度的，学到了很多
90446,1542,刘渊,2018-11-23 13:29:54,1,7,6,个人觉得老师本身水平挺高的，但是这一门课本身上的一般，老师始终在强化一个概念：技术在社会变革中的决定性作用，文理交融看待我们社会。这个概念是很有启发性，但问题是老师有点重复强化以至于实际内容比较少，所以显得有点水。而且电商电政具体内容也是概念偏多，比较笼统。  \n\n个人的绩点还不错（当然不代表整体），一点经验就是积极发言，发言有加分，然后自己去阅读一些相关的书籍（比如电商电政一些经典课本）来自学，然后认真去准备小组讨论和期末问题，用老师思维方式：什么技术，怎样运用，带来什么样变革可能有帮助。\n\n仅供参考
90472,1542,刘渊,2018-11-23 15:16:30,-9,1,10,哇，没想到绩点还不错诶
90521,1542,刘渊,2018-11-23 23:35:50,0,1,1,课比较水没什么好听的 但上课多发言给分应该不会太低
90825,1542,刘渊,2018-11-26 10:25:21,1,2,1,讲课还行，分给的低，认为管理学天下第一
91101,1542,刘渊,2018-11-30 02:15:15,-4,1,5,老师挺温和的，讲的东西也是有丶东西的，毕竟通识课，没有太多专业层面的内容。很适合合个专业的同学
92794,1542,刘渊,2019-01-04 12:30:54,12,13,1,真不信老师本科是学计算机出身的，感觉一直瞎bb，对人家工科同学还有点微黑。\n\n我就纳闷了，没有人家把技术一步步落实下来，人工智能，算法这些东西怎么来的。而且，恕我直言，人家技术完全走在了你理论面前，你不过是把人家的技术分析一遍。哪来的优越感呢
96063,1542,刘渊,2019-01-20 12:12:24,1,1,0,老师上课讲的貌似没啥用，想拿高分靠个人发言，小组展示很重要，会拉分的，要好好准备，考试就是正常选择，判断，分析（电商概论），怕影响绩点可放到大四上
116784,1542,刘渊,2019-09-16 00:27:52,2,2,0,电子商务概论。上课固定座位。讲课内容很少，想拓宽眼界的可以听，想上专业课拿绩点或者学习得慎选。
117904,1542,刘渊,2019-10-30 00:32:40,3,4,1,因为我们在坐的大部分都是信管专业的学生…
118012,1542,刘渊,2019-10-18 13:16:24,9,9,0,上课像个复读机一遍又一遍讲着类似的观点，而且和课本毫无关系。每次小组展示只给一周甚至四五天时间，要求也很不明确
118242,1542,刘渊,2019-10-23 13:08:24,0,0,0,我是真的觉得没啥用，水一水就过去了，我也尝试仔细听过，但感觉总是空谈，泛泛而谈，要不是为了凑一门当代社会课，我早退了唉
118854,1542,刘渊,2019-11-07 05:08:52,56,59,3,讲一学期课就三句话，1.昨天我又去哪里开会了2.阿里真牛逼3.我真牛逼。
119674,1542,刘渊,2019-11-14 23:46:56,9,9,0,果然是绩杀
119676,1542,刘渊,2019-11-15 00:09:04,12,12,0,我到底是哪里出错了才能给这么低分quq
119680,1542,刘渊,2019-11-15 00:18:05,5,5,0,上课没有回答过问题，必死
119686,1542,刘渊,2019-11-15 00:37:15,7,7,0,讲课差，花了很多力气却给分很低，考试试卷选择题大部分来自百度，与课堂基本无关。研究做得再好有什么用？烂老师一生黑。
119687,1542,刘渊,2019-11-15 00:37:47,1,1,0,垃圾玩意儿
119689,1542,刘渊,2019-11-15 00:42:30,2,4,2,我觉得给分还凑活，但老师讲课是真的水
119690,1542,刘渊,2019-11-15 00:47:24,-3,0,3,老师感觉做研究还挺厉害的，课堂也能学到不少东西，然而绩杀（惨）
119694,1542,刘渊,2019-11-15 01:13:20,3,3,0,不喜发言者还是别选了。事多给分也不怎么样，短学期的课三次小组作业。我寻思给分就是看课堂参与度，考不考期末考无所谓，毕竟期末考是百度上抄来的题目。
119696,1542,刘渊,2019-11-15 01:59:56,5,5,0,讲课炒冷菜，还是个绩杀\n\n
119700,1542,刘渊,2019-11-15 02:11:27,8,8,0,电商专业课，专业课诶还是绩杀。\n\n上课啥也学不到，短学期八周两次小组展示。\n\n上课主要看发言，拼命举手发言的成绩好\n\n期末考试没什么意义\n\n这种老师我一分也不想给
119702,1542,刘渊,2019-11-15 02:38:06,0,1,1,嘴上说着爱信管，伤害信管最深..
119704,1542,刘渊,2019-11-15 02:45:19,-1,1,2,一学期的内容完全可以在三次课内讲完，期末考卷乱出，和课堂内容无关，八周有三次展示
119761,1542,刘渊,2019-11-15 11:26:22,0,1,1,真垃圾
119766,1542,刘渊,2019-11-15 14:36:27,12,12,0,老师讲的很好，只要你顺着老师的思路，就一定能睡个好觉
119802,1542,刘渊,2019-11-16 01:33:50,2,2,0,被绩杀了，如果想选这门课的同学，一定一定一定要积极发言，如果不能保证一堂课至少发言一次那还是别选了
119848,1542,刘渊,2019-11-16 06:10:19,3,3,0,学术不端，为人虚浮。对于想学知识的人来说无法容忍。喜欢谈他的那个崇拜他的女学生。
119986,1542,刘渊,2019-11-17 03:28:45,0,0,0,感觉上完没什么用。。。
120342,1542,刘渊,2019-11-29 10:43:04,0,0,0,变相点名，不得不去，课程极水，给分很迷
120359,1542,刘渊,2019-11-30 06:16:03,7,7,0,水课，阿里，开会，绩杀。
120563,1542,刘渊,2020-01-13 01:02:00,1,2,1,电商电政慎选，课很水，感觉第一节课上完之后，后面的内容都在重复，两次小组展示，最后一节课会有一个开卷的作业，如果不能做到经常发言就做好3.3的觉悟，还有吐槽一下，老师真的很能吹，还有对于工科生的言论不敢苟同
122955,1542,刘渊,2020-04-25 14:32:40,0,0,0,幸好听了两节就退了
125943,1542,刘渊,2020-09-16 02:23:45,4,4,0,上课吹阿里和自己，毫无体验。
126715,1542,刘渊,2020-10-15 03:00:52,2,2,0,每堂课都很认真在听，然而不知道自己听了些什么......................
127639,1542,刘渊,2020-11-25 07:41:51,0,0,0,唉～不知道咋说
127647,1542,刘渊,2020-11-25 09:15:36,2,2,0,第一节课到最后一节内容一模一样，绩点低到离谱，课贼水。为什么不能打零分
127986,1542,刘渊,2020-12-02 08:23:30,4,4,0,第一节课讲一波我初中就听过的大数据和云计算，然后后面的每一门课都是第一天的重演。\n\n上课起来答题硬是能让你站起来再把你晾十分钟。
129235,1542,刘渊,2021-01-02 05:03:41,1,1,0,无力吐槽 真的想骂人，事特别多，一个通识选修比专业课都事多，上课完全不想听。。。
130533,1542,刘渊,2021-01-23 13:24:46,0,1,1,🐶🐶🐶
130545,1542,刘渊,2021-01-23 14:29:44,4,4,0,不错！上课一次都没举手，居然还混了个4.2，哈哈哈哈哈哈哈。上课没举手抓住ppt的pre和期末大作业，好好吹吹感悟啥的，认真写写多方面的收获，很满意了哈哈哈哈哈哈哈不仅没挂还上了4
130587,1542,刘渊,2021-01-24 01:21:25,1,4,3,多回答问题，展示要参与，感觉虽然最后自己的作业答的挺烂的，但是还是拿了4.5（老师可能变了，愿意打高分了？）。课吧，可能是因为我对这个不是很感兴趣，所以感觉自己水过去的没能学到啥。喜欢管理，喜欢计算机，喜欢阿里，喜欢马云的同学应该会喜欢这门课
140742,1542,刘渊,2021-09-15 14:26:23,0,1,1,什么玩意儿，都什么年代了还用十几年前的数据和视频上课。。。看样子没有好好备课，倒是每年重复同样的说辞。。。听睡着了，果断退课。。。
140745,1542,刘渊,2021-09-15 14:29:42,3,3,0,什么玩意儿？都什么年代了还用十几年前的数据和视频上课，课件没有认真更新，每年都重复同一套说辞，万变不离阿里。。。第一节课听睡着了，果断退。
141530,1542,刘渊,2021-10-13 09:38:36,-1,1,2,老师很有格局，会带我们去阿里，耶
141531,1542,刘渊,2021-10-13 09:41:39,-1,1,2,老师也是有优点的，明天就要带我们去阿里参观了
141543,1542,刘渊,2021-10-14 01:42:07,1,2,1,三句话，让刘渊老师带我去阿里
141544,1542,刘渊,2021-10-14 01:49:05,0,1,1,上刘老师课可以去阿里
141545,1542,刘渊,2021-10-14 01:50:01,-2,1,3,一开始觉得刘老师是个很古板的老师，讲课也是一板一眼的，但上了一段时间后，发现并不是这样的。电子商务概论，“概论”顾名思义就是“概论”，所以老师讲的也是“概论”，听上去十分枯燥无趣。但如果上课积极跟着老师走，多互动的话，会发现刘老头儿真的很有意思。而且，如果大家积极互动的话，刘老头儿一高兴，说不定还能获得阿里的免费参访券！
141636,1542,刘渊,2021-10-18 11:31:33,3,3,0,三句话，让老师带我去阿里巴巴
147623,1542,刘渊,2022-01-10 10:26:43,3,3,0,绩点低
150066,1542,刘渊,2022-01-18 17:16:23,-13,0,13,平时不怎么听课，只有两次小组作业还有一次的期末测验，还以为会挂，没想到还能拿个4.2，虽然不高但也不低，因为这是一门事少绩点不错的通识课！！
162479,1542,刘渊,2022-11-23 05:45:12,0,0,0,学不到东西，老师的上课倒还是挺热情
162985,1542,刘渊,2022-12-07 01:22:24,1,1,0,考试考的跟上课讲的完全没有关系
163135,1542,刘渊,2022-12-08 02:26:59,1,1,0,管院专业课，很无语的课
165859,1542,刘渊,2023-01-10 06:36:38,2,2,0,绩杀 不知道他在牛逼些什么 我考试复习巨认真 基本把ppt全背下来装脑子里了 答题卷上全写满 给我来个84 恶心谁呢
167499,1542,刘渊,2023-01-16 16:24:23,2,2,0,刘也中！➗中➗！
171403,1542,刘渊,2023-03-23 11:50:38,1,1,0,不咋地。。。
174534,1542,刘渊,2023-06-14 00:35:38,2,2,0,被你暴击
180541,1542,刘渊,2023-09-22 14:29:59,5,5,0,老师您认识李勇吗？那个出生
182176,1542,刘渊,2023-11-11 12:17:45,3,3,0,上课又水事情又多还要固定座位，上大学遇到最差的老师之二
182620,1542,刘渊,2023-11-18 11:52:45,2,2,0,电子商务概论，怎么说呢，感觉讲来讲去讲的都是一个意思，我已经有在很努力的认真听了，但是考试感觉完全不会啊
182673,1542,刘渊,2023-11-19 13:46:04,6,6,0,管院怎么能有您这样的老师呢，拿着几年前的数据，上课ppt每一届都讲一样的，自己说着：“电商现在发展的非常迅速，需要讲的知识点也要不断改进...”但您自己呢，ppt都懒得改，上课放一堆网上捡来的视频，每节课就重复那几个东西，感觉这门课由您来上，真的是浪费学校资源，浪费同学时间，还觉得自己特别nb，还经常吹自己的博士生，那些学长学姐们还不是被你天天压榨，为什么我们学校姓ly的这两个老师都这么...
182687,1542,刘渊,2023-11-19 13:00:45,1,1,0,事多人讨厌给分差
182713,1542,刘渊,2023-11-20 05:50:10,5,5,0,电商已死？死了没，没死，到底死没死，如死。阿里巴巴，阿巴阿巴。看到成绩，啊啊啊啊？
182842,1542,刘渊,2023-11-20 14:28:54,2,2,0,有的课是16节课各上一次，有的课是一节课上了16次
187775,1542,刘渊,2024-01-17 11:15:20,1,1,0,有实力能把18节课上成一节课，评价电商是变化的学科但是用的是古早的PPT，只会狂吹阿里。还歧视工科，不能干别的事。这里给他的一分是他卡给我的
188521,1542,刘渊,2024-01-19 07:06:34,4,4,0,选了他的电子商务和电子政务，这课确实水，基本没听，上课也就发言了两次，小组展示也都在混，最后的考试是课上开卷，回顾了一下上课的ppt，从ppt上抄了不少，最后拿了4.5还是挺满意的。
192716,1542,刘渊,2024-05-29 07:42:02,0,0,0,阿弥陀佛
195422,1542,刘渊,2024-06-28 04:02:04,1,2,1,刘渊老师讲的东西段位还是比较高的，能和老师有共鸣的人基本也都是在领域里摸爬滚打经验丰富的牛人。
195584,1542,刘渊,2024-06-29 01:20:37,0,0,0,空洞无物
196903,1542,刘渊,2024-07-06 00:55:44,0,0,0,。。。
1618,1570,戚振江,2015-03-23 02:14:36,38,49,11,给分不错，人也挺实诚
9138,1570,戚振江,2015-10-14 06:52:15,22,29,7,上课很平淡，但是真正能够学到很多东西，有所收获，很好的老师。
10343,1570,戚振江,2015-11-18 06:36:35,7,9,2,有趣。亲切。
11315,1570,戚振江,2015-11-27 00:08:31,4,12,8,特别好的老师，作业不多，并且老师很能理解学生，上课也很有意思，学到很多终身受益的东西
11982,1570,戚振江,2015-12-21 12:26:53,2,6,4,挺和蔼的一个小老头，上课很有意思，能吸引人听讲，不会水手机。
15152,1570,戚振江,2016-01-12 08:28:02,25,30,5,说句公道话，戚老师真的很认真负责，但是不是小老头，正值壮年(๑•ั็ω•็ั๑)
15296,1570,戚振江,2016-01-21 09:44:42,0,9,9,我被绩杀了
15624,1570,戚振江,2016-01-21 13:33:49,0,5,5,讲得好\n\n
19571,1570,戚振江,2016-01-24 17:35:11,1,6,5,老师上的好，很认真，绩点出来可能会有点小失望
19583,1570,戚振江,2016-01-24 23:30:18,3,5,2,认真听会有收获
19609,1570,戚振江,2016-01-25 02:47:24,5,7,2,认真负责温和。非常负责任，因为我的一封邮件主动提出面谈，没有好为人师或者是指导人生的感觉，更像是听你诉说为你鼓励的那种。
19610,1570,戚振江,2016-01-25 02:48:29,3,4,1,真的挺好的 回家给爱人做饭的好男人
21158,1570,戚振江,2016-02-23 09:50:56,0,2,2,水平挺高的，和上管理学的其他某些老师相比，高下立判，事情不算多，给分也挺好的。
21164,1570,戚振江,2016-02-24 16:08:11,0,1,1,给分很不错 萌萌哒
22958,1570,戚振江,2016-03-15 06:46:28,2,4,2,老师非常温和！人超级nice，(^_^)暖男！自己专业知识非常丰富，能在学术上有所熏陶。
23743,1570,戚振江,2016-04-14 08:18:04,0,1,1,
27267,1570,戚振江,2016-06-24 08:44:17,13,14,1,老师人品超好超认真负责 会花费课下时间跟你聊课程相关的内容
27322,1570,戚振江,2016-06-25 00:49:13,2,3,1,很负责
29045,1570,戚振江,2016-06-29 07:26:30,0,2,2,老师对每一个学生都会很关注，也会从自己的教学哲学出发去设计课程。虽然有些方式方法还有待商榷，但总的来说是良心好老师。给分也不错
31231,1570,戚振江,2016-07-03 12:22:18,2,4,2,超级好的老师 很耐心 很和蔼 认真回答你的问题 十分尊重学生
33831,1570,戚振江,2016-09-22 04:01:03,0,2,2,瞌睡 水
33832,1570,戚振江,2016-09-22 04:16:56,1,2,1,很可爱的一位老师
38991,1570,戚振江,2016-12-20 09:49:22,4,4,0,和蔼，亲切，但是作业不少，上课无聊。和我们沟通不错，负责任，个性很好。
40680,1570,戚振江,2017-01-05 03:08:50,1,3,2,戚老师萌萌哒，人很nice。虽说作业有点多，但比起隔壁鲁伯伯简直什么都不算。可能唯一的槽点就是每节课的小测了吧，要不是课代表人好，我的小测分真的要低到天际。
46173,1570,戚振江,2017-01-21 00:49:49,-1,0,1,只能说一分努力一分收获吧，最后成绩都是量化的，平时作业就要走心\n\n
46491,1570,戚振江,2017-01-22 01:09:19,-3,1,4,戚老师超级暖，给分也很好的，虽然我期末管理学应该答得很烂可是还有4.5，上课的话会举一些生活中的小例子感觉很有趣。学期结束加了他的微信他有时候还会给我评论提出解决方法。超级好的老师，推荐选。
49294,1570,戚振江,2017-04-02 13:54:17,13,14,1,不管我最后绩点怎样，我都要给这位负责任的老师打十分。发邮件问老师问题，然后收到了非常详细非常认真的解答，太令人感动了！老师人超级好~
52113,1570,戚振江,2017-06-15 01:54:36,0,1,1,作业多 认真负责
55755,1570,戚振江,2017-07-02 10:30:00,0,5,5,很温和，上课干货多，讲课有条理，给分也很客观
55918,1570,戚振江,2017-07-02 15:56:35,1,9,8,管理统计 作业无敌多也就算了 给分为什么不好好给！作业真的是史上上过得课最多的 要求还贼多！慎选！
55924,1570,戚振江,2017-07-02 16:10:31,3,15,12,一个大报告比srtp要求还多。五次个人作业没一个简单。期末还要交总结，要求作业体会跟课程体会分开两份还不低于3000字真是没谁了。大概老师感动了自己 但也请考虑学生，至少在给分上考虑大家的付出。
55931,1570,戚振江,2017-07-02 16:22:08,0,5,5,看到分数很难过…
55933,1570,戚振江,2017-07-02 16:27:54,2,5,3,慎选管理统计\n\n考核方式和作业量和其他老师都差很多\n\n
56147,1570,戚振江,2017-07-03 06:56:56,2,4,2,我只能说管理统计作业多到想哭…
61613,1570,戚振江,2017-11-19 07:20:55,7,7,0,戚老师中分发型，很好认呀。讲课有激情，备课与时俱进。关键幽默风趣，浙江普通话也很好听
61614,1570,戚振江,2017-11-19 07:21:07,-1,2,3,蛮好的呀听不听反正听不懂
64945,1570,戚振江,2017-12-28 04:15:45,0,1,1,很认真的老师，也有趣
66010,1570,戚振江,2018-01-11 02:33:43,0,1,1,绩杀！
68985,1570,戚振江,2018-01-24 07:28:46,0,1,1,超级认真负责的老师！打call！现在分还没有出，但考完试之后还会给小组作业反馈的老师可以说是真的很认真了！
69043,1570,戚振江,2018-01-24 07:47:51,0,1,1,不点名，但有铭牌，其实相当于点名，老师是真的很负责，管理学的分要看平时自己努力。老师人是真的好!
69398,1570,戚振江,2018-01-24 15:06:24,0,0,0,老师人很好很负责对同学也很关心！就是最后给分还是有点迷！
69593,1570,戚振江,2018-01-25 04:41:36,3,5,2,老师好极，就四个字。说什么付出很多给分不好，只觉得可笑。管理学不是一门“我该干的都干了”就可怜你给你分的课。这门课还是靠自己的好吧，我次次小测基本都满，个人作业精益求精，给分能不好？只能说“努力”的标准真是千差万别。至于嫌事情多的，你来大学里，不要锻炼又想坐收高分，什么心态呢……作为社科生，大一这点锻炼我只觉得还不够。
69642,1570,戚振江,2018-01-25 06:24:11,0,0,0,很好啊
73295,1570,戚振江,2018-02-01 09:38:30,0,0,0,mooc好好听，上课可以不听，课前小测认真准备，老师人还是很好的，会讲有意思的例子
74645,1570,戚振江,2018-03-05 02:59:33,0,1,1,很难在大学里找到这么认真负责的老师了…管理学每个小组的课题他都会一一看过然后给出很有价值的建议 还会花很多时间和每个小组进行至少两次面谈 他也时常会询问我们目前线上线下结合的教学模式是否合理 对他的教学方式有没有什么建议 他很在意教学的质量与学生的收获 很感谢能够遇到这样的老师
78924,1570,戚振江,2018-05-17 02:27:21,0,4,4,适合教小学，讲一个概念也要扯半天，水，毫无所获
83544,1570,戚振江,2018-07-10 14:42:04,0,0,0,老师真的很好很负责，对学生特别特别好，上课也很多干货！！！！
84737,1570,戚振江,2018-07-13 16:31:44,2,3,1,老师人打9.5分 负责任 对学生态度很好 耐心 听得进意见 但是管统这门课只能打7分 知道q老师是带我们最后一年管统了 其实还有些惆怅 因为虽然q老师没讲好这门课 但是感觉学院也挑不出能比他讲的更好的老师了 从来没觉得q老师是误人子弟 只是硬核的课嘛 社科的老师确实也比较吃力 尤其q老师年纪也确实不小了 我们都能体谅 老师超棒！
91581,1570,戚振江,2018-12-14 04:27:30,7,7,0,老师人很不错，工作细致认真，和学生关系都比较好，是我遇到的大学老师中最好的那一类中的吧。不过课后的内容任务就比较多了，有些可以收获很多，有些是负担，不过这也没办法，是课程要求，老师也是希望我们可以学到东西。总之是个好老师。
92560,1570,戚振江,2019-01-03 02:25:30,8,10,2,老师很和蔼温和，上课细心细致，对学生有提携和关爱之心。以下言论针对课堂本身，不属于人身攻击。班里有很大比例是体育特长生，上课不尊重老师随意闲聊说话还影响别人，自己都管不好还学管理学真的搞笑，小组作业疯狂划水，和这些人上课真是无限拉低听课体验，太痛苦了，从来没这么想快点结课
92665,1570,戚振江,2019-01-03 11:54:06,1,1,0,老师很平易近人的，为这个课付出很多
93480,1570,戚振江,2019-01-10 03:43:33,0,0,0,很棒哒
93492,1570,戚振江,2019-01-19 23:01:28,4,4,0,好老师哦
93528,1570,戚振江,2019-11-28 02:06:05,0,9,9,那些体育特长生上课能不能把嘴闭上？上课体验极差……真是头脑简单，四肢发达的?
94687,1570,戚振江,2019-01-17 23:40:40,4,8,4,无聊，ớ ₃ờ辛苦一个学期没有划水的体育生绩点高
94702,1570,戚振江,2019-01-18 02:28:52,-7,3,10,人好！给分高！太感谢了！管理学满！
95219,1570,戚振江,2019-01-19 05:13:34,3,3,0,戚老师特别认真负责，小组有问题会很乐意给你解答，讲课也挺幽默的。重点要多发言，小组作业要做好。老师给分也很好。
95226,1570,戚振江,2019-01-19 05:18:17,2,2,0,如果愿意学的话老师讲的东西还是很有意思，虽然时间上安排有些不合理不过这可能是课程固有的问题吧。平时很关心学生也会和学生做平等深入的交流。最后绩点比我想象的高，很感谢老师。
95243,1570,戚振江,2019-01-19 05:36:38,9,9,0,老师特别好  认真负责 会跟学生处的很好像朋友一样  关于体育生的问题  也不是所有的体育生都这样啊  我们组也大部分体育生就两个不是  但是他们都很认真 非常积极地参与每个小组作业 我觉得很好
96626,1570,戚振江,2019-01-21 08:11:18,9,9,0,好老师，对同学热情关心，最后一次还给同学们买奖品，给分好，就是让卡绩点了很难受。
110134,1570,戚振江,2019-06-23 14:08:23,5,6,1,本学期的管理统计取消了考试，为期末减少了不小压力。戚老师对学生真的很好，在课外不遗余力地解答我们的小组问题，总是喜欢发颜文字和～的可爱老师！给分方面我觉得合理，老师每次都会把做的好的作业放出来给我们看，确实是一分耕耘一分收获的。鹅颈不严重的课，但小组作业偏向学术性，对同学要求比较高，想要高质量完成真的要付出大把努力。
110167,1570,戚振江,2019-06-24 05:29:13,2,3,1,神仙老师! 上课很认真 ，给分也好好，而且还没有考试
112173,1570,戚振江,2019-07-03 18:47:41,5,6,1,我爱戚老师，还会评论你的朋友圈，超级亲切
117024,1570,戚振江,2019-09-18 11:04:43,-1,4,5,感觉挺一般都。。。
120307,1570,戚振江,2019-11-28 02:04:14,3,3,0,nice
120628,1570,戚振江,2020-01-14 04:07:56,5,5,0,人好 听意见 很负责 给分高
131162,1570,戚振江,2021-01-26 09:33:45,2,2,0,给分很好，老师认真负责
131714,1570,戚振江,2021-01-28 13:58:27,4,4,0,戚老师真的超棒!人非常好，经常与同学交流，给分也好
147337,1570,戚振江,2022-01-09 15:17:23,-1,0,1,老师不错，授课认真，给分尚可，体验倒是一般
147416,1570,戚振江,2022-01-10 02:59:42,1,1,0,老师很认真，经常会跟学生交流，给分也很公平公正，很棒！
147793,1570,戚振江,2022-01-16 16:39:26,2,3,1,给分不太好 但老师蛮好的。
155902,1570,戚振江,2022-06-16 13:22:08,0,0,0,老师真的好耐心，很细致，给分很好，学到很多。
156271,1570,戚振江,2022-06-18 15:33:01,0,0,0,老师人太好啦！给分也好！
161106,1570,戚振江,2022-10-27 06:35:00,0,0,0,老师人真的好，但作业是真的多
165303,1570,戚振江,2022-12-31 09:02:22,4,5,1,管理学，吐槽累了，全是事儿，所有作业发言都给人一种恶意内卷的感觉，大家都在卷不必要的形式反倒没那么注重内容，然后作业都要互评打分，那不纯等着大家自相残杀吗，反倒丧失了公平性。。。
165420,1570,戚振江,2023-01-04 17:33:13,1,1,0,超级可爱认真的老师，很坦诚真实也很负责，会超级认真的看每一份作业和邮件，遇到过最认真的老师，但是不是那么严肃 就很好，只要好好学一定有好成绩，你的努力老师都会看到的，加油
165427,1570,戚振江,2023-01-05 02:43:17,3,4,1,老师人很好，会耐心解答学生的问题。但是单元小测真的好恶心啊啊啊！考的很偏很难，我好多次都在6分以下
165435,1570,戚振江,2023-01-05 06:23:42,0,0,0,123
165549,1570,戚振江,2023-01-08 08:51:48,2,2,0,老师好好
167597,1570,戚振江,2023-01-17 14:02:40,4,4,0,给了戚老师满分，希望大家都可以放心的选择戚老师。戚老师真的是一个对学生很好的老师，经常会主动关心学生的学习状态。小测如果分数太低了都会收到戚老师的特别关心。平时问戚老师问题的话戚老师也会很详细的解答，当时专业分流的时候就找戚老师咨询了一个问题，戚老师回了好几条语音。平时的作业或者是小组会议记录给戚老师发邮件，戚老师也会很热心的回复，经常还会有鼓励的话。学习交流平台的帖子戚老师也会看，有时候还会回复。总而言之真的是一个很关心学生、尊重学生的老师。\n\n不过戚老师上课其实有一点点无聊，经常容易讲着讲着就跑偏了，导致容易拖堂、上课也有点听不进去。可能上课效果会不大好吧……但就管理学的学习来说，其实学在浙大的管理学网络课堂，认真看了完全可以掌握主要的知识，书本也可以作为补充。小测的话甚至听课了也不一定会做，倒不如去慕课刷题，更容易满分。所以这样看起来问题也不大。而且戚老师上课很多时间会举例子，可能是公众号的文章或者是视频，如果课前预习过可能也不会觉得很无聊了。实在不行也算是看看成功学或者是搞笑视频放松一下。话说回来如果在课上摸鱼的话，戚老师也不是很管，顶多是错过发言的机会……所以只要能安排好时间，一个学期下来也不用担心说学了但是没有完全学。
167879,1570,戚振江,2023-01-19 18:59:46,0,0,0,老师人真的好 但管理学这门课就是事儿妈
174461,1570,戚振江,2023-06-12 14:14:45,0,0,0,好好好
185032,1570,戚振江,2023-12-26 03:35:24,5,5,0,课程还没有结束，但是戚老师真的是一个很温柔很温柔的老师，还会给你的朋友圈点赞哈哈哈哈哈哈哈
186435,1570,戚振江,2024-01-11 05:11:55,1,1,0,老师人真的很好，平时作业认真做，小测认真复习分绝对不会低的
186581,1570,戚振江,2024-01-12 02:39:46,2,2,0,付出就有收获，认真对待戚老师这门课绩点不会低的，戚老师是一个很温柔儒雅的老师
186600,1570,戚振江,2024-01-12 04:21:20,2,2,0,老师人好好！给分也很不错，是很好的老师
186623,1570,戚振江,2024-01-12 07:12:28,0,0,0,上了老师授课的管理学，感觉戚老师确实是人很好的老师，很难找到对学生很有耐心的老师，对于上课的一些相关事务也会积极和学生进行讨论，从而敲定更好的评分细则，最后拿到的分数也还算可以了，这门课最大的问题在于课程本身，而不是老师
188334,1570,戚振江,2024-01-18 15:51:32,2,2,0,4.8前来还愿，认真完成每一项任务绩点不会低的，戚老师温柔随和有耐心，给老师10分！
209310,1570,戚振江,2025-01-05 11:32:13,0,0,0,特别可爱的小老头，给分特别高！
219633,1570,戚振江,2025-06-02 10:11:13,1,2,1,这学期的课还没有结课，来给戚老师评分，老师真的超极有耐心而且非常负责任，是特别特别好的老师，就这样感动了很久！
3817,1644,林珊珊,2015-06-17 05:11:46,-4,9,13,烦
9618,1644,林珊珊,2015-11-25 04:04:33,2,8,6,上课没讲什么东西，作业挺麻烦。但老师人很好，给分超棒！
10701,1644,林珊珊,2015-11-22 17:11:41,4,8,4,美。认真负责。作业虽多，给分超好。
20679,1644,林珊珊,2016-01-29 15:41:38,3,6,3,林珊珊老师，不解释，人好到无以复加！
25859,1644,林珊珊,2016-06-12 10:48:14,7,22,15,作业实在是太多了，有些东西练一两遍就好了 她要让我们操作十几二十次，非常机械地操作完全是浪费时间。选择题里一道题目也要做很多遍，完全可以精简一些。个人作业和小组作业其实做一个就够了，这两项作业所练习的东西和做一遍所掌握的技能其实是差不多的。真的在这门课上花了很多很多时间
29791,1644,林珊珊,2016-06-30 10:15:54,3,9,6,并没有觉得给分有多好呀，作业还辣么多...
29792,1644,林珊珊,2016-06-30 10:17:20,3,4,1,好老师！！！！一定会生一个健康聪明的好宝宝的！！！
29795,1644,林珊珊,2016-06-30 10:27:24,3,5,2,人超级好，给分也超级好呀！超爱珊珊姐！
29800,1644,林珊珊,2016-06-30 10:32:40,2,6,4,学到了知识，给分挺好的！
29803,1644,林珊珊,2016-06-30 10:34:08,11,14,3,良心老师，祝珊珊姐顺利产下小宝宝
29912,1644,林珊珊,2016-06-30 13:35:30,4,6,2,好棒的～
30286,1644,林珊珊,2016-07-01 07:51:17,3,6,3,给分好 学到了知识 作业量也还好 很有收获 祝珊珊姐宝宝健康
32117,1644,林珊珊,2016-07-05 16:02:37,4,6,2,重复练习是为了让我们掌握得更熟练，学会了很多。喜欢这种努力就会有收获的老师。
53085,1644,林珊珊,2017-06-25 11:28:12,5,7,2,老师人不要温柔啊 而且 知性美 当真知性美
54401,1644,林珊珊,2017-06-29 09:13:10,4,12,8,人是美，声音是好，是知性。但是作业真的无敌多啊，小组和个人作业同时存在不知道意义究竟有什么，一门课的作业加起来比其它所有课还多。。期末了还在搞大作业。。最关键的讲课进度跟不上作业需要啊啊啊啊
54402,1644,林珊珊,2017-06-29 09:20:02,3,13,10,作业多，ppt没逻辑，讲课跳来跳去，基本靠自学，期末还在搞个人作业大作业，大作业要求用的知识最后一节课才讲，投入产出不成正比
54407,1644,林珊珊,2017-06-29 09:32:08,-5,4,9,腊鸡老师不解释
54439,1644,林珊珊,2017-06-29 10:12:37,3,5,2,有了概统基础 管理统计的内容真的很简单 期末自己用点心成绩绝对不会差 而且考试占40%期末压力超级小啊 还都是平时的作业题 老师上课也认认真真讲下来 得承认没多大趣味没多少人听课 那就好好写个人作业好好复习好好刷题啊 反正我给十分
54497,1644,林珊珊,2017-06-29 11:58:55,0,4,4,老师虽然作业多 但是想水也是能水的 考试是平时左右题多刷刷 给分超好～
60550,1644,林珊珊,2017-10-24 02:52:21,-7,3,10,2016春夏，老师人很好，作业量也不大，但是给分比之前差了不少，我以为能有满绩的课给了3.9。
78936,1644,林珊珊,2018-05-17 06:08:52,0,6,6,毫无听课的积极性
79930,1644,林珊珊,2018-06-15 10:26:59,-6,5,11,可能是个傻逼 事不要太多
80587,1644,林珊珊,2018-06-28 05:57:00,2,8,6,平心而论，上课没什么逻辑，思路不清晰。还没考试，不知道给分怎么样。\n\n
84203,1644,林珊珊,2018-07-12 08:19:19,10,10,0,第一次用查老师，给老师一个10分，虽然被卡档了哈哈哈……老师很有气质，作业不少但收获也多！
84354,1644,林珊珊,2018-07-12 15:31:53,9,11,2,老师非常负责，作业多就多，这一类应用导向的课应当与概统理论课相互区别开来，重在实践实操，作为概统的姐妹课，我觉得很好，感谢老师，mj了哈哈哈哈
109401,1644,林珊珊,2019-06-14 02:14:26,-5,2,7,不怎么好
114712,1644,林珊珊,2019-07-11 05:06:29,9,12,3,事多给分高
117432,1644,林珊珊,2019-09-24 07:37:59,-5,1,6,讲课实在太差了，逻辑不清晰，软件也讲不清楚
119457,1644,林珊珊,2019-11-13 02:15:41,6,8,2,一个和信管统计完全不搭边的专业选了数据分析与可视化，就是作业好好做，最后满了。老师虽然回回拖堂，课讲的也和作业关系不大，但给分真的好好啊！
119578,1644,林珊珊,2019-11-14 01:57:50,5,5,0,感觉好多人都满了，老师给分不错\n\n
123225,1644,林珊珊,2020-05-21 09:55:29,-3,3,6,作业超级无敌多
123296,1644,林珊珊,2020-05-31 11:38:14,3,10,7,感觉老师人很好，也很负责。但是这门课有两个很严重的bug：\n\n1.老师讲课不成体系，东一句西一句，要学还是得自己另外看书。\n\n2.作业太多，而且因为前半学期教学节奏太慢，几乎所有作业都压在期末。8次上上机练习最后一周做4次，一个小组论文+展示，一次个人论文，还有各种感想什么的，而且老师讲不明白得自学，真的很累，可能会影响其他课的复习。所以如果这学期课很多，还是选别的老师吧。
123791,1644,林珊珊,2020-07-08 09:02:20,0,8,8,老师讲课逻辑不太行，然后作业是真的多，我考试前一天还在写大作业，写了整整一天，结果最后给分也不好，真实泪目
124097,1644,林珊珊,2020-06-23 17:20:17,3,7,4,虽然老师很温柔很负责，但是作业真的无敌爆炸多啊！！
124761,1644,林珊珊,2020-07-08 10:07:20,0,8,8,以前以为：作业多的要命，但是给分超好\n\n亲身经历：作业多的要命，给分超级烂，白费我的心血。\n\n结束
124787,1644,林珊珊,2020-07-09 09:41:52,-5,2,7,老师上课逻辑性较弱，没有重点，对内容讲解的时间分配不合理（前面简单的内容讲了快半个学期，后面一些重点或者有点难度的内容就没有很多时间讲了）。作业确实多，而且集中在期末阶段，原因就在于前面提到的老师讲课时间分配不合理，缺乏逻辑，课程进度就比较拖，前期的作业也拖到后面。对我来说，给分还行，不算特别差，感觉没有前面评论里说的很好，毕竟付出了很多也抱了很大的期待，成绩正好是我预期的最低绩点，所以我不能说给分不好吧，就是一般般。
136858,1644,林珊珊,2021-06-26 05:26:51,-5,3,8,老师的上课进度跟不上计划，导致很多作业堆积在期末，期末周了还在写大作业，心好累。
146827,1644,林珊珊,2022-01-08 04:10:27,-9,3,12,作业太多了！！！！！！！！！！！ 需要提交6000字的全英文报告，还要查重。难道要学生自己花钱查重么？
146909,1644,林珊珊,2022-01-08 04:10:34,-7,1,8,作业多到写不完，平常也一堆事情
148234,1644,林珊珊,2022-01-12 02:26:18,-6,5,11,每次上课一大堆文件，反复横跳，毫无逻辑。在简单的内容上大讲特讲，后面复杂的部分进度又特别快。
148265,1644,林珊珊,2022-01-12 04:04:04,-11,0,11,作业太多了！！！其实作业的数量本不是问题，只是她布置的作业毫无意义，做作业完全是在浪费时间~~
155149,1644,林珊珊,2022-06-08 21:37:27,29,31,2,看了好多评论，感觉老师评分被评低了\n\n有感觉老师相比以往做了很多改进\n\n她会问同学哪些地方不明白然后挑重点讲\n\n上课的时候也会带大家一起操作spss\n\n个人论文取消啦！\n\n上机练习也就剩五个啦，而且认认真真去完成（其实就是跟着老师上课的例子做）就能拿高分（相比于其他开课老师）\n\n不喜勿喷～
155904,1644,林珊珊,2022-06-16 13:24:50,17,17,0,林老师真的很细致、亲切且耐心，上课收获很多，给分很好。
155913,1644,林珊珊,2022-06-16 13:49:50,9,11,2,这学期作业不是很多，认真完成个人作业和小组作业，有付出就会有回报吧
172688,1644,林珊珊,2023-05-04 11:50:50,15,15,0,课上了一半，还不知道最后给分怎么样，但是林老师真的好温柔好友耐心！感觉上课还是有逻辑的，这一学期作业也并不多，没有重复的无用训练。上课老师会录下来发到钉钉群，所以课上的上机练习没跟上也没关系！课下也可以随时问老师问题，老师会很耐心地回答。虽然还不知道给分如何，但是上课上的很开心，也学到了知识，学会了SPSS，上课几乎不会觉得无聊而摸鱼，老师也完全没有压迫感！！！总之就是吹爆了！（就算最后给分不好我也认了）
172689,1644,林珊珊,2023-05-04 11:50:09,12,14,2,课上了一半，还不知道最后给分怎么样，但是林老师真的好温柔好友耐心！感觉上课还是有逻辑的，这一学期作业也并不多，没有重复的无用训练。上课老师会录下来发到钉钉群，所以课上的上机练习没跟上也没关系！课下也可以随时问老师问题，老师会很耐心地回答。虽然还不知道给分如何，但是上课上的很开心，也学到了知识，学会了SPSS，上课几乎不会觉得无聊而摸鱼，老师也完全没有压迫感！！！总之就是吹爆了！（就算最后给分不好我也认了）
172690,1644,林珊珊,2023-05-04 11:50:10,9,11,2,课上了一半，还不知道最后给分怎么样，但是林老师真的好温柔好友耐心！感觉上课还是有逻辑的，这一学期作业也并不多，没有重复的无用训练。上课老师会录下来发到钉钉群，所以课上的上机练习没跟上也没关系！课下也可以随时问老师问题，老师会很耐心地回答。虽然还不知道给分如何，但是上课上的很开心，也学到了知识，学会了SPSS，上课几乎不会觉得无聊而摸鱼，老师也完全没有压迫感！！！总之就是吹爆了！（就算最后给分不好我也认了）
172691,1644,林珊珊,2023-05-04 11:50:11,11,13,2,课上了一半，还不知道最后给分怎么样，但是林老师真的好温柔好友耐心！感觉上课还是有逻辑的，这一学期作业也并不多，没有重复的无用训练。上课老师会录下来发到钉钉群，所以课上的上机练习没跟上也没关系！课下也可以随时问老师问题，老师会很耐心地回答。虽然还不知道给分如何，但是上课上的很开心，也学到了知识，学会了SPSS，上课几乎不会觉得无聊而摸鱼，老师也完全没有压迫感！！！总之就是吹爆了！（就算最后给分不好我也认了）
175902,1644,林珊珊,2023-07-05 03:02:18,19,20,1,林老师真的保姆式教学，手把手教你上机操作。SPSS这样教怎么可能学不会呜呜呜，良心老师啊，管理统计选她就对了TT\n\n作业也非常非常少，而且跟着老师手把手的学习，作业根本就不难。而且课上也能学到很多真的很有用的东西，老师也非常关爱每个学生\n\n10分！
176511,1644,林珊珊,2023-06-29 07:00:32,-9,7,16,2023春夏管理统计，emm小组很认真的在做，个人作业都交了，签到小测都在，给分好烂，目前主修课最低没有之一。平时事情还贼多，慎选
177012,1644,林珊珊,2023-07-01 05:00:01,12,13,1,见过的为数不多的好老师！很温柔很用心，谢谢老师！女神！
177239,1644,林珊珊,2023-07-02 11:09:05,14,14,0,我直接喊妈
178868,1644,林珊珊,2023-07-27 01:17:11,10,11,1,9分，推荐
179243,1644,林珊珊,2023-09-02 15:09:14,13,13,0,能感受到珊珊老师真的很负责，想要教授很多内容\n\n但是可能也是这个课性质的原因，本身实操性很强，老师想要把实验课和理论课结合在一起讲\n\n这样就避免不了的有时候讲课的时候就会文件跳来跳去有些乱\n\n但是如果跟着老师走的话，不会跟不上的~\n\n平时的小作业有5次，都很简单，跟着老师课上的案例示范就可以手把手的完成\n\n期末有一个小组作业，认真完成不摆烂的话，老师评分还是很公正的\n\n感觉投入与产出是正比的，老师是好老师~
179481,1644,林珊珊,2023-09-17 03:42:12,12,12,0,温柔，有耐心，给分高，批改作业认真
190714,1644,林珊珊,2024-03-15 12:47:36,5,5,0,超级温柔有耐心的一位老师～～爱了爱了
195368,1644,林珊珊,2024-06-28 01:23:28,4,4,0,老师特别好～
196279,1644,林珊珊,2024-07-02 20:06:11,1,2,1,批改作业很严格，但是很有耐心，给分也不错，好老师
215877,1644,林珊珊,2025-03-06 10:49:13,3,3,0,不是吧老师，3月6日下午13：30宣讲会，您3月6日晚上18：11通知？
220101,1644,林珊珊,2025-06-15 02:58:40,0,0,0,出分还愿，无功受分实在意外之喜\n\n老师人非常好，解答问题很详细很及时，就是非常注重输出格式，可以在上面下点功夫
221,1739,叶欣,2015-03-14 17:01:16,37,72,35,非常推荐！洗心之课！
642,1739,叶欣,2015-03-15 09:45:14,106,170,64,绝对是对身心的放松与洗礼 在喧嚣的纷繁中 给自己一个心安理得放松的机会
1156,1739,叶欣,2015-03-21 16:21:11,26,47,21,很温柔很友善，当然管理沟通作为J类会比较麻烦，但老师是好老师，且给分不算坑
1732,1739,叶欣,2015-03-24 01:09:39,49,84,35,特别温柔善良 毫无岁月痕迹 听她的课感觉每一位同学都得到重视和尊重
2196,1739,叶欣,2015-04-07 15:39:04,31,51,20,老师很认真
3689,1739,叶欣,2015-06-17 02:16:47,2,13,11,很舒服。
3965,1739,叶欣,2015-06-17 11:21:50,11,25,14,老师人很好超认真，就是有点太认真了
4052,1739,叶欣,2015-06-17 15:33:17,18,36,18,老师温柔，给分不坑
4605,1739,叶欣,2015-06-25 03:12:36,6,18,12,非常认真和蔼的老师，听她的课能感受到真正的礼与德
5208,1739,叶欣,2015-07-06 00:46:13,17,30,13,很有气质的老师，上课很用心，给分也不错。
6485,1739,叶欣,2017-03-10 00:40:20,18,32,14,老师对课堂对学生的尊重，让我明白了做人的道理。
7231,1739,叶欣,2015-09-11 14:41:32,1,11,10,好老师！
7980,1739,叶欣,2015-09-16 10:43:43,1,9,8,一门不用带手机的课
8772,1739,叶欣,2019-06-26 16:20:32,2,14,12,浙大最难忘一课
10284,1739,叶欣,2015-11-18 01:51:01,1,9,8,老师很认真负责，也非常为学生着想，内容也很实用
10347,1739,叶欣,2015-11-18 07:08:56,-21,18,39,给分坑
10453,1739,叶欣,2015-11-19 01:58:18,1,8,7,老师讲的很不错的
10698,1739,叶欣,2015-11-22 17:06:38,1,8,7,认真的老师。对待学生负责，做人更是有原则。
10799,1739,叶欣,2015-11-23 05:38:30,32,51,19,长得超年轻，很和气，特别极其认真，各种记录很多，坏处就是评分项目太多，导致高分很难，但应该不会太低。
11110,1739,叶欣,2015-11-24 08:47:50,2,11,9,很喜欢老师啊 感觉很荣幸选上她的课 大学以来最认真负责的老师
12281,1739,叶欣,2015-12-22 23:56:20,2,8,6,课堂氛围很好
12537,1739,叶欣,2015-12-23 12:17:42,1,8,7,好
12638,1739,叶欣,2018-06-14 16:09:02,-19,16,35,水!\n\n
12738,1739,叶欣,2015-12-24 02:56:49,0,9,9,事情稍多，但这并不妨碍她是一个好老师。
12759,1739,叶欣,2015-12-24 03:20:09,-21,20,41,虚伪......
12824,1739,叶欣,2015-12-24 06:01:02,52,63,11,老师很喜欢鸡汤ppt……
12925,1739,叶欣,2015-12-24 10:32:55,2,7,5,好好好
13236,1739,叶欣,2015-12-25 11:06:58,2,8,6,很温柔
13551,1739,叶欣,2015-12-29 07:19:15,7,19,12,我竟然真的做到了三节课两课间不碰手机……老师很温柔，很爱笑，心态年轻。总之上她的课觉得很舒服。
13916,1739,叶欣,2016-01-02 09:30:32,0,10,10,绝对好老师
13963,1739,叶欣,2016-01-03 06:08:13,7,16,9,真的是良心老师，对自己要求很高，对学生很和善，课上能学到很多，上课积极高分不难，老师认真严谨，自己水的话分水还是低的，很公平
14487,1739,叶欣,2016-01-07 08:45:11,0,12,12,老师人很好，但是老灌心灵鸡汤很烦，而且事很多
15573,1739,叶欣,2016-01-15 12:17:57,5,13,8,很注意礼仪修养，课堂上会讲很多关乎礼的经历，但课时一长显得冗繁，课本身新知识也不多。\n\n会有一次个人作业和一次小组作业，能和不同专业不同学级的人讨论问题很不错。
16159,1739,叶欣,2016-01-17 10:51:00,2,9,7,感觉备受尊重，并且会教我们一些礼仪常识，很和蔼，也很负责
16712,1739,叶欣,2016-01-19 00:21:37,1,12,11,十分女神！上课好赞！还因为我的一个小小的问题问了好多人，打电话给我近一个小时答疑！上课很认真！能学到东西！
18469,1739,叶欣,2017-11-06 13:58:49,-21,35,56,给所有的好评都打了差评，老师虚伪，课程矫情，这就是初中的思想品德课。绝对不偏激，上了你就懂。
18647,1739,叶欣,2016-01-22 07:59:36,1,8,7,平时作业稍多，但老师很认真，纪实给分。
18648,1739,叶欣,2016-01-22 08:00:10,7,12,5,管理沟通有个人作业和小组作业，课程结束有理论考试，不过感觉受益颇多，老师的个人修养真的很好！
20677,1739,叶欣,2019-05-14 09:40:19,49,70,21,有原则。说虚伪的人，只能说明自己不正直，自己做不到也会认为别人做不到。叶老师是实实在在地践行自己所讲。
20680,1739,叶欣,2016-01-29 15:47:53,5,11,6,还不错，上课讲的小故事都挺有趣的
20957,1739,叶欣,2016-02-05 11:45:32,-13,24,37,说她好的人仔细想想，课上那么多心灵鸡汤，有几个贴合实际？满口礼仪，举例子却又在说身边人的坏话，会议上公然顶撞领导也是符合礼仪吗？只能说她活在自己的礼仪世界里
22772,1739,叶欣,2016-03-11 02:55:10,0,6,6,轻松有趣
22978,1739,叶欣,2016-03-15 16:52:44,0,6,6,赞赞的
23669,1739,叶欣,2016-04-12 02:58:37,2,6,4,让自己知道了很多行为及沟通中需要注意的东西，学到了很多，每节课都在轻松而充实地氛围下度过，给分也很好，作业也不多。
24007,1739,叶欣,2016-04-25 06:25:37,-10,13,23,无聊的课，讲得那种论语话居然这么多人喜欢…
24027,1739,叶欣,2016-04-25 14:43:27,7,12,5,选上沟导课是运气好，沟导选上叶老师的课绝对是人品爆表了
24419,1739,叶欣,2016-04-30 13:27:56,-1,5,6,至今难忘\n\n
25119,1739,叶欣,2016-05-05 14:33:13,-5,7,12,老师是厨师。饿了么。来张嘴，一碗鸡汤补一补。    我觉得她表里如一的
25518,1739,叶欣,2016-05-24 08:03:51,0,7,7,上了就知道选上这门课多好
25528,1739,叶欣,2016-05-24 12:59:48,2,8,6,完全符合我心目中好老师的形象。\n\n大概是人生中遇到的最好的老师。
25584,1739,叶欣,2016-05-26 13:30:39,1,8,7,我觉得她说话声音好像少儿频道的金龟子啊(´-ω-`)
25967,1739,叶欣,2016-06-14 15:40:27,0,6,6,精神享受。
26338,1739,叶欣,2016-06-17 03:24:23,0,6,6,就像很多评论说的那样，老师人很nice，虽然有时候会讲鸡汤，但是完全无损老师的魅力，而且最后的考试也很轻松，考的都是最基础的，强烈安利礼仪通论哦！！
26547,1739,叶欣,2016-06-20 05:23:39,1,6,5,不在乎最后老师给分怎样，真的很欣赏这样负责认真授课的老师。学到了很多礼仪方面的知识，也为老师的和蔼亲善和对学生的关心所动容。
27160,1739,叶欣,2016-06-23 09:00:39,1,5,4,老师很棒。很喜欢。
27205,1739,叶欣,2016-06-23 13:44:50,1,8,7,能学到很多东西，给分又不乱来很厚道，人还很好经常和同学们邮件互动，J类课不选叶欣女神礼仪通论还能选什么！！！
27375,1739,叶欣,2016-06-25 10:40:53,1,5,4,非常有气质的一位老师~
28131,1739,叶欣,2016-06-28 08:08:36,2,5,3,老师很温柔，而且举手投足都在践行自己的准则，给人很温暖的感觉。礼仪通论考试的内容基本都是上课讲的
28590,1739,叶欣,2016-06-28 10:41:07,2,7,5,内外兼修，神形兼备。叶老师很赞。
33172,1739,叶欣,2016-09-14 12:31:52,-5,2,7,三个字
33257,1739,叶欣,2016-09-17 01:06:07,7,15,8,她懂得很多，但是教的东西实用性很小。分组不合理影响绩点。\n\n是个好人。仅此而已。
34694,1739,叶欣,2016-10-18 11:02:16,1,4,3,好好听课，我原先以为，礼仪嘛，这么大人了谁不懂。但认真听，你会发现真的还有很多很多你忽略了的礼仪、你不知道的技巧知识。获益匪浅，谢谢老师
34981,1739,叶欣,2016-10-28 02:03:05,1,4,3,老师人非常好哦
35380,1739,叶欣,2016-11-09 12:39:25,1,3,2,强烈推荐！心灵的洗涤，感觉我整个人都不同了。
35449,1739,叶欣,2016-11-10 07:17:22,1,3,2,精神修养，增广见识
35479,1739,叶欣,2016-11-10 07:20:33,1,3,2,很舒服
35492,1739,叶欣,2016-11-10 07:21:25,1,5,4,一个很有魅力的老师，刚开始并不是很喜欢，但是慢慢的被老师吸引。作业出了些小问题，老师很耐心的给我指出，教我改正。还在一些私人问题上很耐心的引导我。有次来姨妈请假，收到了她让我好好休息和注意保暖的短信，都快暖哭了。每次课结束，老师都会说晚安，感觉很好啊。喜欢~
35510,1739,叶欣,2016-11-10 07:22:46,1,3,2,老师超温柔，回答很耐心
35734,1739,叶欣,2016-11-15 13:34:27,-1,3,4,温柔。洗心。事多。给分还不错。收获很大。
35794,1739,叶欣,2016-11-10 08:12:08,1,3,2,感觉被尊重，真的会很用心的去听，她的故事，她的处事，她授课的方式会让我觉得她是一位好老师。
35843,1739,叶欣,2016-11-10 08:27:22,2,3,1,很有原则的一个老师，真的践行着她所说的话，女神。
35880,1739,叶欣,2016-11-10 10:19:11,2,5,3,很暖很治愈\n\n让我感谢生活感谢每一个默默付出的人\n\n还有很多实用的礼仪礼规\n\n
36205,1739,叶欣,2016-11-11 05:23:53,4,4,0,真的非常好，净化心灵。
36328,1739,叶欣,2016-11-25 08:04:16,4,5,1,叶欣老师人很好！！！ 大学里这么负责的老师很少！耐心 负责 温柔 认真
36681,1739,叶欣,2016-11-15 10:54:00,3,4,1,在浙大遇到的对学生最好的任课老师
36700,1739,叶欣,2017-01-04 10:57:17,6,9,3,老师人很好，能感受到她对学生的尊重。上课也很棒，听她的课真的既不想水手机也不想写作业，讲的内容挺实用的。任务少，给分好，非常庆幸自己能选上叶老师的课～
36703,1739,叶欣,2016-11-15 12:37:51,3,3,0,挺好的！
36715,1739,叶欣,2016-11-15 13:35:01,3,5,2,老师人好温柔啊还给我打电话……感觉是我上到现在最认真的一门课了……给分完全不重要啊想成为老师这样的人！
36719,1739,叶欣,2016-11-15 13:44:33,2,3,1,很轻松吧 大作业好好做哟
36721,1739,叶欣,2016-11-15 13:51:23,3,4,1,收益良多，教会很多细节、礼节，并且老师好认真，对每个人都很认真，很重视。
36732,1739,叶欣,2016-11-15 15:16:53,2,3,1,非常非常棒！！！！！老师看起来就像是天使一样，嗯，让人如沐春风，感觉非常棒，一生都在践行礼仪，我也会这么做的！
36736,1739,叶欣,2016-11-15 15:57:18,2,5,3,棒棒棒～很庆幸一入学就遇见她。
38351,1739,叶欣,2016-11-30 14:28:24,54,73,19,上大学之后除了家人唯一一个向我说晚安的人
39491,1739,叶欣,2016-12-23 07:21:17,0,3,3,大学唯一一门让我想要晚点下课再多上一会的课，老师特别温柔很尊重学生
40516,1739,叶欣,2017-01-04 02:52:00,4,7,3,目前人生中见过character最高的人，管理沟通课真正的课堂知识远没有老师的为人处事带给我的震撼大，真正的女神，尊重学生、上课轻松、下课和大家说晚安……任务可能会比较多，但都是讨论为主，感觉每次活动都有收获。真的建议听老师的课，老师的魅力只有在近距离接触中才能体会到
40785,1739,叶欣,2017-01-05 12:57:55,13,20,7,鸡汤\n\n满满的鸡汤\n\n老师很和蔼\n\n一个问题会很细心地回答你\n\n选上沟通管理是好运气\n\n选上这个老师你运气真是好到炸\n\n不要水过，因为时间会过得很快\n\n很快你会发现沟通管理就要结束了\n\n可能你和你的组员以后不能再相见\n\n所以好好珍惜这段时光
41167,1739,叶欣,2017-01-09 16:00:31,2,4,2,很温暖的老师，认真负责地上好每一堂课，悉心耐心地解答你的每一个问题，有态度有原则，不仅是从课上，更是从她身上学到了很多东西！
41790,1739,叶欣,2017-01-12 15:12:26,0,2,2,真正的良师益友，让人如沐春风
42114,1739,叶欣,2017-01-13 15:13:19,5,12,7,每次都到，上课发言，还记录了，个人作业我花了一天时间做，还给了很多人当模板，为什么别人比我高，还有，小组作业因为别人不负责任，ppt修改版没有拷，导致小组分低，不是我的错我最讨厌连坐，再也不会建议同学选这门课了，拖我均绩后腿！
42163,1739,叶欣,2017-01-13 16:47:10,0,2,2,叶欣老师人很好，尊重每一位同学，工作认真一丝不苟。课程评分项目很多很详细，高分不太容易但不会很低。总之强烈推荐她的课。
42171,1739,叶欣,2017-01-13 23:34:27,0,1,1,心灵受洗
42329,1739,叶欣,2017-01-14 04:35:34,0,2,2,很认真的一位老师，朴素，诚恳
42463,1739,叶欣,2017-08-28 01:21:36,8,14,6,我上的管理沟通。老师很认真有原则，表里如一。但是课程有点水有点无聊，其实学不到太多，应该是通识课的通病吧。最后我的分一般，我们组组长付出了很多但是分很差，她正在查分。但老师始终强调她给的每一分都是有道理的。
42505,1739,叶欣,2017-01-14 10:02:25,1,2,1,真的每次上完课都觉得心情变好了，老师超棒啊
43038,1739,叶欣,2017-01-15 15:11:21,0,3,3,老师很好呀～温柔细心善良，晚课后会和我们说晚安。重在平时的一点一滴，考试很容易的。
43657,1739,叶欣,2017-01-16 16:51:07,1,2,1,老师挺好的，感觉相处起来很舒服，但绩点给的不高，可能是我不够好的缘故吧
44859,1739,叶欣,2017-09-21 11:48:40,-9,12,21,作业全粘贴都不管上课很无聊全程臭狗屎状鸡汤
48701,1739,叶欣,2017-03-10 00:38:00,-1,3,4,不看均?，光是上课就真的是好老师
48819,1739,叶欣,2017-03-14 02:14:50,0,2,2,让人如沐春风的好老师\n\n
48895,1739,叶欣,2017-03-16 02:25:09,1,3,2,老师很有气质
49285,1739,叶欣,2017-04-01 07:42:06,1,4,3,听叶老师的课是种享受
50802,1739,叶欣,2017-05-05 15:21:55,1,2,1,叶老师人很好，很温柔，尊重每位学生，给分也很棒哟！春学期的管理沟通期末客观题考的都是比较基础的，笔记很重要啦！不过最大的感受还是让我两节课不看手机，给老师笔芯~
50854,1739,叶欣,2017-05-07 05:53:50,0,2,2,不论成绩，我相信，每一位上过叶老师的课的同学都切身感受过老师的人格魅力，并且会衷心地祝愿叶老师在今后的日子里像孩童一样纯真快乐地生活！
50860,1739,叶欣,2017-05-07 09:30:48,6,9,3,给分普遍很高，但相对来说不是很公平。认识礼仪通论的几个同学，水水4、8，认真学了有可能上不了4，人太多是一方面，但是很大程度上还是因为评分标准有些不合理。老师人很好，很温柔，非常尊重学生。
50956,1739,叶欣,2017-05-10 05:59:24,7,11,4,鸡汤，全是鸡汤\n\n索然无味\n\n但老师算是一个好人吧\n\n给分一般般，感觉不是很公平
51504,1739,叶欣,2017-06-06 16:03:56,0,2,2,这个老师竟然没有10分？
53430,1739,叶欣,2017-06-26 14:58:25,0,1,1,好老师啊
53800,1739,叶欣,2017-06-27 15:04:36,0,1,1,收获真的很多，给分不错
53805,1739,叶欣,2017-06-27 15:30:07,0,1,1,对自己要求很严，尊重学生，会很认真
53819,1739,叶欣,2017-06-27 16:32:56,0,1,1,很和善，好老师
56464,1739,叶欣,2017-07-04 01:00:31,0,1,1,老师女神!
58989,1739,叶欣,2017-09-19 03:56:21,1,3,2,上他的课时，没觉得他有多好。不上他的课时，还有点怀念她对自己的严格要求，对学生的关爱和鼓励。
59557,1739,叶欣,2017-09-22 17:23:18,8,12,4,感觉老师就是很喜欢讲反面案例 别人如何不守礼节 虽然说这都是事实但是真的让整节课听起来像抱怨。。。老师人很好
60274,1739,叶欣,2017-10-16 10:55:59,62,81,19,单从上课内容来看，是真的没有干货，案例鸡汤感大于真实，影片材料可能年纪比我们都大，课件也感觉很多年没有更新了。老师人确实很好，但是课上的太不如人意。
60515,1739,叶欣,2017-10-23 04:05:21,0,2,2,老师很可爱，而且心态年轻，上课是一种享受
60974,1739,叶欣,2017-11-06 07:49:13,0,2,2,给分好，老师人也好。
61011,1739,叶欣,2017-11-07 02:38:46,-1,2,3,优雅而真实，不失少女心，上一条评论不敢苟同。
61024,1739,叶欣,2017-11-07 04:56:54,0,1,1,给分很不错。。。讲得很有意思\n\n
61274,1739,叶欣,2017-11-13 09:14:15,-1,2,3,很舒服！！
61844,1739,叶欣,2017-11-21 08:04:29,2,5,3,老师人超好，还打电话来和你交流作业，很认真负责
61996,1739,叶欣,2017-11-22 05:39:24,-1,0,1,礼宾学，点名有点多，老师人非常好，但是作业略多，不难
62074,1739,叶欣,2017-11-22 10:39:17,0,4,4,老师上课很温柔，学到了一些礼仪的实用知识，也有一些鸡汤…考试很简单，但是评分内容比较多，有个人作业小组作业展示和考试，显得比较繁琐。老师给分真好，本来个人作业格式出了问题以为肯定上不了4了，没想到出分很感动
62105,1739,叶欣,2017-11-22 11:44:33,1,2,1,非常棒，老师很温柔
62112,1739,叶欣,2017-11-22 11:58:27,1,2,1,老师人很温柔善良，课也比较有趣。但是我觉得打分机制有点问题，小组评分有些不合理吧，组员之间都不认识，打分很随意，被打了二点几的我一度担心自己的最终成绩，好在考试和论文拉回不少分，最后4.2也能接受吧
62133,1739,叶欣,2017-11-22 13:17:31,10,23,13,老师是我遇到的最墨守成规的人，评分过于不合理了。死抠细节，大概和我性格差异比较大，非常不喜欢。
62203,1739,叶欣,2017-11-23 06:20:53,-3,4,7,老师人超好！每次下课都会跟我们说晚安，给分也超好，从来没逃课，小组作业个人作业认真做，但是最后考试没考好，拿了4.5也是满足了
62390,1739,叶欣,2017-11-24 16:01:01,8,13,5,老师很优雅，但个人不是很喜欢这种讲课风格，虽然蛮有干货。老师很注意抓细节，要求非常高，小组打分更是随意，评价十分主观，个人感觉付出回报不成正比，唯有花式刷脸和小组混关系才是王道。不喜欢这种课堂风气。给分更算不上好。
63697,1739,叶欣,2017-12-13 03:21:09,7,8,1,老师人很好，但正态得太变态了，组内都要有互评分
64049,1739,叶欣,2017-12-20 16:27:05,0,1,1,洗心之作，考试刚好我考复习的，然后我只复习第一单元，当然这个占比很小很小，主要看小组展示，最后，老师人很好 赞赞赞
64167,1739,叶欣,2017-12-21 07:12:56,0,1,1,老师真的超级好
64262,1739,叶欣,2017-12-22 05:34:03,0,2,2,老师气质超棒，听她讲课很享受
65340,1739,叶欣,2018-01-03 06:29:44,-1,1,2,挺好的  就是课上有些二
67501,1739,叶欣,2018-01-21 10:59:13,0,1,1,叶老师超好的！上的她的管理沟通，人超可爱，而且讲课做事都很认真～
67517,1739,叶欣,2018-01-21 11:39:35,-3,2,5,第一门满绩 比心
67520,1739,叶欣,2018-01-21 11:45:32,11,19,8,非常形式主義
67533,1739,叶欣,2018-01-21 12:47:13,0,2,2,虽然绩点3.9但也要表白叶老师，真的真的真的是女神级的老师，温柔，善良，而且尊重每个学生。
67572,1739,叶欣,2018-01-21 14:07:02,0,1,1,老师人超级好，选上老师的课收获很多，真是太好了！！
67573,1739,叶欣,2018-01-21 14:09:57,0,1,1,真的炒鸡喜欢老师 第一次遇见这么用心负责体谅学生的老师 真的无法用言语形容的女神 绩点也很好 哇哇哇 真的很有幸上了老师的这门课
67596,1739,叶欣,2018-01-21 15:44:16,0,1,1,能调动同学
67757,1739,叶欣,2018-01-22 06:42:39,5,8,3,老师确实是好老师，不过对于部分同学（比如我）来说课有点枯燥，当然如果能用心去听，肯定有不小的收获。给分的话不算好，会受小组互评影响，小组互评这东西，大家懂的…
68865,1739,叶欣,2018-01-24 03:59:52,0,0,0,老师很可爱，虽然这次给分不高，但是老师很愿意解答疑问
73483,1739,叶欣,2018-02-01 15:57:10,0,1,1,可以的
73520,1739,叶欣,2018-02-02 01:20:07,-2,1,3,老师很好，真诚，尊重理解学生。但绩点主要看小组展示还有组内互评。只有3.9的我，唉，还是谢谢老师吧。
74107,1739,叶欣,2019-08-17 02:05:50,12,68,56,上课形式主义， 内容死板加水货， 过于心灵鸡汤 ，以一副正人君子的出尘模样灌输小学生都觉得无趣的所谓的真理，未免令人反感与作呕。\n\n诚恳建议叶老师还是多提高个人知识素养，丰富上课内容，不要太注重所谓形式。\n\n毕竟，用高均绩堆出来的好评走不长远。\n\n另外，也请少打着“我很纯洁”之类的句子到处乱晃，一把年纪了，装什么仙风道骨，挺搞笑的。\n\n
74315,1739,叶欣,2018-02-10 12:43:17,-1,0,1,给分原则比较细，用心些给分还不错
74559,1739,叶欣,2018-03-03 13:47:41,-1,2,3,老师师德高尚！！！怎么听她的课都不会累！！！
74824,1739,叶欣,2018-03-06 04:37:06,-1,2,3,垃圾\n\n
76409,1739,叶欣,2018-04-08 03:20:40,88,112,24,我融不进课堂气氛，也没办法参与尬笑。\n\n不喜欢这一类鸡汤课。\n\n不针对老师，抱歉。
77559,1739,叶欣,2018-05-06 13:18:47,1,3,2,终于选上，来打个卡
77600,1739,叶欣,2018-05-07 01:46:38,11,24,13,非常差的老师哦，不知道为什么分这么高，墨守陈规，把对无关宏旨的细节反复讨论，而且因为很没有必要的原因扣你八分……
78844,1739,叶欣,2018-05-16 01:08:29,1,2,1,人温柔敬业，但是卡绩了emm
78845,1739,叶欣,2018-05-15 16:29:26,0,0,0,很温柔，但我被卡绩，难受
78898,1739,叶欣,2018-05-16 09:39:29,0,1,1,热评说的一点都没错！
80404,1739,叶欣,2018-06-26 06:37:12,20,34,14,或许她以为大学生和小孩子没什么差别吧，课上引导各种中二的发言很蛋疼，强喂鸡汤很无聊，组内互评意味着有朋友好办事。
80492,1739,叶欣,2018-06-27 05:53:03,10,15,5,礼仪通论上课内容很无聊，学不到想学的东西，而且老师确实很墨守成规，评分非常不合理，小组里付出多得不到回报，反而是没做什么事的人分高，说明小组作业不用太认真。非常死抠细节，大概是别的没什么可抠了，人倒是蛮好的但这样并不能说得上是智慧。
80633,1739,叶欣,2018-07-11 17:22:55,5,6,1,努尔苏力坦，。。。，
80988,1739,叶欣,2018-07-03 07:46:15,2,3,1,上的是礼仪通论 老师人很nice 每次上课前都会问空调温度合不合适 后面的同学听不听得到 能感觉出有一颗尊重学生的心 但是课上不准使用电脑 也不准看手机 平时的评分项也很多 每次课都要签到 有点烦的 一个短学期下来收获还是不少的 能学到很多礼仪技巧
83576,1739,叶欣,2018-07-10 15:40:45,3,5,2,水，水到不知道拿到低分是为什么
83587,1739,叶欣,2018-07-10 16:24:28,15,26,11,个人认为上的都是很虚无的东西
87367,1739,叶欣,2018-09-27 12:31:12,3,4,1,很喜欢叶欣老师，为数不多的能让学生感动的。
87600,1739,叶欣,2018-10-08 05:52:44,5,5,0,上浙大以来第一个让我感受到温暖的老师
87750,1739,叶欣,2018-10-11 11:43:13,10,15,5,老师有点把大学生当成小学生来教思想品德 用陈旧的案例甚至故事会式的五颜六色的鸡汤小故事来作为论证 用一些看似高大上的词汇定义一些根本毫无必要去定义的东西\n\n我觉得告诉大家要讲礼仪懂礼貌不应该是一个大学教授该做的事 关于礼有更多值得讨论、有深度的话题和社会案例 讲一些华丽实则空泛的漂亮话没什么用处\n\n不过至少她是个认真负责的老师啦 举止言谈都非常得当 对学生的态度也让人觉得很感动
88560,1739,叶欣,2018-11-01 10:59:53,1,1,0,如果不给满分，我的良心过不去。我觉得除了叶老师应该没有第二个给缺课学生单独补课的老师了吧。
89662,1739,叶欣,2018-11-20 07:14:14,0,1,1,老师真的太好了。上完这门课感觉自己前后实习期所收获的东西都不一样了。很多实用的知识点，老师也超级棒超级负责超级认真。只要自己认真了最后绩点也很好看。
89913,1739,叶欣,2018-11-21 08:14:29,0,0,0,老师知书懂礼，和蔼可亲，实事求是，为人正直！
89927,1739,叶欣,2018-11-21 09:53:16,-3,2,5,老师耐心，给分还是可以的，我90满足了
89968,1739,叶欣,2018-11-21 11:53:49,2,2,0,出分了来感谢老师~~人超级好超级温柔超级和蔼的老师，就是个人感觉有点太守礼数了有点死板
90102,1739,叶欣,2018-11-22 06:28:49,-1,2,3,great，爱叶老师！感恩。\n\n（我想问一下2018.10.11评论，那些陈旧案例你做好了吗？你高大上的让人笑话。）
90175,1739,叶欣,2018-11-22 10:39:32,1,1,0,感谢老师，给分真的听不错的。（就是在课上留下了一个遗憾
91139,1739,叶欣,2018-12-01 15:46:29,7,9,2,老师看起来特别年轻 声音很好听 人也很好 但毕竟是快到了该退休的年龄了 沉浸在鸡汤世界中 固守着自己的价值观和准则甚于学生的真实需求 确实对一些学生很有益处 但怕也是太过高估了这个比例 退课的学生很多 不退课的也大部分是为了沟领 事情真的特别多 不是我懒嫌麻烦 是觉得不划算不值得 但是如果是很勤奋或者刚好合意的同学 也挺好的 说起来沟领事情都多 大家自行考虑吧
92349,1739,叶欣,2018-12-28 02:48:11,2,4,2,老师很温柔很nice上她的课非常轻松愉悦\n\n有一次个人作业和小组展示和考试\n\n虽然我的小组评分是c但是最后是4.2\n\n感动
92602,1739,叶欣,2019-01-03 05:43:39,1,1,0,老师和蔼可亲，非常好，认真负责，正直。给分有依有据，只是我考试太粗心扣分太多可惜了
92813,1739,叶欣,2019-01-04 14:36:35,-1,1,2,太赞了，第一排真的是享受
92876,1739,叶欣,2019-01-05 09:21:31,0,2,2,非常好的老师
93581,1739,叶欣,2019-01-10 14:14:03,9,10,1,刚考完还没出分来评价下吧。老师人很温和，课程内容过于空泛且鸡汤，对我个人而言课程意义不大吧。管理沟通事情比较多，各种评分细则很复杂，很费力就是了。
94496,1739,叶欣,2019-01-17 02:13:26,9,10,1,组队前问清楚队里有没有互相认识的，有赶紧换组，不然互评时候牺牲的就是你，不管你多认真，做多少事情，也比不过认识这个条件。
96302,1739,叶欣,2019-01-20 17:44:26,10,16,6,管理沟通 不喜欢喝鸡汤的朋友慎选 上课没有意思 不让玩手机 要签到 老师自我感觉过于良好 觉得谁听了她说话都感动 情绪控制很不行 特别容易激动想打人 给分只能说诡异 不过确实看起来年轻有气质 声音也好听 人还是很好很温柔的 但对上课没啥帮助 是天真无邪（？）自称纯洁的高龄幼女了 上课的话 讲的太鸡汤了很难有实际意义 当然如果有吸收鸡汤体质那还是很好的 就是很平常的水课 给分还一言难尽 不知道为什么评分这么好
97196,1739,叶欣,2019-01-22 00:06:41,-2,0,2,可以的。\n\n
101236,1739,叶欣,2019-01-28 02:35:09,-15,3,18,满了满了yeah
103705,1739,叶欣,2019-03-04 10:49:23,1,1,0,nice
105672,1739,叶欣,2019-04-18 08:02:07,3,4,1,\n\n人很好，很体贴学生。事很多。缺乏长远意义，过于注重她自己的格式规范。有些东西鸡汤味重，有些见解还算独到。和她缺乏深度意义上的交流，她的循规蹈矩某种程度上阻碍了信息交流。不喜欢这种重形式不重质量的课，笔记内容很多意义之间有交叉。适合当朋友不适合做师生，爱过。
107479,1739,叶欣,2019-05-05 14:41:39,-3,4,7,谢谢叶欣老师。\n\n真的，给了意外的成绩。很庆幸遇见您。我会继续做好人，继续做好事。
107521,1739,叶欣,2019-05-06 07:47:36,5,7,2,老师很好的，就是无论是讲的内容还是形式都让我感觉不是很喜欢。
108037,1739,叶欣,2019-09-19 10:34:07,7,19,12,这老师真的不是傻逼？
108211,1739,叶欣,2019-05-16 12:56:10,9,15,6,作为一个上礼仪的浙大女老师，将女性收到的职场性骚扰归于穿着不得体，我对此深表遗憾。另外也不过是基础礼仪的内容，叶老师的知识水平与认知还是有待提升。
108214,1739,叶欣,2019-05-16 13:31:32,8,11,3,全程在对别人评头论足
108220,1739,叶欣,2019-05-16 19:09:32,10,33,23,一朵绝世白莲花，女德讲师，喜欢吹嘘自己的“真善美”，但课上喜欢用极其恶毒的语言来批评别人（尤其是女性），例如：“穿裙子必须盖过袜子，穿短裙和长袜露出一截腿是妓女的打扮”“一部分女性员工遭遇职场性骚扰是因为她们穿的实在太暴露了”“老师要注意自己的穿着，不要穿得像鸡一样”骂完后笑呵呵地来一句“当然穿什么衣服是每个人的自由”。醒醒老师，大清亡了！
108242,1739,叶欣,2019-05-17 03:24:51,6,8,2,不要当组长 事情巨多 最后贡献度还算得少\n\n把个人作业好好做就可以了
108511,1739,叶欣,2019-05-27 10:45:29,2,6,4,不喜欢，抱歉
108657,1739,叶欣,2019-05-30 13:55:17,2,3,1,老师人很好
110442,1739,叶欣,2019-06-26 16:16:58,3,7,4,我真的不知道为什么老师分这么高，明明学不到任何东西，老师还会在无用的地方过分仔细，感觉就是因为课堂没有内容，所以只能抓细节，真的很无聊
111079,1739,叶欣,2019-06-29 13:29:16,2,5,3,给分其实一般般
111132,1739,叶欣,2019-06-30 04:01:22,4,6,2,课程低龄化
114531,1739,叶欣,2019-07-10 11:29:50,6,8,2,上课水，给分诡
117359,1739,叶欣,2019-09-23 09:45:06,-1,1,2,温文尔雅的老师，说话很温柔
117530,1739,叶欣,2019-09-25 11:42:38,-3,0,3,她的礼仪通论知识讲得真的很老掉牙 而且刻板印象偏见极为严重
117596,1739,叶欣,2019-09-26 12:46:16,-2,4,6,办公室性骚扰是因为女员工着装不合适，男员工就是可能自制力不好哦，观点陈旧，虽然尽力表现得宽容，但实际上并不是真正地尊重他人尊重差异，选个J类不容易，建议同学们深重选择，免得听得难受又退不了了
117977,1739,叶欣,2019-10-17 10:22:39,0,1,1,小学生思想品德教育
118635,1739,叶欣,2019-10-30 01:29:47,-2,1,3,fake
118872,1739,叶欣,2019-11-07 08:58:43,2,2,0,老师是好老师，但是讲课确实没营养
119644,1739,叶欣,2019-11-14 12:29:10,3,4,1,我  很  纯  洁\n\n我和你们的人格是一样的\n\n我很尊重你们\n\n嗯你们真有意思\n\n你们真棒\n\n第一节课语录
119645,1739,叶欣,2019-11-14 12:30:30,1,4,3,白莲花受不了
119648,1739,叶欣,2019-11-14 13:01:26,2,2,0,因为教务网的失误，一部分人教材买错了，老师自费为我们统一购买，太感动了
119649,1739,叶欣,2019-11-14 13:16:05,0,3,3,全程站在道德制高点，仿佛失去科普功能的b乎emmmmm听得实在不舒服
120430,1739,叶欣,2019-12-04 15:14:10,0,0,0,老师还是很不错的呀
120879,1739,叶欣,2020-01-18 03:01:09,0,1,1,很细心的老师，考试都是笔记的内容，平时有烦心事可以找她帮忙！拿了4.8不错了
121273,1739,叶欣,2019-12-24 17:09:16,4,4,0,讲道理，感觉礼仪通论有点鸡汤+形式主义+教条主义，不是针对老师，也不是说礼仪不重要，但是从我个人来说很反感这些教条。
123031,1739,叶欣,2020-05-03 15:45:20,2,2,0,大晚上出分来评价一波，就课程本身的内容不谈，叶老师本身是一个很好很温柔的老师，上大学第一次有老师因为课程疑惑主动给我打电话，老师很好，每次作业努力认真，老师会看到的。
123163,1739,叶欣,2020-05-14 07:31:50,3,3,0,给分是真好啊！管理沟通，不是组长也满了！
123247,1739,叶欣,2020-05-25 10:51:58,0,1,1,老师人很不错，但是上课内容过于鸡汤，影片资料年份久远，恕不能接受。
123432,1739,叶欣,2020-06-09 01:45:03,0,0,0,老师人真的很好，我因为身体原因没参加考试都让我补了
123727,1739,叶欣,2020-06-13 03:16:50,1,3,2,老师给分也太好了吧，水出一个满绩
124483,1739,叶欣,2020-07-01 23:58:28,2,2,0,一门让心灵放松的课，平时作业少，认真做就行，考试之前认真背一下知识点，分数就不会低。
124870,1739,叶欣,2020-07-14 05:19:04,-15,4,19,分数结构不提前说清楚，很不合理，恶心🤢
125835,1739,叶欣,2020-09-14 15:24:08,3,3,0,上礼仪通论的老师，真的人很好，很亲切，聊天很舒服
127628,1739,叶欣,2020-11-25 06:07:47,27,31,4,作为一个留学生的角度来评价 作为是一位认真的老师 由新冠疫情无法去中国上课 不得不线上进行上课 针对把每位学生积极参与课堂互动 以及不管你是中国或国际学生 每位学生都有追求在课堂所获得的欲望 我也知道有些特征国家的学生不认真学习 经常缺课 作业也没交 但通过这意见我想给大家强调一下 我们也出国来到中国兢兢业业地认真学习 对于我认识到这位老师是我的人生中遇到了最大的幸运 挖掘学生的潜力 平等的对待学生 应当学生要积极参与互动课堂 叶欣老师不仅是在管理学院而是代表浙大一流的老师之一 强烈推荐给你们
132904,1739,叶欣,2021-02-04 17:04:11,0,0,0,给分不好
132925,1739,叶欣,2021-02-05 04:06:40,3,4,1,老师人挺好，但给分真的不太好。平时每件事情都认真做了，抵不住期末直接扣十几分。
135147,1739,叶欣,2021-05-03 17:25:18,-4,3,7,满了，给分不错
136234,1739,叶欣,2021-06-13 09:03:14,1,1,0,真正善良，真正正直的老师
137432,1739,叶欣,2021-07-04 06:51:54,5,7,2,老师是好老师，尴尬也是真尴尬
138555,1739,叶欣,2021-07-09 18:08:05,3,3,0,真的喜欢这位老师，可以说是浙大的最最最最认真负责的老师之一！！给她满分💯
139055,1739,叶欣,2021-07-12 09:54:57,4,6,2,管理沟通\n\n老师人很好，这门课事有点多的，最后4.8
140963,1739,叶欣,2021-09-18 11:18:29,1,2,1,老师温柔似水，尊重学生，能学到东西，至于绩点还没考试不太了解
140968,1739,叶欣,2021-09-18 13:33:14,1,1,0,人超好
142050,1739,叶欣,2021-11-04 16:42:11,2,3,1,是我目前上的最好的一门课，碰到的最好的老师
142056,1739,叶欣,2021-11-20 00:32:42,0,1,1,老师很温柔 给分很好
142154,1739,叶欣,2022-01-10 09:22:37,4,5,1,事情很多，最后过一遍PPT就能考得很好，大题考一些比较实用的内容，前面那些概念性的知识一般考判断题。我第一次上通识课啥也不懂，花了很大功夫做作业，最后3.9，这才知道这课给分是按期末考试来的...
142915,1739,叶欣,2021-11-17 10:25:59,2,2,0,春风化雨
143200,1739,叶欣,2021-11-21 10:34:32,5,5,0,老师非常非常认真，各种要求都讲得非常清楚也乐意和学生沟通，对提交的作业会做很充分的反馈。自认为还是学到了不少实用的东西的，事情确实有些多但也还好。分数真的是一分付出一分收获，提醒大家一定要注意网课截止日期，别问我是怎么知道的。
143318,1739,叶欣,2021-11-23 08:38:33,1,2,1,小组分的只有我们组里有憨批，小组展示又是第一组，展示直接寄了(老师人还是很好的)
143407,1739,叶欣,2021-11-25 08:05:12,13,17,4,虽然很多人都说这个老师好，我当初选上课的时候也觉得自己选上J类很幸运，六年过去了，再看到这个老师的名字，成绩已经不重要了，但心里还是有些委屈。小组作业互评中一个男生说我的作业引用书比较多，我确实也引用了，也标注了，因为感觉都是自己的话会显得略失学理（文科生一直的理解hhh），老师当时就认定我抄袭，课后也打电话来问我是否真的抄了。虽然老师语气很温柔，但被认为抄袭我很难过，也在电话中向老师详细解释了，我确实没抄，也标注了引用，老师当时也没说啥，最后分数极低。至今记忆犹新
144482,1739,叶欣,2021-12-22 00:50:24,0,2,2,老师人超好很温柔 给分一般
144579,1739,叶欣,2021-12-22 11:13:46,0,2,2,很好的老师，给分一般可能是我最后期末考试没考好，上课的氛围很好很喜欢
146274,1739,叶欣,2022-01-06 06:19:35,-4,3,7,课非常水，一开始觉得学不到东西，但是对比一下其他通识课又觉得这门课期末简单，给分合理也还不错。分数主要与期末、小测有关。期末就是考PPT，突击一两个小时就够了。平时不用举手，作业稍微参与参与就可以了。叶老师不卡绩，好好考期末拿89分（4.5）还是不难的
148215,1739,叶欣,2022-01-12 02:02:23,-2,4,6,上课尴尬，给分客观，反正不好
152269,1739,叶欣,2022-04-01 05:22:04,0,1,1,还不错
152470,1739,叶欣,2022-04-12 10:39:10,11,11,0,叶老师给我的感觉用一个词概括的话，是落落大方。很庆幸能遇到这样一位身体力行地实践自己专业知识的老师，感觉绩点不重要了😁朝闻道夕死可矣！
152589,1739,叶欣,2022-04-15 10:49:34,4,4,0,我感觉老师很好！学到的最重要的观点是“事事有回复”之前线上上课，之后的学期又在教室偶遇了老师，进教室打了个招呼，老师之后还特地发钉钉感谢我\n\n呜呜 管理沟通重在言传身教
153200,1739,叶欣,2022-04-26 14:45:35,10,11,1,管院专业课，上课不错，但是给分还是和预估差距比较大吧
153480,1739,叶欣,2022-05-01 10:42:05,2,4,2,是一个很求是的老师吧，就是你的每一分都是可视的，考勤多少，两次小测多少（你自己多少分就是多少分），课上两次讨论课是多少（这个不会为难你，一般都是给满的），小组作业有多少（综合小组作业质量和组内评分），期末考试考多少，一分一分加起来就是你最后的分数，是只要你自己付出努力回报不会低的课。很喜欢可可爱爱的叶欣老师
157283,1739,叶欣,2022-06-23 00:27:31,5,5,0,通识选修的管理沟通\n\n上课内容很水，鸡汤确实也不少，很多案例给我的感觉像是牵强附会。但是老师的言谈举止确实很能诠释这些理论内涵，听老师上课完确实也有些洗心般的感觉。\n\n再说给分吧。不可否认成绩是透明而求是的，自己一分努力一分收获。但另一方面，老师调控成绩的力量也很明显：得分率不算高的课堂小测，低得甚至令我吃惊的小组作业得分……最后的给分比我预估的情况要差些就是了。\n\n据说老师明年一月就要退休了，我也不知道她下学期会不会继续开课。就这样吧。
157288,1739,叶欣,2022-06-23 01:03:50,4,4,0,考oop前看了一眼，发现出分了\n\n麻了有点emmm\n\n老师本身人不错，沟通起来也比较舒服\n\n给分实在是有点，小组作业分特别低，quiz想拿高分也很难，quiz扣完就已经没法满绩了\n\n最后算了一下期末也没考好\n\n只能说感觉挺认真了吧， 作业也是认真做的， quiz和考试也是背了的\n\n这个绩点有点无法接受， 算是得分最低的一门通识了吧
157303,1739,叶欣,2022-06-23 01:36:00,0,0,0,叶欣老师是我遇到过最认真的老师！对于每一个同学都给予充分的尊重。有一次她要去赶校车，我拉着她拍照，她拍完之后急匆匆地走了，后来还给我发消息说赶上了，让我不要担心。真的好温暖～
157431,1739,叶欣,2022-06-23 08:09:12,0,0,0,谢谢老师捞我
157735,1739,叶欣,2022-06-24 13:26:40,2,4,2,真的好鸡汤的课，只能说这种课不太适合我，实在是太没有逻辑性了，小测和考试都比较求是，老师人很好，但是给分和课程内容真的一言难尽
160944,1739,叶欣,2022-10-20 14:03:32,0,0,0,非常好
161416,1739,叶欣,2022-11-07 00:45:13,2,2,0,又是想念叶老师的一天
162579,1739,叶欣,2022-11-26 07:05:13,2,2,0,如沐清风
163592,1739,叶欣,2022-12-15 12:44:36,1,1,0,老师真的是非常好的人，那天心情不好，上晚课听老师分享她的经历和感受，真的一下就被治愈了。而且课上教的沟通的知识也是非常有用的。管理沟通真的强推家人们！
164223,1739,叶欣,2022-12-19 12:05:39,0,0,0,老师人很好\n\n但是感觉学不到啥 可能是我太水了...
164394,1739,叶欣,2022-12-20 14:33:50,0,0,0,叶老师语音语调都软软的感觉，让人听了很舒服，给分不错
164840,1739,叶欣,2022-12-26 14:52:00,1,1,0,超级无敌温柔的老师捏，是叶老师教的最后一学期管理沟通班了，老师明年就退休了。是为每个学生着想不怕麻烦的好老师~~~~
164867,1739,叶欣,2022-12-27 04:49:32,2,2,0,先不论教学水平如何，但确实从言行举止、对学生的态度上传递了她的理念，有幸能上她退休前的最后一堂课
165990,1739,叶欣,2023-01-10 15:32:53,7,7,0,如果老师仍然开课，我非常不建议非专业尤其是理科的同学选择。上课没有意思，课后任务繁重，总有文科生喜欢无意义地卷。我的绩点是我现在所有课程中的最低。当然，由于谎话说了一万遍自然也成为了真话，我相信老师本身一定是一位认真做人的人。听闻老师即将退休，这门课的评判也失去了意义，千万的难过只能等待时间去抚平。既然有缘分相识，也祝愿老师日后能够健康幸福！
166003,1739,叶欣,2023-01-10 16:52:28,1,2,1,emmm，成绩出来绩点4.2，看平均绩点可能在中上游。本人工科生，线下课全程水作业水手机，偶尔听听；先上后基本不听。教材没买，小组作业还算比较积极，但是所有知识点来源都在智慧树上面，稍微做了点笔记。考试应该不算好，也不是很用功，最后的小组展示也不清楚给分如何。只能说，理工的可以选，但是你要做好被文科生特别是管院的家人们卷的准备。伤心程度肯定是不一样的。线下上课时他们的踊跃发言总是能让我感觉挺打不起兴趣的。（可能这就是我跟他们的差距所在吧）总之，可能分数不算太高，不高兴也不失望。叶欣老师本身没啥好说的，上她的课肯定会被她的待事态度狠狠感动到。9分吧。
166022,1739,叶欣,2023-01-11 00:48:40,5,5,0,老师很好，课不好，给分不好。
166055,1739,叶欣,2023-01-11 03:34:36,0,0,0,给10分了，叶老师确实是个好老师，结课后亲自来给我答疑，待人接物方面没得说，跟着叶老师也确实学到东西，但是管理沟通这个课的安排真的不敢恭维，同时又是某专业二选一主修课，事情很多，给分真的不高，希望之后能改改考核方式。。。如果是理工科的同学还是慎选吧
170443,1739,叶欣,2023-03-05 03:27:33,2,2,0,超级喜欢叶老师，老师本身超级温柔！在管理沟通方面可以说是很难得的真正做到了知行合一。平时基本没有作业，上课也是可听可不听，发言什么的都是自愿的，和成绩没有任何关系。lz基本没有在这门课上花什么时间，考试内容很少，小组展示也挺愉快的，最后4.8感觉非常不错了。最后，叶老师应该已经退休了，希望老师能一直幸福开心下去！
174042,1739,叶欣,2023-06-06 01:56:16,2,2,0,是好老师，祝退休快乐
59071,1777,王世良,2017-09-19 10:17:20,-5,4,9,水个分，班主任，很和蔼！
75967,1777,王世良,2018-03-23 02:26:02,6,11,5,没见过这么恶心的老师 说话就让人想吐 每次课鬼鬼祟祟点名认脸 课间休息审问你为什么迟到 有这个时间提高一下讲课水平可以吗 十年如一日的课件和作业 到了大三还在问你“读大学究竟是学什么” 呕吐
78355,1777,王世良,2018-05-11 05:27:40,8,22,14,有零分我真是想打0分。从不改进自己的讲课水平，却只是想靠暗地里点名认脸留住学生，呕吐
78846,1777,王世良,2018-05-15 16:29:45,3,8,5,客观的说，不否认老师学术研究有一定水平，但授课水平确实不高，上课内容老套脱离时代，互动提问尴尬，且不会聆听同学观点只进行自己的观点输出，对于中小学式教学理直气壮，假装民主询问同学对于课程意见之后又逐条辩驳，老学究式的教学不如去搞科研。哦对了，点名认脸还不公开成绩占比。
87571,1777,王世良,2018-10-07 08:33:51,1,8,7,老师很有水平 我很喜欢 不知道为啥分这么低
88129,1777,王世良,2018-10-23 00:12:55,-2,4,6,王老师是个好老师
92001,1777,王世良,2018-12-25 10:16:17,0,4,4,老师人很好。
94889,1777,王世良,2019-01-18 12:10:09,4,6,2,王老师是个好老师，但是我觉得我要挂科了
104070,1777,王世良,2019-03-11 11:43:00,1,5,4,王老师很认真负责，是个好老师，不明白为什么评分这么低
124150,1777,王世良,2020-06-25 14:51:15,4,6,2,首先这个老师的课真的无趣的不得了，可以的话强烈建议大家可以选其他老师。再者介意绩点的同学完全不用考虑了。最后，留学生同学看到这个老师赶快跑！在班上问问题的时候完全无视留学生有时还针对? 一直用藐视的语气和眼神在跟我们说话 当我们问的问题是白痴问题的样子。。真的不知道他的师德去了哪里。。。上他的课我就觉得是浪费时间 他也觉得快乐的来源就是让学生不及格＋重修  bye
153842,1777,王世良,2022-05-13 02:58:11,2,3,1,从未如此讨厌过这样一个老师
153866,1777,王世良,2022-05-14 06:02:04,3,3,0,平均一节课布置一个大作业，认脸点名，讲课没重点，怎么会有这样的老师
164296,1777,王世良,2022-12-20 07:05:10,-1,0,1,挺好的老师
168578,1777,王世良,2023-02-20 02:41:53,1,1,0,非全，是我挺喜欢的老师，讲课也挺有意思，不知道评分为什么这么低。
169340,1777,王世良,2023-02-25 12:50:08,0,0,0,照本宣科，死气沉沉，作业不少，给分不多
215590,1777,王世良,2025-03-02 02:50:02,0,0,0,王老师很负责任，讲的也好，也有实力，自身能力强
32656,1854,张建林,2016-07-08 16:23:46,4,5,1,老师基本上属于不点名?（可以代签），很随和！
32781,1854,张建林,2018-11-22 12:58:29,-1,1,2,脾气超级好，很有耐心
49660,1854,张建林,2018-06-21 02:00:43,2,2,0,不知所云
51856,1854,张建林,2017-06-12 14:30:48,1,1,0,不知所云
58784,1854,张建林,2017-09-17 12:17:54,0,0,0,啦啦啦
83854,1854,张建林,2018-07-11 10:25:10,2,2,0,对不起一个小时写个网页出来真的做不到啊
83864,1854,张建林,2018-07-11 11:02:42,-9,0,9,老师上课不点名，结课了在考试前去问问题态度也特别友好，我明明学得稀烂卷子最后一道大题没写完，居然也有4.2。为老师留下zqsg的泪水
83994,1854,张建林,2018-07-11 16:16:41,2,2,0,不知所云...
84440,1854,张建林,2018-07-13 00:55:22,0,1,1,web程序设计：上课讲的很随意，没学到东西，考试全靠背。
136232,1854,张建林,2021-06-13 08:46:34,2,2,0,就是垃圾，讲的稀烂，就这还当web老师？
157176,1854,张建林,2022-06-22 07:18:50,2,2,0,讲得不好，得自学，拖到期末压力很大，期末不调分，难绷
166344,1854,张建林,2023-01-21 10:01:21,4,4,0,什么都不教，什么都要求，真是某院特色。
25020,1856,朱允卫,2016-05-05 01:26:04,2,2,0,轻松，给分好
25047,1856,朱允卫,2016-05-05 03:57:31,1,1,0,给分好 考试开卷考简直抄答案抄到手软 轻松
48581,1856,朱允卫,2017-03-08 00:34:30,2,2,0,农经的好老师！
72676,1856,朱允卫,2018-01-31 00:21:39,-2,1,3,上课水，无聊，给分也不好
123735,1856,朱允卫,2020-06-13 04:26:57,3,4,1,给分超级好，事情超级少，有干货
154715,1856,朱允卫,2022-06-04 06:13:07,5,5,0,给分好，事少。真正的“学生友好型”老师\n\n此外老师长期从事社会服务、政策研究工作，对乡村的现状有非常独到的见解。上课认真听真的能有好多启发d(^^*)
102636,2003,姚威,2019-02-15 16:15:09,1,2,1,老师挺年轻，有待进步
110340,2003,姚威,2019-06-25 20:55:08,0,0,0,毛di讲的不错
121211,2003,姚威,2019-12-29 02:11:59,0,0,0,。。。
200096,2003,姚威,2024-10-13 01:08:12,2,3,1,老师很有骨气，上课很有氛围
3876,2009,周帆,2015-06-17 07:13:02,-5,13,18,周帆老师是男神好伐！知识渊博又温柔，真的超级温柔的！完全把学生当孩子看！唯一不好哒就是作业略多，而且经常周三布置周五展示 还开玩笑说管院好闲，像养老院似的
8170,2009,周帆,2015-09-17 08:38:02,-4,3,7,很不错的老师
10695,2009,周帆,2015-11-23 01:13:04,-1,7,8,楼上所谓的“男神”标准真是低啊，“男闺蜜”更靠谱吧...\n\n\n\n讲课还是很好的，课程内容也不错。
13763,2009,周帆,2015-12-30 16:46:28,2,4,2,性别男
21364,2009,周帆,2016-02-28 09:10:07,0,5,5,很爽 信息量很大
23526,2009,周帆,2016-04-05 01:34:19,-7,0,7,好老师啊啊
25069,2009,周帆,2016-05-05 06:32:38,-2,2,4,知识渊博 人有点搞笑
26060,2009,周帆,2016-06-15 09:24:24,0,9,9,男神，知识面很广，讲课字字珠玑
29950,2009,周帆,2016-06-30 14:36:48,0,2,2,有很多知识量的老师，赞一个
35101,2009,周帆,2016-11-02 07:56:16,-1,2,3,知识面广跨度很大要认真听才能跟上
35102,2009,周帆,2016-11-02 08:03:42,5,7,2,天马行空，缺少结构，理论难以结合实际…对企业的体验感弱。\n\nppt用英文，表达口齿不清晰。
50506,2009,周帆,2017-05-03 08:04:10,-11,1,12,博学幽默有趣！！！！
52688,2009,周帆,2017-06-22 06:52:17,-9,1,10,老师幽默又温柔，作业也不多啊
80476,2009,周帆,2018-06-27 02:53:43,-3,3,6,最好的几个老师之一，有实践经验，有理论知识，上课会启发学生
83614,2009,周帆,2018-07-10 23:58:16,-6,1,7,老师人很好，但是如果上课可以更加有条理就更好啦
84595,2009,周帆,2018-07-13 09:11:46,0,2,2,我觉得他想讲的内容适合去人文学院开门课……上课讲的时刻在跑题，ppt也不是自己做的，没好好备课，给分也不好。
107387,2009,周帆,2019-05-04 16:42:52,-7,2,9,非常有内容的课！！！周帆老师是男神了！！
107823,2009,周帆,2019-05-10 05:20:07,-3,2,5,是一种享受
129448,2009,周帆,2021-01-05 12:45:06,4,5,1,老师的有些例子会让人感觉不太尊重人，尤其在前面加上一句“啊，这样说其实不太好”，然后又接着往下说。\n\n不过有几个大的案例分析讲解得很鞭辟入里，值得一听。
132295,2009,周帆,2021-01-31 15:00:45,-7,1,8,出分前来评价下老师。周老师人很好，会尽力记住每位同学。而且老师也很外向，很真诚，会和我们说很多东西。我感谢老师，尤其他对于管理对于人生的一些见解，给我带来启发。
135546,2009,周帆,2021-05-13 06:39:42,5,6,1,老师人不错……但给分差的让人难以置信……
135547,2009,周帆,2021-05-17 03:29:32,10,10,0,绩杀！！！
137531,2009,周帆,2021-07-05 03:42:18,13,14,1,给分又差讲的又不好 一塌糊涂 一门绩杀毁了我半个学期的快乐 差到极点
137698,2009,周帆,2021-07-05 15:49:36,2,2,0,天马行空，确实自己阅读量很大，但课程比较一般，从教课方面来说，条理性和重点都不强。
140042,2009,周帆,2021-08-23 15:01:30,5,5,0,垃圾，绩杀
140761,2009,周帆,2021-09-16 00:54:56,3,3,0,不是，这么绩杀老师谁打的这么高，三观还不正
140933,2009,周帆,2021-09-18 02:57:49,4,5,1,喵 为什么没有零分 太适合他了
140934,2009,周帆,2021-09-18 02:59:54,1,1,0,hhh
142234,2009,周帆,2021-11-09 05:33:18,2,2,0,懂的都懂
142663,2009,周帆,2021-11-30 00:59:07,8,9,1,垃圾周帆，这种给分很差，作业又多的上课还在讲女生放荡的老师三观不正。0分
143185,2009,周帆,2021-11-21 03:07:40,3,3,0,本来周宏庚老师上的管理研究方法，不知道为什么选完课后又变成周帆了。总之这个人三观不正，并且教学毫无条理，想一出是一出。从领导力开发到管理研究方法，可以说是受够了他的折磨。事情多且要求杂乱，给分也不好，排雷。
143642,2009,周帆,2021-11-29 16:18:18,21,23,2,快逃，逻辑混乱，跑题家常便饭，从未听出什么课程框架，也不知道自己到底学了个啥，总是带着对我们这一代人的无知和不够了解偏见和狭隘化我们，三观不正，讲课内容不适，印象最深的是开玩笑似的谈论割腕和自杀，用枪指着头更勇敢还是心脏更勇敢，随手举的例子在我看来都有一点偏见和歧视感，甚至连续两节课问大家，有没有尝试过用暴力让你的室友屈服于你，讲商业的阴谋论阴暗面和做人表里不一夸大到了淋漓尽致，开课一周尽管组完队还有三个人退课，很难不逃。
150218,2009,周帆,2022-01-20 12:23:59,-1,0,1,为什么没有0分？
150268,2009,周帆,2022-01-21 06:52:04,1,1,0,不值得啊不值得
152704,2009,周帆,2022-04-18 14:09:14,2,2,0,呃呃呃
152730,2009,周帆,2022-04-19 03:16:52,10,10,0,这个老师是不是厌女啊，上课举例总拿女同学举不好的例子（如职场里勾心斗角，耍小手段），事情多，还开一些自以为很有趣，但其实很让人不适的玩笑，老师明确说座位坐的考前就会分高。。。。无语
153764,2009,周帆,2022-05-10 10:30:56,0,1,1,给分g
153828,2009,周帆,2022-05-12 09:19:43,4,4,0,…nt
153910,2009,周帆,2022-05-16 13:06:05,-1,1,2,能看出来周帆老师人应该不错，也许在别的方面也很优秀，但教学实在是一塌糊涂，《领导力与组织行为》这门课不知所云，上了半天课了，还不知道自己PPT放错了，东扯西拉，毫无框架可言，我无意人身攻击，没时间也没必要那样做，纯粹就事论事，这个教学放到MBA会影响浙大MBA这块招牌。
154013,2009,周帆,2022-05-19 05:08:41,1,2,1,完全不知所云，把学生做的ppt拿来给mba上课，讲的内容和ppt完全对不上，垃圾课！浪费学费！
154106,2009,周帆,2022-05-23 08:43:49,1,1,0,不太行~
154165,2009,周帆,2022-05-25 03:01:20,9,11,2,垃圾周帆，管院之耻
154187,2009,周帆,2022-05-25 12:50:41,2,3,1,1分我都觉得高，为什么没有0分
154464,2009,周帆,2022-06-02 00:11:07,-2,1,3,多在他前面活跃起来！
154470,2009,周帆,2022-06-02 01:09:09,2,3,1,快逃........
158388,2009,周帆,2022-06-29 02:37:24,3,5,2,如果你愿意在课上分享有关自杀的想法，请选周帆！\n\n如果你愿意拍一堆垃圾视频，请选周帆！\n\n如果你愿意被定义为垮掉的一代，请选周帆！\n\n如果你愿意被毫无理由地绩杀，请选周帆！
160641,2009,周帆,2022-09-29 03:35:12,0,0,0,三观不正
173102,2009,周帆,2023-05-13 11:49:12,0,1,1,绩杀。z
176240,2009,周帆,2023-06-28 06:49:55,1,1,0,感觉没有三观不正的问题，怕我们误会提到敏感话题还会特意强调。对学生很耐心，给分也不错~都是4.2 4.5的，和付出差不多
176522,2009,周帆,2023-06-29 07:42:56,1,1,0,作业拍小视频属实无语
178504,2009,周帆,2023-07-13 02:48:30,2,2,0,我感觉周帆老师本人阅读丰富，讲课真的很生动有趣。领导力开发是我在管院为数不多的每节课都认真听讲的课。而且，我真的不理解为什么大家都说他三观不正。我自己上课感觉是完全没有这种问题。老师只是在讲述真实生活中发生过的事情，用作课堂例子。（我这条评论只是表达我的真实的课堂感受）
192282,2009,周帆,2024-05-13 13:06:34,0,0,0,。。。
193024,2009,周帆,2024-06-02 15:15:20,1,1,0,团队沟通课，上课很有趣，会拓展很多“厚黑学”和其他东西\n\n（个人体验下来和前面的评论感觉不一样，是不是之前的评论有点老了，或者评价的人因为绩点不好就开喷了）\n\n\n\n高绩点攻略：经常回答，让老师记住你；写的东西有趣一些、观点独特一些；（几乎可以这么说，你越默默无闻，绩点越低）
11538,2035,徐伟青,2015-12-04 01:08:32,21,28,7,很少点名，虽然平时作业有点多，但期末给分很好，还是能学到很多东西的
20279,2035,徐伟青,2016-01-27 02:06:18,3,3,0,很认真地授课，给分很好
20283,2035,徐伟青,2019-02-26 06:11:23,1,4,3,老师讲课非常认真负责 建议修读
20326,2035,徐伟青,2016-01-27 04:17:09,4,8,4,老师有一种优雅的气质，讲课也有一种非常专业的感觉，除了平时作业多点，基本上没什么不好
20332,2035,徐伟青,2018-04-06 14:42:56,1,2,1,老师知识储备蛮丰富的，给分也挺好
20379,2035,徐伟青,2016-01-27 08:47:50,4,4,0,很棒的老师呀～上课很踏实很专业。
22656,2035,徐伟青,2016-03-09 10:46:58,0,1,1,老师人挺好上课认真给分好
22951,2035,徐伟青,2016-03-15 06:16:04,3,3,0,给分超棒的  上课不刁钻 不错
24311,2035,徐伟青,2016-04-29 09:45:41,0,1,1,给分很高，只要认真做好作业。推荐修个性。
33620,2035,徐伟青,2016-09-20 11:01:06,10,25,15,求问徐老师市场营销怎么样？
34052,2035,徐伟青,2016-09-26 06:52:06,2,3,1,老师上课真的很棒啊    但是想问上课发言比重高不高啊  不喜欢发言但是要记录
45658,2035,徐伟青,2017-01-20 02:12:10,4,5,1,上了老师的公共关系学，课程很有内容不水，平时作业的话有一个小组公关报告、一篇个人随笔、三个随堂案例讨论，稍微有点多，期末开卷考很容易。老师人很nice，特别乐于回答学生的问题，上课氛围也很好，而且给分超赞，堪称绝佳的个性课程！
47098,2035,徐伟青,2017-06-20 07:30:53,2,2,0,女神老师必须满分
47103,2035,徐伟青,2017-01-24 00:20:11,1,1,0,虽然上课个人感觉一般，但老师人真心好！给分确实好，感动~
47111,2035,徐伟青,2017-01-24 01:41:58,1,1,0,老师上课不照本宣科 挺有意思的 且给分超好～
47174,2035,徐伟青,2017-01-24 09:32:24,1,1,0,很温柔的老师，上课会分析很多案例，能学到真材实料~期末给分也很好，你值得拥有！
50172,2035,徐伟青,2017-04-30 16:03:11,1,1,0,最爱徐老师
50514,2035,徐伟青,2017-05-03 08:49:04,1,1,0,服务营销给分没有想象中那么好
58809,2035,徐伟青,2017-09-18 02:36:20,0,0,0,感觉挺棒的
61765,2035,徐伟青,2017-11-20 18:41:25,1,1,0,人挺好，给分也好
100502,2035,徐伟青,2019-01-26 08:13:32,0,0,0,老师人挺好的，就是出分慢。
101579,2035,徐伟青,2019-01-28 13:22:42,0,0,0,老师给分也太好了吧
103766,2035,徐伟青,2019-03-05 06:41:45,4,6,2,服务营销。老师人很好，听说还在美国待了一年，但是格局很小，讲case可以看出在努力往新服务业靠拢，但是事实上分析不深入，是我们学生也能讲的水平。
123446,2035,徐伟青,2020-06-09 03:31:44,3,5,2,类似于管理学，但老师人很好，平易近人，授课内容比较充实，侃侃而谈。偶尔会课堂签到，上课发言有加分，性格内敛不喜发言的同学比较吃亏。平时作业比较多，主要是小组作业。期末考试不难，一波人提前交卷
130574,2035,徐伟青,2021-01-23 17:10:13,4,4,0,徐老师yyds，公共关系学，讲课真的很有意思，她有一种特别优雅的气质，工科同学当个性修读非常好，最后给分给满了！！超赞！！
132458,2035,徐伟青,2021-02-01 16:35:08,5,7,2,老师真的是天使吧 这给分也太好了 我自认为最后考试没考好 竟然给满了？这门课虽然事情不少，但是可以学到很多东西，老师也讲的很尽责很有趣
140403,2035,徐伟青,2021-09-10 14:39:28,1,1,0,推荐当个性，课程氛围很好，喜欢老师
154722,2035,徐伟青,2022-06-04 07:25:53,1,3,2,老师人是好的，品牌创建与管理讲的不怎么样，营销学的很多概念咬文嚼字，作业感觉在浪费生命
166700,2035,徐伟青,2023-01-13 09:02:14,1,2,1,感觉给分一般。。
169894,2035,徐伟青,2023-02-28 08:51:26,1,2,1,讲课内容一般，但是给分不错，人很温柔。一定要卷平时分！一定要多回答问题！
174879,2035,徐伟青,2023-06-19 09:09:17,6,8,2,每节课必点名，小组合作按配重打分，非常恶心
175671,2035,徐伟青,2023-06-26 07:05:58,1,1,0,品牌课，小组作业占总成绩80%，其中40%是互评，人际交往能力不强的同学还需慎选
179806,2035,徐伟青,2023-09-20 01:11:46,0,1,1,徐老师优雅！女神！管院好老师！
192152,2035,徐伟青,2024-05-10 06:06:53,3,3,0,布置小组作业给的时间非常极限紧张
443,2087,章重远,2015-03-15 02:30:07,52,65,13,peter超棒！纯正的英国口音，绝对是浙大老师口语最高级别，也很博学很为学生着想！绩点低的只能怪自己平时不认真！
634,2087,章重远,2015-03-15 08:59:08,78,105,27,绝对男神啊啊啊！虽然目前只是导师，但是上课很幽默博学，英英不能更纯！（听多了耳朵会怀孕啊！(☆_☆)）大概是英国留学回来的缘故，非常gentleman!
1185,2087,章重远,2015-03-21 16:27:20,30,36,6,男神不解释
4723,2087,章重远,2019-08-13 18:33:25,35,39,4,Peter是我来浙大发现的最好的老师
5788,2087,章重远,2017-08-29 03:56:54,12,15,3,棒
6687,2087,章重远,2015-07-18 17:12:20,8,12,4,现在最喜欢的老师 数学系卢兴江 管理学院章重远
6713,2087,章重远,2015-07-19 11:15:56,11,25,14,其实男神的课属于基本听不懂的状态
8513,2087,章重远,2015-09-22 03:23:07,1,4,3,男神我爱你啊啊啊啊啊啊
10043,2087,章重远,2015-11-14 17:30:26,32,36,4,來到浙大最喜歡的老師沒有之一啊，課程非常有內容，真的可以學到很多，英文發音比我大英課的老師還標準，不過英文聽力不好的不建議選不然就浪費了這樣好的課
11258,2087,章重远,2015-11-26 03:25:05,4,6,2,啊啊啊，Peter真男神，可惜我太渣，拼写Peter这个词都要百度……
11326,2087,章重远,2015-11-27 03:22:19,-1,2,3,因缺斯汀
12470,2087,章重远,2015-12-23 10:57:48,2,3,1,好好好
19363,2087,章重远,2016-01-24 03:01:09,5,8,3,章男神的课绝对值得听～比其他中文管理学班的有趣有用太多
19424,2087,章重远,2016-01-24 07:45:16,1,2,1,绝对男神！
20004,2087,章重远,2016-01-26 01:46:06,1,3,2,认真预习仔细听还是能学到很多东西，男神啊啊啊啊！！！很棒的课很棒的老师
20641,2087,章重远,2016-01-29 09:25:16,1,3,2,幽默的男神，给分公正，上课是一种享受
20662,2087,章重远,2018-06-12 03:38:14,20,24,4,Peter是个认真对待这份职业 超级负责的好老师 曾经问了一个问题 结果很快收到满满的回复 口音也很赞哟 平时认认真真看完课本考试一定会有回报滴
20698,2087,章重远,2016-01-30 02:59:44,4,5,1,男神！
20743,2087,章重远,2016-01-30 16:51:05,3,4,1,很好听
20834,2087,章重远,2016-02-01 12:37:48,0,1,1,好老师不解释
20844,2087,章重远,2016-02-02 03:12:48,-4,12,16,我真的⋯⋯只能说慎选⋯⋯英文好的也别太自信⋯⋯像我大英4.5管理学只上3⋯⋯后悔没改预置选一门中文课（除了英语特好的其他真的别选大实话大实话）
20847,2087,章重远,2016-02-02 04:49:35,1,2,1,虽然好多听不懂，，，但老师的口语真的很棒，也能学到很多东西，给分也很好
20930,2087,章重远,2016-02-04 09:37:31,23,27,4,上课内容比较有趣，评分方式合理，期末试卷出得好能看出学习质量。给分个人认为挺公正的，什么水平就是什么分，很感激在一个不怎么公平的制度下遇到Peter。
21663,2087,章重远,2016-02-29 13:19:06,3,5,2,严谨负责，上课有趣，给分公正，口音纯正～绝对男神～
21680,2087,章重远,2016-02-29 15:18:09,4,5,1,peter英语超级好！人风趣幽默，每周都好期待他的课！只要努力，分数很好看……啊啊啊好想再上一次！
21726,2087,章重远,2016-03-01 02:00:05,-4,9,13,大家都说他发音超纯正超好听……我觉得也就还好吧。给分坑，刷分党慎选。不过总体还是好老师，不是上课水水过的那种。
22173,2087,章重远,2016-03-15 12:39:47,4,6,2,老师真的超级好，超有气质，上课也很有趣很有趣
22814,2087,章重远,2016-03-12 10:15:00,1,4,3,很让人想念的课和老师，真心男神。
22835,2087,章重远,2016-03-13 08:14:46,3,5,2,超级棒
22977,2087,章重远,2016-03-15 16:51:46,5,7,2,上过老师的社会心理学。很多有趣的实例。锻炼了英语，增长了知识。给分很公正。社会心理学那本教材不好啃，但是只要认真看完就有不错的分数。只可惜，基本没有人能按照要求看完，所以分数低，也没有办法。。。
23074,2087,章重远,2016-03-17 02:04:21,3,4,1,我想问他能做我导师吗？
23129,2087,章重远,2016-03-18 15:56:55,-1,6,7,没有想象中那么好
23741,2087,章重远,2016-04-14 07:40:15,4,5,1,很好啊，发音很好，老师人也很好，很为同学着想，给分的话只要认真准备复习，给分都挺好的！
25671,2087,章重远,2016-06-01 09:41:03,9,10,1,长得帅就算了，发音还好听，发音好听就算了，课还讲的细，课讲得好都算了，他给分还超棒啊！最好的老师，没有之一！
33789,2087,章重远,2016-09-21 16:04:29,4,4,0,会学到很多东西。考试只要自己认真准备就没有问题，强推！
35566,2087,章重远,2016-11-10 07:27:53,3,3,0,老师很好，英文很棒，上课不水
35689,2087,章重远,2016-11-10 07:45:59,3,3,0,老师的课上真的能学到有用的东西。很有思想的老师。\n\n
38317,2087,章重远,2016-11-30 01:51:14,8,8,0,绝对是理想的导师，非常可惜我不是管院的
40874,2087,章重远,2017-01-06 04:49:02,19,19,0,选择去管院有部分是因为这位老师
46730,2087,章重远,2017-01-22 08:34:10,14,14,0,出分前膜一发 老师被叫男神是有道理的！
46753,2087,章重远,2017-01-22 09:19:56,3,4,1,老师超帅！给分高！英音好听！！
46761,2087,章重远,2017-01-22 09:29:31,11,11,0,真的是非常棒的老师呢。英文流利 说到不常见的词汇会用中文解释。 内容有趣 不明白为什么那么有趣的课还有人不听。 每节课有小测  期末考试不会太慌了。给分公平。 体谅学生。 来浙大遇到最棒的老师了
47137,2087,章重远,2017-01-24 04:12:01,3,3,0,虽然最后得分并不好但是他的课就是超级无敌螺旋赞啊！
47448,2087,章重远,2017-04-09 06:35:43,-3,3,6,老师是好\n\n但是为什么这一年管理学出这么难，都是理解体，很多ppt上没有，设问句子那么长。因为以前太简单了吗？最后又给分一般。管理学本身是一门大家绩点都很高的课，现在卷子那么难，大家想上4都不容易，和其他班比，公平吗？
47521,2087,章重远,2017-01-29 04:52:53,8,9,1,绝对男神！超级有思想观点很正人超级好！！！英语口音好听到爆！一开始会讲的比较慢后来会慢慢快一点！讲的内容只要上课认真听下课看ppt还是比较容易的！如果有什么疑问之类的email给他都会超级热心的解答！还会给你安利一些书籍！给分很公正！讲真浙大需要多几个这样的老师！
49283,2087,章重远,2017-04-01 07:38:07,2,2,0,男神不解释
49462,2087,章重远,2017-04-14 09:32:18,2,2,0,很好的老师，真正有独立思想和见解的老师！
49710,2087,章重远,2017-04-24 13:56:01,3,3,0,老师教的很认真，跟分也很好。在浙大，我最喜欢的老师中之一?
63626,2087,章重远,2017-12-10 12:34:52,0,0,0,棒，口音很好啊
63776,2087,章重远,2017-12-14 13:31:07,5,5,0,我见过的管院最好的老师不解释！！！
63777,2087,章重远,2017-12-14 13:31:32,3,3,0,章老师 我爱您！
63778,2087,章重远,2017-12-14 13:32:04,3,3,0,章老师认真的超好！！！超nice
66139,2087,章重远,2018-01-21 07:25:44,-5,8,13,很不好
66140,2087,章重远,2018-01-12 04:44:00,2,6,4,幽默，风趣，成绩凉凉，慎选
66415,2087,章重远,2018-01-16 07:36:49,1,3,2,老师是好，考试贼坑
66985,2087,章重远,2018-01-19 14:32:30,1,2,1,贼棒！！！男神没话说啊啊啊。虽然本渣渣上课听不太懂，但是觉得他是不拘泥于书本，非常有思想的老师，会有小互动，口音超赞的～桌面背景是他的女儿也是萌萌哒！最后，因为今年各种调时间&考场安排不当，老师很耐思地降低了题目难度，而且还延长了考试时间，超赞的！而且对唯一的作业影评拖ddl也会很仔细去问，而不是直接不给分，最后?点也很不错啦～大力推荐。
66994,2087,章重远,2018-01-19 15:42:58,4,4,0,实话上课没怎么听 英语听力还是不错的 我是在期末抱佛脚时候钻研老师ppt才认识到老师真的很有思想很有趣 后悔没认真听 两次小组展示 一篇观后感 期末还是需要花功夫看看书和ppt的 但是还是想说上他的课如沐春风 还学到了不少英语单词
66995,2087,章重远,2018-01-19 15:46:34,1,1,0,一个很有思想的老师~上课很激情的，会和学生眼神交流互动，听展示很认真。事情不多。全英文我听不懂，但是老师英文超好~绩点不高是因为自己抱佛脚吧，后悔没有认真地听课。嗯算是男神级别吧
67036,2087,章重远,2018-01-20 06:13:56,11,11,0,一门管理学感觉上成了社会心理学应用经济学博弈论等等的大成，涉及内容很广，体验很不错
67250,2087,章重远,2018-01-20 14:05:56,2,3,1,老师我爱你！最喜欢的课满了 虽然学的时候觉得很难 但是看完了一本书觉得老师讲的真的好 真的是男神！英语口音也超纯正 人也超好 一点也不水 学会了很多
67262,2087,章重远,2018-01-21 07:28:52,-8,1,9,课很棒，但我作为非酋总是差一分拿不到高绩点，太生气了不想打满分
68313,2087,章重远,2018-01-23 03:12:50,-2,1,3,给分贼好！
68314,2087,章重远,2018-01-23 03:13:58,0,0,0,英语能力超赞，平时小测很头痛，不过学到很多锻炼了自己的能力，复习了很久给分上四啦
68323,2087,章重远,2018-01-23 03:27:38,-5,2,7,不喜欢社会心理学慎选…自己对这门课一点都不感兴趣……期末全英文复习得很痛苦，自认为复习的还可以…最后成绩也不是特别理想…让人有点难受，老师很男神，但绝对比不过复习和出分的绝望
68337,2087,章重远,2018-01-23 03:44:36,1,2,1,英文不好的我真的是硬伤emmm\n\n大家要是选的话就好好听课吧。。\n\n一学期的课水过来。。\n\n期末考试累死累活复习了一个礼拜！全英文的书一个一个字看！ppt一点一点啃下来背！！认真程度简直感动哭我自己\n\n但是老师真的特别温柔！学到的也很多！英文也提高了！（都是复习的一个礼拜所赐我的）\n\n划重点！给分超级好！！拼死拼活学了一个礼拜水了一个学期的课竟然上4了！！！感动！！\n\n\n\n
68340,2087,章重远,2018-01-23 03:55:17,1,1,0,全英文，但是讲的很清楚
68356,2087,章重远,2018-01-23 04:49:43,1,1,0,Peter Zhang男神！！期末复习有点痛苦但值得！！
68357,2087,章重远,2018-01-23 04:51:48,0,1,1,英文基础不错的同学很推荐选啊 英音听的很舒服 也完全不会听不懂 上课还是很照顾学生优先的词汇量的\n\n社会心理学 划了一学期的水 最后看中文书复习的 没花太多时间也上4了
68367,2087,章重远,2018-01-23 05:18:22,0,0,0,很有人格魅力的一个老师\n\n口语很棒\n\n挂科倒是不可能，不过看你学的水不水了
68829,2087,章重远,2018-01-26 16:27:07,0,1,1,好好听课 老师不给小测 想要自己拍
79763,2087,章重远,2018-06-13 10:48:39,0,1,1,超级好的男神233
92570,2087,章重远,2019-01-03 03:32:06,0,1,1,绝妙，超级好
92974,2087,章重远,2019-01-06 12:30:51,1,2,1,人很和蔼，英语特别纯正，课堂特别有内容，不拘泥于课本，能学到很多东西。
93296,2087,章重远,2019-01-09 01:36:28,2,4,2,上他的管理学真的真的是一种享受，PPT做的也很简单易懂，认真听的话真的能学到很多东西。真的真的是一个很好很好的老师!【总觉得自己不配上老师的课…?】全都给我来选!!!∠( ᐛ 」∠)_【motivation from students
93576,2087,章重远,2019-01-10 13:46:28,19,22,3,还没结课，不管结果怎么样必须给老师满分。不是管院的同学，来上这门课一方面是感兴趣，一方面是被查老师大家的评分吸引了，最后完完全全的不虚此行。不吹不黑，小章老师真的，上课太好了，有时候上课走神没有好好听都会觉得很愧疚对不起老师那么认真那么好地上课。老师是真的在想法设法地寻求一种教育（至少是管理学教育）的最好方式，并且对普通同学和留学生都平等对待。老师特别可爱的一点是，说有些内向的自己其实很希望得到大家的肯定，真的是非常努力又认真的好老师，也是非常生动的课堂（只要没有语言障碍 其实老师都用很日常的例子和表达来帮助大家理解）因为小章老师想继续向管理学进发了！ 比心！！
97744,2087,章重远,2019-01-29 00:33:48,3,3,0,有付出就有回报是真实的！！！谢谢Peter老师和温柔的助教姐姐！
99269,2087,章重远,2019-01-24 14:07:10,2,2,0,peter超好呀 上了他的管理学和社心 给分也好呀
99318,2087,章重远,2019-01-24 14:47:50,4,4,0,一个特别有风度的老师~虽然成绩不是很好 但是自己确实差了点 老师真的很好！课堂有激情很生动 英文巨无敌好听！老师很真诚，感觉是全心全意投入教学的。总之，听过就是非常值得了！
101583,2087,章重远,2019-01-28 13:40:18,4,4,0,Peter实在是太棒辽！管理学的课一点也不枯燥，内容也丰富精彩，加入了很多深邃的思想，英式发音格外吸引，问他问题也很耐心。全外文接受起来有难度，但老师放慢了语速，其实也可以接受。感谢老师这么好的给分，也感谢老师的教导
101588,2087,章重远,2019-01-28 13:58:06,6,7,1,老师真的很好！英式口音不要太撩，指导学生也很耐心。听课的话留神一些应该不会有太大的难度，难词老师也会做一下中文解释的。建议选Peter的课还是要坚持认真听呀，不管是从收获还是最终的期末考核来看都是很有帮助的。因为最后复习的时候你会发现ppt上的有些东西没有了老师的讲解确实没那么好理解...课本和ppt都很重要！考完心慌慌最后给分还不错开心^_^
101597,2087,章重远,2019-01-28 14:31:38,7,7,0,听课体验很棒，有付出有回报，想水课勿选
102010,2087,章重远,2019-01-30 03:42:54,15,15,0,一门管理学涉及了非常多心理学的知识，讲的也有意思。能真正感受到，他是一个活着的人，不同于许多老师，能感觉到他真的喜欢教育、真的在乎思想。来自偏远落后地区的我大一选了全英的管理学，也许是一个挑战，但更多的是庆幸与骄傲。从小到大的很多考试会发现大多数老师考的还是比自己想的粗些浅些；但peter是少有的，考到了比我想的更细的程度的老师。不过认真学了一学期管理学，我认为有考试这样的机会来回顾这些有用的知识是很有意思的。“比起make everyone happy，我更愿意奖励hard worker”，不过他的给分其实两者都兼顾到了吧。
102113,2087,章重远,2019-01-30 13:45:32,0,0,0,真的是超级nice的老师啊～给分也很棒，社心一学期下来每一堂都有做一些简单的复习，最后拿了4.5，真的很开心啦！
102345,2087,章重远,2019-02-01 05:17:44,0,0,0,啊补充一下平时上课要认真听啊 Peter的认真备课完美英音以及最后在考试卷上的体现真的值得！
102445,2087,章重远,2019-02-02 09:05:15,3,3,0,有原则，有思想，有学历，有实力，有精力，有风格，有个性。\n\n上课认真听，理解很重要，看书也很重要。\n\n如果能重来一遍，我一定好好看课本。
102775,2087,章重远,2019-02-23 02:12:59,1,4,3,Peter的课听起来不是很吃力的，老师遇到他认为中国学生听不懂的地方会稍微解释一下，课程中也会和学生眼神交流和互动确保大家能明白。管理学一学期认真听课收获了很多，最后考试只来得及过了ppt，但是可能因为pre和movie review比较认真吧，最后绩点不错。考试会考一些上课提过的例子，还有一定要记清各种概念的英文全称，我好多东西知道但是看到英文就模糊了哎。
102905,2087,章重远,2019-02-25 02:17:16,2,2,0,还想选www
102913,2087,章重远,2019-02-25 02:56:28,2,2,0,老师人好给分好
120425,2087,章重远,2019-12-04 09:51:32,2,2,0,还没上完这学期，但是在peter的课上我午休没休息好一点点犯困都会觉得愧疚
122254,2087,章重远,2020-02-21 08:45:08,5,9,4,热评说的优点都是真的，我本人也非常喜欢peter，但是请慎选英文管理学！全英文的课本来就比起中文让人难以理解和集中注意力，而且peter的管理学是唯一一个要考试的，而且是半闭卷……抄cheating paper真的让人崩溃，而且其实并没什么用。考试内容自然也是全英文……复习起来非常头大。总而言之，不是对自己上课的注意力非常自信而且擅长英语的别选！peter在我心中值6-7分，但是9.8分实在是很有误导性，打了一分调和一下，万分抱歉。
122263,2087,章重远,2020-02-21 11:47:42,5,5,0,授课管理学，但感觉老师哲学语言学融会贯通，观点的深刻性令人折服。非常感谢老师用心回复的邮件，非常感谢管理学课让我认识了非常nice的组员和可爱同桌！
122538,2087,章重远,2020-03-03 11:49:05,3,4,1,老师本人很好，但是英文管理学真的别选。中文管理学：上课开开心心，任务主要是展示，没有考试。英文管理学：上课全英文讲理论，有展示但占比不大，期末与闭卷考无异且占比60%。奉劝各位大一就给自己留下一点快乐的回忆吧。
124727,2087,章重远,2020-07-07 07:47:58,2,2,0,章老师非常绅士，英音不能更棒，风趣幽默有独到见解，选他选他选他！
127213,2087,章重远,2020-11-14 05:52:16,2,2,0,直到毕业都庆幸当时选了这门课
130926,2087,章重远,2021-01-25 09:05:17,0,0,0,很有意思的一门课！呜呜呜我太喜欢Peter了！社会心理学真的是很有趣的一门课，老师讲的也很好。平时有两次个人展示和一次小组展示，还有一次影评，老师说这是不想让我们水水过，“水水过的人生是没有意义的”，真的有学到很多知识，最后给分也很好！
131152,2087,章重远,2021-01-26 08:11:59,0,0,0,是计算机学院的，一不小心选了Peter的社会心理学，本英文菜鸡感到非常惭愧QAQ老师教学非常诚恳，幽默风趣又不摆架子，英语口音一流（感觉上了半个英语课），能学到很多心理学知识，最后4.2是因为期末考自己确实有些英文单词没背下来哈哈哈。非常庆幸能够选上Peter的课，宝藏老师bdbd
131171,2087,章重远,2021-01-26 10:51:27,2,2,0,peter上的管理学很有趣。涉及很多心理学小知识，全英文复习起来确实头大，但是也是对自己的一种锻炼吧！Peter第一节课就说了会给努力的孩子肯定的！我上课一直水水过去，顶多考试周补天把所有课重新看了一遍，拿了4.5，感谢Peter捞王呜呜呜呜！英音真的很好听！不过有时候课上不完Peter就会用点中文了哈哈哈哈哈哈哈！人超级好！考试的时候单词看不懂还帮忙解释！Peter yyds！！！
131172,2087,章重远,2021-01-26 10:56:22,3,3,0,Peter我吹一辈子！上课真的能学到东西，期末卷子虽然全英文但是碰到不会的单词可以随便叫老师！peter事情超级少，一点都不卷，非常尊重个人努力，比其他管理学好太多了，给分也超级棒。
131174,2087,章重远,2021-01-26 11:01:06,2,2,0,Peter是绝对的男神，真的没想到会得这么高的绩点，用心学真的能了解好多管理学的理论。
140600,2087,章重远,2021-09-14 06:39:52,0,0,0,peter超级好！！！
141932,2087,章重远,2021-11-01 06:46:52,0,0,0,好爱他
144171,2087,章重远,2021-12-20 05:30:31,2,2,0,相当好的老师，不要因为英语不好就怕上他的课，没有那么难听懂的！管理学马上就要结课了，很舍不得，很遗憾不能在管院学习，希望有缘再见吧……QWQ
144499,2087,章重远,2021-12-22 01:58:26,1,1,0,章老师超级好，平时事情也很少，上课很有趣，一学期两个pre，一篇影评，一个期末考试，偶尔会点个名 ，反正上Peter的课超级开心～～～（听他吐槽折大的事情也超有趣）
145530,2087,章重远,2021-12-30 07:34:23,4,4,0,Peter的管理学和社心我都上过，无可置疑的好老师，是我来浙以来最喜欢的老师之一，上老师的课真是一种享受，也很为同学考虑，说是全英文其实不会很难懂，难的词或是不好理解的老师都会用中文解释，只要认真学了成绩都不会差的！大家放心选！
147819,2087,章重远,2022-01-11 02:52:25,2,2,0,老师就算给我1.5我也要打10分的好课！
149059,2087,章重远,2022-01-14 09:13:35,1,1,0,Peter我爱你呜呜呜
149101,2087,章重远,2022-01-14 11:36:21,2,2,0,大爱Peter!上管理学不仅学的是知识，还有很多价值观的熏陶。真的男神！！!很高兴大学第一个老师是Peter!
149158,2087,章重远,2022-01-14 14:53:16,5,5,0,从上peter的课开始到结课越来越觉得能选上他的课是我的幸运
149643,2087,章重远,2022-01-16 08:50:38,4,5,1,别的学院来选社会心理学当国际化\n\nPeter讲的真的很好，英音听起来很舒服，语速适中，内容也比较容易懂。有的时候内容比较多了就会用中文解释，总体而言讲课给人一种很舒适的感觉\n\n课程本身算事情相对多的，两次个人pre一次小组视频一篇影评还有期末闭卷，但是其实分散下来也还好\n\n期末确实是全英文的，但是有不会的词可以举手问Peter，而且不是很难，只要把他ppt以及下面的备注好好看过就行\n\nAnyway国际化就来选Peter，很很很值得！！！
150034,2087,章重远,2022-01-18 12:28:43,0,0,0,课很难 老师挺好的 分一般 比较推荐 上课会有很多收获
151998,2087,章重远,2022-03-23 00:30:21,1,1,0,老师非常好！英语发音我真的爱了，上课也很有趣，给分很公正，有期末考，认真听课的话分数不会差的
159974,2087,章重远,2022-09-10 15:50:47,1,1,0,不选peter的课绝对后悔
163704,2087,章重远,2022-12-16 03:34:01,3,4,1,老师的课真的很有趣！！！线下可能更好！！！大家直接冲！！！学到了很多知识！！！
164724,2087,章重远,2022-12-24 08:24:33,0,2,2,强推强推强推！！！
164787,2087,章重远,2022-12-26 06:48:56,6,7,1,真的 一位非常非常真诚的教授 就是我心目中那种温润、真诚的知识分子形象 上课会表达自己的需要大家回应的需求 好可爱哈哈哈 永远是一种跟大家探讨的姿态，而不是高高在上的辩驳 也会在课堂上向大家传授关于做人做事的道理 “依靠内心价值来行动的人，才是一个成年人应该有的样子”
164788,2087,章重远,2022-12-26 06:49:03,2,3,1,老师真的超级超级好！从来没有一堂课能让我全神贯注那么长时间 虽然每堂课都有测验 但是再给我1万次我还会继续选peter的课！
164789,2087,章重远,2022-12-26 06:49:47,2,3,1,老师太好了吧 纯纯的英语口音，听着很舒服！教课也很有趣 强推！
165064,2087,章重远,2022-12-29 03:09:23,0,1,1,Peter的课是非常棒的！非常精彩！有意思！不过期末补天时看着全英文的PPT还是有点痛苦呜呜呜\n\n赶在期末考之前给Peter打分！10分！！！希望最后能有棒棒的绩点~
165880,2087,章重远,2023-01-10 08:08:21,-2,3,5,刚考完社会心理学，没做完题目，如果再给我一次机会肯定不选这门课了。
166359,2087,章重远,2023-01-12 05:23:12,4,4,0,考完后一天就出分数了，peter真的是一个非常真诚的教授，虽然考试不够时间准备而考了很一般的成绩，但是再给我一万次我还是会去上peter的课，他的课真的让我获益太多太多了。
166395,2087,章重远,2023-01-12 07:07:06,2,2,0,peter真的太棒了！他的课真的是享受
166985,2087,章重远,2023-01-14 13:12:28,-6,3,9,笑死卡绩了，真难受真难受
166995,2087,章重远,2023-01-14 13:42:04,2,2,0,我爱他认真复习ppt理解 不会的专业名词翻译成中文自己去了解了解复习复习 4.2
166996,2087,章重远,2023-01-14 13:42:10,1,1,0,管理学。大一上最喜欢的老师，知识渊博，幽默又有情怀，超级好听的英音，非常为学生着想。作为专业基础课，事情算不上多。上课认真听不用担心听不懂，老师到难的地方会用中文解释。他说不会亏待努力的人，结果也确实如此。
167094,2087,章重远,2023-01-15 02:50:43,1,2,1,Peter老师的发音特别好听又标准，听他的课真的很享受！为人真诚谦虚，完全没有老师的架子，上课也学到很多！！期末花两天时间过一下智云和PPT就差不多了，半开卷考试不难，就是时间有点紧可能写不完……最后4.5也算是比较求是的成绩，老师说不会亏待认真的学生~
167790,2087,章重远,2023-01-19 05:36:46,1,1,0,管理学\n\nPeter真的好好！英音真的吹爆好吧听着特别舒服 上课说是英文但听起来完全没难度Peter自己也会解释 考试的话好好准备肯定是可以的我4.5已经挺满意了（因为没有花太多时间
168729,2087,章重远,2023-02-21 13:00:42,15,15,0,"“I believe rewarding hard workers is better than making everyone happy."" -Peter"
170049,2087,章重远,2023-03-01 06:24:44,3,3,0,章老师是一位真正的有着人文关怀的学者\n\n绝对的10分
173910,2087,章重远,2023-06-04 11:29:49,3,3,0,全浙大最喜欢的老师（也许没有之一），严谨的教学安排，生动亲切的授课，总是与学生平等相处的姿态，公正但绝不苛刻的打分，peter真的太棒了！！
174723,2087,章重远,2023-06-16 07:44:23,3,3,0,peter是一位富有人格魅力的男子，他的学术水平很高，待生真诚，授课有方。他的课堂就是浙大里一颗明亮的宝石，
175342,2087,章重远,2023-06-24 05:36:10,2,2,0,社会心理学满了来还愿\n\n这学期最喜欢的一门课和最喜欢的老师，确实也学得比较认真，老师上课真的特别特别有意思，第一节课就说认认真真学的同学拿分一定不会差啦\n\n\Peter/\Peter/\Peter/\Peter/\Peter/\Peter/\Peter/\Peter/\Peter/\Peter/
175397,2087,章重远,2023-06-24 13:47:20,4,4,0,peter真的太好太好太好了，流泪推荐peter的社心，是真的能学到干货并以及对自身有用的知识！
177255,2087,章重远,2023-07-02 12:11:12,0,1,1,复习全英文ppt真的很痛苦，但是最后给分针不戳！很有魅力
177986,2087,章重远,2023-07-06 03:00:39,3,3,0,男神！！！社会心理学平时上课注意例子，考前好好复习一定可以得到满意的成绩！
179530,2087,章重远,2023-09-18 03:34:43,4,5,1,神中神😍😍😍今天第一节课就爱上了
180365,2087,章重远,2023-09-21 08:43:37,1,2,1,好标准的伦敦腔，而且很幽默啊，太好啦
181951,2087,章重远,2023-11-06 09:35:34,4,5,1,男神，上课风趣幽默，英音动听，而且很敢说，对于不合理的现状会大大方方提出自己的看法，不仅仅做到了一个学者该做的，更配得上教师这个名号！教书、育人都做到了。（Peter还会认真看查老师hhhhhhhhhhhhhh，虽然还没考试，没出绩点，但是我一定不后悔选这门课）
186893,2087,章重远,2024-01-13 12:30:42,0,2,2,男神！\n\n很有趣的课，还可以练习英文！\n\n仔细听讲会发现管理学小技巧就在我们身边
186912,2087,章重远,2024-01-13 13:32:13,0,1,1,选上Peter的管理学绝对赚到啦！！！英音好好听！而且虽然是全英文授课，上课绝对听得懂！干货和例子很多，Peter的上课风格也很幽默轻松。绩点的话，只要好好看PPT给分就超棒！
186915,2087,章重远,2024-01-13 13:34:35,0,0,0,知道Peter会看查老师专程来评价一下～～男神！！！超级地道的英文和深入浅出的讲解，是真的可以学到东西的不是水课的管理学！给分也很棒！考前好好看看PPT，film review好好写，微雕艺术（bushi）好好创作就好啦！
186933,2087,章重远,2024-01-13 15:41:01,7,7,0,念作Zhang Zhongyuan，不是Zhongyuan Zhang。\n\n兼有世界视野与爱国情怀的求是学者，儒家思想浸润得透透的。
186956,2087,章重远,2024-01-14 01:45:08,-14,2,16,第一门满的课啊啊啊啊啊啊啊啊啊啊啊\n来这里感谢peter\n虽然在这门课上遇到了法国前夫哥但是\n我的分肯定比他高（
187851,2087,章重远,2024-01-17 15:00:38,1,1,0,Peter身上有兼具英伦绅士和儒家君子气质的儒雅，真的很有思想，也很为学生考虑，可以说是我的男神啦。管理学虽然是英文授课，但其实没那么demanding，给分还是很nice的
214062,2087,章重远,2025-01-23 10:30:36,0,0,0,顶级老师
162,2095,刘景江,2015-03-14 16:17:45,8,16,8,管理学迟到旷课点名机制很严格。但老师很亲切和蔼，有问必答，且给分超级好。满绩太多。至于收获见仁见智吧
208,2095,刘景江,2015-03-14 16:51:17,40,58,18,老师超级萌 给分很棒 人很好
250,2095,刘景江,2015-03-14 19:38:31,14,24,10,老师人很好反正个人很喜欢
742,2095,刘景江,2015-03-16 06:53:48,12,23,11,这个老师又和善，给分又超级棒
1054,2095,刘景江,2015-03-21 16:02:11,-1,5,6,超级好！！！
1099,2095,刘景江,2015-03-21 16:10:01,-1,6,7,老师人超好啊！！
1203,2095,刘景江,2015-03-21 16:38:25,0,4,4,老师真的很好，课下也会帮助你解决很多问题问题的，总之超级棒！
1438,2095,刘景江,2015-03-22 03:46:59,3,7,4,老师人超级好，常常在群里卖萌～他的幽默是来自心底的，很自然，修养也很好，给我们很多帮助
1527,2095,刘景江,2019-08-25 14:36:14,11,15,4,给分超级高…
1604,2095,刘景江,2015-03-23 01:25:47,3,7,4,很棒的老师
1627,2095,刘景江,2015-03-23 02:31:47,0,5,5,老师萌萌哒，很关怀同学的。课的节奏很舒缓，感觉和书的关系不大，但是挺锻炼组织能力和表达能力的。给分好就不说了，反正我满绩
3195,2095,刘景江,2019-01-17 01:20:13,10,27,17,课太水了感觉浪费时间
3916,2095,刘景江,2015-06-17 08:24:15,0,4,4,老师很好很和善 注重学生团队合作能力培养
4502,2095,刘景江,2015-06-24 04:10:30,0,4,4,太赞
7925,2095,刘景江,2015-09-16 06:57:32,-1,2,3,萌萌哒的老师，人也超级好，很关心同学
10830,2095,刘景江,2015-11-23 06:29:54,-1,2,3,超级可爱的老师
12500,2095,刘景江,2015-12-23 11:41:46,-1,3,4,老师很呆萌～和蔼可亲
13079,2095,刘景江,2015-12-24 19:15:47,-4,3,7,满绩大神
15356,2095,刘景江,2016-01-14 03:54:16,-1,3,4,很萌，给分好。
16153,2095,刘景江,2016-01-17 10:36:49,0,7,7,最好的管理学老师，没有之一！\n\n给分高
17381,2095,刘景江,2016-01-20 06:56:55,-1,1,2,老师很好
18383,2095,刘景江,2016-01-21 14:03:39,-4,2,6,
19067,2095,刘景江,2016-01-23 07:39:51,-1,3,4,老师真的人很好，有问题去请教他的时候真的会很用心的去帮你解答，特别负责，满分
19547,2095,刘景江,2016-01-24 15:39:47,-1,3,4,绝对是一个很善良疼学生的好人 但课程内容可能受管理学本身教学内容限制显得干货不足
19640,2095,刘景江,2016-01-25 03:53:56,9,13,4,人真的很好 会关心我们的一切 不限于管理学 学习生活都会给我们建议 很暖很贴心 真的是很好的老师
22315,2095,刘景江,2016-03-03 12:33:29,16,41,25,客观讲根本学不到东西，上课很无聊～很水很没意思、耽误时间！但是给分很好、为了绩点选刘景江再合适不过！
25595,2095,刘景江,2016-05-27 02:37:50,-1,0,1,看均绩就知道老师给分多好了
27842,2095,刘景江,2016-06-27 19:53:06,-1,0,1,给分很好
35420,2095,刘景江,2017-01-19 15:05:08,13,18,5,平心而论老师上课是真的水，不过管理学哪个老师都是水。刘老师人超好，非常关心同学，还督促我们学习微积分哈哈哈，平时作业好好做，复习课认真听，保证拿高分
35627,2095,刘景江,2016-11-10 07:35:56,-1,1,2,老师萌萌哒，听同学回答问题的时候感觉很用心呢，很棒的老师呢！一切自学成才
36539,2095,刘景江,2016-11-14 23:04:38,1,1,0,呵呵呵
38285,2095,刘景江,2017-01-18 04:28:03,0,1,1,老师人超好
38416,2095,刘景江,2017-01-19 09:11:51,0,1,1,老师很棒，给分很好，很关心同学
38433,2095,刘景江,2016-12-05 03:21:18,-1,0,1,好老师。
38903,2095,刘景江,2016-12-19 17:36:08,-1,0,1,人很好，和蔼可亲
39096,2095,刘景江,2017-01-18 12:29:59,-1,1,2,好老师，非常可爱的，刘萌萌
40581,2095,刘景江,2017-01-19 08:49:03,-1,0,1,给分超级好 简直想哭了太感动了
44661,2095,刘景江,2017-01-18 05:40:19,-1,1,2,老师人超级好超级好 非常关心学生 为学生考虑 也很负责 还能记住那个人的名字 真的很好
44865,2095,刘景江,2017-01-18 11:56:30,-1,0,1,老师超好，很纯粹，为同学们着想。
45287,2095,刘景江,2017-01-19 09:18:12,-1,0,1,超级棒
45288,2095,刘景江,2017-01-19 09:18:53,-1,0,1,刘老师不仅非常耐心负责  教育有自己的理念  而且给分超级好  期末绩点靠他拉了不少  非常和蔼可亲  还和学生一个个交流  超级好的老师  值得高分
45290,2095,刘景江,2017-01-19 09:19:49,0,1,1,萌萌哒老师，一直关心我们的微积分⋯⋯
45291,2095,刘景江,2017-01-19 09:20:34,2,4,2,人很好，一直提醒我们要好好学习微积分，还和同学课后交流，期末画重点这个很棒！
45296,2095,刘景江,2017-01-19 09:27:19,1,2,1,老师期末会帮大家很细致认真地进行复习，也很为学生着想，给分都是很不错的！大大的好老师！
45303,2095,刘景江,2017-01-19 09:36:07,-1,0,1,很棒。推荐
45305,2095,刘景江,2017-01-19 09:45:21,0,1,1,老师人很好，也很关心同学们的成绩，给分也很棒呀
45408,2095,刘景江,2017-01-19 13:52:30,2,6,4,管理学刘景江，你值得拥有~可水可听 水了也可以拿高分
45749,2095,刘景江,2017-01-20 04:20:15,0,1,1,老师超可爱哇 人超好 上课氛围也很好呀 期末会划重点 一定要好好花时间复习呀 老师的给分特别棒
45848,2095,刘景江,2017-01-20 07:21:00,0,3,3,和大多数人的评论一样，想要分就来，干货并没有。学不到什么，但是平时很关心同学，和同学们爱聊天，全班同学都觉得他是个挺萌萌哒的老师。
45891,2095,刘景江,2017-01-20 08:35:26,0,1,1,确实很水我就考试前看一天书就很轻松高分，虽然学不到啥但是讲真的老师在细微方面非常温暖，有一次我迟到了，休息的时候给老师抱歉，老师居然晚上qq上告诉我不要担心还来鼓励我。其实管理学很多东西是润物细无声的，只是没有微积分那么干货。
46051,2095,刘景江,2017-01-20 13:44:56,0,2,2,老师人很好，很棒！
46121,2095,刘景江,2017-01-20 15:35:58,0,3,3,老师人特萌，作业还挺有干货的，上课还行，给分无敌好，浓浓师生情
46177,2095,刘景江,2017-01-21 01:00:03,2,3,1,上课灌鸡汤 ……不怎么讲课堂知识，喜欢做游戏。认为“人生就是管理”。。给分很高。考前根据提纲背背书就好
48124,2095,刘景江,2017-02-28 15:04:55,18,23,5,很和善很可爱对学生很关心是真的，上课很水学不到东西也是真的。
64651,2095,刘景江,2017-12-26 02:50:23,0,1,1,老师人超级好诶，感觉很关心学生，任务作业也不多，小组合作很愉快，总之体验很好！老师还会举办一些小活动，班内羽毛球赛之类的，很有意思！关键给分好！绝对值得选！还想选刘老师其他的课！！
66687,2095,刘景江,2018-01-18 08:46:44,1,4,3,是一个很认真的老师，也是一个更和蔼的老师，管理学不仅仅局限于课堂，在课外给了我们很多的锻炼，每次的小组活动都是管理的实践。老师在新年的时候给我们每个人写了一封信，平时会在群里叮嘱我们及时添加衣物及时复习调整情绪等等。非常能够选上刘老师的课。
66697,2095,刘景江,2018-01-18 10:30:29,0,3,3,成绩出得好快！一份耕耘，一份收获。认真，学以致用，分数就很好啦~课堂会有小活动，平时任务也不多。老师很暖，经常鼓励我们增强信心注意安全blabla，热情提供帮助，难得的好老师~打call！
66701,2095,刘景江,2018-01-18 11:12:43,0,2,2,有收获，很有理念
66711,2095,刘景江,2018-01-18 13:21:41,0,3,3,是很好也很萌的老师，很注重学生的思考，给大家展现自我的机会，也很有思想，仔细地分析了一个很棒的案例，收获很多。而且也很体谅大家，有一个本来要做的个人作业也因为时间原因取消了，平时总是在群里提醒大家增减衣物注意身体，是老师但更是朋友，真的很亲切，能选上刘老师的课很是荣幸了＞_＜
66992,2095,刘景江,2018-01-19 15:37:26,3,5,2,智慧讲堂充分考验了表演能力和写剧本的能力。谍战商战宫廷大戏……
67007,2095,刘景江,2018-01-20 01:33:18,-1,2,3,管理学 有趣 给分好 事少
67024,2095,刘景江,2018-01-20 04:07:41,0,1,1,老师真的很赞，智慧创享真的斗智斗勇！
67397,2095,刘景江,2018-01-21 05:51:22,-1,2,3,怎么说呢，老师很少会照本宣科，所以理论知识的获得还是要靠自己滴～但是老师很注重实践，像案例分析啊，智慧创享啊，有点烧脑。平时会提醒我们多加衣服，会鼓励我们，事情少，给分好。
68216,2095,刘景江,2018-01-23 00:14:58,-1,2,3,很好的老师，课程也很有意思，十分。
69345,2095,刘景江,2018-01-24 13:43:14,3,4,1,首先给分很好。其次老师非常关怀学生，真的是用心教书育人，很开心能选上老师的课。老师几乎每堂课都会讲到python的重要性哈哈哈
73029,2095,刘景江,2018-01-31 16:33:13,0,0,0,三个字
73813,2095,刘景江,2018-02-03 06:48:02,0,1,1,给分赞\n\n有趣\n\n关心同学\n\n
74313,2095,刘景江,2018-02-10 11:00:04,0,1,1,老师超关心学生的，还会给每个人加油。
88128,2095,刘景江,2018-10-23 00:11:33,4,4,0,你这个同学怎么回事
88296,2095,刘景江,2019-01-16 22:52:08,1,2,1,很不好
88297,2095,刘景江,2019-01-16 22:52:46,1,6,5,空洞乏味
88339,2095,刘景江,2019-01-16 22:52:52,1,2,1,企业家精神，请来的嘉宾很水，非常不适合给浙大学生讲课。
94799,2095,刘景江,2019-01-18 07:54:44,8,9,1,太感人了呜呜呜\n\n第一次有老师给我写那么长一封信\n\n他还会记住每个人的名字，会鼓励你好好考试，给分还超级棒
94810,2095,刘景江,2019-01-18 08:31:41,1,2,1,老师人超好
94824,2095,刘景江,2019-01-18 09:09:43,-1,0,1,很有趣\n\n也挺用心
94887,2095,刘景江,2019-01-18 12:07:35,0,2,2,刘老师是个好老师，希望大家多选刘老师的课
117874,2095,刘景江,2019-10-07 08:20:58,1,3,2,这老师作业是真的多啊，建议在职的千万不要选，谁选谁后悔，一科作业顶所有。
121154,2095,刘景江,2020-01-20 01:19:19,1,2,1,很关爱我们的好老师，强推
127533,2095,刘景江,2020-11-24 05:36:44,3,4,1,很好的老师
129565,2095,刘景江,2021-01-07 12:34:04,2,3,1,我真的很喜欢刘老师！！！
130427,2095,刘景江,2021-01-22 09:01:23,12,15,3,刘景江yyds，老师真的很好，特别关心学生，虽然作业会有点多，但一学期下来真的收获很多，组员关系也很好！！
130438,2095,刘景江,2021-01-22 10:41:32,7,9,2,真的很好的老师！\n\n管理学重要的绝对不是理论知识，最重要的是实践！每次作业都很有意思，好好做肯定会有收获！\n\n上课不拘泥于课本，会拓展一些，收获很大！\n\n刘老师很会鼓励同学，真的又被激励到！\n\n作业量适中，规范挺重要，但是字数什么的一般没有硬性要求。而且开学一开始都安排好了，知道有什么作业，也就可以在开始就慢慢做起来，自己调整的空间很大！\n\n总之强烈推荐！！学到了太多！！也交了很多朋友！！真的像一家人一样！！
130471,2095,刘景江,2021-01-22 16:23:54,6,7,1,老师真的是特别好的老师，会真心关心学生，而且会给大家介绍很多有用的小技能，很喜欢刘老师！
130692,2095,刘景江,2021-01-24 08:29:17,5,6,1,呜呜呜呜呜我要哭了多好的老师啊\n\n真的超棒很关心学生很会鼓励你！
134218,2095,刘景江,2021-03-19 13:38:34,-2,3,5,sos
135295,2095,刘景江,2021-05-07 16:38:19,2,3,1,干中学！
140547,2095,刘景江,2021-09-13 15:04:12,6,7,1,교수님이 매우 수업에 열정적이십니다. 저는 온라인으로 수업을 들었지만 항상 저희와 꾸준한 소통을 하셨습니다. 마치 제가 교실에 있는 것처럼 말이죠. 유학생들에게 따로 딩딩으로 영상통화도 해주시는 분입니다. 이렇게 유학생을 잘 챙겨주시는 교수님은 刘교수님밖에 없었습니다.\n\n전 주변 학우분들에게 관리학은 刘교수님의 강의가 최고라고 말합니다. 수업에 열정적으로 참여해주시고 발표 후 피드백과 장점을 말씀해주시고요. 전 이미 학기가 지났지만 종종 교수님의 수업이 그리울 정도입니다..
141347,2095,刘景江,2021-09-30 07:02:51,-7,4,11,巨水，想学东西就别来了，给分还行，三节课不带下课的
141602,2095,刘景江,2021-10-17 01:08:51,-1,1,2,前面个别同学的评价，请客观公正。我们超级喜欢刘老师的授课方式。若你不喜欢，你退课。
144466,2095,刘景江,2021-12-21 15:38:37,0,1,1,没有期末考试，平时作业用心就好，刘老师和蔼可亲，给分也高，强烈推荐选
144507,2095,刘景江,2021-12-22 03:01:01,2,4,2,刘老师对学生真的超级好，感觉就是把学生当自己的孩子一样疼，每次天气降温都会在群里发消息提醒，在小组展示完后还会私戳反馈，经常鼓励学生，很棒的老师。最后的最后，期末写给同学的一封信真的破防
145371,2095,刘景江,2021-12-29 07:51:02,-1,0,1,真的是最喜欢的老师！老师对学生真的很好，很尊重学生，上课可以学到很多对待事物的正确价值观！老师会努力记住大家的名字，非常善解人意！
146425,2095,刘景江,2022-01-06 14:39:01,1,3,2,啊啊啊满绩！谢谢老师！
146426,2095,刘景江,2022-01-06 14:39:07,2,4,2,刘老师真的很好，虽然一开始看上去规矩很多，但其实老师真的很可爱很和蔼。只要认真做作业，给分超级高。
146427,2095,刘景江,2022-01-06 14:40:56,1,2,1,真的太感动了，是我目前为止绩点最高的一门课了，平时事情虽然多，但都很明确，也会提醒你做，而且绩点真滴高！！
146430,2095,刘景江,2022-01-06 14:49:15,2,3,1,刘老师上课好，给分高，智慧创享超级有趣，教给了我们很多知识与道理。还给我们推荐微积分学习方法。yyds。大家快上管理学吧。
146432,2095,刘景江,2022-01-06 14:51:10,-1,0,1,满绩爱了(⑉°з°)-♡
146444,2095,刘景江,2022-01-06 14:57:41,0,1,1,刘老师真的真的是超级超级好的老师。浙大男神！！！！选他没错！！！！
146448,2095,刘景江,2022-01-06 14:58:48,-1,1,2,人生第一个满绩 全班感觉人均满绩 真的很用心！！虽然平日常常吐槽他作业多，有点杠精，作业不反内卷，但是没有期末考分还给的这么高真的！神仙老师！选他没错！
146452,2095,刘景江,2022-01-06 15:03:01,-1,0,1,老师给分巨好！
146467,2095,刘景江,2022-01-06 15:32:37,-1,0,1,非常好，给分高
146520,2095,刘景江,2022-01-07 00:01:30,4,5,1,我要做刘老师的舔狗
146953,2095,刘景江,2022-01-08 07:09:26,1,2,1,老师不一般，咱们也不一般！bdbd
147277,2095,刘景江,2022-01-09 11:08:54,5,6,1,上课是真的水，卷也是真的卷（导致作业量很大），但是老师是真的很负责很关心学生，给分也是真的真的真的好
147484,2095,刘景江,2022-01-10 05:20:24,3,8,5,刘景江老师是我考试周送温暖心软的神   满绩了555555555555555
151080,2095,刘景江,2022-02-23 00:52:46,-2,0,2,老师超级棒，给分也很好，自己通过作业和上课学习到了不少知识
163514,2095,刘景江,2022-12-15 00:44:27,2,5,3,老师人很好，作业确实蛮多，难度也很大，但是可以锻炼到很多能力，也会收获一个感情超好的小组成员。老师能基本记住所有人的名字，发言时也很尊重大家。真的很喜欢智慧创享这个作业，没有期末考试，平常认真写作业就行。
167063,2095,刘景江,2023-01-15 00:21:55,1,3,2,好，选就是了
168373,2095,刘景江,2023-02-14 13:35:43,-1,2,3,老师人很好，十分适合新生来他的管理学课学习
175275,2095,刘景江,2023-06-23 06:16:06,-2,1,3,创新管理感觉还不错，能学到一定的东西
186851,2095,刘景江,2024-01-13 08:57:57,1,3,2,想要高绩点的话，刘老师的管理学可以无脑入；但上课确实不太会讲内容，学不到什么东西，老师其实很热情，会给你写小作文，会鼓励你，老师人很好的，就是上课太水了，事情说实话，在管理学里不算多的。
191927,2095,刘景江,2024-05-05 13:06:12,3,3,0,老师给分确实还可以，但是创新管理这门课普遍比查老师上的均绩低，我全勤但是作业比较水4.5，以供参考
199349,2095,刘景江,2024-09-21 12:38:25,3,3,0,MBA论文写作课，极其低效，程序的安装、操作一片混乱，到处都在问老师怎么操作，不如做个安装操作指导。。。论文指导，一言难尽吧。。。
199457,2095,刘景江,2024-09-24 03:12:43,8,8,0,上课是真的水，作业是真的多，，，自己是学的管理学，但管理是真的低效
200764,2095,刘景江,2024-10-22 04:22:43,7,8,1,水课，指从来不讲课，只会评价同学；\n\n硬课，指作业死多还不好做 会临时改作业；\n\n普通话讲不好，表达能力差，一个作业半天讲不明白；
203362,2095,刘景江,2024-11-19 10:48:03,4,5,1,刘老师人还是很好的，课堂气氛也比较活跃，但是上课不太能学到内容，不过学在浙大上邢以群老师讲得真的很好。
205135,2095,刘景江,2024-12-02 04:59:58,4,5,1,给分可以是真的，事情多也是真的，而且事情不是那种有条理的多，他是想一出是一出
205507,2095,刘景江,2024-12-08 08:13:43,6,7,1,真的逆天，天天一堆事
205822,2095,刘景江,2024-12-12 06:47:10,1,1,0,。。。
206413,2095,刘景江,2024-12-15 04:23:51,8,8,0,给高分的都是很多年前的评论了，建议看看他这两年的风评。还有，非全日制同学慎选他的课，也慎选他作为指导老师，学术水平可以查他谷歌学术（学院垫底），课外天天使唤把你当作免费劳动力，PUA大师，还画饼希望给他发论文
206451,2095,刘景江,2024-12-15 07:52:15,2,3,1,很难通过管理学的课程学到什么内容，所谓管理智慧创享也真没有觉得怎么加深对知识的掌握，比较形式主义，感觉要求同学都有意无意地迎合他的标准，3学分的课程真的没有学到什么专业知识，让多少同学的主要精力花在了“表演情景剧”上？注重情景剧的幽默风趣，一些排版上的吹毛求疵，我认为有些背离管理学这门“课程”的初衷。老师人还是挺好的，但不应该因为所谓的给分好，就拿到这么高的评分，至少我觉得在传道授业这方面是不值得9.8的评分的
207720,2095,刘景江,2024-12-24 03:43:14,4,4,0,老师讲话很有趣，给分很好！！事情其实还好，小组分下来做也差不多。虽然老师有的时候比较强调规范，但是课堂体验其实还行，比较欢乐。只不过全靠自学，老师讲课多是案例，大部分时间是小组展示。想要高分可以来，其他的都不用管了。这其实比大多数给分低还学不到任何东西的课程好多了。而且老师在最后一节课也是非常暖心，告诉我们有任何需要它的地方可以找他，特别好的刘老师。🥰
207721,2095,刘景江,2024-12-24 03:43:32,1,1,0,上了一学期管理学课，总体来说事情非常非常多，确实有存在想一出是一出的情况，感觉整体背离“管理学”这门课的初衷，智慧创享挺创新的但是你基本三个小时学不到什么东西，不如看学在浙大上的网课。实事求是，老师挺认真负责，各种反馈都有给到，给分不错，人有时候冷冷的笑话也会讲一些，总之，给分好，但上起来非常痛苦折磨的水课。例行公事表白一下老师吧。
207784,2095,刘景江,2024-12-24 09:03:16,0,0,0,老师人真的好好
207852,2095,刘景江,2024-12-24 13:21:27,0,0,0,老师人还是蛮好的，就是事情有点多。
209249,2095,刘景江,2025-01-06 03:39:00,3,3,0,楼下的同学，管理学是很多专业的专业基础课程吧？这怎么不是专业课了？
209257,2095,刘景江,2025-01-05 08:25:04,1,2,1,满分！\n\n满绩太爽了！！！
209289,2095,刘景江,2025-01-05 10:40:53,0,0,0,给分还是很好的，能学到很多大学的东西，虽然学不到很多专业内容，虽然作业有一点多，上课有一点烦，但是还是很好的老师
209315,2095,刘景江,2025-01-05 11:57:16,1,2,1,我们作为学生，请凭良心说话。刘老师的课本身是入门课，目的是培养思维能力，不是专业课，评论者为何在谈论专业知识。大学老师完全不在乎选课人数。老师的最大问题是待人太好，很多人不珍惜。建议老师改变待人的风格。有些同学自私自利，“端起碗吃饭，放下碗骂娘”，“过河拆桥，卸磨杀驴”。
209365,2095,刘景江,2025-01-05 15:38:25,3,3,0,4.8
209449,2095,刘景江,2025-01-06 03:28:10,1,1,0,这老师给分太好了，事不是很少少但是分高
209788,2095,刘景江,2025-01-07 06:09:55,0,0,0,无敌，事情略多，但人很好
209796,2095,刘景江,2025-01-07 06:26:24,0,0,0,老师人挺好的，事情感觉也不算特别多，但是对我一个超绝i人而言感觉不是很友好，智慧创享和辩论赛部分感觉是要比较e的人能拿到高一点的分，平时上课提供的回答问题的机会蛮多的，但是我基本都没发过言，小组作业我们组也烂烂的 这个分不太满意但是可能确实是我应得了
209997,2095,刘景江,2025-01-08 01:05:12,0,0,0,刚开始可能会觉得事情有点多，但相处一学期下来发现也还好，刘老师的课很注重学生的展示与合作，在他的课上你会收获一段难忘的小组合作经历，非常感谢刘老师能让我遇见开学以来最棒的小组！
215726,2095,刘景江,2025-03-18 10:36:38,0,0,0,还在上课，结课评全程上课感受~
216747,2095,刘景江,2025-03-24 03:49:23,4,4,0,上课学习给我一种淡淡的人机互动感，我也不说好不好，但不如我自己看书学理论学到的多，你的理论加案列出发点是好的，但是……一言难尽，参考一下你和ai的对话，ai懂的东西很多，但你看完之后，那些东西不一定属于你，而且有些活动真没必要。。。但是大学嘛，你是知道的呀，课就那样，更多的还是得靠自己的主动学习能力。
2873,2113,姚卫红,2015-05-09 16:05:45,16,18,2,作业挺多的
2883,2113,姚卫红,2015-05-10 09:45:25,33,43,10,给分不好
2962,2113,姚卫红,2018-10-16 03:18:46,15,24,9,上课挺好，但是上课任务多
2974,2113,姚卫红,2015-05-12 04:31:23,4,8,4,上课还好，作业略多
3453,2113,姚卫红,2015-06-30 14:16:21,-5,2,7,啊
3859,2113,姚卫红,2015-06-17 06:44:35,14,29,15,超级糟糕
4178,2113,姚卫红,2015-06-18 03:10:56,-42,14,56,上课很好，给分不错，给了满绩，真的很感谢
4377,2113,姚卫红,2015-06-19 18:32:52,68,96,28,现管讲课让人提不起兴趣。。。
4443,2113,姚卫红,2015-06-23 07:04:59,2,6,4,无力吐槽
8012,2113,姚卫红,2015-09-16 12:51:03,-1,3,4,Sbility
8253,2113,姚卫红,2017-09-20 10:09:05,2,5,3,挺作的
9362,2113,姚卫红,2015-10-24 04:46:26,8,9,1,作业有点多\n\n
9858,2113,姚卫红,2015-11-11 10:27:03,2,4,2,作业多到累死……
10074,2113,姚卫红,2015-11-15 11:37:05,5,8,3,不错人很好
10301,2113,姚卫红,2015-11-18 03:34:31,5,11,6,挺好的 上课挺生动
10424,2113,姚卫红,2015-11-18 14:43:24,2,2,0,无聊～
10440,2113,姚卫红,2015-11-18 23:18:46,6,10,4,讲课还可以，作业有点多，不过认真学还是有收获的
10488,2113,姚卫红,2015-11-19 05:55:31,-31,12,43,老师讲课挺好的，给了满绩，很感谢
11525,2113,姚卫红,2015-12-03 15:15:02,2,8,6,不怎么感兴趣。。。被正态了→_→
14610,2113,姚卫红,2016-01-08 03:03:01,8,12,4,财务管理讲得挺细致的，事情没有比别的老师多
15092,2113,姚卫红,2016-01-12 04:03:46,6,11,5,很棒 讲的很好清晰
16093,2113,姚卫红,2019-11-07 09:44:58,15,21,6,财管课真的讲的很好。
19851,2113,姚卫红,2016-01-25 12:15:41,-6,3,9,财管课讲的太太太太好了！只要看PPT足够 考前说重点都考了 不过给分估计很客观？ 我感觉自己考得超好 也没满 哈哈哈
26189,2113,姚卫红,2016-06-16 07:45:47,4,9,5,老师还是比较和蔼的，但是线代管理基础课真的和传言一样，一点也不水，一篇上千字的论文居然只占课程总分的5分，你自己看着办吧
26283,2113,姚卫红,2016-06-16 14:20:34,-4,5,9,超好，满级了
29061,2113,姚卫红,2016-06-29 07:54:45,-2,2,4,讲的特别清晰
30354,2113,姚卫红,2016-07-01 11:21:01,26,43,17,破事特别多，给分还不好，每节课都点名，废了驴劲都没几分，据说要打造成紫金港第一大不水的课，差评！
31659,2113,姚卫红,2016-07-04 11:06:51,0,3,3,无聊、作业全部做了结果莫名其妙的被正态了
32540,2113,姚卫红,2016-09-17 14:33:50,-2,1,3,老师讲得挺好的，支持一个
33713,2113,姚卫红,2016-12-20 14:50:46,-7,0,7,很和蔼啊，给分也不错。任务的确多但是也的确有收获。
35713,2113,姚卫红,2016-11-17 04:38:23,2,5,3,事儿多，然后给分不怎么样，醉了
36076,2113,姚卫红,2016-11-10 11:37:33,6,10,4,其实老师人真的很好！现在是网上加线下，考试也不难，感觉是不会挂的！人很好说话的。不过她的点名方式比较奇怪，所以不建议翘课。两个小组作业两个个人作业，网上课程要上一个多小时吧！其实刚考完试，还不知道绩点怎么样！
36090,2113,姚卫红,2016-11-10 12:04:50,1,3,2,浙大老师考试的套路，我不是很懂，可能太新型了。考前我们要模拟题不给，给我们的主观题是考试一模一样的原题，这就是泄题的话，我。。。无言以对。老师上课讲的还是不错的，就是考试渣。
36097,2113,姚卫红,2019-02-13 06:15:18,2,3,1,人很好
36173,2113,姚卫红,2016-11-11 00:00:56,1,2,1,讲得很细致，老师人很好！
36742,2113,姚卫红,2017-01-10 05:56:32,5,8,3,无聊呗
36752,2113,姚卫红,2016-11-16 02:00:01,0,2,2,好人啊
36759,2113,姚卫红,2016-11-16 02:43:42,18,25,7,现代管理基础事情巨多 2分通识毕竟 但是上课好无聊 听着难受 最后得分是差不多全靠自己得的 结果还不错 但是过程很痛苦
36769,2113,姚卫红,2016-11-16 03:05:23,7,9,2,上课学到很多东西，作业很多，老师人不错，可以补交作业，画重点超准，然而最后给分被正态了。。。。难过
36856,2113,姚卫红,2016-11-16 09:01:09,-1,2,3,喜欢网上课堂，讲的有趣味 并且挺有内容，引人深思。事情有点多，不过是真的有收获！
36900,2113,姚卫红,2016-11-16 11:33:17,-2,1,3,不知道
36906,2113,姚卫红,2016-11-16 12:22:35,-1,3,4,给分挺好 只要认真\n\n
36936,2113,姚卫红,2016-11-16 15:12:26,4,8,4,呵呵呵！不要选！巨坑！
37474,2113,姚卫红,2017-01-06 00:47:09,-1,5,6,全程划水  结果绩点还可以  感恩之心
45344,2113,姚卫红,2017-01-19 11:50:58,1,3,2,财管很棒，强推，很喜欢的一个老师。
45496,2113,姚卫红,2017-01-19 15:35:12,4,5,1,老师人很好的，虽然讲课是有那么一丢丢无聊，但是还是可以坚持听下来的。成绩出来之后与自己期望相差甚大，给老师发了邮件，不到一个小时就回我了，也怪我自己考场失误。不过冲回邮件这件事给老师好评。
45527,2113,姚卫红,2017-06-16 12:15:10,9,21,12,客观评价：财管课讲的真的很细致，很有条理，虽然大家都说财管很难，但是老师讲的很细致，课堂里面也会分享案例，觉得老师上财管课真的很有意思，每次都听得好认真～而且平时事情也很少，做的作业都很有针对性，平时老师会很认真的答疑，就算是很简单的问题也会答得很细致很有耐心，考试前半小时还在考场帮学生答疑，真的超级有耐心！考前看一下ppt刷一下题目就可以了～感觉老师超级好！给满分！超喜欢老师！
45771,2113,姚卫红,2017-01-20 05:07:08,3,7,4,老师很好很认真啊 最后一节课会给划重点 平时作业不多 有一次公司案例分析的展示 最后一节课还很早就来了说给我们答疑 平时课就讲的很细致 也会讲很多课堂外的东西 帮我们理解和掌握
45867,2113,姚卫红,2017-01-20 08:03:06,3,7,4,姚老师的财管课真的是太棒了！讲得很细，认真听完全可以学懂，老师上课前十几分钟会回顾上星期的内容，ppt特别棒。平时会有计算题，不多，全是期末题型，把平时作业弄懂了期末计算题根本不是事。事少人好讲得棒，推荐(๑•̀ㅂ•́)و✧
50007,2113,姚卫红,2017-04-28 12:31:15,3,5,2,事情载多，分超低
50032,2113,姚卫红,2017-04-28 16:00:38,6,7,1,事确实有点多，但都是些小作业。考试要背书确实麻烦，但还是重在平时认真听晚课和完成测评，总体而言，给分公正，课程充实
50109,2113,姚卫红,2017-04-30 01:28:06,6,10,4,老师真的挺好的，只是大家上现管课不要抱着通识就是水的想法，因为呐，占比很高的章节测试和期末考试都要求你听得懂记得住。老师给分客观公正，讲课也不错，配合网课会举很多例子(所以网课认真看啊，邢老师那么大佬)，当然分数主要取决于自己，然后小组成员互相鼓励共同进步!结果应该不错的哦。
50178,2113,姚卫红,2017-05-01 01:21:00,-2,1,3,给分不错哦
50852,2113,姚卫红,2017-05-07 04:19:50,1,3,2,老师讲课不怎么样，但事实你要付出才有收获
50898,2113,姚卫红,2017-05-08 07:08:35,4,5,1,所谓最不水的通识，就是期末考试选择题出的死难死难，就管这个叫不水
52047,2113,姚卫红,2017-06-14 10:32:55,-6,3,9,现代管理基础课，讲的有一点枯燥，事情也很多，但是认真学是可以学到很多东西的。打九分，希望老师可以继续提高。想水的同学不推荐
53058,2113,姚卫红,2017-06-25 08:14:19,4,6,2,坑，事多分差
59231,2113,姚卫红,2017-09-20 10:08:46,-2,1,3,爽爽爽
61388,2113,姚卫红,2017-11-16 04:05:16,1,4,3,水课，没有学到什么，作业一大堆\n\n
61401,2113,姚卫红,2017-11-16 10:22:43,4,4,0,给发差
61461,2113,姚卫红,2017-11-17 12:07:27,2,3,1,无聊，事情多，网上课程觉得评分不甚科学，千万别选
61649,2113,姚卫红,2017-11-19 15:36:33,4,4,0,有课前视频，讲的和课上的有些重复，不过可以用1.5倍速看。作业认真做，给分也不会差。8次课，还是能够对管理有一个较大概的认识，有收获。
61673,2113,姚卫红,2017-11-20 05:23:15,1,2,1,挺认真负责的，学生的问题都会回答，上课讲的还好吧虽然大家都在水手机，给分公正，平时作业要好好做
61876,2113,姚卫红,2017-11-21 10:45:02,0,1,1,认真听，不水
62010,2113,姚卫红,2017-11-22 06:50:40,19,27,8,百分之百点名\n\n多出来的0.5学分与所花费的精力不成正比\n\n创小号刷成绩的行为不受管控\n\n作业多为同学互评\n\n居然要在上课前做完测验？？上课来复习的？\n\n不说结果如何，过程很憋屈。
64400,2113,姚卫红,2017-12-23 08:06:13,2,3,1,现管的课事情实在是太多啦！
64998,2113,姚卫红,2017-12-28 07:11:28,2,3,1,上课略无聊，水一水，课下任务虽然多，但是不太难，感觉考试挺简单的，简单看一遍书就好
65501,2113,姚卫红,2018-01-04 16:49:48,11,15,4,17年秋学期的学生，成绩出来挺久后回来评级，抛开成绩来说，课程压力还是很大的，感觉比秋学期的微积分压力还要大，每周要预习下一章内容并网上考试，感觉上课讲的内容偏理论较多，还是多些实践较好.期末考感觉背了也没啥用，该会的会，不会的看脸.最终绩点4.5，感觉也差不多是自己付出的努力和自己的水平吧……
68561,2113,姚卫红,2018-01-23 11:05:58,2,3,1,财管讲得非常细致也非常好，很关心学生，按照最终成绩来看卷面给分不算很严苛。复习财管的时候明显能够感受到课件编排的逻辑性，是可以拎出圆润自洽又严丝合缝的大纲来的。这门课没有修过会计也可以上，但这次期末卷计算题因为一个会计概念的不清晰整道完蛋天坑了。
69117,2113,姚卫红,2018-01-24 08:42:32,-1,1,2,期末复习完全按照老师PPT发现完全没有问题 理科专业 没修过会计 个人原因一些概念理解起来有些吃力 但好好学有收获～
69702,2113,姚卫红,2018-01-25 08:40:14,-2,2,4,老师很棒哦，讲课非常细致，成绩就是一分努力一分收获
70350,2113,姚卫红,2018-01-26 13:29:28,1,2,1,老师的财管课真的讲的很好，条理清晰还有案例分享，给分也挺好的，这个学期最后我因为生病住院了，完全没有复习，考完财管真的一脸懵逼觉得自己要挂了，最后结果出来也还不错，感恩
71293,2113,姚卫红,2018-01-28 08:53:02,4,5,1,给分不好
80991,2113,姚卫红,2018-07-03 08:11:57,12,14,2,出分第一时间过来评价，事多给分不好，课堂营养堪比农夫山泉，我见过事情最多给分最差的通识
81067,2113,姚卫红,2018-07-03 13:53:15,1,2,1,机器人能拿满绩
81096,2113,姚卫红,2018-07-04 02:15:43,8,9,1,老师讲课很无聊，最后的小组分和小测分是怎么给的。明明我平时小测分还挺好的，太恶心了
81340,2113,姚卫红,2018-07-05 00:18:52,4,7,3,希望后来的同学在互评作业上长点心，用心写的作业什么用都没有，抵不过人家恶意评低分? 给出个莫须有的原因扣分就算了，还有评价好给低分的，呵呵。所以不管你认不认真做那个作业，所有点要写到（最好罗列清楚），然后评分的时候别随意给满分，严格一点也好。
82157,2113,姚卫红,2018-07-07 09:26:15,-11,2,13,只要能遇到好的组员，满绩很容易。。。
86941,2113,姚卫红,2018-10-03 03:00:10,11,14,3,和网课的邢教授一比高下立判
87711,2113,姚卫红,2018-10-10 15:18:37,2,3,1,临时变卦!退完课后和我们说以后测验都是课堂上写了!算欺诈嘛？
88774,2113,姚卫红,2018-11-07 13:06:53,-1,1,2,很快乐
89192,2113,姚卫红,2018-11-16 12:30:28,6,7,1,如果你选上了现管这门课，并希望努力去学好提高绩点，那么等出成绩你都知道你爱上一个渣男或渣女的感受，呵，，，
89208,2113,姚卫红,2018-11-17 06:56:00,2,2,0,不喜欢 给分很低
89212,2113,姚卫红,2018-11-17 02:15:49,1,2,1,我几乎没听过(除了故事和视频\n\n实在太无聊了好不好(也许是我对这门课不感兴趣\n\n作业好多，每周花在上面的时间比c语言，微积分，线代还多(可能是我太认真了叭\n\n线上作业是同学互评(哭辽，我明明都做的很好的他们是羡慕嫉妒恨才不给我满分嘛\n\n最后的成绩都是靠努力换来的\n\n
89218,2113,姚卫红,2018-11-17 03:27:46,2,2,0,正态了
89392,2113,姚卫红,2018-11-19 02:38:02,1,1,0,说实话，真的有好好对待，十分尽力，但事情真的太多，而且给分太太太低，我挺失望的?
89408,2113,姚卫红,2019-09-09 00:48:44,8,9,1,这个老师真的太过分了！课程一点都不水，明明认真学了，去问老师为什么绩点这么低，得知竟然还在总评成绩上往下调分，每一分都是辛苦分随随便便就给我了抹去了，真的气死了！
89492,2113,姚卫红,2018-11-19 10:09:55,0,1,1,课事情很多，不仅要单元习题还好做ppt，读书报告，计划论文，还是绩杀，千万别选
90049,2113,姚卫红,2018-11-22 03:08:29,4,4,0,浙大最不水通识课名不虚传。作为短学期的通识多出的半个学分与工作量完全不成比例。你能想象的课程任务这门课都有，包括两次个人作业，两次组织作业，作业互评，课前预习，课前视频（每节课一个多小时），课后线上测试，课堂测试，发言记分。但是还是可以学到东西的\n\n
91711,2113,姚卫红,2018-12-18 08:58:43,2,2,0,8分是水军刷出来的吧？
93739,2113,姚卫红,2019-01-12 12:58:30,2,2,0,好老师，财管一生推。\n\n作为一个不喜欢听课的学生\n\n老师的财管听的最认真\n\n最喜欢老师那句\n\n哪里来的嚣叫声\n\n真的笑死我！\n\n考前来拜拜
95227,2113,姚卫红,2019-01-19 05:20:02,1,2,1,给老师的财管十分，老师没有按课本讲，自己重新整理了一套体系，听的时候感觉知识点好多好杂，期末复习发现老师的体系很有逻辑！姚老师人也超好，为学生考虑，结课的时候都有点舍不得。打call！
96577,2113,姚卫红,2019-01-21 06:49:02,1,1,0,财管真的讲的好真的很细致 and每个概念都解释得很清楚 对财会一窍不通还是踏踏实实啃下来了 一学期听的最认真的课比心一下
96838,2113,姚卫红,2019-01-21 10:23:54,1,1,0,很有内容的课
97972,2113,姚卫红,2019-01-23 03:03:03,0,1,1,现管课。不水，可以学到很多思维方式。老师很认真负责。上课其实不一定要一直听，但是线上线下的作业要好好做。给分公正，不错。\n\n非常好！10分！\n\n
97974,2113,姚卫红,2019-01-23 03:10:05,1,1,0,上课要回答问题哦
97977,2113,姚卫红,2019-01-23 03:14:24,0,1,1,还行吧，给分一般，虽然本学期做了好多的事情，最后也只有3.9。大概是因为大家都太优秀了吧，自己菜也没什么办法。
97982,2113,姚卫红,2019-01-23 03:20:46,1,2,1,现管通识课！一直以为会炸但有4.5！事情是比较多，一开始听头炸了，小组两作业，个人两作业，每节课有十道记分的测试，线上线下有发言的次数要求，在疯狂点还要好好看视频。是比一般通识课头秃，但去做了就感觉还行。管理学内容的话，没学时觉得很高大上，但其实…也就这样，比较条条框框有些死板…？有时候上课发言环节还是精彩的。
97990,2113,姚卫红,2019-01-23 03:26:54,2,3,1,4.5，救了我0.02的绩点，感谢！\n\n话说个人作业匿名评分真的好迷啊，反正是觉得永远拿不到满分的，评价好打低分这种骚操作比比皆是。两次个人作业得分分别是9.3和9.2，个人觉得要点都有了，可以满分的，做的也超级认真? emmm还有最后一次小测，作弊的人那么多，真的不能更猖狂了? 。最后一节课老师会看每一个人的名牌，然后再看脸，在小本本上记些什么，果然多发言刷脸是王道，某个每节课积极发言的xgg貌似满绩了hhh\n\n
98095,2113,姚卫红,2019-01-23 05:17:06,-1,0,1,事情略多，但是还好，挺容易做的。\n\n老师讲课我的兴趣不是很大。\n\n互评超迷，前面9点几的同学别说了，我认认真真每个点写了，还有很多分析，结果互评8点几分。\n\n平时课上有手机的小测，大家要多互相帮助或者看看书，不然会凉！！！\n\n期末考试，emmm其实就是5道选择，2道问答，我的坐的位子比较尴尬，查查手机翻翻书都没机会（狗头）\n\n最后4.2，被卡绩了（89有这么难吗？呜呜呜），冬学期两学分的课，无功无过吧……\n\n
98636,2113,姚卫红,2019-01-23 16:22:29,-5,1,6,给分略迷。平时网上小测大概扣十分左右，个人的作业用心完成，每次都9.5左右，最后测试也答的挺好的，结果最后出来3.3，我真的炸掉了。感觉花了很多时间，最后成绩也太差了点，付出与收获不成正比
98737,2113,姚卫红,2019-01-24 00:52:12,5,6,1,网课-0.5，最后考试选择题错了一个，小组贡献度最高，个人作业分别9.5和9.9，个人发言多于10+。最后满了。认真还是有好结果的。
99155,2113,姚卫红,2019-01-24 10:43:06,2,2,0,平时管地很多，绝对不能迟到旷课，如果有的话，你的期末分就会少，每节课都会有小测，放心有课本，不过有的坑你照样看不出来，小组作业特别多，作为组长的我写了好多东西，讲课的话，自我感觉真的一般，没有说有很多收获，最后的期末随堂也挺难的，最后绩点水到了4.2，感觉还可以吧，虽然上课听没那么多，但是平时费的功夫是真的多。划重点，事超多，不过老师人还可以，不过互评这种玩意太狗了，有一位仁兄给我打五分拉了下去，这样好吗老哥？凭良心说，我自己打分，正常九分，写得看不下去的八分，好点就十分，我认真写的，你就这样恶竞？制度不合理终究会产生问题
99493,2113,姚卫红,2019-01-25 01:04:57,0,0,0,好！！
101426,2113,姚卫红,2019-01-28 07:46:40,0,1,1,财管讲得挺好的，有一套自己的体系，但是书上有部分我觉得挺重要的别的班也讲了，但我们没仔细讲，虽然这块确实也不要求。95分，卡着满。
102940,2113,姚卫红,2019-02-25 05:28:58,5,5,0,每节课课前看视频，每节课课堂小测，两个个人作业，两个小组作业。\n\n课前让电脑一直放视频；课堂小测有学长学姐整理的答案，有一两题需要自己找，所以只要课前记一下答案；个人和小组作业都还行，不是很麻烦。\n\n建议争取班长或组长，事情不多，但分数肯定比组员高。
107705,2113,姚卫红,2019-05-09 04:44:17,4,5,1,其实我想说，如果最低分是零分，老师的评分估计不会这么好看吧！浙大最不水的课，不是不能让我们水过去，而应该是让我们学到点东西吧，为了不水，往死里给学生加任务的老师是变态吧，求求老师讲的课能考虑一下你上课的时间吗，用一些让学生感兴趣的方式教学会累死吗？
109973,2113,姚卫红,2019-06-21 00:37:17,0,1,1,事情还是不多的，没有论文，期末就一个线下考试，小测占比特别大，但是学长学姐有试题和答案，每次基本上2分钟选完4.50分(这个能和别人拉开很大的差距)，别的都差不多的，网课也不用听，上课多发言，一定要多发言
110140,2113,姚卫红,2019-06-23 15:43:49,1,1,0,好难受，那么努力的学，每节课都很认真，最后绩点绩杀，说不伤心不可能
110146,2113,姚卫红,2019-06-24 02:17:35,0,0,0,现管。我好酸楼下有小测答案的，自己做基本上3.5或者4.0的样子_(:з」∠)_虽然说是抱着可能会绩杀的决心去的，但是上下来还好，老师的评分标准给得很清楚，也没有降分什么的。上课还是水的，主要任务其实还是小测和个人作业，这个就主要靠自学了。
114524,2113,姚卫红,2019-07-10 10:12:10,2,3,1,现代管理基础还不错，作为2分的通识，事情不算太多，老师人也挺好的。但可能是由于我对管理学不太感冒，所以这成了我唯一一门即便努力集中注意力，最后也难免走神的通识课，要求我们写读书报告的书我也不太能欣赏。对于两次个人作业，我觉得要功利一些，注重踩点，另外点一定要明确，不要太关注写作的质量，因为有些同学不清楚是由于不认真评分还是恶性竞争，在评分时可能出现漏点。由于有评分标准，所以即使你写得既没有道理又枯燥无味，只要点有了，很多人还是不得不给高分。
117261,2113,姚卫红,2019-09-21 15:50:33,9,14,5,就想问问大家不当班长，不当组长。最后被态几率大吗？
118669,2113,姚卫红,2019-10-30 10:52:14,3,3,0,而且，事情多，给分差，讲的有没有什么亮点，这门课有什么好的？还线上线下两种模式，线下内容照搬线上内容，我还不如只听网课
118674,2113,姚卫红,2019-10-30 11:37:00,-1,0,1,爆炸了
118675,2113,姚卫红,2019-11-11 23:17:21,0,0,0,给给给
118686,2113,姚卫红,2019-10-30 13:59:00,3,3,0,课程内容无趣，事情还特多，让我感觉管理学很虚。。
119536,2113,姚卫红,2019-11-13 10:33:38,1,1,0,现代管理基础还不错，课堂上其实蛮水的，只要把布置的任务认真完成就能得到不错的分数。
122998,2113,姚卫红,2020-04-28 15:26:27,0,1,1,认真做，还是很容易得高分的
124086,2113,姚卫红,2020-06-23 12:57:53,2,3,1,绩杀了☹️
124357,2113,姚卫红,2020-06-29 15:02:57,3,3,0,没有签到的童鞋可以补签呀，虽然补签也算你旷课。\n\n课程事多吗？我怎么不觉得，不就是每周上课定时搜10道题吗。从头到尾没听过，没刷过MOOC，就是什么都没干，作业也是百度直接复制的，什么都没学，3.6，知足了。
125128,2113,姚卫红,2020-09-01 12:40:54,1,3,2,还行，给分ok
126462,2113,姚卫红,2020-09-27 13:39:18,15,17,2,上课就像激烈的宫斗，本来定的规矩是无论一节课发言多少次，只记一次发言积极，结果有些表现欲超强的一个人发言三四次，根本不给其他人机会（姚老师有些时候会看着面熟就下意识请他了）。其实这样上课只会让原本爱发言的更会发言，而那些不太习惯发言的越来越不敢举手（个人观点）。建议取消课堂举手记录制度，就直接轮着或是点名，这样也可以激发学生积极性，不用看到一些不发言就难受的人抢着BB
127555,2113,姚卫红,2020-11-24 10:20:58,1,2,1,老师很好，作业不算多，给分还很好
127990,2113,姚卫红,2020-12-02 10:37:45,4,4,0,请假都要扣分…服气
128701,2113,姚卫红,2020-12-25 04:51:31,6,7,1,老师上课挺水的，事情特别多，让每个人做了名字牌“课代表”上课前发下课后收，所以每节课必须得到，而且还有测试，额外布置了网课必须有五次以上线上发言\n\n在这个课上碰上了史上最积极的小组，小组讨论也很积极，小组作业也完成的很好\n\n最后绩点奇低\n\n就离谱
128735,2113,姚卫红,2020-12-25 06:12:24,3,3,0,老师事情很多，评分也很透明，所有的课堂测试都可以用学小易查到，挺好水的
129250,2113,姚卫红,2021-01-02 10:56:44,3,4,1,想高分必须圆滑，小测搜答案必须的
129916,2113,姚卫红,2021-01-13 13:08:14,16,18,2,这个疯批快把我给逼疯了，当我得知 请假就要扣三分我就知道不太对劲。 我真的有重要的事我还管你？ 爬都要爬来上你的课吗，您以为您的课很有内容吗？初中生都知道的事被你一遍一遍的讲，我是在期待什么呢？然后各种互评，各种小作业，就真的很离谱。请您放清楚您的定位，谢谢。\n\n对了，期末考试，两道题，1:你为什么要来选这个课？2:你学到了什么东西。    我昧着良心夸了你半天，也算对大冬天来上您的水课的自己一个交代。
131036,2113,姚卫红,2021-01-25 15:39:13,-4,1,5,这门课的定位就比较不清楚，中庸之道吧，放宽心去学一学。\n\n4.5算是能接受…不过我真不知道扣到哪里了
132138,2113,姚卫红,2021-01-30 12:55:13,2,3,1,事多。但是你要认真做的话，绩点会高的，这倒是真的。
133246,2113,姚卫红,2021-02-20 14:13:14,3,3,0,现管小测还是要好好做的，基本分数都扣在小测上，小测怎么做就看你自己了，反正错一道你总评少0.5。现管自学还蛮有意思的（手动狗头）
139581,2113,姚卫红,2021-07-17 14:07:10,1,2,1,很好的老师，教学很负责、很耐心
142003,2113,姚卫红,2021-11-14 08:54:57,1,2,1,老师还是很和蔼的，课程也还算有趣，网课感觉讲的挺好玩的，需要做的事情也不多，小测什么的还是要好好做的，上课也有很多收获
142601,2113,姚卫红,2021-11-14 07:50:29,0,2,2,现管课虽然屁事很多，但是很水，小测要好好做，推荐学小易（手动狗头
142654,2113,姚卫红,2021-11-15 02:49:01,2,2,0,事贼多 线上70%线下30% 全在听网课 上课贼无聊 就是水 小组作业个人作业一大堆 还每节课搞限时小测 真的无语 明明有在好好学 最后绩点还是很低 不理解 别选快逃！！！
142655,2113,姚卫红,2021-11-15 02:48:38,1,1,0,事贼多 线上70%线下30% 全在听网课 上课贼无聊 就是水 小组作业个人作业一大堆 还每节课搞限时小测 真的无语 明明有在好好学 最后绩点还是很低 不理解 别选快逃！！！
146689,2113,姚卫红,2022-01-07 08:16:41,1,2,1,秋学期的现管课，可以拿满的（虽然我没满)，只要认真做，评分细则很清楚，小测好好准备。小组作业都只有八百字的要求。
146739,2113,姚卫红,2022-01-07 09:54:48,2,3,1,上课还可以，逻辑也清晰，事情不算多，要求自己网课学习。其他线管老师的网上测试是回去做，所以其他老师最后打的绩点会比较高，姚老师的是现场做，难度就比较大。可能也是自己没好好学的缘故，最后给的绩点不是很高，差同宿舍其他老师班的室友好多
147769,2113,姚卫红,2022-01-10 18:40:35,6,7,1,事多  上课没听\n\n最后3.6   喜提通识最低绩点\n\n如果对管理不感兴趣的还是慎选吧
159879,2113,姚卫红,2022-09-07 14:03:52,3,3,0,感觉很乱
161798,2113,姚卫红,2022-11-13 13:40:32,1,1,0,给分有点迷
162036,2113,姚卫红,2022-11-16 07:10:24,2,2,0,认真学给分还是不错
165087,2113,姚卫红,2022-12-29 04:26:12,5,5,0,现代管理基础，退！退！退！
165561,2113,姚卫红,2023-01-08 10:07:43,-11,4,15,老师的现代管理基础太棒了，事少分高，强力推荐！！
165986,2113,姚卫红,2023-01-10 14:58:26,3,4,1,课程略有一点无聊，但是学完还是很有收获的，以及有要求课后额外看视频课。作业内容要求都挺明确的，最后大作业1500字也不是很多，基本上每节课上积极回答问题作业认真完成的话还是可以做到满绩的
166394,2113,姚卫红,2023-01-12 07:04:35,1,4,3,事情多但不麻烦，给分很清楚，按部就班按要求做很容易高分，测试机灵点，用软件搜
166908,2113,姚卫红,2023-01-14 07:54:03,6,6,0,时隔两年想打死当初说这门课事不多的自己。上课按组坐，有名牌，小组展示记得有两次，个人作业有，每周还要听网课，课上还有小测，期末还有测试，还有小组讨论红黑商战。课程内容有没有意思看人吧，反正当初我傻傻地都参与了，最后3.9，大学的第一个绩点，当时以为还挺不错的就。
181471,2113,姚卫红,2023-10-18 10:55:23,1,1,0,别说了，快跑吧\n\n事是一堆，分是真低，学还没学到先考试，绝。
182022,2113,姚卫红,2023-11-08 08:44:17,0,0,0,事多快润
182108,2113,姚卫红,2023-11-10 05:00:32,-4,0,4,还好吧，评分标准很透明，分数都是靠自己去争取，会很积极亲切地解决学生的问题，至于小测，基本上都能在书上找到答案，班级平均分都是4.5以上了
182691,2113,姚卫红,2023-11-19 13:18:31,0,0,0,给分差
182826,2113,姚卫红,2023-11-20 13:13:10,3,3,0,破事太多，一堂课又留小组作业又留个人作业；上课直接考试，没讲先考试是吧；给分真的低，能跑快跑吧。。。
184517,2113,姚卫红,2023-12-21 08:21:03,0,0,0,现管事略多，主要靠网课？
185118,2113,姚卫红,2023-12-26 11:21:04,-1,0,1,纱布老师
185662,2113,姚卫红,2024-01-03 10:58:44,-2,0,2,思慕老师
185819,2113,姚卫红,2024-01-04 15:13:47,1,1,0,还要上网课还要小测还要闭卷期末考还要两次期末个人作业还要发言，小测真是无语，扣分大头，一个选修课搞得题这么难，想要高绩点的别来。
188023,2113,姚卫红,2024-01-18 04:37:41,0,0,0,非常好
189498,2113,姚卫红,2024-01-25 03:39:19,1,1,0,作为一门选修课事确实多，上课感觉也一般。但是楼下还有辱骂老师“思慕”的是不是太过了？是不是真的把自己当成公主少爷了，老师稍稍有一点不合你的心意就把老师贬低地一无是处？衷心希望你在以后的学习与工作中也能收到这样的评价
190115,2113,姚卫红,2024-02-22 11:14:48,0,0,0,现代管理基础，作为通识课事情略多\n\n工科生学到一点东西，但感觉受课的折磨多一点。按座位坐，有姓名牌，天天要去上课，每节课线上小测，一定要会搜答案。听课看书也不一定满分的。期末闭卷，脑子有点空白。最后4.2，对同事来说欠高，但看在是姚卫红老师的现代管理基础上也就知足了
190829,2113,姚卫红,2024-03-20 11:55:39,0,0,0,内容上，伪装成非水课的水课，上课内容非常低质且无聊，让同学们自学的内容很多。\n\n给分上，八个单元每个都有小测，10个题6分钟，题都看不完，没把书背过的话根本来不及做。每个小测占5分，平均分只有3.8，预计八个单元下来10分就没了。小组作业和个人作业很耗时间，期末闭卷考应该也不会高到哪里。
198439,2113,姚卫红,2024-09-09 02:46:50,0,0,0,不懂7+的评分怎么来的，现代管理基础p事贼多，给分还不好，每节课都有小测，还有很多小组作业，最后成绩大概就是根据小测什么的评的，根本不会捞人，小测多少就是多少。不要以为小测认真了就能得高分。给分巨差还事多，总之快跑！！！！！给1分最多了！！
3962,2137,陈学军,2015-06-17 11:20:26,0,7,7,还不错
6443,2137,陈学军,2016-11-15 09:29:06,6,18,12,学军oba，你值得拥有
11580,2137,陈学军,2015-12-06 13:43:43,1,4,3,老师比较认真
17009,2137,陈学军,2016-01-19 12:26:08,-2,5,7,人超级好，作业也不多
18603,2137,陈学军,2016-01-22 06:07:45,-4,2,6,上课还算有意思，一分努力一分绩点吧，给分很确切
19718,2137,陈学军,2016-01-25 07:11:08,17,22,5,真心很认真给分却不高
24154,2137,陈学军,2016-04-28 02:05:21,14,21,7,负责认真 给分不高
24258,2137,陈学军,2016-04-29 03:33:15,0,4,4,讲课还不错
26029,2137,陈学军,2016-06-15 06:48:54,-2,3,5,上课蛮认真的，会有所收获，人也很好，要是给我分再高点就更好了
31600,2137,陈学军,2016-07-04 09:08:12,7,11,4,也是不想说话
31800,2137,陈学军,2016-07-05 02:37:22,0,9,9,老师人很好啊，比一般的沟通领导类课好多了，好好写论文绩点不会很难看
39859,2137,陈学军,2016-12-28 04:43:47,5,10,5,老师水平高，认真。就是OB作业忒多。
44947,2137,陈学军,2017-01-18 14:48:27,-3,2,5,平时上课认真点很重要，老师课堂气氛很好
46849,2137,陈学军,2017-01-22 13:23:20,0,5,5,陈老师很不错，人很幽默，事情也不算多，沟通领导类的课学的也挺有意思的，最后写了论文，给分也还行，挺好的。
46854,2137,陈学军,2018-11-16 01:46:03,13,16,3,呵呵呵
46865,2137,陈学军,2017-01-22 14:26:32,-3,3,6,老师水平很高，好好听肯定有收获 论文题目可能理工科写比较吃力 不过认真写给分不错
52372,2137,陈学军,2017-06-19 07:36:32,6,11,5,不好\n\n
54274,2137,陈学军,2017-06-29 02:42:34,9,16,7,人资真的不懂…感觉该做的都做了，最后复习了，别人说都在造概念感觉自己答得还不错，结果分数还是烂？
54347,2137,陈学军,2017-07-07 03:19:01,-2,6,8,给分不错，老师认真负责
54351,2137,陈学军,2017-06-29 06:55:30,-2,4,6,老师蛮认真的，讲得东西也很受用。比较喜欢。
54395,2137,陈学军,2017-06-29 08:53:24,-11,5,16,老师给分真的很好了……
55120,2137,陈学军,2017-07-01 00:55:26,21,28,7,给分真的差
57448,2137,陈学军,2018-09-03 15:58:07,6,11,5,讲的很差给分更差
63690,2137,陈学军,2017-12-13 00:42:34,10,12,2,呵呵 巨爱点名，尤其是人资以外专业和男生的名字，给分也查，事情还多，不建议选
65356,2137,陈学军,2018-01-03 08:58:34,-3,1,4,秋学期的课，现在都明年了还没出成绩…
67450,2137,陈学军,2018-01-21 08:22:09,0,4,4,现代管理基础：老师比较逗比；课都上网课，邢以群教授的课，听着觉得还是蛮有意思的所以就没水认真的看了看；平时的任务确实比较多，每周都要去学习，在网上做随堂小测；个人作业有两个（好像）；发帖子啥的（跟创业基础差不多）；还有书评（跟思修课差不多）；期末考试非常轻松/然后你把这些都做完的话，分数也不是会很差的......
69794,2137,陈学军,2018-01-25 11:51:21,2,7,5,不是很懂为分比王端旭和唐素萍高？？上课容易走神，power distance不是一般的强，时不时diss学生...
70679,2137,陈学军,2018-01-27 11:07:27,1,5,4,没有条理没有逻辑……想到什么讲什么
71759,2137,陈学军,2018-01-29 02:48:07,-3,3,6,我觉得很好，给分也很好
72293,2137,陈学军,2018-01-29 23:56:28,6,7,1,给分很低
72340,2137,陈学军,2018-01-30 02:31:47,3,7,4,明明上课都到了作业也都很认真的做了，给分这么低。我不能理解。给了分数的理由是老师上课的态度还是不错的
81033,2137,陈学军,2018-07-03 11:20:52,5,6,1,老师上课是真得好，但是给分……作业都认真做了，论文也是超认真地写了，不知道绩点为何一言难尽，4都没上
81041,2137,陈学军,2018-07-03 12:07:58,1,6,5,当时看了学习帝里的评论，选组织行为学内心是有点忐忑的。作业一个个人作业，分析自己的性格之类的，一个小组作业，分析年轻人的工作价值观。最后一个论文。个人觉得论文写的还不错，小组作业有点差，最后4.8。老师上课会讲干货的，不敢兴趣喜欢的同学可能会觉得挺无聊。
86347,2137,陈学军,2018-09-13 16:56:49,2,4,2,给分实在太低了，有史以来最低的一门课！
93276,2137,陈学军,2019-01-08 15:50:16,-2,1,3,老师讲课挺不错的，而且也有趣，下课问问题都会回答（就是有时候走的急）。事情相对算少，给分我觉得很好因为我每节课都到课并且小组任务完成得不错。讲真没有课能够水过去的，学一门课是一门课。
93810,2137,陈学军,2019-01-14 01:47:34,2,2,0,作业真特么海多
97309,2137,陈学军,2019-01-22 08:01:39,8,18,10,每次课都到，点名没有缺过，小组作业每次参加有讨论有完成报告，最后期末论文认真看了全书认真查了相关论文认真做好了格式认真建模，要求5000字左右达到了6000字。绩点3.0，所有所有课最低，我应该说啥？我还能说啥？
97387,2137,陈学军,2019-01-22 08:30:41,6,7,1,事多，给分我很迷
97472,2137,陈学军,2019-01-22 09:14:02,3,5,2,给分真的不好，每节课都去上了，而且认真完成了作业。组织行为学的绩点比宏经，线代等课的还低。我也是醉了，不过课挺有趣的。
97488,2137,陈学军,2019-01-22 09:19:39,7,8,1,每次作业都超认真，花了很长时间，绩点还给这么低？期末论文题目拖到元旦才给，花了一整个元旦假期来写，就给这分数？我服
97512,2137,陈学军,2019-01-23 12:34:56,5,6,1,醉了，每次小组作业认真做，论文也仔细写了，给了3.6是smg.....后悔选这门通识 早知道不为了多一点学分而选了
97629,2137,陈学军,2019-01-22 12:23:27,9,10,1,给分我真服，拜托啊我们的论文花了好长时间写的能不能认真看看！绩杀，慎选
97836,2137,陈学军,2019-01-22 23:42:24,1,1,0,刚看平均分。。。。！我倒数?！这到底是什么操作！我论文这么认真写，课也没旷过！就这分！
97847,2137,陈学军,2019-01-22 23:55:50,-2,0,2,组织行为学：3个小组作业1篇期末案例分析。小组8人。
98388,2137,陈学军,2019-01-23 11:46:20,0,1,1,给分高讲的好课有趣，老师绝对男神！！
98421,2137,陈学军,2019-01-23 12:31:00,-1,1,2,组织行为学，每周都会有小组学习论文，期末5000字论文，事有点多，但期末论文认真写，论文刚刚达到字数要求的我拿了4.5。虽然不是特别高，但某种意义上拯救了我的一部分绩点_(:з」∠)_重要的是期末论文好好写叭。老师有你意想不到的点名方式(比如给你做个心理测验然后收上来什么的
100053,2137,陈学军,2019-01-25 13:25:07,0,1,1,绩效管理，上课想睡觉，课件多年前老古董，考试题目很抽象，复习跟谜一样，但最后绩点还不错，虽然卡绩了～
105797,2137,陈学军,2019-04-20 15:27:45,1,1,0,乱给分
106536,2137,陈学军,2019-05-03 01:31:54,2,2,0,。。。
106552,2137,陈学军,2019-04-28 05:27:35,1,1,0,给分低，上课无趣
106557,2137,陈学军,2019-04-28 06:27:31,0,2,2,说实话，组织行为学老师讲得我个人觉得还是挺好的，就是上课时间有点长，中间只休息一次有点累；但老师讲得挺好的，没有一些人说的那么emmmmm不好。
106559,2137,陈学军,2019-04-28 06:36:07,0,0,0,事情不太多哦，我感觉分还可以的，没有说故意拉低的，老师上课真的蛮有意义的但是后面都没有听过，J类还可以了吧
106560,2137,陈学军,2019-04-28 06:36:24,0,0,0,老师讲课挺好的，两次小组作业加一篇3000到5000字论文，在J类应该算事情不多的了，给分不算特别好但是也还不错啦_(:з」∠)_
106564,2137,陈学军,2019-04-28 06:42:37,2,2,0,上课不用听，只要好好写论文就行。我课听的很认真，论文尽力了没有太好，结果绩点很差，很恼火。很垃圾的课
106567,2137,陈学军,2019-04-28 06:44:31,2,2,0,这课恶心人
108929,2137,陈学军,2019-06-04 09:57:43,0,1,1,上课内容丰富有意思，可以学到东西，提供了一种不同的视角。老师举很多例子，可以了解一下管理学。上课也不是很严格，适合喜欢自己听课的同学，不用发言之类的。小组同学很好，论文照自己理解写了，92，很幸运选上这门课了。
109136,2137,陈学军,2019-06-10 00:01:16,2,2,0,OB是因为是J类课才会有那么多人选吧...
110166,2137,陈学军,2019-06-24 05:26:47,0,0,0,老师也太棒了吧，一次小组作业，一次个人作业，没有考试，给分也好好，这学期值了
110261,2137,陈学军,2019-06-25 06:29:57,0,0,0,人资，上课体验挺好，最后一节课有划重点。
112225,2137,陈学军,2019-07-03 23:35:28,0,1,1,关于给分不想喷老师，就只能说无语了
112242,2137,陈学军,2019-07-04 00:01:12,1,3,2,老师其实还行，比较好说话，但是给分是卡绩了...上课可水，偶尔会有签到性质的问卷。我觉得小组成绩也挺重要的，我们小组算是比较认真的，个人论文的话写了3800，没有恶竞，关键是写出了一点自己的理解，91分最后（勿喷）。顺便夸一下助教小姐姐！人超级棒！在美国还帮我们改作业啥的。
114135,2137,陈学军,2019-07-09 00:53:39,1,2,1,组织行为学的事情真的好多，要求具高，明明一门通识，小组论文还要求spss ，说是调查报告，问了要不要严格论文要求，结果改的时候说大家误以为是调查报告给分偏低，最后给的论文题目真的是不知道如何跟他讲过的理论结合在一起。上课不能用电脑手机。最后给分也挺烂。
120882,2137,陈学军,2020-01-18 05:44:13,4,9,5,老师很温和，挺儒雅的，上课可水。组织行为学有两次小组作业，智慧树网课和测试，还有一个期末考试。作为一名外专业的一开始看了查老师上的评分真的挺害怕的，但复习比较认真，最后拿到93分很开心！最后吐槽一下智慧树，居然还要对学习习惯评价……我一开始就把视频看完了然后学习习惯就扣了好多分……
124267,2137,陈学军,2020-06-28 07:36:34,3,3,0,认真学，认真做小组作业，认真写论文，最后3.6，你们看着办
135156,2137,陈学军,2021-05-05 05:00:19,0,2,2,讲课幽默风趣，只要认真学了分不会低！
135199,2137,陈学军,2021-05-06 01:47:18,5,11,6,组织行为学讲的还行，但上课的同学基本上没人认真听，大部分通识课可能都这样吧。线上任务的截止时间您能不能早点说清楚？课程快结束了都不说，我问您以后您才在群里说，tm居然是说了以后的第二天截止？！害得我一天赶完线上任务（习惯分都没了），最后91，线上部分在总分里扣了4-5分吧
152905,2137,陈学军,2022-04-21 12:57:46,0,1,1,组织行为学讲的挺好的，事情不多
155716,2137,陈学军,2022-06-15 10:18:57,2,6,4,组织行为学\n\n上课：老师讲得挺有意思，但是基本没人听\n\n作业：事情太多，需要刷智慧树（题目数量有点大），一次课程小作业，两次小组作业，一篇大论文（要求3000-4000字）\n\n属于事情多给分好的课，最后满了
155757,2137,陈学军,2022-06-15 15:39:02,4,4,0,讲课挺有意思的；课后作业挺多的；给分还行4.5
165551,2137,陈学军,2023-01-08 09:00:31,-2,2,4,还行吧
180653,2137,陈学军,2023-09-24 08:05:38,2,2,0,人资管理课，讲的好无聊，想睡觉
189426,2137,陈学军,2024-01-24 06:01:09,-1,1,2,绩效管理：平时作业十篇文献汇报小组做PPT不汇报的也要写阅读心得，虽然小组分工下来还好但是意味着每周都有事情干的，可平时作业占比才30%...闭卷考试，会考文献，98历年卷不少，老师的PPT复习起来挺痛苦的，但还算付出就有收获吧，给分还可以
189513,2137,陈学军,2024-01-25 06:09:01,3,5,2,上课迷迷瞪瞪，作业量大，期末占比70%，给分烂
189752,2137,陈学军,2024-01-28 10:10:41,6,6,0,吃力不讨好，快逃！
192077,2137,陈学军,2024-05-09 00:39:47,2,5,3,组织行为学通识课给分很好，事情不多，但是每节课上课前都会点名（不过是数字），比较水吧，可以冲！
202651,2137,陈学军,2024-11-13 15:26:00,4,4,0,上课迷迷瞪瞪，基本没人听，吃力不讨好，作业认真写了，每节课都去了，最后喜提3.6
203197,2137,陈学军,2024-11-18 02:05:14,2,2,0,组织行为学。老师讲得挺好的，平时事情也不多，期末认认真真写论文拿了4.2
203650,2137,陈学军,2024-11-20 10:10:33,2,3,1,上课管纪律 给分一坨屎
203777,2137,陈学军,2024-11-21 03:52:37,0,1,1,组织行为学：每节课数字签到+一次自我分析+一次小组作业+一篇结课论文，无mooc。老师可能会说上课别干无关的事（然而玩手机写作业也没管）。中规中矩的通识课吧，给分还行拿了91（推测每节课到课是基本，自我分析想办法写出彩分数高一点，后面两项按时完成，分应该就不会太低了）
204610,2137,陈学军,2024-11-27 04:17:01,1,1,0,上课严管纪律，点名为数字点名+亲自确认结合，ppt巨丑巨无聊，讨论的案例感觉是拿一份mba学员作业随便改改来的，上课两周课就已经退得快没人了
206146,2137,陈学军,2024-12-13 06:21:05,0,0,0,其实没有说的那么差 老师很和蔼的 组织行为学可水，数字点名，智云也听得见，我个人卷了一下，给分不错，不过事情是有点多的，仁者见仁吧
206431,2137,陈学军,2024-12-15 06:02:54,0,0,0,老师比较老牌传统，讲课比较干，案例不是很多，所以有点容易听着犯困
207118,2137,陈学军,2024-12-19 10:01:41,2,2,0,其实没有那么夸张，每节课数字点名倒是真的，个人分析写了很多自己的想法，十分划过，小组作业要求也不是很高，还有一篇3000字以上论文，作业感觉已经不算多了，上课一个晚上只休息一次，划水也没事，老师不会管，最后4.5，真的还行
207417,2137,陈学军,2024-12-21 12:01:02,0,0,0,太可怕了，作业超多，给分巨低
211802,2137,陈学军,2025-01-12 13:32:44,4,4,0,24冬学期组织行为学，感觉还不错。老师会每节课前数字点名，虽然会让大家把无关东西收起来但实际不会管，台下基本都是做自己事情的。作业是一个比较水的mbti分析，一次小组作业和一篇论文。我花的时间不是特别多最后4.5已经满足了，至少比一些认真完成作业了最后还给个3点几的水课好多了。
212019,2137,陈学军,2025-01-13 04:40:00,1,1,0,组织行为学，老师每节课都点名，但事少分高，一篇mbti分析，一个小组作业（时间有点紧，一周完成），一篇论文，直接顶满了最后成绩
212841,2137,陈学军,2025-01-15 04:50:31,2,2,0,没人听课 感觉老师怪委屈🥹
221197,2137,陈学军,2025-06-22 02:16:51,0,0,0,每节课都要点名，事虽然不多但是给分很迷，明明自己认真地写了mbti，小组作业和期末论文，最后给分巨低...不理解
891,2149,王小毅,2015-03-18 12:15:34,18,21,3,有趣，实用
2489,2149,王小毅,2015-05-04 13:15:00,45,51,6,非常生动有趣！收获很大
3320,2149,王小毅,2015-06-01 09:07:18,16,18,2,王老师结合实例讲课十分耐听，给分也很厚道。
3325,2149,王小毅,2015-06-02 02:32:22,13,13,0,有用 给分好
7408,2149,王小毅,2015-09-14 08:21:15,34,34,0,老师讲课非常有趣，再加上我本来就对电商有兴趣，根本停不下来，短学期的课太快结束了。
7614,2149,王小毅,2015-09-15 06:33:38,6,8,2,老师人好，课程内容很生动实用，留的作业也很有意思
9686,2149,王小毅,2015-11-04 11:36:08,8,8,0,十分好玩
9817,2149,王小毅,2015-11-10 07:37:18,24,25,1,绝对的好老师!!!王老师的课有一节没上我都觉得是一种损失，半个学期的课根本不够啊啊啊!
9857,2149,王小毅,2015-11-11 10:15:38,12,12,0,很生动很有趣，不水真的能收获很多。
9877,2149,王小毅,2015-11-11 12:51:40,6,7,1,讲的好到没话说
10128,2149,王小毅,2015-11-16 13:19:27,7,7,0,老师上课很有趣，能学到很多东西，不只是电商方面的，强烈推荐
10451,2149,王小毅,2015-11-19 01:48:21,10,10,0,讲的实用，教会思维！\n\n考核轻松！
10687,2149,王小毅,2015-11-22 11:13:34,5,5,0,思维火花迸发的课堂 超级有趣的老师
11533,2149,王小毅,2015-12-04 00:28:07,0,0,0,挺不错的
11626,2149,王小毅,2015-12-08 12:05:36,6,6,0,超级棒，超级有趣！给分又好！
11627,2149,王小毅,2015-12-08 12:16:42,5,5,0,讲课超有趣，给分超好，老师超帅，没谁了。
11628,2149,王小毅,2015-12-08 12:25:20,1,2,1,小毅男神 享受啊
11629,2149,王小毅,2015-12-08 12:51:42,4,4,0,最轻松有趣的课，最有魅力的老师！
11674,2149,王小毅,2015-12-10 05:38:02,1,2,1,课很好 给分也很好
11877,2149,王小毅,2015-12-20 03:53:12,-1,3,4,还好啦
11910,2149,王小毅,2015-12-21 08:25:44,2,2,0,上课很好，给分也好好
11962,2149,王小毅,2015-12-22 05:41:20,1,1,0,收获良多。
12223,2149,王小毅,2015-12-22 11:53:33,3,3,0,绝壁良心\n\n
12235,2149,王小毅,2015-12-22 12:30:48,5,5,0,nice
12631,2149,王小毅,2015-12-23 16:17:39,3,3,0,老师很风趣幽默
12792,2149,王小毅,2015-12-24 05:01:26,3,3,0,非常有趣\n\n
13374,2149,王小毅,2015-12-27 11:14:36,6,6,0,好得很
13668,2149,王小毅,2015-12-30 09:26:34,1,1,0,赞，生动有趣
13986,2149,王小毅,2016-01-03 11:27:20,1,1,0,收获良多，强力推荐，可惜下学期不开了。。
15499,2149,王小毅,2016-01-15 01:43:06,2,2,0,强推王老师的课，不舍得不认真听的那种！
16586,2149,王小毅,2016-01-18 12:33:56,1,1,0,给分超级好
19081,2149,王小毅,2016-01-23 08:18:03,3,3,0,老师讲课超级棒，真心喜欢
20799,2149,王小毅,2016-02-01 00:27:26,1,1,0,Interesting.
21186,2149,王小毅,2016-02-26 02:52:34,1,1,0,讲课超级好，学到了很多东西
21568,2149,王小毅,2016-02-29 08:20:45,1,1,0,完美。
22091,2149,王小毅,2016-03-02 10:13:38,1,1,0,好好好好好
22152,2149,王小毅,2016-03-02 15:13:30,1,1,0,简直不能再棒！上到现在最好的一门通识！上的好给分也赞！强推！
23444,2149,王小毅,2016-03-30 04:08:50,0,0,0,很有趣
24796,2149,王小毅,2016-05-03 16:30:30,1,1,0,非常好的一门课，非常好的一个老师，非常好的学习体验，非常好的给分。
24802,2149,王小毅,2016-05-03 23:40:07,1,1,0,听着很有收获
24807,2149,王小毅,2016-05-04 00:43:45,1,1,0,真的是有趣又博学的老师。\n\n讲课很用心 是认真听便可以学到东西的。\n\n\n\n给分也相当有师生情 赞
24830,2149,王小毅,2016-05-04 02:47:06,1,1,0,人格魅力与知识传递与真切关心 最好的老师 没有之一
26173,2149,王小毅,2016-06-16 07:06:26,2,2,0,老师讲课很有趣 但是由于自己没什么经济头脑有些东西因为没认真听就没怎么听得懂 老师这学期点名的方式比较特别 课比较不水 但是给分好 上课内容充实
26223,2149,王小毅,2016-06-16 09:56:26,1,1,0,老师教学系统化，而且很有趣，能学到很多东西
26243,2149,王小毅,2016-06-16 11:17:09,1,1,0,声音超级好听！！！然后！不点名有干货！\n\n
27670,2149,王小毅,2016-06-27 07:50:21,3,3,0,上课幽默风趣，跟同学互动很多，是个好老师。给分方面，期末一张他出的卷子，平时可以有展示，最神奇的是平时作业他要我们集两百个赞给他看！
30422,2149,王小毅,2016-07-01 14:09:23,0,0,0,上课好给分好
32479,2149,王小毅,2016-07-07 05:09:18,0,0,0,男神 大爱
36150,2149,王小毅,2016-11-10 15:14:56,0,0,0,非常有意思，干货满满。
40746,2149,王小毅,2017-01-05 08:06:38,2,2,0,无与伦比的好
78733,2149,王小毅,2018-05-15 02:14:31,1,1,0,王老师特别有趣，讲课也很好，人也超级好！！！！
90059,2149,王小毅,2018-11-22 04:01:34,1,1,0,每次下课都希望能不下课接着讲
98174,2149,王小毅,2019-01-23 06:54:07,2,2,0,太棒了结课的时候非常舍不得
134843,2149,王小毅,2021-04-18 13:41:17,1,1,0,非常认真负责的老师
142225,2149,王小毅,2021-11-09 02:01:29,0,1,1,冬学期第一节课老师没来。。。
152213,2149,王小毅,2022-03-30 13:25:00,2,3,1,王老师的课值得反复来听，每次都有新内容。一些是知识点，一些是他自己潜心研究的成果。把商学讲得深入浅出。而且他自己都在实践很多理论，有很多心得，是管理学院少有的全面型教授，还经常在电视上看到他，有一次居然是在给跑男讲大国重器！
153351,2149,王小毅,2022-04-28 09:49:57,1,3,2,非常专业的营销大佬！在MBA和EMBA中更受欢迎。
155738,2149,王小毅,2022-06-15 12:12:58,0,0,0,很棒的老师
188998,2149,王小毅,2024-01-21 06:05:42,0,0,0,很棒的课程，很好的老师。就是ww商业模式为啥不出分呀！
192156,2149,王小毅,2024-05-10 07:38:11,4,5,1,2024.5.10职业生涯规划大赛\n\n该老师在不清楚评分标准的情况下进行贬低式点评，评价中频频爆典。\n\n发出诸如“有志于学术就应该去了解领域顶尖人士，阅读专业书籍，做研究做到凌晨四点，跟着老师做项目算什么，项目只是老师的项目”的逆天评价，颇有纸上谈兵搞乌托邦主义之意；对于评分标准中的“要有备选方案”完全不知晓而说出“你们有备选方案就是对这个职业规划不坚定”的离谱发言，与此同时又对于聚焦某一职业的同学说出“你的规划太窄了”的逆天双标，属于是既要所谓“坚定”又不能“狭窄”，既当又立了属于是。\n\n\n\n毅言丁真，鉴定为皮堰出气就图一乐，真放屁还得看您。
198631,2149,王小毅,2024-09-10 09:36:39,0,1,1,讲课是真牛逼
204017,2149,王小毅,2024-11-23 04:39:34,-1,0,1,一副很江湖的样子 不怎么样
214138,2149,王小毅,2025-01-25 07:52:30,0,0,0,出分太慢辣！老师！！！
214788,2149,王小毅,2025-02-18 02:26:02,1,1,0,说一下电子商务与电子政务通识：事少分高，还不点名，全程AI分数也很高，无脑冲！（就是出分很慢，寒假过完才出…）
215721,2149,王小毅,2025-03-04 16:01:53,0,0,0,电子商务与电子政务，事情少分数高，讲课也比较有意思，但是老师，您的出分也太慢啦！成绩怎么就忘了提交了呢
5375,2189,史煜筠,2015-07-07 04:59:04,10,21,11,讲课蛮好，也很负责，但是分数压得比较低
20890,2189,史煜筠,2016-02-03 03:11:26,-1,4,5,讲课讲挺好 给分也不错
20896,2189,史煜筠,2016-02-03 08:11:15,0,2,2,史老师讲课很认真，条理很清晰，人很有耐心，只要认真学了成绩会很好
20907,2189,史煜筠,2016-02-03 12:00:41,1,4,3,挺不错的，而且只要认真学，拿高分是没问题的
21488,2189,史煜筠,2016-02-29 04:46:29,-1,6,7,讲课挺好的 给分超好啊比自己预估的分数高多了
22858,2189,史煜筠,2016-03-13 13:46:03,1,2,1,上课认真，清晰，给分超棒
28801,2189,史煜筠,2016-06-28 15:39:26,1,4,3,老师讲课很有趣，人也很随和很善良，给分当然也很好
46663,2189,史煜筠,2017-01-22 05:43:04,14,16,2,讲道理，男神，讲课清晰，然后体谅学生，事情少，一直相当崇拜老师不知道是怎么从本科生物专业一路变成管院男神教授的?
46664,2189,史煜筠,2017-01-22 05:52:25,4,5,1,老师很有经验  为学生着想。但是上课不按书上的来。复习的时候很崩溃。给分不是太高。
46826,2189,史煜筠,2017-01-22 11:30:53,3,5,2,对自己的分数万思不得其解。只觉得做的时候很简单，看成绩居然7打头了
51274,2189,史煜筠,2017-05-27 02:22:30,0,2,2,好~~
70469,2189,史煜筠,2018-01-28 07:59:31,21,28,7,非常喜欢老师啦。授课不疾不徐，思路清晰。而且看起来非常的忠厚老实。啊哈哈
70762,2189,史煜筠,2018-01-28 05:46:13,6,8,2,出分了
71172,2189,史煜筠,2018-01-28 05:43:12,1,3,2,居然7打头了。
71177,2189,史煜筠,2018-01-28 06:02:35,2,6,4,老师讲课很好！课后给了两份习题可以覆盖考试的题型 复习完之后可以拿到不错的分数！感觉考试不难 勉强上四可能是小组展示还不算太好~总的来说还是很感谢老师的！！！
71199,2189,史煜筠,2018-01-28 06:32:19,0,1,1,天呐！！！男神啊！！！温婉儒雅！给分超级好！上课布置的小组作业都是为了我们着想，为了提高我们简述报表的能力！真的是管院男神啊！！！！！！！！
71219,2189,史煜筠,2018-01-28 07:02:49,1,1,0,老师讲的还蛮清晰的吧，偶尔有点想睡觉。而且个人觉得这门课程和金融学的重合部分还蛮多的，所以学起来挺轻松的，当然也有许多新知识，推荐当个性！
71243,2189,史煜筠,2018-01-28 07:43:09,1,1,0,老师超级男神，讲得很细致，好好听课不会差的～
71245,2189,史煜筠,2018-01-28 07:48:23,0,0,0,老师给分好，讲课特别有意思，学到很多，男神无疑了
71270,2189,史煜筠,2018-01-28 08:25:57,0,0,0,老师很亲切 给分还可以 都怪自己没好好学
73528,2189,史煜筠,2018-02-02 01:44:32,2,4,2,老师挺好的，平时我们自己要多学学金融什么的就更容易听懂，老师内容很多，PPT很清晰，给分也不错，计算题大家多看看老师给的就行啦
100407,2189,史煜筠,2019-01-26 05:35:26,1,2,1,讲课好，耐心，不会嫌弃你问得问题low，总是会耐心解答。而且给分还很好
100453,2189,史煜筠,2019-01-26 06:52:36,1,1,0,挺好哒
100836,2189,史煜筠,2019-01-27 02:09:43,-7,9,16,我其实很生气，上课确实不错，讲得很认真。但是给分是真的真的真的很坑，自己好不容易均绩靠着好几门课突破了一道坎，结果被他的一个2.4打回原型。可能真的是我太垃圾了，配不上老师的教育，，，，，，，，，，，，，（可是你知道一个学期其他课程基本都上四，只有这一门来了个2.4的感受吗？还是自己用心最多的一门）
101388,2189,史煜筠,2019-01-28 06:24:56,1,2,1,老师很温和，回答问题也很认真，也会很认真地给同学们的展示提意见。\n\n给分也很好呀，好好做就能满！
132876,2189,史煜筠,2021-02-04 09:46:37,14,16,2,公司治理\n\n4.5绩点\n\n老师打分很公平，好就好不好就不好，上课也能学到蛮多东西，个人觉得比那些水水的通识课划算很多。\n\n老师人超好呀，会认真的回答问题，憨厚老实萌萌的
132879,2189,史煜筠,2021-02-04 09:50:51,10,11,1,评公司治理\n\n老师人很好，上课的PPT非常的详细，期末开卷考试中也很多PPT的内容，所以把PPT研究仔细，基本上内容就掌握了；写个人作业的时候有问老师一些问题，老师回答的也非常仔细；老师也非常可爱，考试之后和我们一起水群（手动狗头）\n\n但老实讲这门课并不适合大一新生，尤其是没有学过经济学或者会计学的同学。考试的内容没有这么难，但是老师上课的内容会涉及到一些这方面的知识，听起来可能会有些障碍\n\n经过不懈努力最后绩点还可以，故推荐大二经济金融会计的同学去选，可能能水一波绩点
133401,2189,史煜筠,2021-02-27 06:11:32,1,1,0,公司治理：\n\n现在才来评价。老师挺好的，没学过统计管理的同学对于上课讲述的知识会有一些难以跟上，但是会科普炒股知识啊，炒股党觉得超棒！给分也好！
135256,2189,史煜筠,2021-05-07 02:25:39,4,6,2,公司治理，课程很有味道而且干货很多，给分也很合理，期末考也是开卷考，内容大多可以找得到，大论文要求很清楚，具体需要哪些内容，很赞
137168,2189,史煜筠,2021-07-01 15:56:47,9,10,1,好温柔的老师呀，公司治理考试开卷，打印下ppt就可以的。
138360,2189,史煜筠,2021-07-08 16:35:08,-7,0,7,没有想象中给分好，勉强上4，可能因为一学期没听课也没复习\n\n不过老师还是讲的很好的，如果认真听收获应该不少。但是实际管理公司，那确实是另一回事儿
138524,2189,史煜筠,2021-07-09 15:30:37,-29,2,31,给分很差劲，上课就念ppt，怎么会有这样的老师？？？？
144383,2189,史煜筠,2021-12-21 09:27:30,1,1,0,大一外系，抱着玩一玩的心态选的，老师人真的不错（虽然我一点也听不懂），最后交个论文就完事了，可能本系的选更好吧
145060,2189,史煜筠,2021-12-27 07:17:45,0,0,0,真的牛
149601,2189,史煜筠,2022-01-16 07:27:58,0,0,0,老师不错，给分真的不行
149754,2189,史煜筠,2022-01-16 17:30:19,3,3,0,公司治理：\n\n上课偶尔点名，上课讲故事+知识点，零基础也可以听的（本人就是），可以学到不少知识（加故事），作业一篇小论文加期末考，任务不算重，而且没有小组合作，论文找了家被行政处罚的公司写了5k，考试把PPT印出来就可以，最后4.8，有兴趣可以冲！
149945,2189,史煜筠,2022-01-18 02:43:00,4,4,0,公司治理，上课非常有意思，学到很多东西，偶尔点名+一次大作业+开卷考（据说要改成闭卷），给分还算可以（看个人期待了）
152771,2189,史煜筠,2022-04-19 12:18:59,0,1,1,事少，偶尔点名，上课很有意思，期末开卷，给分很好，老师也很温柔细心啊
153386,2189,史煜筠,2022-04-29 01:51:57,1,1,0,冲就完事
157296,2189,史煜筠,2022-06-23 01:21:50,7,7,0,公司治理yyds！可以学到很多 小组作业很有意思 然后给分也超好！
167702,2189,史煜筠,2023-01-18 11:55:16,9,9,0,老师讲的很好，给分也不错，感觉有被捞
178910,2189,史煜筠,2023-07-30 09:20:35,1,4,3,老师人很好，上课收获很多，但通识课相对比较硬，还是不推荐非经管专业选，每节课点名，一个小组合作大作业，一个论文，期末开卷考，事不算少。以及小组作业课程论文都有好好写，期末打印了ppt认真复习了结果只有3.9，大概率是因为我听课不够认真吧害。
181408,2189,史煜筠,2023-10-17 06:45:52,3,5,2,授课内容逻辑清晰，但很爱拖堂。。。
182873,2189,史煜筠,2023-11-21 01:30:30,-1,2,3,公司治理与内部控制\n\n老师每节课都会雷达点名，但是不会卡迟到。讲课又清楚又有趣，很有干货\n\n考核是考勤+个人作业+一个小组案例分析+开卷考试\n\n认认真真学了，最后给分也很好，非常推荐！
182913,2189,史煜筠,2023-11-21 05:28:14,4,5,1,战略成本管理， 每节上课就开始雷达点名，老师内容深度都够，不过确实有点无聊，给分非常好，期末闭卷，但这门课好好学好好复习能取得很好的成绩
183533,2189,史煜筠,2023-11-27 06:58:43,0,3,3,公司治理与内部控制\n\n老师讲的很认真，能学到很多东西\n\n一次个人作业+一次小组作业+每节课雷达点名（可以补）\n\n期末考试开卷，但是量特别特别大\n\n老师给分很好很好\n\n10分！
183704,2189,史煜筠,2023-11-29 02:46:00,2,3,1,讲课有趣，但个人感觉给分并不算特别好
184078,2189,史煜筠,2023-12-08 05:28:12,3,3,0,老师给我一种温润君子的感觉，讲课蛮有趣的
190084,2189,史煜筠,2024-02-19 19:56:03,0,0,0,很好的老师，给分与付出回报的，就是讲课有点催眠，但是讲的课很好的，给分也还可
203569,2189,史煜筠,2024-11-20 05:18:48,0,0,0,真的是给分超好 每节课基本都要雷达点名
203586,2189,史煜筠,2024-11-20 06:10:39,0,0,0,上的是战略成本管理 老师讲课好 娓娓道来 课程内容 两次计算题作业➕一个小组作业 不难 事少 期末闭卷老师会给提纲 且老师会捞 给分好好 每节课都会雷达点名 但时间固定
203812,2189,史煜筠,2024-11-21 08:04:42,0,0,0,每节课都要点名，老师你知道吗，这是我几年来第一次早八全勤。不知道给分算好还是不好，我好好学了，成绩还凑合
12639,2228,梁巧,2015-12-23 17:22:01,9,13,4,基本上，没听过……\n\n很淡定地认真读ppt
20131,2228,梁巧,2016-01-26 07:35:00,1,3,2,人好，温柔，不会为难学生，讲话很柔和。讲课也很清楚，只不过有点无聊。考试简单，给分好。
20508,2228,梁巧,2016-01-28 03:23:50,1,2,1,老师怀孕了 还很认真的给我们上课
21619,2228,梁巧,2016-02-29 10:37:13,2,3,1,基本上没听过课 全靠微经基础 毕竟管院全英的中微 考试十道题八道作业原题
27780,2228,梁巧,2016-06-27 13:32:38,1,4,3,问一下为什么教务网上单写这个老师无教材 全外文教学？？上课也用英文吗
47213,2228,梁巧,2017-01-24 14:16:09,5,5,0,老师给分也太好了！！！哭出来！！！上课的确趣味性不强，课堂气氛不热，老师态度是真的端正，想想真的因为自己没有认真听才不能提出有价值的问题，才不能双向交流。
62151,2228,梁巧,2017-11-22 16:57:27,-3,1,4,给分低，
65761,2228,梁巧,2018-01-09 04:59:03,2,2,0,挺好的～
162499,2228,梁巧,2022-11-23 13:17:43,-1,0,1,给分低
214745,2228,梁巧,2025-02-17 08:39:02,0,0,0,给分低
5576,2330,金庆伟,2015-07-08 11:48:19,2,6,4,讲得很清楚
22112,2330,金庆伟,2016-03-02 11:17:41,-7,2,9,？？？
25187,2330,金庆伟,2016-05-07 11:01:23,10,12,2,ERP还是不错的
27042,2330,金庆伟,2016-06-22 11:48:26,6,7,1,老师很聪明，讲算法讲得很易懂，人很平和！
40592,2330,金庆伟,2017-01-04 08:06:01,1,2,1,老师好，考试难
53881,2330,金庆伟,2017-06-28 02:54:03,-4,1,5,ERP，实地操作系统还是比较有趣的，上课讲的内容基本没太大帮助
57469,2330,金庆伟,2017-07-08 08:42:03,3,3,0,只能说给分很务实
58088,2330,金庆伟,2017-07-29 03:10:33,-1,1,2,老师不错  给分一般
93591,2330,金庆伟,2019-01-10 16:50:44,12,14,2,老师好帅！！！
108725,2330,金庆伟,2019-06-01 01:45:06,4,4,0,老师好帅！！！人很好
120849,2330,金庆伟,2020-01-17 20:29:28,1,3,2,老师绩杀的
120883,2330,金庆伟,2020-01-18 06:12:28,1,3,2,给分也太低了吧？
124184,2330,金庆伟,2020-06-26 14:44:40,2,3,1,老师自己很强，教学水平也很高，感觉是温文尔雅的类型，完全看不出来要奔四了看起来好年轻。平时好好做作业期末考基本都能做出来，虽然要比作业难一点，给分也是出乎意料的好。
125058,2330,金庆伟,2020-08-22 08:13:42,3,3,0,老师的儿子好可爱好活泼
131825,2330,金庆伟,2021-01-29 04:21:07,-4,2,6,课很硬，讲课一般般，给分巨差，绩杀，建议慎选
167929,2330,金庆伟,2023-01-20 10:52:43,-2,1,3,随机分组 而且小组合作完全决定最终成绩 离谱
172661,2330,金庆伟,2023-05-03 23:49:26,1,1,0,给分不好的
176288,2330,金庆伟,2023-06-28 09:07:00,0,0,0,讲课慢吞吞的……平时认真做个人作业和小组作业，考前背了一晚上公式，没想到卷子上把公式都写好了，而且都是比较简单的内容，最后给分还挺好的。
176464,2330,金庆伟,2023-06-29 04:03:32,0,1,1,上的是运作管理 期末考试比较简单，跟作业差不多 老师给分还挺好的 人也很不错！
177465,2330,金庆伟,2023-07-03 10:44:47,-1,0,1,运作管理：上课比较无聊，小组作业选了几个做得好的去pre，我们组没被选感觉绩点一般。期末考试比作业难，给分不好
183418,2330,金庆伟,2023-11-25 13:05:44,0,0,0,老师很努力的在上课，但是很多细节略过了，导致有时课堂效率并不是太高。\n\n可能这就是大神吧，很多东西以为同学们都懂得，但是大家并不理解。
190478,2330,金庆伟,2024-03-05 12:59:02,2,2,0,上课很认真，但是给分很求是
191825,2330,金庆伟,2024-05-01 03:12:42,3,3,0,给分很求是……
191832,2330,金庆伟,2024-05-01 05:49:48,1,1,0,软计算和ERP都超好，课很难搞，任务都要花心思，但会很有收获，老师上课语气毫无波澜，会困，但是讲的很好，最后一点，给分超好。
209752,2330,金庆伟,2025-01-07 03:31:32,0,0,0,虽然课听不太懂，但是老师真的好帅
9805,2332,谢小云,2015-11-10 01:00:42,36,43,7,简直享受，觉得这课75一学分真是赚了。备课充分，逻辑清晰，专业性强。最喜欢的几位老师之一。
9897,2332,谢小云,2015-11-12 11:24:49,10,14,4,小云真男神~get很多实用应对面试的技能，而且发现研究也是件很有意思很讲情怀的事。
11616,2332,谢小云,2015-12-08 04:28:08,10,10,0,听谢老师的课，连瞌睡虫都不来打扰了。从头听到尾，接地气。
11619,2332,谢小云,2015-12-08 04:33:14,17,18,1,茅塞顿开，醍醐灌顶，恍然大悟，人生感觉好，威武，有希望了！
14544,2332,谢小云,2016-01-07 13:47:57,0,1,1,醍醐灌顶！
21673,2332,谢小云,2016-02-29 14:03:16,3,3,0,知识，逻辑，思想的多层提升
32715,2332,谢小云,2016-07-11 07:57:58,1,2,1,飞一般的感觉
34149,2332,谢小云,2016-09-27 15:16:53,12,12,0,听他上课就会被吸引 全神贯注90分钟
36903,2332,谢小云,2016-11-16 11:50:58,0,1,1,不上就可惜了
37281,2332,谢小云,2016-11-18 07:35:00,0,0,0,推荐推荐推荐
39384,2332,谢小云,2016-12-22 10:35:51,4,5,1,虽然我是工科，误选了老师的课，但真的讲的好，绩点不高，也值了。
48927,2332,谢小云,2017-03-16 14:24:10,0,0,0,讲得很好！
57564,2332,谢小云,2017-07-09 23:22:28,0,1,1,很好的感觉
61900,2332,谢小云,2017-11-21 12:53:27,1,3,2,太能切中学生的痛点，非常贴近生活，深入浅出易理解，逻辑清晰，又有实践格局视野。爱学生，享受学习的乐趣！打开了我一片新的天地！
63623,2332,谢小云,2017-12-10 09:17:45,3,4,1,讲得很好
79264,2332,谢小云,2018-05-29 08:10:41,2,3,1,非常严谨的大牛老师，作业压力也没有很大
88295,2332,谢小云,2018-10-27 08:34:42,4,5,1,睿智幽默，仙风道骨
89467,2332,谢小云,2018-11-19 08:29:00,10,17,7,真正的好老师从不靠点名，就像好女人不用怀孕留住男人
90122,2332,谢小云,2018-11-22 07:03:46,6,7,1,为什么我觉得老师给分很好。。。\n\n拿来当个性课简直是便宜了自己\n\n为数不多让我自主放下手机的课\n\n而且拖堂了我们也不在意的\n\n谢谢某学长的推荐
90126,2332,谢小云,2018-11-22 07:21:44,4,5,1,太棒了！对外专业也十分友好！很难忘！第一次见到课刚结束就在群里自发感谢老师的！真的是发自内心，而不是出了分之后的简单刷屏！
141642,2332,谢小云,2021-10-19 01:19:39,0,2,2,非常好的老师
141788,2332,谢小云,2021-10-26 01:24:49,1,3,2,谢老师yyds！
151689,2332,谢小云,2022-03-12 05:46:44,1,3,2,启迪心智，如沐春风（鼓掌）
153645,2332,谢小云,2022-05-07 02:17:08,1,3,2,课上得非常好，谢老师非常儒雅博学，既有系统的理论知识，又有最新的实践认知，真正的学界大牛，听他的课简直是个享受，哪怕拖堂1个小时，同学们都听得意犹未尽。
161275,2332,谢小云,2022-11-03 07:40:54,0,2,2,超级棒！
161291,2332,谢小云,2022-11-03 16:19:05,1,3,2,老师真的太棒了，荣升我最爱的老师之一。听谢老师上课简直是一种享受，不只是学到了理论知识，还了解到了很多书本里学不到的东西！
162408,2332,谢小云,2022-11-22 01:08:19,4,6,2,组织行为学\n\n谢老师不喜欢点名，强调要用老师上课魅力留住学生，老师学识渊博，上课非常有趣，作业需要思考但不难，有问题求助老师也很愿意帮忙解决，助教小姐姐人也超级好，课程收获不少！
162409,2332,谢小云,2022-11-22 01:18:14,8,10,2,老师上课非常有意思 不仅是讲组织行为学的知识 课外的拓展也非常多 组织行为学是我秋学期听得最认真的一门课 而且我感觉课上学到的知识是真正进入了脑子 老师没有布置过小组作业 只有几个个人作业 只要认真做都不会太难 最后给分也很好 好爱老师！
162420,2332,谢小云,2022-11-22 04:04:56,5,6,1,出分了 感觉有点低 不过投入和产出成正比，毕竟我也没怎么努力。\n\n老师很好的 大家也很积极
162422,2332,谢小云,2022-11-22 05:45:15,25,27,2,仙风道骨，启发式的教学和互动性很强的课堂；每次都期待接过老师话筒进行观点输出（不好好听课会被递话筒）期待人事测评与选拔的重开；期待下一次的毕业生音乐会；期待金色大厅里的每一次精彩答谢辞和点评；亦师亦友，受益终生。还记得谢老师曾多次提及词学大师夏承焘先生在之江校区夏夜的“繁星在天，万绿如梦”，谢老师的浪漫点燃了我这片文化荒漠，这门课收获了很多。那句“好，各位，我们开始”以及最后那句“希望你们从浙里，读懂中国”很爱很爱！下课了不写了。
164014,2332,谢小云,2022-12-17 09:30:41,13,18,5,管院最好的老师！高风亮节，大师级别的存在！
179627,2332,谢小云,2023-09-19 02:27:07,19,19,0,大师！管院之光浙大之光！
182781,2332,谢小云,2023-11-20 08:25:23,8,8,0,不用多说！强烈推荐！听了学姐的建议坚定地选择了谢老师！真的一点都不后悔！！！
198455,2332,谢小云,2024-09-09 04:36:51,2,2,0,非常非常好的老师
201067,2332,谢小云,2024-10-28 06:22:04,4,4,0,谢老师yyds\n\n管院最爱的老师没有之一
202056,2332,谢小云,2024-11-08 17:10:35,4,4,0,第一次写查老师，谢老师真的值得10分，上他的课太享受了，会因为谢老师爱上管院的
202097,2332,谢小云,2024-11-09 09:41:13,6,7,1,绝对是你浙最一流的老师！（助教姐姐也好！都好！）有学识有情怀上课生动有趣 不要求死记硬背认为理论就要结合实际 互动很多启发学生思考 认为学生应该劳逸结合劝说大家周末多出去踏青看风景 课程任务也很轻松 考试内容也都是上课讲过的案例。。。真的切身在为学生着想。。外专业听课也毫无压力 深受感动。。（老师想要多讲一会还会问学生们如果有事可以先走 0人走出教室）真的是非常有收获的一门课 下学期上不到小云老师的课我真的要伤心了。。。没上过小云老师的课的人只能度过相对失败的人生。。。PS:常年听小云老师组织行为学的人都目光炯炯有神，非常自信，最后完全成为天才，听小云老师讲课会改变大脑结构、提高身体机能，预防各种不治之症，人一旦开始听小云老师就说明这个人的智慧品行样貌通通都是上等，这辈子都能在任何地方风姿飒爽，特别具有强烈的爱国精神和社会正义感，对治安稳定和国家复兴有巨大的贡献！！！！（虽然是玩梗但是表达的含义是真心的，大学就是要上好课才能感受到大学教育的意义）
203026,2332,谢小云,2024-11-16 03:21:21,3,3,0,还没出分，来给小云老师评分。谢老师绝对是满分的好老师，老师很温柔，会鼓励和引导学生去思考问题。很荣幸能听到老师的课！
203905,2332,谢小云,2024-11-22 01:55:17,3,3,0,很儒雅的一位老师，上课形式生动有趣，用真才实学留住学生（上课不带犯困的），作为我跨专业学习的一门课程，我觉得拿到4.2的绩点，已经很不错啦，助教姐姐人也超级好
208853,2332,谢小云,2025-01-02 14:02:09,4,4,0,给分还可以，但是我想说的是几乎每节课都拖堂，甚至会拖堂半小时那种，，，，
214821,2332,谢小云,2025-02-18 05:40:25,2,2,0,进入浙江大学以来最欣赏的老师之一，在他的课上你总能学到东西。
10781,2351,杨翼,2015-11-23 05:10:18,14,21,7,仔细，注重理解。还很帅～
15668,2351,杨翼,2016-01-16 05:33:16,3,6,3,很好的一个老师，教的是态度，上课很轻松
62264,2351,杨翼,2017-11-23 15:56:08,1,1,0,这个必须十分！老师人真的超好！
85815,2351,杨翼,2018-08-17 09:11:49,3,3,0,很轻松  天南地北 能学很多
93716,2351,杨翼,2019-01-12 08:05:52,0,0,0,这个出分速度太强了 老师很赞
93843,2351,杨翼,2019-01-14 03:35:35,2,2,0,这个出分速度真是厉害了，老师人也超好
120848,2351,杨翼,2020-01-17 20:29:00,1,2,1,不喜欢，给分不好
167990,2351,杨翼,2023-01-21 10:03:47,-2,0,2,依托答辩
187218,2351,杨翼,2024-01-15 06:35:48,0,0,0,事少分高
33782,2379,施杰,2016-09-21 14:27:15,4,24,20,挺好的！
33783,2379,施杰,2017-09-21 05:12:01,2,8,6,太好了
35524,2379,施杰,2016-11-10 07:23:57,2,7,5,水11111
40096,2379,施杰,2016-12-29 06:56:40,5,16,11,認真負責  給分明確\n\n
40166,2379,施杰,2016-12-29 15:38:03,-5,2,7,很认真，没有什么鸡汤，很随和，照本念\n\n
46758,2379,施杰,2017-01-22 09:25:49,-2,3,5,真的很好的老师！对学生很好很随和！作业也不多！好好学的话受益会很多！！给分也很好啊提均绩！！
52002,2379,施杰,2017-06-14 05:49:02,0,5,5,老师为人很随和，每节课会有上节课复习的小测，任务应该算不上很多，但毕竟管理学作业量还是有一定的，好好听课，做作业，会收获很多，付出多，结果也不错，给分很好
59406,2379,施杰,2017-09-21 06:59:28,-1,3,4,上过老师的管理学。非常非常负责，上课就按课本来讲，ppt做的很清晰。任务会列明时间和内容，跟着老师走就能完成，完全不会手忙脚乱或者小组拖拉。算是管理学里事情少的老师了
60178,2379,施杰,2017-10-12 06:46:23,-4,2,6,你说我一个电气的怎么就跑来学管理了呢。因为老师讲的真的不错啊?
60904,2379,施杰,2017-11-02 05:26:58,10,18,8,简直是高中老师，各种说教，且前后矛盾。
65601,2379,施杰,2018-01-07 02:41:49,5,16,11,老师讲课布置作业什么的都很认真，认真学能学到东西。\n\n缺点是上课非常无聊，一大半的人都在水，以及作业多出天际。我一个理科生平时都在赶管理学的due严重挤压了其它科作业的时间。别告诉我是我自己的问题
68936,2379,施杰,2018-01-24 06:42:54,-2,1,3,上课很认真，太认真了
68940,2379,施杰,2018-01-24 06:48:37,1,4,3,实在没什么收获
68948,2379,施杰,2018-01-24 06:58:21,-1,1,2,不是很喜欢老师的上课风格，很无聊
69108,2379,施杰,2018-01-24 08:33:47,0,5,5,很多没有用的作业。。但是比较分散按照要求来也不会太花时间 老师人很好，还是不错的
69189,2379,施杰,2018-01-24 11:07:21,-1,3,4,压分，靠
69209,2379,施杰,2018-01-24 10:09:45,-4,6,10,第一门满绩的课程，谢谢老师
69297,2379,施杰,2018-01-24 12:19:54,0,10,10,开学时就把怎么打分说得很清楚，上课照本宣科还是要看自己想不想学，说老师给分不好的，可能是平时的小测和个人作业没好好做
69372,2379,施杰,2018-01-24 14:32:39,-1,4,5,老师人挺好的，但是真的教条，讲课很无聊，没什么干货，照本念，尤其无法忍受的是他会把一个错误上升到管理学的方方面面来批评，挺自以为是的。事儿应该不算多吧，给分死板，投机取巧把平时的课堂测验做好，当个课长之类的，最后应该会拿个比较好的分数
69431,2379,施杰,2018-01-24 15:56:09,-1,2,3,上课有点枯燥 事情还蛮多的\n\n给分一般吧
69788,2379,施杰,2018-01-25 11:40:16,0,4,4,一般般，事儿少，分相较于其他老师给的不太好，但也过得去。当个组长课长啥的应该还可以。有点死板。给分完全公开，也没什么调分的操作。不在乎绩点，怕事儿多的同学还是建议选一下的。
71767,2379,施杰,2018-01-29 02:55:08,-2,6,8,辣鸡老师 屁事多给分差 什么每周一论就是瞎bb 没内容
89400,2379,施杰,2018-11-19 03:03:39,-1,1,2,很负责的老师 不凶 上课真的很认真 人也很好
92927,2379,施杰,2019-01-05 22:51:03,9,10,1,讲课一般，是很和蔼可亲，可是我觉得作业好多啊 心累????????
94104,2379,施杰,2019-01-15 07:49:43,1,3,2,超级好，期末各种拉分，上课很认真，很有意义的课、唯一问题事有点多
94189,2379,施杰,2019-01-15 13:37:58,-4,0,4,老师人很好，事多是课程的原因，上课很认真。
100074,2379,施杰,2019-01-25 13:45:59,-1,1,2,管理学的事情会比较多，平时要写的东西比较碎。老师讲的还算是比较认真的，讲课缺乏一些趣味性。就个人来讲，我很幸运，我们组内的氛围很不错，交到了不少朋友。
102068,2379,施杰,2019-01-30 09:16:15,1,2,1,如果能认真听的话还是很有收获的。而且，老师给分也太好了叭！！
102070,2379,施杰,2019-01-30 09:25:05,0,1,1,老师超级好呀，很和蔼，而且给分超级好。不过管理学本来就是比较水的一门课，想要从课上学到什么还是比较难的，小组作业比较多。不过很幸运的是，我们组的氛围特别好，交到了很好的朋友。
102071,2379,施杰,2019-01-30 09:28:11,1,2,1,上课很认真，态度超好！然后事情多但主要是课程要求的原因，如果必修管理学的话选他很不错。给分很好，只要做事情分不会低的，就是如果分到的组员不好的话会比较累。
102074,2379,施杰,2019-01-30 10:24:07,0,1,1,还不错
102090,2379,施杰,2019-01-30 11:19:29,-1,2,3,老师很好啊！ 给分超级好啊！ 虽然事情有点多，但是管理学这一门课本来就事多，老师已经是相对事很少的了。我真的吹爆！！！
102095,2379,施杰,2019-01-30 12:18:43,1,3,2,100昏～
102163,2379,施杰,2019-01-31 01:39:32,-3,4,7,管理学给分超棒啊！！\n\n不要被老师的评分吓到\n\n我们组的氛围特别特别好 大家都是大佬哈哈哈哈 所以我们每次作业都完成的超棒！\n\n满啦满啦\n\n
107787,2379,施杰,2019-05-09 15:00:16,3,18,15,呜呜呜，创业启程不好?
107788,2379,施杰,2019-05-09 15:56:30,17,29,12,创业启程好凉
107898,2379,施杰,2019-05-11 00:42:07,0,3,3,感觉老师挺好的 提问在群里回复很及时 而且人也很好 就是创业启程卡绩没上4有点难受
117565,2379,施杰,2019-09-26 04:21:50,1,1,0,一般般\n\n\n\n
118335,2379,施杰,2019-10-25 03:56:12,8,21,13,创业启程课水事多\n\n2.0学分的课一篇讲座感想2000字，课程大作业加起来也得2000。。\n\n最坑的是教材考前20天才到。。。自学半本书。。。\n\n不过听网课确实能对创业有一定了解，但是那么多事情实在没必要，太占时间了\n\n网课可倍速
118714,2379,施杰,2019-10-31 04:15:57,2,5,3,讲课真的很一般，身为管院老师，对自己课堂的时间管理也真的是很弱了。拖堂无极限，然而还没价值。但老师的确很认真，作业巨多，但上交的基本会看然后给反馈。能接受的也能接受。
121063,2379,施杰,2020-01-19 11:58:34,3,11,8,创业启程\n\n我真的巨难过。考前把书上重点背了三遍，考试时候选择题就两三道不确定，精益创业的概念也背出来了，最后绩点贼低。\n\n助教说我们班的卷面成绩确实比其他班低一点吧。我朋友书都没看（别的班）拿了4.2，我真的有点气。\n\n我也不知道自己哪里做的不够好，可能大作业的十个设想不够好？我尽力写了，但不擅长，可能效果也不够好叭╮（﹀＿﹀）╭\n\n\n\n建议创业启程还是选别的老师吧
121125,2379,施杰,2020-01-19 18:51:58,-2,5,7,管理学 满了\n\n认真学 完成作业 还是可以收获管理的核心知识和调研报告写作方法的（后来被我完全复制到思修报告） 老师很负责，发邮件或者群里提问都回复及时 给分也很好，临终反思全班都满了 期末也各种捞（但要基于平时你是认真积极的）还有很重要一点划重点划重点，老师真的很恶竞很恶竞，在这里深谙恶竞之道绝对能让你的绩点发生飞跃！！！
121138,2379,施杰,2020-01-20 00:35:39,6,11,5,无语…
121838,2379,施杰,2020-01-22 09:16:57,1,4,3,管理学，这门课事情都多，老师相对而言已经很不错了，给分也好，积极参与活动满绩不难；老师也很关心学生
123425,2379,施杰,2020-06-09 00:24:39,0,3,3,老师人超好的 管理学给分也超给力！
125111,2379,施杰,2020-08-31 14:28:10,-61,5,66,创业启程真的给分烂，认认真真听学堂云的课，最后的商业计划书95分，绩点4.2什么概念
126656,2379,施杰,2020-10-12 04:18:02,38,61,23,鼓励恶竞，1分都不想给
127848,2379,施杰,2020-11-28 15:35:49,6,13,7,创业启程老师相比于其他班 给分很好了
127998,2379,施杰,2020-12-02 15:47:35,-1,6,7,垃圾垃圾不要选他的创业启程！！！！事情居多又要写观后感又要看视频又要写商业计划书又要期末考试，考的还巨细。而且还绩杀！！！别选快逃
128972,2379,施杰,2020-12-27 14:31:04,0,5,5,老师的课，事情是真的多……以管理学为例，班里没有人不怨声载道。事儿那么多的前提下老师评分还能有7，真的说明老师的人品没有任何问题……每个人的作业都会认真看，我们敷衍了事他却认认真真，尽责这一方面真的没话说，除了……事儿多……
129459,2379,施杰,2021-01-05 14:57:44,3,5,2,懂的都懂，啥也不说了（哭。。。）
129771,2379,施杰,2021-01-12 07:47:19,5,5,0,课程结束，分数也大体有数。可以说这一门课是可以治疗拖延症的一门课，每周一个ddl的压力相对较大。老师这个人相对来讲比较矛盾。有的时候你感觉他说的很有道理，有的时候对于他的做法无法理解。比如对于我们小组的调研报告就在他的引导下转换了方向，但是在最后又受到了批评。可以说，其实这门课，并不需要卷，而需要的是更多的听清楚老师的要求。老师本人呢emmmm人还是不错的，但可能受制于课程的限制，还是只是局限在了念ppt中，课堂相对沉闷。不用太抗拒，但是对于课堂的态度就仁者见仁智者见智了。
130154,2379,施杰,2021-01-18 07:36:45,2,4,2,哼(ノ=Д=)ノ┻━┻\n\n哼(ノ=Д=)ノ┻━┻\n\n哼(ノ=Д=)ノ┻━┻
131353,2379,施杰,2021-01-27 07:15:04,0,1,1,满啦啦
131368,2379,施杰,2021-01-27 08:23:04,2,14,12,施杰老师很关爱学生~虽然上课相对有些枯燥但是人是非常nice的~\n\n课程事情比较多，但打分细则明确，给分很慷慨，加分项很多。好好完成作业基本都会满。
131729,2379,施杰,2021-01-28 15:12:48,1,2,1,完全没有期待高分的来着但给分很好 伦理这门课一次小组作业两次个人作业 压力也不大
136455,2379,施杰,2021-06-18 05:38:25,0,1,1,很认真的老师，我们可能相比比较敷衍，最后一节课下课我坐在那里，他还过来笑眯眯地夸我说我后来把组长工作做得很好，我满了大学第一个满绩，给了我很大的信心，小组成员分数都很不错，就事情有点多，但分摊下来，也能够接受
146817,2379,施杰,2022-01-07 13:40:35,6,8,2,我学的是这位老师的管理学，平时的作业真的有点多，小组和个人都有，要求写的作业字数也差不多是越多越好的那种标准。我平时的小组和个人作业还是比较认真的，而且也还代表小组做过展示，可是看看管理学大家均绩4.2+，我真的不明白我为怎么是3.3，(╥╯^╰╥)\n\n老师还是比较和蔼负责的，但是个人认为上课不是很有趣
146822,2379,施杰,2022-01-16 09:48:16,4,8,4,管理学老师上课很认真的解释每个知识点，平时信息回复也很有耐心，满绩了！！
146843,2379,施杰,2022-01-07 15:10:42,-2,1,3,老师真的很好和爱和亲对学生也超好的！！给分更是不用说太好了！明年还想学他！！
146854,2379,施杰,2022-01-08 05:45:29,5,7,2,老师人很好，非常负责任及用心，给分给的明确也很好，作业不是写越多越好，不需要卷字数，而且加分项很多。至于作业，管理学这门课本就没有期末，所以课程作业会比较多，不过要拿高分的话，平时的小测就得花点时间读。总的来说，如果想上管理学，非常推荐同学来拿老师的课，真的很赞，10分！
147156,2379,施杰,2022-01-09 02:27:08,1,1,0,管理学上课很水基本学不到什么有用的东西，纯靠自己卷一卷，平时作业、小测要尽量拿的高一些。施老师人很好就是事情有点多，每次讲布置的作业能讲大半节课…而且要求的格式和内容有点过于鸡蛋里挑骨头，被迫卷起来了…给分还不错，如果自己平时表现好的话老师给的分会很高的！
147417,2379,施杰,2022-01-10 03:02:24,1,2,1,伦理个人作业小组作业做好，考试开卷其实不难，就是要多思考。上课会讲很多案例比较容易理解，老师也很亲和！
147491,2379,施杰,2022-01-10 05:29:30,0,1,1,老师授课认真，过于重视发言，期末也不难，给分不错的。
147590,2379,施杰,2022-01-10 09:10:21,-5,3,8,就tm一个sb，不要选
147594,2379,施杰,2022-01-10 09:16:06,4,6,2,给分巨烂
147712,2379,施杰,2022-01-10 13:56:30,0,1,1,创业启程…给分好迷
147889,2379,施杰,2022-01-11 05:50:08,0,4,4,压根就不上课，让你看看网课自学，听个讲座要2000字感想，给分还巨低，踩了大雷了，爷吐了
148117,2379,施杰,2022-01-11 14:06:56,7,12,5,老师人很好，给分也不错啊，毕竟均绩摆在那儿。推荐选，老师真的很好。
151629,2379,施杰,2022-03-10 02:39:01,4,4,0,创业启程就是很累
154775,2379,施杰,2022-06-05 06:14:24,-2,0,2,一般般
154816,2379,施杰,2022-06-05 17:01:30,4,6,2,这课助教会评分吗？？？我辛辛苦苦做了ppt 配图 文案 做了五六十页ppt 结果人家每个点写了几句话 最后总分按百分比一算约等于0！！对得起学生的努力吗！！！！！\n\n这课老师这么对我们的 我们就应该这么对他们 大家水吧 努力没有意义！！！无语！上大学第一件这么无语的事！
157659,2379,施杰,2022-06-24 08:50:22,-3,0,3,创业启程上4了 不戳
157660,2379,施杰,2022-06-24 09:07:31,-1,1,2,给分真的很好
157785,2379,施杰,2022-06-24 23:10:03,0,1,1,老师很负责，选就对了
159020,2379,施杰,2022-07-04 13:04:43,13,16,3,给9分吧。\n\n就，一定要当组长。然后一定要认真听要求。\n\n老师的给分细则是很明确很清晰的，按照这个要求来就好了。\n\n老师说实话心底里也是很温柔的人。
164849,2379,施杰,2022-12-27 02:09:40,1,1,0,老师的管理学真的很好，给分特别明确，而且老师非常温柔
165936,2379,施杰,2023-01-10 12:35:03,0,1,1,老师人好好
166040,2379,施杰,2023-01-11 02:32:14,0,2,2,管理学的分数还是可以的，毕竟均绩摆在那里。几个隐藏加分项：课长、督察员（好像叫这个）、组长、读书报告展示（不确定是否每个学期都有）。没有正态分布，你平时累积的分数实打实变成最后的绩点，而且老师还会有一个书信的作业加两分，大救特救。因为这样的给分机制，虽然会有点鼓励竞争，但也算不上恶竞了，大家都卷的话分数也都会高，老师不会特意压分。事情比较多应该是所有管理学课程的通病（如果可以这么说的话）了。老师的人可以感觉到是非常温柔的，如果你必须或者想要选择管理学这门课程，施杰老师会是一个不错的选择。
167246,2379,施杰,2023-01-15 08:11:21,4,5,1,伦理与社会责任：课程本身可能比较无聊，但老师人很好，特别会举例帮助理解。两份个人作业一份小组作业，任务量不大，期末半开卷98上相关资料很多，主观题需要灵活运用知识，but！有十分课堂发言分比较痛苦QAQ
167250,2379,施杰,2023-01-15 08:35:59,-4,5,9,给分不好，勿选
167259,2379,施杰,2023-01-15 09:03:17,1,6,5,创业启程给分超好
167277,2379,施杰,2023-01-15 11:08:36,3,4,1,伦理与社会责任的课\n\n讲课很认真负责，各种给分机制也有尽量做到公正公开\n\n课本身就水，这个不能怪老师，老师已经尽可能在丰富课堂内容了，会为学生考虑，任务量也不大
167285,2379,施杰,2023-01-15 11:44:14,0,5,5,创业启程：\n\n老师人真的很好！我的雨课堂分数一开始统计有误，老师很认真也很热心地帮我查了分数，解决了问题。\n\n给分也很好，应该是创业启程给分最好的老师了吧，我听后感勉强扯了三千多字，期末考前背了一天半，没想到最后居然满了（本来对这门课不抱期待的hhh），谢谢老师！
167335,2379,施杰,2023-01-15 14:22:53,-3,3,6,创业启程给分很好， 单论性价比完爆职规\n\n个人dp: 大四佛系玩家， 平时这课不用上课， 期末半天写BP， 半天写观后感， 半天佛系面向往年卷overfit， 考试主观题写了一个半小时大概几千字， 出分4.8
167338,2379,施杰,2023-01-15 14:27:48,-3,2,5,创业启程给分很好
168336,2379,施杰,2023-02-12 12:48:24,-1,0,1,管理学加分项挺多的，不错
169896,2379,施杰,2023-02-28 08:56:46,3,3,0,第二次上施杰老师的课，从管理学到伦理与社会责任。\n\n总而言之，多发言、多写点，做组长、做课长，分数一定会不错。\n\n伦理与社会责任这门课里，其实老师讲课还是有内容的，有些观点和思路还是很有启发。只能说最大的缺陷就是不吸引学生，有点干了。
172336,2379,施杰,2023-04-25 07:00:26,0,1,1,施杰老师的管理学给分不错，只要认真完成作业，就会有很高的分，我没有上课发过言但还是分很高，老师人品没得说，认真负责，而且和蔼可亲hhh～
172834,2379,施杰,2023-05-08 05:46:13,6,7,1,给分低，事情多，课也无聊
173589,2379,施杰,2023-05-29 12:35:43,-2,4,6,老师人真的很认真负责，管理学打分的细则很明确，本人上课没发过言，没拿线下发言的分，但是也可以拿线上讨论区的分，会点名，也会有很多加分的机会，但是互评不好说，看同学吧，老师会再看一遍调分的，而且互评的要求也很明确，管理学感觉上课比较水也是没办法的事情吧
173834,2379,施杰,2023-06-03 11:56:01,1,6,5,老师根本不负责
175590,2379,施杰,2023-06-25 16:19:16,2,3,1,给分不好
185237,2379,施杰,2023-12-27 08:07:02,-1,1,2,管理学这课很难评，但施老师是很好很善良的老师，问他问题都会耐心解答，很体谅学生。
186674,2379,施杰,2024-01-12 12:02:36,-4,3,7,很体谅学生，很会捞的老师
186715,2379,施杰,2024-01-12 15:34:42,2,4,2,鼓励恶竞 卷的我想死 在作业上花的时间比我在vjf花的时间还多 如果你有一个令人舒适的小组那还稍微好一点 不然真的超级崩溃 真的感谢我的小组 感谢学长学姐带飞 卷死卷活拿了4.8
188198,2379,施杰,2024-01-18 11:31:03,10,12,2,什么垃圾评分，这种课平时分扣个十分，喜欢拉低均绩是吧。认认真真写的，给的什么勾分
188698,2379,施杰,2024-01-19 15:02:00,0,2,2,伦理与社会责任 老师给分真的蛮好的
188889,2379,施杰,2024-01-20 11:21:36,0,1,1,伦理与社会责任\n\n发言次数给分有点难评\n\n但感觉最后老师还是都给了很好的发言分\n\n给分挺好的\n\n后来的同学多发言 小组作业思考的深入一些
188994,2379,施杰,2024-01-21 05:26:57,14,20,6,最后出分挺满意的，留下一点建议给未来选这门课的同学吧。\n\n首先如果你对于绩点没有要求，这是一门非常好水的课，计划书、听后感、考试都很容易可以水过去\n\n其次，如果你对于绩点有追求（4.5以上），上述三者你至少得在其中两个方面卷一卷。个人建议计划书看得过去就行，因为这不知道是谁打的分，根本不知道评分标准。听后感是值得卷一卷的，其实很容易得到一个比较好的分数；考试的话，一定要关注历年卷，但也要关注书本，因为创业启程考试的考点是非常多的，大概一本书出个500分的试卷不是难事儿，每年考试都会有一部分题目和历年卷重合，但也存在新题，需要关注书本（考试最后的大题多抄抄），祝以后选这门课的同学能取得满意的成绩。
189636,2379,施杰,2024-01-26 08:12:19,4,4,0,给分真的不行啊，上课发言前5%是有的，考试的时候都找到了但是给分真的很迷
194179,2379,施杰,2024-06-22 10:50:08,-1,2,3,管理学满了，个人认为老师还是很好的
196669,2379,施杰,2024-07-04 17:23:17,-8,4,12,创业启程：\n\n首先这门课的设计就有很多值得喷的点，shi课无疑\n\n其次，如果非要选创业启程，sj是最好的选择\n\n期末考难度是有的，体现在历年卷、各路笔记的重合度不高，建议直接对照笔记看两遍书有印象\n\nsj感觉还是四个老师里面，唯一会捞人的一位了
196810,2379,施杰,2024-07-05 08:51:11,-5,2,7,创业启程是shi课但老师大捞特捞了
198066,2379,施杰,2024-08-27 17:34:01,6,7,1,创业启程，垃圾课程\n\n不要看上面老师大捞特捞的评论，实际也不怎么捞（平时分绝对没给满，还扣了不少），只是给分比另外几个老师略好一点而已。
199449,2379,施杰,2024-09-24 02:24:42,2,4,2,我就是讨厌讨厌他
203288,2379,施杰,2024-11-19 02:34:15,2,2,0,课水真的很水，事多真的很多，一堆小测，成绩量化特别严重，课堂恶竞。人是好的，负责认真的。自己权衡吧
207344,2379,施杰,2025-01-14 06:02:14,2,5,3,古希腊掌管捞捞的神
207404,2379,施杰,2024-12-21 09:37:26,6,6,0,给个忠告，一定不要选《创业启程》这门课，无论是哪个老师，包括sj，这门课就是史\n\n只有一种情况，除非你大四保研了或者出国确定offer对绩点无要求，那么这个课可以帮你水到创新创业学分（毕竟不用线下上课，挂科一般也不至于，大家的分数集中在70-80）
207664,2379,施杰,2024-12-23 14:36:55,0,0,0,这学期上的伦理与社会责任，这是我第一次在查老师评分，也直接给了满分。虽然需要课堂发言，但我本身是一个比较e的人，感觉老师不会对发言正确与否苛刻，会很认真听你的发言，脸上带着耐心亲切的表情。只是想鼓励大家思考，提高参与度，只要大胆表达就好，甚至发言时间太久，也不会着急，非常尽力让所有举手的同学都能说上话！课堂氛围我很喜欢，老师很温柔很和蔼，有一次发烧请假，老师告诉我要休息好了再上课。课堂内容也很有启发，很贴合生活，举例通俗易懂，可谓知识与生活结合。我要把施杰老师的课都上一遍！！！
209333,2379,施杰,2025-01-05 12:22:54,1,1,0,人挺好，但给分挺迷。
209801,2379,施杰,2025-01-07 06:45:08,2,4,2,倒了八辈子霉选了创业启程这门史课中的史课，平台老师完全不会打分纯纯眼瞎，商业计划书超级用心写分数还没有别人上网买一份高，平时分扣光光无语死了，现在还要期末考真的绝望了
212491,2379,施杰,2025-01-14 05:41:07,0,2,2,上的是创业启程，平时的事情真的很少，只是期末闭卷比较痛苦，但是只要找对方法背两天就能拿到一个很高的绩点，98上有很多相关的复习帖子，老师真的很捞
212500,2379,施杰,2025-01-14 06:08:47,5,7,2,给分超级好，计划书扣三分了总评还给捞到96
212516,2379,施杰,2025-01-14 06:11:11,2,4,2,sjgg听我说我爱你，真的捞真的捞，直接干到5.0了我哭死。总结一下就是商业计划书给分随缘，但是观后感和期末考要好好卷卷就不会太差。。期末考我是写了两套历年卷掌握了下知识点再去背知识提纲的，大家加油！
212528,2379,施杰,2025-01-14 06:47:50,1,3,2,是谁在忤逆sj老师😭😭😭虽然背的时候很折磨但给分真的太好了😭😭😭😭😭
212532,2379,施杰,2025-01-14 06:52:47,3,5,2,除了第一节课不用去上，两个大作业随便糊弄过去，考前突击半天，最后4.8。施杰老师真是海底捞😭😭😭
212540,2379,施杰,2025-01-14 07:14:45,0,2,2,创业启程，好好背书看历年卷，一天时间就够用，老师超捞的！其实性价比很高
212587,2379,施杰,2025-01-14 08:51:59,0,2,2,创业启程满绩了！！！虽然可捞范围真的有点小，但是sjgg真的很努力在捞了只有第一节是线下课绪论，后面都是雨课堂录播课（有测试题，只能答一次），线上大作业是商业计划书设计（只拿了22/30，平台给分真的随缘迷惑），学在浙大大作业是听两次讲座写2000字观后感（sjgg捞满！！）。最后期末闭卷闭卷闭卷考试（填空选择共80分，材料分析一题20分），考得非常细碎，要好好看书，复习了一个下午考试的时候还是感觉不太会，建议98上历年卷都要做一下，有部分题目是重合的。感觉sgjj真的非常努力在捞了，一定要选这门课的话就选他。🎉🎉🎉
212597,2379,施杰,2025-01-14 09:02:32,-1,1,2,创业启程需要好好卷期末考试，期末考好了，可能加上会捞的平时分，最后总评应该能不错
212786,2379,施杰,2025-01-15 02:14:02,0,3,3,事少分不错
213276,2379,施杰,2025-01-16 15:08:37,0,1,1,花了三个小时水完了线上作业，考前看了一套历年卷，3.9，性价比还行，事少分感觉也不低
213280,2379,施杰,2025-01-16 15:54:56,0,1,1,创启好课
214434,2379,施杰,2025-02-03 05:20:48,0,1,1,神 伟大
214716,2379,施杰,2025-02-17 04:05:14,1,1,0,sjgg很能捞捞！选创启的话一定要认准sj老师！
214822,2379,施杰,2025-02-18 05:41:00,0,1,1,事少分高，期末考好好准备最后4.8，比预期好
215512,2379,施杰,2025-02-27 09:14:18,1,1,0,创业启程的给分相比其他老师好很多。认真做了所有任务，期末花一天背了，最后成绩挺好的。
215738,2379,施杰,2025-03-05 03:33:48,1,1,0,给分不好
217326,2379,施杰,2025-04-08 12:51:53,2,2,0,不多说哈，就那样，说管理学通病的，别人管理学没有发言赋分这鬼东西吧
218487,2379,施杰,2025-04-24 04:00:12,1,5,4,sj老师的创业启程绝对是创业类最推荐的课了，平时不用去上课，第一节课就把成绩构成很清楚地讲了。平时完全等于没这门课，只要空闲时间认认真真把线上任务都做了，期末花半天背一下，最后分数会很好(^ ^)
7373,2393,龚启辉,2015-09-14 04:29:18,3,4,1,很好的老师
10125,2393,龚启辉,2015-11-16 12:13:10,13,15,2,男神老师～萌萌嗒
10155,2393,龚启辉,2015-11-17 03:31:11,1,2,1,可爱的老师
12924,2393,龚启辉,2015-12-24 10:30:19,2,3,1,老师很负责任的 喜欢
13895,2393,龚启辉,2016-01-02 03:56:11,5,6,1,给分极好
44668,2393,龚启辉,2017-01-18 05:50:06,0,1,1,为什么刚好赶上龚老师不在啊……哭死
61594,2393,龚启辉,2017-11-19 04:47:19,0,1,1,老师很萌的
68614,2393,龚启辉,2018-01-23 13:02:36,0,1,1,老师超级耐心 而且感觉超级谦虚 没有架子
79285,2393,龚启辉,2018-05-30 03:50:42,0,1,1,一言难尽
81638,2393,龚启辉,2018-07-06 03:40:14,6,7,1,呜呜呜 财报卷子题太多惹 不过给分浓浓师生情
81769,2393,龚启辉,2018-07-06 06:30:09,9,11,2,一句话，学弟学妹能选到龚老师的课都给我选上。\n\n天哪，大学里还有这么认真备课毫无架子的老师，真的应该给大一的同学们上课啊，我大一的时候对大学有多失望啊。
81803,2393,龚启辉,2018-07-06 08:20:43,0,3,3,出卷不合理，给分和说法太不一致…
89296,2393,龚启辉,2018-11-18 06:36:04,1,2,1,考试凉了…提前拜拜老师
90154,2393,龚启辉,2018-11-22 08:32:06,5,5,0,特别低调优秀的老师，给分很仁慈～真的特别好，好老师～推荐你们选他的课，一定不会后悔。
112626,2393,龚启辉,2019-07-04 23:04:57,4,4,0,给分浓浓师生情！
114080,2393,龚启辉,2019-07-08 18:22:16,5,5,0,来自隔壁陈俊财报班的羡慕！ 龚老师真的是很好了
117184,2393,龚启辉,2019-09-20 05:22:02,0,0,0,老师超可爱的
130103,2393,龚启辉,2021-01-17 04:00:15,2,3,1,老师很可爱，讲课很全面很细心，好评
152466,2393,龚启辉,2022-04-12 09:01:52,5,6,1,非常好的老师，低调优秀，虽然没上过这个老师的课，但是跟这位老师接触过，真的非常好，会为学生着想，研究生建议选龚老师
158660,2393,龚启辉,2022-07-01 05:06:50,1,3,2,满分不解释
159209,2393,龚启辉,2022-07-08 06:53:26,2,2,0,龚老师知识很渊博，又非常平易近人，讲课也很有条理，真的很好！
162491,2393,龚启辉,2022-11-23 09:49:39,-14,4,18,公司治理给分很一般…感觉开卷考认真复习了但是也只有4.2
182980,2393,龚启辉,2023-11-21 09:34:01,3,4,1,公司治理与内部控制：课程比较干货，老师很和蔼，讲的很好，有很多案例。纸质签到+2个个人作业+1个小组作业，全部都是倒数第二节课才交。还有一个开卷期末考，难度适中。推荐
196341,2393,龚启辉,2024-07-03 03:37:51,-7,2,9,4.2 感觉满足了 毕竟也没怎么听过课 最后智云补天的 感觉老师给的最低就是4.2
196449,2393,龚启辉,2024-07-03 13:16:46,7,10,3,上一个评论别钓了😅什么玩意最低4.2，别在这里恶心人
196451,2393,龚启辉,2024-07-03 13:23:53,2,2,0,纸质点名加点名提问，建议别翘课。大作业非常麻烦，不管是小组作业还是个人作业，两个个人作业花了一周多时间，一个小组作业也要两三天（对分析数据不太擅长又想认真完成的话）。最后还有一个开卷考，翻不到，ppt内容不集中，同一个知识点散落在各个章节，需要考前自己整理，否则考试很难翻到，整理了也做不完。总的来说，付出远大于回报。老师人还是很好的
205998,2393,龚启辉,2024-12-13 02:51:29,1,1,0,老师挺好的~期末考量比较大，平时上课认真+期末复习认真应该没有大问题的~\n\n老师个人作业和小组作业给分很好，不用太担心！上课很有意思，会有很多有趣的案例分析以及学术界的一些研究结论分享
206432,2393,龚启辉,2024-12-15 06:04:40,2,2,0,老师很和蔼可爱，没什么架子，人很赞。课程干货也很多，但是讲的还是很丰富的
216452,2393,龚启辉,2025-03-16 15:11:01,2,2,0,满分不解释，和我导锁死
22938,2420,韦坚,2016-03-15 03:21:03,1,1,0,真的是我听过最无聊的法学课。越讲越不清楚炸了。
10700,2496,吴茂英,2015-11-22 17:10:34,1,3,2,认真。要求高。收获也大。
11873,2496,吴茂英,2015-12-19 12:30:50,6,11,5,知识面广，国际案例多，自身研究多，作业也挺多，给分不错，对学生比较用心
36786,2496,吴茂英,2016-11-16 04:41:12,0,3,3,很温柔很耐心的老师，讲得也好，点赞！
38276,2496,吴茂英,2017-03-01 06:23:51,2,3,1,温柔的好老师！
38331,2496,吴茂英,2016-11-30 03:10:44,0,3,3,给分好，要求高
50526,2496,吴茂英,2017-05-03 09:46:51,6,12,6,老师年轻温柔，但是说实话的确讲课很一般让人打瞌睡，不过给分是真的好，想水过去又拿高分必选
52687,2496,吴茂英,2017-06-22 06:48:17,5,8,3,老师非常温柔，而且会在群里给我们传递很多课程相关的信息，考前会复习，给分也不错~
119572,2496,吴茂英,2019-11-14 00:59:42,1,4,3,出分前希望老师能给一个4.5，晚上做梦都梦见被正泰了，希望老师手下留情
127644,2496,吴茂英,2020-11-25 08:22:51,13,19,6,吴老师上课有趣生动，案例详实。给分很好。谢谢老师!
129113,2496,吴茂英,2020-12-30 07:35:32,2,2,0,小组作业会有点点多，老师人很好很温柔很棒！
129639,2496,吴茂英,2021-01-09 14:40:49,2,5,3,给分不错哦！一个小组的90+！！！
137443,2496,吴茂英,2021-07-04 07:36:03,1,1,0,老师人很好呀，出分前打个分，希望不要被正态
138243,2496,吴茂英,2021-07-08 06:32:07,1,2,1,我愿称之为给分的神！组织行为学任务不多，老师还会根据学生的课业负担酌情减量，好老师！
141452,2496,吴茂英,2021-10-09 11:58:02,1,5,4,跨文化管理太太太太无聊了…例子特别浅显…真的不知道那些说例子生动的是怎么听的😅
142440,2496,吴茂英,2021-11-11 12:07:33,0,2,2,老师超级细致！给分也很好！
142463,2496,吴茂英,2021-11-12 01:47:40,3,5,2,还行吧，给分一般般，认真学跟不学差不多
142468,2496,吴茂英,2021-11-12 02:06:28,3,3,0,跨文化管理，老师很细致，可水可好好学，认真做小组作业和个人作业能得到回报
142474,2496,吴茂英,2021-11-12 03:37:56,2,2,0,非常温柔，人很好的一个老师！给分也非常不错~建议上课还是认真听讲，能学到不少东西，而且期末随堂测试也有很多和上课的有关的常识性题目。跨文化管理是一门可水可听的好课，作业不太多，总之挺建议大伙选的，入股不亏~
142636,2496,吴茂英,2021-11-15 01:13:30,0,0,0,老师很温柔很耐心！给分真的好好，表白老师！
143339,2496,吴茂英,2021-11-23 15:24:49,2,2,0,给分差
143402,2496,吴茂英,2021-11-25 06:58:11,0,0,0,跨文化管理，水了一个学期89，很满意，感谢老师
158160,2496,吴茂英,2022-06-27 08:30:42,0,0,0,超好的老师~
160669,2496,吴茂英,2022-09-30 02:19:10,0,1,1,跨文化管理，感觉真的事情不多，而且最后的小测考的也是上课的东西，是我现在唯一一门到5.0的课
161832,2496,吴茂英,2022-11-14 08:59:19,2,2,0,老师人挺好的，就是给分不太理解，上课认真听讲积极互动，当了小组长，做了小组里绝大多数的工作，还不如旁边一直写作业，什么任务都没做的同学高，挺迷的
161843,2496,吴茂英,2022-11-14 11:37:55,-1,0,1,老师人巨好！！！课堂内容有些枯燥。就个人体验而言，水了一学期最后绩点很好看！！！强烈安利！！！好好做小组作业！最后考试是开卷的，考得蛮细的。总结：全靠带飞。
163829,2496,吴茂英,2022-12-16 07:48:23,1,1,0,老师真的很温柔！！挺轻松的，任务不多，就展示和开卷考试，还有一个期末总结的感想按部就班的完成就可以了。绩点不错，就是班里同学之间绩点没很大差别。
163893,2496,吴茂英,2022-12-16 12:12:49,3,4,1,给分不高
164087,2496,吴茂英,2022-12-18 02:36:51,0,2,2,吴老师真的好棒！！！超级温柔，跨文化管理通识课超级有意思，老师上课很有趣给分也超好，平常作业不多而且都不枯燥~简而言之，吴老师真的超级棒！！！
166871,2496,吴茂英,2023-01-14 04:17:55,0,0,0,给分好，老师人也很好但是上课确实无聊，老师很不吝啬对同学们的夸奖和点评，整体上课体验很好
184263,2496,吴茂英,2023-12-14 09:57:14,0,0,0,说实话这门课事挺多的，而且有小组作业\n\n如果想水的话慎选吧\n\n不过最后给分还行，但给分不算高
186026,2496,吴茂英,2024-01-08 01:05:59,1,1,0,评价是比较正常的课，我是跨专业来上的，因为是早八几乎没听过，点名是纸质的而且没有提醒会容易错过，其他的都还好；发言很卷；事情不算多，小组合作也比较友好；最后一节课打个分，希望老师也给我个高分吧、、、
189504,2496,吴茂英,2024-01-25 04:03:45,0,1,1,上课有趣，给分高
189734,2496,吴茂英,2024-01-28 02:01:14,0,1,1,水课…
201454,2496,吴茂英,2024-11-03 08:20:53,-8,1,9,中华文化遗产千万别选，纯纯挂羊头卖狗肉。基本没什么中华文化的内容，反而主要讲的是商学和管理学的东西。将保护中华文化遗产与商业化等价，充满铜臭味，完全体会不到中华文化的美感。
203253,2496,吴茂英,2024-11-18 12:16:03,2,2,0,给分很迷
203486,2496,吴茂英,2024-11-20 00:06:32,-1,1,2,给分超好！！！
208026,2496,吴茂英,2024-12-25 08:29:11,0,0,0,非常好的老师，上课的内容和形式都很有意思，也会讲很多有意思的小故事，事少分高，跨文化管理只有1个pre+期末开卷考+期末一篇1000字小作文
220162,2496,吴茂英,2025-06-16 02:40:14,0,0,0,中华文化遗产课来补评。老师真的太好了，我当时考试考糊涂了（纯属自己太菜），加上论文拖延症（写几行，改几行，就是拿不定主意），课程论文没写完，然后老师提醒我了，还允许我补交，真的感激涕零。呜呜呜。老师平常上课也相当温柔儒雅。学弟学妹们可以考虑选。十分支持一下
49280,2520,杨万江,2017-04-01 07:25:11,0,0,0,不知所云
71151,2521,瞿文光,2018-01-28 04:58:48,1,3,2,老师长得很儒雅超喜欢！上的管理信息系统每周一次课上课一次课小组讨论，每周看的case挺长的。考试压力不大，给分我是满意了。总之很喜欢老师啦！❤️
72984,2521,瞿文光,2018-01-31 13:23:32,5,7,2,emmmm很水 没什么实质知识\n\n但是每周都有案例分析\n\n最后给分也就那样\n\n毕竟平时付出很多.....
74794,2521,瞿文光,2018-03-06 02:10:26,0,3,3,老师讲的超级认真人也很好，每封邮件都会及时回复，细心指导学生，给分也蛮好，男神老师～
98880,2521,瞿文光,2019-01-24 04:29:43,2,3,1,我觉得老师挺可爱的鸭
102882,2521,瞿文光,2019-02-24 14:12:53,2,4,2,虽然上课真的很水，但是给分真的很好，爱
205142,2521,瞿文光,2024-12-02 06:58:53,2,2,0,我想发言。。。为什么每次举手。。。机会都给别人。。。\n\n未来上这个课的人想发言麻烦你坐第一排。。。
207450,2521,瞿文光,2024-12-21 17:40:58,0,0,0,还不错
7511,2576,黄鹂强,2015-09-25 01:39:39,16,27,11,这老师爱装逼，大家做好心理准备
8889,2576,黄鹂强,2015-09-29 19:33:25,-33,8,41,老师课讲得很好，但是要求很严格，作业不少。
12168,2576,黄鹂强,2015-12-22 06:43:28,17,17,0,虽然有课的特殊性，但老师的答案应该更明确一些，不要太笼统。
45521,2576,黄鹂强,2017-01-19 16:12:29,35,46,11,给分查，讲课更差。迷之自信，不知所云。
45594,2576,黄鹂强,2017-01-20 00:07:21,22,22,0,给分很一般，有时候不知所云…
47332,2576,黄鹂强,2017-01-25 10:18:19,10,16,6,上课体验怎么样大家都有自己的想法，我说点无关紧要的:1.课本太艰深了，至少不适合现阶段阅读，也不适合在课堂上分角色朗读 2.PPT的配色就是很普通的管理学院模板，很难留下深刻印象
47351,2576,黄鹂强,2017-01-25 10:55:41,30,35,5,如何与黄老师沟通
105621,2576,黄鹂强,2019-04-17 11:07:29,11,11,0,………………
109283,2576,黄鹂强,2019-06-29 12:20:55,18,19,1,上课装逼 自以为是 啥都不讲 提前点名
111587,2576,黄鹂强,2019-07-02 05:14:25,15,15,0,真的不知道怎么跟他沟通。。。
114849,2576,黄鹂强,2019-07-12 03:42:53,-37,5,42,黄老师大赞? 思想有深度，让你收获很多
117813,2576,黄鹂强,2019-10-02 10:12:35,6,7,1,不知所云
135843,2576,黄鹂强,2021-05-29 07:03:14,7,7,0,全程不知道讲什么。讲了1个小时，不知所云。概括起来就是：数据分析很重要。不能更多了。\n\n水的不行。
135956,2576,黄鹂强,2021-06-05 07:46:03,16,17,1,能给负分么？\n\n上课忽悠了2天，就扔一堆作业。然后和他讲的一点关系没有。 \n\n然后他讲的内容，和课程纲要一点关系没有。 \n\n真是活久见，没见过这么水的老师。\n\n我觉得，我认真准备下，也能忽悠所有学生了
143541,2576,黄鹂强,2021-11-26 08:25:17,8,8,0,上这门课的目的就是恶心人。
143766,2576,黄鹂强,2021-12-05 12:00:46,4,5,1,快逃！！！
143767,2576,黄鹂强,2021-12-05 12:03:17,5,5,0,自我、势力
143979,2576,黄鹂强,2021-12-15 02:20:17,10,10,0,大傻逼，上课不讲课让学生自己预习教材然后做ppt学生讲，回答问题不知所云，管院最sb老师，奉劝以后别这么牛逼了😅
181510,2576,黄鹂强,2023-10-19 16:21:04,8,8,0,难沟通
182095,2576,黄鹂强,2023-11-10 01:52:10,11,11,0,真抽象啊这个课，没有有用的知识，全是繁琐的作业，讲的全是老掉牙的东西，并且还放在大四上，真离谱啊！！
184014,2576,黄鹂强,2023-12-06 07:34:12,15,15,0,上了这么多年学，第一次见在课堂上百度翻别人的教案找答案的老师…
184017,2576,黄鹂强,2023-12-06 07:42:39,13,13,0,师德0分，教学水平低下，上他的课纯粹浪费时间：“我该怎么跟你们聊呢”
198820,2576,黄鹂强,2024-09-12 02:28:52,10,10,0,不知道在说什么，每节课点名，上课除了装逼啥也不会
200341,2576,黄鹂强,2024-10-16 06:07:29,14,15,1,讲的好没用，大四还有这样的课，也是服了，我要去实习啊服了
200425,2576,黄鹂强,2024-10-17 02:44:23,15,15,0,不知所云，事情还超多，大四还有这么长的课，真的很难评
201770,2576,黄鹂强,2024-11-06 05:41:59,11,11,0,…………
202555,2576,黄鹂强,2024-11-13 06:17:42,45,47,2,黄爷爷用大象击落学生电脑
202577,2576,黄鹂强,2024-11-13 07:53:00,-42,4,46,有一说一，我觉得这课内容新颖，层次清晰，而且老师讲的蛮好的，非常认真\n\n并且说到作业多，其实也征求了意见呀，老师关心大家的，上课体验也很丰富\n\n把课程的体系串起来看，能在大四学期实现贴心的安排，其实还是很不错的了
202583,2576,黄鹂强,2024-11-13 08:22:02,-16,3,19,前面发一大段的那个纯纯逆天，有病吧，真服了
202589,2576,黄鹂强,2024-11-13 08:43:58,36,36,0,信管的學生不允許上這門課！傷身體而且會損害你的本科績點！大四一個快樂的周三都過不了！\n\n我宣佈它已經不是信管的課程了！
202658,2576,黄鹂强,2024-11-14 13:20:23,58,64,6,信管的學生花了半學期在查老師上寫評論，剛剛發佈，講到很多和我有關卻完全錯誤的事情。大多詆譭我的上課習慣。大概也知道自己無恥，從頭到尾，祕密行動！評論發佈了，都沒有告訴我！\n\n已經到了無恥的地步！\n\n我宣佈信管已經不是管院的專業了！\n\n今年信息系統工程師考試，計算機大勝，信管慘敗！是誰負責？羞也不羞？我們需要嚴格的檢討！這種成績，使人汗顏！如此成績，如何就業？\n\n我問了一下鄧明榮，我們信管學生上課還看電腦！這個事情我們現在要正視，你們自己提出如何交代！
202726,2576,黄鹂强,2024-11-14 04:27:00,26,26,0,大四还能遇到这种老师真是信管人的福～气～呢～🤗
203587,2576,黄鹂强,2024-11-20 06:13:32,15,16,1,阿伟，又在课上看hlq的査老师评论啦？别浪费时间哩，自己找点事情做做算了[doge]
203618,2576,黄鹂强,2024-11-20 07:15:43,8,9,1,4D， 你也受得了吗？
203700,2576,黄鹂强,2024-11-20 14:27:52,41,42,1,如果你想检测你对象的情绪稳定性，不妨带ta选一下大数据信息系统分析与设计这门课——如果ta能几节课上下来一点都不骂老师的话，那就赶紧分吧，ta已经不是正常人了
204099,2576,黄鹂强,2024-11-24 07:06:08,13,13,0,下次教育部的人来查的时候，建议把这位老师报上去，身正不怕影子斜
204151,2576,黄鹂强,2024-11-25 17:55:28,21,22,1,强哥在出分这件事上也是烽火戏🐷🐵了\n\n2️⃣0️⃣2️⃣4️⃣年秋 强哥首次为龘②❄️🆙授课\n\n以下是⚡💜⬆️🈚盖伦课程 小记：\n\n11.10 期末考 \n\n11.12 大作业ddl\n\n11.22 说卷子差不多改完 会尽快提交成绩\n\n11.25 凌晨1点 仍未收到分数\n\n11.26 凌晨1点 出分\n\n无数个蹲守到1点的深夜，只求一个正常的分数\n\n\n\n或许有人问：给强哥打几分？\n\n我想 你知道我要说什么🤗\n\n我们是信管人，我们都有光明的未来。
204300,2576,黄鹂强,2024-11-25 07:06:32,19,19,0,我的查老师分数是准备跌得粉身碎骨的。
204360,2576,黄鹂强,2024-11-25 12:03:10,7,7,0,不知所云
204452,2576,黄鹂强,2024-11-26 04:14:34,9,9,0,唉----
204567,2576,黄鹂强,2024-11-27 00:12:08,20,20,0,上课靠回答问题加分就不说了sb行为，课程后期才告诉我们回答问题加分，并且之前回答问题都不算加分，纯sb，最后给分也是差的一批
204580,2576,黄鹂强,2024-11-27 02:02:19,13,13,0,纯纯出生\n\n大大滴nt
204582,2576,黄鹂强,2024-11-27 02:05:03,11,11,0,上课水平差，一样的案例翻来覆去讲\n\n小组作业不规定字数，给分只看页数\n\n期末出分比卷面还低好多😓
204631,2576,黄鹂强,2024-11-27 06:37:20,18,18,0,感觉出分慢已经是最小的一个缺点了……真的不知道评分标准是怎么样的，我期末考和小组作业都写的很多很认真，发言也有好几次，不知道为什么这么低……nt老师毁了我的大二绩点😡😡😡
204666,2576,黄鹂强,2024-11-27 08:36:50,13,13,0,我差不多就是这样的人，平时可以和你开玩笑非常随和，但是如果你触碰我的逆鳞我就会让你知道什么是真正的黑暗 这种就是童脸狼，表面上单纯天真，实际上圆滑通透。你不可能算计得了我，因为从一开始你就被我布局了。我是棋手，而你只是棋子，若你违逆我，你会知道什么是残酷和黑暗。我从来不缺雷霆手段也不缺菩萨心肠， 我心中有佛也有魔， 但我把魔深深的封印起来 了， 只剩下佛了， 我本想以菩萨心肠面对所有人， 可是有些人非要我把心中的魔解除封印， 那我想问问你们， 当你们面对一个真正的魔现世， 你们还镇的住吗？
205041,2576,黄鹂强,2024-11-30 07:44:43,12,12,0,- 我的孩子已经在信管学了三年了。\n\n\n\n- 哇，那你孩子的能力一定很强咯？\n\n\n\n- 没有，他们刚学习到如何减少剧毒课堂摄入的影响。
205229,2576,黄鹂强,2024-12-03 03:41:58,8,8,0,电子商务概论：没知识，没绩点，披着专业课名的大水课；节节点名，纯折磨人；发言没用哈，感觉上还拉低了绩点；
205310,2576,黄鹂强,2024-12-04 07:27:34,-14,1,15,风评值+1，平衡一下，没必要扣。
205376,2576,黄鹂强,2024-12-05 07:31:30,6,6,0,知道为什么出分慢吗 因为黄大爷要等教评结束🤓cls为什么不能打0分
206084,2576,黄鹂强,2024-12-13 05:05:03,2,2,0,啧啧啧
206879,2576,黄鹂强,2024-12-18 06:29:12,3,3,0,好mean
206880,2576,黄鹂强,2024-12-18 06:31:17,2,2,0,阴阳怪气666
207076,2576,黄鹂强,2024-12-19 06:46:58,3,3,0,糟糕 很糟糕
208013,2576,黄鹂强,2024-12-25 08:05:09,6,7,1,又是一个周三的下午，大四的学长学姐们，你们过得还好吗（可怜
213962,2576,黄鹂强,2025-01-22 06:41:39,8,8,0,Q：黄老爷，你说是按时出分对我重要，还是你对我重要\n\nA：我？\n\nQ：再想想\n\nA：不会是按时出分吧？\n\nQ：再想想\n\nA：还是我重要\n\nQ：你和按时出分对我都不重要\n\nA：那谁重要\n\nQ：没有你，对我很重要
214660,2576,黄鹂强,2025-02-16 03:58:52,5,5,0,1.6考完，1.10交论文，然后2.16才出分，而且给分这么烂，还好大四了绩点也不重要了……真的不想再吐槽了……
214661,2576,黄鹂强,2025-02-16 04:00:39,1,1,0,上完hlq的课还能不喷的是这个👍
214662,2576,黄鹂强,2025-02-16 04:03:05,0,0,0,课烂给分更烂
214668,2576,黄鹂强,2025-02-16 06:17:46,27,27,0,信管的家人们顶我上去，我来好好喷一喷他。\n\n\n\n很少有课这么离谱了——老师尖酸刻薄，师德缺乏，自以为是，水平低下，整天不是布置任务让我们交作业展示就是在那边胡乱吹，一口一个“怎么跟你们说呢”“对你们来说肯定太难了”，然后什么都不讲，甚至还让学生做课件讲课，整天扯东扯西，自己讲的烂还没有自知之明，还威胁我们“小心给你们不过哦”，这么牛逼你怎么不去竞选院长、校长呢，你要真敢就因为不听你瞎bb然后让人不过，你看看我们跟不跟你死磕到底吧，从我们身上找优越感，享受这种凌驾于众人之上的威权，也是让你给装成什么样了；整个课的安排也是空洞无物，毫无体系，混乱不堪，就是只会布置作业、不停地让我们展示，恶心人；最后出分也是贼慢，成绩也是贼差，期末大项目的论文弄了好久，很多部分纯粹就是在无意义的堆砌字数，期末考做啊做不完，我就想问卷子前面的那些填空选择上课讲了啥啊？真的要让我们自学那还天天上啥课臭bb啥呢，我自己周三安安静静地看一下午书和ppt（当然那本书和他那份上古做好的ppt也都是跟shit一样）肯定也比你在我们耳边那边叨叨来恶心我们要来的舒坦；而且还贼喜欢点名，贼喜欢叫人回答问题，还卡请假、每次请假就扣分，我真的宁愿参加007的实习也不愿意听大象一节课，真的是服了。\n\n这样也能当教授，我看我真是生的有点晚了。还好这节课是在大四，过了就行，学弟学妹们我极度不建议你们提前选，一定要大四再修这门，别提前吃，不然真的太恶心了。大四这学期本来没啥事的，结果每周三都去管院吃shi，血压一下子就上来了，真的是太有生活了。建议严查他，真的想知道他各种考评是怎么过的，早点把这门课取消（或者不要让他来上了，或者好好改革这门课的体系和内容）吧。天，咱们就不能好聚好散吗？哈基管院还信管学生一个安宁的大四好吗？
214669,2576,黄鹂强,2025-02-16 06:57:28,5,5,0,本以为大一到大三已经吃遍全浙大的屎了，没想到大四遇到了最重量级的出生。管院老师如果你们看查老师的话请不要装死了好吗？请干点人事吧求求了
219840,2576,黄鹂强,2025-06-08 12:22:43,2,2,0,shi
85664,2588,郭斌,2018-07-24 15:33:08,7,8,1,经常有老师来和我们一起听郭斌老师上课，他可能不是很有名气，但是他讲的东西，会比很老师更受用
92231,2588,郭斌,2018-12-27 07:05:45,4,6,2,郭老师课内容很有深度！
92232,2588,郭斌,2018-12-27 07:06:10,8,10,2,郭大侠答题就没怕过谁！！！舌战群儒
97482,2588,郭斌,2019-01-22 09:18:06,1,2,1,老师讲的挺好的，给分也好
98933,2588,郭斌,2019-01-24 05:23:49,3,3,0,男神！
108268,2588,郭斌,2019-05-18 14:58:46,3,3,0,太喜欢老师了，严肃中带着幽默，观点深入浅出，超赞！
122903,2588,郭斌,2020-04-19 05:23:03,5,5,0,深入浅出，逻辑王者碾压全班
136135,2588,郭斌,2021-06-11 07:12:33,2,2,0,郭斌老师男神！
140517,2588,郭斌,2021-09-13 08:23:39,1,2,1,理论水平高超，讲课形式风趣
160422,2588,郭斌,2022-09-22 03:40:32,0,0,0,不管是处在哪个层次去听他的课都会有收获的，他那种思维模式与理论积蓄如果你能感知到会很震撼的，推荐推荐！
191139,2588,郭斌,2024-04-08 03:23:59,1,1,0,ITP的神
203962,2588,郭斌,2024-11-22 08:51:12,1,1,0,郭老师很细心，同学们的问题只要提问了，都会认真解答。不管是对实践者还是学生，真的能提供很多有价值的想法
87009,2645,刘南,2018-09-20 02:32:04,-1,1,2,"""我是我们物流管理所的所长，从04年开始当了...\n\n""09年我去韩国参加一个国际会议...\n\n""我跟传化的总裁还有战略总监...\n\n\n\n..."
89566,2645,刘南,2018-11-19 14:52:04,0,0,0,天天被骂\n\n
8966,2697,杜健,2015-10-07 03:49:04,1,9,8,傻逼去
9316,2697,杜健,2015-10-21 07:07:17,3,6,3,不能忍的睡意
9606,2697,杜健,2015-11-11 09:15:45,1,5,4,可怕。
11562,2697,杜健,2015-12-05 14:22:11,0,3,3,傻逼\n\n
11942,2697,杜健,2015-12-21 11:18:03,-2,3,5,上课不让用手机，无语
12360,2697,杜健,2015-12-23 05:32:13,1,4,3,讲课有点无聊，不系统。其他还好。
12724,2697,杜健,2015-12-24 02:33:15,-1,5,6,老师挺和蔼的。上课流程挺好。那些喷她的估计本来上课就想水的那些。
13159,2697,杜健,2015-12-25 03:47:54,2,5,3,困得要死
14449,2697,杜健,2016-01-07 06:46:16,2,5,3,睡反正我是过很多次……听不进去
15019,2697,杜健,2016-01-11 14:08:16,-3,1,4,～～～
18177,2697,杜健,2016-01-21 08:39:17,2,8,6,课内容是讲了，但是那叫个枯燥啊，乏味啊。想学管理学肯定不能找她。现在分数还没出来，看看分数怎么样吧，分数要是好了，以后学弟学妹还可以来刷一下绩点
20096,2697,杜健,2016-01-28 07:36:14,0,2,2,给分不错
20721,2697,杜健,2016-01-30 08:33:53,-1,2,3,比较按部就班，其他还好，给分不错。
20925,2697,杜健,2016-02-04 08:10:45,0,3,3,真心不爽
21806,2697,杜健,2016-03-01 06:57:10,1,1,0,还可以
21910,2697,杜健,2016-03-01 14:49:12,0,1,1,真心是无聊 基本睡过来的 但是最后给分不错
23300,2697,杜健,2016-03-24 02:08:56,0,1,1,。。。
24162,2697,杜健,2016-04-28 02:47:52,-1,0,1,。。。
99200,2697,杜健,2019-01-24 11:45:26,2,2,0,老师的课可能没有特别的生动，讲课水平也的确不算特别好，但是老师很用心，而且经常会有不同形式的课堂环节。作业方面，由于管理学大多数老师基本上是统一授课标准的，所以事情虽然多，但也是管理学课程所规定的。而且老师给分很不错的！
99634,2697,杜健,2019-01-25 04:22:13,1,1,0,老师人挺好的呀！虽然这门课有点累但是真的一分付出一分回报，满分赞美！
99674,2697,杜健,2019-01-25 04:49:12,2,2,0,老师还可以 对学生也比较温和 课其实没那么枯燥
99675,2697,杜健,2019-01-25 04:49:31,7,8,1,老师给分真的超级好！能给满的都给满了，感觉被扣的分都是同学互评扣的（微笑）。上课可能不算特别精彩，但是干货还是有的，作业反正是课程组统一规定的，不会额外增加。只要课前测好好准备，看书细一点，成绩最后不会差的。老师在群里也经常和同学互动，是个好老师。
103234,2697,杜健,2019-02-27 02:31:12,0,1,1,老师给分很好，上课很温柔有耐心，在群里经常跟同学交流，缺点是上课有一丢丢无聊，好好听讲成绩也会不错的！
107398,2697,杜健,2019-05-05 00:37:43,1,2,1,满了满了
107918,2697,杜健,2019-05-11 12:37:16,-1,0,1,老师挺好的，给分很不错，上课也尽可能讲得有趣了
122396,2697,杜健,2020-02-26 06:14:25,0,1,1,和蔼温柔，给分好的
129014,2697,杜健,2020-12-28 12:09:50,0,1,1,管理学：相比于其他管理学老师，杜老师的作业真的很少了，上课的小测也是开卷的（不过以后不确定）。给她发邮件也会很温柔的回你，赞！
132884,2697,杜健,2021-02-04 10:24:18,0,0,0,老师的管理学应该是事最少的了，每节课都有小测，给分也很好
133442,2697,杜健,2021-02-28 17:42:52,4,4,0,事少分高 \n\n老师人挺好挺耐心\n\n没怎么听课 上课有点无聊\n\n有课堂小测 选择题只有一次机会\n\n主要是小组里有dl带飞\n\n感觉大家分数普遍高
136102,2697,杜健,2021-06-11 02:54:20,0,0,0,管理学\n\n分好高
142598,2697,杜健,2021-11-14 05:34:01,0,0,0,备课很认真的老师，人也nice
8198,2745,茅锐,2015-09-17 11:41:31,4,16,12,长得太年轻了，有种小鲜肉的既视感。北大双学位，直博，然而上课真是分分钟让人睡着…声音太小了！
14614,2745,茅锐,2016-01-08 03:07:41,3,5,2,老师声音有点小，人很温柔……关了手机认真听还是可以的
16871,2745,茅锐,2016-01-19 06:30:20,2,5,3,老师声音很好听，讲课很细致
21727,2745,茅锐,2016-03-01 02:01:37,1,6,5,其实是好老师，人很好。给分也不错。
34470,2745,茅锐,2016-10-11 10:55:45,2,5,3,老师人挺温柔的，专业知识过硬
34491,2745,茅锐,2016-10-12 02:44:51,3,3,0,讲得很好可是为什么好困啊
44830,2745,茅锐,2017-01-18 10:21:20,2,7,5,老师声音超级好听，人也很温柔，一学期认真听课都是为了男神呀～明天考中微，希望男神光环照耀嘻嘻
45289,2745,茅锐,2017-01-19 09:19:04,2,5,3,啊老师出分数好快，真效率\n\n人真的超级好，老师我爱你嗯(´-ω-`)\n\n其实老师上课很有条理也很清楚\n\n虽然我是个只听了一半的课的水货吧?
45294,2745,茅锐,2017-01-19 09:23:02,1,5,4,老师人超棒
45304,2745,茅锐,2017-01-19 09:36:34,4,10,6,老师上课讲的很有条理很清晰，但是声音有些轻，如果坐前面大概会好一些。答疑的时候脾气特别好。赞
45338,2745,茅锐,2017-01-19 11:35:09,17,24,7,老师学生时代是学霸，书生气质很浓~人极善!
45457,2745,茅锐,2017-01-19 14:46:10,1,5,4,老师人真的很温柔。讲课认真听还是不错的，小组展示后还会提出中肯的意见，鼓励我们继续研究下去，很nice，给分也还不错。
46137,2745,茅锐,2017-01-20 16:12:02,-3,2,5,脾气超好 讲课思路清晰
48495,2745,茅锐,2017-03-06 14:25:28,0,3,3,棒棒哒
60726,2745,茅锐,2017-10-28 08:43:58,0,5,5,可爱得太犯规了
68166,2745,茅锐,2018-01-22 16:05:07,-2,2,4,茅锐爸爸(=^▽^=)太感动了
68215,2745,茅锐,2018-01-23 00:12:17,-3,1,4,老师脾气实在太棒了！上课答疑都很和善！坐了一学期前两排上课体验很好~本学期最喜欢的老师之一o(^o^)o
68426,2745,茅锐,2018-01-23 07:50:46,2,4,2,老师上课讲的很清楚，就是我听的有点昏昏沉沉的。。。不过老师给分真的超级好！！
68584,2745,茅锐,2018-01-23 11:42:56,0,4,4,我觉得老师人真的太太太太太太太太太太好了…笑起来羞涩莫名觉得可爱
68767,2745,茅锐,2018-01-24 00:44:27,-3,1,4,很负责任的老师，课堂展示还会提出建议，真的能学到东西的课！！
69405,2745,茅锐,2018-01-24 15:17:01,-4,1,5,很好的老师，出分快，真的超级仰慕超级学霸超级厉害的老师～
94481,2745,茅锐,2019-01-17 00:43:13,-1,4,5,老师真的声音又好听人又帅，不过声音有点小是真的啦，认真听的话可以坐第一排，仔细听老师的每一节课，跟着北大双学位的老师的思路，你会发现中微其实很简单～（可能管院的中微本来就不难）\n\n老师给分也炒鸡好，出分也很速度，本咸鱼拿到了入学最高分99，幸福地哭辽
94493,2745,茅锐,2019-01-17 01:59:03,-4,2,6,居然第二天就出成绩了，给分太好了，我爱茅老师！！
94510,2745,茅锐,2019-01-17 03:57:54,0,2,2,老师上课声音有点小，但讲课很棒，最后给分超级赞！！
94595,2745,茅锐,2019-01-17 09:54:44,-1,2,3,给老师10分没商量，老师一身温柔气，脾气超好，一个学期没怎么听课，老师竟然还给了4.2，真的是十分感激老师了
96056,2745,茅锐,2019-01-20 12:06:02,1,2,1,出分超快，给分也很快，但上课声音小，主要靠自学
96081,2745,茅锐,2019-01-20 12:33:10,1,2,1,老师虽然讲课声音很小(基本坐在五排往后就听不太清还不用话筒? )，但是人很温柔，出分快给分也贼好，人帅心善?
114133,2745,茅锐,2019-07-09 00:52:02,-1,2,3,茅老师太有气质了＼(^▽^)／\n\n!!!awsl
122924,2745,茅锐,2020-04-21 03:04:54,-2,2,4,虽然没上过茅锐老师的课 但还是很崇拜\n\n期待有机会可以听
130892,2745,茅锐,2021-01-25 06:39:48,-4,1,5,茅老师的中微值得满分，讲的清晰透彻，给分也高
131410,2745,茅锐,2021-01-27 11:44:09,-4,1,5,很喜欢茅老师的课，给分也是棒棒的
134045,2745,茅锐,2021-03-14 06:41:42,2,8,6,茅老师上课条例很清晰！超有书生气质！夸！
146228,2745,茅锐,2022-01-06 02:35:07,6,9,3,老师人很好，期末也会划重点；成绩构成大概是平时30（40），期末70（60）的样子，每周会有几道作业，还会有一个经典文献展示。可能是我太烂了吧，虽然把中微的圣才教育复习书都翻烂了，但绩点也只有2.7。建议选茅老师中微的师弟师妹们着重复习作业题，期末基本是原题，只有我这个笨比会刷圣才教育的主观题。
150292,2745,茅锐,2022-01-21 15:59:10,9,23,14,哈哈，上课是一回事，行政又是一回事了，不否认茅老师的学术水平和知识水平，但他对毕业班学生是真好啊。\n\n在考研时间12.25，本校人文社科学部几乎所有的专业都在考研之后进行毕业论文开题答辩的前提下，在2018级农经的班主任老师和大多数学生的苦苦请求下，在7位考研学生的考试临近的情况下，还敢冒天下之大不韪，一意孤行将开题答辩时间放在12.17，也就是考研前一周，您太厉害了！全体2018级农经学生感谢，感恩，感怀您！\n\n无论多少次的沟通和协调，您就是不理解，找到了学院领导来协调，您也是阳奉阴违，表面上答应考研学生可以不参加，背地里干着那么多出尔反尔的龌龊的事情，以“高水平论文是高质量毕业的必要条件”为借口，以“农经系没有不参加一轮答辩的先例”为挡箭牌，忽视参加考研的7位学生的时间安排与心理健康状态，戏能演成您这样子，我真是佩服，您的行政职务和党内职务就让您做这个的？您的一路保送的学业就是让您不知民生疾苦的？茅老师，农经系有您这样的领导，毕业班本科生真是倒了八辈子霉。\n\n槽多无口，暂且说那么多，剩下就交给其他同学来评价了。
153979,2745,茅锐,2022-05-18 10:57:49,10,22,12,我咋听说茅老师压榨、pua研究生啊
156628,2745,茅锐,2022-06-20 12:22:59,-2,3,5,本科最喜欢的老师
161635,2745,茅锐,2022-11-10 00:37:09,3,5,2,讲得太快，大家都说不理解但是他不听
166322,2745,茅锐,2023-01-12 02:42:34,1,2,1,茅老师很温柔，声音很好听，出分也快。就是英文上中微不怎么听得懂，或许应该课前看ppt预习一下，不过我没有，但是作业认真做认真复习还是能得到不错的分数的
190054,2745,茅锐,2024-02-17 14:09:17,-4,1,5,老师真的很好很好非常有气质的学者！上课认真听真的可以听懂，微信答疑也是很快就回复了，特别有耐心。中微课堂虽然是英文，但是学到很多！记得记笔记哦～出分很快，快到难以想象，给分很好的呜呜呜满了呜呜呜
192847,2745,茅锐,2024-05-31 03:58:18,-3,2,5,茅锐我是你的偶像……不对你是我的偶像
192849,2745,茅锐,2024-05-31 04:02:40,-5,1,6,锐，牛，爱。茅锐男神
194229,2745,茅锐,2024-06-22 16:44:55,9,11,2,老师教学和学术都是极好的，但是行政方面，真的不敢苟同。感觉老师人生太顺了，根本不懂普通学生的生活和心。
199325,2745,茅锐,2024-09-21 04:15:17,-3,0,3,还不错
199327,2745,茅锐,2024-09-21 05:03:36,-3,0,3,很耐心，很友善
23388,2815,姜玟求,2016-03-28 11:10:48,0,3,3,韩国人教授！！讲课非常好 给分很高
49038,2815,姜玟求,2017-03-22 06:35:08,-1,2,3,非常轻松\n\n
78397,2815,姜玟求,2018-05-11 09:25:27,-1,1,2,和蔼的韩国老师 讲课干货略少 但还挺有趣的 给分好
80521,2815,姜玟求,2018-06-27 11:18:05,0,4,4,强推 事少 讲得好 给分高
141448,2815,姜玟求,2021-10-09 07:39:31,-1,1,2,太好了
141494,2815,姜玟求,2021-10-12 06:22:16,7,12,5,强推！“我们不考试，考试没什么用，我们创新管理嘛就是要创新hhhhhhh”
141502,2815,姜玟求,2021-10-12 08:32:52,-2,1,3,事少课水，上课回答问题。课下对于专业知识老师也会耐心给出回答
143066,2815,姜玟求,2021-11-18 14:33:26,-1,1,2,韩国人教授，中文说得不错，课也讲得很不错！课后作业也不多。
143298,2815,姜玟求,2021-11-23 06:16:47,-2,2,4,从来不点名，事儿少，管的松，语言方面可能会导致一点点的交流问题，但是老师还是很认真的讲课，给分应该会很好，强推
147127,2815,姜玟求,2022-01-09 00:18:52,-2,3,5,姜大神4.8分结课.强推，事儿少，给分好，人好
147128,2815,姜玟求,2022-01-09 00:19:38,2,4,2,老师很好，平时上课很轻松，我作为组长也认认真真做了事，但是期末又被卡绩了。。。
147137,2815,姜玟求,2022-01-10 06:37:49,2,3,1,有史以来最低分，认真完成所有任务3.3。我无语了。
147184,2815,姜玟求,2022-01-09 04:31:59,0,2,2,很好的韩国老师
148795,2815,姜玟求,2022-01-13 14:33:07,5,8,3,垃圾老师
157177,2815,姜玟求,2022-06-22 07:20:16,0,2,2,给分很离奇，莫名其妙的低分
165966,2815,姜玟求,2023-01-10 14:01:06,0,0,0,人很好，但是被卡绩了
167986,2815,姜玟求,2023-01-21 06:36:44,0,0,0,人好，给分好，但是讲的课有点无聊，不过还是给老师打call
187426,2815,姜玟求,2024-01-16 05:47:43,0,0,0,给分还不错 但是美美卡绩了，不过估计老师也尽力了\n\n不知道评分标准是什么 总之慎选
19659,2849,凌春华,2016-01-25 04:52:16,8,11,3,还不错
20602,2849,凌春华,2016-01-29 02:14:22,3,5,2,很好的老师
24398,2849,凌春华,2016-04-30 10:46:11,0,3,3,认真听真的可以学到很多东西\n\n
47141,2849,凌春华,2017-01-24 04:17:33,2,2,0,给分好！干货多！感恩！
47253,2849,凌春华,2017-01-25 02:20:01,2,2,0,很好的老师
47406,2849,凌春华,2017-01-26 05:11:07,2,3,1,财务管理ppt相对简单一些，上课写黑板后排不容易看清楚。但是老师上课真的很不错，很温柔的老师
51275,2849,凌春华,2017-05-27 02:23:29,4,4,0,挺好的~
52684,2849,凌春华,2017-06-22 06:45:39,2,3,1,讲课有点无聊
59773,2849,凌春华,2017-09-27 02:13:39,29,36,7,讲一句话清三次嗓子
63892,2849,凌春华,2017-12-18 16:33:14,2,2,0,老师很温和。
68778,2849,凌春华,2018-01-24 01:25:33,4,5,1,出分前评一波：老师很温和，会把他的满腹经纶都细细说给我们听，讲很多PPT以外的东西，但如果不感兴趣或者稍微走神或许会犯困。期末不画重点，说是要让我们自己好好融会贯通一学期学到了什么，深深地感受到有些课是不能囫囵吞枣的。据说老师给分也很求是，所以修行在个人吧。选财管这门课前请考虑清楚并坚定自己真的想掌握这方面的专业知识，然后好好努力。
71288,2849,凌春华,2018-01-28 08:50:23,1,1,0,听不进去其实呜呜
73723,2849,凌春华,2018-02-03 04:02:18,0,0,0,爱老师，温柔到不行！
81085,2849,凌春华,2018-07-03 17:10:59,3,5,2,有人吐槽一下并购重组的题好难吗？
81681,2849,凌春华,2018-07-06 01:37:43,9,10,1,老师真的很温柔了，知识面也很广，上课可以学到很多。但并购与重组考试还是有点难的，希望老师能捞一把
103036,2849,凌春华,2019-02-25 14:10:50,4,4,0,不会强制要求发言算分恶竞啊啊啊这点我就吹爆凌爸爸！！ 课堂有点沉默 但是不会搞什么发言分啊啊
112277,2849,凌春华,2019-07-04 00:37:28,2,2,0,老师很耐心，很负责。
112435,2849,凌春华,2019-07-04 06:43:24,0,0,0,身正为师德高为范的好老师
116584,2849,凌春华,2019-09-12 01:59:58,3,3,0,清嗓子是真的..
117061,2849,凌春华,2019-09-19 01:53:24,3,3,0,为什么我觉得老师说话有点令人难受
117991,2849,凌春华,2019-10-17 23:31:21,3,3,0,为数不多的听老师讲比自己看书效率高的老师，还不恶竞，不错。
120141,2849,凌春华,2019-11-17 23:55:23,3,3,0,老师的课给人一种很透彻的感觉，讲的很有逻辑，是一种能学东西的感觉。
120826,2849,凌春华,2020-01-17 17:08:08,0,0,0,上课要签到。老师很有耐心，讲课很细致，不过财务管理ppt的内容有点少，只看ppt复习不太行。给分还不错，自觉期末考考得不好，感觉老师捞了一把？
120830,2849,凌春华,2020-01-17 17:13:51,0,0,0,觉得期末捞了，感恩…
149880,2849,凌春华,2022-01-17 12:47:03,0,0,0,老师挺好的 很负责 给分也好
149980,2849,凌春华,2022-01-18 06:51:10,1,1,0,老师人好好
150041,2849,凌春华,2022-01-18 13:24:27,0,0,0,老师人很好，给分也好
9163,2860,王丽丽,2015-10-15 02:26:03,-12,19,31,...3次不到挂科   而且  表示和少女心  缺乏常识  思考无逻辑的老师三观不和  如果可以  我想给负分  大学能遇到这么极品的老师也是服了
9166,2860,王丽丽,2016-10-18 01:19:59,-4,14,18,老师傻！真的是傻！不骗你们！
9173,2860,王丽丽,2017-12-25 13:03:20,-13,19,32,讲课逻辑为负 英语口语为负 常识为负 人品为负
9493,2860,王丽丽,2015-10-29 03:13:54,-1,13,14,从来不知道她在说些什么东西…
9494,2860,王丽丽,2017-02-24 09:52:11,0,26,26,简直就是神经病一样。。。。都不知道她在干嘛就一个人自high
9495,2860,王丽丽,2017-12-25 13:02:38,-14,19,33,三次不到挂科，偷偷记人脸 不提醒。\n\n讲课水平差，观点低俗，风格恶俗。\n\n逻辑能力极差，想到哪里讲哪里。\n\n与本专业学生很无聊的互动，恶意排斥外专业学生\n\n\n\n
9496,2860,王丽丽,2015-10-29 03:26:44,-8,10,18,讲的什么JB鬼
9497,2860,王丽丽,2015-10-29 03:30:06,-7,5,12,无语啊
9898,2860,王丽丽,2017-12-25 13:03:03,-10,12,22,逻辑性蛮极品的，大概智商高思维太过跳跃。歧视外专业偏见严重，甚至直到考试都在自high严重干扰学生思维运转。
9992,2860,王丽丽,2017-12-25 13:02:46,-12,12,24,考前课堂说“你们不要等到十二点半再交嘞，那时候出去饭都吃不了人这么多，一般十二点我就 催 他们交了。”听说点到是她默默看人脸记到场没，呵呵。
10038,2860,王丽丽,2015-11-14 15:34:28,15,30,15,公平地说，学术能力强，但讲课确实有些点说不太清。但是觉得是个很可爱的人。认真学也完全能够拿到高分。至于说的默默记人脸什么的，至少看到证据再相信和传播吧。
10180,2860,王丽丽,2017-09-18 04:35:52,8,20,12,严重觉得楼上全是ITP那帮一天到晚不知道自己是谁，从不来听课总是旷课，还觉得老师点名多对不起苍天上帝，因为自己旷课就给老师恶意差评的傻X
10181,2860,王丽丽,2015-11-17 07:01:32,12,20,8,很好的老师啊，讲得东西也很实用。恶意差评太不好了吧
10200,2860,王丽丽,2015-11-17 10:49:22,9,13,4,老师人很好！讲的也很好，请大家不要旷课，老师虽然不点名但是会记迟到的噢
10213,2860,王丽丽,2015-11-17 11:55:39,8,14,6,老师是良心好老师，严要求，不想好好学的，就不要选她的课，不要受不了严要求就乱骂老师
10506,2860,王丽丽,2015-11-19 09:31:12,9,21,12,严重怀疑楼上给差评的是ITP的，他们经常旷课，所以王老师对他们比较严格。其实只要态度认真，王老师人很好的！
14274,2860,王丽丽,2016-01-06 04:01:13,14,17,3,市场营销讲得挺好的，人也nice
14613,2860,王丽丽,2016-01-08 03:05:50,4,10,6,为什么恶意差评辣么多？老师人很nice，事情也不算多，一次展示一个大作业，期末也会把重点过一遍，不坑啊
17434,2860,王丽丽,2016-01-20 07:57:39,6,9,3,市场营销讲的挺好的，学到了挺多东西~考试也不难~
17448,2860,王丽丽,2016-01-20 08:29:27,2,6,4,老师真的是天使啊！讲的很贴近生活，对学生又好！天使！
17591,2860,王丽丽,2016-01-20 12:45:35,0,3,3,一直讲苹果和小米
17958,2860,王丽丽,2016-01-21 04:49:48,2,5,3,很好很有意思的老师，学术又生动！那些自己不好好上课好好学的人不要把责任推到老师身上
18119,2860,王丽丽,2016-01-21 07:56:39,5,7,2,老师学术能力很强 认真和老师学可以学习到很多东西
19790,2860,王丽丽,2016-01-25 09:20:08,3,5,2,只要是好好听课学习就会有收获 因为自己不努力反而怪罪老师的人素质真的很可笑\n\n
19988,2860,王丽丽,2016-01-26 00:33:29,1,3,2,讲的非常基础啊，很适合我们学知识
21003,2860,王丽丽,2016-02-09 10:40:05,2,4,2,老师是天使呀 大学遇到的最负责对学生最好的老师！
22256,2860,王丽丽,2016-03-03 06:17:06,-6,3,9,没有一点师生情…\n\n
29520,2860,王丽丽,2016-11-16 12:52:41,-5,2,7,这个课 最后听老师的总结就好了
32824,2860,王丽丽,2016-07-16 09:08:43,4,6,2,老师人很好啊，怎么那么多恶意差评
35824,2860,王丽丽,2016-11-10 08:21:18,2,5,3,消费心理很有趣，作业和考试类型也很nice，能检验学到的知识，考前会帮我们过一遍重点，胆汁型老师哈哈
36548,2860,王丽丽,2016-11-15 00:39:05,4,8,4,上过她的营销和管理研究方法，老师的学术能力听说是很强，不过管理研究方法确实讲得不太清楚，台下众人懵逼，但是最后大部分人却都能考很好，不懂
36603,2860,王丽丽,2016-11-15 04:45:13,6,6,0,在老师的帮助下搞懂了因子 方差和回归
37861,2860,王丽丽,2016-11-21 11:57:22,3,5,2,老师很好很可爱，考前会划重点，理PPT。
45572,2860,王丽丽,2017-01-19 23:15:02,4,4,0,不懂为什么自己认真复习、考试以后绩点低的泪流
46661,2860,王丽丽,2017-01-22 05:42:11,3,4,1,王老师上课很有激情，人也超级好，她的课值得选
46909,2860,王丽丽,2017-01-23 01:28:43,3,4,1,老师人还是挺可爱的，但是考试之前说往年上90的人会有60%，我咋这么低呢呜呜呜呜呜呜
47777,2860,王丽丽,2017-02-24 10:34:52,2,4,2,老师人挺好的啊，只要认真做自己的案例作业，认真做展示，期末最后一节课好好听，认真复习，给的分就是你复习的分。最后考试的时候老师也很可爱。会和学生有很多沟通，还会主动来询问学生情况，分也尽量给好。不知道哪里来的这么多恶意差评…太莫名其妙了吧？
59798,2860,王丽丽,2017-11-16 05:25:53,3,9,6,为什么没有零分?\n\n
61346,2860,王丽丽,2017-11-15 03:58:32,3,4,1,我是真的学到很多东西。老师原理不太会讲，所以要有管理统计和概统的基础。但是老师人很好，知道的特别多
61456,2860,王丽丽,2017-11-17 11:11:45,0,3,3,今天刚考跪 还是来良心评一下。lili语速飞起，经常她讲的和我们理解的不是一个意思，所以一定要及时问她及时确认啊不然就是血的教训啊!!!!!!!!!!!!!!!真的，讲的很好很生动但是巨快……最后……老师你的儿子好可爱呀！！！！！！！！！
61762,2860,王丽丽,2017-11-20 16:39:26,5,6,1,怎么说，其实感觉老师很有料。但就是讲不清，自己说的也很快。感觉上明明自己理解的很好。但从她的角度一看就都是问题。然后也其实上完管理研究方法也是根本不确定自己学的东西到底对不对????q就很难受?
61766,2860,王丽丽,2017-11-21 01:14:15,11,12,1,老师很nice，特别认真负责，重点章节老师自愿补课答疑、以及，小魔王好可爱₍ ⸝⸝· ᴥ ·⸝⸝ ₎
62138,2860,王丽丽,2017-11-22 13:42:23,-6,4,10,说老师记脸的我不知道是什么鬼，怕是自己考太烂了吧。作为一只每节课都坐在角落里的，和老师没有任何沟通也没留下任何印象的人，我最后也满了呀。
72299,2860,王丽丽,2018-01-30 00:42:38,4,4,0,上课认真听，好好做作业，总会有很好的收获的
72324,2860,王丽丽,2018-01-30 02:04:15,3,3,0,老师的课是我这个学期感觉最有意思的一门课，干货很多，而且可以学到很多有趣的东西，虽然事情会比较多一点，但是认真做还是会很有收获的(作业不要堆到最后才赶)，而且给分很实在啊！想要水的同学慎选！
74798,2860,王丽丽,2018-03-06 02:23:33,1,2,1,老师语速比较快，所以一定要一直跟着老师的思路，然后要及时理解上课的知识点去做课后作业，感觉老师作业不看字数注重质量，最后交上去之前还会给你提意见。期末闭卷，但是会划重点，所以其实要背的东西也不是特别多，提前一天杯就可以了，不要去和ppt一模一样，意思到了就可以啦。最后不要迟到哈哈哈，老师会在刚上课的时候点名
79031,2860,王丽丽,2018-05-21 06:40:03,2,2,0,老师人很好，学术能力很强，给分真的很实在，不偏不倚！！
119461,2860,王丽丽,2019-11-13 02:30:06,1,2,1,老师讲课很有激情，也非常认真负责，还非常可爱，只要认真学满绩很有可能的!
121050,2860,王丽丽,2020-01-19 10:30:25,3,3,0,王老师的课很好啊啊啊啊啊 有意思极了\n\n而且任务不多 市场营销就两次小组展示\n\n期末考试很正规 考的内容只要认真背了就做的出来！给分也很公道！
121528,2860,王丽丽,2019-12-13 03:06:25,3,4,1,老师人很好，挺关心学生的。
125026,2860,王丽丽,2020-08-15 12:38:35,2,2,0,老师很好很负责。
128192,2860,王丽丽,2020-12-11 15:35:12,5,5,0,收获很大，非常喜欢丽丽老师的课堂教学氛围，结束了MBA的第一堂课。基本概念讲解透彻，尤其现在热门的案例手到擒来，隔壁班同学很羡慕我们。
143120,2860,王丽丽,2021-11-19 08:04:29,0,3,3,给分贼差
145137,2860,王丽丽,2021-12-27 15:51:47,5,5,0,王老师真的很认真很负责很求是，虽然平时作业有点多但是不难，还没出分，但被老师的激情和负责和敬业和严谨的态度感动到，respect！想水的还是绕道吧…
147243,2860,王丽丽,2022-01-09 08:21:30,2,4,2,老师讲课很好，很有激情，非常喜欢和学生交流，很亲切，给分也很不错，非常nice
147251,2860,王丽丽,2022-01-09 08:57:52,3,3,0,老师无论是在讲课还是给分上都没话说非常的nice，在课业上遇到任何问题老师都热心为我们解答，希望有机会还能上到老师的课。
147338,2860,王丽丽,2022-01-09 15:19:16,2,2,0,老师上课很认真，考前也很关心学生的复习情况，给分超级无敌好，但老师好像最后一年带市场营销了。
147359,2860,王丽丽,2022-01-09 16:51:44,2,2,0,好老师，大四🐶本来想水个性学分，没想到老师讲的好，来了兴趣，喜提高分
149585,2860,王丽丽,2022-01-16 04:50:38,1,1,0,市场营销上的很好 老师超级认真，平常作业相比别的班多，但是学到的也很多
150822,2860,王丽丽,2022-02-19 05:45:10,1,2,1,市场营销满绩，10分
150866,2860,王丽丽,2022-02-20 07:04:57,2,2,0,丽丽老师人很不错！为学生着想，也会听取学生的意见，很好的老师，很幸运能上老师的课
152927,2860,王丽丽,2022-04-22 01:08:32,1,1,0,可能17年之前会有些讲不清吧，我21年上市场营销课和nice的，老师条理清晰、上课例子多，考试也会带大家复习，很认真的老师。事情有些多，但是收获更多
155965,2860,王丽丽,2022-06-17 02:18:59,-1,0,1,我爱王丽丽！！！
161868,2860,王丽丽,2022-11-14 15:11:11,-2,0,2,老师人蛮好的，讲课的条理很清晰，作业都是平时留的，期末只需要整合一下就可以了，最后考试周也不至于手忙脚乱。给分也不错。
180463,2860,王丽丽,2023-09-22 00:36:36,4,5,1,如果你是大三，恭喜你，好好学还是会有一点收获的\n\n如果你是大四，恭喜你，你的毕业生涯有难了\n\n管院似乎一直喜欢给毕业生整点这种破课，错误的，无意义的，浪费时间的。快逃。
180584,2860,王丽丽,2023-09-23 04:59:47,3,4,1,mean
184036,2860,王丽丽,2023-12-07 02:49:12,7,7,0,上的是管理研究方法\n\n老师上课很好，讲解的也很清晰有条理，课堂质量是很有保障的，学到了很多东西\n\n但是任务有点重，对于并没有那么想要追求科研学术的人来说要求可能有点高\n\n没有想到分数这么低，远低于设想的最低值\n\n但是老师教学还是很好的
184067,2860,王丽丽,2023-12-07 14:40:44,4,4,0,。。。。。。
184073,2860,王丽丽,2023-12-08 01:10:38,5,6,1,。。。。。。。。。。
185760,2860,王丽丽,2024-01-04 07:25:31,2,2,0,老师的科研能力很强，讲课内容也较充实，但是管理研究方法的个人作业很难评。。。每次反馈都说好，最后得分难以置信的低。感觉和老师关系混熟了会给高分，但根据身边同学的得分情况，低分是大多数。
201890,2860,王丽丽,2024-11-07 08:03:28,0,0,0,学在浙大点评：很好；课上点评：不错但还需改进；最后分数：差。只能说，老师学术能力的确很强，但给分真的不咋地，追求绩点的慎选
204316,2860,王丽丽,2024-11-25 08:05:27,0,0,0,学术能力强，但给分真的不咋滴，追求绩点的慎选
206268,2860,王丽丽,2024-12-13 12:28:35,0,0,0,上课感觉老师的学术能力确实很强，但是上课内容对于作业似乎并没有什么帮助，另外感觉课上夹杂了挺多课程无关的赘述，最后给分也不怎么好
206429,2860,王丽丽,2024-12-15 06:01:17,0,0,0,风趣幽默，性格直爽，讲课案例还是很赞的
35637,2861,卓骏,2016-11-10 07:36:55,3,5,2,什么也听不懂
36627,2861,卓骏,2016-11-15 06:19:26,-2,6,8,国际商务，考的全没有教过
37580,2861,卓骏,2016-11-19 13:59:14,7,12,5,上课无聊口齿不清；作业神多无语至极；考试奇葩试卷有毒；我选他的课是我踩过最大的坑。
37591,2861,卓骏,2016-11-30 01:50:15,-1,5,6,老师人很好，经常答疑\n\n
37618,2861,卓骏,2016-12-22 09:27:47,-13,8,21,老师其实挺好的，不明白怎么会有人说骚扰
37815,2861,卓骏,2016-11-21 07:27:24,6,12,6,老师人很好 很和蔼  答疑很认真 就是感觉讲课不是很熟练 可能第一次上本科生的课？
37860,2861,卓骏,2016-11-21 11:53:44,12,16,4,作业事情超级超级多，别的组都是8个中国人，给我们组分配四个留学生说是促进国际交流，结果我们每个中国人多做好多事情不说，我每次很认真的去完成个人思考题，小组作业大部分也都是我做的，熬了好几个晚上，考试前也认真复习了，结果考试考到的题目对我们国际思维的开拓真的没什么作用，都不知道在考什么，而且最后给分让我觉得我的努力不值得。或许是我没有天赋也不适合这个老师吧...
37972,2861,卓骏,2020-02-13 11:17:22,13,21,8,有零分就打零分了，喜欢给班上的女生搭讪发微信，找借口把女生单独带到校外，动手动脚。不知道浙大是有多海纳百川，这种人也能当老师。
38090,2861,卓骏,2016-11-24 03:51:00,3,6,3,上课说话语速超慢 讲了些有的没的就跳到下一章去了 感觉上课没什么逻辑和体系 让人尴尬 还不如自己看书 然而最后发现期末考的内容并不是认真看书就能做的 总之就是 这是一门认真复习认真完成作业也很有可能得分很低的课 慎选
38175,2861,卓骏,2016-11-25 08:24:44,-26,6,32,我真的不懂评论里那个说带到校外动手动脚骚扰女生的是什么情况   (真的不是绩点不高在报复吗……)老师很亲切，很想为我们答疑，考试前勾重点并且大题基本告诉我们要考什么点了，很具体的，我都觉得有漏题的感觉。考试也考了两道课后原题。给分的话，我同组同学有的好有的不好(我是蛮好的)所以我评价也高咯
38274,2861,卓骏,2016-11-29 02:10:04,-28,3,31,我觉得挺好的，上面那个就算给分低也不用造谣吧
38297,2861,卓骏,2016-11-29 12:47:45,1,3,2,差评差评
38463,2861,卓骏,2016-12-06 02:18:48,15,30,15,证实：确实生活作风让人呕吐，不是造谣，会性骚扰，女生千万别选，不是给分的问题，我分数很高，但是这个老师真的是衣冠禽兽。真的很重要，女生要保护自己，学姐只能帮你们到这了。
39496,2861,卓骏,2016-12-23 07:56:14,-4,2,6,给分很好但是作业一点多
47787,2861,卓骏,2017-02-24 15:23:36,-22,2,24,卓骏老师的人品绝对不是你们所说的这么不堪，乱说人坏话可以算诽谤好不好
51317,2861,卓骏,2017-05-31 06:37:17,-3,3,6,老师授课本意是让学生多思考，不会刻意取悦学生。
51813,2861,卓骏,2017-06-11 10:38:53,7,9,2,对女生动手动脚\n\n用钱权骚扰\n\n别上他的车\n\n不要单独约\n\n不要加微信\n\n有证据要保留\n\n注意保护自己
55641,2861,卓骏,2017-07-02 05:44:59,-8,1,9,老师人很好，有问题都会耐心解答，希望那些散布谣言的人可以尊重老师
57893,2861,卓骏,2017-07-17 03:34:17,4,5,1,和这位老师交流很少，但他确实会莫名其妙例如看见发的朋友圈给女生（不止我一个）发微信。可能这种行为是否是骚扰见仁见智，但相比其他老师（例如只经常在朋友圈回复学生），我觉得还是有些不舒服的感觉。另外有些评论很搞笑了，没骚扰到你就证明这位老师不骚扰别人了？？？考试感觉书上都有但我背不得只能瞎bb，给我的分很好。
60617,2861,卓骏,2017-10-25 09:29:39,2,2,0,emmmmmmmmmm
60762,2861,卓骏,2017-10-29 15:21:29,2,2,0,……………
61037,2861,卓骏,2017-11-07 08:42:44,1,1,0,无聊，而且老师讲课不熟
61961,2861,卓骏,2017-11-22 02:52:38,-3,0,3,老师讲课确实不好，不过挺耐心的。考试不一定考书，主要是他自己讲的东西。甚至考试出现讲过的原题，很简单的计算。案例作业，越到后面要求越高，多交流就给分不错。
61962,2861,卓骏,2017-11-22 02:58:15,6,6,0,整个课上下来只想呕吐，讲得呕吐，给分呕吐，大概是没被骚扰过，OK，怪他是个直男
61964,2861,卓骏,2017-11-22 03:13:25,7,7,0,讲课什么都没有 人品差 屁事特多 乱发微信骚扰人 给分也一言难尽 多交流给分高？？呵呵 不敢交流
61969,2861,卓骏,2017-11-22 03:48:09,5,5,0,上的网络营销，作为一门个性选修课 \n\n然而感觉上课没有学到什么知识\n\n那位说考试的同学 我们秋学期有考试吗？\n\n作业有小组作业个人作业和课程作业\n\n个人作业是选做的 但是老师说他很看重这个\n\n总的来说 感觉上完这门课我并没有什么收获 真的想学知识的同学不建议选
61973,2861,卓骏,2017-11-22 03:54:11,-4,1,5,还不错满了，老师挺负责的
61976,2861,卓骏,2017-11-22 04:01:27,3,3,0,网络营销，作为个性课，当初选了这门课还没退一定是因为我脑子进水了...本来选这门课是想知道网络与传统的市场营销有什么区别，有哪些营销手段、营销策略等等，做梦吧，这些都不存在的...完全不知道老师上课想讲什么...无聊至极...个人作业虽然他说选做，但还是都做了，然鹅...没什么用...分数给的还勉强可以接受？但是确实不高...慎选吧。不过对于那些真的想水水过又不看重绩点的，还是可以选的，因为你整个学期不去老师都不会知道...
61995,2861,卓骏,2017-11-22 05:37:31,2,2,0,国际商务，大半学期没翘课，人少也不见他点名，第一次翘突然就点了....考试会出上课讲过的例题，的确会私讯女学生....给分有点迷，课堂作业讲不清楚，大家都不懂要干嘛
62520,2861,卓骏,2017-11-25 15:50:47,1,1,0,呵呵呵，讲课磕绊，概念不熟，举例不丰富，上课实在是浪费时间? 不过老师总是笑眯眯地挺和善，唉唉这几分就给到这点上吧
62928,2861,卓骏,2017-11-27 11:19:31,8,10,2,谁都没有资格为另外一个人的人品打保票，那些义愤填膺说这个老师人品很好不会骚扰女生的，这是对受害者的二次伤害，这也是只敢在查老师这提醒学弟学妹的原因了，害怕成为被愚蠢的群体轮奸的受害者
89150,2861,卓骏,2018-11-16 05:20:18,0,0,0,希望老师下次上课能带用麦克风，不然下面真的听不清楚_(:з」∠)_还有考试（虽说是开卷）真的难，感觉复习不复习没啥区别，成绩还没出不知道给分怎么样，老师人还是很和蔼的，就是课比较迷…考试不怎么考书上的内容，都是老师上课提到的下面听不清楚的部分…考完试感到悲伤…
90345,2861,卓骏,2018-11-23 08:20:09,0,1,1,国商，短学期两个小组作业一个必做个人作业一个选做个人作业。作业要写的和书里知识点有关，考试主要是上课讲的。千万不要以为上课讲的书里没有就不听，那个就是要考的。老师上课让回去思考的基本上就是考试的原题，看到卷子的一瞬间内心十分的苦涩。两个小组作业里的一个足足改了三遍，所有的加起来差不多五六万字，对不想恶竞的同学可能不太友好。
90512,2861,卓骏,2018-11-23 17:15:55,1,1,0,虽然每次写这门课的作业都很痛苦，因为要有自己的思考以及大量的阅读加上对理论的掌握再到应用，但也收获了很多。\n\n书本考的内容不多，考试重点都是老师课上讲的。\n\n老师骚扰可能是真的，我就被主动加微信了（但我没有通过），女同学们还是要注意小心为好。\n\n给分与付出成正比。
90838,2861,卓骏,2018-11-26 11:51:00,2,2,0,感觉垃圾 上课根本学不到什么 最后迷一般给分
92791,2861,卓骏,2019-01-04 12:23:17,0,0,0,作业布置得很偏经管院的风格啦，我不擅长文案，乱写了一通。个人觉得学习不该是负担，恶竞是很没意思的事情。不过，我上课有好好听了，书上的公式也自己正反推了几遍(个人习惯)，还上网查了资料，老师最后给我的分也很高\n\n
98278,2861,卓骏,2019-01-23 09:08:03,0,0,0,上课讲东西基本就是念PPT，也讲不怎么透彻，要弄懂还是得靠自己看书（这里提醒千万别犯傻买英文版课本，这老师对英文没有什么要求，不然看书比阅读理解还痛苦）。说要互相交流，但是感觉问他问题他也听不懂，半天扯东扯西，毫无上课体验。慎重
6486,2886,华中生,2015-07-14 10:36:19,-15,0,15,上课点名问问题，课件中英都有。但还是挺萌的~
123008,2886,华中生,2020-04-30 00:23:01,2,7,5,这个老师屁事贼多，上课莫名其妙，SB老师有毛病
123025,2886,华中生,2020-05-01 07:26:37,8,10,2,作业要求都不讲清楚，我写nm呢
173439,2886,华中生,2023-05-24 11:32:36,5,6,1,纱布老师，以为自己讲的多好？课件不知道从哪抄来的，上面还全是错。有用的计算上课讲得飞快，把时间都留给您的P话？为啥别的老师的班别人抢着上，您的班20个人不够您还不清楚原因吗？
173445,2886,华中生,2023-05-24 14:37:18,9,10,1,猜谜式学习法，华中生独创
173446,2886,华中生,2023-05-24 14:40:37,7,7,0,我就纳了闷了，您那抄袭过时的ppt怎么有脸不让下载的？而且也不发最新版，原理一点也不讲，咋算的也不知道，您让我们学生写作业的时候猜谜呢？
173627,2886,华中生,2023-05-30 13:41:13,7,7,0,废柴老师，就会“啊”，一讲不下去了就啊。不知道从哪抄来的几十年前的白底黑字红字突出的中英文混血PPT，例题例题不对，内容内容晦涩。上课还瞧不起数学，从来不计算，我寻思你妈了个逼的会算吗
176498,2886,华中生,2023-06-29 06:19:41,0,1,1,运作管理专业课，后生注意买课本，课本写的很好。
176499,2886,华中生,2023-06-29 06:20:03,-9,0,9,没楼上说的那么差
176607,2886,华中生,2023-06-29 12:19:51,2,2,0,讲课满班走不用麦克风，看回放不用想了\n\n真要上的话记得刷脸，感觉最后评分老师主观性影响比较大
191744,2886,华中生,2024-04-29 12:13:20,3,3,0,好颠的老师，好颠的课
192691,2886,华中生,2024-05-28 10:31:17,4,4,0,能别选就别选，PPT半中文半英文，随便找论文放Google翻译出来的文章都比他通顺，概念也讲不清，抽人回答问题也不知道在讲什么，整个课没有重点，一点上课思路都没有。为数不多的计算很多其他课也会提到，讲得还比他好。
192692,2886,华中生,2024-05-28 10:45:39,1,1,0,...
193235,2886,华中生,2024-06-05 02:14:38,4,4,0,难绷，信管专业这种课真多，要啥没啥
194045,2886,华中生,2024-06-21 14:32:03,1,1,0,我恨你……
194194,2886,华中生,2024-06-22 12:10:16,1,1,0,最相似的一门课，纯靠自学的课真的不多了
204319,2886,华中生,2024-11-25 08:09:34,1,1,0,啧...难评
219464,2886,华中生,2025-05-28 01:48:32,2,2,0,上半学期课不知道在讲什么\n\n建议找课本自学
219560,2886,华中生,2025-05-29 18:44:11,1,1,0,上课完全不知所云，钉钉私信只会已读不回复，每节课必点名，快跑
220120,2886,华中生,2025-06-15 06:38:54,0,0,0,很巅，很麻烦的一门课
220203,2886,华中生,2025-06-16 08:54:56,1,1,0,司马了华中生，上课一坨狗屎给分一坨屎，能不选就别选，弱智老师恶心人
3528,2899,宋云玲,2015-06-18 01:42:29,-2,2,4,呵呵
3558,2899,宋云玲,2015-06-17 01:34:05,2,5,3,呵呵，为什么没有负分
3661,2899,宋云玲,2015-06-17 02:05:18,1,3,2,负能量爆棚
3696,2899,宋云玲,2015-06-17 02:24:06,-2,2,4,呵呵哒
4126,2899,宋云玲,2015-06-18 01:38:34,0,4,4,老师人还是不错的，教学技能和课程时间安排比较………………
4447,2899,宋云玲,2015-06-23 07:52:44,7,7,0,本来以为没有负分也有零分吧，系统差评。
4454,2899,宋云玲,2015-06-23 08:26:30,4,4,0,感觉男票已然被该老师的课折磨哭
6158,2899,宋云玲,2015-07-11 13:03:44,3,3,0,炸炸炸！
39165,2899,宋云玲,2016-12-21 12:00:13,2,2,0,卧槽………
22563,2971,姚铮,2016-03-08 03:25:49,2,2,0,结合实务，给分。
58689,2971,姚铮,2017-09-15 01:55:38,0,1,1,高屋建瓴，对实务很了解，很儒雅的老师
62299,2971,姚铮,2017-11-24 05:20:56,2,2,0,老师真是好老师，就是可能专业课给分都低吧。。。
90203,2971,姚铮,2018-11-22 12:29:02,2,2,0,我很喜欢老师儒雅传授的风格，老师的实务经验丰富，我觉得很好很专业
98545,2971,姚铮,2019-01-23 14:40:16,0,1,1,给分有点低
119666,2971,姚铮,2019-11-14 17:18:53,1,1,0,老师经验太丰富了，给人一种很有说服力的感觉。给分也不错！
119668,2971,姚铮,2019-11-14 22:40:02,0,1,1,上课签到，写银行的报告会有点恶竞，小组作业到最后一起评分，虽然说是看报告但估计会有人乱打。\n\n最后一节课会把大题考什么都告诉你，非常良心的老师了。开卷考，判断单选多选大题答案基本找得到，没太多要转个弯才能想到的东西，还给课件的PPT版本和word版，虽然里面的附录部分比较长，但还是比较有用的，建议要打。
264,2972,霍宝锋,2015-03-14 23:36:51,0,2,2,感觉是自恋狂，根本不适合教学！
63480,2972,霍宝锋,2017-12-05 02:28:52,0,0,0,不给满分只是因为老师太过于喜欢唠叨
71605,2972,霍宝锋,2018-01-28 16:34:22,0,0,0,挺好的老师，很和蔼，给分也好
74213,2972,霍宝锋,2018-02-06 17:52:59,0,0,0,好老师，人好，给分好，讲的好
180096,2972,霍宝锋,2023-09-20 09:44:19,0,0,0,老师很和蔼，对学生特别温柔善良！
202592,2972,霍宝锋,2024-11-13 08:47:01,1,1,0,特别有亲和力，特别温和善良的老师，对学生很好，爱生如子，解决学生的一切问题，永远为学生考虑，鼓励学生坚持奋斗，认识霍老师的学生都很喜欢他，他的学生10个博士，每一个都在985学校任职，自己团队氛围很好👍学院名声特别好的一位老师
74843,2976,李志文,2018-03-06 05:54:27,0,0,0,其实没上过他的课，哈哈，十分溜过
11583,3007,卫龙宝,2015-12-06 16:32:47,0,2,2,完全是一个人的脱口秀
62171,3007,卫龙宝,2017-11-23 03:33:04,1,5,4,不点名，上课经常聊政治的日常...\n\n没有论文没有作业，全靠最后的闭卷考，成绩还不知道....\n\n经常迟到，经常拖课，调课也很随意，可以说是不合格了
130098,3007,卫龙宝,2021-01-17 03:28:30,0,1,1,很有观点 喜欢
130110,3007,卫龙宝,2021-01-17 06:34:42,3,4,1,脱口秀专场
134800,3007,卫龙宝,2021-04-15 11:47:12,1,1,0,老师你不拖堂，就能给到7分，拖堂1小时起步。总体来说，有个性的老师！
142617,3007,卫龙宝,2021-11-14 14:27:44,0,0,0,老师考试前告诉要学习的地方
154786,3007,卫龙宝,2022-06-05 09:54:18,1,4,3,作为一个MBA老师，可以说是很不合格了。随口就来什么美国鬼子，什么韩国以前是中国的类似言论。作为MBA老师该有的素质一个没有，全部都是毫无意义的洗脑言论。一边吹嘘自己出国多少多少次，一边告诫大家不要去国外，典型双标。他的课不要选为好。
157219,3007,卫龙宝,2022-06-22 11:02:51,0,2,2,卫老师很敬业，讲课很有激情，能够将波澜壮阔的中国经济发展史展现的淋漓尽致，很喜欢卫老师。通过课程学习启发了很多需要去涉猎的内容。
161878,3007,卫龙宝,2022-11-14 16:24:57,0,0,0,大四专业课老师，很随和，唯一一次点名是班里只去了6个人，上课趣味性很强，考试十道题闭卷，但给分很很很好
184077,3007,卫龙宝,2023-12-08 03:55:10,0,0,0,老师挺好的，只去了一点点人都没点名……给分也很好
199186,3007,卫龙宝,2024-09-19 01:00:28,1,1,0,两天上课都迟到。\n\n半天的课讲了一天，导致第二天时间来不及，拖堂1小时。\n\n课堂内容实质核心不干，重复性高，经常出现同一内容重复出现3-5次，没有意义。\n\n不否认老师的见闻和知识面，但是对于自己的不懂的板块会瞎讲（2天的课出现多次）。
11370,3024,王端旭,2015-11-29 08:35:36,-13,1,14,深入浅出就是好
13093,3024,王端旭,2015-12-25 00:50:09,11,19,8,抨击鸡汤文自以为拥有独一无二视角，学生质疑就置若罔闻，大肆宣扬自己的理论还嘲讽畅销书培训师，犯白马非马逻辑错误。人生中遇到最缺素养只说不听的老师没有之一。
13351,3024,王端旭,2015-12-27 07:01:58,8,16,8,颠覆性观点来势汹汹，妥与不妥不予讨论让人觉得太压迫。但不能否认有些观点挺好。把一些重要章节交给学生来讲感觉不太合适，另外少讲几遍你闺女你大学的故事吧囧...
24904,3024,王端旭,2016-05-04 09:28:33,11,13,2,哗众取宠故意颠覆传统认知，然而又并无令人耳目一新的好观点。稍有质疑和争议就立即制止。自己也承认讲课效果不好自己很失望，呵呵呵呵。
41255,3024,王端旭,2017-01-10 08:50:35,-13,1,14,这个比较纠结，会补充课本外的知识
52532,3024,王端旭,2017-06-21 02:05:36,19,20,1,超级差
52622,3024,王端旭,2017-07-09 12:56:21,12,12,0,居然真的给了75分，妈耶
53095,3024,王端旭,2017-07-09 11:32:01,18,25,7,woc的老师 SB\n\n
54857,3024,王端旭,2017-06-30 10:21:58,14,16,2,不知道哪儿来的优越感，专业歧视，让人鄙视
57416,3024,王端旭,2017-07-09 13:04:26,9,11,2,专业歧视真的太严重了！！！超级无语好吗！给分超级烂，这种老师简直拉低浙大的档次……
57537,3024,王端旭,2017-07-09 11:56:07,4,7,3,比较随意
57540,3024,王端旭,2017-07-09 12:18:02,8,10,2,傻逼老师
57546,3024,王端旭,2017-07-09 12:58:26,9,10,1,很失望，有专业歧视，搞班级分化，给分很烂，嗯就酱。学弟学妹慎选?
57547,3024,王端旭,2017-07-09 13:02:00,9,10,1,表示很无语，总是两个专业的人比较，严重专业歧视，课讲不清楚还总是质疑教材，差评！
57562,3024,王端旭,2017-07-09 22:49:10,-10,2,12,给老师差评的主要还是分数不好的吧。老师给分好像确实不好，但他看的是平时的表现，像我这样平时的作业认真完成，给分就还不错呀
61375,3024,王端旭,2017-11-15 14:36:05,3,5,2,感觉被歧视了
61376,3024,王端旭,2017-11-15 14:36:14,4,5,1,不是人啊这老师
61377,3024,王端旭,2017-11-15 14:38:26,2,4,2,没什么好说的……刷新体验:)
61412,3024,王端旭,2017-11-16 13:55:05,2,3,1,原本以为不是什么人都能当老师的，直到………………………
69326,3024,王端旭,2018-01-24 13:03:15,1,4,3,人资专业的学生，感觉还不错吧，很实战导向，接地气，讲的东西很有道理
69792,3024,王端旭,2018-01-25 11:47:33,0,2,2,其实老师讲得还是不错的，很实践导向，只是请你回答问题的时候心里已经有了他自己的答案，知识体系不是特别强，愿意和学生沟通交流，人很好给分也好。
78522,3024,王端旭,2019-04-17 08:30:35,1,1,0,一个学期的课 给大家几张轻飘飘的PPT 关键还不是完整版，
79541,3024,王端旭,2018-06-08 11:54:19,1,1,0,woc这人怎么当教授呢..？ 这的好奇问！\n\n每次都比较同学们，歧视专业
124429,3024,王端旭,2020-07-01 04:00:37,1,1,0,搅屎棍，狗屁不懂
129328,3024,王端旭,2021-01-04 07:33:33,2,2,0,服了，第一次听说要才艺表演的课！！！
135574,3024,王端旭,2021-05-15 02:24:52,2,2,0,课件准备得很用心，但教学没有体系化，知识输出基本靠口high。同时，话里话外对人力资源和女性都有非常强的鄙视感。观点有：“男同学天生命苦，女同学工作不好就可以转头拼老公，老公拼不了还能拼小孩。”，“我想让我女儿在美国学人力资源，但一看要背很多法条，她读不了。我的美貌就是我最骄傲的。” 专业度很差。
135575,3024,王端旭,2021-05-15 02:24:30,3,3,0,课件准备得很用心，但教学没有体系化，知识输出基本靠口high。同时，话里话外对人力资源和女性都有非常强的鄙视感。观点有：“男同学天生命苦，女同学工作不好就可以转头拼老公，老公拼不了还能拼小孩。”，“我想让我女儿在美国学人力资源，但一看要背很多法条，她读不了。我的美貌就是我最骄傲的。” 专业度很差。
137696,3024,王端旭,2021-07-05 15:39:54,1,1,0,不点名，但说的话比点名还恶心。\n\n自我感觉良好，听不进不同的意见。\n\n说什么自己做的课件一个字也不能多，一个字也不能少，可是一学期结束，重点在哪都不知道。\n\n发出来的课件严重缩水，考试前没有任何提示，题型和分值都不讲。\n\n慎选！
143627,3024,王端旭,2021-11-29 06:25:19,1,1,0,人菜瘾大
151173,3024,王端旭,2022-02-24 03:08:40,0,0,0,之前的什么歧视，人菜瘾大，没有体系之类的评论都很有道理，就两个字：快逃。
151836,3024,王端旭,2022-03-17 04:43:04,1,1,0,服了，快逃
152167,3024,王端旭,2022-03-29 07:29:37,4,4,0,拉低浙大水平的老师，还喜欢让漂亮的女同学表演节目…
196553,3024,王端旭,2024-07-04 04:59:16,0,1,1,选课之前看到査老师评分有点被吓到，但是一个学期课程结束觉得需要给老师写一个中肯的评价（个人觉得老师评分不该这么低，之前评论提到的一些问题在这个学期其实没有怎么体现，应该是收到反馈后有所改正）这学期人力资源管理没有才艺表演，老师上课不点名，会经常让同学回答问题但不会算分不恶竞，整个学期作业较少（每四周交一次课程感想+一次小组大展示），期末开卷考题量有点多但都是上课讲过的内容，最后一周还带同学去企业车间参访请吃结课饭，老师很真诚也有用心备课（说每次PPT都会有调整），除了有的时候会比较直接指出同学问题（习惯老师风格就好），整体课程还是很有收获的，认真学最后也获得了满意的分数。想学人力资源管理的同学大胆选！
208469,3024,王端旭,2024-12-28 06:51:45,0,0,0,花钱听人精神凌辱我，pua我，训斥我。如坐针毡。一节课3000呢。
208470,3024,王端旭,2024-12-28 06:55:43,1,1,0,人力资源课，节目表演和人力工作背景同学的经验分享是强制的，感觉像公司组织年会，这种强迫性让人很不舒服。而且对学生的观点和提问以批评式为主，即整体先进行否定。。。非常无语
35119,3047,董旭升,2016-11-03 00:11:28,5,6,1,一直在说没时间，讲不完，也不知道讲了些什么。
35346,3047,董旭升,2016-11-09 03:10:00,0,1,1,很枯燥 念ppt 讲一些案例有错误 学生去更正会被驳这不重要 另外想去衍伸问一些问题也会被驳这不重要 你只要知道blabla…就可以了 感觉一点都不严谨
37232,3047,董旭升,2016-11-18 03:26:38,1,2,1,唔 不得不说评分体系不清晰，老师好像不是很理解本科生的需求…相对而言平时不会太为难，考试简单但给分并不算宽松
37275,3047,董旭升,2016-11-18 06:53:29,-2,2,4,棒棒棒！老师讲课超级棒！可以学到很多东西，要勤做笔记，很多有用的东西ppt上是木有的，特别眼馋老师的各种跨国公司案例分析，大家要抓紧机会吖！
37660,3047,董旭升,2016-11-20 04:00:04,2,4,2,感觉老师对于浙大的考试制度非常贯彻……以及不给ppt电子版，讲的内容基本不按书本来，对于小组作业的打印也很有疑问……最后一个建议是课后作业题目能不能在上课前就给出重点？做作业发现上课老师有提过然而只是口述甚至一带而过的时候真的很崩溃╰(:з╰∠)_给分有点迷
37794,3047,董旭升,2017-05-22 10:32:42,1,2,1,对韩国同学并不是特别友好
39476,3047,董旭升,2016-12-23 04:06:38,4,6,2,其实老师讲的还不错啦 认真听还是能学到一些的 虽然有些作业确实很迷……考试非常简单，几乎全是课件上的内容，自己上课不认真复习不仔细就不要怪老师给分差了吧……
60864,3047,董旭升,2017-11-27 06:30:34,1,2,1,老师上课会有许多案例，考试复习不能局限于ppt，上课讲的内容也非常重要，考题基本是课后复习题，建议老师上课讲过的内容都要复习到，老师并不是最高只会给4.5，总体来说努力过还是有回报的
61416,3047,董旭升,2017-11-16 18:06:28,-4,1,5,这个老师十分苛刻，给学生的平均分不超过70。观点比较偏激，基本就是外国的月亮都是圆的这个意思。沈阳的，人品有些差。
62844,3047,董旭升,2017-11-27 06:35:36,7,9,2,讲课嘴也不张，说话根本听不清，给分巨差，小组作业要求不清楚而且时间紧张，慎选！
62865,3047,董旭升,2017-11-27 07:33:49,3,3,0,给八分，上课还是比较水的，事情有点多，最后考试以ppt为主，但老师的ppt只有大纲，很多在他的讲稿上，所以要认真听啦（假的都是假的），平时成绩一般，最后背了很久4.2（同组有大佬满绩但不是组长）
62867,3047,董旭升,2017-11-27 07:36:16,1,3,2,作业特别特别的多。上课没什么干货。一周两节早课还特别的困。
63268,3047,董旭升,2017-11-29 16:47:02,-1,0,1,没怎么复习，就是上课认真听了听，记了记笔记，给分也不错。没有很考背，基本是理解，很可爱的老师啊。\n\n作业的话，老师要求真的很迷，基本没有什么固定Ddl，基本是你们大家看着点时间交啊就好，不过平时作业还是有点小多
1771,3075,董望,2015-03-24 07:33:16,7,13,6,超帅人超奈斯
7896,3075,董望,2015-09-16 03:54:29,18,25,7,萌萌的shigong
18099,3075,董望,2016-01-21 07:42:30,4,8,4,很棒哟
57050,3075,董望,2017-07-05 09:35:01,2,6,4,老师很萌很棒！教的很好~
57079,3075,董望,2017-07-05 12:38:28,0,6,6,多少付出多少收获，感谢老师，老师教的棒棒哒！
79472,3075,董望,2019-04-04 00:48:45,-21,13,34,讲课不好\n\n超多废话\n\n要求贼高\n\n很没礼貌
80471,3075,董望,2018-06-27 01:52:59,1,11,10,老师很好，说老师没礼貌的那位可能要先考虑一下自己做的好不好吧（也可能太玻璃心啧）
82103,3075,董望,2018-07-14 16:07:38,4,9,5,哇！！！老师太好了8！！
82407,3075,董望,2018-07-08 06:16:01,4,10,6,上课很注重对于学生逻辑思维的培养~是一个很不错很认真的老师，经常推荐好的讲座~
94385,3075,董望,2019-01-16 09:17:57,0,10,10,望望就是满分
114079,3075,董望,2019-07-08 18:19:53,0,15,15,学了和没学一样 不知道在讲点什么 宁愿上成cpa辅导课
114218,3075,董望,2019-07-09 05:33:44,-4,7,11,个人觉得老师讲课知识方面没大问题，但没有讲出审计的精髓，前半部分总论讲的还可以，后半部分针对具体的审计科目就过的很快，有些乱，可能是课时的问题。
138208,3075,董望,2021-07-08 02:33:03,0,5,5,出分前来评价一下：老师很认真，上课有激情 注重逻辑。他确实很好地教授了审计的逻辑。
158520,3075,董望,2022-06-30 02:51:07,8,10,2,课讲得很有逻辑，给分也不错，身兼MPAcc主任、20智财班主任、ZIFA副主任数职，在保研、考研等方面也会给大家提供一手信息和建议，非常可靠的一位老师。\n\n如果连这都不满意，那建议去选隔壁罗关良写审计小作文😀
178560,3075,董望,2023-07-15 04:29:40,13,15,2,ZIFA的副所长，对本科生非常友善，课堂内容很充实，硕士生和博士生是和系里的王老师以及陈老师一起培养，选导师的时候这点别忽略
192474,3075,董望,2024-05-21 11:22:43,8,10,2,老师人挺好的。别教审计学了，这门课大一听听得了，大三纯粹浪费时间。
196479,3075,董望,2024-07-03 17:03:43,0,2,2,给分超好，上课不知所云，不是很建议听，但是给分很好
196500,3075,董望,2024-07-04 00:20:58,6,6,0,老师真的给分好吗？感觉考试都复习到了，结果3.9，哭了，这是很重要的一门课啊
215697,3075,董望,2025-03-04 08:10:41,7,7,0,评分失真，zifa团队的，懂的都懂。跑吧
124562,3106,周玲强,2020-07-06 08:31:06,6,6,0,什么玩意啊
124907,3106,周玲强,2020-07-17 07:31:26,2,2,0,莫名其妙，体验感极差
125722,3106,周玲强,2020-09-13 14:05:16,1,1,0,这老师给分也太差了吧，别的教学班基本都是4以上，到他这上4都难
130160,3106,周玲强,2021-01-18 08:18:53,0,1,1,校外都已院长称呼老师，但实在没让人感觉到大师风范。\n\n第一次上课中规中矩，第二次就教学事故了，直接没出现，其他老师过来救场。\n\n后面三次课程基本上没讲内容，都是请外面的人分享一下，课程水不水暂时不说，老师对待教学的态度基本为零。
137418,3106,周玲强,2021-07-04 05:09:50,0,0,0,感谢老师让我与奖学金保研无望
143382,3106,周玲强,2021-11-24 14:57:16,0,0,0,设计思维真的垃圾，给分烂的一批，上课只会放B站视频
3759,3124,魏江,2015-06-17 03:29:24,-43,15,58,满分用解释？是那种可以不要学分都要来听的课。
32693,3124,魏江,2016-07-09 16:35:41,63,78,15,恕我直言，讲课是种价值观，讲套路很深，但给分不负责，应该反思自己教学哪里有问题
51022,3124,魏江,2017-05-14 05:34:51,-53,6,59,魏江男神！
56717,3124,魏江,2017-07-04 12:22:41,-26,4,30,6666666的感觉
78996,3124,魏江,2018-05-20 00:55:06,-46,5,51,魏江院长好帅！思想很深邃！
79246,3124,魏江,2018-05-28 12:38:02,-27,8,35,商业思维优秀，比起院长，更像企业家。
80681,3124,魏江,2018-06-29 05:35:53,-28,7,35,就像个企业家
86078,3124,魏江,2018-09-04 11:57:06,28,31,3,偏激啊\n\n
86079,3124,魏江,2018-09-04 12:54:42,57,62,5,听了一场讲座，可能认识不全面，恕我直言，感觉对国家形势等方面的认识比较理性，但个人价值观方面近乎于存天理灭人欲的偏激观点真的不敢苟同，吹13方面不输强哥
89569,3124,魏江,2018-11-19 15:28:36,21,21,0,一般般
103485,3124,魏江,2019-06-02 08:56:07,41,45,4,枉然不顾历史背景大谈浙大行政企业人才空缺；论点大于逻辑，思想偏激而无支撑，借用刘欣一句话it’s all emotions and accusations supported with little substance. 和印象相差甚远，吹逼能力不输强哥。还有sexual discrimination
105898,3124,魏江,2019-04-23 02:05:48,42,44,2,过于浮夸了，吹牛大于学术能力，管院本科课程也太水。价值观有些扭曲
106085,3124,魏江,2019-04-25 02:04:43,36,36,0,不喜欢，喜欢吹牛
106171,3124,魏江,2019-04-25 12:02:49,18,18,0,不喜欢
106307,3124,魏江,2019-04-26 09:47:46,24,25,1,套路太多
107617,3124,魏江,2019-05-07 23:01:10,25,27,2,管院为什么要合并那么多专业
107775,3124,魏江,2019-05-09 10:57:22,34,35,1,沽名钓誉
107804,3124,魏江,2019-05-10 01:33:39,16,16,0,没觉得有多神
107858,3124,魏江,2019-05-10 11:21:57,17,18,1,比较骄傲
107876,3124,魏江,2019-05-11 00:17:52,15,15,0,不负责任
107892,3124,魏江,2019-05-11 00:31:18,21,23,2,价值观不太正常
107928,3124,魏江,2019-05-12 01:53:53,16,17,1,无语了。。。。。。
108154,3124,魏江,2019-05-15 16:31:47,50,50,0,谁来管管管院越来越浮躁的风气？？？
108314,3124,魏江,2019-05-21 01:52:59,24,26,2,希特勒也是比较有个人魅力但打着为国家、为真理的名号强奸欧洲扩张权力的呀
108329,3124,魏江,2019-05-21 07:17:40,43,43,0,博士生凭什么不能抑郁？！
108472,3124,魏江,2019-05-26 07:59:28,20,21,1,讲自己的奋斗史，不能沉下心好好讲课，太浮躁
108497,3124,魏江,2019-05-27 03:40:55,18,19,1,套路比理论多
108635,3124,魏江,2019-06-01 04:33:39,32,41,9,毫无疑问一分！搞个入院典礼形式主义，还让同学出节目浪费时间。自己的讲话吹牛浮夸，价值观扭曲，还讲什么会计没用？！这是一个院长该有的样子？
108727,3124,魏江,2019-06-01 04:10:01,87,111,24,要是能给零分早就毫不犹豫了，价值观有问题，大男子主义，功利主义，非常轻浮，把管院管理得乱七八糟的。去年入院典礼说学会计没用，今年又来说如果能取消这个专业早就取消了。你牛逼，人人都去研究股市管控风险了太厉害了。“毕业以后去企业做借贷分录我就跟你断绝母校关系”这种话是院长该说的吗？不停质问新生为什么浙大没有培养出国家领导人为什么不反思一下自己呢？总而言之牛逼了，惹不起。
108730,3124,魏江,2019-06-01 04:08:55,19,20,1,大男子主义直男癌
108745,3124,魏江,2019-06-01 08:25:47,38,41,3,讲话直戳我喷点，直男癌＋大男子主义＋官僚主义＝魏江
108758,3124,魏江,2019-06-01 13:02:36,-38,16,54,其实吧，我也是会计专业的18级本科生，也听了他的讲话。我觉得他的本意还是很好的，希望我们管院学子能够具有以天下为己任的崇高情怀，而不是拘泥于找个工作考个证书。而且，会计专业目前确实在一些领域被人工智能替代了，低端会计是没有前景的，魏江老师也是希望我们会计学的学生要更有压力，打好数理基础，不要满足只做一个“会计”。我问了北大光华的学姐，她也说在北大，会计学的学生很少真正做会计，大多还是进入资本金融分析市场。这是一个趋势。只不过，魏老师讲话听起来确实有点偏激，但这应该更多的是为了演讲的效果，为了能让我们印象更深刻。我觉得他讲的还是对我很有启发的。
115492,3124,魏江,2019-07-28 15:07:15,27,27,0,唱支山歌给党听
116317,3124,魏江,2019-09-08 08:09:43,18,20,2,性别歧视，普通话水平有待提高，全天下唯我独尊
116600,3124,魏江,2019-09-12 02:58:09,20,21,1,价值观极其扭曲
117990,3124,魏江,2019-10-17 16:57:43,26,26,0,自我感觉良好 官瘾大 升官之后当浙大副校长了浙大咋办啊
119117,3124,魏江,2019-11-10 13:01:31,18,21,3,这位老师说实话已经不是为人师表有问题了，作为一个人的基本素养都没有，指着外国留学生当面diss这是一位老师该干的事情吗？
119118,3124,魏江,2019-11-10 13:56:30,13,14,1,无语了
120494,3124,魏江,2019-12-09 08:31:01,25,25,0,我说傻逼魏江有人有疑问吗？管院什么时候换院长？
121220,3124,魏江,2019-12-27 06:02:51,19,19,0,正在听19年新生的专业见面交流会，印象非常糟糕
121357,3124,魏江,2019-12-18 08:16:49,17,17,0,空谈误国！
122647,3124,魏江,2020-03-11 13:36:54,16,18,2,如果可以尽量避开他的课吧，尤其女生，怕被气死
123084,3124,魏江,2020-05-09 01:58:53,18,19,1,假大空
124185,3124,魏江,2020-06-26 16:11:11,15,15,0,没什么干货
124383,3124,魏江,2020-06-30 03:44:59,16,18,2,只会整些有的没的，讲的东西毫无营养，猪脚更是傻逼
124386,3124,魏江,2020-06-30 03:59:44,16,18,2,渣就一个字，我只说一次
124387,3124,魏江,2020-06-30 04:03:16,-23,4,27,挺好的，不错
124390,3124,魏江,2020-06-30 04:40:21,20,23,3,价值观有问题，取向不正确，看不起swot，看不起学生，看不起一切，又没有啥大牛的地方，跟吴晓波至少差10个量级
124401,3124,魏江,2020-06-30 05:53:41,30,30,0,就问一句你是真的懂会计吗？如果仅仅认为会计就是借贷分录和常规的账务处理，我只会觉得你很无知。无知也没有关系，隔行如隔山，但无知又不尊重，坐在这样的位子上还大方厥词，就是你的不对了。——来自启真湖里的王八
124921,3124,魏江,2020-07-21 01:40:51,27,29,2,直男癌，势利小人，斯文败类。
124925,3124,魏江,2020-07-21 03:25:32,24,25,1,管院有这样的院长真悲哀！非常势利且很有权力欲
125010,3124,魏江,2020-08-10 05:24:02,55,62,7,真的是管院最差的院长！\n\n1.本科课程越改越水，以前比较有难度的专业课，中微，计量这些课居然都删掉了，水课占据了百分之90，既没有数理性，也没有思想性。整个本科也就几门数学基础课还有点意义了。就这还自诩为课程改革的典范。。。。\n\n2.喜欢吹牛不务实。入院典礼公开吐槽会计学没用，讲一堆虚头巴脑的东西，与其扯这些有的没的还不如好好改善一下本科教学！\n\n3.学院对学生就业提供的支持太少了！不给帮忙也就罢了，大四居然还故意分散排课阻碍学生实习，脑回路很奇特！！！\n\n\n\n\n\n
133955,3124,魏江,2021-03-10 13:07:36,16,17,1,观点很片面主观性很强 而且非常自大 不知道怎么当上院长的
134798,3124,魏江,2021-04-15 11:45:30,-22,2,24,需要理解他的思维
142143,3124,魏江,2021-11-07 17:43:31,9,10,1,魏江真恶心
142144,3124,魏江,2021-11-07 17:52:40,16,17,1,小人得志
142524,3124,魏江,2021-11-12 15:03:05,9,10,1,此人有毒
144474,3124,魏江,2021-12-21 17:31:20,16,17,1,浙大的耻辱
150645,3124,魏江,2022-02-08 17:41:01,12,13,1,沽名钓誉的势利小人
151232,3124,魏江,2022-02-25 04:41:47,-13,4,17,挺好的 我喜欢
151692,3124,魏江,2022-03-28 14:00:11,14,16,2,性别歧视，自以为是，欺下瞒上，蝈蝻劣根性之集大成者。
153680,3124,魏江,2022-05-07 16:47:42,6,6,0,讲课没什么干货，一直在吹牛，啥都学不到。。。
156146,3124,魏江,2022-06-18 02:44:47,5,5,0,比较偏激
159756,3124,魏江,2022-08-28 12:15:02,6,7,1,大男子主义
159757,3124,魏江,2022-08-28 12:15:50,11,11,0,他知道清朝亡了吗…
159758,3124,魏江,2022-08-28 12:20:40,6,6,0,这都啥跟啥
159759,3124,魏江,2022-08-28 12:23:47,7,8,1,请问这位是原始时代穿越来的吗？已经2022年了。快醒醒吧
159762,3124,魏江,2022-08-28 12:42:53,11,11,0,听了他的讲座，这年头还能听到这种讲座（流汗黄豆）
159763,3124,魏江,2022-08-28 12:43:21,4,5,1,不能理解的三观….大清亡了
159764,3124,魏江,2022-08-28 12:44:16,9,10,1,别犹豫，快跑
159765,3124,魏江,2022-08-28 12:50:30,4,5,1,清朝哥哥
159766,3124,魏江,2022-08-28 12:54:24,0,1,1,《讲座名师》我听得太认真了…
159767,3124,魏江,2022-08-28 12:59:05,4,5,1,qnm
159768,3124,魏江,2022-08-28 13:32:46,1,7,6,价值观真的不正确，吹马斯克是企业家和科学家为一身的伟大人物，吹乌克兰人民是坚强的人民，真无语了
160815,3124,魏江,2022-10-13 17:16:31,6,8,2,之前有一段时间内各地高校接连有好几位研究生同学想不开ZS的，媒体上沸沸扬扬。听说其竟然在组会上对这些不幸的同学言语轻浮不敬，用这些事来对自己的学生进行“敲打”，足以说明其缺乏最基本的做人素质。
164891,3124,魏江,2022-12-27 10:22:09,4,4,0,垃圾东西
172757,3124,魏江,2023-05-06 07:48:05,6,7,1,喊女生站起来问她三围，问大家她好不好看？？？？？你大男子主义沽名钓誉拿你没办法，你要是敢性骚扰？？
173501,3124,魏江,2023-05-26 12:21:04,3,3,0,乐色老师
173504,3124,魏江,2023-05-26 13:33:01,3,3,0,当了副校长浙大咋办啊 救命 下头男
174370,3124,魏江,2023-06-11 04:45:06,5,7,2,怎么还没有收敛于1😅集我对中年蝻的刻板印象于一身
181779,3124,魏江,2023-10-31 11:29:43,9,9,0,终于走了 感动
193919,3124,魏江,2024-06-20 18:01:34,9,10,1,女朋友浙财的，听说调到浙财当校长后净整些诸如教考分离的花活，快被骂死了🤣
197334,3124,魏江,2024-07-11 03:37:21,3,3,0,听同期实习同事（浙财）的说，你去他们学校天天开音乐节😂
202594,3124,魏江,2024-11-13 08:49:15,2,2,0,可怕很凶
205518,3124,魏江,2024-12-08 12:18:15,-5,1,6,烂博配烂导
216078,3124,魏江,2025-03-10 08:12:11,4,4,0,SB胃浆，请滚回浙大
216080,3124,魏江,2025-03-10 08:18:02,3,3,0,一坨10
216082,3124,魏江,2025-03-10 08:42:31,1,1,0,。。。
216121,3124,魏江,2025-03-10 17:25:26,0,0,0,td，能不能滚回去
216149,3124,魏江,2025-03-11 04:46:02,1,1,0,求撞大运🙏
12465,3127,范晓屏,2015-12-23 10:43:21,-1,1,2,有点水.
15896,3127,范晓屏,2016-01-16 14:09:26,2,3,1,老师超棒！推荐
19359,3127,范晓屏,2016-01-24 02:55:47,1,2,1,很少点名 上次因为人太少了才点 作业量还好 关键是老师水平很高 听他的课是种享受
21111,3127,范晓屏,2016-02-17 15:27:54,1,1,0,偶尔点名 讲课很多事例信手拈来 很有收获 给分好
21959,3127,范晓屏,2016-03-02 02:23:03,0,1,1,老师和蔼博学
51,3136,张忠根,2015-03-14 15:32:40,22,39,17,上课不错，但是给分及其坑爹。不要想他帮你拉风，他的原则是，期末考低平时分也低。。不看你的平时作业。。期末考就是一切
52,3136,张忠根,2015-03-14 15:32:40,1,1,0,上课不错，但是给分及其坑爹。不要想他帮你拉风，他的原则是，期末考低平时分也低。。不看你的平时作业。。期末考就是一切
2086,3136,张忠根,2015-04-01 08:59:39,0,1,1,讲的不错 压根没有平时作业也不点名\n\n
9415,3136,张忠根,2015-10-26 13:35:40,1,4,3,老爷爷真的讲的超好！分数和期末成绩挂钩。不管得分如何，听他的课能真正的听懂 。
13868,3136,张忠根,2016-01-01 10:55:57,5,6,1,坑啊啊啊啊啊
16927,3136,张忠根,2016-01-23 09:02:57,0,2,2,好好好\n\n
19010,3136,张忠根,2016-01-23 03:46:23,8,8,0,讲得好但给分差
19032,3136,张忠根,2016-01-23 05:47:39,4,7,3,讲的是不错。。可是你绩点想上3.5都不要选他。真的。不骗你。
19110,3136,张忠根,2016-01-23 09:19:36,4,5,1,老师讲得好，上课认真听了~但是给分不好…挺伤心，有时给分也不是自己能决定的
19422,3136,张忠根,2016-01-24 07:42:22,2,3,1,上课还行，给分坑
20146,3136,张忠根,2016-01-26 08:39:30,7,8,1,上课讲的不错，但是给分超级超级坑爹！绝对的绩杀！！！！！！
32889,3136,张忠根,2016-07-23 11:23:47,2,9,7,每天打游戏的室友，另一个老师的，期末随便学学89，我辛辛苦苦听了一学期每节课都听得很认真，期末认真复习，最后90。从给分上，这个老师很坑，从教学上，我很喜欢这个老师。本学期最认真的一门课，90真的不算高。
40392,3136,张忠根,2017-01-03 06:48:31,9,10,1,诶 觉得老师讲得真心好 但是评分不高 到底给分是有多严格啊 突然有点害怕?
49163,3136,张忠根,2019-01-24 06:50:53,0,5,5,真的给分很差。care gpa的真不要选他。
59714,3136,张忠根,2017-09-26 06:07:50,1,3,2,老师讲课干货多多，又有条理，他说以后给分会变好，谁知道呢，我是来听课的不是来要求一定给分好的
70200,3136,张忠根,2018-01-26 08:29:44,-4,3,7,果然老师给分不怎么好，都没上90。sad.但是老师讲的超好，很喜欢
70205,3136,张忠根,2018-01-26 08:40:20,6,7,1,老师上课很棒，平时上课好好听，最后也好好复习了，绩点也还可以，老师也不是绩杀啦，主要看自己努力
70224,3136,张忠根,2018-01-26 09:05:03,1,4,3,农业经济学，不是绩杀。上课超轻松，没有作业，不点名，期末一篇5000论文，开卷考试，而且出卷子很良心，说最后30分论述题是没有得照抄的，结果有一题十分是课件上有的……然而我却不知道……有点心痛哈哈，最后4.8。嗯，老爷爷上课还是挺好的我个人觉得～～
70674,3136,张忠根,2018-09-17 05:05:10,1,2,1,讲课真心不错，但绩点几乎只看考试。
71775,3136,张忠根,2018-01-29 03:00:31,-6,10,16,很有学识的老爷爷，上课很稳，会讲很多干货，举的例子也很贴近实际了。给分也没用很坑吧，我一个工科狗突击了两天都有4.5...
72254,3136,张忠根,2018-01-29 15:57:55,4,5,1,讲得很清楚，张老师人也很慈祥很可爱。翘了一堆课，考前看了三个小时，考完感觉要挂了，最后居然有3，感到得不行。
86543,3136,张忠根,2018-09-17 06:17:49,-2,1,3,好啊好啊，快乐工科生
90799,3136,张忠根,2018-11-26 06:47:44,3,4,1,老师真的很好，讲课讲得很好，ppt做的很细致
94442,3136,张忠根,2019-01-16 12:58:49,2,2,0,考的不理想，有点对不起老师，还是没复习到位
99020,3136,张忠根,2019-01-24 07:08:34,-3,3,6,老师讲得很好呀，人也很好，事情很少，给分也很好呀?速成4.8hh
99032,3136,张忠根,2019-01-24 07:24:17,5,7,2,给分没有评论里说的那么可怕。。。
99053,3136,张忠根,2019-01-24 07:56:58,5,7,2,认真学给分挺好的呀，事情也很少。主要讲的很清楚很有条理，教材上很多写的不清楚的地方，老师都会说，赞！
99057,3136,张忠根,2019-01-24 08:01:14,4,7,3,给分差？没作业完全可以速成的课考砸了怪谁？上课听了考前看下ppt做几张卷子就够了，复习马原还要做题库呢。也许你没怎么花时间也能考好，但只要花了时间就肯定不会差。\n\n还是说大佬们没有4+就算差，那你nb行了吧。
99135,3136,张忠根,2019-01-24 10:03:10,0,1,1,理科生，我觉得快落（卡绩QAQ）
99137,3136,张忠根,2019-01-24 10:06:20,5,6,1,老师上课真的很好  但是自己没有好好学习  速成考的也不理想只能怪自己  老师给分很好  谢谢老师不挂之恩
99258,3136,张忠根,2019-01-24 13:50:08,-5,2,7,绝对是绩杀，1.5，绩点狂掉
99277,3136,张忠根,2019-01-24 14:12:08,1,3,2,我觉着老师还好啊 讲课真的棒\n\n期末考试和成绩挂钩也没什么不对\n\n自己回去也要认真看课件看ppt的\n\n认真听老师得上课上四了\n\n感觉蛮看个人课后功夫的
99779,3136,张忠根,2019-01-25 07:12:55,-11,4,15,老师讲课超好，听听很有意思哒！但是成绩还是要看究竟掌握了多少吧，只要考试没问题不会低的。基本上看几天书刷几套卷子也就差不多了，说绩杀的？？？不懂。可能其他老师给分更好一些？\n\n我出考场的时候以为自己要满了结果只有4.8也不知道错了哪里kkk不过我论文也没有很认真写。所以不绩杀啊……？
121004,3136,张忠根,2020-01-19 08:29:05,5,6,1,给分极其差！
121080,3136,张忠根,2020-01-19 13:14:06,3,4,1,给分太差了！不知道挂了多少人。千万千万不要选，血泪教训，没地方哭。
121088,3136,张忠根,2020-01-19 14:07:52,4,5,1,给分太差了，挂了太多人。虽然讲课挺好，但像这种课还是靠自己，老师讲课作用不是很大，所以还是慎选zzg。
122026,3136,张忠根,2020-02-02 02:31:18,0,5,5,讲课超级超级水，不负责任的样子，但是完全不点名.....可以划水。总体蛮烂了🙂
122148,3136,张忠根,2020-02-17 10:34:57,1,3,2,这个老师就是给分很差，会挂人，我现在后悔死了
123850,3136,张忠根,2020-06-15 03:32:43,0,0,0,老师讲课很好，很清楚，有自己的逻辑。但是给分真的……考多少给多少，创下了大学以来最低🐔点。
128828,3136,张忠根,2020-12-25 15:44:02,4,4,0,给分极其差 真的极其差 老师还是可以的 但是给分太伤了
150657,3136,张忠根,2022-02-10 06:37:35,1,1,0,其实给分还不错吧，没有下面说的那么恐怖。讲课也还行，不过有点找不到重点的感觉。
157876,3136,张忠根,2022-06-25 09:28:38,3,3,0,农业经济学后一半是林雯老师上课，给分不好
11840,3158,王颂,2017-06-07 02:12:42,11,20,9,态度好，但是缺乏授课经验，课程节奏不太好，尤其是知识讲解的衔接；气氛不活跃，音量较小；只进行小范围交流，容易失去听众。
19841,3158,王颂,2016-01-25 11:19:26,3,6,3,不咋地。
20701,3158,王颂,2016-01-30 03:22:14,1,4,3,上课气氛沉闷，缺乏经验
24261,3158,王颂,2016-04-29 03:41:52,0,3,3,我上的是创业管理，我觉得课程组织挺有心的，感觉考核和教学内容不贴合。
41254,3158,王颂,2017-01-10 08:49:33,-1,3,4,女神老师！
43522,3158,王颂,2017-01-16 12:13:53,2,6,4,老师讲课比较学术，符合女博士的身份，可能有趣程度弱了一点
59239,3158,王颂,2017-09-20 10:37:49,0,4,4,创业管理不让大一大二和其他专业的人选啊。。好难过\n\n不过老师真的是年轻漂亮！
60106,3158,王颂,2017-10-10 10:54:44,4,10,6,优点：\n\n1.课程内容比较学术化，注重学术研究方法，可以看得出自己学术水平比较扎实\n\n2.案例新颖，能够了解到国外和时下国内相关方向的前沿\n\n3.人好，给分比较良心，对学生nice，创业资源人脉蛮丰富\n\n\n\n缺点：\n\n1.课堂节奏有点紧凑，脑子要切换的勤。。\n\n2.有点女博士的生硬， 不幽默
61855,3158,王颂,2017-11-21 09:06:09,0,4,4,像杨澜，很温文尔雅也很厉害也很漂亮
62504,3158,王颂,2018-04-11 04:20:03,-7,8,15,课上的差就算了，给分还莫名其妙。慎选。
70750,3158,王颂,2018-01-27 13:05:08,0,3,3,贼好，梦想成为老师这样的人
76488,3158,王颂,2018-04-11 04:21:56,4,7,3,很负责任
103566,3158,王颂,2019-03-01 07:22:46,3,7,4,长的是好看。
124650,3158,王颂,2020-07-05 03:28:14,4,10,6,绝对好老师啊，课讲的好，人超级超级温柔很爱学生，作业量不多很合理，给分也是尽可能给很高了。主要人还超级美！！！额永远滴神！！
125161,3158,王颂,2020-09-02 12:18:51,0,3,3,挺好的，给分也不错
135548,3158,王颂,2021-05-13 07:15:43,4,5,1,可能是个人对领导力开发没什么兴趣，导致分数也不是很高，个人觉得王老师无功无过吧
167552,3158,王颂,2023-01-17 09:01:44,0,1,1,老师人很开朗，能听进去意见，关心学生，给分也还挺好的，是个好老师
167920,3158,王颂,2023-01-20 09:11:01,-3,2,5,学术get
173427,3158,王颂,2023-06-05 00:13:16,11,13,2,周末让小组凌晨一点访谈mba学员，第二天还有早八，你还骄傲了是吧
181811,3158,王颂,2023-11-01 08:25:12,6,6,0,呃呃呃，就这样啊吧，上课真的没啥好听的，很水的一门课，😅喜欢标榜自己很温柔，喜欢点学生名字回答问题来提醒不要开小差
181952,3158,王颂,2023-11-06 09:45:25,4,4,0,事情太多了，要做活动，做项目回顾，做商业计划书，PPT路演。短短两三个星期根本来不及。老师上课人脸识别，记人名，来没来一目了然。作为一门学分不高，短学期的课程，课程作业实在太过繁琐，要求高，让我重来一次一定退了预置换个老师。
183691,3158,王颂,2023-11-28 16:03:16,0,1,1,领导力开发\n\n我感觉老师非常有学识 但是！上老师的课有点压力 还有别坐后排 会点你回答问题 而且作业挺麻烦且难度大 需要访谈企业家balabala的 但是确实可以学到东西 看自己的学习要求来决定选不选这门课 反正不是轻松的水课
191134,3158,王颂,2024-04-07 16:58:51,8,8,0,蛮喜欢pua学生的一位老师，很强势。
196277,3158,王颂,2024-07-02 20:03:38,2,2,0,很强势很学术
198103,3158,王颂,2024-08-30 12:58:04,4,5,1,真的情绪很不稳定，超级喜欢阴阳别人，当面一套背面一套，真离谱…..
198105,3158,王颂,2024-08-30 13:03:21,4,4,0,呵呵，真不知道怎么进浙大教书的，pua学生，基本的师德有没有？请学校有关部门注意一下！\n\n上她的课可以，千万不要跟她做研究，真的是人前人后完全两样！一旦她对你有任何一点点的权力，她一定会把你剥削的一干二净！
201888,3158,王颂,2024-11-07 07:57:17,1,1,0,给分标准独特
218105,3158,王颂,2025-04-21 05:55:09,2,2,0,上老师的课总给我一种粘滞感\n\n知识体系有点混乱，上课没有生气，有点无聊\n\n但会有很多事，对有意愿的同学会有很大帮助
26632,3186,韩洪灵,2019-05-16 02:58:47,4,14,10,黑色幽默……课很轻松，有趣。\n\n
48133,3186,韩洪灵,2017-02-28 16:23:21,-4,1,5,讲得很好
63291,3186,韩洪灵,2017-11-30 06:24:38,-4,1,5,给分蜜汁好，上课也非常能够开阔眼界
91085,3186,韩洪灵,2018-11-29 23:09:46,5,6,1,上了一学期的课感觉还在讲绪论，考核方式不透明不会管理的老师sigh
151571,3186,韩洪灵,2022-03-08 05:57:05,13,14,1,老提问
171298,3186,韩洪灵,2023-03-21 06:46:07,3,3,0,压力有点大
171354,3186,韩洪灵,2023-03-28 06:00:54,4,4,0,作业都布置不明白
171355,3186,韩洪灵,2023-03-22 09:16:58,3,3,0,喜欢为难学生
171356,3186,韩洪灵,2023-03-22 09:17:53,8,8,0,阴阳大师，作业还多
180281,3186,韩洪灵,2023-09-21 02:57:07,-4,0,4,第一次上课发超大红包！！！
190200,3186,韩洪灵,2024-02-25 09:06:26,5,5,0,最后一门在教室上课的课给我一个暴击，没见过这么低的成绩。。。
199773,3186,韩洪灵,2024-09-29 12:21:05,7,7,0,对作业量无概念，要求一天内看四篇英文文献做ppt抽人展示；上课喜欢问人名、缩写等等无意义刁难学生的问题；建了微信群因为没人发言开始阴阳怪气——或许是学术大咖但真的不适合给本科生上课
204015,3186,韩洪灵,2024-11-23 04:25:25,3,3,0,讲课没逻辑 喜欢阴阳怪气还要讨红包 讨咖啡 讨咖啡喝还要挑贵的喝 经常发些莫名其妙的照片视频 很空虚的样子
218195,3186,韩洪灵,2025-04-22 03:26:39,1,1,0,赶紧跑，别回头 hh0分
16290,3202,邹益民,2016-01-17 18:24:53,0,2,2,良心老师，案例分析很多，拓展思路，还给留学生单独出卷简化问题，给分还行普遍4.3，但不会好像太高
17042,3202,邹益民,2016-01-19 13:44:33,0,0,0,好老师！
33551,3202,邹益民,2017-01-15 09:25:41,-3,1,4,良心老师，考试略坑不过给分不错
33553,3202,邹益民,2016-09-20 05:05:02,0,0,0,老师很帅 很有风度  感觉很棒
34996,3202,邹益民,2016-10-28 12:43:02,0,0,0,谁给我一个邹老师的电话啊，谢谢同学们
43133,3202,邹益民,2017-01-16 00:19:59,1,1,0,老师人很好，课程的任务量也不大，给分略一般吧......真的一般.....也能理解，讲得好又给分好的老师太少，不能要求那么多.....
57303,3276,陆文聪,2017-07-06 13:51:02,0,0,0,非常好
69611,3276,陆文聪,2018-01-25 05:26:20,2,2,0,陆老师上课很认真，一般的时间用来鼓励学生提问，他回答问题并让大家讨论，很有收获。考试正常，给分一般。
102720,3276,陆文聪,2019-02-22 03:36:15,0,0,0,只上过农经茅锐老师和陆文聪老师的课，都是男神♪～(´ε｀　)
138826,3276,陆文聪,2021-07-11 05:32:09,0,0,0,老师真的很棒，刚开始可能有点凶，但还是很善良很有耐心，会很认真严格地做学术，也会讲很多学术前沿的东西，会点名，期末作业是一个大论文，好好写呀～
857,3300,罗关良,2015-03-18 02:10:13,16,31,15,口音好重，然后分数大家也都看到了。当年一门会计奖学金拖了两个档次。
14652,3300,罗关良,2016-01-08 05:49:54,-1,3,4,啊啊啊
17252,3300,罗关良,2016-01-20 02:42:00,3,9,6,考试和上课不是同一种东西
17257,3300,罗关良,2016-01-20 02:47:04,26,35,9,大写的烂
17262,3300,罗关良,2016-01-20 02:56:16,-2,4,6,shi
20672,3300,罗关良,2016-01-29 14:52:42,1,7,6,可怕orz
27347,3300,罗关良,2016-11-08 11:07:58,1,7,6,还好吧
28709,3300,罗关良,2016-06-28 12:42:35,-2,1,3,哈哈哈
29292,3300,罗关良,2016-06-29 14:34:11,0,14,14,罗老师萌哒哒的，叫人上黑板做题还会暗搓搓的提醒，最喜欢举他大姑的同事家的远方亲戚的二女儿等等例子……有一学期听说罗老师因为生病停止开课感觉好难过，不过现在有重新开课了?反是个好事情o>_<o
30673,3300,罗关良,2016-07-08 14:02:55,19,25,6,mdzz
32562,3300,罗关良,2016-07-08 00:17:15,16,22,6,从未有过的教学这么糟糕还不负责任的老师。唯一交上去的一次作业也不了了之，课件不知道是几年前的，会计准则都已经改了的地方，他居然还按老的在讲。25号上午考试，到8号都没出分（一共才60个人好吧）。贯穿整个考场的手机铃啊！天哪！造了什么孽选了这个老师
32599,3300,罗关良,2016-07-26 01:43:09,10,15,5,善待自己，换个老师吧！
32647,3300,罗关良,2016-07-08 14:59:28,4,10,6,选课要谨慎 课不行还可以下学期在学 要好好对待自己的GPA 别和我学 再见
32651,3300,罗关良,2016-07-08 15:24:57,8,14,6,上课不咋地。感觉这老师从来不备课的。就自己随便扯扯。然而给分还行。全靠自学啊！！！
32653,3300,罗关良,2016-07-08 16:20:13,1,6,5,上的真不咋样 但自己认真学了 给分也还行
32890,3300,罗关良,2016-07-24 02:41:43,-3,9,12,自己不认真学别怪老师好吗，出卷子和别的老师比已经很仁慈了。怪给分的，你们自己平时学的是什么东西。
34338,3300,罗关良,2016-10-04 08:14:41,1,4,3,不错哦
41225,3300,罗关良,2017-01-10 06:05:25,8,28,20,为什么都在骂罗老师…罗老师还蛮好的…
41520,3300,罗关良,2017-01-21 06:34:42,2,5,3,。。。
42972,3300,罗关良,2017-01-15 14:15:15,5,8,3,考试前会复习，讲重点，平时认真学的应该不会差
46235,3300,罗关良,2017-01-21 04:24:38,-7,2,9,老师课上的不太好，人比较和蔼，一个学期没去上过课被点了两次名，期末自我感觉考的很好然而4.2，大概是没去上课被调低了吧。总之还行吧，还是慎选
46305,3300,罗关良,2017-01-21 07:35:12,2,13,11,老师很和善，每次都去，也认真听讲，卷子跟其他老师比难度不大，最后满了，感谢老师，比心。
46331,3300,罗关良,2017-01-21 08:43:11,0,5,5,感觉老师人蛮好的，可能不是很现代化，但讲的很清楚啊
46668,3300,罗关良,2017-01-22 06:05:24,0,6,6,还好吧，没有别人说的那么糟糕
47256,3300,罗关良,2017-01-25 02:36:10,1,14,13,辣鸡老师，毁我青春！上课大写的烂，还经常讲错题，感觉也不备课的！最后要考试了还要讲新课！给全班说好考试会给的税率，结果考试的时候不给了！！！卷子出得和课上的重点完全不一样，像是在故意为难学生！为什么会有这种老师！！！
48483,3300,罗关良,2017-03-06 03:08:49,-4,5,9,觉得老师特别好啊，关键还是自己吧，老师挺不错的，学不好的应该在自己身上找原因吧h h h
56705,3300,罗关良,2017-07-04 10:24:42,5,6,1,会计除了那两位都是急刹这话果然不假
56737,3300,罗关良,2017-07-04 13:10:34,4,6,2,差评，试卷做的挺顺手的，分数居然这么低，低的不可思议！！！
74079,3300,罗关良,2018-02-05 02:08:24,4,6,2,给分差哦晕 试卷跟上课无关
74080,3300,罗关良,2018-02-05 02:09:00,6,9,3,上课时间本来就不够为什么还要一个个叫同学上去写啊？新政策出来了PPT为什么就不能好好改一改啊？卷子做的得挺顺手的这给分是怎么回事啊？
74081,3300,罗关良,2018-02-05 02:11:52,8,8,0,给分好差啊呜呜！
74089,3300,罗关良,2018-02-05 04:02:46,10,18,8,嗯 上课会抽同学上去解题目 有一点点名的性质吧 上去写题目没什么问题...就是觉得自己都不会很慌啊...老师上课 说实话有点乱 感觉老师资历蛮深 但是不能把他的税法观念很好地传递给我们（或者自己也有点乱？）期末考得都是很基础的点 写下来是很顺手 有学姐半个小时就交卷了.... 但是也有一些很重要的居然不考？出口退税不考？？？我以为这个必考？？？期末给分比赵静姐姐好....
85439,3300,罗关良,2018-07-18 01:10:19,1,5,4,不明白为什么这么多骂老师的，我觉得老师挺好的，卷子也没其他老师难，上课认真听完全没问题
87958,3300,罗关良,2018-10-18 14:39:36,7,7,0,能不能好好给分，碰到这么一个给分毫无标准可言的老师，还必修课，没有其他老师可选择，微笑...
94314,3300,罗关良,2019-01-16 06:17:16,4,7,3,体验极差
94777,3300,罗关良,2019-01-18 06:03:24,13,15,2,试卷太难，根本不像考前所说的那么基础
96410,3300,罗关良,2019-01-21 04:51:52,32,33,1,虽然没出成绩，忍不住评论。1.ppt和作业里面的错误或者说是不准确、不统一的东西实在太多。保证知识的正确性和统一性难道不是一门课程的基本要求吗？真的是体验极差。2.考试考的东西以及平时作业的部分题目与课堂讲授内容高度不相关，平时认真学了复习了好像帮助并不会特别大。这难道就是传说中的 真·自学？3.可能是个人的一点问题，觉得老师讲课节奏太慢了，而且自己可能也有没有记住的地方。
100904,3300,罗关良,2019-01-27 05:37:39,21,26,5,极其傻逼 问问题得不到解答 考试故意出莫名其妙的考点 上课和考试不一致 贵财会系这么缺人了吗 能不能有一个正常一点的老师教税法
100908,3300,罗关良,2019-01-27 05:50:13,13,19,6,是真的很垃圾
100946,3300,罗关良,2019-01-27 07:30:18,-35,5,40,我觉得税法这种东西是真真正正需要自己细心好好学的...前面有同学说过ppt或者课后题有错确实是个问题，但是被给分不好的同学摸着良心你们真的好好学了吗!
101136,3300,罗关良,2019-01-27 15:39:22,30,35,5,很想怼楼上那个说给分不好就是没好好学的，我不觉得自己学的有多认真，但至少希望老师可以传授我们正确的东西，而且给分可以与我们的努力程度正相关，这不是很过分吧。您又看不到我们的努力程度，又有什么资格说我们没有努力？
101198,3300,罗关良,2019-01-28 01:55:08,9,9,0,强烈要求下课！！
104749,3300,罗关良,2019-03-27 04:19:37,2,3,1,日常拖堂，我不要吃饭的? ¿
111610,3300,罗关良,2019-07-02 06:51:26,1,2,1,老师上课挺有意思的啊.....（出分前评论一波免得分数影响评价）
114237,3300,罗关良,2019-07-09 08:08:40,12,16,4,母亲去世的那天上完课再赶回去\n\n凭这点给10分
114858,3300,罗关良,2019-07-12 04:49:14,2,3,1,老师挺好的
116905,3300,罗关良,2019-09-17 06:38:51,3,6,3,我觉得老师挺好的！不理解为啥这么多喷老师的，现在期末试卷都是统一出的，老师改卷也比较宽松，解答问题也很耐心，很和蔼，也很努力与时俱进了！我是外专业的，期末绩点还是很好！
118075,3300,罗关良,2019-10-20 10:32:00,1,2,1,。。z
124665,3300,罗关良,2020-07-05 10:05:49,4,6,2,老师人很好的，给分也挺不错的，也很佛系，基本上就是没作业也不用交，这点比zhk省事多了真的...老师不错！
137362,3300,罗关良,2021-07-03 12:41:05,8,9,1,选课的人很少，老师节奏很慢，讲课没有重点，看到哪随便一提在最后一节课会赶完课程，慎选，快逃
137401,3300,罗关良,2021-07-04 02:15:07,13,13,0,复习他的审计学中，懵。\n\n平时讲课随心所欲；看ppt复习云里雾里，前后内容甚至有重复或者说术语不一致的地方，而且期末究竟考什么也不知道。\n\n希望出分之后能分数好看一点吧，要不我真是无力吐槽
139695,3300,罗关良,2021-07-20 07:27:07,0,2,2,历史车轮滚滚向前——中西方审计门派之争，罗老师的时代荣光不再。
143617,3300,罗关良,2021-11-29 03:45:52,-14,1,15,4.5有手就行，好好学习，少点抱怨
147908,3300,罗关良,2022-01-11 06:49:13,7,7,0,复习税法来评价一波，ppt和作业答案里都有错，真是学的云里雾里
150322,3300,罗关良,2022-01-22 10:48:34,3,3,0,给分有点差啊
150323,3300,罗关良,2022-01-22 10:55:54,1,1,0,给分也不咋地啊..可惜税法只有他一个老师
150336,3300,罗关良,2022-01-22 17:45:04,-2,1,3,税法，给分还行吧，但是PPT是真的不太行。期末考试基本是四套练习题里面的原题，改了几个数字而已，认真对待成绩不会差。
150458,3300,罗关良,2022-01-25 15:17:00,1,2,1,考试好多作业原题，怪自己有些没有完全搞懂，原题还不能完全做对emm给分我觉得还好吧，虽然不是很高，但认真学肯定不会差的！不过无法理解的是，为什么钉钉问老师问题总是已读不回，复习的时候用了好多疑问，尤其是课件和作业答案还有错误的地方...
150926,3300,罗关良,2022-02-21 06:06:25,5,5,0,我2.7学的还算认真。不理解 可能是我菜菜
154923,3300,罗关良,2022-06-07 02:16:39,1,1,0,讲得很烂，没有节奏，最后两节课完全是赶进度！！！上课口语真的很严重！！！外省人听着是真的难受！\n\n避雷避雷避雷！
158600,3300,罗关良,2022-06-30 14:07:16,-5,2,7,老师上课有点拖沓，但是最后给分还不戳，只要把老师提过的复习题都弄懂就没问题哒
164837,3300,罗关良,2022-12-26 14:15:47,6,7,1,上的税法，目前在复习阶段，先来评价一波。上课姑且不说了，比较平淡，不是罪过；罪过的是税法作为一门细节极多的课程，每一个算式与数字都需要有严密的逻辑推理，而老师的习题答案或者上课演算常常出错，实在是与税法这门课有极大的矛盾对冲，我并不认为这是一位浙大老师对学术的严谨的态度，以上。
166116,3300,罗关良,2023-01-11 07:06:48,0,0,0,靠，只希望老师狠狠捞了TT
167495,3300,罗关良,2023-01-16 16:13:13,10,10,0,ppt出错 作业答案出错 上课算不清楚 美其名曰让同学动手锻炼。群里问题也不回答，学习过程很痛苦，建议早退休
167498,3300,罗关良,2023-01-16 16:23:44,12,12,0,分数出来人傻了……
167503,3300,罗关良,2023-01-16 19:37:47,13,13,0,管院那么多财会老师真的没有一个可以教税法吗？\n\n让这种老油条混子祸害一届又一届的学生？
167513,3300,罗关良,2023-01-17 02:31:37,13,15,2,以前税法好像可以看大作业，但是今年大作业用处没有特别大，大题目和大作业一样的部分，直接没公布答案...\n\n感觉ppt内容更多是税法，税务筹划没讲很多，但是考试好像很多都在税务筹划...\n\n总之挺无语的，但是又避不开...希望能有新老师开税法
167523,3300,罗关良,2023-01-17 03:45:03,15,15,0,我从没看过这种老师。上课讲题讲不清楚；无论是群里问问题还是私戳半天不回，或者干脆不回；自己讲的内容前后矛盾，ppt内容错误百出，极不负责任；打分贼迷，我感觉我都没有什么很不确定的，写了很多过程，好多连原理都写在上面，难道是完全不给过程分吗？就这么对同学不负责任？大三了绩点很重要啊，给出来一大堆无法理解的分数真的是学生的错吗？\n\n管院有你这样的老师真是悲哀
167538,3300,罗关良,2023-01-17 06:07:36,8,8,0,想去教务处举报一波，从没见过这么离谱的老师
167549,3300,罗关良,2023-01-17 08:57:39,16,16,0,太失望了，为什么那么多好的财会老师没人讲这门课，真的没有人上我们可以去跟经济学院甚至法学院一起上，还不如自己看书，只讲税法却考了一堆税务筹划，无语……真不用拿lgl这种老师上课敷衍，答案ppt一堆错，不会答疑，给分极差的老师恶心会计学子，只能说这个学期太惨了，疫情下大家都阳了不说，前有zj中财，后有cl管理哲学，这还有个lgl。你那些莫名其妙2.几分的绩点，让想保研的出国的同学怎么办，想问你具体卷面分数多少也不回
167553,3300,罗关良,2023-01-17 09:15:11,6,6,0,PPT和作业错误很多，让同学在群里问问题但是不答疑，只能靠同学自发互助答疑。讲课的内容集中在税法部分，但是考试有很多税务筹划的部分，希望以后学弟学妹们的课程能够有所改进别这样了。如果这门课一定要是必修，真的希望能给管理学院的同学们选择经济学院开设的课程。
167560,3300,罗关良,2023-01-17 10:22:16,9,9,0,这老师上课离谱给分更离谱
167561,3300,罗关良,2023-01-17 10:21:35,8,8,0,垃圾老师
167602,3300,罗关良,2023-01-17 14:54:22,7,7,0,这种分数打出来你睡不睡得着啊🤗
168202,3300,罗关良,2023-02-02 03:45:03,3,3,0,他什么时候能退休啊？！消息不回、给分瞎给、上课讲不清楚，真无语了
169356,3300,罗关良,2023-02-25 14:37:09,7,7,0,作业的计算题老师自己不会做，期末给分非常离谱，就仿佛半张卷子没写的低分。钉钉问期末卷面分，从1月到现在一直未读。真不理解怎么敢吹自己税法教的很好的。麻烦至少给个回复吧。。。。。。。。。。。
170748,3300,罗关良,2023-03-09 04:57:07,2,2,0,天雷，给分奇低，还有职业歧视
176277,3300,罗关良,2023-06-28 08:29:13,0,0,0,考前来让评分收敛于1，纯纯sb，上他的课就是浪费生命，这种老油条早该下岗
178322,3300,罗关良,2023-07-10 04:22:19,2,3,1,给分非常低 非常差 税法和审计学都只有3.6，主修被拉低了0.05
178860,3300,罗关良,2023-07-26 09:13:11,1,1,0,会计学给分极差，不点名，无平时分来源，快跑。。
178874,3300,罗关良,2023-07-27 01:29:23,2,2,0,从23冬开始税法就换人啦。是管院新来的吴怡老师，因为新老师还没注册，所以下学期借用lgl的名字代理。但愿这个老师会好一些吧
45614,3316,陈火根,2017-01-24 00:42:26,-2,2,4,Fireroot很萌的
65737,3316,陈火根,2018-01-08 15:40:22,2,2,0,谜一般的体验
66278,3316,陈火根,2018-01-14 13:52:34,-3,0,3,根老师牛逼
70239,3316,陈火根,2018-01-26 09:23:37,5,6,1,计网没有学到很多东西，老师的课件还是上个世纪制作的，上课讲的内容感觉也不够系统和清楚，建议自己找其他资源学习
75493,3316,陈火根,2018-03-12 11:54:21,-4,0,4,不了解
101305,3316,陈火根,2019-01-28 03:55:53,2,2,0,感觉和老师不是一个思路的，上课很迷，内容超多，给分巨差，强烈要求剔除信管的专业课！
101306,3316,陈火根,2019-01-28 04:18:34,2,3,1,上课很迷完全不知道提问的时候他想问什么，这课和信管专业同学有半毛钱关系吗，这么多内容冬学期上完完全消化不清楚。考试：名词解释，填空题，简答题。
101309,3316,陈火根,2019-01-28 03:56:38,3,3,0,迷之体验，强烈要求这门课从信管专业课中剔除。。上世纪的ppt，上课也迷，作业也迷，考试内容还贼多，一个冬学期16章ppt，给分还差，信管的学弟学妹以后要小心！然后外专业的就千万不要选了！！
134275,3316,陈火根,2021-03-22 13:14:13,1,2,1,很水，老师没有认真治学，ppt东拼西凑、案例网上贴的；上课没有逻辑、粗暴打断学生发言。
134426,3316,陈火根,2021-03-28 05:57:31,1,1,0,不能更多给分了。 \n\n谁上谁知道...那个酸爽。一本正经的胡扯，一点干货没有。
134427,3316,陈火根,2021-03-28 05:59:05,1,1,0,课件东拼西凑、知识点上个世纪。管院别让这位老师浪费大家时间了
152630,3316,陈火根,2022-04-16 14:59:21,3,3,0,上课讲的烂就不说了，考试里TCP等重点内容一点也不考，考的都是什么边边角角，只能说是垃圾中的垃圾，早日滚粗浙大吧
6469,3382,陈俊,2015-07-14 07:45:19,-2,11,13,好人
11659,3382,陈俊,2015-12-09 13:00:16,-6,4,10,人很好很负责很严格
26443,3382,陈俊,2016-06-18 13:15:11,-12,4,16,要预修挺多课的，我这个大一的小学弟不懂事选了男神的课，不过听着很喜欢，很有收获，不管成绩怎么样，挺值的。
28369,3382,陈俊,2016-06-28 08:41:31,-14,3,17,男神！很负责任，上课很受启发！
32785,3382,陈俊,2016-07-13 09:17:59,-9,1,10,很好的老师 上课内容和课本关系不是很大 但是很有收获
32805,3382,陈俊,2016-07-14 14:59:09,-9,3,12,讲的好，把会计融会贯通了，有启发。\n\n考试给分高，不为难学生。\n\n人品好。
32949,3382,陈俊,2016-08-17 08:52:03,-9,1,10,超负责的老师~
50922,3382,陈俊,2017-07-07 02:01:29,29,39,10,明明是垃圾老师，评分好假。
57330,3382,陈俊,2017-07-07 02:01:48,7,9,2,总体一般
57350,3382,陈俊,2017-07-07 03:17:35,-8,3,11,老师很好，有收获
114081,3382,陈俊,2019-07-08 18:25:41,31,35,4,我真的 get不到在讲点什么 但是自我感觉太好、膨胀程度明显，每节课都拖堂（至少二十分钟） 出分贼慢 巨羡慕隔壁龚老师班
115101,3382,陈俊,2019-07-15 14:31:23,20,22,2,我掐指一算，考完试已经12天了还没出分！课堂体验感很差，想到哪里讲哪里，没有体系逻辑，讲不到重点精髓，偏偏觉得自己讲的东西非常高大上，ppt还用的隔壁老师???
115284,3382,陈俊,2019-07-17 17:07:46,-13,4,17,好！！！
115519,3382,陈俊,2019-08-01 03:03:02,19,23,4,1. 炒冷饭，干货少…我们都快大四了，这课的内容大二听听差不多\n\n2.上课不成体系，老师想到啥讲啥，每节课拖堂\n\n3.考试不是老师出卷，题目量大。\n\n4.给分太好了！最后一道大题一半没做，都给上4了，好人！
137504,3382,陈俊,2021-07-04 15:05:39,-16,3,19,老师是一个严格的老师，最后的展示时间把控极为严格。老师也很有思想，对会计的一些理解给人启发。\n\n希望明天考试顺利呜呜呜
152087,3382,陈俊,2022-03-25 06:49:27,6,7,1,非常一般
152467,3382,陈俊,2022-04-12 09:26:28,12,13,1,垃圾又暴躁
152468,3382,陈俊,2022-04-12 09:28:19,9,9,0,不太行事，快跑！
154940,3382,陈俊,2022-06-07 03:34:17,6,7,1,感觉老师有些些爹味\n\n有水平的，但讲课有点不行\n\n对时间把握不太好\n\n对展示要求很高
155068,3382,陈俊,2022-06-08 04:10:29,38,45,7,ZIFA三人组，董望，王文明，陈俊，一个比一个能拖堂，不过陈俊是最理直气壮的那一个
158471,3382,陈俊,2022-06-29 13:42:04,-4,1,5,给分其实还挺好的
159208,3382,陈俊,2022-07-08 06:51:06,10,10,0,自我感觉良好，作业多展示多，要求一大堆，天上一脚地上一脚
172349,3382,陈俊,2023-04-25 08:48:38,9,9,0,讲的都是什么玩意儿
178489,3382,陈俊,2023-07-12 13:03:26,39,40,1,如果有学阀，就是他
185922,3382,陈俊,2024-01-06 04:50:43,28,28,0,赤裸裸的学阀，财会系起不来的根本原因就在这里。
190575,3382,陈俊,2024-03-09 13:28:50,18,18,0,听说他给他的每一个博士生都说 将来我让你留在浙大
191578,3382,陈俊,2024-04-25 08:58:48,9,9,0,智财创始人，求求你下次选课的时候在前面标个专供竹苑。\n\n跨专业上绩点杀手庞天晓的课都没在你班上感觉憋屈。
192473,3382,陈俊,2024-05-21 11:19:56,10,10,0,傻逼。
192795,3382,陈俊,2024-05-30 12:19:02,14,14,0,卧槽，你编的培养方案，我说怎么这么窒息，水课一群，想跨去别的学院蹭点课要么上课冲突要么考试冲突，前期几个学分闲的要死后期找实习学校破事一堆。不得了不得了，只有真吃到屎了才明白有多屎。
196823,3382,陈俊,2024-07-05 10:23:59,-5,2,7,我是一个肤浅的人，老师给分是真的好。
203809,3382,陈俊,2024-11-21 07:13:06,4,4,0,培养方案编的是依托，拿智财的同学当小白鼠\n\nb智财（指专业）sldl
215693,3382,陈俊,2025-03-04 07:39:53,3,3,0,整个智能财务就是在骗人 你不会硬要装会
215696,3382,陈俊,2025-03-04 08:05:31,2,2,0,什么都不懂只会装，zifa学阀，遇到赶紧跑。此人有毒。
215703,3382,陈俊,2025-03-04 11:07:37,1,1,0,我的天你教学评分还想上2？
49588,3436,王亮,2017-04-19 12:09:48,1,5,4,…你懂的
50656,3436,王亮,2017-05-04 05:43:16,1,5,4,感觉很奇怪，明明学的挺认真任务完成也不错，但是给分是真心一般啊，老师讲课还行吧
50672,3436,王亮,2017-05-04 06:55:25,5,15,10,从没见过ppt上全是错别字病句，不提醒作业，作业安排也全是病句 给分还差的老师
50673,3436,王亮,2017-05-04 07:09:34,9,15,6,我真是从没见过如此口是心非的老师 给分差到爆炸了
50866,3436,王亮,2018-11-26 19:56:38,5,11,6,垃圾老师
51011,3436,王亮,2017-05-12 08:02:11,4,10,6,呵呵呵 \n\n不知道老师在气什么 好像就是看不惯我们
51012,3436,王亮,2017-05-12 08:04:46,2,8,6,经验不足，上课深度不够，老师语文水平不太好，有时候不太听得懂她在说些什么。
58868,3436,王亮,2017-09-18 06:41:09,0,7,7,老师很不错啊其实，上课多跟老师互动一下，积极参与课堂内容，作业不难但是绝对有深度，最后成绩不会差的。不懂那些在黑老师的人黑的是什么，上课不听课再翘课成绩不好怪老师咯？
74155,3436,王亮,2018-02-06 01:17:55,1,4,3,下午的课，听什么都觉得很累，老师讲的内容可能有点复杂，但是实践内容非常有趣~设计课程也很用心(评论下面黑的是啥心态？是不是还有可怕的课我还没有上到？？)
74321,3436,王亮,2018-02-11 00:32:29,0,3,3,很不错！
75726,3436,王亮,2018-03-15 12:47:41,-2,3,5,老师非常好啊 热情又热心  跟同学们打成一片 给分也很好
75727,3436,王亮,2018-03-15 12:49:15,-1,3,4,王亮老师人很好！~特别亲切，案例也很多，最后给分也很好嘻嘻
90985,3436,王亮,2018-11-28 12:08:33,3,5,2,老师是不是对待教学太不认真了？让人感受很心塞
102186,3436,王亮,2019-01-31 08:05:03,0,3,3,老师人很好呀，就饭店管理概论这门课来说，每次课课件都会打印好给学生，事情也不多，最后给分也挺好的。作为一个外专业的，觉得老师讲课也不错呀，至少没有听不懂的情况。
102213,3436,王亮,2019-01-31 12:22:50,2,4,2,饭管给分很好啊\n\n认真上课做作业（作业又不多不怪）考试绩点很好拿\n\n
124618,3436,王亮,2020-07-04 02:27:52,0,2,2,老师挺可爱的，经常鼓励我们，每个组展示都说很棒，给分也很好，还会总结我们的报告，可以看得出来很用心了。美中不足就是上课有点催眠，有时候会扯远，冷笑话有点尴尬。其实作业不多，但是没讲清楚导致大家一开始以为作业很多，这个有点坑。（领导力开发）
140792,3436,王亮,2021-09-16 05:46:24,0,1,1,太无聊了!!事也多废话也多
145738,3436,王亮,2022-01-01 07:11:12,3,4,1,上的是老师的管理学，管理学的学习任务是统一要求的，事多不能怪老师。老师很亲切，很好讲话，给学生买新鲜水果，结课还给表现优良的同学准备礼物。总是鼓励我们，上课时也有很灿烂的笑容，还会讲讲冷笑话哈哈哈。
149438,3436,王亮,2022-01-15 10:47:44,-1,0,1,给分不好！
149441,3436,王亮,2022-01-15 10:58:08,-1,1,2,选的老师管理学  作业挺多的（3次个人+小组调研+2次小组作业） 当组长事情会更多一点  但给分不错 最终满了
150689,3436,王亮,2022-02-13 03:09:55,6,9,3,管理学：作为第一批管理学的学生来做下评价。管理学是属于感觉平时事情好多，但是期末感觉超级爽的课（没有期末考）老师对待课程非常用心，每周布置的作业，下一周上课会把每位同学的作业仔细看过，再给很细致的点评反馈。然后课上了一半发现老师其实是一个很幽默的人，上着上着课冷不丁抖下包袱。给分的话很公正，因为划定的标准非常细致。总体来说还是蛮推荐的！
162031,3436,王亮,2022-11-16 06:48:05,-1,2,3,为什么总要强迫学生参与课堂。。。。核心难道不是提升自己讲的水平嘛。。。。。。。
178355,3436,王亮,2023-07-11 03:13:22,9,10,1,领导力开发\n\n上课体验不错，会提问，就算说的什么也不是也会尽力鼓励你。\n\n有小测复习PPT就能做出来很基础，一次小组作业，两次个人作业规定字数上限反卷。\n\n老师会尽力认识大家\n\n老师还是不错的，给分也挺好的，付出和成绩正相关。\n\n不知道为什么评分这么低，我给老师十分
191715,3436,王亮,2024-04-29 02:54:57,6,6,0,挺好的，想拿高绩点的uu多投入就行了
198196,3436,王亮,2024-09-04 13:14:23,0,0,0,领导力开发\n\n虽然不点名但是老师会记人，而且会有小测和互动，所以不来的风险是很高的\n\n课程任务包括，课前小测，小组情景剧作业，两个个人大作业，属于付出高回报高的类型
212344,3436,王亮,2025-01-14 01:51:07,2,2,0,开学以来最低绩点，。。。3.6。个人作业和小组作业都认真完成，但是上课没发过言，在学在浙大上讨论区有发过几次言。课前小测独立完成，分数很低。如果，不是很喜欢发言，或者，老老实实做小测的同学，快跑。唉
212529,3436,王亮,2025-01-14 06:48:23,0,1,1,给老师好评～很和善的老师，会和同学们聊天，小组作业和个人作业尽可能好好做，小测一定要重视（虽然感觉普遍不高？）不喜欢上课发言的可以在学在浙大上提问回答，最后给分还不错
212559,3436,王亮,2025-01-14 07:44:21,2,2,0,王老师人好好，管理学给到了4.5，平时上课我也没卷发言，小测正确率也就70%＋的样子，真的没想到能给这么高ヾ(＠^∇^＠)ノ
213406,3436,王亮,2025-01-17 08:27:42,1,1,0,王老师给分还是蛮好的我感觉，就是有点玄（应该是自己调过的），按照我自己计算的我的分数没有4.8的，但是她给了。上课的话老师比较喜欢天马行空地衍生，所以要想考好小测建议课下去把学在浙大的网课也看一下
215155,3436,王亮,2025-02-23 05:37:08,0,0,0,她讲得很好
218641,3436,王亮,2025-04-28 03:05:32,4,4,0,会记人，喜欢叫长得帅的男同学回答问题
219108,3436,王亮,2025-05-21 13:46:48,0,0,0,很温柔的老师，到现在有问题了还会去找她，分数也给得很高
35576,3508,张起元,2016-11-16 10:36:20,2,4,2,老师超级萌 上课氛围超级轻松 期末考试大部分就是PPT上的内容 发言这个事情我觉得也是有点不好 这算起来一次发言是期末实打实的两分 没有发言的同学很吃亏 发言的质量其实也是参差不齐 不过觉得的确学到东西就是了 小组的同学因为讨论也变熟悉好多
36510,3508,张起元,2016-11-14 11:12:18,-4,5,9,给分好 很水 老师人挺好的 就是思维有点怪………
36626,3508,张起元,2016-11-15 06:18:48,1,2,1,国际商务分小组，有一个小组展示。但是上课要刷发言数也是醉了
36833,3508,张起元,2016-11-16 07:22:35,-6,2,8,"老师人很美，英文说的超好，但是对于口语要求挺高的，所以想要锻炼自己英语能力的阔以来选她的课哦୧( ""̮ )୨✧ᐦ̤喜大普奔"
36848,3508,张起元,2016-11-16 08:43:53,7,7,0,人是挺好的 但太看重平时发言了分值超高 都有点恶竞了 不习惯上课抢发言的分数的同学就扣的非常厉害 要相差1.几个绩点 好烦啊
36876,3508,张起元,2016-11-16 10:22:45,2,4,2,老师帅气天真又可爱  英文基本上可以听懂 看重小组作业讨论和发言。发言蛮重要的。这门课一点都不水! 考试要好好复习  分数还行 但没有期望中的高。但是老师真的喜欢。 这门课可以锻炼你的口语和展示能力。推荐～～
36887,3508,张起元,2016-11-16 11:05:04,13,17,4,结课以后可以学到很多东西，是很好的学习体验。但是老师经验不足，上课恶性竞争发言很严重，并且发言质量堪忧，相信会有很多同学对此很有意见，课堂参与度不能只看发言呀，评分体系有待改进。
36891,3508,张起元,2016-11-16 11:09:47,7,7,0,很认真的老师~英语好很有优势~发言的话……额……可能是因为老师习惯了香港的风格？给分还好，感觉挺严格地按照标准给的。不会多给。但是考试不难~case analysis比较有趣~选择题全是PPT的~
37493,3508,张起元,2016-11-19 06:10:18,3,5,2,迷醉的人 迷醉的课
37739,3508,张起元,2018-09-19 09:45:36,2,6,4,怎么说，我觉得发言的问题是学生自己的问题，是应试教育的问题，重视发言没有错，虽然我自己也特别不喜欢发言。学习的过程需要有自己的思考，不是被动的听，更要表达出来，更何况将来时做管理方面的工作，在课堂上都不表达出自己的思考、观点，以后进入社会谁会给你机会呢?只能说学生必须慢慢改变自己。
86498,3508,张起元,2018-09-17 02:01:02,8,9,1,ok怪
87305,3508,张起元,2018-09-27 01:07:15,5,5,0,没两句就说ok。。。。。。。\n\n感觉她不会备课\n\n
89016,3508,张起元,2018-11-14 01:55:49,3,3,0,老师挺和善的，但一次发言分等于期末考的两分……发言可以质量差，还有人重复前面的人讲过的话，为发言而发言，但期末考考的是真实水平，这个权重不太妥吧。望老师考虑调整(虽然不知道她看不看得到)
90353,3508,张起元,2018-11-23 08:50:10,2,3,1,新老师，课程评价体系有问题。上国商的小伙伴们要做好坏的打算
90354,3508,张起元,2018-11-23 08:54:49,-4,6,10,全英文上课，助教又不给PPT，只给纸质版的黑胡胡看都看不清，但是财管的同学却有PPT，上课发言恶竞，老师读PPT，唯一有趣的事case Analysis，明明有18次发言，小组长，认真做展示，认真写公司进军报告，认真写三国分析，可是！！分也不好啊！垃圾国商，毁我青春
90356,3508,张起元,2018-11-23 08:57:06,0,1,1,ok?
90368,3508,张起元,2018-11-23 09:27:03,0,1,1,上课完全没有一种代入感，搞正态分布，不推荐选。
90370,3508,张起元,2018-11-23 09:35:27,1,6,5,我觉得老师蛮不错，自己绩点一般还是怪自己知识不扎实，选择题不好。之前看有人说财管的同学有ppt？？又不是老师发的，自己的connection不到位，怪别人恶警？别个自己的懒惰找借口，你要是认真学习，掌握好知识，相信分数不会差，毕竟期末占比还是很好的。
90375,3508,张起元,2018-11-23 09:49:48,2,6,4,不像以前的短学期课那么水，课程内容有难度的，理论性比较强。但是好好学期末也还可以考好的。说要刷发言的我醉了，上课到后面老师提问根本没人发言，是真的没机会发还是不想发？老师只是希望学生能多参与多表达，发言满了平时分就是送20分。还有专业黑的我也无语，展示的质量大家都有目共睹吧，复习谁还不是看复印的ppt？？
90566,3508,张起元,2018-11-24 05:59:28,2,3,1,发言比重过高，鹅颈开始了。
119177,3508,张起元,2019-11-11 04:07:23,0,2,2,老师很好，虽然发言比重很高，但是每次课前都给大家新闻讲解的机会。只要每次都准备好新闻，就没什么压力了。老师很好看，而且很负责，有的时候还有点可爱。刚开始上课不适应这样全英文课程，但是老师经常会中文解释。总的说，非常奈斯，都不想结课了。
119691,3508,张起元,2019-11-16 00:50:20,2,2,0,老师和助教gg都好帅！讲课有条理，发言分的话每日新闻还是可以刷满的，考试简单、明确，完全是ppt上的，复习一遍可以考的很好。然后老师只给打印的屁屁踢，建议自己用word做下笔记，国商这门课算管院课程中有干货的了。相当于经院的国际贸易，不过国商更多从企业角度进行分析。（老师的衣品我可以欣赏好久哈哈哈
120393,3508,张起元,2019-12-03 06:40:00,2,2,0,不好??
127801,3508,张起元,2020-11-27 07:56:16,1,1,0,今年疫情线上上课 全程没有一种参与度 70%全靠考试……\n\n希望增加出席点名环节吧 分数也能拉高点
127935,3508,张起元,2020-11-30 13:43:21,1,1,0,迷之绩点
131397,3508,张起元,2021-01-27 10:48:16,4,4,0,上课无聊给分烂，慎选\n\n不过国际商务好像都这样？
141930,3508,张起元,2021-11-01 06:38:03,3,3,0,事儿多上课无聊，可能是其他管院老师太好了吧感觉她上课只是基础理论念ppt没有什么新鲜感。没法调动同学发言热情还贼重视发言
142707,3508,张起元,2021-11-18 05:30:49,0,5,5,虽然是英文的课程而且教得很快，但是都解释得很清楚，虽然分数打的有点那个。。但是学到很多！
142766,3508,张起元,2021-11-16 03:29:15,6,6,0,快逃 无语
142771,3508,张起元,2021-11-16 03:58:22,1,3,2,课程内容还好，还是可以学到东西，给分的话中规中矩，付出多少得到多少，上课体验就一般
142772,3508,张起元,2021-11-16 04:04:49,2,4,2,给分迷  专业课目前最低分  80都没有\n\n就是说小组那个国家案例有认真写，三个分析也很认真，而且我们小组有被点名表扬。\n\n发言也挺积极，但是老师有没有说多少次是发言满分.....\n\n至于考试也认真复习了，主观题也按三层次分析。\n\n我不理解
142776,3508,张起元,2021-11-16 04:33:22,3,3,0,。。。。认真付出与回报不成正比 任务多 考试不让用中文（zgf都说可以了）。。还必须有发言分。。嗯。
142777,3508,张起元,2021-11-16 04:33:22,2,2,0,。。。。认真付出与回报不成正比 任务多 考试不让用中文（zgf都说可以了）。。还必须有发言分。。嗯。
142779,3508,张起元,2021-11-16 04:40:12,4,4,0,我 不 理 解 🤧
142813,3508,张起元,2021-11-16 11:03:41,3,3,0,快逃，以身试雷了属于是
142829,3508,张起元,2021-11-16 15:46:58,0,1,1,认真听或许有收获……但老实说想水的话只要考试复习怒刷PPT就行…
142831,3508,张起元,2021-11-16 16:09:36,-4,0,4,感觉真的还好？虽然课真的很好水但也能学到东西，期末考试有复习过也就不难，个人没怎么发过言但最后有3.9，还是很满意的
142960,3508,张起元,2021-11-18 00:53:14,6,6,0,老师教的很好，但给分有点……
143087,3508,张起元,2021-11-19 01:10:10,0,2,2,老师挺好的 上课会给我们分析案例之类的 考试刷ppt吧选择题都是ppt 线上上课没有发言分 纯靠考试分和小组作业 感谢小组带飞加上考试不太难ppt都有，绩点不错
143696,3508,张起元,2021-12-02 03:06:47,3,4,1,鹅颈，哭
152687,3508,张起元,2022-04-18 10:40:10,4,5,1,我会给所有管理学院不重应用与思考而是闭卷考概念的老师打低分
172629,3508,张起元,2023-05-02 14:15:38,0,0,0,快 逃
25124,3571,Mark J.Greeven,2016-05-06 00:30:54,3,4,1,讲的一般作业多 分……
25127,3571,Mark J.Greeven,2016-05-06 01:49:40,1,1,0,老师很认真，然而给分很实诚
25148,3571,Mark J.Greeven,2016-05-06 08:08:41,1,1,0,上课很有趣，但是给分………
28085,3571,Mark J.Greeven,2016-06-28 08:05:21,1,1,0,很棒啊?我很喜欢
50989,3571,Mark J.Greeven,2017-05-11 03:26:26,0,0,0,这老师很讨厌蹭课的学生吗………
51725,3571,Mark J.Greeven,2017-06-08 15:34:36,0,1,1,我觉得给分还好啊，而且还是能学到东西的。至少不坑
33083,3609,蔡荃,2016-09-12 07:40:04,9,10,1,很好的老师
33186,3609,蔡荃,2016-09-14 15:59:57,4,4,0,爽，真是爽！
35022,3609,蔡荃,2016-10-30 12:03:21,6,7,1,讲些大实话
48928,3609,蔡荃,2017-03-16 14:35:37,9,10,1,上课很认真，挺幽默，有思想。
52361,3609,蔡荃,2017-06-19 05:51:22,6,6,0,很幽默，关心学生
52468,3609,蔡荃,2017-06-20 09:05:35,4,4,0,讲课很好，不知道给多少分。
53124,3609,蔡荃,2017-06-26 03:05:13,18,23,5,十分十分，蔡老师讲课绝不是照读ppt，很大一部分是讲自己的想法，包括对国际局势的分析等等。平时上课没什么事情，就是有时候下课前会让我们写一道思考题交给他，当作点名（一学年下来大概3到4次，我不大记得了，随机的，所以不要翘课，讲出自己的想法就好，畅所欲言嘛）和平时分。我每次都是写很多，拖得很久，最后考试也是，差点写不完，作文基本乱写，等到最后成绩出来90分以上，只有一个感觉，觉得自己的努力没有白费，谢谢蔡老师！谢谢助教老师！
53125,3609,蔡荃,2017-06-26 03:10:15,2,5,3,老师上课很有意思！！（虽然我不听）而且绩点给的好高啊，从来不听课，偶尔翘课的我最后竟然也能上4，真的是感动死了。据说班上还有一些满绩大神，真的厉害
53146,3609,蔡荃,2017-06-26 04:53:25,5,6,1,为什么我没有那种不听课也能上4的命。。嘤嘤嘤\n\n
53315,3609,蔡荃,2017-06-26 10:45:20,5,5,0,有想法的老师
53343,3609,蔡荃,2017-06-26 12:02:59,3,4,1,老师对我们很好的，很亲切，给分也好
53893,3609,蔡荃,2017-06-28 03:23:01,3,4,1,形策课讲的确实很好，听听国家大事也挺有意思，老师人很好，期末考试竟然要写作文是没想到的，不过给分超好形策上4。
55311,3609,蔡荃,2017-07-01 08:48:55,0,2,2,老师的行测相对而言不水，经常用课堂作文当点名。讲的很有想法，人也有意思，考试前跟我们说写实话就好。真的头脑发热写了实话，批判我所见到的学校的不足之处，最后成绩也不错。
62684,3609,蔡荃,2017-11-26 11:12:37,-7,1,8,超耐磨
76043,3609,蔡荃,2018-03-25 12:38:25,5,5,0,如沐春风，信息量很大。
82348,3609,蔡荃,2018-07-08 03:07:06,0,0,0,很好啊
82644,3609,蔡荃,2018-07-09 01:58:23,4,8,4,给分很caodan
82766,3609,蔡荃,2018-07-09 05:34:41,6,6,0,老师课上会有很多自己的见解，不是纯讲PPT，而且给分超好，助教也很给力！
86046,3609,蔡荃,2018-08-29 15:29:35,2,2,0,建议学弟学妹们选！
112288,3609,蔡荃,2019-07-04 00:49:58,2,2,0,性价比极高
112362,3609,蔡荃,2019-07-04 02:47:32,4,4,0,赞赞赞
126431,3609,蔡荃,2020-09-26 16:13:28,4,5,1,给分迷，平时作业全部认真完成，期末考几乎所有大题都背到了，还结合材料答的，最后没上4。就离谱
126750,3609,蔡荃,2020-10-18 09:43:36,2,3,1,给分很迷
128218,3609,蔡荃,2020-12-14 02:09:04,5,6,1,全部大题背到，认真完成每一次作业，最后3.6。一个同学，寒假作业没交，平常作业缺2次，裸考4.5\n\n胡乱给分，很差。可能是助教的原因\n\n建议大家避雷
137814,3609,蔡荃,2021-07-06 08:35:24,12,16,4,所以给分是根据什么给的呢\n\n认真完成每一次作业 没有缺席\n\n期末认真列了思维导图复习\n\n最后3.3哈哈
137828,3609,蔡荃,2021-07-06 09:11:14,7,11,4,呵呵 作业多 课还行 想要分数不要来
137831,3609,蔡荃,2021-07-06 08:57:37,9,10,1,无理由绩杀，肾选。\n\n每次都到，期末感觉都复习到了也写出来了很多点，最后还是乱给了77，不知道在干嘛的老师，上课有水平，考试水太黑
137833,3609,蔡荃,2021-07-06 08:59:02,9,11,2,次次到课，作业全交，考试还复习了，最后77分3.3？？？你正态也给个79意思一下啊？舍友形策看都没看裸考4.8？？？\n\n不知道是助教给分问题还是怎么的，总之甚选。老师讲课还行，给分实在有雷，孩子当时选课太年轻了。
147317,3609,蔡荃,2022-01-09 13:49:16,0,0,0,快逃！！！！！
156320,3609,蔡荃,2022-06-19 04:28:06,0,0,0,草泥马
156866,3609,蔡荃,2022-06-21 08:01:34,2,2,0,这个老师上课水平还是相当高的（但行策课也没多少人听吧）\n\n每节课都会有作业，一千甚至两千字的作文。但老师的要求是xx字以下。话是这么说，如果你能每次把字数写到要求的附近，我觉得平时分肯定不会低。\n\n我是小组的评分员，而且我们小组展示的质量也比别的组高，同时作业也都是结合实际好好写的（水个一两千字）所以最后成绩很理想。\n\n我觉得大家抱怨绩点乱给可能也就是出于以上这个原因吧。\n\n但其实形策期末的比例高达60%，我觉得考场能编善造比上述因素都重要（嘘）\n\n总之想要平时事少，勿选。想要卷卷绩点，可以来试试。
156870,3609,蔡荃,2022-06-21 08:48:41,1,1,0,4.5 平时有每次完成思考题作业，做了一次专题新闻展示，形策考前几个小时看了总结的重点材料，还是满意的，老师人好，很和善亲切
156880,3609,蔡荃,2022-06-21 08:59:35,1,1,0,老师讲的课确实不错！绝对不是照本宣科，也不是糊弄了事，针对于时事，世界布局，等等，老师都很有自己的看法，信手拈来。但形策这门课本身和它的开课时间，让很多同学都不想听，没有听，这是一个遗憾。说实话，形策1这门周日晚上的课对我来说也只是一个看热闹+自习。蔡老师的形策事情比较多，每节课后都有小作业，一般一两千字，有字数上限，从开始上到最后大概要做十次……还有两次左右的分组展示。我室友的课事情比我的少多了。考试前简单看了看ppt，我高中是全文科，考试中规中矩，有些题不会应该是正常的，最后4.8，仅供参考。我其实很喜欢蔡老师和他的课，但我不太喜欢我们学校开的形势与政策。我并非老师所在学院的学生，很遗憾或许将来不能听到蔡老师讲的精彩的其他课程了。
157602,3609,蔡荃,2022-06-24 02:31:38,1,1,0,会辩证思考形策老师，讲的很好（虽然我还是没有听，）给分也不错，每次课后有思考题，没卷最后4.2
176116,3609,蔡荃,2023-06-28 00:39:19,1,1,0,平时作业不多，不鼓励恶竞，每节课后有思考题但不超过500字。上课讲得不死板，比较懂学生的内心，总体来说体验感不错（虽然形策这门课大家几乎都不听）。顺便夸一下助教yx老师，很认真负责～
220106,3609,蔡荃,2025-06-15 03:41:43,0,0,0,感觉老师还是讲的很好的，但确实这门课没人听是事实，点过名，但好像只有一两次，平时作业也比较水，几乎不占什么时间。我感觉我作业都是随便完成，考前稍微看了看ppt，看了眼历年卷（大概3、4个小时就行）然后考试考的我有很多能背出来。给分还行，也是上90了。感觉体验还不赖
220116,3609,蔡荃,2025-06-15 05:52:02,1,2,1,课是垃圾课 但是老师真好 讲的也好 作业不多 好好做一下期末准备两三个小时就可以得到4.8的好成绩 会让你心情很好
220177,3609,蔡荃,2025-06-16 04:17:21,1,1,0,给分还行，点名比较多\n\n考前把98资料印出来，复习了4个小时，最后4.5
85816,3702,熊伟,2018-08-17 09:33:52,0,2,2,老师人很棒 知识很渊博
107325,3702,熊伟,2019-05-04 01:06:38,0,3,3,实在无聊，没啥内容，还爱讲自己的丰功伟绩，我没有感受到我在学习质量，老师讲的少，大块的时间要学生自己做一些什么鬼东西，水。。。
124885,3702,熊伟,2020-07-14 14:31:34,0,3,3,长那么大第一次见到那么划的老师哦？当然学生们不能划水，老师负责吹自己多牛，剩下时间给学生分组讨论展示。
171709,3702,熊伟,2023-04-03 01:26:24,1,1,0,超级水
172117,3702,熊伟,2023-04-20 02:36:40,0,1,1,懂的都懂
178491,3702,熊伟,2023-07-12 13:45:31,0,0,0,超级不建议选，这个质量讲的，啥东西也没有，给分也是相当差的。
106010,3732,汪蕾,2019-04-24 08:48:09,3,5,2,还不错
106644,3732,汪蕾,2019-04-28 14:35:44,-2,4,6,期末一个大作业加展示，大作业要按要求写，展示可以瞎bb，让老师觉得你展示好就可以了。平时上课不用听，很无聊没啥用。
108473,3732,汪蕾,2019-05-26 08:00:47,8,12,4,老师好美啊，很负责，很棒
108475,3732,汪蕾,2019-05-26 08:10:23,8,10,2,美到爆炸的老师，超级好
109584,3732,汪蕾,2019-06-17 08:10:13,8,11,3,仙女下凡
109598,3732,汪蕾,2019-06-17 11:29:18,4,5,1,很美的老师～超级负责认真！一定要选她的课哦
118496,3732,汪蕾,2019-10-27 14:53:32,4,5,1,真的很棒，面试时候让你瞬间安心
126086,3732,汪蕾,2020-09-17 08:47:32,0,3,3,非常好！
156849,3732,汪蕾,2022-06-21 06:59:41,5,5,0,就是说很无语，上课很无聊，打分很严格
157007,3732,汪蕾,2022-06-21 14:15:20,2,3,1,助教无论是上机课还是作业给分都一言难尽......点名花样也挺多
157123,3732,汪蕾,2022-06-22 03:28:01,6,7,1,管理统计别的班大作业都是小组作业，我们是个人作业，而且老师和助教几乎没有提前指导，大作业点评课却发现助教的要求还挺苛刻的......\n\n总结：累死累活最后就这个绩点，也没【从老师和助教那里】学到什么东西（助教上机课教学像开了二倍速，SPSS全是课后自学；理论课大部分在重复概统内容，很多没学过的内容老师还以时间不够为由一笔带过）。\n\n（btw出分一天了也没人谢谢老师😅）
219050,3732,汪蕾,2025-05-20 03:52:31,2,2,0,服了，在跟不上助教语速的迷茫中打开查老师并给了个低分，什么都学不到，不如重修概统哈
77079,3755,陈凌,2018-05-06 06:26:48,10,13,3,，，，
143262,3755,陈凌,2021-11-22 14:17:46,12,12,0,天天拖堂，就这一点就不配高评分
148750,3755,陈凌,2022-01-13 12:05:45,14,15,1,无语子
149990,3755,陈凌,2022-01-18 07:43:52,0,8,8,还可以吧，有点拖沓
150337,3755,陈凌,2022-01-22 17:45:36,6,7,1,出分好慢
150413,3755,陈凌,2022-01-25 00:34:56,13,14,1,给分好差……
150417,3755,陈凌,2022-01-25 02:24:29,11,12,1,给分很难受，大作业写了很久，成绩太迷惑了，白白浪费这么多时间写书评，可能给分看个人喜好叭
150418,3755,陈凌,2022-01-25 02:32:12,8,10,2,给分是真的真的真的差 可以超乎底线的差
150453,3755,陈凌,2022-01-25 14:25:53,-31,10,41,大家都是第一次上哲学课，我最后给分挺好。身边有同学说给分超级好4.8的，也有给分一般的。平时作业有两三个很简单，期末没有考试一篇读书报告。我觉得特别好完成✅。我觉得陈老师为人非常好，有大师风范，以德服人。起码不像教领导力开发的周帆老师那样做人和给分都一塌糊涂吧
150457,3755,陈凌,2022-01-25 15:10:36,-24,5,29,老师人真的挺好的，非常尊重学生！最后的读书笔记自知写的很一般，没有被选上展示也是正常...虽然成绩不算很高，但比我预想的好
150508,3755,陈凌,2022-01-27 23:24:14,25,29,4,鼓励内卷，布置大作业时专门强调成绩与阅读书目的难度和字数相关，请问书目的难度有具体的衡量标准吗？期末被选中展示的人额外加分，没被选中的人甚至连通过发言弥补的机会都很少。老师人还是不错的，确实给人一种儒雅随和的感觉。关于上课内容，只能说和专业知识毫不相干。有没有思想深度不予评价，至少从实用性角度来讲，不认为管理哲学导论这门课程配得上专业必修课程。
162366,3755,陈凌,2022-11-21 04:00:56,40,40,0,管院某些领导层居高临下、自以为是，这门课居然真的能开出来而且放在三个专业的必修？？\n\n自以为为学生考虑了很多，“不能一直学硬技术，也要学软的思想”，但您院领导层能不能弯下腰看一下培养方案里面的课，哪个管院本科生能说自己靠您院开的这些课就把专业技术学好了的？只能感谢浙大还给自由选隔壁数计经院的课。\n\n而且就课程内容来讲，东拼西凑、讲到哪算到哪，目前完全没有感到太多逻辑感和思想深度。只能靠一味的“积极参与课堂交流有加分”来鼓励内卷、强制引导，还说什么“以前我们那时候前排都是坐满的，看来大家现在想把前排座位让给晚到的同学”，您真的不应该反思一下自己吗？\n\n管院真的应该换领导层来重新整顿一下本科生培养方案设置了，没啥意思。
162510,3755,陈凌,2022-11-24 01:16:34,26,29,3,只能说听了六节课还没有我听其他哲学学院的课程一分钟有含金量，你管这叫哲学？
162513,3755,陈凌,2022-11-24 02:03:25,28,31,3,上课讲的都是什么玩意儿\n\n一点逻辑和条理都没有，想扯到哪里就扯到哪里\n\n还鼓励内卷\n\n管院有这样的主修课简直是悲哀\n\n对学生的极不负责任\n\n这种老师不配当老师
163132,3755,陈凌,2022-12-08 01:21:03,12,13,1,自闭，上课听讲好像没啥用
164322,3755,陈凌,2022-12-20 09:40:53,30,37,7,人好，但课烂，不知所云，学科内容是管理但不足以称为哲学，水的部分既不管理也不哲学\n\n顺便一说，真的很讨厌那些动辄大谈中国传统哲学的人，开口闭口的内容无非是孔子、易经、王阳明，好像没学过别的，寻章摘句、望文生义，就着泛滥的金句讲一些假大空、无考证的东西，让人文经典成为鸡汤文和成功学，要真有造诣就去和文史哲学院的老师们聊聊。这些先生们有学识、有阅历、有哲思我不否认，但非要说自己懂哲学，我只能呵呵
165120,3755,陈凌,2022-12-29 08:06:46,74,78,4,管理哲学导论像一个拖把一样，一直拖，含水量高，还卷了起来
166723,3755,陈凌,2023-01-15 14:55:21,36,38,2,一个让人无语的老师，还没出分来评价就是为了少骂他一点...\n\n幸好啊，21级开始就不是必修了，选修也不要学！贯上哲学的名字但是却没有什么值得学习的地方，一个学期都不知道在学什么！以及，真的很鼓励卷卷卷www\n\n1.15补充，既然觉得企业家、政治家的传记“没有太多实质内容的名人传记”，那麻烦这位老师敢于当着院长副院长的面说说，他们出的围绕那些企业家的书，全都没有意义、没有实质性内容呵呵
167305,3755,陈凌,2023-01-15 12:53:51,48,49,1,这门课再多上一秒就会爆炸，全部结束了出来一个评分指南，真是难绷。。。
167308,3755,陈凌,2023-01-15 13:00:51,15,17,2,快跑！！！
167309,3755,陈凌,2023-01-15 13:03:11,10,14,4,听课真的听不懂  讲的逻辑性不强  鼓励内卷
167310,3755,陈凌,2023-01-15 16:33:04,24,25,1,虽然还没出分，但对这门课真的是无语。卷就算了，评分标准竟敢是结课后才细说？期末作业之前没规定规矩还那边说按自己的风格就好，要评分了才说要标记参考文献这些？那还倒不如直接说期末作业是论文而不是读书笔记。还用什么“心虚的同学”这种话，试问一下你的查重率标准是多少呢？说都没说，谁看到“不及格”三字会不慌？作业还要用什么第一性原理这些，整个科举要用八股文似的，这就罢了，试问一下这些高大上的术语有解释清楚吗？每次ppt最后说“提问有奖励”，结果课程最后才说提问有算进平时分？如果有算平时分，那难道还算奖励吗？(虽然我不排斥你加分给有发言的同学)如果早说，你认为在讨论区发言还只那些吗？真是服了。\n\n\n\n补充：考核标准的确有不足的地方，但让人感到无语的是为什么等到结课了才发(尤其是发言分那块)，第一堂课的ppt明写着上课听讲20分，结课后说变就变10分，将心比心吧，这不是先斩后奏吗？
167318,3755,陈凌,2023-01-15 13:48:40,26,30,4,不懂就问：怎么没有零分选项的（问号❓）
167320,3755,陈凌,2023-01-15 13:56:40,28,30,2,《不要读太多没有实质性内容的名人传记》\n\n给名人分高低贵贱是吧\n\n这么久了才发评分细则\n\n猪脚也是纯纯牛马
167322,3755,陈凌,2023-01-15 14:03:28,14,15,1,不要选 一句顶一万句
167323,3755,陈凌,2023-01-15 14:04:21,11,14,3,怎么会有这种课，结课后才说评分细则，傻逼吧，鼓励卷就算了，mad还特别点名提前交的说要重点检查，您没事儿吧（流汗黄豆）上过最水最无语的课没有之一，我真的是倒了八辈子霉才会遇上这门课
167324,3755,陈凌,2023-01-15 14:06:14,9,11,2,一分都不想给
167325,3755,陈凌,2023-01-15 14:06:09,12,14,2,离大谱…读书笔记怎么查重…用一些原文中的句子咋就不行捏…作业交完十天来个作业评分标准…名人传记还给人家分成三六九等…
167328,3755,陈凌,2023-01-15 14:07:08,10,12,2,恶心的要死
167330,3755,陈凌,2023-01-15 14:09:13,8,12,4,“不要去读那些没有太多实质内容的名人传记” ？ 咋地哪个名人的传记没有实质内容？读书笔记标题标注了是“你最想成为的人的传记” 结果到最后来个评分标准是吧 你要是早说选哲学家加权分更高 谁还去选其他名人来写？这门课就是个垃圾课程 说话逻辑不清  鼓励学生内卷 这要不是一门必修课谁还上你这破课？
167333,3755,陈凌,2023-01-15 14:18:35,6,9,3,这破课给1分都嫌多
167334,3755,陈凌,2023-01-15 14:39:17,18,22,4,陈凌什么时候能不教课啊，建议和某助教换个地方自娱自乐。\n\n整个学期都不知所云，期末作业说让选“最想成为的人”的传记写读书笔记，交完一周多了现在给个评分细则说哲学家比企业家、政治学家权重高，乐，原来哲学高人一等。有同学在群里指出来，陈老师：“选书远比读书重要，我鼓励大家挑战自己去读有难度的书”。真不知道怎么从传主的身份就能判断出难易的。\n\n还有某位助教，助教评分有多低希望你也问心无愧吖❤️
167336,3755,陈凌,2023-01-15 14:25:26,4,9,5,无语了，评分标准开课时候不说，现在才说是想怎样\n\n平时分也不公布\n\n作业成绩也不公布\n\n诶，让人自行补交\n\n提意见也不听
167337,3755,陈凌,2023-01-15 14:26:52,7,8,1,震惊。悲愤。呵呵。。。
167350,3755,陈凌,2023-01-15 14:57:25,-4,7,11,大傻逼一个！！！\n\n还有那个李姓助教\n\n真TM让人恶心
167351,3755,陈凌,2023-01-15 14:58:24,2,6,4,哈哈哈哈哈哈哈哈哈哈哈哈哈哈 谢谢这门课\n\n让我受疫匪浅
167354,3755,陈凌,2023-01-15 15:05:59,2,4,2,晦气，真的晦气
167356,3755,陈凌,2023-01-15 15:18:21,5,7,2,评分居然还有2.3分？分给高了，我来让它更接近真实情况
167357,3755,陈凌,2023-01-15 15:21:54,3,7,4,为什么没有零分啊！！！期末读书报告都截止一周多了出了个课程评分细则，上课水的要死，不知所云，前后都不衔接，最后报告交了给了个论文细则，查重率上限，书目权重，参考文献，无语死了！希望大家都能问心无愧！！！
167364,3755,陈凌,2023-01-15 15:44:06,-2,5,7,强烈建议取消，如果要是有同学想提前看见自己八辈子的霉运，可以去上这门课。
167366,3755,陈凌,2023-01-15 15:52:54,9,12,3,真的依托答辩，谁选谁知道，讲的烂不说（和“管理”“哲学”都毫无关系）；13事还居多，马后炮真有你的；鼓励鹅颈，卷发言、卷讨论、卷提前交作业、卷字数……万物皆可卷，无语。要不是没有零分我真的会毫不犹豫、
167368,3755,陈凌,2023-01-15 16:06:42,7,11,4,既不管理，也不哲学，老师和助教在群里自娱自乐，内容少屁事还多，这门课最大的收获来源于自己读的那本书，还有就是认识到了管院的教学水平下限。。。
167369,3755,陈凌,2023-01-15 16:15:06,3,4,1,今年的枫叶还不够红呢
167372,3755,陈凌,2023-01-16 16:59:27,11,19,8,上大学以来最恶心的课程之一，老师连第一性原理这种概念都不能讲清楚，上课不知所云还要求结合课程内容。助教热衷和老师一起沉浸在自己的世界里，真的是闻所未闻的奇葩，尤其是李姓助教，你是靠拍马屁获得读博机会的吗。这样的课是必修，还要求内卷，在快过年的时候才公布评分标准
167375,3755,陈凌,2023-01-15 17:04:50,8,10,2,管院最SB一门课，没有之一
167379,3755,陈凌,2023-01-16 00:06:46,10,11,1,依托答辩
167418,3755,陈凌,2023-01-16 06:58:21,13,15,2,虽然确实有部分市面上的企业家、运动员传记写得像是讲成功学的心灵鸡汤，但是否应该区别给分依然是值得商榷的，更何况提交了才说明这个标准。而且在我看来，哲学家传记并非“相对有挑战性”的书籍，或者说它的挑战性并不显著。如果真的在意课程中的哲学部分，不妨在授课时加入一些相对硬哲学内容，那怕是翻版未圣我都算你努力过了，而不是马斯克的“第一性”这种网络营销成分显著的东西
167423,3755,陈凌,2023-01-16 07:35:36,9,10,1,这个课真的有必修的必要吗？这个课到底又能教会学生什么
167424,3755,陈凌,2023-01-16 07:37:12,10,11,1,不懂这样混乱的课程内容和奇怪的评分细则是怎么让这课成为专业必修的。既没学到太多知识，也没感到多少风度，不过可以用大过年的窝囊从助教手里检讨来一点绩点。
167465,3755,陈凌,2023-01-16 13:31:13,12,18,6,见识你浙教学水平的下限...&某助教好大的官威
167478,3755,陈凌,2023-01-16 14:25:53,4,5,1,这课就离谱
167479,3755,陈凌,2023-01-16 14:34:15,1,4,3,快点跑 折寿
167489,3755,陈凌,2023-01-16 16:01:40,2,4,2,贱不贱呐😅
167545,3755,陈凌,2023-01-17 07:40:23,25,27,2,1.一句话总结：上着20%的课，却要学生们拿出200%的忍耐力。课程叫管理者学导论，却既不管理，也不哲学，妥妥的营销号大抒感想即时感\n\n2.课程感想感受最深的就是傲慢和儿戏，从第一次讨论课安排“陈丹青论孔子”的主题开始，且不谈陈丹青此人的反面形象，但他既非管理学大家也非哲学家，到后来老师说自己喜欢陈丹青，我才算明了了讨论课的原因。讨论课的安排，学生们都是被告知者，所谓被挑选的带领讨论者，不过是老师和助教的提线木偶而已。\n\n3.其他的内容吐槽不出来，因为这课听一分钟就让我脚趾扣地，大部分课我都是静音的\n\n4.到最后争议最大的读书报告评分。读书报告评分细则是老师助教们批完成绩再给到群里的，颇有几分又当又立的味道。前脚说着读书笔记只是记录，后脚拿出条条框框，给企业家、政治家、哲学家定个三六九等。拿着格式松泛的读书报告去查重，读书报告不能引用原文，真是妙啊。表面说着有意见尽管提出来，实则是提一条堵一条，呵呵\n\n5.要过年了给学生们塞屎吃，真好啊，要我们体谅助教们年前批作业，怎么不体谅一下学生们大过年被搞心态\n\n\n\n总之，发言加分，卷字数加分，正经学不到东西的，想学哲学的去上哲学院的课，想学管理学去上其他老师的课，想提升情操的看看营销号公众号文章就行
167546,3755,陈凌,2023-01-17 07:54:09,4,6,2,哪有快过年了，已经放假了才公布评分标准的呀
167567,3755,陈凌,2023-01-17 11:23:14,3,6,3,从第一次作业布置开始就恶心人，作业要求明确说明了“字数限制在200字以内”，结果打高分的推荐作业几乎都四五百字起步（当然也有个别字数少的），多的甚至密密麻麻，后几次作业也一样鼓励内卷，很好奇老师和助教既然如此漠视规则的存在，为什么读书报告又整这一出？
167660,3755,陈凌,2023-01-18 06:31:01,6,6,0,卷中之王
167710,3755,陈凌,2023-01-18 13:18:54,7,10,3,过年前来打卡，看到好评如潮就放心了\n\n一学期过去了，陈老师的评分下降了一分多
167802,3755,陈凌,2023-01-19 07:04:45,20,24,4,1.上课空泛，妄谈哲学，营销号既视感\n\n2.标准不一，作业前按自己风格写，作业后出评分标准\n\n3.歧视企业家、体育与运动员，声称他们的传记是没有实质性内容的，而哲学家则高人一等\n\n4.助教上课时时捧臭脚，师生两人变着法唱双簧\n\n5.分数构成想改就改，开课PPT介绍20％上课听讲，结课立马变10％\n\n6.开课曾言“这门课整个学校只有我一个人敢上”，我以为你有多大水平，合着你是脸皮厚\n\n7.导论课不介绍哲学相关内容，介绍自己和自己导师的人生经历，还引以为傲，甚至要求学生内卷，恶竞发言\n\n8.对于同学们问的问题，他每一个都说问得好，但是自己一个没解释清楚。犹记得一同学问哲学的尽头为什么是神学，陈老先生扯了半天易经\n\n9.暂时愤怒值仅限于此，出分后继续
167828,3755,陈凌,2023-01-20 16:07:53,0,6,6,第五次来，依托答辩！！为什么结束之后才告诉评分具体细则，没有营养的乱卷
167958,3755,陈凌,2023-01-20 17:09:38,8,12,4,出分了再来一下，别选别选\n\n除非你想因为没有卷发言直接扣光参与分（开课没告诉你，最后结课了评分才说\n\n除非你想因为选了自己喜欢的名人，辛辛苦苦写的满意的传记，被老师对传主的三六九等区分，打一个0.9的基准分\n\n除非你想上一学期尴尬的营销号宣传课
167966,3755,陈凌,2023-01-20 22:46:17,-4,14,18,给分很好，祝老师兔年偿命百岁，万逝顺意～
167974,3755,陈凌,2023-01-21 03:12:48,3,5,2,没有零分太可惜了
167983,3755,陈凌,2023-01-21 06:23:15,-11,4,15,最后给分还行 但这课真tm的烦人 老师和助教都让人不适
168208,3755,陈凌,2023-02-02 18:35:10,6,9,3,害人不浅
171831,3755,陈凌,2023-04-07 03:32:50,9,9,0,越想越气，dinner老师
173404,3755,陈凌,2023-05-23 10:15:02,5,7,2,大作业一个读书报告，我看完书自己写不行吗？非得要参考文献？没参考文献就是抄袭？这老师和猪脚什么j b逻辑
173628,3755,陈凌,2023-05-30 14:08:01,6,8,2,期待一下明年这个弔课有多少人选
173898,3755,陈凌,2023-06-04 08:02:46,-1,2,3,阿弥陀佛
184969,3755,陈凌,2023-12-25 02:05:59,9,10,1,提前交作业高5-8分，傻逼老师鼓励恶竞
197263,3755,陈凌,2024-07-10 03:31:34,1,4,3,给了个历史最低分，很棒
207813,3755,陈凌,2024-12-24 11:17:43,5,6,1,上课讲不清，猪脚更sb，这分数有某位李姓猪脚一半功劳
209012,3755,陈凌,2025-01-04 07:57:33,6,6,0,每节课都采用各种奇怪的方式点名，老师在台上唱独角戏，大部分时间还在讲自己的生平去装b，两位助教更是硬捧老师，讨论课回答问题，有同学还被助教和老师轮流“拷打”，真的是不看看自己在讲什么，却要求别人做的更好，果然查老师还是不会骗人
214155,3755,陈凌,2025-01-26 03:37:31,2,3,1,为什么还不出分…我服了
214485,3755,陈凌,2025-02-07 15:18:09,4,5,1,是信管的吧，来看这逆天课吧哈哈哈哈，能跑就快跑，助教和老师梅姨阁诗人，点名签到缺几次就会告诉你会挂科。。。。难绷
76720,3789,刘起贵,2018-04-19 06:02:04,3,3,0,点名 上课不让和别人说话 不让玩手机 讲课又烂
82984,3789,刘起贵,2018-07-09 11:56:15,1,2,1,无言以对
82989,3789,刘起贵,2018-07-09 12:10:47,1,2,1,给分真的差
83005,3789,刘起贵,2018-07-09 12:47:50,0,3,3,每节课都强制签到，讲的话其实觉得讲得比较一般，考试题挺简单的，是我自己没有复习好，但说实话给分是不能算好。。
83141,3789,刘起贵,2018-07-09 23:05:21,4,5,1,给分真的太差，如果真能学到东西也就算了，讲得也不明白。隔壁班级满绩一批人，可谓完全不为学生着想了。\n\n
83585,3789,刘起贵,2018-07-10 16:01:08,6,8,2,和老师交流起来人还是很nice，答疑也耐心。但是讲课方面表达不清楚，不成体系。给分我有点窒息。自认为是较公正的评价了。
111544,3789,刘起贵,2019-07-02 01:54:15,1,2,1,极差，上课讲的比初级会计还简单，没事就跟学生聊闲天。上课重要的地方不讲，期末还要考，对自己讲了什么心里完全没数。期末群里同学求他发课件，一忘再忘，答应的好好的，拖到快考试才发。在浙大见过对学生最不负责任的老师
132592,3789,刘起贵,2021-02-02 13:41:56,1,1,0,授课能力不佳，讲课多是从金融角度出发而非会计角度，零基础的同学很难听懂。知识点很松散没有逻辑。会点名同学回答问题。作业很复杂，远超课堂内学习的内容，整体学习感受很差。
141422,3789,刘起贵,2021-10-08 02:57:45,0,0,0,太注重课堂纪律了，不太行
141994,3789,刘起贵,2021-11-03 07:38:06,0,0,0,真顶不住了  快快下课
148980,3789,刘起贵,2022-01-14 05:41:18,-2,0,2,这个老师这么好 很纯粹啊 也很亲和 怎么分这么低
151673,3789,刘起贵,2022-03-11 07:10:07,1,1,0,给分太低，给分有熟人偏好
152415,3789,刘起贵,2022-04-09 14:15:10,-1,0,1,老师授课内容精彩
153065,3789,刘起贵,2022-04-24 17:08:42,0,0,0,超级大水课，普通话说不好，口齿不清。逻辑混乱。你以为能划水，错\n\n期末搞一堆事情给你。\n\n总结出一个规律，上课越水越烂的老师，期末事情越多。
153135,3789,刘起贵,2022-04-26 04:22:28,1,1,0,讲课挺会发散（但与学习有点无关），发音比较考验听众智商，给分有点太随意，作业交的认认真真，还邀请专业人士给出深度修改，然后给分低的不得了。看课堂回答印象给分的
157221,3789,刘起贵,2022-06-22 11:09:17,1,1,0,刘老师讲课的内容都很有意思，跟着刘老师学习我会主动课后去看资料，作业也不多。应该高分，可能大家觉得老师上课不够那么奔放所以才给分不高的吧，讲真话，挺喜欢刘老师的课。
71919,3866,莫申江,2018-01-29 05:45:33,-1,0,1,老师讲课不让用手机和电脑~静候出分
74317,3866,莫申江,2018-02-10 16:42:16,2,6,4,老师很会做人，给大家做名牌，讲课也还可以，设置的几个小组讨论的案例都不错。但是小组表演猪队友真的不是我的错啊，考前也公布了平时作业的成绩，完全没想到最后绩点这么低...大半夜的真是令人窒息
74319,3866,莫申江,2018-02-10 23:29:39,-3,6,9,出分慢且差，上课不点名天天翘课的比认真听讲的分高，呵呵
74320,3866,莫申江,2018-02-11 00:17:47,1,4,3,给分很低。上课氛围倒挺好，学不到东西也是真的。
74322,3866,莫申江,2018-02-11 01:08:22,-7,0,7,老师很绅士课也有趣，只是课上不让玩手机电脑，内容的话企业伦理嘛难免流于口头教学…
74323,3866,莫申江,2018-02-11 02:51:29,11,14,3,喵喵喵？难道只有我觉得老师课讲的好能学到很多东西吗？？？上课不允许玩手机用电脑的前提是用这些设备来干其他事情啊...而且也没见得真的大家都没有玩手机啊……也可能是我本人比较浅陋吧，反正在课上可以听到很多不一样的想法，很妙很妙啊?
74345,3866,莫申江,2018-02-12 07:44:42,7,8,1,老师很好，但为什么给分那么低……
74346,3866,莫申江,2018-02-12 11:24:14,-9,0,9,课上以讨论为主，讨论题目多半没有意义，听了一个冬学期感觉没什么收获，给分还低
74735,3866,莫申江,2018-03-05 10:41:26,10,11,1,能学到很多东西，教学方式与众不同
74737,3866,莫申江,2018-03-05 10:43:24,13,20,7,我觉得江哥的课是可以给人思考的，他也很鼓励大家用不同的思维角度去看问题，并不是讨论一定要有定论才有意义，碰撞和参与才重要啊。而且我们组有四个韩国留学生虽然一开始到课情况不太好，但是最后的小组展示都超级努力。\n\n给分慢可能是还没有熟悉吧
74738,3866,莫申江,2018-03-05 10:43:37,9,11,2,不明白大家想要的收获是什么样的 这一门课本来就是理念性的啊 说翘课的比认真听课的分高绝对是空穴来风 确实老师开学的时候说了可能抽人回答问题 不在的话平时分扣光最后没有那么做 但这难道不是一种善良吗 如果你认真听课了作业质量和考试还不如没有来上课的人 那这样叫认真听课也是令人无话可说了 总之个人认为老师很好 课程安排也很合适 能学到的不多但是很有用
74741,3866,莫申江,2018-03-05 10:58:24,0,2,2,听老师的课很有收获啊，尤其是在讨论里可以收获很多不一样的想法
74742,3866,莫申江,2018-03-05 10:59:03,6,7,1,虽然老师吓唬我们说点名回答没到课就扣分 可是就算到课率只有一半也从来没有点过名点过人回答啊 （刀子嘴豆腐心本人）上课形式很独特 能够引发思考 能够听到很多跟自己不同的想法 也能学到很多案例和价值理念 真的是很好很好的课了啊 最后的给分不算很好但是也不差哇 怪只怪自己个人作业做的不太认真平时不发言 那些说认真听课了给分不好的同学…大部分人都认真听课了吧…你做的不错了但是有很多人做的比你更好大概就是这个道理吧
74757,3866,莫申江,2018-03-05 14:27:45,5,6,1,老师的课是我入学以来上过的最特别，最有意思的课，课上会接触到很多商业案例，视野很广阔，课堂上也会有大量的讨论，老师总会设置很多情境迫使你不断地去思考，去探索，真的是给我最多启发的一门课！老师给分可能并没有大家想象得这么高，但是分数还是很客观的，总不可能大家都是理想的，也只能说有人做得更好！墙裂推荐大家选老师的课！真的很妙！
74889,3866,莫申江,2018-03-06 09:08:41,2,3,1,上课会接触到很多经典的与时俱进的案例，理论知识不多，都会结合讨论与案例来逐步推进课程。\n\n老师注重自己的思考，强调凡事都有两面性。\n\n
85898,3866,莫申江,2018-08-25 10:00:08,3,4,1,反正我喜欢
101264,3866,莫申江,2019-01-28 02:59:23,1,2,1,老师很好 课堂很好 给分真的不太好…
101279,3866,莫申江,2019-01-28 03:16:18,4,4,0,课堂掌控能力强，逻辑思维、表达清晰、温和。作为理科生，感觉对思维帮助很大。虽然，我中途课上做其他课作业，被老师抽起来回答问题，但老师没记仇，最后给我的分也很高
101290,3866,莫申江,2019-01-28 03:27:09,1,3,2,老师很真诚地在备课上课，课程形式也在尽力多样化，自己多去进一步钻研还是很有收获的。
120367,3866,莫申江,2019-12-01 04:10:38,0,2,2,一只?说他值得十分
120369,3866,莫申江,2019-12-01 04:50:00,4,6,2,?说值得十分！
121355,3866,莫申江,2019-12-18 09:53:53,-1,0,1,个人感觉msj真的是很良心很好的老师了。\n\n        课程前期听上去会觉得浅薄但是后期会逐渐引入理论模型，为了不让课程无聊同时加深理解还有实践演绎课。\n\n        小组是提前分好的，留学生普遍lofting也是很无奈的，但是有的留学生真的能带的动。这一点我一开始不适应和老莫聊了几次后才明白老师良苦用心，“毕竟到了公司有时候你的team里不会都是你想要的人来合作，所以你也要学着去适应环境的”。\n\n        至于课堂讨论，有时候其实是循循善诱目的在里面，毕竟不是企业内部的人很多信息没有的话天马行空的发言也会出现这点我理解的\n\n       然后就是CSR这边的理论确实无法量化，确实无法得到准确的可行性分析，但这些模型啊理论啊，思维方法啊，有一说一，实习后你发现是会是真的有用。
122731,3866,莫申江,2020-03-26 18:37:39,0,0,0,学到东西，时间观念强，调动性好
126853,3866,莫申江,2020-10-25 04:47:13,0,0,0,案例结合，深入浅出，非常喜欢莫老师的课
127246,3866,莫申江,2020-11-17 04:27:42,0,0,0,准备充分，非常负责，引导学生思考，给予了很大的启发
128392,3866,莫申江,2020-12-22 06:48:33,0,0,0,最爱的老师，超可爱
129304,3866,莫申江,2021-01-04 04:04:07,0,0,0,感觉挺好的
131014,3866,莫申江,2021-01-25 14:35:09,0,0,0,老师人很好，课程有有意义，给分略伤心。
131024,3866,莫申江,2021-01-25 14:50:48,1,2,1,给分略伤心，老师的课程设计很用心
131358,3866,莫申江,2021-01-27 07:37:41,0,1,1,给分还可以吧，两次作业都是9分，小组项目设计倒数第三，考试自认为考得还行，客观题和概念题基本都找到了，最后4.2，仅供参考。不过莫老师上课是真的有意思。
133009,3866,莫申江,2021-02-06 06:29:46,0,2,2,给分很差
134154,3866,莫申江,2021-03-17 07:49:39,2,4,2,课堂互动很好的年轻老师，学术上已经很牛了，以后会是大牛。
147070,3866,莫申江,2022-01-08 14:51:04,1,2,1,生姜老师人很好，很大方，（是真的很大方！）一开始还觉得是很严肃的，结果人很温和亲切。做好了给分不好的准备，结果出来后意外之喜。
147130,3866,莫申江,2022-01-09 00:28:45,1,4,3,莫老师课上的很好，课堂内容很有趣，是很值得参与的一门课。\n\n关于给分：我感觉还可以，小组作业什么的都是差不多倒数，最后结果也还行（可能期末考也有关系？）\n\n打了9分，老师10分，给互评机制扣一分，展示互评不去最高最低分，奇奇怪怪的打分就出现了。
147418,3866,莫申江,2022-01-10 03:05:58,0,1,1,伦理与社会责任--老师很温文尔雅 讲课也很舒服 很好的老师 非常亲切 感觉老师捞我了 给分挺好的
147875,3866,莫申江,2022-01-11 04:53:39,0,2,2,很赞的老师
154437,3866,莫申江,2022-06-01 10:51:02,0,2,2,莫老师，好！
154615,3866,莫申江,2022-06-02 12:44:05,-2,1,3,真是太好了
166258,3866,莫申江,2023-01-11 14:50:23,1,4,3,老师上课真的挺好的，讲的很有趣，有深度，听课率非常高，也确实让我们进行了深入的思考。\n\n但是\n\n考试内容确实也没很详细地讲，自己虽然复习了但是好像抓不住重点。\n\n给分3.9对我来说真的很难看…\n\n平时上课也回答问题，下课也有与老师交流，作业也认真做了…\n\n难过。
166305,3866,莫申江,2023-01-12 01:21:29,-5,2,7,91 给分中规中矩吧
166313,3866,莫申江,2023-01-12 02:20:47,-3,3,6,老师讲的不错，但认认真真学+复习了还没上4（85分）我哭死
166334,3866,莫申江,2023-01-12 03:40:51,-2,2,4,给分不太好
166337,3866,莫申江,2023-01-12 03:49:37,9,10,1,1.讲课很有吸引力，算是我听的最认真的一个老师。相比之下会计学 财务管理都听不下去，差点挂科。\n\n2.给分还行，完全按照规则，比较求是。我们小组展示倒数，(也不赖我们，很多原因，可能是那个企业就不合适。)个人作业我是认认真真完成的，老师复盘作业的时候我也写到了点子上。甚至第一次作业写鸿星尔克还和老师引起了共鸣。\n\n3.老师很关心学生，回邮件速度很快。(我发了两次，没留名)然后课上互动也很好(指的是线下。线上没怎么听过了。\n\n4.复习很重要，我从头到尾把PPT看了三到四遍，A4纸借鉴的林学姐。考试题目说实话，大题很灵活，只能自己去归纳。我写的不算多，但是感觉写到了点子上.\n\n5.说实话，感觉我的思维和老师的思维差不多，都是这么个回路。感觉这个很重要。要去把握他的思维方式。\n\n6.拿了90  很满意了  而且付出也很多，感谢老师。
166339,3866,莫申江,2023-01-12 03:56:37,0,3,3,很喜欢老师上课的模式，引人入胜，在伦社这门课上也投入了很多的时间，但是课程的给分真的非常求是…（哭了，没想到会这么低）
167434,3866,莫申江,2023-01-16 08:34:33,0,1,1,老师是很好的老师，无论是上课风格，还是对待学生的态度都是无可挑剔的。但在唯绩点论的大环境下给分求是也成了一种缺点，我看到得分的时候也失落了一阵子，然后上查老师看大家的评论也大都如此，唉，只能说现在的大学教育机制存在一些问题，“好课”和给分挂钩就显得没那么纯粹了，可是大部分人在选课的时候不得不把给分考虑进去……
189444,3866,莫申江,2024-01-24 09:01:35,0,0,0,上课上得很好，人也很好！考试时带了一张A4纸，基本上都能找到~给分是91，虽然我们小组评分还是倒数（实在是想不到什么项目了哈哈哈
213412,3866,莫申江,2025-01-17 08:47:07,1,1,0,我觉得蛮好的，老师上课讲的案例也都很新颖，会激发大家思考。\n\n总体的课堂氛围很轻松，任务也不重，两次个人作业（很少）+一个小组作业（任务也不多，2/3个周末感觉就差不多了），主要就听课就行。\n\n考核上不把发言作为硬性指标，而且每次的个人作业也会限制在1张A4纸以内，小组作业最终也只需要交ppt（没有大论文好评），蛮好的。\n\n我的分数还可以，小组项目我们得分中游，我大概是期末考考得还行。\n\n（这边建议大家还是要好好先看一遍ppt和98上的资料，然后自己稍微改一点、理一下，直接就拿来打印可能会遗漏很多，尤其是ppt上最后新加的内容，好像是创新什么的，忘了）\n\n老师给分应该是比较求是的，这也不能算缺点，毕竟规矩就是规矩。\n\n但是这节课我觉得也还是有点点缺点的：\n\na全是早八（甚至期末考也是早八sos），希望还是能一节早八一节早十这样；\n\nb请人来做讲座那次好像比较无聊，没听出点啥真的有用的，要么是他水平太差了要么是我理解力不够；\n\nc小组作业对接企业，然后我们去找出它们的一些问题、并提出对策，我感觉真的挺难的（尤其是对一些不那么大的企业，他们我感觉甚至还只是那种勉强度日的状态，根本还没到那么高的境界或者数字化变革的阶段，抽到了就几乎要完蛋了，而且大家抽到不同的企业，在起跑线上也就不一样了）。其实我个人会更喜欢比如整个班就找3/4个企业（最好是大厂），然后不同的两三个小组都去做这些企业的研究项目（从不同角度切入），或许会更公平，更有可比性，内容上也会更充实。\n\n（当然这些都只是我的一点点个人想法，老师为我们每个组都找了不同的企业的联系人，其实也是另一种让大家多接触、课堂内容更丰富的考量）\n\nall in all，我感觉还是很不错的，还是能学到不少的，而且没有硬性的发言要求（但感觉发言和交流还是会对印象分有影响），总体还是推荐大家选的。
213459,3866,莫申江,2025-01-17 13:08:44,2,2,0,莫老师是一个非常好的老师，不管是对待教学还是对待学生，和老师交流并不会感到什么压力。一个学期跟着老师学下来还是颇有收获的，从更多的视角去分析问题。最后也是拿到的一个我个人比较满意的成绩，老师求是这一点，毕竟自己的分数就是自己学出来的，就我个人认为不能当作一个批判点。特别棒的老师~
213828,3866,莫申江,2025-01-20 07:37:04,0,0,0,每节课会把点名的纸放在门口让大家签名\n\n老师很和蔼，能认识大家的名字，上课会亲切的叫我们\n\n老师课也上的很好，每节课都很生动有趣\n\n但是两节早八、、遂我偷偷翘了几次\n\n作业是两个个人作业（限制在一张A4纸）\n\n一次企业参访，这个难度比较大的，要自己去对应企业参访和调研\n\n期末只要根据这个小组做一个PPT，不用写论文，蛮好的\n\n期末考是半开卷，可以带一张A4纸，前面的选填啥的都能找到\n\n大题的话有一些开放性，要看自己上课听没听啦哈哈\n\n组员说给分略伤心，我我组长，最后拿了4.2，虽然不是很高，但是由于之前就听说了老师很求是，所以也不觉得很失望啦哈哈哈
195163,3990,吴为进,2024-06-27 03:53:25,9,9,0,史史史
87520,4002,李俊杰,2018-09-30 15:57:25,-4,0,4,垃圾老师给分迷
157968,4002,李俊杰,2022-06-26 00:45:32,2,2,0,给分真的很迷
176654,4002,李俊杰,2023-06-29 14:58:00,2,2,0,给分很烂很恶心，把袁泉老师课退了选他，真的想回去抽自己几巴掌
176758,4002,李俊杰,2023-06-30 04:16:08,-2,0,2,作业什么的基本每年都差不多，有心的可以去扒往年智云，认真学也能学到东西，最后给分还可以
101393,4121,应天煜,2019-01-28 06:34:29,2,4,2,旅游与酒店应用研究。老师上课很好，英语口语很棒，也很体谅学生，考试周前的课还会提前下课。期中一个开卷考，期末一篇合作论文+展示，压力不大。希望老师给分也好！还是很感谢老师！
101843,4121,应天煜,2019-01-29 08:57:44,7,10,3,老师很棒！
101888,4121,应天煜,2019-01-29 12:46:44,2,4,2,非常体谅学生，同时又希望能教授有意义的东西
107638,4121,应天煜,2019-05-08 01:05:02,5,7,2,老师出成绩很慢
108131,4121,应天煜,2019-05-15 13:05:58,4,5,1,管理沟通课真的很棒！老师很亲切。
108247,4121,应天煜,2019-05-17 11:03:53,3,8,5,管理沟通真是被老师上成了 家庭信息介绍课啊，老婆在华为上班，家里俩孩子，不错不错?老师水平还是很高滴，毕竟海归，给个满分先
108771,4121,应天煜,2019-06-01 16:22:49,0,0,0,还不错
109400,4121,应天煜,2019-06-14 02:12:30,1,1,0,上了老师的管理沟通 老师人好上课也好【虽然很容易扯远但他自己知道?】一个个人作业一个小组作业一次随堂期末测试【老师说不用当成考试的不要有压力】和平时的讨论 给分超好！词穷女孩打满分就是了
109484,4121,应天煜,2019-06-15 16:09:01,1,1,0,很有趣的老师
117492,4121,应天煜,2019-09-25 04:31:53,0,1,1,很棒的老师
123679,4121,应天煜,2020-06-11 10:35:30,0,1,1,老师人很好，很关心学生，讲课也讲得蛮好，作业量不会太大\n\n唯一的缺点就是给分太慢了。春学期的课，分数到现在都还没有出来 \n\n我等得好苦啊 T_T
124590,4121,应天煜,2020-07-03 10:39:02,0,2,2,老师 管理沟通什么时候出成绩啊 我等了半个学期了
124745,4121,应天煜,2020-07-07 17:25:36,0,3,3,管理沟通，挺不错哒！如果想要满🐔，最后的随堂测试（第一次的选择有、、玄）要做好一些。
135733,4121,应天煜,2021-05-22 07:40:02,0,6,6,评分标准很棒 MOOC作业不多 认真做最终的线上考试就行啦！成绩分数给很高 爱了爱了
135735,4121,应天煜,2021-05-22 08:54:58,1,6,5,虽然课上的不错但，这也叫给分好？
135740,4121,应天煜,2021-05-22 14:38:31,0,1,1,老师上课很有趣，课下事也不多，给分也很好，小组作业和MOOC测试好好做的话分数很不错滴
135741,4121,应天煜,2021-05-22 23:28:51,-1,2,3,事少分高，管理沟通这门课确实不错
135742,4121,应天煜,2021-05-23 01:28:55,0,3,3,给分很好很好的老师！事情不多上课也很有意思，感觉小组作业好好做小测验好好考分数就会很好。
136157,4121,应天煜,2021-06-29 12:33:11,16,19,3,男神男神～\n\n如果想要绩点高一些的话，建议成为组长or代表组上台展示；在最后一堂课考试前把ppt内容过一遍；（智慧树只看期末成绩，所以）智慧树考试前要把书仔细过一遍（除了事例）做好整理，祝大家都能取得高绩点～\n\n平时上课还是要去的，老师时不时会给讨论时间，讨论完了要把结果加上讨论组员姓名交上去的，估计是算点名8
153205,4121,应天煜,2022-04-26 15:13:40,4,9,5,给分巨好  课巨水  幽默有趣
153209,4121,应天煜,2022-04-26 15:30:35,-1,7,8,绩杀啊，智慧树PPT都认真看，上课认真听，每节课都到，一点不划水，这么低？？
153238,4121,应天煜,2022-04-27 03:33:19,-1,3,4,老师讲课很有趣，考核不会很难，想修个性的同学可以冲
157783,4121,应天煜,2022-06-24 23:01:49,-1,2,3,老师人很好，上课还讲了很多自己的故事，最后给分也很好，选就对了
157836,4121,应天煜,2022-06-25 05:14:07,0,8,8,真的绩杀，没想到居然给分这么差
172699,4121,应天煜,2023-05-04 13:57:15,0,1,1,出分非常非常非常慢
174225,4121,应天煜,2023-06-08 02:34:25,0,0,0,出分超慢，给分超好😍😍
174245,4121,应天煜,2023-06-08 06:37:32,0,0,0,出分了，真的给分很好，没有感觉到压分什么的，上课听听很有意思，水一水也无所谓
174264,4121,应天煜,2023-06-08 11:43:56,0,0,0,好好好！
174458,4121,应天煜,2023-06-12 13:06:12,-1,0,1,给分出乎意料的好！！！
185124,4121,应天煜,2023-12-26 11:39:04,0,0,0,挺好的，挺水的
192338,4121,应天煜,2024-05-16 02:29:22,1,5,4,春学期结束了来给老师评价！虽然是一门通识课，但是老师上课真的有很多干货，老师也非常能说哈哈哈哈哈哈哈，学到了很多真的能运用到生活中的沟通方式。任务就是一次小测一次期末考试最后小组做一次展示，任务不是很多，小测和期末考试也是复习ppt就可以做好。我的情况是：小测有一点崩，期末考的还行，小组展示做的也还行，最后89分极限被捞到4.5。老师非常不错！无论是管院的课还是通识课都强力推荐！
192340,4121,应天煜,2024-05-16 03:13:38,2,2,0,有点卡绩
192343,4121,应天煜,2024-05-16 05:15:39,3,4,1,2024春管理沟通的通识课~\n\n老师讲课的内容还是蛮有意思的 总共包括一份个人作业 以及小组展示和期末考 \n\n个人感觉可能是因为自己期末考试发挥的不是特别好 所以给分也没有预想的好 \n\n当然水水也不错 就是出分比较慢
192751,4121,应天煜,2024-05-30 05:00:12,0,0,0,老师很有意思，有点水的
193175,4121,应天煜,2024-06-04 07:31:41,0,0,0,课挺水的，但我应该是期末考崩了，给分没预想的好...不过还是推荐选的，最后考前记得多看ppt
193481,4121,应天煜,2024-06-11 11:11:29,0,0,0,老师管理沟通给分真的好，事少分高，讲课也超有意思，老师人很好
197264,4121,应天煜,2024-07-10 03:33:00,0,1,1,强烈推荐管理沟通！
217340,4121,应天煜,2025-04-09 01:25:32,0,0,0,期末考试作弊是不管的，也不点名的…老师你的仁慈让我们到场的老实人受苦了。
75653,4231,刘博,2018-03-15 00:20:40,7,15,8,同学互换批作业！还打分！上课讲贼快
75917,4231,刘博,2018-03-29 17:08:36,4,13,9,很烂 烂极了。
76196,4231,刘博,2018-03-29 00:37:19,7,15,8,事多 冷脸
76267,4231,刘博,2018-04-03 15:01:08,-2,12,14,老师可能经验不足吧，但态度是认真的，不应该这样黑她
76533,4231,刘博,2018-04-19 00:24:15,-3,16,19,真的0分 可惜查老师没有0分\n\n讲课垃圾\n\n声音轻\n\n作业事多\n\n总是自以为是的在想\n\n上课总会自己突然提一个观点然后自己都不知道对不对然后问大家“你们觉得对不对呢我们讨论一下”我们都没学过这门课做什么判断啊？？你是脑子进水的吗？？？不能在上课前先知道最后结果再发问？？\n\n上课体验极差\n\n最前面还很努力了，又是这种圣母论断也笑死讲的不好就该直接讲知道吗
76919,4231,刘博,2018-04-26 02:43:17,5,10,5,作业同学互批，给分没有标准\n\n事多，上课逻辑混乱、声音轻\n\n上课感受极其心塞
77820,4231,刘博,2018-05-08 03:38:01,-6,3,9,讲课真一般\n\n给分真的好
77846,4231,刘博,2018-05-08 06:26:30,-3,2,5,给分好
78039,4231,刘博,2018-05-09 06:06:01,-8,1,9,给分不是一般的好！！
78043,4231,刘博,2018-05-09 06:29:37,-6,2,8,给分好 不解释
79283,4231,刘博,2018-05-30 03:38:47,4,6,2,一言难尽
79887,4231,刘博,2018-06-15 02:03:31,3,6,3,所以这是个体育老师吗?？
80490,4231,刘博,2018-06-27 04:50:33,62,82,20,看前面的评论，搞搞清楚这是哪个老师吧\n\n教篮球班的刘博，作业互批？上课圣母？\n\n别的我不说，就冲前面这几位神仙的态度，应该先去配副眼镜吧。\n\n上篮球课的刘博，满分，放心大胆选。
82030,4231,刘博,2018-07-07 01:58:10,-2,3,5,老师考试还是很好的呀
90858,4231,刘博,2019-05-14 10:28:44,12,18,6,差 上课不知道在讲什么 缺课一次请假也没用 直接两点几 祝早日得到报应\n\n
90861,4231,刘博,2018-11-26 19:54:58,10,18,8,垃圾！讲课贼烂！请假得不到回复 被点到一次名不在直接给60几 给分随心所欲毫无标准。
92627,4231,刘博,2019-01-03 07:05:18,3,5,2,体育篮球课的刘博老师是一个好老师，上课幽默风趣，篮球课唯一的缺点就是考核对于没有基础的人来说比较困难
97397,4231,刘博,2019-01-22 08:37:34,-3,2,5,老师人超好 对女生好不说 而且给分超级棒
100187,4231,刘博,2019-01-25 17:02:50,12,17,5,想请问一下老师，战略成本管理的第三次小测您看了吗，说好的取最高的一次呢，还是只用来点名了 微笑.jpg
105764,4231,刘博,2019-04-20 07:17:53,6,10,4,管理会计讲课节奏太快了，太快了，太快了，感觉有很多东西都没讲清楚
106952,4231,刘博,2019-04-30 11:28:41,0,4,4,管会给分好！
106954,4231,刘博,2019-04-30 11:34:09,2,5,3,差评 给一分 一生黑
107067,4231,刘博,2019-05-01 09:22:59,3,4,1,老师讲课比较快 上课不能走神 不然会跟不上 给分挺好的
107654,4231,刘博,2019-05-08 03:40:23,0,2,2,有点无聊，不如多讲在实际中的应用，不然就是计算方法那自己也可以学明白
108414,4231,刘博,2019-05-23 07:06:31,1,6,5,这个老师给人一种阴森森的感觉，对学生要求极其严格，实际自己上课水平有限，讲不清楚。沟通困难，这样有性格障碍的人为什么可以做老师？
118109,4231,刘博,2019-11-07 04:10:22,5,5,0,极品的体验
118851,4231,刘博,2019-11-07 04:13:14,2,4,2,专门为了为难学生而存在的老师
119093,4231,刘博,2019-11-11 12:46:00,1,2,1,小测好狠呀
119361,4231,刘博,2019-11-12 09:15:15,0,1,1,出分没有大家没有默契谢谢老师的一门课
119660,4231,刘博,2019-11-14 16:19:32,-3,1,4,给分是真的好，说给分不好的要么平时没有好好学要么就是期末没考好吧
124502,4231,刘博,2020-07-02 05:28:29,2,3,1,遇到就赶紧跑吧
127582,4231,刘博,2020-11-24 16:04:32,0,1,1,还挺好
128740,4231,刘博,2020-12-25 06:22:33,3,4,1,这是篮球老师，话不多说，就是很好
128786,4231,刘博,2020-12-25 09:54:35,4,4,0,哈哈哈哈大家都搞错了吧，刘博老师是教篮球的，人超级奈斯
129888,4231,刘博,2021-01-13 08:01:30,-3,3,6,这种垃圾老师，太阴暗了，上课讲的超级烂不说，什么也学不到，然后评价体系也十分苛刻，好像给学生高分对她有很大的损失一样.....手动白眼。
135040,4231,刘博,2021-04-27 13:43:43,6,7,1,搞搞清楚好不好啦，这是篮球课的老师，人好得不行好吧，真服了，果断10分
136113,4231,刘博,2021-06-11 04:10:43,5,5,0,篮球课的刘老师是我遇到过最好的篮球老师，给分贼好
144301,4231,刘博,2021-12-21 05:00:46,10,10,0,这是体育老师啊！！！我为刘博姐姐正名！！！其他人怪不得拿低分，老师不看清楚就在这狂喷，活该！
172637,4231,刘博,2023-05-03 02:08:32,-1,0,1,快跑！！！
173734,4231,刘博,2023-06-02 05:17:46,1,1,0,篮球超好
184651,4231,刘博,2023-12-22 05:20:32,2,2,0,这TM是体育老师啊\n\n给刘老师正名\n\n体育课哪里来的作业互评\n\n——————————————\n\n期末考没过会多给你机会直到过了为止\n\n加上篮球中级班的本来就不难\n\n所以一般人都能拿到满分的
205995,4231,刘博,2024-12-13 02:47:18,0,0,0,篮球初级班\n\n好
118508,4452,吴晓波,2019-10-27 17:33:36,-1,8,9,男神老师！博学谦逊
124385,4452,吴晓波,2020-06-30 03:53:33,9,20,11,上课有点严，在线教学不像其他老师那样直播，而是选择视频会议模式，就为了实时与同学交流。\n\n吴老师知识渊博，治学严谨，旁征博引，讲课高屋建瓴，能看出一心为了学生能学有所获而用心付出。
133354,4452,吴晓波,2021-02-26 07:14:15,3,3,0,给分很一般很一般   作为通识课   平时任务和考核都不少
133393,4452,吴晓波,2021-02-26 15:28:00,11,17,6,一个破通识课，那么多作业，还有大报告，每节课都去了作业也都交了居然还给挂了，真是脑残
143798,4452,吴晓波,2021-12-07 01:23:08,4,4,0,课程事情很多，上课高频率点人回答问题，课后作业不少，有单人的，有小组的，最后还有大报告
143816,4452,吴晓波,2021-12-07 11:51:47,3,3,0,高频互动，摸鱼绕路，作业很多，有挂的可能
144237,4452,吴晓波,2021-12-21 01:44:38,1,2,1,通识课作业居多……
144496,4452,吴晓波,2021-12-22 01:25:33,2,3,1,通识课破事真多
144911,4452,吴晓波,2021-12-26 01:59:54,4,5,1,经常性点人回答问题，作业多，会挂人的，快跑！！！
147126,4452,吴晓波,2022-01-09 00:13:33,0,3,3,能过的！\n\n小作业只要一个小时：有字数上限，不需要卷。。\n\n大论文只要一天：有细致的内容规定，按要求一条一条写就好，注意行文逻辑，战略工具运用，有数据案例支持，图文并茂。。\n\n上课么，雷达签到！\n\n疯狂划水也有不错的成绩\n\n（研究生课程）
147372,4452,吴晓波,2022-01-10 01:00:33,0,1,1,事情多（上课点名互动+不少的课后作业），给分差
196812,4452,吴晓波,2024-07-05 08:55:14,2,2,0,ITP建议不去上课，期末好好考多写点就好了
77320,4542,章魏,2018-05-04 15:18:15,4,4,0,老师很nice 也很关心同学
78302,4542,章魏,2018-05-10 15:16:24,5,5,0,老师超好的w
78516,4542,章魏,2018-05-12 12:25:24,3,3,0,给分巨好，讲课清楚，关心同学
87198,4542,章魏,2018-09-22 02:57:46,0,0,0,太较真，迟到1分钟也要扣分
107434,4542,章魏,2019-05-05 07:06:03,1,2,1,项目管理课程内容比较简单，老师把课堂设置的比较有趣，老师人也很好，平时事情有点多，考试挺简单的。整体体验很不错。
115436,4542,章魏,2019-07-23 15:07:38,0,2,2,老师一般，可是助教非常差，给分跟闭着眼给的一样，如果想要高分，唯一的办法就是你要长得讨助教喜欢，因为非常不公平的一位助教
135217,4542,章魏,2021-05-06 05:58:11,0,0,0,老师真的很好，会学到知识，给分也好
133607,4545,周欣悦,2021-03-02 16:33:39,1,1,0,很好的老师
135322,4545,周欣悦,2021-05-08 06:06:33,5,7,2,请好好改一下发言的体制，别按照发言来计分了，太混乱了
151439,4545,周欣悦,2022-03-03 07:37:22,1,1,0,讲课很有意思
172696,4545,周欣悦,2023-05-04 12:44:52,-1,0,1,1.整体评分体制很完善，和隔壁老师班级的评分体制是一样的，很透明，想要高分直接把每个部分做好就行，关于发言，根据我最后的得分推算，老师很有可能拉高了得分，不过发言也不难，坐在位置上简单交流也是算的\n\n2.上课蛮有意思，老师的case还是很好玩的，个人魅力也很强\n\n3.外专业可冲！
72728,4686,刘涛,2018-01-31 03:48:53,12,26,14,看来刘老师投诉成功了。
72756,4686,刘涛,2018-01-31 04:55:33,6,7,1,讲课好！\n\n声音好！\n\n脾气好！\n\n随和又幽默～\n\n只要稍微认真点，\n\n给分也特好！\n\n平时任务不算多，关键是理解知识点。\n\n终于找到管理学院的这位刘老师啦，社会心理学适合各个专业的小仙女(>^ω^<)推荐！
72764,4686,刘涛,2018-01-31 05:06:44,8,10,2,刘老师人超好～亲密关系讲的6得飞起。最后的心理剧也特别好看～就是布置得太紧张(可能是知道早点布置也没用吧) 给分也很好！期末40道选择题给你的考试周减压！
72769,4686,刘涛,2018-01-31 05:12:54,3,3,0,是老师也是朋友
72787,4686,刘涛,2018-01-31 05:34:26,6,6,0,非常和善，非常亲近学生，很懂谈恋爱的套路的老师！社会心理学课轻松又愉快！
72803,4686,刘涛,2018-01-31 05:58:10,1,3,2,老师人超级好上课非常有意思 ପ( ˘ᵕ˘ ) ੭ ☆\n\n课程非常有趣还会教你谈恋爱 \n\n经过老师的投诉查老师上终于有他的一席之地了\n\n打满打满
72805,4686,刘涛,2018-01-31 05:59:22,1,1,0,非常好，课程轻松，最后考试也很轻松，老师萌萌的，强推。
72830,4686,刘涛,2018-01-31 06:55:07,3,3,0,老师无论是作为班主任，还是作为老师都是绝对出色的，乐于帮助学生，年轻，PPT课堂都超级有趣，为人超级超级好
72835,4686,刘涛,2018-01-31 07:25:00,1,2,1,萌萌哒
72870,4686,刘涛,2018-01-31 08:25:39,1,1,0,很亲切，很棒\n\n
72995,4686,刘涛,2018-01-31 14:11:50,0,1,1,课堂气氛非常活跃哈哈哈哈，老师简直跟我们朋友似的，轻松地度过了一学期~16级学生来此祝贺老师投诉成功2333
74480,4686,刘涛,2018-02-27 15:01:41,1,1,0,亦师亦友
79041,4686,刘涛,2018-05-21 10:27:14,3,3,0,太棒的老师
79903,4686,刘涛,2018-06-15 04:04:19,1,1,0,是很有意思 考核制度不严 给分超级好 考试全是选择题的一门课！
88562,4686,刘涛,2018-11-01 11:45:16,3,5,2,提问:营销专题作业多吗
95943,4686,刘涛,2019-01-20 09:03:33,0,1,1,社心还是不错的，每周写一点感想，最后一节课划重点。
95958,4686,刘涛,2019-01-20 09:27:18,0,1,1,涛哥人很有意思的
95961,4686,刘涛,2019-01-20 09:32:09,0,1,1,大学以来最愉快的几门课之一吧，欢迎各类专业的同学选涛哥的社心课hhhhhhh
96031,4686,刘涛,2019-01-20 11:43:05,1,1,0,社会心理学:平时有作业，期末会有展示，演个小品。平时如果缺课，就和老师打个招呼就好了，给分还算不错，老师人超好，上课很舒服，知识也挺实用的，评10分不算多
96082,4686,刘涛,2019-01-20 12:34:24,2,2,0,nice and interesting
96338,4686,刘涛,2019-01-21 00:39:20,2,4,2,真的很好很好的老师…讲课用心 互动多 考核压力小，超级尊重学生，真的很喜欢的老师
97172,4686,刘涛,2019-01-21 23:33:04,3,3,0,老师讲课很好，气氛也超活跃，很喜欢这门课。只是最后的绩点我有点失望，怎么办呢，大概是因为我太菜了吧。
100466,4686,刘涛,2019-01-26 07:15:38,0,2,2,老师的课超级棒，老师的三观超正，好像成功对自己和他人的心理多了一点认识，每节课的答疑，是真的很用心回答同学们的问题，每次上完课，心情都会好一些，老师有点像太阳～\n\n考前早上六点多钟问了老师一个问题，老师居然很快回复了还说考试加油(ง •̀_•́)ง\n\n谢谢老师吖，老师真的超棒的，强烈安利
106321,4686,刘涛,2019-04-26 10:17:19,1,2,1,世界上最好的导师
111093,4686,刘涛,2019-06-29 15:06:36,0,2,2,既实用又有高分
118305,4686,刘涛,2019-10-24 13:19:26,0,2,2,最好的老师没有之一
128836,4686,刘涛,2020-12-26 01:13:33,0,2,2,真的是上大学来遇到的最好的老师！！！
129577,4686,刘涛,2021-01-07 15:17:57,1,1,0,老师太好了！选了他的课，他真的会帮我解答情感问题！大爱！男神！
130199,4686,刘涛,2021-01-19 03:02:57,0,2,2,老师讲课很好，是挺不错的老师。我是把市场营销学当做个性来修的，这个课没有什么门槛，但是平时每周都有随笔作业，有两次小组大作业（要展示），最后期末考闭卷占比60%，考完期末考以后还要做一些大作业的收尾工作，如果是本身专业就比较忙的同学还是不推荐做个性了，因为事情真的挺多的。
151048,4686,刘涛,2022-02-22 08:22:50,3,3,0,上大学以来top级别的老师
153083,4686,刘涛,2022-04-25 05:13:28,0,0,0,老师您消费者神经科学怎么还不出分呜呜呜 每天都担心自己挂了
153454,4686,刘涛,2022-04-30 09:00:10,6,6,0,温柔细心 处处为学生考虑 课程干货满满 讲课生动有趣 真诚优秀的好老师 刘老师值得10分！
153527,4686,刘涛,2022-05-04 00:00:51,2,2,0,消费者神经科学，事少分好\n\n老师真的绅士，爱了爱了
153678,4686,刘涛,2022-05-07 15:33:37,-1,0,1,非常温柔和耐心的一位老师，上课很有趣，能学到很多知识，给分也好
155434,4686,刘涛,2022-06-12 16:23:52,8,10,2,新课：社会保障制度，期末开卷，平时没有作业，但是要多发言。通识课毕竟要正态，也是没办法的事。不过老师的课堂和同学们的发言总是能激起思维的火花，是一门不要绩点也值得上的课。
156967,4686,刘涛,2022-06-21 12:47:17,1,1,0,真不错
158159,4686,刘涛,2022-07-01 04:30:39,2,4,2,老师出分好慢啊，先给个十分，激励一下老师加快速度。
166135,4686,刘涛,2023-01-11 07:25:18,1,2,1,老师讲的真好，给分不太行
171895,4686,刘涛,2023-04-11 10:52:45,-1,2,3,上课讲得烂，作业布置不合理，对上课不重视，以为自己很牛逼
173837,4686,刘涛,2023-06-03 12:29:26,5,5,0,现代社会保障制度，嘎嘎推荐，老师很博学，讲得很好，我一个工科生都喜欢听了，甚至都思考发言了
174677,4686,刘涛,2023-06-15 11:58:26,0,2,2,严重怀疑老师是王者老玩家
174980,4686,刘涛,2023-06-20 13:40:14,2,2,0,在浙大的四年中，他是我见过的最好的老师
177969,4686,刘涛,2023-07-06 01:23:53,5,5,0,公共管理学的刘涛老师！\n\n一言以蔽之：这才是浙大水平，浙大之光！！！
178215,4686,刘涛,2023-07-08 06:46:31,3,3,0,现代社会保障制度，讲得不错，给分不太行
178706,4686,刘涛,2023-07-19 02:53:32,6,6,0,公共管理学院 现代社会保障制度 刘涛老师\n\n老师很博学，认真上课能听到很多东西\n\n考核：不点名，一次都没有；平时分：3次上课发言or课程小论文（字数不超1500左右）：期末开卷考，什么书都能带。\n\n给分：喜提学期最低绩点\n\n建议：如果是水水通识学分可以考虑，事情非常少。但是想要刷绩点，拿高分，劝退！
180986,4686,刘涛,2023-09-30 14:14:20,7,9,2,公管院的刘老师和管院的刘老师不是一个老师啊喂！
185725,4686,刘涛,2024-01-04 02:11:06,-1,0,1,刘老师是我整个大学TOP3，甚至逼近TOP1的老师！！\n\n这才是大学该有的老师啊，我哭
72553,4751,王贞玉,2018-02-21 06:17:55,-1,0,1,垃圾老师，毁我绩点。
86228,4751,王贞玉,2018-09-11 04:12:13,0,0,0,打分很不公平。
87184,4751,王贞玉,2018-09-21 12:08:55,0,0,0,给分太随意
159761,4751,王贞玉,2022-08-28 12:40:16,0,0,0,废话好多，偏离主题
160492,4751,王贞玉,2022-09-24 11:02:31,1,1,0,老师人挺好的
73023,4769,徐晓燕,2018-01-31 15:40:53,12,14,2,这么好的会计老师，不知道哪里找，虽然期末考得简单，但是上会计课不会让人想睡觉，比会计基础好太多！
75272,4769,徐晓燕,2018-03-08 10:26:14,7,11,4,能把会计讲得有趣的老师！
75809,4769,徐晓燕,2018-03-19 03:06:33,23,28,5,四不四
79591,4769,徐晓燕,2018-06-14 07:48:50,8,10,2,讲得很好
81240,4769,徐晓燕,2018-07-04 12:00:49,6,7,1,老师真的很棒！讲得很好！而且人真的非常好！从不为难学生！最大的目标就是学生学好东西而不是一些很虚浮的东西～女神老师
82022,4769,徐晓燕,2018-07-07 01:32:30,4,6,2,好！！
82028,4769,徐晓燕,2018-07-09 05:42:06,8,10,2,世界上为什么会有这么好的老师呢？上课讲的好，希望我们不仅仅局限在书本上面，深入浅出。给分也好，不为难学生，能听进去学生的感受。我爱老师！！
82034,4769,徐晓燕,2018-07-07 02:11:11,7,9,2,能把中财讲的深入浅出，有条有理，同时不为难学生！100昏！！！
82638,4769,徐晓燕,2018-07-09 01:33:16,7,8,1,很棒呀给分也好
82696,4769,徐晓燕,2018-07-10 10:37:13,23,25,2,老师给我了99我却只能给老师10分
82699,4769,徐晓燕,2018-07-09 03:36:29,5,6,1,太棒了吧简直女神
82885,4769,徐晓燕,2018-07-09 09:06:26,7,7,0,老师人真的太好了
83019,4769,徐晓燕,2018-07-09 13:24:30,9,11,2,墙裂要求老师开中财2！
85566,4769,徐晓燕,2018-07-19 15:44:47,-8,4,12,绝妙的老师！会计学考题全部来自于课后大作业！
87017,4769,徐晓燕,2018-09-20 03:12:29,5,6,1,好? ? !
92351,4769,徐晓燕,2018-12-28 02:56:03,2,3,1,真实女神了
92780,4769,徐晓燕,2019-01-04 11:34:14,2,3,1,很厉害
98135,4769,徐晓燕,2019-01-23 06:02:39,3,3,0,求求老师开中财2吧！
103894,4769,徐晓燕,2019-03-07 04:17:32,4,4,0,大赞！！！老师很专业，而且能把会计学上的很有趣，三堂课无尿点！！值得赞赏的事徐老师是大学老师里少见的深谙教学方法的老师，会通过互动、重复等等方法让你立马记住重要概念，而不是课后自行记忆。能选上一定要选呀！
111112,4769,徐晓燕,2019-06-30 00:32:58,2,2,0,tql
111131,4769,徐晓燕,2019-06-30 04:00:48,1,4,3,老师不怒自有气场在，同时又萌萌哒，太喜欢了！！会计学考试这么水，是因为留学生多吗？私以为出的太水了，很不好...
111138,4769,徐晓燕,2019-06-30 04:46:44,1,1,0,超好的会计学老师啊啊啊啊\n\n我爱徐老师
113059,4769,徐晓燕,2019-07-05 22:03:55,3,3,0,会补充很多实用性的知识，上课会点名回答和上台解题，有小组展示，平时作业和软件上做报表的作业，考试前会给一份和考试题目几乎一样的题库。
113136,4769,徐晓燕,2019-07-06 00:08:47,-11,2,13,老师上课水平很好，准备也很用心。但是有些歧视财会专业以外的学生，属于开学初就会劝退的那种。
113438,4769,徐晓燕,2019-07-07 07:42:41,-4,1,5,。。。
113494,4769,徐晓燕,2019-07-06 18:46:30,-5,2,7,超级好好学了，题库我也刷了，不指望能满，但少说上个4吧，最后3.9，心态炸了。老师是真的好老师。获益匪浅。但是楼上4.8的我想骂他
113534,4769,徐晓燕,2019-07-06 23:14:58,-8,0,8,不知道最后到底怎么算分的…反正我被卡绩了
113754,4769,徐晓燕,2019-07-07 08:41:46,0,0,0,很好的老师，怪自己复习不走心，虽然成绩不理想，但老师真得很好。
114157,4769,徐晓燕,2019-07-09 01:45:14,0,0,0,老师上课讲的真的超棒！期末大作业真的要好好写
114297,4769,徐晓燕,2019-07-09 17:27:37,2,4,2,讲的很好，有重点，老师很有气场，但其实感觉考试题和练习重合度很高…并不是很公平。
118223,4769,徐晓燕,2019-10-23 07:34:32,2,2,0,超级好
124563,4769,徐晓燕,2020-07-03 03:23:57,6,6,0,好老师啊必须10分，自己的绩点一般是自己没学好，老师没毛病，完美。
138199,4769,徐晓燕,2021-07-08 01:48:31,4,4,0,呜呜呜呜老师太好了！！！！在大一下其他绩点爆炸的情况下，会计学给分好好！！！！只要平常学，肯定4.5+
138200,4769,徐晓燕,2021-07-08 01:48:13,3,3,0,呜呜呜呜老师太好了！！！！在大一下其他绩点爆炸的情况下，会计学给分好好！！！！只要平常学，肯定4.5+
138249,4769,徐晓燕,2021-07-08 07:09:58,1,1,0,专业能力强还讲课声动有条理，逻辑清晰，上课有吸引力，又很可爱，给分很好，选她！
138261,4769,徐晓燕,2021-07-08 07:58:13,-2,3,5,经院人不请自来，旁听室友徐老师的会计学，最后满了，感恩晓燕老师
156721,4769,徐晓燕,2022-06-20 19:46:39,8,9,1,一个字评价：妈！
157474,4769,徐晓燕,2022-06-23 10:48:00,8,8,0,没出分，喜欢老师，先来个十分保佑一下
174634,4769,徐晓燕,2023-06-15 01:32:38,8,8,0,很喜欢老师，感觉会计学是我这学期听的最认真的课之一！希望中财还能遇到老师呜呜呜~
176541,4769,徐晓燕,2023-06-29 08:28:40,10,10,0,非常好非常可爱的一位会计学老师，PPT非常清晰，认真学了期末拿了4.8，诶嘿感谢老师！
176622,4769,徐晓燕,2023-06-29 12:51:47,7,7,0,老师讲课特别棒，节奏控制得很好，娓娓道来！不过对我而言太求是了（可能因为我水平太差了）
177235,4769,徐晓燕,2023-07-02 10:59:22,10,10,0,10分！\n\n我直呼亲妈
177824,4769,徐晓燕,2023-07-05 03:01:17,12,12,0,课是真的好，捞是真不捞\n\n但是好好学的话，成绩会很好看！\n\n她给我93，我却只能给她10分
196795,4769,徐晓燕,2024-07-05 07:34:46,1,1,0,，，，
197817,4769,徐晓燕,2024-08-15 09:54:53,1,1,0,^老师性格特别好特别温柔，问老师题目都特别耐心解答~被老师的魅力吸引啦！一个学期都在认真跟着学，老师给了4.2（我比较菜菜T^T），感恩！
200436,4769,徐晓燕,2024-10-17 04:25:45,1,1,0,上了中财Ⅱ来怀念一下徐晓燕老师，好好珍惜她qwq
220202,4769,徐晓燕,2025-06-16 08:47:23,2,2,0,xy老师人超级好，就是有点求是，平时分满分，期末考不太理想只考了85，总评91就是实实在在的分数（有点被卡绩）大家能发言尽量都去发言，可以加分会好一点
221500,4769,徐晓燕,2025-06-24 05:12:52,0,0,0,xy妈妈
104439,4895,黄英,2019-03-20 14:26:57,0,2,2,老师上课的节奏不太好，对于重点内容的梳理把握很玄学，强调自学，当然，这门课自学真的很必要。
106515,4895,黄英,2019-04-28 03:33:54,4,6,2,上课不是讲自己生活经历就是翻译英语单词和看视频，核心内容一点也讲不出，展示喜欢打断别人进行毫无意义的评论
132103,4895,黄英,2021-01-30 09:21:59,0,0,0,天天小测
142250,4895,黄英,2021-11-09 09:48:35,1,2,1,虽然上课有点迷但是给分挺好的
142251,4895,黄英,2021-11-09 09:52:22,1,2,1,上课不知所云，给分好得一批👌
147009,4895,黄英,2022-01-08 12:01:47,-3,2,5,几次没去就记住我了 每天点我名字 很认真的完成作业了 给我61分 谢谢您勒
147496,4895,黄英,2022-01-10 05:36:13,1,2,1,给分很好的大家不要怕！一定要次次到课。老师会点名
147993,4895,黄英,2022-01-11 09:36:31,5,10,5,我说句“管院刘若英”大家没意见吧。。。真的像
161467,4895,黄英,2022-11-07 08:54:03,3,3,0,上课可以不用听，大作业好好做就行，4.8飘过，老师给分是真的好
174869,4895,黄英,2023-06-19 07:49:55,9,10,1,出分前评价：老师打分不知道，但课真的没意思，千万别选（高级财务管理）
175036,4895,黄英,2023-06-21 08:11:16,0,2,2,上课一言难尽，给分真的可以
175211,4895,黄英,2023-06-22 11:35:29,2,4,2,真的无语，pre的时候疯狂打断别人，不停地提问，第一组pre的时候让不急慢慢来，后边她自己时间把控地不好，让我们一直跳过跳过，挺没素质的感觉。。
175326,4895,黄英,2023-06-24 01:20:37,9,11,2,上课极其痛苦，时时刻刻都要提防她叫你起来回答问题，ppt全英，回答的时候不让翻译，视频经常都是全英而且无字幕，很无聊，很坐牢。给分还可以，但坐牢很想死。个人觉得不太礼貌，比较人家pre的时候不停打断说一些毫无意义的东西真的很烦，另外，同学展示不让底下同学讲话但自己突然大声问谁作业还没交，真是有够厉害的
175392,4895,黄英,2023-06-24 13:15:31,-2,1,3,给分真的好，不夸张，真的好
178450,4895,黄英,2023-07-12 02:54:26,0,3,3,1.给分很好，只要认真写作业可以拿超高分\n\n2.上课提问，其实还好，你要是什么也不会，什么也说不出来也没什么大问题，她也不会怎么样，也不可怕，可能因为我脸皮厚，不会就不会了\n\n3.老师在美国呆了很多年，所以上课可能和传统不一样。可以理解也可以接受，我认为打断也没什么，我可能比较开放，也不认为这是不尊重人。\n\n4.不患寡而患不均。老师一开始没有严格限制时间，所以导致有的组时间超长。说实话，老师在PPT里讲过展示的时间，是10分钟。但是有的组甚至讲了20多分钟.....\n\n总之，老师还是很不错的，可以选课
181480,4895,黄英,2023-10-19 00:23:37,4,5,1,大四上这门课的人有福了
196933,4895,黄英,2024-07-06 03:12:05,6,6,0,是个美女，但是上这位美女的课会有一种不被尊重的感觉，她只管自己输出，学生说话一定会被打断。上课问问题，她会反问“你觉得呢？”——如果我知道答案为什么还要问你啊摔！
198794,4895,黄英,2024-09-11 16:27:27,2,2,0,不考试的课挂了。平时分90+，大作业认真写了，最后得分三四十。喜提整个大学生涯唯一一门挂科
203191,4895,黄英,2024-11-18 01:36:24,0,1,1,人还挺好但事情还挺多的一位老师
203497,4895,黄英,2024-11-20 01:09:03,9,9,0,这课上的提心吊胆跟谍战一样
205654,4895,黄英,2024-12-11 01:06:40,3,3,0,课是真的听不懂一点啊。。。
209147,4895,黄英,2025-01-04 17:05:24,3,3,0,讲课稀碎 这学期给分也不是很好…
209309,4895,黄英,2025-01-05 11:32:10,5,5,0,快跑。\n\n上大学三年上过的最痛苦的课没有之一，给分也没有传言的那么好，如果你觉得自己人生太顺利了可以选一下
209508,4895,黄英,2025-01-06 06:39:55,8,8,0,课怎么样不说\n\n但是毕业论文千万别选她做导师，从来没见过哪个老师用博士生毕业的标准来要求本科生，p事贼多人及其无敌mean，一开口就是大段否定给你贬的一文不值，但又不给你提建议，不知道是不是更年期到了情绪不稳定mean的无与伦比\n\n（答辩也千万别分到她的组，别的老师提建议她纯粹来骂人的）\n\n哦对了自己不清楚毕业论文的要求还在那张口就来，也是无敌了
71418,5056,钱美芬,2018-01-28 12:02:13,-9,2,11,给钱老师打call 虽然上课ppt很多有时候会抓不到重点走神，但是老师给分超好，财管4.8，感谢老师?
71577,5056,钱美芬,2018-01-28 15:38:13,-7,1,8,老师太好了！人温柔，给分好！
72434,5056,钱美芬,2018-01-30 06:26:44,-1,3,4,给钱老师10分！！人美亲切给分好，投资学也讲得很好！
76271,5056,钱美芬,2018-04-01 10:40:42,-4,2,6,超级棒
76442,5056,钱美芬,2018-04-09 10:15:22,-6,3,9,满分不解释
79387,5056,钱美芬,2018-06-02 17:21:58,-1,5,6,超级棒的老师，关怀加体贴
79919,5056,钱美芬,2018-06-15 07:46:31,-6,1,7,非常棒
88208,5056,钱美芬,2018-10-24 03:37:25,-6,2,8,什么神仙老师 又温柔又体贴
100442,5056,钱美芬,2019-01-26 06:37:00,-4,3,7,给分太太太太太好了这就是女神吧！讲的也超好 超仔细！
100565,5056,钱美芬,2019-01-26 10:06:32,3,5,2,老师很温柔很关心学生 不过上课讲得有一点点散 个人觉得重点不够突出（？） 其他都非常非常好 给分也很好 外专业学生靠期末补天最后拿了还可以的分数 很感谢老师
101438,5056,钱美芬,2019-01-28 08:03:46,0,2,2,干货满满，别溜神就好\n\n每节课课前一起复习总结，也不会赶进度\n\n老师给分超棒
102844,5056,钱美芬,2019-02-24 05:15:30,-9,2,11,老师人很好，讲课耐心，也非常温柔，课后问问题的话回答都很详细。会补充很多内容拓宽视野，平时小测什么的也完全是当堂课的内容而且不难，认真听课肯定没问题，而且小测的话课前会提醒，次数也不很多。会留作业，不过难度也不大，而且说实话对掌握知识真的非常有帮助，期末复习起来省力不少。上课有时候签到，但还是很宽松，就算没请假两次及以下不到也都ok。给分也非常棒，平时作业小测都认真、期末复习复习的话满的希望还挺大的。
102859,5056,钱美芬,2019-02-24 11:38:11,-5,2,7,超级棒，感觉被捞了，老师很可爱的
118660,5056,钱美芬,2019-10-30 06:14:54,10,18,8,老师讲的蛮拼，就是给人一种没有备课的感觉，学生听的几乎死气沉沉没有互动
122073,5056,钱美芬,2020-02-11 07:27:15,-6,1,7,我顶，我狂顶！
122075,5056,钱美芬,2020-02-11 07:30:14,-3,1,4,老师很亲切~这次财管考得比较难老师的确捞了一把但捞得并不多555可能还是我水平问题...但老师还是很棒啦！
127067,5056,钱美芬,2020-11-05 02:28:59,-1,1,2,老师真的很好很好，只是财管的考试有点挑战！
137350,5056,钱美芬,2021-07-03 11:24:30,1,1,0,。。。
138206,5056,钱美芬,2021-07-08 02:30:20,14,18,4,并不好，要靠自学
147437,5056,钱美芬,2022-01-10 03:38:53,10,13,3,财务管理 老师人看起来是很温柔的样子 消息已读不回呵呵呵 回复态度也不好 作业不多 上课无聊 给分还不知道
150144,5056,钱美芬,2022-01-19 10:10:16,8,13,5,给分没有想象中好，认认真真学了一个学期喜提3.3，平时分都拿到了，期末考不会的题目也不多，说实话很失望
151201,5056,钱美芬,2022-02-24 11:39:23,3,3,0,财管：上课讲例题有时会鬼打墙一会儿，但老师是非常用心的。重要的东西也会反复解释和提醒非常良心。另外在讲投资学相关内容时感觉老师更自信也更开心一些也会和同学们分享投资的课外知识。
157484,5056,钱美芬,2022-06-23 11:50:12,1,3,2,比较严格
158267,5056,钱美芬,2022-06-28 02:54:17,6,6,0,出分好慢
158522,5056,钱美芬,2022-06-30 02:57:04,-8,2,10,给分很好，上课体验也不错，讲得难考得简单
160373,5056,钱美芬,2022-09-20 16:34:35,6,8,2,实习报告要求一万字，我的对她的评价省略一万字……\n\n教学实习不能自己选老师，被分配到她的同学自求多福
168001,5056,钱美芬,2023-01-22 02:09:22,22,26,4,财务管理课程\n\n1.喜欢点名，应该说热衷点名，而且喜欢在课间点名，网课因为摆烂，有时候没签到。\n\n2.老师不太及时回消息，不知道为啥\n\n3.老师很漂亮，有气质，而且讲话很温柔，女神级别的人物，不亚于邵帅老师。\n\n4.上课的话，真的很努力在讲课，有互动。不过我对财会实在不感兴趣，就没怎么听过。\n\n5.给分...... 见仁见智吧。
213874,5056,钱美芬,2025-01-21 01:16:12,1,1,0,财务管理\n\n1.会随机点名\n\n2.个人认为老师讲课水平一般，但有可能是我理解能力不怎么样吧\n\n3.会小测，虽然占比很少但估计也是会扣点平时分\n\n4.我觉得期末挺难的，总评一般
218029,5056,钱美芬,2025-04-19 10:03:15,0,0,0,喜提3.0虽然我真的学的很认真。。可能是我太菜了吧
71200,5151,孙怡夏,2018-01-28 06:32:36,3,3,0,还不错
75004,5151,孙怡夏,2018-03-07 03:06:15,2,3,1,人超好的！\n\n大作业期中一次期末一次，考试不难。\n\n讲课也很有趣，给分也好。
75235,5151,孙怡夏,2018-03-08 06:37:53,3,3,0,非常好
75236,5151,孙怡夏,2018-03-08 06:38:01,1,1,0,老师特别可爱！案例也很新颖～只要好好上 老师一定会给分很好～
76758,5151,孙怡夏,2018-04-21 07:11:11,3,3,0,市场营销学 非常有意思！
89023,5151,孙怡夏,2018-11-14 04:09:03,0,0,0,上的消费者行为决策，是全英文的课，老师口语很地道而且也很幽默，课上大部分是留学生，讨论的氛围挺好的，本来是四次作业加上期末小组作业，后来因为时间不够有两次作业改成了课上讨论发言，老师是鼓励式教学，就是展示任务因为要全英文会有点压力
98352,5151,孙怡夏,2019-01-23 10:59:35,9,11,2,幸福到爆炸了好嘛！大三了还没上过哪门课老师可爱课程有趣让人全程不困听到底的！孙老师的课不是条条框框的理论，而是很看重很看重案例学习的，所以很！有！趣！还愣着干嘛，选课啊！
98954,5151,孙怡夏,2019-01-24 05:44:50,0,1,1,怎么可以泄题呢？让别的班的怎么想？
98986,5151,孙怡夏,2019-01-24 06:24:52,3,3,0,优秀！幽默！重点好！无敌好的老师！
101103,5151,孙怡夏,2019-01-27 13:41:48,3,4,1,老师的课真的超级有趣！完全不困，平时事情也比其他班少很多，给分也超好，万万没想到市场营销都能满，强推！！！
103366,5151,孙怡夏,2019-02-27 13:55:20,0,0,0,很开心
107078,5151,孙怡夏,2019-05-01 11:09:30,2,2,0,老师讲的非常有意思^o^ 浙大上过孙老师的课程最有趣的！！！
107558,5151,孙怡夏,2019-05-06 13:36:46,2,2,0,大一选上最好的课 收获最多 比专业课收获多得多 市场营销强推 很有用 我工科生上完收获超大！！！
108349,5151,孙怡夏,2019-05-21 17:53:57,0,1,1,Summer真可爱 暗恋Summer (害羞
120819,5151,孙怡夏,2020-01-17 16:58:21,1,1,0,超好，干货很多，最后知识点播很到位，给分好。
183085,5151,孙怡夏,2023-11-22 05:43:13,0,0,0,上的老师的消费者信息处理与决策~全英文有些痛苦，课堂上主要是讲各种研究，作业也都是研究设计文献汇报一类，不感兴趣的同学慎选！个人作业的打分会直接告诉你，感觉这部分的分差可能比较大，但总体觉得老师人美心善！
74647,5212,邵帅,2018-03-05 03:08:25,24,28,4,邵老师真的是一个又温柔，又可爱的好老师
79139,5212,邵帅,2018-05-24 02:40:35,9,10,1,超赞的美女老师
81727,5212,邵帅,2018-07-06 04:03:33,7,7,0,太优秀的老师了！
82406,5212,邵帅,2018-07-08 06:12:32,7,7,0,邵姐姐特别好，有亲和力，讲的也好！
83541,5212,邵帅,2018-07-10 14:35:34,6,6,0,赏心悦目悦耳！成绩多少都不在乎了，上课真的很值得了，是我自己没复习的
84294,5212,邵帅,2018-07-12 12:47:22,33,36,3,表白，超级喜欢邵老师，会计学讲课重点很清楚，也会结合有趣的实例，上课只要认真听，成绩就一定不会差～
84296,5212,邵帅,2018-07-12 12:54:40,20,23,3,老师真的很温柔，讲的也很详细，看得出是一位非常为同学着想的老师，每次交作业都会提前一周提醒，而且会经常放一些很有意思的案例，平时分的话，这次是只要你按时认真做了作业，基本都会满了。听说还曾努力争取过会计学开卷，虽然失败了233。第一节课就被圈粉了，超喜欢老师的
84297,5212,邵帅,2018-07-12 13:03:04,6,10,4,赏心悦目，最美的老师没有之一，希望老师赶快嫁出去哈哈哈
84320,5212,邵帅,2018-07-12 14:21:38,12,14,2,老师真的很棒，作为老师第一届会计学课的学生，当初选课的时候还有小担心，但是老师真的讲的很棒，最后平时分给满，期末好好复习，成绩不会差的～甚至出乎意料
84785,5212,邵帅,2018-07-14 01:10:44,6,6,0,老师的会计学讲的非常清楚！有什么不明白的地方发邮件给老师也会也耐心的回复！而且老师很爱笑很美，上课的案例也很有趣！上课体验很好！
84804,5212,邵帅,2018-07-14 02:20:59,8,9,1,老师超级有气质超级温柔！给分也很好！不是会计专业的上课仔细听也有很大收获！
86854,5212,邵帅,2018-09-19 05:37:54,9,11,2,啊啊啊啊啊啊啊我的女神姐姐！！！！！
88054,5212,邵帅,2018-10-21 03:55:16,10,13,3,老师形象好气质佳(真的) 而且上课很认真 很细心。答疑时能感到年轻女老师的那种温柔。
94930,5212,邵帅,2019-01-18 13:06:45,9,10,1,女神老师，超级喜欢她！
105168,5212,邵帅,2019-04-05 15:35:26,5,10,5,这么美好的老师快点嫁出去吧！
108548,5212,邵帅,2019-05-28 06:25:55,15,18,3,老师实在太可爱了 非常了解学生的小心思 下午的课经常问我们是不是困了 困了就不讲很难的内容 或者给大家讲个故事放松一下 声音超级温柔 人又好看 简直女神老师
109623,5212,邵帅,2019-06-18 03:21:36,9,10,1,讲课好，老师温柔又有趣～
113435,5212,邵帅,2019-07-06 17:19:54,5,6,1,邵帅女神一生推！！！！
113513,5212,邵帅,2019-07-06 22:03:01,4,5,1,呜呜呜超爱邵帅！！
113763,5212,邵帅,2019-07-07 10:13:24,4,5,1,老师超漂亮啊！！讲课也很有意思呀！
116338,5212,邵帅,2019-09-08 16:30:09,4,5,1,希望老师能幸福
116376,5212,邵帅,2019-09-10 00:21:02,2,4,2,老师讲的非常清楚，条理清晰，学到很多。给分很好。
121424,5212,邵帅,2019-12-16 07:44:13,2,3,1,超级美丽的姐姐，给分很好呀（我是满了，上课讲的也很清楚，问问题也会很耐心地解答，人很亲切，最棒！
124601,5212,邵帅,2020-07-03 12:18:18,1,3,2,讲课超级棒，生动有趣且条理清晰！很贴近学生，解答问题超级耐心！并且平时事情真的很少，我觉得除了小测的平时分基本上都会给满的吧！（是的！有小测！但是小测不难，而且能让你平时就好好复习，期末压力真的小很多！）不仅自身有魅力，而且课堂也有魅力的女神老师！！！
124842,5212,邵帅,2020-07-12 08:16:15,3,4,1,简直神仙老师啊，选上邵老师的课真的是天大的服气！！课讲的巨好，还很有趣，对学生还超级关心！！老师超级温柔漂亮！！给分还好！呜呜呜呜
125262,5212,邵帅,2020-09-05 03:40:44,1,3,2,老师人美心善！！会计学讲得很清晰！
125994,5212,邵帅,2020-09-16 10:29:53,3,4,1,会计学很有意思，日常diss贾回国
139970,5212,邵帅,2021-08-22 16:16:16,2,3,1,女神老师太好好好了！
144722,5212,邵帅,2021-12-23 10:37:46,3,4,1,超级好的女神老师，讲课有趣，条理清晰，而且由于有小测，所以会强迫同学复习，期末的压力就会小很多，平时分基本给满，而且是那种能激发学生学习兴趣的老师。总之，只要认真听课好好复习，满绩很简单～
155296,5212,邵帅,2022-06-10 09:29:48,6,7,1,管院邵帅老师，是我见过的最好的老师，我是工科学生也可以学会会计学！快冲
155552,5212,邵帅,2022-06-14 09:02:17,8,9,1,邵帅老师就让人感觉非常非常非常亲切，如沐春风，了解学生的小心思，笑起来真好看，遭了，爱上她了(bushi。会计学只要想通原理，背一背，问题不大。
155579,5212,邵帅,2022-06-14 11:47:45,5,6,1,选！！都给我选！！！
157242,5212,邵帅,2022-06-22 13:33:47,9,10,1,太爱老师了好舍不得节课！！人美声甜老是问我们困不困，ppt特别清楚重难点突出，还会拓展很多有趣的案例，在老师课上能学到的东西远超课本，能选上老师真的超级幸运！！！
157724,5212,邵帅,2022-06-24 12:49:59,33,34,1,客观说两句\n\n老师很漂亮，是优秀的老学姐，4.98保研哦，海归\n\n讲课不错的（虽然我不听）\n\n几乎不点名 两次小测 没什么硬性作业，全靠自觉\n\n会讲一些她求学时候的故事，我很喜欢她\n\n分数还没出，不过我应该不高，因为不会背......是我自己的问题，和老师无关
158205,5212,邵帅,2022-06-27 13:04:32,9,10,1,老师人美声甜，讲课行云流水，还有不少财务的有趣故事
158558,5212,邵帅,2022-06-30 07:42:33,14,15,1,老师讲课会有很多课外的拓展 很有趣 会计学虽然在678节但是是我大一下听得最认真的课之一 老师讲课真的很好 会计学一开始会有点迷糊 但是后面好好学期末成绩肯定不会差的 老师布置的作业也都不是硬性的 会发答案自己课后对 ppt做的也很好 反正就是老师很完美 我好爱哈哈哈
171353,5212,邵帅,2023-03-22 08:02:44,4,4,0,无脑赞
176140,5212,邵帅,2023-06-28 02:54:36,12,12,0,老师真的很厉害，讲课清晰，期末还捞的很厉害，都给我选，本来还以为我要挂科了，我真的我哭死
176168,5212,邵帅,2023-06-28 03:38:21,7,7,0,上课好给分好，这样的老师哪里找。能把会计学这门枯燥的课讲的很能听得进去，爱死
176600,5212,邵帅,2023-06-29 11:45:29,11,11,0,会计学90分及以上56%，这样的老师除了ss还有谁😍管院会计学给我无脑选ss老师，简直人美心善，讲课又好
177236,5212,邵帅,2023-07-02 11:02:03,15,15,0,不爱ss老师的有难了
177821,5212,邵帅,2023-07-05 02:58:00,0,16,16,妈！
178939,5212,邵帅,2023-08-02 14:13:33,8,8,0,非常好，入股不亏，冲！
179663,5212,邵帅,2023-09-19 06:41:38,13,13,0,帅姐！帅姐！帅姐！
195436,5212,邵帅,2024-06-28 04:32:59,4,4,0,超级女神，讲课思路清晰，一个理工科学生也能听懂的财务课。\n\n希望能继续上女神老师的管理会计课。
196850,5212,邵帅,2024-07-05 13:08:45,2,2,0,管院会计学课讲得很棒，ppt条理清晰适合补天，助教姐姐人超好
197047,5212,邵帅,2024-07-07 02:18:11,4,4,0,讲课真的讲得非常好，毋庸置疑，既有趣又有料。但给分没有想象中那么好，可能也跟今年题型改了有关系，自己很多细节学得不到位。而且感觉均绩高和老师班上的人比较厉害也有关系呜呜呜
199184,5212,邵帅,2024-09-19 00:54:09,3,3,0,帅老师讲的可太好了，课程节奏好，主次分明，逻辑清晰，又通俗易懂，也有案例帮助理解
214827,5212,邵帅,2025-02-18 06:16:28,4,4,0,刚刚上完春夏学期第一节会计课。不想反复戳老师伤处，只能说邵老师值得值得值得。10分。
216289,5212,邵帅,2025-03-13 02:30:23,2,2,0,表白帅姐姐
219433,5212,邵帅,2025-05-27 07:36:34,2,2,0,邵老师人美心善，我要跟你一辈子
220647,5212,邵帅,2025-06-19 04:53:16,2,2,0,老师为什么不教了啊呜呜呜呜呜呜呜呜呜呜呜呜呜呜呜
220896,5212,邵帅,2025-06-20 09:30:27,3,3,0,会计学\n\n1 老师讲得特别好啊啊啊啊，不继续给管理学院本科生上课是一大损失。课程主次分明，逻辑清晰，通俗易懂，也有案例帮助理解。PPT也非常适合复习，希望老师以后职业生涯顺顺利利。\n\n2 平常没有作业，小测2-3次，但是作业还是推荐做一下，对小测和期末考都有很大的帮助。\n\n3 老师给分很好（虽然会计学这次期末考都是客观题没什么捞的余地）。
221010,5212,邵帅,2025-06-20 16:45:38,1,1,0,很好的会计学老师，很有财会素养，作为我的会计学专业的启蒙老师，我觉得我很幸运。老师讲课声音听着让人很舒服，ppt做得超级棒，特别有意思。\n\n点名的话一般看教室里人少了会极限一分钟雷达点名一下，不规律。小测题很多，也有点难\n\n期末全是客观题的情况下，应该没法捞吧，给分也不错，但是我拉低了邵老师的查老师均绩:(，可能也是因为老师面向智财班，同学都比较厉害吧
221594,5212,邵帅,2025-06-24 22:46:22,0,0,0,新老师给分真的烂 s老师球球回来教吧🥹🥹🥹
122733,5236,卢伟,2020-03-27 01:11:40,2,11,9,美国人的传教课，课程评价不高就会挂学生，威胁人肉。
125300,5236,卢伟,2020-09-06 02:56:23,6,11,5,对中国充满偏见的美国人，厉害了
126932,5236,卢伟,2020-10-28 13:32:37,7,8,1,虽然是个学术骗子，但听听他的课挺好的，你可以更加深刻的明白我们的对手是怎样看待我们的，又在尝试用什么方法影响我们的意识形态。卢老师，而可真是为了宣传他的Wife——美利坚精神不遗余力。
134429,5236,卢伟,2021-03-28 07:27:01,2,4,2,气功大师，**一个
140188,5236,卢伟,2021-09-03 12:42:26,-4,1,5,说实话的老师，畅所欲言，没有禁忌！
149002,5236,卢伟,2022-01-14 06:21:01,4,4,0,狗罕见
149016,5236,卢伟,2022-01-14 06:50:26,3,3,0,超级大傻逼\n\n问学生要钱😅 😅 😅 \n\n老子就算润美帝了也活的比这老师有骨气\n\n纯纯一banana
149033,5236,卢伟,2022-01-14 07:38:34,1,1,0,我来履行一下言论自由的权益，1分
149165,5236,卢伟,2022-01-14 15:06:44,0,0,0,冬雪莲挚友
122385,5331,金珺,2020-02-26 03:15:09,19,37,18,小学生上课？语言组织能力也太差了吧？
123007,5331,金珺,2020-04-29 17:04:36,-4,7,11,老师给分太好了！
123074,5331,金珺,2020-05-08 15:05:55,1,12,11,老师给分太好了呜呜呜
132477,5331,金珺,2021-02-02 01:22:13,-4,4,8,哈哈哈老师给分好棒啊
162015,5331,金珺,2022-11-16 03:59:14,-3,3,6,国际商务出分啦，给分真的好好~老师上课总是笑眯眯的，有问题也会很耐心地解答，最后的课程考试也很简单
162054,5331,金珺,2022-11-16 10:06:52,-5,2,7,给分不错
162395,5331,金珺,2022-11-21 12:04:50,3,7,4,上的是国际商务 老师讲课停有激情的 也很温柔 但是给分好像并没有很好吧（也有可能是我的问题 但是平时发言认真水了 期末也写的很多）
163806,5331,金珺,2022-12-16 07:00:57,-6,3,9,老师讲的很好！给分也很好！
164282,5331,金珺,2022-12-20 06:32:47,-3,4,7,国际商务老师给分很好！
179517,5331,金珺,2023-09-18 01:34:31,7,7,0,上课好无聊。。。。
182977,5331,金珺,2023-11-21 09:29:15,5,8,3,国际商务：每节课都点名，事不多，老师上课语焉不详，没有逻辑。给分也不怎么样，全勤+发言+期末写很多最后没上4，慎选
182981,5331,金珺,2023-11-21 09:44:31,3,3,0,国际商务每节课都要签到，课程任务不多，期末开卷考，尽力了，虽然给分还是有点小遗憾
183790,5331,金珺,2023-11-30 06:30:19,3,4,1,给分真的好吗
192341,5331,金珺,2024-05-16 03:43:27,1,1,0,。。。
195455,5331,金珺,2024-06-28 06:18:10,1,1,0,不针对老师，但是设计思维这课真的抽象，如果想学知识建议不选
200412,5331,金珺,2024-10-17 01:00:54,8,8,0,纸质点名点你🐎呢
202492,5331,金珺,2024-11-13 02:06:35,7,7,0,给分太差了老师，我要哭了
202512,5331,金珺,2024-11-13 02:52:03,3,3,0,给分好不好全看命了😅
202520,5331,金珺,2024-11-13 03:16:16,11,11,0,努力一学期给84？隔壁留学生都比我高一档
202736,5331,金珺,2024-11-14 05:29:57,7,8,1,每节课都点名，人少的话可能出现纸质点名情况；讲话前言不搭后语；知识体系基本没有，知识点很零散；期末开卷考，我自认为写得不少，并且选择题都对应相应笔记作出正确选择（因为有课件原话，可以确定选对了），但是没有上四（平时也有发言）
205348,5331,金珺,2024-12-04 16:09:30,3,3,0,作业得分这么高，最后总分80没到？隔壁组gpt生成的82？人都傻了
212407,5331,金珺,2025-01-14 03:14:51,0,1,1,上课讲的挺好的，不是照本宣科，也有很多最新的案例讨论，同学们调动度高。就是有点总说外国的月亮圆，常常这国怎，定体问。
215488,5331,金珺,2025-02-27 00:59:31,1,1,0,乱七八糟的事情很多，每天签到，中文前所未见的稀碎，难以想象这是一个受过教育的人的语言组织能力，无法忍受
218531,5331,金珺,2025-04-24 08:29:52,4,4,0,创新管理\n\n事情很多很多，而且理不清要干什么，语言表述和文字呈现得都很杂乱\n\n上课也是同样的语言表达混乱问题，上课用词离不开deepseek、杭州六小龙、宇树科技、各公司老总名字。\n\n连浙大先生这种假满血的本质都没搞明白就狂吹得没完没了，很难想象其他案例等等是否存在类似问题\n\n给分上，我的分数还不错，我最后线上测试应该挺高的，小组作业做得挺累
218543,5331,金珺,2025-04-24 11:21:13,0,0,0,卡绩了老师😭！！\n\n基本都是小组作业，一星期交一个分析报告，最后小组ppt展示。能拉开差距的估计就是一次线上测试+上课发言。\n\n一学期课上下来感觉啥也没学到😂但是感觉老师还是挺和善的，换小组、补签都很好说话，给分也还行，就是卡绩😭
182076,5390,王明征,2023-11-09 13:23:30,1,1,0,我不理解，可以有别的老师吗
182160,5390,王明征,2023-11-11 03:21:22,0,0,0,无语。。
182518,5390,王明征,2023-11-17 02:08:21,5,6,1,感觉老师挺好的呀
184099,5390,王明征,2023-12-09 03:01:11,1,2,1,一学期没听4.8
201066,5390,王明征,2024-10-28 06:20:54,3,4,1,大四明天就结课了哐哐布置五个作业。\n\n真的一点也不管需要考研考公的学生。
201082,5390,王明征,2024-10-28 09:00:48,1,3,2,大数据与商务智能，前六周高强度灌水，动辄谈及“人生”“职场”，最后一周甩来四个个人作业和一个小组大作业，我说怎么老不开放作业提交通道，原来是想给咱憋坨大的……
201419,5390,王明征,2024-11-02 10:30:57,2,2,0,案例陈旧且不恰当，讲授层次不清，繁简失调，水平有限
201586,5390,王明征,2024-11-04 14:34:10,5,6,1,大部分作业直接集中在秋学期最后一周布置，作为一个考研生突然被这么一大堆作业（特别是还有个编程的作业，我真的很难相信居然大四了还要碰python，工作量大的要死）糊脸，自己日常的计划安排完全被打乱。\n\n这就是管院的专业必修课啊，你们有没有这样的专业必修课啊，真是修修又课课啊
214482,5390,王明征,2025-02-07 08:48:23,0,0,0,研究生课，一门86，一门92。均是课程结束才布置作业，总的量不算太少，会给20天左右时间完成。感觉只要认真完成，给分还是挺好的。
134799,5555,贾生华,2021-04-15 11:45:40,0,1,1,老师还是很不错的
122347,5587,童昱,2020-02-25 02:13:41,7,17,10,电子商务与电子政务：上课还比较有意思，有点水，小组发言的时间多，老师人很温柔很年轻，平时事也少，只有几次小作业和最后的开卷考，每次到课并且期末考答了很多也很认真但是最后被绩杀了，可能还是比较看重发言的
123831,5587,童昱,2020-06-15 01:40:22,1,10,9,(1) 作业不多，平时几次小作业和期末课上考试(可以带纸质资料)\n\n(2) 需要很积极发言才能高分，最好是每节课都发几次言那种，没发言的最后很吃亏\n\n(3) 课的内容水水的，感觉上完之后就学到几个名词而已
127797,5587,童昱,2020-11-27 07:09:35,0,3,3,老师很年轻很温柔 讲课很清楚 社媒没啥事 开卷考难度也不大 ！
148377,5587,童昱,2022-01-12 09:39:59,10,14,4,出分后来评价，给分也太迷了，我听查老师的上的建议，每节课只要有机会就发言，期末考试写满，写到没剩几个人，最后喜提3.6......对这门课的好感一下子没了
148443,5587,童昱,2022-01-12 12:56:41,0,0,0,课水水的，不点名，秋学期课需要卷一卷发言，期末考开卷，可能比较看重逻辑性吧。
163918,5587,童昱,2022-12-16 14:16:19,0,0,0,社媒讲得易懂，挺有趣的课，也能学到不少知识
167085,5587,童昱,2023-01-15 02:22:50,4,5,1,【电子商务与电子政务】童老师很好很温柔啊啊！虽然是工科的学生，但是对电商和电子政务挺感兴趣的，也学到了很多知识。确实会有人说课比较无聊，也看到不少同学在课上写微积分作业什么的，但如果真的感兴趣的话还是挺有意思的，会比较系统的讲一讲电子商务、电子政务和智慧医疗的内容。管理学院的课应该都比较注重发言吧，所以上课参与发言还是比较必要的，作业一般差不多是两周布置一份“不超过一页的答案”的思考题，期末会有一个考核，但是今年因为疫情改成了写一篇1800-2200字报告。总之还是挺推荐的，最后是4.8分，很满意了！
167198,5587,童昱,2023-01-15 05:16:27,0,0,0,社媒的课\n\n老师讲得挺好的，就是课程设置偏浅，技术部分用nodexl也是傻瓜式操作
181109,5587,童昱,2023-10-09 02:06:28,1,1,0,老师人美心善，给分也好（社媒）
182175,5587,童昱,2023-11-11 12:16:40,1,1,0,人美心善给分好负责
182940,5587,童昱,2023-11-21 07:28:07,0,0,0,童老师人很好，讲课也十分耐心
187898,5587,童昱,2024-01-17 17:24:20,4,4,0,上的秋冬学期的电子商务与电子政务课，其实就课程内容来说，这门课确实比较水，但我个人感觉在开拓视野方面还是很有帮助的。老师人很好很温柔，最后出分也很不错。
190023,5587,童昱,2024-02-11 02:13:07,0,1,1,电子商务与电子政务，一学期作业只有几篇只要求一两页word的文字，事少，给分好【一整学期没发言几乎当作自习课来上的能拿4.5真的没想到555】
190161,5587,童昱,2024-02-24 06:40:05,0,0,0,老师对学生比较温柔，事情不是很多，需要发言，最后给分还可以
127807,5601,陈发动,2020-11-27 08:59:00,-9,2,11,讲课很水，关键知识点都带过，需要自学
127867,5601,陈发动,2020-12-02 02:37:08,4,9,5,满了的同学请右边点个赞
127973,5601,陈发动,2020-12-02 02:10:29,1,4,3,老师人超级好，给分超级无敌好，真的很好
130102,5601,陈发动,2021-01-17 03:57:28,-5,6,11,讲课很水，没有体系，毫无逻辑，上课经常凡尔赛，通过一些无意义的活动浪费了大量的课堂时间
130908,5601,陈发动,2021-01-25 08:14:02,2,3,1,重点突出，知识点归纳的特别好，案例贴近实际，MBA学生非常喜欢！
130945,5601,陈发动,2021-01-25 10:53:35,0,2,2,认真负责，幽默有趣，深入浅出，学富五车
131058,5601,陈发动,2021-01-25 18:30:08,2,3,1,老师做的很好，不管是态度还是能力，看得出老师的真心全身付出，感谢
135059,5601,陈发动,2021-04-28 12:46:19,0,3,3,满绩的飘过~
143543,5601,陈发动,2021-11-26 08:32:11,-2,2,4,管理经济学，上课为了水发言拼了老命。不是一次课发言即可，而是要记发言次数的。要认真听讨论的部分，考试会出原题，最后考试水的一批，刷题没必要。
162660,5601,陈发动,2022-12-03 04:51:31,0,1,1,寓教于乐，印象深刻！知识传播，风趣幽默！
162661,5601,陈发动,2022-12-03 04:52:12,0,0,0,最生动有趣的老师 不需要点名也会认真听课\n\n并引发对生活的思考
162662,5601,陈发动,2022-12-03 04:52:56,0,0,0,老师讲课风趣幽默，深入浅出，虽然管理经济学这门课很难，但是老师的教学方法和认真态度让这门课成为了我们班最喜欢的课。老师人很好，踏实认真，又与时俱进。主要人格魅力太大了，不可多得的有内涵又有深度，又幽默风趣的老师。
162664,5601,陈发动,2022-12-03 04:55:58,-1,0,1,寓教于乐，生动活泼，课堂气氛非常活跃，思考的活留给学生自己做，效用最大化难道不好吗？不知道为啥还有说水的。。。必须给高分！
162665,5601,陈发动,2022-12-03 04:58:31,-1,0,1,讲课深入浅出，照顾到方方面面，发动老师好样的！
162666,5601,陈发动,2022-12-03 05:11:05,-1,0,1,讲课生动有趣
162667,5601,陈发动,2022-12-03 05:11:37,-1,0,1,幽默的十分内敛，教学的十分严谨，课堂氛围感好
162668,5601,陈发动,2022-12-03 05:16:39,0,1,1,难得的好老师，有幸听发动老师的课，生动活泼，理论结合实践
192411,5601,陈发动,2024-05-18 10:02:31,0,0,0,上课真的好，对学生也好。\n\n讲的东西是很经典且实用的，老师人真的很好，\n\n认认真真准备好作业，成绩不会差！
210321,5601,陈发动,2025-01-09 02:11:04,0,0,0,非常好，启蒙了我的管理学
148910,5814,胡琼晶,2022-01-14 02:37:15,1,5,4,课程安排很认真，任务也不算多，给分也不错，不喜欢水
160795,5814,胡琼晶,2022-10-12 07:19:43,0,0,0,真的超好~
164119,5814,胡琼晶,2022-12-18 08:01:49,2,2,0,胡老师超级好
165471,5814,胡琼晶,2023-01-06 15:54:32,2,2,0,是个讲话很温柔的老师，上课的内容很有意思！作业内容一次小组展示+期末报告（ppt20页以内）。我平时基本没卷，小组展示得不是很好，网课的分也没刻意刷高，期末报告比较地认真写了最后4.8，真的感谢胡老师，很厉害同时也很善良的一个老师。
165720,5814,胡琼晶,2023-01-09 11:52:29,0,1,1,怎么说呢 我感觉组织行为学事情太多了 甚至有点烦 可能因为我本来就不太喜欢管理学类的课程吧
166294,5814,胡琼晶,2023-01-11 18:01:32,2,2,0,老师很温柔，讲课也很认真，会反复提醒作业时间
168281,5814,胡琼晶,2023-02-09 03:44:45,1,1,0,任务不太重，课堂中在尽力传递一些独特的思考观念，一些课堂活动还是挺有趣的
185737,5814,胡琼晶,2024-01-04 03:44:39,3,3,0,老师特别温柔，上课会举很多案例来说明，个人感觉还是很有趣的，而且发言不是强制性的，大家都是想说就说，课堂氛围还是很轻松愉快的，作业和小测也是比较合理的，在可以接受的范围内，就是希望老师下次期末作业课题可以布置的早一些，这样还可以早点准备捏
186791,5814,胡琼晶,2024-01-13 05:41:58,3,3,0,老师人超级好！不强制发言，课堂氛围很好！
190129,5814,胡琼晶,2024-02-23 10:47:27,2,2,0,温柔的帅哥老师，课堂氛围也特别好，就是大作业布置的有点晚
128153,5855,袁泉,2020-12-09 00:53:12,13,16,3,给分太好了吧！\n\n袁泉老师好可爱子
153196,5855,袁泉,2022-04-26 13:54:58,-28,4,32,感觉在读ppt，ppt内容像是从书上抄的，没学到太多东西就是了。对课堂把握能力有限，游戏设置欠妥，给分感觉没什么依据和道理，比较主观，跟她交流也交流不出结果来，收获专业课最低绩点。
160427,5855,袁泉,2022-09-22 05:03:17,4,4,0,特别可爱体贴负责!钉钉私信问问题都会解答，实在没空也会转给助教老师来回复
178159,5855,袁泉,2023-07-07 09:30:44,8,9,1,管理统计：老师不点名，给分很好，课程内容略微过于简单，与概统的区别在于spss的使用
179605,5855,袁泉,2023-09-18 15:22:28,2,2,0,非常可以
186251,5855,袁泉,2024-01-10 05:32:47,6,6,0,管理统计之神
191710,5855,袁泉,2024-04-28 16:01:50,4,4,0,不点名，超温柔，爱笑的永远的神，我恨不得所有课都是她教，呜呜呜
192818,5855,袁泉,2024-05-31 01:50:06,1,1,0,赞同楼下，管理统计之神，课程内容也许偏简单，但是整个课程体验极好(包括给分、人再少也不点名)。再封一个项目管理之神，老师不会抽人回答问题，甚至有一次说不用话筒，怕声音太大打扰同学（做其他事情），真的很体谅学生，不为难人，超级温柔！
193134,5855,袁泉,2024-06-04 02:57:51,4,4,0,根本是超级可爱，和蔼可亲的大姐姐，完全不点名，超级照顾学生感受。
195438,5855,袁泉,2024-06-28 04:37:21,1,1,0,超级和蔼可亲，授课认真负责。\n\n可视化课程让我突然觉得自己还能写ppt了
201314,5855,袁泉,2024-10-31 12:45:12,4,4,0,yqjj就是管院最好老师！！！
201773,5855,袁泉,2024-11-06 06:09:00,1,1,0,yq老师好好好！大家狠狠地选就对了
201891,5855,袁泉,2024-11-07 08:04:37,0,0,0,10分，无需多言，很好的老师，看到就直接选！
202075,5855,袁泉,2024-11-09 04:22:09,1,1,0,人美心善袁老师
205109,5855,袁泉,2024-12-01 15:15:49,1,2,1,给分非常好
216286,5855,袁泉,2025-03-13 02:11:22,-8,1,9,积木搭你🐎浪费两节课来个倒数？？！
217395,5855,袁泉,2025-04-09 14:32:11,5,5,0,下面那个搭积木搭出倒数的：\n\n菜，就多练，玩不起，就别玩
218684,5855,袁泉,2025-04-29 02:17:07,2,2,0,分高事少
128943,5869,孔祥维,2020-12-27 09:48:46,3,12,9,非结构化天坑 不要选
163760,5869,孔祥维,2022-12-16 05:20:48,4,7,3,理论与实践极度分离，出分又慢又差，选课人少是有理由的。号称信管专业的核心课程确做到这样，令人痛心疾首！！！
164179,5869,孔祥维,2022-12-19 02:06:13,12,16,4,您上课还能在无聊一点吗？念ppt界的master。
164894,5869,孔祥维,2022-12-27 10:46:30,4,8,4,人工智能，讲课理论部分很烂，给分差，事儿还很多，说是人工智能与商业分析，最后大作业和商业一点关系都没有
169742,5869,孔祥维,2023-02-27 15:15:46,0,6,6,讲课内容前期无聊后期完全听不懂，大作业巨难完全不会写，但是给分特别好。。。
171832,5869,孔祥维,2023-04-07 03:34:02,4,6,2,教学不认真，评价系统不公平
176687,5869,孔祥维,2023-06-29 17:03:42,4,5,1,没点名，但是她能记住所有人，开火车回答问题。不过给分还行
179667,5869,孔祥维,2023-09-19 06:50:41,11,11,0,人工智能与商业分析，上课和作业极度割裂，难的要死
183926,5869,孔祥维,2023-12-04 01:50:02,2,2,0,不点名，出分慢
189177,5869,孔祥维,2024-01-22 09:14:27,9,9,0,上课内容不知所云，和作业极度割裂，给分还差，管院不会开课可以不开，，，，
189181,5869,孔祥维,2024-01-22 09:21:27,13,13,0,出分飞快，居然在结课后80天就出分了！
190147,5869,孔祥维,2024-02-24 00:59:49,9,9,0,|选修课非结构化数据分析与应用|\n\n课程难度一般，需要做期中期末两次汇报，开火车回答问题但是没有点名、考勤分\n\n老师会要求做Kaggle或天池的项目当一次大作业，这部分基本要靠自学因为上课不会讲代码……\n\n课程听下来只能说对非结构化数据有概念层面的了解，并不能提升代码能力，可能小组项目带来的收获是最大的。\n\n------\n\n给分还可以:)适合时间充裕的同学
193340,5869,孔祥维,2024-06-06 15:05:50,-11,3,14,cjb
198791,5869,孔祥维,2024-09-11 16:19:28,4,4,0,作业很难很难。。。不推荐
199252,5869,孔祥维,2024-09-20 02:50:39,7,8,1,老师人很好哇，是那种很可以听进意见的老师，会积极寻求反馈，还给全班买课本
201108,5869,孔祥维,2024-10-29 00:22:00,-1,2,3,倒霉倒霉倒霉!
205786,5869,孔祥维,2024-12-12 03:51:41,-9,0,9,智能财务笑话两则：\n\n\n\n“智能财务与大作业”\n\n一位学生向老师询问：“老师，人工智能与商业分析的关系是什么？”\n\n老师不耐烦地说：“这不重要，重要的是你们的大作业！”\n\n学生：“那大作业和商业分析有什么关系？”\n\n老师答：“大作业和商业分析没有关系，但和你们的期末成绩有关系。”\n\n学生：“那我们到底学了什么？”\n\n老师深沉地答：“你们学会了如何完成大作业。”\n\n\n\n智能财务的伟大预测\n\n一位学生向老师请教：“老师，这个‘机器学习’到底能学到什么呢？”\n\n老师微笑着答道：“机器学习可以预测未来，未来会更好！”\n\n学生：“那能不能预测你什么时候停止重复那些‘数据’、‘机器’、‘学习’之类的词？”\n\n老师有些不耐烦：“这些词是基础！没有它们，我们怎能知道未来的伟大变化？”\n\n学生：“哦，那我等着机器学会如何给我解释课程。”
135331,6081,周宏庚,2021-05-08 06:37:46,0,1,1,有待加强
143542,6361,张政,2021-11-26 08:31:25,5,7,2,上课特别热情，讲课内容非常细致，不忍心走神。
156204,6361,张政,2022-06-18 07:46:18,0,0,0,老师讲课很有水准
157479,6361,张政,2022-06-23 11:09:05,3,4,1,卡绩了好想哭
157503,6361,张政,2022-06-23 12:50:12,0,0,0,运作管理，不点名、一次小组作业几次模块个人作业、期末全是计算题，不用死记硬背
176603,6361,张政,2023-06-29 11:59:20,2,2,0,妈呀！！！老师人很好没错，但是这个绩点是认真的吗🥲
178505,6361,张政,2023-07-13 03:22:31,0,0,0,给分求是。需要认真学，基本上每个模型都会考。期末考试算管院专业课中最为硬核的课程之一了。\n\n老师人很好，问题都会回答，也很温柔。
178936,6361,张政,2023-08-02 09:34:12,1,1,0,老师气质非常好，从来不点名，考试题不难，思路很清晰。
204427,6361,张政,2024-11-26 01:21:10,0,0,0,讲课很清晰
210474,6361,张政,2025-01-09 08:21:59,0,0,0,我爱张老师！严谨的治学态度，认真的课程准备，让人不忍心课上走神，张老师真的能被称为良师
217371,6361,张政,2025-04-09 06:39:20,0,0,0,老张上课还是很有意思的 满昏!
218782,6361,张政,2025-05-05 03:33:43,2,2,0,运营管理助教 扣平时分扣烂了😭😭😭
221381,6361,张政,2025-06-23 07:02:22,0,0,0,这学期上了张政老师的运营管理，老师非常非常地负责，而且感觉老师在用心教授每一个知识，考试内容也都是老师课上讲到的重点，学到了很多知识。感谢老师一个学期以来的陪伴！
126048,6442,鲍丽娜,2020-09-17 02:55:12,8,12,4,刚选上这门课，不知道老师给分怎么样，但是她人真的超级好！我是申请补选的，然后钉钉咨询她，她超级耐心，还帮我问了教学办。人美心善，讲课也很温柔，我好喜欢！
134186,6442,鲍丽娜,2021-03-18 09:11:58,11,14,3,老师很好，人热心。但是可能是因为教学经验不足，讲课有点啰嗦，get不到重点，结构性也不强。
192092,6442,鲍丽娜,2024-05-09 04:11:34,4,5,1,老师人挺好的，上课回答问题骰子摇平均分也很有趣。\n\n但是课程简直就是把书本变成PPT，并且没有技巧，没有结构地念了一遍，这样子不如自己看书自学：）\n\n课程啰哩啰嗦逻辑性不强，上完课觉得并没有学会些什么可以用到实际的东西，真的从头至尾基本上就把书📖念了一遍。
192096,6442,鲍丽娜,2024-05-09 05:10:57,6,8,2,管理会计给分差 教得不清楚 上课就是对着PPT念 作业答案只是念一遍
192103,6442,鲍丽娜,2024-05-09 07:22:42,7,7,0,1.明确说不点名，除了最后一节课\n\n2.平时分基本给满吧，她上课说的（前提是作业做的不错，但是助教貌似作业打分很高），最后一节课会给机会把没有回答问题的加分加上\n\n3.最后一次课游戏体验很差劲，而且也不提前说小组得分高会有成绩加分\n\n4.上课好像不太能听懂，究极无聊，不如自学。\n\n5.考试比作业简单多了，但是最后一章竟然不考，我复习了好久\n\n6.给分总体来说，是比较差，咱也不知道咋回事
192291,6442,鲍丽娜,2024-05-14 06:13:05,1,2,1,给分差，索性不点名，别去教室浪费时间了、、、
192333,6442,鲍丽娜,2024-05-15 13:01:10,0,3,3,真的给分很差，而且考试范围我感觉没另一个老师划得明白，考场上居然能看见没怎么讲的地方（我感觉应该不是我漏听了）……真的考完了还比较难过，如果是为了追求高绩点还是慎选吧………………
192372,6442,鲍丽娜,2024-05-17 02:00:24,3,3,0,项目管理给分蛮好的，可爱，有意思，老师精神状态超前。
192399,6442,鲍丽娜,2024-05-17 15:14:18,1,1,0,很亲切的老师！上课笑得很自然，喜欢！老师蛮有趣的！
192405,6442,鲍丽娜,2024-05-18 03:30:48,1,1,0,项目管理\n\n老师特别好，作业不难，给分也不错，课上会有一些小游戏还挺有趣的！
192724,6442,鲍丽娜,2024-05-29 10:42:59,6,7,1,虽然给分大家都说不好，但是相比隔壁，事情少，不点名，作业几乎给满分，这就挺好了
218072,6442,鲍丽娜,2025-04-20 09:32:48,2,2,0,2-3次课堂纸质点名，上课回答问题加分\n\n相较隔壁：①有一次期中测试，扣分在12分内总评直接+2（基本都能拿到，但本人当天睡过去了o(╥﹏╥)o）②课件清楚、简明，知识密度低很多，但是基本能覆盖期末考范围③进度快（？），可能由于知识点密度低，总是一节半课讲完，剩下时间给我们写作业，隔壁据说课差点上不完\n\n如果要给学弟学妹留一句期末考箴言（狗头），那就是建议只复习两位老师课堂内容的交集（因为是统一出卷）。此外可以要一下zcf班划的重点（比鲍期末复习PPT划的准太多），计算题针对四大类型各做几遍课后题，感觉大差不差啦
219116,6442,鲍丽娜,2025-05-21 17:34:23,2,2,0,说了上课回答问题会加分，结果是有时候统计有时候不统计。最后我回答问题明明很积极，但是平时分扣了很多，总评比期末裸分还低。讲课水平只能说没有，不如直接看书自学。
122613,6471,杨俊,2020-03-08 08:45:12,12,14,2,很认真的老师！
134914,6471,杨俊,2021-04-22 07:19:19,3,5,2,老师很认真
140764,6471,杨俊,2021-09-16 01:29:57,0,1,1,超级好的老师，课堂氛围超级好
144877,6471,杨俊,2021-12-25 11:28:22,0,1,1,俊哥人超级好，真的是非常认真地在对待教学和学生们，好好听可以学到许多。就是事多、给分相对非常严格但又同时特别随意，反正我是有点意难平，anyway都过去了，还是推荐大家一选的，属于那种付出多少收获多少的老师！
145370,6471,杨俊,2021-12-29 07:46:13,0,2,2,老师超好
145374,6471,杨俊,2021-12-29 08:18:44,0,1,1,从课堂氛围这块来说绝对的赞，老师人很好，也会启发学生思考，顺着老师思路应该都能学到一些东西
145673,6471,杨俊,2021-12-31 05:13:49,3,4,1,通识课选了杨俊老师的创业思维与管理\n\n当初看老师没有评分，很慌，生怕选到水课\n\n上了几节课之后，我觉得选这门课真是选对了，能遇到这样的老师，浙大真是来对了\n\n\n\n有激情、用心教学、教学内容十分有趣\n\n他是真的希望我们成为对社会有贡献的人
149092,6471,杨俊,2022-01-14 11:12:37,0,1,1,很负责，很有趣
153858,6471,杨俊,2022-05-13 11:49:16,1,1,0,222
161244,6471,杨俊,2022-11-02 04:10:37,0,0,0,老师非常有水平，收获很大，事情有点多
163764,6471,杨俊,2022-12-16 05:26:43,1,1,0,很认真负责的老师！一直在考虑怎么让通识课变得有趣（也就不可避免的会多点事），但能学到很多东西，完全值得！
164885,6471,杨俊,2022-12-27 09:32:50,1,1,0,老师人很好很认真，课干货也很多能学到东西，但想划水的慎选，感觉干出来三门通识课的量（可能是因为队友太sb)
165482,6471,杨俊,2023-01-07 02:34:30,5,5,0,选就对了！事情比较多，但给分很好很值得（PS:⌈请⌋在找队友上多物色一下）
165701,6471,杨俊,2023-01-09 10:17:42,1,1,0,老师很认真，上课也很有趣，任务有些挑战。跟上面同学说的一样，队友要好好选呀哈哈哈哈哈
165984,6471,杨俊,2023-01-10 14:49:53,3,3,0,老师好，内容有用，创业思维与行动认真学可以学到很多东西。但是被卡绩了😂
170766,6471,杨俊,2023-03-09 08:47:00,1,1,0,老师真的非常非常好，给分也超级好，会和我们解释学校的正态非常不合理，是如何把高分的同学一点点往下调的（第一次打完分60%有90+，最后90、91的调到了89，一位92的调到了89，调的是高年级的，疑似大四学长）。上课很注重思维的培养，不是管院那种交一大堆概念的课，最后邀请了一位企业家和另外两位管院的老师来评商业计划书的路演。商业计划书也不用写的很完美，主要是思维的训练而在落地可行性上不做太大要求（我们组简直是最不可落地的，但是老师一直鼓励我们说很有想法，最后分也都很高）。不过这个课真的挺硬的，pre前前后后做了四五次，还有一些其他的小的作业（不过不计分就是了）。想真正学习创业思维的放心冲！想水课的还是赶紧润吧。
172498,6471,杨俊,2023-04-28 03:07:05,0,0,0,真的很棒
187309,6471,杨俊,2024-01-15 12:35:37,1,1,0,事情非常多，给分也不太好，不是非常感兴趣慎选
187357,6471,杨俊,2024-01-15 15:05:28,1,1,0,事情挺多的，得了个很低的绩点（真的不理解啊！不理解!），但课本身是有趣的，能学到东西，较硬核，不过他不属于创新创业类课程，如果能选别的通识课还是选点能水的吧😂
187379,6471,杨俊,2024-01-15 18:33:04,1,1,0,偏见很大
198275,6471,杨俊,2024-09-06 04:55:44,0,0,0,老师非常好，课非常有意思，强推
207407,6471,杨俊,2024-12-21 09:59:53,0,1,1,事情多，给分差，一个通识课未免也太把自己当回事了吧呵呵。老师对学生存在极大偏见，觉得自己牛的不得了
207744,6471,杨俊,2024-12-24 06:11:21,0,0,0,强推，老师非常好
207745,6471,杨俊,2024-12-24 06:12:28,1,1,0,强推，虽然事情稍微多了一点，但是超有收获，老师人也超好，最后总结了讲义给我们，还请我们吃了饭
207746,6471,杨俊,2024-12-24 06:13:24,0,0,0,非常认真的老师！期末还会请吃饭~
207849,6471,杨俊,2024-12-24 13:06:46,1,1,0,10分送给老师！老师上课很认真，课上干货很多也很生动，课程结束了还请大家吃饭。但说句心里话我要是早知道这课要做6次小组作业/pre我是绝对不会选它的😭
211883,6471,杨俊,2025-01-13 01:08:15,0,0,0,有趣的老师，可以学到有用的东西，有一些小组汇报但时间不会占很多，最后一节课会请我们吃饭
151045,6611,叶顺,2022-02-22 07:35:49,4,5,1,好耶，讲课有趣。老师也很博学
151261,6611,叶顺,2022-02-26 18:48:17,0,1,1,超爱的班主任 给个满分先
152068,6611,叶顺,2022-03-25 01:18:55,0,2,2,老师很可爱很亲切！课没上完也不知道给分怎么样，但是听他的课很开心的！
152069,6611,叶顺,2022-03-25 01:21:15,0,1,1,老师很可爱也很和蔼可亲 上课也很有趣 但个人感觉上课有点混乱 更多是按照自己的思路 不按照书本 一不注意听就跟不上了555
153058,6611,叶顺,2022-04-24 13:34:57,2,2,0,上课比较有趣，亲切和蔼，但个人觉得给分比较求是（可能是我自己太摆了
153068,6611,叶顺,2022-04-24 19:02:44,0,1,1,老师为人和蔼可亲。绩点的话也还行，可能自己也没投入很多心思在里面。但总体来说老师的课还是非常有趣的。
154129,6611,叶顺,2022-05-24 07:45:44,0,1,1,叶老师很博学，而且也很认真，上课很尽力想带动大家活跃起来，只是可惜大家都有很多作业。其实感觉老师挺心酸的，最后给分也还可以，如果有相关问题他都会帮你解答（我找他问过一些自己遇到的问题，他非常耐心地给我解答了），我觉得他是个很好的老师
171602,6611,叶顺,2023-03-30 01:03:41,0,1,1,很贴近学生生活的老师！举例丰富生动形象，很博学！
172531,6611,叶顺,2023-05-04 06:45:48,0,2,2,谢谢老师，谢谢老师，谢谢老师🙇
184485,6611,叶顺,2023-12-20 13:13:22,-3,2,5,来补一个评论，上课有趣，给分求是，请假制度很奇怪，在课前无论什么借口都给过，但凡上课一分钟了就算发烧噶在床上也要扣满平时分
187073,6611,叶顺,2024-01-14 10:34:36,1,2,1,超级可爱有趣幽默的老师，上课的时候也会结合一些生活中的例子和事情，给分也不错。虽然是早八的课，但是听故事挺有意思的哈哈哈哈，也能学到一些东西~（btw他说自烫完头发之后被评价像 土豆上面插了颗西兰花 这我能记一辈子哈哈哈哈哈
187108,6611,叶顺,2024-01-14 13:20:18,-1,0,1,给分挺好的
189641,6611,叶顺,2024-01-26 08:16:40,0,1,1,老师给分挺好的
220002,6611,叶顺,2025-06-13 11:36:27,0,1,1,偶尔拟人一下🙄
220061,6611,叶顺,2025-06-14 11:13:14,2,3,1,给分一般，不知道在哪里扣的分，感觉一切都中规中矩，测试感觉良好´_>`
126665,7611,傅瑶,2020-10-12 11:36:50,0,0,0,。。。
132066,7731,彭希羡,2021-01-30 05:20:51,3,11,8,事少人好给分好 能学到东西 回答问题也都很详细很热情 老师太好啦
136145,7731,彭希羡,2021-06-11 09:36:12,0,3,3,老师是疫情之后才来学校的，但是很爱笑很不错诶 推荐！
138307,7731,彭希羡,2021-07-08 13:02:02,0,2,2,很不错
140842,7731,彭希羡,2021-09-17 00:09:38,1,3,2,点名我能笑一年哈哈哈哈哈哈\n\n“不认字”也太可爱了哈哈哈哈哈哈哈哈哈哈
141402,7731,彭希羡,2021-10-06 11:14:26,3,4,1,老师特别友善 是在食堂里遇到也会主动跟你打招呼的那种 也很体谅大家
141859,7731,彭希羡,2021-10-28 02:33:53,0,2,2,老彭yyds
142045,7731,彭希羡,2021-11-04 13:09:52,0,2,2,针不戳
149638,7731,彭希羡,2022-01-16 08:47:48,0,3,3,上的是研究生python，因为是第一次开课，老师也不知道要教点什么，可能不太适合初学者，每节课压缩的内容会比较多。最后的大作业，因为不限制主题，可能会出现恶竞的情况，相当于初学者学会了1+1，而老手已经开始用爬虫、机器学习之类不属于这门课的内容来碾压了。最后的分数不好不差，就只能说，初学者真的慎选！！！
150834,7731,彭希羡,2022-02-19 08:27:59,1,3,2,python，老师给分很好，就是后面大作业确实有点难，后面进度有点赶知识点消化比较难。但是老师很照顾大家的基础，很和蔼热心。建议在上课前有点python或c等类似语言的基础。
163343,7731,彭希羡,2022-12-13 09:14:38,4,7,3,就数据结构课而言，一般般，自己还算认真，但不知道理解学生，主要体现在作业出的不好，明知道C++不做要求，还总是出C++的题目，没有理解到老师的用意，体验感不佳，学习流程较为不畅，但老师的态度是好的
219183,7731,彭希羡,2025-05-23 01:26:28,0,0,0,给分比隔壁好多了 数据库
220257,7731,彭希羡,2025-06-17 03:00:15,1,1,0,拼夕夕我男神，太帅了，入股不亏
180657,7868,MINGU KANG,2023-09-24 09:18:38,2,2,0,老师是韩国人，中文还行，但其实跟我们没什么交流。因为给分好特地来打个分！
192788,7868,MINGU KANG,2024-05-30 11:15:32,0,0,0,老师也是社恐hhhh
132262,7921,曹仔科,2021-01-31 11:18:37,1,4,3,我只能说，快逃
132752,7921,曹仔科,2021-02-03 12:29:52,3,5,2,上课讲得一般，给分真的烂（尤其是比起隔壁彭老师）只能说快逃
140594,7921,曹仔科,2021-09-14 05:45:21,0,0,0,老师讲得真的有激情
141497,7921,曹仔科,2021-10-12 07:37:43,1,3,2,很好，快逃
148318,7921,曹仔科,2022-01-12 06:30:57,8,9,1,老师人不错，很有亲和力。但希望技术性更强一点。第一个小组作业做一个数据库还可以，起码要求能实现；第二个小组作业介绍一个使用大数据技术的公司真的不知道有什么用，有点浪费时间。
148373,7921,曹仔科,2022-01-12 09:12:55,6,7,1,老师讲的比较平淡，但是对于问题都回答的很仔细。给分明明还不错啦，超级满意的说！两次小测要好好复习，小组作业要好好做，认认真真学下来绩点不差的
149451,7921,曹仔科,2022-01-15 11:37:04,3,3,0,其实老师还是蛮不错的，有问题老师回答很仔细。\n\n只要好好儿复习小测，大作业水一下。绩点就不会低，给分应该算是中规中矩啦
151335,7921,曹仔科,2022-02-28 17:33:44,3,3,0,老师讲课还可以，小测两次好好儿准备，大作业的话，有两个。第一个大作业起码能学到东西，第二个作业的话纯属浪费时间。。。
153451,7921,曹仔科,2022-04-30 06:09:04,1,2,1,很不错哦
165724,7921,曹仔科,2023-01-09 12:14:33,3,3,0,上课感觉很一般。。。
167118,7921,曹仔科,2023-01-15 04:04:28,9,10,1,第一次听曹老师的课只感觉这个老师非常温柔，但是讲得比较无聊。后来认真听课之后发现老师其实是个非常有意思的人，有点大男孩的感觉，有时候还有点狡黠哈哈哈哈～答疑也非常认真耐心，很亲切。很开心遇见曹老师！
167188,7921,曹仔科,2023-01-15 05:06:02,2,3,1,很温和的老师，讲课和给分都中规中矩叭，学多少给多少，不坑的，可选\n\n就是这门课还是浅了点，技术性偏弱
181871,7921,曹仔科,2023-11-03 02:53:26,2,2,0,很耐心老师，爱来自学生
187576,7921,曹仔科,2024-01-16 15:44:26,0,0,0,老师好好好
148495,7931,杨浙帅,2022-01-12 16:30:42,6,11,5,yyds！给分巨高无比
148937,7931,杨浙帅,2022-01-14 03:58:01,2,5,3,给分好！上课注重真的让学生学到什么，不卷，认真负责！yyds！
153056,7931,杨浙帅,2022-04-24 13:16:24,0,2,2,很棒的老师 给分也很好
154852,7931,杨浙帅,2022-06-06 07:54:07,0,3,3,挺好的真的
160154,7931,杨浙帅,2022-09-14 02:21:29,0,2,2,老师人很有趣，谈吐、授课方式贴近这个年纪的我们，是个负责的好老师。大推～
163580,7931,杨浙帅,2022-12-15 11:20:02,0,2,2,老师讲课生动有趣，具有让人想要接着听课的魔力，和学生相处愉快，给分好，能学到知识
164428,7931,杨浙帅,2022-12-21 02:49:19,5,7,2,成功让mkt成为我上大学以来最喜欢的专业课\n\n事少，会一个个分析作业，甚至愿意把大作业的ddl延到考试周后\n\n上课贴近学生，反卷先锋\n\n你值得拥有
165607,7931,杨浙帅,2023-01-09 03:49:07,2,6,4,给分不好。。
165644,7931,杨浙帅,2023-01-09 05:58:16,1,3,2,老师很理解学生！讲课也特别有趣！市场营销有两份个人作业和一份小组作业，都设置了篇幅上限，小组作业也不用展示只需要提交报告，整体比较轻松~老师一直强调希望我们学到课程结束后依旧能记得的知识，而不是死记硬背，所以课堂上是十分愉快的，但是在最后考试确实全英ppt复习起来需要费点脑子，一些关键名词解释印象中也很少提到（或者强调），建议之后选课的同学可以考前听听其他老师的复习课~
165885,7931,杨浙帅,2023-01-10 08:20:41,-7,2,9,给分好，上课基本没听，考前抱了一天佛脚，90+
172555,7931,杨浙帅,2023-04-30 00:36:22,1,4,3,消费者行为 认为知识点不重要 那这门课取消好了... 给分差 各种程度的不理解
172874,7931,杨浙帅,2023-05-09 02:26:38,3,4,1,认真按照老师的要求来做，绩点肯定不会差。\n\n杨老师上课不拘泥于书本，对上课专注度要求比较高，需要认真听课以吸收知识点。
201889,7931,杨浙帅,2024-11-07 08:01:23,0,0,0,很好很负责的老师，不需要学生死记硬背（只要有听课考试完全没压力），这才是商科！
202576,7931,杨浙帅,2024-11-13 07:50:39,0,0,0,上课不死板，课堂气氛活跃，讲课有特色，不会照着PPT念一整节课，事也不多，杜绝让学生死背一堆东西也不内卷，很好的老师
203783,7931,杨浙帅,2024-11-21 05:02:15,1,1,0,课讲得真的好，比起那些念ppt的好得不止一点点，管院就应该多点注重学生思考与创新，而不是闭卷考概念比记忆力的课。
218106,7931,杨浙帅,2025-04-28 03:31:05,1,1,0,帅！！！
218749,7931,杨浙帅,2025-04-30 22:34:46,1,1,0,太有水平了，最喜欢的老师
149547,7935,施俊琦,2022-01-16 02:25:24,-7,5,12,事多，给分少
149583,7935,施俊琦,2022-01-16 04:48:35,6,7,1,老师很好，上课也很有趣。\n\n社会心理学考试只要复习ppt，上课听了重点就不难
152719,7935,施俊琦,2022-04-19 01:53:16,1,1,0,老师很好 上课例子很丰富，可以让我很明白心理学的例子，考试只要看ppt理解概念就不难
152925,7935,施俊琦,2022-04-22 01:05:53,2,3,1,老师很儒雅，社会心理学考试不难
173359,7935,施俊琦,2023-05-21 05:36:10,3,3,0,听施老师讲课是一种享受，意犹未尽
180076,7935,施俊琦,2023-09-20 08:48:42,5,5,0,如沐春风！!!北大风骨，大先生！
181808,7935,施俊琦,2023-11-01 08:19:08,4,4,0,专门给教务处写申请让我们延迟提交作业，他真的，我哭死
181809,7935,施俊琦,2023-11-01 08:22:15,2,2,0,老师课程作业可以晚4周交
181822,7935,施俊琦,2023-11-02 00:16:27,2,2,0,好好好
202659,7935,施俊琦,2024-11-13 16:04:33,2,3,1,还没出分，但是来评论一下，不管这门课最终给我多少分我都不后悔，北大先生，学者风骨，在他的课上受益良多！\n\n分享一下这学期他引用的一句话：人生其实是一团欲望，在无聊和痛苦中反复摆渡。所以珍惜得到的，也别因为得不到而痛苦。\n\n开学初说的，记到现在，在他的课上学到的不仅仅是知识，更有很多生活的道理，至少给我很多启示～好老师，请选他！
204828,7935,施俊琦,2024-11-28 05:09:36,6,6,0,晚上和舍友讨论哪个专业课的老师是感觉最有水平的。回答一致，都是施老师。课程事少，学到的东西多，更重要的是他的北大风骨，凡尔赛也让大家感觉是真的有水平。北大64大本营的一块砖保存了多少年，先生大义！！！
141434,7959,钱悦,2021-10-09 00:06:21,5,6,1,讲课不错！
142479,7959,钱悦,2021-11-12 04:50:29,2,4,2,上老师的数字营销课是我痛苦秋学期的唯一快乐来源
143072,7959,钱悦,2021-11-18 16:09:41,3,4,1,我爱钱悦老师！！！
144907,7959,钱悦,2021-12-26 01:47:57,0,2,2,很认真的对待学生，给分也好
181464,7959,钱悦,2023-10-18 07:50:28,-8,3,11,垃圾。。
181772,7959,钱悦,2023-10-31 08:04:35,-1,0,1,给同学们减负的好老师！！！
184721,7959,钱悦,2023-12-22 10:26:55,4,4,0,会点名，也会讲很多东西。挺关心学生的。给分一般，但是课后问问题会被认真回答。
185299,7959,钱悦,2023-12-27 15:46:03,-1,0,1,不错不错
191447,7959,钱悦,2024-04-22 13:57:52,-1,1,2,超级好的老师，上课有趣，给分也好好！
212350,7959,钱悦,2025-01-14 01:58:24,6,6,0,钱悦我爱死你了😘
213832,7959,钱悦,2025-01-20 07:56:40,2,2,0,班级里面留学生比较多，感觉上课迟到啊啥的也很多\n\n课堂气氛感觉有点无聊和过分放松\n\n但是老师很温柔\n\n而且和其他老师一比事情实在是太少了\n\n考前实在没有时间，只复习了一个晚上，美美满绩了\n\n老师真好呀！！！！
135009,7966,王文明,2021-04-26 15:28:54,6,8,2,考之前给老师打个满分。\n\n老师保佑我明天能考好QAQ\n\n王老师真的是很好的老师。几乎找不到比他更耐心善良的老师了。
135271,7966,王文明,2021-05-07 09:21:40,5,10,5,老师很好 很有学问很温柔的感觉 上课条理清晰  课件 作业 答案分三个文件夹发群里 课件及时修改并实时更新 对同学极其友好这些细节很多老师都做不到
135284,7966,王文明,2021-05-07 13:36:16,15,21,6,老师给了我2.7😕
135289,7966,王文明,2021-05-07 15:40:12,5,7,2,管院最爱的老师呜呜
135352,7966,王文明,2021-05-08 10:06:40,2,4,2,他太好了
135636,7966,王文明,2021-05-17 13:12:34,8,9,1,王老师是去年才来浙大滴～备课和对待学生都极其认真负责，高财本身有一定难度，老师已经讲得很清晰了。很喜欢和学生聊天，人也超随和，愿意解答任何你提出的问题，不管是课程，日常学习还是职业发展，真的一级棒！说是大学近三年来遇到最好的老师不为过！
140895,7966,王文明,2021-09-17 10:40:20,0,2,2,管院我最喜欢的老师
154503,7966,王文明,2022-06-02 02:40:27,2,2,0,老师讲课很认真，但高级财务会计本身课程难度较大，很多东西还需要自己课下消化，可以结合一些CPA的课程进行辅助学习。平时作业都是老师自己出的，所以网上基本找不到答案，但每年都差不多，可以找学长学姐要答案参考一下，就没什么问题。老师也非常负责，所有作业习题都会讲解，而且会展示自己的计算过程，作业也都是老师手动批改的，总之真的是非常认真啦。期末考试闭卷，难度还行，基本都是作业写过的同类型的题目，有部分较难，不会也没事，认真学的话4.5不成问题
170174,7966,王文明,2023-03-02 00:39:04,1,11,10,听了两节高财，真心听不懂\n\n还不如赵静老师呢
172915,7966,王文明,2023-05-10 02:16:15,7,8,1,这门课难度蛮大，不过和中财II比起来轻松在内容比较少，只有5章，其中难度很大的只有2章，所以整体投入精力和中财差不多。\n\n关于作业，每年作业都会有变动，甚至会有不同的知识点，建议可以找之前的学长姐要一下，两年的作业都做一下（我自己只做了今年的，但是考试发现考了一个只出现在去年作业中的知识点）；作业难度对于初学来说比较大，刚学的时候也会觉得老师的ppt不是很清晰，所以建议可以去网上看看CPA的课程，会学的更清晰更轻松；不过老师和助教人很好，作业给分是可以的\n\n关于考试，今年是五一之后考的，所以直接把我整个五一占没了，我一共看了2次ppt+2次作业，看ppt的时候把分录摘了一次，感觉还是很有用的。考试的客观题比较细节，但是都出现在了ppt上面，很多都是ppt上面标注了重点的东西，所以如果仔细看了ppt还是比较好做的；分录题和作业基本保持一致，对于难的知识点考的比较简单，简单的可能会挖一点不一样的坑，但是大体上掌握了作业能够做个七七八八；考试时间会比较“正好”，客观题不能拖很久，要给分录留够时间\n\n关于给分，楼下说的蛮对的，认真学应该是能90+
172934,7966,王文明,2023-05-10 04:39:25,2,3,1,老师讲的特别好！讲课有条理有逻辑，而且很认真的解答问题。作业一共七次，有一点难，但是每一次都会讲。也可以看看往年智云老师的讲解，但每年题也会变一变所以不能照抄。考试的话和作业题基本相似，有的题会改简单，有的改难。感觉这一次考试是把两次简单的作业题改难了，三道难的作业题改简单了，总得来说非常不错！很喜欢老师。认真学成绩不会差
172992,7966,王文明,2023-05-11 02:54:50,1,3,2,老师是好老师，但是老师给了我3.0…
173261,7966,王文明,2023-05-17 06:56:06,4,7,3,出分很久了来给老师打个高分\n\n高财本身难度挺大，但老师讲得很细致很透彻，讲课重点不仅限于学会做分录，更重要的是从财务中理解业务本质，很多中财死记硬背的东西在高财有了更好的理解\n\n考试内容在上课和作业基本都能覆盖，给分感觉比较求是，平时好好学期末认真复习应该问题不大的
178585,7966,王文明,2023-07-15 12:16:53,18,21,3,冷知识：选王老师当导师会加入zifa诶，懂的都懂
187034,7966,王文明,2024-01-14 08:11:15,4,5,1,其实不是很懂《会计实践前沿与专业实训》这门课存在的意义，后期基本是讲座但是这种讲座在两年的实习课程中都有并且嘉宾都有重复的。\n\n到课率特别低，但是老师查不出来（点名方式已经是花里胡哨了），不来上课的同学在外面逍遥，来上课的同学在课上坐牢。\n\n上课时间真的很不合理，开学第二周才和我们说，很多同学都找好了实习，然后时间安排就比较尴尬，但凡提早说都不会这样。\n\n最后，个人觉得大作业有点太难了，展示完要修改，题目之间难度差异是真的有，有几个题目做的组都偏题了……
191254,7966,王文明,2024-04-15 10:25:10,6,6,0,高财.....快跑......
191579,7966,王文明,2024-04-25 09:01:10,2,7,5,老师是好老师，可算让我在会计学专业找到一门有门槛和技术性的课了。就是从中财到高财跨太大了听晕过去好几次，别挂我，活爹。
191872,7966,王文明,2024-05-02 15:22:24,5,6,1,感觉自己一学期学得非常认真，但是出分很不理想，可能是只重视复习分录了，客观题做得不好吧……老师人是挺好的，但总而言之还是很伤心，也许还是因为我不够努力吧
191925,7966,王文明,2024-05-05 10:47:12,5,5,0,高财喜提最低绩点...老师人挺好的，但是这课是真难
198792,7966,王文明,2024-09-11 16:20:56,6,6,0,老师挺好的
215695,7966,王文明,2025-03-04 08:03:24,4,7,3,zifa走狗
217089,7966,王文明,2025-04-01 13:42:42,9,9,0,讨厌你呜呜呜呜呜呜我听不懂高财哇哇哇哇作业不会写呜呜呜呜呜呜真的听不懂呜呜呜呜呜我尽力了哇哇哇哇哇
218058,7966,王文明,2025-04-20 05:05:22,11,11,0,期末考试题量这么大真的科学吗
218059,7966,王文明,2025-04-20 05:05:24,11,11,0,考完试想死的心都有了
218830,7966,王文明,2025-05-07 10:31:12,2,3,1,老师给分好
142410,8045,邹腾剑,2021-11-11 05:38:17,6,8,2,老师太好了，事少分高，沟通非常愉快，回答问题耐心！
142475,8045,邹腾剑,2021-11-12 03:57:04,0,0,0,人很好
142574,8045,邹腾剑,2021-11-13 13:49:24,2,3,1,战略管理和创新管理无脑选他就对了~
142800,8045,邹腾剑,2021-11-16 08:29:26,2,2,0,给分超级好，人也很有亲和力，必选
143123,8045,邹腾剑,2021-11-19 09:03:11,0,1,1,事少分好，老师回消息也巨快，人也超好 每节课都到的很早，上课逻辑框架很清楚，大约是工科出身的老师的缜密思维吧哈哈哈，选就对了！你不仅可以收获知识与分数，还可以收获一段快乐的上课时光～
144119,8045,邹腾剑,2021-12-18 13:21:26,2,2,0,像个温柔体贴的大哥哥
147098,8045,邹腾剑,2022-01-08 16:31:01,5,5,0,我们班主任，和蔼得一批，开班会总是面带微笑哈哈哈哈。
150356,8045,邹腾剑,2022-01-23 04:44:29,2,2,0,相当优秀的老师
150733,8045,邹腾剑,2022-02-16 07:45:52,0,1,1,分高事少好沟通
162334,8045,邹腾剑,2022-11-20 08:09:46,6,9,3,老师人还是很好的，讲课一般，给分好差....
162335,8045,邹腾剑,2022-11-20 10:03:21,5,6,1,战略管理讲得很一般 就是拿了很多矩阵 说怎么用\n\n给分也一般 没有传的那么好
163222,8045,邹腾剑,2022-12-10 08:35:55,6,9,3,上课节奏比较慢，给分好差...
167928,8045,邹腾剑,2023-01-20 10:50:04,2,3,1,人好，但是上课内容很死板
177858,8045,邹腾剑,2023-07-05 05:59:36,9,10,1,态度挺好的 给分不太好
182252,8045,邹腾剑,2023-11-13 09:22:32,1,1,0,老师人不错，但是上课真的好无聊…
190925,8045,邹腾剑,2024-03-24 13:05:20,0,0,0,有一次踩点到没签到，周末才发现，老师直接给补上了，感动
191696,8045,邹腾剑,2024-04-28 08:39:16,5,6,1,给分一般
202690,8045,邹腾剑,2024-11-14 01:28:36,1,2,1,给分一般作业还巨多。。战略管理唯一的好处是不点名，讲课很无聊水平很一般的同时每周都要写大几千的作业
202753,8045,邹腾剑,2024-11-14 07:06:49,0,0,0,老师人很好 很亲切 就是最后战略管理的考试有点抽象 给分感觉比自己的预期第一档吧
202853,8045,邹腾剑,2024-11-15 01:59:43,3,3,0,给分一般，但是没有小组作业只有个人作业，要分高的话需要卷一点，比如报名展示什么的，最后的考试挺抽象的
203097,8045,邹腾剑,2024-11-16 17:48:07,1,1,0,给分非常非常之差，战略管理每周都有巨多、非常复杂的作业要做。这些且按下不表，作业全交、签到全到、最后考试自觉答得很好，最后只有80出头。可能是我不卷发言也不卷所谓的资源展示的原因吧。和另一个上了他创新管理的同学对比，发现他的基准分基本上都是这个水平。课程内容本身也是妙不可言，外表看起来笑嘻嘻的，只能说实际上是笑面虎。和其他班级对比分数低了一大截。对成绩随意的可选
203114,8045,邹腾剑,2024-11-17 04:11:58,0,1,1,很好的老师，人温柔又不喜欢点名，创新管理大胆选，战略事情很多，没有小组作业，需要单人做完相当于一整个小组作业量，给分无敌无敌好，反正我做的跟大便一样也给我高分了，人生老师
206380,8045,邹腾剑,2024-12-14 16:41:07,0,0,0,。。。
218870,8045,邹腾剑,2025-05-10 03:25:41,2,2,0,上过两次课就退了，上课时候就感觉学术水平不太行，看了下发表，果然基本都是靠抱博士导师的大腿。学术二代？如果不想学什么，单纯想水课的可以选一下，其他就算了。。。
173586,8407,王重鸣,2023-05-29 12:01:45,0,1,1,通核课从徐青老师口中经常听到的老师
159507,8423,钱辉,2022-07-29 10:08:27,0,1,1,真的一言难尽……
170420,8423,钱辉,2023-03-04 09:50:28,0,1,1,一言难尽
181037,8423,钱辉,2023-10-06 04:47:20,0,2,2,一言难尽
216406,8423,钱辉,2025-03-16 02:49:22,0,0,0,一言难尽
218371,8423,钱辉,2025-04-23 03:15:50,0,0,0,一言难尽+1
218407,8423,钱辉,2025-04-26 14:57:46,1,1,0,真，一言难尽
172966,9030,胡祥培,2023-05-10 12:34:33,0,0,0,胡老师给我们上课，非常地精神，讲得也透彻，很有学者风范。还请商飞钱总给我们做讲座。收获很多。
166070,9204,盛峰,2023-01-11 04:32:25,5,9,4,老师真的yyds，上课轻松有趣，会提问但是一点都不push，虽然是新老师但是上课真的好好👍，给分超级好！！！！强推！！！！！（而且老师年轻帅气😍😍😍）
166084,9204,盛峰,2023-01-11 05:09:45,1,3,2,老师上课很有意思经常和同学互动。小组作业认真做，期末把老师ppt的概念背熟，给分不错。
166089,9204,盛峰,2023-01-11 05:17:02,0,3,3,强推！！！🌟 老师的市场营销课超有趣（也很帅）！是我大学以来听的最认真的一门课🤩 作业不多，让我们创建自己的品牌，展示课笑疯了🤣。期末考试把老师最后讲的复习ppt中的概念背熟了，最后给分很不错！
172374,9204,盛峰,2023-04-25 13:24:09,1,1,0,推荐消费者神经科学
173471,9204,盛峰,2023-05-25 14:46:48,0,0,0,大推荐消费者神经科学，我春学期的快乐源泉T T
185165,9204,盛峰,2023-12-27 02:08:40,1,1,0,强推！！！
194109,9204,盛峰,2024-06-22 04:38:36,2,2,0,ITP觉得还行，可以选择性当乐子课听
194159,9204,盛峰,2024-06-22 09:24:44,1,1,0,itp创业营销，事情不多，最后满了。老师上课很认真很有热情，很愿意和大家交流，会认真点评大家的pre并提建议。收获了很多营销学知识，以及老师的神经营销私货。非常好！
198840,9204,盛峰,2024-09-12 06:04:19,0,0,0,老师很好 超绝e人
213514,9204,盛峰,2025-01-18 03:04:56,1,1,0,来评盛老师的市场营销学。老师上课节奏适中思路清晰，并且课堂氛围很融洽很轻松，老师幽默风趣性格也很好，哪怕是站起来回答问题也不会有什么压力。一学期下来非常喜欢市场营销这个领域。最后老师给我捞满了也是让我意想不到的。总之是体验感非常好的一门课！
175196,9422,Graham Mitchelmore,2023-06-22 09:16:19,1,1,0,老师人还是好的，英文也讲的很清楚，但因为是英文后面自己没仔细听了也怪不得老师\n\n每节课必点名，而且是课前扫码点名，上课一到就关闭，不过课后可以补签还是比较松的。但注意老师很反感线上签了不来的行为，有一次抓到了一个小组没来说如果不说明理由要全组挂（不过后来解释过没挂就是了）\n\nppt稍微有点乱，上课能力一般，不过英伦腔还是好听的\n\n有office hour，会一组一组到办公室对接大作业（案例分析视频展示）进程，还是很亲切的\n\n\n\nanyway不喜欢听英语课的劝退，想翘课的劝退
176187,9422,Graham Mitchelmore,2023-06-28 04:10:45,1,4,3,英语不好的100%劝退！早有人跟我说我绝对换老师，而不是用提心吊胆的课堂和低的离谱的分数折磨自己。至于老师本身的话，或许挺好的吧，我也没资格去评判
178688,9422,Graham Mitchelmore,2023-07-18 00:56:58,0,1,1,首先，这是一门全英语的课程，老师的中文不太好，但是实在不会说英文，用中文也可以\n\n抛开全英文这点，老师很和蔼，课程内容可以理解为管理类水课，课程作业有点多
179678,9422,Graham Mitchelmore,2023-09-19 08:13:42,4,4,0,全英文劝退
179803,9422,Graham Mitchelmore,2023-09-20 01:08:37,4,4,0,CS级别。。。
183647,9422,Graham Mitchelmore,2023-11-28 06:48:47,0,0,0,排除语言的因素，老师人真的很好，上课多互动最后分数就会很好看
209206,9422,Graham Mitchelmore,2025-01-05 04:35:37,0,0,0,战略管理似乎没查老师说的那么可怕？老头子人还是蛮和蔼的，有一股淡淡的幽默，英语说的比较清楚，语速慢。上课可能会让你发言，社恐不友好。期末和给的历年卷基本差不多，有原题。给分比较求是，但也没有到很恐怖的地步。
177245,9423,刘玉坤,2023-07-02 11:16:32,4,5,1,管理研究方法\n\n很体贴学生，作业少分高，很懂学生的小心思
177823,9423,刘玉坤,2023-07-05 03:00:01,3,3,0,好老师，不多说！
178869,9423,刘玉坤,2023-07-27 01:19:16,1,1,0,9分，推荐
180289,9423,刘玉坤,2023-09-21 03:15:43,3,3,0,老师特别特别好，上课很风趣幽默，完全不是照着PPT念的老师能比的。虽然上课不能用电子产品，但是我愿意为了好课记纸质笔记呀~
183012,9423,刘玉坤,2023-11-21 12:26:56,3,3,0,管理学院最好的老师之一！课堂有趣干货满满，对学生超级好！！
183382,9423,刘玉坤,2023-11-24 13:26:26,4,5,1,上课一定……要发言……，血的教训
183705,9423,刘玉坤,2023-11-29 02:48:46,2,3,1,作业批改很认真，就是给分对不喜欢发言的同学不太友好
202310,9423,刘玉坤,2024-11-11 12:19:09,5,6,1,第一次见到有管院的不考试课程能给分这么好～热爱发言的同学有福了！！！（鼓励性发言，小规模班级无鼓励恶意竞争）
202391,9423,刘玉坤,2024-11-12 09:47:20,3,5,2,必须满分！！！我宣布《管理研究方法》已经晋升为我在大学最喜欢的课程前3名！\n\n刘老师很年轻，又很有亲和力，和我们很有共同话题，讲授生动有趣，PPT也可爱充实，而且超级有梗（我感觉自己的网速还没有他快哈哈哈）。\n\n真的能深入浅出地讲明白很多研究的逻辑，不会刻意说高大上、艰深的专业词汇，反而是以最明白的语言让我们理解底层逻辑，使我真的得到了系统思维的提升。\n\n刘老师学士也非常渊博，他有一次在课上帮我们从日常现象中提炼构念，我能感受到他的思维已经在next level了，观点高屋建瓴，让我有醍醐灌顶的感觉（我甚至因此考虑过要不要去尝试读博哈哈哈）。\n\n最最最重要的是他实在是太真诚了！与学生之间保持默契和decency，有事的话课可以不来（得请假哦），太忙的话作业能晚交（假期不布置作业），小测、作业认真批改并多多地鼓励，真心地分享给我们重要的人生哲理……\n\n总之，真的很幸运能上刘玉坤老师的课，这是我秋学期每周最幸福的时刻。老师真的值得我们热烈的掌声！
202788,9423,刘玉坤,2024-11-14 10:56:42,2,3,1,老师人很好啊教的东西很有用很实在，作业会认认真真批改给意见，感觉是很难见到的真的想把教师职业做好的大学老师。。给分也还蛮好的，虽然我因为发言少所以分数没有很高，想高分的同学一定要发言啊。。
169310,9424,马世罕,2023-02-25 10:49:27,15,18,3,完美的老师，耐心温柔负责，讲课深入浅出，备课细致。无论是前半节理论课还是后半节实验课，全程干货。能上马老师的统计课是我来浙大第一学期最大的幸运。
169867,9424,马世罕,2023-02-28 07:15:44,0,2,2,老师好温柔好幽默啊啊啊啊
171016,9424,马世罕,2023-03-14 06:51:44,0,2,2,上课很有意思
172566,9424,马世罕,2023-04-30 08:02:09,0,2,2,都去上！！！
172623,9424,马世罕,2023-05-03 07:14:56,5,7,2,管理沟通，课很有意思，事情也不多，老师超级温柔，最后给分也可以！
174673,9424,马世罕,2023-06-15 11:23:33,11,13,2,管沟课，都去上啊啊啊，在浙大第一次碰见温文尔雅，有知识，讲的清楚，考核简单，学到东西的课
177435,9424,马世罕,2023-07-03 09:05:38,-1,1,2,冲！！！
179668,9424,马世罕,2023-09-19 06:53:38,0,3,3,老师人特别好，上课负责，条理清晰
180263,9424,马世罕,2023-09-21 01:50:27,-26,6,32,垃圾 没师德
184486,9424,马世罕,2023-12-20 13:14:14,3,5,2,上课很好，但课都是早八还贼喜欢点名，，，，，
191375,9424,马世罕,2024-04-19 01:20:01,0,1,1,非常好的老师！
193927,9424,马世罕,2024-06-21 01:18:26,0,0,0,老师本人非常非常的温柔可亲，上课讲的超级清楚而且举例很有意思！！老师脾气超级好啊，真正学到东西的课！！
194554,9424,马世罕,2024-06-24 10:39:09,0,0,0,上课非常有逻辑，ppt非常用心，前因后果很清楚，举例子生动形象，温柔有魅力。管理统计按照老师讲的一步步来没什么困难。
208958,9424,马世罕,2025-01-03 14:55:17,1,2,1,很喜欢上马老师的课。他教管理沟通让我觉得很有说服力，因为听他的说话声音，加上他的表情会让你觉得如沐春风。上课也很生动有趣，最后的案例展示和课堂小测其实也不那么有压力。总之是对跨专业和本专业都很友好的课！对所有人都很友好的老师！
209921,9424,马世罕,2025-01-07 12:04:15,0,0,0,好老师！天使！
213506,9424,马世罕,2025-01-18 02:46:17,0,0,0,老师人很好，就是管理沟通这门课事情有些多，给分也有些不符合预期。
213829,9424,马世罕,2025-01-20 07:41:17,1,2,1,老师很温柔，上课和PPT都很有逻辑\n\n管理沟通这门课不难，上课也可以摸一点鱼哈哈哈\n\n会有一个期中小测，好像只有十道判选判，很简单\n\n个人作业的话大概有两三次，但是都是“一句话概括”，几乎等于没有\n\n最后是一个小组汇报和小组5000字报告\n\n最后一节课会有一个20分钟的期末考，也不是很难，PPT上都有的\n\n老师速度很快完全不拖沓，在期末周之前就迅速出分了\n\n最后拿了96很感谢老师！
215839,9424,马世罕,2025-03-06 02:57:15,1,1,0,很喜欢老师的课 但能不能不要挑课间布置一些作业或者是签到 上个卫生间回来就错过了
217240,9424,马世罕,2025-04-06 07:14:02,1,1,0,有事钉钉不通知，阴没边了
217549,9424,马世罕,2025-04-13 03:35:01,1,1,0,很棒，认真的在讲东西
217551,9424,马世罕,2025-04-13 04:07:33,0,0,0,喜欢马老师！
217552,9424,马世罕,2025-04-13 04:27:02,1,1,0,天使一般的给分，大大方方的捞，老师我爱你
217553,9424,马世罕,2025-04-13 04:31:30,-1,0,1,都去选！老师很温柔也能学到东西！
217653,9424,马世罕,2025-04-14 16:42:09,1,1,0,很好的很温柔老师，点名次数不是很多，事情也是一些小作业和最后的小组展示，上课也不太会管下面摸鱼的学生，而且给分也很好！
219672,9424,马世罕,2025-06-03 16:21:14,0,0,0,管理沟通，课程中会有几次点名，课讲的很认真很细致，值得推荐
220266,9424,马世罕,2025-06-17 04:15:30,0,0,0,管理统计老师上课很清楚，我觉得算是你院比较能学到东西的课。课程最头疼的是小组作业，小组作业需要写出一份很像一回事的论文。但是老师很负责，经常课后帮助同学们解决小组作业的问题，一直到
170285,9489,房俨然,2023-03-02 12:57:02,5,10,5,老师挺有趣的，但是英语速度太快（甚至比我大英老师还快）有点反应不过来......
171005,9489,房俨然,2023-03-14 03:29:29,3,10,7,老师很有趣，但讲课是真挺无聊的…
171601,9489,房俨然,2023-03-30 00:54:02,2,9,7,老师真的很nice！会记住所有人的名字，像朋友一样
172249,9489,房俨然,2023-04-24 00:14:01,3,8,5,英语基础一般，全英的课还是有点顶，每周都小测，虽然不很难但还是得复习，还有finnal project和期中考试，反正本人每周上HRM心理压力非常大，但老师还是很nice的，大家根据自己情况看吧hhhhh
172482,9489,房俨然,2023-04-27 13:45:00,4,9,5,后悔没退课了，专业课最低绩点，可能和我英语差也有关系吧
172526,9489,房俨然,2023-04-28 14:42:29,1,10,9,老师美丽又活泼！考核是个人介绍+期末作业+每周一次小测+期末考试，虽然全英文看着很顶但是老师出的题目其实都还挺浅显的，后期也逐渐变得中英混杂了hhh（老师口音好好听！不敢主动发言的本人拿到了超满意的成绩，感谢老师！
172656,9489,房俨然,2023-05-03 14:20:41,-3,4,7,老师真的很活泼漂亮，HRM全英授课，作业就是一个自我介绍+期末大作业，老师是反内卷达人，期末大作业限制在3页以内，每周一次小测，还是需要认真复习的，最后还有一个闭卷考试，实话说个别题目有些许难度，总体来说还是很推荐哒！
172662,9489,房俨然,2023-06-05 13:05:07,3,8,5,全英课程是真的顶。感觉给分不好。
172712,9489,房俨然,2023-05-05 03:27:20,5,9,4,给分差 小测多 小班教学 不推荐
172713,9489,房俨然,2023-05-05 03:26:39,4,7,3,事多且给分不好
172782,9489,房俨然,2023-05-06 20:48:00,1,5,4,不解释
172891,9489,房俨然,2023-05-09 10:51:02,-1,6,7,老师挺好的啊
172896,9489,房俨然,2023-05-09 11:26:43,-2,5,7,老师很认真，对同学很好，像朋友一样，在课上也学到了很多东西，很感谢老师！
172905,9489,房俨然,2023-05-10 00:17:32,4,9,5,正在上专业课 想到这门刚结课两周的课还是狠狠下头\n\n上课时对老师印象不错 可能是因为看起来面善 尽管全英文很难顶 还是坚持上下来了\n\n没想到是给分杀手\n\n每周小测测了 作业都认真做了 考试也提前准备了 没想到收获专业课最低绩点
173630,9489,房俨然,2023-05-30 16:00:55,-1,6,7,大爱房姐🥰
173767,9489,房俨然,2023-06-02 12:24:15,6,8,2,给分不好，专业课最低，每节课小测，全英文跟不太上
174230,9489,房俨然,2023-06-08 03:45:39,3,10,7,全英文授课，老师发音特别好。认真听课，认真写作业，认真复习，给分很不错！虽然每个星期都有小测，但题目都不难的，只要认真复习ppt就好。而且老师上课很有趣，即使都是早课也不会想要旷课。期末的话是开卷考，认真准备的话还是可以应付的。而且！老师人美心善！跟学生的互动很亲切，还会记得学生的名字！推荐推荐！
174232,9489,房俨然,2023-06-08 03:49:19,4,12,8,老师超级漂亮！早八早十也一点都不想旷课～\n\n老师很友善，能记得每个人的名字，很细心，也对学生很上心！\n\n每周一次小测，都是ppt里的内容，课前翻一翻就可以！\n\n期末考试是开卷，基本上课认真听就能写得出来！\n\n第一次给在查老师评分，不懂为什么房老师那么可爱才得6分！！你们良心不痛吗！！！
175661,9489,房俨然,2023-06-26 05:43:58,7,11,4,课程全勤，认真写大作业，期末考试和小测都认真准备了。不理解为什么给一个70+
176037,9489,房俨然,2023-06-27 13:04:41,-3,8,11,老师真的很活泼漂亮，很有灵气很幽默，作业就是一个自我介绍+期末大作业，老师是反内卷达人，期末大作业限制在3页以内，而且会在截止三四周就经常提醒我们and给我们思路告诉我们怎么做。\n\n每周一次小测，多亏了课堂小测第一次在大学有一门课会有每节课下课复习的环节，所以知识没有随着考试的结束而溜走，而且考试之前也不需要花费很多时间整理知识框架！最后还有一个闭卷考试，能看得出来老师一点都不想为难我们，满分上岸了！\n\n但是房老师对我的影响不止于此，她真的很有灵气是我的wannabe！老师之前在国外给学生上过两年课我们是她第一次在国内带的本科生，第一节课跟我们合影我真的觉得是很有意义的时刻。大家别因为绩点就给人家打差评，好不容易跟国际的商科教育接轨了，别让好课好老师伤心please！\n\n希望以后也能成为和房老师一样讲洋文非常非常好听、很有灵气、很幽默、很善良、很有意思的老师！我爱你！！！！
176728,9489,房俨然,2023-06-30 02:03:44,1,6,5,经济法出了分以后哀鸿遍野，我看看事挺多的人资的绩点，跟几乎没学课也没去的经济法齐平，无语凝噎。。。。楼上满绩的同学你给老师好评我可以理解，但是你不该说道别的同学根据自己的感受给分，很刺眼。
196278,9489,房俨然,2024-07-02 20:05:05,1,1,0,口语超流利，漂亮活泼有激情，很好的老师呀！
218607,9489,房俨然,2025-04-26 11:41:51,2,2,0,以前给老师打了个低分，今日来给导师补上一个高分，在论文指导方面怎么说呢，理解同学万岁！
182622,9523,吴苏青,2023-11-18 12:04:47,3,3,0,啊这么好的老师怎么没有评论，我来打一个10分先～～(*^▽^*)\n\n吴老师人美心善而且也很有水平，上课会讲很多理论，带我们读一些外文文献，分享一些有趣的例子，氛围还是挺好的～\n\n而且我们的个人作业她都会打印出来然后手写评语然后发回给大家，真的很有心，感觉她给的一些改进的建议对我们写这些研究设计很有帮助的～\n\n总之学弟学妹们选就对了，就一次点名，给分也很好很好很好～\n\n（如果可以的话大家记得多发几次言多参与一下课堂教学这样子～꒰⑅•ᴗ•⑅꒱）
183429,9523,吴苏青,2023-11-26 04:23:00,1,1,0,神中神，人美心善给分好，上课很有意思
183976,9523,吴苏青,2023-12-05 08:35:33,1,1,0,有耐心、负责、讲课有趣，必须满分
201167,9523,吴苏青,2024-10-29 13:23:18,0,0,0,特别特别好
202506,9523,吴苏青,2024-11-13 02:35:26,0,0,0,老师人很好讲的也很有用 但请一定多发言 课堂参与分很高
202657,9523,吴苏青,2024-11-13 15:59:26,0,0,0,公平客观，好就是好，不好就是不好，评分规则合理不吝啬且明晰，想卷分的同学无脑冲
203115,9523,吴苏青,2024-11-17 04:16:34,0,0,0,天使老师，好喜欢，风格很像大姐姐，讲话像同组的师姐，不像老师，讲的也很好懂，小测我对比了隔壁班给分高出来将近十分，我上课不喜欢发言所以平时成绩是70多，但是总评还是上四了，老师很好啊，乐呵呵，也漂亮，喜欢喜欢
171204,9533,陈寿长,2023-03-18 12:48:10,2,2,0,语速慢 讲解很深刻 很靠谱
173177,9533,陈寿长,2023-05-15 03:00:14,1,1,0,棒！很棒~
195022,9533,陈寿长,2024-06-26 11:22:22,8,8,0,就我一个人觉得有点求是有点不捞嘛sos\n\n好吧，可能是我太菜了……
202665,9533,陈寿长,2024-11-13 16:15:39,3,3,0,人真的很好啊，学术也很强，非常优秀的年轻老师
205397,9533,陈寿长,2024-12-05 13:19:10,0,0,0,研究生选修课，老师讲得是非常好的。只有一个大作业。
218501,9533,陈寿长,2025-04-24 05:03:26,1,1,0,不是哥们，虽然老师平时上课很温柔，讲课细致，关心学生，但是期末tm是真的不关心一下啊，感觉没有很捞，而且被绩杀，而且期末考试也根本没考作业题啊，课上不是一直强调作业题会做了考试基本没啥问题，最后考试一道题都没有和作业相关的
219677,9533,陈寿长,2025-06-04 03:53:39,0,0,0,确实，感觉老师不是很捞，非常求是、、
182297,9561,吴依,2023-11-14 08:42:32,0,5,5,第一节课来评价一下，老师人特别好，很关心学生的想法，讲课有条理有逻辑，语速很适中，大家放心选。
185083,9561,吴依,2023-12-26 06:31:20,1,5,4,好好好，美女老师yyds
185917,9561,吴依,2024-01-06 04:33:56,1,7,6,新老师，上税法课\n\n老师备课授课很认真，答疑也很详细，保姆式教学\n\n但是税法这课本身的性质emmm\n\n知识点太多太杂太难记\n\n但是老师是好老师！10分！
186213,9561,吴依,2024-01-09 12:44:14,15,19,4,1.点名，时间很随机，提前请假就没事，两次请假机会\n\n2.事情不多，没有小组合作。两次作业，一次小测\n\n3.最后考试划范围，告诉什么考什么不考，考试大部分是作业或者ppt原题或者改编。但是老师说不考的结果考了（虽然不多）而且给两个班化的范围不一样，不能全信\n\n4.老师普通话很标准，太难得了！管院的老师，几乎一半以上都是口音，听着有点费劲。但是这个老师不会，声音很标准很舒服，听智云简直就是享受（上课太无聊）\n\n5.气质型美女。和会计学ss老师，财务管理qmf老师一个级别的美女
186789,9561,吴依,2024-01-13 05:40:57,3,5,2,老师很好！平时有题练，期末还勾范围
188500,9561,吴依,2024-01-19 05:54:16,2,6,4,优点：\n\n1、人美、气质好、普通话标准、温柔大方；\n\n2、答疑很认真、精心准备作业和小测；\n\n3、很尊重认真同学的努力成果，很注重小测公平性，会采用纸质的小测；当两个班连着小测时，会很细心地安排第一个班在下课前小测，第二个班在一上课就小测，防止偷跑题目。\n\n4、备课很认真，会反复修改课件，且在期末会帮你总结知识框架图。\n\n有待改进的地方：\n\n1、ppt排版：有些ppt文字量大且行间距过小，页面密度过大，且全是黑色字体，看起来有点头皮发麻；\n\n2、课堂互动：个人觉得在课上留时间来做课堂互动的题目不是很有必要，在课程内容比较多的情况下，此举略显浪费时间且打乱课堂节奏。税法内容过于细碎，光课上听一遍很难能立马做到会应用，所以课上做互动题，大多数时候就是回过去猛翻课件的过程（或者干等老师报答案），“学以致用”的效果并不能最大化，有些浪费这些好题。建议要么上课的时候当作例题，紧跟在对应的知识点后面直接老师讲掉，用具体的例子帮助同学理解抽象的税法用语；要么留作课后小作业，等同学们课后消化完一遍课上内容后，当作查漏补缺用。\n\n\n\n总的来说，作为第一个学期讲税法的浙大新老师，真的是很不错的老师！！！
188590,9561,吴依,2024-01-19 10:22:53,2,3,1,老师确实很认真，备课、答疑等方面都没得挑，只是分数给的觉得还是有一点一般，可能没太适应国内的教学评价体系，但相对于之前的税法老师还是很不错了
188722,9561,吴依,2024-01-19 16:48:51,1,3,2,气质型美女，每次上课穿的都很好看，声音也很好听，备课很认真。任务不多，两次作业一次小测，会给课程内容的思维导图，小测和考试都会画重点。税法内容很稀碎，但跟着老师一步步下来，课后认真做作业多看一下PPT，完全可以学的很好。\n\n我上大学以来第一个这么细致画重点的老师，她真的我哭死。\n\n这课我上得很认真，也收获了希望的成绩，喜欢51妈妈。
188890,9561,吴依,2024-01-20 11:25:30,6,8,2,老师很好看 我狠狠学穿搭\n\n上课讲的很清楚 就是有时候会把自己绕晕\n\n税法这课知识点多且复杂 需要下课花时间自己整理知识点并练习\n\n给分还可以 感觉有被捞到
189445,9561,吴依,2024-01-24 09:03:52,2,4,2,老师超级超级好！从第一节课磕磕碰碰念PPT（bushi，到后面已经差不多和zjjj一样熟练的教学了，PPT条理清晰，复习的时候会划重点，对付期末考试一定要把PPT上的例题和作业题吃透，以及老师好温柔5555
208744,9561,吴依,2025-01-01 08:13:36,3,3,0,人美声甜，补智云很享受！
211492,9561,吴依,2025-01-11 15:57:12,5,5,0,51jj太好了考试几乎都是原题改编给分也好好。期末复习中财2三原色ppt再看一眼税法ppt简直是如临仙境如沐春风
211494,9561,吴依,2025-01-11 16:17:54,4,4,0,51麻麻我爱你！
211777,9561,吴依,2025-01-12 11:42:48,4,4,0,ava你是我的神！！！
213844,9561,吴依,2025-01-20 10:49:03,2,2,0,老师人很好 各项评分透明公允 最后考试也很贴近教学内容 也会适当地为我们减轻负担
190707,9578,陈雨田,2024-03-15 07:45:15,1,2,1,非常棒的老师！不愧是业界大咖引进！知识渊博，课堂有趣，应用性强。为人和善，有求必应。思路规整清晰，底层逻辑严密。课堂很推崇与学生的互动，并且对于质疑和提问不会置之不理，全部大气应对给出合理解释和思考。
205535,9663,郭峻峰,2024-12-09 01:20:38,1,1,0,作业巨多，还要考试
205553,9663,郭峻峰,2024-12-09 07:05:14,1,1,0,作业巨多，说是课程评价调研问卷，实际成了全部简单题，说是一份试卷也不夸张。讲的内容也一般。还要闭卷考试
209505,9663,郭峻峰,2025-01-06 06:32:32,1,1,0,怎么会有这么多作业？太多了，千万别选
201129,9676,宋昊天,2024-10-29 06:22:41,4,4,0,避雷避雷！上课讲的都是些什么玩意儿？全程讲的云里雾里，一看就是根本就没有备课。垃圾老师!
203849,9676,宋昊天,2024-11-21 13:40:32,0,2,2,管理经济学：给分极差
214983,9676,宋昊天,2025-02-19 15:55:47,0,1,1,这哥们给分还挺好的，就是他出的博弈论题有点难，真的是他出的一道题，有时候要花我半天甚至一天时间（当然我自己比较菜），信管牛人还是挺多的，我都能上九十多，估计满绩的人也不少，就是博弈论王老师wmz上课有点人机，布置作业和期末考试出题是更加人机
217673,9676,宋昊天,2025-04-15 07:05:20,1,1,0,2024秋的管理经济学课程比较简单，考勤方面平时也就课前签个到，一次课后作业。上课老师确实讲不了太多深刻的东西，但好在内容很简单，大多都是会计学的边际分析问题，自己看看ppt学习一下就好了。考试很多都是那次作业题内容+名词解释+后面上的一道博弈题，多看看ppt背一下就行了。
217675,9676,宋昊天,2025-04-15 06:37:41,0,1,1,纯纯出生，自己没半瓶水在那里叫个不停，煞笔晚意
217692,9676,宋昊天,2025-04-15 07:20:32,0,1,1,这哥们讲课挺幽默风趣，课上代码讲解比较细，上机课也会耐心解答问题，打分整体还可以
218784,9676,宋昊天,2025-05-20 06:49:15,0,0,0,期末题目出的七零八落 我还得重修你这课
198793,10213,朱正航,2024-09-11 16:25:27,8,9,1,老师是新来管院的，人很好，喜欢打篮球
199632,10213,朱正航,2024-09-26 11:46:34,4,5,1,老师人特别好！
200030,10213,朱正航,2024-10-11 10:14:27,8,10,2,特别好！轻松有趣！不拖堂！给分好！
200046,10213,朱正航,2024-10-12 01:36:31,4,4,0,轻松有趣
202925,10213,朱正航,2024-11-15 07:42:15,8,8,0,老师讲课比hhl好多了
207010,10213,朱正航,2024-12-19 03:26:12,5,5,0,讲课超清楚，喜欢上老师的课
210874,10213,朱正航,2025-01-10 05:50:19,8,10,2,朱老师长得像体育生版李荣浩，你们线下见了朱老师就知道我在说什么了（狗头）\n老师幽默风趣，年轻健壮，下课不玩手机就看着同学们hhh我好喜欢他
211250,10213,朱正航,2025-01-11 05:19:44,6,7,1,私下叫他黑皮体育生hhhh上课很幽默风趣，就是PPT总是读起来有机翻味
211717,10213,朱正航,2025-01-12 09:03:33,7,7,0,出分了，感觉被捞了🥹爱你老师
213072,10213,朱正航,2025-01-16 02:31:50,5,5,0,ppt做的很清楚 讲课讲的很清楚
202962,10220,罗怡宁,2024-11-15 12:12:50,2,2,0,不太好水的课，一周两次的早八、全英授课、每节课都有小组讨论、小组展示、3000words论文、题量较大的开卷期末考，但是给分好不卡绩！！！老师很温柔，也会记住大家的名字（因此有时候甚至不用名单就能点名、），是剑桥的博士，如果可以脱离PPT再拓展开来讲课就更好了
203113,10220,罗怡宁,2024-11-17 04:10:12,0,0,0,一般般，老师长得漂亮学历高，如果英语不好别选，我考试在英语方面被卡住了，双语最后也是英语问题中文回答，老师第一次开课很紧张哈哈哈，不点名但是基本会记住人所以相当于点名了一点也不水，上课都要讨论，给分也就刚刚过的去这样，不过我自己英语不好也有原因
203279,10220,罗怡宁,2024-11-19 00:06:30,1,1,0,老师会跟着课程ppt念 有看过老师想要衍生更多内容但并不是很成功和具吸引力，但给分高。老师应该是第一次在浙大教书因为之前都没看到评分，所以请老师加油！！👍🏽
205890,10220,罗怡宁,2024-12-12 12:53:45,0,0,0,国际商务 全英文授课 老师貌似是去年刚毕业的剑桥博士 本科清华 简历很硬 （老师很漂亮！ 不过上课基本是念ppt 加上秋学期早八更困了\n\n一周两次早八 说实话很痛的 记得是三次点名 是真的“点”，就是挨个点名字举手；平时分来自于一次小组展示，一次关于阿里巴巴全球化战略的个人论文\n\n国际学生很多，很大机会会碰见很有意思的国外好朋友或者很好看的帅哥美女并且极端地锻炼自己的听力和口语ರೃ∀ರೃ 上课互动很多 国际生们比我们中国学生主动很多 基本上是他们在主导讨论，我们只需要参与进去就好\n\n期末开卷，只需要印ppt，毕竟老师课上讲课的内容也就是ppt上的字母 内容挺多的请提前备好银子\n\n给分很符合我的预期 因为准备不是很充分 期末开卷考险些没答完题 预估期末分应该不是很高 平时分里参与了pre可能会很提成绩 最后极限上4了
201610,10354,傅四维,2024-11-05 01:13:51,0,0,0,。。。
204628,10354,傅四维,2024-11-27 06:20:27,3,3,0,傅爷爷以后独立上《大数据信息系统分析与设计》这门课的话，一定不要学牢黄爷爷好吗，信管人的命也是命啊
219273,10354,傅四维,2025-05-23 15:18:48,4,6,2,能别一直用抽人回答问题的方式来伪装成点名了好吗？点名就点名，抽人回答问题就抽，每一次抽人回答问题恨不得把户口都给查出来，像死亡笔记似的
219477,10354,傅四维,2025-05-28 07:22:28,2,2,0,当时期末题目好像还有点问题来着，上课点名之类的实在是太吓人了
219817,10354,傅四维,2025-06-07 10:43:49,3,4,1,控制欲太强
219839,10354,傅四维,2025-06-08 12:12:42,-1,2,3,老师其实挺专业的学到东西很多（虽然上课一直抽回答问题确实很搞）
220834,10354,傅四维,2025-06-20 04:59:36,0,0,0,考完来评，老师讲的细致，希望给分好一点
205626,10363,邓万江,2024-12-10 08:16:55,1,1,0,老师很帅😎
206818,10363,邓万江,2024-12-17 16:53:33,0,0,0,老师讲课水平一般般，上课有点自言自语的感觉hhh但是他的帅气和傻气又有点吸引我
201892,10716,Wim Coreynen,2024-11-07 08:05:22,1,1,0,给分标准是个谜
214624,10716,Wim Coreynen,2025-02-15 05:56:21,0,0,0,上课内容不错，但给分真的很差，每节课都点名
