评论id,老师id,老师姓名,发表时间,点赞减去点踩数量,点赞量,点踩量,内容
171762,9331,董子云,2023-04-04 10:17:52,5,7,2,课程很无聊，但是董师还是很有意思的，总体水水的，给分应该不错（老学长淋过雨，就给我们撑伞啦哈哈哈哈哈哈哈
191755,9331,董子云,2024-04-30 00:09:11,1,2,1,事少分好
191850,9331,董子云,2024-05-02 04:21:53,1,1,0,董老师人非常好，会很用心地准备上课内容，最后的讨论课也很积极地在组织，有特殊的亲和力。如果要学习更多的史学理论内容肯定要多读课外的。
194270,9331,董子云,2024-06-23 04:38:39,1,1,0,董老师其实是竺混出身，年轻活泼，很乐意和大家互动。很有意思的老师。
204939,9331,董子云,2024-11-29 01:02:58,5,5,0,是一位很有能力的老师
217899,9331,董子云,2025-04-17 16:33:42,2,2,0,【史学理论】\n\n评分：9/10\n\n评价：不点名，但对发言有要求，至少发言1次，有2周讨论课，蛮好玩的，很能训练思维能力。作业就是期末一个论文，有一定学术性要求，老师也会与你沟通选题。整个课程理论性较强，比较抽象，个人不大感兴趣，这也是没打10分的原因。最后，给分nice～
172383,9662,潘敦,2023-04-26 06:33:05,0,2,2,为敦哥打call！
172390,9662,潘敦,2023-04-26 03:25:40,0,1,1,敦哥yyds
183086,9662,潘敦,2023-11-22 05:50:57,0,1,1,他好可爱
189763,9662,潘敦,2024-01-28 13:12:12,2,2,0,潘老师人很好。课堂也比较轻松。你玩的什么游戏老师也会玩，很有趣的老师。
185369,9977,YOU MINJUNG,2023-12-28 12:00:18,-8,2,10,这学期上了韩语1，老师上课非常用心，谢谢老师
187569,9977,YOU MINJUNG,2024-01-16 15:01:51,6,10,4,老师人不错但讲的没有重点，肯定挂科，快跑
189366,9977,YOU MINJUNG,2024-01-23 12:14:51,8,10,2,绩杀，出题巨难快跑
189439,9977,YOU MINJUNG,2024-01-24 07:31:22,-9,3,12,老师人很好的，期末出得很难，但应该是捞了
189536,9977,YOU MINJUNG,2024-01-25 09:38:35,13,14,1,虽然老师人还行，但题太难，不可能拿高分，还费时间
190212,9977,YOU MINJUNG,2024-02-26 00:59:16,-6,2,8,点名较多，老师中文不好所以讲的不太清楚，但是韩语主要是背背单词，而且老师期末会捞的，认真的话分不会低
190730,9977,YOU MINJUNG,2024-03-16 08:34:36,7,8,1,不仅题难而且讲的不清楚
192996,9977,YOU MINJUNG,2024-06-02 06:41:05,2,5,3,老师人挺好的，会邀请同学一起交流、吃东西、喝喝下午茶（虽然我没有去过）。老师的中文虽然不太好，但是进步的速度比我的韩语快多了。如果上课坐前面的话还是能与老师比较好的互动，能听懂她在说什么的。小组展示关于韩国的文化的时候，老师也会发表自己的观点，我觉得这是课堂中比较有意思的环节。会有几次点名，雷达，数字，念名单都有。小测是一个单元一次，背背单词、语法、文章是可以获得一个不错的成绩的。但是期末考试是有点难的，有一些看不懂，只能靠猜。我是工科生，之前也没有学过韩语，但是自认为对已经学习过的知识的准备还是比较充足的，最后期末成绩也还可以。就是当时考试做得有点痛苦，不过老师上个学期也是第一次上课，本身也是历史学院的老师，不是外语学院的，或许以后会越来越好吧。
199137,9977,YOU MINJUNG,2024-09-18 05:09:00,1,1,0,人挺可爱但是上课实在不知道在干嘛 可能让我去教外国人中文我也不知道该从哪讲起进度是快是慢吧
210046,9977,YOU MINJUNG,2025-01-08 04:13:14,3,3,0,是结课后会请大家吃韩国烤肉的温柔大姐姐！！！
210684,9977,YOU MINJUNG,2025-01-09 17:30:30,3,4,1,出题太难，语法和句式很多完全不是平时教的，没有完全理解动词变形的话真的很容易完全看不懂，甚至有一些题目超纲了，不过老师人挺好的。
211454,9977,YOU MINJUNG,2025-01-11 13:19:32,0,0,0,工科er大二上修了韩语Ⅰ，平常专业课太忙了没有花很多时间在韩语上，主要是上课听一听，小测前一周背背单词。\n\n给想选韩语Ⅰ的同学们一些参考：\n\n1、每节课必点名，雷达点名or口头点名，时间不固定。课后没有作业。\n\n2、总评构成：期末考60%+五个单元小测20%＋5分钟小组展示10%+出勤10%\n\n3、小测以单词为主，感觉韩语单词还是挺难背的，小测的监考超级严格也不可能浑水摸鱼。\n\n4、老师的中文不是特别标准哈哈，不过还可以接受，习惯就好。\n\n5、期末考试有点难度，而且期末考的题型平常没练过，心里没底。\n\n6、老师请同学喝咖啡、吃烤肉，感兴趣的同学大胆报名吧体验超好！\n\n7、老师本人很温柔，可以用善良或者单纯来形容吧。不过给分和小测似乎还是偏严格（等出分了我再编辑）如果是想用小语种来刷高绩点感觉不太现实，韩语拿高分的压力不亚于大英，甚至还更难一点。但是真的特别特别推荐选，尤其是大四比较闲的，学一门新语言真的是非常宝贵非常幸福的体验……\n\n8、韩语本身学习难度不大，因为有很多中文演变过去的，学起来还是比较轻松的~
213719,9977,YOU MINJUNG,2025-01-19 09:02:58,7,7,0,"柳旻定老师特别好，一学期有两次下午茶时间，结课后会请吃韩料，有时，上课参加口语练习还有小零食；但每节课都会有点名，甚至有时会拿着韩语名字名单一个一个点，小测也比较严。最后给分挺好的。\n\n\n\n不过，课程最大的问题就是，前面的课程进度比较慢，尤其是发音部分，非常轻松（当然，我觉得发音部分打好基础非常重要），但是，最重要的第五课却只有不到三节课的授课时间。第五课的内容以非格式体、过去式为主。非格式体的变形规则很多，特例也很多，甚至还有特例的特例（如""입다""，""닫다""），对于初学者而言非常不友好，但由于赶进度，这部分讲的非常之快，光靠听课很难彻底学会。即使，在考试前已经将非格式体和过去式的变化规则铭记于心，但试卷是全韩文的，且很大一部分题都是非格式体环境，对于初学者而言，看到变形很难第一时间判断出原单词（如初学这一部分时，看到“고와요""无法第一时间反应过来这个词的原形是""곱다""，漂亮）。突然感觉，背会单词、学会语法和学会语言是两回事，课文很短，全韩语环境的联系也没有，当面对全韩文试卷确实会有看乱码的感觉，已经背过无数遍的单词连在一起组成句子就看不懂了，这也是这门课考试难点所在。平心而论，除了个别超纲语法和单词以外（其实有些超纲语法和单词可以根据学过内容推理出正确选项），考试一点都不难。但就是对于非格式体和过去式这两个核心语法的不熟练导致了答题效果不好。所以真的建议以后韩语I可以多分配一些课时来讲第5课，并且设置一些练习，这样会好一些。此外，期末考试周前夕肯定非常忙非常累，再遇上非格式体肯定准备不充分， 所以这部分最好提前自学了。"
213736,9977,YOU MINJUNG,2025-01-19 11:04:25,-1,0,1,给分不好 快跑
213769,9977,YOU MINJUNG,2025-01-19 15:19:23,3,3,0,老师人特别特别好，也很美～感觉平时认真背了单词，语法略差，平时小测还可以，感觉学习韩语也比其他小语种相对简单一点～然后感觉考试出题略难🥲好多都看不懂，考完感觉完了，但出分感觉老师还是挺捞的，感觉可以选！很好的体验
213986,9977,YOU MINJUNG,2025-01-22 12:15:17,3,3,0,老师是韩国人，但中文说得不错，沟通很顺畅，人也特别好特别温柔。雷达点名，四次小测会赋分，有一次小组展示和一个自我介绍的视频。最主要的还是期末，期末其实有一定难度，建议是平时一定要及时消化单词（不仅仅是单词表上的，还有书上例句的一些词汇）和语法，多多阅读和使用韩语。最后给分还是很不错的。
214046,9977,YOU MINJUNG,2025-01-23 09:08:07,3,3,0,给分会捞，考试挺难
200460,10210,张燕飞,2024-10-17 08:17:27,16,16,0,美女班主任\n\n太好看了\n\n人美心善
208192,10210,张燕飞,2024-12-26 06:34:53,4,4,0,美女老师，人美心善～课真的很有意思，强推
208260,10210,张燕飞,2024-12-26 11:46:42,6,6,0,人美心善的老师一枚~\n\n上的数字人文与历史研究，可以感觉到老师真的很博学，也很认真地在教。一学期下来虽然任务略多，但确实是收获满满。如果上天再给我一次机会我还会选张燕飞老师的课！！
211564,10210,张燕飞,2025-01-12 02:32:33,4,4,0,看出来老师对论文要求有一点，但上课好好玩，给分也不错，最喜欢听老师讲题外话了嘿嘿
212075,10210,张燕飞,2025-01-13 06:56:49,2,2,0,张老师人美心善，上课真的很认真，能学到很多
212095,10210,张燕飞,2025-01-13 07:24:35,0,0,0,美女老师，课讲的不戳，事情少
214516,10210,张燕飞,2025-02-10 12:46:20,0,0,0,老师我是你的小粉丝
221499,10210,张燕飞,2025-06-24 05:03:27,0,0,0,老师好美，好喜欢老师啊~
217774,10331,杨丽娟,2025-04-16 08:32:02,1,1,0,给老师好评
219055,10577,侯浩然,2025-05-20 05:25:49,0,0,0,给分尚可，点名会提前在群内通知
220924,10577,侯浩然,2025-06-20 10:59:24,0,0,0,给分尚可，上课幽默风趣，PPT做的十分用心，填补了很多的知识盲区。
