评论id,老师id,老师姓名,发表时间,点赞减去点踩数量,点赞量,点踩量,内容
221564,22,王帮兵,2025-06-24 14:13:30,0,0,0,闭眼选就完了
34352,306,汪波,2017-01-17 12:54:19,3,7,4,我有时在想啊，如果什么时候地理老师能不把地理这个名词挂在嘴边上，再胡扯些乱七八糟玄之又玄的东西，那么地理才算是真正的学科了。
35069,306,汪波,2016-11-30 16:23:44,-4,5,9,男神！！！我永远爱你！！！
38772,306,汪波,2019-09-02 12:38:58,-5,5,10,对学生非常关心
38944,306,汪波,2016-12-27 07:15:00,-3,6,9,很幽默，上课很棒
43270,306,汪波,2017-01-16 05:09:10,-6,7,13,讲课超级有意思，期末也不给人压力。很赞的老师，讲出了地理学的味道！很想再上老师的课。
47109,306,汪波,2017-01-24 01:23:41,-9,4,13,讲课非常有味道，大赞！
70349,306,汪波,2018-01-26 13:28:00,3,4,1,整体进程偏慢，没有给我们看他的一些经历，而是将课本的内容投影到ppt上
70374,306,汪波,2018-01-26 14:11:58,2,3,1,考试给重点…但是和理解的重点不太一致…?
70400,306,汪波,2018-01-26 14:41:34,9,10,1,评分高于正常水准。。
73659,306,汪波,2018-02-02 10:06:14,4,4,0,散漫。
74052,306,汪波,2018-02-04 14:32:40,3,4,1,非常水
75848,306,汪波,2018-03-20 01:59:13,3,8,5,上课很水，没有什么实质性的东西，小组调研报告＋个人读书报告＋期末闭卷考，给分比较差，能上80的很少
87676,306,汪波,2018-10-10 02:31:41,9,10,1,格局小，水准低
87904,306,汪波,2018-10-17 10:01:57,7,15,8,【不建议非人文地理专业学生选人文地理学】\n\n作为一个专业课的老师麻烦你有点轻重缓\n\n急先把专业课的知识讲好再来扯点有的没的，开学第五周了你才刚讲了10分钟的绪论是个什么逼情况\n\n报着本身也对人文地理有点兴趣而且以后做GIS方面的东西可能也会用到相关知识来选修这课，怎曾想连续五个礼拜一点知识都没学到\n\n假大空不知所云的垃圾课，说是水课都是在侮辱“水课”这个词
102467,306,汪波,2019-02-03 04:34:19,2,3,1,水准低给分低事情多  要选的慎重
102768,306,汪波,2019-02-22 15:22:27,-2,4,6,对于一个3学分的课程来说，一篇读书报告，一个小组作业，再加一个重点划得很清楚的期末考试，事情不算多。老师给分很好，很有人格魅力，会介绍具体的研究和他的经历
149521,306,汪波,2022-01-15 22:04:07,3,3,0,哈哈大保健做做
166522,306,汪波,2023-01-12 15:11:34,5,6,1,给分是真的不好啊……也不理解这课为什么要占四分......
166528,306,汪波,2023-01-12 15:38:51,5,5,0,完全不知道给分的标准是什么...垃圾课
166590,306,汪波,2023-01-13 02:47:52,5,5,0,人文地理学。。。。\n\n被狠狠背刺了
166691,306,汪波,2023-01-13 08:48:20,12,13,1,刈剦丁真\n\n鉴定为：草里麻利割栽种，锄剩生出的杂种
166948,306,汪波,2023-01-14 10:21:59,3,3,0,课上的非常一般，给分也不好，不知道给分标准怎么定的
166987,306,汪波,2023-01-14 13:16:04,-5,0,5,学者风范，成绩差距大，主要看期末考试
167078,306,汪波,2023-01-15 01:50:39,2,2,0,人文地理学均绩真的有3.44吗
167216,306,汪波,2023-01-15 06:01:59,6,6,0,期末考试给分极差，平时分也就给八十多，四学分大寄课
180274,306,汪波,2023-09-21 02:28:07,1,1,0,语速奇慢无比，上课要睡着了
181017,306,汪波,2023-10-03 06:54:35,16,18,2,“一些老师上课鼓励学生使用电子设备，方便学生查更多资料，并且言要用课堂内容而不是点名留下学生。\n\n一些老师上课禁止学生使用电脑，美其名曰自己看不惯装模作样的学生，殊不知自己这种莫名其妙的规定就是最大的装模作样。”\n\n讲课全是观点而不见论据，并且此君观点令人不敢苟同，给人一种民科的感觉。
181835,306,汪波,2023-11-02 03:34:14,8,8,0,比如今天吧 我已经打了一把王者一把lol了 但是还是有一节课 真不想上这唐氏地理学了
183771,306,汪波,2023-11-30 02:26:25,1,1,0,呵呵呵
184242,306,汪波,2023-12-14 01:06:06,0,0,0,不知所云
188739,306,汪波,2024-01-19 18:07:42,4,7,3,不知道除了脑瘫还有什么词语形容这个b更合适，所有任务都认真完成了，期末考也背了，给你一个超低的分数。他的讲课水平就是一坨狗屎，和一个傻逼民科一样给你灌输一堆理论，只见观点不见论据，听他的课就是一种折磨，一种比浪费时间更折磨的痛苦，建议这种傻逼课早点滚出gis培养方案，我真是草了，大一下两节一某一样内容的地理课，大二上也是这种傻逼课，他妈的学院能不能想一想gis是干嘛的啊？这种傻逼老师没地方去没工作开除不了就塞我们课表里浪费我们时间是吧，wb这傻逼写出过什么产出啊，你去搜他发现最多是你妈杂志上的论文，他配来教课么？？？
188900,306,汪波,2024-01-20 13:30:33,-4,3,7,给分不错，谢谢老师
193471,306,汪波,2024-06-11 08:28:28,0,1,1,睿智老师，虽然我最后得分还行，但是tm这玩意真的是个睿智。不讲课不讲知识点，天天和吹牛皮一样乱讲，不知道意义何在
47861,537,汤燕冰,2017-02-26 13:01:42,0,0,0,兢兢业业
117604,593,厉子龙,2019-09-26 14:47:02,-1,2,3,专业，深入浅出，分析的很透彻
118125,593,厉子龙,2019-10-21 06:12:06,-5,2,7,老师人很好，讲课也挺生动的~旅游地学与国家公园学概论 这堂课是这学期刚开，感觉还是挺不错的，一起的金平斌老师讲得也很好，可选可支持，能学到不少干货。
118372,593,厉子龙,2019-10-26 04:00:14,12,15,3,旅游地学。一门通识选修。作业很多！拉黑了
119389,593,厉子龙,2019-11-12 14:13:37,0,1,1,人真的挺好
120239,593,厉子龙,2019-11-25 05:50:42,-2,2,4,作业多但是给分好
120331,593,厉子龙,2019-11-28 16:41:11,-4,1,5,旅游地学与国家公园学概论，作业多但给分非常好，不过毕竟是科技创新，作业多但难度是可以接受的，平时上课就是PPT欣赏。总之非常推荐上这门课，想要高分的积极当课代表或者经常发言吧。
120352,593,厉子龙,2019-11-30 00:45:14,-2,2,4,作业挺多，但给分超级好！而且老师本身人也很好，挺关心学生的。
122137,593,厉子龙,2020-02-16 13:02:44,-7,3,10,旅游地学这门课事多给分好 临近期末会有一次实地考察的机会 我们是去了良渚 \n\n老师很用心的\n\n最后期末论文写了12k就满了
128438,593,厉子龙,2020-12-23 05:06:44,6,7,1,事多分差，慎选
143544,593,厉子龙,2021-11-26 09:41:59,-2,2,4,厉老师虽然有的时候上课讲的让人抓不住头绪和重点，但是带我们去野外实习的时候，超级和蔼，很棒的老师！
143553,593,厉子龙,2021-11-26 13:08:43,7,7,0,事情真的多，给分真的差。几篇论文事情多，ddl又挨着紧，最后出分被卡绩，千万不要想不开报这门课
143554,593,厉子龙,2021-11-26 13:08:48,6,6,0,老师很好，但是事情很多，组长纯纯工具人，通识课真的不值得。。。。
143572,593,厉子龙,2021-11-27 09:31:49,-2,1,3,不知道厉老师是不是有看过评论，秋学期战战兢兢选的课以为事情多，然而并没有特别多（个人觉得），交了两三次作业，一次小组报告（出去玩考察，我们小组大家都很用心，耗时也不多），还有就是一篇课程论文两千字以内（多了扣分那种），除了论文太赶之外其他作业还好，（不过感觉课堂上上课有点水学不到什么东西），认真完成注意格式给分也不错，感谢老师！
143611,593,厉子龙,2021-11-29 02:17:39,7,7,0,老师不错，但上课完全不知道在讲什么，没有体系，逻辑混乱，我都尽量每次把上课拍的照片重新梳理了一遍做笔记认真学，但是我就是拉低均绩被卡绩的那个人，一看评论就是旅游地学满绩的大佬推荐这门课，仔细一看发现评论里有几个同个学期一起选这门课的同学给的评价都是不行被卡绩和组长纯纯工具人，唉，该做的都做了，对地理热爱才来选这门课，实在没学到什么东西，虽然因为身体不太好军训没参加什么加分活动，但比我军训绩点还低，挺想不开的，如果要选这门课大家争取坐前排刷脸吧，坐后排看分屏就跟我一样了，点名也是课代表代点，基本每节课都点名，同学跟我说一般都是不交作业不去上课的人被正态，从来没有拖交过作业没有迟到过也被正态，如果每次三节课就这种结果，还不如多花点时间去做有意义的事情
144205,593,厉子龙,2021-12-20 11:34:12,3,3,0,十多分少 绩杀
150012,593,厉子龙,2022-01-18 09:25:24,7,7,0,别选别选不要让自己受罪，1.5分的课作业比得上2.5分，给分还差，没有考试全凭感觉给分，助教一言难尽，活受罪这课
150553,593,厉子龙,2022-01-30 07:45:15,3,5,2,讲课水平不高，给分超级拉胯😅 。
21797,649,柴登峰,2016-03-22 06:03:31,11,15,4,讲课烂而且还管学生……
23825,649,柴登峰,2016-04-18 06:50:28,4,6,2,可讲的超级无聊、还管得严，实验教程没备课 无语，，，，，
25393,649,柴登峰,2016-05-17 05:25:34,9,11,2,根本不知道他上课在讲什么。
30866,649,柴登峰,2016-07-02 16:42:56,6,9,3,完全不会教书，毫无教学思想
31464,649,柴登峰,2016-07-04 02:47:05,-21,6,27,老师挺好的啊，讲的很细，反正我是学了很多东西，考前复习一天就可以满了。
77224,649,柴登峰,2018-05-04 03:16:12,-4,3,7,挺好的呀
115628,649,柴登峰,2019-08-12 05:18:24,0,5,5,一般般吧，期末不考计算，大家放心。
139363,649,柴登峰,2021-07-14 18:08:20,0,3,3,讲得一般，但我们这次考试比较简单
139407,649,柴登峰,2021-07-15 08:02:44,6,10,4,上课点名，“既然今天天气这么好，那我们再来认识一下吧”。\n\n上课有尝试在讲计算过程，但是由于没有充足的前置课程设置，听完云里雾里。PPT配色很迷幻。老师语速和思路非常非常慢，一句话抖抖抖抖半天才抖完。很难想象这个表达水平教数理类课程能有什么好结果。最后复习才发现整个知识脉络其实非常清晰，但是被老师讲得七零八碎。\n\n最后考核要求3个lab实现算法，摸清要干什么后是简单的。我们这次考试很简单，有那么点老师学生彼此放过的感觉。
151436,649,柴登峰,2022-03-03 07:04:10,6,7,1,讲课有点无聊的
152262,649,柴登峰,2022-03-31 16:24:01,6,8,2,为什么讲课讲的烂还要怪学生学不好，寄汤一大堆，实验不好好备课以为每个人都是天才的老师还有5分
155188,649,柴登峰,2022-06-09 07:04:56,13,14,1,听他上课是一种煎熬……
156556,649,柴登峰,2022-06-24 20:37:27,11,13,2,这老师自我意识严重过剩，快逃😅😅😅
157769,649,柴登峰,2022-06-24 18:01:27,7,9,2,😇😇😇
157772,649,柴登峰,2022-06-25 13:50:50,14,16,2,希望老师可以知道，学生学不好的其中一个原因是老师课上不好，不要总是把责任归结到学生身上。
157774,649,柴登峰,2022-06-24 18:55:45,46,48,2,现代测量学，这课谁选谁傻逼。脑瘫老师，上课乱讲一通，考试考的都没讲过，讲的都不考，口音很重，水平极差。严重与时代脱节，自己连上网都不会上，有一节课上课前他忘记带资料像从学在浙大上下载，结果他花了整整十五分钟才成功登入学在浙大。我真想拿你的狗屁算子测一下你的脑淤血有多深
157792,649,柴登峰,2022-07-01 14:39:56,29,31,2,“请同学们明白，院长信箱不是用来解决投诉成绩这种小事的”\n\n——那我们只能写院长信箱点名表扬这学期除了柴登峰以外的所有老师了
157794,649,柴登峰,2022-06-25 00:21:27,13,15,2,不会教书就不要教书。
157812,649,柴登峰,2022-06-25 02:53:33,26,30,4,老师老师，请问现代测量学是用来测牛子长度的吗？
157814,649,柴登峰,2022-06-25 02:54:33,10,12,2,史上最垃圾老师
157850,649,柴登峰,2022-06-25 06:01:46,12,13,1,😅😅😅差不多得了
157860,649,柴登峰,2022-06-25 07:10:37,18,20,2,就两个问题\n\n想想章凤奇是什么水平？\n\n想想不如章凤奇又是什么水平？
157862,649,柴登峰,2022-06-25 07:22:17,6,7,1,呕呕呕
157920,649,柴登峰,2022-06-26 11:03:13,3,6,3,怎么说呢，有段时间感觉他是很想教好学生的，但是教的方法不对，总是通过课堂提问来“调动同学们的积极性”。自身表达能力差，一句简单的话要说很久才能说完，又话痨又表达不清楚。\n\n选这个课...不太学得到东西的。考前会划重点，要提前一两天背课本。
158023,649,柴登峰,2022-06-26 09:40:17,9,10,1,不会教就别教，不会讲就别讲，不会管就别管，讲得一摊烂泥还要求这要求那\n\ncdf＝吃大fen
158669,649,柴登峰,2022-07-01 07:29:12,15,17,2,名字叫做现代测量学，却天天抱着上世纪的烂像片，啥都讲不清还啥都要讲，课件一模一样照搬武大就算了也没见着您的水平有人家的十分之一？\n\n真就仗着自己手上点烂权力随便折磨学生是吧，您家的课平均分只有及格是吧？
158700,649,柴登峰,2022-07-01 12:26:34,40,43,3,2022年7月1日下午，地理信息科学20级学生短学期开始第一天，柴登峰之前被投诉书记信箱了，于是召开班会，班主任付晓老师公布了这门课的成绩分布：“期末总评全班均分75，挂科共6人，成绩符合学校的正态分布规则，最高的三位同学分别得了91，88，85，你看，还是有不少同学考得很不错的。”这门课总人数为29人。付晓老师力挺柴登峰老师，并对投诉这件事情表示不满，认为“书记信箱不是用来投诉的”。
158728,649,柴登峰,2022-07-01 14:57:13,11,11,0,有一种正态分布，叫作挂科率20％
158976,649,柴登峰,2022-07-04 06:47:05,1,1,0,真不愧是所谓的“资深教师”
159499,649,柴登峰,2022-07-27 00:49:24,0,0,0,别选他
161077,649,柴登峰,2022-10-26 01:51:02,0,0,0,到此一游
163673,649,柴登峰,2022-12-16 02:34:25,2,2,0,每日1分
163793,649,柴登峰,2022-12-16 06:15:43,0,1,1,sbsbsbsb
164422,649,柴登峰,2022-12-21 02:31:25,3,4,1,比较好奇，这学期选了他课的7位是怎么考虑的？
168675,649,柴登峰,2023-02-21 01:29:17,16,17,1,回复楼下，上学期挂科了这学期不得不选他的课
173221,649,柴登峰,2023-05-17 13:36:57,0,0,0,现代测量学，48人容量的课，10个人选，懂得都懂
178221,649,柴登峰,2023-07-08 07:55:52,0,0,0,呵呵6
206628,649,柴登峰,2024-12-17 00:06:32,2,2,0,cdf现代测量学去年已经拿下了0人选课的纪录，看看今年这个纪录能不能继续保持
208087,649,柴登峰,2024-12-25 13:50:19,1,1,0,更新：cdf的现代测量学今年到目前为止依然保持着零人选课纪录！！！\n\n致敬传奇幽灵课程现代测量学
51534,679,陆丽珍,2017-06-07 03:20:43,-11,2,13,给分好 讲的也很细
58376,679,陆丽珍,2017-08-30 07:18:01,-11,2,13,老师人很好，课很有趣
60153,679,陆丽珍,2017-10-12 00:31:18,0,2,2,。。。
63501,679,陆丽珍,2017-12-05 09:37:06,-6,1,7,很认真负责的老师
70049,679,陆丽珍,2018-01-26 04:58:07,-5,3,8,超nice的老师
71706,679,陆丽珍,2018-02-01 04:26:38,-6,1,7,很好的
91300,679,陆丽珍,2018-12-05 08:00:59,12,14,2,评价学生作业极其主观，即使有标准答案也不按标准答案去评价，明显是错的结果只要过程够炫酷就算对？exm?十分喜欢恶性竞争，评分要求不清晰，做html的大肆夸赞那些用js的，请问这是什么实验？我是不是直接做个网站给你我就可以不来上课了？
92509,679,陆丽珍,2019-01-01 11:48:53,1,2,1,只能说老师人太好了。。其余自己感受
99381,679,陆丽珍,2019-01-24 15:48:52,6,6,0,反正课堂上也学不到什么，或许有备过课，但是上课内容和书本一模一样，学生提出疑问也得不到解答，那为什么不自己看书呢？至于平时实习作业，分数永远是谜且迷，不在乎功能的实现过程和技术，对那些主题、配色、排版倒抓得津津乐道。
132969,679,陆丽珍,2021-02-05 14:46:20,-12,0,12,很好的老师
136198,679,陆丽珍,2021-06-12 12:33:07,18,19,1,即较真，人品又烂，纯粹恶心学生的存在
137946,679,陆丽珍,2021-07-06 20:22:23,7,7,0,事情很多，从开学忙到期末，考试也难，总之这个老师就是个谜
139512,679,陆丽珍,2021-07-16 23:39:15,5,5,0,上课不咋地，实验报告要认真写，考试计算题祖传的，期末总评可能调分。
140966,679,陆丽珍,2021-09-18 12:52:14,3,3,0,上课读ppt 叫同学起来读ppt 每个作业没几个同学能做明白 助教给分看也不看几乎随便给
143897,679,陆丽珍,2021-12-11 04:29:24,3,3,0,不理解为什么分这么高
155730,679,陆丽珍,2022-06-15 11:43:09,12,13,1,傻逼老师傻逼课，多打一个字都浪费我时间。
155955,679,陆丽珍,2022-06-16 17:47:10,5,5,0,其他都还好，就是作业太太太太多了！！！！！\n\n慎选慎选！！！
158408,679,陆丽珍,2022-06-29 04:54:35,5,8,3,事情是真的多，要吐要吐，建议事少的学期选。老师对迟到啥的比较严格，但人是比较温和的。
160738,679,陆丽珍,2022-10-08 11:13:32,24,27,3,上的GIS平台实践。老师自己对软件也不熟，上课demo经常出错，很多人听的很糊涂。问她问题不给回答让自学，写实验报告基本靠自学和同学互助。
161147,679,陆丽珍,2022-10-29 09:26:47,13,14,1,怎么可以有这么多作业啊？考试周还要占时间做展示。。。上课演示出错了就把之前做好的调出来，也不说那步怎么做，就跳过了。让发个参考步骤pdf，一句稍等，等了快两天～～～
161169,679,陆丽珍,2022-10-30 23:59:05,13,13,0,GIS平台实践上课老师经常忘记步骤或者做错 事情又特别多 而且arcgis pro真的总是抽风 两学分的课搞得像十学分 这门课慎选
162452,679,陆丽珍,2022-11-22 23:57:12,8,8,0,真该死的gis实践！
162453,679,陆丽珍,2022-11-24 06:51:17,8,8,0,希望老师上课认真一些，助教也认真一点
162456,679,陆丽珍,2022-11-23 00:51:49,6,6,0,服。
171526,679,陆丽珍,2023-03-27 11:03:59,2,4,2,平台实践的事情是真的多，但是上完了之后对ArcGIS Pro的操作明显流畅了很多。综合评价是，有优点，但是与付出的时间比起来不太合算。慎选GIS平台实践！
172663,679,陆丽珍,2023-05-04 00:27:19,4,4,0,你的课真的让人听不进去啊。。。
177202,679,陆丽珍,2023-07-02 07:02:50,4,4,0,感觉挺拉的 给个及格分吧
181616,679,陆丽珍,2023-10-24 10:09:05,13,13,0,千万别选 纯纯sb课 自己p都不会还教学生 教个毛线呢
182748,679,陆丽珍,2023-11-20 04:23:19,-24,1,25,多和老师  交流   ，有助于最后的小项目拿分
182759,679,陆丽珍,2023-11-20 06:13:56,13,14,1,傻孩子，赶紧跑，这人把卡绩玩的明明白白\n\n助教先给你作业打分，期末她卡绩点照样把你之前的分给改了
182939,679,陆丽珍,2023-11-21 23:56:01,20,20,0,sb课，老师给分不按标准，暗箱操作，毫无师德师风，就纯纯垃圾课，全靠关系。没关系的同学和不愿意当🐶的同学你就上吧，一上一个不吱声
183548,679,陆丽珍,2023-11-27 09:11:50,8,10,2,我大学上到现在最低的一门课 期末一通调分直接把我弄傻了 我4.3的均绩也不是这样给你拿来霍霍的啊
184847,679,陆丽珍,2023-12-23 11:37:01,1,3,2,向计院好好学学！
194807,679,陆丽珍,2024-06-25 13:24:33,17,17,0,逆天中的逆天，我室友后天考空间分析，结果今天上午突然发现这个逼把讲义和助教发的相关内容通通都删了，如此防突击机制简直雷的我耳目一新😅
195064,679,陆丽珍,2024-06-26 14:47:30,8,8,0,实在是一言难尽 没啥水平 每次汇报就盯着你海报哪里做的不好 内容是一点不管的 和他熟悉的就是做得好 和他不熟悉的就是做的不好 逆天
195070,679,陆丽珍,2024-06-26 16:11:25,9,9,0,删nm的ppt呢 做的么一坨狗屎还搞得跟宝贝一样 我指出里面的错误后一开始还不仔细看 说让我再仔细看看 最后知道自己错了 也不把对的告诉我 嘿嘿 也不需要你告诉我我自己能找 最后一门27号考 现在27号零点了 我tm复习的真的恶心的想吐啊 啥都看不懂 真的不知道上这些是为了个啥 我想问问你真的会做你出的那些题吗
195083,679,陆丽珍,2024-06-26 17:27:23,3,3,0,gis空间分析 谁上了不说一句答辩课😄
195134,679,陆丽珍,2024-06-27 02:16:31,11,11,0,接上条 期末考试最后一题甚至是它指导同学的srtp题目 这就是我们地科院的老师呀
195285,679,陆丽珍,2024-06-27 15:15:20,6,6,0,这个b课用中文考试会死吗我请问 英文不好不配参加您的考试是吧
195494,679,陆丽珍,2024-06-28 10:54:36,7,7,0,🐶💩，培养方案还强制修。还搞英文授课，英文单词都读不来🤣，学院把狗屎当宝贝
195502,679,陆丽珍,2024-06-28 11:46:33,6,6,0,关系户的恩人🤪使我的皮鼓旋转
195945,679,陆丽珍,2024-07-01 02:14:28,8,8,0,去年期末考试最后一题是学生的课程小项目主题，今年期末考试最后一题是她指导学生的srtp选题，都一摸一样，这就是我们地科院的老师
196070,679,陆丽珍,2024-07-01 12:01:03,-8,0,8,我觉得还挺好的
210985,679,陆丽珍,2025-01-10 09:30:24,-4,3,7,老师对不起 我觉得你还是地科院里非常不错的老师了 大三回来写个好评
212965,679,陆丽珍,2025-01-15 10:56:22,4,4,0,寒假突然想起了你的逆天事件，又被恶心到了，于是再过来打个1分给你
220515,679,陆丽珍,2025-06-18 10:29:54,0,0,0,难绷。
8028,808,田荣湘,2015-09-16 14:23:05,4,6,2,感觉老师教环境学不太专业……
15516,808,田荣湘,2016-01-15 04:40:40,2,3,1,水就一个字，我只说一次。
47862,808,田荣湘,2017-02-26 13:02:06,0,2,2,放歌的老师
59022,808,田荣湘,2017-09-19 06:51:51,2,2,0,老师给我说我成绩是班里第一 89分 所以大家都没有人上90的\n\n上课很水 玩手机也行 就是最后的论文要用心写
92191,808,田荣湘,2018-12-27 03:29:30,0,2,2,上课非常无聊，喜欢讲一些无关的错误知识
104914,808,田荣湘,2019-03-31 00:14:06,0,1,1,非常不专业的老师，期末考察方式和教务网上说的开卷不同，而且和另外一个授课老师没有商量好考试形式，结果最后是考了两次。我们还要从yq赶到zjg参加考试，而且老师说会给我们报销出租车费，结果最后只给我们所有人30块的交通补助？？？
110447,808,田荣湘,2019-06-26 17:27:49,0,0,0,考试了一周还没出分，发邮件过去说在广东招生还没开始批卷子？？？？？？？？？？？
138778,808,田荣湘,2021-07-10 23:48:23,5,5,0,这学期上过的最糟糕的专业课
174437,808,田荣湘,2023-06-12 07:07:52,5,5,0,上的气候学，由于众所周知的原因我只详细浏览了ppt，感想如下：\n\n老师可能不知道自己在教什么，不仅授课内容毫无逻辑，随心所欲，在一门综述性质的课上隔两页ppt就引入四五个符号、概念、满屏公式，甚至有多处前后矛盾\n\n相较于此，动不动发出“又没有人理我”的嗲式抱怨，每次亲自发作业本美其名曰“我要认识一下同学们”却每次都被纠正的情况下连续叫错一个人的名字若干次这些槽点都可以算作细枝末节了
177121,808,田荣湘,2023-07-01 22:16:16,7,7,0,事多且给分不好😅
177135,808,田荣湘,2023-07-02 01:17:53,4,4,0,现代气候学这个课的给分很不行\n\n考试形式太偏记背，似乎完全不捞，导致给分很差
192656,808,田荣湘,2024-05-27 04:20:23,0,0,0,无语，为什么不能打零分
24272,810,张兴平,2016-04-29 04:38:32,2,3,1,上课无聊，给分低
25684,810,张兴平,2017-01-06 11:43:35,2,2,0,垃圾老师，垃圾，大老王留。
66373,810,张兴平,2018-01-15 12:47:34,0,0,0,作业有点多
102833,810,张兴平,2019-02-24 02:46:18,2,3,1,老师给分蛮好的，人也很和蔼。
106373,810,张兴平,2019-04-26 19:03:18,2,2,0,认真负责的老师 很有收获
171109,810,张兴平,2023-03-16 04:54:07,1,1,0,在地院，是个负责人又宽容学生的老师（^_^）我爱了
182089,810,张兴平,2023-11-10 01:02:50,3,3,0,讲课依托构式，毫无逻辑可言，不知道他的课有什么意义
182651,810,张兴平,2023-11-19 02:22:42,2,2,0,低分水课或许算得上我院特色了
184848,810,张兴平,2023-12-23 11:38:38,2,2,0,mua
216176,810,张兴平,2025-03-11 13:48:31,2,2,0,早八三分钟的小测 04分就截至 这是想测试什么捏 不太明白
218687,810,张兴平,2025-04-29 03:05:18,1,2,1,事情多给分差，上课大部分时间在讲无聊的东西，剩下的时间在讲一些自己出去玩的见闻（这也是不给1分的原因）。上的国土空间规划只是为了学分，学不到任何有用的东西，全在讲政策性文件。点名频繁，有时候还想给你搞小测但是受限于他的智能化水平搞不好。平时分给分还要参考学在浙大上的在线时长以及每个课件的点击率和阅读时间，评分规则不透明无章法，考试题目像是AI出的，基本看不到任何实际应用价值。可能是因为人老了已经跟不上时代了，总之就是不推荐这位教授的任何课程。
17592,846,贾晓静,2016-01-20 12:47:06,3,4,1,perfect
43344,846,贾晓静,2017-01-16 07:20:42,1,1,0,小小的老师可爱的老师
86084,846,贾晓静,2018-09-05 10:04:15,1,1,0,专业上最喜欢的一位老师，没有之一。
130515,846,贾晓静,2021-01-23 08:30:19,4,4,0,我进大学的第一个班主任，亲和力可观，对学生都很友善，会为学生设身处地地着想。
156443,846,贾晓静,2022-06-19 17:22:10,8,8,0,大气科学程序设计，课程比较轻松，学到了很多fortran的知识，感谢老师！（晓静是我女神！！！炒鸡可爱
157245,846,贾晓静,2022-06-22 14:12:30,3,3,0,虽然最后成绩没有想象中高，但感觉老师尽力在捞人了，老师上课也很温柔，人很好，值得10分！
174801,846,贾晓静,2023-06-18 07:34:24,1,1,0,好老师
174802,846,贾晓静,2023-06-18 07:35:02,3,3,0,非常好的一个老师啊啊啊！！！\n\n课整体不难，每节课知识点不多，而且会用课上时间进行练习，只要每节课作业做了，最后考试应该是很容易的
177137,846,贾晓静,2023-07-02 01:24:15,1,2,1,学过C啥的话，这个fortran课很简单，而且讲的也比较仔细，给分也挺好
177845,846,贾晓静,2023-07-05 04:08:07,0,0,0,好老师，尤其是在教程序这一方面
194125,846,贾晓静,2024-06-22 05:53:59,1,1,0,两门课的给分都特别好~
194250,846,贾晓静,2024-06-23 01:29:38,1,1,0,很好的老师
195372,846,贾晓静,2024-06-28 01:39:53,2,2,0,上课认真给分巨好
195373,846,贾晓静,2024-06-28 01:39:58,3,3,0,地科院唯一真神
195374,846,贾晓静,2024-06-28 01:40:31,1,1,0,jxj大气唯一真神！！！我女神！！！
195376,846,贾晓静,2024-06-28 01:56:47,0,0,0,现代气候学课，上课比较轻松，水水的，只点过一次名，一次小组大报告和pre，其他几次课上讨论小展示（不想卷的不展示完全没问题），期末闭卷考纯背，给分好
202669,846,贾晓静,2024-11-13 18:24:44,0,0,0,老师人很好，会为学生着想，要求不高
203251,846,贾晓静,2024-11-18 11:52:17,0,0,0,大气最好老师，最美女神
220134,846,贾晓静,2025-06-15 10:01:25,0,0,0,给分好，女神
220187,846,贾晓静,2025-06-16 06:28:06,0,0,0,不点名，给分还可以，中规中矩
34066,941,章凤奇,2016-11-18 09:52:15,36,41,5,事情比较多，一点不水，但比较有趣。不是真爱就别选了，否则很可能极限拉低你的绩点
37303,941,章凤奇,2016-11-18 09:43:44,29,32,3,绩点太坑，不知道怎么打的分
37310,941,章凤奇,2016-11-18 09:36:51,-4,7,11,课挺轻松，绩点呵呵。
37312,941,章凤奇,2016-11-20 10:24:38,9,10,1,。。。。。。。
37313,941,章凤奇,2016-12-30 10:05:49,23,25,2,绩杀。。。。
37314,941,章凤奇,2016-11-18 09:43:14,22,23,1,这是为强者开的课……没能力尽量别选，尤其是高中没学地理的……理科生
37315,941,章凤奇,2018-03-03 07:45:16,63,73,10,虽然老师上课挺认真的，但课程无聊，参观博物馆和爬宝石山很累，任务很多，最主要的是给分差，建议不要选。
37316,941,章凤奇,2017-12-28 01:47:08,24,27,3,作业很多，给分不好。
37317,941,章凤奇,2016-11-18 09:50:50,25,26,1,这个绩点也太坑了吧???一门课拉低平均绩点???
37318,941,章凤奇,2016-11-18 09:52:32,15,16,1,3.0，\n\n拉低平均绩点。。。。。
37319,941,章凤奇,2016-11-18 09:53:38,9,11,2,上课还好吧。有些课外实践还有点趣味性的虽然累，但是任务真的很多啊！而且花费很多心思但绩点真是呵呵哒…
37323,941,章凤奇,2016-11-18 09:58:19,8,10,2,事情死多，绩点死低，不管是不是真爱都建议别选。不然拉低均绩没商量！
37324,941,章凤奇,2016-11-18 09:58:25,17,17,0,理科生！！！不爱地理地质的！！没兴趣写论文的！！！听我的话！！看都不要看这个课！！一眼都不要！！
37327,941,章凤奇,2016-11-18 10:13:10,0,6,6,老师很不错，主要还是看你自己喜不喜欢。
37329,941,章凤奇,2016-11-21 01:02:24,-28,2,30,我满绩噢噢噢噢【手动滑稽】
37338,941,章凤奇,2016-11-20 12:33:30,-15,6,21,老师人还好 课也不错 认真写个论文 好好完成任务 绩点棒棒哒
37340,941,章凤奇,2016-11-18 11:06:38,5,7,2,课还可以，给分不好。两次野外考察其实还挺好玩的。
37341,941,章凤奇,2016-11-18 11:12:17,4,6,2,好好学都给低分，到时候会飙几句英语，有语法错误。
37381,941,章凤奇,2016-11-21 02:43:23,4,7,3,有毒的课
37416,941,章凤奇,2017-02-25 17:39:24,0,7,7,虽然累，但是收获很大，绩点也很好
37442,941,章凤奇,2016-11-19 00:53:17,20,20,0,绩点1.5，呵呵呵
37488,941,章凤奇,2016-11-19 05:14:44,-9,2,11,学的东西很专业，考前一定要看书，野外考察比较有意思，主要看最后考试，一定要按时交论文和考察报告。我考前花了一天看书，最后还不错
37583,941,章凤奇,2016-11-19 14:08:49,-7,5,12,老师人很好，作为一个文科生觉得上课还是比较有意思的，除了两次实践，事情不是很多，平时也没有作业，就是最后有论文和考试，题目也还行。至于绩点，我觉得虽然不高，但也没有低的那么夸张，我自己是3.9，看你自己的需要了。
37706,941,章凤奇,2016-11-20 10:26:30,2,3,1,额，讲的和考的好像没什么关系。
37711,941,章凤奇,2016-11-20 10:56:56,22,24,2,至今都不明白老师是怎么计算成绩的，老师也没有公布过具体每个人各部分得分状况（总得让人心服口服吧！）发给老师邮件也不回复。自认为对待这门课，足够认真，作业认真对待，论文提前一个月完成，没缺过一次课，没缺过一次课外实践活动，最后一次考试，书啃了两个整天，笔记做了一大堆，作为文科生的我最后绩点3.3，简直呵呵…
37720,941,章凤奇,2016-11-20 11:40:16,-27,10,37,我绩点4.5，等着这条评论被踩
37726,941,章凤奇,2016-11-20 12:14:12,-5,2,7,还可以
37732,941,章凤奇,2016-11-20 12:34:17,3,4,1,绩点低 不要选
37733,941,章凤奇,2016-11-20 12:36:28,0,6,6,上课没听过，考前没看书，绩点上4，可能这是文科生的优势吧~不过助教好帅~爬山好玩 ~
37897,941,章凤奇,2016-11-22 01:21:46,14,14,0,前面那位同学，高中地理还不错的文科生但绩点3.3的前来报道，真给跪了……冲着地理选的课啊……
37967,941,章凤奇,2017-01-16 07:07:31,5,7,2,大绩杀。。。发邮件问小分也不回，就算死也让我死明白点啊
38286,941,章凤奇,2016-11-29 08:03:52,0,3,3,你们的绩点都怎么了…我觉得还能接受啊…带着儿子和我们去爬宝石山 噗==
39027,941,章凤奇,2016-12-20 15:20:53,-1,4,5,助教超帅，文科生绩点不会低的
39317,941,章凤奇,2017-06-22 03:58:26,0,0,0,给分贼坑
41467,941,章凤奇,2017-01-12 00:58:38,1,2,1,课程轻松 可以不来  但考试会考到老师讲的额外内容
56667,941,章凤奇,2017-07-04 08:19:14,0,0,0,抱着地理的兴趣来的，结果事情贼多，还要考试。。上课变相点名，关键是绩杀。2.4的绩点，很无奈。。。
56669,941,章凤奇,2017-07-04 08:22:25,0,0,0,挺好的，老师给分挺好
56677,941,章凤奇,2017-07-04 08:42:58,2,3,1,课讲的是真无聊，讲课的时候喜欢在教室里到处走动，弄的我做自己的事都不能安心。给分奇低，所有作业按时按要求完成，最后的考试自认为考的还不错，最后弄个奇低的成绩，早知道当初就该退课
56690,941,章凤奇,2017-07-04 09:19:59,1,8,7,课内容还是很丰富的，事情有点小多，但是每个作业都做好啦，给分也很不错，考试前没看书，绩点4.8，考试感觉和地理考试一样，可能是高中地理比较好的原因吧嘿嘿嘿
56692,941,章凤奇,2017-07-04 09:26:23,0,0,0,给分垃圾，上课事多，地球科学很有意思的一个主题怎么会存在这么坑爹的课程，差评！！！千万不要选这门课，选了的赶紧退掉！！
56706,941,章凤奇,2017-07-04 10:32:39,0,3,3,老师很好，讲的很细，给分也不错，这门通识课很有趣，活动丰富
56750,941,章凤奇,2017-07-04 14:05:32,8,15,7,因为自己高中地理学的不错而且自己很想深入学习地理所以选了这堂课，我作业做的很认真，小论文写了6000余字，很辛苦，但是说实话老师上课讲的内容挺不错的，活动确实很烦但是现在一想也是为了让我们深入爱这门课吧。不水的话可以学到东西，成绩也会不错。当时的后悔在看到4.5的绩点后都烟消云散了，尽管没满但是很充实
57664,941,章凤奇,2017-07-12 00:02:32,2,4,2,什么都认真做，但实践报告课后作业的分都很低.期末我感觉都会但只给我69.之后请老师查分，回复说我已带学生离杭实习，请走正规渠道查分...
59233,941,章凤奇,2017-09-20 10:11:26,3,3,0,绩点超低，我只有1.5分，上课还可以
60535,941,章凤奇,2017-10-23 11:45:39,4,4,0,他有一百句当然一定要讲
60623,941,章凤奇,2017-10-25 11:19:00,2,2,0,讲课无聊且水，绩杀。
61981,941,章凤奇,2017-11-22 04:17:57,3,3,0,事情超级多\n\n不建议选\n\n一听就退课了
62021,941,章凤奇,2017-11-22 07:20:18,2,3,1,3.0，想骂人了，从未缺过课，实习作业也是完成了的，只是心情。。。。。
62024,941,章凤奇,2017-11-22 07:32:34,-2,2,4,老师上课是挺无聊的，作为文科生一大半听不懂课堂内容，不过考试内容和课堂内容关系不大。会有一些课外阅读资料供自学。emmm一开始还以为这是个事多有绩杀的课，不过论文好好写，平时不要缺课，考试认真一点，最后绩点不会差(全程没听懂课的我居然绩点上4，，)
62028,941,章凤奇,2017-11-22 08:00:32,0,1,1,123
62035,941,章凤奇,2017-11-22 08:17:43,2,3,1,两个老师都挺有水平的，上课也很认真。论文一定要好好写（重要的事情说三遍），几次实践要都参加，活动确实挺烦心的，但大学不就是多参加实践活动多出去看看的吗。虽然给分一般般，3.6。有收获，虽然不多。选不选看个人的吧。
62057,941,章凤奇,2017-11-22 09:52:39,0,1,1,作业多很枯燥 但是课外实习挺有意思的 给分和付出成正比吧 期末考虽然开卷但是特别难！
62059,941,章凤奇,2017-11-22 10:10:41,3,3,0,给分低 事情真的巨多
62069,941,章凤奇,2017-11-22 10:31:52,5,6,1,"每次课尾声基本都有提问时间，但有些问题会让你自己课后查。绩点4.2，客观地说肯定不如读其他通识分来得高。而且是挺累，每周差不多都会有任务，比如""用自己的语言解释为什么能推测出地球形成于46亿年前""，以及各种标本实习，爬宝石山、逛自博馆等实践和写论文。毕竟时间有限（仅短学期），不多花时间怎有收获?我论文查资料5天起码，写了4600余字，前前后后改了数次，每次实习实践是绝对的认真，这过程中学到不少，相比较平时课堂比较无聊。看你需要什么了，要绩点千万别来!（比如我完全可以去别的课拿更高的分）!!不在乎绩点的话，倒真无所谓了。这里给大家强烈推荐励音骐老师，为了哈佛博士后"
62098,941,章凤奇,2017-11-22 11:28:46,4,4,0,绩杀，很多人莫名其妙就绩点不高
62167,941,章凤奇,2017-11-23 03:05:12,0,1,1,老师人还是挺不错的，喜欢地科的话也会比较喜欢他和这门课。任务虽然多但是确实很有收获，虽然绩点不是很高但是并不后悔啊。来自真爱粉。
62189,941,章凤奇,2017-11-23 05:12:31,0,0,0,拉低绩点！
62239,941,章凤奇,2017-11-23 10:41:40,-7,1,8,给分很迷，很难受，让我失去了对地理的热爱，大学第一次下四的绩点就是他搞的。\n\n努力与回报不成正比。不是真爱不要选了
62947,941,章凤奇,2017-11-27 12:11:14,1,4,3,7分中6分给哈佛博士后励音骐老师\n\n8次课有3次励老师主讲\n\n男神上课炒鸡赞的好吧\n\n手动表白励音骐老师\n\n至于章老师\n\n上课确实无聊了些\n\n但老师也很认真啊\n\n给分的话 理科生3.9心满意足了
62994,941,章凤奇,2017-11-28 00:34:38,-3,1,4,我觉得老师讲的还是不错的啊
64472,941,章凤奇,2017-12-24 10:07:15,1,4,3,辣鸡老师，给分奇差无比，我本来均绩可以上4.2的，就是因为这个辣鸡老师给我辣鸡分数
65050,941,章凤奇,2017-12-28 11:09:55,8,8,0,我地科概论3.9。 感觉还行。而且现在有一个新的老师比较好
69639,941,章凤奇,2018-01-25 06:10:02,12,14,2,如果一定要选这门课 想拿好点的分。记得所有作业都认真做…就是恶竞那种…老师喜欢……本来说好只是在纸上回答三个问题 有些同学啊 交个图文并茂的考察报告 服气了 社会 社会。
77566,941,章凤奇,2018-05-06 13:50:35,8,8,0,只能说很失望 没有杨树锋院士 最后分数也让人难以接受
77853,941,章凤奇,2018-05-08 07:19:22,5,6,1,看了评论发现自己成绩不算差。讲真老师上课蛮认真的，但是作为一个高中很喜欢地理的人我对地球科学概论这门课没有太大兴趣。
78176,941,章凤奇,2018-05-10 01:11:27,1,4,3,理论性很强，和高中地理相比会觉得有点无聊吧。爬宝石山是一种很棒的体验，现在也算是熟门熟路了。最后考试不咋滴，但之前的报告和论文有认真写过，成绩还算好。缘，妙不可言。
85326,941,章凤奇,2018-07-17 04:50:17,3,4,1,无聊...
88309,941,章凤奇,2018-10-28 04:10:05,3,3,0,hhhhhh，一句话都不想说，野外实习请个假还要问我你怎么证明你在上课不能来实习，我真的是很无语了。去一趟自然博物馆，浪费一个早上，基本上没啥收获。还是个绩杀，真的是无语～
89649,941,章凤奇,2018-11-20 06:33:01,4,4,0,绩杀…选课三思
89658,941,章凤奇,2018-11-20 07:04:28,3,4,1,事情多给分差不调分  超水准完成正态分布的伟大工程
89666,941,章凤奇,2018-11-20 07:30:42,4,4,0,给分极差，事情超级多，需要好几个周末的课外时间浪费在这里。打分的老师有两个，不知道是谁打的，反正老师还自以为给分很高，两个班只有十几个90分以上，所以慎选！
89687,941,章凤奇,2018-11-20 09:20:22,-4,3,7,事情多是真的  其实我真的jio得海星呀   把任务都做完了（并没有恶竞，单纯水过去）  最后4.2 （咸鱼表示满意）  我觉得挺公平的？
89713,941,章凤奇,2018-11-20 11:33:42,0,2,2,未尝见如此有意思之课程矣
90005,941,章凤奇,2018-11-21 14:11:11,-3,0,3,拿了3.9感觉还行
91546,941,章凤奇,2018-12-13 02:39:30,1,4,3,用自己的大脑思考吧 老师还是不错的  作为全班最高分 投入和付出是有关系的  还是站出来为老师辩解一下 别听那些评论  按自己的实际来 我是后面补选上的
93417,941,章凤奇,2019-01-09 12:56:34,0,0,0,纠结要不要退掉。。
107417,941,章凤奇,2019-05-05 04:04:09,6,8,2,励音骐老师打九分，章凤奇老师打六分，考虑到整体给分稍微降一点，给了七分。\n\n①这是给真正感兴趣的人开的课！\n\n②感觉并不会有文科生或者理科生占优势的情况！\n\n③课程知识基本上都是理解型的！\n\n④考试内容也很大程度上是老师讲的和三次实习的内容（所以博物馆和实验室实习的作业最好拍下来，宝石山实习的时候老师讲的东西也要记一下，实在记不住了看教材最后几页杭州地区地质观察简介）。\n\n⑤我机械专业，也就上课的时候做做笔记、实习的时候不跑神不应付（三次实习差不多加起来有七个小时）、考前把PPT和相应课本章节看了一遍（花了一天时间）、两次小作业认真对待（花了半天时间），最后成绩95。整体上，确实没法儿水，但是用心学也不会占太多时间，如果你确实愿意了解，倒不是负担，也不用担心成绩。\n\n\n\n最后，大爱励音骐老师(ﾉω･｀o)
122657,941,章凤奇,2020-03-13 02:05:41,1,2,1,垃圾的一批
124328,941,章凤奇,2020-06-29 08:50:13,4,4,0,给分差 人看着就不像是会打高分
124333,941,章凤奇,2020-06-29 10:05:14,4,4,0,地科导慎选!绩杀，还不知道咋死的。
124341,941,章凤奇,2020-06-29 12:07:21,1,2,1,第二次来给章老师评价，这次出分了，上次是上了前几节课的时候评的。作为专业课，你这么给分合适吗？？？人，是挺严谨一个人，教学态度也可以，知识水平也不错，但是为啥要这么跟学生过不去，我就很整不明白。我估计，地球科学学院，您给学生的分、学生给您的分，都是学院老师中最低的吧。第一次作业的给分我就感觉来者不善，现在果然灵验了当时的直觉。
124442,941,章凤奇,2020-07-01 09:52:53,0,3,3,地科导，老师上课认真投入，但是语速好慢... 容易走神。给分不咋样，但是应该是正常水平，感觉没调分，但是不调分也没毛病啊
129748,941,章凤奇,2021-01-12 03:12:33,0,0,0,想水水的不要选这门课
133071,941,章凤奇,2021-02-07 12:27:32,0,0,0,老师上课认真但稍有些无聊
133155,941,章凤奇,2021-02-11 04:34:03,3,3,0,成功浇灭对地理的兴趣
134444,941,章凤奇,2021-03-29 02:17:09,8,8,0,作业大部分题都很简单且存在标准答案 一两道主观题看字数多少打出十分以上分差 够恶心人的 每一次作业都会表扬写得最多/说了可以用中文写还用英文写的同学 鼓励鹅颈
135969,941,章凤奇,2021-06-06 13:50:07,35,36,1,地球科学导论：翻山越岭章凤奇，英文授课杨小平，以抽代点的曹龙
139005,941,章凤奇,2021-07-12 07:14:03,5,7,2,早八点名截止时间8：01\n\n全班没人满绩不捞也不调就这么丢着\n\n做作业鼓励鹅颈\n\n看上去就让人很不爽
139050,941,章凤奇,2021-07-12 10:02:31,1,8,7,章老师可以看出是科研授课严谨的老师，这门课考试平时四六开，所以平时的作业很关键（需要适当卷，其实就是认真，多写一点就够了），考试的话，考了很多PPT和口头交代的内容，平时上课不听，想要通过教科书补天的会受到惩罚，当然考试心态要好，尽量多写一点，占比不大是优势。我最后86，4.2（考试估计70不到），可以说是很满意了，但是回想起来，如果回想起来，平时作业认真帮了很大的忙，但是上课我开小差了，导致考试不理想。总结：上课认真听（做笔记），下课作业认真写，准时交。
141406,941,章凤奇,2021-10-06 16:44:42,9,9,0,不好意思，之前我说章凤奇是地科院风评最差的\n\n\n\n直到我遇到了林秀斌
143649,941,章凤奇,2021-11-30 03:06:50,15,18,3,如果一个房间里有希特勒，墨索里尼和章凤奇，给我一把枪和两颗子弹，我会杀章凤奇两次。
150365,941,章凤奇,2022-01-23 13:19:00,5,5,0,这货去年还评上教授了，学生调研那一关不知道怎么过的
158001,941,章凤奇,2022-06-26 05:46:12,-4,3,7,辣鸡老师，浙大怎么有这种人
158934,941,章凤奇,2022-07-03 13:03:40,1,1,0,课程不是很有趣，但是给分其实还好，最后老师也会把成绩分布情况与成绩构成列出
178025,941,章凤奇,2023-07-06 09:54:39,6,6,0,地科导事多 给分很不错！！
178026,941,章凤奇,2023-07-06 09:56:27,10,12,2,我爱地科导！！！平常听得不多，期末看了一天4.8\n\n问了我平常有点摆烂的同学都有4.2/4.5给分都好好\n\n（作业认真完成平时分不会差的）\n\n学习的时候，老师在听到我们诉求之后还会帮我们改高实习成绩（80改到95/96）\n\n杨小平老师也没有跟学长学姐所说那样英文授课\n\n感觉他们真的有在听学生的意见\n\n学弟们别怕，给分好了好多好多
178028,941,章凤奇,2023-07-06 10:09:12,2,3,1,老师已经在改进了，很听取学生的意见，大家有诉求要及时说呀
178092,941,章凤奇,2023-07-07 00:59:23,8,9,1,老师的课上的很好，而且从这个学期看老师还会听学生的意见，做了很多改动，真的挺好的
178094,941,章凤奇,2023-07-07 01:02:50,5,8,3,章老师超级棒，给分巨好，期末会划重点，好好复习4.5+不是问题
184062,941,章凤奇,2023-12-07 12:26:09,2,2,0,10分٩۹(๑•̀ω•́ ๑)۶
184856,941,章凤奇,2023-12-23 13:32:08,-2,0,2,ntnt t
189338,941,章凤奇,2024-01-23 09:23:38,3,4,1,只上过一门课，老师人很温柔，感觉不至于这么低的分，老师对学科也真的热爱
195322,941,章凤奇,2024-06-27 17:37:41,0,2,2,地科导出分了来打分，自己没摆烂也认真背了，但是成绩不是很理想。老师值得十分，很和蔼的老师，也很乐意和同学交流！
195324,941,章凤奇,2024-06-27 17:39:25,2,4,2,地科导4.8路过，我爱章老师，给我惨淡的绩点来了一丝微光。老师人真的很好，讲课也很认真！高中有选考地理基础的很吃香。不过对地理不感兴趣或者没学过地理选考的同学，慎选
195345,941,章凤奇,2024-06-27 23:35:34,-1,0,1,老师给分超好！！！
195397,941,章凤奇,2024-06-28 03:02:00,-1,2,3,地科导挺好，认真学不绩杀，平时作业认真写，不翘课，期末狠背两天5.0。今年给分很不错，别被几年前的评价误导了
195433,941,章凤奇,2024-06-28 04:25:59,-2,0,2,老师超好！
197537,941,章凤奇,2024-07-18 05:47:08,0,1,1,卡绩了，但还是好老师
206404,941,章凤奇,2024-12-15 03:11:08,0,1,1,突然想到来评论一下\n\n其实地科导上我基本没有认真听课，但是作业对待的还算认真吧。有一次做作业遇到问题，钉钉里私信老师询问。虽然他过了好久才回复我，但是回复地非常认真。另外仅从课堂来判断感觉他挺和蔼的，并且我们这一届（24春夏）给分应该普遍都不错\n\n给章老师打10分
216675,941,章凤奇,2025-03-20 14:30:03,1,1,0,不要在老师的课上写纸质作业，会变得不幸。你不来也行，但写作业别被发现了
218993,941,章凤奇,2025-05-17 06:41:27,0,1,1,好老师
221196,941,章凤奇,2025-06-22 02:12:48,2,2,0,【地科导】给分真的很好了，只要背了就有分\n\n扣一分是因为点名只给前两排点抢位置好麻烦hhh
221207,941,章凤奇,2025-06-22 03:25:08,2,2,0,人挺好的（老实人？），上课无聊，有点古板，给分挺好\n\n确实一般，但是在地科院算挺好的也许（？\n\n4分确实有点低了
221332,941,章凤奇,2025-06-23 03:43:02,2,2,0,沉积学，给分一般般吧，老师上课还挺认真的，有疑问回答也还有耐心
33450,949,杨树锋,2016-09-19 12:58:32,0,3,3,不错哦
33766,949,杨树锋,2016-09-21 11:51:09,38,43,5,70岁的中科院院士还来上课，激情澎湃，不给10分我还能说什么
36204,949,杨树锋,2016-12-25 08:08:29,13,16,3,科学院院士能给本科生上课
37320,949,杨树锋,2016-11-18 09:56:12,0,3,3,不错 不错
37567,949,杨树锋,2016-11-19 13:24:37,-10,5,15,真是绩杀
37700,949,杨树锋,2016-11-20 09:40:10,2,3,1,很好哦\n\n
37714,949,杨树锋,2016-11-20 11:07:18,4,7,3,可以水手机的课，分一般吧，事情不是很多，平时基本上是没作业的叫，高中认真学过地理的人推荐去选这门课
39320,949,杨树锋,2016-12-22 05:31:59,9,10,1,院士上课不容易
57665,949,杨树锋,2017-07-12 00:06:37,20,25,5,"这里说一下，有他上课的""地球科学概论""主要是章凤奇老师负责给分，我之所以到这里评价是让不想被绩杀的人别入坑."
62198,949,杨树锋,2018-12-28 07:31:44,8,13,5,对不住老院士，这里打了一分。因为不希望后来的人脑袋一热就报上，地科概论主要是章凤奇老师授课，选课前三思啊!
134784,971,林秀斌,2021-04-17 07:32:03,14,14,0,呵呵呵
134785,971,林秀斌,2021-04-15 02:15:54,16,17,1,笑面虎
134847,971,林秀斌,2021-04-26 00:43:55,15,16,1,嚣张、霸道、蛮横
134848,971,林秀斌,2021-04-22 00:40:58,-27,4,31,我滴男神
134872,971,林秀斌,2021-04-20 01:03:57,20,24,4,做老师能小 教学生心高\n\n      气大才疏
134890,971,林秀斌,2021-04-21 10:51:47,11,12,1,布置作业真的神经病
135631,971,林秀斌,2021-05-17 10:49:16,11,12,1,垃圾老师，天天展示，自己课讲不清楚。一学期至少四五节课全给展示，无语。
135877,971,林秀斌,2021-05-31 12:41:14,9,9,0,即没意思，又没意义
136076,971,林秀斌,2021-06-10 17:07:47,9,9,0,上课上了个啥呀\n\n半个学期过去了古生物啥也没上
137334,971,林秀斌,2021-07-03 08:54:53,5,5,0,上课安排十分混乱，一大半的时间在讲七七八八的，后面时间来不及课件都翻翻过去，讲的云里雾里，还天天夸自己卷子出的好，一个学期下来不知道学了什么东西，乱七八糟的
137896,971,林秀斌,2021-07-06 13:31:38,6,6,0,很一般
138110,971,林秀斌,2021-07-07 11:01:50,6,6,0,ppt内容有点乱，干货太少。课程不如叫构造地质学2。
139261,971,林秀斌,2021-07-14 01:44:56,6,6,0,不想讲脏话，地史课选修了，学弟学妹别选，除非他悔改
139273,971,林秀斌,2021-07-14 03:51:31,6,7,1,狗东西，教得真的很拉。
139419,971,林秀斌,2021-07-15 10:32:34,4,6,2,太差了！地科院有史以来遇到最恶心的老师！
139983,971,林秀斌,2021-08-22 17:47:01,4,5,1,好好搞科研吧，教书换个人来教
144438,971,林秀斌,2021-12-21 13:25:25,4,4,0,快逃！
145574,971,林秀斌,2021-12-30 09:49:53,2,2,0,快逃.jpg
146580,971,林秀斌,2022-01-07 03:29:26,1,2,1,去死吧垃圾
159485,971,林秀斌,2022-07-25 07:58:26,6,7,1,在无人区丢了又被找回来了\n\n笑不活了
159495,971,林秀斌,2022-07-26 05:59:26,8,9,1,太惨了这哥们，虽然课上得烂但是考虑到差点就死在无人区里……给他个666吧
6589,1028,杜震洪,2015-07-16 02:24:50,1,9,8,思想
16213,1028,杜震洪,2016-01-17 13:39:36,-7,22,29,很积极向上，备课认真的一个老师，地科最有前途的几个老师之一
68242,1028,杜震洪,2018-01-23 01:32:03,4,10,6,课都不来上。。
104672,1028,杜震洪,2019-03-26 02:41:41,3,10,7,吹 继续吹
105671,1028,杜震洪,2019-04-18 07:55:38,-3,8,11,老师的吹牛逼神力，思想，大忽悠
109955,1028,杜震洪,2019-06-20 15:18:01,16,20,4,老师每次上课都神采奕奕(｡ì _ í｡)上课不但讲基础知识，而且还会讲一些GIS领域的课外知识和应用案例，拓宽视野，有用还有趣，我觉得还挺好的。听完老师的课对GIS越来越有兴趣，喜欢老师的课，老师棒呆(*^_^*)
110488,1028,杜震洪,2019-07-10 09:43:45,5,6,1,gis导论的助教很好看
115484,1028,杜震洪,2019-07-28 00:26:17,-10,11,21,满嘴屁话的成功学导师
123259,1028,杜震洪,2020-05-26 07:46:40,26,32,6,我很反对那些说杜老师吹牛的人，杜老师真的是想要我们对GIS这门学科加深理解、拓展思维的，可以看出他真的很用心地在教。
126130,1028,杜震洪,2020-09-18 03:06:17,1,2,1,教的一般，给分不错。
135818,1028,杜震洪,2021-05-27 12:02:37,9,11,2,老师吹牛一流
139374,1028,杜震洪,2021-07-15 01:08:36,0,1,1,很水，狠喜欢
140478,1028,杜震洪,2021-09-13 02:30:45,15,20,5,GIS的学弟学妹们请珍惜杜老师的导论课，这可能是你们为数不多的可水可认真听课、助教最多、给分还非常好的课
151022,1028,杜震洪,2022-02-22 03:55:58,0,0,0,挺好的 。
151023,1028,杜震洪,2022-02-22 03:55:49,0,0,0,挺好的 。
156416,1028,杜震洪,2022-06-19 13:29:39,5,10,5,嘛，评分一个月前还是7分，啥时候刷上来的？\n\n成功学导师这点吧。。。每次上课必扯我和哪位哪位院士在哪里哪里干了什么什么，你细品
159367,1028,杜震洪,2022-07-15 00:03:46,1,1,0,。。。
159368,1028,杜震洪,2022-07-15 00:03:46,0,0,0,。。。
161078,1028,杜震洪,2022-10-26 01:54:29,18,20,2,杜杰青什么时候上院士？
163266,1028,杜震洪,2022-12-11 13:41:50,9,10,1,https://www.zhihu.com/question/59837103
171265,1028,杜震洪,2023-03-20 07:30:03,12,15,3,呜呜呜！老师因为开很重要的会上课迟到结果给我们鞠躬道歉(இдஇ; )感觉真的是超级超级真诚很重视学生的老师（虽然我没怎么听课www）送老师一个10.0！老师辛苦了(இдஇ; )
175837,1028,杜震洪,2023-06-27 02:17:57,0,3,3,大数据！云计算！人工智能！\n\n大数据！云计算！人工智能！\n\n大数据！云计算！人工智能！
178371,1028,杜震洪,2023-07-11 05:01:49,-14,3,17,地信导\n\n不点名 以至于我后半个学期都没去\n\n最后一节课会将重点 给提纲 花了一天把提纲背了 最后满了 顶级好课
189411,1028,杜震洪,2024-01-24 03:25:50,2,2,0,给分挺好的，就是现在要管学院行政事务，太忙了，上课总是让人来代课
194571,1028,杜震洪,2024-06-24 11:35:39,5,6,1,成功学成功案例。\n\n对课程完全不上心，认真写的报告得分反而没有别人纯抄袭的高，课程体系混乱，完全学不到知识
195951,1028,杜震洪,2024-07-01 02:35:15,-8,3,11,有手有脑就能满绩
197180,1028,杜震洪,2024-07-09 00:08:04,1,2,1,【地信导】给分有点吓人，冲着之前给分好的慎选
197185,1028,杜震洪,2024-07-09 01:00:39,-3,3,6,给分超好，跨专业来的，因为和专业课冲了只在考前3小时速通一下，平时作业基本ctrl C+ctrl V ，最后卡在94-4.8，但是还是比较满意，放心冲就完了
197198,1028,杜震洪,2024-07-09 02:40:33,-3,3,6,地信导，给分挺好的，我每次认真做实验，然后考前花了一天把ppt和发的提纲看了一下，最后95/5.0
205123,1028,杜震洪,2024-12-02 02:34:38,0,0,0,aaa
62707,1139,王华军,2017-11-26 13:14:13,0,0,0,水课 均绩还贼tm低
4374,1189,李睿,2015-06-19 16:24:27,3,11,8,麒麟屌
12237,1189,李睿,2015-12-22 13:05:30,0,6,6,毫无学识，上课读PPT
13348,1189,李睿,2015-12-27 06:47:17,1,3,2,无聊……睡觉了
16939,1189,李睿,2016-01-19 09:37:02,1,3,2,评分这么高会不会是因为他考前会泄题的原因……
32902,1189,李睿,2016-09-16 06:32:17,9,15,6,野外实习的时候会发现...懂的是真多
62193,1189,李睿,2017-11-23 05:33:45,0,1,1,憨...
73777,1189,李睿,2018-02-03 05:27:06,1,2,1,轻松满绩+1
100454,1189,李睿,2019-01-26 06:56:30,1,1,0,谢谢老师！！！\n\n老师虽然上课就念ppt\n\n但是考试开卷+试卷靠谱\n\n还是很轻松的！
100527,1189,李睿,2019-01-26 08:57:13,1,1,0,给老师疯狂打call\n\n自然地理学I和II老师都炒鸡好，都没卡绩。这学期好几门专业课卡绩的心塞在自然地理学出成绩后瞬间开心
101805,1189,李睿,2019-01-29 06:45:24,0,0,0,卡绩....心塞
139370,1189,李睿,2021-07-15 00:45:02,3,11,8,实习1200m垂直高度一天上下全程靠走，还是乱石路，连平的黄泥路都没有，更别说台阶，腿都断了还一点不给休息，前后一天都在爬，我麻了，我是真的很擅长爬山，不懂就问，我们是爬山专业🐴
139371,1189,李睿,2021-07-15 01:04:18,8,13,5,优秀的老师，在大家走完一天都筋疲力尽的时候还能讲一小时课，在大家冒着酷暑全力爬山的时候还能边爬边上课
139373,1189,李睿,2021-07-15 01:07:38,0,4,4,严重的受虐倾向者，想爬山自己去爬，带一堆人干啥
142320,1189,李睿,2021-11-10 07:04:34,0,0,0,给分不错的
178761,1189,李睿,2023-07-22 02:48:42,-10,2,12,纯纯傻逼，就知道爬山，专挑累的远的陡的爬。鉴定为脑子进屎，不管学生死活，煞笔东西。爱爬自己爬去，纯纯施虐倾向+受虐倾向
181079,1189,李睿,2023-10-07 11:58:22,-2,0,2,客观陈述：实习报告卷字数分不会低
181106,1189,李睿,2023-10-09 00:00:35,0,0,0,挺好的老师，挺佛系的
784,1192,董传万,2015-03-17 02:19:02,0,0,0,董伯很负责任！
7174,1192,董传万,2015-09-09 13:57:49,0,0,0,很认真
48643,1192,董传万,2017-03-09 01:25:04,-1,0,1,so easy
59504,1192,董传万,2017-09-22 02:37:09,0,0,0,有趣，有趣\n\n
63303,1192,董传万,2017-11-30 09:17:08,1,1,0,so easy
136186,1192,董传万,2021-06-12 06:33:16,0,0,0,很好的老师\n\n讲得岩石学讲得很好\n\n非常清晰\n\nso easy！
783,1357,邹乐君,2015-03-17 02:18:04,3,4,1,老师很好！
28702,1357,邹乐君,2016-06-28 12:34:11,3,3,0,很喜欢老师！
51369,1357,邹乐君,2017-07-03 02:29:04,13,13,0,满分满分，老师上课超级认真，对人也很好，给分也超好哇哇哇，太棒了
56150,1357,邹乐君,2017-07-03 06:57:57,5,5,0,讲课很生动。举例丰富。
56167,1357,邹乐君,2017-07-03 07:18:08,1,1,0,很好很认真的老师
67438,1357,邹乐君,2018-01-21 08:00:35,6,6,0,不管是对待课程还是学生，邹老师都十分的认真，学了遥感概论后对遥感也能有大致的了解，赞
68889,1357,邹乐君,2018-01-24 05:10:38,-3,2,5,每节课坐第一排，最后3.6，均绩4.5?，外专业表示…
69263,1357,邹乐君,2018-01-24 11:40:22,1,1,0,作为一个机电专业的，认真学，期末背的有点多，背的认真（因为不在考试周考，所以可以专心背这一门），所以满了。老师会节节课点名，但是背的真的太多了……外专业的擅长短时记忆的可以选
84319,1357,邹乐君,2018-07-12 14:13:06,0,0,0,遥感概论 要签到 平时任务很少 考试好好背 给分很好！老师人超好
84567,1357,邹乐君,2018-07-13 07:55:54,3,4,1,作为一个大一的工科生，担惊受怕很久。复习PPT有点1k+，但是有很多图，不过作为一门专业课还是值得的。\n\n认真背分数不会差的
139265,1357,邹乐君,2021-07-14 01:59:33,4,4,0,神仙老师，自认为很失败，但是很有风度，老顽童，很有意思
154631,1357,邹乐君,2022-06-02 13:59:47,2,2,0,邹老师的课就是实验比较多，喜欢听理论的同学可能不太适应，喜欢上机的同学会比较开心，这老师人很好，放心选
166676,1357,邹乐君,2023-01-13 08:05:42,-3,0,3,弄不清楚的老师，自己没弄好，导致凭空多了一个考试，还要手抄资料。一学期就学他那个辣鸡软件，一点意义都没有。给分也不咋地……
785,1376,沈忠悦,2015-03-17 02:20:11,8,12,4,老师人很nice，地质启蒙老师！
7661,1376,沈忠悦,2015-09-15 07:50:53,5,6,1,我的启蒙导师，野外工作永远跑在最前面，室内工作兢兢业业，对学生非常好
7789,1376,沈忠悦,2015-09-15 13:27:19,3,4,1,老师很会说，讲得很好！
7854,1376,沈忠悦,2015-09-15 16:22:01,3,4,1,听沈老大讲地质是一种享受
8027,1376,沈忠悦,2015-09-16 14:22:52,2,4,2,棒棒哒 实习报告好多呀 ＋1
10544,1376,沈忠悦,2015-11-19 14:50:29,2,3,1,沈老师真的非常好！讲课很棒，对学生超级好！
39797,1376,沈忠悦,2016-12-27 15:16:47,1,3,2,学自然地理学的时候听沈老师讲了一节课，太棒了！简直可以把路人变成地理爱好者！
47497,1376,沈忠悦,2018-06-13 06:33:41,4,5,1,沈老大可有激情了，上课很有感染力！
56710,1376,沈忠悦,2017-07-04 11:03:22,1,1,0,老师人很好，知识真的渊博啊！
56728,1376,沈忠悦,2017-07-04 12:42:43,2,3,1,最爱沈老大
56928,1376,沈忠悦,2017-07-05 03:37:09,6,7,1,沈老大上课和野外考察都很好。只是我经常莫名犯困？
58174,1376,沈忠悦,2017-08-19 13:11:23,3,4,1,没上过他的课，只是野外实习接触他，很渴望很渴望拥有他那种对待生活和工作的热情，或许就是出于所学的热爱。
58194,1376,沈忠悦,2017-08-19 13:13:40,0,0,0,棒棒哒\n\n
69357,1376,沈忠悦,2018-01-24 14:11:44,0,0,0,真的很好的老师很会聊(liao)～口才很棒!可惜要退休了。。。。
75552,1376,沈忠悦,2018-03-13 07:25:05,1,2,1,由衷的敬佩
80515,1376,沈忠悦,2018-06-27 10:31:56,2,3,1,充满激情的老师，学识渊博。最棒的是外出实践总是冲在最前面，就像一个对一切充满好奇的孩子，超可爱。明天要final了，在这里膜一膜沈老大，希望考个好成绩。
80624,1376,沈忠悦,2018-06-28 11:27:45,3,3,0,考完评论一波，沈老大超棒哒！跑野外超可爱的，虽然后排根本听不到他在说啥。还有就是。。。考试能不能多出点没复习到哒？
82096,1376,沈忠悦,2018-07-07 06:12:44,1,1,0,老师人超好，虽然后来自己拿的分不高，但还是很有收获
83378,1376,沈忠悦,2018-07-10 07:43:24,-3,0,3,老师很不错 但 GIS同学别选这个当个性课程 血的教训
113552,1376,沈忠悦,2019-07-06 23:54:08,3,3,0,我吹爆沈老师 人超级好 上课从不点名 而且回答问题啥的都超级认真 考前有很多不会的发邮件去问沈老师  结果凌晨一点给我发回一个word文档 里面都是超级认真的解答 真的好感动！真的好老师！推荐和自然地理学一起上 （同样的内容就可以上两遍）期末认真看复习ppt就应该ok 分还没出先来吹爆
116570,1376,沈忠悦,2019-09-12 00:10:09,3,3,0,逢沟必断hhh 懂得都懂
119709,1376,沈忠悦,2019-11-15 03:02:37,0,0,0,"普地，高中理科，大学文科，找回了高中听地理物理化学的快乐。老师每次上课前都会数人数，但不点名。期末考试rio简单，老师：""我就一个要求，开考后一小时才可以交卷。"""
122379,1376,沈忠悦,2020-02-26 02:53:19,0,0,0,大学到现在最喜欢的课
70616,1462,曹龙,2018-01-27 09:50:18,4,4,0,给分好差
115060,1462,曹龙,2019-07-20 02:42:50,0,0,0,辣鸡。。。
118652,1462,曹龙,2019-10-30 04:42:43,4,5,1,魔鬼中的天使
122321,1462,曹龙,2020-02-24 06:19:32,0,1,1,垃圾玩意儿
123168,1462,曹龙,2020-05-14 13:51:22,8,12,4,这门课，到目前为止看起来唯一看起来正常的老师，评论先码在这，等出分后看看要不要来改
123180,1462,曹龙,2020-05-17 05:21:35,1,5,4,老师很好，帮助我们激发对大气学科的兴趣
124344,1462,曹龙,2020-06-29 12:14:36,5,6,1,曹老师只负责课程的一小部分，内容很少，而且应该不参与课程的给分，所以。。。只能评价下上课水平，还不错。
124443,1462,曹龙,2020-07-01 09:56:29,2,2,0,地科导中负责大气相关的讲课，课程质量不错，给分应该不是老师负责就不评价了
124861,1462,曹龙,2020-07-14 01:43:56,3,3,0,真的 魔鬼中的天使
153949,1462,曹龙,2022-05-17 17:11:42,0,1,1,阴逼一个\n\n先口头同意离校请假\n\n然后打个电话说校方要求变严格了，不让离校，说自己刚刚只是口头同意，还没来得及在系统里点确认，我都已经快到家了叫我回学校。。。。\n\n哈哈您的乌纱帽可真重要呢\n\n狗仗人势
168696,1462,曹龙,2023-02-21 06:22:52,0,1,1,曹老师上课非常认真，碳循环研究生课程是我听过干货最多的课程之一，随时跟进前沿进展，并且更新自己的课程内容，生动有趣，作为海洋学院跨专业来修读的学生，为地科院有这样的好老师而羡慕
177109,1462,曹龙,2023-07-01 17:11:58,0,0,0,班主任当的很抽象，入学的时候要我们以邮件形式提交周记，在一次班会里要求每一个同学都报出自己的专业，一段时间后在给一个同学处理事务的时候问他是转专业了吗，转的啥，另外到了后期班级群基本上变成了他的讲座推广群，有一次他推广了一个6.30上午九点半的讲座，但是逆天的是，那天早八地科导考试（我们班是三一地信班，地信的最多），关键他还是教地科导的，总不会连考试时间都意识不到吧
177761,1462,曹龙,2023-07-05 01:09:33,9,9,0,胖熊猫，不理人
177762,1462,曹龙,2023-07-04 16:33:00,9,9,0,胖熊猫，不理人，，
177815,1462,曹龙,2023-07-05 02:42:35,9,9,0,胖熊猫，不理人，，
197166,1462,曹龙,2024-07-08 10:33:54,0,0,0,笑面虎
198724,1462,曹龙,2024-09-11 06:40:02,2,2,0,要点名：）
204507,1462,曹龙,2024-11-26 10:15:56,1,2,1,不理人：（（（（（（
7790,1469,章孝灿,2015-09-28 12:16:28,7,9,2,老师讲的很好。
9038,1469,章孝灿,2015-10-11 08:14:42,3,4,1,讲得不错，挺会扯的，融入了很多应用的案例
9923,1469,章孝灿,2015-11-12 17:01:50,17,18,1,老师很有气质，讲课细致，为人师表经常给我们讲述学习的精神
10691,1469,章孝灿,2015-11-22 12:48:25,6,10,4,讲课水平没的说，但是我不太喜欢他总提钱钱钱的问题……总有种商人而不是教授的气质。
13631,1469,章孝灿,2015-12-30 07:14:10,2,2,0,水平很高，而且不仅会讲课，还会灌鸡汤。
15010,1469,章孝灿,2016-01-19 09:23:57,2,3,1,给分……比想象中要好诶……
15330,1469,章孝灿,2016-01-14 01:28:38,3,3,0,章老师么么哒！马上就要去考计算机图形学了了！保佑我考一个好成绩！！
15427,1469,章孝灿,2016-01-14 10:57:07,2,2,0,认真踏实
15719,1469,章孝灿,2016-01-16 07:39:48,2,2,0,perfect
16569,1469,章孝灿,2016-01-18 11:37:57,1,1,0,还不错
16643,1469,章孝灿,2016-01-18 15:03:15,2,2,0,有一种人赢的感觉！
20022,1469,章孝灿,2016-01-26 02:20:10,13,21,8,上课要求比较严，一定要认真听，上课会强调很多知识点，经常会叫人回答问题，严肃不失幽默，考试会水一点，给分好\n\n口头禅：面向对象、着眼点、拓扑......\n\n
29424,1469,章孝灿,2016-06-29 18:39:00,0,1,1,男神！
41458,1469,章孝灿,2017-01-11 16:32:52,1,1,0,老师上课很好
41480,1469,章孝灿,2017-01-12 02:48:11,2,2,0,老师很好，给分很好
42827,1469,章孝灿,2017-01-17 03:48:03,2,3,1,男神男神男神！！！
67669,1469,章孝灿,2018-01-22 04:45:15,2,2,0,给章老师打call
68446,1469,章孝灿,2018-01-23 08:18:09,1,1,0,。。。
68484,1469,章孝灿,2018-01-23 09:03:58,-5,5,10,感谢老师让我梦游了一个学期的课上了4。
97609,1469,章孝灿,2019-01-22 12:01:31,1,2,1,棒呆的章老师 但是给分略寒
98759,1469,章孝灿,2019-01-24 01:54:01,18,20,2,抽象模糊着眼点，对象拓扑比例尺，海量数据，硬盘最贵，公司年产7000万，米那桑干巴呆
121954,1469,章孝灿,2020-01-25 12:59:28,0,4,4,讲课云山雾罩，给分像是胡闹
128733,1469,章孝灿,2020-12-25 06:08:53,4,5,1,没啥收获，建议想学东西选个性的同学，出门左转宋明黎
140911,1469,章孝灿,2021-09-17 16:32:48,2,2,0,😅😅😅
140912,1469,章孝灿,2021-09-17 16:33:52,2,2,0,怎么线下教室上机课还需要给你录屏 [流汗]
141229,1469,章孝灿,2021-09-27 02:41:38,3,3,0,上课整天讲大道理 上机课安排不合理
151958,1469,章孝灿,2022-03-21 16:01:22,0,0,0,人很好的，对学生很负责
168453,1469,章孝灿,2023-02-17 03:35:03,1,1,0,非常不错
172198,1469,章孝灿,2023-04-21 14:31:50,0,0,0,章老师给您好评10分求遥感概论不挂呜呜呜
172271,1469,章孝灿,2023-04-24 05:21:55,0,0,0,业界良心章孝灿，老头子有趣得很
172532,1469,章孝灿,2023-04-28 19:06:15,0,0,0,老师讲课非常清晰，能感觉到他本人很有水平，对知识非常熟悉，不是照着ppt念，详略得当，重点会反复提及，给分很好，是我上的地科院感觉最好的一门课。\n\n\n\n但是反观地科院其他很多教师(姑且称为教师吧)，讲课是真不行。。。水平不行，感觉自己对内容的理解都是云里雾里的，讲的课也是一言难尽，希望能提高提高吧。
172568,1469,章孝灿,2023-04-30 08:31:27,0,0,0,老师水平很高，讲课水平也很好（忍不住吐槽，地科院的很多老师讲课水平是真不行），重点会反复提及，给分挺好的。
191855,1469,章孝灿,2024-05-02 05:40:26,2,3,1,老师很认真 很专业 给分很好 是地科院最好的老师没有之一
191998,1469,章孝灿,2024-05-07 06:20:09,5,5,0,本人是交换生 认为这位老师教的遥感概论是我在浙大上这么多课里面教得最好的老师，讲课风格很独特，挺幽默的，而且总是给你强调重点内容，对考试很友好，而且真心希望学生学到一些有用的知识，给分也很好，考试不难，肯背书就行
192371,1469,章孝灿,2024-05-17 01:03:30,6,6,0,每节课前纸质签到，但真的是一位好老师，特别有自己的想法，不提倡应试教育，讲求方法精髓，称得上是教育楷模，干巴爹！
218050,1469,章孝灿,2025-04-20 02:17:47,1,1,0,讲课认真，考试难度适中，挺好的
17867,1536,朱佩君,2016-01-21 03:08:17,1,3,2,好老师一个，很认真的一位老师。虽然讲课有一点点枯燥
32894,1536,朱佩君,2016-07-25 02:30:55,4,5,1,君君，人超级好！
220276,1536,朱佩君,2025-06-17 04:39:36,0,1,1,温柔的好老师，很关心学生，给分也超好的，爱您！
220368,1536,朱佩君,2025-06-17 13:39:11,0,1,1,6 6 6
9371,1592,闻继威,2015-10-25 10:42:25,23,29,6,逗逼……60多岁老头，说自己助教漂亮身材好
9383,1592,闻继威,2015-10-25 13:17:31,14,15,1,我政治数学老师教的
11355,1592,闻继威,2015-11-28 12:31:41,4,5,1,不错，有想法
27851,1592,闻继威,2016-06-27 23:13:42,2,3,1,分数还可以。
27875,1592,闻继威,2016-06-28 02:19:46,3,4,1,老师挺有趣，还没课堂作业。
27900,1592,闻继威,2016-06-28 03:55:51,-3,2,5,赞，给分高
28395,1592,闻继威,2016-06-28 08:49:34,2,4,2,给分还行吧 老师蛮有趣的
28765,1592,闻继威,2016-06-28 14:12:10,2,3,1,一般，自我陶醉
28800,1592,闻继威,2016-06-28 15:38:02,1,4,3,给分好坑 背了那么多行策 签了那么多到 屁用没有
29382,1592,闻继威,2016-06-29 16:06:12,-3,2,5,老师上课挺有趣的\n\n
29449,1592,闻继威,2016-06-30 00:07:16,-4,5,9,节节课都去，考试前材料也认真看了，然后2.7……我还能说什么，?
29494,1592,闻继威,2016-06-30 01:34:14,1,3,2,还行吧 没有平时作业
32291,1592,闻继威,2016-07-06 05:57:24,1,2,1,给分好得不行
49101,1592,闻继威,2017-03-26 11:56:19,6,6,0,爆的一手好粗口
53740,1592,闻继威,2017-06-27 12:55:09,2,4,2,老师给我一种不拘一格，想要跳出传统大学教师的味道
53747,1592,闻继威,2017-06-27 13:01:00,3,4,1,跟寝室三个汤老师班的比，我觉得闻老师真的很好，师生情。而且我觉得他很爱国的呀，上课不拘一格。有点口音。
53752,1592,闻继威,2017-06-27 13:13:27,0,2,2,讲课恶心，给分低
53765,1592,闻继威,2017-06-27 13:31:50,1,2,1,很特别的一位老师，印象不错
53770,1592,闻继威,2017-06-27 13:33:01,1,2,1,就是普通话有点迷，别的都还行
53797,1592,闻继威,2017-06-27 14:52:39,1,2,1,随便听听吧！主要看考试。。。。
53987,1592,闻继威,2017-06-28 07:05:30,2,3,1,不知道怎么给的分，签到一次没落考试大题全写出最后2.4呵呵呵呵
54075,1592,闻继威,2017-06-28 11:26:34,1,2,1,有些言论是挺有趣的，但最后出分感觉有点莫名其妙，上课都去，自我感觉时事和思考题能背的都背了，也都写了，只有3.0
54515,1592,闻继威,2017-06-29 13:00:23,1,2,1,哼绩点超低，比其他老师低好多哼╭(╯^╰)╮
56146,1592,闻继威,2017-07-03 06:50:33,1,1,0,老师其实还好，稍有点口音。签到是每节都有的，建议都去。讲真形策没怎么听，老师也不太管，蛮多人写别科作业。复习的时候好好准备吧。
75884,1592,闻继威,2018-03-21 02:01:30,2,2,0,上课学两样东西:新闻和方言
76275,1592,闻继威,2018-04-01 11:55:36,1,1,0,精彩?
80810,1592,闻继威,2018-07-13 11:29:14,2,2,0,给分真的坑
83327,1592,闻继威,2018-07-10 06:04:06,1,1,0,还行，口音与实例结合，当天生日的同学一点要去，多半会点到回答问题
83335,1592,闻继威,2018-07-10 06:55:32,1,1,0,还可以
93806,1592,闻继威,2019-01-14 01:11:06,1,1,0,nice
111780,1592,闻继威,2019-07-02 22:43:49,1,1,0,作业做得超认真，每节课都签到，每节课都来，可能因为考试没有好好背，最后分数略低。但是没有觉得老师有什么大问题，给了十分。
111815,1592,闻继威,2019-07-03 00:01:12,2,4,2,考试准备一下午就4.8 助教太棒了吧
111816,1592,闻继威,2019-07-03 00:03:17,1,1,0,考试好好背了，每节课都去最后只有3.0？？？
111864,1592,闻继威,2019-07-03 01:32:05,2,3,1,被大绩杀了，无语，自以为自己没有做什么：不合适的
111869,1592,闻继威,2019-07-03 01:39:11,0,1,1,无理由绩杀。。。
111917,1592,闻继威,2019-07-03 02:38:35,0,1,1,签到次次签，寒假作业也做了，虽然不知道期末考的怎么样但还自认爱党爱国爱人民，被2.4绩杀。（虽然我知道这课就是这样但是期末考试还是让我做这种题做的反胃）
22418,1692,程玉申,2016-03-09 06:22:03,0,0,0,程老师的英语小课堂……
23751,1692,程玉申,2016-04-14 13:33:51,1,1,0,知识面广得令人害怕
25394,1692,程玉申,2016-06-12 01:04:30,2,3,1,神棍。讲的知识跟不上时代。
27502,1692,程玉申,2016-07-04 15:22:50,3,3,0,给分啊...给分神坑
54533,1692,程玉申,2017-06-29 14:06:52,0,0,0,老师很能讲，蛮负责的\n\n
56412,1692,程玉申,2019-07-10 11:33:17,0,0,0,还行吧，4.5估计是经济地理的最高分了，考试非常死板，老师也很会胖天。上完课没什么感觉。
83087,1692,程玉申,2018-07-09 15:50:39,1,1,0,上课会胡吹，虽然有些东西还是有道理的，感觉老师不搞学术很久了，考试死板，给分巨差。不懂怎么给的分。
114534,1692,程玉申,2019-07-10 11:34:20,2,2,0,给分超严格，给前面4.5dl 点个举报
126139,1692,程玉申,2020-09-18 05:54:34,0,0,0,很离谱
35262,1752,沈晓华,2016-11-07 12:11:52,0,1,1,地球科学概论课讲得最好的老师
38288,1752,沈晓华,2016-11-29 08:05:37,0,1,1,挺萌的老师…
45825,1752,沈晓华,2017-01-20 06:49:32,1,2,1,超棒的老师啊～
64509,1752,沈晓华,2017-12-24 18:51:40,-13,3,16,神了，上课就是自己玩，根本不关心学生有没有听懂。绩点呵呵哒
80632,1752,沈晓华,2018-06-28 14:03:15,0,0,0,老师人超级好！上课讲的很清晰！还会讲许多野外实习的有趣的事情！感觉上课很充实！给分超级好！谢谢老师！
80746,1752,沈晓华,2018-06-30 08:00:00,10,10,0,老师人很和蔼，课也讲得非常好！
80879,1752,沈晓华,2018-07-02 08:33:39,0,0,0,知识很渊博
81235,1752,沈晓华,2018-07-04 11:31:15,1,3,2,emmm……作为一名理科生而且专业完全无关说真的听的有点懵，但这并不妨碍老师讲的好吖，老师人挺和蔼有趣的。作为一门通识课，学分3.5挺好的，绩点也不错。考试题论述加画图，画图平时会练，论述题需一定的理解。
82203,1752,沈晓华,2018-07-07 11:29:15,-1,0,1,沈老师上课思路清晰，上好，知识渊博！
82602,1752,沈晓华,2018-07-08 16:21:27,3,5,2,稳稳稳
82603,1752,沈晓华,2018-07-08 16:21:40,1,2,1,贼棒。
110799,1752,沈晓华,2019-06-28 08:43:19,1,2,1,PPT都是干货，都是考点
110897,1752,沈晓华,2019-06-28 13:23:20,0,2,2,上课自修不点名 期末开卷 论文ctrl cv\n\n遥感物理基础均绩4.2+ 人人值得拥有
137756,1752,沈晓华,2021-07-06 03:47:07,0,0,0,构造地质，很不错，就是后面有点难了，老师也没讲清楚。
144027,1752,沈晓华,2021-12-16 06:57:08,-5,1,6,给老师发消息问问题也不回，作业明明也认真完成了，给的分还是很低，职规课也没什么意思
155785,1752,沈晓华,2022-06-16 02:56:12,1,2,1,构造地质，我是大气的而且高中没选地理基础很差也基本能听得懂，课后作业有点难但课上会讨论讲解就还好，最后考试偏理解不偏概念，打分很好，有兴趣速冲~
183137,1752,沈晓华,2023-11-22 10:56:59,2,2,0,老师人还可以，但是给分是真的差
183168,1752,沈晓华,2023-11-22 13:10:12,1,1,0,人是好人但是事情真的多，给分不太好，认真完成任务分还没其他摆烂的人高，，，
203086,1752,沈晓华,2024-11-25 05:45:43,1,1,0,职规课上的很烂，事多，给分差。慎选
59224,1767,刘仁义,2017-09-20 08:53:04,1,2,1,。。。
66302,1767,刘仁义,2018-01-15 03:19:14,3,3,0,太惨了\n\n
74464,1767,刘仁义,2018-02-26 15:34:41,0,0,0,..emm\n\n
96461,1767,刘仁义,2019-01-21 04:28:24,0,1,1,老师是挺好的，上课比学院其他老师强多了。但是给分与平时无关，上课还不如睡觉
120269,1767,刘仁义,2019-11-27 02:05:40,3,3,0,很喜欢点名
122252,1767,刘仁义,2020-02-21 05:33:41,0,1,1,好人。
163265,1767,刘仁义,2022-12-11 13:41:31,1,1,0,https://www.zhihu.com/question/59837103
170605,1767,刘仁义,2023-03-07 05:43:52,1,1,0,https://www.yankong.org/review?professor=c03791a194ad9167e8b058ea631cba23448a5d6a
195985,1767,刘仁义,2024-07-01 04:03:31,16,16,0,dzh是它大儿子，wss是它二儿子；zf是它大女儿；华为是它爷爷，阿里是它奶奶。\n\n点名是生活，拖课是兴趣，扯淡是工作。
195986,1767,刘仁义,2024-07-01 04:06:28,1,1,0,what can I say
196046,1767,刘仁义,2024-07-01 09:36:34,2,2,0,别拖堂了。。。小学期还拖啊
196049,1767,刘仁义,2024-07-01 09:48:22,3,3,0,还在拖堂 妈的讲你那些没b用吹的牛 还在吹
196051,1767,刘仁义,2024-07-01 09:50:51,1,1,0,废话太多
25202,1882,张丰,2016-05-08 01:28:16,-10,6,16,gis程序设计，上课气氛有点诡异。。。经常几节课下来让同学自己写代码什么都不说。。。美丽的助教学姐还是很热心温柔的。。。上课环境不错，教室有阳台\n\n
51531,1882,张丰,2017-06-07 03:17:21,5,6,1,最不喜欢的老师...
59225,1882,张丰,2017-09-20 08:53:46,2,2,0,。。。
83398,1882,张丰,2018-07-10 08:01:22,-18,2,20,美女老师
85070,1882,张丰,2018-07-15 08:32:39,-17,3,20,女神老师
85072,1882,张丰,2018-07-15 08:33:53,-17,0,17,人很好
105604,1882,张丰,2019-04-17 05:58:28,7,8,1,GIS程序设计上的很迷，不知道该干什么
114343,1882,张丰,2019-07-09 23:14:42,-27,5,32,gis亲妈妈，美女老师，
155120,1882,张丰,2022-06-08 12:30:06,6,6,0,讲课水平感觉不太行，凌乱无章，有待提高，考试背ppt很无语
157917,1882,张丰,2022-06-25 14:32:29,-6,2,8,emm
158618,1882,张丰,2022-06-30 18:30:17,5,6,1,只能说越早跑路越好，太哈人
163184,1882,张丰,2022-12-09 06:43:19,10,16,6,https://www.zhihu.com/question/59837103\n\nhttps://www.yankong.org/review?professor=286cb023280dcafd02305dd0b0d59ee495168295\n\n自己看
215380,1882,张丰,2025-02-25 14:20:07,-16,1,17,人很好
218173,1882,张丰,2025-04-29 14:06:10,44,48,4,【地球科学大数据】：一门逆天sb答辩大水课\n\n这种答辩课还当宝贝似的，同样的算法从大一讲到大三，培养方案都烂完了（地信这种答辩课太多了），一个专业需要三个这么多学分的sb短学期实习来填充，可想而知。\n\n搞个7、8个助教的助教天团，不知道的还以为走秀呢，居然还有大四的，我不觉得他们有什么水平和资格来指导，就是硬凑人头，自己连个本科毕设都没做完，我请问他们自己懂个鸡毛不？\n\n知道自己上课科研水平烂去计院舔个老师来上（挺好有自知之明），本意是好的，结果照样上的一塌糊涂。把一门本来是很重要的专业课上成ai讲座，张口闭口就是openai，奥特曼，何凯明，大模型的，搞得乱七八糟，我请问一个地学的本科生搞什么大模型？再说你地科院最得意的200张A800呢？怎么我们一张都没看到？还搞什么百度aistudio，充A币，我A个大头鬼，导入个包导个2分钟。说什么为了方便使用深度学习环境，难道自己在本地配环境不是才是问题最多，最需要手把手教的吗，讲讲这种泛泛的概念谁不知道\n\n地信的同学上这种课纯纯浪费时间，绝大部分内容都是学过的，还每次猥猥琐琐的转过来看来了多少学生，想着3分钟限时雷达点名为难学生。\n\n布置那种无聊的答辩作业就算了，说什么鼓励用ai，都tm是ai写的，打你妈的分，是想看看谁用的ai能力更强、版本更高吗？作业给分还跟shit一样。就tm一个卷积、全连接还要写什么文字总结，总结你妈。\n\n说实话上这课就是小丑，我但凡再来一次就吃屎，花了360块钱找罪受，这是我大学上到现在最反感最讨厌的课了。\n\n我希望张丰老师好好改革一下gis的培养模式，讲的难听一点，浙大地信真的太烂了，完全没有本科生培养体系，整体科研氛围也比计院差远了，这群搞gis的比技术比不过搞cs的，比地理素养也比不过大气地质的，真不知道gis还会什么
219042,1882,张丰,2025-06-19 13:11:50,34,38,4,大数据是我见过最傻逼最唐的课没有之一，上完这课感觉lj和llz都变慈祥了\n\n傻逼牛魔大数据，弱智百度死丢丢，狗屎\n\n怎么期末还要布置大作业写报告啊，真的是傻逼吧\n\n临时更改期末考形式，改成半开卷6666，明年是不是要闭卷了hhh\n\n从老师助教到作业考试全tm是傻逼
219597,1882,张丰,2025-05-31 04:00:52,14,16,2,尼玛的狗屎期末最后一周突然布置大作业，强迫人家用这个劣质小平台，还要写报告，神经病吧。考试也改成半开卷，真的太恶心了
219784,1882,张丰,2025-06-06 04:27:19,16,19,3,傻逼平台，还他妈打回报告\n\n一个gis应用开发全是bug的平台写nm报告
220586,1882,张丰,2025-06-18 15:56:03,10,13,3,脑瘫大数据啊 期末周一天一门考试还要写这个b大作业 这大作业有什么意义呢 跟着那个弱智教程截一张又一张图 我请问我是刚上大学吗
220589,1882,张丰,2025-06-18 16:13:06,4,7,3,艾斯比
220729,1882,张丰,2025-06-19 10:55:07,-6,11,17,评论区跳脚的连助教也一起骂真闹麻了，老博小硕被呼来喝去还得挨学生一顿骂回家一看真是天都塌了，地科院学生难道这点素质没有？
220879,1882,张丰,2025-06-20 09:01:04,0,7,7,确实是烂课，但助教也是无辜被拉来做牛马的啊，大家不要搞错矛头的对象了。
220917,1882,张丰,2025-06-20 10:39:25,3,5,2,。。。
221598,1882,张丰,2025-06-25 01:17:49,5,5,0,上个3S短学期实践，来了16个助教，我真是服了，这么多个助教也没见得有什么用呀，有这个时间耗费那么多人力，不如好好改革一下课程
222050,1882,张丰,2025-06-29 07:32:19,7,7,0,看到学弟学妹们的评价，我也来说两句。\n\n地科某国优计划（师范双学位）学生，现任GIS应用开发助教（熟悉的应该能猜到我是谁）。\n\n保研之后跟张丰说想要尽我所能改变一下浙大GIS本科课程教学，比如尽可能让同学们能在课程中真正学到一些新知识，提升面向科研和就业的实践能力，同时避免无意义的讲座式的课程和浪费时间的水课，不要一些东西一直扯来扯去或者炒冷饭然后把所有重点塞到一门GIS应用开发里去，张丰给我的回复是：她不想要国优计划的学生
222052,1882,张丰,2025-06-29 08:20:59,7,7,0,【3S集成综合实践】：一门逆天sb给张丰老师打黑工的恶心课（没错，我又来喷了，实在看不下去了）\n\n你确定GIS大三暑假这个短学期所谓的3S实践是地科院的正经课程吗？我看这几个选题完全没看出半点3S的影子，我看就一个纯纯的CS吧\n\n每次教室里助教快比学生多我就不说了，“强大的导师、助教团队”？这话说出来不是纯小丑吗🤡纯招笑啊\n\n你确定你给的这几个选题大家都感兴趣吗，或者我感兴趣的能选到吗？为什么不能自由定选题，一定要做你给的？我现在非常怀疑你是不是想让我们花钱给你打白工，你自己和研究生的无聊逆天idea强加给学生做，还限制每隔3天汇报，这不就是硬把学生绑在学校给你打工？就算我做出来了，idea是你的，我能一作吗？甚至开学之后才汇报，你是想把大家整个暑假的时间都占用吗，我请问？\n\n你知道你搞三个短学期给部分同学造成多大的麻烦？假期时间宝贵，如果有人要准备考研、出国、实习、暑研，就完全被这短学期卡死了\n\n话说回来，你是 “地球科学学院” 的老师对吧，我不否认现在人工智能特别火特很重要，但你确定地科院的老师一头扎进纯计算机卷的浪潮中是对的吗？你看看现在顶会每年投稿量多少？你也想去卷？你的选题介绍还nips、icml，你是想让你的学生对标ccfa的工作还是怎么着，你确定你能卷的过cs的人吗？你有完整的培养体系吗？一个地理方面的老师不好好做地理相关的研究，天天卷cs的热点技术方法，你这样为什么不去计算机学院当老师，要留在地科院恶心别人？你看现在纯自然地理和人文地理的老师还有没有出路。\n\n多的不说了，张丰老师就是地科院大数据派的带头人，纯纯的想CS化！
222053,1882,张丰,2025-06-29 08:23:14,3,3,0,【3S集成综合实践】：一门逆天sb给张丰老师打黑工的恶心课（没错，我又来喷了，实在看不下去了）\n\n你确定GIS大三暑假这个短学期所谓的3S实践是地科院的正经课程吗？我看这几个选题完全没看出半点3S的影子，我看就一个纯纯的CS吧\n\n每次教室里助教快比学生多我就不说了，“强大的导师、助教团队”？这话说出来不是纯小丑吗🤡纯招笑啊\n\n你确定你给的这几个选题大家都感兴趣吗，或者我感兴趣的能选到吗？为什么不能自由定选题，一定要做你给的？我现在非常怀疑你是不是想让我们花钱给你打白工，你自己和研究生的无聊逆天idea强加给学生做，还限制每隔3天汇报，这不就是硬把学生绑在学校给你打工？就算我做出来了，idea是你的，我能一作吗？甚至开学之后才汇报，你是想把大家整个暑假的时间都占用吗，我请问？\n\n你知道你搞三个短学期给部分同学造成多大的麻烦？假期时间宝贵，如果有人要准备考研、出国、实习、暑研，就完全被这短学期卡死了\n\n话说回来，你是 “地球科学学院” 的老师对吧，我不否认现在人工智能特别火特很重要，但你确定地科院的老师一头扎进纯计算机卷的浪潮中是对的吗？你看看现在顶会每年投稿量多少？你也想去卷？你的选题介绍还nips、icml，你是想让你的学生对标ccfa的工作还是怎么着，你确定你能卷的过cs的人吗？你有完整的培养体系吗？一个地理方面的老师不好好做地理相关的研究，天天卷cs的热点技术方法，你这样为什么不去计算机学院当老师，要留在地科院恶心别人？你看现在纯自然地理和人文地理的老师还有没有出路。\n\n多的不说了，张丰老师就是地科院大数据派的带头人，纯纯的想CS化！
222054,1882,张丰,2025-06-29 08:27:56,1,1,0,。。。
222055,1882,张丰,2025-06-29 08:34:55,1,1,0,。。。
7664,1960,陈汉林,2015-09-15 07:52:14,10,11,1,我永远记得跑野外，让我踩着他的鞋子在陡峭的坡上下去
38287,1960,陈汉林,2016-11-29 08:05:03,1,2,1,地科的院长？
171624,1960,陈汉林,2023-03-30 08:50:43,1,1,0,陈老师特别亲切，水平特别高，爱了爱了
221567,1960,陈汉林,2025-06-24 14:16:47,2,2,0,陈老师上课还是很认真的，学术水平也高，不过会有一些无聊，如果不是特别感兴趣的话。另外出分真的好慢...
123200,2165,吴宏海,2020-05-19 06:28:26,3,5,2,感觉水平是有的，但是教学不上心，不了解学生的水平，上课没有计划
124620,2165,吴宏海,2020-07-04 03:13:45,9,10,1,19-20春夏GIS程序设计\n\n包括但不限于：\n\n1、线上上课睡着打呼，直播呼噜声\n\n2、本科生院调课不知道，直接把课旷了\n\n3、上课不备课，除了上课时间不会看你的平时作业，导致期末大作业占比100%\n\n4、期末顶着10天内出分的ddl看大作业，分数全给86-88，没有任何差距（包括组内和组间）\n\n5、lx说
128426,2165,吴宏海,2020-12-23 01:14:50,0,0,0,...
136646,2165,吴宏海,2021-06-22 11:07:06,5,5,0,20-21GIS程序设计。\n\n平时上课没有条理，盲猜没有非常明确的教学计划：同学问git怎么使用就真的花一个下午讲git怎么操作😅\n\n平时作业不检查，距离考试周前三周大作业的具体要求还在变化，钉钉问老师事情概率掉落回复\n\n最后吐槽一下课程设置，一个要求C#编程的课程什么提前预习都没有就赶鸭子上架编程序，专业课程编排也是够跳跃的😓
137667,2165,吴宏海,2021-07-05 13:53:05,3,3,0,这课上的是真离谱，讲个期末考范围和题型还和谜语人一样😅
139839,2165,吴宏海,2021-07-31 05:45:02,0,0,0,思路还是正确的，但是没学C#，会有点跟不上
158040,2165,吴宏海,2022-06-26 11:32:53,2,2,0,如果whh或者wss让你们从零开始写前端，联系邮箱zzzzzhong1@sina.com，给学弟学妹们提供一些html入门资源。
7121,2245,林舟,2015-09-15 13:26:28,-2,2,4,老师温柔水水哒
9041,2245,林舟,2015-10-11 08:17:57,8,12,4,很温柔，但是上课真的很水，没讲出什么东西。作业有点烦。
14072,2245,林舟,2016-01-04 05:54:59,0,2,2,老师很可爱，但是老是满嘴跑火车……
15293,2245,林舟,2016-01-13 11:19:07,-2,0,2,还好吧，很温柔
20189,2245,林舟,2016-01-26 12:57:14,3,3,0,。。。
20234,2245,林舟,2016-01-26 15:33:20,3,4,1,老师上课真的有点无聊啊。。。听不进去，考试前背的好辛苦，给分也不好的说。。。
20284,2245,林舟,2016-01-27 02:40:51,-2,1,3,给分……还可以
25206,2245,林舟,2016-05-08 06:08:03,0,3,3,上课不太有趣。。。给6分吧，考试可以带一张手写a5纸，经常有体力活的作业
34396,2245,林舟,2017-01-15 08:49:04,-1,0,1,温柔细心，很耐心地解答问题
41500,2245,林舟,2017-01-12 05:17:55,2,4,2,老师人很温柔 平时上课还好吧 考前得认真背
45163,2245,林舟,2017-01-19 05:30:23,0,5,5,老师很温柔，上课也还行，就是期末要背的东西实在有点多，比较辛苦，给分也不是太好。不推荐修个性，不推荐修个性，不推荐修个性，十五字...
48494,2245,林舟,2017-03-06 05:49:08,15,25,10,林老师不行。误人子弟。\n\n不是黑她，人不错，就是水平太差
54443,2245,林舟,2017-06-29 10:13:38,2,2,0,讲课确实念PPT 不过老师人很软很温柔 考试好好背了就给分好
56168,2245,林舟,2017-07-03 07:19:34,-1,0,1,老师真得很温柔，柔声细语的。可能因为内容量太大吧，所以基本上也就是读ppt 迅速翻过去。老师很认真的哟，也会分享她的一些科研内容，让我们了解，可绝不是一些老师的那种夸夸其谈。16至17夏学期上的无期中考，闭卷，复习量还是有些大。
75554,2245,林舟,2018-03-13 07:26:46,5,6,1,有些细节的讲述不尽准确
84892,2245,林舟,2018-07-14 08:25:23,1,1,0,老师快点出分吧 早死早超生
85233,2245,林舟,2018-07-16 09:27:20,-1,2,3,老师很温油啊 期末提纲也很有用\n\n好好背就行?  地理文学素养很重要?
85255,2245,林舟,2018-07-16 14:07:45,0,0,0,期末按照提纲好好背就行。老师的PPT都是自己制作的，很多内容书上都没有，可以说非常用心了。
85281,2245,林舟,2018-07-16 17:01:23,0,0,0,期末会划重点，上课不认真的话会有点水，给分很好，拯救了我的绩点
86802,2245,林舟,2018-09-19 01:41:21,1,1,0,期末划重点，不错，给分蛮好的
86865,2245,林舟,2018-09-19 06:24:57,1,1,0,。。。
112657,2245,林舟,2019-07-04 23:47:14,-1,2,3,讲课水平一般，不过这个课程确实很难讲得有趣。经常喷麦。小作业有四五次，也不算很多。期末会给重点，按重点背的话考试差不多了，有地理基础的话会轻松很多。个人感觉给分不错。
112677,2245,林舟,2019-07-05 00:13:32,-2,2,4,老师人很温柔的，作为外专业同学是感兴趣来听自然地理学。这个课干货很多的，讲清楚了高中很多不是很明白的内容? 还是很棒的~
112949,2245,林舟,2019-07-05 14:46:44,2,3,1,林老师超级温柔有点可爱的哈哈哈哈 期末会画重点der 题目很多上课讲过的 认真听绝对没问题的！
115078,2245,林舟,2019-07-15 07:31:12,3,6,3,诶我真的真的太喜欢她了，喜欢到可以陪她一起喝农药233
124862,2245,林舟,2020-07-14 01:45:38,3,3,0,给分还行 但是上课质量不高，建议自己看书，不给ppt但有复习提纲
170736,2245,林舟,2023-03-09 02:13:35,3,4,1,温柔确实温柔，上课一言难尽，照着ppt念，很多地理常识给人感觉并不是很了解，没法深入，只能靠看书
178315,2245,林舟,2023-07-10 03:38:34,1,1,0,给分真的好，老师很温柔
178372,2245,林舟,2023-07-11 05:02:47,1,1,0,只要期末认真背 分数应该挺不错的\n\n班里一半人总评90以上
178373,2245,林舟,2023-07-11 05:02:48,1,1,0,只要期末认真背 分数应该挺不错的\n\n班里一半人总评90以上
194452,2245,林舟,2024-06-24 03:51:32,-1,1,2,超级温柔:)
197538,2245,林舟,2024-07-18 05:47:31,0,1,1,卡绩了，但还是好老师
205791,2245,林舟,2024-12-12 04:06:41,0,0,0,...
215489,2245,林舟,2025-02-27 01:35:20,3,3,0,什么都没讲清楚，上过地理的不用听，没上过地理的也不用听
3968,2341,李小凡,2015-06-17 11:25:27,0,0,0,挺好的
33556,2341,李小凡,2016-09-20 05:47:26,0,0,0,好好好
158384,2341,李小凡,2022-06-29 01:59:07,1,1,0,大气探索课上老师给我们将了三节课的内容，全英文授课，由浅入深，语速适中，感觉是个好老师。
193444,2341,李小凡,2024-06-11 04:01:39,4,4,0,李老师的最后一届，老师非常好，一切为了学生，打分都向着学生，真正地向着大学应该培养的人才来培养学生。虽然李老师要退休了，可能现在打分也对后来的同学起不到作用，但是仍然想在这里表达对李老师的感谢，我从您那儿学到的治学的精神，我愿一直延续。
57485,2457,金平斌,2017-07-08 15:25:55,1,1,0,旅游规划，上课循规蹈矩按书本来，平时两篇论文一次挺水的期末考试… 成绩不会太差但是感觉非专业成绩也不会太好??‍♂️
57594,2457,金平斌,2017-07-10 09:42:20,0,0,0,旅游规划上课比较水 两篇论文期末开卷考 任务量还可以 比较适合做个性吧 给分可能偏专业同学一点
115960,2457,金平斌,2019-08-27 05:44:42,0,0,0,hhh
117753,2457,金平斌,2019-09-30 07:49:21,0,0,0,不想说
117754,2457,金平斌,2019-09-30 07:50:32,0,0,0,可能是我听过的讲的最“好”的一位老师了吧
118043,2457,金平斌,2019-10-19 07:51:47,8,10,2,请问这个老师是上旅游地学与国家公园学概论的那位老师吗？？如果是的话，我什么都不想说，大家为所有选上这么课的同学点香
118893,2457,金平斌,2019-11-07 11:38:11,2,2,0,上课很无聊，感觉课堂气氛有点沉闷，而且是下午678节课，更让人昏昏欲睡了
120332,2457,金平斌,2019-11-28 16:41:56,-1,1,2,旅游地学与国家公园学概论，作业多但给分非常好，不过毕竟是科技创新，作业多但难度是可以接受的，平时上课就是PPT欣赏。总之非常推荐上这门课，想要高分的积极当课代表或者经常发言吧。
121432,2457,金平斌,2019-12-16 06:52:31,6,6,0,来给上旅游地学与国家公园概论的同学上香
139599,2457,金平斌,2021-07-18 04:57:51,10,10,0,地理认知实习的兄弟们大家还好吗？
141583,2457,金平斌,2021-10-15 15:06:47,7,7,0,无语住了，专业面试重要还是你一门课重要？？？什么叫真心想学习就必须客服困难来参加？老师安排校外实习确实很辛苦，但这不是你说“想混学分的也就罢了”的理由。我是因为专业面试不得不请假，这是关于我人生的东西好吗谢谢。
143520,2457,金平斌,2021-11-26 03:23:31,4,4,0,作业太多了，还被绩杀了，不过喜欢地理的朋友可以考虑
143593,2457,金平斌,2021-11-28 08:00:33,4,4,0,专业面试那个说到我心坎上了
176403,2457,金平斌,2023-06-28 17:32:12,2,2,0,无语死了，作业认真做了，旅游规划书写了十几页，上课也有做笔记，考试开卷也都翻到了，出分贼低，绩杀我一学期的努力，真的无语，再也不想见他
176404,2457,金平斌,2023-06-28 18:12:41,0,0,0,旅游规划大数据 外专业慎选 给分不好
34011,2458,范今朝,2016-09-26 00:04:31,-5,2,7,泛泛而谈。
50168,2458,范今朝,2017-04-30 13:48:58,1,3,2,老师很好，有责任感也很有耐心。。。不过，可能是课程安排的问题 觉得干货有限。。。上课没怎么听 考前稍微背了重点 最后给分还行
71808,2458,范今朝,2018-01-29 03:27:59,8,10,2,老师很不错的，看得出是学识很渊博的人 ，性格也很温和。
93321,2458,范今朝,2019-01-09 13:18:12,-13,5,18,表面和善，给分极差
139658,2458,范今朝,2021-07-19 13:23:46,-11,5,16,不咋的，适合去人文学院，不适合给GIS的学生上课。时代在向前发展，技术在不断更迭，老是拘泥于历史的细节已经不是学科的重点了。
167973,2458,范今朝,2023-01-21 02:57:50,4,5,1,作业好多
183503,2458,范今朝,2023-11-27 02:29:54,4,4,0,老师学识渊博，人很和善，讲课技术还可以。可惜没多少人选他的课，可能是因为历史地理学比较冷门吧
201499,2458,范今朝,2024-11-04 02:29:10,3,3,0,一个让人自我介绍会说谢谢、下课后会自己把黑板擦干净的老师，真正的学者风范
208802,2458,范今朝,2025-01-02 05:30:18,5,5,0,不建议对历史地理学没有兴趣的GIS专业学生学习这门课。\n\n给分一般，比较求是，期末考是闭卷，平时作业也比较多。\n\n不得不说，范老师确实是好老师，学者风范令人折服，可惜我是为了选修学分而选的这门课，对历史实在没有兴趣。\n\n总之，如果你对历史地理有兴趣，并且空闲时间比较多，那我强推这门课；反之如果你只想水水学分，选修的list中有更好的选择。
210240,2458,范今朝,2025-01-14 08:55:36,5,5,0,第一次出现这样的情况：\n\n讨厌一门课，但是不是因为讨厌这位老师...\n\n老师人真挺好的，但是课程确实跟专业相差有点大\n\n而且平时分已经扣烂了..\n\n现在在想要不要缓考算了\n\n\n\n\n\n出分了 比预期好多了 估计是被老范捞了\n\n还是那句话 对历史有兴趣的来选！毕竟是我们地科院祖师级别老师的弟子
220744,2458,范今朝,2025-06-19 12:54:48,1,1,0,绩杀！！！！！！！！！
17868,2563,谭季青,2016-01-21 03:09:24,1,3,2,炒鸡有个性的老师
141158,2563,谭季青,2021-09-25 03:14:34,2,3,1,老师不备课，课都给学生备了，鸡汤达人，每周ddl学生扛不住。数理基础要求很高的专业课难道不是需要老师来引导吗？学生自己pre还不追求逻辑顺序，上课的意义只剩完成任务了，形式主义的后果就是收获寥寥，多的时间讲些天花板似的观点也并不适合基础课。感觉老师就是为了上课而上课，责任都推给了学生，学习全靠自学，大家很压抑也没有享受到所谓的某高逼格方法的乐趣，大气科学专业课的讲师安排应该好好整顿整顿。
141202,2563,谭季青,2021-09-26 06:09:29,0,0,0,老师不备课，课都给学生备了，鸡汤达人，每周 ddl 学生扛不住。数理基础要求很高的专业课难道不是需要老师来提供指引吗?让学生自己 pre 还不追求逻辑顺序，上课的意义只剩完成任务了，形式主义的后果就是收获寥寥，多的时间讲些天花板似的观点也并不适合基础课。感觉老师就是为了上课而上课，责任都推给了学生，学习全靠自学，大家很压抑也没有享受到所谓的某高逼格方法的乐趣，大气科学专业课的讲师安排应该好好整顿整顿。
41547,2633,孙永革,2017-01-12 07:25:44,0,0,0,老师很有趣哈哈哈 海洋生物地球化学课很有趣
42867,2633,孙永革,2017-01-15 10:11:43,1,2,1,有ppt展示和贼多的课程论文还有期末考 虽然期末考会给挺小的范围 但是...还是有新题....给分...唉和时间投入不成正比啊 虽然讲的知识很多～老师人也不错～能记住每个人的专业和名字～但是我觉得这门课很心累...
58745,2633,孙永革,2017-09-22 05:41:42,0,0,0,好难懂
200958,2633,孙永革,2024-10-25 11:41:40,1,1,0,有趣，但说实话东西太杂了很难记住，不过地化就这样，给分看他个人喜好，尽量乖一点做作业认真一点，投机取巧的话你绩点就没了（我是不懂这块，选来玩玩的）\n\n最后一句中性评价：你无敌了
211666,2633,孙永革,2025-01-12 06:27:31,0,0,0,慎选！事多超级多，给分求是，完全不看学生付出，只看有没有自己想要的东西，但是他具体想要什么呢……看不懂
212359,2633,孙永革,2025-01-14 02:09:21,-4,0,4,虽然我分数低，但依然打10分\n\n\n\n老孙给分极其求是，各部分多少分就是多少。而且事情比较多：作业+ppt汇报+报告。这在地科院是不讨学生喜的。\n\n所以如果你对绩点有比较高的期待且不希望花费过多时间，慎选。\n\n但如果你对绩点期待不高（低于4），对地球化学感点兴趣，我仍然十分推荐你选。\n\n课程的收获，不只在于分数与绩点，相信你在写完报告后会有体会。\n\n\n\n另外，如果这样一个实事求是认真备课的老师，评价<7分，那么我觉得我们基础教育的风气确实有问题。
212599,2633,孙永革,2025-01-14 10:02:16,3,3,0,如果你只想为了毕业为了学分，那么可以我劝你选地球化学，如果你对付出和结果有一点点的在意，不要选。地球化学，一门拥有作业、论文、展示以及期末考的课程，在你付出的大量时间之后，还可能因为老师的评价标准而获得你难以想象的成绩，我不懂老师的评价标准有多主观，但是我觉得他给分纯看心情，说什么如果不满意自己的成绩可以看看别人的报告对比，凭什么我要对比别人的报告然后觉得自己很差，难道我的进步不应该是在自己有限的能力范围内做的更好吗？很想开骂，但是觉得没必要，付出时间最多的课还不如遇到善良的老师，我的建议是别选，地球化学有很多很好的学习方式，不一定非要上这门课，真想上也可以放在大四......\n\n老师的上课，从个人角度来说，我认为没什么重点，老师整堂课都很有热情没错，那他到底讲了些什么呢？私以为一门好的课是有条理有思考有内容的，而我听了几节课就不愿意再听了，抓不到重点，不知道老师到底想说什么，还不如写一篇报告收获的多，个人感受，尊重个体差异。\n\n私以为本科生教学其实真的是一个基础性的教学过程，难道真的能通过一节课了解全部的地球化学吗？老师说自己不在意查老师的评分，尽管给他打低分，当他给打出那个分数的时候只会想着自己的正态，自己的评价标准，也不会想到他的一个分数毁掉了我一整个学期的努力。是呀，对他来说一点关系都没有，在当前的学制下，当然会对绩点格外关注，我的得分就是可以成为我给他评分的依据，对比于这学期所有的课程，在我的评价体系里，这门课就是最烂的，因为这个成绩确实让我所有的努力看起来白费，四学分的课，呵呵，这学期最后的事是选了地球化学，第二后悔的是期中没弃修，希望地球化学越来越好。
212630,2633,孙永革,2025-01-14 10:06:15,0,0,0,慎选…
9040,2701,王利军,2015-10-11 08:16:05,9,11,2,绝对的地图大师！可惜明年就退休了，以后的孩子没福气上他的课了
9051,2701,王利军,2015-10-11 14:11:54,17,19,2,传统地图学在我浙的绝唱。
9312,2701,王利军,2015-10-21 05:26:33,2,3,1,绝唱。
9707,2701,王利军,2015-11-05 02:08:31,7,8,1,有点口音，但讲课比较清楚，而且有很多课外的知识，收藏了很多地图，对传统地图有很深的感情。但马上就要退休了，不能上他的选修有点遗憾。
16111,2701,王利军,2016-01-17 08:26:24,2,2,0,感觉听着听着就听不清楚了~
19682,2701,王利军,2016-01-25 05:37:56,0,2,2,上课很好，最后一届了也不想说啥，最后这次考试太坑了，分数太差了。
20331,2701,王利军,2016-01-27 04:30:52,2,2,0,老师很爽朗，备课很认真。因为生活中都不用电脑，所以会写板书、带地图、准备自己写的对比图什么的。
20460,2701,王利军,2016-01-27 15:38:14,1,4,3,老师给分很好～地图大师没有之一！可惜退休了
23545,2701,王利军,2016-04-05 12:47:44,1,1,0,很好听
9486,2713,汪新,2015-11-04 00:04:17,2,3,1,虽然讲的慢会有点困，但是讲的挺好的，而且提前下课。
9616,2713,汪新,2015-11-03 02:58:02,2,3,1,讲得挺好的，认真听会觉得很生动，很有意思
33300,2713,汪新,2016-09-18 03:18:17,0,1,1,老师很温和，脾气很好，问问题、期末算我算分不对请老师帮忙改分都很耐心。
56730,2713,汪新,2017-07-04 12:45:00,2,2,0,老师很想带动气氛
154629,2844,肖安成,2022-06-02 13:55:04,3,3,0,沉积古地理课可以放心选哦，这个课唯一的缺点是内容有一点无聊，就是各种沉积相模式的介绍，容易睡着，其它就没什么缺点了，事情不多，分数极高，肖老师平时会吐槽你们作业写的烂，要给你们60分，但其实是鞭策你们一下，最后都给的很高的（来自大三的去年上课评价，给学弟学妹参考下）
47888,2853,朱扬明,2017-02-27 03:18:26,0,0,0,老师上课贼好了
17054,2920,徐亚梅,2016-01-19 13:57:37,1,2,1,听不懂
17871,2920,徐亚梅,2016-01-21 03:10:10,1,1,0,好老师。讲的超级好
174,2961,张霄宇,2015-03-14 16:24:52,-8,3,11,亲切\n\n
32354,2961,张霄宇,2016-09-21 00:33:50,-8,2,10,很和蔼
41241,2961,张霄宇,2017-01-10 07:29:11,-11,0,11,老师蛮好的，只是考试比较难，内容多，复习不完的
133604,2961,张霄宇,2021-03-02 16:14:50,5,7,2,并不怎么严谨唉
145652,2961,张霄宇,2021-12-31 02:44:30,-7,3,10,超级好！最后20分大题用来捞我们！
145655,2961,张霄宇,2021-12-31 02:57:45,-8,2,10,【地球化学】缺个性和跨专业的可以选地球化学！四分！事情少！老师好！今天考试最后二十分的大题就是用来捞我们的！人超级好啊！之前我们说这个课有所收获她就说每人加五分啊！秋冬学期开的！冲啊！我爱这个老师！她捞我们啊！
145743,2961,张霄宇,2022-01-01 08:14:23,-8,2,10,很好的老师，同期老师和她一比，一个地底，一个天上…
148895,2961,张霄宇,2022-01-14 01:50:43,9,10,1,绩杀_
148964,2961,张霄宇,2022-01-14 04:47:08,11,11,0,我地球化学分数比鲍学伟的地震学还低，你敢信
149777,2961,张霄宇,2022-01-17 02:54:16,6,7,1,这个老师是装得和蔼，但给分极其差，所以一定要谨慎上课，小心笑里藏刀。
150087,2961,张霄宇,2022-01-19 02:22:15,8,8,0,我也比地震学分数还低
151140,2961,张霄宇,2022-02-23 11:21:11,0,1,1,太棒了
152030,2961,张霄宇,2022-03-23 12:47:47,0,1,1,海洋科学与工程  与海洋二所的思想盛宴
152359,2961,张霄宇,2022-04-06 12:17:39,0,1,1,有个傻逼，跟老师唱戏 与其他人无关\n\ntmd傻逼骂多久都不为过 老师也傻逼是不是喜欢这样的傻逼tm这是上课啊卧槽泥马\n\n不知道这个人怎么想的 那你上去讲啊 傻逼
153665,2961,张霄宇,2022-05-07 08:50:54,1,1,0,老师人很好，也很有趣
33526,3052,王琛,2016-09-20 02:33:40,-9,1,10,我爱她的。\n\n
56408,3052,王琛,2017-07-03 16:02:27,-11,1,12,老师越看越耐看，很好
64825,3052,王琛,2017-12-27 09:05:05,-8,1,9,老师人很好，上课条理清晰，但是这个课一点也不水，论文考试加小组展示，一份努力一分收获。推荐感兴趣的同学去听。
133427,3052,王琛,2021-02-28 09:13:39,-7,1,8,王老师真的超级棒！
133605,3052,王琛,2021-03-02 16:17:28,2,2,0,任务很少，每节课都在耍手鸡
134670,3052,王琛,2021-04-08 05:45:46,10,13,3,每节课必点名。PpT很无聊诶都是课本上复制粘贴的。我觉得很没有条理，结构不清楚，上课像流水账
134709,3052,王琛,2021-04-11 10:12:36,11,15,4,热爱事无巨细分享自己中年妇女的家长里短。闭口不提自己本科硕士在哪读，终极热爱香港与美国。博士毕业都十多年了，上课却从不提自己的项目和科研经历。永远都是开会的美国城市，19年的北卡，和博士的香港。真的很好笑诶！博士毕业十年了！还在提自己的博士论文！在浙江大学当了十年老师就没做出点有意义的科研成果吗？多希望您的视野能开阔一些。
139402,3052,王琛,2021-07-15 07:31:23,0,2,2,城市地理学，讲课节奏很慢，ppt基本上是一本英文书里摘出来的，老师自行上课翻译+扩展。大多时间在分享自己的啥啥故事。老实说水了好久的手机。\n\n课程任务是一篇期末论文+期末考，最后的“划重点”其实就是把见过的所有知识点列一遍。内容是多的，但是也就背背就好了。\n\n每节课必点名。最后给分还不错吧！
150977,3052,王琛,2022-02-21 12:48:35,1,1,0,。。。
158039,3052,王琛,2022-06-26 11:43:55,2,4,2,联系邮箱分享城市地理学复习重点、复习笔记、2022年回忆卷。\n\n邮箱zzzzzhong1\n\n\n\n\n\n\n\n\n\n@sina.com
175118,3052,王琛,2023-06-21 15:17:17,0,1,1,出分好快！
195586,3052,王琛,2024-06-29 02:10:41,-2,1,3,上课水哉，处分快哉，分数高哉
197536,3052,王琛,2024-07-18 05:46:12,0,1,1,作业少，给分还不错。只是全英文有点坐牢
213727,3052,王琛,2025-01-19 09:51:27,4,5,1,人文地理学是最烂的课，我甚至不能称之为一门科学。上课也不知道在干嘛，纯纯浪费时间。
213729,3052,王琛,2025-01-19 10:28:48,4,4,0,人文地理学给分就是💩中💩哈，比隔壁地图学还傻逼，重点也不划期末还笑嘻嘻说卷子很简单，我真是cnm的傻逼老师
219548,3052,王琛,2025-05-29 13:09:43,0,0,0,上课水没什么不好。平时没作业，就一个课程论文，我觉得老师除了给分低之外挺好。
222004,3052,王琛,2025-06-28 13:36:33,0,0,0,城市地理学给分确实比人文地理学好很多...
4731,3065,欧阳安蛟,2015-06-27 01:52:39,1,3,2,简直想死
122664,3065,欧阳安蛟,2020-03-13 18:32:29,0,0,0,山猪...
193824,3104,陈生昌,2024-06-20 03:08:14,3,3,0,不错的老师，课硬核
216810,3104,陈生昌,2025-03-26 04:07:27,0,0,0,认真讲课，专业助学
33542,3107,田钢,2016-09-20 03:51:30,0,0,0,有趣幽默 可以学到很多 压力小 作业少 老师非常好相处
145054,3107,田钢,2021-12-27 05:46:56,-1,0,1,学得很开心 知道了很多东西
85805,3179,陈宁华,2018-08-15 01:21:58,-2,3,5,。。。
191788,3179,陈宁华,2024-04-30 07:13:23,5,5,0,修的遥感地学。对地质专业的偏爱有点明显。。。作业评分按照你的探索程度而不是是否正确……
194932,3179,陈宁华,2024-06-26 03:25:05,1,2,1,老师还是很不错的，个人感觉比地科院某些贵物负责任的多，作业会有分级难度，看个人情况选择。作业按你的态度。是否愿意为了解决一个问题下功夫，而不是一味只看结果。就是课程作业有点多，费时间，也没有作业教程，基本靠自己摸索，每节课上课会对上一节课作业做展示。好课！顺带骂一句llz🐶💩😅🤮
195176,3179,陈宁华,2024-06-27 04:56:37,2,3,1,被恶心到了，慎选
200960,3179,陈宁华,2024-10-25 11:50:51,1,2,1,主要是课程设计上地信和地质放到一块了，这是领导的锅啊。\n\n课上内容是讲原理，这部分还是好的，就是没有实操教学，得自己去摸索。\n\n给分是按态度和工作时长给的，这可能也是课程排布下最无奈的举措了。
218102,3179,陈宁华,2025-04-21 05:25:39,1,1,0,有点难评
218601,3179,陈宁华,2025-04-26 02:58:47,0,2,2,不要被这位老师的表象所迷惑，学术水平很低，学不到任何知识。千万不要报考他的研究生
16597,3345,冯友建,2016-01-18 13:04:18,4,5,1,上课千万别迟到！
33282,3345,冯友建,2016-09-23 00:22:58,2,2,0,你的鸡汤给高中高中生喝喝就好了。
50575,3345,冯友建,2017-05-03 15:19:39,1,1,0,不点名，但是会随时叫人出来参与话题? 并拿我们举例子，略好笑，学术技巧一般，实际应用可能还可以
70185,3345,冯友建,2018-01-26 08:04:53,0,0,0,很有意思
123160,3345,冯友建,2020-05-14 06:45:10,1,1,0,还好吧
171652,3345,冯友建,2023-03-31 02:26:56,1,1,0,别选……喜欢开一些非常无聊自以为很幽默的玩笑
191675,3345,冯友建,2024-04-27 12:00:52,3,3,0,房地产真有3.93哪？g都不选
191726,3345,冯友建,2024-04-29 04:43:56,0,0,0,由于选的人少，后面老师几乎会认识每一个人，上课前会点人数，会抽人回答上节课内容。考试名词解释和简答题体量很少（2+2），计算题计算量很大，需要按很久计算器，根本没时间检查。给分。。。烂烂的。。。
219235,3345,冯友建,2025-05-23 08:41:43,0,0,0,老师退休了
87376,3408,何光玉,2018-09-28 00:46:09,-3,3,6,十分无语
194071,3408,何光玉,2024-06-22 01:12:24,-1,0,1,老师对课堂纪律要求比较严格，但是最后考试给分都还是比较慈善的。好好听课问题不大
81065,3468,饶刚,2018-07-03 13:40:15,0,0,0,老师好像很照顾外专业的学妹?
86860,3468,饶刚,2018-09-19 06:06:13,0,0,0,老师真萌
22572,3494,吴磊,2016-03-08 05:41:10,4,9,5,我对地质老师老把跑野外的图扔出来骗人的行为表示鄙视以及羡慕。
23367,3494,吴磊,2016-03-27 10:39:27,1,3,2,大胖纸
25848,3494,吴磊,2016-06-12 01:08:59,3,8,5,讲的不错，不过我觉得有点不太负责。
154562,3494,吴磊,2022-06-02 06:47:19,2,3,1,人nice，对教学有热情
190398,3494,吴磊,2024-03-01 04:10:03,1,2,1,捞仔，不会讲课
194709,3494,吴磊,2024-06-25 04:28:45,0,1,1,给分真的好，目测班里几个人均绩点在3出头/(ㄒoㄒ)/~~
197251,3494,吴磊,2024-07-10 02:31:39,-1,0,1,讲的还可以，教学也很有耐心和热情，但是给分不友好，跟另一个班同类型的课几点差挺多的
200959,3494,吴磊,2024-10-25 11:46:31,0,0,0,自己设计课程体系不行，就按老的来，改的面目全非，构造的东西确实后面看文献补的，回想起来，东西是大概提到过的但当初讲的那是啥？没能力整理逻辑，就按经典教材来，不要好高骛远，教学和科研是两码事，擅长后者的人不一定擅长前者，不过这也是你浙老师的通病里
203220,3494,吴磊,2024-11-18 06:24:34,1,2,1,计算机系统唯一真史
203259,3494,吴磊,2024-11-18 12:58:54,0,1,1,（计院_计算机系统2）客观讲，感觉是很少quiz的，也没点名）\n\n但是讲的内容让人昏昏欲睡，和平行班比起来可能不太清楚。到课率也看得出。
24775,3513,谭超,2016-05-03 13:49:13,2,2,0,哦哦哦哦
85804,3677,程晓敢,2018-08-15 01:21:06,-1,0,1,。。。。
116173,3677,程晓敢,2019-09-05 13:04:09,0,0,0,老师知识很渊博 看着很严肃 实习带的还行 给分很一般，五级制
136302,3677,程晓敢,2021-06-16 03:05:52,0,1,1,我滴男神
70892,3778,林杰,2018-01-27 20:12:04,18,19,1,上课不认真准备，完全按照下载的英文ppt。上课水平太差，根本解释不清课程的内容。
71705,3778,林杰,2018-01-29 01:27:22,13,14,1,疯狂点名;三分靠打拼
71708,3778,林杰,2018-01-29 01:30:41,8,9,1,啥都没学到\n\n上课非常水\n\n给分还很差
72071,3778,林杰,2018-01-31 07:07:43,6,7,1,不知所云，不知所考
74463,3778,林杰,2018-02-26 15:32:45,2,4,2,。。。\n\n
76693,3778,林杰,2018-04-18 11:44:43,11,12,1,浪费时间，拉低绩点
76944,3778,林杰,2018-04-26 08:42:56,4,4,0,舒服死了
76979,3778,林杰,2018-04-27 03:11:59,23,30,7,我的天，真的三节课一点都不知道在讲什么，概念直接英文抛给你，屁屁踢也是神一般的存在…什么都没学到…
77757,3778,林杰,2018-05-07 14:43:25,1,1,0,151
79540,3778,林杰,2018-06-08 11:29:48,7,8,1,poly♂gon
79594,3778,林杰,2018-06-11 03:58:40,3,3,0,上课需要准备好翻译app
79774,3778,林杰,2018-06-13 12:25:05,3,4,1,完全听不懂的体验?
80251,3778,林杰,2018-06-23 05:38:35,0,1,1,有意思
81261,3778,林杰,2018-07-04 13:01:40,13,15,2,我不知道他是不是一个好的地理老师，但是他绝对不是一个好的英语老师。
83715,3778,林杰,2018-07-11 05:15:45,-23,5,28,学生学不会就怪老师，\n\n为什么不找找自身原因。\n\n老师站着讲三节课容易吗？\n\n我学不好，就是我英语太菜，不乖老师，只怪我自己。
84282,3778,林杰,2018-07-12 12:16:30,1,2,1,给分是真的感人 \n\n上课也是真的感人\n\n没什么好说的\n\n
88502,3778,林杰,2018-10-31 11:13:39,6,7,1,老师应该去师范学校学习一下，授课能力真的不行
88792,3778,林杰,2018-11-08 06:17:05,0,1,1,顶会都发过文章，可强了！
91765,3778,林杰,2018-12-19 15:00:31,1,2,1,...
93671,3778,林杰,2019-01-11 11:22:40,3,6,3,其实老师很可爱的 只要愿意和老师沟通 他还是有点东西的 虽然上课确实无聊的了一点...
93702,3778,林杰,2019-01-12 04:05:45,7,8,1,..老师自己操作都不熟练..也不能很流畅地解决学生的问题...本来挺感兴趣的一门..然后只能逼着自己自学..
98570,3778,林杰,2019-01-23 15:04:39,2,4,2,2.1..........哭晕了...自我感觉平时和考试都问题不大啊....
101400,3778,林杰,2019-01-28 06:51:26,2,5,3,we ♂ all ♂ love ♂polygon\n\ngood ♂luck
102769,3778,林杰,2019-02-22 15:31:07,-7,3,10,发现老师讲的还是很有用的！老师给分很好
120864,3778,林杰,2020-01-18 00:20:37,0,2,2,老师上课稀烂，给0分，还贼喜欢点名，上课内容很水，不过水了绩杀，总比不水还绩杀好，姑且再加一分
131310,3778,林杰,2021-01-27 04:56:03,17,23,6,最后93，4.8。\n\n其实一开始看查老师上的情况，我也是很慌的，因为有点绩点追求，所以对于成绩这方面还是很担心，再加上一部分优秀地信的学长学姐也反映地图学给分不好，更是有点雪上加霜。\n\n感觉不只是地图学，浙大的很多课程都会不可避免地遇到老师教的一般，给分不好的情况。在这种情况下，就会出现下面诸如“水了绩杀，不水也绩杀，还不如水水过了算了”的言论。但我不这样认为，当然很大程度也取决于大一一个好朋友C程老师2.0评分但是最终拿到满绩的故事给我了很大的启发。道理就是：每门课都有分数组成，对于C程，是PTA和考试。而对于地图学来说，就是平时的各种数字地图作业（25%），展示（15%）和最后的期末考试（60%）。要想拿到一个较为体面的成绩，每一个环节都是落下，态度要端正。尤其是最后一节课，老师会划重点，这节课一定要认真听，很多考试的内容都是老师当堂提到的内容（至少我们这一次是这样的，以后不确定），有必要的话还要看回放仔细推敲。\n\n其实我写下这篇评论不只是为了给后面的学弟学妹一些备考经验，而是说给你们一些信心（毕竟大多数的帖子都是挺消极的）遇到类似情况，不要慌张，尽自己最大的努力，一定能收获配的上自己努力的东西。用马原老师经常的引用的黑格尔的一句话结尾：人应先尊敬自己，然后自视能配得上最高尚的东西。
140913,3778,林杰,2021-09-17 16:40:55,-1,2,3,考试内容说话算话 平时作业步步指导 林杰yyds
141501,3778,林杰,2021-10-12 08:21:05,-3,2,5,林杰他真的好温柔 我真的哭死\n\n每个实验都一步步教你做 给分还不错
150326,3778,林杰,2022-01-22 13:02:43,1,1,0,…………
163103,3778,林杰,2022-12-07 09:01:39,9,9,0,内容陈旧，作业非常多，关键是感觉是没有意义的作业，费劲做完也没有半点成就感
166195,3778,林杰,2023-01-11 11:36:18,11,12,1,讲课水平实在有待提高，上课内容挺无趣的。。。。。。\n\n搞不懂为什么很多地科院老师都喜欢用英文ppt，但是英文水平实在不敢恭维。。。。。。
170559,3778,林杰,2023-03-06 12:49:02,-1,2,3,其实林老师已经是地科老师里面讲的不错的了，地图学和空间统计都学到了一点东西
181518,3778,林杰,2023-10-21 01:53:50,-5,0,5,是个好老师
182416,3778,林杰,2023-11-21 06:51:01,5,6,1,傻卵地科院为什么这么喜欢用英文PPT，搁这装宁马的B呢。本来讲得就够烂了，想自己看看PPT理解一下都不行了。教室里没有一个外国人，非得要用英语写PPT😅做点人事吧
183979,3778,林杰,2023-12-05 08:57:03,0,0,0,Qgis真难用
184010,3778,林杰,2023-12-06 06:28:31,0,0,0,唉真难蚌，事情真多又没感觉自己学到了什么东西，纯纯在做无用功
185319,3778,林杰,2023-12-28 01:23:28,1,1,0,室友:逆天林杰 一节课上两次演示 代码均出错 还让我们找哪里错了！到底谁是老师😅
185683,3778,林杰,2024-01-03 13:34:43,2,2,0,只能说一脉相承
185985,3778,林杰,2024-01-07 06:15:39,7,7,0,ppt全英文，我寻思着这也不也是双语教学的课来着，关键你英语就那么点破水准，你上课有必要用英文ppt吗？考试也是中文的，我要不用英语给你回答一下？？
186356,3778,林杰,2024-01-10 15:07:21,3,3,0,pyq里:地图学md一点都背不出来，英语这么烂还用英文ppt，事情又多还要考试，什么破课[无语]
186680,3778,林杰,2024-01-12 12:14:09,2,2,0,要不看看你期末考到底出的什么试卷\n\n😅好几百页纯英文PPT，提纲全得自己翻译整理，复习花费时间比其他所有课总和还多
187958,3778,林杰,2024-01-18 01:56:32,10,10,0,平时作业不批，到了期末你都不知道分扣在哪里，狠狠的绩杀你。
187960,3778,林杰,2024-01-18 02:00:41,3,4,1,地图学给分莫名其妙
187992,3778,林杰,2024-01-18 02:56:11,3,3,0,浪费时间期末又不画重点，没必要听课，课上把他那狗屎英语PPT翻译成中文，理一下，期末拿出来背背就行
188171,3778,林杰,2024-01-18 10:11:53,8,8,0,lj llz wb 本学期三幻神
188299,3778,林杰,2024-01-18 15:08:52,2,2,0,给分很差，滚
188830,3778,林杰,2024-01-20 06:25:11,5,5,0,地科院常见水准😅
188902,3778,林杰,2024-01-20 13:43:55,4,4,0,大家不要为难老师！因为我们做不出来的操作他也是真的不会😦\n\n\n\n还有就是，虽然学在浙大能看到平时分，但没有具体的得分情况也没有feedback，不知道怎么评的，且按比例看来没把点名算入平时分呢；期末考到的名词解释似乎大部分ppt上都没有明确说明，只能靠自己记住的和理解的写一些，是一场酣畅淋漓的写字比赛。\n\n\n\n（整个课上下来后感觉每次看到地图都ptsd了👿）
205603,3778,林杰,2024-12-10 05:16:00,2,2,0,无语了
205648,3778,林杰,2024-12-10 14:05:52,3,3,0,老师真可爱，刚想骂发现今天有人骂过了。
207466,3778,林杰,2024-12-22 05:37:37,9,9,0,虽然课还没上完，先骂为敬。\n\n上课是没什么干货的，PPT要搞英语的；软件是一点不教的，作业是每周都有的；作业步骤是漏洞百出的，解决方法是一点提不出来的。
207786,3778,林杰,2024-12-24 09:39:50,4,4,0,🍬😢🤪
207787,3778,林杰,2024-12-24 09:14:13,5,6,1,朝令夕改，提前考试又修改，英文PPT答辩一坨
207793,3778,林杰,2024-12-24 09:37:30,7,7,0,byd考前两天改考试时间是吧，课件是国外抄的，作业是国外抄的，自己是不会的
207868,3778,林杰,2024-12-24 15:13:04,4,4,0,助力收敛☺️
207875,3778,林杰,2025-01-08 13:09:18,5,6,1,答辩中的答辩
208070,3778,林杰,2024-12-25 12:34:06,4,4,0,作业给的步骤基本上没一个能用的。甚至考前两天会修改考试时间给同学们一个大大的惊喜。英文ppt更是不知所云
208811,3778,林杰,2025-01-02 07:22:21,2,2,0,💩💩💩
209750,3778,林杰,2025-01-07 03:12:20,2,2,0,纯纯艾斯比啊😄
209929,3778,林杰,2025-01-07 12:37:37,2,2,0,cnm
217719,3778,林杰,2025-04-15 12:48:37,0,2,2,说实话，给分还行
72264,3914,任浩然,2018-01-29 16:07:03,3,4,1,岩石物理学的谜之均绩。。。
135128,3914,任浩然,2021-05-01 23:04:53,1,2,1,好
139264,3914,任浩然,2021-07-14 01:58:13,1,2,1,很可爱，内容也还行
123143,3981,舒守娟,2020-05-12 17:47:19,1,3,2,不是，我们自己思考过还是没弄懂的问题为什么不讲？本身就是教材表述不清容易引起困惑的点啊，还说考试就考这个了？？？为什么很重要（个人觉得也是难点）的部分让我们自学不讲？自己讲课也讲不清楚，无语。
128500,3981,舒守娟,2020-12-23 11:34:09,0,0,0,同意楼上。老师讲天气学很有经验，但也仅限于讲课了。去年问她“为什么槽线是向左偏的”，她说是电脑画的，也有人是直着画，说明她也不了解槽的本质是风的切变，槽线是按照windbar画的这件事。
130659,3981,舒守娟,2021-01-24 06:24:28,0,0,0,可以的，老师人确实很好，而且给分也不错
154347,3981,舒守娟,2022-05-30 15:27:23,12,14,2,头一年地质学选修专业课可以选《大气物理和化学》\n\n感觉舒老师上课讲课挺清晰的，虽然一开始说会有小组展示和互评，最后其实都没有\n\n要我说吊打地质学专业课老师的教学
194249,3981,舒守娟,2024-06-23 01:28:55,0,0,0,出分了，感谢老师，上课很认真，讲得也很清楚
194343,3981,舒守娟,2024-06-23 09:29:39,0,0,0,很无语的课，很无语的老师，，，
200675,3981,舒守娟,2024-10-21 01:58:42,0,0,0,舒老师很好
80641,4043,李卫军,2018-06-29 00:28:33,2,3,1,呵呵呵呵
92463,4043,李卫军,2018-12-29 08:50:36,3,4,1,他讲课一言难尽，不是必修的同学建议不要来选，上课讲不明白，听着特别难受。
102764,4043,李卫军,2019-02-22 14:21:37,-5,3,8,很负责的老师 认真上课就有高分
112883,4043,李卫军,2019-07-05 08:40:27,-8,6,14,老师人巨好，大气探测我一外专业当个性修的，听课完全没压力，实验都很有趣，去气候站考察也很开心。就是期末复习有点紧张，知识点还挺多的。给分不错的，实验报告好好写，展示好好做，期末花了半天加一个通宵背书，最后绩点4.2\n\nPS小组成员超级可爱，太给力了叭，赞赞赞
113941,4043,李卫军,2019-07-08 01:50:11,9,9,0,老师人不错，业务水平不行。另外，助教问题很大，平时实验报告都是看字数的，要是想拿高分就鹅颈吧。
115365,4043,李卫军,2019-07-20 03:32:06,4,4,0,上课逻辑不行 平时分给的标准很迷 一个同学唯一一次实践课没去不扣分 而那一次我们全都五点多就起床赶校车去气象站 周日很多同学微积分补课结果回来太晚微积分课都翘了 平时分多看助教的实验报告给分 助教自己水平也不行 给分纯看字数 把课本知识全抄上去满满当当就给满分不知道标准何在 期末考试考的很浅 除了几个多选全部是主观题 老师改卷标准也不知道是什么 虽然上课不听考前看一遍书就能上4 但是这样的老师真心不能算作好老师
115366,4043,李卫军,2019-07-20 03:48:28,4,4,0,老师有点奇怪，很偏心。
115604,4043,李卫军,2019-08-08 05:21:52,4,5,1,没有任何气象专业知识，经常不懂装懂，还总是不停地讲人生大道理。
136133,4043,李卫军,2021-06-11 06:35:28,1,1,0,挺奇怪的一个老师，满无语的反正
155016,4043,李卫军,2022-06-07 12:35:14,5,6,1,老师人挺好，比较社牛，大气探测学这门课我认为老师讲的还是比较清楚的，这门课基本上讲的就是各个探测仪器的原理，最后还去观测站参观。好是挺好，但加深了我的就业焦虑（）
177888,4043,李卫军,2023-07-05 13:14:57,11,11,0,😁👍🏻你？，，
178917,4043,李卫军,2023-07-31 07:21:31,4,4,0,大家在么？\n\n看到回个👍
71930,4077,饶灿,2018-01-29 06:08:01,-9,1,10,精彩，，给分高
72593,4077,饶灿,2018-01-30 13:01:49,2,5,3,上课会有几次小测，题目都是上课讲的内容，最后考试是开卷，也都能在课件里找到，绩点3.3...大概就是运气不好吧
73625,4077,饶灿,2018-10-15 07:17:30,-2,8,10,很差只会用小测留住学生
75839,4077,饶灿,2018-03-19 15:09:46,19,27,8,考试开卷，就是没写完
77802,4077,饶灿,2018-05-08 02:08:37,5,9,4,个人觉得这节课还挺不错的，没有作业，会有几次课堂小测但都是课上的内容相当于点名，考试开卷，课件和书上基本能找到，就是写得手要废了。女生听听珠宝啥的还挺有趣的，可以涨知识。老师也很和善，会选一节课给我们看珠宝石头啥的。给分也不错，上4了，也不能要求太多。
79901,4077,饶灿,2018-06-15 03:36:34,-4,4,8,这老师给分如何？
83275,4077,饶灿,2018-07-10 04:01:36,2,4,2,老师蛮认真的 能学到东西 开卷很简单 就是难写 给分好！选！
86687,4077,饶灿,2018-09-18 03:10:47,0,5,5,老师挺不错的吧。。每次都提前很久到 给分也好 只要每次都去上课 考试前认真复习课件 基本都没问题
89038,4077,饶灿,2018-11-14 12:35:01,0,0,0,考前同学提问答疑态度不太好吧
89618,4077,饶灿,2018-11-20 03:43:49,1,8,7,试卷出的和抄书一样，然后比谁抄的快，抄不完就凉…\n\n我就笑笑怎么会有这种形式的通识hhhh，
90018,4077,饶灿,2018-11-21 15:46:31,5,12,7,宝玉石挺有意思，老师也很随和，开卷考题量爆炸，绩点还挺满意
90048,4077,饶灿,2019-03-13 08:41:12,-2,6,8,给分低。。重点是课程内容没有价值，学不到什么东西，不定期小测，慎选啊。
90149,4077,饶灿,2018-11-22 08:18:23,13,16,3,小测一共两次 答案都可以百度查到 都是一个文档里的 老师让查 最后一次课的留堂作业是让大家写对这门课的感悟和意见 150字以上 我觉得还好吧 除了这三次之外老师也不点名 开卷考试也减轻了很多压力啊 我4.5 考试之前也看了大半天 考试题目确实很多 也比写字手速吧 但是也在考察你学习的情况啊 并不是所有东西都是ppt原话吧 也有一些需要自己总结的 我挺喜欢这门课的 感觉自己学到了东西 感觉上课的时候大部分同学参与度也挺高的 老师也很风趣 考完试之后还会在群里给大家发一些珠宝的图片 这门课属于科学类的 不是纯粹的艺术性鉴赏 涉及到很多晶体知识和性质什么的(但是不难 大部分只要稍作了解就行了) 跟一开始想的不太一样 但我觉得还是很有趣的 我会推荐大家选
115433,4077,饶灿,2019-07-23 10:34:53,-4,3,7,这老师有毒，给分这么随意的说？？？搞学生有意思嘛。而且真的，能不能自己先弄弄懂再来给学生上课，而不是每次问你问题都是“你怎么看”似的启发式教学。对学生负责一点好嘛！
119116,4077,饶灿,2019-11-10 12:53:18,3,3,0,给分并不好哇 我枯了
119121,4077,饶灿,2019-11-10 14:29:13,-26,5,31,老师的课很棒内容很充实\n\n认真学习是会有收获的\n\n只是真的希望闭卷考试\n\n开卷考试对于每堂课认真听课的学生来说有点不公平
126560,4077,饶灿,2020-09-30 16:11:18,-7,5,12,1.上课没有真才实学，读个ppt尴尬的要死，动不动就往人生应该怎么样，做人应该怎么样去生搬硬套，就不能正常点吗，不会尴尬吗\n\n2.课程枯燥无聊，只会用小测留住学生，我寻思有什么事情来不了课堂，线上看直播，有什么错误吗？搞个课堂小测然后还不让线上看直播的同学提交作业，这不是恶心人吗？有能耐像周黎明老师一样大家抢着去上课啊，靠这种办法留住学生的？
128430,4077,饶灿,2020-12-23 02:31:06,2,4,2,4.5 事情少老师好 没作业 开卷考
128572,4077,饶灿,2020-12-24 04:53:44,0,1,1,课程偏向理论，时间偏向过少，不过4.2还是没有太低
131750,4077,饶灿,2021-01-28 17:37:11,6,6,0,第一次开的专业课很零碎，没有教材，上课体系很乱，考试没有历年题借鉴。给分很实事求是吧😀 当天10点考好，12：19就登记完了，给分不好。
132454,4077,饶灿,2021-02-01 15:54:52,12,14,2,灿哥的评分直线下降。。。主要是因为老师不会调分，通识也不调，专业课也没调
134893,4077,饶灿,2021-04-21 06:07:19,1,5,4,辣鸡辣鸡
142477,4077,饶灿,2021-11-12 04:29:58,6,7,1,啥给分啊救命了xdm
142480,4077,饶灿,2021-11-12 04:51:05,2,2,0,不定期小测点名，不调分，课程内容中规中矩，开卷考，考试内容为PPT的一堆名词解析。\n\n不能保证每次到教室的慎选。
142504,4077,饶灿,2021-11-12 10:05:30,2,3,1,真的不调分，一点都不调的
145603,4077,饶灿,2021-12-30 12:42:26,2,3,1,垃圾。。
147851,4077,饶灿,2022-01-11 04:12:21,3,5,2,上课无趣给分辣鸡不定期小测。。。。
161779,4077,饶灿,2022-11-15 10:37:06,1,2,1,2.1我无语了\n\n开卷考抄的艰辛，不会调分，看重绩点的同学还是不要选了
161793,4077,饶灿,2022-11-13 13:28:01,2,2,0,想学到东西的能学到很多，老师经常把自己的藏品拿来给大家看\n\n想水的也能水，有同学从头到尾只认真听了一节课，考前一天把各种宝玉石的信息列了个表，打印了一些ppt，开卷考绩点也上4了，总之还不错\n\n当然老师本身不是很喜欢单纯为了学分的人，然后点名方式比较特殊:上课上完之后把他标记过的纸发给我们，然后问几个问题让我们写好再交上去，必须亲手交，一个人只能交一张，没交的就是缺勤。所以不要乱缺课，哪怕你拿到题目一点写不出来至少要交回去，不然考勤分就没了
161892,4077,饶灿,2022-11-15 01:03:06,-7,0,7,emmmmmm一开始兴趣很大，但是可能我自己对宝玉石鉴赏没什么兴趣，后来就一直在水，老师也不点名啥的。开卷考试，全是主观题，抄断手，最后4.2就不高不低叭
162571,4077,饶灿,2022-11-25 14:31:22,0,1,1,还可以，不错的老师
164400,4077,饶灿,2022-12-20 23:14:02,1,1,0,临下课前发一张编序号的纸条回答两三个问题当作点名，我记得好像有三次还是四次。还有在学在浙大讨论区分享自己的经历和感受，有两次。期末考试开卷，我感觉点名小测能写出来的话上课听不听完全没有影响，就是打印ppt出来看几遍，了解一下有哪些内容在什么位置就好（然而大家都能找到）。所以就是拼手速了。题目有分简答和详细解答的，我就是简答部分写太多，后面两个大题四十分完全来不及写，没有写完。所以考试前翻一翻卷子看看题型要求吧。我最后绩点一般般。老师上课说实话没有很生动，但是他会分享一些市场上宝玉石交易的套路（？），在钉钉群发一些珍贵饰品的照片和视频。上课也会带一些珠宝让我们传阅，要看的话最好坐左上角。
183160,4077,饶灿,2023-11-22 12:48:46,2,2,0,上的宝玉石鉴赏。内容比较有趣，上课会传一些东西来看。给分不好，在意绩点的能选上别的美育的话就别来。我打了6分。
183169,4077,饶灿,2023-11-22 13:12:14,2,2,0,绩杀。。。
183172,4077,饶灿,2023-11-22 13:25:11,1,1,0,给分很不好，运气成分多，不好
183278,4077,饶灿,2023-11-25 10:18:23,4,7,3,感谢rc毁了我的竺院梦
183283,4077,饶灿,2023-11-23 11:45:35,3,3,0,专业课设计得很烂，前半学期讲了很多国际化、地球系统、国防军工之类的东西，具体的矿物也是一概而过，发了几本全英语的书给我们啃，美其名曰国际化。结果下半学期换老师了，上课发现之前好多东西都没讲，上得一头雾水。
183414,4077,饶灿,2023-11-25 10:01:51,2,2,0,啊啊啊啊，崩溃了，给分好低啊！虽然老师的课还是比较有趣的，但是啊啊
183677,4077,饶灿,2023-11-28 10:40:56,2,3,1,给分巨烂无比，要不是美育课，根本没人选。他还说不怕没人选，好像自己课多好
183836,4077,饶灿,2023-12-01 02:44:29,5,7,2,给分巨烂无比，没想到进大学第一次受打击竟然能是通识课
184270,4077,饶灿,2023-12-14 15:39:53,2,3,1,感觉老师还是很不错的，事少，就两次小测（相当于点名了），期末前一天看看ppt大概有个印象就去考了，给分中规中矩，绩点4.2（和我一起报这门课的两个同学也是这分数）。对宝玉石有兴趣的同学可以报，可以看看饶灿老师收集的宝玉石，ppt图片也非常nice，没兴趣也可以在一旁干别的（坐在过道两侧有机会被老师提问🥲）
186636,4077,饶灿,2024-01-12 08:59:01,-9,5,14,给分太好了哈哈哈哈哈给分太好了啊啊啊啊啊能上的课我真是太幸福了哈哈哈哈哈看到分数的那一刻我真是太幸福了太开心了太感动了哈哈哈哈哈彻底疯狂哈哈哈哈哈啊啊啊啊彻底疯狂啊啊啊啊啊
186997,4077,饶灿,2024-01-14 05:38:52,-14,2,16,地球物质基础，期末考稀烂，但是最终绩点还是上4了，谢捞
187137,4077,饶灿,2024-01-14 16:27:32,6,7,1,是真不调分啊
188089,4077,饶灿,2024-01-18 07:33:15,5,9,4,《地球物质基础》专业课\n\n很难评价，给了7分\n\n首先，饶老师负责的矿物晶体部分。一是矿物晶体学内容本身就值得单开一门长学期课程（参考武汉地大），但是饶老师“地球大数据融合”的理念影响了8周的教学目的，更像是科普类的框架学习（当然我也认可搭框架有一定用处，只是觉得没必要花八周的课时），二是饶老师当领导后不可避免的教学岗行政化思政化，与后面两位任课老师风格脱节，但实际课程又是饶老师主导，很难评价。\n\n三是给分绩点，专业课给分是宽松皆大欢喜，或是实事求是不好评，饶老师给分不算好，但也不差。\n\n先批评后肯定\n\n饶老师还是很关注学生的发展状态的（真关心还是假客套另说），关于“试错”的观点我还是相当认可的\n\n饶老师特别喜欢“地学大数据融合”之类的创新，对地院的建设有一定影响，但也潜在“上位者”对“下位者”学生的画饼，这个自行判断。\n\n当然，饶老师还是很积极地邀请业内优秀教授分享经验，值得肯定。\n\n最后，等我26年毕业再来“盖棺定论”
188240,4077,饶灿,2024-01-18 13:09:16,4,10,6,想象一下，一节水课，基本不点名，课还有点意思，随便玩游戏，期末开卷考，老师的分只有5.4
202143,4077,饶灿,2024-11-10 04:30:45,4,5,1,缺勤一次你就完啦！
202159,4077,饶灿,2024-11-10 06:37:49,8,8,0,给分垃圾。。我跟你爆了。。
202287,4077,饶灿,2024-11-11 08:22:32,5,5,0,构式。我不明白当初为什么会脑瘫到选这一条的课。
202297,4077,饶灿,2024-11-11 09:48:42,1,2,1,给分是真的抽象，每节课都去，期末考开卷考了1h50min，好不容易写完就这点分数。不过老师为人还是很好，薄纱想要投机取巧的同学
202323,4077,饶灿,2024-11-11 14:55:55,1,1,0,纯勾十
202491,4077,饶灿,2024-11-13 02:02:47,0,1,1,啥也不说了，绩杀
202580,4077,饶灿,2024-11-13 08:07:56,6,6,0,老师人品真的很不错，备课认真，课后也是有问必答。对待缺勤的学生不手软，不点名但是每节课后基本都有测验，可以查出学生是否旷课。但是老师，这么认真上课我怎么就值3.6？真的让人高兴不起来。
203038,4077,饶灿,2024-11-16 04:56:20,2,3,1,遮沙避风了吧
203818,4077,饶灿,2024-11-21 08:42:35,3,3,0,很好很好，我说为什么终于在大三选上了美育课，原来不是老天同情，是这啥屄老师没人选，啊哈哈哈哈，好老师，尽管冲，冲烂他吧
204068,4077,饶灿,2024-11-23 14:37:25,1,1,0,纯纯勾石
204594,4077,饶灿,2024-11-27 02:52:21,0,0,0,不知道为什么给我这么低的分，干听课还有点意思
74290,4093,龚俊峰,2018-02-09 12:13:31,8,9,1,OK的
86804,4093,龚俊峰,2018-09-19 01:46:30,6,7,1,实习带的很好
92369,4093,龚俊峰,2018-12-28 05:13:25,0,2,2,...
125732,4093,龚俊峰,2020-09-13 23:50:12,2,5,3,虽然我绩点低，但是我还是要给满分，龚老师对教育学相关理论的应用非常熟练
132456,4093,龚俊峰,2021-02-01 15:56:11,3,3,0,老师牛铋啊
140154,4093,龚俊峰,2021-08-31 04:47:26,6,6,0,地质认识实习\n\n是专业、负责、有情怀的nice老师。\n\n另外实习期间瘦了3kg
178861,4093,龚俊峰,2023-07-26 09:22:58,-9,5,14,教的好，但是实习最后一天说均分只有70有点太夸张了，老师自己也是认可能坚持下这个实习的学生都很好的观点的，但是好像对分数没什么概念，只说要正态分布，70分的均分给学生的绩点甚至人生带来的打击都是毁灭性的，还好最后一天上课的时候有个同学跟老师说了这个事情说均分80+比较合理，老师也说会考虑一下，真心希望老师不要把均分搞成70，不然这一门课拉掉的分数就能抵消未来一年甚至几年所有课的正向贡献了
180329,4093,龚俊峰,2023-09-21 06:26:11,14,14,0,给了10分\n\n龚老师很好，很有热情。\n\n实习较累，但很充实。\n\n真能学到东西！\n\n学生不主动是学生的问题，跟老师没关系。\n\n唯绩点论逆天，自己评论还装他人客观，地质系不热爱真别伤害。
181144,4093,龚俊峰,2023-10-10 03:25:32,7,7,0,实习肯定是很累的\n\n但老师也在不断优化安排\n\n老师平时很爱吓唬人和钓鱼，但一般都是为了让你顺利地度过实习\n\n绩点方面：身边同学没有卡绩的，都是捞到一档的最低分
190991,4093,龚俊峰,2024-03-27 15:15:16,0,0,0,很有情怀的老师
218597,4093,龚俊峰,2025-04-26 02:31:39,1,1,0,地质年代学不错的
219997,4093,龚俊峰,2025-06-25 05:45:30,0,0,0,和老师套近乎=高分。
144265,4338,杨长福,2021-12-21 03:38:26,0,0,0,👍👍👍
146581,4346,杨燕,2022-01-07 03:30:28,-14,0,14,不行。
209094,4346,杨燕,2025-01-04 12:06:46,1,1,0,和蔼可亲！
212365,4346,杨燕,2025-01-14 02:16:28,1,1,0,竟然有人说杨妈不行（砰砰给你两拳）\n\n给分好是同学们喜闻乐见的\n\n\n\n杨妈部分主要是介绍无机仪器+实验参观\n\n原理部分肯定是无聊的，但是别以后保研面试的时候答不上来就行 :D\n\n杨妈会讲很多矿物物理相关的文献及前沿问题之类，对岩矿地化感兴趣的同学应该会大有裨益\n\n推荐指数：⭐⭐⭐⭐⭐
220561,4579,毕磊,2025-06-18 13:57:48,2,2,0,老师特别真诚，给分非常好，海底捞（泪目），非常非常好的老师，是真神，推荐选课（泪目）！老师真的很好，不会在考试上为难大家，期末大家分数都很好看！！！超级好老师，心中的真神！！！
220562,4579,毕磊,2025-06-18 13:55:59,2,2,0,希望学生真的学到东西，其实是很真诚的老师吧！期末特别捞，特别捞，海底捞，大捞特捞，完全不用担心
85965,4731,夏群科,2018-08-26 07:38:19,1,2,1,哈哈哈
104819,4731,夏群科,2019-03-28 08:50:49,2,4,2,？………
207356,4731,夏群科,2024-12-21 01:28:43,4,5,1,发不出小论文的研究生都不是合格的研究生？？？哈哈哈哈
207395,4731,夏群科,2024-12-21 15:44:24,2,4,2,一个脱离广大研究生的畜生\n\n快滚啊！！！
207396,4731,夏群科,2024-12-21 07:58:14,2,4,2,我替苦泥浙久矣的广大研究生莎莎你的码
207462,4731,夏群科,2024-12-22 05:03:41,2,3,1,真的6
207467,4731,夏群科,2024-12-22 05:50:38,5,6,1,在现场，只能说诡辩和踢皮球有一套的
207474,4731,夏群科,2024-12-22 07:05:29,1,2,1,别骂了！已经人很好了！下面学院不做人的人太多，他管不了！
208455,4731,夏群科,2024-12-28 05:51:48,4,4,0,去了现场，踢皮球的能力和诡辩的能力确实挺强的。其实研究生院有导师打分但是不能公布，也理解，学院里不做人的导师太多了，他管不了，真放开了很多导师该麻烦了。
85846,4738,王勤燕,2018-08-22 08:16:52,0,1,1,王老师教矿物学非常认真负责，人也非常好
148968,4738,王勤燕,2022-01-14 04:54:56,1,1,0,《矿物岩石学》这门课程非常非常非常难，学院的培养方案设置有很大问题，但是王老师非常非常非常认真负责，也很严格，尽管是门硬课，但上课体验非常好，给分也很高。她是你一辈子能见到的改你的作业最认真的老师，你看了她的批改痕迹，会对自己不认真作业写感到愧疚的那种。毫不夸张的说，她批改我的实验报告时写的补充、修正的字数比我写报告时写的字数都多
132453,4754,徐义贤,2021-02-01 15:53:31,3,3,0,好！好！好！好！好！
134473,4754,徐义贤,2021-03-30 01:52:59,1,1,0,很会讲故事，说不好是优点还是缺点
139784,4754,徐义贤,2021-07-26 10:25:57,3,3,0,很好的老师，上课很有意思
194854,4754,徐义贤,2024-06-25 17:15:33,1,3,2,谢谢老师手下留情\n\n感觉大家期末考的不太好，老师有点生气了，但最后给分还是挺好的，老师真的很好，我哭了
72263,4836,杨波,2018-01-29 16:06:15,4,4,0,这是我们地科院的杨波老师啊，是我来学校以后感觉智商最高的老师了，男神！
81066,4836,杨波,2018-07-03 13:43:00,1,1,0,杨波老师我男神啊！智商高，对专业很有热情还认真！
134091,4836,杨波,2021-03-15 14:45:43,1,1,0,啊啊啊啊啊啊啊我男神！虽然我也是男的（笑）
153734,4836,杨波,2022-05-10 00:45:08,1,1,0,呃呃呃 课难 老师好人
175348,4836,杨波,2023-06-24 06:10:00,3,3,0,杨老师的地球电磁学比较难，高强度上机。\n\n但是能学到很多数据处理的方法和手段。\n\n知识学了很难忘，因为已经形成肌肉记忆了。\n\n不得不说老师有很高超的教学能力，讲课过程流畅、思路清晰而且从不卡壳。
177618,4836,杨波,2023-07-04 02:50:31,4,4,0,是我地科学院遇到过最好的老师
177754,4836,杨波,2023-07-04 15:10:08,4,4,0,喜欢杨波的人，再坏也坏不到哪里去。这就是我的善恶观，波门！！！（无脑选就完事了，小白认真学也有春天！
183818,4836,杨波,2023-11-30 10:57:02,2,2,0,是我在浙大遇到过最好的老师了，讲课行云流水，实操对初学者有一定难度，但是熟悉了之后一点都不难，学到的技能也很有意义，对之后的科研也有帮助
200957,4836,杨波,2024-10-25 11:36:31,2,2,0,不要关系点名，你在地科院学地物，孩子。\n\n这个课是正反馈规律设计的，每次让你在思考中突破一点点，其实能学到很多东西，而且最有用的一点是你能知道你要去学哪些东西才能读地物的研究生，虽然有点难，但就收获来说是值得的。\n\n不懂就去问，杨老师的理念是，你是浙大学生，听不懂就是老师的问题，而不是你的问题，所以大胆去问。\n\n可惜电磁学被取消了，融合到固体地球物理原理里去了，放心，这是你能遇到的最好的地科老师，几乎没有之一
76094,4891,赵文轲,2018-03-27 00:06:53,2,3,1,给老师点个赞?。
221566,4891,赵文轲,2025-06-24 14:15:21,1,1,0,老师上课比较喜欢让同学起来用英语回答问题，说实话，虽然一定程度上会让同学增强对英语专业词汇的理解，但是可能会很无聊，感觉听的人真的不多。希望有改进吧。给分似乎是五级制。
76041,5037,王苑,2018-03-25 12:23:27,1,2,1,慢节奏形策课。\n\n
112259,5037,王苑,2019-07-04 00:33:13,1,7,6,装丑卖笑，作妖作怪，不务正业，不干正事，游手好闲，好吃懒做，无所事事，哗众取宠，装疯卖傻，装批炫富，虚伪正能量，极度做作，虚假浮夸，脱离现实，三观不正，能量为负，价值低俗，专秀下限，无知无畏，不顾伦理道德的形策老师王苑真是可恶
112262,5037,王苑,2019-07-04 00:26:20,0,0,0,从来没有上过课 \n\n期末来监考\n\n给分极差\n\n不可理喻
112812,5037,王苑,2019-07-05 03:52:33,4,9,5,俺这学期形策的老师是王苑/潘炳龙。俺到现在都不知道有没有见过王苑老师。俺就过来打个分，6分及格hhh
113943,5037,王苑,2019-07-08 01:51:45,0,0,0,一般的形策老师。
127106,5037,王苑,2020-11-08 12:33:56,0,0,0,不太行
128645,5037,王苑,2020-12-25 02:23:36,0,0,0,没见过
145429,5037,王苑,2021-12-29 13:15:03,0,2,2,我不太明白，课前展示也做了，每次点名都到了，寒假作业和平时作业都认真完成了，最后3.6，是我太菜了？是别人太卷了？还是老师给分太差了？我不太明白
155383,5037,王苑,2022-06-12 03:14:48,2,2,0,很有意思的老师
176205,5037,王苑,2023-06-28 05:01:47,2,2,0,事情少，给分好，没有参加任何一次课前实事评论，没有发过言，裸考期末考。4.2，跟其他行策老师比好很多
134684,5065,苏程,2021-04-09 05:23:28,-9,3,12,好老师~
139403,5065,苏程,2021-07-15 07:34:32,-2,8,10,地科上了这么多门课以来，唯一讲课让我服气的老师。课程设计合理并且讲得清楚，每次课有配合的编程练习（并不难，但debug还是需要的）。这课是真的有收获。
139405,5065,苏程,2021-07-15 07:43:41,-3,6,9,地科院讲课水平最好的老师
151772,5065,苏程,2022-03-15 06:20:49,10,13,3,不觉得水平很高，只是地科整体教学水平低。特别是自己没有啥顶刊论文的情况下还嘲笑李飞飞？？？给人感觉很牛逼，其实没货
151957,5065,苏程,2022-03-21 16:00:55,-7,0,7,人特别好，对学生非常上心
180460,5065,苏程,2023-09-22 00:03:44,0,1,1,......
181700,5065,苏程,2023-10-29 06:04:07,2,2,0,......
182215,5065,苏程,2023-11-13 01:14:19,0,1,1,真行吧
184676,5065,苏程,2023-12-22 06:38:20,3,3,0,你使劲吹，自己是真理是吧
185085,5065,苏程,2023-12-26 06:38:35,2,2,0,言过其实
185501,5065,苏程,2023-12-31 12:22:02,7,10,3,kmeans初始化不影响结果
186300,5065,苏程,2024-01-10 11:43:16,0,0,0,期末捞我
187447,5065,苏程,2024-01-16 07:16:24,2,8,6,期末考前来评价一下，苏老师确实好老师，这课讲的很清晰，难度也不高，挺适合作为图像处理的入门课的。可以说是地科院一众逆天老师里难得的好老师了，上课也不点名，而且比较风趣，还会发3D眼睛，话说之前看的时候还是8.6分，不知道怎么突然被刷低了好多。
187482,5065,苏程,2024-01-16 10:14:24,0,0,0,编程题要我命
189350,5065,苏程,2024-01-23 10:39:30,0,0,0,老师是不是忘了还有一门课没出分
189497,5065,苏程,2024-01-25 03:36:13,-1,2,3,苏老师上课还是上的很好的，考前可以好好看看他的智云，很多题目都是上课讲过的。期末试题出的比较灵活，一定要理解相关概念，不能盲目背诵。
198029,5065,苏程,2024-08-28 18:00:50,-3,0,3,老师上课水平非常不错了，尤其在神奇的地科院里，平时上课不点名。9分
199776,5065,苏程,2024-09-29 15:10:44,0,0,0,老师上课挺好，就是这分出得是真慢哪
203296,5065,苏程,2024-11-19 03:10:29,-4,0,4,地科院横向比较真的算很好的了
210331,5065,苏程,2025-01-09 02:31:51,3,3,0,逆天出题
210336,5065,苏程,2025-01-09 02:56:28,5,5,0,上课虽然激情澎湃，抑扬顿挫，但是跟讲相声一样，重点不突出，难点不解释清楚，出题、给分莫名奇妙
210613,5065,苏程,2025-01-09 12:25:41,0,0,0,不点名，这点挺好的。\n\n给分差强人意吧
75886,5175,朱孔阳,2018-03-21 02:41:50,3,4,1,呆萌！作业很多但是很有用！认真做一次作业就能学到很多东西！人很nice！会帮我们找各种书的扫描版本就不用我们买了233
76233,5175,朱孔阳,2018-03-29 12:36:24,-4,2,6,心浮气躁的老师
132455,5175,朱孔阳,2021-02-01 15:55:25,3,4,1,东北大小伙
136109,5175,朱孔阳,2021-06-11 03:46:16,0,1,1,我不明白上了什么\n\n但是我大受震撼
139272,5175,朱孔阳,2021-07-14 03:29:17,0,1,1,肥肠可爱的老师
144267,5175,朱孔阳,2021-12-21 03:39:38,0,1,1,温和幽默的老师
145409,5175,朱孔阳,2021-12-29 12:14:16,0,1,1,老师讲课肥肠有趣，但是爱用英文PPT，考核的内容不是很难，把课后习题做完理解透彻了的话问题不大
182881,5175,朱孔阳,2023-11-21 02:22:49,1,2,1,不知道在上什么，说话经常含糊其辞，作业要求也是讲的很模糊，感觉不适合来上这个课，
186639,5175,朱孔阳,2024-01-12 09:15:29,4,5,1,朱老师应该去科研岗，教学岗还是为难他了。语速变化快且音量忽高忽低，经常几个词连在一起说出来听不清。\n\n但是老师的热情还是值得肯定的，还是挺希望我们学会知识的，有不懂的问他反馈也非常细致，愿意给你讲透。不过大多是实验课。苦了刘艳老师经常被使唤来使唤去。\n\n学弟学妹们一定要注意轻拿轻放抓牢岩石标本薄片，我们今年摔了三块，朱老师心疼死了。\n\n最后考试朱老师出得还蛮多的，他考前会划重点，但也要仔细复习。
141187,5353,鲍学伟,2021-09-26 02:21:50,5,6,1,上课不行，上两节课，提问两节课，哪有那么快就理解完的，空耗课时罢了。
141337,5353,鲍学伟,2021-09-30 02:33:46,5,6,1,不要靠近，会变得不幸。
141429,5353,鲍学伟,2021-10-08 12:42:35,5,6,1,气死，他仿佛以为照书讲一遍我们就都会，两节课读书，两节课疯狂提问，微笑人
142090,5353,鲍学伟,2021-11-05 12:19:33,5,6,1,已经变得不幸
145252,5353,鲍学伟,2021-12-28 13:11:19,8,9,1,适合当研究员，不适合讲课。很认真的说，上课毫无重点和趣味性可言，没有一个明确的框架和教学目标，题目也是每次上好随便布置几道，不知道这门课在搞些什么。
145410,5353,鲍学伟,2021-12-29 12:15:22,3,5,2,不要靠近地震学，会变得不幸
145415,5353,鲍学伟,2021-12-29 12:39:43,6,7,1,明天早八考试，背不完了，救命，菜菜，捞捞。真的背不完啦！！！！！！！！！！要不是个必修课我早就逃了！
145417,5353,鲍学伟,2021-12-29 12:44:36,3,4,1,不要靠近，会变得不幸
145459,5353,鲍学伟,2021-12-30 00:32:06,5,7,2,地院两大恶魔：鲍学委、林秀兵。莫？
145541,5353,鲍学伟,2021-12-30 07:59:38,3,3,0,前面地科院两大恶魔那个，是我章凤奇不配吗？应该是三大恶魔
145575,5353,鲍学伟,2021-12-30 09:50:41,-5,1,6,额滴男神！
147042,5353,鲍学伟,2022-01-08 13:43:27,4,5,1,课也讲得烂，出分也贼慢，绝了绝了绝了绝绝子
147154,5353,鲍学伟,2022-01-09 02:49:01,3,4,1,快点滚去死
165174,5353,鲍学伟,2022-12-30 01:28:32,1,1,0,上课仙人。课上的气氛是我见过系里面数一数二差得
186209,5353,鲍学伟,2024-01-09 12:00:03,0,0,0,菜，就多学\n\n学不会，就别选\n\n挂科是挂科，及格是及格\n\n你老是抱怨学生会挂科\n\n你怎么不看看你上课再干嘛呢
190400,5353,鲍学伟,2024-03-01 02:28:11,0,0,0,期末十几道大题都是5分，写两行和写两页的题目分值一样，而且不给过程分
219300,5353,鲍学伟,2025-05-24 11:09:24,2,2,0,讲课很细致，对学生很负责
131601,5354,何丁,2021-01-28 06:21:47,0,0,0,老师在课上会讲很多前沿的研究和技术，能了解到很多新东西，但是期末不给ppt，复习起来没有头绪，尽管给分不错。
123158,5370,杨小平,2020-05-14 06:23:37,10,18,8,什么破玩意啊
123392,5370,杨小平,2020-06-08 05:31:33,-19,14,33,对学术很认真的老先生，上课能让我集中注意力在听。讲课不错，内容丰富，也很注重跟同学的交流。地科导和自然地理学都负责了一部分教学，上课体验不错的。还没结课，先来打个10分:D
124343,5370,杨小平,2020-06-29 12:12:09,14,17,3,课程给分不好，但是这个课的分应该不是杨小平老师给的，不怪老师。不过，请老师以后还是用中文吧，至少必要的时候夹点中文解释......
134643,5370,杨小平,2021-04-07 07:42:25,22,25,3,对不起，我不改叫您杨小平老师，应该call you young shopping
134708,5370,杨小平,2021-04-11 08:44:41,4,7,3,每节课都要点名，上课很认真，PPT很精美。但是全英文的方式让一年级学生很难听懂，同时还说作业用英语德语法语阿拉伯语..... 写可以加分。鼓励鹅颈
172064,5370,杨小平,2023-04-18 10:33:06,1,4,3,地科导这种重要的专业基础课程，用全英文真的好吗？
172770,5370,杨小平,2023-05-06 13:49:42,11,12,1,每节课一个个口头点名过去，上课用英文就算了，不要显摆自己的英语啊（IAEA的全称在那里支支吾吾1分钟挤出来不会显得您老英语水平很高反而会显得您很矫揉造作啊拜托）。还有自己的课件只管自己讲，不在学在浙大上传，学在浙大不是作业提交网站是学习网站啊，您为什么就认为您的ppt含金量高到有人会将您的ppt据为己有呢？作业自己口头布置布置，学在浙大里延后好久才布置，也不详细说明要求，给人感觉十分随意，虽然说在科研和头衔方面卓有建树，但是与学生互动的方式与态度着实不敢恭维，体验非常差
173059,5370,杨小平,2023-05-12 05:55:34,6,7,1,每节课开头先扯一大堆，然后传统点名，这样下来二十五分钟过去了。科研水平高是不可否认的，上课其实也准备的比较认真了，英文的问题我个人倒是不太在意，但是感觉太喜欢扯自己辉煌的经历了，一堂课下来可能就二十几分钟的时间是有所收获的。再者，您说的短文就是3000字起步啊😅，结果每节课后都有这样的作业，期末还说有个大作业，那大作业是不是说得整个毕业论文出来啊？作为我们刚刚入学的专业基础课程要求是不是有点太过了啊
173205,5370,杨小平,2023-05-16 02:17:26,6,6,0,作业非常多，时不时要写一篇论文，每节课上课必点名，上课很无趣
173206,5370,杨小平,2023-05-16 02:43:07,5,5,0,地科导虽然是大一的专业基础课，也不是非得一次作业写一篇3000字小论文的吧（都卷成啥样了啊）[笑哭]
178093,5370,杨小平,2023-07-07 01:00:30,9,10,1,老师不再是杨shopping啦
178095,5370,杨小平,2023-07-07 01:04:47,-11,2,13,杨老师是非常非常优秀的一位老师，可以学到很多，但是给分严格
191516,5370,杨小平,2024-04-24 06:50:39,2,5,3,讲道理一股爹味，上课先讲大道理10分钟，再点名15分钟，课上秀英语50分钟，留作业10分钟，作业还要求手写，一下就是23千字，一坨
196824,5370,杨小平,2024-07-05 10:52:13,3,3,0,......
217628,5370,杨小平,2025-04-14 08:37:04,2,2,0,上课浪费时间，讲课水语速慢，还让我们读他的论文做报告？？？我请问呢？？？地科导这么一个基础课，这么多人不是地质专业的，为什么一定要看你地质的文献？？？
220777,5370,杨小平,2025-06-19 15:47:41,1,1,0,人挺好的，不太会上课而已（）
139418,5376,杨蓉,2021-07-15 10:26:22,3,6,3,杨蓉老师人美心善，上课任务始终，能够学到东西，考核是课程论文，特别好的美女老师
139420,5376,杨蓉,2021-07-15 10:35:55,1,3,2,很好的老师，很喜欢她的课
139984,5376,杨蓉,2021-08-22 17:47:47,-1,1,2,教学内容理得很清晰，任务量也不大
154570,5376,杨蓉,2022-06-02 06:59:37,-1,1,2,好老师哦
194412,5376,杨蓉,2024-06-23 17:14:08,2,4,2,应该是地科院讲课水平最好的那一批老师了！\n\n讲课清晰、逻辑强，是除了大物、微积分等基础课，第一门让我能有心思想去记笔记的专业课了，老师讲的确实好！
194570,5376,杨蓉,2024-06-24 11:33:20,-4,2,6,给分随机且差，完全不关心学生感受
200956,5376,杨蓉,2024-10-25 11:31:23,1,2,1,还是那句话，在地科，你点不点名都没差。\n\n地科院讲课水平最好的老师之一了，清晰有逻辑，给分好\n\n当然这只够8分\n\n但这是我班主任，给10分（杨老师做班主任还是很平易近人且善于沟通的）
218596,5376,杨蓉,2025-04-26 02:31:11,0,0,0,地质年代学好课
220100,5376,杨蓉,2025-06-15 02:47:50,0,0,0,老师给分慷慨，作业量少，讲课重点突出，考点覆盖精准，课堂高效不拖沓，期末复习资料清晰，沟通及时且耐心。
145055,5455,夏江海,2021-12-27 05:47:52,2,2,0,学术水平高得离谱 课讲的也很好
148049,5455,夏江海,2022-01-11 12:02:50,0,1,1,师德高尚
141923,5520,何毓新,2021-11-01 03:42:40,8,9,1,何老师平常平易近人，风趣幽默，可以跟学生打成一片，很亲切
192109,5520,何毓新,2024-05-09 08:22:52,2,3,1,神中神！\n\n都给我去选《地貌学和第四纪地质》（杨老师负责地貌部分，何老师负责第四纪部分）\n\n地科院的学生没听过何老师讲第四纪就是一大损失！\n\n讲课思路清晰，ppt与时俱进，逻辑严密，细致入微还幽默。跟上思路上课根本不想走神。\n\n备课真的非常认真，布置的两次作业也很有水平。\n\n我们基础弱也会耐心地给我们补基础知识（泪目）\n\n6次课完全不够听，建议单开一门《第四纪环境气候和地质地貌》
200954,5520,何毓新,2024-10-25 11:27:54,2,2,0,点名其实是不点的，但是地科就这么点人，每个人都认识，点不点名其实没差。\n\n何老师整体还是心态年轻且愿意与学生沟通的好老师，讲课水平算好了（在地科院来说），作业量适中，给分好（虽然不知道是哪位老师主导，我选的现代分析技术），课程安排和思路比某些必修课的老师真的好太多了，对，你地科必修课的大纲都画不出来，考试看ppt平时在ppt上写几句就会挺好的。\n\n本来给8分，给了9分算是鼓励。希望何老师保持态度，越来越棒，年轻老师就应该鼓励。
209095,5520,何毓新,2025-01-04 12:07:53,0,0,0,性格好！年轻！会愿意跟学生聊天的那种老师
217867,5520,何毓新,2025-04-17 08:48:16,0,0,0,真无敌
220099,5520,何毓新,2025-06-15 02:45:31,1,1,0,教学严谨，讲解清晰，能结合实例帮助学生理解知识，课下耐心解答问题，关心学生学习情况，专业能力强，对学生认真负责。
132967,5631,郝艳涛,2021-02-05 14:29:46,-4,0,4,全英文伤不起
140155,5631,郝艳涛,2021-08-31 04:48:02,8,8,0,地质认识实习，带得挺好的
186637,5631,郝艳涛,2024-01-12 09:04:50,8,8,0,《地质认知实习》指导老师之一，翩翩君子温文尔雅。实习会停下来等学生，有人没听到也会再讲一遍，讲得相当细致。带队情商top3（算上浙A2F105的司机）。郝老师只带了我们前几天（杭州+安吉）珍惜吧，后面只有严格的老龚了。\n\n《地球物质基础》对郝老师的内容很不公平，地球化学就上2周4节课10课时，建议其他两位老师各出几节课。因为课时少很多东西还得考前自己复习。\n\n2000年的中科大本硕，海归科大博后，我愿评为地科院教学老师神中神。
204508,5647,刘丹彤,2024-11-26 10:17:40,1,1,0,^_^
209123,5647,刘丹彤,2025-01-04 14:46:41,0,0,0,授课能力略显不足，但是给分好又弥补了这一点
160456,5783,张德国,2022-09-23 02:40:54,27,34,7,这样的东西是怎么成为浙大教授的？\n\n①垃圾老师，学术低下，固步自封，自私虚伪；②人品恶劣，心理变态，道德败坏，毫无底线，简直丧尽天良；③极端压榨，表里不一，PUA高手，阻碍学生就业，摧毁其前途；④极不尊重女性，言语低俗恶心。\n\n敢问浙大地科学院，这样的东西引进之前，没有政审过吗？作为大学教授，向学生分享法国票c经验，真想点个赞呢？
160556,5783,张德国,2022-09-27 01:56:25,20,23,3,千万不要包括他的研究生，形象光鲜，内心阴暗；学生平时勤勤恳恳，到毕业找工作了还给各种使绊子。
168264,5783,张德国,2023-02-07 13:44:40,17,20,3,不要靠近，会变得不幸
159731,5881,李鸿威,2022-08-26 05:17:03,-2,5,7,这地理实习作业布置的，我真哈哈了。
159808,5881,李鸿威,2022-09-01 06:54:50,0,5,5,剑冢，实习作业布置的和sb似的
139783,6070,石许华,2021-07-26 10:25:02,5,8,3,地星导。上课是中文，课件是中英夹杂，每周作业有一定难度（虽然不会太难但是需要思考很多东西），要做好心理准备！\n\n老师人很nice，对学生非常热心
150021,6070,石许华,2022-01-18 10:13:57,3,6,3,某种意义上是带我走进学术圈的老师
171382,6070,石许华,2023-03-23 03:32:28,3,4,1,不错的老师！
174905,6070,石许华,2023-06-19 13:27:56,3,4,1,老师人很好，很真诚，很善良，可以学到很多东西。
181284,6070,石许华,2023-10-13 02:46:16,4,7,3,上课超棒，每一节都有硬货，还带我们出去玩；给分超好，直接满绩；考试作业都偏简单，上过课复习过一小下基本都能拿满；很耐心引导学术入门，教用各种学术网站和学术软件
190993,6070,石许华,2024-03-27 15:20:01,2,4,2,满足了我对一名科学家的所有想象，温和、热情、有活力、关爱学生
194257,6070,石许华,2024-06-23 02:11:58,8,9,1,耐心，负责，经常鼓励学生，无论最终做得怎么样给的总是正面评价，看得出来非常用心得想教会我们一些东西
205707,6070,石许华,2024-12-11 11:20:33,0,0,0,石老师总是笑眯眯的，经常鼓励我们，你外请了两次外教来，都让我们开拓了视野。教的东西都是在后面的实习里有作用的，收获很大，布置的作业也是非常有启发性的。
208383,6070,石许华,2024-12-27 09:29:23,0,0,0,好老师啦啦啦
212608,6070,石许华,2025-01-14 09:13:46,3,3,0,满分的老师！虽然课程内容有些杂，但是都是为了帮我们理解学科内容，选择研究方向用的，现在回看真的非常感谢石老师当时的指导，且行且珍惜吧
160411,6329,付晓,2022-09-21 14:40:19,14,16,2,2022年7月1日下午，地理信息科学20级学生短学期开始第一天，柴登峰之前被投诉书记信箱了，于是召开班会，班主任付晓老师公布了这门课的成绩分布：“期末总评全班均分75，挂科共6人，成绩符合学校的正态分布规则，最高的三位同学分别得了91，88，85，你看，还是有不少同学考得很不错的。”这门课总人数为29人。付晓老师力挺柴登峰老师，并对投诉这件事情表示不满，认为“书记信箱不是用来投诉的”。
172708,6329,付晓,2023-05-05 02:22:24,1,1,0,给分稀烂
173220,6329,付晓,2023-05-16 06:10:28,0,0,0,2022年7月1日下午，地理信息科学20级学生短学期开始第一天，柴登峰之前被投诉书记信箱了，于是召开班会，班主任付晓老师公布了这门课的成绩分布：“期末总评全班均分75，挂科共6人，成绩符合学校的正态分布规则，最高的三位同学分别得了91，88，85，你看，还是有不少同学考得很不错的。”这门课总人数为29人。付晓老师力挺柴登峰老师，并对投诉这件事情表示不满，认为“书记信箱不是用来投诉的”。
173314,6329,付晓,2023-06-13 15:09:50,0,0,0,呃呃呃
195025,6329,付晓,2024-06-26 11:44:05,2,2,0,很认真的一个老师
196829,6329,付晓,2024-07-05 10:56:33,2,2,0,老师接触起来挺有亲和力
215964,6329,付晓,2025-03-08 08:46:28,0,0,0,老师呆呆的很可爱，上课很认真，答疑的时候很热情
194126,6522,吴仁广,2024-06-22 05:55:05,1,1,0,老师人特别好，给分也好~
195532,6522,吴仁广,2024-06-28 16:26:53,0,0,0,给分巨好
142370,6747,吴森森,2021-11-10 14:39:57,5,7,2,森森......嘿嘿......森森好帅
151728,6747,吴森森,2022-03-14 02:52:20,11,13,2,程宋涛觉得很赞\n\n好评如潮
151842,6747,吴森森,2022-03-17 07:01:29,11,12,1,对学生很和蔼的老师。但容易被表象所迷惑，学生一边卷老师一边提高要求，让基础差的同学很难跟上。总而言之，鼓励内卷
152742,6747,吴森森,2022-04-19 06:09:08,7,7,0,sct很喜欢
152743,6747,吴森森,2022-04-19 06:10:55,10,10,0,宋程涛认为褒贬不一
158363,6747,吴森森,2022-06-28 17:23:03,6,8,2,地院杜派（学政派）后继者，事多给分好，希望章派（学术派）摆正姿势
158401,6747,吴森森,2022-06-29 04:12:10,30,34,4,柴登峰是吴森森的亲孙子
158406,6747,吴森森,2022-06-29 04:41:21,6,7,1,虽然事多而且鼓励恶竞\n\n但是给分是真的深得杜老师真传！！！
158849,6747,吴森森,2022-07-02 17:19:37,2,2,0,GIS课程杜派继承者，地科院球王，我的超人！
159381,6747,吴森森,2022-07-15 08:53:51,9,9,0,森森是个小天才\n\n鼓励内卷，作业多到爆炸，大程要命，累😫
164640,6747,吴森森,2022-12-22 11:31:32,-3,0,3,森森！
169472,6747,吴森森,2023-03-13 02:24:08,3,3,0,宸哥你别卷呜呜
170938,6747,吴森森,2023-03-13 02:25:00,4,4,0,同学们别卷辣
170964,6747,吴森森,2023-03-13 10:54:15,4,4,0,太卷辣，真的太卷辣。。。。。
173860,6747,吴森森,2023-06-03 18:20:28,12,12,0,现在是晚上2点18，敲代码敲到现在，记录一下🙂👿
173935,6747,吴森森,2023-06-05 03:27:28,3,3,0,大程展示前最后一天，睡在东四
176667,6747,吴森森,2023-06-29 15:47:59,4,5,1,魔兽争霸，非常好工作！爱来自程松涛
177920,6747,吴森森,2023-07-05 12:23:19,2,2,0,别卷了球球了
178369,6747,吴森森,2023-07-11 04:28:21,2,2,0,给分真的很迷 不太懂
193625,6747,吴森森,2024-06-14 04:24:19,3,4,1,睡在东四？通在东四！
197179,6747,吴森森,2024-07-09 00:05:26,3,4,1,身边一圈没一个上4的，冲着之前评论区给分好的话还是别选了。老师还是蛮好的，杜老师吴老师都挺好挺和蔼的。
197199,6747,吴森森,2024-07-09 17:17:05,0,2,2,还可以
197539,6747,吴森森,2024-07-18 05:48:19,0,1,1,作业略多但操作步骤很详细，最后给分也还不错
218766,6747,吴森森,2025-05-03 12:23:44,18,18,0,我们有时空智能大模型！\n\n但是整个地信去年连个基金都块申不到了，还是自然地理研究所的研究员帮你兜底（值得一提 wss已经是教授了哦 人家还只是研究员）\n\n我们与AI结合！创新算力！\n\n100张A800连tm遥感实验室都用不到，放在那里吃灰\n\n我们创赛保底省金！\n\n事实就是好高骛远，估计某创赛石沉大海了把 没话讲了吧 研究生名额下不来了吧 没有经费了吧\n\n我们希望同学可以自己学习！\n\n点名GIS应用开发 本身是好课 可是完全不备课 全是助教备课 每一年上的都不一样 还鼓励恶性竞争\n\nWSS代码能力超强！\n\n可别了吧 一个将近四五年没打过代码的人还在吹呢 天天GNNWR 直接一个模型忽略所有地理要素 也难怪自然地理研究所的科研老师们当时极力反对\n\n真要很会打代码 看看隔壁地理空间数据库tyb 人家一下课就打开电脑打代码做项目\n\n希望地科院在老师的带领下越来越好呢
219535,6747,吴森森,2025-05-29 09:47:12,8,8,0,热衷创赛，创赛能增加研究生名额，但水平很有限，基本只指导某几个人。还有希望学弟学妹们不要来做GNNWR了，真的没啥意思而且能创新的很有限了
220205,6747,吴森森,2025-06-16 09:00:35,-12,0,12,专业知识储备深厚，课程内容组织有序。能把地理信息科学基础概念、原理清晰阐释，讲解逻辑严谨，从理论到实践衔接自然，助力学生构建学科知识体系，教学效果良好 。
220422,6747,吴森森,2025-06-18 01:59:35,3,5,2,就地信导而言\n\n我真是草你大坝🙄\n\n期末发了一份重点 23页\n\n就不论以前dzh的重点只有11页好像\n\n你划的重点覆盖率也只有不到60（划的内容可不只这么点）\n\n真信你了只背重点，考试直接昏头，一半不会😅\n\n亏我半夜背到两点钟 起来考试你真是给我迎头一大棒👍草你大坝
220514,6747,吴森森,2025-06-18 10:28:24,3,3,0,开的课感觉没什么意义 内容又多 至少十个学分的内容硬生生凑成2.5学分属实不应该 而且老师真的认为学生什么都会😅
220537,6747,吴森森,2025-06-18 12:04:50,7,7,0,傻叉老师，水平很低
220556,6747,吴森森,2025-06-18 13:02:45,2,2,0,把gis应用开发拆一拆吧，我不行了
157834,6800,Lydia Lattin Mackenzie,2022-06-25 04:48:08,3,3,0,感觉这个老师不懂得我国国情
158214,6800,Lydia Lattin Mackenzie,2022-06-27 13:47:13,0,1,1,似乎这门课挂的人挺多的，但英文论文真认认真真写的话应该不至于给挂\n\n至少老师认真看了我的论文，并且在论文上写了很多评语\n\n是个可爱的老师
159006,6800,Lydia Lattin Mackenzie,2022-07-04 11:18:44,0,0,0,老师上课很认真，要求也很严格，好好学确实能学到很多东西。不过难也挺难的，最后essay没写好有点残念
143651,6988,陈国新,2021-11-30 05:13:35,4,9,5,傻逼。
153931,6988,陈国新,2022-05-17 05:40:24,5,13,8,陈老师很好很耐心呀，也很为学生着想，很理解学生的难处，同时为学生提供了大量的资源援助。
153961,6988,陈国新,2022-05-18 04:30:34,4,10,6,傻逼把你嘴里的拖鞋拿出来再说话
155784,6988,陈国新,2022-06-16 02:47:35,1,5,4,贱逼
161334,6988,陈国新,2022-11-04 07:52:04,4,5,1,希望大家理性评论，客观评价，不要出口成脏污蔑老师
192389,6988,陈国新,2024-05-17 07:13:54,1,1,0,还行吧
160309,7126,顾笑龑,2022-09-18 13:40:42,8,8,0,课上的怎么样还不知道，反正是个好班主任
211719,7126,顾笑龑,2025-01-12 09:06:47,0,0,0,人挺好的，和善
194615,7824,XIAOJING JIA,2024-06-24 15:19:54,0,0,0,贾老师每周的课上会有25分钟左右的讨论环节，大作业任务量不算太多，感觉大头还是在期末上。大作业pre注意一下图片出处之类的规范吧。贾老师上课还算ok吧，不能说有趣但也是条理清晰了。老师对同学有较高的期望，但是人很和善。
182196,7923,梁鹏,2023-11-12 10:10:32,-2,4,6,人品贵重，乐于助人，有理想有激情
197702,7923,梁鹏,2024-08-01 02:21:45,2,6,4,见面会听过老师提到空间过程，很有味儿，想上他的课，可惜没有开😂
204209,7923,梁鹏,2024-11-25 03:29:47,0,1,1,我目前见过的最厉害的人
160580,7954,刘佳,2022-09-27 11:03:16,3,6,3,老师很好，快来读他的研究生
217671,7954,刘佳,2025-04-15 03:11:08,1,2,1,极差，地球学院的来授传院专业课是要几把干啥？上课声音近似于无，感觉就是半死不活。均绩你妈的还低。
218165,7954,刘佳,2025-04-22 00:13:01,0,0,0,声音真的很小。。
218189,7954,刘佳,2025-04-22 03:07:39,0,0,0,狗屎，第一次见把稿子放在讲台上念的，这种人也能当老师吗，对着那个稿子就是要死不活的念，来上这种课真的是浪费生命，妈的还要点名，强迫老子们过来吃屎，避雷，能不上她的课就尽量不要来。
219334,7954,刘佳,2025-05-27 02:33:43,0,0,0,此刘佳非彼刘佳。传院的那位刘佳老师，第一节课我从头笑到尾，在想世界怎么这么荒谬，这真的是老师吗？传院念稿子的老师见过不少，连装都懒得装的是第一次见（以及稿子质量还不如chatgpt写的，前言不搭后语，两句话之间的关联像是鱼和自行车）；实在太好奇去传院官网查了老师的履历，清华毕业，日本留学，文艺学美学研究背景，简直让我无法与课堂上的那一位伪人老师关联起来。唯一的解释可能是，学院随便找了个老师来顶事，老师也就随便应付一下，那学生怎么办呢？在这位老师的课堂上我最先感受到的是一种巨大的不尊重，后来也就慢慢习惯了，老师声音小，正好也不打扰我做其他事，但是。唉，但是。
220278,7954,刘佳,2025-06-17 05:09:28,0,0,0,上课拉跨给分奇差，节节课点名，nb
201682,8048,宓彬彬,2024-11-05 10:56:29,-2,0,2,讲话爹味真重，课很无聊，不过平时作业不多
211713,8048,宓彬彬,2025-01-12 08:57:43,1,1,0,友善 作业相对轻松
201681,8078,张壹,2024-11-05 10:55:01,-3,0,3,课上的真烂，自以为是的sb一个
211715,8078,张壹,2025-01-12 09:01:39,2,2,0,人还行，老师是第一次讲课而且重力和磁场的内容有点多，很难专注地听进去。\n\n优点是ppt很清楚，复习的时候很方便。期末重点也划得很明确。
127655,8276,鲍雨欣,2020-11-25 11:39:35,9,19,10,一次小组展示一份职规报告。大家都内卷。
127670,8276,鲍雨欣,2020-11-25 14:50:09,-3,14,17,事少，平时一点作业也没，期末一次小组展示，一篇生涯规划书，一个人物访谈。期末认真点分还可以
127680,8276,鲍雨欣,2020-11-25 17:19:39,0,24,24,老师特别漂亮！！！！！我超级磕老师的颜！！！！人特别好，给分特别豪爽，职业生涯规划让我认识到自己咸鱼的大学生活并学会规划，付诸努力，于是我微积分期中考98分，哈哈，课特别有意思，都是引用了特别多的国内外文献和数据还有一些测试网站，上课就像在游览，对于职业有了更清晰的认知，然后规划书没有做特别好（甚至略微速成）但是老师给分很豪爽！！好爱！\n\n\n\n考试是一份规划书+一次小组展示，然后平时回答积极还有bonus加分，很合理啦，给我匮乏的绩点添了一笔曙光，哈哈！！！宝藏老师！！
127928,8276,鲍雨欣,2020-11-30 11:11:29,2,15,13,老师上课蛮有趣的，给分比较可观，主要看期末的认真程度
128560,8276,鲍雨欣,2020-12-24 01:45:44,-4,9,13,给分真的好呀(✪▽✪)！快选快选，机不可失，失不再来
129233,8276,鲍雨欣,2021-01-01 17:30:42,-5,8,13,课程内容有趣
130959,8276,鲍雨欣,2021-01-25 11:33:25,-5,4,9,老师人很好
133282,8276,鲍雨欣,2021-02-23 12:08:33,-5,6,11,老师的课很有趣，上课超级认真，事少，绝对宝藏老师
133634,8276,鲍雨欣,2021-03-03 04:43:58,-7,4,11,老师很漂亮。
135165,8276,鲍雨欣,2021-05-05 09:37:48,8,13,5,万万没想到，感觉都认真了，分数有点令人失望
135184,8276,鲍雨欣,2021-05-05 11:55:28,4,7,3,可能我的关系吧\n\n这门课没什么好说的，感觉对于有些真正有自己规划的人来说是浪费时间。\n\n最后那份报告看样子是没被瞧上\n\n总而言之，不喜欢这门课，老师无罪
135309,8276,鲍雨欣,2021-05-08 02:38:02,-6,4,10,内容干货满满，个人收获很大
135778,8276,鲍雨欣,2021-05-25 09:49:30,6,10,4,dictator👎👎👎
135837,8276,鲍雨欣,2021-05-28 14:27:27,-3,3,6,思修课 感觉老师讲得还过得去 但没什么诚意 自然听众也没有什么收获 果然对思修课就不该有什么期望 给分的话不了解整体情况
136026,8276,鲍雨欣,2021-06-09 13:55:03,-6,1,7,ok哇
136341,8276,鲍雨欣,2021-06-16 14:27:18,7,12,5,分两个方面，教学方面，一般水平；行政方面，堪比陶虹向、沈燎、刘玉娥等那一大帮2货辅导员，浙大辅导员都这么垃圾？
137218,8276,鲍雨欣,2021-07-02 10:56:42,5,8,3,有一说一，作为一个不喜欢通识课写作业的人听这门课的感受：没啥用，讲课也没意思，听完啥感觉也没有，而且对于作业什么的格外注重形式，而不去管是否有价值
137366,8276,鲍雨欣,2021-07-03 13:19:11,9,10,1,课很好，但是展示的时候遇到自己不认同的观点会打击比较严重。蛮影响展示分数的
137367,8276,鲍雨欣,2021-07-03 13:20:42,-3,5,8,人比较自信 说实话感觉不是特别open-minded。跟她看法不一样的可能入不了她的法眼。\n\n个人很欣赏她的性格。但觉得还是有所欠缺吧，希望更加包容一点。\n\n我给的分很高 这条不是踩 而是个人的一些看法 供大家参考
138441,8276,鲍雨欣,2021-07-09 08:38:31,-4,6,10,好老师，yyds
138472,8276,鲍雨欣,2021-07-09 11:06:19,6,7,1,一般吧 就一般\n\n给分讲课都一般
138616,8276,鲍雨欣,2021-07-10 03:27:44,-2,7,9,说实话，最后期末展示是组长们和老师共同打分，且组长们都有积极提问，反正有些组展示得确实不好。作业有认真做，分数满意。
138676,8276,鲍雨欣,2021-07-10 09:41:46,8,8,0,每个组展示的好坏组长心里自有一杆秤，但展示中遇到不满意的地方就直接输出，这不会对其他组长的看法产生影响吗？老师总会发现所有不足之处吗？这样真的公平吗？
138857,8276,鲍雨欣,2021-07-11 09:49:10,-9,3,12,10分，不多说
140151,8276,鲍雨欣,2021-08-30 13:36:09,16,18,2,什么时候离开地科院，这座小庙容不下您这尊大佛
140202,8276,鲍雨欣,2021-09-04 16:14:08,12,12,0,求您快点离开地科院吧，放孩子们一条生路吧
140219,8276,鲍雨欣,2021-09-05 16:25:09,18,19,1,三位一体进来的，相比大类招生的同学，我很早就接触了这个人，第一眼给我透露的感觉就是霸道、嚣张、蛮横、无理取闹，此后越有交涉，越感觉此人以自我为中心，企图所有人都接收她的价值观。想方设法刁难学生，喜欢形式主义和形式主义带给她的成就感。对学生的工作毫无尊重可言，政策朝令夕改【此处指的不是防疫政策，是她有权力制定的一些政策】。三本的辅导员质量确实是差。
141044,8276,鲍雨欣,2021-09-22 06:48:11,-5,2,7,还行吧！职规给分不错的
141238,8276,鲍雨欣,2021-09-29 06:17:41,12,12,0,多少沾点这辅导员，仗着地科院就这一个辅导员狗仗人势
141511,8276,鲍雨欣,2021-10-12 15:40:41,7,8,1,什么，你竟然接受不了她的嘲讽冷笑反问，哦那你一定是心理素质太差！什么，你质疑她行事不公，那是你没拍她马屁，谁叫你不鞍前马后呢，她干嘛给你方便呢？什么，你说她喜欢把事情怪罪到你头上，那是你不知道，地科院权力最大就属她了。
141709,8276,鲍雨欣,2021-10-21 07:42:56,8,8,0,现在新来了一个辅导员，本来好好的一个人，被鲍雨欣带成了鲍雨欣的样子，现在两个辅导员一起欺压师生、欺软怕硬，鸡毛当令箭，朝令夕改，最该不忘初心牢记使命的人到底是谁？
162620,8276,鲍雨欣,2022-11-29 15:37:17,7,7,0,官僚主义形式作风你是一样也不差啊，组织也没见你好好带，有啥真扎实干的成果吗？至于你的博士是不是读到半道读不出来了转了硕士也不去纠结了。只能说不是一家人，不进一家门。祝你们长长久久，臭味相投。
170932,8276,鲍雨欣,2023-03-12 15:49:01,4,4,0,尖酸刻薄，什么最美辅导员啊？
221968,8276,鲍雨欣,2025-06-28 05:43:39,0,0,0,职规较水，给分尚可，期末展示为PPT且有时限要求，所以不需太卷，选不上别的评价更好的老师可考虑
157768,8874,Lydia Mackenzie,2022-06-24 17:57:33,3,4,1,厨中厨
201936,9116,陈云枫,2024-11-07 13:05:37,4,4,0,很可爱的男老师（看着好年轻啊），综合实习对学生挺好的（还会吐槽食堂人怎么这么多），地震学讲得也比较清楚，实习给的demo也对新手友好~听说今年要开课了？期待一下学弟学妹的repo
170709,9303,蒋艳冬,2023-03-08 08:28:05,-5,3,8,老师人很好
173422,9303,蒋艳冬,2023-05-24 03:44:37,0,1,1,避雷，，职规绩杀
173429,9303,蒋艳冬,2023-06-07 08:40:12,1,1,0,老师好像是第一年开课，感觉出来已经很努力了，但是体验真的是很差\n\n职规大多都事多，老师的事情其实也还好吧，不算特别多\n\n讲课真的很坐牢，老师说话完全没有起伏，讲课也没有什么用处，全都是空泛的理论，有一点有意思的游戏，老师也完全没有调动气氛的能力，整个课堂死气沉沉，老师还要动不动走下来把话筒递给你\n\n最后课堂展示评分标准我很怀疑，最后一组展示的时候老师直接接电话离开了，我请问怎么打分呢\n\n出分特别慢特别慢，等了一个多月才出\n\n结果给分也是很差，如果再给我一次机会，我真的会毫不犹疑把这个课退掉
176796,9303,蒋艳冬,2023-06-30 07:39:58,0,1,1,职规课一般，分还行
192530,9303,蒋艳冬,2024-05-23 06:39:38,0,0,0,室友的辅导员，和学生工作有关的信息都拎不清，甚至以为地科大三的组寝是跟大一一样的一批人（按大类）组\n\n还有一次就是委托班长在班级群里发无关家教广告
197948,9303,蒋艳冬,2024-08-21 12:19:46,0,0,0,消息已读不回，一切通知永远最晚\n\n只能说逆天
198293,9303,蒋艳冬,2024-09-06 07:12:45,0,0,0,平易近人
200966,9303,蒋艳冬,2024-10-25 12:13:44,4,4,0,帮蒋老师平衡一下吧，讲课可能不好，但经验不足难免的，当辅导员当的不错的+
195015,9544,邓洪旦,2024-06-26 09:41:38,-2,2,4,先打个8分\n\n讲“褶皱膝状枢纽”的时候愿意抬起一条腿给我们示范\n\n愿意周末晚上给同学们补课时
201156,9544,邓洪旦,2024-10-29 11:27:28,0,0,0,...
219312,9544,邓洪旦,2025-05-25 02:03:53,3,3,0,构造地质学还有两周结课，摸鱼来写个评价。邓老师负责后8周。先说缺点，老师上课为了推进教学进度可能严重拖堂，十几二十分钟。至于优点，老师PPT制作很精美，有大纲，有很多很多图片，会上传至学在浙大；平时讲课还不错，热情答疑；老师人属于地科院年轻老师，活泼有趣，也希望课堂能更活泼有趣，会点人回答问题；非常关心学生课业。另外，老师每节课都会点人数（其实地科院的专业课谁来没来一眼都知道，人就几个）
219752,9544,邓洪旦,2025-06-05 06:45:29,-1,1,2,不点名，不叫同学回答问题，准时下课，不催作业
170713,9590,戴攀曦,2023-03-08 10:35:06,3,3,0,非常好
214064,9590,戴攀曦,2025-01-23 11:03:32,1,1,0,首先老师很温柔，其次从专业角度来说老师讲的很清晰，很好，给分更是好
174587,9713,戚劲,2023-06-14 09:39:51,3,3,0,戚劲老师特别认真负责，科研很仔细，对待我们很细心、耐心。能有这样的好老师真是很幸福的事情^ - ^
174608,9713,戚劲,2023-06-14 12:58:53,2,2,0,博后，打工人，据说写过实验室第一篇Nature Index论文
198028,9842,Bryan Riel,2024-08-26 00:29:32,1,1,0,地球科学大数据考试题目出得有点难度，不过老师人挺好的，上课也不错
201909,10225,俞红玉,2024-11-07 09:43:44,7,8,1,选了俞老师做毕设，来谈谈自己的感受。\n\n1. 老师的专业知识非常非常过硬，无论是计算机领域还是地震学领域都非常了不起（毕竟是PKU毕业的大佬btw顺便挖出了老师好像在高中时候拿过信息学竞赛一等奖）。而且老师永远怀着求学的心，在和老师一起做毕设的过程中，不懂的东西也会虚心请教共同学习。\n\n2. 老师的人文关怀非常好。我毕设的时候胃疼，老师二话没说给我推荐了胃药；去线下讨论的时候还请我喝饮料……非常体谅学生。她还说过如果来选她的研究生会给其足够的发展机会，一定会把学生培养好（海外交流等）\n\n3. 不知道老师上课是什么样的，但是从她的为人合理推测，如果是俞老师上课一定不会差。真的很希望大家认真学不要辜负老师（肯定是能学到东西的）。如果和老师有缘分遇见，跪求take it seriously一些……P.S.如果对人工诱发地震以及AI4SEIS有兴趣的同学可以多和她交流哈
214491,10225,俞红玉,2025-02-08 13:14:06,4,4,0,专注，严谨，温柔，有趣
