评论id,老师id,老师姓名,发表时间,点赞减去点踩数量,点赞量,点踩量,内容
19,3284,夏强,2015-03-14 15:25:40,14,17,3,不知所云，生理组太坑
20,3284,夏强,2015-03-14 15:26:16,20,25,5,不知所云。生理组都是坑爹，什么夏蛤蛤啊赖肾肾啊都是不知所云。上课讲不清楚就算了一定要搞一个不知道怎么做出来的课件。
146,2648,胡讯,2015-03-14 16:09:39,0,0,0,无聊\n\n
352,851,方马荣,2015-03-15 01:19:52,13,19,6,讲课不详细 解剖时人没影 问他怎么解剖或结构死不回答 让咱自己摸索甚至反过来考你 不指导就算 不让切这切那 深层结构因浅表部分不能切除而受阻碍 80字不够吐槽
374,759,王青青,2015-03-15 01:37:17,23,28,5,草鸡清晰有条理！
756,314,那仁满都拉,2019-05-26 12:51:24,3,9,6,很好
862,1573,施卫星,2015-03-18 02:54:48,0,4,4,很有趣！很棒！
894,151,包家立,2015-03-18 12:24:52,25,33,8,一个博学的老头，在他的课上可以学到各种知识，而且很能引人思考
954,2436,余海,2015-03-19 14:28:40,39,69,30,推荐所有学医的和打算学医的孩子去听…能了解很多的东西~\n\n期末是一篇和医学史相关的文章~~
1110,623,朱善宽,2015-03-21 16:11:22,5,23,18,如果你的ppt技术不过关的话，千万不要选实用营养与保健！
1182,2176,王会平,2015-03-21 16:25:56,1,1,0,认真的老师
1570,1573,施卫星,2015-03-22 15:30:54,14,16,2,有激情
1736,1573,施卫星,2015-03-24 01:14:13,1,5,4,老师人好棒！
1788,2177,王建炳,2015-03-25 01:36:40,1,1,0,ppt清晰有条理，但上课实在是太催眠了
1819,575,胡虎,2015-03-25 14:55:21,21,22,1,超级棒的！条理清楚表达流畅气质优雅幽默风趣，狂点赞！
2043,751,林旭瑗,2015-03-30 07:38:53,5,5,0,简直想自杀
2104,1437,周韧,2015-04-01 12:04:31,22,29,7,最喜欢周韧的课了，周韧的人格魅力是医学院很多老师没有的
2158,3069,柳华,2015-04-03 05:39:10,5,8,3,柳华老师讲课技能点满，听她上课一点都不瞌睡，放的视频资料也是很好的听力材料( •ิ_• ิ)上她的医学细胞生物学
2366,751,林旭瑗,2015-04-27 13:41:16,5,6,1,狗屎啊！超坑爹的！\n\n讲课像是自言自语，完全靠自习！！
2426,1437,周韧,2015-04-30 11:43:53,46,57,11,周老师简直医学院男神
2456,13,张咸宁,2015-06-24 04:50:26,87,98,11,都是为了活着
2614,594,徐立红,2015-05-04 17:32:55,24,29,5,像妈妈一样的老师 会不停重复重点 人很好 关系学生 喜欢和学生交流 很博学 带动我们也不小心就想去多看书～给分不知道 但是上她的课有种在家的感觉
2615,3405,沈颖,2015-05-04 17:34:36,13,40,27,老师很博学啊 讲的很有意思 对于大一新生来说都能听得懂大部分 给分很好！
2619,1019,郑莲顺,2015-05-04 23:05:59,9,13,4,超赞，漂亮幽默有重点，还有故事听
2775,1287,杜亚平,2015-05-07 06:27:03,5,7,2,飞一般的感觉
2845,3284,夏强,2015-05-08 14:04:05,-14,5,19,温和，慈祥～课听的不多，但人很棒～
2879,1573,施卫星,2015-05-10 08:22:02,7,9,2,赞，课上的有意思
2984,1573,施卫星,2015-05-12 07:58:30,-1,6,7,老师讲课 有意思 例子有很多 虽然有正态分布但给分还是很好的
2985,1573,施卫星,2015-05-12 08:08:07,7,11,4,老师挺好的，但给我的分不算高，不知道其他人怎么样
3099,2453,骆严,2015-09-14 11:28:27,43,57,14,骆老师对于课程的用心程度值得很多浙大老师学习\n\n
3180,623,朱善宽,2015-05-19 07:31:20,15,41,26,毫无防备 出成绩了 助教才说 我们这门课是打等级的 课程考核也是最后两周出的 超级无聊 别选了
3221,3152,黄河,2015-05-21 09:00:58,-2,1,3,严谨全面
3278,969,焦晶晶,2015-05-26 02:48:15,1,5,4,很恶心的人，甚选
3341,1267,郑树森,2015-06-03 02:34:56,8,9,1,非常好
3365,1573,施卫星,2015-06-07 07:20:43,11,11,0,可以很水，听了也可以挺有意思
3491,1573,施卫星,2015-06-16 14:50:20,3,7,4,听施老师的课，有一种发自内心的激动，逢人必推荐
3531,314,那仁满都拉,2015-06-17 01:29:02,25,48,23,给分好，讲的内容也很充实。
3665,1702,毛峥嵘,2015-06-17 02:08:42,-44,4,48,不按课本讲课 最不能理解的是实验课的时候讲课ppt和下发ppt不一样 下发ppt是删减版 这是让我们少学一点的意思吗
3978,1573,施卫星,2015-06-17 11:44:00,0,4,4,老师讲课超赞 人很nice
4015,1092,沈岳良,2015-06-17 13:56:18,0,4,4,水\n\n
4076,1416,沈晓红,2015-06-17 16:08:34,-17,7,24,论文破了万，给分挺好看
4096,1556,王鑫慧,2015-06-17 16:50:56,2,6,4,通识讲的很一般。收获不大。太年轻
4437,1416,沈晓红,2015-06-23 05:17:04,84,119,35,很温柔  上课会讲很多例子 重口治愈都有 一共就两篇2000+的论文 给分也不错
4504,1573,施卫星,2015-06-24 04:20:23,-1,5,6,老师很赞，讲课有激情，给我打分不错，考试挺轻松
4528,2728,竺可青,2015-06-24 07:28:25,19,22,3,必须的我男神，深入浅出拎重点的男神
5061,2436,余海,2015-07-03 02:58:26,11,15,4,老师讲得很好很有趣！
5150,2436,余海,2015-07-05 04:42:41,6,7,1,讲课很好  强烈推荐
5174,1573,施卫星,2015-07-05 14:34:07,3,6,3,课堂很生动！像讲评书！
5321,1556,王鑫慧,2015-07-06 14:55:15,3,11,8,感觉还是不错的 人很好 上课很轻松
5425,710,欧阳宏伟,2015-07-07 09:49:18,-12,13,25,副院长，有情怀的好老师
5532,2176,王会平,2015-07-08 05:29:18,0,1,1,生理学催眠大师，人还可以
5843,3069,柳华,2015-07-09 15:02:09,1,2,1,很温和
5844,3069,柳华,2015-07-09 15:02:15,2,2,0,哈哈
5845,3116,赖蒽茵,2015-07-09 15:03:31,17,19,2,无聊
5847,3116,赖蒽茵,2015-07-09 15:04:08,-4,0,4,无聊 考试蛮简单的
5982,2436,余海,2015-07-10 06:21:58,18,19,1,老师很好 然后要好好写论文。。不要大段从网上抄。。
6112,1416,沈晓红,2016-09-20 01:52:30,51,70,19,讲课很有趣，两篇论文，给分不错，还不点名……（我一直在等她点名啊摔
6355,763,蔡挺,2015-07-13 07:51:12,1,3,2,有个性的老师
6455,751,林旭瑗,2015-07-14 05:24:20,5,8,3,完全听不懂在讲什么，严格，感觉平时分比其他老师给的少很多
6456,2505,陈玮琳,2015-07-14 05:25:03,6,9,3,好老师，讲的很有调理
6457,1437,周韧,2015-07-14 05:26:16,1,5,4,很有意思的老师～超有个人魅力，课也讲的超棒～
6509,3284,夏强,2015-07-14 14:29:54,-15,3,18,讲得特别棒，风趣，知识也容易接受
6510,3116,赖蒽茵,2015-07-14 14:31:38,29,37,8,怎么说呢，感觉他不适合做老师，可能以前科研做出了点成绩，现在都在卖老本了，吹嘘自己的成就，讲课高大空不知所云
6512,877,徐恩萍,2015-07-14 14:40:09,1,3,2,每节课都会花至少二十分钟说不好好预习的事情，问她问题她会说跟你们讲有什么用啊，你们又不学，然后就。真的不讲了，成绩医学院大概只有她这里有很多50分+
6593,1380,马晓光,2015-11-29 09:20:10,25,31,6,老师好棒
6607,1556,王鑫慧,2015-07-16 08:39:12,0,5,5,好
6614,594,徐立红,2015-07-16 11:44:46,4,5,1,还好
6615,594,徐立红,2015-07-16 12:08:23,7,9,2,挺好的。她的课成功挽救了渣渣我
6618,594,徐立红,2015-07-16 12:55:21,8,10,2,挺喜欢徐老师的，课件特别有逻辑
6636,1573,施卫星,2015-07-16 16:57:27,6,12,6,给分倒是很随意…也没觉得讲得好…骗骗热血青年吧
6744,2550,申屠建中,2015-07-20 10:51:06,0,1,1,上课听老师瞎BB就好，还是能学到一些不能从书上学到的知识的\n\n
6798,1437,周韧,2017-09-14 06:04:56,6,11,5,上周韧老师的新生研讨课被老师的人格魅力征服了……然而就是绩点给的略坑(按档评分)，虽然我依然爱老师
6947,710,欧阳宏伟,2015-08-23 03:11:49,-3,21,24,讲课超级好！而且特别有个性
6996,2722,许均瑜,2015-08-25 02:42:43,20,21,1,女神，讲课有条理，与学生的距离比较近
7229,1611,章军,2015-09-11 13:47:03,-5,4,9,老师比较喜欢提问，除此之外还是不错呀
7521,1789,王伟,2015-09-15 01:46:24,5,8,3,可以
7545,2344,沈逸,2015-09-15 03:12:06,1,1,0,好
7580,1416,沈晓红,2015-09-15 05:33:53,23,26,3,案例很多，老师很有特点
7609,314,那仁满都拉,2015-09-15 06:31:20,2,7,5,很棒的老师，关心学生
7666,1789,王伟,2015-09-24 04:03:40,7,10,3,讲的太快，也不问我们懂不懂，很多听不懂的直接就过去了
7702,1789,王伟,2015-09-15 10:12:20,5,11,6,最好的老师~
7754,1789,王伟,2015-09-15 12:25:40,-1,3,4,非常奇葩，能学到很多\n\n
7778,1789,王伟,2017-09-15 04:46:21,0,4,4,非常有意思，氛围十分好。\n\n
7781,2394,熊思尘,2015-09-15 13:23:51,2,5,3,分炒鸡低
7782,2394,熊思尘,2015-09-15 13:23:51,-1,2,3,好
7783,2394,熊思尘,2015-09-15 13:24:03,2,4,2,超级低
8029,3190,周婧,2015-09-16 14:24:28,3,6,3,可以哟
8059,1019,郑莲顺,2015-09-17 00:47:50,14,18,4,很棒哦
8193,774,华金中,2015-09-17 11:05:38,4,7,3,有些枯燥，但挺尽心的。
8332,1380,马晓光,2015-09-18 11:36:17,19,24,5,老师好帅
8357,1789,王伟,2015-09-19 07:09:25,-2,7,9,死死死死，作业太多太多太多太多太多太多太多太多太多太多太多太多太多太多太多太多太多太多太多太多太多太多太多太多太多太多太多太多太多
8554,1267,郑树森,2018-11-24 03:59:18,7,9,2,好好好
8676,370,朱心强,2015-09-24 02:31:38,10,12,2,和蔼幽默的老师\n\n
8689,1789,王伟,2015-09-24 04:43:29,5,5,0,无语态度不好
8750,370,朱心强,2015-09-25 08:58:09,17,20,3,不错，很敬业，连站了2个半小时，很亲切。
8779,1416,沈晓红,2015-09-26 12:30:32,16,21,5,老师人挺可爱哒
8856,1416,沈晓红,2015-09-29 04:42:17,12,18,6,很棒的老师
8885,1789,王伟,2015-09-29 10:50:33,33,40,7,在学校这种教育场所不断地宣传自己的宗教信仰是否合理？偏见也很重
9037,1789,王伟,2017-11-18 07:18:28,117,139,22,数学系的王老师帅爆了好嘛
9064,13,张咸宁,2015-10-12 03:26:03,0,7,7,听相声
9271,13,张咸宁,2015-10-19 10:59:52,2,7,5,能听清楚
9349,1019,郑莲顺,2018-10-19 06:53:27,-115,7,122,没有逻辑，到处跑偏。
9425,13,张咸宁,2018-11-14 09:19:23,52,57,5,医学院第一喷
9581,1416,沈晓红,2015-11-02 06:07:40,5,8,3,不错哒，就是说话口音很奇特
9649,1785,金永堂,2015-11-03 15:58:12,9,14,5,千万别报他的课，他就是个坑…千万别报，不仅绩杀…
9738,2436,余海,2015-11-06 15:17:33,2,3,1,很好的老师
9801,2505,陈玮琳,2015-11-09 14:47:33,2,4,2,看到均绩我好怕，马上要考试了\n\n老师是没的说的，好
9802,2303,祁鸣,2015-11-09 14:49:41,16,20,4,感觉他好屌，自我介绍用英文，好厉害，要爱上了，好！
9803,2321,应李强,2015-11-09 14:50:49,15,16,1,不赖的老头，给个赞
9822,1416,沈晓红,2015-11-10 10:08:02,26,27,1,挺有趣的老师，上课比较轻松也比较有趣
9838,13,张咸宁,2015-11-11 00:41:22,62,66,4,错诊   误诊  漏诊！\n\nyou naive！
9879,1789,王伟,2015-11-11 13:16:07,0,0,0,爽翻你，很有意思
9909,13,张咸宁,2015-11-12 15:11:16,32,38,6,咸宁讲课太激动\n\n
9931,2356,沈毅,2015-11-13 01:19:39,11,17,6,老师上课讲得不错，但是不会给大家复习和划重点
9945,1789,王伟,2015-11-13 05:09:39,0,0,0,哈哈哈哈哈哈
9947,2436,余海,2015-11-13 05:13:55,1,2,1,很有意思，老师随和
9970,13,张咸宁,2015-11-13 12:39:48,10,20,10,很好的老师！听完他的课有一种很有动力的感觉！真是让人感动的老师。现在想来都是回忆呀。
9982,1451,夏大静,2015-11-14 01:32:46,4,23,19,噫噫噫
9983,1451,夏大静,2018-12-27 00:24:54,10,27,17,可以的\n\n
10010,1645,余沛霖,2015-11-14 08:09:59,20,27,7,老师讲课很温柔，长得也不错
10016,1137,夏梽丹,2015-11-14 09:04:19,2,5,3,非常好
10216,1789,王伟,2015-11-17 12:39:09,-3,2,5,幽默..
10243,1573,施卫星,2015-11-17 15:19:11,-4,4,8,好好好好好好
10262,1573,施卫星,2015-11-18 00:40:43,0,3,3,老师讲课很风趣，有热情，欣赏这样的老师。给分也很好。
10278,1573,施卫星,2015-11-18 01:23:08,-2,5,7,给分还好
10396,2436,余海,2015-11-18 11:37:44,13,14,1,英文很好，而且很幽默≥﹏≤非常可爱的老师
10466,1573,施卫星,2015-11-19 03:30:24,13,18,5,给分个人不是很满意，上课很有热情
10527,13,张咸宁,2015-11-19 11:36:01,1,7,6,超可爱
10545,1789,王伟,2015-11-19 15:04:44,-1,1,2,老师挺逗的。讲的也可以。就是有点快。有时跟不上。
10556,1416,沈晓红,2018-12-26 16:06:28,32,47,15,想水能水，想听能听，两篇论文，给分看文章。\n\n有那么多韩国留学生，你懂的
10577,1191,陈学群,2015-11-20 05:47:17,4,14,10,开心极了
10578,1416,沈晓红,2015-11-20 06:19:05,2,3,1,不点名，给分一般还可以，不考试 ，水课的典型
10581,2321,应李强,2015-11-20 06:34:55,17,18,1,讲课很快，效率高！给分还不错。赞一个！
10584,1416,沈晓红,2015-11-20 08:41:50,2,4,2,蛮水的，常讲如何追妹子如何在爱情婚姻中驯养另一方，想听就听，不想听拉倒，从不点名，老师人蛮好。就是期中论文写完马上有期末论文有点烦。自己得分还是不错的。
10586,13,张咸宁,2015-11-20 08:52:26,0,6,6,挺好的，很有趣
10587,1416,沈晓红,2015-11-20 08:54:16,2,4,2,讲课超级棒，能学到很多，不错的老师
10594,1416,沈晓红,2015-11-20 10:24:51,2,2,0,讲得很棒 是通识里课堂氛围很轻松的一门～还有很多贴近大学生活案例  老师也很温柔呀～ 考试就是两篇论文而且也没有严苛的格式要求  认真写能表达自己见解会不错的
10598,1416,沈晓红,2015-11-20 12:08:53,1,1,0,老师上课都是讲一些很有趣的案例，也有些实用的知识，绩点也还不错，只有两篇论文要写。
10609,1416,沈晓红,2015-11-20 14:19:27,0,1,1,感动的绩点
10619,1191,陈学群,2015-11-23 05:08:49,3,13,10,给分为什么这么低。。
10641,1416,沈晓红,2015-11-21 07:46:13,39,44,5,不点名，期中期末各一篇2000+论文，给分不错，想不想认真听的都是一门好课
10644,13,张咸宁,2015-11-21 10:39:36,4,9,5,好老师！
10659,1416,沈晓红,2015-11-21 16:09:16,1,1,0,不錯
10666,370,朱心强,2015-11-22 02:40:01,1,2,1,讲得还好\n\n
10667,1287,杜亚平,2015-11-22 02:42:25,1,6,5,全英文课件，考试也是全英文，但是比较简单，题库里都有
10702,1416,沈晓红,2015-11-23 00:01:31,5,10,5,老师讲的还是挺好哒，不点名，给分不错，可上之课
10777,1416,沈晓红,2015-11-23 05:05:07,0,1,1,上课有趣，给分完美
10815,1416,沈晓红,2015-11-23 06:11:14,0,3,3,是一门很轻松的课 期中期末各一篇论文 给分挺好的 赞
10825,1416,沈晓红,2015-11-23 06:26:15,4,5,1,给分高 上课有趣  好课！
10833,1416,沈晓红,2015-11-23 06:35:56,2,3,1,案例多，很有趣。
10836,1416,沈晓红,2015-11-23 06:49:31,2,3,1,不点名
10840,370,朱心强,2015-11-23 06:57:08,17,28,11,老师很好 课也很水 最后只要把ppt全打下来就行（本人失策了，没打ppt）
10850,1789,王伟,2015-11-23 07:13:31,62,69,7,不要把医学院的那个和数学系的混了，数学王伟帅爆了好嘛！
10886,13,张咸宁,2015-11-23 08:13:45,115,123,8,你们这群庸医！这话我一辈子忘不了
10903,1366,马丽琴,2015-11-23 08:50:04,-8,3,11,好好玩手机就行了
10911,1416,沈晓红,2015-11-23 09:03:55,17,21,4,讲课有案例很好玩，而且论文就刚刚达到字数给分也很好(≧ω≦)
10920,2303,祁鸣,2017-09-26 10:45:08,10,18,8,上课基本没好好听，考试就是阅读理解，结果还满绩，很好很棒的老师呢
10927,1789,王伟,2017-12-21 00:13:10,88,118,30,上心理卫生课根本就学不到东西瞎逼逼，帮他写问卷做实验给分也不高
10928,1191,陈学群,2015-11-23 10:32:55,2,10,8,给分好低
10939,1789,王伟,2015-11-23 11:34:05,7,11,4,说好的做实验加分的呢〒_〒拉低了平均绩点
10942,1416,沈晓红,2015-11-23 11:38:43,1,1,0,论文认真写了给分很好。老师人很好。
10958,1789,王伟,2015-11-23 12:38:19,7,8,1,数学院的帅爆
10993,1789,王伟,2015-11-23 15:36:56,105,135,30,心理卫生的王伟，上课瞎bb，给分还低。完全不能学到东西的课，还拉低均绩。老师本人也让人不喜欢，大男子主义，贬低理科生，还宣扬基督教，真是报警了。
11005,2505,陈玮琳,2015-11-23 23:42:04,0,1,1,讲得很清楚，归纳得也很有条理。挺好一老师，就是课时数太少了
11006,13,张咸宁,2015-11-23 23:44:06,8,9,1,医学院第一喷
11020,1789,王伟,2015-11-25 08:38:28,40,51,11,心理卫生的老师吖 我勒个去 上课完全闲聊 思想很奇怪 哗众取宠 没什么实质内容 一篇论文定绩点 给分草鸡坑
11027,1789,王伟,2015-11-24 02:22:30,1,4,3,老师特别奇葩 段子手 上课你不听的话学不到任何东西 听的话…笑一笑十年少
11041,1789,王伟,2015-11-24 03:41:48,6,7,1,给分巨坑
11048,1789,王伟,2019-02-24 14:21:19,36,40,4,点名一次。讲课水，但是轻松愉快，学习量有限，基本娱乐。作业吃力不讨好，给分坑。
11049,1191,陈学群,2015-11-24 04:04:32,-2,6,8,能学东西，课有意思。给分低。
11053,1789,王伟,2015-11-24 04:09:53,-2,2,4,有趣 开心
11059,2321,应李强,2015-11-24 04:30:25,9,9,0,讲课很清楚啊，很负责
11062,13,张咸宁,2015-11-24 04:33:42,40,46,6,愤青一枚，讲课还是很不错的。你们这群庸医
11082,1789,王伟,2015-11-24 05:37:28,12,15,3,胡扯。分坑。努力与分数绝对不成正比。
11084,1416,沈晓红,2015-11-24 05:40:06,3,4,1,沈老师上课特别有意思，会分析案例，感觉上心理卫生这门课特别有用~给分也不错，超赞！
11123,1789,王伟,2015-11-24 10:48:44,4,6,2,现实成绩与理想落差有点大
11135,1789,王伟,2015-11-24 12:14:54,7,8,1,上课水 分低\n\n
11196,623,朱善宽,2015-11-25 06:44:13,4,6,2,成绩总是出得很晚\n\n
11293,1789,王伟,2015-11-26 09:34:44,38,46,8,数学系王老师好
11335,1789,王伟,2015-11-27 09:09:22,6,6,0,瞎逼逼
11464,1191,陈学群,2015-12-02 07:55:24,2,8,6,给分低
11596,2746,李秀央,2015-12-07 08:30:44,2,10,8,上课挺认真的
11823,1191,陈学群,2015-12-16 09:05:06,3,8,5,给分很好啊≥﹏≤
11826,1451,夏大静,2015-12-16 12:39:12,17,29,12,不说给分 老师真的有认真准备 讲课也好 比某些不负责任的老师好了不知道几条街
11923,3405,沈颖,2015-12-21 10:44:11,0,11,11,坑爹的严，不让开电脑不让玩手机！而且除了考试还要写两篇论文！
12205,1789,王伟,2015-12-22 10:12:07,28,32,4,数学系的真心好帅！老师人真的很好 发邮件反映情况真的是秒回  而且字数好多 感觉对学生的提问很认真
12290,2453,骆严,2015-12-23 00:52:00,15,19,4,棒！超级nice！
12400,1789,王伟,2015-12-23 07:52:14,4,7,3,感觉没学到什么东西，给分也不好，拉低我绩点\n\n
12404,1416,沈晓红,2015-12-23 07:54:51,7,8,1,案例很棒
12531,1416,沈晓红,2015-12-23 12:09:52,6,7,1,上课很有趣，有很多例子，真的能学到很多自我调节的东西，赞一个
12572,1802,鲁林荣,2015-12-23 13:43:39,16,17,1,鲁老师超萌!
12606,1789,王伟,2015-12-23 15:08:52,28,32,4,心里卫生的王伟，上课瞎bb，黑完浙江人黑山东人黑完山东黑河南。还拉低我绩点
12791,1789,王伟,2015-12-24 04:52:51,-1,0,1,非常好
12995,2630,陈明法,2015-12-24 12:50:43,16,19,3,是个老教师，很渊博，很可爱。
13037,1573,施卫星,2015-12-24 15:03:45,12,16,4,讲的还算有趣吧，但给分真的不好
13073,1416,沈晓红,2015-12-24 17:13:10,1,1,0,真的超级棒
13177,1582,刘迪文,2015-12-25 05:05:37,0,0,0,很好～
13192,1789,王伟,2015-12-25 05:54:41,8,8,0,上课水水哒。。。给分呵呵
13360,1416,沈晓红,2015-12-27 08:01:22,1,3,2,阔以\n\n
13375,1191,陈学群,2015-12-27 11:33:24,3,11,8,老师特别可爱，至少脑科学这门课特别有意思
13413,1789,王伟,2015-12-28 02:11:50,-1,0,1,好好好
13414,623,朱善宽,2015-12-28 02:14:22,3,4,1,一般般
13505,2105,杨芊,2015-12-28 15:05:31,14,31,17,听得最认真的一节管理你的健康！
13602,1416,沈晓红,2015-12-30 03:15:22,2,6,4,心理卫生课就是讲一些跟有趣的案例，也有一些帮助，作业只有半期一篇1500字作文和期末2500字论文，给分也不错。
13681,1645,余沛霖,2015-12-30 10:35:01,17,20,3,女神！声音好听上课棒！
13683,2436,余海,2015-12-30 10:36:09,4,5,1,老师很幽默，挺好的
13720,151,包家立,2015-12-30 11:52:11,0,2,2,在湖北招生
13727,2436,余海,2015-12-30 12:10:16,13,13,0,课好人好。医学生都应该去听听，有用又有趣。很不舍得余老师！
13775,1191,陈学群,2015-12-31 01:10:05,0,6,6,有意思，给分好
13932,2436,余海,2016-01-02 12:54:02,4,5,1,推荐对医学有兴趣的小伙伴去听~老师上课很有趣
13933,2436,余海,2016-01-02 13:29:01,3,3,0,段子手
13947,1191,陈学群,2016-01-03 01:18:29,6,12,6,一直在换老师，感觉水水过，本以为要挂了，结果竟然上4了ಥ_ಥ
14044,13,张咸宁,2016-01-04 03:04:37,0,4,4,好老师啊
14081,1880,赵璐,2016-01-04 06:24:29,14,21,7,超级喜欢老师的课，而且很喜欢老师的气质！
14109,623,朱善宽,2016-01-05 09:44:28,8,8,0,坑爹啊
14163,1789,王伟,2016-01-05 06:15:12,-1,0,1,非常好
14187,1789,王伟,2016-01-05 08:03:41,16,22,6,讲偏微  有句话直接雷到我了，他说  呃，这题我有点晕，你们先看一下吧   然后教室安静了20分钟
14202,2436,余海,2016-01-05 09:21:27,6,7,1,特别棒！
14306,2877,金帆,2016-01-06 07:39:54,-1,1,2,还好啦
14330,1451,夏大静,2016-01-06 10:34:12,5,10,5,其实我觉得老师不错讲课也很认真
14331,2743,许正平,2016-01-06 10:46:13,0,3,3,！！！
14337,1196,李静,2016-01-06 11:40:18,1,1,0,很享受
14441,623,朱善宽,2016-01-07 06:21:36,6,10,4,管理你的健康很无聊
14618,1451,夏大静,2016-01-08 03:19:32,3,7,4,点名方式是第二堂课分小组  没来的分不到小组
14644,1191,陈学群,2016-01-08 05:21:03,1,10,9,一直换老师就不说了，给分超级随意，努力写了论文分还超级低，去问原因，居然说题目不好，要扣10分，我就呵呵了
14674,2297,陆源,2016-01-08 08:12:17,11,19,8,聒噪 被啃死的节奏\n\n
14794,1556,王鑫慧,2016-01-09 08:39:43,0,5,5,年轻 讲的很好
14816,2303,祁鸣,2016-01-09 13:40:17,4,5,1,很棒，能临床能科研。
14817,13,张咸宁,2016-01-09 13:41:15,0,6,6,好有趣的老师啊
14854,3405,沈颖,2016-01-10 07:19:18,3,13,10,无聊，除了期末考试还让写两篇论文，注意了，短学期的课两篇论文！真是够了
14954,1416,沈晓红,2016-01-11 08:15:47,1,3,2,两篇小论文，绩点轻松过四，讲的挺有意思，没点名，想翘直接翘好了。不分内容重口，前方高能。
14976,623,朱善宽,2016-01-11 10:49:33,7,8,1,简直是大坑啊，每节课点名，我肯定是脑子进水了才选了这门课。
14994,2621,虞燕琴,2016-01-11 12:54:14,0,0,0,并没有听过课
14998,2364,包爱民,2016-01-11 13:06:35,0,4,4,讲课很有启发性
14999,2621,虞燕琴,2016-01-11 13:07:02,0,0,0,讲课还不错
15141,1416,沈晓红,2016-01-12 07:56:27,1,1,0,好多有意思的案例呢
15274,1556,王鑫慧,2016-01-13 07:21:57,0,2,2,看起来好小啊
15348,370,朱心强,2016-01-14 03:41:59,1,2,1,还好啦\n\n
15383,2344,沈逸,2016-01-14 07:28:04,1,1,0,好。 \n\n
15384,2344,沈逸,2016-01-14 07:27:13,1,1,0,好。
15412,1019,郑莲顺,2016-01-14 09:55:56,15,15,0,会给你讲医学院的故事hhh\n\n
15547,946,韩曙,2016-01-15 08:40:24,3,6,3,老师很随意 给分好
15593,1191,陈学群,2016-01-15 13:45:02,0,4,4,给分很好啊 满了
15618,1416,沈晓红,2016-01-15 19:22:59,2,6,4,上过沈老师的社会心理学，确实是一门有趣的课，有时候不想听课她也不管你，但用心听的话真的能有很多收获。论文感觉只要写出自己真实的体会给分不会差
15635,946,韩曙,2016-01-16 02:14:38,12,17,5,老师超级逗，但是上课讲的很快经常会跟不上。最后给分超级棒，而且考试第二天就出分了。
15636,1789,王伟,2016-01-16 02:17:34,13,16,3,心理卫生别选他的，给了我这学期第一个低分，另个班都四点几好吗！！！
15745,62,凌树才,2016-01-16 08:21:10,3,3,0,，，，
15855,2394,熊思尘,2016-01-16 12:32:04,-1,0,1,哈哈哈好低啊
15856,2394,熊思尘,2016-01-16 12:32:32,-2,0,2,好\n\n哈哈好
15857,2394,熊思尘,2017-01-12 07:26:45,9,11,2,傻逼傻逼傻逼可怕的疯婆子
16016,1451,夏大静,2018-05-30 09:13:09,0,5,5,哎，给跪了\n\n
16097,1789,王伟,2016-01-17 07:49:04,9,21,12,唯一一门下四的科目，我连海洋生物学这种通识都能上四，唯独心理卫生3.2，不说什么了，神坑⋯⋯我后悔自己选了这门课，没什么卵用
16194,1065,李立伟,2016-01-17 13:04:17,9,9,0,很有趣
16380,3405,沈颖,2016-01-18 04:07:53,1,9,8,没想到老师给分这么好
16419,151,包家立,2016-01-18 05:12:08,6,6,0,老师很博学，但觉得得分和自己想象的不一样…
16465,1880,赵璐,2018-07-08 09:01:51,7,10,3,气质，有才！
16528,3405,沈颖,2016-01-18 10:11:20,2,7,5,老师上课内容比较容易懂，会放关于脑科学的视频，给分超级好
16612,946,韩曙,2016-01-18 14:11:51,4,8,4,给分很好，很满意
16676,623,朱善宽,2016-01-18 17:24:52,1,5,4,很多次小作业还签到 上课老师又无聊事情又多 还烦 到期末最后一节课左右又布置作业考试周晚上他妈去展示 说话声音听到就难过 装腔作势 千万别选了真的
16762,1416,沈晓红,2016-01-19 02:33:14,1,2,1,不错的，水水的
16915,2630,陈明法,2016-01-19 08:59:25,7,8,1,虽然上课被另外一个老师代了，但陈老师给分很好噢
17030,2630,陈明法,2016-01-19 13:12:51,9,9,0,超可爱，分数什么的还好吧
17169,3405,沈颖,2016-01-19 23:28:29,3,6,3,挺不错的
17170,851,方马荣,2016-01-19 23:36:08,0,0,0,同上
17316,623,朱善宽,2016-01-20 04:24:57,-3,1,4,励志不水
17325,3734,贾红蕾,2016-01-20 04:40:49,-4,1,5,给分坑
17340,1416,沈晓红,2016-01-20 05:02:48,4,4,0,老师会讲一些有趣的小故事 比大多数通识课都要有趣
17368,1789,王伟,2016-01-20 06:19:07,3,9,6,心理卫生，给分还好吧…还凑合…认真听讲的话，还是能学到许多东西的。
17444,2436,余海,2016-01-20 08:20:53,4,4,0,讲课好评给分一般
17537,2436,余海,2018-07-17 07:04:23,-48,14,62,医学史绩点低！辣鸡！
17542,1416,沈晓红,2016-01-20 11:21:46,1,1,0,很好啊，水课不错的！给分又好！
17609,849,严杰,2016-01-20 13:12:29,3,5,2,呵呵，人有名，但是讲课一般般
17638,623,朱善宽,2016-01-20 14:14:10,3,6,3,实用营养保健，标准水课，提早下课，期末一份论文，给分还行。不知道上课老师会不会变。韩国生挺多
17944,1416,沈晓红,2016-01-21 04:36:51,0,0,0,很亲切
18044,1416,沈晓红,2016-01-21 07:10:39,1,1,0,上课很温柔，举的例子很多，是一门不错的通识课，给分还不错
18138,3490,王一红,2016-01-21 08:06:50,1,1,0,很棒的老师，很幽默，讲的内容很有调理
18218,3405,沈颖,2016-01-21 09:37:26,2,4,2,讲课挺有意思的 可是我认真写了论文得分依然不好
18299,3734,贾红蕾,2016-01-21 11:58:22,2,3,1,老师很温柔，给分也可以，AA姐棒棒哒
18304,3190,周婧,2016-01-21 12:01:08,0,3,3,一般般
18320,2505,陈玮琳,2016-01-21 12:42:33,1,1,0,爱上她了虽然免疫只拿了六十多
18326,13,张咸宁,2016-01-21 12:46:42,54,61,7,拿五百万来给我做研究我给你磕三个响头，你拿诺贝尔奖我就从这里跳下去！！
18332,2630,陈明法,2016-01-21 12:51:26,13,13,0,灵桥牌普通话～每天讲故事
18334,1789,王伟,2016-01-21 12:52:16,13,17,4,数学系王老师好的。
18335,611,李仲杰,2016-01-21 12:52:53,-5,6,11,凶，好
18358,1416,沈晓红,2016-01-21 13:17:12,0,0,0,很有意思啊，一次期中作业一篇论文，给分挺好的
18362,1451,夏大静,2016-01-21 13:26:44,1,6,5,老师真的不错啊，很认真的老师
18363,3662,郑莉灵,2016-01-21 13:26:52,16,18,2,很好啊会想办法给你讲明白⊙ω⊙dna
18364,2321,应李强,2016-01-21 13:28:37,6,9,3,确实效率高基本读课件，不过课件可读性强很有逻辑
18561,2877,金帆,2016-01-22 04:28:28,-4,1,5,一节课换一个医院的老师，课一般般，给分呵呵，平时分40满了，复习了三天，课件基本背出来了，考试基本会做但是成绩只有4.0，不服\n\n
18586,1789,王伟,2016-01-22 05:33:34,4,4,0,没学到东西绩点肯定低感觉逃课和不逃是一样的
18624,611,李仲杰,2016-01-22 06:56:40,9,12,3,不好，学生问问题时看他心情答与不答\n\n
18634,1416,沈晓红,2016-01-22 07:28:03,1,2,1,老師每次上課都會準備蠻多例子，很有聽下去的想法。而且只有兩篇論文，題目也蠻好寫的，很不錯。最重要的是給分超好。
18672,1416,沈晓红,2016-01-22 09:12:17,1,2,1,心理卫生是一门想水就水 不想水也能获得很多知识的课 评分看期中期末两篇论文 字数一定要多 写出自己的真实体会就容易得高分 老师赞！
18685,3734,贾红蕾,2016-01-22 09:59:29,2,2,0,老师很棒，AA姐棒棒哒，给分高
18717,1451,夏大静,2016-01-22 11:52:24,3,7,4,很好的老师。
18819,710,欧阳宏伟,2016-01-22 14:56:38,16,22,6,那一门新生研讨课 干细胞与组织工程 帮他开这节课的zhangshufang老师 你打分是乱来的？每个星期弄ppt这么辛苦 真的不想说话了 就看名字给分？
19022,2394,熊思尘,2016-01-23 04:58:29,-2,0,2,给二分
19042,3116,赖蒽茵,2016-01-23 06:15:15,-18,1,19,我觉得老师人很好
19113,623,朱善宽,2016-01-23 09:32:04,16,20,4,绩杀不解释，次次点名，每周作业，考试周展示还要写微信素材，绩点大坑，呵呵了，不信可以选一下试试
19315,3405,沈颖,2018-12-04 11:27:56,2,11,9,给分极差
19338,1065,李立伟,2016-01-24 02:03:58,30,31,1,寄生虫真的很醒脑不会让我睡着
19383,13,张咸宁,2016-01-24 04:14:52,1,6,5,是个好老师，上课有趣
19650,3078,陈晓,2016-01-25 04:12:55,2,4,2,超有趣
19680,1611,章军,2016-01-25 05:35:25,3,3,0,给分太过分
19689,1611,章军,2016-01-29 05:40:10,1,3,2,认真听给分不坑
19690,3490,王一红,2016-01-25 05:47:41,1,1,0,超搞笑！医学院段子手
19927,1789,王伟,2016-01-25 14:32:42,3,5,2,偏微分王老师，给分看你的
20086,1789,王伟,2016-01-26 05:15:59,6,7,1,心理学与应用的王伟上课不讲东西给分还低
20102,1789,王伟,2016-01-26 05:39:26,7,10,3,搞什么都不知道给分完全乱来，上课就知道讲段子什么都学不到，辛辛苦苦写的期末论文就值这么点分数么真是不知道怎么想的，一分还嫌多呢
20111,2621,虞燕琴,2016-01-26 06:30:20,0,0,0,还不错
20204,594,徐立红,2016-01-26 13:56:01,4,5,1,好老师！当然我们也要好好学
20217,1789,王伟,2016-01-26 14:26:43,1,3,2,数学系。没有平时分。以上
20236,3694,陈光弟,2016-01-26 15:47:10,1,4,3,低分飘过
20306,1416,沈晓红,2016-01-27 03:19:44,0,0,0,案例很有趣，给分超级好
20328,1824,张伟,2016-01-27 04:20:07,0,4,4,好好好
20405,1789,王伟,2017-09-10 04:36:48,28,30,2,数学系的王伟业界良心啊
20466,1437,周韧,2016-01-27 16:41:36,-1,6,7,通识课不错的，反正给我的分蛮好。通识课还是蛮培养自己看事情能力的
20731,1019,郑莲顺,2016-01-30 10:38:11,37,37,0,系统解剖学她上的、人很好、考前会讲重点，是一个很萌很好的老师
20765,3284,夏强,2016-01-31 07:50:04,4,4,0,呵呵呵呵
20780,2621,虞燕琴,2016-01-31 11:05:15,5,5,0,还不错，但还是差点挂了
20791,3616,邓红,2016-01-31 12:11:22,7,8,1,老师上课很好，重点突出，对我们也很关心啊～给分也不错～
20966,3405,沈颖,2016-02-05 13:06:58,2,4,2,略重口
21137,1451,夏大静,2016-02-20 15:20:49,3,7,4,要写三个字！特别好的老师，推荐！
21311,3116,赖蒽茵,2016-02-28 03:39:23,11,11,0,听天书的感觉
21393,1416,沈晓红,2016-02-28 12:57:09,2,19,17,心理卫生不点名，两篇论文，多写点绩点没问题，习惯性码到要求字数的两倍然后绩点4.5。可想听就听很有趣，不听也无妨。
21630,1789,王伟,2016-02-29 11:04:02,0,1,1,上课有趣 我分很高哦
21650,2630,陈明法,2016-02-29 12:04:10,11,12,1,上课有小故事听，而且人非常和蔼，喜欢
21762,1416,沈晓红,2016-03-01 04:27:02,0,0,0,很不错的老师
22118,370,朱心强,2016-03-02 11:35:56,2,2,0,很和蔼
22134,314,那仁满都拉,2016-03-02 12:50:36,19,25,6,听老师的课我一直在喝水，还有老师是个男的，一直推荐我们喝哇哈哈。。。。哈哈哈哈哈哈
22135,314,那仁满都拉,2016-03-02 12:52:02,22,31,9,老师会把自行车坐垫拔下来，带到教室。。
22379,2436,余海,2016-03-04 03:57:50,1,4,3,感觉老师是个暖男
22520,415,丁世平,2016-03-07 08:52:02,7,10,3,魔性~
22523,1756,杨敏,2019-05-08 05:20:03,20,39,19,好漂亮
22527,3712,周以侹,2016-03-07 11:32:50,13,15,2,周老师讲课炒鸡温柔，详细清楚，好评
22578,1059,王福俤,2016-03-08 06:24:34,6,14,8,才开始上一周，我就感觉是好通识课，没考试，没作业，认真就好，学到很多东西，提高生活质量。
22655,1756,杨敏,2016-03-09 10:35:11,11,15,4,超漂亮 声音超好听
22675,1191,陈学群,2016-04-17 04:41:51,-4,2,6,不满级是你的错
22734,1573,施卫星,2016-03-10 08:12:14,1,3,2,不拘泥于课本，各种例子
22773,877,徐恩萍,2016-03-11 02:59:48,2,2,0,垃圾老师，同样的课，谁选到这位就认倒霉吧
22775,13,张咸宁,2016-03-11 02:59:51,-9,15,24,讲课知识讲不了几句大多东扯西扯，ppt做的杂乱不堪，没法看，给分也坑，不知道大家为什么给他分这么高
22777,594,徐立红,2016-03-11 03:01:12,14,14,0,徐老师是一位真正的好老师，知识渊博，授课清楚，只是大一不懂事没好好学
22927,1416,沈晓红,2016-03-15 01:58:15,1,4,3,给分低。。
23041,1645,余沛霖,2016-03-16 11:06:12,12,13,1,声音好听w 备课认真w 上她的课是一种享受
23172,751,林旭瑗,2016-03-21 03:00:24,1,1,0,实验报告只能手写而且要写超级多东西 不知道最后给分会怎么样
23196,774,华金中,2016-03-21 11:46:03,0,0,0,有点像周星驰配音，一惊一乍的
23200,1573,施卫星,2016-03-21 15:19:22,1,4,3,讲得很生动，好老师！
23261,370,朱心强,2016-03-23 05:50:05,1,3,2,啊啊啊
23345,2321,应李强,2016-03-25 11:59:51,5,5,0,挺好的，每次都做第一排
23541,2364,包爱民,2016-04-05 10:36:30,42,59,17,她跟包利民老师是什么关系
23568,1059,王福俤,2016-04-06 12:22:55,0,3,3,助教上课，美女哈哈哈
23627,774,华金中,2016-04-11 02:55:41,8,8,0,感觉是挺认真可爱的一老头
23638,2550,申屠建中,2016-04-11 09:06:21,-2,0,2,蛮好的
23704,1416,沈晓红,2016-04-13 04:59:22,5,5,0,棒!
23715,370,朱心强,2016-04-13 10:36:30,3,4,1,超可爱的小老头！
23788,2321,应李强,2016-04-16 14:18:14,3,3,0,讲课很有条理，给个赞！
23795,2321,应李强,2016-04-17 04:58:45,3,3,0,还可以 很萌
23808,1092,沈岳良,2016-04-17 12:18:36,5,7,2,水的一逼
23826,2746,李秀央,2016-04-18 07:40:50,7,23,16,口音诡异的一比，听的我全程蒙逼，会有平时作业，但是不太难。老师人很好，很耐心，考试给重点，不考名解，不考计算，基本上都是理解题。业界良心
23987,1092,沈岳良,2016-04-24 07:51:18,-4,4,8,水，好玩，有趣
24018,1451,夏大静,2016-04-25 12:37:44,1,5,4,老师特别好，十分温柔，上课很负责，给分也超级好！
24019,1789,王伟,2016-04-25 12:51:50,4,4,0,上课有意思，但是内容就不敢恭维了，表达个人看法太多。
24029,3588,姒健敏,2016-04-25 15:23:22,3,7,4,666
24066,1785,金永堂,2016-04-26 11:23:20,7,9,2,绩杀！普通话超级不标准上课好无聊。平时作业给的分超级低。
24073,1380,马晓光,2016-04-26 13:28:43,12,13,1,老师好棒
24074,575,胡虎,2016-04-26 13:29:13,40,42,2,老师特别棒，帅气儒雅，思路清晰，学识渊博，感觉什么领域都知道一下，还会分享一些新的科研成果，偶尔还有点小幽默。上课超赞啊，认真听的话收获很大。
24222,2973,张晓明,2016-04-28 14:01:17,10,11,1,生动易懂有重点给分不错\n\n
24394,314,那仁满都拉,2017-04-17 03:49:31,17,26,9,老师讲得很好，个人感觉也非常有收获。就是帮忙改论文的人太坑了，强行绩杀(´⊥｀*)\n\n
24395,314,那仁满都拉,2016-04-30 09:29:38,-1,6,7,讲得好 给分也还可以的
24431,1287,杜亚平,2016-04-30 13:47:02,4,6,2,我是一分也不想给的。这个坑比老师的课完全没有听的欲望
24432,851,方马荣,2016-04-30 13:45:33,1,1,0,如果选上这老师，你很幸运，因为你可以完全靠自学的学完局解。。上课和没上一样。
24466,2567,李继承,2016-04-30 14:46:38,1,1,0,业务娴熟
24517,314,那仁满都拉,2016-05-01 04:02:13,2,5,3,还行，观点有些重复讲
24598,62,凌树才,2016-05-02 05:41:55,2,2,0,很好 很棒\n\n
24615,1573,施卫星,2016-05-02 08:45:26,12,14,2,上课还可以吧，互动比较少，是他一个人在对话的感觉，有点无聊的，不过平时很水，只有一次小作业，考试开卷考。考试我答得蛮认真的，但默默表示最后被正态了，宝宝心里苦啊为什么分数才那么点
24618,1573,施卫星,2016-05-02 09:23:45,-2,1,3,nice
24619,1573,施卫星,2016-05-02 09:50:12,-2,3,5,讲课真的很有激情，案例挺有趣的（有时候认真听你会发现有些逻辑会有小bg(￣y▽￣)~*捂嘴偷笑），给分也挺好哒
24631,1573,施卫星,2016-05-14 07:57:59,15,21,6,给分坑。。。。
24639,1573,施卫星,2016-05-02 14:38:53,11,16,5,给分不好，明明作业做的很认真，考试基本都能在书上找到，从头写到尾。觉得最后分数是随意给的。
24661,1573,施卫星,2016-07-03 07:23:34,12,15,3,认真学了复习了却是拿过最低绩点的课。
24701,1756,杨敏,2016-05-03 06:57:52,3,4,1,好好好
24710,1416,沈晓红,2016-05-03 07:26:14,1,2,1,很好的老师，超级喜欢，上课有趣幽默，有很多故事
24716,2746,李秀央,2016-05-03 07:43:47,0,6,6,业界良心
24720,314,那仁满都拉,2016-05-03 08:02:20,0,7,7,讲课认真给分良心，平时完全没作业期末交一篇2k字论文就OK，课程内容也不无聊，老师一直在安利我们喝矿泉水233 可选√
24722,2746,李秀央,2016-05-03 08:03:44,3,6,3,听不来，有次听不下去直接走了，不过老师人还是不错的，考试比其他老师貌似简单，无名解，重理解
24728,1573,施卫星,2016-05-03 08:16:20,0,2,2,好多好故事
24734,1756,杨敏,2016-05-03 08:53:51,3,4,1,好温柔
24736,2746,李秀央,2016-05-03 09:04:10,1,5,4,口音重点 平时作业烦点 考试简单 看书仔细看两遍 满记
24761,314,那仁满都拉,2016-05-03 11:52:09,0,5,5,给分可以(◎_◎;)
24762,2746,李秀央,2016-05-03 12:00:21,2,5,3,虽然老师口音真的懵比！平时作业挺多的，但是考试简单呀！看两遍书理解一下就行！
24800,1416,沈晓红,2016-05-03 17:11:28,-1,1,2,很好哦
24827,575,胡虎,2016-05-04 02:33:07,19,19,0,翘级棒棒棒的老师，长得帅身材好，讲课更是赞，病理学的内容可以上的很清晰，还能拓展到各个有意思的内容，星球大战、运动都能头头是道，是难得能听全程完全不想水手机的老师！
24883,314,那仁满都拉,2016-05-04 08:11:15,14,22,8,只能说给分并不好
24920,314,那仁满都拉,2016-05-04 10:37:03,11,18,7,分太坑了。。无语
24948,2356,沈毅,2016-05-04 11:59:47,2,4,2,不错＠(￣-￣)＠
24971,3405,沈颖,2016-05-04 14:40:42,-1,3,4,出分极快，不管楼上怎么说我觉得给分真的很好。可能是你考试每道题只写两句话吧
25037,877,徐恩萍,2016-05-05 02:46:08,2,2,0,真心垃圾，没能力，会唠叨，打分坑
25039,594,徐立红,2016-05-05 02:47:11,3,4,1,好老师，不多说
25040,1573,施卫星,2016-05-05 02:49:59,8,11,3,给分坑坑坑，这么说吧，不学习的室友九十三，我基本全会做答上去83
25042,13,张咸宁,2016-05-05 02:56:46,0,14,14,给分是真坑，ppt做的是见过的最杂乱不堪的，上课如果不是为了学习知识只是想听着有趣的话那还不错
25055,1416,沈晓红,2016-05-05 04:45:24,0,0,0,人很好，对心理学有比较详细的例子和解答分数完全来自两篇论文
25131,1802,鲁林荣,2016-05-06 02:25:52,7,7,0,萌翻了！
25230,1416,沈晓红,2016-09-16 01:17:37,0,1,1,很温柔，上课会举很多例子，事情少，给分也很好
25319,594,徐立红,2016-05-14 02:20:03,-15,5,20,徐老师的课件自诩逻辑清楚。然而我真的不觉得，甚至有点混乱，复习的时候感觉课本逻辑合理得多。
25392,3694,陈光弟,2016-05-17 03:53:32,47,49,2,我觉得老师上课很无聊，好像总是有气无力
25475,1366,马丽琴,2016-05-22 08:36:24,0,11,11,上课爱提问，总是问男生，特别长的帅的那种，讲的还行，PPT有点乱尤其导论的病理
25511,1573,施卫星,2016-05-24 05:10:56,-2,2,4,平时可以很水 作业很少 个人觉得给分还是挺好的～
25517,831,刘伟,2016-05-24 08:01:13,9,10,1,老师好玩，给分这样是课坑
25554,1065,李立伟,2016-05-25 10:49:48,12,12,0,很认真仔细温柔耐心的老师，寄生虫讲解的很仔细有条理，喜欢
25670,2345,张雄,2016-06-01 08:16:42,4,5,1,生理学实验讲的是还可以的\n\n但是为什么要写综述啊写你妹啊而且考试还要考到综述啊
25729,954,王琳琳,2016-06-06 00:23:38,1,2,1,专业课不坑很不错了。
25749,314,那仁满都拉,2016-06-06 11:07:55,4,19,15,上课一直说中国的各种不好，各种负能量，没听过一句好玩，说的中国好像很黑暗一样！
25751,3588,姒健敏,2016-06-16 11:21:57,1,9,8,烂极了
25771,1380,马晓光,2016-06-07 13:37:03,13,15,2,老师可以的，有颜值，讲的不错
25844,2728,竺可青,2016-06-11 15:33:50,13,13,0,讲的很细心，但是声音比较小
25889,1380,马晓光,2016-06-13 12:23:19,15,17,2,老师人好！帅！棒！讲课是这门课（管理你的健康）老师中最有趣的，脾气好！笑起来更帅！阳光！
25890,1647,王晓健,2016-06-13 12:37:19,3,4,1,什么课都要自己努力
25938,1824,张伟,2016-06-14 12:52:10,9,26,17,搞什么？一个医学院的老师叫我们电路与模拟电路实验。静静地看他怎么上。
25947,946,韩曙,2016-06-14 13:51:21,31,34,3,讲课非常有重点非常简练，一个小时比听别的课一上午收获都大，上她的课如果全程录音整理成文字，是期末特别好的复习资料。
26070,751,林旭瑗,2016-06-15 10:55:18,0,0,0,老师n与m的发音完全一样，说话听不懂\n\n
26197,2337,陈玮,2016-06-16 08:04:46,16,16,0,女神老师。。
26264,314,那仁满都拉,2016-06-16 12:35:55,0,9,9,绝对男神，带着北方汉子的豪爽。给分我觉得可以，一起的课友分都不错，平时没作业，期末2K手写论文。推荐选。有收获。
26615,1416,沈晓红,2016-06-20 11:12:26,0,1,1,老师挺好的，想水可以水，论文不难写
26625,3405,沈颖,2016-06-20 11:52:47,2,6,4,内容不错 人有点偏激
26633,314,那仁满都拉,2016-07-06 03:18:38,6,9,3,。。。
26651,1756,杨敏,2016-06-20 15:30:48,4,4,0,人好漂亮声音好好听
26688,2728,竺可青,2016-06-21 02:14:58,11,11,0,内容丰富的老师 结合自己的经历 上课很有趣
26800,1702,毛峥嵘,2016-06-21 06:38:29,19,25,6,课前预习比较严格，上课会让学生自己讲解切片，喜欢叫同学回答问题，每次实验上到4:30多，讲得很细
26908,1556,王鑫慧,2016-06-21 14:40:42,3,6,3,老师上课还不错啊，但是，我选课的时候看到它的考核方式是考试，但是老师上课的时候说改成展示，然后正是要考试周的时候，就是觉得很费时间，很不愿去做。就有一种被坑的感觉....
26912,494,詹金彪,2016-06-21 14:51:10,0,2,2,给分还好（相比之下）
26972,314,那仁满都拉,2016-06-22 03:03:01,13,20,7,并不喜欢这个老师上课，感觉说话很极端，会突然叫不听课的人站起来回答问题，喜欢威胁学生
26992,3662,郑莉灵,2016-12-08 04:45:50,12,13,1,老师很好 很认真
27177,1573,施卫星,2016-06-23 11:37:30,-2,1,3,讲的真的很好，很有意思
27227,2321,应李强,2016-10-15 12:24:55,10,12,2,老师是很棒很棒的，愿天堂没有病痛，愿天堂也有一群爱戴你的学生。
27353,1645,余沛霖,2016-06-25 05:21:40,8,9,1,老师的声音太好听了 普通话也标准 非常温柔又耐心
27418,1645,余沛霖,2016-06-26 04:27:20,4,6,2,超级有气质的老师！上课就像一种享受o(≧v≦)o
27454,763,蔡挺,2016-06-26 09:55:21,1,2,1,老师上课很有趣
27986,2321,应李强,2016-12-28 10:27:51,10,10,0,现在很多做科研的老师讲课一团糟，应老师是难得的讲课很好的医学院老师
27991,1451,夏大静,2016-06-28 07:57:33,0,2,2,讲课挺认真的 其他也没什么
27994,83,胡薇薇,2016-06-28 07:57:50,0,0,0,上课都坐第一排 讲课很清晰
28208,1092,沈岳良,2016-06-28 08:16:06,-1,2,3,水，课后作业就是做PPT，上课学不到什么，基本靠自学，就是给分不错
28209,1573,施卫星,2016-06-28 08:16:12,2,3,1,给分不好
28227,2321,应李强,2016-06-28 08:18:18,3,3,0,效率很高的。实干派
28458,2758,赵鲁杭,2016-06-28 09:05:24,-3,2,5,老师看上去比较严厉，其实人挺好的
28512,900,周俊,2016-06-28 09:43:02,3,4,1,老师抓得紧，压力大，能学到知识
28627,1702,毛峥嵘,2016-06-28 11:14:19,2,5,3,很好的老师，需要预习
29109,2327,杨月红,2016-06-29 08:51:05,8,8,0,久了点，饿肚子了
29117,3662,郑莉灵,2016-06-29 08:59:27,5,6,1,老师人很好，学生要是有不懂的一定会帮忙弄明白
29136,623,朱善宽,2016-06-29 09:31:09,2,4,2,次次点名，绩杀简直了。小组展示记得擦亮眼睛，和一群猪队友一起有你苦头吃的
29194,1451,夏大静,2016-06-29 11:17:37,1,4,3,会看papi酱的老师(・◇・)
29202,575,胡虎,2016-06-29 11:51:09,26,26,0,胡虎男神啊，人帅，个高上课有眼神交流。讲课清晰有意思，速度掌控的非常好，既不会让你感到困，也不会rap。还会讲很多有趣的相关人物。自从有了胡虎，其他的病理老师就都成了将就??
29361,1611,章军,2016-06-29 15:40:07,6,6,0,通识课拉低均绩点0.1系列\n\n
29625,2069,汤慧芳,2016-06-30 05:30:27,14,16,2,爱拖堂
29714,575,胡虎,2016-06-30 08:23:09,14,14,0,就问知不知道帅呆是一种什么样的感受
29805,3588,姒健敏,2016-06-30 10:36:10,9,13,4,三节课只上两节课，我有一点措不及防
29834,1416,沈晓红,2016-06-30 11:25:15,0,0,0,给分很好
29949,575,胡虎,2016-06-30 14:35:15,18,19,1,老师真心很不错，人很负责，又很细致，课讲的又好又不枯燥，难得的好老师
30013,575,胡虎,2016-06-30 17:44:08,11,11,0,简直男神，学识渊博到超级有魅力，热心热情，对学生都很好，很有耐心，超级负责!！
30112,1789,王伟,2016-07-01 02:49:54,3,3,0,骗学生去做实验才有加分，折磨的死去活来的实验，
30147,1645,余沛霖,2016-07-01 03:51:58,10,11,1,听到了声音就想抬头看看到底是谁啊，这么好听
30192,314,那仁满都拉,2016-07-01 05:00:49,-1,6,7,会有签到。老师讲的绝对是有用的东西，给十分。我上课就带两瓶水，讲一会就得喝一口。期末手写一篇论文，字不好看者慎入，本人字比较难看所以最后分比较低～平时会有签到。
30233,954,王琳琳,2016-07-01 06:14:44,2,2,0,良心又热心的好老师。
30235,954,王琳琳,2016-07-01 06:17:57,9,10,1,真的好老师，良心老师，上课可以睡觉，可以迟交作业，给重点，给分良心。当然上课水平也是极高的。
30244,954,王琳琳,2016-07-01 06:34:01,4,4,0,老师讲课很清楚，讲的很好。嘻嘻，给分也挺好的。?
30245,954,王琳琳,2016-07-01 06:35:30,4,4,0,人好，给分良心～
30247,954,王琳琳,2016-07-01 06:35:51,2,2,0,讲的很透彻 考试给重点 给分也不错
30248,954,王琳琳,2016-07-01 06:37:01,5,5,0,受益匪浅 给分良心 人真的好
30249,954,王琳琳,2016-07-01 06:38:15,2,2,0,人很温柔，上课也讲得很好
30258,954,王琳琳,2016-07-01 06:51:43,2,2,0,人很好，会告诉我们考试主要考什么，认真复习分还是可以的
30307,954,王琳琳,2016-07-01 08:29:24,2,2,0,考试给很良心 五五开平时分挺重要的
30368,1451,夏大静,2016-07-01 12:03:25,4,8,4,上课很想和我们互动。会提一些时下流行的元素和时事。感觉课堂氛围还是挺活泼的。给分也还不错的。那次课堂展示好好准备，分数不会低的。
30373,1451,夏大静,2016-09-13 14:39:31,1,4,3,特别耐心，而且有气质，给分也好，事少！棒棒！
30379,3405,沈颖,2018-05-07 05:09:01,14,25,11,第一门满绩的课！！！哈哈哈。不过感觉论文还是挺用心的写的，还有就是考试的时候一定要写得多一点！
30381,1702,毛峥嵘,2016-07-01 12:45:22,-24,4,28,挺好的，好好学，一不小心满级，
30401,3405,沈颖,2016-07-01 13:19:36,4,9,5,上课很有趣 形式也超丰富 放电影什么的 我们这学期只有一篇论文而且题目不是太难 期末是开卷 有书和ppt都还好 我是一枚文科狗 觉得是很棒的体验
30430,1380,马晓光,2016-07-01 14:32:31,9,11,2,哈哈。老师很逗的。然而只上了两次课。喜欢拿自己举例子。
30477,1451,夏大静,2016-07-01 16:31:08,1,4,3,老师讲得非常好，是通识课里的业界良心，给分也不错
30505,1065,李立伟,2016-07-01 23:04:27,9,9,0,寄生虫讲得很好，实验课很有意思，老师萌萌哒
30520,1451,夏大静,2016-07-01 23:46:26,1,5,4,温柔的老师，备课很认真，上得也棒。认真准备课堂展示，好好准备考试，文科生也能在医学类通识中拿高分~
30547,2069,汤慧芳,2016-07-02 01:55:48,2,4,2,拖堂太严重了……课程的分值安排不错
30564,3480,徐芳英,2016-07-02 03:23:31,9,10,1,老师人超级好，讲课很简洁明了，最后一节的复习课也很良心，平时对实验报告要求不高，当堂完成，不用穿实验服最后给分也不错~老师人超级可爱！！
30769,3405,沈颖,2016-07-02 12:29:36,-1,3,4,很不错
30789,3662,郑莉灵,2016-07-02 13:33:41,8,9,1,老师口音萌萌哒\n\n
30790,2739,唐修文,2016-07-02 13:34:39,0,0,0,老师额声音超级性感，不过好像不是很熟悉实验流程，所以进度比隔壁班慢
30830,1416,沈晓红,2016-07-02 15:05:14,4,13,9,花了好几个晚上绩点还是低，还不如别人一个晚上
30858,1824,张伟,2016-07-02 16:31:27,0,3,3,讲课超级清楚！！！CPC特别棒！
30908,2567,李继承,2016-07-03 01:39:20,0,0,0,仿佛在聊天
30943,370,朱心强,2016-07-03 03:55:02,5,7,2,很敬业的老师。值得尊敬。
30945,370,朱心强,2016-07-03 03:57:42,6,8,2,老师和蔼可亲萌萌哒，好喜欢他
30946,1556,王鑫慧,2016-07-03 03:59:22,18,30,12,额，没啥收获，而且评分不知道怎么给的，我每次都签到，课堂活动积极参加，一门通识课只给3的绩点，你们自己看着办吧
30993,1556,王鑫慧,2016-07-03 05:51:56,11,17,6,坑课。
30995,969,焦晶晶,2016-07-03 05:52:53,1,2,1,很恶心，没意思
31005,1556,王鑫慧,2016-07-03 05:59:13,6,9,3,考评制度坑成狗，期末之前的教务网评价我直接打不及格。现在绩点3.3看来之前做了明智的选择。
31028,370,朱心强,2016-07-03 06:31:35,4,8,4,身边的毒物这门课呢，认真听的同学能收获知识和较高的分数，想水的同学也能获得不错的体验和绩点分数，所以为什么不去试试选这门课呢。
31035,1556,王鑫慧,2016-07-04 16:11:14,29,46,17,付出这么多时间精力才给这点分，不如一开始就敷衍算了
31136,370,朱心强,2016-07-03 09:05:44,6,7,1,老师非常和善，上课可以学到很多东西，非常好的通识课。
31269,1556,王鑫慧,2016-07-03 13:52:27,11,17,6,不知道老师怎么给的分，好低
31420,1789,王伟,2016-07-04 01:48:34,2,2,0,这是数学系的王伟老师吧，是男神啊
31477,1573,施卫星,2016-07-04 03:10:49,15,17,2,不知道为什么很多人说老师给分不好而且说老师讲课好的人都被挤下去了，平时上课听了的话其实答题和作业完全没问题。老师讲课很不错，有热情，而且一直微笑，让人觉得如沐春风，推荐大家上。又想水又想得高分的人请避开谢谢
31480,831,刘伟,2016-07-04 03:12:20,2,4,2,很有趣的中年大叔 特别喜欢听他念冈崎片段的日语~
31546,1556,王鑫慧,2016-07-04 06:01:17,-1,3,4,这课分两个老师讲，前四堂会签到，后面有bonus time可以加分
31558,1573,施卫星,2016-07-04 06:23:02,0,1,1,好奇怪，我是上个学期上的当时是因为别人推荐说老师给分好，我自己也觉得挺好的，怎么现在看评论变成给分不好了？
31777,594,徐立红,2016-07-05 01:59:53,1,2,1,很不错
31872,1019,郑莲顺,2016-07-05 04:51:18,11,11,0,老师人超级好，思路清楚，体谅学生
31876,314,那仁满都拉,2016-07-06 05:45:43,-2,5,7,老师给我的分还是不错的 可能因为女生字写得比较公整
31901,1416,沈晓红,2016-07-05 06:22:12,0,0,0,论文字数没有很多，但是按老师要求认真写了，给分挺好的
31985,1573,施卫星,2016-07-05 10:25:14,0,2,2,上课巨水无比，给分巨坑无比。
31997,1573,施卫星,2016-07-05 10:43:19,1,1,0,给分太差，通识课竟然是我大学最低分。
32034,1573,施卫星,2016-07-05 12:29:10,-1,1,2,这老师给分绝对是有病，完全没有依据乱给。
32040,3588,姒健敏,2016-07-05 12:52:56,6,10,4,上过最水的，给分最低的
32052,2345,张雄,2016-07-05 13:39:52,4,4,0,1分的课事情挺多，给分还不好。。。讲课是还可以的
32069,1573,施卫星,2016-07-05 14:15:39,-1,0,1,我的绩点一般就三点几，不过客观来讲，我觉得老师本人和授课内容都是挺有趣的，也不点名，作业也很少。
32090,1573,施卫星,2016-07-05 14:47:39,1,1,0,给分乱给
32106,1573,施卫星,2016-07-05 15:43:10,0,1,1,上课有趣有激情！人很好，作业少，给分也挺好~很棒的老师，点赞！
32204,314,那仁满都拉,2016-07-06 03:01:48,6,10,4,就缺了一次课还交了请假条，论文好好写了，还上去展示给了那么低的分也是醉了，就这样吧没有话好说
32216,314,那仁满都拉,2016-11-09 13:07:50,10,17,7,点名都到了 上去展示了  论文好好写了\n\n凭什么给分这么渣\n\n老师观点偏激  有点自我  上课毫无逻辑感\n\n并不是给分不好才这么说 \n\n不相信的可以选选看\n\n
32338,575,胡虎,2016-07-06 07:34:31,13,13,0,一个字：好！
32339,575,胡虎,2016-07-06 07:34:48,9,9,0,人超帅！！！超级绅士！！！讲课很有趣，病理真的是因为老师才喜欢的，给分也很好
32343,575,胡虎,2017-04-26 15:41:58,9,9,0,看男神的脸上课都不想睡觉了呢?给分很好，就喜欢这么棒的老师！强推！
32364,314,那仁满都拉,2016-07-06 09:12:36,26,43,17,这是我在浙遇到的最水的老师，讲课个人观点特别强烈，各种吹牛，自己的成绩好像很了不起一样，给分我只能呵呵
32377,314,那仁满都拉,2016-07-06 10:26:57,10,15,5,期末因为其他考试比较多所以论文没有很认真写，本来也不期望能拿多高的分，不过签到都到了小组展示也做了还把我正态到80下这就有点尴尬加懵逼了。个人感觉上课气氛不够活跃，有点压抑，本身关于水的内容三次课左右就讲完了，所以后面都会涉及病理和毒理的知识，略枯燥一点....
32520,3302,翁莉霞,2016-07-07 10:59:47,4,4,0,上课挺认真的。比较内敛。东西讲得有点太细。
32535,1059,王福俤,2016-07-07 12:17:17,3,3,0,老师只会在第一节课出现
32536,1137,夏梽丹,2016-07-07 12:18:22,2,3,1,讲的内容非常干货，老师也挺亲切
32538,1880,赵璐,2016-07-07 12:22:40,13,16,3,老师气质非常宜人，而且表达流畅，语调亲切～～感觉老师的能力、态度、仪表等都是我们学习的榜样
32589,1556,王鑫慧,2016-07-08 02:31:39,12,16,4,给分神经 最认真的一节通识 结果3.3无语 不知道怎么搞的 很讨厌
32617,763,蔡挺,2016-07-08 06:25:10,0,3,3,人好，就是给分，唉
32648,2832,金明娟,2016-07-08 15:11:01,13,13,0,循证医学这给分
32649,2146,余运贤,2016-07-08 15:12:24,-1,1,2,循证医学
32662,831,刘伟,2016-07-09 01:02:05,-2,1,3,挺有意思的老师
32736,2297,陆源,2016-07-12 07:23:31,11,15,4,紫金港第一肛，翻转课堂绝对刚死你。
32838,1437,周韧,2016-07-17 13:36:59,-2,5,7,新生研讨课比较水，不过每节课点名都到后认真写了论文交上去，给分真的好……真的非常好……非常开心……还想继续跟着老师学……
32872,3442,杨云梅,2016-07-20 02:47:36,2,2,0,新老师，给分比较严格\n\n\n\n
32879,831,刘伟,2016-07-21 05:49:24,0,0,0,讲得很棒啦
32927,3405,沈颖,2016-08-04 11:00:52,-1,6,7,讲的还可以，会放电影，考评虽然要写一篇论文还要考试，但是给分真的很好，考试也是ppt和书上有的内容。刚发现老师入选杰青…好厉害！
33020,3442,杨云梅,2016-09-10 05:24:10,6,6,0,其实课程内容还好，也能启发人去思考生死之类的沉重话题。但是给分真的偏低，不是说过于功利，而是同样的努力同样是通识这样给分真的有必要？感觉老师也是无意的，可能不太清楚普遍的评价标准叭，总之大家都比较伤心。
33027,759,王青青,2016-09-10 06:51:42,5,5,0,特别好
33046,1451,夏大静,2016-09-11 04:17:17,1,4,3,老师会讲一些同学比较想听的内容 还关心学生的一些情况 nice的老师
33298,3284,夏强,2016-09-18 03:10:14,1,7,6,怎么说呢，算是恩师。但都是女研究生，是不是有点问题
33307,2830,陈周闻,2016-09-18 03:35:59,-26,5,31,好 好 好
33444,1789,王伟,2016-09-19 10:41:07,2,2,0,瞎逼逼
33456,1789,王伟,2016-09-19 11:38:40,28,28,0,心理卫生的王伟老师好像武林外传里的老邢啊。
33491,623,朱善宽,2016-09-19 23:46:08,-1,2,3,挺好的，我很喜欢这位老师讲课
33555,62,凌树才,2016-09-20 05:43:07,2,2,0,很温柔很详细
33623,1789,王伟,2016-09-20 11:17:54,2,3,1,水课 传教 瞎扯 不明所以 ...后悔选了这门课 不知绩点如何QAQ
33665,1789,王伟,2016-09-21 02:15:14,-1,0,1,我们班主任也叫王伟，还是个女的。。。
33670,946,韩曙,2017-01-17 11:53:35,0,5,5,讲的好，给分好，我满了，开心～
33697,13,张咸宁,2016-09-21 06:02:55,14,17,3,you naive you weak！拼百科有人拼得过我我从楼上跳下去
33699,1789,王伟,2016-11-17 07:51:09,0,3,3,我很气愤。。数学系王伟老师拉高了医学院那位。。。那位拉低了王伟老师！目测数学系王伟老师分数9+
33714,13,张咸宁,2016-09-21 06:35:16,10,14,4,你修祖坟，你包二奶！有什么用！
33715,831,刘伟,2016-09-21 06:38:04,4,5,1,科研男神，最喜欢看他和化院彭神撕逼?
33716,1789,王伟,2016-11-10 11:28:08,-1,1,2,很开心，不错不错的✪ω✪
33768,3588,姒健敏,2016-09-21 11:54:43,6,8,2,水到不能水 还收钱 我 (#‵′)靠
33778,13,张咸宁,2016-09-21 12:54:19,-11,17,28,让我有一种当医生很不值得的感觉，嘴巴不能积一点德吗，搞得好像他去做医生就不是庸医一样似得。
33841,849,严杰,2016-09-22 05:23:23,8,9,1,你们这群寄生虫！
33860,13,张咸宁,2016-09-22 06:40:05,2,12,10,有嘛用啊～明明一陕西人 非要一口一句天津话……不知道在讲什么，全程自嗨……
33861,2630,陈明法,2016-09-22 06:49:31,9,9,0,很萌也很有耐心很负责的老爷爷～ 普通话有口音听第一次起来有点吃力 但习惯了意外觉得很萌
34013,1647,王晓健,2016-09-26 00:25:32,1,2,1,讲的太快，而且语音语调让人听不下去
34069,1789,王伟,2016-11-19 00:39:47,3,5,2,主要论文写得好d
34125,2105,杨芊,2016-10-24 12:28:44,13,26,13,长相美美的，声音好好的，身材棒棒的！
34142,1789,王伟,2016-09-27 12:15:03,5,5,0,不要选
34208,314,那仁满都拉,2016-11-09 13:08:43,3,6,3,。。。。。
34220,314,那仁满都拉,2016-11-19 10:42:36,7,11,4,‥(｡ŏ﹏ŏ)又是一门疯狂拉绩点的课\n\n\n\n
34246,849,严杰,2016-09-29 04:05:29,1,4,3,好老师 很强
34257,2394,熊思尘,2016-09-29 07:20:56,0,1,1,。。。
34269,1756,杨敏,2016-11-18 13:47:01,2,2,0,给分一般，不高不低。。。
34273,1756,杨敏,2016-09-29 12:31:49,2,2,0,。。。
34341,1756,杨敏,2016-10-04 23:52:30,0,1,1,好温柔，好漂亮
34357,1802,鲁林荣,2017-01-19 07:12:19,6,6,0,萌萌哒鲁大师\n\n
34378,3588,姒健敏,2016-10-08 08:17:49,0,3,3,挺水的课
34457,1789,王伟,2016-10-11 03:52:18,3,3,0,数院王老师人超好，又帅
34467,1756,杨敏,2017-02-25 17:41:05,0,2,2,温柔漂亮有耐心～
34533,1756,杨敏,2016-10-13 02:01:33,0,0,0,还好吧
34594,2321,应李强,2016-10-15 08:44:12,24,26,2,谢谢老师。再见。
34595,2321,应李强,2016-10-15 08:53:13,13,13,0,满满的回忆啊\n\n
34596,2321,应李强,2016-10-15 09:02:15,38,40,2,应老师您一路走好！！我生化愧对您的教导
34597,2321,应李强,2016-10-15 09:03:16,8,8,0,上课特别好讲的特别详细人很和蔼
34598,2321,应李强,2016-10-15 09:08:01,8,10,2,老师上课十分耐心，讲得很细致，ppt也是，后面的总复习基本都是看他的ppt。怎奈世事难料，老师一路走好
34599,2321,应李强,2016-10-15 09:09:41,8,10,2,默哀，老师走好。
34600,2321,应李强,2016-10-15 09:12:42,13,16,3,真的是很好很好的老师???那么和蔼那么亲切 真的好难过啊
34601,2321,应李强,2018-03-06 08:39:28,79,82,3,身为医学生，生离死别的这一课也是应老师教的。老师一路走好。
34602,2321,应李强,2016-10-15 09:28:32,36,37,1,今天是2016.10.15号，听说了老师离世的消息，空间被刷屏了，可见是一个多么受人尊敬的老师。看来是无缘老师冬学期的分子实验了，但愿死者安息。
34603,2321,应李强,2016-10-15 09:36:08,6,8,2,特别特别好的生化老师 生化学的也可以 算是对老师的回报吧 世事无常 生命不堪一击。应老师您一路走好??
34604,2321,应李强,2016-10-15 09:40:30,14,15,1,多好的老师啊。。愿天堂没有病痛，愿你一路走好！我一定会好好学医，继承你未完成的事业！
34605,2321,应李强,2016-10-15 09:53:41,3,3,0,很好啊
34606,2321,应李强,2016-10-15 10:01:26,6,6,0,老师一路走好。\n\n好难过
34607,2321,应李强,2016-10-15 10:02:09,6,7,1,记忆永远停留在大一的生化课，多希望一切都只是谣言
34608,2321,应李强,2016-10-15 10:09:01,3,3,0,一路走好
34609,2321,应李强,2016-10-15 10:12:49,3,3,0,老师一路走好
34610,2321,应李强,2016-10-15 10:48:23,3,4,1,老师爱你 老师安息 心好痛
34611,2321,应李强,2016-10-15 11:04:16,3,3,0,和善的老师，对待学生非常温和
34612,2321,应李强,2016-10-15 11:06:22,1,4,3,生化愧对老师教导
34613,2321,应李强,2016-10-15 11:46:49,12,12,0,应老师，我在你的人生中停留过，我听过你的故事，我看过你走的路，接下来我的漫漫医学路，我一定认真走完。
34614,2321,应李强,2016-10-15 11:47:40,1,3,2,存者且偷生。
34615,2321,应李强,2016-10-15 11:52:33,3,4,1,存者且偷生
34616,2321,应李强,2016-10-15 12:16:03,4,5,1,老师人真的很好，可惜再也听不到您的课了。
34617,2321,应李强,2016-10-15 12:23:02,6,6,0,生化课听得最认真的一位老师了
34618,2321,应李强,2016-10-15 12:34:27,4,4,0,很棒，很负责
34619,2321,应李强,2016-10-15 12:38:15,11,12,1,今天是10.15日，是另一位在天堂的人的生日，而在今天我也得知了老师离开的消息，看到消息时是不敢相信的，但又不得不接受，原本还期待着冬学期上老师的分子实验课，然而缘分却只走到这，愿老师一路走好，在天堂没有病痛。是一位生化讲的很清楚的老师，而我却愧对老师教的生化，哭哭
34623,2321,应李强,2016-10-15 14:30:23,1,3,2,一个负责、细心、耐心的好老师！
34625,2321,应李强,2016-10-16 01:17:10,2,4,2,很温柔的老师 RIP 愿天堂没有病痛
34656,2321,应李强,2016-10-17 10:57:51,2,3,1,人好讲课好给分好 可惜再也不能听到他的声音了 愿天堂无病痛 一路走好
34662,969,焦晶晶,2016-10-17 13:22:12,-1,2,3,想给0分
34703,2434,汪洌,2016-10-19 01:19:32,2,4,2,语速快，声音轻，听着累
34727,314,那仁满都拉,2016-11-10 07:48:32,3,7,4,。。。。。
34728,1645,余沛霖,2016-10-19 10:41:50,4,5,1,非常温柔开朗而且有气质的一位女性，声音很好听
34794,3588,姒健敏,2016-10-23 08:20:31,3,5,2,太水，学不到东西，事多，还收钱，给分大概也不好，太有毒
35058,1019,郑莲顺,2016-11-01 03:45:27,7,8,1,讲的超级好   很关心学生
35059,1019,郑莲顺,2016-11-01 03:45:51,9,9,0,老师讲得很细，重点分明，而且会讲很多日常注意身体保养的地方！总之超级超级好！
35094,1019,郑莲顺,2016-11-02 07:03:32,6,6,0,人超好，讲课很清楚
35155,1019,郑莲顺,2016-11-03 07:39:16,6,6,0,最好的老师
35160,1756,杨敏,2016-11-03 10:40:48,0,1,1,很有气质的老师
35173,2297,陆源,2016-11-03 14:50:14,-11,1,12,很享受
35185,2321,应李强,2016-11-04 03:02:26,2,3,1,耐心有经验的好老师\n\n成绩愧对老师\n\n缅怀 走好\n\n
35200,1756,杨敏,2016-11-05 01:56:20,0,0,0,很详细且负责
35219,969,焦晶晶,2016-11-06 14:00:27,7,18,11,老师的期末互评制度让人特别无奈 3210一组非得有个零分的还不容商量 明明大家都在努力准备 你让那些付出等额努力最后通过随机摇骰得零分的同学怎么想：）
35264,1416,沈晓红,2016-11-07 12:16:46,1,1,0,好棒的老师，下学期继续\n\n
35275,2105,杨芊,2016-11-07 12:56:57,31,53,22,超级棒超级棒的老师和课程！我在浙大上过最好的课。老师人超nice，年轻长得美，气质好，说话温柔，专业水平高，ppt好看，讲课生动，理论与实例完美结合。课堂上的内容真的会给人很多启发，应用于生活以后带给自己非常积极乐观的情绪。希望有幸选到杨老师的课的你们，认真听讲，不要辜负了她。
35276,1416,沈晓红,2016-11-07 12:58:08,1,2,1,好好好
35277,2105,杨芊,2016-11-24 03:41:54,7,10,3,哦哦哦
35279,2105,杨芊,2016-11-07 13:05:53,7,17,10,首先杨老师漂亮善良和蔼可亲！！！\n\n这门课真的希望每个人都能听听，贴近生活贴近个人。老师精心设计的课程安排，很多你在生活中真的能应用到的积极力量，很多让你从心底感到敬佩的同学，听了这些，你真的能有更好的生活。\n\n安利这门课，安利杨老师！\n\n怎么才能在大学里更好地生活？来上积极心理学吧！【敲黑板】
35280,2105,杨芊,2016-11-07 13:06:13,-3,5,8,上课很专业，人还不错也挺漂亮的。
35281,2105,杨芊,2016-11-07 13:06:35,4,9,5,上完课心情会变好(*^ω^*)
35282,2105,杨芊,2016-11-07 13:09:45,-3,5,8,老师讲课讲的真好看真漂亮
35283,2105,杨芊,2016-11-07 13:12:03,-4,3,7,活泼多于严肃，一门看起来是学术性的课堂，充满着趣味。理论与实践结合的恰当好处，给人印象深刻，上课轻松有趣。最关键的是老师人美课好给分高，还有什么不满足的呢，作为一门在大类课专业课之外的沟通与领导类，既是必修学分，又是一种放松，还能学到很多与你身边息息相关的理论知识。学弟学妹们赶紧去选吧～～～\n\n
35284,2105,杨芊,2016-11-07 13:12:21,21,32,11,第一节课，所有男同学没有低头的。每个人都带着一双渴求的眼睛。强推！选不选的上就看你的了。
35285,2105,杨芊,2016-11-24 08:05:52,-2,6,8,好老师哦
35297,2105,杨芊,2016-11-08 00:08:26,-5,2,7,超棒的课程
35304,1645,余沛霖,2016-11-08 04:31:52,4,5,1,老师超级好，人美声音好听
35344,1416,沈晓红,2016-11-09 01:48:28,6,7,1,很好的老师
35382,3588,姒健敏,2016-11-09 13:12:26,38,50,12,我现在用最客观的态度写这条评论，希望能够给后来人一个警示。来浙大这么久，这是上课能学到东西最少的一节课，讲的全是常识。还有最水的课，堪称五千年一遇最水老司机，三节课能上成两节课，第一次见。结课作业要求最多，给分最恶心，让你怀疑人生。（如果你想拿学分不看绩点，这个水课还是不错的，如果你是正常的，看了这个名字想学点东西的，那你还是别来了。）
35406,1645,余沛霖,2016-11-10 07:00:40,4,5,1,老师有气质，上课好，perfect~
35413,370,朱心强,2016-11-10 07:14:23,4,5,1,很好的老师
35499,3588,姒健敏,2017-01-14 04:51:35,6,9,3,这成绩真是惨不忍睹。活生生拉了三点均绩。
35503,1556,王鑫慧,2016-11-10 07:22:08,6,12,6,前四堂课全在念很多英文的PPT，后四堂的女老师想有点互动，就搞一些加分制度莫名其妙的抢答，总之很难学到东西，基本上就在写作业，然后考试周来个小组展示，给分莫名其妙。总之这种课是浪费生命。
35526,3588,姒健敏,2016-11-22 08:37:36,-5,4,9,水吧，但是期末认真一点绩点还是可以的。
35560,1789,王伟,2016-11-10 07:27:15,0,1,1,很有意思，觉得老师懂很多，对很多东西都有自己不一样的看法。
35577,370,朱心强,2016-11-10 07:28:42,1,3,2,有点水，但是老师好可爱啊~
35581,1645,余沛霖,2016-11-10 07:29:14,3,4,1,普通话超棒，讲课风格真心不错
35587,1645,余沛霖,2016-11-10 07:29:28,4,4,0,老师的普通话好标准啊啊啊啊啊啊啊啊啊好喜欢上她的课！
35599,3588,姒健敏,2016-11-10 07:30:42,8,13,5,上课很无聊，讲义一点都不好看 最后小组展示不顾别人花了多少心血在那乱挑刺 最无语的是讲义28一本，说是为了体现他的人文关怀，给贫困同学免费提供讲义，我们就变成了一人30，然而…也并没有同学免费拿讲义。EXM?
35601,370,朱心强,2016-11-10 07:30:52,6,7,1,课讲的很认真，仔细听绝对有收获
35662,2105,杨芊,2016-11-10 07:40:25,-4,3,7,漂亮的老师果然讲课也不错。很负责的老师，课堂内容也有趣。安利～
35680,2105,杨芊,2016-11-10 07:44:15,-4,3,7,很好的
35718,3588,姒健敏,2016-11-10 07:52:24,9,12,3,上课水，评分差，不喜欢踏实干事喜欢花里胡哨的东西，
35789,3588,姒健敏,2016-11-10 08:11:14,13,15,2,只记得他和孙杨约过饭。希望小朋友们最后展示的时候多吹牛比如吹一吹自己会用什么高科技，东西做的越多越好，五位一体你就满绩了。
35807,370,朱心强,2016-11-10 08:15:14,1,2,1,棒棒哒就是不知道考试难不难（还没考过）
35809,1789,王伟,2016-11-10 08:16:08,-5,0,5,zz老师
35842,3078,陈晓,2016-11-10 08:27:16,2,3,1,帅，，
35844,1789,王伟,2016-11-18 14:42:17,0,1,1,心理卫生    比较水    会趁你不注意就来个点名。另外一个上心理卫生的老师上的很好，教室都坐满了。想学关于心理卫生知识的还是选另外一个老师吧，选王伟吧，水其实也能水过去\n\n
35851,13,张咸宁,2016-11-10 08:30:24,70,78,8,转载……诗\n\n江城子·遗传\n\n拿到试卷透心凉，一发慌，全都忘。\n\n似曾相识，答案却不详。\n\n选择名解两茫茫，\n\n看病例，泪千行。\n\n两小时后出考场，\n\n见同窗，共悲伤，\n\n如此成绩无脸见爹娘。\n\n待到咸宁出分日，\n\n启真底，学子殇。
35852,1416,沈晓红,2016-11-20 10:47:04,15,18,3,很棒，老师温柔，讲的课也有趣，我问问题老师的回答很用心，回答时也很有耐心，沈老师的课很值得去听
35879,13,张咸宁,2016-11-10 08:39:27,0,6,6,超级可爱的老师呀～讲课很棒，我每节课都没有走神，讲的很有趣。还有很多口头禅，虽然第一节课有点小惊吓hh
35902,3588,姒健敏,2016-11-10 08:48:32,14,17,3,上课很水，老师声称是一节能学到很多知识的课，其实讲的都是很浅的常识 。没有考试，但考核作业过于流于形式，费时费力，没有体现所学知识
35920,2105,杨芊,2016-11-10 08:53:14,-4,3,7,很好的老师\n\n
35941,1756,杨敏,2016-11-10 08:59:40,0,0,0,超优雅的～讲解很到位～
36014,594,徐立红,2016-11-10 10:03:27,3,4,1,老师人很好很有耐心，有妈妈的感觉(∩_∩)
36021,1789,王伟,2016-11-10 10:09:36,-5,1,6,不追求高绩点的一定要选他的课，出了给分，其他的真的不错。
36132,1789,王伟,2016-11-10 14:03:44,0,1,1,好老师，讲的都是思维方式，虽然有时候有点跳
36187,3588,姒健敏,2016-11-14 04:17:15,5,8,3,打一分是因为不能打零分，这老师太随意了，太水了，给分也不好。
36190,1756,杨敏,2016-11-11 02:44:22,0,0,0,老师好美丽温柔，内容很实用，考核方式贴近生活，很有意思，很喜欢
36243,1416,沈晓红,2016-11-11 07:53:43,0,0,0,还不错的，可以选吧
36395,370,朱心强,2016-11-13 01:21:47,0,2,2,还不错，两个半小时一直站着哦。考试题80分都是PPT上的内容。
36410,1416,沈晓红,2016-11-13 06:09:35,0,0,0,上课很有趣 完全跟潮流不脱轨
36417,1556,王鑫慧,2016-12-20 04:41:56,5,9,4,选课的时候是第二轮选了必中的，然后我为了水个学分就选了，然后……听说这里最低只能打1分？
36419,969,焦晶晶,2016-11-13 11:21:29,2,6,4,bonus time很好啊，讲课也OK，但最后的小组展示要求展示的同学提问所讲的内容有点微毒。。。答不上来要整个组扣分，还有小组展示的自评评分必须按贡献大小严格打0 1 2 3分，这很苛刻很打击人好吗。。。
36461,370,朱心强,2016-11-14 02:41:03,4,5,1,超级和蔼的小老头，虽然只上了他一次课，但是感觉一次就爱上
36487,3588,姒健敏,2016-11-20 00:28:42,-4,8,12,水是水了点，但如果你的健康意识不强还是听听吧，有好处。如果你每天10点半以后或更晚睡觉的话，你一定要去听，因为如果你还没有健康意识的话，你无论多么努力都是个失败者，身体才是第一位，至少从这门课你能学到健康，这是无价之宝。认真做作业老师给的绩点还是蛮高
36655,1367,韩春茂,2016-11-15 08:06:53,-2,1,3,考试大部分都是题库的
36657,2356,沈毅,2016-11-15 08:08:48,-1,1,2,人很好
36671,1645,余沛霖,2016-11-15 09:23:23,11,11,0,老师声音太好听了，在她的课我都不想看其他书
36807,3442,杨云梅,2016-11-16 06:20:10,0,2,2,hhhhh
36969,3588,姒健敏,2016-11-19 17:15:04,-20,9,29,虽然大家都在骂，但这毕竟是第一个满绩的通识课。用心就能得高分。
36989,2297,陆源,2016-11-17 03:10:39,5,8,3,很认真的老师，但是感觉是老顽固。能学到很多东西，但上他课的时候会有应激反应。
36990,1532,胡小君,2016-11-17 03:29:53,1,4,3,上课无聊，给分极其坑，看组里有没有大腿吧
37020,1573,施卫星,2016-11-17 06:44:53,0,0,0,课程内容很有意思呀  老师讲课也有意思  态度很好
37044,1532,胡小君,2016-11-17 07:19:28,2,4,2,不好。
37055,1532,胡小君,2016-11-17 08:02:14,10,12,2,沉浸在自己的世界里，不了解学生
37152,1573,施卫星,2016-11-17 15:22:18,4,6,2,上课很有激情，但是课真的挺无聊的，课程问题，不怪老师。平时不点名，就一次作业，开卷考试，全是案例分析题，感觉考政治题一样，挺难的，给分坑。
37179,1573,施卫星,2016-11-17 23:58:42,1,3,2,老师上课非常好，但给分.....\n\n上课都听的，考前ppt也看了，3.3，蓝瘦
37225,1573,施卫星,2016-11-18 03:09:22,1,1,0,老师上课挺好的，也没啥事。不过给分方式个人感觉不是很合理。毕竟与我均绩差了1.多。
37254,1416,沈晓红,2016-11-20 04:39:20,0,0,0,两篇论文好好写，给分很不错的，上课好好听就会学到很多东西
37268,1416,沈晓红,2016-11-18 06:26:00,2,6,4,上课有趣 给分也好 两篇压线论文 最后绩点4.5！！！
37280,623,朱善宽,2016-11-18 07:26:04,0,3,3,超喜欢老师，很温柔知性。课很水，提前下课而且没作业
37289,1756,杨敏,2016-11-18 08:02:50,0,0,0,老师跟温柔 给分一般
37296,1416,沈晓红,2016-11-18 08:44:02,-11,4,15,老师还是不错的…但认真写了论文只得了4.2…
37297,1416,沈晓红,2016-11-18 08:49:17,0,2,2,老师很温柔啊，从来不点名，内容也很丰富有意思，认真学习能学到很多东西的，给分也满意(虽然没上4。。。)只有期中1500字和期末2500字的2篇论文。
37305,1416,沈晓红,2016-11-18 09:08:15,-20,3,23,上课很自由，然而，认真写了两篇论文，绩点4.2。想哭。
37306,1789,王伟,2016-11-18 09:08:56,11,14,3,心里卫生王伟老师只有两个字评价：辣鸡\n\n不学无术，只会装逼；不知道他讲了些什么，只知道乱说胡扯，希望能停掉他的这门课！！！
37321,1416,沈晓红,2016-11-18 09:56:37,3,6,3,老师很温柔，上课会举很多案例来分析，认真听的话觉得很有意思，两篇论文好好写，给分也很好
37325,1416,沈晓红,2016-11-18 10:00:23,0,0,0,超级好的老师，上课特别认真，收获很大，只要认真写文章就好。
37326,13,张咸宁,2016-11-18 10:00:14,23,26,3,上完课我感觉世界上最难的事就是不做庸医
37355,370,朱心强,2016-11-18 12:20:50,0,3,3,没用水\n\n
37356,1645,余沛霖,2016-11-18 12:23:44,2,4,2,还好啦
37366,1416,沈晓红,2016-12-11 10:16:16,1,1,0,老师人超级棒(｡･ω･｡)ﾉ♡
37373,1756,杨敏,2016-11-18 13:50:22,0,1,1,很有气质，很温柔，平常作业是记录3天饮食，上课做个简单的问卷，最后考核是大作业很有用！给分很好！
37383,13,张咸宁,2016-11-18 15:14:14,8,9,1,庸医，用刀砍死你
37441,1573,施卫星,2016-11-19 00:17:20,1,3,2,作业认真做了考试认真考了最后给了3.3 不是很懂。
37473,1416,沈晓红,2016-11-19 03:35:00,0,4,4,老师很棒，感觉知识面很广，专业知识还是时下潮流甚至八卦新闻都知道，听她的课很有趣，人也很温柔。作业不多，两篇论文，而且不一定要结合上课内容，只要写出自身感受就可以拿高分。一个学期没听课绩点4.8，爱老师呦～～～
37482,13,张咸宁,2016-11-19 04:37:16,38,41,3,“你们这群庸医”，“难怪病人要拿菜刀砍死你们”，知识全忘了，但是这些话真的记忆犹新
37484,623,朱善宽,2016-11-19 04:48:35,1,4,3,有人会觉得有用，有人会觉得水课，似乎期末考试每一学期老师布置的都不一样。老师讲得还好吧，是挺好的老师，不过有时会有点无聊。
37491,1789,王伟,2016-11-19 05:29:39,12,16,4,上课辖BB！帮他做了实验问卷，点名都在！！论文也认真写了！！分数就60，对，就是60！！我的均绩啊！！后悔上这门课，太过分了！！
37498,1789,王伟,2016-11-19 06:37:00,5,6,1,水课 瞎扯 传教 不尊重女性\n\n从不翘课每周听他瞎扯 问卷认真填了 实验反反复复去做了 论文字数写了一倍多 绩点3.9?呵呵
37505,1789,王伟,2016-11-19 07:20:37,0,1,1,给分呵呵
37509,13,张咸宁,2016-11-19 07:53:43,0,4,4,挺激情的
37512,1789,王伟,2016-11-19 07:57:15,5,9,4,点过一次名。上课有点无聊，期末一篇论文。本来以为给分肯定不会高，结果竟然还不错
37515,1789,王伟,2016-11-19 08:23:23,2,2,0,垃圾，
37521,1556,王鑫慧,2016-11-19 08:39:34,1,3,2,怎么说呢 给分还是有点坑 小组展示成绩名列前茅，论文和个人作业也是认真写了。展示时老师的问题也都回答的很好。就我个人而言，我觉得我们组4个人都很优秀，每个人上4.5都没问题。然而结果是。。。究其原因应该是评分制度坑吧
37527,1789,王伟,2016-11-19 08:59:50,0,2,2,适合水，给分还可以
37529,314,那仁满都拉,2016-11-19 09:06:18,1,8,7,这个老师太nice了！给分很好 而且可以记住每一个学生 据说是在家放羊能记住每一只羊（虽然在我看来都一样） 很养生很轻松的课堂 相信会有收获的！
37534,1789,王伟,2016-11-19 09:31:13,1,2,1,给分很不错
37535,314,那仁满都拉,2016-11-19 09:39:15,3,8,5,非常直爽的老师，刀子嘴豆腐心
37541,1789,王伟,2016-11-19 09:59:53,3,4,1,智障老师给分低
37542,1556,王鑫慧,2016-11-19 10:03:11,4,7,3,简直无语
37554,1789,王伟,2016-11-19 11:15:14,1,2,1,水课一门，课听不听无所谓，\n\n最后一篇论文定分数\n\n貌似自己运气还行？
37555,1789,王伟,2016-11-19 11:25:03,4,4,0,上课完全听不到东西，上课随意，给分随意，认真写的论文分数腊鸡，自信自己的人品可以选
37556,1556,王鑫慧,2016-11-19 11:54:52,4,6,2,给分烂 完全讲课的认真程度和给的分无法比较 坑
37561,1789,王伟,2016-11-19 12:35:42,9,22,13,心理的王伟老师在第一节课上的第一句话就是:\n\n“我会让你们见识到什么是浙大第一大水课。”\n\n一个学期结束了，他成功了。。。不过也确实是很有自知之明啊?\n\n认真做了实验填了问卷，不过我感觉并没有什么卵用…因为好像并没有特别注意姓名。期末论文东拼西凑一个小时完成，竟然得了4.5的高绩点…好吧我可能是人品好。
37562,1789,王伟,2016-11-19 12:58:40,1,2,1,没听过老师的课  上课瞎bb  但只要论文写得好  给分还是相当高的
37563,1556,王鑫慧,2016-11-19 13:03:27,10,14,4,竟然没有负分  真的要报警了  那个女的什么鬼  为什么她会来上课  真是醉了   我们全组绩点都超低  就是喜欢用百度查了答案告诉她的人  完全学不到东西   制度好坑爹  真的不要选  事多还分低要命
37565,1789,王伟,2016-11-19 13:20:06,0,1,1,课水，给分坑，嗯，就是这样
37568,3588,姒健敏,2016-11-19 13:25:44,-2,6,8,给分超级赞
37570,1556,王鑫慧,2016-11-19 13:34:45,9,14,5,我bonus time加了很多分，小组展示自己也很满意，回答问题也很不错，结果到最后却是那么低，自己都难以置信，简直GG，拉我绩点，毁我青春，事情还多，浪费时间，谁会去在意一样菜里各种东西的含量啊，食堂人那么挤问阿姨，阿姨还嫌你烦，想哭
37572,1789,王伟,2016-11-19 13:39:41,1,2,1,一共点过一次名吧，其实上课还蛮有趣，水水的～论文作业要写出自己的创新点
37575,1556,王鑫慧,2016-11-19 13:46:49,1,5,4,其实老师上课还好，有两个老师，想了解有关营养，健康之类的可以选。事情不算多，最重要的是期末的展示，好好准备就可以了。
37576,1416,沈晓红,2016-11-19 13:48:40,0,0,0,太水了……举例感觉有点不够科学
37578,1789,王伟,2016-11-19 13:57:58,1,9,8,心理学及应用竟然满了.....神奇 上课就是跑火车可以完全不用听 做自己事吧 一篇论文定分数 我的想法是 慎选 虽然我满绩了
37584,3588,姒健敏,2016-11-19 14:10:09,4,6,2,学不到东西，收钱，小组结业作业就是给他常识性的理论准备各种素材。大水坑。
37587,3588,姒健敏,2016-11-19 14:24:13,0,5,5,特别水，三节课之上两节课，搞得自己还牛逼哄哄。同一组的女同学打分比男同学高一分。
37598,1789,王伟,2016-11-19 15:21:04,1,3,2,课水给分高\n\n
37600,1416,沈晓红,2016-11-19 15:37:10,0,0,0,很轻松的，水课吧
37609,1556,王鑫慧,2016-11-19 16:26:50,2,4,2,辣鸡老师，给分不好破事贼多
37615,1556,王鑫慧,2016-11-19 23:21:48,6,9,3,鑫慧老师讲得很不错，可以学到很多，后一个女老师就呵呵了，纠结一些奇奇怪怪的细节，做一些奇奇怪怪的要求，什么都按要求做了，最后成绩真的低于预期。强烈建议这个课让鑫慧老师一个人上，后面那个女老师还是去严格要求自己的专业课学生吧。
37632,1556,王鑫慧,2016-11-20 01:35:06,4,5,1,给分呵呵
37643,1789,王伟,2016-11-20 02:13:22,0,2,2,心理卫生的论文一定要写好写多，论文质量决定绩点
37649,1789,王伟,2016-11-20 02:44:51,0,8,8,只有我觉得医学院王伟还好吗，心理卫生是我这学期绩点最高的课了，几乎上4，而且之前找他签条子什么的态度也很好，就是不知道为什么怎么多外国人
37651,3588,姒健敏,2016-12-22 13:45:04,6,7,1,要学分的来，想刷绩点勿选，因为你的绩点会让你忍不住爆粗??
37669,314,那仁满都拉,2016-11-20 04:43:52,6,7,1,听课还是挺好的，老师也挺幽默，就是分不好，也不知道为什么
37672,2321,应李强,2016-11-20 04:52:30,1,2,1,很棒的老师！
37694,1789,王伟,2016-11-20 08:40:20,4,4,0,辣鸡，整篇论文一字一句自己想好自己打出来的，老师是看不到用心的人的心吗
37699,1416,沈晓红,2016-11-20 09:11:07,0,1,1,案例很多，通俗易懂。
37723,1416,沈晓红,2016-11-20 12:01:33,0,0,0,老实人很不错，给分也很高
37752,1416,沈晓红,2016-11-21 00:10:11,8,12,4,课挺水的。两篇文章认真写了，绩点还是只有3.9....
37765,1416,沈晓红,2016-11-21 01:57:38,0,0,0,可以水 可以听 不点名 两篇论文 给分就看论文吧 多写点
37787,13,张咸宁,2016-11-21 05:05:06,0,6,6,“你们这群庸医！” 可是真的好可爱呀！
37796,370,朱心强,2016-11-21 06:00:31,-3,4,7,浙大第一水课
37802,1556,王鑫慧,2016-11-21 06:39:39,4,5,1,上课水，后面几节课的女老师事情多，各种要求……给分真是呵呵哒了……
37803,3662,郑莉灵,2016-11-21 06:56:32,-7,4,11,老师人很好 为什么成绩那么低 说好的给我加分呢
37813,2321,应李强,2016-11-21 07:20:07,1,2,1,超级棒的老师
37879,1532,胡小君,2016-11-21 13:34:22,0,4,4,烂，我也是呵呵了。哪来这么高的均绩
37880,1416,沈晓红,2016-11-21 14:00:02,1,1,0,超级好玩！给分也超赞！特别爱这个老师！觉得人好，懂生活。
37883,710,欧阳宏伟,2016-11-21 14:51:30,-21,2,23,爽爽爽
37905,1573,施卫星,2016-11-22 02:40:03,-1,0,1,有激情 给分还不错
37987,1573,施卫星,2016-11-22 17:19:50,0,1,1,老师人很好很热心
37988,1560,陈晖,2016-11-22 18:14:52,0,0,0,超棒哦
37993,1789,王伟,2016-11-23 01:09:39,3,5,2,课上没有什么知识虽然论文要用然而给分不是很差点到名了加分
37995,969,焦晶晶,2016-11-23 02:03:01,2,3,1,给分也是神奇
38070,2105,杨芊,2016-11-24 02:18:24,-4,0,4,棒哦！
38164,415,丁世平,2017-01-20 03:57:49,9,9,0,老师人超级好啊 讲的很好 解答的时候也很有耐心
38211,1416,沈晓红,2016-11-27 04:49:56,1,1,0,老师很棒，温温柔柔的，讲的很细致，给分也很好～
38217,370,朱心强,2016-11-27 08:43:43,1,1,0,课很水，很有意思
38265,1191,陈学群,2016-11-28 14:42:07,27,31,4,这老师说话老是带点English显得很international但是她的spoken English又有点捉急
38268,1416,沈晓红,2016-11-29 00:10:11,4,4,0,非常温柔知性的一位老师，每次都很早到很认真，不考试，就两篇论文。
38367,1416,沈晓红,2016-12-01 03:34:45,9,10,1,可以水却不想水的课
38456,1824,张伟,2019-05-30 06:13:02,-3,2,5,智障伟
38505,1416,沈晓红,2016-12-07 08:38:42,0,0,0,内容挺有趣（但是说话的语气有点催眠） 只有两篇论文，刚刚过要求字数也可以得到比较好的分数。
38518,2743,许正平,2016-12-14 12:24:35,5,10,5,8次课，6次给学生自己展示，提问答问，叫到次数少平时分就低，个人觉得这种是不负责任的教学和考评方式，适合喜欢瞎bb的人
38522,1196,李静,2016-12-07 13:58:37,0,0,0,老师挺漂亮，上课也不错，课后传资料，只是、学霸学起来也好吃力？！
38694,2630,陈明法,2016-12-15 01:49:21,5,5,0,讲得很清楚 好老师
38705,1756,杨敏,2016-12-15 06:55:50,0,1,1,女神。如沐春风
38846,1573,施卫星,2016-12-19 14:34:50,4,5,1,老师超棒，长得帅，上课认真，声音好听，超爱的！
38847,1573,施卫星,2016-12-19 14:36:14,2,3,1,老师富有人格魅力，长的帅，讲课有趣
38908,3523,王良静,2016-12-19 23:51:09,6,12,6,老师讲课清楚的，非常重视创新，虽然最终评分有点坑，但是只要你做的事情技术含量高，评分还是会好的
39035,3588,姒健敏,2016-12-21 00:16:41,1,2,1,期末作业要求形式太多 而且给分玄学正态 上课内容非常水没啥用
39109,1059,王福俤,2016-12-21 07:58:47,3,4,1,。。。。。
39111,1059,王福俤,2017-01-11 04:06:23,-12,6,18,虽然不点名，但是有小测，没有卷子考试，喜欢这门通识，助教老师很漂亮，而且只要不旷课，真的比较容易拿高绩点，我表示看到成绩很开心，哈哈哈\n\n
39112,1880,赵璐,2016-12-21 07:59:53,2,4,2,。。。。
39113,1880,赵璐,2016-12-21 07:59:55,2,4,2,。。。
39316,1416,沈晓红,2016-12-22 05:12:42,5,7,2,认真听的那几次很有意思，不认真听的那几次做自己的事做得很爽。给分挺好的！老师人很好，有趣可爱。
39332,1789,王伟,2016-12-22 06:09:45,4,4,0,数学系的王伟老师讲课超赞，满分
39484,3588,姒健敏,2016-12-23 05:38:03,2,3,1,太水了
39517,415,丁世平,2016-12-23 12:34:59,4,4,0,讲得非常好的一个老师
39518,594,徐立红,2016-12-23 12:36:59,3,4,1,老师很有逻辑，上课时比较讨厌有人在她讲话时讲话，所以课堂纪律非常好
39568,2394,熊思尘,2016-12-25 08:23:34,-2,0,2,心疼小熊一秒
39644,1756,杨敏,2016-12-26 11:47:39,0,10,10,实用营养与保健是这位老师在教没论文，最后一次大作业用心做得了4.2，个人感觉比较满足
39724,2436,余海,2016-12-27 07:29:34,1,2,1,大爱余老师啊，超级赞的老师，有学识，英文又好，选了绝对不后悔
39742,2105,杨芊,2017-01-04 05:05:24,14,22,8,什么都好，除了选不上
39777,415,丁世平,2016-12-27 12:24:51,15,15,0,老师人很好，上课条理特别清晰，语速略快，不过可以提高神经兴奋性，还有问问题的时候很温柔，真的是一个很棒的老师！
39818,1789,王伟,2016-12-28 01:30:23,39,41,2,我只想说，除了医学系的王伟，数学系内还有两个王伟…大家也不要搞混了…
39834,1556,王鑫慧,2016-12-28 02:46:02,0,0,0,很水的课，除了一次要求交自己一天食物的作业外就只有一次期末的小组展示了，有两次点名吧。给分不高，但还好。感觉这课唯一费心的地方就是期末五分钟的展示了
39848,851,方马荣,2016-12-28 03:55:19,1,1,0,千万别选他的课，讲ppt，然后走人，什么都不指导
39874,2321,应李强,2016-12-28 05:33:17,2,3,1,很耐心很仔细的老师，是我们医学专业课的启蒙老师，待人也很亲切！
39881,1437,周韧,2016-12-28 05:41:04,23,26,3,电视剧里那种饱经沧桑说啥都对的老警察气质，感觉说啥都对。上课不是以考试为目的，更多讲一些临床上需要的内容，所以不适合应试，但真的学到很多很有用也很有意思的东西。
39897,2436,余海,2016-12-28 06:43:28,1,2,1,从各个纬度讲医学的历史 治疗方法的发展 疾病史的发展等等 感觉能选上这样的通识已经很满意了 。另外，感觉这个老师特别喜欢留学生嘻嘻嘻(虽然我不是留学生
39905,1880,赵璐,2016-12-28 06:57:56,14,17,3,女神！！！
39908,623,朱善宽,2016-12-28 07:02:07,2,5,3,垃圾不解释哦哦
39928,2436,余海,2016-12-28 07:52:48,3,3,0,很有趣 长知识了 \n\nppt也不会有长篇大论 以图片为主 想走神都难\n\n
39977,1573,施卫星,2016-12-28 11:49:59,0,0,0,考试会翻书和ppt，多写点就行
40007,1556,王鑫慧,2016-12-28 15:14:30,1,1,0,王鑫慧老师其实还可以。后来的女老师又凶又莫名其妙。给分…【哭泣】
40101,62,凌树才,2016-12-29 07:38:54,8,8,0,很好，很强大
40267,3480,徐芳英,2016-12-31 07:08:30,3,3,0,老师特别温柔可亲\n\n对学生真的超级好\n\n讲得易懂而充实\n\n真的很棒
40302,2436,余海,2017-01-02 02:38:03,3,4,1,余老师很幽默，认真听会学到很多东西，一本正经的用英语开车，棒??
40487,2364,包爱民,2017-01-03 16:08:11,2,6,4,课很舒服，把脑科学和哲学联系在一起，能学到东西。
40510,710,欧阳宏伟,2017-01-04 02:24:53,-14,10,24,男神。何苦听课，听人生，听灵魂。
40532,1611,章军,2017-01-04 04:05:27,3,3,0,除非真爱不然别选
40559,2436,余海,2017-01-04 05:16:36,8,8,0,这么好的老师，还有什么好挑剔的？学者！上完课两年没见，我还能认出来！
40778,370,朱心强,2017-01-05 11:26:22,0,3,3,老师很好，课很水，上课从不点名，考试也只要打印ppt全程无脑抄就可以了。虽然我分不怎么样。
40845,1573,施卫星,2017-01-06 02:21:28,0,1,1,上课很有热情，一刻不停可以讲三节课。考试也是开卷
40884,1451,夏大静,2017-01-06 05:13:12,18,23,5,搭班的那个男老师（吴一华老师）感觉真的很风趣幽默有意思～  科学精神满满
41018,969,焦晶晶,2017-01-08 07:49:06,-1,3,4,还好还好 老师很真诚 讲得也还不错
41146,151,包家立,2017-01-09 12:36:06,0,6,6,这个新生研讨课你不仅可以了解各种高端医疗器械的原理，你还可以发现老师是个隐藏的物理dalao、微积分dalao，还有老师会不断的和你视线交流语言交流，and 上课响起微信电话的声音，哈哈哈哈，老师在课上会忘我的开始打电话。绩点不知道，所以我给9分(ppt做的太烂担心啊)。老师讲的又有激情又透彻！超赞的男神医生老师哇！
41160,2739,唐修文,2017-01-09 15:01:35,-1,0,1,老师挺好的
41209,710,欧阳宏伟,2017-01-10 04:29:59,9,13,4,新生研讨课，事多，花时间，每节课都有小组ppt展示，队友很重要。最后还有个人ppt展示……不想花时间的建议别选
41271,151,包家立,2017-01-10 10:30:26,0,2,2,上的新生研讨，老师很可爱的?
41276,151,包家立,2017-01-10 11:08:48,1,3,2,有些原理都能讲 也有很多高端仪器的介绍 新生研讨真的能学到一些东西
41278,3405,沈颖,2018-07-07 06:45:41,4,11,7,我觉得老师很好啊，上课本来就不应该玩手机电脑，第一门我认真听的通识课，很博学，讲得也很有意思。还没考试，但是无所谓绩点了我就是喜欢这个老师怎样。
41288,3405,沈颖,2017-01-10 11:58:05,-1,3,4,老师讲的很精彩，有时候想水都会不自觉听起来
41315,151,包家立,2017-01-10 13:46:10,3,4,1,老师人超好，脾气和学问都很好，不点名。唯一的考核方式就是一次ppt宣讲，很推荐有这方面兴趣的人去选！
41350,1880,赵璐,2017-01-11 03:51:30,1,3,2,给分很好呀，课后事情也不多，而且是女神~
41351,1137,夏梽丹,2017-01-11 03:52:55,0,2,2,挺好的，比较喜欢
41353,1880,赵璐,2017-01-11 04:05:14,4,6,2,老师很好，很和蔼可亲，平易近人。课后事情不多，挺轻松的，还能学到好多知识。老师真的很棒！
41355,1880,赵璐,2017-01-11 04:14:25,5,8,3,老师很好，yale博士啊！课的事情也不多，虽然最后绩点有点渣
41356,1137,夏梽丹,2017-01-11 04:15:37,1,4,3,老师很好，平易近人，和蔼可亲，像一个大姐姐一样。课上能学到好多东西，课后事情不多。老师很棒的！
41361,1880,赵璐,2017-01-11 04:52:13,3,6,3,上的是老师的营养健康之艺术，通识，上课就像养生讲座，比较放松吧，课后没作业，有时课堂小测，期末展示PPT，没有论文。还是能学到很多的，比较接地气的课程，压力小，给分也好。
41366,415,丁世平,2017-01-11 05:18:57,2,2,0,好的嘛
41414,1137,夏梽丹,2017-01-11 11:10:59,14,20,6,没有期末考 几乎每节课下课前有个小测 测试这节课讲的一些内容 还是可以学到一些东西的 给分的话只要每节课都去展示认真做就不错 课挺轻松 老师很温柔
41420,1059,王福俤,2017-01-11 12:35:11,3,3,0,从头到尾没见过老师，都是美女助教在上课
41529,1880,赵璐,2017-01-12 06:35:41,-1,4,5,讲的好。给分不好，经常小测
41572,2069,汤慧芳,2017-01-12 08:08:33,-3,1,4,详细具体有条理，偶尔会拖堂
41573,62,凌树才,2017-01-12 08:12:09,2,2,0,很好的老师
41593,151,包家立,2017-01-12 08:33:37,17,20,3,听课可以水，但是水的结果就是绩点没法看??
41689,1059,王福俤,2017-06-15 05:06:01,-8,3,11,老师讲得很好，给分也不错
41710,151,包家立,2017-01-12 11:57:22,6,6,0,挺无聊的……然而如果你不喜欢上课发言的话，要谨慎啊……绩点会低到你不敢相信
41725,2743,许正平,2017-01-12 12:15:24,-5,3,8,很不错的老师，上课也比较轻松
41759,1059,王福俤,2019-07-12 03:57:00,5,6,1,打分很乱。\n\n
41884,151,包家立,2017-01-13 07:13:14,0,2,2,老师人很好，感觉很博学很和蔼，还是要用心准备PPT和发言才行。
41943,1880,赵璐,2017-01-13 09:21:14,7,10,3,事少。讲得有趣。养生小讲堂。人亲和。绩点一般。
41944,1137,夏梽丹,2017-01-13 09:22:12,1,2,1,亲和。蛮好
41954,2364,包爱民,2017-01-13 09:48:15,0,2,2,没体验
41971,2364,包爱民,2017-01-13 10:37:43,-1,5,6,上她的课其实学到很多，给分也很实在，我表现不好绩点低也不能怨老师了。。
42006,2364,包爱民,2017-01-13 11:46:33,-2,2,4,新生研讨课挺好玩的。。。
42135,1880,赵璐,2017-01-13 15:50:56,1,6,5,很有收获 给分很好。没作业，期末没考试，只要好好听课就有高绩点
42187,2364,包爱民,2017-01-14 00:42:01,-1,2,3,如果是新生研讨，其实每节课上课都不一定会是同一个老师，授课主题是大脑，考核方式是小组presentation展示以及围绕pre展开的问答表现。就我个人而言，ppt做得一般讲得一般问答也没有很在点子上…本来以为要正态了最后得分也还不错。还有一个感觉就是这门课dalao很多。建议选课。积极投入真的可以学到很多东西
42415,151,包家立,2017-01-14 07:08:49,0,2,2,老师很棒很有学识虽然绩点不高但是用老师的话来说就是在这门课上能够学到的东西其实还是很浅的重要的是学习一种思维方式  上课可以多发言多提问  一堂氛围轻松的课  视野变开阔 认识到自己的肤浅
42447,2505,陈玮琳,2017-01-14 08:43:41,0,0,0,不错的老师
42449,1196,李静,2017-01-14 08:44:45,0,0,0,糟糕的上课
42597,1756,杨敏,2017-01-14 13:45:24,3,3,0,给分不太好...
42612,2364,包爱民,2017-01-14 14:50:25,0,7,7,每节课老师都会换，内容完全用PPT过一遍总是感觉不能给人印象深刻，考核是小组展示，拿分与见识和表现能力有关，与是否认真学无太大关系;老师在考核方面特别认真，评价也很公正，想锻炼自己展示能力的可以选一下
42621,1756,杨敏,2017-01-14 15:20:59,0,0,0,喜欢老师
42686,1756,杨敏,2017-01-15 02:32:36,1,2,1,温柔善良的女神\n\n
42692,3405,沈颖,2017-01-15 02:46:18,1,4,3,上课不玩手机 并且认真写了论文 上课也发了言 表示有回报 把我的均绩拉高了
42702,2105,杨芊,2017-01-15 03:04:16,-5,4,9,绝对是好老师！
42864,1137,夏梽丹,2017-01-15 10:04:28,0,2,2,女神老师
42924,1756,杨敏,2017-01-15 12:13:33,0,0,0,上了一个学期大英3，老师还是很负责的，上课形式也很多，平时作文没写好可以补交然后按补交的分记入总分，上课也会有小辩论，不发言也没关系，嗯课前还有pre可以准备一下ppt效果会比较好，老师也会经常提醒记单词和quiz，她说起来比较严格，但是其实老师还是很好的_(:з」∠)_顺便感谢一下老师让这么辣鸡的我过了
43115,2176,王会平,2017-01-15 17:40:42,3,3,0,老师人很和善，期末会交代在上课的老师告诉学生哪里是重点，但是另外一个老师说的不是很清楚就对了
43139,1019,郑莲顺,2017-01-16 00:35:39,3,5,2,很nice的一个老师
43153,2364,包爱民,2017-01-16 01:10:44,16,19,3,给分很差
43350,946,韩曙,2017-01-16 07:30:48,2,8,6,老师很可爱，上课蛮有意思的，不过节奏也有点快，课前没看过书的话容易跟不上。最后一节课给我们画了超级详细的重点，给分超级好（今年好像是第一次带人体解剖学乙？没看到往年她的均绩
43351,2069,汤慧芳,2017-01-16 07:31:52,0,2,2,戏多的不行......
43395,1556,王鑫慧,2017-01-16 08:12:00,1,1,0,每节课签到，最后评分太迷，不算水
43475,946,韩曙,2017-01-16 10:20:26,0,5,5,韩老师人超级可爱，个性很棒，划的重点超级详细！
43480,946,韩曙,2017-01-16 10:29:20,0,7,7,韩曙女神啊！！！\n\n效率超高的啊 一出分我就来了\n\n给分不错 而且会帮你划！重！点！\n\n照着重点背一点问题都没有
43565,3405,沈颖,2017-01-16 14:23:34,-3,2,5,给分超好啊不得不说！人生第一个满绩。\n\n讲课还好啦，上课放的电影很不错，但是把本来很有趣的东西讲的一般般吧。事情略多，就一个冬学期但是要写两篇论文，现在取消了考试。上课要积极发言，最后的讨论课一定要好好准备。个人感觉回报还是蛮大的，而且能学到一点干货～推荐！
43723,946,韩曙,2017-01-17 01:21:59,1,6,5,老师超级好超级有趣！讲得也很清楚。很想再上她的课。期末划很详细的重点，给分不错。
43808,623,朱善宽,2017-01-17 03:51:54,-2,1,3,表白助教小哥哥 \n\n表白我亲爱的组长\n\n谢谢给我这么高的分\n\n谢谢谢谢
43897,623,朱善宽,2017-01-17 05:50:04,-2,1,3,出了绩点怎么发现和前面的评论不太一样，绩点很高啊，而且我也没干什么事。。。
44195,849,严杰,2017-01-17 11:51:54,2,3,1,因为他编了教材所以微生物不能用人卫版的了……感觉这本书好坑
44202,415,丁世平,2017-01-17 11:55:42,3,4,1,老师给你10分！保佑我期末组胚4.5吧
44394,1416,沈晓红,2017-01-17 17:19:44,0,0,0,给分真好啊
44581,415,丁世平,2017-01-18 03:36:11,4,4,0,给十分 求问学长学姐历年题(ಥ_ಥ)
44757,2436,余海,2019-05-18 11:17:52,1,2,1,老师超级男神！很可爱很幽默！
44836,1824,张伟,2017-01-18 11:06:13,12,17,5,病理学进展，夹在各二各三诊断之间，背了很久思考题，结果还七十多，我有句妈卖批我现在就要说
44838,1824,张伟,2017-01-18 11:12:26,6,9,3,背了那么多思考题，最后七十几分是几个意思，均绩3.5是怎么来的……坑
44876,415,丁世平,2017-01-18 12:17:20,-2,2,4,这是我第一门挂的课啊。。
44881,1416,沈晓红,2017-01-18 12:30:11,0,0,0,老师非常非常好，给分也非常非常好～
44900,2436,余海,2017-01-18 12:55:34,0,1,1,给分好棒啊～认真写了两篇论文花不了多少时间的
45000,2630,陈明法,2017-01-18 19:12:11,7,7,0,退休返聘的老师
45068,2436,余海,2017-01-19 02:25:24,3,3,0,太厉害了，知识渊博，真正的好老师。
45076,2436,余海,2017-01-19 02:33:32,18,27,9,很喜欢甚至是目前最喜欢的老师，两次论文也因为很有想写的冲动认认真真又充满激情的写了，结果绩点3.3...我也不知道该怎样评价了，打个平均分好了
45142,1416,沈晓红,2017-01-19 04:52:11,0,0,0,人很温柔，讲案例很有意思
45221,623,朱善宽,2017-01-19 07:34:42,-1,1,2,很温柔，很好
45293,1416,沈晓红,2017-01-19 09:21:50,1,1,0,很多案例，很和蔼的老师。考试交卷以后问我出题难不难呀?喜欢
45327,3588,姒健敏,2017-01-19 10:32:34,-8,3,11,没怎么听过课，两次作业一点点事就4.5了
45438,3588,姒健敏,2017-01-19 14:24:43,9,10,1,上课全是常识。考试全看形式。期末简直恶竞。内容bb 就好。三节短为两节。拉低绩点好课。推荐，个P！
45538,946,韩曙,2017-01-22 01:50:45,4,6,2,怎么说呢，如果她出的卷子，期末复习重点范围就会小一点，但如果不是，就没啥区别，而且上课讲话和电子音有点像，有些快，无法吸收理解，没有从浅入深。我是人体形态学基础实验。
45556,1437,周韧,2017-01-19 20:19:06,7,11,4,呵呵 中等 2.5作为一个通识课你还能再坑点么   \n\n
45585,1437,周韧,2017-01-19 23:51:45,-2,4,6,研讨课4.5嗯应该是按档给分的，课上普及了很多医学及法律知识，但是作为一个工科狗很多听着就是一脸懵逼，分几个老师来上课的，还有几次研讨，也经常点名吧，作业考试就是调研报告或者论文之类的，参考一大堆东西写了几天才写出5000字的论文，不是医学生选这个课还是能学到挺多的。
45590,1437,周韧,2017-01-20 00:02:05,18,20,2,老师确实不错。。。但给分。。。。。。
45601,3405,沈颖,2017-01-20 00:19:15,-1,1,2,不考虑绩点的话，听这样一门新生研讨课的话，还是挺有趣的
45611,1437,周韧,2017-01-20 00:43:09,16,22,6,要是知道这种给分方式我是不会选的。。作为通识课太坑
45612,3405,沈颖,2017-01-20 00:45:53,7,7,0,给分超不好 可能论文写得在老师看来很糊弄？
45621,1437,周韧,2017-01-20 01:08:17,6,8,2,给分好低好低啊....不过可能是对论文要求比较高吧....
45625,1437,周韧,2017-01-20 01:14:29,-1,4,5,非常好的老师，见多识广而且很有人格魅力！希望大二能选上专业课！
45634,1437,周韧,2017-03-07 03:15:46,-3,8,11,垃圾老师，格局小得很。伤不起
45639,1416,沈晓红,2017-01-20 01:40:57,1,1,0,超级好的老师呢
45709,2494,邱爽,2017-01-20 03:19:06,7,7,0,老师真的很好，讲的很清楚，可是还是好难啊（ ＴДＴ）
45723,3405,沈颖,2017-01-20 03:44:39,4,4,0,老师说话语速有些快，讲的知识面很广。我感觉我考试和论文都有好好写，但是得分并不好。
45770,3405,沈颖,2017-01-20 05:05:27,1,3,2,作为一个文科生，我表示老师的课还是很易懂的，绩点也能接受，上课要多发言
45777,3405,沈颖,2017-01-20 05:18:02,-4,1,5,讲得好，给分好，推荐选啊～
45790,1451,夏大静,2017-01-20 05:57:27,8,11,3,毕竟是一门通识，分是不是稍低啊
45804,1451,夏大静,2017-01-20 06:20:56,-6,12,18,除了mmp没什么想说的
45902,1019,郑莲顺,2017-03-02 06:02:08,3,5,2,极好，极好
45936,1451,夏大静,2017-01-20 09:28:48,1,4,3,很好的老师！
45943,946,韩曙,2017-01-20 09:34:39,1,4,3,上课结束挺早的，课挺精炼的，会告诉你考试重点，人很幽默，还会卖萌，出分也很快，还会尽量让你分数高，尽量让你及格
45951,1451,夏大静,2017-01-20 09:43:11,6,10,4,超级棒，超级好，相逢即是缘，三生有幸能上到夏老师的课
45956,1789,王伟,2017-01-20 09:52:35,10,13,3,数学系的王伟我给十分好吗！给分真是浓浓师生情啊……都怪我上课水，不过老师讲的真的很好！人也很帅！再提一句助教，助教也非常负责，而且也很有意思~
45965,1451,夏大静,2017-01-20 10:01:30,3,9,6,?好老师啊，男女老师都讲的好，事情也不多。期末开卷考不太难，文科生也能拿高分
46006,1019,郑莲顺,2017-01-20 11:23:21,12,13,1,郑老师绝对是一个很棒的老师，很喜欢上老师的课，而且老师人很好，老师只要按照老师给你的思路，自己整理一遍上四是基本的。老师是一个很知情达理的大姐姐。
46126,2436,余海,2018-11-24 01:32:56,11,13,2,老师也是段子手呀\n\n课堂上超多韩国妹子和小哥\n\n最后绩点比较低可能是小作业字太差？期末论文写的太肤浅？
46131,1144,孙百强,2017-01-20 16:01:12,1,1,0,认真负责，有一点口音
46133,611,李仲杰,2017-01-20 16:06:47,-14,4,18,都这么帅了还有什么好说的呢～
46144,1451,夏大静,2017-01-20 16:27:58,1,3,2,给分挺正常的，上课挺有趣的
46363,151,包家立,2017-01-21 10:52:45,3,3,0,一门教你方法的课，认真做多发言一定是高分
46504,1756,杨敏,2017-01-22 01:21:27,1,6,5,竟然只有8.5？？？上了杨老师的大英三，必须十分。助教小哥哥超级帅，而且温和善良给分仁慈。老师上课也挺有意思啦，毕竟是大英课不能在这方面要求太高。很耐心细致有条理，超负责的，人也很好，嗯给分很好。明年继续大英四
46634,3442,杨云梅,2017-01-22 04:33:40,2,3,1,不是水课。感觉认真听，思考还是很有收获的。
46723,1191,陈学群,2017-01-22 08:23:19,14,16,2,论文认真写了，给分低，老师对学生态度也不好，差评
46764,1191,陈学群,2017-01-22 09:35:10,23,24,1,自以为是，自命清高，无须多言，歧视学生
46771,1191,陈学群,2017-01-22 09:50:29,7,10,3,3节课左右会拍照点名，课程本身很有趣，但老师给人的感觉很无语，来替课的孟濬老师非常好，能去听听他的课自己会收益很多。
46847,3442,杨云梅,2017-01-25 04:49:41,10,14,4,给分随意，问题浅显，平时不回答问题，默认为不听课，这很公平吗，老师八节课换了五个到最后还不知道杨云梅老师是谁 ，给杨老师打分其实是没有任何意义的，强烈建议查老师推出课程评分功能
46850,3442,杨云梅,2017-01-22 13:24:44,10,12,2,换老师一直换老师，搞笑了，你换老师轮流来的课，开课老师为什么就一个？开课老师，杨云梅老师，然后是哪个根本没认识...后面几个老师会点名，很无语。然后因为一直换吧，讲道理，就是听听知道了，不会深入去研究，而且上课讨论发言的一些东西，不知道是不是有些人读书少，一些发言个人觉得挺幼稚的。有一节展示讨论课，翻来覆去几乎每一组都差不多，没什么意义。可能有一些新的发现和理解但是挺浅显的，没什么学术性，不要被这门课名字骗了。给分一般吧（我很低）。
46851,3442,杨云梅,2017-01-22 13:26:24,1,3,2,虽然我拿了有史以来最低的一个绩点\n\n但是还是客观评价一下\n\n老师比较用心 课上有些东西也能引发思考 但可能因为刚开课的原因 评分方式不明确 给分随意且严格偏低 这有点让人伤心！\n\n最后一点 不要翘课 千万不要翘课 千万！\n\n不然平时分超低！！！！！
46863,3442,杨云梅,2017-01-22 14:09:57,2,2,0,点名 每次课都换老师 评分机制不明是真的 \n\n那些发言的同学 也只能呵呵 给分随意 最后连试卷都那么随意
46866,3442,杨云梅,2017-01-22 14:31:01,2,2,0,杨云梅老师只是挂名的，实际负责人并不是她，一共换了五六个老师，负责老师也在最后一节课才现身，具体考试与课程相关情况也最后才粗略说了一下，并且评分方式不明确很随意，最后的考试也很迷很随意，还是绩杀，对上课发言呵呵哒，讨论课效果也不太好。不在乎绩点而且对这方面内容感兴趣的可以去听听，还不错，不过可能实际内容医学和老龄化参半吧。
46871,2621,虞燕琴,2017-01-22 14:57:02,-1,0,1,一般吧
46878,1191,陈学群,2017-01-29 06:46:25,-11,1,12,给分不错。
46929,3442,杨云梅,2017-01-23 03:20:44,5,5,0,她就没上过课，都是各种其他老师来上，又不提前告诉你，不知道的还以为走错教室了。所以我评分不可能高。但是分数又是她来，还是绩杀，3.3，气死我了，和我普体一个分，全场最低。普体我体质不好我认了，这门课凭什么？平时分说占70%，刚开始不点名的时候我去，后来接近期末一直点名我也去，就一次感冒请了病假，虽然说也不是什么医院开了条子的那种正规请假吧。最后考试是主观题，问你一些看法，所以老师说这门课不需要背什么东西，我也勤勤恳恳地连背面都写了一面，当考思修一样。\n\n而且这个课程名也不对，还有关于医学的方面，有一节就是医患关系，我觉得那个老师还好。\n\n总之我不推荐选这门课，虽然说是新开所以评分可能有问题，但是我听到老师说以后平时分占比好像会提高？那这还玩什么……反正我觉得跟上面一样，整一绩杀。\n\n当然，也许明年会好一些？有经验一点？我相信这门课也有绩点高的，虽然看到上面说均绩3.2几，但是，要不要拼，看兴趣和选择空间吧。
46947,3405,沈颖,2017-01-23 04:49:46,-5,1,6,作为一门通识课长长姿势挺好的啦，给分不错啦，事情也很少。
47160,1065,李立伟,2017-01-24 06:57:27,7,7,0,寄生虫讲的很有趣 给分也不错
47165,2630,陈明法,2017-01-24 07:56:42,3,3,0,很好玩的老师哇
47204,1824,张伟,2017-01-24 12:12:49,-2,1,3,还行吧
47212,3588,姒健敏,2017-01-24 14:08:20,2,3,1,唯一一门没上四的通识，自己好好考虑考虑。超级无聊大水课
47283,2069,汤慧芳,2017-01-25 05:09:57,-2,1,3,hhh
47333,2069,汤慧芳,2017-01-25 10:26:10,1,4,3,老师特别特别的认真，嗯，听不到下课铃，授课时间会长一点…考试比较简单，背背课后作业和历年题就可以了，给分还不错
47334,151,包家立,2017-11-19 15:41:49,-2,4,6,老师很认真，可以学到很多东西，后悔没有好好听课，思考题背下来，考试很简单，给分很不错～
47374,2176,王会平,2017-01-25 14:22:18,1,1,0,哈哈哈
47482,1756,杨敏,2017-01-27 16:57:21,2,2,0,我英语不好，分低能理解，老师很好。
47519,1824,张伟,2017-01-29 04:30:35,3,5,2,模电实验老师很耐心的，电路有什么问题一定会帮忙找，脾气也超级棒。不过就是实验报告没有什么要求所以大家出于恶竞心理都写得很多，最后给分是等级制的老师也没有什么办法调分。
47821,1380,马晓光,2017-02-25 17:40:03,7,7,0,上课很特别，又帅又温柔
47850,3442,杨云梅,2017-02-26 09:32:32,1,5,4,给分应该就是有高有低吧...代表小组做个展示我就4.5了
47946,2105,杨芊,2017-03-01 09:10:57,-5,0,5,～～～
48008,849,严杰,2017-02-28 03:53:20,1,4,3,老师好萌啊
48073,623,朱善宽,2017-02-28 09:55:08,1,2,1,给分挺好，事情不太多，认真看ppt能找到课前作业的题目答案。最后一次展示参加应该会提高总评
48136,1437,周韧,2017-03-01 00:53:35,2,3,1,新生研讨课不得不说是真水。感觉他有很多想交给我们的但是上起课来有点乱，同一个点八节课讲了八次。
48176,1702,毛峥嵘,2017-03-01 05:47:08,14,19,5,毛老师讲课非常认真，可以学到很多真正的东西。另外回复楼上为什么删减图片，因为法医鉴定中心的很多照片有版权、隐私，周韧老师上病理的时候也不会给病例PPT给我们
48185,1092,沈岳良,2017-03-01 06:15:59,2,6,4,据说第一节课就发红包哦
48205,623,朱善宽,2017-03-01 07:53:22,0,1,1,垃圾。
48206,1092,沈岳良,2017-03-01 07:55:32,0,4,4,有趣
48243,1573,施卫星,2017-03-01 11:32:13,0,1,1,骗骗热血青年
48251,1573,施卫星,2017-03-01 12:16:18,7,8,1,单口相声王！
48279,1380,马晓光,2017-03-02 01:52:55,10,11,1,老师你单身吗？
48280,1380,马晓光,2017-03-02 01:54:00,10,12,2,第一节课就帅晕了
48288,1380,马晓光,2017-03-02 02:40:05,11,13,2,老师您还缺女朋友吗
48289,1380,马晓光,2017-03-02 04:15:10,9,10,1,老师戴戒指了，君生我未生?
48294,1380,马晓光,2017-03-02 02:45:42,1,5,4,我要给你生猴子！
48295,1380,马晓光,2017-03-02 05:46:45,10,10,0,或许，你喜欢梅西吗?
48301,1416,沈晓红,2017-03-02 03:52:12,0,0,0,很喜欢的老师，温柔有思想～期中期末两篇论文认真写就没问题～
48358,1645,余沛霖,2017-03-02 10:03:27,11,11,0,美丽有气质，在不断为课程的改革而努力，炒鸡喜欢老师，上完课一年来评价，心里又是一番别样的感觉，时光匆匆，珍惜和老师上课的时光！
48417,1756,杨敏,2017-03-03 03:40:23,0,0,0,很棒的老师
48473,1702,毛峥嵘,2017-03-06 01:00:28,11,13,2,课前会有预习的作业，上课会点同学回答问题或者描述标本，但只要预习过了基本不会有问题，老师也不凶的。标本讲的很仔细，还有些拓展思维的题目。下课不早但是很认真。同样回答说删减照片的，不知道你为什么故意黑老师……司法照片不流通这是基本常识，能给我们看就不错了……
48496,2556,陈建忠,2017-03-06 06:08:43,0,0,0,很爽……
48538,1789,王伟,2017-03-07 02:42:36,4,5,1,王伟住我隔壁寝室啊，是我儿子，怎么当老师了
48542,849,严杰,2017-03-07 03:13:45,2,4,2,好的呀
48598,2453,骆严,2017-04-22 08:47:59,-9,8,17,不是和尚念什么经
48613,1645,余沛霖,2017-03-11 02:59:51,8,9,1,温柔漂亮和蔼可亲
48616,1645,余沛霖,2017-03-08 10:55:46,7,8,1,女神节听女神讲课，快叫120。我血压太高了。
48650,1756,杨敏,2017-03-09 01:51:59,0,1,1,喜欢老师
48688,1645,余沛霖,2017-03-09 10:50:26,13,14,1,老师，您还开别的课吗？
48689,1019,郑莲顺,2017-03-09 11:58:23,4,4,0,非常好，爱上了局解
48726,314,那仁满都拉,2017-03-10 08:21:01,1,2,1,有点有趣
48740,954,王琳琳,2017-03-11 01:49:42,0,0,0,听的超开心
48753,1059,王福俤,2017-03-11 14:50:24,-9,0,9,老师很好
48829,1756,杨敏,2017-03-14 07:02:46,5,9,4,英语老师一节课九十五分钟。
48870,1092,沈岳良,2017-03-15 07:15:07,2,5,3,书本学不到的
48880,1756,杨敏,2017-03-15 10:47:34,0,0,0,真的漂亮有气质！！！
48897,1287,杜亚平,2017-03-16 02:26:21,1,1,0,有些观点偏激呵呵，自己就是最棒棒。势利。呵呵。
48958,1366,马丽琴,2017-03-19 07:05:02,0,3,3,马丽琴老师的比较人体形态学实验真的是超级棒！讲的很详细！很喜欢！
48968,3116,赖蒽茵,2017-03-20 00:36:47,8,8,0,各论I生理学无聊至极……建议听夏强
48977,3116,赖蒽茵,2017-03-20 05:38:34,9,9,0,天呐，他以为他是给爷爷奶奶上科普课吗？左心右心的图都说错了，心瓣膜多少都讲成那样。夏强虽然油，但还是有知识点的
49114,3116,赖蒽茵,2017-03-27 02:20:55,23,24,1,所遇到的讲课最烂的老师
49201,3116,赖蒽茵,2017-03-29 07:00:22,10,11,1,上课真的听不懂老师在讲什么   还老说英文 真心不喜欢
49208,594,徐立红,2017-03-29 09:47:15,2,3,1,痛并快乐着。。。
49321,314,那仁满都拉,2017-04-05 07:15:11,0,4,4,绝对是我男神。
49328,2830,陈周闻,2017-04-05 11:13:01,-28,11,39,大气端庄，很有魅力的老师
49389,3116,赖蒽茵,2017-04-10 03:10:24,10,10,0,上课很无聊 \n\n4学分的生理课上成通识课 \n\n逻辑很混乱 思绪满天飞
49432,1092,沈岳良,2017-04-12 06:53:20,14,17,3,刷新对老师的认知，上课不知道在干嘛，内容无营养，浪费时间。喜欢水的就随便吧
49434,1287,杜亚平,2017-04-12 06:56:24,0,1,1,没啥意思...
49438,2630,陈明法,2017-04-12 14:58:05,4,4,0,讲课跟认真。。
49534,2453,骆严,2017-04-18 03:26:18,13,14,1,骆邦邦
49537,2356,沈毅,2017-04-18 04:32:58,6,7,1,老师超级好 讲的也很细 最后一节课你懂得
49560,1789,王伟,2017-04-18 11:38:28,4,5,1,医学院王伟老师的课表对照：\n\n应用心理学（意识形态战争与宗教学）\n\n心理卫生（同性卫生与性心理讨论）\n\n医学心理学（婚姻与责任）\n\n误打误撞都选了\n\n
49581,2453,骆严,2017-04-19 09:13:40,37,42,5,骆邦邦要减肥了
49585,1287,杜亚平,2017-04-19 11:09:10,3,4,1,思想太偏激 各种捧全科医生 贬低专科医生 看不起专科医生 总之就是全科医学最棒最好最优秀\n\n每次课上课前要做一次小测试10道题的样子  题目基本英文 而且严重语法错误好吗 有些题目都看不懂想表达什么 还存在拼写错误  而且身为医学生 我惊讶地发现我没有几道会做的\n\n考试闭卷 有题库
49586,3116,赖蒽茵,2017-04-19 11:13:16,16,16,0,逻辑混乱 不知道在讲什么 而且动不动就说他的科研怎么怎么的 啊对了 口头禅是anyway
49627,2453,骆严,2017-04-20 15:30:34,2,5,3,老师的课超级好！超级推荐！细胞生物学上的特别好！！！！
49629,2453,骆严,2017-04-20 15:35:16,22,25,3,上的是老师的生化课，老师上课会讲故事来具像化，下课时间很合理（因为要补充ATP～）很爱笑很活泼～（我不参与出题所以我可以给你们画重点）总之已经被圈粉啦超可爱～
49651,1092,沈岳良,2017-04-27 01:12:58,0,7,7,老师讲的内容和考试关系不大，但是 本来就是自学的大学 在课上教点别的什么可能更好吧
49669,1785,金永堂,2017-04-23 06:34:34,5,7,2,给分低，上课也讲得很差
49670,1092,沈岳良,2018-09-17 05:18:26,-1,5,6,虽然水，但是我觉得老师上的蛮好的，八周本来就不可能上得多详细或者说上多少内容，教我们学习的方法反而更有效。\n\n
49677,2453,骆严,2017-04-23 11:00:03,11,12,1,我今年不参与出题
49690,2556,陈建忠,2017-06-30 04:25:19,2,3,1,考完实验，老师求不要跪！！！！！！
49721,314,那仁满都拉,2017-04-24 19:28:24,0,4,4,给分低，死也不选他的课
49736,1144,孙百强,2017-04-25 04:30:01,0,0,0,老师其实挺好的，就是你学起来很费劲
49803,1785,金永堂,2017-04-26 07:24:51,4,5,1,真是垃圾 给分低
49843,2630,陈明法,2017-04-26 12:45:02,7,7,0,十分制想打11分，听了他的系解局解也冲着他?超可爱的老师
49882,2952,孙秉贵,2017-04-27 01:34:48,1,4,3,真心很棒\n\n
49911,314,那仁满都拉,2017-04-27 06:00:04,1,3,2,坑，喜欢点名
50074,2830,陈周闻,2017-04-29 07:29:43,13,18,5,门诊医生讲时事，呵呵哒
50085,1380,马晓光,2017-04-29 10:31:18,2,5,3,老师真的真的超级好 男神！给分不知道别人怎么样，反正我认真学了 成绩挺好
50088,1392,彭慧琴,2017-04-29 12:03:39,0,0,0,老师讲的很细致 最后黑粉给分感觉平时分给的低一些
50199,1366,马丽琴,2017-05-01 06:53:24,2,4,2,超赞的老师！上了一个短学期的比较人体形态学，受益匪浅！
50246,1645,余沛霖,2017-05-02 02:46:32,4,4,0,好好好
50346,594,徐立红,2017-07-05 05:56:05,2,4,2,上课讲的很清楚，考前直接给考点，可惜没考好
50367,623,朱善宽,2017-05-02 13:09:49,2,4,2,实用营养与保健，垃圾课，学不到东西，绩点超低
50399,1416,沈晓红,2017-05-02 15:35:48,0,0,0,讲的好不点名给分赞
50409,1416,沈晓红,2017-07-01 18:08:56,1,1,0,很多例子，像听故事～
50446,1416,沈晓红,2017-05-03 02:47:03,1,2,1,老师上课会讲很多生动的例子和实验，听课是一种享受；而且有同学去找沈老师心理咨询，老师人特别好，很能开导人。点赞！
50460,623,朱善宽,2017-05-03 04:15:20,-1,3,4,绩点不好不坏❤比心实用营养与保健的助教小姐姐～
50462,314,那仁满都拉,2017-05-03 04:59:57,0,1,1,第一次上90的通识，大爱老师。每节课都来，论文认真写就好啦。
50467,314,那仁满都拉,2017-05-03 05:28:58,-1,1,2,讲课很幽默，给分还凑合
50476,1532,胡小君,2017-05-03 05:48:57,12,14,2,医学信息学，有的时候会抽人上去回答问题。其实讲的东西很有用，如果可以更加生动有趣就更好了！
50527,314,那仁满都拉,2017-05-03 09:52:20,0,1,1,啊！太棒了吧!给分太好了！
50573,623,朱善宽,2017-05-03 14:43:48,2,3,1,无聊 莫名被正态 气
50584,314,那仁满都拉,2017-05-03 16:06:39,0,2,2,老师太有趣了三观也正认真写论文给分好
50627,1756,杨敏,2017-05-04 02:33:10,1,1,0,老师人超好，很温柔，如果每次都认真学的话，会觉得上课很有趣。还有，要多参与，个人感觉。
50640,1573,施卫星,2017-05-04 04:02:31,-4,2,6,给分不错
50643,1416,沈晓红,2017-05-04 04:20:50,0,3,3,老师上课挺好，但是我就是不知道为什么给我那么低的分数。。。。。
50650,1573,施卫星,2017-05-04 05:19:02,2,4,2,给分很失望
50655,1573,施卫星,2017-05-04 05:42:37,-3,4,7,这大概是我学得最努力的一门课了，最后成绩还好_(:з」∠)_\n\n如果觉得老师给分不好的话，可以静下心来想一想自己有没有学到东西，觉得是因为自己不好好听讲没努力看书才没有学到东西就不要再吐槽老师了好吧，我到最后是可以把老师上课讲的东西归纳出一个框架并背出来的_(:з」∠)_\n\n据说有题库，然而非医学生并没有找到，考试时按照自己归纳的框架写了很多，基本照顾到了全书的知识点，大概考试成绩是不错的吧，希望能有助于大家
50683,1573,施卫星,2017-05-04 08:36:38,1,1,0,给分不高 考试前仔仔细细看了书和ppt 感觉一点用都没有 垃圾点太厉害 就当凑个学分
50699,2105,杨芊,2017-05-04 10:58:56,-4,6,10,真女神！！\n\n真女神！！\n\n真女神！！\n\n人好颜高，授课认真。室友推荐，亲测女神。女神带我们小组团辅，近距离接触女神，很激动！！
50701,2105,杨芊,2017-05-04 11:02:01,-5,5,10,老师女神！积极心理学还是很多干货的，与小组同学好好交流和分享，收获满满的！
50703,2105,杨芊,2017-05-04 11:06:46,-5,4,9,见过最漂亮的老师！讲课给分也很好！J类课遇到杨老师超幸运！
50704,2105,杨芊,2017-05-04 11:10:54,-4,4,8,人美声甜气质佳
50706,2105,杨芊,2017-05-04 11:14:43,-5,4,9,老师很美，老师课讲得很好，学术能力很强，ppt很棒，团辅课受益匪浅，非常棒的课程，给个人心理带来很大的提升。学习方法的话，不建议做笔记，可以录音下来，课后ppt上传后，再对照着打印下来的ppt补充笔记。课程没有恶竞，小组展示需要齐心协力，考验的就是“积极”与否。
50707,2105,杨芊,2017-05-04 11:15:42,-3,6,9,老师很温柔 讲课生动 但说句实在话 我觉得这门课最精髓的就是团辅 （因为知识都是期末复习的时候学的） 认真学 期末认真归纳ppt资料 团辅认真参与 分绝对不低\n\n表白老师 很愉快的课 认识了很多新朋友 难忘
50731,2105,杨芊,2017-05-04 15:33:05,-5,4,9,老师温柔美丽\n\n上课超好。给分也极赞
50740,2337,陈玮,2017-05-05 00:13:14,4,4,0,老师很棒！
50748,1556,王鑫慧,2017-05-05 01:13:23,1,5,4,我觉得老师讲得蛮好啊\n\n都是医学营养学前沿的东西\n\n能学会怎么更好地吃\n\n而且给了我满绩
50751,2556,陈建忠,2017-05-05 01:32:20,0,1,1,老师很好啊，讲得很清晰，最后一节课帮你划重点
50752,2556,陈建忠,2017-05-05 01:40:50,1,3,2,老师人真的很好！解答问题超级心细，只是成绩不好，不能怪老师……? \n\n
50753,1556,王鑫慧,2017-05-05 01:49:53,3,12,9,第一门满绩来自这门课...平时的小测还是让我很怕怕的，老师不错，只要你认真听就好
50757,774,华金中,2017-05-05 02:15:42,0,2,2,好像是三位老师轮着上的，事情不多没考试，认真学的话能学到很多的～给分还好吧
50758,2105,杨芊,2017-05-05 02:17:04,-3,6,9,课程内容不无聊，团辅活动真的很有趣，能认识很多朋友。期末考试是开卷，也不难，给分高。嗨呀，这个老师真棒！
50766,1416,沈晓红,2017-05-05 05:13:23,4,6,2,老师讲课满满的案例，三节连堂的医学心理学不会无聊，很有意思，就是最后绩点感人
50817,2453,骆严,2017-05-05 16:49:51,4,6,2,生化上的挺逗的
50826,1416,沈晓红,2017-05-06 03:00:11,1,3,2,认真写论文给分好低，不开心。
50905,1416,沈晓红,2017-05-08 08:51:17,0,0,0,给分不好不差……也许是我的论文不够好吧
50907,1573,施卫星,2017-05-08 10:18:50,0,1,1,一个老教师，讲课很有意思，有一种老一辈医生对新一辈的期望与传承的感觉，虽然不是我医学院的学生，但是任然能体会到这一点。至于给分什么的，考试主观题多，所以可能会比较看中你自己对案例的看法和书本知识的结合。最后还是推荐大家选施老师的课哒。
50909,3442,杨云梅,2017-05-08 10:42:49,5,5,0,认真听收获挺大的，至于换老师上课我觉得无可厚非啊，每个老师讲不同的话题有不同的侧重点，讨论的都是社会话题。个人感觉这个课还是看态度的
51009,417,李兰娟,2017-05-12 04:22:13,9,9,0,杰青哇
51078,1366,马丽琴,2017-05-16 06:53:25,-1,0,1,马老师超级棒的，虽然给分卡档了，但是老师上课提问的方式真的让自己学到了东西，给分也赞，考试的时候还拍了某个同学的肩膀，说，好好看～啊，仔细点，然后就提醒大家仔细看
51142,1789,王伟,2017-05-18 11:51:58,3,7,4,不学无术，满嘴胡言，听他上课很想抽他，既浪费时间，又污染耳朵，还糟心连作业都写不下去
51243,594,徐立红,2017-05-25 07:05:32,-1,0,1,还不错
51259,710,欧阳宏伟,2017-05-26 03:47:32,-14,10,24,一定要给大一新生上一节课
51283,575,胡虎,2017-05-27 10:52:00,10,10,0,非常棒！
51321,314,那仁满都拉,2017-05-31 08:08:48,0,0,0,各取所需
51435,1437,周韧,2017-06-05 11:43:18,3,6,3,医学院男神！！！！把病理学讲的超级超级赞！！！
51436,1380,马晓光,2017-06-05 11:48:47,1,1,0,老师讲课很有意思，会有很多例子，而且老师人！很！帅！
51451,1789,王伟,2017-06-05 23:48:43,3,3,0,王伟爸爸帅爆了
51519,1380,马晓光,2017-06-07 02:52:50,0,0,0,男神不解释！
51583,1573,施卫星,2017-06-07 10:04:45,-1,0,1,老师很棒啊 声音好听 上课某激情 会用大量事例 事情不多 又很认真 给分也很好
51591,1785,金永堂,2017-06-07 10:55:08,-1,2,3,学术气息较浓
51734,938,唐孝威,2017-06-09 02:12:01,1,1,0,好！好！
51735,456,杜继曾,2017-06-09 02:12:40,0,0,0,好！好！
51770,3405,沈颖,2017-06-09 08:57:36,-1,2,3,现在每个短学期一篇论文啦，给分超棒！
51851,2105,杨芊,2017-06-12 11:13:19,-4,2,6,超级棒 人美气质佳
51882,2722,许均瑜,2017-06-13 06:41:00,5,5,0,温柔而且收获大，女神
51919,1789,王伟,2017-06-13 13:44:11,3,3,0,数学系王伟奥赛金牌啊啊啊
51941,2722,许均瑜,2017-06-13 16:23:30,2,3,1,还可以
51955,1556,王鑫慧,2017-06-14 02:07:50,0,0,0,水 分低
52066,1065,李立伟,2017-06-14 11:37:16,2,2,0,哈哈哈
52069,2211,陈一芳,2017-06-14 11:42:18,0,0,0,会画重点，给分很好
52347,1645,余沛霖,2017-06-19 02:10:51,8,8,0,nice
52403,1092,沈岳良,2017-06-20 00:12:24,1,3,2,辣鸡老师
52485,2364,包爱民,2017-06-20 12:28:47,0,3,3,给分如何不敢说，但讲课技术已经超神
52564,1451,夏大静,2017-06-21 06:24:11,1,3,2,好好好
52611,1645,余沛霖,2017-06-21 11:34:19,7,7,0,声音超级磁性啊，温柔知性的感觉
52623,1451,夏大静,2017-06-21 14:16:37,2,3,1,不用写论文 期末考试有多水我就不多说了 你们懂得 我喜欢 但是小组展示会有鹅颈
52637,2722,许均瑜,2017-06-22 00:04:46,8,8,0,老师漂亮温婉 讲的也好 不会照读ppt 真的棒！
52638,2722,许均瑜,2017-06-22 00:06:29,5,5,0,总体上老师给人的感觉就很舒服，课前会有复习，讲课也讲的很清楚，棒。
52667,2364,包爱民,2017-06-22 05:04:18,-2,3,5,大脑与社会对于文科生来说收获很多。还特地请来荷兰的教授讲课。但是课的时间改来改去，考试时间提前一周才通知，真的给我的时间安排造成了困扰。打8分
52694,2453,骆严,2017-06-22 07:28:39,19,21,2,15岁考入复旦
52736,3588,姒健敏,2017-06-22 11:17:44,1,2,1,不喜欢这样，感觉在刻意迎合老师。
52744,314,那仁满都拉,2017-06-22 11:49:53,-1,4,5,真的是无语了后天就要考试了，最后一节课没有事干，强行点了很多人上去speak English，真的呵呵。现在就是正在听着他讲各种闲话什么书都看不进去，拜托大家都很忙好吗最后一节课没事能不能放啊在这里拖着大家都很不好受啊。提前告诉以后要选这课的同学们，他说以后要让每个同学做pre and speak English(摊手)。
52751,2364,包爱民,2017-06-22 12:20:02,8,10,2,老师想给我们呈现很多东西，不过讨论课的恶竞真的累 能拼命找话题尬问的建议选
52754,2364,包爱民,2017-06-22 12:40:24,0,1,1,点名，不水。
52755,623,朱善宽,2017-06-22 12:49:26,9,9,0,考试周才布置期末大作业，还有期末展示，很心累！！！早点布置也好啊，问了好多遍，非得留到考试周再布置！！！就这尿性我不熬夜怎么复习的完别的？？？我一熬夜还管理p个健康？？？有毒！
52794,2364,包爱民,2017-06-23 02:52:25,0,3,3,新生研讨课！真的好老师！每个小组的展示都全程听认真听连手机都不看，还有做笔记，做总结的时候真的超级感动！难得好老师！虽然讲high了的话会拖一点堂但是绝对能学到东西！
52822,2344,沈逸,2017-06-23 05:29:21,0,0,0,逻辑清晰
52885,1437,周韧,2017-07-02 19:09:19,-5,4,9,五千字论文绩点2.5 垃圾老师不想多说
52889,2670,于晓虹,2017-06-23 11:00:08,0,1,1,实验课给分从来没有低于过4.5，大化p实验也有4.8，这老师给分真的不能看啊。
52926,2973,张晓明,2017-06-23 14:34:46,11,11,0,保持心情舒畅  不然就   死啦！
52958,370,朱心强,2017-06-24 07:11:51,8,8,0,第一节朱老师的课，感觉知识充斥着我的脑子_(:3」∠ )_PPT量超级大的说。下半学期都是余沛霖老师上哒～每次都说下次要点名了实际上从来没点过哈哈～要是上课听一听的话会发现讲的内容都挺实用的，真的是身边的毒物啊，上完课感觉自己活不了多久了哈哈。撇开现在还未知的考试不看这门课还是挺不错的，能了解到很多。余老师人很亲切，最后感慨一句老师活的真的好健康_(:3」∠ )_
52980,2722,许均瑜,2017-06-24 10:21:49,9,9,0,感觉真是女神。上了老师的生化，感觉很有条理，思路清晰。就是自己太浪，听不懂老师讲课嘤嘤嘤。。期末我要好好复习，生化加油
52983,1824,张伟,2017-06-24 11:15:19,0,0,0,还行吧
52987,1756,杨敏,2017-06-24 12:41:09,2,2,0,英语给分不在老师，老师人超好超温柔，关键是口语很好。
53200,2830,陈周闻,2017-06-26 08:44:04,29,35,6,给分很差，事情很多，每次上课都要做时事ppt，结果成绩出来就是个绩杀，全班普遍2.7-3.6，好像没有上4的
53210,2830,陈周闻,2017-06-26 07:48:44,24,27,3,给分很差
53221,2830,陈周闻,2017-06-26 08:16:20,18,22,4,助教也很坑，看在是辅导员的份上打一分
53224,2830,陈周闻,2017-06-26 14:49:31,17,22,5,讲的不错，然而是个绩杀<(ToT)>
53228,2830,陈周闻,2017-06-26 08:29:14,29,42,13,上课给人感觉很温柔，然而绩点一出……（该做的时事也认真做了 点名也到了 考试感觉大家也差不多 不太明白绩点为何这么低）
53230,2830,陈周闻,2017-06-27 13:58:45,7,14,7,老师讲的还是很好的！就是……给分太差，3.0的飘过
53231,2830,陈周闻,2017-06-26 08:34:58,59,70,11,形策王雪楠
53234,2830,陈周闻,2017-06-26 08:40:00,16,19,3,怎么说说呢，绩杀是也。
53235,2830,陈周闻,2017-06-26 08:40:22,15,18,3,给分能不能再差点！
53240,2830,陈周闻,2017-06-26 08:44:39,13,16,3,无敌绩杀，事儿多分儿少，上课就知道bb，看在辅导员面子上给一分。以后要是形策选到这个老师，劝你换一个，不然，呵呵呵。
53242,2830,陈周闻,2017-06-26 08:46:10,20,22,2,看到一个1.8的内心瞬间平衡了不少/斜眼笑
53245,2830,陈周闻,2017-06-26 08:50:58,4,15,11,抛开分数不谈，觉得是个好老师，也是个好医生。辅导员也辛苦了。嗯。就这样
53247,2830,陈周闻,2017-06-26 08:51:50,15,17,2,为啥没零分？？？
53248,2830,陈周闻,2017-06-26 08:52:25,22,28,6,我一次课TM没逃过，期末考试也有好好准备，许多原题都答上去了，结果居然69分？？？简直在逗我。事情还特多，直接无语。
53255,2830,陈周闻,2017-06-26 09:03:41,11,12,1,事情比较多，给分比较差，上课经常不来，但是学生必须来。
53261,2830,陈周闻,2017-06-26 09:11:05,5,8,3,考前把思考题都背了，然后绩点出来3.0  呵呵
53262,2830,陈周闻,2017-06-26 10:27:19,11,12,1,不说了。就是。。我心态。崩了
53263,2830,陈周闻,2017-06-26 09:13:27,9,10,1,又一个王雪楠
53264,2830,陈周闻,2017-06-26 09:18:01,8,9,1,每次课前需要做时事评析\n\n考试之前把思考题都背了居然给分这么差\n\n
53265,2830,陈周闻,2017-06-30 02:04:44,10,11,1,呵呵\n\n
53266,2830,陈周闻,2017-06-27 11:22:02,8,9,1,居然均分不是一，给两份那些人脑子被狗吃了？
53270,2364,包爱民,2017-06-26 09:26:00,1,4,3,这门课用来开拓眼界很不错。考核是小组presentation，选题建议选大家感兴趣的话题，然后找个大腿抱着
53271,2830,陈周闻,2017-06-26 09:28:58,9,10,1,又一个王雪楠?
53273,2830,陈周闻,2017-06-26 09:30:45,18,20,2,卧槽卧槽卧槽卧槽卧槽卧槽我要炸了！文科生，每节课都去还点名，考前背的超级认真卷子全答满了，就是因为没被点过展示ppt直接2.4卧槽我这暴脾气呀诶呦喂
53274,2830,陈周闻,2017-06-26 09:31:37,4,5,1,绩点出来就崩了\n\n事情多的要命给分还这么差考试也好好看了上课一次没缺\n\n啊…
53276,2830,陈周闻,2017-06-26 09:34:54,3,7,4,老师讲课不错，就是事情多，辅导员很负责，但是给分低\n\n
53282,2830,陈周闻,2017-07-17 07:44:28,3,3,0,。。。
53310,2830,陈周闻,2017-06-26 10:27:35,3,3,0,无语.
53336,2830,陈周闻,2017-06-26 11:53:35,-7,3,10,王雪楠2，虽然两个老师给分都超级差，但是人还是很好的
53361,3405,沈颖,2017-06-26 12:37:21,-1,0,1,一门不错的通识，老师很好，只有一篇论文和一场考试，考试题目全是书和ppt上有的。建议有兴趣的同学可以听一听。考试一定要记得打印PPT！
53370,2830,陈周闻,2017-06-26 12:54:18,4,4,0,要命绩杀
53401,2830,陈周闻,2017-06-26 13:49:34,4,5,1,一分的课，本来就少的gpa快没了
53450,2830,陈周闻,2017-06-26 15:33:29,7,8,1,怎么说呢，每节课都有时事，要求做好展示，上课抽人上台展示，每节课都点名。然而我每节课都去，期末还复习了很久，答题的时候很多原题答案都背过，结果，绩点还是低到惨不忍睹ಠ╭╮ಠ
53482,1756,杨敏,2017-06-26 17:45:07,1,2,1,嗯，很水，老师还好，上课很舒服，给分太实在。平时分高没有用，关键看考试
53507,1756,杨敏,2017-06-27 01:15:00,7,10,3,超温柔！女神气质！口语也好听！啊啊啊啊啊啊啊啊！
53508,1756,杨敏,2017-06-27 01:15:31,3,6,3,老师口语很好，给分太凶很…
53530,2337,陈玮,2017-06-27 01:50:00,-19,0,19,世界级无聊
53533,1756,杨敏,2017-06-27 02:00:26,4,4,0,老师人很好的，很负责。后悔没有好好背单词。课上有机会提升水平的，认真对待吧
53553,1756,杨敏,2017-06-27 03:29:23,1,1,0,大英三大英四都是老师教的，口语很棒，很耐心也很负责。唉，我自己太水了。
53593,2830,陈周闻,2017-06-27 06:08:21,21,23,2,上学期选到王雪楠，这学期选到陈周闻。很想知道还有谁运气跟我一样好。。。我觉得还是说王雪楠是史纲陈周闻比较贴切，毕竟王雪楠给分还是高了那么一些些的
53656,1756,杨敏,2017-06-27 09:08:48,0,1,1,真的是位好老师，每次去上课真的是一种享受，想到结束，突然感伤…
53724,2453,骆严,2017-06-27 11:25:46,9,10,1,医学院里唯一备课的人
53734,2830,陈周闻,2017-06-29 08:42:15,3,4,1,不说话。
53831,1470,胡济安,2017-06-27 19:50:47,-6,6,12,很有意思的老师
53846,594,徐立红,2017-06-28 01:06:37,6,7,1,只有一部分是她上的，好可惜～讲的课会让你愿意集中精神，也需要你集中精神
54016,2830,陈周闻,2017-06-28 08:24:56,8,10,2,给分真的很低，一点师生情都没有，一节课没旷，最后出来3.0。整个班最高3.3左右，最低大概1.8，辅导员是蓝天周杰伦都没用。
54183,594,徐立红,2017-07-05 07:18:49,-24,7,31,怎么说呢。期末考那么简单。给的重点都是考点。感觉很没意思。虽然都是自己学 但是感觉这种考试不能反应自己的水平
54196,2830,陈周闻,2017-06-28 15:59:50,-9,4,13,绩点没那么要紧的
54300,1756,杨敏,2017-06-29 04:14:18,5,5,0,就很美很温柔啊，想知道一个帅帅助教的号码?
54318,2364,包爱民,2017-06-29 05:48:37,4,8,4,超棒的大脑与社会
54324,763,蔡挺,2017-06-29 05:57:28,6,6,0,结合专业进行讲课，讲的内容都是重点
54325,2364,包爱民,2017-06-29 05:57:21,2,7,5,大脑与社会强推！也上过老师的新生研讨课不过相比还是喜欢这门课。学到了超丰富超有趣的关于大脑的知识，对很多东西有了新的看法。有感觉很厉害的荷兰外教上课，老师作翻译，还能练听力？每节课后会有小测我觉得挺好的，能促进认真听课。最后的考试也还好。表示还想再选老师的其他课！
54337,2364,包爱民,2017-06-29 06:17:55,10,20,10,大脑与社会真的是一门非常有意思的通识课，听的很开心，但是成绩给的比较实在，主观题不太适合我吧，最后成绩是所有通识里最低的了。如果单纯感兴趣，不考虑?点的话，强推这门课
54342,2364,包爱民,2017-06-29 06:23:19,8,11,3,每节课提心吊胆还绩杀，在乎绩点的同学慎选！
54358,2364,包爱民,2017-06-29 07:24:33,13,16,3,给分怎么那么低，害怕?\n\n我的均绩，心疼
54368,623,朱善宽,2017-06-29 07:55:21,1,7,6,每节课都有小作业签到，作为小组长带着组员们好好构思展示，最后小组展示成绩第一，绩点4.8。不过真的很无聊就是了，从来不听……
54373,3116,赖蒽茵,2017-06-29 07:59:30,4,11,7,老师人很好，但是不会上课，还好不是整本书都他上，赖伯伯教的部分后面还要自学一遍，连老师的PPT都用不了...但是老师本身人不错的，给分也是很好很好
54374,2364,包爱民,2017-06-29 08:10:36,0,0,0,包老师思路清晰，讲课生动。上了大脑与社会这门课，学到很多，也很感谢Swaab教授，上的课题让我思考很多，刷新了一些理念。值得推荐！
54405,2364,包爱民,2017-06-29 09:25:30,0,1,1,大脑与社会点赞包老师o(^o^)o
54409,2830,陈周闻,2017-06-29 09:37:17,5,5,0,造孽啊，怎么会选上她的课TAT
54653,2830,陈周闻,2017-06-30 03:23:22,0,2,2,享受自习的快感
54686,1059,王福俤,2017-06-30 04:20:45,11,11,0,两个美女助教人都很好，上课也挺好，至于王老师的话“主要是让你们感受一下科学家的气场”2333
54700,1059,王福俤,2019-04-01 13:19:56,-20,5,25,满绩小天使哈哈哈  上课很有趣    事情还少   平时有几次小测  上课好好听就可以了   老师都很有趣   么么
54705,2096,罗依惠,2017-06-30 05:16:45,15,17,2,不知为何我总觉得她给我一种高中班主任即视感。
54723,1059,王福俤,2017-06-30 05:47:52,3,3,0,给分不好 是
54791,1789,王伟,2017-06-30 08:34:48,10,12,2,大一一年的数分都在王伟老师的课上，王伟老师上课很认真，也很负责，也可以看出来王伟老师很有水平。最后一次课讲完后王伟老师说：“我的任务也就结束了”，莫名感动。王老师真的在教学上很用心。而且今年的助教也很棒，对学生很关心，也很负责，习题课又补充很多东西。总之现在大一结束，离开王伟老师的数分课还真的有点不舍。
54795,2394,熊思尘,2017-06-30 08:39:06,0,1,1,小熊老师挺好的呀
55025,3116,赖蒽茵,2017-06-30 16:13:06,5,5,0,容易睡着
55113,623,朱善宽,2017-07-01 00:32:22,1,1,0,如果不是真的对健康管理感兴趣上课是有点无聊的，但事情不多，点名是抽点的
55198,3405,沈颖,2017-07-01 03:35:49,4,11,7,上课没发过言最后导致3.9惨剧emmm 一个夏学期的课 因为很多节日导致课少了好几节 回答问题竞争还是蛮激烈的 有两次举了手最后都没叫到 作业就是一篇论文一个考试 考试一定要打印ppt 大多都在ppt上 老师讲的东西还是蛮有趣的 确实是有通识课的感觉 至于上课不能玩手机开电脑 额就见仁见智了 其实我觉得也没什么必要 有点矫枉过正了
55199,3405,沈颖,2017-07-01 03:36:15,2,3,1,为什么我就听不进去呢 给分也不好 唉\n\n
55204,456,杜继曾,2017-07-01 03:39:45,0,0,0,老师一路走好
55233,3405,沈颖,2017-07-01 05:13:33,-8,1,9,老师超级棒！！！！第一门满记的课哈哈哈！能收获到很多
55241,3405,沈颖,2019-03-07 13:35:46,37,58,21,楼上评论都说给分好，但是我论文不说质量，至少主观上是觉得好好写了，字数也够，交的也算比较早；考试也写的很认真，结果2.4，有些疑惑。
55249,3405,沈颖,2017-07-01 05:43:39,5,5,0,评分标准太迷。
55255,849,严杰,2017-07-01 06:17:08,5,7,2,觉得他讲课挺有意思的。
55474,954,王琳琳,2017-07-01 14:26:35,0,0,0,王老师讲的很不错 人也好
55528,3405,沈颖,2017-07-01 23:31:20,19,21,2,一定要打印PPT，这是学长用血与泪换来的教训
55537,1392,彭慧琴,2017-07-02 00:35:16,0,0,0,很水给分有很好，很温柔呐～问问题也会很耐心的回答
55637,3405,沈颖,2017-07-02 05:28:09,1,1,0,老师人挺好的，会放视频(电影片段)给我们看，也玩的一手好吐槽。上课发言这东西吧，见仁见智，我发言挺多的，只是最后论文因为搞错了DDL以为自己迟交了所以写的很水，拿到的绩点自己不是很满意，但应该还能接受。文科生学习点生物知识?也挺好。
55950,1437,周韧,2017-07-02 17:43:54,6,8,2,给分真心不好
55968,1437,周韧,2017-07-02 23:41:20,2,4,2,等级制给分真的神坑。不过有几节课还是蛮有意思。
55979,314,那仁满都拉,2017-07-03 01:12:25,0,0,0,课上会有签到，签到不够三次期末就没分啦，大家一定不要缺太多的课！老师上课还是挺幽默风趣的，论文用心写一下，分数不会太差，虽然临时的pre和speak English有点尴尬，但毕竟这课平时也没啥事情啊！
55982,1437,周韧,2017-07-03 01:17:47,7,8,1,老师超有魅力。但是这个给分我就呵呵了
55983,1437,周韧,2017-07-03 01:17:49,-2,1,3,老师的新生研讨课很赞，好几个老师授课，课堂上讨论和生活很相近的事情，并且很尊重同学们的意见~点名有几次，最后是一个很开放的课堂作业和一篇论文~~
56002,314,那仁满都拉,2017-07-03 01:46:54,0,0,0,老师很有趣～很耿直超逗。主要就是有助于生活中对水的认识等等
56016,3240,阎小毅,2017-07-03 02:35:59,0,0,0,细生的教学助理，改卷极其恶心
56039,314,那仁满都拉,2017-07-03 03:17:52,0,0,0,老师人还比较负责，但是上课的教学方式是实在不喜欢，给分一般
56058,1824,张伟,2017-07-03 03:53:04,7,8,1,萌萌哒张伟老师真好，电电电感觉什么都不会但给分还可以吧 另：重要的是不助长恶竞！
56237,3116,赖蒽茵,2017-07-03 10:03:22,-9,1,10,赖伯伯人很可爱，但真的不会上课...不过他的ppt，删掉很多乱七八糟的东西，剩下的干货对复习很有帮助！
56260,3588,姒健敏,2017-07-03 11:20:57,3,3,0,这是我大学以来第一次觉得付出和回报不成正比的课，我做的很多，但是被正态，而其他稍微参与的人分却比我高，不知道给分的标准
56496,2069,汤慧芳,2017-07-04 01:58:25,3,5,2,临床药理学上课随意，考试随意，给分随意。本来看起来有真货的课上下来感觉十分无聊。给分垃圾
56649,1789,王伟,2017-07-04 07:04:05,9,10,1,数院的王伟老师真的男神！一看就是智商特别高那种年轻有为的老师！上课很努力很仔细地写板书，对学生特别温柔，考试的时候还在抚慰我们惊恐的心...给分还特别好！强推！
56655,1789,王伟,2017-07-04 07:27:57,6,7,1,数学分析\n\n谢数学系大王伟不挂之恩\n\n老师讲的也好
56700,1789,王伟,2017-07-04 10:09:22,5,6,1,讲实变的王伟老师讲得真好，给我学习数学的勇气与力量～
56734,1556,王鑫慧,2017-07-04 12:57:00,3,5,2,认真听会有收获，看得出来老师准备的很认真，给分也不错，大家可以选选
56741,1556,王鑫慧,2017-07-04 13:21:26,-1,2,3,千万别选！你会后悔的！他布置的任务全部完成了，绩点才2.4，大学最低通识绩点，哭死！！
56754,1451,夏大静,2017-07-04 14:17:27,9,17,8,讲课不错，但是不是乱给分啊……好好听课好好复习了感觉做的不错最后分很低难受
56819,1451,夏大静,2017-07-04 16:51:38,0,3,3,课比较水，给分不错，可惜卡档了
56821,1191,陈学群,2017-07-04 16:57:52,2,3,1,迷醉。
56917,998,李菊花,2017-07-05 03:15:56,0,0,0,垃圾老师垃圾老师垃圾老师垃圾老师！！！！！！！！！！！！！！！！没见过这么垃圾的老师
56943,594,徐立红,2017-07-05 04:17:16,4,5,1,老师讲的真的很好\n\n今年给了复习提纲，期中取相对成绩，政策已经很优惠了\n\n生化给分完全靠自己的
56945,2453,骆严,2017-07-05 04:19:02,11,15,4,看背景介绍是个大佬中的大佬，上课很用心，但是貌似讲的有点快。口头禅是all right？
56957,1556,王鑫慧,2017-07-05 04:45:52,2,3,1,很好听
56974,1451,夏大静,2017-07-05 05:21:48,4,9,5,老师课准备得还是挺认真的，但不知道最后给分是怎么给的，最后那个很水的考试都翻到了，平时还发过几次言，最后被正态到79我真的是很绝望，慎选吧
56993,1556,王鑫慧,2017-07-05 06:06:43,2,4,2,我们班不知道学校怎么分的只有九个人，感觉老师讲课是很有趣，整个班气氛都很好。最后有一个大作业，平时焦老师会有很轻松的平时作业，最后给分也超好的，向大家安利！
57028,594,徐立红,2017-07-05 08:32:47,3,4,1,逻辑清楚，老师温柔
57142,2453,骆严,2017-07-05 16:28:56,0,9,9,生化给分太严了，我期中70+最后挂了，不知道期末我特么考了几分...我们寝室挂了俩，其他人分数也很低，反正我是绝望了
57353,763,蔡挺,2017-07-07 03:30:14,-2,3,5,上课讲重点，人也不错。不过口音太重，好多词听不明白，而且给分实在惨不忍睹。。。
57355,763,蔡挺,2017-07-07 03:32:49,-1,2,3,给分差，人好，坑死了
57356,594,徐立红,2017-07-07 03:39:18,0,0,0,还不错
57361,763,蔡挺,2017-07-07 03:46:28,2,5,3,上课挺有趣 背的不考 考的没背系列 给分哎
57407,1065,李立伟,2017-07-07 10:29:28,6,6,0,老师上课真的超级棒!很亲切幽默，和学生互动很足，经常有小段子，讲课也很好，知道的很多，条理清晰，最后给分也很棒!
57649,2394,熊思尘,2017-07-11 14:55:39,0,0,0,傻傻的！
57706,575,胡虎,2017-07-12 16:20:58,7,7,0,胡虎老师特别的棒，强推，也推荐旁听
57733,3588,姒健敏,2017-07-13 06:31:50,3,3,0,不好，恶竞严重。正态严重啊
57759,1789,王伟,2017-07-14 04:25:25,4,5,1,数学系的)王老师给我满分，那我也给老师满分吧。老师上课还是清楚的，就是速度有点快，堆了不少时间复习，总算大致弄懂了。吐槽一下这两个王伟老师看起来得到的评分差别还是挺大的，能不能分开呀
57787,1756,杨敏,2017-07-15 14:48:48,0,0,0,老师很好的，分低，好吧，怪自己
57855,623,朱善宽,2017-07-16 10:31:57,0,1,1,临床营养学，每次都有有点名或点名考，认真一些的话还是会学到蛮多东西，想水的话课上水水考前背背结果也不错。ps：带我们的助教哥哥好负责的非常感谢?
57857,3302,翁莉霞,2017-07-16 10:38:01,10,11,1,被红景天支配的恐惧...（不过给分出人意料的高哇?）
57993,2453,骆严,2017-07-21 05:44:11,2,3,1,很享受很有趣
58154,2327,杨月红,2017-08-09 07:30:26,-2,1,3,………………
58215,2830,陈周闻,2017-08-24 11:16:44,-1,4,5,讲的还可以，但是！！！绩点最高3.6。。想起曾经被史纲绩点支配的恐惧。分数是辅导员打的，难怪我刚入学时就特别反感这个人
58341,667,许毅,2017-08-29 04:24:35,1,1,0,好有趣
58356,2297,陆源,2017-08-29 11:00:32,-1,1,2,说话声音不好听
58361,2105,杨芊,2017-08-29 15:17:22,-8,2,10,超温柔超好
58642,1416,沈晓红,2017-09-12 00:39:33,0,0,0,沈老师真的特别棒！！！
58721,3662,郑莉灵,2017-09-16 01:51:25,2,2,0,老师很认真
58888,1645,余沛霖,2017-09-18 09:13:30,9,9,0,老师普通话非常非常非常标准，而且很有气质，非常开朗，上课能收获很多，会不由自主认真听_(:зゝ∠)_
58916,2105,杨芊,2017-09-18 12:14:09,-4,3,7,八辈子的福气
58992,1560,陈晖,2017-09-19 04:03:28,0,0,0,\n\n
59012,849,严杰,2017-09-19 06:08:18,21,22,1,话筒啸叫！
59079,2105,杨芊,2017-09-19 10:51:07,-4,3,7,女神，上课满满的干货
59080,1789,王伟,2017-09-19 10:55:19,26,32,6,绝对别选心理学，水的毫无意义，完全浪费时间，自诩浙大第一水课还沾沾自喜，现在在听，只有一个想法就是回去退课。\n\n说浙大第一水课时底下全是鼓掌的。。。贵浙药丸。
59085,1789,王伟,2017-09-19 11:13:54,5,9,4,我的同学说还没听完他的心理课就想退了， 态度不行。
59086,1789,王伟,2017-09-19 11:18:08,21,27,6,自诩水课，一开始还以为是自谦，后来才发现是真的，我是为了帮我有些抑郁的同学来学的，现在看来还是自学吧。其实挺奇怪的，能当上《心理卫生通论》的主编的人按理不会这么不正经啊……好奇他在给医学院的人上课的时候是不是厚彼薄此，真想学点东西啊，工科的人平时时间就被压榨了很多了，再不能提升自己就有点满足不了时代高才的要求了……
59097,1789,王伟,2017-09-19 12:22:37,9,9,0,太特么舒服了  贼会水    上课干什么的都有
59098,1789,王伟,2017-09-19 12:23:03,6,6,0,色情男老师
59189,1059,王福俤,2018-01-19 08:12:40,-2,5,7,老师人很好 但是和成绩相关的东西什么都不懂也不管 居然还可以微信留言加分也是很神奇的 营养健康课能学到东西 也很轻松 给分一般吧点名和小测全到只有3.9 不知道展示和微文有什么问题
59302,2297,陆源,2017-09-20 15:04:14,18,19,1,同学 你好 我是浙江大学的陆源
59443,1380,马晓光,2017-09-21 11:12:42,0,1,1,颜值和声音都很不错哦嘿嘿嘿
59503,946,韩曙,2017-09-22 02:36:43,2,4,2,这个老师好逗啊哈哈哈哈哈哈哈哈啊哈哈
59541,946,韩曙,2017-09-22 11:04:14,1,3,2,老师真的很可爱......
59749,2436,余海,2017-09-26 14:05:09,1,1,0,有趣生动的课堂  不会想要玩手机
59768,415,丁世平,2017-09-27 01:37:45,4,4,0,讲课特别清楚，超级清楚，而且组胚实验课让我们不用自己画，拍照就行了，就很舒服。
59843,1645,余沛霖,2017-09-27 12:20:02,4,4,0,嗷嗷嗷嗷嗷炒鸡有气质的女神 给人很清秀很利落的感觉 声音和普通话听上去也很舒服www
59848,1645,余沛霖,2017-09-27 12:43:47,8,8,0,享受，会结合一些小故事来讲，易理解，声音好听，像央视主持的感觉
59908,1645,余沛霖,2017-09-28 06:31:02,6,7,1,女神，声音尤其好听
59934,774,华金中,2017-09-28 10:31:09,1,1,0,。。。。。。
60079,759,王青青,2017-10-10 01:36:04,4,4,0,还不错。
60135,1789,王伟,2017-10-11 07:25:59,-5,0,5,数学系王老师 听他的课就会觉得他真的很有水平
60176,1880,赵璐,2017-10-12 06:31:43,-2,3,5,老师很有气质，但是比较倾向于医科，生物的同学，像我这种文科生只有崩(ಥ_ಥ)
60311,1556,王鑫慧,2017-10-17 05:55:04,3,4,1,每一堂课都会收获新知识。虽然老师上课互动性不强，但是讲课非常用心，ppt大部分都有细节，可以学到更多新颖的科学名词和常识
60333,2297,陆源,2017-11-22 09:55:02,-4,2,6,………
60339,415,丁世平,2017-10-18 00:48:42,3,3,0,666
60354,13,张咸宁,2017-10-18 04:44:39,0,5,5,充满激情，成功唤起我对遗传学的热情
60368,1789,王伟,2017-10-18 06:52:53,8,12,4,复变函数：五分钟讲课，十分钟自己看书
60375,1645,余沛霖,2017-10-18 11:07:48,5,5,0,真的好
60382,1645,余沛霖,2017-10-18 13:02:58,5,5,0,真好真好，不由自主的想去听老师讲课，而且老师讲的东西都易于接受。十分有趣。想一直听余老师讲课啊(/ω＼)
60407,1556,王鑫慧,2017-10-19 07:02:16,4,6,2,鑫慧老师好可爱啊～\n\n不过看评论好像还有一个女老师，不知道会不会有，反正现在的老师真的好好～
60426,13,张咸宁,2017-11-27 03:13:05,1,6,5,给分真的好，为咸宁打电话
60445,1019,郑莲顺,2017-10-20 04:40:20,6,7,1,输尿管结石，从前面捅根管子进去的时候动作一定要温油一点
60581,1789,王伟,2017-11-23 14:55:30,3,3,0,不建议选
60642,1416,沈晓红,2017-10-26 02:46:53,0,0,0,emmmm，论文写好就行
60727,1789,王伟,2017-11-15 02:54:55,-5,2,7,一个坑爹的数学系王伟老师，教的差，讲课毫无逻辑，往往是讲到中途，自己都不清楚自己在讲什么了。。。。。复变被他坑挂了(学复变之前，大学里数学排名没出过前5%)，慎选慎选，这老师真当真有毒，也很坑。。。。。下面那么多评论好的，很多不是同一个老师。。。浙大好几个王伟，大家要小心小心了
60842,751,林旭瑗,2017-10-31 06:32:55,1,3,2,老师讲的还行啊，最后还给了复习口诀，虽然语调真的......
60843,849,严杰,2017-10-31 06:33:26,0,4,4,上课很有重点
60844,946,韩曙,2017-10-31 06:34:26,2,4,2,老师人真的非常幽默，很可爱，上课比较简练，但是讲的真的挺快的
60855,1789,王伟,2017-10-31 10:43:29,4,4,0,差评不解释
60908,1019,郑莲顺,2017-11-02 06:49:20,5,5,0,很享受老师上课，超级棒
60953,417,李兰娟,2017-11-05 06:15:15,5,6,1,太棒了\n\n
60966,1392,彭慧琴,2017-11-06 01:40:38,0,0,0,实验课，老师总让同学来讲，个人认为效果非常不好。失望。慎选。
61036,1556,王鑫慧,2017-11-07 08:42:41,4,8,4,老师超级好啊。也很专业。平时很随和的，给分也尽量给我们提高多一些。偶尔点名签到。而且认真听真的能学到很多东西。
61054,1416,沈晓红,2017-11-07 13:13:56,2,2,0,老师的声音超温柔，上课超有趣的，还有很多好玩的例子，舍不得老师。
61116,1019,郑莲顺,2018-02-14 05:33:24,23,24,1,社会我郑妈 天天讲骚话  上课全重点 下课有规律
61153,1556,王鑫慧,2017-11-09 08:06:46,13,21,8,老师真的好可爱，这门课很轻松，为鑫惠老师疯狂打call
61191,3069,柳华,2017-11-10 10:00:06,18,20,2,讲得很棒，就是点同学起来回答问题的时候每每有死里逃生的刺激感……
61210,3588,姒健敏,2017-11-12 05:45:24,4,4,0,虽然是老乡，但我还是想喷，健康维护又水又骗钱（别买教材没用的）。当然如果你会恶竞，什么视频话剧表演那你还是可以满绩。
61224,1880,赵璐,2017-11-12 14:57:35,0,4,4,十分没商量
61241,2105,杨芊,2017-12-22 04:32:07,-4,3,7,棒棒棒！开心选上课！
61315,1880,赵璐,2017-11-14 09:05:08,5,7,2,很棒的老师
61316,1880,赵璐,2017-11-14 09:09:18,1,3,2,差一点满了
61317,1880,赵璐,2017-11-14 09:14:15,35,41,6,真的真的很棒！上老师的课不仅在于生命科学知识，还有展示中我们平时不会注意的要点，最重要的是，文科生表示给分炒鸡好啊！
61339,1880,赵璐,2017-11-15 00:57:03,1,2,1,老师可爱又温柔 给分好～(￣▽￣～)~
61341,1880,赵璐,2017-11-15 02:04:38,0,2,2,上的是老师的生命科学新发现，老师很可爱，课也很有趣，能学到很多东西，平时就两个展示和一篇课程总结，文科生对生命科学有兴趣的可以来哦，推荐推荐，老师超好的，给分也高哦～
61352,1880,赵璐,2017-11-15 04:59:12,-1,1,2,生命科学新发现概论，以老师教学和小组展示的形式为主。期末有一篇反思报告。不仅能了解更多的知识，给分也不错。
61403,1880,赵璐,2017-11-16 10:32:57,2,3,1,老师是真的好看！
61418,1880,赵璐,2017-11-17 02:59:31,0,4,4,老师是真的可爱，给分也好~差一点就满了
61423,1416,沈晓红,2017-11-17 03:53:28,1,1,0,老师很温柔讲课挺好的
61463,2297,陆源,2017-11-17 12:13:48,-4,10,14,虽然我承认生科实验这门课的确很烦人，占用了大量的时间，课后我们也在戏称一周八天都在学生科，但不得不承认，这门课程给我带来的提升是巨大的，提升了我们动手做实验，动脑设计实验的能力，这在将来的科研路上是必不可少的。陆源老师也是很不容易，可谓是一人撑起来一门课，他拍摄的视频、他的讲解以及他自己编写的仿真实验程序，这些技能都是我们需要花很长时间去学习提升的。
61471,575,胡虎,2017-11-17 13:14:24,8,8,0,大概是唯一的每次上课前都万分期待见面的老师，男神了……男神代课上的病理实验也是种享受
61472,2297,陆源,2017-11-29 05:42:53,2,5,3,很佩服会编程的陆源老师
61492,13,张咸宁,2017-11-17 15:41:02,5,6,1,庸医庸医庸医
61493,2303,祁鸣,2017-11-17 15:45:06,-6,1,7,根本不知道考点是什么，上课就知道吹逼
61497,13,张咸宁,2017-11-27 02:38:30,18,27,9,给分真心好 超良心啊 天地良心 考前认真复习 不会差的
61499,1133,樊立洁,2017-11-18 00:54:04,-1,1,2,。。。
61518,3370,章明,2017-11-18 08:34:56,0,0,0,想知道另一个姜老师全名是什么
61616,1645,余沛霖,2017-11-19 08:50:49,2,3,1,女神。。声音好听。。真的很有收获。。棒！！！
61625,2722,许均瑜,2017-11-19 10:19:06,5,6,1,我能说多次几乎对女神一见钟情了么…（我是女生）
61660,13,张咸宁,2018-09-18 04:12:20,-19,15,34,反同地域黑，ppt根本找不到重点，上课除了哗众取宠真的没有听到过别的什么，每节课都能睡着，对比wqq的免疫就知道到底讲的怎么样了。
61700,1019,郑莲顺,2017-11-20 07:26:30,3,3,0,上课很好，有时会撒狗粮?
61807,1191,陈学群,2017-11-21 04:47:50,-2,2,4,老师认真负责。给分不错。论文一定要认真。\n\n\n\n
61825,2105,杨芊,2017-11-21 06:29:54,4,8,4,老师人超好(✪▽✪)，团辅助教也超好，助教小姐姐好漂亮(｡･ω･｡)ﾉ♡，匿了匿了
61847,3712,周以侹,2017-11-21 08:16:15,9,9,0,第一次见老师，觉得他有点像王岳伦( ^ω^ )老师人很好，给分也不错
61848,3662,郑莉灵,2017-11-21 08:17:00,3,3,0,非常和蔼和温柔
61849,3662,郑莉灵,2017-11-21 08:28:00,6,6,0,没上过老师的生化，上的是老师的分子医学实验，老师超温柔，上课也很棒*^o^*助教姐姐也很温柔，反正收获很大
61887,1191,陈学群,2017-11-21 11:26:51,7,8,1,垃圾老师
61905,3662,郑莉灵,2017-11-21 13:53:21,2,2,0,老师很温柔啊
61911,1191,陈学群,2017-11-21 15:01:37,14,15,1,垃圾老师，乱给分。上了一学期课不如一学期只上两次课的分高也是呵呵了。百度了一下这人发现是个有故事的人。剽窃人家论文不说，邮箱都顶着你老公的名字干啥？怕别人不知道你老公厉害？怕别人不知道你有背景？
61926,2303,祁鸣,2017-11-22 00:04:22,-5,2,7,不知道上课重点在哪里，遗传出题吓死人
61927,13,张咸宁,2017-11-22 00:04:52,4,8,4,上课没有重点，过于激动
61928,759,王青青,2017-11-22 00:05:58,8,9,1,年轻美丽的老师，上课讲的很好，有重点
61931,2722,许均瑜,2017-11-22 00:14:21,6,6,0,老师很年轻，很温柔，很善良，讲的不错，给分很好
61948,13,张咸宁,2017-11-22 02:17:06,2,4,2,咸宁好可爱啊
61949,2327,杨月红,2017-11-22 02:28:48,1,1,0,老师看起来很和蔼第一节实验课有感
61953,2377,黄朴,2017-11-22 02:29:52,5,9,4,去年学生化最喜欢的老师，这学期又选了老师的分医，讲课真的很清楚很细致，看上去有一点凶，像高中老师，但还是好喜欢啊！
61972,1416,沈晓红,2017-11-22 03:52:32,0,0,0,挺好的，特别多案例。给分还行
61990,2337,陈玮,2017-11-22 05:04:47,14,14,0,讲的最好的免疫学老师了
62072,1416,沈晓红,2017-11-22 10:37:13,1,1,0,老师很有耐心地讲解，即使是最后一堂课也是如此。按赞按赞\n\n
62099,3712,周以侹,2017-11-22 11:29:12,11,11,0,男神！绝对的男神！！！会帮你复习一些生化的东西，实验规划很合理，ppt也很好，讲的非常好给分也不错！
62130,1367,韩春茂,2017-11-22 13:07:19,0,1,1,按医学院的标准，真的水课，不过能学到东西，给分真的好，个性值得推荐
62132,1019,郑莲顺,2017-11-22 13:12:14,16,16,0,超级赞\n\n老师会秀恩爱嘿嘿嘿\n\n上课很有条理\n\n会画重点\n\n讲课快，可以早早下课\n\n有幸人体和基导都是郑老师的课，超级开心\n\n像妈妈一样\n\n会为学生着想～\n\n大三一定选她的局解！
62163,1789,王伟,2017-11-23 02:37:09,0,5,5,心理学及其应用，不仅水而且给分好，其实付出和收获还是成正比的
62165,1789,王伟,2017-11-23 03:03:07,0,3,3,非常棒，绩点给的很好，一定要多做实验！！！
62168,1789,王伟,2017-11-23 03:14:02,-1,2,3,真正的水课哈，心服口服。节节课瞎讲，绩点还奇差！
62172,1191,陈学群,2017-11-23 03:49:45,2,3,1,给分不好
62175,1789,王伟,2017-11-23 03:58:01,1,2,1,绩点确实不怎么好…心理学\n\n上课就是自修
62180,1789,王伟,2017-11-23 04:10:18,6,8,2,心理的王伟老师在第一节课上的第一句话就是: “我会让你们见识到什么是浙大第一大水课。” 秋学期结束了，他成功了。。。\n\n只点过一次名，可能影响不大。认真填了问卷，也跟着做了两个下午实验，虽然课上学到的东西不多，但是气氛相当好期末论文可以从教材上选摘（其他时候没用过教材）竟然满绩5了…拉高了军训的垃圾绩点。\n\n有些人不喜欢，但我觉得很OK啊，压力不大，很推荐了。
62184,1789,王伟,2017-11-23 04:32:36,5,5,0,1.8的绩点，让我知道原来2.4还不是我的极限
62247,2550,申屠建中,2017-11-23 12:04:27,-2,0,2,emmm，其实药物经济学这个课都没怎么听(●—●)\n\n\n\n对医学生来说，前面的药物知识很好接受，经济学就云里雾里了……不过最后给分很好啊٩( 'ω' )و
62253,1789,王伟,2017-11-23 14:49:51,3,3,0,心理学与应用，希望大家不要选，我是认真的。上课你get不到他要讲什么，平时上课认真是没有用的...................论文定胜败，我就吃了这个亏。。。。。。。想哭。。。。。。。
62266,1789,王伟,2017-11-23 16:38:15,0,2,2,心理学的...表示无疑就是水课...一篇论文的考核，平时点了一次名，做了一两个实验这样子...其他时候基本上都是很无聊的，和自习课没什么区别。还好最后没有被正态，拿到一个中规中矩的绩点。反正是没什么收获，论文也是一个下午收工的。想水学分，可以考虑，想学东西，那么不要选。
62275,1789,王伟,2017-11-24 02:05:27,87,116,29,希望大家把这条顶上去，让小伙伴们都看到：查老师系统里有三个王伟老师，医学院的一个、数学系的两个。教数分的王伟我没上过他的课，评论都说是男神讲得好；教复变的王伟有点坑，讲课不是很好。
62280,1789,王伟,2017-11-24 02:19:52,-2,2,4,复变的王伟挺好的，每节课前还会讲作业题，重点是给分好啊，再一次刷新了我数学的绩点最高水平～～～
62284,1789,王伟,2017-11-24 03:25:48,-3,1,4,教复变的王伟太辣鸡了
62312,623,朱善宽,2017-11-24 07:02:03,0,2,2,上的是实用营养保健 一共四个老师轮流上 平时也不用特别认真 作业认真做就好了 会有随堂作业 所以还是要去课堂的 最后大作业认真做就好了 4.8
62318,1789,王伟,2017-11-24 07:30:49,2,5,3,其实吧，老师并没有你们说的那么坏。上这堂课就问问你们有多少人是坐在前五排甚至前七排的？基本都是后面坐满前面空荡，自己做自己的事情。努力总还是有回报的。做问卷，做实验，写论文，总会有高绩点出现。没有这课的绩点我的均绩是要被拉低很多。老师其实可以声音再大一点
62319,623,朱善宽,2017-11-24 07:39:05,8,11,3,抽查点名，三次。作业较多，期末尤其混乱。绩点不高，我只有正态的3.3。上课挺无聊的，慎重选课。实在没课可以试试，不推荐第一选课。多给一分就上一个档次了，无fuck说
62323,623,朱善宽,2017-11-24 07:50:50,1,4,3,老师轮着上课，如果想了解的话还是有一定的知识性，但是课堂比较水，老师人比较和善，抽点名，作业尽量认真做。有时听课，作业认真，4.5
62337,1789,王伟,2017-11-24 09:14:12,2,2,0,挺水的，成绩看运气吧。。不过不费时间，就一篇1500的论文
62341,2556,陈建忠,2017-11-24 10:44:12,0,1,1,老师给分挺好的
62343,623,朱善宽,2017-11-24 09:37:35,3,4,1,3.3 点名都到了展示作业都有好好做 上的是所谓教改班 平时事情多 平时人少也不好意思水 感觉没什么意思
62345,1789,王伟,2017-11-24 09:54:23,0,0,0,很普通\n\n
62346,2556,陈建忠,2017-11-24 09:54:35,3,8,5,免疫真的给分好！虽然没满但是也满足啦，虽然重点没有陈伟老师画的好但是还是很有用了谢谢老师！
62348,2556,陈建忠,2017-12-04 12:23:25,43,49,6,我是16级的，班级里有个叫zb的说自己基导挂了，回来装逼了几天，结果瞒不下去了，90分的大佬，免疫也一样，全年级最高，96，我实在没话说了，相信你们会认识他的
62349,13,张咸宁,2017-11-27 02:43:11,14,19,5,好老师，庸医中的好老师
62350,1019,郑莲顺,2018-02-14 05:32:48,51,66,15,我是16级的，班级里有个叫zb的说自己基导挂了，回来装逼了几天，结果瞒不下去了，90分的大佬，免疫，遗传也一样，全年级最高，96，我实在没话说了，相信你们会认识他的
62356,2556,陈建忠,2017-11-24 11:01:09,1,2,1,老师好像就来上了一次绪论，我连脸都没记住...免疫很多老师一起上的
62357,2556,陈建忠,2018-06-11 08:03:13,1,2,1,讲课还OK，给分比较公正，给的重点真的是考了的? ，拯救了我的绩点～
62387,759,王青青,2017-11-24 15:02:30,-4,3,7,考前不画重点啊！
62413,1191,陈学群,2017-11-25 02:54:53,2,3,1,给分很随意，论文按要求认真写的，给分巨低，说是手写的分高，呵呵了
62434,13,张咸宁,2017-11-25 08:25:58,9,13,4,听得出来他很爱我们
62437,314,那仁满都拉,2017-11-25 08:36:51,1,3,2,事少分高，上课很有趣。给老师打call!!
62439,314,那仁满都拉,2017-11-25 09:07:39,4,6,2,给分比较好，上课蛮有趣的，千万不要迟到，也学到了一些东西
62440,314,那仁满都拉,2017-11-25 09:08:20,1,3,2,讲的很好，还是很有收获的\n\n而且平常事情比较少，期末一篇2000字手写论文就OK了
62452,314,那仁满都拉,2017-11-25 09:45:30,-9,3,12,三观正到炸裂，不停喝水。给分的话看看均绩就知道挺好的，。我觉得我写论文已经超级用心了，还是没有满绩（别打我），可能有更认真的吧。我只是好奇那些没我用心写论文的人怎么个分数。
62454,314,那仁满都拉,2017-11-25 09:52:13,0,0,0,很好的老师，能了解很多东西。但是给分不是很理想。
62460,1416,沈晓红,2017-11-25 10:45:35,2,2,0,上课很认真 PPT做的很清楚而且比书上多了很多东西\n\n不要求点名但是每次都会去听听 很有意思\n\n案例多 讲的好\n\n重点是要认真写论文！认真！写！论文！
62464,1416,沈晓红,2017-11-25 10:56:10,0,0,0,老师上课很认真，人也很好，这门课对于大一新生来说还是比较有用的。解决了我一大部分的心里困惑。真心不错的老师。
62467,1416,沈晓红,2017-11-25 11:04:52,0,2,2,老师给分太好了\n\n
62474,1416,沈晓红,2017-11-25 11:33:50,0,1,1,就两篇论文，给分还相当好，强推。
62479,1416,沈晓红,2017-11-25 11:43:43,0,2,2,很棒很棒啊，给分超级好\n\n可能课程有点无聊，但是很多案例啊，可以扩充知识\n\n不点名，一个小论文，期末一个大论文哦\n\n，最后绩点也很高啊，为老师疯狂打call
62484,2556,陈建忠,2017-11-25 11:56:31,-1,1,2,虽然老师只来上了一节课，但是感觉老师人很好的，最后一节课把整本书过了一遍。大家都说给分不错，我觉得应该是比较公正吧，大概真的只能考那点分～其实专业课水分肯定不多的～
62490,1416,沈晓红,2017-11-25 12:13:36,0,1,1,不点名！课很有趣！脾气很好！声音很温柔！没考试！两篇论文压线4.5！\n\n
62496,314,那仁满都拉,2017-11-25 12:52:07,1,1,0,这课上起来一点也不累，好好听听还是有很多健康tips，而且老师给分良心
62499,1789,王伟,2017-11-25 13:49:25,1,3,2,没有下面说的那么差吧，是心理卫生的。他讲的很多东西我觉得挺有道理的，学识也很广博。期末是论文，写的话题也很有话讲，第一次写论文我没有论文形式，但是写出了我的一些想法，最终给分还挺高的。
62508,314,那仁满都拉,2017-11-25 14:37:43,0,2,2,胡言乱语、乱给分
62509,1789,王伟,2018-01-12 02:24:35,2,2,0,来来来，你从多个心理卫生学角度给我分析一个自欺欺人被欺之间的内在必然性
62512,1416,沈晓红,2017-11-25 14:46:27,0,1,1,上课讲案例挺有趣的老师很温柔主要是两篇论文好好写我压线3.9觉得给分挺好了
62515,1789,王伟,2017-11-25 14:48:58,1,3,2,上课很好玩，会讲一些心理上的小建议。一篇论文定生死，还是很好玩的一个老师。
62518,314,那仁满都拉,2017-11-25 15:11:02,5,6,1,讲的都是万年前的数据水的重要意义谁不知道但政府现行的规范必有其道理也确实在向好的方面转变总之我不知道这课有什么存在的意义 但是话又说回来 那仁老师的专业知识还是很强大的 非常想听他讲他和他的砷
62523,2830,陈周闻,2019-07-04 09:56:30,11,15,4,带的都是医学生 将来不信你看病碰不到自己的学生。因果报应
62535,1416,沈晓红,2017-11-26 01:16:13,0,0,0,分给的挺高，两篇论文写好就可以了
62546,759,王青青,2017-11-26 02:02:38,1,1,0,讲课很好
62547,759,王青青,2017-11-26 02:04:53,3,3,0,很好很好，很清楚
62550,1789,王伟,2017-11-26 02:09:26,7,9,2,教复变的王伟，虽然上课有时候思路不清晰，但是跟上思路可以学到很多，下课去问问题老师人也很好的，每次都超耐心不急着走一直等着你搞懂问完，上老师的课很有收获
62554,759,王青青,2017-11-26 02:29:19,4,4,0,清晰，语速合适
62570,759,王青青,2017-11-26 03:23:34,-1,4,5,划重点和没划一样
62616,2303,祁鸣,2017-11-26 07:41:54,3,5,2,竟然满了！！！给老师疯狂打call，男神！
62617,1416,沈晓红,2017-11-26 07:43:04,0,2,2,从不点名！上课想听的话有很多好玩的例子，不听翘了也完全不影响期中期末的论文写作，认真写了之后4.5！
62662,1789,王伟,2017-11-26 09:56:39,1,1,0,别说了，绩点低到哭泣……这个老师简直是绩杀……
62673,2303,祁鸣,2017-11-26 10:35:42,5,6,1,随随便便搞却是史上第一次考试得三位数，不给好评能行？
62699,1789,王伟,2017-11-26 12:50:28,9,9,0,如果你想写微积分作业，如果你想一篇论文定绩点，心理卫生真的值得拥有。
62706,2303,祁鸣,2017-11-26 13:13:47,-4,0,4,mmp
62709,2303,祁鸣,2017-11-26 13:26:36,4,5,1,超nice的老师！不点名没作业100%期末英语阅读理解。啥都没复习的我满了（不过不知道其他人的成绩），大概给分还是很好的。
62721,1416,沈晓红,2017-11-26 14:41:42,0,0,0,超级棒的老师，很舒服！
62730,1556,王鑫慧,2017-11-26 15:30:29,16,23,7,课蛮水的，说实话一节课都没听，会有一个小测是全英文的，但是关键词有提示，不算太难，如果你平常对健康方面的事情有过比较多的关注的话，一共十个题。最后展示上台好好弄，然后对别人的展示提问。重要的是让老师记住你你的分就高了
62734,1556,王鑫慧,2017-11-26 16:30:18,3,5,2,小测好好考，ppt展示好好做，不要旷课，你的分会让你很满意。王老师好可爱^o^^o^^o^^o^
62740,1556,王鑫慧,2017-11-26 20:11:47,5,6,1,个人感觉讲课讲得很好，内容都很有营养，听了会有收获的。事很少，没作业，只有一次课堂小测（竟然是英文卷子嘤嘤嘤），期末展示做好了分就不会低。不过期末展示分组是按专业随机的，有个神队友真的很重要_(:_」∠)_
62748,1092,沈岳良,2017-11-27 00:45:44,18,19,1,哇，说好平时分给满的呢？？不想让大家都满绩就好好出考卷，题目么就不要让大家出。强行调成绩是什么鬼哦。
62749,1092,沈岳良,2017-11-27 00:46:05,9,9,0,真的很垃圾，上课不知道在上什么，水的一逼，整什么翻转课堂都是学生在上课，每节课把自己那一套百度学术嘚瑟一下，考卷也不用自己出，最后给分还差。。。无语了。。。。差劲\n\n
62764,1556,王鑫慧,2017-11-27 02:15:27,1,2,1,mmpmmp认认真真准备的 结果老师急刹
62769,13,张咸宁,2017-11-27 04:29:01,1,4,3,好的一批
62770,13,张咸宁,2017-11-27 02:39:27,5,10,5,你们这群庸医！\n\n遗传出了成绩没想到比免疫还低，第一次觉得坑
62771,13,张咸宁,2017-11-27 02:39:36,2,4,2,讲课很激情，给分很良心，前提是你认真复习了～
62772,13,张咸宁,2017-11-27 02:40:03,1,3,2,老师上课比较有意思，你懂的。最后给分真良心。
62773,13,张咸宁,2017-11-27 02:41:12,2,3,1,点名瑟瑟发抖，其他云里雾里——来自庸医三连
62774,13,张咸宁,2017-11-27 02:46:08,1,3,2,老师太棒了
62775,759,王青青,2017-11-27 02:50:12,7,7,0,讲课特别有条理特别清晰，也很负责的一个老师，超喜欢
62776,13,张咸宁,2017-11-27 02:53:01,38,45,7,嘴硬心软的愤青老师，其实还是爱学生的啦，虽然爱喷人，但是学生要是问问题会很认真地回答。\n\n遗传这门课，重点就这么几个，但是知识点又多又杂，ppt虽然乱还是要好好看，都可能会考啊……
62781,13,张咸宁,2017-11-27 03:11:03,5,9,4,考的时候感觉一半都不会，出来一看咸宁给分是真的好
62782,13,张咸宁,2017-11-27 03:11:40,2,4,2,是我太菜了…\n\n遗传，好好学！你想去打犀牛吗？
62783,13,张咸宁,2017-11-27 03:11:50,5,7,2,庸医！庸医！庸医！\n\n但是给分还是很好啊(^▽^)o
62785,13,张咸宁,2017-11-27 03:23:07,4,7,3,咸宁大大给分真的良心，太感动了，考试的时候很虚，结果意料之外，不过也对得起背的那么久。。。总之就很好
62789,13,张咸宁,2017-11-27 03:28:34,3,5,2,好开心啊给分超级好！
62791,13,张咸宁,2017-11-27 03:43:51,4,6,2,真的耿直。讲课的时候听着很开心，但是考试前一脸茫然不知道哪里是重点，考后发现给分真的良心。
62797,13,张咸宁,2017-11-27 03:56:26,4,6,2,哇咸宁给分超好！感觉自己期末GG了最后给分还是很好！
62799,13,张咸宁,2018-11-13 03:51:53,6,8,2,挺好玩的 上课会随机提问 给分还是挺良心的
62800,13,张咸宁,2017-11-27 04:01:06,-4,4,8,不怎么样 特别是后面老师的ppt感觉就是浪费时间 重点不多还装b地全英文
62802,1556,王鑫慧,2017-11-27 04:03:58,0,2,2,很认真的准备了期末展示，自己表演很好，结果给分巨差！
62808,13,张咸宁,2017-11-27 04:37:35,4,6,2,给咸宁打call！！！本来以为要挂了结果一查分吓一跳，差点以为上错号了?
62809,13,张咸宁,2017-11-27 04:47:13,4,4,0,老师讲课很奇怪，但是给分不错，可是老师你不要卡我档啊?再给我一分呗……………
62810,13,张咸宁,2017-11-27 04:47:21,3,4,1,给分真滴良心 要哭了
62811,13,张咸宁,2017-11-27 04:51:15,4,5,1,emmm被卡档了，但是老师很好啊！果断10分！
62818,13,张咸宁,2017-11-27 05:26:34,3,5,2,虽然一直被骂庸医，但是最后给分真的好(✪▽✪)
62821,1092,沈岳良,2017-11-27 05:50:02,5,5,0,要这么懒就说清楚评分机制，平时分占多少，卷面多少。你敢相信竟然有任课老师出的试卷就复制粘贴，连汇总题目中的错别字都不改！！然后最后拖个很久调分。气笑了
62827,1556,王鑫慧,2017-11-27 06:01:28,3,6,3,今年课全程都是他自己在上，干货挺多，给分也挺好的
62855,1092,沈岳良,2017-11-27 07:11:39,2,2,0,如果不希望大家考太高，麻烦自己好好出考卷，让学生出题，最后又迟迟不出分，往下压分数。我觉得给分严格没问题，但你要一开始说清楚评分规则呀
62872,13,张咸宁,2017-11-27 08:08:40,20,24,4,英语答题是不会加五分的，以后学弟学妹们还是中文答吧。
62874,1556,王鑫慧,2017-11-27 08:14:50,1,5,4,鑫慧老师还是很棒的，认真听会有收获，上课偶尔也会写个作业睡个觉都是没问题的，没作业，最后只有一个小组展示，给分挺好，就是最后回答了一个问题，4.5，这学期女老师没上，奉劝大家春夏学期千万别选，据说是女老师一个人上。测试就是十个选择题，拿着有道翻译过来就能选出来，很简单，为鑫慧老师打call
62883,1789,王伟,2017-11-27 08:40:45,1,2,1,心理学的，坐了实验，依旧绩杀
62886,1556,王鑫慧,2017-11-27 08:47:02,1,4,3,老师真的非常认真负责 上课要签到 稍微记一下上课内容就可以了 有一次小测 都是讲过的内容 最后是小组展示 要积极提问喔 第一次满绩
62898,13,张咸宁,2017-11-27 09:51:22,9,10,1,给分居然这么可爱，开心的像个傻子
62899,13,张咸宁,2017-11-27 09:55:25,4,6,2,自夸自嗨，怼人一流。讲课不错，给分超好啊。
62901,13,张咸宁,2017-11-27 10:03:08,18,20,2,虽然嘴上庸医庸医，其实对学生还是很认真的，有问题都可以去他办公室问的。但是我现在也没搞清楚，温州人为什么一定要给他钱做研究。
62924,13,张咸宁,2017-11-27 11:11:10,5,6,1,老师很有情怀，知识是最好的处方！你们这群庸医！这些话永远忘不了，是个好老师，考前认真复习给分不差的。
62929,2556,陈建忠,2017-11-27 11:31:15,3,3,0,QAQ 考前复习但是英文基础太薄弱 考试英文题感觉扑街了很多 以后的同学要好好学英语 英语名词要牢记
62936,3588,姒健敏,2017-11-27 11:37:47,3,3,0,非常烂
62956,13,张咸宁,2017-11-27 12:48:07,9,16,7,今年有人在他评奖的时候投反对票，所以今年他的均绩挺好。。。建议以后大家学学？
62991,1416,沈晓红,2017-11-28 00:07:52,4,7,3,boring，给分完全没道理
63002,13,张咸宁,2017-11-28 01:28:37,19,20,1,浙大的老师不喜欢讲课本的原因：1.讲课本，浙大学生跟其他学校的学生没差别么？2.基础不用老师强调学生自己可以掌握，课上更多的是拓展。这也导致了重点不清，学生犯困的现象，但是你好好学好好听，这就不会差！！！
63011,1556,王鑫慧,2017-11-28 02:18:10,1,3,2,基本上每节课签到，平时没有硬性的作业，一次小测，一次5分钟的小组展示，总体来说课程很轻松的，还能听一些养生知识233。小组展示要出跳一点给分好。
63015,1789,王伟,2017-11-28 02:34:35,-1,0,1,。。。
63017,1556,王鑫慧,2017-11-28 02:38:05,1,3,2,认真听课，认真写课后思考题，认真做PPT，认真考小测，认真提问，绩点不会差
63076,370,朱心强,2017-11-28 07:39:39,-4,0,4,。。。
63093,370,朱心强,2017-11-28 08:48:18,6,6,0,课水水的，但老师是真的好，虽然我分数不怎么样但我真的挺喜欢上课的四个老师，他们也在考虑改变，选了不会亏
63095,370,朱心强,2017-11-28 08:52:48,0,1,1,打call，上课很认真，棒棒的!
63101,370,朱心强,2018-01-08 10:34:56,2,2,0,很好啊！虽然最后考试时写的得手都废了。。
63103,1092,沈岳良,2017-11-28 09:33:13,2,3,1,楼上说老师教的学习方法有用的同学，很好奇是啥方法？百度一下吗百度百科吗？？？笑哭
63114,1789,王伟,2017-11-28 10:58:04,1,1,0,呵呵哒
63130,1556,王鑫慧,2017-11-28 13:26:59,0,2,2,老师人真的很好，但是上完这个课的收获什么的感觉确实很一般，挺水的课，课堂氛围轻松，作业少，不用写论文。建议课堂展示好好表现，思考题认真写，绩点应该能上四
63211,1556,王鑫慧,2017-11-29 07:49:15,3,5,2,老师很专业，当然上课也很有意思，能学到很多医学方面的前沿，而且课堂氛围自由，鼓励批判性思维，很赞，窃以为这才是真正大学通识课的样子，不过可以建议鑫慧老师多开几门这样的通识么？\n\n撒花！✿✿ヽ(°▽°)ノ✿\n\n为鑫慧老师疯狂打call！
63212,2105,杨芊,2017-11-30 06:04:49,9,15,6,我是来讲恐怖故事的。即使每节课都认真上，积极参加团辅活动，还是可能会被正态的。考试一定要考好。
63218,1556,王鑫慧,2017-11-29 08:43:02,1,3,2,小测试考全对，上课一直认真听不怎么看手机，期末认真展示，结果被正态，MMP！
63224,2105,杨芊,2017-11-29 10:06:13,-10,5,15,大学以来第一个满绩啊！！拯救了我难看的绩点！！感谢女神老师！！！！
63228,2105,杨芊,2017-12-01 06:21:46,6,9,3,。。。。。。
63238,1556,王鑫慧,2017-11-29 11:21:17,-1,1,2,超水，小测可以用手机，虽然全是英文，满绩 ? 而且没有论文
63274,1556,王鑫慧,2017-11-30 02:21:50,1,2,1,鑫慧老师很可爱，上课也有很多营养健康的小知识。最后展示课认真准备，多发言就行啦~
63285,1556,王鑫慧,2017-11-30 04:32:06,-1,0,1,上课比较水，就一次小测和最后的展示，都还比较简单，老师给分很满意。\n\n
63294,370,朱心强,2017-11-30 07:08:31,0,1,1,分儿还可以
63354,667,许毅,2017-12-01 09:06:24,0,0,0,请问您是智障吗，请问您吧nm艹了吗，请问您孩子有屁眼吗？
63448,2356,沈毅,2017-12-04 08:42:40,3,4,1,谁说小个子没有魅力！给男神老师疯狂打电话！！
63469,2105,杨芊,2017-12-04 16:14:01,2,5,3,上理论课还是有点干，介绍了一些很新颖的观念，团辅课一级棒，老师和助教们都好好看，给分也很好，貌似只看最后考试成绩，谢谢老师的付出
63536,2630,陈明法,2017-12-06 08:58:47,4,4,0,很可爱的老教师，真的超赞\n\n
63554,1416,沈晓红,2017-12-06 14:48:03,-1,1,2,真的写好论文 就按照字数要求（五小时足够了）\n\n绩点3.9没问题 还送1.5学分\n\n水课好选择
63556,1789,王伟,2017-12-06 15:04:00,-3,0,3,给分好
63560,759,王青青,2017-12-07 01:05:25,-2,2,4,好！！
63590,2069,汤慧芳,2017-12-08 03:11:22,8,10,2,作为一个老师，对时间的把控可以这么差吗？说第二节课占用同学们几分钟时间然后讲了半小时。而且就一味地念ppt。上课体验太差了。
63593,1437,周韧,2017-12-08 06:42:32,-2,1,3,临床知识多
63701,1789,王伟,2017-12-13 06:01:35,-1,2,3,心理卫生的王伟。我算是很幸运的了，这门水水的课真的没办法听，但我比较积极地填了问卷配合了实验，最后论文瞎写一通压着1500字的底线交上去了，绩点居然有4.5。现在想来莫名其妙，但是我好欣慰：毕竟参加实验的时候，左脸扛住了120次电击，值了值了。
63769,1416,沈晓红,2017-12-14 11:27:54,0,0,0,听课是很好的，2篇论文。
63792,62,凌树才,2017-12-15 03:04:56,2,2,0,画图很好看很详细，老师人超好
63819,3616,邓红,2017-12-15 12:21:23,10,10,0,老师上的还好吧，虽然有时候废话比较多......
63820,2728,竺可青,2018-01-21 01:09:21,13,14,1,简直可以说是男神了！\n\n上课很有重点，最后一节课还给大家复习
63821,1019,郑莲顺,2017-12-15 12:24:25,8,9,1,必须满分，最好的解剖老师\n\n\n\n社会我郑妈，天天讲骚话。\n\n上课划重点，下课她最早。\n\n课间爱闲聊，保健大讲座23333\n\n\n\n明年一定选郑妈的局解
63828,3616,邓红,2017-12-16 08:57:02,2,2,0,相当耿直，带起学生来一心一意，认真负责，又很温柔，不是那种严苛的认真。\n\n另外不知道有多少人知道老师其实不是东北人233
63835,849,严杰,2017-12-27 13:34:40,0,3,3,垃圾教材 人很有名 上课很糟
63851,2297,陆源,2017-12-17 15:50:45,7,9,2,妈蛋的生科，报告格式不教，甩手说医学报一样就不管我们了，评分又那么苛刻，特别是梅如换，笑眯眯的结果实验结束了才给我们开学第一个实验的反馈，格式要求那么多，打分那么低但是课前课上也不说不教。不教我们怎么会啊！网上下载的模板乱七八糟，根本学不来，图片格式也不严格。
63979,1880,赵璐,2017-12-20 11:34:28,4,7,3,收获很大。。没作业\n\n有两次小组展示PPT，绩点不太高
64001,494,詹金彪,2017-12-20 13:22:52,0,0,0,啦咯啦咯啦咯
64013,1366,马丽琴,2017-12-20 13:48:38,-6,1,7,呵呵哒\n\n
64014,751,林旭瑗,2017-12-20 13:49:17,-6,1,7,么么哒\n\n
64119,623,朱善宽,2017-12-21 04:17:16,0,2,2,老师很多。。课堂内容很乱。。\n\n助教权利很大。。感觉给分是乱来的
64129,1789,王伟,2017-12-21 04:49:35,1,2,1,认认真真上课写论文被正态
64191,1560,陈晖,2017-12-21 08:57:20,0,0,0,棒棒哒
64198,2436,余海,2017-12-21 10:54:31,4,4,0,老师真的很有学问  英文水平超高  佩服
64229,2728,竺可青,2017-12-21 17:58:19,10,11,1,好老师!首先学术功底扎实，不管是一线的临床还是病理研究（包括基础科研），都非常有经验。其次教学上，个人觉得临床生们非常受用，在基础病理、书本内容上有自己的思路，也会告诉学生每个进修阶段的知识重点，另外会在课堂补充丰富的临床（院内、院外、城市、基层）的案例，把一线境况和书桌文本直接桥联。（当然自己要好好看书，平时划水，是根本跟不上课堂节奏的）
64230,2630,陈明法,2017-12-21 18:18:19,14,14,0,可以说说在浙碰上的最好的老师之一了。先生退休那么多年，听说现在还是在讲台前拿着竹竿讲道理讲故事。别的教室内容扫完早早下课，先生一定是要把每个要点都慢慢讲明白的，就算连讲几个小时站着不歇一下，老陈说，教了四十多年习惯了。作了多年医者和师者，是比年轻教师有经验，就能在大体上一指定位血管在此神经在彼。曾和解剖教研室其它老师聊，他们说：“老陈就是非常愿意 把自己知道的分享给学生。” 佩服先生眼不花、持钳从不手抖、黑板画图如神。当初能作陈老师的学生，荣幸。
64240,1144,孙百强,2017-12-22 01:37:57,-2,0,2,给分很差，人体形态学实验，不想说啥
64261,3480,徐芳英,2017-12-22 05:19:41,4,4,0,徐妈人很好，教室里经常传出徐老师爽朗的笑声
64293,1416,沈晓红,2017-12-22 09:01:47,0,1,1,很温柔很有感染力，论文认真自己写，绩点不用考虑哒~
64298,1556,王鑫慧,2017-12-22 09:26:11,-1,2,3,老师上课挺认真的，不过有点乏味。给分主要看pre和小测？还有签到。pre是重点，展示能力好而且展示的时候多问问题分数就很好看了
64317,3190,周婧,2017-12-22 11:05:48,9,10,1,上课很好，女神啊
64333,1019,郑莲顺,2017-12-22 13:07:26,4,4,0,超超超级好的老师，希望我大三局解还是郑妈的课
64334,1416,沈晓红,2017-12-22 13:09:32,0,0,0,好老师，推荐想水的同学
64372,494,詹金彪,2017-12-23 04:35:21,1,3,2,是个好老师，但，讲的不怎样
64498,2364,包爱民,2017-12-24 15:09:38,6,7,1,很棒，墙裂安利大脑与社会，这门课非常有意思，听完全程不走神的课
64571,1789,王伟,2017-12-25 10:04:59,0,2,2,上他的心理学及应用。其实这节课你放松心态，听一听他讲讲故事，感受一下他的幽默，还是蛮有趣的，毕竟就连他自己都说是一门水课。想听心理学内容的还是出门右拐吧。给分是挺不错的。
64623,1789,王伟,2017-12-25 15:01:49,2,3,1,老师是大智之人
64781,1556,王鑫慧,2017-12-27 06:16:07,1,1,0,人生第一次满绩
64798,3588,姒健敏,2017-12-27 07:15:01,7,7,0,記得最清楚的一句話\n\n香蕉啊，每天吃半根就夠了。我都只吃一半的，剩下的就扔掉了?
64824,1416,沈晓红,2017-12-27 09:00:58,0,0,0,很好的老师！\n\n
64902,1789,王伟,2017-12-28 01:53:24,4,4,0,很难说，但有一件事印象深刻。\n\n第一节下课后，一大波人就走了
64916,314,那仁满都拉,2017-12-28 02:53:12,1,1,0,还可以吧
64971,1789,王伟,2017-12-28 05:46:04,7,8,1,我每节课坐第一排 论文认真写 全班第一个交 最后绩点2.1 我还能说什么呢 mmmmmmp
65019,1824,张伟,2017-12-28 08:30:00,1,1,0,666
65036,1556,王鑫慧,2017-12-28 10:05:51,2,2,0,很轻松的课，老师蛮可爱的。平时会有一点点小作业，最后ppt展示，今年是老师自己上课的，挺棒的。
65047,1556,王鑫慧,2017-12-28 10:54:39,1,1,0,很不错的课
65051,1437,周韧,2017-12-28 11:18:11,-1,3,4,不多说了 妥妥的男神啊
65052,1437,周韧,2017-12-28 11:18:29,1,7,6,医学院男神！室友基础医学的还来蹭我们的临床病理专业课！妥妥的迷妹没错了！真的是因为老师的个人魅力，上课会讲一些课堂以外的东西，但是都和课堂内容相关度高，不会乱扯！总结一下就是！真羡慕大一新生可以选他的通识课！！！！
65121,2728,竺可青,2017-12-29 03:40:45,7,7,0,帅！！！
65189,2303,祁鸣,2017-12-30 09:46:10,1,2,1,考试就是英语阅读理解，居然满了，感谢老师
65199,1556,王鑫慧,2017-12-30 14:58:03,5,5,0,老师真的不错
65256,2364,包爱民,2018-01-02 05:33:44,4,5,1,课很棒，绩点还不知道。但是是大一上过的最有趣最值得的通识课。
65294,2728,竺可青,2018-01-02 13:11:52,8,8,0,超喜欢的男神！
65497,1789,王伟,2018-01-04 15:21:05,-4,1,5,心理课虽然很水……但是论文用心，写出自己的观点，再去做个实验绩点就不会低的……大学第一门课就满绩，赞?
65523,2830,陈周闻,2018-01-05 04:54:05,5,5,0,很生气，每次课都到，复习也好好复习了，绩点1.8？我的天
65848,151,包家立,2018-01-09 13:51:27,9,11,2,虽然是教授，确完全没有架子，很和蔼可亲，大一初来乍到的我本来都不太敢和老师交流，但包老师给我完全不同的感受。在新生研讨课上了解了很多先进医疗器械，于我而言，起码分清了X光，CT，磁共振和B超哈哈哈。平时上课发言不太积极，可能绩点会不好看，但还是要给老师打call！
65884,1789,王伟,2018-01-10 02:20:42,14,17,3,医学院王伟老师，讲道理听他的课真的是一种折磨。劳资医学心理学，主修课，好，我听就是。全程哗众取宠，还开车。\n\n        我不反感开车的老师，只是王伟这个老师开的车都极其低俗。在课上大呼小叫，上课没有主题，讲了大半天不知道在讲什么东西。真的，令人厌恶。\n\n        且不论给分如何，毕竟医学心理学没有平时分，给分都很硬，没有主观的分数。这个老师平时发问卷，嗯，十几页的问卷。还沾沾自喜。没到还扣平时分？？兄弟你哪来的平时分。\n\n令人厌恶。
65893,1789,王伟,2018-01-10 03:20:02,-3,3,6,我觉得医学院的王老师没有评论里那么可怕啊 我医学心理学 （可能因为是专业课？）感觉老师讲得还蛮有趣的，老师的态度也很积极乐观，也没听到有什么宗教偏见。
65950,2436,余海,2018-01-10 12:20:59,2,2,0,我一定是爱上了他
66007,2436,余海,2018-01-11 02:12:53,3,3,0,超级幽默可爱的老头子，讲的内容其实非常有趣，一些特别的例子特别的小故事都很耐人寻味，而且不断给我们灌输医生的人文关怀，学医的小朋友都应该去听听！(⁎⁍̴̛ᴗ⁍̴̛⁎)
66160,1880,赵璐,2018-01-12 08:05:54,9,9,0,人长得美学识丰富性格很好\n\n偶尔幽默 很贴近学生
66213,1880,赵璐,2018-01-13 09:39:02,-1,2,3,还不错。。讲课跟讲故事一样\n\n\n\n两次展示，一次读书报告，事不多
66273,2630,陈明法,2018-01-14 12:36:54,2,3,1,有的人给他十分是因为满分只有十分！和蔼可亲 不乏幽默的老教师 赞?
66382,62,凌树才,2018-01-15 14:13:30,1,1,0,凌老师人特别好，又耐心又温柔，讲得很细学到了很多。上凌老师的课锻炼了我的画画技巧23333。非常喜欢的老师～谢谢您
66383,62,凌树才,2018-01-15 14:16:16,2,2,0,凌老师！！！太温柔和蔼可亲了！！！行走的教科书！！！非常负责任！！！线上线下答疑很详细！！同学们的问题都事无巨细的回复！！
66392,2436,余海,2018-01-16 00:56:13,2,2,0,很棒很好的老师。。！！！
66430,1451,夏大静,2018-01-16 09:44:54,-4,4,8,健康与免疫，老师是好老师，课是好课，但是对理科生来说太简单了，建议文科生或没学生物的学生学习。
66434,2963,杨友金,2018-01-16 10:23:41,0,0,0,。。。。。
66446,1437,周韧,2018-01-16 13:31:44,6,7,1,给分超级坑，中等2.5，看到绩点你会后悔的
66652,575,胡虎,2018-01-18 03:51:11,7,7,0,huhu男神！超级爱，感觉又博学又谦逊，对科研总是保持崇敬之心，而且上课非常负责，幽默有趣，一百分！！！
66752,2877,金帆,2018-01-19 00:39:07,0,0,0,我要你们好看\n\n
67107,151,包家立,2018-01-20 09:35:22,1,3,2,上课还可以
67147,151,包家立,2018-01-20 10:30:26,1,4,3,研讨课是真的轻松，只要认真讲一个PPT就OK了，绩点也很好
67170,151,包家立,2018-01-20 11:32:14,1,3,2,老师懂的很多，讲的也蛮好的，上课要做的就是一个展示偶尔答个问题，课可以不听，展示也可以水……当然绩点比较难看就是了……(눈_눈)
67330,1756,杨敏,2018-01-21 00:02:33,0,0,0,老师人真的是巨好，女神级别的，口语很棒，自己绩点低，只能是自己基础问题啦。
67405,1756,杨敏,2018-01-21 06:21:18,1,2,1,杨老师非常温柔，口语超好听，也很负责。大英三每单元都会组织一些课堂活动，开始不是很适应，后面觉得非常有意思了。平时每一项都做得还不错的话给分也完全不会低，能上这门课非常幸运啦。
67413,2297,陆源,2018-01-21 07:05:54,2,5,3,这门课程 真的 占用时间巨大 但是如果参与度高 能学到很多 从写论文这一个方面能力就得到很大提升了 对科研思维的培养也挺大的 但是真的 占用时间 巨！大！\n\n明天要考生科了看着以前的均绩有那么些不想复习....
67414,1756,杨敏,2018-01-21 07:07:12,0,0,0,老师人很温柔，很不错的老师
67477,1144,孙百强,2018-01-21 09:44:30,1,1,0,别选 老人家普通话不好，听不懂的
67524,1416,沈晓红,2018-01-21 12:19:32,5,6,1,希望我的论文不会被当成她讲课的段子
67555,370,朱心强,2018-01-26 07:54:41,8,8,0,大家为什么觉得平时去了，期末考了就该有高分呢？通识课嘛，总会有一些同学被。。。哪个学科都一样。平心而论，这门课真的挺好的，老师讲的有趣也有用，当然最后的考试的确比较水，可能对有些认真听课的同学不太公平。建议老师提高平时和论文的分数比例，这样就更好了。我分数也不高，但真心讨厌只因为成绩不好，而老师本身没什么问题，就来说这门课怎么样差，老师怎么差的同学，甚至老师都很好。个人观点，不喜勿喷。
67633,1756,杨敏,2018-01-22 02:57:12,0,1,1,平时任务也不多 我平时上课也没举手回答问题 平时分也一般般 主要还是看期末吧 挺好的一个老师 上课挺轻松
67957,1756,杨敏,2018-01-22 11:33:01,0,1,1,浓浓师生情，作为河南考生基础不好也没听过课，3.3知足了
67990,1756,杨敏,2018-01-22 12:26:30,0,0,0,老师很漂亮很性感? \n\n人很好
67995,1756,杨敏,2018-01-22 12:46:12,5,8,3,老师讲话温柔，口语比较好。上课压力也不大，虽然有点小无聊...考核主要看quiz、练习作文、期末考、口试，课堂表现关系不是很大；老师整理quiz、期末考题型很负责，邮件回复也及时，就是老师邮件回复有时会小不耐烦?我英语底子不算特别好吧，虽然感觉这半年英语退步了很多，还卡绩了orz至少上四了（大英给分和老师关系不大
68005,2587,姚玉峰,2018-01-22 13:07:14,-1,0,1,。。。。。。。。
68256,151,包家立,2018-01-23 01:43:08,5,6,1,新生研讨课的均绩4.51，真的假的
68310,2743,许正平,2018-09-21 07:01:03,8,9,1,上课让同学们来讲 体验极差
68509,1416,沈晓红,2018-01-23 09:39:29,1,1,0,社会心理学很棒，老师讲得好，上课不点名，不考试，任务轻松。之前也选过心理卫生，给分都很好。作为一门通识真的很棒。
68834,1416,沈晓红,2018-01-24 02:55:06,0,0,0,老师人超级好，问问题也会耐心的回答。上课会讲一些很有趣的案例，人很温柔。论文认真写就好了
68987,1756,杨敏,2018-01-24 07:29:05,0,0,0,非常非常好
69177,1756,杨敏,2018-01-24 09:31:08,0,1,1,老师很温柔，每组都会分到一次展示
69212,1756,杨敏,2018-01-24 10:16:43,0,1,1,老师的负责帮你省了很多事。\n\n建议能多花时间在英语的同学选，这样收获很大。
69240,1556,王鑫慧,2018-01-24 10:44:44,1,2,1,老师很温柔！上课认真听真的能学到东西！绩点也很高，事少又水！赞(/≧▽≦/)
69245,3069,柳华,2018-01-24 10:53:32,-1,1,2,很和蔼可亲有活力的老师
69634,1144,孙百强,2018-01-25 06:03:48,2,3,1,说话听不懂，但其实老师人挺好的。。。
69721,3078,陈晓,2018-01-25 09:15:31,0,1,1,超好的老师
69722,415,丁世平,2018-01-25 09:17:13,3,3,0,真的棒，讲课超清楚，实验课不用自己画图，拍照就好了，人也很nice，经常夸人
69843,3405,沈颖,2018-01-25 13:39:38,5,5,0,出绩点前来评论一波吧，出了绩点怕评论显得不那么公正。这个课你可以选择不去听 但我感觉听听还是挺有趣的。作为一个理科生看来，老师讲的作为科普真的是很有趣了。不过上课不能水电脑，去了还是好好听课吧。希望绩点high high.
69869,1451,夏大静,2018-01-25 14:39:50,8,11,3,出成绩贼慢
69996,575,胡虎,2018-01-26 02:05:44,4,6,2,儒雅的老师，最可怕的是给分好得吓人。。。
70136,370,朱心强,2018-01-26 07:08:09,0,0,0,每节课都去 听了考了给分3？？？？
70147,370,朱心强,2018-01-26 07:29:33,2,3,1,别选！给分真是Deep dark
70298,2973,张晓明,2018-01-26 11:34:45,7,9,2,炒鸡好的老师，上课炒鸡有趣，给分也炒鸡好
70353,1451,夏大静,2018-01-26 13:39:23,9,11,2,讲课还挺好的 但给分是真的挺迷的 我们小组展示还挺用心的还被老师夸了 然后期末考试大部分都在书上和屁屁踢上找到了 作为第一门上课认真听的通识课看到绩点的时候真的还挺难过的
70356,1451,夏大静,2018-01-26 14:01:48,6,8,2,不好，不好，，Ծ^Ծ，，
70390,1019,郑莲顺,2018-01-26 14:31:02,3,3,0,超好的解剖老师
70462,1451,夏大静,2018-01-26 16:01:56,4,8,4,老师给分很迷，给予了好好听课做笔记的我暴击
70467,1451,夏大静,2018-01-26 16:09:47,2,6,4,只能说不是医学专业慎重考虑，被正态没上3，拉低0.2均绩
70534,2105,杨芊,2018-01-27 00:57:39,-3,3,6,j类课里的清流。讨论课以团辅形式进行，不会有恶竟～
70554,7,李怡宁,2018-01-27 07:56:46,0,0,0,复习很酸爽～
70557,1366,马丽琴,2018-01-27 08:07:45,1,2,1,老师讲话比较有条理，语速也不快，听着挺舒服的，但是最后测验没有提前预告，搞突然袭击让我很不开心。
70558,1019,郑莲顺,2018-01-27 08:09:42,2,2,0,老师超级棒，除了上课会撒狗粮
70589,1451,夏大静,2019-04-26 05:09:55,-37,10,47,傻逼老师，自己专业的东西乱讲还每天一副自己很牛的样子站在制高点训斥别人，给分还特差。班里的医学生绩点都低。是不是就偏爱班长小组长？我见过最差的老师没有之一，这位老师让我不相信查老师评分，真是不知道还有什么好说的。考试出一道附加题，说对这节课的感受，告诉我们要是同分的话要正态就看这道题评分，是不是有毒？我怀疑她就是看这道题评分的。呵。
70669,4286,蒋磊,2018-01-27 10:48:14,1,16,15,老师的人体解剖学（乙），重点突出，条理清晰。考试也真没难为我们，出分很高。唯一的不足就是上课讲得太快，有时候有些懵逼。
70684,1144,孙百强,2018-01-27 11:31:18,1,1,0,老师人真的很好，当然也要好好听，确实有些口音，但是能适应的。
70689,1019,郑莲顺,2018-01-27 11:43:53,6,7,1,很幸运系解和人体形态学都是郑妈上的!是这学期对我产生很大影响的老师!让我爱上解剖爱上神经!谢谢老师!希望未来的局解还能是你的学生!
70696,4286,蒋磊,2018-01-27 11:59:55,0,11,11,蒋磊老师超可爱的呀！非常亲切好说话，课间还会和我们聊聊天，一点也没有距离感！上课也讲的非常清楚，还会在qq群里解答问题，最后给分也超级好的！感谢蒋磊老师~
70767,1416,沈晓红,2018-01-27 13:38:40,0,0,0,给分很好很温柔的老师啦，心理卫生作为入门通识课真的不错，例子多干货可能略少，作业就期中期末两篇2000+字论文。认真听还是很有趣的～
70769,1416,沈晓红,2018-01-27 13:39:23,0,1,1,老师很温柔 很有趣 事情少给分好  超级推荐呐～
70774,1416,沈晓红,2018-01-27 13:41:37,7,11,4,不点名，平时上课完全不听甚至不来也可以，期中期末各一篇论文，所以说白了这课就是拼文采拼观点，因为最后打分完全是看论文来的。觉得自己论文写不出采的，即使老师口碑好还是慎选吧不然会被正态比如我(手动微笑)
70776,1416,沈晓红,2018-11-07 00:10:09,22,31,9,老师是好老师，虽然我心理卫生只拿了3.3……\n\n给一点建议，写心理卫生论文的时候不要写得太论文了……我们几个写成这样的都很低，写故事的反而能拿高分? \n\n就这样吧……
70791,1416,沈晓红,2018-01-27 13:54:57,-4,0,4,辣鸡辣鸡
70829,1416,沈晓红,2018-01-27 14:50:21,1,1,0,论文认真写了，真的。。。结果绩点感人，均绩都不到。
70846,1451,夏大静,2018-01-27 15:37:57,-8,6,14,没听过课，给分非常迷，考的也很迷，诺贝尔奖谁会知道？？？后面有些人查手机呵呵，诚实的像我一样的人不要选，莫名其妙的课和考试。。。
70881,2364,包爱民,2018-01-27 16:35:17,4,5,1,蛤蛤蛤，给了我3.0? 大概历史最低。\n\n但是呢，不得不服，就算3.0我依然服她的课，干货很多，老师们讲的都很好很好。老师要求很严格也很负责，课上大佬多。\n\n认真准备PPT，频繁发言，但是小组展示队友出了点岔子，所以3.0。\n\n大家看着选吧，还是强推!
70904,4984,王良,2018-01-27 23:49:21,5,6,1,好老师，特别感谢他
70973,1416,沈晓红,2018-01-28 01:18:50,9,10,1,老师讲的还是很不错的，我觉得最大的特点就是例子非常非常丰富！！！如果非常喜欢研究心理学问题的同学，很建议把老师给的大部分例子都记下来，很有帮助的。不过我也要劝劝一部分人，像我一样，只是想看看心理学是什么样的，这门课就不是很适合了，还有就是很看重绩点的也不合适了。因为老师从不点名，最后评分完全依照两次论文成绩，也没有课程群，这就非常玄乎了，完全看老师主观感受，而且如果你对心理学没什么兴趣，你都不知道写什么，只能漫无目的的找论文看，像我一样，绩点就很惨……浙大有些课程是收获很大，就算绩点不高也心甘情愿，但是这门课只是让我明白了我不太适合学心理学（无关绩点，只是对很多理论的建立和发展不能接受）……
70991,1451,夏大静,2018-01-28 01:32:28,-5,4,9,工科生4.2路过……
71068,1019,郑莲顺,2018-01-28 02:21:39,5,5,0,最好的解剖老师
71098,1451,夏大静,2018-01-28 02:52:17,8,11,3,前面说诺贝尔奖的. ..她上课讲过两三次，而且ppt上都出现了两次。嗯就这样。
71146,2436,余海,2018-05-07 02:12:36,10,12,2,上课挺有意思很轻松可水 但给分懵逼 我的通识最低
71267,1556,王鑫慧,2018-01-28 08:22:18,1,1,0,课水分低
71753,2743,许正平,2018-01-29 02:38:35,5,6,1,什么都学不到，给分也不咋地外院的同学别来了。
71793,1824,张伟,2018-01-29 03:14:45,7,8,1,模电实验的张伟！感觉老师是个深藏不露的高手，很有工程师范，就是有点佛系了，一学期下来也没听他说过实验报告要求?
71873,1789,王伟,2018-01-29 05:00:54,5,6,1,复变函数王伟，老师真的超萌！
71894,1416,沈晓红,2018-01-29 05:12:51,1,2,1,很有趣的通识，两篇论文，很好的老师，绩点4.8，只要用心，就有回报。超赞的！
71942,3442,杨云梅,2018-01-29 06:24:18,6,6,0,我不希望我到浙大来就是骑车跑到这样的课堂上水水手机然后期末考试也水水写又长又臭的文字然后为了得到学分。
72050,415,丁世平,2018-01-29 09:03:59,4,5,1,满分满分，人和蔼可亲，讲课语速适中，发邮件基本秒回，很平易近人。
72134,1416,沈晓红,2018-01-29 12:21:55,1,1,0,医学心理学。老师讲课喜欢举例子，用生动的例子来阐述一些复杂的定义，让我们易于理解，给满分!
72140,1789,王伟,2018-01-29 12:27:38,13,13,0,喷医学院的王伟老师的医学心理学，一进门就给我们每人发15面的心理问卷，还要填个人电话号码等私人信息的。感觉不舒服就没写，结果第二节课又强调要写了交上来，说什么不写的话，“顶多扣一次平时分”。听说写了的同学都接到他的短信还是电话邀请去做心理实验，真的恶心。讲课一下跳过十几几十张ppt，课后根本没办法整理哪些要重点记。最后给我们划了重点但是说的巨快，没听到的一个重点出了大题。真的无语。
72148,1451,夏大静,2018-01-29 13:03:48,4,5,1,男女老师上课都很认真啊 考试题目ppt上都有 认真听课没有什么难的?
72150,1451,夏大静,2018-01-29 13:07:23,3,5,2,老师备课很认真，很nice的老师，男老师真的科学精神满满，夏老师气质很好，上课知识面很广，虽然不是医学生，但是收获很大。
72192,79,卢韵碧,2018-01-29 14:12:57,3,5,2,老师PPT里的三个笑脸，满满都是爱啊
72257,611,李仲杰,2018-01-29 16:02:43,-9,4,13,特别帅！
72260,1366,马丽琴,2018-01-29 16:03:57,1,1,0,讲得很清楚！
72262,3482,陈莹莹,2018-01-29 16:05:30,1,2,1,温柔，讲课好，给分好！
72265,954,王琳琳,2018-01-29 16:07:10,1,1,0,又漂亮又温柔，讲课很清楚，爱笑又负责。
72268,3475,康利军,2018-01-29 16:10:17,1,2,1,讲得很清楚！很帅也很负责！上课会放可爱的小视频！
72310,1824,张伟,2018-01-30 01:34:46,-3,0,3,辣鸡，给分
72330,2303,祁鸣,2018-01-30 02:14:43,1,2,1,基因组医学99...
72392,1451,夏大静,2018-01-30 04:51:27,26,32,6,放假有时间了来详细评价一下老师。老师之前是9.25，现在评分降了。\n\n首先我打了8分，老师给我的是3.3分´_>`。\n\n我绝对是实话实说！老师讲课很认真，备课很用心，这我想大家无论分高还是低都必须承认的。搭班的男老师讲的也很好，认真听真的能学到东西！上课氛围很轻松！不过我也承认我作为学生上课是没有认真听的，所谓水课吧。我觉得给老师高分还是应该的，要客观一点嘛！但是大家观点不同有的人侧重给分，打低也是无可厚非，毕竟我被拉了均绩也很难过QAQ。\n\n课上只有一次展示算作作业吧，没有回答加分，真的很闲了可以说，展示的分数我也不知道是多少，希望以后可以公开吧。\n\n最后的考试有几题很偏，我没写出来，但我认真复习了，ppt看了，书也看了所以我知道ppt上都有，但是我没有打印出来，我只抄了我认为重要的，所以over了。\n\n因此考试我给的忠告以这次考试而言，无论如何要打印ppt，即使你觉得某几页很偏。所以我扣了2分是因为有几题限制太大，你看了也许记不住甚至不会去记所以只能印ppt抄，也许这是为了区分，但是我觉得这也不算是很好的考察学生能力的方法吧。也许以后可以出一些开放题，没有ppt至少可以写一点。这只是我的一点小小意见而已啦轻喷(*/ω＼*)。
72512,4984,王良,2018-01-30 09:18:04,6,6,0,上形态学解剖部分虽然经常说“这门课很枯燥”、“我可能讲得不太好”但是觉得讲得挺清楚的，ppt内容比较多，也很清楚
72579,3069,柳华,2018-01-30 12:37:18,2,4,2,柳老师下课迟，但是我知道，她是希望我们能够在课上多掌握些知识。
72634,3405,沈颖,2018-01-30 14:43:47,4,4,0,呵呵呵
72639,3405,沈颖,2018-01-30 15:04:28,4,6,2,考试很简单，书PPT上都有答案，自认为都做对了，这次自认为论文一般，但没有想到2.7，学期绩点最低真让人心痛，之前觉得老师讲课很好，但是现在后悔选了
72643,3405,沈颖,2018-01-30 15:10:51,8,9,1,论文有认真写 上课有积极回答问题 开卷考试自认为都做对了 最后连均绩都没上也是不懂…
72686,3405,沈颖,2018-01-31 01:28:16,7,11,4,老师不错，但是给分比较迷。认真听课，论文也写的挺多，上课回答问题，考试写挺多，最后3.3\n\nemmm
72726,1789,王伟,2018-01-31 03:36:07,12,13,1,医学院老师上课很水，论文认真写，每节课都到，结果绩点1.8
72782,2436,余海,2018-01-31 05:29:47,2,2,0,老师博学多才而且很可爱 能学到很多 对于医学生 真的可以学到医者是什么 医学是什么
72825,2069,汤慧芳,2018-01-31 06:41:19,-1,1,2,话说为什么还不出成绩
72881,2176,王会平,2018-01-31 08:52:27,9,9,0,认真上课...\n\n还不如作弊的成绩高...\n\n
73122,4286,蒋磊,2018-02-01 03:09:15,0,9,9,超级好的老师，和学生闹得很欢，问问题都会回答，给分尽可能给高分。
73158,3442,杨云梅,2018-02-01 04:56:10,0,2,2,哎 给分奇低
73189,2377,黄朴,2018-02-01 06:30:02,1,6,5,笑面虎，表面笑嘻嘻，实际坑你mmp
73216,2377,黄朴,2018-02-01 07:32:08,4,8,4,展示要怼你
73283,3442,杨云梅,2018-02-01 09:20:31,3,4,1,课上会从不同方面解读老龄化，内容还是有一定现实意义的，认真听能有不少收获。但是给分很迷…每次点名都有到，课上展示也做了，期末考也很认真地答了每个问题都写得很长，最后只有3.6。想学到东西并且不太在乎绩点的可以选…
73294,3854,孙启明,2018-02-01 09:37:28,4,4,0,很萌很好的老师
73297,3078,陈晓,2018-02-01 09:41:26,0,1,1,老师简直人超好啊！上课会讲故事给分还很好！
73315,1880,赵璐,2018-02-01 10:09:35,9,13,4,表示很佩服老师对通识课的精准定位，可能很多老师都没有认清通识到底是为了什么才要不就水，要不就给分差上的还不清楚，赵璐老师我觉得很注意让我们在课上锻炼展示的能力吧，文科生表示从老师身上也可以学习到很多，对医学生物学的同学帮助当然更大，给分真不差，不知道老师怎么做到的，开心O(∩_∩)O
73409,2377,黄朴,2018-02-01 13:56:55,0,2,2,讲课认真，给分公正。
73547,3616,邓红,2018-02-02 03:01:12,1,1,0,老师很和蔼可亲，会讲很多case，重点也很突出
73559,2728,竺可青,2018-02-02 03:26:56,8,9,1,老师很和蔼可亲 深入浅出 重点明了 很棒
73562,3616,邓红,2018-02-02 03:35:40,2,8,6,我服刑了十年，现在出狱了，看到这个绩点，我深深的吸了一口我手中的烟，然后掏出电话打给监狱长，笑着对监狱长说，明天早饭给我留着，微辣，别放葱，晚上派人接我回来。我要搞大事了。还有房间不要换，住习惯了，
73563,1144,孙百强,2018-02-14 07:17:52,7,8,1,我服刑了十年，现在出狱了，看到这个绩点，我深深的吸了一口我手中的烟，然后掏出电话打给监狱长，笑着对监狱长说，明天早饭给我留着，微辣，别放葱，晚上派人接我回来。我要搞大事了。还有房间不要换，住习惯了，
73566,1019,郑莲顺,2018-02-02 03:46:48,-14,7,21,xx级的各位能不婊了吗？不管你是1.5还是5.0 不都是自己一步一步得到的或者造成的 过度解读别人有什么意思 那么功利感觉还像高中生那么naive  别让后人看笑话好吧？
73580,1556,王鑫慧,2018-02-02 04:13:18,2,3,1,课挺水，给分基本就看展示，看得出来老师上课认真准备了，我和认识的几个人都被正态得比较惨。
73601,1756,杨敏,2018-02-02 05:24:26,3,3,0,虽然我是2.7，但老师还是好老师。
73805,2436,余海,2018-02-03 06:21:18,10,12,2,我只能说，对于文笔不好的人还是不要选了……课堂很有趣，也从来不点名，但是作业只有两次，成绩就从这两次里决定，太难了（尤其是对于我这种根本不会写论文的人来说QAQ）哎，还是选自己感兴趣的课吧，不要老听别人xx课有趣好玩就跟着去上，还是听自己的吧
73898,1451,夏大静,2018-02-03 11:52:02,3,5,2,2.1hehe
73943,1611,章军,2018-02-03 16:39:03,1,1,0,拉了我0.2均绩，仅供参考
74134,494,詹金彪,2018-02-05 14:40:48,2,3,1,没人打分我来给个分\n\n
74272,3588,姒健敏,2018-02-08 15:30:38,2,2,0,水的不得了
74287,4278,赵经纬,2018-02-09 08:08:53,2,3,1,。。。。。。。。。。。。
74298,1437,周韧,2018-02-10 02:37:17,5,5,0,绩杀a
74330,1437,周韧,2018-02-11 07:47:18,4,6,2,如果仅仅是听老师讲会感觉有点乱的，最好根据课件内容去查一查文献，仔细看看会发现很多关于医疗时间、法学、伦理有趣的事实，针对老师上课提出的问题写论文就好啦\n\n有一次讨论课，会点名上去，最后一次课上会留半小时小测下，题目不难，有ppt就行，开卷，烤柿粥开始之前交一篇论文。\n\n不水，能学到很多，医学新生也没开始学专业课，所以不是医学专业又怎样？对于大家来说都是新的知识
74391,1824,张伟,2018-02-17 13:04:11,1,2,1,模电实验是按等级给分的，最高只有4.5。希望拿不到满意分数的同学好好反思一下自己平时实验报告有没有认真做，考试前有没有好好复习过，不要黑张老师。张老师人很不错，上课讲解也很到。\n\n
74410,3405,沈颖,2018-02-20 01:38:51,-4,2,6,喜欢老师上课，最后绩点4.2不如想象中高，可能因为是文科生吧。考试比较简单，答案都在课本和课件上。另外虽然老师不准，但上课还是可以偷偷玩手机的，不过电脑可能就拿不出来了
74478,2211,陈一芳,2018-02-27 13:50:12,0,0,0,超级棒！
74512,4278,赵经纬,2018-03-02 15:35:27,3,5,2,我是qxr，这个老师上课超好，讲的很详细，我认识的人（包括我）都满了
74519,4278,赵经纬,2018-03-03 01:27:59,1,2,1,前几天有人冒充本人qxr在此发恶作剧帖，请勿相信。
74556,1556,王鑫慧,2018-03-03 12:10:22,4,4,0,很水，事很少，最后小组展示积极提问问题就行
74615,3069,柳华,2018-03-04 23:11:14,-1,0,1,相当棒！
74665,623,朱善宽,2018-03-05 04:50:33,0,0,0,愧为人师，不尊重学生
74720,4906,谷岩,2018-03-12 05:51:42,9,21,12,ppt拟人化
74762,1019,郑莲顺,2018-03-05 23:26:25,4,4,0,是一种享受
74838,4814,吴晶晶,2018-03-06 05:34:11,-3,2,5,水平不行啊，ppt全靠念
74841,2728,竺可青,2018-03-06 05:42:37,14,15,1,很有逻辑，普通话超过浙江大学老师平均水平，对课本有了解所以能给我们讲解清楚，而不是自诩专家根本不看课本上课漫无边际地讲，但是竺可青老师又不局限于1课本，深入浅出，符合我的知识水平和逻辑规律。\n\n甚至会举例题，毕竟男神可是协和出来的23333
74852,1437,周韧,2018-03-06 06:16:08,-2,3,5,等级制有点坑...但是最后认真写论文绩点不会低的!!写了3000字论文，绩点4.5，反正是我最高的一门通识~
74867,1880,赵璐,2018-03-06 07:06:40,0,3,3,老师萌萌哒超级棒～生命科学新发现概论 平时上课挺有意思 没有考试 两次简单的小展示就好了（第一次有主题第二次自选主题）老师分组会文理搭配 很照顾文科生啊超有爱超友好～ 最后一个几百字的课程总结及建议，超省事儿！既有料又不烦！给分也不错呢～
74914,774,华金中,2018-03-06 11:20:17,3,3,0,讲课感觉挺尽心的
74962,3116,赖蒽茵,2018-03-12 00:19:51,11,11,0,小赖养成了我上课水手机的习惯
74972,4906,谷岩,2018-03-26 08:02:01,10,19,9,我给了10分，把ppt一字不落念下来不容易
74973,4906,谷岩,2018-03-07 01:53:03,-2,9,11,念PPT我也会偶\n\n
74995,4906,谷岩,2018-03-19 08:19:04,0,9,9,把ppt带上拼音   小学生都念得比你6
75008,4906,谷岩,2018-03-07 03:27:34,5,14,9,讲的是什么玩意？这生化上的稀碎稀碎的，读PPT还没感情，该快慢，该慢快，?希望生化能过
75044,1573,施卫星,2018-03-07 06:30:10,1,1,0,给分太低
75093,623,朱善宽,2018-03-07 10:24:10,-5,2,7,实用营养与保健，有干货，给分好，偶尔几次抽点到，最后大作业认真做4.5.事不多，课可水.
75094,2364,包爱民,2018-03-07 10:27:30,1,1,0,神经科学这门新生研讨课很有意思.干货很多，每节课老师不同，有几个老师讲的很不错，没什么作业，小组展示认真搞就好，平时水水也没什么问题，给分也不错.
75246,1756,杨敏,2018-03-08 06:56:37,2,2,0,跟我想的漂亮不一样 但人不错
75281,1573,施卫星,2018-03-08 12:17:31,1,1,0,emmmm
75356,2303,祁鸣,2018-03-09 07:07:05,2,3,1,不听课你也可以满绩的好老师
75445,4906,谷岩,2018-03-12 05:10:13,-3,9,12,最受不了的是把20个氨基酸的数据全部念一遍。\n\n（Anosa，有什么在校内老师匿名评价系统里面发表恶臭言论的必要吗？削除，请。
75471,4906,谷岩,2018-03-14 01:54:23,25,37,12,老师其实不错的，那些说老师上课无聊的，你知道他为了认对ppt上面的每一个字付出了多少努力吗
75472,4906,谷岩,2018-03-12 07:49:34,-2,7,9,非常好玩
75473,4906,谷岩,2018-03-12 07:54:43,1,12,11,念ppt都还会舌头打结
75475,4906,谷岩,2018-03-12 08:36:42,9,16,7,我看到了你，想起了卓别林
75476,4906,谷岩,2018-03-12 08:44:47,7,14,7,美美睡一觉，醒来自习吧
75603,4286,蒋磊,2018-05-29 06:07:45,-4,7,11,好好好好
75626,1532,胡小君,2018-03-14 07:55:55,3,5,2,老师上课特别认真，很可爱的老师！
75698,4650,卓巍,2018-03-15 07:33:41,18,26,8,不错的（上完谷岩的课看什么老师都眉清目秀了）
75707,4650,卓巍,2018-03-15 09:06:20,5,7,2,好帅！！！讲课也很认真，笑起来超好看，而且很温柔。上课的时候很认真，下课会讲些好玩的事情，太可爱了
75708,4650,卓巍,2018-03-15 09:06:32,12,17,5,老师很帅_(:3」∠)_讲课挺认真的，ppt有迷之音效。
75712,4650,卓巍,2018-03-15 09:35:25,5,8,3,老师很年轻帅气，虽然说话疙瘩比较多但是思路很清晰，个人理解是语速跟不上他更快的思维。
75732,4650,卓巍,2018-03-16 00:50:42,12,21,9,卓巍老师超帅的！上课很有魅力 温文尔雅的那种 可能没有那么有激情但是赏心悦目～
75744,4650,卓巍,2018-03-16 03:49:59,3,5,2,老师好帅啊好帅啊好帅啊细生都认真听了！
75750,1191,陈学群,2018-03-16 06:56:48,0,0,0,听完难过
75756,4650,卓巍,2018-03-16 11:35:57,30,38,8,超级帅啊！低头霍建华，抬头刘烨！长得帅讲什么都好听！
75783,13,张咸宁,2018-03-18 02:25:51,3,3,0,所以我想去非洲打犀牛
75792,2105,杨芊,2018-03-18 09:58:27,14,17,3,控制欲太强
75800,2436,余海,2018-07-17 07:04:32,-41,5,46,心胸邪恶 社会毒瘤
75999,5117,陈辰星,2018-03-23 12:42:57,0,0,0,超有趣很可爱
76005,4906,谷岩,2018-03-24 05:00:37,3,6,3,特别烂\n\n
76072,3284,夏强,2018-03-26 07:41:18,2,2,0,有点晕~
76077,2453,骆严,2018-03-26 09:00:32,18,20,2,alright？
76198,4650,卓巍,2018-03-29 01:47:43,4,8,4,男神老师又帅又温柔讲课又好 突然喜欢上细生课了呢——from小迷弟
76206,2472,李晓明,2018-03-29 04:01:32,-17,9,26,太差了
76214,2377,黄朴,2018-03-29 05:55:07,-1,6,7,表面很和善，实际特别刻薄，实验报告写那么认真给分还不好真是醉了
76224,1756,杨敏,2018-03-29 09:33:34,1,2,1,老师非常nice，口语也很棒，同学不会回答问题，老师也是循循善诱，有耐心到让人心疼。上课能学到很多知识。
76288,3734,贾红蕾,2018-04-02 05:43:13,0,0,0,AA姐
76303,2453,骆严,2018-04-02 09:07:02,44,49,5,跑马拉松前积累了一公斤糖原 第二天睡过了忘去跑了 于是成了板油
76346,2746,李秀央,2018-04-04 01:45:24,3,6,3,听说加了上机考试
76353,2453,骆严,2018-04-04 04:03:19,16,18,2,Homeostasis
76357,1470,胡济安,2018-04-04 06:11:28,10,12,2,呵呵，压榨同学时间，咋不从早上到晚呢？咋不只上口病一门课呢？
76358,3284,夏强,2018-04-04 06:14:49,2,2,0,不知所云 讲课太无聊 没逻辑
76401,2973,张晓明,2018-04-07 16:15:16,14,16,2,必须好好学习，不然还不起十万美元的贷款
76402,2973,张晓明,2018-04-07 16:16:12,26,30,4,这个我又不懂啦\n\n你又来骗我了\n\n昨天晚上10点你在干嘛\n\n这就是著名的…吧啦吧啦\n\n终于有个明白人
76416,1451,夏大静,2018-04-08 13:01:40,24,54,30,她上课说了一句：我不歧视同性恋的人，他们有病也很痛苦的。
76428,3116,赖蒽茵,2018-04-09 03:56:55,9,9,0,再忍忍，马上就下课了。
76469,4906,谷岩,2018-04-10 10:08:41,-2,8,10,真的，重点分明。\n\n尤其是现在上过另一个老师的课后，我很想念他！！
76471,710,欧阳宏伟,2018-04-10 11:00:30,-1,6,7,每节课都要做ppt，而且提问加平时分
76482,4278,赵经纬,2018-04-11 01:07:26,3,4,1,上课两小时，偏题乱侃一小时
76485,2146,余运贤,2018-04-11 02:21:07,1,2,1,能更无聊点吗
76491,2567,李继承,2018-04-11 05:56:01,0,0,0,。。。。
76496,1802,鲁林荣,2018-04-11 10:51:30,7,7,0,最喜欢的免疫学老师！超可爱
76514,2746,李秀央,2018-04-12 02:55:47,17,28,11,不知道哪里来的那么高分？之前一直不用上机，然后学期过半才通知说要上机考？？？学生手册上明显写着的规定「第一节课就应该明确考核标准」无视掉我就搞不懂了。
76530,1573,施卫星,2018-04-12 11:41:35,1,1,0,讲课挺差的\n\n难道除了“启发式教育”以外 ，不表达自己观点就能上一学期的课？实在泛泛而谈。\n\n书也写的一样差，令人有所启发的、有“理性”的分析很少。\n\n不是要听标准答案，只是能不能不要只讲故事。
76585,2453,骆严,2018-04-16 01:28:27,2,3,1,emm
76596,2746,李秀央,2018-04-16 06:07:41,12,19,7,学期过半说要机考，NMB
76625,2436,余海,2018-04-16 14:08:13,-28,3,31,真的是 玩弄权利 不搞实际 这种老师 寄生虫
76651,2453,骆严,2018-04-17 07:19:54,12,14,2,all right\n\nhomeostasis
76667,3116,赖蒽茵,2019-01-02 16:51:35,6,6,0,为什么没有零分
76668,3116,赖蒽茵,2018-04-18 02:07:09,1,1,0,上课不知所云。。给个平均分不能再高了
76817,1789,王伟,2018-04-24 05:31:01,2,3,1,数学系王伟 imo金牌不解释
76836,314,那仁满都拉,2018-04-24 10:15:17,0,1,1,虽然这门课主要是以水为主，但是老师会加入一些病例个案，将医学知识与水课题相结合。除了能学到水的重要性，也扩展了对病例的认识。老师也非常喜欢和学生互动，整堂课下来不会感觉枯燥乏味，特别棒的一门通识课\n\n\n\n
76863,5179,Therese Hesketh,2018-04-24 16:55:03,-4,1,5,给何老师点个赞～
76864,2973,张晓明,2018-04-24 16:55:49,8,10,2,两眼一抹黑，我什么都不懂 反正闲着也是闲着，我们就来讲一下（人生） 你看我几十年前的东西都记得 你们在说啥，我怎么都听不懂 很呆萌的老师，和同学互动超级多，上课很有意思
76902,314,那仁满都拉,2018-04-25 13:02:59,-1,2,3,那仁老师是我在浙遇到的最好的老师，能给人带来正能量，上了他的课收获很大，很喜欢他的上课风格
76923,1880,赵璐,2018-04-26 03:36:55,1,5,4,我的天，神仙老师，课上得好，事不多，给分还好，不选不是人啊兄弟
76925,1880,赵璐,2018-04-26 03:51:04,3,4,1,太棒啦!
76927,1880,赵璐,2018-04-26 04:04:55,22,30,8,不发言就等着被绩杀
76954,611,李仲杰,2018-04-26 12:52:11,-9,6,15,思路清晰，人很和蔼，男神！
76971,314,那仁满都拉,2018-04-26 16:54:30,-1,3,4,老师是真的好老师！！！不过就是课堂80％的留学生，有点吵。。最后是两千字的作文，英语写恶竞了解一下？
76988,2356,沈毅,2018-04-27 08:29:38,5,6,1,zb加油
76993,1059,王福俤,2018-04-27 13:05:12,3,5,2,留作业是真的难搞，要求一浪接一浪，以自己的要求为准，希望像楼上说的，老师别再出现了，助教还是很ok的
77007,4510,陈翠苹,2018-04-28 07:10:30,7,8,1,老师长得好看，人也还不错
77046,2746,李秀央,2018-04-29 07:25:54,1,2,1,☺☺☺
77047,2146,余运贤,2018-04-29 07:35:33,0,0,0,上课不知所云，PPT不知何物
77132,2337,陈玮,2018-05-02 13:56:35,9,9,0,贼漂亮
77185,5117,陈辰星,2018-05-03 12:02:16,0,0,0,严重不走心，呵，旧社会老师，卖萌倒是挺能的啊
77195,2105,杨芊,2018-05-03 13:58:51,2,7,5,老师挺好的，就是今年这个班有个吴同学简直是个奇葩
77227,1880,赵璐,2018-05-04 03:52:48,11,14,3,血的经验告诉大家...没发言的都奇低
77231,1144,孙百强,2018-05-04 04:55:16,0,0,0,老师人好，但是口音很重，听起来很费劲，教学思路没有那么清晰，我基本上课没听，全靠自学，97分，学起来真的很累，但是没办法只能上他的课的同学加油，自学是局解最重要的。还有历年题思考题很重要，问别的班级要吧。这个老师改卷还是很仁慈的
77281,3190,周婧,2018-05-04 10:06:49,7,8,1,表白美美的周老师
77384,2973,张晓明,2018-05-05 08:01:24,4,4,0,知识点讲解具体生动，有耐心，还会给我们讲一些拓展的内容，老师十分有趣
77385,2973,张晓明,2018-05-05 08:08:23,7,9,2,炒鸡有意思的老师 每次课前必有小演讲 灌一堆不是鸡汤的毒鸡汤 简直笑死 每当接受晓明灵魂拷问时 我已经不知道我是谁了 最后一次课拍微电影 晓明无数次摸着自己的胸向我们炫耀他那件崭新的白大褂哈哈哈哈哈哈哈
77412,2105,杨芊,2018-05-05 12:21:43,-1,4,5,老师说是最后一学期开课了 有点可惜 很好玩呀
77426,3694,陈光弟,2019-07-17 06:24:21,-57,2,59,棒棒哒
77477,2973,张晓明,2018-05-06 02:56:55,6,6,0,每周爆笑课堂～每次被问得很惭愧啊\n\n晓明语录之\n\n你看你看你看……你们看起来什么都不知道的样子\n\n这位同学你昨天晚上十点半在干嘛？\n\n好好学习，将来生活比蜜甜啊\n\n打开胸腔，我和同学们一样，两眼一抹黑，知啊不知道的，但是我们记得张老师（对就是说他自己）说过，blablabla，所以我们就来解剖了……\n\n
77481,2973,张晓明,2018-05-06 03:31:22,4,5,1,上课即关于人生的探讨啊，我真的受益匪浅，明白了 融会贯通，人要有特长。当然专业知识也讲得很清楚，很系统有条理。
77498,2973,张晓明,2018-05-06 04:44:29,5,5,0,每节课前一个人生经验分享，上课幽默风趣，擅长与同学互动，基本是睡不着的。给分很好，好好学都会有高绩点的哈哈哈！大概是上过最棒的专业课了。
77542,2105,杨芊,2018-05-06 11:17:43,4,7,3,感觉老师讲课还行吧 建议加快下语速 不然有点生硬 可能对积极心理学并不是特别感兴趣 但团辅课很有趣啦 最后的表演什么也很好玩 给分还行吧 虽然感觉不算高 J类课不强求了
77549,1573,施卫星,2018-05-06 11:33:20,3,3,0,老师上课能将一句话扩充成一个故事，能饱满而又热情地持续讲整整三节课（不下课），下面的同学都没怎么听? 感觉认真学还是很有意义的一门课程。
77638,2630,陈明法,2018-05-07 04:25:43,3,3,0,令人尊敬的好老师
77670,2356,沈毅,2018-05-14 14:28:16,-1,1,2,感谢老师不挂之恩\n\n
77701,2356,沈毅,2018-05-07 10:36:08,1,2,1,Otus棒棒哒！
77705,2952,孙秉贵,2018-05-07 10:41:52,2,2,0,...
77754,1287,杜亚平,2018-05-07 14:17:47,9,11,2,3.0的送我上去xxxx
77755,1287,杜亚平,2018-05-08 15:13:57,7,7,0,嘤嘤嘤\n\n
77756,1287,杜亚平,2018-05-08 15:14:01,7,8,1,嘤嘤嘤
77783,1287,杜亚平,2018-05-08 00:05:48,3,3,0,无话可说了成绩出来气死好吧
77788,1287,杜亚平,2018-05-08 00:22:49,3,4,1,3.0被气乐了
77804,1416,沈晓红,2018-05-08 02:09:54,1,2,1,老师好温柔，从来不点名。考核就是两篇与心理相关的论文，给分很棒！
77826,2356,沈毅,2018-05-08 04:05:38,-2,0,2,老师人很好啦！助教小姐姐人也很好！
77882,623,朱善宽,2018-05-08 10:42:53,3,3,0,老师讲话几乎没声音，前排都不一定听得到，每节课小测，一个作业，没有考试，认真听的话内容还不错，给分不好，很水
77883,1366,马丽琴,2018-05-08 10:46:36,6,7,1,不疾不徐，娓娓道来
77907,2746,李秀央,2018-05-08 12:34:16,3,8,5,太棒了 给分不能再好
77909,2746,李秀央,2018-05-08 12:40:11,-2,10,12,虽然李老师上课有点儿口音，但是努力听还是可以接受的。老师很负责，群里答疑，平时上课经常会总结一些知识点。\n\n另外，增加机考是统一决定的，大家都这样，何必怪老师？\n\n最后，表白助教姐姐，上机课超有效率！
77926,1287,杜亚平,2018-05-08 15:15:16,4,4,0,我合格啦?
77933,623,朱善宽,2018-05-08 15:47:17,5,6,1,真的是醉 次次课都到 每节课基本都有作业 最后写了一千多字报告 给正态掉了？课很水 但是给分太差了 也学不到东西 不在乎绩点的可以来水个1.5学分
77944,1756,杨敏,2018-05-09 01:46:05,27,40,13,楼上各位应该评错老师了，这位是医学院的杨敏老师，你们应该去另一个外国语学院的评，这位杨老师也很漂亮温柔，上课好好听课有收获的，最起码帮助我减肥平衡膳食，但是，真的，给分太迷了，我都不知道他们到底标准是什么，我辛辛苦苦每节课第一排，最接近老师的地方，不说100%听课，也有80%认真听课了，我觉得我比大部分人都认真，比那些上课说话的留学生好很多了，每次作业认认真真，结果最后八十几分，考核方式是每节课的小作业很简单，期末是课堂大作业，允许查手机，给自己的膳食评估加合理建议，但是实在不明白，我为什么分那么低，九十分是给谁了？感觉努力与成绩不成正比，给8分了，另外两分敬我的绩点
77957,1556,王鑫慧,2018-05-09 03:13:31,4,6,2,每次作业都做得很认真很精心，最后展示也被老师夸很好，问题也都回答出来了，还有bonus time加分，然而出来的分数emmm…以及 为什么要另一个老师挂名上课啊 感觉受到了欺骗
78003,2746,李秀央,2018-05-09 04:40:04,0,3,3,给分挺好，考试形式还可以吧
78037,1092,沈岳良,2018-05-09 05:44:25,-7,4,11,水透了，基本全让同学展示，还说“好老师都是自己不讲让别人讲的”，基本全靠自学，平时展示基本是同学互相评分，都评的不高，所以平时分就先扣了。期末考简答题88分来自于同学出题，背出来答案再加一点自己的理解就行，选择题12个都是超纲题，基本靠蒙，老师不说选择题范围，只说“不要纠结，肯定让你过”。过有什么难的？绩点呢？？期末4.5，不好不差，想上4.8或者5.0比较困难。
78050,2746,李秀央,2018-05-09 07:08:55,2,5,3,上机两个题20分，方法用错按理应该扣10分，最终4.5，感谢啊，很认真！
78079,1556,王鑫慧,2018-05-09 09:02:09,1,3,2,给分完全看运气，有很多乱加分的项目，我们小组展示很用心准备，我每次作业都交，每次课都去，最后展示时还积极提问，最后绩点只有3.3，呵呵，不知道别人分是比我高在哪里的
78081,710,欧阳宏伟,2018-05-09 09:10:00,-6,4,10,有点辛苦，但是很锻炼能力。
78106,1092,沈岳良,2018-05-09 10:34:09,0,2,2,老师人很好，虽然没怎么讲课程内容，但讲的东西还是挺有趣的，百度百科有点伤就是了。，。点名发红包，我赚了一顿中饭。
78123,2105,杨芊,2018-05-09 11:59:02,-3,4,7,非常棒的j类课，最后绩点虽然并不是很高，但是学习体验真的极佳，团辅课上课体验我给满分~
78210,2556,陈建忠,2018-05-10 04:07:25,2,3,1,老师给分非常棒，PPT也很有条理。最后一次课会带着过一遍知识点并划重点。实验课很认真。
78217,2356,沈毅,2018-05-10 04:37:26,0,1,1,老师上课不用话筒声音真的小，导致我上课经常走神，但是课讲得还是很努力的，助教小姐姐非常 nice！！！
78246,969,焦晶晶,2018-05-10 07:17:31,-3,3,6,营养与健康新观点的老师，讲课内容很有意思，作业不多，就最后展示，给分还不错
78260,2973,张晓明,2018-05-10 08:38:18,0,0,0,太有意思了哈哈
78266,2758,赵鲁杭,2018-05-10 09:24:17,3,4,1,老师很凶~太凶了
78290,4278,赵经纬,2018-05-10 12:58:56,3,3,0,那个说我满了的，还没删？！我也是醉了。。。。老师还是不错的，人很好。希望老师越来越好。
78359,1416,沈晓红,2018-05-11 05:48:51,0,0,0,老师上课不点名，而且很温柔。心理卫生是交两篇论文，可能结合生活实际会好一点。总之挺好的，上课讲的内容也要多听听，写论文前可以拷一下ppt。
78380,2746,李秀央,2018-05-11 08:00:32,1,7,6,作为一个均绩没有四的学渣，统计学给了我第一个满绩|･ω･｀)感谢老师手下留情
78383,1416,沈晓红,2018-05-11 08:16:48,4,4,0,讲话温柔认真负责。可听可水。我一般作业不多就听课，作业多写一会儿听一会儿…老师会讲很多例子，所以听起来还是挺有趣的。两篇论文都有结合自身的部分，比较容易下手写，根据我和我室友的经验来看，老师比较喜欢结合自身好好谈的，不太喜欢纯摆理论。感觉是对文科生很友好的一门K类了~推荐！(还是M来着…)
78399,594,徐立红,2018-05-11 09:47:43,3,3,0,妈妈一样的老师，最好的老师！没有之一！！！而且生化学习就是靠自己的吧？老师已经做的很好很好了！！！
78405,623,朱善宽,2018-05-11 10:55:04,5,5,0,这个给分 我就想知道我自己认真写的微信素材以及小组第二的组长打分值什么 要不要清醒一点 恶心到我了
78418,611,李仲杰,2018-05-11 12:44:43,7,9,2,事儿逼
78435,1416,沈晓红,2018-05-11 17:23:41,0,1,1,老师讲课很有内容，也不枯燥，很有趣，两篇论文我都是写的自己的想法，有点像作文的感觉，期末要求是2000字还是多少最后写了3500，因为感觉是作文就写的很顺，最后4.2～很推荐这门课了，认真听蛮有收获，不想听好好写论文分数也好看
78457,314,那仁满都拉,2018-05-12 04:32:46,2,6,4,老师非常棒o(^o^)o以三次签到的方式点名，签到表会在他上课的时候在同学之间传，要留意一下或者下课之后去签；讨论和展示不计分，但是同学们都很积极地上台展示了；最后的论文，老师要求既要交电子版文档，又要交手写稿，鼓励用英文写。其实我的字很丑，当老师说他除了看内容之外还会看学生的态度，本来以为这门课又要凉了，结果出乎我的意料，给老师一个大大的赞?老师非常讨厌迟到的同学，同学们要注意不要迟到
78488,314,那仁满都拉,2018-05-12 09:33:56,-5,2,7,太好的老师了o(^o^)o满绩的我太开心了
78529,1789,王伟,2018-05-12 15:20:46,3,3,0,求求您医学心理学快出成绩
78531,1573,施卫星,2018-05-12 16:02:02,1,1,0,这门课一直在抛出问题，说实话也没有教我们到底要怎么去解决问题，大概是让我们自己思考吧。老师人还好，比较有激情。但是，给分，我真的不知道说什么了。摊手，很迷，看其他评论就知道了
78534,1573,施卫星,2018-05-12 16:26:48,1,1,0,给分坑
78544,2453,骆严,2018-05-13 01:11:17,3,5,2,骆老师超可爱的考试的时候说大家先拿到的不要开始写 等他喊开始再写，然后铃响了他真的喊了开始哈哈哈哈大家都笑出了声
78565,1573,施卫星,2018-05-13 06:17:38,1,1,0,给分很失望
78567,611,李仲杰,2018-05-13 06:22:34,6,8,2,这微课作业是有病吧？？？
78616,4906,谷岩,2018-05-14 01:29:31,38,44,6,我TM还以为是实现了人工智能的机器人在这上课
78617,4906,谷岩,2018-05-14 01:29:39,56,63,7,以后有了人工智能，第一个取代他。
78640,314,那仁满都拉,2018-05-14 05:48:21,-1,0,1,课上留学生很多，三次签到，一次展示，一次论文，最后给了满级，付出和回报还是成正比的，夏天大嘎多喝水哈
78679,1416,沈晓红,2018-05-14 11:33:52,1,1,0,在现在高压的生活下保持心理健康真的还是挺重要的，课上有讲到如何应对拖延症，有讲到大学日常生活中大家都会遇到的一些问题比如焦虑、人际交往，上课还有很多有趣的故事！两篇论文好好写的话给分很好！老师给人感觉经验非常丰富心态也非常好！强推！
78699,1416,沈晓红,2018-05-14 14:29:46,8,15,7,老师讲的是不错，但恕我直言王伟就是个辣鸡
78701,1789,王伟,2018-05-14 14:52:09,3,3,0,楼上清醒点 出了你还是要跳楼
78702,1416,沈晓红,2018-05-14 15:05:09,1,2,1,上课不太有重点\n\n心理学出分=凉凉
78704,1789,王伟,2018-05-14 15:05:55,5,5,0,医学心理学的王伟\n\n上课乱讲\n\n题目变态\n\n出分凉凉
78716,2722,许均瑜,2018-05-14 23:18:39,8,8,0,老师是女神，人好看，声音又好听，讲课有条理，上老师的生化课完全不想睡觉
78737,4080,杨巍,2018-05-15 02:38:20,0,1,1,超好的老师
78756,611,李仲杰,2018-05-15 04:54:17,5,8,3,匿名辱骂，逼事多，态度差，不负责任，任意指责抄袭
78781,969,焦晶晶,2018-05-15 07:01:36,2,3,1,拖课魔王……
78821,611,李仲杰,2018-05-15 10:37:22,4,7,3,在他之前，我从未有过讨厌的老师。
78861,1191,陈学群,2018-05-16 01:56:09,0,0,0,呵呵呵呵呵
78905,151,包家立,2018-05-16 11:44:34,-2,2,4,新生研讨课真的很好，可以学到很多东西，然后我是医学生，上了老师的课真的得到了很多启发，也算是对以后要走的路有了更多的一些认识。关于PPT展示也学到了很多，非常棒了。
78916,1789,王伟,2018-05-17 00:43:33,5,6,1,"作为一个医学院的老师，上课竟然说出了“劝人学医，天打雷劈""这种话来，有个屁的职业素养和师德啊，三观不正，更别说什么有用的都不说，全程抱怨医生这个职业多埋汰他了，纯正的一个社会上的loser，浙大存在这样的老师真是耻辱。"
78941,3284,夏强,2018-05-17 06:50:07,1,1,0,。。。。。。。。。。
78958,3694,陈光弟,2018-05-17 16:47:24,22,24,2,上课很无聊，没精打采的，总是扯一些很无聊的东西\n\n没什么重点，一大堆考点都不讲，还说要废了历年题
78998,1789,王伟,2018-05-20 01:01:50,5,5,0,医学院的王伟，真不知道这种人是怎么站上浙大讲台的。
79033,611,李仲杰,2018-05-21 06:47:51,3,5,2,原来还存在这种让人无法忍受的老师啊
79037,611,李仲杰,2018-05-21 07:26:23,2,4,2,辣鸡老师，傻逼中的傻逼
79038,2830,陈周闻,2018-05-21 09:16:30,-3,2,5,很好的老师，人很好，也就不太纠结绩点的问题\n\n
79076,3662,郑莉灵,2018-05-22 07:24:54,1,3,2,好困啊，讲很多书上没有的东西
79121,1451,夏大静,2018-05-23 12:07:03,7,7,0,www文科生感觉有点难
79127,2758,赵鲁杭,2018-05-23 15:00:24,3,3,0,超级烦，倚老卖老，脾气特别大，上课不讲重点，实验时能把整个教室骂个遍
79179,2758,赵鲁杭,2018-05-25 16:21:44,3,3,0,暴躁老哥
79184,849,严杰,2018-05-26 04:51:48,4,4,0,病原实验碰到张吉吉，呵呵呵呵呵呵呵呵呵呵，我服了
79225,2728,竺可青,2018-05-28 03:37:25,17,17,0,第一反应:卧槽不会是竺可桢老校长的家人吧！\n\n不过！\n\n竺男神终于有查老师记录了！\n\n必须男神啊嘤嘤嘤！\n\n长的好看懂的又多性格又好妈耶！\n\n(每节课旁边的妹子都在发花痴)\n\n上课条理很清楚！！\n\n还会举例子！有临床经验就是不一样！\n\n(把所有评论都点赞了一遍嘤嘤嘤)
79316,4906,谷岩,2018-05-31 02:01:21,14,18,4,谷大哥不得了
79374,4650,卓巍,2018-06-01 06:37:30,3,5,2,无心听课\n\n老师太帅了！
79379,3078,陈晓,2018-06-01 14:35:54,-11,1,12,垃圾玩意
79467,1191,陈学群,2018-06-06 03:06:42,2,3,1,非常分裂。一边让我们尽量来听课，一边说不想听就不要来。不来的话又要拍照，又说不会秋后算账只是威慑？？？喵喵喵？你的课可以讲的和戏一样好吗。作业一边说自己选择写或者不写，一边要求必须交。。。还让把复习题做好交上去看大家有没有抄。。好无语。。
79538,3069,柳华,2018-06-08 10:46:38,-1,0,1,很棒！
79558,2453,骆严,2018-06-09 08:01:50,4,6,2,骆老师棒棒哒
79560,2453,骆严,2018-06-09 08:12:32,4,7,3,棒棒的，知识渊博，思路清晰，对后进生很有耐心，中英文对照介绍游刃有余。
79561,2453,骆严,2018-06-09 08:42:42,2,2,0,很nice的老师呦~
79562,2494,邱爽,2018-06-09 08:42:48,5,5,0,思路清晰 非常好
79579,594,徐立红,2018-06-10 14:43:36,4,4,0,喜欢徐老师，自从换了别的老师再没有认真听过课
79583,3694,陈光弟,2018-06-11 00:44:46,12,12,0,一共两次课次次点名 有意思吗
79599,4650,卓巍,2018-06-11 06:05:03,1,3,2,真·无心听课！！！老师太帅了嘤嘤嘤可以花痴一整节课qaq可惜了我下学期预制竟然不是老师的实验哭唧唧
79604,3069,柳华,2018-06-11 07:50:13,0,0,0,很喜欢的老师，解剖比较难但是上课可以认真听
79651,4650,卓巍,2018-06-12 09:59:10,0,2,2,保佑我选上他的分子医学实验啊
79675,2453,骆严,2018-06-12 14:45:52,3,4,1,老师人很nice  认真准备上课内容 还很别出心裁地设计讲课方式，并鼓励大家思考～最后考试还会给大家准备小零食补充体力^_^
79727,314,那仁满都拉,2018-06-13 06:05:51,0,0,0,给分真心好！
79773,611,李仲杰,2018-06-13 12:20:08,1,3,2,sb老师
79777,2364,包爱民,2018-06-13 12:37:37,1,2,1,还没考试特地来评论！大脑与社会真的很有意思！对文科生很友好！真的学到了很多知识 而且也不枯燥，和社会现象结合的很好，老师还有一个推荐的电影清单！外教也很妙！
79820,1556,王鑫慧,2018-06-14 04:05:45,0,1,1,我居然一直以为王鑫慧老师是那个年轻的女老师(ー_ー)!!，原来是最后一节课的男老师。
79891,1645,余沛霖,2018-06-15 02:46:18,72,121,49,我想知道身边的毒物这门通识怎么样啊…要求和给分啥的…
79908,370,朱心强,2018-06-15 05:28:28,2,2,0,到现在还记得老师第一节课的自黑\n\n“说到公共卫生系，你们能见到的和我们最近的东西是什么呢？”\n\n台下“......”\n\n(ppt上:公共卫生间)\n\n? ? ?
80016,4510,陈翠苹,2018-06-19 04:04:11,0,4,4,军训不就是没参加合唱吗，为什么绩点这么低？？？军训很认真训了，寝室卫生也很好，没有旷过课？？？一年了还不认识很多了，特喜欢装嫩。
80179,1556,王鑫慧,2018-06-21 05:36:15,2,2,0,王老师挺好的，那个女老师真的事情多，原本上个学期室友选的说是只有一个期末的展示，结果这个学期两个老师还额外要求两个小作业，期末前一周才说清楚（女老师的作业），真的后悔当初没有早点退课。浪费时间还拉绩点。
80201,2830,陈周闻,2018-06-21 11:34:25,0,1,1,我翘了1节课就被点到了，1.8
80238,1880,赵璐,2018-06-22 09:34:28,5,5,0,耶鲁女神！人超萌超温柔超漂亮～课很有趣！事情也很少！好好做展示成绩不会差的！
80327,2105,杨芊,2018-06-25 06:59:58,14,16,2,课程要求太多，心理学像传销
80328,1437,周韧,2018-06-25 07:01:49,1,2,1,非常好的老师
80329,2105,杨芊,2018-06-25 07:02:01,14,19,5,emmmm，也就这样吧，上课照着ppt念，有时候还挺有趣，大部分时候一言难尽。没有朋友说的那么好，btw点名是肯定点的
80338,2722,许均瑜,2018-06-25 08:39:52,5,5,0,女神！上课特别有条理，讲得也有趣，看得出老师准备得超级用心！可惜满分只有十分
80341,2722,许均瑜,2018-06-25 09:01:11,6,6,0,讲的是真好
80351,2722,许均瑜,2018-06-25 11:57:45,5,5,0,很温柔可爱，生化课好棒的，类比的例子特别有趣又贴切
80370,2973,张晓明,2018-06-25 13:32:06,8,9,1,老师很有趣，但是人体结构的课我真的感觉要凉了，考试不是很会，即使是开卷考，本来的心得报告变成考卷，很伤心，考完试我来评论的，知道成绩后希望还活着
80374,2973,张晓明,2018-06-25 14:46:28,1,5,4,哈哈哈哈老师超棒，人体结构功能与健康是我上得最认真的通识课之一了!就是希望老师能够可以把通识课的考察设置得更合理一些，文科生做这个卷子有1..吃力Orz
80530,2436,余海,2018-06-27 12:21:12,8,8,0,老师超级和蔼超级棒的！听他上课自己完全不想水！除了论文难写一点完全没有缺点……论文对不学医也不学生物的同学好像是有点难度_(:з」∠)_\n\n然而这并不影响给老爷子满分！
80612,2743,许正平,2018-06-28 09:29:10,-9,3,12,收获很大，老师很好，给分意外的高。
80614,623,朱善宽,2018-06-28 09:57:23,0,0,0,干货少给分差，除了期末事情少没有优点
80686,370,朱心强,2018-06-29 06:45:55,0,0,0,非常好的一个老师，很和蔼，对学生很好\n\n
80687,831,刘伟,2018-06-29 07:05:48,0,0,0,很好zsbd
80736,3116,赖蒽茵,2018-06-30 05:21:49,6,7,1,上课胡言乱语，ppt前言不搭后语，这么胡乱的人为什么给2个月的课时，想念秉贵和东北小刘
80807,763,蔡挺,2018-07-01 09:08:38,3,4,1,上课睡着了哈哈哈哈哈哈笑死我了\n\n老师gaygay的我超喜欢
80843,1556,王鑫慧,2018-07-02 04:16:25,2,2,0,谢谢老师！最后四点五！
80871,2364,包爱民,2018-07-02 06:43:29,1,3,2,强强强推大脑与社会！是我最喜欢的一门K类啦～外教讲课nice，包老师中文翻译得也很到位，全程都认真听了，学到超多知识?每节课末尾，老师讲的对人生观的升华部分也很给人启发，假期打算去看《我即我脑》hhhhh事情少，两次随机小测＋期末闭卷考试，题目也不难，给分比较客观。
80883,2364,包爱民,2018-07-02 09:10:51,3,4,1,上课很有趣，难得有课可以让我一点不走神，就是不知道为什么绩点有点。。难看
80886,2096,罗依惠,2018-07-02 10:03:08,5,6,1,
80890,2364,包爱民,2018-07-02 10:53:27,3,4,1,上过最有意思的科技类通识了！！特别喜欢包老师和外教，觉得作为科普性大脑知识真的应该每个人都来上上
80910,1556,王鑫慧,2018-07-02 15:20:47,1,3,2,布置作业不清不楚，给分玄学，无语。
80924,1556,王鑫慧,2018-07-02 18:39:48,4,4,0,老师太好太温柔了吧！最后一节课一直留下来仔细听展示！
80972,1059,王福俤,2018-07-03 05:46:14,3,4,1,给分真的一般
81031,1880,赵璐,2018-07-03 11:20:41,1,2,1,营养与健康之艺术强推！事儿少分高
81034,2746,李秀央,2018-07-03 11:26:14,1,3,2,系统性强，条理清晰，耐心示教
81149,2436,余海,2018-07-04 07:07:40,8,8,0,老师很棒 现在分还没有出 但冲老师每次上课认真的态度就很喜欢他 适合所有医学和非医学的小朋友去选呀（虽然已经是大三老学姐了? \n\n 关于作业 一次期中的1000字手写论文 一次期末3000字电子版\n\n 关于点名 老师从来不点名 而且基本上都会给签条子\n\n 以上。
81217,1556,王鑫慧,2018-07-04 10:04:54,1,2,1,平时上课完全可以水，个人作业和小组展示好好弄就差不多了，最后一节展示课严重拖堂，教室里只剩下十几个人，老师结束还夸了一句能留到现在的都是好孩子，emmmm
81287,3694,陈光弟,2018-07-04 14:35:46,44,44,0,上课很无聊，考试反人类
81314,1756,杨敏,2018-07-04 15:56:57,0,0,0,真的好
81355,1756,杨敏,2018-07-05 01:59:23,0,0,0,讲课讲得超级棒 到大学这样负责的老师真的不多
81447,1756,杨敏,2018-07-05 06:11:53,0,1,1,老师人很nice 声音也很好听 但是和学生之间有一种疏离感
81451,1556,王鑫慧,2018-07-05 06:18:32,1,3,2,老师人还不错……
81530,1756,杨敏,2018-07-05 09:37:23,1,1,0,上老师的课很舒服而且有一种安心感，老师很负责，跟着老师的上课节奏来，分数应该都不会低的，而且对学生非常友好。
81669,2670,于晓虹,2018-07-05 23:43:42,2,2,0,不是很理解怎么给分的，这种课应该没有所谓的正态分布吧，平时实验报告分数都挺高的，期末考认真复习了，题也都会做（都是简单的理论题），结果出来3.3？？手动黑人问号脸。
81671,2670,于晓虹,2018-07-06 00:17:33,1,1,0,给分极差，差不多的报告，差不多的考试，别的班4.5，这个老师没有一个上4
81728,2364,包爱民,2018-07-06 05:41:37,2,3,1,神经科学
81950,1756,杨敏,2018-07-06 15:12:46,0,1,1,很好的
81986,751,林旭瑗,2018-07-06 17:12:36,5,5,0,给分超级无敌低，实验课认认真真抄+分析，六十几(微笑）
81987,751,林旭瑗,2018-07-06 17:17:24,3,3,0,认真学习却得不到满意的分数，真不知道怎么来教书的噢
82346,3116,赖蒽茵,2018-07-08 03:02:01,7,7,0,anyway，只能给这么多了
82489,2364,包爱民,2018-07-08 10:27:53,6,9,3,说实话，这门绩点3.6，通识课最差，平心而论，我每节课都做笔记，每节课都听的认认真真，而且考试的时候还复习了，自认为选择题考得很好，但是3.6真的不敢恭维，客观题……是凭什么给分的呢?不得而知。但是老师讲课很好，很多知识，哎……自己命不好，怪谁?慎选!如果考虑绩点的话，每位老师都是公平的，所以自己得了低绩点也没啥好说的了
82493,2758,赵鲁杭,2018-07-08 10:36:18,3,3,0,要求多，人凶，习惯重复一些东西。给分也很迷，毕竟实验报告给没有给我们过。可能莫名其妙地就被正态了吧。
82519,849,严杰,2018-07-08 11:45:53,0,1,1,说好的不点名 后来还是点了
82594,4510,陈翠苹,2018-07-08 15:33:07,1,3,2,一般…
82607,2364,包爱民,2018-07-08 16:34:38,0,1,1,老师人很好！大脑与社会可以学到很多，很有收获。每节课抽人小测，需要复习一下。
82720,2436,余海,2018-07-09 04:20:38,6,8,2,课比较有趣也较水可听可不听 考核要求只有1000字手写论文和期末3000字论文 今年的题目是1000医学是科学吗？3000现代科学技术对医学的推动作用  建议文笔好一点的同学选这门课！
82726,1532,胡小君,2018-07-09 04:32:07,-2,3,5,是不是所有人都给4.2的分的？？认识的人全都是4.2，包括我
82839,1059,王福俤,2018-07-09 08:02:57,0,1,1,给分一般吧，还行
82849,3694,陈光弟,2018-07-09 08:15:10,36,38,2,沙雕老师，卫生部回来很吊一样，搞好预防，饿死临床，出题瞎几把乱出
82883,3069,柳华,2018-07-09 09:02:45,1,3,2,老师讲课都是满满的干货，期末会划重点，，，不过解剖学内容实在太多，还是要靠自己看
82898,3694,陈光弟,2018-07-09 09:28:23,17,19,2,上课讲的考试不考\n\n考试考的历年题和复习资料上没有\n\n40空填空就会几个\n\n明年再见\n\nTMD
82921,3694,陈光弟,2018-07-10 07:21:11,-62,2,64,……比预计的简单，好歹还有不少题库里的。有些人就是太贪心了，题库里有百分之七十了还不满意？
83054,4650,卓巍,2018-07-09 14:34:08,0,2,2,帅帅帅帅！
83198,2758,赵鲁杭,2018-07-10 02:16:59,0,0,0,第一 老师真的很凶了，实验课会让你一直擦桌子\n\n第二 探究性试验要求是真的高了，让我有一种申请了另外一项SRTP的感觉。
83321,3116,赖蒽茵,2018-07-10 05:42:43,10,10,0,按你胃一分不能更多
83397,2436,余海,2018-07-10 08:00:39,6,6,0,课堂内容可听可不听，但是私以为老师讲的内容很有意思很有条理能够让门外人了解医学史。然后两篇论文，争取不偏题有自己的观点就好了，算是有收获吧
83405,2973,张晓明,2018-07-10 08:22:26,2,2,0,老师上课有趣也实用，但就是作为通识课学习的内容 题目和考试有些难了，没有基础的文科生有些累
83519,1416,沈晓红,2018-07-10 13:18:13,1,2,1,论文按要求认真写了然而不知道为什么绩点这么低
83520,1416,沈晓红,2018-07-10 13:24:55,1,2,1,老师讲的真的蛮好的！认真写论文字数2倍 4.2 想拿高分挺难的 毕竟评分标准比较不明确 期末全靠论文 也不点名.....
83622,1416,沈晓红,2018-07-11 00:17:37,2,2,0,很水 但给分全靠论文\n\n不知道什么评分标准\n\n最后绩点也一般般吧给分并没有多好
83677,2830,陈周闻,2018-07-11 03:43:51,0,1,1,很温柔的老师。
83697,2973,张晓明,2018-07-11 04:15:07,4,5,1,人体结构功能与健康。大概是第一次开课吧。我jio的挺有收获的，老师讲的很有意思，喜欢提问同学XX多少大；收获好多“养生”知识。了解怎么保健^～^平时要学习网课，但里面的测试题挺难的。最后考试开卷，挺好的，最终成绩也不错～听说老师想把课程弄上国家级精品课程，期待ing
83774,763,蔡挺,2018-07-11 08:02:17,7,7,0,讲课的内容很好，总是现在临床医生的角度讲课，结合自己的临床经验，就有很多干货。可惜老师应该要退休了吧，带我们是最后一届，完成历史使命了。
83870,314,那仁满都拉,2018-07-11 11:46:01,0,0,0,听课还是挺好的，老师也挺幽默，给分也超好哦!
83882,4278,赵经纬,2018-07-11 12:19:42,3,5,2,老师知识很渊博，讲课清晰透彻，男神～
83934,3662,郑莉灵,2018-07-11 14:25:54,5,5,0,老师挺好的，生化这门课本来就很难。不过，她可以做到考试两个小时不间断的围笑。。。慈祥，但是可以看的你心里虚
83944,594,徐立红,2018-07-11 15:08:22,0,1,1,为什么不是十分 表示PPT好看  人好  喜欢\n\n就是生化不喜欢我。。
83972,314,那仁满都拉,2018-07-11 15:40:22,-1,0,1,三次签到一篇论文事儿少给分好 愿意听的可以学到些东西的;平时代签一下的期末论文好好写也有不错的分数。
84030,314,那仁满都拉,2018-07-12 01:23:22,0,0,0,一个比较有人生情趣的老师。上课其实就是在分享一些养生小常识和他的人生经验。平时三次点名加期末2000字论文，比较轻松。课上留学生会多一些，最后给分不错。
84154,1451,夏大静,2018-07-12 06:57:58,1,4,3,乱给分
84175,1451,夏大静,2018-07-12 07:28:02,1,4,3,渣渣渣
84216,1451,夏大静,2018-07-12 08:59:54,2,3,1,老师上课很认真负责，考核的内容也和课堂有关，我觉得很OK
84242,314,那仁满都拉,2018-07-12 10:25:45,4,4,0,又水又健康，老师给分好
84247,1451,夏大静,2018-07-12 10:32:32,10,15,5,说一下个人体会，①老师其讲课是认真的。②但对于学生的评价标准真的不敢恭维，所谓的认不认真只是看上课有没有盯着上面看……其中不合理之处就不用我多说了。③我觉得她有些狭隘(不喜勿喷)，她的一些观点很不客观。④不推荐不懂套路的同学选。
84288,3588,姒健敏,2018-07-12 12:37:31,2,2,0,水课，没有什么用。平时要点四五次名，期末作业是做关于健康的一个展示，形式越多分越高(然而我们小组形式有六七种，我还是被正态了)。最气人的是，最后一次展示放在考试周，又不提前向教务网约时间，你让那天晚上有考试的人咋办。
84341,1437,周韧,2018-07-12 15:06:29,-2,4,6,这个课认真听真的能学到很多东西的。老师们都很认真?最后考核是一篇论文+最后一节课的开卷答题。论文认真写，写出自己的想法，给分不会低的！！最后4.8，谢谢老师！！
84359,763,蔡挺,2018-07-12 15:44:13,4,4,0,我要吹爆蔡挺老师 上课讲的都是很实际的东西 结合临床结合得很好 讲了很多临床上的事儿 听着很有趣 实验报告也不会让我们写太多 实验步骤的什么的直接写上参考某某文献就好了 很轻松\n\n然后给分也很好啊
84371,1437,周韧,2018-07-12 16:03:29,5,5,0,为什么我认真上了课，认真做了展示，论文也是自己写的3000左右，最后绩杀了，创通识新低，不知道评分机制是什么。很迷
84385,1437,周韧,2018-07-12 16:34:16,9,9,0,最初上课还有点意思，后来就是翻来覆去重复，换一个老师又重复一遍。。。BTW，作为参与了课堂展示的一半同学之一，作业都按时完成，绩点却被杀到全班均绩以下。。
84455,611,李仲杰,2018-07-13 01:56:44,1,3,2,各论被卡档，差评
84468,1065,李立伟,2018-07-13 02:40:36,7,7,0,之前上了李立伟老师的寄生虫学，然后又恨有幸能选上他的免疫学实验，超级开心的了，上课思路清晰，也会启发同学们自己去搜集资料思考不会直接告诉你答案，给分也是超级赞的呢☺ ☺
84538,3588,姒健敏,2018-07-13 06:00:54,1,1,0,谁是真的水
84564,575,胡虎,2018-07-13 07:42:47,8,8,0,特别好
84629,849,严杰,2018-07-13 11:43:40,3,3,0,目前为止绩点最低的专业课……唉………
84688,849,严杰,2018-07-13 14:19:18,2,2,0,不知道为什么给这么低
84773,3405,沈颖,2018-07-19 16:50:24,5,5,0,佛系给分，莫名其妙
84777,3405,沈颖,2018-07-14 00:47:41,8,9,1,？？？给分高？？？？真的不懂。被卡绩，还只有3.0，上课好好发言，期考开卷考大家都差不多，论文觉得好好写了，不知道怎么给分的，心态很炸
84789,3405,沈颖,2018-07-14 07:47:21,5,7,2,论文认真写了8000多字，查了很多资料。每节课坐第二排认真听，基本没有水过手机，考试题都是ppt上的很简单，结果3.6，可能是没有发过言吧。（虽然楼上也有发过言但是绩点很低的）真的是我听得最认真的通识课了，可是结果实在让人心凉凉。但是抛开这些不说课还是很有趣的，就当长点见识吧，唉！
84847,3405,沈颖,2018-07-14 05:05:41,-1,2,3,老师给分真的很好哎，满了！真的只要论文好好写，认真写，绩点不会太差，因为考试内容PPT上基本都有，或许多答一点会更好?课本身也是比较有趣的，推荐。
84848,1880,赵璐,2018-07-14 05:06:46,2,2,0,老师人很温柔，给分也很好！不过我是上的营养与健康这门课
84849,1556,王鑫慧,2018-07-14 05:07:32,-2,4,6,上的营养与健康这门，三个老师一起，总之最后满了，给分很好！推荐
84850,1059,王福俤,2018-07-14 05:08:19,-13,0,13,事少，给分也很好，老师很博学，满绩小天使哈哈哈哈
84908,1789,王伟,2018-07-14 10:10:00,2,4,2,实变函数：老师讲课很不错，就是助教（实名diss张宇晨）太恶心了，改卷严格不调分，非要弄死学生才爽吗?
84928,1789,王伟,2018-07-14 12:09:17,-2,2,4,实变上的还行
84934,969,焦晶晶,2018-07-14 12:22:12,0,4,4,其实还好
84998,1789,王伟,2018-07-15 02:32:37,3,3,0,实变函数，助教平时改作业乱改，全是勾，一到考试就改得很严。。。平时自己还是注意细节吧。
85018,1416,沈晓红,2018-07-15 03:57:43,2,2,0,老师很温柔，讲课也挺有意思的，不点名，可听可水。给分也不错～
85211,1789,王伟,2018-07-16 05:23:57,7,7,0,emmm...除了数学系的小王伟，其余两个王伟老师都上了。第一个是公卫的王伟老师，我上了他的心理学及应用。这门课最重要的应该就是实验吧，记得实验一定要去做，做的越多，给分越好，课的确很水。这门课我是满绩，但是付出也是我所有课里面最多的，心里阴影……反正现在还没恢复。我记得有一个实验在头上各种仪器，屋子里面就我一个人，窗帘全部拉死，耳机里面放着很可怕的声音，让我看的也是很可怕的图片，而且还不能闭眼，因为要判断中间出现的是什么图形，我记得这个实验做完之后心态就崩溃了，想马上放弃，然后发现，旁边一个人都没有，在做完实验后也没有人管我，叫天天不应叫做地不灵，直到实验结束之后再过半小时才有人把我放出去。那天结束了，做了好几天的噩梦。\n\n  数学系的王伟（大）上了他的实变函数，很慢，很好的老师，助教平时作业改的很松，都是勾。期末考完觉得自己还可以，最后分数下来并没有预期中的那么高，但也还过得去。
85286,954,王琳琳,2018-07-16 22:47:30,0,0,0,喜欢喜欢喜欢
85293,151,包家立,2018-07-16 23:39:06,1,3,2,我们专业课上安排了老师的两次讲座。感觉眼前一亮。思维很独特很神奇的。
85299,2364,包爱民,2018-07-17 00:57:55,0,2,2,神经科学研讨课，课程很不错，不同的老师院士研究人员讲述的介绍性课程。小组展示的考核机制有些局限，和组员水平及努力都有关，努力付出的话给分还是不错的，这学期并没有明显的恶竞氛围。
85343,594,徐立红,2018-07-17 06:29:40,2,2,0,好老师，反正记住我的名字了，开心～
85348,494,詹金彪,2018-07-17 07:37:03,0,2,2,给分挺好，声音富有魔力
85377,3662,郑莉灵,2018-07-17 09:40:19,2,2,0,非常非常耐心，会把知识点总结梳理得很清楚，让你在短时间内快速建立知识体系
85383,2453,骆严,2018-07-17 10:17:15,3,3,0,老师超可爱，好好上课收获会很多
85388,2453,骆严,2018-07-17 10:58:40,2,2,0,很好的老师，上课很投入
85397,3405,沈颖,2018-07-17 11:30:49,1,2,1,上的是老师的通识课。个人感觉给分还不错，平时不点名，不能用电脑，手机不怎么管。期末考试开卷，结合ppt和教材认真写都能写上。
85411,2453,骆严,2018-07-17 13:03:18,3,4,1,很好的很喜欢的，很公正的，好好学习绝对不会差的！
85453,2758,赵鲁杭,2018-07-18 03:58:55,1,1,0,实验课上会一直听到老师的骂声，上得挺压抑；最后的探究性实验要求极高，结果认真准备了3个多星期，给分还很迷，实验课成绩反而比理论课低很多
85488,831,刘伟,2018-07-18 12:11:30,1,1,0,其实我一学期就见过他三次，主要是助教在带
85522,3694,陈光弟,2018-07-19 02:04:56,13,14,1,真无聊， 浪费时间。
85527,763,蔡挺,2018-07-19 03:29:48,3,3,0,老师上课基本不用PPT，看出来老师是肚子有货无需PPT那种，与搭课的其他的数百PPT讲下来还不一定知道讲啥的老师形成对比。上课讲的都是精华，也会和我们说一些符合我们专业的拓展知识。虽然考试的内容有些不在上课讲的，但给分还是很好的。老师马上要退休了，最后给老师好评(o^^o)
85561,763,蔡挺,2018-07-19 14:13:16,0,0,0,老师上课好有趣阿！都是干货，还会举生活中的例子，实验报告的讨论分析要求有点高，但是给分很好阿？只不过老师要退休了，作为最后一届谢谢老师啦！
85570,3694,陈光弟,2018-07-19 16:46:54,18,18,0,没有体验 很好睡\n\n非常红砖\n\n搞好预防 饿死临床\n\n你们的学长学姐打败了我我就要打败你们\n\n\n\n嗯 cgd老师 我被您打败了 ?
85571,3694,陈光弟,2018-07-19 16:49:12,10,13,3,贼无聊，有空的话整理下ppt吧，课听不听无所谓，考前刷刷题
85628,3116,赖蒽茵,2018-07-22 23:01:41,12,13,1,讲课是真的不好，赖伯伯讲的部分基本靠自学，其他老师讲的还可以，给分还可以（其实我觉得给分还是挺好的hhh），所以给他打个个及格在偏上一点的7分。其他讲课老师讲的还好，讲课的另一个讲神经的李yuezhou，作业迷出题迷，反正感觉神经这部分复习的性价比不如其他。最后试卷简单的很简单，难的感觉有些迷有些偏。
85629,849,严杰,2018-07-22 23:07:03,4,5,1,老师讲的三次课挺有意思的，然而让外教讲了比较重要的化脓菌那章，实验课碰上张吉吉（给我打的实验分数还拖累了我最后成绩），考试碰到谜一样的外教出的题目，以及名解题目全英文（垃圾的我把变态翻成中绦期hhh），不过简答题是历年题重复率还是比较高的，最后拿到的分数觉得还行。
85643,2436,余海,2018-07-23 20:17:39,2,3,1,上课敲棒 给分一般般
85694,3405,沈颖,2018-07-26 07:11:45,0,0,0,我记得最后一节课，因为讲课时间比较紧，所以没叫人发言啊……为什么考试时，监考老师统计最后一节课发言人数，那么多人都去登记了？老师可能自己忘了吧，但是大家……？？?好吧，讲回课本身。上课的内容挺有意思的，很推荐大家选一些关于脑科学的K类课。开卷考试不难，这样也就导致给分标准略迷，或许多写一点会比较好。
85724,3694,陈光弟,2018-07-29 18:53:37,1,1,0,
85765,2746,李秀央,2018-08-04 13:29:56,0,3,3,上课认真，逻辑性强，讲解通俗易懂
85768,4510,陈翠苹,2018-08-05 03:41:44,1,2,1,好好好
85843,575,胡虎,2018-08-21 16:11:18,5,5,0,特别棒！
85895,222,吴希美,2018-08-25 09:32:40,-6,4,10,老师很幽默
85896,222,吴希美,2018-08-25 09:37:03,-7,3,10,很有趣
86090,3750,沈静,2018-09-05 16:46:07,-1,2,3,挺好的，不错
86092,3490,王一红,2018-09-06 02:21:59,0,0,0,可能看上去有点凶，但是老师人真的很好
86349,1092,沈岳良,2018-09-14 00:15:27,6,6,0,他的课我只学会了如何删360浏览器。。
86350,2963,杨友金,2018-09-14 00:17:11,0,0,0,收脂皮，
86480,4779,李永泉,2018-09-17 00:38:45,1,1,0,讲课好困啊。
86551,1144,孙百强,2018-09-17 06:51:51,1,1,0,听不懂哇
86561,13,张咸宁,2018-09-17 07:52:44,5,6,1,很可爱的老师啊！努力上课?
86585,3405,沈颖,2018-09-17 10:37:11,-1,0,1,新生研讨课上，老师很和蔼，对大一新生来说，简单易懂，期末不考试，两篇论文和辩论课，认真写了，给分也不错
86590,1789,王伟,2018-09-17 11:02:20,8,8,0,心理学的王伟也太垃圾了
86595,1789,王伟,2018-09-17 11:31:19,8,8,0,王伟的心理学及应用纯浪费时间
86601,1416,沈晓红,2018-09-17 12:01:11,2,3,1,看了很多评论，我也很想听这位老师的讲课。但我是新生留学生，补选了不知道能不能听得上这位老师的课。真的想听这位老师的课。。。。
86603,1789,王伟,2018-09-17 12:18:03,7,9,2,听他的心理学简直浪费时间，还说自己打分太高被校方说了，要严一点……再见了您那。听了一次听不下去。
86604,1789,王伟,2018-09-17 12:21:03,5,5,0,弹舌小王子
86610,1092,沈岳良,2018-09-17 12:33:01,3,3,0,计算机老师你好
86704,1789,王伟,2018-09-18 05:23:05,6,6,0,第一节课就退了...
86753,1789,王伟,2018-09-18 10:35:00,1,4,3,至少他有一点可以认同：讨厌正态分布。果断十分
86761,1789,王伟,2018-09-18 11:34:30,7,7,0,卧槽真的无聊\n\nPPT只翻了一页
86763,417,李兰娟,2018-09-18 11:47:23,4,6,2,好好好
86765,1267,郑树森,2018-09-18 12:29:10,10,11,1,虽然不是医学生，但是很喜欢郑院士的课
86767,1267,郑树森,2018-11-24 03:59:23,23,26,3,全程膜拜到底。又可爱又厉害的好老师好院士！课程生动结合实例进行通识教学。器官捐献的第一课，赞一个！
86793,1789,王伟,2018-09-19 00:35:27,-1,4,5,无语，复变确定备了课？
86800,1789,王伟,2018-09-19 01:23:05,-3,6,9,上完复变王伟第一堂课我明白了——这门课需要自学。讲课不用ppt，全程都是自言自语，思维极其跳跃没有条理，讲课知识点竟然没有逻辑顺序，乱讲的吗……
86838,1789,王伟,2018-09-19 04:26:36,2,9,7,超级棒！！！心理卫生！！！值我打的分！！xswl
86968,4040,王梦令,2018-09-19 23:57:20,2,2,0,太凶了
87032,13,张咸宁,2018-09-20 04:27:23,3,4,1,第一堂课认真听下来，我觉得他是个好老师
87095,1756,杨敏,2018-09-20 08:42:33,3,3,0,听到她哑着嗓子上课真的很心疼。像高中老师一样认真！
87125,1267,郑树森,2018-11-24 03:59:27,14,16,2,听了《器官捐献与器官移植》第一课，老师真的很可爱，全程花痴状看着老师，讲课风格很幽默，很能打动人，最后要到了老师的签名和合影真的很开心
87128,1789,王伟,2018-09-21 00:25:23,2,4,2,什么玩意
87150,3069,柳华,2018-09-21 02:37:50,0,0,0,挺好的............
87178,222,吴希美,2018-09-21 09:18:24,-6,4,10,太幽默了
87292,946,韩曙,2018-09-26 15:49:38,1,2,1,赞赞赞
87309,13,张咸宁,2018-09-27 02:02:44,-20,9,29,什么都讲不出来，只会发牢骚开低级玩笑，然后考一堆没学到的东西
87315,1191,陈学群,2018-09-27 03:20:54,3,3,0,垃圾 自命清高 英语水平差还瞎比比
87331,4906,谷岩,2018-09-27 05:47:59,30,33,3,非常优秀的老师，上课睡觉是一种享受！
87354,4906,谷岩,2018-09-27 10:22:06,16,19,3,老师本科中科大也在那里完成了博士，学术方面应该挺厉害的，但是每个人的特质原因吧，可能不适合上课什么的
87407,4040,王梦令,2018-09-28 08:33:51,-9,0,9,还可以
87417,759,王青青,2018-09-29 00:02:58,1,1,0,讲课清楚有条理
87461,946,韩曙,2018-09-29 06:05:51,1,2,1,老师超幽默，段子手，她的课超有趣
87481,3448,陈国忠,2018-09-29 12:09:57,1,1,0,......
87489,3448,陈国忠,2018-09-29 14:00:18,0,0,0,没有时间观念\n\n
87509,2830,陈周闻,2018-09-30 03:59:15,1,1,0,emmmm
87623,1789,王伟,2018-10-08 12:37:02,12,12,0,数学系大小王伟爸爸都超强…(๑`･ᴗ･´๑)
87636,759,王青青,2018-10-09 01:06:48,1,1,0,讲课又好，又好看
87649,2176,王会平,2018-10-09 06:14:52,1,1,0,催眠，不知道干嘛好
87652,2176,王会平,2018-10-09 07:06:21,4,4,0,人类的本质就是复读机
87657,4040,王梦令,2018-10-09 09:47:21,4,6,2,真的差劲，一定会拖课。明明上到五点半的课一定要上到七点。事情多，真的烦。给1分因为没有0分
87658,3078,陈晓,2018-10-09 10:13:04,2,3,1,特别有趣啊
87702,370,朱心强,2018-10-10 11:00:49,0,0,0,很好啊
87716,849,严杰,2018-10-10 23:35:25,6,7,1,真的是一个很用心的老师，不会光照本宣科，一笔带过，而是会给我们解释某类现象的原因。上课的时候脸上小表情也很多啊，特别是那对爱舞动的眉毛，看着就觉得这老师挺可爱的。每次听他上课都觉得很有意思。可惜上了三节课之后以后病原就不是他来了，很伤心。
87717,13,张咸宁,2018-10-10 23:37:34,3,3,0,我爱遗传，我爱张咸宁
87829,1092,沈岳良,2018-10-15 06:38:12,0,0,0,老师根本不上课只让同学们讲，听了三节课跟没听也差不多。每节课就是在吹自己查阅文献的方法，让我们摘二十句话又说内容不重要。觉得上这门课真的没什么用，不知道为什么浙大会有这样的老师，哭辽
87912,575,胡虎,2018-10-17 12:50:49,0,0,0,66666
87923,2434,汪洌,2018-10-18 00:46:34,-1,1,2,讲得超好超有意思，爱了
87948,1789,王伟,2018-10-18 11:01:12,2,5,3,教复变的王伟 作业布置的贼多
87965,222,吴希美,2018-10-19 01:00:17,1,8,7,很幽默 我是他儿子
87979,1019,郑莲顺,2018-10-19 06:59:45,11,11,0,还没结课，上了几节课，真的很喜欢郑老师。上课语气很好玩呐，唔～哇～哈哈哈还跟我们说她生孩子的故事……喜欢，我要好好学基导
87985,1789,王伟,2018-10-19 08:56:29,-2,2,4,心理卫生的王老师还阔以，就是老师会举很多例子，然后课上分享很多自己的看法，可能引起一些不认同和反感，有些不着调，大概是“与众不同”吧。
88088,4650,卓巍,2018-10-22 04:18:19,1,4,3,卓巍老师很不错，上过他的细生和实验，讲课很详细，会教很多细节知识。又幽默，长的还贼帅～\n\n
88116,1416,沈晓红,2018-10-22 11:19:33,1,1,0,课很好啊，给分哈哈? 选了就知道了……
88146,314,那仁满都拉,2018-10-23 04:01:58,6,7,1,观点极其偏激，用着十年前的PPT……
88147,849,严杰,2018-10-23 04:03:13,2,2,0,老师讲课有趣，学识也很丰富
88475,3694,陈光弟,2018-11-21 06:59:03,3,3,0,
88477,13,张咸宁,2018-10-31 07:10:33,6,6,0,离开咸宁的第一个星期，想他。\n\n咸宁上课上得真的很好啊！很喜欢！会认真准备考试的！hhh
88715,1789,王伟,2018-11-06 11:42:10,18,19,1,姑且7分.\n\n基本没有人听课…知识性的东西没有。真的想学相关理论的别抱太大期待，我是因为学分太低才选的。\n\n老师有些言论比较特立独行，偶尔听一听算是长了见识吧。评论有人说他黑各地域的人，宣扬宗教什么的，这里听了一个学期的课，感觉都是无关痛痒的玩笑话，像老师用来吸引学生注意的。每次陷入冷场的时候，我真的觉得老师很可怜……\n\n学生在下边做自己的事，他在台上带着扩音笔讲两个小时没人理睬的课，唉……谁更辛苦一望可知。\n\n他说，希望大家能在我的课堂上轻松一些，不要一直精神紧绷，人活得太累没意思。\n\n可能有人会觉得他这样说很消极也不负责，我还是把它理解成一点点体谅吧。\n\n\n\n（这里论文还没交然而已经是秋学期最后一次课了qwq昨天病中垂死惊坐起发现还有两篇心理论文没写，没错我选了王伟老师的《心理卫生》《心理学及应用》，也不知道为什么还有勇气在这里写这些…我去赶论文了，告辞，等绩点出了我再来写一个评论。\n\n?
88736,751,林旭瑗,2018-11-07 01:54:32,4,5,1,念书都不如
88757,1191,陈学群,2018-11-07 10:46:09,0,0,0,这门课作业是什么
88866,1092,沈岳良,2018-11-11 01:42:59,2,2,0,虽然八周上病生确实难为老师了 但还是对老师的课堂感到尴尬
88948,3588,姒健敏,2018-11-12 12:47:09,2,2,0,垃圾老师垃圾课\n\n天天点名绩点低\n\n恶竞严重伤人心\n\n奉劝诸君少问津
88952,1416,沈晓红,2018-11-12 13:32:23,0,1,1,听了老师的心理卫生和社会心理学，告别了进浙大以来第一个很喜欢的老师，她的课体验极佳！第二堂课听完我差点下决心转专业去心理系，绝对赞！
88955,3588,姒健敏,2018-11-12 14:13:35,0,0,0,太水了
88970,314,那仁满都拉,2018-11-13 02:45:45,1,1,0,Good
88978,1789,王伟,2018-11-13 05:43:18,3,5,2,虽然是水课，但老师为人挺真实的
88992,1416,沈晓红,2018-11-13 12:20:39,0,0,0,老师的电话联系方式和邮箱谁有呀…求助，加QQ704873075
88994,222,吴希美,2018-11-13 13:12:36,0,9,9,吴老师的儿子特别帅
89076,1789,王伟,2018-11-15 07:38:38,4,5,1,复变的王伟讲课确实有时不是很有条理，但也把知识点都讲解了。认真学的话也不会差。作业看上去多，但大多都是计算。嫌多的可能还没遇到真的多的课
89117,1267,郑树森,2018-11-16 02:04:30,14,15,1,听了第一节器官移植真超棒\n\n表白器官移植！！！\n\n真的是特别强特别有用的一门通识课\n\n充满了人文关怀！！超赞！爱了！
89128,3765,李颖,2018-11-16 02:52:49,1,5,4,声音贼轻，坐在教室中间偏前的位置也听不见她讲课。每次上课都认真听，随堂小测也好好做，就是最后她让写的建议草率了些，没有夸她，只是建议她讲课靠近话筒一些，最后拿了2.5分，真的呵呵。谢谢她让我明白了努力真的没有用
89135,1556,王鑫慧,2018-11-16 03:49:57,-1,1,2,考试很水，上课好玩，有很多老师，都是大佬
89155,1267,郑树森,2018-11-24 03:59:31,19,20,1,器官捐献与器官移植这门课是本学期新开的，第一节课就是郑树森院士亲自来上的。现在已经结课了，分还没出，希望有好的结果。郑院士的第一堂课没有讲很多专业的东西，但是展示的人生轨迹和态度值得我们每个人学习。尤其那种迎难而上的劲。后面每节课都是全国不同领域的专家来上的，可见医学院真是费了很大的心思，感谢徐骁院长和吴晓梁老师，我虽然是社科的学生，自然觉得有很大的收获
89161,4008,龚薇,2018-11-16 06:20:31,0,1,1,anyway，这是一位举重若轻充满快乐的大神老师，听她的课总觉得这位老师不仅科研做得很出色，家庭也特别幸福，以至于这样的气场洋溢在了整个教室。
89165,575,胡虎,2018-11-16 07:20:21,3,3,0,优秀的老师。补课的时候也不怕麻烦，为了照顾回家的同学分两次帮我们不补课。上课很有活力，儒雅帅气～
89370,3190,周婧,2018-11-19 01:06:10,6,10,4,无聊。。人挺好的就是讲课枯燥，很多节课就让我们背书。。
89384,1789,王伟,2018-11-30 02:33:46,0,11,11,还是想给老师辩解一下，那些上来就骂老师是垃圾、绩杀的同学，有没有在自己身上找找原因，每节课都可以看到上了一半或者才过三分之一就有人陆陆续续地走了，有些人早早的来占了最后一排的座位就带着耳机做自己的事情了，但是老师还是会很激情洋溢地跟我们讲课，也是一个不按照PPT直接念的老师，我也没觉得老师哪些观点不尊重女性，或者过于偏激，总之个人认为是个好老师
89419,1366,马丽琴,2018-11-19 04:12:25,2,4,2,法医学期末考没有大纲没有复习资料什么都没有，上课内容和考试内容也没有什么重叠，除非真的是很感兴趣，还是建议别选了
89454,3588,姒健敏,2018-11-19 07:47:16,0,0,0,还好吧
89509,2436,余海,2019-01-04 06:36:10,-18,3,21,正儿八经的论文一篇没有 权利欲望很重
89513,1880,赵璐,2018-11-19 10:57:01,0,2,2,真的很好满绩，给分超级温柔啊啊啊啊啊啊啊，今天查到分数了，真的觉得自己没做什么，居然满绩了
89515,1880,赵璐,2018-11-19 10:59:01,4,5,1,老师很可爱啊。虽然如果高中学了生物的话一些知识会比较重复，但还是有一些比较有意思的东西。课上发言很重要。最后写英文论文的话比较累，可以提前准备下，写的有意思的话分还是很高的。给分很好啊不多说了。\n\n
89529,1880,赵璐,2018-11-19 11:40:00,2,2,0,给分很好，老师气质也很好，最后的论文定上限太优秀了！！
89531,1880,赵璐,2018-11-19 11:43:38,2,2,0,老师很有气质，讲课也很有内容，认真听收获也蛮多，文科孩子觉得给分也很好
89538,1880,赵璐,2018-11-19 12:15:45,0,1,1,老师是耶鲁博士，超级有气质，只要认真写论文，多发言，给分就很好！
89543,1880,赵璐,2018-11-19 12:39:45,1,3,2,中文授课，英文ppt，一次展示加一篇两页纸以内的期末英语论文，上课举手发言算分。\n\n抢不到举手发言机会，难受。展示第一个组，难受。期末论文满分，小开心。4.8。
89555,4906,谷岩,2018-11-19 14:10:19,-4,3,7,很棒啊
89601,751,林旭瑗,2018-11-20 02:55:36,2,3,1,不止n，m不分，x，s还有q，c都不分！
89614,3588,姒健敏,2018-11-20 03:25:07,0,0,0,恶心老师恶心课
89620,3854,孙启明,2018-11-20 04:05:07,2,4,2,孙启明老师好暖呀，是个大暖男，鉴定完毕。好温和，都不会嫌我烦，看你不敢抓小老鼠无奈地笑呀，太暖了
89701,1880,赵璐,2018-11-20 10:19:09,1,3,2,wonderful!\n\n生物渣渣，4.8
89886,1451,夏大静,2018-11-21 06:58:01,0,3,3,
89947,222,吴希美,2018-11-21 11:01:44,-2,7,9,吴老师儿子太暖了！
89970,1880,赵璐,2018-11-21 11:59:55,0,1,1,吹爆老师！温柔好看给分好！
89978,222,吴希美,2018-11-21 12:24:44,-5,2,7,666
90009,1789,王伟,2018-11-21 14:21:50,2,3,1,王伟老师快出分噻
90012,3588,姒健敏,2018-11-21 14:56:43,0,0,0,水是真的水，但是可以做很多事啊（滑稽
90070,1789,王伟,2018-11-22 04:43:53,-1,3,4,上课轻松，给分很高
90071,1789,王伟,2018-11-22 04:46:56,-1,3,4,课很水，负担很轻，考核就是一次课上小测非常容易都是书上的东西照抄就好，然后就是一篇1500字论文，我随便弄了下居然都有4.2！老师很像武林外传老邢，上课基本胡谝，想真的学东西的还是算了，如果想刷绩点啥的选他准没错
90076,1789,王伟,2018-11-22 05:05:45,3,4,1,给1分是因为没有零分！！！上课体验极差！！！都不知道在讲什么，一张PPT能自己扯三节课，不做他的实验就是绩点低，反正纯粹绩杀，不知道怎么说，就是这样吧，听说做实验也都是很恶心的实验。上完课什么都不知道。冬学期又选了另外一位老师的心理课，对比起来简直不要差太多！直接把我绩点拉到4以下，无语死了。
90078,1789,王伟,2018-11-22 05:20:53,2,2,0,水水的
90085,751,林旭瑗,2018-11-22 05:42:46,4,6,2,讲课太垃圾了，催眠指数100000000+，感觉有人在掐他的脖子，出不来声好tm难受?
90101,1789,王伟,2018-11-22 06:25:08,-3,2,5,虽然说复变满了，但是还是很不爽，这考去年的原题算什么意思？   王伟老师还是很不错的，跟着他的思路走再自己自学一些还是可以轻松学好复变的。
90109,1789,王伟,2018-11-22 06:41:02,1,4,3,心理卫生，给分低，还垃圾
90113,1789,王伟,2018-11-22 06:43:45,3,4,1,医学院的王伟老师我觉得还可以，要想水课的话可以选，毕竟负担很轻，只有一次开卷的随堂测验，期末一篇论文。老师上课什么都讲，但是要想学东西的话可以自己看教材或他的PPT。课后发他电子邮箱问问题，也很快很认真地回答了。
90118,1789,王伟,2018-11-22 06:49:43,-1,4,5,心理学的王伟老师！完全不卡绩点！！\n\n谢谢老师！我是第一次写论文，而且格式也不是很对。。成绩超级满意了！\n\n而且我觉得老师的一些观点我挺认同的，活的开心就可以了啊！
90120,1789,王伟,2018-11-22 06:57:45,-1,4,5,上课从没听…\n\n绩点很舒服…\n\n值得选的水课！！！
90124,1789,王伟,2018-11-22 07:12:12,-1,3,4,两个字:别选
90129,1880,赵璐,2018-11-22 07:30:33,6,6,0,不爱发言等着被绩杀
90130,1789,王伟,2018-11-22 07:38:12,3,6,3,这是什么sb老师啊，问卷做了，论文写了，还被拉去给他的实验室做实验花了五六个小时，就给我2.4
90133,1789,王伟,2018-11-22 07:42:45,6,7,1,上水课就是去听听笑话放松放松吧。\n\n其实大家都不抬头看看他，老师心里也很难过啊，试着换位思考一下会比较好?
90135,1789,王伟,2018-11-22 07:48:34,2,3,1,给分极低，瞬间拉低我均绩，本来想学学入门级心理学，结果不知所云
90136,1789,王伟,2018-11-22 07:49:15,0,2,2,老师很好啊，观点很犀利，大学本来就是接受各种观点的啊，没有好坏之分。事少，想学可以学到东西，不想学可以水过去没问题。绩点的话，论文写得好还可以吧，本来事就少，绩点也没啥好要求的啊，况且也不低，注意多看书就好了。
90137,1789,王伟,2018-11-22 07:50:21,7,9,2,？？毛病？上课瞎逼逼 给分1.5？
90148,1789,王伟,2018-11-22 08:11:50,0,2,2,其实老师很好啊
90150,1789,王伟,2018-11-22 08:19:03,-2,1,3,王老师的心理课很轻松的，老师人很不错
90153,1789,王伟,2018-11-22 08:32:00,-1,1,2,谢谢王伟老师，讲的课需要预习，摆脱不预习的人听不懂别把锅甩给老师。
90162,1789,王伟,2018-11-22 09:30:24,-2,9,11,太高兴啦  没有怎么听课拿了4.8的绩点，心理学的王伟老师其实还是不错的啦?
90165,1789,王伟,2018-11-22 09:50:18,-7,0,7,复变的王伟老师挺好的呀！全程板书稍微预习一下就会感觉他思路很清楚的！反正我满了，你还在等什么～
90172,1789,王伟,2018-11-22 10:21:21,3,5,2,王老师的心理课其实挺轻松的，最后给分也没有那么低~老师很和蔼啊，也不点名。之前选他的课有点战战兢兢，现在感觉很满意。谢谢老师，有缘再选~
90178,4008,龚薇,2018-11-22 10:44:18,1,2,1,专业英语与科研论文写作这门课还是很多干货的，给分也超棒！强推
90179,1789,王伟,2018-11-22 10:44:59,2,5,3,心理学的王伟老师其实还挺好的。讲课时会插入一些段子，蛮幽默的。需要注意的是有至少一次课后点名，一次课上小测要好好做。论文认真写一下，格式规范一些的话，至少4还是很好拿的
90182,1789,王伟,2018-11-22 10:53:49,5,6,1,心理卫生体验极差，给分垃圾，就一篇论文定分，平时扯淡瞎讲，做了小白鼠分还那么低
90183,623,朱善宽,2018-11-22 10:54:08,0,0,0,第一节课，想退课了
90231,1789,王伟,2018-11-22 14:51:10,2,2,0,3.3的绩点。。。不过事情是真少，就一篇论文一次开卷考
90237,1789,王伟,2018-11-22 15:29:06,0,1,1,课可水，绩点随缘吧……
90238,1789,王伟,2018-11-22 15:38:30,-2,1,3,老师第一节课就扬言自己是水课着实让人震惊，课上事情很少，就期末写个报告就好。没有参与恶竞，结果给分还不错。
90251,1789,王伟,2018-11-23 00:00:32,0,1,1,好，话不多说
90257,1789,王伟,2018-11-23 00:44:22,7,8,1,要死了绩点给3分？？？
90288,1789,王伟,2018-11-23 03:21:45,6,7,1,心理学的王伟。。平时水一水，期末待绩杀
90298,1191,陈学群,2018-11-23 04:48:52,3,3,0,认真写论文 给分低
90299,1191,陈学群,2018-11-23 04:55:53,7,7,0,给分太垃圾了！手写的还给这么烂的分！之前发邮件询问给我回了“继续学习”，然后再打电话询问挂我电话说什么已经回复好了！生气?
90305,1880,赵璐,2018-11-23 05:47:40,1,3,2,只要你发言够多 论文好好写 绩点就很好 课程内容挺丰富的 但感觉发言分占太高了 许多同学的发言都是为了发言而发言。绩点很好 但感觉没学到什么东西。老师人还是很可爱的
90308,1880,赵璐,2018-11-23 05:58:14,6,6,0,抢不到发言的机会就哭唧唧了。。。
90323,2722,许均瑜,2018-11-23 06:52:29,5,5,0,不看绩点都必须打十分
90328,2377,黄朴,2018-11-23 07:10:20,0,1,1,老师还是蛮实事求是的 相比别的实验老师来说非常严格 你什么水平给什么分（这个老师会记迟到 千万别迟到 我迟到了三次被卡绩了qwq
90330,1416,沈晓红,2018-11-23 07:20:58,-8,1,9,出分有点小慢，也不知道4.2算不算被正态，不过老师的课真的很有意思啊，可以边做作业边听，期末论文好好写就行了
90339,1416,沈晓红,2018-11-23 08:09:00,0,1,1,沈晓红老师真的超级超级好，温柔可亲，给分超好，上课很容易听，一学期就一次小作业和期中期末两篇论文，我没有什么特别表现也拿了4.5，点赞！
90341,1789,王伟,2018-11-23 08:14:36,0,1,1,超棒！听地舒心，水地开心
90344,710,欧阳宏伟,2018-11-23 08:19:46,12,12,0,不喜欢
90347,1416,沈晓红,2018-11-23 08:29:40,1,2,1,人挺好，课也很好，就是我好好写论文为什么绩点那么低？？？莫名其妙被正态了
90355,1416,沈晓红,2018-11-23 08:53:25,0,0,0,老师例子很多，上课口音特别又有趣，很开心的一门课，很开心的秋学期。
90362,1416,沈晓红,2018-11-23 09:11:09,0,0,0,好想要老师的课件～水了一个学期（就当听故事），论文肝了几个晚上，最后4.5也满足了吧
90369,1191,陈学群,2018-11-23 09:27:53,7,8,1,根本不考虑学生基础，写论文要求参考文献必须是最近的nature，science和cell杂志上发表的论文，没学过神经科学的文科生怎么可能看得懂？？？？？
90381,1416,沈晓红,2018-11-23 10:12:54,0,0,0,很有意思啊！是我想象中的心理课，收获很大，老师也会讲很多例子，上课好好听，按要求认真写论文，个人觉得给分还是还是不错的。
90383,1416,沈晓红,2018-11-23 10:21:25,0,1,1,上课以课本为主，喜欢举一些清奇的小栗子～绩点很人性，完全不点名，可惜说话的语气太催眠，简直是魔音催眠曲……
90384,710,欧阳宏伟,2018-11-23 10:25:13,-4,2,6,有窄有宽
90391,1416,沈晓红,2018-11-23 10:39:12,0,0,0,超棒的老师啊！！上课各种新奇案例，本来想水的我到最后都听得聚精会神了。只要好好完成两篇论文给分不会差！
90402,1789,王伟,2018-11-23 11:37:27,0,4,4,水课，无聊，认认真真写的论文才3.9绩点
90409,1789,王伟,2018-11-23 12:03:18,1,4,3,医学院的王伟老师看上去就是一个挺和蔼的老爷爷啊……而且非常能讲，有很多自己的观点，对学生说“看你们平时太累了让你们在课上放松一下”。给分应该看平时的点名小测和期末论文吧，认真对待绩点不会差。
90444,710,欧阳宏伟,2018-11-23 13:27:59,50,69,19,情怀至上，一顿瞎吹，误人子弟
90471,1789,王伟,2018-11-23 15:12:07,-5,2,7,老师其实知识挺多的，而且通过玩笑话说出来，很多人get不到就会以为老师观点偏激。其实还好啦。\n\n别人说绩点迷，我没感觉，好好写论文，就不会低。。。吧（反正我是4.8知足了）
90494,1416,沈晓红,2018-11-23 16:02:19,1,1,0,真的是好老师，听课很有收获，不管你听不听都是很有收获
90508,710,欧阳宏伟,2018-12-28 01:48:49,12,25,13,骗子！搞学费12w一年的国际校区忽悠一大堆成绩优秀的孩子跳火坑！还打断腿不能修双学位不能转专业不能选课！
90522,1789,王伟,2018-11-24 00:05:13,8,11,3,老师其实也很辛苦的，下面的人几乎人手一台电脑低着头，有些人还带着耳机，根本一副不把老师的话放眼里的样子。在这种情况下，老师还能坚持两个小时的讲课，而且这们课的事情真的少，总共一次点名，一次开卷小测，才四道概念题，还有最后一篇1500字的论文，麻烦那些绩点低的人想想自己是不是哪次早走了或者根本旷课了，或者论文没有按照格式写，自己想办法把一篇论文弄得格式严谨是很难的事情吗，如果没有做到就不要抱怨自己绩点低，我花了很长时间调格式，找标准范文修改了很多东西，每次点名都到了，但是老师喜欢快下课的时候点名，早走的人注定绩点低
90529,1416,沈晓红,2018-11-24 01:00:45,-4,12,16,真是个好老师啊。我的社会心理学，每一篇论文都是认真完成的，都在6000字加，最后绩点2.1，我也真是呵呵了。
90543,1416,沈晓红,2018-11-24 01:52:25,1,1,0,沈老师人超级好了！而且沈老师是医学院的老师不是理学院的，所以会给ppt的呢！而且！说有考试的是医学心理学有考试，这是一门医学院的专业课！心理卫生和社会心理学都是没有考试的呢！！沈老师人超级nice的了！！
90553,1267,郑树森,2018-11-24 03:59:02,-11,11,22,重点：绩杀，上面祈求有个好分数的全踩了，不送。\n\n我每节课都听你们扯淡了，没有一节课缺过，最后3.3，我的其它水课就算平时成绩不高，最后开卷考还给了我3.9，这门课推荐不要选，学不到东西连绩点都不给。推荐不要学，最后考试的东西开卷上基本都有，我都不知道怎么评分的，不送
90559,1267,郑树森,2018-11-24 05:34:59,12,12,0,《器官移植与器官捐献》这门课真的真的真的非常棒！没有想到选不上通识的非酋竟然做了补选这门课那么正确的决定！第一堂是郑院士亲自授课，幽默风趣，即使在最后一排也完全被吸引。之后徐院长、吴主任以及这一行业的大牛们的课程，每节课都愿抢第一排的座位，完全舍不得水手机。学到了很多也成长了很多。感谢老师们的付出！总之，这是一门有关态度有关尊重的课，可以所在专业与医学毫不相关，重要的是真的能改变一些思想，能领悟到一些东西。再次感谢！
90560,1267,郑树森,2018-11-24 05:37:28,8,11,3,器官捐献课，嗯绩点4.2……我觉得收获也不是完全没有，也就一点点常识吧……平时签到和小测40％，考试60％，考试很简单，文科生自认为全对了。这门课充满人文关怀是真的，文科生能听懂四成?郑院士那节课睡过去了，我觉得就是展示一下郑老自己的科研成果，没有楼上吹的那么好?不过院士还是很亲切滴！同时我觉得绩点靠运气，因为平时分和考试拉不开差距，就这样。为期末绩点攒人品
90561,1267,郑树森,2018-11-24 05:39:42,11,12,1,因为他，第一节课就爱上了器官移植与捐献，，，老师讲课超有魅力。。。第一堂课他上的，，几乎所有人头都没低过，，全程看PPT，，他自己也没有喝过一口水，，\n\n关于评分，，每次认真听课，课后扫二维码做10道题，，课后没有任何作业，，最后开卷考，把PPT整理下复印就可以去考了，，，\n\n不过每节课都有自己去前面签到的，，上课前十分钟
90577,13,张咸宁,2018-11-24 07:23:49,1,2,1,只想念张咸宁
90581,13,张咸宁,2018-11-24 07:42:46,-3,1,4,一般般吧
90587,314,那仁满都拉,2018-11-24 08:33:24,3,3,0,好 真好 课如其名
90592,759,王青青,2018-11-24 09:08:09,1,2,1,讲得很好很清晰 我考的不好 老师愿意帮我查分 回邮件鼓励我 是一个很和善的老师
90598,13,张咸宁,2018-11-24 11:12:31,6,6,0,咸宁不在的日子，想他
90602,1556,王鑫慧,2018-11-24 12:04:32,-1,1,2,事少给分好
90604,1556,王鑫慧,2018-11-24 12:36:24,0,1,1,水是真的水 给分也还挺好的 小组展示做好就ok
90609,1556,王鑫慧,2018-11-24 14:10:11,2,3,1,服了 绩杀 不是没课上绝对不要选\n\n同一个组的 做展示也没有介绍自己是谁 绩点出来能差一分多 真的服了 完全乱给分的老师 呵呵哒
90627,1789,王伟,2018-11-25 01:13:13,8,11,3,得分97，大一第一门通识满绩5.0。姑且评论一下。上课很水我最后一次直接翘掉了，大概考核内容是两下午的心理学实验，一份20+页的问卷，一次开卷课堂小测，还有一次点名（倒数第二节课），一篇1500字多论文。我论文大概写了3000字左右，觉得最重要的大概就是写出自己打观点，偏激一点没有关系但是不能太常规，然后就是要多引用老师的书里的内容（感觉他堵书比人有逻辑有道理）。我做了两个下午的实验，大概6-7小时（7还是8个实验？），中间被迫洗头三次，两次做脑电波抹导电膏，做脑电波的时候做到睡着，会把你关房间真的超级催眠呜呜呜。电击实验做了两次，一次电嘴角，一次电额角，感觉像是被打了一巴掌，每次电击实验做了七组，每次电击五六次吧。我还挺怕电击的，电击的学姐因为电击多次后心电图变化下降会调大电流强度，要做好准备。然后还有一些实验。基本上实验都是会放一些血腥暴力恶心色情的图的（比如卧在铁轨上的断头尸体，还会配合尖叫然后色情图不打码差评？）我是不会做梦的然后没啥感觉虽然是女生吧。感觉课水水的可以做别的事还是挺自由的。如果你读完觉得可以接受的话就选吧，不过老师正太的几率还是蛮大的。
90653,3862,高向伟,2018-11-25 00:58:41,6,6,0,超级为学生考虑，很有耐心\n\n
90658,13,张咸宁,2018-11-25 01:48:09,6,6,0,咸宁永远是独特的咸宁。比心心。\n\n
90701,1789,王伟,2018-11-25 10:33:31,5,7,2,很垃圾。。。给分很低。。（怀疑是乱给分的）
90783,1556,王鑫慧,2018-11-26 04:42:16,1,2,1,没有缺过课也认认真真准备了展示，但是成绩就是比翘课也没展示的同学低，给分无敌迷。同一个小组同时被正态，也不管组内成员各自时间付出比例，我服了。唯一的好处就是不点名？
90784,2630,陈明法,2018-11-26 04:44:16,2,2,0,很好很好
90796,1191,陈学群,2018-11-26 05:51:43,0,0,0,代课的老师水平都很好但是陈老师的给分我也很绝望啊
90800,1789,王伟,2018-11-26 06:52:19,1,2,1,觉得挺水的 最后交个报告也就完事了 其实老师人挺好的 也谢谢老师给的成绩
90815,1880,赵璐,2018-11-26 08:45:17,-1,0,1,老师的课挺好的，给分也不错。不过上课一定要发言
90837,1437,周韧,2018-11-26 11:46:43,1,1,0,别的不问，出分是不是太慢了点？
90845,1191,陈学群,2018-11-26 12:53:47,1,1,0,自己删掉了学生发的报告，就不给成绩，还不只一个人。\n\n想要成绩？请到实验室“打工”。\n\n真的垃圾。
90854,4040,王梦令,2018-11-26 15:25:56,10,10,0,贼喜欢拖堂，翻转课堂直接按心情点名回答，让你在回答前各种紧张（因为答不出来会被一波羞辱）
90860,1019,郑莲顺,2018-11-26 16:34:38,5,5,0,郑麻麻人太好了
90866,1789,王伟,2018-11-27 00:32:11,-1,0,1,完全不考虑实际课程的进程
90881,1556,王鑫慧,2018-11-27 03:14:13,4,5,1,明明自己算错了课时，导致最后成绩评定完全看小组展示？虽然假装有一个小小的测验，可是大家都查手机又有什么意义呢？绩杀！严重拉低我绩点！真的是无语了！
90885,1267,郑树森,2018-11-27 04:58:01,1,3,2,真的很好，学到了知识，更学会了如何做一名医生
90933,1416,沈晓红,2018-11-28 00:01:07,5,5,0,论文尽量多点例子，好好分析，绩点不低
90938,314,那仁满都拉,2018-11-28 00:27:53,3,3,0,老师讲的挺有趣的。不定期签到，最后一堂课课堂即兴pre（20min准备包括分组和做ppt），一篇中英文皆可的论文。每节课都去了，上台pre了，论文用中文认真写了，最后4.2，还算可以了。
90976,1789,王伟,2018-11-28 08:54:18,0,4,4,心理卫生上课确实学不了什么，但是老师人感觉还是不错的~很礼貌很生动啊。
91134,3190,周婧,2018-12-01 07:28:38,5,9,4,老师很漂亮！！！而且对学生很好！实验课比较轻松，老师先讲解，同学们再自由看标本，也不会为难学生问刁钻的问题，学习氛围挺好的
91160,1789,王伟,2019-01-20 03:45:30,3,3,0,我无话可说了
91180,1437,周韧,2018-12-03 00:37:45,9,10,1,课有点意思，其实偏人文社科，但成绩的话…50%都是3.5，各位保重
91251,4080,杨巍,2018-12-04 08:33:10,0,1,1,老师超级超级好，讲的特别细致，特别有趣
91277,1789,王伟,2018-12-05 00:50:32,-11,6,17,大学以来的第一门满绩，第一节课有认真听但干货确实不多，没有翘过课，论文3000＋，没做过实验，但点名小测都在，我想说我另一门通识，大家分都比较高，但是班级一个满绩的都没有，但这个课选的人多，外国人也多，好好搞运气好的话满绩的机会还是比较大的，事情也少，老师人很好
91352,1059,王福俤,2018-12-06 07:36:43,34,37,3,专业吹逼
91353,1137,夏梽丹,2018-12-06 07:38:21,1,2,1,人超好，讲的也很有趣
91354,1880,赵璐,2018-12-06 07:39:42,3,3,0,教训，一定要积极回答问题
91355,1059,王福俤,2018-12-06 07:54:54,-8,1,9,觉得老师的课特别好玩鸭 挺幽默的 有点高中生物知识也都能听得懂 满分满分?
91381,151,包家立,2018-12-10 12:17:35,4,5,1,评分很迷
91439,1880,赵璐,2018-12-10 08:14:57,0,1,1,理科生可能会觉得内容不足，但是老师教的东西不只是生科知识，上课风格很温柔。一定要多回答问题！
91606,62,凌树才,2018-12-15 10:49:13,1,1,0,太温柔太负责太有耐心了嘤嘤嘤，给我们画画助理解记忆(*'▽'*)♪
91641,1092,沈岳良,2018-12-17 04:00:53,0,0,0,无聊透顶，浪费时间，建议学校多找一个病生老师吧……
91662,1789,王伟,2018-12-17 10:57:58,0,2,2,不知道在说啥，感觉是开什么会用的ppt直接拿来上课，给分还贼低
91743,83,胡薇薇,2018-12-19 06:47:17,0,0,0,好好好\n\n
91762,623,朱善宽,2018-12-19 13:23:41,2,2,0,实用营养与保健\n\n每节课的老师都不一样就是没看到课表上的这个老师\n\n群里只有助教助教还跟消失了一样不讲考核标准不发ppt
91791,1059,王福俤,2019-01-22 11:06:55,22,30,8,喜欢赵老师和夏老师，上课有很多干货，作业也很少，虽然王老师上课一言难尽，但是还是很喜欢这门通识课啦，另外，期末给分真的好好(^^)
91809,1065,李立伟,2018-12-21 02:58:19,25,25,0,第一次上老师的寄生虫，真的太棒了！我认为是病原里上得最好的一位老师了！听名字以为是位男老师，没想到是温柔又幽默的女段子手hhhh夜半思念成疾爬到肛门找老公可还行？
91813,1802,鲁林荣,2018-12-21 03:47:04,6,6,0,鲁老师棒哒哒！\n\n
91860,763,蔡挺,2018-12-23 12:28:33,0,0,0,老师退休了，后面的没的选了
91892,3405,沈颖,2018-12-24 11:48:44,8,18,10,我非常不喜欢老师的三观。至少跟我的想法出入太大。\n\n我不认为同性恋是应该和约炮滥交并列的行为。\n\n我也不认为今天平安夜获得的祝福和快乐是因为崇洋媚外。\n\n我也不认可老师关于男女差异的观念。\n\n如果只是想水学分的话，请注意有两篇论文+一次考试。\n\n选课请谨慎。
91919,2630,陈明法,2018-12-25 02:28:00,2,2,0,超级好啊啊啊啊啊
91974,1416,沈晓红,2018-12-25 06:51:28,0,1,1,沈老师人真的超级好
92117,1416,沈晓红,2018-12-26 12:51:36,0,0,0,讲得还不错，认真听肯定有收获。
92208,1880,赵璐,2018-12-27 04:58:30,3,4,1,老师脾气很好，也很漂亮，讲的内容很多是和高中生物差不多的，不过这门课最大的收获是展示和ppt的制作。然后就是要发言，恶竞很激烈，并且很多人问的问题质量真不怎么样，希望老师能把这个制度再改进改进。一个学期一次展示一个英文论文，还好吧
92244,3069,柳华,2018-12-27 08:00:46,-1,0,1,呜呜呜呜呜老师讲的真好气质真好今天对我笑了激动地来发评论
92250,1366,马丽琴,2018-12-27 08:42:32,0,2,2,极不负责任的老师，解剖课让学生自己看模型标本，自己从来没有讲解过
92361,1416,沈晓红,2018-12-28 04:08:42,3,3,0,老师真的很好讲课很有趣，如果你好好听，真的能收获挺多的吧。当然她不点名，如果你想水的话，也是可以很水的过的。总共也就两次论文，然后之前有一次做了一个小回答，就是写在纸上的题目。蛮简单的，就随便写写那种。而且给分也挺不错的^o^
92416,1451,夏大静,2018-12-28 12:08:06,3,6,3,作为一门水水的通识课我给老师满分，但是老师给我的分数真的太低了QAQ，考试明明很简单又是开卷，不知道为什么分数这么低，所以我给老师打个8分吧
92419,1789,王伟,2018-12-28 12:31:17,0,3,3,上课瞎bb，选了就相当于找个教室写几个小时作业，期末论文写的挺认真给了3.9，我也不知道该说什么
92442,3078,陈晓,2018-12-28 16:40:39,-1,0,1,。。。
92521,1789,王伟,2019-01-02 00:27:00,0,3,3,心理卫生的王伟的课，怎么说呢，上课氛围很轻松，很水，一学期象征性地点一次名，考试的答案全在书上，最后一篇论文完事儿。想要水的，可以考虑一下，分数随缘。想要学知识的就别选了。
92554,946,韩曙,2019-01-02 17:32:30,21,24,3,韩老师是一个特别好的老师，喜欢段子，讲课细致，各种知识顺手拈来。尤其是当你去了老师的实验室，你会被她的乐观感动的。\n\n顺便隔空喊话欧阳宏伟，居然敢找韩老师麻烦?过来挨打!
92555,710,欧阳宏伟,2019-01-03 04:32:02,27,42,15,冲你拿维护浙大形象当你不光彩行为的遮羞布和对下属老师的公报私仇，一分拿好，不谢
92610,1059,王福俤,2019-01-03 06:13:33,17,18,1,助教给10分 至于老师我可以说不值这么高分吗……
92612,1059,王福俤,2019-01-03 06:24:54,38,43,5,去你的诗歌计入总分，开学时说好的打分规范在你眼里算什么呢?这个老师简直了
92623,1059,王福俤,2019-01-03 06:53:39,16,17,1,我只想说，助教们真是上课既幽默有有用，老师么。。。一言难尽，自从他来了以后我就不知道自己每天在学什么了，还要自己朗诵诗歌并且把诗歌计入平时分？！打扰了
92640,3793,徐玉英,2019-01-03 08:26:01,2,2,0,我是真的不太能认同也不太能理解她
92746,2436,余海,2019-01-04 06:37:58,2,2,0,老师讲的超有趣 想给老师一百分！
92772,4510,陈翠苹,2019-01-04 10:35:06,2,3,1,很温柔很贴心的陈老师
92773,5117,陈辰星,2019-01-04 10:36:31,0,0,0,可爱。
92782,4906,谷岩,2019-01-04 11:53:48,-1,2,3,体验极佳
92829,1789,王伟,2019-01-31 08:24:16,1,2,1,非常差
92831,1137,夏梽丹,2019-01-22 14:42:19,0,3,3,满绩啦！哇……夏老师的课超级棒，比王老师的不知道好多少(^^)(^^)(^^)
92940,1880,赵璐,2019-01-06 05:48:19,0,3,3,很年轻的学霸老师，课程作业包括一次小组展示，一个全英文的论文（不超过两页word她说她懒得看），要是不感兴趣就不要选了，压力还是很大的，绩点是真的低，尤其对我这种水的。
93017,3078,陈晓,2019-01-07 02:38:04,-2,1,3,老师简直有趣，讲课的时候穿插段子，既能讲清楚课又让人一直很精神，真希望别的专业课老师也能如此有趣啊? ?
93107,2472,李晓明,2019-01-07 11:03:30,6,9,3,老师给我们上了两次课，很有趣，神经科学深入浅出，很吸引人
93113,3405,沈颖,2019-01-07 11:41:38,0,2,2,为老师疯狂打抠！！！ 真的很喜欢这门课 成绩还没出考试还没考所以先不说 老师声音很不清楚又常常讲英文ppt也不是特别精致 可是真的内容很充实!资源也很丰富说的也清楚 如果有机会跟老师说话会发现他真的很有想法也很有知识 如果认真听真的很有收获 一不注意会错过很多 不能玩手机电脑 我觉得很正常啊 而且不要太夸张他其实不管你 也不管你出不出席 想要水的真的不用来啦 \n\n就是很喜欢这门课! (每次老师上课放的电影都会成为待看清单)
93211,1059,王福俤,2019-01-08 06:38:19,19,20,1,??‍♂️两个女老师真的很好，很认真很负责的在讲课，认真听的话会学到很多东西的。但是王老师的话，我就hehehe了，感觉全程在装逼，基本没有学到什么东西。总之这门通识课是不错的，感兴趣可以选一下，事情少不用考试。但是凭良心讲王老师不应该有这么高的分数。
93212,1137,夏梽丹,2019-01-08 06:41:42,4,9,5,温柔负责气质佳的一个女神老师！！（不知道为什么分数反而没有王老师那么高qwq）可以安利一下她的营养与健康之艺术这门通识课。\n\n
93221,1059,王福俤,2019-01-08 07:14:54,5,7,2,助教吹爆，教授本人emmmm是不是太能尴尬互动了，还好教授上课时间不长，还是挺开心能选上这门课的
93233,1137,夏梽丹,2019-01-08 07:49:07,21,28,7,老师比王某人好太多\n\n
93235,1059,王福俤,2019-01-08 07:56:11,3,5,2,充分展现自己\n\n
93253,1059,王福俤,2019-01-08 12:09:56,4,4,0,。。。
93393,1451,夏大静,2019-01-09 11:16:21,2,5,3,《健康与免疫》听夏老师和另一位男老师的课挺享受的，上这堂课有几个点要注意：1、高中最好选过生物。2、最后一节讨论课一定要到，会点名。3、ppt要打印（挺多的我觉得）。4、任务少，一次小组展示，期末开卷考，容易被正态。但是老师是真的很好的，喜欢别犹豫，相信自己，选就对了。
93402,2436,余海,2019-01-09 12:01:33,2,2,0,老师上课认真也很有趣，作业任务也不太重
93408,3078,陈晓,2019-01-09 12:22:56,1,2,1,不负责。虽然挺有趣的但是上课基本照念PPT，一问三不知，PPT也是好几年前的，QQ也不回，上完就走，根本没法复习
93415,2436,余海,2019-01-09 12:47:28,4,4,0,一堂真正听进去有内容的通识课，虽然我不是医学专业，但深深被老师的人格魅力打动，好老师
93434,1645,余沛霖,2019-01-09 14:27:00,4,4,0,我和我的室友完全被老师圈粉了！！！真的女神！上课也非常棒！关心学生，知性温柔，特别有气质~在浙大最喜欢的女老师！余女神，我爱你！！
93436,1645,余沛霖,2019-01-09 14:33:33,8,8,0,虽然还没出成绩，但是身边的毒物一学期下来收获真的很大。本来是冲着水学分而选的，但是余老师真的很有气质，人美声音甜，知性又温柔，课上的也很好，文科生也能听懂大部分，导致我每次课都坐前排。周春老师和朱老师还有最后一节吴老师的课都水过去了，只有余沛霖老师的课一分钟都不想错过。成功把我圈粉，还安利给了室友，十分，吹爆！！--余老师的小迷弟留
93445,1416,沈晓红,2019-02-28 06:31:38,1,1,0,很有趣
93611,3588,姒健敏,2019-01-11 02:36:23,0,0,0,健康维护，超级水课，没有一点知识可言。老师总共就来了两次，期末展示花式恶竞，最喜欢学生演情景剧，对拍视频，做问卷，写推文的小组不是很公平。
93634,1789,王伟,2019-01-11 04:05:51,-1,0,1,虽然很水（不，应该说淼）但还是水得挺开心的。不过想认认真真学知识的人还是慎选吧。
93662,575,胡虎,2019-01-11 08:38:58,3,3,0,完了 我爱上他了 我感觉毛峥嵘老师也特别好 病理学课程组太用心了吧 应该组织全医学院来听他们的课 尤其是什么ley啊之类的 应该像胡虎学一下 虽然胡虎并不像ley一样是全世界研究**最厉害的 但是能把课讲得这么好 不管是科研素养还有人文素养 都太高了 最后一节课他说 了解多发疾病是每一个接受医学教育公民的责任 感觉有这样的老师真的是医学院学生 医学院 乃至整个国家和世界的幸运
93714,4814,吴晶晶,2019-01-12 08:04:45,-6,1,7,忍不住了，太烂了
93781,1437,周韧,2019-01-13 14:32:48,1,1,0,不知所云
93876,2621,虞燕琴,2019-01-14 06:36:58,2,3,1,hhh
93910,1059,王福俤,2019-01-14 08:32:26,12,14,2,助教讲的很多干货，也比较有意思，but这个老师全程吹牛，然后附庸风雅，让我们写诗？？？我服了。。。
93951,2069,汤慧芳,2019-01-14 11:49:58,4,4,0,上课就是读ppt，喜欢拖堂
94013,3284,夏强,2019-01-15 01:34:22,6,6,0,哎，英文题比例太大了
94018,2436,余海,2019-01-15 02:21:02,4,6,2,老师真的好好！就是那种由内而外的气质！男神！听了老师的课对医学发展的整个框架都有了一个了解！上课内容一点都不枯燥！真的！强推！
94021,1756,杨敏,2019-01-15 02:32:23,5,10,5,杨敏老师的大英三，最后一节课结束了。\n\n老师最深最直接的印象就是，是个说话就带着笑意的老师！我超爱杨老师，看得出她也超爱她的学生。她教书很有经验了，任何事都做的很周到，课程很完美。与她在课上的交流，从不会因为口语差而担心，反而收到鼓励，也不是没有压力，因为老师从来不敷衍你，甚至有挑战性的反问你。她很看重我们每个人，一视同仁，真好。老师真好，不管什么时候都是笑眯眯的。有几次展示感觉老师失望了，老师不要sad，我们有尽力哦，不会唱歌的我，也练了好久的歌。希望给老师留下过美好的回忆吧！
94058,1059,王福俤,2019-01-15 05:17:58,4,5,1,还行吧，写诗是真的很尬
94118,1824,张伟,2019-01-15 08:14:17,2,2,0,老师人还是不错的，但是让人捉摸不透。平时实验都很简单，最后给我们增加了一个巨难的实验还算入平时分。考试题却又简单的很，真是捉摸不透。
94155,3284,夏强,2019-01-15 10:45:25,3,7,4,这个夏强是个大傻逼吧，英文英文，英你奶奶个鸡大腿呢？你解剖要搞英文起码提前告诉我们一声啊？就这虎逼老师还能再医学院待着，真他妈的服气了。
94164,575,胡虎,2019-01-15 11:11:13,0,0,0,长得真帅啊！！！！色色色\n\n
94237,1756,杨敏,2019-01-16 03:08:36,0,0,0,超级温柔啊啊啊啊啊tenderness
94469,1789,王伟,2019-01-16 15:16:05,0,0,0,我是之前的?选手。我绩点4.2（86）和3.9（85），似乎是被卡绩了…不过算啦，老师都不容易。
94546,2746,李秀央,2019-01-17 07:31:02,2,3,1,just so so
94707,1416,沈晓红,2019-01-18 02:37:40,2,2,0,老师人很好，上课也很有趣。不过最后给分完全看你的两篇论文和课堂小测…不会写论文的慎选吧
94709,1556,王鑫慧,2019-01-18 02:40:28,2,2,0,给分取决于你被分到的小组怎么样吧……我们组其他人完全不做事…期末展示ppt我全程一人完成
94794,623,朱善宽,2019-01-18 07:12:22,0,0,0,管理你的健康，课水，每次课到，作业好好做，小组展示队友不坑，微信素材图文并茂一点，给分不错。对凑k类的文科生很友好。
94981,623,朱善宽,2019-01-18 14:10:58,0,0,0,过了一半跟你讲考核方式，群里问问题助教消失，当说到重大教学事故时，把匿名给关了，很辣鸡的课
95112,1756,杨敏,2019-01-19 00:13:42,2,2,0,我  卡绩  了   难受   但是老师超级好啊
95175,2630,陈明法,2019-01-19 03:48:38,11,11,0,考完形态学虽然感觉自己考得不好但完全是自己的问题，担心出分会或多或少地影响评论的客观性，所以在出分之前来公正地评论一下。陈老师真的是我来浙一年半遇到的为数不多的最好的老师之一，上课很认真很负责，总是说如果我画图讲清楚就会花很多时间，但是就这样ppt一张一张翻过去又怕你们没懂，真的是愿意尽己所能地把所有知识都教给学生。一直很担心标本的福尔马林味道和一个早上高负荷的工作会影响到老师的身体，每次看到老师被福尔马林味熏到脸通红眼睛睁不开还是要坚持把每个结构都清清楚楚地指给我们看就觉得真的挺心疼的，课后问问题的时候老师回答很认真还会顺带着把其他重要的结构在标本上帮我指出来加深印象，早上的课经常要上到很晚才能去食堂吃饭，老师说自己早就退休了但是因为学校缺解剖老师所以一直坚持上课，这么大年纪了真的很不容易。我想这就是为人师表真正的样子吧。祝老师身体健健康康，万事胜意！谢谢老师！【鞠躬】
95468,1756,杨敏,2019-01-19 12:31:00,1,1,0,老师蛮好的 组织很多次活动也很好 但可能小组任务略多 相当于每学期要做多次展示emmmmm然后平时很温柔有时候很严厉吓到我了 最后大英要好好学呜呜呜(┯_┯)自己不努力 严重拉均绩 我真的错了
95519,1756,杨敏,2019-01-19 13:54:21,1,2,1,很OK
95634,1789,王伟,2019-01-19 16:42:13,5,5,0,辣鸡王伟，拉我均?，毁我青春！
95638,1789,王伟,2019-01-19 17:02:46,1,2,1,医学心理学的王伟很好啊？考前划的重点全靠到了，而且按着考题划重点的老师我真的一次见
95665,1789,王伟,2019-01-20 00:12:57,1,1,0,上课瞎bb，还拉低均绩，報警了
96263,151,包家立,2019-01-20 15:24:20,5,5,0,这老师给分也太迷了吧，全按自己喜好随便给？
96629,151,包家立,2019-01-21 08:13:03,2,3,1,这什么给分啊？？？
96710,1756,杨敏,2019-01-21 09:31:17,1,1,0,老师很温柔，很有耐心。就是上课略略有那么点无聊...给分就正常叭，不是很看重课堂表现，关键还是期末考吧（我jio得）。老师人是真的好!!!
97282,1059,王福俤,2019-01-22 07:46:56,26,27,1,吹一堆没有意义的牛逼……
97284,1059,王福俤,2019-01-22 07:50:13,-12,3,15,个人觉得老师上的课充分体现了艺术二字，可以感受到浓浓的科学和艺术的氛围，开阔了眼界，了解到了一些科研的知识，对于眼界的提升可能比知识本身更为重要吧。老师非常幽默，让我们写诗也是一次难得的体验啊，总之老师的课真的非常有意思哦⊙∀⊙！
97289,1137,夏梽丹,2019-01-22 07:52:47,1,2,1,老师幽默风趣，可以学到好多东西
97301,1137,夏梽丹,2019-01-22 07:57:02,0,3,3,满绩小天使！！老师的营养与健康之艺术超棒！
97323,1059,王福俤,2019-01-22 08:08:33,1,9,8,两位助教小姐姐很不错!很用心!每节课都有很多干货( ﾟ∀ ﾟ)\n\n王福俤老师是一个很有趣的老师...不过他上的课主要是关于他自己的科研故事，课后和老师探讨会有很多启发!希望王老师能够揭开Slc39a14的全部奥秘(´-ω-`)\n\n写诗这件事嘛...我反正不反对。毕竟，“诗歌，美，浪漫，爱情 这些才是我们活着的意义”
97423,1059,王福俤,2019-01-22 08:49:08,14,15,1,不考试，绩杀\n\n尽在那里瞎比比自己在哈弗的事了\n\n还逼每个同学写诗\n\n上课每个人念了自己的诗三遍\n\n不尊重努力学习的同学\n\n上课超级尴尬\n\n喜欢点人回答尴尬的问题
97469,4286,蒋磊,2019-01-22 09:12:32,4,11,7,虽然还不知道成绩，但是我按捺不住吹爆蒋老师的心情!上课清晰有条理，关键是考题真的浓浓师生情!!
97493,1059,王福俤,2019-01-22 09:23:13,0,1,1,夏老师和赵老师真心不错，王老师就是有点爱炫耀…期末老师给分大善良了，竟然卷面会有100分的存在? ?
97734,2746,李秀央,2019-01-22 14:25:36,1,2,1,给分就不评论了 但是出题很刁钻? 大家自行体会好了
97802,1137,夏梽丹,2019-01-22 17:25:36,7,14,7,不懂这门课的评分标准。。。满?的人当然是来开心评论了，卡绩先不说，绩点给的真不怎么样，完全不知道区分度是什么。。。
97834,1137,夏梽丹,2019-01-22 23:35:32,5,9,4,上课还挺好的。只是给分低的莫名其妙了，也没有具体的各项分数构成，感觉不公平。
98124,4286,蒋磊,2019-01-23 05:47:55,4,9,5,老师超可爱！
98131,4286,蒋磊,2019-01-23 05:56:42,1,7,6,很快很清楚
98260,4286,蒋磊,2019-01-23 08:48:05,4,10,6,爱的深沉，这么可爱的老师\n\n
98289,4286,蒋磊,2019-01-23 09:19:49,3,10,7,great
98297,4286,蒋磊,2019-01-23 09:32:57,4,12,8,超级好的老师，和蔼，讲课有条理(虽然我有事还是想睡觉，怪我自己)\n\n给您十分，开始感觉老师大概是博士生之类的，因为很年轻。但是最后发现老师是有家室的人了！蒋老师太年轻了吧！爱了！\n\n顺便吐槽今年理论考，是真的偏啊。。。学弟学妹们要注意了！\n\n满分26，我16.5都排了第四。。。怕了怕了
98522,4286,蒋磊,2019-01-23 14:20:50,2,7,5,棒棒棒
98708,575,胡虎,2019-01-24 00:04:39,0,0,0,老师真的超级棒啊，很喜欢的一门专业课的老师，病理好好学还是能有很大收获的，最后也会有好的回报呦
98743,3078,陈晓,2019-01-24 01:15:18,-1,0,1,我只能说......感谢老师不挂之恩……
98744,62,凌树才,2019-01-24 01:16:10,0,0,0,我只能说......感谢老师不挂之恩……
98788,1416,沈晓红,2019-01-24 02:36:43,1,1,0,老师很温柔讲课也很认真，有几个案例感觉还触动了我内心深处，论文认真写老师给分还挺好的
98948,1092,沈岳良,2019-01-24 05:32:28,0,0,0,感谢老师给的各论2资料！！！
99112,62,凌树才,2019-01-24 09:24:38,1,1,0,讲得很好，是一本会移动的全书，温柔，信心，实力圈粉
99358,3284,夏强,2019-01-24 15:28:24,-3,0,3,老师出现好少，会不会是出场费太高？
99374,4906,谷岩,2019-01-24 15:40:16,3,4,1,要是能重来
99539,2436,余海,2019-01-25 02:27:39,-1,0,1,给分棒！
99632,2436,余海,2019-01-25 04:20:48,1,2,1,一门从未点过名但我一节也不想翘的通识课。而且给分也超好。
99898,3405,沈颖,2019-01-25 09:19:07,0,2,2,就说一点，老师会去搞搞清楚三分一档和正态是怎么操作的然后让大家的成绩尽量highhigh这还不够么
99938,547,陈坤,2019-01-25 10:14:56,-3,32,35,临床流行病学与循证医学均绩要是真能上四我当场跳楼，出成绩那一刻我甚至怀疑是不是系统故障
99953,2832,金明娟,2019-01-25 10:38:57,15,17,2,一直听说公卫的试卷都是研究生乃至本科生批改的，主观随意性很大。看到流病的分我信了，而且哭了。题型都会说错的学院，真的是无语了。
100011,1416,沈晓红,2019-01-25 12:37:40,4,4,0,真的是超级温柔的老师 会说很多的案例 给分也不错
100034,1416,沈晓红,2019-01-25 13:01:04,6,7,1,讲课很有趣，但给分真的迷。毕竟两篇论文也看不出什么。
100052,1416,沈晓红,2019-01-25 13:24:45,0,2,2,这个课真的知识量满满，听了一个学期很有收获，本来想做其他作业结果认真听完了三节课。如果认真听，对大学生真的很有帮助（会给ppt)。老师说了，希望同学们听完她的课能自助，更能助人！最后给分很好。
100072,1416,沈晓红,2019-01-25 13:43:30,0,2,2,拿了大一第一个满绩～讲课干货也很多，喜欢老师～
100084,2621,虞燕琴,2019-01-25 14:11:52,1,1,0,给分很严格
100112,1824,张伟,2019-01-25 15:14:36,0,1,1,模电实验老师很好，可是五级制快去死吧，这他妈分差太大了吧
100119,1824,张伟,2019-01-25 15:18:38,0,1,1,张老师人很好很耐心，最后也成功收获4.5，好评
100209,2436,余海,2019-01-25 23:23:17,2,2,0,上老先生的课就没玩过手机，推荐
100267,1416,沈晓红,2019-03-18 09:57:33,2,6,4,老师上课挺好的，但是每节课都去作业都交了认认真真写三天论文最后绩点下四真的很难受
100350,1416,沈晓红,2019-01-26 03:25:10,2,3,1,一般般
100409,2436,余海,2019-01-26 05:37:40,-2,1,3,【医学史】老师是医者，学者，也是教育者啊。强烈安利医学史，能学到好多！（最喜欢在课上和小伙伴就老师讲授内容进行讨论啦！）日常不点名，期中一篇1000手写，期末一篇3000电子，论文都是医学主题的，感兴趣并且上课认真听的话很好写的！最后一节课老师还带我们梳理了一下3000的论文可以从哪些角度来写呢～不太清楚有没有正态 不过我差一分就能满绩呜呜呜呜 不过，能学到这么多东西我已经很满足啦！如果对医学感兴趣，真的推荐这门课程呐！
100497,1059,王福俤,2019-01-26 08:04:30,-15,3,18,喜欢王老师，风趣幽默
100508,1880,赵璐,2019-01-26 08:25:22,-4,6,10,期末论文要求是近五年最新的生科方面的研究成果 辛辛苦苦看了nature翻了很多文献写的全英论文 分数奇低 想不通问老师 老师说：你没有提出自己的质疑。 我要是能对nature研究成果提出质疑我还上你这个课干嘛请问？你质疑一下nature看看？ 另外 不发言等着被绩杀 不要等最后发言 你发言了一次之后 后面的机会都会被让给没有发过言的同学…
100550,1556,王鑫慧,2019-01-26 09:34:41,-1,1,2,绩点低的要死，微信群里还有个老师天天拉票，让我们投票
100671,1451,夏大静,2019-01-27 06:08:21,-8,4,12,恶心   垃圾老师
100724,1451,夏大静,2019-01-26 15:35:36,1,3,2,垃圾正态分布垃圾晚课
100789,1451,夏大静,2019-01-27 00:28:12,0,2,2,开卷考多写鹅颈就完事了
100861,3405,沈颖,2019-01-27 03:16:12,2,2,0,进化的大脑与偶成的意识。\n\n课是好课，但老师观点偏激进，非常直男，比较歧视（）女性和文科。\n\n给分并不好，短学期两篇论文加上考试，但这门课本身挺好的。\n\n选课慎重。
100868,3405,沈颖,2019-01-27 03:35:36,2,2,0,老师布置的两篇论文我都有很认真写字数都超出了一倍以上，考试也写的很多，上课也发过言，最后给分很迷很迷，第一门通识课就这样被正态，佛了。。\n\n
100885,3405,沈颖,2019-01-27 04:17:04,2,2,0,理论上来说内容是有趣的，但老师讲得挺无聊。我的确不怎么认真，惨遭正态，姑且不怪老师。
100891,3405,沈颖,2019-01-27 04:37:48,5,6,1,短学期花费心思最多的一门通识课，两篇论文是秋冬学期写得最认真而且自认为质量最高的两篇。考试前复习了两天，自认为考试题目也都完整答上了，也别说字数，估计没几个人写得比我多。上课也积极发言登记了，最后的绩点拉低均绩，为了凑学分选得这门课，呵呵，宁愿没学分也不选这种课，再见。
100912,1451,夏大静,2019-09-18 11:40:39,0,20,20,那些说正态分布骂人的，你们有没有脸啊，自己答成什么样子自己心里没点数吗？我也是非医学专业的也拿到了4.5呀。自己一个个差成什么样没点自知之明。你们凭心而论老师每次课是不是准备得非常充分？！用没用心讲你们这些上课不听讲考试不认真的垃圾也不知道就是。只是看着你们这么诋毁一个用心的老师实在是恶心！多从自己身上找找原因吧！羞与你们这些人同为校友！你们这些人也就只敢藏在这种匿名平台乱叫，有本事贴出你们的试卷在阳光下让大家来看看啊！恶心！
100922,3405,沈颖,2019-01-27 06:20:36,0,0,0,课有点无聊，有点催眠。两篇论文和考试都认真准备了，结果被正态，呵呵哒。如果是为了凑学分，建议别选，事多，分低。\n\n
100938,849,严杰,2019-01-27 07:18:08,4,5,1,我个人觉得病原的老师都蛮不错的，也不会考超纲的东西，上课认真掌握就好，可能就是重点不太明确吧…可以参考一下历年题…最后表白一下李立伟老师，寄生虫上得太赞了，我最喜欢的专业课老师了?！一定要上您的课！
100951,3405,沈颖,2019-01-27 07:49:56,3,3,0,课程内容非常有意思，认真听课真的收获很大。老师也是好老师，要求都说得明明白白，不点名，反复提醒交论文。平时发言要积极，论文写多点字吧还是，考前记得先看一遍ppt，考试就猛写就好了。老师出分蛮快的。
101030,1789,王伟,2019-01-27 09:42:07,2,2,0,无话可说了，泛函gg
101031,1789,王伟,2019-01-27 09:42:35,10,10,0,数学系小王伟：原IMO金牌，北大优秀毕业生，水平一流没得说。不过他大概没有适应浙大数院的平均智商，各种智商碾压。给分很求是，不是很用功的话绩点容易凉凉。
101165,3281,张丹丹,2019-01-28 00:20:12,0,3,3,请问老师的女性生殖健康怎么样
101201,3442,杨云梅,2019-01-28 01:57:42,1,1,0,每节课签到，上课发言会加分，有一次小组展示。随便水水，代表小组展示，最后4.2，虽然比我其他课的绩点低，但也没有很绩杀。\n\n选上的同学，千万不要翘课，尽量每次上课发一次言，争取展示，期末考试的内容都是老师课件里的(开卷考)
101242,3442,杨云梅,2019-01-28 02:38:35,1,1,0,强烈建议平时爱发言的同学选，给分绝对令你满意，讲的也不错，是一门对文科生十分友好的通识课
101253,1645,余沛霖,2019-01-28 02:46:40,4,4,0,老师声音超级好听！也从来不会点名虽然我没节课都坐第一排吧，坐第一排写其他作业老师也不会说的！听老师上课真的就是一种享受！！！！
101255,1645,余沛霖,2019-01-28 02:48:10,5,10,5,身边的毒物想用通识刷分的话这门课慎选吧?
101260,1645,余沛霖,2019-01-28 02:52:59,4,5,1,余老师很有气质说活又好听\n\n事不多就一篇期中论文期末考试把ppt全打印下来基本都找得到，最后一题是主观题会问一些ppt上没有的但是课上讲的内容或者是看的视频的看法，课每节课都去了问题不大，给十分！\n\n
101265,1645,余沛霖,2019-01-28 03:04:06,3,6,3,上课好，余老师是典型的具有知性美的女性了。事情少，就期中一篇论文没有其他作业，期末的回忆卷98上有。期末pdf很多，平时上课要认真上，不然考试你会懵逼的，考试不需要理化基础。给分迷，花的时间不少也就这么点分数，有点自闭。
101271,1645,余沛霖,2019-01-28 03:09:08,4,4,0,老师讲课特别好，声音很好听很好听，逻辑条理也都很清楚。但是我感觉给分挺迷的。考试大部分答案ppt上都找得到的，找不到的都是课上的内容我也都写出来了，但是最后成绩不是很好。
101273,1645,余沛霖,2019-01-28 03:10:17,3,3,0,虽然卡绩了 但是已经是万年通识课不上4的我结果最好的一门通识课了 而且老师上课内容挺有意思的 有很多案例和小视频 就不会觉得枯燥 老师声音也超温柔好听 个人觉得考试不刁钻也不谜的 我们这次考试是开卷考 5道主观简述题 出的题属于很容易就能看出你上课有没有听的那种 所以建议下一次选这个课的同学们上课稍微认真一些听… 因为有的东西ppt上只是简单点了一下 但是老师会口头展开 平时没啥任务 只有一篇期中1000多字的小文章 这可能是我大学最后一门通识课了 很喜欢这门课 推荐推荐
101288,1645,余沛霖,2019-01-28 03:26:11,0,0,0,超级可爱的老师，课程要求低，事情少，学的东西有用
101367,2436,余海,2019-01-28 05:52:48,0,1,1,老师人超好 本人医学生\n\n认真写论文 嘻嘻嘻嘻嘻\n\n给分超级棒
101380,1645,余沛霖,2019-01-28 06:10:45,0,1,1,余老师人美声音甜，讲课特别有意思。身边的毒物是我在浙大听得最认真的通识课啦！给分还不错吧，我每节课都听，期末只打印了ppt没额外花时间复习上课讲的内容，最后4.2
101392,1645,余沛霖,2019-01-28 06:32:14,2,2,0,身边的毒物课程是少有的我每节课都坐在前排听的通识课 考试一定要带好ppt 没有打印ppt凭记忆写最后只拿到了61分 随缘吧
101467,2176,王会平,2019-01-28 09:02:52,-4,2,6,渣渣老师复读机 从未见过如此厚颜无耻的人 上课讲的那么垃圾还有资格来考试，侮辱了医学
101523,2176,王会平,2019-01-28 10:48:10,2,2,0,生理 教学水平一般 上课催眠 人挺好  期末会发复习资料 建议学弟学妹认真把复习资料熟练背出
101524,4286,蒋磊,2019-01-28 10:50:28,4,12,8,超级可爱的老师，可爱的会跟我们斗图，打趣，会问我们绩点怎么算，，，给分也是超级好，超爱蒋老师，人美，讲课好，关键是，他说的重点真的是考点。顺便吹一下陈晓老师也超级赞\(≧▽≦)/
101525,3078,陈晓,2019-01-28 10:51:41,0,0,0,超棒啊
101662,3405,沈颖,2019-01-29 00:18:16,2,2,0,给分比较公正，课挺有趣但老师只读ppt的确有些无趣。
101772,1702,毛峥嵘,2019-01-29 04:55:09,5,5,0,绝对的好老师！上课很认真，讲的很好。
101773,2297,陆源,2019-01-29 04:56:06,2,2,0,生科这门课，给分极差，事情巨多，都是ly所赐！！！
101792,2830,陈周闻,2019-01-29 05:25:52,3,3,0,emmm我上个学期的来补评，给大家做个参考吧。首先，这个老师是所有形策老师里事情最多的。每次课展示？！我的吗，通识课事都没这么多。然后还要写什么报告，当然期末考是必须的。最后给分个人觉得不好。我3.6，室友和其他同学基本都4+的…问题是他们除了点名就没其他事情了！这点就很不开心了！！我是换课没换到其他老师才选过来的，悔得肠子都青了，其实就1学分啦，分数什么的也就算了，事情太多了QAQ慎选。
101800,2739,唐修文,2019-01-29 06:17:23,1,1,0,同一学期出卷难度不一，一生黑
102033,1065,李立伟,2019-01-30 05:50:14,6,6,0,这么棒的老师竟然没9我不服气啊啊啊啊啊！最好的专业课老师！我要成为您的迷妹！！！嘤嘤嘤不论分数，单凭上课您就是最棒的好嘛！打低分可能是因为病原成绩吧…我不管，必须上去！！！
102144,1416,沈晓红,2019-01-30 16:22:46,0,2,2,心理卫生课 老师太可爱了虽然她肯定根本不认识我233但给人的感觉就是很亲切呀上课认真听可以收获很多的 选到就是赚到嘿嘿
102360,3405,沈颖,2019-02-01 07:23:27,17,22,5,进化的大脑，我真的是被赋予我们记忆爱情和美梦这一个名字吸引的文科生，没想到老师上课这么无聊（中英夹杂含糊不清几本就是读ppt+放一小段电影）说实话要是对这方面感兴趣的话别上这个通识，自己看一些科普杂志或者读书也是可以的，这课没有什么特别的帮助。但是老师不点名，考试就是抄ppt，拿分就靠两篇2000字论文吧。不解的是为什么大家说自己论文写得好都爱说自己写了要求字数的两倍呢，我感觉字数不是重点，关键是能不能写出东西吧。对论题没有自己的观点，就算写到8000字又如何呢？文章还不是一包花拳绣腿言之无物的空壳吗？反而自己写的时候也痛苦，老师读起来也累，给这样的论文高分，是老师看你辛苦，给低分也是老师求是罢了，学生又有何理由心生怨怼呢？
102380,1756,杨敏,2019-02-01 09:51:17,0,0,0,很不错的老师，虽然平时分有点低，但是上课还是很耐心负责的
102653,1556,王鑫慧,2019-02-17 10:26:50,1,2,1,给分完全靠最后一节课的展示？给分真不咋地。但是来的两个老师讲得都很好，会让我觉得医生真的挺神圣的。
102684,2356,沈毅,2019-02-20 08:29:45,0,1,1,老师非常好
102685,2356,沈毅,2019-02-20 09:01:31,2,3,1,深入浅出。很枯燥的课讲的引人入胜
102686,877,徐恩萍,2019-02-20 09:58:47,-1,1,2,徐老师课程讲的还可以，中规中矩，但是考前小测很有用，部分考到了期末考试题目，也会教大家描述小技巧，综合来说还是不错的，因为课程其实只有八课时，一半是组胚，只有四课时的比较，也东西与理论相差不大，我觉得和马丽琴老师等差不多，选上没必要换别的老师
102688,5189,应颂敏,2019-02-20 10:02:36,-1,1,2,主要负责创新性实验，感谢博后张老师，大部分都是博后和师姐来跟我们谈的，如果真的有自己的想法并让同学选择你，选这个就很好，自由度很大，大到老师基本上都不管事情，但物资上充分支持，所以适合想搞事的同学试一下 但要学生自己承担解决所有方案的问题
102834,1451,夏大静,2019-02-24 02:47:35,1,1,0,还不错嘛
102981,4286,蒋磊,2019-02-25 07:54:24,6,11,5,人很好
103061,1451,夏大静,2019-02-26 00:25:46,-9,1,10,为什么没有零分
103086,222,吴希美,2019-02-26 02:29:43,-7,3,10,老师的儿子特别可爱
103087,222,吴希美,2019-02-26 02:30:37,-7,2,9,吴老师儿子真的很帅，一个很暖的xgg，太帅了
103096,415,丁世平,2019-02-26 02:57:49,5,5,0,老师的课条理真的很清楚了，而且qq上问问题回答得很快而且超级详细！顺便表白所有的组胚老师，都是天使吧1551！
103157,1271,朱益民,2019-02-26 08:34:09,3,3,0,很舒服
103195,3854,孙启明,2019-02-26 15:00:08,5,5,0,老师很温柔的人了，看到老师就很开心
103259,1789,王伟,2019-02-27 04:46:20,1,1,0,呵呵呵，这种老师怎么混进来的
103273,4906,谷岩,2019-02-27 06:02:08,18,19,1,精神折磨，学生是孙悟空，他是唐三藏
103325,3588,姒健敏,2019-02-27 10:10:17,-1,1,2,水是挺水的，应该是我上过的最水的一门通识课，课上讲的完全是一些常识，而且也无聊，不如自己做其他事情，任务倒挺少，就两次展示，ppt好好做，做的尽量漂亮，期末展示花式恶竞，拍视频、做推文、搞调查问卷等等，反正尽量花样多一点……好好搞最后分数不会低，这是我第一门满绩的通识，但不建议大家上
103340,1645,余沛霖,2019-02-27 11:08:21,1,1,0,女神老师！希望卫生毒理学还能上她的课
103344,1416,沈晓红,2019-02-27 11:22:04,-8,4,12,想学到心理学干货的可以不用选了……上课的内容都是没啥营养的话（个人觉得）
103363,2973,张晓明,2019-02-27 13:16:57,10,10,0,用语言能形容出的老师不是好老婆
103399,1065,李立伟,2019-02-28 02:20:50,3,4,1,老师人超好
103460,314,那仁满都拉,2019-02-28 07:59:35,6,6,0,不喜欢迟到和后排哦，谨记
103553,1880,赵璐,2019-03-01 03:40:10,11,12,1,有人说没发言的成绩低，我觉得是真的。因为平时成绩按发言次数给分。其实老师的目的就是让大家走出来，勇于交流。生物好不好其实问题不大，主要评分标准是你是否认真对待发言和展示以及最后的论文。论文有字数上限，所以不用担心恶竞。老师很有气质，年龄方面代沟和我们也很小，给分超好，只要你勇敢发言！另外这门课对于ppt制作和展示也有很大的指导帮助，很能锻炼我们的综合能力！全班都会听课而不是水手机，作为通识课，这门课很棒！我上的是生命科学经典发现解读。?不过还有一个建议，因为有的同学为了避免被正态，会去选那些没回答过问题的，即使他们不举手不积极，美其名曰给没回答过问题的同学一个机会。这样正态的还是那些不回答问题的，但是提问者自身会更安全。我非常支持回答问题得分制度，但希望老师能够考虑下这个缺陷。
103664,3284,夏强,2019-03-04 02:12:25,3,3,0,基导课距离期末考试就几天了说有一半题英文???还是有同学去问才知道，那要没同学问是准备给我们个惊喜咯?学生手册上写着第一节课“明确考核标准”，上一半改了就算了，早通知也算啊，藏着掖着是什么意思？
103714,1059,王福俤,2019-03-04 12:08:21,31,32,1,为什么没有0分
103760,3854,孙启明,2019-03-05 05:33:41,1,1,0,老师超级帅超级温柔！
103761,1416,沈晓红,2019-03-05 05:34:28,2,2,0,上课太有趣
103851,1824,张伟,2019-03-06 10:02:09,-3,0,3,10分给电路的张伟老师，感觉人很好，要求也少，模电实验甚至不验收。（雾）
103853,2746,李秀央,2019-03-06 10:25:18,22,25,3,莫名其妙的一个老师，说话听起来很不舒服，这个是个人问题就不多说了，六点半上课，五点五十多就到教室来了，然后就开始做题？？？有没有考虑过五点半下课的同学，一个统计课有课前作业课后作业，破事贼多
103857,2746,李秀央,2019-03-06 11:23:53,15,19,4,沙雕老师，在线做题
103867,314,那仁满都拉,2019-03-06 13:51:02,0,2,2,就凭课上的最后一句，我愿意给老师十分
103869,1267,郑树森,2019-03-06 15:24:15,1,2,1,是一种很好的体验
103870,3116,赖蒽茵,2019-03-06 15:29:48,13,13,0,实话说我觉得作为学生不应该骂老师\n\n\n\n但是我真的没见过上课这么垃圾的还各种吹嘘的老师，我觉得他的讲课从头到尾都体现着乱讲
103872,4286,蒋磊,2019-03-07 01:06:27,14,22,8,大概再也上不到重点这么明确题目和给分都这么良心的专业课了orz\n\n老师上课条理也很清楚，偶尔会讲一讲有趣的题外话，神经那边还会给我们画图帮助理解，真的非常棒(◍ ´꒳` ◍)\n\n蒋老师太可爱了！我刚看到她还在想有没有男朋友结果孩子都有了orz太年轻了皮肤巨好我酸了hhh
103873,1366,马丽琴,2019-03-07 01:08:39,1,1,0,我上的是老师的解剖实验课，老师让同学讲解和出题，虽然也有好处，但是我觉得老师还是应该自己讲解一下标本，让我们更好地理解。\n\n虽然感觉有点不负责，但是平时分还是非常师生情了，人还是很好的。
103879,4650,卓巍,2019-03-07 02:23:00,0,3,3,太帅了吧 我哭 ！！！这样的老师我站着都愿意听课啊
103895,5166,危晓莉,2019-03-16 10:41:12,1,1,0,危老师也太好了吧 必须拥有9分以上
104151,4906,谷岩,2019-03-13 05:24:31,13,15,2,我把屁屁踢拷到word，word读的都比他好\n\n中科大出来的吗\n\n怕他把自己读催眠了
104152,946,韩曙,2019-03-13 05:26:45,2,3,1,超级好的韩妈，一切为了学生
104200,3116,赖蒽茵,2019-03-14 00:32:14,9,9,0,不知所云...他上课吵到我自学了orz
104201,3116,赖蒽茵,2019-03-14 00:39:43,1,2,1,本来觉得虽然上课不行但人还行，但自从出现变相鼓励恶竞的行为后，dbq，是我错了
104238,1287,杜亚平,2019-03-14 10:49:10,2,2,0,一个一个叫人起来翻译PPT，浪费全班同学的时间。
104356,2453,骆严,2019-04-14 10:50:36,2,5,3,老师真的perfect！课后有不懂的可以直接微信问！而且你发一行他回十行！爱了！
104376,3116,赖蒽茵,2019-03-19 04:12:50,4,4,0,自己不会讲，上课没干活还一定要学生去听。。。浪费时间好吗
104402,1470,胡济安,2019-03-19 23:22:00,12,14,2,过度恶竞
104405,1470,胡济安,2019-03-20 00:53:05,11,13,2,学分作业比最低的课
104415,3069,柳华,2019-03-20 02:59:24,2,3,1,女神 人美声甜
104416,3069,柳华,2019-03-20 02:59:29,0,2,2,如沐春风
104433,2630,陈明法,2019-03-20 10:37:18,2,2,0,老陈小可爱啊啊啊啊！！！
104471,3284,夏强,2019-03-21 06:59:43,8,10,2,前排是不是太悲愤主观、踩得太过了? 能在浙大这种地方当我们的老师，能力水平应该都是了得的。可以感到他在生理学领域还是蛮渊博的，我以前翻过些往年执医真题，发现他真的出过不少执医考题。但是他的个人特质原因，浅显易懂、有条理地讲出来给我们听，可能是做得不够好。所以上他的课最好要事先预习。
104499,3069,柳华,2019-03-22 00:19:55,-1,0,1,实在是太好了 老师很负责 很为学生考虑
104643,1059,王福俤,2019-03-26 01:10:54,41,66,25,读研千万千万别选这个老师，完全不尊重学生人格，会在组会上公开羞辱学生，还会随意骂人脏话，要求所有人都要仰视他，发文章会把自己老婆挂共同通讯作者，还会记仇，气量很小，因为某些事被撤过公卫的院长，私德太差，曾有博士生出现过严重的心理问题，进入他的课题组就是压抑生活的开始。。。不把学生当人看
104694,1789,王伟,2019-03-26 04:42:41,5,5,0,医学院的王伟，先不说水平的事情，主要是人品有问题，不敢为自己的失误承担责任，改论文的研究生态度贼烂，呵呵了
104782,3116,赖蒽茵,2019-03-28 01:43:59,6,6,0,对不起，对于赖伯伯的教学水平我真的无语。好心疼自己要上这样的生理课，浪费时间浪费金钱又没学到知识。
104807,1059,王福俤,2019-03-28 03:53:32,19,20,1,一言难尽，mdzz
104810,1059,王福俤,2019-03-28 05:23:28,23,23,0,脏话张口就来，上课毫无意义。
104850,2746,李秀央,2019-03-28 16:35:58,4,7,3,辣鸡公众号智能助教系统……
104978,1059,王福俤,2019-04-01 13:49:53,24,24,0,上课就下载一个人卫的ppt也不好好讲划水大标题，然后花一个钟头重点介绍自己一条一条念自己怎么怎么牛逼。假装谦虚说你们不要看不起我。对不起，您这个做法只会让更多的同学看不起您。
105009,3854,孙启明,2019-04-02 07:02:18,1,10,9,生化不咋地
105070,1191,陈学群,2019-04-03 06:00:31,1,1,0,真的想睡觉 听他讲课
105086,1702,毛峥嵘,2019-04-03 10:44:05,-3,8,11,我上的是毛老师的通识课——人体探秘巴拉巴拉。我觉得毛老师和其他老师上课是没问题，无可诟病的，但是这门通识课事情多，仅此告诉学弟学妹这一信息，如果真的没兴趣想刷分，请别选这门课（你比不过恶竞的医学生）
105102,1287,杜亚平,2019-07-17 17:41:32,0,0,0,辣鸡，完全没有营养的课
105129,1702,毛峥嵘,2019-04-04 05:43:29,-2,6,8,通识课--人体探秘。老师是好老师，但课程内容比较专业，对非医学生来说不是很友好，作业也是。作为一门通识课，事情有点多：四次作业加考试，还要在MOOC上刷视频。更可怕的是，恶竞不过医学生。如果不care这些还对医学知识感兴趣，这门课还是推荐的。如果想水学分或者刷绩点的话，还是不要选这门课。
105159,2728,竺可青,2019-04-24 09:18:30,5,12,7,你是ZJ同学的救星\n\n没有你 ZJ医学院转专业何以成功？\n\n浙大转专业应该改成考试，按成绩说话，光面试就有这种靠关系的暗箱操作。\n\n垃圾，为了让自己儿子转入连绩点很高的都乱刷\n\n
105209,1789,王伟,2019-04-07 12:02:35,-15,4,19,我是ikun，考前刷蔡徐坤nmsl，看蔡徐坤打篮球，结果我满了
105246,1824,张伟,2019-05-31 09:26:17,-19,0,19,我是ikun，考前刷一波蔡徐坤nmsl，看几场坤的几场顶级篮球赛，竟然满了
105327,314,那仁满都拉,2019-04-17 11:29:28,8,9,1,这老师嘴巨毒，事情还很杂。观点狭隘，太高高在上了
105390,2746,李秀央,2019-04-11 09:56:52,1,2,1,认真负责，理论联系实践，好?
105484,751,林旭瑗,2019-04-15 07:01:13,0,4,4,病原课老师讲的还不错啊
105497,222,吴希美,2019-04-15 12:07:34,-6,1,7,儿子太帅了！
105678,4510,陈翠苹,2019-04-18 08:47:54,0,1,1,陈翠苹
105682,2952,孙秉贵,2019-04-18 10:28:54,2,2,0,好！！
105757,2952,孙秉贵,2019-04-20 05:02:24,3,6,3,ppt全中文，讲课没有废话不跑题，课堂效率高；复习起来很好接受。
105813,494,詹金彪,2019-04-21 05:52:45,5,5,0,应该还很好的吧？
105847,3281,张丹丹,2019-04-22 02:24:07,0,0,0,嗯哼？
105848,3450,徐向荣,2019-04-22 02:24:21,1,1,0,嗯哼。
105856,2746,李秀央,2019-04-22 05:14:30,-5,8,13,不能再满意
105857,2746,李秀央,2019-04-22 05:26:55,13,16,3,搞毛线啊，两个老师讲的完全不一样，考试却按李秀央讲的考，还是平时作业的文献直接往上放。简直有毒啊。统计学凉了
105964,1287,杜亚平,2019-04-23 15:45:28,0,0,0,大水课
105966,2973,张晓明,2019-04-23 17:09:27,4,5,1,很关心同学的老师啊。而且有很多奇妙的见解。
106011,2728,竺可青,2019-04-24 09:18:18,5,6,1,4.5那个评论主人可真是输得卑微，
106050,3490,王一红,2019-04-24 14:44:49,3,3,0,诊断考教分离，牛逼。 可是杨再博可以5.0
106070,3490,王一红,2019-04-24 23:21:26,0,0,0,.........................
106154,2952,孙秉贵,2019-04-25 10:16:06,1,1,0,bggg比l伯伯好多了
106223,1287,杜亚平,2019-04-25 22:46:55,1,1,0,随便做做，满绩
106231,1880,赵璐,2019-04-26 01:03:34,-2,2,4,给分好奇怪
106329,1532,胡小君,2019-04-26 10:45:48,2,4,2,很多个老师一起上课，认真听还是有帮助的，作业认真做，绩点不会差的
106386,151,包家立,2019-04-27 02:56:21,13,15,2,医工创新:\n\n\n\n不足:决定经常会临时改，不时拖堂，给分一般(可能是因为是新开的课没有充分备课的缘故，基本学不到太多东西)\n\n\n\n优点:上课可水，老教授很有耐心，事算少小组做一份医疗器械创业计划书和专利申请书，考试(题目会给)\n\n\n\n结论:不推荐(查老师怎么只能评1or10分，枯了)
106423,1470,胡济安,2019-04-27 09:02:42,4,6,2,傻逼玩意
106458,1880,赵璐,2019-04-27 14:38:03,1,1,0,论文查重很严格，被查到大段抄袭绩点会很低。
106543,151,包家立,2019-04-28 05:08:52,2,3,1,听课，考试，作业都没有问题，可以水，但是卡绩点啊啊啊啊
106625,2746,李秀央,2019-04-28 12:25:54,0,1,1,老师还是很负责的，就是理论考和机考都有点不公平吧，比如有的同学机考是单样本t检验，有的是H检验...理论考用平时作业，而且考的知识点都是前半学期的。
106636,1287,杜亚平,2019-04-28 13:22:48,4,7,3,选课前:大家都选了全科医学，据说很不错。\n\n于是一寝室全选了。\n\n\n\n第一次课:什么，全英文课堂小测，看都看不懂。\n\n原来就算个签到而已，几秒钟点完就行。\n\n\n\n第二次课:那个谁去上一次课，开始小测了说一下，我们就在寝室做就好了。\n\n此后，每次上课派出一名代表。\n\n\n\n考前:这老师有毒吧，几百道英文题，为了翻译题看ppt，还有两道大题。我要去给差评。挂定了啊，快看看可以弃考吗？啥，弃考算挂科？不敢了不敢了。\n\n于是，考前一天全寝室花了一晚上集体复习。\n\n\n\n考后:两个95，两个94，真香。\n\n这是我们寝室大学以来最香的一次了。\n\n搞不懂你们为什么评价都这么冲。。。。。\n\n
106640,2746,李秀央,2019-04-28 13:48:26,2,2,0,虽然老师上课很垃圾，一百个字都说不清楚那种。。。。但是期末自学之后，给分挺好
106645,2952,孙秉贵,2019-08-21 06:48:15,9,11,2,真的没有对比就没有伤害\n\n和赖伯伯比起来孙老师真的是讲课思路清晰而且PPT非常有条理\n\n谁能想到我因为他开始认真听生理课了呢
106676,1880,赵璐,2019-04-29 02:21:10,1,2,1,小组里要有学生物的大佬带就可以躺赢，没有的好好举手写论文。老师给调分了超级感动！
106695,2746,李秀央,2019-04-29 03:24:40,3,4,1,老师讲课有口音，感觉说话不怎么动嘴唇，听上去有些吃力。上课绝大部分时间讲解概念还是很清楚明白的（前提是听懂她讲的话），也经常把理论知识和实践联系在一起，平时作业分析文献很有新意，但是认真做的话工作量还是有点大。公众号做题点名系统很垃圾，只能在微信上用，下载文件又要在网页搞，很麻烦，也很乱。给分不错
106703,2356,沈毅,2019-04-29 03:53:28,2,2,0,讲课挺好的，BUT2019春学期作业和题型双重误导学生打卡！
106767,2746,李秀央,2019-04-29 11:03:22,3,8,5,两个老师上课，结果就你一个人出题，这也没啥，关键考试题里你放上自己班的作业题算什么？拿另一个班当对照组看看平时有没有作业是否会造成统计学差异?\n\n而且选择题里错字好多，题干也怪怪的不知道在说些什么。。。最后沈毅班4.5飘过，但我还是想来这里吐槽这种出题
106801,1756,杨敏,2019-04-29 15:27:50,0,4,4,给分很迷 次次到课认真听讲 作业也都交了 结果超低还卡绩 垃圾
106845,1059,王福俤,2019-05-13 16:52:19,5,5,0,呵呵呵呵，这种人也能当老师吗
106870,62,凌树才,2019-04-30 05:57:58,1,1,0,凌老师太好了呜呜呜(┯_┯)\n\n祝老师健康幸福！！！
106922,3450,徐向荣,2019-04-30 08:45:26,0,0,0,老师进度很慢，人很好
106928,1702,毛峥嵘,2019-04-30 09:49:06,10,13,3,我是医学生，想说句公道话，感觉医学生没有恶竞吧。老师分层布置的作业不只是医学生拿了高分，反而是那些非医学专业的喜欢写满满一整张（标本我只写了两三行drl）。期末题目我有的也不会做，可能是我菜。课后任务比其他通识课多，但是不用写论文我很满意。
106934,1416,沈晓红,2019-04-30 10:04:12,0,2,2,上专业课，超喜欢沈老师哒！对医学心理学产生了兴趣！我真正感受到了心理学在临床的重要性！老师上课上得很好，人也超温柔！我想啊做这方面的科研一定很有趣也很有意义吧！表白老师！
106982,1416,沈晓红,2019-04-30 13:54:50,0,2,2,（社会心理学）沈老师上课非常专心 虽然下面没什么人听 但是认真听还是会对社交有更深的认识 给分也不错 非常感谢老师
106987,3281,张丹丹,2019-04-30 14:27:40,6,6,0,讲的挺好的 给分不咋样
106988,3450,徐向荣,2019-04-30 14:28:25,2,3,1,很幽默风趣 作为通识给分不咋样
106999,1416,沈晓红,2019-04-30 15:50:12,6,11,5,老师太棒了吧！！超级温柔！干货也多也有趣！两篇论文一次课堂讨论题！论文压线字数最后4.5，我爱沈老师！
107010,1065,李立伟,2019-04-30 17:14:30,4,4,0,超级棒
107020,3450,徐向荣,2019-05-01 00:56:36,7,10,3,好难受  我感觉我平时也满认真的 被卡绩……
107045,314,那仁满都拉,2019-05-01 04:13:04,4,5,1,4.8\n\n期末论文2000字手写…
107056,4984,王良,2019-05-01 07:25:04,4,4,0,还不错吧
107057,1702,毛峥嵘,2019-05-01 08:05:08,-16,4,20,医学生相当鹅颈\n\n两三行的标本描述居然有人写成了厚厚一叠的论文\n\n我也是服气的
107072,1556,王鑫慧,2019-05-01 10:02:19,1,2,1,有点不爽，全看展示，感觉有点不公平
107077,1556,王鑫慧,2019-05-01 10:55:44,2,3,1,什么体验?3.3的体验
107084,1416,沈晓红,2019-05-01 12:06:46,132,172,40,老师讲的心理卫生很好，受益匪浅，对我的心理健康有很大的帮助，上课也不点名。课程论文好好写了，期末开卷考试也好好写了，最后绩点2.7 心理一下子就不健康了。
107089,1416,沈晓红,2019-05-03 00:49:06,0,8,8,可水可听  一篇论文一场考试 一次测试  上课基本水手机， 最后4.8
107090,1556,王鑫慧,2019-05-01 12:24:50,1,3,2,3.3。。。。
107119,1437,周韧,2019-05-01 21:36:03,15,18,3,医疗纠纷与司法鉴定，毫无任何有效评分标准可言。每节课留一个思考题，所有人网络互通，抄写上交。不点名，无出勤率考察。课程内容，八次课下来，多次重复，没有实质性的收获。完全是绩杀，让有兴趣且认真思考的同学十分失望。
107122,4278,赵经纬,2019-05-01 23:49:36,2,2,0,有情怀，但是讲课拖拉，上课效率低，外加出分慢——
107133,1437,周韧,2019-05-02 01:15:33,24,28,4,医疗纠纷与司法鉴定这门课程的设置很有问题，首先，多个老师轮流授课的方式很不错，但讲课内容会重复且难免有不同，甚至基本概念让同学听得很混乱；其次，体系性太弱，虽然课程是交叉学科性质，本身就涉及多方面知识，但是一个学期下来，如果不自己搜索其他资料学习，基本体系都难以构建；再次，考核方式实在不好，平时作业和期末考试都可以上网查，这种拉不开差距的考核方式跟正态制度结合，所以普遍觉得给分差；还有，这种上百人的大课，硬要每人展示，还是临时通知的，显然展示效果很差。 \n\n虽然问题很多，老师们个个还是魅力挺大的，上课很享受，但我觉得我们学校的通识课还是太水了，甚至连基础也学不到，只能走马观花地了解一下有这样的学科罢了。
107148,1416,沈晓红,2019-05-02 02:27:55,0,3,3,完全不需要恶竞的课！
107149,314,那仁满都拉,2019-05-02 02:32:35,2,3,1,课程很有趣，老师也很帅，但是给分不是很理想
107157,1437,周韧,2019-05-02 03:00:59,12,13,1,司法鉴定这门课感觉自己平时挺认真的，平时作业按时认真完成，期末考试前也仔细复习ppt好几遍，老师最后给分还是让自己有些失望，感觉对不上自己平时的付出，认真学习的同学和作业考试抄资料上网搜答案的同学没有什么差别了。好在自己平时上课认真，还是学到了不少相关的知识，就这一点来说还是不后悔的，总的来讲这门课还有一些值得改进的地方
107174,1437,周韧,2019-05-02 05:16:54,-7,2,9,上课有趣，案例丰富，收获颇丰，绩点满了。
107185,1556,王鑫慧,2019-05-02 06:50:16,1,3,2,没人说王老师帅吗？那我来夸一波\n\n
107215,1416,沈晓红,2019-05-02 09:39:32,0,5,5,?杀 我不想说了，论文什么的认认真真的写，考试觉得也答得不错， 大家千万不要踩雷。
107220,1416,沈晓红,2019-05-02 11:00:21,12,15,3,感觉通识课被正态的同学的绩点实在是太低了！！也可能是自己太菜了，但是喜提最低绩点通识还是非常难受！选课需谨慎！！
107232,2556,陈建忠,2019-05-02 13:01:59,0,2,2,3.6\n\n期末考考的都不会\n\n我死了?
107256,2556,陈建忠,2019-05-02 17:01:01,1,1,0,好吃吧
107267,2556,陈建忠,2019-05-03 01:11:43,0,0,0,老师很好，怪我太菜了?
107336,2453,骆严,2019-05-04 03:41:22,7,8,1,肉包 or 豆沙包…… 山西某小村庄的故事……
107352,4278,赵经纬,2019-05-04 07:15:23,2,5,3,给十分因为老师人特别好，给零分因为上局解却自己不会解剖，甚至不会开胸，大家上课都在乱搞，最后重点全没学到。平均一下给五分。
107356,3450,徐向荣,2019-05-04 07:56:18,-1,0,1,幽默的老师
107357,3281,张丹丹,2019-05-04 07:57:25,0,0,0,挺有气质的老师，是浙大附属医院妇产科医院院长
107412,4278,赵经纬,2019-05-05 03:08:54,2,2,0,十天了还不出分?
107421,1785,金永堂,2019-05-05 04:45:33,-4,0,4,每节课都来就行，下课前会布置思考题。一学期十道题，准备好本子手抄即可。上课可以不听，思考题抄的多就行，刷分可选。
107502,4442,周天华,2019-05-06 02:48:01,-1,1,2,讲课很激情幽默 有重点 有扩展 喜欢
107528,1191,陈学群,2019-05-06 09:06:48,1,1,0,垃圾课垃圾老师 选了后悔 \n\n上课根本学不了什么东西 如果对神经生物学真感兴趣建议选医学院的神经生物学
107565,1416,沈晓红,2019-06-13 11:50:22,27,51,24,我真想骂人，我室友一节课没听过上4，我他妈节节课好歹听了一部分，3都没到。日尼玛了个逼的教务处，这事不怪老师，你他娘的学校怎么定的规矩？
107585,2096,罗依惠,2019-05-07 05:29:27,5,8,3,真垃圾，孤儿老师
107598,2746,李秀央,2019-05-07 10:49:15,0,1,1,给辣鸡公众号1分，老师也就一般
107607,2364,包爱民,2019-07-05 23:32:55,-5,4,9,我真的好喜欢爱民老师啊！！！好可爱的大姐姐！！！笑起来真的好温暖，讲话也很暖心，有如沐春风之感！！！最重要的是，她好像我高中的女神政治老师哦…呜呜呜真的一样暖一样美(╥﹏╥)喜欢！swaab教授也好可爱啊！真的是很伟大的人！爱了！//出分补评：给分超好！期末考也不难，真的认真准备就不会差！大脑与社会这门课我觉得非常公正，一切都公正严谨，让人欣赏的认真。最后94！意外之喜！谢谢老师！爱您~
107744,2453,骆严,2019-05-09 01:39:56,4,8,4,反正我跟不上他的思路，他上的那几节课我都不知道是怎么过的。还是粉许均瑜老师。
107755,3834,夏宏光,2019-05-09 06:37:35,-18,4,22,请老师上课不要讲太多和真正我们要学的课本知识无关的东西，讲的真的不清楚
107781,3450,徐向荣,2019-05-09 12:02:08,3,6,3,女性生殖健康这门课可能因为第一次开课，老师真的不了解学校通识课的正常打卡方式。为什么最后一周才告诉我们要展示？！不明白为什么当了组长，每节课回答问题，最后考试写满了，给我3.6。。。是我论文写的太太菜了吗？加一句，徐向荣老师很幽默，上课总是各种梗，张丹老师课比较无聊……
107806,415,丁世平,2019-05-10 01:35:35,3,3,0,很好，清楚
108027,849,严杰,2019-05-13 07:09:50,1,1,0,老师上课很有趣啊，会讲很多课堂以外的东西！
108038,1880,赵璐,2019-05-13 16:50:42,-1,0,1,棒！开心
108085,1785,金永堂,2019-05-14 10:05:03,3,4,1,认真做作业，上课好好听，没有迟到早退，上课都坐前两排，给我2.7??
108088,1556,王鑫慧,2019-05-14 11:23:02,2,3,1,太水 给分太差 平时那么多人不来都不点名 靠最后一次展示正态 比不来上课的人绩点都低 差评
108100,1556,王鑫慧,2019-05-15 01:14:46,1,3,2,上课水，评分低，体验差
108199,3834,夏宏光,2019-05-16 07:16:56,0,2,2,方法教授很不错的老师
108265,3302,翁莉霞,2019-06-04 02:54:38,6,6,0,这种上课模式真的无聊，，有点刻板了。
108297,3116,赖蒽茵,2019-05-20 11:40:08,2,2,0,问问李月舟老师的神经怎么学orz
108324,1059,王福俤,2019-05-21 06:19:16,-13,1,14,好玩，可爱的老师
108328,1059,王福俤,2019-05-21 07:07:13,1,1,0,好无语啊
108358,4510,陈翠苹,2019-05-22 03:09:44,2,3,1,形策助教 只会念ppt
108382,314,那仁满都拉,2019-05-22 10:45:00,7,8,1,嘴很毒很贱
108386,1470,胡济安,2019-05-22 11:58:51,4,6,2,傻逼玩意儿
108425,1470,胡济安,2019-05-24 01:27:04,7,9,2,送金送宝的傻逼
108442,3078,陈晓,2019-05-24 05:38:05,0,0,0,超有趣，又帅！不拘泥于课本基础知识，着重于联系实际，理解和应用，非常感谢如此用心的老师
108506,3302,翁莉霞,2019-05-27 07:36:33,10,10,0,讲课重复性太高了，下课永远比其他班慢1-2h。实验课的重点是实验啊，而不是80%的时间都在复习理论课的知识。
108510,2436,余海,2019-05-27 10:16:18,0,0,0,啥时候布置作业？\n\n
108573,3450,徐向荣,2019-05-29 01:41:51,6,9,3,事不算少 给分不高\n\n展示 3k论文 发言次数 考试构成最后分数\n\n反正我认认真真听下来3.3了\n\n总的来说收获了一些知识，但是大部分都在教材和ppt上有。虽然医学总体没什么意思，但徐向荣老师讲课很有趣，总的来说只建议旁听，上课讲到感兴趣的时候听听，无聊的时候写作业，下课看看ppt，同样的效果，还不用担心绩点，何必非得选呢。
108717,611,李仲杰,2019-05-31 16:30:39,-10,4,14,好老师，太棒了！满绩满绩，轻松满绩！
108737,2743,许正平,2019-06-01 06:33:43,1,1,0,？？？
108775,2746,李秀央,2019-06-01 23:49:16,0,1,1,学习统计分析方法和技术
108808,710,欧阳宏伟,2019-06-03 00:52:10,2,2,0,真滴困
108829,3302,翁莉霞,2019-06-03 04:14:23,6,6,0,红景天。。。红景天。。。红景天。。。我想吃饭
108835,4510,陈翠苹,2019-06-03 05:33:34,3,3,0,没意思
108920,1059,王福俤,2019-06-04 07:25:52,3,3,0,也不知道在干嘛 也不敢问 莫名其妙 佛了
109032,2973,张晓明,2019-06-06 04:01:26,3,3,0,有用，有趣
109089,1802,鲁林荣,2019-06-08 01:50:46,6,6,0,鲁大师超级棒！
109090,575,胡虎,2019-06-08 02:10:49,3,3,0,医学院我虎哥，人帅课好干货多
109104,2498,方青,2019-06-08 10:51:51,0,0,0,事太多
109290,3116,赖蒽茵,2019-06-13 02:33:39,2,2,0,希望赖伯伯好好搞科研吧不要来上课了 真的听不懂 其他几位生理老师都上得不错
109310,3450,徐向荣,2019-06-13 04:48:22,5,8,3,女性生殖健康这门课本身真的很好，很有用，老师都是非常有经验的医生，讲的深入浅出，一个学期下来感觉学到不少东西。但是给分真的让我寒心了。。。总体来说慎选吧，旁听就好?
109385,3450,徐向荣,2019-06-13 15:28:36,5,7,2,女性生殖健康这门课就是烂，给分超烂，刚好过的分数
109462,2194,胡军,2019-06-15 08:19:14,0,2,2,。。。
109539,1702,毛峥嵘,2019-06-16 16:42:29,8,9,1,我上了她的通识课“人体探秘——认识自己，预防疾病”。我不是医学生。但也认真学了，最后4.8。老师人挺好，就是这门课要刷慕课（我个人不是很喜欢刷慕课hhh）但老师人真的很好很温柔！个人观点，只要肯认真学，不怕麻烦，成绩不会低的。
109553,1451,夏大静,2019-07-06 17:11:55,-1,3,4,给分是真的烂
109565,1059,王福俤,2019-06-17 04:30:35,1,1,0,呵呵呵
109596,2146,余运贤,2019-06-26 12:56:55,0,0,0,上课口音很重，没有重点，不知所云\n\n考试出题很迷\n\n流行病学里面最差的老师
109605,1380,马晓光,2019-06-17 13:01:48,0,0,0,帅呆了
109606,1380,马晓光,2019-06-17 13:06:13,0,0,0,好亲切，很有想法和见识的老师。没听够他的课。
109628,2746,李秀央,2019-06-18 04:10:49,0,1,1,???
109739,3662,郑莉灵,2019-06-19 03:14:39,2,2,0,PPT很成体系 超温柔
109806,3240,阎小毅,2019-06-19 10:59:27,0,0,0,特别和蔼
109834,2303,祁鸣,2019-06-19 14:17:31,11,12,1,祁鸣老师将不再教授本科课程。最后一课他献唱了《老爸》，在我们眼里的他或许已不再是一位履历丰富的教授，而是一位对学生，对子女，对病人谆谆教诲孜孜不倦的父亲。感恩，浙大少有的好老师，谢谢祁鸣老师！
109836,3405,沈颖,2019-06-19 14:27:34,0,2,2,课程:进化的大脑和偶成的意思\n\n上课不允许玩手机 但允许不上课。无生物学基础上课大概率听不懂。有期末考还要写两篇话题论文（类似高中话题作文），负担比较重。老师对学生学习情况也不关心。总之，不推荐。
109896,4906,谷岩,2019-06-20 05:18:53,-1,1,2,哈哈哈哈哈哈哈哈哈
109942,3588,姒健敏,2019-06-20 11:40:30,2,2,0,这个课没有任何收获可言，讲的都是最基础的生理知识，教材还在课上卖记名字那种，留学生特别多就会把中国学生拆到每个组，然后就是留学生做不了什么汉语特别多的任务，就是三四个中国学生肝到死还要说是组里十几个人一起干，当组长有点辛苦的但是相应分数应该会高一点。期末展示喜欢花里胡哨形式越多越好……然后大家会很恶竞的……大概就这样，反正体验感很差
109979,3190,周婧,2019-06-21 02:11:32,1,5,4,棒！真棒！
110047,2746,李秀央,2019-06-22 00:11:06,1,4,3,傻逼老师，上课也垃圾，巨jb死板，就会只看答案然后无缘无故怼人，哪里来这么高的分?报她研究生那真是倒八辈子霉了
110056,5166,危晓莉,2019-06-22 03:03:56,1,1,0,上课条理清晰 而且很细致 为人耐心 真的好好555温柔美丽的危老师
110085,1059,王福俤,2019-06-22 10:43:20,10,10,0,我一个不是医学或生物专业的都觉得这个人不应该在浙大
110238,2973,张晓明,2019-06-25 03:38:26,2,2,0,良心课程 会尽力给高分 内容有趣
110249,2973,张晓明,2019-06-25 05:00:02,2,4,2,期末考试用英文答卷给分会很高。亲测4.8
110268,2973,张晓明,2019-06-25 08:19:54,3,3,0,上课炒鸡搞笑
110281,1645,余沛霖,2019-06-25 09:41:28,0,0,0,今晚考试！！给个十分求个心安！！
110287,4442,周天华,2019-06-25 10:20:18,1,2,1,感受还是不错的，就是可能基础不好有点跟不上，下课要多花时间自己理解呀
110300,1645,余沛霖,2019-06-25 12:13:29,3,3,0,老师温柔美丽！！！但是老师发的ppt是pdf格式的考试记得一定要把ppt的内容都打出来 全部打出来！！！不要为了省钱少打一点 然后那种表格一定要打清晰 我自己整理了一遍 今晚考的内容里有个表格没打清晰 肠子都悔青了
110304,3588,姒健敏,2019-06-25 12:59:23,2,2,0,点名多，缺席的话一定要请假，展示的话就只能看老师喜不喜欢了，老师比较喜欢生动活泼一点的，这样的话分数就会比较高
110366,1092,沈岳良,2019-06-26 05:21:47,1,1,0,垃圾，建议不要浪费时间去听了。
110456,314,那仁满都拉,2019-06-27 02:08:48,12,14,2,为了民族团结我不敢给一分
110481,1137,夏梽丹,2019-06-27 06:12:17,1,2,1,夏老师超级棒，还能学到很多有用的知识
110492,2830,陈周闻,2019-06-27 07:00:07,5,7,2,老师变了了！！！再也不是王雪楠了！！啊啊啊啊啊我爱了！
110493,2830,陈周闻,2019-06-27 07:03:17,6,9,3,4.5！是真的！今日奇迹！老师神秘转性！
110494,2830,陈周闻,2019-06-27 07:07:31,3,5,2,老师讲的很好 平时事情有点多 每节课都要展示 最后给分挺好的 上4了
110497,4510,陈翠苹,2019-06-27 07:13:23,0,1,1,是形策的助教，很温柔，给分真的一级棒呀！！
110498,2830,陈周闻,2019-06-27 07:13:53,1,2,1,老师变了！！！我爱你！！！！
110501,2830,陈周闻,2019-06-27 07:26:04,3,4,1,变了变了 万万没想到自己可以上4⃣️！
110509,1137,夏梽丹,2019-06-27 08:06:45,2,3,1,老师真的会讲很多实用的东西，对平时生活也很有用
110510,2830,陈周闻,2019-06-27 08:07:18,2,4,2,没有评价这么不好，转正了
110511,2830,陈周闻,2019-06-27 08:07:22,4,6,2,的确和以前评论变化很大噫！！！看到成绩都有的激动哈哈哈哈哈哈哈哈。推荐想好好上的人选，每次都需要展示，展示计平时分。事情比别的老师多一点吧，但老师讲课很好，好好学收获很大。最后4.8啊嗷嗷
110517,2830,陈周闻,2019-06-27 08:38:54,0,1,1,声音超好听，给分很不错啊，只要期末考试好好背PPT和思考题，平时作业认真做，就没问题
110521,1137,夏梽丹,2019-06-27 09:11:34,6,9,3,辣鸡老师，不知道怎么给分的，绩点也给的超低，不知道怎么到9.1的
110535,2830,陈周闻,2019-06-27 10:01:59,0,0,0,事儿多
110640,1137,夏梽丹,2019-06-28 01:03:39,4,7,3,给分低的莫名其妙 不知道通识课给这么低的分您心情舒畅否?
110642,1059,王福俤,2019-06-28 01:04:47,2,3,1,乌鸡鲅鱼
110702,4670,张雪,2019-06-28 04:57:00,0,4,4,浙大最喜欢的老师，女神！
110734,2436,余海,2019-07-04 18:07:03,5,5,0,真惨。
110751,3116,赖蒽茵,2019-06-28 07:21:51,3,3,0,我辈无能，现在在复习，3天自学一本书太苦了。
110772,3116,赖蒽茵,2019-06-28 08:04:25,1,1,0,666哦
110777,1059,王福俤,2019-06-28 08:15:19,6,6,0,10分给助教，至于老师……给人的印象就是炫耀自己的成果然后吹捧自己，故意提问一些不怎么能回答上来的东西还特别爱提问，场面一度十分尴尬……
110827,1756,杨敏,2019-06-28 09:43:38,-2,1,3,老师真的很负责了，会在书上划重要的语法点，会把各种听力材料和每章的重点放到群文件上。我们班上课气氛不是很活跃，感觉老师有时候有点尴尬，但还是认真地把课上下去（要是我的口语好一点我一定会多和您互动的）。上半个学期学的挺认真的，quiz和作文写得不错膨胀了，结果下半个学期一懈怠，成绩马上掉下来了，期末听力听到一半心态爆炸，最后压线3.9，也算是我大英4的真实写照吧。希望接下来有幸做杨老师学生的同学能好好听课，老师水平很高，人很nice。
110928,1065,李立伟,2019-06-28 14:39:53,4,4,0,这么有才华的老师，给我上去！
111034,3694,陈光弟,2019-06-29 09:05:26,5,7,2,何必呢。我真是。。。。。。。。。。了
111037,2746,李秀央,2019-06-29 09:28:45,11,14,3,lajilaoshi
111062,2746,李秀央,2019-07-03 18:06:53,-18,7,25,老师人很好，虽然口音很重，思维奇怪，但最后会发现平时分会给满的，考试也比较简单、比较水，对学生比较好，分数很好。
111064,3712,周以侹,2019-06-29 12:01:33,-13,4,17,人很奇怪
111084,2973,张晓明,2019-06-29 13:32:28,2,2,0,老师男神啊！！！幽默可爱讲得好给分好～特别养生～多晒太阳多喝水、多去雨后小森林～太可爱啦老师
111133,2746,李秀央,2019-06-30 04:08:08,-7,2,9,老师emmm人好，其他嘛。。。
111142,2746,李秀央,2019-06-30 05:16:43,2,3,1,就想问一下今年的考试什么情况，还是我太垃圾了，哭死(´;︵;`)
111662,1756,杨敏,2019-07-02 12:09:05,0,0,0,老师人是真的好，期末考试听力是真的难
111903,3834,夏宏光,2019-07-03 02:25:19,7,8,1,浓浓师生情 没有夏老师我的生化就挂了 上课点人回答问题 整篇上课就能掌握 给夏老师打call:你们能考进浙大那都是天之骄子
111904,3834,夏宏光,2019-07-03 02:25:28,4,5,1,生化，远瞻性强，讲的细致有趣，就老师上的那几章记得贼清，感谢老师?
112008,3694,陈光弟,2019-07-03 07:09:44,4,5,1,换题目换你m
112090,2746,李秀央,2019-07-03 13:08:42,0,3,3,系统性强，要求高，受益匪浅
112260,1645,余沛霖,2019-07-04 00:25:30,3,3,0,不要想拿这门课刷分，学不一定能学到东西，不是毒理课
112325,3694,陈光弟,2019-07-04 01:45:08,17,17,0,出题不认真，辜负学生对他的信任，考题和标的重点不相符
112339,1645,余沛霖,2019-07-04 02:14:42,1,1,0,老师是女神
112482,2453,骆严,2019-07-04 13:34:42,3,3,0,乳糜微粒与卡布奇诺……
112487,2722,许均瑜,2019-07-04 13:59:38,4,4,0,老师的生化课棒棒的！类比的例子有浓浓的生活和人文气息！
112498,1645,余沛霖,2019-07-04 14:21:08,5,5,0,出分了，给分好迷哭了，3.6的人真的不知道哪里出问题了，论文和期末明明都有认真写啊，唉，但是老师真的很温柔，上课听得很开心，但是绩点可能有点迷吧
112531,1785,金永堂,2019-07-04 17:07:53,2,2,0,给分低到全年级爆炸，只能说是辣鸡老师，而且丝毫不给学生和他沟通的机会。
112538,2436,余海,2019-07-04 17:16:29,7,8,1,正态。。。。
112599,2436,余海,2019-07-04 22:11:36,0,1,1,非常棒的老师！看得出来医学水平和人文涵养很高！上课幽默风趣，布置作业的时候会反复强调，感觉很贴心。事情也不是很多，很有收获的一门课！
112662,3405,沈颖,2019-07-04 23:51:41,0,1,1,别的还行。\n\n给分随机。\n\n坑
112663,2436,余海,2019-07-04 23:51:57,0,1,1,老师讲的很有趣
112690,62,凌树才,2019-07-05 00:32:51,1,1,0,凌老师有德有才，人温柔
112735,2436,余海,2019-07-05 01:41:36,-13,1,14,满绩了开心
113093,3405,沈颖,2019-07-05 23:17:48,0,1,1,一句话：两篇论文加起来5k字，给分就不错了，别写太多，没意思。
113096,1437,周韧,2019-07-05 23:19:23,-1,2,3,上的医疗鉴定司法纠纷，首先要承认各位老师都很有水平。但是课的确有点坑，感觉老师们互相之间没有沟通交流好？课程内容很多重复，而且考评方式有点迷，展示人选是通过直接筛选PPT，导致选中的是PPT上满满都是字的组；平时小作业还挺多的，老师是说变相点名趴；期末开卷考，而且是在最后一节课上考的，好评！
113154,3116,赖蒽茵,2019-07-06 00:34:17,3,4,1,今天出分了...不得不说赖伯伯的给分是真的挺好的。只不过确实不会上课，自学他上的半本书差点崩溃...ppt也是看得眼花缭乱。总之学弟学妹们在上赖伯伯的内容的时候一定要平时多自学，拖到期末真的分分钟绝望。\n\n赖伯伯人还是很好的，带我们去实验室解剖猪心和肾脏，监考的时候就担心我们不写大题他没办法给分，还一直问我们你们是不是考生理学的同学hhhhh\n\n最好表白孙老师和刘老师!!!刘老师真的太可爱啦！
113161,4814,吴晶晶,2019-07-06 00:50:51,0,1,1,挺好的，老师人还是蛮好的，很细心，给分也很好
113175,1702,毛峥嵘,2019-07-06 01:07:46,5,7,2,我永远喜欢毛峥嵘老师！
113251,2364,包爱民,2019-07-06 02:47:24,0,3,3,大脑与社会真的超有趣啦，是我听得最认真收获也最多的一门通识！最后绩点4.2，我也很满意啦！
113294,2356,沈毅,2019-07-06 04:24:28,0,0,0,等一个出分 李老师班早就出了 哭笑.jpg\n\n沈老师讲课很清晰有条理 就是课后作业什么不太管
113358,954,王琳琳,2019-07-06 09:39:36,1,1,0,致学弟学妹：老师期末的选择复习题和PPT上标五角星的内容，一定要看呀！别的不背也行只考重点内容的。来自一个背到自闭的学长。
113501,3694,陈光弟,2019-07-06 20:01:11,13,13,0,上课无功无过，考试就有点难受了，主观题80％也太难受了吧？写到手酸
113591,314,那仁满都拉,2019-07-07 00:41:12,4,4,0,课是真的水，但是给分也没有特别好啦。老师还可以吧，但有时候非常偏激，且非常讨厌迟到。后面选的朋友们千万不要迟到啊！
113630,3854,孙启明,2019-07-07 01:30:19,2,2,0,老师讲的生化课是我思维最活跃的几节课！特别喜欢老师的课，逻辑清晰易于理解语速也不会过快！\n\n而且人很暖，吹爆！
113631,4650,卓巍,2019-07-07 01:32:05,0,3,3,老师上课上得很好哇！细胞生物学技术实验很耐心，讲课思路很清晰，非常nice
113636,314,那仁满都拉,2019-07-07 01:36:24,7,7,0,难人蛮毒啦。
113687,3405,沈颖,2019-07-07 04:00:21,0,0,0,很一般
113751,2436,余海,2019-07-07 07:57:27,1,5,4,3.9
113756,1451,夏大静,2019-07-07 09:13:39,1,2,1,给分的确不怎么好 \n\n我只能说慎选\n\n但是对不同同学不一样 \n\n想好好学的确可以选好 但是我不推荐
113766,2436,余海,2019-07-07 10:49:02,1,2,1,来浙大一年遇见过最好的老师之一
113790,2345,张雄,2019-07-07 13:29:40,2,2,0,分好低
113809,1065,李立伟,2019-07-07 16:45:54,2,2,0,爱李老师！！讲课也太好了
113974,2303,祁鸣,2019-07-12 17:25:34,3,3,0,5.0不解释
114028,1756,杨敏,2019-07-08 11:29:43,1,4,3,对不起，知道这里是医学院杨敏老师的评论区，但是发现大多数同学都跑这来评论了，就把那边的复制过来，给学弟学妹提供点经验---分---割---线---19春夏的情况:会固定座位分小组，相当于变相点名，请假需要提前写一封请假信，不然当做缺到，正常操作。平时上课积极回答问题，期末平时分可以多0.5-1分的样子，作文练习比较多但是自愿，情理之中。老师的口音听得很舒服，人还是温柔的，不清楚为什么外院词条那边的评分有点低了，最后考得怎么样更多看自己吧。 助教姐姐平时小测给分炒鸡好，期末监考的助教哥哥好帅呀，溜了溜了~ 还有再提醒一遍，千万不要把医学院和外院的杨敏老师搞错了，评分不一样的~
114089,2356,沈毅,2019-07-08 21:31:47,-1,1,2,真的，上课搞不清楚，不知道怎么会这么高分，给分很低。
114116,1573,施卫星,2019-07-10 23:12:41,-1,0,1,给分不是坑，我不是医学专业的，最后4.5
114142,1451,夏大静,2019-07-09 01:06:01,2,3,1,平时事情蛮少的，其实就一次展示，期末考只要打印了上课的ppt开卷考就没问题，基本上的题都在ppt上很容易找到，因为期末考比较简单，大家都考得比较好，所以展示成绩在分数里占了很大比重，一定要好好准备，给分不差，我们小组差不多全部上4了
114188,1789,王伟,2019-07-09 03:41:04,1,1,0,个很好很尴尬
114306,1789,王伟,2019-07-09 17:34:33,3,3,0,期末这啥给分啊
114567,3662,郑莉灵,2019-07-10 17:27:04,4,5,1,老师很好的，不过生化好难……
114591,2453,骆严,2019-07-10 23:25:37,2,2,0,超级好
114597,3662,郑莉灵,2019-07-10 23:45:20,3,4,1,我觉得是几个老师里讲的最好的( ￣ ▽￣)o╭╯，可惜期末爆炸，我难道只考了50分吗？((((；ﾟДﾟ))))
114636,594,徐立红,2019-07-11 02:12:53,1,1,0,所有生化老师中讲课水平最高的一位老师 课件有逻辑 也会为了解答同学问题四处查文献
114637,3662,郑莉灵,2019-07-11 02:14:11,2,2,0,普通话有点捉急hhh 但是老师思路清晰 认真负责
114655,2453,骆严,2019-07-11 02:51:52,2,3,1,讲真骆邦邦到现在还未减肥成功，骆老师肚子上的板油还会经常在看课上听到?
114804,2550,申屠建中,2019-07-11 23:35:57,2,2,0,垃圾老师
114809,4650,卓巍,2019-07-12 00:07:05,-1,2,3,医学院男神太帅了叭！细胞分子生物学技术讲得蛮好的，实验报告认真写期末考试认真复习一下给分不会差的。
114811,3450,徐向荣,2019-07-12 00:20:27,4,6,2,？？？做组长回答问题啥的都干了，才3.3…吃力不讨好的课不要选了吧…
114819,2550,申屠建中,2019-07-12 01:03:09,4,7,3,社科学生，药物方面不太懂，期末论文评述按经济学原理批了一波。然后垃圾给分，慎选！
114820,1437,周韧,2019-07-12 01:06:56,1,2,1,医疗纠纷与司法鉴定这门课，老师们不错，很有魅力，但是课程设置和考核方式存在很大的问题，非医药类学生慎选！虽然有些医药类同学说给分也很差，就这样吧，认真做作业，展示被选中，期末认真写然后70+
114824,2550,申屠建中,2019-07-12 01:18:54,4,4,0,没选 但是这个课给分太差了！！不许欺负我同学！！
114833,1789,王伟,2019-07-12 01:33:59,3,4,1,上课乱讲，绩点超低。
114848,2550,申屠建中,2019-07-12 03:38:12,4,4,0,给分真的好差，周围总共五个人选，最高3，最低1.5，根据只有点名和述评，感觉也不至于这么低啊，真劝退。劝大家别选
114851,1059,王福俤,2019-07-12 03:51:17,4,4,0,查的很
114856,3450,徐向荣,2019-07-12 04:33:15,-2,2,4,考试认真答到点子上而不是盲目凑字数可以拿到很理想的分数，老师也很不错，张丹老师优雅有气质，徐老师幽默
114860,2722,许均瑜,2019-07-12 05:14:27,2,2,0,老师我爱你啊！！什么样的老师会有这样的比喻，这样清晰的条理！如此年轻就如此厉害！
114862,1416,沈晓红,2019-07-12 05:34:56,9,15,6,喜提最低绩点
114871,1416,沈晓红,2019-07-12 07:12:07,2,7,5,从不点名，上课可水，论文好好写，但也不需要恶竞（老师要求1500字我大概写了2000左右），期末考试难度较低，把ppt认真看看，客观题都能找到，主观题好好写，分数不会低的！感谢老师给我4.8
114875,3450,徐向荣,2019-07-12 08:00:42,4,5,1,这分数让人怀疑老师是拿摇号器给的
114880,3450,徐向荣,2019-07-12 08:15:19,4,4,0,女性生殖健康的两位老师上课都很好，能学到东西。春学期同学们反馈说事情太多了，夏学期就取消了论文。每节课用小程序扫码签到。两节课一次展示，期末考开卷看ppt就行。上课我也没怎么发言什么的最后的成绩我还是挺满意的。
114884,3450,徐向荣,2019-07-12 09:38:44,1,4,3,真的是太差劲了，女性生殖健康给分巨烂，小组展示应该是第一，每节课都发言，签到时间也每次都在前面，考试都写满了，而且可以完全保证全对，按照格式要求，细节都写了，结果最后3.3，这是彩票给分？？？也太不公平了叭，认真学给这个分
114891,1416,沈晓红,2019-07-12 13:12:34,5,5,0,老师上课很温柔，感觉论文是有点偏向个人经历类型的我就没鹅颈，写了2000+吧，期末考每道题认真写，觉得都能找到，最后被正太了555可能是因为我的字比较丑吗
114901,3450,徐向荣,2019-07-12 15:52:30,4,5,1,女性生殖健康第一次开班体验：上课笑嘻嘻，出分mmp
114902,3450,徐向荣,2019-07-12 15:52:50,1,3,2,首先上这门课的确可以学到东西，但是个人认为给分不够公正客观。全勤，课堂发言+小组长，最后开卷每一题都找了书也写满了，最后3.3，综上，想选这个课的同学也别鹅颈了，反正最后分数都是抽奖给，上课认真听讲学知识吧。
114947,3834,夏宏光,2019-07-13 02:12:11,0,1,1,年轻有为。抓考试重点讲，条理很清晰。会点人回答问题，所以学生都坐到后面去了，但因为他要叫人回答问题，所以他教得内容我记得最清楚。会BB很多别的东西，我的一个朋友很不喜欢他的课，但我挺喜欢的。
114954,2303,祁鸣,2019-07-13 03:17:20,3,3,0,给10分是因为只有10分，课超级好
114962,2303,祁鸣,2019-07-13 04:50:06,0,0,0,为什么你们能满…我英语这么差吗qaq
114963,2303,祁鸣,2019-07-13 05:36:32,4,4,0,第一个100分！祁老师也太好了！
114978,4650,卓巍,2019-07-13 14:12:54,-6,8,14,不好听
115019,3405,沈颖,2019-07-14 07:50:39,1,1,0,老师上课上的很无聊，一直昏昏欲睡，考试是开卷考答案全部找到了还是低分，上课也不允许看手机，真的是又水给分又不好
115021,2303,祁鸣,2019-07-14 08:48:47,1,1,0,给分很好\n\n
115044,3694,陈光弟,2019-07-16 22:14:28,20,21,1,wdnmd
115076,151,包家立,2019-07-15 07:10:43,0,4,4,医工创新:个人觉得作业有点儿麻烦，本人绩点也不是很高，但是后来才发现这个课很有用
115083,1556,王鑫慧,2019-07-15 08:34:47,0,2,2,老师是不错的，好人，绩点4.5。两位科学家尤其是王科学家有点引起我的不适，有点针对外国人。
115084,1059,王福俤,2019-07-15 08:35:27,5,5,0,想踹他一脚
115090,2453,骆严,2019-07-15 11:49:08,0,1,1,老师的生化课是四篇里面唯一好好听了的，上课真的也能学到很多啊！
115091,2453,骆严,2019-07-16 02:24:26,29,31,2,上一个9分给上课，这一个6分给发微信传播让学生上查老师，不否认临床的同学与求生培养目标不同，我不敢保证说5+3的同学易如反掌，但是显然在座的绝大部分人都有远高于求生同学的高考分，我们选择临床，绝不是因为考不上求生，甚至很多人已经有了巴德年的分数，或许在老师眼里我们这群立志做临床医生的人目光狭隘没有追求，基础和临床本就是相辅相成的，为何要贬低临床？热爱又有什么错？不否认两百个人的临床与二十个人的求生平均成绩和下限有差距，但这是客观规律决定的，课程标准也是学校的要求，侧重不同也是专业性质决定的。看不起我们也罢，我们的心里装的是“救死扶伤”，哪怕只能救几个人。
115092,2453,骆严,2019-07-15 11:54:36,0,0,0,老师很有趣啦，备课也很认真。
115093,2453,骆严,2019-07-15 11:57:21,1,1,0,骆严老师棒棒哒！很可爱很亲切的一个老师捏！回答问题也很风趣生动，强推！
115099,2453,骆严,2019-07-15 13:38:45,4,7,3,【生化】骆严老师真的超级好的，备课认真，上课有趣也很有精神，课后也很关心学生的学习状况（“你们没必要怵生化，有机学的好，生化不用愁，物理化学有基础更是锦上添花。”）老师上课会讲很多有趣但也有专业性的故事来提神！（肉包子，鸡蛋，骆邦邦，橄榄油哈哈哈老师很有表现力真的百听不厌）不过第二篇代谢本来就是重点，有很多圈（循环和物质的运输都有，是的又成环了? ），一开始也会有一些物质的名称很有机，所以可能会是个挑战，但看着记着也就还好啦～然后我觉得 骆老师的确有教书育人的心境/情怀/信念吧。如果说改进，可能提高检查笔记的频率？（请务必在整合之前检查！）可能我们这一届5+3有些人有些心急，所以希望下一届的学弟学妹拜托一定要给骆老师展示我们5+3同学真实的精神风貌哇！！！
115100,2453,骆严,2019-07-15 14:13:45,2,2,0,骆老师讲课会结合生活例子，我永远记得早上要吃肉包子以防低血糖。而且骆老师讲课也很有自己的风格，考前还会给我们编打油诗帮助记忆。
115106,2453,骆严,2019-07-15 16:24:59,1,4,3,虽然认为试卷改的很迷但是还是很喜欢骆严老师！板油肉包一两半饭真的记忆犹新。第二章内容很多很复杂但是老师也讲的很清楚（可能是我唯一从头到尾认真听下来的一章），可能很想提的一点建议就是笔记检查别强制吧，每个人学习方法都不一样，并不是所有人都适合拿笔去抄大段的文字吧（也可能我少的那0.5绩点就是笔记抄的不认真导致）。希望老师越来越好！
115107,2453,骆严,2019-07-15 17:12:26,0,0,0,很有趣的老师！
115110,2453,骆严,2019-07-15 22:52:11,3,3,0,老师上课很生动也很有激情，但是思路和课本有点不一样而且英语比较多，听课之前最好提前预习一下。
115111,2453,骆严,2019-07-15 23:18:57,3,3,0,老师讲的课很细，会现身说法，然后举些例子，让本来比较难的生化知识会感觉更通俗易懂一些。
115112,2453,骆严,2019-07-15 23:23:22,1,1,0,喜欢狗子骆邦邦
115113,2453,骆严,2019-07-15 23:26:59,0,0,0,老师备课很认真，上课也挺好的，是我太垃圾了
115114,2453,骆严,2019-07-15 23:45:31,0,0,0,还不错
115115,2453,骆严,2019-07-16 00:05:34,3,3,0,老师语速有点快，但是上课很生动，老师讲的例子要重点关注，不仅让课更生动，还有可能是期末考试题，希望复习重点能早点发，有时候复习重点发迟了，会减慢整个整理笔记的进度
115116,2453,骆严,2019-07-16 00:06:51,0,4,4,虽然老师觉得临床学生学习态度不佳（其实老师讲的也有道理…），但是还是很喜欢老师讲的课！！老师很负责也极有趣！祝老师以后诸事顺遂！
115117,2722,许均瑜,2019-07-16 00:13:18,1,1,0,很可爱的老师，上课超多比喻
115120,2453,骆严,2019-07-16 00:31:25,32,37,5,老师讲挺好这没啥可质疑的，上课有趣，但是我觉得对于刚刚开始接触生化的同学来说，讲太多英文啥的可能有点难\n\n另外我怎么觉得老师对于5+3有种“算了大家肯定会对我打低分你们随意”的感觉，相对的，对巴德年的同学更加看好（这段话是从老师让我们来查老师评价的事情里感受到的）\n\n虽然巴德年是很厉害但是我们5+3也并不全是渣滓叭（就算我们考不好学得不咋地但是并不意味着我们就是来混学分的啊，我花了最多的时间来学生化但是我也很无奈只有这点成绩啊）\n\n唉，老师可能是随口一说，但是有点伤心
115122,2453,骆严,2019-07-16 00:39:49,4,4,0,老师上课认真，但就是话听不太懂
115123,2722,许均瑜,2019-07-16 00:46:28,3,3,0,真的宛如女神一样的人物，是我以后想成为的样子，讲课声音很好听(ง •̀_•́)ง，很棒！而且讲课很清晰很条理
115124,2453,骆严,2019-07-16 00:43:57,-1,1,2,能感受到老师的用心，讲课既能很系统，又把细节讲得很到位。
115125,2550,申屠建中,2019-07-16 01:27:00,3,3,0,难受呀
115126,2453,骆严,2019-07-16 01:45:35,-1,1,2,老师很好
115127,2722,许均瑜,2019-07-16 01:45:59,1,1,0,能上女神的生化课实在是太快落了！
115129,2453,骆严,2019-07-16 01:57:05,51,63,12,以前同学们对老师教学的认真负责的态度说了很多我就不在此多说了。\n\n我学习过老师的生化课程，如果有学过竞赛的同学那这门课真的是再友好不过了(不过我并不是)\n\n这门课的评分标准是50分的期中考试，50分的期末考试，平时分？不但没有还会倒扣哦，这点要小心了，大家平时的笔记要跟上，因为本来就是学习的一部分。\n\n如果这评价10里，5分是上课，5分是下课的话，老师的上课5分一定是满的，但是剩下的5分我只想给2分。\n\n首先老师经常提到自己是教巴德年班级的，是“精英班”，ok，我们只是普通的5+3，我们临床医生和巴德年的水平和要求从高考进来就不同，我们的目标也不同，所以总把我们和他们比较，扣1分。\n\n其次，做比较是很容易理解的事情，就像一个家里有两个孩子，老大学习好，老二差一点，但是激将法有用的话，为什么老二还是不听呢。我们需要的是真诚的理解，而不是“大部分临床学生都在混学分”这样有失偏颇的言论，并不符合事实的理解我们不但不会懂您的苦心，而且会有反感，医学生哪个不想把每一门医学课学好呢？激将法用得太猛扣1分。\n\n最后，从老师的话里能明显感觉到，我们已经不是您“亲生的孩子”，“刀在我们临床医生手里，不在那些科学家手里”，科学重要，巴德年学生很牛，但我们是贴身感受疾病的痛苦，给病人关怀和安慰，站在前线，成为一个字优秀的医生是我们所有人的目标，请不要看不起白衣天使好吗？
115130,2453,骆严,2019-07-16 02:25:52,24,25,1,“大部分临床学生都在混学分”，我不懂这叫什么激将法，我只是觉得这么盖棺定论特别让学生心凉。客观上讲老师上课很不错，讲代谢的部分也挺幽默的，教学能力不容置疑。但是感觉总是拿5+3和巴德年做比较，本身就是对学生的不公平，我们高考分数就决定了我们不是巴德年的未来走科研道路的精英，可是与病人最近距离接触的，最直面疾病和死亡的，是临床医生。没有说巴德年的同学不好的意思，只是希望老师因材施教，如果您认为我们是混学分的，那我们怎么努力都是混学分的。
115131,2722,许均瑜,2019-07-16 02:27:04,0,1,1,真女神
115132,3834,夏宏光,2019-07-16 03:20:56,2,4,2,夏老师讲得生化很有趣，第三篇是我少有的认真听的地方，受益匪浅！
115133,2453,骆严,2019-07-17 09:59:41,11,12,1,真没那么好，不知道评分为什么这么高。
115134,2453,骆严,2019-07-16 03:31:47,13,15,2,讲真本来是想给满分的，论教学真的是个很棒的老师。老师讲课幽默风趣而且重点突出，会把各个章节的知识联系起来讲(一开始听课会因为联系到还没讲过的知识跟不上，后来自己预习了一下后面的章节就能跟上了)，听完课以后再做整理会觉得思路很清晰。虽然我自己也觉得在这门课的学习上还有许多遗憾之处，也能够理解老师认为5+3的学生还可以更加努力的心情，但是这种激将法真的会让学临床的同学挺难过的。总之，希望下一届5+3继续努力吧，不卑不亢，向自己的目标全力前进就好。
115135,2453,骆严,2019-07-16 03:47:55,29,32,3,我觉得检查笔记真的很不必要，不是所有人都适合抄笔记复习巩固知识的。骆严老师的课我个人觉得是有点不知所云的，虽然有重点但并不清晰而且老是说英文（也不知道评论里为什么都说他讲课好的。我觉得讲的最好的是第三篇的李学坤老师啊！课前课后都会带着我们复习一遍，也很有教师的情怀会激励我们。不像某人，激将法是有什么用，捧高踩低吗？也不懂为什么这么执着于让我们来查老师给他打分，有什么意义吗？众口难调的吧。
115136,2453,骆严,2019-07-16 04:25:27,1,2,1,多年不变的梗，课略有些枯燥，认真听课至少是对老师的尊重，但是最后课程考试什么的主要看自学
115137,2453,骆严,2019-07-16 04:29:57,-3,1,4,真的是很nice了，谢谢老师不挂之恩
115139,2453,骆严,2019-07-16 04:49:39,18,19,1,踩一捧一真的很没意思 可能高考成绩是原罪吧?用骆老师的逻辑接着推理Top2的学生学得比较认真 其他大学的大学生都是以混毕业证为主导 他也不会在乎?
115140,2453,骆严,2019-07-16 04:58:14,11,13,2,骆严老师，人如其名，负重律己，严以律徒；能与骆严老师名字有一字之相同，与有荣焉。在评价骆严老师之前，我想先纠正一下前几个评价同学的错误。首先，期中考和期末考的分数占比是2:3，即40分和60分，并非1:1。其次，纵观同学们的评论，都认为巴德年都走上科研之路了，并非如此，几年后大部分能留在附属医院的其实还是骆严老师口中“精英班”的同学（虽然很无奈但事实就是如此，几年后大家就知道了），也并非我们5+3专业都走上了医生的道路，也不必给自己盖棺定论了；最后，有同学认为这门课对学过生物竞赛的同学很轻松，实际上并非如此，我参加了生物竞赛，但当时更多是死记硬背无法理解，而且生物竞赛中的“生物化学’并无医学两字，我个人认为”医学生物化学“中很重要的是对于疾病（生理紊乱）发生的生化原因也就是分子层面的认知。\n\n    现在来评价一下老师。老师是好老师，上课的时候思维较为开放，能横向联系的东西很多，和周天华老师有点相似，比较接近国外的上课风格（因为之前上过外教课大多都是这个样子），这可能和骆严老师在国外生活了20年有关系。需要注意的重点也做到了反复强调，对于其他小点，相信老师也想让我们自我学习所得，不用在课上多花时间，这点需要每个大学生适应，课本内容太多，不可能面面俱到，我认为老师这点做得很好。另外，上课中英交叉已经成为浙大很多老师上课的常态了，况且对于医学这样一个国外比中国发展迅猛百倍的学科，与国际接轨应该是我们浙大学子应有的认知，当然，你只想在国内好好当一名医生不走任何研究之路，这样的说辞也能理解。【接下】
115141,2453,骆严,2019-07-16 05:00:02,23,26,3,【接上】有一点不得不说，也是我希望每个老师做到的即使难度较大的一点，就是上课时的条理清晰，希望骆严老师在这方面能够更上一层楼。此外，我非常赞赏平时的笔记检查这点，骆严老师能有让学生注重平时，而不是期中、期末速成的意识十分难得（起码这是我第一次遇到课检查平时绩效，也督促了我的日积月累）。这也引发了另一个问题，就是没有平时分，难免会有速成的漏网之鱼（当然平时的作业检查还可以再细致一点，助教小姐姐还是很宽容我们的～）。\n\n    最后我想说一下大家都很在意的“5+3的学生大多在混学分”这句话。首先，我们5+3学生需要反思一下自己的心态，在知道成绩出了之后，可能大多数学生表现出的焦急、焦灼蔓延到了生化老师们那里（但是想知道成绩的心无可厚非，人之常情，这也是中国整个大形势促成的，我相信巴德年的学生也会有，此外他们没有正态，这个心理就会相对弱一些），老师都希望学生能真正学到知识而不是在意结果，我们也需要理解老师。其次，我自己也并不认同甚至是完全反对这个说法，我想与骆严老师说的是，我们医学试验班5+3都是相当优秀的同学，我来到大学，最难得的就是来到这个每天没有在混日子，还在努力学习、上进拼搏的集体，在这里面我进步了许多；更何况这个专业真的有很多本来能考得上清北的同学，绝不比“精英班”差（我们也是蓝田均绩最高的专业，虽然我拉低了整体水平哈哈哈）。大学的学习尤为重要，大学也是一个能让人与人之间的差距拉得越来越大的地方。学校培养方式有别，但是假如医学院的老师也一开始看低了我们，这样不是在侧面上拉开我们和所谓“精英”的差距吗？人权在觉醒，这不是一个老师该对学生采取的正确的“激将法”。我们并不是一句言语听不得，而是我们绝不会看低自己，也不想被别人所看低，一时难以对这样的言语应付裕如也没有关系。希望18级5+3的同学通过自己的努力，几年后大部分都是巴德年班同学留在附属医院的情形，再也不会出现。
115145,2453,骆严,2019-07-16 10:12:36,23,27,4,有些做法真的不配在9分，甚至7分都不配，那何苦还要让同学们传播评价呢？而且评价的本意只是希望老师或多或少能做出些改进，但从老师的反馈上，对自己降分“沾沾自喜”，可见学生对他的评价也只是他之后课上用来“吹嘘”的谈资罢了，而不是用来改进的目标。素来知晓老师评价之无意义，即使老师要让评价，也没想来评，但是从他不断的反馈真的看不出丝毫真心，所以难耐胸中丘壑，便来一评。
115153,2453,骆严,2019-07-16 08:36:57,3,3,0,在今天之前骆老师一直是我很尊重的一位老师，有自己的看法，上课风格幽默，善于和学生交流?
115155,2453,骆严,2019-07-16 09:01:40,5,6,1,emm我感觉还是跟不上老师的课，粉许均瑜老师
115156,2722,许均瑜,2019-07-16 09:03:15,0,0,0,老师贼好，每节课上课前复习，ppt也贼清晰，超级亲民，课也好理解，还有好玩的动画，满分！
115157,2722,许均瑜,2019-07-16 09:50:02,0,0,0,类比鬼才许女神
115158,2453,骆严,2019-07-16 09:52:13,5,7,2,并不是所有人都适合做笔记这种方式来复习，至少我的室友们常常都是为了临时补笔记熬夜，我个人觉得抄笔记对我也起不到什么记忆作用，上课真的听不懂
115162,2453,骆严,2019-07-16 12:29:20,0,0,0,嘤嘤嘤
115165,3694,陈光弟,2019-07-16 17:10:30,21,21,0,别的其他人都说了\n\n另外，卫生学出分是真的慢阿
115166,3694,陈光弟,2019-07-16 17:16:23,35,38,3,垃圾到爆
115167,3694,陈光弟,2019-07-16 17:16:36,27,28,1,怀疑老师卷子都是乱改的，甚是神气
115168,3694,陈光弟,2019-07-16 17:20:51,39,40,1,迎来最低绩点
115169,3694,陈光弟,2019-07-16 17:21:09,54,57,3,均绩直接下降0.1，真的确定没乱改卷？
115170,3694,陈光弟,2019-07-16 18:38:59,87,102,15,这nm垃圾老师，闭着眼睛改卷？出分花了将近14天，出分慢以为在调分，原来是想尽办法给你扣分。呵呵了。我可qnmd。cgd，出最慢的分，给最低的绩点
115171,3694,陈光弟,2019-07-16 17:37:40,43,43,0,出分极慢，给分极差
115172,3694,陈光弟,2019-07-16 17:38:05,79,84,5,出分慢的要死，别的专业都讨论奖学金，我们在这等你最后一门？然后还打这么低？期末怎么算也扣不了这么多吧，神仙老师一枚，真怀疑闭着眼睛批卷子
115174,3694,陈光弟,2019-07-16 18:00:08,148,173,25,兄弟们，我有一句脏话不知当讲不当讲
115175,3694,陈光弟,2019-07-17 02:44:21,58,60,2,以为他ppt做的很认真，事实上是直接照搬的？？？
115176,3694,陈光弟,2019-07-16 18:12:12,53,54,1,什么鬼，好不容易考到一堆我会的结果让我刚刚及格???
115177,3694,陈光弟,2019-07-16 18:13:42,64,71,7,终于出成绩了。然后缓缓打出一个问号？\n\n不是？这么一算 我期末卷面成绩只有60分？ 历年题都背了，也出现了有一半吧？只有60分？？？？？？均绩4.7是假的吧？？？？？
115178,3694,陈光弟,2019-07-16 18:18:40,69,71,2,把别人的PPT换个名字就成自己的了......为人师表，他对不起自己老师的身份。
115180,3694,陈光弟,2019-07-17 02:48:47,27,33,6,傻逼老师，和屎一样
115181,3694,陈光弟,2019-07-16 18:49:12,39,40,1,我把骂他的都赞了一遍
115182,3694,陈光弟,2019-07-16 18:45:23,46,49,3,等了十多天才出分。试卷上的题基本每道都背过只有个别不确定，以为起码能上4结果出成绩只有3。
115183,3694,陈光弟,2019-07-17 02:47:10,51,52,1,教会了我们不要以为付出就有回报?
115184,3694,陈光弟,2019-07-25 07:26:39,-50,42,92,大家体谅一下，陈光弟可能死妈了，十几天得出葬、守孝、办宴席，多不容易啊，还得用最后一晚上忍着悲痛胡乱判卷子出分，好老师好老师
115186,3694,陈光弟,2019-07-16 23:08:50,23,23,0,好歹上课都听了也划了重点，但是最后的成绩真的吓人，历史最低专业课绩点，为什么？
115187,3694,陈光弟,2019-07-16 23:21:44,25,26,1,上最无聊的课，批最慢的卷，给最低的分。卫生部回来的，就趾高气昂，上课有气无力，饿死临床，哼！你倒是饿得死呀！\n\n
115188,3694,陈光弟,2019-07-16 23:28:12,39,40,1,要不是查老师最低只能给1分，我觉得1分都是多的。卫生学到底有什么资格作为一门课，当成课外养生知识了解一下不就好了嘛？！cgd直接用最新版课本的配套PPT，TMD那你给我们订老版课本是几个意思？去年没卖完吗？！上卫生学那几个老师上课语调平淡，毫无感情，简直催眠，而且PPT上内容剧多，结果考试完全不是这么回事儿。最重要的是，给分差！！！
115190,3475,康利军,2019-07-16 23:31:29,2,3,1,神经生物学里他的小测部分真的迷，其他老师考的都是讲过的内容，或者PPT、讲义上有的内容，他呢，说好的判断题，他考选择题，考的完全没讲过，令人窒息。
115191,3694,陈光弟,2019-07-16 23:35:46,2,2,0,? ? ?
115192,3694,陈光弟,2019-07-16 23:49:07,10,11,1,听老师的课没有体验
115193,3694,陈光弟,2019-07-16 23:49:39,46,49,3,“做好预防，饿死临床”是老师的真实信念，且看他如何对待临床专业的卫生学——抽问之多，上课之水，让人战战兢兢上课一学期到头来全部得靠自学；出分之慢，给分之低，简直是试卷丢了找了好几天没找到于是拿学生成绩泄愤！结论，鬼话连篇的伪君子。
115194,3694,陈光弟,2019-07-17 00:00:06,28,29,1,这二十分平时分老师忘记给了吗？
115195,3694,陈光弟,2019-07-17 00:15:45,12,12,0,差劲差劲
115196,3694,陈光弟,2019-07-17 00:16:16,16,16,0,呕 有些东西体会一下就知道什么是绝望了。学弟学妹们保重。
115197,3694,陈光弟,2019-07-17 01:37:40,7,7,0,。。。。。
115198,3694,陈光弟,2019-07-17 00:28:04,12,12,0,嗯大家说的都是良心话，我就不说了
115199,3694,陈光弟,2019-07-17 00:28:14,13,13,0,上课无趣，成绩很迷
115200,3694,陈光弟,2019-07-17 00:29:00,3,3,0,有点无聊
115201,3694,陈光弟,2019-07-17 00:29:46,3,3,0,。。。\n\n
115202,3694,陈光弟,2019-07-18 10:48:29,1,4,3,我很好奇预防到底是干嘛的 手动狗头
115204,3694,陈光弟,2019-07-17 00:49:45,3,3,0,………
115205,3694,陈光弟,2019-07-17 00:51:10,11,14,3,没听课没复习没看历年题...以为要挂的结果绩点和复习了四天的室友差不多...
115206,3694,陈光弟,2019-07-17 00:52:29,7,21,14,评论区骂人也别太过分了，我的分数也很低，我也很生气，但问候家人的行为是不是太low了点
115207,3694,陈光弟,2019-07-17 00:52:59,12,12,0,课上的差，不知道这门课学了些啥，给分也烂，难道不会调整一下的吗
115208,3694,陈光弟,2019-07-17 01:08:42,-1,13,14,cgd是很让人尊敬不起来喜欢不起来，但有些评论是不是骂得太难听了，犯得着这样吗omg…
115209,3694,陈光弟,2019-07-17 01:00:00,10,10,0,考的基本都会，结果刷新绩点新低？？？
115210,3694,陈光弟,2019-07-17 01:01:22,12,12,0,不得不说，cgd是个弟弟，给的他妈什么分
115211,3694,陈光弟,2019-07-17 02:37:54,13,13,0,陈光孙
115212,3694,陈光弟,2019-07-17 01:14:26,27,43,16,cgd确实是一个上课上的不好，给分更是胡乱给的老师，可以说基本没有做到为人师表该有的样子，但是问候人家家人的行为？？？大家都很生气，但这种言语明显过分了吧。这样的行为不会让大家赞赏你，只会让大家觉得你连最基本的素养都没有。
115213,3694,陈光弟,2019-07-17 01:19:16,21,21,0,记住了，搞好预防，饿死临床。先提前让临床生感受一下饿死的感觉，还不快谢谢陈弟弟。\n\n考试感觉都会，出成绩让你怀疑自己少做了一面试卷。估计要答得和标准答案一字不差才能给分的。
115214,3694,陈光弟,2019-07-17 01:23:12,5,5,0,??
115215,3694,陈光弟,2019-07-17 01:25:36,0,15,15,就是来打个1分。该说的，同学都说的差不多了。就是评论区里有同学问候人家家人，只想说：你是浙大学子吗？
115216,1702,毛峥嵘,2019-07-17 01:25:41,3,4,1,老师人超级nice，上课会要你提前预习，会有预习小测，上课会提问，让你上去讲解标本切片balabala，刚开始觉得事情好多…习惯了之后觉得这样上课效率比较高，期末复习也很轻松，最后给分也很好?上课讲的很好，提问也回答的很详细(⁎⁍̴̛ᴗ⁍̴̛⁎)喜欢毛老师！
115217,3694,陈光弟,2019-07-17 01:29:21,12,12,0,呵呵，真的没话说，给最低的分，一半以上的题都会结果总评才60，没话说了
115218,3694,陈光弟,2019-07-17 01:32:20,9,9,0,上课有气无力。全程透露一个信息：你们临床都是渣渣，只有我预防才是王道。最后给分极低。光孙牛逼。
115220,3694,陈光弟,2019-07-17 01:33:44,7,8,1,为什么没有0分选项？
115221,3694,陈光弟,2019-07-17 01:35:16,10,10,0,垃圾中的垃圾
115222,3694,陈光弟,2019-07-17 01:38:37,12,12,0,陈光弟牛逼！卫生部回来的就是不一样嗷！花了半个月压分数属实厉害！
115223,3694,陈光弟,2019-07-17 01:39:24,7,7,0,差差差
115224,3694,陈光弟,2019-07-17 01:40:11,11,11,0,出分极慢，给分极差
115226,3694,陈光弟,2019-07-17 01:45:30,9,20,11,陈老师给分公道，上课风趣，干货多，为什么自己不认真导致分低就怪老师？表白陈老师！！（一元一条，括号记得删除）
115227,3694,陈光弟,2019-07-17 02:02:10,11,11,0,我无话可说
115228,3694,陈光弟,2019-07-17 02:02:47,8,8,0,给分很迷惑，低的不行
115229,2453,骆严,2019-07-17 02:04:09,7,7,0,讲真，课上的还是很好的，讲课很有激情，备课也很认真。唯一算得上是我认真听的一位老师吧。不过我觉得老师对临床学生有点成见，这不太好。说实话，生化这门课，临床混学分的不少，但想学真知识，将来想把临床与研究结合的也很多。毕竟医学院的研究员临床出身的也大有人在。
115230,3694,陈光弟,2019-07-17 02:05:15,9,9,0,绝望的一门课程
115231,2722,许均瑜,2019-07-17 02:07:48,0,0,0,我表示上课只听段子。
115232,3694,陈光弟,2019-07-17 02:11:13,21,21,0,感谢老师缓慢的出分速度，让我的绩点在能看的范围内苟活了十几天。毕竟卫生学一出直降0.15，别的课的努力全都白费。给分的事你硬要说我们都没答到你想要的答案我们也没办法，但直接用配套ppt改成自己名字什么的让人不得不怀疑师德
115233,3694,陈光弟,2019-07-17 02:12:18,8,9,1,弟弟眼中“在座各位都是辣鸡”
115235,3694,陈光弟,2019-07-17 02:25:57,0,1,1,虽然助教很帅，但是陈光弟他真的给分很低……
115236,3694,陈光弟,2019-07-17 02:27:30,-3,12,15,一码归一码，对老师亲人人生攻击这种恶臭您配拿高分?？
115237,3694,陈光弟,2019-07-22 15:48:46,14,14,0,极其不负责任
115238,1092,沈岳良,2019-07-17 02:31:24,3,3,0,给一分那也是多的，上各论1完全不知道在干嘛，最后说要划重点也没划，分到他的班就只能靠自学了。
115239,3694,陈光弟,2019-07-17 02:33:54,8,8,0,到现在还没想通为什么绩点会这么低。
115240,3694,陈光弟,2019-07-17 02:35:44,7,7,0,不负责任
115241,3694,陈光弟,2019-07-17 02:35:44,3,5,2,想说的大家都说了，为人师表请不要求全责备
115243,2453,骆严,2019-07-17 02:48:53,5,5,0,呵呵（至少三个字？ \n\n呵呵呵
115244,3694,陈光弟,2019-07-17 02:51:00,8,8,0,您活该是个弟弟
115245,3694,陈光弟,2019-07-17 02:52:21,3,3,0,弟弟弟
115246,3116,赖蒽茵,2019-07-17 02:53:55,0,1,1,给分还挺好的
115247,3694,陈光弟,2019-07-17 03:21:57,5,5,0,差差差
115248,3694,陈光弟,2019-07-17 03:22:19,5,5,0,给分巨低 为什么这么低
115249,3694,陈光弟,2019-07-17 03:40:54,4,5,1,垃圾老师 卫生部回来的自己吊的一匹 总评成绩出来怀疑我试卷漏做了一面
115250,3694,陈光弟,2019-07-17 03:43:35,3,3,0,乱改卷
115251,3694,陈光弟,2019-07-17 04:07:51,0,11,11,言论自由不是让你来泄愤的，人身攻击都来了，就这种态度和素质，给你零分都不为过
115254,3694,陈光弟,2019-07-17 05:03:53,4,5,1,垃圾一个
115255,2952,孙秉贵,2019-07-17 05:56:31,1,1,0,超棒的老师 上课思路清晰ppt条理分明不可多得的好老师
115257,3694,陈光弟,2019-07-17 06:56:47,9,9,0,第一次给老师打低分 也是第一次希望查老师新增负分或者零分选项
115258,2453,骆严,2019-07-17 07:03:49,1,1,0,。。。
115263,3694,陈光弟,2019-07-17 07:44:51,4,4,0,反正临床学生都是来混学分的，给个低分您也无所谓
115266,3694,陈光弟,2019-07-17 08:07:06,2,3,1,神仙一个
115267,3694,陈光弟,2019-07-17 08:15:31,-5,8,13,给分是真的低，但评论区里对老师和家人人身攻击真的是过分了
115268,3694,陈光弟,2019-07-17 08:26:06,5,5,0,cnm傻逼玩意，建议以后所有人别去听课了反正给分看心情，我是忍住了没问候您全家
115272,2146,余运贤,2019-07-17 09:53:22,0,1,1,这 门 课 给 分 极 低\n\n
115273,2832,金明娟,2019-07-17 09:54:19,14,14,0,这个课没有平时分期末占100
115274,3694,陈光弟,2019-07-17 10:06:49,1,1,0,………
115281,3694,陈光弟,2019-07-17 13:41:11,4,4,0,这老师给分好低
115282,3694,陈光弟,2019-07-17 14:24:38,5,5,0,不想说什么了
115286,849,严杰,2019-07-17 20:28:24,-1,1,2,哈哈哈哈哈哈哈哈哈
115287,2303,祁鸣,2019-07-17 20:29:44,1,1,0,我永远喜欢祁鸣老师 大学第一个100分
115289,3694,陈光弟,2019-07-18 00:08:35,5,5,0,学校的耻辱
115299,3765,李颖,2019-07-18 04:44:33,3,5,2,感觉打分太坑了。
115312,3116,赖蒽茵,2019-07-18 10:41:52,0,1,1,给赖哥拉高一下平均分，讲道理赖老师人不错，给分很好，但是不太会上课这也没办法，另外给刘老师特别好评
115323,3694,陈光弟,2019-07-18 15:09:44,-2,0,2,淦兆国有个城堡?
115342,2453,骆严,2019-07-19 04:10:25,-1,0,1,讲的方式及内容挺有意思的\n\n
115352,2453,骆严,2019-07-19 09:15:00,0,2,2,A perfect professor
115355,3694,陈光弟,2019-07-20 15:54:18,0,1,1,，，，，，，，
115405,2453,骆严,2019-07-21 10:50:34,1,1,0,...
115406,2453,骆严,2019-07-21 10:54:10,7,7,0,It’s hard to understand what the professors are saying
115407,2453,骆严,2019-07-21 11:30:28,-2,0,2,So interesting，best DNA ppt
115408,2453,骆严,2019-07-21 12:22:50,-2,0,2,His explanations are all concepts of biochemistry and not the memorizing thing which is a good point of his teaching method
115559,2746,李秀央,2019-08-03 15:14:47,3,7,4,我这辈子从来没有遇到过这么恶心没人品的老师，甚至没遇到过这么恶心的人。证据太长，一一列出来太麻烦了。我只告诫大家，千万不要跟这种人有什么交集。
115596,3694,陈光弟,2019-08-07 00:59:35,4,4,0,极其不负责任
115645,938,唐孝威,2019-08-14 10:28:03,0,0,0,和蔼可亲
115666,1645,余沛霖,2019-08-17 05:04:20,1,1,0,很用心，很负责任的好老师！
116030,1802,鲁林荣,2019-08-31 13:10:03,8,8,0,给鲁老师疯狂打call！
116031,575,胡虎,2019-08-31 13:11:14,3,3,0,给虎哥鼓掌?
116117,2746,李秀央,2019-09-04 10:23:57,9,12,3,脾气差 刚愎自用  逻辑混乱  还经常与学生发生矛盾，遇到这么奇葩的老师让我对身边的好老师倍感珍惜
116335,1437,周韧,2019-09-08 13:42:00,1,2,1,医疗纠纷与司法鉴定，绩杀，慎选。历史最低分，一门通识，我佛了。。
116495,222,吴希美,2019-09-11 04:03:55,21,24,3,课么不好好上，一上来先灌输专业歧视院校歧视的东西，服了
116500,222,吴希美,2019-09-11 02:33:19,23,24,1,不懂为啥有九点多分，上课不知道在说什么，上来就专业歧视真的服了。
116501,222,吴希美,2019-09-11 02:35:43,20,21,1,一上来diss预防，劝预防能转临床、口腔的赶紧转，再diss中医，上课不知所云
116504,222,吴希美,2019-09-11 02:40:11,13,14,1,专业歧视呵呵了
116506,222,吴希美,2019-09-11 02:43:51,14,15,1,感觉老师并了解中医，拿着印象里最老一套的东西在说罢辽。
116513,222,吴希美,2019-09-11 03:09:57,10,10,0,辣鸡中的战斗机
116521,222,吴希美,2019-09-11 03:27:45,4,5,1,一种听 不会讲课的老师 讲课的赶脚
116523,222,吴希美,2019-09-11 03:29:31,4,4,0,上过了都说不好
116717,4906,谷岩,2019-09-14 03:12:12,6,8,2,我觉得这个老师还可以吧，这是第一个我发邮件给他，会回我邮件的老师，简直太感动了
116801,2973,张晓明,2019-09-16 02:32:27,0,1,1,男神！吹爆系统解剖学！我一个理工女上这个课笑的前仰后合的！老师很幽默！给分也好！棒！
116828,151,包家立,2019-09-16 06:42:31,4,5,1,随便水
116983,2377,黄朴,2019-09-18 03:37:11,7,8,1,老师能不能多给点时间吃午饭啊。。。
117123,4510,陈翠苹,2019-09-19 13:41:56,0,1,1,长得好
117268,13,张咸宁,2019-09-22 02:11:17,0,5,5,反/恐同地域黑是真的，虽然讲课挺有趣的。碰到敏感点的同学慎选。
117306,2176,王会平,2019-09-23 01:30:04,2,3,1,你们学过细胞生物学吗？\n\n没有。\n\n你们学过生物化学吗？\n\n没有。\n\n你们怎么什么都没有学过？\n\n……\n\n
117411,2176,王会平,2019-09-24 04:10:38,3,3,0,催眠大师，睡前听一课保准治疗失眠......
117494,1451,夏大静,2019-09-25 05:30:24,-25,3,28,自以为是的傻逼老师
117502,3284,夏强,2019-09-25 06:42:47,0,1,1,自己水平太低能不能不要怪老师的ppt有点专业？
117622,1647,王晓健,2019-09-27 00:47:52,1,1,0,催眠一级警告 / 语速起飞 / 讲得还行
117657,2556,陈建忠,2019-09-28 02:12:12,0,0,0,陈老师的脸神似777
117764,314,那仁满都拉,2019-09-30 11:55:04,7,15,8,讲课不做评判，有的观点实在偏激，作为医学院的老师，说同性恋是一种心理疾病，对多元的文化不够包容和尊重，让人感觉很不好。
117845,1267,郑树森,2019-10-05 04:47:07,-2,8,10,教学与医术是一回事，医德是另一回事。尊重他为医学事业做的贡献但也磨灭不了治病救人中的失职
117881,4040,王梦令,2019-10-07 13:44:27,7,7,0,可以说要求严格 也可以说是个杠精
117929,3750,沈静,2019-10-13 06:51:59,0,4,4,老师很好
117969,3069,柳华,2019-10-17 06:38:33,8,19,11,辣鸡TBL
117978,2105,杨芊,2019-10-17 10:28:32,11,13,2,emmm可能比较适合外向开朗的同学吧，像我这种比较拘谨&不善言辞的，感觉团辅课有一定的交流压力。老师人挺好的，也看得出教学的用心，但是感觉有点语死早，坐在旁边的时候简直感觉是话题终结者……
118034,3190,周婧,2019-10-19 04:15:45,3,6,3,好老师，人很好就是讲课的时候想睡觉
118040,3190,周婧,2019-10-19 07:01:43,3,6,3,真的就是复读机  连复读都不怎么样。。
118076,2327,杨月红,2019-10-20 12:12:16,2,2,0,超好！！！老师真的很温柔
118157,575,胡虎,2019-10-22 02:40:30,0,0,0,老师上课太好了，之前给我们代过一次实验课，太棒了，555真是太喜欢了
118158,575,胡虎,2019-10-22 02:41:43,0,0,0,我的表达能力太垃圾了完全表达不出对胡虎老师的赞美??！！！课上的太好了而且会讲很多与医学相关的历史超级棒5555，每天都在期待他代课实验课orz（老师真的好帅啊，腿好长_(:з」∠)_）
118201,3069,柳华,2019-10-22 15:32:19,2,7,5,tbl癌?ljtbl\n\n
118234,4510,陈翠苹,2019-10-23 11:32:29,3,4,1,都大学了还搞家长群，还往家长群里挂成绩。是把我们当小学生初中生管着咯。我们自己的学习自己心里有数，作为辅导员永远要把家长扯进来是觉得自己能力不足？
118289,3302,翁莉霞,2019-10-24 09:39:08,6,6,0,实验课理论能讲3小时
118546,314,那仁满都拉,2019-10-28 10:41:45,5,7,2,既针对 又偏激
118547,314,那仁满都拉,2019-10-28 10:47:34,4,12,8,不懂这老师分数为什么这么高…水与健康上课歧视同性恋，歧视留学生，讲课主观偏激，牛倒是挺会吹的…1分
118549,314,那仁满都拉,2019-10-28 10:58:34,1,3,2,歧视留学生是真的严重，装b也是真的会装
118566,2453,骆严,2019-10-28 14:10:19,5,5,0,骆严老师所指的精英班应该是“求是科学班(生物医学)”，几年前是有这个专业的；不是所谓的巴德年班，也不是“求是科学班(生物科学)”！不要弄混了！
118756,2105,杨芊,2019-10-31 11:55:18,-4,3,7,杨老师真的长相美，气质佳，说话舒服，团辅课交互比较多，但是气氛不会尬，挺舒服的。如果有和老师沟通的机会，我愿意花一整天！
118847,2722,许均瑜,2019-11-07 03:34:53,0,0,0,女神！！！
118852,151,包家立,2019-11-07 04:20:44,12,13,1,老师讲的挺好的...就是和作业没啥子关系...我上的医工结合与创新你要我交一份专利申请书和资本中国那种融资计划书是闹哪样...群里都是崩溃的孩子...还要我们自学ps制图...看着一些恶竞大佬，我已经躺好准备被正态了...
118870,2630,陈明法,2019-11-07 08:20:33,2,2,0,老师真的太太太太太太可爱了！前面赶进度我听的云里雾里，但是后面不赶进度了听的真的有滋有味！
118883,151,包家立,2019-11-07 10:40:56,10,10,0,作业做到崩溃了，他上课和作业有个毛线关系呀?专利说明书还勉强能理解，商业计划书宁教了吗？我写个毛线啊！ 还要自学PS制图，强烈建议大一新生避雷
118969,151,包家立,2019-11-08 16:05:22,7,7,0,医工结合与创新：上课可水，听下来不觉得有什么收获。这学期因为课程安排所以没有考试，多做一份作业。要写一份商业计划书一份专利申请书。但这和上课的内容完全没什么关系啊，而且写这种的话说实话全靠编，也没学到什么东西。老师作业要求感觉有点讲不清，因为字数不限所以有人写到上万，反正也是让其他人很绝望了
119008,151,包家立,2019-11-09 09:03:51,9,9,0,千万别选
119028,151,包家立,2019-11-09 16:44:43,7,8,1,教授人很好，很博学，但作业让我绝望，一份商业计划书，一份专利申请书，由于这学期没有考试，这两份作业直接决定绩点，作业是考试周后马上交，而考试周前两周才开始讲怎么写作业，这叫我怎么取舍。而且，教授有点高高在上的感觉，有点不考虑大一新生的实际完成能力。总之，不推荐。
119082,151,包家立,2019-11-10 06:03:17,-2,2,4,受益匪浅的一门课 老师人很好的事情也很少 平时没作业 不用考试 上课可以不听 只有一个大作业
119091,3694,陈光弟,2019-11-10 08:27:16,2,2,0,极其不负责任的老师
119134,3405,沈颖,2019-11-11 00:12:36,-1,2,3,有个心理学效应是:老师给你的分越低，你反而越是会倾向于给老师高分。老师好像深谙心此道。
119322,1880,赵璐,2019-11-12 05:37:39,0,1,1,给分不迷
119329,1880,赵璐,2019-11-12 05:58:35,2,3,1,自己认真查资料写期末论文 改改写写弄了很久 最后论文满分? 老师评分真的蛮合理的 女神！
119332,1880,赵璐,2019-11-12 06:02:49,1,2,1,我真的好爱她啊啊啊，她真的是一个很好很好的老师，很会体贴人，气质巨好，很照顾我们学文科的没有什么理论背景的同学。展示爆炸，只举手了一次，论文满分，绩点强行拉我上4。我还想上老师的课。
119333,1880,赵璐,2019-11-12 06:02:27,1,2,1,很喜欢老师，特别温柔可爱，虽然最后被正态了，还是给老师十分。只能说论文和发言真的很重要。
119334,1880,赵璐,2019-11-12 06:04:39,-1,0,1,人美心善好老师！给分很好！上课也很有趣！虽然发言也没抢到几次但是课堂表现的分给的还是很高呀！爱宁！
119342,1880,赵璐,2019-11-12 07:03:05,1,2,1,人超棒，论文不存在恶竞，必须10
119376,13,张咸宁,2019-11-12 11:45:36,5,5,0,好像咸宁啊，好想好想，好想好想听他再说一次：庸医！
119401,3281,张丹丹,2019-11-12 15:46:42,0,1,1,学到了很多知识
119406,314,那仁满都拉,2019-11-12 17:06:31,-1,2,3,出成绩了呀
119540,1880,赵璐,2019-11-13 11:12:16,-1,1,2,老师超好，气质不凡，温柔宽容，男生福利！
119553,151,包家立,2019-11-13 13:06:11,-5,1,6,老师很好，疯狂推荐
119563,1532,胡小君,2019-11-14 00:07:03,2,3,1,老师有耐心，还是比较干货的课讲的东西对以后的学习也很有帮助（虽然我不适应用英文阅览文献）。可水
119570,3765,李颖,2019-11-14 00:40:40,5,8,3,没作业。上课挺水。\n\n一副和善的面孔下\n\n不知道藏着什么。\n\n绩点就呵呵
119677,151,包家立,2019-11-15 00:09:51,5,6,1,医工结合与创新，p事贼多，交什么专利说明书商业报告书，千万别选
119685,151,包家立,2019-11-15 00:31:55,8,9,1,上课内容和结课测试内容关系不大，能提供的帮助很有限，专利申请书和企业策划书贼难，自己查阅资料写，前后花了20h左右的时间，最后绩点往下拖，以后科技创新都要慎选
119699,151,包家立,2019-11-15 02:09:10,6,6,0,事情多 要求高 当事人表示很后悔
119701,151,包家立,2019-11-15 02:16:47,5,5,0,很水，如果你不要绩点想要的话完全可以选。但是如果你想认真做作业，拿绩点的话，还是出门左转吧。真实? 杀
119705,151,包家立,2019-11-15 02:53:01,5,5,0,老师上课和作业真的关系不大，以作业来决定绩点，是真的很低很低。。。。大一新生真的要谨慎选。
119717,151,包家立,2019-11-15 03:21:44,4,4,0,作业实在是太难做了，花了好久最后才得了个很低的绩点
119719,151,包家立,2019-11-15 10:31:27,2,2,0,无语了
119737,151,包家立,2019-11-15 05:15:22,2,2,0,给分不是能水来的！老师会教很多东西，是有收获的，老师也很有耐心，回复很认真。（邮件和微信回复过我很多，那些说老师没耐心的应该也没有找老师吧）但是最后大作业真的一言难尽！老师要求很严格的，我在北街肝了四个晚上和三个白天（不算前期查资料，确定方向）才搞出来，秃了无数头发，自学了ps，画图，信电的课和管理学一小部分，最后绩点不是很高，还卡了绩。\n\n但想要凭借自己努力取得好成绩、真心有创业想法、对医学和医疗仪器感兴趣的同学可以试一下。以上是我个人经历。
119745,4510,陈翠苹,2019-11-15 06:37:36,3,4,1,苹苹姐超棒呀，作为辅导员真的是超级nice的贴心大姐姐了
119753,151,包家立,2019-11-15 08:22:43,2,2,0,课程要求较高，非相关课程的学生不建议报
119759,1191,陈学群,2019-11-15 10:47:48,0,0,0,脑科学 要求莫名其妙 而且只说一次 没明白发邮件问也不会回的 问就是上课没听 你来了吗╮(￣⊿￣)╭
119814,3662,郑莉灵,2019-11-16 02:17:29,4,4,0,是上老师的分医实验！老师真的好温柔好温柔实验不会的都会给你一点点讲清楚而且考试前还会在群里提醒大家
119882,4040,王梦令,2019-11-16 14:23:07,4,4,0,好讨厌
119907,3281,张丹丹,2019-11-17 00:06:44,5,6,1,分不高
119921,3281,张丹丹,2019-11-17 00:56:45,1,1,0,超级喜欢张丹教授！！又优雅又博学！！\n\n给分还超好，第一门课竟然就满绩了！！\n\n学到的知识也很有用，大家冲冲冲！！
119925,1756,杨敏,2019-11-17 01:03:24,12,12,0,我感觉每一次都是用心听课了，每次都在坐前排，认真做笔记，认真学习，21天养成计划我也好好做了，结果最后得了八十多分，老师不错，讲课挺好的，很有意思。但是很多人都是上课干别的，上课写代码，做微积分线代，我不知道他们得多少分，我也不知道90多分给谁了。不怪老师，老师很好，但是就是得分的方式有点迷，不知道怎么得好绩点。
119949,1756,杨敏,2019-11-17 01:44:37,16,17,1,实用营养与保健的通识课感觉就是在趁机找学生做问卷，评分标准很迷，每节课都去了参加那个21天健康计划也都每天打卡了，最后3.3被正态了，但老师还是不错叭，上课很水很水很水考试也很水
119964,1756,杨敏,2019-11-17 02:19:07,-6,3,9,不得不提！老师真的很美丽很温柔啊！太有气质了呜呜呜！说话也太好听了！平时上课其实听不听看自己吧，跟最终成绩可能也没有很大关系，就看自己兴趣，虽然有些问卷什么有一点点麻烦，也不知道最终给分的标准，但是没有什么作业，还是挺轻松的一门课，可以水一水，最终成绩也不错～
120024,1267,郑树森,2019-11-17 05:35:23,0,1,1,高山仰止，景行行止。一门舍不得推荐给别人的好课。
120034,3281,张丹丹,2019-11-17 06:34:30,0,0,0,讲课非常好，考试也还算容易，绩杀emmm
120052,1756,杨敏,2019-11-17 08:03:15,21,33,12,对不起 实用营养与保健我每节课都在前三排 作业也认真完成了 21天微习惯养成也每天打卡了 最后绩点3.0我真是呵呵了 我不知道那些坐后排每节课玩手机的同学们绩点怎么样 反正我是想告诉大家为了水可以选这个课 为了绩点还是算了吧?
120054,1756,杨敏,2019-11-17 08:15:20,14,15,1,水是挺水的，老师也很温柔很好，21天微习惯养成也在好好做，群里也在积极回答问题，但是给分挺迷的，被正态了? ?
120055,1756,杨敏,2019-11-17 08:21:08,5,6,1,到底是怎么给分的啊…
120062,1756,杨敏,2019-11-17 09:09:16,7,7,0,给分乱七八糟，不参加21给分烂
120133,3281,张丹丹,2019-11-17 23:14:00,3,3,0,老师很有气质，讲课也很风趣，考试也简单，但真的绩杀，大绩杀。考试开卷，题目是ppt原话，平时展示也在做，但莫名成绩很低。我明白不应该一味职责正态分布和老师的给分，但这分给分真的莫名其妙。想选的同学，如果你觉得运气足够好，可以冲一下。对于大多数人，我只想说：快逃！
120134,1451,夏大静,2019-11-17 23:16:08,1,1,0,老师挺好的，很温和
120138,1092,沈岳良,2019-11-17 23:32:18,2,2,0,课水分高
120203,1267,郑树森,2019-11-23 15:14:42,1,3,2,每堂课都有网上小测，隐形点名。器官捐献与移植课，老师只来过一次，老师很好，但给分不好。期末无考试，单纯写文章得分低，鄙视不会画画的吗。。。。。。辛辛苦苦写了很久，最后不到4，还有同学2点多。。。。。。
120217,2337,陈玮,2019-11-24 06:29:27,7,7,0,讲的很清楚，给分很好\n\n
120224,5189,应颂敏,2019-11-24 07:52:07,0,1,1,还可以
120271,2453,骆严,2019-11-27 07:26:15,2,2,0,骆严-义乌李唐-杭州浙大
120272,2453,骆严,2019-11-27 07:28:50,1,1,0,李唐村的人大多姓骆，乃初唐四杰之一骆宾王的后裔。
120273,2453,骆严,2019-11-27 07:35:56,1,1,0,唐朝时的李唐叫骆宅，传说骆宅当时有十八宅、十八店，从现在的横下塘一直到骆宅口，都是骆宅村的范围。现在的陶店与丁店之间的上枫塘，当时也是骆宅人所有。
120274,13,张咸宁,2019-11-27 08:00:11,10,20,10,【医学遗传学（甲）】期中考试：哪位在“历史上最有影响力的50位医生”名单内？-McKusick（我选了Garrod...）；期末考试：哪位是药物遗传学之父？-Motulsky（终于做对了...好像选项又有Garrod和McKusick...）
120275,13,张咸宁,2019-11-27 08:06:10,2,3,1,最喜欢咸宁上课时的“点名”！（有很多段子...）
120276,13,张咸宁,2019-11-27 08:24:14,4,4,0,秋学期：好期待咸宁主讲...；冬学期：好想念咸宁上课...
120319,2105,杨芊,2019-11-28 08:12:19,-1,6,7,对芊老师第一印象就是 很美 很有气质 很有自己主见 思考逻辑丰富的一位女士 更可以说是女士的典范 有种小女神feel 第一堂课就被芊老师吸引了 全程不滑手机 班上男生更是目瞪口呆 主动发问回答问题！\n\n优点：最喜欢的毫无疑问是课堂的团辅课 真的很好玩 也学到很多事物 更了解自己和身边朋友 其次团辅助教姐姐很美很nice 太喜欢了！每周四的两节课总觉得过得特快 很舍不得\n\n缺点：理论课就相当比较乏闷 芊老师讲得挺好 也给了我们很多思考互动环节 但觉得课堂ppt可以再有趣些 然后分数比例方面就有些不满 因为测验开卷试比重太高了 对于大一生有些吃力 但最后成绩也不负我想象 觉得挺好 满意\n\n我个人自己的看法：选上这门课的你们 切记要主动点回答问题 因为10%就是回答问题的次数 所以一定要把握机会 不要怕羞 否则绩点也很你羞羞 然后上每堂课后 记得做复习 老师随时就会给隋堂测验 而且题目陷阱挺多 要多加留意！大致上是这样 虽然有好坏 但总体来来说我是满意和学到很多东西 所以分数方面就当作是个经验吧 哈哈哈哈\n\n最后最后 一定要把握机会和芊老师沟通 尤其是她被派你的团辅组别 老师会分享自己的经验想法 真的很吸引！
120322,1437,周韧,2019-11-28 11:17:55,3,3,0,老师讲课还是很有趣的，但是给分emmmm
120351,1756,杨敏,2019-11-29 23:04:22,4,4,0,实用营养与保健的课。老师挺好的，但可惜有一个不知道在干嘛的助教。明明老师说了可以选答两小题或者一大题，结果这位神仙助教居然觉得这样难以制定所谓的公平的评分标准，于是他默认答大题的同学们少答了一道题。都9102年了这样的“公平”我真的前所未见闻所未闻。没什么别的意思，就是来问候一下这次的给分的助教某qc，希望他能继续幸福地生活下去? P.S.有一说一 ，课确实水，任务不算太重。如果不怕这奇特的评分标准，大可放心选。老师挺不错的，很温柔也很有耐心。
120374,13,张咸宁,2019-12-01 08:05:10,4,4,0,期中考一定要做他出的练习册啊 血的教训
120498,13,张咸宁,2019-12-09 09:27:58,0,1,1,老师上课cue人的方式我还不是很赞同，不过上课内容比较明晰的。ppt一定要好好看，还有那本习题册！！！
120526,1451,夏大静,2020-01-12 03:25:57,1,1,0,很贴心的老师，给分不好的只能问自己有没有积极参与课堂展示和复习ppt，开卷都不行就没什么行了。
120707,3405,沈颖,2020-01-15 15:39:05,-1,0,1,水过来加睡过来的，绩点4.5 主要是靠论文和考试好好写吧。\n\n
120780,2034,沈筱筠,2020-01-17 00:34:49,2,2,0,老师口语一般，但人还蛮好。。建议评分标准可以早一点跟同学们讲，然后取消组间互评（同学们的标准都不一样，而且很难预防正态的恶性竞争影响）
120808,3405,沈颖,2020-01-17 10:49:43,-3,2,5,上课要认真听，老师人很好，很和善，论文主要看自己的想法，结合自己实际，虽然考试开卷，但不听还是很难的。虽然没满，还是感谢老师的4.8。
120844,1451,夏大静,2020-01-17 18:30:38,1,1,0,健康与免疫，一次展示，最后期末开卷考，PPT上都有，大部分授课内容学过些生物理解起来就好一点。
120896,2364,包爱民,2020-01-18 10:34:52,1,3,2,带我们看了脑库
120897,1451,夏大静,2020-01-18 10:37:23,0,0,0,医学老师上大学生物学真的有些吃力，不怪她。老师人好的。
120937,4510,陈翠苹,2020-01-19 00:16:31,0,1,1,我只能说，老师好看，其他绩点啥的不重要，78就78吧。
121057,3281,张丹丹,2020-01-19 11:00:57,0,3,3,老师好像叫张丹。女性生殖健康这门可课上干货还算多，平时有三次展示，各小组没什么差别。平时每次都是gps加上同学之间互相扫码签到的，逃不掉的。最后考试是开卷考客观题。考试前会发一个最后课件，是七十几张ppt吧。两个小时的考试，开卷考客观题，做完感觉自己全对，全都在课件里找到了。最后3.0，绩杀。如果大家想碰运气就选，但最后怕那种无缘无故随机分配到烂绩点的千万别选🙃。感觉事随机抓人给分。最后，老师和助教身为浙大医院的医生，你觉得她们有时间改卷吗？
121064,3069,柳华,2020-01-19 11:59:02,8,10,2,听老师上课真的思维会一直很活跃不会想睡觉，柳老师的人形大概是我大学以来听的最认真的课了。好好预习收获会很多哒！
121130,2743,许正平,2020-01-19 19:48:14,4,5,1,给分挺垃圾的。每节课都要小测，题目也挺莫名其妙。而且论文展示二选一。学不到什么东西还要每节课都去。
121201,1437,周韧,2019-12-30 10:34:22,-1,1,2,周韧老师的课还是蛮有趣的，剩下记得有一个老师一直念ppt和文书检验的教材，别的也没多大印象了…记得有1～2道思考题+讨论课+一次课开卷案例分析+一次课开卷法律问题的回答…感觉大部分还是靠百度吧，案例分析的话周老师会领着做，我们小组展示自己研究了一个问题并解决，最后绩点4.5，好像组内成绩都不错。
121347,151,包家立,2019-12-18 12:29:30,1,1,0,emmmm怎么说，医工结合与创新，上完课下来学到的东西不多，课上也确实是没怎么说作业怎么写，但有说注意事项，也说了作业更看重的是格式是否规范。最后两个作业肝了完整的两天，不过有一说一，内容基本上都是编的，但是格式都是严格遵照老师发的范文和课上要求的，最后满了。
121402,2952,孙秉贵,2019-12-16 10:38:10,2,2,0,老师讲课非常有趣!而且真的可以学到一点东西(上的是神经科学)
121560,13,张咸宁,2019-12-12 11:47:26,4,4,0,青海姑娘好惨啊
121561,2494,邱爽,2019-12-12 11:31:07,5,5,0,英文说的很好，tutorial超棒
121567,3078,陈晓,2019-12-12 11:21:20,0,0,0,la bone
121569,1267,郑树森,2019-12-12 11:18:49,3,4,1,器官移植的通识课真的超级好，听一位位医学大牛讲课真的特别荣幸。最后一开始给分不好还把分调高，很有人情味。我这一门通识选修课能有4.2的绩点已经很满意了。
121580,151,包家立,2019-12-12 10:41:21,1,1,0,老师上课上的挺有意思，也很和蔼，会耐心回答学生问题，有时会叫人上课回答问题（不算在平时分里面，但是确实挺有趣），PPT准备的很认真，老师的知识面也很渊博。不过这次考试取消了…变成了专利申请书和商业计划书都要写…虽然一开始很迷茫，心态爆炸，（完全没有思路），但后来横下心来在考试周的时候砸了三天三夜下去把它刚完了…结果给分最后很惊喜，大概也是一分耕耘一分收获吧。如果认真去上这门课并完成作业能学到很多，不仅是医学，还有物理，化学，数学，计算机等等，总之还是值得尝试的。
121667,13,张咸宁,2019-12-09 09:27:58,0,0,0,老师上课cue人的方式我还不是很赞同，不过上课内容比较明晰的。ppt一定要好好看，还有那本习题册！！！
121702,2472,李晓明,2020-01-21 02:25:08,19,22,3,全程无尿点，无走神，能把通识课上到这种境界的老师应该不多吧
121784,1451,夏大静,2020-01-22 01:40:14,6,8,2,只针对大学生物学 不针对老师。别选大学生物学 别选大学生物学 别选大学生物学 上课要举手恶竟因为占分 要看慕课完全靠自学期末还闭卷 两次PPT展示 最后还被完全正态到底
121785,2364,包爱民,2020-01-22 01:41:26,11,14,3,只针对大学生物学 不针对老师。别选大学生物学 别选大学生物学 别选大学生物学 上课要举手恶竟因为占分 要看慕课完全靠自学期末还闭卷 两次PPT展示 最后还被完全正态到底
121786,5559,金静华,2020-01-22 01:41:52,3,6,3,只针对大学生物学 不针对老师。别选大学生物学 别选大学生物学 别选大学生物学 上课要举手恶竟因为占分 要看慕课完全靠自学期末还闭卷 两次PPT展示 最后还被完全正态到底
121810,5641,张丹,2020-01-22 03:16:44,3,9,6,上课内容很有价值，考试内容很简单，给分差强人意，总体来说还可以。
121812,3284,夏强,2020-01-22 03:52:04,0,1,1,这个给分 我tony大爷
121813,2377,黄朴,2020-01-22 04:17:17,5,5,0,其实分医实验主要看期末考，老师平时注重考勤，实验报告给分还是不错的啦
121870,417,李兰娟,2020-01-23 04:38:33,9,11,2,李兰娟院士勇敢地站在了抗疫第一线，为李老师打call。
121873,417,李兰娟,2020-01-23 04:51:22,10,11,1,不说了，要哭了
121874,417,李兰娟,2020-01-23 04:54:08,43,49,6,没上过课，但从赴武汉可见人品，真国士
121880,417,李兰娟,2020-01-23 05:25:02,9,10,1,国士无双！院士注意身体！！
121881,417,李兰娟,2020-01-23 05:25:52,13,14,1,苟利国家生死以，岂因祸福避趋之。致敬。
121899,2377,黄朴,2020-01-23 07:43:19,-1,0,1,第一节课特别会怼人，后面会好一点，总体还不错
121900,4286,蒋磊,2020-01-23 07:48:18,13,22,9,唉...
121907,417,李兰娟,2020-01-23 13:18:02,5,6,1,国士无双
121964,417,李兰娟,2020-01-26 07:13:06,3,5,2,国士无双
122004,417,李兰娟,2020-01-30 12:19:23,25,29,4,火神山 雷神山 钟南山 三山齐聚克难关\n\n国内捐 国外捐 李兰娟 众捐纷来达通途 ​\n\n横批：国士无双
122008,3190,周婧,2020-01-31 01:15:13,1,6,5,给分一般，期末啥也没复习到
122042,417,李兰娟,2020-02-04 12:34:35,4,5,1,国士无双
122054,417,李兰娟,2020-02-07 15:55:58,4,5,1,国士无双
122080,3078,陈晓,2020-02-11 09:47:14,-7,1,8,上课不点名，基本不提问。\n\n讲一两个小时理论课后就让学生去看标本，自己在讲台上坐着或者出去看手机，半个多小时后再问问同学们有没有问题，再讲一讲，也不会考虑所有同学能不能看到。\n\n评分细则不直接说，考完试后告诉我们要用mooc做平时分。\n\n希望老师上课少玩手机，能多点名提问，或者把标本拿上来分别讲，上课前把如何评分讲明白
122109,1789,王伟,2020-02-13 11:21:15,0,0,0,很不错
122164,417,李兰娟,2020-02-18 04:08:01,3,4,1,国士无双，为啥不是满分💯哇
122207,3450,徐向荣,2020-02-20 03:45:44,2,4,2,女性生殖健康这门课，扫码签到，没有什么事，老师也很温柔，期末开卷考，给分也还行，我觉得挺好的
122214,6650,钟近洁,2020-02-20 04:52:40,14,16,2,上的人形态的组胚，挺好的
122294,1645,余沛霖,2020-02-23 03:16:01,5,5,0,老师人不错\n\n出分真的非常迷\n\n担心绩点的慎选
122297,6650,钟近洁,2020-02-23 05:20:48,9,11,2,看起来有点冷酷但实际上还蛮可爱的(๑• . •๑)挺负责的老师
122318,5272,王本,2020-02-24 04:49:01,3,4,1,上的是大学生物学，三个学分，一周两节课加线上网课。网课有点多，有些章节比较难。不过了解就好，要求不是很高。老师很温和很亲切的（还很帅）。线下除了分组讲解（这个超级水），再加一次展示就好了，三人合作，老师变着花样夸了每一个组(//∇//)，期末也不难。特别喜欢王本老师，他经常和我们分享科普文章，学生讲解时会帮忙纠正错误和拓展知识，讲不下去还会帮忙讲解。他和我们说上这门课是为了培养生物学素养，完全不搞恶竞。给分也挺好。选他选他。
122364,5657,王猛,2020-02-25 13:39:41,3,3,0,讲的很好！有..可爱？
122372,417,李兰娟,2020-02-26 00:28:03,3,4,1,致敬！
122386,3765,李颖,2020-02-26 03:21:15,1,4,3,上过女性生理与健康……怎么说呢，就感觉是加长版的妇女保健讲座，把一些本来很生硬的医学知识讲的更生硬。说实话我不是想知道孕后期什么病会大概在几个月发之类的这种数字的问题，这个课的实用性真的不高。每节课有小测，期末要闭卷考，内容都是一些要背ppt的数字才能会的东西。哪怕是这样我还是听不下去，成功get期末绩点最低……所以说如果喜欢有趣科普的话还是别选了。
122470,2746,李秀央,2020-02-29 03:33:10,11,14,3,课前课后都有作业，上课听不清楚，不理会同学的反馈
122571,5494,蔡志坚,2020-03-04 07:40:17,9,13,4,网课网络不好老师手举着手机拍ppt上课！太强啦
122574,851,方马荣,2020-03-04 09:14:25,2,3,1,上课的时候很绝望，什么也听不懂，PPT有很多份，讲很多遍，每遍都听不懂，只能靠自学
122598,417,李兰娟,2020-03-06 06:34:47,4,5,1,为什么才8.几分啊！
122632,946,韩曙,2020-03-09 10:31:19,1,1,0,实验课上得很好
122633,5494,蔡志坚,2020-03-09 12:15:39,13,15,2,不备课，也不知道重点是啥，ppt还英文
122691,3116,赖蒽茵,2020-03-19 06:48:37,4,4,0,第一次知道连念ppt都可以念成这样 在家上网课听到想要跺脚掀桌 自学吧宝贝们别挣扎了
122693,2670,于晓虹,2020-04-27 14:17:39,1,1,0,绩点能看？
122729,969,焦晶晶,2020-03-26 10:13:08,16,21,5,上课没听过，不过讨论课有过发言，也参加了辩论赛，开卷考没怎么仔细看资料，最后得分3.5，我也不想说什么
122759,417,李兰娟,2020-03-31 15:36:15,2,3,1,国士无双！！！！！
122766,1059,王福俤,2020-04-01 12:30:23,12,12,0,呵呵呵呵不予置评。一个老师，上课就知道不停吹无意义的牛逼，强迫学生不停给他点赞，说什么上个班给我点了十几万赞，还要求自己做推文发他的公众号，等等等等一言难尽，根本不讲有用的东西，每节课就不停吹牛逼，真的醉了
122816,2746,李秀央,2020-04-09 16:20:02,12,13,1,要求多 任务难 上课少 快点结课吧别折磨我了
122825,5272,王本,2020-04-11 08:16:36,6,9,3,实夸，王本老师的《大学生物学》在通识核心课里面已经算是事不多（指名diss《生物安全》，事情真的多）的了，每次上课十分钟课前小测试（都是慕课里的东西，做完慕课的课后题就完全OK了（有很多题重复这我怎么会告诉你）），上课每个小组轮流讲课（PPT老师都准备好了，看完慕课，外加一点自我发挥就OK），最后没有论文，只有一次考试（题目挺简单的，只要复习一遍慕课课后习题即可）。真的还可以，真的超可以，王老师还会变着法子夸你们小组，当然指出不足也是有的。夸夸夸！！！
122827,3405,沈颖,2020-04-11 12:14:53,6,7,1,医学生，而且是学过神经生物学的医学生，论文(自认为）写的挺专业，最后3.3，去找过老师，大概是，论文要有自己的想法，要很多字数，要理论和很多例子结合，考试要写很多，要加入自己的观点balabala反正才1.5学分通识课，大家也别太计较
122864,417,李兰娟,2020-04-15 13:28:23,3,4,1,国宝。
122871,4286,蒋磊,2020-04-16 04:19:10,-11,3,14,我觉得吧，重视实力才是最后的根本。
122872,1092,沈岳良,2020-04-16 01:04:13,3,3,0,各论1讲的太差劲 全靠自学 基本是想到什么讲什么
122874,1645,余沛霖,2020-04-16 03:28:46,5,5,0,绩点cua的一下下去了\n\n给分太迷了\n\n
122913,2952,孙秉贵,2020-04-20 06:53:10,1,1,0,讲的 真的 好！！\n\n
123005,1059,王福俤,2020-04-29 10:45:41,4,4,0,“老师请问可以上传一下ppt吗” “怎么，你看不清吗？”  好呢。
123011,5659,李学坤,2020-04-30 05:15:03,13,17,4,很认真的老师！
123027,417,李兰娟,2020-05-02 12:07:41,5,6,1,中国的脊梁！
123052,6753,王赵琛,2020-05-06 11:44:08,26,49,23,旁听了王老师的一学期的医学伦理与卫生法学课，非常欣赏王老师严谨的学风、人本主义的上课风格，课上引用了很多视频资料，紧跟时事热点，给出了一些非常重要的伦理学分析。
123101,3116,赖蒽茵,2020-05-09 16:13:05,17,17,0,"Hello， I'm ""lion in"". See you for tofday!"
123140,3405,沈颖,2020-05-12 15:23:11,4,4,0,神经生物学讲的简直差劲 基本全程念书 下课全靠自学
123167,1785,金永堂,2020-05-14 11:58:35,4,6,2,期末多抄抄资料就好了，差一分满绩，被卡绩的感觉真的难受
123228,5659,李学坤,2020-05-22 00:33:24,7,13,6,老师超级棒，个人觉得是生化里讲的最好的一个老师，很有逻辑，也讲的很清晰。上课之余也会偶尔讲一些哲理性的东西，有点人生导师的意味。老师太好了，必须10分。
123248,2556,陈建忠,2020-05-26 03:26:42,8,9,1,这层是针对波谱的。\n\n老师在讲正确的部分的时候还是头头是道，逻辑比较严谨的。但是感觉对回答提问这方面很不上心，有明显的错误也死不承认。跟着他学习是一个很矛盾的过程
123295,611,李仲杰,2020-05-31 09:08:04,4,5,1,就 很 不 好\n\n态度好奇怪，不管有什么问题问他，都会用一种“肯定是你的问题”的严厉语气对你挑挑捡捡。要求之类也不说清楚，我们上个课还要揣度圣意吗😓
123323,4819,吕寒冰,2020-06-03 05:31:30,13,13,0,再也不会遇到第二个这样的老（s）师（b）
123352,1416,沈晓红,2020-06-05 01:47:49,0,0,0,老师真的超好的！！！上课很清楚，为人也很幽默风趣，能和大家打成一片，学到了很多心理学知识！！她的课真的让你不想走神。最后给分也超好！！！
123359,1437,周韧,2020-06-05 15:17:40,5,5,0,“我讲慢一点，让音画同步起来”
123407,6650,钟近洁,2020-06-08 08:49:25,3,5,2,就超棒！！！讲课很清晰
123413,6303,冯晔,2020-06-08 10:39:55,16,18,2,老师上课很风趣！真的很尊敬他
123468,2746,李秀央,2020-06-09 05:13:50,38,45,7,无限制打断学生展示，打断到后面直接说不合格，我好想送花花/微笑
123487,2746,李秀央,2020-06-09 06:44:36,31,33,2,还没考试，我也不知道绩点多少，但是我现在就想打分，我觉得当同学在展示的时候，虽然已经到下课时间了（但是拖堂也不是学生的错啊），虽然可能展示的内容不是特别的好，但是打算别人说话真的很不礼貌，就算你是老师，频繁打断学生说话展示真的不是一种有素质的行为，就这样
123500,2746,李秀央,2020-06-09 07:34:01,12,14,2,如果我对浙大的教学水平产生了质疑，一定是因为这种老师的存在
123507,2746,李秀央,2020-06-09 08:06:47,12,13,1,快逃！！！
123534,2364,包爱民,2020-06-09 13:09:47,2,7,5,还没有出分，但是私以为包老师真的值得十分！绩点如何尚且不知，但如果想学干货、想听到妙趣横生的知识，选就完事！是那种你越听越起劲完全不想干其他事的课堂！另外，老师的语言很活泼生动，知识面也很广，经常讲着讲着就衍生到社会呀艺术呀这样更广的领域，当然，专业知识也很过硬。还有就是，大脑与社会这门课每节课都会推很多有意思的电影，也会就同学们的思考作业做延伸性点评～任务的话，闭卷考有（但是每节课课后都会划考点，btw：ppt是纯英文），影评有，平均每人一次的堂测有，但是作为长学期的课，感觉事情并不是很多～
123544,1756,杨敏,2020-06-09 14:12:42,8,11,3,实用营养与保健 就两个字 无语
123549,1756,杨敏,2020-06-09 23:06:34,2,2,0,就疫情期间的上课来说吧！事情很多，每次上完课都需要上传笔记到学在浙大上，但是PPT非常多，一张的PPT就有一二百页，反正我是胡乱写的，但是因为同学互评的原因，我看到其他人要付出的时间很多，另外还有要制作海报放在朋友圈里，积赞可以增加分数，这一点遭到了班里很多同学的恶心，其次，我不明白，每次上完课还要在下节课之前把直播回放给删除是什么操作，各种介绍上说没有大考试，但是最后一次突然来了一次期末考试，根本不知道是考什麽，一开始说的是提前20分钟开始考试就能考完，结果墨迹了45分钟，最后的课堂展示也是大家没有问题，还非要同学提问题，随便点一个人还让他必须要提一个问题，在提出问题的时候，助教那一句我给你十秒钟的时间思考，真的是服了。最后又开始第二次考试，考到了大约晚上十点多的样子。不说了，打死我以后都不选她的课。
123583,1451,夏大静,2020-06-10 08:21:02,0,1,1,情商很高的老师，讲课还行
123635,1437,周韧,2020-06-11 02:11:10,0,0,0,老师很有意思，讲课能学到很多
123640,13,张咸宁,2020-06-11 05:18:31,2,3,1,科学大师与遗传医学：原来的考试老师说没什么用就取消了，写论文的话一定要有出彩的点或者标题抓住眼球，否则就是庸医庸才!
123643,3116,赖蒽茵,2020-06-11 06:16:18,1,1,0,头一次见到一个老师讲课能烂成这样，他不光是讲课不清楚，是连基本逻辑和连贯的句子都说不清……
123795,1437,周韧,2020-06-14 09:11:08,0,2,2,利益纠纷这门课真的巨好！一节课没听，认真做了PPT，然后最后的期末考试是开卷的，可以上网查，总之就是分好事少，认真听的话也能学到不少。
123826,6704,王秀君,2020-06-15 00:13:51,0,7,7,说实话没太理解一个中国人为什么要把所有场合的名字写成JUN XIU WANG
123848,1756,杨敏,2020-06-15 02:56:23,2,2,0,真的绝对不要听她的课，事情好多非常多（每周笔记作业），ppt也很多不知道他们说什么..最后期末考试太可怕了，也挺难的，像一个必修课一样..（要开摄像头，好严格）+上课时老师很爱说话，晚下课😂。
123873,1880,赵璐,2020-06-15 14:25:49,-2,0,2,事情不多，给分相当好，人美心善，i了i了
123921,5217,王迪,2020-06-16 10:01:51,-18,9,27,非常好
123962,2550,申屠建中,2020-06-18 05:38:20,1,1,0,傻逼给分
124051,2746,李秀央,2020-06-22 13:40:16,28,30,2,医学院就找不出第二个统计学老师了？
124072,2746,李秀央,2020-06-23 08:14:20,3,3,0,个中苦楚不再多说\n\n我只想说 别选她的课！！！！\n\n\n\n
124140,6228,徐承富,2020-06-27 08:38:10,6,9,3,老师很认真负责，上课干货多。不过因为上课的老师们都是附属医院的医生，很忙，所以回消息啥的可能比较简短或者不及时吧哈哈，很正常。很好！
124178,2746,李秀央,2020-06-26 13:06:59,4,5,1,如果统计学有另一个老师的班，谁会选lxy的课呢
124404,2746,李秀央,2020-06-30 08:28:24,0,0,0,再试再试
124461,2436,余海,2020-07-01 14:25:17,1,1,0,吹爆，有学识有修养给分好，上的最好的课之一
124470,2436,余海,2020-07-01 16:12:54,7,8,1,给个10分！我觉得很有趣，对于通识来说，能学到很多，最后4.8
124546,5868,吴一华,2020-07-02 18:02:16,3,5,2,
124550,2973,张晓明,2020-07-03 00:06:32,2,9,7,个人不是很喜欢老师的上课风格，有人觉得很幽默，但有些恶俗内容我听得很尴尬，不知道笑点在哪里…我觉得我平时也算认真了，PPT上一堆英文也从不在上课前给，我就每次都课后再花时间重听并在PPT上做笔记；mooc任务也很繁重，但我没有鹅颈的习惯就只是全部完成了（没有超额完成）；最后的考试也打印了厚厚一叠PPT还借来了医学专业书，结果还是被正态了，获得一个史上最低分，文科生真的心塞…就感觉付出和收获不成比例吧。
124586,5944,韩佩东,2020-07-03 08:59:44,0,5,5,基因组医学，全程靠老师操作，一开始说中文考，结果是全英文。每次成绩说法都不一样，说是全ppt内容？？？
124609,1756,杨敏,2020-07-03 15:45:19,2,3,1,这学期增加了很多任务，给分也不像之前那么迷了，线上考试确实会出现很多不确定因素，这也不能完全怪老师，而且朋友圈集赞的做法遭到同学抵制后老师也是取消了集赞只要求发朋友圈，总体来说还是中规中矩，但期末考试真的有很多不会，可能是我没好好复习吧
124689,1556,王鑫慧,2020-07-06 08:11:15,1,1,0,3.3。。
124693,2877,金帆,2020-07-06 09:50:33,0,0,0,别选医学院的个性课 过于硬核 内容比医学遗传学细 多了很多case
124743,1880,赵璐,2020-07-07 17:15:37,4,5,1,棒！通识3.3，虽然正太，但是感觉上课很舒服，也没有什么遗憾。建议大家选通识课不要选14个人左右的小班，容易成为大佬们的跳板～
124764,1059,王福俤,2020-07-08 11:34:35,8,9,1,把这个老师的名字输到百度搜索里，自动联想有惊喜。
124790,2746,李秀央,2020-07-09 12:49:42,15,17,2,槽点太多，喷她太掉价，反正一句话，她只配0分
124791,2746,李秀央,2020-07-09 13:06:58,4,4,0,大二下了，搞到了两年来的最低绩点
124792,2746,李秀央,2020-07-09 14:01:38,3,4,1,天哪，老师评分居然还有这么高，还是来拉一拉把emmm
124793,2746,李秀央,2020-07-09 14:25:52,3,3,0,无语，愿以后不要碰到这样的奇葩老师
124795,2746,李秀央,2020-07-09 15:57:12,2,2,0,事情极多，极不尊重学生，给分极差，和原始成绩比例、考试难度严重不符
124796,2746,李秀央,2020-07-09 17:18:43,11,12,1,万万没想到这门课挂了，明明所有课里这门课花了最多的时间自学，最多的时间做作业，期末考电子开卷全查到了。。。上学期有些课没认真学，自己很害怕挂科都没挂，没想到栽在这样一个垃圾老师手里
124797,2746,李秀央,2020-07-10 06:11:53,30,43,13,#李秀央批改肖战满绩#
124800,2746,李秀央,2020-07-10 04:55:58,3,3,0,破事儿一堆，给分贼低，没有礼貌
124820,1137,夏梽丹,2020-07-11 00:40:57,0,8,8,恶意克扣学生分数，内涵讽刺学生，不明事理，反复狡辩，不配为人不配为师。给分极差，大家一定要慎选，根本配不上9.1这种分数。恶人自有天收，慢走不送。
124821,3608,吕卫国,2020-07-11 00:54:43,0,0,0,平时分乱给，妇保教学办很不负责
124823,1137,夏梽丹,2020-07-11 01:11:37,6,15,9,选老师通识课的同学请一定做好：平时按时出勤、作业按时完成、期末作业按时提交、最后期末拿80分以下的好成绩哦～～～～
124826,1137,夏梽丹,2020-07-11 08:48:27,2,6,4,不知道老师给分的标准是什么？感觉就是凭心情，很不公平....
124838,6321,胡玮琳,2020-07-12 03:53:25,17,17,0,老师好可爱！！！
124868,1645,余沛霖,2020-07-14 03:47:39,0,1,1,这学期身边的毒物因为疫情是期中论文和期末展示，平时应该期末是开卷考，最后满绩了，老师很温柔很nice很专业，强推，对这门课付出了很多时间，只能说努力和成绩成正比
124875,2453,骆严,2020-07-14 06:42:14,1,1,0,网课期间录制的课底噪大的惊人，说话声音也略带有有气无力的感觉，让人昏昏欲睡，也许这就是线上的坏处。但PPT制作还算OK。
124915,5280,徐骁,2020-07-19 06:27:18,8,12,4,惟日孜孜 无敢逸豫 为徐院长的情怀点赞
124936,2746,李秀央,2020-07-22 07:42:49,3,3,0,呵呵，真是令人大开眼界
124950,2146,余运贤,2020-07-25 15:42:16,6,8,2,口音是有点口音，不过不影响听课。\n\n上课还算幽默风趣，比其他老师有意思一点。\n\nPPT制作水平算是ZJU教师平均水平
125003,1059,王福俤,2020-08-06 12:10:17,3,3,0,把这个老师的名字输到搜狗搜索里，自动联想有惊喜。
125011,4286,蒋磊,2020-08-10 07:16:28,27,29,2,我爱蒋老师，没想到已经有孩子了还那么年轻美丽（青涩地让我觉得她像一名研究生助教）最重要的是蒋老师给分超级赞，比别的几个班要好。只要你平时能回答满老师的问题3次就会拿满平时分。而且小组之间互相出题也真的好良心好良心啊，为我们的绩点操心不少。最后感谢老师把我从马里亚纳海沟里捞上来5555老师人美心善，爱您啾咪咪~
125047,2345,张雄,2020-08-20 05:36:03,2,2,0,一分的课事情怎么这么多，绝了
125084,2453,骆严,2020-08-29 08:29:46,4,4,0,朝夕令改只为提高浙大声誉！
125085,2746,李秀央,2020-08-29 13:34:09,11,13,2,傻逼老师
125086,3694,陈光弟,2020-08-29 13:36:14,1,1,0,呵呵\n\n
125106,1702,毛峥嵘,2020-08-31 14:19:16,-8,3,11,人体探秘课，感觉内容还是挺专业的，开卷考试认真准备了1整天（没错就1整天但是考点基本都复习到了，ppt是个好东西一定多看），平时作业有点多，MOOC要看会作为1次平时分。本以为至少也能4.8但是可能还是课堂互动少了，只有4.5
125109,13,张咸宁,2020-08-31 14:23:06,-8,4,12,科学大师那门课（下学期好像改名了就），很不错，仿佛阅读了大师传记。没有作业，期末论文*1，给分很烂，被卡3.9吐了
125113,5868,吴一华,2020-08-31 17:03:11,13,14,1,
125153,5441,杜艺岭,2020-09-02 09:18:21,13,15,2,ppt朗读大师
125155,417,李兰娟,2020-09-02 10:06:41,3,4,1,国士无双
125184,5231,郭国骥,2020-09-03 06:34:15,0,3,3,人帅歌甜
125185,5724,韩晓平,2020-09-03 06:37:48,0,1,1,人美能力强~
125318,2670,于晓虹,2020-09-09 17:25:27,6,7,1,这老师，给学生个好一点的绩点比让她妈吃屎都难
125372,3240,阎小毅,2020-09-07 23:44:33,0,0,0,上课无压力，但是给分感觉一般
125384,3116,赖蒽茵,2020-09-08 03:04:08,-4,2,6,yysy，赖伯伯讲课很催眠。但是他人还是很好的，蛮和蔼的老人（似乎是介于父辈和祖辈之间的年纪）。感谢赖伯伯没让我挂生化，爱您
125445,3694,陈光弟,2020-09-09 08:34:39,-10,1,11,今年给分真的很好
125446,3694,陈光弟,2020-09-09 08:40:57,-6,0,6,感恩的心
125448,3694,陈光弟,2020-09-09 09:00:30,-1,2,3,从此 向其他专业同学推荐卫生学不再需要加🐶了 不过有一说一 还是希望老师说话能更有力气一点 要不然太催眠了
125451,3694,陈光弟,2020-09-09 09:16:59,1,2,1,陈光弟迷途知返 yyds
125453,3694,陈光弟,2020-09-09 10:26:55,-3,0,3,卫生学：\n\n因为网课所以没怎么听课（大家不要模仿）。之前看查老师发现分好低，甚至还可能挂科（虽然我觉得这就是门水课）结果成绩出来3.9也还行，毕竟我只是考前一天突击了一下。【让我比较惊讶的是查老师现在还有同学在用，泪目】
125463,2670,于晓虹,2020-09-09 15:36:13,1,1,0,如果你对GPA有追求，请果断换老师，不要心存侥幸
125492,6993,方学贤,2020-09-10 11:11:31,-1,0,1,哈哈哈哈
125497,2345,张雄,2020-09-10 12:34:52,2,2,0,给分太差了
125500,2345,张雄,2020-09-10 14:04:47,0,0,0,一学分的课事情贼多，给分还那么低，1分不想给
125526,1789,王伟,2020-09-11 03:19:30,1,2,1,这老师怎么混进来的啊！？
125627,5189,应颂敏,2020-09-12 12:22:41,0,0,0,👍👍👍👍👍👍
125641,3694,陈光弟,2020-09-12 13:55:22,7,10,3,就，cgd上课水平没有评论说的那么差，卫生学这门课本来就很水，也不要指望能学到太多东西。\n\n20年给分好了所以一下子分数就涨了/吃瓜
125642,849,严杰,2020-09-12 13:57:09,1,1,0,课本其实用蓝皮书也行的。严杰的PPT非常详细，上面全是重点。讲课的时候废话不太多，总体上是ok的
125694,6669,姒蜜思,2020-09-13 07:41:11,1,1,0,超nice的老师
125710,417,李兰娟,2020-09-13 11:52:40,1,2,1,国士无双！
125724,417,李兰娟,2020-09-13 14:17:18,1,2,1,国士无双
125725,417,李兰娟,2020-09-13 14:17:58,1,2,1,国士无双！
125784,3662,郑莉灵,2020-09-14 08:32:07,2,2,0,上老师的第一节实验课，老师太温柔了我好喜欢她啊太温柔了太温柔了
125787,3405,沈颖,2020-09-14 08:40:17,0,0,0,无语中
125789,3405,沈颖,2020-09-14 08:53:31,0,0,0,就那样
125845,3834,夏宏光,2020-09-15 00:06:44,0,1,1,感觉老师真的很不错，讲的都是主干重点，说要考的最后也考了.条理挺清晰的
125850,3405,沈颖,2020-09-15 01:25:19,5,5,0,吐了 2.1两年来绩点最低的一门
125857,3405,沈颖,2020-09-15 03:18:49,3,3,0,讲课中上，给分一般，思想比较偏激，跟学生的交流比较糟糕，有时候比较奇怪。
125876,417,李兰娟,2020-09-15 08:17:11,3,4,1,为啥不是10分？
125886,1059,王福俤,2020-09-15 09:57:00,0,4,4,nmsl，讲你妈的，普通话都不会，当你妈的老师
125887,6022,闵军霞,2020-09-15 09:57:50,4,14,10,垃圾玩意儿\n\n
125906,370,朱心强,2020-09-15 12:45:16,0,0,0,老师很和蔼！
125924,2434,汪洌,2020-09-15 23:57:19,2,4,2,声音是猫叫吗，拿着麦讲还这么轻，还是男老师…
125925,2364,包爱民,2020-09-15 23:57:55,3,5,2,不知道是个人能力有限还是什么，最后只有3.3，还卡绩了，本学期最低的课，另外对于她上课的一些讲授的内容我不赞同，主观题提出了异见，可能也是因为这个吧。
126001,6278,朱依敏,2020-09-16 11:20:39,5,5,0,讲课专业又详细
126070,2453,骆严,2020-09-17 05:21:42,0,1,1,老师还是很好的，期末捞的力度很大。挂的一般都是自己放弃了，期末卷面过于空白。生化总归还是很重要的，在这看老师评价也没必要，还是认真学吧。
126217,1437,周韧,2020-09-20 03:06:07,-2,4,6,医疗纠纷与司法鉴定，事情少给分好~
126221,417,李兰娟,2020-09-20 04:29:50,1,2,1,国士无双
126224,1437,周韧,2020-09-20 05:58:46,3,3,0,医疗纠纷和司法鉴定，这门课很吸引人，但是真的是绩杀.......老师很有人格魅力，但是考核方式弊端明显，答案可以互抄，平时分拉不开差距，展示又通知的过于匆忙，导致很多人展示课的时候毫无准备，想到什么说什么。这些评分方式再加上正态......课很有趣，但是想要多高的绩点怕是不能够了
126325,1437,周韧,2020-09-22 14:39:59,0,0,0,周老师充满了阅历，听他上课就像听小说一样，又相当充实
126331,2364,包爱民,2020-09-23 01:12:35,2,4,2,大脑与社会强推，看三节40分钟左右的mooc等同于老师讲三节两个半小时。懂得都懂
126377,417,李兰娟,2020-09-24 08:46:27,1,2,1,国士无双！
126407,417,李兰娟,2020-09-25 05:43:56,2,3,1,国士无双
126433,5504,李明定,2020-09-26 16:38:49,4,4,0,学术垃圾一个，人品也很差
126434,3152,黄河,2020-09-26 16:47:38,4,4,0,第一次因为迟到被批评就是在黄河老师的课上。真的很严格一老师。不过讲课很有条理。
126435,417,李兰娟,2020-09-26 16:50:52,-38,15,53,为什么一个匿名评价的网站也有这么多舔狗出现？李院士科研很厉害，听说也很勤奋，不过整个本科期间似乎没听到过她讲课。
126436,710,欧阳宏伟,2020-09-26 16:55:36,15,15,0,牺牲别人的劳动力和机遇实现自己的情怀。您也把自己太当回事了
126465,417,李兰娟,2020-09-27 15:39:07,2,2,0,非常棒
126467,2453,骆严,2020-09-27 23:59:00,-2,0,2,很好的老师，给分非常合理
126483,2453,骆严,2020-09-28 06:19:26,2,5,3,老师很好，讲代谢的这一块非常细致耐心。还有骆邦邦陪我们一起上课冲鸭٩(•ω•ଓ)=33。期末给分也很合理照顾学生！
126536,1647,王晓健,2020-09-30 00:37:05,1,1,0,我总怀疑她上课的时候嘴里含了个核桃
126612,6753,王赵琛,2020-10-08 08:15:42,8,9,1,反正我很喜欢
126619,5494,蔡志坚,2020-10-09 03:05:06,2,2,0,ppt念的很6
126703,6278,朱依敏,2020-10-14 10:52:15,9,9,0,老师点名前会提前告知，会讲很多临床上的例子！！
126761,6022,闵军霞,2020-10-19 05:21:53,3,16,13,妈的不会说中文吗
126785,6141,刘鹏渊,2020-10-20 02:35:45,11,12,1,安静，适合睡觉
126797,1019,郑莲顺,2020-10-20 09:16:51,4,4,0,我保证：老师讲的如果不是重点，那就是骚话。在保持骚话不断和提早下课的情况下让你记得最多的知识，你值得拥有。
126824,6303,冯晔,2020-10-21 14:37:45,4,4,0,非常好的老师，处处透露着“我知道你们已经很难了所以我就不给你们加难度了”，听他的大学生物学挺舒服的（不过上课内容和网课基本一样）。
126832,5356,徐鹏飞,2020-10-22 09:54:32,13,14,1,老师超级超级超级超级超级可爱！！！超级幽默！！！讲课也很清楚！！！
126844,417,李兰娟,2020-10-23 11:53:32,20,22,2,下面的人你听过竺可桢老校长讲话？老校长不照样9.9 就你一个傻子唱反调
126953,5294,巴德年,2020-10-29 11:17:35,7,8,1,篮球打得好
126972,6753,王赵琛,2020-10-31 15:05:49,-35,17,52,屁事贼他妈的多，后悔选课，谁选谁后悔！
127029,2377,黄朴,2020-11-03 06:45:21,1,2,1,老师有点太啰嗦了
127042,6550,张超,2020-11-04 05:56:41,-16,5,21,才出站的老师，对教学可以说是非常不熟悉了，上课基本读ppt，ppt反正也就是把书上搬过来，走马观花一下午可以过一整个内脏学，当然人形这课本来设置的确实也就是这样，但相比郑妈上课言简意赅，重点明确，差距还是不小。另外课上的提问和小测，出题风格和小绿本比较像，但真的期末不考这样的题啊，容易带偏复习方向。
127189,1437,周韧,2020-11-12 11:15:29,2,2,0,周老师特别好，会让迟到的同学补签，还让大家回去拿电脑，讲课也有意思\n\n但是医疗纠纷这课，有位老师上课态度真的，不是很好，对学生很不耐烦\n\n再加上内容重复，比较绩杀，还是不建议选
127190,3482,陈莹莹,2020-11-12 11:16:38,4,5,1,好美。。。
127224,417,李兰娟,2020-11-16 02:58:42,3,3,0,大人者不失其赤字之心
127288,3712,周以侹,2020-11-20 00:09:11,12,12,0,讲的很细致，实验安排也方便我们快速结束，学到了很多ppt的知识
127337,13,张咸宁,2020-11-20 10:49:55,3,5,2,我永远喜欢张咸宁. jpg!
127378,1366,马丽琴,2020-11-22 01:33:58,0,0,0,好好好
127426,6650,钟近洁,2020-11-23 02:46:43,3,5,2,超级nice的老师，知识丰富，讲课非常清晰。上课真的能收获很多！很充实！
127499,3694,陈光弟,2020-11-23 15:43:12,4,6,2,给分真的太低了，无法用语言来形容内心的愤怒
127501,6303,冯晔,2020-11-23 16:13:42,1,1,0,上课很有趣
127511,1756,杨敏,2020-11-24 00:04:59,2,2,0,最后小测挺难的吧，各种时间啊之类的很细的知识点，上课就是读ppt，可以水，但是考前要复习ppt。考核大概就是期间会有几次作业，我觉得挺享受的，要好好做。然后最后是课堂展示海报+测验，海报一定要课上展示，不然应该会比较惨。
127519,3694,陈光弟,2020-12-01 14:47:46,6,7,1,助教小姐姐很美 人好 很负责，老师巨水，讲课无聊学不到啥东西。
127524,3694,陈光弟,2020-11-24 02:34:34,0,2,2,分数低的离谱
127545,3694,陈光弟,2020-11-24 07:13:28,1,3,2,老师挺好的，和蔼可亲，认真负责，\n\n表白助教小姐姐，好美的，又温柔。\n\n给分还可以，认真做事就正常分有了，想要高分又不想出力？不会吧不会吧，真有人以为不认真也能拿高分吧，评论区兄弟们反思一下
127566,1756,杨敏,2020-11-24 12:23:18,0,1,1,这个老师本人很温柔，很有耐心，但确实没几个人在听。平常每节课都有课堂小测，最后还有微习惯训练营，但给分。。才3.6，算比较低吧，但也不好怎么抱怨老师，也是自己没特别用心。认真的话应该会有高分的
127615,6234,杨菲,2020-11-25 04:40:23,1,5,4,好好好
127665,6278,朱依敏,2020-11-25 14:14:53,10,11,1,课很有意思，但给分很迷。
127681,4442,周天华,2020-11-25 17:21:23,5,7,2,超级可爱的老师啊，给我们上课一定是穿西装的，很正式。最重要的是周老师给我们搞到了一人2500的科研报销额度，i了i了。
127709,1416,沈晓红,2020-11-26 02:32:17,1,3,2,真的好难受啊，明明认真对待了，反正给分真的太难受了，
127714,1416,沈晓红,2020-11-26 03:40:39,0,0,0,老师上课很有趣，很吸引人，给分也不错\n\n  可水可听，推荐
127765,1416,沈晓红,2020-11-26 15:09:15,0,0,0,太好了老师，爱了爱了
127766,946,韩曙,2020-11-26 15:42:09,11,18,7,不明白为什么全是夸的。别的就不说了
127771,1416,沈晓红,2020-11-27 00:30:05,0,0,0,老师讲课很有趣，会举很多例子。而且上课可以水，作业也不多，期末论文好好写高分很容易拿。
127785,5280,徐骁,2020-11-27 03:00:29,4,6,2,。。。
127811,2434,汪洌,2020-11-27 13:18:26,0,2,2,讲的不怎么清楚，有问题发消息也不回。。。
127812,1267,郑树森,2020-11-27 13:52:50,3,3,0,第一堂课一直都是郑院士亲自来上的，讲的很通俗易懂，哪怕完全没有医学相关知识也可以听得津津有味，也让我更深入地了解到了器官捐献的这种人间大爱。后面的每一节课都是由专家、大牛来上的，用来上课老师的话说就是：“你们来上课的老师都是坐飞机上下班的”。没有作业，只有课后小测，基本上听课就能做，期末无考试，作业形式多样，总之真的很好。最后感觉收获了很多！
127845,6022,闵军霞,2020-11-28 12:02:41,-3,6,9,我觉得这个老师讲课还挺有意思的叭
127866,6022,闵军霞,2020-11-29 09:47:54,1,10,9,妈的傻b老师，中文不会来上个b课，给分他妈的还这么低，rnm，退课
127910,1416,沈晓红,2020-11-30 06:10:25,0,1,1,社会心理学，课可以很水，考核方式，两篇论文，还有一次课堂文章，但是老师讲课相当不错，例子很生动，知识讲得也很好
127926,417,李兰娟,2020-11-30 11:02:09,5,5,0,好好好
127936,6509,梅汝焕,2020-11-30 14:21:42,0,2,2,老师人很好很耐心，操作演示也很详细，我觉得超赞!
128002,6753,王赵琛,2020-12-03 02:52:38,20,22,2,的的确确可以感受到老师对这门课的用心，认真学习确实可以学到东西的。作业其实蛮难的，比较新颖然后要找的资料蛮多，也需要花时间去整理和总结，但是还是感觉挺有收获的。\n\n希望老师也布置一些单人的作业吧，都是合作的作业，社恐真的太难了QAQ
128017,1451,夏大静,2020-12-03 08:28:42,2,2,0,上课比较轻松，考试挺简单的，也不存在文科生不会的情况，基本ppt里都有
128055,151,包家立,2020-12-04 12:23:24,3,3,0,老师从来不点名，上课的内容很有意思的    不过感觉这个课吧很卷 ，我是大一新生，啥都不懂，结过这次的课基本上都是大四的学长学姐。上课内容和终作业基本上是毫无关系。我们大一刚分专业，我真的不知道该怎么写融资计划书（无相关专业课程学习与经验）而且你百度也搜不到。但最后就自己查查资料，在ddl那天开始写。肝了四个小时整出来一篇  本来特别绝望结过成绩出来4.8，惊喜子。（我没卷，比我多卷了好几千字的同学绩点反而没我高）可以看出来老师更在意格式    我觉得给分还是比较公正的   总之选不选看你自己，被正态是有可能的
128119,6403,项美香,2020-12-08 02:59:47,0,0,0,实至名归！浙大这位“明星”老师，圈粉无数\n\nhttps://mp.weixin.qq.com/s/_ypj9p3FlK1VZK89NHYZFw\n\n第十届“三育人”先进之教书育人标兵
128121,5699,段树民,2020-12-08 03:05:21,-13,7,20,如何点亮神奇的“爱意来源地”？浙大学者的研究带来新发现！\n\nhttps://mp.weixin.qq.com/s/p8tdfKN_YHesSAQxV9Xsxg\n\n浙江大学脑科学与脑医学学院段树民院士和高志华教授的团队巧妙地将逆向示踪病毒注射至大鼠的神经垂体，利用病毒沿轴突高效逆向转运的特性，点亮了整个下丘脑-神经垂体系统。
128122,6058,高志华,2020-12-08 03:05:55,0,5,5,如何点亮神奇的“爱意来源地”？浙大学者的研究带来新发现！\n\nhttps://mp.weixin.qq.com/s/p8tdfKN_YHesSAQxV9Xsxg\n\n浙江大学脑科学与脑医学学院段树民院士和高志华教授的团队巧妙地将逆向示踪病毒注射至大鼠的神经垂体，利用病毒沿轴突高效逆向转运的特性，点亮了整个下丘脑-神经垂体系统。
128125,2587,姚玉峰,2020-12-08 03:09:54,-1,0,1,祝贺！3位浙大人荣获全国先进工作者荣誉称号\n\nhttps://mp.weixin.qq.com/s/f0TP-b6rSCSVnyQph9J2Xw
128126,7439,陈景华,2020-12-08 03:12:59,0,0,0,成果登《科学》！浙大学者解析古老绿硫细菌光合作用反应中心原子结构\n\nhttps://mp.weixin.qq.com/s/_41xH2Tybxo-vfO-h_rHlQ
128130,3152,黄河,2020-12-08 03:23:19,0,3,3,医者仁师！这位浙大人，他的每一天都在全力以赴！\n\nhttps://mp.weixin.qq.com/s/qSGvsVvOzUrN5XEXA183RA\n\n浙大一院血液学科带头人
128146,5245,程洪强,2020-12-08 09:11:35,7,9,2,要求严格
128167,5657,王猛,2020-12-09 06:50:10,2,2,0,老师好可爱啊prprprprprpr
128222,2494,邱爽,2020-12-14 04:24:03,20,21,1,非常棒的老师！不仅Tutorial讲的非常清楚，而且Lecture讲的也很好。课件有重点有层次，整体的delivery也很赞～
128232,6627,何峰,2020-12-14 12:53:38,3,4,1,给1分是因为没有0分，上课体验极差。我本以为干巴巴地读PPT备注是上世纪那些尸位素餐的老教师们的行为呢呵呵。\n\n或许老师的科研能力很强，但是教学能力还是有待提高。
128242,3616,邓红,2020-12-15 03:37:45,2,3,1,废话有点多
128289,1191,陈学群,2020-12-16 13:25:56,1,1,0,讲课最烂的老师，没有之一
128347,1416,沈晓红,2020-12-20 09:34:57,0,1,1,上课举的例子都很有意思，给分还行，事少！
128383,5231,郭国骥,2020-12-22 02:55:37,3,11,8,郭国骥，浙江大学医学院干细胞与再生医学中心副主任，浙江大学血液学研究所副所长。2014年底，30岁出头的郭国骥走上了浙江大学的讲台，成为当时浙大最年轻的教授、博导之一。\n\n\n\n2018年，郭国骥团队绘制出了世界第一张哺乳动物细胞图谱，一时间令世界瞩目。时隔两年，郭国骥教授团队再次领衔，用自主研发的分析平台，成功绘制出了首个人类细胞图谱，相关成果在国际顶级期刊《自然》（Nature）杂志上发表。\n\n\n\nhttps://mp.weixin.qq.com/s/5tkBq97UBGba5HHIFnffhQ
128408,6302,连虹,2020-12-22 11:26:46,8,9,1,老师非常可爱！女神！
128410,6302,连虹,2020-12-22 11:29:12,4,5,1,很喜欢老师！给同学解答问题特别耐心！
128505,5724,韩晓平,2020-12-23 11:45:50,-1,1,2,韩晓平副教授被评为“2020中国十大新锐科技人物”\n\nhttps://mp.weixin.qq.com/s/sEyPBv44KZaRjf5IHb7CuA
128600,417,李兰娟,2020-12-24 11:29:58,5,7,2,没她我还能在浙打字？
128728,946,韩曙,2020-12-28 14:16:27,4,5,1,确实是个好老师，能看出来确实为学生着想，不过恕我直言理论课其实讲的挺乱的，但实验课体验还不错，问问题也都会耐心解答。
128743,1416,沈晓红,2020-12-25 06:33:23,0,0,0,事少，给分不错（我室友好像说给分不行但是我本人的分还不错），上课的例子生动有趣，当然选择不听其实也无影响。
128907,1416,沈晓红,2020-12-26 15:57:37,0,0,0,非常喜欢！！！
128938,831,刘伟,2020-12-27 06:56:48,0,0,0,挺厉害的
129016,5552,张世红,2020-12-28 14:09:31,-9,0,9,遇到的讲的最好的药理老师，条理非常清楚
129083,3482,陈莹莹,2020-12-30 03:42:59,1,2,1,超美的老师，还很温柔
129104,6022,闵军霞,2020-12-30 06:52:27,0,12,12,强烈推荐\n\n点到+不用上课\n\n给分据说期末展示+平时一次小测，小测可上网查答案\n\n展示是小组分锅
129131,3480,徐芳英,2020-12-30 08:56:08,5,6,1,我永远喜欢xfy老师！！！
129149,6321,胡玮琳,2020-12-30 14:38:40,10,10,0,我觉得老师讲的很清晰，重点基本都在。唯一的不足就是由于课程太紧凑（而这与老师无关），拓展延伸的地方不能充分体现。老师以后可以把拓展的内容放在ppt后面让我们自己看。
129162,2472,李晓明,2020-12-30 23:51:03,1,4,3,能把课讲的非常生动！（代价是会小小的拖一点点堂...
129166,1416,沈晓红,2020-12-31 01:32:25,0,0,0,上课很有趣还不点名，不过期末论文没写好，绩点不太高
129167,1437,周韧,2020-12-31 01:35:05,-1,1,2,医疗纠纷与司法鉴定这门课很有趣，讨论的问题也很深刻，所有老师都很负责，认真听能学到不少东西，作业一直是自己认真完成的，最后成绩还不错。不管别人如何评价，在这门课上，我还是体会到了付出终有回报
129168,1451,夏大静,2020-12-31 01:40:48,3,4,1,印象最深的一句话:虽然认真听的同学不多，但我每节课都有认真备课。还有，录播设备坏了，需要换教室，老师还一直道歉说耽误我们上课了。真的是很负责很负责的老师！！！\n\n但是这门课我真的一点也听不懂，上课全在水，挺内疚的。考试只要把PPT全印下来就差不多了啦，哦对了，还有一次小组展示，总之如果认真听课会收获很多，想水可以非常水
129277,3475,康利军,2021-01-03 07:26:02,2,3,1,水盐酸碱调节部分的病生讲的很清晰
129311,2377,黄朴,2021-01-04 05:10:30,2,3,1,多给点时间吃饭吧姐
129336,1437,周韧,2021-01-04 10:03:57,3,3,0,怎么说呢，要是不在乎绩点可以选一选，课挺有意思的，最后考试开卷可以上网查，评分大概就是平时作业按时完成其实大概80+吧，当然有些人绩点很高
129509,2472,李晓明,2021-01-06 11:45:18,5,7,2,太有趣了！就是老嘲讽我这种没谈过恋爱的呜呜呜
129520,2436,余海,2021-01-06 14:23:03,6,6,0,“一门从未点过名但我一节也不想翘的通识课。”，楼上的这句话我100%认同。第一节课水手机后悔了呜呜呜。没啥好说的，选就是了。
129525,151,包家立,2021-01-06 15:56:06,1,1,0,之前上过包老师的医工结合与创新，我觉得老师其实上课讲的很好呀。。但是开始的时间是下午一点十五，我也是昏昏欲睡。最后的两个大作业，老师很看重格式，希望大家能够好好的准备格式呀
129541,672,胡申江,2021-01-07 03:28:53,4,5,1,虽然只给我们上了一节心电图，但他上得实在是太好了我特别想让大家知道他教得有多好！心电图要看的重点在哪讲得特别清楚，人也风趣幽默，有被惊艳到（不过诊断学是由很多老师上的，是不是他开的课好像不咋重要）
129556,6278,朱依敏,2021-01-07 07:05:17,20,22,2,不知道怎么打分的…
129674,2952,孙秉贵,2021-01-29 14:25:35,7,7,0,老师讲课好，但是给分迷
129706,6303,冯晔,2021-01-11 06:18:36,1,1,0,这真的是个非常好的老师！会捞人！宽容！幽默！温柔！很理解学生！！！太爱了！！！你！
129718,7729,郑小凤,2021-01-11 11:17:38,6,6,0,读ppt
129757,6302,连虹,2021-01-12 05:23:48,9,10,1,老师也太好了！又耐心又温柔，讲课也很清楚。
129856,849,严杰,2021-01-13 04:30:28,0,0,0,今天老师退休了！\n\n微生物讲的很好！ 就是课本本来就很难记TT
129920,1437,周韧,2021-01-13 13:36:59,1,1,0,上课讲的很好
130390,1437,周韧,2021-01-21 15:19:01,1,1,0,上课真的非常风趣！周老师不仅是很厉害的病理教授，还是自己做法医的，会讲许多硬核高能的案例！
130447,3694,陈光弟,2021-01-22 12:02:34,4,8,4,没有任何事情，我一次不来4，8哈哈哈哈哈哈哈哈。5次小测➕ppt 小测可以百度，ppt只要你展示或者疯狂回答问题就好了。一学期花了不到5个小时，
130488,5356,徐鹏飞,2021-01-23 03:01:06,10,10,0,太可爱啦，中年知识分子的欢乐弥漫了整个课堂
130489,710,欧阳宏伟,2021-01-23 03:03:25,1,3,2,比较高调
130516,5731,崔一卉,2021-01-23 09:10:46,5,8,3,实验报告明明认真写了，结果每篇都是80分，难道老师只会打80这一个分数吗😅
130577,3069,柳华,2021-01-23 21:01:45,1,1,0,小声表示开展tbl对我这种菜鸡不太友好quq，特别是直接上手影像心电图学得更不明白了😭可能也有我没好好花功夫的因素吧。老师上课很好，值得好好预习把握好每一节课。
130600,6303,冯晔,2021-01-24 02:00:19,0,1,1,太爱冯晔老师了，上课幽默风趣，人很好！
130618,3069,柳华,2021-01-24 03:23:38,2,4,2,超级喜欢老师，超级亲切，人超好，对每个同学都非常认真，我爱她ᶘ ᵒᴥᵒᶅ
130649,759,王青青,2021-01-24 05:33:15,3,3,0,没有划重点是正常的，因为我觉得这些东西都是虽要会的，老师很棒。
130695,6627,何峰,2021-01-24 08:48:48,1,2,1,上课水平有待提高，给分标准有待商榷
130733,1880,赵璐,2021-01-24 11:53:23,0,1,1,老师很有气质很温柔\n\n生命科学经典发现解读对文科生很友好，分组会根据专业进行调整，发言次数会计入成绩（有两次发言忘记报上去，枯辽）。总共就一次pre和期末小论文，事少分高。
130738,3482,陈莹莹,2021-01-24 12:01:30,2,2,0,巨美，人也很好，经常鼓励我们！课很有趣～
130843,2436,余海,2021-01-25 02:43:36,5,5,0,后来才知道余海老先生是以前医学院的副院长！老师学识渊博，英语不错～还很幽默（比如开脑洞）论文好好写了 最后4.2 挺满意的
130846,7729,郑小凤,2021-01-25 02:57:15,5,5,0,读ppt，还嘴瓢
130932,5868,吴一华,2021-01-25 09:17:58,3,6,3,秋学期上的饮食与人类，内容很有意思，这么好的一门通识课居然选的人不多！最后考试是开卷的，虽然全是主观题，但只要把PPT看过一遍应该都能答出来
130966,2436,余海,2021-01-25 12:08:18,9,10,1,个人感觉余老师真的是一个很棒的老师！\n\n之前看过《无影灯下》纪录片（讲真对这门课很有帮助）对医学史很感兴趣也就选了。\n\n余老师非常和蔼可亲，偶尔还会来两句英文特别可爱！根本不像评论说的那样倚老卖老或者权力欲望很足什么的。\n\n平时按时到，论文认认真真写，不会差的！\n\n最后附上他的一句话：不要博爱，我们只要爱一个就够了！
130987,6303,冯晔,2021-01-25 13:17:39,1,1,0,会捞人的老师哦
131066,2436,余海,2021-01-25 23:23:10,-15,3,18,绩杀！认真写的论文，拉我均绩！！把我均绩往下拉了0.55气死了！！上课无聊的要死，还喜欢彪尬英语，无语！巨坑！
131189,3765,李颖,2021-01-26 12:56:06,8,12,4,绩杀，慎重选课🆘
131323,5272,王本,2021-01-27 05:34:30,4,5,1,啊啊啊4.8！\n\n人帅心善有意思！
131539,5553,钱鹏旭,2021-01-28 03:16:48,1,4,3,教生科基的几位老师之一，人很平和~很温柔
131544,6028,Stijn van der Veen,2021-01-28 03:22:32,6,6,0,老师很帅
131874,2494,邱爽,2021-01-29 07:36:59,1,1,0,好好好
132371,5655,茵梓,2021-02-01 06:49:01,4,5,1,老师声音好好听 感觉上课还行吧 很可爱哦
132407,575,胡虎,2021-02-01 10:23:26,1,1,0,超棒的老师
132504,415,丁世平,2021-02-02 04:21:05,5,5,0,丁老师很好奥～组胚乙是很多个老师一起上的，平时好好听课最后期末4.8～
132537,3405,沈颖,2021-02-02 06:57:00,2,2,0,进化的大脑与偶成的意识不失为一门有趣的通识课，至少对于医学院以外对脑科学有兴趣的同学是这样的，但是老师给分真的不怎么好，想选的同学请谨慎。
132629,2746,李秀央,2021-02-03 03:20:59,13,14,1,明明在上机教室，要我签到，明明是专业大课，要我看网课自学，明明要期末考试了，要我看她的网课（事实上，不看也没关系，只要点完就好，您恰饭能再明显一点吗，填鸭式教学您觉得我们学的进去多少）。\n\n从始至终，线上学习平台从学在浙大换到爱课程，再到大学生mooc，再到知到、智慧树，数不胜数，不管怎样评分标准里都可以纳入，没人知道到底哪个算是要算在分数里的，问她也不过是牛头不对马嘴自己胡言乱语没人听得懂罢了。\n\n考试上机，既然电脑有问题就应该当场补考，不然对补考的同学不能补考的同学都有失公平，结果撂下一句“我们要吃饭的呀”就走了，第二次还是有同学电脑有问题，真有你的。考试时候教室里叽叽呱呱吵个半天不知道别人在考试吗，能闭嘴吗？\n\n医学院就这么一个统计老师，谁都拿他没办法，学生匿名教学反馈他不听，所以这学期应该也没有同学反馈，毕竟没用，她不会觉得自己深受学生欢迎吧。。。。\n\n总结一下最受不了的点：考核标准不透明只有他知道，学期中学习平台一换再换，公饱私囊自我为中心。
132630,3793,徐玉英,2021-02-03 03:23:49,3,3,0,这问题太难了，我讲了你们也听不懂，一节课我也讲不完，所以我不讲了，你们自学吧\n\n这问题太简单了，我就不讲了\n\n这个实验你们想象吧\n\n基本素养问题你们都没发现还要我说？
132649,2952,孙秉贵,2021-02-03 06:33:00,4,5,1,上课语速较快节奏较紧，脑科神经科学前沿介绍很有意思，听的最认真的一门通识
132675,877,徐恩萍,2021-02-03 09:30:28,0,2,2,给徐老师正一下名。个人上的是比形I的网课，上课内容规规矩矩，压力不大（和隔壁毛老师比起来尤其不大），作业有认真讲评，从最后成绩来说，给分很好。小测需要认真准备，和期末考试类型相同。mooc记得好好刷，最后成绩很惊喜（本人4.8 十分满意）
132676,1437,周韧,2021-02-03 09:38:30,0,0,0,讲课会有让人听下去的欲望\n\n挺幽默风趣的
132701,1437,周韧,2021-02-05 07:22:16,3,7,4,医法课还挺有意思的，老师讲的挺好，给人阅历丰富又博学的感觉。但是绩杀。做过4.5次作业，每次2000字左右，主动做了一次小展示，最后给分也不理想…期末考占百分之五十，题量很大，主要是案例分析题较多，给了一大堆文字让你判断责任比例并分析。虽然开卷但网上查不到答案，也没有时间查，全凭感觉做了。是否复习平常的ppt和期末考结果可以说几乎无关。所以付出与收获在这门课上是不挂钩的。\n\n\n\n注意:一定不要错过ddl，老师不会给你开补交通道，你比别人少了一次成绩!!!\n\n\n\n如果在意绩点，对自己临场发挥能力没有把握的朋友，就不要选了。
132746,5553,钱鹏旭,2021-02-03 12:22:55,3,6,3,老师真的太棒了！！！温柔又强大的人最喜欢了好吗！作为生科的一大头成绩组成，根据最后成绩推断创新性实验给分也特好了！！！！很可惜没机会去老师实验室了～但是遇到真的很有缘分啦
132748,1702,毛峥嵘,2021-02-03 12:23:42,0,0,0,最爱毛老师，没有之一！！超棒的老师！！
132749,3750,沈静,2021-02-03 12:24:39,-3,2,5,沈老师特别好！！温柔！中间有一次自己忘记写实验的某部分，很久后才发给老师，老师也重新改了！！
132788,3694,陈光弟,2021-02-03 15:06:36,1,2,1,【预防医学公共卫生导论】课上得就无语，考试周小组展示就无语，展示的评分方式也无语
132791,3694,陈光弟,2021-02-03 15:27:11,4,5,1,似乎改邪归正了 没那么恐怖 上课无聊是真的 分还行吧 （公共卫生导论）
132803,1092,沈岳良,2021-02-03 16:57:34,-2,0,2,病理生理学乙，感觉还有点听头的，至少把上课讲的东西全部发给老爸老妈了，hhhhh，ppt图片很漂亮。老师人很好，给分很棒！
132815,1416,沈晓红,2021-02-04 00:09:27,1,1,0,课很有趣，可以水，认真听也可以有很大的收获，老师人超好，期末考试开卷，提前交卷，都可以找到答案，期中论文认真写，期末考试好好考得分不会差！选她选她！！
132822,1416,沈晓红,2021-02-04 01:36:33,1,1,0,沈老师上课很有趣！每节课下课都有同学找老师咨询问题呢哈哈哈\n\n心理卫生课上学到了很多有用的心理学知识～(￣▽￣)
132833,2746,李秀央,2021-02-05 07:44:30,5,6,1,算了。
132838,1437,周韧,2021-02-04 05:10:23,5,7,2,不知道楼下说的医法课是不是指医疗纠纷这门课\n\n如果是的话 希望考虑选这门课的同学别参考他说的\n\n4～5次作业都是小作业 一般来说就是一两道案例分析题 只要把自己心里真正的想法写清楚就好了 几百字就能说明的问题 您写2000字 是个人都嫌烦好吗  \n\n我觉得你被绩杀的一大原因就是你卷过头了\n\n课堂展示也不是必要的东西\n\n总而言之 听这门课 本身是能学到很多东西的 如果是为了拿分的话\n\n作业、小测都要写清楚 尽量简练（但是也要多多查资料） 小测题目比较多 要抓紧时间\n\n（ps小测是开卷 可以讨论的 建议找大佬坐一起）
132910,2105,杨芊,2021-02-05 00:33:34,8,10,2,就那样
133022,1437,周韧,2021-02-06 11:00:49,0,1,1,不建议
133047,6894,周林福,2021-02-07 05:10:32,1,6,5,分医实验，可以交电子打印版实验报告，开明的老师
133092,6302,连虹,2021-02-08 03:38:17,4,5,1,真的是我目前为止最喜欢的老师了，事少上课效率高，讲解清晰，人美耐心，真的非常非常温柔，给分也好，是可以做好朋友的老师！
133130,1416,沈晓红,2021-02-09 08:36:11,-1,0,1,哈哈哈
133173,4286,蒋磊,2021-02-13 02:09:24,18,20,2,蒋老师讲得条理清晰，重点突出。不过解剖这东西还要自己肯下功夫，尤其是神经。给分相当不错，老师真的是超级温柔有趣年轻的好老师啊！
133203,1437,周韧,2021-02-17 04:47:21,0,2,2,确实，这门课不需要卷，作业和考试只需要简明扼要的准确答案，不用扯很多字，把事情搞清楚，关系理清楚，学好分析就能得高分
133335,5574,张岩,2021-02-26 02:40:33,-9,2,11,哦哦哦哦
133353,1437,周韧,2021-02-26 06:32:36,0,1,1,上的是医疗纠纷与司法鉴定，课很有趣，有很多个老师分别负责某一部分内容进行授课，对于拓展视野还是很有帮助的，但是不同老师的上课内容可能会重复，上课的同学来自各个专业，很多都是医学生，老师上课也比较喜欢cue医学生，每节课有课后思考题，最后一节课课堂上开卷回答几个题目，案例题要自己分析，开不开卷基本上没啥区别（个人感觉）。总的来说这门课还是很值得一选的～
133374,1416,沈晓红,2021-02-26 11:20:57,1,1,0,大一时候听得很快乐，学到了很多东西。听说老师生病了，祝愿快快好起来。
133414,6234,杨菲,2021-02-28 02:32:26,7,15,8,超级无语，分数分布说啊说不清楚。\n\n每节课的老师要求都不一样。做组长屁用没有
133522,1059,王福俤,2021-03-01 15:31:23,4,5,1,用学术成就掩饰自己口头表达能力和共情能力上的自卑罢了
133539,5527,冯钰,2021-03-02 02:21:46,6,11,5,老师很帅
133569,1416,沈晓红,2021-03-02 08:32:25,0,1,1,老师人超级温柔，分低完全是我自己平时不听
133609,4906,谷岩,2021-03-03 01:05:11,5,6,1,嘤嘤嘤，只会念PPT
133612,4906,谷岩,2021-03-03 01:21:12,4,5,1,师傅别念了，我认字。。。
133629,3405,沈颖,2021-03-03 03:48:32,2,4,2,拿了4.5的成绩，虽然这么说有点对不起我的成绩，但坦白的说这课并不是十分有趣。\n\n老师给分个人感觉还行，毕竟均绩摆在那里。\n\n我觉得老师有些时候思想有些偏激（尽管不得不承认强大的竞争压力之下确实会有优秀的人出现）\n\n老师讲课有些无聊很多时候也只是念PPT\n\n如果你是想水课的，那这门课可能真的不是很好（老师给高的很高低的很低）\n\n但你认真搞，确实能做得很好\n\n还有这门课并没有很卷 论文要求2000字我只写了4000字\n\n总而言之是一门努力与回报正相关的课程吧\n\n8分
133717,1437,周韧,2021-03-04 07:12:12,0,0,0,就难过
133731,4984,王良,2021-03-04 09:11:53,6,6,0,超级好的老师，ppt做的很好看很清楚，讲课也很清楚，把复杂枯燥的解剖讲得很明白。
133769,5422,沈啸,2021-03-05 02:37:47,-1,6,7,讲的很清晰！
133770,5657,王猛,2021-03-05 02:38:57,1,1,0,好啊，讲的很有意思
133774,4906,谷岩,2021-03-05 03:27:46,22,23,1,老师的PPT做的很用心，上课的所有内容都得到了体现。
133775,4906,谷岩,2021-03-05 03:41:15,4,5,1,我都想上去把话筒抢下讲课了，我照着ppt念都比他慷慨激昂。
133801,2038,周旭东,2021-03-05 12:57:51,13,21,8,第一节课\n\n卫生事业管理\n\n这个男人该死地有魅力\n\n想氵却全程听课\n\n最后多占用了大家12分钟但全体鼓掌，不像昨晚真的氵
133802,4906,谷岩,2021-03-05 13:25:22,15,16,1,仿佛社畜做工作报告，内心：“好烦啊，我为什么在这里啊，可以躺着吗，好想死一死啊”\n\n真的被迫营业
133828,5801,梁洪青,2021-03-07 07:26:04,4,6,2,好好好
133832,6550,张超,2021-03-07 11:27:44,12,14,2,气质很好的女神老师！老师上课讲得很详细，可能有的地方不是考试的重点，但是真的非常认真负责！
133842,2746,李秀央,2021-03-08 04:05:11,2,2,0,无语了
133854,2746,李秀央,2021-03-08 08:31:03,3,4,1,填问卷，煞笔
133861,2746,李秀央,2021-03-08 11:53:30,27,31,4,我给她一分不是她配这一分，而是没有零分，如果给我一把枪，一把刀，把她和希特勒与马里奥关在一起，我会😅
133867,1059,王福俤,2021-03-08 12:02:56,28,30,2,怎么评论区一半人都在说王老师的不好，我就奇了怪了，另一半人是没有键盘吗？
133870,1271,朱益民,2021-03-08 12:28:42,5,7,2,老师上课超级认真，逻辑清晰，赞赞赞
133873,2746,李秀央,2021-03-08 13:06:06,4,4,0,（强制性）50份问卷，收据过来数据给她做研究，无语
133876,2746,李秀央,2021-03-08 14:19:58,4,5,1,50份问卷10分平时分？煞笔
133879,3116,赖蒽茵,2021-03-09 00:36:35,2,2,0,不会讲课。上课无逻辑，抓不住重点，要求学生都要到课，浪费学生时间，不如看mmoc
133906,5166,危晓莉,2021-03-09 10:16:31,1,1,0,上课很认真，很好的老师
133923,4278,赵经纬,2021-03-09 13:00:17,2,2,0,讲课逻辑混乱
133962,2494,邱爽,2021-03-10 17:19:53,1,1,0,虽然课难，但是没啥说的，难得一遇的好老师啊
133963,5233,胡海岚,2021-03-10 23:24:13,8,12,4,老师课非常好
134016,4906,谷岩,2021-03-12 02:26:22,12,14,2,老师，您敢不敢上课抬个头
134024,4906,谷岩,2021-03-12 04:05:43,2,3,1,师傅别念了 实在太煎熬了
134082,4670,张雪,2021-03-15 07:45:28,-4,3,7,老师长得很可爱，声音很好听很温柔，上课讲的很清楚，完全喜欢！
134089,4650,卓巍,2021-03-15 13:35:31,1,3,2,细生讲的很清楚，重点突出，还会拓展，而且说明了是不考的，非常nice
134197,5705,孙洁,2021-03-19 01:13:10,4,5,1,讲的其实还不错的 但是中英夹杂的说话方式让人感觉有点难受
134207,2038,周旭东,2021-03-19 11:00:05,1,3,2,本来想水的课 为了他挪到了前排
134209,2746,李秀央,2021-03-19 11:07:20,3,3,0,呵呵了
134262,5527,冯钰,2021-03-22 00:05:51,6,8,2,讲课风趣幽默，浅显易懂，以及老师长得真帅！
134266,2746,李秀央,2021-03-22 04:18:27,1,1,0,懂的都懂
134281,5495,刘婷,2021-03-23 00:43:34,13,14,1,够专业，讲解够到位。
134325,2453,骆严,2021-04-13 03:51:56,18,22,4,ok？alright？\n\n更新：骆老师我错了，直道龚老师上课我才明白你的好。
134341,3302,翁莉霞,2021-03-24 08:22:38,5,5,0,为什么能这么啰嗦，念得我头晕
134343,2453,骆严,2021-03-25 01:39:18,21,21,0,Homeostasis
134359,2453,骆严,2021-03-25 00:32:45,21,22,1,为啥骆老师评分这么高....听他说话我都快一口气喘不过来了....
134370,2453,骆严,2021-03-25 04:18:53,14,14,0,Note！Note！
134372,5574,张岩,2021-03-25 05:28:45,-27,0,27,浙江大学医学院、良渚实验室、医学中心张岩研究员团队与合作者，通过3年的联合攻关，成功解析了不同化学物质和多种血清素受体亚型的精细三维结构，并详细阐述了血清素和化学药物在人体内发挥作用的机制，对药物开发选择精准靶标具有积极作用。\n\nhttps://mp.weixin.qq.com/s/5R0rcXfygTGb6QoXpoJA7g
134396,6098,陈丽荣,2021-03-26 08:29:33,1,3,2,陈主任真的非常非常和蔼可亲，也非常非常温柔耐心。专业水平很高，对各种肿瘤亚型的判别讲得通俗易懂，读片也又快又准又全面，PPT上的病例图片例证也很丰富。他经常笑眯眯的，下课后也会站在讲台上一段时间，看大家有什么疑惑之处。但是这门课还是有相当难度的，有基础再选可能会比较好！
134483,2453,骆严,2021-03-30 02:49:21,18,18,0,每次说“同学们笔记可以记一下”后面就接着一大段废话
134527,2177,王建炳,2021-03-31 11:14:23,6,6,0,上课究极催眠 有气无力
134545,2453,骆严,2021-04-01 06:00:56,1,8,7,说实在的，老师上课时的停顿和语速听着不太习惯，有点费劲，可能只是个人原因。感觉老师有的时候抛的所谓肉包子的梗真的不好笑哎
134599,3662,郑莉灵,2021-04-04 20:11:08,3,3,0,很棒的老师，备课认真
134600,3712,周以侹,2021-04-04 20:24:46,6,6,0,上课很认真
134601,1059,王福俤,2021-04-16 18:59:04,4,6,2,只会吹牛，太差了，对教学及其不负责任
134606,1059,王福俤,2021-04-05 05:52:47,3,3,0,很差的老师，整堂课只会吹嘘自己加说大话，没有认真上课。
134607,3712,周以侹,2021-04-05 05:54:25,6,6,0,对学生很关心，上课讲的很清楚，实验时间安排得好，还会讲一些做人的道理。
134645,6022,闵军霞,2021-04-07 11:17:01,3,8,5,建议老师上英语课（开个玩笑）。人挺温和的挺好的。上的是解码长寿，干货不多。有一位年轻老师讲的挺好，事不多，比较水。
134654,5392,龚哲峰,2021-04-08 00:44:23,-1,6,7,讲的是啥玩意？？？，能不能讲点考点和书本内容，不要老扯淡😅😅
134661,5392,龚哲峰,2021-04-08 02:13:19,0,5,5,上课讲话口齿不清 一个人在上面自嗨
134732,1271,朱益民,2021-04-12 10:31:47,1,2,1,讲的很清晰
134738,5392,龚哲峰,2021-04-13 03:51:18,1,4,3,老师开话筒了吗……
134750,2746,李秀央,2021-04-13 10:16:14,-15,4,19,我倒觉得挺不错的
134818,5379,胡晓兰,2021-04-16 08:55:07,1,1,0,差的很
134823,710,欧阳宏伟,2021-04-16 18:47:14,-16,5,21,很好的老师，但只有达到一定的层次，才能欣赏欧阳老师的上课。
134838,4286,蒋磊,2021-04-18 05:21:16,-19,9,28,最烂的班主任
134839,7729,郑小凤,2021-04-18 08:49:42,5,5,0,读ppt
134841,2453,骆严,2021-04-18 13:29:39,-6,4,10,老师讲课挺有意思的
134873,1416,沈晓红,2021-04-20 01:46:25,1,1,0,妙啊妙啊，课程本身可水也可好好学，上课会引用很有趣的示例，作业超时了也会设置补交。好好好的老师
134884,1756,杨敏,2021-04-20 11:38:52,3,4,1,两分，不能再多了，这个是评的是公共卫生学院的杨敏老师，说真的，选一个通识课没必要这么和自己过不去，这个杨老师…真的不推荐
134894,6022,闵军霞,2021-04-21 06:10:07,2,5,3,老师还是很好人的，也的确存在中英文结合的讲话方式，但是这只是个人的习惯。我自己在英文的语境里呆久了，有时候说中文的时候也会卡壳，这只是个人喜好罢了。
134961,5727,郭江涛,2021-04-25 06:24:01,0,1,1,8.5，会对着考点讲真的很好！和…形成了对比。
134991,5727,郭江涛,2021-04-26 06:06:12,1,1,0,很好啦
135000,1702,毛峥嵘,2021-04-26 11:11:46,1,2,1,通识课人体探秘——认识自己，预防疾病：这个课，劝各位医学生别选，虽然上课内容与专业课差不多，大部分也学过，但是重点不在你掌握了多少知识，重点在卷，每周都有小作业，每一个小作业都要很用心去做，老师是医学院老师，个人觉得对医学生更加严格。但是如果你喜欢卷并且卷的厉害，就当我没说
135069,2038,周旭东,2021-04-29 02:08:07,1,2,1,老师人很好 可惜没有多上几节
135071,9038,周全,2021-04-29 03:06:58,4,5,1,虽然只上了周老师两节课，但可以看出周老师准备真的很充分
135113,5727,郭江涛,2021-05-01 02:09:20,0,0,0,老师上课有重点的～
135114,2630,陈明法,2021-05-01 02:21:53,0,0,0,第一次这么喜欢一个老师 太可爱了 很认真很负责！
135130,2973,张晓明,2021-05-02 02:16:34,1,3,2,解剖是副业 主业是看透世界的大哲学家
135308,1416,沈晓红,2021-05-08 01:33:39,-1,1,2,有干货也能水，讲得好，比较轻松，绩点也可以（社会心理学）
135336,4278,赵经纬,2021-05-08 07:25:56,6,8,2,入股赵老师，不亏！老师这些年在备课方式及讲课内容上有了挺大改进的，本身是幽默机灵的男神，上课氛围好，也会在解剖时站一旁笑意盈盈地鼓励大家，是真的为同学着想的好老师！
135341,2038,周旭东,2021-05-08 07:56:58,1,1,0,老师很不错，讲课很风趣
135343,2038,周旭东,2021-05-08 08:22:23,3,4,1,只能说老师好，给分迷
135359,851,方马荣,2021-05-08 11:23:47,7,7,0,六年了，一点都没变，讲课中英文夹杂，声音时高时低，速度飞快还美其名曰多留时间给解剖，解剖嘛这个不给切那个不给切，一大半时间见不到人。唯一的优点是下课时间自定。
135369,4984,王良,2021-05-08 14:48:55,5,5,0,老师真的很温柔可爱，而且讲课讲得特别好，很生动也非常清晰，从来没有犯过困（对我而言太难得了）~我一直都很怕解剖，但是老师让它变得有趣、直观起来，真的是宝藏！
135414,3662,郑莉灵,2021-05-10 03:59:10,4,4,0,老师真的好好啊好温柔语速也很和蔼可亲问题也会耐心解答呜呜孩子感觉生化又行了
135450,5723,冯友军,2021-05-11 02:17:11,49,53,4,傻逼一个
135516,6669,姒蜜思,2021-05-12 10:17:38,-1,0,1,人品和讲课都很nice
135555,3694,陈光弟,2021-05-13 12:06:34,3,3,0,我是2020年上的公卫导论，感觉还可以
135561,5659,李学坤,2021-05-14 00:35:47,7,12,5,超级负责的一个老师，但是负责到有点破坏上课体验
135659,1880,赵璐,2021-05-18 06:39:34,1,1,0,老师好美(´，，•ω•，，)♡兼具学识与气质的优雅女性！！
135691,5659,李学坤,2021-05-21 03:27:04,-19,4,23,所以临床专业就是垃圾吗？
135696,2453,骆严,2021-05-19 10:09:50,17,22,5,有被今天的点名事件恶心到。不反对点名，但是这人在钉钉群里发表了好长一段高高在上不知所云的议论。。。
135700,6753,王赵琛,2021-05-19 12:07:23,7,9,2,4.5飘过。只要论文格式写得好点分数都会很高。给老师比心
135701,6753,王赵琛,2021-05-19 12:25:56,3,5,2,很负责的老师！温柔又理性的讲课风格！会在群里分享上交论文中出现的问题，认真对待学生的问题。
135702,2453,骆严,2021-05-19 13:03:59,11,19,8,在国外待久了，一身资本主义习气～\n\n中国话都不好好说\n\n课上课下都喜欢汉语中夹杂英文，不会好好说话吗？\n\n阴阳怪气，捧高踩低，学临床就是原罪，看来中国不需要临床医生，有研究员就够了，让患者都等死、都去国外求医？
135705,3834,夏宏光,2021-05-20 01:22:48,4,5,1,老师真的很有趣，非常符合我对大学教课方式的幻想
135719,6753,王赵琛,2021-05-20 15:23:59,7,10,3,很有意义的课，认真听能学到很多，论文也给了思路。只要好好写分数就很好看！\n\n医学院难得的对外专业也友好的课！
135726,2453,骆严,2021-05-21 03:28:21,17,17,0,讲的很一般，比李学坤老师差多了
135772,3834,夏宏光,2021-05-25 03:31:26,0,1,1,满满的正能量！\n\n卓越的才华！
135806,2303,祁鸣,2021-05-26 18:05:43,4,4,0,“经过层层筛选，我就非常幸运地进入了哈佛大学，成为了分子医学实验室的代理主任。哈佛一直是我学生时代的梦想，没想到读书的时候没去成，最后以实验室主任的身份去成了，也是非常幸运......”祁老师是一位学识渊博、德高望重而又温和宽厚的长者，今年春从医学院退休。冬季的早晨，在课上听他风趣地讲述往事，同时了解到医学遗传学的蓬勃发展以及他在这一浪潮中所扮演的角色，教室里笑声、掌声不绝：应是冰雪朔气，却有桃李春风。
135823,5659,李学坤,2021-05-28 02:25:17,-28,6,34,垃圾老师，自己上课不行还天天提问，效率还没有自己自学高，真搞不懂这样的老师为啥能当主讲
135825,5659,李学坤,2021-05-28 02:38:31,7,12,5,我觉得最好的一位生化老师，讲课很清晰，还很生动有趣，也很负责，那些怕提问的只是自己没掌握不会才在这哔哔罢了，自己的问题非要说老师不好。
135826,5659,李学坤,2021-07-14 07:24:39,7,9,2,无脑吹就行了，超级负责\n\n生化满了，回来谢谢老师
135844,5392,龚哲峰,2021-05-29 07:04:20,6,7,1,老师其实嗓子不太好。。不能太苛求吧😭
135846,3834,夏宏光,2021-05-29 07:10:18,14,16,2,讲的太好了！很有重点，考点也反复强调，教学节奏也很让人舒适，不像前半段生化部分这么赶节奏（甚至有时间讲故事提前下课什么的，教学水平比骆老师高到不知道哪里去了。。）是我生化听到现在（骆，龚，郭，黄）教的最好的一个
135847,2377,黄朴,2021-05-29 07:11:02,-1,2,3,生化非营养物质代谢那一块教的很好，讲的很详细，考点很突出
135848,5727,郭江涛,2021-05-29 07:11:57,0,0,0,还算可以吧，考的还是比较突出的
135849,2453,骆严,2021-05-29 07:18:12,12,13,1,汉英夹杂不是槽点吧医学院很多老师都这样，毕竟医学生本来就需要英语好吧\n\n钉群说话高高在上的语气确实令人不太舒服，可能这就是课程组长吧hhh\n\n讲课一般般，主要是很多东西提前讲了让人很不适应，容易听得云里雾里，虽然你也可以说是我没预习的锅，但是抄笔记实在是花时间哪儿还有空预习呢；“recall”和“remember？”这两个板块很有用，能帮同学复习
135861,6411,蒋明,2021-05-30 09:32:09,-1,2,3,医学遗传学课程，他讲得也太差了，坐在讲台上读PPT，声音又轻，语调又平。唯一好处是下课后神清气爽，因为上课补觉补够了。
135862,4080,杨巍,2021-05-30 09:36:04,0,0,0,讲得很仔细、生动、明了、易懂，很棒的老师！
135887,3834,夏宏光,2021-06-01 02:43:49,-18,3,21,能不能上课别老讲些无关紧要的东西啊。。。
135921,5527,冯钰,2021-06-03 07:14:42,2,4,2,老师很帅，而且讲的很好哦
135935,5659,李学坤,2021-06-04 01:24:43,6,7,1,最喜欢的生化老师
135991,3302,翁莉霞,2021-06-08 08:44:21,5,5,0,RNM，退钱
136057,2746,李秀央,2021-06-10 13:47:54,0,1,1,不言而喻
136062,3834,夏宏光,2021-06-10 14:41:09,5,5,0,老师走的第一节生化，想他~~~
136072,3482,陈莹莹,2021-06-10 16:27:28,5,12,7,美女老师，人美声甜还温柔。虽然班级里只有我一个男生，陈老师也没有区别对待，和同学们打成一片。\n\n排舞课程难度不大，身体协调性要求不高，考试给分不错，还能加二课分。总之强烈推荐！
136077,5272,王本,2021-06-10 17:12:51,4,6,2,男神老师哇，虽然大学生物学不是很有趣，但是老师很包容
136081,710,欧阳宏伟,2021-06-11 00:48:08,0,2,2,不知道在干嘛，而且资格很好
136132,3482,陈莹莹,2021-06-11 06:31:06,2,2,0,美女老师！！上课是种享受呜呜呜
136162,3482,陈莹莹,2021-06-11 14:18:02,-1,0,1,老师超级好呜呜呜呜呜，超级美！！！上课很温柔很轻松
136182,5758,周大春,2021-06-12 05:08:21,1,1,0,周老师还是很好的
136190,3482,陈莹莹,2021-06-12 08:24:41,9,14,5,太美了太美了，不过很求是（小声
136206,6600,诗音,2021-06-12 16:08:19,2,2,0,老师很耐心很温柔~
136210,3405,沈颖,2021-06-13 00:35:23,2,3,1,上课讲的让人想睡觉，全班没多少人抬头，但我好好听了，8节课回答三次问题，最后论文认真查资料，认真分析，提出问题写了几天字数6000多，考试自以为答的还不错，结果绩点3.3，怀疑老师随即给分凑均绩，运气好的人可以选，想靠努力拿高绩点的就算了
136244,6600,诗音,2021-06-13 14:01:49,2,2,0,非常耐心和温柔
136288,3302,翁莉霞,2021-06-15 13:11:01,5,5,0,隔壁课友过来评论，我们平均下课早两小时
136289,3302,翁莉霞,2021-06-15 13:20:09,10,10,0,我十分佩服这位老师能够在课上掏出一份500多页的ppt，在讲台上站着一动不动，高速吟唱4.5小时。谢谢你，红景天。
136309,5868,吴一华,2021-07-05 07:55:44,11,11,0,饮食与人类！！喜欢美食的话会挺有趣的，最后给分也不错！
136328,3588,姒健敏,2021-06-16 09:04:55,0,1,1,三节课迟到还早退，不知道怎么好意思拿课时费可是真的无聊，一共八节课，两节展示，两节不知道在干嘛，一共上了四节课，还和另外一个老师一人一半，有其他选择的话千万不要选，真的是浪费时间。
136351,6303,冯晔,2021-06-17 01:52:10,0,0,0,老师很温柔的！！！！
136427,5356,徐鹏飞,2021-06-18 01:43:13,6,6,0,帅气、可爱、生动\n\n匿名表白老师～
136480,5231,郭国骥,2021-06-18 13:17:27,0,1,1,老师又帅又可爱哈哈哈，讲课虽然算不上有意思，但是也很不错啦
136499,5659,李学坤,2021-06-19 10:48:59,7,8,1,老师真的特别好，我单方面认为是生化课里面最好的老师，全部生化书也只有他讲的部分是我真正记住的。
136500,1437,周韧,2021-06-19 10:48:59,1,1,0,医疗纠纷与司法鉴定\n\n没翘过一节课，每次点名都在\n\n每次作业都认真做了\n\n个人感觉真的花了不少精力在这门课上\n\n最后3.3，想选的保重
136546,3834,夏宏光,2021-06-21 01:00:12,5,5,0,夏老师就是其他生化老师永远超越不了的神
136547,2327,杨月红,2021-06-21 01:01:57,1,1,0,老师人很和蔼可亲！等的时间长不能怪老师吧这课就这样😭
136555,3694,陈光弟,2021-06-21 04:15:05,0,1,1,上课水，但老师没有评论的那么恐怖啦，课也不用花什么时间，给分也还可～
136711,5231,郭国骥,2021-06-23 08:58:24,0,1,1,爱了。
136723,1770,孙文均,2021-06-23 11:49:56,1,1,0,一级棒！讲解十分透彻~认真上课的可爱老师！
136724,575,胡虎,2021-06-23 11:52:39,0,0,0,十分能激发学生学习兴趣！上他的病理课是每周的期待~
137188,2364,包爱民,2021-07-02 06:15:39,-8,4,12,老师正直、幽默、有见解，能看出她对神经科学是真爱
137203,900,周俊,2021-07-02 09:05:46,0,1,1,有毒，最后一个学期怕是要死在她手上
137260,5272,王本,2021-07-02 15:00:57,0,2,2,老师真的很好，很温柔（我觉得很帅），虽然我不太爱生物，但老师是好老师（希望有好分数，保佑）
137428,5495,刘婷,2021-07-04 06:01:50,1,2,1,细生听下来感觉还是刘婷老师说的最好啦…虽然可能有点拖课 容量大）
137554,5166,危晓莉,2021-07-05 05:19:46,1,1,0,老师真的太好了，上课巨无敌清晰，而且ppt做得很认真很漂亮，可以看出上课也是很认真准备了的。可惜下学期比较2不是她的课了，一个爆哭。
137555,3694,陈光弟,2021-07-05 05:30:47,-2,4,6,cgd迷途知返，给分真的还可以，私以为除了学不到太多东西外没什么不好的（20年的公卫导论）
137595,2453,骆严,2021-07-05 08:31:16,8,14,6,讲课很一般，高高在上的语气让人不太舒服，可能国外呆的时间久了中文表达能力出了点问题，发的通知内容词不达意前后矛盾不知所云，点名事件堪称人类迷惑行为
137602,3834,夏宏光,2021-07-05 08:56:55,2,2,0,生化里面最喜欢的老师了，逻辑最清晰，不会让人云里雾里
137633,5868,吴一华,2021-07-05 11:24:16,3,4,1,给分很好！上课内容看起来很好吃！馋了！
137642,5868,吴一华,2021-07-05 12:29:31,9,9,0,老师性格很好，也很热爱这门课。
137757,5166,危晓莉,2021-07-06 03:57:58,1,1,0,晓莉老师真是太好了，又温柔讲课又好，虽然声音有点小但是不影响我对老师的爱哈哈哈哈哈，给分也很好啊，呜呜呜呜呜真希望比较二也是她教，可惜不是，哭了哭了
137772,5166,危晓莉,2021-07-06 05:37:03,0,1,1,很好很温柔的老师！给分也好好！
137816,7822,YAN LUO,2021-07-06 08:39:47,3,3,0,大国教师水准，国家道义担当，人类灯塔，学生希望，和普朗克常量并列的骆严常数发明者，homeostasis～
137819,2453,骆严,2021-07-06 08:41:25,1,7,6,大国教师水准，国家道义担当，人类灯塔，学生希望，和普朗克常量并列的骆严常数发明者，homeostasis～
137825,3834,夏宏光,2021-07-06 08:49:08,1,1,0,印象深刻，幽默风趣，有一定启发性，对考试也比较负责
137826,5231,郭国骥,2021-07-06 08:50:18,0,1,1,机智帅气
138054,2069,汤慧芳,2021-07-07 08:04:30,1,1,0,大一的医学生或者药学生千万别选（一上头选了会死很惨，等以后学了药理学再上这门课会很容易），其他专业的也千万别选。
138058,1137,夏梽丹,2021-07-07 08:16:57,0,4,4,营养与健康之艺术：平时会讲生活中的养生tips，认真听会有很多收获的！老师人也超级耐心负责！课最好还是听一下（或者导PPT），会有一两次小测验，是要用到上课内容的。期末有一次微文和一个考试（开卷）。总体来说事情不多，不用花很多时间，认真完成作业的话能获得很好的成绩。
138162,3662,郑莉灵,2021-07-07 16:06:13,2,2,0,棒棒棒！
138165,1366,马丽琴,2021-07-07 16:20:30,2,2,0,老师上课也就那样，比起舍友的老师，是真的很划水了，给分也不怎么样
138331,2364,包爱民,2021-07-08 14:14:12,9,9,0,给分很差！
138479,2830,陈周闻,2021-07-09 11:56:11,-6,2,8,4.5～万分满足
138480,2377,黄朴,2021-07-09 12:30:57,1,1,0,讲得很认真细致，要求严格，负责的好老师！
138486,2830,陈周闻,2021-07-09 13:11:38,3,6,3,本3.9菜汪表示满足，u1s1，老师讲得真的挺好的，能听进去。
138498,2830,陈周闻,2021-07-09 14:16:57,1,4,3,老师讲的很好，全程听得很认真，3给分不错3.9，10分！
138526,2830,陈周闻,2021-07-09 15:34:40,3,6,3,老师给分还可以！老师变了！
138574,1451,夏大静,2021-07-10 02:13:14,2,2,0,大学生物学。老师很好，但事情实在太多，希望下学期课程改革能改得合理点。。
138653,2830,陈周闻,2021-07-10 06:29:34,0,3,3,老师太好啦，讲课很好给分也好！把我捞到3.9的最低分太感谢啦，形策废物表示很满足啦～毕竟真的啥也不会语言表达能力差的一批官话都不会讲的人哈哈哈哈哈开心！
138660,1416,沈晓红,2021-07-10 07:19:59,1,1,0,心理卫生虽然分数还没出，但是真的很有趣！
138829,1137,夏梽丹,2021-07-11 06:16:23,0,6,6,上了营养与健康之艺术。很温柔，好好听可以学到一些实用知识。课事少，一首诗+两次小测+1000以下小论文+期末三道论述题，不过每次要签到。考核项目和占比都说的很清楚，最后4.5。
138881,1645,余沛霖,2021-07-11 13:21:41,1,2,1,老师人挺好\n\n但是我三次平时讨论都是优秀，mooc全满，期末考自我感觉良好\n\n出分3.9\n\n怪难受的
138905,13,张咸宁,2021-07-11 17:07:58,-29,6,35,点名次次到，论文好好写通识3.0，爬吧什么垃圾老师
138907,13,张咸宁,2021-07-11 17:11:02,-5,4,9,老师上课还是很有趣的，但是作为一门通识课，这个分也太低了。。。
138910,13,张咸宁,2021-07-11 17:23:06,0,2,2,上课有趣
138911,13,张咸宁,2021-07-11 17:22:05,1,4,3,上课还是挺有趣的，但是绩点真的好低呀，认真写了很久的论文
138938,13,张咸宁,2021-07-12 01:25:29,29,29,0,咸宁对待课堂真的是很认真的…大夏天也还是尽量正装上课…这点就已经吊打很多老师了
138948,5719,陈宝惠,2021-07-12 02:30:02,0,0,0,细生技术给分很好，很注重同学们实验报告后面的讨论部分～
138967,13,张咸宁,2021-07-12 04:14:50,14,14,0,老师对待他的学术领域很有热情，很有情怀。也是我碰到的为数极少的真诚回学生邮件的老师，和我这个工科生分享了他对生命科学的看法，挺感动的。一门通识课，本就不是为了学到太多专业知识而开设的，我想他只是分享了他的一种情怀。课间会放音乐。觉得作为通识课，基本达到了他的初心。
139022,13,张咸宁,2021-07-12 08:12:35,-7,3,10,给分不好
139028,4442,周天华,2021-07-12 08:24:21,2,3,1,老师很好，就是英语POT回顾的时候有点麻烦
139056,13,张咸宁,2021-07-12 09:56:34,13,15,2,遗传医学创新简史\n\n论文认真写，小测争取全对，最后满绩
139105,5495,刘婷,2021-07-13 00:04:17,4,4,0,能上到刘婷老师的课是我的幸运！\n\n（另外，我觉得老师讲的部分真的是细胞生物学很容易理解的了，老师的PPT对于我们复习也超级友好！）
139107,5356,徐鹏飞,2021-07-13 00:07:03,9,9,0,虽然只上了一节课，但是好喜欢这位老师呀*^O^*
139233,1470,胡济安,2021-07-13 12:45:48,2,3,1,花里胡哨的课程环节，无语的暑假作业，主观臆断的教学风格，真有你的！
139399,6306,林文龙,2021-07-15 06:45:01,4,8,4,老师给分真的好好，人也很好，平易近人，有问必答，与同学们相处真的超棒！！！
139400,1451,夏大静,2021-07-15 06:48:20,2,2,0,认真准备展示，开卷期末多写点，成绩就很好。
139463,3712,周以侹,2021-07-16 05:12:34,1,1,0,很认真负责的老师
139469,2364,包爱民,2021-07-16 08:26:38,6,9,3,课又讲不清楚 给分好差 我直接1.5
139497,2453,骆严,2021-07-16 14:13:38,7,11,4,“希望能继续得到你们的支持，同时也希望医学生化这门课就此永远摘除不及格率太高的帽子并且也还能久远地保持成一门非水课。为培养医学生的人文与爱国之理想，逻辑与思辨之能力，责任与担当之情操，贡献我们理应贡献的力量。”
139557,2146,余运贤,2021-07-17 08:12:53,3,3,0,考卷出的有点狗
139569,6721,叶英辉,2021-07-17 11:03:23,0,0,0,叶英辉就是态度恶劣 说话夸张 人品卑劣的超级大垃圾！！！！！！
139620,1416,沈晓红,2021-07-18 11:08:24,6,10,4,大爱心理卫生！不点名事情少给分好！！半个学期因为其他事情多就去听了两节课..期中小论文要求比较低，写起来挺快的，最后期末考试只事先翻了一会儿书就去考试了...很多概念不太熟悉都没翻到，但是最后竟然有4.5啊啊啊太感动了！！
139765,151,包家立,2021-07-26 02:51:30,0,0,0,上课认真
139912,1825,曹倩,2021-08-17 11:39:22,0,1,1,曹老师，好！
139950,62,凌树才,2021-08-22 12:24:51,0,0,0,不是zju的学生，但是凌树才老师讲得好好，局解靠b站上凌老师的教学视频过的，比我们学校的老师不知道高到哪里去。
139957,8671,齐义营,2021-08-22 14:08:48,0,0,0,专业专注，一丝不苟。
139975,1059,王福俤,2021-08-22 16:32:57,4,4,0,据说这个老师以前和实验室的女博士乱搞关系，还pua自己组的硕博造成严重的健康和心理问题，最好远离这种垃圾导师。
140010,5324,毛建华,2021-08-23 07:46:33,0,0,0,好好好
140161,6301,唐梦龄,2021-09-01 10:24:06,-1,3,4,唐老师女神！讲话温柔，上课有条理！特别特别好！
140341,5705,孙洁,2021-09-10 00:09:37,1,5,4,老师好棒！讲课幽默生动！而且为人和蔼！还是党员能给我一些思想引领！
140366,2746,李秀央,2021-09-10 05:43:55,4,5,1,shabi老师
140404,417,李兰娟,2021-09-10 14:57:10,0,1,1,国士无双
140451,417,李兰娟,2021-09-12 04:14:51,0,1,1,好好啊好
140481,5705,孙洁,2021-09-13 03:00:20,0,3,3,好好好！老师的实验课很有趣
140536,417,李兰娟,2021-09-13 11:59:05,0,1,1,国士无双，只不过可惜没能在开学典礼讲话
140544,6753,王赵琛,2021-09-13 14:05:53,-3,2,5,针对工科生 别选
140602,2434,汪洌,2021-09-14 07:10:01,3,7,4,“这个是很现实的事情”，“whatever”，“anyway”，三大口头禅。\n\n他讲动物伦理和科研诚信这种课还可以的，讲讲故事说说笑话，现在声音也比以前大了。但如果是分子医学之类的专业课，因为PPT是英文的，内容又有点枯燥，就会比较催眠。
140656,2327,杨月红,2021-09-15 02:03:37,0,0,0,蛮好的，认真负责
140800,3069,柳华,2021-09-16 07:26:04,1,1,0,认真讲课，很专业
140821,2743,许正平,2021-09-16 11:31:36,1,2,1,上课一个小时了，老师还没出现呢
140845,2556,陈建忠,2021-09-17 01:06:29,0,0,0,老师口音好重呜呜呜，我又菜又听不懂这么重的南方口音，要哭死了
140941,3750,沈静,2021-09-18 04:24:08,17,19,2,拖堂太严重了，作业也比较多，而且作为生科的负责老师，把生科课程设置成现在这个样子是要负责任的
140942,4040,王梦令,2021-09-18 04:25:07,-10,3,13,普通话很标准，讲课有条理，人也挺和蔼的，不至于这个分
140964,5379,胡晓兰,2021-09-22 04:36:01,0,0,0,实属是没见过这么龟毛的老师了😅一份实验报告打回来两次，要求不讲清楚就让你一次一次改，我闲得慌?
140997,4510,陈翠苹,2021-09-20 07:04:12,0,0,0,老师好好看
141026,877,徐恩萍,2021-09-22 02:21:38,1,1,0,因为看到段落标记难受，所以就不让学生的实验报告里出现段落标记，还必须用word提交，真不知道这个老师论文用什么写的
141075,5379,胡晓兰,2021-09-23 02:12:12,0,0,0,为什么不能打0分
141136,417,李兰娟,2021-09-24 07:40:37,0,1,1,国士无双
141213,1647,王晓健,2021-09-26 12:32:05,4,4,0,感觉讲的蛮好诶，不知道为什么前面这么多差评[ac01]
141309,1451,夏大静,2021-09-29 07:43:47,-2,0,2,开卷好好答就行
141318,900,周俊,2021-09-29 11:05:30,1,1,0,老师讲课非常清晰，教的很好
141321,6753,王赵琛,2021-09-29 12:16:23,7,7,0,作为人文学子超爱这门课，老师很温柔也很专业，鼓励同学发表意见，课堂气氛很活跃(但不是按发言次数记课堂分哦)，感受到有意义的探讨
141377,5233,胡海岚,2021-10-03 13:16:21,14,19,5,世界杰出女科学家
141394,900,周俊,2021-10-06 01:41:45,1,1,0,组胚乙，内容很多，但是老师讲得是有条理性，框架性的。上课虽然一直在记笔记，但是听得挺舒服的
141410,5494,蔡志坚,2021-10-07 09:07:52,3,3,0,感觉讲得很差...可能是国庆压缩课时的原因，讲的特别快也看不懂是在干啥
141480,3482,陈莹莹,2021-10-11 10:53:03,30,41,11,陈莹莹老师很温柔～体操课程内容不水不算简单。PS明明是体操老师…咋成医学院的了
141513,6302,连虹,2021-10-13 00:46:38,2,9,7,比周俊差多了
141605,8294,任菁菁,2021-10-17 05:13:14,0,1,1,…….
141629,3190,周婧,2021-10-18 08:46:49,0,1,1,🀄️🀄️🀄️
141669,13,张咸宁,2021-10-19 10:28:17,0,0,0,每次都会很期待咸宁老师的遗传课♡
141675,1416,沈晓红,2021-10-19 12:40:50,-1,1,2,老师真的好
141797,8830,许君芬,2021-10-26 08:49:45,5,5,0,不说了 谁遇见谁倒霉 想公布全班排名，只看重成绩比较优秀的学生，强行点名成绩不理想的同学，在大群直接艾特她然后一通说教，最后居然直接在群里说让心理委员给她做评估看有无心理问题。。。。。。。拜托都是成年人了，搁这侮辱谁呢？
141881,3475,康利军,2021-10-29 11:09:21,2,3,1,好老师，PPT用心，讲的清楚
141951,3190,周婧,2021-11-02 01:15:31,-2,14,16,老师好温柔气质好好，会布置一些简单画图作业但是挡不住大家狂卷，班里有个叫林臻的人特别讨厌
141975,2472,李晓明,2021-11-02 11:46:03,3,5,2,一流导师帮忙塑造人生理念
142012,6202,闫春兰,2021-11-04 02:20:04,2,4,2,很努力的在讲，可惜乱七八糟
142046,6381,顾传龙,2021-11-04 14:51:36,11,15,4,老师很温柔，看标本的时候讲解很详细\n\n唯一尴尬的是看了微信以为他姓传，还告诉了室友😂
142047,13,张咸宁,2021-11-04 14:52:32,0,0,0,后来者一定要好好听课
142066,1271,朱益民,2021-11-05 04:47:30,5,6,1,朱老师讲的挺好的，我选的临床科研设计，2021年没有考试是写一个文献的相关问题
142087,1702,毛峥嵘,2021-11-05 12:00:56,0,0,0,怎么说呢，老师人很好，但是小组展示的时候不控制时间，规定的时间有些小组大大超时，而且还是小组互评打分，就很emmm
142126,6302,连虹,2021-11-07 07:04:16,1,3,2,老师讲的很清楚\n\n也很知道学生哪里不懂 听课能听懂～
142150,13,张咸宁,2021-11-08 01:32:07,1,1,0,讲得太好了！
142158,6753,王赵琛,2021-11-08 03:14:43,-1,0,1,。。。
142165,6302,连虹,2021-11-08 03:41:56,1,2,1,讲的很清楚www
142167,6509,梅汝焕,2021-11-08 05:24:14,0,2,2,刚开始就搞歧视
142307,1556,王鑫慧,2021-11-10 04:37:35,0,3,3,不点名；上课完全不用听他讲，可以做自己的事情；有一次小测，不过可以上网查资料；考试是ppt展示，推荐用两个人对答的形式，或者是在展示中插入影片。我啥都没干绩点就4点多，王老师yyds
142315,751,林旭瑗,2021-11-10 06:12:27,1,2,1,虽然确实没有太好，但是不至于这么低，回正一下
142326,1556,王鑫慧,2021-11-10 07:30:48,0,0,0,健康促进的任务很少 课也挺水 给分还行
142388,5441,杜艺岭,2021-11-11 02:50:15,3,3,0,无聊且念ppt
142406,4984,王良,2021-11-11 05:22:17,7,8,1,非常喜欢王老师，以后可能没机会上他的课了
142450,1556,王鑫慧,2021-11-11 13:42:15,5,6,1,不是很理解绩杀的操作，30%90到85就给个86不可以吗？打包给分也是致命操作，每个人贡献真不同好不好啊！！！
142456,2096,罗依惠,2021-11-11 15:00:44,-4,1,5,上了一节课，感觉挺好的
142513,4984,王良,2021-11-12 12:24:55,15,15,0,老师讲的非常好 一下午的课很快就过去了
142514,5217,王迪,2021-11-12 12:26:14,-18,4,22,免疫讲的挺好的
142525,1556,王鑫慧,2021-11-12 15:08:11,0,0,0,我太难了😣
142551,751,林旭瑗,2021-11-13 05:21:20,1,2,1,讲的还可以 回正
142616,1756,杨敏,2021-11-14 14:16:04,1,1,0,。。。
142618,6278,朱依敏,2021-11-14 14:57:17,-3,2,5,课很有意思 老师也很亲切 给分很好 谢谢老师～
142619,1756,杨敏,2021-11-14 15:01:21,3,3,0,真绩杀，劝想要高绩点的别选，很难拿高绩点，匿名互评也会把你恶心死，还有人总分一百分给你打三十分以下的分，吐了。
142743,1019,郑莲顺,2021-11-15 18:00:33,2,2,0,我爱头颈解
142745,6252,史鹏,2021-11-15 19:38:43,-15,2,17,老师超级好！！！心血管系统 yyds
142746,2743,许正平,2021-11-15 23:38:17,-3,1,4,管得不严，老师性格挺好的
142757,3854,孙启明,2021-11-16 02:56:16,1,1,0,外瑞古德
142764,2746,李秀央,2021-11-16 03:22:17,11,12,1,上过的都懂，教的烂，事情多，还不来上课，啥都没教就小测。\n\n但凡能评个0分😇😇😇
142773,13,张咸宁,2021-11-16 04:07:54,4,4,0,谁不说一句咸宁yyds！！！但是ppt是要好好看的，小绿本也是要好好做的......
142786,5723,冯友军,2021-11-16 06:02:49,11,11,0,只能说楼上说的对
142787,5723,冯友军,2021-11-16 06:04:49,17,18,1,上课只提问不讲课，混乱不知所云
142808,13,张咸宁,2021-11-16 10:24:06,1,2,1,明明很认真了，最后成绩不好
142814,1702,毛峥嵘,2021-11-16 11:12:25,6,9,3,人体探秘，上课划水，期末考试大摆烂，被绩杀了，3.3，然后知识真的很硬核，开卷考，一定要把ppt都打印下来，不要像我，连资料都没准备
142839,1133,樊立洁,2021-11-17 00:25:28,4,5,1,卡绩不商量，单凭见习心得给分就很迷。。。
142843,1702,毛峥嵘,2021-11-17 00:56:15,2,2,0,绩点4.2，老师很专业，课干货很多，但考核方式还可以更好一些。
142903,8621,张冯江,2021-11-17 08:31:14,0,0,0,超级nice
142926,5659,李学坤,2021-11-17 12:29:17,8,10,2,老师讲课很有条理，前面细讲后面小结复习。可能是因为太负责了，很喜欢上课传话筒提问，感觉生化所有老师里他讲的内容记得最清楚。\n\n(老师也知道提问可能会吓到同学，最后一堂课前还做了个调查决定要不要继续提问模式，结果最后一堂课就没有提问了哈哈哈)
142927,13,张咸宁,2021-11-17 12:30:57,2,3,1,好！！
142930,759,王青青,2021-11-17 13:04:03,4,4,0,居然没人给王青青老师打分！我怒来打十分！讲的很清楚！！就是说在大学还能听到这么清晰地讲解真不容易！
143037,2746,李秀央,2021-11-18 09:35:45,11,12,1,我其实想打0分的\n\n这个是一个shi(ee)t， 那个是一个shi(ee)t\n\n专业课不来上课让学生听网课，破事一堆，浪费时间\n\n给句痛快话，啥时候退休！
143064,1416,沈晓红,2021-11-18 14:20:23,2,3,1,社会心理学，课可以水，但是我认为老师的课很有意思，我一直在认真听，还是可以学到一些东西的。从来不点名或者叫人发言，任务很轻松。
143070,6347,李相尧,2021-11-18 15:58:58,2,3,1,超级风趣的老师
143106,5723,冯友军,2021-11-19 03:56:55,10,11,1,完全不来上课的嘛……
143148,3694,陈光弟,2021-11-20 03:48:10,7,11,4,真的改邪归正了！课有点水，平时小测（开卷，两道开放型题）认真答，小组展示认真做，积极问答，最后的闭卷考（六道题）也不会很难，临时抱个佛脚，搞到满绩啦！选他！
143184,1416,沈晓红,2021-11-21 02:37:12,4,5,1,沈老师人超好，讲的知识非常有用，举的例子也贴近生活，课下问问题都很耐心地解答，论文和作业多举例论证（似乎）就会给高分，强烈推荐大家选！
143235,3069,柳华,2021-11-22 03:10:29,5,6,1,讲课很有调理，深入浅出，老师还是个大美女，很有气质
143287,5723,冯友军,2021-11-23 02:05:01,27,27,0,花一节课提问每个人？？？？上课还迟到咕咕掉整个班的人？？还是后来补的课
143335,5868,吴一华,2021-11-23 13:23:56,9,9,0,这是我选的最喜欢的通识之一了。上课很有趣，可以学知识和文化。给分又好。老师人也很好。
143510,6302,连虹,2021-11-26 01:22:21,7,9,2,美女老师！讲课逻辑清晰，声音甜美好听！本声控上课时简直是一种享受
143539,1802,鲁林荣,2021-11-26 07:24:07,3,3,0,虽然只有一节课，但我奇迹般地对这个名字念念不忘，老师确实好可爱<!--(o>ω<o)  -->
143612,3694,陈光弟,2021-11-29 01:55:21,0,0,0,老师事儿真多
143614,6420,王朗,2021-11-29 02:13:42,2,3,1,说话好快好快好快
143636,3405,沈颖,2021-11-29 11:13:01,7,7,0,不是很认可老师的某些观点以及不懂老师的某些操作\n\n老师试图论证同性婚姻会对传统一夫一妻制造成冲击和不利于人类繁衍\n\n首先这个观点我本身就不赞同，其次，该老师的论证方式是给我们看了一个视频\n\n该视频讲了在美国选美比赛中一个评委对某位女生问是否支持同性婚姻，该女子不赞同并给出理由：一个男人应该与一个女人绑定，事后这个评委恶意给低分，并在网络上开骂这个女生。我不知道老师放这个这个视频想表达什么，是想论证他的观点吗？无非说明了某一个支持同性婚姻的人很激进很不理性，除此之外还能说明什么呢？属实觉得没有播放这个视频的必要。
143647,3405,沈颖,2021-11-30 02:27:51,5,5,0,课程论文写了5000字，用邮件发给了老师，过了几天出分被绩杀了，打开邮箱发现老师不仅没有回复，根本就没有打开我的邮件，可能是老师一直如此，也可能是把我漏掉了，如此不负责任的老师，给分完全靠运气或者考试吧，大家只想玩玩的可以去选。
143729,6627,何峰,2021-12-03 03:48:46,0,1,1,念PPT念的我难受
143770,6403,项美香,2021-12-05 16:33:36,1,2,1,2021年看了令人心动的offer3 感觉项老师很牛哈哈哈 好飒
143772,4278,赵经纬,2021-12-06 01:59:24,2,2,0,上课有条理！
143801,1065,李立伟,2021-12-07 06:38:17,5,5,0,表白老师！
143834,5657,王猛,2021-12-08 05:46:01,0,0,0,讲课清楚
143835,5657,王猛,2021-12-08 05:29:15,0,0,0,讲课清楚
143855,7729,郑小凤,2021-12-09 05:12:04,1,1,0,希望老师上课不要再一直“emmmm”了，听起来真的很难受
143967,3480,徐芳英,2021-12-14 13:39:43,3,4,1,徐老师超级温柔！好遗憾因为疫情不能线下上徐老师的课
144028,3616,邓红,2021-12-16 07:04:55,3,4,1,感觉一句话说不完整
144034,222,吴希美,2021-12-16 09:42:36,-2,1,3,上课还不错
144084,1416,沈晓红,2021-12-17 09:53:03,-17,11,28,社会心理学3.3，上课念百度百科，1分不bb
144111,3694,陈光弟,2021-12-18 03:40:29,1,1,0,给分很好
144130,2746,李秀央,2021-12-19 07:49:03,11,12,1,为什么她的评分还能上2
144162,2832,金明娟,2021-12-20 02:29:04,14,14,0,纯纯神经病，各种花活折腾学生
144167,611,李仲杰,2021-12-20 04:16:23,2,4,2,老子无语了😅有的同学回答错了一点就语言攻击说你不行，有的同学回答错了就能不停被你纠正😅我寻思咱俩也没仇啊
144202,2176,王会平,2021-12-20 09:04:45,0,1,1,给人一种崇洋媚外的感觉
144224,314,那仁满都拉,2021-12-20 16:10:04,2,2,0,老是非常好，很敬业，上课很有趣
144226,3662,郑莉灵,2021-12-20 17:44:54,2,2,0,爱莉灵不解释了
144227,759,王青青,2021-12-20 17:48:14,2,3,1,讲课很清晰
144312,2436,余海,2021-12-21 05:32:32,0,0,0,上课评书讲的很不错，课很吸引人，但是内容其实和论文关系不大。论文一定要认真卷啊
144339,3069,柳华,2021-12-21 06:28:09,1,2,1,老师真的很好，讲课很清楚，人形的解剖会有重点，见得也清楚，每节课都很充实，tbl虽然难但也有收获，老师已经很努力想给我们讲懂了，也不会很无聊很困，其实或许更多在于解剖真的难吧哈哈哈
144359,1556,王鑫慧,2021-12-21 07:06:30,1,1,0,我觉得这门课是真的挺水的，平时没作业没报告，课堂测验也不算分，期末pre定生死，有好队友直接躺，绩点4.8
144406,3765,李颖,2021-12-21 11:08:41,3,8,5,其实是不错的水课，可以学到一点东西，如果小测答案背下来的话期末考也没啥问题。不知道为什么这么多人骂，反正我觉得挺好的。不过上课无聊是真的。
144428,3694,陈光弟,2021-12-21 12:48:47,3,3,0,虽然说课真的有点点无聊，如果对公共卫生不感兴趣真的会听不下去的。但是课水事又少是真的而且给分也很不错，一共只有一次小组展示每小组人还很多，平时没作业。考试的话完全裸考，完全靠语言编造能力。老师还会请一些很厉害的人来给我们讲课。助教小哥哥很帅，助教小哥哥的女朋友超级美！
144457,2746,李秀央,2021-12-21 14:32:58,0,2,2,老师实在垃圾
144542,6650,钟近洁,2021-12-22 07:41:40,3,5,2,上的人形实验，是个挺好的老师
144636,1059,王福俤,2021-12-23 03:07:44,5,5,0,没学到什么东西
144637,6022,闵军霞,2021-12-23 03:08:45,4,7,3,学不到什么东西，我以为是上英语课
144639,1556,王鑫慧,2021-12-23 03:10:04,1,1,0,绩杀误我
144799,5538,易聪,2021-12-24 02:45:07,1,9,8,【分子医学实验】很好的老师，温和耐心，其实实验课很多问题都是自己没预习好导致的，但是每次去问老师都不厌其烦地回答
144839,7658,刘足云,2021-12-25 05:45:06,16,20,4,嘿嘿嘿
144844,710,欧阳宏伟,2021-12-25 06:18:10,17,23,6,就会忽悠学生来海宁，瞎吹生物医学优点，缺点一个字都不谈。被忽悠进来之后不能选课转专业，退学留级的一大堆。大家千万不要来爱丁堡啊（血与泪的教训）。
144950,314,那仁满都拉,2021-12-26 04:33:39,1,1,0,。。。
144995,2746,李秀央,2021-12-26 09:57:57,1,2,1,这就是个纯**
145095,3480,徐芳英,2021-12-27 11:24:22,3,4,1,记得最深的就是徐老师拍拍脸的动作哈哈哈哈
145099,6650,钟近洁,2021-12-27 11:40:02,1,3,2,mooc来的，老师讲得很清晰，一些比较细但有用的点也讲到了
145100,1065,李立伟,2021-12-27 11:43:30,3,4,1,老师讲得超级清楚！！普通话标准，我这个北方孩儿找到了亲切的感觉呜呜呜\n\n会把自己临床实践遇到的病例讲给我们，感叹之余加深印象
145102,611,李仲杰,2021-12-27 11:46:52,8,8,0,事情多，任务ddl紧，不过其实对我这种不自觉的孩子掌握知识有奇效（捂脸emoji）
145110,2105,杨芊,2021-12-27 12:24:16,4,12,8,首先，幸福心理学作为通识课，事少不水能学到东西，非常值得！课程内容充实丰富，每节课的ppt上老师都列举了很多的论文作为例证，看得出来非常用心了。课程内容也非常实用有启发，这门课真的切实提高了我的幸福感。很感谢老师！\n\n每周的讨论课实际上是团辅课，不需要展示，七个人一起组成一个小组，一起讨论，一起分享，收获了很多。周四的晚上，我常常是不开心地来，开心地走。很开心能选上这门课，能和我的小伙伴一起度过一学期，他们都是非常美好的人呀！\n\n表白杨芊老师！温柔优雅，实力诠释了什么是腹有诗书气自华。最后一节理论课，全班一起念：“为天地立心，为生民立命，为往圣继绝学，为万世开太平。”泪目了。作为一个大三的老人，很久没看到这句话了。这学期之初，我深陷对未来的迷茫。杨芊老师的经历和追求，让我看到了人生的另一种选择，也让我对自己的未来渐渐明晰。杨芊老师是在我的生活中最接近人生楷模的人。\n\n感谢，感恩，感动。
145119,6753,王赵琛,2021-12-27 13:20:29,2,3,1,专业水平很强，伦理分析很全面，会用很多元又很生动的例子，平常会在群里分享很多东西。生命伦理学属于是随便选上结果惊喜爱上的课
145122,751,林旭瑗,2021-12-27 13:55:23,3,3,0,老师讲的挺好的呀，在病原老师里算可以了
145125,3694,陈光弟,2021-12-27 14:21:31,2,3,1,（#*%…省略n句脏话）本来没有安排这门课的考试，突然要在考试周前加一天做期末考，还闭卷，题型离谱！占用复习时间，根本不考虑班级同学的感受！讲课也很无聊，巨爱“采访”（上课千万别做边边）。总之，就是遗憾为什么不能打0分
145131,2746,李秀央,2021-12-27 14:53:38,1,1,0,。。。
145148,6753,王赵琛,2021-12-28 00:14:39,7,8,1,长学期的生命伦理学概论绝对称得上是一门好课，老师上课会展示许多视频资料，能紧跟时事开展讨论，也比较尊重学生，注重引导学生的思考。虽然从不点名，但是我会因为老师的魅力与课程的精彩而到课。令我记忆犹新的，就是最后一节课老师点评论文时说的“这节课最重要的是引发大家的兴趣，大家要带着兴趣写论文”\n\n给个10分不为过
145212,1416,沈晓红,2021-12-28 08:42:17,0,0,0,秋冬学期最喜欢的老师和最喜欢的课。内容非常有意思，应用型很强。老师会把知识点清晰的写在ppt上，上课辅以生动的例子。考试开卷考，可以把ppt都打印出来看，内容都在ppt上。
145369,2630,陈明法,2021-12-29 07:38:38,0,0,0,可能这会是最后一个评论了。我是陈老师的最后一届学生，我真的好喜欢他。讲任何东西都能讲的很清楚，连着上好久的系解根本不觉得累。希望陈老师可以每天开心！
145431,3069,柳华,2021-12-29 13:27:07,0,2,2,【人体形态学基础实验】超级好的老师，真的
145498,7360,杨静,2021-12-30 03:55:14,8,9,1,可水可听，老师很认真
145578,2746,李秀央,2021-12-30 10:07:31,2,4,2,快说，谢谢lxy
145606,2096,罗依惠,2021-12-30 14:04:56,2,4,2,上了一节病原课，感觉挺好的，人也很和蔼
145623,7729,郑小凤,2021-12-31 02:39:31,1,1,0,听课感觉不好，emmm的口头禅难受
145647,6726,丁世萍,2021-12-31 02:25:43,6,7,1,上的老师的组胚课。老师很负责任，很关心我们到底有没有掌握，实验课会带我们很细致地看片子，给我们下来一圈圈地答疑。上课准备得真的很用心。谢谢老师！
145657,3616,邓红,2021-12-31 03:05:53,1,1,0,好老师！
145716,6420,王朗,2021-12-31 13:44:04,3,3,0,讲话略快，但是PPT知识点蛮清楚的，总体看很不错了
145724,3480,徐芳英,2022-01-01 03:14:13,1,2,1,虽然是线上上课，但能感受到老师对于上课的热爱，听课感受很好！
145772,4814,吴晶晶,2022-01-02 02:56:30,2,3,1,别的课没上过，基导讲的还是不错的，语速略快
145775,3694,陈光弟,2022-01-02 04:57:35,1,2,1,最让人无语的通识老师，考试周开始前一天加课让人展示，然后还要加一个闭卷考😅😅😅不多说了，占用复习时间还没什么用处，怎么不能打0分
145782,611,李仲杰,2022-01-02 06:48:51,0,1,1,确实很push，态度也不太好，但是效果还行
145834,3190,周婧,2022-01-03 07:21:33,0,16,16,是个很一般的老师吧，虽然人很年轻很温柔但是讲课只告诉我们要死记硬背。作业量不多，但班里有个叫林臻的卷王没什么事就想上讲台或者老师旁边戴着耳机得瑟两下刷存在感特别惹人生厌
146008,3765,李颖,2022-01-05 03:47:04,1,4,3,老师可能是看了一些评论，这个学期的期末考形式改了～期末考题目基本都是最后一节课的内容还有之前小测的内容，背小测答案就能写出来！而且这节课特别水，大家都来选～
146014,3765,李颖,2022-01-05 04:07:41,7,8,1,事情少，但小测频繁，绩点在通识课里真的很很很低，除非没别的通识了要不然慎选（或者你懂很多女性生理知识）
146032,3765,李颖,2022-01-05 06:28:22,2,3,1,女性生理和健康，上课很轻松，但是第三节课开始会有随堂小测，时间很短，就几道选择题或者判断题，都是和当天上课内容有关的，最后一节课会有期末考，题目会从平时小测里选，然后还有两道简答题，都很简单的。因为很轻松，所以一不小心就想把这个课水掉，但是课的内容特别是有关疾病健康的对女生都挺有用的。小测一定要认真做啊，因为这门课评分基本就看平时测试和期末成绩的，不好好做当然绩点会低，考的东西有点太细了，认真听课了都不太能完全做出来，所以还是善用搜索引擎吧，这个小测查查答案还是方便的，只要手速够快，总之就是后悔当初太随意对待了
146109,3765,李颖,2022-01-05 13:27:18,0,2,2,真绩杀 太可怕了\n\n还是按照ABCD的等级来打的 两个等级直接就差0.4 太凶残了\n\n课上也没有什么太大的收获 退课吧 选点有意思给点分好的
146163,3190,周婧,2022-01-19 13:31:41,4,13,9,老师最后是真的很用力在捞了，我非常感谢老师，我也的确没好好听课，有点愧疚。但老师人真的很好！
146164,3190,周婧,2022-01-05 15:12:52,-7,12,19,老师人很好，但是班里有个叫林臻的老是晃晃悠悠地，有事没事就上去找画面，真的好烦
146525,611,李仲杰,2022-01-07 00:29:57,6,7,1,硬性要求多，结果就是我组胚的知识掌握的比系解好得多得多
146564,1065,李立伟,2022-01-07 02:45:04,2,2,0,讲得特别好啊！人也很温柔！
146677,751,林旭瑗,2022-01-07 07:42:24,1,1,0,其实还可以，在病原老师里面算好的了
146694,4510,陈翠苹,2022-01-07 08:13:05,2,3,1,上了老师的思修，思修课堂都差不多吧，陈老师的思修课课堂课后任务都不太重，而且老师属于比较反卷的，最后给分也挺不错。
146851,417,李兰娟,2022-01-07 15:38:44,3,3,0,B站上可以搜索“传染病学—李兰娟院士”就可以听到她的课啦
147169,6303,冯晔,2022-01-09 03:11:16,5,6,1,考完给冯晔老师评论一下\n\n大学生物学这门课确实有一点水啦，但是冯老师真的让它变得好玩很多！\n\n冯晔老师好笑实例不完全记录🤤\n\n“同学们，我们在哪个教室上课？我迷路了”\n\n“同学们，不知道你们有没有看过一拳超人，里面这个性感囚犯我觉得可能就是有双性化特征的。”\n\n“看到有些同学在核酸检测排队的时候还在看书，我真的非常惭愧地低下了头。”（真情实感的）\n\n“我们这个通识课，我给大家上课是很放松很开心的，因为说错了你们也不知道。”\n\n总之，冯晔老师真的很好！
147190,2746,李秀央,2022-01-21 10:22:07,6,9,3,挺离谱，两个小组作业，第二个小组作业两种选题，竟然在答辩完后让选第一个的重新做第二个\n\n还有知道上的网课。。。
147241,2364,包爱民,2022-01-09 08:15:23,5,6,1,无语😓
147666,2746,李秀央,2022-01-10 11:43:20,16,17,1,lxy退休的那天记得喊我去放鞭炮
147801,2746,李秀央,2022-01-11 01:25:48,18,22,4,李 溴 氧， 鉨 j ι υ 惿 個 寄 δ 巴 ！\n\n李 锈 秧， 尓 勼 寔 個 寄 妑 ！\n\n李 嗅 γ ā η ɡ  ， γ o υ 就 四 個 寄 紦 ！\n\n李 貅 殃 ， 伱 噈 寔 箇 寄 o 巴 ！
147902,2364,包爱民,2022-01-11 06:29:23,5,15,10,大生 草泥马的几把傻逼水课 你妈死了才会开这种死马课
147936,900,周俊,2022-01-11 07:39:26,2,2,0,组胚乙，老师的ppt和讲解都是四个老师里最清楚的
147938,6650,钟近洁,2022-01-11 07:41:27,0,2,2,组胚乙胚胎学部分，讲解很清楚，就是英文ppt实在是难为我了555555
147940,2453,骆严,2022-01-11 07:44:49,3,5,2,【基础小班生化】\n\n讲课有激情，喜欢的人会很喜欢，不喜欢的人会听不下去。ppt制作emmmm（但是重点都标出来了）\n\n以下为骆老师原话：\n\n“这是第一年实施重大考试必须有50%英文题的培养方案。有同学抱怨理解英文题意就费了太多时间。问题是：这是双一流大学精英班的要求。我不敢怠慢习大大的伟大布局：培养逻辑思辨能力强大的研究型人才；并且需要双语。”
147942,5495,刘婷,2022-01-11 07:46:23,4,4,0,我心目中的女神老师。讲课清晰（老师的老师是川大的邹方东老师！）
147944,2722,许均瑜,2022-01-11 07:48:26,1,1,0,我心目中的女神老师啊啊啊啊啊啊啊啊啊ppt又清楚讲得又好5555555这就是我心中生化课的模样啊啊啊啊啊可惜疫情期间只能上网课，线下只上过一次她的课
147999,6303,冯晔,2022-01-11 09:39:28,0,0,0,爱了爱了
148114,3069,柳华,2022-01-11 14:00:16,2,3,1,虽然分不高，但不妨碍柳老师是个好老师，上课不枯燥，知识源于课堂却不止于课堂！
148139,6726,丁世萍,2022-01-11 15:10:57,5,5,0,老师讲的很好，给分也超棒
148186,3069,柳华,2022-01-12 00:03:12,1,3,2,tbl其实还挺有意思的吧，就能很快将解剖与临床知识结合起来，虽然真的很难，但其实收获很大。老师虽然一定会上到五点半才上课，不像别的班有时提前下课，但老师课上的内容都是干货满满，讲的很清楚，提供的一些记忆的方法套路也很实用，总之，我爱柳华！！！
148311,8207,叶小康,2022-01-12 06:14:28,3,10,7,我来当第一个评论！\n\n人体解剖学乙实验课，老师讲得很有意思。最后一节课交的画画作业居然认认真真改了改钉钉发给我错误的地方和修正！！让我非常震惊！老师好认真
148312,6550,张超,2022-01-12 06:14:43,2,4,2,美女老师，气质很好，讲课也不错！但上课拓展内容比较多，有点超出原本的教学内容了，复习容易被带偏
148336,3190,周婧,2022-01-12 07:11:13,16,19,3,老师讲的很好，就是我有些听不懂。不过说句实在的，楼下几位直接挂别人名字可能不太好，感觉好好的评价老师的平台都有些被污染了[汗][汗][汗]。
148344,3190,周婧,2022-01-12 07:49:11,11,12,1,同意，挂人名有点过分了。
148429,1451,夏大静,2022-01-12 12:24:56,1,1,0,夏老师整体很认真负责，尽力在给大家教知识（虽然专业相关所以没认真听hhh），但健康与免疫说实话任务有些重了，三次小展示+一次大展示+期末五到简答的开卷，相比别的课程而言（比如只有一次展示和几个课上小作业的营养与健康之艺术）投入量偏大，大家感兴趣放心选，如果只是混学分还是不建议了
148491,3854,孙启明,2022-01-12 16:14:56,2,3,1,分医实验 很不错的老师
148656,611,李仲杰,2022-01-13 06:34:28,4,9,5,老师真的很棒！上他的课，他虽然会提问题，但是对学习很有帮助。最后老师发在群里祝福我们，真很有感触，老师真的是很为我们着想🥳
148674,2364,包爱民,2022-01-13 07:47:41,5,15,10,我日你妈的大学生物学 教务网的人妈都死完了 开这种几把课 草泥马了个逼
148739,611,李仲杰,2022-01-13 11:01:49,1,3,2,事情贼jb多，期末考试卡当还不捞人。。。
148827,2952,孙秉贵,2022-01-13 15:33:03,0,3,3,老师上课语速较快，需要仔细听讲。课的内容如果感兴趣的话非常有意思，然后期末写一篇小论文也不用考试，给分也不错。
148837,2952,孙秉贵,2022-01-13 16:14:03,1,1,0,挺好的，论文要认真写。
148880,314,那仁满都拉,2022-01-14 00:57:54,4,5,1,上善若水，给分意料之外的不错，平时随便听听课，签到是以手动签名的方式，然后到期末有一个两人组队的展示环节，一个考试，但也挺水的哈哈哈哈。那仁老师上课个人色彩比较强烈，不过也是个很有教书育人感觉的老师!
148962,314,那仁满都拉,2022-01-14 04:38:26,8,10,2,给分很迷很难过。。。感觉是随机给分。每次出勤，有展示，考试题都是答对的，小作文写了近千字也很认真，出分前抱有很大期待，但看到结果真的难受了，真的无论如何都没想到会这么低。。。。是到目前为止收到的最低分了
148965,3480,徐芳英,2022-01-14 04:53:49,0,1,1,老师上课举的例子好有趣
149045,2453,骆严,2022-01-14 08:08:33,4,7,3,不否认老师很厉害，但是他上课和给分真的使人很不舒服，阴阳怪气、捧高踩低是真的离谱。
149050,5356,徐鹏飞,2022-01-14 08:15:55,24,27,3,在一门极其不合理的课程中唯一真正了解到学生水平和需要的老师，在一门中国人开给中国学生的课里唯一一位说中国话的中国人。
149340,4984,王良,2022-01-15 06:30:57,9,9,0,老师非常好，上课的气氛也挺好的，时不时会开一些玩笑，总的来说很轻松，给分也很好～
149494,417,李兰娟,2022-01-15 15:24:24,0,1,1,还可以
149619,2746,李秀央,2022-01-16 08:12:51,9,14,5,坦诚得讲\n\n这门课老师的用心程度确实比得上生化和基导这些课程\n\n但是老师传达信息的效率和评分体系的确定性是最大的痛点、、\n\n今天是1.12考完试\n\n她1.15晚上有同学问才说知到上的期末测试做了有鼓励分\n\n如果这门课以后能够设置一个传递信息的信息员\n\n那么相信会做的更好\n\n我打1分 不为别的 就为在这门课上不断被搞翻的心态
149738,2746,李秀央,2022-01-16 15:21:34,12,14,2,“具体考试时间我也不太清楚”\n\n“有奖励分哦”\n\n“建议助教老师也参加考试”\n\n为啥不能打零分呢？
149801,3190,周婧,2022-01-17 04:00:51,2,2,0,上的老师的人形，讲的很好啊，给分也很不错，爱老师!
150008,6753,王赵琛,2022-01-18 09:17:48,1,3,2,老师非常认真负责，写的论文会有详细的回复，讲课干货多多有助益。
150031,1645,余沛霖,2022-01-18 12:01:28,3,3,0,老师很温柔知性，是理想型（bushi）
150035,2832,金明娟,2022-01-18 13:02:31,13,16,3,讲课挺热情的，但是会变着法子折磨人，给分极差，不仅没有平时分，而且恐怕总评甚至没有期末分高。不建议选。
150231,3694,陈光弟,2022-01-20 17:03:13,7,12,5,那些骂陈老师的人你们有没有对比过其他老师，平时课后小测让你抄十分钟前面的PPT就行，就一次小组展示和一个小考试你还嫌多？那你来浙大干嘛？考试前把PPT看一遍就是咯。8个人弄一个5分钟的PPT能累死你？虽然上课挺无聊，采访一下答不上来又不会记你名字，下面垫本数学呗。最后给分还不错，副院长还是可以的！
150246,2105,杨芊,2022-01-21 01:34:24,16,21,5,幸福心理学，事少给分也少
150270,3694,陈光弟,2022-01-21 07:20:31,5,6,1,给分很好
150278,3694,陈光弟,2022-01-21 09:06:34,6,6,0,上课比较轻松，只要用一点心，小测和考试都没问题的（如果上课划水那不会也没办法了）\n\n老师上课有点小幽默，也比较关心学生\n\n有一个认真的态度是最重要的
150281,2746,李秀央,2022-01-21 10:17:32,14,16,2,平时屁事一大堆，两个创新大作业随机分组，一个调查问卷统计报告带展示，平时每节课下去都还有去知道测试，知道里面还两节线上课要刷，这么多事情期末一看平时分占比百分之三十？，你一两学分的课这么多破事好意思吗，理论课一周来一周不来，平时上课全在那提问互动，理论知识什么时候讲？自己看线上课。考完试知道APP还有个线上考试，问做不做说做了有奖励分，算入期末成绩，结果还没到截止时间期末成绩已经出了，耍猴呢？
150283,2746,李秀央,2022-01-21 10:51:38,2,2,0,哈哈哈哈哈哈
150284,2746,李秀央,2022-01-21 11:11:52,2,3,1,傻逼老师，给分巨差，事情超多，不好好上课。。。。。狠狠拉我主修
150311,2034,沈筱筠,2022-01-22 07:34:06,1,2,1,完全不知道老师是怎么评的分……外专业不建议当通识或个性
150332,1451,夏大静,2022-01-22 15:32:35,3,3,0,ctmd，被正态了。。。。同样划水摸鱼，有的人4.8，有的人三点多一点点
150358,1451,夏大静,2022-01-23 05:18:03,4,5,1,夏老师和胡老师特别负责人，十分专业，讲课十分认真，能学到很多知识。不过非常需要小组配合，一个冬学期8节课，大概有5节都需要小组展示。期末是开卷考，不难，但可能会涉及小组展示的知识。我是纯文科生，刚学这门课真的是一点听不懂，到看看工作细胞这个动漫之后还会了一点，只要好好看ppt，期末就没啥问题。本纯纯文科生，期末居然还有4.8，老师捞了我一大把。
150430,6028,Stijn van der Veen,2022-01-25 05:36:20,2,2,0,来自荷兰的帅哥教授
150512,6303,冯晔,2022-01-28 05:33:59,-22,2,24,这门课就是一个傻逼 我操你妈了个逼的
150529,3694,陈光弟,2022-01-29 03:52:19,0,1,1,老师上课比较水，比较喜欢采访，但是答不上来没关系，不记名字，给分也还算不错，期末考就6道题，而且其中有一两道是开放题型，小测也是开放题
150531,3694,陈光弟,2022-01-29 04:11:52,1,3,2,老师上课很无聊，事情很少，会点名，不要坐在老师能递过来话筒的地方，小测开卷书上都有（比谁手速快），展示题材很容易，但是一定要多问问题，平时没听过课期末考前2天背PPT，虽然出分有点慢，但是意外满绩了，谢谢老师！
150580,3694,陈光弟,2022-01-31 01:13:33,3,4,1,好好做PPT，期末多扯点就给分还行。其他不予评价
150609,3694,陈光弟,2022-02-04 06:33:13,2,2,0,讲一下前面同学说的加期末考，老师一开始就讲了有闭卷考试的，本来在最后一节课，但是因为考试周提前冲掉了所以才安排在元旦。
150613,3765,李颖,2022-02-04 15:10:37,1,1,0,只能说内容水给分差，快跑快跑
150636,4984,王良,2022-02-06 13:50:49,7,8,1,讲的超级好！是我专业课到现在讲的最好的老师，也是我唯一会听的专业课！最后94，给发也很好😭😭😭🥰🥰🥰
150644,314,那仁满都拉,2022-02-08 16:09:09,4,9,5,大爱那仁老师，老师超级有趣，上课可以学到很多东西，是手动签字点名，最后给分好极了，推荐大家选这门课（上善若水）
150737,6347,李相尧,2022-02-16 08:14:11,1,1,0,讲的挺好的
150788,5659,李学坤,2022-02-18 14:28:48,7,8,1,真的很负责任，对学生的评价与建议真的很上心
150922,3116,赖蒽茵,2022-02-21 05:55:03,6,6,0,怎么会有上课前25分钟把午睡的同学吵醒的？前15分钟就让我们起来签到了...
150927,3694,陈光弟,2022-02-21 06:06:34,7,8,1,给分真的变好了，听说前两年给分挺迷的，但今年真的很不错！平时偶尔发言，期末考看PPT，基本没问题
151008,4906,谷岩,2022-03-01 04:30:45,6,6,0,如果我有罪，请让法律来制裁我，而不是让我上谷老师的课。
151020,6704,王秀君,2022-02-22 03:47:51,0,0,0,分是真低……
151072,5868,吴一华,2022-02-22 16:17:48,15,15,0,老师可爱的很，小仓鼠一样永远一脸和善，嘿嘿嘿好想捏捏脸，饮食与人类很轻松很开心！
151196,6321,胡玮琳,2022-02-24 08:50:51,4,4,0,老师好好QAQ，讲课非常清晰，干脆利落
151218,4442,周天华,2022-02-25 01:15:48,1,3,2,特别幽默的相声大师！太有意思了，对自己擅长的领域特别有激情！还喜欢跟同学互动
151221,6058,高志华,2022-02-25 02:25:08,7,8,1,老师讲的很清楚，课上还会拓展讲一些有意思的小故事\n\n很好的老师
151244,7259,钟贞,2022-03-04 06:53:44,17,19,2,真就废物一个，话都说不清楚，PPT念都念不顺，小测想一出是一出
151283,3405,沈颖,2022-02-27 13:50:49,3,3,0,课是有趣的，老师是博学的，收获是颇丰的，但绩点是裂开的
151342,3302,翁莉霞,2022-03-01 01:38:11,6,6,0,第一天上课 九点半 室友告诉我他们班做完下课了 我们还在讲理论。。。。。。。。。。退钱！！！！！！！！！！！！！！！！！！！！！！！！！！！！！！！！！！！！！！！
151418,2337,陈玮,2022-03-03 02:03:52,9,9,0,陈老师非常和蔼可亲，讲课会让你感觉如沐春风。课件做的很好，备课也很用心，可以算是医学院为数不多认真教学的老师了。
151441,3302,翁莉霞,2022-03-03 08:14:08,8,8,0,enmmm把两节的课，上成了一个下午
151442,3302,翁莉霞,2022-03-03 08:16:40,20,22,2,两点五十结束的课四点半了连理论都没讲完\n\n我还等着采血呢\n\n直接往我大动脉上扎算了😅😅😅
151443,3302,翁莉霞,2022-03-03 08:22:57,9,9,0,废话文学带师，超长时间续航，实验课上讲理论，大悲咒高速神言，老师您加把劲应该能把初音未来的消失完整唱下来捏😅😅😅
151471,3302,翁莉霞,2022-03-04 04:54:21,2,2,0,角色：灭绝师太\n\n稀有度：钝角\n\n唯一主动：飘雪穿云掌，技能发动时，延续敌方的流血状态，持续时间（1.5+3）小时\n\n唯一被动：阴阳剑法，峨眉镇山功法，共一百零八手，内含繁复原理，所视者轻则神志迷离，重则昏厥不起\n\n评价：加量不加价，建议在前期选用
151482,3450,徐向荣,2022-03-04 12:27:48,0,0,0,哈哈哈哈哈哈哈，
151487,3302,翁莉霞,2022-03-04 14:32:04,2,3,1,牛马老师，一个半小时的课硬生生讲到四个小时，请问你上辈子是没讲过话吗？\n\n一个实验老师好好地讲实验不好吗，非要自作多情讲理论，你是不是觉得理论课老师都像你一样尸位素餐？？？\n\n很好，下一次实验课还是你，很好奇你可以整出什么幺蛾子，敬请期待好吧。\n\n我倒要看看你的评分会不会再次俯冲
151541,8693,赵鹏,2022-03-07 05:34:47,1,1,0,你赵鹏什么的都在踢中卫，他能踢吗？
151562,5495,刘婷,2022-03-08 00:59:42,2,3,1,我原来以为我的细生没救了，直到我遇到了刘婷老师
151610,5723,冯友军,2022-03-09 09:32:09,6,6,0,...
151641,1532,胡小君,2022-03-10 06:59:51,0,1,1,上课极其无聊
151643,7360,杨静,2022-03-10 07:18:50,14,19,5,（大英）杨老师给分非常好，人也很温柔，在第一次小测拉胯的情况下靠老师给作文打出的让我受宠若惊的高分，拿了4.5，谢谢老师
151691,6729,汪军,2022-03-12 07:36:10,0,0,0,感觉老师讲的蛮好，书上的都涉及到了，基本上听他讲完就不用花太多时间看书啦
151712,6650,钟近洁,2022-03-13 11:03:12,0,2,2,讲的好好呀，喜欢
151727,6028,Stijn van der Veen,2022-03-14 02:39:22,0,0,0,帅🤤
151739,2746,李秀央,2022-03-14 10:42:33,6,8,2,老师讲课的音色，声音的频率好难受，我要精神衰弱了，而且讲课好混乱，理解不了，是不是表达和我们有代沟
151740,5408,林旭瑷,2022-03-14 10:43:04,-1,0,1,实验报告ddl忽然提前真的很无语
151759,2453,骆严,2022-03-15 00:40:17,5,6,1,真的sb
151770,6252,史鹏,2022-03-15 05:40:33,10,11,1,ppt喜欢放图，感觉知识接受的跳跃程度很大，上完课一脸懵逼
151771,6252,史鹏,2022-03-15 05:40:33,2,3,1,ppt喜欢放图，感觉知识接受的跳跃程度很大，上完课一脸懵逼
151928,2453,骆严,2022-03-21 04:18:36,2,3,1,屁事多，拖堂
151929,2453,骆严,2022-03-21 04:18:10,0,2,2,屁事多，拖堂
151947,2746,李秀央,2022-03-21 11:23:57,4,6,2,口音诡异，没有逻辑，磕磕巴巴，时高时低。
152045,4972,陈伟,2022-03-24 03:29:46,4,4,0,生物力学 讲得蛮有意思的\n\n本硕浙大工科的老师，博士做的生物 太牛辣
152124,5910,刘杨,2022-03-28 01:16:00,-3,5,8,讲了半天不知道在上什么，双手插口袋里能把课讲好？
152152,3302,翁莉霞,2022-03-29 03:21:16,3,3,0,只会念ppt，内容言之无物，只会浪费你的时间，选这个老师，建议戴耳机，看一部电影
152153,2453,骆严,2022-03-29 03:21:49,3,3,0,老师太强，是我太菜
152155,2453,骆严,2022-03-29 03:38:03,7,7,0,老师上课很有激情，上课语气和说话节奏听得很费劲？？（可能是我太菜）
152158,3302,翁莉霞,2022-03-29 04:22:57,4,4,0,上翁老师的免疫实验课，是一种身心折磨
152165,2436,余海,2022-03-29 07:06:10,1,1,0,老师讲的真的很好，医学生建议好好听一听，可以看出来老师非常有学识，而且非常幽默，英语也很好。可惜上课同学都在写自己的作业。
152181,2746,李秀央,2022-03-29 13:48:02,3,5,2,lxy什么时候退休啊
152257,1770,孙文均,2022-03-31 13:23:35,3,3,0,课讲得没问题。
152263,2453,骆严,2022-03-31 23:57:16,2,2,0,已读不回
152270,3662,郑莉灵,2022-04-01 05:51:14,0,0,0,很好的老师，很温柔
152312,2453,骆严,2022-04-03 08:07:24,-4,1,5,好老师啊
152417,5452,白戈,2022-04-10 02:09:44,-4,2,6,老师超有逻辑，真的能分享很多inspiring的点子，而且也很有亲和感有魅力
152518,1092,沈岳良,2022-04-14 01:14:46,2,2,0,怎么说，各论1像在讲空话，我脚趾抠地抠出一座魔仙堡。
152536,7259,钟贞,2022-04-14 07:07:21,14,14,0,快逃！！！
152574,13,张咸宁,2022-04-15 02:34:52,2,2,0,一年过去了 还想上咸宁老师的课
152582,1059,王福俤,2022-04-15 06:02:31,6,7,1,第一次的查老师评分给这个sb老师，真真无语，为什么没有0分？？选了一门医学院开的通识课偏偏就遇到这么恶心的老师，想吐！！\n\n1上课空洞无物，几乎没有什么实际内容。不仅学无所获，还精神折磨！呕呕呕！！！\n\n2.明明有PPT可以提前准备好内容，结果却变成了现场提问同学，让同学现场百度，搜索资料，再讲给大家？那要你何用？？每次他上的课都会没有东西可讲，只能吹牛，胡说八道来拖延时间 \n\n3.不停地吹嘘自己履历有多么厉害，不停地推荐自己团队的微信公众号，不停地放自己和名人的合影，频率之高让人没有钦佩，只有恶心 \n\n4.个人作业布置像是在开玩笑，为了拖延时间让同学们一个一个展示自己的作业，结果现场评分是他喊等级，同学们喊好，看哪个等级同学喊的声音最大就是哪个等级？？我们不是小学生，上课不是在玩游戏！非常的不负责任，非常无语！！！\n\n解码长寿这门通识课上一共来过4个老师，就只有这个sb来的课时数最多，凭借一己之力拉低整个课程观感度，恶心！！
152622,3302,翁莉霞,2022-04-16 06:52:20,5,6,1,虽然翁老师讲课巨慢，会非常啰嗦地硬讲一大堆理论内容，能把两小时的免疫实验上成四个小时，不过，做实验的时候还是很有耐心地指导的，很和蔼脾气好，帮助学生解决实验中的问题，目前的评分有点太难看了，打个高分中和一下吧
152632,7259,钟贞,2022-04-16 15:23:58,9,9,0,真的千万别来
152635,2337,陈玮,2022-04-16 16:03:50,6,6,0,陈老师讲课思路非常清晰，备课非常用心
152666,5723,冯友军,2022-04-18 02:16:32,18,18,0,怎么不能打负分啊 什么自高自大的傻逼 就你厉害 我们都丢脸 讲的每一句话都让人浑身难受 傻逼
152672,2494,邱爽,2022-04-18 03:58:33,0,0,0,讲得真的很清楚，点赞哦
152695,2550,申屠建中,2022-04-18 11:36:12,1,1,0,教室里怎么有股柠檬味？\n\n——原来是申屠老师在讲课啊。
152725,1880,赵璐,2022-04-19 02:34:33,1,1,0,上的是老师的通识课，老师很负责任，最后的打分也很公平细致透明，上课的内容也很充实，能感受到老师真的是喜欢生物的，不仅仅是应付式的上课。而且老师很漂亮温柔，也很有智慧，上老师的课是一种享受
152738,1556,王鑫慧,2022-04-19 05:36:37,2,3,1,老师你怎么了，第一节课就不来上课，我就喜欢你这么摆的老师～
152780,2973,张晓明,2022-04-19 14:58:13,1,1,0,"你看这个，""啵""，就没了。老师真的真的真的信手拈来，局解就是他！"
152840,6650,钟近洁,2022-04-20 10:38:39,-40,5,45,写个破实验报告怎么那么多要求啊，什么鬼啊小组互评，别的老师都没那么多事儿，麻了赶紧上完组胚部分，这要求真恶心
152868,6650,钟近洁,2022-04-21 04:53:19,4,4,0,。。。
152957,1416,沈晓红,2022-04-22 10:45:09,1,1,0,课很有趣，认真听可以学到不少东西的！
153157,1702,毛峥嵘,2022-04-26 09:05:21,10,10,0,非医学院的慎选
153165,3069,柳华,2022-04-26 10:26:53,3,3,0,老师人美讲课好，给分也好，一学期班级里2/3的人总分90+，另外22年春学期没搞TBL
153284,13,张咸宁,2022-04-27 11:26:48,0,0,0,好好好
153289,1059,王福俤,2022-04-27 14:19:07,1,2,1,如果房间里有一把手枪，两颗子弹...
153332,7770,曲凡,2022-04-28 06:48:06,18,20,2,我的超人！缺少国际化模块学分的选他的中医学基础就对了！外专业也能听懂，不用担心。
153343,1416,沈晓红,2022-04-28 08:46:15,0,0,0,医学心理学，只去过一次不点名，期末就ppt硬背，背完就可以，最后给分很好，但是期末背起来还是有点痛苦的，考试内容很细
153363,2453,骆严,2022-04-28 13:48:10,2,5,3,心浮气躁，心高气傲，好高骛远，粉饰虚张。大师之才有余，却无大师之虚怀若谷。
153364,5659,李学坤,2022-04-28 13:52:05,5,7,2,开头以为是个来和我聊天的怪叔叔，结果发现是老师，哈哈哈哈哈哈哈哈哈，挺在意学生感受的负责好老师。
153387,2453,骆严,2022-04-29 02:22:48,7,8,1,老师教学很认真，课后也回答了同学问题，除了措辞比较高傲以外...老师还是不错的
153395,2746,李秀央,2022-04-29 04:11:10,1,8,7,所有肮脏恶毒的词汇用来形容这个像棺材里倒出来的老太婆都不为过hhhh
153396,2038,周旭东,2022-04-29 04:11:58,0,0,0,儿少给分真的还挺好的，就蛮好的，基本没咋复习，从没听过课
153448,1556,王鑫慧,2022-04-30 03:51:51,0,0,0,健康促进。事少给分好，上课体验还不错，多多少少可以学到点东西。分数只看最后的pre，所以个人觉得想水的可以选。
153450,5527,冯钰,2022-04-30 05:31:14,-1,0,1,真的挺好的
153486,1770,孙文均,2022-05-01 14:45:34,1,1,0,感觉课上得OK，也比较自由，给学生自由的权力。不觉得另一种学习方式会差。所以给10分。
153531,3302,翁莉霞,2022-05-04 02:30:18,5,6,1,希望后来者不要再体验看着隔壁提前三小时走掉的痛苦。我焯为什么移液枪也要讲啊啊啊啊啊啊啊
153611,5495,刘婷,2022-05-06 02:44:51,3,3,0,刘婷！我的女神！！！
153639,2746,李秀央,2022-05-07 01:18:45,4,6,2,给分改进了啊，宽容了许多。缺勤三次，期末满分50拿了25.3（看了一晚上zsy资料，操作题除了三线表每一个弄出来，三线表还没写表题），最后77，3.3，呜呜幸好最后的考试没有斩杀线
153642,1802,鲁林荣,2022-05-07 02:01:58,1,1,0,好喜欢鲁老师
153704,1065,李立伟,2022-05-09 02:38:35,2,2,0,老师真的很好，讲课很细致，很有趣，非常引人入胜，能够让人不睡觉哈哈哈哈
153717,5392,龚哲峰,2022-05-09 06:37:31,3,4,1,老师其实讲的真的很好，坐前排就可以听得清了。而且老师人很好呀！
153720,5277,周煜东,2022-05-09 08:53:05,3,3,0,呃呃呃
153782,7881,徐小林,2022-05-11 02:50:04,-2,2,4,课还好，但是朝令夕改，很主观。
153808,1702,毛峥嵘,2022-05-12 00:04:01,2,3,1,毛老师作为病理学系的一名老师，专业素养是过硬的，同时对待教学也非常严谨。有幸上过毛老师的各论1，比较1，医疗纠纷和法医学，老师每节课都上得非常认真，风格甚至会有些像高中老师。但是，各论和比较应学院要求，是全英文的，孩子有些看不懂。建议有需要的同学上sloffde下载她前几届的PPT
153836,2096,罗依惠,2022-05-12 12:48:17,-7,4,11,老师超级好，上课很用心，干货满满，值得一选，对工科生很友好。作业也很好，给分非常好，lyh老师yyds！！！！
154004,3834,夏宏光,2022-05-19 01:37:34,1,1,0,很有趣的老师，但是我上课全在听故事了
154024,2146,余运贤,2022-05-19 12:34:01,0,1,1,每次课都要拖半小时（流汗黄豆）
154121,5901,王绪化,2022-05-24 03:56:54,7,11,4,老师您语速这么快嘴巴不烫吗QAQ
154123,5901,王绪化,2022-05-24 04:19:05,-18,3,21,他是我们班主任。这学期应该是他第一次在浙大给本科生上课吧，但是我觉得讲得很有活力，视野很开阔，显得老师本人很是专业。学生帮顶！
154124,5901,王绪化,2022-05-24 04:24:30,14,17,3,实在受不了了 鉴定完毕
154138,5559,金静华,2022-05-24 11:40:32,-1,1,2,神生讲的不错，老师人也很好
154162,1059,王福俤,2022-05-25 02:42:43,3,3,0,不要不要不要拿解码，要你解读论文，文科生解读医学论文真的想s
154172,3302,翁莉霞,2022-05-25 04:31:43,3,3,0,牢底坐穿了😭😭
154177,1059,王福俤,2022-05-25 06:26:11,3,3,0,有病简直 全勤 还回答问题 个人展示也是A+ 小组展示也不错 最后 3.3 发邮件也不回 上课除了自己吹自己还能干嘛 快跑
154235,2832,金明娟,2022-05-26 14:38:10,13,13,0,…懂得都懂
154269,3694,陈光弟,2022-05-27 13:55:47,7,7,0,虽然他在实验课上让我当模特让我很尴尬，但至少夸我帅了^^
154276,1092,沈岳良,2022-05-28 03:16:37,4,5,1,呵呵 老师在小红薯可是个大v呢
154302,3712,周以侹,2022-05-29 13:34:33,2,2,0,老师真的很好！
154303,3712,周以侹,2022-05-29 13:37:28,3,3,0,老师真的很赞很温柔！很细致很细致，对每个学生都很有爱，称呼小家伙，讲课也很精要，也会给大家拓展，评分没有10我不认可！！
154324,6271,刘怿君,2022-05-30 07:11:47,7,7,0,讲到现在生理学讲得最好的老师，课件上有流放宁古塔xswl（看来老师也是甄学家）
154325,1416,沈晓红,2022-05-30 08:31:23,4,4,0,老师非常好，上课很有趣，听老师讲课不会后悔的，对我们的未来很有用。
154384,6303,冯晔,2022-05-31 11:32:00,3,3,0,冯老师真的超赞\n\n上课非常风趣\n\n说到开心的地方还会手舞足蹈，会笑到趴在讲台上直不起身
154422,2034,沈筱筠,2022-06-01 07:08:32,7,7,0,期末前一周多一点点通知要多写一个报告，再期末前6天改考核方式写折页？真就张口就来呗？合着大家其他课都别上，专门妇幼保健好了。\n\n本来感觉还挺有收获的一门课。\n\n发言也很奇怪，说是“可以做ppt”，结果不做ppt的人分就低了。后面发言的人和前面发言的内容重复的，还要临时改内容（总不能再说一遍吧），分也低了。小展示就说明白是小展示啊，干嘛要让大家从发言开始卷啊？
154587,1451,夏大静,2022-06-02 09:03:45,5,6,1,老师很负责，每次上课都准备很充分，希望为同学带来知识，文科生听听也很不错的
154651,1756,杨敏,2022-06-03 01:25:31,1,3,2,不推荐
154652,1756,杨敏,2022-06-03 01:25:30,2,3,1,不推荐
154701,9184,高阳,2022-06-03 16:59:23,2,4,2,大傻逼
154705,3482,陈莹莹,2022-06-04 01:50:02,2,2,0,老师超级美！！！人美心善给分好
154790,2739,唐修文,2022-06-05 11:26:29,0,0,0,这均绩是不是有问题
154864,6650,钟近洁,2022-06-06 08:59:30,3,4,1,补课中，老师讲得实在太透彻了！逻辑很清晰，好厉害
154930,2105,杨芊,2022-06-07 03:09:10,-6,1,7,挺好的老师
154964,7360,杨静,2022-06-10 02:42:07,5,6,1,老师真的很好哎，连着选了两个学期她的课
154971,6753,王赵琛,2022-06-07 07:17:57,1,3,2,课程作业一篇论文一次小组自己录视频的展示，平时到课听课靠情怀（）但是老师很温柔课讲的也很好！很喜欢，，
154980,3694,陈光弟,2022-06-07 08:01:18,0,3,3,没有这么可怕吧，感觉是挺和蔼正常的一位老师，除了上课会走来走去采访同学...其他的都还不错，期末考试闭卷，至少要复习一下。给分总体还行，不至于很差。
154985,7658,刘足云,2022-06-07 08:31:47,7,9,2,我来了
154986,7658,刘足云,2022-06-17 07:54:39,10,14,4,《不要评太低啊》\n\n这课上完之后能初步学会怎么用spss做线性回归和卡方检验哈哈\n\n虽然小测不太会写但是展示好好准备最后可以拿很高的分的🥰🥰
154996,2746,李秀央,2022-06-07 09:09:58,1,3,2,垃圾，这么大年纪的人了话都说不利索，事情烦又多，打断嘲讽他人发言，重新回去学学做人吧
155115,13,张咸宁,2022-06-08 11:56:54,1,1,0,有情怀的庸医
155193,7360,杨静,2022-06-09 07:37:52,9,10,1,老师太有心了，真的很棒的老师，学期末将我们的书评编成册，太爱了
155202,7360,杨静,2022-06-09 09:19:35,5,6,1,如果你搜索的是大英三、四的杨静老师，别犹豫，选她，真的棒真的棒！非常温柔体贴学生，上课也很有意思，期末会有惊喜！
155218,6753,王赵琛,2022-06-09 12:01:06,1,3,2,好老师，选跨专业课强烈推荐！
155231,2146,余运贤,2022-06-09 14:04:15,2,3,1,口音确实是槽点，但看得出来对授课还是很热情的，并不是直接念ppt的老师，可能是受限于课程吧。。。
155241,2973,张晓明,2022-06-09 16:01:22,0,1,1,人体结构功能与健康 课程挺好的 老师也很好 但是期末考教材没选好就很不友好
155242,611,李仲杰,2022-06-09 16:31:43,2,5,3,老师确实有很多可以被吐槽的地方，比如上课还没开讲就让学生自己去讲，比如会在你回答问题的时候打断你让你跳过不重要的部分，比如作业留的时间贼短，确实很让人感觉不爽。但是他也有很棒的地方。比如每次上课前要求你预习，要求你做一次测试，上课的时候会带着大家看每一个组胚的结构，下课让你再测一次，就很明显的能看到自己学会的东西。本人组胚本来很薄弱，但是真的在他这种高要求下学的还算比较透彻。所以，现在李老师被打的低分我觉得有点过了
155244,7360,杨静,2022-06-09 17:40:19,4,5,1,杨老师😢怎么能这么好😢上课有内容，对学生还很体贴……我永远爱她😢
155260,6704,王秀君,2022-06-10 02:17:23,1,1,0,上课东北腔有点，问题不大
155279,2746,李秀央,2022-06-10 06:19:25,6,6,0,老师说话有点不清楚，听的人昏昏欲睡
155280,2038,周旭东,2022-06-10 06:21:42,2,3,1,卫生事业管理，老师真的长得好帅，眼界也广，说话很舒服，作业是几次思考题加上一篇大论文，我写的可能不是很用心，3.9，不上不下。
155310,5271,王杭祥,2022-06-10 13:20:24,5,8,3,事态不明朗，先不能妄下结论，蹲一👋
155325,7360,杨静,2022-06-11 02:38:40,6,7,1,杨静老师（大英）真的是我的神啊！真的很好，不要犹豫，赶紧选
155448,7360,杨静,2022-06-13 04:28:11,6,7,1,杨老师，我的温柔女神😭我怎么这么爱你啊！！上课认真负责有魅力，钉钉回消息也超快！！看见大家上课参与度不高也不会强求，不强制发言，每次我站起来说大半都是杨老师补充的😖学期末还给我们准备小纪念品呜呜呜呜呜女神快选！！！
155465,3694,陈光弟,2022-06-13 07:43:07,5,7,2,健康中国三步走！！！
155494,1092,沈岳良,2022-06-13 14:14:30,7,8,1,沈岳良！你什么时候才能退休啊！全职做网红算了！
155532,2436,余海,2022-06-14 05:28:02,2,3,1,论文达到字数上限了，每节课也是坐在最前面听的，最后绩点3.6，有些通识课确实是给分有些随意吧
155594,1092,沈岳良,2022-06-14 14:14:53,2,2,0,是真的啥都不讲：）
155617,3694,陈光弟,2022-06-14 16:02:14,-1,1,2,还行吧，上的公共卫生导论，课很水很无聊，但也没有那么不堪。打个6分。
155621,6340,白瑞良,2022-06-14 16:44:41,8,9,1,我来第一个评分\n\n白白胖胖的老师
155722,1065,李立伟,2022-06-15 10:56:10,0,1,1,寄生虫部分讲得是真的好555555
155723,751,林旭瑗,2022-06-15 10:57:12,1,1,0,我觉得讲得挺好的啊，思路清晰而且PPT有重点
155789,7360,杨静,2022-06-16 03:52:55,8,9,1,就冲杨老师上课巨巨巨温柔的方式我就要给她打10分！！！
155791,7360,杨静,2022-06-16 04:04:27,5,6,1,真正的宝藏老师！
155826,2146,余运贤,2022-06-16 07:02:57,-1,1,2,不管讲课还是ppt都没什么条理和逻辑。。。比其他老师差多了的感觉
155868,2436,余海,2022-06-16 10:47:36,3,3,0,给分不大行，论文写了，每节课到了认真听讲而且都坐前排，而且也没有发言的要求，最后直接拖低我的均绩0.1，慎选
155958,7658,刘足云,2022-06-16 21:06:02,6,8,2,老师给分超好，而且老师上课讲得很清楚，人也很耐心很好，是真的希望我们学到东西。考核方式非常轻松，谢谢老师！
156004,7658,刘足云,2022-06-17 05:36:58,10,12,2,给分也太好了！老师上课真的很用心，来巩固统计学基础非常不错！
156013,7658,刘足云,2022-06-17 06:11:29,4,8,4,给分是好滴，4.5轻轻飘过
156014,7658,刘足云,2022-06-17 06:05:30,7,9,2,事比较少，给分巨好
156015,7658,刘足云,2022-06-17 06:06:57,7,9,2,虽然是新开的一门课，但是老师一直都在很努力地想完善丰富这门课，对待教学非常认真。并且事少给分高，统计学内容也不会太难，大家快冲啊！！！
156024,6753,王赵琛,2022-06-17 07:09:57,-7,5,12,呃。。。上课就坐着对着电脑念，基本没啥人在听，最后给了个垃圾绩点。。。
156027,7658,刘足云,2022-06-17 07:27:17,7,9,2,嘿嘿嘿，给分好，事情少🤓
156029,7658,刘足云,2022-06-17 07:28:47,7,10,3,给分超好，事少，卡方检验和logistics 回归要认真听，每堂课都要到因为会有两次小测，小测都是刘老师课前会说的，不用太胆战心惊，助教姐姐也很可爱。尤其是有统计学基础的同学，选这门课不亏。
156043,7658,刘足云,2022-06-17 08:12:16,5,7,2,事情少，给分高。两次小测加期末展示，小测可以翻书，请给我来选！
156044,7658,刘足云,2022-06-17 08:17:09,6,7,1,不多说别的趁还没火赶紧选，课程轻松愉快给分高
156047,7658,刘足云,2022-06-17 08:31:20,4,6,2,选到就是赚到嘿嘿
156050,6753,王赵琛,2022-06-17 08:46:26,3,3,0,不点名，有一个小组合作的任务和一篇主题论文，各占五十，但可能我论文写的不好
156055,7658,刘足云,2022-06-17 09:03:03,2,4,2,给分很高，只要期末PPT汇报好，就算平时出勤低一点，总分也不会低，快冲啊，你想分高分的，或者只想简单得到学分的，都很容易！
156057,6753,王赵琛,2022-06-17 09:04:52,6,8,2,今年考核方式变了，了解了一下周围人的情况，感觉今年给分并不是很好？
156060,900,周俊,2022-06-17 09:11:47,-2,1,3,谢谢老师组胚给了那么好的分数
156066,6753,王赵琛,2022-06-20 01:32:03,7,13,6,单从给分来讲，给分并不好\n\n而且出分很慢，春学期的课，夏学期考试周了才出\n\n127个人的班，上90分的只有4个，122个人都在80-90分之间👎🏻
156073,7658,刘足云,2022-06-17 10:55:48,0,2,2,事少分高，童叟无欺，快来选购
156118,7360,杨静,2022-06-17 15:24:21,10,10,0,杨静老师真的好的没的说，是我大英三预置的老师。第一节课课后我跟她反馈说听力有些跟不上，她第二节课就在班上告诉大家不要急，讲了一些建议。老师很温柔，业务能力很强，平时事少不点名，给分也很好。可惜老师大英四的上课时间和我的专业课预置课程冲突了，很遗憾不能选老师的大英四。在大英三结课了很久之后，我在某一天还突然收到助教姐姐的钉钉，专门给我反馈了我大英三上完后情况，真的是好用心好用心。很爱老师
156132,6753,王赵琛,2022-06-18 02:00:25,1,4,3,王老师专业能力强，上课温柔，课后会找你探讨~，最喜欢发“~~~~~~”；这门课适合各个年级医学生选择，给分高，事情不多，论文认真写就好啦~~~
156165,6753,王赵琛,2022-06-18 04:02:41,3,4,1,我吹爆王老师！！！！人超级好超级温柔！！！课上得很有意思！忘记交作业老师也愿意再收我的作业！他真的，我哭死
156185,7658,刘足云,2022-06-18 05:52:55,1,2,1,好耶，嘿嘿嘿
156221,611,李仲杰,2022-06-18 09:18:23,1,5,4,李仲杰老师真的很棒，组胚假如没有他我不会学的那么认真，也感谢老师给了那么好的分数
156258,6753,王赵琛,2022-06-18 13:46:15,4,4,0,今年感觉给分并不好，而且小组作业真的感觉有点像是一个人的作业，最后得到的成果也不太行，周围一圈人给分都一样，没达到预期
156262,5495,刘婷,2022-06-18 14:02:15,3,3,0,老师讲解太清晰了，ppt做得很清楚，讲课也很清楚，一看就备课特别认真。讲的能听懂重点突出。老师好优雅好认真
156312,3116,赖蒽茵,2022-06-19 02:21:41,4,5,1,老师给分很好
156332,3116,赖蒽茵,2022-06-19 06:11:18,0,1,1,你——是我的神——————！！！！\n\nsrds赖伯伯的课可以不用听哈，听了也不会懂
156334,917,王红妹,2022-06-19 06:13:55,3,3,0,没缺过课，作业认真做，考试是开卷，不知道为什么分数一塌糊涂，兄弟们慎选社会医学
156362,3116,赖蒽茵,2022-06-19 08:26:51,-1,0,1,虽然讲课确实不好，但是人很好，没脾气，不点名，给分好！！
156374,5868,吴一华,2022-06-19 09:18:28,4,4,0,老师很可爱！上课很有激情很有活力，给分也很好！开卷考试+一次展示，只是时间不太好排课
156412,3854,孙启明,2022-06-19 12:52:37,2,2,0,好！大暖男！
156465,7658,刘足云,2022-06-20 01:56:30,2,3,1,刘老师很用心地备了课，上课幽默风趣，也学到了很多东西，课程据说也还在继续优化。事少分高，可以打好统计学基础，为之后假如搞统计相关的科研提供帮助，同样的统计学课程的话，张奕老师的《应用统计学》也不错，但事情比较多，比较专业。我觉得，假如想了解统计学的话，这两门课程选修都还不错。
156525,5495,刘婷,2022-06-20 07:25:38,3,3,0,细生技术实验的指导老师，又耐心又温柔，邻家大姐姐的感觉，讲课也很清晰，不知道最后给分怎么样/呜呜呜
156581,6650,钟近洁,2022-06-20 10:26:19,1,2,1,讲课真挺不错的，个人认为在各论1的老师里面算最好的之一
156586,1366,马丽琴,2022-06-20 10:54:18,0,0,0,虽然没有上老师的比较，但是室友是她的课，一直在夸夸。各论来讲老师讲的很清楚！！人也超级好！法医学我也上了，考试内容基本都是ppt上的，其实感觉最后考前突击一下就行哈哈，能考的部分也就那么多
156587,611,李仲杰,2022-06-20 10:56:59,0,2,2,虽然态度有时候不太好，可能会在回答问题的时候凶学生，而且会整节课碎碎念，但是讲得很细也会回答问题，组胚部分我真的全都记住了，考完试还是要说，老师谢谢你！
156656,4442,周天华,2022-06-20 13:53:48,1,3,2,真的烦，为什么PPT全英文，刚好又是最难的那部分。。。。
156935,6271,刘怿君,2022-06-21 11:08:51,5,5,0,可爱的老师！
156943,2830,陈周闻,2022-06-21 11:32:50,-14,3,17,她真的，我哭死…\n\n都已经做好了形策拉低绩点的打算，没有想到出奇地好，差一点就满了\n\n🤤🤤🤤\n\n谁在跟我说陈老师给分差我跟谁急
156944,6303,冯晔,2022-06-21 11:34:03,3,3,0,大学生物学这门课非常不合理，但是冯老师一直很体谅我们，给我们减负，任务应该是所有班级里最少的，给分也非常非常非常非常非常捞！关键是，老师上课真的很风趣幽默，大爱！
157009,2830,陈周闻,2022-06-21 14:20:18,-8,1,9,没想到没写出浙大精神冬奥精神三新一高和五通，我还能有4.5分………甚至我还在答卷上把老师名字写错了（扇子笑.jpg）\n\n总之最后得分很满意了，谢谢老师
157014,2830,陈周闻,2022-06-21 14:36:32,-15,1,16,必须为老师平反，上课很有意思，思想超级深刻，给分也好诶！
157163,6426,陈家东,2022-06-22 06:14:01,3,4,1,比较严苛，但老师人很好
157439,751,林旭瑗,2022-06-23 08:28:42,0,0,0,讲课挺好的
157443,1645,余沛霖,2022-06-23 08:52:15,1,1,0,老师人很好，看到班上来的人少，考虑到了有的同学可能被隔离的因素，为了公平起见也不点名。每堂课都去了（最好不要翘课中途会放有关期末考的视频），截止日期前mooc二倍速花了好几个晚上认真听了一遍感觉收获很大。最后绩点没有辜负我花费的时间，最后表白余老师真的人美声甜心善（给了很多补救机会还安慰我们慕课题目占分不多）
157460,5495,刘婷,2022-06-23 09:38:37,3,3,0,这还不给个十分qwq
157787,1556,王鑫慧,2022-06-24 23:21:45,0,1,1,老师人很好，上课也科普了很多医学知识。平时也没啥作业，想水的可以选。
157791,2364,包爱民,2022-06-25 00:14:27,3,5,2,大脑与社会，人生一课🥹
157826,1392,彭慧琴,2022-06-25 03:56:36,0,0,0,老师非常好呀，上课挺水的，作业给分好!
157903,2034,沈筱筠,2022-06-25 11:46:24,1,1,0,妇幼保健，做跨专业真的怪累的……4.5，还算一个很好的结果，可是它最后两周给我的“惊喜”工作量感觉已经超出了这门课的学分。。
157982,13,张咸宁,2022-06-26 02:56:11,5,5,0,通识，遗传医学创新简史。课讲得很好，很幽默，老师有些观点个人不是特别认同，不过他愤青的样子还是很可爱滴hhhhh。给分还行叭，是多少给多少，期末卷子（第一年）有点小难
158022,5272,王本,2022-06-26 09:13:24,4,4,0,生仪学院专业基础课，大学生物学，学的东西没什么用，事情巨多，给分差
158074,5272,王本,2022-06-26 17:05:48,0,1,1,大学生物学，这门课不知道还要残害多少人。事情无比多，给分3分，自己估测吧。反正我觉得付出回报差的很我的大分享、小分享、思维导图、论文，认认真真的东西，全部用一个76的总评回报我。不想说什么。\n\n课程设置百分比离谱，不完全怪老师。就这样
158124,2105,杨芊,2022-06-27 05:42:19,-1,2,3,课还行，给分不好
158220,4442,周天华,2022-06-27 14:08:37,-6,4,10,周老师是所有医细生老师里讲课最有激情，也最有科研氛围的了。因为老师重新燃起对科研的兴趣。
158290,5166,危晓莉,2022-06-28 05:59:20,4,4,0,老师人真的很温柔呜呜呜，我问了很多问题老师都会一一解答，考试周也会让我门继续钉钉问问题，最后我很担心挂科去问老师成绩，老师说也在担心我考不好呜呜呜，老师还说以后有问题可以继续问他，在他眼里我们就和他的孩子一样，呜呜呜怎么会有这么好的老师啊啊啊，呜呜呜，老师我好爱，都给我选危老师的课！最后我们班分数也挺好的！
158294,6650,钟近洁,2022-06-28 06:15:18,0,1,1,老师人超级好！真的很温柔捏，除了不爱看钉钉，但是问问题还是会回答，上课条理也很清楚，英文ppt也不是老师的问题吧哈哈哈，我们除了实验报告还要看文献写思考题，也是为了拓展我们的视野吧，虽然事情确实有点多，但是老师是好的，可能也是在试验课程要求
158308,5659,李学坤,2022-06-28 08:26:07,3,5,2,老师很好，不仅讲课很清晰，对学生也很好，会聊聊学习之外的事情，考试的时候也会鼓励大家，是个好老师。
158330,5868,吴一华,2022-06-28 11:03:52,1,1,0,好好好
158335,5868,吴一华,2022-06-28 11:55:42,1,1,0,【饮食与人类】老师上课非常好！教学经验丰富，而且很有气质与涵养！课程也非常有趣生动！能了解很多关于饮食背后的故事
158374,1065,李立伟,2022-06-29 00:38:23,8,9,1,一把子爱住李老师！我愿称之为医学院教学水平的巅峰😭
158382,3450,徐向荣,2022-06-29 01:22:53,0,0,0,上课不知道在干嘛
158404,1065,李立伟,2022-06-29 04:21:56,1,2,1,老师讲解超级细致，循循善诱，启发思维，引导同学们自主解决问题整理类似知识点，对于临床专业的学习有很大帮助。
158479,4814,吴晶晶,2022-06-29 14:26:08,2,3,1,老师真的超好啊，平时比较佛，作业要求不是特别高，认真的话平时分全部拿满，期末背一背就满了老师真的超好www
158480,6650,钟近洁,2022-06-29 14:28:06,1,3,2,比较一，老师很负责，对于我这种需要督促学习的人来说非常合适，下学期还是钟/竺两位老师，开心～
158482,4814,吴晶晶,2022-06-29 14:34:02,0,1,1,出分了再来感谢一波我女神
158543,1133,樊立洁,2022-06-30 06:48:10,4,4,0,导论老师自我感觉真好hhh
158609,3862,高向伟,2022-06-30 15:55:57,2,2,0,分医和卫生都很可以，卫生学更是平时作业分数拉满，一把子爱住，和隔壁弟弟形成鲜明对比
158789,2453,骆严,2022-07-02 07:46:44,2,2,0,yanluo给分真的好
158801,5659,李学坤,2022-07-02 10:17:33,5,6,1,老师讲的超级好！超级负责任的\n\n一定好好听课，好好背书！
158917,494,詹金彪,2022-07-03 08:55:13,2,2,0,给分超级好
158921,5659,李学坤,2022-07-03 09:54:42,3,5,2,好老师！
159028,5659,李学坤,2022-07-04 23:23:09,4,6,2,老师真的很负责任，会在钉钉群上补充一些供你广泛了解的拓展内容，最重要的是他会给你课后复习，课前回顾，即便是看智云也只要把他总结的那一段看完就能厘清分子生物学那部分的脉络，很有条理！！！
159082,5452,白戈,2022-07-06 02:47:41,8,14,6,给分不好，开始上课时说最后展示好坏不计入成绩考核，最后又反悔。展示完全看你有没有用高大上的检测方法，直接抄网上的文献就行了。自己认真设计的觉得合理且在自己能力范围内的实验步骤被指太繁琐。那些花里胡哨的实验方法就被夸全面。辣鸡老师
159291,5295,周民,2022-07-11 02:18:51,1,2,1,平易近人
159322,2746,李秀央,2022-07-12 16:34:53,0,6,6,有点不知道怎么说了，好像没有大家说的那么差，反正我也不怎么听课，个人作业也迟交了，但是小组作业好好做了，最后给分居然还可以。展示的时候也没有打断大家，可能是看到大家的评价了吧
159469,6303,冯晔,2022-07-22 06:46:25,0,0,0,会捞人的幽默男神！！而且事情是相对少的。如果大学生物学这门伞兵课不幸成为了你的必修课，一定要选冯男神的课，不解释！
159524,5436,曾浔,2022-08-03 07:35:51,0,0,0,老师三观挺让人无语的…
159529,5574,张岩,2022-08-03 10:23:14,12,14,2,拉胯的
159531,494,詹金彪,2022-08-04 11:02:31,0,0,0,生动有趣，好老师
159539,417,李兰娟,2022-08-07 11:47:24,0,0,0,好好好
159562,3480,徐芳英,2022-08-11 08:06:41,-1,0,1,老师很好，报告感觉要求还是蛮严格的，至少比其他班严格些，但是平时分还是不错的啦，大头还是期末和小测，多刷题没错的
159821,5495,刘婷,2022-09-03 12:32:20,3,3,0,好太好了
159842,3482,陈莹莹,2022-09-06 00:12:23,3,3,0,我爱她
160109,4286,蒋磊,2022-09-13 08:28:08,-23,0,23,没意思
160148,3482,陈莹莹,2022-09-14 00:51:23,0,0,0,太美了太美了太美了😭😭😭😭😭
160160,5294,巴德年,2022-09-14 03:29:39,1,1,0,好老师。
160168,5868,吴一华,2022-09-14 06:08:53,1,1,0,老师好棒
160339,314,那仁满都拉,2022-09-19 11:35:21,1,1,0,水水更健康
160340,314,那仁满都拉,2022-09-19 11:35:21,1,1,0,水水更健康
160362,946,韩曙,2022-09-20 08:22:09,0,0,0,很可爱的老奶奶
160392,6650,钟近洁,2022-09-21 07:03:28,6,7,1,组胚理论神中神
160440,6406,郑婵颖,2022-09-22 13:19:40,6,9,3,老师太好了，给了我们很多点子，上课很有想法，说话很和气，只要态度认真，最后分数应该不会差
160534,417,李兰娟,2022-09-26 05:31:06,0,0,0,国士无双
160558,3862,高向伟,2022-09-27 02:14:19,1,1,0,特别好
160611,222,吴希美,2022-09-28 03:03:42,4,4,0,中医黑，我喜欢
160619,4670,张雪,2022-09-28 07:48:21,-3,3,6,老师很温柔！还给耐心地回答问题！
160733,6558,高利霞,2022-10-08 06:57:51,0,0,0,高老师很可爱，但是上课真的没啥逻辑，好像没有备课一样（个人想法）
160789,6303,冯晔,2022-10-12 03:27:49,1,1,0,老师真的超级幽默，虽然有点小罗嗦但是真的很可爱啊啊啊啊，好爱，冲冲冲。打分都是同学看你表现互相评的，但老师上课真的能把无聊的知识变得很可爱呀
160804,6303,冯晔,2022-10-13 01:18:49,1,1,0,今年大学生物学改革了，任务减轻了不少。本来就喜欢生物学，听冯老师的课真的很有趣，这门课完全可以当作普化微积分之余的放松，学习很多有趣的生物基础知识，弥补了我没选生科的遗憾。最后，冯老师男神，不接受反驳！
160861,7360,杨静,2022-10-17 09:54:56,6,7,1,虽然有时点名但真的很温柔 人也很好 快选😍😍😍😍😍😍😍😍😍😍😍😍😍😡
160912,7574,肖鹏,2022-10-20 03:27:31,2,3,1,男神男神
160961,7259,钟贞,2022-10-21 03:00:32,8,9,1,讲的差还有小测，避雷这个老师
160993,8700,虞洪,2022-10-23 14:45:26,0,0,0,nnnbbb
161072,2830,陈周闻,2022-10-25 16:12:18,11,11,0,鉴于医学院行政打1分
161085,5868,吴一华,2022-10-26 06:45:51,4,4,0,😍😍😍吴老师好可爱，虽然是医学院但是人文素养真的很高！！！像一个小松鼠
161103,6406,郑婵颖,2022-10-27 04:13:32,4,4,0,老师实在太好了太好了太好了
161160,6558,高利霞,2022-10-30 07:08:21,0,0,0,纯念PPT，无语
161382,5280,徐骁,2022-11-05 13:15:59,0,1,1,这门课真的很棒，会有很多专家来授课，还有院士授课。
161383,13,张咸宁,2022-11-05 13:53:10,2,2,0,很有激情，有互动感，太难得了
161384,5868,吴一华,2022-11-05 13:59:33,8,8,0,《饮食与人类》这门课是由吴一华和夏大静两位老师上的，吴老师参与课程的70%。这门课是我见到的短学期很好的通识课之一，吴老师上课风趣幽默，人很好，课件精心制作，PPT里面视频很多而且有的视频本色出演。\n\n  这门课有1-2次小组展示，想水的话可以做一些资料搜集工作，还有一次开卷测试，占50分，开卷测试基本都是主观题，建议打印PPT，不建议手抄内容，本人当年就是手抄，又累覆盖知识点也不全。\n\n  这门课认真听的话可以拓展你对饮食的认识以及增加你看问题的视角，很有意思。\n\n  很多时候选这种通识课不要把绩点看得太重，相信自己认真来结果不会差。祝《饮食与人类》越办越好!
161395,5217,王迪,2022-11-06 02:29:31,14,18,4,老逼登，最后浪费时间做展示，考试也不提前说要英文答题
161396,5217,王迪,2022-11-06 02:30:45,9,12,3,这么难的一门课，为什么还要搞平时分
161397,5217,王迪,2022-11-06 02:44:29,-14,4,18,讲的挺好的，虽然我没听过他上课；点名也不频繁，最后一节期中考试前的展示课突击点名，一半以上的人惨遭薄纱；小组展示老师提的问题很好，就是一般人答不上来；平时分占比很高，只不过老师小组展示打分梯度很大，5分一档，哈哈，体验不错
161424,1880,赵璐,2022-11-07 01:39:48,3,3,0,赵璐老师真的是女神级别的老师！！！强力推荐赵老师的课(●°u°●)​ 」\n\n在老师的课上收获了大学的第一门满绩，更收获了很多有趣的生物知识以及敢于去交流和展示的勇气。作为Yale毕业的doctor，老师真正诠释了何为深入浅出，讲授专业知识点时不忘穿插时事热点及各种好笑的point，attractive enough and fruitful enough！
161428,5868,吴一华,2022-11-07 01:55:54,4,4,0,非常棒，周六考完饮食与人类了，全是主观题，任意发挥，只要复习过PPT基本都会
161441,6406,郑婵颖,2022-11-07 03:34:27,4,6,2,非常温柔的老师，她会很耐心地倾听每个同学的想法，就算整活也不会怎么样，就是会和同学打成一片的好老师！
161444,1880,赵璐,2022-11-07 03:58:02,2,2,0,课上完了，绩点4，8简单评价一下\n\n1 一定要发言！！！！！平时成绩占十分呢！\n\n2 论文一定要好好写 就当拓展知识面 只要有自己的想法 有逻辑 别抄袭 分都会很高\n\n3 小组展示一定不要超时了 控制好时间 内容贵精不贵多 ppt字数以一定要少一点 展示的时候要有互动 英语不好不要硬凹 讲清楚是最重要的 \n\n总之 你好好学了，老师会给高分的 努力和收获还是成正比的！
161448,5245,程洪强,2022-11-07 04:10:57,2,3,1,要求贼严
161480,1880,赵璐,2022-11-07 12:29:06,1,1,0,老师非常好，10分。给分很好（我只回答一次问题，绩点4.5，还担心过回答问题少会被绩杀，基本不是这样的）。鼓励学生回答问题，不过回答问题会很卷的…强烈建议高中没选生物的同学选！
161485,1019,郑莲顺,2022-11-07 13:42:48,3,3,0,郑妈真的yyds\n\n上课有重点\n\n钉钉会解答\n\n课后留下问\n\n总评会加分\n\n一定一定要选她~
161502,2494,邱爽,2022-11-08 01:10:55,-4,1,5,老师讲的挺好，就是给分太差。。。
161504,2746,李秀央,2022-11-10 08:15:28,5,6,1,第一节课就没绷住
161555,3616,邓红,2022-11-09 02:34:16,3,4,1,废话连篇，没有重点
161558,4814,吴晶晶,2022-11-09 04:01:49,1,2,1,老师讲课很棒，思路很清晰
161592,5277,周煜东,2022-11-09 08:24:08,2,2,0,辣鸡。。。
161607,3765,李颖,2022-11-09 10:53:40,0,0,0,绩点3.3，害
161629,6278,朱依敏,2022-11-09 14:43:23,8,8,0,给分很迷真的很迷，考试题目很简单感觉都会做，参加了性与生殖的思政课，也做了pre，小测也完成得很好但最后绩点只有3.9
161636,6278,朱依敏,2022-11-10 00:39:15,9,9,0,被绩杀了
161639,6278,朱依敏,2022-11-10 01:19:18,0,1,1,课程内容很有意思，期末考试内容基本在ppt上，记得复印带去考场。两次小测（不是现场做），一次小组作业，期末开卷考。
161642,6278,朱依敏,2022-11-10 01:25:38,-1,0,1,老师上课的内容还是有意思的，事情也还好，两次小测都可以回去之后再做，不用当堂完成，偶尔拖堂，期末开卷考，最后也发了ppt，准备了pre，最后给分还不错
161647,6278,朱依敏,2022-11-10 02:31:56,-1,2,3,老师讲的真的很有意思！还带我们参观了妇产医院！虽然大一er第一节通识课喜提3.6，但是觉得还是自己的原因居多，课程还是挺好的
161657,6306,林文龙,2022-11-10 06:26:54,2,2,0,老师人挺好的
161662,6278,朱依敏,2022-11-10 07:06:25,6,6,0,讲课认真投入，但是给分是真的迷惑了。
161675,5868,吴一华,2022-11-10 08:50:05,1,2,1,可爱！懂得多！给分还不知道。。。。。
161681,4040,王梦令,2022-11-14 11:08:06,7,7,0,给1分因为没有0分，生理科学实验课频繁消失，做实验时不在教室，想找也找不到人，不知道在哪里摸鱼；提问时非常push，感觉是故意想找我们毛病，语气很凶
161689,6278,朱依敏,2022-11-10 12:56:44,6,6,0,给分很迷
161691,6278,朱依敏,2022-11-10 13:09:43,-4,4,8,没怎么学吧 参加了现场医院教学，考试大题写的很满，4.5绩点性价比很高，推荐学
161716,6278,朱依敏,2022-11-11 03:48:01,9,9,0,给分……确实有点迷
161747,6278,朱依敏,2022-11-12 04:22:58,3,3,0,呵呵呵呵呵
161814,8760,王芬芬,2022-11-14 01:30:09,0,0,0,口腔医学导论什么东西，给分离谱至极
161815,1133,樊立洁,2022-11-14 01:31:42,3,4,1,什么垃圾给分，就一个心得决定成绩，老师为了省事真是不做人🤦‍♀️🤦‍♀️🤦‍♀️
161820,2436,余海,2022-11-14 04:44:22,2,2,0,挺有意思的，不考试不点名期末交两篇论文。最后我绩点一般般，不过老师讲的挺好的，我自己太水了hh
161836,13,张咸宁,2022-11-14 10:33:54,1,1,0,上课非常有激情，给分比较求是。估计了一下，基本最后成绩就是期末考卷面成绩*0.8加平时成绩，没有捞人
161872,2436,余海,2022-11-14 15:48:36,2,2,0,给分一般，但是事少，两篇论文即可
161873,5868,吴一华,2022-11-14 15:51:06,1,3,2,啊啊啊看见饮食与人类就选好吗！课上能学到很多东西，事少，给分好，考试开卷，资料带够就行。老师超可爱，像小仓鼠，脾气超好，交卷的时候对每个学生都笑了诶～真的很荣幸能够选上这门课
161906,1451,夏大静,2022-11-15 02:19:59,3,3,0,我上四了，很感谢夏老师。诚实的说，夏老师是很好的老师。老师很敬业，下午一点二十五点课，老师经常提前半个小时到教室检查ppt并与同学们交流。老师很好，但课程稍微有点偏专业化，不是物化生选手可能有点听不懂。但考核方式是开卷考加两次pre，所以听不听得懂也不是问题。如果想卷高绩点，一定一定要争取pre时的展示人。
161913,5723,冯友军,2022-11-15 03:44:21,7,7,0,自己讲的拉，没人听，开始叫同学们把电脑放起来，，，
161969,1059,王福俤,2022-11-15 13:25:29,2,2,0,😅真能吹
161978,1451,夏大静,2022-11-17 14:18:21,2,3,1,给夏老师和胡老师打call，为人温柔上课认真。展示好好准备，开卷考好好考，分数不会低。
161983,1556,王鑫慧,2022-11-15 15:59:19,1,1,0,小组展示卷了半天，3.3\n\n绩杀
162012,5868,吴一华,2022-11-16 03:38:47,1,2,1,饮食与人类非常有趣的课，老师很好很博学，平时事也不多，一次展示，一次开卷考试都是主观题很多都在ppt上，考试前一定要好好准备，看看ppt，最好把主要文字打印出来（当然也不建议太浪费纸地打印），本人最后没有好好准备考试，绩点就低了（血的教训）
162022,5868,吴一华,2022-11-24 16:21:39,5,7,2,老师很可爱是真的！像小松鼠也是真的！侧脸绝帅（目前见到最帅的，bushi）！声音很温和，让人听了很舒服！感觉性格脾气也挺好的！上的是饮食与人类的通识课，只点过一次名（因为“对这门课程的魅力有充分自信”），做一个大的一个小的小组展示，期末时开卷考抄ppt，平时不用花功夫在这门课上。作为一个医科的老师在人文社科方面学识这么广博我是没想到的，上课给人一种侃侃而谈的感觉。感觉整个课程的创意是挺好的，但是内部的设计还可以再优化，不得不说我就听了第一节导论课，到后面就略觉无味做自己的事情去了。不过想水课的同学还是很推荐选的！
162071,417,李兰娟,2022-11-16 12:03:07,12,12,0,有个优秀的儿媳
162081,5217,王迪,2022-11-16 14:27:01,5,12,7,嘿嘿 小组展示扣分扣在总评里 一次扣5分总绩点下降0.6 我真的好爱
162114,1451,夏大静,2022-11-17 01:54:50,-1,0,1,绩点没想的高，不过4.2也蛮满意的啦。\n\n夏老师很真诚，真的很想让我们学到知识。\n\n很好的老师
162171,5217,王迪,2022-11-17 08:32:36,9,11,2,1分走起
162181,5842,盛静浩,2022-11-17 10:59:13,4,6,2,全是学生讲…你干啥？纯纯老油条一个
162243,6213,张孝通,2022-11-18 07:10:12,1,4,3,模电讲的是真一塌糊涂，建议不会上的可以不用上，真的害人
162252,1092,沈岳良,2022-11-18 09:26:09,1,1,0,沈老师挺好的
162277,3662,郑莉灵,2022-11-19 02:17:45,1,2,1,郑老师真的跟妈妈一样，特别负责认真，对同学们也很友好一直都是笑笑的
162402,1416,沈晓红,2022-11-21 16:24:57,1,2,1,社会心理学，除了一篇论文一篇期中作业一次讨论题没有其他任务了，上课也不点名。老师讲得很有吸引力也不为难同学。论文我认真写了（包括参考了之前评论的同学的意见：多点例子，感谢分享经验的同学！），最后4.8很开心，谢谢老师！（客观来说任务量比很多通识包括其他老师的社会心理学少，因为既无考试，三次任务也都可以搜集资料不是听课后的立刻测试，但相应的也会存在区分度不高、有被正态的风险，想拿高分可能需要相信自己的论文能脱颖而出吧）
162403,1416,沈晓红,2022-11-21 16:38:50,4,4,0,很好的老师～上课讲的案例都很有意思，我就算赶作业（莫学我）一边听她讲故事也感觉非常有趣～学到了很多有意思的现象～给分也不错哦，不会强制写学术论文，只写1500字结合自身案例谈想法就好～棒棒
162405,13,张咸宁,2022-11-22 00:22:31,0,0,0,老师上课很清晰，也很有激情，大学以来最喜欢的老师
162407,1416,沈晓红,2022-11-22 00:57:37,1,3,2,给分巨差，上课也很无聊
162411,1416,沈晓红,2022-11-22 01:22:30,1,2,1,啥都干了 2.4
162412,1416,沈晓红,2022-11-22 02:02:13,3,3,0,上的心理卫生。老师不点名，事很少，课堂上有安排会提前通知，考试开卷抄ppt。上课不用听，但是讲案例很有趣不妨听听笑笑。老师人应该挺好的吧，我按要求做给分也不错，不过也有同学反映给分不好（甚至可以说有点低），可能给分看运气（？）
162418,5868,吴一华,2022-11-22 03:47:37,0,2,2,事少给分高，期末开卷考，男神不解释
162435,2096,罗依惠,2022-11-22 09:53:37,8,8,0,受不了了，所有的ddl都是一周，还有莫名其妙的分数规则，头一回看到小组展示的小组内还会有不同的分数的
162442,4278,赵经纬,2022-11-22 13:03:19,1,1,0,适合研究生课
162444,6213,张孝通,2022-11-22 13:39:01,1,3,2,害害害
162504,5280,徐骁,2022-11-23 17:39:31,0,1,1,器官捐献与移植yyds！
162520,6658,Daniel Henry Scharf,2022-11-24 06:24:59,2,2,0,老师好帅！
162526,6722,雷浩,2022-11-24 09:22:32,1,3,2,上的老师的健康管理学课程，讲课很风趣，也很好懂，强烈建议公卫的同学们来听一听
162527,2743,许正平,2022-11-24 11:43:37,2,2,0,全部让学生来讲，你也算老师，课后指导的时候也一副高高在上的样子，不知道在装什么。
162530,1267,郑树森,2022-11-24 13:57:31,1,1,0,器官移植非常好的课，通识课没有作业，课后小测很简单，期末作业形式很多，可以不学术，真情实感也很好，我是以医学生的身份给大体老师写了一封信，最后4.8
162542,1267,郑树森,2022-11-25 01:31:40,0,0,0,老师们都很好，不过这门课谱摆得有点大，而且给分也确实倾向于给实物作业的同学更高分，写得很认真了但想来助教也没怎么看吧
162627,4814,吴晶晶,2022-11-30 03:12:12,1,2,1,老师讲的内容挺好的，但是口头禅好多啊，经常口误，老说对不对，听不下去了...
162634,2973,张晓明,2022-11-30 09:25:47,1,3,2,我指系统解剖学，事情好多，讲的英文跟不太上，还老是搞文献作业。给1分没话说
162643,1416,沈晓红,2022-12-01 04:20:50,1,5,4,垃圾老师，给分差，上课无聊
162658,3750,沈静,2022-12-03 03:51:07,2,3,1,生科😭😭😭😭
162679,1416,沈晓红,2022-12-03 15:51:03,2,3,1,给分不好啊啊啊啊
162694,710,欧阳宏伟,2022-12-05 01:24:21,5,5,0,老师人是好人，但是真的活在自己建立的乌托邦里。
162695,5356,徐鹏飞,2022-12-05 01:27:03,-5,1,6,也就还好吧
162855,2436,余海,2022-12-06 15:17:12,-1,2,3,余海老师的讲座能把无聊的内容讲的很生动~很喜欢这样的老师啦\n\n每节课都点名，人到了就没问题啦\n\n能学到很多知识，可以算科普的！！！\n\n期末论文好好写最后就没问题 4.8好拿的(＾－＾)V
163066,2746,李秀央,2022-12-07 04:54:22,3,5,2,真lj
163087,1880,赵璐,2022-12-07 07:20:37,1,1,0,老师很好！课还蛮适合文科生的，事情很少，不过要注意发言！还有就是pre要好好弄。
163137,6213,张孝通,2022-12-08 02:53:29,2,5,3,快跑，，
163173,1416,沈晓红,2022-12-09 01:25:46,0,1,1,平常不用听，考试前打印PPT简单复习就可以，讨论题目要好好写，论文多写点自己的故事
163176,2146,余运贤,2022-12-09 03:15:28,2,3,1,线上上课，直接放之前的讲课视频，666，您辛苦啦
163207,2830,陈周闻,2022-12-10 01:37:50,12,12,0,朵朵三条十大，cc98两条十大，1/4的十大占有率。。。
163217,2830,陈周闻,2022-12-10 05:30:55,2,2,0,你小子😅
163218,2830,陈周闻,2022-12-10 06:18:39,2,2,0,😆😆😆
163229,2830,陈周闻,2022-12-10 12:17:55,9,9,0,祝您满脸皱纹🌹
163230,2830,陈周闻,2022-12-10 12:18:35,7,7,0,在医学院尸位素餐，在其位而不谋其政的傻逼💩一枚吖~
163231,4819,吕寒冰,2022-12-10 12:20:31,9,9,0,仙女下凡辛苦了捏，“你们有这么严重吗”何不食肉糜？这种人在浙大医学院，不，不配叫做人，根本不把医学生当人看，呕
163232,2830,陈周闻,2022-12-10 12:20:45,5,5,0,人在做，天在看。
163233,4819,吕寒冰,2022-12-10 12:23:31,6,6,0,🤮🤮🤮
163238,2830,陈周闻,2022-12-10 15:08:59,11,11,0,这种人也配做医生也配成为行政的老师😅老妖婆
163242,4819,吕寒冰,2022-12-10 16:30:22,7,7,0,这个老师家人死完了
163251,6213,张孝通,2022-12-26 02:14:44,3,4,1,快跑！
163252,2830,陈周闻,2022-12-11 08:11:29,15,15,0,你是没有马的
163273,2830,陈周闻,2022-12-12 02:24:05,23,24,1,希望老师将来看病不要碰到医学院出来的学生。每天都在背书，我们的记忆力特别好一定忘不了2022年的冬天发生过什么事情。。。
163277,2830,陈周闻,2022-12-12 03:07:47,11,11,0,出租屋，柠檬什么时候酸啊？
163305,4819,吕寒冰,2022-12-12 11:08:12,4,4,0,“这么严重啊”\n\n不知道说什么好\n\nshame on 浙医
163312,969,焦晶晶,2022-12-12 11:56:35,4,4,0,什么沙币老师，请谨慎选择！
163321,2746,李秀央,2022-12-13 02:26:40,2,5,3,不能打零分…上课上的真垃圾，还喜欢玩各种自以为很有趣的花活
163332,2830,陈周闻,2022-12-13 06:32:13,14,14,0,建议学生与医务人员分批阳   不要一起阳
163336,5830,汪浩,2022-12-13 07:52:08,6,8,2,给分巨差
163479,1451,夏大静,2022-12-14 12:00:29,0,1,1,老师很温柔很负责~健康与免疫是两次小组展示和开卷考\n\n有两道相对比较难的题可能平时上课听一听可以答出来\n\n虽然给分不是特别高但也很满意啦！
163565,7360,杨静,2022-12-15 07:51:27,5,7,2,人真的超级好，事情少，快选
163598,3482,陈莹莹,2022-12-15 13:28:44,0,0,0,老师上课很有耐心
163608,2830,陈周闻,2022-12-15 14:01:04,18,18,0,“由于现在还没有同学阳，所以我们没有必要做好防护措施哦”
163635,7380,秦强,2022-12-16 01:45:14,8,8,0,老师人非常好！技术一流，很好说话，亲切和蔼
163642,6753,王赵琛,2022-12-16 01:52:10,1,1,0,去年选的，超级棒的课，老师专业知识过硬而且很有人文关怀，绩点4.2，小组展示还是占一点比例的
163654,4442,周天华,2022-12-16 02:02:34,3,4,1,一门总共32节的专业课，周老师作为主讲老师只讲了两节，一节是绪论，另一节是让别的老师来做讲座，他当主持人。个人意见：干行政岗就不要再当老师了，也建议他把自己那个上课提问就期末成绩加三分的教学方法改一改，学生互相问PPT里的概念真的很无语。至于他的教学水平，我真的没法评价，都不怎么上课哪里能见到教学水平？
163779,7994,徐建,2022-12-16 05:47:30,5,7,2,很不错
163796,1416,沈晓红,2022-12-16 06:20:21,1,3,2,非常好！！！\n\n事少分高！\n\n考试ppt 上都找得到！！！论文没卷，字数超了一点点，但分给得挺好！！！\n\n冲！！
163815,314,那仁满都拉,2022-12-16 07:24:49,0,1,1,水课就对了
163816,1880,赵璐,2022-12-16 07:25:01,0,2,2,老师真的yyds\n\n只要上课发言，绩点不会差，老师特别有气质，讲的真的好，能学到很多，水的话也可，不水也可
163840,7380,秦强,2022-12-16 08:18:02,8,9,1,emmm忘记了本来选的哪个老师的课，但好像因为身体原因让秦强老师来带课。\n\n个人感觉老师还是挺不错的，技术超好，也好说话，请假在群里说一声就ok\n\n但在我们班可能稍微有点众女轻男？大部分时间在帮女生纠正动作，指导男生比较少。\n\n最大的槽点是作为外聘教师对学校的体育课要求了解太少……智慧树之类的在同学问他之前他完全不了解，十二分钟跑也全程问别的老师怎么测之类的
163856,2436,余海,2022-12-16 08:55:38,2,3,1,讲课很棒，干货十足，每节课我都画思维导图，很有收获。\n\n但是给分真不怎么样，两篇论文都写得很认真，最后还被正态。
163866,3694,陈光弟,2022-12-16 09:41:52,1,1,0,课程展示安排稀碎，每节课都有小测，考察当天课程的内容，考试闭卷，但给分以外的不错
163923,2436,余海,2022-12-16 14:32:00,6,6,0,只能说，老师讲的特别特别好，事情也很少，就点名+两篇论文，但是对文笔不好的同学不太友好，给分会不太好看，对语文功底没什么自信的同学慎选，我绩点3.6，同班同学3.3，供大家参考
163943,1451,夏大静,2022-12-16 16:07:41,3,4,1,老师们都很温柔，期末考试是开卷。但是绩点比预期低很多，有种随机分配的感觉吧…大作业应该是参与pre的人越多绩点越高。
163956,1756,杨敏,2022-12-17 02:19:37,-2,2,4,作业蛮多但还算简单，就是看一看慕课答答题，两次小组报告，一次测验，一次训练营心得，给分蛮意外的有4.8（不知道其他人）不要被查老师绩点吓到了
163958,3765,李颖,2022-12-17 02:34:04,2,5,3,学习到蛮多女性知识的，事情也真的少得不要少了，没有小组讨论，没有报告什么的，只有课后的随堂测验，测验题是课堂上的内容，最后的课一场小型考试，题目也是之前小测的综合题，这还不好吗！！给分也有4以上，想选通识的友友可以冲一下
164023,6678,王凯军,2022-12-17 10:29:47,1,1,0,没上过，瞎选的
164085,1416,沈晓红,2022-12-18 02:16:35,2,4,2,啥都干了，2.4
164126,3482,陈莹莹,2022-12-18 09:04:26,11,16,5,老师身体素质课的锻炼内容很有新意，迟到了会手动帮你点到，如果没有急事建议大家不要上课中途溜掉，虽然说陈老师签退发现人少了也不会去细查，下节课也不会提这件事，但是陈老师会觉得挺难过的。老师人很好，希望选到她的课的人好好对待她的课。
164164,6234,杨菲,2022-12-18 14:44:20,9,12,3,健康管理真的是个好水课，不点名，就是要去签到，签完溜就行，作业超少，最后一个展示做好分数不会太差，每次上课都划水最后拿到4.5，好评好评
164167,6406,郑婵颖,2022-12-18 15:31:41,11,14,3,有幸上了她的创业基础课。\n\n非常温柔的老师，而且很有礼貌，每次下课总是走到讲台正中央深鞠一躬。\n\n平时也很温柔，会拿自己的经历做例子，很耐心倾听，说话轻声细语。\n\n优雅，实在是太优雅了。
164210,5868,吴一华,2022-12-19 08:11:10,0,1,1,给分好
164330,2436,余海,2022-12-20 09:31:44,1,1,0,给分等级制。慎选。
164355,314,那仁满都拉,2022-12-20 11:08:25,8,8,0,真.水课😰😰😰
164366,3482,陈莹莹,2022-12-20 12:31:41,1,2,1,太美了，上课太棒了
164507,611,李仲杰,2022-12-21 10:49:45,4,4,0,呵呵，您最好有事
164519,6278,朱依敏,2022-12-21 11:52:47,-5,4,9,讲的其实很有意思，每次讲课也很有条理，事情不多，就一个小组展示+期末开卷考试，给分也还不错。开卷考试的选择题蛮简单的，如果你比较擅长水简答题的话，就冲冲冲！
164615,1267,郑树森,2022-12-22 08:28:20,0,0,0,感觉是很有情怀的一门课，听完很受感动，期末作业做了一个下午交上去绩点有5，感觉还是很值得的！
164623,1880,赵璐,2022-12-22 09:28:43,1,2,1,上课认真发几次言，分就不会太低
164646,6213,张孝通,2022-12-22 13:14:46,3,3,0,快跑！
164722,1059,王福俤,2022-12-24 06:55:32,2,3,1,纯nt
164887,2096,罗依惠,2022-12-27 09:55:45,23,32,9,来自她的大学写作。很喜欢揪着很小的点不放，比如一些格式上的错误，我认为这些开始时讲一遍就够了，后面有同学没做对再提醒就OK。但是她几乎每节课都要说，好，你说，可以，你说着说着急眼了是什么意思？搞得像格式高于一切。我们不应该讨论文章的严谨性、逻辑性、科学性吗？你这么看重我的文笔，说实话，单看文笔的论文我一天能写十篇！确定主题、收集资料、理论推导、得出结论的过程，您在乎吗？这些才是判断科普文优秀与否的重点啊！不然你科普什么呢？仅仅是了解一些知识点而不在乎背后的原理、逻辑么？假如一片科普文光会煽动情绪，像辛吉飞这厮一样，用所谓通俗的语言讲着片面、不严谨的科学知识，难道不是荼毒大众？好吧，我也承认，也没人会看我这个小丑的文章，但我还是要说，“求是”的校训不是白讲的。希望老师可以注重培养学生们科学严谨的写作观。\n\n老师人很好，对同学还会用“您”。以上只是我这个愤青的胡话。
164908,2096,罗依惠,2022-12-27 12:33:40,-4,0,4,人还是很和蔼可亲的
165132,6022,闵军霞,2022-12-29 09:11:02,3,4,1,NMSL这四个字极度贴切，事情最多，给分最低，纯恶心人是吧。真是nmsl
165192,8700,虞洪,2022-12-30 03:22:44,0,0,0,大牛nb
165211,6213,张孝通,2022-12-30 06:38:29,4,6,2,讲课确实不太好，但是人很好的
165219,3482,陈莹莹,2022-12-30 07:00:52,8,9,1,从第一节课到最后一节课都会被老师美到窒息的程度(///▽///)老师讲课很温柔也很耐心，冲冲冲！
165342,6026,刘云华,2023-01-02 02:18:00,2,3,1,娘娘的
165474,5280,徐骁,2023-01-06 17:43:52,0,3,3,事情少，给分挺好的，不过我也有认真完成作业
165810,1267,郑树森,2023-01-09 18:36:15,0,0,0,器官移植给分挺好的，期末那个作业做的有新意一些比较好，我是做了电子海报。
165926,1880,赵璐,2023-01-10 11:42:57,0,2,2,生命科学经典发现解读：上课很难抢到发言机会，最后发言分5/10有点难过。但是老师的论文给分还是很友好的!只要英语水平不错，愿意认真阅读英文科研报告并进行paraphrase的友友都可以选～
166010,1267,郑树森,2023-01-10 17:07:07,1,1,0,课挺好的，可惜绩杀了，呜呜呜。
166133,2453,骆严,2023-01-11 07:23:30,0,0,0,生化给分不错，讲的一般
166140,13,张咸宁,2023-01-11 07:32:06,5,5,0,你们一群庸医
166142,5723,冯友军,2023-01-11 07:33:04,6,6,0,有点大病
166143,6028,Stijn van der Veen,2023-01-11 07:34:48,9,9,0,我真的听不懂你说的是啥呀
166144,5217,王迪,2023-01-11 07:36:03,7,10,3,最后一节课展示还点名？
166145,3854,孙启明,2023-01-11 07:37:00,1,1,0,男神老师
166146,1019,郑莲顺,2023-01-11 07:37:59,1,1,0,必须10分
166411,314,那仁满都拉,2023-01-12 07:43:26,22,23,1,2022-2023秋冬上善若水，整个课程就是在讲喝水，尤其是喝纯净水的重要性，课上经常穿插一些老师对当代青年不健康生活习惯的担忧。我们能够在课上学到什么呢？如果你先前天天喝奶茶、可乐等饮料，很少喝水或者喝的都是煮熟的自来水，在听了老师的课后形成了一个更为健康的饮水习惯，甚至进一步把这种生活理念推广给周围的人，我认为这就很有意义。不过如果你之前的生活方式就很健康，或者你是一个不容易被说服改变生活习惯的人，那么这门课就是一门水课。就分数构成来说，这次是小组展示+期末2000字以内的小作文，展示题目是“家乡的水污染治理”或者“上这门课的感受”，小作文主题是“如果你是家乡的领导者，如何让本地区的人民喝上好水”。老师给分还是很好的，如果你在展示或者作文中多表达对家乡的热爱和这门课对你生活习惯的改善，那么分数大概率是不会差的
166510,938,唐孝威,2023-01-12 12:57:59,2,2,0,两弹一星的幕后英雄！
166574,1702,毛峥嵘,2023-01-13 01:25:44,-2,8,10,#医疗纠纷与司法鉴定\n\n首先说一下这门课程的总体情况。无论文，平时任务就是每节课一个小作业，最多半个小时可以完成，期末考试是最后一节课上解决，线下每节课都会点名，上课老师比较多，轮流上课。给分情况，作业都是很认真的完成，因此民法典第六章我都会背了，期末考试会考作业原题，我在资料库里找到了标准答案，并且与民法典结合的题目，我都一条一条全部背出来了，所以期末考试的成绩在我的角度来看应该是非常高的，从未缺勤，最后成绩4.2。拉了均绩0.1。再说一下这门课学什么，主要是学一些案例分析，关于医生医德的法律条款等，案例分析比较难，初学者无论是法律专业还是医学专业别说是工科专业，都很困难，只能凭感觉。综上所述，老师们水平都蛮高吧，私信询问问题，都比较耐心及时回复，虽然我对成绩很不满意，但是就这样吧，给同学们点参考。
166634,3694,陈光弟,2023-01-13 05:55:56,7,8,1,老师真的有在变好！别看评分低！\n\n起初每节课都有小测，网课之后就没了，有一次展示，但是10几个人准备一个5分钟的展示确实是僧多肉少😂\n\n怎么说呢，这门课我感觉教材没用，但是ppt一定要过一遍，名词解释啥的还是要记一下，看看历年卷啥的，总之该做的事做了，分数绝对不会低的。\n\n虽然上课老师会叫人发言，叫你不要玩手机，但是说实话哪个老师不希望自己的学生认真听课呢🙏
166637,3694,陈光弟,2023-01-13 06:17:42,5,5,0,别看评分，只要认真看ppt复习还是可以拿高绩点的。
166638,3694,陈光弟,2023-01-13 06:20:59,1,2,1,线下课的时候会点名，虽然不是每节课都点，但也还是挺频繁的，喜欢在课前十多分钟开放二维码签到，用学在浙大扫二维码签到。喜欢踩点到教室的uu需要注意一下，不过应该可以找助教补签到。\n\n线下课基本每次课后都会有课堂作业，一道简答题一道论述题（这也是考试题型），写写也还好，反正可以看ppt查资料什么的。\n\n老师很喜欢互动，会随机提问，之前看到有人评价说如果不想被递话筒，就避开过道的位置。\n\n其实上课内容也还好，也没有那么枯燥，对我来说可能就是老师讲话的速度有些慢，让我不太听的下去。
166664,2096,罗依惠,2023-01-13 07:44:00,1,2,1,老师很好，事情有点多但是，给分还可以的
166701,2096,罗依惠,2023-01-13 09:05:01,0,2,2,基础模块两次得分都没上80，谢谢老师在进阶版块海底捞
166706,2096,罗依惠,2023-01-13 09:16:22,-2,1,3,上的大学写作·自然，老师上课有点水，经常提问，但是给分还不错。感觉读书报告和科普文章的立意很重要，有新意的容易高分。
166889,1137,夏梽丹,2023-01-14 06:45:29,6,7,1,感觉付出与分数不成正比
166917,1137,夏梽丹,2023-01-14 08:25:40,2,2,0,老师人很好，但是期末分数属实一般般
166934,1137,夏梽丹,2023-01-14 09:21:17,3,5,2,上的是营养与健康之艺术，满了啊啊啊啊啊啊感谢老师！\n\n好喜欢这门课，会讲很多有意思的营养学知识，和日常生活的联系也比较紧密，是我为数不多的听得认真的通识课之一\n\n老师人超好超级温柔，每节上课前会有回答问题的环节，问题都是上节课讲过的，一点都不难，只要回答了就可以加分。大家在这个环节都超级积极，举手的人很多，老师也会给没有回答过的同学机会\n\n这门课的事也不多，没有课后作业，有两次课堂小测，课上给时间完成；期末有三个简答题，在学在浙大上发布，9点到21点，自由安排时间完成；最后一节课是小组展示，小组定好选题之后成员分工一下，每个人的任务量也不大，很快就可以做好，大家最后的展示都超级棒！
166975,6278,朱依敏,2023-01-14 12:51:37,6,7,1,给分真的很迷，什么事情都做了，小组pre好多组长，也是我上台，期末考也还好，分数很低
167073,314,那仁满都拉,2023-01-15 01:28:24,-1,1,2,楼下说得对
167133,5861,周春,2023-01-15 04:12:06,0,2,2,很温柔负责 给分也还不错
167268,7360,杨静,2023-01-15 09:47:48,3,4,1,（大英  人超好
167398,1137,夏梽丹,2023-01-16 03:25:49,1,2,1,老师人很好，但是付出和分数就鹅鹅鹅鹅鹅鹅鹅
167476,2743,许正平,2023-01-16 14:40:37,6,8,2,呵呵，自己只上一节课，其余都让同学来上，个人认为这是一种很不负责的教学方式。期末成绩全部来自一个展示或者综述，辛辛苦苦写了3天，给分3.6，室友大段负责粘贴还上了4，无语，全球环境避雷，真对这个老师无语了。
167511,1019,郑莲顺,2023-01-17 01:57:59,2,2,0,郑妈yyds
167810,1416,沈晓红,2023-01-19 07:40:26,-2,4,6,老师很好，作业也少，绩点3.3。。。。。没事别选这课。。。
167881,3405,沈颖,2023-01-19 19:08:16,1,1,0,怎么说呢… 害绩点就那样吧 课有点无聊 不怎么感兴趣的话 就那样咯
167968,6213,张孝通,2023-06-07 18:27:58,5,5,0,建议换老师，看见此老师绕道走就完了。假如你想浪费人生中宝贵的时间以及收获极低的绩点，选他就完了
168002,1019,郑莲顺,2023-01-22 02:54:11,5,6,1,上的头颈解拿到了本彩笔大学第一次满绩，很久没有遇到这么让我有想上课欲望的老师了，课讲的很有意思做完一早上生科实验再来听课也不犯困，谢谢郑妈温柔知性的年上阿姨请爆炒我（目移
168015,1137,夏梽丹,2023-01-22 12:29:09,0,0,0,夏老师真的超级超级好，温柔可爱，上老师的营养与健康艺术课学到了好多有用的小知识！
168112,2743,许正平,2023-01-28 12:04:01,3,3,0,全球环境改变与人类健康个人感觉挺水的，展示或者综述二选一，我选了一个专业性比较强的题目最后分数挺高。
168229,5217,王迪,2023-02-04 08:23:47,20,26,6,真的很无语，展示给分不合理，上课突然点名无商量余地，期末补天也无用。一家子美国籍却在医学院周年庆作为代表人物录制视频宣传爱国，赶紧滚出China吧！！！
168280,2746,李秀央,2023-02-08 17:14:18,3,6,3,严谨、认真、负责！
168282,6213,张孝通,2023-02-09 06:45:48,4,4,0,换不了课的建议直接去蹭孙盾老师的课，张老师讲课真的不行但是人很不错不会点名也没有什么突击小测
168299,969,焦晶晶,2023-02-09 14:24:40,1,2,1,现代食品安全科学，课上得不错，而且回答问题机会给的相对多。不过这门通核好像大多数都是章宇老师来上。
168337,2746,李秀央,2023-02-12 14:23:48,55,72,17,同学们！对你们太严了，作业太多了，我错了，谢谢你告诉我！跟大家分享一个好消息，独自承担繁重教学任务三十年，近三年终于培养了一支十分年轻医学统计教师队伍，春夏学期全线上岗主讲，希望大家秉承浙大求是精神，继续支持医学统计！
168347,5277,周煜东,2023-02-13 05:42:49,1,1,0,讲的不清楚
168379,7380,秦强,2023-02-15 07:28:27,1,4,3,可能会偏爱有网球基础的大佬们 然后在打球的时候有可能会变得急躁一点 然后因为我们是他来浙大教的第一批学生，所以像之前有人说的，有很多事情他不熟悉。\n\n不过就事论事而已，人平时很和善，技术水平也很高，跟他学真的可以学会网球
168403,5424,李金林,2023-02-15 12:27:50,0,3,3,感觉言之无物，挺水的
168412,3302,翁莉霞,2023-02-15 13:12:44,0,1,1,翁老师认真的很不错！给分也巨好！实验课理论部分确实讲的时间会比较长，但真的很细致！
168445,4278,赵经纬,2023-02-16 15:59:02,2,2,0,老师人挺可爱的
168596,8533,林辉,2023-02-20 04:51:12,-1,5,6,如果你的班主任是他，那你可真走了大运！
168627,2746,李秀央,2023-02-20 11:35:24,5,9,4,其实我觉得老师还是不错的，没有评价说的那么恐怖。可能是因为疫情线上上课原因，课程作业和任务不算多，而且老师也挺尊重同学们的，上课没人举手发言也不会强制要求回答。不过确实讲得不太听得懂。。。
168825,7828,隋梅花,2023-02-22 13:48:32,7,7,0,梅花老师真的超级无敌认真，真的超级无敌好！！！每个作业认真看，最后还会给大家整理出一个课后总结的ppt帮大家解决作业当中的问题，总之就是真的真的超级nice！！！
168847,7828,隋梅花,2023-02-22 23:56:28,6,6,0,人体形态学组胚部分\n\n\n\n挺不错的老师，虽然应该是最近才接触教学（自称23年是第一届），但是很认真负责。\n\n每次上完课都会重新优化课件，自己讲的过程有发现教材、课件不对劲的会咨询其他各位老师，作业中的优秀代表和错误都会在课后另做课件汇总（这个对复习还是很有用的）\n\n自己记得比较清楚的一件事是老师太久没接触相关知识，上课分不清血细胞给我们道歉，然后课后请她的研究生给我们找了很多例图做成表格（希望研究生师兄/师姐没事）\n\n根据同学口述说晚上睡不着十二点多发的问题凌晨一点多回的\n\n\n\n个人觉得比较烦的一点是作业要写个人心得……恕我实在憋不出来每次都是把上一个作业的心得复制黏贴。\n\n————————\n\n个人的总体看法是：虽然是刚开始接触教学的老师，但是有认真负责的态度和积极提升自己的努力。\n\n值得入手的一款人体形态学教师，祝老师的教学和科研工作都越来越好！
168908,4286,蒋磊,2023-02-23 10:47:56,1,2,1,海底捞我😭😭😭
169007,7380,秦强,2023-02-24 03:32:46,-2,1,3,老师很耐心很负责，教得很用心。很好的网球课！
169031,946,韩曙,2023-02-24 05:24:17,2,2,0,讲得很简练，废话少，重要的知识点老师会向大家强调，而且因为讲课简练，所以下课也较早（人体形态学基础实验）；老师性格也很逗，像个老小孩一样；总之超级好的老师！
169047,2722,许均瑜,2023-02-24 06:30:44,0,0,0,好喜欢许老师！！真的是女神老师，讲课清晰有条理，很想多听几次她的课owo
169190,3190,周婧,2023-02-24 14:32:04,1,7,6,讲课很垃圾，感觉像是应付差事一样，说实话，这种讲课能当老师吗？作为一名老师，很多次课都晚来....\n\n最后给分也很糟糕，别选！
169192,5655,茵梓,2023-02-24 14:36:00,2,5,3,hh，这叫讲课？全是学生去各个网站看视频，自己学习，实验报告都不看，学生互评，66。以及最后给分很垃圾....
169268,5325,孟卓贤,2023-02-25 06:19:07,5,7,2,会骂人
169436,5217,王迪,2023-02-26 07:04:34,5,10,5,人品不怎么好
169597,6340,白瑞良,2023-02-27 05:07:45,2,3,1,老师很好，虽然第一节课说会随机找人点名聊天，但是实际上就第一节课这么干了。\n\n会带我们去华家池看脑子(不是)，整个课很有意思ww
169681,222,吴希美,2023-07-09 03:20:21,3,3,0,乐，论文图片造假，被撤稿调查了。
169777,6213,张孝通,2023-02-28 01:01:33,1,1,0,给分一般，上课不行，不过从不签到；换不了的赶紧找个好的老师蹭课吧。
169780,6213,张孝通,2023-02-28 01:22:10,2,2,0,6，，，
169886,7360,杨静,2023-02-28 08:28:34,4,5,1,杨静老师，你是我的神！！
169920,6406,郑婵颖,2023-02-28 11:37:28,3,3,0,老师太好了😭 人美心善声音又好听，是我这样的摆子也不舍得睡的课
170024,5868,吴一华,2023-03-01 04:23:29,0,1,1,喜欢！
170025,4008,龚薇,2023-03-01 04:37:30,1,1,0,龚薇老师授课生动有趣，科学写作与表达干货超多，给分很好，助教老师也超级nice，非常值的一门课！
170106,5217,王迪,2023-03-01 11:15:34,10,11,1,给分好烂！！
170118,4286,蒋磊,2023-03-01 11:51:33,9,9,0,爱蒋老师，别的不说了
170241,1416,沈晓红,2023-03-02 07:01:12,5,7,2,给分不好，3.3
170318,5552,张世红,2023-03-03 00:30:59,0,2,2,讲的很一般，给分不友好，脾气不好，如果对你印象不好的话会在分数上有很明显的体现…
170371,5801,梁洪青,2023-03-03 07:50:47,3,4,1,梁老师反正挺好看的😍😍
170384,520,方向明,2023-03-03 10:53:40,0,1,1,作为一名医疗、科研和教育工作者，方向明始终面向世界科技前沿、面向经济主战场、面向国家重大需求、面向人民生命健康不懈奋斗。\n\n\n\nhttps://mp.weixin.qq.com/s/S6fLk0hXM1t0ZYVk0XFaQw
170410,2746,李秀央,2023-03-04 04:42:12,3,3,0,平时分设置很多
170414,2746,李秀央,2023-03-04 07:03:02,9,10,1,没有评论说的那么不好，老师上课通过讲例子还是能听懂的，现在平时分给分很高
170427,2746,李秀央,2023-03-04 13:23:58,-1,6,7,玩原神吗
170428,2746,李秀央,2023-03-04 13:25:22,1,3,2,给分还不错，捞的力度比较大，上课讲不清楚是真的，几乎全靠自学。那本教材编的也不是很有逻辑，但是实习课很有用，要认真听。
170446,3854,孙启明,2023-03-05 04:18:40,-4,3,7,气质做作，说话语气油腻。
170447,415,丁世平,2023-03-05 04:25:38,6,6,0,老师真的很好，讲课条理清晰。笨人平时上课经常神游，有些章节经常没听，网课在家也没好好听课，觉得挺对不起老师的(呜呜呜呜毕竟老师讲得这么好)。开学考前花了十几天复习，最后没复习完生殖系统和胚胎那一块就是量子波动的😂，大题胚胎和生殖系统的题目就完全不会写，但是被老师捞到了4.8，真的很惊喜。学弟学妹们好好听课，提前复习，给分不会差的，丁老师上课有时候会布置一点小作业，也一定要好好写(这次考试的一道大题，球旁细胞的超微显微结构及功能就是老师上课布置的作业😋)。(最后还是非常感谢老师们，笨人头一次专业课上4.8，有点激动，大家见谅🥰)
170521,1019,郑莲顺,2023-03-06 05:54:16,8,9,1,怎么说，如果我对医学院的教学水平还怀有信心，一定是因为郑妈的存在！
170573,4906,谷岩,2023-03-07 00:48:57,0,1,1,避坑吧，PPT以外的话不会讲，说话全程一个调，能把人催眠的那种
170575,4906,谷岩,2023-03-07 01:12:25,2,2,0,PPT很棒，答疑很认真
170632,6301,唐梦龄,2023-03-07 10:13:14,0,3,3,流病没挂，我来报恩打高分\n\n建议各位后来者流病上课好好听，绝杀不可取\n\n不过这两年题目难度越来越低了，或许以后会考的简单点
170641,314,那仁满都拉,2023-03-07 11:28:03,1,2,1,老师上课会传达正能量，满满的收获！推荐给大家！
170643,314,那仁满都拉,2023-03-07 11:49:44,-1,0,1,课非常好，给分也很好。
170667,6729,汪军,2023-03-08 01:47:51,0,0,0,超级好，课件框架完整，授课条理清晰，提问秒回。各论一最喜欢的老师
170741,9536,丁元,2023-03-09 02:59:38,0,0,0,老师贼好 幽默风趣
170788,3482,陈莹莹,2023-03-09 16:29:43,3,4,1,人美心善给分好！\n\n男生选也不错！！
170831,1367,韩春茂,2023-03-10 07:33:02,3,3,0,外科乙这门课的老师真牛逼，把我捞起来了，激动的心，颤抖的手！
170844,7828,隋梅花,2023-03-10 09:17:23,5,5,0,真的很用心很认真负责\n\n是大学里为数不多以“传道受业解惑”为己任的老师
170850,7828,隋梅花,2023-03-10 11:07:38,5,5,0,吹爆隋老师，科研很厉害，教学还这么用心
170971,1059,王福俤,2023-03-13 12:47:24,7,8,1,无语至极，感觉很自大，一开始就疯狂炫自己，真正的学术大牛从不会这样自我吹嘘，还强迫学生回答问题，讨厌至极
170990,6650,钟近洁,2023-03-14 00:49:00,17,17,0,钟老师，我哭死，人形组胚教到了新高度，我上大学以来第一次感觉学懂了的专业课，现在在老师的各论上，她的好要被所有人知道了⁄(⁄ ⁄ ⁄ω⁄ ⁄ ⁄)⁄
171015,5495,刘婷,2023-03-14 06:23:51,3,3,0,妈呀女神讲的太好了我直接爱死🥰🥰🥰🥰上大学以后第一个像高中一样仔细认真还画板书的老师，声音好听洪亮😍😘
171023,1756,杨敏,2023-03-14 07:53:02,-7,0,7,大英四事巨多，
171045,5527,冯钰,2023-03-15 03:18:48,6,7,1,说实话我个人认为讲的中规中矩，上课的时候以念ppt为主 很困 很困 很困
171046,5495,刘婷,2023-03-15 03:20:39,2,2,0,讲的特别特别特别好 老师声音也很好听 上课一点都不困
171104,751,林旭瑗,2023-03-22 13:48:26,0,0,0,123
171191,1416,沈晓红,2023-03-18 02:39:12,-7,6,13,老师人好好，很温柔，上课也很有意思。上个学期我选了老师的社会心理学还有预置专业课医学心理学，两个给分都是4.5。社会心理学两篇论文，一个讨论题(课堂上写)，论文要多结合实例，让老师看出你对这个知识点的理解和运用，像我有篇论文写激情式爱情的优缺点，就提到激情式爱情所谓的一见钟情可能是因为晕轮效应，然后举例说古代才子佳人一眼定终身也是这样巴拉巴拉；医学心理学和惭愧，考前一天绝杀，甚至到最后没背完，能有4.5只能说真的很感谢老师，学弟学妹们也要提前背，医学心理学考得有点细😂
171211,4621,杨小杭,2023-03-19 00:33:08,0,1,1,给分太差了
171238,7079,杨隽,2023-03-20 02:26:40,24,25,1,PPT reader 听得难受
171239,7079,杨隽,2023-03-20 02:36:59,16,16,0,PPTreader +1\n\n中文说不利索，英文听的难受
171240,7079,杨隽,2023-03-20 02:54:59,10,10,0,pptreader，不知道在讲什么
171242,7079,杨隽,2023-03-20 03:20:09,7,7,0,很难接受
171243,7079,杨隽,2023-03-20 03:35:24,9,9,0,不会念就别念捏
171246,7079,杨隽,2023-03-20 05:02:46,13,13,0,难蚌，怀念孙启明的第一天，以后生化都不上了
171251,9108,宋瑞生,2023-03-20 06:16:35,22,24,2,讲课水平极差，念PPT
171253,7079,杨隽,2023-03-20 06:26:03,4,5,1,不如自己看书
171269,7079,杨隽,2023-03-20 09:10:56,5,5,0,😅😅😅
171274,7079,杨隽,2023-03-20 11:24:14,7,7,0,依托答辩
171282,9108,宋瑞生,2023-03-21 00:47:20,16,17,1,我上去放景晴网课都比坐在这里有意义
171283,9491,张汕,2023-03-21 00:49:59,11,11,0,生化男神，亲合力强，讲课比某岩强太多了，PPT上还会划重点，bdbdbdbd！！！！
171291,7079,杨隽,2023-03-21 03:47:36,10,10,0,挺好的，催眠效果
171309,5495,刘婷,2023-03-21 09:36:21,2,2,0,对比明显 给10分
171324,7079,杨隽,2023-03-21 15:42:10,5,6,1,感觉弗如原神[绷不住了]
171325,7079,杨隽,2023-03-21 15:43:40,7,8,1,感觉老师人还是可以的，但是教室的灯都比老师讲的有感情
171330,3482,陈莹莹,2023-03-22 00:44:49,4,6,2,我老婆就是最好看的😍😍😍
171334,9169,周龙,2023-03-22 03:34:29,20,20,0,浙大第一rapper\n\n普通话有一种大碴子味儿\n\n普通话没有英语标准\n\n讲课有点乐
171358,7079,杨隽,2023-03-22 09:21:41,5,5,0,不光讲课很烂，PPT做的也很糟糕
171364,7079,杨隽,2023-03-22 11:49:52,5,5,0,我的评价是，不如智能AI读的好
171439,1416,沈晓红,2023-03-24 08:49:50,6,8,2,给分是真的差。。。可能是我的问题，但是我觉得我基本上也会，大题也都写了，专业课绩点突破新低
171494,7079,杨隽,2023-03-26 13:13:46,6,6,0,说实话，她讲的东西都是有用的；再讲一句实话，听她讲的不如自己看PPT。
171496,9108,宋瑞生,2023-03-26 14:23:10,9,10,1,秒读不回是吧 传个课件那么难的？？？ 钟老师都催你了你他娘还不传
171501,7079,杨隽,2023-03-27 03:33:20,4,4,0,这老师上课属实无趣，虽然也有这门课的关系，但她已做到了炉火纯青
171515,7079,杨隽,2023-03-27 08:14:22,3,3,0,不如上网课
171516,7079,杨隽,2023-03-27 08:14:23,3,3,0,不如上网课
171517,7079,杨隽,2023-03-27 08:14:24,3,3,0,不如上网课
171527,314,那仁满都拉,2023-03-27 11:12:10,0,1,1,感觉老师挺和蔼的，上课内容也确实很水，就是不知道为什么，老师要求最后一排的同学不能坐着上课，好像必须要躺着。我也不太懂，因为我今天第一次蹭课，老师好像不认识最后一排的两位督导，连带把我也赶出去了。总之，水水就好。
171566,7079,杨隽,2023-03-29 02:56:06,6,6,0,“谁要念稿子，我就打瞌睡，以示反对！”
171607,4819,吕寒冰,2023-03-30 02:19:50,3,3,0,收敛于一
171608,2830,陈周闻,2023-03-30 02:20:10,0,0,0,收敛于一
171629,3694,陈光弟,2023-03-30 09:22:29,0,4,4,当初上课之前看老师给分那么低我可害怕了，但一个学期下来感觉还好啦。上课风格上，老师确实会经常抽问（偶尔会奚落我们两句），考前就是背ppt，书确实没什么用，最后给分还蛮好的。（期末考题目里有跟一些热点结合的，那个是ppt上没有的。）
171643,1630,董恒进,2023-03-30 13:02:17,0,2,2,老师自身基础知识和阅历都很丰富，上课有条理，虽然不是专业课但是听了很有收获。
171658,9491,张汕,2023-03-31 06:57:17,12,12,0,老师很年轻，超高颜值男神，温和友善，上课认真，这个年头自己每节课备课做ppt的老师不多了！！！大家伙速冲！（顺便在此祈祷期末满绩）
171688,7079,杨隽,2023-04-02 02:50:27,5,5,0,长这么大见过最差的老师，看起来从来没备课过，上课就读PPT，还读得很不流畅，英文部分现场表演边读边翻译。看起来比学生还不了解这个知识，不知道她为什么要来上课。
171726,9169,周龙,2023-04-03 10:26:07,4,4,0,讲课很清楚很形象，认真听很有收获的
171747,3793,徐玉英,2023-04-04 02:33:49,2,2,0,上课讲的很啰嗦，面对学生不知道在傲什么。初学者犯错是很难免的，至于有很奇怪的态度对待吗？只有无语二字
171852,5392,龚哲峰,2023-04-08 02:12:03,1,1,0,至少逻辑是清楚的
171907,6406,郑婵颖,2023-04-12 06:40:57,4,5,1,（创业基础）很尊重同学\n\n事情略多（小队pre，论文，校园创业）但这是由课程性质决定的，老师尽可能减轻压力了（ddl之后也可以补交作业，校园创业不去搞也可以通过提交一些对课程的建议等替代）
171931,917,王红妹,2023-04-13 01:40:03,-3,0,3,666，什么🐮🐎
172006,6213,张孝通,2023-04-17 06:05:18,1,2,1,选他你将会浪费人生中宝贵的一学期，收获一个很低的分数以及糟糕的心情
172019,6281,郑树,2023-04-17 15:05:12,0,0,0,郑人高义，树木树人！
172047,6321,胡玮琳,2023-04-18 05:30:52,4,4,0,老师真的超好，口齿清晰，还会标重点
172075,9491,张汕,2023-04-19 02:24:34,2,2,0,老师真的很温柔，还不点名呜呜呜 他真的 我哭死
172122,1880,赵璐,2023-04-20 03:08:17,1,2,1,吹爆赵老师好吧，给分简直太好了，课也非常有意思
172158,9491,张汕,2023-04-21 01:51:41,5,5,0,听的生化课，讲的很好，上课确实有趣，尤其是在刚上完谷老师的课后再听张老师的课真是天上地下😂不能让张老师从头上到尾真是可惜。
172179,9239,陆新江,2023-04-21 07:49:42,0,5,5,“别的地方帮不了你们，分数上还是可以给你们的”\n\n“还有3min，要不大家静默3min？”\n\n老师可爱死我算了呜呜
172254,5723,冯友军,2023-04-24 02:08:49,4,4,0,纯纯傻逼
172257,5723,冯友军,2023-04-24 02:32:27,4,4,0,纯sb
172259,5723,冯友军,2023-04-24 02:49:52,0,0,0,…泰裤啦
172265,5723,冯友军,2023-04-24 03:56:28,4,4,0,有点大病
172303,6406,郑婵颖,2023-04-24 14:59:16,2,2,0,郑老师人真的很温柔，每次上课前都会走到讲台前鞠躬，让我这个摆狗真的觉得很惭愧，觉得我的听课质量远远配不上她的课\n\n也会听同学们的意见，对很多可能不成熟或者鲁莽的想法都会回答，会尽可能调动授课氛围，很可惜我们后面就有点沉默了\n\n平时不点名，我当时有事和她请假也让我先去做更重要的事情，非常非常善解人意\n\n以及最后，给了我这种菜狗很高的分数（至少对我来说），课程任务也不能说很少（课上pre，论文和校园创业），但是尽可能给我们减负了，平时都挺空的\n\n啊啊啊啊啊啊总之我吹爆郑老师，大家快快选她！
172311,6406,郑婵颖,2023-04-25 08:02:14,4,5,1,郑老师上课相当温柔，每次课前都会鞠躬，也不会扯那些让人不适的东西。所以即使课程性质决定了上这门课必须水过去，郑老师讲课也能让你水得流畅。\n\n成绩组成（2022-2023春）：到课10%，自己想一个创意点子并简单介绍一下8%，小组pre介绍老师给的案例12%，平时作业8%（忘了是什么了），小组2小时校园创业12%；最后50%是小组的创业策划书或者个人的课程论文（选择小组创业策划书的话，每人一个部分，任务量实则不大）。成绩组成第一节课老师会在ppt上放出来。\n\n给分蛮好，我中等投入，89分。不知道跟上课有2次发言有没有关系。
172312,3694,陈光弟,2023-04-25 02:07:47,2,3,1,实验室两个人阳了还不戴口罩来上课，真尼玛抽象~
172313,3694,陈光弟,2023-04-25 02:11:24,4,4,0,你猜，新冠阳性要不要带口罩呢？我们实验室有两例新冠阳性嘞，我还给你们上课嘞。。。\n\n捏妈妈你能不能不要不戴口罩在我们面前晃来晃去啊。。。
172366,3405,沈颖,2023-04-25 12:01:06,2,2,0,讲课思路有点乱。。。
172367,6406,郑婵颖,2023-04-25 12:03:23,1,1,0,创业基础顶级好课，一次小组展示一个小组论文，事少给分好，郑老师声音巨好听，我永远喜欢郑老师。
172371,6406,郑婵颖,2023-04-25 12:30:40,-3,2,5,老师真的很温柔很善良，身体抱恙请假，老师还贴心的说不用担心，养好身体最重要谁懂哇。\n\n事情也不太多有一个很短的团队pre和个人创意点子分享1min和100元小队两小时创业活动（需要课外时间，但是跟自己组织搞个小活动一样，很有意思）\n\n最后就是一篇创业策划书可以小队完成也可以自己个人做\n\n我是一个小队的队长，上课没有特别认真，但是上面的作业都是很认真完成的，上课也积极发言，最后4.5，觉得有一点点低，但是也还算满意啦~谢谢老师
172386,6406,郑婵颖,2023-04-26 02:10:37,0,0,0,老师很温和细心
172399,5753,闫小毅,2023-04-26 10:40:01,-3,3,6,啥都不讲算你牛啊？
172453,1287,杜亚平,2023-04-27 05:36:31,0,0,0,千万别选这个老师的课！全程吹牛逼、吹自己的合作项目、吹别人对自己的追捧，没有半点干货，给的分还贼低，我所有课里最低的一门
172477,3523,王良静,2023-04-27 12:10:18,0,1,1,授课老师十分帅气，事情不多，给分好～强烈推荐！！！
172486,2973,张晓明,2023-04-27 15:11:40,-2,2,4,爹味好重，而且临床III的教学和组卷质量是三门临床课里面最差的。1分收好，好走不送。
172620,1756,杨敏,2023-05-02 10:30:15,-4,2,6,（实用营养与保健）给分很捞！吹爆！如果认真听可以学到很多有用的知识的
172639,2436,余海,2023-05-03 03:38:49,-4,0,4,水课，高分，冲
172654,1702,毛峥嵘,2023-05-03 13:55:09,-2,1,3,避雷，划水的话绩点真低
172666,917,王红妹,2023-05-04 02:20:58,0,0,0,考核方式是三次小作业＋一次开卷考试，都不难，这学期给分也可以，不过每节课都会签到
172706,1532,胡小君,2023-05-05 01:03:36,2,2,0,真正学了些东西的
172723,2556,陈建忠,2023-05-05 07:51:57,0,1,1,唉，很烦这种一张试卷50%英文的考核方式，但是其实也不是老师的问题，是我太菜的问题。。。
172725,9491,张汕,2023-05-05 08:23:32,2,2,0,老师每次来上课都穿的整整齐齐，衬衫＋全套西装，备课很认真，PPT做的很棒，课也风趣有重点，爱了爱了！
172744,6426,陈家东,2023-05-06 03:02:12,2,3,1,好老师，实验课很温柔，亲历亲为手把手教同学们
172754,5705,孙洁,2023-05-06 06:29:34,1,2,1,上课好有趣！讲课会穿插贴近生活的玩笑来唤醒昏昏欲睡的早八人，没有对着PPT照本宣科，对比医学院其他的念经老师真的是不可多得的好老师呜呜。
172781,13,张咸宁,2023-05-06 20:07:06,2,2,0,佩服他的激情，是很有情怀的老师。敢于表达观点。第一次59把我挂了（没好好学，真的抱歉），第二次82把我卡了，但毫无怨念，抬抬手多给一分就不是咸宁了哈哈。
172840,8890,林能明,2023-05-08 06:34:44,8,8,0,好老师，学术严格，生活关心
172856,9491,张汕,2023-05-08 15:16:18,1,1,0,超超超级认真的老师，代谢讲得真的很清楚
172857,9491,张汕,2023-05-08 15:16:52,2,2,0,生化补天全靠他，其他老师的智云完全听不下去，爱死。
172917,5373,徐素宏,2023-05-10 02:18:58,3,5,2,老师很好，以往给分也很好，不知道为什么这学期给分垃圾死了，小组PBL和各种作业什么都用心写了，上课认真听了，期末考试也都写出来了，绩点出来差到以为我看错了
172920,2973,张晓明,2023-05-10 06:45:10,0,0,0,不点名，上课爱互动，英文多，但水平是真高，人是真好，还请临床医生来讲课讲手术。对后面学外科有很大的帮助，给分巨好！！一半以上4.5什么水平不用说了吧！！我的亲爹zxm
172926,3152,黄河,2023-05-10 03:12:36,2,5,3,思维严谨，讲课清晰。爹味极浓，热衷拉踩。无愧大佬之名，不具大师之德。个人评价，仅供参考
172939,5373,徐素宏,2023-05-10 08:49:07,0,0,0,已编辑
172975,7079,杨隽,2023-05-10 15:08:24,4,4,0,逆天老师
173026,5325,孟卓贤,2023-05-11 12:21:28,3,4,1,骂人声音很大
173051,6241,徐晗,2023-05-12 04:14:25,0,6,6,最糟心的老师，让每个学生准备ppt，五一放假期间临时通知5.4前交，交了然后呢，没堂课随机抽人上去做展示，不提前告知学生这周抽谁，上课当场抽，作为老师没有教授学生任何东西，纯粹浪费大家时间
173066,1416,沈晓红,2023-05-12 09:40:46,2,3,1,给分一般
173073,1720,袁方,2023-05-12 11:12:03,0,0,0,🍉🍉🍉
173085,9491,张汕,2023-05-13 01:50:50,4,4,0,宝藏生化老师🥰
173106,9491,张汕,2023-05-13 12:55:42,2,2,0,老师很温柔～PPT是自己做的，很详细很有条理，也有总结回顾。课堂上会讲细节的记忆的技巧，解释得非常清楚！
173119,9517,高洋,2023-05-14 00:46:01,-1,4,5,气泡音，贼帅😍😍
173121,7079,杨隽,2023-05-14 02:18:57,4,4,0,难以忍受，昏昏欲睡
173138,2952,孙秉贵,2023-05-14 08:27:31,1,1,0,糖原儿
173166,7079,杨隽,2023-05-15 00:41:00,3,3,0,真的吐了，建议赶紧退课好吧
173174,4984,王良,2023-05-15 02:24:28,6,6,0,好老师！
173194,8890,林能明,2023-05-17 12:37:21,2,2,0,发钱只多不少，从来不让学生干科研以外的杂活。有困难找他他会帮。做实验必要花的钱他都点头，还有比这更好的导师吗？
173234,4984,王良,2023-05-16 12:31:22,6,6,0,不错的老师，上课不枯燥，这点对于解剖课非常难得。
173255,3450,徐向荣,2023-05-17 06:02:24,2,2,0,上课根本不知道在干什么，问了其他班同学才知道这门课应该是什么样的（大学写作自然）
173293,13,张咸宁,2023-05-18 03:01:43,1,4,3,上课老是喜欢强调男同学女同学，有些话感觉男女都听了不舒服
173309,2746,李秀央,2023-05-18 07:27:48,0,6,6,公共卫生学院怎么出了这么多贵物？李修养、陈光dy一个比一个沙壁
173345,6252,史鹏,2023-05-20 11:33:50,3,5,2,服了...老师上课的时候肉眼可见的紧张，最后结束的非常潦草...导致复习的时候感觉ppt做得思维非常跳脱，突然就蹦出来个点需要学...
173381,5245,程洪强,2023-05-22 08:48:19,5,6,1,要求贼多\n\n基础医学技能研究二课很麻烦，要求本科生去预约两次平台仪器，还要在课堂上展示自己在实验室参与的课题\n\n多了很多麻烦事
173389,2034,沈筱筠,2023-05-22 23:58:04,3,3,0,😀😀😀
173390,2034,沈筱筠,2023-05-22 23:58:00,1,1,0,😀😀😀
173393,9491,张汕,2023-05-23 02:50:29,1,1,0,老师很温柔！讲课和PPT都非常用心，PPT还有划重点！
173395,7380,秦强,2023-05-23 03:33:33,2,2,0,老师这学期上课经常划水
173434,3834,夏宏光,2023-05-24 09:13:29,0,0,0,有趣的老师
173457,3834,夏宏光,2023-05-25 06:49:37,0,0,0,八错，打个十分拉高平均分
173460,3694,陈光弟,2023-05-25 08:05:39,0,0,0,正直、公正、平等、法治
173467,2034,沈筱筠,2023-05-25 13:27:13,1,1,0,垃圾，论文给分都这么低，无语😥
173481,5452,白戈,2023-05-26 01:46:55,-1,3,4,很和蔼
173486,5659,李学坤,2023-05-26 03:33:23,2,5,3,李学坤教授，是我来浙大遇到最有情怀的老师。答疑及时且详尽，上课内容也会自己消化一遍再梳理给同学们，条理极其清晰。课间也会和同学聊天，三节大课后两节也会讲故事来唤醒同学。真的把学生当做自己的孩子，给我们讲（虽然传统且老生常谈）学习的方法和正确态度。希望浙大有更多这样的良师。
173507,5868,吴一华,2023-05-26 15:58:04,0,1,1,值得推荐，有趣的课程
173578,5901,王绪化,2023-05-29 08:50:04,4,4,0,真的讲的很差...
173581,3834,夏宏光,2023-05-29 11:06:32,0,0,0,yyds
173601,710,欧阳宏伟,2023-05-30 00:47:23,6,6,0,很差，讲课一股爹味，喜欢pua
173676,6753,王赵琛,2023-06-01 02:23:44,0,0,0,～～～
173714,710,欧阳宏伟,2023-06-02 00:08:52,2,2,0,很离谱
173715,710,欧阳宏伟,2023-06-02 00:09:06,3,3,0,很难评，我祝他成功
173720,6650,钟近洁,2023-06-02 01:45:47,4,4,0,呜呜老师真的好好
173743,1702,毛峥嵘,2023-06-02 06:13:53,0,0,0,666
173762,6406,郑婵颖,2023-06-02 11:24:41,1,1,0,温柔\n\n落落大方\n\n声音好听\n\n尊重学生\n\n与脑科学学科交叉的创业课程\n\n事情少，反鹅颈 （1篇自我介绍；1个小型观点pre；1篇个人论文or小组合作创业计划书）
173847,3482,陈莹莹,2023-06-03 14:09:35,0,0,0,我上的是莹莹老师的体素课，超级温柔善良美丽可爱的老师！
173848,3694,陈光弟,2023-06-03 14:45:23,0,0,0,。。。
173878,3482,陈莹莹,2023-06-04 05:00:29,1,2,1,特别美特别棒的老师，拜托下学期也让我选上她的排舞！
173888,3405,沈颖,2023-06-04 06:45:24,2,3,1,害…绩杀，真不知道为什么当时要选这门课。
173930,5901,王绪化,2023-06-05 01:07:44,4,4,0,不好评价，感觉啥也没讲
173931,2364,包爱民,2023-06-05 02:32:02,-1,1,2,博学有热情的老师
173944,9491,张汕,2023-06-05 05:33:29,4,4,0,超级好，人帅温柔讲课清晰课件也非常适合复习，真的很喜欢张汕老师！！！期待以后能再上张汕老师的课！！！
173953,7380,秦强,2023-06-05 07:43:44,-2,0,2,谢谢老师，老师太棒了
173967,3854,孙启明,2023-06-05 09:15:05,0,0,0,孙老师我的超人！\n\n上他的生化的时候觉得讲的一般，和其他老师一对比才发现孙老师真的是超人！\n\n而且在他的实验室干活也很开心氛围也很好！
174051,2832,金明娟,2023-06-06 02:54:00,13,13,0,呵呵呵
174084,9517,高洋,2023-06-06 06:33:42,4,5,1,老师讲课挺好的，医学英语也真的很有用，就是考试的范围有亿点大，考前补天有点困难。
174136,7380,秦强,2023-06-06 13:25:32,9,9,0,超级重女轻男，
174139,6213,张孝通,2023-07-16 00:45:12,2,4,2,sb一个
174182,5901,王绪化,2023-06-07 05:44:06,4,4,0,上课就念ppt，上他的课毫无收获且浪费时间。
174206,6779,张腾,2023-06-07 11:07:20,0,7,7,冲就对了！！！！
174220,6287,姚雨石,2023-06-07 16:57:01,2,2,0,纯纯傻逼
174253,1416,沈晓红,2023-06-08 08:18:24,8,9,1,给分真的巨烂…如果真的热爱就选吧
174275,3694,陈光弟,2023-06-08 15:15:53,3,3,0,老师从良了
174281,5356,徐鹏飞,2023-06-09 00:37:24,3,3,0,超可爱的老师！！！
174307,1065,李立伟,2023-06-09 06:50:19,2,3,1,病原上的最好的一位老师，负责讲寄生虫的内容，讲得很好，并且是真的关心大家，每次都会提到“将来大家工作中可能……”，医学院不可多得的好老师
174308,5231,郭国骥,2023-06-09 06:51:46,0,1,1,和他老婆很甜。。人帅知识也很渊博，分医实验给分也很好
174310,13,张咸宁,2023-06-09 06:53:46,1,1,0,不可多得的认真的、上课有趣的好老师
174311,4286,蒋磊,2023-06-09 06:54:57,9,9,0,讲课很有趣，不过老师是怎么把一整本解剖全都背下来的，佩服
174435,9517,高洋,2023-06-12 06:48:07,7,8,1,好难好难好难
174505,3482,陈莹莹,2023-06-13 09:30:00,0,0,0,莹莹老师很可爱很认真！
174507,9108,宋瑞生,2023-06-13 10:52:54,9,9,0,凭一己之力让我整个循环系统都没学明白。不会讲课就别讲。见过最差的老师
174556,5901,王绪化,2023-06-14 04:31:45,-5,2,7,感觉还挺认真的，人也挺好的，讲课可能确实有点不清楚，但生化这部分可能就这样
174580,9509,周泉,2023-06-14 08:55:45,2,3,1,上了老师的细胞分子生物学技术，这好像是周老师第一次上这个课，很幽默 人也很好，虽然是化工出身 但是细生的专业储备也非常丰富！体验不错
174672,3450,徐向荣,2023-06-15 11:22:37,0,1,1,大学写作课，感觉不懂装懂
174702,2830,陈周闻,2023-06-16 03:25:32,11,12,1,老师给分是可以，但是人的三观实在是不愿恭维。国家大格局是有的，人性是没有的，同理心也是没有的，压根不明白同学们不满的到底是什么，过分上纲上线...你以最广大人民的根本利益为上当然没错，但这不是你理所应当地忽略少数群体的利益和苦痛的理由。。。所以啊这些没有人性的yxy行政出什么幺蛾子都不奇怪。密切联系群众都是不及格的。
174737,5452,白戈,2023-06-16 12:08:30,5,9,4,恶竞😅
174823,6621,蒋天安,2023-06-18 14:15:52,1,1,0,很有学者气质，很帅
174895,9517,高洋,2023-06-19 12:44:19,4,6,2,受不了一点，一节课念ppt两百页连点感情都没有，不懂能力在哪里
174900,6406,郑婵颖,2023-06-19 13:05:17,0,0,0,郑老师真的很温柔，而且能学到好多东西，对于创业认知真的有很大提升，除此之外还有表达能力，还有她笑的真的很让人激励啊(˃ ⌑ ˂ഃ )
174958,938,唐孝威,2023-06-20 12:14:09,0,0,0,其祖父为唐文治
174995,9491,张汕,2023-06-20 23:56:15,4,4,0,张老师讲的代谢特别好，尤其是在经历了谷岩老师的课堂之后……
175004,6301,唐梦龄,2023-06-21 02:30:34,-1,1,2,上课没听回看了下智云，老师讲的还是很好的，条理清晰，一下就弄懂了诊断试验
175065,1065,李立伟,2023-06-21 10:30:43,1,1,0,超超超级爱！老师专业能力很强，讲课很细致并且很有逻辑！医学院老师中的一股清流啊
175186,5495,刘婷,2023-06-22 07:56:38,1,1,0,讲课非常清晰，很舒服
175187,1756,杨敏,2023-06-22 08:14:47,-2,1,3,爱你😘
175254,9517,高洋,2023-06-23 04:06:07,3,4,1,给分很求是
175255,9517,高洋,2023-06-23 04:06:17,8,8,0,你看看这门课设置的考试范围它合理吗
175256,9517,高洋,2023-06-23 04:06:41,8,9,1,医学英语满绩5.0，我3.0，所以给老师打六分😘
175257,9517,高洋,2023-06-23 04:15:50,10,11,1,医科英语，考试贼难，一节课讲几百个单词，这是人能背下来的东西？
175258,9517,高洋,2023-06-23 04:07:58,4,4,0,从来没听过 感觉这门课上了也当堂记不住 老师挺好的 但是绩点让我很崩溃
175259,9517,高洋,2023-06-23 04:10:12,7,7,0,知识很多，凭借上课完全掌握不了，如果想要学好需要一周花40小时🤗
175260,9517,高洋,2023-06-23 04:26:15,-9,1,10,老师挺可爱的，感觉有点呆呆的。给分比较求是，背了一晚上单词，本人那张卷子估计80左右，最后4.2。追求绩点的话建议早点开始背单词。上课讲的都要背的。注意有些课后习题的连线题会变成填空考（不给词）。
175261,9517,高洋,2023-06-23 04:21:36,4,4,0,好难好难好难
175262,9517,高洋,2023-06-23 04:12:41,1,1,0,很难评
175263,9517,高洋,2023-06-23 04:12:36,1,1,0,老师很可爱\n\n课程很恐怖
175266,9517,高洋,2023-06-23 04:25:13,3,3,0,医学英语 很难 几百个单词 给分很求是 一学分的课事情也不少 但是老师很可爱 就是上课容易困
175267,9517,高洋,2023-06-23 04:25:41,5,6,1,谢谢老师的课帮我拉低绩点
175268,9517,高洋,2023-06-23 04:45:00,-1,0,1,催眠气泡音
175270,9517,高洋,2023-06-23 05:17:23,-11,0,11,其实还好，但不学绩点肯定不高
175395,9517,高洋,2023-06-24 13:33:41,2,2,0,其实认真听课，每节课及时背应该还是能学到很多的，有一种一门课学完所有医学英语词汇的美感。但是补天真的补不动(•̩̩̩̩＿•̩̩̩̩)
175400,9169,周龙,2023-06-24 14:55:43,8,8,0,他真的，我哭死，唯一把我讲懂的一次课
175446,7360,杨静,2023-06-25 02:57:00,1,3,2,很好的老师，事情少，给分好
175523,2364,包爱民,2023-06-25 10:33:20,2,3,1,医学院专业课神经生物学，老师讲得真的太好了，能学到很多，10分！
175554,1785,金永堂,2023-06-25 12:58:57,0,0,0,abosolute psychopath. 上课一直恐吓学生，不来上课就要怎么样怎么样，研究生要上班按指纹，不然就要扣钱，甚至劝退学。来上课是底线，懒散就是违反了底线。给分贼低。\n\n这老东西听说快退休了。zju有这样的渣滓真是令人惋惜。而且这种人渣还能安享退休金。
175566,2973,张晓明,2023-06-25 13:44:37,1,1,0,张老师的通识课非常轻松，老师幽默风趣，虽然PPT是中英文混合但是课程很简单易懂，考试前借本书去考试就好，没有点过名，小班教学，还有浙大医院的主任来讲座以及心肺复苏的体验课程，最后给分也超好，冲！！！
175579,7360,杨静,2023-06-25 15:05:27,1,2,1,老师巨温柔，人巨好，而且会捞人，我期末炸裂被海底捞了，没有挂科，谢谢老师
175941,1702,毛峥嵘,2023-06-27 08:15:46,0,0,0,讲课很清晰，对学生也很好
175985,6600,诗音,2023-06-27 10:40:11,2,3,1,很好的一个老师，很温柔！这门课可能事情有点多，但是认真做下来还是能拿到一个不错的成绩的，建议考前复习，不然容易遗忘。
176000,2096,罗依惠,2023-06-27 11:28:48,2,5,3,可能你没恶意，但你情商是真他妈低
176225,4906,谷岩,2023-06-28 06:16:24,1,1,0,老师答疑解惑很及时！
176250,5901,王绪化,2023-06-28 07:04:35,5,5,0,听他讲的生化课根本听不懂，直接对着ppt念，很无聊
176252,3712,周以侹,2023-06-28 07:14:12,3,3,0,考完试来给老师刷个十分！老师超级好，风趣幽默，上课认真，对学生也很耐心，一些实验室规范也会严格执行（女孩子就别穿裙子啦）是上大学难得的非常关注大家上课认真听讲程度的老师！！
176432,314,那仁满都拉,2023-06-29 01:58:42,2,3,1,给分很迷……没想到会这么低，而且还卡绩……钉钉已读不回……虽然上课是很水，但是每个作业我都是有认真在做的，点名也都在，考试也认真考，怎么会这样……是随机给分吧……
176435,314,那仁满都拉,2023-06-29 02:12:54,0,0,0,给分一般 满嘴火车
176492,7380,秦强,2023-06-29 06:09:15,2,2,0,虽然有时候真的在划水，但是人很不错，专业网球老师
176493,2722,许均瑜,2023-06-29 06:13:41,1,1,0,医学生物化学与分子生物学 这门课在我看来，我们这个班的所有讲课老师当中，许老师的讲课水平是最好的，逻辑清晰，不会像上半学期的某些老师那样只会念ppt枯燥无聊。\n\n特意考前一天来评价，希望医生化这门课在下一级能好好调整改进一下吧。
176501,2722,许均瑜,2023-06-29 06:31:05,0,0,0,讲的很好哇
176510,2830,陈周闻,2023-06-29 06:58:56,-7,2,9,行政方面没有过多了解，但是单从这一年的形策课来说，老师上课还算可以，给分出乎意料的好
176550,314,那仁满都拉,2023-06-29 08:48:03,0,0,0,...
176570,5392,龚哲峰,2023-06-29 09:36:05,0,0,0,龚哲峰，嗡嗡嗡～
176703,7658,刘足云,2023-06-29 18:15:16,4,4,0,碰到恶心人的组长和组员是真的倒霉，随便吧
176823,710,欧阳宏伟,2023-06-30 09:13:00,7,7,0,上课就顾着吹牛了，基本不讲知识点
176923,4814,吴晶晶,2023-06-30 16:58:01,-3,0,3,nm卡绩啊，满绩只是少数，卡绩是普遍啊啊啊啊啊啊啊啊，多给一分会死吗
176943,6301,唐梦龄,2023-06-30 23:46:42,0,2,2,流病试卷一点也不简单啊。。。流病到出分了也没讲过成绩构成，最后绩点不到3。
176953,9491,张汕,2023-07-01 00:47:09,1,1,0,感觉张老师真的很爱他的职业，据说科研能力也超棒！
177010,1702,毛峥嵘,2023-07-01 04:56:52,-1,0,1,比较I 一个班30人 来自期末考后老师在群里的消息：\n\n祝贺“…”五位同学比较人体形态学I总评成绩满绩！\n\n祝贺各位同学比较人体形态学I考出了优秀的成绩！本次我们班的期末卷面平均成绩是86.9分，超过了全年级平均成绩将近10分。有一道皮肤纤维瘤的切片诊断失分较多。另外，总评成绩我们班还有11位同学是4.8绩点，8位同学是4.5绩点。\n\n祝贺大家！希望下学期比较II能再接再厉！\n\n暑假愉快！\n\n\n\nxdjm们懂了吧！就是上课要小组展示 感觉效果不如直接听讲好
177021,547,陈坤,2023-07-01 06:16:43,2,4,2,流病给分真的差，我吐了
177048,2096,罗依惠,2023-07-01 09:29:04,-2,1,3,大学写作自然主题为传染病，需要小组展示、一篇读书笔记和一篇科普文章，上课会提问，最后给我的分还不错。
177057,2096,罗依惠,2023-07-01 10:23:31,-1,1,2,课堂：比较死板，基本上念ppt，有小组展示但其实可以说是个人展示，小组只是帮忙评价筛选，会提问\n\n老师：人脾气好，但是事情比较多，对格式选题要求比较严格\n\n给分：满意
177164,6406,郑婵颖,2023-07-02 02:37:11,0,0,0,从各种意义上来说都是一个好老师
177628,7994,徐建,2023-07-04 03:17:44,8,8,0,老师很好哇！作业提交基本上没有ddl，实验报告要求不是很高，唯一的美中不足可能是第一年上课，讲得不如资深老师清楚，但基本也能讲明白。\n\n不过就冲老师和蔼可亲的态度 必须10分！
177669,4442,周天华,2023-07-04 06:47:30,-2,1,3,好老师！
177674,5868,吴一华,2023-07-04 07:37:30,0,3,3,夏学期第一门满绩，开心，感谢超可爱的吴老师♥︎♡
177689,2105,杨芊,2023-07-04 09:14:00,2,2,0,一般吧，给分不好，事儿多，但在通核里算还行.....
177829,314,那仁满都拉,2023-07-05 03:13:43,1,1,0,老师人很好
177830,314,那仁满都拉,2023-07-05 03:13:43,1,1,0,老师人很好
177960,5868,吴一华,2023-07-06 00:05:56,3,8,5,辛辛苦苦打印了资料并且开卷写得很认真最后只有3。平时的事情巨多但是都完成了为什么只有3？
177989,5523,潘冬立,2023-07-06 04:49:39,2,5,3,呵呵，真就一点都不捞是吧
177994,2550,申屠建中,2023-07-06 04:52:32,0,2,2,老师满温柔的，虽然上课一般，但给分还是不错的呀
178013,6753,王赵琛,2023-07-06 07:43:02,3,3,0,课讲的好，但是给分有了很大的改变，可以说给分并不好，大部分人都集中在80-90，只能说和学长学姐说的完全不一样了
178031,7658,刘足云,2023-07-06 10:17:01,0,3,3,好评，事少分高
178051,6753,王赵琛,2023-07-07 00:38:44,3,4,1,不点名，老师讲课评价不一。就是出分太慢了，给分也没达到预期。选来当跨专业的，感觉事也不少，反而拉了均绩，想要绩点的可以考虑一下其他课。
178077,1065,李立伟,2023-07-06 15:14:42,0,1,1,呵呵，寄生虫考的这么偏真逆天啊，喜提70分。
178174,5825,严伟琪,2023-07-07 12:12:20,1,1,0,yue
178208,6753,王赵琛,2023-07-08 04:13:18,1,1,0,认真写的论文，给分远低于预期，询问老师原因，给出搬砖太多没有自己思考的答复，上知网花费7.5大洋查重，结果一共就13.4%重复率，基本全是引用的法律法规，把查重结果发过去之后已读不回，不是很懂，同时个人不喜欢已读不回的行为。
178210,13,张咸宁,2023-07-08 05:08:15,3,3,0,讲课很好but考试占比太大了有点\n\n期末考选择题基本上都是背到了但是最后分很低有点点难过
178211,13,张咸宁,2023-07-08 05:08:13,0,0,0,讲课很好but考试占比太大了有点\n\n期末考选择题基本上都是背到了但是最后分很低有点点难过
178232,5659,李学坤,2023-07-08 10:24:05,-2,2,4,老师很好，但是绩杀。不介意可入。
178259,7881,徐小林,2023-07-09 03:29:37,-1,1,2,我觉得就这样吧。
178271,6241,徐晗,2023-07-09 07:16:43,1,6,5,很不错
178296,6753,王赵琛,2023-07-09 15:46:39,2,2,0,老师上课非常好，有很深入很扎实的知识储备，上课的一些案例也比较有意思。\n\n但单就选这门课作为跨专业的课程，我觉得并没有那么推荐。成绩组成是40%的小组作业和60%的个人论文。小组作业大家也都明白，很容易出现混乱等各种问题，因此我的分数也并不是很好。而个人论文，我认为我是认真写了的，至少是看了材料好几遍，又写了好几天（因为当时课上确实有一些触动和感想）但最终的成绩确实低于我的预期。\n\n综上，老师上课还是很不错的，事情也挺少的，但给分不一定能达到你的个人预期。\n\n（大概可能也是我水平不太高，但最后看到成绩确实很有挫败感，会有点难过😥
178438,5659,李学坤,2023-07-11 15:42:43,-16,1,17,一夜绝杀4.5
178440,5527,冯钰,2023-07-11 16:35:30,0,1,1,给分差得离谱，而且上课有点无聊
178523,2973,张晓明,2023-07-13 10:04:59,1,1,0,通识课给分好，冲
178549,7994,徐建,2023-07-14 08:16:15,6,7,1,助教哥哥好帅！！！！
178569,5659,李学坤,2023-07-15 04:18:24,0,2,2,超级认真负责的老师！
178601,5452,白戈,2023-07-16 12:14:09,-4,3,7,白老师人超好，关心学生很实在不说虚的不摆架子
178808,314,那仁满都拉,2023-07-24 00:48:13,3,3,0,很喜欢老师的性格-直率，他说只要75%的学生喜欢这门可就达到了目的，不在乎其他人对他的负面评论；对时间的要求贼高！感谢老师，学到了很多做人做事，担当等，感谢
178810,7079,杨隽,2023-07-24 02:26:53,6,6,0,听刘不言去吧
178842,2105,杨芊,2023-07-25 07:02:55,2,2,0,6分，中规中矩
178843,851,方马荣,2023-07-25 07:05:20,2,2,0,今年2023，老师上课依然很拉胯，特别喜欢中英混杂的讲多个PPT，讲课时间很短，平均45min，使用2-3个PPT，所以每个PPT大概就讲十几分钟。一般情况是听不懂的，那么多节课里我只听懂了讲腕管和腹壁浅层……解剖大概时候人大概也是不在的，会让你自己试着解很少指导。回答问题很积极，但是不会直接讲问题本身，而是相关的所有知识点全部再讲一遍……所以一般问不出来结果。\n\n但是，\n\n哪怕这么多问题，但是他人还挺好的，没事聊天讲讲考试喜欢考什么，讲讲职业未来规划，下课时间极其自由（一般4：30），考试应该也捞人了，我纯菜鸡结果还不错。\n\n总之，烂但不是很烂，甚至于很喜欢自学的人会非常喜欢他的上课……
178991,9517,高洋,2023-08-15 04:19:20,1,1,0,给个均分5.0，顺便来看看课友们的精神状态 :P
179018,938,唐孝威,2023-08-21 12:49:26,0,0,0,伟大的科学家
179061,7918,宋培歌,2023-08-27 02:36:59,0,3,3,《全球卫生》的课。偶然看了一下终于出分了。\n\n点名是每节课都要点的，这节课虽然是连上三节，但基本都会提前下课，给我们时间看智慧树的线上课程。\n\n宋老师上的很不错，难得的能听进去的课，应该说是对上电波（x。当然也有其他老师会来授课。\n\n考核是点名+线上网课+期末考试（当时问了我们，大部分想要开卷所以最后开卷了）\n\n期末考试也还可以，基本都可以找到。\n\n总之很有收获！谢谢老师
179128,6406,郑婵颖,2023-08-28 08:13:31,0,0,0,dddddd
179278,7079,杨隽,2023-09-07 06:25:20,5,5,0,一坨答辩
179279,6934,刘硕,2023-09-07 06:42:28,0,0,0,🤣🤣🤣
179307,7828,隋梅花,2023-09-09 04:01:26,1,1,0,真的好老师，只恨相见太晚
179367,6683,袁长征,2023-09-13 08:53:19,4,5,1,好老师！！！
179404,10091,杜秋宁,2023-09-14 13:04:02,2,4,2,哈哈哈哈
179405,10091,杜秋宁,2023-09-14 13:42:32,12,15,3,平时大部分时候表面上十分的和蔼友善平易近人，但她背地里是个女权，急功近利，不过不容易发现，她伪装得很好。但是她生气不会骂人。
179448,6406,郑婵颖,2023-09-16 04:44:50,3,3,0,温柔耐心，尊重课堂；学有所得，任务简赅；给分可观，吾爱吾师。
179484,2472,李晓明,2023-09-17 07:29:58,1,1,0,开场白讲了20分钟。。。
179599,10045,霍大伟,2023-09-18 14:10:56,1,1,0,表白霍老师！条理清晰、逻辑严密、深入浅出，而且老师非常有耐心！最喜欢的老师没有之一❤️
179848,7097,何虹,2023-09-20 02:12:40,1,1,0,说话用词很奇怪，听不懂，问多了不耐烦，会点名提问
180007,6650,钟近洁,2023-09-20 06:25:51,5,5,0,zjj老师上课真的超好，遇到最好的组胚老师
180079,10091,杜秋宁,2023-09-20 09:00:33,-3,5,8,喜欢杜杜，给我们军训带西瓜和冰棍！！！！！！！！！人超好！！
180161,3482,陈莹莹,2023-09-20 12:10:36,4,7,3,第一节课 被美晕了…🥺好像陈昕葳和张婧仪🤧
180168,3482,陈莹莹,2023-09-22 00:39:27,0,0,0,莹莹姐好美 好温柔好可爱
180181,10130,李勇剑,2023-09-20 13:04:46,1,1,0,李老师yyds
180249,3482,陈莹莹,2023-09-20 23:46:49,1,2,1,老师真的好美😭😭人也很温柔！！
180346,314,那仁满都拉,2023-09-21 07:22:15,0,0,0,老师挺幽默的，上完这门课只学到了，“喝好的纯净水”哈哈哈哈，老师刀子嘴豆腐心，感觉挺可爱的，在学术方面也很有成就！作业什么的按照要求写应该不会差，期末的论文我结合身边的实例，最后满了~
180357,7004,胡可嘉,2023-09-21 08:01:23,5,5,0,温柔的老师
180411,3482,陈莹莹,2023-09-21 12:58:42,1,2,1,莹莹姐好好
180417,5411,胡少华,2023-09-21 13:34:53,1,2,1,第一节课提早半小时下课，正好避开了雨，给10分
180467,10130,李勇剑,2023-09-22 01:04:56,1,1,0,李老师很帅，上课非常认真！
180709,6234,杨菲,2023-09-25 05:52:58,3,3,0,好好好，实用营养与保健，课可摸鱼，也可学到有趣的知识，事情还少，老师也温柔，推荐报！
180763,7435,李辉,2023-09-26 02:22:25,17,17,0,老师的民事诉讼法课程讲得很扎实 ，深入浅出，和法考内容也很贴合！！
180861,2268,施洁珺,2023-09-27 08:29:00,2,3,1,老师讲课有趣，结束了还会讲重点
180922,13,张咸宁,2023-09-28 07:22:35,1,1,0,努力不成为庸医！
180975,4972,陈伟,2023-09-30 08:53:10,0,0,0,陈老师好像很随和的样子
181023,5441,杜艺岭,2023-10-03 13:45:52,-1,1,2,老师很可爱，虽然上课比较无聊，给分很不错
181040,10091,杜秋宁,2023-10-06 10:30:53,-5,1,6,看似还行
181051,6321,胡玮琳,2023-10-07 02:47:59,3,3,0,老师真的讲得非常好呜呜呜 重点明确 口齿清晰 举很多例子帮助理解 ppt也做得很简洁明了 好爱听老师的课！
181119,9108,宋瑞生,2023-10-09 05:21:11,4,5,1,Dr. Rui Sheng的语音语调毫无波澜，比入睡诱导剂还好用
181131,7435,李辉,2023-10-09 14:23:03,11,11,0,我为辉姐扛大旗～
181133,1647,王晓健,2023-10-09 14:57:39,-2,0,2,听了今天的课我觉得老师讲得很好诶，除了我自己走神的地方，都可以听得很明白。而且，她似乎是第一个放英文视频会在意我们听不听懂的老师（敲）。
181154,6213,张孝通,2023-10-10 06:36:01,2,2,0,sbsbsbsbsb
181274,10091,杜秋宁,2023-10-13 01:20:04,3,4,1,绩杀不解释，看不见别人的努力，我辛辛苦苦训练最后给我一个低分，划水的反而拿了高分。
181277,7259,钟贞,2023-10-13 01:50:20,1,1,0,很差 快跑
181303,10091,杜秋宁,2023-10-13 11:02:58,3,3,0,极端女拳，人面兽心，毁人不倦，道德败坏，人人得而唾弃之，给分纯看性别和心情，享受虐人快感，满足权利欲望和变态的私心
181315,10091,杜秋宁,2023-10-14 03:53:26,2,2,0,寄嘿嘿
181339,9108,宋瑞生,2023-10-15 09:35:39,6,6,0,ppt也不好好做了，一节课讲17张ppt
181361,6306,林文龙,2023-10-16 03:07:42,1,1,0,老师人挺好 但是讲课有点无聊😭可能不是他的原因 是课的原因 病原好无聊呜呜呜
181384,2494,邱爽,2023-10-16 08:13:51,0,0,0,lecture和tutorial都很有逻辑，声音也好温柔
181385,3902,齐宏妍,2023-10-16 08:24:17,1,1,0,耐心，会倾听，讲得好
181406,13,张咸宁,2023-10-17 05:50:33,10,10,0,任何时间，任何地点，超级庸医，寄刻出击！！！
181441,10091,杜秋宁,2023-10-18 01:17:35,0,1,1,拳师没啥好说的
181453,6202,闫春兰,2023-10-18 06:20:04,4,4,0,啰啰嗦嗦不知所云
181495,9510,徐浩新,2023-10-19 07:45:00,0,0,0,666
181551,2830,陈周闻,2023-10-22 12:41:29,1,1,0,拖堂啊救命，求求你别拖了，都没人听你还讲啥呀
181598,10091,杜秋宁,2023-10-24 02:57:19,0,2,2,不要恶意点评 客观评价来说在军训里确实是对学生很不错的
181617,5217,王迪,2023-10-24 11:09:51,6,9,3,sdsb
181651,8398,林开清,2023-10-25 08:26:33,0,0,0,讲得非常好
181669,6252,史鹏,2023-10-27 11:22:09,7,7,0,PPT图片基本全来自一本教材，自己也不理解自己PPT上放的图的含义。问她问题一旦问深就会没法回答并推荐去看她用的那本教材，可那本教材上根本没有写。听她的课不如自学。
181675,7259,钟贞,2023-10-28 01:14:56,3,4,1,双十一到了，大家加加油，把钟老师分数打下来
181676,7259,钟贞,2023-10-28 01:16:00,1,2,1,双十一要到了，把你分数打下去!祝你被东皇开大张良开大吕布跳大司空震开大高渐离开大安琪拉开大王昭君开大哪吒开大凯皇开大典韦开大苏烈开大张飞开大关羽开大妲己开大暃开大……
181785,10091,杜秋宁,2023-10-31 15:32:17,0,2,2,极端女拳，人面兽心，毁人不倦，道德败坏，人人得而唾弃之，给分纯看性别和心情，享受虐人快感，满足权利欲望和变态的私心。\n\n什么叫客观来讲对学生很好？她给你高绩点你享受到了当然替它说话，不要让屁股决定脑袋！
181826,2337,陈玮,2023-11-02 01:26:39,3,3,0,这辈子没见过讲的这么清楚的老师
181830,5356,徐鹏飞,2023-11-02 02:15:55,2,2,0,真诚且热情，接地气，真正为学生着想。
181867,946,韩曙,2023-11-02 23:43:45,8,8,0,老师是讲相声的，被学医耽误了
181896,8533,林辉,2023-11-03 18:12:08,-2,5,7,授课水平像是个9.99的老师，理解很深入，上课能深入浅出
181897,1019,郑莲顺,2023-11-04 03:19:55,3,3,0,10分，少一分都不行
181936,6302,连虹,2023-11-06 01:47:58,1,2,1,这么好的老师居然不是10分，肯定有人在捣蛋！！！
182004,8533,林辉,2023-11-07 18:35:00,-1,5,6,自信，霸气，讲课好，四个老师里留下最深的印象的就是他。缺点是膀胱局（不喜欢下课。。。）
182023,2494,邱爽,2023-11-08 08:49:04,0,0,0,讲课清晰，ppt也不错
182096,1416,沈晓红,2023-11-10 01:54:50,2,2,0,不点名
182109,3694,陈光弟,2023-11-10 05:33:22,1,1,0,真的很难绷
182133,938,唐孝威,2023-11-10 12:21:02,0,0,0,科学家精神的典范
182140,9517,高洋,2023-11-10 13:42:47,2,2,0,呵呵 无语
182152,1451,夏大静,2023-11-10 16:52:26,-2,1,3,今天要考试了好紧张，看在我把PPT都整理成word还做章节概要图的份上给我高分吧xdj老师我爱你
182197,1756,杨敏,2023-11-12 11:38:23,0,2,2,老师真的很温柔欸
182200,900,周俊,2023-11-12 13:03:26,2,2,0,讲课有逻辑，讲得快是迫不得已，讲得清晰是尽力
182203,5868,吴一华,2023-11-12 13:19:33,5,6,1,饮食与人类，一个学期下来就点一次名，老师真的特别善良特别好，作业就一次小展示和一次大展示，大展示非常有趣！！！最后开卷考也很友善，总之建议冲！！！最后大展示结束后老师发了一大段话，直接泪目，真诚永远是必杀技！
182209,5217,王迪,2023-11-12 15:40:43,7,9,2,一坨是
182210,5373,徐素宏,2023-11-12 15:43:03,1,3,2,期末周 两周4次展示 平时分给分只有80，我测你吗
182230,3662,郑莉灵,2023-11-13 04:12:23,1,1,0,上课和实验都很好  很温柔
182273,5527,冯钰,2023-11-14 00:16:00,2,2,0,无情念ppt
182306,8533,林辉,2023-11-14 10:37:37,-3,5,8,和林老师不是在上课认识的，但林老师真的是个好老师。\n\n林老师主职业是一名医生，现在是为了促进学科交叉来到生仪学院做副院长吧。和他认识是因为他是我们的班主任，那时候除了觉得他话有点多之外对他并没有太大印象。\n\n我真正对他产生敬佩时，是一次对他的访谈。职规课要我们小组去采访三位与自己未来职业有关的前辈，我那时不认得谁，就去找了林老师，没想到林老师很爽快答应了，甚至还想带我们参观邵逸夫医院，但因为离港太远经过我们小组考量拒绝了，所以请我们喝了一杯咖啡。说实话，林老师作为一名医生，他的很多专业知识其实并不能给我们工科生很重大的影响，但他对医工信交叉的理解十分成熟，是工科生们造出的精密的仪器与医学生们的医疗技术的中间人，推进着医疗器械面向市场。访谈过程也展现了林老师极为正确的三观，他嫉恶如仇，有着极高的正义感，希望自己是惩恶扬善的人，本来是想学法学的，后来因为种种原因成为了一名医生，当然他对现在的生活也很满意，看到病人能够康复会收获极大的幸福感。林老师情商也很高，作为一位不同专业之间团队与团队的连接人，他很强调团队合作，认为既然是自己不擅长的领域，就更要保持谦逊之心，要懂得主动询问别人，弥补自己的不足，发挥自己的价值，一定要感谢给予自己帮助的队友们，不能让他们寒心。在与林老师谈话的过程中，我们感受不到十分严肃的氛围，有的只是和蔼长辈的关切之心。他真的挺忙的，一次访谈来了好几个电话，就这样也愿意抽空见我们，分享自己的经历，已经被感动到了。\n\n这些话可能对课友来说并没有太大帮助，但确实是我发自内心的一段话，如果在课上遇到困难了，大胆找林老师吧，他是不会吝啬于帮助的。\n\n我的文字水平有限，不能体现出林老师的好，但我祝愿大家能够体会到口头禅为“某种意义上来说”的林老师的好。
182316,710,欧阳宏伟,2023-11-14 12:45:53,2,2,0,啥也不讲就会吹
182329,5280,徐骁,2023-11-14 16:56:49,3,3,0,器官捐献 会邀请一些专家来讲课 有的讲的还是很有意思的 有的有些无聊 事情总的来说挺少的 就是课后小测+期末大作业 认真做的话给分还不错 总之是一门推荐的好课。
182331,7729,郑小凤,2023-11-15 00:20:02,5,5,0,不备课的ppt reader，用综述水时间
182351,5719,陈宝惠,2023-11-15 06:03:19,0,0,0,额，感觉上课抓不住重点
182352,3854,孙启明,2023-11-15 06:04:25,3,3,0,上课念ppt，而且讲的不清晰
182399,7956,生万强,2023-11-15 13:20:59,1,2,1,满分，钉钉问他问题会十分详细地回答，甚至会为了我问的一个问题去翻教科书求证，讲课也有逻辑。
182421,5723,冯友军,2023-11-16 02:43:32,8,9,1,靠提问一些莫名其妙的问题让大家听他稀烂的课跟靠孩子留住出轨的男人有什么区别
182428,5723,冯友军,2023-11-16 03:11:57,4,4,0,什么傻逼都能来讲课了吗？
182429,5723,冯友军,2023-11-16 03:22:13,4,4,0,史..
182431,5723,冯友军,2023-11-16 03:25:00,1,1,0,嘻嘻😁
182432,5723,冯友军,2023-11-16 03:51:37,5,5,0,大无语，上课提问浪费大量时间，信息传递效率太低
182459,2494,邱爽,2023-11-16 07:08:19,0,0,0,老师非常好，这门课是十位老师每个人给我们上两节课，每个老师都很专业很热情，给分也比较理想。
182486,7259,钟贞,2023-11-16 11:47:41,2,2,0,没有一句话是完整的
182510,7729,郑小凤,2023-11-17 00:15:43,5,5,0,读讲义且读不顺，每次翻页都卡壳
182526,7729,郑小凤,2023-11-17 06:02:07,1,1,0,没有稿子就讲不了的老师
182580,1880,赵璐,2023-11-17 16:17:28,2,4,2,老师人超好，挺温柔的\n\n这学期说要转国际化了但是还是保留了很多的中文说明，对我这种英语学渣很友好，不清楚下次开课如何\n\n一定要回答问题！本人就抢到了一次发言，但是起评分挺高的\n\n老师对pre的要求挺高的，经常提意见（比如不要在PPT上放长段文字，此外老师好像挺认可组员切换的时候互相介绍的），内容不是完全专业化的内容（而且因为受众也不建议太专业化），也会混杂一些人文相关的选题\n\n论文限制篇幅上限所以根本不会卷！我一时不慎选了一篇水论文读但是最后论文部分打分不错\n\n上课可以水但是听一听也蛮有意思，大部分是高中生物范畴的知识，讲的很易懂
182652,3765,李颖,2023-11-19 02:58:23,0,0,0,绩杀我真的无语了
182666,4906,谷岩,2023-11-19 07:00:26,1,1,0,老师上课主要念ppt为主，可能很催眠但是可以不听（可以写报告）。最后的展示真的很水，没有鼓励卷发言，按照要求做完就行。平时课上有问题都会很积极帮助解决，最后给分也不错。
182667,9484,张国捷,2023-11-19 07:07:01,3,5,2,感觉对学生不是特别上心，浙大老师忙的也不止他一个吧，但感觉下来他是最让人无语的。\n\n完全感受不到对于培养学生的热情
182675,5622,何超,2023-11-19 11:03:06,2,2,0,闭着眼睛选，选就对了
182721,5723,冯友军,2023-11-20 02:05:15,20,20,0,扎不多德勒\n\n讲得不好\n\n阴阳学生\n\n爱提问（提个寄吧靠这个水时间是吧，三十分钟能讲完的东西给你水到三节课还想让学生给你打高分？？？
182724,5723,冯友军,2023-11-20 02:08:40,25,25,0,尊重是自己给自己的，不能用某些手段来逼迫。\n\n还说什么恶意打低分，自己的课上得怎么样自己心里没有数吗
182728,5723,冯友军,2023-11-20 02:31:51,21,21,0,老师会非常非常温柔地让你收起电脑抬头听课，会非常非常亲切地问候每一个人的知识掌握情况，课前会非常非常认真地巡视教室，助教也会非常非常感激地邀请你给老师打高分
182738,5723,冯友军,2023-11-20 04:06:08,8,8,0,讲课乱七八糟，形式主义一大堆，小sb会说话就多说点
182740,5723,冯友军,2023-11-20 04:09:58,2,2,0,纯乐鼠
182742,5723,冯友军,2023-11-21 08:25:43,2,6,4,老师科研能力很强
182745,5723,冯友军,2023-11-20 04:17:25,2,2,0,老师就是纯纯nt，刷存在感呢
182746,5723,冯友军,2023-11-21 06:06:36,5,5,0,令人无语
182747,5723,冯友军,2023-11-20 04:40:42,2,2,0,🤮🤮🤮高分打不了一点
182749,5723,冯友军,2023-11-20 04:28:08,2,2,0,傻逼一个
182750,5723,冯友军,2023-11-20 04:39:31,2,2,0,纯sb，史。蛀虫
182751,5723,冯友军,2023-11-20 04:42:01,2,2,0,建议老师多反思自己，少指责别人
182760,9108,宋瑞生,2023-11-20 06:23:17,2,2,0,Dr.Song，您出本书吧，我一定第一个买——直接推翻生理课本得了
182762,9241,孙岑岑,2023-11-20 06:28:52,6,6,0,美丽又耐心，老师教的好好
182789,3662,郑莉灵,2023-11-20 08:45:26,1,1,0,很负责任的老师，生化还有实验课都很好，一直笑笑的
182792,5830,汪浩,2023-11-20 08:51:10,0,1,1,给分巨烂，人均3.几。
182793,5830,汪浩,2023-11-20 09:05:39,0,1,1,这什么给分？？？b蜜汁给分
182795,5723,冯友军,2023-11-20 09:05:51,1,1,0,dddd
182811,5723,冯友军,2023-11-20 11:02:26,4,4,0,讲得好，给11分，这是多出来的1分
182839,5723,冯友军,2023-11-20 14:15:58,6,6,0,医生、老师本身都是高尚的职业，有些人却能用自己的努力让学生感受到这两种职业肮脏的下限
182840,3902,齐宏妍,2023-11-20 14:23:18,12,12,0,医学院为数不多的真正配为人师的老师。上的是齐老师的病理生理学和生理科学实验，但很遗憾都只上了一节课（每节课老师不同）。\n\n齐老师的课堂上就是一位亲切可爱的大姐姐在教给你知识和技能，没有yxy某些贵物的说教和不屑一顾，也不是yxy传统的低质量PPT路演，是那种你正在摸鱼都会停下来想要去听老师讲课的好。生科实验唯一一位让我从课堂中学到很多知识并且学会了如何运用的老师。感恩！如果yxy的老师有五分之一能到这个水平，那十年之内追上协和也是有可能的。
182853,5574,张岩,2023-11-20 16:15:53,6,6,0,让博士生替他上课，架子挺大
182857,5723,冯友军,2023-11-20 20:02:50,1,2,1,我也想见识一下老师的定位呢😁
182859,3694,陈光弟,2023-11-20 23:39:09,4,4,0,只要照着老师的要求做，小组展示多问答，基本没什么问题
182860,3694,陈光弟,2023-11-20 23:50:38,8,9,1,哈哈出分完就来了，上课很水大家都在自习，有几节课最后有小测两道简答题，都能百度或者在ppt上找到，有个五分钟的pre，六七人一组完全没什么事情，期末考开卷也只有六道简答题，还可以上网查找资料（连ppt都不用看）感觉比我其他的通识事情少好多，最后给分还很好4.8
182868,3694,陈光弟,2023-11-21 01:10:58,7,8,1,通识课还是很好的（事少分挺高）
182875,5723,冯友军,2023-11-21 02:07:07,4,4,0,爬！
182882,1451,夏大静,2023-11-21 02:32:13,23,23,0,给分太迷了，小组pre有在好好做，期末四道半题全找到了，最后半题是写食谱，然后3.6，迷了
182887,1756,杨敏,2023-11-21 02:56:11,5,11,6,实用营养与保健，通识课，一个班七八十个人，四个人九十➕，期末考试恶心不调分，私信问她问题已读不回，课后事情巨多，都是配合她科研并提供数据（无偿），一门通识课给你属实玩明白了😅😅
182888,3694,陈光弟,2023-11-21 03:06:30,4,4,0,公共卫生导论，cgd老师上的四节课有点名和课后练习，其他四节课没有。有一个五分钟的小组展示，要求小组所有成员都到台上回答其他同学的问题。期末是线上开卷考，要开摄像头，但可以看电子资料。cgd老师上课会提问靠走廊的同学，不想被提问就避开好了。
182893,1451,夏大静,2023-11-21 08:52:25,-21,2,23,嗯，老师备课非常认真负责，又严谨又慈祥的，如果对于健康与免疫本身不是很感兴趣的话，可能听着会有点枯燥，但是如果高中选生物并且比较喜欢的话，还是很有意思的。4.8还可以啦
182902,1451,夏大静,2023-11-21 04:10:55,17,17,0,展示被夸，开卷买了教材认真写了，1.8，构式
182909,1451,夏大静,2023-11-21 07:22:40,7,7,0,给你十分看会不会删评，前几条都被删了NB
182914,3694,陈光弟,2023-11-21 05:31:56,3,3,0,挺好的，事少分高
182919,5723,冯友军,2023-11-21 05:50:48,5,5,0,血统非常纯😅
182923,1451,夏大静,2023-11-21 06:08:49,14,17,3,嘻嘻，什么都不说了，给大家叠个buff吧\n\n组长+两次小组作业展示人+老师说“我记得你的名字，每个认真准备的同学老师都记得”+“老师知道你对小组作业的贡献很大”+期末考准备了ppt以外的资料（有关mRNA疫苗)\n\n最后只有4.2
182942,1451,夏大静,2023-11-21 10:18:27,21,21,0,被绩杀了，给分太迷了…
182950,1451,夏大静,2023-11-21 07:59:33,-5,0,5,给分不错，认真听能学到很多东西，男老师很喜欢，有趣而且很有科学家气质
182951,5868,吴一华,2023-11-21 08:00:20,0,0,0,神，讲课好有趣
182952,1756,杨敏,2023-11-21 08:05:31,3,5,2,实用营养依托
182969,3694,陈光弟,2023-11-21 08:49:10,2,2,0,公共卫生导论\n\n水课，学不到什么东西，不用任何基础\n\n但是，谁让它事少分高呢
182970,5868,吴一华,2023-11-21 08:58:34,0,0,0,很好的老师，幽默风趣又有科学家风度
182992,1880,赵璐,2023-11-21 11:09:38,0,1,1,老师超好超温柔，一直注重培养我们解决问题的能力，就是全英文强度有点大，拿不到满绩怪我英语太差了
182995,5723,冯友军,2023-11-21 11:21:22,10,10,0,上完课觉得当这位老师的研究生好惨
183000,1451,夏大静,2023-11-21 11:35:16,7,7,0,小组全绩杀，快run
183008,3694,陈光弟,2023-11-21 11:58:58,1,1,0,给分很好
183015,6278,朱依敏,2023-11-21 14:06:35,5,5,0,给分好迷惑
183022,6278,朱依敏,2023-11-21 14:27:07,4,4,0,一些观点有些迷、、给分只能说看运气
183024,3694,陈光弟,2023-11-21 14:42:25,2,2,0,事少芬多
183039,6278,朱依敏,2023-11-21 16:49:38,9,9,0,笑死\n\n平时分就扣了一点多\n\n开卷考全都有答案\n\n结果出来70多分\n\n真不知道是什么给分\n\n要报这个课的真的听听劝\n\npre 小测 全都做满了\n\n慕课期末考还是全英文的都一点一点给翻译了再做 出来这个分数真的难受
183062,1451,夏大静,2023-11-22 03:27:54,10,10,0,上课不点名，但是最后展示课点了。两次pre，期末考试嗯抄PPT，给分很迷
183063,1451,夏大静,2023-11-22 03:33:32,12,12,0,确实有点绩杀，都有在好好做 给分有点懵逼
183066,1451,夏大静,2023-11-22 04:00:13,-23,2,25,夏老师真的学识很渊博，上课认真听的话对我这种高中没选生物又对医学有兴趣的工科生真的很适合。全勤+积极参与小组活动+一次最后展示的preer+上课记笔记+打印ppt参加健康与免疫开卷考，老师给了4.8。看到很多在吐槽老师的，我觉得虽然可能运气会有很大作用，但是如果你认真学认真做一个踏实的学生，你的努力不会被绩杀。
183073,3694,陈光弟,2023-11-22 04:25:45,3,3,0,公卫导论特别好。事少分高。都来选！
183074,6278,朱依敏,2023-11-22 04:31:56,5,5,0,不理解为什么为什么组长要随机分配，不想当组长的人被老师随机指定为组长，拉着一群人累死累活地展示，结果还一点组长加分都没有，跟组里搭便车的人展示分数一样，难评
183092,6278,朱依敏,2023-11-22 06:10:53,5,5,0,给分巨恶心，平时慕课，小测做的很认真，平时分就差两分满，还莫名其妙当了小组长，累死累活，最后只有七十多，喜提3.3，太搞心态了，均绩直接被拉低了好多，听劝别选，给分太迷了，助教还很sb，说是正太，想学这方面的自学一下完全可以，别选这个课，狠狠踩了，巨恶心，付出跟得到的完全不成正比。。。。。当时真该听劝
183114,5280,徐骁,2023-11-22 08:49:37,1,1,0,器官移植课\n\n大一第一门满绩，收获满满\n\n（还请来了郑树森院士，讲的真的很好）
183116,6278,朱依敏,2023-11-22 09:05:45,-5,1,6,老师讲的好，给分也不错呐
183127,13,张咸宁,2023-11-22 10:28:01,7,7,0,讲得很好 但是期末成绩占百分之七十 期中成绩占百分之三十直接把我送走了
183130,6278,朱依敏,2023-11-22 10:46:38,2,2,0,绩杀避雷
183131,6278,朱依敏,2023-11-22 10:50:54,4,4,0,避雷避雷！没有一些生理知识基础的别选！！！尤其是大一的，说是开卷考又不全考PPT上的，不会的题纯靠蒙，平时分我有前10%的，最后均绩3.9，全被期末考拉掉了，平时分差距很小但期末的40%是算裸分的很容易拉分！！！早知道就不选了，别以为事少分就高，没点医学水平不可能拿高绩点的
183135,108,王建安,2023-11-22 10:56:02,5,5,0,院士。
183141,13,张咸宁,2023-11-22 11:16:02,6,6,0,很有意思，但是期末寄了，我是大庸医
183150,5280,徐骁,2023-11-22 12:04:41,1,1,0,器官课，请很多大牛，想了解这方面的话收获还是很大的，但是我不感兴趣所以都在干别的事，平时就课后布置几道选择题，期末一篇论文，事情真的很少，只要认真完成给分也不错，很好的一门水课
183156,13,张咸宁,2023-11-22 12:28:26,4,4,0,讲得很好，但是对不起我是庸医。dbqdbq
183179,108,王建安,2023-11-22 15:51:10,0,1,1,这些课是不是挂名的
183182,9055,傅旭东,2023-11-22 14:17:09,0,0,0,老师很热情很和蔼
183233,6278,朱依敏,2023-11-23 03:51:22,-6,1,7,老师讲的很好，最后给分也超出自己预期啦
183242,13,张咸宁,2023-11-23 05:31:31,12,12,0,好老师，但是我2.4，我是庸医，想寄就寄
183254,4814,吴晶晶,2023-11-23 07:34:53,2,3,1,听课很舒服
183258,13,张咸宁,2023-11-23 07:52:24,0,1,1,庸医。。。。
183266,1451,夏大静,2023-11-23 09:46:36,-20,0,20,老师很好，健康与免疫给分特别好
183267,13,张咸宁,2023-11-23 09:47:28,-4,1,5,老师很好，感觉自己对待遗传课的态度对不起老师给的分数
183268,3862,高向伟,2023-11-23 09:48:05,0,0,0,分子医学实验，老师真的很负责，给分也特别好
183269,1647,王晓健,2023-11-23 09:50:19,0,1,1,老师讲得很清楚，很喜欢这种风格
183270,759,王青青,2023-11-23 09:50:44,3,3,0,老师人特别好，讲课很清楚
183288,5723,冯友军,2023-11-23 12:47:35,3,3,0,。。。
183334,5723,冯友军,2023-11-24 02:13:01,3,3,0,。\n\n。\n\n。
183336,5723,冯友军,2023-11-24 02:29:06,6,6,0,尊重，前提是你尊重我们好好上课，如果课上的不是很好，那就别说了
183338,5723,冯友军,2023-11-24 02:53:50,15,16,1,“有些同学不要恶意评价，我们会进行相应的追究的”
183339,6035,厉旭云,2023-11-24 02:54:22,0,2,2,😓😓😓😓
183346,5723,冯友军,2023-11-24 04:13:14,4,4,0,差不多得了 nt玩意
183347,6338,张宁,2023-11-24 04:16:33,-3,3,6,老师上课挺投入的，也比较温柔，上课喜欢和同学有点小互动，但是同学不太配合有时候冷场会有点尴尬
183348,3694,陈光弟,2023-11-24 04:17:55,3,3,0,公共卫生导论事少分高！
183349,5723,冯友军,2023-11-24 04:36:08,3,3,0,逆天..
183352,5723,冯友军,2023-11-24 04:55:33,6,6,0,傻逼老师，上课不讲课，连龙车提问，头一次见助教这样用，站后面两个小时看人听不听课
183363,5723,冯友军,2023-11-25 05:51:23,11,11,0,Sb病原fyj\n\n就个乙肝蛋白需要点了两排人起来回答吗\n\n在他课上是不是就是要什么都要提前预习好过去学生当老师反哺他知识[龇牙][龇牙]
183374,5538,易聪,2023-11-24 11:35:21,1,2,1,一般般
183380,5723,冯友军,2023-11-24 12:58:27,8,8,0,动不动就把尊重挂在嘴边的人，往往正是自己所缺少的，医学院之耻！
183386,5723,冯友军,2023-11-24 13:55:36,9,9,0,自大，愚钝，狂妄，可笑。讲的烂还拿挂科威胁人，我是没见过老师这样还要求学生打高分的。
183408,5723,冯友军,2023-11-25 06:09:41,7,7,0,上他的课如同等待枪毙
183409,3862,高向伟,2023-11-25 06:11:07,1,1,0,老师虽然腿脚有点小问题，但是健步如飞\n\n人也超级好，讲课清晰且快速
183415,1451,夏大静,2023-11-26 09:09:36,10,10,0,我想知道自己哪块分低了，比预期差太多了，tmd谁讲的时间长给谁的多是吧
183421,5356,徐鹏飞,2023-11-25 15:00:28,2,2,0,好老师！
183476,3694,陈光弟,2023-11-26 13:56:13,2,3,1,我是他《公共卫生导论》的学生。陈老师似乎没有认清他教的课没人想听这一事实。关键他还很会来事，经常下来抽人提问。不过这门课有其他很多老师，所以大概只有30%左右的时间会无法做自己的事。期末考试很水。不过最后给分还不错，有4.5。
183487,5495,刘婷,2023-11-26 16:44:28,3,3,0,个人认为是细生讲的最好的老师，会画图帮助我们理解，讲的清晰有条理
183488,13,张咸宁,2023-11-26 16:47:43,0,1,1,讲课很有激情，看得出来是真心热爱。但是重点貌似有点不突出，玩笑话和知识点都混在一起讲了，而且去问老师的时候他对于某些内容有点讲不清楚。总体还是不错的好老师
183490,2337,陈玮,2023-11-26 16:51:27,4,4,0,是免疫里讲的最好的老师之一，认真负责有感情，会带我们梳理章节前后的逻辑，会画图帮助我们理解，也会说重点，非常好
183491,759,王青青,2023-11-26 16:52:22,3,3,0,很负责，讲的清晰有条理
183492,5494,蔡志坚,2023-11-26 16:53:43,0,0,0,一看就没有认真备课…踩着点来上课 并且空手兜里揣着个u盘就来上课了。讲课读ppt完全没感情，不知道在讲什么
183510,5723,冯友军,2023-11-27 03:01:52,2,3,1,答辩依托
183536,7729,郑小凤,2023-11-27 07:12:09,4,4,0,导论里讲得最差的老师
183549,6278,朱依敏,2023-11-27 09:25:00,6,7,1,学性与生殖？都劝他别来，纯纯绩杀。你平时分拿满都没用
183559,3694,陈光弟,2023-11-27 10:48:51,0,2,2,水课老是提问，烦死了
183570,5574,张岩,2023-11-27 11:59:05,8,8,0,不管学生死活的一个老师
183643,6334,佟红艳,2023-11-28 06:27:49,4,4,0,要点名
183645,6334,佟红艳,2023-11-28 06:32:12,2,4,2,对课不对人，诊断老师们能不能改进一下课程设置，连上四节是真的会发疯！！！而且点名，而且点名，而且点名…
183649,5217,王迪,2023-11-28 06:59:46,6,9,3,太烂了
183684,6753,王赵琛,2023-11-28 12:37:16,0,0,0,伦理课期末论文给分不高呀，只有85分，也是认认真真花了很多时间写的。出分了还是有点失望的。
183696,2096,罗依惠,2023-11-29 01:07:18,-6,0,6,很好的老师，对学生负责任，鼓励式教育，蛮和蔼的
183734,5280,徐骁,2023-11-29 10:47:38,1,1,0,器官捐献会请不同的专家来上课，虽然会有部份老师讲的内容大体相同。好好写论文，给分还行
183772,9108,宋瑞生,2023-11-30 03:16:55,5,5,0,不想当老师的人为什么要来教书？？？
183774,3765,李颖,2023-11-30 06:06:11,0,0,0,因为没有pre没有论文没有小组作业所以很容易走神，但本质上是一门很值得学习的课，老师很温柔很优雅👍🏻
183801,9745,王杉,2023-11-30 07:23:46,2,2,0,老师是生物信息学方向的，发过顶刊，课上给的学习建议很中肯，课后有问题会及时耐心的回复。
183822,7293,毕鹏,2023-11-30 12:48:47,0,0,0,还可以吧
183894,5217,王迪,2023-12-03 06:42:55,-10,0,10,我觉得老师讲的挺好的，尤其后面免疫技术那里讲的很有条理。这学期也没点过名。不过好像最后展示的时候打分比较严格？
183898,5411,胡少华,2023-12-03 07:12:03,1,2,1,双脑心理与健康，如果你想水课，可以报。\n\n但是会狠狠地绩杀，什么年代了，还在这么恶心人？
183902,1416,沈晓红,2023-12-03 08:15:40,3,3,0,给分巨低，作业都好好做了，课也认真听了，喜提3.3
183908,5411,胡少华,2023-12-03 12:45:17,2,3,1,双脑与心理健康，水课是真的，就是给分迷
183910,1416,沈晓红,2023-12-03 12:49:32,-3,1,4,给分挺好的，不点名，喜提4.8，差一点满绩了
183913,3694,陈光弟,2023-12-03 14:06:06,0,1,1,对于希望学习知识的同学，会有很多老师使用很新的材料，老师幽默风趣，且会顾及学生的学习质量。\n\n对于希望获得学分的同学，老师和助教老师会捞，课程考试内容开卷，虽然点名且会提问上节课内容，但是善良的老师不会因为没有正确回答而惩罚学生。\n\n给分很高。
183919,710,欧阳宏伟,2023-12-03 17:13:37,1,2,1,真的很能吹。鼓吹国际部忽悠人去海宁。纯纯误人子弟。一股爹味，啥有用的都不讲。
183922,3750,沈静,2023-12-04 00:52:01,0,5,5,感觉老师讲的挺好的，负责又耐心，而且感觉老师真的好厉害，救了我好多只兔子，可以打10分，可是生科实验和翻转课堂真的好累啊/::<
183928,4040,王梦令,2023-12-04 03:15:30,6,6,0,脾气态度不好，可以说是整门生科实验里观感最差的老师了。明明主要就是个讲师，负责搞教学的，教学还搞这么差劲。第一次看到能在课堂上吼学生的声音大得全班听得见。虽然问了下其他班，他们说他比较凶，但没有这样；可能是教我们班的心情不太好吧，在实验操作过程中就常常不耐烦，此外，明明五点半就能结束的课拖到六点半，关键拖堂还不乐意，搞得好像是他迟下班是我们造成的，甩个臭脸。
183941,7881,徐小林,2023-12-04 09:26:10,1,2,1,研一新生出成绩来此报到~老师讲课和科研都很认真，耐心答疑解惑，给分也高，人品好的没话说♥
183944,3750,沈静,2023-12-04 12:07:51,4,6,2,虽然生科实验很累，很多流程设置不怎么合理，但老师讲的病生和生理很透彻，如果各论的生理部分也是沈老师来讲就好了
183962,751,林旭瑗,2023-12-05 02:52:42,0,0,0,被撤过稿
183963,5523,潘冬立,2023-12-05 02:53:22,3,3,0,呵呵，辣鸡
183967,2746,李秀央,2023-12-05 04:34:23,4,4,0,傻逼一个
184019,2746,李秀央,2023-12-06 09:08:00,3,3,0,无语了
184020,1019,郑莲顺,2023-12-06 10:43:37,3,3,0,最爱郑妈
184023,2096,罗依惠,2023-12-06 11:38:49,8,9,1,大学写作·自然。对格式的要求达到了一种近乎偏执的地步，其实大家都是大一，对格式并不熟悉，小组展示上来就咔咔指出各种格式错误。其实老师的心本来不坏，就是上课说话太直接了.....对于社恐同学很不友好，被批得在讲台上无地自容。上课比较水，就是读ppt，读完问我们学会了没。上课还会从名单里随机挑选幸运儿接受拷问。给分不知道，但是上她的课确实只是勉勉强强。
184047,2746,李秀央,2023-12-07 08:29:43,6,6,0,给我一把枪和三颗子弹，把希特勒、马里奥和lxy关一起，我会对lxy练习莫桑比克射击法
184056,900,周俊,2023-12-07 11:12:42,2,2,0,组胚（乙）  课讲的很好
184057,3694,陈光弟,2023-12-07 11:12:42,4,5,1,公共卫生导论；上课从来没听过，课上的小测和最后的考试都是开卷的，考前翻翻书考时多扯扯就有分了，不过每次上课都点名人还是得出现一下；老师上课转转偶尔会pick幸运摸鱼观众。\n\n听他的课感觉听了半学期能学到的东西不多，不过老师考核方式也不刁难人，最后绩点4.8 不错
184106,8985,王博涵,2023-12-09 11:40:05,0,0,0,还可以
184132,3694,陈光弟,2023-12-10 13:06:52,5,9,4,很好的绩点，很好的知恩图报的我
184144,9498,盛欣,2023-12-11 04:56:51,1,3,2,千万不要去她组，人和神经病一样的骂人
184145,9055,傅旭东,2023-12-11 04:57:54,1,1,0,不好评价
184147,5411,胡少华,2023-12-11 05:24:33,5,5,0,被双脑与心理健康狠狠背刺了……
184162,6278,朱依敏,2023-12-11 14:03:26,-2,1,3,事少给分好，想学的同学也可以学到东西！
184179,3482,陈莹莹,2023-12-12 03:21:50,0,1,1,医学院的cyy老师也挺好的乐
184191,3480,徐芳英,2023-12-12 09:01:40,5,5,0,基导讲得很好
184192,3480,徐芳英,2023-12-12 09:05:54,0,1,1,讲的很有条理！
184220,1416,沈晓红,2023-12-13 09:58:26,0,0,0,上课挺好的，给分稍低于预期
184268,3765,李颖,2023-12-14 12:10:27,6,8,2,被骂上十大的宣传娇妻文学的老师\n\n请一次假比上天还难
184293,7729,郑小凤,2023-12-15 13:21:25,1,1,0,没有重点，讲的枯燥无味。课下问老师我们掌握重点是什么，老师：啊我们就是导论，了解一下😨
184294,2096,罗依惠,2023-12-15 13:26:22,0,1,1,病原，讲得不错👍
184357,1416,沈晓红,2023-12-18 07:04:27,0,0,0,事少，给分也很不错，讲课讲的内容蛮丰富有趣的
184359,3694,陈光弟,2023-12-18 07:08:32,1,2,1,事少分高
184378,9231,方瑜,2023-12-18 10:46:52,4,5,1,人美心善的大姐姐，实验指导超级耐心
184394,3616,邓红,2023-12-19 00:43:03,2,2,0,听得出来在认真讲，但讲得挺乱的
184408,2746,李秀央,2023-12-19 04:16:25,3,3,0,说话嘴从来没张开过，讲课也一塌糊涂，一个水课破事不少。如果可以我一定推荐我qny来选这门课当跨专业
184409,2746,李秀央,2023-12-19 04:16:25,1,1,0,说话嘴从来没张开过，讲课也一塌糊涂，一个水课破事不少。如果可以我一定推荐我qny来选这门课当跨专业
184457,7994,徐建,2023-12-20 04:30:09,2,2,0,这位老师教的是计算机组成吗QAQ
184496,1416,沈晓红,2023-12-21 01:48:18,0,1,1,老师人巨好，我每节课都有来听，上课的内容也都非常有趣，是可以应用到实际生活的心理知识，最后把讨论和期中论文好好写，期末稍微翻一下书，就可以了。本人喜提94分4.8（小卡一波，无伤大雅）
184509,969,焦晶晶,2023-12-21 07:07:43,3,3,0,鉴定为傻逼
184524,2832,金明娟,2023-12-26 04:22:22,12,13,1,好烦，一个水课老师，对玩手机的人发什么火
184545,3482,陈莹莹,2023-12-21 14:06:34,2,4,2,（体素）老师很美很甜妹，上课强度也不算特别大，但是点名方式千奇百怪，随机给你爆个签退或者下课才签到都是常事，不建议想划水的同学选
184558,611,李仲杰,2023-12-21 15:30:19,5,6,1,是个有意思的老师，虽然可能有槽点，但不至于评分这么低
184571,3482,陈莹莹,2023-12-22 00:58:55,1,3,2,上莹莹姐的艺术体操真的很好！像我这种没有舞蹈基础的也可以跟上。喜欢1跟着老师做热身运动！姐姐很美很温柔，值得我们认真对待！打call!!!
184581,7994,徐建,2023-12-22 01:35:18,3,3,0,回复一下楼上，是的！
184600,3450,徐向荣,2023-12-22 02:28:05,1,1,0,同学一节课没去，抄了别人别的班的作业交上去，4.2，你们懂得
184644,6701,王芳芳,2023-12-22 04:50:18,2,3,1,超爱芳芳老师!
184699,1416,沈晓红,2023-12-22 08:43:17,2,4,2,心理卫生虽然上课真的很水很水，且不点名，但是考试要把上课所有的ppt都打印一遍，考试有的考小点，感觉没考讲的重点，根本找不到答案，给的分也低的离谱
184747,3482,陈莹莹,2023-12-22 12:05:34,8,9,1,太美了！！！感觉张婧仪和陈昕葳在上课啊啊啊啊啊 真的太美了 但上课一点不水 但我会偏爱所有美女呜呜呜呜
184781,1416,沈晓红,2023-12-22 16:00:00,1,4,3,来晚了来晚了，，上的社会心理学 好！老师很温柔上课有趣 不点名可以水（早知道少去两次了哈哈哈哈哈哈）老师讲故事很有意思 作业是期中一篇文章期末一篇论文 还有最后一节课话题钉钉打几百字 挺轻松的 第一次写论文不太会 但是写得很认真最后4.8 只要多写自己经历 真诚一点卷一下字数给分很好哒！
184783,7360,杨静,2023-12-22 16:22:59,7,9,2,杨静老师，虽然有点冒昧，但我真的爱您爱得想叫您一声妈……🫰
184801,6278,朱依敏,2023-12-23 02:14:44,0,0,0,不知道是怎么打分的，明明感觉期末开卷全找到答案了，无语
184808,7259,钟贞,2023-12-23 04:08:21,3,3,0,本来想打1分，但是想到她讲不清楚又很想讲清楚的努力样子，还是打5分罢。
184920,13,张咸宁,2023-12-24 10:08:10,0,0,0,坐标通识课，讲的比较有意思，了解一些人类的遗传病也有一定的意义，事很少，推荐选择
184928,6278,朱依敏,2023-12-24 11:55:28,-1,0,1,课还可以，平常一节课没听，最后4.2感觉不应该这么低毕竟开卷考可能被正态了也不清楚，总体觉得可以选
184930,5411,胡少华,2023-12-24 12:05:06,4,4,0,绩点太低
184970,7360,杨静,2023-12-25 02:09:48,5,6,1,人非常好 温柔上课负责，感觉是这辈子上的最舒服的英语课
184973,611,李仲杰,2023-12-25 03:05:17,7,10,3,老师上课讲得很细致很有逻辑，看切片的时候问问题都会很耐心地解答，看到典型的结构还会喊旁边的同学一起来看，整个班氛围很好，安排小测也很为我们考虑，老师真的很好，不知道为什么分这么低
184996,8940,陈谦明,2023-12-25 09:08:43,3,3,0,同学，口公卫啥都学不到，就是翻版的口预，不是很懂为什么开这门课，你们加油（笑
185005,2832,金明娟,2023-12-25 12:03:50,15,16,1,金大指导
185006,2832,金明娟,2023-12-25 12:05:37,13,13,0,事极多
185007,2832,金明娟,2023-12-25 12:06:17,17,17,0,不好好讲授课内容，站在道德制高点吹嘘。谁乐意听你是否保研，一次课还点名两次。6
185035,3482,陈莹莹,2023-12-26 03:45:03,3,4,1,好喜欢好喜欢美女老师呜呜超级会鼓励人我哭死
185041,1451,夏大静,2023-12-26 04:10:39,16,16,0,快跑！
185104,7380,秦强,2023-12-26 09:36:37,1,2,1,老师上课很水，考试也很水，十个球九个在界内得分就不会差（因为有动作分占比）初级班只教发球，发一学期球，平时只要练了就差不多👍
185119,2096,罗依惠,2023-12-26 11:23:21,2,2,0,挺求是的，对小问题很严格。不过换个角度看挺负责的。但是感觉上课没有学到特别多东西
185121,7360,杨静,2023-12-26 11:28:21,5,6,1,大学英语3和杨老师度过的半年弥足珍贵
185123,2096,罗依惠,2023-12-26 11:37:27,10,10,0,吐槽一下大学写作自然老师，写科普文章要求写的通俗易懂（传染病主题的），然后同学上去展示文章的时候大挑学术不标准的地方（就是很细节很细节的那种，已经非常专业了），上去讲的是化学专业的同学，我就想知道一个外专业的同学为什么要花很长时间去学这个传染病的专业知识（达到你这样的专业老师的了解程度）来完成就一个1.5学分的通识写作课程啊？？？脾气还很不好，说话也很生硬，我个人觉得如果知识太过于专业，那么用很通俗的语言去解释肯定是会有一定的不准确的地方的，然后我们去筛选科普的知识你又会说我们讲的知识不全面，如果你要让我们写学术论文就算了，写个科普文章至于把气压搞这么低吗（哦对了她甚至还说写的内容如果太简单太基本这就是常识，不需要科普她也不愿意读，我觉得科普文章本来就不是给你这种专业人士看的好吗），网上的很多信息都也有不准确的地方，真觉得要求这么夸张很离谱[麻了][麻了]
185133,3694,陈光弟,2023-12-26 12:57:21,-1,3,4,很简单很简单的课，给分很高，期末完全没有压力，上课没听过。
185138,3482,陈莹莹,2023-12-26 13:41:52,7,8,1,超可爱超温柔的美女老师，像一只小白兔谁懂啊呜呜呜，很容易与同学们打成一片，体素课很耐心不是很水但是强度不会很大
185170,2337,陈玮,2023-12-27 02:18:37,3,3,0,最好的免疫学老师！
185175,7828,隋梅花,2023-12-27 02:39:55,1,1,0,真的很好
185178,3482,陈莹莹,2023-12-27 02:46:53,5,7,2,（莹莹老师不是体艺部的吗？或许老师们重名了？）这学期艺术体操绩点还没出，但是想先在这里感谢莹莹老师，本人经常卡点进教室，有次恰好错过签到开放时间，老师还是耐心帮我签上到了（呜呜能多些时间看美女老师居然还不早到我真是过分嘿嘿），12分钟跑因为脚伤延期跑，老师还会钉钉私戳温柔地提醒。下学期还是选的老师的艺术体操课，超级喜欢老师（亲亲！）
185220,7380,秦强,2023-12-27 06:34:07,-1,0,1,老师真的很好的
185232,9055,傅旭东,2023-12-27 07:56:41,0,0,0,傅哥带带我
185361,2096,罗依惠,2023-12-28 09:22:53,3,3,0,喜欢揪着一个小点不放，指出问题讲一遍就行了，何必让同学下不来台。但是老师还是比较认真负责的。
185371,2096,罗依惠,2023-12-28 12:09:23,1,3,2,上课就是念PPT\n\n\n\n展示课上，有两个同学（女先男后）展示了一样的内容，然后她明确地对第二个男同学说：“我感觉你比她写的好。”男生就说：“谢谢老师，但是我感觉她写的要更全面一点。”\n\n\n\n老师的情商是真的低，，，，，，
185379,108,王建安,2023-12-28 14:01:16,0,1,1,王老师，好！
185410,5245,程洪强,2023-12-29 02:56:52,5,5,0,垃圾一个nmd
185517,5574,张岩,2024-01-01 13:08:52,6,6,0,每次布置任务都需要班长去问，一点不把上课当一回事，希望大家以后不要碰到他！
185547,7828,隋梅花,2024-01-02 05:16:49,1,1,0,一位科研非常优秀，教学极为用心的好老师！
185555,1416,沈晓红,2024-01-02 06:47:50,3,6,3,真的绩杀 我选了心理卫生3.3和社会心理学3.6两门课，论文也都正常交，期末开卷考也正常考了，作为通识给分是真的太低了，想评奖评优别选！！！课程确实水，只要学分可以水水
185564,3694,陈光弟,2024-01-02 07:40:14,-5,1,6,给分很好
185574,2830,陈周闻,2024-01-02 09:54:13,8,8,0,垃圾行政，没有同理心
185614,2746,李秀央,2024-01-03 02:02:03,6,6,0,平时讲课剩下来一堆时间，在那边没活硬整，抽人提问能抽一节课的时间，最后一节课分个十几组在那边小组展示，然后线性回归就不讲让我们自学了是吧，哦哦厉害的，这就是我们医学统计学，真是垃垃又圾圾啊，你们有没有这样逆天的课啊
185637,1416,沈晓红,2024-01-03 07:26:51,-3,4,7,心理卫生。上课认真听能学到东西，也可以水课。课程作业不多，就期中作业、课程论文和期末开卷考。给分还行，论文好好写，听学长姐的多结合自身经历，期末考填填满，拿了4.8（想想看可能是因为论文都没引用参考文献）。老师很亲切，上课会讲很多有意思的例子，从来不点名。不管是想了解心理卫生还是想水课都值得选。
185735,2096,罗依惠,2024-01-04 11:10:10,-7,1,8,病原课，老师讲的好好好！\^O^/老师还会划重点我爱你谢谢你！老师你是我的神！呜呜呜呜呜呜呜呜罗老师讲课好好好哦啊好好好好哈哈哈
185751,3765,李颖,2024-01-04 05:09:14,0,3,3,我只想说，期末考试，全是作弊的搜题的，老师提醒了几句不要搜题，但是全部都是搜的，我觉得对于不作弊的同学真的很不公平，我认真准备了好几天把ppt都看来一遍，结果期末考试是这样的状况，很寒心，建议老师严肃的管一管，上交手机，否则这样的考核方式我只能说毫无作用，是在比谁更会作弊吗？
185773,9169,周龙,2024-01-04 08:27:44,3,3,0,非常好老师，爱来自医学生物物理学
185813,3405,沈颖,2024-01-04 14:06:20,0,0,0,是真的不知道为什么当时要选这门课，，，还是补选，给我绩杀惨了
185815,3616,邓红,2024-01-04 14:33:16,0,0,0,重点不突出
185830,7360,杨静,2024-01-04 17:02:51,10,11,1,事真的少...作业基本上属于没有 也没有其他老师要求的pre和听写 \n\n课上的真的很棒 人也超好！\n\n要是杨静老师明年还开大英4我一定会选的...可惜老师明年去开心理语言学的通识课了 \n\n总之如果选上了杨静老师的大英直接冲就好啦！
185834,6252,史鹏,2024-01-04 18:17:44,3,3,0,念ppt就算了，关键是ppt也做不好
185835,2973,张晓明,2024-01-04 18:31:25,5,5,0,“你们一个个都惊慌失措。”\n\n“我最不爱听这种话了。”\n\n“你这个人真幽默。”\n\n“不要骗我。”
185870,9108,宋瑞生,2024-01-05 05:53:53,4,4,0,大学以来最差的老师
185872,6729,汪军,2024-01-05 06:26:20,1,1,0,老师特别好！生科实验指导老师 全称非常开心而且学了很多东西！
185927,3694,陈光弟,2024-01-06 05:28:45,-2,0,2,上的公共卫生导论课，有些无聊，给分还行。
186103,1416,沈晓红,2024-01-08 11:41:40,0,1,1,很好的老师
186118,7360,杨静,2024-01-08 15:06:34,4,4,0,神中神，超爱杨老师
186127,1416,沈晓红,2024-01-08 18:47:22,0,0,0,迷迷迷
186171,7360,杨静,2024-01-09 06:55:25,5,5,0,老师很温柔，作业很少，上课点名回答问题，回答不出也不会说什么，好老师，就是老师下学期不开大英四呜呜呜
186202,5384,仓晓慧,2024-01-09 10:44:07,0,0,0,。。。
186275,7360,杨静,2024-01-10 09:46:58,2,3,1,温柔体贴，真的好，重视真正的英语能力培养，平时基本不布置无意义的作业，而且上课邀请同学回答问题也非常温柔
186282,6406,郑婵颖,2024-01-10 10:12:47,1,1,0,这学期选了郑老师的创业基础课，一学期有一次小组展示，和一篇小组合作论文，还有一些自愿选做的创业活动，事情很少，老师声音特别温柔，十分尊重同学们的想法，会邀请各种大佬分享经验，最后拿到了4.5，怒赞！
186486,6406,郑婵颖,2024-01-11 09:45:23,1,1,0,虽然老师给分已经算很不错了，但比上学期稍微变差了一点。不知道是因为老师变了还是学生的缘故。曾经不卷也能有4.5、4.8的日子过去了～
186509,4286,蒋磊,2024-01-11 12:00:58,4,5,1,课讲的很好，也会指出考试的重点
186535,7828,隋梅花,2024-01-11 14:15:49,3,3,0,梅花姐真的超级用心【钉钉小作文真的好多哈哈哈】【期末的时候她在组胚题库里面给我们挖EM图总结到2点多，呜呜呜我哭死】\n\n而且还有一大堆一大堆的前几届的总结资料，组胚的神【迫真】\n\n甚至考前会私发每个人钉钉讲复习方法预祝考试顺利！梦回高中\n\n人形的组胚部分上课主要是自己看片子的，这个不太需要抱怨。有不会的再找老师，跟梅花姐讨论【老师很抢手哈哈哈】\n\n最震惊的是老师居然还进谏把组胚考英文变回中文？！您是什么神通广大的母亲😭
186539,3069,柳华,2024-01-11 14:30:35,0,1,1,柳妈是真的神😭人美心善，课讲的好好，ppt也非常非常好【但是更多知识是在柳妈讲课中口述的，鉴于人形课的无回放，推荐大家在神经部分可以录音【不知道违法不违法www】】\n\n但是前情提要，柳妈会讲的略难一点【可能不止一点，超纲是很多的】，而且会结合很多很多临床的实际，挑战性非常大【当然人形本来就很难，这下难上加难了】上课走神非常不划算啊！srds柳妈基本不会五点之前放走的，毕竟内容实在是太多了\n\n如果预置柳妈人形，无脑入吧你血赚~\n\n不过话说回来，柳妈课的经典环节是四次tbl=-= 大伙私下里诟病许久；课程本身没问题，讨论影像学内容也非常惊心动魄【物理意义上】但是重点是：他占了四次课程啊！人形本身课程量就不太宽裕，还挖出来四节课tbl，然后课的内容得自学（虽然基导讲过），略微闹心...\n\n但还是那句话，选其他老师期末考有几率死的不明不白【考的知识点老师没讲到】，柳妈基本独绝这种可能【毕竟实在有点深了】；柳妈我永远的妈😭
186564,6252,史鹏,2024-01-11 23:32:53,2,2,0,老师讲课水平比较一般，站在讲台上似乎有点紧张。ppt放的很多都是论文图片，感觉太过跳跃，讲课逻辑不顺，听得一头雾水
186565,7729,郑小凤,2024-01-11 23:34:39,1,1,0,基导讲的最差的老师，ppt都读不顺，没听她说出过一句完整的话，听的难受死
186566,6650,钟近洁,2024-01-11 23:37:37,6,6,0,醍醐灌顶，好老师！
186620,7360,杨静,2024-01-12 07:02:57,4,4,0,好，真的很温柔，选到就是赚到，可惜下学期没开大英四😭女神！
186650,6234,杨菲,2024-01-12 10:38:29,2,2,0,看网课+问卷+72h饮食记录+一篇没有字数要求的小作文+pre  每节课gps签到 没有期末考试 pre用心准备了拿了4.8
186705,1019,郑莲顺,2024-01-12 14:30:53,5,5,0,如果说医学院还不是烂透了那一定是因为还有郑妈这样的老师
186729,1451,夏大静,2024-01-12 23:04:39,11,11,0,忍不住回来骂人，上课每节课都到了，本人理科生生物学的还不错开卷考全部找到并且抄满，最后喜提3.6。平常也只有两个pre和最后点了个名，可能评价标准是展示人or展示时间？纯nt
186862,3694,陈光弟,2024-01-13 09:26:44,-3,1,4,事少分高，就是老是一节课被点好几次。
186884,3482,陈莹莹,2024-01-13 11:22:59,1,2,1,莹姐人美心善！给分超级好！！没有舞蹈基础肢体不协调的也不用害怕捏（我就是）（最后还满绩了！）
186934,6406,郑婵颖,2024-01-13 15:50:47,0,1,1,美丽优雅，风度翩翩，学者风范
186935,6213,张孝通,2024-01-13 15:55:55,4,5,1,科研大佬，但是讲课水平有待提高，人很好，他的课事情比盾妈的少，来不来上课基本不会管你，选他的课听盾妈的智云是一个不错的选择，毕竟盾妈班上高手如云，事情也多。
186941,6234,杨菲,2024-01-13 16:39:05,3,3,0,给分无敌好！\n\n冲冲冲！\n\n选到就是赚到！
187091,3750,沈静,2024-01-14 12:06:40,0,2,2,老师本人还是非常不错的，讲的很清晰。生科实验确实烦，但是就冲老师能够及时解答问题回复比较及时也要给10分😘
187109,5861,周春,2024-01-14 13:25:43,0,4,4,现在是期末周，我正在看生科导的PPT，已经是看不动了......老师人很不错，但是生科导我还是劝退，事情太多了，学在浙大的视频课全部要挂完，小测要做完（虽然不限次数），最后有小组pre，每个人五分钟左右，最最重要的是，期末是闭卷考，我天！我是高中学过生物的，但是如果你想拿个高分的话，考前还是要看看PPT和小测题目的......不说了，继续看PPT去了（哭）
187428,3190,周婧,2024-01-16 05:49:40,0,0,0,气质很好的美女老师，但是解剖这门课老师还能怎么讲呢。。。\n\n还是要靠自己背，东西太多了 到后面考的差是因为脉管没怎么背\n\n总之我挺喜欢这个老师的！
187436,9231,方瑜,2024-01-16 06:51:20,2,2,0,很耐心的一个老师，钉钉回复也很及时，这样的老师，医学院不多了
187438,3902,齐宏妍,2024-01-16 06:52:37,0,1,1,没话说，10分是系统的极限，不是我的极限。这样耐心、关爱学生、真正为学生着想的老师，在医学院真的难见到
187475,3765,李颖,2024-01-16 10:01:42,0,1,1,课很水很无聊，念PPT，老师很不近人情，最后给分很迷。也不知道她的给分根据是什么。但是平时确实没什么事情。
187539,3190,周婧,2024-01-16 13:01:46,1,1,0,我承认是我之前叫的太大声了，老师人还是很好的，枯燥是课程本身的原因吧
187540,6302,连虹,2024-01-16 13:03:01,1,2,1,很认真，性格也很好
187546,4286,蒋磊,2024-01-16 13:57:43,9,9,0,很好的老师，讲课好，人也很好！
187675,7360,杨静,2024-01-17 05:25:45,2,2,0,老师很温柔很有气质，上课也很好，事很少，但是给分不是很好，不太调分，比较求是，我平常也算中上回答问题也比较积极，出分3.3😓
187714,7380,秦强,2024-01-17 08:07:17,1,1,0,来给老师打满！！！！！很好很专业的老师，对女生很好，上课很轻松（想划水尽管划（不是））\n\n网球初级期末考很简单\n\n最后分数也被老师捞满啦，大爱
187739,7360,杨静,2024-01-17 09:29:43,1,3,2,老师我爱你😭\n\n老师很温柔 有一次课下还单独夸了我画的海报嘿嘿\n\n期末考得好烂 感觉被捞了
187767,7360,杨静,2024-01-17 10:52:26,4,4,0,杨老师真的很好，人超级超级温柔，我的英语水平非常不好，听力高中听二十分错十四分的那种，词汇量甚至连高中词汇都会不全。老师每次点我回答问题，我都只能说类似于“I think it is so cute.”这种句子，有次老师让我回答问题，但是我听不懂，老师很温柔很温柔的对我慢慢地重复她的问题，老师当时笑得很温柔，本来答不出来的窘迫一下子就消失了。\n\n而且老师真的对每个同学都认真负责，会有小测试来测试每个同学的基础来授课，会批改所有人的作文并且线下一句几句的跟你讲问题在哪里，要怎么写出更好的作文。上课的时候也很有趣，是一个非常优秀的老师。\n\n而且平时作业很少，只需要交两篇作文，没有听写。事少但是让我们做的每件事都是有意义的，不会内耗我们。\n\n我的两次quize都考的超级烂，期末听力和单词还有阅读我都没怎么做对，当然这是我自己基础的问题，其他同学都考的很好，老师最后给我海底捞，捞到了六十分，只能说三分是实力，七分是运气，剩下五十是浓浓师生情\n\n我爱杨静老师，杨静老师YYDS
187769,3480,徐芳英,2024-01-17 10:47:28,-4,0,4,给分超级差，实验报告是所有老师中给分最低的，上课基本不讲，基本自学，PPT只有图片，没有一点讲解，对复习毫无帮助。选到了就快逃，要不然就做好自学然后喜提低分的心理准备。
187793,2453,骆严,2024-01-17 12:51:17,2,2,0,老师出分很快。。。。
187806,3450,徐向荣,2024-01-17 13:41:08,0,0,0,不需要听他上课，关于写作你什么都学不会，但是人还是不错。总
187909,2453,骆严,2024-01-17 18:21:19,1,1,0,【细生Ⅱ】\n\n这学期最后一次上了，虽然期末补绪论很抽象……但确实也有情怀吧\n\n差一点挂掉了，感慨4.3的平均绩点是真实的么……
187910,5467,马骏,2024-01-17 18:23:45,0,1,1,补天中……祈祷……
187968,2746,李秀央,2024-01-18 02:27:48,1,1,0,无话可说了，上她课的宝宝自求多福吧🙄
187982,4286,蒋磊,2024-01-18 02:46:07,10,10,0,啊啊啊啊蒋磊老师我的女神
187998,4286,蒋磊,2024-01-18 03:08:47,6,6,0,蒋磊老师我的女神！上课讲得超级无敌好，清晰、有逻辑、会划重点、而且给分真的太好了！我的第一个专业课满绩就是人解！非常好人解，爱来自蒋磊⁄(⁄ ⁄ ⁄ω⁄ ⁄ ⁄)⁄
188002,2746,李秀央,2024-01-18 03:17:45,1,1,0,1.上课阴间\n\n2.作业阴间\n\n3.考试时间阴间\n\n4.考试阴间\n\n5.给分还没出，估计也是阴间
188007,4286,蒋磊,2024-01-18 03:24:59,-18,1,19,讲课比较缺乏条理，最后给分也一般，但在医学院一众老师中，还是不错的
188015,4286,蒋磊,2024-01-18 03:55:10,4,4,0,好好好！
188046,6550,张超,2024-01-18 05:27:53,6,7,1,上课很仔细很有意思，思路清晰，非常好的老师
188049,5452,白戈,2024-01-18 05:50:51,7,8,1,能够建议学生文章用chatgpt写的老师也没谁了。随便百分之30总成绩的论文能因为一句英语不好直接全年级最低分。feedback是不好好写的，englsh的拼错的，邮件是不回的，最终答复是先射箭后画靶的
188145,1137,夏梽丹,2024-01-18 09:35:38,0,0,0,上课挺有用的，平时没作业，上课轻松，老师人不错，考试难度还行，认真签到，认真回答问题，认真小测，认真期末考试，就可以拿3.6啦
188161,1137,夏梽丹,2024-01-18 09:53:03,-1,0,1,老师讲课很细致，内容特别实用，备课也很充分，给分不错
188174,1137,夏梽丹,2024-01-18 10:15:13,1,2,1,刚出分，非常生气，感觉付出和结果极度不成正比。。。\n\n本人签到全勤，pre做了，还帮忙点过名，布置的作业和期末大作业也很认真的做完了，最后喜提3.3\n\n我只想问一句，一门2学分的通识课，付出也不算少，老师最后给这么低的分良心何在？\n\n真的感觉很伤心，不知道这种老师查老师评分是怎么上的9？在我心目中完全配不上
188197,5670,郭方,2024-01-18 11:30:31,1,1,0,非常好
188244,1451,夏大静,2024-01-18 13:21:35,13,13,0,期末开卷，平时不缺勤，有展示，你是怎么给我2.7的？
188249,7360,杨静,2024-01-18 13:27:07,0,4,4,事情是真的少，但是课是真的水\n\n关键是一直上课点人回答问题\n\n我甚至一次课回答了5次问题。\n\n关键是给分很低。
188321,2436,余海,2024-01-18 15:32:58,-1,0,1,老师上的医学史很有意思，上课很风趣幽默！事少给分好（本人感觉）学了不亏
188387,5574,张岩,2024-01-19 01:38:05,5,6,1,上课说话挺狂的，令人不适。
188425,2436,余海,2024-01-19 03:33:02,3,3,0,绩杀，别太荒谬
188449,2494,邱爽,2024-01-19 04:26:58,2,2,0,唯一真人
188459,3482,陈莹莹,2024-01-19 04:37:24,1,2,1,美女老师我好爱！超级温柔超级可爱的！
188511,7360,杨静,2024-01-19 06:24:05,3,5,2,没有作业，没有听写，没有pre，真正的宝藏老师！！！大英III预置杨老师的你真的很幸运！怒评10分。\n\n\n\n还有有些同学吐槽的给分问题，大家就不要吐槽老师了，这其实不是英语老师能捞得动的，最后期末考试答题卡上直接有平时分一栏的，所以只能求是给。\n\n（杨静老师真的很在捞了，Essay2直接告诉我们可以到大部分科目考完后再交修改稿，并且以修改完的成绩为准）
188536,2436,余海,2024-01-19 07:40:36,3,5,2,讲座式授课，还不错，可水可听，每节课纸质点名\n\n期中1张A4纸手写论文，题目为《微生物与人类》\n\n期末3000+电子稿论文，有格式要求，题目为《三年抗疫回顾》\n\n我论文不卷字数，文采也不好，4.5满足啦，也对医学有了基本认识\n\nps：好像身边还是有不少绩杀的
188540,6650,钟近洁,2024-01-19 07:59:04,13,13,0,大家记得准备糖。老师有一次讲课时低血糖犯了\n\n老师很好，讲的非常清楚\n\n大家一定要好好珍惜，在医学院一众老师中已经非常好了，充满了老一辈人民教师的情怀
188541,6302,连虹,2024-01-19 08:00:29,2,4,2,老师很可爱，声音很好听，用鼠标代替笔再PPT上画真的好抽象啊hhhhh\n\n珍惜组胚老师们，这可能是你在医学院碰到的最好、最温柔的老师了
188564,6726,丁世萍,2024-01-19 09:03:19,6,6,0,老师人真的很好啊！！！spoc忘做老师让我补做了，并且最后很耐心帮我纠正成绩，我真的哭死
188759,1451,夏大静,2024-01-20 00:59:25,15,15,0,真的是一个很差的老师！
188812,3902,齐宏妍,2024-01-20 04:56:19,1,1,0,好老师，有上课和讲解的感觉，是真的想教会你东西，不是应付教学内容
188845,3405,沈颖,2024-01-20 08:04:27,0,0,0,上课去不去是不管的 但是给分特别特别不好
188853,3405,沈颖,2024-01-20 09:32:12,0,0,0,3.6，我只能说我尽力了，的确不知道老师是怎么要求“非医学（或生理学）专业的本科生”的。论文写了3500字，我承认是从知网上缝合出来的，但我也尽量加入自己的体验和思考了，难不成还要我当场做个实验写篇报告？（不过我写的时候发现我的论文和老师的课件大部分来源于同一篇硕士论文，如果因为这个原因分低，我不认为这是我的问题）期末考试，我知道老师要考查我们有没有听课，因此我前两天还把智云课堂能看的全看了一遍（平时一边做题一边听课），考试的时候把自己能想起来的都写上去了。ppt上的确有“答案”，但很多时候只是一句话或者两张图片，想要写出内容还是得记住老师上课说的话——老师自己能够做到这件事，毕竟他就是靠回忆讲课的，但对于一节两个月前回放还出故障的课，我的确无能为力。总而言之，老师的博学和能力是毋庸置疑的，但“进化的大脑与偶成的意识”作为一门面向全校本科生的新通识选修课，其要求之高的确容易让非相关专业的学生感到沮丧。
188862,3405,沈颖,2024-01-20 10:08:10,1,1,0,上课内容比较简单，很好接受，老师也讲得还算清楚，就是稍微有些散，就当是科普吧。\n\n平时不点名，发言有加分。作业是一篇小论文，自己收集资料写。期末考都是课件上的东西。但我要提醒大家，对于论文老师比较在乎要有“自己的想法”，但这多少有些不切实际了，一个非脑科学专业的本科生能有什么自己的想法，很多论文我压根都看不懂，不要说自己的想法了。\n\n关于给分，一般，我论文写了万字，期末正常吧，上课无发言，最后4.2。可能是因为我没有“自己的想法”吧。
188881,6550,张超,2024-01-20 11:05:42,5,6,1,美女老师\n\n海底捞\n\n必须10分
188893,4819,吕寒冰,2024-01-20 12:10:13,2,2,0,《这么严重啊》
188909,2436,余海,2024-01-20 14:09:50,3,3,0,容易绩杀
188975,3405,沈颖,2024-01-21 03:51:07,0,0,0,给分特别垃圾！！如果不是凑学分尽量别来！！虽然不点名很爽但是期末考试莫名其妙的题，比如这次给科学家的照片问我他是谁有什么贡献，ppt上照片跟考场给的根本就是两个人找半天我不知道是谁！！别选
188982,2494,邱爽,2024-01-21 04:31:08,6,6,0,邱爽妈妈！！！讲得太清楚了呜呜呜呜
189087,7380,秦强,2024-01-21 15:44:08,1,1,0,老师很好，很专业，讲解网球击球动作时很细致，有一些口音但不影响上课。到学期中段之后老师上课经常划水（会偷偷找个位置坐着玩手机甚至睡觉哈哈哈），所以上课自然也是很水的。不过网球初级班本身非常非常非常简单，期末考试正手击球10个，无论用什么姿势打9个到界内就满分（会扣一定技术分），男生基本上都能满分的，女生经过联系大多数也能达到或者接近满分（没有歧视女生的意思，只是运动能力确实男女有别）。不过老师是外聘的老师，对学校的体育课程可能没那么了解，这学期的智慧树直到结束之前两天才通知我们，所以大家平时尽量从其他渠道获取一些体育相关的信息。因为这扣一分！这学期老师的评分从学期初7.8分左右涨到现在8.66分了，值得继续上涨！
189090,2436,余海,2024-01-21 15:48:32,1,1,0,老师很好，但是课程给分不怎么样。\n\n事少，两篇文章。评分可能比较看文采了。
189091,2436,余海,2024-01-21 17:46:39,27,28,1,医学史：\n\n老师很和蔼，讲课也很有水平，幽默风趣，能很好地了解医学史（可惜后半学期忙于写作业了没怎么听课）。每节课纸质点名，可水可听。事感觉是比较少的，期中一篇1200字A4纸手写文章，期末一篇3000字电子版论文，不过总评也就全凭这两篇文章决定（好像期中30%期末70%），所以可能比较容易出现绩杀。学医的同学和文笔比较好的同学也许会比较有优势，不过个人感觉一般同学也可冲，认真写应该分就不会很低。23-24冬的两篇内容分别是，期中：以《微生物与人类》为题；期末：以《三年抗疫回顾》为题（可以从全球或全国角度宏观地回顾三年抗疫历史；也可叙述地区，城市的抗疫经历；或叙述个人、家庭、社区的心路历程，有事实、有分析、有观点）。感觉这学期的两篇文章算是比较好入手写，和上课内容、医学史的关系也不是很大。\n\n本人理工科学生，写文章水平算比较烂的，为了水完通识学分选的这门课。期中的文章查了比较多的资料，从多角度来写微生物与人类的关系；期末是写了家乡城市的三年抗疫历程。两篇文笔都不咋地，不过都是自己用心写出来的（期中是从各种资料里自己概括总结出各个方面，期末除了一些政策措施外基本都是自己敲出来的），最后有4.5，很满意了。所以感觉老师可能比起文笔，更看重文章中有没有自己的思考。不过也是个人情况，大家可以参考参考。
189209,2746,李秀央,2024-01-22 10:41:08,9,10,1,来浙大一年半遇到最抽象的老师，话是讲不清的，课程逻辑是讲不明白的，作业布置是偷偷的不告诉你的，拿分是需要发言的，钉钉群是禁止向老师和助教私聊的。有上课那抽人发言的闲情雅致不如多想想怎么把这门课教明白
189224,6550,张超,2024-01-22 12:14:09,1,2,1,人美气质好脾气温柔，捞人能力一流。
189226,547,陈坤,2024-01-22 12:21:32,2,3,1,逆天给分
189227,2832,金明娟,2024-01-22 12:22:44,10,10,0,逆天给分
189228,6301,唐梦龄,2024-01-22 12:23:54,-1,2,3,讲的挺好，但是不用话筒，智云不行
189254,6381,顾传龙,2024-01-22 15:31:22,-10,1,11,小测有人在眼皮子底下翻书查手机也不管😢😢注重公平的慎选
189264,2096,罗依惠,2024-01-22 16:10:12,1,2,1,卡绩……限制90分以上为啥不能给我个89呢
189271,5615,吴息凤,2024-01-22 17:36:06,0,2,2,给分迷迷的 其他还行
189284,6194,张红河,2024-01-22 23:31:33,3,3,0,超级无敌好老师，医学院教学水平一流的老师了，而且重点鲜明，爱你！！！
189394,3750,沈静,2024-01-23 23:31:01,-6,0,6,祝生科实验越办越好
189434,3694,陈光弟,2024-01-24 06:33:04,2,3,1,给分好吗？？？
189541,1702,毛峥嵘,2024-01-25 09:48:55,2,2,0,老师是很温柔的好老师，但是真的劝退医疗纠纷与司法鉴定。发言加分也加了作业也认真做了考试也认真弄了最后3.3。比较感兴趣才选的这门课，毛老师的部分很不错，但是拼盘课确实不是所有老师都很有魅力。
189631,5861,周春,2024-01-26 07:03:49,0,0,0,生物的最高成就是学考A，努力一天生命科学导论4.5，虽然课内容较硬考前需复习，但是实在没课选也不失为一个选择。
189697,1416,沈晓红,2024-01-27 03:17:13,-44,5,49,医学心理学一堆不会的，以为要完了，出分4.8，感觉对不起老师的付出，一节课没去过
189741,1416,沈晓红,2024-01-28 06:00:06,4,4,0,作业好好做了论文好好写了考试认真准备了喜提3.3哈哈
189782,2436,余海,2024-01-29 03:03:54,0,0,0,每次都点名
189806,4286,蒋磊,2024-01-29 15:37:37,-49,2,51,不点名，讲课不太行，给分烂，我这学期专业课除了她上的人体解剖学，别的都在4.8及以上
189842,1065,李立伟,2024-01-30 18:54:36,-3,1,4,很水，讨论课水时长，靠自学的内容特别多，出卷也有难度
189843,3069,柳华,2024-01-30 18:55:13,3,3,0,TBL感觉很没用，不如看标本或者上课
189861,3694,陈光弟,2024-01-31 10:34:24,2,2,0,依托史
189862,1416,沈晓红,2024-01-31 11:00:13,1,2,1,给分很迷，慎选！！！
189908,3694,陈光弟,2024-02-02 04:15:04,0,2,2,给分很奇怪，每次都有签到，也有提问，小测表现也还可以，但给分极差，最近改正归邪，是我上过最差劲的通识课。真的很无语，如果说一门通识课既没有学到有用的知识，又没有在功利性方面获得理想的绩点，那选择这门课并没有太大的意义。
190010,2436,余海,2024-02-08 14:13:26,-9,2,11,md给了个85，不仅是我通识唯一一个没有上4的，还给我卡绩，服了
190017,6403,项美香,2024-02-09 08:47:14,0,1,1,这学期上的心脏健康与疾病知识。\n\n讲课不错，给分不好。说是说面对非医学专业，结果一个教室80%以上都是各类医学生？！如此竞争，对于非医学专业的同学太不友好了。\n\n\n\n另外，平时随堂小测本来并没有说计入总分，结果还是计入了总分——虽然做完之后会有答案放出，但是那几次凭印象做的，分数都很低，在期末成绩里拉了许多分。\n\n\n\n考试出分慢，分数没有捞过的痕迹。\n\n本来想接下来还要好好学一点相关知识，结果这门课直接给我泼了冷水。太伤心了。
190060,5538,易聪,2024-02-17 15:08:20,0,1,1,蛋白质科学每次都去结果就给70？？？？？
190062,6403,项美香,2024-02-18 01:50:14,0,0,0,心脏健康课，项老师来上了前几次课，整体体验非常好，虽然分数没有达到预期，但是这方面知识还是学到了很多，满满干货，其他几个老师也非常好！
190082,611,李仲杰,2024-02-19 15:58:55,5,6,1,老师人还是挺好的吧，感觉不应该这么低哇
190088,3694,陈光弟,2024-02-20 07:13:11,1,3,2,老师改正归邪了，小测表扬是有的，上课发言是有的，期末考试完全是开放性大题，小组合作也是当组长的，但是给分是差的，我想不通，真的别选，哪天心情好了分给高点，哪学期心情差了给分差。。。作为一门通识课我感觉已经付出我很大时间了绩点4都上不了问老师还说已经算高了，我请问。
190119,2436,余海,2024-02-22 14:57:00,1,1,0,水课，老师很和蔼，讲的挺有意思的，但是绩点确实不高
190195,3450,徐向荣,2024-02-25 07:25:29,1,1,0,上过徐向荣老师的女性生殖健康课，老师上课干货满满，还会拿医院里的模型和手术视频给我们看，上的很好！
190251,2743,许正平,2024-02-26 12:55:28,0,3,3,每次课后都有小测，其实起的是点名的作用。课基本是同学上去展示，老师要求会比较严格，但只要认真做、按要求做，给分就挺好的。事情算少的
190269,1137,夏梽丹,2024-02-27 01:28:20,3,4,1,课不错，给分太差。。。。。莫名其妙
190301,1645,余沛霖,2024-02-27 13:33:58,4,4,0,临床毒理学给分很低，讲得一般
190302,1137,夏梽丹,2024-02-27 14:23:57,2,2,0,夏老师上课内容还是蛮有意思的，而且会请王福俤教授和蒋建文医生来兼课，除了日常签到和作业提交，只要上课多多举手发言基本上拿个理想的成绩就不难啦
190303,8646,李宏福,2024-02-27 14:38:32,0,0,0,这是高手
190354,6234,杨菲,2024-02-28 10:39:36,0,1,1,分高事少，生命探索入手不亏真的。
190368,6194,张红河,2024-02-28 13:20:10,2,2,0,超级好
190385,1470,胡济安,2024-02-29 05:59:56,0,1,1,无语。。。
190464,6722,雷浩,2024-03-05 03:06:30,2,4,2,一桶，感觉老师讲的有一点混乱…
190504,2096,罗依惠,2024-03-06 10:57:40,0,0,0,会主观地锐评你的论文，个人感觉讲解有些片面
190548,4906,谷岩,2024-03-08 03:31:46,1,1,0,唯一作用就是能够降低我看PPT的速度
190565,877,徐恩萍,2024-03-08 14:37:33,7,7,0,已读不回，而且对实验报告的细节吹毛求疵，问她问题只会一味贬低学生。
190591,3482,陈莹莹,2024-03-11 02:25:56,4,5,1,真的太爱美女老师了，上课都是一种享受！第一次那么喜欢体育课！！太爱美女了
190594,6321,胡玮琳,2024-03-11 03:26:25,1,1,0,讲课很清楚，重点突出
190600,5698,陆燕,2024-03-11 07:26:20,5,5,0,生统教SAS一直念PPT。。。这门课全靠自学，哎
190607,7956,生万强,2024-03-11 12:07:44,0,1,1,老师很年轻，很强
190608,6287,姚雨石,2024-03-11 12:08:18,2,2,0,有点抽象
190615,1416,沈晓红,2024-03-12 01:37:35,0,0,0,平时上课不点名，上课内容是挺有趣的，但给分实在是。。期末考占比很高，老师也不捞，如果没有好好背那估计就要收获一个很难看的绩点了
190616,13,张咸宁,2024-03-12 01:43:50,2,2,0,咸宁上课挺好玩儿的（但感觉跟考试的关系不是特别紧密？），时不时会抽问，所以别翘课！另外，不要相信咸宁会捞的鬼话
190646,6028,Stijn van der Veen,2024-03-13 03:49:02,3,3,0,电音猛男，太性感了我好爱
190654,6701,王芳芳,2024-03-13 11:42:00,2,3,1,医学美学，十分不解释
190686,6213,张孝通,2024-03-14 11:40:03,1,1,0,并没有感觉到老师给分差，其实还挺好的。另外老师人也很好，事情很少，只是可能刚开始教模电不太会讲（可能因为这点所以貌似默许我们不去上课）\n\n因而觉得现在老师评分应该不止3.7
190734,8015,许大千,2024-03-16 12:50:35,5,7,2,感觉像是个大学长，人可好了哈哈哈哈
190744,7435,李辉,2024-03-17 06:22:54,3,4,1,哭错坟了家人们
190755,7956,生万强,2024-03-18 02:46:53,1,1,0,讲课差
190762,1059,王福俤,2024-03-18 06:22:33,4,4,0,特别傻逼的老师傻逼傻逼傻逼傻逼傻逼死全家
190769,9169,周龙,2024-03-18 12:09:34,6,6,0,非常好的老师，老师讲的糖代谢是我听过最最最清楚的版本，思路十分清晰，内容十分丰富，语言十分幽默，爱周老师！！！
190770,5527,冯钰,2024-03-18 12:10:55,0,0,0,真的很爱很爱冯老师，老师很厉害，虽然话很简单但是很清楚！！！老师带实验也很好，很温柔！
190771,2327,杨月红,2024-03-18 12:12:32,4,4,0,好可爱的老师，非常非常温柔，课堂上有什么疑问也能给我讲清楚。
190774,5495,刘婷,2024-03-18 12:14:28,0,0,0,老师人超级好，讲得也非常清楚，答疑解惑也很棒，爱老师！\n\n（老师以前是川大邹方东老师的学生！邹老师的学生肯定没问题！）
190775,4650,卓巍,2024-03-18 12:15:20,-2,0,2,老师思路很清晰，讲得很好（除了有时嘴会瓢）\n\n老师真的太帅了吧！！！！！
190782,9108,宋瑞生,2024-03-19 02:43:56,5,5,0,各论最垃圾的老师 没有之一
190785,2034,沈筱筠,2024-03-19 06:36:06,1,1,0,节节课花式点名
190786,7079,杨隽,2024-03-19 06:35:39,4,4,0,上这课睡眠质量太好了
190837,5345,刘冲,2024-03-21 02:45:12,-5,2,7,人很好
190851,3793,徐玉英,2024-03-21 14:06:30,1,1,0,老师是好老师，非常注重原理和理论知识讲解。但奇怪的是，很多时候又不讲明白，学生不知道实验怎么做或者数据怎么处理或方法怎么设计，只能稀里糊涂硬着头皮做，造成了较大的不便。虽然也许老师意在启发我们思考，但是是否也应该有所引导，全新的知识是否能先教我们而不是一味“启发”呢？
190852,7770,曲凡,2024-03-21 14:10:02,10,11,1,中医理论与实践\n\n关于点名：每节课纸质点名，会在点名册上抽人回答问题，一般是医学专业的，还有生物化学等等\n\n上课十分有趣，很生动形象，讲解中医的知识很有收获\n\n希望能取消讨论课，或者减少次数，现在这个六次真的太多了，太浪费课时了。这种讨论课的教学方式感觉完全不适合现在的教学，效果非常差，讨论课上的气氛就是死气沉沉。\n\n现在大学原子化程度很高，虽然在一个学校里一个班上读书，很多人眼里不认识的人那就是陌生人，一句话都不愿意说，更别说像朋友一样交流讨论了。多次积极尝试和组员交流，但是毫无反馈，实在坐牢，浪费时间，不如上正课学一点真东西。
190883,4984,王良,2024-03-23 13:06:32,7,7,0,特别特别好的老师，上课讲得好，PPT做得好，人也特别好，选到就是赚到！
190902,7079,杨隽,2024-03-24 02:16:35,5,5,0,网课启蒙导师
190928,6381,顾传龙,2024-03-24 13:52:40,5,5,0,老师很好很温柔，跟我们强调了很多次小测只是为了知道我们的平时情况，写得差也不会影响平时成绩
190932,9108,宋瑞生,2024-03-25 01:44:59,5,5,0,一分是cls的下限 不是srs的下限
190951,7881,徐小林,2024-03-25 12:03:04,1,1,0,讲课逻辑很连贯，听起来很舒服（医学统计学 方差分析）
190957,7435,李辉,2024-03-25 15:31:08,7,8,1,狠狠爱了！！！\n\n（査老师怎么写到医学院去了hhh，看来医和法真是难兄难弟啊
191024,2034,沈筱筠,2024-03-28 14:09:57,0,0,0,这老师也是没什么好评的了
191051,1470,胡济安,2024-03-30 12:43:57,2,3,1,老师是真的很负责啦，对同学要求都很严格，接触之后也觉得其实还是挺好一个人的就是太严肃了\n\n上课是真的push，而且有点鼓励恶竞的样子（可能是真的希望同学多学一点，多探索一点），课程事情也比较多\n\n总而言之，老师是真的很负责的那种，课也真的是很难顶的那种
191058,5723,冯友军,2024-03-31 10:33:57,-33,1,34,非常博学的一位教授，认真备课，课堂上气氛不错
191064,5723,冯友军,2024-03-31 11:47:16,3,4,1,上课如同听史记
191075,5698,陆燕,2024-04-01 04:44:10,6,6,0,呵呵呵呵，只能说跟xhm上一节课不是没道理的
191087,6287,姚雨石,2024-04-02 00:20:04,2,2,0,壁画真多，傻逼一个
191094,2034,沈筱筠,2024-04-02 10:54:04,0,0,0,实在是难评
191141,2034,沈筱筠,2024-04-08 05:43:30,2,2,0,纯粹的垃圾老师，上课吗是要点名的，评分吗是跟上课内容无关的，论文吗是要求一大堆还要自费查重的，纯狗屎
191148,7981,李雪,2024-04-09 00:12:50,4,4,0,统计学实习课上理论知识梳理得很清晰\n\n具体操作也会很耐心地确保每一位同学都掌握\n\n让我这位天天实习摸鱼的学生着实惭愧
191154,877,徐恩萍,2024-04-09 08:28:15,4,4,0,上课很会阴阳，不知道在高傲些什么
191158,5233,胡海岚,2024-04-09 12:52:39,0,0,0,今年自一初评项目的第一完成人，希望能给浙大拿到一个自一
191159,5495,刘婷,2024-04-09 13:53:56,0,0,0,老师太牛了yyds
191199,3405,沈颖,2024-04-11 15:34:22,2,2,0,认真写但没有好点子好角度老师也不会给高分的，要一些和实际相关、稍微带点创新的地方！\n\n（即使是伪装成文献综述的社会评论再伪装成学术论文也没有关系，毕竟是essay而不是让本科生搞科研，比如我的）\n\n这大概是楼上关于认真写但没得高分的原因吧。\n\n包括考试论述题也是，说了要好好讲自己身边的例子、自己的观察啊，毕竟大家都是抄了超多，怎么区分分数就看其中加入的创意啦！\n\n老师真的是个很重视好角度好例子和学生上这门课能联想到的实践和生活中的例子的！\n\n得高分的诀窍就是以上！！！学姐好心相劝啊！！！得高分其实很简单的！！！\n\n搞清楚每个老师用的教学体系和重视点很关键，老师也讲了他用的是什么教材又是因为什么因素不能给学生用了吧。。。大概能看出老师重视的点并不是国内学者写的纯基础教材所重视的或纯科研了。\n\n再说一遍，让写的是essay不是论文，知网缝合怪真拿不了高分，并且别用知网用google吧，关键词直接搜索，后面太麻烦就不说了，以上
191215,5723,冯友军,2024-04-12 05:56:30,-6,4,10,您工作在今朝，却建设着祖国的明天;您教学在课堂，成就却在祖国的四面八方
191262,7981,李雪,2024-04-16 00:33:49,1,1,0,非常好的老师，上课逻辑清晰，操作的时候会耐心地教会每一位同学
191263,7981,李雪,2024-04-16 00:35:15,0,0,0,非常好统计，谢谢李雪老师让我不用听lxy的课
191265,9169,周龙,2024-04-16 02:59:26,4,4,0,生化糖代谢讲的真的好，上课幽默风趣但是不跑题，课后问问题也是细心回答\n\n我心中的生化mvp
191271,877,徐恩萍,2024-04-16 07:52:19,4,4,0,不知道为什么她上课总给我一种我们求她上课的感觉😅也就督察组来的时候态度好了一点，死装姐。。
191279,9892,池哲勖,2024-04-16 12:25:16,0,1,1,讲免疫学技术的老师
191285,5879,沈华浩,2024-04-16 15:37:53,2,2,0,老师走好
191306,5879,沈华浩,2024-04-17 06:58:58,1,1,0,R.I.P
191362,1470,胡济安,2024-04-18 12:17:46,3,3,0,其实感觉老师还是挺好的，很有教学热情，也很负责。但是上课的压迫感十足
191373,5879,沈华浩,2024-04-18 17:39:44,1,1,0,沈老师千古
191421,5392,龚哲峰,2024-04-21 11:13:39,0,0,0,太垃圾
191423,4278,赵经纬,2024-04-21 15:55:20,3,3,0,很慈祥，喜欢讲故事，虽然讲课有点墨迹但是上课比较有趣，是个好老师
191460,4701,满孝勇,2024-04-23 05:31:27,2,2,0,很神经病的老师，喜欢点名提问，快跑
191462,4701,满孝勇,2024-04-23 06:17:05,3,4,1,事多分少，点名多，提问多，英文ppt中文讲，难蹦。。。\n\n再加几句，刚愎自用，自高自大，学术不精，狗屁不是！
191463,4701,满孝勇,2024-04-23 05:41:27,4,4,0,上课没一分钟把教室门锁了，“来晚了别进”，然后开始大谈特谈什么狗屁浙大教育中国学生云云，爹味儿不要太重。首先这是大学，其次这是浙江大学，你要想别人尊重你，首先要拿出对等的教学水平、专业素质和道德涵养，不是站在讲台上就能高人一等。
191475,3694,陈光弟,2024-04-23 11:15:29,17,18,1,房间里有三个人：陈光弟、希特勒、我。给我两发子弹，我会送光弟两个枪眼
191482,6600,诗音,2024-04-23 12:08:14,-1,1,2,笔记不让记在书上，满意了吧
191485,9169,周龙,2024-04-23 12:28:18,3,3,0,周龙老师代谢讲的极好 幽默风趣 我的神！！！
191486,6403,项美香,2024-04-23 12:49:25,0,0,0,上过她的心脏健康，感觉挺有意思的，就是要注意平时的小测，会很拉分。期末考的话只要把老师给的资料背一背就没有什么大问题，挺好的
191490,9169,周龙,2024-04-23 14:00:39,2,2,0,思路清晰，风趣幽默，爱来自生化
191492,611,李仲杰,2024-04-23 14:07:43,4,5,1,老师人很好 很认真 真的能学到东西
191500,6252,史鹏,2024-04-24 01:15:16,2,3,1,屎屎屎
191603,6287,姚雨石,2024-04-25 15:51:04,2,2,0,实验报告最低给60，最高给100，有点无语
191614,6406,郑婵颖,2024-04-26 01:56:45,0,0,0,老师基本不点名，上课也很温柔！！平时就发过一次言，做了一次小组创业活动、一个pre、一个创意点子分享，最后一个小组的创业策划书。事情不是很多其实，而且都还蛮新鲜有趣的，最后4.5。感谢老师😭😭
191653,5870,姜华东,2024-04-27 01:32:49,1,1,0,老师的局解上得太好了！！！！！
191655,2034,沈筱筠,2024-04-27 01:34:54,1,1,0,极其没水平，烂课还必修，各种点名，为什么那么多人翘课不在自己身上找原因吗
191717,5574,张岩,2024-04-29 03:20:30,4,4,0,备课不认真，上课不知道讲什么，感觉就是10年前的课件
191729,6406,郑婵颖,2024-04-29 06:18:46,1,1,0,老师真的超级超级温柔，不管台下有没有人在听都会很认真地讲课，而且住院了还打一会视频给大家讲我真的好羞愧不爱听课啊TT给分超级好，很会鼓励人～
191763,2556,陈建忠,2024-04-30 01:47:07,2,2,0,我尸体不太舒服。。。
191766,9169,周龙,2024-04-30 02:31:28,-4,1,5,shabby
191790,6287,姚雨石,2024-04-30 07:31:47,-3,1,4,我感觉老师人还是很温柔的，实验课各种事情讲得都很细，不会的操作问他也不会耐烦，就是平时上理论课感觉准备不太充分，但是能感觉到态度很好
191791,2556,陈建忠,2024-04-30 07:34:39,0,0,0,老师人很好，最后一节课还会划重点，最后总评虽然卡绩了，有点可惜，但是还是很满意了
191800,314,那仁满都拉,2024-04-30 09:44:50,8,8,0,乒乓球桌？素质有待提高😅
191808,7435,李辉,2024-04-30 11:40:35,7,8,1,出分前来给法学院民诉的李辉老师评分，李老师很可爱，讲课很认真细致，备课很用心。开卷考试，出题很温柔，在讲义和法考书上都能翻到。
191809,314,那仁满都拉,2024-04-30 11:49:47,2,2,0,《上善若水》。。。。。。至此已成笑话
191810,6302,连虹,2024-04-30 11:50:20,1,2,1,好老师！！！
191821,917,王红妹,2024-05-01 00:31:32,-1,0,1,社会医学乙，经常签到，课很无聊，三次作业（两次问答题，一次阅读文献），考试最后一道大题没有翻到，最后4.2，可选，但不推荐
191822,6338,张宁,2024-05-01 00:33:03,3,6,3,张宁我恨你……讲课无聊就算了，你考试出的什么鬼题目啊啊啊啊啊
191833,7435,李辉,2024-05-01 08:10:35,2,5,3,讲课多是法考内容，学理部分没怎么讲
191966,7079,杨隽,2024-05-06 11:53:27,5,5,0,依托答辩
191970,1756,杨敏,2024-05-06 12:53:35,5,6,1,什金，给分巨烂
191989,5944,韩佩东,2024-05-07 03:17:23,3,3,0,如果奔着学知识的话，基因组医学这门课完全不推荐，都能在其他专业课学到的东西拿出来翻来覆去开新课程有意义吗？拿药物基因组学来说，真的跟上当下热点了吗？\n\n然后中间的评分不公开，PPT考试前才上传，最后总分跟开盲盒一样（因人而异吧，我很讨厌期末只有一个冷冰冰总分，中间过程没有任何反馈的课程）\n\n不过讲绪论和测序的老师和讲肿瘤的老师还是很nice的，一个是像测序与blast是新知识也挺详细的，另一个是肿瘤基因组学PPT肉眼可见的用心（丰富）和友好（中文，当然也可能是我菜）
191991,1556,王鑫慧,2024-05-07 03:20:25,0,0,0,健康促进虽然他上的课不多但是上课还算有意思
192008,877,徐恩萍,2024-05-07 12:17:13,3,4,1,太垃圾了
192022,6176,徐贞仲,2024-05-08 01:48:42,0,0,0,非常好的一位老师
192027,9508,涂华康,2024-05-08 02:53:04,2,4,2,老师嘎嘎帅，讲课很详细，会特别耐心地帮你回顾之前的知识
192063,3694,陈光弟,2024-05-08 11:11:24,7,7,0,陈光弟？\n\n陈光孙！！！
192091,1416,沈晓红,2024-05-09 04:09:58,4,5,1,我不懂，两个论文好好写，讨论也认真写了，给分还是很迷
192144,9744,Xiao Tan,2024-05-10 03:16:26,2,4,2,医伦理事少分高，无点名无考试无小测无作业，最后一篇论文（三个题目可选），给分很好
192157,2146,余运贤,2024-05-10 08:05:26,4,4,0,上课完全没人听把老师整破防了，其实讲得挺好的，对上课也有热情，就是他负责讲的meta分析这部分有点抽象，数学计算挺多，而且还需要一些我们可能没学过或者学得不深的前置知识，导致我有些部分没太听懂
192158,9744,Xiao Tan,2024-05-10 08:07:13,0,3,3,医学伦理作业极少不点名给分高，感觉很适合跨专业的同学来上
192165,3694,陈光弟,2024-05-10 13:28:26,2,2,0,1分只是评分系统的极限，不是陈光弟老师的极限。
192187,7435,李辉,2024-05-11 05:52:52,2,5,3,民法系列老师留下的印象比较深刻，导致lh老师对比起来似乎并不那么重视学理上面的讲解，听说隔壁hhh老师讲到了蛮多法考视频听不到的内容
192209,5495,刘婷,2024-05-12 02:03:04,2,3,1,讲课很好，但是医学细胞生物学考试太细了吧（虽然应该不是刘老师的锅）\n\n考的比细胞生物学还难，不知道出题人怎么想的
192222,4650,卓巍,2024-05-12 11:40:50,5,6,1,评分高的大概是纯看脸的。连话都说不清楚，上课结结巴巴的。ppt还搞一堆英语……
192223,9169,周龙,2024-05-12 11:54:41,4,6,2,老师试图在一节讨论课挽救生化的危亡局面！非常好的周老师！！！条理清晰，抑扬顿挫！
192268,3694,陈光弟,2024-05-13 08:09:10,10,12,2,教的怎样给分怎样就不用多说了，看这个评分就知道了，但cgd是真的恶心。上卫生学实验课所有人一起围着cgd看他讲解x光片，然后有个女生坐在第一排，裙子有点短坐下容易走光，本来cgd是半背对着这个女生讲课的，然后偶然转过去看到那个女生之后就开始瞟这个女生的裙子和腿，瞟一次就算了还一直瞟，整节课下来起码瞟了四五次，真的恶心。本来想提醒一下那个女生结果离得太远，刚挪过去就下课了…
192269,4650,卓巍,2024-05-13 08:31:45,-1,0,1,很好。
192292,2105,杨芊,2024-05-14 06:16:16,9,9,0,锐平健康教育：依托答辩\n\n大二和大四一起上，发言分占20分，一次发言3分，每节上限6分，课后还要评出所谓“思想者”，真的绷不住了。\n\n面对同学们对评分体系的建议，老师表示：谢谢关注，但是该怎么打分就怎么打分。\n\n每次课堂上大家争先恐后地抢话筒，答出来的多是没有什么技术含量的问题，助教拿着话筒满教室跑，课堂上的理论部分老师也没有讲的很好。\n\n还有课后小测，要求闭卷，直接考察两节课的理论细节。我觉得哈，上完课就开测真的能人能记得住嘛？\n\n今天换了老师，一个班100多人提问到的30个人不到，不够新老师讲的确实比yq老师好一点。\n\n真的很后悔没有退课...老师们有时真的很幽默(❁´◡`❁)
192304,3694,陈光弟,2024-05-14 11:10:20,9,9,0,光弟，光递话筒了，呵呵，没这么无语过
192310,1770,孙文均,2024-05-14 15:11:18,0,0,0,人好，照顾学生，课也好，认真负责
192335,2105,杨芊,2024-05-15 14:36:26,6,6,0,我不知道一门专业课程为什么要求这么多互动，不参与互动还有扣分处理，6，因为这门课老师和课程教学都很烂吗？◑.◑
192351,3694,陈光弟,2024-05-16 08:41:11,13,13,0,助教姐姐讲课挺好的，以后光弟就别来上课了，让助教上
192361,1880,赵璐,2024-05-16 11:18:46,1,1,0,老师很有气质，好好听一定有收获的
192367,2746,李秀央,2024-05-17 00:38:42,-2,0,2,出分了，泪目了，谢谢李秀央老师
192368,1416,沈晓红,2024-05-17 00:48:51,1,3,2,老师很好，但卡绩的我
192377,2746,李秀央,2024-05-17 02:58:11,0,0,0,给分可以了，身边统计学人均4.0往上
192402,9040,王永成,2024-05-17 15:21:32,0,0,0,王永成老师是我21年来遇见过声音最难听的人。
192432,3862,高向伟,2024-05-19 14:45:42,5,5,0,上课是不签到不提问的，作业分数是拉满的，课件不是自己做的，讲课水平是一般的，在我心目中是比光弟强的👍
192459,7270,徐欣,2024-05-21 02:14:14,4,4,0,我为徐老师举大旗！！又美又飒，讲课更有趣，也会及时听取意见更改一些规则，比起这门课的另一位老师（推拉能手），真的好太多（哭
192468,4984,王良,2024-05-21 10:03:00,8,8,0,王老师的解剖课讲的挺吸引人的，经常会讲一些病例和科研相关的东西，可能和他的临床医学和科研经历有关。
192528,2830,陈周闻,2024-05-23 03:56:53,18,18,0,行政老师参评奖教金emmmmmm\n\n满口主义，心里生意，辱知行合一了
192560,2830,陈周闻,2024-05-23 13:31:20,6,6,0,从朵朵和98慕名而来的，还以为少说也有个一点几分，怎么还有三点几啊
192567,3190,周婧,2024-05-24 01:50:38,3,3,0,老师特别好，很温柔 但是我觉得人解这门课就只能比较枯燥的上，这是课程性质使然也不能完全怪老师，而且这门课超级费时间，老师也尽量捞了，平时小测都是学生自己出题有题库可以准备，已经非常好了\n\n总之花时间多背书准没错
192584,2609,张纬萍,2024-05-24 09:41:32,2,2,0,老师药理讲的还是相当清晰的
192585,3302,翁莉霞,2024-05-24 09:42:22,1,1,0,下节课700多页PPT，我上课该干点啥好呢
192640,5392,龚哲峰,2024-05-26 09:43:41,3,3,0,不点名，中文课件，已经比一半老师好了，至少我自学方便
192650,5901,王绪化,2024-05-27 00:47:17,8,8,0,讲课真不行
192661,5901,王绪化,2024-05-27 08:29:43,5,5,0,喜欢讲方法论，呵呵
192662,5901,王绪化,2024-05-27 09:09:23,4,4,0,讲的一些没有屁用的东西，不讲知识，建议去高中当老师进修
192670,1366,马丽琴,2024-05-27 12:08:36,-3,0,3,各论一病理报告要求手写（不能对着图片做标注真的很不方便！！）\n\n美其名曰“练练你们的书写能力”“以后当医生是要写病例的”，无语，呵呵
192671,2830,陈周闻,2024-05-27 12:20:45,-46,1,47,只有小人才会诋毁陈周闻老师，在互联网上乱带节奏
192701,2069,汤慧芳,2024-05-29 02:04:51,2,2,0,PPT全是字。。。感觉像根本分不清什么是重点什么不是，有必要什么都讲吗？\n\n上课也根本不下课
192733,7270,徐欣,2024-05-29 14:40:31,2,2,0,徐欣女神我要做你的狗，，
192767,7630,韦巧慧,2024-05-30 06:14:26,0,1,1,很温柔负责，讲课也挺好的
192776,4906,谷岩,2024-05-30 07:08:46,8,8,0,我觉得老师可能是个超级社恐\n\n他上课真的全程都没抬过头\n\n但凡多讲一个ppt上没有的字都会结巴\n\n老师人还是挺好的\n\n下课去交流都挺耐心的\n\n而且讨论课不管说什么都是这位同学说的很好
192841,5901,王绪化,2024-06-03 08:11:27,4,4,0,呵呵呵
192901,3475,康利军,2024-05-31 11:24:52,1,1,0,好老师，上传的ppt还带着自己讲解的音频
192902,6278,朱依敏,2024-05-31 11:30:02,0,0,0,给分挺好？可能是抄的字数比较多叭
192945,79,卢韵碧,2024-06-01 04:56:05,0,1,1,老师声音好听，可爱捏
192997,7435,李辉,2024-06-02 07:00:20,29,31,2,我哭死。本科生就该有本科生的讲解方式。相比很多法学院老师炫技式上课，对于中国法条大批特批（基本的尊重都没有。。。还自诩为什么教义学者），全是自己的极其抽象的理论，完全不管下面学生的死活，这个老师扎扎实实讲基础，并且非常非常合适的理论拓展，真的非常少见。我真的要哭死。而且我是基础打好，问题自然浮现的那种学生。求求了，法学院一些高傲的老师们多向她学学怎么教学生吧。这学期还没考试，但是我给十分。让我上课能少有的专注的老师。想扎扎实实打基础的，一定选这个老师！
193035,5901,王绪化,2024-06-03 02:03:32,3,3,0,喜欢叫人回答问题
193092,4984,王良,2024-06-03 11:19:45,11,11,0,还在学 先来打个满分\n\n老师懂得东西真的很多 会拓展很多科研临床相关的东西\n\n上课氛围很好 老师很随和 快快乐乐的就把东西给学了 有什么问题都能问 老师会很耐心的讲给你听\n\n真的听得很舒服 唯一一门不会上课就盼下课的课程\n\n（但是系解这课程是有点太抽象了 老师也被这排课给抽象到了
193107,6381,顾传龙,2024-06-03 14:45:23,1,1,0,人真的很好的一个老师！！！
193150,6340,白瑞良,2024-06-04 05:07:12,0,1,1,课程设计非常好，开始会让我们天马行空，问我们假如有超能力（具备一切条件）会干什么（脑科学相关）。然后用课堂+实践（去华家池看脑子）的教学模式，教一些知识与技术（如何处理脑电数据）。\n\n大作业是将最开始的构想收敛成脚踏实地的实验计划/装置设计（不需要实际去做，但是要给出拟定的方法、预期结果和讨论）。大作业开始前会有一个pre，就是在课堂上汇报大作业的思路，老师会对每一个同学点评并整理成建议（最终会有一个Word，感觉非常用心），pre氛围很轻松但是帮助蛮大。\n\n最后就是给分很好，对外专业的又好饿，非相关专业但是拿到了脑科学相关的第一个满绩！
193220,1065,李立伟,2024-06-04 14:39:45,2,2,0,感觉真的很不错
193223,5495,刘婷,2024-06-04 15:21:23,5,5,0,十分是给老师的，不是给课的。懂？
193293,5495,刘婷,2024-06-06 01:45:13,5,5,0,细生讲的最好的老师，上课很有激情后排也能听清，讲的很有逻辑，细生分低只能说是考卷和课程安排抽象。
193311,5901,王绪化,2024-06-06 06:46:20,7,7,0,到课率为什么不从自己身上找找原因，讲的一坨还怪气我们来了
193324,5452,白戈,2024-06-06 10:09:03,3,5,2,白老师超棒好吗？
193359,6381,顾传龙,2024-06-07 07:05:36,0,0,0,老师人真的很好
193379,5698,陆燕,2024-06-08 05:49:53,5,5,0,布置的作业给数据都给不全，上课跟蚊子一样哼哼啊啊
193380,5698,陆燕,2024-06-08 05:57:11,4,4,0,念PPT的大师
193414,4984,王良,2024-06-10 03:27:52,11,12,1,大一第一年就给我们安排了系统解剖课，本来以为心理上很难过关，但是王老师通过讲解人体解剖结构让我了解了人体的美，也让我过了心理关。王老师上课除了把解剖结构讲的很有通俗易懂外，更注重让学生了解一些概念性的东西，这对了解疾病发病非常重要。王老师上课氛围也非常好，不知不觉就下课了。只是系统解剖课的安排太匪夷所思了，两个月学完一整本解剖书，还有英文慕课，ppt考试。。。。。。。。。
193438,6381,顾传龙,2024-06-11 02:53:53,0,0,0,老师人真的很好
193498,6683,袁长征,2024-06-12 00:14:18,0,1,1,上课有点陈光弟的味道，知识点是跳过的，话筒是要递的
193499,6381,顾传龙,2024-06-12 00:23:21,2,3,1,老师人很好，但人体解剖学真的是门垃圾课，这么多东西压缩到一个学期上完。大二上唯一一门低于4.5的专业课，不知道平时分是怎么给的，扣了我10分，实验课小测学生出题的模式是真的傻逼，泄题作弊就不说了，尼玛的改卷也是学生改，还不如期末100%。
193505,6600,诗音,2024-06-12 03:20:33,0,0,0,讨论课被老师温柔坏了~会说“请说”“谢谢”，同学发言不管说的怎么样都会表示鼓励和肯定，不会高高在上地点人提问抽查知识点，对讨论课的恐惧因为老师而大大缓解了TT
193508,6271,刘怿君,2024-06-12 03:45:49,5,6,1,这学期老师负责生理学的内分泌+生殖部分，是几个老师里面讲的最好的，会提醒我们哪些是重点，讲课也很风趣，干货满满，上老师的课很开心！守护全世界最好的刘怿君老师！
193538,2034,沈筱筠,2024-06-12 14:45:56,1,1,0,知网查重
193564,9169,周龙,2024-06-13 05:19:14,6,6,0,讨论课我真的会谢
193576,5659,李学坤,2024-06-13 06:52:04,-4,1,5,提问你妈呢
193580,5901,王绪化,2024-06-13 07:37:21,5,5,0,《你们来不是学知识的，学知识你还不如回去自己学》
193592,5842,盛静浩,2024-06-13 11:04:47,4,4,0,哥们有技术的，卫生学最后一节课纸质点名，给哥们整无语了
193593,5842,盛静浩,2024-06-13 11:21:33,4,4,0,迟到的同学坐到前面来
193626,3482,陈莹莹,2024-06-14 04:29:51,2,3,1,上的排舞来评一下分，老师超级美丽善良，上课运动量相比于其他老师的小一点，动作教的很细致（我就是那种跳的比较差的，还被老师点出来单独教过），感觉老师真的是很热爱排舞，最后一节课上老师说这是我们最后一遍跳xxx了，心中还是会有点舍不得。期末考试是一首规定曲目表演+小组编排，整体分差拉开的不是很大，就算是跳的不是很好，如果其他项分数不错的话也能拿到不错的总评，没跳过舞的也可以冲！
193704,6600,诗音,2024-06-16 01:40:35,2,2,0,好耶，good
193719,9239,陆新江,2024-06-16 08:56:43,7,8,1,实验室劝退
193751,7435,李辉,2024-06-17 13:26:41,2,3,1,非常非常非常好
193764,3750,沈静,2024-06-17 14:39:34,-1,1,2,好，好
193805,6406,郑婵颖,2024-06-19 07:27:04,0,0,0,老师声音很好听（bushi），上课很用心，给分远超出了我的预期。但是创新创业类课程本身事情比较多，有多次报告和展示，而且较难见效。
193806,5901,王绪化,2024-06-19 07:36:39,5,5,0,以小组讨论的方式上大课，怎么不算一种科研创新能力捏，无论人数还是形式都非常创新。
193869,6600,诗音,2024-06-20 11:04:23,1,1,0,不错啦
193893,6381,顾传龙,2024-06-20 12:41:38,3,3,0,特别好的老师，讲解很细致，也很耐心！上课不点名，老师觉得只要我们学的好就行（不过还是建议我们都来），会有小测来检查我们学的怎么样，但是小测不计入总成绩，只是给我们练的。从老师这里学到很多！
194070,6406,郑婵颖,2024-06-22 00:51:56,-1,0,1,很温柔包容的老师
194075,2337,陈玮,2024-06-22 01:46:36,4,4,0,同意学长学姐观点，陈玮老师是免疫老师里面讲得最好的，这学期负责的是B/Tcell部分，会画图帮我们理解整体机制，讲课很清晰，有这样的老师教免疫真的很开心。
194161,7932,李笑雨,2024-06-22 09:30:34,2,2,0,很温柔的老师，讲实验很详细
194173,9169,周龙,2024-06-22 10:22:39,3,4,1,从此对讨论课产生了深深的无法磨灭的恐惧
194204,6550,张超,2024-06-22 12:54:27,4,5,1,张老师真的超级认真负责，讲的深入浅出！系解排课是教务处的问题，不是老师的问题！老师也很尽力了。解剖还是要好好学的！
194206,6406,郑婵颖,2024-06-22 12:57:18,0,0,0,创业基础 垃圾课 好老师 内容注水 事情说实话不算少 给分好 肯卷给分更好
194275,1770,孙文均,2024-06-23 05:10:44,0,0,0,初上卫生监督，觉得讲的非常无聊；\n\n后来上劳卫，和三大卫生一起学，觉得孙老师是公共卫生学院讲课最好的老师之一了5555以前是我不懂珍惜
194340,1019,郑莲顺,2024-06-23 09:07:47,5,5,0,系解还没出分但是先来给郑妈打满分，上课在系解老师里应该算top水平还会有小故事。而且很关心学生，咨询学生的意见反馈给领导，真的是对学生很负责。虽然是系解的负责人，但是系解第一年开所以还有很多可以改进的地方，而且有的时候课程间协调不好而且排课不归负责人管，大家不要迁怒郑妈啊啊啊啊。郑妈真的给我艰难的系解学习过程留下了很好的回忆，爱她爱她。郑门！\n\n（PS：有的时候郑妈可能会点名，但是主要是因为讨论课人没来，本身人不来这件事就会影响平时分的，而且系解没有智云啊啊啊错过了就听不到了，所以大家记得来上课。迟到和上课吃早餐郑妈都会包容你的）
194342,5277,周煜东,2024-06-23 09:19:50,0,0,0,神经元电生理讲得有点快，特别是物理、化学相关内容。不过条理还是很清晰的（建议结合zsy）
194396,2105,杨芊,2024-06-23 15:26:41,4,5,1,健康教育，一坨狗屎，发言分占期末总评20分，不发言真就一分没有\n\n课后还要投票评思想者，不投票倒扣平时分\n\n上课一点时间讲理论模型，剩下时间全都是同学发言抢发言分，真正有用的知识几乎没有，对专业知识理解和学习没有任何帮助\n\n课是两个老师上的，期末考是只考杨芊老师部分的，喝喝\n\n一坨狗屎，浪费我时间
194432,1065,李立伟,2024-06-24 02:25:13,1,1,0,李老师讲寄生虫特别清晰明了，讲病例也很清楚，而且人巨巨巨温柔随和，问问题也会很认真地帮忙解答，经常被她温暖到哭wwwwww
194444,9491,张汕,2024-06-24 03:07:25,0,0,0,讲课真的很好，ppt也很清晰，只讲了糖代谢呜呜呜
194485,9169,周龙,2024-06-24 06:07:13,2,2,0,周老师讲的真的特别好，糖代谢讲通透了，医学院的生化老师能不能学学人家的教学能力啊
194501,314,那仁满都拉,2024-06-24 07:49:00,4,4,0,好人，还算有趣，但爹味难掩
194594,9169,周龙,2024-06-24 13:41:39,1,1,0,非常专业和厉害的老师，讲课知识点很足，不会真的是我的问题
194633,6406,郑婵颖,2024-06-24 17:25:00,0,1,1,郑老师事少给分好😘说话很温柔，课堂内容可会有点点无聊但是pre环节还挺有趣的，而且做自己的事也不会管，我每次都坐第一排写作业😂扣一分的原因是我总评94…老师哪怕你多捞一分我就满了啊！🥺
194641,3694,陈光弟,2024-06-24 20:22:08,0,2,2,这种人都能当上浙大教师，可见浙大师风师德问题之严重
194642,417,李兰娟,2024-06-24 22:21:04,0,2,2,。。。
194668,6701,王芳芳,2024-06-25 02:06:53,-2,1,3,班主任老师棒棒！！非常轻松的美育通识课，只要稍加准备就可以获得不错的成绩！！\n\np.s. 一个学期6次小组展示，期末是3分钟视频作业，没有书面考试哦ww
194700,3482,陈莹莹,2024-06-25 03:09:15,1,2,1,莹莹老师人美心善！！排舞课教的特别好！！给分也不错！！都去选她的课！
194742,6271,刘怿君,2024-06-25 07:54:49,3,3,0,非常好的老师，生理课最好的老师，为什么只上最后几节课啊，超巨无敌大美女
194747,3662,郑莉灵,2024-06-25 08:38:59,1,1,0,很好的老师，讲的不错，也很温暖
194823,9509,周泉,2024-06-25 14:01:00,0,0,0,上了老师的细生实验和讨论课，老师很幽默人也很好，强推！！！
194935,7658,刘足云,2024-06-26 03:32:09,4,6,2,这么说吧，碰到不好的组员你就完蛋了。这老师还说什么概率问题，你就认命吧。难道就不能根据每个小组成员贡献度给分吗？真是无语……缺勤还能通过回答问题弥补，回答一次问题就4分。这课也就那样吧……
194949,2952,孙秉贵,2024-06-26 04:39:38,0,0,0,讲课思路很清晰，ppt简明易懂，好老师
195034,2105,杨芊,2024-06-26 12:44:06,7,8,1,这位老师看着很美，做事很恶心。不知道她设置健康教育这门课的原因是不是纯纯想给学生增加负担，用自己的心理学本科知识衡量一位医学生是否能够合理的进行健康教育。开卷考题目全部来自于上课提问以及夹带私货的自己论文内容。最后，她很茶言茶语，明明自己掌握这门课的生杀大权，还要说都是xx老师订的如何如何。对于学生合理诉求也置之不理。整门课都很恶心，吃了一个短学期的💩。
195035,3793,徐玉英,2024-06-26 12:47:52,0,0,0,真的受不了，真的很煞笔
195128,7658,刘足云,2024-06-27 01:55:16,1,3,2,认真听的话可以学到一点东西，spss也会用一点。感觉课内容不多，小测内容只要卡方检验和logistic回归听过都很简单。于我个人而言，平时分拿满，小测基本没扣分，小组展示40分扣了十分左右，明明展示完评价还行，况且我在小组中付出的时间最多。总之，想水就来，最后拿个刘老师口中“大家肯定会有个好成绩”的不高不低的成绩。
195175,4984,王良,2024-06-27 04:56:11,8,8,0,系解课程的安排很不好\n\n但王老师真的超级好\n\n（学弟学妹们选上了老师的课就赶紧偷着乐吧\n\n\n\n上课时候感觉时间过得很快的，一上午一下子就过去了，讲课内容很有意思，上课氛围很轻松，ppt上也全是重点，能学到好多东西\n\n虽然感觉今年被spoc课程坑死了（呜呜呜呜呜呜），但是我还是要给老师打10分\n\n希望以后还有机会能选上老师的课！
195178,4984,王良,2024-06-27 05:03:32,8,8,0,学弟学妹们记得请老师喝咖啡哈哈哈哈哈\n\n老师超级喜欢喝瑞幸的哈哈哈哈哈\n\n真的超级好的老师 还没出分先来打个满分\n\n医学院能碰上那么好的老师真的不容易\n\n老师上课虽然有点魔性口音\n\n但是知识点讲的很清楚，口音也有助于记忆哈哈哈哈哈\n\nppt上全是重点 下课时间还会拉家常\n\n上课很巴适哈哈哈哈哈哈哈\n\n就是这门课真的不太好学
195275,9484,张国捷,2024-06-27 14:28:57,-1,2,3,我觉得老师很好，大佬上课也非常认真，会完整听下我依托答辩般的presentation，会询问对课程的建议，还会邀请别的教授来讲有意思的研究。\n\n个人觉得老师既是一名出色的科学家，也是一个不错的老师，在课上我收获了很多。给分也给得好。
195276,5801,梁洪青,2024-06-27 14:30:31,1,1,0,上课很用心，讲得也清晰，我是有收获的。
195277,9038,周全,2024-06-27 14:31:12,2,2,0,老师准备充分，感觉对教学充满热情。
195278,9642,冯少鸿,2024-06-27 14:32:18,0,0,0,老师上课准备充分，会与你交流，我在课上收获了不少。我会推荐大家上冯老师的课的
195299,6406,郑婵颖,2024-06-27 16:10:47,0,0,0,师者风范，学者素养，慈母温柔。
195320,1645,余沛霖,2024-06-27 17:35:18,-3,1,4,余女神特别好！毒物课很有意思，一学期只有人太少的一次点了名，期末开卷考基本上可以找到答案，
195331,8071,李文渊,2024-06-27 17:57:08,1,1,0,课烂烂的，分低低的
195380,1645,余沛霖,2024-06-28 02:15:48,3,3,0,好老师，但是卡绩且给分巨迷，可能是这学期没有慕课的原因？
195405,1645,余沛霖,2024-06-28 03:22:21,1,1,0,人很好，上课也可以学到很多知识，但绩点一言难尽，我们这一届没有mooc，导致期末占比78%，期末原分直接算，期末一难很容易寄，收获一个学年最低绩点。
195411,3694,陈光弟,2024-06-28 03:46:42,1,2,1,理论课光递话筒，实验课人均回答两三次，不知道讲的啥，讲起来还有点阴阳怪气
195414,7630,韦巧慧,2024-06-28 03:49:46,0,0,0,韦老师真的超级好，这学期的医统和卫生学有她上的部分，很温柔，讲的非常清楚，很负责任，会考虑学生的需求，医统上机课还会带我们回顾一点理论课的知识，我迷迷糊糊的理论课全是在韦老师上机课上学回来的了
195465,314,那仁满都拉,2024-06-28 07:19:27,4,4,0,上课爹味有点重，但是给分还行。上善若水又水给分友善
195519,3694,陈光弟,2024-06-28 13:55:53,0,1,1,真的垃圾
195556,7658,刘足云,2024-06-28 17:46:00,2,3,1,老师上课挺好的，就是分组汇报遇到垃圾组员真的会很绝望
195574,2973,张晓明,2024-06-29 00:24:35,3,3,0,上的是夏学期的人体结构功能与健康，这门课真的是神课，上课从来不点名，zxm老师超级风趣幽默，最后考试也是开卷考，慕课只看完成度，非常感谢老师！\n\n总结：无脑冲就对了
195656,3662,郑莉灵,2024-06-29 09:06:10,0,0,0,非常好，解答问题很耐心，最后还写了祝语好感动
195664,6381,顾传龙,2024-06-29 10:05:12,4,4,0,超好的老师！耐心温柔细心，讲课也很系统也很虚心。一直强调解剖是为了给我们打下坚实的基础，希望现在学到的每一个知识都能对我们以后的职业生涯有所帮助。有人不来上课老师也会主动联系，悉心劝说，了解清楚情况也会尊重同学的选择。偶尔还会讲一些有趣的诊断故事。就是系解这门课本身安排太不合理，短学期学完那么多内容强度太大。老师辛苦了！
195740,4701,满孝勇,2024-06-29 23:37:19,0,0,0,皮肤性病学，大伙评价一下😇
195793,1451,夏大静,2024-06-30 03:15:53,5,5,0,饮食与人类，给分很迷，正态影响很大，慎选
195795,5868,吴一华,2024-06-30 03:16:19,2,4,2,饮食与人类，给分很迷，正态影响很大，慎选
195894,7435,李辉,2024-06-30 14:35:45,5,5,0,两个民诉老师上课风格差距较大，可以结合自己的兴趣和基础选择合适的老师
195925,6234,杨菲,2024-07-01 01:32:02,0,0,0,认认真真听下来，最后绩杀，搞不明白
196011,3523,王良静,2024-07-01 06:44:56,0,0,0,难绷，这给分
196031,3116,赖蒽茵,2024-07-01 08:28:46,2,2,0,讲的很烂，而且给分超级差劲，背了好几天，结果最后连3.0都没有，医学院最烂的老师之一了
196032,3694,陈光弟,2024-07-01 08:31:18,1,6,5,虽然是个垃圾老师，但是贵在给分不错，比什么赖蒽茵之流毕竟好一些
196034,5842,盛静浩,2024-07-01 08:32:00,3,3,0,高中生物老师的大学同学，顶一个
196052,6550,张超,2024-07-01 09:52:03,2,3,1,美女老师海底捞，必须满分
196220,8533,林辉,2024-07-02 09:29:44,12,12,0,正在钻营评教授，必须要对教学和学生这阵子笑面相迎。只能说院长不是白当的。
196394,8071,李文渊,2024-07-03 08:17:21,1,1,0,老师其实人还不错的，据说课题组氛围也还行\n\n但是环境卫生学这门课实在有点又臭又长\n\n老师考前给我们一种他很捞的感觉，是不是看我们的答卷不想捞了[ac01]，喜提本学期最低绩点
196429,5523,潘冬立,2024-07-03 10:05:49,2,2,0,至少让我过了……谢谢老师
196473,5345,刘冲,2024-07-03 16:12:01,6,7,1,喜欢拉踩，有种打心底瞧不起人的伪善。
196499,2364,包爱民,2024-07-04 00:16:08,0,4,4,大脑与社会，一门发人深省的好课程。
196522,2364,包爱民,2024-07-04 02:07:12,5,5,0,每节课都认真听，ppt也查阅各种文献，点名没缺过一次，讨论课也积极发言，期中没用GPT，期末考私以为考的还行，结果最后给我来了个3.6？付出和收货完全不成正比，慎选。
196573,3694,陈光弟,2024-07-04 06:09:57,2,3,1,依托史
196576,13,张咸宁,2024-07-04 06:18:19,1,1,0,遗传医学创新简史挺水的，课堂测验5个选择题，答案可以上网查和在课件里找，期末选择题听课就会，大题瞎扯，我总评4.5，在班上算一般吧
196580,5523,潘冬立,2024-07-04 06:21:54,0,0,0,老师们人都挺好的，讲课水平挺高的，但是我大二一年的努力被病原毁了😓
196583,9249,朱赴东,2024-07-04 06:25:14,1,1,0,口腔预防医学的卷子是哪位出的？上课内容改了，考纲咋不变啊？
196731,314,那仁满都拉,2024-07-05 02:33:51,0,0,0,给分很好，课可以随便水，就一次pre（应该是不计入考核分的那种）还有一次开卷考（可以上网搜答案），开卷考的感悟好好写最后满了
196755,7435,李辉,2024-07-05 03:26:15,12,13,1,真的特别好，认真对待课堂，认真对待学生，爱笑，努力调解课堂气氛，让学生听课，把基础知识点讲明白。虽然最后都没有鼓起勇气去和李老师交流，但真的是我心中法学院难得的十分好老师…怎么只有七分呢！！
196802,2973,张晓明,2024-07-05 08:11:46,1,1,0,上的是张晓明老师的全英文系解\n\n老师人很好的，讲课也很有意思，但老师说“英语一点也不难学”铁定是骗人的，期末考试选择题就没几个认识的单词（
196873,2832,金明娟,2024-07-05 17:11:40,4,4,0,给分真烂啊
196889,547,陈坤,2024-07-05 18:51:28,2,3,1,傻逼玩意
196890,2832,金明娟,2024-07-05 18:51:53,3,3,0,傻逼玩意
196891,6301,唐梦龄,2024-07-05 18:58:17,1,4,3,傻逼玩意
196898,7435,李辉,2024-07-06 00:19:31,9,10,1,平时好好学，期末卷子不难的。老师不会最后划重点，但是哪个地方是重点，老师都明确都穿插讲在了课程中。很好的老师，很好的课程，推荐大家选课
196900,9249,朱赴东,2024-07-06 00:45:00,1,1,0,来评价口腔预防医学这门课，以求后人可见。这门课在23-24学年春夏学期的开课，口腔流行病学部分在期末考试中考了1道选择和1道填空，这部分内容在课本有，但是上课的时候完全没有涉及，同时在对照课本、PPT和历年题中发现课本最后一章“口腔医疗保健中的感染和预防”也是不讲但是会考的内容，可以理解作为一门短学期的课，学时有限无法讲完全部章节，但是起码告知我们考试范围是全书吧。所以在此提醒学弟学妹，这门课就是“考教分离”，绝对不能只复习PPT内容，课本上没讲过的知识点也都要看。
196916,1019,郑莲顺,2024-07-06 01:55:23,5,5,0,系解真真真真真真神！！！！选到郑妈的课实在是太幸运了，教得非常的好，诶～，非常的幽默，还会穿插一些小故事，线上答疑也会非常耐心地解答，这学期最爱的课就是系解了！老师超级体贴学生，课间休息很规律，周五早八还会特意监督我们吃早餐哈哈哈哈（虽然本人经常不吃orz），系解第一年开课郑妈向同学们收集了好多好多意见和建议，看得出来老师非常尽心尽力啊，希望大三局解还能选到郑妈的课！
197011,7435,李辉,2024-07-06 15:25:14,4,5,1,很爱笑的老师
197057,5166,危晓莉,2024-07-07 03:45:41,2,2,0,女神！
197085,9517,高洋,2024-07-07 11:42:17,3,4,1,不会讲课可以不讲，\n\n不会出卷可以不出，\n\n不会给分可以不给。\n\n\n\n你这门课，节节棒读，张张截图，考课后题，也是乱出，听完六节，只剩浆糊，一个单词，也记不住，作为学生，我搞不懂，开这个课，意义何在
197128,7435,李辉,2024-07-08 04:14:13,9,10,1,因材施教的好老师，本科生教的都是基础的知识，偶尔拓展学理
197144,7360,杨静,2024-07-08 06:23:16,0,0,0,好老师，上课内容充实，耐心指导学生实验并给出有价值的建议！
197158,7435,李辉,2024-07-08 08:45:58,7,8,1,特别纯粹可爱的老师，民诉本身真的好无聊但是老师的讲授让课堂变得有趣了很多，给分也出乎意料的超好
197171,7435,李辉,2024-07-08 13:17:16,11,12,1,满分！\n\n老师非常温柔，讲课清晰夯实基础，对本科生真的非常友好，在法学院真的极其罕见了\n\n给分方面，问了下老师期末成绩，感觉期末改的还是比较严的，不会的话就是没有分。不过平时分给我应该是基本给满了，最后给捞到及格了（跪谢老师呜呜呜）。大家还是要认真复习，尽早开始背
197182,5166,危晓莉,2024-07-09 00:56:29,2,2,0,危老师真的特别好，就像一位妈妈一样，对待每一位学生都是那么关心，虽然有同学会觉得要求有点多，但是真的可以学到很多东西！并且危老师的思政教育融入得特别好，比某些老师好太多了
197184,946,韩曙,2024-07-09 00:59:27,0,0,0,老师的《临床应用解剖学》，不用说了，伟大无需多言
197200,7435,李辉,2024-07-09 02:52:31,8,8,0,进入法学院以来一直有种觉得自己无法打好基础知识的茫然，大部分老师的上课知识容量都很丰沛但不少会觉得教考分离、学了也不会应用，辉姐真的讲的很扎实，偶尔也有一些很有意思的例子帮助理解，总之满分！！期末好好复习把重要的点都掌握了的话，考的不偏，还是可以拿高分的、
197233,547,陈坤,2024-07-09 15:26:26,0,1,1,身边都没听说有谁上80的，这给分真有点幽默
197240,2550,申屠建中,2024-07-09 17:26:37,0,2,2,不点名，上课水，任务轻，给分还可以，放心选吧
197255,5698,陆燕,2024-07-10 03:08:37,2,2,0,和xhm一样的贵物，上课纯念PPT，SAS和R语言根本是讲不明白，自己实操卡壳了就“哎呀哎呀”，摆个司马脸哼哼唧唧的跟面肌痉挛了一样。最后监考的时候说些通知、注意事项声音依然小得跟蚊子一样，感情你上这门课就是签到完拿学校的工资是吧？建议和xhm扔同一个猪栏土里了，上课的时候让AI读你们的PPT。
197280,2550,申屠建中,2024-07-10 08:33:09,2,2,0,垃圾！上课没有实质内容甚至搞不清课程安排，结课后才拉群，群里人都没齐，考试周发布期末述评任务，ddl就给一周，说要发ppt也不发，同学群聊私聊一概不理，述评邮件发送两周都没打开，突然喜提3.6，无语至极！垃圾！
197281,2550,申屠建中,2024-07-10 08:37:28,1,1,0,摸鱼水课学不到一点，垃圾给分！
197305,10624,林铮,2024-07-10 15:58:44,0,0,0,师德败坏
197357,1880,赵璐,2024-07-11 09:09:41,1,1,0,好老师，发言能反应一个人的水平，对学生很公正
197374,9509,周泉,2024-07-11 17:34:01,0,0,0,在周老师组里呆过，该是周老师入职不久去的，人很棒，压力适中，能力不错，如果对他的研究方向感兴趣的话无脑冲啊！
197376,2096,罗依惠,2024-07-12 00:40:44,0,0,0,老师可能有点严格，但给分很好，老师上课知识还是比较多的，需要花不少精力，总体还是很认真负责的，专业知识也很丰富
197405,5868,吴一华,2024-07-13 04:34:00,3,6,3,给分烂的一笔，真tm无语了，喜提大学最低绩点。一门通识课恶心人有意思吗
197406,1451,夏大静,2024-07-13 04:35:48,5,6,1,大学遇到的最恶心的玩意。给分一坨屎，本来想着选门通识课把学分攒够，结果直接喜提大学最低绩点，真tm恶心
197427,8533,林辉,2024-07-14 15:47:31,16,16,0,"楼上的""为了促进学科交叉来到生仪学院做副院长""，哈哈哈也就说给懵懂大学生才会信！！"
197582,3662,郑莉灵,2024-07-20 06:57:43,0,0,0,很好的老师，课讲得好而且相当耐心
197629,2494,邱爽,2024-07-23 03:01:16,4,4,0,我唯一的爽妈妈，非常棒的老师！Lecture和tutorial都讲的非常好。课件有重点有层次，英语口语非常棒，讲课贼温柔～
197667,9800,姚沙沙,2024-07-26 02:53:54,0,0,0,超级喜欢沙沙老师
197671,3793,徐玉英,2024-07-26 09:54:18,1,1,0,徐老师看到教学评价后破防现场：“还有收到说咱职业卫生与职业医学实验课的试剂配错等问题，不清楚是哪位同学写的。咱职业卫生与职业医学实验课涉及的试剂本来就没有多少。我估计这位同学说的是环境卫生学实验课。环境卫生学实验课所用的缓冲液试剂并没有配错是理解问题，而且不管职业卫生与职业医学，还是环境卫生学，这两门的实验课所用试剂均不是我配制，写到我头上，有点不合适。”环卫、劳卫、公技都有她上的课，实验课仪器试剂真的出过一堆问题吧，实验原理也讲不清，注意事项也讲不清楚，具体要做什么操作也让我们自己思考，最后全班实验都失败了，我不好说，其他人说。
197710,5548,李昊旻,2024-08-03 10:34:34,0,0,0,老师人真的很好
197791,5622,何超,2024-08-13 07:19:42,0,0,0,好好上课
197793,5622,何超,2024-08-13 08:18:35,1,1,0,上课从不点名，或者说，你应该期待他来上课了
197853,6420,王朗,2024-08-16 05:52:27,2,2,0,是个好老师，欢迎大家进她的实验室
197854,4906,谷岩,2024-08-16 05:56:05,8,9,1,作为谷老师的研究生，必须说一下，谷老师确实不善于社交是个社恐，但是为人处事对学生是真的很好很善良，而且科研上也完全有能力指导学生，读研的都懂。这几年实验室越来越壮大，也逐渐有经费了，欢迎大家加入Gulab
197860,5659,李学坤,2024-08-16 11:54:13,3,3,0,宁可枝头抱香死，何曾吹落北风中。
197880,6843,楼燕,2024-08-19 00:58:40,0,0,0,美美美
197898,4442,周天华,2024-08-20 07:01:42,1,1,0,一点也不好，讲的笼统学不到东西
198040,8533,林辉,2024-08-26 11:20:50,9,9,0,当面一套背后一套的典型代表，亲见班级会上面夸夸其谈自夸加他夸，小会上又diss同学有问题！
198071,8533,林辉,2024-08-28 07:32:29,14,14,0,恶心，表面笑嘻嘻，背后才骂你！
198104,1645,余沛霖,2024-08-30 12:59:30,2,2,0,讲的不好，给分也不好。不要选临床毒理学！
198123,197,杨廷忠,2024-09-01 05:12:38,0,0,0,新老师吗为什么没有评分？等我上了他的课再来改评分
198150,1271,朱益民,2024-09-03 04:07:24,0,0,0,很喜欢朱老师
198227,5325,孟卓贤,2024-09-05 09:59:20,0,0,0,身高偏低，秃发，戴眼镜，口碑极差
198260,3340,黄建,2024-09-06 03:05:23,1,9,8,emm
198384,2494,邱爽,2024-09-08 11:51:21,3,3,0,太无敌了老师…本科四年遇到过讲课最清楚的老师…
198421,6550,张超,2024-09-09 00:44:09,0,1,1,老师人美心善，超级负责，讲的也很清楚!给老师打call!
198497,9517,高洋,2024-09-09 09:17:09,1,1,0,是基础医学本科生的必修课，推荐医学院其他专业的同学当跨专业（亲测）。收获了一本很好的医学英语教材，但是词汇部分的确枯燥需要自己花时间学，老师也没必要讲三节课（基本过PPT），考试考教材课后题，如果认真学教材（过一遍）整体不难，不用太纠结教材中的补充词汇，正文加黑和词根词缀掌握即可，基本不考察拼写，认识为主。写文献summary和做汇报对科研训练有一定帮助，所以感觉收获最大的是第一节张岩老师带的读文献课和最后两节高老师带的如何做科研英语汇报的课，课后和老师交流也能收获不少，最后没记错的话应该是4.5，很满意了。
198564,3750,沈静,2024-09-10 03:10:43,7,8,1,对课不对人：生科实验是屎
198643,2337,陈玮,2024-09-10 10:16:13,1,1,0,陈老师确实是免疫系里为数不多认真教学的老师了，上课语速适中条理清晰，还不时面带微笑，让人如沐春风
198862,547,陈坤,2024-09-12 08:09:49,0,1,1,期中考是一半没上70的，身边几乎没问到上3的，这种课跟室友讲了他们没有感受，直到他们上了一节
198871,9795,王露曦,2024-09-12 09:32:39,2,2,0,纯唐好吧
198884,7099,李晓,2024-09-12 11:33:35,8,8,0,反正计科给我们补选课的李晓很nb
198885,7099,李晓,2024-09-12 11:35:52,5,6,1,计算机科学与技术学院掌管课表的唯一真神❀
198915,5659,李学坤,2024-09-13 01:48:08,0,0,0,不错的老师，会给你讲考试重点。在医学院众多老师里很是难得
198950,3902,齐宏妍,2024-09-13 10:28:16,4,4,0,错的不是老师，错的是这门课程，以及设置课程的学院。
199036,6779,张腾,2024-09-14 08:32:19,-6,3,9,第一节课的印象就不好，群里问了半天在哪集合，屁都不放一个，集合之后又讲了一堆废话，其他班都下水了，我们班衣服都没换.之后群里发消息她从来不会，只发通知，第二节课快下课了说会游泳的可以上去了，然后我们就走了，结果全部记了早退，可是第一节课也没有签退啊，其他班也都走了，总之就是非常无语
199075,759,王青青,2024-09-15 14:22:13,3,3,0,非常非常好的一位老师
199087,6779,张腾,2024-09-16 12:04:32,0,2,2,总体感觉不错，也比较有耐心
199091,2830,陈周闻,2024-09-16 17:01:56,2,2,0,三观不敢恭维
199227,9719,白洁,2024-09-19 11:51:19,0,0,0,让人想起某小说主角，大美女，太棒了
199270,1059,王福俤,2024-09-20 07:33:41,1,1,0,超级无敌恶心，上课的时候还有点人样，对待自己实验室的博士和硕士简直不让人看，狗都不如，只会push+pua，无底线地压榨学生和羞辱学生，千万别来读博读研，快跑
199273,5698,陆燕,2024-09-20 07:52:58,2,2,0,板着个司马脸蚊子哼
199290,5231,郭国骥,2024-09-20 12:27:57,0,1,1,超棒!
199291,5231,郭国骥,2024-09-20 12:31:13,0,1,1,好帅的老师。上课讲课十分有意思，本人风趣幽默。只是教师节送礼物可能被老师认真的说教一番，很耐心很仔细
199301,954,王琳琳,2024-09-20 14:13:10,0,1,1,太喜欢王老师了，讲课特别清楚节奏很舒服，人也漂亮温柔爱笑。
199321,6202,闫春兰,2024-09-21 03:06:35,2,2,0,话很多很烦，但都没啥意义，喜欢说教，“好习惯决定你的一生”，有点抖音1min小视频人生讲师那味儿了。医学专业知识的讲解有一点，但不多，就像那只在我手上逝去的兔子身上的一根毛。
199354,6406,郑婵颖,2024-09-21 14:28:15,6,6,0,去年上了郑老师的创业课，今年给朋友推荐，发现教务网上换老师了，班级被合并了，有人说郑老师离职了（？）不管怎么样先特意赶回来评论。\n\n不得不感叹郑老师真是一股清流。没记错的话郑老师是医学院的，不过很认真地学习了创新创业的相关书籍，从授课也能看出来是非常认真地准备过，体验非常好。\n\n老师人很温柔很耐心，至今记得的一个细节是每次上课前都会对全班同学鞠躬致意，虽然只是很简单的一个动作，但是初入大学的我确实感受到了一种被关怀的亲切感。\n\n我无意进行人身攻击，但郑老师的水平确实反倒显得比那些“专业对口”的管理学院和行政的老师要高得多，人也和善的多；很庆幸有这样一位技术出身的老师能来创新创业学院授课，让这门本来就烂透了的课多了一些学术的严谨和和谐，少了那些充满爹味的胡说八道。\n\n郑老师不再带这门课实在是正确的选择，所谓创新创业类的形式主义课程，不仅耽误学生，也残害了好老师。24级开始好像不再必修这类课程了，真是谢天谢地了。
199365,6213,张孝通,2024-09-22 08:53:59,6,9,3,课没上完先给个及格分，zxt讲课是真不太行，声音小，而且照本宣科比较严重，这周由周箭代了一节课，感觉他讲课水平被周箭完爆了，不过好在事少不点名，而且他这学期用上了盾妈的PPT，这可能一定程度上能弥补他的讲课这个最大的debuff
199398,6035,厉旭云,2024-09-23 01:56:32,0,0,0,老师给我们上过生理科学实验的课，翻转课堂会引导同学思路和补充要点，实验操作部分讲了很多细节，第一次课展示可以看稿但是后面好像会要求脱稿了（？），神经干实验下课还是准时的甚至可以提早一点。
199415,9108,宋瑞生,2024-09-23 07:08:57,4,4,0,声音如蚊子叫，ppt都念不明白，唯一的好处是催眠
199423,3902,齐宏妍,2024-09-23 08:55:43,1,1,0,讲课很有激情！生科实验的讲解特别特别好！
199425,9484,张国捷,2024-09-23 09:00:47,2,3,1,感觉人很一般……不是很尊重学生吧
199440,611,李仲杰,2024-09-23 16:03:02,4,6,2,评论里的老师和我上的课的老师是同一个人吗？感觉这个老师超级好，上课也很细致，回答问题也很详细，而且上课时也很和善
199479,5844,梁华为,2024-09-24 09:53:03,4,5,1,生科实验。没责任心，理论不扎实，讨论全凭学生说，错了他也不更正，完全学不到东西。做实验时游走在外围，问他就糊弄，全靠助教帮忙。最后要靠同学提醒才知道发汇总数据的表，从没见过这么窝囊的老师
199527,6252,史鹏,2024-09-25 02:48:20,5,5,0,有没有大佬来讲一下是她讲的问题还是我自己的问题，sp老师上的部分没一张ppt是听懂过的
199530,7946,徐飞,2024-09-25 03:18:15,1,2,1,帅逼老师，嘴很快的，会说考什么内容
199572,8533,林辉,2024-09-25 13:48:38,8,8,0,“您”可是真的表啊
199595,79,卢韵碧,2024-09-26 06:09:19,2,2,0,讲的是啥啊，太乱了
199609,6252,史鹏,2024-09-26 08:12:15,3,3,0,连ppt都不会念
199610,5280,徐骁,2024-09-26 08:22:47,1,1,0,很好！
199648,851,方马荣,2024-09-27 01:47:36,0,0,0,2024年路过，果然大家对这位老师的评价都出奇的一致。只能说该老师已经过了事业巅峰期了，就是一个躺平的老师，所以也不必要求太高
199708,3480,徐芳英,2024-09-28 03:13:18,2,2,0,真的好喜欢，现在在上她的病理课，是我的福气！！！
199754,7079,杨隽,2024-09-29 02:47:09,2,2,0,生科实验要求好多
199785,9108,宋瑞生,2024-09-30 01:01:24,3,3,0,看看他的到课率就知道了。。
199807,8297,谢小洁,2024-09-30 04:28:31,0,0,0,拖课大王，雨课堂随机点名，讲的还行，但是拖堂呃呃呃啊啊啊啊啊
199813,6935,韩飞,2024-09-30 06:33:06,0,0,0,临床老师，好😋
199831,7079,杨隽,2024-10-01 03:37:35,4,4,0,傻逼，课是讲不明白的，说话是要嘴臭的
199894,1645,余沛霖,2024-10-07 15:44:48,0,0,0,太高冷了。
199901,9108,宋瑞生,2024-10-18 11:21:53,19,19,0,讲课水平极差，信息量低，语速慢，一句话停个五六次再加上三四个额。\n\n讨论课拖堂，台上讲一句，他说五六句，然后拖到超时之后还说是展示的人没控制好时间。\n\n补充，调休选了个阶梯教室上课，不开话筒，空调声都比他大
199902,9108,宋瑞生,2024-10-18 12:02:24,10,10,0,又是一个来混职称的研究员😂😅，但是是表现的最明显的一个，从PPT到讲课都是一坨，污辱了老师这个职业
199903,6302,连虹,2024-10-08 00:31:16,2,2,0,一流的老师！课讲的明白人也好！
199904,6202,闫春兰,2024-10-08 02:51:36,0,0,0,知识含量寥寥无几，爹味说教头头是道，一讲讲到考研复试。老铁。。
199913,7994,徐建,2024-10-08 07:13:28,2,2,0,老师第一年讲课可能讲的没有很好，但人非常好，给分基本都拉满了，期中考超简单，有种求着大家拿分的感觉，实验和报告也好水，除了期末考试没法调外真的事少分高
199918,9231,方瑜,2024-10-08 10:43:07,0,0,0,实验技术超级厉害，人也很好！
199924,3482,陈莹莹,2024-10-08 11:28:26,0,0,0,好好好
199934,9108,宋瑞生,2024-10-09 00:27:47,4,4,0,摆烂式讲课。。。
199997,5325,孟卓贤,2024-10-10 14:06:09,2,2,0,感觉做他的研究生好惨
199998,5731,崔一卉,2024-10-10 14:36:40,10,11,1,这位老师的科研道德十分难评，想去她实验室的同学们小心
200011,6058,高志华,2024-10-11 01:25:34,5,5,0,老师讲组胚真的很清楚，还会下来教我们看切片，超温柔
200013,5538,易聪,2024-10-11 01:54:29,1,1,0,一般。
200016,5731,崔一卉,2024-10-11 03:53:53,6,6,0,98吃瓜中
200024,5727,郭江涛,2024-10-11 08:12:17,0,0,0,看得出来是积极备过课的，能收获很多
200082,6252,史鹏,2024-10-12 11:56:07,3,3,0,永远的史，见过的讲的最烂的老师之一
200085,5731,崔一卉,2024-10-12 14:52:41,5,6,1,据说和老公一起剽窃了导师课题组一个师兄的课题，已经被举报到学术委员会，大家小心
200129,2832,金明娟,2024-10-13 12:41:17,1,1,0,丨丨丨
200134,611,李仲杰,2024-10-13 14:39:01,4,6,2,老师很好啊，组胚讲的很棒很细致，跟着仲杰可以把切片学得很清楚！评论区里的槽点貌似都没感受到，确实不至于这么低，，，，
200135,7004,胡可嘉,2024-10-13 14:51:45,0,0,0,医学统计实习课讲的蛮清楚的，能不能把八节课都讲了
200248,2832,金明娟,2024-10-15 06:39:53,1,1,0,呵呵呵
200255,2832,金明娟,2024-10-15 07:16:53,5,6,1,将课堂效果不好的结果全部归咎于课上玩手机的同学而一点不考虑课程和自身的问题，正像是瘟疫流行时不去处理疫水疫土，而去挨个质问感染者“再这样期末时考不好别来求我”一样，令人忍俊不禁。
200263,2832,金明娟,2024-10-15 07:58:55,2,2,0,实在是拉跨，本科教育质量不高，也是有原因的。
200274,6035,厉旭云,2024-10-15 08:59:01,0,0,0,我觉得她对结果强行解释，不是很求是
200316,6252,史鹏,2024-10-16 02:18:52,3,3,0,人很nice但不知所云，，，
200362,5384,仓晓慧,2024-10-16 08:25:55,0,0,0,互相学习。。？
200376,3765,李颖,2024-10-16 11:19:01,2,2,0,挑起性别对立。。。刻板印象严重
200378,5574,张岩,2024-10-16 11:41:30,7,8,1,讲课清楚明白，任务下达及时，我不知道底下的评论为什么有这么大的恶意（5元，记得删）
200395,6035,厉旭云,2024-10-16 14:09:23,1,1,0,好老师，水平很高
200470,1416,沈晓红,2024-10-17 11:26:50,0,0,0,{社会心理学}真的是顶级好课，非常推荐！！！！！比微辅修老师讲得更清楚有趣
200517,954,王琳琳,2024-10-18 05:26:00,0,2,2,我见过的最差的实验老师，没有之一。你是不是以为我们每天都很闲，没事干，天天和小学生比赛十以内加减法啊？B事特别多，然后还一副沾沾自得的样子，经典的医学院老师
200545,9108,宋瑞生,2024-10-18 13:14:49,-8,1,9,希望老师好好改改上课声音轻的问题！其实理论课讲的很不错，对着书上内容一起听超级适合，但是可惜大部分人不会去听或者听不到，真的挺可惜的。亡羊补牢为时不晚！
200673,6302,连虹,2024-10-21 01:26:54,-3,0,3,感觉不如周俊
200708,5495,刘婷,2024-10-21 07:38:49,5,5,0,我班主任\n\n人超nice\n\n会帮我们过生日订竺院寝室的教室
200731,6779,张腾,2024-10-21 12:20:41,10,11,1,张腾老师超级超级棒！教的也很有耐心，非常体谅学生，说被记早退的其实到后面根本没有记，只是吓唬吓唬我们罢了🥰🥰🥰
200734,6058,高志华,2024-10-21 12:58:49,0,1,1,为什么老师评论这么少，真的超级喜欢高老师，讲课很有意思，也很细致，超温柔的，会手把手教我们看片子，我爱了真的！！！！！！！
200748,10511,勇佳汶,2024-10-22 01:13:26,1,1,0,在浙大遇到的最帅、最体贴的老师。教学过程全程微笑、相当关心学生。十分只是系统的上限，不是勇老师的上限！
200843,5574,张岩,2024-10-23 08:54:58,5,5,0,史中史
200887,5553,钱鹏旭,2024-10-24 05:26:24,0,0,0,老师总口头点名一定记得来上课啊
200911,13,张咸宁,2024-10-24 11:44:22,2,2,0,医学院为数不多没翘过的专业课\n\n大三回想遗传学依然是上过最好的专业课\n\n期末不捞人，分数不高，但确实从课上收获了很多绩点以外的东西
200918,9108,宋瑞生,2024-10-24 15:11:25,5,5,0,窗外鸟的声音比他大多了
200923,900,周俊,2024-10-25 00:57:03,-1,2,3,逼事真多，天天小测，一堆毛病
200929,7574,肖鹏,2024-10-25 03:24:56,-2,0,2,说话不算话，只会画大饼
200953,5723,冯友军,2024-10-25 11:05:41,1,1,0,难评。。。
200986,2832,金明娟,2024-10-26 04:31:15,1,1,0,令人忍俊不禁
201003,2177,王建炳,2024-10-26 11:49:30,1,1,0,感觉老师讲得很好，PPT和口述都是言简意赅，每一点都有详细的解释，例子都很到位。自学fw真的很喜欢这样式的老师。
201015,2832,金明娟,2024-10-27 02:37:02,1,1,0,dsb
201024,9108,宋瑞生,2024-10-27 08:49:30,3,3,0,它的生理学真别去。。。。两个学期了，每次都抱着幻想去上它的第一节课，然后第二节课果断听罗自强的网课自学。。。。
201056,3765,李颖,2024-10-28 11:01:36,2,3,1,首先老师是温柔的老师，声音轻轻的，课非常非常水，没有点名，但是每节课后有十个判断题作为小测，期末考为闭卷考。但是老师性别刻板印象极其严重，有时候甚至觉得自己在上家庭主妇培训班。对女孩等于贤良淑德，现在做的一切是为了优生优育。。。并且请假非常非常麻烦，请一节课一定要纸质假条提交。讲课形式比较单一就是读ppt，明明这门课的形式可以更多样更生动而不是仅仅罗列知识。
201130,1645,余沛霖,2024-10-29 07:06:06,0,0,0,身边的毒物别选，快跑，给分极差
201161,1416,沈晓红,2024-10-29 12:23:23,1,1,0,老师讲得非常好，整个秋学期只点过两次名，作业是两片论文。希望老师给我高分哈哈哈我爱沈老师
201174,3750,沈静,2024-10-29 15:05:57,3,3,0,病生讲得很清晰
201175,3482,陈莹莹,2024-10-29 15:07:34,1,3,2,讲课挺清楚的，ppt也做得很适合复习，就是上课速度偏慢点（医学院的cyy老师）
201176,6035,厉旭云,2024-10-29 15:09:07,0,0,0,生科实验讲得非常非常详细到位
201177,954,王琳琳,2024-10-29 15:10:51,1,1,0,讲课挺温柔，但是对我们的科研水平有不切实际的幻想
201178,9231,方瑜,2024-10-29 15:11:35,1,1,0,实验操作很厉害，课后问问题也会详细答复，人超好
201180,6194,张红河,2024-10-29 15:14:30,0,0,0,上课讲得很清楚，而且偶尔会穿插一些有意思的小故事，就是偶尔会点名叫同学起来回答问题怪刺激的（答不上来也没啥）
201181,5379,胡晓兰,2024-10-29 15:16:01,0,0,0,看起来现在是改邪归正了哈哈
201188,2364,包爱民,2024-10-30 02:00:40,0,1,1,脑与认知喜欢提问？
201216,6202,闫春兰,2024-10-30 09:16:08,0,0,0,听不懂，像哈利波特里面那个占卜课的老师。。。
201230,3750,沈静,2024-10-30 12:59:52,3,3,0,讲课确实很棒，但是作为生理科学实验课程组的负责人，把学生搞成这个样子是要担责任的
201280,2345,张雄,2024-11-01 04:49:43,1,1,0,爹味太重了、、、再也不想碰到的人，问个题还已读不回，你以为你不回我就不能问其他人了吗，真服了。我希望永远永远不会见到你，祝你什么科研成果都做不出来
201301,6302,连虹,2024-10-31 08:55:02,2,2,0,好老师啊，讲得清楚，人也很好，很温柔，上课效率高
201326,5345,刘冲,2024-10-31 18:55:24,8,8,0,搞南通
201354,2364,包爱民,2024-11-01 04:50:46,0,3,3,抽象 碰到你是我的霉运
201379,6650,钟近洁,2024-11-01 08:52:38,9,9,0,lh老师和zjj老师是带我组胚的两个老师，大家一定要珍惜，医学院中遇到正常老师不容易，遇到好老师更难了。
201383,1756,杨敏,2024-11-01 10:06:24,0,0,0,老师上课讲的很认真，内容也很有用，想听的话很有收获，想水课的话也可以，只有一个期末测试，难度不大，平时的作业也很轻松，点名是每次都点
201406,6935,韩飞,2024-11-02 03:21:04,0,0,0,老师讲课真的好，比很多学校的教授都好！！求老师多讲几节课QAQ
201451,9231,方瑜,2024-11-03 07:55:34,0,0,0,无敌好老师
201452,2832,金明娟,2024-11-03 07:56:16,3,3,0,严于待人，宽于律己
201488,6650,钟近洁,2024-11-04 01:01:36,6,6,0,超级好，目前上过所有医学院的课中讲的最好的
201489,4650,卓巍,2024-11-04 01:05:38,0,1,1,石中石，米共中的米共
201491,2743,许正平,2024-11-04 01:09:35,3,5,2,垃圾中的垃圾，什么都不懂还喜欢狗叫
201501,9917,任俊明,2024-11-04 02:44:53,5,5,0,念PPT很爽对吗老师
201516,9108,宋瑞生,2024-11-04 04:16:22,1,1,0,垃圾中的垃圾
201627,9108,宋瑞生,2024-11-05 03:20:22,1,2,1,垃圾中的垃圾，上牠的课完全没有意义！！！
201628,3902,齐宏妍,2024-11-05 03:43:07,1,1,0,讲的特别特别好😭
201704,7946,徐飞,2024-11-05 13:47:59,0,0,0,老师上课会举一些有趣的例子，态度也超级好，为学生着想。
201707,7828,隋梅花,2024-11-05 14:18:51,3,3,0,良心教师，zju清流
201708,7828,隋梅花,2024-11-05 14:31:59,2,2,0,隋老师真有人格魅力啊啊啊，考前还会给大家编组胚顺口溜，每一次讲课都好认真准备。加了老师微信，工作生活点点滴滴看得出老师对生活的热爱和对工作的付出，冲就完事了。
201726,611,李仲杰,2024-11-05 18:30:49,3,5,2,老师人很好，虽然全英ppt，虽然英文口音和中文口音确实有点迷（比如xun腺），但是讲课水平确实可以算是医学院里面数一数二的了。平时每节课前都会有小测，也会督促你课下自己去做做。确实是为学生好了，但是刷不刷看你自己咯。讲的很细致入微，跟霍琨类似的讲法，还是很适合我这种喜欢被喂的学生的。切片也会带着你看，帮你指出来，确保你能看明白，很负责！很好！
201727,6252,史鹏,2024-11-05 18:34:48,4,4,0,看的出来老师是有水平的，但是你不愿意好好教你的高水平怎么传授于我们呢？\n\nPPT几乎全搬Guyton生理学，念着念着PPT逻辑就不知道飞到哪里去了。是不是默认我们都学过一遍来这里二刷了？本来外国的教材就是又臭又长，心脏生理这一块还花了大章节去讲，为了缩短课时删减一点内容也无可厚非，但是让学生感觉就是在一遍又一遍地灌输各种定义、生理现象……不给我们时间去反应去理解……嗖一下就讲完了……\n\n可能是个好导师，但不一定是个会教课的好老师
201728,5422,沈啸,2024-11-05 18:36:34,2,5,3,把生理课改成这个样子也是没谁了……
201729,9108,宋瑞生,2024-11-05 18:38:22,2,2,0,srs是好的，因为上他的课等于提前告诉你你可以去听网课自学了，别去浪费时间\n\n声音又小又弱，还故意把话筒拿开，PPT念的还没有谷岩好……不想教书就别来误人子弟了
201782,6026,刘云华,2024-11-06 08:16:42,2,2,0,出生东西
201808,9108,宋瑞生,2024-11-06 12:15:05,1,1,0,懒得喷
201813,13,张咸宁,2024-11-06 12:24:15,5,5,0,“我八嘎就是一个巴掌扇过来”
201900,1880,赵璐,2024-11-07 09:00:08,0,0,0,虽然她说展示环节的问答也算问答，回答了三个问题左右，可是最后没有算。
201925,611,李仲杰,2024-11-07 12:05:28,2,3,1,超好的老师！真的有教懂我组胚的知识，切片也会一个个同学去指导，钉钉上问问题回复的也超好！在被其他专业课攻打的学期，组胚真的是一股清流！
201926,9108,宋瑞生,2024-11-07 12:12:23,1,1,0,不想讲建议别讲。。
201935,2364,包爱民,2024-11-07 12:52:37,-5,3,8,史中史
202007,2494,邱爽,2024-11-08 05:22:35,1,1,0,一下子给我讲懂了，神经科学的一些基本研究方法和思路，好课推荐
202035,2364,包爱民,2024-11-08 12:53:44,1,2,1,并不是擅长学生物的，甚至不太喜欢生物当中的某些研究方式，而且专业和生物完全不相关，因为一时兴趣选的所以绩点3.6是我应该的（以后不选生物了好吗好的），非常喜欢有爱又耐心会给我解答的包老师，上课也很风趣幽默！很佩服这些博学的学者wwww
202036,611,李仲杰,2024-11-08 12:58:34,0,2,2,这组胚实验都不通知一下怎么完成的，最后要截止了跟我说两个必须一起完成，笑飞了，我直接红温。
202082,5868,吴一华,2024-11-09 05:40:41,3,3,0,饮食与人类\n\n上课基本不点名，只有一次下雨天点了名。\n\n考核形式:小展示+大展示+考试\n\n我最后的pre感觉做的不是很好，超时而且读ppt。但是最后应该是考试答得不错(充分发挥文科生的优势)绩点4.5\n\n吴一华!!你是我的神!\n\n上课的时候可以感受到老师的学术热情。文科生也完全听得懂，会结合很多的名著。老师的语文功底真的让我自愧不如了，《红楼梦》信手拈来。对不起老师，我真的没有读过红楼梦!!!所以我真的不知道砒霜中毒是什么症状。
202085,8522,许永安,2024-11-09 06:23:44,0,0,0,还行。
202094,6302,连虹,2024-11-09 08:35:18,5,5,0,来查老师查分的医学生们珍惜吧，组胚老师将是你们遇到的医学院最好的一批老师，连虹老师满昏！
202102,13,张咸宁,2024-11-09 11:48:36,2,2,0,咸宁伟大
202117,5868,吴一华,2024-11-09 14:52:05,0,0,0,挺好的老师
202118,611,李仲杰,2024-11-09 14:53:39,3,5,2,我觉得这学期的课里，组胚是我上过最清晰的课了（相对于神秘生理学和神秘脑与认知orz）\n\n上久了仲哥的课后，感觉仲哥还是一个有点幽默的人，讲课讲得也挺仔细（虽然是英文PPT！！），切片我也看得很清楚，老师也会带着大家看。因为我们是小班上课，只有15个人，仲哥和大家熟了之后还会在课上打个趣什么的，感觉是很好的体验！！还是给仲哥点个赞qaq
202137,13,张咸宁,2024-11-10 03:24:18,8,8,0,咸宁讲得好，但是不要相信他说考得很简单的鬼话\n\n我是庸医
202160,13,张咸宁,2024-11-10 07:11:25,2,2,0,伟大无需多言
202169,6650,钟近洁,2024-11-10 09:05:51,5,5,0,对组胚非常有理解的好老师，选上钟老师的课就偷乐吧：）
202177,611,李仲杰,2024-11-10 11:13:14,1,2,1,组胚过来的，很好很和蔼的老师！！上课讲得很好，看切片有不懂的会指导，小测忘做了会给机会补做，会提醒做虚拟实验，上课跟住的话英文ppt也无障碍，老师每张ppt都会讲得很明白！
202233,3765,李颖,2024-11-11 03:02:18,0,0,0,可以接受
202241,3765,李颖,2024-11-11 03:40:13,0,0,0,老师好像没绩杀呀\n\n可能我不太懂
202243,5868,吴一华,2024-11-11 03:44:26,3,3,0,课其实很好，就是不知道为什么给分这么低
202256,5523,潘冬立,2024-11-11 04:38:10,0,0,0,还可以，老师还是认真上课的
202305,6701,王芳芳,2024-11-11 11:11:55,-1,0,1,超级超级好，人很温柔无架子，课也是事少分高。
202556,7729,郑小凤,2024-11-13 06:23:24,0,0,0,脾气挺大，礼貌给个平均分
202563,6026,刘云华,2024-11-13 06:44:31,0,0,0,爷爷的
202565,6026,刘云华,2024-11-13 06:46:58,0,0,0,随机点人
202567,6650,钟近洁,2024-11-13 06:50:54,15,15,0,女神可以一统所有专业课吗
202568,6550,张超,2024-11-13 06:53:03,0,1,1,美绝 我的女神
202569,5295,周民,2024-11-13 07:04:18,1,1,0,良苦用心的老板，成果颇丰，很善良的老板，很好相处（很忙碌的老板）
202574,8046,何威,2024-11-13 07:46:48,0,2,2,卫统sas全英ppt真是意义不明哈，讲课讲得稀烂，完全没有逻辑，明明可以清楚一点讲什么语句是要干什么要怎么做，上课就是无意义的代码堆砌哈，你真觉得自己讲得很好吗，上课就一整个流汗黄豆，让人感觉不如自学，居然还是公卫毕业的老师，所以现在把学生的伞撕烂是吗？
202612,3765,李颖,2024-11-13 11:06:20,3,3,0,讲课基本理论错误频出，若无常识的学生极易被带跑，慎重吸取知识
202616,5280,徐骁,2024-11-13 11:12:30,2,2,0,器官课事很少，给分好，推荐
202667,8521,李达,2024-11-13 17:15:28,1,5,4,这里说的是信电学院上天线课的李达老师\n\n别逼我求你，快选好吗，信电大水课\n\n全程不点名，无考试，无小测，作业有全部答案，大作业有祖传报告含保姆级教程\n\n刚刚出分了，满了，就前两周去了一下，后面再也没去过，作业和大作业全是抄的，因为没有考试和小测所以像我这种水水的也根本不用把他讲的内容搞懂，想水学分or拉绩点的快选！！
202708,8521,李达,2024-11-14 02:50:09,2,4,2,传奇绩点批发商
202733,1470,胡济安,2024-11-14 05:11:33,0,0,0,两副面孔，口口声声说关心学生，结果不把学生当人看
202738,5868,吴一华,2024-11-14 05:38:12,0,1,1,饮食与人类是真的好课！有意思事情还少。最后考试就是抄一抄ppt，给分也好
202782,7360,杨静,2024-11-14 10:30:49,6,9,3,大英三小测给分巨低，比别的班平均分低了8分可还行
202856,3694,陈光弟,2024-11-15 02:17:36,5,5,0,上课一股阴阳怪气的官调，在他眼里就是三六九等，让人很不舒服
202973,7099,李晓,2024-11-15 14:36:03,3,3,0,计算机学院李晓老师，晓神！
203011,6658,Daniel Henry Scharf,2024-11-16 02:07:34,4,4,0,老师挺帅的，但是无奈本人英语太菜听不懂😭
203074,10597,Yong Kol Jia,2024-11-16 09:25:42,5,5,0,可嘉老师上课很负责，pre或回答问题时候也很会给情绪价值！！很温柔的老师
203081,1416,沈晓红,2024-11-16 11:31:19,0,4,4,老师讲课很认真很有激情，社会心理学事很少（两篇论文，一次课堂讨论题，可查书可上网，而且论文不要求严谨的格式，只要多结合生活事例应该就分数不错），而且论文大家可以写完给老师看看，老师也会给你提建议，很负责任~~最后4.8，满意啦
203120,3765,李颖,2024-11-17 04:57:32,1,1,0,老师特别特别温柔，特别有气质。但是就是课后小测真的好难，期末考卷也难，，，考的都超级细，，，，，专业和医学关联度不高的慎选（）
203121,3340,黄建,2024-11-17 05:00:56,2,3,1,上课特别水，课后无任务，但是期末开卷考好多内容都不在课本上，，，，，，被绩杀了，，，，
203188,1416,沈晓红,2024-11-17 23:56:58,2,3,1,点过四次名，写过两篇论文和一次课上测试。\n\n从心而论其实我好像对社会心理学没什么兴趣，老师很擅长讲例子。\n\n全勤，论文不停举例子，都在老师要求字数左右，没有多。课上测试用电脑做的，写得尽量丰富了（就是字非常多）。\n\n按照査老师上前辈说的多举例子真的很有用\n\n最后4.5，还可以(#^.^#)
203207,6321,胡玮琳,2024-11-18 03:40:47,2,2,0,重点突出还会给我们看历年卷，层次分明，PPT很好便于复习，医学院就需要这样的老师
203214,611,李仲杰,2024-11-18 05:08:30,2,3,1,老师人超好，特别耐心，讲解很仔细也很清晰，不知道为什么分这么低
203271,3340,黄建,2024-11-18 16:58:28,-1,1,2,上课可以水，开卷考试有难度，要打印四五百页ppt还不一定翻得到那种，老师明确说30%优秀率
203320,6722,雷浩,2024-11-19 06:31:12,-5,0,5,再喂胖一点过年就可以上桌咯🙄
203382,7828,隋梅花,2024-11-19 11:35:48,0,0,0,神！！！！
203409,6722,雷浩,2024-11-19 12:33:51,2,3,1,医学统计学，老师上课节奏把控得很好，讲解也比较清楚，挺不错的一位老师
203416,7079,杨隽,2024-11-19 12:44:50,2,2,0,很难想象怎么能讲的这么烂
203456,2830,陈周闻,2024-11-19 15:47:40,3,3,0,3.14派姐我的白月光
203458,2830,陈周闻,2024-11-19 15:49:29,3,3,0,我不允许我的π姐不是3.14!!!
203491,2830,陈周闻,2024-11-20 03:56:05,-4,0,4,特别好我们家yy很喜欢！
203518,2746,李秀央,2024-11-20 02:25:59,3,3,0,听课感觉自己被古神污染了san值狂掉，话讲不清声音还很尖锐，内容讲得一塌糊涂还不如自己看资料，还喜欢提前上课
203540,5574,张岩,2024-11-20 03:06:27,2,2,0,拉胯的
203556,611,李仲杰,2024-11-20 04:07:54,2,3,1,超级好的老师，上课可以说是行云流水，感觉老师已经把组织学的全部内容都融会贯通大彻大悟了，听李老师的课真的很享受\n\n口音有点魔性哈哈哈哈哈但是不影响听懂\n\n会很仔细的指导你看切片（但是我是血管盲），讨论课氛围很好，老师有时候还挺幽默的\n\n回答问题超耐心，实验和小测截止前会在群里提醒，每节课前会有随堂小测，但是老师不怎么看成绩，可能主要是为了监督我们回去好好看书\n\n出分了还发消息说让我们有空多去切片库看看，感觉老师真的好热爱，我哭死
203653,1756,杨敏,2024-11-20 10:26:40,1,1,0,实用营养与保健，i人一次课堂发言都没有，只是按部就班完成任务，最后给分还不错，从以前评价来看，现在的任务量感觉少了很多，线上课可以做两次刷分。
203656,7435,李辉,2024-11-20 10:40:56,3,3,0,看到老师生宝宝的消息，才知道老师上学期上课有多么辛苦！负责认真又细心温柔，选她！
203676,8533,林辉,2024-11-20 12:14:22,0,1,1,班主任不知道如何，但是上生仪的《临床医学概论》讲的很好，就像几条早年评论说的那样好。\n\n对林老师行政有意见没必要踩夸他上课的评论。
203685,611,李仲杰,2024-11-20 12:46:08,-3,1,4,上课内容讲不全，叫学生回答问题特别凶，语气不好。ppt和课程安排还行。
203694,9108,宋瑞生,2024-11-20 13:38:01,1,1,0,讲课像蚊子放屁，
203721,13,张咸宁,2024-11-20 23:48:35,1,1,0,老师上课很有趣！伟大无需多言
203725,1451,夏大静,2024-11-21 00:10:35,2,4,2,夏老师有认真地在教我们免疫学知识。奈何本人文科生，高中没学过生物，所以上课时懂时不懂。听不懂就有点想睡......但是只要认真做绩点就比较好，给分可能会稍微照顾文科生一点，不会让学文科的答不出一点。\n\n平时从来不点名。小展示+大展示+开卷考，老师比较看重小组合作。基本上提前准备好资料和ppt，不要讲错，努力脱稿，大展示给分就比较好。此外，开卷考ppt上都有，真的很震惊考试的时候要么有人没来，要么开卷考不带资料/考试迟到，那绩点低不是很正常。老师出分比较慢，给分91/4.5我已经很满意了
203733,6650,钟近洁,2024-11-21 01:07:25,6,6,0,给分王中王，组胚女神啊啊啊啊啊啊！我爱钟妈一辈子！！！
203747,13,张咸宁,2024-11-21 02:22:23,-8,2,10,伟大，题目确实简单，前提是你至少花时间背过，我估计需要提前至少一周开背。老师讲课认真风趣，而且不经意间的言语很有可能就是考点所以必须要上课去听。最后也是满满拿下。咸宁伟大，无需多言
203802,1451,夏大静,2024-11-21 06:18:50,1,2,1,5.0满啦！老师上课很认真，感觉拿高分还是要看脸缘。我是每节课都坐在第二排，课上认真听课，两次展示也是本人，第二次展示我们小组还制作了视频，期末考试非常简单，考前整理一下PPT就能写出来了。给老师满分！！
203821,3765,李颖,2024-11-21 08:49:41,2,2,0,给分还可以，老师上课态度挺温柔的，事情不多，小测都是判断题（虽然对我这个文科生来说需要考前抱抱佛脚过一遍，PPT上的知识点太多太碎了光听课记不下来，复习了也记不下来），但是很致命的一点是老师的PPT性别刻板印象严重，心理健康课部分是很多陈旧没有根据的理论
203824,3694,陈光弟,2024-11-21 09:47:02,0,1,1,还行吧
203887,13,张咸宁,2024-11-21 17:55:15,1,1,0,线上问他问题可能会喷你。。但人还是很好的。上课风趣还能学到东西。
203940,1133,樊立洁,2024-11-22 06:22:17,4,4,0,艾斯，就一个感想能看出来什么？还卡绩，真是艾斯
204001,1416,沈晓红,2024-11-23 02:03:37,0,0,0,还行吧
204018,7079,杨隽,2024-11-23 05:41:17,2,2,0,垃圾老师，讲不明白就不要讲了。
204020,1451,夏大静,2024-11-23 06:02:44,1,1,0,老师挺和蔼的，讲的也可以，然而3.3绩杀...
204021,1451,夏大静,2024-11-23 09:08:17,0,0,0,上了健康与免疫课\n\n高中学过生物的可能比较轻松，我上课基本划水，两次小组pre出力多一些，其中有一次上台分享，最后考试都是开卷，不难，最后是4.8\n\n补一句，有正态（老师自己反复说了），慎选
204025,6767,俞梦飞,2024-11-23 07:05:23,-1,1,2,上的口腔生物学，怎么说呢，这个老师上课的ppt和上传到xzzd的ppt是两个东西，考试也因此造成了复习时会发现考卷上的内容和上传到xzzd的ppt上的内容有较大出入。。。。考虑到这个老师好歹为口腔医院有贡献，我就给他五分吧。
204078,3750,沈静,2024-11-24 01:13:36,2,2,0,沈静老师的病生讲得特别好！
204340,7360,杨静,2024-11-25 10:09:14,0,0,0,10分！！！
204410,1451,夏大静,2024-11-25 16:39:09,1,1,0,考试觉得挺简单写的很多但是喜提3.0，慎选
204442,5705,孙洁,2024-11-26 02:20:26,1,1,0,医学院这么好的老师真心不多
204444,1451,夏大静,2024-11-26 02:40:31,0,1,1,夏老师人超级温柔，很有耐心，上课备课认真。大家如果有生物学基础学习会更轻松一点，因为会涉及免疫学的知识，可能会稍微有点难。如果要高分，还是要打印好PPT，上课多多坐前排，认真听讲，闭卷考试不仅要抄PPT，材料也多抄一些，要按照逻辑，然后把相关的知识、原则都写上去，考试经验要结合一些事例，不能只写PPT上的几个字。最后得分就蛮好的。希望大家都可以4.5+！给夏老师满昏
204468,2434,汪洌,2024-11-26 05:31:15,1,1,0,声音好轻，听他上课好累。。。
204472,8071,李文渊,2024-11-26 05:48:31,2,2,0,依托。
204486,2434,汪洌,2024-11-26 07:29:40,0,0,0,如沐春风，而又如履薄冰
204490,8572,施继敏,2024-11-26 07:48:19,1,1,0,讲得很清晰，上课也很有热情，好老师
204497,5325,孟卓贤,2024-11-26 08:33:22,1,1,0,上课很无聊且严重拖堂，但好在除了第一节课抽风之外之后的quiz的题目出的很简单，和这门课之后的老师比也不是不能忍。
204543,5844,梁华为,2024-11-26 14:07:13,0,0,0,老师人真的很好。上课的时候东西落在教室了，老师特地等了我好久，还帮我一起找。虽然上课有点水水的，但是真的很感动！
204613,1451,夏大静,2024-11-27 05:02:52,2,2,0,老师课很好，然后给分确实，得相信前人建议，真的很迷，，，
204667,4670,张雪,2024-11-27 08:40:09,0,2,2,PPT内容无比简陋，而且讲课也非常水，一节课下来没学到任何东西
204707,2587,姚玉峰,2024-11-27 12:08:28,0,1,1,烂人没人评
204754,7574,肖鹏,2024-11-27 15:48:16,0,1,1,老师很有少年感，人很帅，学识也很丰富。
204791,3482,陈莹莹,2024-11-28 02:24:01,0,0,0,老师很好
204814,6022,闵军霞,2024-11-28 03:53:38,0,0,0,屁事多
204886,5452,白戈,2024-11-28 10:01:24,1,1,0,这白老师太棒了
205010,8521,李达,2024-11-29 13:20:52,6,6,0,体验感非常可！课程干货满满，cpu快跟不上了，给李达老师点赞👍
205011,6058,高志华,2024-11-29 13:46:00,0,0,0,老师真的超级好，碾压人体生理学的老师了
205087,2973,张晓明,2024-12-01 07:44:49,0,0,0,非常好老师
205115,5411,胡少华,2024-12-02 01:02:37,3,3,0,每节课都要点名，然后上课氛围不好，基本没人听。关键是会绩杀，弄不懂他的评分标准，就算你每节课回答问题（比如我），但是好像助教不在场，也不会加平时分，要写两个小论文，也不清楚评分标准，第一篇写得比较仓促，就总结了一下前面所学的，有80，第二篇看了3篇论文好好写的，只有70，给分很迷。。。最后总评很低，换算过来期末只有60出头。。。被狠狠正态了
205119,7380,秦强,2024-12-02 01:44:37,0,1,1,不是很认真
205134,5657,王猛,2024-12-02 04:46:21,1,1,0,BG课补药提前考试啊大哥🥹
205138,5723,冯友军,2024-12-02 05:54:23,13,13,0,老师挺好的，祝他讲什么得什么吧
205139,5723,冯友军,2024-12-02 05:36:56,4,4,0,超级大傻逼
205141,5723,冯友军,2024-12-02 06:14:15,-4,1,5,一名真正的好老师！👍🏼👍🏼👍🏼👍🏼👍🏼👍🏼👍🏼👍🏼👍🏼👍🏽👍🏽👍🏽👍🏽
205154,5723,冯友军,2024-12-02 07:41:09,7,7,0,越缺啥越喜欢强调啥。缺少对别人的尊重，故强调尊重也是在所难免。
205164,5723,冯友军,2024-12-02 10:14:56,2,2,0,明天上课，略有耳闻，来此提前评价
205170,5723,冯友军,2024-12-02 11:21:03,8,8,0,不尊重我们 我们凭什么给你尊重？？？体面是相互的
205177,1647,王晓健,2024-12-02 11:34:52,0,0,0,只能说难评
205180,2069,汤慧芳,2024-12-02 11:41:48,1,1,0,PPT的具象化
205201,9248,张润驹,2024-12-02 15:20:06,2,2,0,很认真，超级帅，daddy😍
205206,6571,戴海斌,2024-12-03 01:39:24,2,2,0,上课和srs有得一比，令人昏昏欲睡，不时以咳痰混淆视听并作为自身狗屁逻辑的衔接。上课思路混乱，对自己要讲的ppt都不熟悉，东讲一句西讲一句，不知何为重点。ppt则又臭又长。已阅，狗屁不通！\n\n拖堂提问，问了一堆人打不出来还在问，真服了，你是十万个为什么吗
205210,5523,潘冬立,2024-12-03 02:22:06,1,1,0,上课有点无聊，经常会出现沉默，然后喜欢叫学生回答没什么营养的小问题
205218,5723,冯友军,2024-12-03 03:18:03,6,6,0,不愧是医学院出生帮榜首
205226,5723,冯友军,2024-12-03 03:28:41,1,1,0,不知所云
205233,5723,冯友军,2024-12-03 04:24:41,1,1,0,随堂小测太莫名其妙
205241,9248,张润驹,2024-12-03 06:52:03,1,1,0,非常喜欢这位老师，又帅讲的又好🤤
205252,1416,沈晓红,2024-12-03 08:29:44,0,1,1,心理卫生讲课很有意思，最后考试是开卷的，基本都能在平时的ppt找到，最后绩点是4.2
205267,3694,陈光弟,2024-12-03 13:23:11,-4,1,5,公共卫生导论相对比较水，老师应该还捞了，并且课很好选（bushi
205278,10201,潘荣清,2024-12-03 17:20:30,3,3,0,他看起来似乎很忙，经常以没有时间为理由无视自己做过的承诺，这会让你申请去他的实验室轮转或者是科研训练的周期非常之长。很有医学院的某些导师不把学生当人看的风格，三番五次的食言。我可以理解建立新的实验室很忙，但是不是经常无视学生请求的理由，实在没有时间可以实话实说，不要一直钓着学生，你以为是钓鱼吗？此外，他的抽象发言包括但不限于鄙视做生物信息学的导师和学生，导师的时间比学生重要的多等等......
205296,4670,张雪,2024-12-04 04:40:36,-1,0,1,讲的不太清楚。。。希望老师能好好备课
205301,5411,胡少华,2024-12-04 06:31:21,3,3,0,绩杀了，一个通识课，真的至于吗……
205339,6338,张宁,2024-12-04 12:55:34,6,6,0,（来自大学写作）说话软弱无力，讲课模模糊糊，时不时“助教你怎么看”。最喜欢做的事情就是叫同学起来回答问题，第一节课先把全班轮两遍回答：你为什么选择大学写作，然后下课时间到了。教学内容营养堪忧，不过这也可能因为大学写作这门课本身比较空。唯一的比较优点是上课可以自习。懒得喷了。建议避坑。
205342,759,王青青,2024-12-04 13:19:29,3,3,0,很好很好的老师，讲课很清晰，讨论课也很有耐心的讲解
205343,2337,陈玮,2024-12-04 13:20:35,0,0,0,我能听懂她讲的免疫 真的很好很好的老师呀
205345,6571,戴海斌,2024-12-04 13:24:47,0,0,0,垃圾垃圾
205369,5910,刘杨,2024-12-05 07:02:12,6,7,1,老师讲课幽默风趣～
205390,1416,沈晓红,2024-12-05 11:36:13,0,0,0,评分还好
205438,5844,梁华为,2024-12-06 09:15:10,1,1,0,讨论课分给的有点抽象
205447,5411,胡少华,2024-12-06 10:59:59,2,2,0,双脑会绩杀，作业标准很迷，第一份作业随便写的给75，第二份好好写的只有70
205505,6278,朱依敏,2024-12-08 06:35:05,0,0,0,非常好性与生殖，点名会提前告知，给分还可以，非常好老师
205526,5472,章淑芳,2024-12-08 14:08:17,0,0,0,。。。
205551,1756,杨敏,2024-12-09 06:20:20,1,1,0,老师人很好！营养那节课感觉认真做小组作业啥的分数就不会低，期末考是最后一节课当堂测试
205560,1824,张伟,2024-12-09 08:36:37,0,0,0,。。。
205590,1702,毛峥嵘,2024-12-10 02:13:15,2,3,1,讲的一般般，不点名，上课无聊
205610,5494,蔡志坚,2024-12-10 06:25:10,4,4,0,讨论课吹毛求疵还组间拉踩，说我们组文字太多念ppt，结果自己上课还不是念ppt。。。上课还迟到了
205640,710,欧阳宏伟,2024-12-10 11:22:26,1,1,0,很会展现自己的优秀
205709,1451,夏大静,2024-12-11 11:26:56,0,1,1,【健康与免疫】上课水的要命，最后pre的课记得来\n\n严格正态，给分奇怪
205710,5868,吴一华,2024-12-11 11:28:18,0,0,0,【健康与免疫】上课很水。\n\n严格正态，给分奇怪
205713,3765,李颖,2024-12-11 11:46:24,0,1,1,让我们做贤妻良母，相夫教子，呵呵呵呵呵呵呵呵呵呵呵难道是知道自己很离谱所以智云不让看直播是吧真可笑
205768,6278,朱依敏,2024-12-12 03:16:27,1,1,0,说实话课也没什么意思，只有课件和学生发言有意思，最后期末考核把ppt打印出来抄就行了，最后给了4.5，如果是想水课而不是感兴趣的话不推荐选。
205817,2743,许正平,2024-12-12 06:19:56,4,4,0,我愿意称之为Pre战神，上全球环境和医学人文与专业素养，没有一门课不做pre的
205856,6003,林军,2024-12-12 09:53:48,1,1,0,没上过老师的课，但是是老师的病人。\n\n当时要做牙齿矫正，别的医院都要拔9颗牙，4颗智齿，4中间的外加一颗多生牙。\n\n但是在林医生这里只拔了智齿和多生牙\n\n免了我无限的痛苦\n\n又矫正好了我的牙齿\n\n感谢林医生\n\n其实林医生如果能看到这条评论的话，您应该知道我是谁吧🙃🌹
205863,6650,钟近洁,2024-12-12 10:56:46,1,1,0,老师的组胚课真的yyds！！！如何因为一个老师爱上一门课程！选！\n\n（但是这并不妨碍我认为我们这届的教制改革有毛病，组胚为什么不能上长学期！！！）
205939,1756,杨敏,2024-12-13 01:35:23,0,3,3,给分一坨
205948,1702,毛峥嵘,2024-12-13 01:53:38,0,2,2,大爱毛老师~
205949,1451,夏大静,2024-12-13 01:55:20,-1,0,1,老师上课讲得很好，也有很多自己的见解，给分的话只要你多pre，最后考前认真准备就会很好~
205950,5868,吴一华,2024-12-13 01:56:02,0,0,0,讲课很不错，有深有浅~
205964,6650,钟近洁,2024-12-13 02:12:41,0,0,0,最好的老师
205986,1416,沈晓红,2024-12-13 02:39:16,0,1,1,上课还是蛮水的，作业很少，基本只有期末作业，但获得了有史以来个人最低绩点3.3
206010,2364,包爱民,2024-12-13 03:04:12,-5,2,7,来评一下大脑与社会。\n\n是通核。课程内容我认为是很不错的，是我大学到现在最喜欢的一门通识课了。喜欢生物喜欢脑科学请快来选，不喜欢要慎重，我觉得任务量还蛮大，不过可能通核都是这样（？\n\n任务量是上课纸质签到+讨论课雷达签到+1-2次展示（1次20分钟左右）+MOOC课后练习（很快，一学期半小时）+期末闭卷考（60分选择+4道论述题）。\n\n期末的选择几乎全是mooc里的，上课听了的话，做mooc是没有压力的，再稍微记一下错题就能考了。论述题印象里是开放式问题，上课听过了就可以写出很多东西。\n\n给分据说是求是的。这个可以善用搜索。我全勤+上课放松地听+2次认真准备的展示+期末扫了一眼mooc课后练习上考场，最后是4.8。
206081,2743,许正平,2024-12-13 05:00:45,12,12,0,阴阳怪气，逼事贼多
206082,2743,许正平,2024-12-13 05:02:51,5,5,0,阴阳怪气啥啊，1分！
206149,1756,杨敏,2024-12-13 06:23:57,-1,2,3,给分挺好的，实用营养任务减轻了
206199,2743,许正平,2024-12-13 08:39:51,14,14,0,《医学院全新笑话；没病硬看，付费上课》的始作俑者\n\n这么为难学生有什么好处吗
206206,3069,柳华,2024-12-13 08:35:45,1,1,0,解剖这个课还是要靠课前预习，柳老师下课特别晚，而且还有万恶的辣鸡TBL浪费大量的时间，习惯自学的不建议选
206208,7828,隋梅花,2024-12-13 08:39:09,0,0,0,医学院为数不多教学能力非常高，科研能力非常强以及十分为学生着想三者都做到极致的老师
206214,2746,李秀央,2024-12-13 08:45:24,0,0,0,上课确实不行，但是给分好啊（因为平时分占比很高）考试难度其实也就那样
206215,5231,郭国骥,2024-12-13 08:47:13,0,0,0,老师好帅！
206232,6650,钟近洁,2024-12-13 09:58:40,0,0,0,医学院最好的老师，是组胚的编委，很可爱！有时候上课看我们困了还会叫学生起来活动一下，之前一个课间放了半小时，绝对是妈妈一样的存在，爱老师！
206257,3450,徐向荣,2024-12-13 11:54:59,2,2,0,上他的大学写作课，感觉学不到任何提高写作水平的内容，感觉老师的文学素养很一般，花了两节课讲评作文，主要请同学互评，然后自己也没发表什么有意义的建议，就一直在对格式、错别字、语病在纠正，关于文章内容、思考深度、语言没有任何评价。感觉就是水平很一般。然后给分也不是很好，最后3.9。
206304,2743,许正平,2024-12-13 16:20:51,9,9,0,喜欢阴阳怪气是吧，你销户的时候缺钱找我我也给你报销
206449,6545,阮陟,2024-12-15 07:01:29,8,8,0,多好的老师啊！！！讲课很认真，态度很和善
206462,1416,沈晓红,2024-12-15 09:30:50,5,5,0,社会心理学不错\n\n期中一篇小作文\n\n期末一篇论文\n\n最后一次课45分钟内两个专题小问题，可借助ai或者查ppt等\n\n两次文章内容，完全可以用gpt，没有妨碍。\n\n论文要注意格式的美观\n\n最后喜提94分4.8（万一不是卡绩，是调到百分制最高分呢😇）
206474,5705,孙洁,2024-12-15 11:40:07,1,1,0,真正的好老师
206555,7380,秦强,2024-12-16 04:42:37,0,1,1,老师带完我们这学期就不在浙大上课了🥲🥲上课挺水的，但是最后击球考试给我算满了啊啊啊啊！老师我会追随你一辈子……
206564,3750,沈静,2024-12-16 06:23:08,0,1,1,人挺不错的
206587,6779,张腾,2024-12-16 14:38:14,4,4,0,老师真的非常好，非常温柔，当时因为没有评分还不太敢选张腾老师的课，选了之后发现自己遇到了天使！老师是真真切切用心在教的，非常想让我们每一个人都学会游泳。而且非常能理解每个人的特殊情况，比如女生生理期什么的。最重要的是，老师会捞，冲就对了！
206710,10604,程宁涛,2024-12-17 07:33:36,0,1,1,okok
206726,8297,谢小洁,2024-12-17 09:07:30,0,0,0,邪恶谢小洁\n\n拖课大王
206898,1416,沈晓红,2024-12-18 08:32:59,6,6,0,课讲的挺好的，有很多丰富的案例，感觉像听八卦😂，不过被绩杀了，3.3，一次论文一次课堂讨论题一次开卷考，都好好写了，一看绩点心都碎了
206920,2096,罗依惠,2024-12-18 11:53:00,4,4,0,她的大学写作你实在没办法了再选吧，选上了你就要忍受她强大的压迫感，以及低情商，批评你毫不留面子，直接当面比较两个同学的好坏，而且你千万不要跟她争论，老师会生气，语气会很生硬。真是学病原体的老师，冬天也开窗户开门，靠边的同学都冷死了。上课会随机点名回答问题，想水课的别来。
206929,6779,张腾,2024-12-18 13:13:00,2,2,0,非常好张腾 使我的游泳课自由快乐
206995,5411,胡少华,2024-12-19 02:43:02,2,2,0,狠狠绩杀…
207108,3694,陈光弟,2024-12-19 09:20:31,5,5,0,小心被扔进山洞里喂蝙蝠
207112,3482,陈莹莹,2024-12-19 09:36:27,0,1,1,最轻松最有趣的体素课，最水的体素课，老师人超级好
207127,6545,阮陟,2024-12-19 10:48:00,7,7,0,很好的老师，很和善，讲课很生动很专业，是一位朝气蓬勃的老师！
207165,2743,许正平,2024-12-19 13:25:53,4,4,0,非常好的老师，10分，分10次给
207171,6779,张腾,2024-12-19 13:59:19,3,3,0,老师很棒，也很温柔。缺点就是群里只发通知，不回消息
207219,5947,蒋晞,2024-12-20 01:57:47,0,0,0,非常好的老师！重视对本科生的培养，对学生认真负责！
207285,1019,郑莲顺,2024-12-20 07:00:20,4,4,0,觉得郑妈不好的人，只有sb和超雄
207628,5868,吴一华,2024-12-23 11:02:22,0,1,1,老师很好，很儒雅，饮食与人类这门课也能学到很多知识，但可能被正态了，给分不好，助教的说辞对每个同学都一样
207647,5698,陆燕,2024-12-23 12:11:18,0,0,0,真是应了那句老话矮子不会提拔高个儿，和徐海明上一节课，虽不令人恨之入骨却也是个狗生，软件分析自己都整不来，一上讲台就板着个司马脸好像是连续上班72小时受了天大的委屈。我看你们俩上课直接放AI念PPT得了，省得还要猫语狗语译人话
207800,5698,陆燕,2024-12-24 10:10:27,0,0,0,简直差评
207988,1059,王福俤,2024-12-25 06:53:27,0,0,0,其他不知道 上他的通识课感觉还可以\n\n确实比较喜欢show off 他和他学生的成果
208055,3765,李颖,2024-12-25 10:58:34,0,0,0,感觉老师很好很温柔
208056,3765,李颖,2024-12-25 10:58:32,0,0,0,感觉老师很好很温柔
208057,3765,李颖,2024-12-25 10:58:32,0,0,0,感觉老师很好很温柔
208067,2096,罗依惠,2024-12-25 12:10:12,3,3,0,坐标病原生物学\n老师讲的非常清楚，值得一听
208072,5411,胡少华,2024-12-25 12:44:47,3,3,0,双脑被狠狠绩杀，期末考全能找到，论文两篇90，慕课全刷测试也做，最后没上80。。。
208100,5384,仓晓慧,2024-12-25 14:51:13,0,0,0,无敌喜欢，真正尝试教会我们些东西的老师。
208323,5277,周煜东,2024-12-27 01:29:24,0,0,0,能感觉出老师的物理知识很扎实，但是讲课太快了，对于物理水平不太够的小白听神经系统电信号这里不太容易跟得上。。。。。。
208325,6058,高志华,2024-12-27 01:36:05,0,0,0,高老师讲课很清楚有条理，会结合生活中的案例让同学们更容易理解抽象的神经科学知识，还经常和同学们有交流互动，很喜欢
208326,2364,包爱民,2024-12-27 01:40:06,-1,0,1,包老师算是浙大脑院最有教学水准讲课最生动最有教学热情的一位老师了，她的课抑扬顿挫妙语连珠是真的有能够让你放下手上的东西认真听，只说教课还是很过得去的。
208327,5731,崔一卉,2024-12-27 01:49:49,2,2,0,老师讲课水平还行，但是学术道德确实很难评，打算进她实验室的同学小心咯
208331,7099,李晓,2024-12-27 02:12:00,1,1,0,计算机系李晓  我所有计科的课都是他帮我选上的！！！\n\nyyds！！！
208366,6381,顾传龙,2024-12-27 06:52:15,3,3,0,很好的老师，还请我们喝瑞幸!但是系解半个学期上完真的很难受，没学好不是老师的问题，是医学院排课的问题
208402,2096,罗依惠,2024-12-27 10:49:33,2,2,0,大写注重格式，不过仿佛语气变好了
208458,2096,罗依惠,2024-12-28 06:10:06,2,3,1,我上的是大写自然。感觉老师没有往年评论的那样尖锐了，应该是注意到了负面评论有开始改正。老师学识很渊博，讲到疟疾甚至给我们科普了蚊子的三个属。讲真话，有时候会很伤人。上课会随机点名，不好水。事不多，就正常的大写作业，今年是一篇读书笔记一篇科普文，就是初稿ddl卡的比较紧，修改的话有两周比较宽松。能学到一些传染病知识，还能锻炼写作能力（AI➕人工🌚）
208568,2743,许正平,2024-12-29 13:42:45,3,3,0,阴阳怪气，不想教这门课那你就别教呀。。。
208589,7435,李辉,2024-12-29 16:45:24,0,0,0,好老师，知道法硕的难处以后改开卷了，给分也好了很多。法律职业伦理不点名，民诉会点名。
208626,6545,阮陟,2024-12-30 07:30:37,6,6,0,老师很好！！态度很认真也很为学生着想
208737,7380,秦强,2025-01-01 06:55:14,1,1,0,非常非常非常好的老师  期末考试会捞动作分 十二分钟跑也会放水 人也很亲切（虽然本人由于动作不标准经常被他cue）虽然是外聘教师不太了解校内事务 但是有事情找他帮忙的话他会很负责咨询别的老师争取帮你解决问题 特别好的老师！
208937,5670,郭方,2025-01-03 12:45:14,1,1,0,讲课挺清楚的一位年轻老师
208990,1065,李立伟,2025-01-04 05:59:26,0,0,0,还没考试评个分，讲课神中神啊！！！
209135,7435,李辉,2025-01-04 15:20:21,1,1,0,23年上的她的课，当时没找到她的查老师词条，上完课就想来打满分的，现在终于有词条了。\n\n是我在浙大上过所有课里讲课最好最用心的老师，没有之一。
209197,710,欧阳宏伟,2025-01-05 04:08:23,1,2,1,全是小组汇报
209237,1756,杨敏,2025-01-05 06:58:48,0,0,0,学生先展示再由老师来补充这个形式挺好的\n\n感觉可以讲得再深一点 或者说往更好实践的方向上讲
209294,7360,杨静,2025-01-05 10:54:11,1,1,0,超级超级好的老师，符合我对大学英语课的预期
209321,7994,徐建,2025-01-13 01:38:52,0,0,0,谢谢徐老师！可以说是计组最推荐的老师了！
209404,3482,陈莹莹,2025-01-06 02:11:09,0,0,0,老师很美很温柔，就是考试抓得严，但是给分很好真不错呀！！！
209409,7380,秦强,2025-01-06 02:22:04,0,0,0,满了 谢谢
209488,3482,陈莹莹,2025-01-06 05:27:04,0,0,0,超级好的老师！！！温柔有耐心，以瑜伽95满绩开心结束
209523,314,那仁满都拉,2025-01-06 07:31:24,0,0,0,很有趣的老师
209585,3482,陈莹莹,2025-01-06 09:49:45,0,0,0,被调休折磨闹错闹钟迟到半小时还直接给补签真的爱了呜呜呜
209667,5245,程洪强,2025-01-06 12:51:14,0,0,0,生科实验这么摆烂的独你一家
209675,3482,陈莹莹,2025-01-06 13:23:50,1,2,1,上的艺术体操，老师很可爱！上课前会把注意事项都交代清楚，练习的时候也和我们非常融入，也会不时关注每个人动作来耐心纠正，12min跑/仰卧起坐/自己打分的操舞考试都应捞尽捞。作为一个手脚不协调而极度害怕上形体课的人最后也完整学会了圈操（虽然中间经常被老师各种cue，以及期末考还是翻车了），最终得分也不错，喜欢跳舞的可以冲老师的课！！（不过建议先了解清楚这个学期会上什么类型的操舞）
209688,10604,程宁涛,2025-01-07 05:27:23,0,1,1,老师讲课认真有趣，但经常已读不回，后面发现老师只是太忙了没法马上回复，之后居然直接钉钉电话回答我的问题，很认真很负责！
209745,2746,李秀央,2025-01-07 02:55:01,2,2,0,上这课快被累死咯
209749,1133,樊立洁,2025-01-07 03:13:15,2,2,0,给你脸了？一篇心得就瞎打分
209841,3765,李颖,2025-01-07 08:28:55,0,0,0,很好的老师，可能就是思想有点老，事情很少，说话很温柔，很好的老师。希望她的课越来越好吧
209858,3765,李颖,2025-01-07 09:07:49,0,0,0,其实给分还可以\n\n虽然有些内容确实有点…
209861,3765,李颖,2025-01-07 09:08:26,0,0,0,忽略课程内容，女性生理与健康其实算不错的生命探索课程了。事是真的少，给分也还不错。
209937,6545,阮陟,2025-01-07 13:25:30,5,5,0,顶尖无需多言
209940,10604,程宁涛,2025-01-07 13:31:32,11,11,0,对于没有基础的人来说这门课还是比较吃力的，慎选
210056,1133,樊立洁,2025-01-08 04:44:16,1,1,0,初生里的初生
210193,4984,王良,2025-01-08 10:32:57,5,5,0,25年上半年刚选了王老师局部解剖，过来打卡看看人气，王老师的人气不是很高，必须给顶上去...........
210248,7360,杨静,2025-01-08 14:21:47,2,2,0,很有个性的老师，温柔而且上课有内容，还专门给了几节课自由小组展示
210262,7360,杨静,2025-01-08 14:53:11,4,4,0,很温柔很漂亮的老师！感谢您一学期的付出❤️爱您
210285,7360,杨静,2025-01-08 17:22:23,4,5,1,老师确实挺温柔的，但个人觉得上课很水没什么实质性内容，而且非常非常喜欢点名回答问题，多的时候一节课能点16个人以上，甚至重复点名好几次。另外给分确实比较差（实话实说），相对于其他老师班，yj老师作文和小测给分都非常严格，平均分比其他班低很多。但确实作业很少，上课可以玩手机，老师不管。适合不在乎绩点，想摆烂的同学选，不适合想学到真东西和希望拿高绩点并且是i人的同学选。反正组内全是i人真的，上课上得很想死。另外出分给了很多卡绩（问的基本都是），不知道是老师捞到本绩点最高分，还是故意卡了一分。
210315,900,周俊,2025-01-09 01:54:51,1,1,0,组胚乙，好老师，讲课讲的十分好。实验课会每次都小测巩固知识。能学到东西，就是签到小测比较频繁
210341,6545,阮陟,2025-01-09 03:07:40,6,6,0,老师很热情！很好！上课不点名嘿嘿。《微生物与人类健康》是新开的课，两次小组展示＋闭卷考都是大题，事情很少，没听课也没怎么复习考试努力写了很多字最后4.5已经很满意了！
210384,7360,杨静,2025-01-09 04:38:56,4,4,0,人很温柔，讲课幽默风趣，这次期末等了很久出分因为老师在捞～\n\n感谢杨老师！必须十分！
210459,6026,刘云华,2025-01-09 07:55:42,0,0,0,cswy
210469,5574,张岩,2025-01-09 08:10:33,0,0,0,生科创新实验。虽然我们班应该是唯一一个没做湿实验的，但是第一次接触结构生物学发现也很有趣。总体安排得非常到位，体验不错。带我们的席昆老师也超级nice
210541,6545,阮陟,2025-01-09 10:24:17,4,4,0,非常好的老师，热心，思维清晰！非常愿意帮助学生
210621,5947,蒋晞,2025-01-09 12:46:54,0,0,0,考试周特来感谢jx老师
210626,7994,徐建,2025-01-09 13:06:28,0,0,0,徐老师感觉讲课一般，但是给分实在太好，平时分有种求着给你的感觉。期中考比较简单，验收和作业也非常水。总之老师是非常好的，强烈推荐！
210647,7435,李辉,2025-01-09 14:25:52,0,0,0,是一个很好的老师，法律职业伦理这样的水课能请来律师、法官讲，约等于法律职业生涯规划了。\n\n就是这个价值观。。。她请的那个女律师又卷又pua，虽然很优秀就是了。希望能请一个稍微贴合普通人一点的律师吧。
210671,9994,桂淼,2025-01-09 15:17:05,3,3,0,在他的实验室做过暑期科研训练\n\n老师真的很温柔有耐心，学术水平也极其扎实，课题组氛围也非常非常好~
210820,6545,阮陟,2025-01-10 04:29:18,4,4,0,好老师！上课耐心，也听同学建议，很绅士感觉
210994,5494,蔡志坚,2025-01-10 09:46:08,7,7,0,TLR仙人
211013,5166,危晓莉,2025-01-10 10:28:15,4,4,0,@所有人各位同学好[送花花]比较2成绩出来了，班级期末平均76.6，最高98.5，总评平均83.9，最高95.7，遗憾的是有1位同学期末成绩低于50，未能通过。全班其他同学成绩还算理想，成绩统计如上图，祝大家寒假愉快！春节快乐[鲜花][比心]\n\n\n\n总而言之很好，好评10分送上
211037,6545,阮陟,2025-01-10 11:33:53,5,5,0,老师对学生很友善，讲课也很棒，非常推荐。（我上的《微生物与人类健康》）
211084,5868,吴一华,2025-01-10 14:12:29,0,0,0,老师很好，所以打了十分，感觉老师对课堂很认真、很热情。\n\n匹配到的小组成员很恶心，建议后续选课又想要高绩点的同学自己当组长。
211147,5523,潘冬立,2025-01-11 02:04:20,12,12,0,就是你朊粒出大题，特封你为朊粒仙人😀
211239,2337,陈玮,2025-01-11 05:04:50,2,2,0,呜呜呜真的很喜欢陈老师，，，超爱宏经上课的范
211269,6194,张红河,2025-01-11 05:53:45,0,1,1,给分也很好，爱了爱了
211270,1137,夏梽丹,2025-01-11 05:54:35,0,0,0,营养健康4.5，平时回答问题加平时分，给分还不错，几次作业题做好一点就行
211285,6213,张孝通,2025-01-11 06:22:57,2,2,0,神\n\n讲课没有之前说的那么不堪，态度非常认真，而且很好说话\n\n期中不行了，mooc还忘了几个测试，最后张老师让我专心准备期末，给我捞回来了，还有谢助教老师，帮我分析错误原因，鼓励我期末考好，最后满意了
211303,7828,隋梅花,2025-01-11 07:17:14,0,0,0,究极无敌好老师！讲课好，关心同学，有问必答，活泼开朗，尽职尽责。大半夜问题目都会回答，还叫我们早点休息呜呜呜
211321,1137,夏梽丹,2025-01-11 07:50:48,0,0,0,老师很温柔 对课堂氛围的把控能力会弱一些\n\n事少 课后不用花时间 也很有收获
211368,6726,丁世萍,2025-01-11 08:56:47,5,5,0,老师很负责，教得也很好
211370,7828,隋梅花,2025-01-11 08:58:00,0,0,0,老师人好好！！！看得出来是个工作狂hhhh很认真很负责
211371,6726,丁世萍,2025-01-11 09:01:48,5,5,0,老师太好了，讲课很清楚，特别和蔼，给分也很棒！只要你努力学，组胚不难的
211372,900,周俊,2025-01-11 09:03:06,2,2,0,老师讲课还是很清晰的，ppt也很清晰，讲课很好👍\n\n有的时候会通过小纸条的方式点名
211374,6302,连虹,2025-01-11 09:04:09,1,1,0,连老师可爱捏🥹上课讲得很清晰的，好老师值得10分
211376,4286,蒋磊,2025-01-11 09:06:38,5,5,0,蒋老师 女神 我爱您
211420,4286,蒋磊,2025-01-11 11:03:10,3,3,0,讲的好清晰 但平时上课可能内容过多所以不是很好跟上 建议自己安排时间看智云 教什么考什么还教那么好！满分💯
211521,314,那仁满都拉,2025-01-12 00:59:50,1,1,0,事少分高 还能学到不少健康知识 大家都快去选上善若水
211530,314,那仁满都拉,2025-01-12 01:14:45,1,1,0,会有几次点名，以纸质签到的形式。上课可以不用听，（如果对稍微专业一点的知识不感兴趣的话，比如我）但是一个长学期下来确实对水的重要性有了更深的了解吧。我感觉上课是没有压力的，我都在干自己的事情。但偶尔会抽同学回答问题，但是基本上是蛮基础的理科小问题，回答不上来也没事啦。\n老师个人色彩强烈，会有人喜欢有人很讨厌。\n我们这次应该算运气比较好，考核方式是一次小组汇报和期末开卷考（可以查手机），开卷考的选择题都搜的到，最后一道主观题是讲讲对这节课的看法，我认为应该尽量写多点，然后显示出你有听点课（可以引用一些老师的“名言”），应该是能拿到不错的成绩的。\n但是一些同学说他给分不咋地，那看来只能尽人事听老师命啦～
211583,314,那仁满都拉,2025-01-12 03:04:34,1,1,0,给分烂的很，上课就会吹牛逼自说自话
211820,6545,阮陟,2025-01-12 15:06:43,3,3,0,特别好的老师，主讲《微生物与人类健康》这门课程，强烈推荐。
211871,3340,黄建,2025-01-13 00:57:02,1,1,0,医学保健基础\n\n八个老师轮流上课。\n\n每节课会有一两道题的小测当做签到。\n\n其实现在也不知道成绩组成到底怎样。\n\n期末开卷考，PPT都打印了，感觉答的也还行，结果82分。。我真的碎掉了，3.6分的通识课。\n\n总之不建议。
211915,6058,高志华,2025-01-13 01:47:30,0,0,0,老师讲的特别好，切片也讲的很清楚
211951,3190,周婧,2025-01-13 02:41:11,1,1,0,无敌了，期末自我感觉很差，其中也只有70多分，最后有3.6，真的无敌了
211960,3340,黄建,2025-01-13 03:17:51,0,0,0,自己亲身尝试，才能有所感悟1
211980,3190,周婧,2025-01-13 03:19:22,0,0,0,人解这门课要背的东西比较多，主要还是靠自己，女神太能捞了
212047,9994,桂淼,2025-01-13 05:58:48,1,1,0,良渚实验室这边算是比较年轻有为的老师，虽然没读成老师的博士，但整个过程感觉老师人很温和很有耐心，很不介意学生出身，据该实验室同学反映实验室氛围也超级和谐的，以后对结构感兴趣的学生可以尝试报考他。
212054,5574,张岩,2025-01-13 06:06:30,0,0,0,架子很大的一个老师，实验室是有派别的，态度不是很好喜欢威胁人，避雷吧
212083,1137,夏梽丹,2025-01-13 07:08:18,-1,0,1,很好的老师，很有用的课，一分耕耘一分收获
212092,3482,陈莹莹,2025-01-13 07:22:54,0,0,0,瑜伽。老师特别特别美呜呜呜，给分也很好，课还不累
212139,3482,陈莹莹,2025-01-13 09:04:03,2,3,1,大家要看清楚啊有两个陈莹莹老师。我上的是公体部的陈老师的瑜伽，老师特别美而且特别温柔，瑜伽课简直是享受，强度感觉不算大。给分很好，我本来卡绩但是最后被老师捞到满绩。感谢女神陈老师！
212150,3190,周婧,2025-01-13 09:14:43,0,0,0,女神人解海底捞之恩在下永生难忘🥺
212199,6338,张宁,2025-01-13 10:55:32,0,0,0,大学写作无聊得要命，出分还这么慢，明明是没有考试的课。现在只剩这门没出。
212241,6278,朱依敏,2025-01-13 13:51:08,0,0,0,标准到不能再标准的水课，什么时候必须要去都会在刚开课就告诉你，给分4.5对得起我那点可笑的努力，想选水课完全可以选，想学东西敬请远离
212245,1702,毛峥嵘,2025-01-13 14:03:54,-7,1,8,完全不为学生考虑，上课讲得没逻辑和重点
212248,7630,韦巧慧,2025-01-13 14:10:55,0,0,0,老师很温柔，会一直给同学们创造拿平时分的机会，可惜我实在是不擅长举手回答（T-T）
212292,1702,毛峥嵘,2025-01-14 00:55:14,1,1,0,大爱毛老师，讲的条理清晰，给分也很好！
212324,1702,毛峥嵘,2025-01-14 01:31:54,-1,0,1,好捞呀
212349,3340,黄建,2025-01-14 01:55:37,0,0,0,emmm
212490,1702,毛峥嵘,2025-01-14 05:39:02,2,2,0,临床的【病理与药理学基础】，毛老师上【病理学】理论课的部分，个人不太适应毛老师的讲课方式，PPT全英，感觉以标本为主讲知识点，学生听的时候感觉逻辑没那么清晰，有时候需要有一定预习才能听懂。最后出分个人觉得还算蛮捞的。
212496,5166,危晓莉,2025-01-14 05:47:37,1,1,0,女神！！上危老师的实验课，病理标本讲的巨清晰，小废物也学到不少东西！！老师说话很温柔对学生也超好！早八的课有人经常迟到一两分钟，老师一般会等着人到齐再讲！啊啊啊啊老师我爱你！！
212509,1702,毛峥嵘,2025-01-14 06:03:07,0,0,0,【医疗纠纷与司法鉴定】平盘课不是很成体系，但是各位老师单独看的话讲得都很好，认真听可以学到东西。平时会点名，有平时作业，但不是很多，最后在学在浙大上答题就行。老师会捞，我到了89分
212534,7770,曲凡,2025-01-14 06:59:01,1,1,0,中西医结合的那门课\n\n今年是40%点名+60%展示\n\n点名每节课都点\n\n给分其实有点抽象，因为分数结构太单一了，点名大部分都是到的，为了正态，展示稍微普通一点就容易爆炸，还不如之前再有一篇论文呢
212543,6545,阮陟,2025-01-14 07:18:33,2,3,1,非常高兴能够参加《微生物与人类健康》这门课程的学习，阮老师不仅具有深厚的专业知识背景，还能将复杂的微生物学原理与人类健康的实际应用结合起来，使课堂内容生动有趣、易于理解。期末考试成绩给分也很慷慨，强烈推荐。
212674,1019,郑莲顺,2025-01-14 12:21:28,0,0,0,给分无敌好
212677,6334,佟红艳,2025-01-14 12:22:56,0,0,0,讲课很一般，但是最后给分不错
212715,8400,张玲,2025-01-14 14:34:49,1,1,0,dddd
212727,2952,孙秉贵,2025-01-14 15:14:55,5,5,0,神经科学通识（24~25秋冬）：个人体感水水的，给分正常，可冲。\n\n上课方面，我几乎没听（对不起），但偶尔抬头的几次感觉老师讲得还是很不错的，有兴趣的话可以认真听听hhh。\n\n给分方面，30%小组pre，70%一篇论文，都是自选和神经科学相关的题目即可。这学期还突击纸质点名了一次，不知道最后是怎么算的。\n\npre是自愿报名组长自由组队（如果组不上可以交给助教老师分配），具体分工和任务量之类的就看内部决定了，我们小组有10个人，所以任务分到每个人头上还是挺少挺轻松的，我就只用了两小时查资料发群里（）。不过比较看重成绩的话，可能还是自己当组长多出点力，或者找熟悉的人组队比较好，不然会比较看运气。比如我们小组分工是组长分好任务之后在群里拼手速抢，结果展示当天才发现被分到pre的同学里有一位留学生，在磕磕巴巴艰难地讲´д`出现诸如此类的情况，或者是有组员摆烂，可能就会对评分有一些影响了。\n\n论文3000字左右，交纸质版，ddl是最后一节课后的一周内。我其实对神经科学方面的知识一窍不通（）就找了个比较贴近生活的选题，然后搜了些相关论文，CV+GPT+自己写了些联系生活的话，一天速战速决。\n\n我最后拿到的成绩是4.2/86，虽然不算很高，但想想我们小组水水的pre和我水水的论文，也是感觉非常满意了´∀`我的体验可供大家参考www
212816,6726,丁世萍,2025-01-15 03:32:55,5,5,0,来浙一年半遇到最负责最好的老师，非常和蔼非常耐心，讲课思路清晰，线上问问题总是耐心给你解答，最后给分也超级好！！！要是医学院的老师都有丁老师这么负责就好了。
212817,900,周俊,2025-01-15 03:35:48,1,1,0,组胚乙，讲课非常好，很负责，有的时候会小纸条点名。总体来说非常好，给10分！！！
212867,6915,董灵庆,2025-01-15 05:58:24,1,1,0,给分烂烂烂，材料人快跑
212906,2436,余海,2025-01-15 08:15:35,0,0,0,课堂节奏很好 事少 绩慎
213039,4286,蒋磊,2025-01-16 00:49:07,1,1,0,女神……老师上课很有条理且幽默风趣><
213055,4286,蒋磊,2025-01-16 01:46:38,2,2,0,女神我爱您
213061,4286,蒋磊,2025-01-16 01:59:10,3,3,0,人美心善给分好😍😍😍
213179,5861,周春,2025-01-16 08:46:32,0,1,1,万万没想到被一门水课拉爆了GPA……
213211,1019,郑莲顺,2025-01-16 10:46:12,0,0,0,郑妈！
213223,3750,沈静,2025-01-16 11:40:20,-2,0,2,上的病理与药理学基础 给分挺好很捞 然后老师的病生课讲得也很好 下学期上生科实验 希望老师别这么严格哈哈
213227,2069,汤慧芳,2025-01-16 11:46:30,0,0,0,纯念ppt哈
213234,4670,张雪,2025-01-16 11:51:54,1,1,0,我不懂老师为什么评分这么低 很温柔的老师 上课以及给同学解答问题也很认真 最重要的是实验报告要求真的少 真的少！！很轻松哇很轻松（上的是病理与药理学基础的实验课）
213235,6306,林文龙,2025-01-16 11:53:01,0,0,0,老师人挺好的 但是实验报告要求能不能少一点啊啊啊
213236,1065,李立伟,2025-01-16 11:54:02,0,0,0,还没出分我先评下 讲课神中之神 不必多说 我真的太爱老师的寄生虫课了真的
213238,5723,冯友军,2025-01-16 11:58:28,1,1,0,呃不好评价 先不评了
213239,7729,郑小凤,2025-01-16 11:59:16,0,0,0,纯念ppt哈
213240,3480,徐芳英,2025-01-16 12:00:54,0,0,0,有时候会点名 老师讲课很有意思哒 每次是她的病理我都会认真听
213241,6026,刘云华,2025-01-16 12:02:24,0,0,0,老师讲课挺好的其实 随机点名太死亡。。然后上课前还会二维码扫码点名 是他的病生一定要去啊
213278,6403,项美香,2025-01-16 15:18:09,0,0,0,好课！虽然没学过医学知识，但最后把PPT背一下就可以了，特别实用，给分也很好。
213297,6334,佟红艳,2025-01-17 01:34:06,0,0,0,诊断学就是个fen课，不过给分貌似还行
213300,6194,张红河,2025-01-17 01:34:50,0,0,0,超级好的老师！
213302,954,王琳琳,2025-01-17 01:36:54,0,0,0,我不好说
213303,3902,齐宏妍,2025-01-17 01:38:06,0,0,0,伟大，无需多言。不过疑似有点二尖瓣面容？
213398,3834,夏宏光,2025-01-17 08:10:53,2,2,0,讲课很好，为人和善，但是学术端故事也挺多的......
213431,3482,陈莹莹,2025-01-17 09:56:41,0,1,1,老师的艺术体操超级有意思，上课温柔耐心，真的学到很多…最后卡绩还被老师捞到满绩了，她温我哭
213439,2096,罗依惠,2025-01-17 10:59:16,0,0,0,哈哈，无敌老师
213449,710,欧阳宏伟,2025-01-17 12:07:18,0,0,0,上课几本没有出现
213450,2096,罗依惠,2025-01-17 12:07:31,0,0,0,大学写作  至少老师是很负责的，刻薄的话除非你是那种文章全ai或者全复制粘贴被她看出来了基本上不会说，语气还行，然后喜欢抠格式，最后给分还行。
213457,1416,沈晓红,2025-01-17 12:49:39,-2,2,4,第一个满绩是沈老师给的！社会心理学通识课，两次大作业，外专业的学生认真写就有机会拿满绩！课上也可以了解到很多有趣的心理学理论~强推！
213471,2952,孙秉贵,2025-01-17 14:09:30,0,0,0,老师讲的蛮好，非常认真严谨，比较求是
213540,5217,王迪,2025-01-18 06:24:20,3,4,1,呵呵，感染与免疫年年提年年不改，不知所云的上课内容，随心所欲的考试范围，逆天给分，永远真史
213542,5217,王迪,2025-01-18 06:25:02,4,4,0,史中史
213566,5910,刘杨,2025-01-18 08:59:37,0,1,1,有病的
213652,2743,许正平,2025-01-19 01:10:36,5,5,0,点名从未缺勤，小测都是满分。我承认我展示做的确实一般，但你给分和我人体生理学一样高是什么意思？
213658,2743,许正平,2025-01-19 02:22:16,0,0,0,？？？
213665,3694,陈光弟,2025-01-19 03:23:22,4,4,0,出分好慢
213671,10604,程宁涛,2025-01-19 04:11:17,0,0,0,负责，给分好
213672,2069,汤慧芳,2025-01-19 04:30:02,1,1,0,念ppt，但是药理ppt有标部分重点，给分个人觉得还可以，没有那么死亡
213783,6403,项美香,2025-01-20 01:22:49,2,2,0,给分很好，平时课上得也很有意思，事少分高，最后背一背就行，还有助教老师zsq姐姐真的超级温柔，吹爆！！！
213786,5615,吴息凤,2025-01-20 01:27:35,1,1,0,给分不错
213856,10604,程宁涛,2025-01-20 13:12:13,0,0,0,老师很不错给分挺好的，课程内容丰富但有点干，平时作业30小组作业30期末闭卷40，闭卷考花点时间没什么问题
213871,1416,沈晓红,2025-01-21 04:53:20,-10,1,11,心理卫生：事少分高，干货满满，老师人好三观正（不排除分高是个别现象\n\n（看点踩数确实是个别现象，我4.8，舍友4.5，可能老师给分分差很大吧
213875,1416,沈晓红,2025-01-21 01:40:43,4,4,0,心理卫生，课程非常有意义。但是事情稍多（作为一个短学期通识课集齐了小测+论文+考试），最后给分还背刺...anyway，这堂课学到的知识对个人而言还是很有意义的，感兴趣的同学都可以去上下。（老师的普通话略让人有些听不懂啊啊啊）
213904,1416,沈晓红,2025-01-21 06:40:34,5,6,1,心理卫生：上课蛮有意思，也确实能学到心理学知识。给分不太好，平时分就扣了5分上下，而且是普遍现象，也就是说这门课满绩近乎不可能，而期末给分也看不太明白，论述题是占比大头，抄课件抄得满满当当，结果分数也不好，最后才3.9，成功取代军训成了我大一上最低的一门课了哎
213924,1702,毛峥嵘,2025-01-21 11:54:38,3,4,1,真的特别特别好的老师，病理讲的特别特别好，讨论课上很多知识点其实理论课都有提及，理论课虽然PPT全英但是讲课绝对可以的，看智云的时候反复感叹以前线下的时候怎么不认真听orz另外也是很有人文关怀的老师🥹这学期受伤给毛老师钉钉发了请假条，她还专门问了一下伤势是否严重，特别暖心总之🥹🥹🥹而且给分超级超级惊喜，简直就是再生妈妈
213928,3405,沈颖,2025-01-21 12:26:44,0,0,0,这老师还在开课吗？不是犯事儿被刑拘了吗
213930,6213,张孝通,2025-01-21 12:52:20,1,1,0,。。。
213951,1416,沈晓红,2025-01-22 03:55:30,2,3,1,医学心理学和心理卫生都不点名，学习医学心理学的同学可以先上一上心理卫生，有一部分内容是重复的。医学心理学实验占比20%，期末占比80%，感觉比较求是。实验课一共有三次，比较好玩，平时上课有一些细节可能会考到，但是占比不大，主要还是看98上面前人整理的资料，背完了基本卷子上的题也都会了。最后医学心理学分比心理卫生高的飘过(>_<)
213952,1416,沈晓红,2025-01-22 04:28:36,7,8,1,太迷了，难以理解
213958,2434,汪洌,2025-01-22 18:05:37,0,0,0,whatever。。。
213969,759,王青青,2025-01-22 08:04:52,8,8,0,老师好，免疫坏
214001,1065,李立伟,2025-01-22 18:00:40,0,0,0,伟大无须多言
214003,969,焦晶晶,2025-01-23 00:35:37,3,3,0,。。。
214014,2743,许正平,2025-01-23 02:29:10,0,3,3,这学期有两门课是xzp老师，一门97一门93，给分可以说是相当慷慨，医学人文素养这课比较有意思，全球环境改变事很少，可以冲
214020,969,焦晶晶,2025-01-23 03:12:13,4,7,3,日他妈的，纯纯畜生\n\n老子作业都做了，全写了，凭啥给老子3.3\n\n就你妈个傻逼玩意，误人子弟\n\n还他妈推迟出分\n\n就纯纯煞笔\n\n给的比大英都低\n\n我祝你绝后\n\n日死你个没鸡扒的小畜生
214032,5523,潘冬立,2025-01-23 05:04:08,0,1,1,上课还可以，就是不怎么捞
214162,7770,曲凡,2025-01-26 07:10:00,1,1,0,24-25冬 Integrated Traditional Chinese and Western Medicine 给分很玄学，分数构成太过于简单，点名40，展示60，点名大多数人都是全勤，展示也只有3分钟，很难有区分度吧，完全不知道怎么打分的。不过大家基本也是冲着国际化学分来的，事少就足够使得这门课值得一选。
214170,2746,李秀央,2025-01-26 13:42:08,-3,2,5,24医统，老师人还可以，卷子简单，给分不错，感觉不像前几年评论那么不堪
214171,4286,蒋磊,2025-01-26 13:49:00,2,2,0,给分好，上课好，超级温柔，女神，10分
214199,3694,陈光弟,2025-01-28 01:46:20,6,7,1,为什么到现在还没出分……
214246,2746,李秀央,2025-01-30 19:35:15,-4,2,6,给分挺好的 其实讲的也挺清晰的
214340,7259,钟贞,2025-02-01 13:33:35,0,0,0,哈哈😆
214445,8851,李新建,2025-02-04 12:48:38,0,0,0,bilibili慕名而来
214494,6403,项美香,2025-02-09 04:19:05,0,0,0,项老师讲话速度飞快，女强人
214495,8080,马宏,2025-02-09 04:19:49,0,0,0,马老师，好老师，好医生
214498,417,李兰娟,2025-02-09 14:04:56,0,0,0,国士无双
214528,10604,程宁涛,2025-02-11 08:48:48,0,0,0,和蔼可亲
214539,3482,陈莹莹,2025-02-11 15:02:41,1,2,1,上的是艺术体操课，美美收获满绩~老师又漂亮又温柔很会调节气氛，真的很喜欢她!上课也不是特别累，老师还会考虑我们的情况把一些做不来的动作改的简单一些。这课还是全女班，上课气氛特别特别好。总之选就完事了
214590,2830,陈周闻,2025-02-14 04:32:42,2,2,0,只有君子才会抨击陈周闻牢尸，在互联网上传播绝对的正能量！
214599,3694,陈光弟,2025-02-14 07:09:09,0,0,0,哎哎哎
214636,9994,桂淼,2025-02-15 11:10:00,0,0,0,非常非常好的老师！
214640,3694,陈光弟,2025-02-15 13:10:23,0,1,1,。。。
214664,8940,陈谦明,2025-02-16 04:47:44,-1,0,1,顶一个，口腔医院院长
214733,6545,阮陟,2025-02-17 06:53:50,2,2,0,微生物与人类健康请无脑入！！事少给分好～老师人很好还很温柔
214739,314,那仁满都拉,2025-02-17 07:34:42,0,0,0,2024-2025学的上善若水，每节课都去了，期末也认真写了，小组展示也是好好做的，但是3.9。感觉给分会比较玄乎，没有具体的标准。
214934,1756,杨敏,2025-02-19 07:25:00,-2,0,2,我上的老师的实用营养与实践，老师会签到，人超级温柔很好，会很认真回答问题，会很认真听你的pre，给分也超级不错，还有一周的饮食训练营，很有意思，平时感觉水水的，但还能学到点东西，选吧！
214946,5356,徐鹏飞,2025-02-19 08:17:20,1,1,0,吴清源！我是你粉丝啊！
214990,3694,陈光弟,2025-02-20 01:26:28,1,1,0,离谱最低绩点
215004,5272,王本,2025-02-20 03:45:46,2,2,0,大学生物学这门课真的是史中史啊……
215091,9740,毛圆辉,2025-02-21 01:58:46,2,2,0,老师感觉像学生，很亲和
215104,9994,桂淼,2025-02-21 07:35:28,0,0,0,非常不错的老师
215159,5345,刘冲,2025-02-23 08:42:15,6,6,0,喜欢年轻男大
215187,7602,陈辰,2025-02-24 02:30:59,-3,2,5,医学院给中文系上课……\n\n感觉不适合当老师
215216,8572,施继敏,2025-02-24 10:19:11,2,2,0,我曾经在deepseek上问过一个问题……
215217,5345,刘冲,2025-02-24 10:20:15,4,4,0,嘴强王者
215398,7259,钟贞,2025-02-26 01:29:22,1,1,0,应该是系解课程所有老师里听感最差的一位，选到建议直接自学。如果搭配姜华东老师的话，建议只听姜老师部分，钟老师真的不是很适合讲基础课程。
215399,6650,钟近洁,2025-02-26 01:30:22,0,0,0,超级超级好的老师，讲课清晰，课程内容安排合理，答疑迅速且到位～
215401,759,王青青,2025-02-26 01:31:55,-1,1,2,学的医学免疫学，老师讲的很清楚，也是重点画的最明白的老师，答疑也很到位很快速，可以说免疫全靠zsy学长和王老师。
215403,1065,李立伟,2025-02-26 01:33:51,2,2,0,寄生虫讲的太棒了！
215404,5523,潘冬立,2025-02-26 01:35:02,0,0,0,神人老师，ppt内容多的要死还不给重点，能背一半的都是神人了。
215438,575,胡虎,2025-02-26 06:16:09,0,0,0,Tiger哥属于医学院少有的上课有热情有干货且与时俱进的老师了，上他的课永远不会觉得枯燥
215472,1645,余沛霖,2025-02-26 12:27:50,0,0,0,其他不知道，因为才刚开始上课，但是老师好美好有气质声音好好听啊啊啊爱上！！
215475,4040,王梦令,2025-02-26 13:09:03,0,0,0,24年秋冬上的生理科学实验，老师讲课真的挺好的，也不太会逼问大家回答不上的问题
215539,7295,单鹏飞,2025-02-28 01:59:36,0,0,0,无语至极，点个到事情这么多
215541,6627,何峰,2025-02-28 03:01:29,0,0,0,上课水平有待提高，纯念ppt的
215542,5356,徐鹏飞,2025-02-28 03:02:32,0,0,0,可爱，真诚，幽默，热情，接地气的老师。是研究生一门英文专业课唯一一位讲中文的老师
215546,3482,陈莹莹,2025-02-28 04:01:21,0,1,1,老师真的非常好！每周都有大美女上课真的是太幸福了！！！而且给分也非常好！我特别硬，一些瑜伽的动作都不太做的到位，但瑜伽课最后还是得了4.8！老师我爱你呜呜呜
215558,6241,徐晗,2025-02-28 07:29:33,2,3,1,研究生课纯纯浪费大家时间
215560,7259,钟贞,2025-02-28 07:39:13,3,3,0,依托沟石，上课的时候其实0人听懂，快逃吧
215581,4278,赵经纬,2025-03-01 14:42:32,0,0,0,老师为人亲和，知识储备丰富。上课幽默风趣。
215589,1470,胡济安,2025-03-02 02:38:33,0,0,0,塞北的雪
215740,3069,柳华,2025-03-05 03:57:22,2,2,0,基础医学院的学生上她的课请警惕，课程形式是现场改的，课后作业是突然加的，展示还有明确到30s的时间要求。另外在基础的讨论课上老师很惊讶地说：“原来你们学生的诉求是对知识的掌握程度啊”，只能说在这句话的背景下，完全不能理解老师设置课程的出发点了。\n\n讨论课引导做得不是特别好，你答不上的题她不会提示也不会回答，你答得上的题会反驳你或者反问你，课程需要掌握的重点知识不会强调，很喜欢抓着细节的、与案例主干无关的事深入提问。\n\n希望老师能把傲气和没有耐心再藏得好一点，基础的学生上她没有做好课前准备的课真的很心累。
215779,6338,张宁,2025-03-05 12:34:00,0,0,0,点名是在下课时间只说一声的，如果你只是一个人去上课又恰好在上厕所就会错过。。。只能说唐
215827,1059,王福俤,2025-03-06 02:13:57,0,0,0,nc一个
215836,3069,柳华,2025-03-06 02:41:23,1,1,0,认真体现在课前课后提非常多事无巨细的要求。课上课下与学生的互动缺乏耐心，简直像是和学生打辩论。鼓励用ai更是难评。虽然ai普及是大势所趋，但是讨论课上和作业用ai难道不会让学生放弃思考吗？学生都能分辨大数据提供回答的专业性和可靠性吗？之前上课感觉还不错，恐怕是因为之前的课程有细纲吧。完全由她自己设计的案例讨论引导性和连贯性太差了，老师全程就是不断提问然后简单地点评一下回答。讨论向什么地方发展，是否需要在一些地方深挖，我想老师也是不知道的。可惜。
215848,7548,张强,2025-03-06 03:16:22,1,1,0,《自己看一下》《红色是重点》《不懂问ds》
215937,7948,应豪超,2025-03-07 16:27:21,3,3,0,可以的
216010,7548,张强,2025-03-09 11:28:36,1,1,0,逆天\n\n演都不演了
216102,1416,沈晓红,2025-03-10 09:39:08,1,2,1,讲课不错，给分不太好
216103,3694,陈光弟,2025-03-10 09:40:13,1,1,0,喜欢点过道的人回答问题，有几次课后有小测，给分还不错，虽然卡了
216122,4814,吴晶晶,2025-03-11 00:36:23,1,1,0,对不对老师
216181,2038,周旭东,2025-03-12 00:44:58,1,1,0,跨专业选了卫生事业管理，从讲课能感受到周老师是一位温柔且理性的老师，很可惜总是在忙自己的事没有专心听课
216200,3281,张丹丹,2025-03-12 08:46:40,1,1,0,请忽略此前对张丹老师的评价，张丹丹老师和张丹老师不是同一个人。
216206,6301,唐梦龄,2025-03-12 11:51:43,3,3,0,sb东西by的东西
216207,6301,唐梦龄,2025-03-12 11:54:37,3,3,0,签到一分钟就关，就是故意的吗？纯坏
216212,5345,刘冲,2025-03-12 13:05:51,3,3,0,是烧零
216218,6301,唐梦龄,2025-03-12 13:35:36,1,1,0,脑子没进10斤大米共想不出这种一分钟签到的操作
216275,4906,谷岩,2025-03-13 01:48:55,1,1,0,谷老师非常nice，学问很大，只是社恐些
216282,547,陈坤,2025-03-13 02:03:02,2,2,0,伞兵给分，想要均绩的千万避雷！！！无论是本科生还是研究生
216341,6241,徐晗,2025-03-14 01:19:39,-3,1,4,很不错
216344,9128,章琦,2025-03-13 19:15:11,-3,1,4,暂且什么也不知道，打个中立的九分，具体情况还得具体展开，后续人帮忙补上
216352,6241,徐晗,2025-03-14 05:46:46,0,2,2,很好的老师
216460,9740,毛圆辉,2025-03-17 01:12:23,0,1,1,还行的
216616,5278,李晨,2025-03-19 08:57:56,0,0,0,医学信息学\n\n老师在讲课的时候还是非常希望同学们能听懂的，逻辑也清晰！
216625,8071,李文渊,2025-03-19 11:42:38,0,0,0,实习课上得有一种是被绑来上的感觉。。。什么都讲不明白，课件一过就完了完全不考虑学生能不能跟上能不能接受。。。
216666,8672,包祺,2025-03-20 11:30:35,2,2,0,好帅🥰
216690,8207,叶小康,2025-03-21 04:47:23,3,3,0,拖堂非常严重，平均每次课拖20-30min，而且经学生提醒后依然在拖堂
216697,2973,张晓明,2025-03-21 06:37:48,1,1,0,这个知识点要讲清楚的话又要讲到三天三夜….\n\n世界局势风云变幻莫测众说纷纭……\n\n来说一说你知道我们不知道的东西…\n\n你们学过解剖学吗？我真是服了你们了
216717,6545,阮陟,2025-03-22 10:15:22,1,1,0,强烈推荐给大家的一门课程
216740,9479,龚亮,2025-03-23 15:49:02,0,0,0,老师挺好的，课太💩了
216763,2746,李秀央,2025-03-24 08:11:33,10,10,0,发什么脾气呀… 上课说得不清不楚就算了，发烧了在宿舍看智云听到你要纸质签到便马上冲过去教室，结果被你当众骂了一面屁… 大哥我连看智云的记录和病历都带给你了，真的连补签一下都不能吗？
216773,2746,李秀央,2025-03-25 02:28:32,6,6,0,课讲得贼烂，脾气还挺大，哈哈
216774,2746,李秀央,2025-03-25 02:49:10,9,9,0,没人来上课急得不行，跑辅导员那去告状
216801,2973,张晓明,2025-03-26 01:14:59,0,0,0,局解系解都上了，zxm不点名。老师自己知识掌握得很透彻，但是把知识串联＋清晰讲授的能力有待提高。
216817,9987,缪佳敏,2025-03-26 06:24:37,0,0,0,我爱我导！超好的老师！
216827,1532,胡小君,2025-03-26 07:37:10,1,1,0,老师人真的很好，有小组在展示那天人没来，老师还给组长打了电话，宽限了几个小时的准备时间
216832,10254,刘昊轩,2025-03-26 08:33:07,-1,0,1,口吃老师
216833,6658,Daniel Henry Scharf,2025-03-26 08:50:24,0,0,0,老师讲的很认真，但能不能提高一下ppt的可读性
216840,7270,徐欣,2025-03-26 11:29:24,3,3,0,评全科医学：女神！讲课会提到很多有趣的eg爱死机，助教gg也很好！
216876,7602,陈辰,2025-03-27 21:58:04,3,3,0,居然是医学院….（？）陈老师上课认真，每节课感觉都是有认真设计过的，比起教材蜻蜓点水的介绍文学史，老师带着大家帮助理解经典的内容。课程内容和考试虽然难，但给分还不错，认真学是能学到东西的。
216879,2746,李秀央,2025-03-28 01:36:45,4,4,0,第一次见把不同班的人叫在一起做小组作业的，我人都联系不上
216883,2746,李秀央,2025-03-28 02:36:14,1,1,0,纯纯一坨
216914,6252,史鹏,2025-03-29 03:17:58,2,2,0,这学期她给我讲生理，老子认为翘了早八是这辈子干过最正确的事
216949,5705,孙洁,2025-03-30 07:24:58,0,0,0,好好好
216970,2830,陈周闻,2025-03-30 14:22:55,1,1,0,我室友想和你结婚
216978,2746,李秀央,2025-03-31 00:25:51,4,4,0,一个纯shabi
216986,9038,周全,2025-03-31 02:55:45,0,0,0,免疫学系新秀，有很传奇的经历，从数学系转向生物学研究的年轻老师。老师对于上课还是准备很充分的，很充满教学热情。
217029,1532,胡小君,2025-03-31 13:05:45,1,1,0,这课是真有用吧
217058,946,韩曙,2025-04-01 04:08:50,0,0,0,讲得重点突出，局解下课早，幽默风趣，十分可爱
217059,2830,陈周闻,2025-04-01 04:13:17,1,1,0,呵呵呵
217084,7548,张强,2025-04-01 12:55:25,0,0,0,同下边同学所说的，《自己读一下》，《自己看一下》，《英语能看懂吧》。好在是研究生课老师不点名还给我们提前走了就不给你低分了。
217087,1416,沈晓红,2025-04-01 13:03:46,2,2,0,非常好老师，社会心理学没点过名，想听的话老师讲的也非常好，而且经常举例子，作业只有两篇小论文，上课也没有发言之类的事
217165,7259,钟贞,2025-04-03 02:12:44,3,3,0,讲课水平不是很好…估计是因为系解东西太多加上她这个不上不下的讲课水平导致上课进度很快，知识点极度密集，书上对应内容还没找到ppt已经过去了，让人头疼。老师人还是很好的，问问题也会尽力解答，如果不谈上课水准可以给到8分，但很可惜你是个tm专业课老师
217176,2038,周旭东,2025-04-03 06:05:38,0,0,0,好老师 亲身经历很有趣
217182,1756,杨敏,2025-04-03 07:22:31,3,3,0,跑，感觉事情还是太多了，一次半小时的小组展示，一次7天训练营（小程序设计一坨），还有线上课程测试，题目都不简单（有100题），还有一次作业，还有期末闭卷考试
217209,2436,余海,2025-04-04 10:36:50,0,0,0,有趣的课堂
217223,2746,李秀央,2025-04-05 05:55:45,1,1,0,书上有的考试都不考，作业里都是书上没有的\n\n课讲的糊嘴巴，没一句能听\n\n脾气还大，智慧树平台稀巴烂还在用\n\n代签是不管的，抢答是乱抢的，课是不会上的，缺勤是扣分的，错过是不补的\n\n美其名曰“管理课堂秩序”\n\n学生都没教会哪来的课堂😅
217243,2746,李秀央,2025-04-06 09:30:51,1,1,0,依托史
217245,1532,胡小君,2025-04-06 12:06:17,0,0,0,eee医学信息学蛮坐牢的，不推荐不推荐
217272,2746,李秀央,2025-04-07 09:36:38,0,1,1,人心中的成见是一座大山
217278,1470,胡济安,2025-04-07 11:07:18,0,0,0,肚子里没有几两墨水就不要硬装
217303,611,李仲杰,2025-04-08 05:35:23,4,5,1,组胚，说我们太闲了，于是布置课堂小组展示？为了布置作业而布置作业，为了展示而展示，恶心
217323,1880,赵璐,2025-04-08 12:42:17,1,1,0,我是上的老师的那个生命科学经典的国际化，我觉得老师真的很好啊！人美心善负责任，钉钉上戳她她都很快能回的，然后课程内容也很丰富，英语口语也很不错，感觉无论是不是医学药学生物相关专业的同学都可以听听，很好的一门生物类的通识课！虽然我不是这类专业的，而且生物只有高中学考水平，但其实也不咋影响，整体是蛮充实有趣的，我每节课都有认真听，也学到了很多。而且归根到底这课的任务就只有小组展示+写一篇约等于两篇英语高考大作文量的英文小短文。课堂发言其实也不用很多，课上会有很多机会，大胆举手就好，事少分高，而且老师出分很快，很不错很不错。非常推荐大家选！
217328,9691,邵正萍,2025-04-08 13:28:51,0,0,0,为什么讲得这么快，老师说话是烫嘴吗（
217355,7602,陈辰,2025-04-09 03:03:20,0,2,2,借标文学院陈辰，课讲的一般
217358,3902,齐宏妍,2025-04-09 03:30:51,0,0,0,医学院少见的讲课非常清晰认真的老师，她是真的想让我学到东西😭
217418,6241,徐晗,2025-04-10 04:21:17,1,2,1,组会没开够？上个课跟JC有区别？
217426,9058,沈宁,2025-04-10 07:18:05,6,9,3,闭卷期中考也是没有浮木了
217427,9058,沈宁,2025-04-10 07:28:58,9,11,2,《你们是数学院的学生，学习人工智能基础应该有很大的优势吧》
217429,9058,沈宁,2025-04-10 09:06:38,8,10,2,如果按今年的情况，避雷就好了
217515,5574,张岩,2025-04-21 09:35:50,3,3,0,我今年又发了nature，又发了Cell，又发了Science
217589,2556,陈建忠,2025-04-14 02:35:29,0,0,0,好，无需多言
217592,5723,冯友军,2025-04-14 03:06:01,1,1,0,66666
217725,8755,卢荟,2025-04-15 13:58:23,1,1,0,非常好的老师
217741,3750,沈静,2025-04-16 01:38:18,1,1,0,教课非常好，值得十分\n\n生科实验非常烂，值得1分
217758,6301,唐梦龄,2025-04-16 06:11:10,0,0,0,虽然一分钟签到的操作确实有点迷，但老师讲的还是不错的
217820,9058,沈宁,2025-04-17 03:21:15,9,11,2,避雷慎选\n\n经典语录：“ASKⅡ码啊，我以前也学过，但我忘了”“你们是数学院的学生balabala”“我们主要讲点知识理解的balabala”“我叫了我们一个不学人工智能基础的同学来考考了90分啊还是挺简单的”\n\n最歹毒的不是上课当PPT战神，而是上课给大家放长达40分钟的英文视频企图大家通过这个语速又快时间又长的视频学会书上没有录进去的知识点并且期中考闭卷让你考
217823,9058,沈宁,2025-04-17 03:37:59,5,9,4,老师其实人还不错，就是不太会教书
217828,1416,沈晓红,2025-04-17 03:58:00,1,1,0,心理卫生，老师讲的很好啊，案例也很多，上课比较轻松，挺有趣的，还有一些心理建议，就上课体验来看，我收获还是挺多的，大家可以选
217835,9058,沈宁,2025-04-17 05:17:55,5,7,2,作为一个新老师有点神人了
217844,9058,沈宁,2025-04-17 06:35:46,8,9,1,阴阳师
217881,946,韩曙,2025-04-17 11:28:57,0,0,0,很捞很捞\n\n老师非常乐观幽默，局解下课早，而且不点名\n\n先给磕一个
217908,6722,雷浩,2025-04-18 01:22:21,0,0,0,上课讲不明白，答疑态度差
217915,8207,叶小康,2025-04-18 02:16:34,2,2,0,首先是有人说过的拖堂问题。确实是真的，课程前期如果是四节课，那就是12点下课，如果是五节课，就是12点半左右下课。课程后期有所改善。\n\n\n\n然后是讲课节奏的问题，当他说我要开始加速了，那基本上可以不用听了，多数人是跟不上的，该看书看书吧，对自己负责点。也不全是老师的问题，可能是课程安排的问题。\n\n\n\n然后一个较大的问题，就是上课声音很小，后排基本上听不到，如果正常上课，展示教具后排看不清，实验课，基本上就是一窝蜂的人围在一起，观感也不好。\n\n\n\n然后有一点就是课后缺乏有效的引导，对于大一的一门3学分大课，大多数学生是不知道怎么学的一个状态，课上跟不上课下复习也不知道。老师应当以展示为辅助，教会学生怎么把这一学科学明白才是核心任务。希望在后半学期或者是下一学期能得到改善
217937,1556,王鑫慧,2025-04-18 07:18:45,1,1,0,课很水，给分不咋地，看运气
217970,946,韩曙,2025-04-18 13:33:10,1,1,0,老师人是挺好的，但是作为想要学到知识的专业课来说不太行，老师的时间都花在讲故事上了。
217974,3750,沈静,2025-04-18 14:01:27,1,1,0,生科实验纯纯依托，*******
217983,1556,王鑫慧,2025-04-18 21:47:32,1,1,0,会有纸质签到和小测，但每节课都到基本没啥问题，最后给分的话可能还是要看最后展示，展示主题太生活化的可能不是很占优势。
218020,2746,李秀央,2025-04-19 08:02:03,4,6,2,怎么说呢，一言以蔽之，人很坏而且很傻
218023,6779,张腾,2025-04-19 08:51:18,1,1,0,张腾老师是我的神！！！又有耐心又有情绪价值，上课真的很享受，学会之后上课也很自由
218035,2746,李秀央,2025-04-19 12:00:04,1,1,0,上课不到是要抓的\n\n课是上的一坨的\n\n考试作弊是不管的\n\n智慧树是一定要用的😅
218060,3482,陈莹莹,2025-04-20 05:18:20,1,1,0,艺术体操对新手可能有点难度
218061,2746,李秀央,2025-04-20 05:19:32,2,2,0,其实也不是说李老师有多不好，上课抓考勤其实是可以理解的，但是考试作弊这个事真的是建议严查，实在难平众怒
218067,3281,张丹丹,2025-04-20 07:30:10,1,1,0,张丹丹老师是基础医学院病理学系的老师，和妇产科医院的张丹老师不是同一个人，同学们打分请不要以前面的评价为参考。
218068,1416,沈晓红,2025-04-20 08:23:10,0,0,0,去年上的心理卫生，事情比较少，老师给分还是不错的，但是期末考简答题比较多，考试之前需要看一下ppt不然可能来不及写
218071,1019,郑莲顺,2025-04-20 09:05:18,0,1,1,有幸选到了郑妈的局解，也是我三年来医学院专业课里考得最好的一门，伟大，无需多言，我觉得郑妈才是一名真正的医学老师
218079,9744,Xiao Tan,2025-04-20 11:13:14,0,0,0,你说的期末考圈老师是认真的吗
218080,9038,周全,2025-04-20 13:01:48,0,0,0,超级热情的一个老师 非常用心
218118,4984,王良,2025-04-21 08:45:42,2,2,0,局解课上偶尔会纸质点名，有时讲课的内容会扯到神经系统（他研究的课题）上，人超级nice，讲课深入浅出，给了10分
218125,1556,王鑫慧,2025-04-21 09:30:38,0,0,0,小组pre卷的很厉害。最后给分很一般。
218130,2364,包爱民,2025-04-21 10:54:38,3,3,0,点名巨多，其他事情也很多，讨论课鼓励恶竞，ppt经典医学院蓝白英文shit，越听越感觉老师讲课是纯纯在输出自己所支持的价值观，讨论课表达自己不同的观点就会被反驳没有科学依据，必须接受课上所谓有“文献支持的”那一套。。。
218178,3694,陈光弟,2025-04-22 02:09:22,0,0,0,。。。
218187,4984,王良,2025-04-22 02:59:45,1,1,0,刚上完局部解剖课，挺好的老师，自己会亲自动手帮助我们解剖。讲课挺注重概念的东西，让学生从根本上理解解剖结构的意义，说是这一点对于了解疾病非常重要。王老师确实是每天上课都拿一杯瑞幸咖啡，上课有一点魔性口音，但是不影响授课，甚至还有点亲切感.
218223,1556,王鑫慧,2025-04-22 06:14:34,2,2,0,绩杀慎选。\n\n3-4次纸质签到，一次线上小测，一次pre\n\n真想不明白签到全签，小测接近满分怎么能给分给到80以下的......
218245,1532,胡小君,2025-04-22 08:11:27,1,1,0,不卡绩，特来还愿，上课从不点名，就是时间长坐牢。为了保底的uu可以试一下，拿时间换成绩
218249,6924,杨国利,2025-04-22 08:16:13,1,1,0,还行吧，口腔医学人文会点名，但事情少，就期末一篇论文要好好写。
218263,946,韩曙,2025-04-22 08:50:17,0,0,0,第三次上韩老师的课，真的特别喜欢她，常常被她的乐观豁达所打动。虽然老师讲的内容可能没有郑妈他们全面，但还是能够学到很多很多的知识。非常感谢韩老师陪我们走过几乎所有的解剖学课程，希望老师身体健康，天天开心～
218311,2436,余海,2025-04-22 12:09:46,0,0,0,讲课讲的非常好，能看出来是很有水平的老师
218317,4286,蒋磊,2025-04-22 13:03:11,0,0,0,很棒的老师！女神！
218321,4286,蒋磊,2025-04-22 13:57:42,0,0,0,完全女神来的！
218356,3694,陈光弟,2025-04-23 02:04:26,2,2,0,孩子们，我觉得他的分还是太高
218359,5870,姜华东,2025-04-23 02:15:25,0,0,0,非常好的老师，讲课清楚，很会解剖，PPT也做的很好，重点也很突出！！！真的很喜欢\n\n就是有点烟酒味，，不过无伤大雅
218373,1532,胡小君,2025-04-23 03:42:18,2,2,0,不点名，给分好，也是提高检索能力的
218401,6252,史鹏,2025-04-23 07:13:40,0,0,0,上课很难不睡觉啊，PPT完全就是在为难人，看也刊不懂
218441,851,方马荣,2025-04-23 13:28:55,0,0,0,第二门满绩的专业课，老师是那种放养式的，全靠自学吧，下课也会早点（常常提前一两个小时就可以自己溜了），平时分基本拉满。
218446,2436,余海,2025-04-23 14:37:42,0,0,0,绩点低
218467,5277,周煜东,2025-04-24 02:20:43,6,6,0,神经、精神和运动系统\n\n给分出乎意料的烂，完全不捞！\n\n小测是很混乱的，还是抽题，每个人抽到的题目难度根本不一样。老师也是完全不检查的，很多答案都是错的，要同学去找助教反馈，还有很多超纲题，课上根本没讲😅\n\n而且1分钟2道题的小测根本来不及做😅\n\n期末考感觉不错，但是最后的分数也是出乎意料的，根据小测的表现让人担忧是不是老师又哪里出错了或者根本没好好改🙄\n\n总结是这门烂课毁了我的青春也毁了我的均绩，我们脑院的老师真是太棒了😋
218489,5277,周煜东,2025-04-24 05:21:48,11,11,0,《讨周煜东檄》\n\n伪课主事周某者，性非良教，才实庸鄙。昔充讲席，滥竽庠序；今挟私妄为，荼毒杏坛。人神之所共嫉，天地之所不容！\n\n尔本朽木之质，敢司教化之职？不思育人之道，专行乱纲之实。伪开神经精神与运动之课，竟有十二不赦之罪：\n\n一曰无籍可依，使学子如盲人夜行；二曰纲目尽废，令课业若浮萍飘零；三曰叠床架屋，脑认知之糟粕复现；四曰自相雷同，众讲师之敷衍毕现；五曰章法全无，课程如乱麻缠结；六曰教考殊途，试题似天外飞星；七曰小测玄机暗藏，成绩全凭手气；八曰防弊虚设，小测竟成搜题之试；九曰讹误丛生，学子疲于勘谬；十曰考纲虚悬，温卷难觅踪迹；十一曰评绩乖张，报复之嫌昭然；十二曰玄分廿等，评分如雾里观花！\n\n呜呼！霍光辅政，尚知课业之重；蔡邕授经，犹怀传道之心。今观周某，昏聩无能若此，岂非尸位素餐之辈？课程混沌如斯，实乃误人子弟之尤！\n\n今诸生哀号于阶下，冤声上达于天听。愿诸君共举义旗，清我杏坛：或上书陈情，或联署抗辩，或诉诸公论，或直谏有司。凡我同窗，勠力同心，必使伪课现形，庸师授首！\n\n试看今日之学堂，竟是谁家之天下！
218574,2556,陈建忠,2025-04-25 01:07:47,0,0,0,老师最后一节课会画重点，从头过一遍，挺好的。最后给分也不错。
218627,1416,沈晓红,2025-04-27 11:36:06,0,0,0,社会心理学 上课不点名 内容还是很有趣的 上课也可以做自己的事\n\n老师人很好的 也很温柔 课程比较轻松 本人也没有在这门课花太多时间\n\n再说一下内容 春学期的期中（20%）和期末（50%）各一篇论文 最后一节课交期末的纸质版并且进行课堂讨论（30% 两个题交在学在浙大平台）
218634,3694,陈光弟,2025-04-27 13:44:17,2,2,0,4月27日教学事故打卡
218635,6432,来利华,2025-04-27 14:21:02,0,0,0,很好的老师\n\n很有耐心
218650,1416,沈晓红,2025-04-28 08:11:43,-2,2,4,社会心理学 满绩好妈妈
218674,1416,沈晓红,2025-04-28 14:11:27,2,2,0,社会心理学\n\n不点名，最后一次课课堂讨论最好到场，此外还有一篇期中和期末论文。任务是比较轻松的，上课听不听都可以，但听了一定有收获，很多理论还是很有趣的。\n\n再来说缺点，我想这也是老师被说“给分迷”的原因。说是课堂讨论，其实是限时开卷考试，踩点给分的。但是因为事先没有说明白，所以回答讨论题时我完全思维发散着写，尽力表达自己的观点而非关注回答的完整性，没有按踩点作答的思路来回答。最后出分的时候问了老师才知道居然是没踩到某个点就完全没分，也觉得如果老师讲清楚了，我肯定会兼顾全章知识点，不至于课堂讨论的分大跳水（因为两篇论文lz的分都很高），还是很委屈的。最后因为这个失误绩点勉强上3，其实心里不好受哈哈。\n\n看评论区也有同学喜得满绩，只能说老师分差拉的真的很大，幸存者偏差蛮严重的。。很后悔选课时受幸存者偏差影响，重来一次我不会再选。
218685,9240,莫剑翎,2025-04-29 02:18:25,1,1,0,给分真抽象
218694,1416,沈晓红,2025-04-29 04:26:15,1,4,3,看了评论区，tm是踩点给分？？？\n\n这个tm不课前说清楚？\n\n我tm以为写小论文呢，真的也是醉了
218712,1416,沈晓红,2025-04-29 11:08:54,1,2,1,真不错！
218722,9892,池哲勖,2025-04-29 12:52:10,0,0,0,池老师
218724,2556,陈建忠,2025-04-29 13:47:07,0,0,0,好老师，实验课讲的很清楚，最后一节课还会整理重点！
218747,3694,陈光弟,2025-04-30 15:12:25,0,0,0,吃屎去吧
218770,9484,张国捷,2025-05-04 02:47:10,1,1,0,比较在意学生的课堂参与度，但是至今也不知道自己每一部分得分是什么水平，卡绩了，没有评论说的那么好，大家慎选吧。
218812,7658,刘足云,2025-05-06 12:42:21,0,0,0,小组展示。。。
218850,2364,包爱民,2025-05-08 11:51:10,3,4,1,大脑与社会几乎全在论述社会，大脑并非作为对于社会现象的根本解释与来源，而只是用浅表的论文结果来充当“科学依据”以重复关于自己提出的社会议题观点。讨论课充斥的也是与脑完全无关的诸如“堕胎是否合理，人类应不应该改造”这种看似哲思实际幼稚的伦理或只是规矩问题。原本希望了解脑科学挺失望的，如果想要了解的是偏神经生物学的细胞分子视角或偏向认知科学的脑与抑郁，环路，意识等主题大概选择后会发现与想象相距甚远，当然助教还是很好的，但感觉在整个课程教授内容的氛围下也不能太好的发挥。总体来说个人认为只适合对各种时政社会类话题感兴趣的人趋之若鹜，而非有关脑科学的探讨。
218858,3750,沈静,2025-05-09 05:54:27,2,2,0,生科实验越改越抽象
218859,9917,任俊明,2025-05-09 05:55:06,1,1,0,老师抬个头好吗
218915,9744,Xiao Tan,2025-05-13 05:51:53,0,0,0,适合跨专业
218972,2038,周旭东,2025-05-15 11:54:24,2,2,0,给分没有说的那么好，但老师讲的很好很有用
218994,1756,杨敏,2025-05-17 07:47:15,0,0,0,刚开始说课堂要求时也没有强调发言的必要性 结果最后总评因为没发言被扣了六分 作业和考试都认真完成但是绩点低 要么就卷发言 要么就别选这门课了 保研er 跑
219018,7259,钟贞,2025-05-19 04:54:52,1,1,0,咋说呢，系解感觉本来就是要自己课下花很长时间学的，但是老师上课真的上的依托。\n\n但是老师人很好，期中考还鼓励我（）\n\n总之我是上课随便听听，课后看霍琨再自己背的
219033,5373,徐素宏,2025-05-19 11:42:11,1,1,0,老师给分很高，人其实也挺好的
219082,5345,刘冲,2025-05-21 06:25:13,0,0,0,神人老师。两节课一个组五个人展示两篇文章，一直让第一篇的人不用担心超时还没完没了让大家提问，留给第二篇的同学只有不到二十分钟。几位同学把内容使劲压缩火速讲完，事后老师给第二篇文章的同学全打了低分
219093,2743,许正平,2025-05-21 10:06:01,0,0,0,给分随机，不怎么讲课让学生讲，反正都是我讲，要不赔我点学费吧。。医人文还是必修，一坨屎分三个学期吃。。
219095,2337,陈玮,2025-05-21 10:15:16,0,0,0,老师人很好
219166,9058,沈宁,2025-05-22 14:54:02,5,6,1,懒得喷
219229,7380,秦强,2025-05-23 08:20:40,0,0,0,是外聘的老师，比较摆烂，经常上课让我们练正手他就在玩手机。给分比较高，比较重视正手姿势。考试的时候打10个正手，一般来说只有在界内才算分，但是只要出界得不太离谱他都算界内。
219249,10060,朱海华,2025-05-23 10:46:15,1,1,0,上课提问就算了，回答不出来还要记名字？？合着所有人上你的课都要目不转睛盯着你那狗屎一样的ppt是吗，纯纯脑t不多说
219251,2556,陈建忠,2025-05-23 10:57:25,0,0,0,医学免疫学，老师人很不错，给分也好
219302,954,王琳琳,2025-05-24 11:34:40,0,0,0,good
219315,7099,李晓,2025-05-25 04:23:02,1,1,0,计院的李晓老师，我爱你～\n\n好伟大🖐😭🖐
219343,6779,张腾,2025-05-25 13:40:26,1,1,0,老师上课的水平还是不错的，不过点名和体测会比较严
219353,9058,沈宁,2025-05-25 15:14:35,-2,2,4,老师人很好，很厉害，但是讲话比较直
219355,9549,裴善赡,2025-05-25 15:47:21,4,4,0,超好的老师，10分敬上，留着慢慢夸
219366,9241,孙岑岑,2025-05-26 01:47:55,3,3,0,个人觉得为生科实验最好，水平最高的老师
219474,6704,王秀君,2025-05-28 07:01:25,0,0,0,感觉老师在趁给学生上课练习英语
219489,6302,连虹,2025-05-28 13:48:51,3,3,0,最爱连老师
219495,6650,钟近洁,2025-05-28 15:24:46,0,0,0,我喜欢你
219499,611,李仲杰,2025-05-29 01:30:38,0,0,0,李老师很和蔼，回答问题也很耐心，切片讲得也很清楚！大家放心上课就完事了
219530,1137,夏梽丹,2025-05-29 08:26:10,1,1,0,认真上了课，认真做了作业，认真小测了，居然通识选修课还会卡绩，给分还那么低……
219559,3482,陈莹莹,2025-05-29 15:45:09,1,1,0,莹莹老师真的爱了！！！这学期的瑜伽课是什么神仙体验啊啊啊啊实在是太爱了！！
219568,1416,沈晓红,2025-05-30 01:59:51,1,1,0,讲课不错，给分不捞。
219571,7270,徐欣,2025-05-30 02:05:57,0,0,0,人美心善讲课幽默，女神我要追随你……
219575,7079,杨隽,2025-05-30 03:22:36,2,2,0,来浙遇到过最最最最差的老师、没有之一，实验过程语言攻击+打压+扣操作分威胁，让本就第一次动手的学生不敢下手，讨论部分完全没有讲解，学生讲完就下课了。不知道这样的人是怎么能当上老师的。。上完课全组同学觉得被针对，一整天被yj搞的浑身难受。。只能说垃圾人还是不要来祸害学生了
219629,557,纪俊峰,2025-06-02 08:36:33,0,0,0,ppt依托，复习的时候看的相似了，特地来骂他两句
219666,8521,李达,2025-06-03 15:40:41,1,1,0,上课偶尔炫点科研私货，点名少，冲就完事了
219790,6650,钟近洁,2025-06-06 10:39:32,0,0,0,非常认真负责的一位老师
219849,7270,徐欣,2025-06-09 02:34:47,0,0,0,全球卫生，上课认真听的话会收获很多，老师讲的很好
219860,9241,孙岑岑,2025-06-09 06:34:04,0,0,0,老师很漂亮，生科讲的很认真
219872,9241,孙岑岑,2025-06-09 10:52:25,1,1,0,岑岑老师是天使😭
219936,6030,张兴,2025-06-11 11:41:37,0,0,0,生命的雕刻家
219970,7828,隋梅花,2025-06-12 22:58:31,1,1,0,超级赞
219971,7602,陈辰,2025-06-13 00:40:15,1,1,0,西方文论课讲得非常扎实，极大提升了一下我的古典素养。今年考试去掉了填空，总体上难度合适，与课程结合得很好。另外，平时问老师问题也答得特别细致耐心。感谢西方文论课提供了与老师相处一学期的“契机”（ocassion）。
220045,7658,刘足云,2025-06-14 05:27:05,1,1,0,给分太差了
220078,9744,Xiao Tan,2025-06-14 16:14:58,0,0,0,从不点名，事少分高，一节课也没去过，论文三选一好好写，格式排版好一点（推荐用overleaf），分数不会低。
220079,2038,周旭东,2025-06-14 16:18:09,0,0,0,卫生事业管理，一节没听过，老师人很好很有趣，最后一节课记得到（有惊喜），给分差不多，有点拖绩点，但是还是挺愉快的，凡事不要只看绩点呀！过程也是很重要的！
220104,6701,王芳芳,2025-06-15 03:28:38,2,2,0,给分不好
220118,1702,毛峥嵘,2025-06-15 06:21:28,0,0,0,避雷人体探秘，作为一个通识课，每节课点名+抽人回答问题，每节课都还有作业（mooc+思考题），不仅要pre还要期末考试，选这个课真的倒八辈子霉
220133,6701,王芳芳,2025-06-15 09:43:51,1,1,0,绩杀，快跑
220139,7729,郑小凤,2025-06-15 11:37:15,0,0,0,课讲得烂，脾气也挺大
220140,3902,齐宏妍,2025-06-15 11:38:30,0,0,0,肿瘤研究策略与应用，唯一一个想让学生学到东西的老师
220486,6302,连虹,2025-06-18 07:46:09,5,5,0,很多事情别想那么糟糕，毕竟还有阳光，来温暖我们的骨头。\n\n一生最爱连老师
220495,3750,沈静,2025-06-18 08:47:13,1,1,0,生科何事，终成沈静私计
220507,10238,莫玮,2025-06-18 10:10:22,0,0,0,挺可怕的老师，实验室几乎全年无休
220511,4286,蒋磊,2025-06-18 10:25:12,0,0,0,在临床5年的生涯中，你很少能遇到有老师，能把学生的名字和脸对上了。\n很好 很好 很好的老师
220535,946,韩曙,2025-06-18 11:51:25,0,0,0,阳光开朗老奶奶有学生她是真.海底捞啊，就凭这个也要给高分。我上的系统解剖，个人感觉这门课是书烂，课程内容也不咋地但韩老师有尽力在讲课答疑解惑的帮我们划重点了。不过节奏确实有点快，不想在理论课上手忙脚乱翻书的话建议提前预习。另外老师会为了不让学生睡着而讲段子，听了好多八卦哈哈哈哈
220712,9058,沈宁,2025-06-19 09:11:43,6,6,0,变着法的恶心学生，鼓励恶竞，明天期末考了，先来给个差评
220727,1019,郑莲顺,2025-06-19 10:49:25,0,0,0,郑妈妈郑妈妈呜呜
220739,1556,王鑫慧,2025-06-19 12:27:19,0,0,0,展示尽力卷了，3.3
220740,9241,孙岑岑,2025-06-19 12:30:18,0,0,0,漂亮老师，讲课还耐心，一百昏
220764,9517,高洋,2025-06-19 14:35:54,0,0,0,低分不是给老师的。是课程的\n\n\n\nmamba out
220775,6241,徐晗,2025-06-19 15:19:21,0,0,0,分数给的很高
220827,2364,包爱民,2025-06-20 04:24:09,1,1,0,大脑与社会\n\n不要选这个课，纯sb，16节课，全都在输出自己的价值观，什么性别认同、安乐死、堕胎之类的，自己输出一套要求学生在讨论课上讨论，期末还要按照他的价值观回答问题。\n\n而且点名巨多，春学期每节课课前10分钟点名，下学期不定时点名，讨论课鼓励鹅颈。
220828,2364,包爱民,2025-06-20 04:24:26,1,1,0,绩杀，慎选，快跑
220832,9479,龚亮,2025-06-20 04:48:38,0,0,0,老师是好老师，课是💩课
220836,9058,沈宁,2025-06-20 05:22:20,5,5,0,还有半小时要考试了，先来给个差评
220910,611,李仲杰,2025-06-20 09:56:54,1,1,0,其实老师讲课讲的很好，不管是理论还是看标本，对于你找到的细胞和组织都会进行细致的讲解，会一对一指导你来找切片里面的细胞和组织。其次，对于这个学期来说，他们要布置那么多的作业和任务，取消了曾经有过的小组展示作业，每节课前也只是做一个简单的自查小测，但也不计入分数。可能有些人觉得老师说话的风格会有一点阴阳怪气，或者说有一点傲慢，但其实老师还是一个很负责，很耐心的老师（就是看钉钉频率比较低啦）对于问题他总能给出很专业的解答。以及调课时间也会遵循同学们的意见，虽然还没有出分，但是就上课体验来说还是非常棒的！真正能学到东西，真正能更好的掌握组培（尤其是和我的系解形成鲜明对比QaQ。
220928,6701,王芳芳,2025-06-20 11:06:31,0,0,0,非常好老师！人美心善~
220982,10139,王健博,2025-06-20 14:43:14,0,0,0,应该是老师的第一届学生，老师上课还是挺仔细认真的，而且对学生的指导也都很和气，虽然最后大化O的成绩不高，但主要还是平时实验报告没写好（这也是助教给分，没办法）总体而言是好老师
220999,3190,周婧,2025-06-20 15:31:17,0,0,0,周老师真的把无聊的系解课上得很有趣，知识点也都覆盖得比较全，老师很温柔也很好\n\n但是医学院能不能取消那些无聊又没有的讨论课了！！
221083,6550,张超,2025-06-21 07:51:02,0,0,0,女神老师，给分很好
221085,6650,钟近洁,2025-06-21 07:51:47,0,0,0,很有人格魅力的好老师，完全是女神级别的
221306,10358,杨章华,2025-06-23 00:17:50,0,0,0,中科大院校代码处打卡
221357,314,那仁满都拉,2025-06-23 04:20:50,0,0,0,放心选
221389,3482,陈莹莹,2025-06-23 07:17:45,0,0,0,同时上过陈莹莹老师的艺术体操和瑜伽课，莹莹老师温柔漂亮，这个学期上瑜伽课她居然还记得我的名字（距离上次上她的课已经又隔了一年多了），她真我哭！老师非常负责任，各种细节各种方面都能感受到吧。感谢老师一个学期以来的陪伴呀！
221400,6302,连虹,2025-06-23 08:27:27,1,1,0,连老师真的超级负责，课上会带着同学们很详细地看标本，PPT都是中文的，有些英文的图片上面也标了中文（复习的时候才发现连老师平时的PPT真的巨清楚而且条理很清晰，据我所知有一些班上老师的PPT是全英的），在最后考前连老师还整理出了一个复习提纲（真的超级清晰，尤其是胚胎学部分，详细而清晰，对照着复习真的效率很高）还记得连老师当时感冒嗓子哑了还在上课，超级敬业，而且连老师的讨论课氛围超级好，非常喜欢上连老师的讨论课。（虽然还是希望医学院取消讨论课）最后连老师还是一个声音超级好听的美女老师，简直是医学院为数不多的宝藏老师！\n\n最后希望连女神捞捞我的组胚！！（呜呜呜组胚期末出得也太难了）
221424,314,那仁满都拉,2025-06-23 10:26:59,0,0,0,上的上善若水课，老师讲课很有意思，缺点是会点名，但整体来说事很少，给分高，可以选！
221444,7828,隋梅花,2025-06-23 13:49:06,0,0,0,很好的老师，科研水平高，关心同学，热爱生活
221453,2364,包爱民,2025-06-23 16:25:02,0,0,0,大脑与社会：\n\n讲得好给分好，工作量在通核里还算正常。\n\n包老师讲的部分很有意思，能学到真知识而且教考不分离，总之来选来选。
221455,1556,王鑫慧,2025-06-23 17:49:55,0,0,0,小组展示做足了，小测也考好了，但最后给分超烂，慎选
221521,10657,邹玲,2025-06-24 07:54:56,1,1,0,给分还行
221709,9128,章琦,2025-06-25 10:43:23,4,4,0,体验感很差，不要选
221814,9128,章琦,2025-06-26 11:24:09,8,8,0,😅🙂👋
221819,9128,章琦,2025-06-26 12:28:53,4,4,0,学生 菜菜 该该
221830,9128,章琦,2025-06-26 14:34:59,2,2,0,c s
221848,3694,陈光弟,2025-06-27 01:17:52,0,0,0,给分依托
221851,611,李仲杰,2025-06-27 01:59:57,0,0,0,卡绩王
221859,3694,陈光弟,2025-06-27 02:53:49,0,0,0,枉为人师，不止是说上课的习惯问题，老师本人作风和对学生的态度非常有问题
222011,1416,沈晓红,2025-06-29 00:58:18,1,1,0,💩课，喜获最低绩点，虽然讲的不错，但给分真的💩
222047,1416,沈晓红,2025-06-29 07:19:40,0,0,0,社会心理学\n\n不点名，事少\n\n我的给分算中规中矩，但是鉴于平时基本不听课且事情不多，有这个分数我已经很满意了\n\n看评论区可能老师分差拉的比较大\n\n如果想听课的话老师讲的还是很好的
222057,1416,沈晓红,2025-06-29 08:47:33,1,1,0,给分一坨
