评论id,老师id,老师姓名,发表时间,点赞减去点踩数量,点赞量,点踩量,内容
21172,44,胡晓萍,2016-02-25 03:41:14,-1,0,1,萌萌的好人
21360,44,胡晓萍,2016-02-28 08:44:36,-1,0,1,对学生很好
83306,44,胡晓萍,2018-07-10 05:02:26,5,5,0,很虚伪的一个老师，强迫学生参加竞赛，还说很重要，其实什么用都没有，只是她自己的政绩。\n\n
124558,44,胡晓萍,2020-07-03 02:40:38,7,7,0,并不觉得老师有很多的专业知识 化工设计大部分内容都看我们自己 而且努力很久给分很差
124560,44,胡晓萍,2020-07-03 03:13:42,1,1,0,给分好低啊，而且跑流程花了那么多时间，有点不值，唉，(╯﹏╰）
138432,44,胡晓萍,2021-07-09 06:41:57,2,2,0,给分真的好差啊···千万不要真情实感去做竞赛，成绩和努力完全不成正比
138536,44,胡晓萍,2021-07-09 16:13:00,2,2,0,傻逼课程，不想参加省赛国赛建议混过完事，竞赛水平和课程成绩一点关系都没有
7437,61,于洪巍,2015-09-21 10:18:01,4,11,7,水水的
8466,61,于洪巍,2015-09-21 12:03:08,4,6,2,慎
8467,61,于洪巍,2015-09-21 12:03:18,4,8,4,上课不错 但江苏物化考生慎选（涉及专业知识较多）
8471,61,于洪巍,2015-11-02 12:27:32,1,6,5,虽然上课比较无聊，但是会讲重点，给分应该不错的
8917,61,于洪巍,2015-11-20 07:19:00,6,8,2,别选啊
9414,61,于洪巍,2015-10-26 11:56:08,1,5,4,比较无聊
10352,61,于洪巍,2016-12-28 06:51:25,1,5,4,认真学给分不错
10575,61,于洪巍,2015-11-20 05:09:37,-3,2,5,自主预习复习很重要，用心就好，老师人还是比较nice的
10582,61,于洪巍,2015-11-20 06:44:09,0,2,2,水水水
10597,61,于洪巍,2015-11-20 11:15:19,-4,5,9,上课水水就好，但平时的quiz一定要认真背，因为考试很多题都是平时quiz的题。老师还是挺好的，给分很良心。考前认真抄一下书，上4没问题。
10608,61,于洪巍,2018-01-10 10:55:10,6,17,11,上课比较枯燥，课堂纪律要求高。但是只要每次到场，quiz认真做，最后考试准备一下结果还是不错的
10899,61,于洪巍,2015-11-23 08:38:14,-6,4,10,老师认真的很好.挺幽默的.给分高.建议选
12550,61,于洪巍,2015-12-23 12:52:37,-4,4,8,老师很幽默，上课会以测试点名，期末半开卷考，不错
17082,61,于洪巍,2016-01-19 14:34:12,2,8,6,绝对差评
19230,61,于洪巍,2016-01-23 15:07:00,-5,2,7,老师人挺好的嗯
20967,61,于洪巍,2016-02-05 13:09:23,-3,4,7,课很水，给分不错
39978,61,于洪巍,2016-12-28 11:52:27,18,19,1,上课喜欢玩手机电脑的别选这课
41426,61,于洪巍,2017-01-13 05:06:56,3,4,1,給分極低  3.0\n\n
41876,61,于洪巍,2017-01-13 06:43:50,4,5,1,每次都去，写了密密麻麻的一张，感觉最后全都写对了，连4都没上，别选
41894,61,于洪巍,2017-01-13 07:32:53,12,17,5,就是一辣鸡。。大学见过最没有责任心的老师，没有之一。上课要求高，不让拿手机拍PPT内容，讲课真心无聊。应该是拿的给专业课同学的PPT给同学讲，好多PPT直接跳过。第一次上课人直接没去，说他不知道冬学期还有他的通识课。最后一次课也没来，真心不知道自己学了什么东西。期末考试愣是考出了高中练考题的感觉。。浙大怎么会有这样的老师，悲哀！
42110,61,于洪巍,2017-01-13 15:07:05,4,4,0,巨坑，给分很差，慎选
42566,61,于洪巍,2017-01-14 13:09:53,4,5,1,上课不能玩手机，手机都不能放桌上，不让拿手机拍PPT，又不把ppt给我们，ppt放的很快，完全来不及记，而且很多PPT直接跳过。第一次上课居然出差了？？？说不知道冬学期还有他的通识课，导致错过退选机会=皿=期末半开卷，可以带一张A4。上课没有非常认真听的话，会不知道什么是重点，感觉抄满一张纸也还有好多没顾及的，考试的选择题几乎都是猜的。。。慎选
43721,61,于洪巍,2017-01-17 01:19:16,2,2,0,。。。慎选，上课无聊，ppt翻得快来不及记，还不让用手机拍。如果你是医学或生物方面专业的，根本学不到什么新东西。
50258,61,于洪巍,2017-05-02 04:39:43,2,3,1,要求多，给分烂，完全看期末考，特能让人考不好。勿选！\n\n
50265,61,于洪巍,2017-05-02 05:12:12,3,3,0,这里文科生。感觉最后的考试基本上都是理论，多抄书。最后一点忠告：多刷往年题！虽然我最后只来得及刷了一张，但在选择题里起码碰到了7道原题。然而最后3.9，哭泣
50386,61,于洪巍,2017-05-02 14:28:51,2,2,0,文科生觉得是理科课，理科生觉得是文科课，试题道理明明是懂的，为什么不算对呢？往年题真的刷到不少，自己抄到书上的也不少，为什么还是那么拉绩点呢？老师作为研究者应该可以，但讲课真是生手啊。平时听与不听居然没差〒_〒
50482,61,于洪巍,2017-05-03 06:08:47,1,1,0,自习课
52311,61,于洪巍,2017-06-18 08:27:50,2,2,0,准备了很久，很多考到的都准备到了，还被正态了。呵呵。
53431,61,于洪巍,2017-06-26 15:00:22,1,1,0,平时课后抄一下知识交上去，最后考试可以带一张a4纸，课还可以
114429,61,于洪巍,2019-07-10 02:32:36,3,3,0,傻逼！
115556,61,于洪巍,2019-08-03 12:44:50,3,4,1,怎么会有这么傻逼的人
115586,61,于洪巍,2019-08-06 02:29:08,3,3,0,?️??????
115587,61,于洪巍,2019-08-06 02:34:54,2,2,0,自以为是 目空一切 好高骛远 不切实际
115613,61,于洪巍,2019-08-09 04:12:25,6,8,2,师德极低，素质极差。自我感觉极度优越，自以为是，脏话连篇，极不负责任心，真不明白这种人为什么会当浙大教授。如有质疑，和这个老师一起出去一趟就知道了。好好的出国交流这个老师带队毫无体验感，在我码字这段时间还在骂人呢。
115614,61,于洪巍,2019-08-09 04:15:39,3,4,1,一个傻逼，不负责任，但从不放过每一个骂人的机会。平时除了吹嘘自己就是贬低学生。
161145,61,于洪巍,2022-10-29 07:57:40,1,1,0,爹味很重，很自以为是，很喜欢批评人。大四了还布置大作业，要求模糊条件少，做下去是无底洞。
161208,61,于洪巍,2022-11-02 02:13:21,0,0,0,太傻逼了，简直不能更傻逼了。有什么渠道能举报他这么低的教学质量吗？太傻逼了
161245,61,于洪巍,2022-11-13 11:26:14,1,1,0,2学分的课程既要大作业又要半开卷，大作业要求糊里糊涂，最后展示的结果不好冲学生发火。总之就是非常自大且对课程不上心的老师。
175455,61,于洪巍,2023-06-25 04:14:35,0,0,0,太脑残了，这样的课居然还安排在大四必修，真的确认我润了的正确性。
405,101,徐国华,2015-03-15 01:58:34,17,18,1,速度适中，幽默风趣，清晰有条理，完全不想睡觉！
2090,101,徐国华,2015-04-01 09:13:09,0,2,2,深入浅出，解释的非常清楚
5920,101,徐国华,2015-07-10 02:32:24,2,2,0,老师讲课超棒！
5958,101,徐国华,2015-07-10 04:10:16,2,3,1,一个给分不好的好工程师
6041,101,徐国华,2015-07-10 12:16:42,2,2,0,思路非常清晰，声音也比较洪亮
15081,101,徐国华,2016-01-12 02:48:12,3,3,0,讲课非常棒 看得出是真心备过课的
18107,101,徐国华,2016-01-21 07:47:13,-5,3,8,我作业好好做，刷了一些题，最后满绩了。总之平时的作业没有那么重要，到要做。最后多刷点题。
31666,101,徐国华,2016-07-04 11:23:45,1,1,0,作为我的选修课，老师讲的很好。给分也不错
39646,101,徐国华,2016-12-26 12:05:38,9,9,0,他很欣赏谭天恩老教授哦
45091,101,徐国华,2017-01-19 03:13:42,5,5,0,老师很有修养，讲课也很清楚，好老师!
45120,101,徐国华,2017-01-19 04:01:42,3,3,0,如果给我个满绩就完美了
53225,101,徐国华,2017-06-26 08:26:33,3,4,1,大爱国华，讲课很棒人也超级好
53226,101,徐国华,2017-06-26 08:27:01,1,1,0,多的不说我只说他满分！
66576,101,徐国华,2018-01-17 10:56:10,3,3,0,真的好老师
94716,101,徐国华,2019-01-18 02:54:34,2,2,0,徐老师真的太好了！不仅讲课清楚！而且人超好！考试的时候还会轻轻和你说加油的那种！
131625,101,徐国华,2021-01-28 08:03:47,0,0,0,太好了，徐老师！
145811,101,徐国华,2022-01-02 14:48:56,0,0,0,条理清晰有热情，认真负责
148322,101,徐国华,2022-01-12 06:43:18,3,3,0,讲课讲得非常好。\n\n给分真的不行，可能也是课程本身就难（但是因为徐老师教的好，学起来是比较轻松的，主要考试会做不出，范围很广），也可能是老师比较求是。\n\n千万不要觉得化工原理这门课学起来简单就掉以轻心，考试真的需要准备得非常充分才行，据老师说总评平均分一般都只有75左右的。
148683,101,徐国华,2022-01-13 08:00:37,2,2,0,一位素质非常高的老师，讲课水平很高，对学生也很亲切，印象最深的是网课期间徐老师经常在群里喊“兄弟们起床啦！”/笑哭
154523,101,徐国华,2022-06-02 03:55:42,0,0,0,真的很负责的老师，很亲切
168561,101,徐国华,2023-02-19 12:05:17,0,1,1,老师讲课质量很高，人品也很好！
169805,101,徐国华,2023-02-28 03:09:46,1,1,0,给分是真的不行
172192,101,徐国华,2023-04-21 12:06:42,1,1,0,Elegant
187729,101,徐国华,2024-01-17 08:43:20,0,0,0,感谢！\n\n我会带着工程直觉继续前进的
33009,256,郑津洋,2016-09-10 04:55:36,1,3,2,讲的可以 毕竟所长 但是给分就呵呵吧
124033,270,施耀,2020-06-21 11:55:47,2,4,2,铁龙民
141080,270,施耀,2021-09-23 03:01:29,0,1,1,要睡着了
50787,277,任其龙,2017-05-05 10:54:16,1,4,3,别选，退掉，一定要退掉，血和泪的教训！！！！！！！！
128380,277,任其龙,2020-12-22 02:40:41,-2,1,3,2019年11月，扎根学校40余载，“土生土长”的浙大教授任其龙当选中国工程院院士。“发扬求是精神和老化工优良传统，振兴浙大化工，我们这代人是有责任的，要争口气。”肩负期盼，潜心钻研，任其龙院士取得了令人瞩目的成就。\n\n而在做好学术科研的同时，加强人才引育、团队建设等，也是任其龙院士时刻挂在心上的问题。“就工科而言，做好团队建设尤为重要，要老中青结合，重视‘传帮带’，不然年轻人无法获得充分成长，工程也没法做好。”在2009至2017年任化工学院院长的八年间，任其龙尽心尽力，竭尽所能进一步发展学科，优化学院人才生态。而今，学院当时引进的如陆盈盈、柏浩等年轻一代逐渐开始成为活力四射的创新生力军。\n\nhttps://mp.weixin.qq.com/s/5tkBq97UBGba5HHIFnffhQ
139732,310,张才亮,2021-07-22 05:22:00,5,7,2,生产实习千万不要去镇海炼化
184472,312,王成习,2023-12-20 10:27:24,0,0,0,老师讲的内容很清晰，容易理解，给分也很好
8631,404,吴坚平,2015-09-23 11:19:01,16,28,12,上课很好。
9943,404,吴坚平,2015-11-13 04:18:52,0,5,5,超棒的
9957,404,吴坚平,2015-11-13 08:18:16,3,8,5,特别好
10730,404,吴坚平,2015-11-23 03:39:06,5,15,10,讲课很认真，能学到不少东西。事儿真的算少的了，就一篇论文。给分么，看考试了，认真学没问题的
10744,404,吴坚平,2015-11-23 04:08:43,-1,3,4,老师上课很好哦！
10745,404,吴坚平,2015-11-23 04:12:50,2,5,3,认真听，有收获，只是没绩点。。。。
10750,404,吴坚平,2015-11-23 04:20:20,2,8,6,知识渊博的老师 课很好 考试要认真准备 准备的好成绩不会低 准备不好就...
10779,404,吴坚平,2015-11-23 05:10:03,1,4,3,课堂小测验，老师不错
10904,404,吴坚平,2015-11-23 08:50:34,2,4,2,没绩点\n\n
11143,404,吴坚平,2015-11-24 14:49:08,2,5,3,好吧！不错
11318,404,吴坚平,2015-11-27 01:23:37,1,5,4,老师上课上的很好，就是考试有点难度，绩点不是太好
11413,404,吴坚平,2015-11-30 13:57:15,4,7,3,人好可爱，，准时下课，
11558,404,吴坚平,2015-12-05 05:00:28,2,4,2,给分坑
11832,404,吴坚平,2015-12-17 02:55:05,-1,2,3,没话说
12593,404,吴坚平,2015-12-23 14:36:52,0,4,4,老师上课很棒，不过考试不能水水过。
13076,404,吴坚平,2015-12-24 17:34:20,-1,3,4,讲课是瀑布式的，虽然很认真，但是感觉有点无趣。老师很负责，不过最后给分不好看。个人觉得收获不大……可能自己没用心吧（导论课……
13082,404,吴坚平,2015-12-24 21:16:28,4,5,1,一直在讲。考试略坑\n\n
13634,404,吴坚平,2015-12-30 07:24:22,2,5,3,给分不好。超级坑。课程量大。
13689,404,吴坚平,2015-12-30 10:48:08,4,7,3,课～乏味\n\n人～很好\n\n考试～1张a4纸～高中状态……\n\n绩点～坑！！！
15301,404,吴坚平,2016-01-13 12:39:59,0,2,2,老师绝对不水，就是东西略多，还要写小论文，想水水的同学不要选，因为hh写了三天的A4纸。考试略坑，没有准备的就不要选为妙。
15501,404,吴坚平,2016-01-15 02:08:10,-7,1,8,认真应付的话得分还好，我是4.30。平时讲课倒是呵呵
16781,404,吴坚平,2016-01-19 02:56:06,0,2,2,考试有点难，上课东西太多不好记
20808,404,吴坚平,2019-11-08 13:43:37,8,19,11,老师上课内容很多，都是干货，给的绩点听说相比别的生工导老师较低，还多一篇小论文，但现在才发觉学到了很多，老师也很负责，成绩下来还在群里分析我们的卷子。
33210,404,吴坚平,2017-01-18 06:09:47,0,1,1,只要论文好好写，格式标准点，内容认真点。然后期末前两天认真过一遍ppt和书。拿高分还是可以的。
33906,404,吴坚平,2016-09-22 11:56:26,0,1,1,上课内容很多 考试要准备比较久 不好好准备分很低
39979,404,吴坚平,2017-01-17 08:56:43,3,5,2,可以学到很多知识，很负责，如果好好学，一定能拿高分，如果不好好学，一定能挂科！！！
43572,404,吴坚平,2017-01-16 14:33:37,-4,3,7,垃圾老师，给分极低，考试及麻烦，我辛苦一学期，结果.....呵呵
43675,404,吴坚平,2017-01-16 22:07:11,0,3,3,自己得努力准备考试才行。像我好好准备了两天+高中基础=4.2
43737,404,吴坚平,2017-01-17 01:59:22,0,3,3,怎么说呢，主要事情就是一篇3000字论文和期末考吧。有过三次课堂小测，直接可以翻书的，只是变相点名罢了。在这门课上我一共就花了两个下午，一个下午写论文，一个下午抄A4纸准备考试，平时上课基本做其他事，然后拿了3.9。个人感觉差不多了。A4好好抄，多花点时间应该也能上4。自己衡量一下吧~
47089,404,吴坚平,2017-01-23 15:57:13,0,2,2,还算可以吧
47480,404,吴坚平,2017-01-27 16:52:09,0,1,1,老师真的很好，能学到很多，但不能水。具体就和别的评论差不多。
47822,404,吴坚平,2017-02-25 17:45:38,1,5,4,很棒的老师啊！超准点下课，每次都能把时间掐的刚刚好！真功夫！上课讲的内容很多，很多时候能吸引住注意力的～三次小测【其实是点名没错也是期末考提前哈哈哈！划重点】小论文题目不难写认真写总不会错～感觉老师很认真当时还特地回复了邮件回答我的询问！考前有划重点【个人整理了ppt内容感觉考试时就差不多了，基本都能在小抄上找到答案】考试半开卷，就是带张小抄啦～认真对待真的考试的时候得心应手酷到没朋友！上4没问题！
61465,404,吴坚平,2017-11-17 12:44:06,3,5,2,期末考试真的疯，文科生慎入，血泪的教训，比微积分还崩人
62038,404,吴坚平,2017-11-22 08:35:07,2,3,1,老师讲课还是不错的，人也很逗，如上述，半开卷考试，只能带张A4纸，不过考前会画重点的，虽然最终绩点得的不高，但是还是很感谢吴老师，
62039,404,吴坚平,2017-11-22 08:38:47,-1,0,1,吴老师的课当然是不能水的，但也没有多累。只要上课没有一直在干别的事，考前把ppt过一遍，把那张纸填满，绩点不会低。
62041,404,吴坚平,2017-11-22 08:51:41,0,1,1,老师上课很耐心，人好，但是作业要好好写，不然分可能会有点低哦。
62042,404,吴坚平,2017-11-22 08:52:23,-1,1,2,老师知识储备还是很丰富的，给分好好准备你的a4纸一定是可以的。
62043,404,吴坚平,2017-11-22 08:56:03,0,3,3,老师人很好的。生工导这门课建议高中生物学过生物工程或者是多这方面很感兴趣的来选，不感兴趣慎选。上课多做笔记，不要水，期末也会比较轻松的。最后考试可以带一张写小抄纸进去，期末有一篇3000字的学术论文(论文可能比较难写)，平时认真学最后肯定不会失望的。重要的是平时课堂啊，一定认真听做笔记，考试内容都是讲过的，全留到期末真的会很累，而且很容易有遗漏的知识复习不到的。我绩点是4.5吧，觉得努力没有白费吧。
62045,404,吴坚平,2017-11-22 08:55:21,0,1,1,讲的很快，但是很有收获，老师人很好
62047,404,吴坚平,2017-11-22 09:03:13,0,1,1,我觉得怎么说呢，平时基本不用听课，但是要到课，会有不定期点名，然后考试前要准备一张A4纸，上面可以写，其他书不能带，只能说考试前挺累的，平时基本没事情，一篇3000论文
62048,404,吴坚平,2017-11-22 09:04:38,-4,2,6,其实还好啦，虽然上课都没听但是期末认真复习基本上90+是可以轻松拿的吧（我认真的\n\n）\n\n
62058,404,吴坚平,2017-11-22 10:05:10,0,0,0,不要妄想有段子。。。老师认真（当然学生也得认真）
62083,404,吴坚平,2017-11-22 10:55:31,1,1,0,谢谢老师给文科生选k类的勇气，老师超棒
62084,404,吴坚平,2017-11-22 10:57:38,0,1,1,上课讲的挺多的，不过我一般都是水的。只要论文好好写。期末考试前好好准备还是很容易拿个好分数的。
62459,404,吴坚平,2017-11-25 10:15:19,-5,1,6,学过生物竞赛的就来吧！！！！稳稳地当水课上！??
63548,404,吴坚平,2017-12-06 12:08:42,-10,1,11,人生第一门满绩啦啦啦\n\n好好准备一定行，建议别在冬学期和夏学期选
67983,404,吴坚平,2018-01-22 12:15:11,1,2,1,老师上课满满的干货！如果好好学真的能学到很多！可惜自己没有好好学，最后绩点不怎么样，发邮件问老师的时候老师特意把试卷找出来给我分析了一下，还鼓励我好好学习。真的是很赞哦老师！
69705,404,吴坚平,2018-01-25 08:41:29,2,3,1,期末考试极难
71118,404,吴坚平,2018-01-28 03:29:29,0,4,4,上课内容很多，高中没学过生物的同学不能不好好听课。我上课听得不怎么专心，靠着高中底子和期末复习拿了4.8，如果好好听了说不定能满绩。
89661,404,吴坚平,2018-11-20 07:08:25,0,3,3,事多給分差，作为一门通识课，要求太高
89717,404,吴坚平,2018-11-20 11:44:05,0,2,2,绩杀
89910,404,吴坚平,2018-11-21 08:09:28,0,1,1,分数给的是真的差，通识最低分get
90055,404,吴坚平,2018-11-22 03:36:10,-2,1,3,绩杀的猝不及防
90058,404,吴坚平,2018-12-26 16:23:16,1,4,3,生物工程导论，燃起了我对生物的希望。不怕大家笑话，我高考生物只是选择题就错了2个，而生物工程导论满绩，这门学科真神了，真神了！
96681,404,吴坚平,2019-01-21 09:01:30,-2,2,4,给分巨他妈烂，我一个理科生3.6，大家选课请慎重
98129,404,吴坚平,2019-01-23 05:53:40,5,7,2,绩杀！所有课中最低绩点
114058,404,吴坚平,2019-07-08 14:35:31,-10,2,12,对于我这种均绩只有4.5x的差生，一个3.3的生物工程导论实在让我雪上加霜，我哭了，你们呢？
122608,404,吴坚平,2020-03-07 11:42:26,1,2,1,老师上课是真的无聊，还是长学期的课，真的难受，至少对于我这种对生物工程没什么兴趣的人，准备的那次展示也晕乎乎的，不过展示可以水。最后期末考试半开卷，真是吃力不讨好，抄满A4正反两面，还是有很多要点遗漏。绩杀。
123725,404,吴坚平,2020-06-13 03:02:45,2,3,1,生物工程导论是真的无聊，一个长学期下来是真的难受，一个展示挺水，最后半开卷是真的坑，绩杀
126480,404,吴坚平,2020-09-28 04:02:57,-2,1,3,老师上课干货很多！\n\n
130248,404,吴坚平,2021-01-20 07:20:06,-1,3,4,太难了，绩点杀手
131513,404,吴坚平,2021-01-28 00:10:28,1,4,3,孩子被绩杀了...课是好课，老师是好老师，但是给分比较emmm，对学生要求比较高...最后唯一一门3.3 本就差得要命的绩点雪上加霜 慎选
131560,404,吴坚平,2021-01-28 04:28:31,6,7,1,吴老师人很好，可以看得出备课很用心，QQ上问问题也会秒回。老师给分还是蛮不错的，期末虽然带的A4纸没怎么用上，选择题基本靠猜，最后还是有4.2的绩点，很满意了。如果对生物工程导论感兴趣的同学选这门课还是很不错的！
134175,404,吴坚平,2021-03-18 02:50:03,-1,2,3,课很好老师很好 课时少
207654,404,吴坚平,2024-12-23 13:00:20,-5,0,5,满满的干货，老师人很好
212284,404,吴坚平,2025-01-14 03:21:10,3,5,2,啥笔老师，啥笔生物工程导论，一门通识课要求高到天上去了，兢兢业业学了一学期，半开卷A4纸花了最大的努力准备，期末考试按照复习计划游刃有余，结果出分创历史最低。这B课千万别选，什么垃圾玩意。另外：给分极其不透明，而且PPT展示要求极高，同学互评都狠狠压分。各位自重，长学期的课一个班二十来个人不是没有原因的。
214472,404,吴坚平,2025-02-06 18:15:16,3,3,0,这门课有一种平时水乎乎，考试要命，给分随意看天的美感。追求GPA请直接划过，追求有趣建议高中选考生物的划过（拓展并不多缺乏价值，长学期枯燥无味），文科生擅长pre（学生互评互相随意压分占比很大）的可以试试（要求有一定生物基础）。以上有不合适会让你这门课体验极差。综上不建议选。
2339,677,叶向群,2015-04-23 13:23:25,13,13,0,当她抡起扳手站上桌子修法兰的时候就瞬间脑残粉。。如此风尘仆仆的工科女老师！
144714,677,叶向群,2021-12-23 09:33:54,0,0,0,挺好的老师
145868,677,叶向群,2022-01-03 12:51:20,2,2,0,叶老师年轻时一定是个叱咤风云的大美女！！！
146042,677,叶向群,2022-01-05 07:55:48,0,0,0,老师实验讲的很好，在不完全了解实验原理的基础上也能对实验产生基本认知，在没有预习的基础上也能顺利实验。老师人也很好
174091,677,叶向群,2023-06-06 07:29:20,1,1,0,化工原理及实验课，化学系的专业选修。实验课流体部分是叶老师负责，总体来说讲的很好，对化工过程的外行非常友好。
184474,677,叶向群,2023-12-20 10:25:58,0,0,0,赞赞赞
39455,683,林建平,2016-12-23 01:51:49,0,1,1,很好好
58905,683,林建平,2017-09-18 11:57:57,0,1,1,全是废话
218396,683,林建平,2025-04-23 06:57:49,0,0,0,全是废话
28349,768,郑水英,2016-06-28 08:38:26,-1,0,1,大四的课，不点名，也没去上课，最后给大家都70…大爷的
965,807,吴绵斌,2015-03-19 14:40:49,-2,4,6,内容比较多，课上不停讲，有一次小组展示，点了一次名，貌似还记录了来了但没好好听课的，考试很简单
5987,807,吴绵斌,2015-07-10 06:36:33,2,3,1,爽歪歪
6413,807,吴绵斌,2015-07-13 23:49:08,14,20,6,给分极低
9958,807,吴绵斌,2015-11-13 08:35:58,2,4,2,总之不要选，卷面成绩就是你的真实成绩……\n\n
13880,807,吴绵斌,2016-01-01 13:28:56,-5,9,14,不能更坑，卷面给分严，还基本上考多少给多少。就是这门课，毁了我的一奖，差两名的感觉真是不能更心痛。我会永远记得这门课的，惨痛的教训。
59570,807,吴绵斌,2017-09-23 05:55:24,1,1,0,一般般
72677,807,吴绵斌,2018-01-31 00:24:09,5,6,1,课讲得确实不好，给分确实不好。不要以为你是生物工程专业或是生物竞赛拿奖这门课就能学好......哎～
72706,807,吴绵斌,2018-01-31 02:27:18,0,1,1,真的不想说什么了，呵呵
72936,807,吴绵斌,2018-01-31 11:46:55,1,1,0,就很难过，认真的做了展示莫名其妙被怼，说我这组讲的太慢占了其他组时间，直接赶我们下台!!!!明明才五分钟!!!其他组二十几分钟你咋不说你!!!!给分极低
123657,807,吴绵斌,2020-06-11 07:33:09,4,6,2,2019-2020秋冬选的他的课，当时班里才不到15个人，因此我们每个人都有一次展示机会，第一节课就给选题，我选了最后一次课讲的“合成生物学”方面的。因为学过生物竞赛，所以上课一直划水，但是展示我有好好做。做PPT之前大概看了五十来篇文献吧，截了三十来张图，准备的还是很用心的。自认为我合成生物学那块讲得比老师好（bushi）。最后一节课有押题和划重点，这个老师本人是比较提倡开卷的，结果当时另一个老师非要闭卷，最后折中了一下半开卷。试题很简单，好好准备的话半个小时就能交卷，最后满绩。\n\n看前面说试卷的成绩就是最后成绩，感觉确实有可能。之前我本来一直以为老师是因为我比较努力才给我满绩的，结果我发现我发过去的ppt他根本都没打开看aaaaaa！气死我了。勉强给个8分，推荐有基础的可以试试，超级水课+好课。
129069,807,吴绵斌,2020-12-29 12:28:07,0,0,0,水穿了
130271,807,吴绵斌,2021-01-20 11:52:56,4,5,1,期末考试前最后一次课会给你疯狂泄题，基本上每道题都会说，关键看你那节课听没听了。考试基本上提前七八十分钟交卷，考试挺简单的。绩点还没有出来，不好说。平时有一次展示，其他没什么事，想水也没关系，上课老师也不怎么管你。老师挺和蔼可亲的。听课对增长见闻有点用吧，感觉挺不错的。希望不要绩杀吧。
130856,807,吴绵斌,2021-01-25 04:04:59,1,1,0,考试简单
131361,807,吴绵斌,2021-01-27 07:53:45,2,2,0,上课很水，作业很少很少，老师虽然上课很无聊……但老师人很好，非常和蔼，考前基本就给你把题讲完了然后考试半开卷基本大家都能做，不歧视没学过生物的同学，学过生物的就当简单回顾叭。
131362,807,吴绵斌,2021-01-27 07:54:28,2,2,0,水课必选   轻松是真的轻松
131364,807,吴绵斌,2021-01-27 08:07:27,1,1,0,生物工程导论，课简单，给分好，上课很舒服，强推
132950,807,吴绵斌,2021-02-05 10:14:06,0,0,0,课很水，没作业，一次展示，考试简单，但绩点比我想象的低。期末考半开卷，最后一节课题目全讲过，我觉得我卷面成绩接近满分，最后绩点没上4
23722,812,尹金荣,2016-04-13 13:51:34,7,10,3,如此粗暴。。
23990,812,尹金荣,2016-04-24 11:07:26,8,11,3,点名简直丧心病狂
25614,812,尹金荣,2016-05-29 10:24:50,10,10,0,此公雅好点名
25616,812,尹金荣,2016-06-27 04:06:56,4,6,2,不是很好吧。。
29882,812,尹金荣,2017-10-29 10:21:26,5,11,6,该说工科的老师普通话和讲课水平真的完全不吸引文科生吗？最关键的是，不就两次缺席吗？尽然只给我70多分的成绩，我可是把大题和时事都背下来了好吗！还做了一次展示呢！太对不起我了！
31413,812,尹金荣,2016-07-04 01:28:49,9,10,1,无聊到爆炸，给分还差，老点名
52977,812,尹金荣,2017-06-24 14:45:41,-10,1,11,助教超好，女神
52999,812,尹金荣,2017-07-01 08:05:08,2,4,2,老师真的是……感觉没怎么来上课啊，全靠助教和同学展示，念在我大化工的份上给高点吧，起码期末没下三
53000,812,尹金荣,2017-06-24 15:08:31,1,7,6,她会到你的座位上打你\n\n助教好不到哪里去，什么狗屁女神
53806,812,尹金荣,2017-06-27 15:33:09,1,3,2,还好吧……
59124,812,尹金荣,2017-09-20 00:21:52,3,3,0,呵呵呵\n\n
62700,812,尹金荣,2017-11-26 12:53:56,-1,1,2,这一分是给漂亮的助教小姐姐的
88407,812,尹金荣,2018-10-30 08:15:01,2,3,1,woc还要交纸质稿\n\n一股形式主义风气\n\nddl这么早要我们死啊
92141,812,尹金荣,2018-12-26 15:40:24,0,0,0,
101714,812,尹金荣,2019-01-29 02:13:19,2,2,0,这老师评分还有4+，假的吧
103983,812,尹金荣,2019-03-25 05:14:58,-2,1,3,还好吧挺好的
109000,812,尹金荣,2019-06-05 07:56:20,4,4,0,选到就退了吧 一学分的课非得要求你投入多大的精力 何况我觉得你想让学生付出多自己也得有付出吧 时不时就是让助教来上课自己不露脸
112261,812,尹金荣,2019-07-04 00:26:03,0,0,0,没听过课 不知道听课什么感觉
121488,812,尹金荣,2019-12-15 10:30:46,0,0,0,屎一般的
68385,879,潘鹏举,2018-01-23 05:54:42,0,4,4,嗯
94758,879,潘鹏举,2019-01-18 05:19:08,2,3,1,有点口音
189887,879,潘鹏举,2024-02-01 06:24:24,2,2,0,上的必修科技论文与写作，属实是很不喜欢这位老师“歌颂苦难”的论调。。。半个学期熬熬就过去了（😛
198160,879,潘鹏举,2024-09-03 07:14:30,-1,1,2,不好评价
198352,879,潘鹏举,2024-09-07 17:18:58,0,1,1,不好评价，
34407,1119,朱明乔,2016-10-10 02:07:18,-4,1,5,这口音\n\n。。。。。
38057,1119,朱明乔,2017-01-16 09:52:03,0,2,2,老师上课真的不怎么样，给分还可以
68393,1119,朱明乔,2018-01-23 06:16:07,13,17,4,老师人特别好！给分也很好～上课的时候口头禅是“嗷”，听了一个学期就习惯了
68715,1119,朱明乔,2018-01-23 15:56:35,0,2,2,老师人很和善 分也好
74583,1119,朱明乔,2018-03-04 03:47:31,-1,1,2,老师很和善 给分超好
76676,1119,朱明乔,2018-04-18 04:10:47,0,2,2,老师人非常非常好，给分超级好，讲课倒是真心一般但是人是真的和善，平时分超级高
88790,1119,朱明乔,2018-11-08 05:33:06,-1,2,3,讲的贼好，逻辑清晰，PPT清楚，人也好，就是口音有点搞笑，嗷~不过习惯就行啦
92655,1119,朱明乔,2019-01-03 10:49:33,2,2,0,嗷嗷嗷
94440,1119,朱明乔,2019-01-16 12:51:42,0,0,0,老师人真的太好了 分数是因为我太菜了?
95151,1119,朱明乔,2019-01-19 01:59:20,5,5,0,嗷呜～这位同学问题（读答案）回答（读）得非常棒?
96845,1119,朱明乔,2019-01-21 10:33:19,-3,0,3,期末考试传热大题考的我就不说什么了，故意恶心人？
116630,1119,朱明乔,2019-09-12 05:58:38,2,3,1,上课＝训练听力\n\n嗷嗷嗷～
126993,1119,朱明乔,2020-11-02 02:59:06,0,0,0,美滋滋
128506,1119,朱明乔,2020-12-23 11:47:08,1,1,0,其他不知道，当班主任不错
139630,1119,朱明乔,2021-07-18 13:36:01,0,0,0,老师非常好！！
144310,1119,朱明乔,2021-12-21 05:28:14,0,0,0,老师非常好当班主任也很好，对留学生也很好
154559,1119,朱明乔,2022-06-02 06:26:51,0,0,0,老师非常好
162058,1119,朱明乔,2022-11-16 11:24:55,0,0,0,老师非常好
170868,1119,朱明乔,2023-03-10 19:20:59,0,0,0,老师非常好
181195,1119,朱明乔,2023-10-11 08:46:30,2,2,0,嗷~~
194426,1119,朱明乔,2024-06-24 01:03:04,0,0,0,嗷呜~~~~小骆同学 小李同学 看来掌握的不错
29008,1228,关怡新,2016-06-29 06:17:07,0,0,0,老师真的很好！
51169,1228,关怡新,2017-05-22 06:25:32,0,0,0,课上的很嗨，很细心，最负责的老师了
15267,1230,俞迪虎,2016-01-13 05:51:51,-2,1,3,很喜欢的一个老师
43310,1230,俞迪虎,2017-01-16 06:29:51,2,3,1,不好。
47623,1230,俞迪虎,2017-02-08 15:45:51,4,4,0,上看给看英文视频，大家都看的懵逼。平时分给的超低！
146197,1330,王晓钟,2022-01-05 20:42:51,1,1,0,很认真很严谨的老师
162723,1330,王晓钟,2022-12-05 07:45:13,1,1,0,很和蔼可亲的一位老师，有亲和力，知识面广，待人诚恳
58105,1346,介素云,2017-07-31 06:02:13,0,0,0,老师超级好
79737,1346,介素云,2018-06-13 06:58:27,0,0,0,老师超级温柔啦
144015,1346,介素云,2021-12-16 02:19:20,0,0,0,老师很温柔
195717,1346,介素云,2024-06-29 17:36:40,1,1,0,介妈，神！
87074,1401,陈纪忠,2018-09-20 07:00:20,0,0,0,wudi
31945,1404,刘宝庆,2016-07-05 08:12:52,-3,0,3,课件放小视频的老师
1619,1446,杨立荣,2015-03-23 02:15:20,0,2,2,给分呵呵哒
117928,1465,陈圣福,2019-10-12 13:34:47,5,5,0,棒棒哒！打万智真的很欢乐
120231,1465,陈圣福,2019-11-24 10:54:45,5,5,0,棒棒哒!
138704,1465,陈圣福,2021-07-10 12:19:32,1,1,0,妙啊，打万智
149875,1465,陈圣福,2022-01-17 12:09:08,0,0,0,万智牌，好
158577,1465,陈圣福,2022-06-30 10:04:29,0,0,0,万智牌那是真的好玩
302,1496,窦梅,2015-03-15 00:34:50,20,25,5,讲课仔细 资深 原意与学生交流 好老师
1067,1496,窦梅,2015-03-21 16:04:06,6,7,1,超级喜欢哦。循循善诱
2738,1496,窦梅,2015-05-06 13:14:04,6,6,0,太喜欢啦～一门能真正学到知识的课
4290,1496,窦梅,2015-06-18 15:08:24,2,2,0,好老师！
5866,1496,窦梅,2015-07-09 15:54:44,7,7,0,窦阿姨绝对好老师～感觉非常熟悉教学内容，问问题答的很准～
5929,1496,窦梅,2015-07-10 02:53:49,1,1,0,老师讲得超好，人也特别好，大赞\n\n
7649,1496,窦梅,2015-09-15 07:32:11,0,1,1,老师人很好~讲课也很不错
13855,1496,窦梅,2016-01-01 10:33:07,0,0,0,不错的
25663,1496,窦梅,2016-05-31 14:58:08,2,2,0,讲的很认真通透，我一般不听课都自学但她的课我从来不溜号
26428,1496,窦梅,2016-06-18 11:35:55,1,1,0,好好好
36532,1496,窦梅,2016-11-14 15:41:40,1,1,0,炒鸡棒棒棒棒棒！！！
37740,1496,窦梅,2016-11-20 14:01:15,0,0,0,开心呐，遇到这个专业老师，真心幸运。
56143,1496,窦梅,2017-07-03 06:47:13,0,0,0,老师挺好的
79369,1496,窦梅,2018-06-01 03:51:41,1,3,2,热烈祝贺你们碰上史上最坑比助教\n\nxxx骂他都对不起汉字\n\n写的再对，能得分算我输
107330,1496,窦梅,2019-05-04 02:33:47,-5,3,8,经常点名 由于对课程整体把握能力不足频繁拖堂 最后一次小测在接近下课时才开始 时间严重不足 大作业用词含糊不清 最后课都快讲不完了所以也没有习题课 加分题目要求巨高 非大佬慎选（利益相关：3.9的弱鸡）
108407,1496,窦梅,2019-05-23 04:41:16,1,1,0,超级喜欢窦妈了 认认真真的讲课
114163,1496,窦梅,2019-07-09 02:07:24,5,5,0,听过其他老师的课，窦妈超厉害，课本上错误一个不放过，讲东西很透彻，不会的题能一针见血地给你讲明白。而且她还会陪我们聊人生教做人，真的超级可爱。虽然上课点名压力有点大，大作业也做得不好，但是最后绩点居然4.5了
125308,1496,窦梅,2020-09-06 06:23:16,0,0,0,很认真严谨的一位老师，PPT做得超级棒，课上得很细，知识体系很完整，但是mooc题目会有点刁钻。期末考核比平时的题目会简单一点，但还是得注意细节和记公式。
35845,1519,宣海军,2016-11-10 08:29:19,0,4,4,研究生导师，千万不要选他
104710,1520,张志新,2019-03-26 09:56:12,0,0,0,没啥体验
94936,1555,单岩,2019-01-18 13:13:40,0,0,0,就凭和我们高中班主任重名……必须10分
6427,1603,张安运,2015-07-14 02:18:14,6,12,6,老师很厉害，不过这门课可能会比较麻烦
11758,1603,张安运,2015-12-14 07:22:58,3,8,5,老师很厉害，上课认真负责的。能够学到很多东西
14363,1603,张安运,2016-01-06 13:38:20,3,6,3,能学到很多东西，当班长或组长还是有锻炼作用的。老师特别厉害。
14364,1603,张安运,2016-01-06 13:40:16,2,5,3,有点麻烦，但是还是不错的！！
16099,1603,张安运,2016-01-17 07:54:09,5,10,5,老师很负责，也很厉害，虽然每节课都要做ppt，但认真参与的话还是能学到很多东西的。
18798,1603,张安运,2016-01-22 14:27:28,1,7,6,课上内容很丰富，老师会拓展很多东西，就是每次都做ppt有点累
20063,1603,张安运,2016-01-26 04:04:35,-1,5,6,优秀的老师，有收获的研讨课，文科生也可以学的很好
23620,1603,张安运,2018-11-16 09:03:45,4,8,4,很棒的老师，能够学到很多东西，不过如果老师能够多讲一点就好了，毕竟每个星期做PPT还讨论确实有点累的～
24347,1603,张安运,2016-04-29 16:49:08,2,5,3,老师真的很棒，懂得好多
24897,1603,张安运,2016-05-04 09:04:23,1,4,3,老师很好，课也很好，能学到很多。让我对核能产生了浓厚的兴趣！
24926,1603,张安运,2016-05-04 10:52:16,1,3,2,很棒的，提了很多有用的建议，老师人也很好，很喜爱学生～～
24949,1603,张安运,2016-05-04 12:00:45,1,4,3,非常好的老师，这门课真的能学到很多东西，不像别的通识真的就只是混学分，我受益很多，很感谢老师给我讲了这么多的核知识，谢谢！
25014,1603,张安运,2016-06-29 08:33:14,5,9,4,我了个擦
25754,1603,张安运,2016-06-06 12:48:14,0,4,4,拖课 不能忍\n\n脾气还是好的
33355,1603,张安运,2016-09-18 23:52:30,-1,3,4,专业知识强劲！强推！
41138,1603,张安运,2017-01-09 11:55:02,1,3,2,新生研讨课的典范！！！
41303,1603,张安运,2017-01-10 12:58:11,15,22,7,同学这个问题是提的(非常)很(真)好～～
41333,1603,张安运,2017-01-14 08:29:35,2,4,2,听老师讲课的时候感觉很舒服
45899,1603,张安运,2017-02-28 09:15:47,8,10,2,事情很多，给分不好
45925,1603,张安运,2017-01-20 09:12:34,18,23,5,上课几乎未开小差分数倒数
46509,1603,张安运,2017-01-22 01:31:50,2,5,3,这个课绝对不能水，不然保证倒数，认真做很容易90+
50624,1603,张安运,2017-05-04 02:24:03,1,4,3,老师很有学者的气质，认真上课有收获
50631,1603,张安运,2017-05-04 02:43:20,2,5,3,很好的老师，课程很有内容，就是每周一个PPT有点麻烦，虽然没到均绩，但我认为是我自己的原因。推荐选。
51399,1603,张安运,2017-06-05 00:55:58,9,14,5,老师只讲两节课，另外六节都是同学们做ppt展示，每个人都要做六个ppt，知识基本都是从做ppt过程中学到，课堂上没什么有用的。我选这门课主要是对这个感兴趣，就当督促自己学点相关知识。不清楚评分规则，最后绩点3.0。
65708,1603,张安运,2018-01-08 10:50:39,1,4,3,千万别去。。。
66608,1603,张安运,2018-01-17 13:10:48,1,2,1,虽说老师讲的不多，但还是能学到不少东西，老师很儒雅，“同学这个问题问的是非常的好”hhh
72469,1603,张安运,2018-01-30 07:33:03,9,14,5,【课程相关】8节课有6节是我们展示，每周一个PPT，确实累了些。但老师会在我们展示时进行拓展，有很多专业知识，而且老师讲课很有感觉，很吸引人。想着平时做PPT花了太多时间。。就给老师打9分吧。\n\n【建议】做PPT认真点，上课提问稍微积极些，演讲之前准备充分，要大方。总得来说，多劳多得。
72480,1603,张安运,2018-01-30 08:11:56,4,6,2,新生研讨课，力荐!是锻炼我们展示能力的好机会哇!老师很和蔼，经常鼓励我们，很喜欢叫我们“讨论讨论”。说的最多的是““非常的好””就是课程几乎由童鞋们的ppt组成，老师只讲了两堂课。。。\n\n最大的收获就是学会了自主学习、把完全不了解的知识搞懂再解释给别人听。只要ppt认真查资料认真准备，上课多多向同学们提问，分数肯定不低。上课可以水，听了张涨姿势也是很好的～
72905,1603,张安运,2018-01-31 09:54:46,3,4,1,六次展示做了三次，感觉自己认真准备了，给分真的  低   考试周之前还在认真准备展示，感觉真的对不起我的努力\n\n有人翘课，不做展示也没和我差多少，自己有那么差，感觉有点怀疑人生了
75177,1603,张安运,2018-03-08 01:28:34,0,0,0,身为组长，分数倒数。。。。。。。quq
77703,1603,张安运,2018-05-07 10:37:42,2,2,0,不水的新生研讨。。
77793,1603,张安运,2018-05-08 00:48:51,0,2,2,老师水平很高 人也很好。\n\n有的人会觉得连续6周每人做一个ppt展示会比较辛苦。只能说见仁见智吧。\n\n可以说这个过程如果你认真去做，收获绝对不会小。
80063,1603,张安运,2018-06-19 11:03:12,3,3,0,课后题问真的容易尬住 明明回答者答非所问，老师还要问一下提问者，回答者回答的怎么样，然后提问者说一声回答的蛮好的 然后大家鼓个掌 是真心尬
80272,1603,张安运,2018-06-24 03:17:35,-1,3,4,因为我们组人少（只有3人）所以每节课每个人都做了PPT上台展示了。\n\n本人是组长，上了六次课就展示了6次。\n\n每次准备的时间至少有3个小时。\n\n最后绩点4.8卡绩了。可能是因为中间有一节老师亲自讲的课请假了没来的原因。\n\n只能说你付出多少就会收获多少吧。\n\n老师是非常非常好的老师。\n\n很幸运能遇见。
85552,1603,张安运,2018-07-19 08:57:55,1,1,0,。。。
87591,1603,张安运,2018-10-08 03:36:17,3,3,0,多劳并不总等于多得！真切希望选课的同学三思而行，我当时也以为认真投入会有好结果。最后恶竟太严重，评分标准神奇。\n\n
89243,1603,张安运,2019-09-30 22:55:06,3,3,0,张老师认真负责，专业知识非常丰富，人也友善有趣，我爱张老师一辈子！
98681,1603,张安运,2019-01-23 19:45:10,7,7,0,老师人很好，认真负责，但是这门课奉劝你们别选
100422,1603,张安运,2019-01-26 06:00:00,0,1,1,老师人很好喔 谢谢老师吖
100458,1603,张安运,2019-03-15 10:17:49,6,8,2,先功利点说，老师给分很良心。学好这门课，多参与，积极主动就可以了。\n\n再谈谈我的感受吧，张老师有一种强烈的知识分子的家国情怀，在学习过程中自己会不由得产生一种自我与国家联系的感觉，这种感觉在上其他课的时候是很少会有的。上课主要是同学分享，干货有但不多，老师也会讲一些很前沿的东西，但是多半听不懂。不过还是很感谢老师了，毕竟我已经养成了有空去启真湖边看看钱老校长的习惯，以及把自己至于更宏大的视角来琢磨未来。
103336,1603,张安运,2019-02-27 10:48:36,1,1,0,为什么人都退选了？？？
107226,1603,张安运,2019-05-02 11:37:47,0,0,0,张老师人真的很好，能锻炼自己，两三周一次展示，想水的就别来吧
107303,1603,张安运,2019-05-03 09:13:42,-1,1,2,老师很负责
108780,1603,张安运,2019-06-02 03:52:19,2,7,5,本人曾是该课程班长，来此地吹一波这门课的收获。\n\n不功利一点:你能在课堂内外特别是课堂外学到许多关于核能方面的知识，能极大地开拓你的视野，学习结束后，认真点学习完课程就是准核专家(老师原话)\n\n功利一点:上这门课会学到很多有用的知识，包括但不限于查资料、整理编辑、PPT能力、审美、演讲、组织等方面，要是用心去完成课程任务，这绝对是比通核还要硬的通识课，对于新生、低年级本科生来讲是非常值得选的课。关于绩点，学校有正态规定，所以选这门课不要带着凑学分、提绩点的心态，重要的不是绩点，重要的是你在学习过程中到底收获了什么。\n\n祝大家学习愉快，收获多多！\n\n以上。
117700,1603,张安运,2019-09-29 07:17:43,0,0,0,挺好的，不亏。
120912,1603,张安运,2020-01-18 17:24:29,4,4,0,基本上全靠自己查资料，上课就是同学展示，老师自己总共讲过两节课，上课也没什么收获，给分也不好，我感觉我每次课都很用心去做了ppt，我也上台展示过，最后的论文要求3000字我写了6000多，最后绩点只有3.9，我觉得很不值
120935,1603,张安运,2020-01-20 00:46:30,8,9,1,给分辣鸡，建议别来，一门通识搞成这样
120954,1603,张安运,2020-01-19 01:58:50,5,5,0,核能战略前沿这门课其实还挺鹅颈的。每次的展示，课堂提问都要算分。老师身上有很强烈的家国情怀，是真的能让人感觉到自己和祖国的命运紧紧相关，并且除了那些核能的知识（尽管老师讲的大多数也听不懂），老师还会教很多处世的道理，会提醒我们PPT应该怎么做。但是就课程本身而言，8次课里6次是同学的展示，每次展示每人都要做一整份PPT，我们小组里要参与上台展示的还有额外的整理和补充任务要做，期末还有3k的论文，毫不夸大地说，花在这门通识上的时间比我花在线代上的时间还多。至于给分，我6次展示参加4次，基本上每节课都提问，期末论文6k+，拿到的绩点是目前为止所有课中最低的。总而言之，想要靠通识刷均绩的，千万不要碰这门课，用在这门课上付出的精力准备其他课，收益绝对会更大。除非是真的对核能有强烈兴趣或有大把空闲时间又想锤炼自己做PPT技巧的同学，否则一般不建议选这门课。
123559,1603,张安运,2020-06-10 03:12:10,1,1,0,赞同很多前楼的回答 · · · · · · \n\n老师会在开始上课时几乎逐一点名，在其后的课中可能偶尔点一下名，所以，要么次次去，要么和组员们互帮互助。\n\n\n\n8星期，8次课，开头结尾是老师讲，中间6次全是小组（而且是每人都要做）PPT，巨累 · · · · · · 说实话，这门课做PPT比普物普化实验还耗时 · · · · · · 所以除非你有较多时间/很强兴趣（了解核能），要慎重考虑。\n\n给分么 · · · · · · 2019年的这门课没期末考试，成绩占比是：平时PPT的作业分、上课时对其他小组提问（划重点！！！每节课都可提问，尽量给老师和组长留下印象，这样可能分数/绩点高，因为组长/副组长会记下你的PPT完成情况、提问发言次数，作为评分依据之一）、期末论文（可能有鹅颈，但只要平时多提问，能给老师、组长留下印象，就算别人论文1W+，你论文4K，你都可能满绩的，小组有人亲测！！）\n\n\n\n总之，上课可水可听，注意学监听课、老师点名，认真听的话还会有不少干货（核弹之类的），非常硬核 · · · · · · 相较一些其他通识课，这门课平时会很累的（捂脸）
123595,1603,张安运,2020-06-10 10:28:39,2,2,0,一门1.5学分通识课占用了非常多时间，每个星期都要做PPT，每节课都小组展示，分数一大部分是班长组长打，评分标准比较怪。一个组的一半人退课，建议不要选。
123753,1603,张安运,2020-06-13 14:02:13,3,3,0,老师学识渊博，但说实话我听不太懂，不是水课，作业比较多，论文一定要写好。本人上课没发言，PPT都交了，上台做了一次展示，不是组长，绩点4.8，原因应该只有期末论文了吧
132012,1603,张安运,2021-01-30 02:44:34,0,0,0,每周需要准备pre，学习量比较大，但认真准备收获还是很多的！老师给分很好
145900,1603,张安运,2022-01-04 02:56:46,0,0,0,老师人很温柔，也很忍耐（有个孩子之前网课忘关麦骂这课pre多大家都听到了但是老师啥也没说）其实pre的话大家一起做也不是很多，而且可以练习自己查资料的能力。结课的时候老师还给了小礼物，刚开始上课的时候就好多人退课了，幸好没有退。这门课感觉可好可差，跟学生的水平关系比较大我觉得，如果大家都不认真，做出来的东西就不好听，每个星期水水过去。但是如果大家认真，就会有氛围。毕竟这个主题还是十分宏大的。给了十分，虽然老师讲的不多，但是真的很和蔼。
164749,1603,张安运,2022-12-25 05:42:44,2,2,0,槽点无数：\n\n1、绪论课上说本门课的教学目标是提升大家的演讲能力……\n\n2、绪论课一节半的课用在选举课代表和小组长上？？？\n\n3、每周都展示真的把学生要逼疯的！！！（倒也不是每周哈哈，因为他有一周是自己讲的……）\n\n4、学生自己展示也就算了。老师也不承担个审核PPT的活，就让学生硬讲，讲的东西百度上都能查到，能学到个屁核能知识。\n\n5、PPt和演讲能力也没见得能通过这个课提升多少啊，毕竟不是专业的……\n\n总结：这老师的课时费太tm好赚了，建议V我50。
186110,1603,张安运,2024-01-08 12:13:43,0,0,0,事多分低，经常拖课，给分迷离，快逃！！！
189694,1603,张安运,2024-01-27 02:48:41,0,0,0,事多分低，快跑
210011,1603,张安运,2025-01-08 02:06:19,0,0,0,事多分低，大绩杀
210434,1603,张安运,2025-01-09 07:08:46,0,0,0,没有期末考，4.8，感觉还算可以了。上课在老师旁边水水的看手机老师也是不大管的
23843,1607,李伯耿,2016-04-18 13:54:33,4,6,2,很好的老师   不知道给分多少  反正上课超轻松  也能学到很多有用的东西
47945,1607,李伯耿,2017-02-27 12:09:13,3,3,0,上课超有意思 老师知识渊博还会教信息检索~
49142,1607,李伯耿,2017-03-27 12:32:20,-5,3,8,差，新生研讨课恶竞太严重
49762,1607,李伯耿,2017-04-25 13:50:31,6,7,1,老师知识非常渊博，事情也不多，给分很好！
49848,1607,李伯耿,2017-04-26 12:57:40,20,23,3,如果说赵晖老师是文史类百家讲坛，那么李老师就是理工类百科全书。
51041,1607,李伯耿,2017-05-15 04:53:15,0,1,1,感觉不爽，不是真正的研讨课
77133,1607,李伯耿,2018-05-02 13:57:23,2,2,0,老师知识很渊博，上课轻松也能了解很多知识。事不算多，一次ppt展示+发言次数评分。\n\n不过最终给分差别有一点玄学，大概是上课的人少还要正态的缘故吧。
77355,1607,李伯耿,2018-05-05 04:32:52,0,1,1,老师人挺好的，而且懂的非常多，同学提出的几乎所有问题都可以回答
77708,1607,李伯耿,2018-05-07 11:02:22,2,2,0,一次展示加提问别人的展示\n\n老师的讲评非常精彩\n\n大一上选口感更佳
112826,1607,李伯耿,2019-07-05 04:42:50,0,1,1,牛皮！百科全书！虽然我高化一节没听…不过这是我的问题 最后复习还是好好看你的视频收获很大 如果只是为了分数的话，其实高化有点水莫名其妙就4.8
195720,1607,李伯耿,2024-06-29 17:38:54,0,0,0,老师很温和，给分好
1340,1679,李希,2015-03-22 00:26:04,1,2,1,天天讲故事
4099,1679,李希,2015-06-17 16:53:36,1,2,1,略拖沓。但有趣\n\n
141404,1679,李希,2021-10-06 13:19:44,0,0,0,写的书属实拉胯
126031,1980,刘祥瑞,2020-09-16 17:03:44,3,12,9,会social，讲ppt还行，但水准着实太差。听说科研更坑，现在混不下去转学院了\n\n
155255,1980,刘祥瑞,2022-06-10 01:21:32,0,4,4,细生课很有趣
164642,1980,刘祥瑞,2022-12-22 12:12:32,3,5,2,很垃圾，屁事贼多!
180924,1980,刘祥瑞,2023-09-28 07:42:58,0,1,1,好老师！
207167,1980,刘祥瑞,2024-12-19 15:09:01,2,3,1,学着过点老百姓的日子，别总是和他们过不去
48734,1988,张兴旺,2017-05-07 00:53:57,3,5,2,好班主任，颜值贼高
64467,1988,张兴旺,2017-12-24 08:51:37,3,3,0,很好的班主任
141486,1988,张兴旺,2021-10-12 01:32:05,-6,2,8,垃圾垃圾
162608,1988,张兴旺,2022-11-28 13:56:34,3,3,0,张老师巨帅，上课特别有激情，肢体动作很丰满
191061,1988,张兴旺,2024-03-31 11:10:04,2,2,0,张老师牛逼
48670,2116,杨亦文,2017-03-09 06:37:10,0,0,0,一般般，^_^
74342,2116,杨亦文,2018-02-12 01:36:46,0,0,0,化学制药工艺学→_→
80824,2116,杨亦文,2018-07-01 13:04:45,1,1,0,挺好的~
82104,2116,杨亦文,2018-07-07 06:25:13,0,0,0,认真负责，考试不难，有收获。
86074,2158,陈丰秋,2018-09-04 01:10:39,-4,6,10,人品差，喜欢摆架子，吹牛
159227,2158,陈丰秋,2022-07-08 10:44:25,-1,2,3,还不错
14007,2229,林东强,2016-01-03 15:02:34,8,15,7,好好好
26441,2229,林东强,2016-06-18 13:09:38,3,8,5,讲的挺细致，就是点名方式略坑
32141,2229,林东强,2016-07-05 17:39:39,-1,3,4,老师懂的知识很多，讲课也很有耐心，偶尔小幽默，很负责任，在高中生物基础上学到很多知识，小作文好好写，期末好好看书没问题的，我是因为卷面低成绩不是很理想。个人感觉还可以的。
32545,2229,林东强,2016-07-07 13:00:25,-1,5,6,真气   给分差差差
32793,2229,林东强,2016-07-14 03:11:58,0,3,3,老师基本每节课是变向点名吧……这点略坑，但是小作文挺好写的，你要是觉得写不好可以和老师探讨一下，老师回复的很快，而且意见给的很好，这很赞，上课有点水，不过认真听还是可以学到不少东西的。最后考试闭卷……只能说认真背书吧
52614,2229,林东强,2017-06-21 12:18:45,3,6,3,生物工程导论，挺不错的课，老师讲得有条理，听课比较舒服，也可以学到实用的知识。小论文也比较容易写，平时没有别的作业
81014,2229,林东强,2018-07-03 10:14:08,0,0,0,考场给老师打个十分求保佑
82366,2229,林东强,2018-07-08 03:56:45,1,2,1,好就一个字，我要说很多很多次！\n\n好好好好好好好好好好！！！
82716,2229,林东强,2018-07-09 04:13:08,1,1,0,挺好的老师，课认真听，论文2000字好好写，考试背几个小时，应该还是能拿到不错的分数的
83815,2229,林东强,2018-07-11 08:57:30,-2,0,2,中规中矩吧!啥事没做3.6可以了。
125585,2229,林东强,2020-09-12 02:08:32,1,1,0,生物工程导论讲得挺细致。平时没什么任务，没怎么发过言，展示好好准备，小论文好好写，绩点就不会低。但有一部分是高中生物选修的内容，所以理科生比文科生有优势。
148367,2229,林东强,2022-01-12 09:02:15,0,0,0,讲课讲的很细致认真，十分送给林老师
179241,2229,林东强,2023-09-02 05:12:05,0,0,0,细致 认真
18688,2305,金涛,2016-01-22 10:12:38,3,6,3,嘿嘿嘿
62408,2305,金涛,2017-11-25 02:09:05,-6,12,18,老师讲的很广，平时作业认真做给分还是很好的
86533,2305,金涛,2018-09-17 05:28:54,61,78,17,“我丝毫不谦虚”
86537,2305,金涛,2018-09-17 05:53:06,10,30,20,吹爆拒绝正态的老师！
86563,2305,金涛,2018-09-17 07:56:11,18,28,10,拖堂使人进步
86848,2305,金涛,2018-09-19 05:06:15,-10,12,22,老师人很不错
88330,2305,金涛,2018-10-29 01:00:20,-1,13,14,老师的知识面真的很宽，讲课也比较有意思。而且他本人拒绝正态分布，不可多得的好老师
88726,2305,金涛,2018-11-07 02:44:06,26,56,30,大学学科认知及职业规划   作业多  没有实际意义
89447,2305,金涛,2018-11-19 07:26:02,1,15,14,老师很好 特别好 就是作业多
90035,2305,金涛,2018-11-22 01:29:14,4,7,3,哈哈哈
91145,2305,金涛,2018-12-02 02:00:39,21,35,14,作业多 有些根本无法完成 网上都查不到你让我们凭空造出来吗？ 布置作业前能不能先看看能不能完成？！
91253,2305,金涛,2018-12-04 09:19:31,3,11,8,老师很好，知识面很广，课堂很有趣，就是这作业吧。。。很多很难写，但说实话也是为我们将来职规升学着想
92425,2305,金涛,2018-12-28 13:24:54,18,37,19,功课多得要命，一个通识课的作业多过专业课，没事做就给作业，一给就给几千字的作业。而且作业内容都很难完成\n\n课堂上几乎每次都要写课后的作业，写课内说了什么内容哦\n\n
92474,2305,金涛,2018-12-30 03:31:16,10,20,10,每次作业字数要求多不说，ddl还贼紧，佛了。
92606,2305,金涛,2019-01-03 05:50:46,7,16,9,课讲得很好，很有意思，不会使人犯困，就是作业是真多。。。想水劝退
92819,2305,金涛,2019-01-04 15:29:39,19,22,3,作业很多
92903,2305,金涛,2019-01-05 12:44:13,14,23,9,这门课不是要写职规吗？要你回到1940年选专业写职规？？？有什么用？写一份过的的职规。
93070,2305,金涛,2019-01-07 07:51:55,12,24,12,垃圾职规 千万别选 作业是我所有课里最多的！上课讲的东西也都没什么用
93074,2305,金涛,2019-01-07 08:07:15,21,31,10,作业多到爆炸，一个新通识课，我全部作业累计写了大概要有20000多字了，醉了。
93077,2305,金涛,2019-01-25 16:52:08,-11,15,26,老师的课不正态真的非常非常非常好。我觉得前面的同学纠结于需要交笔记，认为这占用你上课的时间。试问进了浙大难道就不用听，通识课不用好好学吗？一定要水课才能满足吗？而且没有考试，平时作业多也可以接受吧？这门课我自认为付出得挺多，最后也拿到了满意的成绩，还有了很多成绩以外的收获，真心地感谢老师
93080,2305,金涛,2019-01-19 12:02:01,33,44,11,我确实不是一无所获。可是不是理工科的我，听了那么多堂理工科的东西，听老师在这吹爆理工科有多好，那你懂我上课的无奈吗？而且几乎每一堂课都要交课堂笔记，对于这个我个人认为只是事多了一点，我并不反感他要求的课堂笔记。但是他的课外作业，写的论文的份量是一个通识课该有的吗？一学期下来累计了多少份论文，难道你心里没点数吗？而且距离期末考就只剩下几天的时候，却还要临时布置一篇5000个字以上的论文加一篇课后感想，你认为全部学生都吃得消吗？
93089,2305,金涛,2019-01-07 09:01:00,14,23,9,最多事的，而且在期末期中前一周才给你安排，整个学期写了六份了，快两万字了。
93091,2305,金涛,2019-01-07 09:04:50,12,20,8,奉劝各位同学慎选这门课！！之前听学长姐说职业规划课很轻松，可以了解到很多关于职业上的东西，功课也很少。可是选了之后发觉这个老师原来是什么化学工程的，却跑来教职规？！在介绍科系的时候60%都在介绍理工科，剩下的才介绍所有的人文社科? 而且功课暴多！要写课堂笔记就算了，这个我可以理解，可是课外作业也太多了吧？比我所有的专业课还多，每次功课也给得很临时，字数要求又多。到了今天又突然说要再做两份作业，还要5000字以上而且什么要求都没说。这样对我们这些要考期末的同学真的好吗？？？
93093,2305,金涛,2019-01-07 09:14:03,10,18,8,老师确实知识面广很多东西也确实很实用 但是对于笔记这个 不是所有人的笔记都特别详细面面俱到的 我记关键词你就说我不认真？我要是上课不认真听给分低就算了 我扪心自问上课很认真只是记笔记方式不一样你就打低分这一点是不是有点过分了啊 而且论文作业也真的是多到爆炸\n\n顺便这门课可以很好的教你如何恶竞（微笑
93102,2305,金涛,2019-01-25 04:13:05,10,32,22,浙大唯一不正态的课，大家自己想想
93559,2305,金涛,2019-01-10 11:19:07,3,9,6,形式主义，自以为是。。
93871,2305,金涛,2019-01-14 05:48:50,6,11,5,作业奇多，夸夸其谈，自以为是，专业鹅颈。改变不是乱编，细说不是胡说。
94443,2305,金涛,2019-01-16 13:01:24,6,10,4,这老师有病吧？? 考试周还给字数2500++的作业？？？？他是打算帮我们考试还是咋的？真不知道他有没有良心? ?
95459,2305,金涛,2019-01-19 12:19:28,4,10,6,经师易遇，人师难遇。\n\n谢谢老师。
99470,2305,金涛,2019-01-25 00:32:35,4,8,4,看到前面有人说作业20000+，其实想水也是可以水的，像我有些没要求字数的作业几百就搞定了。老师很好，拒绝正态，上课很有收获，一直在hhh，就算课前很困上课我也没睡着。有可能是因为我理工科的缘故，没怎么感受到文理时间安排不均，大概是因为老师第一次开课吧。
99581,2305,金涛,2019-01-25 03:45:28,3,6,3,作业虽然多 老师人不错 不知道硬怼正态是否成功
99586,2305,金涛,2019-01-25 03:51:07,2,16,14,上老师的职规课。我真的吹爆金老师！一个通识课拒绝正态的老师，真的让我非常佩服！虽然作业有点多，但都是为了最后的职规书做准备。虽然是一个工科老师，人文素养却十分的高。每次ppt都认真做，上课很认真，经常跟我们讲掏心窝的话，对我们像对孩子一样。我曾经抱怨过老师的作业多，但是现在想想挺一挺也就过来了，毕竟2.5的学分也不能太轻松拿到啊。老师真的很棒！
99590,2305,金涛,2019-01-25 03:57:23,7,11,4,说实话，作业是挺多的 几乎每十天留2000+的作业，但收获也确实不少，老师讲课很有意思~也是拒绝正太的好老师！不想水的可以考虑一下！
99591,2305,金涛,2019-01-25 03:57:53,0,5,5,老师讲的还是很有意思的 会分享人生经验 \n\n对于当今专业和职业 人生道路都有详细透彻的见解 作业确实有点多 尽管会吐槽但做了发现还是很有收获的 我上课也不算太认真 写报告书的时候看以前交的作业觉得自己绩点药丸 但是老师拒绝正态！疯狂打call 最后也拿了4.2 嗯我这种菜鸡觉得上四我就还挺心满意足的
99607,2305,金涛,2019-01-25 04:04:08,3,10,7,金老师特别棒，讲的内容非常全面，而且非常有意思。虽然平时的任务会有点多，但是毕竟是2.5学分，老师也每次都认真批改200多人的作业。而且老师拒绝成绩正*，超级棒的老师！
99613,2305,金涛,2019-01-25 04:09:38,0,12,12,四个字，拒绝正态，诸君自己考量，反正我吹爆！
99618,2305,金涛,2019-01-25 04:12:02,1,9,8,老师认真的炒鸡炒鸡炒鸡好。给分炒鸡科学。就是看自己的平时作业，态度好就OK。虽然作业有点多，但是感觉对自己了解专业真的很有帮助！！！！上课也会讲一些好玩的东西，分享一下搞笑的小视频。真的炒鸡nice
99620,2305,金涛,2019-01-25 04:13:02,3,14,11,职规这门课，老师有很长的招生办工作的经验，知识面广，阅历丰富。上课虽然不是每句话都有用，但是相比于其他通识课，上课内容可以说是非常充实。不过作业确实多了不止一点，上课也不能缺席，不能水，所以说不建议平时事务非常忙的同学和只想凑通识学分的同学选。但是老师批作业很认真，还有点评，而且作业只要认真做了，给分超级好，超级好，超级好。
99621,2305,金涛,2019-01-25 04:13:13,3,7,4,上了老师的大学学科认知与职业规划课，真正人生的导师！吹爆拒绝正态的老师，真的是用自己半生的生活经历给学生的未来指路。
99625,2305,金涛,2019-01-25 04:16:27,1,8,7,#职业规划课#\n\n上课好好记笔记，课下作业好好写。绩点4.2以上很稳。\n\n字数多？字数多是多，但是好写，好扯啊。\n\n其他通识课是很水，但是你绩点就随缘了啊。\n\n2.5学分拿高绩点，不用背ppt，不用考试，写写字就行。还不够吗？\n\n\n\n老师课上能按照百家姓背出来同学名字。\n\n上课讲讲故事，这样的老师还不行啊？
99633,2305,金涛,2019-01-25 04:21:41,3,10,7,金涛老师是一个博学的老师，他很负责任，上课的内容也很丰富
99663,2305,金涛,2019-01-25 04:38:16,-5,5,10,金老师的课干货满满的，是一门真正能够了解到各种专业的课，可能你会听到特别多的关于非本专业的事情，这是真的能够提升我们眼界的课。还有就是基本上每次快下课都要交作业，上课必须认真听做好笔记。老师人超级好，每次都提前来半小时，帮助同学们解答专业职业的知识。超赞
99669,2305,金涛,2019-01-25 04:47:55,1,8,7,垃圾职规课，作业多而且没有意义，动辄上千字，拖堂，给分差，考试周内还要写课程感想，而且老师自我感觉还很良好。
99705,2305,金涛,2019-01-25 05:21:38,-1,6,7,拒绝正态最重要啊，不过想水课的就别来了
99712,2305,金涛,2019-01-25 05:29:48,-6,4,10,绝对好老师！！选了不吃亏！
99734,2305,金涛,2019-01-25 05:58:43,-2,4,6,绝对好老师，知识面很宽!给分也好，不正态了解一下？
99916,2305,金涛,2019-01-25 09:38:02,-3,2,5,作业多但是大部分都很有意义，反正我感觉经过规划之后我对于自己的未来感觉完全不一样了。老师的好，除了不正态这很小一部分，大部分我觉得是负责吧，真的很认真，每次改作业真的要花很多很多时间。如果你认真一个学期会有很大的收获的。
99939,2305,金涛,2019-01-25 10:15:04,3,8,5,职规，大部分都是理科内容，认真做作业会有收获的，作业是多但是老师也是每次认真看完这么多份，真的很负责，最后一节课背出了好多同学的名字，很感动了！
100030,2305,金涛,2019-01-25 12:59:57,4,10,6,希望这是一个客观的评价。先评价老师，优点1是认真负责，每次200多人的作业都看，而且给分比较合理，付出多少就得多少，对每一个学生成绩负责，平时在群里也和同学探讨交流。如果自己作业不认真做，上课不做笔记，总是坐后面，那就……（老师上课会拍照记录每个人的位置）.2老师个人的知识面广，上课生动有趣，可以学到一些职规和专业的知识。缺点是有时过度自信（可能也是开玩笑），觉得自己职规课中国讲的最好，而且自己歌唱的比薛之谦好，自己可以胜任高雄副市长之位。再评价课程和作业，优点是内容实用务实，对于自己决定未来有帮助，缺点是每次上课的一周轶事时间过长，从而有关专业的知识讲的略显仓促。而且作业真的多，前前后后两万多字。（按照课时来看，学分少了半分，建议老师下次申请提高）
100035,2305,金涛,2019-01-25 13:01:27,0,4,4,没有正态，真的没有正态，认真了就是高分。老师很不错！\n\n但是杰伦粉慎选，他可能欠老师钱.....
100325,2305,金涛,2019-01-26 03:02:25,5,10,5,昨天说了下优点，今天再来补充一下自认为不足的地方，当然整体上来说课很好还是不可否认的。第一，老师虽然知识面广，但毕竟是工科教授，所以侧重于理工科会多一点，不过这也许是老师第一次开课没掌握住节奏的原因；第二，老师的一些观点我认为有点偏激，可能会让一些同学感觉不太舒服，但老师是没有恶意的；第三，作业确实有点多了，但是做了的话给分非常好，而且老师拒绝正太。
102622,2305,金涛,2019-02-14 06:03:20,-9,1,10,很不错\n\n
102972,2305,金涛,2019-02-25 07:09:39,4,5,1,作业非常多...
103647,2305,金涛,2019-03-03 14:05:03,-4,4,8,作业是很多，但是收获也很多，老师讲专业讲得是真的很好，也会结合时事讲课，很硬核，想水的别选
103741,2305,金涛,2019-03-05 01:52:50,-4,8,12,老师很博学也很和蔼，是填志愿时就接触过的老师。这门课上课内容可能不多用处也不大，但课后作业是真的可以锻炼能力的，可以学到认知自我的方法，提升查找资料的能力，写作的能力，与人沟通的能力，甚至作业排版的能力。最后你能写出一份好的职规书，需要上述多项能力甚至更多，一份好的职规书的意义，不是其他水课的几篇短论文可以相提并论的，大家终归会在日后发现这门课的意义。不想一一反驳打低分的同学，就借老师的一句话来说吧:如果你看得不够远，是因为你站得不够高。
114474,2305,金涛,2019-07-10 05:00:53,-1,2,3,666
116820,2305,金涛,2019-09-16 05:38:42,9,9,0,作业布置超级不合理
118051,2305,金涛,2019-10-19 12:32:27,-10,2,12,老师是个好人，可惜。。。。有些东西就听听吧～
118336,2305,金涛,2019-10-25 04:49:20,12,13,1,你是个什么几把？
120923,2305,金涛,2020-01-18 23:06:41,3,4,1,。。。
121346,2305,金涛,2019-12-18 13:22:31,9,12,3,我能给0分吗
122395,2305,金涛,2020-02-26 06:12:42,-9,2,11,老师人是不错的，可能有些时候比较苛刻了
123037,2305,金涛,2020-05-04 02:43:35,-14,1,15,感觉老师了解的挺多的，作业确实有点多，蛮认真做了，给分一般，确实学到了一些东西，中规中矩
130202,2305,金涛,2021-01-19 03:37:37,-4,1,5,666
132182,2305,金涛,2021-01-31 01:05:11,10,10,0,实在是想不通 上课完全不点名 也没有考试 次次课去上作业认真做还不如不上课的人分数高
132589,2305,金涛,2021-02-02 13:30:38,-8,7,15,金老师点名方式比较有趣，应该是拍张照片和下方比对。金老师知识面很广，经历丰富，上课案例很多，还有课下聚餐的活动。收获的话还是看人吧，反正我觉得很幸运能够有一次认真审视自己和专业的机会，比要求修读的职规课强太多。
132744,2305,金涛,2021-02-03 12:21:22,-19,1,20,通识课唯一我觉得有用的。
134204,2305,金涛,2021-03-19 08:53:03,30,34,4,不谈上课 就谈谈老师的人品\n\n大概是搞学术研究多了不知道该怎么人际交往了吧\n\n一副伪君子的模样\n\n一月初缓考事件时出来恶心人\n\n今天又偷拍学校里情侣的照片公然挂在人数上千的学生家长群里 在聊天记录中的语言充满猥琐之气试问一下 这样人品的老师 上他的课不是在侮辱自己吗？ 幸好这学期初因为课程的原因退选了他的课 不想听垃圾教授我垃圾
134206,2305,金涛,2021-03-19 10:23:45,17,18,1,人品差
134208,2305,金涛,2021-03-19 11:05:20,21,22,1,啥人品啊，真丢浙大脸
134212,2305,金涛,2021-03-19 12:00:44,8,9,1,呵呵呵
134213,2305,金涛,2021-03-19 12:09:26,18,20,2,我来给金老师刷低分啦，家人们，我做得对吗?
134215,2305,金涛,2021-03-19 12:17:00,13,13,0,素质低，人品差，拉拢家长打压学生
134216,2305,金涛,2021-03-19 12:19:10,7,7,0,给爷爬
134224,2305,金涛,2021-03-19 16:35:37,9,9,0,为什么素质会如此之低下
134228,2305,金涛,2021-03-20 02:55:24,9,11,2,辣鸡老师人品差，偷拍学生照片放在家长群里，还一副高高在上的样子，服了
134232,2305,金涛,2021-03-20 05:00:15,4,5,1,如果没有这种低素质的老师，浙大声誉会好很多。
134233,2305,金涛,2021-03-20 05:07:15,4,4,0,很无语
146470,2305,金涛,2022-01-06 15:40:37,8,8,0,作业巨多，喜欢建家长群
148539,2305,金涛,2022-01-13 00:11:04,7,7,0,上的老师职规，成绩出来了，意料之中的低绩点（因为一次作业听错要求被老师课上嘲讽了，虽然没有直接点名，也没有恶意，但能感觉到绩点不会太高了），不知道为什么楼上有人说不正态。\n\n关于课程，要听一个mooc，慕课的话说实话感觉课堂内容一般般有用吧，考试真的没任何用。作业也到还好，没有很多。总结一下就是：水课不适合，水学分适合，高绩点不适合（个人意见）
148553,2305,金涛,2022-01-13 01:03:11,-5,4,9,老师人很好的，懂的东西也很多，人生阅历很丰富，能有一定的值得学习的东西，老师会留出时间，给我们看慕课，复习期中期末，真的超级好，楼下说绩点不高，那是因为他把题目给听错了，所以平时作业完成的不好，我有认真完成作业，所以绩点不错，之所以没给十分，是因为，老师讲的人文的东西太少了，希望以后可以多讲点人文的内容
148692,2305,金涛,2022-01-13 08:36:17,6,8,2,事多给分差，虽然相比前几期已经减少了但还是很多，4-5篇800字小作文，2次5k字职规书。不敢说有多认真，但至少每次都是自己一个字一个字爬出来排好版的，结果喜提3.6。\n\n关系到成绩的MOOC题目莫名其妙。总之想水/高绩点千万别来。\n\n至于教学内容，基本都听下来了，没觉得自己学到了什么。可能如果你真的是对专业一点概念都没有的所谓小镇做题家，倒是可以来听听大概了解一下，其他人还是算了吧。\n\n哦对，如果你对目前的专业很满意也不用来了，纯属浪费时间。
149413,2305,金涛,2022-01-15 08:59:57,-3,5,8,开阔眼界和思索人生规划非常有指导意义，可以丰富见识，规划人生，当然，故事听的很过瘾，非常放松。\n\n老师经历真的十分丰富，也非常有趣，作业其实不太多的，对于一门2.5学分的课，认真做会学到很多。
149484,2305,金涛,2022-01-15 14:25:33,2,5,3,其实我感觉作业量不多（可能我选的其他课真的太牛马了），老师也会考虑到我们期中考啥的那几周不布置作业。\n\n课堂里也会说一些平时少有机会能听到的内容，上课还是挺放松的。我一般是边写实验报告边听，每节课都去，作业和职规书也认真写了，最后4+，感觉付出和收获是成正比的，学分也可，比其他牛马课（作业多，付出和收获不成正比），真的好太多，好好听真的有很大收获。
151512,2305,金涛,2022-03-06 11:57:18,8,8,0,上课基本上都在讲故事，答应留时间让我们看网课，结果老拖课，平时作业查都查不到
154312,2305,金涛,2022-05-29 22:20:58,12,12,0,这个老师很喜欢建家长群，教家长怎么控制孩子。自己的儿子教得不怎么样，还想霍霍别人的亲子关系。既然是职规课，那就是教所有学生规划，金老师大概认为人文社科学生不配有规划呗？
158569,2305,金涛,2022-06-30 08:55:11,6,7,1,书币家长群
160372,2305,金涛,2022-09-20 14:58:21,6,6,0,垃圾玩意，建家长群贩卖焦虑，卖课挣钱，恶心学生，祸害别人的亲子关系
162458,2305,金涛,2022-11-23 01:11:17,4,5,1,整天给家长制造焦虑传递错误信息
164490,2305,金涛,2022-12-21 08:33:22,4,4,0,辣鸡家长群
164648,2305,金涛,2022-12-22 13:33:32,3,3,0,刷低分 真恶心
164649,2305,金涛,2022-12-22 13:36:37,3,3,0,伪君子
165650,2305,金涛,2023-01-09 06:12:01,14,14,0,首先，快跑！！！\n\n我上的是大学专业认知及职业生涯规划。老师三观很有问题，上课一直贩卖焦虑，刚上前两节课被他唬住了，后面发现他讲课是真的垃圾，经常教一些自以为是的为人处事道理。\n\n有一个期末考核是在知道上面完成的，问的问题全是自己的主观见解，而且问的又偏又怪，属于是那种一辈子都用不到的知识点，而且基本查不到，太恶心了。\n\n平时会布置作业，但是只会口头布置，有时候上了他的课都不知道有作业，还美名其曰，这样听课的就能和没听课的人拉开差距了。作业也不会说具体到怎么做，给你个大概方向，自己卷。我真的服了。\n\n最后，快跑！！！
167678,2305,金涛,2023-01-18 09:10:54,7,9,2,sb 纯sb 什么都做了 2.7 能不能别ex我  这种课和我一样每节课都认真听的有几个？ 每个任务都认认真真完成 我就没拿过4.5以下的分 直接给我来个2.7 能不能去s
167689,2305,金涛,2023-01-18 10:08:59,1,2,1,就是一个垃圾，纯垃圾
167706,2305,金涛,2023-01-18 12:51:04,3,3,0,。。。
167762,2305,金涛,2023-01-19 03:18:23,-10,5,15,个人意见，勿喷。就我看来，这个老师还行，但是确实不知道为什么会给楼下2.7的分数，确实有点离谱，但我自身是拿到4.8。就这个课程而言，算得上是水课，作业来看，整个学期会有一些小作业，但都是为了期末大作业职规书服务。还有一个智慧树上的课程作业，网上也都能搜得到答案。我觉得这门课还算不错，毕竟2.5学分，课程安排上虽说晚上有三节课，但老师一般只上两节课，还是比较轻松的。给分就我而言还算不错。
167891,2305,金涛,2023-01-20 02:31:10,7,7,0,听了课，每节课都到，做了作业，考了试，啪，绩杀。。。我不理解，而且什么也没学到，除了他贩卖的焦虑
167900,2305,金涛,2023-01-20 04:17:03,16,17,1,优点：客观地说，老师信息资源挺发达的，可以提供一些新的思考角度，就是消息有点点旧；对学科的认识倒也还可以，确实帮我了解了一部分专业，有一些规划思维值得借鉴；对一门2.5分的课来说确实任务不多，平时作业和期末的一份职业规划书，没有pre没有小组作业；智慧树上网课的内容确实还是比较充实比较有思维的；査老师上之前指出的一些缺点（比如任务很多、讲理工科内容太多）可以看出来老师有在尽力改正了，会照顾到我们期中考试把任务往后拖。\n\n缺点：作业都是上课随口一提，从不发群！！（如果之前水课，到了期末就要痛苦扒回放找作业）；课堂营养含量相对较低，意识流讲课！！想到哪里讲哪里，各种乱扯，导致作业布置很不清楚，有时候任务讲了个开头然后就扯远了然后就虎头蛇尾，作业交完之后又在那里说我们做的怎么这么不认真，然而他自己都没讲清楚作业要求；点到方式有点奇妙，其他评论里说的偷偷拍照点名 本人没有注意到，电子签到是随机几节课签了，方式是把自己座位的号码发群里，查重，缺一堂课绩点直接降一档，所以翘课的别来；作为职业规划类的课，把金钱作为成功与否的最主要衡量标准，每节课都讲钱，非常现实功利；有点鼓励恶竞的味道，制造焦虑；期末大作业职业规划书，从开学就告诉我们他会把任务分散到平时作业，但是直到最后一节课给我们看了两份职规报告范文才知道写作格式，而且内容实在比平时作业多太多了，所谓“期末任务分摊给平时”并没有分摊到位，职规书怎么写也没有清楚的格式（老师鼓励“写出有自己特色的职规书”）；课件资料真的很旧；老师对学科专业的刻板印象有点重，具体表现在智慧树网课上的一些题目，非常具有主观性，必须认真听他的网课才可以做对；个人不太欣赏老师的人品（可以参考部分査老师评论），喜欢炫耀自己人脉广、信息发达，有些急功近利，给人的印象是有一点狡猾（？），给分主观性比较强导致最后绩点低了都莫名其妙的。
168038,2305,金涛,2023-01-23 14:51:10,2,2,0,呵呵呵
168042,2305,金涛,2023-01-24 02:53:17,8,8,0,看上去很有道理。总感觉有着学科专业歧视。绩点给的挺烂的。迷之自信，语言夸张，好像当代大学生都是烂泥扶不上墙。给一分是因为没有更低的评分，也是因为确实学到了那么一丢丢有用的东西。真的拉均绩。\n\n计算机专业真的深得某老师吹捧。
172632,2305,金涛,2023-05-02 14:56:06,13,15,2,傻逼传销组织给家长灌输女生只能读社科的理念md我真想鲨了你
174319,2305,金涛,2023-06-09 09:22:48,5,5,0,纯纯绩杀，事多分少的代表
175654,2305,金涛,2023-06-26 05:06:19,6,7,1,出生\n\n老了每天搞各种招生和广告和讲座圈钱 \n\n绩杀乱杀\n\n每节课认真去\n\n什么作业都认真做2.4
182068,2305,金涛,2023-11-09 11:49:00,4,4,0,上课涉及范围广，缺少针对性\n\n讲故事太多，讲方法太少，十分自大\n\n贩卖学科焦虑\n\n网课内容完全是一家之言，且多有纰漏
183914,2305,金涛,2023-12-03 14:55:07,10,10,0,勾shi，布置作业不明不白的，不知道在说些什么，大作业我怎么写？？？？？还有那些网上的考试。jb全是意识流的答案，我真恶心坏了，如果你不缺博雅技艺的课真别选，学不到什么东西，每周都要听他装b，如果你没有喜欢听人装b的雅痞，真别选
184117,2305,金涛,2023-12-10 01:58:24,5,5,0,史..
184320,2305,金涛,2023-12-17 04:05:23,2,2,0,tm一坨
185515,2305,金涛,2024-01-01 11:32:35,1,1,0,😓😓😓
185801,2305,金涛,2024-01-04 12:47:35,0,0,0,上课不能用电脑
185862,2305,金涛,2024-01-05 04:12:38,3,3,0,上过大学生专业认知，虽然这课不好但是如果你被迫选择了的话给各位学弟学妹分享一下不被绩杀的心得。\n\n首先是最后的大作业卷点字书，他不在乎内容甚至我复制了点网上的导致有点前后矛盾他也没看出来，就是字数多，再把形式做的好看点。\n\n然后平时作业交邮箱的时候正文记得写一些，不能空着邮件正文，附件要pdf，命名要规范，有姓名学号日期。\n\n反正课是烂课，咱们只能自救
185920,2305,金涛,2024-01-06 04:45:52,8,8,0,真的钩食，还没学完人就先崩溃了\n\n考试考的全都是他的主观意见，甚至很多反社会反人类言论\n\n期末考四个选项全都是一个意思，一定要你在“正确”、“大部分时候正确”、“视情况而定”这种选项里面选正确答案\n\n不要幻想用插件来刷分，因为任何插件都不可能有他那么离谱且模棱两可的题库\n\n真的很无语\n\n选上这门课就可以宣布去世了\n\n真的不要贪这2.5学分，也不要贪这个博雅技艺\n\n刚刚考完期末考真的很崩溃，智慧树上的课又长的要命\n\n~~~~~~~~~~\n\n上面是花90分钟考完试看到狗屎一样的成绩实在忍不住，以下是认真分析\n\nlz为了考这个期末考，没有用任何插件刷时长，百分之八十的课程都是认真听的（因为lz很多志愿者和学助工作都是比较闲的，一有空我就拿来听他的课，最后发现实在太多，怕来不及所以后面两章才用水的）\n\n可是再怎么认真，这么长的内容，到了期末考的时候都会记不住吧！\n\n关键是选题角度也很细，考前我还在匆忙的期末周回顾了章首的观点和最后的测试，企图回忆一波，但是最后发现根本没有用\n\n最后说一下这门课的优点吧\n\n1.上课可以很水，老师也不太管，点名次数不多。\n\n2.作业量不多，只有一个职业规划的大作业，平时课上要认真听老师给的点\n\n3.虽然上课可以很水，但是lz经常会带着水课的心态来，最后发现整节课都在听，因为金老师的一些观点还是挺有意思的（虽然我不一定认可）\n\n4.作为一名老师，金老师在教学上的认真程度还是可以的，能明显地感觉到他的初心是想用他的认知和经验帮助同学，但是效果上来说，我认为他要求的去查培养方案以及写职业规划是有效的，而MOOC和那个离谱的期末考完全是副作用\n\n~~~~~~~~~~~\n\n再次黑化，虽然上面提到了这门课的优点，但是lz并不想以好话结尾\n\n大家真的真的要慎选，如果对专业确认有疑问的话不如直接找老师谈\n\n我作为从志愿填报以来就明确要转专业的大一新生，面对这2.5学分的成绩，可以说已经迷茫住了
187160,2305,金涛,2024-01-15 01:08:21,4,4,0,沙币，真不清楚老家伙啥意思，一个学期没缺课，都去听了，作业也全部做了上交，前前后后两万多字吧，结果期末跟我说我没交，你个理工科老师用邮件收作业，被你当垃圾邮件了来怪谁，又全部给你提交了一次。操操操，2.5分博雅技艺，ntm 给1.8，直接让我挂怎么样，还有社科不是你那种人能体会的，就永远你的理工科贴金吧，牛B得很，没有人品，操操操！
187175,2305,金涛,2024-01-15 03:10:01,4,4,0,事干了挺多，也很认真做了，3.9\n\n智慧树上的期末考试太意识流了，没及格......\n\n上课挺傲慢的，个人挺不喜欢\n\n优点是还算负责吧
187187,2305,金涛,2024-01-15 03:49:37,1,1,0,给分真的很烂…也不提前说最终的分数构成 每节课几乎都去了 最后大作业认真写了好多字给我2.7分 有些槽多无口了
187291,2305,金涛,2024-01-15 12:03:35,4,6,2,自觉金涛老师虽然不是特别突出，但也没有那么差吧？优点有，他确实在很努力地把自己对人生、社会、世界的理解告诉同学们，而且我认为他确实见解深刻……虽然其中不乏一些令我啼笑皆非的观点，比如他质疑广义相对论……许多人说他贩卖焦虑，可能是这些同学涉世未深吧，我清楚地知道这些都是社会的真实。当然他也有不少缺点，例如那个智慧树的期末考试简直离谱到极点，都是一些似是而非、模棱两可的观点，只能靠运气做。而且个人感觉上课气氛有些压抑、尴尬。另外就是，关于某一个专业的具体情况其实课堂说到不多，主要是介绍社会人生、传递价值观，与课程名有点背离（不过专业部分你可以通过他的网课了解一点）。最后分享一下怎么刷绩点吧（职业规划报告）：\n\n1.你的邮件一定不能除了附件外空空如也，我还写了一些问候语（其实开课时他会强调如何发邮件）。\n\n2.他会说一些你的职规报告中需要体现的东西，例如比较研究培养方案、个人性格测试、硕士论文中的前沿方向等，你一定要写上！\n\n3.我刻意记录了一些金涛在课上说的观点，然后以非常明显的方式、在非常明显的位置体现出来，以示我认真听课（其实他也说过你要写一份因上过课而不一样的报告）。\n\n最后给金老师8分吧，也算是感谢他给我4.8！
187594,2305,金涛,2024-01-16 16:54:33,2,2,0,上课会讲有用的东西，但是大部分和你无关。输出了很多自己的价值观，比较主观，偏向物质。不过基本上没有作业，但是会有大作业。\n\n智慧树比较抽象，问题设置离谱且主要是自己的世界观输出，线上课程题都是自己出的，要高分很难弄。\n\n最后会有抽人pre，没有被抽到过，课也次次上，作业里漏了几个点然后发钉钉没有发邮件就喜提3.9了。\n\n选课如果你像想水学分但是不关心gpa可以来。
188153,2305,金涛,2024-01-18 09:40:08,4,5,1,每天上课不知道在讲什么，大作业一点要求都不给就让我们写
194416,2305,金涛,2024-06-23 17:36:29,1,2,1,垃圾，几万字，1.8
198854,2305,金涛,2024-09-12 07:30:26,-1,1,2,老师人很好，讲课也是深入浅出，为人谦和友善
204897,2305,金涛,2024-11-28 11:06:56,3,3,0,作业提交方式字数截止日期不说清楚！\n\n而且好傲慢的人，上课傲慢的语气真受不了，迷之自信
207573,2305,金涛,2024-12-23 07:03:37,1,1,0,老师人挺好的
208779,2305,金涛,2025-01-01 18:28:05,2,2,0,上课如果不想听的话可以坐比较偏的位置，作业只有一份期末大作业，事比较少，但是网课要求比较高，智慧树考试也很难查到，会有一些小活动，比如男女生交换礼物，帮你认识本学校的异性
209472,2305,金涛,2025-01-06 04:58:18,2,2,0,金老师是个好老师，知识面挺广的，而且看我们在下面做作业也不会来干预，主要作业是写一篇3000字的职业规划书，上课听过的话感觉写起来还挺快的，给分也还行。
222039,2305,金涛,2025-06-29 06:29:16,0,0,0,我不知道为什么这样的人能成浙大的老师
87798,2331,王靖岱,2018-10-14 03:21:13,-8,3,11,膜片，馍片，我想吃馍片……
126201,2331,王靖岱,2020-09-19 13:08:33,12,14,2,好凶一个人
160306,2331,王靖岱,2022-09-18 12:08:41,13,26,13,真的很莫名其妙 答不出来他的问题就被他莫名其妙贬低一顿 为什么答不出来 嗯嗯因为一秒内确实反应不过来 总是自说自话 怪不得评分要倒数
209381,2331,王靖岱,2025-01-05 23:22:25,13,16,3,就是这逼在帮🐝卡着文科长聘？
209939,2331,王靖岱,2025-02-11 13:14:43,15,15,0,wjd作为主管人事的副校，应当对长聘考核的问题负有领导责任和直接责任\n\n还有，亡獍殆，你配得上浙大毕业生这个身份吗！为了求仕，和蠹僵疯这个科大间谍狼狈为奸破坏浙大人才的待遇和权益，毁浙不倦\n\nHow dare you!
211515,2331,王靖岱,2025-01-12 00:54:16,11,13,2,人事部门高高在上，学科人才大量流失，当前人心涣散的局面是怎么造成的？
213284,2331,王靖岱,2025-01-16 23:33:13,10,10,0,去科大吧
214115,2331,王靖岱,2025-01-24 11:42:40,8,12,4,css背后的男人～
214244,2331,王靖岱,2025-01-30 17:48:15,20,21,1,作为主管人事的副校长，对于浙大2024年人才流失，负有不可推卸的责任。杜江峰是128年来最差校长，这位是128年来最差副校长
214248,2331,王靖岱,2025-01-31 07:21:30,24,24,0,杜上任后提拔的副校长。为了自己升官，甘当杜江峰豢养的狂吠的舔狗，对杜本人奴颜媚骨，对水平很高的海归教授极度压榨，对不属于自己专业领域的长聘考核横加干涉，用做权力斗争的工具。这样的狗官简直不配为人，准备向纪委举报这个无耻的畜生
214321,2331,王靖岱,2025-01-31 16:31:41,11,11,0,亡獍殆在作为副校而且主管人事的过程中，与蠹僵疯沆瀣一气，一同造就了当今浙大原有人才外流，现有人才待遇低下，难以引进人才的局面。\n\n亡獍殆，你既为牢杜的谄谀之臣，只可潜身缩首，苟图衣食，怎敢在浙大师生面前妄称天数！\n\n本来想给5分，但是因为它是牢杜的🐶，所以要和牢杜铁索连环，牢杜被界徐盛古锭刀酒火杀，它的评分由于受铁索作用，砍掉四分，所以一分送上
214768,2331,王靖岱,2025-02-17 23:20:49,10,10,0,啥时候调走啊
216372,2331,王靖岱,2025-03-14 14:59:18,12,12,0,今年的求是特聘考核，王大校长竟然和特聘老师对骂起来了。史上最没风度的校长。这两年浙大的幺蛾子真多，领导层不知反省的么？
216382,2331,王靖岱,2025-03-15 05:33:14,9,9,0,学院别的老师一年一两个学生，牢王一年自己名下13个学生还不算课题组小老板，我看不如把化工学院的学生直接全录取到王group给牢王打工算了。不知道你王什么时候死，死了就是对浙大化工最大的贡献
216958,2331,王靖岱,2025-04-14 00:30:47,8,8,0,这种邪恶的畜生怎么敢管人事的？怎么混进干部队伍的？滚出浙大！向纪委举报！
217485,2331,王靖岱,2025-04-11 06:01:58,11,11,0,4月份杜走后校领导分工调整，这厮分管了学校最重要的教师思政、人事、人才工作（杜在任时杜分管人才工作，王分管人事工作），我了解一些内幕，虽然不敢放出来，但是我敢负责任地说：这人干出了不少腌臜事，可谓是臭名昭著。现在居然人事人才二合一都由他管了，浙大完了!
217985,2331,王靖岱,2025-04-19 01:07:45,7,7,0,从来没见过这么厚颜无耻，以权谋私之徒，你算老几啊敢对着老师穷凶极恶破坏浙大的人才工作啊？\n\n知乎上面还有这逼撞了人还拒不道歉逃脱的帖子（可见“https://www.zhihu.com/question/277354966”）对于这么一个品德低下劣迹斑斑祸害人的东西，学校难道不查？巡视组来了怎么交代？？
218055,2331,王靖岱,2025-04-21 13:35:34,5,5,0,亡獍殆现在大抵是在狺狺狂吠吧，本来就是一条舔蠹僵疯的断脊之犬，蠹僵疯一走，它没的可舔了，于是就开始了各种各样的狺狺狂吠\n\n我从未见过有如此厚颜无耻之狗
218987,2331,王靖岱,2025-05-16 12:39:00,6,6,0,中央巡视组将在浙江省工作2个半月左右。\n\n巡视期间设专门值班电话：\n\n\n\n0571-87551052，每天受理电话的时间为8:00至18:00；专门邮政信箱：浙江省杭州市A380号信箱。\n\n\n\n巡视组受理信访时间截止到2025年6月23日。
219159,2331,王靖岱,2025-05-22 13:53:35,2,2,0,SB，要不是写三个字才能提交都懒得写
9640,2333,孟琴,2015-11-03 14:54:13,3,4,1,老师挺好玩，但很任性
898,2352,尹红,2015-03-18 12:39:12,3,7,4,呀，根本不敢走神
18180,2352,尹红,2016-01-21 08:41:21,1,1,0,根本不能走神
130336,2352,尹红,2021-01-21 02:20:23,1,1,0,上课完全不知所云，还会疯狂点名，建议选隔壁班老师
143655,2352,尹红,2021-11-30 07:25:26,5,5,0,上课自己都不知道在说什么，一副高高在上的样子，还抱有很严重的歧视心理，整个上课挨着趟的问问题。
161860,2352,尹红,2022-11-14 14:45:00,0,0,0,不上老师的课是一种人生的损失，上了老师的课会损失人生
161861,2352,尹红,2022-11-14 14:42:10,2,2,0,剧毒术士尹红
161863,2352,尹红,2022-11-14 14:46:29,1,1,0,没上老师的课是一种人生的损失，上了老师的课会损失人生
172767,2352,尹红,2023-05-06 10:55:19,0,0,0,不是啥好人
15395,2392,叶丽丹,2016-01-14 08:13:23,1,2,1,不错的
63727,2413,包永忠,2017-12-13 14:33:43,0,2,2,最棒的老师，没有之一~
191862,2413,包永忠,2024-05-02 08:13:10,0,0,0,老师挺好的
200679,2413,包永忠,2024-10-21 02:30:16,0,0,0,经常送小零食
218916,2413,包永忠,2025-05-13 08:31:24,-1,0,1,好老师！现在还教化工流变学的课，确实是很难，讲的还是很好的。不怎么管学生来没来其实，平时待学生也是很好的 ！
128123,2426,阳永荣,2020-12-08 03:07:41,-8,5,13,实至名归！浙大这位老师，好样的！\n\nhttps://mp.weixin.qq.com/s/irTurhFtf0mJcfoLpAGOYQ\n\n第十届“三育人”教书育人标兵称号获得者
192026,2426,阳永荣,2024-05-08 02:55:01,8,9,1,出生学院请老B登折磨学生
193882,2426,阳永荣,2024-06-20 12:03:17,5,5,0,出生学院出生课，给分差又b事多。请来洋人放洋屁，你学化工你也寄。
193886,2426,阳永荣,2024-06-20 12:06:58,0,0,0,English  听不懂，作业给分低
79697,2467,范宏,2018-06-13 01:55:32,0,0,0,老师人不错，就是讲课有点***，听不下去。
108677,2467,范宏,2019-05-31 04:10:43,0,0,0,小老头太可爱了
47625,2503,戴立言,2017-02-08 15:51:18,4,10,6,不喜欢，公然说学生烂。
144007,2503,戴立言,2021-12-16 01:06:20,6,7,1,事多慎选
144008,2503,戴立言,2021-12-16 01:06:51,6,7,1,阴间老师。
144012,2503,戴立言,2021-12-16 01:55:35,12,17,5,垃圾老师，垃圾课程\n\n2学分的课任务有5学分那么重\n\n第一节课课程介绍明明说只有大作业和考试，没有平时作业\n\n戴立言上的那几个星期，故意每周四早八课布置一个作业，作业还要有目的，方法 意义，结论 ，参考文献，这不是小论文吗？？？\n\n戴立言原话：我知道你们早八的课起不来，所以我每次都要在早八课布置作业\n\n就恶心人呗\n\n另外，老师教学水平极差，就是个逼王\n\n化工的学弟学妹们换单国荣老师的班上吧\n\n可惜最低是一分，不然我真想给他打零分\n\n哦对了，一次课，课前签到一次，课后点名一次，听说他课题组一天签到六次，可真是怕极了学生溜号
144013,2503,戴立言,2021-12-16 02:02:44,14,16,2,第一次评价就给他了 一节课三句我当年 两句我最自豪的 题外话里找课的内容 没事干点名能点十分钟 \n\n事情巨多 学期开始说好的不布置作业 现在天天一堆作业\n\n不想学生走神你倒是讲好点 讲成这样是想大家和你一起燃烧生命吗\n\n老师求求了 别再炫耀你大学化工原理精馏塔设计大作业全班最高分了
144014,2503,戴立言,2021-12-16 02:09:29,6,6,0,《化学工艺学》，这门课本身就有大问题，暂且不说\n\n前面潘鹏举老师第一节课已经说明了成绩构成，您这又冒出来一堆小作业。\n\n还不是预先设计好的作业，是讲到哪里拍拍脑袋就布置一个。作业毫无合理性与科学性，什么数据都不给让你算填料高度，又要写小论文说某产品是不是绿色产品。\n\n如此随心所欲地布置作业，作业还如此荒唐，是否合乎教学规律？是否符合教学原则？\n\n讲课水平也一般，“我当年”系列也忍了。只能说希望这坨作业最后不占成绩了
144240,2503,戴立言,2021-12-21 01:54:06,0,0,0,哈哈哈
145796,2503,戴立言,2022-01-02 11:28:01,2,3,1,有一说一最后一节课讲的还是挺不错的
146241,2503,戴立言,2022-01-06 03:54:25,2,2,0,dly，我的超人（“我没有给你们复习”
147362,2503,戴立言,2022-01-09 17:27:02,1,4,3,我爱dly！最后一节课疯狂挽救风评，整个学期就考前学了一小时都给过了
147365,2503,戴立言,2022-01-09 17:45:56,1,3,2,反转了好吧，平时上课比较发散，但是考试十分替学生考虑，降低了一大截复习难度，只能说，谢谢dly
151365,2503,戴立言,2022-03-01 11:39:44,2,2,0,这个老师有病吧！！
188850,2503,戴立言,2024-01-20 08:27:53,4,4,0,"一共两分，一分是最低分，一分是期末“战术复习”题目分。\n\n1、上课有很多时间是在吹逼自己那""很厉害""的课题组和“学霸经历”，以致于一节课基本听不到什么有用的知识，半个学期听下来只知道他很喜欢炫耀自己的过人之处，或许他一直很厉害，但是我上这门课不想知道他有多厉害，我只想知道这课我能上到什么，谢谢您了。不过这门课毕竟是考前才学习和硬背的知识我也说不上来意义在哪。\n\n2、考试的内容并不多，我是很快写完就交卷了，结果这老师等一批人交卷走完之后才告诉每个考场的人，你们最后一题要注意一下，写出比值才行等等，很无语，哥们甚至是出分之后才知道这件事\n\n3、给分出奇的低\n\n4、考前最后一节课会告诉你他交的部分可能会考的题有哪些，唯一可以算是加分项\n\n5、上课偶尔点名，看心情\n\n6、离谱的点在于，这门课两个老师，第一个老师会在第一节课说明白这门课的分数构成和需要完成的任务，结果学期中换成他上课之后，就按照他的心情来布置作业了，注意这是额外的作业，他也没有解释这作业和分数的具体关系，而且非常随意，我们第一次布置了个解释“注氨”的作用的作业，结果后面课上又说有新的作业，注氨的作业你们可以不用交了大概就这意思，哥们都写完了，大无语\n\n7、再一次，给分很低，慎选吧，记得看他最后一次课的回放，如果是在没有回放的教室一定要去现场听\n\n\n\ndly金句分享：\n\n1、我对我们组的研究生都很严格的，每天必须签到很多次（骄傲的语气捏）\n\n2、我对我们组不喜欢招浙大本校的学生，只招外校来的，然后大概是说外校的多听话多刻苦之类的，说浙大本校的怎么怎么不行，我寻思不应该是本专业的人上过听过你的课，是个normal guy都不想来的吧\n\n3、我是学霸，哈哈哈，我年轻的时候专业第一，哈哈哈\n\n想不起来别的了，嗯"
197314,2503,戴立言,2024-07-11 01:39:54,2,2,0,很晦气的老师，每每想到，彻夜难眠
118993,2511,蒋新,2019-11-09 04:40:30,2,3,1,好听的
141640,2511,蒋新,2021-10-18 15:38:24,1,1,0,老师特别好
57996,2528,钱超,2017-07-21 08:49:20,2,3,1,老师人特别好，一定要选～
86073,2528,钱超,2018-09-04 01:09:21,7,9,2,很好很认真
107086,2528,钱超,2019-05-01 12:09:37,-3,4,7,化工热力学 中间有一次点名性质的小测记得不要错过 最后一节课一定要去 把考试重点划得很清楚了 学习指导后面三套题记得做掉 可能会遇到较多原题（利益相关：来自一个考完试才发现指导上有好多原题还大多都错掉了的4.8）
190981,2528,钱超,2024-03-27 09:47:36,6,8,2,110前期声音小的跟蚊子一样。\n\n后期有所改善，大概比蚊子声大点。但是至少比原来强，备课了。\n\n希望钱老师好好做科研，不要祸害大一学生了
192490,2528,钱超,2024-05-22 02:25:26,0,1,1,现在在海宁教ECE110和PHYS212这些和电有关的基础课\n\n感觉人还不错，但是讲课声音太小，然后英文口语水平不太行，教学效果一般
195721,2528,钱超,2024-06-29 17:41:05,2,2,0,钱老师很认真负责，会耐心回答同学问题
204687,2528,钱超,2024-11-27 10:34:30,0,0,0,okk
216552,2528,钱超,2025-03-18 08:53:54,1,1,0,爱死你了超超
45189,2542,徐刚,2017-01-19 06:23:43,-1,4,5,我上的他和韩高荣的新生研讨课，我平时表现不敢说最好但我是很积极参与课堂讨论，积极沟通的，并且论文和ppt下了很大的功夫，我很想问一下老师为什么我的得分那么低
71472,2542,徐刚,2018-01-28 13:28:21,0,4,4,徐老师人还是不错的 平易近人
36595,2584,南碎飞,2016-11-15 04:18:37,1,1,0,唉，不太能听懂啊
54667,2584,南碎飞,2017-06-30 03:50:06,-1,0,1,有点死板
60862,2584,南碎飞,2017-10-31 13:15:18,6,9,3,南碎飞老师态度认真，对内容讲解深入，是个认真负责的好老师。但是南碎飞老师采用课堂抢答的形式，导致同学间恶性竞争，抢分，把课堂弄得有点恶心\n\n
61588,2584,南碎飞,2017-11-19 03:45:47,2,2,0,老师人很好
75666,2584,南碎飞,2018-03-15 02:52:49,1,1,0,我觉得老师讲的很清晰 这么枯燥的课我居然还蛮感兴趣的！
78377,2584,南碎飞,2018-05-11 07:50:52,3,4,1,恶竞严重…
84420,2584,南碎飞,2018-07-12 22:44:16,2,2,0,严谨认真!
85196,2584,南碎飞,2018-07-16 04:12:24,1,2,1,恶竞严重，出分极慢
86724,2584,南碎飞,2018-09-18 06:27:59,-1,0,1,半强制上课回答问题，做课外思考题（很难做）
111085,2584,南碎飞,2019-06-29 13:53:53,1,1,0,憨憨化原 我没说老师 我是说这门课
123780,2584,南碎飞,2020-06-14 06:16:39,0,0,0,永远的神
34711,2597,杨健,2016-10-19 02:50:15,3,3,0,讲课真差真差，太差了，估计他自己都不知道讲的什么玩意儿，乱七八糟，讲不清楚。
34855,2597,杨健,2017-01-22 15:16:10,0,0,0,辣鸡不解释
47617,2597,杨健,2017-02-08 11:13:50,4,4,0,上课极无聊，一半时间在讲上次课的东西
88611,2597,杨健,2018-11-03 16:47:03,2,3,1,不知道在讲些什么，嘴也不能说块，但是一直叭叭叭说个不停，关键是毫无重点之分，别人详略得当，他是略略得当，反正听他上课是真的煎熬、难受！
145984,2597,杨健,2022-01-05 02:12:11,1,3,2,讲课真的不行，他讲的课，ppt，教材完全是三种形式，建议看书自学。\n\n出卷也拉胯，考前一直强调乃氏图和伯德图，结果乃氏图一点都不考，伯德图也考的很少，大部分都在考传递函数。\n\n这1分就当给他的颜值吧，长得确实帅😅\n\n讲课真的0分，虽然脾气很好
145988,2597,杨健,2022-01-05 02:29:40,16,16,0,傻逼老师，讲课不会讲，出卷也不会出。学了半年，考个概论，重点的一点没考。上课窸窸窣窣地念，ppt也没法看，重点也没有，还要点名，上他的课纯纯的浪费时间，浪费生命。
146040,2597,杨健,2022-01-05 07:52:52,3,4,1,老师人还算可以，但是这讲课水平真心无语，讲了整本书，圈了几乎整本书，考试连三分之一都没考到。一个无聊课配一个讲课无聊老师，真是绝了。一个学期就属我在写作业时学的多；考试内容更离谱，连个作业题的内容都不能概括全——简单是好，但是简单到心里不平衡，简单的你觉得你的付出没啥意义，总有一股闪到老腰的失落感。总而言之，由于讲课水平，我就给个低分吧
146375,2597,杨健,2022-01-06 11:13:18,9,11,2,垃圾，过控人的噩梦。\n\n楼下的说帅，帅你妈哦？？？
147555,2597,杨健,2022-01-10 08:16:59,6,6,0,我只记得前几次课讲拉氏变换的时候，一个变换式右边有没有乘s这项都拎不清楚，迷惑且自信，一会儿说ppt错书上对，一会儿又说书上也错，到头来就他自己错，上课条理模糊，照着ppt念一通就完事，除了语气温和我找不出别的优点了
150739,2597,杨健,2022-02-16 09:35:45,-3,1,4,驳回，给分还好，老师人也不错
182456,2597,杨健,2023-11-16 06:42:33,2,8,6,帅哥老师，爱了😘
186395,2597,杨健,2024-01-11 02:51:59,0,2,2,说帅的羁
186629,2597,杨健,2024-01-12 07:55:47,6,6,0,推荐大家看bilibili上面董景新老师的控制工程基础，一共27小时，讲课条理清晰，层次分明
186993,2597,杨健,2024-01-14 05:00:17,4,4,0,真不行
187174,2597,杨健,2024-01-15 03:02:23,4,5,1,过控人避雷吧……
187194,2597,杨健,2024-01-15 04:18:13,3,3,0,狗屎老师搭配nt助教开设的狗屎课程 请你品尝
187944,2597,杨健,2024-01-18 01:02:09,1,1,0,基尔啊
189482,2597,杨健,2024-01-24 20:48:27,6,6,0,实话实说，没觉得给分多好，上课第一节课复习上节课的内容（经常从头讲浪费时间），第二节课开始还是复习，等讲新课的时候也没啥好例子读完概念就完，中间的计算过程跟我们说不用看，第三节课点名回答问题，但其实你还没搞懂问什么他就自己在说了，让人摸不着头脑，如果有回到学期出的机会的话我会直接看B站的课，每节课都提到matlab，但是自己从来不给学生演示一下，对某几个视频情有独钟，一学期放了三五遍，到期末复习课还在放，复习课讲的很多都没考，期末传递函数的题目整得很麻烦，奈氏图只在小题里有一道，😅
189515,2597,杨健,2024-01-25 08:42:26,1,1,0,别样的玩意儿，我阐述你的梦
127179,2607,方仕江,2020-11-12 06:36:35,1,1,0,上课挺困的(๑ó﹏ò๑)
7011,2668,黄梅,2015-08-27 04:07:49,1,2,1,好啊
17572,2668,黄梅,2016-01-20 12:19:59,0,1,1,打满分保平安啊啊
92476,2668,黄梅,2018-12-30 04:38:44,0,0,0,各种压缩同学展示时间，每周都需要拖堂，讲课没有章法
127154,2668,黄梅,2020-11-11 03:48:37,0,0,0,她还是那么喜欢拖堂，上课没有章法。
133298,2668,黄梅,2021-02-24 04:31:30,0,0,0,上课像是和尚念经，干巴巴的，不睡觉都难。
70326,2717,单国荣,2018-01-26 12:47:46,8,23,15,超级严格
76561,2717,单国荣,2018-04-15 03:09:05,-5,17,22,奇葩中的战斗机
125599,2717,单国荣,2020-09-12 08:06:58,15,31,16,严格，但是学生真的能学到知识
141864,2717,单国荣,2021-10-28 07:48:40,3,7,4,很严格
142022,2717,单国荣,2021-11-04 05:32:13,-4,8,12,脑回路多少有点问题
143836,2717,单国荣,2021-12-08 06:28:57,-5,2,7,网课看不清，听不清，自顾自得讲
146196,2717,单国荣,2022-01-05 20:40:36,1,4,3,很和气但是同时很严格，痛
150330,2717,单国荣,2022-01-22 14:00:34,2,10,8,太严格了
161045,2717,单国荣,2022-10-25 01:52:58,4,6,2,怎么说呢 严格但是人还不错
182075,2717,单国荣,2023-11-09 13:15:10,0,8,8,认真上课不如提前知道答案，复习得好不如专业对口
192244,2717,单国荣,2024-05-13 02:13:03,-3,6,9,就你定的几把培养方案，傻逼是吧
199467,2717,单国荣,2024-09-24 06:54:54,-4,2,6,挺逆天的上课
200180,2717,单国荣,2024-10-14 15:03:32,1,8,7,工院写作给分好低
201139,2717,单国荣,2024-10-29 08:43:36,-4,3,7,😅😅😅
201282,2717,单国荣,2024-10-31 06:01:41,0,8,8,学术论文写作，课堂测试出一堆正常人犯不出来的错误玩鸡蛋里挑骨头，用纯纯化学专业的题目考其他专业的学生，写论文画图只知道一个word+origin的固执老古董，讲课集贸意思没有就会吹牛逼，靠恶心人刷存在感的老毕登一枚呀🤗
201283,2717,单国荣,2024-10-31 06:02:17,-4,3,7,纯种的脑缠
205365,2717,单国荣,2024-12-05 06:30:41,-6,1,7,论文写作课，喜欢讲尿不湿，喜欢扯淡。\n\n先给一分了
206971,2717,单国荣,2024-12-19 02:10:07,7,7,0,老师人还不错，我是那种不写论文什么都行的人，只要别让我写论文和综述那就是我的大救星。\n\n虽然上课过程考试很痛苦，但是挂不了就行，下课从来没复习过，上课美美拿70分。\n\n上课考试痛苦半个小时，下课写论文痛苦四五天。\n\n上了研究生上这种写作课还能不写综述和论文，就冲这一点冲了。\n\n其他写作课老师都是综述+论文+读书报告，还不让抄，想想就难受，想想就痛苦，想想就受不了。
208109,2717,单国荣,2024-12-25 15:40:36,1,3,2,老师人好，但是课堂测试题有些真抽象，给个中肯的分数。
208388,2717,单国荣,2024-12-27 10:04:07,4,5,1,化工学院，研究生论文写作指导，给个中肯的分数，老师人挺好的，除了某些考试题实在想不到能这样出。\n\n好好学学，稍微看一下，上个90分还是挺容易的，班里有好多大佬连续几次都是满分。我差不多每次都是90多，这也没办法，承认自己能力有限，水平不足，不是啥丢脸的事。\n\n毕竟是自己院的老师，人还不错，9分我给了。
218799,2717,单国荣,2025-05-06 06:30:22,2,2,0,偷偷在钉钉群里讲不在教务系统上更新上课时间，专门为了扣学生的到课分。\n\n科学写作规定图画多大是真的唐完了，画图还用你教？\n\n很喜欢他的一句话：“就一个小小的硕士也敢对学术前沿指手画脚。”\n\n怎么？没了硕士谁给你这种屁也不会的老板干活？
11507,2731,匡继勇,2015-12-03 05:53:27,4,4,0,棒棒哒
58372,2731,匡继勇,2017-08-30 04:14:06,3,3,0,不错的\n\n
58714,2731,匡继勇,2017-09-15 11:05:12,3,3,0,不错哦
61373,2731,匡继勇,2017-11-15 13:26:23,2,2,0,很帅很幽默
74450,2731,匡继勇,2018-02-25 04:43:54,2,2,0,帅 好
104908,2731,匡继勇,2019-05-04 05:43:18,0,0,0,很好啊
107342,2731,匡继勇,2019-05-04 05:43:12,2,2,0,多多管教您的子女拜托了
162425,2731,匡继勇,2022-11-22 05:50:56,0,0,0,老师人好，但课不好
212230,2734,袁慎峰,2025-01-17 06:09:58,6,6,0,化学工程与生物工程学院，专硕，工程实践I，老师人非常好，作业量很少，但是期末考试有点难绷，可能是这门课本身闭卷的性质导致分数考不高，而且要背的东西有点多，本人期末总评84分多一点。给老师个中肯的分数。
63677,2810,魏作君,2017-12-12 12:02:30,-3,3,6,老师很有激情，ppt做的很好，老师很认真人很好
85635,2810,魏作君,2018-07-23 09:17:12,0,1,1,大家自学吧
85636,2810,魏作君,2018-07-23 09:17:30,0,1,1,还不如自学收获的多
112057,2810,魏作君,2019-07-03 10:30:55,0,3,3,一般般。
139089,2810,魏作君,2021-07-12 14:56:14,0,1,1,垃圾老师，神经病，快跑
139226,2810,魏作君,2021-07-13 10:57:25,2,3,1,傻逼老师不解释
202331,2811,雷乐成,2024-11-11 15:56:46,1,1,0,很抽象，今年考试居然在冬学期第一周原教室，和别人重了还把人家赶出去，每节课都点名
202645,2811,雷乐成,2024-11-13 15:04:00,3,3,0,emmmm，老师挺划水的，但就是课程评价体系很少，可能文献综述加答辩就是唯一的评分标准，好的组90来分，不好的组60分，大家工作量其实差不多，就感觉差距挺大的，60分太难受了。虽然最后给了我一个中规中矩的分数。但是，有一说一，在他的课上划水很舒服。
173187,2827,李中坚,2023-05-15 06:20:56,-1,1,2,给分好差啊。。。
173242,2827,李中坚,2023-05-16 13:22:06,0,1,1,老师挺好的，只要该背的背了，其实给分也不错
218049,2827,李中坚,2025-04-20 02:09:15,1,1,0,老师，上课还是挺认真的，只要期末自己好好背了，分不会低
52324,2848,吕秀阳,2017-06-18 10:57:55,5,7,2,半节课讲人生理想。提前半小时下课。1/3的课程用来展示。不管你到或不到。
53522,2848,吕秀阳,2017-06-27 01:44:58,-1,2,3,中等就2.5？
202647,2848,吕秀阳,2024-11-13 15:11:02,4,4,0,一学期就点两次名，老师一看就很敬业，而且老师很和蔼，批改作业真的很认真，而且感觉得出来他是真的希望同学们以后可以有所作为。课堂很轻松。老师人很好，最后给了我90分。
216663,2848,吕秀阳,2025-03-20 10:24:48,-1,0,1,这是一个可有可无的人
216768,2848,吕秀阳,2025-03-24 11:19:52,1,1,0,提前两小时下课
20448,2898,叶笃毅,2016-01-27 14:53:53,2,2,0,。。。
47618,2898,叶笃毅,2017-02-08 11:15:28,4,5,1,上课很难，但考试很简单。考试时全是前四章的内容
72629,2898,叶笃毅,2018-01-30 14:24:48,8,8,0,有毒？？？？？？上课就照着ppt讲，没逻辑性，给分还贼烂，没话可说了
123524,2898,叶笃毅,2020-06-09 10:29:34,1,1,0,考试题全是书上的，不知道怎么批的卷子
132954,2898,叶笃毅,2021-02-05 11:11:53,5,11,6,讲课思路清晰，认真负责，没有问题；考试难易结合，没有问题；但结合开卷考的形式和改卷标准之后，问题就大了。考卷上60%以上的题目能从书上翻到，改卷结果正确后还要抠住每一步答题过程（例如求边界条件必须要先写出书上那两条原始公式，不可以在说明l、m的含义之后直接写出边界条件；求半径改变量，我的表达式中包含自由变量I、K，并已注明取0，老师会认为这不是最终结果；总之稍有闪失会丢失大量过程分），感觉最后筛选出的不是思路清晰、有理科思维的同学，而是按部就班事无巨细擅长抄书的同学。在2021年感觉穿越回了清朝参加了一场八股文的考试，还蛮有意思的。在拿了大学生涯最差绩点请求复核后，我向老师提出了有关课程的建议，老师说这只代表你一个人的想法，不要把自己看得太高了。我觉得把自己看得太高的人不是我。
165491,2898,叶笃毅,2023-01-07 07:15:12,4,4,0,一句话，贼烂
165545,2898,叶笃毅,2023-01-08 08:29:18,7,7,0,个人感觉能源老师里面最差劲的一位，无语
183974,2898,叶笃毅,2023-12-05 08:02:37,7,7,0,首先说明，这门课我挂了，可能会有点情绪化的成分，我尽量保持客观的陈述，仅供参考。研究生弹塑性力学这门课上课主要是讲解弹塑性力学基本内容和经典案例推导，但是教材要自己准备，课后没有作业习题。考试是开卷考试，难度梯度设置不合理，全都是解答题，分数大头都是推导几何体应力状态。如果没有在书上找到原题，解答会比较困难，需要有较高的数学功底和理论力学分析经验。我基础不够扎实，课上也没有非常认真学习，只是掌握了基本的正应力偏应力应力不变量等概念，考试时没有找到一模一样的原题，可最终47分，也是我至今为止第一次挂科的成绩。这门课挂科率应不是特别高，但是需要打破信息壁垒。类似我这样信息壅塞且数学和力学基础不深的同学建议谨慎考虑选这门课。祝大家读研顺利！
183975,2898,叶笃毅,2023-12-05 08:02:37,2,2,0,首先说明，这门课我挂了，可能会有点情绪化的成分，我尽量保持客观的陈述，仅供参考。研究生弹塑性力学这门课上课主要是讲解弹塑性力学基本内容和经典案例推导，但是教材要自己准备，课后没有作业习题。考试是开卷考试，难度梯度设置不合理，全都是解答题，分数大头都是推导几何体应力状态。如果没有在书上找到原题，解答会比较困难，需要有较高的数学功底和理论力学分析经验。我基础不够扎实，课上也没有非常认真学习，只是掌握了基本的正应力偏应力应力不变量等概念，考试时没有找到一模一样的原题，可最终47分，也是我至今为止第一次挂科的成绩。这门课挂科率应不是特别高，但是需要打破信息壁垒。类似我这样信息壅塞且数学和力学基础不深的同学建议谨慎考虑选这门课。祝大家读研顺利！
189054,2898,叶笃毅,2024-01-21 12:59:39,4,5,1,专业课最差的老师
198002,2898,叶笃毅,2024-08-23 06:22:26,3,4,1,极其差的老师，指导的本科生挂科，指导的本科毕业生延毕，指导的博士不是转硕就是退学，或者就是拿着本科学历毕业。克扣工资，打击学生，太太太差劲了，学院也不管就纵容的
198369,2898,叶笃毅,2024-09-08 06:52:32,9,10,1,两年前，我还是个本科生时选修了ydy的弹性力学基础，因为他超乎常理简单的开卷考试和随心所欲的给分，我向能源学院写了举报信，但是学院并没有给我反馈，而是直接反馈给了叶笃毅教授，最后不了了之。我原以为此生不会再与他有任何瓜葛，直到前天研究生选课的时候发现他这门弹塑性力学是必修课？现在我除了退学就只剩熬老头把他熬走一个选择，这种感觉真是奇妙。
203517,2898,叶笃毅,2024-11-20 02:25:21,1,1,0,点人起来回答问题都要几十分钟，nm还讲不讲课。
176844,2926,曹堃,2023-06-30 10:58:21,3,7,4,有师风师德的好老师
36175,2928,蔡振云,2016-11-11 00:46:48,0,0,0,好好好
60105,2928,蔡振云,2017-10-10 09:21:20,1,1,0,业内人士传授致富之经\n\n资深玩家分析日化巨细
62285,2928,蔡振云,2017-11-24 03:32:13,0,1,1,为老师疯狂打call!!!日用化学品课超级有趣，对外专业同学特别友好。考试很简单，为外专业同学特意出了备选题。
62301,2928,蔡振云,2017-11-24 05:44:53,3,3,0,谢谢老师给了我人生第一门满绩。对于一个挂了很多次课对上课都没有兴趣的人，听老师讲各种洗发水护肤品口红牙膏等等日用品的配方成分，真的不仅有十二分的热情还能一直做笔记，上课试用sk2神仙水欧舒丹护手霜什么都不在话下，还让我们自制dhc价值179的水晶皂，真的很很很喜欢这门课了。
76426,2928,蔡振云,2018-04-09 03:00:15,0,0,0,化热emmm
107085,2928,蔡振云,2019-05-01 12:09:03,2,2,0,化工热力学 中间有一次点名性质的小测记得不要错过 最后一节课一定要去 把考试重点划得很清楚了 学习指导后面三套题记得做掉 可能会遇到较多原题（利益相关：来自一个考完试才发现指导上有好多原题还大多都错掉了的4.8）
91848,2931,金伟光,2018-12-23 01:22:35,0,0,0,上课非常拖拉，重点不讲，讲一堆无关痛痒的东西
100103,2970,赵永志,2019-01-25 15:05:37,1,2,1,还行吧 老师大题都是作业原题 可惜自己没好好准备；老师讲课挺不错的，也挺负责，每次课都点名，不过流力这课确实比较硬的，还是要靠自己
135066,2970,赵永志,2021-04-28 15:23:08,0,1,1,唉，刚出成绩。\n\n赵老师的计算题是作业题，问题不大。选择题是单选多选混合的，但也不难。\n\n最恶心的个人认为是简答题，被这部分杀疯了，最后绩点非常不理想。\n\n据说满绩的人非常多。\n\n好好看书看概念吧，不要刷题。
172154,2970,赵永志,2023-04-21 01:28:03,-2,0,2,许愿5.0
191734,2970,赵永志,2024-04-29 13:09:41,2,2,0,听学长学姐说挺难，学的时候也感觉有段时间突然上强度变难了，但最后其实考的很简单
218552,2970,赵永志,2025-04-24 13:01:00,1,1,0,这学期工流没点名，可能是上课时间比较好，都是下午，没啥人翘课。本人平时没咋听，作业都按时交了，最后专心复习了一个星期，3.9，比较满意了，课挺难的，但是考的不难，想拿高分就把PPT好好看看，选择和简答看完PPT就能做对了，计算题基本都是原题
141754,2996,鲍宗必,2021-10-24 12:26:37,2,3,1,老师上课是念PPT  推了好几次公式没推出来
34176,3154,蔡谨,2016-09-28 03:10:24,0,0,0,超级无聊……
34177,3154,蔡谨,2016-09-28 03:12:03,0,0,0,上课进度很⋯⋯慢，不停点名提问
34712,3154,蔡谨,2017-03-09 06:38:18,0,0,0,垃圾老师，毁我青春
84395,3171,郑传祥,2018-07-12 17:00:30,1,1,0,可以学到东西
86102,3171,郑传祥,2018-09-07 08:29:46,0,0,0,可以可以
9462,3199,杨国成,2015-10-28 09:30:27,1,1,0,好细心的老师
91541,3224,张庆华,2018-12-13 01:57:28,0,6,6,第一节课上课迟到还拖堂……没热情，喜欢点名。
137383,3245,廖祖维,2021-07-03 15:51:06,3,10,7,上过的课里，最煞笔的老师。
192029,3245,廖祖维,2024-05-08 02:59:03,3,3,0,sb化工系统工程，请niMa的外教
193688,3245,廖祖维,2024-06-15 11:20:21,2,2,0,非常好系统工程，配得上与化工设计一桌吃饭（ ^ω^）
193887,3245,廖祖维,2024-06-20 12:12:44,5,5,0,上完这课深切意识到化工是真的下水道，学弟学妹们也早点润吧
193888,3245,廖祖维,2024-06-20 12:10:09,1,3,2,听不懂English，作业给芬低，还好有学长笔记。1分是系统的极限，不是我给分的极限
17575,3262,黄磊,2016-01-20 12:21:55,6,7,1,帅，爱讲科研故事，给分好
69548,3262,黄磊,2018-01-25 03:37:08,0,0,0,娓娓道来
164712,3262,黄磊,2022-12-24 04:41:53,1,1,0,老师讲课节奏挺好的讲的也很清楚人也很帅，工业微生物是一个课堂展示加期末考
169634,3262,黄磊,2023-02-27 08:12:54,0,0,0,人好好
27076,3275,安越,2016-06-22 16:51:03,6,7,1,老师人真的很好呐
51148,3275,安越,2017-05-19 02:29:01,1,1,0,女神啊，课讲的好，对学生也好
56000,3275,安越,2017-07-03 01:43:59,0,0,0,超级好老师，给分好，人女神，讲的还非常清楚
61514,3275,安越,2017-11-18 06:43:10,4,7,3,一听就是那种喜欢撒娇的小女人哈哈\n\n看着很年轻\n\n经常给加分\n\n过分挺好\n\n上课会挑重点讲\n\n还好吧
86529,3275,安越,2018-09-17 04:59:15,0,1,1,有幸选到老师的课，感谢老师一直以来的照顾。会耐心解答每个学生的问题。幽默风趣。是很好的老师。
111213,3275,安越,2019-06-30 15:15:10,0,0,0,太好了
114346,3275,安越,2019-07-09 23:23:15,0,0,0,老师很棒！
115088,3275,安越,2019-07-15 10:40:12,0,1,1,太好了\n\n
154832,3275,安越,2022-06-06 04:14:13,1,1,0,老师非常好
169064,3275,安越,2023-02-24 07:37:05,0,0,0,老师真的很好~~~~
42813,3351,麻红昭,2017-01-15 08:18:54,1,2,1,口音太重 ！有一次上课讲了半天“娃发”  问旁边同学他在说啥 同学告诉我他在说Wifi(╯°□°）╯︵ ┻━┻
45094,3351,麻红昭,2017-01-19 03:21:50,0,0,0,老师人真的很好，上课一般吧。。。。不知道为什么上课有时听不大懂?给分还好的。
47619,3351,麻红昭,2017-02-08 11:17:10,1,1,0,上课只讲自己的东西，不过勉强还能听得下去
66255,3351,麻红昭,2018-01-14 06:42:46,0,0,0,= =
84486,3393,罗英武,2018-07-13 03:18:33,-2,0,2,啊啊啊啊啊啊啊绩杀
85803,3393,罗英武,2018-08-14 02:53:53,-1,3,4,讲课很好，给分很差:(
113454,3393,罗英武,2019-07-06 17:32:28,9,13,4,老师跟我深度互动，最后挂了我，呜呜呜
113459,3393,罗英武,2019-07-06 17:34:54,4,6,2,我同桌和老师互动了一个学期，但老师还是把他挂了，出门右拐往李伯耿班上走，谢谢！
123793,3393,罗英武,2020-06-14 09:06:36,3,5,2,我就感觉老师在划水，当通识课上呢？放视频的时候也不关自己的麦，放完视频自己总结一下（实际就是简略的重复），然后就堂测，我就不明白，这种事情还需要几个老师一起讲这门课，真是难为您了！
176842,3393,罗英武,2023-06-30 10:54:16,1,4,3,怎么说，我觉得罗老师的学术水平是很高的。上课很有激情，速度略快，建议有时间的话最好预习一下。至于给分，期末成绩70%摆在那里，考不好怪老师绩杀？？？
55348,3396,王正宝,2017-07-01 10:29:35,0,2,2,老师挺可爱
58104,3396,王正宝,2017-07-31 06:00:22,5,5,0,老师超级好
32155,3397,何潮洪,2016-09-22 04:50:15,1,1,0,非常棒！
53123,3397,何潮洪,2017-06-26 03:03:15,0,1,1,老师人很和蔼可亲，上课会讲在化工厂工作的注意事项，大作业忘记交了会让你发电子版，他帮你打印。虽然讲课可能没有其他老师好，但是对学生很好。
54808,3397,何潮洪,2017-06-30 08:56:56,0,0,0,很厉害\n\n
78481,3397,何潮洪,2018-05-12 09:02:43,1,1,0,屌。。。
106092,3397,何潮洪,2019-04-25 02:32:21,1,1,0,何老师挺好的，答疑很有耐心，不过就是口音重了点，刚开始可能会有点不习惯哦
37976,3409,金志江,2016-11-22 14:11:04,2,3,1,。。。
172537,3463,李素静,2023-04-29 04:37:17,-1,0,1,老师上课挺好，辩论赛也挺好，考试题量大，给分差
173316,3463,李素静,2023-05-18 11:55:32,-1,0,1,老师很好，但给分一般
217686,3463,李素静,2025-04-21 12:36:13,1,1,0,老师人美心善！！！ 快来选这个模块课 辩论赛也挺有意思 考试题目多 但认真复习一定不会差！！！开卷考！！！
68856,3489,唐建斌,2018-01-24 03:44:01,0,1,1,言之有物，对学生很好，很开明
69552,3489,唐建斌,2018-01-25 03:43:01,0,0,0,男神！
83438,3489,唐建斌,2018-07-10 09:35:54,0,0,0,认真听有收获
133503,3489,唐建斌,2021-03-01 10:45:39,0,2,2,上课是真的水，给分是真的低。\n\n佛系老师，水得很快乐，一半的课点名。
93922,3579,杨彬,2019-01-14 09:44:35,-1,0,1,做自己喜欢的事，全靠自学
117341,3579,杨彬,2019-09-23 06:27:46,-1,1,2,课没什么意义，脾气还贼大，连你坐什么座位都要管，不准做任何课程以外的事情。杨彬nmsl
124910,3579,杨彬,2020-07-18 00:55:03,0,0,0,自己没任何水平，念ppt，还要求学生只听他讲。
200025,3579,杨彬,2024-10-11 08:16:15,0,0,0,111
22989,3594,傅杰,2016-03-16 01:32:59,6,6,0,上课不用戴眼镜.....反正基本念书
22990,3594,傅杰,2016-03-16 01:36:33,-1,3,4,颜值还好讲课念经
25772,3594,傅杰,2016-06-07 13:37:31,3,4,1,还好啊
36917,3594,傅杰,2019-02-17 12:00:43,1,6,5,看在傅杰老师上课的笑声和小视频让课上不那么无趣的份上勉强给这个上课扯淡灌鸡汤卷子题目都不自己出考试都不来亲自监考啥都讲不懂啥都不重视的老师及格
136440,3594,傅杰,2021-06-18 02:55:42,34,39,5,打个十分是给上论语导读的傅杰老师打的，不知道为什么老师没有在查老师系统里面，选课系统还把两个同名的老师放在一起了，上了一个学期的论语课，虽然老师一开始表示我很严厉我每次都要听写，但是实际上真的很会站在学生的角度为学生考虑，担心班上理科生跟不上还每次都要问一问，听写最后也就听了两次，也不要求写名字，也没点过名。当然最重要的是老师真的学识渊博，颇有文人儒士的感觉，讲课的内容很广，不是单纯地解析论语的文本，涉及很多其他有关古籍阅读和研究的知识，反正好好听课真的是种享受。还不知道给分如何，但是我觉得是一门好课，对古典文学或是传统文化感兴趣的选了不亏～但是论语还是要背的，实在不喜欢背书的慎选
136508,3594,傅杰,2021-06-19 15:31:10,13,15,2,不了解化工的这位老师，为人文学院的傅杰老师打call！就是要背论语，但是可以学到好多~
138774,3594,傅杰,2021-07-10 22:55:23,28,30,2,人文学院的傅杰老师，我的男神呜呜。一开始想的是老师讲得这么好，就是绩杀我也认了，没办法，我就喜欢这样有文化的男人。结果根本不绩杀嘛，还让我高位满绩了~\n\n想学论语又能背书的宝宝，选傅杰，不后悔~
138792,3594,傅杰,2021-07-11 01:06:25,20,21,1,十分打给人文学院的傅杰老师\n\n真的是那种非常有才非常有底蕴的老先生形象\n\n涵养学识都是上乘\n\n能学不少东西\n\n一点不带虚的，期末考认真背了书就能考高分\n\n给分也超好\n\n吹爆傅杰老师
143015,3594,傅杰,2021-11-18 08:03:27,0,3,3,傅杰老师真是男神！必须十分。
156523,3594,傅杰,2022-06-29 00:43:04,3,5,2,十分打给人文学院的傅杰老师，温和的君子。
162381,3594,傅杰,2022-11-21 09:03:53,4,4,0,讲论语的傅杰老师，上课可水可听，教授的内容很有踏实的学术风骨
163212,3594,傅杰,2022-12-12 06:20:30,8,8,0,10分！论语导读版傅杰。学识深厚，课讲得很好，是一个有趣的老师。这门课只需背诵就可以解决，而能背下《论语》本身就是巨大的收获；另一方面，傅杰先生上课好似说书先生说书，引人入胜，让我收获颇丰，甚至对我的人生都有一定的启示引领作用。“古之学者为己，今之学者为人”，相对我的收获，我最终的绩点（课上到一半不知道绩点好不好捞）倒已经不是很重要了。我是什么课都翘过的闲散人，但是傅杰先生的课，虽然他从不点名，但是我是一节不愿落。得师若此，生复何求？
163907,3594,傅杰,2022-12-16 13:39:46,5,5,0,中文系的傅杰教授讲课娓娓道来、旁征博引，听他的课太享受了！！！傅老师您是我的神🥺🥺🥺🌹🌹🌹
165619,3594,傅杰,2023-01-09 04:29:06,1,1,0,论语导读：上课从来不点名。知识渊博，底蕴深厚，讲课很平实易懂。绩点基本看最后的闭卷考，认真背书（略多）满绩了。
165623,3594,傅杰,2023-01-09 04:45:01,1,1,0,上的论语导读，只要认真背书就能拿高分，认真背了一学期最后满上了，傅杰老师真的是个君子，超级有文化，表白助教tsyxjj，人美心善。
166174,3594,傅杰,2023-01-11 09:54:00,1,1,0,论语导读，体验非常好，上课内容很丰富，但是老师不点名可以不听。助教tsy小姐姐温柔又可爱，很能捞。记得好好背论语就行。满绩了，谢谢老师！
169316,3594,傅杰,2023-02-25 11:18:01,1,2,1,有自己的一些观点，但更多在于说明，给你介绍与论语相关的一些知识。实话说一倍速有点无聊，真想听其实直接喜马拉雅上搜傅杰讲论语，建议倍速。我个人三倍速（一般听书都是三倍）。反正课上从不点名，这是他的底线，想水就水。听写说说很多，其实还好，我因为疫情只有1次。如果你真的肯背，满绩还是很简单的
172077,3594,傅杰,2023-04-19 02:30:01,2,4,2,工科牲这学期被各种专业课压得喘不过来气，很怀念大一上学期周一晚上的这堂课，是我最喜欢，而且从来没水过手机的课，也是我第一次感受到什么是谦和君子 什么是大家风范
185527,3594,傅杰,2024-01-01 16:41:23,4,5,1,老师很好 但是楚辞研究不怎么讲楚辞 而且在元旦前夕突然布置四篇背诵
186856,3594,傅杰,2024-01-13 09:20:10,4,4,0,楚辞研究，八分，不点名。不点名挺好，我起不来的早八都在宿舍安心地看智云。背诵默写确实应该开学就划好范围，而不是期末周之前突增四篇。这个应该指出。\n\n老师讲楚辞是相当拓展学术视野的，当然是在版本，校注，以及目录这几方面。实际关于文学的那一部分老师几乎不怎么涉及，估计他自己可能也想得到与其生搬硬套地给学生填充阅读经验，不如让学生自己去读吧。老师也爱提陈年往事，说实在的那些有可能如雷贯耳的名人实在离我们遥远了一些，听得有点困困的。\n\n既然上这门课，就还是有必要找一本楚辞。避雷林家骊的中华书局三全本，推荐金开诚和游国恩（我找的电子版），金开诚很踏实，游国恩特详细。
187770,3594,傅杰,2024-01-17 10:47:47,2,5,3,10分～送给文学院的傅杰老师\n\n这个学期上了老师的楚辞研究，真的很有启发性！老师颇有长者之风，上课是不点名的，开学的时候说如果早上太赶的话在课上吃饭亦可www\n\n再谈一下课程吧～傅子师承姜亮夫、王元化和胡奇光三位先生，文献的功底是极好的。老师的楚辞课程也会更偏重文献，这个学期的课程也围绕着楚辞与训诂、音韵、版本、目录诸学展开，私以为是颇不错的文献学导入课。期末作业是古今注对校，其实没有大家想的那么难，可将《补注》《集注》与金开诚《屈原集校注》比对，闻一多和郭沫若的注比较好找问题（诗人学者比较容易飞出去hhhh）\n\n另外默写的话其实每天背个8-10句，任务量就很小啦！（大家别担心hh）\n\n很推荐！天不生傅子，万古如长夜hh
187778,3594,傅杰,2024-01-17 11:26:21,2,3,1,来评一下。说实话我本来就对文献学没啥兴趣 选这门课主要是想听听老师对楚辞的见解，但是这门课更像是文献学入门？上课实在有点听不下去。当然这是个人兴趣的问题，不完全怪老师。但是希望减少一些名人八卦，一大早起来听这个真的有点不值……关于考核和成绩，背诵量合理，布置时间不太合理但是老师自己已经意识到，后续应该会调整。给分的话今年第一次开，很多高年级同学选，所以拿优秀确实比较难，但老师确实没有刻意为难我们。适合文献基础较好的同学。
188916,3594,傅杰,2024-01-20 15:37:58,0,0,0,没背书就是3.3，死的好惨啊
189021,3594,傅杰,2024-01-21 09:19:26,3,3,0,今年的论语还是蛮硬核的，对章句翻译和句读有了较高的要求，但认真准备会收获很高的分数。
189928,3594,傅杰,2024-02-03 02:30:38,3,4,1,论语导读\n\n傅杰老师永远不点名，想来就来，想走就走。期末考核内容就是论语句子的句读、翻译还有一道对于孔子思想的论述题，考前冲刺复习一下就行。助教小姐姐很会捞人，表白tsy小姐姐。最后收获了5.0，相当开心！！！
192450,3594,傅杰,2024-05-20 10:11:54,-8,4,12,文化名流。要说有多少真学问，接触过好老师的学生一眼自可分明。
192906,3594,傅杰,2024-05-31 12:31:48,1,2,1,傅杰老师是文学院最可爱的老师，没有之一！！！没上过论语导读的人都有难啦！但就是会要求背书就是了，，，
207885,3594,傅杰,2024-12-25 00:49:30,2,8,6,楚辞研究：水水水水水\n\n真心想学楚辞的话，大概是不能从这课上学到什么真东西，但是老师会让你背几个篇目，也算是给你指个自学门路。\n\n自己政见偏激就不要在课上大谈特谈，说是“我不敢说”实际上什么都说了，既说了就不要装作不敢说。还有傅老师提到“全中国”的时候也许不需要特意强调“这里我所讲的也包括tw和xg”，除了讲台上的人，也许讲台下的人都默认以上两个行政区域是中国的一部分。\n\n另，人还是很好的，不点名，但是上课的政治历史部分、学术圈子掌故部分疑似有点太多了。
213050,3594,傅杰,2025-01-16 01:27:09,-1,1,2,爱你傅老师！！楚辞研究给分太好了吧！！！
213336,3594,傅杰,2025-01-17 03:52:31,1,1,0,上的楚辞研究，背楚辞说实话确实有点痛苦，可能是因为我都是提前两天左右集中背的；未来选这门课的同学要是想默写不丢分一定要好好背啊…………\n\n论文的话老师和助教强调多读几个注本，有自己对于不同注本之间联系的思考，而不是脱离注本、完全拘泥于楚辞内容本身。可以结合上课提到的/历史上比较著名的楚辞注本来读。
214760,3594,傅杰,2025-02-17 13:02:07,2,2,0,*论语导读\n\n夫子循循然善诱人，博我以文，约我以礼，欲罢不能
214893,3594,傅杰,2025-02-19 03:02:46,0,0,0,论语导读\n\n不点名\n\n想拿高分突击背一两天论语就行（会划定章节的）
220352,3594,傅杰,2025-06-17 12:08:46,1,1,0,针对论语导读这门课，会背的话分还是不错的，我背了一个学期的论语（平均一星期一章），最后拿了92.虽然花的时间蛮多的，但我觉得傅老师本人也是一个很好的人，这不是一个不学就能拿高分的水课，所以想水通识的慎选，如果对论语有兴趣并且愿意努力的话，我觉得可以试一试。
220415,3594,傅杰,2025-06-18 01:22:53,1,1,0,论语导读，如果不能保证扎扎实实熟背论语前九章的话慎选，课程考核有一定难度，但平时上课很水，老师人很好，且从不点名
77842,3622,周珠贤,2018-05-08 05:46:43,1,2,1,还行吧啊啊啊啊啊啊啊啊啊
60848,3629,邢华斌,2017-10-31 07:50:50,-5,8,13,xhb牌粉笔......
213376,3629,邢华斌,2025-01-17 06:14:47,4,4,0,化学工程与生物工程学院，专硕，工程伦理，老师人很不错，上课划水，给分很好；就是课程考核体系玩的有点花，事情微多，但非常好混。
150612,3638,何奕,2022-02-04 14:10:13,1,3,2,上的何老师的工业生态与环境概论，和李素静老师合上，没有平时作业，大作业是一个辩论赛\n\n老师非常和善
216424,3638,何奕,2025-03-16 12:33:16,1,2,1,还行 就是总放绿色字幕油管视频
216425,3638,何奕,2025-03-16 12:34:14,3,4,1,喜欢大语言模型 上课会讲点conda
216649,3638,何奕,2025-03-20 05:23:39,16,17,1,化工学院最懂ai的教授\n\n非常好的老师，使我的vs code运行
216650,3638,何奕,2025-03-20 05:26:37,2,3,1,上课会介绍前沿ai
216657,3638,何奕,2025-04-01 12:10:09,-15,0,15,爱党爱国的好老师！！
216691,3638,何奕,2025-03-21 04:59:37,8,9,1,I think he is a great teacher who teaches me Pinyin， which is the only way for me to understand Chinese culture
216692,3638,何奕,2025-03-21 05:16:30,6,7,1,这位老师的课堂非常有趣，充满了活力🎉。他喜欢播放视频📽️来辅助教学，使课程更加生动🎬。他的想法很多💡，总是能带来新鲜的角度和观点🌟。此外，他还喜欢畅谈大局📢，指点江山🌍，展现出对世界的独特见解✨。爱来自文莱
216916,3638,何奕,2025-03-29 04:35:54,2,2,0,纯江湖骗子
20206,3727,郭彪,2016-01-26 13:56:43,1,2,1,思修不错
38508,3727,郭彪,2016-12-07 08:49:46,0,0,0,其实老师讲课挺中规中矩的。（虽然一开始很好奇为什么他会来上法律课。）能够感觉到他有在努力提高课堂的活跃度，让更多人参与进来。（太冷的时候会直接点名。）（有时候会给我们看有趣的视频，然后举一些比较好玩贴近年轻人的例子。）
69531,3727,郭彪,2018-01-25 02:51:37,2,2,0,无聊，给分差
69730,3727,郭彪,2018-01-25 09:32:46,1,1,0,没水平。。
70655,3727,郭彪,2018-01-27 10:38:51,4,7,3,讲课还可以，事情有点多了，给分差……一门思修课还拉掉人家均绩就不好了吧。考前还跟我们说，不会硬考知识点的，给分都会不错的，题库是没用的。看到试卷的那一刻，呵呵。看到绩点的那一刻，呵。
73902,3727,郭彪,2018-02-03 12:37:08,1,1,0,给分太差了！
85553,3727,郭彪,2018-07-19 09:09:08,4,4,0,官僚气息浓重
123895,3727,郭彪,2020-06-16 00:53:31,0,0,0,思修体验不好
82067,3823,成有为,2018-07-07 04:22:41,1,4,3,奇葩老师，精细化工一开始让我们自己选择考核方式后来又说这门课还是要考试，一开始说开卷后来又说闭卷，最后众多同学反映才改成半开卷。考试时间到考试前一周才定。有同学那个时间有别的考试一开始还说没办法，感觉就是那种有问题不是想解决而是想回避。学弟学妹们慎选?
82069,3823,成有为,2018-07-07 04:26:02,0,2,2,只能说，老师秀，很秀，陈独秀，蒂花之秀，造化钟神秀
116018,3823,成有为,2019-08-30 08:58:07,0,0,0,研究生课给分坑，很随意的感觉
126202,3823,成有为,2020-09-19 13:12:38,3,5,2,老师胡言乱语
126204,3823,成有为,2020-09-21 13:43:11,7,8,1,讲什么在
126205,3823,成有为,2020-09-19 13:13:04,-1,1,2,老师好
126229,3823,成有为,2020-09-20 07:12:04,0,0,0,无法理解的思维
129374,3823,成有为,2021-01-04 23:41:06,-1,0,1,呵呵呵
136065,3823,成有为,2021-06-10 15:03:20,0,0,0,讲课其实还行
140753,3823,成有为,2021-09-15 23:44:06,1,1,0,？。.
141091,3823,成有为,2021-09-23 07:08:52,1,1,0,我喜欢他的瘙刚
142689,3823,成有为,2021-11-15 05:42:23,0,0,0,为趋近于1做出贡献
202649,4003,高翔,2024-11-13 15:14:30,8,8,0,yyds！
206383,4003,高翔,2024-12-14 18:01:44,2,2,0,课程考核体系较少，放心选课，大水课。
206384,4003,高翔,2024-12-14 18:01:44,0,0,0,课程考核体系较少，放心选课，大水课。
206385,4003,高翔,2024-12-14 18:01:44,0,0,0,课程考核体系较少，放心选课，大水课。
206386,4003,高翔,2024-12-14 18:01:44,0,0,0,课程考核体系较少，放心选课，大水课。
206387,4003,高翔,2024-12-14 18:01:44,0,0,0,课程考核体系较少，放心选课，大水课。
206388,4003,高翔,2024-12-14 18:01:45,0,0,0,课程考核体系较少，放心选课，大水课。
206389,4003,高翔,2024-12-14 18:01:47,0,0,0,课程考核体系较少，放心选课，大水课。
206390,4003,高翔,2024-12-14 18:01:47,0,0,0,课程考核体系较少，放心选课，大水课。
72539,4086,韦飞扬,2018-01-30 10:37:50,-16,2,18,啦啦啦
72541,4086,韦飞扬,2018-01-30 10:34:34,-18,3,21,教啥哟……
72543,4086,韦飞扬,2018-01-30 10:34:41,-19,2,21,又帅又有人格魅力
72544,4086,韦飞扬,2018-01-30 10:34:50,-16,6,22,韦老师又帅又有才，单身求撩求带走
72546,4086,韦飞扬,2018-01-30 10:40:19,22,30,8,印象不是很好
72549,4086,韦飞扬,2018-01-30 10:50:17,-20,3,23,有点小帅\n\n
72556,4086,韦飞扬,2018-01-30 11:13:36,-15,7,22,教跳舞的，浙大舞王
73594,4086,韦飞扬,2018-02-02 04:38:46,0,8,8,?杀呦
74678,4086,韦飞扬,2018-03-05 05:15:41,18,25,7,辣鸡老师
75326,4086,韦飞扬,2018-03-09 02:47:22,-7,16,23,韦哥男神，啥都会，军训给满了，谢谢韦哥
76536,4086,韦飞扬,2018-04-13 02:29:13,-16,3,19,很帅了，单身请撩走～
84854,4086,韦飞扬,2018-07-14 05:29:14,22,28,6,给分很差很差不推荐
85866,4086,韦飞扬,2018-08-24 12:07:01,-15,5,20,帅哥！！！！
86314,4086,韦飞扬,2018-09-13 11:04:21,-15,2,17,绩点超高，会跳舞很好的老师
86315,4086,韦飞扬,2018-09-13 11:14:54,31,32,1,最后看到绩点的我眼泪掉下来
86317,4086,韦飞扬,2018-09-13 11:05:04,22,26,4,emm班上倒数的我不想说什么……
86318,4086,韦飞扬,2018-09-13 11:05:05,-14,1,15,有钱人
86319,4086,韦飞扬,2018-09-13 11:05:42,-13,5,18,大韦哥强无敌，非常有意思的老师，是个有故事的人
86320,4086,韦飞扬,2018-09-13 11:05:54,-13,8,21,军训指导员\n\n舞王 幽默又严肃 总之很nice\n\n军训总结大会那天给我们表演下腰！！！
86321,4086,韦飞扬,2018-09-13 11:06:12,-14,3,17,感谢韦哥，我不是干部也不会乐器，就靠努力，然后分很高，感谢老师
86322,4086,韦飞扬,2018-09-13 11:06:32,-11,7,18,还是不错的，就是纪律管的比较严，不过军训，很正常啊
86323,4086,韦飞扬,2018-09-13 11:07:13,-14,2,16,韦导超棒啊\n\n脾气好故事多\n\n优秀
86324,4086,韦飞扬,2018-09-13 11:09:26,-14,4,18,超帅，会跳舞，阅历丰富，还会打游戏，还经常带我们一起活动，跟着他一定不会后悔的！
86325,4086,韦飞扬,2018-09-13 11:11:34,-14,2,16,韦导超帅啊，爱好高端广泛，还会跳舞，很随和的
86326,4086,韦飞扬,2018-09-13 11:10:46,19,20,1,时间掐的太紧
86327,4086,韦飞扬,2018-09-13 11:10:46,35,38,3,军训绩点使我自闭 不明白怎么打分的
86328,4086,韦飞扬,2018-09-13 11:11:07,-15,7,22,军训当然点名查人了hhh\n\n韦导经常给我们讲他的故事和见闻，很有意思，休息的时候还带我们做游戏，是摩登舞队的哎！人非常风趣幽默，军训绩点给得也挺高的，我体质不太好，训练时不时吐两下，只参加了队列方阵绩点居然还可以(•̀⌄•́)
86329,4086,韦飞扬,2018-09-13 11:11:17,30,33,3,算了，看到成绩的我，“哇”的一声哭出来了……
86330,4086,韦飞扬,2018-09-13 11:11:23,-7,13,20,韦导是个神奇的人物……跳舞，潜水，旅行，飞行，就问有什么你不会(ಡωಡ)hiahiahia 人很好，对于连队成绩并不是很看重，很会调剂气氛。总之，是个好指导员，值得拥有，军训休息时间必备～
86331,4086,韦飞扬,2018-09-13 11:22:53,21,23,2,绩点特别低，第一次就那么差，特别不想再见到
86332,4086,韦飞扬,2018-09-13 11:26:12,-16,2,18,帅哥，韦导是真的帅，跳舞还很好（sao）
86333,4086,韦飞扬,2018-09-13 11:36:24,20,21,1,很伤心π_π
86334,4086,韦飞扬,2018-09-13 11:43:45,20,23,3,呵呵，自己体会，绩点超低
86335,4086,韦飞扬,2018-09-13 11:43:56,20,22,2,看到绩点掉下难过眼泪
86336,4086,韦飞扬,2018-09-13 11:44:52,-16,4,20,军训吧、最轻松的拿到绩点是最高的
86338,4086,韦飞扬,2018-09-13 12:30:55,-19,2,21,严厉而不失幽默，真＊男神，啥都会，就是不明白为什么还是单身…
86340,4086,韦飞扬,2018-09-13 13:23:50,-16,2,18,抱紧韦导大腿
86341,4086,韦飞扬,2018-09-13 13:36:44,-14,2,16,还行吧  有点没劲\n\n
86342,4086,韦飞扬,2018-09-13 13:44:11,-14,0,14,哈哈哈
86359,4086,韦飞扬,2018-09-14 02:35:22,-21,2,23,军训满绩，韦神赛高。
86458,4086,韦飞扬,2018-09-16 12:05:51,23,24,1,强烈不服。。。
89164,4086,韦飞扬,2018-11-16 07:14:07,21,22,1,给分不好
89903,4086,韦飞扬,2018-11-21 07:54:45,-25,0,25,挺好的，给分蛮公正的。付出的肯定有回报
91679,4086,韦飞扬,2018-12-18 00:06:50,-22,0,22,韦导男神！！！！！什么都会
92810,4086,韦飞扬,2019-01-04 14:21:24,-18,0,18,人很有趣，懂的很多。跳舞摄影设计都会…挺棒的辅导员
96866,4086,韦飞扬,2019-01-21 11:06:19,-20,0,20,军训的时候会讲故事讲一些道理，觉得韦导还是很适合做辅导员工作的
103641,4086,韦飞扬,2019-03-03 11:13:54,-18,0,18,好好好
104366,4086,韦飞扬,2019-03-19 01:31:08,25,26,1,辣鸡辅导员。有时间发朋友圈不回你正经学生会工作的事情。今年终于可以走了拜拜吧您
107333,4086,韦飞扬,2019-05-04 03:23:37,0,3,3,******
107390,4086,韦飞扬,2019-05-04 23:37:49,0,0,0,
108766,4086,韦飞扬,2019-06-01 15:10:44,13,14,1,呵呵呵
109716,4086,韦飞扬,2019-07-01 15:33:25,13,13,0,呵呵呵
110103,4086,韦飞扬,2019-06-23 02:52:55,23,24,1,化工学院的辅导员，同学问正经事从来不回，朋友圈发的飞起，找学生谈话也感觉是各种不情愿带点嘲讽？不可否认他确实有很多特长，但我觉得作为一名辅导员他是失败的，还好今年滚蛋了，眼不见，心不烦
111684,4086,韦飞扬,2019-07-02 14:01:24,16,16,0,辣鸡，给分不好，军训被坑惨了
112473,4086,韦飞扬,2019-07-04 09:59:02,10,11,1,呵呵呵
112876,4086,韦飞扬,2019-07-05 08:01:12,13,13,0,呵呵呵
115020,4086,韦飞扬,2019-07-14 08:32:17,12,12,0,绩点随便给，说的很牛逼。切。
115554,4086,韦飞扬,2019-08-03 09:18:39,14,14,0,给分随意，垃圾
117276,4086,韦飞扬,2019-09-22 06:15:08,15,15,0,就是个傻逼，终于滚动了，整天吹个牛逼，搞着自己很高大上
118054,4086,韦飞扬,2019-10-19 14:13:26,7,7,0,辣鸡，
118564,4086,韦飞扬,2019-10-28 13:34:55,6,6,0,整天吹个牛逼，吃个辣鸡
123175,4086,韦飞扬,2020-05-16 03:17:57,7,7,0,整天吃个牛逼，吹个辣鸡
123239,4086,韦飞扬,2020-05-24 07:51:20,8,8,0,边吃牛逼边吹腊鸡（腊鸡是我国南方的传统禽肉制品
123370,4086,韦飞扬,2020-06-07 02:10:44,0,1,1,一身去国六千里，我就明确告诉你：浪里小飞扬，亦可大赛艇
123745,4086,韦飞扬,2020-06-13 08:43:35,2,2,0,不知道这个傻B会看查老师吗\n\n
127104,4141,沈律明,2020-11-08 10:16:45,1,1,0,嘿嘿嘿
177814,4212,马婕,2023-07-05 02:42:03,-1,1,2,给分特别好！！是化工学院辅导员开得职规，一年好像才一节，特别幸运地选上了，除了期末大作业以外没有课后任务，课上也真的能听到有用的知识，会邀请优秀学长姐来讲，各个专业，真的会有启发！
124034,4538,李伟,2020-06-21 11:55:57,11,37,26,老色批
140684,4538,李伟,2021-09-15 05:57:54,1,2,1,还好吧
141307,4538,李伟,2021-09-29 07:35:21,10,10,0,很搞笑，很可爱，讲课很认真
141775,4538,李伟,2021-10-25 09:49:27,-2,1,3,莫名的油腻感是怎么回事…
144858,4538,李伟,2021-12-25 08:03:59,6,9,3,上课说过一句话\n\n让我感觉他疑似是inm民🤔
150871,4538,李伟,2022-02-20 10:34:44,4,4,0,人很可爱，很搞笑，很会教
160158,4538,李伟,2022-09-14 03:07:45,6,6,0,讲课很风趣 课堂氛围超棒 给分超好
162336,4538,李伟,2022-11-20 10:22:44,3,3,0,他真的很可爱啊能感觉他很努力想把我们教懂了
164278,4538,李伟,2022-12-20 06:31:47,10,10,0,给我冲，伟哥永远的神！！！
164280,4538,李伟,2022-12-20 06:32:23,30,31,1,点名是学校要求的，lw是不喜欢点名滴，你不认真学他真的会生气啊，但是会认真给你回答问题，很亲民的老师啊，小测有问题直接不测了！yyds，lw我爱你！！！
164281,4538,李伟,2022-12-20 06:32:57,3,3,0,直接冲，放心
164283,4538,李伟,2022-12-20 06:34:45,2,2,0,lw永远滴神
164286,4538,李伟,2022-12-20 06:36:10,1,1,0,666伟哥
164287,4538,李伟,2022-12-20 06:37:06,1,1,0,伟哥yyds
164289,4538,李伟,2022-12-20 06:39:25,3,3,0,遇到lw giegie直接冲
164297,4538,李伟,2022-12-20 07:06:13,1,1,0,yyds
164457,4538,李伟,2022-12-21 05:31:09,2,2,0,老师真得超超超可爱！讲课也比较浅显易懂
164653,4538,李伟,2022-12-22 14:20:56,3,3,0,李伟老师yyds
166236,4538,李伟,2023-01-11 13:29:01,1,1,0,无脑冲
168971,4538,李伟,2023-02-24 01:39:32,2,2,0,lw老师捞捞我呀（祈福），给到9分
169069,4538,李伟,2023-02-24 07:53:29,3,3,0,冲就完了，老师很负责，人也很有趣，有机一开始真的觉得很难，后面看了一遍书然后狂刷历年卷，真的提分很多，收获了意外之喜
169102,4538,李伟,2023-02-24 09:52:18,0,0,0,认真！
169188,4538,李伟,2023-02-24 14:30:02,0,0,0,喜欢老师，讲课讲得很好，对学生蛮耐心的，也会开玩笑啥的，课堂氛围很不错!!!!推荐推荐
169189,4538,李伟,2023-02-24 14:31:35,1,1,0,老师很好 讲课也不错 但是我比较菜但是他很捞捞
169548,4538,李伟,2023-02-27 01:42:45,0,1,1,lw永远的神
169917,4538,李伟,2023-02-28 11:25:52,17,17,0,这不是海底捞 这是直接把人从海床里铲出来
170664,4538,李伟,2023-03-08 01:36:21,1,1,0,老师很好，很热心，能力也很强
170919,4538,李伟,2023-03-12 11:31:59,0,0,0,真的非常非常好的一个老师。只要学的认真甚至不会在意出勤率。
171627,4538,李伟,2023-03-30 09:10:31,0,1,1,喜提挂科呜呜呜呜呜呜呜，不过也不能怪老师，高中没有化学基础后期上课经常听不懂，而且疫情在家自己确实摆。。（但是还是很难过真的挂科了呜呜呜呜呜呜）老师上课讲的还可以，但是我有听过fcl老师的课，还是不得不说在讲课这方面确实不如fcl（个人感觉）
172012,4538,李伟,2023-04-17 10:10:47,4,5,1,有机课幽默风趣，很会调动课堂气氛
180855,4538,李伟,2023-09-27 07:37:09,4,4,0,这个老师讲课真的超级好，和高中老师都有的一比，只要听他讲课就能懂，还会教我们他自己的答题技巧，我觉得如果这门课分拿的不高那也绝对是我自己的问题
181529,4538,李伟,2023-10-21 08:28:36,1,2,1,很有意思的老师，讲课很明白
184289,4538,李伟,2023-12-15 12:54:57,22,22,0,李伟老师讲的真的相当不错\n\n上课时不光讲得很清楚明白，还经常抽出时间让咱们画有机反应方程，听他讲课完全不会出现思维上跟不上的情况\n\n而且讲课的时候老师还会谈一些自己的技巧总结以及在科研方面对于某些反应的认识，上课的内容相当充实而不枯燥\n\n没话说，10分奉上
184976,4538,李伟,2023-12-25 04:00:54,0,2,2,让我认识到学好化学和得到高绩点是可以独立存在的一位老师
219793,4538,李伟,2025-06-06 12:03:34,1,1,0,老师挺幽默的，教的也不错，不过有机化学这门课确实是过于硬核了哈哈
221384,4538,李伟,2025-06-23 07:05:23,1,1,0,给分还行，学好有机自己的努力也很重要。老师上课会花很多时间让同学画机理，很有助于理解，但是可能有些人不喜欢。
179830,4583,李勇,2023-09-20 02:03:07,41,42,1,记得别往这里开炮啊
180005,4583,李勇,2023-09-20 06:24:58,-12,1,13,不多说
103515,4634,张治国,2019-03-01 00:40:51,2,6,4,一直尬聊一直爽
128388,4634,张治国,2020-12-22 02:58:17,0,1,1,入选长江学者特聘教授\n\nhttps://mp.weixin.qq.com/s/5tkBq97UBGba5HHIFnffhQ
140841,4881,陈超,2021-09-17 00:07:13,2,2,0,挺有意思的
87992,4916,侯阳,2018-10-20 02:44:48,1,2,1,。。。
124911,4916,侯阳,2020-07-18 00:56:36,10,16,6,沙币老师。
133823,4916,侯阳,2021-03-07 01:08:50,7,10,3,上课上课没水平，就知道骗国家钱，水没意义的论文。
216695,4916,侯阳,2025-03-21 05:28:57,2,2,0,85年的辽宁小男孩，身高185cm，体重70斤。家里除了爸妈外还有一个03年的妹妹，还有一个对他特别重要的表弟，97年在读研究生。\n\n\n\n学术水平我觉得可以给十颗星。就这么说吧，他喜欢数学，三岁就参加过竞赛，六岁学习高数，线代，十岁精通python，matlab，编程能解决很多高难度问题。不仅如此，他还喜欢看书，传记类和经济类，是温铁军教授的小迷弟。他不找对象，不ahs，三观很正，不追星，心里很阳光，省下了很多钱，以个人名义捐出来作为科研经费。\n\n\n\n经常传授一些nba和斯诺克比赛的赌球经验和技巧，赢来的钱和学生三七分，作为补助，一个月估计有个3700吧。喜欢和学生玩吃鸡，很菜，经常被学生问候家人，师生关系非常融洽。会推荐学生去实习，主要是斗地主方向的，军棋，象棋方向的也有，但是比较少。学生的前途，听说有一个去打篮球了，好像姓蔡吧，还有好几个去捡垃圾了，都混得不错。
122660,5146,俞豪杰,2020-03-13 02:58:12,5,8,3,老师上课讲的不太细，但应该是因为课时原因，必须要赶进度，但是答疑很认真很负责，是挺好的老师
134387,5146,俞豪杰,2021-03-26 01:45:12,0,1,1,上课因为课时有点赶，但答疑相当认真，是位好老师
153711,5146,俞豪杰,2022-05-09 06:11:21,3,4,1,上课认真听，期末你也能和我一样4.8拿下
181327,5146,俞豪杰,2023-10-14 13:25:24,3,3,0,特别好的老师，很幽默
173812,5193,和庆钢,2023-06-03 07:42:33,8,8,0,每节课都点名，好老师！
193734,5193,和庆钢,2024-06-17 03:09:49,-9,4,13,老师儒雅随和，讲话很温和，最爱cocacola，特别爱听老师的课！
193902,5193,和庆钢,2024-06-20 13:18:19,9,9,0,最有工程性思维的老师，基本上不会正面回答问题，鼓励学生用工程性思维进行学习
195169,5193,和庆钢,2024-06-28 13:20:42,14,16,2,老师每节课都点名，给分差，问问题很多时候会踢皮球，满口官腔，学术水平一看就不是很高，回答同学的问题都在敷衍。表面上声音很有磁性看起来温润如玉谦谦君子，但是从来不会和你深入探讨学术问题，不想回答的时候就会开始爹味说教。
208642,5193,和庆钢,2024-12-30 10:19:35,1,1,0,牢和你是这个
217582,5193,和庆钢,2025-04-14 01:32:01,3,3,0,符合中年教授刻板印象了🥵天天随机点名 厕所都上不了😅 能逃就逃吧
218367,5193,和庆钢,2025-04-23 02:49:39,0,0,0,暂无呀
219109,5193,和庆钢,2025-05-21 15:01:46,1,1,0,上课是一种折磨
127034,5218,陆盈盈,2020-11-03 15:53:37,-20,12,32,杭高学弟前来报到，学姐超好的
136545,5218,陆盈盈,2021-06-20 15:59:06,31,51,20,无话可说\n\n因为她也很少对我们说有用的话
147696,5218,陆盈盈,2022-01-10 13:24:07,-20,8,28,双料美女学姐😍
181202,5218,陆盈盈,2023-10-11 11:31:42,3,5,2,无话可说\n\n因为她也很少对我们说有用的话
195588,5218,陆盈盈,2024-06-29 02:20:22,1,1,0,陆老师的学术水平很高，但在上课这一方面emmmm，有点不太清楚本科生的知识储备情况，很多时候我们都听不懂，作业的难度也较高，而且实验没有指导，只说让我们自己查文献，有点为难我们了
140739,5226,柏浩,2021-09-15 13:56:41,10,12,2,老师超级好，课堂也很有意思！
141058,5226,柏浩,2021-10-13 10:17:06,28,29,1,仿生学导论，老师备课很充分，听课让人虎躯一震，奈何我物化生很笨，上课也很混，但我不犯困，英雄不以成败论。
142067,5226,柏浩,2021-11-05 04:49:14,11,12,1,柏老师人超好，学识丰富，讲课风格也随和。课堂轻松有趣（总是看视频），能拓展视野，更重要的是能学到仿生的思想，对我自己的专业也有启发。
143999,5226,柏浩,2021-12-15 12:19:59,11,12,1,老师太巨了
145418,5226,柏浩,2021-12-29 12:48:41,2,5,3,当年老师在我们高中一场讲座就把我忽悠来上这课了。
145419,5226,柏浩,2021-12-29 12:49:45,6,8,2,柏老师的仿生学导论很好！强推！！老师上课准备很充分，期末一篇报告一个展示，很轻松，学到了很多知识。\n\n仿生导第一波小白鼠bd
145423,5226,柏浩,2021-12-29 13:07:58,4,5,1,老师人不错，知道我们大一其实搞不出什么名堂，一直试图把一些学习的思想和方法教给我们
149915,5226,柏浩,2022-01-17 17:34:39,0,5,5,事情少，绩杀
149943,5226,柏浩,2022-01-18 02:35:01,0,2,2,师强我菜
149997,5226,柏浩,2022-01-18 08:49:58,-2,2,4,仿生学导论第一批小白鼠。\n\n老师上课准备很充分，作为一门通识选修也算比较有干货。\n\n但我上课还是会睡着……\n\n2.5分的课程事情算挺少的：\n\n1.每节课必签到。\n\n2.一篇2500~3500的论文/report.\n\n3.每人五分钟的pre讲一讲自己的report.\n\n其实report和pre不用听课也可以对付(x)\n\n给分貌似不算很好，比我自己的预期低了点儿吧。
150005,5226,柏浩,2022-01-18 09:15:26,5,6,1,很好的一门通识课，每节课都能学到很多知识。\n\n事情不多，期末一篇2500～3500的report然后一个5min的pre，我相信只要认真准备了老师都会看在眼里。\n\n柏老师人很好，知道大家学业压力重，平时也没有什么事。\n\n总之，仿生学导论，好课！
150044,5226,柏浩,2022-01-18 13:30:13,4,6,2,课有意思，柏老师学识和经历很丰富，备课也很充分，还会带一些材料让大家传着把玩。事很少，只有期末一个2500～3500的论文（自己选一个仿生课题），和基于这个论文的5min的pre。给分的话，可能比较玄学，因为只有这两项可以考核（噢还有点名，每节课都会GPS点名）。我建议pre的时候强调一下柏老师课上反复提及的仿生学思想；如果是对某个课题非常了解的大佬，也能做一些有深度的内容；或者稍微整点活，pre不要那么死板，幽默一点。总之，pre给老师留有印象的话，给分会比较好。我pre的时候提了一下柏老师反复提及的仿生学思想方面的内容，最后分还是比较可观的。
150063,5226,柏浩,2022-01-18 16:26:20,2,3,1,老师超厉害\n\n怎么说呢 因为课上挺认真的，虽然最后的论文和pre有一些不足但老师给的绩点还不错
151327,5226,柏浩,2022-02-28 13:14:06,2,3,1,柏老师很好的，事情确实不多。上课可以不听，但有趣的地方我都会不由自主忘记写作业(⁄ ⁄•⁄ω⁄•⁄ ⁄)。主要是对仿生学感兴趣，所以最后pre选的是感兴趣的主题。分数是我所有学科最高的了(＞＜)94/4.8
155220,5226,柏浩,2022-06-09 12:16:42,0,0,0,上的仿生学导论通识课，感觉：\n\n讲课：想水可以水，但是认真听能学到很多仿生学案例和老师搞科研的心得体会；\n\n任务：一篇三千字左右论文，一次五分钟个人课堂展示，老师很反鹅颈，会设置字数上限，甚至于说超过字数上限扣分；\n\n给分：虽然我被鸡杀了但是出分之后群里有一堆人谢谢老师，可能就是我太次了吧。\n\n十分。
163583,5226,柏浩,2022-12-15 11:59:37,0,0,0,老师真的很好很好，上了这节课感觉自己非常幸运，当然自己也很后悔没有好好听完再写其他作业，课要结束了才开始后悔呜呜
167716,5226,柏浩,2023-01-18 14:36:01,0,0,0,老师真的好
167820,5226,柏浩,2023-01-19 08:54:44,1,1,0,仿生学导论\n\n老师真的很好，也很有趣，上他的课真的不会无聊！可以在课上开拓视野，有很多很新很有意思的东西，可以学到仿生思想。事情少给分也好！
167838,5226,柏浩,2023-01-19 11:40:23,2,2,0,成绩出来了，还挺高的，很感谢老师。老师的课，可以水，没关系，上厕所自己出去，全程不休息，所以晚课一般九点多一点就下课了。上课质量没的说，每节课内容都挺丰富的，讲课流畅，基本听了肯定会有收获。可惜本人喜欢水，没听的比听得多，现在看来非常遗憾。事情很少，就一个不长的论文和pre，如果想准备，甚至有整整以学期的准备时间。
168438,5226,柏浩,2023-02-16 12:40:14,1,1,0,老师太牛啦\n\n\n\n没有作业，上课事少\n\n讲的东西也比较有趣\n\n\n\n期末考核是：\n\n3000字论文和5min个人展示\n\n展示情况印象分感觉挺重要的，如果ppt和讲的内容准备的比较充分的话还是能拿到很好的分数的
168600,5226,柏浩,2023-02-20 06:01:32,4,4,0,很厉害，给分好
170659,5226,柏浩,2023-03-07 23:59:28,0,0,0,事少分好，讲课有水平
171691,5226,柏浩,2023-04-02 05:36:27,0,0,0,事少分高，人还好
195589,5226,柏浩,2024-06-29 02:22:29,0,0,0,事少分高
195591,5226,柏浩,2024-06-29 02:32:47,0,0,0,事少分高。伟大，无需多言！一学期就一个论文（老师甚至超过3k字不收），一个3min展示（要求内容是自己的论文内容）
195719,5380,冯连芳,2024-06-29 17:37:34,1,1,0,老师人很好
195301,5439,王嘉骏,2024-06-27 16:50:42,3,5,2,挺认真负责的老师 考前答疑也很及时 好好复习啦 最后卡了4.5 嘿嘿 谢谢老师
206925,5439,王嘉骏,2024-12-18 12:39:15,3,5,2,研究生课，化工建模与算法，课程所需基础知识建议全国大学生数学竞赛特等奖水平，否则上他的课会非常痛苦。\n\n上课完全不给思考时间，一下子跳四五行，一说就是本科应该学过，或者下课自己学，都是基本操作。\n\n建议课前自学精通二阶偏微分方程求解，MATLAB代码，泰勒展开变换，无穷级数，傅里叶级数，行列式运算，矩阵运算等，否则上课会非常痛苦（别轻易尝试零基础或者半吊子选老师的课）。
210566,5439,王嘉骏,2025-01-13 13:29:56,2,3,1,老师yyds，专硕，化工建模与算法课，平时上课想要听懂确实有点困难，讲的有点深奥，作业量也确实有点大。\n\n但是期末考试题目难度放大水，比课堂作业简单多了，当我看到我成绩90+的时候真的惊呆了，真没想到能考上90分。\n\n给认真负责且放水的老师点赞。
150892,5489,王文俊,2022-02-21 01:01:56,0,1,1,上课会随机找同学提问
158695,5489,王文俊,2022-07-01 11:31:56,1,1,0,给分很求是
158697,5489,王文俊,2022-07-01 11:32:26,-1,0,1,哈…哈…哈…老师给分很求是了，三个班平均分最低，真的会谢
138447,5594,蒋斌波,2021-07-09 16:24:46,7,12,5,事情多，课时长，作业多，给分差，每节必拖堂\n\n说点好评，就是解答问题挺认真
138535,5594,蒋斌波,2021-07-09 16:22:29,8,11,3,课程成绩和付出最大的竞赛一点关系都没有，后悔白白付出了这么多\n\n\n\n最后成绩完全就看aspen小测，讲课内容和实践难度不在一个水平线上\n\n\n\n强制学生参加的竞赛工作量极大（5个人搞一个月还熬夜了好几天才勉强搞完）\n\n\n\n结果竞赛成果和绩点无关，只是给老师加政绩罢了，学生只是纯纯的打工人，甚至怀疑这帮人根本没有看学生提交的文件
138537,5594,蒋斌波,2021-07-09 16:13:09,6,9,3,讲得浅用得深，内容多要求高，全员竞赛疯狂熬夜，努力久给分低死，不知道这个课程的目的是什么，大概就是拉绩点恶心人吧
138540,5594,蒋斌波,2021-07-09 16:23:43,8,10,2,化工设计课程内容比较多，时间紧，讲解也不是很深入，大作业参加竞赛非常痛苦。\n\n如果有意参加省赛国赛建议事先学习安排在课程后段的sp3D等内容，提早准备，不然大概率通宵爆肝，最后成果还怎么看都不满意。\n\n如果对参加竞赛不感兴趣，大作业部分以完成任务的心态摆烂也是可以有的选择，毕竟同组的给分来看，关键在于Aspen考试而非大作业展示；也正是因此，建议在Aspen模拟内容多下功夫，考试拿个好成绩很重要。\n\n有问题就多问吧，老师态度还是可以的。
175787,5594,蒋斌波,2023-06-26 15:03:37,2,2,0,一般般（doge
191244,5594,蒋斌波,2024-04-15 02:41:16,6,7,1,逆天拖堂，逆天上机考
193426,5594,蒋斌波,2024-06-10 12:24:02,1,1,0,时不时点名
193496,5594,蒋斌波,2024-06-11 18:06:11,7,7,0,去尼麻笔的沙比化工设计竞赛
193686,5594,蒋斌波,2024-06-15 11:12:30,7,7,0,8848化工设计，做得好的不一定获得胜利，连续熬夜别亖才是真正的成功！
193687,5594,蒋斌波,2024-06-15 11:17:47,3,3,0,倒数第二节课“我来认识一下同学们”，然后打开excel一个个对着点名。
193883,5594,蒋斌波,2024-06-20 12:05:04,1,1,0,sb化工设计竞赛
197717,5594,蒋斌波,2024-08-04 09:18:40,3,3,0,我并不喜欢化工设计这门课，我也知道，不喜欢不能成为消极应付的借口。但我觉得我在化工设计上花的时间并不少，作业也有认真完成。但这种一考定成绩的方法是否合适？期末大作业的给分大家差别不大，对于不参赛的大部分同学来说，不是辛辛苦苦了半个学期到头来却是白忙活？这门课的设置依然有许多改进的地方。
216048,5594,蒋斌波,2025-03-10 02:50:26,3,3,0,边上课边来评个价。个人认为这是在化工两年半上过的最烂的课没有之。课程内容不讲，全得靠慕课自学。给老师打2分，课烂扣9分，老师态度还可以再加一分。
217274,5594,蒋斌波,2025-04-07 09:57:21,2,2,0,接上一条：\n\n期中上机考试考完再来给老师打个分！\n\n这次给了老师4分，因为考试考完后跟蒋老师交流发现蒋老师其实真的特别好。问老师问题老师会很耐心地解答，而且老师有水平，很踏实，对同学也很友善！\n\n之所以给4分是因为上一次只给了老师2分，这次给个4分和上一次平均一下，实际上这次化工设计蒋老师在我心里的评分已经来到了3分。3分已经最多了。不能再高了。\n\n蒋老师99分，化工设计课-96分🤓！
220503,5594,蒋斌波,2025-06-18 09:51:30,0,0,0,我是一个苏州本地人
134603,5607,周少东,2021-04-05 03:52:04,6,7,1,断句很奇怪，上课语调毫无波澜，全程考自学
135263,5607,周少东,2021-05-07 06:15:41,5,7,2,上课念ppt，可以靠自学，讲课内容难，但是考的很easy，给分也不错
135446,5607,周少东,2021-05-10 14:53:45,1,3,2,。。。
190589,5607,周少东,2024-03-11 00:21:00,2,2,0,讲课废话含量超级高…感觉没啥水平
195722,5607,周少东,2024-06-29 17:42:16,2,3,1,老师只是讲课不太行，但是人很好，学术水平也很高
215073,5607,周少东,2025-02-20 14:42:10,1,1,0,22级学生赶紧来给周老师平衡一下。楼下的楼下说课上会讲其他内容的老师是钱超老师而不是周少东老师噢～上课的时候有好多同学就把两位老师搞混ovo
218499,5607,周少东,2025-04-24 04:53:54,2,2,0,你化工课程最高的山，全专业最高3.9，70以上已是人中龙凤，讲难考更难，读你化工的这辈子有了
218626,5607,周少东,2025-04-27 11:32:54,0,0,0,学到最后全部人绩点爆炸般的差
133299,5741,杨启炜,2021-02-24 04:32:30,9,10,1,就很可爱，头发少了点。
173299,5741,杨启炜,2023-05-18 05:22:00,1,1,0,杨老师我的班主任！我最爱的老师！
174093,5741,杨启炜,2023-06-06 07:32:51,2,2,0,化工原理及实验理论课负责老师。这门课开给化学系的同学做专业选修课显然难度还是不小，过程偏重物理和经验公式，好在期末考试是开卷，建议购买书配套习题集。总的来说是不错的实验选修课。
193050,5741,杨启炜,2024-06-03 04:32:35,0,0,0,上大学见过最认真负责的老师！
200988,5741,杨启炜,2024-10-26 06:08:15,0,0,0,转载：\n\n梦回大一——规则怪谈之杨qiwei与杨海涛\n\n​1.当你在上化工原理的时候，会发现一个老师长得很像海涛爷爷，甚至有一样的口音和说话方式\n\n​2.当你认真观察，会发现他的头发黑了，语速快了（好吧真的和海涛的智云二倍速一模一样）\n\n​3.当你认真听课时，会发现两人讲得一样通俗易懂\n\n​4.当你在寝室听智云时，两人每次都会发现并且远程@
217251,5741,杨启炜,2025-04-06 14:46:41,0,0,0,真是一个热心好老师！
216430,5745,谢涛,2025-03-16 13:06:01,1,1,0,只上了几节课，但是对我影响很大\n\n这才是创新创业课的好老师
220501,5745,谢涛,2025-06-18 09:25:07,1,1,0,这学期的课是谢涛老师和郑宁老师一起上的，郑宁老师是谢涛老师的学生。\n\n前面4-5节（记不清了）是谢涛老师上的，老师思想很有深度，会从很多生活当中的示例延伸出许多有关创新相关的想法，鼓励学生学会在日常生活中贯彻创新思维，不点名。\n\n后面的课都是郑宁老师老上的（这里要给老师点个赞，带着怀孕的身子给我们一直上到最后），会点名，但是会提前通知。\n\n这门课事少分高，只有期末的一次小组pre，平时没有任何事情，可以说是创新创业课里面给分很好的课了，点赞！
220895,5745,谢涛,2025-06-20 09:25:20,1,1,0,3D打印与数字化智造\n\n1 老师上课讲得挺好的，学到很多化学方面的知识。\n\n2 作业也很少，只有期末的论文和pre（小组形式）。偶尔点名。\n\n3 个人感觉对纯文科生不是特别友好，期末pre和论文会有点吃力，但是老师给分挺好的。
173128,5760,张浩淼,2023-05-14 04:27:48,20,20,0,不错的老师，过程建模课差不多就是低配版的常微分和偏微分吧，给分好，和学生关系也好
198495,5760,张浩淼,2024-09-09 08:55:07,6,6,0,淼哥无敌，给分很好，下课真不懂就抓老师问，很热情，上课内容会有点偏难，需要多看看数对着做题，考试题不算很难（只要老师列的“正常”题你会做就行，个别书上的题那是真歇逼，不用在意）
216888,5760,张浩淼,2025-03-28 05:23:42,2,2,0,还不错
218192,5760,张浩淼,2025-04-22 03:21:18,2,2,0,上课内容实用轻松，考试也比较好复习，和同学关系真的好，老师人真的很好，很懂学生
123117,5805,肖成梁,2020-05-11 02:17:49,10,10,0,上课风趣
125183,5805,肖成梁,2020-09-03 06:21:31,7,7,0,喜欢这个老师哎！\n\n可以他不是我的班主任辽
129271,5805,肖成梁,2021-01-03 05:51:33,6,6,0,讲无机化学课的元素部分，真的讲的非常好！疫情期间线上教学，用别开生面的方式讲授课程，深得同学喜爱。给分也好！推荐跨专业的同学作为个性课程学习！
134977,5805,肖成梁,2021-04-25 13:10:11,8,8,0,很好的一位老师
135145,5805,肖成梁,2021-05-03 13:46:42,12,12,0,其实考试题目不难，只不过短短一个春学期要上完化学原理和元素化学真的太赶了。不知道是不是学校的要求，专业课一直在压缩学时。\n\n但肖老师真的特别好，讲课不枯燥
153368,5805,肖成梁,2022-04-28 14:57:24,8,8,0,老师太能捞了，肖老师yyds！
153370,5805,肖成梁,2022-04-28 15:05:59,5,5,0,肖老师yyds
153712,5805,肖成梁,2022-05-09 06:11:44,4,4,0,肖老师赛高
155215,5805,肖成梁,2022-06-09 11:24:48,5,5,0,肖老师上课很有意思，也很好说话，上课错过了签到也帮忙补上了，记得上课有背诵元素周期表送元素周期表元素实物，感觉是很热爱教学和研究的老师。
174395,5805,肖成梁,2023-06-11 15:46:29,0,0,0,10分，但无机还得靠自己，这一组老师给分比另一组老师高。
197988,5805,肖成梁,2024-08-22 14:27:29,1,1,0,非常好
195718,5880,顾雪萍,2024-06-29 17:37:14,1,1,0,老师很温柔
169065,5908,赵俊杰,2023-02-24 07:38:45,-6,3,9,这门课就是课程设置太不合理，老师真的很温柔也很努力，而且高高帅帅嘻嘻
206325,5908,赵俊杰,2024-12-14 08:22:24,4,6,2,纯江湖骗子，靠包装能力行走，但真的没什么东西，虽然就是能装。各种垃圾导师缺点的集大成者，控制欲，形式主义，好面子，小心眼，记仇，抠门，油腻爹味，喜欢在别人背后讲不上台面的话，脑容量严重不足只能理解非黑即白的概念容易猪脑过载，高高帅帅滤镜一碰就碎。MIT形象粉碎者，说的话十句里十句假的，科研守墓人，idea百分百能排除排除正确答案但你必须去试，还要照顾玻璃心地告诉这杀软确实不行🙅🏻‍♀️号称留学回来但文章也没写明白，噢，他没靠自己发过正经文章，一讲话就是一股卖大力神油的味道，恶臭
216693,5908,赵俊杰,2025-03-21 05:18:27,1,1,0,初升的东西！
207133,6226,姚思宇,2024-12-19 10:57:31,-1,1,2,老师讲课比较无聊 并且有期中辩论 让同学打分之类的来评绩点 大作业只给12天完成
208017,6226,姚思宇,2024-12-25 08:18:31,0,0,0,要有兴趣听课才能学到东西\n\n不然的话其实特别难受😣\n\n不建议文科生选这个课（如果你想学到什么的话）
215679,6226,姚思宇,2025-03-04 03:50:43,1,1,0,感觉还是可以的  老师人很好  但课有点无聊
216135,6226,姚思宇,2025-03-11 03:27:36,1,1,0,老师人很好
217757,6226,姚思宇,2025-04-16 06:07:14,2,2,0,本人已经上完长学期碳减排的来评论一下：给分特别好。如果你认真完成作业（应该是一次辩论，一份作文，一个PPT，很少了），基本上可以满绩。平时上课可以当自修，他不卷平时分的
211213,7128,姚之侃,2025-01-11 04:34:28,0,0,0,环境生物技术全学期没点过名\n\n我也没咋听 最后复习了 绩点出奇的高 来谢谢老师 开卷 ppt做的很好
191503,7568,许宗溥,2024-04-24 03:14:04,-2,3,5,许老师很负责任！！！
195020,7568,许宗溥,2024-06-26 10:33:26,5,6,1,讲课无聊，实验敷衍。综合蚕丝学这门课设置就是有问题，4个老师独自给分，每个老师上百页PPT，期末背到想死，最后考试很细，给分还很差。实验课发一盒蚕让带回去养和观察，养的时间贯穿整个期末考试周，打发小学生呢。这门课又无聊又占时间。
200179,8017,莫一鸣,2024-10-14 13:52:43,2,8,6,莫老师人帅心善！！！
152355,8060,杨轩,2022-04-06 10:05:38,-17,2,19,春学期两学分的课，又要小测，还要两次大作业，还要手写，什么年代了怎么还有这种老师啊，离谱
170650,8060,杨轩,2023-03-07 14:42:26,2,3,1,帅哥欸！！！
171160,8060,杨轩,2023-03-17 06:52:52,11,12,1,老师人很好，因为担心我们睡着，所以每节课带各种酸的糖。\n\n虽然上课讲得飞快，但会努力关心我们有没有听懂（其实没有）\n\n他还会抽时间给感兴趣的同学上一节研究生课\n\n还没考试，先夸夸他
173307,8060,杨轩,2023-05-18 07:15:18,2,2,0,帅哥老师
178710,8060,杨轩,2023-07-19 05:02:36,3,3,0,杨老师上课非常有趣，也会和学生一起互动！而且帅
190070,8060,杨轩,2024-02-19 06:09:10,2,2,0,超好的老师~会用心准备ppt，讲课方式很有趣！
190527,8060,杨轩,2024-03-07 05:31:32,3,3,0,老师人超好，每节课都有小零食！超暖心！
190528,8060,杨轩,2024-03-07 05:33:06,2,2,0,非常好的老师
190729,8060,杨轩,2024-03-16 08:27:50,3,3,0,上课体验极佳
190919,8060,杨轩,2024-03-24 09:59:51,2,2,0,上课很有意思，但对高中没选化学的来说有一点快，老师人很好，上课有小零食，会拓展一些内容，作业也不算太多，课件都会上传学在浙大
190954,8060,杨轩,2024-03-25 14:01:54,3,3,0,杨老师真是宝藏老师啊，怕你睡觉每节课给你发糖的老师谁不爱呢
191860,8060,杨轩,2024-05-02 07:48:32,0,0,0,好好好
197805,8060,杨轩,2024-08-14 02:51:31,0,0,0,下辈子还上老师的课(╯ε╰)
206191,8060,杨轩,2024-12-13 07:56:51,3,3,0,杨导！！！！！我的神
206193,8060,杨轩,2024-12-13 07:58:55,0,0,0,杨老师超好超好！！！非常关心学生
207599,8060,杨轩,2024-12-23 08:13:03,0,0,0,好好好！！！！
215858,8060,杨轩,2025-03-06 04:48:37,0,0,0,杨老师！！！真的非常非常用心！感觉很认真的备课，还会给我们吃小零食！
216767,8060,杨轩,2025-03-24 11:11:17,1,1,0,这老师就不需要我说了吧，直接给10分
218383,8060,杨轩,2025-04-23 05:05:35,0,0,0,不多说，太帅了
218689,8060,杨轩,2025-04-29 03:09:04,0,0,0,无需多言，真的好老师，没考好是我复习疏忽的问题
218837,8060,杨轩,2025-05-08 02:22:44,1,1,0,杨老师真的是一位很好的老师，讲课条理很清楚也喜欢互动（不是点人回答问题这种hhh），大多数知识内容都可以在课上消化记住，但是可能稍微有点快。ppt和作业学在浙大都有，作业不多但是和考试内容很接近了，也会提醒大家预习和复习，作业还有解析。每节课还会准备很多小零食防止大家瞌睡走神。考完了还会给同学发钉钉鼓励，真的很好很好的一位老师！！
220183,8060,杨轩,2025-06-16 05:11:45,0,0,0,杨轩老师的研究生课程太好了！他会给我们发糖，而且他的人很好，课程质量高，听课效率好，体验非常不错！
161737,8265,李敏,2022-11-14 14:47:10,7,7,0,可爱捏
162707,8265,李敏,2022-12-05 04:14:50,9,9,0,保姆级实验教学，思考题手把手解决，实验后讲考试重点，问就是前几届太差了bushi，会垮起个小猫批脸的好老师（）
171192,8265,李敏,2023-03-18 02:44:18,6,6,0,耐心，细致，帅气中带着几分呆萌。实验讲的很详细，手把手教学，无论你问多蠢的问题，他都会细心解答。笑起来很可爱捏！
172830,8265,李敏,2023-05-08 04:56:07,1,1,0,敏哥能不能把制药实验开出来当个性捏
174092,8265,李敏,2023-06-06 07:30:29,2,2,0,很随和的年轻老师。化工原理及实验课，对化学系的同学非常友好。
183381,8265,李敏,2023-11-24 13:15:22,3,3,0,超级好
184475,8265,李敏,2023-12-20 10:27:42,1,1,0,赞赞赞，很负责认真
191713,8265,李敏,2024-04-29 00:58:09,2,2,0,好老师，敏哥牛逼
206248,8265,李敏,2024-12-13 11:08:56,0,0,0,可爱捏
206369,8265,李敏,2024-12-14 15:00:11,0,0,0,好老师，讲课认真演示清楚，设法减少了很多实验上的复杂任务
209283,8265,李敏,2025-01-05 10:23:50,1,1,0,什么时候当院长？
212852,8265,李敏,2025-01-15 05:13:52,0,0,0,好好好好好
214493,8265,李敏,2025-02-08 16:18:38,0,0,0,可爱捏
139793,8266,凌敏,2021-07-27 11:08:15,0,7,7,无能且虚伪
141593,8266,凌敏,2021-10-16 06:58:54,-2,4,6,煞笔一个 跳梁小丑
140883,9062,吴可君,2021-09-17 06:31:01,14,15,1,人特别亲切随和一点都没架子\n\n化身粉丝！！大赞！！！
154713,9062,吴可君,2022-06-04 06:00:39,6,6,0,吴老师非常的好哇，很平易近人的ㄟ(≧◇≦)ㄏ
184473,9062,吴可君,2023-12-20 10:25:27,3,3,0,赞赞赞
193903,9062,吴可君,2024-06-20 13:19:12,3,3,0,包赞的，好老师
195535,9062,吴可君,2024-06-29 17:39:40,1,1,0,必须满分，好老师！
203884,9064,鲍泽华,2024-11-22 00:35:59,1,1,0,一般吧
220502,9552,郑宁,2025-06-18 09:26:04,0,0,0,这学期的课是谢涛老师和郑宁老师一起上的，郑宁老师是谢涛老师的学生。\n\n前面4-5节（记不清了）是谢涛老师上的，老师思想很有深度，会从很多生活当中的示例延伸出许多有关创新相关的想法，鼓励学生学会在日常生活中贯彻创新思维，不点名。\n\n后面的课都是郑宁老师上的（这里要给老师点个赞，带着怀孕的身子给我们一直上到最后），会点名，但是会提前通知。\n\n这门课事少分高，只有期末的一次小组pre，平时没有任何事情，可以说是创新创业课里面给分很好的课了，点赞！
220894,9552,郑宁,2025-06-20 09:23:40,0,0,0,3D打印与数字化智造\n\n1 老师上课讲得挺好的，学到很多化学方面的知识。\n\n2 作业也很少，只有期末的论文和pre（小组形式）。偶尔点名。\n\n3 个人感觉对纯文科生不是特别友好，期末pre和论文会有点吃力（如果只是来混个学分的话另说吧）
199059,9880,王成涛,2024-09-14 12:17:22,1,1,0,学术能力极强，一年一篇顶刊，老师人也很好，特别关心学生，满昏！下学期开的通识课无脑冲！
171318,10150,马灏名,2023-03-21 12:41:14,8,9,1,我不好说，挺无语的
190309,10150,马灏名,2024-02-28 00:42:17,3,4,1,一坨。
193689,10150,马灏名,2024-06-15 11:28:57,2,3,1,几百年前美国种植园内没有您主持黑奴剥削工作真是他们的一大损失（ ^    ^）
217709,10150,马灏名,2025-04-15 10:54:32,-2,0,2,小李易峰
