评论id,老师id,老师姓名,发表时间,点赞减去点踩数量,点赞量,点踩量,内容
15124,154,袁弘,2016-01-12 06:59:11,4,7,3,好好好
36422,154,袁弘,2016-11-13 11:28:05,2,2,0,讲课赞！
62051,154,袁弘,2017-11-23 04:34:53,6,12,6,好好复习不如好好抄作业刷平时分
6384,225,董晓武,2015-07-13 12:24:34,0,7,7,刻薄的老师
14769,225,董晓武,2016-01-09 02:14:41,8,25,17,渣渣，浙大的败类
103944,225,董晓武,2019-03-08 00:01:45,3,3,0,好老师，药训课上的非常有趣！
108876,225,董晓武,2019-06-03 12:37:27,-1,2,3,boring
116994,225,董晓武,2019-09-18 05:12:06,12,14,2,我觉得老师还好吧。比较耿直的老师，但是其实挺关心学生的。
118811,225,董晓武,2019-11-06 11:53:14,6,6,0,讲课讲的还不错
203428,225,董晓武,2024-11-19 13:30:09,0,0,0,谁在黑我们董王giegie！
81672,259,李新,2018-07-06 00:18:54,1,2,1,老师人超好，但是讲了就一般，甚至有点听不懂
111122,259,李新,2019-06-30 02:45:58,0,1,1,老师是还挺好的。\n\n但是这么课的考核是故意让绝大多数同学做不完的嘛嘛嘛嘛，真的暴风哭泣
117257,259,李新,2019-09-21 12:40:55,-5,0,5,好老师，也是很好的班主任
127068,259,李新,2020-11-05 02:57:01,10,15,5,对于老师问我们 为什么别人能学会你们就学不好呢 我想问：同样是老师 为什么别人能是青千是院士你不是呢
141346,259,李新,2021-09-30 05:59:12,0,0,0,老师挺好的
141843,259,李新,2021-10-27 14:05:27,1,1,0,她的波普最后一节课要认真听呀
177351,259,李新,2023-07-03 03:40:27,0,0,0,老师讲的很好
220244,259,李新,2025-06-16 15:09:42,0,0,0,还可以吧
58212,366,孙莲莉,2017-08-23 10:18:25,-2,1,3,很棒，生动有趣
135384,366,孙莲莉,2021-05-09 04:27:37,3,3,0,事情说不清楚
200349,366,孙莲莉,2024-10-16 07:03:27,3,3,0,讲的不清楚啊啊啊
29020,481,何俏军,2016-06-29 06:40:11,2,2,0,好，药理学自己好好背，考试不难。
55598,481,何俏军,2017-07-02 04:21:19,2,4,2,翁勤洁垃圾老师
2052,702,王毅,2015-03-30 09:39:38,28,55,27,上课讲的真心一般般，而且通识课给分不好
10955,702,王毅,2015-11-23 12:28:55,-3,8,11,很好很好
14974,702,王毅,2016-01-11 10:34:13,-5,5,10,还不错
15513,702,王毅,2016-01-15 04:00:56,7,14,7,很不错，有收获
18899,702,王毅,2016-01-22 17:08:29,-8,12,20,我这门通识给分真心好，前1%
18992,702,王毅,2016-01-23 02:14:31,-2,11,13,上的是 从神农本草到现代中药 这个课  上课很多收获吧～给分也不错呢
19034,702,王毅,2016-01-23 05:55:32,3,10,7,给分低
19205,702,王毅,2016-01-23 13:48:00,-1,11,12,有很大的收获，并且老师给分很好哦。
23151,702,王毅,2016-03-20 09:01:16,2,10,8,真的很好，听了之后收获很多，一个短学期的课结束了以后，真的没有上够，真的好想再听一次。
23382,702,王毅,2016-03-28 06:43:32,6,16,10,通识给分坑
40819,702,王毅,2017-01-05 20:22:08,1,7,6,讲课乏味无力辣鸡是怎样的一种体验
45361,702,王毅,2017-01-19 14:35:33,1,10,9,垃圾老师最低一门通识
45381,702,王毅,2017-01-19 13:35:07,-2,8,10,辛辛苦苦写了两千字的论文，感觉把自己自小到大的中药理解都融在里面了很认真认真地写，小组讨论主题是我提我定的，结果分出来，3.3，欲哭无泪，一下子把绩点拉下四了。想保全绩点慎重，通识课给分极坑，特随意。
45425,702,王毅,2017-01-19 14:07:19,12,17,5,觉得老师对待中医药的态度是很认真的\n\n讲课也在尽可能讲的有趣味性\n\n相反觉得讲课的另一位老师有些许枯燥\n\n从这门课中还是学到了不少东西的\n\n我的绩点虽然不是特别高，但觉得付出和收入还是成正比的\n\n话说论文“辛辛苦苦”2000字，一是字数真的不算多，二是内容大概也没好到可以让老师忽略字数的多少吧？\n\n建议老师把小组展示的分数公布出来，并且简单讲解一下自己的打分原则。
45802,702,王毅,2018-08-25 03:38:46,0,19,19,老师是好的，给分是坑的。一个一个敲出来的四千字论文，给了这样的分数，无fuck说。不过至少上课还是有收获的，老师给我几分我给老师评几分吧。
46046,702,王毅,2017-01-20 13:29:46,2,5,3,还可以
46172,702,王毅,2017-01-21 00:49:38,0,6,6,还是蛮喜欢听老师的课的，讲课应该还不错，给分也还不错，蛮有收获的。
68701,702,王毅,2018-01-23 15:43:36,9,13,4,说实话我不觉得从神农本草到现代中药这门课和老师有评论说的这么不好，老师给分可能确实严格这点他第一节课的时候的数据就看出来了，但是这门课挺有意思的认真听能收获不少，做的小组作业什么也蛮有意思的展示的那节课真的哇大家都很厉害花了很多心思，论文的话看个人了绩点还没有出我先来评论了就是对这门课真的肯定，不过对有些人来说可能会绩杀吧，老师助教什么的都非常认真 好评
68755,702,王毅,2018-01-23 23:17:48,1,5,4,其实听课很有收获的
70580,702,王毅,2018-01-27 08:53:54,-2,4,6,给分低到可怕，与学生有仇
70608,702,王毅,2018-01-27 09:39:30,2,5,3,给分极差极差极差极差极差
70611,702,王毅,2018-01-27 09:43:50,12,17,5,听老师讲课可以收获好多 我们这一届好像是五级制的 认真完成任务给分就不错
70612,702,王毅,2018-01-27 09:46:35,9,15,6,出了分才知道是五级制，内心震惊不已。\n\n打分还好吧，期末作业写满一万字，再写一篇读书笔记，就能打到优秀等第了。
70618,702,王毅,2018-01-27 09:51:03,-2,6,8,小组展示互相打分就是逼所有人恶竟 绩点能比你想象的还要低 并不是没有认真做 当初也怀着对中药的喜欢选的 上完课我大概是不会再喜欢了
70818,702,王毅,2018-01-27 14:33:38,1,4,3,给分低
70912,702,王毅,2018-01-28 00:09:01,2,7,5,给分差 5000字论文 3.5 呵呵呵
73267,702,王毅,2018-02-01 09:00:52,5,8,3,怎么说呢，我的期末作业被中国中药杂志入选，但是小组展示倒数第四，结果下来绩点3.5。确实认为五级制不太合理，但是还好吧，虽然给分较低，认真下来还是有收获的。
74514,702,王毅,2018-03-02 16:30:50,4,7,3,老师很认真，讲了很多关于中药以及中药现代化的东西，干货很多。而且老师本来有一种儒雅的气质，听课很舒服。给分严格了点，小组展示第二，论文3000字，绩点2.5。不过也是有原因吧，论文写的太差了，所以论文很重要，要好好写论文和交读书笔记。
86055,702,王毅,2018-08-31 13:40:14,2,4,2,受益非浅
95011,702,王毅,2019-01-26 15:06:43,7,11,4,我真的好难过，本来均绩悬悬地在四多一点的，因为这门课，呵呵
97656,702,王毅,2019-01-22 12:45:37,5,6,1,外交部长贼溴
100548,702,王毅,2019-01-26 09:32:39,-2,4,6,小组展示好好做！小组展示好好做！付出一定会有回报的！表白助教姐姐hhhh
100577,702,王毅,2019-01-26 10:36:52,-2,2,4,垃圾老师，拉低绩点
100663,702,王毅,2019-01-26 14:12:45,0,4,4,感觉最后一节课大家的展示都比讲课有意思多了。本来也是抱着对中医一点的好奇和热爱选的课，认真写了论文（可能是只写了3000左右没写到一万？），小组展示也是中等水平，每节课都到，结果是最低的一门通识，给分垃圾
100762,702,王毅,2019-01-26 21:08:29,0,1,1,讲课不错\n\n给分极差\n\n
102037,702,王毅,2019-01-30 06:01:52,1,2,1,老师很认真，认真听还是可以学到一点知识的，给分真的是不好…而且读书笔记虽说不是必写的但是大家都写了并且很好的情况下，一个“加分项”自然就成必写了而且最好多写一点不然就正太了，无话可说
102543,702,王毅,2019-02-06 11:41:56,20,22,2,一直以来对中药都有着浓厚的兴趣，在选课前看到评论区对老师给分差的评价自己还有些犹豫，不过最后还是冒着被拉低均绩的风险选了这门课……上完这门课我的切身体会是老师和助教姐姐都非常认真负责，也了解到了很多中医药及其他药学知识，作为一名社科学生，真的视野开阔了不少，期末的小组展示感觉每个小组都十分用心，也是我本学期上这么多课见过的最棒的小组展示(ฅ>ω<*ฅ)最后在撰写论文和读书报告时查阅了很多文献，进一步了解了中医药的知识，感觉真的收获了很多……最后我的绩点虽然没有特别高，只是中等水平，但我觉得真的是一份付出，一份回报吧(ฅ>ω<*ฅ)\n\n
123514,702,王毅,2020-06-09 08:58:28,0,0,0,专业选修课给分好
125973,702,王毅,2020-09-16 06:47:10,0,1,1,每年的助教不一样，给分也不一样。
131138,702,王毅,2021-01-26 06:56:56,1,2,1,去年的神农本草，课程比较轻松的，小组氛围也很好，上课听的不太多，不过论文和读书报告还是有认真写。最后成绩不错，感兴趣比较推荐。
132671,702,王毅,2021-02-03 08:44:34,1,1,0,老师教的超级好，给分靠自己努力
168346,702,王毅,2023-02-13 04:38:46,3,4,1,感觉老师给分没有那么差吧，反正我一节课都没听过，论文2700字左右，加一篇读书笔记，也勉强上4了
169420,702,王毅,2023-02-26 05:32:34,0,0,0,分不高
188700,702,王毅,2024-01-19 15:13:49,1,1,0,老师不点名，讲的还可以，但中间有好几节课都不是自己讲的，再加上后面的小组展示环节，可能自己一共也就讲了一半吧...然后老师一开始就说这课给分不好，有兴趣的话可以旁听，，开始没当回事，出分后成绩真的炸裂，最低的一门。。。明明小组展示得分挺好，然后读书笔记交了两篇，论文不算卷有差不多3000字（查过重15%左右），最后3.3，真的完全完全不能理解，所有课别说通识课了，即使加上专业课也是成绩最低的，有正态需求不给特别高分也能理解，但真的给分这么差还是震撼了，不知道哪里有问题，这种通识课好歹给个过得去的分吧，真的介意成绩的慎选。。。
188780,702,王毅,2024-01-20 02:29:42,0,1,1,老师上课很有意思，作业任务也不对，但是打分是真的会谢，作为通识课都是所以分数里最低的
17533,717,陈柳蓉,2016-01-20 10:52:34,0,0,0,差差差
61484,717,陈柳蓉,2017-11-17 14:24:58,0,0,0,111
85530,717,陈柳蓉,2018-07-19 03:37:08,0,1,1,上课像是念经。相信老师是有货的先，但是上课真的给人感觉在念经还像读PPT。
123803,717,陈柳蓉,2020-06-14 10:06:09,6,6,0,我吹爆天然药物这门课\n\n推荐别的学院的同学选来当个性\n\n只需要40分平时分，可以收获四份大作业\n\n药学院特色，相同学分，更多锻炼的机会，太感谢老师了
77170,786,杜永忠,2018-05-03 09:26:17,2,4,2,一个学期有一次点名，一次展示（讲一篇英文论文）期末交一篇综述性论文（查10篇英文文献），给分很好，讲课内容有点多且杂，非药物制剂学生听不太懂，不过给个概念性的印象还不错，拓宽一下视野。
77501,786,杜永忠,2018-05-06 06:22:44,0,4,4,尽管选的人很少，但杜老师每节课都可以说是用心的在讲。
170206,786,杜永忠,2023-03-02 03:43:45,1,2,1,杜老师挺好的
221687,786,杜永忠,2025-06-25 08:47:48,1,1,0,杜老师人很好，上课就五个学生，谁不来都知道
15123,821,高建青,2016-01-12 06:58:39,14,21,7,好好好
29026,821,高建青,2016-06-29 06:45:47,5,12,7,好老师，上课生动，严谨认真还慈祥
214987,821,高建青,2025-02-19 17:42:34,4,6,2,本科课可以选，研究生导师别来，谁来谁后悔
173623,863,余露山,2023-05-30 11:49:20,0,0,0,666
173624,863,余露山,2023-05-30 12:15:54,0,1,1,呵呵，丝毫不考虑学生情况意见，只知道让学生发挥浙大学生的优势666
173625,863,余露山,2023-05-30 12:43:06,0,0,0,666666666666666666666
173831,863,余露山,2023-06-03 11:23:52,0,1,1,66666666666666666666666666
7846,918,韩峰,2015-09-15 15:17:49,0,1,1,气氛很轻松
63169,918,韩峰,2017-11-29 02:06:58,0,0,0,老师讲课有趣！
63172,918,韩峰,2017-11-29 02:29:12,0,0,0,完美！
220302,950,曾苏,2025-06-17 07:59:25,0,0,0,超认真的小老头
27910,1005,韩旻,2016-06-28 04:43:30,0,1,1,人挺好，给分一般
215961,1005,韩旻,2025-03-08 08:03:11,5,5,0,有时候感觉老师也不知道要做什么😂
220301,1005,韩旻,2025-06-17 07:57:51,0,0,0,感觉老师是很用心搞学术的那一卦，上课需要适应和磨合，偶尔犯糊涂很搞笑，倒也...过得去
112,1098,陈枢青,2015-03-14 15:58:16,0,6,6,绝对的好老师！上他的课收获很大
15052,1369,吴永江,2016-01-11 16:50:50,1,1,0,蛮好的老师。上课讲得挺好的
15127,1369,吴永江,2016-01-12 07:01:16,1,1,0,好好好
36423,1369,吴永江,2016-11-13 11:30:50,3,3,0,听课听得很舒服，老师讲课也是满脸笑容的。
103135,1369,吴永江,2019-02-26 06:23:49,0,0,0,大逗比
128085,1369,吴永江,2021-01-22 02:27:09,4,4,0,上课舒服
56560,1390,胡瑜兰,2017-07-04 03:40:34,0,0,0,上课照着ppt念，超级无聊。没见过这么无聊的不会讲课的老师 大概是学术研究很强吧呵呵呵呵呵
106058,1390,胡瑜兰,2019-04-24 15:49:39,1,1,0,胡老师人真的好给分真的狠
5680,1514,胡富强,2015-07-09 06:25:30,4,7,3,给分赞\(≧▽≦)/
22532,1514,胡富强,2016-03-07 12:32:42,2,4,2,老师很有知识，不过可能会枯燥～
24880,1514,胡富强,2016-05-04 08:03:21,4,12,8,老师只是追求自己固执认为的，很容易觉得枯燥，不过对展示ppt的能力会有提升，然后我是被无奈的正态了
24882,1514,胡富强,2016-05-04 08:07:13,-5,4,9,非常有趣
25108,1514,胡富强,2016-05-05 11:00:25,1,4,3,给分不好，而且老师对ppt的设计跟主流迥异，很难让人信服
55604,1514,胡富强,2017-07-02 04:32:45,6,8,2,老师有想法，很有科研精神，很注重做PPT的能力和展示
62011,1514,胡富强,2017-11-22 06:52:37,2,3,1,我觉得吧，老师其实还不错的，只要认真的话，分数不会很低
62044,1514,胡富强,2017-11-22 08:55:08,1,2,1,给分真的低，都认认真真做了，唉
62364,1514,胡富强,2017-11-24 11:55:53,1,3,2,给分低
64363,1514,胡富强,2017-12-23 02:59:21,1,2,1,给分低，全看ppt做的怎么样。助教是个研究生，还不错。
143673,1514,胡富强,2021-12-01 09:23:41,-1,1,2,给分真的无语。。。。。
143674,1514,胡富强,2021-12-01 09:23:49,1,1,0,哈哈哈
143738,1514,胡富强,2021-12-03 14:04:28,3,3,0,上课主要是科普，学到的主要是做ppt\n\n对ppt要求比较高
143845,1514,胡富强,2021-12-08 11:06:02,2,2,0,作业挺多的 但是做ppt的能力得到了很好的锻炼 给分也很高 就是老师本人稍微有点清高 能力还是很强的
179463,1514,胡富强,2023-09-16 09:29:49,0,0,0,老师真的很和蔼！
15125,1564,刘滔,2016-01-12 06:59:35,4,7,3,好好好
9934,1574,杨晓春,2015-11-13 01:44:07,2,2,0,非常好的老师，人很nice，就点过一次名，因为人到的实在太少了。
21227,1574,杨晓春,2016-02-27 03:40:01,2,3,1,非常开心
199613,1574,杨晓春,2024-09-26 08:38:09,0,0,0,老师很好，但是要吐槽一下杨老师的药理学PPT，感觉和十年前的一样，看着很难受(◞‸◟ )
59932,1585,刘龙孝,2017-09-28 09:49:40,4,6,2,很好哇
62674,1585,刘龙孝,2017-11-26 10:49:47,-1,1,2,给分是真的好?
62704,1585,刘龙孝,2017-11-26 13:11:11,2,4,2,上课基本不用听 最后一篇论文 给分很好了
62751,1585,刘龙孝,2017-11-27 00:51:17,0,6,6,总体上来说感觉这门课就是介绍化妆品的。上课有时候点名，期末交一篇关于化妆品的论文，不考试，总体上来说还是挺水的。这个老师人挺好，给分也好，但是念课本，犯一些常识性错误（比如他说冲动在蛙坐骨神经上传播速度1m/s）还讲的洋洋得意，所以给八分。
62907,1585,刘龙孝,2017-11-27 10:15:07,0,2,2,上课真的很水啦，老师讲的也很无趣，冲着化妆品去的女生可能要失望了，但是只要最后论文认真写给分还是很好的！
62930,1585,刘龙孝,2017-11-27 11:32:04,0,2,2,老师上课其实挺无聊的，会签到三次，不计发言分，最后一篇论文，给分很好。
64050,1585,刘龙孝,2017-12-20 16:27:18,0,2,2,人好，给分好，足矣。
64459,1585,刘龙孝,2017-12-24 06:30:53,1,2,1,给分很好
69610,1585,刘龙孝,2018-01-25 05:26:10,1,3,2,有签到，老师人很好，给分也很好
78431,1585,刘龙孝,2018-05-11 16:16:01,3,5,2,老师人很好，对论文格式要求比较严格，论文按照格式写，期末开卷考认真考，老师给分很好的
104315,1585,刘龙孝,2019-03-18 00:12:24,5,5,0,上课不讲课，一直在讲无关的闲话。
119703,1585,刘龙孝,2019-11-15 02:42:08,5,5,0,上课无聊，给分一般但是略迷，上课表达的观点有点诡异，学分好水，但是不有趣。
119736,1585,刘龙孝,2019-11-15 05:09:19,5,6,1,想知道均绩真的有4.55吗......
119803,1585,刘龙孝,2019-11-16 01:41:43,0,1,1,均绩应该没有4.55 吧 不过确实很水
127779,1585,刘龙孝,2020-11-27 01:44:49,1,2,1,化妆品工艺学，上课很水，考核方式点名+一篇论文，论文选一种化妆品写，给分不错
3007,1754,周婕,2015-05-12 23:58:06,6,12,6,不能再赞啊，上课很良心，人也非常好，和我们说好了不点名，然后平时也没有作业，期末作业就是两张纸的小论文。最主要是老师人好啊，喜欢讲笑话，给分也高 。
3011,1754,周婕,2015-05-13 06:33:22,5,9,4,对于楼上，我想说这个企业规划涉及更多的是理科好吗
3018,1754,周婕,2015-05-13 02:28:11,2,8,6,明明是科学类，结果需要做一个公司企划，理科生扑街。
3525,1754,周婕,2015-06-17 01:28:13,7,8,1,这老师很好啊
3857,1754,周婕,2015-06-17 06:41:23,10,12,2,课堂气氛好，不管讲得怎么样，至少我听进去了。这很难得
5500,1754,周婕,2015-07-08 03:26:21,5,7,2,超级赞的老师
5531,1754,周婕,2015-07-08 05:28:16,19,24,5,超级好，本来不听课，都带成听课了。性格也很好。
7003,1754,周婕,2015-08-25 11:07:33,5,8,3,超级好，讲课也挺幽默的，本来对课堂内容真心不感兴趣的我都被带着听课了，作业不多，期末就一个基因公司的策划
7693,1754,周婕,2015-09-15 09:22:21,1,3,2,超级好
9788,1754,周婕,2015-11-09 06:09:43,1,2,1,超级棒
19343,1754,周婕,2016-01-24 02:28:19,1,2,1,好，很好
22120,1754,周婕,2016-03-02 11:38:57,7,8,1,难得好老师，满分！！！\n\n口头禅 大家不要鸡冻(T＿T)/~~
22691,1754,周婕,2016-03-10 02:42:02,1,3,2,好好好
23567,1754,周婕,2016-04-06 12:21:27,1,2,1,老师会讲很多和基因相关的前沿科技，可以学会很多啊，赞
24313,1754,周婕,2016-04-29 10:07:02,3,5,2,老师会发红包哦(^з^)我差点就是运气王
24438,1754,周婕,2016-04-30 13:56:03,0,2,2,我只能说，老师是真的好
24503,1754,周婕,2016-05-01 00:56:38,1,2,1,不仅学习基因测序知识，还旁观科研工作者的工作日常百态，平时十分轻松但非常受用。很nice的老师。
24564,1754,周婕,2016-05-02 00:30:19,1,2,1,很棒的一位老师，课堂氛围很好，强烈推荐
24742,1754,周婕,2016-05-03 09:27:20,1,2,1,扩充的内容多\n\n
25015,1754,周婕,2016-05-05 01:13:29,4,5,1,强推，虽然我最后分不高，但正态分布不是老师的错
26856,1754,周婕,2016-06-21 10:21:37,0,2,2,老师真的超级好啊T^T 但今年好像不开课了T^T
28476,1754,周婕,2016-06-28 09:14:47,0,1,1,真的很好
29023,1754,周婕,2016-06-29 06:43:07,0,1,1,很好上课很生动
32687,1754,周婕,2016-07-09 10:56:51,7,8,1,工科狗。绩点刚好4。老师挺好。教的挺好，最后一门个性修的很开心。再见紫金港。2016.7
44189,1754,周婕,2017-01-17 11:45:17,0,1,1,老师超级好
49734,1754,周婕,2017-04-25 03:37:09,2,3,1,文科生们，赌运气吧
49844,1754,周婕,2017-04-26 12:47:11,2,2,0,超级有趣的老师，还有周展老师帅爆，大家都很舍不得的课，总之就是一个字：爱！
49845,1754,周婕,2017-04-26 12:48:03,0,0,0,老师很好的
49846,1754,周婕,2017-04-26 12:48:22,4,5,1,这个老师让我在翘课是竟然有一种负罪感，神奇的老师，好评！好评！
49858,1754,周婕,2017-04-26 14:56:30,0,1,1,超级棒啊，没有比这个老师更棒的了，一百个赞
50334,1754,周婕,2017-05-02 11:34:10,0,1,1,真的很好的老师，上课特别有趣
50337,1754,周婕,2017-05-02 11:40:48,1,2,1,棒呆！生动有趣！召唤需要学科学与研究类和技术与设计类的文科群体！绝对棒呆！嗷嗷嗷！上课轻松，和生活相关，引发一点点思考！重点是，给分很好！
50338,1754,周婕,2017-05-02 11:44:30,2,3,1,最后绩点不高怪自己渣…老师还是很好的 看出来有调分了
50343,1754,周婕,2017-05-02 11:53:44,2,3,1,真的是一个超级好的老师，老师的性格，阅历，知识水平等等方面都超级棒！上课非常有趣，而且可以学到很多知识，ppt的内容非常好，必须10分！
50347,1754,周婕,2017-05-02 12:08:10,2,3,1,老师人超级棒啊，经常和你聊一些自身的经历，还会推荐动漫和电影……给分也蛮好，平时会签到，但不点名\n\n必须给10分啊
50352,1754,周婕,2017-05-02 12:13:18,0,1,1,老师点名的，但是对于理工科的学生来说课应该相当简单，给分很好，老师讲课超级有趣～
50353,1754,周婕,2017-05-02 12:15:25,6,10,4,分数被正态 难受
50361,1754,周婕,2017-05-02 12:43:51,1,2,1,挺好的老师非常萌
50380,1754,周婕,2017-05-02 14:01:34,4,5,1,文科生慎选
50466,1754,周婕,2017-05-03 05:20:04,5,6,1,挺好的 但是最后绩点比较低
50499,1754,周婕,2017-05-03 07:38:26,1,1,0,很好很温油。
52710,1754,周婕,2017-06-22 09:02:58,2,2,0,超级超级nice的老师，上过了一年还是记忆犹新，只是最后考的太渣，但是不怪老师。强烈推荐！
55194,1754,周婕,2017-07-01 03:19:55,2,2,0,老师很随和，给分超棒！
62215,1754,周婕,2017-11-23 07:51:04,2,2,0,超级好的老师，很温柔
74734,1754,周婕,2018-03-05 10:33:22,1,1,0,nbnb
76798,1754,周婕,2018-04-23 12:56:34,1,1,0,老师好温柔，⊙ω⊙
78120,1754,周婕,2018-05-09 11:53:22,2,2,0,老师真心很棒 就是绩点....
78121,1754,周婕,2018-05-09 11:56:55,1,1,0,老师给分特别好，不会调分的
78139,1754,周婕,2018-05-09 12:50:13,1,1,0,老师很有趣 上课每次签到 要求不严 最后成绩靠自己
78243,1754,周婕,2018-05-10 07:04:44,1,1,0,挺好的老师，不像传统做研究的老师那么死板，上课的时候一直在讲自己的爱好生活什么的，还会加一点科研的趣事，挺有意思的。不过课倒是真的没什么内容...平时每次签到加期末闭卷考试。
86054,1754,周婕,2018-08-31 13:39:05,0,0,0,非常赞的老师
91127,1754,周婕,2018-12-01 03:19:14,1,1,0,老师太棒了嘻嘻嘻
10589,1904,吴昊姝,2015-11-20 09:22:43,2,4,2,。。。
10953,1904,吴昊姝,2015-11-23 12:25:59,-1,4,5,哎呀上课水水考试死死但其实老师还是很好
13692,1904,吴昊姝,2015-12-30 10:57:20,-3,8,11,药物与健康老师，上课很用心。不过有些无聊，水不水看心态。。平时有个小组展示。。。给分听说还行，反正我应该被正态了，伤心，不说话(⊙x⊙;)
14787,1904,吴昊姝,2016-01-09 06:37:11,-5,5,10,给分还行，可水
22130,1904,吴昊姝,2016-03-02 12:22:30,-14,2,16,挺好的 给分不错 挺水
22161,1904,吴昊姝,2016-03-02 23:59:40,-12,1,13,棒极了！
25086,1904,吴昊姝,2016-05-05 08:07:11,-16,1,17,老师上的很用心，好好听会有收获
25097,1904,吴昊姝,2016-05-05 08:44:08,-19,3,22,上她的药物与健康，单就课而言要看个人兴趣，对于我这个文科生为了k类的学分上得有点懵。但有些健康知识还是很实用的。期末是开卷考试，有点难。但老师给分很好！老师人也很好，回讲查找资料的方式，也很用心地收集课程意见不断改进！
26067,1904,吴昊姝,2016-06-29 06:44:11,13,20,7,这老师不行。不建议选她的课。不是人品渣，是教学组织能力不行，具体的，不可描述，谁经历过谁知道。
27075,1904,吴昊姝,2016-06-22 16:44:02,-52,8,60,老师人很好 认真听能学到挺多 考试开卷简单 一学期貌似没有点名 听说给分很低 反正我4.8?
29025,1904,吴昊姝,2016-06-29 06:44:49,-3,2,5,一般，有点想睡觉。。。治疗学展示不水！
35957,1904,吴昊姝,2016-11-10 09:09:49,5,8,3,虽然不点名，但人多教室小，基本上坐满，所以有谁不来就很明显。有小组展示同学提问的，如果班里同学。。。温和一点还好，就怕跟我们班似的，有些同学特别叼，问的问题很刁钻。
36151,1904,吴昊姝,2016-11-10 15:15:03,-8,3,11,药物与健康的老师，感觉老师上课挺用心的，有小组展示
36248,1904,吴昊姝,2016-11-11 08:35:16,1,1,0,，，，，
36420,1904,吴昊姝,2016-12-20 04:46:03,6,12,6,因为追求正态所以把平时分抹掉，可是我只能微笑面对?
37560,1904,吴昊姝,2016-11-19 12:31:01,30,42,12,上课很麻烦啊，然后给分我又呵呵了
37564,1904,吴昊姝,2016-11-19 13:09:01,-3,5,8,一定要当小组长
37581,1904,吴昊姝,2016-11-19 14:00:14,4,8,4,上课无聊，给分超级低。要是文科生混绩点，最后不要选这门课
37582,1904,吴昊姝,2016-11-19 14:04:25,1,9,8,上的药物与健康，这课说实话内容挺无聊的，对我一个文科生来说实在没什么吸引力。觉得老师人不错的，很用心完善课程，但是讲的东西有点无聊。事情比较少，不点名，一次小组展示加开卷考，题量蛮多的。最后均绩不高，3.6这样吧。
37588,1904,吴昊姝,2016-11-19 14:27:55,14,23,9,怎么说呢？我是非常认真的对待这门课的，每次都好好听，考前还把讲义看熟了，然而并没有什么卵用，我只有3.6，感觉很失望，别人水课都比我的分高，是我太笨了么。
37590,1904,吴昊姝,2016-11-19 15:40:21,7,11,4,同时考核根本不是平时50%，呵呵
37675,1904,吴昊姝,2016-11-20 06:20:02,44,68,24,呵呵呵。绩杀。大家小心。这是我进大一最有兴趣自己想学的课，自己的医学基础感觉也比很多大一医学生好，上课最积极的是我，最后给这样的分数，呵呵生无可恋了。
37695,1904,吴昊姝,2016-11-20 08:48:22,5,10,5,药物与健康，讲课一般，但态度还行。平常可水，结果就是期末考碰运气，期末考巨坑。我认真看过的还不如其他人撞运气的。幸好平常分还可以，但也挽救不了总分。我还想上4的，结果3.6呵呵了
37754,1904,吴昊姝,2016-11-21 00:50:25,15,23,8,付出最多的课结果就这分数 看别人水课满绩 这课阅读报告 小组展示 期末开卷考 结果还是期末分数占90% 不知道自己辛辛苦苦准备为了什么 绝对不要选这课 药物与健康 估计均绩3.3?
37759,1904,吴昊姝,2016-11-21 01:26:05,4,6,2,没有很大兴趣的同学还是别选了
37766,1904,吴昊姝,2016-12-07 08:31:32,5,9,4,呵呵呵
38117,1904,吴昊姝,2016-11-24 13:44:31,-17,1,18,感觉还好，给分还可以
41813,1904,吴昊姝,2017-01-13 01:02:04,7,10,3,课的内容很无聊，不停的灌输知识但是记得进去的没有多少，每次都想好好听最后都不知道在听什么，期末考还认真看了讲义，讲义还那么厚什么用都没
49275,1904,吴昊姝,2017-04-01 05:51:47,4,5,1,。。。。
55284,1904,吴昊姝,2017-07-01 08:08:02,2,3,1,为什么还没有出成绩。。。
58696,1904,吴昊姝,2017-09-15 04:07:52,16,18,2,药物与健康分数全班前10 绩点3.9
58763,1904,吴昊姝,2017-09-16 18:31:21,9,9,0,理科生一开始冲着药物的兴趣选的。药物与健康每次课由不同的老师上，一开始还蛮期待的。然后上了课发现自己真是naive。吴老师上课条理还是比较清晰的，不过也奈何不了内容无聊。犹记得其中有一次讲…怎么看药物说明书…讲到突触觉得可能“有点难了”。老师一直说最后的考试很简单，可能那是建立在把每份ppt都打出来的基础上吧，微笑（最后考试记忆性的内容比较多）。emmmmm最后3.6飘过，就说这么多吧。
59083,1904,吴昊姝,2017-09-19 11:04:06,13,15,2,垃圾老师毁我青春
59090,1904,吴昊姝,2017-09-19 11:29:30,16,16,0,上课事巨多，药物与健康作为一门通识是不是太过了。我觉得这种课应该是老师灌输给我们知识，而不是让什么都不懂的我们直接去探究这么专业的专业知识，感觉效果不是很好。对药物很了解的人可以上，人文社科和不上化学生物课的工科理科生还是算了吧，真的累，评分也很奇葩。
62261,1904,吴昊姝,2017-11-27 09:49:34,6,8,2,突然袭来的点名
62588,1904,吴昊姝,2017-11-26 05:09:58,13,15,2,恩，当组长累死累活的，考试和是否认真上课毫无关系，绩点3.9呵呵
62607,1904,吴昊姝,2017-11-26 07:03:53,4,6,2,也真是可以，绩杀绩杀，千万别选，课程是可以，给分咋那么随机那么恶心
62630,1904,吴昊姝,2017-11-26 08:36:52,9,9,0,事多，分低
62767,1904,吴昊姝,2017-11-27 02:19:27,0,4,4,不是通识，谢谢
62796,1904,吴昊姝,2017-11-27 03:54:05,-33,2,35,没听过，轻松4.2
63445,1904,吴昊姝,2017-12-04 08:02:09,6,7,1,呃。。。要求多，考试难啊，绩点我就不多说了，唉～
67756,1904,吴昊姝,2018-01-22 06:41:18,8,8,0,很差。。会卡分
74388,1904,吴昊姝,2018-02-17 01:13:07,13,13,0,非常的差劲。。一定不要选。
78398,1904,吴昊姝,2018-05-11 09:32:47,18,20,2,这个老师得分低不是没有原因的\n\n事情多给分烂……怪不得药物与健康只有二十几个人选\n\n这个老师还在申请通核\n\n简直是噩梦……
81038,1904,吴昊姝,2018-07-03 11:49:50,-3,7,10,阿吴真的很严格
84618,1904,吴昊姝,2018-07-14 12:18:59,-10,3,13,很负责的一个老师
102000,1904,吴昊姝,2019-01-30 03:18:01,-20,5,25,文科生选这个课，一开始很慌，小组展示也做得不是很好……但老师很用心，大部分内容还是能听懂的，最后开卷考好好准备好好考，得了4.8，感谢老师❤️！
103518,1904,吴昊姝,2019-03-01 00:58:29,14,16,2,微软雅黑，你值得拥有
104248,1904,吴昊姝,2019-03-15 00:10:24,0,1,1,助教马会松我松哥真是太可爱了！！又漂亮又可爱！！
104827,1904,吴昊姝,2019-03-28 10:23:56,12,12,0,讨论课的主题实在太尴尬了，几乎全程冷场
109265,1904,吴昊姝,2019-06-12 12:08:43,-5,4,9,老师人真的很好，上课比较水，讨论课还是看班级氛围吧
114654,1904,吴昊姝,2019-07-11 02:51:37,-14,1,15,老师的通核课药物与健康很好啊，内容都很有用，即使是文科生也不会有太大的问题，助教都很好。你会收获很多关于健康的知识，还有一群小伙伴。
114926,1904,吴昊姝,2019-07-12 21:55:44,-14,4,18,药物与健康算是比较轻松的通核了吧，小组展示就两次。线上的视频和测试水水就好了。考试量略大前面客观题得做快点，但开卷都能找得到。讨论课内容算是比较实用，对于不喜欢历史没什么文采的理科生来说已经非常友好了~
115646,1904,吴昊姝,2019-08-14 11:19:54,7,7,0,给分迷，小组中划水的反而给高分
120313,1904,吴昊姝,2019-11-28 05:43:42,13,14,1,隔三差五点名，要求我们帮她的研究填问卷，还随堂小测，mooc上作业一大堆还必须每个视频都要看，11次个人分享，2次小组展示 绩杀
121104,1904,吴昊姝,2020-01-19 15:19:36,9,10,1,事情贼多，给分很严格，平时也是板着一张脸，抽查点名课前课后不一定，绩杀
125064,1904,吴昊姝,2020-08-25 02:34:35,21,24,3,吴老师为人很和善，关心学生，但是通讯稿不限数量，心得不限字数给人以鼓励恶竞的感觉。最后药训的作业互评也是很迷，二十多个小组的主题综述一天之内给予评分，每组5000+，这确实有点困难。而且学生评分的标准也是未知。
126533,1904,吴昊姝,2020-10-02 03:55:28,5,6,1,这是啥垃圾老师，我们那么努力的写东西最后告诉我们所有人都有的作业分数给一样，然后专门奖励恶竞选手？
132936,1904,吴昊姝,2021-02-05 07:25:02,10,11,1,药物与健康 事情多 给分迷 不建议选
132941,1904,吴昊姝,2021-02-05 08:44:11,-8,3,11,认真学会有收获的
132955,1904,吴昊姝,2021-02-05 11:31:39,-7,6,13,药物与健康，医学生，最后4.5\n\n感觉老师还是蛮友好的，相对来说秋冬学期总共2次小组展示不算多，但是个人展示会比较频繁…然后理论课可能要和老师互动，回答的问题也不会很难\n\n我平时还算比较积极，不是组长，然后听课也有挺多收获的。
134261,1904,吴昊姝,2021-03-21 18:32:34,52,61,9,不把学生当人看就直说，别大三下弄一门没啥卵用的课瞎占我们时间。\n\n一方面，我们大三下不是只有这门课，还有几门要考试的课；另一方面，打算要考研的你把这段黄金时间给压榨了，美其名曰想多要本系学生，但是考研复习时间就这么点你以为能考上？\n\n别的学校药学大三下为了考研层层开绿灯，在你手下为了有更多免费劳动力干活逼学生做一堆没用的实验，本科期间嘛 真没必要搞这么复杂的东西。
136069,1904,吴昊姝,2021-06-10 15:35:23,26,27,1,就特别鼓励内卷，我实在卷不动
145361,1904,吴昊姝,2022-01-14 08:16:41,26,30,4,“药物与健康”，一门通识课，破事贼TMD多，线上测试周周有，从不提醒，8次，我有6次都不知道有。最后期末考试，线上考一次，讨论课考一次，考试周考一次。12个PPT让你自己去看，MD，通识课花的时间比大英微积分线代还多。\n\n---------------------------------------药物与健康荣获3.3绩点，爱死老师了，呵呵
146841,1904,吴昊姝,2022-01-07 15:07:43,14,16,2,极致内卷，鼓励内卷\n\n耗费时间接近线性代数\n\n考试很有难度，题量巨大，很多材料上不好找；还有巨量药名\n\n讨论课就硬卷呗......周周发言，16周发言16次的卷王也不是没有\n\n还有MOOC，上面又是测试又是发言，还有啥互评，事情很杂\n\n老师上课还是比较认真的，如果不介意内卷还是可以学到一些东西的
148589,1904,吴昊姝,2022-01-13 02:35:38,-11,2,13,药物与健康喜提3.8.....但有一说一这玩意真的巨花时间，各种各样的考试，小测，还有卷王在你旁边卷，但老师上课还是很用心的，能学到东西
148599,1904,吴昊姝,2022-01-13 02:59:28,15,15,0,要不是下限只有1 真想给她打个-∞ 真就无语了 妄为人师 学校怎么想的 把这个设置为通核
148600,1904,吴昊姝,2022-01-13 03:02:20,7,9,2,鼓励内卷，不发言直接只有2.8
151416,1904,吴昊姝,2022-03-03 01:58:26,5,6,1,绩杀。。
152570,1904,吴昊姝,2022-04-15 00:53:04,14,15,1,药训课也点名👍
152816,1904,吴昊姝,2022-04-20 06:17:10,26,28,2,第一次这么讨厌一个老师😅😅😅贼鼓励内卷，对除医药学专业的同学都很不友好，事情贼多，最后考试给分也很迷。本人自诩为一个卷王，基本每次讨论都有发言最后喜提3.8谢谢您吴昊姝 您睡得着吗反正我睡不着🙏
153826,1904,吴昊姝,2022-05-12 08:33:12,24,25,1,怎么不能打0分啊？这种老师也配存在于这个世界上吗？鼓励内卷鼓励恶竞，P事一堆，展示看演讲艺术，平时分看通讯稿，无语住了，恶心
154822,1904,吴昊姝,2022-06-06 02:01:12,4,6,2,纯纯nt
155256,1904,吴昊姝,2022-06-10 01:36:39,4,5,1,纯纯nt
159287,1904,吴昊姝,2022-07-10 17:51:11,3,4,1,。。。
161189,1904,吴昊姝,2022-10-31 12:53:00,6,8,2,有计谋的这个老师，tnnd跟我玩阴的是吧，上节课说不点名下节课就点
163376,1904,吴昊姝,2022-12-14 07:27:13,5,6,1,呃呃额
163377,1904,吴昊姝,2023-01-14 11:53:14,9,17,8,吴老师人很好，但鼓励竞争，事情挺多，但认真做就没事。多发言多搞PPT，考试前看看讲义，最后喜提4.8
165028,1904,吴昊姝,2022-12-28 12:27:30,7,13,6,老师人挺好的，很有情怀，药物与健康这门课要是真的投入会学到很多东西，只是作为一门选修课，事比较多，但是是通核，所以想学东西的同学大可以选，助教老师人也很好，zfgg是会从我们本科生角度去思考的博士生，看到前面的评分很低是因为绩纱，所以我就在绩点出来前评价吧，免得自己成为随意宣泄情绪的分奴
165352,1904,吴昊姝,2023-01-02 08:35:30,9,11,2,依托答辩
166651,1904,吴昊姝,2023-01-13 07:18:58,-1,6,7,吴昊姝老师为人善良有耐心，虽然事情比较多，但是用心做了应该没问题
166668,1904,吴昊姝,2023-01-13 07:59:12,8,10,2,药物与健康，事情太多，小测多作业多展示多，还有很多网课要听。知识内容对于不选生物化学的文科生很不友好。最后期末考试题量很大，答不完。给分也烂
170350,1904,吴昊姝,2023-03-03 04:18:22,21,21,0,真的不咋地，纯纯鹅颈，说话说的也不清楚还喜欢在群里到处call人，大无语到了属于是，药训体验极差，不知道怎么度过的\n\n就是说熬过去就好了吧大概\n\n希望大家都有良好的心态和极致的体验
173614,1904,吴昊姝,2023-05-30 07:42:09,5,5,0,恶竞之王666
173646,1904,吴昊姝,2023-06-18 15:00:01,10,11,1,药训依托答辩，组长跟死了一样什么也不干，这个课就是在浪费时间耗着，屁用没有搞假大空
174432,1904,吴昊姝,2023-06-12 06:30:53,2,3,1,鹅颈。
175077,1904,吴昊姝,2023-06-21 12:05:06,22,22,0,药训体验极差，天天就是在浪费时间，给分标准很迷惑，小组展示呵呵；任何事情都跟平时分扯上关系，动不动就是谁来做这个我给他加分，拿加分吊着学生；课又臭又长，事情还巨多，为什么这种课是必修啊
176427,1904,吴昊姝,2023-06-29 01:53:29,18,21,3,药综给爷死，药训给爷死·····都是whs的垃圾课
176434,1904,吴昊姝,2023-06-29 01:59:04,19,19,0,药综这烂课凭什么没有出现在教务网评价系统里啊？怕被喷烂是吧。\n\n辛辛苦苦一学期，最后分数还不如实验室都不怎么去的人，不如实验都没做完的组。\n\n实验报告初稿的部分问题不在汇报的时候讲出来，怎么的要留着写终稿打分的评语吗？\n\n虚拟实验系统稀巴烂，浪费时间精力，评价标准和撰写规范也不事先说明
176440,1904,吴昊姝,2023-06-29 02:18:32,0,2,2,一定要当小组长啊
185284,1904,吴昊姝,2023-12-27 13:57:04,2,5,3,我觉得老师讲的真的很用心而且很拓宽知识面，教学方法也很先进，能了解到很多新的东西；但是也因此《药物与健康》作为一门通识课事情不算少，是要花心思和时间的，
189032,1904,吴昊姝,2024-01-21 10:08:37,0,3,3,课的内容还挺实用，但是非药学的同学可能还是会有点不合适（期末考就算是开卷也很难翻书，考得很细，上课不听期末抱佛脚也写得有点汗流浃背），总之，需要好好听，争取有个好助教。我爱助教小姐姐！
189174,1904,吴昊姝,2024-01-22 08:40:38,-9,4,13,爱死吴老师和助教姐姐 被狠狠捞了 药物与健康期末考扣了七分多 最后还有92
189192,1904,吴昊姝,2024-01-22 09:48:33,-7,4,11,药物与健康课比较推荐
189386,1904,吴昊姝,2024-01-23 15:20:59,-6,3,9,药物与健康 作为通识课事情还是有点偏多 期末考试不好好准备时间会有点紧 不过平时表现好一点分还是可以的 最后喜提4.8
189728,1904,吴昊姝,2024-01-27 15:51:08,-1,5,6,药物与健康。老师和助教上课很认真，教学方法很先进，确实能学到有用的知识，认真学、积极发言也能拿到不错的绩点。但是对于觉得主修课业比较紧和追求绩点的同学，可能不太推荐了。
190042,1904,吴昊姝,2024-02-14 19:11:15,-6,1,7,药健很捞！
191424,1904,吴昊姝,2024-04-21 15:55:44,9,9,0,药学院五星传奇教师
193022,1904,吴昊姝,2024-06-02 14:15:14,3,3,0,一言难尽。。。
193354,1904,吴昊姝,2024-06-07 02:47:09,19,20,1,药综逆大天，钉钉常撤回，事多爱变卦，难听懂人话
193460,1904,吴昊姝,2024-06-11 07:01:18,9,9,0,药训课：一开始还装的挺好的让我疑惑为啥查老师分这么低，直到后边多交流了几次才发现这人一说话不过脑子一点情商都没，要不是还没出成绩我都想阴阳她了。。；二鼓吹恶性竞争连点名统计人数和摄影这种事都要在表格里抢着报名说与平时分挂钩；三有正当理由都不给补签签到，课上把女同学急哭了才松口企图“下课沟通”，也不知道这位同学和其他没签上的同学最后怎么样了；四说话毫无诚信可言，为了抢到想去的地点要蹲守在群里填表格，还会自己忘记这件事让同学白等。并且极其耽误时间，有次等了一个多小时才报上名。总之是啥都没学到的一节课，不知道这种课除了耽误学生时间之外还有什么其他用处。\n\n会时不时点名，特别歹毒
193897,1904,吴昊姝,2024-06-20 13:05:37,3,3,0,化学er前来围观药院phl
195469,1904,吴昊姝,2024-06-28 07:36:28,9,9,0,非常难评，让人禁不住怀疑药训开设的意义。先不讲期末按照评分排序再赋分的合理性，仅平时分一项就槽点遍布，最突出的当属将上课事项无限细分，以鹅颈要挟课程人员的操作。再者，药训作为一门先导性课程，让学科基础不同的学生提出乃至现场回答专业问题实在是苛求。最后，药训场所的安排以及课题的选择都十分混乱，我想任何人都很难想象2024年居然还有在120人的大教室内进行抢答的场面。总之，在这门课程中你能学到的知识是非常有限的，，
197017,1904,吴昊姝,2024-07-27 19:23:09,8,8,0,药综这个课评价指标一大堆，本身做这些设计性实验还挺感兴趣的，结果要求那么多烦都烦死，辛辛苦苦做的实验被老师们这里批一下那里批一下。就比如实验记录非要涂改非要签个名，每个试剂怎么配的都要写，我就问了哪个研究生会这么写实验记录？这不还没事找事？涂改了签个名就能证明没有造假？还有报告格式特别严格，要写一堆没用的东西，很费时间。开始查阅文献做实验还对这个课挺感兴趣的，越到后面越觉得烦…给分这里扣一点那里扣一点，实验方案明明说按要求做了就满分，结果呢还是莫名其妙要扣一点，展示哪有人听，都乱打，有的一看就很烂的组分可能比别的组还高。报告怎么改都能给你提出问题，烦死了
197257,1904,吴昊姝,2024-07-10 03:12:11,5,5,0,药综md破事一堆，越到期末事情越多，一堆琐事钉钉上能烦死你，看起来给分很细结果就是乱给的，我们组有一个人啥都没干（一点都没干），然后我们组给whz反映（老师说知道），结果呢？他分数还和我们差不多？？？？到底有没有听啊？那我们其他人累死累活的意义是？md还有那个小组互评，小组之间分是乱打的，听是不听的，就靠脸熟不熟打分？？？一看就很差的组分数甚至会很高？老师甚至不矫正一下？真的是无语了，md越想越气
198784,1904,吴昊姝,2024-09-11 15:33:09,4,8,4,打了9分，看了一圈大家的评论，确实吴昊姝很鹅颈，我也深有感触，她的课上要干很多事情才能拿高分。但根据我与她交流的经历来说，吴昊姝还是挺好说话的，被人挂朵朵上热门了只是与同学商议删除帖子，没做什么过分的事，女同学迟到没有签上到哭了也愿意给她补签。她鼓励鹅颈确实让人讨厌，但是说她人品的种种问题只能说是有点无中生有了，也不应该给她这么低的评分。(虽然她鹅颈确实有点太过了，我也深受其害QAQ)（叠甲，仅个人观点，勿喷Ｘ＿Ｘ）
213975,1904,吴昊姝,2025-01-22 08:46:48,0,1,1,通核药物与健康，破事一堆，给分，不要想给分了。\n\n这课有一堆评价项目，我简单说说。大课可以不去但是得做她线上发的题，这个算考勤，不一定在哪节课的什么时候就发出来了（相比翘课更建议上教室自习）。还有mooc上面六个单元（应该是六个）的单元测试，写两篇作文，期末测试和讨论题（一个单元至少一个）。讨论课更是神中之神，要完成保底四次的个人展示，两次小组展示，与另外一组进行一次辩论，主持一次自由辩论，期末还有一次考试。加上期末有一次开卷的期末考试，本次考试一共有三次期末考试。当你花费了很多精力完成了大部分项目的时候，偶尔有一点失误的时候，吴老师会善意的提醒你，当你低三下四的请她能不能调整一下的时候，他会告诉这个项目是系统直出的，她也没办法。并且会告诉你以后可不能再有这样的错误，然后心安理得的给你很低的分数。\n\n如果没有这门课认证方面的修读要求，选其他的课吧，你会多很多快乐的。
214756,1904,吴昊姝,2025-02-17 11:54:00,8,8,0,依稀记得大一药训我从不迟到、积极发言，遇到死人组员只能自己啃完综述写调研报告，天真以为努力就有回报，最后喜提3.3。\n\n用了两年时间终于走出阴霾，大三又开始上药综，第一天上学她就能整出这么多幺蛾子，已经对这个学期绝望了😰
216198,1904,吴昊姝,2025-03-12 08:40:50,2,2,0,药综是真的累人啊，看似是六节课，实际上一周七天都得给这课花心思留时间
216397,1904,吴昊姝,2025-03-15 11:25:34,1,1,0,药综让人好累。。。
218854,1904,吴昊姝,2025-05-08 13:28:31,1,1,0,组员一个学期就来做过一次实验，药综呵呵了，为了自己发论文晋升弄出一堆课堂形式
221730,1904,吴昊姝,2025-06-25 15:10:36,1,1,0,一己之力拉低药学院的教学和科研水平，可以说是什么都不会，上她课的人有福了，喜提浪费一大堆时间。自己没有水平还要一直pua别人，大概是为失败的人生找慰藉吧
49433,1914,章国林,2017-04-12 06:55:09,-1,0,1,好好听很有收获，期末考试也不难
49928,1914,章国林,2017-04-27 08:55:49,4,6,2,沙b老师，课程是等级制的从来不说，坑死人的沙雕。\n\n
49939,1914,章国林,2017-04-27 09:59:58,3,4,1,等级给分 三次点名 第一节课都不说 最后考评很水 课很水 但是给分很烂
50017,1914,章国林,2017-04-28 14:36:27,1,1,0,给分是等级制吧，反正不喜欢就是了
50210,1914,章国林,2017-05-01 08:26:23,-1,0,1,讲得挺好，就是会令人昏昏欲睡
51635,1914,章国林,2017-06-07 16:53:53,0,0,0,讲得不错，课很水
193253,1914,章国林,2024-06-05 07:35:50,1,1,0,。。。
15126,2026,朱丹雁,2016-01-12 07:00:45,7,8,1,好好好
36424,2026,朱丹雁,2016-11-13 11:33:45,2,3,1,讲课很平淡，但起码还能学到点东西。
63174,2026,朱丹雁,2017-11-29 02:30:58,0,1,1,很棒的
67759,2026,朱丹雁,2018-01-22 06:46:06,0,1,1,很差给分不高
134260,2121,游剑,2021-07-01 13:01:40,1,2,1,卷子题量多到暴风哭泣\n\n希望老师能捞
134679,2121,游剑,2021-04-09 02:48:53,3,4,1,我叫他鸡汤哥
134897,2121,游剑,2021-04-21 12:18:23,6,6,0,太爱吹牛
137112,2121,游剑,2021-07-01 08:47:51,5,5,0,普信男典范
137861,2121,游剑,2021-07-06 11:58:45,6,8,2,心疼助教giegie
150711,2121,游剑,2022-02-15 10:24:43,-5,5,10,老师除了爱吹牛和爱踢足球，人是不错的，科研能力也不错，对学生比较负责
150712,2121,游剑,2022-02-15 10:29:57,-8,2,10,也太帅了吧
171562,2121,游剑,2023-03-29 02:03:48,12,12,0,爹味…
171563,2121,游剑,2023-03-29 02:09:27,24,25,1,上课不允许用手机。10点的课提早15分钟在教室里讲作业要求。认为展示遇到垃圾组员是自己组队有问题同组强制同分。实验课上认为同学写书上的思考题是思维刻板不如国外学生会自己做PPT（这个没有公然说但在实验课讲台上一直和另外的老师叨叨，拿着同学的实验报告一个一个和其他老师评价过去，说人和人之间的差距真大）事多。要写500字以上1000字以下思考题。/截止至开学五周后
171564,2121,游剑,2023-03-29 02:11:28,12,13,1,建议老师除了念PPT一个字不要多说\n\n普信言论毁我周三周四好心情\n\n建议学弟学妹们预置到\n\n立马退课\n\n不要犹豫\n\nPPT念的也很垃圾
173386,2121,游剑,2023-05-22 15:57:39,7,7,0,上课必定先点人数，人数没满就点名，我不好评价什么心理。每个月都要求写思考题，动辄1000字+，还在群里阴阳说学生分不清载药技术和药物载体技术的区别，这么喜欢抠字眼你学期初就别在课堂上搞什么不要死读书的说教，令人恶心。上课不让用手机电脑平板，课间也不忘阴阳趁着这么点可怜的间隙看看手机的学生，正经上课的时间又喜欢扯有的没的，说自己多么多么牛逼。还有就是他课上展示要求所有人都要讲，你上去讲到一半会被他强行打断，然后让同组的人上去继续讲。总而言之，预置到他的课趁早退，听他的课还不如多听几遍丁真的联合国演讲，至少人家纯真。普信虾头男给爷爬。
174164,2121,游剑,2023-06-07 02:34:12,4,5,1,啥呗，上的一坨答辩，还搞一堆没用的东西。
174165,2121,游剑,2023-06-07 02:34:12,3,4,1,啥呗，上的一坨答辩，还搞一堆没用的东西。
174172,2121,游剑,2023-06-07 03:40:29,8,8,0,上课的PPT出版社是直接载的\n\n有时候自己都没看过要反复念一遍才回过味来给大家再读一遍\n\n其他各种操作也令人很难受\n\n总之快跑
18141,2336,丁玲,2016-01-21 08:10:19,5,6,1,非常好~
59916,2336,丁玲,2017-09-28 07:08:27,2,2,0,nice
68564,2336,丁玲,2018-01-23 11:13:28,3,3,0,很好的
70516,2336,丁玲,2018-01-27 00:23:33,2,2,0,老师很棒的~
126571,2336,丁玲,2020-10-02 05:23:36,5,6,1,超好的老师，我作为想改行考研的，实验报告写得很水，然后她还给比较好看的分数，爱她。给她10分
149652,2336,丁玲,2022-01-16 09:19:34,0,5,5,女神老师！我哭了简直，临床药物治疗学外专业选的个性，上课基本听不懂什么以为肯定绩点凉凉了，四次开卷小测一次95，一次65一次80，一次100，最后4.8！4.8！激动哭了，实在太谢谢老师没有为难外专业的学生了。
164905,2336,丁玲,2022-12-27 12:13:03,0,0,0,温柔耐心的老师～
171918,2336,丁玲,2023-04-12 12:38:17,0,0,0,神中神！药学院就是您老的后花园！
208847,2336,丁玲,2025-01-02 12:42:59,0,0,0,好好好
218923,2336,丁玲,2025-05-13 12:19:05,0,0,0,特别好
15053,2384,盛荣,2016-01-11 16:52:23,1,5,4,男神啊啊啊！超nice
15128,2384,盛荣,2016-01-12 07:01:39,3,6,3,好好好
17472,2384,盛荣,2016-01-20 09:06:37,1,3,2,棒棒棒棒！
17480,2384,盛荣,2016-01-20 09:33:06,-3,2,5,盛荣爸爸棒!
36421,2384,盛荣,2016-11-13 11:27:31,-2,1,3,还好。。。
67761,2384,盛荣,2018-01-22 06:47:21,-2,5,7,很差自己都不是很懂就来讲了
75771,2384,盛荣,2018-03-17 03:24:43,0,2,2,呵呵呵
88881,2384,盛荣,2018-11-11 12:40:16,-1,1,2,好的很
128086,2384,盛荣,2020-12-07 04:53:18,0,2,2,给分良心，脾气好，讲课嘛，一门背书课啥老师无所谓
187211,2384,盛荣,2024-01-15 05:46:43,2,2,0,讲课还行，但是实验课比较严格
198756,2384,盛荣,2024-09-11 10:55:00,2,2,0,好好好
209176,2384,盛荣,2025-01-05 02:18:31,0,0,0,实验课挺严的
209275,2384,盛荣,2025-01-05 09:45:31,2,2,0,老师有的时候脾气很好，有的时候很暴躁（bushi）。总的来说挺好的
209808,2384,盛荣,2025-01-07 06:59:47,0,1,1,问问研究生就知道了一坨
219371,2384,盛荣,2025-05-26 04:43:10,1,1,0,像是有那个狂躁症一样，做起药综实验看似指导很多，其实大用没有，骂人骂得很没道理
221469,2384,盛荣,2025-06-24 02:50:40,1,1,0,波谱2.7。平静的想笑，我波谱学的最多了算，有一次学氢谱学到2点，可能因为有机全错了吧，氢谱也没做出来。期中也很烂（是真的学不会）。因为我上课跟不上，红外部分后面自己听智云还行，平均分3.9，说明是我的原因。因为自己烂，所以觉得老师不好（行吗，就是这么任性）。感觉后面专业课都没有助教，问老师问题也回答的很不及时，可能就是这样吧，可能只有我有这么多问题吧，可能只有我跟不上吧（但是我就要给老师打7分）。这门课教育我什么叫努力了一点用没有（也有用不努力就挂了呗）
221476,2384,盛荣,2025-06-24 03:54:53,2,2,0,人和课难说哪坨更幽默。
221517,2384,盛荣,2025-06-24 07:26:03,1,1,0,波谱我上早八
6829,2390,杨波,2015-07-23 10:11:38,12,13,1,呵呵哒
16288,2390,杨波,2016-01-17 16:56:59,2,4,2,2333超年轻
23787,2390,杨波,2016-04-16 13:47:34,6,6,0,呵呵哒
36860,2390,杨波,2016-11-16 09:09:36,3,7,4,大物实验的老师，对学生态度还不错，给分比较摸不透，选了三次她的课，成绩89，98，88，过山车一样，摸准了她的要求能规范做好报告给分就会很高，但是一般给分不超过90分（平均大约85到90，我看到过她的成绩表）
60740,2390,杨波,2017-10-29 07:29:09,6,6,0,给了80分，听说还有70多的，不是很懂为什么这么低\n\n
66183,2390,杨波,2018-01-12 15:15:37,1,2,1,给分很随意，我就呵呵哒了
66352,2390,杨波,2018-01-15 08:41:59,-23,6,29,傻逼老师，这种老师怎么不去死？
66496,2390,杨波,2018-01-17 04:16:12,-19,3,22,傻逼老师
83510,2390,杨波,2018-07-10 13:00:36,5,5,0,老师对学生很负责的，十分有耐心，真是好人
86053,2390,杨波,2018-08-31 13:40:44,-2,2,4,受益非浅
9327,2455,张翔南,2015-10-21 16:11:23,-2,6,8,翔男神，会逗会玩会严肃。。
17534,2455,张翔南,2018-09-11 01:55:48,4,11,7,超棒 上大学以来听的最开心的专业课
50676,2455,张翔南,2017-05-04 07:30:35,-3,3,6,！！！
51730,2455,张翔南,2017-06-09 00:27:17,-3,5,8,老师讲课条理清晰 巨无敌好
59736,2455,张翔南,2017-09-26 10:05:49,-3,6,9,上课生动，条理清晰。10分。
63173,2455,张翔南,2017-11-29 02:30:20,1,9,8,超级棒..南神会n国语言..怒赞..讲课超级有条理
70517,2455,张翔南,2018-01-27 00:24:51,-2,4,6,上课从来不犯困了
77674,2455,张翔南,2018-05-07 08:43:15,-4,3,7,老师人真的很好！
79308,2455,张翔南,2018-05-30 16:03:05,-5,2,7,感觉很萌
85240,2455,张翔南,2018-07-16 12:05:45,-3,4,7,老师给分也太好了！！！
86572,2455,张翔南,2018-09-17 08:51:19,1,5,4,是不是弄错人了？
88828,2455,张翔南,2018-11-09 07:16:25,4,9,5,听他的课你就不会想玩手机。嗯学习真好玩。
122053,2455,张翔南,2020-02-07 15:37:10,1,6,5,上大学以来最认真听的药理课\n\n\n\n
132075,2455,张翔南,2021-01-30 06:14:48,6,11,5,翔南我好爱！！！
139706,2455,张翔南,2021-07-20 14:10:37,9,10,1,老师讲的没话说，但是对一个通识课的评分要求实难苟同
141579,2455,张翔南,2021-10-15 10:33:24,8,33,25,药学院屌人一个，表面看着人不错心里阴暗的要死，真不知道本科遭遇了什么才会让他现在这么恶心学生
141641,2455,张翔南,2021-10-18 23:16:01,-3,3,6,老师真的很好
141852,2455,张翔南,2021-10-28 01:18:44,-2,4,6,老师超好
160192,2455,张翔南,2022-09-14 15:36:32,15,20,5,真的ex人
160646,2455,张翔南,2022-09-29 06:31:48,7,9,2,4000+
170711,2455,张翔南,2023-03-08 10:21:01,13,16,3,药学院答辩一坨，💩 浙大教育的毒瘤，完全不关注非药学的学生，已读不回，呵呵
171565,2455,张翔南,2023-03-29 02:12:09,-5,4,9,唯一一个能让我上课坚持不看手机的老师，药理讲得超级好
179520,2455,张翔南,2023-09-18 02:04:17,13,13,0,乌鱼子，给分太差了
189437,2455,张翔南,2024-01-24 07:04:24,2,4,2,给分是真的差，但是讲课挺好的，可以选其他老师的课来听他的智云
189493,2455,张翔南,2024-01-25 03:31:45,5,5,0,给分非常求是
189510,2455,张翔南,2024-01-25 07:45:06,6,6,0,给分非常求是，完全不捞人
190363,2455,张翔南,2024-02-28 11:38:18,4,4,0,上课挺清晰的，但给分......
190939,2455,张翔南,2024-03-25 05:13:24,4,4,0,课上挺好 人不咋地
191113,2455,张翔南,2024-04-04 13:27:58,2,2,0,给分不好
192336,2455,张翔南,2024-05-15 16:10:11,2,2,0,给分超烂
192955,2455,张翔南,2024-06-01 06:50:19,3,3,0,上课很有趣，但给分超烂
210049,2455,张翔南,2025-01-08 04:18:54,1,2,1,goushi
221731,2455,张翔南,2025-06-25 15:13:36,0,0,0,人不咋样，上课还行吧
88360,2477,瞿海斌,2018-10-29 11:29:15,7,9,2,真的感觉不行
119019,2477,瞿海斌,2019-11-09 13:42:55,3,6,3,老师讲课比较有条理，会给同学们做思维导图用于复习，最后给分也不错。
160023,2477,瞿海斌,2022-09-12 02:21:37,3,3,0,他不行
162472,2477,瞿海斌,2022-11-23 03:26:27,2,2,0,给分不太行
183279,2477,瞿海斌,2023-11-23 11:32:10,1,2,1,给分一般吧，讲课也中规中矩。
183750,2477,瞿海斌,2023-11-29 14:16:33,1,1,0,给分不好！
204108,2477,瞿海斌,2024-11-24 09:10:55,0,0,0,给分不好！
79755,2481,周长新,2018-06-13 09:05:23,2,2,0,呵呵呵
141844,2481,周长新,2021-10-27 14:06:50,-1,0,1,老师人真的很好
167060,2481,周长新,2023-01-14 22:54:50,3,3,0,呵呵呵呵
177313,2481,周长新,2023-07-03 01:13:12,0,0,0,老师挺好，实验报告给分不太好
219550,2481,周长新,2025-05-29 13:46:43,0,0,0,呵呵呵
67908,2727,王书芳,2018-01-22 09:45:16,0,3,3,天然药物化学，挺好的。有重点，能学到一些东西。
85529,2727,王书芳,2018-07-19 03:35:34,4,7,3,老师从待人角度挺热心的。但对天然药物这门课，课程设计不敢恭维。给分也不咋地吧。
192289,2727,王书芳,2024-05-14 01:28:40,2,2,0,感觉讲课没有重点，建议做好自己看书的准备
195112,2727,王书芳,2024-06-26 23:43:47,1,2,1,讲课没有重点，每次花很长时间讲不考的东西，考试的ppt就读读就过去了，还要点名，不知道这门课有什么必要听的，真的就不能明确一下考点和教学内容吗
197425,2727,王书芳,2024-07-14 13:09:05,1,2,1,上课讲的唯一有用的点是哪部分会考。讲课没什么重点，花很多时间讲考试不讲的东西，纯读PPT
215894,2727,王书芳,2025-03-06 15:21:20,0,0,0,老师人很好，天然药化就自学吧
70518,2798,陈忠,2018-01-27 00:25:46,0,0,0,我，长江学者，听课
86691,2798,陈忠,2018-09-18 03:48:56,0,0,0,讲课挺有意思。可以感觉到他是教给学生发散思维。不过就是上课有点太多课外内容不过听着也不错。还OK吧
144133,3029,孙翠荣,2021-12-19 09:18:57,0,2,2,emmmm老师讲课比较含糊，但还是可以学到东西的。
204509,3029,孙翠荣,2024-11-26 10:33:50,1,1,0,mean
209511,3029,孙翠荣,2025-01-06 06:56:55,0,0,0,大家都不听课\n\n上课上着上着自己就生气了\n\n不过老师人还是挺好的\n\n这门课也要没有了
209947,3029,孙翠荣,2025-01-07 13:56:01,0,1,1,唉，其实老师人挺好的。但是我感觉我要挂了。
87156,3090,范骁辉,2018-09-21 03:13:25,0,0,0,。。。
108825,3090,范骁辉,2019-06-03 03:04:52,1,1,0,范老师萌萌哒~~
117193,3090,范骁辉,2019-09-20 07:19:22,0,1,1,nice xiong dei
123801,3090,范骁辉,2020-06-14 10:01:40,1,3,2,院长不错
129356,3090,范骁辉,2021-01-04 12:28:24,1,1,0,牛批吹的我很爱听
130539,3090,范骁辉,2021-01-23 14:04:00,0,0,0,讲课很风趣，给分也很不错
200905,3090,范骁辉,2024-10-24 10:17:30,0,0,0,我男神
44388,3169,徐娟华,2017-01-17 16:56:16,0,0,0,小班，知道的不错的
192956,3204,戚建华,2024-06-01 06:51:53,0,1,1,实验老师，人非常好！
59707,3220,罗沛华,2017-09-26 05:26:17,8,8,0,棒棒棒
118085,3220,罗沛华,2019-10-21 00:37:20,0,2,2,“只要你是男的，保研来我们这里一定收”
128375,3220,罗沛华,2020-12-22 01:06:16,0,1,1,咱能不念书吗
164812,3220,罗沛华,2022-12-26 08:21:20,0,0,0,读都读不清楚
170712,3220,罗沛华,2023-03-08 10:22:33,-2,0,2,答辩一坨
183612,3220,罗沛华,2023-11-28 02:13:14,4,4,0,无尽黑夜中划破黑暗的流星——罗圣！
183613,3220,罗沛华,2023-11-28 02:16:50,2,2,0,老师的实验课很天使qwq
183632,3220,罗沛华,2023-11-28 04:39:03,2,2,0,药理实验首选“药”—罗圣
183633,3220,罗沛华,2023-11-28 04:49:40,0,0,0,遇到她之前，别的平行班本不知道什么是黑暗
183634,3220,罗沛华,2023-11-28 05:00:49,0,0,0,别选罗，上课啥都不用做就满了
57337,3222,彭丽华,2017-07-06 23:39:06,-4,2,6,老师人还不错，但是上课没有重点，最后期末考爆炸，分数所有课最低。
58941,3222,彭丽华,2017-09-18 15:14:15,7,9,2,老师自我感觉良好 呵呵
116266,3222,彭丽华,2019-09-07 01:05:45,1,2,1,不喜欢
139982,3222,彭丽华,2021-08-22 17:26:38,3,3,0,垃圾老师，上课只会读ppt和课本
160655,3222,彭丽华,2022-09-29 11:27:33,1,2,1,懂的都懂，我也不多说了
217275,3222,彭丽华,2025-04-07 10:17:30,1,1,0,选她纯享受，无敌快乐，你懂的，十分push，啥也不指导，小嘴一叭叭就是让你做，做不出来要说你，做得出来你真棒，想体验生死难料的感觉选她就对了
220651,3222,彭丽华,2025-06-19 05:18:36,1,1,0,站那儿就是让你做，别的班都有的资料，她只一句话，通知是不到位的，评分是不明确的，啥消息都得找别的班打听
70520,3234,张辰,2018-01-27 00:27:25,0,0,0,和和蔼的老爷爷
117035,3234,张辰,2019-09-18 12:10:27,0,0,0,不知道为什么选课的人很少，虽然没人听，但老师真的讲得很认真，
49348,3373,翁勤洁,2017-04-07 00:18:07,0,1,1,喜欢
51172,3373,翁勤洁,2017-05-22 09:52:47,0,0,0,还不错
52157,3373,翁勤洁,2017-06-15 08:06:47,4,4,0,傻逼老师
57383,3373,翁勤洁,2017-07-07 06:03:47,1,2,1,客观评价三个字，乱给分。就期末小组交一篇论文，有一个组觉得分低了，去找老师，就给改了，这说明老师给分也是乱给的不是吗。
123550,3373,翁勤洁,2020-06-10 00:08:15,3,3,0,垃圾，弄不灵清
135447,3373,翁勤洁,2021-05-10 16:18:36,0,0,0,老师挺好的
151808,3373,翁勤洁,2022-03-16 11:31:19,2,2,0,谢谢您，翁老师！
159685,3373,翁勤洁,2022-08-23 08:01:15,0,0,0,很一般
68566,3495,朱虹,2018-01-23 11:14:49,2,2,0,nice
125005,3495,朱虹,2020-10-07 05:33:09,3,3,0,对学生很好的老师
210128,3495,朱虹,2025-01-08 08:04:54,0,0,0,老师好好
219800,3495,朱虹,2025-06-06 12:21:32,1,1,0,药训是朱虹老师组的，感觉老师还是挺好的，会跟我们讲综述撰写思路，写完还会帮我们改
172768,3516,陆晓燕,2023-05-06 11:48:49,1,2,1,药训课里面比较好的老师之一，负责药信部分，亲和力比较强，但是药信的内容本身没有吸引力，所以我没怎么去听。另外她在药训5.5带队组织的参观质量也比较高，很大一部分时间可以用来欣赏景观
70519,3527,邹宏斌,2018-01-27 00:26:51,0,0,0,老师很棒~
75766,3527,邹宏斌,2018-03-17 01:53:41,0,0,0,超nice的老师！很耐心很温柔！
128449,3527,邹宏斌,2020-12-23 09:05:45,3,3,0,我男神！！！老师居然能记住班上大多数人的名字呜呜可见这个老师有多好
130108,3527,邹宏斌,2021-01-17 06:08:33,1,2,1,小测太严格了，导致得分比别的班低很多
131443,3527,邹宏斌,2021-01-27 13:43:28,6,6,0,老师人真的很不错   亦师亦友的感觉\n\n讲课调理也清晰  不过药化还是看自己背书能力吧
136337,3527,邹宏斌,2021-06-16 11:35:49,1,2,1,特别的和蔼可亲，和我老熟了。我是最后一届药剂班的。\n\n在药化实验课上，我因为忘记旋蒸怎么用了，忘记关气阀，他看见了没有指责我，而是笑着开玩笑似的向我的组员说：你们知道***刚才做了什么嘛？他旋蒸没减压哈哈哈哈哈哈哈。***是我的名字，当时我很震惊老师居然知道我是谁。他和我说，虽然很努力地去记住每个同学的名字，但是也不能全记住，只能记住大部分。\n\n愿意去记全班同学的名字的老师就选了吧~\n\n不过药化这课还是要看自己，老师平时分给的很好，后来考完后我去找老师，老师说最后平时分都给你们提了提。因为我和老师很熟，所以老师最后给我看了几秒全班的成绩（那个时候成绩已经全部上传教务网了），我很高兴成为全班唯一一个95。\n\n在此反对某条评论说老师小测很严。但是题目是所有药化老师一起出的。我觉得小测的流程完全没有问题，就应该是上课开始就小测，否则，小测放在最后的话，肯定会像老师说的一样，整节课都在复习而不会听课。有问题的是其他药化班的小测流程，他们放在课都最后，这就导致我们班先考，其他班后考，有些人就会把题目泄露给其他班，造成不公平。况且后来我们班也把小测放到课都最后了，这一问题也不存在。而且小测的时候当然不能翻书，老师其实也没有怎么管，翻不翻书全靠自己自觉吧，我是从来没有翻过书，每次小测之前都认认真真把结构、反应、合成全部记了一遍。反正我觉得作弊得来的分数也没什么可要的，要问心无愧。
137947,3527,邹宏斌,2021-07-06 22:20:24,3,3,0,——我的心都是冰冰的\n\n——为什么你的心都是冰冰（斌斌）的呀？\n\n（笑）
191187,3527,邹宏斌,2024-04-11 03:32:07,1,1,0,非常亲切 非常想让我们学好药化
208848,3527,邹宏斌,2025-01-02 12:44:51,0,0,0,很好，实验课和理论课都是他
218924,3527,邹宏斌,2025-05-13 12:20:01,0,0,0,老师好，我菜
220303,3556,周慧,2025-06-17 08:00:02,0,0,0,老师上课蛮认真的
34436,3565,龚行楚,2016-10-10 10:20:22,6,6,0,看什么评论，作业写完了吗？
36250,3565,龚行楚,2016-11-11 08:50:42,11,12,1,老师三观超正，是顾家爱家型，经典语录是 善待老婆就是善待自己。作业交了就好，不来领作业本也不追究的。
47824,3565,龚行楚,2017-02-26 01:24:20,0,0,0,老师长得特别可爱！
62217,3565,龚行楚,2017-11-23 07:52:26,0,1,1,老老…老师很可爱，给分超超超级好~
62236,3565,龚行楚,2017-11-23 10:30:53,2,2,0,老师课讲挺好的，内容也是蛮丰富。但是药统期末考也太坑了，和去年相比难度根本不一样啊，这种隔一年难度差这么大也有点过分了吧，导致绩点暴跌
126868,3565,龚行楚,2020-10-26 02:43:50,1,5,4,喜欢讲没用的东西
160024,3565,龚行楚,2022-09-12 02:23:01,0,0,0,谢邀，正在上药筒，龚老师说让我们查查他查老师评分是多少
200075,3565,龚行楚,2024-10-12 10:46:04,2,2,0,重要的不仔细讲，没用的扯半天
200189,3565,龚行楚,2024-10-14 16:50:58,1,2,1,没有小测，放心旷课
203096,3565,龚行楚,2024-11-16 17:39:07,2,2,0,老师讲的好，不过药统也要自己好好看书复习，注重概念
75447,3599,连晓媛,2018-03-12 03:20:11,-1,1,2,坑无聊无趣
119544,3599,连晓媛,2019-11-13 11:37:10,0,1,1,辣鸡玩意儿
23192,3665,李丹,2016-03-21 09:14:16,0,1,1,老师人超好
25979,3665,李丹,2016-06-14 17:06:36,0,0,0,很赞的老师，非常关心学生
28453,3665,李丹,2016-06-28 09:04:37,3,3,0,老师可好了，上课非常耐心讲解详细
52095,3665,李丹,2017-06-14 15:41:13,0,0,0,李丹老师真是非常温柔非常耐心，喜欢她的实验课
85532,3665,李丹,2018-07-19 03:40:18,0,0,0,老师年轻，上课认真，待人温和亲切，给分不错
152851,3665,李丹,2022-04-20 15:45:33,0,0,0,好温柔的老师，爱了爱了，讲课超级细致，声音很温柔
175329,3665,李丹,2023-06-24 02:19:18,0,0,0,怎么会有这么温柔这么有耐心的老师！
85534,3704,甘礼社,2018-07-19 03:42:04,0,0,0,实验课内容太杂了，不合理，给分莫名低。
75772,3950,李文龙,2018-03-17 03:45:43,0,0,0,好老师，值得一上
136252,4015,李方园,2021-06-13 16:49:22,23,29,6,老师真的太好了\n\n没用的事情很多 还抢学生一作\n\n真的是一流的人品哦
157651,4015,李方园,2022-06-24 08:07:48,8,10,2,不能说是慈眉善目，只能说是极其刻薄。不讲道理地gank你，然后说 啊我不是可以针对你们啊，上来就骂你们不太好啊，课堂氛围就是鼓励鹅颈和针锋相对。太棒了，绝对是好老师。
151726,4220,蔡圣,2022-03-14 02:01:51,4,5,1,在上生化，老师好可爱哈哈哈哈，我都不困了
172816,4220,蔡圣,2023-05-08 01:24:43,1,1,0,老师真可爱啊哈哈哈哈好喜欢
197241,4220,蔡圣,2024-07-09 18:02:39,0,0,0,老师挺可爱的，虽然上课一般，但是感觉人很有趣，对待学生也非常温和，也许做他的研究生也不错hhhh
147737,4222,陈文腾,2022-01-10 15:18:34,4,6,2,好老师  讲课逻辑很清楚
164670,4222,陈文腾,2022-12-23 02:31:20,-5,1,6,有点抽象，老师说话布置作业不是很有条理
208846,4222,陈文腾,2025-01-02 12:41:47,1,2,1,老师很温和，讲课非常有条理，钉钉每次都秒回真的爱了😍😍😍
142884,4306,崔孙良,2021-11-17 05:30:59,4,10,6,第一眼的印象就是老师一本正经，看起来很严肃，但是上课之后会发现讲的还是很好的，药化里面一些很复杂的机理他能讲的通俗易懂。实验课的时候才发现老师和蔼可亲，强推！
182043,4306,崔孙良,2023-11-09 02:29:43,2,2,0,实验报告给分低的离谱
75830,4309,周展,2018-03-19 10:32:21,6,7,1,妥妥的帅哥老师，花痴飘过
80031,4309,周展,2018-06-19 05:41:44,2,3,1,老师像大哥哥一样，很耐心！
85531,4309,周展,2018-07-19 03:39:03,-1,0,1,老师很可爱，对学生很热心，上课也很认真，讲得也清晰。给分也挺好的
89168,4309,周展,2018-11-16 07:41:19,-1,0,1,老师还是很可爱的
89170,4309,周展,2018-11-16 09:55:36,15,21,6,非常好的老师，很年轻很有亲和力！强推生物技术药物，浓缩了各个药学相关领域最前沿的动态，ppt上的内容很多连教材上都还没有，认真学真的能收获很多！
89190,4309,周展,2018-11-16 12:01:30,1,2,1,老师也太好了吧
112627,4309,周展,2019-07-04 23:05:33,0,1,1,老师真的挺帅 也很温柔
119758,4309,周展,2019-11-15 10:46:06,-1,2,3,一般般
125420,4309,周展,2020-09-08 10:55:52,0,2,2,出分很快
147265,4309,周展,2022-01-09 10:22:24,6,7,1,上过朵朵十大的男人
176513,4309,周展,2023-06-29 07:12:35,1,3,2,每节课都会数字/雷达点名，每次作业/小测截止前都会反复提醒大家注意时间，甚至期末周的时候还多开放了好几天。bdbd ，老师人很好，作业少。 。 。补天纯粹是这么课内容太多太杂
178930,4309,周展,2023-08-02 04:54:55,2,2,0,很和善的老师，给分相当好，解答问题也很及时耐心，就是上课有点催眠...一定是早八和下午第一节课的问题
190745,4309,周展,2024-03-17 06:47:25,3,4,1,儒士、儒师！
198216,4309,周展,2024-09-05 07:25:20,4,5,1,只能说，作为最受欢迎的老师不是没有理由的
218926,4309,周展,2025-05-13 12:21:38,-1,0,1,特别好的老师
91622,4395,王芳,2018-12-16 12:27:31,1,2,1,20:05下课的课 拖到20:30还没停…
108259,4395,王芳,2019-05-18 04:36:49,1,1,0,拖课，看到迟到的毛病多
121196,4395,王芳,2019-12-31 01:34:02,0,1,1,知心大姐姐，不接受反驳(•̀⌄•́)
123135,4396,陈建忠,2020-05-12 00:34:51,4,5,1,打1分是因为没有0分
123501,4396,陈建忠,2020-06-09 07:41:36,2,3,1,不太行啊不太行
124388,4396,陈建忠,2020-06-30 04:09:25,3,3,0,卷子太难
124628,4396,陈建忠,2020-07-04 06:53:20,0,1,1,呵呵呵…
126573,4396,陈建忠,2020-10-02 05:34:28,1,3,2,脑残老师
136861,4396,陈建忠,2021-06-26 08:15:33,7,8,1,教波谱的两个老师，一个只讲课不讲题（不会做题），一个讲题但课讲的少（要自学），但都有一个共同特点:讲不完，波谱两学分放在一个夏短学期的行为，已经无力吐槽了。
142103,4396,陈建忠,2021-11-06 03:24:18,5,7,2,这个评分我其实不太理解，陈老师上课条理是很清晰的，会花比较多时间讲题，这是作业回顾再学习整理的好机会，特别是有智云课堂可以回放再看。一定要注意及时梳理每节课的框架！做题的练习也必不可少嗷！认真学给分还是不错的\n\n老师很风趣认真也会因为不好的学习态度着急无奈。课上会明确学习和考核的重点。不知道为什么有气质和wjf的海涛爷爷有点像的错觉（×）
153839,4396,陈建忠,2022-05-13 01:30:43,6,8,2,还挺讨厌这个老师的，因为系统原因没有签上到，他会一点都不信任学生，坚持当做迟到处理。的确会分析作业，但是不管是作业分析还是上课的内容都讲得调理并不清晰。第一次对一个老师有很大的厌恶，他的严苛用错地方了。
181022,4396,陈建忠,2023-10-03 13:44:09,0,0,0,给个8分吧，讲题很多时候不是很清楚，课上的还可以，老师人还是不错的，放心选
191972,4396,陈建忠,2024-05-08 14:56:51,1,1,0,课上的还凑合\n\n点名有毒，上课铃响了点名就截止，而且时间间隔极短，稍有不慎网卡或者晚一点来，就赶不上他的签到，我一次网卡，一次卡点，结果全都签到失败\n\n事实证明补签纸是有用的，能让他改签到状态，希望他把签到时间适当延长一些吧（我接触过的很多点名的老师都是在开始上课后还保留几分钟的点名时长的）\n\n课程组给的PPT也离谱，虽然这课是第一次开，但是PPT也不至于这么错七错八吧
192663,4396,陈建忠,2024-05-27 09:15:21,3,3,0,能按照教材条理清晰地讲课，对待学生提问态度认真耐心回答，虽然课程内容比较多，但是还是能学到很多东西的，对比按照自己节奏、无系统教材、ppt丑的要死的老师。能按照节奏学到东西、自己花时间能补上还不知足？没上过烂课？
197419,4396,陈建忠,2024-07-14 03:47:00,1,1,0,老师人其实很好，虽然会点名但是也会给补签的机会（一分钟点名很多专业课老师都这么干，见怪不怪了……）。虽然有讲的不太清楚的地方，但是也会问同学还有没有问题，总体来看还是比较关心学生的学习水平的。新课的PPT课程组基本一致，没什么可点评的，我听别的老师的智云同样有讲不清楚的地方，所以我认为在波谱这门课程上选择陈老师没什么问题。
197643,4396,陈建忠,2024-07-23 12:06:01,1,1,0,备课很认真，给分也不差，课堂互动有效，可以放心选
134258,4783,杨振中,2021-03-21 15:53:21,-3,3,6,这实验报告。。。。。。。。。。。。不想吐槽了，真的麻烦，画图是真的无语
135146,4783,杨振中,2021-05-03 13:49:48,-2,1,3,没听过课，很惭愧，但实验课的老师都很nice，是我自己太fw了。
152673,4783,杨振中,2022-04-18 04:19:26,0,2,2,老师太温柔了，考得不好是我的问题
172168,4783,杨振中,2023-04-21 04:57:58,-1,2,3,温文儒雅这个词天生就是用来形容杨老师的。老师特别好，解答问题也很耐心。
173081,4783,杨振中,2023-05-12 15:27:08,-1,2,3,好温和的老师，实验课也很耐心，感觉永远不会生气（
191377,4783,杨振中,2024-04-19 02:04:06,-2,0,2,温文尔雅
193325,4783,杨振中,2024-06-06 10:10:35,-2,0,2,老师太温柔了吧！！！！狠狠爱上了
145844,4792,邵欣,2022-01-03 08:25:06,2,2,0,很好的老师\n\n我的心中只有感恩
80222,4879,钱景,2018-06-22 02:38:16,3,4,1,老师很温柔，医学概论收获很大～
124035,4879,钱景,2020-06-21 12:25:35,0,2,2,从现代医学概论过来的  老师人真的好好 医学知识讲的也很清楚 \n\n可惜这学期没法线下上课 期待下个学期的医药统计学和老师相见~
199821,4879,钱景,2024-09-30 09:04:44,1,1,0,老师人很温柔，超级好
140198,5195,侯廷军,2021-09-04 12:06:34,12,13,1,非常好的老师！学识渊博，强推！
175433,5195,侯廷军,2023-06-25 01:39:11,7,8,1,三次上机报告和一篇论文，上机基本照着流程来就行，老师很有水平，人也好，推推推推推推推
135524,5235,朱峰,2021-05-12 11:15:54,1,9,8,朱老师无论是本科生课程还是研究生课程都上的很好，备课很用心，复杂的概念和理论也能讲的通俗易懂
155209,5235,朱峰,2022-06-09 10:02:59,1,5,4,朱老师确实备课、讲课看得出来很用心，可以把通俗的道理讲的浅显易懂（好像一个深入浅出就可以概括啦哈哈哈）
155321,5235,朱峰,2022-06-10 18:36:35,1,5,4,讲的不错，学到了很多，助教也很用心
127014,5375,张海涛,2020-11-02 19:06:08,-2,4,6,老师很有气质！
128339,5375,张海涛,2020-12-19 15:20:15,-4,2,6,Good.
135925,5375,张海涛,2021-06-03 12:11:42,-2,2,4,学术能力强
205663,5375,张海涛,2024-12-11 03:18:31,1,6,5,结构生物学与现代药学研究：\n\n可水可不水课，上课钉钉签到（但是人去的少可能会变成私发消息）占比40%，翻译一篇结构生物学的CNS占比60%，感觉还是比较适合跨专业的（就是听课的人比较少，有点心疼老师）
208925,5375,张海涛,2025-01-03 11:58:09,9,9,0,结构生物学，课程任务确实很少，每节课都签到，个人有一次没签上，但是最终3.3，喜提最低绩点，可能文献综述写的不好，没有平均绩点那么高，注重绩点的慎选
208962,5375,张海涛,2025-01-03 15:26:21,8,8,0,给分低
208982,5375,张海涛,2025-01-04 05:11:52,8,8,0,给分没有显示的绩点好
209125,5375,张海涛,2025-01-04 14:48:09,7,7,0,绩点一般
209419,5375,张海涛,2025-01-06 02:33:08,6,6,0,每节课点名
192968,5765,平渊,2024-06-01 09:41:04,9,11,2,给分不错，一篇论文+一次展示，事情比较多，但是上课可以摸鱼
199480,5765,平渊,2024-09-24 11:03:27,1,1,0,人超好，很负责，会点名，课很有意思但不作要求，主要培养其他课外能力但没压力，想提升自己的快快报
213707,5765,平渊,2025-01-19 08:29:23,1,1,0,(⊙﹏⊙)只能说还好\n\n老师上课事挺少的，1次论文1次个人汇报，最后绩点只能说一般般……
220297,5765,平渊,2025-06-17 07:48:24,1,1,0,研发前沿，几个方向老师轮番上课讲的基本是自己课题组的东西，奔着拓展前沿知识听的，感觉好多平时专业课上就反复说反复说的东西，收获没有很大捏；；考核是一篇期末论文，主题要求很宽泛所以也不知道老师打分的方向哈哈，但是格式要求又很多花了很长时间，感觉给分烂烂的
135896,6043,应晓英,2021-06-01 16:55:00,1,1,0,形式主义天王，拍照意义何在呢
192246,6043,应晓英,2024-05-13 02:32:22,1,1,0,别来，快跑
193952,6043,应晓英,2024-06-21 04:44:35,2,2,0,药剂实验报告抄的快死了，每次8-9页，还要让你别照着ppt抄，提问题是提一堆的，给分是不透明的。实验考核做乳剂，做不出来总评就难看，给分是这个👎🏻
191284,6079,张添源,2024-04-16 15:27:39,0,0,0,讲课挺清楚的
126633,6248,康玉,2020-10-09 15:31:44,10,11,1,老师太好太温柔了，给分也很高，很好的老师
140609,6248,康玉,2021-09-14 09:18:28,1,1,0,太喜欢了又好看又温柔
159810,6248,康玉,2022-09-01 11:53:37,1,1,0,太好了吧
200795,6248,康玉,2024-10-22 12:08:07,1,1,0,人美心善
220214,6248,康玉,2025-06-16 10:32:08,1,1,0,我的神仙老师~
173567,6317,曹戟,2023-05-29 06:02:29,13,14,1,老师讲课太好了，好久没在大学碰到上课这么引人入胜的老师
177352,6317,曹戟,2023-07-03 03:43:27,3,4,1,好老师，讲课很有趣
209024,6317,曹戟,2025-01-04 08:40:57,0,0,0,曹老板好棒
140436,6690,潘利强,2021-09-11 11:21:50,0,3,3,玩梗超好玩
181244,6690,潘利强,2023-10-12 05:02:34,0,2,2,雕人一个
128198,7991,顾臻,2020-12-12 05:14:51,-1,6,7,39岁全职加盟浙大！他要让医药创新更快“浮出纸面”\n\nhttps://mp.weixin.qq.com/s/emp183wQ0-M3k37yvuNl9g\n\n粘贴一枚硬币大小的贴片，不仅可以轻松完成胰岛素的注入，还可以有效控制剂量，一举多得。这套由浙江大学药学院院长顾臻教授团队研制的透皮智能胰岛素递药系统，目前正在报批临床试验，未来极大可能颠覆糖尿病的传统治疗。
128382,7991,顾臻,2020-12-22 02:48:15,-6,6,12,2020年9月24日，在浙江大学紫金港校区举行的“浙大欢迎您”仪式上，药物制剂及生物材料领域的国际知名学者、39岁的美国加州大学洛杉矶分校教授顾臻全职加盟浙江大学，受聘为药学院院长。这也标志着浙江大学在卓越青年人才的引育上取得新突破。\n\n浙大党委副书记、副校长张宏建出席仪式时表示，学校历来高度重视人才队伍建设，积极创造良好的人才生态环境。相信顾臻教授的加盟将进一步促进药学院教学改革，并提升科研创新、成果转化的能力。\n\nhttps://mp.weixin.qq.com/s/5tkBq97UBGba5HHIFnffhQ
160644,7991,顾臻,2022-09-29 06:27:23,6,12,6,不知道为什么这一届收了这些本院的人才。。。。
190942,7991,顾臻,2024-03-25 05:32:53,3,3,0,。。。
191105,7991,顾臻,2024-04-03 09:19:31,2,3,1,逆天...
191111,7991,顾臻,2024-04-04 11:07:55,3,3,0,。。。
170744,8199,王金成,2023-03-09 03:24:15,2,3,1,wjcnb
141845,8278,莫建霞,2021-10-27 14:07:40,6,7,1,这么好的老师没人评价？？？？？
153662,8278,莫建霞,2022-05-07 07:54:31,6,6,0,老师真的超好的，大学这么长时间第一次见老师能记住所有学生，叫的还很亲切，真的，模范老师！😘
153737,8278,莫建霞,2022-05-10 01:03:29,6,6,0,好老师！
154637,8278,莫建霞,2022-06-02 15:35:28,2,2,0,很可爱的老师
154837,8278,莫建霞,2022-06-06 06:12:24,2,2,0,好老师不解释
155080,8278,莫建霞,2022-06-08 05:52:23,5,5,0,莫老师真的超级可爱！
160042,8278,莫建霞,2022-09-12 07:47:41,2,2,0,老师超好
180240,8278,莫建霞,2023-09-20 16:29:14,2,2,0,像妈妈一样😭
191293,8278,莫建霞,2024-04-17 00:41:26,0,0,0,小莫老师人超级好！
191343,8278,莫建霞,2024-04-18 04:51:28,0,0,0,老师超级好！
191677,8278,莫建霞,2024-04-27 13:18:33,2,2,0,莫老师真的很可爱啊！上课特别热情，有时候问她蠢问题也会很耐心地解答
192237,8278,莫建霞,2024-05-13 00:24:42,2,2,0,呜呜呜小莫老师人太好了吧，考试前紧张还会安慰我😭😭😭最后给分超级超级好！
192660,8278,莫建霞,2024-05-27 06:29:26,2,2,0,老师超级好😭
205985,8278,莫建霞,2024-12-13 02:38:46,4,4,0,莫老师我的神
215895,8278,莫建霞,2025-03-06 15:21:46,0,0,0,莫老师超级好
216553,8278,莫建霞,2025-03-18 09:00:16,0,0,0,莫老师人真的很好，向她学习
217971,8278,莫建霞,2025-04-18 13:39:07,3,3,0,我上到大二下目前见过的最好的实验课老师
128084,8279,应华洲,2020-12-07 04:49:13,0,4,4,脾气很差，脑子瓦特，当不了教授是有原因的，你这种人也就配一辈子当实验师
220307,8279,应华洲,2025-06-17 08:04:55,0,0,0,药化实验药综实验，老师回消息贼快，也有比较足的反馈，可选
134377,8508,宣贵达,2021-03-25 08:45:26,0,0,0,老是化学课好评
180513,9022,王金强,2023-09-22 07:30:50,3,3,0,王老师上课风趣幽默，备课到凌晨，为人好说话，强推！！
200625,9022,王金强,2024-10-20 11:42:32,1,1,0,非常好
219902,9022,王金强,2025-06-10 15:29:21,0,0,0,这人真难评，不清楚别人眼中是什么样子，我这边接触过之后觉得确实是唐😇
206144,9165,王佳佳,2024-12-13 06:18:41,1,1,0,特别温柔的一个老师，人也很随和，超级可爱！！！好爱佳佳老师！
219850,9165,王佳佳,2025-06-09 02:38:35,0,0,0,见到她就会笑，非常温和的老师呀！
165294,9174,徐易尘,2022-12-31 06:24:43,5,9,4,好帅
184134,9174,徐易尘,2023-12-10 16:39:43,1,1,0,给徐老师新开的国际化课程做个评价:\n\n老师讲得好，讲的有趣，难点会强调，知道相当一部分人是为了拿国际化学分来选这个课的，会讲的比较水，助教zlj也是非常尽职尽责的\n\n外教和外方助教的课以念PPT为主，而且是远程听课，还是用英文，我基本没有去听，不过整体上讲的也不是太难\n\n一共三次小测，有一次是突击小测，提前不通知而且只能现场交纸质的答案，平时分基本全看小测，小测的题会简单一些，\n\n期末考试，难度贼他妈阴间，老子翻上课的PPT，只翻到一部分内容，剩下的我全去翻的最新版的药理学教材，才答完了这张卷子，不知给分会是神马样子，如果给分不捞那将是绝杀。这个考试设计的也离谱，教考分离真的很搞心态，不过也是没办法的事，毕竟用三个学分的学时能把庞大的药学知识体系讲透那绝对是天方夜谭。\n\n综上所述，先打个8分，出分了再来追评
184511,9174,徐易尘,2023-12-21 07:39:14,0,1,1,老师ppt做得很精美生动形象，讲课有趣浅显易懂，能学到很多东西，虽然这些知识在期末考试上没用\n\n学考分离对于外专业的人简直灾难，考完试一度以为自己要挂科了，出分一看90+？？？\n\n捞分能力惊为天人，我都不知道他是怎么给我空了一大片的卷子赋分的
184698,9174,徐易尘,2023-12-22 08:36:19,0,2,2,《化学与生物学中的药品研发、生产及疗效研究》\n\n老师备课很认真，ppt也都是用心去做的。听课听得很爽，感觉相关专业的同学可以在巩固并拓展生化或者药理知识的同时练一下英语。\n\n小测英文题目英文作答，本菜鸡英语垫底，答得不好；最无语的是课程快结束的时候来了一个纸质突击小测。老师先用前两次的友好小测来麻痹我们，再进行偷袭，说是为了教务处的给分规定，不能全给我们高分。我感觉那次小测没去的人跟去的人给分差很多......(本小丑就是被审判的懒狗之一。但我其实就那周刚好起不来，其它节课都有认真听讲...只能说后果自负了）\n\n期末考试感觉有很多有机和生化的内容，我虽然做的也很不好，有一两小题完全不会，但其它基本上都写了些，第一大题用了中文作答，后面基本都用了英文。最后是75分绩点3.0......我倒不清楚那些说着给分很好的人具体情况，个人推测是大大拉高了平时分的占比，让那次突击小测决定你的分数，懒狗被彻底制裁。\n\n看钉群上大家都夸赞老师好捞，结果一看自己绩点，只感觉脑子“嗡”地一声......属实被3.0的绩点拉入了深渊。不说了，我要去跳启真湖了，谁都别拦我。
171917,9392,马丽,2023-04-12 12:32:38,0,1,1,明天做实验了 马丽之神啊 赐我一台良好的仪器
191185,9392,马丽,2024-04-11 03:04:08,1,2,1,我愿称之为药学院本科生实验的神！马老师一次次救我们的药综实验于水火之中，耐心教导，尽心尽责。关键是：你就算实验失败了也不会骂你，还叫你“孩子们”“宝宝”，教你怎么做成功。她真的，我哭死｡°(°¯᷄◠¯᷅°)°｡
220304,9392,马丽,2025-06-17 08:02:05,0,0,0,但是嗓门有点大
173418,9393,杨慧蓉,2023-05-24 01:20:49,-10,1,11,很温和的老师
175625,9393,杨慧蓉,2023-06-26 02:52:56,1,3,2,给分还行，就老师本人来说一般
175649,9393,杨慧蓉,2023-06-26 04:36:06,0,0,0,老师有时候讲话有点难听，但是给分还是很好了，感觉很捞
179022,9393,杨慧蓉,2023-08-22 15:34:36,4,6,2,药训讲课内容名不副实，名为“心理建设”，结果反倒讲了一堆药院现在的各种成就与药院优秀学生的故事，简直又是一节形策课，鸟用没有乱耗时间，还收手机，还点名，个人感觉很糟糕。我觉得这部分真应该改成科研职业道德与生命教育，做一些个体而非整体层面的道德建设。另外几乎同样的内容还没zxn老师讲得有趣
181823,9393,杨慧蓉,2023-11-02 00:43:29,3,4,1,sb东西，每周留八百字作文，去*吧
182208,9393,杨慧蓉,2023-11-12 14:29:38,0,0,0,真的吐啦
200639,9393,杨慧蓉,2024-10-20 12:46:43,2,2,0,上课念个ppt都念不明白，还tm拖堂，不是你配吗我请问了呃呃
208790,9553,徐腾飞,2025-01-02 02:49:05,1,3,2,上课每次都穿得很板正哈哈哈
214497,9553,徐腾飞,2025-02-09 13:10:17,3,5,2,包男神的，脾气又好，给分也不错
216250,9553,徐腾飞,2025-03-12 16:31:11,0,3,3,性格比卡皮巴拉稳定
216253,9553,徐腾飞,2025-03-12 16:42:54,2,4,2,青椒天花板懂不懂啊
216255,9553,徐腾飞,2025-03-12 17:07:02,1,3,2,非常好老师，使我的pre旋转。
216256,9553,徐腾飞,2025-03-12 17:09:33,3,5,2,老师很随和，药综实验方案的自主性很强，有想法老师也会鼓励做，有问题也会很认真地解答
218720,9553,徐腾飞,2025-04-29 12:39:30,2,2,0,这也要刷好评，这大厦避风了吧。
218721,9553,徐腾飞,2025-04-29 12:49:17,0,1,1,不是这也要刷好评？课题组里面几个普信男真的服了，跟邪教一样。一天天脑子很有病一样成天pua自己还乐在其中。
220254,9553,徐腾飞,2025-06-17 00:34:05,0,0,0,中药所比较正常的老师
219283,9627,罗利华,2025-05-24 06:41:50,1,1,0,比较温柔的女老师，上课讲的比较清楚
179353,10155,王秋铭,2023-09-12 15:46:57,5,5,0,关心同学，脾气也好
179396,10155,王秋铭,2023-09-14 10:59:01,7,7,0,好耶，好温柔的男老师
179453,10155,王秋铭,2023-09-16 06:23:35,4,4,0,关心同学，脾气超好
179550,10155,王秋铭,2023-09-18 06:21:08,4,4,0,人生第一个满绩，我哭
180230,10155,王秋铭,2023-09-20 15:50:15,2,2,0,真的好好啊
180231,10155,王秋铭,2023-09-20 15:49:03,2,2,0,超爱秋铭哥~简直就是温柔的化身，就算偶尔发脾气也感觉hin温柔！真的是很为我们着想的老师，最后也非常努力地在捞我们！超级无敌好！！！（再说一句，自创的口号喊法超级可爱~~）
199496,10155,王秋铭,2024-09-24 13:59:21,0,0,0,好！很温柔的男老师
